assets/RAT_results/precipitation/2016-12-01_IMERG.asc
ncols        46
nrows        77
xllcorner    74.800261325624
yllcorner    8.058333333333
cellsize     0.062500000000
NODATA_value -9999
 0 0 0 0 0 0 0 0 1 1 0 0 0 0 0 0 0 0 0 0 0 0 0 0 0 0 0 0 0 2 3 3 2 2 1 1 1 0 1 1 1 1 1 2 2 3
 0 0 0 0 0 0 1 1 1 1 0 0 0 0 0 0 0 0 0 0 0 0 0 0 0 0 0 0 0 0 5 5 1 1 1 2 2 2 1 1 2 2 3 4 4 3
 0 0 0 0 0 0 1 1 1 1 0 0 0 0 0 0 0 0 0 0 0 0 0 0 0 0 0 0 0 0 5 5 1 1 1 2 2 2 1 1 2 2 3 4 4 3
 0 0 0 0 0 2 0 0 0 0 0 0 0 0 0 0 0 0 0 0 0 0 0 0 0 0 0 0 0 1 0 0 2 2 2 2 2 1 4 4 2 2 3 3 3 3
 0 0 0 0 0 2 0 0 1 1 1 0 0 0 0 0 0 0 2 0 0 0 0 0 0 0 0 0 0 3 2 2 1 1 1 1 1 3 6 6 5 5 2 4 4 3
 0 0 0 0 0 2 0 0 1 1 1 0 0 0 0 0 0 0 2 0 0 0 0 0 0 0 0 0 0 3 2 2 1 1 1 1 1 3 6 6 5 5 2 4 4 3
 0 0 0 0 0 2 1 1 1 1 1 0 0 0 0 0 0 0 1 1 1 0 0 0 0 0 0 0 0 3 2 2 1 1 0 2 2 6 6 6 3 3 1 5 5 3
 0 0 0 0 0 2 1 1 1 1 1 0 0 0 0 0 0 0 1 1 1 0 0 0 0 0 0 0 0 3 2 2 1 1 0 2 2 6 6 6 3 3 1 5 5 3
 0 0 0 2 2 1 1 1 1 1 1 0 0 0 0 0 0 0 0 0 0 1 0 0 0 0 0 1 1 1 0 0 1 1 2 3 3 4 7 7 4 4 1 2 2 1
 0 0 0 3 3 1 1 1 1 1 1 4 4 4 1 1 1 1 0 0 0 0 1 1 1 1 1 0 0 2 0 0 1 1 2 4 4 4 3 3 2 2 2 2 2 3
 0 0 0 3 3 1 1 1 1 1 1 4 4 4 1 1 1 1 0 0 0 0 1 1 1 1 1 0 0 2 0 0 1 1 2 4 4 4 3 3 2 2 2 2 2 3
 0 0 0 0 0 0 0 0 1 1 0 0 0 2 0 0 1 1 0 2 2 1 0 0 2 2 0 1 1 1 2 2 2 2 2 3 3 4 3 3 2 2 1 2 2 4
 0 0 0 0 0 0 0 0 1 1 0 0 0 2 2 2 2 2 3 2 2 1 2 2 3 3 1 2 2 1 5 5 0 0 2 4 4 4 2 2 1 1 2 3 3 4
 0 0 0 0 0 0 0 0 1 1 0 0 0 2 2 2 2 2 3 2 2 1 2 2 3 3 1 2 2 1 5 5 0 0 2 4 4 4 2 2 1 1 2 3 3 4
 0 0 0 0 0 0 0 0 0 0 1 1 1 2 1 1 3 3 4 3 3 2 2 2 2 2 1 2 2 2 1 1 0 0 1 2 2 3 4 4 2 2 2 3 3 4
 0 0 0 0 0 0 0 0 0 0 1 1 1 2 1 1 3 3 4 3 3 2 2 2 2 2 1 2 2 2 1 1 0 0 1 2 2 3 4 4 2 2 2 3 3 4
 0 0 0 0 0 0 0 0 1 1 1 1 1 4 2 2 5 5 6 4 4 3 3 3 3 3 2 2 2 1 1 1 0 0 1 2 2 3 4 4 3 3 2 3 3 5
 0 0 0 0 0 1 1 1 2 2 2 3 3 3 4 4 5 5 5 5 5 3 5 5 3 3 4 5 5 1 1 1 1 1 1 3 3 5 4 4 3 3 3 4 4 5
 0 0 0 0 0 1 1 1 2 2 2 3 3 3 4 4 5 5 5 5 5 3 5 5 3 3 4 5 5 1 1 1 1 1 1 3 3 5 4 4 3 3 3 4 4 5
 0 0 0 1 1 1 1 1 1 1 2 2 2 2 4 4 2 2 3 5 5 3 4 4 4 4 4 4 4 2 1 1 1 1 1 3 3 4 4 4 4 4 3 4 4 4
 0 0 0 0 0 0 0 0 1 1 1 2 2 3 2 2 2 2 3 4 4 6 6 6 4 4 5 5 5 3 3 3 3 3 3 4 4 6 7 7 9 9 5 5 5 6
 0 0 0 0 0 0 0 0 1 1 1 2 2 3 2 2 2 2 3 4 4 6 6 6 4 4 5 5 5 3 3 3 3 3 3 4 4 6 7 7 9 9 5 5 5 6
 0 0 0 0 0 0 0 0 0 0 1 3 3 5 2 2 4 4 6 6 6 6 6 6 4 4 4 4 4 5 4 4 5 5 5 5 5 7 8 8 10 10 8 7 7 5
 0 0 0 0 0 0 0 0 0 0 1 3 3 5 2 2 4 4 6 6 6 6 6 6 4 4 4 4 4 5 4 4 5 5 5 5 5 7 8 8 10 10 8 7 7 5
 0 0 0 0 0 0 0 0 0 0 1 2 2 3 3 3 4 4 9 7 7 9 9 9 4 4 4 5 5 5 5 5 5 5 5 5 5 6 10 10 9 9 10 9 9 7
 0 0 0 0 0 0 1 1 1 1 1 2 2 4 3 3 4 4 6 10 10 9 7 7 5 5 5 7 7 6 8 8 8 8 7 8 8 7 8 8 11 11 13 7 7 9
 0 0 0 0 0 0 1 1 1 1 1 2 2 4 3 3 4 4 6 10 10 9 7 7 5 5 5 7 7 6 8 8 8 8 7 8 8 7 8 8 11 11 13 7 7 9
 0 0 0 0 0 2 0 0 1 1 1 1 1 4 4 4 6 6 8 13 13 14 10 10 11 11 9 11 11 8 7 7 9 9 9 10 10 9 8 8 10 10 13 8 8 8
 0 0 0 1 1 2 0 0 0 0 0 2 2 2 4 4 7 7 9 12 12 19 13 13 12 12 18 15 15 13 15 15 9 9 10 13 13 19 11 11 12 12 11 10 10 14
 0 0 0 1 1 2 0 0 0 0 0 2 2 2 4 4 7 7 9 12 12 19 13 13 12 12 18 15 15 13 15 15 9 9 10 13 13 19 11 11 12 12 11 10 10 14
 0 0 0 0 0 1 0 0 1 1 1 1 1 3 6 6 6 6 8 14 14 16 17 17 11 11 12 13 13 10 12 12 16 16 12 17 17 21 13 13 13 13 15 17 17 18
 0 0 0 0 0 1 0 0 1 1 1 1 1 3 6 6 6 6 8 14 14 16 17 17 11 11 12 13 13 10 12 12 16 16 12 17 17 21 13 13 13 13 15 17 17 18
 1 1 1 1 1 1 1 1 1 1 4 5 5 5 7 7 12 12 14 12 12 14 16 16 11 11 14 9 9 10 15 15 17 17 18 17 17 19 14 14 13 13 16 18 18 26
 1 1 0 1 1 1 1 1 1 1 2 9 9 11 18 18 18 18 12 8 8 9 13 13 9 9 16 13 13 16 20 20 24 24 25 17 17 11 13 13 19 19 23 22 22 50
 1 1 0 1 1 1 1 1 1 1 2 9 9 11 18 18 18 18 12 8 8 9 13 13 9 9 16 13 13 16 20 20 24 24 25 17 17 11 13 13 19 19 23 22 22 50
 1 1 0 0 0 1 1 1 1 1 1 6 6 10 17 17 15 15 16 9 9 9 7 7 14 14 13 15 15 13 21 21 26 26 22 22 22 13 18 18 20 20 27 31 31 28
 1 1 1 0 0 0 1 1 1 1 1 7 7 11 16 16 20 20 8 7 7 8 10 10 10 10 17 15 15 17 25 25 30 30 21 22 22 20 20 20 21 21 23 50 50 31
 1 1 1 0 0 0 1 1 1 1 1 7 7 11 16 16 20 20 8 7 7 8 10 10 10 10 17 15 15 17 25 25 30 30 21 22 22 20 20 20 21 21 23 50 50 31
 1 1 1 0 0 0 1 1 1 1 1 4 4 4 9 9 9 9 8 13 13 13 12 12 16 16 17 27 27 27 29 29 32 32 25 25 25 28 28 28 21 21 45 44 44 32
 1 1 1 0 0 0 1 1 1 1 1 4 4 4 9 9 9 9 8 13 13 13 12 12 16 16 17 27 27 27 29 29 32 32 25 25 25 28 28 28 21 21 45 44 44 32
 1 1 0 1 1 1 1 1 1 1 1 1 1 3 8 8 8 8 6 18 18 10 21 21 17 17 47 20 20 22 30 30 28 28 37 31 31 22 29 29 37 37 41 36 36 27
 1 1 0 1 1 1 1 1 1 1 1 2 2 3 5 5 4 4 3 3 3 7 23 23 25 25 19 16 16 16 16 16 26 26 29 24 24 30 44 44 31 31 42 28 28 31
 1 1 0 1 1 1 1 1 1 1 1 2 2 3 5 5 4 4 3 3 3 7 23 23 25 25 19 16 16 16 16 16 26 26 29 24 24 30 44 44 31 31 42 28 28 31
 1 1 1 1 1 1 1 1 2 2 1 2 2 5 6 6 6 6 5 9 9 9 14 14 18 18 22 13 13 16 13 13 25 25 23 25 25 43 63 63 38 38 31 31 31 23
 0 0 0 1 1 1 3 3 3 3 2 3 3 4 5 5 7 7 7 6 6 8 18 18 18 18 22 17 17 13 12 12 15 15 24 20 20 33 75 75 39 39 25 22 22 23
 0 0 0 1 1 1 3 3 3 3 2 3 3 4 5 5 7 7 7 6 6 8 18 18 18 18 22 17 17 13 12 12 15 15 24 20 20 33 75 75 39 39 25 22 22 23
 1 1 1 1 1 2 3 3 3 3 2 13 13 11 9 9 5 5 8 9 9 8 11 11 16 16 15 20 20 12 15 15 13 13 19 19 19 26 40 40 25 25 20 26 26 20
 1 1 1 1 1 2 3 3 3 3 2 13 13 11 9 9 5 5 8 9 9 8 11 11 16 16 15 20 20 12 15 15 13 13 19 19 19 26 40 40 25 25 20 26 26 20
 1 1 1 1 1 1 2 2 2 2 2 2 2 2 4 4 12 12 23 22 22 14 13 13 17 17 16 12 12 13 17 17 18 18 22 37 37 28 29 29 29 29 52 24 24 22
 1 1 1 1 1 1 1 1 2 2 5 2 2 5 7 7 17 17 20 26 26 29 11 11 10 10 18 15 15 18 24 24 30 30 23 20 20 23 27 27 27 27 26 41 41 24
 1 1 1 1 1 1 1 1 2 2 5 2 2 5 7 7 17 17 20 26 26 29 11 11 10 10 18 15 15 18 24 24 30 30 23 20 20 23 27 27 27 27 26 41 41 24
 1 1 1 1 1 1 0 0 0 0 1 10 10 19 8 8 11 11 14 21 21 8 10 10 10 10 14 18 18 18 46 46 20 20 19 26 26 24 21 21 23 23 35 20 20 22
 1 1 1 1 1 1 0 0 0 0 7 7 7 9 8 8 7 7 6 18 18 24 20 20 8 8 23 27 27 25 49 49 20 20 20 19 19 28 27 27 25 25 23 20 20 28
 1 1 1 1 1 1 0 0 0 0 7 7 7 9 8 8 7 7 6 18 18 24 20 20 8 8 23 27 27 25 49 49 20 20 20 19 19 28 27 27 25 25 23 20 20 28
 1 1 3 3 3 1 1 1 1 1 3 9 9 10 25 25 12 12 6 7 7 8 8 8 10 10 22 15 15 45 21 21 31 31 20 22 22 31 27 27 27 27 23 18 18 22
 1 1 3 3 3 1 1 1 1 1 3 9 9 10 25 25 12 12 6 7 7 8 8 8 10 10 22 15 15 45 21 21 31 31 20 22 22 31 27 27 27 27 23 18 18 22
 1 1 3 4 4 4 5 5 7 7 8 13 13 14 11 11 17 17 17 11 11 5 8 8 11 11 28 18 18 30 17 17 17 17 48 27 27 30 25 25 27 27 21 16 16 21
 2 2 2 3 3 5 5 5 6 6 7 7 7 10 10 10 14 14 20 27 27 13 16 16 13 13 14 10 10 15 16 16 52 52 16 17 17 21 22 22 25 25 27 21 21 18
 2 2 2 3 3 5 5 5 6 6 7 7 7 10 10 10 14 14 20 27 27 13 16 16 13 13 14 10 10 15 16 16 52 52 16 17 17 21 22 22 25 25 27 21 21 18
 3 3 5 5 5 7 6 6 7 7 7 6 6 10 9 9 11 11 9 11 11 9 8 8 35 35 10 25 25 10 13 13 13 13 12 16 16 20 18 18 22 22 19 15 15 12
 3 3 4 4 4 3 1 1 2 2 8 6 6 7 8 8 9 9 8 9 9 10 11 11 8 8 12 50 50 14 24 24 16 16 14 13 13 22 17 17 19 19 14 9 9 10
 3 3 4 4 4 3 1 1 2 2 8 6 6 7 8 8 9 9 8 9 9 10 11 11 8 8 12 50 50 14 24 24 16 16 14 13 13 22 17 17 19 19 14 9 9 10
 2 2 3 2 2 2 2 2 6 6 4 3 3 5 7 7 12 12 8 9 9 5 13 13 10 10 9 12 12 10 7 7 11 11 9 13 13 12 13 13 15 15 15 6 6 8
 2 2 3 2 2 2 2 2 6 6 4 3 3 5 7 7 12 12 8 9 9 5 13 13 10 10 9 12 12 10 7 7 11 11 9 13 13 12 13 13 15 15 15 6 6 8
 5 5 4 3 3 2 3 3 3 3 3 4 4 5 9 9 9 9 12 12 12 9 10 10 9 9 12 13 13 11 17 17 6 6 5 4 4 12 14 14 11 11 4 7 7 7
 5 5 4 3 3 3 2 2 3 3 3 5 5 3 6 6 7 7 11 14 14 9 9 9 9 9 7 6 6 6 5 5 7 7 7 7 7 5 9 9 8 8 6 6 6 4
 5 5 4 3 3 3 2 2 3 3 3 5 5 3 6 6 7 7 11 14 14 9 9 9 9 9 7 6 6 6 5 5 7 7 7 7 7 5 9 9 8 8 6 6 6 4
 5 5 4 4 4 3 2 2 2 2 2 6 6 5 6 6 6 6 7 8 8 6 8 8 9 9 11 5 5 5 9 9 10 10 5 6 6 5 10 10 10 10 2 2 2 2
 5 5 5 4 4 3 3 3 3 3 2 6 6 5 5 5 2 2 5 4 4 4 3 3 4 4 6 6 6 8 13 13 20 20 14 6 6 1 5 5 7 7 5 4 4 56
 5 5 5 4 4 3 3 3 3 3 2 6 6 5 5 5 2 2 5 4 4 4 3 3 4 4 6 6 6 8 13 13 20 20 14 6 6 1 5 5 7 7 5 4 4 56
 5 5 5 3 3 3 5 5 5 5 3 5 5 2 2 2 3 3 4 2 2 2 3 3 3 3 5 8 8 10 6 6 7 7 7 5 5 1 1 1 1 1 4 17 17 1
 5 5 5 3 3 3 5 5 5 5 3 5 5 2 2 2 3 3 4 2 2 2 3 3 3 3 5 8 8 10 6 6 7 7 7 5 5 1 1 1 1 1 4 17 17 1
 5 5 4 4 4 6 5 5 5 5 4 4 4 2 3 3 2 2 4 3 3 9 6 6 4 4 6 5 5 9 9 9 5 5 8 10 10 2 3 3 2 2 2 3 3 12
 4 4 4 5 5 6 6 6 5 5 10 6 6 4 3 3 2 2 5 5 5 4 2 2 4 4 5 5 5 5 6 6 9 9 5 6 6 8 6 6 1 1 11 3 3 3
 4 4 4 5 5 6 6 6 5 5 10 6 6 4 3 3 2 2 5 5 5 4 2 2 4 4 5 5 5 5 6 6 9 9 5 6 6 8 6 6 1 1 11 3 3 3
 3 3 4 5 5 6 6 6 4 4 9 14 14 6 6 6 5 5 3 9 9 5 2 2 4 4 3 7 7 6 4 4 9 9 9 9 9 10 10 10 2 2 7 52 52 5
 4 4 4 5 5 3 4 4 5 5 7 7 7 3 5 5 6 6 4 6 6 4 10 10 3 3 14 13 13 10 6 6 6 6 7 2 2 6 13 13 6 6 11 3 3 8
