assets/RAT_results/precipitation/2016-08-30_IMERG.asc
ncols        46
nrows        77
xllcorner    74.800261325624
yllcorner    8.058333333333
cellsize     0.062500000000
NODATA_value -9999
 9 9 14 11 11 5 5 5 8 8 6 7 7 5 6 6 6 6 8 13 13 14 17 17 22 22 50 42 42 44 44 44 37 37 30 24 24 14 7 7 13 13 12 24 24 11
 10 10 10 11 11 18 9 9 10 10 10 9 9 5 8 8 8 8 11 10 10 18 20 20 27 27 33 43 43 60 69 69 49 49 42 27 27 19 8 8 8 8 7 19 19 26
 10 10 10 11 11 18 9 9 10 10 10 9 9 5 8 8 8 8 11 10 10 18 20 20 27 27 33 43 43 60 69 69 49 49 42 27 27 19 8 8 8 8 7 19 19 26
 9 9 10 13 13 15 9 9 6 6 8 6 6 8 5 5 5 5 6 9 9 18 17 17 32 32 36 42 42 45 42 42 51 51 47 25 25 24 33 33 8 8 3 23 23 37
 7 7 14 12 12 10 13 13 17 17 5 6 6 13 5 5 4 4 6 7 7 10 11 11 20 20 35 36 36 35 38 38 34 34 27 26 26 27 28 28 21 21 14 10 10 15
 7 7 14 12 12 10 13 13 17 17 5 6 6 13 5 5 4 4 6 7 7 10 11 11 20 20 35 36 36 35 38 38 34 34 27 26 26 27 28 28 21 21 14 10 10 15
 11 11 12 16 16 27 5 5 6 6 5 4 4 12 7 7 3 3 4 5 5 3 3 3 8 8 13 23 23 38 26 26 24 24 29 28 28 22 13 13 28 28 19 13 13 10
 11 11 12 16 16 27 5 5 6 6 5 4 4 12 7 7 3 3 4 5 5 3 3 3 8 8 13 23 23 38 26 26 24 24 29 28 28 22 13 13 28 28 19 13 13 10
 13 13 9 12 12 10 5 5 3 3 4 3 3 4 2 2 2 2 2 2 2 2 2 2 5 5 8 11 11 22 13 13 13 13 32 13 13 15 14 14 15 15 14 14 14 10
 19 19 12 16 16 12 14 14 8 8 4 4 4 5 5 5 3 3 2 1 1 2 1 1 1 1 4 3 3 4 7 7 11 11 23 21 21 13 13 13 12 12 15 18 18 9
 19 19 12 16 16 12 14 14 8 8 4 4 4 5 5 5 3 3 2 1 1 2 1 1 1 1 4 3 3 4 7 7 11 11 23 21 21 13 13 13 12 12 15 18 18 9
 32 32 39 23 23 15 13 13 14 14 11 5 5 9 10 10 6 6 1 1 1 1 2 2 2 2 2 1 1 1 3 3 2 2 4 6 6 11 6 6 14 14 18 18 18 14
 35 35 34 31 31 23 23 23 13 13 44 16 16 16 16 16 16 16 10 2 2 2 3 3 3 3 2 2 2 2 2 2 3 3 3 5 5 4 6 6 10 10 17 16 16 13
 35 35 34 31 31 23 23 23 13 13 44 16 16 16 16 16 16 16 10 2 2 2 3 3 3 3 2 2 2 2 2 2 3 3 3 5 5 4 6 6 10 10 17 16 16 13
 38 38 22 30 30 26 28 28 34 34 35 27 27 26 28 28 20 20 12 8 8 6 5 5 9 9 3 2 2 2 2 2 3 3 3 4 4 3 6 6 9 9 12 12 12 18
 38 38 22 30 30 26 28 28 34 34 35 27 27 26 28 28 20 20 12 8 8 6 5 5 9 9 3 2 2 2 2 2 3 3 3 4 4 3 6 6 9 9 12 12 12 18
 41 41 35 22 22 28 22 22 41 41 38 39 39 59 32 32 31 31 13 11 11 10 3 3 5 5 7 4 4 3 2 2 3 3 3 4 4 3 6 6 6 6 8 10 10 17
 54 54 29 26 26 25 52 52 45 45 46 59 59 42 36 36 28 28 16 22 22 15 4 4 6 6 8 1 1 2 2 2 3 3 3 3 3 3 4 4 6 6 7 32 32 5
 54 54 29 26 26 25 52 52 45 45 46 59 59 42 36 36 28 28 16 22 22 15 4 4 6 6 8 1 1 2 2 2 3 3 3 3 3 3 4 4 6 6 7 32 32 5
 49 49 50 22 22 19 15 15 16 16 36 47 47 65 32 32 31 31 20 15 15 22 22 22 9 9 7 4 4 2 1 1 4 4 4 4 4 5 5 5 6 6 5 8 8 2
 40 40 37 23 23 24 20 20 15 15 26 31 31 31 34 34 31 31 57 20 20 22 17 17 16 16 8 5 5 4 3 3 3 3 5 6 6 5 6 6 12 12 8 4 4 2
 40 40 37 23 23 24 20 20 15 15 26 31 31 31 34 34 31 31 57 20 20 22 17 17 16 16 8 5 5 4 3 3 3 3 5 6 6 5 6 6 12 12 8 4 4 2
 31 31 35 51 51 22 34 34 22 22 34 20 20 33 29 29 33 33 31 21 21 20 23 23 15 15 5 5 5 5 8 8 5 5 6 7 7 7 9 9 7 7 6 11 11 11
 31 31 35 51 51 22 34 34 22 22 34 20 20 33 29 29 33 33 31 21 21 20 23 23 15 15 5 5 5 5 8 8 5 5 6 7 7 7 9 9 7 7 6 11 11 11
 30 30 27 33 33 24 25 25 25 25 19 34 34 40 25 25 33 33 27 15 15 16 14 14 10 10 5 5 5 7 10 10 12 12 7 8 8 7 7 7 9 9 9 10 10 12
 21 21 19 17 17 13 14 14 15 15 16 17 17 19 18 18 23 23 18 10 10 15 7 7 6 6 4 6 6 7 6 6 8 8 8 9 9 8 8 8 8 8 9 11 11 12
 21 21 19 17 17 13 14 14 15 15 16 17 17 19 18 18 23 23 18 10 10 15 7 7 6 6 4 6 6 7 6 6 8 8 8 9 9 8 8 8 8 8 9 11 11 12
 15 15 19 20 20 14 34 34 10 10 9 7 7 17 8 8 13 13 10 11 11 17 8 8 37 37 3 2 2 5 5 5 5 5 7 10 10 5 5 5 7 7 6 8 8 11
 14 14 11 12 12 12 19 19 15 15 12 8 8 9 25 25 13 13 10 11 11 11 9 9 7 7 5 4 4 1 1 1 4 4 2 8 8 3 4 4 7 7 7 2 2 8
 14 14 11 12 12 12 19 19 15 15 12 8 8 9 25 25 13 13 10 11 11 11 9 9 7 7 5 4 4 1 1 1 4 4 2 8 8 3 4 4 7 7 7 2 2 8
 18 18 12 17 17 13 11 11 9 9 12 9 9 7 4 4 10 10 22 8 8 9 13 13 14 14 12 2 2 1 1 1 2 2 2 3 3 2 2 2 2 2 2 2 2 2
 18 18 12 17 17 13 11 11 9 9 12 9 9 7 4 4 10 10 22 8 8 9 13 13 14 14 12 2 2 1 1 1 2 2 2 3 3 2 2 2 2 2 2 2 2 2
 11 11 13 14 14 12 9 9 20 20 5 8 8 8 7 7 18 18 11 14 14 6 7 7 12 12 14 9 9 7 2 2 1 1 1 1 1 1 2 2 3 3 2 3 3 1
 12 12 14 10 10 9 9 9 10 10 7 8 8 7 5 5 4 4 20 12 12 8 9 9 17 17 12 9 9 12 5 5 2 2 2 1 1 2 1 1 2 2 2 2 2 1
 12 12 14 10 10 9 9 9 10 10 7 8 8 7 5 5 4 4 20 12 12 8 9 9 17 17 12 9 9 12 5 5 2 2 2 1 1 2 1 1 2 2 2 2 2 1
 18 18 16 10 10 6 8 8 7 7 8 8 8 6 4 4 5 5 11 7 7 11 10 10 6 6 8 15 15 7 6 6 2 2 3 2 2 1 1 1 2 2 1 2 2 1
 24 24 21 12 12 8 6 6 6 6 8 6 6 4 3 3 3 3 4 9 9 12 19 19 5 5 5 10 10 16 8 8 3 3 4 7 7 3 3 3 3 3 1 1 1 1
 24 24 21 12 12 8 6 6 6 6 8 6 6 4 3 3 3 3 4 9 9 12 19 19 5 5 5 10 10 16 8 8 3 3 4 7 7 3 3 3 3 3 1 1 1 1
 65 65 33 14 14 10 6 6 6 6 7 7 7 5 5 5 3 3 9 11 11 10 17 17 9 9 5 9 9 6 7 7 4 4 5 3 3 5 6 6 5 5 15 2 2 2
 65 65 33 14 14 10 6 6 6 6 7 7 7 5 5 5 3 3 9 11 11 10 17 17 9 9 5 9 9 6 7 7 4 4 5 3 3 5 6 6 5 5 15 2 2 2
 35 35 22 11 11 17 7 7 9 9 6 6 6 7 4 4 5 5 11 9 9 18 11 11 17 17 7 20 20 11 13 13 15 15 3 7 7 6 9 9 6 6 16 11 11 15
 31 31 34 12 12 23 9 9 9 9 9 9 9 8 19 19 9 9 15 10 10 24 9 9 5 5 8 21 21 22 16 16 13 13 14 15 15 15 9 9 13 13 14 17 17 18
 31 31 34 12 12 23 9 9 9 9 9 9 9 8 19 19 9 9 15 10 10 24 9 9 5 5 8 21 21 22 16 16 13 13 14 15 15 15 9 9 13 13 14 17 17 18
 13 13 9 13 13 19 17 17 9 9 12 9 9 6 17 17 8 8 30 16 16 19 11 11 12 12 19 10 10 18 16 16 10 10 14 14 14 14 9 9 13 13 14 27 27 15
 11 11 8 18 18 10 7 7 9 9 7 7 7 17 25 25 5 5 6 19 19 14 33 33 16 16 13 7 7 23 16 16 14 14 17 9 9 5 19 19 12 12 8 11 11 8
 11 11 8 18 18 10 7 7 9 9 7 7 7 17 25 25 5 5 6 19 19 14 33 33 16 16 13 7 7 23 16 16 14 14 17 9 9 5 19 19 12 12 8 11 11 8
 10 10 10 12 12 20 7 7 14 14 19 12 12 6 7 7 6 6 8 12 12 8 27 27 13 13 5 13 13 19 23 23 17 17 11 9 9 7 7 7 5 5 6 6 6 5
 10 10 10 12 12 20 7 7 14 14 19 12 12 6 7 7 6 6 8 12 12 8 27 27 13 13 5 13 13 19 23 23 17 17 11 9 9 7 7 7 5 5 6 6 6 5
 12 12 8 7 7 12 10 10 7 7 9 6 6 6 6 6 9 9 5 7 7 4 5 5 9 9 6 9 9 13 26 26 16 16 12 10 10 7 4 4 3 3 2 2 2 4
 10 10 9 6 6 6 10 10 9 9 9 9 9 6 7 7 3 3 5 5 5 6 6 6 7 7 7 7 7 8 13 13 13 13 8 8 8 6 2 2 8 8 4 3 3 3
 10 10 9 6 6 6 10 10 9 9 9 9 9 6 7 7 3 3 5 5 5 6 6 6 7 7 7 7 7 8 13 13 13 13 8 8 8 6 2 2 8 8 4 3 3 3
 6 6 5 9 9 5 7 7 8 8 7 7 7 5 6 6 2 2 2 2 2 5 7 7 18 18 14 10 10 13 13 13 5 5 11 8 8 7 3 3 3 3 4 2 2 3
 5 5 6 5 5 6 10 10 7 7 11 15 15 4 4 4 4 4 3 3 3 7 6 6 18 18 20 12 12 7 9 9 7 7 15 8 8 5 2 2 3 3 4 5 5 2
 5 5 6 5 5 6 10 10 7 7 11 15 15 4 4 4 4 4 3 3 3 7 6 6 18 18 20 12 12 7 9 9 7 7 15 8 8 5 2 2 3 3 4 5 5 2
 6 6 6 7 7 7 5 5 10 10 6 4 4 17 7 7 4 4 4 2 2 2 5 5 5 5 11 13 13 8 11 11 11 11 8 5 5 4 2 2 3 3 4 5 5 1
 6 6 6 7 7 7 5 5 10 10 6 4 4 17 7 7 4 4 4 2 2 2 5 5 5 5 11 13 13 8 11 11 11 11 8 5 5 4 2 2 3 3 4 5 5 1
 10 10 8 15 15 9 7 7 6 6 6 7 7 8 7 7 8 8 4 3 3 1 6 6 5 5 5 6 6 10 7 7 6 6 8 2 2 4 6 6 3 3 8 4 4 5
 34 34 6 9 9 10 8 8 6 6 8 10 10 9 8 8 8 8 6 3 3 1 8 8 3 3 7 3 3 3 6 6 2 2 2 3 3 7 3 3 4 4 4 2 2 0
 34 34 6 9 9 10 8 8 6 6 8 10 10 9 8 8 8 8 6 3 3 1 8 8 3 3 7 3 3 3 6 6 2 2 2 3 3 7 3 3 4 4 4 2 2 0
 15 15 5 6 6 9 10 10 7 7 11 9 9 10 7 7 6 6 4 0 0 4 4 4 5 5 6 4 4 2 3 3 3 3 3 8 8 3 4 4 4 4 4 3 3 2
 15 15 13 14 14 10 7 7 15 15 10 10 10 10 13 13 5 5 4 1 1 1 4 4 3 3 2 5 5 3 5 5 3 3 2 3 3 1 2 2 3 3 2 2 2 1
 15 15 13 14 14 10 7 7 15 15 10 10 10 10 13 13 5 5 4 1 1 1 4 4 3 3 2 5 5 3 5 5 3 3 2 3 3 1 2 2 3 3 2 2 2 1
 10 10 14 14 14 14 12 12 16 16 12 10 10 10 11 11 6 6 6 2 2 1 1 1 3 3 4 4 4 5 4 4 4 4 3 3 3 3 3 3 5 5 7 3 3 1
 10 10 14 14 14 14 12 12 16 16 12 10 10 10 11 11 6 6 6 2 2 1 1 1 3 3 4 4 4 5 4 4 4 4 3 3 3 3 3 3 5 5 7 3 3 1
 13 13 7 6 6 8 9 9 15 15 11 13 13 11 9 9 5 5 4 2 2 1 1 1 2 2 3 2 2 5 2 2 3 3 2 2 2 1 4 4 6 6 4 4 4 2
 7 7 7 4 4 8 6 6 7 7 9 10 10 12 8 8 6 6 4 4 4 1 1 1 1 1 2 2 2 5 10 10 3 3 3 1 1 1 1 1 3 3 0 3 3 3
 7 7 7 4 4 8 6 6 7 7 9 10 10 12 8 8 6 6 4 4 4 1 1 1 1 1 2 2 2 5 10 10 3 3 3 1 1 1 1 1 3 3 0 3 3 3
 16 16 8 8 8 9 5 5 5 5 9 8 8 10 10 10 4 4 3 2 2 2 2 2 3 3 2 3 3 3 5 5 7 7 3 1 1 1 1 1 1 1 1 1 1 1
 11 11 22 8 8 8 3 3 2 2 8 7 7 10 7 7 7 7 3 3 3 2 2 2 1 1 3 2 2 3 2 2 7 7 3 1 1 0 1 1 1 1 0 0 0 0
 11 11 22 8 8 8 3 3 2 2 8 7 7 10 7 7 7 7 3 3 3 2 2 2 1 1 3 2 2 3 2 2 7 7 3 1 1 0 1 1 1 1 0 0 0 0
 9 9 25 9 9 8 4 4 3 3 8 7 7 6 7 7 7 7 6 5 5 3 3 3 3 3 6 5 5 4 3 3 2 2 5 2 2 1 1 1 1 1 2 1 1 0
 9 9 25 9 9 8 4 4 3 3 8 7 7 6 7 7 7 7 6 5 5 3 3 3 3 3 6 5 5 4 3 3 2 2 5 2 2 1 1 1 1 1 2 1 1 0
 12 12 19 8 8 13 8 8 4 4 4 5 5 5 6 6 16 16 5 3 3 2 3 3 3 3 5 11 11 5 1 1 2 2 3 12 12 1 1 1 0 0 0 1 1 0
 7 7 13 10 10 11 14 14 7 7 4 5 5 8 9 9 7 7 6 3 3 3 1 1 3 3 5 5 5 4 5 5 2 2 3 3 3 4 3 3 4 4 2 0 0 0
 7 7 13 10 10 11 14 14 7 7 4 5 5 8 9 9 7 7 6 3 3 3 1 1 3 3 5 5 5 4 5 5 2 2 3 3 3 4 3 3 4 4 2 0 0 0
 7 7 7 10 10 12 20 20 18 18 9 18 18 8 6 6 8 8 9 5 5 4 4 4 2 2 2 6 6 6 5 5 7 7 4 2 2 2 3 3 4 4 3 1 1 1
 13 13 15 6 6 8 20 20 22 22 20 18 18 16 7 7 9 9 7 8 8 6 4 4 4 4 1 3 3 3 5 5 2 2 1 2 2 2 2 2 3 3 4 2 2 1
