assets/RAT_results/precipitation/2016-08-24_IMERG.asc
ncols        46
nrows        77
xllcorner    74.800261325624
yllcorner    8.058333333333
cellsize     0.062500000000
NODATA_value -9999
 12 12 16 15 15 11 14 14 12 12 6 2 2 5 1 1 2 2 0 0 0 0 0 0 0 0 0 0 0 0 3 3 0 0 0 0 0 0 0 0 0 0 0 0 0 0
 15 15 21 24 24 16 10 10 4 4 10 8 8 5 2 2 0 0 1 0 0 0 0 0 0 0 0 0 0 0 0 0 0 0 0 0 0 0 0 0 0 0 0 0 0 0
 15 15 21 24 24 16 10 10 4 4 10 8 8 5 2 2 0 0 1 0 0 0 0 0 0 0 0 0 0 0 0 0 0 0 0 0 0 0 0 0 0 0 0 0 0 0
 17 17 13 8 8 5 4 4 1 1 2 1 1 5 3 3 0 0 0 0 0 0 0 0 0 0 0 0 0 0 0 0 0 0 0 0 0 0 0 0 0 0 0 0 0 0
 7 7 9 9 9 10 2 2 0 0 2 0 0 2 0 0 2 2 3 1 1 1 0 0 0 0 0 0 0 0 0 0 0 0 0 0 0 0 0 0 0 0 0 0 0 0
 7 7 9 9 9 10 2 2 0 0 2 0 0 2 0 0 2 2 3 1 1 1 0 0 0 0 0 0 0 0 0 0 0 0 0 0 0 0 0 0 0 0 0 0 0 0
 1 1 2 3 3 4 1 1 2 2 0 0 0 0 1 1 0 0 0 1 1 1 0 0 0 0 0 0 0 0 0 0 0 0 0 0 0 0 0 0 0 0 0 0 0 0
 1 1 2 3 3 4 1 1 2 2 0 0 0 0 1 1 0 0 0 1 1 1 0 0 0 0 0 0 0 0 0 0 0 0 0 0 0 0 0 0 0 0 0 0 0 0
 1 1 2 6 6 3 1 1 0 0 1 2 2 3 1 1 0 0 0 0 0 0 0 0 0 0 0 0 0 2 1 1 1 1 1 0 0 0 0 0 0 0 0 0 0 0
 2 2 2 3 3 6 1 1 0 0 0 0 0 0 1 1 0 0 1 0 0 0 0 0 0 0 0 0 0 0 0 0 1 1 0 0 0 1 1 1 1 1 1 0 0 0
 2 2 2 3 3 6 1 1 0 0 0 0 0 0 1 1 0 0 1 0 0 0 0 0 0 0 0 0 0 0 0 0 1 1 0 0 0 1 1 1 1 1 1 0 0 0
 3 3 1 2 2 2 3 3 1 1 0 0 0 0 1 1 2 2 1 0 0 0 0 0 0 0 0 1 1 0 0 0 0 0 0 0 0 0 1 1 1 1 1 1 1 1
 4 4 3 3 3 2 3 3 2 2 1 1 1 1 0 0 3 3 6 3 3 0 0 0 0 0 0 0 0 0 0 0 0 0 0 0 0 0 0 0 0 0 1 1 1 1
 4 4 3 3 3 2 3 3 2 2 1 1 1 1 0 0 3 3 6 3 3 0 0 0 0 0 0 0 0 0 0 0 0 0 0 0 0 0 0 0 0 0 1 1 1 1
 2 2 5 5 5 1 2 2 3 3 1 1 1 1 1 1 0 0 1 0 0 0 0 0 0 0 1 0 0 0 0 0 0 0 0 0 0 0 0 0 0 0 0 0 0 0
 2 2 5 5 5 1 2 2 3 3 1 1 1 1 1 1 0 0 1 0 0 0 0 0 0 0 1 0 0 0 0 0 0 0 0 0 0 0 0 0 0 0 0 0 0 0
 3 3 2 3 3 3 1 1 2 2 4 0 0 0 0 0 0 0 0 0 0 0 0 0 0 0 0 0 0 0 0 0 0 0 0 0 0 0 0 0 0 0 0 0 0 0
 2 2 2 1 1 3 1 1 1 1 3 2 2 0 0 0 3 3 6 6 6 0 0 0 0 0 0 0 0 0 0 0 0 0 0 0 0 0 0 0 0 0 0 0 0 0
 2 2 2 1 1 3 1 1 1 1 3 2 2 0 0 0 3 3 6 6 6 0 0 0 0 0 0 0 0 0 0 0 0 0 0 0 0 0 0 0 0 0 0 0 0 0
 0 0 0 1 1 1 1 1 2 2 2 3 3 1 0 0 0 0 0 3 3 0 0 0 0 0 0 1 1 0 0 0 0 0 0 0 0 0 1 1 1 1 0 0 0 1
 0 0 1 1 1 0 1 1 2 2 2 3 3 1 2 2 0 0 1 0 0 2 0 0 0 0 2 1 1 1 3 3 2 2 0 0 0 0 1 1 1 1 0 1 1 1
 0 0 1 1 1 0 1 1 2 2 2 3 3 1 2 2 0 0 1 0 0 2 0 0 0 0 2 1 1 1 3 3 2 2 0 0 0 0 1 1 1 1 0 1 1 1
 0 0 0 1 1 0 1 1 0 0 0 1 1 3 2 2 0 0 7 0 0 1 0 0 0 0 0 2 2 3 3 3 4 4 4 1 1 1 1 1 0 0 0 0 0 1
 0 0 0 1 1 0 1 1 0 0 0 1 1 3 2 2 0 0 7 0 0 1 0 0 0 0 0 2 2 3 3 3 4 4 4 1 1 1 1 1 0 0 0 0 0 1
 0 0 0 0 0 0 0 0 1 1 2 1 1 5 4 4 1 1 0 1 1 0 0 0 0 0 0 1 1 4 2 2 4 4 1 0 0 0 1 1 1 1 1 0 0 1
 0 0 0 0 0 0 1 1 1 1 0 1 1 1 4 4 2 2 0 4 4 0 0 0 0 0 0 2 2 4 1 1 0 0 1 1 1 0 0 0 0 0 0 0 0 0
 0 0 0 0 0 0 1 1 1 1 0 1 1 1 4 4 2 2 0 4 4 0 0 0 0 0 0 2 2 4 1 1 0 0 1 1 1 0 0 0 0 0 0 0 0 0
 0 0 0 0 0 0 0 0 0 0 1 2 2 1 3 3 6 6 1 0 0 0 0 0 0 0 0 1 1 1 1 1 0 0 0 0 0 0 0 0 0 0 0 1 1 0
 0 0 0 0 0 0 0 0 0 0 0 0 0 3 1 1 4 4 2 0 0 0 0 0 0 0 0 0 0 0 0 0 0 0 0 0 0 0 0 0 0 0 0 0 0 0
 0 0 0 0 0 0 0 0 0 0 0 0 0 3 1 1 4 4 2 0 0 0 0 0 0 0 0 0 0 0 0 0 0 0 0 0 0 0 0 0 0 0 0 0 0 0
 0 0 0 0 0 0 0 0 0 0 1 0 0 2 1 1 3 3 3 0 0 0 1 1 0 0 0 0 0 0 0 0 0 0 0 0 0 0 0 0 0 0 0 0 0 0
 0 0 0 0 0 0 0 0 0 0 1 0 0 2 1 1 3 3 3 0 0 0 1 1 0 0 0 0 0 0 0 0 0 0 0 0 0 0 0 0 0 0 0 0 0 0
 0 0 0 0 0 0 0 0 0 0 0 0 0 2 1 1 3 3 3 1 1 0 1 1 0 0 0 0 0 0 0 0 0 0 0 0 0 0 0 0 0 0 0 0 0 0
 0 0 1 0 0 0 0 0 1 1 1 0 0 0 1 1 1 1 2 3 3 3 2 2 0 0 0 6 6 0 0 0 0 0 0 0 0 0 0 0 0 0 0 0 0 0
 0 0 1 0 0 0 0 0 1 1 1 0 0 0 1 1 1 1 2 3 3 3 2 2 0 0 0 6 6 0 0 0 0 0 0 0 0 0 0 0 0 0 0 0 0 0
 0 0 0 5 5 3 0 0 1 1 0 0 0 0 0 0 0 0 2 2 2 2 1 1 0 0 0 0 0 0 0 0 1 1 1 0 0 0 0 0 0 0 0 0 0 0
 0 0 1 1 1 3 1 1 1 1 0 0 0 0 1 1 1 1 1 2 2 2 1 1 0 0 0 1 1 0 0 0 1 1 0 0 0 0 0 0 0 0 0 0 0 0
 0 0 1 1 1 3 1 1 1 1 0 0 0 0 1 1 1 1 1 2 2 2 1 1 0 0 0 1 1 0 0 0 1 1 0 0 0 0 0 0 0 0 0 0 0 0
 1 1 1 1 1 2 1 1 2 2 1 1 1 0 0 0 1 1 1 2 2 3 3 3 1 1 0 1 1 0 1 1 0 0 0 7 7 1 0 0 0 0 0 0 0 0
 1 1 1 1 1 2 1 1 2 2 1 1 1 0 0 0 1 1 1 2 2 3 3 3 1 1 0 1 1 0 1 1 0 0 0 7 7 1 0 0 0 0 0 0 0 0
 2 2 1 2 2 2 3 3 11 11 2 1 1 1 0 0 4 4 1 2 2 1 2 2 0 0 1 0 0 0 0 0 2 2 3 3 3 5 0 0 0 0 1 0 0 1
 2 2 4 3 3 3 3 3 6 6 4 2 2 0 1 1 1 1 3 2 2 2 4 4 1 1 1 1 1 1 4 4 4 4 2 3 3 4 1 1 1 1 1 2 2 1
 2 2 4 3 3 3 3 3 6 6 4 2 2 0 1 1 1 1 3 2 2 2 4 4 1 1 1 1 1 1 4 4 4 4 2 3 3 4 1 1 1 1 1 2 2 1
 2 2 2 3 3 3 14 14 5 5 3 3 3 2 0 0 1 1 0 2 2 2 10 10 2 2 0 0 0 0 1 1 0 0 1 1 1 6 4 4 3 3 2 2 2 1
 3 3 5 5 5 7 4 4 6 6 3 3 3 2 0 0 0 0 0 4 4 3 10 10 8 8 9 1 1 0 1 1 3 3 5 1 1 5 3 3 0 0 0 0 0 0
 3 3 5 5 5 7 4 4 6 6 3 3 3 2 0 0 0 0 0 4 4 3 10 10 8 8 9 1 1 0 1 1 3 3 5 1 1 5 3 3 0 0 0 0 0 0
 3 3 6 8 8 5 6 6 6 6 5 5 5 3 1 1 0 0 2 2 2 1 2 2 7 7 10 6 6 6 2 2 0 0 0 1 1 1 0 0 0 0 0 0 0 0
 3 3 6 8 8 5 6 6 6 6 5 5 5 3 1 1 0 0 2 2 2 1 2 2 7 7 10 6 6 6 2 2 0 0 0 1 1 1 0 0 0 0 0 0 0 0
 3 3 7 8 8 11 11 11 10 10 8 10 10 4 1 1 0 0 2 2 2 3 5 5 10 10 14 11 11 9 7 7 6 6 5 0 0 0 0 0 0 0 0 0 0 0
 5 5 11 12 12 13 15 15 13 13 12 13 13 6 6 6 1 1 0 0 0 2 1 1 9 9 11 10 10 10 7 7 7 7 12 1 1 0 0 0 0 0 0 1 1 0
 5 5 11 12 12 13 15 15 13 13 12 13 13 6 6 6 1 1 0 0 0 2 1 1 9 9 11 10 10 10 7 7 7 7 12 1 1 0 0 0 0 0 0 1 1 0
 10 10 20 13 13 17 19 19 14 14 11 12 12 8 11 11 9 9 3 0 0 2 1 1 12 12 16 16 16 11 9 9 1 1 8 1 1 0 0 0 0 0 0 0 0 0
 29 29 36 15 15 22 16 16 15 15 16 14 14 11 12 12 16 16 8 0 0 0 0 0 4 4 9 11 11 7 11 11 7 7 3 0 0 0 1 1 0 0 0 0 0 0
 29 29 36 15 15 22 16 16 15 15 16 14 14 11 12 12 16 16 8 0 0 0 0 0 4 4 9 11 11 7 11 11 7 7 3 0 0 0 1 1 0 0 0 0 0 0
 34 34 50 37 37 20 14 14 17 17 18 14 14 10 8 8 11 11 8 3 3 1 3 3 2 2 9 9 9 7 9 9 5 5 1 3 3 0 0 0 0 0 0 1 1 0
 34 34 50 37 37 20 14 14 17 17 18 14 14 10 8 8 11 11 8 3 3 1 3 3 2 2 9 9 9 7 9 9 5 5 1 3 3 0 0 0 0 0 0 1 1 0
 25 25 40 43 43 23 16 16 20 20 26 18 18 11 8 8 14 14 10 10 10 7 2 2 4 4 10 13 13 15 14 14 11 11 5 7 7 2 1 1 0 0 0 0 0 0
 15 15 29 31 31 22 18 18 27 27 30 25 25 12 9 9 14 14 8 7 7 8 5 5 2 2 5 13 13 17 32 32 22 22 14 5 5 3 1 1 0 0 0 0 0 0
 15 15 29 31 31 22 18 18 27 27 30 25 25 12 9 9 14 14 8 7 7 8 5 5 2 2 5 13 13 17 32 32 22 22 14 5 5 3 1 1 0 0 0 0 0 0
 8 8 16 21 21 15 18 18 27 27 18 17 17 12 8 8 11 11 9 3 3 5 6 6 6 6 7 14 14 32 35 35 32 32 14 7 7 1 0 0 0 0 0 0 0 0
 8 8 11 12 12 10 11 11 12 12 10 9 9 9 7 7 6 6 5 4 4 3 11 11 7 7 4 5 5 10 15 15 35 35 14 8 8 7 0 0 0 0 0 0 0 0
 8 8 11 12 12 10 11 11 12 12 10 9 9 9 7 7 6 6 5 4 4 3 11 11 7 7 4 5 5 10 15 15 35 35 14 8 8 7 0 0 0 0 0 0 0 0
 10 10 9 5 5 5 9 9 11 11 6 6 6 7 7 7 6 6 3 2 2 2 11 11 6 6 5 6 6 10 8 8 11 11 11 15 15 8 0 0 0 0 0 0 0 0
 10 10 9 5 5 5 9 9 11 11 6 6 6 7 7 7 6 6 3 2 2 2 11 11 6 6 5 6 6 10 8 8 11 11 11 15 15 8 0 0 0 0 0 0 0 0
 6 6 7 4 4 5 9 9 8 8 5 5 5 5 5 5 2 2 2 2 2 1 4 4 3 3 3 4 4 6 12 12 13 13 24 14 14 12 4 4 0 0 0 0 0 0
 4 4 4 3 3 5 7 7 6 6 5 5 5 9 3 3 1 1 1 1 1 0 0 0 1 1 2 4 4 3 10 10 10 10 10 20 20 16 4 4 3 3 0 0 0 0
 4 4 4 3 3 5 7 7 6 6 5 5 5 9 3 3 1 1 1 1 1 0 0 0 1 1 2 4 4 3 10 10 10 10 10 20 20 16 4 4 3 3 0 0 0 0
 2 2 2 3 3 5 5 5 6 6 6 5 5 4 4 4 3 3 1 0 0 0 0 0 0 0 1 4 4 1 3 3 6 6 10 16 16 34 13 13 1 1 1 0 0 0
 3 3 3 3 3 6 8 8 12 12 12 10 10 11 15 15 1 1 2 0 0 0 0 0 0 0 0 1 1 1 1 1 3 3 5 7 7 12 14 14 3 3 2 0 0 0
 3 3 3 3 3 6 8 8 12 12 12 10 10 11 15 15 1 1 2 0 0 0 0 0 0 0 0 1 1 1 1 1 3 3 5 7 7 12 14 14 3 3 2 0 0 0
 6 6 6 5 5 7 8 8 8 8 13 12 12 12 14 14 15 15 13 16 16 14 19 19 0 0 0 0 0 0 1 1 1 1 8 5 5 5 4 4 4 4 2 0 0 1
 6 6 6 5 5 7 8 8 8 8 13 12 12 12 14 14 15 15 13 16 16 14 19 19 0 0 0 0 0 0 1 1 1 1 8 5 5 5 4 4 4 4 2 0 0 1
 10 10 9 11 11 11 12 12 7 7 7 12 12 19 25 25 29 29 29 21 21 19 22 22 19 19 18 1 1 0 0 0 2 2 3 2 2 4 4 4 3 3 3 0 0 0
 9 9 13 12 12 32 19 19 15 15 10 9 9 21 31 31 39 39 40 54 54 61 56 56 52 52 50 37 37 4 1 1 1 1 1 2 2 0 0 0 1 1 1 0 0 0
 9 9 13 12 12 32 19 19 15 15 10 9 9 21 31 31 39 39 40 54 54 61 56 56 52 52 50 37 37 4 1 1 1 1 1 2 2 0 0 0 1 1 1 0 0 0
 9 9 16 21 21 27 17 17 13 13 16 11 11 21 39 39 46 46 85 79 79 147 61 61 55 55 57 47 47 39 18 18 10 10 8 0 0 1 1 1 1 1 0 0 0 1
 13 13 17 18 18 28 20 20 22 22 19 15 15 12 22 22 24 24 64 65 65 145 140 140 101 101 61 59 59 42 28 28 17 17 8 1 1 1 1 1 1 1 1 1 1 0
