assets/RAT_results/precipitation/2016-11-04_IMERG.asc
ncols        46
nrows        77
xllcorner    74.800261325624
yllcorner    8.058333333333
cellsize     0.062500000000
NODATA_value -9999
 0 0 0 0 0 0 0 0 0 0 0 0 0 0 0 0 0 0 0 0 0 0 0 0 0 0 0 0 0 0 0 0 0 0 0 0 0 0 0 0 0 0 0 0 0 0
 0 0 0 0 0 0 0 0 0 0 0 0 0 0 0 0 0 0 0 0 0 0 0 0 0 0 0 0 0 0 0 0 0 0 0 0 0 0 0 0 0 0 0 0 0 0
 0 0 0 0 0 0 0 0 0 0 0 0 0 0 0 0 0 0 0 0 0 0 0 0 0 0 0 0 0 0 0 0 0 0 0 0 0 0 0 0 0 0 0 0 0 0
 0 0 0 0 0 0 0 0 0 0 0 1 1 0 1 1 0 0 0 0 0 0 0 0 0 0 0 0 0 0 0 0 0 0 0 0 0 0 0 0 0 0 0 0 0 0
 0 0 0 0 0 0 0 0 1 1 1 1 1 1 0 0 0 0 0 0 0 0 0 0 0 0 0 0 0 0 0 0 0 0 0 0 0 0 0 0 0 0 0 0 0 0
 0 0 0 0 0 0 0 0 1 1 1 1 1 1 0 0 0 0 0 0 0 0 0 0 0 0 0 0 0 0 0 0 0 0 0 0 0 0 0 0 0 0 0 0 0 0
 0 0 0 0 0 0 0 0 1 1 3 3 3 2 1 1 0 0 0 0 0 0 0 0 0 0 0 0 0 0 0 0 0 0 0 0 0 0 0 0 0 0 0 0 0 0
 0 0 0 0 0 0 0 0 1 1 3 3 3 2 1 1 0 0 0 0 0 0 0 0 0 0 0 0 0 0 0 0 0 0 0 0 0 0 0 0 0 0 0 0 0 0
 0 0 0 1 1 0 0 0 1 1 4 4 4 4 2 2 1 1 0 0 0 1 1 1 0 0 0 0 0 0 0 0 0 0 0 0 0 0 0 0 0 0 0 0 0 0
 0 0 0 0 0 0 0 0 1 1 4 5 5 5 3 3 2 2 0 0 0 2 2 2 1 1 0 0 0 0 0 0 0 0 0 0 0 0 0 0 0 0 0 0 0 0
 0 0 0 0 0 0 0 0 1 1 4 5 5 5 3 3 2 2 0 0 0 2 2 2 1 1 0 0 0 0 0 0 0 0 0 0 0 0 0 0 0 0 0 0 0 0
 0 0 0 0 0 0 0 0 0 0 1 3 3 4 2 2 1 1 0 0 0 2 5 5 2 2 0 0 0 0 0 0 0 0 0 0 0 0 0 0 0 0 0 0 0 0
 0 0 0 0 0 1 0 0 0 0 0 1 1 2 1 1 0 0 0 0 0 1 2 2 1 1 0 0 0 0 0 0 0 0 0 0 0 0 0 0 0 0 0 0 0 0
 0 0 0 0 0 1 0 0 0 0 0 1 1 2 1 1 0 0 0 0 0 1 2 2 1 1 0 0 0 0 0 0 0 0 0 0 0 0 0 0 0 0 0 0 0 0
 0 0 0 0 0 1 0 0 0 0 1 0 0 0 0 0 0 0 0 0 0 0 1 1 0 0 0 0 0 0 0 0 0 0 0 0 0 0 0 0 0 0 0 0 0 0
 0 0 0 0 0 1 0 0 0 0 1 0 0 0 0 0 0 0 0 0 0 0 1 1 0 0 0 0 0 0 0 0 0 0 0 0 0 0 0 0 0 0 0 0 0 0
 2 2 1 0 0 0 0 0 1 1 0 0 0 0 0 0 0 0 0 0 0 0 0 0 0 0 0 0 0 0 0 0 0 0 0 0 0 1 0 0 0 0 0 0 0 0
 6 6 2 0 0 0 0 0 1 1 1 0 0 0 0 0 0 0 0 0 0 0 0 0 0 0 0 0 0 0 0 0 0 0 0 0 0 1 0 0 0 0 0 0 0 0
 6 6 2 0 0 0 0 0 1 1 1 0 0 0 0 0 0 0 0 0 0 0 0 0 0 0 0 0 0 0 0 0 0 0 0 0 0 1 0 0 0 0 0 0 0 0
 1 1 3 0 0 1 2 2 2 2 1 1 1 0 0 0 0 0 0 0 0 0 0 0 0 0 0 0 0 0 0 0 0 0 0 1 1 1 0 0 0 0 0 0 0 0
 3 3 1 0 0 1 2 2 2 2 1 1 1 1 0 0 0 0 0 0 0 0 0 0 0 0 0 0 0 0 0 0 0 0 0 0 0 0 0 0 0 0 0 0 0 0
 3 3 1 0 0 1 2 2 2 2 1 1 1 1 0 0 0 0 0 0 0 0 0 0 0 0 0 0 0 0 0 0 0 0 0 0 0 0 0 0 0 0 0 0 0 0
 2 2 3 0 0 1 4 4 1 1 0 1 1 1 0 0 0 0 0 0 0 0 0 0 0 0 0 0 0 0 0 0 0 0 0 0 0 0 0 0 0 0 0 0 0 0
 2 2 3 0 0 1 4 4 1 1 0 1 1 1 0 0 0 0 0 0 0 0 0 0 0 0 0 0 0 0 0 0 0 0 0 0 0 0 0 0 0 0 0 0 0 0
 3 3 8 3 3 2 2 2 1 1 1 1 1 1 1 1 0 0 0 0 0 0 0 0 0 0 0 0 0 1 0 0 0 0 0 0 0 0 1 1 0 0 0 0 0 0
 10 10 9 8 8 11 1 1 1 1 1 2 2 1 1 1 0 0 0 0 0 0 0 0 0 0 0 1 1 1 0 0 0 0 0 0 0 0 0 0 0 0 0 0 0 0
 10 10 9 8 8 11 1 1 1 1 1 2 2 1 1 1 0 0 0 0 0 0 0 0 0 0 0 1 1 1 0 0 0 0 0 0 0 0 0 0 0 0 0 0 0 0
 10 10 13 15 15 10 7 7 5 5 4 4 4 2 0 0 1 1 0 0 0 0 0 0 0 0 0 1 1 0 0 0 0 0 0 0 0 0 0 0 0 0 0 0 0 0
 11 11 12 15 15 13 12 12 8 8 9 3 3 3 0 0 1 1 1 0 0 0 0 0 1 1 0 0 0 0 0 0 0 0 0 0 0 0 0 0 0 0 0 0 0 0
 11 11 12 15 15 13 12 12 8 8 9 3 3 3 0 0 1 1 1 0 0 0 0 0 1 1 0 0 0 0 0 0 0 0 0 0 0 0 0 0 0 0 0 0 0 0
 13 13 19 15 15 16 13 13 10 10 7 3 3 4 1 1 1 1 2 1 1 1 1 1 1 1 1 1 1 0 0 0 0 0 0 0 0 0 0 0 0 0 0 0 0 0
 13 13 19 15 15 16 13 13 10 10 7 3 3 4 1 1 1 1 2 1 1 1 1 1 1 1 1 1 1 0 0 0 0 0 0 0 0 0 0 0 0 0 0 0 0 0
 7 7 9 16 16 13 8 8 9 9 11 7 7 1 4 4 5 5 5 1 1 2 1 1 1 1 6 6 6 8 1 1 0 0 0 0 0 0 0 0 0 0 0 0 0 0
 5 5 17 8 8 6 4 4 7 7 5 1 1 1 1 1 0 0 0 1 1 1 3 3 0 0 4 9 9 9 1 1 0 0 1 0 0 0 0 0 0 0 0 0 0 0
 5 5 17 8 8 6 4 4 7 7 5 1 1 1 1 1 0 0 0 1 1 1 3 3 0 0 4 9 9 9 1 1 0 0 1 0 0 0 0 0 0 0 0 0 0 0
 5 5 9 6 6 3 3 3 2 2 1 1 1 2 2 2 0 0 1 2 2 0 0 0 0 0 2 11 11 4 4 4 0 0 0 0 0 0 0 0 0 0 0 1 1 3
 3 3 2 1 1 5 3 3 3 3 1 2 2 2 2 2 0 0 0 1 1 1 0 0 9 9 3 6 6 3 2 2 0 0 0 0 0 1 2 2 1 1 1 1 1 1
 3 3 2 1 1 5 3 3 3 3 1 2 2 2 2 2 0 0 0 1 1 1 0 0 9 9 3 6 6 3 2 2 0 0 0 0 0 1 2 2 1 1 1 1 1 1
 3 3 2 6 6 4 4 4 3 3 2 2 2 3 2 2 1 1 2 2 2 2 1 1 8 8 8 0 0 1 2 2 2 2 2 1 1 1 2 2 3 3 4 4 4 1
 3 3 2 6 6 4 4 4 3 3 2 2 2 3 2 2 1 1 2 2 2 2 1 1 8 8 8 0 0 1 2 2 2 2 2 1 1 1 2 2 3 3 4 4 4 1
 2 2 1 1 1 4 4 4 2 2 3 2 2 3 3 3 3 3 2 2 2 1 1 1 1 1 0 0 0 4 3 3 2 2 0 2 2 4 4 4 3 3 4 3 3 4
 2 2 1 1 1 1 3 3 3 3 5 11 11 8 2 2 4 4 1 1 1 3 2 2 3 3 1 2 2 3 3 3 3 3 3 4 4 4 3 3 3 3 5 4 4 3
 2 2 1 1 1 1 3 3 3 3 5 11 11 8 2 2 4 4 1 1 1 3 2 2 3 3 1 2 2 3 3 3 3 3 3 4 4 4 3 3 3 3 5 4 4 3
 3 3 3 2 2 1 1 1 3 3 3 9 9 19 4 4 8 8 7 2 2 10 2 2 5 5 2 3 3 2 3 3 3 3 1 1 1 4 4 4 5 5 7 5 5 5
 10 10 6 8 8 8 14 14 4 4 6 18 18 8 37 37 17 17 4 10 10 5 11 11 3 3 1 15 15 8 2 2 2 2 0 2 2 3 4 4 4 4 8 9 9 9
 10 10 6 8 8 8 14 14 4 4 6 18 18 8 37 37 17 17 4 10 10 5 11 11 3 3 1 15 15 8 2 2 2 2 0 2 2 3 4 4 4 4 8 9 9 9
 10 10 12 20 20 12 14 14 12 12 11 6 6 16 6 6 10 10 21 19 19 15 1 1 5 5 1 1 1 6 1 1 2 2 1 1 1 2 4 4 5 5 8 8 8 13
 10 10 12 20 20 12 14 14 12 12 11 6 6 16 6 6 10 10 21 19 19 15 1 1 5 5 1 1 1 6 1 1 2 2 1 1 1 2 4 4 5 5 8 8 8 13
 11 11 9 3 3 13 7 7 8 8 11 6 6 4 5 5 5 5 5 6 6 6 2 2 2 2 1 10 10 3 3 3 0 0 1 1 1 2 3 3 6 6 13 13 13 13
 7 7 6 4 4 1 5 5 5 5 5 3 3 3 5 5 8 8 10 1 1 4 5 5 2 2 2 21 21 16 3 3 0 0 1 2 2 3 7 7 6 6 7 13 13 16
 7 7 6 4 4 1 5 5 5 5 5 3 3 3 5 5 8 8 10 1 1 4 5 5 2 2 2 21 21 16 3 3 0 0 1 2 2 3 7 7 6 6 7 13 13 16
 4 4 3 2 2 1 5 5 1 1 2 2 2 4 4 4 7 7 6 3 3 1 6 6 7 7 9 11 11 8 3 3 1 1 1 2 2 3 4 4 6 6 8 16 16 14
 6 6 3 5 5 6 3 3 2 2 1 0 0 1 1 1 1 1 2 2 2 9 7 7 4 4 3 3 3 6 6 6 3 3 2 2 2 3 4 4 8 8 11 14 14 15
 6 6 3 5 5 6 3 3 2 2 1 0 0 1 1 1 1 1 2 2 2 9 7 7 4 4 3 3 3 6 6 6 3 3 2 2 2 3 4 4 8 8 11 14 14 15
 11 11 7 8 8 6 3 3 2 2 1 1 1 1 1 1 1 1 1 6 6 8 6 6 3 3 3 3 3 5 9 9 13 13 5 3 3 3 5 5 8 8 10 15 15 34
 11 11 7 8 8 6 3 3 2 2 1 1 1 1 1 1 1 1 1 6 6 8 6 6 3 3 3 3 3 5 9 9 13 13 5 3 3 3 5 5 8 8 10 15 15 34
 7 7 7 4 4 2 2 2 2 2 1 1 1 2 2 2 3 3 4 9 9 7 2 2 3 3 5 5 5 5 6 6 5 5 12 9 9 8 9 9 10 10 15 20 20 39
 3 3 4 4 4 3 2 2 1 1 2 1 1 1 3 3 4 4 7 9 9 16 14 14 18 18 10 7 7 8 16 16 15 15 12 8 8 8 12 12 10 10 15 22 22 35
 3 3 4 4 4 3 2 2 1 1 2 1 1 1 3 3 4 4 7 9 9 16 14 14 18 18 10 7 7 8 16 16 15 15 12 8 8 8 12 12 10 10 15 22 22 35
 2 2 3 5 5 6 5 5 1 1 3 2 2 2 3 3 3 3 4 5 5 17 14 14 4 4 11 10 10 10 20 20 19 19 12 10 10 15 12 12 10 10 10 15 15 30
 0 0 1 3 3 18 4 4 2 2 3 2 2 2 2 2 4 4 6 5 5 6 3 3 5 5 4 7 7 8 17 17 40 40 16 12 12 9 8 8 7 7 5 7 7 25
 0 0 1 3 3 18 4 4 2 2 3 2 2 2 2 2 4 4 6 5 5 6 3 3 5 5 4 7 7 8 17 17 40 40 16 12 12 9 8 8 7 7 5 7 7 25
 0 0 1 1 1 14 15 15 15 15 3 2 2 2 3 3 3 3 7 9 9 6 7 7 5 5 4 6 6 12 16 16 50 50 27 26 26 13 9 9 7 7 4 1 1 5
 0 0 1 1 1 14 15 15 15 15 3 2 2 2 3 3 3 3 7 9 9 6 7 7 5 5 4 6 6 12 16 16 50 50 27 26 26 13 9 9 7 7 4 1 1 5
 1 1 0 1 1 2 2 2 15 15 3 1 1 1 2 2 2 2 7 5 5 5 6 6 13 13 5 4 4 14 14 14 12 12 19 11 11 6 6 6 6 6 0 5 5 1
 0 0 0 1 1 1 1 1 1 1 3 1 1 1 1 1 1 1 2 7 7 3 5 5 7 7 5 6 6 10 11 11 12 12 28 23 23 12 11 11 8 8 3 10 10 5
 0 0 0 1 1 1 1 1 1 1 3 1 1 1 1 1 1 1 2 7 7 3 5 5 7 7 5 6 6 10 11 11 12 12 28 23 23 12 11 11 8 8 3 10 10 5
 0 0 1 2 2 3 1 1 1 1 0 1 1 1 1 1 1 1 3 3 3 4 3 3 2 2 3 5 5 6 10 10 14 14 11 13 13 7 6 6 9 9 10 13 13 6
 0 0 1 2 2 3 1 1 1 1 0 1 1 2 1 1 2 2 3 5 5 5 5 5 1 1 7 3 3 10 7 7 11 11 11 11 11 15 10 10 17 17 16 24 24 12
 0 0 1 2 2 3 1 1 1 1 0 1 1 2 1 1 2 2 3 5 5 5 5 5 1 1 7 3 3 10 7 7 11 11 11 11 11 15 10 10 17 17 16 24 24 12
 0 0 0 1 1 0 0 0 0 0 0 1 1 1 1 1 1 1 1 3 3 3 3 3 2 2 2 3 3 10 10 10 10 10 9 8 8 8 20 20 28 28 23 36 36 27
 0 0 0 1 1 0 0 0 0 0 0 1 1 1 1 1 1 1 1 3 3 3 3 3 2 2 2 3 3 10 10 10 10 10 9 8 8 8 20 20 28 28 23 36 36 27
 2 2 0 0 0 0 1 1 0 0 1 1 1 1 1 1 2 2 1 1 1 1 1 1 2 2 3 18 18 17 7 7 5 5 10 12 12 14 22 22 16 16 22 26 26 11
 0 0 2 0 0 1 4 4 3 3 0 0 0 1 1 1 1 1 0 1 1 1 7 7 5 5 4 6 6 6 6 6 8 8 8 9 9 17 11 11 14 14 7 8 8 7
 0 0 2 0 0 1 4 4 3 3 0 0 0 1 1 1 1 1 0 1 1 1 7 7 5 5 4 6 6 6 6 6 8 8 8 9 9 17 11 11 14 14 7 8 8 7
 0 0 0 0 0 1 1 1 1 1 1 0 0 1 1 1 1 1 1 4 4 4 6 6 5 5 11 10 10 7 2 2 7 7 29 7 7 10 7 7 8 8 6 4 4 4
 0 0 0 0 0 1 1 1 1 1 4 1 1 1 1 1 1 1 4 4 4 6 9 9 10 10 9 8 8 6 4 4 4 4 6 4 4 5 4 4 7 7 5 4 4 2
