assets/RAT_results/precipitation/2016-08-26_IMERG.asc
ncols        46
nrows        77
xllcorner    74.800261325624
yllcorner    8.058333333333
cellsize     0.062500000000
NODATA_value -9999
 21 21 14 7 7 1 1 1 1 1 8 5 5 5 9 9 13 13 4 2 2 3 5 5 11 11 8 6 6 7 4 4 0 0 7 1 1 1 1 1 1 1 1 2 2 1
 21 21 19 7 7 0 1 1 1 1 5 10 10 16 12 12 6 6 4 2 2 3 5 5 8 8 9 21 21 22 11 11 8 8 22 1 1 1 3 3 7 7 2 1 1 1
 21 21 19 7 7 0 1 1 1 1 5 10 10 16 12 12 6 6 4 2 2 3 5 5 8 8 9 21 21 22 11 11 8 8 22 1 1 1 3 3 7 7 2 1 1 1
 21 21 12 5 5 0 0 0 0 0 4 11 11 21 8 8 8 8 8 4 4 3 4 4 5 5 9 15 15 19 20 20 11 11 21 16 16 2 12 12 10 10 3 5 5 7
 18 18 10 10 10 3 5 5 5 5 2 7 7 8 4 4 6 6 3 3 3 4 4 4 10 10 5 10 10 17 17 17 12 12 14 12 12 11 15 15 7 7 10 10 10 8
 18 18 10 10 10 3 5 5 5 5 2 7 7 8 4 4 6 6 3 3 3 4 4 4 10 10 5 10 10 17 17 17 12 12 14 12 12 11 15 15 7 7 10 10 10 8
 24 24 13 13 13 8 7 7 9 9 17 1 1 2 4 4 4 4 4 2 2 2 1 1 3 3 2 8 8 8 10 10 12 12 21 29 29 28 22 22 13 13 8 14 14 10
 24 24 13 13 13 8 7 7 9 9 17 1 1 2 4 4 4 4 4 2 2 2 1 1 3 3 2 8 8 8 10 10 12 12 21 29 29 28 22 22 13 13 8 14 14 10
 17 17 13 19 19 17 10 10 10 10 17 5 5 6 3 3 4 4 2 2 2 2 1 1 1 1 1 1 1 7 7 7 12 12 14 15 15 16 9 9 18 18 15 16 16 23
 32 32 17 20 20 22 5 5 4 4 9 4 4 12 10 10 10 10 2 1 1 3 2 2 2 2 2 2 2 4 17 17 39 39 17 10 10 10 29 29 13 13 26 12 12 9
 32 32 17 20 20 22 5 5 4 4 9 4 4 12 10 10 10 10 2 1 1 3 2 2 2 2 2 2 2 4 17 17 39 39 17 10 10 10 29 29 13 13 26 12 12 9
 35 35 13 13 13 13 9 9 4 4 2 4 4 13 43 43 24 24 10 4 4 5 1 1 2 2 2 2 2 4 12 12 14 14 13 8 8 15 18 18 20 20 20 15 15 15
 15 15 14 13 13 12 10 10 5 5 2 4 4 8 12 12 17 17 18 18 18 1 1 1 1 1 1 6 6 10 7 7 9 9 15 9 9 12 26 26 33 33 37 25 25 32
 15 15 14 13 13 12 10 10 5 5 2 4 4 8 12 12 17 17 18 18 18 1 1 1 1 1 1 6 6 10 7 7 9 9 15 9 9 12 26 26 33 33 37 25 25 32
 12 12 8 7 7 4 6 6 7 7 4 12 12 4 16 16 14 14 13 9 9 4 3 3 2 2 1 3 3 5 10 10 13 13 20 20 20 18 17 17 30 30 38 43 43 28
 12 12 8 7 7 4 6 6 7 7 4 12 12 4 16 16 14 14 13 9 9 4 3 3 2 2 1 3 3 5 10 10 13 13 20 20 20 18 17 17 30 30 38 43 43 28
 17 17 13 5 5 2 4 4 5 5 7 4 4 3 7 7 2 2 5 5 5 2 2 2 2 2 2 4 4 5 8 8 17 17 24 29 29 28 38 38 30 30 25 44 44 47
 24 24 14 8 8 4 5 5 4 4 7 5 5 4 2 2 2 2 7 6 6 2 4 4 2 2 3 15 15 5 6 6 19 19 7 18 18 24 30 30 30 30 38 43 43 43
 24 24 14 8 8 4 5 5 4 4 7 5 5 4 2 2 2 2 7 6 6 2 4 4 2 2 3 15 15 5 6 6 19 19 7 18 18 24 30 30 30 30 38 43 43 43
 25 25 23 14 14 7 7 7 6 6 5 7 7 6 2 2 0 0 3 8 8 2 3 3 20 20 21 8 8 5 7 7 12 12 8 10 10 23 25 25 45 45 36 47 47 22
 30 30 21 10 10 7 6 6 4 4 4 6 6 6 4 4 4 4 3 6 6 13 9 9 10 10 12 6 6 10 7 7 17 17 20 23 23 32 23 23 34 34 21 14 14 14
 30 30 21 10 10 7 6 6 4 4 4 6 6 6 4 4 4 4 3 6 6 13 9 9 10 10 12 6 6 10 7 7 17 17 20 23 23 32 23 23 34 34 21 14 14 14
 18 18 22 10 10 8 6 6 2 2 2 2 2 6 6 6 1 1 4 11 11 12 26 26 13 13 9 13 13 24 14 14 20 20 36 25 25 25 28 28 26 26 19 20 20 17
 18 18 22 10 10 8 6 6 2 2 2 2 2 6 6 6 1 1 4 11 11 12 26 26 13 13 9 13 13 24 14 14 20 20 36 25 25 25 28 28 26 26 19 20 20 17
 13 13 18 12 12 9 3 3 3 3 3 4 4 6 5 5 3 3 2 12 12 12 21 21 7 7 8 27 27 28 12 12 19 19 21 19 19 22 20 20 29 29 22 29 29 36
 12 12 11 9 9 7 4 4 3 3 4 9 9 3 6 6 4 4 3 3 3 4 8 8 9 9 11 17 17 22 20 20 14 14 7 9 9 14 12 12 15 15 11 8 8 8
 12 12 11 9 9 7 4 4 3 3 4 9 9 3 6 6 4 4 3 3 3 4 8 8 9 9 11 17 17 22 20 20 14 14 7 9 9 14 12 12 15 15 11 8 8 8
 7 7 4 8 8 6 5 5 3 3 3 5 5 5 3 3 1 1 3 1 1 2 5 5 4 4 10 11 11 20 15 15 4 4 4 7 7 12 4 4 6 6 8 6 6 14
 4 4 3 5 5 6 4 4 2 2 1 4 4 3 2 2 5 5 1 1 1 0 3 3 8 8 3 8 8 10 8 8 9 9 5 4 4 5 15 15 7 7 8 7 7 6
 4 4 3 5 5 6 4 4 2 2 1 4 4 3 2 2 5 5 1 1 1 0 3 3 8 8 3 8 8 10 8 8 9 9 5 4 4 5 15 15 7 7 8 7 7 6
 4 4 4 6 6 7 3 3 2 2 1 2 2 1 2 2 5 5 4 4 4 1 1 1 1 1 2 1 1 3 12 12 18 18 2 6 6 2 4 4 4 4 7 11 11 9
 4 4 4 6 6 7 3 3 2 2 1 2 2 1 2 2 5 5 4 4 4 1 1 1 1 1 2 1 1 3 12 12 18 18 2 6 6 2 4 4 4 4 7 11 11 9
 6 6 5 5 5 6 4 4 1 1 1 1 1 1 1 1 2 2 4 1 1 0 2 2 8 8 0 3 3 1 1 1 3 3 2 2 2 2 4 4 4 4 8 13 13 6
 5 5 3 3 3 2 1 1 1 1 2 1 1 0 2 2 0 0 2 3 3 1 1 1 1 1 0 1 1 1 1 1 1 1 3 6 6 2 3 3 3 3 2 2 2 2
 5 5 3 3 3 2 1 1 1 1 2 1 1 0 2 2 0 0 2 3 3 1 1 1 1 1 0 1 1 1 1 1 1 1 3 6 6 2 3 3 3 3 2 2 2 2
 10 10 5 3 3 5 3 3 2 2 1 5 5 2 1 1 1 1 3 3 3 1 3 3 2 2 4 1 1 1 1 1 1 1 2 1 1 2 2 2 2 2 5 1 1 4
 9 9 9 6 6 8 6 6 9 9 2 2 2 2 1 1 1 1 2 3 3 3 2 2 1 1 1 1 1 1 0 0 1 1 0 1 1 0 1 1 1 1 1 2 2 2
 9 9 9 6 6 8 6 6 9 9 2 2 2 2 1 1 1 1 2 3 3 3 2 2 1 1 1 1 1 1 0 0 1 1 0 1 1 0 1 1 1 1 1 2 2 2
 18 18 12 11 11 12 15 15 13 13 6 2 2 2 2 2 1 1 2 4 4 5 3 3 1 1 1 0 0 0 4 4 1 1 2 1 1 1 1 1 1 1 2 2 2 2
 18 18 12 11 11 12 15 15 13 13 6 2 2 2 2 2 1 1 2 4 4 5 3 3 1 1 1 0 0 0 4 4 1 1 2 1 1 1 1 1 1 1 2 2 2 2
 21 21 14 20 20 16 18 18 17 17 13 13 13 1 2 2 2 2 3 4 4 4 3 3 2 2 1 1 1 1 10 10 10 10 4 15 15 7 5 5 2 2 7 12 12 14
 23 23 24 24 24 22 24 24 19 19 19 22 22 4 0 0 1 1 3 2 2 3 4 4 1 1 1 8 8 3 5 5 5 5 13 15 15 9 6 6 6 6 8 11 11 13
 23 23 24 24 24 22 24 24 19 19 19 22 22 4 0 0 1 1 3 2 2 3 4 4 1 1 1 8 8 3 5 5 5 5 13 15 15 9 6 6 6 6 8 11 11 13
 22 22 24 27 27 24 25 25 21 21 27 24 24 19 2 2 1 1 10 3 3 4 5 5 4 4 3 3 3 8 3 3 6 6 13 21 21 11 7 7 9 9 12 20 20 10
 22 22 28 28 28 23 23 23 25 25 29 29 29 7 7 7 5 5 2 2 2 2 6 6 7 7 3 4 4 2 2 2 8 8 21 16 16 14 7 7 6 6 8 13 13 7
 22 22 28 28 28 23 23 23 25 25 29 29 29 7 7 7 5 5 2 2 2 2 6 6 7 7 3 4 4 2 2 2 8 8 21 16 16 14 7 7 6 6 8 13 13 7
 24 24 28 31 31 25 25 25 26 26 29 27 27 25 9 9 5 5 4 6 6 4 4 4 11 11 2 3 3 2 4 4 9 9 8 14 14 10 8 8 4 4 4 3 3 2
 24 24 28 31 31 25 25 25 26 26 29 27 27 25 9 9 5 5 4 6 6 4 4 4 11 11 2 3 3 2 4 4 9 9 8 14 14 10 8 8 4 4 4 3 3 2
 22 22 25 25 25 22 32 32 21 21 27 29 29 24 22 22 10 10 11 10 10 9 7 7 10 10 4 3 3 5 5 5 6 6 4 7 7 11 4 4 4 4 3 3 3 2
 17 17 19 20 20 26 19 19 24 24 28 27 27 25 26 26 22 22 16 18 18 12 11 11 9 9 4 8 8 5 5 5 5 5 2 3 3 9 7 7 5 5 4 2 2 2
 17 17 19 20 20 26 19 19 24 24 28 27 27 25 26 26 22 22 16 18 18 12 11 11 9 9 4 8 8 5 5 5 5 5 2 3 3 9 7 7 5 5 4 2 2 2
 15 15 11 12 12 13 18 18 17 17 23 21 21 20 24 24 20 20 22 14 14 8 10 10 11 11 7 6 6 5 5 5 3 3 6 17 17 10 4 4 4 4 4 2 2 2
 6 6 6 6 6 13 9 9 11 11 16 14 14 13 13 13 12 12 16 10 10 4 6 6 9 9 9 8 8 5 4 4 4 4 9 19 19 9 5 5 5 5 6 3 3 2
 6 6 6 6 6 13 9 9 11 11 16 14 14 13 13 13 12 12 16 10 10 4 6 6 9 9 9 8 8 5 4 4 4 4 9 19 19 9 5 5 5 5 6 3 3 2
 9 9 5 10 10 11 16 16 11 11 12 11 11 10 5 5 7 7 9 4 4 2 4 4 6 6 12 14 14 4 6 6 3 3 7 6 6 11 8 8 8 8 5 2 2 2
 9 9 5 10 10 11 16 16 11 11 12 11 11 10 5 5 7 7 9 4 4 2 4 4 6 6 12 14 14 4 6 6 3 3 7 6 6 11 8 8 8 8 5 2 2 2
 14 14 3 15 15 18 18 18 6 6 7 10 10 6 9 9 6 6 7 2 2 2 3 3 7 7 7 11 11 7 5 5 4 4 4 8 8 11 13 13 14 14 7 2 2 2
 5 5 6 3 3 12 14 14 40 40 3 11 11 24 6 6 3 3 4 2 2 3 3 3 6 6 10 7 7 6 5 5 7 7 6 5 5 9 13 13 11 11 6 3 3 1
 5 5 6 3 3 12 14 14 40 40 3 11 11 24 6 6 3 3 4 2 2 3 3 3 6 6 10 7 7 6 5 5 7 7 6 5 5 9 13 13 11 11 6 3 3 1
 5 5 5 5 5 3 4 4 7 7 5 10 10 20 3 3 6 6 4 3 3 5 3 3 7 7 12 9 9 14 6 6 4 4 4 6 6 6 15 15 19 19 6 3 3 2
 5 5 3 4 4 9 11 11 3 3 10 10 10 8 13 13 4 4 5 4 4 10 3 3 7 7 6 11 11 14 13 13 13 13 4 4 4 4 19 19 15 15 4 1 1 1
 5 5 3 4 4 9 11 11 3 3 10 10 10 8 13 13 4 4 5 4 4 10 3 3 7 7 6 11 11 14 13 13 13 13 4 4 4 4 19 19 15 15 4 1 1 1
 6 6 4 6 6 7 4 4 3 3 2 6 6 7 10 10 16 16 11 6 6 4 2 2 2 2 6 9 9 8 8 8 7 7 4 3 3 5 3 3 3 3 2 0 0 1
 6 6 4 6 6 7 4 4 3 3 2 6 6 7 10 10 16 16 11 6 6 4 2 2 2 2 6 9 9 8 8 8 7 7 4 3 3 5 3 3 3 3 2 0 0 1
 6 6 4 4 4 2 2 2 3 3 5 6 6 13 10 10 7 7 9 6 6 3 2 2 3 3 7 5 5 7 5 5 2 2 2 1 1 1 3 3 7 7 4 0 0 0
 8 8 5 7 7 2 11 11 3 3 4 11 11 13 13 13 9 9 7 9 9 5 2 2 4 4 7 5 5 7 8 8 6 6 3 1 1 1 2 2 3 3 4 1 1 0
 8 8 5 7 7 2 11 11 3 3 4 11 11 13 13 13 9 9 7 9 9 5 2 2 4 4 7 5 5 7 8 8 6 6 3 1 1 1 2 2 3 3 4 1 1 0
 8 8 3 4 4 1 2 2 4 4 7 14 14 18 17 17 13 13 8 5 5 7 2 2 4 4 3 4 4 3 7 7 9 9 5 2 2 1 2 2 2 2 2 3 3 0
 5 5 4 7 7 4 2 2 5 5 6 10 10 15 26 26 16 16 8 8 8 9 4 4 7 7 4 2 2 9 5 5 9 9 5 6 6 3 3 3 3 3 3 2 2 4
 5 5 4 7 7 4 2 2 5 5 6 10 10 15 26 26 16 16 8 8 8 9 4 4 7 7 4 2 2 9 5 5 9 9 5 6 6 3 3 3 3 3 3 2 2 4
 4 4 4 3 3 5 3 3 6 6 23 7 7 11 16 16 10 10 8 9 9 11 10 10 11 11 6 3 3 3 7 7 5 5 7 6 6 3 4 4 3 3 5 4 4 6
 4 4 4 3 3 5 3 3 6 6 23 7 7 11 16 16 10 10 8 9 9 11 10 10 11 11 6 3 3 3 7 7 5 5 7 6 6 3 4 4 3 3 5 4 4 6
 6 6 8 5 5 9 8 8 21 21 21 8 8 18 12 12 9 9 7 8 8 9 12 12 12 12 9 9 9 8 7 7 7 7 7 6 6 4 8 8 1 1 4 3 3 4
 11 11 13 10 10 16 13 13 17 17 18 17 17 18 11 11 9 9 6 10 10 5 7 7 10 10 32 11 11 9 11 11 7 7 5 2 2 6 7 7 4 4 2 5 5 5
 11 11 13 10 10 16 13 13 17 17 18 17 17 18 11 11 9 9 6 10 10 5 7 7 10 10 32 11 11 9 11 11 7 7 5 2 2 6 7 7 4 4 2 5 5 5
 45 45 32 23 23 19 13 13 18 18 20 13 13 14 15 15 15 15 10 9 9 7 6 6 8 8 5 6 6 11 12 12 6 6 4 4 4 6 9 9 6 6 4 4 4 5
 46 46 45 35 35 17 33 33 19 19 21 11 11 13 14 14 17 17 9 9 9 6 6 6 6 6 3 3 3 8 11 11 7 7 2 4 4 6 6 6 3 3 10 5 5 1
