assets/RAT_results/precipitation/2016-11-02_IMERG.asc
ncols        46
nrows        77
xllcorner    74.800261325624
yllcorner    8.058333333333
cellsize     0.062500000000
NODATA_value -9999
 1 1 1 0 0 0 1 1 1 1 0 1 1 0 0 0 0 0 0 0 0 1 0 0 0 0 0 0 0 0 0 0 0 0 0 0 0 0 0 0 0 0 0 0 0 0
 1 1 0 1 1 0 0 0 0 0 0 0 0 1 1 1 0 0 0 0 0 0 0 0 0 0 0 0 0 0 0 0 0 0 0 0 0 0 0 0 0 0 0 0 0 0
 1 1 0 1 1 0 0 0 0 0 0 0 0 1 1 1 0 0 0 0 0 0 0 0 0 0 0 0 0 0 0 0 0 0 0 0 0 0 0 0 0 0 0 0 0 0
 1 1 1 0 0 0 0 0 0 0 0 0 0 1 1 1 0 0 0 0 0 0 0 0 0 0 0 0 0 0 0 0 0 0 0 0 0 0 0 0 0 0 0 0 0 0
 1 1 1 1 1 0 0 0 0 0 1 0 0 0 1 1 0 0 0 0 0 0 0 0 0 0 0 0 0 0 0 0 0 0 0 0 0 0 0 0 0 0 0 0 0 0
 1 1 1 1 1 0 0 0 0 0 1 0 0 0 1 1 0 0 0 0 0 0 0 0 0 0 0 0 0 0 0 0 0 0 0 0 0 0 0 0 0 0 0 0 0 0
 1 1 1 0 0 1 2 2 0 0 0 0 0 1 1 1 0 0 0 0 0 0 0 0 0 0 0 0 0 2 0 0 0 0 0 0 0 0 0 0 0 0 0 0 0 0
 1 1 1 0 0 1 2 2 0 0 0 0 0 1 1 1 0 0 0 0 0 0 0 0 0 0 0 0 0 2 0 0 0 0 0 0 0 0 0 0 0 0 0 0 0 0
 1 1 1 1 1 1 0 0 3 3 0 0 0 1 1 1 0 0 0 0 0 0 0 0 0 0 0 0 0 0 0 0 0 0 0 0 0 1 2 2 2 2 1 0 0 0
 1 1 1 1 1 1 0 0 1 1 0 1 1 1 0 0 0 0 0 0 0 0 0 0 0 0 0 0 0 0 0 0 0 0 0 0 0 2 2 2 1 1 1 0 0 1
 1 1 1 1 1 1 0 0 1 1 0 1 1 1 0 0 0 0 0 0 0 0 0 0 0 0 0 0 0 0 0 0 0 0 0 0 0 2 2 2 1 1 1 0 0 1
 0 0 1 0 0 1 1 1 1 1 0 1 1 1 0 0 1 1 0 0 0 0 0 0 0 0 0 0 0 0 0 0 0 0 0 0 0 2 2 2 1 1 0 0 0 0
 0 0 1 0 0 1 3 3 1 1 0 1 1 1 1 1 1 1 0 0 0 0 0 0 0 0 0 0 0 0 0 0 0 0 0 2 2 3 4 4 4 4 3 1 1 0
 0 0 1 0 0 1 3 3 1 1 0 1 1 1 1 1 1 1 0 0 0 0 0 0 0 0 0 0 0 0 0 0 0 0 0 2 2 3 4 4 4 4 3 1 1 0
 0 0 0 0 0 0 2 2 1 1 1 1 1 1 1 1 0 0 0 0 0 1 0 0 0 0 0 0 0 0 0 0 0 0 0 2 2 3 5 5 4 4 3 1 1 1
 0 0 0 0 0 0 2 2 1 1 1 1 1 1 1 1 0 0 0 0 0 1 0 0 0 0 0 0 0 0 0 0 0 0 0 2 2 3 5 5 4 4 3 1 1 1
 0 0 0 0 0 1 1 1 1 1 1 2 2 1 1 1 1 1 1 0 0 1 2 2 4 4 3 0 0 1 0 0 0 0 0 1 1 4 9 9 3 3 5 3 3 0
 1 1 1 1 1 1 0 0 0 0 2 2 2 1 2 2 3 3 1 1 1 1 2 2 5 5 8 3 3 4 3 3 2 2 1 2 2 6 8 8 7 7 4 3 3 1
 1 1 1 1 1 1 0 0 0 0 2 2 2 1 2 2 3 3 1 1 1 1 2 2 5 5 8 3 3 4 3 3 2 2 1 2 2 6 8 8 7 7 4 3 3 1
 0 0 0 0 0 0 0 0 1 1 2 2 2 2 3 3 3 3 3 2 2 0 1 1 3 3 8 4 4 4 3 3 2 2 10 6 6 6 7 7 5 5 3 3 3 1
 1 1 1 0 0 0 0 0 0 0 1 2 2 4 4 4 4 4 5 3 3 2 0 0 4 4 6 3 3 4 8 8 8 8 8 4 4 9 4 4 5 5 3 2 2 0
 1 1 1 0 0 0 0 0 0 0 1 2 2 4 4 4 4 4 5 3 3 2 0 0 4 4 6 3 3 4 8 8 8 8 8 4 4 9 4 4 5 5 3 2 2 0
 2 2 2 1 1 1 1 1 4 4 6 2 2 3 4 4 3 3 4 4 4 2 1 1 1 1 2 3 3 5 10 10 8 8 12 7 7 7 4 4 4 4 3 2 2 1
 2 2 2 1 1 1 1 1 4 4 6 2 2 3 4 4 3 3 4 4 4 2 1 1 1 1 2 3 3 5 10 10 8 8 12 7 7 7 4 4 4 4 3 2 2 1
 2 2 3 9 9 8 7 7 2 2 6 1 1 3 5 5 4 4 5 6 6 4 2 2 4 4 6 5 5 6 9 9 9 9 12 7 7 6 4 4 3 3 4 3 3 4
 3 3 4 12 12 15 9 9 18 18 16 7 7 6 6 6 8 8 7 8 8 4 6 6 5 5 5 3 3 7 8 8 8 8 7 8 8 8 5 5 4 4 5 6 6 6
 3 3 4 12 12 15 9 9 18 18 16 7 7 6 6 6 8 8 7 8 8 4 6 6 5 5 5 3 3 7 8 8 8 8 7 8 8 8 5 5 4 4 5 6 6 6
 2 2 2 10 10 21 14 14 32 32 20 11 11 8 5 5 8 8 6 8 8 6 8 8 6 6 9 8 8 8 8 8 8 8 7 9 9 5 5 5 6 6 7 12 12 15
 2 2 2 9 9 36 22 22 33 33 39 29 29 20 10 10 8 8 5 8 8 8 9 9 7 7 10 14 14 16 16 16 17 17 7 9 9 6 19 19 10 10 11 13 13 11
 2 2 2 9 9 36 22 22 33 33 39 29 29 20 10 10 8 8 5 8 8 8 9 9 7 7 10 14 14 16 16 16 17 17 7 9 9 6 19 19 10 10 11 13 13 11
 2 2 8 14 14 14 17 17 15 15 48 8 8 22 3 3 5 5 5 5 5 6 6 6 9 9 16 14 14 16 18 18 12 12 11 9 9 11 20 20 23 23 23 24 24 24
 2 2 8 14 14 14 17 17 15 15 48 8 8 22 3 3 5 5 5 5 5 6 6 6 9 9 16 14 14 16 18 18 12 12 11 9 9 11 20 20 23 23 23 24 24 24
 2 2 6 13 13 14 15 15 19 19 10 3 3 1 1 1 2 2 4 6 6 5 6 6 10 10 7 9 9 16 17 17 11 11 11 8 8 16 18 18 16 16 30 37 37 44
 2 2 4 11 11 10 13 13 18 18 8 1 1 2 2 2 2 2 4 4 4 2 4 4 6 6 6 7 7 7 25 25 19 19 19 12 12 13 12 12 15 15 23 22 22 18
 2 2 4 11 11 10 13 13 18 18 8 1 1 2 2 2 2 2 4 4 4 2 4 4 6 6 6 7 7 7 25 25 19 19 19 12 12 13 12 12 15 15 23 22 22 18
 4 4 4 3 3 3 3 3 14 14 3 2 2 3 6 6 2 2 1 3 3 2 3 3 3 3 3 7 7 6 23 23 15 15 22 21 21 23 9 9 15 15 12 18 18 26
 2 2 2 3 3 2 2 2 3 3 2 2 2 2 5 5 1 1 0 2 2 4 3 3 2 2 2 4 4 4 15 15 15 15 22 10 10 21 6 6 8 8 6 16 16 22
 2 2 2 3 3 2 2 2 3 3 2 2 2 2 5 5 1 1 0 2 2 4 3 3 2 2 2 4 4 4 15 15 15 15 22 10 10 21 6 6 8 8 6 16 16 22
 1 1 1 1 1 2 2 2 3 3 2 1 1 1 1 1 1 1 1 2 2 4 4 4 3 3 1 4 4 5 14 14 7 7 10 12 12 12 6 6 7 7 5 7 7 15
 1 1 1 1 1 2 2 2 3 3 2 1 1 1 1 1 1 1 1 2 2 4 4 4 3 3 1 4 4 5 14 14 7 7 10 12 12 12 6 6 7 7 5 7 7 15
 1 1 1 2 2 2 2 2 3 3 2 2 2 1 2 2 2 2 2 4 4 5 5 5 5 5 1 2 2 2 7 7 6 6 11 12 12 9 7 7 7 7 3 6 6 13
 1 1 1 2 2 2 2 2 3 3 3 1 1 13 2 2 2 2 2 2 2 6 5 5 3 3 2 3 3 4 1 1 2 2 2 7 7 10 8 8 6 6 4 4 4 8
 1 1 1 2 2 2 2 2 3 3 3 1 1 13 2 2 2 2 2 2 2 6 5 5 3 3 2 3 3 4 1 1 2 2 2 7 7 10 8 8 6 6 4 4 4 8
 1 1 1 4 4 2 3 3 3 3 6 2 2 13 2 2 2 2 11 3 3 8 7 7 4 4 4 5 5 3 4 4 1 1 2 7 7 8 10 10 4 4 4 3 3 7
 1 1 2 4 4 3 3 3 6 6 5 3 3 6 3 3 4 4 5 5 5 3 9 9 7 7 13 7 7 8 29 29 4 4 2 7 7 7 12 12 14 14 4 2 2 5
 1 1 2 4 4 3 3 3 6 6 5 3 3 6 3 3 4 4 5 5 5 3 9 9 7 7 13 7 7 8 29 29 4 4 2 7 7 7 12 12 14 14 4 2 2 5
 1 1 2 2 2 3 3 3 4 4 3 2 2 9 4 4 11 11 9 8 8 14 11 11 15 15 11 6 6 12 9 9 7 7 7 9 9 9 11 11 13 13 3 5 5 4
 1 1 2 2 2 3 3 3 4 4 3 2 2 9 4 4 11 11 9 8 8 14 11 11 15 15 11 6 6 12 9 9 7 7 7 9 9 9 11 11 13 13 3 5 5 4
 1 1 1 1 1 4 4 4 4 4 4 4 4 3 3 3 5 5 11 12 12 16 16 16 24 24 25 32 32 34 10 10 8 8 9 11 11 38 12 12 11 11 4 5 5 3
 1 1 1 1 1 4 8 8 24 24 3 3 3 7 3 3 10 10 21 23 23 19 24 24 44 44 40 47 47 17 6 6 7 7 13 13 13 40 8 8 16 16 7 6 6 1
 1 1 1 1 1 4 8 8 24 24 3 3 3 7 3 3 10 10 21 23 23 19 24 24 44 44 40 47 47 17 6 6 7 7 13 13 13 40 8 8 16 16 7 6 6 1
 2 2 2 2 2 3 13 13 8 8 3 3 3 17 13 13 12 12 11 18 18 18 27 27 44 44 50 49 49 29 7 7 7 7 7 8 8 14 9 9 16 16 6 6 6 2
 2 2 1 1 1 2 2 2 3 3 6 15 15 23 23 23 22 22 15 13 13 12 22 22 32 32 47 38 38 15 13 13 7 7 8 7 7 14 6 6 8 8 7 6 6 2
 2 2 1 1 1 2 2 2 3 3 6 15 15 23 23 23 22 22 15 13 13 12 22 22 32 32 47 38 38 15 13 13 7 7 8 7 7 14 6 6 8 8 7 6 6 2
 2 2 0 0 0 4 6 6 3 3 7 9 9 31 26 26 26 26 16 22 22 15 18 18 32 32 24 42 42 32 23 23 10 10 7 6 6 7 5 5 10 10 8 2 2 1
 2 2 0 0 0 4 6 6 3 3 7 9 9 31 26 26 26 26 16 22 22 15 18 18 32 32 24 42 42 32 23 23 10 10 7 6 6 7 5 5 10 10 8 2 2 1
 2 2 2 3 3 2 2 2 6 6 11 24 24 30 42 42 30 30 19 17 17 13 9 9 33 33 16 28 28 22 14 14 10 10 9 9 9 9 9 9 5 5 4 1 1 1
 4 4 4 2 2 2 7 7 7 7 7 23 23 41 52 52 52 52 25 23 23 16 14 14 15 15 19 20 20 17 16 16 17 17 13 13 13 12 12 12 21 21 5 2 2 2
 4 4 4 2 2 2 7 7 7 7 7 23 23 41 52 52 52 52 25 23 23 16 14 14 15 15 19 20 20 17 16 16 17 17 13 13 13 12 12 12 21 21 5 2 2 2
 4 4 4 2 2 2 7 7 7 7 10 23 23 21 41 41 38 38 25 20 20 19 22 22 18 18 30 23 23 34 30 30 32 32 18 28 28 28 24 24 22 22 5 6 6 6
 3 3 2 1 1 1 4 4 4 4 10 14 14 9 23 23 38 38 23 22 22 24 35 35 28 28 17 27 27 38 36 36 48 48 34 25 25 36 34 34 25 25 9 7 7 7
 3 3 2 1 1 1 4 4 4 4 10 14 14 9 23 23 38 38 23 22 22 24 35 35 28 28 17 27 27 38 36 36 48 48 34 25 25 36 34 34 25 25 9 7 7 7
 3 3 2 1 1 1 4 4 4 4 10 7 7 7 15 15 20 20 23 21 21 25 28 28 37 37 29 21 21 31 28 28 32 32 43 40 40 41 41 41 31 31 40 13 13 13
 3 3 2 1 1 1 4 4 4 4 10 7 7 7 15 15 20 20 23 21 21 25 28 28 37 37 29 21 21 31 28 28 32 32 43 40 40 41 41 41 31 31 40 13 13 13
 3 3 2 2 2 1 1 1 1 1 5 6 6 3 13 13 13 13 24 31 31 36 49 49 33 33 41 22 22 23 25 25 24 24 49 62 62 58 51 51 50 50 38 18 18 24
 2 2 2 2 2 1 1 1 2 2 2 2 2 6 1 1 6 6 19 29 29 39 36 36 35 35 44 26 26 20 23 23 28 28 37 42 42 49 50 50 45 45 27 23 23 30
 2 2 2 2 2 1 1 1 2 2 2 2 2 6 1 1 6 6 19 29 29 39 36 36 35 35 44 26 26 20 23 23 28 28 37 42 42 49 50 50 45 45 27 23 23 30
 2 2 1 1 1 1 1 1 2 2 3 2 2 7 4 4 8 8 11 24 24 37 31 31 41 41 47 29 29 16 21 21 25 25 27 31 31 38 46 46 37 37 25 27 27 28
 1 1 1 1 1 3 1 1 1 1 2 2 2 7 6 6 7 7 10 24 24 54 28 28 50 50 47 30 30 18 16 16 20 20 26 26 26 36 40 40 30 30 25 23 23 29
 1 1 1 1 1 3 1 1 1 1 2 2 2 7 6 6 7 7 10 24 24 54 28 28 50 50 47 30 30 18 16 16 20 20 26 26 26 36 40 40 30 30 25 23 23 29
 1 1 1 1 1 1 1 1 2 2 2 2 2 2 5 5 6 6 16 30 30 60 25 25 43 43 47 34 34 21 19 19 20 20 25 31 31 36 30 30 24 24 21 22 22 31
 1 1 1 1 1 1 1 1 2 2 2 2 2 2 5 5 6 6 16 30 30 60 25 25 43 43 47 34 34 21 19 19 20 20 25 31 31 36 30 30 24 24 21 22 22 31
 1 1 2 4 4 4 1 1 1 1 2 5 5 2 5 5 5 5 18 13 13 28 23 23 37 37 47 36 36 32 26 26 26 26 24 22 22 23 23 23 20 20 22 24 24 25
 2 2 1 1 1 2 1 1 1 1 2 1 1 1 3 3 5 5 7 6 6 11 17 17 34 34 43 47 47 38 29 29 29 29 15 15 15 16 22 22 18 18 21 26 26 27
 2 2 1 1 1 2 1 1 1 1 2 1 1 1 3 3 5 5 7 6 6 11 17 17 34 34 43 47 47 38 29 29 29 29 15 15 15 16 22 22 18 18 21 26 26 27
 1 1 1 1 1 1 1 1 1 1 2 1 1 1 2 2 2 2 2 6 6 8 12 12 32 32 39 37 37 29 25 25 25 25 13 14 14 17 23 23 14 14 19 21 21 24
 0 0 0 0 0 1 1 1 1 1 1 1 1 1 2 2 2 2 3 3 3 5 10 10 32 32 31 31 31 24 21 21 20 20 10 15 15 19 22 22 11 11 15 14 14 18
