assets/RAT_results/precipitation/2016-10-31_IMERG.asc
ncols        46
nrows        77
xllcorner    74.800261325624
yllcorner    8.058333333333
cellsize     0.062500000000
NODATA_value -9999
 3 3 2 3 3 8 10 10 10 10 7 8 8 10 2 2 6 6 7 7 7 12 14 14 10 10 1 0 0 0 0 0 0 0 0 0 0 0 0 0 0 0 0 2 2 0
 2 2 2 1 1 5 9 9 14 14 37 12 12 13 2 2 9 9 10 12 12 11 17 17 28 28 16 0 0 0 0 0 0 0 0 0 0 0 0 0 0 0 0 1 1 0
 2 2 2 1 1 5 9 9 14 14 37 12 12 13 2 2 9 9 10 12 12 11 17 17 28 28 16 0 0 0 0 0 0 0 0 0 0 0 0 0 0 0 0 1 1 0
 1 1 2 6 6 5 9 9 17 17 69 18 18 6 6 6 9 9 10 11 11 11 20 20 22 22 18 7 7 0 0 0 0 0 0 0 0 0 0 0 0 0 0 1 1 0
 3 3 3 3 3 3 17 17 14 14 51 72 72 3 4 4 16 16 16 15 15 19 14 14 9 9 8 16 16 11 8 8 0 0 0 0 0 0 0 0 0 0 0 1 1 0
 3 3 3 3 3 3 17 17 14 14 51 72 72 3 4 4 16 16 16 15 15 19 14 14 9 9 8 16 16 11 8 8 0 0 0 0 0 0 0 0 0 0 0 1 1 0
 2 2 1 4 4 5 15 15 9 9 16 5 5 4 12 12 11 11 23 18 18 23 16 16 9 9 0 1 1 30 7 7 0 0 0 0 0 0 0 0 0 0 1 0 0 0
 2 2 1 4 4 5 15 15 9 9 16 5 5 4 12 12 11 11 23 18 18 23 16 16 9 9 0 1 1 30 7 7 0 0 0 0 0 0 0 0 0 0 1 0 0 0
 1 1 1 5 5 6 7 7 8 8 18 7 7 15 57 57 47 47 18 16 16 20 57 57 47 47 13 0 0 0 0 0 0 0 0 0 0 0 1 1 0 0 0 0 0 0
 1 1 1 1 1 6 8 8 9 9 7 13 13 19 97 97 12 12 6 9 9 0 8 8 14 14 8 0 0 0 0 0 0 0 0 0 0 0 0 0 0 0 0 0 0 0
 1 1 1 1 1 6 8 8 9 9 7 13 13 19 97 97 12 12 6 9 9 0 8 8 14 14 8 0 0 0 0 0 0 0 0 0 0 0 0 0 0 0 0 0 0 0
 1 1 0 0 0 8 12 12 7 7 5 6 6 15 12 12 2 2 1 0 0 0 2 2 0 0 0 0 0 0 0 0 0 0 0 0 0 0 0 0 0 0 0 0 0 0
 0 0 0 2 2 2 9 9 6 6 6 4 4 11 3 3 2 2 2 1 1 1 1 1 0 0 0 0 0 3 4 4 1 1 3 0 0 0 0 0 0 0 0 0 0 0
 0 0 0 2 2 2 9 9 6 6 6 4 4 11 3 3 2 2 2 1 1 1 1 1 0 0 0 0 0 3 4 4 1 1 3 0 0 0 0 0 0 0 0 0 0 0
 7 7 4 2 2 1 5 5 4 4 7 7 7 6 5 5 5 5 4 5 5 2 1 1 1 1 3 0 0 3 1 1 1 1 2 0 0 0 0 0 0 0 0 0 0 0
 7 7 4 2 2 1 5 5 4 4 7 7 7 6 5 5 5 5 4 5 5 2 1 1 1 1 3 0 0 3 1 1 1 1 2 0 0 0 0 0 0 0 0 0 0 0
 14 14 5 5 5 6 5 5 5 5 5 16 16 10 12 12 7 7 7 8 8 4 3 3 5 5 1 4 4 4 2 2 1 1 3 3 3 1 0 0 0 0 0 0 0 0
 20 20 19 19 19 14 11 11 9 9 5 7 7 9 10 10 11 11 11 14 14 9 10 10 8 8 4 3 3 1 0 0 1 1 5 3 3 0 1 1 2 2 1 1 1 0
 20 20 19 19 19 14 11 11 9 9 5 7 7 9 10 10 11 11 11 14 14 9 10 10 8 8 4 3 3 1 0 0 1 1 5 3 3 0 1 1 2 2 1 1 1 0
 27 27 39 25 25 23 15 15 9 9 8 11 11 12 17 17 10 10 12 10 10 10 13 13 8 8 2 6 6 1 3 3 2 2 0 4 4 3 1 1 1 1 1 1 1 1
 27 27 29 21 21 21 15 15 12 12 12 14 14 16 21 21 18 18 16 14 14 13 20 20 9 9 1 1 1 3 2 2 2 2 3 4 4 8 1 1 1 1 0 1 1 1
 27 27 29 21 21 21 15 15 12 12 12 14 14 16 21 21 18 18 16 14 14 13 20 20 9 9 1 1 1 3 2 2 2 2 3 4 4 8 1 1 1 1 0 1 1 1
 13 13 16 18 18 15 17 17 13 13 15 16 16 17 20 20 19 19 16 17 17 15 13 13 9 9 1 3 3 3 3 3 2 2 2 1 1 2 1 1 1 1 0 16 16 1
 13 13 16 18 18 15 17 17 13 13 15 16 16 17 20 20 19 19 16 17 17 15 13 13 9 9 1 3 3 3 3 3 2 2 2 1 1 2 1 1 1 1 0 16 16 1
 13 13 14 15 15 19 21 21 9 9 8 11 11 11 22 22 28 28 15 16 16 10 8 8 6 6 1 2 2 10 2 2 3 3 1 1 1 1 21 21 7 7 1 10 10 2
 12 12 11 12 12 16 23 23 8 8 7 10 10 9 15 15 21 21 22 23 23 14 7 7 4 4 4 8 8 5 3 3 2 2 1 1 1 2 8 8 12 12 1 1 1 11
 12 12 11 12 12 16 23 23 8 8 7 10 10 9 15 15 21 21 22 23 23 14 7 7 4 4 4 8 8 5 3 3 2 2 1 1 1 2 8 8 12 12 1 1 1 11
 10 10 6 10 10 17 12 12 8 8 9 6 6 8 11 11 15 15 22 16 16 8 6 6 3 3 2 4 4 2 5 5 3 3 3 6 6 4 9 9 7 7 2 5 5 8
 7 7 8 17 17 14 14 14 10 10 11 16 16 22 28 28 29 29 22 17 17 7 4 4 3 3 1 3 3 3 4 4 5 5 6 3 3 6 12 12 10 10 5 7 7 15
 7 7 8 17 17 14 14 14 10 10 11 16 16 22 28 28 29 29 22 17 17 7 4 4 3 3 1 3 3 3 4 4 5 5 6 3 3 6 12 12 10 10 5 7 7 15
 7 7 19 25 25 15 14 14 10 10 20 22 22 32 23 23 25 25 16 11 11 7 8 8 4 4 3 5 5 6 4 4 10 10 10 9 9 8 14 14 7 7 4 11 11 16
 7 7 19 25 25 15 14 14 10 10 20 22 22 32 23 23 25 25 16 11 11 7 8 8 4 4 3 5 5 6 4 4 10 10 10 9 9 8 14 14 7 7 4 11 11 16
 9 9 20 21 21 11 16 16 15 15 28 31 31 28 23 23 10 10 12 6 6 6 10 10 5 5 9 6 6 15 13 13 16 16 20 13 13 8 12 12 3 3 8 4 4 11
 17 17 8 14 14 18 24 24 21 21 33 37 37 25 21 21 9 9 8 10 10 10 6 6 5 5 8 10 10 17 16 16 17 17 17 14 14 13 7 7 12 12 18 14 14 14
 17 17 8 14 14 18 24 24 21 21 33 37 37 25 21 21 9 9 8 10 10 10 6 6 5 5 8 10 10 17 16 16 17 17 17 14 14 13 7 7 12 12 18 14 14 14
 18 18 5 5 5 22 36 36 30 30 40 36 36 20 11 11 9 9 8 10 10 11 9 9 6 6 12 19 19 21 16 16 18 18 17 11 11 12 25 25 20 20 25 11 11 13
 12 12 11 5 5 26 28 28 35 35 40 36 36 19 12 12 11 11 8 13 13 14 11 11 13 13 17 17 17 19 21 21 21 21 25 17 17 18 20 20 28 28 28 18 18 14
 12 12 11 5 5 26 28 28 35 35 40 36 36 19 12 12 11 11 8 13 13 14 11 11 13 13 17 17 17 19 21 21 21 21 25 17 17 18 20 20 28 28 28 18 18 14
 12 12 10 5 5 14 23 23 33 33 33 27 27 18 13 13 13 13 11 14 14 15 10 10 13 13 19 19 19 19 21 21 22 22 24 27 27 15 24 24 37 37 26 22 22 17
 12 12 10 5 5 14 23 23 33 33 33 27 27 18 13 13 13 13 11 14 14 15 10 10 13 13 19 19 19 19 21 21 22 22 24 27 27 15 24 24 37 37 26 22 22 17
 12 12 13 13 13 11 25 25 39 39 33 32 32 22 15 15 13 13 13 13 13 17 16 16 16 16 20 16 16 21 21 21 20 20 22 23 23 34 26 26 30 30 28 25 25 22
 9 9 10 14 14 21 30 30 38 38 30 27 27 23 16 16 16 16 14 11 11 16 20 20 20 20 17 18 18 14 13 13 20 20 21 25 25 25 30 30 28 28 21 18 18 19
 9 9 10 14 14 21 30 30 38 38 30 27 27 23 16 16 16 16 14 11 11 16 20 20 20 20 17 18 18 14 13 13 20 20 21 25 25 25 30 30 28 28 21 18 18 19
 10 10 10 16 16 23 33 33 38 38 28 25 25 27 19 19 27 27 15 10 10 18 22 22 27 27 20 18 18 9 13 13 9 9 10 13 13 16 17 17 23 23 14 17 17 19
 6 6 13 14 14 23 29 29 27 27 24 21 21 17 20 20 13 13 11 10 10 14 16 16 18 18 7 5 5 8 8 8 5 5 8 5 5 11 15 15 15 15 14 25 25 18
 6 6 13 14 14 23 29 29 27 27 24 21 21 17 20 20 13 13 11 10 10 14 16 16 18 18 7 5 5 8 8 8 5 5 8 5 5 11 15 15 15 15 14 25 25 18
 4 4 19 7 7 14 25 25 23 23 18 14 14 17 21 21 11 11 7 7 7 10 10 10 11 11 7 6 6 3 4 4 3 3 7 8 8 5 5 5 6 6 7 14 14 10
 4 4 19 7 7 14 25 25 23 23 18 14 14 17 21 21 11 11 7 7 7 10 10 10 11 11 7 6 6 3 4 4 3 3 7 8 8 5 5 5 6 6 7 14 14 10
 14 14 16 12 12 17 26 26 23 23 18 13 13 13 14 14 6 6 4 6 6 5 6 6 16 16 15 12 12 8 6 6 6 6 7 8 8 5 2 2 2 2 4 5 5 6
 18 18 18 10 10 12 18 18 17 17 15 11 11 7 10 10 5 5 4 6 6 6 6 6 14 14 17 11 11 9 10 10 6 6 7 10 10 4 2 2 1 1 2 2 2 4
 18 18 18 10 10 12 18 18 17 17 15 11 11 7 10 10 5 5 4 6 6 6 6 6 14 14 17 11 11 9 10 10 6 6 7 10 10 4 2 2 1 1 2 2 2 4
 17 17 22 13 13 6 17 17 16 16 11 6 6 7 9 9 9 9 10 9 9 9 13 13 16 16 15 10 10 15 11 11 10 10 10 11 11 6 3 3 4 4 5 5 5 4
 3 3 9 5 5 8 14 14 15 15 9 6 6 8 8 8 11 11 17 19 19 19 7 7 21 21 18 13 13 15 13 13 12 12 13 12 12 9 7 7 7 7 7 7 7 3
 3 3 9 5 5 8 14 14 15 15 9 6 6 8 8 8 11 11 17 19 19 19 7 7 21 21 18 13 13 15 13 13 12 12 13 12 12 9 7 7 7 7 7 7 7 3
 8 8 7 8 8 7 11 11 10 10 8 7 7 7 8 8 13 13 21 46 46 21 16 16 25 25 20 15 15 14 18 18 14 14 13 12 12 12 10 10 10 10 9 8 8 6
 8 8 7 8 8 7 11 11 10 10 8 7 7 7 8 8 13 13 21 46 46 21 16 16 25 25 20 15 15 14 18 18 14 14 13 12 12 12 10 10 10 10 9 8 8 6
 6 6 7 7 7 5 9 9 13 13 10 9 9 7 8 8 16 16 20 47 47 30 21 21 24 24 19 17 17 11 15 15 15 15 25 18 18 18 25 25 18 18 14 16 16 6
 4 4 4 4 4 5 8 8 12 12 20 19 19 9 16 16 13 13 18 31 31 31 24 24 13 13 19 15 15 16 33 33 36 36 36 25 25 26 23 23 25 25 17 16 16 16
 4 4 4 4 4 5 8 8 12 12 20 19 19 9 16 16 13 13 18 31 31 31 24 24 13 13 19 15 15 16 33 33 36 36 36 25 25 26 23 23 25 25 17 16 16 16
 4 4 3 3 3 6 7 7 16 16 7 12 12 17 14 14 15 15 10 27 27 14 22 22 13 13 20 18 18 16 33 33 45 45 51 34 34 32 26 26 25 25 26 35 35 26
 3 3 6 1 1 3 3 3 6 6 6 6 6 9 11 11 8 8 9 8 8 11 18 18 17 17 12 26 26 25 25 25 48 48 47 30 30 40 38 38 20 20 21 32 32 16
 3 3 6 1 1 3 3 3 6 6 6 6 6 9 11 11 8 8 9 8 8 11 18 18 17 17 12 26 26 25 25 25 48 48 47 30 30 40 38 38 20 20 21 32 32 16
 3 3 2 1 1 2 3 3 3 3 4 5 5 4 5 5 7 7 6 5 5 8 11 11 11 11 12 26 26 26 30 30 90 90 88 33 33 41 45 45 46 46 24 30 30 17
 3 3 2 1 1 2 3 3 3 3 4 5 5 4 5 5 7 7 6 5 5 8 11 11 11 11 12 26 26 26 30 30 90 90 88 33 33 41 45 45 46 46 24 30 30 17
 3 3 5 3 3 1 3 3 2 2 3 4 4 5 7 7 9 9 6 4 4 7 6 6 11 11 11 24 24 27 59 59 89 89 50 33 33 26 28 28 29 29 23 33 33 18
 1 1 1 2 2 1 2 2 2 2 2 4 4 9 6 6 11 11 11 6 6 6 11 11 9 9 10 7 7 22 29 29 25 25 24 22 22 21 27 27 33 33 15 19 19 18
 1 1 1 2 2 1 2 2 2 2 2 4 4 9 6 6 11 11 11 6 6 6 11 11 9 9 10 7 7 22 29 29 25 25 24 22 22 21 27 27 33 33 15 19 19 18
 1 1 1 1 1 1 4 4 2 2 3 2 2 6 9 9 7 7 4 5 5 4 3 3 3 3 3 10 10 19 23 23 22 22 12 12 12 13 28 28 28 28 14 22 22 12
 1 1 1 1 1 1 2 2 3 3 3 3 3 4 8 8 8 8 4 4 4 4 3 3 3 3 1 8 8 12 9 9 13 13 13 12 12 13 24 24 27 27 51 20 20 8
 1 1 1 1 1 1 2 2 3 3 3 3 3 4 8 8 8 8 4 4 4 4 3 3 3 3 1 8 8 12 9 9 13 13 13 12 12 13 24 24 27 27 51 20 20 8
 1 1 3 1 1 2 4 4 20 20 3 3 3 3 6 6 5 5 8 18 18 6 6 6 1 1 3 4 4 8 4 4 2 2 6 8 8 9 8 8 11 11 41 16 16 12
 1 1 3 1 1 2 4 4 20 20 3 3 3 3 6 6 5 5 8 18 18 6 6 6 1 1 3 4 4 8 4 4 2 2 6 8 8 9 8 8 11 11 41 16 16 12
 1 1 1 1 1 3 4 4 19 19 4 7 7 8 11 11 10 10 8 9 9 6 7 7 4 4 4 3 3 4 8 8 12 12 5 6 6 5 4 4 4 4 9 24 24 6
 1 1 2 2 2 4 5 5 5 5 8 12 12 22 24 24 18 18 17 16 16 9 5 5 6 6 5 6 6 4 11 11 13 13 3 6 6 4 4 4 1 1 2 7 7 5
 1 1 2 2 2 4 5 5 5 5 8 12 12 22 24 24 18 18 17 16 16 9 5 5 6 6 5 6 6 4 11 11 13 13 3 6 6 4 4 4 1 1 2 7 7 5
 1 1 1 2 2 4 15 15 13 13 17 13 13 31 57 57 30 30 14 16 16 13 4 4 6 6 6 12 12 11 14 14 17 17 9 5 5 1 2 2 3 3 4 5 5 6
 2 2 4 9 9 3 14 14 14 14 17 18 18 25 27 27 27 27 20 18 18 15 7 7 7 7 13 13 13 13 14 14 12 12 9 5 5 3 2 2 3 3 4 4 4 4
