assets/RAT_results/precipitation/2016-12-13_IMERG.asc
ncols        46
nrows        77
xllcorner    74.800261325624
yllcorner    8.058333333333
cellsize     0.062500000000
NODATA_value -9999
 2 2 3 9 9 11 6 6 5 5 7 7 7 5 7 7 6 6 9 10 10 11 7 7 3 3 3 7 7 3 2 2 3 3 2 2 2 2 3 3 2 2 3 2 2 1
 2 2 2 3 3 11 5 5 2 2 3 8 8 4 7 7 5 5 8 16 16 13 8 8 5 5 3 3 3 3 2 2 2 2 2 2 2 2 2 2 4 4 2 2 2 1
 2 2 2 3 3 11 5 5 2 2 3 8 8 4 7 7 5 5 8 16 16 13 8 8 5 5 3 3 3 3 2 2 2 2 2 2 2 2 2 2 4 4 2 2 2 1
 2 2 8 1 1 4 4 4 2 2 2 5 5 4 5 5 7 7 4 7 7 10 6 6 5 5 4 3 3 3 2 2 2 2 2 2 2 4 1 1 1 1 1 2 2 1
 3 3 5 2 2 5 3 3 1 1 2 6 6 6 3 3 7 7 7 12 12 9 8 8 3 3 4 4 4 4 4 4 7 7 4 3 3 3 1 1 1 1 0 1 1 1
 3 3 5 2 2 5 3 3 1 1 2 6 6 6 3 3 7 7 7 12 12 9 8 8 3 3 4 4 4 4 4 4 7 7 4 3 3 3 1 1 1 1 0 1 1 1
 3 3 3 4 4 8 6 6 3 3 3 3 3 5 4 4 7 7 8 11 11 13 4 4 4 4 5 3 3 4 4 4 7 7 3 3 3 3 1 1 1 1 1 1 1 0
 3 3 3 4 4 8 6 6 3 3 3 3 3 5 4 4 7 7 8 11 11 13 4 4 4 4 5 3 3 4 4 4 7 7 3 3 3 3 1 1 1 1 1 1 1 0
 3 3 3 4 4 2 8 8 2 2 3 2 2 3 4 4 4 4 10 6 6 8 8 8 4 4 5 4 4 4 5 5 5 5 4 4 4 4 2 2 2 2 0 1 1 1
 4 4 2 3 3 5 3 3 3 3 5 2 2 5 5 5 7 7 11 8 8 7 5 5 5 5 6 4 4 5 6 6 4 4 4 4 4 2 2 2 2 2 1 1 1 0
 4 4 2 3 3 5 3 3 3 3 5 2 2 5 5 5 7 7 11 8 8 7 5 5 5 5 6 4 4 5 6 6 4 4 4 4 4 2 2 2 2 2 1 1 1 0
 7 7 2 3 3 4 7 7 4 4 4 4 4 4 6 6 10 10 16 8 8 8 5 5 4 4 3 5 5 3 5 5 5 5 4 4 4 2 2 2 1 1 1 2 2 0
 5 5 2 3 3 4 3 3 4 4 4 4 4 5 8 8 10 10 9 7 7 4 5 5 2 2 3 2 2 6 2 2 2 2 2 2 2 2 2 2 1 1 1 0 0 0
 5 5 2 3 3 4 3 3 4 4 4 4 4 5 8 8 10 10 9 7 7 4 5 5 2 2 3 2 2 6 2 2 2 2 2 2 2 2 2 2 1 1 1 0 0 0
 3 3 13 5 5 5 4 4 4 4 3 5 5 5 9 9 9 9 7 4 4 3 2 2 1 1 1 1 1 1 1 1 3 3 2 2 2 2 4 4 1 1 1 1 1 0
 3 3 13 5 5 5 4 4 4 4 3 5 5 5 9 9 9 9 7 4 4 3 2 2 1 1 1 1 1 1 1 1 3 3 2 2 2 2 4 4 1 1 1 1 1 0
 4 4 6 4 4 3 4 4 4 4 5 5 5 9 9 9 7 7 6 4 4 4 2 2 2 2 2 1 1 1 4 4 3 3 1 2 2 1 2 2 2 2 1 1 1 0
 5 5 5 12 12 6 6 6 8 8 9 4 4 9 8 8 9 9 5 4 4 4 2 2 2 2 2 2 2 1 2 2 1 1 1 0 0 0 1 1 1 1 1 1 1 3
 5 5 5 12 12 6 6 6 8 8 9 4 4 9 8 8 9 9 5 4 4 4 2 2 2 2 2 2 2 1 2 2 1 1 1 0 0 0 1 1 1 1 1 1 1 3
 8 8 8 11 11 12 11 11 11 11 11 6 6 8 7 7 4 4 7 10 10 7 4 4 3 3 6 1 1 2 1 1 1 1 1 1 1 1 3 3 1 1 1 2 2 2
 16 16 16 26 26 24 28 28 15 15 21 8 8 8 11 11 10 10 5 5 5 4 2 2 1 1 4 1 1 3 1 1 0 0 0 1 1 2 2 2 1 1 2 1 1 3
 16 16 16 26 26 24 28 28 15 15 21 8 8 8 11 11 10 10 5 5 5 4 2 2 1 1 4 1 1 3 1 1 0 0 0 1 1 2 2 2 1 1 2 1 1 3
 9 9 15 10 10 53 41 41 25 25 14 24 24 11 16 16 16 16 7 8 8 3 4 4 1 1 1 1 1 3 2 2 2 2 1 2 2 0 1 1 1 1 1 1 1 1
 9 9 15 10 10 53 41 41 25 25 14 24 24 11 16 16 16 16 7 8 8 3 4 4 1 1 1 1 1 3 2 2 2 2 1 2 2 0 1 1 1 1 1 1 1 1
 24 24 17 17 17 34 23 23 32 32 25 34 34 18 13 13 16 16 10 3 3 6 2 2 3 3 2 4 4 1 2 2 3 3 3 1 1 0 1 1 1 1 1 1 1 1
 25 25 17 13 13 35 37 37 49 49 49 49 49 24 16 16 14 14 11 11 11 3 4 4 4 4 2 1 1 2 2 2 3 3 2 1 1 1 1 1 1 1 1 1 1 0
 25 25 17 13 13 35 37 37 49 49 49 49 49 24 16 16 14 14 11 11 11 3 4 4 4 4 2 1 1 2 2 2 3 3 2 1 1 1 1 1 1 1 1 1 1 0
 24 24 17 17 17 28 35 35 31 31 41 44 44 16 18 18 12 12 9 10 10 4 4 4 5 5 6 2 2 2 1 1 1 1 1 0 0 1 2 2 1 1 2 1 1 0
 31 31 19 23 23 28 30 30 30 30 16 10 10 8 11 11 11 11 5 8 8 5 4 4 4 4 4 3 3 2 4 4 1 1 2 1 1 0 2 2 3 3 2 1 1 2
 31 31 19 23 23 28 30 30 30 30 16 10 10 8 11 11 11 11 5 8 8 5 4 4 4 4 4 3 3 2 4 4 1 1 2 1 1 0 2 2 3 3 2 1 1 2
 26 26 31 26 26 32 31 31 50 50 4 7 7 6 5 5 7 7 5 8 8 5 5 5 4 4 4 4 4 2 4 4 1 1 1 1 1 1 1 1 2 2 1 1 1 2
 26 26 31 26 26 32 31 31 50 50 4 7 7 6 5 5 7 7 5 8 8 5 5 5 4 4 4 4 4 2 4 4 1 1 1 1 1 1 1 1 2 2 1 1 1 2
 26 26 29 63 63 68 42 42 41 41 23 8 8 5 12 12 4 4 5 6 6 6 8 8 7 7 3 2 2 2 2 2 1 1 1 3 3 2 2 2 3 3 2 1 1 2
 24 24 20 65 65 69 21 21 20 20 19 4 4 6 11 11 13 13 10 9 9 11 9 9 9 9 6 4 4 1 1 1 1 1 2 1 1 2 1 1 3 3 2 6 6 2
 24 24 20 65 65 69 21 21 20 20 19 4 4 6 11 11 13 13 10 9 9 11 9 9 9 9 6 4 4 1 1 1 1 1 2 1 1 2 1 1 3 3 2 6 6 2
 9 9 9 28 28 26 29 29 33 33 25 18 18 20 15 15 15 15 21 9 9 9 6 6 10 10 7 2 2 1 3 3 1 1 2 2 2 2 3 3 1 1 3 8 8 1
 3 3 9 13 13 11 22 22 22 22 10 7 7 19 23 23 19 19 15 13 13 8 6 6 4 4 7 2 2 1 2 2 2 2 2 1 1 1 2 2 1 1 1 1 1 0
 3 3 9 13 13 11 22 22 22 22 10 7 7 19 23 23 19 19 15 13 13 8 6 6 4 4 7 2 2 1 2 2 2 2 2 1 1 1 2 2 1 1 1 1 1 0
 6 6 2 3 3 14 20 20 19 19 20 8 8 7 12 12 17 17 22 13 13 15 8 8 5 5 5 3 3 6 1 1 2 2 2 1 1 2 1 1 1 1 0 1 1 1
 6 6 2 3 3 14 20 20 19 19 20 8 8 7 12 12 17 17 22 13 13 15 8 8 5 5 5 3 3 6 1 1 2 2 2 1 1 2 1 1 1 1 0 1 1 1
 5 5 3 6 6 7 4 4 5 5 7 8 8 7 8 8 13 13 40 21 21 20 12 12 6 6 4 5 5 7 2 2 1 1 1 3 3 1 4 4 1 1 0 0 0 0
 7 7 4 3 3 2 3 3 4 4 5 9 9 5 5 5 7 7 7 33 33 31 26 26 19 19 12 8 8 8 2 2 1 1 1 2 2 2 2 2 1 1 0 0 0 0
 7 7 4 3 3 2 3 3 4 4 5 9 9 5 5 5 7 7 7 33 33 31 26 26 19 19 12 8 8 8 2 2 1 1 1 2 2 2 2 2 1 1 0 0 0 0
 16 16 7 3 3 7 3 3 2 2 4 4 4 1 1 1 1 1 2 3 3 4 13 13 9 9 4 3 3 2 3 3 2 2 1 2 2 2 1 1 0 0 0 1 1 0
 1 1 2 4 4 11 6 6 2 2 3 2 2 1 1 1 0 0 1 2 2 3 3 3 3 3 1 1 1 1 2 2 2 2 1 1 1 1 0 0 0 0 0 0 0 0
 1 1 2 4 4 11 6 6 2 2 3 2 2 1 1 1 0 0 1 2 2 3 3 3 3 3 1 1 1 1 2 2 2 2 1 1 1 1 0 0 0 0 0 0 0 0
 0 0 1 1 1 4 2 2 2 2 2 1 1 0 0 0 0 0 1 1 1 1 1 1 2 2 1 0 0 0 1 1 2 2 1 1 1 0 0 0 0 0 0 0 0 0
 0 0 1 1 1 4 2 2 2 2 2 1 1 0 0 0 0 0 1 1 1 1 1 1 2 2 1 0 0 0 1 1 2 2 1 1 1 0 0 0 0 0 0 0 0 0
 0 0 1 2 2 2 2 2 4 4 1 1 1 1 0 0 0 0 0 1 1 1 1 1 5 5 4 1 1 0 0 0 1 1 1 0 0 0 0 0 0 0 0 0 0 0
 1 1 5 5 5 3 3 3 5 5 1 1 1 1 1 1 1 1 1 1 1 2 1 1 3 3 4 1 1 0 0 0 0 0 0 1 1 0 0 0 0 0 0 0 0 0
 1 1 5 5 5 3 3 3 5 5 1 1 1 1 1 1 1 1 1 1 1 2 1 1 3 3 4 1 1 0 0 0 0 0 0 1 1 0 0 0 0 0 0 0 0 0
 4 4 1 2 2 1 1 1 3 3 4 2 2 1 3 3 4 4 2 2 2 2 2 2 2 2 3 1 1 0 0 0 0 0 0 0 0 0 0 0 0 0 0 0 0 0
 0 0 0 1 1 1 1 1 3 3 1 2 2 1 1 1 1 1 3 1 1 3 2 2 1 1 2 0 0 0 1 1 0 0 0 0 0 0 0 0 0 0 0 0 0 0
 0 0 0 1 1 1 1 1 3 3 1 2 2 1 1 1 1 1 3 1 1 3 2 2 1 1 2 0 0 0 1 1 0 0 0 0 0 0 0 0 0 0 0 0 0 0
 0 0 1 1 1 1 1 1 2 2 0 1 1 2 2 2 2 2 3 2 2 2 9 9 2 2 2 0 0 3 2 2 1 1 0 0 0 0 0 0 0 0 0 0 0 0
 0 0 1 1 1 1 1 1 2 2 0 1 1 2 2 2 2 2 3 2 2 2 9 9 2 2 2 0 0 3 2 2 1 1 0 0 0 0 0 0 0 0 0 0 0 0
 1 1 1 0 0 1 1 1 0 0 2 2 2 2 2 2 3 3 2 2 2 2 0 0 1 1 1 0 0 0 1 1 5 5 2 0 0 0 0 0 0 0 0 0 0 0
 1 1 2 0 0 1 1 1 1 1 2 2 2 2 3 3 2 2 2 2 2 1 0 0 0 0 0 0 0 0 0 0 0 0 2 0 0 0 0 0 0 0 0 0 0 0
 1 1 2 0 0 1 1 1 1 1 2 2 2 2 3 3 2 2 2 2 2 1 0 0 0 0 0 0 0 0 0 0 0 0 2 0 0 0 0 0 0 0 0 0 0 0
 2 2 2 0 0 1 1 1 1 1 2 2 2 2 3 3 4 4 3 2 2 1 0 0 0 0 0 0 0 0 0 0 0 0 0 0 0 4 0 0 0 0 0 0 0 0
 1 1 1 0 0 1 1 1 3 3 3 2 2 4 4 4 4 4 3 3 3 1 0 0 0 0 0 0 0 0 0 0 0 0 0 4 4 0 0 0 0 0 0 0 0 0
 1 1 1 0 0 1 1 1 3 3 3 2 2 4 4 4 4 4 3 3 3 1 0 0 0 0 0 0 0 0 0 0 0 0 0 4 4 0 0 0 0 0 0 0 0 0
 1 1 3 1 1 2 2 2 3 3 3 2 2 4 4 4 4 4 4 4 4 0 0 0 0 0 0 0 0 0 0 0 0 0 0 0 0 0 0 0 0 0 0 0 0 0
 1 1 3 1 1 2 2 2 3 3 3 2 2 4 4 4 4 4 4 4 4 0 0 0 0 0 0 0 0 0 0 0 0 0 0 0 0 0 0 0 0 0 0 0 0 0
 2 2 1 1 1 2 2 2 4 4 3 3 3 5 5 5 4 4 4 4 4 0 0 0 0 0 0 0 0 0 0 0 0 0 0 0 0 0 0 0 0 0 0 0 0 0
 2 2 2 0 0 0 0 0 0 0 0 2 2 1 5 5 4 4 4 4 4 0 0 0 0 0 0 0 0 0 0 0 0 0 0 1 1 0 0 0 0 0 0 0 0 0
 2 2 2 0 0 0 0 0 0 0 0 2 2 1 5 5 4 4 4 4 4 0 0 0 0 0 0 0 0 0 0 0 0 0 0 1 1 0 0 0 0 0 0 0 0 0
 0 0 0 0 0 0 0 0 0 0 0 0 0 0 0 0 0 0 3 0 0 0 0 0 1 1 1 0 0 0 0 0 2 2 0 1 1 0 0 0 0 0 0 1 1 0
 0 0 0 0 0 0 0 0 0 0 0 0 0 0 0 0 0 0 0 0 0 0 0 0 1 1 1 0 0 0 0 0 0 0 0 0 0 0 0 0 0 0 0 1 1 1
 0 0 0 0 0 0 0 0 0 0 0 0 0 0 0 0 0 0 0 0 0 0 0 0 1 1 1 0 0 0 0 0 0 0 0 0 0 0 0 0 0 0 0 1 1 1
 0 0 0 0 0 0 0 0 1 1 0 0 0 0 0 0 0 0 0 0 0 0 0 0 0 0 1 0 0 0 1 1 0 0 0 0 0 0 0 0 0 0 1 1 1 1
 0 0 0 0 0 0 0 0 1 1 0 0 0 0 0 0 0 0 0 0 0 0 0 0 0 0 1 0 0 0 1 1 0 0 0 0 0 0 0 0 0 0 1 1 1 1
 0 0 0 0 0 0 1 1 1 1 0 0 0 0 0 0 0 0 0 0 0 0 0 0 0 0 0 0 0 1 1 1 0 0 0 0 0 0 1 1 1 1 2 2 2 1
 0 0 0 0 0 0 0 0 0 0 0 0 0 0 0 0 0 0 0 0 0 0 0 0 0 0 0 0 0 0 0 0 0 0 0 0 0 1 1 1 2 2 2 1 1 1
 0 0 0 0 0 0 0 0 0 0 0 0 0 0 0 0 0 0 0 0 0 0 0 0 0 0 0 0 0 0 0 0 0 0 0 0 0 1 1 1 2 2 2 1 1 1
 0 0 0 0 0 0 0 0 0 0 0 0 0 0 0 0 1 1 1 1 1 1 0 0 0 0 0 1 1 1 1 1 1 1 1 1 1 0 1 1 1 1 1 1 1 0
 0 0 0 1 1 1 1 1 1 1 1 1 1 0 0 0 1 1 1 1 1 1 1 1 1 1 1 1 1 1 1 1 0 0 0 0 0 0 0 0 0 0 1 0 0 0
