assets/RAT_results/precipitation/2016-10-15_IMERG.asc
ncols        46
nrows        77
xllcorner    74.800261325624
yllcorner    8.058333333333
cellsize     0.062500000000
NODATA_value -9999
 0 0 1 0 0 0 0 0 0 0 0 0 0 0 0 0 0 0 0 0 0 0 0 0 0 0 0 0 0 0 0 0 0 0 0 0 0 0 0 0 0 0 0 0 0 0
 0 0 0 0 0 0 0 0 0 0 0 0 0 0 0 0 0 0 0 0 0 0 0 0 0 0 0 0 0 0 0 0 0 0 0 0 0 0 0 0 0 0 0 0 0 0
 0 0 0 0 0 0 0 0 0 0 0 0 0 0 0 0 0 0 0 0 0 0 0 0 0 0 0 0 0 0 0 0 0 0 0 0 0 0 0 0 0 0 0 0 0 0
 0 0 0 0 0 0 1 1 0 0 0 0 0 1 0 0 0 0 0 0 0 0 0 0 0 0 0 0 0 0 0 0 0 0 0 0 0 0 0 0 0 0 0 0 0 0
 1 1 0 1 1 0 0 0 0 0 0 1 1 0 1 1 0 0 0 0 0 0 0 0 0 0 0 0 0 0 0 0 0 0 0 0 0 0 0 0 0 0 0 0 0 0
 1 1 0 1 1 0 0 0 0 0 0 1 1 0 1 1 0 0 0 0 0 0 0 0 0 0 0 0 0 0 0 0 0 0 0 0 0 0 0 0 0 0 0 0 0 0
 1 1 0 0 0 0 0 0 0 0 1 5 5 3 0 0 1 1 0 0 0 0 0 0 0 0 0 0 0 1 0 0 0 0 0 0 0 0 0 0 0 0 0 0 0 0
 1 1 0 0 0 0 0 0 0 0 1 5 5 3 0 0 1 1 0 0 0 0 0 0 0 0 0 0 0 1 0 0 0 0 0 0 0 0 0 0 0 0 0 0 0 0
 2 2 2 2 2 1 0 0 0 0 1 9 9 3 0 0 0 0 0 0 0 0 0 0 0 0 0 0 0 0 0 0 0 0 0 0 0 0 0 0 0 0 0 0 0 0
 0 0 2 2 2 1 1 1 1 1 2 11 11 7 2 2 4 4 0 0 0 0 0 0 0 0 0 0 0 0 0 0 0 0 0 0 0 0 0 0 0 0 0 0 0 0
 0 0 2 2 2 1 1 1 1 1 2 11 11 7 2 2 4 4 0 0 0 0 0 0 0 0 0 0 0 0 0 0 0 0 0 0 0 0 0 0 0 0 0 0 0 0
 0 0 0 0 0 0 2 2 2 2 2 9 9 1 7 7 11 11 1 0 0 0 0 0 0 0 0 0 0 0 0 0 0 0 0 0 0 0 0 0 0 0 0 0 0 0
 0 0 1 1 1 0 1 1 2 2 6 2 2 1 7 7 7 7 1 0 0 0 0 0 0 0 0 0 0 0 0 0 0 0 0 0 0 0 0 0 0 0 0 0 0 0
 0 0 1 1 1 0 1 1 2 2 6 2 2 1 7 7 7 7 1 0 0 0 0 0 0 0 0 0 0 0 0 0 0 0 0 0 0 0 0 0 0 0 0 0 0 0
 0 0 0 2 2 0 1 1 0 0 1 1 1 1 1 1 7 7 1 0 0 0 0 0 0 0 0 0 0 0 0 0 0 0 0 0 0 0 0 0 0 0 0 0 0 0
 0 0 0 2 2 0 1 1 0 0 1 1 1 1 1 1 7 7 1 0 0 0 0 0 0 0 0 0 0 0 0 0 0 0 0 0 0 0 0 0 0 0 0 0 0 0
 0 0 0 0 0 2 1 1 0 0 1 3 3 1 1 1 1 1 2 1 1 0 0 0 0 0 0 0 0 0 0 0 0 0 0 0 0 0 0 0 0 0 0 0 0 0
 2 2 0 0 0 2 2 2 1 1 2 2 2 1 1 1 1 1 2 0 0 0 0 0 0 0 0 0 0 0 0 0 0 0 0 0 0 0 0 0 0 0 0 0 0 0
 2 2 0 0 0 2 2 2 1 1 2 2 2 1 1 1 1 1 2 0 0 0 0 0 0 0 0 0 0 0 0 0 0 0 0 0 0 0 0 0 0 0 0 0 0 0
 3 3 0 0 0 0 0 0 1 1 1 1 1 2 1 1 1 1 2 0 0 0 0 0 0 0 0 0 0 0 2 2 1 1 0 0 0 0 0 0 0 0 0 0 0 0
 4 4 3 0 0 0 0 0 0 0 2 2 2 2 2 2 1 1 2 4 4 0 2 2 2 2 0 0 0 2 3 3 2 2 1 0 0 0 0 0 0 0 0 0 0 0
 4 4 3 0 0 0 0 0 0 0 2 2 2 2 2 2 1 1 2 4 4 0 2 2 2 2 0 0 0 2 3 3 2 2 1 0 0 0 0 0 0 0 0 0 0 0
 3 3 3 1 1 0 0 0 0 0 1 1 1 1 3 3 1 1 1 4 4 3 5 5 0 0 1 1 1 5 2 2 2 2 1 0 0 0 0 0 0 0 0 0 0 0
 3 3 3 1 1 0 0 0 0 0 1 1 1 1 3 3 1 1 1 4 4 3 5 5 0 0 1 1 1 5 2 2 2 2 1 0 0 0 0 0 0 0 0 0 0 0
 2 2 3 1 1 1 1 1 1 1 1 2 2 2 4 4 1 1 1 0 0 2 0 0 1 1 0 3 3 5 2 2 1 1 0 0 0 0 0 0 0 0 0 0 0 0
 2 2 2 2 2 2 1 1 3 3 3 2 2 4 3 3 2 2 2 2 2 4 8 8 8 8 2 3 3 6 2 2 0 0 0 0 0 0 0 0 0 0 0 0 0 0
 2 2 2 2 2 2 1 1 3 3 3 2 2 4 3 3 2 2 2 2 2 4 8 8 8 8 2 3 3 6 2 2 0 0 0 0 0 0 0 0 0 0 0 0 0 0
 3 3 2 2 2 2 3 3 8 8 6 4 4 6 7 7 5 5 5 8 8 2 3 3 19 19 7 3 3 2 4 4 0 0 0 0 0 0 0 0 0 0 0 0 0 0
 2 2 2 2 2 3 5 5 12 12 12 8 8 8 7 7 7 7 8 9 9 8 21 21 5 5 11 2 2 4 1 1 0 0 0 0 0 0 0 0 0 0 0 0 0 0
 2 2 2 2 2 3 5 5 12 12 12 8 8 8 7 7 7 7 8 9 9 8 21 21 5 5 11 2 2 4 1 1 0 0 0 0 0 0 0 0 0 0 0 0 0 0
 2 2 3 3 3 5 14 14 21 21 11 11 11 11 3 3 4 4 10 5 5 6 22 22 29 29 11 1 1 3 0 0 0 0 0 0 0 0 0 0 0 0 0 0 0 0
 2 2 3 3 3 5 14 14 21 21 11 11 11 11 3 3 4 4 10 5 5 6 22 22 29 29 11 1 1 3 0 0 0 0 0 0 0 0 0 0 0 0 0 0 0 0
 3 3 3 4 4 11 20 20 12 12 13 10 10 6 5 5 4 4 10 9 9 28 31 31 27 27 10 2 2 3 2 2 0 0 0 0 0 0 0 0 1 1 0 0 0 0
 3 3 4 4 4 14 14 14 9 9 10 8 8 7 8 8 5 5 7 10 10 1 7 7 8 8 1 1 1 0 0 0 0 0 0 0 0 0 0 0 0 0 0 0 0 0
 3 3 4 4 4 14 14 14 9 9 10 8 8 7 8 8 5 5 7 10 10 1 7 7 8 8 1 1 1 0 0 0 0 0 0 0 0 0 0 0 0 0 0 0 0 0
 8 8 6 4 4 2 6 6 2 2 7 5 5 6 7 7 5 5 4 2 2 4 1 1 1 1 1 1 1 1 0 0 0 0 0 1 1 0 0 0 0 0 0 0 0 0
 4 4 2 1 1 1 1 1 2 2 2 2 2 3 4 4 3 3 3 2 2 3 9 9 1 1 1 1 1 3 0 0 0 0 0 1 1 1 0 0 1 1 1 1 1 0
 4 4 2 1 1 1 1 1 2 2 2 2 2 3 4 4 3 3 3 2 2 3 9 9 1 1 1 1 1 3 0 0 0 0 0 1 1 1 0 0 1 1 1 1 1 0
 0 0 0 0 0 2 1 1 2 2 2 2 2 2 3 3 2 2 2 1 1 1 2 2 2 2 3 3 3 1 0 0 1 1 1 1 1 1 1 1 1 1 2 2 2 1
 0 0 0 0 0 2 1 1 2 2 2 2 2 2 3 3 2 2 2 1 1 1 2 2 2 2 3 3 3 1 0 0 1 1 1 1 1 1 1 1 1 1 2 2 2 1
 2 2 1 0 0 1 3 3 3 3 3 3 3 2 1 1 1 1 1 3 3 1 1 1 1 1 2 4 4 2 2 2 3 3 2 3 3 8 3 3 1 1 2 2 2 2
 0 0 0 1 1 1 3 3 5 5 3 3 3 1 0 0 0 0 0 2 2 2 3 3 5 5 2 2 2 3 3 3 4 4 5 4 4 7 2 2 3 3 3 3 3 1
 0 0 0 1 1 1 3 3 5 5 3 3 3 1 0 0 0 0 0 2 2 2 3 3 5 5 2 2 2 3 3 3 4 4 5 4 4 7 2 2 3 3 3 3 3 1
 1 1 1 1 1 2 2 2 3 3 2 2 2 1 0 0 1 1 2 2 2 3 3 3 3 3 6 6 6 4 4 4 5 5 2 4 4 8 5 5 3 3 2 0 0 0
 1 1 1 1 1 1 1 1 1 1 1 2 2 0 0 0 0 0 0 2 2 2 1 1 5 5 2 2 2 2 5 5 2 2 2 4 4 4 2 2 0 0 0 0 0 0
 1 1 1 1 1 1 1 1 1 1 1 2 2 0 0 0 0 0 0 2 2 2 1 1 5 5 2 2 2 2 5 5 2 2 2 4 4 4 2 2 0 0 0 0 0 0
 1 1 1 1 1 1 2 2 1 1 1 1 1 1 0 0 0 0 0 1 1 1 0 0 3 3 2 3 3 5 2 2 2 2 2 2 2 1 0 0 0 0 0 0 0 0
 1 1 1 1 1 1 2 2 1 1 1 1 1 1 0 0 0 0 0 1 1 1 0 0 3 3 2 3 3 5 2 2 2 2 2 2 2 1 0 0 0 0 0 0 0 0
 1 1 1 1 1 1 1 1 1 1 1 1 1 1 0 0 3 3 0 0 0 1 1 1 5 5 5 6 6 9 4 4 7 7 4 2 2 1 0 0 0 0 0 0 0 0
 1 1 3 1 1 1 1 1 1 1 1 1 1 1 0 0 0 0 0 2 2 3 2 2 5 5 7 5 5 9 8 8 11 11 3 3 3 1 1 1 0 0 0 0 0 0
 1 1 3 1 1 1 1 1 1 1 1 1 1 1 0 0 0 0 0 2 2 3 2 2 5 5 7 5 5 9 8 8 11 11 3 3 3 1 1 1 0 0 0 0 0 0
 1 1 1 1 1 1 1 1 1 1 1 1 1 1 1 1 0 0 4 1 1 3 2 2 6 6 3 5 5 14 14 14 7 7 4 1 1 1 1 1 1 1 0 0 0 0
 2 2 1 1 1 1 1 1 1 1 1 1 1 1 1 1 1 1 1 1 1 3 2 2 6 6 7 12 12 27 24 24 12 12 2 4 4 1 1 1 1 1 0 0 0 0
 2 2 1 1 1 1 1 1 1 1 1 1 1 1 1 1 1 1 1 1 1 3 2 2 6 6 7 12 12 27 24 24 12 12 2 4 4 1 1 1 1 1 0 0 0 0
 4 4 3 2 2 1 0 0 1 1 1 1 1 1 1 1 1 1 1 2 2 6 8 8 4 4 11 7 7 20 22 22 15 15 20 6 6 4 2 2 3 3 1 0 0 0
 4 4 3 2 2 1 0 0 1 1 1 1 1 1 1 1 1 1 1 2 2 6 8 8 4 4 11 7 7 20 22 22 15 15 20 6 6 4 2 2 3 3 1 0 0 0
 8 8 4 3 3 1 1 1 1 1 1 1 1 3 1 1 1 1 3 2 2 4 3 3 6 6 11 7 7 12 30 30 28 28 26 3 3 7 3 3 7 7 0 1 1 0
 8 8 7 2 2 1 2 2 0 0 1 1 1 1 2 2 2 2 1 2 2 3 4 4 5 5 9 12 12 10 30 30 22 22 29 7 7 2 2 2 2 2 3 0 0 0
 8 8 7 2 2 1 2 2 0 0 1 1 1 1 2 2 2 2 1 2 2 3 4 4 5 5 9 12 12 10 30 30 22 22 29 7 7 2 2 2 2 2 3 0 0 0
 10 10 7 1 1 1 0 0 0 0 0 1 1 2 1 1 1 1 1 1 1 2 3 3 3 3 4 7 7 10 21 21 26 26 38 8 8 6 2 2 6 6 0 0 0 0
 9 9 6 0 0 0 0 0 0 0 0 2 2 1 0 0 0 0 1 1 1 0 2 2 4 4 3 9 9 14 16 16 36 36 16 5 5 6 4 4 1 1 0 0 0 0
 9 9 6 0 0 0 0 0 0 0 0 2 2 1 0 0 0 0 1 1 1 0 2 2 4 4 3 9 9 14 16 16 36 36 16 5 5 6 4 4 1 1 0 0 0 0
 5 5 3 0 0 0 0 0 0 0 1 0 0 0 1 1 0 0 0 0 0 1 1 1 6 6 7 15 15 9 9 9 6 6 6 9 9 7 4 4 3 3 0 0 0 0
 5 5 3 0 0 0 0 0 0 0 1 0 0 0 1 1 0 0 0 0 0 1 1 1 6 6 7 15 15 9 9 9 6 6 6 9 9 7 4 4 3 3 0 0 0 0
 1 1 3 2 2 2 1 1 1 1 1 1 1 2 1 1 0 0 1 1 1 1 1 1 3 3 4 2 2 7 3 3 4 4 10 16 16 15 14 14 4 4 0 0 0 0
 1 1 3 2 2 3 3 3 2 2 1 2 2 2 1 1 1 1 1 0 0 1 1 1 2 2 3 2 2 2 3 3 5 5 7 19 19 24 13 13 4 4 1 0 0 0
 1 1 3 2 2 3 3 3 2 2 1 2 2 2 1 1 1 1 1 0 0 1 1 1 2 2 3 2 2 2 3 3 5 5 7 19 19 24 13 13 4 4 1 0 0 0
 3 3 3 4 4 6 4 4 5 5 3 3 3 3 1 1 1 1 0 0 0 1 0 0 2 2 0 2 2 2 1 1 2 2 4 19 19 23 10 10 4 4 4 4 4 2
 1 1 3 3 3 6 2 2 6 6 4 4 4 4 1 1 1 1 1 0 0 0 0 0 2 2 3 0 0 1 1 1 1 1 3 6 6 8 8 8 5 5 5 4 4 3
 1 1 3 3 3 6 2 2 6 6 4 4 4 4 1 1 1 1 1 0 0 0 0 0 2 2 3 0 0 1 1 1 1 1 3 6 6 8 8 8 5 5 5 4 4 3
 2 2 4 4 4 5 4 4 5 5 5 3 3 4 1 1 0 0 0 2 2 0 2 2 0 0 0 0 0 1 2 2 1 1 2 3 3 2 1 1 6 6 4 7 7 2
 2 2 4 4 4 5 4 4 5 5 5 3 3 4 1 1 0 0 0 2 2 0 2 2 0 0 0 0 0 1 2 2 1 1 2 3 3 2 1 1 6 6 4 7 7 2
 3 3 3 2 2 5 3 3 4 4 2 3 3 1 2 2 0 0 0 1 1 1 0 0 1 1 1 0 0 0 2 2 3 3 3 2 2 2 2 2 4 4 2 2 2 2
 5 5 4 3 3 3 1 1 3 3 1 2 2 0 0 0 0 0 0 1 1 1 1 1 0 0 0 0 0 0 0 0 1 1 2 2 2 7 4 4 4 4 2 2 2 0
 5 5 4 3 3 3 1 1 3 3 1 2 2 0 0 0 0 0 0 1 1 1 1 1 0 0 0 0 0 0 0 0 1 1 2 2 2 7 4 4 4 4 2 2 2 0
 7 7 10 7 7 7 9 9 1 1 0 1 1 0 0 0 0 0 1 1 1 0 1 1 0 0 0 0 0 0 0 0 1 1 1 2 2 2 2 2 2 2 1 1 1 0
 11 11 10 7 7 6 5 5 1 1 0 0 0 1 0 0 2 2 0 1 1 0 0 0 0 0 0 0 0 0 0 0 0 0 0 1 1 2 2 2 1 1 2 1 1 0
