assets/RAT_results/precipitation/2016-10-13_IMERG.asc
ncols        46
nrows        77
xllcorner    74.800261325624
yllcorner    8.058333333333
cellsize     0.062500000000
NODATA_value -9999
 4 4 1 2 2 1 1 1 1 1 4 2 2 3 1 1 1 1 1 4 4 5 4 4 5 5 9 10 10 8 7 7 5 5 5 4 4 1 2 2 3 3 3 2 2 3
 5 5 5 2 2 4 9 9 0 0 3 3 3 1 2 2 1 1 1 2 2 3 4 4 6 6 10 13 13 10 9 9 5 5 4 3 3 0 1 1 2 2 3 3 3 4
 5 5 5 2 2 4 9 9 0 0 3 3 3 1 2 2 1 1 1 2 2 3 4 4 6 6 10 13 13 10 9 9 5 5 4 3 3 0 1 1 2 2 3 3 3 4
 8 8 6 14 14 8 13 13 12 12 0 3 3 5 2 2 3 3 1 1 1 1 2 2 4 4 16 19 19 12 7 7 3 3 3 2 2 3 4 4 2 2 1 7 7 4
 12 12 12 13 13 33 44 44 47 47 8 1 1 3 3 3 3 3 3 1 1 1 3 3 5 5 14 14 14 21 10 10 9 9 21 17 17 3 8 8 4 4 1 2 2 3
 12 12 12 13 13 33 44 44 47 47 8 1 1 3 3 3 3 3 3 1 1 1 3 3 5 5 14 14 14 21 10 10 9 9 21 17 17 3 8 8 4 4 1 2 2 3
 13 13 8 10 10 17 51 51 75 75 70 16 16 8 3 3 2 2 4 1 1 2 4 4 5 5 5 12 12 9 13 13 16 16 19 19 19 22 8 8 7 7 2 5 5 2
 13 13 8 10 10 17 51 51 75 75 70 16 16 8 3 3 2 2 4 1 1 2 4 4 5 5 5 12 12 9 13 13 16 16 19 19 19 22 8 8 7 7 2 5 5 2
 13 13 15 19 19 20 39 39 56 56 71 19 19 20 13 13 6 6 4 4 4 4 6 6 6 6 6 11 11 12 15 15 27 27 23 23 23 26 17 17 11 11 7 4 4 3
 14 14 35 16 16 32 28 28 47 47 49 67 67 30 35 35 12 12 12 4 4 5 5 5 5 5 6 23 23 6 19 19 29 29 39 32 32 26 20 20 19 19 6 4 4 2
 14 14 35 16 16 32 28 28 47 47 49 67 67 30 35 35 12 12 12 4 4 5 5 5 5 5 6 23 23 6 19 19 29 29 39 32 32 26 20 20 19 19 6 4 4 2
 20 20 29 34 34 69 19 19 17 17 27 32 32 74 68 68 53 53 10 9 9 4 7 7 6 6 9 3 3 7 18 18 24 24 30 23 23 15 17 17 10 10 8 5 5 6
 29 29 24 21 21 31 56 56 43 43 33 37 37 66 57 57 50 50 16 36 36 20 6 6 19 19 3 5 5 6 3 3 10 10 7 2 2 4 15 15 10 10 7 7 7 4
 29 29 24 21 21 31 56 56 43 43 33 37 37 66 57 57 50 50 16 36 36 20 6 6 19 19 3 5 5 6 3 3 10 10 7 2 2 4 15 15 10 10 7 7 7 4
 9 9 31 14 14 28 39 39 48 48 35 30 30 63 36 36 24 24 19 44 44 20 10 10 10 10 4 6 6 15 9 9 3 3 8 5 5 4 14 14 20 20 7 4 4 3
 9 9 31 14 14 28 39 39 48 48 35 30 30 63 36 36 24 24 19 44 44 20 10 10 10 10 4 6 6 15 9 9 3 3 8 5 5 4 14 14 20 20 7 4 4 3
 16 16 31 11 11 13 24 24 46 46 64 42 42 78 61 61 70 70 34 35 35 15 26 26 15 15 17 20 20 15 16 16 7 7 13 8 8 11 10 10 18 18 6 3 3 3
 17 17 20 20 20 23 12 12 38 38 22 33 33 82 99 99 54 54 47 25 25 12 24 24 24 24 17 25 25 21 26 26 12 12 11 9 9 4 8 8 8 8 2 1 1 2
 17 17 20 20 20 23 12 12 38 38 22 33 33 82 99 99 54 54 47 25 25 12 24 24 24 24 17 25 25 21 26 26 12 12 11 9 9 4 8 8 8 8 2 1 1 2
 29 29 23 13 13 15 22 22 18 18 12 50 50 48 66 66 31 31 75 22 22 22 16 16 31 31 17 22 22 23 14 14 68 68 18 9 9 4 2 2 6 6 2 0 0 0
 47 47 30 23 23 13 12 12 19 19 13 34 34 38 51 51 69 69 65 35 35 27 36 36 30 30 31 25 25 20 13 13 18 18 22 11 11 3 1 1 1 1 4 3 3 1
 47 47 30 23 23 13 12 12 19 19 13 34 34 38 51 51 69 69 65 35 35 27 36 36 30 30 31 25 25 20 13 13 18 18 22 11 11 3 1 1 1 1 4 3 3 1
 30 30 27 27 27 8 10 10 16 16 26 26 26 23 24 24 29 29 52 28 28 28 25 25 19 19 12 31 31 25 15 15 16 16 34 17 17 8 1 1 0 0 2 2 2 0
 30 30 27 27 27 8 10 10 16 16 26 26 26 23 24 24 29 29 52 28 28 28 25 25 19 19 12 31 31 25 15 15 16 16 34 17 17 8 1 1 0 0 2 2 2 0
 27 27 18 22 22 13 19 19 15 15 20 16 16 30 19 19 17 17 47 35 35 71 31 31 28 28 14 14 14 25 14 14 22 22 30 43 43 14 6 6 2 2 2 0 0 2
 23 23 20 15 15 16 17 17 14 14 10 15 15 17 17 17 9 9 8 31 31 13 22 22 12 12 18 15 15 16 22 22 26 26 25 44 44 53 9 9 15 15 6 4 4 3
 23 23 20 15 15 16 17 17 14 14 10 15 15 17 17 17 9 9 8 31 31 13 22 22 12 12 18 15 15 16 22 22 26 26 25 44 44 53 9 9 15 15 6 4 4 3
 25 25 25 16 16 29 22 22 15 15 15 8 8 8 4 4 13 13 7 13 13 32 17 17 9 9 20 9 9 16 36 36 31 31 31 37 37 44 40 40 16 16 12 6 6 10
 46 46 22 14 14 19 19 19 19 19 19 7 7 2 4 4 8 8 10 16 16 20 18 18 18 18 24 12 12 15 26 26 29 29 28 36 36 19 26 26 19 19 16 19 19 21
 46 46 22 14 14 19 19 19 19 19 19 7 7 2 4 4 8 8 10 16 16 20 18 18 18 18 24 12 12 15 26 26 29 29 28 36 36 19 26 26 19 19 16 19 19 21
 34 34 32 24 24 26 32 32 24 24 9 21 21 5 4 4 11 11 20 11 11 17 17 17 14 14 22 24 24 19 16 16 20 20 28 24 24 19 29 29 27 27 24 26 26 24
 34 34 32 24 24 26 32 32 24 24 9 21 21 5 4 4 11 11 20 11 11 17 17 17 14 14 22 24 24 19 16 16 20 20 28 24 24 19 29 29 27 27 24 26 26 24
 26 26 44 47 47 43 27 27 18 18 20 11 11 10 8 8 9 9 10 11 11 19 7 7 23 23 16 15 15 16 14 14 28 28 37 24 24 16 24 24 36 36 38 26 26 46
 36 36 43 48 48 42 28 28 39 39 15 16 16 24 18 18 14 14 9 7 7 8 10 10 36 36 19 27 27 20 29 29 21 21 17 25 25 24 23 23 58 58 37 37 37 31
 36 36 43 48 48 42 28 28 39 39 15 16 16 24 18 18 14 14 9 7 7 8 10 10 36 36 19 27 27 20 29 29 21 21 17 25 25 24 23 23 58 58 37 37 37 31
 38 38 44 54 54 34 28 28 22 22 29 17 17 34 43 43 37 37 14 9 9 16 40 40 26 26 29 34 34 27 18 18 16 16 18 14 14 43 26 26 29 29 32 43 43 42
 55 55 45 48 48 44 41 41 36 36 36 56 56 44 130 130 41 41 35 25 25 31 25 25 32 32 27 68 68 35 55 55 36 36 29 27 27 28 28 28 55 55 62 28 28 51
 55 55 45 48 48 44 41 41 36 36 36 56 56 44 130 130 41 41 35 25 25 31 25 25 32 32 27 68 68 35 55 55 36 36 29 27 27 28 28 28 55 55 62 28 28 51
 70 70 63 42 42 45 48 48 69 69 54 64 64 84 150 150 234 234 71 53 53 52 42 42 24 24 22 15 15 46 45 45 20 20 12 21 21 49 62 62 59 59 29 25 25 51
 70 70 63 42 42 45 48 48 69 69 54 64 64 84 150 150 234 234 71 53 53 52 42 42 24 24 22 15 15 46 45 45 20 20 12 21 21 49 62 62 59 59 29 25 25 51
 69 69 62 65 65 53 68 68 77 77 88 118 118 120 161 161 176 176 67 61 61 48 70 70 12 12 29 26 26 33 40 40 33 33 30 42 42 73 34 34 44 44 34 31 31 29
 60 60 69 63 63 75 74 74 109 109 95 98 98 154 244 244 121 121 40 36 36 43 38 38 33 33 42 25 25 56 49 49 47 47 48 26 26 27 19 19 46 46 63 46 46 27
 60 60 69 63 63 75 74 74 109 109 95 98 98 154 244 244 121 121 40 36 36 43 38 38 33 33 42 25 25 56 49 49 47 47 48 26 26 27 19 19 46 46 63 46 46 27
 43 43 43 59 59 66 102 102 128 128 118 124 124 224 267 267 143 143 92 65 65 65 51 51 60 60 37 24 24 29 73 73 79 79 53 34 34 50 41 41 35 35 31 33 33 58
 21 21 32 55 55 84 91 91 142 142 113 123 123 171 204 204 143 143 90 55 55 59 85 85 78 78 38 66 66 55 78 78 79 79 58 66 66 26 44 44 37 37 32 46 46 47
 21 21 32 55 55 84 91 91 142 142 113 123 123 171 204 204 143 143 90 55 55 59 85 85 78 78 38 66 66 55 78 78 79 79 58 66 66 26 44 44 37 37 32 46 46 47
 27 27 21 25 25 44 93 93 95 95 104 109 109 111 138 138 96 96 90 76 76 54 65 65 66 66 47 65 65 33 65 65 65 65 38 31 31 25 24 24 30 30 42 61 61 69
 27 27 21 25 25 44 93 93 95 95 104 109 109 111 138 138 96 96 90 76 76 54 65 65 66 66 47 65 65 33 65 65 65 65 38 31 31 25 24 24 30 30 42 61 61 69
 20 20 14 15 15 23 45 45 54 54 72 62 62 76 69 69 169 169 76 42 42 42 68 68 63 63 52 61 61 38 69 69 40 40 28 31 31 37 42 42 43 43 59 115 115 57
 25 25 19 20 20 26 26 26 35 35 30 25 25 27 26 26 38 38 31 31 31 29 20 20 61 61 43 40 40 40 30 30 23 23 42 27 27 49 31 31 40 40 46 77 77 51
 25 25 19 20 20 26 26 26 35 35 30 25 25 27 26 26 38 38 31 31 31 29 20 20 61 61 43 40 40 40 30 30 23 23 42 27 27 49 31 31 40 40 46 77 77 51
 19 19 31 24 24 18 17 17 23 23 29 17 17 17 19 19 25 25 23 40 40 15 33 33 35 35 33 44 44 42 35 35 27 27 35 29 29 67 30 30 33 33 38 69 69 62
 16 16 19 21 21 18 15 15 16 16 11 15 15 7 16 16 18 18 16 14 14 21 27 27 36 36 37 40 40 38 31 31 19 19 27 26 26 37 25 25 23 23 52 63 63 38
 16 16 19 21 21 18 15 15 16 16 11 15 15 7 16 16 18 18 16 14 14 21 27 27 36 36 37 40 40 38 31 31 19 19 27 26 26 37 25 25 23 23 52 63 63 38
 22 22 16 16 16 14 13 13 11 11 6 5 5 8 10 10 8 8 7 9 9 10 10 10 14 14 31 34 34 30 28 28 31 31 20 32 32 32 24 24 25 25 27 43 43 55
 22 22 16 16 16 14 13 13 11 11 6 5 5 8 10 10 8 8 7 9 9 10 10 10 14 14 31 34 34 30 28 28 31 31 20 32 32 32 24 24 25 25 27 43 43 55
 29 29 16 20 20 17 11 11 8 8 7 5 5 6 11 11 7 7 8 9 9 7 18 18 12 12 23 40 40 32 45 45 23 23 25 34 34 28 17 17 32 32 42 35 35 31
 23 23 25 21 21 21 20 20 15 15 9 6 6 6 22 22 17 17 4 4 4 4 19 19 16 16 12 14 14 9 24 24 26 26 21 23 23 32 30 30 29 29 24 20 20 29
 23 23 25 21 21 21 20 20 15 15 9 6 6 6 22 22 17 17 4 4 4 4 19 19 16 16 12 14 14 9 24 24 26 26 21 23 23 32 30 30 29 29 24 20 20 29
 25 25 19 29 29 49 17 17 11 11 14 13 13 6 21 21 4 4 6 3 3 7 12 12 4 4 9 10 10 9 22 22 50 50 26 33 33 23 33 33 34 34 17 45 45 21
 17 17 19 23 23 22 22 22 13 13 24 17 17 16 10 10 6 6 4 5 5 5 6 6 5 5 7 12 12 10 19 19 11 11 41 37 37 28 15 15 5 5 3 9 9 29
 17 17 19 23 23 22 22 22 13 13 24 17 17 16 10 10 6 6 4 5 5 5 6 6 5 5 7 12 12 10 19 19 11 11 41 37 37 28 15 15 5 5 3 9 9 29
 21 21 13 15 15 17 33 33 14 14 11 18 18 6 6 6 1 1 1 1 1 4 3 3 9 9 4 12 12 10 8 8 5 5 10 23 23 26 20 20 4 4 4 22 22 3
 21 21 13 15 15 17 33 33 14 14 11 18 18 6 6 6 1 1 1 1 1 4 3 3 9 9 4 12 12 10 8 8 5 5 10 23 23 26 20 20 4 4 4 22 22 3
 12 12 9 16 16 14 21 21 6 6 5 5 5 6 5 5 2 2 2 0 0 0 0 0 1 1 13 6 6 9 13 13 7 7 5 11 11 17 14 14 13 13 19 17 17 14
 10 10 17 8 8 8 7 7 2 2 3 1 1 1 1 1 0 0 0 1 1 1 1 1 3 3 1 11 11 9 15 15 8 8 11 12 12 12 14 14 13 13 15 41 41 8
 10 10 17 8 8 8 7 7 2 2 3 1 1 1 1 1 0 0 0 1 1 1 1 1 3 3 1 11 11 9 15 15 8 8 11 12 12 12 14 14 13 13 15 41 41 8
 16 16 6 6 6 3 3 3 3 3 1 1 1 1 1 1 0 0 0 1 1 0 0 0 0 0 0 8 8 9 15 15 10 10 9 9 9 6 19 19 33 33 5 6 6 10
 7 7 7 4 4 2 8 8 6 6 1 1 1 1 2 2 0 0 0 1 1 1 1 1 0 0 1 11 11 9 8 8 8 8 15 10 10 10 3 3 40 40 17 14 14 10
 7 7 7 4 4 2 8 8 6 6 1 1 1 1 2 2 0 0 0 1 1 1 1 1 0 0 1 11 11 9 8 8 8 8 15 10 10 10 3 3 40 40 17 14 14 10
 6 6 4 10 10 9 0 0 0 0 0 3 3 3 2 2 0 0 1 1 1 1 1 1 0 0 3 9 9 6 7 7 10 10 11 14 14 10 5 5 6 6 12 10 10 5
 6 6 4 10 10 9 0 0 0 0 0 3 3 3 2 2 0 0 1 1 1 1 1 1 0 0 3 9 9 6 7 7 10 10 11 14 14 10 5 5 6 6 12 10 10 5
 6 6 2 5 5 3 0 0 0 0 0 3 3 4 2 2 0 0 1 1 1 1 1 1 1 1 0 2 2 2 7 7 9 9 9 10 10 5 10 10 4 4 4 4 4 4
 4 4 5 3 3 2 1 1 0 0 0 1 1 2 2 2 0 0 2 5 5 2 2 2 1 1 1 2 2 3 6 6 12 12 15 7 7 4 1 1 0 0 0 10 10 8
 4 4 5 3 3 2 1 1 0 0 0 1 1 2 2 2 0 0 2 5 5 2 2 2 1 1 1 2 2 3 6 6 12 12 15 7 7 4 1 1 0 0 0 10 10 8
 2 2 2 5 5 0 0 0 1 1 0 2 2 2 2 2 2 2 2 7 7 6 4 4 1 1 1 2 2 3 8 8 24 24 23 12 12 3 6 6 3 3 2 0 0 0
 2 2 1 2 2 1 0 0 0 0 0 0 0 0 2 2 2 2 1 4 4 3 1 1 1 1 0 2 2 5 12 12 23 23 30 23 23 9 1 1 1 1 1 0 0 0
