assets/RAT_results/precipitation/2016-07-29_IMERG.asc
ncols        46
nrows        77
xllcorner    74.800261325624
yllcorner    8.058333333333
cellsize     0.062500000000
NODATA_value -9999
 57 57 45 23 23 24 25 25 10 10 6 10 10 0 1 1 1 1 2 1 1 2 3 3 4 4 5 8 8 5 7 7 8 8 15 22 22 14 31 31 32 32 21 16 16 16
 62 62 50 42 42 43 23 23 19 19 1 2 2 0 1 1 1 1 1 1 1 2 2 2 4 4 11 5 5 4 4 4 5 5 6 7 7 6 14 14 12 12 20 10 10 14
 62 62 50 42 42 43 23 23 19 19 1 2 2 0 1 1 1 1 1 1 1 2 2 2 4 4 11 5 5 4 4 4 5 5 6 7 7 6 14 14 12 12 20 10 10 14
 91 91 44 39 39 32 21 21 18 18 3 3 3 1 1 1 2 2 4 1 1 3 3 3 2 2 3 4 4 4 3 3 4 4 6 14 14 6 8 8 3 3 8 5 5 17
 76 76 64 54 54 24 18 18 11 11 4 3 3 2 1 1 2 2 2 4 4 1 2 2 3 3 3 5 5 6 6 6 9 9 9 3 3 3 8 8 12 12 7 8 8 18
 76 76 64 54 54 24 18 18 11 11 4 3 3 2 1 1 2 2 2 4 4 1 2 2 3 3 3 5 5 6 6 6 9 9 9 3 3 3 8 8 12 12 7 8 8 18
 73 73 60 61 61 39 26 26 25 25 27 9 9 5 2 2 5 5 2 6 6 2 2 2 2 2 3 3 3 3 3 3 5 5 10 3 3 4 3 3 9 9 4 8 8 10
 73 73 60 61 61 39 26 26 25 25 27 9 9 5 2 2 5 5 2 6 6 2 2 2 2 2 3 3 3 3 3 3 5 5 10 3 3 4 3 3 9 9 4 8 8 10
 77 77 73 78 78 56 39 39 38 38 28 11 11 11 3 3 3 3 4 2 2 1 0 0 1 1 1 2 2 3 4 4 8 8 5 5 5 7 5 5 6 6 13 8 8 7
 79 79 60 59 59 63 53 53 32 32 33 26 26 14 9 9 4 4 4 1 1 0 0 0 0 0 1 2 2 2 2 2 9 9 2 5 5 6 7 7 9 9 5 7 7 7
 79 79 60 59 59 63 53 53 32 32 33 26 26 14 9 9 4 4 4 1 1 0 0 0 0 0 1 2 2 2 2 2 9 9 2 5 5 6 7 7 9 9 5 7 7 7
 40 40 51 41 41 43 49 49 37 37 34 27 27 16 11 11 8 8 5 2 2 0 0 0 0 0 0 1 1 1 2 2 2 2 2 3 3 5 5 5 3 3 4 4 4 3
 24 24 33 39 39 50 35 35 44 44 28 27 27 18 10 10 6 6 4 2 2 0 0 0 0 0 0 0 0 0 0 0 1 1 1 2 2 3 1 1 3 3 5 2 2 3
 24 24 33 39 39 50 35 35 44 44 28 27 27 18 10 10 6 6 4 2 2 0 0 0 0 0 0 0 0 0 0 0 1 1 1 2 2 3 1 1 3 3 5 2 2 3
 34 34 31 25 25 33 39 39 34 34 31 31 31 18 10 10 8 8 4 2 2 1 1 1 3 3 1 1 1 0 0 0 0 0 1 1 1 3 3 3 5 5 5 4 4 0
 34 34 31 25 25 33 39 39 34 34 31 31 31 18 10 10 8 8 4 2 2 1 1 1 3 3 1 1 1 0 0 0 0 0 1 1 1 3 3 3 5 5 5 4 4 0
 30 30 25 23 23 27 28 28 34 34 30 23 23 20 16 16 9 9 5 4 4 2 3 3 4 4 2 1 1 0 1 1 0 0 1 1 1 1 2 2 3 3 2 1 1 1
 11 11 17 15 15 21 27 27 23 23 32 24 24 22 10 10 5 5 5 6 6 3 1 1 4 4 1 1 1 0 1 1 4 4 1 0 0 1 2 2 14 14 6 0 0 1
 11 11 17 15 15 21 27 27 23 23 32 24 24 22 10 10 5 5 5 6 6 3 1 1 4 4 1 1 1 0 1 1 4 4 1 0 0 1 2 2 14 14 6 0 0 1
 17 17 19 14 14 9 11 11 16 16 17 25 25 13 5 5 2 2 4 8 8 3 1 1 2 2 1 0 0 3 0 0 0 0 0 0 0 1 1 1 9 9 1 4 4 1
 6 6 16 9 9 11 11 11 22 22 14 24 24 15 7 7 3 3 3 6 6 2 1 1 2 2 1 1 1 0 0 0 0 0 0 0 0 0 1 1 0 0 0 4 4 0
 6 6 16 9 9 11 11 11 22 22 14 24 24 15 7 7 3 3 3 6 6 2 1 1 2 2 1 1 1 0 0 0 0 0 0 0 0 0 1 1 0 0 0 4 4 0
 8 8 7 7 7 14 12 12 11 11 9 22 22 22 12 12 6 6 2 2 2 2 2 2 2 2 1 2 2 2 1 1 1 1 1 1 1 0 0 0 1 1 0 0 0 0
 8 8 7 7 7 14 12 12 11 11 9 22 22 22 12 12 6 6 2 2 2 2 2 2 2 2 1 2 2 2 1 1 1 1 1 1 1 0 0 0 1 1 0 0 0 0
 10 10 4 5 5 7 11 11 4 4 8 5 5 29 21 21 13 13 9 4 4 2 3 3 1 1 0 1 1 5 2 2 2 2 1 0 0 1 2 2 1 1 1 0 0 1
 12 12 5 6 6 6 8 8 4 4 9 2 2 9 13 13 13 13 9 3 3 3 2 2 1 1 1 2 2 6 2 2 0 0 0 0 0 0 1 1 1 1 3 3 3 1
 12 12 5 6 6 6 8 8 4 4 9 2 2 9 13 13 13 13 9 3 3 3 2 2 1 1 1 2 2 6 2 2 0 0 0 0 0 0 1 1 1 1 3 3 3 1
 4 4 2 3 3 4 5 5 7 7 15 2 2 3 4 4 9 9 2 1 1 0 3 3 1 1 1 1 1 1 0 0 0 0 1 1 1 0 0 0 0 0 1 3 3 0
 3 3 3 2 2 2 6 6 7 7 17 12 12 2 4 4 7 7 2 0 0 0 1 1 0 0 0 1 1 0 0 0 0 0 0 0 0 0 0 0 0 0 0 0 0 0
 3 3 3 2 2 2 6 6 7 7 17 12 12 2 4 4 7 7 2 0 0 0 1 1 0 0 0 1 1 0 0 0 0 0 0 0 0 0 0 0 0 0 0 0 0 0
 2 2 2 1 1 1 2 2 6 6 10 3 3 1 5 5 5 5 2 1 1 0 0 0 0 0 0 0 0 0 0 0 0 0 0 0 0 0 0 0 0 0 0 0 0 0
 2 2 2 1 1 1 2 2 6 6 10 3 3 1 5 5 5 5 2 1 1 0 0 0 0 0 0 0 0 0 0 0 0 0 0 0 0 0 0 0 0 0 0 0 0 0
 1 1 1 1 1 1 3 3 13 13 8 2 2 1 5 5 3 3 4 1 1 1 0 0 0 0 0 1 1 1 0 0 0 0 0 0 0 0 0 0 0 0 0 0 0 0
 3 3 2 3 3 3 4 4 12 12 4 1 1 1 1 1 1 1 2 2 2 0 0 0 0 0 0 0 0 0 0 0 0 0 0 0 0 0 0 0 0 0 0 0 0 0
 3 3 2 3 3 3 4 4 12 12 4 1 1 1 1 1 1 1 2 2 2 0 0 0 0 0 0 0 0 0 0 0 0 0 0 0 0 0 0 0 0 0 0 0 0 0
 4 4 5 5 5 2 5 5 6 6 3 0 0 1 1 1 1 1 2 2 2 1 0 0 0 0 0 0 0 0 0 0 0 0 0 0 0 0 0 0 0 0 0 0 0 0
 5 5 6 2 2 3 6 6 6 6 5 1 1 2 1 1 1 1 1 2 2 1 1 1 0 0 0 0 0 0 0 0 0 0 0 0 0 0 0 0 0 0 0 0 0 0
 5 5 6 2 2 3 6 6 6 6 5 1 1 2 1 1 1 1 1 2 2 1 1 1 0 0 0 0 0 0 0 0 0 0 0 0 0 0 0 0 0 0 0 0 0 0
 3 3 5 2 2 2 5 5 3 3 0 0 0 1 1 1 1 1 1 2 2 3 1 1 0 0 0 0 0 1 1 1 1 1 0 0 0 0 0 0 0 0 0 0 0 0
 3 3 5 2 2 2 5 5 3 3 0 0 0 1 1 1 1 1 1 2 2 3 1 1 0 0 0 0 0 1 1 1 1 1 0 0 0 0 0 0 0 0 0 0 0 0
 4 4 3 3 3 7 4 4 3 3 1 1 1 2 1 1 1 1 1 2 2 3 1 1 0 0 1 4 4 4 3 3 4 4 2 4 4 4 2 2 0 0 1 1 1 0
 3 3 3 6 6 7 5 5 7 7 3 4 4 3 1 1 1 1 1 1 1 3 3 3 1 1 1 2 2 2 3 3 6 6 5 8 8 10 5 5 1 1 3 5 5 2
 3 3 3 6 6 7 5 5 7 7 3 4 4 3 1 1 1 1 1 1 1 3 3 3 1 1 1 2 2 2 3 3 6 6 5 8 8 10 5 5 1 1 3 5 5 2
 2 2 5 6 6 6 8 8 10 10 8 9 9 2 2 2 1 1 1 2 2 2 2 2 2 2 1 3 3 1 2 2 2 2 4 7 7 11 10 10 7 7 3 3 3 2
 4 4 6 5 5 6 8 8 10 10 12 7 7 3 3 3 1 1 1 1 1 1 2 2 2 2 1 0 0 7 4 4 2 2 4 6 6 8 6 6 4 4 3 2 2 2
 4 4 6 5 5 6 8 8 10 10 12 7 7 3 3 3 1 1 1 1 1 1 2 2 2 2 1 0 0 7 4 4 2 2 4 6 6 8 6 6 4 4 3 2 2 2
 2 2 3 4 4 3 5 5 5 5 7 4 4 3 2 2 1 1 3 1 1 2 1 1 2 2 2 0 0 2 5 5 3 3 3 3 3 5 4 4 2 2 2 3 3 1
 2 2 3 4 4 3 5 5 5 5 7 4 4 3 2 2 1 1 3 1 1 2 1 1 2 2 2 0 0 2 5 5 3 3 3 3 3 5 4 4 2 2 2 3 3 1
 1 1 1 2 2 2 3 3 3 3 3 5 5 3 3 3 5 5 3 2 2 1 1 1 2 2 2 1 1 1 1 1 1 1 2 2 2 2 2 2 3 3 2 1 1 0
 1 1 1 1 1 1 2 2 2 2 4 3 3 3 3 3 3 3 2 1 1 1 1 1 2 2 2 3 3 1 1 1 3 3 4 2 2 1 2 2 2 2 0 0 0 0
 1 1 1 1 1 1 2 2 2 2 4 3 3 3 3 3 3 3 2 1 1 1 1 1 2 2 2 3 3 1 1 1 3 3 4 2 2 1 2 2 2 2 0 0 0 0
 0 0 1 1 1 2 2 2 5 5 5 4 4 15 5 5 2 2 2 2 2 1 1 1 3 3 3 2 2 2 1 1 4 4 3 6 6 1 1 1 0 0 0 0 0 0
 0 0 1 2 2 1 2 2 4 4 3 8 8 16 6 6 3 3 2 2 2 2 3 3 4 4 4 3 3 2 1 1 1 1 1 1 1 1 0 0 1 1 0 0 0 0
 0 0 1 2 2 1 2 2 4 4 3 8 8 16 6 6 3 3 2 2 2 2 3 3 4 4 4 3 3 2 1 1 1 1 1 1 1 1 0 0 1 1 0 0 0 0
 0 0 1 1 1 1 1 1 2 2 2 2 2 8 6 6 2 2 2 2 2 3 4 4 7 7 5 3 3 2 1 1 9 9 6 5 5 0 0 0 1 1 0 0 0 0
 0 0 1 1 1 1 1 1 2 2 2 2 2 8 6 6 2 2 2 2 2 3 4 4 7 7 5 3 3 2 1 1 9 9 6 5 5 0 0 0 1 1 0 0 0 0
 1 1 1 0 0 1 1 1 2 2 2 1 1 4 4 4 2 2 2 2 2 3 4 4 6 6 5 2 2 1 1 1 1 1 2 0 0 1 0 0 1 1 0 0 0 0
 1 1 0 0 0 0 0 0 1 1 2 6 6 5 3 3 2 2 3 3 3 4 5 5 4 4 5 2 2 0 0 0 0 0 2 1 1 0 1 1 1 1 0 0 0 0
 1 1 0 0 0 0 0 0 1 1 2 6 6 5 3 3 2 2 3 3 3 4 5 5 4 4 5 2 2 0 0 0 0 0 2 1 1 0 1 1 1 1 0 0 0 0
 1 1 1 1 1 0 0 0 1 1 2 2 2 5 3 3 4 4 3 3 3 2 3 3 3 3 3 1 1 0 0 0 0 0 0 0 0 1 1 1 1 1 0 0 0 0
 0 0 0 1 1 1 1 1 2 2 2 3 3 2 3 3 4 4 3 2 2 1 2 2 2 2 2 1 1 1 0 0 0 0 0 1 1 0 1 1 1 1 0 0 0 0
 0 0 0 1 1 1 1 1 2 2 2 3 3 2 3 3 4 4 3 2 2 1 2 2 2 2 2 1 1 1 0 0 0 0 0 1 1 0 1 1 1 1 0 0 0 0
 0 0 1 1 1 1 3 3 3 3 3 3 3 2 1 1 4 4 1 2 2 1 1 1 1 1 1 1 1 1 1 1 1 1 1 1 1 1 2 2 1 1 0 0 0 0
 0 0 1 1 1 1 3 3 3 3 3 3 3 2 1 1 4 4 1 2 2 1 1 1 1 1 1 1 1 1 1 1 1 1 1 1 1 1 2 2 1 1 0 0 0 0
 0 0 1 1 1 1 2 2 2 2 2 2 2 1 1 1 3 3 1 0 0 0 0 0 0 0 0 0 0 2 2 2 1 1 1 1 1 0 2 2 1 1 0 0 0 0
 1 1 1 2 2 2 2 2 2 2 2 4 4 3 1 1 2 2 1 0 0 0 0 0 0 0 0 0 0 1 1 1 1 1 1 0 0 0 1 1 2 2 1 0 0 0
 1 1 1 2 2 2 2 2 2 2 2 4 4 3 1 1 2 2 1 0 0 0 0 0 0 0 0 0 0 1 1 1 1 1 1 0 0 0 1 1 2 2 1 0 0 0
 2 2 2 2 2 2 1 1 1 1 2 5 5 4 1 1 1 1 1 1 1 0 0 0 0 0 0 0 0 0 0 0 0 0 0 0 0 0 0 0 0 0 0 0 0 0
 1 1 1 1 1 1 1 1 2 2 2 3 3 3 2 2 1 1 1 0 0 0 0 0 0 0 0 0 0 0 0 0 0 0 0 0 0 0 0 0 1 1 0 0 0 0
 1 1 1 1 1 1 1 1 2 2 2 3 3 3 2 2 1 1 1 0 0 0 0 0 0 0 0 0 0 0 0 0 0 0 0 0 0 0 0 0 1 1 0 0 0 0
 0 0 0 1 1 1 1 1 2 2 2 2 2 3 1 1 0 0 0 0 0 0 0 0 0 0 0 0 0 1 0 0 0 0 1 0 0 0 0 0 0 0 0 0 0 0
 0 0 0 1 1 1 1 1 2 2 2 2 2 3 1 1 0 0 0 0 0 0 0 0 0 0 0 0 0 1 0 0 0 0 1 0 0 0 0 0 0 0 0 0 0 0
 0 0 0 1 1 1 1 1 1 1 1 0 0 1 0 0 0 0 0 0 0 0 0 0 0 0 0 0 0 0 0 0 0 0 0 2 2 3 0 0 0 0 0 0 0 0
 0 0 0 0 0 0 0 0 0 0 0 0 0 0 0 0 0 0 0 0 0 0 0 0 0 0 0 1 1 1 1 1 0 0 0 0 0 1 0 0 0 0 0 0 0 0
 0 0 0 0 0 0 0 0 0 0 0 0 0 0 0 0 0 0 0 0 0 0 0 0 0 0 0 1 1 1 1 1 0 0 0 0 0 1 0 0 0 0 0 0 0 0
 0 0 0 0 0 0 0 0 1 1 0 0 0 0 0 0 0 0 0 0 0 0 0 0 0 0 0 0 0 0 0 0 0 0 0 0 0 0 0 0 0 0 0 0 0 0
 0 0 0 0 0 0 1 1 1 1 1 0 0 0 0 0 0 0 0 0 0 0 0 0 0 0 0 0 0 0 0 0 0 0 0 0 0 0 0 0 0 0 0 0 0 0
