assets/RAT_results/precipitation/2016-10-21_IMERG.asc
ncols        46
nrows        77
xllcorner    74.800261325624
yllcorner    8.058333333333
cellsize     0.062500000000
NODATA_value -9999
 0 0 0 0 0 0 0 0 0 0 0 0 0 0 0 0 0 0 0 0 0 0 0 0 0 0 0 0 0 0 0 0 0 0 0 0 0 0 0 0 0 0 0 0 0 0
 0 0 0 0 0 0 0 0 0 0 0 0 0 0 0 0 0 0 0 0 0 0 0 0 0 0 0 0 0 0 0 0 0 0 0 0 0 0 0 0 0 0 0 0 0 0
 0 0 0 0 0 0 0 0 0 0 0 0 0 0 0 0 0 0 0 0 0 0 0 0 0 0 0 0 0 0 0 0 0 0 0 0 0 0 0 0 0 0 0 0 0 0
 0 0 1 0 0 0 0 0 0 0 0 0 0 0 0 0 0 0 0 0 0 0 0 0 0 0 0 0 0 0 0 0 0 0 0 0 0 0 0 0 0 0 0 0 0 0
 0 0 0 0 0 0 0 0 0 0 0 0 0 0 0 0 0 0 0 0 0 0 0 0 0 0 0 0 0 0 0 0 0 0 0 0 0 0 0 0 0 0 0 0 0 0
 0 0 0 0 0 0 0 0 0 0 0 0 0 0 0 0 0 0 0 0 0 0 0 0 0 0 0 0 0 0 0 0 0 0 0 0 0 0 0 0 0 0 0 0 0 0
 0 0 0 1 1 0 0 0 0 0 0 0 0 0 0 0 0 0 0 0 0 0 0 0 0 0 0 0 0 0 0 0 0 0 0 0 0 0 0 0 0 0 0 0 0 0
 0 0 0 1 1 0 0 0 0 0 0 0 0 0 0 0 0 0 0 0 0 0 0 0 0 0 0 0 0 0 0 0 0 0 0 0 0 0 0 0 0 0 0 0 0 0
 0 0 0 0 0 0 0 0 0 0 0 0 0 0 0 0 0 0 0 0 0 0 0 0 0 0 0 0 0 0 0 0 0 0 0 0 0 0 0 0 0 0 2 0 0 0
 0 0 0 0 0 0 0 0 0 0 0 0 0 0 0 0 0 0 0 0 0 0 0 0 0 0 0 0 0 0 0 0 0 0 0 0 0 0 0 0 0 0 1 0 0 0
 0 0 0 0 0 0 0 0 0 0 0 0 0 0 0 0 0 0 0 0 0 0 0 0 0 0 0 0 0 0 0 0 0 0 0 0 0 0 0 0 0 0 1 0 0 0
 0 0 0 0 0 0 0 0 0 0 0 0 0 0 0 0 0 0 0 0 0 0 0 0 0 0 0 0 0 0 0 0 0 0 0 0 0 0 0 0 0 0 1 0 0 0
 0 0 0 0 0 1 0 0 0 0 0 0 0 0 0 0 0 0 0 0 0 0 0 0 0 0 0 0 0 0 0 0 0 0 0 0 0 0 0 0 0 0 0 0 0 0
 0 0 0 0 0 1 0 0 0 0 0 0 0 0 0 0 0 0 0 0 0 0 0 0 0 0 0 0 0 0 0 0 0 0 0 0 0 0 0 0 0 0 0 0 0 0
 0 0 0 0 0 0 2 2 0 0 0 0 0 0 0 0 0 0 0 0 0 0 0 0 0 0 0 0 0 0 0 0 0 0 0 0 0 0 0 0 0 0 0 0 0 0
 0 0 0 0 0 0 2 2 0 0 0 0 0 0 0 0 0 0 0 0 0 0 0 0 0 0 0 0 0 0 0 0 0 0 0 0 0 0 0 0 0 0 0 0 0 0
 0 0 0 0 0 0 0 0 0 0 0 0 0 0 0 0 0 0 0 0 0 0 0 0 0 0 0 0 0 0 0 0 0 0 0 0 0 0 0 0 0 0 0 0 0 0
 0 0 0 0 0 0 0 0 0 0 0 1 1 0 0 0 0 0 0 0 0 0 0 0 0 0 0 0 0 0 0 0 0 0 0 0 0 0 0 0 0 0 0 0 0 0
 0 0 0 0 0 0 0 0 0 0 0 1 1 0 0 0 0 0 0 0 0 0 0 0 0 0 0 0 0 0 0 0 0 0 0 0 0 0 0 0 0 0 0 0 0 0
 0 0 0 0 0 0 0 0 1 1 0 2 2 0 0 0 0 0 0 0 0 0 0 0 0 0 0 0 0 0 0 0 0 0 0 0 0 0 0 0 0 0 0 0 0 0
 0 0 0 0 0 0 0 0 1 1 1 0 0 0 0 0 0 0 0 0 0 0 0 0 0 0 0 0 0 0 0 0 0 0 0 1 1 0 0 0 0 0 0 0 0 0
 0 0 0 0 0 0 0 0 1 1 1 0 0 0 0 0 0 0 0 0 0 0 0 0 0 0 0 0 0 0 0 0 0 0 0 1 1 0 0 0 0 0 0 0 0 0
 0 0 0 0 0 2 0 0 1 1 1 0 0 1 0 0 0 0 0 0 0 0 0 0 0 0 0 1 1 2 2 2 1 1 1 1 1 0 0 0 0 0 0 0 0 0
 0 0 0 0 0 2 0 0 1 1 1 0 0 1 0 0 0 0 0 0 0 0 0 0 0 0 0 1 1 2 2 2 1 1 1 1 1 0 0 0 0 0 0 0 0 0
 0 0 0 1 1 2 0 0 0 0 2 0 0 0 0 0 0 0 0 0 0 0 0 0 0 0 1 1 1 2 2 2 1 1 1 1 1 0 0 0 0 0 0 0 0 0
 0 0 0 0 0 0 0 0 0 0 0 0 0 0 0 0 0 0 0 0 0 0 0 0 0 0 0 3 3 2 1 1 1 1 1 1 1 1 2 2 2 2 0 0 0 1
 0 0 0 0 0 0 0 0 0 0 0 0 0 0 0 0 0 0 0 0 0 0 0 0 0 0 0 3 3 2 1 1 1 1 1 1 1 1 2 2 2 2 0 0 0 1
 0 0 0 0 0 0 0 0 0 0 0 0 0 0 0 0 0 0 1 0 0 0 0 0 0 0 0 1 1 1 2 2 1 1 6 8 8 1 0 0 2 2 0 2 2 1
 0 0 0 0 0 2 0 0 0 0 0 0 0 0 0 0 1 1 0 0 0 0 0 0 0 0 0 0 0 1 0 0 2 2 1 7 7 5 39 39 8 8 40 4 4 1
 0 0 0 0 0 2 0 0 0 0 0 0 0 0 0 0 1 1 0 0 0 0 0 0 0 0 0 0 0 1 0 0 2 2 1 7 7 5 39 39 8 8 40 4 4 1
 0 0 0 0 0 0 3 3 4 4 0 0 0 0 0 0 5 5 3 0 0 0 0 0 0 0 0 0 0 0 1 1 0 0 1 7 7 10 20 20 20 20 18 5 5 1
 0 0 0 0 0 0 3 3 4 4 0 0 0 0 0 0 5 5 3 0 0 0 0 0 0 0 0 0 0 0 1 1 0 0 1 7 7 10 20 20 20 20 18 5 5 1
 0 0 0 0 0 1 1 1 3 3 1 1 1 0 1 1 4 4 2 3 3 1 0 0 0 0 1 1 1 1 0 0 2 2 0 1 1 2 5 5 5 5 4 5 5 0
 0 0 0 0 0 0 0 0 1 1 1 2 2 2 3 3 1 1 4 1 1 1 1 1 1 1 1 1 1 1 1 1 1 1 1 2 2 1 7 7 5 5 2 5 5 1
 0 0 0 0 0 0 0 0 1 1 1 2 2 2 3 3 1 1 4 1 1 1 1 1 1 1 1 1 1 1 1 1 1 1 1 2 2 1 7 7 5 5 2 5 5 1
 0 0 0 0 0 0 0 0 0 0 0 1 1 6 2 2 2 2 3 5 5 2 1 1 1 1 1 1 1 1 1 1 1 1 1 5 5 3 4 4 7 7 6 4 4 22
 0 0 0 0 0 0 0 0 0 0 0 5 5 4 1 1 3 3 3 4 4 2 2 2 2 2 2 2 2 2 2 2 2 2 2 2 2 6 6 6 8 8 12 10 10 13
 0 0 0 0 0 0 0 0 0 0 0 5 5 4 1 1 3 3 3 4 4 2 2 2 2 2 2 2 2 2 2 2 2 2 2 2 2 6 6 6 8 8 12 10 10 13
 0 0 0 0 0 0 0 0 0 0 0 2 2 6 1 1 2 2 3 4 4 6 7 7 3 3 2 2 2 4 5 5 3 3 4 6 6 6 8 8 11 11 18 15 15 18
 0 0 0 0 0 0 0 0 0 0 0 2 2 6 1 1 2 2 3 4 4 6 7 7 3 3 2 2 2 4 5 5 3 3 4 6 6 6 8 8 11 11 18 15 15 18
 0 0 0 0 0 0 0 0 0 0 1 1 1 1 0 0 2 2 4 8 8 6 9 9 5 5 3 3 3 8 7 7 8 8 10 10 10 12 12 12 9 9 27 11 11 16
 0 0 0 0 0 0 0 0 0 0 0 0 0 2 1 1 1 1 8 8 8 15 9 9 12 12 11 19 19 17 18 18 23 23 8 8 8 14 15 15 16 16 19 20 20 34
 0 0 0 0 0 0 0 0 0 0 0 0 0 2 1 1 1 1 8 8 8 15 9 9 12 12 11 19 19 17 18 18 23 23 8 8 8 14 15 15 16 16 19 20 20 34
 0 0 0 0 0 0 0 0 0 0 0 0 0 1 0 0 1 1 7 10 10 6 15 15 13 13 10 19 19 23 23 23 21 21 10 9 9 13 15 15 18 18 18 29 29 34
 0 0 0 0 0 0 1 1 0 0 0 2 2 0 1 1 0 0 1 11 11 14 11 11 13 13 11 20 20 13 19 19 13 13 8 10 10 10 10 10 12 12 12 26 26 45
 0 0 0 0 0 0 1 1 0 0 0 2 2 0 1 1 0 0 1 11 11 14 11 11 13 13 11 20 20 13 19 19 13 13 8 10 10 10 10 10 12 12 12 26 26 45
 0 0 0 0 0 0 0 0 0 0 0 0 0 0 1 1 0 0 1 3 3 6 4 4 6 6 4 5 5 6 6 6 9 9 15 12 12 11 9 9 9 9 15 26 26 37
 0 0 0 0 0 0 0 0 0 0 0 0 0 0 1 1 0 0 1 3 3 6 4 4 6 6 4 5 5 6 6 6 9 9 15 12 12 11 9 9 9 9 15 26 26 37
 0 0 0 0 0 0 0 0 0 0 1 0 0 0 0 0 0 0 0 4 4 8 4 4 14 14 6 8 8 9 9 9 8 8 10 10 10 12 11 11 9 9 16 22 22 36
 0 0 0 0 0 0 0 0 0 0 0 0 0 2 1 1 2 2 2 14 14 16 17 17 22 22 26 15 15 11 14 14 18 18 16 11 11 9 10 10 12 12 14 28 28 25
 0 0 0 0 0 0 0 0 0 0 0 0 0 2 1 1 2 2 2 14 14 16 17 17 22 22 26 15 15 11 14 14 18 18 16 11 11 9 10 10 12 12 14 28 28 25
 0 0 0 0 0 0 0 0 0 0 0 0 0 1 2 2 2 2 2 16 16 18 24 24 32 32 45 29 29 21 24 24 20 20 30 19 19 12 20 20 12 12 15 12 12 10
 0 0 0 0 0 0 0 0 0 0 0 0 0 0 0 0 1 1 1 4 4 18 21 21 36 36 29 33 33 35 25 25 16 16 13 18 18 15 15 15 18 18 13 14 14 18
 0 0 0 0 0 0 0 0 0 0 0 0 0 0 0 0 1 1 1 4 4 18 21 21 36 36 29 33 33 35 25 25 16 16 13 18 18 15 15 15 18 18 13 14 14 18
 0 0 0 0 0 0 0 0 0 0 0 0 0 0 0 0 0 0 1 4 4 7 9 9 18 18 19 27 27 28 26 26 21 21 18 12 12 15 14 14 18 18 23 18 18 17
 0 0 0 0 0 0 0 0 0 0 0 0 0 0 0 0 0 0 1 4 4 7 9 9 18 18 19 27 27 28 26 26 21 21 18 12 12 15 14 14 18 18 23 18 18 17
 0 0 0 0 0 0 0 0 0 0 0 0 0 0 1 1 1 1 1 2 2 5 8 8 20 20 29 26 26 34 44 44 23 23 20 9 9 9 15 15 12 12 16 13 13 15
 0 0 0 0 0 0 0 0 0 0 0 0 0 0 0 0 0 0 1 1 1 3 7 7 11 11 24 26 26 37 27 27 23 23 20 8 8 8 19 19 6 6 10 17 17 12
 0 0 0 0 0 0 0 0 0 0 0 0 0 0 0 0 0 0 1 1 1 3 7 7 11 11 24 26 26 37 27 27 23 23 20 8 8 8 19 19 6 6 10 17 17 12
 0 0 0 0 0 0 0 0 0 0 1 1 1 1 0 0 2 2 0 1 1 0 7 7 14 14 28 26 26 28 43 43 25 25 17 4 4 4 6 6 6 6 5 7 7 7
 0 0 0 1 1 1 0 0 1 1 1 1 1 2 4 4 3 3 5 4 4 1 7 7 12 12 21 16 16 19 16 16 14 14 9 6 6 3 2 2 2 2 3 5 5 3
 0 0 0 1 1 1 0 0 1 1 1 1 1 2 4 4 3 3 5 4 4 1 7 7 12 12 21 16 16 19 16 16 14 14 9 6 6 3 2 2 2 2 3 5 5 3
 1 1 1 1 1 1 2 2 2 2 2 2 2 3 8 8 4 4 5 4 4 3 1 1 3 3 12 14 14 18 14 14 11 11 10 7 7 10 4 4 1 1 1 1 1 1
 1 1 1 1 1 1 2 2 2 2 2 2 2 3 8 8 4 4 5 4 4 3 1 1 3 3 12 14 14 18 14 14 11 11 10 7 7 10 4 4 1 1 1 1 1 1
 1 1 1 2 2 2 2 2 2 2 3 7 7 6 15 15 7 7 7 8 8 8 3 3 3 3 10 10 10 17 20 20 20 20 15 9 9 5 7 7 3 3 1 3 3 2
 1 1 2 3 3 4 4 4 7 7 8 8 8 7 27 27 21 21 18 18 18 26 15 15 13 13 13 10 10 17 13 13 21 21 10 17 17 14 17 17 6 6 3 3 3 3
 1 1 2 3 3 4 4 4 7 7 8 8 8 7 27 27 21 21 18 18 18 26 15 15 13 13 13 10 10 17 13 13 21 21 10 17 17 14 17 17 6 6 3 3 3 3
 0 0 2 4 4 4 10 10 6 6 9 7 7 8 6 6 11 11 8 9 9 30 20 20 14 14 12 14 14 9 12 12 13 13 8 14 14 11 11 11 10 10 7 5 5 6
 0 0 2 2 2 3 3 3 15 15 7 8 8 8 8 8 8 8 9 22 22 12 25 25 26 26 15 17 17 9 8 8 10 10 8 8 8 6 11 11 6 6 7 4 4 3
 0 0 2 2 2 3 3 3 15 15 7 8 8 8 8 8 8 8 9 22 22 12 25 25 26 26 15 17 17 9 8 8 10 10 8 8 8 6 11 11 6 6 7 4 4 3
 0 0 0 0 0 2 1 1 8 8 8 3 3 4 4 4 5 5 8 8 8 5 14 14 10 10 17 12 12 7 5 5 5 5 7 6 6 5 7 7 6 6 5 4 4 3
 0 0 0 0 0 2 1 1 8 8 8 3 3 4 4 4 5 5 8 8 8 5 14 14 10 10 17 12 12 7 5 5 5 5 7 6 6 5 7 7 6 6 5 4 4 3
 0 0 0 0 0 0 0 0 0 0 1 2 2 2 3 3 4 4 10 8 8 4 3 3 9 9 18 6 6 5 4 4 4 4 6 6 6 3 3 3 4 4 4 3 3 1
 0 0 0 0 0 0 0 0 0 0 0 1 1 1 2 2 2 2 2 3 3 3 3 3 3 3 7 2 2 9 5 5 6 6 9 8 8 6 8 8 8 8 6 3 3 1
 0 0 0 0 0 0 0 0 0 0 0 1 1 1 2 2 2 2 2 3 3 3 3 3 3 3 7 2 2 9 5 5 6 6 9 8 8 6 8 8 8 8 6 3 3 1
 0 0 0 0 0 0 0 0 0 0 0 0 0 1 2 2 2 2 3 3 3 3 5 5 1 1 3 1 1 5 10 10 7 7 11 9 9 8 11 11 6 6 5 1 1 1
 0 0 0 0 0 0 0 0 0 0 0 1 1 1 2 2 1 1 2 3 3 3 4 4 2 2 2 1 1 2 4 4 3 3 4 8 8 7 5 5 3 3 2 0 0 0
