assets/RAT_results/precipitation/2016-07-27_IMERG.asc
ncols        46
nrows        77
xllcorner    74.800261325624
yllcorner    8.058333333333
cellsize     0.062500000000
NODATA_value -9999
 25 25 13 8 8 9 11 11 13 13 12 9 9 9 9 9 8 8 8 7 7 10 8 8 8 8 3 5 5 3 4 4 3 3 5 10 10 11 14 14 14 14 12 31 31 20
 36 36 17 6 6 8 10 10 20 20 12 8 8 17 8 8 9 9 9 5 5 5 4 4 3 3 3 4 4 3 3 3 6 6 7 8 8 10 12 12 13 13 23 14 14 11
 36 36 17 6 6 8 10 10 20 20 12 8 8 17 8 8 9 9 9 5 5 5 4 4 3 3 3 4 4 3 3 3 6 6 7 8 8 10 12 12 13 13 23 14 14 11
 22 22 18 12 12 4 8 8 19 19 18 15 15 16 6 6 4 4 5 5 5 4 4 4 3 3 3 4 4 4 4 4 7 7 6 9 9 5 6 6 11 11 9 9 9 9
 8 8 16 8 8 2 3 3 2 2 17 7 7 5 4 4 3 3 5 7 7 9 6 6 3 3 4 5 5 7 6 6 8 8 8 9 9 6 4 4 5 5 5 5 5 9
 8 8 16 8 8 2 3 3 2 2 17 7 7 5 4 4 3 3 5 7 7 9 6 6 3 3 4 5 5 7 6 6 8 8 8 9 9 6 4 4 5 5 5 5 5 9
 16 16 9 11 11 1 2 2 1 1 17 7 7 5 6 6 8 8 5 5 5 5 8 8 11 11 10 6 6 7 8 8 4 4 6 4 4 10 4 4 4 4 6 9 9 8
 16 16 9 11 11 1 2 2 1 1 17 7 7 5 6 6 8 8 5 5 5 5 8 8 11 11 10 6 6 7 8 8 4 4 6 4 4 10 4 4 4 4 6 9 9 8
 3 3 6 8 8 2 1 1 2 2 6 1 1 5 9 9 7 7 4 5 5 8 6 6 4 4 5 6 6 5 4 4 3 3 3 3 3 2 4 4 5 5 5 3 3 5
 3 3 3 5 5 2 2 2 0 0 1 3 3 4 4 4 7 7 6 4 4 6 4 4 6 6 4 4 4 4 3 3 2 2 2 2 2 4 4 4 7 7 6 1 1 4
 3 3 3 5 5 2 2 2 0 0 1 3 3 4 4 4 7 7 6 4 4 6 4 4 6 6 4 4 4 4 3 3 2 2 2 2 2 4 4 4 7 7 6 1 1 4
 5 5 7 2 2 4 6 6 4 4 0 1 1 5 6 6 3 3 5 5 5 5 3 3 2 2 2 4 4 5 3 3 11 11 5 6 6 7 6 6 6 6 13 2 2 3
 11 11 7 4 4 10 7 7 2 2 1 1 1 1 3 3 6 6 6 1 1 1 4 4 0 0 7 2 2 3 3 3 4 4 3 5 5 6 4 4 4 4 3 4 4 2
 11 11 7 4 4 10 7 7 2 2 1 1 1 1 3 3 6 6 6 1 1 1 4 4 0 0 7 2 2 3 3 3 4 4 3 5 5 6 4 4 4 4 3 4 4 2
 13 13 9 3 3 3 7 7 4 4 2 1 1 1 1 1 1 1 1 0 0 2 0 0 1 1 7 3 3 3 5 5 3 3 4 7 7 7 7 7 6 6 10 4 4 1
 13 13 9 3 3 3 7 7 4 4 2 1 1 1 1 1 1 1 1 0 0 2 0 0 1 1 7 3 3 3 5 5 3 3 4 7 7 7 7 7 6 6 10 4 4 1
 10 10 3 2 2 2 9 9 6 6 3 5 5 0 1 1 3 3 1 1 1 0 1 1 2 2 6 6 6 8 6 6 8 8 8 7 7 6 12 12 11 11 8 8 8 7
 13 13 7 2 2 3 3 3 2 2 2 2 2 2 1 1 1 1 3 0 0 0 4 4 3 3 3 7 7 6 6 6 6 6 8 9 9 10 12 12 7 7 7 5 5 2
 13 13 7 2 2 3 3 3 2 2 2 2 2 2 1 1 1 1 3 0 0 0 4 4 3 3 3 7 7 6 6 6 6 6 8 9 9 10 12 12 7 7 7 5 5 2
 15 15 13 4 4 2 2 2 1 1 1 6 6 5 3 3 1 1 2 2 2 1 5 5 4 4 3 4 4 4 4 4 4 4 8 8 8 4 6 6 6 6 7 8 8 5
 19 19 15 11 11 5 5 5 1 1 3 4 4 4 3 3 1 1 2 2 2 2 5 5 2 2 5 7 7 9 6 6 7 7 9 7 7 6 9 9 6 6 12 12 12 12
 19 19 15 11 11 5 5 5 1 1 3 4 4 4 3 3 1 1 2 2 2 2 5 5 2 2 5 7 7 9 6 6 7 7 9 7 7 6 9 9 6 6 12 12 12 12
 25 25 22 10 10 7 4 4 1 1 2 1 1 5 5 5 6 6 2 6 6 3 8 8 4 4 4 7 7 10 21 21 12 12 14 12 12 5 7 7 7 7 14 16 16 21
 25 25 22 10 10 7 4 4 1 1 2 1 1 5 5 5 6 6 2 6 6 3 8 8 4 4 4 7 7 10 21 21 12 12 14 12 12 5 7 7 7 7 14 16 16 21
 19 19 12 8 8 4 3 3 1 1 2 2 2 7 6 6 4 4 4 3 3 2 4 4 5 5 7 8 8 17 16 16 11 11 12 12 12 7 4 4 5 5 19 18 18 18
 18 18 13 12 12 4 3 3 2 2 2 3 3 2 4 4 6 6 5 4 4 1 1 1 4 4 6 5 5 11 6 6 5 5 8 10 10 16 5 5 4 4 13 10 10 11
 18 18 13 12 12 4 3 3 2 2 2 3 3 2 4 4 6 6 5 4 4 1 1 1 4 4 6 5 5 11 6 6 5 5 8 10 10 16 5 5 4 4 13 10 10 11
 26 26 21 14 14 8 3 3 3 3 4 4 4 9 2 2 13 13 6 1 1 1 1 1 4 4 2 4 4 7 6 6 5 5 6 10 10 14 7 7 11 11 12 10 10 9
 34 34 31 22 22 21 9 9 15 15 3 3 3 2 2 2 5 5 5 1 1 1 1 1 2 2 4 3 3 4 4 4 4 4 5 8 8 5 7 7 7 7 7 8 8 7
 34 34 31 22 22 21 9 9 15 15 3 3 3 2 2 2 5 5 5 1 1 1 1 1 2 2 4 3 3 4 4 4 4 4 5 8 8 5 7 7 7 7 7 8 8 7
 41 41 45 30 30 28 10 10 10 10 2 3 3 3 2 2 6 6 6 1 1 0 2 2 3 3 3 2 2 2 4 4 3 3 4 3 3 3 6 6 6 6 8 8 8 7
 41 41 45 30 30 28 10 10 10 10 2 3 3 3 2 2 6 6 6 1 1 0 2 2 3 3 3 2 2 2 4 4 3 3 4 3 3 3 6 6 6 6 8 8 8 7
 48 48 56 34 34 35 13 13 12 12 2 3 3 5 1 1 5 5 9 1 1 1 1 1 0 0 1 1 1 3 6 6 5 5 1 1 1 3 8 8 9 9 9 8 8 7
 48 48 49 38 38 34 17 17 12 12 5 5 5 2 1 1 2 2 7 7 7 1 1 1 0 0 1 1 1 1 3 3 4 4 5 5 5 6 5 5 6 6 7 7 7 10
 48 48 49 38 38 34 17 17 12 12 5 5 5 2 1 1 2 2 7 7 7 1 1 1 0 0 1 1 1 1 3 3 4 4 5 5 5 6 5 5 6 6 7 7 7 10
 47 47 48 38 38 31 18 18 18 18 14 3 3 2 1 1 1 1 5 8 8 5 2 2 1 1 1 1 1 1 8 8 10 10 7 10 10 9 7 7 5 5 6 11 11 12
 46 46 34 35 35 32 31 31 18 18 14 3 3 2 2 2 1 1 1 5 5 7 8 8 0 0 1 6 6 7 9 9 14 14 12 14 14 14 10 10 6 6 10 22 22 22
 46 46 34 35 35 32 31 31 18 18 14 3 3 2 2 2 1 1 1 5 5 7 8 8 0 0 1 6 6 7 9 9 14 14 12 14 14 14 10 10 6 6 10 22 22 22
 28 28 25 23 23 24 27 27 17 17 12 2 2 1 1 1 1 1 1 3 3 8 2 2 3 3 2 4 4 13 10 10 22 22 18 23 23 18 15 15 10 10 12 15 15 16
 28 28 25 23 23 24 27 27 17 17 12 2 2 1 1 1 1 1 1 3 3 8 2 2 3 3 2 4 4 13 10 10 22 22 18 23 23 18 15 15 10 10 12 15 15 16
 27 27 22 21 21 39 20 20 13 13 12 5 5 2 2 2 1 1 1 3 3 7 5 5 4 4 2 13 13 19 22 22 20 20 29 30 30 22 19 19 16 16 17 14 14 21
 33 33 15 21 21 24 19 19 14 14 11 4 4 4 2 2 1 1 2 4 4 5 7 7 9 9 8 13 13 18 24 24 30 30 28 28 28 24 16 16 15 15 17 16 16 13
 33 33 15 21 21 24 19 19 14 14 11 4 4 4 2 2 1 1 2 4 4 5 7 7 9 9 8 13 13 18 24 24 30 30 28 28 28 24 16 16 15 15 17 16 16 13
 31 31 12 12 12 17 17 17 13 13 10 8 8 3 2 2 2 2 3 2 2 4 11 11 23 23 10 8 8 22 24 24 25 25 29 27 27 24 19 19 22 22 13 11 11 9
 34 34 14 13 13 11 11 11 12 12 6 5 5 4 1 1 1 1 2 1 1 3 9 9 14 14 10 10 10 23 26 26 31 31 33 28 28 21 11 11 9 9 4 5 5 6
 34 34 14 13 13 11 11 11 12 12 6 5 5 4 1 1 1 1 2 1 1 3 9 9 14 14 10 10 10 23 26 26 31 31 33 28 28 21 11 11 9 9 4 5 5 6
 28 28 19 12 12 13 11 11 10 10 7 6 6 4 1 1 2 2 3 4 4 5 4 4 12 12 10 11 11 24 24 24 26 26 25 28 28 27 15 15 10 10 6 4 4 4
 28 28 19 12 12 13 11 11 10 10 7 6 6 4 1 1 2 2 3 4 4 5 4 4 12 12 10 11 11 24 24 24 26 26 25 28 28 27 15 15 10 10 6 4 4 4
 25 25 22 15 15 17 13 13 10 10 6 7 7 4 5 5 6 6 8 6 6 8 8 8 12 12 9 9 9 19 17 17 27 27 27 25 25 23 16 16 6 6 3 6 6 5
 19 19 20 18 18 21 18 18 14 14 10 9 9 8 12 12 14 14 9 6 6 9 8 8 13 13 12 7 7 8 19 19 21 21 27 26 26 26 21 21 6 6 7 8 8 11
 19 19 20 18 18 21 18 18 14 14 10 9 9 8 12 12 14 14 9 6 6 9 8 8 13 13 12 7 7 8 19 19 21 21 27 26 26 26 21 21 6 6 7 8 8 11
 26 26 23 20 20 19 26 26 23 23 19 14 14 12 12 12 15 15 11 7 7 12 15 15 20 20 17 12 12 11 16 16 14 14 25 27 27 22 15 15 8 8 8 17 17 14
 29 29 23 16 16 18 26 26 29 29 19 24 24 20 18 18 18 18 7 9 9 16 14 14 18 18 20 10 10 10 22 22 20 20 21 22 22 25 23 23 13 13 18 22 22 10
 29 29 23 16 16 18 26 26 29 29 19 24 24 20 18 18 18 18 7 9 9 16 14 14 18 18 20 10 10 10 22 22 20 20 21 22 22 25 23 23 13 13 18 22 22 10
 31 31 26 16 16 15 17 17 27 27 17 25 25 24 14 14 10 10 9 10 10 19 16 16 13 13 17 10 10 11 23 23 23 23 20 17 17 23 19 19 17 17 24 23 23 16
 31 31 26 16 16 15 17 17 27 27 17 25 25 24 14 14 10 10 9 10 10 19 16 16 13 13 17 10 10 11 23 23 23 23 20 17 17 23 19 19 17 17 24 23 23 16
 28 28 25 22 22 18 18 18 23 23 20 26 26 26 17 17 18 18 19 12 12 10 16 16 15 15 14 9 9 8 9 9 23 23 15 17 17 20 18 18 15 15 24 13 13 10
 17 17 17 27 27 15 14 14 20 20 21 31 31 23 16 16 18 18 11 15 15 15 16 16 13 13 12 10 10 7 7 7 14 14 17 18 18 12 14 14 9 9 18 10 10 12
 17 17 17 27 27 15 14 14 20 20 21 31 31 23 16 16 18 18 11 15 15 15 16 16 13 13 12 10 10 7 7 7 14 14 17 18 18 12 14 14 9 9 18 10 10 12
 16 16 11 14 14 28 15 15 14 14 18 17 17 18 21 21 20 20 18 14 14 20 27 27 16 16 10 13 13 12 12 12 17 17 19 13 13 8 10 10 12 12 10 6 6 8
 14 14 16 12 12 17 19 19 21 21 31 26 26 19 22 22 17 17 21 12 12 18 6 6 14 14 6 12 12 11 13 13 14 14 13 14 14 14 13 13 12 12 12 6 6 3
 14 14 16 12 12 17 19 19 21 21 31 26 26 19 22 22 17 17 21 12 12 18 6 6 14 14 6 12 12 11 13 13 14 14 13 14 14 14 13 13 12 12 12 6 6 3
 11 11 11 11 11 14 19 19 23 23 37 22 22 27 25 25 15 15 17 12 12 8 5 5 11 11 9 9 9 13 10 10 9 9 13 14 14 14 10 10 12 12 11 4 4 2
 11 11 11 11 11 14 19 19 23 23 37 22 22 27 25 25 15 15 17 12 12 8 5 5 11 11 9 9 9 13 10 10 9 9 13 14 14 14 10 10 12 12 11 4 4 2
 11 11 11 9 9 10 10 10 19 19 26 26 26 36 37 37 17 17 16 17 17 3 7 7 8 8 8 10 10 10 8 8 8 8 12 16 16 14 12 12 13 13 8 1 1 2
 11 11 12 9 9 8 14 14 25 25 34 47 47 58 37 37 19 19 10 8 8 6 5 5 7 7 7 8 8 9 9 9 7 7 10 6 6 13 5 5 4 4 6 6 6 2
 11 11 12 9 9 8 14 14 25 25 34 47 47 58 37 37 19 19 10 8 8 6 5 5 7 7 7 8 8 9 9 9 7 7 10 6 6 13 5 5 4 4 6 6 6 2
 12 12 11 9 9 8 14 14 12 12 17 24 24 58 62 62 28 28 31 9 9 7 5 5 6 6 3 5 5 8 9 9 10 10 6 6 6 5 1 1 1 1 10 6 6 5
 12 12 11 10 10 7 8 8 7 7 8 28 28 43 49 49 22 22 18 8 8 6 5 5 3 3 3 3 3 5 9 9 2 2 2 1 1 2 2 2 2 2 9 10 10 3
 12 12 11 10 10 7 8 8 7 7 8 28 28 43 49 49 22 22 18 8 8 6 5 5 3 3 3 3 3 5 9 9 2 2 2 1 1 2 2 2 2 2 9 10 10 3
 14 14 12 9 9 6 6 6 10 10 5 13 13 40 44 44 14 14 9 10 10 9 8 8 8 8 4 7 7 2 1 1 1 1 1 2 2 1 3 3 1 1 3 3 3 14
 14 14 12 9 9 6 6 6 10 10 5 13 13 40 44 44 14 14 9 10 10 9 8 8 8 8 4 7 7 2 1 1 1 1 1 2 2 1 3 3 1 1 3 3 3 14
 15 15 10 8 8 6 7 7 10 10 5 5 5 8 43 43 27 27 10 9 9 8 9 9 11 11 9 8 8 3 1 1 1 1 2 3 3 2 3 3 1 1 2 0 0 3
 14 14 8 8 8 7 7 7 7 7 5 4 4 8 27 27 50 50 36 12 12 6 3 3 9 9 6 6 6 3 5 5 1 1 1 1 1 2 1 1 1 1 0 0 0 0
 14 14 8 8 8 7 7 7 7 7 5 4 4 8 27 27 50 50 36 12 12 6 3 3 9 9 6 6 6 3 5 5 1 1 1 1 1 2 1 1 1 1 0 0 0 0
 11 11 9 9 9 9 9 9 12 12 7 21 21 36 46 46 60 60 59 22 22 7 2 2 4 4 2 5 5 3 1 1 1 1 1 1 1 1 1 1 1 1 1 0 0 0
 14 14 12 11 11 11 10 10 16 16 10 33 33 40 57 57 60 60 76 67 67 12 4 4 3 3 2 2 2 4 4 4 2 2 0 1 1 2 1 1 0 0 1 0 0 0
