assets/RAT_results/precipitation/2016-11-15_IMERG.asc
ncols        46
nrows        77
xllcorner    74.800261325624
yllcorner    8.058333333333
cellsize     0.062500000000
NODATA_value -9999
 0 0 0 1 1 1 5 5 9 9 8 0 0 1 1 1 1 1 1 1 1 1 1 1 0 0 0 0 0 0 0 0 0 0 0 0 0 0 0 0 0 0 0 0 0 0
 0 0 0 1 1 1 1 1 1 1 1 0 0 1 1 1 0 0 0 1 1 2 1 1 0 0 0 0 0 0 0 0 0 0 0 0 0 0 0 0 0 0 0 0 0 0
 0 0 0 1 1 1 1 1 1 1 1 0 0 1 1 1 0 0 0 1 1 2 1 1 0 0 0 0 0 0 0 0 0 0 0 0 0 0 0 0 0 0 0 0 0 0
 0 0 0 1 1 1 1 1 0 0 0 1 1 1 1 1 1 1 1 2 2 2 1 1 0 0 0 0 0 0 0 0 0 0 0 0 0 0 0 0 0 0 0 0 0 0
 0 0 0 0 0 1 1 1 0 0 1 1 1 1 1 1 1 1 2 2 2 1 0 0 0 0 0 0 0 0 0 0 0 0 0 0 0 0 0 0 0 0 0 0 0 0
 0 0 0 0 0 1 1 1 0 0 1 1 1 1 1 1 1 1 2 2 2 1 0 0 0 0 0 0 0 0 0 0 0 0 0 0 0 0 0 0 0 0 0 0 0 0
 0 0 0 0 0 1 1 1 1 1 2 2 2 1 0 0 1 1 3 3 3 1 0 0 0 0 0 0 0 0 0 0 0 0 0 0 0 0 0 0 0 0 0 0 0 0
 0 0 0 0 0 1 1 1 1 1 2 2 2 1 0 0 1 1 3 3 3 1 0 0 0 0 0 0 0 0 0 0 0 0 0 0 0 0 0 0 0 0 0 0 0 0
 0 0 0 0 0 1 1 1 2 2 3 1 1 0 1 1 2 2 2 2 2 1 0 0 0 0 0 0 0 0 0 0 0 0 0 0 0 0 0 0 0 0 0 0 0 0
 0 0 3 0 0 1 1 1 3 3 3 1 1 1 1 1 2 2 2 1 1 0 0 0 0 0 0 0 0 0 0 0 0 0 0 0 0 0 0 0 0 0 0 0 0 0
 0 0 3 0 0 1 1 1 3 3 3 1 1 1 1 1 2 2 2 1 1 0 0 0 0 0 0 0 0 0 0 0 0 0 0 0 0 0 0 0 0 0 0 0 0 0
 0 0 0 0 0 0 2 2 4 4 2 2 2 1 2 2 2 2 1 1 1 0 0 0 0 0 0 0 0 0 0 0 0 0 0 0 0 0 0 0 0 0 0 0 0 0
 0 0 0 0 0 1 2 2 3 3 2 3 3 2 2 2 1 1 1 0 0 0 0 0 0 0 0 0 0 0 0 0 0 0 0 0 0 0 0 0 0 0 0 0 0 0
 0 0 0 0 0 1 2 2 3 3 2 3 3 2 2 2 1 1 1 0 0 0 0 0 0 0 0 0 0 0 0 0 0 0 0 0 0 0 0 0 0 0 0 0 0 0
 0 0 0 1 1 1 3 3 3 3 3 5 5 2 1 1 0 0 1 0 0 0 0 0 0 0 0 0 0 0 0 0 0 0 0 0 0 0 0 0 0 0 0 1 1 0
 0 0 0 1 1 1 3 3 3 3 3 5 5 2 1 1 0 0 1 0 0 0 0 0 0 0 0 0 0 0 0 0 0 0 0 0 0 0 0 0 0 0 0 1 1 0
 0 0 0 1 1 1 1 1 2 2 1 1 1 1 1 1 0 0 1 0 0 0 0 0 0 0 0 0 0 0 0 0 0 0 0 0 0 0 0 0 0 0 0 0 0 0
 0 0 4 3 3 3 1 1 1 1 0 0 0 1 1 1 0 0 1 1 1 0 0 0 0 0 0 0 0 0 0 0 0 0 0 0 0 0 0 0 0 0 0 0 0 2
 0 0 4 3 3 3 1 1 1 1 0 0 0 1 1 1 0 0 1 1 1 0 0 0 0 0 0 0 0 0 0 0 0 0 0 0 0 0 0 0 0 0 0 0 0 2
 1 1 2 4 4 2 0 0 0 0 0 0 0 1 3 3 1 1 2 1 1 0 0 0 0 0 0 0 0 0 0 0 0 0 0 0 0 0 0 0 0 0 0 0 0 1
 1 1 3 3 3 1 1 1 0 0 1 0 0 1 1 1 1 1 1 0 0 0 0 0 0 0 0 0 0 0 1 1 1 1 2 0 0 0 0 0 0 0 0 1 1 1
 1 1 3 3 3 1 1 1 0 0 1 0 0 1 1 1 1 1 1 0 0 0 0 0 0 0 0 0 0 0 1 1 1 1 2 0 0 0 0 0 0 0 0 1 1 1
 3 3 3 1 1 1 0 0 0 0 0 0 0 0 1 1 1 1 0 0 0 0 0 0 0 0 0 1 1 2 1 1 1 1 1 0 0 0 0 0 0 0 1 1 1 1
 3 3 3 1 1 1 0 0 0 0 0 0 0 0 1 1 1 1 0 0 0 0 0 0 0 0 0 1 1 2 1 1 1 1 1 0 0 0 0 0 0 0 1 1 1 1
 3 3 2 1 1 0 0 0 0 0 0 0 0 0 1 1 1 1 0 1 1 1 0 0 0 0 1 1 1 2 1 1 1 1 0 0 0 0 0 0 0 0 1 1 1 1
 2 2 1 1 1 0 0 0 0 0 1 1 1 1 1 1 0 0 1 1 1 0 1 1 1 1 1 1 1 1 1 1 0 0 0 0 0 0 0 0 0 0 1 1 1 0
 2 2 1 1 1 0 0 0 0 0 1 1 1 1 1 1 0 0 1 1 1 0 1 1 1 1 1 1 1 1 1 1 0 0 0 0 0 0 0 0 0 0 1 1 1 0
 3 3 1 1 1 0 0 0 1 1 1 1 1 1 1 1 3 3 1 1 1 1 1 1 2 2 1 0 0 0 0 0 0 0 1 2 2 1 1 1 1 1 1 1 1 1
 2 2 1 0 0 1 2 2 2 2 2 1 1 1 2 2 5 5 1 1 1 1 2 2 2 2 1 0 0 0 0 0 0 0 2 3 3 2 1 1 0 0 1 1 1 0
 2 2 1 0 0 1 2 2 2 2 2 1 1 1 2 2 5 5 1 1 1 1 2 2 2 2 1 0 0 0 0 0 0 0 2 3 3 2 1 1 0 0 1 1 1 0
 1 1 1 2 2 3 3 3 3 3 4 2 2 1 1 1 3 3 4 2 2 2 2 2 1 1 1 0 0 0 0 0 0 0 1 1 1 1 1 1 0 0 0 0 0 0
 1 1 1 2 2 3 3 3 3 3 4 2 2 1 1 1 3 3 4 2 2 2 2 2 1 1 1 0 0 0 0 0 0 0 1 1 1 1 1 1 0 0 0 0 0 0
 1 1 1 2 2 3 4 4 5 5 6 6 6 2 2 2 5 5 5 4 4 3 3 3 2 2 1 0 0 0 0 0 0 0 0 0 0 0 0 0 0 0 0 0 0 0
 1 1 2 3 3 5 7 7 7 7 5 6 6 6 2 2 1 1 5 5 5 5 6 6 5 5 2 1 1 0 0 0 0 0 0 1 1 1 1 1 0 0 0 0 0 0
 1 1 2 3 3 5 7 7 7 7 5 6 6 6 2 2 1 1 5 5 5 5 6 6 5 5 2 1 1 0 0 0 0 0 0 1 1 1 1 1 0 0 0 0 0 0
 4 4 5 6 6 8 11 11 12 12 18 8 8 7 5 5 3 3 6 6 6 4 5 5 4 4 2 1 1 0 0 0 0 0 0 1 1 1 0 0 0 0 0 0 0 0
 6 6 7 8 8 11 17 17 18 18 19 15 15 18 14 14 6 6 2 6 6 4 3 3 3 3 2 1 1 1 0 0 1 1 0 0 0 0 0 0 0 0 0 0 0 0
 6 6 7 8 8 11 17 17 18 18 19 15 15 18 14 14 6 6 2 6 6 4 3 3 3 3 2 1 1 1 0 0 1 1 0 0 0 0 0 0 0 0 0 0 0 0
 10 10 11 12 12 14 18 18 16 16 12 12 12 10 9 9 3 3 2 3 3 4 4 4 2 2 1 1 1 0 1 1 1 1 1 1 1 1 1 1 0 0 0 0 0 0
 10 10 11 12 12 14 18 18 16 16 12 12 12 10 9 9 3 3 2 3 3 4 4 4 2 2 1 1 1 0 1 1 1 1 1 1 1 1 1 1 0 0 0 0 0 0
 11 11 11 14 14 18 20 20 19 19 23 16 16 12 13 13 5 5 6 4 4 6 3 3 1 1 1 0 0 0 1 1 1 1 1 1 1 2 1 1 1 1 1 0 0 0
 13 13 13 13 13 23 24 24 21 21 16 15 15 9 12 12 3 3 3 3 3 5 5 5 3 3 1 0 0 0 0 0 0 0 0 1 1 3 2 2 1 1 1 0 0 0
 13 13 13 13 13 23 24 24 21 21 16 15 15 9 12 12 3 3 3 3 3 5 5 5 3 3 1 0 0 0 0 0 0 0 0 1 1 3 2 2 1 1 1 0 0 0
 14 14 14 15 15 17 18 18 18 18 16 12 12 11 10 10 5 5 3 6 6 4 3 3 2 2 1 0 0 0 0 0 0 0 1 2 2 3 2 2 1 1 0 0 0 0
 21 21 14 16 16 23 24 24 27 27 24 26 26 31 12 12 6 6 5 4 4 3 5 5 2 2 1 0 0 0 1 1 1 1 2 2 2 2 1 1 0 0 0 0 0 0
 21 21 14 16 16 23 24 24 27 27 24 26 26 31 12 12 6 6 5 4 4 3 5 5 2 2 1 0 0 0 1 1 1 1 2 2 2 2 1 1 0 0 0 0 0 0
 29 29 21 25 25 24 20 20 21 21 19 21 21 24 15 15 9 9 6 8 8 2 1 1 3 3 1 1 1 1 1 1 2 2 2 2 2 1 0 0 0 0 0 0 0 0
 29 29 21 25 25 24 20 20 21 21 19 21 21 24 15 15 9 9 6 8 8 2 1 1 3 3 1 1 1 1 1 1 2 2 2 2 2 1 0 0 0 0 0 0 0 0
 28 28 24 18 18 20 18 18 18 18 17 16 16 13 12 12 8 8 5 4 4 2 2 2 2 2 2 1 1 1 2 2 3 3 3 1 1 0 0 0 0 0 0 0 0 0
 24 24 27 27 27 35 25 25 24 24 20 22 22 20 12 12 11 11 7 5 5 2 1 1 2 2 2 1 1 0 2 2 3 3 3 1 1 0 0 0 0 0 0 0 0 0
 24 24 27 27 27 35 25 25 24 24 20 22 22 20 12 12 11 11 7 5 5 2 1 1 2 2 2 1 1 0 2 2 3 3 3 1 1 0 0 0 0 0 0 0 0 0
 32 32 29 35 35 36 42 42 36 36 44 48 48 26 13 13 9 9 9 3 3 2 1 1 2 2 2 1 1 1 2 2 4 4 2 0 0 0 0 0 0 0 0 0 0 0
 41 41 34 38 38 39 67 67 40 40 27 26 26 18 15 15 10 10 6 3 3 1 1 1 2 2 2 1 1 1 3 3 3 3 2 0 0 0 0 0 0 0 0 0 0 0
 41 41 34 38 38 39 67 67 40 40 27 26 26 18 15 15 10 10 6 3 3 1 1 1 2 2 2 1 1 1 3 3 3 3 2 0 0 0 0 0 0 0 0 0 0 0
 34 34 30 35 35 39 45 45 38 38 34 30 30 16 12 12 9 9 7 3 3 2 2 2 4 4 6 2 2 1 1 1 1 1 1 0 0 0 0 0 0 0 0 0 0 0
 34 34 30 35 35 39 45 45 38 38 34 30 30 16 12 12 9 9 7 3 3 2 2 2 4 4 6 2 2 1 1 1 1 1 1 0 0 0 0 0 0 0 0 0 0 0
 27 27 29 33 33 29 32 32 34 34 27 22 22 20 9 9 7 7 12 3 3 4 2 2 2 2 1 1 1 1 1 1 0 0 0 0 0 0 1 1 1 1 0 0 0 0
 23 23 23 25 25 35 25 25 21 21 21 14 14 10 10 10 8 8 5 5 5 2 2 2 1 1 1 1 1 1 1 1 0 0 0 0 0 0 1 1 1 1 0 0 0 0
 23 23 23 25 25 35 25 25 21 21 21 14 14 10 10 10 8 8 5 5 5 2 2 2 1 1 1 1 1 1 1 1 0 0 0 0 0 0 1 1 1 1 0 0 0 0
 27 27 24 24 24 21 25 25 22 22 20 17 17 18 6 6 3 3 3 5 5 2 2 2 1 1 1 1 1 1 0 0 0 0 0 0 0 0 0 0 0 0 0 0 0 0
 22 22 36 35 35 21 19 19 21 21 16 13 13 10 10 10 3 3 2 2 2 2 2 2 1 1 0 1 1 1 0 0 0 0 0 0 0 0 1 1 0 0 1 1 1 4
 22 22 36 35 35 21 19 19 21 21 16 13 13 10 10 10 3 3 2 2 2 2 2 2 1 1 0 1 1 1 0 0 0 0 0 0 0 0 1 1 0 0 1 1 1 4
 36 36 50 23 23 31 17 17 26 26 11 8 8 9 7 7 3 3 1 1 1 0 1 1 1 1 1 1 1 1 0 0 0 0 0 1 1 1 1 1 2 2 2 3 3 7
 36 36 50 23 23 31 17 17 26 26 11 8 8 9 7 7 3 3 1 1 1 0 1 1 1 1 1 1 1 1 0 0 0 0 0 1 1 1 1 1 2 2 2 3 3 7
 36 36 32 25 25 16 17 17 18 18 19 8 8 8 5 5 4 4 2 1 1 1 1 1 1 1 1 1 1 1 1 1 1 1 1 3 3 4 2 2 3 3 10 5 5 2
 25 25 31 23 23 19 14 14 13 13 12 11 11 7 6 6 4 4 3 2 2 2 1 1 1 1 1 1 1 1 1 1 1 1 1 1 1 3 3 3 5 5 7 6 6 4
 25 25 31 23 23 19 14 14 13 13 12 11 11 7 6 6 4 4 3 2 2 2 1 1 1 1 1 1 1 1 1 1 1 1 1 1 1 3 3 3 5 5 7 6 6 4
 16 16 18 16 16 15 11 11 12 12 11 11 11 6 6 6 4 4 2 2 2 2 1 1 1 1 1 1 1 1 2 2 1 1 1 2 2 5 7 7 8 8 10 9 9 7
 9 9 12 15 15 11 12 12 15 15 11 11 11 8 5 5 3 3 3 1 1 1 1 1 0 0 0 0 0 0 0 0 2 2 2 1 1 1 3 3 4 4 4 4 4 3
 9 9 12 15 15 11 12 12 15 15 11 11 11 8 5 5 3 3 3 1 1 1 1 1 0 0 0 0 0 0 0 0 2 2 2 1 1 1 3 3 4 4 4 4 4 3
 4 4 5 9 9 6 9 9 7 7 6 5 5 5 3 3 3 3 3 2 2 1 0 0 0 0 0 0 0 0 1 1 1 1 4 3 3 1 1 1 3 3 3 4 4 1
 4 4 5 9 9 6 9 9 7 7 6 5 5 5 3 3 3 3 3 2 2 1 0 0 0 0 0 0 0 0 1 1 1 1 4 3 3 1 1 1 3 3 3 4 4 1
 4 4 3 3 3 5 5 5 3 3 4 3 3 1 1 1 2 2 2 1 1 1 1 1 0 0 1 1 1 1 1 1 1 1 6 8 8 2 1 1 1 1 2 3 3 4
 1 1 2 4 4 4 1 1 2 2 1 1 1 1 1 1 1 1 1 1 1 1 1 1 1 1 1 1 1 1 1 1 2 2 2 2 2 2 1 1 0 0 1 1 1 1
 1 1 2 4 4 4 1 1 2 2 1 1 1 1 1 1 1 1 1 1 1 1 1 1 1 1 1 1 1 1 1 1 2 2 2 2 2 2 1 1 0 0 1 1 1 1
 0 0 1 2 2 2 2 2 2 2 2 2 2 1 1 1 1 1 2 3 3 1 1 1 1 1 3 3 3 3 3 3 2 2 1 1 1 0 0 0 1 1 1 1 1 1
 0 0 1 1 1 2 2 2 2 2 2 2 2 1 1 1 1 1 1 2 2 2 1 1 3 3 8 6 6 3 3 3 1 1 1 2 2 0 1 1 1 1 1 1 1 2
