assets/RAT_results/precipitation/2017-03-14_IMERG.asc
ncols        46
nrows        77
xllcorner    74.800261325624
yllcorner    8.058333333333
cellsize     0.062500000000
NODATA_value -9999
 0 0 0 0 0 0 1 1 1 1 1 1 1 3 1 1 8 8 11 9 9 5 2 2 1 1 1 1 1 0 0 0 0 0 0 0 0 0 0 0 0 0 0 0 0 0
 0 0 3 2 2 3 4 4 4 4 2 1 1 1 1 1 5 5 8 6 6 3 3 3 1 1 1 1 1 0 0 0 0 0 2 0 0 0 0 0 0 0 0 0 0 0
 0 0 3 2 2 3 4 4 4 4 2 1 1 1 1 1 5 5 8 6 6 3 3 3 1 1 1 1 1 0 0 0 0 0 2 0 0 0 0 0 0 0 0 0 0 0
 0 0 0 3 3 2 3 3 4 4 4 2 2 2 2 2 5 5 7 6 6 1 3 3 1 1 1 0 0 0 0 0 0 0 0 0 0 0 0 0 0 0 0 0 0 0
 0 0 0 1 1 0 1 1 0 0 0 0 0 0 3 3 4 4 5 5 5 2 2 2 1 1 1 0 0 0 0 0 0 0 0 0 0 0 0 0 0 0 0 0 0 0
 0 0 0 1 1 0 1 1 0 0 0 0 0 0 3 3 4 4 5 5 5 2 2 2 1 1 1 0 0 0 0 0 0 0 0 0 0 0 0 0 0 0 0 0 0 0
 0 0 0 0 0 0 0 0 0 0 0 0 0 0 5 5 6 6 8 4 4 2 1 1 1 1 0 0 0 0 0 0 0 0 0 0 0 0 0 0 0 0 0 0 0 0
 0 0 0 0 0 0 0 0 0 0 0 0 0 0 5 5 6 6 8 4 4 2 1 1 1 1 0 0 0 0 0 0 0 0 0 0 0 0 0 0 0 0 0 0 0 0
 0 0 0 0 0 0 0 0 0 0 0 0 0 0 2 2 3 3 6 3 3 1 1 1 0 0 0 0 0 0 0 0 0 0 0 0 0 0 0 0 0 0 0 0 0 0
 0 0 0 0 0 0 0 0 0 0 0 0 0 0 1 1 2 2 6 3 3 2 1 1 0 0 0 0 0 0 0 0 0 0 0 0 0 0 0 0 0 0 0 0 0 0
 0 0 0 0 0 0 0 0 0 0 0 0 0 0 1 1 2 2 6 3 3 2 1 1 0 0 0 0 0 0 0 0 0 0 0 0 0 0 0 0 0 0 0 0 0 0
 0 0 0 0 0 0 0 0 0 0 0 0 0 0 0 0 0 0 3 3 3 2 0 0 0 0 0 0 0 0 0 0 0 0 0 0 0 0 0 0 0 0 0 0 0 0
 0 0 0 0 0 0 0 0 0 0 0 0 0 0 0 0 0 0 1 3 3 2 1 1 0 0 0 0 0 0 0 0 0 0 0 0 0 1 0 0 0 0 1 0 0 0
 0 0 0 0 0 0 0 0 0 0 0 0 0 0 0 0 0 0 1 3 3 2 1 1 0 0 0 0 0 0 0 0 0 0 0 0 0 1 0 0 0 0 1 0 0 0
 0 0 0 0 0 0 0 0 0 0 0 0 0 0 0 0 0 0 4 8 8 4 1 1 0 0 0 0 0 0 0 0 0 0 0 0 0 2 0 0 0 0 1 0 0 2
 0 0 0 0 0 0 0 0 0 0 0 0 0 0 0 0 0 0 4 8 8 4 1 1 0 0 0 0 0 0 0 0 0 0 0 0 0 2 0 0 0 0 1 0 0 2
 0 0 0 0 0 0 0 0 0 0 0 0 0 0 0 0 0 0 9 15 15 14 5 5 1 1 1 0 0 0 0 0 0 0 0 0 0 0 2 2 2 2 1 1 1 3
 0 0 0 0 0 0 0 0 0 0 1 0 0 0 0 0 0 0 2 12 12 16 6 6 2 2 3 3 3 0 0 0 0 0 0 0 0 0 1 1 0 0 0 2 2 0
 0 0 0 0 0 0 0 0 0 0 1 0 0 0 0 0 0 0 2 12 12 16 6 6 2 2 3 3 3 0 0 0 0 0 0 0 0 0 1 1 0 0 0 2 2 0
 0 0 0 0 0 0 0 0 0 0 0 0 0 0 0 0 0 0 0 8 8 10 11 11 7 7 5 4 4 4 0 0 1 1 0 0 0 1 1 1 1 1 1 0 0 0
 0 0 0 0 0 0 0 0 0 0 0 0 0 0 0 0 0 0 0 1 1 2 6 6 7 7 8 5 5 4 3 3 4 4 2 2 2 2 2 2 3 3 3 1 1 1
 0 0 0 0 0 0 0 0 0 0 0 0 0 0 0 0 0 0 0 1 1 2 6 6 7 7 8 5 5 4 3 3 4 4 2 2 2 2 2 2 3 3 3 1 1 1
 0 0 0 0 0 0 0 0 0 0 0 0 0 0 0 0 0 0 0 1 1 2 7 7 8 8 8 8 8 10 6 6 9 9 6 4 4 2 1 1 2 2 3 1 1 0
 0 0 0 0 0 0 0 0 0 0 0 0 0 0 0 0 0 0 0 1 1 2 7 7 8 8 8 8 8 10 6 6 9 9 6 4 4 2 1 1 2 2 3 1 1 0
 0 0 0 0 0 0 0 0 0 0 0 0 0 0 5 5 31 31 0 1 1 3 7 7 7 7 7 13 13 19 11 11 29 29 9 6 6 3 1 1 1 1 1 1 1 1
 0 0 0 0 0 0 0 0 0 0 0 0 0 0 6 6 13 13 22 12 12 12 10 10 13 13 26 41 41 27 48 48 24 24 24 6 6 4 4 4 1 1 1 1 1 0
 0 0 0 0 0 0 0 0 0 0 0 0 0 0 6 6 13 13 22 12 12 12 10 10 13 13 26 41 41 27 48 48 24 24 24 6 6 4 4 4 1 1 1 1 1 0
 0 0 0 0 0 0 0 0 0 0 0 0 0 0 6 6 12 12 8 5 5 6 3 3 14 14 8 20 20 27 41 41 33 33 24 16 16 7 6 6 1 1 1 1 1 0
 1 1 1 1 1 0 0 0 0 0 0 0 0 0 5 5 12 12 7 7 7 7 8 8 5 5 8 23 23 32 50 50 24 24 24 9 9 7 5 5 2 2 1 1 1 0
 1 1 1 1 1 0 0 0 0 0 0 0 0 0 5 5 12 12 7 7 7 7 8 8 5 5 8 23 23 32 50 50 24 24 24 9 9 7 5 5 2 2 1 1 1 0
 0 0 1 1 1 0 0 0 0 0 1 0 0 1 0 0 0 0 1 1 1 1 11 11 4 4 10 27 27 27 39 39 31 31 21 15 15 12 5 5 1 1 1 2 2 0
 0 0 1 1 1 0 0 0 0 0 1 0 0 1 0 0 0 0 1 1 1 1 11 11 4 4 10 27 27 27 39 39 31 31 21 15 15 12 5 5 1 1 1 2 2 0
 0 0 1 1 1 1 1 1 0 0 4 1 1 0 0 0 0 0 0 0 0 0 0 0 4 4 4 8 8 25 27 27 44 44 11 15 15 11 3 3 3 3 3 0 0 0
 0 0 0 0 0 1 1 1 0 0 2 0 0 0 0 0 1 1 1 0 0 0 0 0 0 0 12 12 12 23 39 39 15 15 33 14 14 6 1 1 1 1 3 0 0 0
 0 0 0 0 0 1 1 1 0 0 2 0 0 0 0 0 1 1 1 0 0 0 0 0 0 0 12 12 12 23 39 39 15 15 33 14 14 6 1 1 1 1 3 0 0 0
 0 0 0 0 0 0 0 0 1 1 4 2 2 2 1 1 2 2 2 4 4 1 0 0 3 3 3 13 13 15 66 66 64 64 32 15 15 4 2 2 1 1 0 0 0 0
 1 1 0 0 0 0 0 0 0 0 1 4 4 1 1 1 4 4 9 10 10 3 1 1 6 6 4 10 10 15 24 24 8 8 11 8 8 4 2 2 1 1 0 0 0 0
 1 1 0 0 0 0 0 0 0 0 1 4 4 1 1 1 4 4 9 10 10 3 1 1 6 6 4 10 10 15 24 24 8 8 11 8 8 4 2 2 1 1 0 0 0 0
 0 0 0 0 0 0 0 0 0 0 0 0 0 0 0 0 2 2 6 2 2 1 3 3 5 5 9 11 11 11 14 14 8 8 8 5 5 4 1 1 0 0 0 0 0 0
 0 0 0 0 0 0 0 0 0 0 0 0 0 0 0 0 2 2 6 2 2 1 3 3 5 5 9 11 11 11 14 14 8 8 8 5 5 4 1 1 0 0 0 0 0 0
 0 0 0 0 0 0 0 0 0 0 0 0 0 0 1 1 8 8 23 25 25 4 1 1 1 1 0 0 0 1 4 4 7 7 5 3 3 2 1 1 0 0 1 2 2 2
 0 0 0 3 3 3 0 0 0 0 0 0 0 0 0 0 1 1 0 2 2 3 4 4 1 1 5 2 2 5 6 6 6 6 3 1 1 1 1 1 5 5 8 4 4 3
 0 0 0 3 3 3 0 0 0 0 0 0 0 0 0 0 1 1 0 2 2 3 4 4 1 1 5 2 2 5 6 6 6 6 3 1 1 1 1 1 5 5 8 4 4 3
 0 0 0 3 3 3 0 0 0 0 0 0 0 0 0 0 0 0 2 2 2 2 7 7 4 4 1 4 4 2 4 4 5 5 1 12 12 3 11 11 6 6 5 5 5 3
 0 0 0 0 0 0 0 0 0 0 0 0 0 0 0 0 0 0 2 4 4 14 2 2 1 1 1 53 53 50 54 54 43 43 13 16 16 8 5 5 2 2 4 3 3 2
 0 0 0 0 0 0 0 0 0 0 0 0 0 0 0 0 0 0 2 4 4 14 2 2 1 1 1 53 53 50 54 54 43 43 13 16 16 8 5 5 2 2 4 3 3 2
 0 0 0 0 0 0 0 0 0 0 1 0 0 1 0 0 0 0 0 0 0 1 0 0 7 7 9 46 46 46 44 44 9 9 2 4 4 3 2 2 2 2 5 4 4 3
 0 0 0 0 0 0 0 0 0 0 1 0 0 1 0 0 0 0 0 0 0 1 0 0 7 7 9 46 46 46 44 44 9 9 2 4 4 3 2 2 2 2 5 4 4 3
 0 0 0 0 0 0 0 0 0 0 2 1 1 1 0 0 1 1 0 1 1 7 7 7 38 38 64 6 6 7 4 4 3 3 2 2 2 3 0 0 1 1 1 3 3 2
 3 3 1 1 1 0 2 2 0 0 2 1 1 1 1 1 0 0 0 0 0 1 24 24 38 38 62 4 4 1 1 1 1 1 4 4 4 4 1 1 1 1 2 4 4 3
 3 3 1 1 1 0 2 2 0 0 2 1 1 1 1 1 0 0 0 0 0 1 24 24 38 38 62 4 4 1 1 1 1 1 4 4 4 4 1 1 1 1 2 4 4 3
 3 3 2 2 2 1 3 3 2 2 3 4 4 4 15 15 1 1 1 1 1 1 4 4 1 1 2 1 1 1 3 3 2 2 67 20 20 27 8 8 2 2 3 4 4 3
 3 3 0 1 1 1 1 1 1 1 3 16 16 4 15 15 3 3 1 0 0 3 3 3 1 1 3 2 2 1 3 3 3 3 72 29 29 30 5 5 3 3 5 9 9 3
 3 3 0 1 1 1 1 1 1 1 3 16 16 4 15 15 3 3 1 0 0 3 3 3 1 1 3 2 2 1 3 3 3 3 72 29 29 30 5 5 3 3 5 9 9 3
 0 0 0 0 0 1 1 1 2 2 2 16 16 10 10 10 3 3 3 3 3 5 5 5 3 3 4 3 3 1 25 25 27 27 94 56 56 11 5 5 3 3 4 4 4 2
 0 0 0 0 0 1 1 1 2 2 2 16 16 10 10 10 3 3 3 3 3 5 5 5 3 3 4 3 3 1 25 25 27 27 94 56 56 11 5 5 3 3 4 4 4 2
 0 0 0 0 0 1 1 1 1 1 11 9 9 0 15 15 7 7 7 5 5 6 4 4 4 4 3 3 3 9 26 26 66 66 47 30 30 30 10 10 6 6 2 3 3 3
 0 0 0 0 0 1 1 1 1 1 0 9 9 0 5 5 7 7 8 7 7 5 3 3 3 3 3 4 4 3 3 3 34 34 28 47 47 9 3 3 4 4 6 10 10 3
 0 0 0 0 0 1 1 1 1 1 0 9 9 0 5 5 7 7 8 7 7 5 3 3 3 3 3 4 4 3 3 3 34 34 28 47 47 9 3 3 4 4 6 10 10 3
 0 0 0 1 1 1 1 1 1 1 0 0 0 0 6 6 8 8 9 7 7 6 7 7 3 3 5 4 4 3 3 3 7 7 11 4 4 2 1 1 3 3 2 5 5 3
 0 0 1 1 1 1 1 1 0 0 0 0 0 0 5 5 8 8 8 8 8 6 4 4 3 3 3 3 3 2 2 2 8 8 4 1 1 5 5 5 5 5 2 4 4 1
 0 0 1 1 1 1 1 1 0 0 0 0 0 0 5 5 8 8 8 8 8 6 4 4 3 3 3 3 3 2 2 2 8 8 4 1 1 5 5 5 5 5 2 4 4 1
 1 1 3 1 1 0 0 0 0 0 0 0 0 0 4 4 6 6 6 7 7 8 5 5 4 4 2 5 5 2 0 0 2 2 4 1 1 2 5 5 2 2 1 0 0 0
 1 1 3 1 1 0 0 0 0 0 0 0 0 0 4 4 6 6 6 7 7 8 5 5 4 4 2 5 5 2 0 0 2 2 4 1 1 2 5 5 2 2 1 0 0 0
 1 1 2 1 1 0 0 0 0 0 0 0 0 0 0 0 2 2 3 3 3 4 5 5 4 4 2 1 1 2 0 0 0 0 3 6 6 6 9 9 1 1 1 0 0 0
 0 0 0 0 0 0 0 0 0 0 0 0 0 0 0 0 2 2 3 4 4 4 4 4 5 5 4 3 3 4 1 1 1 1 2 3 3 7 6 6 5 5 0 0 0 0
 0 0 0 0 0 0 0 0 0 0 0 0 0 0 0 0 2 2 3 4 4 4 4 4 5 5 4 3 3 4 1 1 1 1 2 3 3 7 6 6 5 5 0 0 0 0
 0 0 0 0 0 0 0 0 0 0 0 0 0 0 0 0 2 2 2 3 3 4 5 5 5 5 5 4 4 2 1 1 1 1 1 1 1 5 9 9 2 2 0 0 0 0
 0 0 0 0 0 0 0 0 0 0 0 0 0 0 0 0 1 1 1 2 2 4 5 5 5 5 4 4 4 2 1 1 1 1 0 0 0 1 2 2 1 1 0 0 0 0
 0 0 0 0 0 0 0 0 0 0 0 0 0 0 0 0 1 1 1 2 2 4 5 5 5 5 4 4 4 2 1 1 1 1 0 0 0 1 2 2 1 1 0 0 0 0
 0 0 0 0 0 0 0 0 0 0 0 0 0 0 0 0 1 1 1 3 3 4 5 5 4 4 4 3 3 1 1 1 0 0 0 0 0 0 0 0 1 1 0 0 0 0
 0 0 0 0 0 0 0 0 0 0 0 0 0 0 0 0 1 1 1 3 3 4 5 5 4 4 4 3 3 1 1 1 0 0 0 0 0 0 0 0 1 1 0 0 0 0
 0 0 0 0 0 1 1 1 1 1 0 0 0 0 0 0 0 0 1 1 1 2 4 4 2 2 3 3 3 1 1 1 1 1 1 0 0 0 0 0 0 0 0 0 0 0
 0 0 0 1 1 1 1 1 0 0 0 0 0 1 1 1 2 2 2 3 3 2 2 2 2 2 2 1 1 1 0 0 0 0 1 0 0 0 0 0 0 0 0 0 0 0
 0 0 0 1 1 1 1 1 0 0 0 0 0 1 1 1 2 2 2 3 3 2 2 2 2 2 2 1 1 1 0 0 0 0 1 0 0 0 0 0 0 0 0 0 0 0
 0 0 0 1 1 1 1 1 0 0 0 0 0 1 1 1 1 1 1 0 0 0 0 0 0 0 0 0 0 1 0 0 0 0 1 1 1 1 1 1 0 0 0 0 0 1
 0 0 3 3 3 1 0 0 2 2 2 0 0 0 0 0 1 1 1 1 1 0 0 0 0 0 0 0 0 1 1 1 0 0 0 1 1 1 1 1 0 0 0 3 3 0
