assets/RAT_results/precipitation/2017-09-02_IMERG.asc
ncols        46
nrows        77
xllcorner    74.800261325624
yllcorner    8.058333333333
cellsize     0.062500000000
NODATA_value -9999
 2 2 3 4 4 3 1 1 2 2 3 3 3 5 7 7 7 7 9 21 21 15 15 15 19 19 25 29 29 33 28 28 32 32 43 46 46 43 50 50 81 81 58 47 47 23
 6 6 4 5 5 2 2 2 3 3 4 5 5 5 4 4 6 6 9 12 12 14 15 15 17 17 26 26 26 28 32 32 33 33 44 57 57 53 75 75 59 59 66 34 34 24
 6 6 4 5 5 2 2 2 3 3 4 5 5 5 4 4 6 6 9 12 12 14 15 15 17 17 26 26 26 28 32 32 33 33 44 57 57 53 75 75 59 59 66 34 34 24
 8 8 7 6 6 6 4 4 9 9 4 4 4 4 6 6 10 10 12 11 11 17 17 17 19 19 20 25 25 29 40 40 43 43 54 72 72 94 49 49 47 47 47 40 40 31
 3 3 6 4 4 9 5 5 11 11 6 6 6 7 10 10 10 10 12 17 17 18 21 21 19 19 22 31 31 33 41 41 55 55 60 61 61 65 46 46 48 48 41 34 34 62
 3 3 6 4 4 9 5 5 11 11 6 6 6 7 10 10 10 10 12 17 17 18 21 21 19 19 22 31 31 33 41 41 55 55 60 61 61 65 46 46 48 48 41 34 34 62
 3 3 5 3 3 4 3 3 11 11 5 7 7 9 10 10 26 26 14 16 16 14 16 16 20 20 34 40 40 33 48 48 64 64 69 72 72 63 64 64 60 60 36 25 25 26
 3 3 5 3 3 4 3 3 11 11 5 7 7 9 10 10 26 26 14 16 16 14 16 16 20 20 34 40 40 33 48 48 64 64 69 72 72 63 64 64 60 60 36 25 25 26
 2 2 4 6 6 6 3 3 7 7 8 7 7 9 8 8 8 8 11 9 9 12 13 13 16 16 28 32 32 41 60 60 60 60 67 73 73 61 57 57 64 64 45 40 40 33
 1 1 6 5 5 7 9 9 9 9 11 7 7 7 5 5 8 8 6 6 6 7 9 9 15 15 26 32 32 36 37 37 40 40 55 38 38 63 30 30 17 17 29 20 20 21
 1 1 6 5 5 7 9 9 9 9 11 7 7 7 5 5 8 8 6 6 6 7 9 9 15 15 26 32 32 36 37 37 40 40 55 38 38 63 30 30 17 17 29 20 20 21
 2 2 7 7 7 9 12 12 14 14 12 8 8 8 7 7 8 8 7 6 6 7 8 8 11 11 17 19 19 29 28 28 38 38 35 23 23 39 28 28 13 13 24 18 18 28
 2 2 1 4 4 7 11 11 14 14 11 13 13 13 13 13 9 9 7 6 6 9 10 10 12 12 12 10 10 13 14 14 10 10 13 8 8 12 21 21 21 21 23 14 14 17
 2 2 1 4 4 7 11 11 14 14 11 13 13 13 13 13 9 9 7 6 6 9 10 10 12 12 12 10 10 13 14 14 10 10 13 8 8 12 21 21 21 21 23 14 14 17
 1 1 1 5 5 6 15 15 11 11 13 10 10 13 16 16 13 13 11 9 9 8 10 10 11 11 14 12 12 12 12 12 12 12 7 9 9 9 11 11 17 17 20 20 20 23
 1 1 1 5 5 6 15 15 11 11 13 10 10 13 16 16 13 13 11 9 9 8 10 10 11 11 14 12 12 12 12 12 12 12 7 9 9 9 11 11 17 17 20 20 20 23
 1 1 1 4 4 8 11 11 12 12 18 15 15 14 16 16 15 15 22 13 13 17 16 16 17 17 16 16 16 15 15 15 17 17 11 22 22 28 30 30 14 14 22 27 27 25
 2 2 2 5 5 4 8 8 12 12 15 19 19 17 19 19 23 23 27 19 19 19 32 32 22 22 18 21 21 14 11 11 15 15 35 23 23 36 39 39 15 15 9 13 13 14
 2 2 2 5 5 4 8 8 12 12 15 19 19 17 19 19 23 23 27 19 19 19 32 32 22 22 18 21 21 14 11 11 15 15 35 23 23 36 39 39 15 15 9 13 13 14
 3 3 2 2 2 1 6 6 7 7 11 21 21 28 21 21 24 24 29 33 33 43 37 37 20 20 24 28 28 28 36 36 53 53 28 35 35 32 38 38 21 21 12 7 7 8
 1 1 1 2 2 2 3 3 4 4 10 23 23 23 21 21 22 22 19 30 30 23 22 22 27 27 38 52 52 63 54 54 52 52 29 35 35 20 36 36 18 18 13 7 7 8
 1 1 1 2 2 2 3 3 4 4 10 23 23 23 21 21 22 22 19 30 30 23 22 22 27 27 38 52 52 63 54 54 52 52 29 35 35 20 36 36 18 18 13 7 7 8
 0 0 0 1 1 2 2 2 3 3 9 10 10 18 20 20 25 25 24 41 41 20 23 23 27 27 24 45 45 59 55 55 60 60 41 43 43 18 21 21 20 20 9 7 7 5
 0 0 0 1 1 2 2 2 3 3 9 10 10 18 20 20 25 25 24 41 41 20 23 23 27 27 24 45 45 59 55 55 60 60 41 43 43 18 21 21 20 20 9 7 7 5
 0 0 1 1 1 1 1 1 2 2 6 10 10 18 17 17 22 22 23 20 20 23 18 18 15 15 13 32 32 46 51 51 32 32 45 27 27 21 18 18 17 17 9 8 8 8
 0 0 0 1 1 1 1 1 1 1 3 7 7 11 10 10 11 11 11 15 15 22 13 13 15 15 16 21 21 25 24 24 28 28 37 21 21 19 15 15 19 19 16 14 14 12
 0 0 0 1 1 1 1 1 1 1 3 7 7 11 10 10 11 11 11 15 15 22 13 13 15 15 16 21 21 25 24 24 28 28 37 21 21 19 15 15 19 19 16 14 14 12
 0 0 1 1 1 1 1 1 1 1 1 2 2 5 5 5 7 7 7 10 10 10 11 11 12 12 18 16 16 18 24 24 33 33 37 28 28 20 17 17 13 13 16 18 18 46
 1 1 1 1 1 1 1 1 1 1 1 1 1 3 3 3 6 6 6 7 7 6 5 5 4 4 10 12 12 17 18 18 23 23 31 27 27 28 17 17 20 20 14 18 18 49
 1 1 1 1 1 1 1 1 1 1 1 1 1 3 3 3 6 6 6 7 7 6 5 5 4 4 10 12 12 17 18 18 23 23 31 27 27 28 17 17 20 20 14 18 18 49
 2 2 2 2 2 2 2 2 3 3 5 2 2 2 7 7 6 6 9 7 7 6 4 4 6 6 9 8 8 31 33 33 30 30 22 15 15 16 11 11 43 43 33 42 42 59
 2 2 2 2 2 2 2 2 3 3 5 2 2 2 7 7 6 6 9 7 7 6 4 4 6 6 9 8 8 31 33 33 30 30 22 15 15 16 11 11 43 43 33 42 42 59
 2 2 2 2 2 3 3 3 3 3 3 3 3 2 4 4 7 7 7 7 7 9 9 9 15 15 14 18 18 30 30 30 29 29 21 21 21 27 40 40 42 42 34 42 42 18
 2 2 2 2 2 2 4 4 4 4 3 3 3 3 4 4 15 15 12 12 12 11 12 12 17 17 29 25 25 25 30 30 29 29 22 22 22 28 20 20 30 30 36 20 20 25
 2 2 2 2 2 2 4 4 4 4 3 3 3 3 4 4 15 15 12 12 12 11 12 12 17 17 29 25 25 25 30 30 29 29 22 22 22 28 20 20 30 30 36 20 20 25
 2 2 3 4 4 2 3 3 3 3 4 4 4 3 8 8 9 9 12 20 20 19 25 25 23 23 23 30 30 29 32 32 25 25 24 20 20 20 21 21 32 32 38 24 24 28
 2 2 2 3 3 2 3 3 3 3 4 4 4 4 4 4 17 17 16 24 24 28 20 20 21 21 22 24 24 23 29 29 33 33 25 19 19 13 13 13 16 16 24 30 30 35
 2 2 2 3 3 2 3 3 3 3 4 4 4 4 4 4 17 17 16 24 24 28 20 20 21 21 22 24 24 23 29 29 33 33 25 19 19 13 13 13 16 16 24 30 30 35
 2 2 2 3 3 2 3 3 4 4 3 3 3 4 18 18 16 16 12 23 23 20 19 19 17 17 27 21 21 30 28 28 28 28 33 28 28 18 14 14 16 16 20 30 30 41
 2 2 2 3 3 2 3 3 4 4 3 3 3 4 18 18 16 16 12 23 23 20 19 19 17 17 27 21 21 30 28 28 28 28 33 28 28 18 14 14 16 16 20 30 30 41
 1 1 1 1 1 2 2 2 3 3 3 3 3 3 3 3 11 11 11 20 20 21 8 8 8 8 20 20 20 29 30 30 33 33 26 26 26 24 19 19 18 18 26 28 28 27
 1 1 1 1 1 1 1 1 3 3 2 3 3 2 2 2 5 5 5 4 4 8 7 7 9 9 8 11 11 20 20 20 22 22 24 27 27 26 17 17 14 14 18 23 23 15
 1 1 1 1 1 1 1 1 3 3 2 3 3 2 2 2 5 5 5 4 4 8 7 7 9 9 8 11 11 20 20 20 22 22 24 27 27 26 17 17 14 14 18 23 23 15
 1 1 6 1 1 1 1 1 0 0 1 3 3 3 2 2 3 3 4 4 4 6 5 5 8 8 8 11 11 21 16 16 11 11 11 10 10 13 12 12 11 11 12 2 2 0
 2 2 1 1 1 1 1 1 1 1 1 2 2 1 3 3 2 2 2 3 3 5 7 7 12 12 11 12 12 19 13 13 8 8 8 9 9 10 5 5 2 2 2 0 0 0
 2 2 1 1 1 1 1 1 1 1 1 2 2 1 3 3 2 2 2 3 3 5 7 7 12 12 11 12 12 19 13 13 8 8 8 9 9 10 5 5 2 2 2 0 0 0
 2 2 1 1 1 1 3 3 1 1 2 2 2 1 1 1 0 0 1 2 2 11 13 13 13 13 19 20 20 20 15 15 9 9 5 5 5 3 1 1 0 0 0 0 0 0
 2 2 1 1 1 1 3 3 1 1 2 2 2 1 1 1 0 0 1 2 2 11 13 13 13 13 19 20 20 20 15 15 9 9 5 5 5 3 1 1 0 0 0 0 0 0
 1 1 1 1 1 1 1 1 1 1 2 1 1 3 1 1 0 0 1 3 3 6 18 18 18 18 21 16 16 13 14 14 8 8 8 3 3 3 2 2 1 1 0 0 0 0
 1 1 1 2 2 2 1 1 2 2 2 1 1 0 1 1 0 0 0 4 4 12 13 13 14 14 13 13 13 6 3 3 9 9 6 6 6 7 5 5 1 1 0 0 0 0
 1 1 1 2 2 2 1 1 2 2 2 1 1 0 1 1 0 0 0 4 4 12 13 13 14 14 13 13 13 6 3 3 9 9 6 6 6 7 5 5 1 1 0 0 0 0
 2 2 4 2 2 2 1 1 1 1 1 1 1 1 0 0 1 1 1 4 4 12 11 11 14 14 15 13 13 11 8 8 8 8 7 12 12 8 5 5 5 5 5 5 5 4
 2 2 2 2 2 2 2 2 1 1 2 1 1 4 3 3 3 3 2 2 2 10 13 13 5 5 7 9 9 12 17 17 20 20 21 12 12 13 5 5 3 3 5 5 5 4
 2 2 2 2 2 2 2 2 1 1 2 1 1 4 3 3 3 3 2 2 2 10 13 13 5 5 7 9 9 12 17 17 20 20 21 12 12 13 5 5 3 3 5 5 5 4
 2 2 2 1 1 1 1 1 0 0 0 0 0 4 3 3 3 3 1 1 1 0 7 7 7 7 10 18 18 22 24 24 21 21 64 32 32 15 5 5 2 2 2 5 5 3
 2 2 2 1 1 1 1 1 0 0 0 0 0 4 3 3 3 3 1 1 1 0 7 7 7 7 10 18 18 22 24 24 21 21 64 32 32 15 5 5 2 2 2 5 5 3
 4 4 1 1 1 1 1 1 1 1 0 0 0 0 1 1 2 2 1 2 2 3 6 6 11 11 12 17 17 16 24 24 20 20 25 21 21 9 4 4 5 5 0 4 4 2
 4 4 4 3 3 2 1 1 1 1 2 1 1 1 1 1 1 1 2 2 2 7 9 9 19 19 16 20 20 16 20 20 21 21 13 10 10 10 3 3 1 1 0 0 0 1
 4 4 4 3 3 2 1 1 1 1 2 1 1 1 1 1 1 1 2 2 2 7 9 9 19 19 16 20 20 16 20 20 21 21 13 10 10 10 3 3 1 1 0 0 0 1
 6 6 5 4 4 4 4 4 3 3 1 2 2 1 2 2 2 2 2 4 4 7 8 8 20 20 21 20 20 13 10 10 10 10 13 9 9 4 2 2 0 0 0 0 0 1
 6 6 8 6 6 9 9 9 6 6 3 5 5 3 3 3 3 3 4 7 7 10 12 12 14 14 12 16 16 16 13 13 13 13 7 4 4 1 0 0 0 0 1 0 0 0
 6 6 8 6 6 9 9 9 6 6 3 5 5 3 3 3 3 3 4 7 7 10 12 12 14 14 12 16 16 16 13 13 13 13 7 4 4 1 0 0 0 0 1 0 0 0
 10 10 7 16 16 13 17 17 7 7 6 6 6 5 4 4 4 4 6 6 6 8 7 7 9 9 7 14 14 13 8 8 3 3 1 4 4 9 9 9 8 8 1 1 1 1
 10 10 7 16 16 13 17 17 7 7 6 6 6 5 4 4 4 4 6 6 6 8 7 7 9 9 7 14 14 13 8 8 3 3 1 4 4 9 9 9 8 8 1 1 1 1
 33 33 15 18 18 21 20 20 13 13 7 4 4 5 6 6 6 6 9 4 4 3 4 4 3 3 4 3 3 11 9 9 6 6 5 4 4 10 8 8 9 9 2 3 3 3
 33 33 60 32 32 53 37 37 24 24 22 7 7 5 11 11 5 5 6 3 3 2 1 1 2 2 2 2 2 8 6 6 78 78 78 48 48 8 9 9 4 4 3 5 5 4
 33 33 60 32 32 53 37 37 24 24 22 7 7 5 11 11 5 5 6 3 3 2 1 1 2 2 2 2 2 8 6 6 78 78 78 48 48 8 9 9 4 4 3 5 5 4
 64 64 69 79 79 43 57 57 32 32 32 5 5 5 10 10 9 9 7 6 6 2 1 1 1 1 1 5 5 5 16 16 81 81 79 49 49 14 16 16 7 7 13 11 11 6
 100 100 84 99 99 95 77 77 59 59 68 10 10 8 15 15 16 16 11 6 6 6 2 2 1 1 1 5 5 2 13 13 24 24 27 23 23 12 23 23 10 10 6 4 4 6
 100 100 84 99 99 95 77 77 59 59 68 10 10 8 15 15 16 16 11 6 6 6 2 2 1 1 1 5 5 2 13 13 24 24 27 23 23 12 23 23 10 10 6 4 4 6
 139 139 182 160 160 138 123 123 120 120 131 24 24 28 21 21 19 19 10 6 6 3 2 2 1 1 1 1 1 2 14 14 3 3 2 6 6 7 5 5 5 5 5 3 3 4
 139 139 182 160 160 138 123 123 120 120 131 24 24 28 21 21 19 19 10 6 6 3 2 2 1 1 1 1 1 2 14 14 3 3 2 6 6 7 5 5 5 5 5 3 3 4
 144 144 142 171 171 166 157 157 157 157 129 82 82 54 30 30 29 29 9 5 5 2 1 1 1 1 1 1 1 1 3 3 4 4 6 8 8 10 10 10 9 9 7 3 3 3
 138 138 155 162 162 161 151 151 147 147 132 103 103 91 53 53 43 43 15 5 5 2 1 1 1 1 1 1 1 1 3 3 4 4 3 5 5 7 5 5 8 8 6 3 3 3
 138 138 155 162 162 161 151 151 147 147 132 103 103 91 53 53 43 43 15 5 5 2 1 1 1 1 1 1 1 1 3 3 4 4 3 5 5 7 5 5 8 8 6 3 3 3
 145 145 143 162 162 138 123 123 149 149 122 97 97 103 87 87 44 44 14 7 7 3 2 2 1 1 1 1 1 1 1 1 2 2 2 5 5 5 5 5 3 3 3 3 3 3
 143 143 149 121 121 130 61 61 83 83 60 103 103 58 49 49 25 25 14 6 6 4 3 3 1 1 1 1 1 1 1 1 1 1 1 3 3 3 3 3 2 2 3 2 2 2
