assets/RAT_results/precipitation/2017-04-20_IMERG.asc
ncols        46
nrows        77
xllcorner    74.800261325624
yllcorner    8.058333333333
cellsize     0.062500000000
NODATA_value -9999
 0 0 0 0 0 0 0 0 0 0 0 0 0 0 0 0 0 0 1 2 2 3 9 9 16 16 19 18 18 15 13 13 16 16 21 22 22 19 17 17 13 13 3 14 14 3
 0 0 0 0 0 0 0 0 0 0 0 0 0 1 1 1 0 0 1 2 2 5 11 11 16 16 18 19 19 15 20 20 18 18 21 31 31 24 19 19 12 12 11 12 12 2
 0 0 0 0 0 0 0 0 0 0 0 0 0 1 1 1 0 0 1 2 2 5 11 11 16 16 18 19 19 15 20 20 18 18 21 31 31 24 19 19 12 12 11 12 12 2
 0 0 0 0 0 0 0 0 0 0 0 0 0 0 0 0 0 0 0 2 2 7 13 13 15 15 16 17 17 22 16 16 15 15 21 30 30 18 12 12 22 22 8 6 6 4
 0 0 1 0 0 0 4 4 0 0 0 0 0 0 0 0 0 0 0 2 2 4 9 9 10 10 11 13 13 14 13 13 15 15 19 21 21 19 10 10 14 14 10 5 5 4
 0 0 1 0 0 0 4 4 0 0 0 0 0 0 0 0 0 0 0 2 2 4 9 9 10 10 11 13 13 14 13 13 15 15 19 21 21 19 10 10 14 14 10 5 5 4
 0 0 0 0 0 0 0 0 0 0 0 0 0 0 0 0 1 1 1 1 1 3 9 9 10 10 8 13 13 13 11 11 15 15 13 20 20 16 13 13 7 7 21 25 25 4
 0 0 0 0 0 0 0 0 0 0 0 0 0 0 0 0 1 1 1 1 1 3 9 9 10 10 8 13 13 13 11 11 15 15 13 20 20 16 13 13 7 7 21 25 25 4
 0 0 0 0 0 0 0 0 0 0 0 0 0 0 0 0 3 3 1 1 1 2 7 7 3 3 5 8 8 14 18 18 14 14 19 19 19 20 24 24 12 12 25 26 26 7
 0 0 0 0 0 0 0 0 0 0 1 2 2 5 1 1 0 0 5 2 2 3 4 4 1 1 4 6 6 9 9 9 17 17 13 14 14 17 16 16 20 20 20 20 20 11
 0 0 0 0 0 0 0 0 0 0 1 2 2 5 1 1 0 0 5 2 2 3 4 4 1 1 4 6 6 9 9 9 17 17 13 14 14 17 16 16 20 20 20 20 20 11
 0 0 0 0 0 0 0 0 1 1 1 7 7 5 6 6 32 32 2 5 5 1 0 0 1 1 3 7 7 10 10 10 12 12 5 23 23 18 13 13 29 29 18 18 18 23
 0 0 0 0 0 1 0 0 14 14 14 6 6 8 11 11 11 11 8 1 1 1 0 0 2 2 8 7 7 24 7 7 5 5 17 15 15 11 30 30 29 29 48 23 23 12
 0 0 0 0 0 1 0 0 14 14 14 6 6 8 11 11 11 11 8 1 1 1 0 0 2 2 8 7 7 24 7 7 5 5 17 15 15 11 30 30 29 29 48 23 23 12
 0 0 0 0 0 0 0 0 13 13 13 4 4 9 11 11 6 6 5 0 0 1 1 1 9 9 31 10 10 15 5 5 9 9 3 12 12 20 7 7 29 29 32 29 29 6
 0 0 0 0 0 0 0 0 13 13 13 4 4 9 11 11 6 6 5 0 0 1 1 1 9 9 31 10 10 15 5 5 9 9 3 12 12 20 7 7 29 29 32 29 29 6
 0 0 0 0 0 0 0 0 0 0 15 4 4 3 2 2 8 8 0 0 0 1 2 2 9 9 6 16 16 9 8 8 9 9 4 35 35 35 31 31 35 35 39 31 31 24
 0 0 1 0 0 0 0 0 0 0 13 5 5 1 1 1 1 1 0 0 0 1 5 5 7 7 11 13 13 7 7 7 4 4 32 20 20 33 45 45 18 18 34 16 16 7
 0 0 1 0 0 0 0 0 0 0 13 5 5 1 1 1 1 1 0 0 0 1 5 5 7 7 11 13 13 7 7 7 4 4 32 20 20 33 45 45 18 18 34 16 16 7
 0 0 0 1 1 4 1 1 0 0 5 6 6 6 1 1 1 1 0 0 0 4 6 6 6 6 12 5 5 3 12 12 5 5 20 14 14 40 48 48 41 41 43 18 18 4
 0 0 0 4 4 1 1 1 1 1 2 4 4 5 1 1 0 0 0 2 2 4 9 9 7 7 6 5 5 8 7 7 8 8 16 17 17 28 50 50 43 43 4 7 7 10
 0 0 0 4 4 1 1 1 1 1 2 4 4 5 1 1 0 0 0 2 2 4 9 9 7 7 6 5 5 8 7 7 8 8 16 17 17 28 50 50 43 43 4 7 7 10
 0 0 1 1 1 17 2 2 2 2 7 3 3 2 1 1 1 1 1 2 2 1 5 5 8 8 8 5 5 11 12 12 15 15 10 20 20 28 18 18 11 11 3 5 5 10
 0 0 1 1 1 17 2 2 2 2 7 3 3 2 1 1 1 1 1 2 2 1 5 5 8 8 8 5 5 11 12 12 15 15 10 20 20 28 18 18 11 11 3 5 5 10
 0 0 1 2 2 18 19 19 25 25 31 19 19 1 2 2 5 5 2 2 2 5 5 5 8 8 7 5 5 19 14 14 10 10 13 23 23 19 21 21 13 13 3 4 4 7
 0 0 1 1 1 23 28 28 43 43 18 27 27 4 6 6 8 8 15 15 15 7 4 4 1 1 1 3 3 9 12 12 9 9 16 12 12 18 8 8 3 3 2 4 4 6
 0 0 1 1 1 23 28 28 43 43 18 27 27 4 6 6 8 8 15 15 15 7 4 4 1 1 1 3 3 9 12 12 9 9 16 12 12 18 8 8 3 3 2 4 4 6
 0 0 0 1 1 26 30 30 55 55 22 19 19 6 3 3 13 13 13 11 11 8 8 8 6 6 3 2 2 4 6 6 19 19 15 9 9 6 10 10 5 5 3 5 5 7
 0 0 0 5 5 11 13 13 13 13 26 4 4 3 4 4 8 8 11 6 6 6 6 6 7 7 2 1 1 2 5 5 15 15 6 6 6 4 8 8 3 3 5 18 18 14
 0 0 0 5 5 11 13 13 13 13 26 4 4 3 4 4 8 8 11 6 6 6 6 6 7 7 2 1 1 2 5 5 15 15 6 6 6 4 8 8 3 3 5 18 18 14
 0 0 0 1 1 1 5 5 2 2 8 2 2 4 11 11 9 9 6 5 5 4 7 7 2 2 3 6 6 3 6 6 19 19 3 2 2 3 6 6 7 7 21 30 30 19
 0 0 0 1 1 1 5 5 2 2 8 2 2 4 11 11 9 9 6 5 5 4 7 7 2 2 3 6 6 3 6 6 19 19 3 2 2 3 6 6 7 7 21 30 30 19
 0 0 0 2 2 0 0 0 1 1 2 4 4 4 8 8 9 9 7 6 6 5 1 1 7 7 2 3 3 2 1 1 6 6 1 2 2 7 7 7 7 7 8 13 13 13
 1 1 0 0 0 1 0 0 1 1 2 3 3 3 4 4 4 4 7 7 7 5 2 2 0 0 2 2 2 2 1 1 1 1 2 2 2 2 3 3 3 3 13 15 15 21
 1 1 0 0 0 1 0 0 1 1 2 3 3 3 4 4 4 4 7 7 7 5 2 2 0 0 2 2 2 2 1 1 1 1 2 2 2 2 3 3 3 3 13 15 15 21
 0 0 0 0 0 0 1 1 1 1 3 2 2 2 2 2 4 4 16 15 15 14 4 4 0 0 0 2 2 1 1 1 2 2 2 1 1 4 18 18 10 10 41 13 13 29
 0 0 0 0 0 1 1 1 2 2 1 1 1 1 0 0 0 0 2 4 4 6 6 6 0 0 0 0 0 1 1 1 2 2 1 4 4 4 19 19 62 62 78 46 46 52
 0 0 0 0 0 1 1 1 2 2 1 1 1 1 0 0 0 0 2 4 4 6 6 6 0 0 0 0 0 1 1 1 2 2 1 4 4 4 19 19 62 62 78 46 46 52
 0 0 2 2 2 4 4 4 2 2 1 1 1 0 0 0 1 1 3 5 5 6 2 2 0 0 0 0 0 1 2 2 1 1 1 1 1 5 26 26 67 67 68 57 57 58
 0 0 2 2 2 4 4 4 2 2 1 1 1 0 0 0 1 1 3 5 5 6 2 2 0 0 0 0 0 1 2 2 1 1 1 1 1 5 26 26 67 67 68 57 57 58
 1 1 1 1 1 4 5 5 2 2 2 2 2 1 0 0 1 1 4 1 1 1 1 1 1 1 0 0 0 1 1 1 1 1 1 1 1 77 40 40 12 12 6 5 5 16
 0 0 0 6 6 6 4 4 3 3 6 3 3 1 1 1 5 5 2 1 1 3 1 1 0 0 0 0 0 2 1 1 2 2 1 1 1 74 13 13 5 5 4 2 2 4
 0 0 0 6 6 6 4 4 3 3 6 3 3 1 1 1 5 5 2 1 1 3 1 1 0 0 0 0 0 2 1 1 2 2 1 1 1 74 13 13 5 5 4 2 2 4
 0 0 2 5 5 5 1 1 6 6 3 2 2 1 10 10 7 7 7 1 1 1 1 1 0 0 0 1 1 2 3 3 11 11 21 2 2 7 30 30 4 4 1 1 1 4
 0 0 1 2 2 2 0 0 3 3 3 7 7 1 8 8 4 4 2 1 1 2 0 0 0 0 1 3 3 8 10 10 18 18 39 3 3 2 2 2 2 2 1 1 1 0
 0 0 1 2 2 2 0 0 3 3 3 7 7 1 8 8 4 4 2 1 1 2 0 0 0 0 1 3 3 8 10 10 18 18 39 3 3 2 2 2 2 2 1 1 1 0
 0 0 0 0 0 0 1 1 0 0 1 3 3 2 2 2 1 1 3 3 3 1 0 0 1 1 1 6 6 6 9 9 11 11 18 5 5 6 2 2 1 1 1 1 1 1
 0 0 0 0 0 0 1 1 0 0 1 3 3 2 2 2 1 1 3 3 3 1 0 0 1 1 1 6 6 6 9 9 11 11 18 5 5 6 2 2 1 1 1 1 1 1
 1 1 1 0 0 0 1 1 1 1 0 0 0 1 1 1 0 0 1 1 1 1 0 0 1 1 3 2 2 1 3 3 37 37 5 2 2 6 2 2 2 2 9 4 4 0
 9 9 8 3 3 0 1 1 1 1 2 1 1 0 0 0 0 0 0 0 0 1 0 0 0 0 1 1 1 1 7 7 9 9 3 9 9 9 6 6 7 7 11 1 1 0
 9 9 8 3 3 0 1 1 1 1 2 1 1 0 0 0 0 0 0 0 0 1 0 0 0 0 1 1 1 1 7 7 9 9 3 9 9 9 6 6 7 7 11 1 1 0
 11 11 10 2 2 1 2 2 4 4 1 1 1 0 0 0 0 0 0 0 0 0 0 0 1 1 2 2 2 2 6 6 5 5 7 6 6 3 8 8 7 7 4 0 0 0
 4 4 2 0 0 0 0 0 0 0 0 0 0 0 0 0 0 0 0 0 0 0 2 2 1 1 4 4 4 6 4 4 7 7 6 3 3 2 3 3 9 9 2 0 0 0
 4 4 2 0 0 0 0 0 0 0 0 0 0 0 0 0 0 0 0 0 0 0 2 2 1 1 4 4 4 6 4 4 7 7 6 3 3 2 3 3 9 9 2 0 0 0
 1 1 0 1 1 0 0 0 0 0 0 0 0 0 0 0 0 0 0 0 0 3 4 4 3 3 1 2 2 2 2 2 2 2 2 1 1 1 1 1 2 2 2 0 0 0
 1 1 0 1 1 0 0 0 0 0 0 0 0 0 0 0 0 0 0 0 0 3 4 4 3 3 1 2 2 2 2 2 2 2 2 1 1 1 1 1 2 2 2 0 0 0
 0 0 0 0 0 0 0 0 0 0 0 0 0 0 0 0 1 1 2 1 1 1 2 2 3 3 0 1 1 0 0 0 1 1 1 0 0 0 0 0 0 0 0 0 0 0
 0 0 0 0 0 0 0 0 0 0 0 0 0 0 5 5 0 0 1 1 1 1 1 1 2 2 0 1 1 0 0 0 0 0 0 0 0 0 0 0 0 0 0 0 0 0
 0 0 0 0 0 0 0 0 0 0 0 0 0 0 5 5 0 0 1 1 1 1 1 1 2 2 0 1 1 0 0 0 0 0 0 0 0 0 0 0 0 0 0 0 0 0
 0 0 0 0 0 5 0 0 1 1 0 0 0 0 0 0 0 0 0 0 0 0 1 1 0 0 1 1 1 0 0 0 0 0 0 0 0 0 0 0 0 0 0 0 0 0
 5 5 0 0 0 0 1 1 0 0 0 0 0 0 0 0 0 0 0 1 1 2 2 2 0 0 1 0 0 0 0 0 0 0 0 0 0 0 0 0 0 0 0 0 0 0
 5 5 0 0 0 0 1 1 0 0 0 0 0 0 0 0 0 0 0 1 1 2 2 2 0 0 1 0 0 0 0 0 0 0 0 0 0 0 0 0 0 0 0 0 0 0
 0 0 0 0 0 0 0 0 0 0 0 0 0 0 0 0 0 0 0 9 9 1 0 0 0 0 0 0 0 1 0 0 0 0 0 0 0 0 0 0 0 0 0 0 0 0
 0 0 0 0 0 0 0 0 0 0 0 0 0 0 0 0 0 0 0 9 9 1 0 0 0 0 0 0 0 1 0 0 0 0 0 0 0 0 0 0 0 0 0 0 0 0
 0 0 0 0 0 0 0 0 0 0 0 0 0 0 0 0 0 0 0 0 0 0 0 0 0 0 0 0 0 0 0 0 0 0 0 0 0 0 0 0 0 0 0 0 0 0
 0 0 0 0 0 0 0 0 0 0 0 0 0 0 0 0 0 0 0 0 0 10 0 0 0 0 0 0 0 0 0 0 0 0 0 0 0 0 0 0 0 0 0 0 0 0
 0 0 0 0 0 0 0 0 0 0 0 0 0 0 0 0 0 0 0 0 0 10 0 0 0 0 0 0 0 0 0 0 0 0 0 0 0 0 0 0 0 0 0 0 0 0
 0 0 0 0 0 0 0 0 0 0 0 0 0 0 0 0 0 0 0 0 0 0 0 0 0 0 0 0 0 0 0 0 0 0 0 0 0 0 0 0 0 0 0 0 0 0
 0 0 0 1 1 0 0 0 0 0 0 0 0 0 0 0 0 0 0 0 0 0 0 0 0 0 0 0 0 0 0 0 0 0 0 0 0 0 0 0 0 0 1 0 0 0
 0 0 0 1 1 0 0 0 0 0 0 0 0 0 0 0 0 0 0 0 0 0 0 0 0 0 0 0 0 0 0 0 0 0 0 0 0 0 0 0 0 0 1 0 0 0
 0 0 0 0 0 0 0 0 1 1 0 0 0 0 0 0 0 0 0 0 0 0 0 0 0 0 0 0 0 0 0 0 0 0 0 0 0 0 0 0 0 0 0 0 0 0
 0 0 0 0 0 0 0 0 1 1 0 0 0 0 0 0 0 0 0 0 0 0 0 0 0 0 0 0 0 0 0 0 0 0 0 0 0 0 0 0 0 0 0 0 0 0
 0 0 0 0 0 0 0 0 0 0 0 0 0 0 0 0 0 0 0 0 0 0 0 0 0 0 0 0 0 0 0 0 0 0 0 0 0 0 0 0 0 0 0 0 0 0
 1 1 0 0 0 0 0 0 0 0 0 0 0 0 0 0 0 0 0 1 1 0 0 0 0 0 0 0 0 0 0 0 0 0 0 0 0 0 0 0 0 0 0 0 0 0
 1 1 0 0 0 0 0 0 0 0 0 0 0 0 0 0 0 0 0 1 1 0 0 0 0 0 0 0 0 0 0 0 0 0 0 0 0 0 0 0 0 0 0 0 0 0
 1 1 0 0 0 0 0 0 0 0 0 0 0 0 0 0 0 0 0 0 0 0 0 0 0 0 0 0 0 0 0 0 0 0 0 0 0 0 0 0 0 0 0 0 0 0
 1 1 0 1 1 0 0 0 0 0 0 0 0 0 0 0 0 0 0 0 0 0 0 0 0 0 0 0 0 0 0 0 0 0 0 0 0 0 0 0 0 0 0 0 0 0
