assets/RAT_results/precipitation/2017-11-06_IMERG.asc
ncols        46
nrows        77
xllcorner    74.800261325624
yllcorner    8.058333333333
cellsize     0.062500000000
NODATA_value -9999
 57 57 57 38 38 48 51 51 49 49 23 14 14 13 11 11 9 9 8 7 7 3 7 7 4 4 3 1 1 1 1 1 0 0 1 2 2 0 2 2 1 1 0 0 0 0
 58 58 49 42 42 41 127 127 38 38 22 12 12 11 10 10 14 14 11 8 8 4 7 7 3 3 3 1 1 0 1 1 2 2 2 2 2 1 2 2 0 0 0 0 0 0
 58 58 49 42 42 41 127 127 38 38 22 12 12 11 10 10 14 14 11 8 8 4 7 7 3 3 3 1 1 0 1 1 2 2 2 2 2 1 2 2 0 0 0 0 0 0
 64 64 42 60 60 41 38 38 36 36 22 15 15 9 14 14 8 8 9 7 7 2 6 6 3 3 2 0 0 2 3 3 3 3 2 2 2 5 5 5 1 1 0 0 0 0
 43 43 66 64 64 31 41 41 45 45 32 16 16 13 9 9 11 11 9 7 7 2 3 3 1 1 2 1 1 2 2 2 3 3 2 3 3 8 3 3 2 2 0 1 1 0
 43 43 66 64 64 31 41 41 45 45 32 16 16 13 9 9 11 11 9 7 7 2 3 3 1 1 2 1 1 2 2 2 3 3 2 3 3 8 3 3 2 2 0 1 1 0
 46 46 77 40 40 26 25 25 31 31 34 29 29 20 11 11 8 8 6 5 5 2 2 2 0 0 0 1 1 1 2 2 7 7 8 5 5 3 3 3 1 1 0 0 0 0
 46 46 77 40 40 26 25 25 31 31 34 29 29 20 11 11 8 8 6 5 5 2 2 2 0 0 0 1 1 1 2 2 7 7 8 5 5 3 3 3 1 1 0 0 0 0
 32 32 37 39 39 32 26 26 27 27 26 23 23 17 10 10 6 6 4 3 3 5 1 1 0 0 0 1 1 1 2 2 6 6 3 4 4 1 5 5 2 2 0 0 0 0
 26 26 34 29 29 23 31 31 26 26 25 33 33 14 14 14 9 9 3 2 2 3 0 0 0 0 0 0 0 0 1 1 5 5 0 1 1 1 0 0 0 0 1 1 1 0
 26 26 34 29 29 23 31 31 26 26 25 33 33 14 14 14 9 9 3 2 2 3 0 0 0 0 0 0 0 0 1 1 5 5 0 1 1 1 0 0 0 0 1 1 1 0
 13 13 16 15 15 19 18 18 23 23 23 26 26 16 11 11 13 13 6 1 1 0 0 0 0 0 0 0 0 0 0 0 0 0 0 2 2 0 0 0 0 0 2 0 0 0
 7 7 10 16 16 20 18 18 20 20 28 23 23 10 13 13 16 16 8 4 4 1 2 2 1 1 0 0 0 0 0 0 0 0 1 2 2 0 1 1 0 0 1 2 2 1
 7 7 10 16 16 20 18 18 20 20 28 23 23 10 13 13 16 16 8 4 4 1 2 2 1 1 0 0 0 0 0 0 0 0 1 2 2 0 1 1 0 0 1 2 2 1
 4 4 9 11 11 13 16 16 16 16 18 13 13 10 12 12 15 15 9 5 5 6 3 3 1 1 1 0 0 0 0 0 0 0 0 2 2 1 1 1 1 1 1 3 3 2
 4 4 9 11 11 13 16 16 16 16 18 13 13 10 12 12 15 15 9 5 5 6 3 3 1 1 1 0 0 0 0 0 0 0 0 2 2 1 1 1 1 1 1 3 3 2
 5 5 7 11 11 13 11 11 14 14 12 15 15 51 13 13 13 13 8 5 5 7 6 6 3 3 4 0 0 0 1 1 0 0 3 9 9 4 4 4 3 3 2 1 1 2
 16 16 16 16 16 12 12 12 11 11 15 17 17 21 15 15 13 13 9 9 9 8 11 11 5 5 5 3 3 1 1 1 3 3 9 11 11 4 6 6 2 2 1 7 7 8
 16 16 16 16 16 12 12 12 11 11 15 17 17 21 15 15 13 13 9 9 9 8 11 11 5 5 5 3 3 1 1 1 3 3 9 11 11 4 6 6 2 2 1 7 7 8
 23 23 40 25 25 14 17 17 12 12 9 13 13 16 17 17 14 14 12 9 9 10 11 11 3 3 4 3 3 5 3 3 6 6 8 7 7 10 3 3 1 1 3 8 8 7
 25 25 28 35 35 20 15 15 11 11 12 16 16 16 17 17 19 19 18 18 18 16 13 13 7 7 5 6 6 14 6 6 6 6 4 9 9 13 18 18 1 1 3 2 2 20
 25 25 28 35 35 20 15 15 11 11 12 16 16 16 17 17 19 19 18 18 18 16 13 13 7 7 5 6 6 14 6 6 6 6 4 9 9 13 18 18 1 1 3 2 2 20
 25 25 26 32 32 29 23 23 33 33 19 13 13 14 16 16 9 9 20 26 26 20 12 12 5 5 12 6 6 25 16 16 10 10 4 17 17 7 14 14 1 1 2 2 2 17
 25 25 26 32 32 29 23 23 33 33 19 13 13 14 16 16 9 9 20 26 26 20 12 12 5 5 12 6 6 25 16 16 10 10 4 17 17 7 14 14 1 1 2 2 2 17
 46 46 39 41 41 38 41 41 20 20 10 11 11 12 13 13 17 17 39 38 38 32 15 15 25 25 15 8 8 12 14 14 31 31 7 6 6 13 1 1 4 4 3 3 3 8
 52 52 48 78 78 48 48 48 50 50 16 7 7 9 13 13 19 19 16 44 44 22 21 21 41 41 14 14 14 18 17 17 23 23 18 14 14 5 2 2 1 1 4 3 3 0
 52 52 48 78 78 48 48 48 50 50 16 7 7 9 13 13 19 19 16 44 44 22 21 21 41 41 14 14 14 18 17 17 23 23 18 14 14 5 2 2 1 1 4 3 3 0
 61 61 58 63 63 74 74 74 59 59 33 25 25 16 11 11 13 13 31 32 32 5 11 11 14 14 19 16 16 25 17 17 29 29 23 13 13 7 4 4 2 2 4 3 3 0
 71 71 65 62 62 46 35 35 33 33 31 31 31 15 10 10 13 13 13 5 5 5 9 9 6 6 8 16 16 28 20 20 21 21 14 7 7 3 6 6 12 12 9 4 4 0
 71 71 65 62 62 46 35 35 33 33 31 31 31 15 10 10 13 13 13 5 5 5 9 9 6 6 8 16 16 28 20 20 21 21 14 7 7 3 6 6 12 12 9 4 4 0
 68 68 100 75 75 60 57 57 46 46 42 27 27 15 9 9 11 11 10 5 5 3 3 3 8 8 10 9 9 16 22 22 18 18 16 7 7 1 7 7 15 15 13 18 18 7
 68 68 100 75 75 60 57 57 46 46 42 27 27 15 9 9 11 11 10 5 5 3 3 3 8 8 10 9 9 16 22 22 18 18 16 7 7 1 7 7 15 15 13 18 18 7
 89 89 116 120 120 84 74 74 51 51 39 34 34 25 15 15 12 12 7 4 4 4 3 3 7 7 9 8 8 17 11 11 17 17 6 3 3 2 0 0 7 7 7 5 5 2
 54 54 118 71 71 65 58 58 69 69 39 26 26 16 13 13 5 5 6 4 4 2 2 2 5 5 5 6 6 5 3 3 3 3 2 2 2 1 1 1 0 0 0 1 1 3
 54 54 118 71 71 65 58 58 69 69 39 26 26 16 13 13 5 5 6 4 4 2 2 2 5 5 5 6 6 5 3 3 3 3 2 2 2 1 1 1 0 0 0 1 1 3
 61 61 59 45 45 53 63 63 72 72 61 46 46 28 17 17 10 10 8 3 3 4 3 3 4 4 8 6 6 2 3 3 3 3 4 5 5 7 3 3 1 1 0 0 0 0
 37 37 49 38 38 41 52 52 51 51 58 37 37 22 14 14 24 24 10 5 5 5 4 4 10 10 9 9 9 4 6 6 3 3 4 5 5 6 6 6 2 2 0 0 0 1
 37 37 49 38 38 41 52 52 51 51 58 37 37 22 14 14 24 24 10 5 5 5 4 4 10 10 9 9 9 4 6 6 3 3 4 5 5 6 6 6 2 2 0 0 0 1
 29 29 46 29 29 30 51 51 59 59 64 63 63 62 29 29 24 24 12 12 12 15 11 11 6 6 9 9 9 4 5 5 2 2 4 3 3 5 4 4 3 3 2 0 0 1
 29 29 46 29 29 30 51 51 59 59 64 63 63 62 29 29 24 24 12 12 12 15 11 11 6 6 9 9 9 4 5 5 2 2 4 3 3 5 4 4 3 3 2 0 0 1
 24 24 33 14 14 10 12 12 29 29 56 50 50 56 57 57 53 53 20 25 25 18 13 13 7 7 11 12 12 6 5 5 5 5 5 7 7 9 4 4 5 5 2 2 2 3
 26 26 28 14 14 13 9 9 27 27 23 31 31 72 64 64 57 57 24 24 24 20 11 11 11 11 14 18 18 8 8 8 8 8 5 10 10 10 6 6 5 5 2 3 3 2
 26 26 28 14 14 13 9 9 27 27 23 31 31 72 64 64 57 57 24 24 24 20 11 11 11 11 14 18 18 8 8 8 8 8 5 10 10 10 6 6 5 5 2 3 3 2
 39 39 11 12 12 13 14 14 11 11 12 18 18 11 13 13 16 16 20 20 20 23 13 13 21 21 15 14 14 16 14 14 11 11 11 15 15 14 12 12 5 5 2 0 0 0
 19 19 18 16 16 8 4 4 3 3 4 4 4 15 12 12 9 9 10 32 32 15 16 16 16 16 31 31 31 62 21 21 17 17 17 14 14 11 9 9 2 2 1 2 2 1
 19 19 18 16 16 8 4 4 3 3 4 4 4 15 12 12 9 9 10 32 32 15 16 16 16 16 31 31 31 62 21 21 17 17 17 14 14 11 9 9 2 2 1 2 2 1
 21 21 15 9 9 10 5 5 4 4 4 4 4 7 13 13 12 12 19 31 31 15 11 11 28 28 25 58 58 28 29 29 27 27 11 4 4 4 2 2 1 1 3 4 4 1
 21 21 15 9 9 10 5 5 4 4 4 4 4 7 13 13 12 12 19 31 31 15 11 11 28 28 25 58 58 28 29 29 27 27 11 4 4 4 2 2 1 1 3 4 4 1
 19 19 18 16 16 11 13 13 10 10 21 9 9 16 13 13 12 12 11 24 24 14 11 11 16 16 24 37 37 38 55 55 24 24 10 5 5 2 1 1 1 1 4 2 2 1
 19 19 10 14 14 14 16 16 17 17 18 35 35 18 15 15 20 20 19 21 21 14 16 16 19 19 21 30 30 15 15 15 11 11 7 7 7 1 5 5 6 6 8 3 3 2
 19 19 10 14 14 14 16 16 17 17 18 35 35 18 15 15 20 20 19 21 21 14 16 16 19 19 21 30 30 15 15 15 11 11 7 7 7 1 5 5 6 6 8 3 3 2
 26 26 15 14 14 16 18 18 20 20 22 17 17 22 21 21 18 18 19 19 19 8 17 17 26 26 25 30 30 20 13 13 13 13 16 16 16 6 6 6 8 8 9 3 3 3
 34 34 30 13 13 13 14 14 15 15 12 10 10 15 20 20 18 18 19 19 19 19 14 14 36 36 41 44 44 33 28 28 28 28 16 44 44 11 6 6 6 6 7 4 4 1
 34 34 30 13 13 13 14 14 15 15 12 10 10 15 20 20 18 18 19 19 19 19 14 14 36 36 41 44 44 33 28 28 28 28 16 44 44 11 6 6 6 6 7 4 4 1
 19 19 23 15 15 17 13 13 17 17 14 10 10 14 12 12 4 4 5 4 4 15 11 11 30 30 42 62 62 44 25 25 26 26 30 13 13 5 6 6 7 7 4 2 2 2
 19 19 23 15 15 17 13 13 17 17 14 10 10 14 12 12 4 4 5 4 4 15 11 11 30 30 42 62 62 44 25 25 26 26 30 13 13 5 6 6 7 7 4 2 2 2
 16 16 23 14 14 18 21 21 14 14 14 12 12 6 6 6 1 1 5 3 3 8 11 11 27 27 33 33 33 25 18 18 4 4 16 6 6 5 4 4 6 6 3 2 2 1
 22 22 23 14 14 22 30 30 17 17 20 51 51 47 6 6 6 6 6 3 3 4 10 10 15 15 17 28 28 24 9 9 3 3 6 2 2 1 3 3 5 5 2 1 1 1
 22 22 23 14 14 22 30 30 17 17 20 51 51 47 6 6 6 6 6 3 3 4 10 10 15 15 17 28 28 24 9 9 3 3 6 2 2 1 3 3 5 5 2 1 1 1
 21 21 23 24 24 29 31 31 19 19 53 57 57 51 6 6 6 6 6 3 3 3 6 6 17 17 19 25 25 20 10 10 4 4 3 2 2 1 2 2 5 5 2 0 0 1
 24 24 25 25 25 31 27 27 29 29 65 65 65 56 11 11 5 5 6 1 1 1 3 3 7 7 7 20 20 16 10 10 4 4 4 2 2 5 4 4 3 3 3 2 2 2
 24 24 25 25 25 31 27 27 29 29 65 65 65 56 11 11 5 5 6 1 1 1 3 3 7 7 7 20 20 16 10 10 4 4 4 2 2 5 4 4 3 3 3 2 2 2
 28 28 42 34 34 57 40 40 59 59 67 65 65 64 15 15 10 10 13 8 8 5 8 8 7 7 7 19 19 18 14 14 10 10 6 5 5 9 10 10 8 8 6 6 6 5
 28 28 42 34 34 57 40 40 59 59 67 65 65 64 15 15 10 10 13 8 8 5 8 8 7 7 7 19 19 18 14 14 10 10 6 5 5 9 10 10 8 8 6 6 6 5
 55 55 60 70 70 71 82 82 44 44 46 79 79 78 21 21 14 14 22 18 18 15 5 5 5 5 6 16 16 31 29 29 24 24 11 5 5 11 15 15 12 12 10 11 11 8
 43 43 64 67 67 73 71 71 63 63 48 41 41 43 34 34 34 34 26 25 25 19 16 16 2 2 22 21 21 51 41 41 37 37 20 7 7 10 19 19 19 19 16 14 14 13
 43 43 64 67 67 73 71 71 63 63 48 41 41 43 34 34 34 34 26 25 25 19 16 16 2 2 22 21 21 51 41 41 37 37 20 7 7 10 19 19 19 19 16 14 14 13
 39 39 44 48 48 55 46 46 43 43 39 40 40 43 39 39 41 41 31 31 31 26 17 17 11 11 22 24 24 36 61 61 52 52 41 18 18 13 18 18 14 14 18 19 19 15
 40 40 47 48 48 48 47 47 36 36 43 41 41 45 40 40 39 39 29 28 28 22 16 16 13 13 42 36 36 29 36 36 57 57 49 31 31 23 24 24 16 16 13 17 17 7
 40 40 47 48 48 48 47 47 36 36 43 41 41 45 40 40 39 39 29 28 28 22 16 16 13 13 42 36 36 29 36 36 57 57 49 31 31 23 24 24 16 16 13 17 17 7
 51 51 43 46 46 46 47 47 43 43 44 38 38 44 41 41 39 39 26 29 29 24 25 25 16 16 15 15 15 18 25 25 34 34 48 44 44 38 21 21 10 10 9 7 7 4
 51 51 43 46 46 46 47 47 43 43 44 38 38 44 41 41 39 39 26 29 29 24 25 25 16 16 15 15 15 18 25 25 34 34 48 44 44 38 21 21 10 10 9 7 7 4
 77 77 51 47 47 47 44 44 35 35 33 40 40 21 40 40 24 24 48 38 38 31 53 53 23 23 16 2 2 7 10 10 13 13 27 31 31 27 20 20 18 18 11 9 9 10
 72 72 48 47 47 45 22 22 29 29 35 21 21 33 26 26 27 27 40 44 44 42 41 41 25 25 20 18 18 3 5 5 18 18 7 10 10 18 28 28 16 16 12 10 10 13
 72 72 48 47 47 45 22 22 29 29 35 21 21 33 26 26 27 27 40 44 44 42 41 41 25 25 20 18 18 3 5 5 18 18 7 10 10 18 28 28 16 16 12 10 10 13
 67 67 47 47 47 49 32 32 25 25 30 19 19 24 23 23 21 21 31 35 35 39 47 47 30 30 32 20 20 3 4 4 13 13 10 14 14 13 19 19 16 16 10 14 14 19
 67 67 46 49 49 45 24 24 23 23 19 20 20 16 16 16 18 18 23 26 26 29 43 43 29 29 28 16 16 13 33 33 15 15 12 12 12 26 42 42 15 15 19 15 15 10
