assets/RAT_results/precipitation/2017-11-08_IMERG.asc
ncols        46
nrows        77
xllcorner    74.800261325624
yllcorner    8.058333333333
cellsize     0.062500000000
NODATA_value -9999
 0 0 0 0 0 0 0 0 3 3 4 0 0 0 0 0 0 0 0 0 0 0 0 0 0 0 0 0 0 0 0 0 0 0 0 0 0 0 0 0 0 0 0 0 0 0
 0 0 1 0 0 0 0 0 0 0 0 0 0 0 0 0 0 0 0 0 0 0 0 0 0 0 0 0 0 0 0 0 0 0 0 0 0 0 0 0 0 0 0 0 0 0
 0 0 1 0 0 0 0 0 0 0 0 0 0 0 0 0 0 0 0 0 0 0 0 0 0 0 0 0 0 0 0 0 0 0 0 0 0 0 0 0 0 0 0 0 0 0
 0 0 0 0 0 0 0 0 0 0 0 3 3 0 0 0 0 0 0 0 0 0 0 0 0 0 0 0 0 0 0 0 0 0 0 0 0 0 0 0 0 0 0 0 0 0
 0 0 0 1 1 1 1 1 0 0 2 3 3 0 0 0 0 0 0 0 0 0 0 0 0 0 0 0 0 0 0 0 0 0 0 0 0 0 0 0 0 0 0 0 0 0
 0 0 0 1 1 1 1 1 0 0 2 3 3 0 0 0 0 0 0 0 0 0 0 0 0 0 0 0 0 0 0 0 0 0 0 0 0 0 0 0 0 0 0 0 0 0
 0 0 0 1 1 1 5 5 5 5 7 6 6 0 0 0 0 0 0 0 0 0 0 0 0 0 0 0 0 0 0 0 0 0 0 0 0 0 0 0 0 0 0 0 0 0
 0 0 0 1 1 1 5 5 5 5 7 6 6 0 0 0 0 0 0 0 0 0 0 0 0 0 0 0 0 0 0 0 0 0 0 0 0 0 0 0 0 0 0 0 0 0
 1 1 1 2 2 2 7 7 2 2 2 1 1 0 1 1 1 1 0 0 0 0 0 0 0 0 0 0 0 0 0 0 0 0 0 0 0 0 0 0 0 0 0 0 0 0
 1 1 1 2 2 1 3 3 4 4 1 0 0 0 0 0 0 0 0 0 0 0 0 0 0 0 0 0 0 0 0 0 0 0 0 0 0 0 0 0 0 0 0 0 0 0
 1 1 1 2 2 1 3 3 4 4 1 0 0 0 0 0 0 0 0 0 0 0 0 0 0 0 0 0 0 0 0 0 0 0 0 0 0 0 0 0 0 0 0 0 0 0
 4 4 1 1 1 1 1 1 1 1 0 0 0 0 0 0 0 0 0 0 0 0 0 0 0 0 0 0 0 0 0 0 0 0 0 0 0 0 0 0 0 0 0 0 0 0
 3 3 1 2 2 2 1 1 1 1 1 1 1 1 1 1 0 0 0 0 0 0 0 0 0 0 0 0 0 0 0 0 0 0 0 0 0 0 0 0 0 0 0 0 0 0
 3 3 1 2 2 2 1 1 1 1 1 1 1 1 1 1 0 0 0 0 0 0 0 0 0 0 0 0 0 0 0 0 0 0 0 0 0 0 0 0 0 0 0 0 0 0
 2 2 1 1 1 1 1 1 1 1 1 0 0 0 0 0 1 1 0 0 0 0 0 0 0 0 0 0 0 0 0 0 0 0 0 2 2 0 0 0 0 0 0 0 0 0
 2 2 1 1 1 1 1 1 1 1 1 0 0 0 0 0 1 1 0 0 0 0 0 0 0 0 0 0 0 0 0 0 0 0 0 2 2 0 0 0 0 0 0 0 0 0
 3 3 0 1 1 1 2 2 2 2 1 3 3 4 2 2 0 0 0 0 0 0 0 0 0 0 0 0 0 0 0 0 0 0 1 0 0 0 0 0 0 0 0 0 0 0
 3 3 1 1 1 2 2 2 1 1 2 3 3 8 4 4 1 1 1 1 1 1 0 0 1 1 0 0 0 0 0 0 0 0 0 1 1 0 0 0 0 0 0 0 0 0
 3 3 1 1 1 2 2 2 1 1 2 3 3 8 4 4 1 1 1 1 1 1 0 0 1 1 0 0 0 0 0 0 0 0 0 1 1 0 0 0 0 0 0 0 0 0
 8 8 2 2 2 2 2 2 2 2 4 6 6 6 5 5 5 5 15 11 11 4 2 2 2 2 0 0 0 0 0 0 0 0 0 0 0 0 0 0 0 0 0 0 0 0
 3 3 3 3 3 4 4 4 5 5 5 9 9 6 9 9 4 4 4 22 22 12 11 11 4 4 0 0 0 0 0 0 0 0 0 0 0 0 1 1 1 1 0 0 0 0
 3 3 3 3 3 4 4 4 5 5 5 9 9 6 9 9 4 4 4 22 22 12 11 11 4 4 0 0 0 0 0 0 0 0 0 0 0 0 1 1 1 1 0 0 0 0
 3 3 3 4 4 5 4 4 8 8 9 13 13 14 13 13 9 9 6 40 40 12 11 11 2 2 0 0 0 1 1 1 1 1 0 0 0 0 0 0 0 0 0 0 0 0
 3 3 3 4 4 5 4 4 8 8 9 13 13 14 13 13 9 9 6 40 40 12 11 11 2 2 0 0 0 1 1 1 1 1 0 0 0 0 0 0 0 0 0 0 0 0
 6 6 5 4 4 5 3 3 9 9 8 15 15 28 30 30 11 11 20 3 3 8 15 15 2 2 0 1 1 1 1 1 2 2 0 0 0 0 3 3 0 0 0 0 0 0
 4 4 12 6 6 4 19 19 32 32 32 60 60 29 31 31 14 14 17 6 6 14 16 16 7 7 5 2 2 5 1 1 0 0 0 0 0 0 0 0 0 0 0 0 0 0
 4 4 12 6 6 4 19 19 32 32 32 60 60 29 31 31 14 14 17 6 6 14 16 16 7 7 5 2 2 5 1 1 0 0 0 0 0 0 0 0 0 0 0 0 0 0
 8 8 7 8 8 6 21 21 62 62 51 32 32 35 20 20 13 13 19 25 25 15 9 9 6 6 5 1 1 2 0 0 0 0 0 0 0 0 0 0 0 0 0 0 0 0
 9 9 7 5 5 8 71 71 76 76 63 35 35 32 24 24 22 22 25 15 15 16 18 18 7 7 5 0 0 0 0 0 0 0 0 0 0 0 0 0 0 0 0 0 0 0
 9 9 7 5 5 8 71 71 76 76 63 35 35 32 24 24 22 22 25 15 15 16 18 18 7 7 5 0 0 0 0 0 0 0 0 0 0 0 0 0 0 0 0 0 0 0
 9 9 6 11 11 10 16 16 6 6 35 35 35 39 27 27 27 27 24 28 28 22 22 22 7 7 5 5 5 0 0 0 0 0 0 0 0 0 0 0 2 2 1 1 1 4
 9 9 6 11 11 10 16 16 6 6 35 35 35 39 27 27 27 27 24 28 28 22 22 22 7 7 5 5 5 0 0 0 0 0 0 0 0 0 0 0 2 2 1 1 1 4
 9 9 7 10 10 7 9 9 6 6 37 12 12 20 62 62 32 32 44 37 37 44 36 36 13 13 5 0 0 0 0 0 0 0 3 2 2 2 2 2 4 4 2 5 5 12
 11 11 8 5 5 2 5 5 5 5 14 18 18 26 36 36 39 39 31 30 30 24 26 26 4 4 1 0 0 1 1 1 0 0 3 3 3 3 4 4 4 4 3 2 2 6
 11 11 8 5 5 2 5 5 5 5 14 18 18 26 36 36 39 39 31 30 30 24 26 26 4 4 1 0 0 1 1 1 0 0 3 3 3 3 4 4 4 4 3 2 2 6
 7 7 2 2 2 1 4 4 4 4 17 16 16 15 24 24 44 44 26 26 26 29 21 21 4 4 0 0 0 0 0 0 0 0 1 3 3 4 4 4 4 4 2 1 1 1
 11 11 3 9 9 9 5 5 3 3 3 21 21 18 34 34 34 34 20 25 25 31 20 20 4 4 1 1 1 1 0 0 1 1 0 2 2 1 2 2 1 1 2 1 1 6
 11 11 3 9 9 9 5 5 3 3 3 21 21 18 34 34 34 34 20 25 25 31 20 20 4 4 1 1 1 1 0 0 1 1 0 2 2 1 2 2 1 1 2 1 1 6
 8 8 3 10 10 10 5 5 5 5 4 20 20 14 34 34 29 29 30 21 21 25 16 16 11 11 11 6 6 5 1 1 1 1 2 2 2 1 2 2 2 2 1 1 1 4
 8 8 3 10 10 10 5 5 5 5 4 20 20 14 34 34 29 29 30 21 21 25 16 16 11 11 11 6 6 5 1 1 1 1 2 2 2 1 2 2 2 2 1 1 1 4
 4 4 2 1 1 3 4 4 5 5 4 35 35 45 11 11 28 28 6 8 8 13 19 19 25 25 14 13 13 14 6 6 4 4 3 2 2 6 4 4 2 2 2 1 1 1
 5 5 4 3 3 2 2 2 5 5 12 12 12 33 1 1 6 6 8 11 11 13 14 14 20 20 18 14 14 15 5 5 5 5 3 3 3 2 3 3 2 2 3 4 4 2
 5 5 4 3 3 2 2 2 5 5 12 12 12 33 1 1 6 6 8 11 11 13 14 14 20 20 18 14 14 15 5 5 5 5 3 3 3 2 3 3 2 2 3 4 4 2
 8 8 8 8 8 4 7 7 5 5 12 25 25 8 4 4 5 5 5 8 8 12 14 14 15 15 26 14 14 6 6 6 6 6 7 3 3 4 4 4 2 2 5 8 8 3
 7 7 7 9 9 5 5 5 16 16 12 12 12 6 13 13 4 4 6 7 7 9 13 13 17 17 22 13 13 9 13 13 12 12 5 4 4 9 4 4 5 5 1 2 2 7
 7 7 7 9 9 5 5 5 16 16 12 12 12 6 13 13 4 4 6 7 7 9 13 13 17 17 22 13 13 9 13 13 12 12 5 4 4 9 4 4 5 5 1 2 2 7
 7 7 7 7 7 8 20 20 40 40 28 14 14 20 20 20 15 15 9 10 10 15 12 12 28 28 29 17 17 15 16 16 16 16 6 4 4 3 4 4 5 5 0 3 3 6
 7 7 7 7 7 8 20 20 40 40 28 14 14 20 20 20 15 15 9 10 10 15 12 12 28 28 29 17 17 15 16 16 16 16 6 4 4 3 4 4 5 5 0 3 3 6
 7 7 6 5 5 7 39 39 39 39 14 2 2 10 10 10 12 12 7 10 10 15 22 22 35 35 26 11 11 33 45 45 32 32 10 5 5 2 4 4 0 0 2 6 6 6
 5 5 4 4 4 4 25 25 22 22 30 3 3 4 7 7 8 8 14 14 14 16 27 27 33 33 28 15 15 25 63 63 48 48 20 7 7 2 1 1 0 0 1 6 6 12
 5 5 4 4 4 4 25 25 22 22 30 3 3 4 7 7 8 8 14 14 14 16 27 27 33 33 28 15 15 25 63 63 48 48 20 7 7 2 1 1 0 0 1 6 6 12
 6 6 9 5 5 4 20 20 20 20 18 3 3 7 2 2 7 7 15 17 17 15 52 52 34 34 30 23 23 56 69 69 59 59 8 6 6 2 1 1 3 3 6 11 11 19
 7 7 10 8 8 18 20 20 18 18 12 7 7 7 4 4 7 7 17 17 17 15 27 27 32 32 30 30 30 60 23 23 18 18 20 7 7 4 2 2 3 3 7 7 7 11
 7 7 10 8 8 18 20 20 18 18 12 7 7 7 4 4 7 7 17 17 17 15 27 27 32 32 30 30 30 60 23 23 18 18 20 7 7 4 2 2 3 3 7 7 7 11
 10 10 7 5 5 17 3 3 1 1 1 14 14 8 7 7 11 11 13 16 16 13 18 18 29 29 36 36 36 67 37 37 26 26 29 27 27 16 9 9 8 8 11 8 8 7
 10 10 7 5 5 17 3 3 1 1 1 14 14 8 7 7 11 11 13 16 16 13 18 18 29 29 36 36 36 67 37 37 26 26 29 27 27 16 9 9 8 8 11 8 8 7
 21 21 10 6 6 7 3 3 5 5 2 9 9 11 11 11 7 7 7 18 18 14 12 12 22 22 27 31 31 61 67 67 21 21 20 26 26 17 8 8 14 14 14 15 15 15
 30 30 19 11 11 5 1 1 5 5 4 9 9 14 10 10 8 8 8 17 17 13 14 14 21 21 26 26 26 50 31 31 34 34 24 19 19 18 9 9 13 13 15 25 25 23
 30 30 19 11 11 5 1 1 5 5 4 9 9 14 10 10 8 8 8 17 17 13 14 14 21 21 26 26 26 50 31 31 34 34 24 19 19 18 9 9 13 13 15 25 25 23
 38 38 22 13 13 8 5 5 7 7 9 9 9 6 6 6 21 21 9 15 15 17 20 20 23 23 31 32 32 41 36 36 30 30 24 19 19 19 20 20 10 10 24 24 24 22
 30 30 34 18 18 9 7 7 6 6 8 7 7 17 15 15 23 23 10 17 17 18 22 22 28 28 29 62 62 46 49 49 37 37 23 19 19 19 19 19 12 12 25 26 26 26
 30 30 34 18 18 9 7 7 6 6 8 7 7 17 15 15 23 23 10 17 17 18 22 22 28 28 29 62 62 46 49 49 37 37 23 19 19 19 19 19 12 12 25 26 26 26
 20 20 33 16 16 11 15 15 7 7 14 25 25 20 26 26 24 24 18 11 11 16 15 15 28 28 38 66 66 43 45 45 24 24 9 7 7 7 5 5 9 9 17 22 22 18
 20 20 33 16 16 11 15 15 7 7 14 25 25 20 26 26 24 24 18 11 11 16 15 15 28 28 38 66 66 43 45 45 24 24 9 7 7 7 5 5 9 9 17 22 22 18
 27 27 22 18 18 11 12 12 6 6 8 11 11 24 39 39 46 46 28 11 11 20 25 25 21 21 33 66 66 34 34 34 23 23 17 6 6 8 8 8 15 15 24 14 14 23
 24 24 14 9 9 10 5 5 6 6 9 10 10 17 33 33 34 34 31 36 36 58 27 27 21 21 33 59 59 28 24 24 13 13 8 10 10 9 7 7 13 13 13 18 18 20
 24 24 14 9 9 10 5 5 6 6 9 10 10 17 33 33 34 34 31 36 36 58 27 27 21 21 33 59 59 28 24 24 13 13 8 10 10 9 7 7 13 13 13 18 18 20
 75 75 26 10 10 8 12 12 8 8 9 8 8 13 19 19 24 24 33 34 34 67 64 64 16 16 21 24 24 49 22 22 26 26 9 21 21 8 8 8 7 7 14 14 14 23
 15 15 24 11 11 12 19 19 15 15 7 6 6 8 9 9 19 19 15 22 22 24 39 39 32 32 19 28 28 39 54 54 44 44 23 29 29 20 12 12 8 8 10 10 10 20
 15 15 24 11 11 12 19 19 15 15 7 6 6 8 9 9 19 19 15 22 22 24 39 39 32 32 19 28 28 39 54 54 44 44 23 29 29 20 12 12 8 8 10 10 10 20
 12 12 22 24 24 24 22 22 14 14 13 10 10 9 10 10 17 17 15 28 28 25 35 35 23 23 12 31 31 32 74 74 88 88 27 27 27 12 20 20 8 8 7 5 5 4
 12 12 22 24 24 24 22 22 14 14 13 10 10 9 10 10 17 17 15 28 28 25 35 35 23 23 12 31 31 32 74 74 88 88 27 27 27 12 20 20 8 8 7 5 5 4
 21 21 26 21 21 30 17 17 19 19 16 7 7 10 6 6 14 14 18 22 22 18 30 30 36 36 36 75 75 65 41 41 44 44 52 25 25 26 14 14 5 5 7 3 3 2
 22 22 25 25 25 12 11 11 21 21 12 5 5 4 6 6 4 4 12 18 18 14 26 26 33 33 40 77 77 79 46 46 29 29 38 32 32 30 15 15 6 6 3 3 3 7
 22 22 25 25 25 12 11 11 21 21 12 5 5 4 6 6 4 4 12 18 18 14 26 26 33 33 40 77 77 79 46 46 29 29 38 32 32 30 15 15 6 6 3 3 3 7
 16 16 9 6 6 10 12 12 5 5 6 10 10 6 6 6 3 3 8 12 12 13 24 24 23 23 24 25 25 22 19 19 44 44 46 43 43 8 8 8 7 7 3 7 7 7
 23 23 18 11 11 7 9 9 12 12 5 8 8 6 2 2 4 4 6 13 13 14 16 16 12 12 19 19 19 16 8 8 24 24 72 12 12 7 6 6 5 5 11 8 8 11
