assets/RAT_results/precipitation/2017-07-10_IMERG.asc
ncols        46
nrows        77
xllcorner    74.800261325624
yllcorner    8.058333333333
cellsize     0.062500000000
NODATA_value -9999
 14 14 12 3 3 4 3 3 3 3 1 3 3 2 1 1 0 0 0 0 0 0 0 0 0 0 0 0 0 0 0 0 0 0 0 0 0 0 0 0 0 0 0 0 0 0
 8 8 9 1 1 5 6 6 13 13 4 3 3 5 1 1 1 1 1 0 0 0 0 0 0 0 0 0 0 0 0 0 0 0 0 0 0 0 0 0 2 2 0 0 0 0
 8 8 9 1 1 5 6 6 13 13 4 3 3 5 1 1 1 1 1 0 0 0 0 0 0 0 0 0 0 0 0 0 0 0 0 0 0 0 0 0 2 2 0 0 0 0
 6 6 8 6 6 6 6 6 6 6 12 3 3 4 0 0 1 1 0 0 0 0 0 0 0 0 0 0 0 0 0 0 0 0 0 0 0 0 0 0 0 0 0 0 0 0
 10 10 11 7 7 6 6 6 3 3 13 15 15 2 0 0 5 5 0 0 0 1 0 0 0 0 0 0 0 0 0 0 0 0 0 0 0 0 1 1 0 0 0 0 0 0
 10 10 11 7 7 6 6 6 3 3 13 15 15 2 0 0 5 5 0 0 0 1 0 0 0 0 0 0 0 0 0 0 0 0 0 0 0 0 1 1 0 0 0 0 0 0
 17 17 20 9 9 7 1 1 0 0 1 0 0 0 0 0 0 0 0 0 0 0 0 0 0 0 0 0 0 0 0 0 0 0 0 0 0 0 0 0 0 0 0 0 0 0
 17 17 20 9 9 7 1 1 0 0 1 0 0 0 0 0 0 0 0 0 0 0 0 0 0 0 0 0 0 0 0 0 0 0 0 0 0 0 0 0 0 0 0 0 0 0
 10 10 16 8 8 5 5 5 6 6 5 4 4 3 2 2 0 0 0 0 0 0 0 0 0 0 0 0 0 0 0 0 0 0 0 0 0 0 0 0 0 0 0 0 0 0
 3 3 14 13 13 5 2 2 2 2 2 3 3 3 5 5 0 0 0 0 0 0 0 0 0 0 0 0 0 0 0 0 0 0 0 0 0 0 0 0 0 0 0 0 0 0
 3 3 14 13 13 5 2 2 2 2 2 3 3 3 5 5 0 0 0 0 0 0 0 0 0 0 0 0 0 0 0 0 0 0 0 0 0 0 0 0 0 0 0 0 0 0
 3 3 7 9 9 7 16 16 15 15 13 5 5 2 3 3 2 2 1 0 0 0 0 0 0 0 0 0 0 0 0 0 0 0 0 0 0 0 0 0 0 0 0 0 0 0
 2 2 2 4 4 5 16 16 3 3 0 0 0 1 2 2 1 1 1 0 0 0 1 1 1 1 1 1 1 0 0 0 0 0 0 0 0 0 0 0 0 0 0 0 0 0
 2 2 2 4 4 5 16 16 3 3 0 0 0 1 2 2 1 1 1 0 0 0 1 1 1 1 1 1 1 0 0 0 0 0 0 0 0 0 0 0 0 0 0 0 0 0
 6 6 3 3 3 12 5 5 12 12 3 0 0 0 1 1 0 0 0 1 1 0 0 0 0 0 1 0 0 0 0 0 0 0 0 0 0 0 0 0 0 0 0 0 0 0
 6 6 3 3 3 12 5 5 12 12 3 0 0 0 1 1 0 0 0 1 1 0 0 0 0 0 1 0 0 0 0 0 0 0 0 0 0 0 0 0 0 0 0 0 0 0
 8 8 6 9 9 10 13 13 6 6 9 3 3 1 0 0 0 0 0 0 0 0 0 0 0 0 0 0 0 0 0 0 0 0 0 0 0 0 0 0 0 0 0 0 0 0
 18 18 14 12 12 17 24 24 19 19 11 12 12 2 0 0 1 1 1 0 0 0 0 0 0 0 0 0 0 0 0 0 0 0 0 0 0 0 0 0 0 0 0 0 0 0
 18 18 14 12 12 17 24 24 19 19 11 12 12 2 0 0 1 1 1 0 0 0 0 0 0 0 0 0 0 0 0 0 0 0 0 0 0 0 0 0 0 0 0 0 0 0
 24 24 18 18 18 14 13 13 17 17 10 13 13 6 11 11 11 11 1 1 1 0 0 0 1 1 0 0 0 0 0 0 1 1 0 0 0 0 0 0 0 0 0 0 0 0
 31 31 21 21 21 20 25 25 24 24 12 9 9 15 14 14 14 14 1 2 2 2 2 2 1 1 0 0 0 0 0 0 0 0 0 0 0 0 0 0 0 0 0 0 0 0
 31 31 21 21 21 20 25 25 24 24 12 9 9 15 14 14 14 14 1 2 2 2 2 2 1 1 0 0 0 0 0 0 0 0 0 0 0 0 0 0 0 0 0 0 0 0
 18 18 15 12 12 21 29 29 34 34 16 12 12 11 13 13 7 7 8 10 10 3 3 3 2 2 0 0 0 1 0 0 0 0 1 1 1 1 1 1 1 1 1 1 1 1
 18 18 15 12 12 21 29 29 34 34 16 12 12 11 13 13 7 7 8 10 10 3 3 3 2 2 0 0 0 1 0 0 0 0 1 1 1 1 1 1 1 1 1 1 1 1
 25 25 21 10 10 12 25 25 43 43 47 19 19 17 20 20 19 19 12 6 6 7 1 1 1 1 0 0 0 1 0 0 1 1 1 1 1 1 1 1 1 1 1 1 1 1
 28 28 25 15 15 9 24 24 32 32 28 17 17 19 19 19 22 22 19 7 7 9 2 2 0 0 0 0 0 1 0 0 0 0 0 1 1 1 0 0 0 0 1 0 0 0
 28 28 25 15 15 9 24 24 32 32 28 17 17 19 19 19 22 22 19 7 7 9 2 2 0 0 0 0 0 1 0 0 0 0 0 1 1 1 0 0 0 0 1 0 0 0
 24 24 20 10 10 9 19 19 23 23 27 19 19 20 20 20 14 14 27 17 17 6 1 1 0 0 1 1 1 1 0 0 0 0 0 0 0 0 0 0 0 0 0 0 0 0
 24 24 18 9 9 7 33 33 20 20 23 27 27 18 15 15 14 14 14 2 2 13 3 3 0 0 0 0 0 0 0 0 0 0 0 0 0 0 0 0 0 0 0 0 0 0
 24 24 18 9 9 7 33 33 20 20 23 27 27 18 15 15 14 14 14 2 2 13 3 3 0 0 0 0 0 0 0 0 0 0 0 0 0 0 0 0 0 0 0 0 0 0
 20 20 11 9 9 9 11 11 19 19 26 27 27 20 15 15 19 19 18 9 9 0 0 0 0 0 1 0 0 0 0 0 0 0 0 0 0 0 0 0 0 0 0 0 0 0
 20 20 11 9 9 9 11 11 19 19 26 27 27 20 15 15 19 19 18 9 9 0 0 0 0 0 1 0 0 0 0 0 0 0 0 0 0 0 0 0 0 0 0 0 0 0
 21 21 10 11 11 13 13 13 19 19 25 28 28 10 12 12 17 17 16 15 15 11 4 4 1 1 2 0 0 0 0 0 0 0 0 0 0 0 0 0 0 0 0 0 0 0
 31 31 25 12 12 12 9 9 8 8 6 7 7 5 6 6 10 10 5 10 10 0 8 8 3 3 1 0 0 1 0 0 0 0 0 0 0 0 0 0 0 0 0 0 0 0
 31 31 25 12 12 12 9 9 8 8 6 7 7 5 6 6 10 10 5 10 10 0 8 8 3 3 1 0 0 1 0 0 0 0 0 0 0 0 0 0 0 0 0 0 0 0
 18 18 21 17 17 16 11 11 9 9 6 5 5 5 6 6 5 5 4 4 4 3 3 3 1 1 0 0 0 0 1 1 1 1 0 0 0 0 0 0 0 0 0 0 0 0
 14 14 15 12 12 12 8 8 7 7 6 6 6 6 6 6 5 5 3 5 5 5 4 4 6 6 6 7 7 5 3 3 2 2 0 1 1 0 0 0 0 0 0 0 0 0
 14 14 15 12 12 12 8 8 7 7 6 6 6 6 6 6 5 5 3 5 5 5 4 4 6 6 6 7 7 5 3 3 2 2 0 1 1 0 0 0 0 0 0 0 0 0
 9 9 11 9 9 7 7 7 6 6 5 5 5 5 5 5 6 6 5 8 8 13 12 12 13 13 6 11 11 6 3 3 3 3 0 1 1 1 0 0 0 0 1 0 0 0
 9 9 11 9 9 7 7 7 6 6 5 5 5 5 5 5 6 6 5 8 8 13 12 12 13 13 6 11 11 6 3 3 3 3 0 1 1 1 0 0 0 0 1 0 0 0
 10 10 10 10 10 7 7 7 7 7 5 4 4 4 5 5 5 5 9 13 13 11 11 11 12 12 8 17 17 14 13 13 4 4 2 2 2 2 1 1 1 1 2 1 1 1
 9 9 9 6 6 7 7 7 5 5 4 2 2 2 4 4 4 4 6 8 8 12 12 12 15 15 17 19 19 22 14 14 7 7 5 4 4 3 3 3 1 1 1 3 3 3
 9 9 9 6 6 7 7 7 5 5 4 2 2 2 4 4 4 4 6 8 8 12 12 12 15 15 17 19 19 22 14 14 7 7 5 4 4 3 3 3 1 1 1 3 3 3
 5 5 6 5 5 5 8 8 7 7 5 4 4 3 4 4 2 2 4 7 7 7 5 5 8 8 12 21 21 20 13 13 8 8 7 4 4 5 3 3 2 2 2 4 4 4
 2 2 3 3 3 2 5 5 5 5 5 5 5 5 6 6 5 5 8 9 9 7 9 9 7 7 8 8 8 11 7 7 4 4 4 3 3 3 3 3 2 2 2 3 3 3
 2 2 3 3 3 2 5 5 5 5 5 5 5 5 6 6 5 5 8 9 9 7 9 9 7 7 8 8 8 11 7 7 4 4 4 3 3 3 3 3 2 2 2 3 3 3
 2 2 2 2 2 2 3 3 4 4 5 5 5 8 5 5 6 6 8 8 8 10 9 9 14 14 11 11 11 10 9 9 3 3 3 3 3 4 3 3 1 1 1 1 1 1
 2 2 2 2 2 2 3 3 4 4 5 5 5 8 5 5 6 6 8 8 8 10 9 9 14 14 11 11 11 10 9 9 3 3 3 3 3 4 3 3 1 1 1 1 1 1
 3 3 2 2 2 1 2 2 2 2 3 4 4 5 7 7 8 8 11 8 8 19 8 8 10 10 11 8 8 10 4 4 5 5 5 5 5 4 2 2 1 1 0 0 0 0
 2 2 2 3 3 1 1 1 3 3 3 4 4 6 4 4 7 7 8 11 11 12 7 7 9 9 11 6 6 7 6 6 4 4 3 3 3 3 1 1 0 0 0 0 0 0
 2 2 2 3 3 1 1 1 3 3 3 4 4 6 4 4 7 7 8 11 11 12 7 7 9 9 11 6 6 7 6 6 4 4 3 3 3 3 1 1 0 0 0 0 0 0
 5 5 2 2 2 2 2 2 3 3 4 5 5 8 3 3 4 4 5 7 7 9 7 7 7 7 12 5 5 5 6 6 6 6 6 4 4 2 2 2 1 1 0 0 0 0
 4 4 3 2 2 5 2 2 4 4 4 7 7 8 7 7 4 4 3 9 9 7 8 8 14 14 14 9 9 10 10 10 9 9 10 8 8 3 2 2 1 1 0 0 0 0
 4 4 3 2 2 5 2 2 4 4 4 7 7 8 7 7 4 4 3 9 9 7 8 8 14 14 14 9 9 10 10 10 9 9 10 8 8 3 2 2 1 1 0 0 0 0
 3 3 3 6 6 7 2 2 3 3 5 8 8 10 8 8 5 5 4 4 4 7 9 9 14 14 12 10 10 9 12 12 8 8 10 7 7 3 0 0 0 0 0 0 0 0
 3 3 3 6 6 7 2 2 3 3 5 8 8 10 8 8 5 5 4 4 4 7 9 9 14 14 12 10 10 9 12 12 8 8 10 7 7 3 0 0 0 0 0 0 0 0
 2 2 2 2 2 2 2 2 4 4 5 8 8 10 8 8 5 5 5 3 3 7 11 11 11 11 17 20 20 9 8 8 6 6 3 3 3 2 0 0 0 0 0 0 0 0
 8 8 2 2 2 3 4 4 3 3 4 5 5 6 11 11 9 9 5 5 5 8 6 6 13 13 14 7 7 7 6 6 3 3 3 2 2 1 0 0 0 0 0 0 0 0
 8 8 2 2 2 3 4 4 3 3 4 5 5 6 11 11 9 9 5 5 5 8 6 6 13 13 14 7 7 7 6 6 3 3 3 2 2 1 0 0 0 0 0 0 0 0
 11 11 4 5 5 6 5 5 5 5 5 8 8 6 8 8 8 8 3 7 7 10 12 12 17 17 18 9 9 2 8 8 4 4 0 0 0 0 0 0 0 0 0 0 0 0
 13 13 13 9 9 12 9 9 8 8 9 11 11 7 12 12 14 14 8 9 9 10 9 9 7 7 4 4 4 2 5 5 5 5 2 0 0 0 0 0 0 0 0 0 0 0
 13 13 13 9 9 12 9 9 8 8 9 11 11 7 12 12 14 14 8 9 9 10 9 9 7 7 4 4 4 2 5 5 5 5 2 0 0 0 0 0 0 0 0 0 0 0
 8 8 9 7 7 9 13 13 15 15 14 16 16 11 10 10 12 12 11 11 11 9 8 8 6 6 10 9 9 7 5 5 2 2 6 0 0 0 2 2 0 0 0 0 0 0
 8 8 9 7 7 9 13 13 15 15 14 16 16 11 10 10 12 12 11 11 11 9 8 8 6 6 10 9 9 7 5 5 2 2 6 0 0 0 2 2 0 0 0 0 0 0
 6 6 7 7 7 8 8 8 16 16 16 18 18 11 12 12 10 10 11 7 7 7 3 3 9 9 7 8 8 7 4 4 3 3 2 1 1 0 0 0 1 1 0 0 0 0
 5 5 5 5 5 10 6 6 8 8 9 11 11 13 9 9 13 13 7 6 6 6 3 3 7 7 7 8 8 12 6 6 3 3 2 1 1 0 1 1 0 0 0 0 0 0
 5 5 5 5 5 10 6 6 8 8 9 11 11 13 9 9 13 13 7 6 6 6 3 3 7 7 7 8 8 12 6 6 3 3 2 1 1 0 1 1 0 0 0 0 0 0
 9 9 8 6 6 6 6 6 13 13 7 5 5 7 6 6 7 7 6 9 9 5 2 2 7 7 6 3 3 9 10 10 8 8 2 1 1 0 0 0 0 0 0 0 0 0
 10 10 9 12 12 7 10 10 7 7 4 4 4 3 4 4 3 3 6 7 7 4 1 1 1 1 1 2 2 3 7 7 8 8 2 2 2 1 1 1 1 1 1 0 0 0
 10 10 9 12 12 7 10 10 7 7 4 4 4 3 4 4 3 3 6 7 7 4 1 1 1 1 1 2 2 3 7 7 8 8 2 2 2 1 1 1 1 1 1 0 0 0
 9 9 17 16 16 15 9 9 9 9 4 6 6 3 3 3 2 2 3 4 4 3 1 1 2 2 3 3 3 2 5 5 4 4 1 1 1 2 1 1 1 1 0 0 0 0
 9 9 17 16 16 15 9 9 9 9 4 6 6 3 3 3 2 2 3 4 4 3 1 1 2 2 3 3 3 2 5 5 4 4 1 1 1 2 1 1 1 1 0 0 0 0
 11 11 11 16 16 13 7 7 5 5 3 2 2 7 2 2 1 1 3 3 3 2 3 3 1 1 3 2 2 2 2 2 3 3 2 1 1 3 1 1 1 1 1 0 0 0
 10 10 11 10 10 10 4 4 4 4 5 5 5 2 3 3 3 3 4 3 3 4 6 6 4 4 3 5 5 6 7 7 7 7 3 1 1 2 1 1 1 1 1 0 0 0
 10 10 11 10 10 10 4 4 4 4 5 5 5 2 3 3 3 3 4 3 3 4 6 6 4 4 3 5 5 6 7 7 7 7 3 1 1 2 1 1 1 1 1 0 0 0
 5 5 11 9 9 6 5 5 5 5 5 7 7 2 2 2 7 7 4 4 4 9 10 10 5 5 1 1 1 1 1 1 7 7 1 2 2 1 1 1 1 1 1 1 1 1
 2 2 5 7 7 4 2 2 4 4 7 8 8 4 4 4 2 2 3 6 6 7 11 11 5 5 4 1 1 1 1 1 1 1 1 1 1 1 1 1 1 1 1 0 0 0
