assets/RAT_results/precipitation/2017-05-07_IMERG.asc
ncols        46
nrows        77
xllcorner    74.800261325624
yllcorner    8.058333333333
cellsize     0.062500000000
NODATA_value -9999
 21 21 26 24 24 24 35 35 18 18 16 32 32 23 8 8 9 9 8 8 8 4 4 4 5 5 23 23 23 30 23 23 23 23 16 16 16 26 31 31 27 27 15 13 13 10
 24 24 35 33 33 43 29 29 21 21 14 34 34 32 14 14 13 13 16 9 9 7 6 6 6 6 7 6 6 10 9 9 19 19 14 11 11 23 20 20 19 19 10 16 16 10
 24 24 35 33 33 43 29 29 21 21 14 34 34 32 14 14 13 13 16 9 9 7 6 6 6 6 7 6 6 10 9 9 19 19 14 11 11 23 20 20 19 19 10 16 16 10
 29 29 37 24 24 31 17 17 22 22 19 16 16 24 20 20 18 18 21 19 19 12 11 11 10 10 9 16 16 17 8 8 9 9 24 21 21 33 18 18 18 18 20 25 25 17
 24 24 25 36 36 35 20 20 29 29 34 39 39 31 22 22 29 29 26 21 21 18 35 35 17 17 12 14 14 9 14 14 15 15 14 21 21 31 34 34 30 30 40 27 27 16
 24 24 25 36 36 35 20 20 29 29 34 39 39 31 22 22 29 29 26 21 21 18 35 35 17 17 12 14 14 9 14 14 15 15 14 21 21 31 34 34 30 30 40 27 27 16
 12 12 13 28 28 37 29 29 15 15 11 10 10 15 12 12 19 19 39 36 36 50 52 52 25 25 38 19 19 10 11 11 40 40 13 21 21 30 33 33 27 27 30 28 28 24
 12 12 13 28 28 37 29 29 15 15 11 10 10 15 12 12 19 19 39 36 36 50 52 52 25 25 38 19 19 10 11 11 40 40 13 21 21 30 33 33 27 27 30 28 28 24
 10 10 9 11 11 21 20 20 18 18 17 13 13 13 16 16 17 17 26 30 30 27 26 26 31 31 28 15 15 10 12 12 25 25 69 22 22 22 20 20 27 27 19 21 21 19
 14 14 12 14 14 19 24 24 21 21 20 20 20 16 13 13 19 19 20 26 26 36 27 27 20 20 18 10 10 9 21 21 27 27 32 21 21 23 26 26 21 21 15 19 19 30
 14 14 12 14 14 19 24 24 21 21 20 20 20 16 13 13 19 19 20 26 26 36 27 27 20 20 18 10 10 9 21 21 27 27 32 21 21 23 26 26 21 21 15 19 19 30
 10 10 11 12 12 19 25 25 15 15 17 17 17 11 12 12 15 15 27 27 27 26 20 20 18 18 18 17 17 16 21 21 57 57 44 25 25 23 51 51 35 35 39 39 39 37
 10 10 10 10 10 14 17 17 15 15 13 12 12 14 13 13 26 26 29 23 23 22 19 19 19 19 18 33 33 21 38 38 39 39 41 31 31 22 30 30 42 42 40 38 38 37
 10 10 10 10 10 14 17 17 15 15 13 12 12 14 13 13 26 26 29 23 23 22 19 19 19 19 18 33 33 21 38 38 39 39 41 31 31 22 30 30 42 42 40 38 38 37
 11 11 7 7 7 9 14 14 16 16 14 12 12 12 12 12 14 14 42 24 24 22 23 23 18 18 19 32 32 23 27 27 22 22 18 26 26 20 19 19 45 45 50 42 42 34
 11 11 7 7 7 9 14 14 16 16 14 12 12 12 12 12 14 14 42 24 24 22 23 23 18 18 19 32 32 23 27 27 22 22 18 26 26 20 19 19 45 45 50 42 42 34
 15 15 6 6 6 8 8 8 13 13 15 11 11 10 12 12 11 11 65 28 28 32 22 22 24 24 21 19 19 18 13 13 17 17 12 10 10 17 20 20 41 41 14 15 15 12
 7 7 2 2 2 2 4 4 5 5 8 8 8 6 6 6 6 6 35 37 37 20 16 16 12 12 17 10 10 7 7 7 6 6 4 6 6 7 7 7 9 9 13 10 10 10
 7 7 2 2 2 2 4 4 5 5 8 8 8 6 6 6 6 6 35 37 37 20 16 16 12 12 17 10 10 7 7 7 6 6 4 6 6 7 7 7 9 9 13 10 10 10
 5 5 2 1 1 1 1 1 2 2 3 4 4 5 4 4 3 3 5 10 10 11 5 5 8 8 12 12 12 8 6 6 6 6 3 2 2 3 5 5 4 4 5 5 5 3
 5 5 5 5 5 6 5 5 5 5 3 22 22 9 9 9 4 4 6 5 5 13 15 15 8 8 13 21 21 14 7 7 10 10 5 4 4 4 4 4 4 4 4 2 2 18
 5 5 5 5 5 6 5 5 5 5 3 22 22 9 9 9 4 4 6 5 5 13 15 15 8 8 13 21 21 14 7 7 10 10 5 4 4 4 4 4 4 4 4 2 2 18
 16 16 9 9 9 8 7 7 6 6 21 22 22 10 15 15 20 20 16 20 20 19 11 11 22 22 26 24 24 21 18 18 18 18 8 4 4 5 5 5 8 8 4 5 5 4
 16 16 9 9 9 8 7 7 6 6 21 22 22 10 15 15 20 20 16 20 20 19 11 11 22 22 26 24 24 21 18 18 18 18 8 4 4 5 5 5 8 8 4 5 5 4
 20 20 13 11 11 8 7 7 7 7 22 23 23 31 35 35 21 21 29 37 37 24 27 27 40 40 27 19 19 12 12 12 5 5 7 6 6 20 8 8 6 6 8 10 10 7
 64 64 25 18 18 8 8 8 6 6 8 26 26 40 35 35 24 24 35 28 28 19 19 19 48 48 47 33 33 12 16 16 8 8 6 5 5 13 5 5 6 6 8 7 7 8
 64 64 25 18 18 8 8 8 6 6 8 26 26 40 35 35 24 24 35 28 28 19 19 19 48 48 47 33 33 12 16 16 8 8 6 5 5 13 5 5 6 6 8 7 7 8
 33 33 36 19 19 15 8 8 9 9 13 32 32 31 42 42 35 35 28 27 27 28 36 36 45 45 26 28 28 31 20 20 19 19 8 10 10 8 6 6 6 6 4 15 15 7
 33 33 52 42 42 18 15 15 10 10 11 22 22 25 29 29 36 36 35 34 34 40 39 39 28 28 38 36 36 34 19 19 18 18 14 17 17 10 9 9 5 5 8 8 8 4
 33 33 52 42 42 18 15 15 10 10 11 22 22 25 29 29 36 36 35 34 34 40 39 39 28 28 38 36 36 34 19 19 18 18 14 17 17 10 9 9 5 5 8 8 8 4
 54 54 80 217 217 55 43 43 18 18 10 20 20 17 18 18 12 12 25 19 19 24 22 22 33 33 46 49 49 23 23 23 17 17 19 13 13 14 8 8 6 6 4 8 8 4
 54 54 80 217 217 55 43 43 18 18 10 20 20 17 18 18 12 12 25 19 19 24 22 22 33 33 46 49 49 23 23 23 17 17 19 13 13 14 8 8 6 6 4 8 8 4
 31 31 81 157 157 69 50 50 16 16 17 10 10 7 13 13 19 19 27 16 16 20 19 19 27 27 42 26 26 23 19 19 13 13 14 12 12 10 8 8 4 4 3 4 4 7
 25 25 40 56 56 40 40 40 25 25 18 10 10 7 7 7 10 10 23 21 21 28 20 20 27 27 23 23 23 26 23 23 14 14 15 14 14 9 8 8 6 6 3 3 3 3
 25 25 40 56 56 40 40 40 25 25 18 10 10 7 7 7 10 10 23 21 21 28 20 20 27 27 23 23 23 26 23 23 14 14 15 14 14 9 8 8 6 6 3 3 3 3
 18 18 27 31 31 41 45 45 116 116 17 10 10 8 3 3 9 9 20 13 13 8 26 26 22 22 24 27 27 27 25 25 18 18 18 18 18 11 7 7 4 4 3 3 3 3
 14 14 17 19 19 25 35 35 112 112 38 10 10 3 2 2 10 10 22 13 13 9 12 12 18 18 23 36 36 26 49 49 18 18 23 24 24 13 10 10 4 4 2 2 2 2
 14 14 17 19 19 25 35 35 112 112 38 10 10 3 2 2 10 10 22 13 13 9 12 12 18 18 23 36 36 26 49 49 18 18 23 24 24 13 10 10 4 4 2 2 2 2
 15 15 12 13 13 15 34 34 33 33 40 22 22 4 3 3 10 10 17 5 5 9 13 13 16 16 32 29 29 30 28 28 27 27 26 22 22 23 11 11 6 6 6 5 5 2
 15 15 12 13 13 15 34 34 33 33 40 22 22 4 3 3 10 10 17 5 5 9 13 13 16 16 32 29 29 30 28 28 27 27 26 22 22 23 11 11 6 6 6 5 5 2
 23 23 16 12 12 11 16 16 19 19 24 31 31 7 5 5 12 12 12 12 12 10 9 9 12 12 14 25 25 20 24 24 38 38 28 63 63 28 12 12 12 12 7 3 3 1
 26 26 33 23 23 20 23 23 19 19 15 23 23 24 13 13 19 19 12 11 11 9 11 11 9 9 13 15 15 16 13 13 31 31 40 57 57 19 15 15 13 13 6 1 1 1
 26 26 33 23 23 20 23 23 19 19 15 23 23 24 13 13 19 19 12 11 11 9 11 11 9 9 13 15 15 16 13 13 31 31 40 57 57 19 15 15 13 13 6 1 1 1
 24 24 40 28 28 33 19 19 15 15 15 17 17 23 28 28 19 19 10 9 9 11 12 12 7 7 12 13 13 12 11 11 36 36 33 58 58 38 33 33 9 9 0 0 0 0
 11 11 40 30 30 29 19 19 14 14 17 36 36 35 44 44 44 44 25 33 33 9 11 11 5 5 8 10 10 9 10 10 34 34 30 24 24 15 15 15 2 2 0 0 0 0
 11 11 40 30 30 29 19 19 14 14 17 36 36 35 44 44 44 44 25 33 33 9 11 11 5 5 8 10 10 9 10 10 34 34 30 24 24 15 15 15 2 2 0 0 0 0
 14 14 11 7 7 10 4 4 11 11 15 20 20 22 44 44 52 52 35 22 22 16 7 7 12 12 10 13 13 7 8 8 15 15 19 12 12 7 4 4 1 1 0 1 1 2
 14 14 11 7 7 10 4 4 11 11 15 20 20 22 44 44 52 52 35 22 22 16 7 7 12 12 10 13 13 7 8 8 15 15 19 12 12 7 4 4 1 1 0 1 1 2
 24 24 15 2 2 1 2 2 7 7 8 14 14 26 31 31 22 22 12 19 19 8 4 4 3 3 21 17 17 17 10 10 12 12 10 16 16 10 8 8 5 5 9 7 7 7
 43 43 19 1 1 1 1 1 5 5 6 15 15 25 18 18 13 13 5 10 10 8 5 5 7 7 8 18 18 7 19 19 34 34 22 11 11 11 6 6 26 26 33 6 6 6
 43 43 19 1 1 1 1 1 5 5 6 15 15 25 18 18 13 13 5 10 10 8 5 5 7 7 8 18 18 7 19 19 34 34 22 11 11 11 6 6 26 26 33 6 6 6
 34 34 25 2 2 1 3 3 8 8 6 16 16 25 21 21 18 18 9 6 6 7 3 3 4 4 10 8 8 11 22 22 22 22 22 16 16 33 35 35 18 18 40 12 12 6
 9 9 10 3 3 1 3 3 12 12 17 14 14 17 8 8 7 7 2 3 3 6 2 2 3 3 6 6 6 9 16 16 13 13 27 37 37 38 57 57 19 19 15 8 8 0
 9 9 10 3 3 1 3 3 12 12 17 14 14 17 8 8 7 7 2 3 3 6 2 2 3 3 6 6 6 9 16 16 13 13 27 37 37 38 57 57 19 19 15 8 8 0
 15 15 17 6 6 4 2 2 5 5 17 9 9 17 13 13 13 13 9 11 11 10 8 8 12 12 16 12 12 10 20 20 23 23 15 24 24 16 15 15 12 12 10 8 8 2
 15 15 17 6 6 4 2 2 5 5 17 9 9 17 13 13 13 13 9 11 11 10 8 8 12 12 16 12 12 10 20 20 23 23 15 24 24 16 15 15 12 12 10 8 8 2
 13 13 7 8 8 9 9 9 9 9 10 12 12 11 12 12 15 15 10 14 14 11 17 17 12 12 13 14 14 17 20 20 30 30 23 24 24 23 20 20 17 17 6 5 5 1
 10 10 13 13 13 14 14 14 13 13 12 14 14 14 15 15 17 17 20 19 19 20 19 19 4 4 4 8 8 11 24 24 34 34 18 19 19 60 32 32 8 8 6 6 6 1
 10 10 13 13 13 14 14 14 13 13 12 14 14 14 15 15 17 17 20 19 19 20 19 19 4 4 4 8 8 11 24 24 34 34 18 19 19 60 32 32 8 8 6 6 6 1
 16 16 20 18 18 20 21 21 17 17 17 17 17 16 17 17 16 16 15 15 15 16 12 12 4 4 4 5 5 11 12 12 18 18 29 20 20 16 9 9 7 7 5 8 8 19
 19 19 26 27 27 23 25 25 24 24 24 23 23 23 21 21 17 17 12 8 8 9 6 6 2 2 3 11 11 17 28 28 26 26 20 14 14 10 11 11 8 8 5 26 26 22
 19 19 26 27 27 23 25 25 24 24 24 23 23 23 21 21 17 17 12 8 8 9 6 6 2 2 3 11 11 17 28 28 26 26 20 14 14 10 11 11 8 8 5 26 26 22
 11 11 11 10 10 10 13 13 20 20 21 22 22 23 21 21 20 20 13 5 5 8 5 5 3 3 3 12 12 15 24 24 16 16 33 37 37 10 13 13 20 20 17 12 12 8
 11 11 11 10 10 10 13 13 20 20 21 22 22 23 21 21 20 20 13 5 5 8 5 5 3 3 3 12 12 15 24 24 16 16 33 37 37 10 13 13 20 20 17 12 12 8
 10 10 6 5 5 5 8 8 8 8 14 14 14 15 16 16 13 13 15 10 10 3 5 5 2 2 3 11 11 16 15 15 13 13 47 45 45 51 26 26 18 18 24 8 8 3
 4 4 3 2 2 2 5 5 5 5 8 13 13 13 25 25 18 18 14 7 7 4 1 1 6 6 4 11 11 22 21 21 19 19 48 49 49 40 35 35 24 24 15 10 10 4
 4 4 3 2 2 2 5 5 5 5 8 13 13 13 25 25 18 18 14 7 7 4 1 1 6 6 4 11 11 22 21 21 19 19 48 49 49 40 35 35 24 24 15 10 10 4
 2 2 1 2 2 3 3 3 7 7 8 12 12 11 10 10 14 14 12 9 9 5 8 8 2 2 6 9 9 14 10 10 13 13 25 36 36 35 21 21 25 25 17 16 16 11
 3 3 2 2 2 6 7 7 13 13 16 20 20 16 13 13 14 14 14 9 9 5 3 3 6 6 3 9 9 10 6 6 10 10 16 33 33 41 30 30 15 15 8 10 10 5
 3 3 2 2 2 6 7 7 13 13 16 20 20 16 13 13 14 14 14 9 9 5 3 3 6 6 3 9 9 10 6 6 10 10 16 33 33 41 30 30 15 15 8 10 10 5
 5 5 5 8 8 13 14 14 17 17 21 23 23 24 22 22 17 17 17 11 11 7 7 7 3 3 1 2 2 2 7 7 10 10 15 45 45 33 32 32 37 37 33 6 6 19
 5 5 5 8 8 13 14 14 17 17 21 23 23 24 22 22 17 17 17 11 11 7 7 7 3 3 1 2 2 2 7 7 10 10 15 45 45 33 32 32 37 37 33 6 6 19
 9 9 3 10 10 14 17 17 17 17 18 18 18 19 26 26 20 20 22 26 26 16 10 10 9 9 6 3 3 4 5 5 3 3 4 17 17 21 22 22 25 25 50 38 38 9
 3 3 11 9 9 14 16 16 19 19 20 20 20 20 25 25 23 23 23 21 21 22 25 25 16 16 8 3 3 2 4 4 5 5 5 10 10 10 14 14 48 48 60 30 30 4
 3 3 11 9 9 14 16 16 19 19 20 20 20 20 25 25 23 23 23 21 21 22 25 25 16 16 8 3 3 2 4 4 5 5 5 10 10 10 14 14 48 48 60 30 30 4
 9 9 5 13 13 11 17 17 17 17 19 21 21 23 22 22 20 20 20 20 20 23 24 24 25 25 13 12 12 11 7 7 1 1 11 12 12 16 8 8 22 22 55 18 18 8
 22 22 14 17 17 12 16 16 24 24 27 31 31 32 22 22 31 31 19 20 20 28 27 27 29 29 28 22 22 15 12 12 4 4 2 10 10 14 17 17 18 18 16 16 16 3
