assets/RAT_results/precipitation/2017-08-01_IMERG.asc
ncols        46
nrows        77
xllcorner    74.800261325624
yllcorner    8.058333333333
cellsize     0.062500000000
NODATA_value -9999
 1 1 1 1 1 1 1 1 0 0 0 0 0 2 0 0 2 2 4 0 0 0 0 0 0 0 0 0 0 1 1 1 0 0 3 3 3 1 16 16 23 23 16 10 10 8
 1 1 1 0 0 1 1 1 0 0 0 0 0 0 0 0 0 0 1 0 0 0 0 0 0 0 0 0 0 0 1 1 0 0 1 6 6 2 15 15 20 20 25 6 6 11
 1 1 1 0 0 1 1 1 0 0 0 0 0 0 0 0 0 0 1 0 0 0 0 0 0 0 0 0 0 0 1 1 0 0 1 6 6 2 15 15 20 20 25 6 6 11
 1 1 1 1 1 1 0 0 1 1 0 0 0 0 0 0 0 0 1 0 0 0 0 0 0 0 0 0 0 0 0 0 2 2 4 5 5 8 14 14 9 9 4 11 11 6
 1 1 1 1 1 0 0 0 0 0 0 0 0 0 0 0 0 0 2 0 0 0 0 0 0 0 2 0 0 0 0 0 0 0 0 0 0 0 3 3 6 6 9 10 10 3
 1 1 1 1 1 0 0 0 0 0 0 0 0 0 0 0 0 0 2 0 0 0 0 0 0 0 2 0 0 0 0 0 0 0 0 0 0 0 3 3 6 6 9 10 10 3
 1 1 0 1 1 1 0 0 0 0 1 0 0 0 0 0 1 1 1 1 1 0 0 0 0 0 0 0 0 1 0 0 0 0 2 0 0 0 3 3 4 4 7 12 12 12
 1 1 0 1 1 1 0 0 0 0 1 0 0 0 0 0 1 1 1 1 1 0 0 0 0 0 0 0 0 1 0 0 0 0 2 0 0 0 3 3 4 4 7 12 12 12
 1 1 1 2 2 0 1 1 0 0 1 0 0 0 0 0 1 1 1 0 0 0 0 0 0 0 0 3 3 0 0 0 0 0 2 0 0 0 3 3 3 3 12 12 12 5
 1 1 1 2 2 0 1 1 0 0 1 0 0 0 2 2 4 4 1 0 0 0 0 0 0 0 0 0 0 0 0 0 0 0 0 0 0 0 2 2 13 13 11 11 11 11
 1 1 1 2 2 0 1 1 0 0 1 0 0 0 2 2 4 4 1 0 0 0 0 0 0 0 0 0 0 0 0 0 0 0 0 0 0 0 2 2 13 13 11 11 11 11
 0 0 0 1 1 2 2 2 1 1 2 2 2 3 3 3 11 11 4 0 0 1 0 0 0 0 0 0 0 0 0 0 0 0 0 0 0 1 1 1 6 6 6 11 11 10
 0 0 0 1 1 2 2 2 2 2 1 3 3 3 4 4 6 6 6 13 13 0 0 0 0 0 0 0 0 0 0 0 0 0 0 0 0 0 2 2 5 5 4 10 10 11
 0 0 0 1 1 2 2 2 2 2 1 3 3 3 4 4 6 6 6 13 13 0 0 0 0 0 0 0 0 0 0 0 0 0 0 0 0 0 2 2 5 5 4 10 10 11
 0 0 0 1 1 1 3 3 2 2 1 2 2 1 3 3 2 2 2 7 7 0 0 0 0 0 0 0 0 0 0 0 0 0 0 0 0 0 3 3 2 2 1 4 4 1
 0 0 0 1 1 1 3 3 2 2 1 2 2 1 3 3 2 2 2 7 7 0 0 0 0 0 0 0 0 0 0 0 0 0 0 0 0 0 3 3 2 2 1 4 4 1
 0 0 0 2 2 1 2 2 2 2 2 1 1 1 1 1 1 1 3 3 3 0 0 0 0 0 1 1 1 1 0 0 0 0 0 0 0 12 4 4 17 17 6 0 0 0
 0 0 0 3 3 2 2 2 2 2 3 1 1 4 1 1 2 2 3 4 4 0 0 0 3 3 6 3 3 2 0 0 0 0 2 1 1 15 31 31 17 17 5 3 3 0
 0 0 0 3 3 2 2 2 2 2 3 1 1 4 1 1 2 2 3 4 4 0 0 0 3 3 6 3 3 2 0 0 0 0 2 1 1 15 31 31 17 17 5 3 3 0
 0 0 1 3 3 2 1 1 2 2 2 1 1 4 2 2 3 3 3 5 5 5 1 1 3 3 6 3 3 3 3 3 1 1 2 2 2 3 13 13 20 20 19 8 8 5
 1 1 1 1 1 5 1 1 2 2 2 3 3 5 2 2 4 4 5 5 5 4 3 3 2 2 5 5 5 5 5 5 5 5 4 1 1 3 15 15 15 15 15 28 28 17
 1 1 1 1 1 5 1 1 2 2 2 3 3 5 2 2 4 4 5 5 5 4 3 3 2 2 5 5 5 5 5 5 5 5 4 1 1 3 15 15 15 15 15 28 28 17
 1 1 1 2 2 8 3 3 2 2 2 2 2 6 3 3 3 3 4 7 7 5 7 7 4 4 4 7 7 14 17 17 18 18 21 17 17 7 7 7 15 15 12 33 33 21
 1 1 1 2 2 8 3 3 2 2 2 2 2 6 3 3 3 3 4 7 7 5 7 7 4 4 4 7 7 14 17 17 18 18 21 17 17 7 7 7 15 15 12 33 33 21
 2 2 2 2 2 2 1 1 1 1 2 2 2 10 7 7 3 3 5 5 5 10 5 5 5 5 8 8 8 15 19 19 23 23 33 25 25 10 6 6 13 13 17 17 17 31
 2 2 2 2 2 2 3 3 2 2 2 2 2 2 6 6 3 3 2 3 3 6 14 14 11 11 18 21 21 14 13 13 12 12 13 9 9 7 4 4 8 8 10 18 18 16
 2 2 2 2 2 2 3 3 2 2 2 2 2 2 6 6 3 3 2 3 3 6 14 14 11 11 18 21 21 14 13 13 12 12 13 9 9 7 4 4 8 8 10 18 18 16
 2 2 2 2 2 2 6 6 4 4 3 3 3 3 2 2 3 3 2 4 4 7 10 10 13 13 22 19 19 10 14 14 15 15 10 6 6 10 7 7 13 13 18 17 17 27
 1 1 1 2 2 2 2 2 2 2 3 3 3 4 3 3 3 3 2 4 4 4 3 3 16 16 16 14 14 13 12 12 7 7 7 6 6 9 8 8 9 9 11 11 11 27
 1 1 1 2 2 2 2 2 2 2 3 3 3 4 3 3 3 3 2 4 4 4 3 3 16 16 16 14 14 13 12 12 7 7 7 6 6 9 8 8 9 9 11 11 11 27
 0 0 0 1 1 2 2 2 2 2 2 2 2 2 2 2 1 1 2 3 3 4 3 3 1 1 11 1 1 6 10 10 5 5 3 7 7 6 19 19 13 13 16 13 13 17
 0 0 0 1 1 2 2 2 2 2 2 2 2 2 2 2 1 1 2 3 3 4 3 3 1 1 11 1 1 6 10 10 5 5 3 7 7 6 19 19 13 13 16 13 13 17
 0 0 0 1 1 1 1 1 1 1 0 0 0 0 1 1 1 1 1 2 2 2 1 1 1 1 2 1 1 1 6 6 3 3 11 5 5 12 6 6 6 6 10 7 7 29
 0 0 0 0 0 0 0 0 1 1 1 0 0 0 1 1 1 1 1 2 2 1 0 0 1 1 0 4 4 1 1 1 2 2 2 7 7 5 3 3 6 6 7 21 21 14
 0 0 0 0 0 0 0 0 1 1 1 0 0 0 1 1 1 1 1 2 2 1 0 0 1 1 0 4 4 1 1 1 2 2 2 7 7 5 3 3 6 6 7 21 21 14
 1 1 0 0 0 0 0 0 1 1 2 1 1 0 1 1 2 2 5 1 1 2 1 1 1 1 1 1 1 0 0 0 1 1 2 1 1 4 18 18 13 13 24 28 28 9
 0 0 1 0 0 1 1 1 1 1 1 1 1 0 0 0 1 1 1 3 3 2 2 2 1 1 1 2 2 1 7 7 4 4 15 5 5 7 9 9 14 14 10 12 12 10
 0 0 1 0 0 1 1 1 1 1 1 1 1 0 0 0 1 1 1 3 3 2 2 2 1 1 1 2 2 1 7 7 4 4 15 5 5 7 9 9 14 14 10 12 12 10
 0 0 0 0 0 2 5 5 2 2 3 5 5 1 0 0 1 1 1 3 3 3 4 4 2 2 3 2 2 2 4 4 9 9 8 9 9 12 18 18 18 18 27 21 21 15
 0 0 0 0 0 2 5 5 2 2 3 5 5 1 0 0 1 1 1 3 3 3 4 4 2 2 3 2 2 2 4 4 9 9 8 9 9 12 18 18 18 18 27 21 21 15
 0 0 1 2 2 7 3 3 8 8 7 1 1 1 1 1 1 1 1 2 2 4 3 3 2 2 8 3 3 4 4 4 10 10 16 23 23 23 20 20 19 19 41 43 43 20
 1 1 2 3 3 4 6 6 10 10 17 11 11 2 1 1 1 1 1 20 20 4 6 6 5 5 9 20 20 6 11 11 14 14 16 23 23 28 26 26 26 26 17 26 26 28
 1 1 2 3 3 4 6 6 10 10 17 11 11 2 1 1 1 1 1 20 20 4 6 6 5 5 9 20 20 6 11 11 14 14 16 23 23 28 26 26 26 26 17 26 26 28
 1 1 3 5 5 9 10 10 16 16 13 17 17 17 19 19 25 25 21 21 21 22 6 6 7 7 12 17 17 19 14 14 21 21 22 22 22 31 26 26 30 30 25 38 38 34
 2 2 9 7 7 10 9 9 19 19 23 29 29 32 21 21 19 19 23 24 24 25 21 21 21 21 11 28 28 26 15 15 19 19 27 24 24 27 21 21 24 24 22 17 17 39
 2 2 9 7 7 10 9 9 19 19 23 29 29 32 21 21 19 19 23 24 24 25 21 21 21 21 11 28 28 26 15 15 19 19 27 24 24 27 21 21 24 24 22 17 17 39
 2 2 4 11 11 11 21 21 20 20 30 27 27 41 25 25 24 24 26 21 21 19 21 21 20 20 10 7 7 13 17 17 49 49 21 17 17 9 13 13 10 10 7 8 8 11
 2 2 4 11 11 11 21 21 20 20 30 27 27 41 25 25 24 24 26 21 21 19 21 21 20 20 10 7 7 13 17 17 49 49 21 17 17 9 13 13 10 10 7 8 8 11
 3 3 7 20 20 12 19 19 24 24 33 27 27 36 35 35 28 28 17 25 25 32 19 19 13 13 14 10 10 8 16 16 13 13 8 8 8 7 11 11 6 6 27 15 15 14
 5 5 14 15 15 19 32 32 27 27 34 26 26 34 42 42 33 33 19 27 27 18 22 22 14 14 20 13 13 11 13 13 7 7 8 12 12 12 14 14 12 12 21 15 15 9
 5 5 14 15 15 19 32 32 27 27 34 26 26 34 42 42 33 33 19 27 27 18 22 22 14 14 20 13 13 11 13 13 7 7 8 12 12 12 14 14 12 12 21 15 15 9
 15 15 16 19 19 17 27 27 27 27 29 32 32 33 32 32 27 27 18 23 23 32 17 17 28 28 17 15 15 22 13 13 13 13 12 10 10 13 14 14 23 23 16 27 27 9
 9 9 22 15 15 21 22 22 30 30 27 31 31 34 38 38 25 25 22 26 26 28 25 25 28 28 20 23 23 18 19 19 22 22 17 12 12 15 16 16 13 13 18 13 13 11
 9 9 22 15 15 21 22 22 30 30 27 31 31 34 38 38 25 25 22 26 26 28 25 25 28 28 20 23 23 18 19 19 22 22 17 12 12 15 16 16 13 13 18 13 13 11
 13 13 16 36 36 18 16 16 25 25 31 30 30 47 42 42 43 43 36 15 15 19 17 17 23 23 24 28 28 22 28 28 14 14 17 15 15 17 18 18 23 23 11 14 14 12
 13 13 16 36 36 18 16 16 25 25 31 30 30 47 42 42 43 43 36 15 15 19 17 17 23 23 24 28 28 22 28 28 14 14 17 15 15 17 18 18 23 23 11 14 14 12
 6 6 9 15 15 17 12 12 24 24 26 22 22 31 32 32 13 13 17 8 8 13 13 13 20 20 30 19 19 29 14 14 13 13 24 21 21 23 25 25 21 21 15 15 15 12
 4 4 12 8 8 16 28 28 22 22 22 18 18 19 19 19 25 25 5 11 11 9 11 11 11 11 16 21 21 15 13 13 11 11 12 16 16 17 16 16 20 20 10 10 10 16
 4 4 12 8 8 16 28 28 22 22 22 18 18 19 19 19 25 25 5 11 11 9 11 11 11 11 16 21 21 15 13 13 11 11 12 16 16 17 16 16 20 20 10 10 10 16
 5 5 7 13 13 14 19 19 19 19 31 18 18 13 16 16 12 12 5 7 7 7 16 16 8 8 16 13 13 13 11 11 10 10 11 12 12 13 21 21 19 19 14 7 7 7
 4 4 7 8 8 8 10 10 18 18 29 22 22 18 12 12 9 9 9 5 5 4 6 6 7 7 8 10 10 10 6 6 5 5 6 6 6 8 15 15 15 15 6 5 5 6
 4 4 7 8 8 8 10 10 18 18 29 22 22 18 12 12 9 9 9 5 5 4 6 6 7 7 8 10 10 10 6 6 5 5 6 6 6 8 15 15 15 15 6 5 5 6
 3 3 4 6 6 7 8 8 12 12 18 19 19 30 11 11 10 10 7 6 6 4 5 5 5 5 3 8 8 10 9 9 5 5 7 2 2 2 8 8 5 5 6 4 4 4
 3 3 4 6 6 7 8 8 12 12 18 19 19 30 11 11 10 10 7 6 6 4 5 5 5 5 3 8 8 10 9 9 5 5 7 2 2 2 8 8 5 5 6 4 4 4
 3 3 20 9 9 6 7 7 9 9 11 14 14 17 15 15 7 7 6 5 5 4 2 2 4 4 3 3 3 7 4 4 4 4 3 2 2 3 7 7 2 2 2 3 3 3
 3 3 7 5 5 7 4 4 10 10 9 28 28 8 15 15 11 11 8 10 10 3 2 2 3 3 4 2 2 2 5 5 7 7 1 1 1 4 3 3 2 2 2 0 0 1
 3 3 7 5 5 7 4 4 10 10 9 28 28 8 15 15 11 11 8 10 10 3 2 2 3 3 4 2 2 2 5 5 7 7 1 1 1 4 3 3 2 2 2 0 0 1
 1 1 2 2 2 3 3 3 3 3 4 23 23 8 18 18 27 27 18 5 5 5 2 2 2 2 3 3 3 2 3 3 2 2 1 0 0 1 3 3 3 3 1 5 5 1
 2 2 4 4 4 4 7 7 4 4 4 4 4 5 3 3 5 5 6 8 8 2 2 2 1 1 3 3 3 4 1 1 2 2 4 0 0 1 0 0 0 0 1 2 2 1
 2 2 4 4 4 4 7 7 4 4 4 4 4 5 3 3 5 5 6 8 8 2 2 2 1 1 3 3 3 4 1 1 2 2 4 0 0 1 0 0 0 0 1 2 2 1
 2 2 4 9 9 1 3 3 1 1 8 2 2 2 1 1 2 2 6 3 3 5 2 2 3 3 1 0 0 2 1 1 1 1 2 2 2 0 0 0 0 0 1 4 4 1
 2 2 4 9 9 1 3 3 1 1 8 2 2 2 1 1 2 2 6 3 3 5 2 2 3 3 1 0 0 2 1 1 1 1 2 2 2 0 0 0 0 0 1 4 4 1
 0 0 1 1 1 2 4 4 2 2 2 1 1 2 0 0 2 2 2 2 2 1 5 5 2 2 3 1 1 0 0 0 0 0 2 1 1 3 0 0 1 1 1 1 1 0
 3 3 1 1 1 1 1 1 2 2 1 1 1 1 1 1 0 0 1 1 1 1 1 1 1 1 1 3 3 1 1 1 1 1 2 1 1 6 1 1 1 1 1 1 1 0
 3 3 1 1 1 1 1 1 2 2 1 1 1 1 1 1 0 0 1 1 1 1 1 1 1 1 1 3 3 1 1 1 1 1 2 1 1 6 1 1 1 1 1 1 1 0
 0 0 1 1 1 3 2 2 1 1 0 1 1 0 0 0 0 0 0 1 1 0 0 0 0 0 1 5 5 1 1 1 2 2 2 2 2 1 2 2 2 2 1 0 0 0
 0 0 0 3 3 3 2 2 1 1 0 0 0 0 0 0 0 0 1 1 1 1 2 2 13 13 1 1 1 1 0 0 0 0 0 1 1 1 1 1 1 1 1 0 0 0
