assets/RAT_results/precipitation/2017-10-08_IMERG.asc
ncols        46
nrows        77
xllcorner    74.800261325624
yllcorner    8.058333333333
cellsize     0.062500000000
NODATA_value -9999
 2 2 2 2 2 3 1 1 1 1 1 1 1 1 2 2 2 2 2 3 3 3 3 3 4 4 4 4 4 5 4 4 5 5 11 13 13 17 20 20 15 15 11 13 13 15
 2 2 2 7 7 7 3 3 2 2 2 1 1 2 3 3 3 3 3 3 3 3 3 3 2 2 6 8 8 8 8 8 8 8 10 12 12 20 26 26 33 33 25 24 24 16
 2 2 2 7 7 7 3 3 2 2 2 1 1 2 3 3 3 3 3 3 3 3 3 3 2 2 6 8 8 8 8 8 8 8 10 12 12 20 26 26 33 33 25 24 24 16
 11 11 9 8 8 8 5 5 6 6 3 2 2 2 3 3 3 3 2 2 2 3 5 5 5 5 6 7 7 7 5 5 7 7 8 16 16 20 30 30 40 40 40 30 30 54
 13 13 13 13 13 6 17 17 8 8 5 4 4 4 2 2 3 3 3 2 2 2 2 2 4 4 6 7 7 7 7 7 9 9 18 29 29 30 31 31 30 30 44 82 82 63
 13 13 13 13 13 6 17 17 8 8 5 4 4 4 2 2 3 3 3 2 2 2 2 2 4 4 6 7 7 7 7 7 9 9 18 29 29 30 31 31 30 30 44 82 82 63
 18 18 18 19 19 12 8 8 9 9 8 4 4 4 3 3 4 4 7 6 6 3 3 3 8 8 8 9 9 7 7 7 10 10 10 18 18 21 23 23 26 26 30 63 63 67
 18 18 18 19 19 12 8 8 9 9 8 4 4 4 3 3 4 4 7 6 6 3 3 3 8 8 8 9 9 7 7 7 10 10 10 18 18 21 23 23 26 26 30 63 63 67
 20 20 20 41 41 15 12 12 10 10 11 12 12 14 9 9 7 7 5 6 6 5 5 5 5 5 3 6 6 8 6 6 8 8 10 9 9 10 23 23 25 25 27 23 23 50
 27 27 24 29 29 28 20 20 17 17 17 16 16 16 7 7 6 6 3 3 3 2 2 2 3 3 2 2 2 3 3 3 3 3 8 11 11 11 15 15 18 18 24 26 26 47
 27 27 24 29 29 28 20 20 17 17 17 16 16 16 7 7 6 6 3 3 3 2 2 2 3 3 2 2 2 3 3 3 3 3 8 11 11 11 15 15 18 18 24 26 26 47
 20 20 28 17 17 19 21 21 17 17 19 17 17 8 7 7 7 7 3 3 3 2 2 2 2 2 2 3 3 4 4 4 4 4 8 11 11 17 24 24 17 17 27 29 29 33
 23 23 32 20 20 22 34 34 20 20 16 16 16 11 11 11 5 5 5 3 3 2 2 2 3 3 3 4 4 5 5 5 7 7 9 12 12 20 19 19 23 23 28 31 31 32
 23 23 32 20 20 22 34 34 20 20 16 16 16 11 11 11 5 5 5 3 3 2 2 2 3 3 3 4 4 5 5 5 7 7 9 12 12 20 19 19 23 23 28 31 31 32
 18 18 34 35 35 39 34 34 31 31 21 13 13 12 10 10 4 4 4 4 4 3 3 3 3 3 3 4 4 6 7 7 7 7 10 12 12 15 15 15 19 19 21 18 18 14
 18 18 34 35 35 39 34 34 31 31 21 13 13 12 10 10 4 4 4 4 4 3 3 3 3 3 3 4 4 6 7 7 7 7 10 12 12 15 15 15 19 19 21 18 18 14
 18 18 47 53 53 27 33 33 26 26 23 20 20 9 8 8 7 7 7 4 4 4 3 3 3 3 4 4 4 6 7 7 9 9 11 13 13 15 18 18 18 18 18 22 22 13
 21 21 45 59 59 37 24 24 42 42 36 16 16 14 8 8 9 9 8 4 4 4 4 4 4 4 5 5 5 6 7 7 8 8 10 12 12 12 13 13 10 10 9 9 9 10
 21 21 45 59 59 37 24 24 42 42 36 16 16 14 8 8 9 9 8 4 4 4 4 4 4 4 5 5 5 6 7 7 8 8 10 12 12 12 13 13 10 10 9 9 9 10
 24 24 48 63 63 82 70 70 52 52 40 17 17 14 9 9 9 9 6 4 4 4 3 3 4 4 4 7 7 6 6 6 7 7 8 9 9 9 10 10 4 4 8 7 7 8
 23 23 24 59 59 72 67 67 53 53 46 24 24 19 9 9 9 9 9 4 4 4 3 3 4 4 5 5 5 6 6 6 7 7 8 7 7 9 9 9 4 4 4 4 4 3
 23 23 24 59 59 72 67 67 53 53 46 24 24 19 9 9 9 9 9 4 4 4 3 3 4 4 5 5 5 6 6 6 7 7 8 7 7 9 9 9 4 4 4 4 4 3
 21 21 24 60 60 68 65 65 58 58 52 14 14 18 10 10 13 13 7 6 6 6 5 5 5 5 6 6 6 6 6 6 7 7 6 6 6 6 6 6 4 4 4 5 5 4
 21 21 24 60 60 68 65 65 58 58 52 14 14 18 10 10 13 13 7 6 6 6 5 5 5 5 6 6 6 6 6 6 7 7 6 6 6 6 6 6 4 4 4 5 5 4
 15 15 18 24 24 34 33 33 59 59 56 23 23 18 13 13 17 17 11 11 11 10 9 9 7 7 6 6 6 6 6 6 6 6 5 5 5 6 4 4 4 4 4 4 4 5
 12 12 15 37 37 51 71 71 55 55 58 22 22 19 25 25 13 13 9 10 10 9 9 9 9 9 6 6 6 7 5 5 5 5 5 5 5 5 4 4 4 4 4 4 4 4
 12 12 15 37 37 51 71 71 55 55 58 22 22 19 25 25 13 13 9 10 10 9 9 9 9 9 6 6 6 7 5 5 5 5 5 5 5 5 4 4 4 4 4 4 4 4
 11 11 15 19 19 28 35 35 29 29 23 30 30 22 20 20 12 12 8 8 8 11 11 11 11 11 9 6 6 5 5 5 5 5 5 5 5 3 4 4 4 4 3 3 3 4
 3 3 6 7 7 10 51 51 61 61 32 16 16 25 13 13 16 16 9 10 10 8 12 12 10 10 9 9 9 5 4 4 4 4 5 3 3 3 3 3 3 3 3 3 3 3
 3 3 6 7 7 10 51 51 61 61 32 16 16 25 13 13 16 16 9 10 10 8 12 12 10 10 9 9 9 5 4 4 4 4 5 3 3 3 3 3 3 3 3 3 3 3
 3 3 5 4 4 4 10 10 10 10 39 25 25 23 14 14 16 16 10 8 8 10 7 7 5 5 8 4 4 4 4 4 4 4 4 5 5 3 3 3 3 3 3 3 3 3
 3 3 5 4 4 4 10 10 10 10 39 25 25 23 14 14 16 16 10 8 8 10 7 7 5 5 8 4 4 4 4 4 4 4 4 5 5 3 3 3 3 3 3 3 3 3
 3 3 3 4 4 5 6 6 8 8 20 15 15 8 3 3 8 8 6 4 4 3 3 3 4 4 4 3 3 3 3 3 4 4 4 4 4 3 3 3 3 3 3 2 2 2
 4 4 5 3 3 6 5 5 8 8 17 14 14 17 15 15 15 15 6 4 4 4 3 3 3 3 2 2 2 2 3 3 3 3 3 3 3 2 2 2 3 3 2 2 2 1
 4 4 5 3 3 6 5 5 8 8 17 14 14 17 15 15 15 15 6 4 4 4 3 3 3 3 2 2 2 2 3 3 3 3 3 3 3 2 2 2 3 3 2 2 2 1
 5 5 5 6 6 6 8 8 12 12 13 12 12 19 18 18 17 17 28 8 8 3 2 2 1 1 1 1 1 2 1 1 3 3 2 2 2 1 1 1 1 1 3 1 1 1
 4 4 4 7 7 9 13 13 10 10 11 13 13 15 21 21 41 41 37 10 10 3 3 3 1 1 0 0 0 1 0 0 1 1 1 1 1 0 0 0 0 0 1 1 1 1
 4 4 4 7 7 9 13 13 10 10 11 13 13 15 21 21 41 41 37 10 10 3 3 3 1 1 0 0 0 1 0 0 1 1 1 1 1 0 0 0 0 0 1 1 1 1
 4 4 3 8 8 8 8 8 13 13 11 15 15 13 22 22 5 5 5 8 8 6 4 4 5 5 2 2 2 2 0 0 0 0 0 1 1 2 0 0 1 1 1 1 1 1
 4 4 3 8 8 8 8 8 13 13 11 15 15 13 22 22 5 5 5 8 8 6 4 4 5 5 2 2 2 2 0 0 0 0 0 1 1 2 0 0 1 1 1 1 1 1
 6 6 6 6 6 9 7 7 11 11 11 14 14 15 10 10 10 10 9 8 8 8 7 7 4 4 3 2 2 3 1 1 1 1 0 1 1 2 2 2 2 2 2 4 4 3
 3 3 5 6 6 6 6 6 6 6 9 11 11 12 17 17 21 21 20 14 14 10 10 10 6 6 5 5 5 5 2 2 5 5 2 1 1 1 2 2 1 1 3 3 3 2
 3 3 5 6 6 6 6 6 6 6 9 11 11 12 17 17 21 21 20 14 14 10 10 10 6 6 5 5 5 5 2 2 5 5 2 1 1 1 2 2 1 1 3 3 3 2
 3 3 5 6 6 4 5 5 5 5 7 9 9 14 15 15 11 11 14 16 16 14 13 13 13 13 8 8 8 12 9 9 10 10 6 2 2 2 1 1 1 1 0 0 0 0
 2 2 0 1 1 2 2 2 4 4 6 9 9 9 7 7 4 4 8 16 16 14 13 13 13 13 12 11 11 12 12 12 10 10 6 4 4 2 0 0 0 0 0 0 0 0
 2 2 0 1 1 2 2 2 4 4 6 9 9 9 7 7 4 4 8 16 16 14 13 13 13 13 12 11 11 12 12 12 10 10 6 4 4 2 0 0 0 0 0 0 0 0
 2 2 0 0 0 1 1 1 2 2 2 4 4 4 4 4 3 3 5 8 8 13 13 13 14 14 13 16 16 16 16 16 12 12 7 4 4 2 1 1 1 1 1 2 2 3
 2 2 0 0 0 1 1 1 2 2 2 4 4 4 4 4 3 3 5 8 8 13 13 13 14 14 13 16 16 16 16 16 12 12 7 4 4 2 1 1 1 1 1 2 2 3
 0 0 0 0 0 0 0 0 0 0 0 2 2 3 3 3 4 4 5 5 5 9 10 10 9 9 8 9 9 11 10 10 13 13 6 3 3 2 1 1 0 0 1 2 2 3
 0 0 0 0 0 0 0 0 0 0 0 2 2 3 3 3 2 2 2 4 4 3 7 7 8 8 6 6 6 6 7 7 5 5 4 2 2 1 1 1 1 1 1 1 1 7
 0 0 0 0 0 0 0 0 0 0 0 2 2 3 3 3 2 2 2 4 4 3 7 7 8 8 6 6 6 6 7 7 5 5 4 2 2 1 1 1 1 1 1 1 1 7
 0 0 0 0 0 0 0 0 0 0 0 0 0 1 1 1 2 2 2 2 2 2 2 2 4 4 4 2 2 3 3 3 2 2 4 2 2 1 1 1 1 1 1 1 1 2
 0 0 0 0 0 0 0 0 0 0 0 0 0 0 1 1 1 1 3 1 1 1 1 1 2 2 3 1 1 2 1 1 1 1 1 4 4 1 1 1 0 0 0 1 1 0
 0 0 0 0 0 0 0 0 0 0 0 0 0 0 1 1 1 1 3 1 1 1 1 1 2 2 3 1 1 2 1 1 1 1 1 4 4 1 1 1 0 0 0 1 1 0
 0 0 0 0 0 0 0 0 0 0 2 1 1 1 2 2 3 3 4 1 1 2 1 1 2 2 2 1 1 1 1 1 1 1 1 0 0 3 0 0 0 0 0 0 0 0
 0 0 0 0 0 0 0 0 0 0 2 1 1 1 2 2 3 3 4 1 1 2 1 1 2 2 2 1 1 1 1 1 1 1 1 0 0 3 0 0 0 0 0 0 0 0
 0 0 0 0 0 0 0 0 0 0 0 0 0 1 2 2 2 2 3 2 2 3 3 3 4 4 1 1 1 0 0 0 0 0 0 1 1 0 0 0 0 0 0 0 0 0
 1 1 0 0 0 0 0 0 0 0 0 1 1 0 1 1 1 1 5 4 4 4 6 6 5 5 1 1 1 0 1 1 0 0 0 1 1 1 0 0 0 0 0 0 0 0
 1 1 0 0 0 0 0 0 0 0 0 1 1 0 1 1 1 1 5 4 4 4 6 6 5 5 1 1 1 0 1 1 0 0 0 1 1 1 0 0 0 0 0 0 0 0
 0 0 0 0 0 0 0 0 0 0 0 1 1 0 1 1 1 1 4 4 4 8 11 11 9 9 7 7 7 1 0 0 0 0 0 0 0 0 0 0 0 0 0 0 0 0
 0 0 0 0 0 1 0 0 0 0 0 0 0 0 1 1 3 3 3 3 3 7 16 16 14 14 12 2 2 2 1 1 0 0 0 0 0 0 0 0 0 0 0 0 0 0
 0 0 0 0 0 1 0 0 0 0 0 0 0 0 1 1 3 3 3 3 3 7 16 16 14 14 12 2 2 2 1 1 0 0 0 0 0 0 0 0 0 0 0 0 0 0
 0 0 0 0 0 0 0 0 0 0 0 0 0 0 0 0 0 0 0 0 0 4 16 16 14 14 12 7 7 4 1 1 0 0 0 0 0 0 0 0 0 0 0 0 0 0
 0 0 0 0 0 0 0 0 0 0 0 0 0 0 0 0 0 0 0 0 0 4 16 16 14 14 12 7 7 4 1 1 0 0 0 0 0 0 0 0 0 0 0 0 0 0
 0 0 0 0 0 0 0 0 0 0 0 0 0 0 0 0 0 0 0 0 0 1 2 2 3 3 5 4 4 6 2 2 1 1 0 0 0 0 0 0 1 1 0 0 0 0
 1 1 0 0 0 0 0 0 0 0 0 0 0 0 0 0 0 0 0 0 0 0 2 2 2 2 3 3 3 4 1 1 0 0 0 0 0 0 0 0 1 1 0 1 1 0
 1 1 0 0 0 0 0 0 0 0 0 0 0 0 0 0 0 0 0 0 0 0 2 2 2 2 3 3 3 4 1 1 0 0 0 0 0 0 0 0 1 1 0 1 1 0
 0 0 0 0 0 0 0 0 0 0 0 0 0 0 0 0 0 0 1 0 0 0 0 0 1 1 1 1 1 2 2 2 2 2 1 0 0 0 0 0 1 1 1 0 0 0
 0 0 0 0 0 0 0 0 0 0 0 0 0 0 0 0 0 0 0 0 0 1 0 0 0 0 0 0 0 1 1 1 1 1 2 0 0 0 0 0 1 1 1 0 0 0
 0 0 0 0 0 0 0 0 0 0 0 0 0 0 0 0 0 0 0 0 0 1 0 0 0 0 0 0 0 1 1 1 1 1 2 0 0 0 0 0 1 1 1 0 0 0
 0 0 0 0 0 0 1 1 1 1 0 0 0 2 1 1 1 1 0 0 0 0 0 0 0 0 0 0 0 0 1 1 1 1 1 0 0 0 0 0 0 0 1 1 1 0
 0 0 0 0 0 0 1 1 1 1 0 0 0 2 1 1 1 1 0 0 0 0 0 0 0 0 0 0 0 0 1 1 1 1 1 0 0 0 0 0 0 0 1 1 1 0
 0 0 0 0 0 1 2 2 1 1 0 0 0 1 1 1 0 0 1 1 1 1 0 0 0 0 0 0 0 0 0 0 0 0 2 1 1 1 1 1 0 0 0 0 0 0
 0 0 0 0 0 0 0 0 0 0 0 0 0 0 0 0 1 1 1 1 1 0 0 0 4 4 2 0 0 0 0 0 0 0 1 0 0 1 2 2 1 1 1 0 0 1
 0 0 0 0 0 0 0 0 0 0 0 0 0 0 0 0 1 1 1 1 1 0 0 0 4 4 2 0 0 0 0 0 0 0 1 0 0 1 2 2 1 1 1 0 0 1
 0 0 0 0 0 0 0 0 0 0 0 0 0 0 0 0 0 0 1 0 0 0 4 4 4 4 2 0 0 3 2 2 0 0 1 0 0 0 1 1 1 1 1 0 0 1
 0 0 0 0 0 0 0 0 0 0 0 0 0 0 0 0 0 0 0 0 0 1 3 3 5 5 1 4 4 3 2 2 0 0 1 1 1 0 0 0 0 0 1 0 0 0
