assets/RAT_results/precipitation/2017-08-28_IMERG.asc
ncols        46
nrows        77
xllcorner    74.800261325624
yllcorner    8.058333333333
cellsize     0.062500000000
NODATA_value -9999
 60 60 55 49 49 41 58 58 37 37 44 40 40 37 46 46 84 84 85 44 44 31 17 17 28 28 16 13 13 2 1 1 1 1 1 0 0 0 1 1 2 2 2 0 0 1
 57 57 48 93 93 48 60 60 77 77 62 57 57 59 54 54 102 102 90 34 34 28 28 28 18 18 6 4 4 1 0 0 0 0 0 0 0 0 0 0 0 0 0 1 1 1
 57 57 48 93 93 48 60 60 77 77 62 57 57 59 54 54 102 102 90 34 34 28 28 28 18 18 6 4 4 1 0 0 0 0 0 0 0 0 0 0 0 0 0 1 1 1
 56 56 73 76 76 127 113 113 110 110 74 91 91 48 53 53 57 57 72 33 33 12 15 15 4 4 4 3 3 2 0 0 0 0 0 0 0 0 0 0 0 0 2 0 0 2
 52 52 78 135 135 108 117 117 90 90 85 69 69 53 42 42 44 44 33 28 28 18 11 11 9 9 8 5 5 4 5 5 4 4 1 3 3 3 3 3 1 1 3 3 3 2
 52 52 78 135 135 108 117 117 90 90 85 69 69 53 42 42 44 44 33 28 28 18 11 11 9 9 8 5 5 4 5 5 4 4 1 3 3 3 3 3 1 1 3 3 3 2
 49 49 60 76 76 60 86 86 62 62 60 79 79 66 59 59 47 47 40 35 35 39 12 12 10 10 8 9 9 4 4 4 4 4 4 3 3 3 3 3 4 4 7 6 6 3
 49 49 60 76 76 60 86 86 62 62 60 79 79 66 59 59 47 47 40 35 35 39 12 12 10 10 8 9 9 4 4 4 4 4 4 3 3 3 3 3 4 4 7 6 6 3
 43 43 54 40 40 44 42 42 44 44 68 80 80 86 59 59 53 53 54 70 70 78 24 24 11 11 12 9 9 11 14 14 11 11 9 4 4 1 1 1 4 4 3 8 8 1
 50 50 39 60 60 51 38 38 74 74 69 62 62 108 93 93 64 64 96 66 66 68 38 38 30 30 30 26 26 30 22 22 9 9 11 4 4 1 7 7 5 5 6 6 6 2
 50 50 39 60 60 51 38 38 74 74 69 62 62 108 93 93 64 64 96 66 66 68 38 38 30 30 30 26 26 30 22 22 9 9 11 4 4 1 7 7 5 5 6 6 6 2
 38 38 30 54 54 37 45 45 52 52 53 103 103 105 82 82 96 96 93 61 61 65 50 50 42 42 31 26 26 26 21 21 17 17 17 8 8 11 1 1 4 4 4 1 1 1
 29 29 22 45 45 53 38 38 45 45 46 47 47 63 70 70 54 54 64 72 72 40 37 37 30 30 32 29 29 25 15 15 9 9 10 4 4 3 3 3 7 7 4 3 3 3
 29 29 22 45 45 53 38 38 45 45 46 47 47 63 70 70 54 54 64 72 72 40 37 37 30 30 32 29 29 25 15 15 9 9 10 4 4 3 3 3 7 7 4 3 3 3
 32 32 17 20 20 40 56 56 53 53 46 85 85 43 43 43 38 38 40 48 48 48 25 25 25 25 12 14 14 18 14 14 8 8 5 3 3 4 6 6 9 9 5 2 2 3
 32 32 17 20 20 40 56 56 53 53 46 85 85 43 43 43 38 38 40 48 48 48 25 25 25 25 12 14 14 18 14 14 8 8 5 3 3 4 6 6 9 9 5 2 2 3
 10 10 16 55 55 42 36 36 87 87 63 45 45 38 86 86 29 29 35 33 33 23 28 28 9 9 10 7 7 5 3 3 4 4 3 1 1 3 6 6 10 10 5 3 3 3
 16 16 13 18 18 19 17 17 29 29 47 26 26 29 48 48 35 35 31 26 26 20 28 28 17 17 5 4 4 1 2 2 0 0 3 1 1 1 3 3 5 5 2 2 2 2
 16 16 13 18 18 19 17 17 29 29 47 26 26 29 48 48 35 35 31 26 26 20 28 28 17 17 5 4 4 1 2 2 0 0 3 1 1 1 3 3 5 5 2 2 2 2
 13 13 18 14 14 11 8 8 17 17 17 23 23 31 36 36 28 28 27 33 33 30 15 15 15 15 6 2 2 2 2 2 0 0 0 0 0 0 1 1 2 2 2 2 2 2
 20 20 16 12 12 12 10 10 8 8 16 21 21 25 31 31 30 30 25 19 19 19 11 11 14 14 6 2 2 3 2 2 1 1 1 1 1 0 0 0 0 0 1 1 1 0
 20 20 16 12 12 12 10 10 8 8 16 21 21 25 31 31 30 30 25 19 19 19 11 11 14 14 6 2 2 3 2 2 1 1 1 1 1 0 0 0 0 0 1 1 1 0
 13 13 13 13 13 12 15 15 11 11 18 17 17 17 17 17 31 31 34 31 31 23 36 36 22 22 22 7 7 11 8 8 4 4 2 1 1 0 0 0 0 0 1 0 0 0
 13 13 13 13 13 12 15 15 11 11 18 17 17 17 17 17 31 31 34 31 31 23 36 36 22 22 22 7 7 11 8 8 4 4 2 1 1 0 0 0 0 0 1 0 0 0
 14 14 15 10 10 7 10 10 12 12 15 22 22 33 31 31 28 28 17 15 15 42 43 43 50 50 30 17 17 18 8 8 3 3 1 2 2 0 0 0 1 1 1 0 0 1
 19 19 20 14 14 10 15 15 17 17 13 21 21 31 34 34 32 32 19 17 17 40 41 41 56 56 61 22 22 14 15 15 7 7 6 4 4 1 1 1 2 2 2 1 1 2
 19 19 20 14 14 10 15 15 17 17 13 21 21 31 34 34 32 32 19 17 17 40 41 41 56 56 61 22 22 14 15 15 7 7 6 4 4 1 1 1 2 2 2 1 1 2
 25 25 28 19 19 24 16 16 14 14 13 24 24 23 25 25 29 29 22 19 19 38 23 23 41 41 64 16 16 16 10 10 9 9 20 7 7 4 2 2 3 3 3 2 2 3
 26 26 32 22 22 21 15 15 16 16 18 20 20 18 19 19 25 25 28 23 23 15 46 46 30 30 26 25 25 15 8 8 10 10 11 8 8 16 3 3 2 2 3 1 1 1
 26 26 32 22 22 21 15 15 16 16 18 20 20 18 19 19 25 25 28 23 23 15 46 46 30 30 26 25 25 15 8 8 10 10 11 8 8 16 3 3 2 2 3 1 1 1
 42 42 58 29 29 25 18 18 16 16 9 7 7 12 19 19 24 24 27 18 18 18 61 61 21 21 17 15 15 21 16 16 8 8 9 6 6 5 4 4 6 6 3 1 1 2
 42 42 58 29 29 25 18 18 16 16 9 7 7 12 19 19 24 24 27 18 18 18 61 61 21 21 17 15 15 21 16 16 8 8 9 6 6 5 4 4 6 6 3 1 1 2
 32 32 23 25 25 20 12 12 11 11 12 19 19 10 23 23 30 30 19 18 18 15 53 53 31 31 18 12 12 15 13 13 7 7 2 4 4 6 6 6 3 3 3 1 1 1
 118 118 89 32 32 27 29 29 15 15 21 18 18 22 44 44 12 12 21 32 32 21 13 13 23 23 20 17 17 27 4 4 5 5 9 19 19 4 3 3 7 7 5 3 3 3
 118 118 89 32 32 27 29 29 15 15 21 18 18 22 44 44 12 12 21 32 32 21 13 13 23 23 20 17 17 27 4 4 5 5 9 19 19 4 3 3 7 7 5 3 3 3
 66 66 108 44 44 32 135 135 17 17 30 17 17 19 14 14 13 13 34 26 26 17 10 10 15 15 7 8 8 8 6 6 4 4 5 5 5 4 1 1 4 4 3 2 2 2
 60 60 50 73 73 44 54 54 21 21 24 26 26 92 12 12 11 11 12 20 20 20 26 26 22 22 16 14 14 10 11 11 5 5 5 6 6 2 3 3 6 6 6 4 4 4
 60 60 50 73 73 44 54 54 21 21 24 26 26 92 12 12 11 11 12 20 20 20 26 26 22 22 16 14 14 10 11 11 5 5 5 6 6 2 3 3 6 6 6 4 4 4
 45 45 49 46 46 37 27 27 17 17 35 36 36 31 23 23 9 9 11 21 21 22 28 28 17 17 15 16 16 18 14 14 19 19 8 8 8 6 6 6 13 13 7 6 6 5
 45 45 49 46 46 37 27 27 17 17 35 36 36 31 23 23 9 9 11 21 21 22 28 28 17 17 15 16 16 18 14 14 19 19 8 8 8 6 6 6 13 13 7 6 6 5
 37 37 41 40 40 46 38 38 23 23 59 67 67 49 28 28 16 16 17 24 24 21 23 23 19 19 21 16 16 19 15 15 18 18 11 12 12 14 11 11 19 19 12 9 9 11
 36 36 38 35 35 35 42 42 40 40 85 54 54 37 23 23 23 23 21 33 33 21 22 22 31 31 17 13 13 12 10 10 12 12 13 14 14 17 12 12 17 17 14 18 18 9
 36 36 38 35 35 35 42 42 40 40 85 54 54 37 23 23 23 23 21 33 33 21 22 22 31 31 17 13 13 12 10 10 12 12 13 14 14 17 12 12 17 17 14 18 18 9
 23 23 22 30 30 42 52 52 41 41 44 63 63 37 36 36 48 48 31 22 22 17 16 16 14 14 11 11 11 7 7 7 9 9 10 12 12 16 15 15 11 11 18 11 11 2
 30 30 37 35 35 42 40 40 28 28 43 35 35 25 25 25 35 35 24 23 23 17 23 23 16 16 14 7 7 9 8 8 7 7 10 11 11 16 10 10 12 12 4 5 5 3
 30 30 37 35 35 42 40 40 28 28 43 35 35 25 25 25 35 35 24 23 23 17 23 23 16 16 14 7 7 9 8 8 7 7 10 11 11 16 10 10 12 12 4 5 5 3
 43 43 38 67 67 36 39 39 33 33 43 36 36 21 20 20 15 15 11 13 13 13 14 14 25 25 16 11 11 8 9 9 11 11 15 19 19 16 10 10 9 9 8 3 3 1
 43 43 38 67 67 36 39 39 33 33 43 36 36 21 20 20 15 15 11 13 13 13 14 14 25 25 16 11 11 8 9 9 11 11 15 19 19 16 10 10 9 9 8 3 3 1
 43 43 43 47 47 36 29 29 39 39 46 37 37 25 34 34 5 5 5 14 14 14 10 10 21 21 20 14 14 11 9 9 20 20 13 9 9 6 6 6 13 13 3 2 2 3
 44 44 38 34 34 34 31 31 34 34 38 32 32 17 21 21 11 11 6 8 8 9 14 14 20 20 26 18 18 15 12 12 7 7 14 14 14 7 7 7 5 5 9 8 8 5
 44 44 38 34 34 34 31 31 34 34 38 32 32 17 21 21 11 11 6 8 8 9 14 14 20 20 26 18 18 15 12 12 7 7 14 14 14 7 7 7 5 5 9 8 8 5
 36 36 19 27 27 25 30 30 40 40 36 24 24 13 21 21 11 11 8 7 7 14 12 12 20 20 17 20 20 23 10 10 7 7 9 5 5 6 8 8 6 6 7 14 14 9
 18 18 22 24 24 22 31 31 39 39 36 23 23 17 14 14 14 14 8 10 10 13 16 16 21 21 15 20 20 27 20 20 11 11 8 5 5 7 6 6 8 8 10 14 14 11
 18 18 22 24 24 22 31 31 39 39 36 23 23 17 14 14 14 14 8 10 10 13 16 16 21 21 15 20 20 27 20 20 11 11 8 5 5 7 6 6 8 8 10 14 14 11
 29 29 37 21 21 24 37 37 42 42 32 22 22 23 16 16 16 16 15 15 15 21 24 24 23 23 24 26 26 29 25 25 10 10 15 6 6 7 9 9 8 8 11 10 10 5
 29 29 37 21 21 24 37 37 42 42 32 22 22 23 16 16 16 16 15 15 15 21 24 24 23 23 24 26 26 29 25 25 10 10 15 6 6 7 9 9 8 8 11 10 10 5
 32 32 56 26 26 22 51 51 46 46 30 26 26 26 25 25 17 17 15 17 17 14 18 18 28 28 25 19 19 18 19 19 12 12 8 10 10 15 6 6 11 11 6 6 6 7
 26 26 40 31 31 34 40 40 32 32 44 45 45 22 26 26 35 35 20 19 19 22 17 17 16 16 30 29 29 26 15 15 17 17 14 8 8 7 4 4 10 10 6 5 5 3
 26 26 40 31 31 34 40 40 32 32 44 45 45 22 26 26 35 35 20 19 19 22 17 17 16 16 30 29 29 26 15 15 17 17 14 8 8 7 4 4 10 10 6 5 5 3
 23 23 30 36 36 53 82 82 50 50 46 57 57 54 40 40 35 35 19 17 17 19 12 12 16 16 25 22 22 19 12 12 8 8 4 3 3 1 1 1 6 6 3 4 4 3
 33 33 33 46 46 53 42 42 40 40 122 24 24 26 37 37 27 27 16 16 16 20 14 14 20 20 20 21 21 11 9 9 5 5 6 4 4 2 3 3 2 2 3 2 2 6
 33 33 33 46 46 53 42 42 40 40 122 24 24 26 37 37 27 27 16 16 16 20 14 14 20 20 20 21 21 11 9 9 5 5 6 4 4 2 3 3 2 2 3 2 2 6
 31 31 29 31 31 35 39 39 35 35 46 22 22 29 24 24 20 20 20 20 20 21 19 19 24 24 17 14 14 12 8 8 8 8 4 4 4 1 1 1 1 1 2 2 2 1
 31 31 29 31 31 35 39 39 35 35 46 22 22 29 24 24 20 20 20 20 20 21 19 19 24 24 17 14 14 12 8 8 8 8 4 4 4 1 1 1 1 1 2 2 2 1
 34 34 35 28 28 31 21 21 26 26 16 24 24 19 22 22 17 17 21 24 24 15 11 11 13 13 13 13 13 13 11 11 9 9 12 9 9 6 3 3 7 7 5 3 3 0
 27 27 33 35 35 29 23 23 26 26 11 15 15 9 12 12 20 20 17 21 21 8 9 9 7 7 14 8 8 9 11 11 6 6 4 7 7 7 3 3 8 8 6 3 3 2
 27 27 33 35 35 29 23 23 26 26 11 15 15 9 12 12 20 20 17 21 21 8 9 9 7 7 14 8 8 9 11 11 6 6 4 7 7 7 3 3 8 8 6 3 3 2
 36 36 28 23 23 24 16 16 19 19 14 14 14 14 17 17 18 18 16 12 12 11 7 7 5 5 9 8 8 5 7 7 6 6 5 3 3 4 5 5 8 8 2 3 3 2
 24 24 19 35 35 16 16 16 19 19 17 15 15 18 25 25 18 18 16 17 17 14 7 7 5 5 6 8 8 11 3 3 8 8 8 2 2 1 1 1 6 6 10 6 6 1
 24 24 19 35 35 16 16 16 19 19 17 15 15 18 25 25 18 18 16 17 17 14 7 7 5 5 6 8 8 11 3 3 8 8 8 2 2 1 1 1 6 6 10 6 6 1
 19 19 21 21 21 18 15 15 15 15 17 15 15 25 20 20 17 17 19 19 19 13 6 6 10 10 6 15 15 4 6 6 5 5 5 3 3 1 0 0 0 0 9 4 4 3
 19 19 21 21 21 18 15 15 15 15 17 15 15 25 20 20 17 17 19 19 19 13 6 6 10 10 6 15 15 4 6 6 5 5 5 3 3 1 0 0 0 0 9 4 4 3
 17 17 14 20 20 17 16 16 17 17 19 26 26 19 24 24 22 22 20 21 21 15 21 21 21 21 15 9 9 4 7 7 3 3 32 33 33 6 3 3 3 3 2 5 5 3
 11 11 10 16 16 24 23 23 21 21 23 25 25 29 29 29 24 24 29 28 28 27 40 40 41 41 23 5 5 4 4 4 8 8 10 17 17 16 7 7 4 4 2 7 7 2
 11 11 10 16 16 24 23 23 21 21 23 25 25 29 29 29 24 24 29 28 28 27 40 40 41 41 23 5 5 4 4 4 8 8 10 17 17 16 7 7 4 4 2 7 7 2
 14 14 12 18 18 22 20 20 18 18 15 27 27 24 33 33 26 26 22 30 30 43 41 41 47 47 24 7 7 3 3 3 6 6 7 7 7 9 10 10 11 11 13 10 10 13
 14 14 13 15 15 14 13 13 13 13 13 13 13 13 18 18 14 14 18 25 25 25 31 31 41 41 14 6 6 3 2 2 4 4 3 5 5 5 8 8 10 10 10 8 8 1
