assets/RAT_results/precipitation/2017-08-18_IMERG.asc
ncols        46
nrows        77
xllcorner    74.800261325624
yllcorner    8.058333333333
cellsize     0.062500000000
NODATA_value -9999
 38 38 41 30 30 20 19 19 17 17 27 41 41 17 23 23 24 24 23 4 4 7 4 4 1 1 0 0 0 3 2 2 4 4 2 2 2 2 2 2 7 7 1 3 3 2
 30 30 41 35 35 39 23 23 14 14 18 18 18 14 18 18 23 23 17 5 5 5 1 1 1 1 0 0 0 0 1 1 1 1 2 5 5 4 10 10 16 16 3 10 10 5
 30 30 41 35 35 39 23 23 14 14 18 18 18 14 18 18 23 23 17 5 5 5 1 1 1 1 0 0 0 0 1 1 1 1 2 5 5 4 10 10 16 16 3 10 10 5
 28 28 40 35 35 38 45 45 50 50 36 29 29 26 23 23 22 22 28 8 8 6 3 3 1 1 0 3 3 0 7 7 1 1 1 5 5 5 9 9 8 8 11 1 1 4
 33 33 38 41 41 43 50 50 40 40 30 29 29 27 23 23 21 21 85 18 18 3 3 3 1 1 0 0 0 0 1 1 0 0 0 2 2 3 6 6 10 10 8 5 5 3
 33 33 38 41 41 43 50 50 40 40 30 29 29 27 23 23 21 21 85 18 18 3 3 3 1 1 0 0 0 0 1 1 0 0 0 2 2 3 6 6 10 10 8 5 5 3
 42 42 38 54 54 55 63 63 41 41 35 32 32 22 22 22 19 19 15 17 17 6 5 5 0 0 1 0 0 0 0 0 0 0 0 2 2 0 0 0 9 9 6 7 7 5
 42 42 38 54 54 55 63 63 41 41 35 32 32 22 22 22 19 19 15 17 17 6 5 5 0 0 1 0 0 0 0 0 0 0 0 2 2 0 0 0 9 9 6 7 7 5
 35 35 49 49 49 56 56 56 32 32 48 45 45 29 26 26 21 21 16 14 14 3 1 1 1 1 1 1 1 2 2 2 1 1 1 0 0 0 0 0 6 6 2 3 3 3
 33 33 43 70 70 55 42 42 39 39 44 42 42 36 23 23 18 18 14 5 5 3 2 2 1 1 1 1 1 3 3 3 1 1 1 0 0 0 0 0 1 1 2 12 12 5
 33 33 43 70 70 55 42 42 39 39 44 42 42 36 23 23 18 18 14 5 5 3 2 2 1 1 1 1 1 3 3 3 1 1 1 0 0 0 0 0 1 1 2 12 12 5
 56 56 58 39 39 43 30 30 31 31 22 29 29 25 32 32 31 31 24 10 10 6 6 6 2 2 2 2 2 3 3 3 2 2 1 2 2 0 0 0 0 0 0 0 0 0
 28 28 54 50 50 61 62 62 56 56 32 21 21 25 29 29 33 33 38 14 14 8 7 7 4 4 3 2 2 1 2 2 0 0 1 0 0 0 0 0 1 1 0 1 1 0
 28 28 54 50 50 61 62 62 56 56 32 21 21 25 29 29 33 33 38 14 14 8 7 7 4 4 3 2 2 1 2 2 0 0 1 0 0 0 0 0 1 1 0 1 1 0
 29 29 37 30 30 46 47 47 56 56 52 23 23 22 36 36 45 45 43 23 23 20 7 7 5 5 3 3 3 2 0 0 0 0 1 0 0 1 0 0 0 0 0 0 0 2
 29 29 37 30 30 46 47 47 56 56 52 23 23 22 36 36 45 45 43 23 23 20 7 7 5 5 3 3 3 2 0 0 0 0 1 0 0 1 0 0 0 0 0 0 0 2
 18 18 30 34 34 46 42 42 46 46 41 32 32 20 21 21 20 20 26 30 30 16 10 10 6 6 3 2 2 1 0 0 1 1 0 0 0 0 0 0 0 0 0 0 0 0
 41 41 29 17 17 26 23 23 48 48 33 32 32 20 20 20 29 29 10 8 8 4 1 1 1 1 8 1 1 1 0 0 0 0 0 0 0 0 1 1 3 3 13 4 4 1
 41 41 29 17 17 26 23 23 48 48 33 32 32 20 20 20 29 29 10 8 8 4 1 1 1 1 8 1 1 1 0 0 0 0 0 0 0 0 1 1 3 3 13 4 4 1
 31 31 15 13 13 18 20 20 30 30 26 26 26 24 28 28 16 16 11 7 7 3 1 1 0 0 1 0 0 1 0 0 0 0 0 5 5 1 3 3 2 2 4 10 10 1
 30 30 11 5 5 14 24 24 47 47 28 20 20 11 13 13 27 27 17 11 11 5 5 5 2 2 1 1 1 1 3 3 1 1 1 1 1 1 3 3 5 5 2 2 2 2
 30 30 11 5 5 14 24 24 47 47 28 20 20 11 13 13 27 27 17 11 11 5 5 5 2 2 1 1 1 1 3 3 1 1 1 1 1 1 3 3 5 5 2 2 2 2
 12 12 21 10 10 5 11 11 18 18 11 21 21 17 10 10 21 21 27 16 16 6 5 5 3 3 3 2 2 2 4 4 1 1 4 2 2 1 1 1 7 7 3 6 6 5
 12 12 21 10 10 5 11 11 18 18 11 21 21 17 10 10 21 21 27 16 16 6 5 5 3 3 3 2 2 2 4 4 1 1 4 2 2 1 1 1 7 7 3 6 6 5
 13 13 14 9 9 5 9 9 8 8 8 20 20 18 15 15 21 21 34 28 28 19 11 11 6 6 5 3 3 7 15 15 7 7 4 3 3 2 3 3 5 5 3 8 8 11
 11 11 12 12 12 9 6 6 16 16 38 17 17 15 14 14 25 25 23 29 29 26 11 11 9 9 10 7 7 12 18 18 17 17 5 3 3 3 2 2 2 2 3 5 5 11
 11 11 12 12 12 9 6 6 16 16 38 17 17 15 14 14 25 25 23 29 29 26 11 11 9 9 10 7 7 12 18 18 17 17 5 3 3 3 2 2 2 2 3 5 5 11
 5 5 6 12 12 5 5 5 14 14 33 8 8 19 24 24 30 30 18 31 31 25 26 26 8 8 14 7 7 9 18 18 9 9 4 4 4 7 7 7 7 7 6 14 14 2
 5 5 6 6 6 7 5 5 10 10 14 15 15 21 48 48 39 39 24 51 51 16 19 19 9 9 8 6 6 6 5 5 4 4 5 4 4 7 7 7 4 4 2 4 4 3
 5 5 6 6 6 7 5 5 10 10 14 15 15 21 48 48 39 39 24 51 51 16 19 19 9 9 8 6 6 6 5 5 4 4 5 4 4 7 7 7 4 4 2 4 4 3
 5 5 7 8 8 8 6 6 4 4 8 15 15 22 25 25 32 32 22 24 24 52 14 14 11 11 10 22 22 8 4 4 4 4 4 3 3 2 3 3 35 35 2 4 4 1
 5 5 7 8 8 8 6 6 4 4 8 15 15 22 25 25 32 32 22 24 24 52 14 14 11 11 10 22 22 8 4 4 4 4 4 3 3 2 3 3 35 35 2 4 4 1
 4 4 7 7 7 12 6 6 6 6 10 10 10 14 21 21 25 25 34 26 26 23 15 15 14 14 12 19 19 14 14 14 4 4 4 5 5 8 1 1 1 1 1 1 1 2
 5 5 7 7 7 8 5 5 6 6 8 10 10 11 14 14 25 25 32 41 41 27 20 20 22 22 16 14 14 17 21 21 11 11 10 9 9 9 3 3 3 3 1 1 1 1
 5 5 7 7 7 8 5 5 6 6 8 10 10 11 14 14 25 25 32 41 41 27 20 20 22 22 16 14 14 17 21 21 11 11 10 9 9 9 3 3 3 3 1 1 1 1
 9 9 7 11 11 9 8 8 5 5 14 11 11 14 21 21 35 35 44 34 34 30 21 21 21 21 22 15 15 11 13 13 12 12 12 13 13 12 6 6 5 5 1 1 1 1
 7 7 10 10 10 9 10 10 6 6 10 8 8 16 20 20 29 29 39 32 32 24 38 38 54 54 21 14 14 21 20 20 17 17 15 15 15 14 9 9 8 8 5 2 2 2
 7 7 10 10 10 9 10 10 6 6 10 8 8 16 20 20 29 29 39 32 32 24 38 38 54 54 21 14 14 21 20 20 17 17 15 15 15 14 9 9 8 8 5 2 2 2
 5 5 15 13 13 13 13 13 6 6 11 8 8 12 8 8 26 26 25 74 74 45 46 46 27 27 26 23 23 30 18 18 15 15 11 17 17 13 9 9 9 9 6 4 4 4
 5 5 15 13 13 13 13 13 6 6 11 8 8 12 8 8 26 26 25 74 74 45 46 46 27 27 26 23 23 30 18 18 15 15 11 17 17 13 9 9 9 9 6 4 4 4
 5 5 11 14 14 12 12 12 7 7 7 8 8 6 8 8 16 16 24 34 34 90 79 79 31 31 24 30 30 31 22 22 22 22 21 19 19 17 11 11 13 13 10 7 7 6
 8 8 15 14 14 14 22 22 13 13 12 9 9 5 8 8 11 11 23 24 24 36 56 56 22 22 29 27 27 29 24 24 35 35 41 37 37 34 16 16 15 15 9 10 10 6
 8 8 15 14 14 14 22 22 13 13 12 9 9 5 8 8 11 11 23 24 24 36 56 56 22 22 29 27 27 29 24 24 35 35 41 37 37 34 16 16 15 15 9 10 10 6
 13 13 10 13 13 12 11 11 14 14 12 4 4 6 7 7 14 14 15 14 14 20 33 33 28 28 17 14 14 18 27 27 32 32 36 34 34 34 16 16 14 14 10 8 8 6
 9 9 7 9 9 9 8 8 11 11 5 4 4 9 6 6 9 9 8 10 10 12 17 17 36 36 17 12 12 16 8 8 11 11 19 24 24 22 14 14 14 14 10 7 7 6
 9 9 7 9 9 9 8 8 11 11 5 4 4 9 6 6 9 9 8 10 10 12 17 17 36 36 17 12 12 16 8 8 11 11 19 24 24 22 14 14 14 14 10 7 7 6
 7 7 5 9 9 9 9 9 8 8 5 5 5 5 6 6 7 7 8 7 7 9 10 10 8 8 9 6 6 6 7 7 9 9 8 8 8 10 13 13 12 12 13 10 10 6
 7 7 5 9 9 9 9 9 8 8 5 5 5 5 6 6 7 7 8 7 7 9 10 10 8 8 9 6 6 6 7 7 9 9 8 8 8 10 13 13 12 12 13 10 10 6
 6 6 6 9 9 7 8 8 7 7 8 7 7 4 12 12 6 6 4 7 7 6 6 6 7 7 8 5 5 11 11 11 15 15 7 8 8 10 10 10 11 11 12 9 9 8
 5 5 5 7 7 7 7 7 9 9 10 10 10 7 4 4 5 5 5 7 7 5 5 5 8 8 6 4 4 6 11 11 10 10 14 9 9 11 9 9 8 8 9 8 8 6
 5 5 5 7 7 7 7 7 9 9 10 10 10 7 4 4 5 5 5 7 7 5 5 5 8 8 6 4 4 6 11 11 10 10 14 9 9 11 9 9 8 8 9 8 8 6
 3 3 3 3 3 4 5 5 8 8 9 7 7 6 5 5 6 6 7 8 8 5 6 6 9 9 5 4 4 3 3 3 7 7 7 7 7 6 7 7 8 8 9 7 7 8
 3 3 3 3 3 3 5 5 8 8 5 5 5 4 7 7 5 5 5 10 10 5 5 5 7 7 5 4 4 3 2 2 3 3 5 6 6 4 4 4 10 10 7 8 8 6
 3 3 3 3 3 3 5 5 8 8 5 5 5 4 7 7 5 5 5 10 10 5 5 5 7 7 5 4 4 3 2 2 3 3 5 6 6 4 4 4 10 10 7 8 8 6
 5 5 4 6 6 6 6 6 6 6 5 5 5 4 6 6 4 4 6 11 11 5 4 4 5 5 4 3 3 4 4 4 2 2 2 7 7 4 6 6 8 8 7 7 7 4
 5 5 4 6 6 6 6 6 6 6 5 5 5 4 6 6 4 4 6 11 11 5 4 4 5 5 4 3 3 4 4 4 2 2 2 7 7 4 6 6 8 8 7 7 7 4
 8 8 8 8 8 7 9 9 9 9 7 9 9 8 10 10 6 6 6 8 8 4 5 5 4 4 4 3 3 4 3 3 2 2 3 3 3 6 4 4 6 6 6 3 3 4
 12 12 15 17 17 19 18 18 16 16 14 12 12 14 15 15 11 11 10 9 9 9 5 5 3 3 4 3 3 3 3 3 3 3 3 4 4 5 3 3 6 6 3 3 3 5
 12 12 15 17 17 19 18 18 16 16 14 12 12 14 15 15 11 11 10 9 9 9 5 5 3 3 4 3 3 3 3 3 3 3 3 4 4 5 3 3 6 6 3 3 3 5
 16 16 19 24 24 28 28 28 25 25 23 21 21 22 21 21 25 25 31 14 14 5 4 4 3 3 7 4 4 2 3 3 7 7 3 5 5 4 4 4 6 6 6 7 7 10
 11 11 14 16 16 17 19 19 19 19 24 21 21 17 25 25 24 24 23 14 14 4 3 3 4 4 4 6 6 4 2 2 3 3 2 3 3 4 6 6 5 5 10 5 5 8
 11 11 14 16 16 17 19 19 19 19 24 21 21 17 25 25 24 24 23 14 14 4 3 3 4 4 4 6 6 4 2 2 3 3 2 3 3 4 6 6 5 5 10 5 5 8
 6 6 6 9 9 10 12 12 14 14 16 22 22 22 41 41 32 32 27 17 17 12 8 8 9 9 16 13 13 12 9 9 4 4 7 9 9 8 10 10 8 8 13 9 9 10
 6 6 6 9 9 10 12 12 14 14 16 22 22 22 41 41 32 32 27 17 17 12 8 8 9 9 16 13 13 12 9 9 4 4 7 9 9 8 10 10 8 8 13 9 9 10
 6 6 6 8 8 9 11 11 14 14 14 23 23 24 36 36 37 37 38 26 26 17 15 15 28 28 31 22 22 18 14 14 20 20 10 14 14 18 12 12 9 9 16 10 10 10
 8 8 9 10 10 11 15 15 22 22 21 30 30 28 40 40 34 34 33 33 33 22 23 23 28 28 30 25 25 26 23 23 30 30 21 18 18 6 8 8 10 10 12 5 5 8
 8 8 9 10 10 11 15 15 22 22 21 30 30 28 40 40 34 34 33 33 33 22 23 23 28 28 30 25 25 26 23 23 30 30 21 18 18 6 8 8 10 10 12 5 5 8
 13 13 12 14 14 23 21 21 23 23 21 28 28 30 42 42 41 41 32 32 32 34 28 28 27 27 29 32 32 30 32 32 27 27 28 6 6 5 9 9 8 8 10 7 7 5
 14 14 17 19 19 25 23 23 31 31 27 37 37 30 27 27 41 41 31 33 33 36 29 29 32 32 30 32 32 28 25 25 22 22 22 7 7 4 5 5 8 8 10 10 10 5
 14 14 17 19 19 25 23 23 31 31 27 37 37 30 27 27 41 41 31 33 33 36 29 29 32 32 30 32 32 28 25 25 22 22 22 7 7 4 5 5 8 8 10 10 10 5
 16 16 19 26 26 33 32 32 36 36 33 29 29 29 31 31 30 30 25 31 31 33 29 29 27 27 28 32 32 25 22 22 18 18 15 13 13 7 6 6 6 6 7 10 10 8
 16 16 19 26 26 33 32 32 36 36 33 29 29 29 31 31 30 30 25 31 31 33 29 29 27 27 28 32 32 25 22 22 18 18 15 13 13 7 6 6 6 6 7 10 10 8
 18 18 24 29 29 30 29 29 31 31 33 34 34 28 27 27 33 33 24 28 28 22 19 19 18 18 18 18 18 21 19 19 18 18 19 10 10 9 12 12 9 9 13 13 13 9
 20 20 29 29 29 28 30 30 33 33 30 30 30 31 39 39 25 25 23 22 22 20 23 23 22 22 17 17 17 18 20 20 25 25 22 15 15 16 11 11 9 9 10 7 7 9
 20 20 29 29 29 28 30 30 33 33 30 30 30 31 39 39 25 25 23 22 22 20 23 23 22 22 17 17 17 18 20 20 25 25 22 15 15 16 11 11 9 9 10 7 7 9
 21 21 22 24 24 26 28 28 32 32 31 30 30 28 26 26 22 22 21 18 18 20 19 19 16 16 18 18 18 13 20 20 23 23 20 13 13 8 13 13 10 10 9 7 7 7
 17 17 18 20 20 23 25 25 31 31 26 27 27 30 28 28 25 25 25 24 24 18 19 19 18 18 16 14 14 11 21 21 11 11 9 6 6 4 5 5 7 7 6 8 8 7
