assets/RAT_results/precipitation/2017-03-05_IMERG.asc
ncols        46
nrows        77
xllcorner    74.800261325624
yllcorner    8.058333333333
cellsize     0.062500000000
NODATA_value -9999
 0 0 0 0 0 0 0 0 0 0 0 0 0 0 0 0 0 0 0 0 0 0 0 0 0 0 0 0 0 0 0 0 0 0 0 0 0 0 0 0 1 1 0 0 0 0
 0 0 0 0 0 0 0 0 0 0 0 0 0 0 0 0 0 0 0 0 0 0 0 0 0 0 0 0 0 0 0 0 0 0 0 0 0 0 1 1 1 1 1 1 1 1
 0 0 0 0 0 0 0 0 0 0 0 0 0 0 0 0 0 0 0 0 0 0 0 0 0 0 0 0 0 0 0 0 0 0 0 0 0 0 1 1 1 1 1 1 1 1
 0 0 0 0 0 0 0 0 0 0 0 0 0 0 0 0 0 0 0 0 0 0 0 0 0 0 0 0 0 0 0 0 0 0 1 0 0 0 1 1 6 6 0 4 4 3
 0 0 0 0 0 0 0 0 0 0 0 0 0 0 0 0 0 0 0 0 0 0 0 0 0 0 0 0 0 0 1 1 0 0 0 0 0 0 3 3 1 1 4 1 1 7
 0 0 0 0 0 0 0 0 0 0 0 0 0 0 0 0 0 0 0 0 0 0 0 0 0 0 0 0 0 0 1 1 0 0 0 0 0 0 3 3 1 1 4 1 1 7
 0 0 0 0 0 0 0 0 0 0 0 0 0 0 0 0 0 0 0 0 0 0 0 0 0 0 0 0 0 0 0 0 0 0 0 0 0 0 4 4 2 2 0 0 0 6
 0 0 0 0 0 0 0 0 0 0 0 0 0 0 0 0 0 0 0 0 0 0 0 0 0 0 0 0 0 0 0 0 0 0 0 0 0 0 4 4 2 2 0 0 0 6
 0 0 0 0 0 0 0 0 0 0 0 0 0 0 0 0 0 0 0 0 0 0 0 0 0 0 0 0 0 0 0 0 0 0 0 1 1 0 3 3 1 1 0 0 0 1
 0 0 0 0 0 0 0 0 0 0 0 0 0 0 0 0 0 0 0 0 0 0 0 0 0 0 0 0 0 0 0 0 0 0 0 0 0 0 3 3 5 5 0 0 0 1
 0 0 0 0 0 0 0 0 0 0 0 0 0 0 0 0 0 0 0 0 0 0 0 0 0 0 0 0 0 0 0 0 0 0 0 0 0 0 3 3 5 5 0 0 0 1
 0 0 0 1 1 0 0 0 0 0 0 0 0 0 0 0 0 0 0 0 0 0 0 0 0 0 0 0 0 0 0 0 0 0 0 0 0 0 1 1 0 0 0 0 0 0
 0 0 0 8 8 1 0 0 0 0 0 0 0 1 0 0 1 1 0 0 0 0 0 0 0 0 0 0 0 0 0 0 0 0 0 0 0 0 0 0 1 1 1 0 0 0
 0 0 0 8 8 1 0 0 0 0 0 0 0 1 0 0 1 1 0 0 0 0 0 0 0 0 0 0 0 0 0 0 0 0 0 0 0 0 0 0 1 1 1 0 0 0
 0 0 0 9 9 9 14 14 8 8 6 0 0 1 0 0 0 0 0 0 0 0 0 0 0 0 0 0 0 0 0 0 0 0 0 0 0 0 2 2 1 1 0 0 0 0
 0 0 0 9 9 9 14 14 8 8 6 0 0 1 0 0 0 0 0 0 0 0 0 0 0 0 0 0 0 0 0 0 0 0 0 0 0 0 2 2 1 1 0 0 0 0
 0 0 0 1 1 1 12 12 12 12 8 5 5 0 0 0 0 0 0 0 0 0 1 1 0 0 0 0 0 0 0 0 0 0 0 0 0 0 6 6 3 3 0 0 0 3
 0 0 0 0 0 0 0 0 7 7 8 0 0 0 0 0 0 0 0 0 0 0 0 0 0 0 0 1 1 0 1 1 1 1 0 0 0 3 11 11 16 16 2 15 15 14
 0 0 0 0 0 0 0 0 7 7 8 0 0 0 0 0 0 0 0 0 0 0 0 0 0 0 0 1 1 0 1 1 1 1 0 0 0 3 11 11 16 16 2 15 15 14
 1 1 0 0 0 0 1 1 0 0 7 0 0 0 0 0 0 0 0 0 0 0 0 0 0 0 0 0 0 0 1 1 1 1 1 0 0 2 2 2 1 1 1 25 25 26
 0 0 0 0 0 1 0 0 0 0 0 0 0 0 0 0 0 0 0 0 0 0 0 0 0 0 0 0 0 0 1 1 1 1 1 0 0 2 2 2 3 3 4 25 25 31
 0 0 0 0 0 1 0 0 0 0 0 0 0 0 0 0 0 0 0 0 0 0 0 0 0 0 0 0 0 0 1 1 1 1 1 0 0 2 2 2 3 3 4 25 25 31
 1 1 2 2 2 1 1 1 1 1 1 0 0 1 4 4 0 0 0 0 0 0 0 0 0 0 0 0 0 0 1 1 1 1 9 2 2 2 2 2 3 3 4 6 6 21
 1 1 2 2 2 1 1 1 1 1 1 0 0 1 4 4 0 0 0 0 0 0 0 0 0 0 0 0 0 0 1 1 1 1 9 2 2 2 2 2 3 3 4 6 6 21
 8 8 9 20 20 1 1 1 3 3 7 2 2 2 1 1 0 0 0 15 15 15 0 0 3 3 1 4 4 3 1 1 0 0 1 0 0 0 1 1 0 0 0 0 0 15
 10 10 13 18 18 8 4 4 5 5 23 33 33 3 5 5 4 4 4 5 5 16 0 0 3 3 4 5 5 2 1 1 1 1 0 1 1 1 0 0 0 0 0 0 0 1
 10 10 13 18 18 8 4 4 5 5 23 33 33 3 5 5 4 4 4 5 5 16 0 0 3 3 4 5 5 2 1 1 1 1 0 1 1 1 0 0 0 0 0 0 0 1
 17 17 17 18 18 17 19 19 16 16 27 13 13 14 4 4 3 3 5 1 1 2 0 0 0 0 4 0 0 0 0 0 0 0 0 1 1 1 0 0 2 2 0 0 0 0
 11 11 17 16 16 20 45 45 28 28 17 13 13 0 0 0 1 1 1 2 2 1 0 0 0 0 0 0 0 0 2 2 0 0 0 0 0 2 2 2 2 2 1 0 0 0
 11 11 17 16 16 20 45 45 28 28 17 13 13 0 0 0 1 1 1 2 2 1 0 0 0 0 0 0 0 0 2 2 0 0 0 0 0 2 2 2 2 2 1 0 0 0
 11 11 9 4 4 11 12 12 6 6 1 13 13 0 0 0 1 1 1 2 2 1 1 1 0 0 0 0 0 0 0 0 0 0 0 0 0 0 0 0 2 2 0 0 0 0
 11 11 9 4 4 11 12 12 6 6 1 13 13 0 0 0 1 1 1 2 2 1 1 1 0 0 0 0 0 0 0 0 0 0 0 0 0 0 0 0 2 2 0 0 0 0
 0 0 1 2 2 3 3 3 0 0 0 0 0 0 1 1 1 1 1 2 2 0 0 0 0 0 0 0 0 0 0 0 0 0 0 0 0 0 0 0 2 2 0 0 0 0
 3 3 1 1 1 2 3 3 4 4 2 0 0 1 2 2 2 2 0 0 0 1 0 0 1 1 0 0 0 0 0 0 0 0 0 0 0 2 1 1 0 0 0 0 0 1
 3 3 1 1 1 2 3 3 4 4 2 0 0 1 2 2 2 2 0 0 0 1 0 0 1 1 0 0 0 0 0 0 0 0 0 0 0 2 1 1 0 0 0 0 0 1
 3 3 4 4 4 3 3 3 3 3 4 4 4 1 2 2 0 0 1 3 3 3 10 10 5 5 11 0 0 0 0 0 0 0 2 3 3 1 1 1 0 0 0 0 0 1
 6 6 8 5 5 2 4 4 6 6 9 6 6 3 1 1 0 0 4 0 0 3 1 1 0 0 9 0 0 0 3 3 0 0 3 5 5 1 0 0 0 0 0 0 0 1
 6 6 8 5 5 2 4 4 6 6 9 6 6 3 1 1 0 0 4 0 0 3 1 1 0 0 9 0 0 0 3 3 0 0 3 5 5 1 0 0 0 0 0 0 0 1
 10 10 15 4 4 4 7 7 8 8 9 8 8 5 4 4 0 0 3 1 1 2 3 3 0 0 0 0 0 0 0 0 1 1 3 3 3 1 0 0 0 0 0 0 0 0
 10 10 15 4 4 4 7 7 8 8 9 8 8 5 4 4 0 0 3 1 1 2 3 3 0 0 0 0 0 0 0 0 1 1 3 3 3 1 0 0 0 0 0 0 0 0
 12 12 2 4 4 6 13 13 9 9 9 7 7 4 2 2 1 1 2 1 1 8 2 2 5 5 0 0 0 0 0 0 0 0 1 2 2 13 0 0 0 0 0 0 0 2
 2 2 1 3 3 13 18 18 24 24 18 20 20 8 5 5 6 6 23 66 66 25 5 5 1 1 0 0 0 0 0 0 1 1 10 11 11 19 0 0 3 3 1 2 2 5
 2 2 1 3 3 13 18 18 24 24 18 20 20 8 5 5 6 6 23 66 66 25 5 5 1 1 0 0 0 0 0 0 1 1 10 11 11 19 0 0 3 3 1 2 2 5
 0 0 2 3 3 7 36 36 37 37 50 19 19 8 4 4 2 2 40 25 25 23 9 9 12 12 5 3 3 0 2 2 29 29 40 32 32 8 5 5 8 8 3 2 2 4
 1 1 7 8 8 22 19 19 30 30 35 37 37 8 5 5 4 4 3 20 20 38 47 47 13 13 7 1 1 1 4 4 61 61 34 13 13 6 5 5 5 5 0 3 3 3
 1 1 7 8 8 22 19 19 30 30 35 37 37 8 5 5 4 4 3 20 20 38 47 47 13 13 7 1 1 1 4 4 61 61 34 13 13 6 5 5 5 5 0 3 3 3
 1 1 8 6 6 11 16 16 11 11 11 9 9 5 9 9 4 4 27 81 81 64 27 27 19 19 7 0 0 1 8 8 29 29 22 6 6 6 2 2 0 0 0 1 1 2
 1 1 8 6 6 11 16 16 11 11 11 9 9 5 9 9 4 4 27 81 81 64 27 27 19 19 7 0 0 1 8 8 29 29 22 6 6 6 2 2 0 0 0 1 1 2
 0 0 1 2 2 2 2 2 5 5 10 9 9 4 5 5 19 19 28 36 36 45 34 34 12 12 7 0 0 15 18 18 37 37 40 10 10 4 2 2 0 0 0 0 0 0
 0 0 0 1 1 1 2 2 3 3 7 5 5 5 5 5 33 33 54 37 37 32 26 26 16 16 25 0 0 0 15 15 39 39 64 16 16 8 19 19 0 0 0 0 0 0
 0 0 0 1 1 1 2 2 3 3 7 5 5 5 5 5 33 33 54 37 37 32 26 26 16 16 25 0 0 0 15 15 39 39 64 16 16 8 19 19 0 0 0 0 0 0
 0 0 1 1 1 1 1 1 1 1 13 14 14 14 16 16 43 43 36 41 41 44 14 14 12 12 18 0 0 0 15 15 31 31 39 30 30 15 2 2 0 0 28 8 8 0
 1 1 1 0 0 0 1 1 0 0 1 15 15 8 13 13 15 15 16 12 12 27 21 21 17 17 14 2 2 0 13 13 16 16 32 33 33 18 4 4 3 3 17 3 3 0
 1 1 1 0 0 0 1 1 0 0 1 15 15 8 13 13 15 15 16 12 12 27 21 21 17 17 14 2 2 0 13 13 16 16 32 33 33 18 4 4 3 3 17 3 3 0
 1 1 0 0 0 0 0 0 0 0 1 2 2 1 2 2 13 13 2 3 3 13 15 15 15 15 6 7 7 0 8 8 5 5 9 12 12 3 1 1 5 5 36 0 0 0
 1 1 0 0 0 0 0 0 0 0 1 2 2 1 2 2 13 13 2 3 3 13 15 15 15 15 6 7 7 0 8 8 5 5 9 12 12 3 1 1 5 5 36 0 0 0
 1 1 1 1 1 0 0 0 0 0 0 0 0 0 1 1 1 1 1 2 2 4 49 49 18 18 50 1 1 1 4 4 6 6 11 10 10 4 5 5 4 4 8 2 2 0
 1 1 2 1 1 1 0 0 1 1 0 0 0 1 0 0 0 0 0 1 1 1 4 4 15 15 42 6 6 1 0 0 5 5 7 9 9 5 13 13 25 25 2 2 2 0
 1 1 2 1 1 1 0 0 1 1 0 0 0 1 0 0 0 0 0 1 1 1 4 4 15 15 42 6 6 1 0 0 5 5 7 9 9 5 13 13 25 25 2 2 2 0
 1 1 1 0 0 1 0 0 1 1 0 0 0 1 0 0 0 0 0 0 0 1 6 6 14 14 12 3 3 3 0 0 6 6 5 1 1 4 3 3 16 16 0 0 0 1
 9 9 14 14 14 10 0 0 0 0 0 0 0 1 0 0 0 0 0 0 0 0 0 0 5 5 5 15 15 3 2 2 3 3 0 1 1 1 0 0 1 1 4 1 1 0
 9 9 14 14 14 10 0 0 0 0 0 0 0 1 0 0 0 0 0 0 0 0 0 0 5 5 5 15 15 3 2 2 3 3 0 1 1 1 0 0 1 1 4 1 1 0
 12 12 20 14 14 11 14 14 13 13 15 1 1 1 0 0 0 0 0 0 0 0 1 1 5 5 5 14 14 30 30 30 4 4 4 1 1 0 0 0 0 0 3 0 0 0
 12 12 20 14 14 11 14 14 13 13 15 1 1 1 0 0 0 0 0 0 0 0 1 1 5 5 5 14 14 30 30 30 4 4 4 1 1 0 0 0 0 0 3 0 0 0
 18 18 11 12 12 10 9 9 13 13 1 0 0 0 0 0 0 0 0 0 0 0 1 1 1 1 11 24 24 50 44 44 23 23 3 0 0 0 0 0 0 0 0 0 0 0
 6 6 4 9 9 12 8 8 7 7 2 2 2 0 0 0 0 0 0 0 0 0 0 0 1 1 11 12 12 26 45 45 44 44 36 3 3 0 0 0 0 0 0 0 0 0
 6 6 4 9 9 12 8 8 7 7 2 2 2 0 0 0 0 0 0 0 0 0 0 0 1 1 11 12 12 26 45 45 44 44 36 3 3 0 0 0 0 0 0 0 0 0
 2 2 1 1 1 1 1 1 1 1 2 3 3 2 0 0 0 0 0 0 0 0 0 0 1 1 6 6 6 32 32 32 28 28 30 10 10 1 3 3 0 0 0 0 0 0
 3 3 2 1 1 1 1 1 0 0 0 0 0 0 0 0 0 0 0 0 0 0 1 1 1 1 2 4 4 6 7 7 21 21 16 19 19 8 7 7 1 1 0 0 0 0
 3 3 2 1 1 1 1 1 0 0 0 0 0 0 0 0 0 0 0 0 0 0 1 1 1 1 2 4 4 6 7 7 21 21 16 19 19 8 7 7 1 1 0 0 0 0
 4 4 2 1 1 1 0 0 0 0 0 0 0 0 0 0 0 0 0 0 0 0 0 0 1 1 1 1 1 0 4 4 7 7 11 17 17 10 9 9 4 4 0 0 0 0
 4 4 2 1 1 1 0 0 0 0 0 0 0 0 0 0 0 0 0 0 0 0 0 0 1 1 1 1 1 0 4 4 7 7 11 17 17 10 9 9 4 4 0 0 0 0
 4 4 3 1 1 1 0 0 0 0 1 0 0 0 0 0 0 0 0 0 0 0 0 0 0 0 1 1 1 1 1 1 1 1 3 8 8 10 8 8 1 1 1 0 0 0
 10 10 9 1 1 1 0 0 0 0 0 0 0 1 1 1 0 0 0 0 0 0 0 0 0 0 0 1 1 0 2 2 1 1 0 4 4 2 13 13 1 1 2 1 1 0
 10 10 9 1 1 1 0 0 0 0 0 0 0 1 1 1 0 0 0 0 0 0 0 0 0 0 0 1 1 0 2 2 1 1 0 4 4 2 13 13 1 1 2 1 1 0
 9 9 7 1 1 0 0 0 0 0 0 1 1 0 0 0 0 0 0 0 0 0 0 0 0 0 0 0 0 0 0 0 0 0 1 1 1 1 1 1 2 2 2 4 4 0
 19 19 18 18 18 13 1 1 0 0 1 0 0 0 0 0 0 0 0 0 0 0 0 0 0 0 0 0 0 0 0 0 0 0 0 0 0 0 0 0 0 0 0 0 0 1
