assets/RAT_results/precipitation/2017-06-10_IMERG.asc
ncols        46
nrows        77
xllcorner    74.800261325624
yllcorner    8.058333333333
cellsize     0.062500000000
NODATA_value -9999
 64 64 67 93 93 60 49 49 31 31 24 17 17 16 13 13 7 7 17 2 2 1 2 2 1 1 1 3 3 1 2 2 0 0 0 0 0 0 0 0 0 0 0 0 0 0
 40 40 37 39 39 38 37 37 31 31 22 15 15 21 16 16 10 10 9 5 5 6 1 1 0 0 0 1 1 0 2 2 1 1 0 0 0 0 0 0 0 0 0 0 0 0
 40 40 37 39 39 38 37 37 31 31 22 15 15 21 16 16 10 10 9 5 5 6 1 1 0 0 0 1 1 0 2 2 1 1 0 0 0 0 0 0 0 0 0 0 0 0
 40 40 33 33 33 38 42 42 37 37 22 15 15 11 16 16 44 44 13 5 5 2 0 0 1 1 0 0 0 0 1 1 0 0 0 0 0 0 0 0 0 0 0 0 0 0
 56 56 25 17 17 36 31 31 27 27 21 21 21 14 27 27 9 9 5 5 5 2 1 1 1 1 1 0 0 0 0 0 1 1 0 0 0 0 0 0 0 0 0 0 0 0
 56 56 25 17 17 36 31 31 27 27 21 21 21 14 27 27 9 9 5 5 5 2 1 1 1 1 1 0 0 0 0 0 1 1 0 0 0 0 0 0 0 0 0 0 0 0
 24 24 16 21 21 35 41 41 35 35 29 17 17 16 11 11 13 13 10 4 4 2 1 1 1 1 0 5 5 4 0 0 0 0 0 0 0 0 0 0 0 0 0 0 0 0
 24 24 16 21 21 35 41 41 35 35 29 17 17 16 11 11 13 13 10 4 4 2 1 1 1 1 0 5 5 4 0 0 0 0 0 0 0 0 0 0 0 0 0 0 0 0
 25 25 23 29 29 42 40 40 58 58 40 27 27 11 7 7 5 5 4 5 5 1 1 1 1 1 0 2 2 0 1 1 0 0 0 0 0 0 0 0 0 0 0 1 1 1
 34 34 42 34 34 42 54 54 40 40 34 18 18 14 10 10 6 6 5 2 2 0 2 2 1 1 0 1 1 0 0 0 1 1 1 0 0 0 1 1 1 1 1 1 1 1
 34 34 42 34 34 42 54 54 40 40 34 18 18 14 10 10 6 6 5 2 2 0 2 2 1 1 0 1 1 0 0 0 1 1 1 0 0 0 1 1 1 1 1 1 1 1
 46 46 42 44 44 44 30 30 27 27 31 24 24 25 7 7 5 5 5 1 1 4 3 3 2 2 2 0 0 1 0 0 3 3 0 0 0 1 1 1 0 0 1 2 2 1
 47 47 37 32 32 40 42 42 28 28 32 20 20 14 15 15 12 12 5 3 3 3 2 2 1 1 1 1 1 2 0 0 3 3 1 1 1 2 2 2 1 1 0 1 1 2
 47 47 37 32 32 40 42 42 28 28 32 20 20 14 15 15 12 12 5 3 3 3 2 2 1 1 1 1 1 2 0 0 3 3 1 1 1 2 2 2 1 1 0 1 1 2
 39 39 34 39 39 37 42 42 33 33 32 31 31 10 10 10 15 15 5 6 6 5 4 4 1 1 2 1 1 2 2 2 1 1 1 1 1 1 1 1 2 2 1 0 0 0
 39 39 34 39 39 37 42 42 33 33 32 31 31 10 10 10 15 15 5 6 6 5 4 4 1 1 2 1 1 2 2 2 1 1 1 1 1 1 1 1 2 2 1 0 0 0
 38 38 36 45 45 39 36 36 48 48 31 31 31 15 21 21 11 11 11 6 6 4 2 2 13 13 2 1 1 1 1 1 1 1 0 1 1 0 1 1 0 0 2 0 0 0
 66 66 55 59 59 49 43 43 37 37 30 33 33 31 24 24 31 31 16 11 11 5 3 3 3 3 2 2 2 0 0 0 0 0 0 1 1 1 1 1 5 5 0 2 2 0
 66 66 55 59 59 49 43 43 37 37 30 33 33 31 24 24 31 31 16 11 11 5 3 3 3 3 2 2 2 0 0 0 0 0 0 1 1 1 1 1 5 5 0 2 2 0
 71 71 71 75 75 57 45 45 36 36 30 40 40 30 24 24 30 30 18 21 21 10 10 10 3 3 2 2 2 0 0 0 1 1 0 2 2 0 0 0 2 2 0 0 0 0
 87 87 84 90 90 100 133 133 44 44 23 31 31 31 37 37 32 32 29 19 19 17 8 8 3 3 7 4 4 1 0 0 1 1 1 3 3 1 3 3 1 1 0 1 1 0
 87 87 84 90 90 100 133 133 44 44 23 31 31 31 37 37 32 32 29 19 19 17 8 8 3 3 7 4 4 1 0 0 1 1 1 3 3 1 3 3 1 1 0 1 1 0
 78 78 139 141 141 122 148 148 126 126 43 40 40 37 46 46 38 38 29 27 27 24 22 22 10 10 5 4 4 5 4 4 5 5 5 1 1 4 2 2 5 5 5 0 0 1
 78 78 139 141 141 122 148 148 126 126 43 40 40 37 46 46 38 38 29 27 27 24 22 22 10 10 5 4 4 5 4 4 5 5 5 1 1 4 2 2 5 5 5 0 0 1
 87 87 111 137 137 165 143 143 99 99 61 54 54 47 44 44 38 38 34 25 25 41 16 16 15 15 7 10 10 7 13 13 10 10 2 3 3 1 0 0 5 5 3 1 1 0
 76 76 103 118 118 153 123 123 104 104 90 65 65 41 37 37 41 41 43 23 23 26 21 21 7 7 10 8 8 6 13 13 6 6 4 2 2 1 1 1 1 1 1 2 2 0
 76 76 103 118 118 153 123 123 104 104 90 65 65 41 37 37 41 41 43 23 23 26 21 21 7 7 10 8 8 6 13 13 6 6 4 2 2 1 1 1 1 1 1 2 2 0
 74 74 83 88 88 116 121 121 115 115 111 73 73 41 47 47 45 45 47 35 35 32 15 15 8 8 10 6 6 7 7 7 3 3 6 6 6 1 2 2 1 1 1 0 0 0
 83 83 77 96 96 89 93 93 97 97 100 95 95 81 48 48 50 50 56 46 46 31 23 23 10 10 7 9 9 5 3 3 8 8 7 2 2 1 2 2 1 1 0 0 0 0
 83 83 77 96 96 89 93 93 97 97 100 95 95 81 48 48 50 50 56 46 46 31 23 23 10 10 7 9 9 5 3 3 8 8 7 2 2 1 2 2 1 1 0 0 0 0
 71 71 63 65 65 65 73 73 70 70 62 94 94 105 66 66 68 68 56 46 46 46 22 22 18 18 9 8 8 9 9 9 17 17 10 2 2 2 1 1 1 1 0 0 0 0
 71 71 63 65 65 65 73 73 70 70 62 94 94 105 66 66 68 68 56 46 46 46 22 22 18 18 9 8 8 9 9 9 17 17 10 2 2 2 1 1 1 1 0 0 0 0
 71 71 68 48 48 65 56 56 63 63 61 73 73 86 82 82 64 64 62 64 64 59 34 34 33 33 12 9 9 10 8 8 12 12 28 5 5 2 1 1 1 1 0 0 0 1
 58 58 64 45 45 51 50 50 52 52 68 70 70 126 68 68 57 57 49 51 51 47 37 37 23 23 12 5 5 5 9 9 5 5 9 1 1 1 1 1 2 2 1 1 1 1
 58 58 64 45 45 51 50 50 52 52 68 70 70 126 68 68 57 57 49 51 51 47 37 37 23 23 12 5 5 5 9 9 5 5 9 1 1 1 1 1 2 2 1 1 1 1
 57 57 61 44 44 54 47 47 44 44 52 68 68 114 64 64 60 60 44 47 47 48 36 36 30 30 11 14 14 4 5 5 8 8 15 0 0 1 3 3 2 2 1 1 1 0
 54 54 38 46 46 47 44 44 45 45 57 82 82 117 56 56 54 54 56 59 59 42 38 38 43 43 29 15 15 14 15 15 7 7 8 2 2 1 3 3 2 2 0 1 1 0
 54 54 38 46 46 47 44 44 45 45 57 82 82 117 56 56 54 54 56 59 59 42 38 38 43 43 29 15 15 14 15 15 7 7 8 2 2 1 3 3 2 2 0 1 1 0
 51 51 44 46 46 48 49 49 54 54 55 99 99 143 77 77 62 62 71 53 53 60 41 41 35 35 41 39 39 28 20 20 10 10 11 9 9 7 9 9 2 2 1 0 0 3
 51 51 44 46 46 48 49 49 54 54 55 99 99 143 77 77 62 62 71 53 53 60 41 41 35 35 41 39 39 28 20 20 10 10 11 9 9 7 9 9 2 2 1 0 0 3
 50 50 35 39 39 49 56 56 48 48 59 77 77 124 52 52 44 44 56 48 48 55 47 47 35 35 30 29 29 26 20 20 17 17 13 7 7 9 4 4 8 8 1 2 2 2
 40 40 46 50 50 65 51 51 48 48 50 55 55 95 61 61 62 62 46 48 48 46 54 54 36 36 35 109 109 62 33 33 16 16 11 10 10 8 8 8 9 9 1 1 1 5
 40 40 46 50 50 65 51 51 48 48 50 55 55 95 61 61 62 62 46 48 48 46 54 54 36 36 35 109 109 62 33 33 16 16 11 10 10 8 8 8 9 9 1 1 1 5
 40 40 52 62 62 64 58 58 46 46 48 60 60 70 120 120 61 61 40 35 35 35 28 28 44 44 85 52 52 39 18 18 8 8 8 8 8 12 11 11 7 7 2 2 2 0
 36 36 48 58 58 60 49 49 39 39 46 57 57 68 74 74 60 60 70 36 36 28 67 67 65 65 49 39 39 16 15 15 10 10 15 13 13 14 11 11 15 15 10 1 1 5
 36 36 48 58 58 60 49 49 39 39 46 57 57 68 74 74 60 60 70 36 36 28 67 67 65 65 49 39 39 16 15 15 10 10 15 13 13 14 11 11 15 15 10 1 1 5
 24 24 34 35 35 49 30 30 28 28 36 48 48 49 52 52 46 46 32 28 28 48 59 59 51 51 138 79 79 23 25 25 14 14 14 17 17 18 15 15 7 7 3 2 2 1
 24 24 34 35 35 49 30 30 28 28 36 48 48 49 52 52 46 46 32 28 28 48 59 59 51 51 138 79 79 23 25 25 14 14 14 17 17 18 15 15 7 7 3 2 2 1
 27 27 20 17 17 21 20 20 24 24 30 26 26 54 49 49 31 31 38 36 36 57 33 33 45 45 32 26 26 26 49 49 37 37 24 20 20 22 6 6 2 2 7 3 3 3
 20 20 23 19 19 20 22 22 27 27 29 25 25 65 64 64 78 78 57 51 51 36 23 23 27 27 37 35 35 34 43 43 36 36 27 19 19 20 6 6 6 6 12 7 7 4
 20 20 23 19 19 20 22 22 27 27 29 25 25 65 64 64 78 78 57 51 51 36 23 23 27 27 37 35 35 34 43 43 36 36 27 19 19 20 6 6 6 6 12 7 7 4
 34 34 26 30 30 26 22 22 23 23 23 31 31 33 32 32 21 21 22 18 18 24 40 40 24 24 30 38 38 41 37 37 48 48 26 18 18 12 7 7 4 4 5 8 8 1
 28 28 36 34 34 32 30 30 28 28 28 32 32 33 37 37 25 25 18 20 20 19 20 20 29 29 27 29 29 30 30 30 27 27 32 15 15 11 5 5 4 4 5 8 8 1
 28 28 36 34 34 32 30 30 28 28 28 32 32 33 37 37 25 25 18 20 20 19 20 20 29 29 27 29 29 30 30 30 27 27 32 15 15 11 5 5 4 4 5 8 8 1
 28 28 26 39 39 40 34 34 32 32 34 33 33 50 31 31 45 45 36 21 21 22 23 23 28 28 18 27 27 35 47 47 33 33 19 14 14 7 5 5 4 4 3 1 1 0
 28 28 26 39 39 40 34 34 32 32 34 33 33 50 31 31 45 45 36 21 21 22 23 23 28 28 18 27 27 35 47 47 33 33 19 14 14 7 5 5 4 4 3 1 1 0
 27 27 26 32 32 32 30 30 34 34 33 37 37 44 34 34 46 46 28 37 37 17 21 21 24 24 31 36 36 49 35 35 27 27 18 7 7 12 7 7 14 14 5 1 1 0
 29 29 23 31 31 28 27 27 30 30 32 30 30 29 52 52 29 29 25 18 18 13 23 23 18 18 19 26 26 27 28 28 16 16 14 14 14 8 5 5 11 11 3 0 0 0
 29 29 23 31 31 28 27 27 30 30 32 30 30 29 52 52 29 29 25 18 18 13 23 23 18 18 19 26 26 27 28 28 16 16 14 14 14 8 5 5 11 11 3 0 0 0
 33 33 27 28 28 27 24 24 22 22 26 19 19 28 21 21 20 20 24 25 25 13 16 16 14 14 18 19 19 26 17 17 20 20 15 10 10 9 3 3 5 5 1 0 0 0
 27 27 20 20 20 22 21 21 20 20 26 17 17 19 18 18 15 15 13 14 14 12 9 9 9 9 12 13 13 13 25 25 20 20 14 4 4 8 4 4 4 4 0 0 0 0
 27 27 20 20 20 22 21 21 20 20 26 17 17 19 18 18 15 15 13 14 14 12 9 9 9 9 12 13 13 13 25 25 20 20 14 4 4 8 4 4 4 4 0 0 0 0
 27 27 24 21 21 22 16 16 20 20 23 28 28 17 15 15 17 17 9 13 13 12 12 12 12 12 11 11 11 12 19 19 15 15 8 9 9 6 4 4 1 1 0 0 0 1
 27 27 24 21 21 22 16 16 20 20 23 28 28 17 15 15 17 17 9 13 13 12 12 12 12 12 11 11 11 12 19 19 15 15 8 9 9 6 4 4 1 1 0 0 0 1
 28 28 19 17 17 20 16 16 19 19 22 23 23 11 10 10 20 20 8 9 9 8 7 7 6 6 8 7 7 7 8 8 12 12 10 17 17 5 0 0 3 3 1 0 0 0
 26 26 18 18 18 19 14 14 13 13 16 14 14 14 11 11 10 10 13 9 9 14 5 5 3 3 5 6 6 8 9 9 14 14 14 8 8 2 1 1 1 1 2 1 1 0
 26 26 18 18 18 19 14 14 13 13 16 14 14 14 11 11 10 10 13 9 9 14 5 5 3 3 5 6 6 8 9 9 14 14 14 8 8 2 1 1 1 1 2 1 1 0
 20 20 20 18 18 18 13 13 12 12 11 10 10 12 12 12 13 13 15 12 12 18 11 11 4 4 3 5 5 7 5 5 5 5 9 4 4 3 8 8 3 3 2 2 2 0
 12 12 18 17 17 16 9 9 7 7 9 10 10 11 6 6 6 6 6 8 8 11 11 11 5 5 1 2 2 2 3 3 5 5 4 2 2 2 3 3 2 2 2 1 1 0
 12 12 18 17 17 16 9 9 7 7 9 10 10 11 6 6 6 6 6 8 8 11 11 11 5 5 1 2 2 2 3 3 5 5 4 2 2 2 3 3 2 2 2 1 1 0
 14 14 12 9 9 9 6 6 7 7 5 6 6 8 6 6 3 3 3 6 6 7 12 12 6 6 1 1 1 2 2 2 2 2 3 2 2 1 0 0 0 0 3 1 1 1
 14 14 12 9 9 9 6 6 7 7 5 6 6 8 6 6 3 3 3 6 6 7 12 12 6 6 1 1 1 2 2 2 2 2 3 2 2 1 0 0 0 0 3 1 1 1
 10 10 10 6 6 4 3 3 1 1 1 3 3 3 3 3 3 3 4 4 4 2 4 4 4 4 3 1 1 2 5 5 2 2 6 5 5 3 1 1 1 1 1 0 0 1
 8 8 6 3 3 2 2 2 2 2 1 3 3 4 5 5 3 3 4 6 6 4 2 2 3 3 6 1 1 1 2 2 2 2 2 2 2 5 1 1 1 1 0 0 0 0
 8 8 6 3 3 2 2 2 2 2 1 3 3 4 5 5 3 3 4 6 6 4 2 2 3 3 6 1 1 1 2 2 2 2 2 2 2 5 1 1 1 1 0 0 0 0
 6 6 5 4 4 2 2 2 3 3 3 3 3 3 5 5 4 4 4 7 7 6 5 5 3 3 2 1 1 1 2 2 2 2 1 2 2 2 4 4 1 1 0 0 0 0
 4 4 4 4 4 3 3 3 4 4 4 5 5 5 5 5 7 7 5 17 17 7 7 7 4 4 12 2 2 3 3 3 3 3 2 2 2 2 1 1 1 1 2 0 0 0
