assets/RAT_results/precipitation/2017-08-08_IMERG.asc
ncols        46
nrows        77
xllcorner    74.800261325624
yllcorner    8.058333333333
cellsize     0.062500000000
NODATA_value -9999
 17 17 9 3 3 8 1 1 14 14 1 1 1 7 6 6 0 0 0 0 0 0 0 0 0 0 0 0 0 0 0 0 0 0 1 0 0 0 0 0 0 0 0 1 1 0
 27 27 13 6 6 5 0 0 0 0 8 2 2 2 1 1 1 1 0 1 1 0 0 0 0 0 0 0 0 0 0 0 0 0 0 1 1 2 0 0 1 1 1 1 1 0
 27 27 13 6 6 5 0 0 0 0 8 2 2 2 1 1 1 1 0 1 1 0 0 0 0 0 0 0 0 0 0 0 0 0 0 1 1 2 0 0 1 1 1 1 1 0
 23 23 26 14 14 7 3 3 2 2 5 4 4 2 1 1 1 1 0 1 1 0 0 0 0 0 1 0 0 0 0 0 0 0 2 1 1 11 6 6 8 8 4 1 1 5
 25 25 19 7 7 4 1 1 3 3 3 3 3 1 1 1 0 0 1 0 0 0 0 0 0 0 0 0 0 0 0 0 0 0 1 7 7 12 13 13 8 8 14 27 27 8
 25 25 19 7 7 4 1 1 3 3 3 3 3 1 1 1 0 0 1 0 0 0 0 0 0 0 0 0 0 0 0 0 0 0 1 7 7 12 13 13 8 8 14 27 27 8
 11 11 8 4 4 1 1 1 1 1 1 1 1 1 0 0 0 0 0 0 0 0 0 0 0 0 0 0 0 0 0 0 0 0 5 11 11 21 17 17 14 14 13 9 9 8
 11 11 8 4 4 1 1 1 1 1 1 1 1 1 0 0 0 0 0 0 0 0 0 0 0 0 0 0 0 0 0 0 0 0 5 11 11 21 17 17 14 14 13 9 9 8
 16 16 17 28 28 2 1 1 1 1 2 0 0 0 0 0 0 0 0 0 0 0 0 0 0 0 0 0 0 0 0 0 0 0 5 16 16 5 8 8 11 11 21 11 11 2
 11 11 15 33 33 2 1 1 2 2 6 2 2 0 10 10 0 0 0 0 0 0 0 0 0 0 0 4 4 0 0 0 1 1 2 1 1 2 5 5 16 16 8 11 11 1
 11 11 15 33 33 2 1 1 2 2 6 2 2 0 10 10 0 0 0 0 0 0 0 0 0 0 0 4 4 0 0 0 1 1 2 1 1 2 5 5 16 16 8 11 11 1
 16 16 7 5 5 5 5 5 4 4 4 3 3 7 5 5 0 0 0 0 0 0 0 0 0 0 0 0 0 0 1 1 2 2 1 1 1 0 3 3 8 8 9 3 3 1
 19 19 6 3 3 4 4 4 4 4 3 2 2 1 12 12 9 9 1 1 1 0 0 0 1 1 0 0 0 0 0 0 2 2 3 2 2 2 3 3 3 3 6 0 0 2
 19 19 6 3 3 4 4 4 4 4 3 2 2 1 12 12 9 9 1 1 1 0 0 0 1 1 0 0 0 0 0 0 2 2 3 2 2 2 3 3 3 3 6 0 0 2
 20 20 6 2 2 5 4 4 2 2 4 2 2 3 11 11 10 10 3 5 5 8 0 0 0 0 0 0 0 1 1 1 2 2 3 4 4 4 7 7 2 2 1 0 0 2
 20 20 6 2 2 5 4 4 2 2 4 2 2 3 11 11 10 10 3 5 5 8 0 0 0 0 0 0 0 1 1 1 2 2 3 4 4 4 7 7 2 2 1 0 0 2
 40 40 15 4 4 3 3 3 4 4 4 2 2 11 8 8 4 4 5 5 5 6 4 4 0 0 1 0 0 1 0 0 2 2 3 5 5 12 20 20 7 7 4 2 2 1
 55 55 25 6 6 3 2 2 2 2 3 4 4 11 12 12 9 9 5 7 7 5 3 3 2 2 2 1 1 1 1 1 2 2 3 10 10 18 20 20 9 9 4 0 0 2
 55 55 25 6 6 3 2 2 2 2 3 4 4 11 12 12 9 9 5 7 7 5 3 3 2 2 2 1 1 1 1 1 2 2 3 10 10 18 20 20 9 9 4 0 0 2
 27 27 19 5 5 2 1 1 1 1 2 6 6 10 25 25 14 14 4 2 2 6 5 5 2 2 1 1 1 2 2 2 1 1 4 9 9 7 8 8 3 3 5 2 2 12
 25 25 10 6 6 1 2 2 6 6 2 3 3 7 22 22 22 22 23 19 19 9 10 10 1 1 1 1 1 3 2 2 2 2 5 9 9 8 3 3 2 2 4 4 4 5
 25 25 10 6 6 1 2 2 6 6 2 3 3 7 22 22 22 22 23 19 19 9 10 10 1 1 1 1 1 3 2 2 2 2 5 9 9 8 3 3 2 2 4 4 4 5
 35 35 31 6 6 1 1 1 1 1 1 2 2 4 13 13 27 27 20 17 17 8 5 5 1 1 3 2 2 7 3 3 2 2 19 5 5 3 13 13 3 3 4 9 9 7
 35 35 31 6 6 1 1 1 1 1 1 2 2 4 13 13 27 27 20 17 17 8 5 5 1 1 3 2 2 7 3 3 2 2 19 5 5 3 13 13 3 3 4 9 9 7
 36 36 28 8 8 1 1 1 1 1 1 1 1 5 6 6 21 21 16 18 18 9 1 1 2 2 5 3 3 5 3 3 2 2 3 4 4 15 16 16 7 7 10 8 8 12
 39 39 10 10 10 4 1 1 1 1 1 2 2 1 5 5 7 7 6 18 18 11 1 1 7 7 3 3 3 4 2 2 2 2 2 6 6 4 15 15 14 14 6 14 14 12
 39 39 10 10 10 4 1 1 1 1 1 2 2 1 5 5 7 7 6 18 18 11 1 1 7 7 3 3 3 4 2 2 2 2 2 6 6 4 15 15 14 14 6 14 14 12
 55 55 18 12 12 3 1 1 1 1 1 0 0 1 2 2 4 4 13 8 8 6 2 2 2 2 5 4 4 5 9 9 3 3 3 6 6 5 5 5 5 5 18 18 18 12
 47 47 22 9 9 7 1 1 1 1 1 1 1 1 1 1 8 8 5 5 5 3 4 4 5 5 8 7 7 5 9 9 5 5 6 6 6 17 19 19 4 4 12 11 11 7
 47 47 22 9 9 7 1 1 1 1 1 1 1 1 1 1 8 8 5 5 5 3 4 4 5 5 8 7 7 5 9 9 5 5 6 6 6 17 19 19 4 4 12 11 11 7
 47 47 46 18 18 10 3 3 1 1 2 1 1 2 2 2 4 4 5 4 4 4 4 4 8 8 5 6 6 9 5 5 15 15 15 10 10 9 8 8 9 9 11 22 22 14
 47 47 46 18 18 10 3 3 1 1 2 1 1 2 2 2 4 4 5 4 4 4 4 4 8 8 5 6 6 9 5 5 15 15 15 10 10 9 8 8 9 9 11 22 22 14
 52 52 75 18 18 11 4 4 1 1 1 1 1 3 2 2 6 6 5 5 5 5 8 8 7 7 6 4 4 4 7 7 12 12 14 7 7 6 9 9 10 10 11 13 13 10
 50 50 45 15 15 4 3 3 2 2 2 2 2 3 2 2 3 3 4 6 6 4 9 9 7 7 7 4 4 5 4 4 12 12 10 10 10 8 8 8 7 7 10 10 10 11
 50 50 45 15 15 4 3 3 2 2 2 2 2 3 2 2 3 3 4 6 6 4 9 9 7 7 7 4 4 5 4 4 12 12 10 10 10 8 8 8 7 7 10 10 10 11
 32 32 45 16 16 6 2 2 2 2 1 1 1 2 2 2 2 2 3 5 5 3 5 5 4 4 4 4 4 4 6 6 6 6 10 6 6 6 10 10 10 10 12 11 11 8
 17 17 36 29 29 5 3 3 3 3 2 1 1 1 3 3 2 2 2 4 4 5 4 4 10 10 4 6 6 8 8 8 9 9 10 8 8 7 11 11 12 12 11 8 8 9
 17 17 36 29 29 5 3 3 3 3 2 1 1 1 3 3 2 2 2 4 4 5 4 4 10 10 4 6 6 8 8 8 9 9 10 8 8 7 11 11 12 12 11 8 8 9
 18 18 14 28 28 8 4 4 4 4 2 1 1 1 1 1 1 1 2 6 6 6 5 5 7 7 9 13 13 7 7 7 5 5 9 7 7 8 10 10 13 13 17 10 10 9
 18 18 14 28 28 8 4 4 4 4 2 1 1 1 1 1 1 1 2 6 6 6 5 5 7 7 9 13 13 7 7 7 5 5 9 7 7 8 10 10 13 13 17 10 10 9
 9 9 5 10 10 5 4 4 3 3 4 2 2 1 1 1 2 2 3 7 7 8 7 7 6 6 5 10 10 9 6 6 7 7 17 13 13 13 12 12 10 10 13 17 17 24
 5 5 2 5 5 2 2 2 3 3 2 1 1 1 2 2 2 2 2 2 2 17 6 6 6 6 7 10 10 17 9 9 9 9 12 13 13 22 23 23 15 15 26 25 25 18
 5 5 2 5 5 2 2 2 3 3 2 1 1 1 2 2 2 2 2 2 2 17 6 6 6 6 7 10 10 17 9 9 9 9 12 13 13 22 23 23 15 15 26 25 25 18
 2 2 2 2 2 3 2 2 3 3 2 15 15 3 1 1 1 1 1 1 1 6 7 7 6 6 4 18 18 10 9 9 9 9 22 20 20 33 18 18 32 32 23 17 17 17
 4 4 5 2 2 3 2 2 4 4 2 1 1 1 1 1 1 1 1 2 2 2 5 5 6 6 4 5 5 4 8 8 8 8 18 24 24 19 21 21 20 20 13 12 12 26
 4 4 5 2 2 3 2 2 4 4 2 1 1 1 1 1 1 1 1 2 2 2 5 5 6 6 4 5 5 4 8 8 8 8 18 24 24 19 21 21 20 20 13 12 12 26
 12 12 7 5 5 2 4 4 4 4 3 1 1 1 1 1 1 1 1 1 1 2 2 2 15 15 8 4 4 5 6 6 11 11 16 11 11 21 15 15 14 14 12 15 15 12
 12 12 7 5 5 2 4 4 4 4 3 1 1 1 1 1 1 1 1 1 1 2 2 2 15 15 8 4 4 5 6 6 11 11 16 11 11 21 15 15 14 14 12 15 15 12
 16 16 18 15 15 13 4 4 9 9 2 1 1 1 1 1 2 2 3 1 1 2 2 2 6 6 5 4 4 7 8 8 9 9 10 9 9 17 15 15 14 14 14 17 17 15
 8 8 14 10 10 17 20 20 18 18 7 1 1 1 1 1 1 1 1 1 1 2 4 4 15 15 13 5 5 8 9 9 7 7 7 6 6 8 13 13 13 13 15 21 21 23
 8 8 14 10 10 17 20 20 18 18 7 1 1 1 1 1 1 1 1 1 1 2 4 4 15 15 13 5 5 8 9 9 7 7 7 6 6 8 13 13 13 13 15 21 21 23
 8 8 17 10 10 13 20 20 15 15 6 1 1 1 1 1 1 1 1 1 1 2 3 3 10 10 10 6 6 7 6 6 7 7 9 7 7 5 12 12 11 11 15 19 19 18
 6 6 20 16 16 9 8 8 13 13 6 2 2 2 3 3 1 1 1 1 1 2 5 5 5 5 7 6 6 5 10 10 4 4 10 5 5 3 10 10 13 13 8 11 11 16
 6 6 20 16 16 9 8 8 13 13 6 2 2 2 3 3 1 1 1 1 1 2 5 5 5 5 7 6 6 5 10 10 4 4 10 5 5 3 10 10 13 13 8 11 11 16
 7 7 9 19 19 9 7 7 9 9 8 2 2 3 1 1 1 1 1 2 2 1 2 2 3 3 9 9 9 3 3 3 8 8 3 3 3 2 5 5 6 6 14 17 17 15
 7 7 9 19 19 9 7 7 9 9 8 2 2 3 1 1 1 1 1 2 2 1 2 2 3 3 9 9 9 3 3 3 8 8 3 3 3 2 5 5 6 6 14 17 17 15
 5 5 6 11 11 10 8 8 4 4 2 1 1 3 2 2 5 5 1 0 0 2 3 3 10 10 8 6 6 2 1 1 3 3 4 7 7 4 8 8 4 4 11 13 13 18
 4 4 5 11 11 12 11 11 7 7 6 7 7 2 1 1 0 0 0 1 1 0 0 0 8 8 8 7 7 4 2 2 2 2 5 3 3 3 3 3 6 6 8 16 16 17
 4 4 5 11 11 12 11 11 7 7 6 7 7 2 1 1 0 0 0 1 1 0 0 0 8 8 8 7 7 4 2 2 2 2 5 3 3 3 3 3 6 6 8 16 16 17
 4 4 10 10 10 43 25 25 14 14 24 16 16 12 3 3 1 1 0 1 1 0 1 1 1 1 3 3 3 3 3 3 2 2 2 2 2 3 5 5 5 5 3 7 7 5
 3 3 10 8 8 17 17 17 19 19 16 8 8 16 7 7 11 11 1 1 1 0 1 1 5 5 1 2 2 3 1 1 1 1 4 5 5 5 5 5 2 2 2 2 2 5
 3 3 10 8 8 17 17 17 19 19 16 8 8 16 7 7 11 11 1 1 1 0 1 1 5 5 1 2 2 3 1 1 1 1 4 5 5 5 5 5 2 2 2 2 2 5
 11 11 5 16 16 24 42 42 32 32 28 29 29 21 13 13 6 6 2 0 0 0 0 0 1 1 1 2 2 3 3 3 1 1 3 4 4 3 3 3 3 3 2 2 2 2
 11 11 5 16 16 24 42 42 32 32 28 29 29 21 13 13 6 6 2 0 0 0 0 0 1 1 1 2 2 3 3 3 1 1 3 4 4 3 3 3 3 3 2 2 2 2
 22 22 29 14 14 46 57 57 63 63 40 29 29 25 33 33 13 13 3 1 1 0 0 0 1 1 0 1 1 5 3 3 3 3 2 3 3 3 3 3 6 6 4 4 4 3
 20 20 13 29 29 27 70 70 65 65 113 49 49 20 16 16 14 14 3 1 1 1 1 1 2 2 1 0 0 4 5 5 3 3 2 3 3 4 3 3 4 4 3 13 13 5
 20 20 13 29 29 27 70 70 65 65 113 49 49 20 16 16 14 14 3 1 1 1 1 1 2 2 1 0 0 4 5 5 3 3 2 3 3 4 3 3 4 4 3 13 13 5
 54 54 48 20 20 27 79 79 51 51 43 30 30 22 13 13 7 7 10 2 2 1 0 0 1 1 1 1 1 1 2 2 2 2 2 3 3 3 3 3 2 2 1 4 4 9
 48 48 31 29 29 42 62 62 47 47 83 37 37 28 22 22 10 10 6 2 2 1 0 0 0 0 0 0 0 1 1 1 2 2 2 3 3 4 4 4 4 4 4 2 2 4
 48 48 31 29 29 42 62 62 47 47 83 37 37 28 22 22 10 10 6 2 2 1 0 0 0 0 0 0 0 1 1 1 2 2 2 3 3 4 4 4 4 4 4 2 2 4
 26 26 22 28 28 51 54 54 53 53 46 34 34 36 26 26 18 18 13 3 3 2 2 2 1 1 0 0 0 2 2 2 1 1 3 3 3 3 3 3 4 4 2 2 2 1
 26 26 22 28 28 51 54 54 53 53 46 34 34 36 26 26 18 18 13 3 3 2 2 2 1 1 0 0 0 2 2 2 1 1 3 3 3 3 3 3 4 4 2 2 2 1
 18 18 17 16 16 15 43 43 47 47 40 36 36 18 51 51 16 16 25 7 7 4 4 4 1 1 1 1 1 1 1 1 2 2 4 3 3 2 2 2 2 2 2 2 2 1
 8 8 12 19 19 7 25 25 37 37 33 24 24 18 52 52 13 13 19 10 10 4 4 4 1 1 0 1 1 0 1 1 1 1 1 2 2 2 2 2 1 1 1 1 1 1
 8 8 12 19 19 7 25 25 37 37 33 24 24 18 52 52 13 13 19 10 10 4 4 4 1 1 0 1 1 0 1 1 1 1 1 2 2 2 2 2 1 1 1 1 1 1
 7 7 10 7 7 6 7 7 17 17 13 14 14 14 20 20 9 9 12 8 8 10 5 5 1 1 1 1 1 0 1 1 0 0 1 1 1 1 2 2 1 1 1 1 1 1
 3 3 4 4 4 4 5 5 7 7 8 8 8 10 14 14 6 6 9 6 6 5 7 7 1 1 0 0 0 0 0 0 0 0 0 1 1 1 0 0 0 0 1 0 0 1
