assets/RAT_results/precipitation/2017-10-13_IMERG.asc
ncols        46
nrows        77
xllcorner    74.800261325624
yllcorner    8.058333333333
cellsize     0.062500000000
NODATA_value -9999
 7 7 4 4 4 10 18 18 17 17 7 20 20 10 4 4 3 3 6 5 5 7 4 4 7 7 4 5 5 12 10 10 8 8 11 7 7 4 5 5 8 8 3 3 3 5
 6 6 4 8 8 6 11 11 9 9 5 4 4 6 4 4 3 3 5 5 5 5 9 9 7 7 2 3 3 6 8 8 10 10 9 8 8 7 3 3 2 2 3 2 2 3
 6 6 4 8 8 6 11 11 9 9 5 4 4 6 4 4 3 3 5 5 5 5 9 9 7 7 2 3 3 6 8 8 10 10 9 8 8 7 3 3 2 2 3 2 2 3
 5 5 6 6 6 4 5 5 5 5 6 7 7 5 4 4 8 8 7 5 5 4 5 5 3 3 1 2 2 1 2 2 2 2 3 1 1 6 2 2 1 1 5 6 6 7
 3 3 6 6 6 3 5 5 7 7 4 12 12 16 4 4 5 5 6 3 3 4 3 3 3 3 2 1 1 1 1 1 2 2 2 1 1 0 5 5 1 1 5 5 5 9
 3 3 6 6 6 3 5 5 7 7 4 12 12 16 4 4 5 5 6 3 3 4 3 3 3 3 2 1 1 1 1 1 2 2 2 1 1 0 5 5 1 1 5 5 5 9
 3 3 4 6 6 6 5 5 6 6 7 21 21 20 10 10 2 2 1 3 3 2 3 3 2 2 2 2 2 2 2 2 2 2 0 0 0 4 0 0 1 1 1 3 3 4
 3 3 4 6 6 6 5 5 6 6 7 21 21 20 10 10 2 2 1 3 3 2 3 3 2 2 2 2 2 2 2 2 2 2 0 0 0 4 0 0 1 1 1 3 3 4
 8 8 7 7 7 9 6 6 11 11 6 20 20 11 9 9 18 18 13 1 1 0 1 1 1 1 0 3 3 5 4 4 2 2 2 0 0 0 1 1 1 1 1 4 4 5
 7 7 8 8 8 12 13 13 10 10 9 14 14 13 13 13 7 7 0 2 2 2 1 1 1 1 1 5 5 6 6 6 2 2 0 0 0 1 0 0 1 1 1 4 4 7
 7 7 8 8 8 12 13 13 10 10 9 14 14 13 13 13 7 7 0 2 2 2 1 1 1 1 1 5 5 6 6 6 2 2 0 0 0 1 0 0 1 1 1 4 4 7
 28 28 12 8 8 12 15 15 11 11 12 21 21 19 15 15 4 4 5 3 3 4 4 4 4 4 6 4 4 5 6 6 0 0 0 1 1 0 1 1 1 1 1 2 2 2
 7 7 4 6 6 11 13 13 13 13 11 11 11 10 5 5 8 8 6 3 3 6 5 5 3 3 2 3 3 2 1 1 1 1 1 1 1 2 1 1 3 3 2 1 1 1
 7 7 4 6 6 11 13 13 13 13 11 11 11 10 5 5 8 8 6 3 3 6 5 5 3 3 2 3 3 2 1 1 1 1 1 1 1 2 1 1 3 3 2 1 1 1
 4 4 5 6 6 15 13 13 12 12 10 7 7 5 5 5 6 6 3 6 6 5 4 4 2 2 2 3 3 2 2 2 1 1 2 3 3 4 6 6 6 6 3 2 2 0
 4 4 5 6 6 15 13 13 12 12 10 7 7 5 5 5 6 6 3 6 6 5 4 4 2 2 2 3 3 2 2 2 1 1 2 3 3 4 6 6 6 6 3 2 2 0
 6 6 6 12 12 12 9 9 13 13 11 5 5 6 9 9 8 8 9 5 5 5 2 2 2 2 3 2 2 7 2 2 0 0 1 1 1 4 5 5 3 3 3 2 2 0
 9 9 17 12 12 7 10 10 13 13 11 13 13 14 13 13 11 11 17 4 4 7 3 3 6 6 4 4 4 7 3 3 4 4 5 4 4 7 5 5 12 12 6 3 3 3
 9 9 17 12 12 7 10 10 13 13 11 13 13 14 13 13 11 11 17 4 4 7 3 3 6 6 4 4 4 7 3 3 4 4 5 4 4 7 5 5 12 12 6 3 3 3
 11 11 25 15 15 7 7 7 12 12 9 14 14 17 21 21 36 36 16 12 12 12 20 20 13 13 11 5 5 7 3 3 6 6 3 1 1 4 7 7 4 4 2 5 5 0
 18 18 18 10 10 8 9 9 10 10 12 15 15 24 22 22 23 23 27 25 25 15 21 21 11 11 14 5 5 8 9 9 2 2 3 1 1 0 1 1 1 1 2 0 0 1
 18 18 18 10 10 8 9 9 10 10 12 15 15 24 22 22 23 23 27 25 25 15 21 21 11 11 14 5 5 8 9 9 2 2 3 1 1 0 1 1 1 1 2 0 0 1
 12 12 15 16 16 16 15 15 26 26 20 34 34 21 23 23 28 28 38 19 19 18 20 20 18 18 13 10 10 8 4 4 7 7 7 5 5 1 2 2 2 2 1 2 2 1
 12 12 15 16 16 16 15 15 26 26 20 34 34 21 23 23 28 28 38 19 19 18 20 20 18 18 13 10 10 8 4 4 7 7 7 5 5 1 2 2 2 2 1 2 2 1
 8 8 13 11 11 16 25 25 26 26 23 22 22 30 23 23 27 27 35 32 32 20 20 20 21 21 21 10 10 11 6 6 6 6 3 1 1 2 5 5 5 5 19 7 7 7
 8 8 19 14 14 11 25 25 29 29 21 14 14 22 22 22 19 19 35 27 27 21 18 18 16 16 8 9 9 9 5 5 3 3 9 3 3 7 6 6 11 11 14 12 12 12
 8 8 19 14 14 11 25 25 29 29 21 14 14 22 22 22 19 19 35 27 27 21 18 18 16 16 8 9 9 9 5 5 3 3 9 3 3 7 6 6 11 11 14 12 12 12
 17 17 17 11 11 16 15 15 23 23 13 6 6 24 20 20 17 17 19 29 29 18 23 23 14 14 9 5 5 6 6 6 6 6 8 8 8 13 13 13 13 13 16 13 13 12
 11 11 12 17 17 19 14 14 18 18 10 9 9 14 13 13 14 14 18 34 34 47 23 23 10 10 10 5 5 7 8 8 7 7 23 13 13 12 17 17 17 17 18 19 19 12
 11 11 12 17 17 19 14 14 18 18 10 9 9 14 13 13 14 14 18 34 34 47 23 23 10 10 10 5 5 7 8 8 7 7 23 13 13 12 17 17 17 17 18 19 19 12
 16 16 14 16 16 16 18 18 17 17 13 12 12 14 12 12 20 20 14 17 17 35 24 24 11 11 11 7 7 6 5 5 11 11 12 9 9 7 10 10 13 13 13 9 9 13
 16 16 14 16 16 16 18 18 17 17 13 12 12 14 12 12 20 20 14 17 17 35 24 24 11 11 11 7 7 6 5 5 11 11 12 9 9 7 10 10 13 13 13 9 9 13
 27 27 23 26 26 22 21 21 16 16 13 10 10 8 14 14 17 17 14 18 18 13 14 14 15 15 15 15 15 10 11 11 11 11 9 7 7 6 8 8 11 11 9 9 9 13
 36 36 27 21 21 14 14 14 16 16 13 12 12 10 14 14 15 15 11 9 9 10 13 13 13 13 9 10 10 14 9 9 6 6 6 4 4 6 8 8 9 9 8 7 7 10
 36 36 27 21 21 14 14 14 16 16 13 12 12 10 14 14 15 15 11 9 9 10 13 13 13 13 9 10 10 14 9 9 6 6 6 4 4 6 8 8 9 9 8 7 7 10
 32 32 35 18 18 14 13 13 13 13 14 12 12 12 17 17 11 11 9 12 12 10 40 40 15 15 7 9 9 8 4 4 7 7 3 8 8 5 7 7 6 6 6 12 12 11
 17 17 13 11 11 30 14 14 11 11 12 9 9 10 12 12 6 6 7 25 25 18 19 19 21 21 18 17 17 13 9 9 7 7 13 26 26 46 12 12 6 6 6 10 10 11
 17 17 13 11 11 30 14 14 11 11 12 9 9 10 12 12 6 6 7 25 25 18 19 19 21 21 18 17 17 13 9 9 7 7 13 26 26 46 12 12 6 6 6 10 10 11
 18 18 11 12 12 12 9 9 8 8 8 14 14 13 7 7 8 8 11 24 24 22 18 18 20 20 25 19 19 12 9 9 16 16 16 14 14 4 5 5 6 6 7 8 8 10
 18 18 11 12 12 12 9 9 8 8 8 14 14 13 7 7 8 8 11 24 24 22 18 18 20 20 25 19 19 12 9 9 16 16 16 14 14 4 5 5 6 6 7 8 8 10
 19 19 11 9 9 6 7 7 9 9 5 13 13 14 7 7 16 16 20 17 17 15 13 13 21 21 20 17 17 15 16 16 6 6 3 11 11 8 3 3 7 7 8 6 6 9
 80 80 63 16 16 12 10 10 9 9 24 22 22 22 17 17 19 19 9 7 7 12 14 14 16 16 62 17 17 19 18 18 13 13 16 13 13 13 11 11 9 9 9 10 10 7
 80 80 63 16 16 12 10 10 9 9 24 22 22 22 17 17 19 19 9 7 7 12 14 14 16 16 62 17 17 19 18 18 13 13 16 13 13 13 11 11 9 9 9 10 10 7
 87 87 61 30 30 26 13 13 18 18 6 4 4 6 14 14 17 17 8 4 4 9 12 12 14 14 23 31 31 30 24 24 12 12 16 9 9 16 23 23 17 17 11 7 7 5
 94 94 60 50 50 43 12 12 15 15 5 7 7 4 4 4 4 4 2 4 4 7 15 15 18 18 26 24 24 28 25 25 19 19 14 21 21 20 24 24 22 22 8 4 4 1
 94 94 60 50 50 43 12 12 15 15 5 7 7 4 4 4 4 4 2 4 4 7 15 15 18 18 26 24 24 28 25 25 19 19 14 21 21 20 24 24 22 22 8 4 4 1
 59 59 76 52 52 21 22 22 17 17 10 12 12 21 16 16 13 13 4 4 4 5 6 6 12 12 16 19 19 23 23 23 27 27 19 17 17 18 16 16 23 23 30 6 6 6
 59 59 76 52 52 21 22 22 17 17 10 12 12 21 16 16 13 13 4 4 4 5 6 6 12 12 16 19 19 23 23 23 27 27 19 17 17 18 16 16 23 23 30 6 6 6
 68 68 65 43 43 35 24 24 19 19 24 18 18 24 28 28 18 18 17 3 3 5 6 6 10 10 12 18 18 21 25 25 24 24 20 16 16 15 16 16 19 19 29 10 10 10
 46 46 35 45 45 27 33 33 19 19 28 23 23 25 28 28 14 14 9 2 2 9 5 5 19 19 11 16 16 30 26 26 30 30 15 14 14 14 15 15 9 9 8 9 9 9
 46 46 35 45 45 27 33 33 19 19 28 23 23 25 28 28 14 14 9 2 2 9 5 5 19 19 11 16 16 30 26 26 30 30 15 14 14 14 15 15 9 9 8 9 9 9
 30 30 30 30 30 32 22 22 21 21 23 18 18 19 21 21 6 6 7 6 6 9 14 14 14 14 13 26 26 29 18 18 16 16 16 5 5 8 10 10 11 11 16 10 10 9
 47 47 27 31 31 33 18 18 18 18 31 15 15 18 13 13 6 6 6 6 6 8 13 13 8 8 10 9 9 11 11 11 13 13 11 19 19 6 12 12 6 6 14 10 10 8
 47 47 27 31 31 33 18 18 18 18 31 15 15 18 13 13 6 6 6 6 6 8 13 13 8 8 10 9 9 11 11 11 13 13 11 19 19 6 12 12 6 6 14 10 10 8
 21 21 24 34 34 31 34 34 26 26 15 12 12 12 8 8 6 6 3 4 4 5 9 9 9 9 9 8 8 8 15 15 30 30 13 8 8 16 4 4 6 6 3 6 6 3
 21 21 24 34 34 31 34 34 26 26 15 12 12 12 8 8 6 6 3 4 4 5 9 9 9 9 9 8 8 8 15 15 30 30 13 8 8 16 4 4 6 6 3 6 6 3
 17 17 28 34 34 36 38 38 29 29 26 13 13 13 8 8 6 6 4 5 5 6 13 13 10 10 9 5 5 10 17 17 21 21 30 18 18 15 10 10 10 10 3 3 3 2
 20 20 26 32 32 30 33 33 29 29 22 16 16 12 12 12 21 21 14 7 7 5 13 13 12 12 6 8 8 5 19 19 33 33 34 36 36 20 18 18 12 12 14 15 15 2
 20 20 26 32 32 30 33 33 29 29 22 16 16 12 12 12 21 21 14 7 7 5 13 13 12 12 6 8 8 5 19 19 33 33 34 36 36 20 18 18 12 12 14 15 15 2
 42 42 36 32 32 46 66 66 36 36 38 29 29 23 23 23 14 14 9 8 8 5 4 4 6 6 5 8 8 7 6 6 17 17 42 19 19 33 19 19 15 15 2 1 1 1
 64 64 45 57 57 57 64 64 57 57 45 35 35 34 27 27 27 27 5 3 3 3 5 5 10 10 6 7 7 9 6 6 13 13 8 22 22 25 22 22 15 15 6 1 1 1
 64 64 45 57 57 57 64 64 57 57 45 35 35 34 27 27 27 27 5 3 3 3 5 5 10 10 6 7 7 9 6 6 13 13 8 22 22 25 22 22 15 15 6 1 1 1
 57 57 94 42 42 60 66 66 89 89 77 43 43 32 18 18 6 6 4 4 4 6 4 4 5 5 7 7 7 7 14 14 32 32 6 2 2 10 12 12 19 19 1 2 2 1
 57 57 94 42 42 60 66 66 89 89 77 43 43 32 18 18 6 6 4 4 4 6 4 4 5 5 7 7 7 7 14 14 32 32 6 2 2 10 12 12 19 19 1 2 2 1
 79 79 65 57 57 53 61 61 111 111 110 97 97 49 39 39 17 17 8 7 7 6 6 6 12 12 10 9 9 9 13 13 10 10 1 16 16 6 11 11 13 13 5 1 1 2
 52 52 56 70 70 64 39 39 74 74 104 80 80 51 44 44 30 30 44 9 9 8 10 10 10 10 9 11 11 13 15 15 6 6 3 1 1 6 8 8 12 12 8 4 4 1
 52 52 56 70 70 64 39 39 74 74 104 80 80 51 44 44 30 30 44 9 9 8 10 10 10 10 9 11 11 13 15 15 6 6 3 1 1 6 8 8 12 12 8 4 4 1
 47 47 56 65 65 55 48 48 58 58 74 112 112 94 114 114 116 116 31 19 19 8 11 11 8 8 5 15 15 18 22 22 20 20 4 2 2 13 5 5 8 8 5 4 4 2
 42 42 49 72 72 60 77 77 85 85 58 72 72 70 124 124 117 117 102 46 46 56 15 15 18 18 5 14 14 33 35 35 28 28 23 15 15 5 5 5 4 4 8 5 5 4
 42 42 49 72 72 60 77 77 85 85 58 72 72 70 124 124 117 117 102 46 46 56 15 15 18 18 5 14 14 33 35 35 28 28 23 15 15 5 5 5 4 4 8 5 5 4
 48 48 50 93 93 68 89 89 100 100 88 77 77 83 82 82 75 75 88 57 57 77 17 17 19 19 15 14 14 21 26 26 29 29 27 7 7 5 3 3 3 3 6 8 8 4
 48 48 50 93 93 68 89 89 100 100 88 77 77 83 82 82 75 75 88 57 57 77 17 17 19 19 15 14 14 21 26 26 29 29 27 7 7 5 3 3 3 3 6 8 8 4
 43 43 53 71 71 78 105 105 81 81 62 59 59 49 67 67 84 84 77 91 91 79 74 74 41 41 20 26 26 11 22 22 14 14 31 13 13 8 8 8 5 5 5 4 4 4
 31 31 40 50 50 56 88 88 81 81 62 72 72 72 52 52 76 76 63 80 80 74 54 54 37 37 23 24 24 19 15 15 14 14 16 15 15 15 11 11 8 8 5 5 5 3
 31 31 40 50 50 56 88 88 81 81 62 72 72 72 52 52 76 76 63 80 80 74 54 54 37 37 23 24 24 19 15 15 14 14 16 15 15 15 11 11 8 8 5 5 5 3
 31 31 39 48 48 56 73 73 87 87 97 102 102 69 70 70 32 32 41 33 33 77 57 57 20 20 21 20 20 18 20 20 23 23 14 12 12 11 14 14 11 11 6 4 4 4
 41 41 30 35 35 57 65 65 61 61 100 139 139 75 60 60 48 48 51 30 30 21 20 20 16 16 33 19 19 16 23 23 29 29 35 17 17 14 16 16 9 9 5 4 4 4
