assets/RAT_results/precipitation/2017-06-23_IMERG.asc
ncols        46
nrows        77
xllcorner    74.800261325624
yllcorner    8.058333333333
cellsize     0.062500000000
NODATA_value -9999
 14 14 22 16 16 12 12 12 25 25 15 14 14 12 6 6 1 1 3 2 2 1 0 0 1 1 1 0 0 0 0 0 0 0 0 0 0 0 0 0 0 0 0 0 0 0
 28 28 31 19 19 11 15 15 23 23 9 16 16 19 13 13 17 17 4 7 7 0 0 0 0 0 0 0 0 0 0 0 0 0 0 0 0 0 0 0 0 0 0 0 0 0
 28 28 31 19 19 11 15 15 23 23 9 16 16 19 13 13 17 17 4 7 7 0 0 0 0 0 0 0 0 0 0 0 0 0 0 0 0 0 0 0 0 0 0 0 0 0
 26 26 21 17 17 15 24 24 33 33 21 32 32 19 38 38 17 17 12 1 1 0 0 0 1 1 0 0 0 1 0 0 0 0 0 0 0 0 0 0 0 0 0 0 0 0
 19 19 23 29 29 29 20 20 26 26 21 16 16 12 30 30 14 14 9 1 1 0 1 1 0 0 0 0 0 0 0 0 0 0 0 0 0 0 0 0 0 0 0 0 0 0
 19 19 23 29 29 29 20 20 26 26 21 16 16 12 30 30 14 14 9 1 1 0 1 1 0 0 0 0 0 0 0 0 0 0 0 0 0 0 0 0 0 0 0 0 0 0
 25 25 16 27 27 24 126 126 22 22 12 9 9 5 5 5 8 8 0 0 0 0 0 0 0 0 0 0 0 0 0 0 0 0 0 0 0 0 0 0 0 0 0 0 0 0
 25 25 16 27 27 24 126 126 22 22 12 9 9 5 5 5 8 8 0 0 0 0 0 0 0 0 0 0 0 0 0 0 0 0 0 0 0 0 0 0 0 0 0 0 0 0
 23 23 26 22 22 16 15 15 17 17 7 9 9 8 2 2 1 1 0 0 0 0 0 0 0 0 0 0 0 0 0 0 0 0 0 0 0 0 0 0 0 0 0 0 0 0
 20 20 10 15 15 10 13 13 15 15 9 12 12 7 2 2 6 6 0 0 0 0 0 0 0 0 0 0 0 0 0 0 0 0 0 0 0 0 0 0 0 0 0 0 0 0
 20 20 10 15 15 10 13 13 15 15 9 12 12 7 2 2 6 6 0 0 0 0 0 0 0 0 0 0 0 0 0 0 0 0 0 0 0 0 0 0 0 0 0 0 0 0
 17 17 9 12 12 15 12 12 10 10 13 7 7 6 6 6 6 6 1 0 0 0 0 0 0 0 3 3 3 0 0 0 0 0 0 0 0 0 0 0 0 0 0 0 0 0
 14 14 9 11 11 13 19 19 14 14 15 10 10 23 17 17 24 24 3 0 0 0 0 0 0 0 0 0 0 0 0 0 0 0 0 0 0 0 0 0 0 0 0 0 0 0
 14 14 9 11 11 13 19 19 14 14 15 10 10 23 17 17 24 24 3 0 0 0 0 0 0 0 0 0 0 0 0 0 0 0 0 0 0 0 0 0 0 0 0 0 0 0
 21 21 11 8 8 4 11 11 13 13 14 11 11 13 21 21 5 5 7 3 3 0 0 0 0 0 0 0 0 0 0 0 0 0 0 0 0 0 0 0 0 0 0 0 0 0
 21 21 11 8 8 4 11 11 13 13 14 11 11 13 21 21 5 5 7 3 3 0 0 0 0 0 0 0 0 0 0 0 0 0 0 0 0 0 0 0 0 0 0 0 0 0
 13 13 16 10 10 8 13 13 20 20 14 9 9 18 6 6 13 13 10 48 48 3 0 0 0 0 0 0 0 0 0 0 1 1 0 0 0 0 1 1 3 3 0 0 0 0
 16 16 13 13 13 11 13 13 13 13 15 23 23 11 33 33 19 19 16 8 8 27 2 2 0 0 0 0 0 0 0 0 0 0 0 0 0 1 0 0 1 1 0 0 0 0
 16 16 13 13 13 11 13 13 13 13 15 23 23 11 33 33 19 19 16 8 8 27 2 2 0 0 0 0 0 0 0 0 0 0 0 0 0 1 0 0 1 1 0 0 0 0
 14 14 17 15 15 12 13 13 11 11 19 19 19 13 20 20 10 10 8 19 19 7 2 2 1 1 6 11 11 2 0 0 0 0 0 0 0 0 1 1 0 0 0 4 4 4
 12 12 14 19 19 21 19 19 19 19 20 22 22 18 19 19 31 31 30 21 21 18 2 2 2 2 4 4 4 2 1 1 0 0 0 2 2 1 1 1 0 0 2 5 5 27
 12 12 14 19 19 21 19 19 19 19 20 22 22 18 19 19 31 31 30 21 21 18 2 2 2 2 4 4 4 2 1 1 0 0 0 2 2 1 1 1 0 0 2 5 5 27
 10 10 12 20 20 21 21 21 39 39 32 21 21 21 24 24 41 41 49 30 30 10 3 3 3 3 7 8 8 8 4 4 2 2 3 1 1 5 3 3 7 7 4 6 6 6
 10 10 12 20 20 21 21 21 39 39 32 21 21 21 24 24 41 41 49 30 30 10 3 3 3 3 7 8 8 8 4 4 2 2 3 1 1 5 3 3 7 7 4 6 6 6
 9 9 12 18 18 20 25 25 23 23 28 49 49 24 22 22 19 19 17 26 26 12 3 3 5 5 5 7 7 6 15 15 2 2 2 1 1 2 9 9 11 11 10 0 0 1
 9 9 8 9 9 14 17 17 24 24 21 21 21 18 28 28 27 27 28 34 34 31 23 23 27 27 7 6 6 7 0 0 0 0 0 1 1 0 1 1 2 2 10 1 1 0
 9 9 8 9 9 14 17 17 24 24 21 21 21 18 28 28 27 27 28 34 34 31 23 23 27 27 7 6 6 7 0 0 0 0 0 1 1 0 1 1 2 2 10 1 1 0
 7 7 8 8 8 11 23 23 24 24 20 19 19 21 23 23 34 34 33 29 29 38 53 53 35 35 1 2 2 0 0 0 0 0 0 3 3 1 0 0 1 1 0 0 0 0
 7 7 6 7 7 8 19 19 18 18 23 18 18 30 33 33 53 53 46 32 32 32 23 23 19 19 11 2 2 0 0 0 0 0 0 0 0 2 0 0 0 0 0 0 0 0
 7 7 6 7 7 8 19 19 18 18 23 18 18 30 33 33 53 53 46 32 32 32 23 23 19 19 11 2 2 0 0 0 0 0 0 0 0 2 0 0 0 0 0 0 0 0
 6 6 5 7 7 8 13 13 18 18 20 17 17 21 31 31 56 56 54 27 27 11 24 24 12 12 6 2 2 0 0 0 0 0 0 0 0 0 0 0 0 0 0 0 0 0
 6 6 5 7 7 8 13 13 18 18 20 17 17 21 31 31 56 56 54 27 27 11 24 24 12 12 6 2 2 0 0 0 0 0 0 0 0 0 0 0 0 0 0 0 0 0
 4 4 5 7 7 7 9 9 12 12 15 21 21 19 28 28 59 59 67 65 65 39 28 28 13 13 7 1 1 1 3 3 1 1 0 0 0 0 0 0 0 0 1 1 1 0
 7 7 4 7 7 8 7 7 9 9 9 18 18 22 29 29 36 36 63 59 59 57 36 36 22 22 12 13 13 5 1 1 2 2 1 1 1 0 0 0 1 1 1 1 1 0
 7 7 4 7 7 8 7 7 9 9 9 18 18 22 29 29 36 36 63 59 59 57 36 36 22 22 12 13 13 5 1 1 2 2 1 1 1 0 0 0 1 1 1 1 1 0
 10 10 11 7 7 12 13 13 8 8 10 9 9 14 20 20 24 24 31 68 68 57 55 55 39 39 29 27 27 21 3 3 10 10 4 1 1 1 1 1 0 0 0 0 0 0
 5 5 6 12 12 11 15 15 7 7 8 11 11 15 22 22 29 29 32 46 46 37 40 40 45 45 50 30 30 23 10 10 3 3 5 1 1 1 0 0 0 0 0 0 0 0
 5 5 6 12 12 11 15 15 7 7 8 11 11 15 22 22 29 29 32 46 46 37 40 40 45 45 50 30 30 23 10 10 3 3 5 1 1 1 0 0 0 0 0 0 0 0
 4 4 5 4 4 6 14 14 6 6 8 14 14 24 20 20 24 24 25 53 53 52 37 37 44 44 45 41 41 43 8 8 6 6 4 1 1 1 0 0 0 0 0 0 0 0
 4 4 5 4 4 6 14 14 6 6 8 14 14 24 20 20 24 24 25 53 53 52 37 37 44 44 45 41 41 43 8 8 6 6 4 1 1 1 0 0 0 0 0 0 0 0
 6 6 7 7 7 4 6 6 11 11 10 13 13 16 12 12 14 14 19 30 30 27 35 35 38 38 44 31 31 25 5 5 9 9 6 2 2 1 1 1 0 0 0 0 0 0
 8 8 8 6 6 8 8 8 15 15 25 12 12 12 13 13 11 11 20 24 24 21 25 25 35 35 30 31 31 27 22 22 24 24 22 7 7 5 3 3 1 1 1 1 1 1
 8 8 8 6 6 8 8 8 15 15 25 12 12 12 13 13 11 11 20 24 24 21 25 25 35 35 30 31 31 27 22 22 24 24 22 7 7 5 3 3 1 1 1 1 1 1
 6 6 6 7 7 12 13 13 21 21 34 20 20 14 10 10 11 11 8 20 20 30 26 26 19 19 20 27 27 33 43 43 21 21 29 15 15 10 3 3 1 1 0 0 0 0
 5 5 5 7 7 13 10 10 16 16 17 18 18 14 13 13 7 7 9 18 18 23 20 20 24 24 26 28 28 27 27 27 25 25 22 19 19 13 6 6 0 0 0 0 0 0
 5 5 5 7 7 13 10 10 16 16 17 18 18 14 13 13 7 7 9 18 18 23 20 20 24 24 26 28 28 27 27 27 25 25 22 19 19 13 6 6 0 0 0 0 0 0
 4 4 4 5 5 7 11 11 8 8 7 10 10 11 13 13 8 8 20 23 23 23 17 17 24 24 40 39 39 31 24 24 24 24 24 21 21 14 7 7 1 1 0 0 0 0
 4 4 4 5 5 7 11 11 8 8 7 10 10 11 13 13 8 8 20 23 23 23 17 17 24 24 40 39 39 31 24 24 24 24 24 21 21 14 7 7 1 1 0 0 0 0
 3 3 3 4 4 9 9 9 8 8 6 11 11 9 10 10 13 13 12 4 4 12 11 11 16 16 16 21 21 18 19 19 19 19 22 23 23 13 9 9 3 3 0 0 0 0
 1 1 2 1 1 4 6 6 5 5 6 7 7 7 6 6 8 8 9 16 16 6 9 9 16 16 14 18 18 21 43 43 26 26 14 18 18 6 6 6 3 3 1 0 0 0
 1 1 2 1 1 4 6 6 5 5 6 7 7 7 6 6 8 8 9 16 16 6 9 9 16 16 14 18 18 21 43 43 26 26 14 18 18 6 6 6 3 3 1 0 0 0
 1 1 1 1 1 1 3 3 3 3 2 6 6 5 2 2 4 4 9 23 23 7 12 12 10 10 12 9 9 15 25 25 25 25 11 5 5 6 5 5 5 5 2 1 1 1
 0 0 0 1 1 1 2 2 3 3 2 2 2 1 2 2 2 2 3 5 5 4 11 11 16 16 13 13 13 40 18 18 14 14 11 6 6 8 4 4 4 4 0 3 3 1
 0 0 0 1 1 1 2 2 3 3 2 2 2 1 2 2 2 2 3 5 5 4 11 11 16 16 13 13 13 40 18 18 14 14 11 6 6 8 4 4 4 4 0 3 3 1
 1 1 1 1 1 1 2 2 2 2 2 1 1 2 2 2 1 1 4 5 5 14 16 16 18 18 14 13 13 10 11 11 15 15 17 20 20 9 2 2 2 2 1 0 0 0
 1 1 1 1 1 1 2 2 2 2 2 1 1 2 2 2 1 1 4 5 5 14 16 16 18 18 14 13 13 10 11 11 15 15 17 20 20 9 2 2 2 2 1 0 0 0
 2 2 3 3 3 3 3 3 3 3 2 2 2 2 5 5 5 5 4 6 6 13 14 14 14 14 15 9 9 11 27 27 13 13 20 23 23 7 1 1 4 4 1 0 0 1
 9 9 9 8 8 7 5 5 2 2 3 2 2 2 5 5 7 7 4 17 17 24 28 28 17 17 10 8 8 4 16 16 11 11 29 18 18 6 4 4 3 3 1 0 0 0
 9 9 9 8 8 7 5 5 2 2 3 2 2 2 5 5 7 7 4 17 17 24 28 28 17 17 10 8 8 4 16 16 11 11 29 18 18 6 4 4 3 3 1 0 0 0
 11 11 13 10 10 9 5 5 3 3 2 5 5 4 7 7 3 3 54 54 54 22 26 26 18 18 7 8 8 6 15 15 12 12 8 9 9 3 3 3 3 3 1 0 0 0
 10 10 13 10 10 7 5 5 3 3 2 2 2 1 1 1 4 4 57 58 58 23 3 3 2 2 3 5 5 8 8 8 23 23 18 9 9 6 2 2 1 1 0 1 1 0
 10 10 13 10 10 7 5 5 3 3 2 2 2 1 1 1 4 4 57 58 58 23 3 3 2 2 3 5 5 8 8 8 23 23 18 9 9 6 2 2 1 1 0 1 1 0
 31 31 14 14 14 12 8 8 7 7 3 2 2 1 1 1 1 1 1 2 2 4 6 6 1 1 2 5 5 7 11 11 16 16 15 2 2 2 1 1 0 0 0 0 0 0
 31 31 14 14 14 12 8 8 7 7 3 2 2 1 1 1 1 1 1 2 2 4 6 6 1 1 2 5 5 7 11 11 16 16 15 2 2 2 1 1 0 0 0 0 0 0
 31 31 13 12 12 9 7 7 10 10 6 3 3 3 3 3 2 2 2 2 2 0 1 1 2 2 2 2 2 4 4 4 2 2 2 12 12 7 7 7 0 0 0 0 0 0
 11 11 21 16 16 13 9 9 6 6 7 8 8 6 5 5 4 4 3 3 3 0 0 0 7 7 3 3 3 3 5 5 3 3 2 6 6 9 10 10 4 4 1 0 0 0
 11 11 21 16 16 13 9 9 6 6 7 8 8 6 5 5 4 4 3 3 3 0 0 0 7 7 3 3 3 3 5 5 3 3 2 6 6 9 10 10 4 4 1 0 0 0
 11 11 13 30 30 30 15 15 10 10 11 13 13 10 12 12 7 7 7 8 8 8 4 4 4 4 1 2 2 5 3 3 4 4 2 5 5 9 13 13 2 2 0 0 0 0
 9 9 12 17 17 26 16 16 40 40 13 13 13 13 19 19 13 13 13 13 13 14 11 11 18 18 7 2 2 14 3 3 5 5 4 7 7 4 4 4 1 1 0 0 0 0
 9 9 12 17 17 26 16 16 40 40 13 13 13 13 19 19 13 13 13 13 13 14 11 11 18 18 7 2 2 14 3 3 5 5 4 7 7 4 4 4 1 1 0 0 0 0
 10 10 13 16 16 16 14 14 17 17 22 24 24 16 15 15 15 15 15 13 13 18 18 18 7 7 3 13 13 23 5 5 3 3 3 3 3 4 4 4 0 0 0 0 0 0
 10 10 13 16 16 16 14 14 17 17 22 24 24 16 15 15 15 15 15 13 13 18 18 18 7 7 3 13 13 23 5 5 3 3 3 3 3 4 4 4 0 0 0 0 0 0
 10 10 13 14 14 24 24 24 18 18 26 40 40 46 34 34 42 42 18 19 19 15 16 16 14 14 11 14 14 14 7 7 1 1 6 3 3 5 1 1 3 3 1 0 0 0
 10 10 10 30 30 36 24 24 39 39 32 46 46 50 51 51 40 40 28 23 23 13 12 12 11 11 14 13 13 6 6 6 11 11 7 5 5 3 2 2 1 1 0 2 2 0
 10 10 10 30 30 36 24 24 39 39 32 46 46 50 51 51 40 40 28 23 23 13 12 12 11 11 14 13 13 6 6 6 11 11 7 5 5 3 2 2 1 1 0 2 2 0
 9 9 20 21 21 42 50 50 36 36 36 32 32 34 54 54 51 51 30 21 21 11 8 8 9 9 9 9 9 11 1 1 5 5 6 5 5 1 0 0 1 1 0 1 1 1
 7 7 10 16 16 16 27 27 32 32 31 38 38 41 48 48 58 58 30 23 23 11 11 11 8 8 8 6 6 5 1 1 1 1 0 5 5 1 1 1 0 0 1 0 0 0
