assets/RAT_results/precipitation/2017-03-06_IMERG.asc
ncols        46
nrows        77
xllcorner    74.800261325624
yllcorner    8.058333333333
cellsize     0.062500000000
NODATA_value -9999
 0 0 0 0 0 0 0 0 0 0 0 0 0 0 0 0 0 0 0 0 0 0 0 0 10 10 10 13 13 5 0 0 0 0 0 0 0 0 0 0 0 0 0 1 1 1
 0 0 0 0 0 0 0 0 0 0 0 0 0 0 0 0 0 0 0 0 0 0 0 0 0 0 3 3 3 1 0 0 0 0 0 0 0 0 0 0 0 0 0 0 0 0
 0 0 0 0 0 0 0 0 0 0 0 0 0 0 0 0 0 0 0 0 0 0 0 0 0 0 3 3 3 1 0 0 0 0 0 0 0 0 0 0 0 0 0 0 0 0
 0 0 0 0 0 0 0 0 0 0 0 0 0 0 0 0 0 0 0 0 0 0 0 0 0 0 0 0 0 1 1 1 0 0 0 0 0 0 0 0 0 0 0 0 0 1
 0 0 0 0 0 0 0 0 0 0 0 2 2 0 0 0 0 0 0 0 0 0 0 0 0 0 0 1 1 1 0 0 0 0 0 0 0 0 0 0 0 0 0 0 0 0
 0 0 0 0 0 0 0 0 0 0 0 2 2 0 0 0 0 0 0 0 0 0 0 0 0 0 0 1 1 1 0 0 0 0 0 0 0 0 0 0 0 0 0 0 0 0
 0 0 0 0 0 0 0 0 0 0 0 0 0 0 0 0 0 0 0 0 0 0 0 0 0 0 0 1 1 0 0 0 0 0 0 0 0 0 0 0 0 0 0 0 0 0
 0 0 0 0 0 0 0 0 0 0 0 0 0 0 0 0 0 0 0 0 0 0 0 0 0 0 0 1 1 0 0 0 0 0 0 0 0 0 0 0 0 0 0 0 0 0
 0 0 0 0 0 0 0 0 0 0 0 0 0 0 0 0 0 0 0 0 0 1 3 3 3 3 1 1 1 0 0 0 0 0 0 0 0 0 0 0 0 0 0 0 0 0
 0 0 0 0 0 0 0 0 0 0 0 0 0 0 0 0 0 0 0 0 0 0 2 2 3 3 2 6 6 1 0 0 0 0 0 0 0 0 0 0 0 0 0 0 0 0
 0 0 0 0 0 0 0 0 0 0 0 0 0 0 0 0 0 0 0 0 0 0 2 2 3 3 2 6 6 1 0 0 0 0 0 0 0 0 0 0 0 0 0 0 0 0
 0 0 1 0 0 0 0 0 0 0 0 0 0 2 0 0 0 0 0 0 0 0 2 2 3 3 2 3 3 2 5 5 0 0 0 0 0 0 0 0 0 0 0 0 0 0
 0 0 0 0 0 0 0 0 1 1 0 0 0 0 0 0 0 0 0 0 0 0 1 1 3 3 5 7 7 7 16 16 1 1 0 0 0 0 0 0 0 0 0 0 0 2
 0 0 0 0 0 0 0 0 1 1 0 0 0 0 0 0 0 0 0 0 0 0 1 1 3 3 5 7 7 7 16 16 1 1 0 0 0 0 0 0 0 0 0 0 0 2
 0 0 0 0 0 0 0 0 0 0 0 0 0 0 0 0 0 0 0 0 0 0 5 5 7 7 8 14 14 22 39 39 2 2 0 0 0 0 0 0 0 0 0 2 2 2
 0 0 0 0 0 0 0 0 0 0 0 0 0 0 0 0 0 0 0 0 0 0 5 5 7 7 8 14 14 22 39 39 2 2 0 0 0 0 0 0 0 0 0 2 2 2
 0 0 0 0 0 0 0 0 0 0 0 0 0 0 0 0 0 0 0 0 0 3 6 6 9 9 12 7 7 7 5 5 2 2 0 0 0 0 0 0 0 0 0 1 1 0
 1 1 0 0 0 0 0 0 0 0 2 6 6 0 0 0 0 0 0 0 0 4 9 9 6 6 6 5 5 4 7 7 11 11 0 0 0 2 2 2 4 4 4 1 1 1
 1 1 0 0 0 0 0 0 0 0 2 6 6 0 0 0 0 0 0 0 0 4 9 9 6 6 6 5 5 4 7 7 11 11 0 0 0 2 2 2 4 4 4 1 1 1
 0 0 0 0 0 0 1 1 0 0 0 1 1 0 0 0 0 0 0 0 0 0 0 0 0 0 0 1 1 1 4 4 0 0 0 0 0 4 2 2 4 4 4 3 3 3
 0 0 0 0 0 1 1 1 1 1 0 0 0 0 0 0 1 1 0 0 0 0 2 2 0 0 0 0 0 1 12 12 15 15 2 1 1 4 36 36 38 38 5 5 5 5
 0 0 0 0 0 1 1 1 1 1 0 0 0 0 0 0 1 1 0 0 0 0 2 2 0 0 0 0 0 1 12 12 15 15 2 1 1 4 36 36 38 38 5 5 5 5
 0 0 0 1 1 1 1 1 1 1 0 0 0 0 0 0 1 1 2 0 0 1 2 2 0 0 2 3 3 4 30 30 14 14 15 10 10 5 27 27 30 30 7 6 6 4
 0 0 0 1 1 1 1 1 1 1 0 0 0 0 0 0 1 1 2 0 0 1 2 2 0 0 2 3 3 4 30 30 14 14 15 10 10 5 27 27 30 30 7 6 6 4
 0 0 0 1 1 1 1 1 1 1 1 10 10 0 0 0 1 1 0 0 0 0 1 1 7 7 8 18 18 11 8 8 3 3 2 1 1 5 28 28 29 29 19 9 9 4
 1 1 0 1 1 1 1 1 27 27 1 14 14 10 6 6 2 2 1 1 1 1 13 13 15 15 30 23 23 24 1 1 1 1 0 1 1 1 2 2 30 30 0 2 2 0
 1 1 0 1 1 1 1 1 27 27 1 14 14 10 6 6 2 2 1 1 1 1 13 13 15 15 30 23 23 24 1 1 1 1 0 1 1 1 2 2 30 30 0 2 2 0
 1 1 0 1 1 1 1 1 27 27 27 20 20 27 27 27 13 13 12 2 2 1 0 0 29 29 22 36 36 13 8 8 0 0 3 0 0 1 0 0 0 0 0 0 0 0
 1 1 1 1 1 3 3 3 6 6 74 21 21 45 45 45 30 30 23 5 5 7 5 5 40 40 60 29 29 28 12 12 0 0 1 0 0 0 0 0 0 0 0 1 1 0
 1 1 1 1 1 3 3 3 6 6 74 21 21 45 45 45 30 30 23 5 5 7 5 5 40 40 60 29 29 28 12 12 0 0 1 0 0 0 0 0 0 0 0 1 1 0
 0 0 0 1 1 3 3 3 5 5 76 79 79 81 36 36 45 45 63 13 13 8 4 4 14 14 46 26 26 19 2 2 2 2 2 1 1 3 2 2 0 0 0 7 7 1
 0 0 0 1 1 3 3 3 5 5 76 79 79 81 36 36 45 45 63 13 13 8 4 4 14 14 46 26 26 19 2 2 2 2 2 1 1 3 2 2 0 0 0 7 7 1
 0 0 0 1 1 2 1 1 1 1 48 27 27 27 19 19 29 29 43 12 12 0 1 1 9 9 20 8 8 6 32 32 7 7 2 4 4 4 2 2 6 6 0 2 2 2
 0 0 2 2 2 1 1 1 1 1 50 27 27 31 43 43 44 44 39 2 2 3 3 3 11 11 2 0 0 3 2 2 4 4 4 5 5 22 14 14 4 4 1 1 1 2
 0 0 2 2 2 1 1 1 1 1 50 27 27 31 43 43 44 44 39 2 2 3 3 3 11 11 2 0 0 3 2 2 4 4 4 5 5 22 14 14 4 4 1 1 1 2
 0 0 2 2 2 2 1 1 4 4 3 1 1 1 38 38 37 37 40 3 3 2 5 5 11 11 12 16 16 14 21 21 4 4 5 12 12 40 23 23 1 1 5 6 6 2
 0 0 3 2 2 2 2 2 1 1 1 57 57 1 36 36 36 36 37 5 5 4 4 4 0 0 5 4 4 18 48 48 18 18 28 79 79 25 37 37 2 2 6 11 11 27
 0 0 3 2 2 2 2 2 1 1 1 57 57 1 36 36 36 36 37 5 5 4 4 4 0 0 5 4 4 18 48 48 18 18 28 79 79 25 37 37 2 2 6 11 11 27
 2 2 0 3 3 3 3 3 1 1 1 58 58 35 33 33 9 9 34 2 2 1 1 1 2 2 21 3 3 29 42 42 48 48 62 84 84 55 68 68 15 15 39 42 42 85
 2 2 0 3 3 3 3 3 1 1 1 58 58 35 33 33 9 9 34 2 2 1 1 1 2 2 21 3 3 29 42 42 48 48 62 84 84 55 68 68 15 15 39 42 42 85
 3 3 0 3 3 3 4 4 3 3 34 35 35 35 34 34 18 18 26 39 39 32 29 29 11 11 24 29 29 42 74 74 65 65 102 90 90 79 81 81 81 81 122 102 102 108
 1 1 5 5 5 2 3 3 4 4 38 37 37 37 36 36 59 59 40 33 33 37 30 30 37 37 31 24 24 48 106 106 78 78 71 85 85 81 62 62 59 59 32 79 79 133
 1 1 5 5 5 2 3 3 4 4 38 37 37 37 36 36 59 59 40 33 33 37 30 30 37 37 31 24 24 48 106 106 78 78 71 85 85 81 62 62 59 59 32 79 79 133
 3 3 2 2 2 4 7 7 10 10 22 36 36 35 54 54 76 76 117 104 104 115 112 112 111 111 114 24 24 57 52 52 76 76 75 73 73 85 45 45 53 53 15 86 86 103
 3 3 2 2 2 25 5 5 13 13 37 38 38 40 70 70 75 75 89 90 90 114 133 133 113 113 91 38 38 35 62 62 62 62 132 75 75 70 16 16 9 9 25 82 82 74
 3 3 2 2 2 25 5 5 13 13 37 38 38 40 70 70 75 75 89 90 90 114 133 133 113 113 91 38 38 35 62 62 62 62 132 75 75 70 16 16 9 9 25 82 82 74
 1 1 0 1 1 25 7 7 11 11 41 45 45 46 109 109 104 104 140 105 105 125 106 106 98 98 30 48 48 62 131 131 94 94 101 57 57 41 31 31 4 4 6 26 26 65
 1 1 0 1 1 25 7 7 11 11 41 45 45 46 109 109 104 104 140 105 105 125 106 106 98 98 30 48 48 62 131 131 94 94 101 57 57 41 31 31 4 4 6 26 26 65
 1 1 1 6 6 8 8 8 26 26 24 43 43 87 109 109 118 118 136 117 117 112 62 62 31 31 33 53 53 60 134 134 144 144 133 44 44 33 33 33 19 19 4 7 7 46
 1 1 1 7 7 12 10 10 20 20 23 42 42 87 108 108 147 147 150 147 147 124 54 54 31 31 24 21 21 103 105 105 92 92 98 48 48 47 30 30 27 27 21 11 11 21
 1 1 1 7 7 12 10 10 20 20 23 42 42 87 108 108 147 147 150 147 147 124 54 54 31 31 24 21 21 103 105 105 92 92 98 48 48 47 30 30 27 27 21 11 11 21
 1 1 4 6 6 17 10 10 16 16 48 51 51 80 108 108 166 166 149 141 141 120 70 70 32 32 11 18 18 67 67 67 89 89 118 39 39 22 59 59 63 63 17 18 18 18
 2 2 4 4 4 14 44 44 43 43 44 46 46 90 88 88 139 139 79 90 90 97 24 24 23 23 9 22 22 12 40 40 94 94 40 44 44 13 5 5 12 12 22 19 19 37
 2 2 4 4 4 14 44 44 43 43 44 46 46 90 88 88 139 139 79 90 90 97 24 24 23 23 9 22 22 12 40 40 94 94 40 44 44 13 5 5 12 12 22 19 19 37
 2 2 4 4 4 14 38 38 39 39 39 40 40 41 117 117 132 132 99 73 73 36 24 24 22 22 5 10 10 16 21 21 57 57 43 24 24 14 1 1 1 1 1 12 12 30
 2 2 4 4 4 14 38 38 39 39 39 40 40 41 117 117 132 132 99 73 73 36 24 24 22 22 5 10 10 16 21 21 57 57 43 24 24 14 1 1 1 1 1 12 12 30
 1 1 1 1 1 1 1 1 4 4 38 37 37 38 116 116 127 127 96 30 30 15 22 22 23 23 1 12 12 14 10 10 29 29 37 13 13 6 1 1 1 1 4 6 6 2
 0 0 0 1 1 1 1 1 1 1 1 1 1 1 2 2 76 76 78 14 14 13 7 7 3 3 1 0 0 1 15 15 6 6 26 28 28 7 2 2 4 4 7 7 7 8
 0 0 0 1 1 1 1 1 1 1 1 1 1 1 2 2 76 76 78 14 14 13 7 7 3 3 1 0 0 1 15 15 6 6 26 28 28 7 2 2 4 4 7 7 7 8
 0 0 0 0 0 0 1 1 1 1 1 1 1 1 1 1 1 1 1 1 1 1 3 3 3 3 2 0 0 0 15 15 24 24 24 20 20 8 5 5 13 13 5 12 12 5
 0 0 0 0 0 0 0 0 0 0 0 0 0 0 0 0 1 1 1 0 0 0 0 0 1 1 0 1 1 1 3 3 1 1 6 4 4 7 0 0 1 1 38 39 39 9
 0 0 0 0 0 0 0 0 0 0 0 0 0 0 0 0 1 1 1 0 0 0 0 0 1 1 0 1 1 1 3 3 1 1 6 4 4 7 0 0 1 1 38 39 39 9
 0 0 0 0 0 1 0 0 0 0 0 0 0 0 0 0 1 1 0 0 0 3 0 0 1 1 0 1 1 0 0 0 0 0 3 3 3 3 2 2 2 2 10 37 37 32
 0 0 0 0 0 1 0 0 0 0 0 0 0 0 0 0 1 1 0 0 0 3 0 0 1 1 0 1 1 0 0 0 0 0 3 3 3 3 2 2 2 2 10 37 37 32
 0 0 0 0 0 1 0 0 0 0 0 0 0 0 0 0 0 0 0 0 0 0 0 0 0 0 1 0 0 2 1 1 0 0 0 0 0 1 3 3 9 9 8 13 13 36
 0 0 0 1 1 0 0 0 0 0 0 0 0 0 0 0 0 0 0 0 0 0 0 0 0 0 3 1 1 1 1 1 1 1 0 0 0 0 3 3 5 5 18 6 6 68
 0 0 0 1 1 0 0 0 0 0 0 0 0 0 0 0 0 0 0 0 0 0 0 0 0 0 3 1 1 1 1 1 1 1 0 0 0 0 3 3 5 5 18 6 6 68
 0 0 2 0 0 0 0 0 0 0 0 0 0 0 0 0 0 0 0 0 0 0 0 0 1 1 1 1 1 1 1 1 2 2 1 0 0 0 0 0 4 4 0 4 4 40
 0 0 1 1 1 0 0 0 0 0 0 0 0 0 0 0 0 0 0 0 0 0 0 0 0 0 1 0 0 3 2 2 2 2 3 1 1 0 0 0 0 0 0 0 0 16
 0 0 1 1 1 0 0 0 0 0 0 0 0 0 0 0 0 0 0 0 0 0 0 0 0 0 1 0 0 3 2 2 2 2 3 1 1 0 0 0 0 0 0 0 0 16
 3 3 0 0 0 0 0 0 0 0 0 0 0 0 0 0 0 0 0 0 0 0 0 0 0 0 0 0 0 0 2 2 3 3 2 1 1 1 0 0 0 0 0 0 0 0
 3 3 0 0 0 0 0 0 0 0 0 0 0 0 0 0 0 0 0 0 0 0 0 0 0 0 0 0 0 0 2 2 3 3 2 1 1 1 0 0 0 0 0 0 0 0
 0 0 0 0 0 0 0 0 0 0 0 0 0 0 0 0 0 0 0 0 0 0 0 0 0 0 0 0 0 0 0 0 0 0 1 1 1 1 0 0 0 0 0 0 0 0
 0 0 0 0 0 0 0 0 0 0 0 0 0 0 0 0 0 0 0 0 0 0 0 0 0 0 0 0 0 0 0 0 0 0 0 2 2 1 3 3 0 0 1 1 1 0
 0 0 0 0 0 0 0 0 0 0 0 0 0 0 0 0 0 0 0 0 0 0 0 0 0 0 0 0 0 0 0 0 0 0 0 2 2 1 3 3 0 0 1 1 1 0
 0 0 0 0 0 0 0 0 0 0 0 0 0 0 0 0 0 0 0 0 0 0 0 0 0 0 0 0 0 0 0 0 0 0 0 0 0 1 0 0 1 1 1 1 1 0
 2 2 0 0 0 0 0 0 0 0 0 0 0 0 0 0 0 0 0 0 0 0 0 0 0 0 0 0 0 0 0 0 0 0 0 0 0 0 0 0 0 0 0 0 0 0
