assets/RAT_results/precipitation/2017-10-10_IMERG.asc
ncols        46
nrows        77
xllcorner    74.800261325624
yllcorner    8.058333333333
cellsize     0.062500000000
NODATA_value -9999
 4 4 6 2 2 2 1 1 1 1 1 1 1 2 2 2 2 2 4 4 4 3 3 3 4 4 5 9 9 18 24 24 20 20 20 18 18 24 31 31 31 31 35 13 13 13
 5 5 8 2 2 1 2 2 3 3 3 3 3 3 5 5 6 6 6 6 6 5 4 4 5 5 6 9 9 16 24 24 22 22 24 23 23 24 33 33 28 28 34 40 40 37
 5 5 8 2 2 1 2 2 3 3 3 3 3 3 5 5 6 6 6 6 6 5 4 4 5 5 6 9 9 16 24 24 22 22 24 23 23 24 33 33 28 28 34 40 40 37
 4 4 3 2 2 1 1 1 2 2 3 3 3 4 6 6 8 8 8 10 10 9 13 13 14 14 20 22 22 17 19 19 19 19 23 29 29 35 50 50 86 86 63 81 81 84
 1 1 3 2 2 2 2 2 3 3 4 4 4 4 7 7 9 9 10 17 17 20 14 14 15 15 20 49 49 30 12 12 19 19 18 22 22 30 35 35 84 84 64 93 93 115
 1 1 3 2 2 2 2 2 3 3 4 4 4 4 7 7 9 9 10 17 17 20 14 14 15 15 20 49 49 30 12 12 19 19 18 22 22 30 35 35 84 84 64 93 93 115
 1 1 2 3 3 3 3 3 4 4 5 6 6 6 5 5 6 6 8 10 10 13 24 24 24 24 53 53 53 32 32 32 17 17 24 62 62 31 48 48 84 84 88 72 72 57
 1 1 2 3 3 3 3 3 4 4 5 6 6 6 5 5 6 6 8 10 10 13 24 24 24 24 53 53 53 32 32 32 17 17 24 62 62 31 48 48 84 84 88 72 72 57
 1 1 3 5 5 3 5 5 5 5 5 7 7 9 11 11 8 8 9 9 9 14 12 12 22 22 17 34 34 31 27 27 36 36 26 44 44 64 66 66 75 75 74 54 54 57
 2 2 3 5 5 6 5 5 5 5 5 7 7 14 14 14 14 14 13 16 16 12 10 10 13 13 19 32 32 33 32 32 30 30 28 28 28 71 65 65 51 51 80 53 53 56
 2 2 3 5 5 6 5 5 5 5 5 7 7 14 14 14 14 14 13 16 16 12 10 10 13 13 19 32 32 33 32 32 30 30 28 28 28 71 65 65 51 51 80 53 53 56
 2 2 3 3 3 8 8 8 5 5 5 9 9 28 30 30 14 14 10 14 14 13 11 11 20 20 21 15 15 30 32 32 84 84 40 84 84 74 71 71 73 73 93 96 96 40
 11 11 13 9 9 16 7 7 6 6 5 8 8 26 25 25 12 12 13 11 11 12 12 12 22 22 18 17 17 19 22 22 46 46 52 62 62 99 93 93 50 50 91 34 34 52
 11 11 13 9 9 16 7 7 6 6 5 8 8 26 25 25 12 12 13 11 11 12 12 12 22 22 18 17 17 19 22 22 46 46 52 62 62 99 93 93 50 50 91 34 34 52
 10 10 11 9 9 9 8 8 10 10 10 9 9 15 15 15 11 11 21 14 14 11 22 22 22 22 24 26 26 27 40 40 52 52 64 103 103 54 75 75 51 51 77 79 79 48
 10 10 11 9 9 9 8 8 10 10 10 9 9 15 15 15 11 11 21 14 14 11 22 22 22 22 24 26 26 27 40 40 52 52 64 103 103 54 75 75 51 51 77 79 79 48
 13 13 14 9 9 9 9 9 15 15 14 10 10 7 6 6 11 11 21 17 17 13 20 20 16 16 20 22 22 36 78 78 48 48 45 97 97 57 62 62 51 51 49 72 72 46
 13 13 14 8 8 8 8 8 8 8 10 16 16 10 15 15 13 13 23 18 18 47 16 16 17 17 22 22 22 43 30 30 59 59 44 82 82 77 67 67 44 44 39 59 59 85
 13 13 14 8 8 8 8 8 8 8 10 16 16 10 15 15 13 13 23 18 18 47 16 16 17 17 22 22 22 43 30 30 59 59 44 82 82 77 67 67 44 44 39 59 59 85
 13 13 15 20 20 20 8 8 11 11 14 20 20 13 23 23 12 12 11 15 15 16 15 15 15 15 24 14 14 21 19 19 22 22 23 54 54 53 55 55 49 49 55 68 68 96
 4 4 20 19 19 18 22 22 9 9 14 17 17 12 12 12 10 10 8 12 12 17 15 15 14 14 17 11 11 15 22 22 23 23 23 27 27 47 50 50 72 72 72 35 35 51
 4 4 20 19 19 18 22 22 9 9 14 17 17 12 12 12 10 10 8 12 12 17 15 15 14 14 17 11 11 15 22 22 23 23 23 27 27 47 50 50 72 72 72 35 35 51
 5 5 18 18 18 24 22 22 22 22 28 26 26 16 16 16 10 10 9 10 10 12 13 13 11 11 17 23 23 13 16 16 16 16 21 25 25 22 39 39 65 65 69 33 33 36
 5 5 18 18 18 24 22 22 22 22 28 26 26 16 16 16 10 10 9 10 10 12 13 13 11 11 17 23 23 13 16 16 16 16 21 25 25 22 39 39 65 65 69 33 33 36
 8 8 14 14 14 16 16 16 18 18 19 8 8 17 16 16 10 10 8 9 9 8 12 12 5 5 7 12 12 17 51 51 41 41 20 17 17 21 19 19 54 54 63 41 41 29
 5 5 13 13 13 14 16 16 18 18 18 7 7 7 12 12 11 11 9 8 8 11 7 7 3 3 6 10 10 17 28 28 43 43 17 16 16 16 17 17 38 38 45 25 25 26
 5 5 13 13 13 14 16 16 18 18 18 7 7 7 12 12 11 11 9 8 8 11 7 7 3 3 6 10 10 17 28 28 43 43 17 16 16 16 17 17 38 38 45 25 25 26
 5 5 13 19 19 14 15 15 17 17 17 17 17 17 10 10 11 11 8 9 9 10 7 7 5 5 8 8 8 10 11 11 12 12 12 16 16 59 62 62 47 47 26 24 24 24
 2 2 2 2 2 2 2 2 1 1 17 17 17 18 11 11 7 7 8 5 5 5 6 6 9 9 7 6 6 9 9 9 15 15 17 19 19 21 21 21 21 21 24 26 26 23
 2 2 2 2 2 2 2 2 1 1 17 17 17 18 11 11 7 7 8 5 5 5 6 6 9 9 7 6 6 9 9 9 15 15 17 19 19 21 21 21 21 21 24 26 26 23
 0 0 2 2 2 2 2 2 1 1 1 1 1 2 8 8 6 6 6 4 4 4 4 4 6 6 8 5 5 4 6 6 8 8 12 15 15 15 15 15 19 19 20 21 21 16
 0 0 2 2 2 2 2 2 1 1 1 1 1 2 8 8 6 6 6 4 4 4 4 4 6 6 8 5 5 4 6 6 8 8 12 15 15 15 15 15 19 19 20 21 21 16
 0 0 0 1 1 0 1 1 1 1 1 3 3 4 6 6 6 6 5 2 2 2 3 3 2 2 4 4 4 3 3 3 5 5 7 12 12 13 12 12 13 13 17 16 16 13
 1 1 0 0 0 0 0 0 0 0 0 2 2 5 3 3 4 4 6 6 6 6 3 3 1 1 2 3 3 2 4 4 3 3 3 5 5 7 10 10 8 8 7 8 8 10
 1 1 0 0 0 0 0 0 0 0 0 2 2 5 3 3 4 4 6 6 6 6 3 3 1 1 2 3 3 2 4 4 3 3 3 5 5 7 10 10 8 8 7 8 8 10
 0 0 0 0 0 1 0 0 0 0 0 1 1 1 3 3 4 4 8 10 10 7 5 5 3 3 2 2 2 2 2 2 3 3 3 3 3 3 6 6 8 8 7 6 6 6
 0 0 0 0 0 0 0 0 0 0 0 1 1 0 1 1 2 2 4 7 7 8 6 6 2 2 2 3 3 3 4 4 4 4 3 3 3 3 4 4 5 5 5 4 4 3
 0 0 0 0 0 0 0 0 0 0 0 1 1 0 1 1 2 2 4 7 7 8 6 6 2 2 2 3 3 3 4 4 4 4 3 3 3 3 4 4 5 5 5 4 4 3
 0 0 0 0 0 0 0 0 0 0 0 0 0 0 2 2 2 2 5 7 7 7 6 6 3 3 4 3 3 3 4 4 5 5 4 5 5 5 4 4 4 4 4 3 3 3
 0 0 0 0 0 0 0 0 0 0 0 0 0 0 2 2 2 2 5 7 7 7 6 6 3 3 4 3 3 3 4 4 5 5 4 5 5 5 4 4 4 4 4 3 3 3
 0 0 0 0 0 0 0 0 0 0 2 0 0 1 2 2 4 4 5 7 7 7 4 4 5 5 6 6 6 6 6 6 5 5 7 5 5 5 4 4 3 3 2 2 2 13
 0 0 0 0 0 0 1 1 0 0 0 0 0 1 1 1 3 3 6 6 6 4 4 4 6 6 4 5 5 5 5 5 3 3 4 6 6 5 4 4 9 9 10 7 7 2
 0 0 0 0 0 0 1 1 0 0 0 0 0 1 1 1 3 3 6 6 6 4 4 4 6 6 4 5 5 5 5 5 3 3 4 6 6 5 4 4 9 9 10 7 7 2
 0 0 0 0 0 0 0 0 0 0 0 0 0 1 1 1 1 1 1 4 4 4 5 5 3 3 4 3 3 3 3 3 3 3 3 9 9 6 4 4 9 9 10 9 9 6
 0 0 0 0 0 1 0 0 0 0 0 0 0 0 0 0 1 1 1 2 2 4 5 5 4 4 3 3 3 2 2 2 2 2 2 3 3 4 4 4 47 47 9 6 6 5
 0 0 0 0 0 1 0 0 0 0 0 0 0 0 0 0 1 1 1 2 2 4 5 5 4 4 3 3 3 2 2 2 2 2 2 3 3 4 4 4 47 47 9 6 6 5
 0 0 0 0 0 0 0 0 0 0 0 0 0 0 0 0 0 0 0 8 8 8 6 6 9 9 2 2 2 2 2 2 2 2 2 4 4 3 6 6 7 7 14 8 8 9
 0 0 0 0 0 0 0 0 0 0 0 0 0 0 0 0 0 0 0 8 8 8 6 6 9 9 2 2 2 2 2 2 2 2 2 4 4 3 6 6 7 7 14 8 8 9
 2 2 2 0 0 0 0 0 0 0 0 0 0 0 0 0 0 0 0 8 8 8 6 6 8 8 2 3 3 2 4 4 2 2 1 2 2 4 9 9 9 9 6 19 19 8
 0 0 0 0 0 0 0 0 0 0 0 0 0 0 0 0 0 0 0 0 0 1 0 0 2 2 2 3 3 3 3 3 2 2 2 1 1 1 15 15 1 1 0 0 0 0
 0 0 0 0 0 0 0 0 0 0 0 0 0 0 0 0 0 0 0 0 0 1 0 0 2 2 2 3 3 3 3 3 2 2 2 1 1 1 15 15 1 1 0 0 0 0
 0 0 0 0 0 0 0 0 0 0 0 0 0 0 0 0 0 0 0 0 0 0 1 1 1 1 1 1 1 1 1 1 1 1 1 1 1 1 0 0 0 0 0 0 0 0
 0 0 0 0 0 0 0 0 0 0 0 0 0 0 0 0 0 0 0 0 0 1 1 1 1 1 1 1 1 1 1 1 0 0 1 1 1 1 1 1 3 3 0 0 0 0
 0 0 0 0 0 0 0 0 0 0 0 0 0 0 0 0 0 0 0 0 0 1 1 1 1 1 1 1 1 1 1 1 0 0 1 1 1 1 1 1 3 3 0 0 0 0
 0 0 0 0 0 0 0 0 0 0 0 0 0 0 0 0 0 0 0 0 0 3 1 1 1 1 2 1 1 1 1 1 1 1 1 1 1 2 3 3 23 23 15 1 1 0
 0 0 0 0 0 0 0 0 0 0 0 0 0 0 0 0 0 0 0 0 0 3 1 1 1 1 2 1 1 1 1 1 1 1 1 1 1 2 3 3 23 23 15 1 1 0
 0 0 0 0 0 0 0 0 0 0 1 0 0 0 0 0 0 0 0 0 0 0 2 2 2 2 2 1 1 2 1 1 1 1 3 1 1 4 9 9 15 15 7 2 2 0
 0 0 0 0 0 0 0 0 0 0 0 0 0 0 0 0 1 1 0 0 0 0 2 2 2 2 1 1 1 0 1 1 1 1 1 1 1 2 2 2 2 2 0 0 0 0
 0 0 0 0 0 0 0 0 0 0 0 0 0 0 0 0 1 1 0 0 0 0 2 2 2 2 1 1 1 0 1 1 1 1 1 1 1 2 2 2 2 2 0 0 0 0
 0 0 0 0 0 0 0 0 0 0 0 0 0 0 0 0 0 0 0 0 0 0 1 1 2 2 5 1 1 0 0 0 0 0 2 1 1 1 2 2 2 2 1 1 1 1
 0 0 0 0 0 0 0 0 0 0 0 0 0 0 0 0 0 0 0 0 0 0 1 1 2 2 2 1 1 0 0 0 0 0 1 1 1 2 2 2 2 2 2 2 2 1
 0 0 0 0 0 0 0 0 0 0 0 0 0 0 0 0 0 0 0 0 0 0 1 1 2 2 2 1 1 0 0 0 0 0 1 1 1 2 2 2 2 2 2 2 2 1
 0 0 0 0 0 0 0 0 0 0 0 1 1 0 0 0 0 0 0 0 0 0 0 0 2 2 2 2 2 1 1 1 0 0 0 0 0 1 1 1 1 1 2 2 2 1
 0 0 0 0 0 0 0 0 0 0 0 1 1 0 0 0 0 0 0 0 0 0 0 0 2 2 2 2 2 1 1 1 0 0 0 0 0 1 1 1 1 1 2 2 2 1
 0 0 0 0 0 0 0 0 0 0 0 0 0 0 0 0 0 0 0 0 0 0 0 0 1 1 2 1 1 1 1 1 0 0 0 0 0 1 1 1 0 0 1 1 1 0
 0 0 0 0 0 0 0 0 0 0 0 0 0 0 0 0 0 0 0 0 0 0 0 0 0 0 1 2 2 2 1 1 1 1 0 0 0 0 0 0 0 0 0 0 0 0
 0 0 0 0 0 0 0 0 0 0 0 0 0 0 0 0 0 0 0 0 0 0 0 0 0 0 1 2 2 2 1 1 1 1 0 0 0 0 0 0 0 0 0 0 0 0
 0 0 0 0 0 0 0 0 0 0 0 0 0 0 0 0 0 0 0 0 0 0 0 0 0 0 0 0 0 1 1 1 1 1 0 0 0 0 0 0 0 0 0 0 0 0
 0 0 0 0 0 0 0 0 0 0 0 0 0 0 0 0 0 0 0 0 0 1 0 0 0 0 0 0 0 0 1 1 1 1 1 0 0 0 0 0 0 0 0 0 0 0
 0 0 0 0 0 0 0 0 0 0 0 0 0 0 0 0 0 0 0 0 0 1 0 0 0 0 0 0 0 0 1 1 1 1 1 0 0 0 0 0 0 0 0 0 0 0
 0 0 0 0 0 0 0 0 0 0 0 0 0 0 0 0 0 0 0 0 0 1 1 1 0 0 0 0 0 0 0 0 0 0 1 1 1 0 1 1 1 1 0 0 0 0
 0 0 0 0 0 0 0 0 0 0 0 0 0 0 0 0 0 0 0 0 0 1 1 1 0 0 0 0 0 0 0 0 0 0 1 1 1 0 1 1 1 1 0 0 0 0
 0 0 0 0 0 0 0 0 0 0 0 0 0 0 0 0 0 0 1 1 1 1 0 0 0 0 0 0 0 0 0 0 0 0 1 1 1 1 0 0 0 0 0 0 0 0
 0 0 0 0 0 0 0 0 0 0 0 0 0 0 0 0 0 0 0 1 1 0 0 0 0 0 0 0 0 0 0 0 0 0 1 0 0 2 0 0 0 0 0 0 0 0
 0 0 0 0 0 0 0 0 0 0 0 0 0 0 0 0 0 0 0 1 1 0 0 0 0 0 0 0 0 0 0 0 0 0 1 0 0 2 0 0 0 0 0 0 0 0
 0 0 0 0 0 0 0 0 0 0 0 0 0 0 0 0 0 0 0 0 0 0 0 0 0 0 0 0 0 0 0 0 0 0 1 0 0 0 1 1 1 1 1 0 0 0
 0 0 0 0 0 0 0 0 0 0 0 0 0 0 0 0 0 0 0 0 0 0 0 0 0 0 0 0 0 0 1 1 1 1 1 1 1 1 1 1 0 0 1 0 0 0
