assets/RAT_results/precipitation/2017-09-08_IMERG.asc
ncols        46
nrows        77
xllcorner    74.800261325624
yllcorner    8.058333333333
cellsize     0.062500000000
NODATA_value -9999
 3 3 6 4 4 5 6 6 10 10 7 17 17 13 9 9 16 16 11 8 8 9 3 3 4 4 4 6 6 6 7 7 11 11 11 13 13 18 22 22 24 24 23 24 24 26
 6 6 6 9 9 13 10 10 9 9 13 15 15 18 16 16 14 14 23 14 14 7 6 6 4 4 4 5 5 4 3 3 7 7 7 10 10 20 20 20 22 22 21 22 22 16
 6 6 6 9 9 13 10 10 9 9 13 15 15 18 16 16 14 14 23 14 14 7 6 6 4 4 4 5 5 4 3 3 7 7 7 10 10 20 20 20 22 22 21 22 22 16
 11 11 8 14 14 19 26 26 25 25 21 20 20 20 20 20 15 15 9 10 10 16 15 15 12 12 6 8 8 2 2 2 6 6 6 10 10 19 8 8 13 13 19 13 13 14
 12 12 14 14 14 16 16 16 21 21 21 17 17 21 18 18 11 11 8 7 7 12 21 21 35 35 17 11 11 2 3 3 1 1 1 1 1 7 7 7 13 13 18 4 4 6
 12 12 14 14 14 16 16 16 21 21 21 17 17 21 18 18 11 11 8 7 7 12 21 21 35 35 17 11 11 2 3 3 1 1 1 1 1 7 7 7 13 13 18 4 4 6
 5 5 10 13 13 15 16 16 16 16 32 20 20 17 20 20 49 49 14 9 9 9 21 21 36 36 49 44 44 55 5 5 2 2 2 1 1 2 2 2 3 3 5 5 5 8
 5 5 10 13 13 15 16 16 16 16 32 20 20 17 20 20 49 49 14 9 9 9 21 21 36 36 49 44 44 55 5 5 2 2 2 1 1 2 2 2 3 3 5 5 5 8
 10 10 11 25 25 31 19 19 69 69 39 15 15 17 15 15 28 28 19 11 11 11 27 27 37 37 24 58 58 34 8 8 5 5 3 2 2 1 3 3 1 1 2 3 3 2
 10 10 10 19 19 21 51 51 29 29 21 22 22 30 14 14 10 10 23 9 9 10 10 10 17 17 16 24 24 34 7 7 6 6 5 3 3 3 2 2 1 1 1 2 2 1
 10 10 10 19 19 21 51 51 29 29 21 22 22 30 14 14 10 10 23 9 9 10 10 10 17 17 16 24 24 34 7 7 6 6 5 3 3 3 2 2 1 1 1 2 2 1
 14 14 10 15 15 21 21 21 27 27 18 15 15 15 14 14 10 10 14 8 8 11 11 11 6 6 17 16 16 6 5 5 6 6 8 7 7 4 2 2 1 1 1 1 1 1
 7 7 10 17 17 18 25 25 44 44 18 17 17 13 13 13 16 16 15 13 13 14 14 14 26 26 21 17 17 10 7 7 7 7 8 5 5 3 3 3 1 1 2 2 2 2
 7 7 10 17 17 18 25 25 44 44 18 17 17 13 13 13 16 16 15 13 13 14 14 14 26 26 21 17 17 10 7 7 7 7 8 5 5 3 3 3 1 1 2 2 2 2
 11 11 6 13 13 29 25 25 30 30 49 22 22 20 23 23 20 20 14 17 17 27 28 28 21 21 26 16 16 20 18 18 18 18 12 6 6 15 14 14 5 5 3 3 3 3
 11 11 6 13 13 29 25 25 30 30 49 22 22 20 23 23 20 20 14 17 17 27 28 28 21 21 26 16 16 20 18 18 18 18 12 6 6 15 14 14 5 5 3 3 3 3
 6 6 5 7 7 8 16 16 31 31 32 45 45 56 51 51 20 20 18 19 19 23 28 28 32 32 24 22 22 22 23 23 20 20 18 15 15 16 16 16 7 7 6 5 5 7
 7 7 6 9 9 7 10 10 42 42 36 26 26 26 16 16 15 15 33 28 28 25 28 28 36 36 26 29 29 27 34 34 20 20 21 18 18 16 14 14 14 14 8 17 17 33
 7 7 6 9 9 7 10 10 42 42 36 26 26 26 16 16 15 15 33 28 28 25 28 28 36 36 26 29 29 27 34 34 20 20 21 18 18 16 14 14 14 14 8 17 17 33
 7 7 6 8 8 9 13 13 14 14 16 21 21 28 22 22 23 23 31 31 31 25 27 27 35 35 26 29 29 30 25 25 21 21 13 24 24 23 19 19 13 13 12 14 14 33
 8 8 8 6 6 9 12 12 17 17 19 30 30 20 24 24 24 24 24 40 40 40 34 34 29 29 27 31 31 26 21 21 19 19 13 20 20 19 18 18 24 24 24 27 27 24
 8 8 8 6 6 9 12 12 17 17 19 30 30 20 24 24 24 24 24 40 40 40 34 34 29 29 27 31 31 26 21 21 19 19 13 20 20 19 18 18 24 24 24 27 27 24
 7 7 6 5 5 6 14 14 10 10 16 18 18 17 16 16 25 25 21 25 25 38 31 31 21 21 22 31 31 28 30 30 38 38 33 29 29 65 64 64 25 25 25 25 25 15
 7 7 6 5 5 6 14 14 10 10 16 18 18 17 16 16 25 25 21 25 25 38 31 31 21 21 22 31 31 28 30 30 38 38 33 29 29 65 64 64 25 25 25 25 25 15
 9 9 11 5 5 6 4 4 3 3 13 8 8 18 15 15 29 29 25 20 20 28 24 24 16 16 21 27 27 53 50 50 43 43 36 41 41 68 21 21 41 41 43 44 44 47
 6 6 6 5 5 4 1 1 2 2 4 4 4 9 19 19 13 13 15 14 14 26 22 22 23 23 25 24 24 45 44 44 40 40 63 60 60 41 43 43 50 50 46 26 26 24
 6 6 6 5 5 4 1 1 2 2 4 4 4 9 19 19 13 13 15 14 14 26 22 22 23 23 25 24 24 45 44 44 40 40 63 60 60 41 43 43 50 50 46 26 26 24
 2 2 4 4 4 3 1 1 1 1 1 2 2 2 11 11 14 14 14 15 15 28 23 23 25 25 46 48 48 41 38 38 40 40 72 58 58 77 33 33 33 33 23 25 25 25
 1 1 2 3 3 3 2 2 0 0 0 2 2 3 8 8 18 18 15 14 14 22 24 24 29 29 49 38 38 34 34 34 52 52 27 42 42 30 29 29 16 16 21 20 20 21
 1 1 2 3 3 3 2 2 0 0 0 2 2 3 8 8 18 18 15 14 14 22 24 24 29 29 49 38 38 34 34 34 52 52 27 42 42 30 29 29 16 16 21 20 20 21
 2 2 2 3 3 4 4 4 1 1 2 3 3 3 8 8 14 14 17 15 15 15 25 25 26 26 40 39 39 39 51 51 52 52 29 47 47 49 19 19 20 20 19 35 35 23
 2 2 2 3 3 4 4 4 1 1 2 3 3 3 8 8 14 14 17 15 15 15 25 25 26 26 40 39 39 39 51 51 52 52 29 47 47 49 19 19 20 20 19 35 35 23
 1 1 4 3 3 5 8 8 2 2 3 3 3 6 8 8 14 14 13 14 14 16 23 23 24 24 42 40 40 40 46 46 46 46 35 47 47 46 13 13 17 17 17 24 24 17
 5 5 5 4 4 9 13 13 8 8 8 6 6 6 7 7 9 9 12 15 15 16 23 23 22 22 41 41 41 24 45 45 46 46 27 33 33 33 31 31 21 21 21 28 28 29
 5 5 5 4 4 9 13 13 8 8 8 6 6 6 7 7 9 9 12 15 15 16 23 23 22 22 41 41 41 24 45 45 46 46 27 33 33 33 31 31 21 21 21 28 28 29
 3 3 6 4 4 9 9 9 10 10 10 4 4 5 3 3 9 9 13 12 12 13 17 17 14 14 18 24 24 22 42 42 42 42 35 35 35 35 23 23 18 18 20 26 26 23
 2 2 31 7 7 9 35 35 12 12 8 8 8 8 10 10 7 7 9 11 11 13 13 13 11 11 13 29 29 24 31 31 29 29 31 29 29 31 30 30 19 19 19 17 17 14
 2 2 31 7 7 9 35 35 12 12 8 8 8 8 10 10 7 7 9 11 11 13 13 13 11 11 13 29 29 24 31 31 29 29 31 29 29 31 30 30 19 19 19 17 17 14
 4 4 2 4 4 7 11 11 18 18 14 7 7 9 12 12 8 8 14 22 22 15 18 18 19 19 26 33 33 30 29 29 31 31 29 23 23 22 25 25 18 18 14 13 13 9
 4 4 2 4 4 7 11 11 18 18 14 7 7 9 12 12 8 8 14 22 22 15 18 18 19 19 26 33 33 30 29 29 31 31 29 23 23 22 25 25 18 18 14 13 13 9
 27 27 5 6 6 11 15 15 14 14 11 6 6 21 25 25 7 7 13 16 16 21 21 21 25 25 29 42 42 38 34 34 35 35 35 29 29 25 24 24 18 18 15 15 15 10
 10 10 5 8 8 9 30 30 14 14 15 14 14 17 14 14 5 5 16 17 17 19 22 22 28 28 32 45 45 40 38 38 37 37 37 38 38 28 24 24 20 20 18 23 23 14
 10 10 5 8 8 9 30 30 14 14 15 14 14 17 14 14 5 5 16 17 17 19 22 22 28 28 32 45 45 40 38 38 37 37 37 38 38 28 24 24 20 20 18 23 23 14
 9 9 6 12 12 10 12 12 9 9 10 9 9 17 7 7 5 5 12 18 18 25 23 23 43 43 45 48 48 56 45 45 40 40 34 33 33 30 25 25 19 19 17 21 21 18
 12 12 6 10 10 6 8 8 8 8 6 20 20 6 6 6 6 6 9 18 18 23 26 26 46 46 45 46 46 55 40 40 37 37 28 37 37 37 31 31 22 22 21 20 20 19
 12 12 6 10 10 6 8 8 8 8 6 20 20 6 6 6 6 6 9 18 18 23 26 26 46 46 45 46 46 55 40 40 37 37 28 37 37 37 31 31 22 22 21 20 20 19
 18 18 12 11 11 8 6 6 11 11 7 5 5 5 5 5 5 5 9 19 19 25 28 28 44 44 43 40 40 49 33 33 31 31 28 34 34 39 36 36 31 31 28 17 17 17
 18 18 12 11 11 8 6 6 11 11 7 5 5 5 5 5 5 5 9 19 19 25 28 28 44 44 43 40 40 49 33 33 31 31 28 34 34 39 36 36 31 31 28 17 17 17
 15 15 15 15 15 11 12 12 11 11 6 6 6 5 7 7 6 6 9 18 18 19 26 26 25 25 29 28 28 30 19 19 19 19 18 21 21 22 27 27 29 29 27 26 26 15
 14 14 18 15 15 23 11 11 9 9 8 7 7 5 6 6 7 7 7 14 14 17 20 20 20 20 24 21 21 24 18 18 16 16 12 15 15 15 15 15 15 15 20 22 22 10
 14 14 18 15 15 23 11 11 9 9 8 7 7 5 6 6 7 7 7 14 14 17 20 20 20 20 24 21 21 24 18 18 16 16 12 15 15 15 15 15 15 15 20 22 22 10
 12 12 11 12 12 12 17 17 14 14 7 6 6 5 6 6 6 6 6 6 6 15 18 18 22 22 23 20 20 22 22 22 15 15 12 14 14 15 17 17 23 23 15 12 12 9
 8 8 10 10 10 16 17 17 14 14 9 7 7 4 3 3 4 4 4 6 6 11 18 18 20 20 22 23 23 23 25 25 13 13 10 15 15 14 13 13 21 21 23 12 12 6
 8 8 10 10 10 16 17 17 14 14 9 7 7 4 3 3 4 4 4 6 6 11 18 18 20 20 22 23 23 23 25 25 13 13 10 15 15 14 13 13 21 21 23 12 12 6
 13 13 14 12 12 18 17 17 21 21 9 5 5 4 2 2 4 4 3 4 4 11 12 12 21 21 18 24 24 23 22 22 17 17 12 18 18 16 18 18 16 16 20 8 8 7
 13 13 14 12 12 18 17 17 21 21 9 5 5 4 2 2 4 4 3 4 4 11 12 12 21 21 18 24 24 23 22 22 17 17 12 18 18 16 18 18 16 16 20 8 8 7
 16 16 16 14 14 23 22 22 31 31 20 8 8 10 3 3 4 4 3 3 3 10 10 10 16 16 16 21 21 20 20 20 17 17 13 10 10 12 16 16 18 18 17 13 13 6
 18 18 39 26 26 21 29 29 34 34 33 25 25 13 5 5 7 7 3 3 3 5 9 9 11 11 16 19 19 17 16 16 17 17 11 8 8 11 12 12 14 14 11 10 10 10
 18 18 39 26 26 21 29 29 34 34 33 25 25 13 5 5 7 7 3 3 3 5 9 9 11 11 16 19 19 17 16 16 17 17 11 8 8 11 12 12 14 14 11 10 10 10
 26 26 23 19 19 23 42 42 73 73 69 33 33 25 10 10 10 10 7 7 7 8 9 9 14 14 19 19 19 20 16 16 14 14 16 13 13 16 9 9 12 12 11 12 12 10
 21 21 23 24 24 25 54 54 79 79 61 112 112 66 56 56 17 17 13 9 9 8 9 9 11 11 16 18 18 16 15 15 15 15 21 18 18 14 14 14 12 12 15 11 11 13
 21 21 23 24 24 25 54 54 79 79 61 112 112 66 56 56 17 17 13 9 9 8 9 9 11 11 16 18 18 16 15 15 15 15 21 18 18 14 14 14 12 12 15 11 11 13
 21 21 39 63 63 30 46 46 68 68 130 87 87 113 83 83 34 34 27 10 10 10 15 15 10 10 16 20 20 18 15 15 19 19 38 18 18 14 23 23 16 16 13 15 15 8
 21 21 39 63 63 30 46 46 68 68 130 87 87 113 83 83 34 34 27 10 10 10 15 15 10 10 16 20 20 18 15 15 19 19 38 18 18 14 23 23 16 16 13 15 15 8
 16 16 32 29 29 57 73 73 102 102 97 116 116 112 96 96 49 49 49 14 14 9 8 8 7 7 15 17 17 19 14 14 21 21 19 17 17 20 21 21 13 13 12 11 11 12
 20 20 23 33 33 34 66 66 95 95 122 118 118 112 115 115 109 109 82 42 42 18 6 6 6 6 6 14 14 16 14 14 14 14 12 9 9 10 18 18 10 10 13 7 7 9
 20 20 23 33 33 34 66 66 95 95 122 118 118 112 115 115 109 109 82 42 42 18 6 6 6 6 6 14 14 16 14 14 14 14 12 9 9 10 18 18 10 10 13 7 7 9
 18 18 18 22 22 33 43 43 45 45 89 93 93 124 110 110 110 110 63 25 25 24 8 8 7 7 5 5 5 11 13 13 12 12 11 8 8 8 6 6 14 14 10 12 12 15
 17 17 25 26 26 25 27 27 34 34 55 113 113 44 120 120 128 128 80 23 23 36 16 16 6 6 11 5 5 12 11 11 12 12 11 8 8 8 5 5 18 18 19 11 11 10
 17 17 25 26 26 25 27 27 34 34 55 113 113 44 120 120 128 128 80 23 23 36 16 16 6 6 11 5 5 12 11 11 12 12 11 8 8 8 5 5 18 18 19 11 11 10
 14 14 22 19 19 46 47 47 39 39 43 58 58 26 50 50 29 29 37 32 32 15 46 46 8 8 7 4 4 5 12 12 7 7 12 6 6 5 4 4 17 17 11 4 4 3
 14 14 22 19 19 46 47 47 39 39 43 58 58 26 50 50 29 29 37 32 32 15 46 46 8 8 7 4 4 5 12 12 7 7 12 6 6 5 4 4 17 17 11 4 4 3
 13 13 14 25 25 29 27 27 34 34 39 36 36 16 14 14 21 21 21 21 21 36 65 65 26 26 7 8 8 3 6 6 6 6 9 4 4 4 4 4 5 5 4 4 4 2
 14 14 14 26 26 28 36 36 47 47 30 54 54 11 7 7 7 7 6 5 5 8 17 17 6 6 5 10 10 4 6 6 6 6 3 3 3 4 3 3 1 1 2 0 0 0
 14 14 14 26 26 28 36 36 47 47 30 54 54 11 7 7 7 7 6 5 5 8 17 17 6 6 5 10 10 4 6 6 6 6 3 3 3 4 3 3 1 1 2 0 0 0
 17 17 14 19 19 19 19 19 53 53 26 20 20 18 15 15 6 6 5 3 3 12 8 8 6 6 4 8 8 13 11 11 7 7 2 2 2 2 3 3 3 3 2 3 3 1
 15 15 15 14 14 16 16 16 20 20 27 15 15 12 7 7 5 5 4 4 4 4 19 19 4 4 8 13 13 15 10 10 10 10 5 1 1 2 2 2 3 3 6 2 2 1
