assets/RAT_results/precipitation/2017-06-30_IMERG.asc
ncols        46
nrows        77
xllcorner    74.800261325624
yllcorner    8.058333333333
cellsize     0.062500000000
NODATA_value -9999
 14 14 13 34 34 20 25 25 23 23 27 17 17 16 10 10 9 9 7 3 3 4 4 4 0 0 0 0 0 0 0 0 0 0 0 0 0 0 0 0 0 0 1 0 0 0
 8 8 10 17 17 31 21 21 25 25 21 32 32 11 14 14 9 9 13 4 4 2 2 2 0 0 0 1 1 0 0 0 0 0 0 0 0 0 1 1 0 0 0 0 0 0
 8 8 10 17 17 31 21 21 25 25 21 32 32 11 14 14 9 9 13 4 4 2 2 2 0 0 0 1 1 0 0 0 0 0 0 0 0 0 1 1 0 0 0 0 0 0
 6 6 21 12 12 8 15 15 15 15 21 24 24 21 17 17 10 10 6 6 6 0 1 1 0 0 0 0 0 0 0 0 0 0 0 0 0 0 0 0 0 0 0 0 0 0
 5 5 7 9 9 5 12 12 12 12 6 7 7 10 6 6 8 8 3 10 10 1 0 0 0 0 0 1 1 0 0 0 0 0 0 0 0 0 0 0 0 0 0 0 0 0
 5 5 7 9 9 5 12 12 12 12 6 7 7 10 6 6 8 8 3 10 10 1 0 0 0 0 0 1 1 0 0 0 0 0 0 0 0 0 0 0 0 0 0 0 0 0
 3 3 5 15 15 12 15 15 19 19 7 4 4 6 7 7 6 6 7 2 2 1 1 1 1 1 1 1 1 1 0 0 0 0 0 0 0 0 0 0 0 0 0 0 0 0
 3 3 5 15 15 12 15 15 19 19 7 4 4 6 7 7 6 6 7 2 2 1 1 1 1 1 1 1 1 1 0 0 0 0 0 0 0 0 0 0 0 0 0 0 0 0
 2 2 6 9 9 10 11 11 13 13 11 10 10 6 6 6 2 2 6 12 12 4 4 4 1 1 0 0 0 0 0 0 1 1 1 0 0 0 0 0 0 0 0 0 0 0
 8 8 7 17 17 10 17 17 14 14 14 9 9 7 3 3 2 2 2 2 2 3 4 4 3 3 0 0 0 1 0 0 0 0 1 0 0 0 0 0 0 0 0 1 1 0
 8 8 7 17 17 10 17 17 14 14 14 9 9 7 3 3 2 2 2 2 2 3 4 4 3 3 0 0 0 1 0 0 0 0 1 0 0 0 0 0 0 0 0 1 1 0
 3 3 3 10 10 19 19 19 21 21 14 15 15 6 3 3 1 1 0 2 2 3 1 1 0 0 0 0 0 0 0 0 0 0 0 0 0 1 0 0 0 0 0 0 0 0
 3 3 2 3 3 8 10 10 9 9 12 11 11 10 7 7 3 3 6 5 5 3 1 1 1 1 0 0 0 3 0 0 0 0 0 0 0 0 0 0 0 0 0 0 0 0
 3 3 2 3 3 8 10 10 9 9 12 11 11 10 7 7 3 3 6 5 5 3 1 1 1 1 0 0 0 3 0 0 0 0 0 0 0 0 0 0 0 0 0 0 0 0
 3 3 3 3 3 4 8 8 14 14 13 7 7 7 9 9 11 11 9 4 4 3 3 3 1 1 6 0 0 0 0 0 0 0 0 0 0 0 0 0 0 0 0 0 0 0
 3 3 3 3 3 4 8 8 14 14 13 7 7 7 9 9 11 11 9 4 4 3 3 3 1 1 6 0 0 0 0 0 0 0 0 0 0 0 0 0 0 0 0 0 0 0
 1 1 2 4 4 6 6 6 14 14 14 9 9 12 12 12 19 19 10 8 8 2 1 1 2 2 2 0 0 0 0 0 0 0 0 0 0 0 0 0 0 0 0 0 0 0
 1 1 1 2 2 4 2 2 5 5 9 10 10 12 7 7 11 11 9 5 5 1 1 1 3 3 1 0 0 0 0 0 0 0 0 0 0 0 0 0 0 0 0 0 0 0
 1 1 1 2 2 4 2 2 5 5 9 10 10 12 7 7 11 11 9 5 5 1 1 1 3 3 1 0 0 0 0 0 0 0 0 0 0 0 0 0 0 0 0 0 0 0
 1 1 1 3 3 2 3 3 6 6 5 15 15 10 7 7 10 10 18 7 7 11 13 13 1 1 2 0 0 0 0 0 0 0 0 0 0 0 0 0 0 0 0 0 0 0
 1 1 3 1 1 2 2 2 3 3 6 9 9 9 5 5 3 3 6 5 5 4 2 2 0 0 2 0 0 0 0 0 0 0 0 0 0 0 0 0 0 0 0 0 0 0
 1 1 3 1 1 2 2 2 3 3 6 9 9 9 5 5 3 3 6 5 5 4 2 2 0 0 2 0 0 0 0 0 0 0 0 0 0 0 0 0 0 0 0 0 0 0
 1 1 1 1 1 4 3 3 2 2 4 8 8 7 4 4 2 2 3 1 1 1 0 0 0 0 0 1 1 0 0 0 0 0 1 0 0 0 0 0 0 0 0 0 0 0
 1 1 1 1 1 4 3 3 2 2 4 8 8 7 4 4 2 2 3 1 1 1 0 0 0 0 0 1 1 0 0 0 0 0 1 0 0 0 0 0 0 0 0 0 0 0
 1 1 1 1 1 2 1 1 8 8 3 3 3 6 9 9 6 6 5 11 11 5 0 0 0 0 0 0 0 2 1 1 1 1 1 0 0 0 0 0 0 0 0 0 0 0
 2 2 2 6 6 4 4 4 4 4 5 6 6 2 12 12 63 63 21 14 14 8 6 6 5 5 1 1 1 2 0 0 0 0 0 0 0 0 0 0 0 0 0 0 0 0
 2 2 2 6 6 4 4 4 4 4 5 6 6 2 12 12 63 63 21 14 14 8 6 6 5 5 1 1 1 2 0 0 0 0 0 0 0 0 0 0 0 0 0 0 0 0
 2 2 2 2 2 2 4 4 3 3 6 4 4 2 9 9 12 12 24 11 11 7 3 3 3 3 3 3 3 1 0 0 0 0 0 0 0 0 0 0 0 0 0 1 1 0
 2 2 3 3 3 4 3 3 6 6 6 5 5 7 6 6 16 16 12 12 12 14 3 3 2 2 2 4 4 6 0 0 0 0 0 0 0 0 0 0 0 0 0 0 0 0
 2 2 3 3 3 4 3 3 6 6 6 5 5 7 6 6 16 16 12 12 12 14 3 3 2 2 2 4 4 6 0 0 0 0 0 0 0 0 0 0 0 0 0 0 0 0
 2 2 4 4 4 5 7 7 7 7 8 5 5 5 8 8 11 11 12 6 6 16 2 2 4 4 0 0 0 1 1 1 0 0 0 0 0 0 0 0 0 0 0 1 1 1
 2 2 4 4 4 5 7 7 7 7 8 5 5 5 8 8 11 11 12 6 6 16 2 2 4 4 0 0 0 1 1 1 0 0 0 0 0 0 0 0 0 0 0 1 1 1
 2 2 3 5 5 8 6 6 6 6 5 4 4 5 6 6 11 11 8 7 7 6 5 5 7 7 1 1 1 3 1 1 0 0 0 1 1 0 0 0 0 0 0 0 0 1
 1 1 2 6 6 8 10 10 5 5 6 6 6 5 3 3 5 5 5 4 4 5 4 4 2 2 2 3 3 1 1 1 0 0 0 0 0 0 0 0 0 0 0 0 0 0
 1 1 2 6 6 8 10 10 5 5 6 6 6 5 3 3 5 5 5 4 4 5 4 4 2 2 2 3 3 1 1 1 0 0 0 0 0 0 0 0 0 0 0 0 0 0
 2 2 2 4 4 6 11 11 8 8 8 8 8 7 4 4 4 4 4 2 2 4 2 2 3 3 1 2 2 2 1 1 1 1 2 0 0 2 0 0 0 0 0 0 0 0
 2 2 4 10 10 12 6 6 3 3 3 3 3 3 2 2 1 1 2 6 6 4 3 3 2 2 0 1 1 5 2 2 2 2 1 1 1 1 0 0 0 0 0 0 0 0
 2 2 4 10 10 12 6 6 3 3 3 3 3 3 2 2 1 1 2 6 6 4 3 3 2 2 0 1 1 5 2 2 2 2 1 1 1 1 0 0 0 0 0 0 0 0
 7 7 10 8 8 7 2 2 1 1 1 2 2 1 1 1 2 2 5 12 12 7 8 8 2 2 0 2 2 0 2 2 2 2 2 2 2 2 1 1 1 1 1 1 1 0
 7 7 10 8 8 7 2 2 1 1 1 2 2 1 1 1 2 2 5 12 12 7 8 8 2 2 0 2 2 0 2 2 2 2 2 2 2 2 1 1 1 1 1 1 1 0
 7 7 3 2 2 1 1 1 0 0 0 1 1 1 1 1 3 3 6 13 13 22 11 11 9 9 2 1 1 0 1 1 2 2 2 3 3 3 1 1 1 1 1 1 1 1
 1 1 0 0 0 0 0 0 0 0 0 0 0 0 1 1 5 5 18 12 12 9 17 17 4 4 0 0 0 0 0 0 0 0 6 3 3 3 1 1 0 0 1 1 1 0
 1 1 0 0 0 0 0 0 0 0 0 0 0 0 1 1 5 5 18 12 12 9 17 17 4 4 0 0 0 0 0 0 0 0 6 3 3 3 1 1 0 0 1 1 1 0
 0 0 0 0 0 0 0 0 0 0 0 0 0 1 1 1 2 2 11 12 12 9 10 10 0 0 1 5 5 7 1 1 1 1 2 2 2 0 1 1 1 1 0 0 0 0
 0 0 0 0 0 0 0 0 0 0 0 1 1 1 1 1 1 1 1 3 3 3 5 5 1 1 1 15 15 1 5 5 5 5 7 0 0 0 0 0 0 0 0 0 0 0
 0 0 0 0 0 0 0 0 0 0 0 1 1 1 1 1 1 1 1 3 3 3 5 5 1 1 1 15 15 1 5 5 5 5 7 0 0 0 0 0 0 0 0 0 0 0
 0 0 0 0 0 0 0 0 0 0 0 2 2 1 1 1 1 1 1 1 1 1 1 1 2 2 1 1 1 1 1 1 0 0 0 0 0 0 0 0 0 0 0 0 0 0
 0 0 0 0 0 0 0 0 0 0 0 2 2 1 1 1 1 1 1 1 1 1 1 1 2 2 1 1 1 1 1 1 0 0 0 0 0 0 0 0 0 0 0 0 0 0
 0 0 0 0 0 0 0 0 0 0 0 1 1 1 2 2 0 0 0 0 0 0 0 0 3 3 1 1 1 3 4 4 5 5 0 0 0 0 0 0 0 0 0 0 0 0
 0 0 0 0 0 0 0 0 0 0 0 0 0 0 0 0 0 0 0 0 0 0 0 0 2 2 2 3 3 3 4 4 9 9 4 4 4 0 0 0 0 0 0 0 0 0
 0 0 0 0 0 0 0 0 0 0 0 0 0 0 0 0 0 0 0 0 0 0 0 0 2 2 2 3 3 3 4 4 9 9 4 4 4 0 0 0 0 0 0 0 0 0
 0 0 0 0 0 0 0 0 0 0 0 0 0 0 0 0 0 0 0 0 0 0 1 1 2 2 2 1 1 4 4 4 1 1 0 0 0 0 0 0 0 0 0 0 0 0
 0 0 0 0 0 0 0 0 0 0 0 0 0 0 0 0 0 0 0 0 0 0 1 1 2 2 2 0 0 2 2 2 0 0 9 0 0 0 2 2 1 1 1 0 0 0
 0 0 0 0 0 0 0 0 0 0 0 0 0 0 0 0 0 0 0 0 0 0 1 1 2 2 2 0 0 2 2 2 0 0 9 0 0 0 2 2 1 1 1 0 0 0
 1 1 0 0 0 0 1 1 0 0 0 0 0 0 0 0 0 0 0 0 0 1 0 0 2 2 2 1 1 1 0 0 0 0 0 0 0 0 1 1 0 0 0 0 0 0
 1 1 0 0 0 0 1 1 0 0 0 0 0 0 0 0 0 0 0 0 0 1 0 0 2 2 2 1 1 1 0 0 0 0 0 0 0 0 1 1 0 0 0 0 0 0
 1 1 0 0 0 1 0 0 0 0 0 0 0 0 1 1 0 0 0 0 0 0 0 0 0 0 1 1 1 1 0 0 0 0 1 0 0 0 0 0 0 0 0 0 0 0
 2 2 1 1 1 0 0 0 0 0 0 0 0 0 0 0 0 0 0 0 0 0 0 0 0 0 3 1 1 1 1 1 1 1 0 0 0 0 1 1 0 0 0 0 0 0
 2 2 1 1 1 0 0 0 0 0 0 0 0 0 0 0 0 0 0 0 0 0 0 0 0 0 3 1 1 1 1 1 1 1 0 0 0 0 1 1 0 0 0 0 0 0
 2 2 1 0 0 0 0 0 1 1 1 1 1 0 0 0 0 0 0 0 0 0 1 1 0 0 1 1 1 1 3 3 1 1 0 0 0 0 0 0 0 0 0 0 0 0
 2 2 1 0 0 0 0 0 0 0 0 0 0 0 0 0 0 0 0 0 0 1 0 0 0 0 1 1 1 1 0 0 0 0 0 0 0 0 0 0 0 0 0 0 0 0
 2 2 1 0 0 0 0 0 0 0 0 0 0 0 0 0 0 0 0 0 0 1 0 0 0 0 1 1 1 1 0 0 0 0 0 0 0 0 0 0 0 0 0 0 0 0
 1 1 0 0 0 0 1 1 0 0 0 0 0 0 1 1 0 0 0 2 2 2 2 2 0 0 0 1 1 3 2 2 1 1 0 1 1 0 0 0 0 0 0 0 0 0
 1 1 0 0 0 0 1 1 0 0 0 0 0 0 1 1 0 0 0 2 2 2 2 2 0 0 0 1 1 3 2 2 1 1 0 1 1 0 0 0 0 0 0 0 0 0
 1 1 0 1 1 0 0 0 0 0 0 0 0 0 1 1 2 2 2 3 3 3 4 4 1 1 1 0 0 4 1 1 0 0 0 1 1 0 0 0 0 0 0 0 0 0
 1 1 1 1 1 0 0 0 0 0 0 0 0 0 0 0 1 1 1 2 2 3 8 8 5 5 1 3 3 9 3 3 0 0 0 1 1 4 2 2 0 0 0 0 0 0
 1 1 1 1 1 0 0 0 0 0 0 0 0 0 0 0 1 1 1 2 2 3 8 8 5 5 1 3 3 9 3 3 0 0 0 1 1 4 2 2 0 0 0 0 0 0
 1 1 1 1 1 1 1 1 0 0 0 0 0 1 0 0 1 1 1 2 2 3 9 9 12 12 7 3 3 13 8 8 5 5 2 0 0 1 2 2 0 0 0 0 0 0
 1 1 1 1 1 1 0 0 0 0 0 1 1 1 0 0 1 1 2 3 3 3 5 5 9 9 9 3 3 4 5 5 3 3 1 0 0 0 0 0 1 1 1 0 0 0
 1 1 1 1 1 1 0 0 0 0 0 1 1 1 0 0 1 1 2 3 3 3 5 5 9 9 9 3 3 4 5 5 3 3 1 0 0 0 0 0 1 1 1 0 0 0
 1 1 1 1 1 1 0 0 1 1 0 0 0 0 0 0 0 0 2 4 4 2 2 2 3 3 1 1 1 1 2 2 3 3 1 1 1 0 0 0 0 0 0 1 1 0
 1 1 1 1 1 1 0 0 1 1 0 0 0 0 0 0 0 0 2 4 4 2 2 2 3 3 1 1 1 1 2 2 3 3 1 1 1 0 0 0 0 0 0 1 1 0
 2 2 1 1 1 1 1 1 1 1 0 1 1 1 1 1 1 1 1 2 2 1 1 1 2 2 1 2 2 2 2 2 2 2 1 0 0 0 0 0 0 0 0 0 0 1
 2 2 3 1 1 1 1 1 1 1 0 0 0 0 0 0 1 1 3 1 1 1 1 1 1 1 0 1 1 1 2 2 1 1 0 0 0 1 1 1 0 0 0 0 0 0
 2 2 3 1 1 1 1 1 1 1 0 0 0 0 0 0 1 1 3 1 1 1 1 1 1 1 0 1 1 1 2 2 1 1 0 0 0 1 1 1 0 0 0 0 0 0
 2 2 2 1 1 1 1 1 0 0 0 0 0 0 2 2 3 3 3 0 0 1 1 1 2 2 1 3 3 2 1 1 0 0 0 0 0 0 0 0 0 0 1 0 0 2
 2 2 2 3 3 0 0 0 0 0 0 0 0 0 2 2 1 1 1 0 0 1 3 3 2 2 2 1 1 0 0 0 1 1 0 0 0 0 0 0 0 0 0 0 0 0
