assets/RAT_results/precipitation/2017-10-06_IMERG.asc
ncols        46
nrows        77
xllcorner    74.800261325624
yllcorner    8.058333333333
cellsize     0.062500000000
NODATA_value -9999
 29 29 33 13 13 13 13 13 7 7 16 13 13 22 13 13 9 9 8 17 17 5 5 5 6 6 7 3 3 5 6 6 15 15 22 12 12 16 14 14 10 10 11 7 7 5
 21 21 20 10 10 17 18 18 8 8 8 10 10 15 14 14 7 7 14 23 23 10 6 6 7 7 5 4 4 6 6 6 10 10 8 9 9 9 3 3 4 4 4 4 4 1
 21 21 20 10 10 17 18 18 8 8 8 10 10 15 14 14 7 7 14 23 23 10 6 6 7 7 5 4 4 6 6 6 10 10 8 9 9 9 3 3 4 4 4 4 4 1
 14 14 17 20 20 13 4 4 5 5 2 3 3 4 10 10 3 3 4 6 6 5 3 3 8 8 5 11 11 9 9 9 7 7 11 12 12 6 4 4 4 4 1 0 0 1
 8 8 10 12 12 13 10 10 5 5 2 6 6 6 2 2 4 4 4 4 4 5 6 6 6 6 4 23 23 13 10 10 7 7 4 8 8 7 2 2 1 1 1 1 1 1
 8 8 10 12 12 13 10 10 5 5 2 6 6 6 2 2 4 4 4 4 4 5 6 6 6 6 4 23 23 13 10 10 7 7 4 8 8 7 2 2 1 1 1 1 1 1
 4 4 10 11 11 14 15 15 15 15 18 2 2 16 8 8 3 3 5 2 2 4 4 4 6 6 15 7 7 11 9 9 9 9 8 5 5 7 4 4 5 5 0 3 3 1
 4 4 10 11 11 14 15 15 15 15 18 2 2 16 8 8 3 3 5 2 2 4 4 4 6 6 15 7 7 11 9 9 9 9 8 5 5 7 4 4 5 5 0 3 3 1
 8 8 15 16 16 17 26 26 63 63 14 8 8 5 10 10 6 6 6 7 7 5 5 5 3 3 3 5 5 7 7 7 5 5 5 24 24 4 2 2 1 1 2 1 1 1
 10 10 14 22 22 18 39 39 53 53 41 32 32 14 2 2 4 4 7 8 8 12 4 4 5 5 1 3 3 2 4 4 2 2 1 1 1 1 2 2 3 3 2 1 1 1
 10 10 14 22 22 18 39 39 53 53 41 32 32 14 2 2 4 4 7 8 8 12 4 4 5 5 1 3 3 2 4 4 2 2 1 1 1 1 2 2 3 3 2 1 1 1
 9 9 11 9 9 16 19 19 45 45 70 45 45 15 12 12 2 2 2 1 1 3 5 5 2 2 3 3 3 2 1 1 0 0 0 0 0 1 8 8 6 6 7 8 8 2
 5 5 10 7 7 8 12 12 19 19 25 22 22 75 14 14 5 5 2 1 1 2 0 0 1 1 4 11 11 4 0 0 0 0 0 0 0 1 2 2 3 3 1 6 6 11
 5 5 10 7 7 8 12 12 19 19 25 22 22 75 14 14 5 5 2 1 1 2 0 0 1 1 4 11 11 4 0 0 0 0 0 0 0 1 2 2 3 3 1 6 6 11
 7 7 8 8 8 12 9 9 6 6 5 6 6 3 4 4 3 3 1 4 4 2 7 7 4 4 2 3 3 4 7 7 6 6 11 0 0 4 8 8 7 7 4 2 2 1
 7 7 8 8 8 12 9 9 6 6 5 6 6 3 4 4 3 3 1 4 4 2 7 7 4 4 2 3 3 4 7 7 6 6 11 0 0 4 8 8 7 7 4 2 2 1
 8 8 10 6 6 7 4 4 3 3 2 3 3 3 2 2 2 2 1 0 0 6 4 4 4 4 3 9 9 6 10 10 31 31 15 4 4 0 4 4 5 5 5 8 8 0
 15 15 10 11 11 10 2 2 1 1 2 4 4 8 15 15 16 16 8 4 4 2 4 4 2 2 3 3 3 4 7 7 7 7 3 1 1 4 5 5 7 7 5 5 5 0
 15 15 10 11 11 10 2 2 1 1 2 4 4 8 15 15 16 16 8 4 4 2 4 4 2 2 3 3 3 4 7 7 7 7 3 1 1 4 5 5 7 7 5 5 5 0
 17 17 13 10 10 15 2 2 1 1 3 2 2 3 7 7 10 10 8 4 4 4 3 3 2 2 1 3 3 5 4 4 8 8 3 1 1 1 4 4 1 1 0 3 3 2
 32 32 25 45 45 43 25 25 2 2 4 6 6 5 10 10 12 12 11 8 8 3 11 11 10 10 3 4 4 2 4 4 4 4 1 0 0 1 0 0 0 0 2 10 10 8
 32 32 25 45 45 43 25 25 2 2 4 6 6 5 10 10 12 12 11 8 8 3 11 11 10 10 3 4 4 2 4 4 4 4 1 0 0 1 0 0 0 0 2 10 10 8
 26 26 49 82 82 87 47 47 13 13 10 10 10 7 11 11 14 14 14 11 11 5 3 3 1 1 4 6 6 3 5 5 3 3 2 1 1 1 0 0 2 2 3 10 10 6
 26 26 49 82 82 87 47 47 13 13 10 10 10 7 11 11 14 14 14 11 11 5 3 3 1 1 4 6 6 3 5 5 3 3 2 1 1 1 0 0 2 2 3 10 10 6
 24 24 46 83 83 86 16 16 13 13 10 14 14 5 6 6 8 8 7 8 8 6 5 5 4 4 7 1 1 2 1 1 1 1 0 0 0 0 0 0 1 1 2 7 7 4
 19 19 50 64 64 26 7 7 6 6 7 4 4 4 6 6 5 5 11 9 9 9 5 5 3 3 2 2 2 4 0 0 0 0 0 0 0 0 3 3 0 0 0 2 2 2
 19 19 50 64 64 26 7 7 6 6 7 4 4 4 6 6 5 5 11 9 9 9 5 5 3 3 2 2 2 4 0 0 0 0 0 0 0 0 3 3 0 0 0 2 2 2
 74 74 74 62 62 16 7 7 5 5 8 8 8 4 5 5 5 5 5 5 5 5 6 6 4 4 2 2 2 1 0 0 0 0 0 1 1 1 1 1 1 1 1 1 1 1
 41 41 45 11 11 11 8 8 7 7 8 7 7 5 5 5 4 4 5 5 5 3 2 2 2 2 2 2 2 2 2 2 0 0 0 1 1 1 2 2 2 2 4 6 6 10
 41 41 45 11 11 11 8 8 7 7 8 7 7 5 5 5 4 4 5 5 5 3 2 2 2 2 2 2 2 2 2 2 0 0 0 1 1 1 2 2 2 2 4 6 6 10
 13 13 12 13 13 16 10 10 9 9 9 10 10 12 7 7 3 3 2 2 2 1 1 1 1 1 1 1 1 1 1 1 0 0 0 1 1 1 2 2 3 3 9 13 13 5
 13 13 12 13 13 16 10 10 9 9 9 10 10 12 7 7 3 3 2 2 2 1 1 1 1 1 1 1 1 1 1 1 0 0 0 1 1 1 2 2 3 3 9 13 13 5
 17 17 19 19 19 22 16 16 15 15 8 17 17 17 2 2 2 2 2 7 7 1 1 1 1 1 1 0 0 1 1 1 2 2 1 1 1 1 2 2 4 4 36 16 16 12
 31 31 25 22 22 21 23 23 18 18 21 31 31 4 4 4 2 2 5 5 5 3 3 3 1 1 1 0 0 0 1 1 1 1 1 1 1 0 2 2 4 4 10 27 27 9
 31 31 25 22 22 21 23 23 18 18 21 31 31 4 4 4 2 2 5 5 5 3 3 3 1 1 1 0 0 0 1 1 1 1 1 1 1 0 2 2 4 4 10 27 27 9
 68 68 54 31 31 36 49 49 23 23 19 19 19 21 3 3 1 1 3 3 3 11 3 3 0 0 1 0 0 0 0 0 0 0 0 0 0 0 0 0 1 1 5 13 13 14
 107 107 62 31 31 35 48 48 27 27 17 17 17 2 2 2 0 0 0 2 2 8 4 4 3 3 1 1 1 4 1 1 1 1 0 0 0 1 6 6 6 6 5 4 4 4
 107 107 62 31 31 35 48 48 27 27 17 17 17 2 2 2 0 0 0 2 2 8 4 4 3 3 1 1 1 4 1 1 1 1 0 0 0 1 6 6 6 6 5 4 4 4
 128 128 67 48 48 31 25 25 14 14 9 9 9 2 2 2 0 0 0 2 2 8 6 6 1 1 2 0 0 2 3 3 5 5 1 1 1 3 5 5 3 3 6 5 5 7
 128 128 67 48 48 31 25 25 14 14 9 9 9 2 2 2 0 0 0 2 2 8 6 6 1 1 2 0 0 2 3 3 5 5 1 1 1 3 5 5 3 3 6 5 5 7
 139 139 126 80 80 61 38 38 32 32 8 10 10 1 1 1 2 2 2 1 1 5 5 5 2 2 1 1 1 5 5 5 6 6 6 4 4 5 6 6 13 13 10 5 5 11
 98 98 87 85 85 61 37 37 33 33 33 7 7 1 1 1 2 2 3 2 2 3 4 4 1 1 2 2 2 4 8 8 7 7 5 4 4 7 6 6 14 14 11 5 5 8
 98 98 87 85 85 61 37 37 33 33 33 7 7 1 1 1 2 2 3 2 2 3 4 4 1 1 2 2 2 4 8 8 7 7 5 4 4 7 6 6 14 14 11 5 5 8
 81 81 56 60 60 41 36 36 28 28 30 13 13 14 2 2 2 2 2 2 2 3 3 3 2 2 2 4 4 1 2 2 4 4 3 4 4 7 4 4 6 6 2 2 2 2
 47 47 44 37 37 33 44 44 30 30 29 16 16 19 5 5 2 2 3 4 4 3 3 3 5 5 3 3 3 3 3 3 2 2 1 1 1 1 2 2 1 1 1 1 1 1
 47 47 44 37 37 33 44 44 30 30 29 16 16 19 5 5 2 2 3 4 4 3 3 3 5 5 3 3 3 3 3 3 2 2 1 1 1 1 2 2 1 1 1 1 1 1
 34 34 38 29 29 27 28 28 21 21 24 28 28 37 21 21 14 14 6 5 5 3 2 2 5 5 4 2 2 3 2 2 2 2 1 0 0 0 0 0 1 1 0 1 1 1
 34 34 38 29 29 27 28 28 21 21 24 28 28 37 21 21 14 14 6 5 5 3 2 2 5 5 4 2 2 3 2 2 2 2 1 0 0 0 0 0 1 1 0 1 1 1
 18 18 32 22 22 21 16 16 22 22 26 32 32 44 39 39 23 23 17 7 7 5 4 4 4 4 7 3 3 1 1 1 0 0 0 0 0 0 0 0 0 0 1 1 1 1
 15 15 23 22 22 25 15 15 23 23 35 33 33 40 46 46 33 33 20 7 7 4 3 3 3 3 6 2 2 3 1 1 1 1 0 5 5 1 0 0 1 1 0 4 4 0
 15 15 23 22 22 25 15 15 23 23 35 33 33 40 46 46 33 33 20 7 7 4 3 3 3 3 6 2 2 3 1 1 1 1 0 5 5 1 0 0 1 1 0 4 4 0
 17 17 27 20 20 17 18 18 24 24 41 32 32 31 41 41 37 37 12 8 8 5 3 3 5 5 5 1 1 2 1 1 1 1 5 5 5 1 1 1 1 1 0 0 0 0
 10 10 11 15 15 20 17 17 23 23 30 30 30 23 16 16 18 18 14 14 14 10 4 4 6 6 5 4 4 2 1 1 1 1 0 1 1 3 2 2 1 1 2 0 0 0
 10 10 11 15 15 20 17 17 23 23 30 30 30 23 16 16 18 18 14 14 14 10 4 4 6 6 5 4 4 2 1 1 1 1 0 1 1 3 2 2 1 1 2 0 0 0
 9 9 11 16 16 14 14 14 24 24 18 24 24 15 11 11 13 13 16 15 15 20 6 6 5 5 5 5 5 3 3 3 0 0 0 0 0 1 1 1 1 1 0 17 17 1
 9 9 11 16 16 14 14 14 24 24 18 24 24 15 11 11 13 13 16 15 15 20 6 6 5 5 5 5 5 3 3 3 0 0 0 0 0 1 1 1 1 1 0 17 17 1
 21 21 14 15 15 16 18 18 13 13 15 16 16 11 14 14 10 10 5 10 10 11 3 3 4 4 8 4 4 1 1 1 0 0 1 1 1 1 1 1 0 0 0 0 0 0
 21 21 15 19 19 19 19 19 16 16 23 23 23 24 24 24 16 16 6 5 5 2 5 5 4 4 8 7 7 3 1 1 0 0 1 2 2 1 1 1 0 0 0 0 0 0
 21 21 15 19 19 19 19 19 16 16 23 23 23 24 24 24 16 16 6 5 5 2 5 5 4 4 8 7 7 3 1 1 0 0 1 2 2 1 1 1 0 0 0 0 0 0
 13 13 19 24 24 26 26 26 31 31 39 38 38 37 28 28 22 22 17 4 4 4 4 4 5 5 6 6 6 5 4 4 4 4 3 3 3 1 1 1 0 0 0 0 0 0
 24 24 28 25 25 30 31 31 35 35 36 42 42 51 30 30 28 28 20 14 14 10 10 10 5 5 3 3 3 6 1 1 4 4 4 2 2 1 0 0 0 0 0 0 0 0
 24 24 28 25 25 30 31 31 35 35 36 42 42 51 30 30 28 28 20 14 14 10 10 10 5 5 3 3 3 6 1 1 4 4 4 2 2 1 0 0 0 0 0 0 0 0
 23 23 26 27 27 30 31 31 37 37 44 53 53 52 55 55 58 58 24 33 33 11 8 8 7 7 4 4 4 7 5 5 1 1 1 0 0 0 0 0 0 0 0 0 0 0
 23 23 26 27 27 30 31 31 37 37 44 53 53 52 55 55 58 58 24 33 33 11 8 8 7 7 4 4 4 7 5 5 1 1 1 0 0 0 0 0 0 0 0 0 0 0
 23 23 33 32 32 28 33 33 42 42 48 56 56 60 63 63 59 59 32 29 29 20 24 24 8 8 7 4 4 4 7 7 2 2 1 1 1 0 0 0 0 0 0 0 0 0
 24 24 25 26 26 29 33 33 42 42 45 54 54 65 59 59 59 59 46 29 29 18 39 39 27 27 12 5 5 3 4 4 5 5 1 0 0 0 0 0 0 0 1 0 0 0
 24 24 25 26 26 29 33 33 42 42 45 54 54 65 59 59 59 59 46 29 29 18 39 39 27 27 12 5 5 3 4 4 5 5 1 0 0 0 0 0 0 0 1 0 0 0
 22 22 24 25 25 33 20 20 35 35 42 45 45 59 59 59 50 50 36 36 36 23 26 26 27 27 22 6 6 2 3 3 5 5 5 1 1 0 1 1 0 0 1 0 0 0
 19 19 16 21 21 22 20 20 32 32 42 32 32 34 47 47 46 46 37 37 37 34 23 23 26 26 13 16 16 3 5 5 6 6 5 2 2 4 1 1 1 1 1 0 0 0
 19 19 16 21 21 22 20 20 32 32 42 32 32 34 47 47 46 46 37 37 37 34 23 23 26 26 13 16 16 3 5 5 6 6 5 2 2 4 1 1 1 1 1 0 0 0
 18 18 18 18 18 22 21 21 18 18 30 35 35 27 33 33 33 33 32 29 29 29 25 25 19 19 11 8 8 5 6 6 6 6 6 8 8 4 1 1 2 2 1 2 2 1
 18 18 18 18 18 22 21 21 18 18 30 35 35 27 33 33 33 33 32 29 29 29 25 25 19 19 11 8 8 5 6 6 6 6 6 8 8 4 1 1 2 2 1 2 2 1
 15 15 15 16 16 19 19 19 16 16 24 17 17 18 15 15 21 21 28 25 25 24 15 15 13 13 12 19 19 10 2 2 4 4 3 3 3 10 1 1 1 1 1 1 1 1
 12 12 13 11 11 15 11 11 18 18 13 13 13 14 9 9 12 12 14 16 16 15 12 12 11 11 10 8 8 8 5 5 3 3 2 2 2 5 3 3 3 3 0 1 1 1
 12 12 13 11 11 15 11 11 18 18 13 13 13 14 9 9 12 12 14 16 16 15 12 12 11 11 10 8 8 8 5 5 3 3 2 2 2 5 3 3 3 3 0 1 1 1
 14 14 9 11 11 9 9 9 7 7 6 7 7 8 9 9 5 5 6 9 9 8 8 8 8 8 6 2 2 4 5 5 8 8 0 1 1 1 1 1 2 2 2 1 1 0
 7 7 9 7 7 8 7 7 6 6 6 5 5 6 5 5 4 4 6 4 4 4 5 5 3 3 1 4 4 4 4 4 3 3 1 0 0 1 1 1 0 0 1 0 0 0
