assets/RAT_results/precipitation/2017-10-16_IMERG.asc
ncols        46
nrows        77
xllcorner    74.800261325624
yllcorner    8.058333333333
cellsize     0.062500000000
NODATA_value -9999
 3 3 6 3 3 3 3 3 4 4 15 1 1 2 15 15 2 2 2 5 5 2 2 2 2 2 2 1 1 1 1 1 1 1 3 4 4 2 3 3 2 2 4 11 11 6
 3 3 8 5 5 2 2 2 2 2 3 7 7 3 3 3 5 5 4 5 5 3 3 3 2 2 2 1 1 1 2 2 4 4 4 6 6 1 1 1 1 1 3 12 12 4
 3 3 8 5 5 2 2 2 2 2 3 7 7 3 3 3 5 5 4 5 5 3 3 3 2 2 2 1 1 1 2 2 4 4 4 6 6 1 1 1 1 1 3 12 12 4
 3 3 4 5 5 4 3 3 2 2 4 5 5 10 3 3 5 5 4 3 3 3 3 3 2 2 1 2 2 1 2 2 4 4 9 5 5 2 2 2 4 4 4 4 4 7
 2 2 5 5 5 6 5 5 4 4 4 2 2 2 4 4 6 6 6 2 2 1 3 3 1 1 1 3 3 2 2 2 4 4 6 4 4 6 3 3 4 4 6 13 13 10
 2 2 5 5 5 6 5 5 4 4 4 2 2 2 4 4 6 6 6 2 2 1 3 3 1 1 1 3 3 2 2 2 4 4 6 4 4 6 3 3 4 4 6 13 13 10
 3 3 3 6 6 8 5 5 5 5 3 4 4 3 4 4 6 6 5 2 2 1 1 1 1 1 2 6 6 4 3 3 4 4 11 6 6 5 5 5 5 5 5 7 7 8
 3 3 3 6 6 8 5 5 5 5 3 4 4 3 4 4 6 6 5 2 2 1 1 1 1 1 2 6 6 4 3 3 4 4 11 6 6 5 5 5 5 5 5 7 7 8
 3 3 4 6 6 10 7 7 5 5 3 3 3 3 4 4 4 4 3 2 2 1 1 1 2 2 2 4 4 3 4 4 3 3 10 9 9 8 3 3 6 6 6 8 8 8
 3 3 4 5 5 10 8 8 3 3 3 3 3 6 5 5 4 4 3 2 2 1 2 2 2 2 1 4 4 3 3 3 3 3 6 8 8 11 8 8 3 3 7 5 5 6
 3 3 4 5 5 10 8 8 3 3 3 3 3 6 5 5 4 4 3 2 2 1 2 2 2 2 1 4 4 3 3 3 3 3 6 8 8 11 8 8 3 3 7 5 5 6
 3 3 4 7 7 8 9 9 4 4 5 8 8 5 6 6 4 4 6 2 2 3 1 1 1 1 1 3 3 4 4 4 6 6 3 9 9 10 9 9 7 7 3 5 5 6
 2 2 4 5 5 8 11 11 8 8 8 11 11 12 7 7 7 7 4 3 3 2 2 2 3 3 3 4 4 4 5 5 3 3 3 3 3 11 12 12 7 7 4 10 10 9
 2 2 4 5 5 8 11 11 8 8 8 11 11 12 7 7 7 7 4 3 3 2 2 2 3 3 3 4 4 4 5 5 3 3 3 3 3 11 12 12 7 7 4 10 10 9
 3 3 2 3 3 5 7 7 10 10 14 13 13 12 6 6 3 3 4 3 3 2 2 2 2 2 3 4 4 4 2 2 1 1 3 4 4 5 7 7 8 8 6 10 10 8
 3 3 2 3 3 5 7 7 10 10 14 13 13 12 6 6 3 3 4 3 3 2 2 2 2 2 3 4 4 4 2 2 1 1 3 4 4 5 7 7 8 8 6 10 10 8
 3 3 2 2 2 3 3 3 5 5 10 14 14 10 6 6 3 3 4 2 2 3 2 2 2 2 2 5 5 6 4 4 3 3 3 3 3 5 7 7 5 5 3 7 7 16
 9 9 4 2 2 2 5 5 4 4 10 12 12 15 3 3 5 5 6 3 3 2 2 2 2 2 2 2 2 5 4 4 4 4 4 5 5 6 7 7 7 7 7 9 9 11
 9 9 4 2 2 2 5 5 4 4 10 12 12 15 3 3 5 5 6 3 3 2 2 2 2 2 2 2 2 5 4 4 4 4 4 5 5 6 7 7 7 7 7 9 9 11
 12 12 4 3 3 2 5 5 9 9 10 8 8 9 4 4 5 5 7 7 7 3 3 3 3 3 2 4 4 5 4 4 4 4 5 6 6 6 10 10 8 8 10 11 11 9
 11 11 17 3 3 2 3 3 4 4 5 7 7 11 13 13 5 5 34 9 9 7 5 5 3 3 3 3 3 3 3 3 5 5 6 5 5 5 6 6 7 7 9 12 12 12
 11 11 17 3 3 2 3 3 4 4 5 7 7 11 13 13 5 5 34 9 9 7 5 5 3 3 3 3 3 3 3 3 5 5 6 5 5 5 6 6 7 7 9 12 12 12
 18 18 23 18 18 2 3 3 2 2 5 6 6 12 13 13 22 22 22 11 11 9 5 5 3 3 3 3 3 5 4 4 7 7 6 6 6 5 5 5 9 9 8 9 9 7
 18 18 23 18 18 2 3 3 2 2 5 6 6 12 13 13 22 22 22 11 11 9 5 5 3 3 3 3 3 5 4 4 7 7 6 6 6 5 5 5 9 9 8 9 9 7
 29 29 27 15 15 2 2 2 3 3 5 10 10 20 20 20 22 22 20 6 6 10 4 4 3 3 3 4 4 6 6 6 3 3 5 3 3 5 10 10 5 5 7 7 7 12
 42 42 24 15 15 15 2 2 3 3 5 5 5 23 11 11 24 24 22 7 7 7 4 4 3 3 2 5 5 5 2 2 2 2 2 2 2 4 5 5 6 6 6 10 10 10
 42 42 24 15 15 15 2 2 3 3 5 5 5 23 11 11 24 24 22 7 7 7 4 4 3 3 2 5 5 5 2 2 2 2 2 2 2 4 5 5 6 6 6 10 10 10
 43 43 25 24 24 5 3 3 6 6 5 4 4 10 9 9 11 11 12 8 8 4 2 2 2 2 4 5 5 4 2 2 2 2 2 2 2 2 3 3 6 6 6 9 9 8
 31 31 33 34 34 21 13 13 8 8 3 1 1 1 8 8 10 10 14 11 11 4 4 4 3 3 4 5 5 4 2 2 2 2 2 2 2 3 2 2 2 2 5 2 2 5
 31 31 33 34 34 21 13 13 8 8 3 1 1 1 8 8 10 10 14 11 11 4 4 4 3 3 4 5 5 4 2 2 2 2 2 2 2 3 2 2 2 2 5 2 2 5
 50 50 42 39 39 26 16 16 12 12 11 3 3 2 9 9 7 7 11 9 9 4 3 3 3 3 4 4 4 5 1 1 1 1 2 1 1 3 2 2 2 2 2 2 2 5
 50 50 42 39 39 26 16 16 12 12 11 3 3 2 9 9 7 7 11 9 9 4 3 3 3 3 4 4 4 5 1 1 1 1 2 1 1 3 2 2 2 2 2 2 2 5
 44 44 36 35 35 22 18 18 17 17 14 6 6 3 9 9 14 14 11 9 9 5 3 3 4 4 3 1 1 1 1 1 1 1 1 1 1 2 2 2 2 2 6 2 2 2
 51 51 43 33 33 27 23 23 21 21 11 10 10 9 10 10 6 6 5 7 7 7 2 2 3 3 2 1 1 2 0 0 0 0 1 2 2 3 0 0 2 2 1 4 4 3
 51 51 43 33 33 27 23 23 21 21 11 10 10 9 10 10 6 6 5 7 7 7 2 2 3 3 2 1 1 2 0 0 0 0 1 2 2 3 0 0 2 2 1 4 4 3
 43 43 47 34 34 27 27 27 52 52 17 14 14 19 10 10 9 9 9 7 7 4 4 4 2 2 1 2 2 2 1 1 1 1 2 0 0 2 2 2 2 2 2 6 6 5
 25 25 24 35 35 36 30 30 32 32 21 19 19 12 8 8 9 9 8 8 8 5 4 4 4 4 4 3 3 4 3 3 4 4 3 3 3 4 2 2 2 2 4 4 4 10
 25 25 24 35 35 36 30 30 32 32 21 19 19 12 8 8 9 9 8 8 8 5 4 4 4 4 4 3 3 4 3 3 4 4 3 3 3 4 2 2 2 2 4 4 4 10
 24 24 32 32 32 30 30 30 27 27 30 30 30 13 8 8 10 10 8 8 8 10 19 19 7 7 7 12 12 19 6 6 2 2 4 3 3 2 1 1 2 2 3 0 0 6
 24 24 32 32 32 30 30 30 27 27 30 30 30 13 8 8 10 10 8 8 8 10 19 19 7 7 7 12 12 19 6 6 2 2 4 3 3 2 1 1 2 2 3 0 0 6
 16 16 23 19 19 26 26 26 34 34 51 33 33 16 10 10 10 10 9 13 13 22 37 37 17 17 20 23 23 21 17 17 6 6 6 4 4 5 3 3 2 2 1 2 2 4
 11 11 13 8 8 12 12 12 32 32 42 33 33 28 24 24 13 13 13 33 33 29 44 44 15 15 19 38 38 36 16 16 28 28 16 11 11 7 4 4 4 4 3 8 8 5
 11 11 13 8 8 12 12 12 32 32 42 33 33 28 24 24 13 13 13 33 33 29 44 44 15 15 19 38 38 36 16 16 28 28 16 11 11 7 4 4 4 4 3 8 8 5
 9 9 10 8 8 9 11 11 23 23 23 30 30 32 40 40 36 36 15 16 16 27 13 13 15 15 9 8 8 10 9 9 35 35 14 14 14 16 7 7 5 5 3 4 4 4
 8 8 6 5 5 4 11 11 17 17 13 32 32 36 43 43 29 29 28 25 25 14 13 13 12 12 32 10 10 6 13 13 10 10 10 5 5 10 5 5 3 3 2 1 1 2
 8 8 6 5 5 4 11 11 17 17 13 32 32 36 43 43 29 29 28 25 25 14 13 13 12 12 32 10 10 6 13 13 10 10 10 5 5 10 5 5 3 3 2 1 1 2
 3 3 4 6 6 8 9 9 7 7 10 16 16 22 32 32 32 32 39 26 26 18 11 11 13 13 10 7 7 3 1 1 3 3 7 7 7 5 3 3 2 2 2 2 2 3
 3 3 4 6 6 8 9 9 7 7 10 16 16 22 32 32 32 32 39 26 26 18 11 11 13 13 10 7 7 3 1 1 3 3 7 7 7 5 3 3 2 2 2 2 2 3
 5 5 3 4 4 3 3 3 4 4 6 8 8 25 37 37 32 32 30 20 20 27 23 23 20 20 12 5 5 3 2 2 3 3 3 2 2 4 7 7 3 3 3 2 2 2
 3 3 1 3 3 2 3 3 3 3 4 11 11 20 30 30 38 38 31 22 22 26 11 11 25 25 16 10 10 15 3 3 2 2 3 6 6 9 5 5 4 4 4 4 4 4
 3 3 1 3 3 2 3 3 3 3 4 11 11 20 30 30 38 38 31 22 22 26 11 11 25 25 16 10 10 15 3 3 2 2 3 6 6 9 5 5 4 4 4 4 4 4
 0 0 1 1 1 1 5 5 3 3 4 6 6 8 21 21 31 31 15 8 8 5 16 16 23 23 10 11 11 7 7 7 5 5 4 5 5 4 2 2 5 5 6 2 2 1
 0 0 0 0 0 1 2 2 3 3 5 6 6 8 9 9 11 11 9 12 12 5 9 9 11 11 12 8 8 13 8 8 4 4 8 9 9 13 8 8 7 7 10 2 2 1
 0 0 0 0 0 1 2 2 3 3 5 6 6 8 9 9 11 11 9 12 12 5 9 9 11 11 12 8 8 13 8 8 4 4 8 9 9 13 8 8 7 7 10 2 2 1
 0 0 0 1 1 1 4 4 5 5 5 5 5 5 6 6 5 5 9 10 10 12 8 8 12 12 10 6 6 4 3 3 8 8 9 10 10 3 6 6 9 9 8 1 1 1
 0 0 0 1 1 1 4 4 5 5 5 5 5 5 6 6 5 5 9 10 10 12 8 8 12 12 10 6 6 4 3 3 8 8 9 10 10 3 6 6 9 9 8 1 1 1
 0 0 1 1 1 1 4 4 3 3 3 4 4 5 4 4 9 9 6 10 10 10 7 7 27 27 9 5 5 1 2 2 1 1 2 3 3 2 5 5 14 14 12 2 2 1
 0 0 1 1 1 1 3 3 3 3 3 3 3 1 2 2 3 3 23 23 23 11 7 7 5 5 5 8 8 0 1 1 1 1 2 0 0 0 3 3 3 3 2 2 2 0
 0 0 1 1 1 1 3 3 3 3 3 3 3 1 2 2 3 3 23 23 23 11 7 7 5 5 5 8 8 0 1 1 1 1 2 0 0 0 3 3 3 3 2 2 2 0
 0 0 1 1 1 0 1 1 1 1 0 0 0 1 1 1 2 2 5 2 2 1 1 1 4 4 8 6 6 1 2 2 3 3 0 0 0 1 3 3 3 3 2 0 0 0
 0 0 0 0 0 0 0 0 0 0 0 0 0 1 0 0 1 1 1 2 2 1 1 1 5 5 5 10 10 6 1 1 5 5 2 1 1 1 2 2 3 3 3 1 1 0
 0 0 0 0 0 0 0 0 0 0 0 0 0 1 0 0 1 1 1 2 2 1 1 1 5 5 5 10 10 6 1 1 5 5 2 1 1 1 2 2 3 3 3 1 1 0
 0 0 0 0 0 0 0 0 0 0 0 0 0 0 0 0 0 0 1 1 1 0 0 0 3 3 3 5 5 6 2 2 1 1 1 1 1 1 2 2 4 4 8 2 2 1
 0 0 0 0 0 0 0 0 0 0 0 0 0 0 0 0 0 0 1 1 1 0 0 0 3 3 3 5 5 6 2 2 1 1 1 1 1 1 2 2 4 4 8 2 2 1
 0 0 0 0 0 0 0 0 0 0 0 0 0 0 0 0 0 0 0 1 1 0 0 0 1 1 3 3 3 1 4 4 0 0 1 1 1 1 3 3 5 5 5 4 4 2
 0 0 0 0 0 0 0 0 0 0 0 0 0 0 0 0 0 0 0 0 0 0 0 0 0 0 0 2 2 3 4 4 4 4 1 1 1 1 5 5 8 8 4 4 4 3
 0 0 0 0 0 0 0 0 0 0 0 0 0 0 0 0 0 0 0 0 0 0 0 0 0 0 0 2 2 3 4 4 4 4 1 1 1 1 5 5 8 8 4 4 4 3
 0 0 0 0 0 0 0 0 0 0 0 0 0 0 0 0 0 0 0 0 0 0 0 0 0 0 0 2 2 1 2 2 3 3 2 2 2 1 4 4 6 6 7 3 3 3
 0 0 0 0 0 0 1 1 1 1 0 0 0 0 0 0 0 0 0 0 0 0 0 0 0 0 0 1 1 2 1 1 2 2 2 1 1 2 3 3 4 4 8 5 5 3
 0 0 0 0 0 0 1 1 1 1 0 0 0 0 0 0 0 0 0 0 0 0 0 0 0 0 0 1 1 2 1 1 2 2 2 1 1 2 3 3 4 4 8 5 5 3
 0 0 0 0 0 0 2 2 1 1 1 1 1 0 0 0 0 0 0 0 0 0 0 0 0 0 0 0 0 1 1 1 1 1 2 2 2 2 2 2 3 3 6 5 5 3
 0 0 0 0 0 0 2 2 1 1 1 1 1 0 0 0 0 0 0 0 0 0 0 0 0 0 0 0 0 1 1 1 1 1 2 2 2 2 2 2 3 3 6 5 5 3
 0 0 0 0 0 0 2 2 2 2 1 1 1 0 0 0 0 0 0 0 0 0 0 0 0 0 0 0 0 1 1 1 1 1 1 2 2 3 2 2 2 2 2 2 2 2
 0 0 0 0 0 3 3 3 2 2 2 4 4 2 2 2 0 0 0 0 0 0 0 0 0 0 0 0 0 0 0 0 0 0 1 1 1 3 3 3 2 2 1 2 2 2
 0 0 0 0 0 3 3 3 2 2 2 4 4 2 2 2 0 0 0 0 0 0 0 0 0 0 0 0 0 0 0 0 0 0 1 1 1 3 3 3 2 2 1 2 2 2
 0 0 0 0 0 4 3 3 3 3 3 4 4 3 3 3 0 0 0 0 0 0 0 0 0 0 0 0 0 0 0 0 0 0 1 1 1 2 4 4 6 6 9 5 5 5
 0 0 0 0 0 4 4 4 5 5 4 6 6 4 4 4 0 0 0 0 0 0 0 0 0 0 0 0 0 0 0 0 0 0 0 1 1 2 3 3 4 4 11 7 7 2
