assets/RAT_results/precipitation/2017-06-02_IMERG.asc
ncols        46
nrows        77
xllcorner    74.800261325624
yllcorner    8.058333333333
cellsize     0.062500000000
NODATA_value -9999
 29 29 11 8 8 2 0 0 0 0 0 0 0 0 0 0 0 0 0 0 0 0 0 0 0 0 0 0 0 0 0 0 0 0 0 0 0 0 0 0 0 0 0 0 0 0
 36 36 14 7 7 4 3 3 1 1 0 0 0 0 0 0 0 0 0 0 0 0 0 0 0 0 0 0 0 0 0 0 0 0 0 0 0 0 0 0 0 0 0 0 0 0
 36 36 14 7 7 4 3 3 1 1 0 0 0 0 0 0 0 0 0 0 0 0 0 0 0 0 0 0 0 0 0 0 0 0 0 0 0 0 0 0 0 0 0 0 0 0
 25 25 32 12 12 4 3 3 1 1 0 1 1 0 0 0 0 0 0 0 0 0 0 0 0 0 0 0 0 0 0 0 0 0 0 0 0 1 1 1 1 1 1 1 1 2
 8 8 14 12 12 19 9 9 2 2 1 0 0 0 0 0 0 0 1 0 0 0 0 0 0 0 0 0 0 0 0 0 0 0 0 1 1 2 3 3 2 2 2 3 3 8
 8 8 14 12 12 19 9 9 2 2 1 0 0 0 0 0 0 0 1 0 0 0 0 0 0 0 0 0 0 0 0 0 0 0 0 1 1 2 3 3 2 2 2 3 3 8
 11 11 22 22 22 19 4 4 4 4 2 9 9 5 1 1 0 0 0 0 0 0 0 0 0 0 0 0 0 0 0 0 0 0 1 1 1 3 4 4 4 4 3 8 8 9
 11 11 22 22 22 19 4 4 4 4 2 9 9 5 1 1 0 0 0 0 0 0 0 0 0 0 0 0 0 0 0 0 0 0 1 1 1 3 4 4 4 4 3 8 8 9
 15 15 27 29 29 23 12 12 4 4 10 1 1 0 0 0 0 0 0 0 0 0 0 0 0 0 0 0 0 0 0 0 1 1 1 2 2 3 5 5 4 4 4 5 5 8
 26 26 16 24 24 16 11 11 5 5 10 1 1 1 1 1 0 0 0 0 0 1 0 0 1 1 0 0 0 0 1 1 1 1 1 2 2 4 4 4 3 3 3 10 10 11
 26 26 16 24 24 16 11 11 5 5 10 1 1 1 1 1 0 0 0 0 0 1 0 0 1 1 0 0 0 0 1 1 1 1 1 2 2 4 4 4 3 3 3 10 10 11
 9 9 11 14 14 13 7 7 8 8 5 4 4 2 0 0 0 0 1 0 0 0 1 1 1 1 1 0 0 1 1 1 2 2 2 4 4 3 3 3 1 1 6 17 17 20
 9 9 18 13 13 22 13 13 11 11 6 6 6 19 13 13 13 13 1 0 0 0 1 1 1 1 1 1 1 1 2 2 2 2 3 3 3 3 2 2 1 1 3 2 2 4
 9 9 18 13 13 22 13 13 11 11 6 6 6 19 13 13 13 13 1 0 0 0 1 1 1 1 1 1 1 1 2 2 2 2 3 3 3 3 2 2 1 1 3 2 2 4
 5 5 9 5 5 22 8 8 11 11 6 9 9 19 11 11 13 13 0 0 0 0 1 1 1 1 1 1 1 2 3 3 4 4 4 5 5 4 4 4 3 3 2 5 5 24
 5 5 9 5 5 22 8 8 11 11 6 9 9 19 11 11 13 13 0 0 0 0 1 1 1 1 1 1 1 2 3 3 4 4 4 5 5 4 4 4 3 3 2 5 5 24
 14 14 16 10 10 10 11 11 5 5 12 11 11 11 12 12 3 3 0 2 2 2 0 0 1 1 1 1 1 2 4 4 5 5 6 8 8 8 7 7 5 5 1 6 6 26
 18 18 9 17 17 11 8 8 3 3 16 14 14 10 5 5 7 7 3 2 2 2 1 1 1 1 1 1 1 2 3 3 3 3 4 7 7 7 6 6 5 5 1 1 1 0
 18 18 9 17 17 11 8 8 3 3 16 14 14 10 5 5 7 7 3 2 2 2 1 1 1 1 1 1 1 2 3 3 3 3 4 7 7 7 6 6 5 5 1 1 1 0
 34 34 20 13 13 11 7 7 8 8 11 11 11 20 5 5 5 5 6 6 6 1 0 0 1 1 1 1 1 2 2 2 3 3 3 3 3 4 3 3 2 2 1 1 1 1
 35 35 25 12 12 7 8 8 9 9 16 15 15 8 12 12 8 8 13 4 4 1 1 1 1 1 1 1 1 1 1 1 2 2 2 2 2 1 1 1 1 1 1 2 2 2
 35 35 25 12 12 7 8 8 9 9 16 15 15 8 12 12 8 8 13 4 4 1 1 1 1 1 1 1 1 1 1 1 2 2 2 2 2 1 1 1 1 1 1 2 2 2
 37 37 37 25 25 11 18 18 14 14 12 12 12 15 10 10 12 12 6 1 1 1 1 1 1 1 1 1 1 1 0 0 0 0 3 7 7 0 1 1 1 1 2 2 2 2
 37 37 37 25 25 11 18 18 14 14 12 12 12 15 10 10 12 12 6 1 1 1 1 1 1 1 1 1 1 1 0 0 0 0 3 7 7 0 1 1 1 1 2 2 2 2
 43 43 50 29 29 28 13 13 13 13 10 10 10 17 15 15 10 10 12 1 1 1 1 1 1 1 1 1 1 1 0 0 0 0 0 0 0 0 1 1 2 2 3 3 3 2
 60 60 43 38 38 31 27 27 16 16 18 13 13 14 17 17 8 8 3 1 1 2 1 1 0 0 0 1 1 1 0 0 0 0 0 0 0 1 1 1 1 1 3 3 3 2
 60 60 43 38 38 31 27 27 16 16 18 13 13 14 17 17 8 8 3 1 1 2 1 1 0 0 0 1 1 1 0 0 0 0 0 0 0 1 1 1 1 1 3 3 3 2
 72 72 53 37 37 32 36 36 19 19 14 14 14 12 5 5 6 6 3 2 2 4 2 2 0 0 0 0 0 1 0 0 0 0 0 0 0 0 0 0 1 1 1 1 1 2
 41 41 31 29 29 32 30 30 21 21 12 6 6 18 9 9 8 8 6 4 4 3 3 3 1 1 1 1 1 1 1 1 0 0 0 0 0 0 0 0 0 0 0 1 1 1
 41 41 31 29 29 32 30 30 21 21 12 6 6 18 9 9 8 8 6 4 4 3 3 3 1 1 1 1 1 1 1 1 0 0 0 0 0 0 0 0 0 0 0 1 1 1
 25 25 21 29 29 23 30 30 17 17 11 12 12 9 5 5 11 11 10 9 9 4 2 2 2 2 0 0 0 2 1 1 0 0 0 0 0 0 0 0 0 0 1 1 1 1
 25 25 21 29 29 23 30 30 17 17 11 12 12 9 5 5 11 11 10 9 9 4 2 2 2 2 0 0 0 2 1 1 0 0 0 0 0 0 0 0 0 0 1 1 1 1
 15 15 15 14 14 20 29 29 8 8 16 4 4 6 3 3 8 8 8 11 11 3 3 3 1 1 1 1 1 0 2 2 1 1 0 0 0 0 0 0 1 1 1 1 1 1
 8 8 11 15 15 14 6 6 3 3 6 5 5 5 3 3 9 9 17 7 7 7 5 5 5 5 2 1 1 1 0 0 0 0 0 0 0 0 0 0 1 1 1 1 1 1
 8 8 11 15 15 14 6 6 3 3 6 5 5 5 3 3 9 9 17 7 7 7 5 5 5 5 2 1 1 1 0 0 0 0 0 0 0 0 0 0 1 1 1 1 1 1
 6 6 8 12 12 10 4 4 4 4 16 2 2 6 3 3 10 10 21 9 9 8 6 6 3 3 1 0 0 1 1 1 1 1 0 0 0 0 1 1 2 2 2 2 2 2
 12 12 11 9 9 5 23 23 25 25 11 5 5 1 2 2 9 9 13 11 11 16 5 5 5 5 4 4 4 2 3 3 2 2 1 2 2 1 1 1 3 3 2 3 3 3
 12 12 11 9 9 5 23 23 25 25 11 5 5 1 2 2 9 9 13 11 11 16 5 5 5 5 4 4 4 2 3 3 2 2 1 2 2 1 1 1 3 3 2 3 3 3
 24 24 32 29 29 23 24 24 15 15 16 5 5 2 2 2 5 5 8 10 10 10 5 5 3 3 8 9 9 4 5 5 2 2 2 2 2 2 2 2 3 3 5 5 5 3
 24 24 32 29 29 23 24 24 15 15 16 5 5 2 2 2 5 5 8 10 10 10 5 5 3 3 8 9 9 4 5 5 2 2 2 2 2 2 2 2 3 3 5 5 5 3
 25 25 36 27 27 23 33 33 22 22 11 7 7 4 2 2 3 3 9 23 23 18 9 9 10 10 9 6 6 5 2 2 2 2 3 4 4 4 2 2 4 4 6 11 11 7
 62 62 41 30 30 27 23 23 22 22 13 15 15 11 22 22 6 6 11 16 16 16 16 16 18 18 16 13 13 5 4 4 4 4 11 13 13 5 3 3 1 1 6 8 8 4
 62 62 41 30 30 27 23 23 22 22 13 15 15 11 22 22 6 6 11 16 16 16 16 16 18 18 16 13 13 5 4 4 4 4 11 13 13 5 3 3 1 1 6 8 8 4
 60 60 28 22 22 20 20 20 26 26 33 23 23 22 18 18 19 19 26 32 32 32 15 15 17 17 9 8 8 13 12 12 18 18 6 8 8 6 3 3 2 2 1 2 2 0
 32 32 31 25 25 32 32 32 45 45 49 39 39 31 41 41 34 34 30 27 27 28 26 26 26 26 14 13 13 10 9 9 5 5 5 7 7 3 3 3 1 1 1 1 1 0
 32 32 31 25 25 32 32 32 45 45 49 39 39 31 41 41 34 34 30 27 27 28 26 26 26 26 14 13 13 10 9 9 5 5 5 7 7 3 3 3 1 1 1 1 1 0
 37 37 36 33 33 35 39 39 48 48 59 151 151 67 42 42 74 74 63 51 51 22 19 19 24 24 14 16 16 16 5 5 4 4 5 4 4 6 3 3 1 1 0 0 0 0
 37 37 36 33 33 35 39 39 48 48 59 151 151 67 42 42 74 74 63 51 51 22 19 19 24 24 14 16 16 16 5 5 4 4 5 4 4 6 3 3 1 1 0 0 0 0
 67 67 40 39 39 37 42 42 54 54 91 107 107 93 59 59 53 53 34 34 34 43 35 35 22 22 28 27 27 25 18 18 8 8 5 2 2 0 0 0 0 0 0 0 0 0
 41 41 35 30 30 48 50 50 106 106 90 94 94 59 52 52 46 46 34 42 42 38 26 26 28 28 25 24 24 30 24 24 12 12 15 1 1 3 1 1 0 0 0 2 2 1
 41 41 35 30 30 48 50 50 106 106 90 94 94 59 52 52 46 46 34 42 42 38 26 26 28 28 25 24 24 30 24 24 12 12 15 1 1 3 1 1 0 0 0 2 2 1
 53 53 46 75 75 178 87 87 174 174 152 99 99 62 71 71 36 36 26 28 28 21 16 16 27 27 21 24 24 25 26 26 14 14 20 12 12 11 4 4 2 2 1 0 0 0
 43 43 69 97 97 223 171 171 81 81 82 69 69 58 79 79 40 40 23 17 17 14 15 15 17 17 23 28 28 36 32 32 20 20 15 9 9 9 3 3 4 4 1 1 1 2
 43 43 69 97 97 223 171 171 81 81 82 69 69 58 79 79 40 40 23 17 17 14 15 15 17 17 23 28 28 36 32 32 20 20 15 9 9 9 3 3 4 4 1 1 1 2
 126 126 122 61 61 109 80 80 85 85 84 142 142 49 43 43 29 29 56 10 10 13 15 15 18 18 18 26 26 36 28 28 21 21 12 13 13 13 7 7 10 10 2 2 2 1
 126 126 122 61 61 109 80 80 85 85 84 142 142 49 43 43 29 29 56 10 10 13 15 15 18 18 18 26 26 36 28 28 21 21 12 13 13 13 7 7 10 10 2 2 2 1
 151 151 126 68 68 118 168 168 59 59 53 35 35 38 32 32 48 48 21 10 10 11 15 15 20 20 13 19 19 23 26 26 17 17 16 11 11 8 5 5 4 4 2 2 2 0
 117 117 131 195 195 191 77 77 127 127 62 57 57 30 32 32 18 18 15 11 11 12 13 13 14 14 16 19 19 24 27 27 17 17 15 12 12 9 6 6 5 5 3 3 3 0
 117 117 131 195 195 191 77 77 127 127 62 57 57 30 32 32 18 18 15 11 11 12 13 13 14 14 16 19 19 24 27 27 17 17 15 12 12 9 6 6 5 5 3 3 3 0
 74 74 236 217 217 201 92 92 95 95 98 68 68 37 26 26 24 24 27 17 17 41 36 36 23 23 19 31 31 37 35 35 31 31 32 18 18 10 8 8 6 6 4 1 1 1
 75 75 142 238 238 93 118 118 69 69 67 137 137 65 36 36 36 36 42 25 25 37 49 49 29 29 35 67 67 56 62 62 75 75 56 65 65 74 25 25 8 8 3 0 0 0
 75 75 142 238 238 93 118 118 69 69 67 137 137 65 36 36 36 36 42 25 25 37 49 49 29 29 35 67 67 56 62 62 75 75 56 65 65 74 25 25 8 8 3 0 0 0
 61 61 79 71 71 76 90 90 83 83 90 105 105 93 65 65 65 65 51 50 50 64 68 68 56 56 59 67 67 66 98 98 101 101 115 66 66 49 17 17 4 4 0 0 0 0
 61 61 79 71 71 76 90 90 83 83 90 105 105 93 65 65 65 65 51 50 50 64 68 68 56 56 59 67 67 66 98 98 101 101 115 66 66 49 17 17 4 4 0 0 0 0
 39 39 44 53 53 55 88 88 108 108 97 114 114 104 83 83 82 82 75 67 67 70 82 82 79 79 86 101 101 73 95 95 123 123 61 51 51 35 14 14 3 3 2 1 1 1
 39 39 40 51 51 62 67 67 65 65 70 94 94 148 90 90 91 91 94 71 71 64 60 60 71 71 96 100 100 119 94 94 106 106 56 13 13 10 9 9 3 3 2 1 1 0
 39 39 40 51 51 62 67 67 65 65 70 94 94 148 90 90 91 91 94 71 71 64 60 60 71 71 96 100 100 119 94 94 106 106 56 13 13 10 9 9 3 3 2 1 1 0
 37 37 45 48 48 58 55 55 59 59 68 69 69 66 74 74 74 74 86 73 73 82 84 84 92 92 90 86 86 112 53 53 36 36 20 11 11 12 8 8 4 4 2 0 0 0
 39 39 39 49 49 58 60 60 70 70 62 60 60 51 63 63 67 67 77 70 70 85 75 75 89 89 85 78 78 64 59 59 27 27 37 9 9 14 13 13 9 9 5 1 1 1
 39 39 39 49 49 58 60 60 70 70 62 60 60 51 63 63 67 67 77 70 70 85 75 75 89 89 85 78 78 64 59 59 27 27 37 9 9 14 13 13 9 9 5 1 1 1
 47 47 56 62 62 57 65 65 47 47 39 58 58 73 51 51 56 56 60 74 74 75 76 76 65 65 72 74 74 87 70 70 61 61 20 7 7 14 8 8 6 6 5 4 4 1
 47 47 56 62 62 57 65 65 47 47 39 58 58 73 51 51 56 56 60 74 74 75 76 76 65 65 72 74 74 87 70 70 61 61 20 7 7 14 8 8 6 6 5 4 4 1
 36 36 27 48 48 55 38 38 37 37 54 53 53 47 59 59 55 55 52 51 51 55 63 63 54 54 57 53 53 52 27 27 38 38 26 9 9 9 4 4 4 4 6 3 3 3
 29 29 22 19 19 20 15 15 21 21 29 30 30 41 32 32 42 42 43 54 54 56 53 53 54 54 44 36 36 32 34 34 31 31 13 11 11 9 3 3 8 8 4 7 7 5
 29 29 22 19 19 20 15 15 21 21 29 30 30 41 32 32 42 42 43 54 54 56 53 53 54 54 44 36 36 32 34 34 31 31 13 11 11 9 3 3 8 8 4 7 7 5
 35 35 16 9 9 10 11 11 11 11 16 20 20 23 39 39 41 41 54 52 52 73 53 53 57 57 41 42 42 29 17 17 22 22 12 11 11 12 6 6 5 5 4 6 6 4
 12 12 10 8 8 9 11 11 16 16 20 17 17 25 24 24 44 44 67 62 62 60 53 53 53 53 44 36 36 28 13 13 11 11 10 5 5 6 4 4 2 2 5 3 3 1
