assets/RAT_results/precipitation/2017-07-07_IMERG.asc
ncols        46
nrows        77
xllcorner    74.800261325624
yllcorner    8.058333333333
cellsize     0.062500000000
NODATA_value -9999
 7 7 19 10 10 8 13 13 32 32 24 16 16 12 6 6 2 2 2 2 2 2 1 1 0 0 1 1 1 1 1 1 1 1 0 0 0 0 0 0 0 0 1 2 2 2
 12 12 8 18 18 17 15 15 19 19 22 17 17 13 5 5 2 2 2 2 2 3 1 1 0 0 0 0 0 1 1 1 1 1 1 0 0 0 0 0 0 0 0 1 1 0
 12 12 8 18 18 17 15 15 19 19 22 17 17 13 5 5 2 2 2 2 2 3 1 1 0 0 0 0 0 1 1 1 1 1 1 0 0 0 0 0 0 0 0 1 1 0
 13 13 13 16 16 20 21 21 22 22 16 12 12 10 11 11 3 3 3 2 2 4 2 2 0 0 0 0 0 1 1 1 1 1 0 0 0 0 1 1 0 0 2 1 1 4
 9 9 12 9 9 13 11 11 14 14 10 6 6 10 5 5 5 5 3 4 4 2 2 2 1 1 1 1 1 1 0 0 0 0 0 2 2 0 0 0 3 3 1 1 1 3
 9 9 12 9 9 13 11 11 14 14 10 6 6 10 5 5 5 5 3 4 4 2 2 2 1 1 1 1 1 1 0 0 0 0 0 2 2 0 0 0 3 3 1 1 1 3
 11 11 13 12 12 17 11 11 6 6 9 6 6 6 5 5 4 4 4 1 1 2 1 1 2 2 1 2 2 1 1 1 0 0 0 0 0 0 1 1 1 1 0 0 0 2
 11 11 13 12 12 17 11 11 6 6 9 6 6 6 5 5 4 4 4 1 1 2 1 1 2 2 1 2 2 1 1 1 0 0 0 0 0 0 1 1 1 1 0 0 0 2
 15 15 17 17 17 17 14 14 5 5 6 6 6 6 9 9 6 6 2 3 3 6 2 2 2 2 2 1 1 1 1 1 0 0 0 0 0 0 4 4 0 0 1 0 0 1
 14 14 21 25 25 12 20 20 13 13 5 16 16 6 10 10 7 7 4 4 4 3 2 2 3 3 2 2 2 2 1 1 1 1 1 0 0 0 1 1 1 1 0 0 0 0
 14 14 21 25 25 12 20 20 13 13 5 16 16 6 10 10 7 7 4 4 4 3 2 2 3 3 2 2 2 2 1 1 1 1 1 0 0 0 1 1 1 1 0 0 0 0
 6 6 11 19 19 11 12 12 12 12 16 18 18 28 15 15 15 15 10 5 5 5 2 2 2 2 3 2 2 7 2 2 1 1 1 1 1 1 1 1 1 1 0 9 9 0
 9 9 10 13 13 12 17 17 12 12 14 9 9 11 29 29 13 13 15 13 13 5 6 6 5 5 2 3 3 2 2 2 1 1 2 1 1 1 1 1 1 1 1 2 2 1
 9 9 10 13 13 12 17 17 12 12 14 9 9 11 29 29 13 13 15 13 13 5 6 6 5 5 2 3 3 2 2 2 1 1 2 1 1 1 1 1 1 1 1 2 2 1
 13 13 16 13 13 18 23 23 16 16 17 21 21 14 28 28 19 19 16 14 14 4 4 4 3 3 2 2 2 1 3 3 1 1 0 1 1 1 1 1 1 1 2 1 1 1
 13 13 16 13 13 18 23 23 16 16 17 21 21 14 28 28 19 19 16 14 14 4 4 4 3 3 2 2 2 1 3 3 1 1 0 1 1 1 1 1 1 1 2 1 1 1
 9 9 22 18 18 20 20 20 21 21 31 22 22 17 18 18 19 19 19 17 17 4 2 2 3 3 1 1 1 1 0 0 1 1 1 1 1 1 1 1 1 1 1 6 6 1
 6 6 15 14 14 19 20 20 15 15 30 34 34 21 21 21 24 24 18 10 10 6 7 7 1 1 1 0 0 0 1 1 1 1 1 1 1 1 1 1 1 1 1 2 2 0
 6 6 15 14 14 19 20 20 15 15 30 34 34 21 21 21 24 24 18 10 10 6 7 7 1 1 1 0 0 0 1 1 1 1 1 1 1 1 1 1 1 1 1 2 2 0
 9 9 9 10 10 17 24 24 24 24 26 27 27 10 10 10 7 7 7 6 6 6 1 1 1 1 1 0 0 0 1 1 1 1 1 1 1 1 0 0 0 0 0 0 0 0
 9 9 8 6 6 9 11 11 21 21 22 13 13 13 13 13 5 5 2 2 2 4 1 1 1 1 5 0 0 0 1 1 1 1 1 0 0 1 0 0 0 0 0 0 0 0
 9 9 8 6 6 9 11 11 21 21 22 13 13 13 13 13 5 5 2 2 2 4 1 1 1 1 5 0 0 0 1 1 1 1 1 0 0 1 0 0 0 0 0 0 0 0
 7 7 8 7 7 14 27 27 37 37 20 6 6 18 7 7 5 5 5 2 2 3 1 1 1 1 1 2 2 2 1 1 1 1 1 1 1 1 0 0 0 0 0 0 0 0
 7 7 8 7 7 14 27 27 37 37 20 6 6 18 7 7 5 5 5 2 2 3 1 1 1 1 1 2 2 2 1 1 1 1 1 1 1 1 0 0 0 0 0 0 0 0
 3 3 6 8 8 14 25 25 61 61 66 25 25 18 9 9 10 10 12 5 5 3 0 0 1 1 2 2 2 1 1 1 1 1 1 3 3 1 1 1 1 1 1 0 0 0
 3 3 6 8 8 16 24 24 54 54 36 19 19 28 16 16 16 16 8 7 7 5 3 3 1 1 1 1 1 2 1 1 1 1 2 6 6 5 1 1 1 1 0 0 0 1
 3 3 6 8 8 16 24 24 54 54 36 19 19 28 16 16 16 16 8 7 7 5 3 3 1 1 1 1 1 2 1 1 1 1 2 6 6 5 1 1 1 1 0 0 0 1
 2 2 3 5 5 11 18 18 41 41 26 21 21 27 13 13 28 28 14 10 10 7 4 4 2 2 1 1 1 1 1 1 2 2 1 1 1 3 0 0 0 0 0 0 0 0
 1 1 2 3 3 14 11 11 18 18 14 15 15 17 21 21 22 22 17 13 13 10 4 4 10 10 3 1 1 1 1 1 1 1 1 1 1 1 0 0 0 0 0 0 0 0
 1 1 2 3 3 14 11 11 18 18 14 15 15 17 21 21 22 22 17 13 13 10 4 4 10 10 3 1 1 1 1 1 1 1 1 1 1 1 0 0 0 0 0 0 0 0
 1 1 1 2 2 9 5 5 9 9 9 18 18 16 17 17 27 27 23 8 8 7 4 4 4 4 3 3 3 1 1 1 1 1 1 1 1 1 1 1 1 1 1 1 1 1
 1 1 1 2 2 9 5 5 9 9 9 18 18 16 17 17 27 27 23 8 8 7 4 4 4 4 3 3 3 1 1 1 1 1 1 1 1 1 1 1 1 1 1 1 1 1
 5 5 3 2 2 1 4 4 8 8 9 16 16 17 26 26 14 14 21 20 20 8 9 9 6 6 7 2 2 6 1 1 1 1 1 1 1 1 1 1 1 1 1 1 1 1
 9 9 5 3 3 1 2 2 5 5 7 13 13 12 7 7 7 7 13 26 26 11 11 11 11 11 10 16 16 7 4 4 1 1 1 1 1 1 2 2 2 2 1 1 1 1
 9 9 5 3 3 1 2 2 5 5 7 13 13 12 7 7 7 7 13 26 26 11 11 11 11 11 10 16 16 7 4 4 1 1 1 1 1 1 2 2 2 2 1 1 1 1
 12 12 7 5 5 1 2 2 2 2 2 10 10 12 7 7 6 6 8 13 13 21 54 54 27 27 18 14 14 12 15 15 2 2 2 2 2 2 2 2 2 2 2 1 1 1
 6 6 3 3 3 1 2 2 2 2 2 3 3 4 4 4 4 4 4 9 9 18 34 34 30 30 40 13 13 9 5 5 5 5 4 3 3 3 3 3 2 2 2 2 2 2
 6 6 3 3 3 1 2 2 2 2 2 3 3 4 4 4 4 4 4 9 9 18 34 34 30 30 40 13 13 9 5 5 5 5 4 3 3 3 3 3 2 2 2 2 2 2
 10 10 5 5 5 4 2 2 6 6 4 5 5 6 5 5 5 5 5 8 8 10 13 13 21 21 12 11 11 9 11 11 14 14 4 8 8 6 3 3 3 3 4 2 2 2
 10 10 5 5 5 4 2 2 6 6 4 5 5 6 5 5 5 5 5 8 8 10 13 13 21 21 12 11 11 9 11 11 14 14 4 8 8 6 3 3 3 3 4 2 2 2
 10 10 12 15 15 12 5 5 10 10 5 7 7 6 5 5 3 3 5 11 11 11 13 13 10 10 7 15 15 13 14 14 13 13 22 5 5 5 5 5 5 5 4 3 3 3
 12 12 15 15 15 17 7 7 5 5 10 12 12 14 11 11 6 6 10 7 7 20 23 23 11 11 6 6 6 13 10 10 17 17 21 7 7 5 5 5 4 4 3 3 3 3
 12 12 15 15 15 17 7 7 5 5 10 12 12 14 11 11 6 6 10 7 7 20 23 23 11 11 6 6 6 13 10 10 17 17 21 7 7 5 5 5 4 4 3 3 3 3
 8 8 10 14 14 11 5 5 5 5 5 6 6 14 6 6 9 9 13 19 19 23 19 19 15 15 10 7 7 10 9 9 24 24 57 6 6 5 5 5 4 4 3 3 3 2
 15 15 15 4 4 5 7 7 11 11 10 6 6 13 11 11 14 14 20 20 20 29 15 15 12 12 11 4 4 7 14 14 14 14 26 7 7 7 5 5 3 3 3 3 3 2
 15 15 15 4 4 5 7 7 11 11 10 6 6 13 11 11 14 14 20 20 20 29 15 15 12 12 11 4 4 7 14 14 14 14 26 7 7 7 5 5 3 3 3 3 3 2
 7 7 5 2 2 6 10 10 15 15 17 14 14 15 18 18 13 13 12 29 29 26 15 15 16 16 10 5 5 8 13 13 21 21 18 7 7 13 4 4 3 3 3 2 2 2
 7 7 5 2 2 6 10 10 15 15 17 14 14 15 18 18 13 13 12 29 29 26 15 15 16 16 10 5 5 8 13 13 21 21 18 7 7 13 4 4 3 3 3 2 2 2
 4 4 1 3 3 5 9 9 9 9 8 10 10 7 7 7 13 13 15 17 17 46 15 15 17 17 12 8 8 8 8 8 13 13 32 9 9 6 4 4 2 2 3 2 2 2
 5 5 1 2 2 6 5 5 4 4 10 2 2 11 5 5 5 5 19 17 17 14 28 28 13 13 11 10 10 5 4 4 4 4 5 5 5 5 3 3 2 2 2 1 1 1
 5 5 1 2 2 6 5 5 4 4 10 2 2 11 5 5 5 5 19 17 17 14 28 28 13 13 11 10 10 5 4 4 4 4 5 5 5 5 3 3 2 2 2 1 1 1
 2 2 4 1 1 6 11 11 4 4 4 3 3 4 7 7 11 11 9 7 7 10 20 20 17 17 14 8 8 6 4 4 3 3 4 13 13 3 2 2 2 2 1 1 1 0
 1 1 2 2 2 4 4 4 3 3 2 2 2 17 5 5 8 8 12 11 11 8 14 14 14 14 9 7 7 5 2 2 3 3 3 7 7 3 5 5 2 2 1 0 0 0
 1 1 2 2 2 4 4 4 3 3 2 2 2 17 5 5 8 8 12 11 11 8 14 14 14 14 9 7 7 5 2 2 3 3 3 7 7 3 5 5 2 2 1 0 0 0
 2 2 4 2 2 11 7 7 3 3 2 2 2 3 3 3 11 11 5 2 2 7 10 10 11 11 9 11 11 8 7 7 2 2 2 2 2 5 3 3 1 1 1 0 0 0
 2 2 4 2 2 11 7 7 3 3 2 2 2 3 3 3 11 11 5 2 2 7 10 10 11 11 9 11 11 8 7 7 2 2 2 2 2 5 3 3 1 1 1 0 0 0
 1 1 2 3 3 9 10 10 3 3 1 2 2 3 4 4 4 4 3 6 6 9 11 11 16 16 12 23 23 19 17 17 8 8 1 0 0 1 2 2 1 1 0 0 0 0
 1 1 1 4 4 6 7 7 1 1 1 1 1 5 7 7 5 5 6 4 4 7 13 13 19 19 18 23 23 38 19 19 11 11 10 1 1 3 1 1 1 1 0 0 0 0
 1 1 1 4 4 6 7 7 1 1 1 1 1 5 7 7 5 5 6 4 4 7 13 13 19 19 18 23 23 38 19 19 11 11 10 1 1 3 1 1 1 1 0 0 0 0
 1 1 1 2 2 5 6 6 1 1 1 1 1 3 6 6 6 6 3 3 3 6 11 11 24 24 16 15 15 25 21 21 9 9 4 3 3 3 2 2 1 1 0 0 0 0
 1 1 1 1 1 2 5 5 2 2 1 1 1 2 3 3 3 3 3 3 3 2 6 6 17 17 10 9 9 12 9 9 4 4 2 1 1 3 1 1 2 2 0 1 1 1
 1 1 1 1 1 2 5 5 2 2 1 1 1 2 3 3 3 3 3 3 3 2 6 6 17 17 10 9 9 12 9 9 4 4 2 1 1 3 1 1 2 2 0 1 1 1
 1 1 2 6 6 5 9 9 7 7 2 2 2 6 5 5 1 1 1 1 1 1 2 2 5 5 6 11 11 12 12 12 8 8 7 2 2 1 0 0 0 0 0 0 0 0
 1 1 2 6 6 5 9 9 7 7 2 2 2 6 5 5 1 1 1 1 1 1 2 2 5 5 6 11 11 12 12 12 8 8 7 2 2 1 0 0 0 0 0 0 0 0
 1 1 2 9 9 9 13 13 8 8 9 8 8 5 7 7 3 3 5 2 2 1 2 2 1 1 2 2 2 11 5 5 4 4 2 3 3 1 1 1 2 2 0 0 0 1
 1 1 2 6 6 10 8 8 9 9 14 13 13 4 6 6 2 2 6 2 2 2 5 5 3 3 2 6 6 6 7 7 5 5 2 3 3 2 0 0 4 4 0 0 0 0
 1 1 2 6 6 10 8 8 9 9 14 13 13 4 6 6 2 2 6 2 2 2 5 5 3 3 2 6 6 6 7 7 5 5 2 3 3 2 0 0 4 4 0 0 0 0
 1 1 2 1 1 1 2 2 6 6 17 10 10 7 3 3 1 1 1 2 2 7 5 5 6 6 4 7 7 4 8 8 4 4 3 1 1 0 0 0 1 1 0 0 0 0
 1 1 1 1 1 1 1 1 2 2 9 9 9 6 4 4 1 1 5 3 3 7 6 6 3 3 4 3 3 4 6 6 6 6 3 1 1 1 0 0 0 0 1 0 0 0
 1 1 1 1 1 1 1 1 2 2 9 9 9 6 4 4 1 1 5 3 3 7 6 6 3 3 4 3 3 4 6 6 6 6 3 1 1 1 0 0 0 0 1 0 0 0
 1 1 1 1 1 1 2 2 2 2 4 6 6 4 7 7 6 6 4 5 5 10 14 14 2 2 1 2 2 2 1 1 2 2 7 1 1 1 1 1 0 0 1 3 3 1
 1 1 1 1 1 1 2 2 2 2 4 6 6 4 7 7 6 6 4 5 5 10 14 14 2 2 1 2 2 2 1 1 2 2 7 1 1 1 1 1 0 0 1 3 3 1
 1 1 1 1 1 1 1 1 2 2 2 1 1 3 4 4 6 6 4 2 2 10 8 8 6 6 6 3 3 3 1 1 1 1 4 1 1 1 1 1 0 0 0 0 0 0
 1 1 1 1 1 1 1 1 1 1 1 1 1 3 4 4 5 5 5 1 1 3 8 8 7 7 12 5 5 6 6 6 4 4 4 1 1 2 1 1 1 1 0 0 0 0
 1 1 1 1 1 1 1 1 1 1 1 1 1 3 4 4 5 5 5 1 1 3 8 8 7 7 12 5 5 6 6 6 4 4 4 1 1 2 1 1 1 1 0 0 0 0
 11 11 1 1 1 1 1 1 1 1 1 1 1 1 1 1 1 1 1 1 1 3 3 3 6 6 7 9 9 6 4 4 5 5 6 2 2 2 1 1 1 1 1 0 0 0
 14 14 1 1 1 1 1 1 2 2 1 1 1 1 2 2 2 2 2 3 3 2 2 2 4 4 7 9 9 17 7 7 9 9 2 2 2 3 1 1 1 1 1 0 0 0
