assets/RAT_results/precipitation/2017-05-22_IMERG.asc
ncols        46
nrows        77
xllcorner    74.800261325624
yllcorner    8.058333333333
cellsize     0.062500000000
NODATA_value -9999
 3 3 0 0 0 0 0 0 0 0 2 1 1 2 1 1 2 2 4 6 6 8 3 3 1 1 2 5 5 5 14 14 10 10 12 15 15 18 24 24 24 24 30 24 24 13
 7 7 3 0 0 1 1 1 1 1 4 4 4 3 2 2 3 3 3 3 3 3 2 2 5 5 3 2 2 2 5 5 5 5 13 15 15 19 29 29 25 25 38 20 20 13
 7 7 3 0 0 1 1 1 1 1 4 4 4 3 2 2 3 3 3 3 3 3 2 2 5 5 3 2 2 2 5 5 5 5 13 15 15 19 29 29 25 25 38 20 20 13
 1 1 1 1 1 1 1 1 5 5 8 9 9 9 4 4 3 3 3 3 3 2 1 1 1 1 2 2 2 2 3 3 7 7 9 17 17 21 44 44 24 24 25 21 21 11
 4 4 3 4 4 3 5 5 6 6 10 15 15 11 4 4 4 4 3 4 4 3 4 4 2 2 2 2 2 3 3 3 3 3 6 27 27 26 29 29 23 23 24 24 24 8
 4 4 3 4 4 3 5 5 6 6 10 15 15 11 4 4 4 4 3 4 4 3 4 4 2 2 2 2 2 3 3 3 3 3 6 27 27 26 29 29 23 23 24 24 24 8
 6 6 4 5 5 5 9 9 10 10 24 27 27 14 12 12 5 5 8 7 7 6 5 5 4 4 4 5 5 6 5 5 8 8 11 21 21 20 23 23 17 17 22 17 17 8
 6 6 4 5 5 5 9 9 10 10 24 27 27 14 12 12 5 5 8 7 7 6 5 5 4 4 4 5 5 6 5 5 8 8 11 21 21 20 23 23 17 17 22 17 17 8
 4 4 4 6 6 7 14 14 15 15 71 29 29 29 18 18 9 9 13 11 11 10 8 8 11 11 9 14 14 11 5 5 9 9 13 17 17 28 19 19 11 11 13 11 11 10
 4 4 5 7 7 8 67 67 68 68 81 33 33 34 21 21 22 22 19 20 20 12 11 11 8 8 10 11 11 19 8 8 14 14 13 16 16 19 11 11 7 7 8 11 11 18
 4 4 5 7 7 8 67 67 68 68 81 33 33 34 21 21 22 22 19 20 20 12 11 11 8 8 10 11 11 19 8 8 14 14 13 16 16 19 11 11 7 7 8 11 11 18
 4 4 6 6 6 8 74 74 77 77 90 47 47 60 27 27 24 24 18 20 20 15 17 17 17 17 21 26 26 11 9 9 14 14 8 12 12 9 15 15 8 8 13 16 16 34
 5 5 17 17 17 19 78 78 77 77 89 96 96 60 38 38 25 25 21 17 17 24 18 18 13 13 3 6 6 5 6 6 16 16 9 14 14 16 11 11 7 7 19 49 49 52
 5 5 17 17 17 19 78 78 77 77 89 96 96 60 38 38 25 25 21 17 17 24 18 18 13 13 3 6 6 5 6 6 16 16 9 14 14 16 11 11 7 7 19 49 49 52
 5 5 17 17 17 10 21 21 82 82 88 97 97 43 38 38 19 19 19 17 17 12 5 5 5 5 4 4 4 4 8 8 14 14 11 8 8 13 13 13 11 11 12 25 25 38
 5 5 17 17 17 10 21 21 82 82 88 97 97 43 38 38 19 19 19 17 17 12 5 5 5 5 4 4 4 4 8 8 14 14 11 8 8 13 13 13 11 11 12 25 25 38
 12 12 5 8 8 9 15 15 84 84 32 119 119 108 29 29 14 14 12 11 11 9 6 6 3 3 3 2 2 4 7 7 9 9 10 10 10 8 10 10 26 26 25 33 33 51
 15 15 5 7 7 7 11 11 25 25 27 124 124 99 32 32 17 17 9 13 13 10 5 5 2 2 8 5 5 5 3 3 6 6 13 15 15 15 17 17 25 25 25 25 25 40
 15 15 5 7 7 7 11 11 25 25 27 124 124 99 32 32 17 17 9 13 13 10 5 5 2 2 8 5 5 5 3 3 6 6 13 15 15 15 17 17 25 25 25 25 25 40
 28 28 22 20 20 20 13 13 12 12 28 27 27 46 32 32 19 19 16 11 11 9 14 14 3 3 5 4 4 3 3 3 6 6 15 21 21 26 27 27 29 29 33 36 36 33
 32 32 24 28 28 21 19 19 11 11 20 32 32 68 65 65 32 32 35 12 12 9 13 13 7 7 1 3 3 2 3 3 12 12 15 30 30 22 25 25 28 28 28 29 29 36
 32 32 24 28 28 21 19 19 11 11 20 32 32 68 65 65 32 32 35 12 12 9 13 13 7 7 1 3 3 2 3 3 12 12 15 30 30 22 25 25 28 28 28 29 29 36
 43 43 34 30 30 24 24 24 16 16 30 31 31 76 70 70 31 31 75 15 15 9 3 3 3 3 1 3 3 3 8 8 14 14 17 36 36 26 24 24 27 27 29 30 30 29
 43 43 34 30 30 24 24 24 16 16 30 31 31 76 70 70 31 31 75 15 15 9 3 3 3 3 1 3 3 3 8 8 14 14 17 36 36 26 24 24 27 27 29 30 30 29
 140 140 40 24 24 26 24 24 27 27 34 36 36 28 34 34 65 65 60 18 18 12 12 12 9 9 2 6 6 6 11 11 16 16 17 18 18 26 25 25 28 28 25 27 27 25
 145 145 41 34 34 62 30 30 67 67 32 36 36 28 27 27 21 21 29 24 24 33 95 95 12 12 2 10 10 10 9 9 12 12 16 25 25 31 28 28 28 28 24 27 27 15
 145 145 41 34 34 62 30 30 67 67 32 36 36 28 27 27 21 21 29 24 24 33 95 95 12 12 2 10 10 10 9 9 12 12 16 25 25 31 28 28 28 28 24 27 27 15
 143 143 43 36 36 38 80 80 74 74 54 43 43 32 25 25 17 17 24 24 24 28 32 32 98 98 20 11 11 10 10 10 10 10 16 21 21 21 20 20 29 29 24 14 14 16
 54 54 85 50 50 25 25 25 50 50 50 54 54 34 20 20 14 14 18 22 22 32 30 30 21 21 18 1 1 7 7 7 11 11 19 19 19 20 31 31 28 28 24 7 7 8
 54 54 85 50 50 25 25 25 50 50 50 54 54 34 20 20 14 14 18 22 22 32 30 30 21 21 18 1 1 7 7 7 11 11 19 19 19 20 31 31 28 28 24 7 7 8
 53 53 82 41 41 22 18 18 43 43 24 24 24 47 40 40 17 17 11 6 6 26 33 33 18 18 16 0 0 6 4 4 11 11 23 21 21 22 24 24 19 19 17 12 12 7
 53 53 82 41 41 22 18 18 43 43 24 24 24 47 40 40 17 17 11 6 6 26 33 33 18 18 16 0 0 6 4 4 11 11 23 21 21 22 24 24 19 19 17 12 12 7
 60 60 52 25 25 12 12 12 10 10 20 13 13 49 45 45 25 25 10 6 6 3 6 6 7 7 4 1 1 3 5 5 6 6 24 15 15 11 11 11 13 13 13 10 10 5
 87 87 42 22 22 14 11 11 6 6 8 12 12 16 48 48 18 18 9 7 7 3 5 5 5 5 3 0 0 1 1 1 1 1 8 10 10 8 8 8 4 4 5 7 7 4
 87 87 42 22 22 14 11 11 6 6 8 12 12 16 48 48 18 18 9 7 7 3 5 5 5 5 3 0 0 1 1 1 1 1 8 10 10 8 8 8 4 4 5 7 7 4
 86 86 30 24 24 14 5 5 5 5 8 10 10 16 20 20 15 15 14 6 6 5 2 2 1 1 11 0 0 0 1 1 3 3 5 12 12 9 9 9 6 6 4 5 5 3
 38 38 31 19 19 17 6 6 3 3 4 7 7 11 12 12 12 12 21 9 9 6 10 10 17 17 22 29 29 3 5 5 6 6 5 10 10 17 18 18 19 19 4 4 4 4
 38 38 31 19 19 17 6 6 3 3 4 7 7 11 12 12 12 12 21 9 9 6 10 10 17 17 22 29 29 3 5 5 6 6 5 10 10 17 18 18 19 19 4 4 4 4
 37 37 29 28 28 21 6 6 7 7 3 1 1 8 7 7 18 18 38 28 28 17 30 30 87 87 38 40 40 12 19 19 22 22 9 29 29 21 20 20 20 20 4 4 4 4
 37 37 29 28 28 21 6 6 7 7 3 1 1 8 7 7 18 18 38 28 28 17 30 30 87 87 38 40 40 12 19 19 22 22 9 29 29 21 20 20 20 20 4 4 4 4
 39 39 40 32 32 24 8 8 10 10 6 4 4 8 13 13 15 15 34 32 32 31 40 40 20 20 17 20 20 15 33 33 20 20 8 23 23 23 22 22 17 17 7 8 8 7
 33 33 44 43 43 25 11 11 10 10 6 6 6 4 5 5 4 4 13 17 17 32 27 27 17 17 14 19 19 14 12 12 9 9 5 13 13 23 19 19 22 22 8 8 8 4
 33 33 44 43 43 25 11 11 10 10 6 6 6 4 5 5 4 4 13 17 17 32 27 27 17 17 14 19 19 14 12 12 9 9 5 13 13 23 19 19 22 22 8 8 8 4
 44 44 42 39 39 33 13 13 13 13 9 7 7 6 5 5 6 6 9 17 17 26 23 23 11 11 8 8 8 16 20 20 9 9 9 10 10 21 17 17 17 17 5 3 3 3
 37 37 38 37 37 35 18 18 17 17 15 12 12 10 7 7 7 7 7 14 14 17 19 19 23 23 11 5 5 43 8 8 1 1 13 6 6 7 5 5 6 6 2 3 3 6
 37 37 38 37 37 35 18 18 17 17 15 12 12 10 7 7 7 7 7 14 14 17 19 19 23 23 11 5 5 43 8 8 1 1 13 6 6 7 5 5 6 6 2 3 3 6
 27 27 40 51 51 51 40 40 19 19 23 16 16 12 9 9 11 11 10 9 9 14 14 14 17 17 7 10 10 20 15 15 4 4 20 12 12 6 4 4 4 4 2 3 3 4
 27 27 40 51 51 51 40 40 19 19 23 16 16 12 9 9 11 11 10 9 9 14 14 14 17 17 7 10 10 20 15 15 4 4 20 12 12 6 4 4 4 4 2 3 3 4
 31 31 43 150 150 70 45 45 30 30 24 23 23 18 17 17 42 42 15 15 15 19 17 17 29 29 26 21 21 12 12 12 9 9 10 8 8 6 7 7 2 2 1 2 2 4
 33 33 51 150 150 115 54 54 33 33 33 25 25 22 19 19 56 56 57 120 120 110 42 42 25 25 33 23 23 28 11 11 9 9 6 10 10 8 17 17 20 20 2 2 2 1
 33 33 51 150 150 115 54 54 33 33 33 25 25 22 19 19 56 56 57 120 120 110 42 42 25 25 33 23 23 28 11 11 9 9 6 10 10 8 17 17 20 20 2 2 2 1
 33 33 150 172 172 163 71 71 47 47 43 32 32 30 60 60 63 63 62 187 187 150 41 41 47 47 48 28 28 33 20 20 13 13 15 19 19 18 18 18 11 11 23 3 3 1
 32 32 148 124 124 161 82 82 70 70 63 44 44 26 32 32 62 62 60 167 167 176 46 46 50 50 48 43 43 43 37 37 36 36 17 21 21 16 14 14 20 20 20 10 10 1
 32 32 148 124 124 161 82 82 70 70 63 44 44 26 32 32 62 62 60 167 167 176 46 46 50 50 48 43 43 43 37 37 36 36 17 21 21 16 14 14 20 20 20 10 10 1
 44 44 63 95 95 127 186 186 153 153 91 54 54 31 37 37 39 39 35 69 69 62 55 55 63 63 41 52 52 44 52 52 26 26 21 18 18 16 21 21 23 23 14 31 31 4
 44 44 63 95 95 127 186 186 153 153 91 54 54 31 37 37 39 39 35 69 69 62 55 55 63 63 41 52 52 44 52 52 26 26 21 18 18 16 21 21 23 23 14 31 31 4
 34 34 36 41 41 116 193 193 173 173 141 79 79 45 37 37 34 34 38 38 38 53 59 59 54 54 41 29 29 11 12 12 14 14 7 14 14 17 33 33 27 27 36 30 30 4
 21 21 21 26 26 44 88 88 148 148 132 81 81 44 36 36 17 17 28 34 34 38 58 58 58 58 38 28 28 11 11 11 6 6 3 2 2 5 16 16 12 12 13 9 9 3
 21 21 21 26 26 44 88 88 148 148 132 81 81 44 36 36 17 17 28 34 34 38 58 58 58 58 38 28 28 11 11 11 6 6 3 2 2 5 16 16 12 12 13 9 9 3
 32 32 22 25 25 24 24 24 47 47 48 36 36 38 25 25 15 15 19 19 19 35 43 43 67 67 64 41 41 23 2 2 2 2 1 1 1 1 2 2 11 11 3 7 7 3
 28 28 17 19 19 15 18 18 21 21 11 14 14 15 13 13 6 6 10 15 15 17 20 20 35 35 97 32 32 29 3 3 2 2 2 2 2 3 2 2 0 0 1 2 2 3
 28 28 17 19 19 15 18 18 21 21 11 14 14 15 13 13 6 6 10 15 15 17 20 20 35 35 97 32 32 29 3 3 2 2 2 2 2 3 2 2 0 0 1 2 2 3
 28 28 11 10 10 10 11 11 6 6 8 7 7 9 11 11 6 6 10 10 10 12 16 16 19 19 27 44 44 32 8 8 5 5 1 4 4 4 4 4 1 1 1 2 2 2
 28 28 11 10 10 10 11 11 6 6 8 7 7 9 11 11 6 6 10 10 10 12 16 16 19 19 27 44 44 32 8 8 5 5 1 4 4 4 4 4 1 1 1 2 2 2
 10 10 10 4 4 7 9 9 7 7 5 5 5 5 4 4 5 5 7 7 7 6 10 10 10 10 23 26 26 32 10 10 10 10 6 7 7 6 10 10 4 4 1 2 2 3
 5 5 5 3 3 4 4 4 2 2 2 2 2 2 3 3 2 2 4 4 4 3 2 2 5 5 16 23 23 24 16 16 14 14 10 7 7 4 12 12 4 4 2 6 6 5
 5 5 5 3 3 4 4 4 2 2 2 2 2 2 3 3 2 2 4 4 4 3 2 2 5 5 16 23 23 24 16 16 14 14 10 7 7 4 12 12 4 4 2 6 6 5
 3 3 2 3 3 3 6 6 3 3 2 2 2 1 1 1 1 1 1 3 3 4 2 2 4 4 13 18 18 34 42 42 19 19 10 10 10 6 4 4 5 5 4 8 8 12
 2 2 2 3 3 4 4 4 1 1 2 1 1 1 1 1 1 1 2 3 3 6 2 2 2 2 4 20 20 61 54 54 27 27 15 13 13 6 3 3 4 4 5 5 5 5
 2 2 2 3 3 4 4 4 1 1 2 1 1 1 1 1 1 1 2 3 3 6 2 2 2 2 4 20 20 61 54 54 27 27 15 13 13 6 3 3 4 4 5 5 5 5
 2 2 2 5 5 8 3 3 1 1 1 1 1 1 2 2 2 2 3 3 3 4 4 4 2 2 2 9 9 38 52 52 39 39 23 20 20 7 5 5 3 3 2 2 2 2
 2 2 2 5 5 8 3 3 1 1 1 1 1 1 2 2 2 2 3 3 3 4 4 4 2 2 2 9 9 38 52 52 39 39 23 20 20 7 5 5 3 3 2 2 2 2
 2 2 2 4 4 8 4 4 1 1 1 1 1 1 2 2 4 4 5 3 3 4 2 2 1 1 1 1 1 4 31 31 33 33 28 22 22 16 14 14 5 5 1 1 1 0
 2 2 3 4 4 4 3 3 1 1 10 6 6 5 1 1 2 2 3 2 2 2 2 2 1 1 1 1 1 3 3 3 19 19 23 76 76 38 35 35 9 9 4 0 0 0
 2 2 3 4 4 4 3 3 1 1 10 6 6 5 1 1 2 2 3 2 2 2 2 2 1 1 1 1 1 3 3 3 19 19 23 76 76 38 35 35 9 9 4 0 0 0
 3 3 4 7 7 4 3 3 5 5 12 6 6 1 1 1 1 1 1 2 2 2 1 1 2 2 2 2 2 2 1 1 11 11 21 98 98 117 92 92 22 22 11 5 5 3
 5 5 5 5 5 5 5 5 7 7 9 6 6 1 1 1 1 1 1 1 1 2 1 1 2 2 2 2 2 1 1 1 2 2 2 24 24 51 28 28 18 18 14 8 8 6
