assets/RAT_results/precipitation/2017-08-19_IMERG.asc
ncols        46
nrows        77
xllcorner    74.800261325624
yllcorner    8.058333333333
cellsize     0.062500000000
NODATA_value -9999
 36 36 37 43 43 38 55 55 46 46 26 20 20 12 14 14 11 11 8 8 8 11 6 6 0 0 1 0 0 0 0 0 1 1 1 3 3 0 1 1 3 3 2 4 4 2
 34 34 53 42 42 39 53 53 40 40 33 19 19 10 14 14 6 6 9 3 3 6 1 1 2 2 1 0 0 0 0 0 0 0 1 1 1 0 1 1 0 0 0 2 2 2
 34 34 53 42 42 39 53 53 40 40 33 19 19 10 14 14 6 6 9 3 3 6 1 1 2 2 1 0 0 0 0 0 0 0 1 1 1 0 1 1 0 0 0 2 2 2
 41 41 36 42 42 28 33 33 34 34 21 15 15 9 6 6 10 10 14 7 7 5 5 5 1 1 3 0 0 0 0 0 0 0 0 0 0 0 0 0 0 0 2 0 0 0
 37 37 76 38 38 29 33 33 37 37 33 47 47 15 12 12 33 33 25 11 11 8 4 4 7 7 3 1 1 1 0 0 0 0 0 0 0 2 0 0 0 0 0 2 2 0
 37 37 76 38 38 29 33 33 37 37 33 47 47 15 12 12 33 33 25 11 11 8 4 4 7 7 3 1 1 1 0 0 0 0 0 0 0 2 0 0 0 0 0 2 2 0
 34 34 40 42 42 27 28 28 27 27 22 15 15 21 20 20 22 22 17 20 20 7 4 4 4 4 5 1 1 1 0 0 0 0 0 2 2 0 3 3 0 0 0 2 2 1
 34 34 40 42 42 27 28 28 27 27 22 15 15 21 20 20 22 22 17 20 20 7 4 4 4 4 5 1 1 1 0 0 0 0 0 2 2 0 3 3 0 0 0 2 2 1
 32 32 48 64 64 39 48 48 25 25 19 22 22 17 10 10 16 16 47 25 25 7 5 5 3 3 4 1 1 1 2 2 1 1 0 0 0 1 1 1 3 3 5 5 5 1
 24 24 34 34 34 39 30 30 25 25 22 22 22 12 9 9 10 10 16 10 10 6 13 13 4 4 4 1 1 1 4 4 2 2 0 0 0 0 2 2 2 2 7 8 8 11
 24 24 34 34 34 39 30 30 25 25 22 22 22 12 9 9 10 10 16 10 10 6 13 13 4 4 4 1 1 1 4 4 2 2 0 0 0 0 2 2 2 2 7 8 8 11
 17 17 22 43 43 31 31 31 20 20 20 19 19 17 13 13 16 16 12 10 10 9 3 3 2 2 6 1 1 1 0 0 1 1 0 0 0 0 0 0 2 2 8 3 3 5
 18 18 18 25 25 28 33 33 20 20 15 13 13 7 17 17 13 13 13 10 10 8 2 2 2 2 1 0 0 0 0 0 1 1 0 2 2 0 1 1 2 2 3 3 3 2
 18 18 18 25 25 28 33 33 20 20 15 13 13 7 17 17 13 13 13 10 10 8 2 2 2 2 1 0 0 0 0 0 1 1 0 2 2 0 1 1 2 2 3 3 3 2
 37 37 20 18 18 19 35 35 25 25 30 10 10 7 8 8 6 6 6 6 6 8 10 10 2 2 3 1 1 1 0 0 0 0 0 3 3 0 2 2 1 1 0 1 1 1
 37 37 20 18 18 19 35 35 25 25 30 10 10 7 8 8 6 6 6 6 6 8 10 10 2 2 3 1 1 1 0 0 0 0 0 3 3 0 2 2 1 1 0 1 1 1
 27 27 11 28 28 14 27 27 25 25 14 9 9 7 12 12 5 5 9 8 8 17 14 14 10 10 2 1 1 1 0 0 0 0 0 0 0 0 3 3 3 3 13 1 1 0
 14 14 13 8 8 7 19 19 12 12 13 10 10 6 2 2 3 3 7 14 14 15 8 8 15 15 3 2 2 1 1 1 0 0 0 0 0 2 1 1 4 4 2 0 0 1
 14 14 13 8 8 7 19 19 12 12 13 10 10 6 2 2 3 3 7 14 14 15 8 8 15 15 3 2 2 1 1 1 0 0 0 0 0 2 1 1 4 4 2 0 0 1
 5 5 11 6 6 13 11 11 11 11 12 14 14 11 4 4 3 3 4 7 7 12 17 17 8 8 3 1 1 1 2 2 1 1 0 0 0 1 2 2 2 2 1 1 1 1
 4 4 5 4 4 11 7 7 9 9 4 8 8 13 10 10 10 10 3 5 5 12 12 12 9 9 4 2 2 11 1 1 1 1 0 0 0 0 0 0 1 1 0 1 1 0
 4 4 5 4 4 11 7 7 9 9 4 8 8 13 10 10 10 10 3 5 5 12 12 12 9 9 4 2 2 11 1 1 1 1 0 0 0 0 0 0 1 1 0 1 1 0
 3 3 5 3 3 6 5 5 4 4 9 8 8 9 10 10 6 6 7 3 3 3 6 6 9 9 2 2 2 2 3 3 2 2 1 1 1 2 1 1 0 0 0 0 0 1
 3 3 5 3 3 6 5 5 4 4 9 8 8 9 10 10 6 6 7 3 3 3 6 6 9 9 2 2 2 2 3 3 2 2 1 1 1 2 1 1 0 0 0 0 0 1
 4 4 4 2 2 7 4 4 6 6 9 12 12 14 12 12 14 14 12 11 11 11 7 7 7 7 4 3 3 5 4 4 1 1 2 0 0 0 0 0 1 1 1 1 1 1
 7 7 4 2 2 6 7 7 10 10 11 11 11 8 12 12 15 15 11 9 9 11 8 8 6 6 5 2 2 9 7 7 0 0 0 0 0 0 1 1 1 1 1 1 1 2
 7 7 4 2 2 6 7 7 10 10 11 11 11 8 12 12 15 15 11 9 9 11 8 8 6 6 5 2 2 9 7 7 0 0 0 0 0 0 1 1 1 1 1 1 1 2
 10 10 8 11 11 12 9 9 10 10 8 10 10 12 13 13 14 14 11 16 16 9 10 10 7 7 10 3 3 7 1 1 0 0 1 0 0 0 0 0 0 0 1 0 0 0
 12 12 16 8 8 13 9 9 10 10 9 7 7 9 13 13 13 13 11 8 8 6 4 4 12 12 8 15 15 9 2 2 0 0 0 0 0 0 0 0 0 0 1 0 0 0
 12 12 16 8 8 13 9 9 10 10 9 7 7 9 13 13 13 13 11 8 8 6 4 4 12 12 8 15 15 9 2 2 0 0 0 0 0 0 0 0 0 0 1 0 0 0
 10 10 3 5 5 10 46 46 31 31 17 7 7 7 18 18 12 12 12 9 9 6 6 6 7 7 14 15 15 14 9 9 2 2 0 0 0 1 0 0 0 0 1 0 0 0
 10 10 3 5 5 10 46 46 31 31 17 7 7 7 18 18 12 12 12 9 9 6 6 6 7 7 14 15 15 14 9 9 2 2 0 0 0 1 0 0 0 0 1 0 0 0
 5 5 9 10 10 24 59 59 54 54 15 8 8 7 6 6 8 8 14 10 10 6 5 5 6 6 11 13 13 16 9 9 3 3 1 0 0 0 0 0 0 0 0 0 0 0
 17 17 23 22 22 11 23 23 23 23 13 13 13 45 13 13 16 16 16 17 17 14 9 9 7 7 5 14 14 6 5 5 3 3 3 1 1 0 1 1 0 0 0 0 0 0
 17 17 23 22 22 11 23 23 23 23 13 13 13 45 13 13 16 16 16 17 17 14 9 9 7 7 5 14 14 6 5 5 3 3 3 1 1 0 1 1 0 0 0 0 0 0
 4 4 6 7 7 3 5 5 5 5 16 35 35 31 14 14 24 24 29 16 16 14 14 14 10 10 10 6 6 9 3 3 3 3 3 3 3 1 0 0 0 0 1 0 0 0
 2 2 1 3 3 6 7 7 5 5 10 9 9 24 25 25 11 11 14 15 15 14 16 16 15 15 16 7 7 3 3 3 2 2 1 2 2 1 0 0 0 0 1 0 0 0
 2 2 1 3 3 6 7 7 5 5 10 9 9 24 25 25 11 11 14 15 15 14 16 16 15 15 16 7 7 3 3 3 2 2 1 2 2 1 0 0 0 0 1 0 0 0
 2 2 3 4 4 5 7 7 5 5 8 9 9 15 12 12 9 9 9 16 16 13 17 17 15 15 15 16 16 9 5 5 5 5 1 2 2 1 1 1 2 2 0 0 0 0
 2 2 3 4 4 5 7 7 5 5 8 9 9 15 12 12 9 9 9 16 16 13 17 17 15 15 15 16 16 9 5 5 5 5 1 2 2 1 1 1 2 2 0 0 0 0
 3 3 4 3 3 3 4 4 2 2 4 6 6 5 12 12 11 11 8 14 14 13 19 19 19 19 13 15 15 18 6 6 5 5 5 5 5 7 1 1 0 0 0 0 0 0
 3 3 3 4 4 7 4 4 3 3 4 2 2 3 6 6 7 7 5 10 10 23 14 14 22 22 20 15 15 22 13 13 11 11 6 3 3 3 2 2 2 2 1 1 1 1
 3 3 3 4 4 7 4 4 3 3 4 2 2 3 6 6 7 7 5 10 10 23 14 14 22 22 20 15 15 22 13 13 11 11 6 3 3 3 2 2 2 2 1 1 1 1
 2 2 2 2 2 3 3 3 2 2 2 1 1 1 3 3 3 3 5 12 12 16 18 18 21 21 29 19 19 13 13 13 13 13 8 4 4 3 2 2 2 2 2 3 3 2
 1 1 1 1 1 1 1 1 1 1 1 1 1 1 2 2 33 33 5 5 5 8 13 13 16 16 16 19 19 14 6 6 6 6 4 5 5 2 2 2 2 2 1 0 0 0
 1 1 1 1 1 1 1 1 1 1 1 1 1 1 2 2 33 33 5 5 5 8 13 13 16 16 16 19 19 14 6 6 6 6 4 5 5 2 2 2 2 2 1 0 0 0
 0 0 0 0 0 1 1 1 2 2 0 2 2 1 0 0 1 1 2 4 4 7 8 8 17 17 25 22 22 16 9 9 8 8 5 3 3 3 2 2 2 2 1 0 0 0
 0 0 0 0 0 1 1 1 2 2 0 2 2 1 0 0 1 1 2 4 4 7 8 8 17 17 25 22 22 16 9 9 8 8 5 3 3 3 2 2 2 2 1 0 0 0
 0 0 0 1 1 1 2 2 1 1 0 0 0 0 0 0 1 1 1 2 2 5 11 11 17 17 24 37 37 31 7 7 6 6 5 4 4 2 1 1 1 1 1 1 1 1
 12 12 0 1 1 1 1 1 1 1 1 0 0 0 0 0 0 0 0 0 0 2 3 3 10 10 18 14 14 15 5 5 6 6 4 3 3 1 1 1 1 1 2 2 2 2
 12 12 0 1 1 1 1 1 1 1 1 0 0 0 0 0 0 0 0 0 0 2 3 3 10 10 18 14 14 15 5 5 6 6 4 3 3 1 1 1 1 1 2 2 2 2
 12 12 1 1 1 2 2 2 2 2 3 3 3 0 0 0 0 0 0 2 2 0 3 3 16 16 26 16 16 9 5 5 4 4 3 2 2 1 1 1 0 0 1 2 2 1
 0 0 1 0 0 4 10 10 8 8 1 0 0 0 0 0 0 0 0 0 0 0 1 1 3 3 11 23 23 17 8 8 5 5 3 1 1 1 1 1 1 1 1 1 1 2
 0 0 1 0 0 4 10 10 8 8 1 0 0 0 0 0 0 0 0 0 0 0 1 1 3 3 11 23 23 17 8 8 5 5 3 1 1 1 1 1 1 1 1 1 1 2
 0 0 1 8 8 9 12 12 5 5 1 0 0 0 0 0 0 0 1 1 1 1 2 2 5 5 6 9 9 8 14 14 11 11 3 5 5 2 1 1 1 1 1 1 1 0
 0 0 1 8 8 9 12 12 5 5 1 0 0 0 0 0 0 0 1 1 1 1 2 2 5 5 6 9 9 8 14 14 11 11 3 5 5 2 1 1 1 1 1 1 1 0
 5 5 8 17 17 13 2 2 0 0 0 0 0 0 0 0 0 0 0 0 0 2 3 3 4 4 5 7 7 6 7 7 8 8 6 6 6 4 2 2 2 2 1 2 2 1
 20 20 18 16 16 4 0 0 0 0 0 0 0 0 0 0 0 0 0 0 0 1 2 2 2 2 3 3 3 5 8 8 5 5 4 6 6 6 3 3 2 2 1 2 2 2
 20 20 18 16 16 4 0 0 0 0 0 0 0 0 0 0 0 0 0 0 0 1 2 2 2 2 3 3 3 5 8 8 5 5 4 6 6 6 3 3 2 2 1 2 2 2
 15 15 12 13 13 1 0 0 0 0 0 0 0 0 0 0 0 0 0 1 1 0 1 1 1 1 1 2 2 2 2 2 5 5 2 1 1 1 3 3 1 1 1 1 1 1
 1 1 1 3 3 1 1 1 1 1 0 0 0 0 0 0 0 0 0 0 0 0 0 0 1 1 0 3 3 3 1 1 2 2 2 1 1 1 1 1 1 1 1 0 0 0
 1 1 1 3 3 1 1 1 1 1 0 0 0 0 0 0 0 0 0 0 0 0 0 0 1 1 0 3 3 3 1 1 2 2 2 1 1 1 1 1 1 1 1 0 0 0
 1 1 4 3 3 5 2 2 1 1 1 2 2 1 0 0 1 1 1 1 1 1 1 1 1 1 2 3 3 2 1 1 0 0 1 0 0 0 1 1 0 0 1 1 1 0
 1 1 4 3 3 5 2 2 1 1 1 2 2 1 0 0 1 1 1 1 1 1 1 1 1 1 2 3 3 2 1 1 0 0 1 0 0 0 1 1 0 0 1 1 1 0
 0 0 0 4 4 7 6 6 5 5 2 2 2 1 0 0 2 2 2 1 1 1 1 1 2 2 6 7 7 3 2 2 0 0 1 1 1 1 2 2 2 2 2 2 2 0
 0 0 0 1 1 1 2 2 5 5 2 1 1 1 0 0 0 0 1 1 1 1 7 7 2 2 7 16 16 6 2 2 2 2 1 1 1 1 1 1 1 1 2 2 2 2
 0 0 0 1 1 1 2 2 5 5 2 1 1 1 0 0 0 0 1 1 1 1 7 7 2 2 7 16 16 6 2 2 2 2 1 1 1 1 1 1 1 1 2 2 2 2
 1 1 1 1 1 1 1 1 1 1 1 1 1 3 1 1 0 0 1 1 1 1 1 1 5 5 5 12 12 8 2 2 2 2 2 2 2 2 2 2 2 2 3 3 3 2
 3 3 3 1 1 1 1 1 1 1 1 1 1 1 0 0 0 0 1 1 1 2 4 4 7 7 1 5 5 4 1 1 3 3 2 2 2 2 3 3 3 3 4 4 4 2
 3 3 3 1 1 1 1 1 1 1 1 1 1 1 0 0 0 0 1 1 1 2 4 4 7 7 1 5 5 4 1 1 3 3 2 2 2 2 3 3 3 3 4 4 4 2
 7 7 2 1 1 1 1 1 1 1 0 1 1 1 1 1 4 4 2 2 2 3 6 6 10 10 2 6 6 4 2 2 1 1 1 2 2 1 2 2 3 3 3 4 4 2
 7 7 2 1 1 1 1 1 1 1 0 1 1 1 1 1 4 4 2 2 2 3 6 6 10 10 2 6 6 4 2 2 1 1 1 2 2 1 2 2 3 3 3 4 4 2
 4 4 1 1 1 1 1 1 1 1 0 2 2 6 19 19 18 18 7 16 16 8 8 8 18 18 13 5 5 5 1 1 0 0 2 1 1 2 2 2 2 2 2 3 3 3
 3 3 1 1 1 1 2 2 2 2 0 5 5 9 10 10 12 12 3 3 3 4 9 9 9 9 7 5 5 7 3 3 0 0 1 1 1 4 2 2 2 2 2 3 3 2
 3 3 1 1 1 1 2 2 2 2 0 5 5 9 10 10 12 12 3 3 3 4 9 9 9 9 7 5 5 7 3 3 0 0 1 1 1 4 2 2 2 2 2 3 3 2
 2 2 2 4 4 4 7 7 7 7 3 4 4 1 4 4 5 5 2 2 2 3 7 7 7 7 6 7 7 10 12 12 2 2 12 12 12 3 2 2 2 2 2 1 1 1
 1 1 1 2 2 4 5 5 5 5 3 2 2 3 6 6 9 9 8 7 7 4 5 5 5 5 4 7 7 17 18 18 15 15 13 19 19 6 1 1 1 1 2 1 1 1
