assets/RAT_results/precipitation/2017-09-24_IMERG.asc
ncols        46
nrows        77
xllcorner    74.800261325624
yllcorner    8.058333333333
cellsize     0.062500000000
NODATA_value -9999
 3 3 3 4 4 4 5 5 5 5 5 7 7 6 6 6 15 15 18 20 20 24 28 28 38 38 36 42 42 41 41 41 49 49 33 42 42 23 24 24 21 21 31 30 30 26
 3 3 3 2 2 2 3 3 3 3 4 6 6 5 8 8 11 11 19 20 20 22 25 25 35 35 35 41 41 42 40 40 44 44 29 34 34 23 23 23 21 21 30 28 28 24
 3 3 3 2 2 2 3 3 3 3 4 6 6 5 8 8 11 11 19 20 20 22 25 25 35 35 35 41 41 42 40 40 44 44 29 34 34 23 23 23 21 21 30 28 28 24
 3 3 3 2 2 2 4 4 3 3 4 9 9 9 12 12 17 17 22 22 22 30 28 28 29 29 32 37 37 38 45 45 46 46 31 24 24 31 27 27 43 43 47 47 47 25
 1 1 3 3 3 4 4 4 4 4 6 8 8 13 25 25 19 19 18 20 20 45 28 28 24 24 30 38 38 38 44 44 45 45 36 23 23 38 29 29 40 40 35 26 26 28
 1 1 3 3 3 4 4 4 4 4 6 8 8 13 25 25 19 19 18 20 20 45 28 28 24 24 30 38 38 38 44 44 45 45 36 23 23 38 29 29 40 40 35 26 26 28
 1 1 2 4 4 5 6 6 6 6 6 9 9 18 16 16 18 18 16 20 20 37 26 26 26 26 28 32 32 40 52 52 44 44 34 32 32 40 26 26 44 44 47 30 30 25
 1 1 2 4 4 5 6 6 6 6 6 9 9 18 16 16 18 18 16 20 20 37 26 26 26 26 28 32 32 40 52 52 44 44 34 32 32 40 26 26 44 44 47 30 30 25
 2 2 3 4 4 4 5 5 8 8 10 11 11 18 18 18 15 15 16 21 21 27 25 25 29 29 27 32 32 40 49 49 76 76 37 42 42 40 28 28 34 34 29 26 26 20
 4 4 4 5 5 5 5 5 6 6 10 9 9 21 21 21 9 9 11 16 16 22 17 17 26 26 24 24 24 27 41 41 37 37 34 33 33 33 38 38 20 20 30 20 20 24
 4 4 4 5 5 5 5 5 6 6 10 9 9 21 21 21 9 9 11 16 16 22 17 17 26 26 24 24 24 27 41 41 37 37 34 33 33 33 38 38 20 20 30 20 20 24
 4 4 9 5 5 6 4 4 7 7 8 7 7 10 19 19 12 12 10 14 14 17 12 12 18 18 15 15 15 21 24 24 28 28 38 25 25 22 15 15 12 12 17 19 19 28
 2 2 3 3 3 5 4 4 7 7 7 7 7 12 14 14 14 14 10 10 10 11 10 10 12 12 10 13 13 18 20 20 25 25 19 24 24 18 17 17 18 18 28 25 25 36
 2 2 3 3 3 5 4 4 7 7 7 7 7 12 14 14 14 14 10 10 10 11 10 10 12 12 10 13 13 18 20 20 25 25 19 24 24 18 17 17 18 18 28 25 25 36
 2 2 2 1 1 3 5 5 5 5 5 4 4 7 12 12 9 9 9 12 12 9 10 10 9 9 8 13 13 12 13 13 16 16 15 18 18 14 16 16 24 24 24 22 22 32
 2 2 2 1 1 3 5 5 5 5 5 4 4 7 12 12 9 9 9 12 12 9 10 10 9 9 8 13 13 12 13 13 16 16 15 18 18 14 16 16 24 24 24 22 22 32
 1 1 2 2 2 2 2 2 3 3 3 3 3 3 5 5 4 4 9 18 18 10 7 7 8 8 8 11 11 12 13 13 13 13 13 17 17 13 20 20 32 32 34 28 28 35
 0 0 1 2 2 2 2 2 2 2 3 2 2 3 3 3 4 4 6 10 10 11 9 9 8 8 11 12 12 13 12 12 12 12 18 16 16 15 25 25 26 26 37 33 33 42
 0 0 1 2 2 2 2 2 2 2 3 2 2 3 3 3 4 4 6 10 10 11 9 9 8 8 11 12 12 13 12 12 12 12 18 16 16 15 25 25 26 26 37 33 33 42
 0 0 0 1 1 2 2 2 2 2 3 3 3 2 3 3 4 4 7 11 11 8 10 10 10 10 12 15 15 16 14 14 15 15 23 24 24 21 36 36 30 30 37 44 44 41
 0 0 0 1 1 3 2 2 2 2 2 3 3 2 3 3 3 3 6 14 14 6 8 8 13 13 14 16 16 17 19 19 23 23 27 25 25 18 28 28 39 39 38 44 44 48
 0 0 0 1 1 3 2 2 2 2 2 3 3 2 3 3 3 3 6 14 14 6 8 8 13 13 14 16 16 17 19 19 23 23 27 25 25 18 28 28 39 39 38 44 44 48
 0 0 0 1 1 2 2 2 3 3 2 2 2 2 4 4 3 3 5 6 6 5 10 10 13 13 14 16 16 17 18 18 21 21 22 22 22 19 27 27 36 36 37 48 48 53
 0 0 0 1 1 2 2 2 3 3 2 2 2 2 4 4 3 3 5 6 6 5 10 10 13 13 14 16 16 17 18 18 21 21 22 22 22 19 27 27 36 36 37 48 48 53
 0 0 0 0 0 0 0 0 1 1 2 2 2 3 3 3 3 3 3 4 4 4 10 10 11 11 11 15 15 17 16 16 20 20 27 24 24 18 28 28 31 31 38 38 38 41
 0 0 0 0 0 1 1 1 1 1 1 2 2 2 3 3 3 3 2 3 3 4 4 4 6 6 7 11 11 13 14 14 16 16 25 20 20 19 24 24 27 27 32 46 46 36
 0 0 0 0 0 1 1 1 1 1 1 2 2 2 3 3 3 3 2 3 3 4 4 4 6 6 7 11 11 13 14 14 16 16 25 20 20 19 24 24 27 27 32 46 46 36
 0 0 0 0 0 0 1 1 0 0 0 1 1 1 2 2 3 3 6 2 2 2 3 3 4 4 5 7 7 10 10 10 12 12 14 14 14 13 20 20 19 19 23 34 34 35
 0 0 0 0 0 0 0 0 0 0 0 1 1 0 2 2 2 2 4 2 2 2 2 2 2 2 4 5 5 6 7 7 6 6 7 7 7 9 13 13 22 22 22 23 23 27
 0 0 0 0 0 0 0 0 0 0 0 1 1 0 2 2 2 2 4 2 2 2 2 2 2 2 4 5 5 6 7 7 6 6 7 7 7 9 13 13 22 22 22 23 23 27
 0 0 0 0 0 0 0 0 0 0 0 0 0 0 1 1 4 4 3 1 1 1 1 1 2 2 3 2 2 3 4 4 3 3 4 6 6 6 8 8 16 16 20 24 24 25
 0 0 0 0 0 0 0 0 0 0 0 0 0 0 1 1 4 4 3 1 1 1 1 1 2 2 3 2 2 3 4 4 3 3 4 6 6 6 8 8 16 16 20 24 24 25
 0 0 0 0 0 0 0 0 0 0 0 0 0 0 1 1 2 2 1 1 1 1 3 3 1 1 2 2 2 1 1 1 2 2 3 4 4 5 8 8 12 12 13 16 16 27
 0 0 0 0 0 0 0 0 0 0 0 0 0 0 0 0 1 1 1 1 1 1 1 1 0 0 1 1 1 1 2 2 2 2 2 3 3 3 5 5 4 4 9 12 12 25
 0 0 0 0 0 0 0 0 0 0 0 0 0 0 0 0 1 1 1 1 1 1 1 1 0 0 1 1 1 1 2 2 2 2 2 3 3 3 5 5 4 4 9 12 12 25
 0 0 0 0 0 0 1 1 1 1 1 0 0 0 1 1 1 1 1 1 1 2 1 1 1 1 1 1 1 2 2 2 2 2 2 2 2 3 3 3 4 4 5 9 9 12
 0 0 0 0 0 0 0 0 0 0 0 1 1 1 1 1 2 2 1 2 2 1 1 1 0 0 1 1 1 1 2 2 2 2 2 3 3 4 6 6 6 6 11 14 14 14
 0 0 0 0 0 0 0 0 0 0 0 1 1 1 1 1 2 2 1 2 2 1 1 1 0 0 1 1 1 1 2 2 2 2 2 3 3 4 6 6 6 6 11 14 14 14
 0 0 0 0 0 0 0 0 0 0 0 1 1 1 2 2 2 2 2 1 1 1 1 1 1 1 1 1 1 2 2 2 2 2 3 3 3 5 5 5 10 10 14 20 20 13
 0 0 0 0 0 0 0 0 0 0 0 1 1 1 2 2 2 2 2 1 1 1 1 1 1 1 1 1 1 2 2 2 2 2 3 3 3 5 5 5 10 10 14 20 20 13
 0 0 0 0 0 0 0 0 0 0 0 1 1 2 1 1 1 1 1 1 1 1 1 1 2 2 2 2 2 3 3 3 2 2 3 5 5 6 4 4 4 4 7 9 9 12
 0 0 0 0 0 0 0 0 0 0 0 1 1 1 0 0 1 1 1 1 1 2 2 2 3 3 4 2 2 2 2 2 2 2 3 4 4 6 4 4 4 4 6 7 7 8
 0 0 0 0 0 0 0 0 0 0 0 1 1 1 0 0 1 1 1 1 1 2 2 2 3 3 4 2 2 2 2 2 2 2 3 4 4 6 4 4 4 4 6 7 7 8
 0 0 0 0 0 0 0 0 0 0 0 0 0 0 0 0 0 0 1 2 2 3 2 2 3 3 3 2 2 2 2 2 2 2 2 3 3 4 4 4 4 4 4 4 4 4
 0 0 0 0 0 0 0 0 0 0 0 0 0 0 0 0 0 0 1 2 2 2 2 2 2 2 2 2 2 1 2 2 2 2 2 3 3 4 4 4 3 3 4 3 3 3
 0 0 0 0 0 0 0 0 0 0 0 0 0 0 0 0 0 0 1 2 2 2 2 2 2 2 2 2 2 1 2 2 2 2 2 3 3 4 4 4 3 3 4 3 3 3
 0 0 0 0 0 0 0 0 0 0 0 0 0 0 0 0 0 0 1 2 2 2 2 2 3 3 2 2 2 2 2 2 2 2 3 3 3 4 4 4 3 3 4 3 3 5
 0 0 0 0 0 0 0 0 0 0 0 0 0 0 0 0 0 0 1 2 2 2 2 2 3 3 2 2 2 2 2 2 2 2 3 3 3 4 4 4 3 3 4 3 3 5
 0 0 0 0 0 0 0 0 0 0 0 0 0 0 0 0 0 0 0 1 1 1 1 1 2 2 2 1 1 2 2 2 2 2 2 3 3 4 3 3 3 3 3 3 3 3
 0 0 0 0 0 0 0 0 0 0 0 0 0 0 0 0 0 0 0 1 1 1 1 1 1 1 1 1 1 1 2 2 1 1 2 4 4 3 2 2 2 2 1 1 1 2
 0 0 0 0 0 0 0 0 0 0 0 0 0 0 0 0 0 0 0 1 1 1 1 1 1 1 1 1 1 1 2 2 1 1 2 4 4 3 2 2 2 2 1 1 1 2
 0 0 0 0 0 0 0 0 0 0 1 0 0 0 0 0 0 0 0 1 1 1 1 1 0 0 1 0 0 1 4 4 4 4 6 5 5 2 1 1 1 1 1 1 1 1
 0 0 0 0 0 0 0 0 0 0 0 0 0 0 0 0 0 0 0 0 0 0 0 0 0 0 1 1 1 1 3 3 5 5 3 1 1 1 1 1 2 2 1 1 1 1
 0 0 0 0 0 0 0 0 0 0 0 0 0 0 0 0 0 0 0 0 0 0 0 0 0 0 1 1 1 1 3 3 5 5 3 1 1 1 1 1 2 2 1 1 1 1
 0 0 0 0 0 0 0 0 0 0 0 0 0 1 0 0 0 0 0 0 0 0 0 0 0 0 1 1 1 1 1 1 1 1 1 1 1 1 3 3 4 4 1 1 1 1
 0 0 0 0 0 0 0 0 0 0 0 0 0 1 0 0 0 0 0 0 0 0 0 0 0 0 1 1 1 1 1 1 1 1 1 1 1 1 3 3 4 4 1 1 1 1
 0 0 0 0 0 0 0 0 0 0 0 0 0 0 0 0 0 0 0 1 1 1 1 1 0 0 1 1 1 1 0 0 0 0 0 1 1 1 2 2 3 3 2 2 2 2
 0 0 0 0 0 0 0 0 0 0 0 0 0 0 0 0 0 0 0 0 0 0 1 1 0 0 0 1 1 0 0 0 0 0 0 0 0 1 3 3 5 5 3 2 2 2
 0 0 0 0 0 0 0 0 0 0 0 0 0 0 0 0 0 0 0 0 0 0 1 1 0 0 0 1 1 0 0 0 0 0 0 0 0 1 3 3 5 5 3 2 2 2
 0 0 0 0 0 0 0 0 0 0 0 1 1 0 0 0 0 0 0 0 0 0 0 0 0 0 0 1 1 0 0 0 0 0 0 0 0 1 2 2 4 4 2 1 1 2
 0 0 0 0 0 0 0 0 0 0 0 0 0 0 0 0 0 0 0 0 0 0 0 0 0 0 0 0 0 1 0 0 1 1 0 0 0 0 0 0 1 1 1 1 1 2
 0 0 0 0 0 0 0 0 0 0 0 0 0 0 0 0 0 0 0 0 0 0 0 0 0 0 0 0 0 1 0 0 1 1 0 0 0 0 0 0 1 1 1 1 1 2
 0 0 0 0 0 0 0 0 0 0 0 0 0 0 0 0 0 0 0 0 0 0 2 2 2 2 0 0 0 0 1 1 0 0 0 0 0 0 0 0 0 0 1 0 0 0
 0 0 0 0 0 0 0 0 0 0 0 0 0 0 0 0 0 0 0 0 0 0 2 2 2 2 0 0 0 0 1 1 0 0 0 0 0 0 0 0 0 0 1 0 0 0
 0 0 0 0 0 0 0 0 0 0 0 0 0 2 0 0 0 0 0 0 0 0 0 0 0 0 0 0 0 0 0 0 0 0 0 0 0 0 0 0 1 1 1 0 0 0
 0 0 0 0 0 0 0 0 1 1 0 0 0 0 0 0 0 0 0 0 0 0 0 0 0 0 0 0 0 0 0 0 1 1 0 0 0 0 0 0 0 0 0 0 0 0
 0 0 0 0 0 0 0 0 1 1 0 0 0 0 0 0 0 0 0 0 0 0 0 0 0 0 0 0 0 0 0 0 1 1 0 0 0 0 0 0 0 0 0 0 0 0
 0 0 0 0 0 0 0 0 0 0 0 0 0 0 0 0 0 0 0 0 0 0 0 0 0 0 0 0 0 0 0 0 1 1 0 0 0 0 0 0 0 0 0 0 0 0
 0 0 0 0 0 0 0 0 0 0 0 0 0 0 0 0 0 0 0 0 0 0 0 0 0 0 0 0 0 0 0 0 1 1 0 0 0 0 0 0 0 0 0 1 1 1
 0 0 0 0 0 0 0 0 0 0 0 0 0 0 0 0 0 0 0 0 0 0 0 0 0 0 0 0 0 0 0 0 1 1 0 0 0 0 0 0 0 0 0 1 1 1
 0 0 1 0 0 0 0 0 0 0 0 0 0 0 0 0 0 0 0 0 0 0 0 0 0 0 0 0 0 0 0 0 0 0 0 0 0 1 0 0 0 0 1 3 3 1
 0 0 1 0 0 0 0 0 0 0 0 0 0 0 0 0 0 0 0 0 0 0 0 0 0 0 0 0 0 0 0 0 0 0 0 0 0 1 0 0 0 0 1 3 3 1
 0 0 1 0 0 0 0 0 0 0 0 0 0 0 0 0 0 0 0 0 0 1 0 0 0 0 0 0 0 0 0 0 0 0 0 0 0 0 0 0 0 0 1 1 1 0
 0 0 0 0 0 0 0 0 0 0 0 0 0 0 0 0 0 0 0 0 0 0 0 0 0 0 1 0 0 0 0 0 0 0 0 0 0 0 0 0 0 0 0 0 0 0
 0 0 0 0 0 0 0 0 0 0 0 0 0 0 0 0 0 0 0 0 0 0 0 0 0 0 1 0 0 0 0 0 0 0 0 0 0 0 0 0 0 0 0 0 0 0
 0 0 0 0 0 0 0 0 0 0 1 0 0 0 0 0 0 0 0 0 0 1 1 1 0 0 1 0 0 0 0 0 0 0 0 0 0 0 0 0 0 0 0 1 1 0
 0 0 0 0 0 0 0 0 0 0 0 0 0 0 0 0 0 0 0 0 0 1 1 1 0 0 1 1 1 0 0 0 0 0 1 0 0 0 0 0 1 1 0 1 1 0
