assets/RAT_results/precipitation/2017-11-27_IMERG.asc
ncols        46
nrows        77
xllcorner    74.800261325624
yllcorner    8.058333333333
cellsize     0.062500000000
NODATA_value -9999
 0 0 0 0 0 0 0 0 0 0 0 0 0 0 0 0 0 0 0 0 0 0 0 0 0 0 0 0 0 0 0 0 0 0 0 0 0 0 0 0 0 0 0 0 0 0
 0 0 0 0 0 0 0 0 0 0 0 0 0 0 0 0 0 0 0 0 0 0 0 0 0 0 0 0 0 0 0 0 0 0 0 0 0 0 0 0 0 0 0 0 0 0
 0 0 0 0 0 0 0 0 0 0 0 0 0 0 0 0 0 0 0 0 0 0 0 0 0 0 0 0 0 0 0 0 0 0 0 0 0 0 0 0 0 0 0 0 0 0
 0 0 0 0 0 1 0 0 0 0 0 0 0 0 0 0 0 0 0 0 0 0 0 0 0 0 0 0 0 0 0 0 0 0 0 0 0 0 0 0 0 0 0 0 0 0
 0 0 0 0 0 0 0 0 0 0 0 0 0 0 0 0 0 0 0 0 0 0 0 0 0 0 0 0 0 0 0 0 0 0 0 0 0 0 0 0 0 0 0 0 0 0
 0 0 0 0 0 0 0 0 0 0 0 0 0 0 0 0 0 0 0 0 0 0 0 0 0 0 0 0 0 0 0 0 0 0 0 0 0 0 0 0 0 0 0 0 0 0
 0 0 0 0 0 0 0 0 0 0 0 0 0 0 0 0 0 0 0 0 0 0 0 0 0 0 0 0 0 0 0 0 0 0 0 0 0 0 0 0 0 0 0 0 0 0
 0 0 0 0 0 0 0 0 0 0 0 0 0 0 0 0 0 0 0 0 0 0 0 0 0 0 0 0 0 0 0 0 0 0 0 0 0 0 0 0 0 0 0 0 0 0
 0 0 0 1 1 0 0 0 0 0 0 0 0 0 0 0 0 0 0 0 0 0 0 0 0 0 0 0 0 0 0 0 0 0 0 0 0 0 0 0 0 0 0 0 0 0
 0 0 0 0 0 0 0 0 0 0 0 0 0 0 0 0 0 0 0 0 0 0 0 0 0 0 0 0 0 0 0 0 0 0 0 0 0 0 0 0 0 0 1 0 0 0
 0 0 0 0 0 0 0 0 0 0 0 0 0 0 0 0 0 0 0 0 0 0 0 0 0 0 0 0 0 0 0 0 0 0 0 0 0 0 0 0 0 0 1 0 0 0
 0 0 0 0 0 0 0 0 0 0 0 0 0 0 0 0 0 0 0 0 0 0 0 0 0 0 0 0 0 0 0 0 0 0 0 0 0 0 0 0 0 0 0 0 0 0
 0 0 0 0 0 0 0 0 0 0 0 0 0 0 0 0 0 0 0 0 0 1 0 0 0 0 0 0 0 0 0 0 0 0 0 0 0 0 0 0 0 0 0 0 0 0
 0 0 0 0 0 0 0 0 0 0 0 0 0 0 0 0 0 0 0 0 0 1 0 0 0 0 0 0 0 0 0 0 0 0 0 0 0 0 0 0 0 0 0 0 0 0
 0 0 0 0 0 0 0 0 0 0 0 0 0 0 0 0 0 0 0 0 0 0 0 0 0 0 0 0 0 0 0 0 0 0 0 0 0 0 0 0 0 0 0 0 0 0
 0 0 0 0 0 0 0 0 0 0 0 0 0 0 0 0 0 0 0 0 0 0 0 0 0 0 0 0 0 0 0 0 0 0 0 0 0 0 0 0 0 0 0 0 0 0
 0 0 0 0 0 0 0 0 0 0 0 0 0 0 0 0 0 0 0 0 0 0 0 0 0 0 0 0 0 0 0 0 0 0 0 0 0 0 0 0 0 0 0 1 1 0
 0 0 0 0 0 0 0 0 0 0 0 0 0 0 0 0 0 0 0 0 0 0 0 0 0 0 0 0 0 0 0 0 0 0 0 0 0 0 0 0 0 0 0 1 1 0
 0 0 0 0 0 0 0 0 0 0 0 0 0 0 0 0 0 0 0 0 0 0 0 0 0 0 0 0 0 0 0 0 0 0 0 0 0 0 0 0 0 0 0 1 1 0
 0 0 0 0 0 0 0 0 0 0 0 0 0 0 0 0 0 0 0 0 0 0 0 0 0 0 0 0 0 0 0 0 0 0 0 0 0 0 0 0 0 0 0 0 0 0
 0 0 0 0 0 0 0 0 0 0 0 0 0 0 0 0 0 0 0 0 0 0 0 0 0 0 0 0 0 0 0 0 0 0 0 0 0 0 0 0 0 0 0 0 0 0
 0 0 0 0 0 0 0 0 0 0 0 0 0 0 0 0 0 0 0 0 0 0 0 0 0 0 0 0 0 0 0 0 0 0 0 0 0 0 0 0 0 0 0 0 0 0
 0 0 0 0 0 0 0 0 0 0 0 0 0 0 0 0 0 0 0 0 0 0 0 0 2 2 0 0 0 0 0 0 0 0 0 0 0 0 0 0 0 0 0 0 0 0
 0 0 0 0 0 0 0 0 0 0 0 0 0 0 0 0 0 0 0 0 0 0 0 0 2 2 0 0 0 0 0 0 0 0 0 0 0 0 0 0 0 0 0 0 0 0
 0 0 0 0 0 0 1 1 0 0 0 0 0 0 0 0 0 0 2 1 1 0 0 0 0 0 0 0 0 0 0 0 0 0 0 0 0 0 0 0 0 0 0 0 0 0
 0 0 0 0 0 0 0 0 1 1 0 0 0 0 0 0 0 0 0 0 0 15 4 4 0 0 0 0 0 0 0 0 0 0 0 0 0 0 0 0 0 0 0 1 1 1
 0 0 0 0 0 0 0 0 1 1 0 0 0 0 0 0 0 0 0 0 0 15 4 4 0 0 0 0 0 0 0 0 0 0 0 0 0 0 0 0 0 0 0 1 1 1
 0 0 0 0 0 0 0 0 1 1 23 19 19 20 3 3 1 1 0 2 2 12 3 3 0 0 0 0 0 0 0 0 0 0 0 0 0 0 0 0 0 0 0 1 1 1
 0 0 0 2 2 1 1 1 23 23 22 19 19 21 4 4 0 0 0 3 3 5 0 0 0 0 0 0 0 0 0 0 0 0 0 1 1 0 0 0 0 0 0 0 0 0
 0 0 0 2 2 1 1 1 23 23 22 19 19 21 4 4 0 0 0 3 3 5 0 0 0 0 0 0 0 0 0 0 0 0 0 1 1 0 0 0 0 0 0 0 0 0
 0 0 0 0 0 0 1 1 0 0 16 13 13 16 1 1 2 2 4 1 1 0 0 0 0 0 0 0 0 0 0 0 0 0 0 0 0 0 0 0 0 0 0 1 1 1
 0 0 0 0 0 0 1 1 0 0 16 13 13 16 1 1 2 2 4 1 1 0 0 0 0 0 0 0 0 0 0 0 0 0 0 0 0 0 0 0 0 0 0 1 1 1
 0 0 0 0 0 0 6 6 0 0 16 24 24 24 2 2 1 1 1 0 0 0 0 0 0 0 0 0 0 0 0 0 0 0 0 0 0 0 2 2 2 2 1 2 2 1
 1 1 1 1 1 0 0 0 2 2 9 1 1 11 14 14 0 0 0 0 0 0 0 0 0 0 0 0 0 0 0 0 0 0 0 0 0 0 9 9 8 8 7 7 7 6
 1 1 1 1 1 0 0 0 2 2 9 1 1 11 14 14 0 0 0 0 0 0 0 0 0 0 0 0 0 0 0 0 0 0 0 0 0 0 9 9 8 8 7 7 7 6
 2 2 2 1 1 0 0 0 4 4 3 0 0 0 1 1 0 0 0 0 0 0 0 0 0 0 0 0 0 0 0 0 0 0 0 0 0 1 4 4 8 8 7 8 8 1
 2 2 2 1 1 1 2 2 11 11 0 0 0 0 0 0 0 0 0 0 0 0 0 0 0 0 0 0 0 0 0 0 0 0 0 0 0 1 3 3 3 3 7 5 5 1
 2 2 2 1 1 1 2 2 11 11 0 0 0 0 0 0 0 0 0 0 0 0 0 0 0 0 0 0 0 0 0 0 0 0 0 0 0 1 3 3 3 3 7 5 5 1
 1 1 2 1 1 1 2 2 9 9 2 0 0 0 0 0 0 0 0 0 0 0 0 0 0 0 0 0 0 0 0 0 0 0 1 0 0 1 3 3 7 7 6 2 2 9
 1 1 2 1 1 1 2 2 9 9 2 0 0 0 0 0 0 0 0 0 0 0 0 0 0 0 0 0 0 0 0 0 0 0 1 0 0 1 3 3 7 7 6 2 2 9
 1 1 0 0 0 0 1 1 10 10 1 12 12 10 1 1 2 2 0 1 1 0 0 0 0 0 0 0 0 0 0 0 1 1 0 1 1 1 2 2 7 7 8 3 3 5
 0 0 0 0 0 1 3 3 0 0 1 10 10 10 0 0 1 1 0 0 0 0 2 2 1 1 0 0 0 1 0 0 0 0 1 1 1 2 2 2 3 3 5 1 1 1
 0 0 0 0 0 1 3 3 0 0 1 10 10 10 0 0 1 1 0 0 0 0 2 2 1 1 0 0 0 1 0 0 0 0 1 1 1 2 2 2 3 3 5 1 1 1
 0 0 0 0 0 1 0 0 0 0 2 1 1 0 2 2 0 0 2 0 0 1 1 1 1 1 0 0 0 0 0 0 1 1 1 1 1 2 5 5 4 4 3 2 2 2
 1 1 1 1 1 1 0 0 0 0 0 1 1 2 0 0 2 2 1 1 1 1 1 1 2 2 3 2 2 0 0 0 0 0 0 3 3 4 4 4 3 3 2 1 1 2
 1 1 1 1 1 1 0 0 0 0 0 1 1 2 0 0 2 2 1 1 1 1 1 1 2 2 3 2 2 0 0 0 0 0 0 3 3 4 4 4 3 3 2 1 1 2
 1 1 1 1 1 1 0 0 1 1 1 0 0 1 2 2 3 3 13 3 3 6 3 3 7 7 2 2 2 2 0 0 0 0 0 2 2 2 3 3 2 2 1 1 1 4
 1 1 1 1 1 1 0 0 1 1 1 0 0 1 2 2 3 3 13 3 3 6 3 3 7 7 2 2 2 2 0 0 0 0 0 2 2 2 3 3 2 2 1 1 1 4
 1 1 2 3 3 3 26 26 28 28 0 0 0 1 3 3 1 1 2 2 2 3 4 4 10 10 9 8 8 1 0 0 0 0 2 3 3 3 4 4 2 2 3 3 3 3
 2 2 1 2 2 5 28 28 27 27 27 1 1 1 2 2 1 1 12 4 4 4 14 14 10 10 8 7 7 2 1 1 0 0 0 3 3 4 5 5 6 6 5 5 5 3
 2 2 1 2 2 5 28 28 27 27 27 1 1 1 2 2 1 1 12 4 4 4 14 14 10 10 8 7 7 2 1 1 0 0 0 3 3 4 5 5 6 6 5 5 5 3
 4 4 19 19 19 39 38 38 51 51 50 1 1 1 2 2 1 1 0 18 18 4 6 6 3 3 3 2 2 1 0 0 0 0 4 3 3 3 4 4 5 5 8 5 5 4
 18 18 23 22 22 37 37 37 50 50 47 1 1 2 1 1 2 2 9 1 1 2 24 24 4 4 7 3 3 1 0 0 2 2 4 4 4 6 6 6 6 6 7 5 5 3
 18 18 23 22 22 37 37 37 50 50 47 1 1 2 1 1 2 2 9 1 1 2 24 24 4 4 7 3 3 1 0 0 2 2 4 4 4 6 6 6 6 6 7 5 5 3
 18 18 22 22 22 27 27 27 29 29 46 2 2 4 10 10 28 28 10 9 9 11 6 6 4 4 7 5 5 2 2 2 2 2 3 2 2 4 4 4 4 4 10 6 6 2
 18 18 22 22 22 27 27 27 29 29 46 2 2 4 10 10 28 28 10 9 9 11 6 6 4 4 7 5 5 2 2 2 2 2 3 2 2 4 4 4 4 4 10 6 6 2
 35 35 43 44 44 28 2 2 4 4 1 5 5 11 10 10 55 55 9 1 1 6 19 19 7 7 4 6 6 4 2 2 5 5 3 6 6 8 3 3 2 2 3 5 5 2
 37 37 43 27 27 28 2 2 5 5 4 4 4 7 56 56 30 30 21 27 27 20 20 20 8 8 4 5 5 14 8 8 7 7 10 6 6 10 4 4 2 2 2 3 3 2
 37 37 43 27 27 28 2 2 5 5 4 4 4 7 56 56 30 30 21 27 27 20 20 20 8 8 4 5 5 14 8 8 7 7 10 6 6 10 4 4 2 2 2 3 3 2
 41 41 39 33 33 31 5 5 5 5 6 20 20 10 28 28 83 83 59 8 8 41 38 38 7 7 18 21 21 9 5 5 8 8 11 10 10 16 2 2 2 2 2 2 2 3
 102 102 99 42 42 32 9 9 6 6 11 7 7 25 50 50 43 43 59 11 11 14 46 46 34 34 26 12 12 19 11 11 8 8 12 17 17 16 17 17 7 7 3 3 3 3
 102 102 99 42 42 32 9 9 6 6 11 7 7 25 50 50 43 43 59 11 11 14 46 46 34 34 26 12 12 19 11 11 8 8 12 17 17 16 17 17 7 7 3 3 3 3
 100 100 104 47 47 37 37 37 23 23 10 8 8 22 21 21 82 82 17 30 30 11 23 23 33 33 16 10 10 9 15 15 11 11 15 18 18 14 5 5 4 4 4 4 4 4
 100 100 104 47 47 37 37 37 23 23 10 8 8 22 21 21 82 82 17 30 30 11 23 23 33 33 16 10 10 9 15 15 11 11 15 18 18 14 5 5 4 4 4 4 4 4
 36 36 45 79 79 39 65 65 21 21 8 9 9 30 20 20 32 32 28 22 22 21 19 19 13 13 6 6 6 7 11 11 13 13 14 6 6 9 5 5 5 5 7 5 5 5
 73 73 49 48 48 44 43 43 26 26 5 17 17 14 16 16 17 17 26 24 24 18 12 12 16 16 3 5 5 7 11 11 16 16 11 10 10 8 9 9 8 8 6 6 6 5
 73 73 49 48 48 44 43 43 26 26 5 17 17 14 16 16 17 17 26 24 24 18 12 12 16 16 3 5 5 7 11 11 16 16 11 10 10 8 9 9 8 8 6 6 6 5
 75 75 41 42 42 23 24 24 26 26 6 8 8 10 12 12 14 14 16 14 14 11 3 3 5 5 3 2 2 15 11 11 19 19 22 17 17 10 12 12 10 10 6 6 6 5
 28 28 22 40 40 6 23 23 13 13 6 10 10 10 12 12 11 11 12 10 10 9 3 3 2 2 2 3 3 9 25 25 20 20 23 25 25 12 15 15 13 13 7 7 7 11
 28 28 22 40 40 6 23 23 13 13 6 10 10 10 12 12 11 11 12 10 10 9 3 3 2 2 2 3 3 9 25 25 20 20 23 25 25 12 15 15 13 13 7 7 7 11
 25 25 22 7 7 5 6 6 13 13 16 12 12 69 9 9 22 22 6 7 7 5 3 3 7 7 4 4 4 9 15 15 29 29 19 21 21 13 9 9 12 12 10 7 7 12
 25 25 22 7 7 5 6 6 13 13 16 12 12 69 9 9 22 22 6 7 7 5 3 3 7 7 4 4 4 9 15 15 29 29 19 21 21 13 9 9 12 12 10 7 7 12
 11 11 10 4 4 4 10 10 13 13 8 10 10 6 17 17 65 65 12 7 7 7 24 24 9 9 17 16 16 12 11 11 19 19 27 14 14 10 9 9 7 7 6 8 8 8
 17 17 17 8 8 8 5 5 7 7 20 11 11 8 20 20 18 18 25 24 24 28 29 29 7 7 11 16 16 13 15 15 15 15 28 9 9 16 10 10 13 13 9 9 9 8
 17 17 17 8 8 8 5 5 7 7 20 11 11 8 20 20 18 18 25 24 24 28 29 29 7 7 11 16 16 13 15 15 15 15 28 9 9 16 10 10 13 13 9 9 9 8
 16 16 14 8 8 9 8 8 6 6 13 33 33 92 25 25 14 14 11 23 23 26 24 24 10 10 27 18 18 14 12 12 29 29 24 33 33 19 30 30 27 27 20 14 14 15
 29 29 19 20 20 12 10 10 9 9 11 16 16 25 74 74 79 79 13 19 19 14 17 17 26 26 13 13 13 19 13 13 21 21 28 30 30 27 44 44 45 45 29 25 25 10
