assets/RAT_results/precipitation/2017-04-13_IMERG.asc
ncols        46
nrows        77
xllcorner    74.800261325624
yllcorner    8.058333333333
cellsize     0.062500000000
NODATA_value -9999
 0 0 0 0 0 0 0 0 0 0 0 0 0 0 0 0 0 0 0 0 0 0 0 0 0 0 0 0 0 0 0 0 0 0 0 0 0 0 0 0 0 0 0 0 0 0
 0 0 0 0 0 0 0 0 0 0 0 0 0 0 0 0 0 0 0 0 0 0 0 0 0 0 0 0 0 0 0 0 0 0 0 0 0 0 0 0 0 0 0 0 0 0
 0 0 0 0 0 0 0 0 0 0 0 0 0 0 0 0 0 0 0 0 0 0 0 0 0 0 0 0 0 0 0 0 0 0 0 0 0 0 0 0 0 0 0 0 0 0
 0 0 0 0 0 0 0 0 0 0 0 0 0 0 0 0 0 0 0 0 0 0 0 0 0 0 0 0 0 0 0 0 0 0 0 0 0 0 0 0 0 0 0 0 0 0
 0 0 0 0 0 0 0 0 0 0 0 0 0 0 1 1 0 0 0 0 0 0 0 0 0 0 0 0 0 0 0 0 0 0 0 0 0 0 0 0 0 0 0 0 0 0
 0 0 0 0 0 0 0 0 0 0 0 0 0 0 1 1 0 0 0 0 0 0 0 0 0 0 0 0 0 0 0 0 0 0 0 0 0 0 0 0 0 0 0 0 0 0
 0 0 0 0 0 0 0 0 1 1 7 7 7 1 2 2 1 1 0 0 0 0 0 0 0 0 0 0 0 0 0 0 0 0 0 0 0 0 0 0 0 0 0 0 0 0
 0 0 0 0 0 0 0 0 1 1 7 7 7 1 2 2 1 1 0 0 0 0 0 0 0 0 0 0 0 0 0 0 0 0 0 0 0 0 0 0 0 0 0 0 0 0
 0 0 0 0 0 0 1 1 5 5 55 54 54 12 2 2 1 1 0 0 0 0 0 0 0 0 0 0 0 0 0 0 0 0 0 0 0 0 0 0 0 0 0 0 0 0
 0 0 0 0 0 0 0 0 4 4 23 14 14 14 2 2 1 1 0 0 0 0 0 0 0 0 0 0 0 0 0 0 0 0 0 0 0 0 0 0 0 0 0 0 0 0
 0 0 0 0 0 0 0 0 4 4 23 14 14 14 2 2 1 1 0 0 0 0 0 0 0 0 0 0 0 0 0 0 0 0 0 0 0 0 0 0 0 0 0 0 0 0
 0 0 0 0 0 0 0 0 1 1 4 12 12 3 1 1 0 0 0 0 0 0 0 0 0 0 0 0 0 0 0 0 0 0 0 0 0 0 0 0 0 0 0 0 0 0
 0 0 0 0 0 0 0 0 0 0 1 1 1 1 1 1 0 0 0 0 0 0 0 0 0 0 0 0 0 0 0 0 0 0 0 0 0 0 0 0 0 0 0 0 0 0
 0 0 0 0 0 0 0 0 0 0 1 1 1 1 1 1 0 0 0 0 0 0 0 0 0 0 0 0 0 0 0 0 0 0 0 0 0 0 0 0 0 0 0 0 0 0
 0 0 0 0 0 0 0 0 0 0 0 0 0 0 0 0 0 0 0 0 0 0 0 0 0 0 0 0 0 0 0 0 0 0 0 0 0 0 0 0 0 0 0 0 0 0
 0 0 0 0 0 0 0 0 0 0 0 0 0 0 0 0 0 0 0 0 0 0 0 0 0 0 0 0 0 0 0 0 0 0 0 0 0 0 0 0 0 0 0 0 0 0
 0 0 0 0 0 0 0 0 0 0 0 0 0 0 0 0 0 0 0 0 0 0 0 0 0 0 0 0 0 0 0 0 0 0 0 0 0 0 0 0 0 0 0 0 0 0
 0 0 0 0 0 0 0 0 0 0 0 0 0 0 0 0 2 2 1 1 1 0 0 0 0 0 0 0 0 0 0 0 0 0 0 0 0 0 0 0 0 0 0 0 0 0
 0 0 0 0 0 0 0 0 0 0 0 0 0 0 0 0 2 2 1 1 1 0 0 0 0 0 0 0 0 0 0 0 0 0 0 0 0 0 0 0 0 0 0 0 0 0
 0 0 0 0 0 0 0 0 0 0 0 0 0 0 1 1 15 15 36 10 10 8 3 3 0 0 0 0 0 0 0 0 0 0 0 0 0 0 0 0 0 0 0 0 0 0
 0 0 0 0 0 0 1 1 0 0 0 0 0 0 1 1 10 10 33 35 35 34 3 3 1 1 0 0 0 0 0 0 0 0 0 0 0 0 0 0 0 0 0 0 0 0
 0 0 0 0 0 0 1 1 0 0 0 0 0 0 1 1 10 10 33 35 35 34 3 3 1 1 0 0 0 0 0 0 0 0 0 0 0 0 0 0 0 0 0 0 0 0
 0 0 0 0 0 1 1 1 0 0 0 0 0 1 5 5 6 6 15 22 22 12 4 4 2 2 1 0 0 0 0 0 0 0 3 1 1 0 0 0 0 0 0 0 0 0
 0 0 0 0 0 1 1 1 0 0 0 0 0 1 5 5 6 6 15 22 22 12 4 4 2 2 1 0 0 0 0 0 0 0 3 1 1 0 0 0 0 0 0 0 0 0
 0 0 0 0 0 0 0 0 0 0 0 0 0 1 8 8 12 12 18 15 15 13 5 5 3 3 1 0 0 0 0 0 2 2 5 3 3 1 0 0 0 0 0 0 0 0
 0 0 0 0 0 0 0 0 0 0 0 0 0 1 7 7 12 12 12 12 12 8 6 6 4 4 4 1 1 2 0 0 4 4 3 1 1 0 0 0 0 0 0 0 0 0
 0 0 0 0 0 0 0 0 0 0 0 0 0 1 7 7 12 12 12 12 12 8 6 6 4 4 4 1 1 2 0 0 4 4 3 1 1 0 0 0 0 0 0 0 0 0
 0 0 0 0 0 1 0 0 0 0 0 0 0 1 1 1 6 6 9 10 10 9 9 9 12 12 11 3 3 2 4 4 5 5 5 0 0 0 0 0 0 0 0 0 0 0
 0 0 0 1 1 0 1 1 0 0 0 0 0 0 0 0 1 1 2 5 5 7 8 8 11 11 2 3 3 1 2 2 2 2 0 0 0 0 0 0 0 0 0 0 0 0
 0 0 0 1 1 0 1 1 0 0 0 0 0 0 0 0 1 1 2 5 5 7 8 8 11 11 2 3 3 1 2 2 2 2 0 0 0 0 0 0 0 0 0 0 0 0
 0 0 2 2 2 1 1 1 0 0 0 0 0 0 0 0 0 0 0 1 1 3 7 7 11 11 10 9 9 3 3 3 2 2 2 0 0 0 0 0 0 0 0 0 0 0
 0 0 2 2 2 1 1 1 0 0 0 0 0 0 0 0 0 0 0 1 1 3 7 7 11 11 10 9 9 3 3 3 2 2 2 0 0 0 0 0 0 0 0 0 0 0
 2 2 1 2 2 3 2 2 5 5 0 0 0 0 0 0 0 0 0 0 0 2 5 5 4 4 7 11 11 9 1 1 7 7 2 0 0 0 0 0 0 0 0 0 0 0
 1 1 1 4 4 3 2 2 4 4 0 0 0 0 0 0 0 0 0 1 1 2 5 5 6 6 12 18 18 10 1 1 0 0 2 0 0 0 0 0 0 0 0 0 0 0
 1 1 1 4 4 3 2 2 4 4 0 0 0 0 0 0 0 0 0 1 1 2 5 5 6 6 12 18 18 10 1 1 0 0 2 0 0 0 0 0 0 0 0 0 0 0
 1 1 1 4 4 4 9 9 9 9 1 1 1 1 0 0 1 1 1 4 4 11 15 15 16 16 13 20 20 12 1 1 0 0 0 0 0 0 0 0 0 0 0 0 0 0
 1 1 1 2 2 3 10 10 9 9 13 4 4 11 4 4 2 2 14 21 21 18 21 21 17 17 11 6 6 11 0 0 0 0 0 0 0 0 0 0 0 0 0 0 0 0
 1 1 1 2 2 3 10 10 9 9 13 4 4 11 4 4 2 2 14 21 21 18 21 21 17 17 11 6 6 11 0 0 0 0 0 0 0 0 0 0 0 0 0 0 0 0
 1 1 1 5 5 3 7 7 9 9 13 10 10 15 26 26 7 7 16 13 13 16 17 17 12 12 8 6 6 4 3 3 0 0 0 0 0 0 0 0 0 0 0 0 0 0
 1 1 1 5 5 3 7 7 9 9 13 10 10 15 26 26 7 7 16 13 13 16 17 17 12 12 8 6 6 4 3 3 0 0 0 0 0 0 0 0 0 0 0 0 0 0
 1 1 2 6 6 4 5 5 7 7 15 23 23 58 58 58 18 18 14 10 10 13 10 10 8 8 7 6 6 4 4 4 0 0 1 1 1 1 0 0 0 0 0 0 0 0
 1 1 2 6 6 9 11 11 20 20 38 22 22 26 18 18 20 20 5 13 13 13 8 8 10 10 15 14 14 9 8 8 4 4 1 1 1 2 0 0 0 0 0 0 0 0
 1 1 2 6 6 9 11 11 20 20 38 22 22 26 18 18 20 20 5 13 13 13 8 8 10 10 15 14 14 9 8 8 4 4 1 1 1 2 0 0 0 0 0 0 0 0
 1 1 2 4 4 9 10 10 20 20 25 25 25 25 17 17 22 22 25 13 13 16 6 6 8 8 33 24 24 22 12 12 9 9 1 2 2 2 1 1 2 2 1 2 2 0
 6 6 4 4 4 6 9 9 10 10 17 23 23 22 22 22 17 17 26 15 15 16 23 23 24 24 38 39 39 31 16 16 18 18 1 3 3 3 4 4 4 4 4 3 3 0
 6 6 4 4 4 6 9 9 10 10 17 23 23 22 22 22 17 17 26 15 15 16 23 23 24 24 38 39 39 31 16 16 18 18 1 3 3 3 4 4 4 4 4 3 3 0
 8 8 7 8 8 9 8 8 8 8 12 13 13 18 21 21 7 7 15 16 16 3 28 28 22 22 33 44 44 33 25 25 17 17 3 3 3 3 1 1 3 3 2 1 1 0
 8 8 7 8 8 9 8 8 8 8 12 13 13 18 21 21 7 7 15 16 16 3 28 28 22 22 33 44 44 33 25 25 17 17 3 3 3 3 1 1 3 3 2 1 1 0
 11 11 11 10 10 9 9 9 8 8 10 12 12 42 41 41 15 15 14 12 12 3 29 29 23 23 25 12 12 20 9 9 7 7 0 0 0 0 1 1 1 1 1 1 1 0
 12 12 13 8 8 11 10 10 7 7 19 19 19 38 40 40 36 36 28 19 19 7 6 6 8 8 9 9 9 9 7 7 7 7 0 0 0 1 1 1 3 3 2 10 10 13
 12 12 13 8 8 11 10 10 7 7 19 19 19 38 40 40 36 36 28 19 19 7 6 6 8 8 9 9 9 9 7 7 7 7 0 0 0 1 1 1 3 3 2 10 10 13
 11 11 16 10 10 7 2 2 2 2 5 7 7 8 27 27 34 34 21 20 20 8 8 8 11 11 8 5 5 4 4 4 1 1 1 1 1 2 3 3 15 15 15 16 16 4
 13 13 16 13 13 7 2 2 1 1 2 7 7 8 15 15 15 15 19 21 21 8 8 8 9 9 3 2 2 1 1 1 5 5 2 7 7 5 9 9 6 6 29 14 14 2
 13 13 16 13 13 7 2 2 1 1 2 7 7 8 15 15 15 15 19 21 21 8 8 8 9 9 3 2 2 1 1 1 5 5 2 7 7 5 9 9 6 6 29 14 14 2
 16 16 17 12 12 7 1 1 1 1 1 4 4 6 12 12 12 12 2 1 1 10 11 11 8 8 8 7 7 5 6 6 6 6 13 8 8 9 9 9 5 5 27 10 10 1
 16 16 17 12 12 7 1 1 1 1 1 4 4 6 12 12 12 12 2 1 1 10 11 11 8 8 8 7 7 5 6 6 6 6 13 8 8 9 9 9 5 5 27 10 10 1
 14 14 13 9 9 6 1 1 1 1 1 3 3 4 3 3 4 4 0 10 10 14 24 24 46 46 19 14 14 14 9 9 14 14 13 15 15 16 10 10 7 7 19 4 4 0
 8 8 6 3 3 3 1 1 1 1 1 1 1 1 2 2 5 5 1 3 3 45 52 52 54 54 29 21 21 20 22 22 13 13 22 15 15 15 9 9 6 6 4 1 1 0
 8 8 6 3 3 3 1 1 1 1 1 1 1 1 2 2 5 5 1 3 3 45 52 52 54 54 29 21 21 20 22 22 13 13 22 15 15 15 9 9 6 6 4 1 1 0
 3 3 9 3 3 1 1 1 1 1 1 1 1 2 4 4 4 4 1 5 5 49 54 54 56 56 34 26 26 25 34 34 36 36 14 15 15 5 4 4 2 2 0 1 1 0
 2 2 6 4 4 1 0 0 0 0 1 2 2 7 3 3 8 8 3 7 7 49 55 55 54 54 20 29 29 41 19 19 15 15 10 5 5 4 7 7 2 2 0 1 1 0
 2 2 6 4 4 1 0 0 0 0 1 2 2 7 3 3 8 8 3 7 7 49 55 55 54 54 20 29 29 41 19 19 15 15 10 5 5 4 7 7 2 2 0 1 1 0
 1 1 1 1 1 1 1 1 1 1 1 2 2 5 6 6 10 10 7 8 8 35 39 39 38 38 18 26 26 18 20 20 19 19 8 7 7 3 7 7 5 5 4 0 0 0
 1 1 1 1 1 1 1 1 1 1 1 2 2 5 6 6 10 10 7 8 8 35 39 39 38 38 18 26 26 18 20 20 19 19 8 7 7 3 7 7 5 5 4 0 0 0
 0 0 0 0 0 1 1 1 1 1 0 1 1 3 6 6 7 7 5 8 8 34 37 37 29 29 27 15 15 17 13 13 11 11 12 9 9 26 23 23 5 5 5 0 0 0
 0 0 0 0 0 1 1 1 0 0 0 0 0 1 3 3 4 4 4 7 7 9 26 26 26 26 25 12 12 14 13 13 6 6 21 9 9 6 2 2 0 0 0 0 0 0
 0 0 0 0 0 1 1 1 0 0 0 0 0 1 3 3 4 4 4 7 7 9 26 26 26 26 25 12 12 14 13 13 6 6 21 9 9 6 2 2 0 0 0 0 0 0
 0 0 0 0 0 0 0 0 0 0 0 0 0 1 1 1 2 2 3 11 11 7 21 21 19 19 17 11 11 11 14 14 13 13 12 14 14 5 0 0 1 1 0 0 0 0
 0 0 0 0 0 0 0 0 0 0 2 0 0 0 0 0 2 2 2 8 8 4 17 17 16 16 3 13 13 11 21 21 24 24 10 15 15 1 12 12 12 12 7 0 0 0
 0 0 0 0 0 0 0 0 0 0 2 0 0 0 0 0 2 2 2 8 8 4 17 17 16 16 3 13 13 11 21 21 24 24 10 15 15 1 12 12 12 12 7 0 0 0
 0 0 0 0 0 0 0 0 0 0 2 0 0 0 0 0 0 0 1 3 3 4 5 5 4 4 3 3 3 12 15 15 11 11 7 8 8 10 9 9 16 16 21 3 3 0
 0 0 0 0 0 0 0 0 0 0 2 0 0 0 0 0 0 0 1 3 3 4 5 5 4 4 3 3 3 12 15 15 11 11 7 8 8 10 9 9 16 16 21 3 3 0
 0 0 1 0 0 0 1 1 0 0 0 0 0 0 1 1 1 1 1 1 1 3 3 3 2 2 2 2 2 11 11 11 11 11 15 20 20 24 23 23 20 20 22 3 3 0
 0 0 0 0 0 0 0 0 0 0 0 0 0 0 0 0 0 0 0 0 0 1 1 1 1 1 1 2 2 8 5 5 8 8 10 10 10 20 20 20 18 18 13 0 0 0
 0 0 0 0 0 0 0 0 0 0 0 0 0 0 0 0 0 0 0 0 0 1 1 1 1 1 1 2 2 8 5 5 8 8 10 10 10 20 20 20 18 18 13 0 0 0
 0 0 0 0 0 0 0 0 0 0 0 0 0 0 0 0 0 0 1 1 1 0 0 0 0 0 1 1 1 2 3 3 5 5 8 7 7 4 10 10 5 5 6 5 5 0
 0 0 0 0 0 0 0 0 0 0 0 0 0 0 0 0 0 0 0 0 0 0 0 0 0 0 0 0 0 1 1 1 2 2 2 4 4 3 2 2 0 0 3 0 0 0
