assets/RAT_results/precipitation/2017-03-15_IMERG.asc
ncols        46
nrows        77
xllcorner    74.800261325624
yllcorner    8.058333333333
cellsize     0.062500000000
NODATA_value -9999
 0 0 1 0 0 1 0 0 3 3 20 19 19 20 6 6 29 29 44 6 6 6 5 5 5 5 4 1 1 2 4 4 4 4 0 0 0 0 0 0 0 0 0 0 0 0
 1 1 0 6 6 0 0 0 1 1 8 6 6 7 21 21 10 10 10 17 17 17 6 6 8 8 4 3 3 3 13 13 0 0 0 0 0 0 0 0 0 0 0 0 0 0
 1 1 0 6 6 0 0 0 1 1 8 6 6 7 21 21 10 10 10 17 17 17 6 6 8 8 4 3 3 3 13 13 0 0 0 0 0 0 0 0 0 0 0 0 0 0
 0 0 0 1 1 0 2 2 3 3 15 20 20 20 18 18 9 9 6 6 6 7 6 6 5 5 7 0 0 3 17 17 9 9 0 0 0 1 0 0 0 0 0 0 0 0
 0 0 0 1 1 2 0 0 8 8 14 7 7 21 17 17 14 14 10 3 3 4 0 0 2 2 1 2 2 10 6 6 6 6 6 4 4 0 0 0 0 0 0 0 0 0
 0 0 0 1 1 2 0 0 8 8 14 7 7 21 17 17 14 14 10 3 3 4 0 0 2 2 1 2 2 10 6 6 6 6 6 4 4 0 0 0 0 0 0 0 0 0
 0 0 0 0 0 1 2 2 2 2 8 7 7 20 17 17 14 14 3 5 5 1 0 0 0 0 0 3 3 3 0 0 0 0 2 0 0 0 1 1 0 0 0 0 0 0
 0 0 0 0 0 1 2 2 2 2 8 7 7 20 17 17 14 14 3 5 5 1 0 0 0 0 0 3 3 3 0 0 0 0 2 0 0 0 1 1 0 0 0 0 0 0
 0 0 0 1 1 0 0 0 0 0 0 2 2 7 5 5 11 11 7 2 2 1 0 0 0 0 0 0 0 0 0 0 0 0 0 0 0 0 0 0 0 0 0 0 0 0
 0 0 0 1 1 1 1 1 0 0 1 0 0 9 14 14 1 1 7 0 0 1 0 0 0 0 0 0 0 0 0 0 0 0 0 0 0 0 0 0 1 1 0 0 0 1
 0 0 0 1 1 1 1 1 0 0 1 0 0 9 14 14 1 1 7 0 0 1 0 0 0 0 0 0 0 0 0 0 0 0 0 0 0 0 0 0 1 1 0 0 0 1
 0 0 0 0 0 0 0 0 1 1 1 11 11 4 1 1 2 2 3 1 1 0 4 4 1 1 1 0 0 0 0 0 1 1 1 0 0 0 0 0 0 0 0 0 0 0
 1 1 0 0 0 0 0 0 1 1 0 10 10 15 3 3 6 6 10 5 5 2 4 4 1 1 1 0 0 0 0 0 0 0 0 0 0 3 0 0 0 0 0 0 0 0
 1 1 0 0 0 0 0 0 1 1 0 10 10 15 3 3 6 6 10 5 5 2 4 4 1 1 1 0 0 0 0 0 0 0 0 0 0 3 0 0 0 0 0 0 0 0
 3 3 3 0 0 0 0 0 0 0 12 4 4 4 7 7 22 22 19 10 10 5 4 4 3 3 1 0 0 0 0 0 0 0 0 0 0 0 0 0 0 0 0 0 0 0
 3 3 3 0 0 0 0 0 0 0 12 4 4 4 7 7 22 22 19 10 10 5 4 4 3 3 1 0 0 0 0 0 0 0 0 0 0 0 0 0 0 0 0 0 0 0
 13 13 11 3 3 1 1 1 0 0 2 12 12 2 3 3 18 18 15 7 7 4 7 7 1 1 1 1 1 0 0 0 0 0 2 0 0 0 0 0 0 0 0 0 0 0
 15 15 49 31 31 12 6 6 8 8 1 1 1 1 1 1 4 4 8 17 17 14 4 4 0 0 1 1 1 0 1 1 0 0 1 0 0 0 0 0 0 0 0 6 6 0
 15 15 49 31 31 12 6 6 8 8 1 1 1 1 1 1 4 4 8 17 17 14 4 4 0 0 1 1 1 0 1 1 0 0 1 0 0 0 0 0 0 0 0 6 6 0
 43 43 64 63 63 52 33 33 22 22 9 7 7 1 1 1 1 1 6 10 10 11 4 4 4 4 3 0 0 0 0 0 0 0 0 0 0 0 0 0 0 0 0 1 1 1
 69 69 72 59 59 49 53 53 25 25 16 8 8 11 0 0 3 3 5 11 11 6 1 1 0 0 1 0 0 0 0 0 0 0 0 0 0 0 0 0 0 0 1 1 1 0
 69 69 72 59 59 49 53 53 25 25 16 8 8 11 0 0 3 3 5 11 11 6 1 1 0 0 1 0 0 0 0 0 0 0 0 0 0 0 0 0 0 0 1 1 1 0
 104 104 76 59 59 67 89 89 50 50 28 11 11 7 3 3 2 2 8 5 5 5 2 2 0 0 1 1 1 2 1 1 35 35 0 1 1 0 0 0 0 0 0 0 0 0
 104 104 76 59 59 67 89 89 50 50 28 11 11 7 3 3 2 2 8 5 5 5 2 2 0 0 1 1 1 2 1 1 35 35 0 1 1 0 0 0 0 0 0 0 0 0
 101 101 95 78 78 80 72 72 55 55 71 42 42 30 13 13 24 24 4 2 2 1 3 3 1 1 1 3 3 2 6 6 3 3 1 2 2 0 0 0 0 0 0 0 0 0
 89 89 71 58 58 56 53 53 66 66 72 55 55 43 25 25 14 14 9 2 2 2 6 6 1 1 1 1 1 3 6 6 4 4 0 0 0 0 1 1 1 1 1 1 1 1
 89 89 71 58 58 56 53 53 66 66 72 55 55 43 25 25 14 14 9 2 2 2 6 6 1 1 1 1 1 3 6 6 4 4 0 0 0 0 1 1 1 1 1 1 1 1
 94 94 64 49 49 42 37 37 18 18 21 35 35 50 27 27 17 17 17 11 11 6 1 1 2 2 17 2 2 8 2 2 4 4 10 1 1 1 2 2 5 5 0 0 0 0
 123 123 63 34 34 35 16 16 16 16 15 12 12 16 15 15 7 7 18 11 11 5 1 1 3 3 16 12 12 5 21 21 7 7 1 4 4 0 1 1 0 0 0 0 0 0
 123 123 63 34 34 35 16 16 16 16 15 12 12 16 15 15 7 7 18 11 11 5 1 1 3 3 16 12 12 5 21 21 7 7 1 4 4 0 1 1 0 0 0 0 0 0
 76 76 23 20 20 17 14 14 13 13 15 12 12 12 16 16 16 16 14 38 38 11 8 8 18 18 41 12 12 7 12 12 24 24 6 16 16 2 0 0 0 0 0 0 0 0
 76 76 23 20 20 17 14 14 13 13 15 12 12 12 16 16 16 16 14 38 38 11 8 8 18 18 41 12 12 7 12 12 24 24 6 16 16 2 0 0 0 0 0 0 0 0
 44 44 29 14 14 13 13 13 12 12 14 9 9 10 13 13 13 13 32 78 78 57 30 30 37 37 52 50 50 55 15 15 14 14 6 5 5 1 0 0 0 0 0 0 0 0
 28 28 22 19 19 10 9 9 10 10 10 9 9 5 12 12 24 24 43 57 57 75 78 78 36 36 94 57 57 27 10 10 7 7 10 1 1 5 0 0 1 1 0 1 1 0
 28 28 22 19 19 10 9 9 10 10 10 9 9 5 12 12 24 24 43 57 57 75 78 78 36 36 94 57 57 27 10 10 7 7 10 1 1 5 0 0 1 1 0 1 1 0
 29 29 30 18 18 13 9 9 10 10 8 5 5 4 9 9 12 12 17 54 54 93 101 101 55 55 54 18 18 17 5 5 5 5 2 4 4 1 0 0 0 0 0 0 0 0
 29 29 27 15 15 14 10 10 9 9 9 4 4 3 2 2 14 14 7 17 17 72 79 79 65 65 8 7 7 7 2 2 2 2 1 1 1 3 1 1 0 0 0 0 0 0
 29 29 27 15 15 14 10 10 9 9 9 4 4 3 2 2 14 14 7 17 17 72 79 79 65 65 8 7 7 7 2 2 2 2 1 1 1 3 1 1 0 0 0 0 0 0
 27 27 25 19 19 14 15 15 8 8 6 4 4 4 5 5 6 6 67 39 39 36 8 8 14 14 14 8 8 4 2 2 1 1 1 3 3 5 1 1 1 1 0 1 1 1
 27 27 25 19 19 14 15 15 8 8 6 4 4 4 5 5 6 6 67 39 39 36 8 8 14 14 14 8 8 4 2 2 1 1 1 3 3 5 1 1 1 1 0 1 1 1
 19 19 26 18 18 18 19 19 19 19 10 12 12 12 8 8 9 9 5 37 37 8 7 7 7 7 33 9 9 6 5 5 7 7 2 2 2 5 3 3 2 2 1 1 1 3
 19 19 19 36 36 32 25 25 16 16 26 15 15 21 13 13 8 8 8 6 6 8 12 12 13 13 12 46 46 5 5 5 9 9 2 2 2 1 2 2 3 3 3 3 3 3
 19 19 19 36 36 32 25 25 16 16 26 15 15 21 13 13 8 8 8 6 6 8 12 12 13 13 12 46 46 5 5 5 9 9 2 2 2 1 2 2 3 3 3 3 3 3
 15 15 9 25 25 30 20 20 22 22 16 28 28 23 14 14 6 6 17 36 36 8 12 12 8 8 8 10 10 7 8 8 5 5 7 4 4 3 4 4 4 4 3 3 3 1
 4 4 4 8 8 12 5 5 5 5 6 8 8 13 2 2 2 2 9 73 73 7 10 10 3 3 8 12 12 15 9 9 8 8 13 5 5 5 2 2 4 4 3 3 3 1
 4 4 4 8 8 12 5 5 5 5 6 8 8 13 2 2 2 2 9 73 73 7 10 10 3 3 8 12 12 15 9 9 8 8 13 5 5 5 2 2 4 4 3 3 3 1
 3 3 4 9 9 7 13 13 8 8 3 4 4 2 2 2 1 1 8 42 42 20 8 8 5 5 6 10 10 15 11 11 10 10 8 5 5 2 2 2 3 3 24 2 2 1
 3 3 4 9 9 7 13 13 8 8 3 4 4 2 2 2 1 1 8 42 42 20 8 8 5 5 6 10 10 15 11 11 10 10 8 5 5 2 2 2 3 3 24 2 2 1
 2 2 4 12 12 19 9 9 8 8 10 8 8 3 2 2 2 2 12 35 35 14 11 11 7 7 7 8 8 15 19 19 11 11 9 5 5 3 2 2 1 1 1 1 1 1
 20 20 13 11 11 9 27 27 9 9 16 13 13 7 18 18 26 26 94 25 25 17 6 6 6 6 6 10 10 21 19 19 17 17 17 6 6 4 3 3 3 3 4 3 3 3
 20 20 13 11 11 9 27 27 9 9 16 13 13 7 18 18 26 26 94 25 25 17 6 6 6 6 6 10 10 21 19 19 17 17 17 6 6 4 3 3 3 3 4 3 3 3
 22 22 17 16 16 10 28 28 26 26 25 27 27 11 35 35 20 20 48 40 40 32 11 11 15 15 9 14 14 19 23 23 25 25 18 8 8 5 7 7 6 6 4 6 6 4
 24 24 9 39 39 45 40 40 47 47 49 13 13 25 28 28 49 49 25 61 61 31 49 49 20 20 11 17 17 20 29 29 18 18 21 10 10 8 8 8 11 11 6 4 4 4
 24 24 9 39 39 45 40 40 47 47 49 13 13 25 28 28 49 49 25 61 61 31 49 49 20 20 11 17 17 20 29 29 18 18 21 10 10 8 8 8 11 11 6 4 4 4
 5 5 8 61 61 52 57 57 59 59 62 27 27 25 17 17 15 15 10 18 18 47 60 60 16 16 17 31 31 42 22 22 19 19 19 15 15 16 9 9 11 11 4 3 3 1
 5 5 8 61 61 52 57 57 59 59 62 27 27 25 17 17 15 15 10 18 18 47 60 60 16 16 17 31 31 42 22 22 19 19 19 15 15 16 9 9 11 11 4 3 3 1
 16 16 12 50 50 57 56 56 58 58 57 33 33 56 34 34 17 17 12 16 16 54 44 44 32 32 31 61 61 30 24 24 26 26 19 23 23 53 7 7 13 13 6 7 7 1
 12 12 16 52 52 71 68 68 47 47 43 31 31 27 34 34 18 18 14 23 23 108 97 97 81 81 52 70 70 26 23 23 24 24 22 12 12 21 11 11 9 9 9 6 6 3
 12 12 16 52 52 71 68 68 47 47 43 31 31 27 34 34 18 18 14 23 23 108 97 97 81 81 52 70 70 26 23 23 24 24 22 12 12 21 11 11 9 9 9 6 6 3
 31 31 33 38 38 73 71 71 44 44 46 46 46 43 36 36 20 20 81 41 41 50 137 137 109 109 33 61 61 28 23 23 23 23 17 14 14 12 9 9 7 7 7 5 5 3
 29 29 29 26 26 61 61 61 41 41 45 41 41 28 30 30 28 28 28 24 24 114 125 125 137 137 96 58 58 65 30 30 21 21 15 14 14 14 10 10 5 5 28 8 8 8
 29 29 29 26 26 61 61 61 41 41 45 41 41 28 30 30 28 28 28 24 24 114 125 125 137 137 96 58 58 65 30 30 21 21 15 14 14 14 10 10 5 5 28 8 8 8
 9 9 14 23 23 56 19 19 24 24 34 42 42 23 24 24 29 29 33 72 72 98 120 120 72 72 144 51 51 56 66 66 42 42 16 13 13 13 15 15 10 10 29 9 9 9
 9 9 14 23 23 56 19 19 24 24 34 42 42 23 24 24 29 29 33 72 72 98 120 120 72 72 144 51 51 56 66 66 42 42 16 13 13 13 15 15 10 10 29 9 9 9
 3 3 3 11 11 25 20 20 22 22 32 26 26 33 30 30 36 36 43 106 106 36 83 83 82 82 88 109 109 42 57 57 22 22 16 10 10 9 13 13 15 15 8 6 6 3
 4 4 5 9 9 10 26 26 23 23 28 25 25 26 34 34 53 53 52 82 82 23 23 23 22 22 92 52 52 47 66 66 26 26 17 11 11 6 7 7 5 5 9 6 6 2
 4 4 5 9 9 10 26 26 23 23 28 25 25 26 34 34 53 53 52 82 82 23 23 23 22 22 92 52 52 47 66 66 26 26 17 11 11 6 7 7 5 5 9 6 6 2
 6 6 7 22 22 16 36 36 34 34 49 35 35 36 41 41 48 48 54 87 87 64 15 15 15 15 18 33 33 78 59 59 17 17 15 9 9 7 6 6 6 6 8 8 8 3
 7 7 11 74 74 17 38 38 29 29 28 34 34 34 37 37 43 43 42 43 43 68 29 29 67 67 39 61 61 60 49 49 19 19 10 8 8 8 5 5 6 6 9 6 6 1
 7 7 11 74 74 17 38 38 29 29 28 34 34 34 37 37 43 43 42 43 43 68 29 29 67 67 39 61 61 60 49 49 19 19 10 8 8 8 5 5 6 6 9 6 6 1
 19 19 7 14 14 12 29 29 26 26 30 36 36 37 47 47 36 36 62 58 58 71 87 87 76 76 44 38 38 15 72 72 20 20 5 9 9 6 6 6 7 7 15 3 3 1
 19 19 7 14 14 12 29 29 26 26 30 36 36 37 47 47 36 36 62 58 58 71 87 87 76 76 44 38 38 15 72 72 20 20 5 9 9 6 6 6 7 7 15 3 3 1
 21 21 18 8 8 14 12 12 28 28 31 88 88 84 84 84 77 77 84 96 96 82 105 105 144 144 76 27 27 23 12 12 5 5 4 4 4 3 4 4 2 2 9 1 1 0
 35 35 24 22 22 16 15 15 75 75 92 116 116 98 103 103 53 53 59 155 155 148 85 85 85 85 50 34 34 13 4 4 3 3 3 3 3 4 2 2 1 1 0 0 0 0
 35 35 24 22 22 16 15 15 75 75 92 116 116 98 103 103 53 53 59 155 155 148 85 85 85 85 50 34 34 13 4 4 3 3 3 3 3 4 2 2 1 1 0 0 0 0
 49 49 40 28 28 20 25 25 47 47 48 55 55 98 98 98 60 60 58 34 34 104 23 23 33 33 54 31 31 16 4 4 3 3 2 1 1 2 6 6 2 2 1 0 0 0
 62 62 40 27 27 31 36 36 47 47 53 66 66 90 47 47 40 40 15 23 23 14 22 22 24 24 58 44 44 14 6 6 2 2 5 3 3 8 6 6 3 3 1 0 0 0
