assets/RAT_results/precipitation/2017-10-12_IMERG.asc
ncols        46
nrows        77
xllcorner    74.800261325624
yllcorner    8.058333333333
cellsize     0.062500000000
NODATA_value -9999
 6 6 5 4 4 5 7 7 7 7 8 9 9 12 14 14 12 12 12 11 11 15 17 17 18 18 29 34 34 23 12 12 12 12 12 43 43 28 27 27 29 29 59 29 29 32
 8 8 8 4 4 4 7 7 5 5 6 10 10 12 10 10 13 13 9 8 8 11 11 11 12 12 19 22 22 28 11 11 10 10 12 12 12 17 27 27 22 22 24 24 24 22
 8 8 8 4 4 4 7 7 5 5 6 10 10 12 10 10 13 13 9 8 8 11 11 11 12 12 19 22 22 28 11 11 10 10 12 12 12 17 27 27 22 22 24 24 24 22
 6 6 6 4 4 3 4 4 4 4 4 6 6 5 9 9 10 10 10 12 12 9 11 11 15 15 15 11 11 10 8 8 6 6 9 7 7 11 17 17 16 16 24 23 23 13
 5 5 7 4 4 3 4 4 4 4 3 5 5 6 13 13 9 9 8 8 8 8 10 10 10 10 10 6 6 6 10 10 7 7 3 4 4 8 8 8 10 10 12 8 8 7
 5 5 7 4 4 3 4 4 4 4 3 5 5 6 13 13 9 9 8 8 8 8 10 10 10 10 10 6 6 6 10 10 7 7 3 4 4 8 8 8 10 10 12 8 8 7
 6 6 6 6 6 4 4 4 3 3 3 5 5 4 7 7 5 5 10 13 13 9 13 13 10 10 22 14 14 29 12 12 8 8 5 2 2 1 4 4 6 6 5 3 3 1
 6 6 6 6 6 4 4 4 3 3 3 5 5 4 7 7 5 5 10 13 13 9 13 13 10 10 22 14 14 29 12 12 8 8 5 2 2 1 4 4 6 6 5 3 3 1
 4 4 4 8 8 9 9 9 7 7 8 6 6 6 8 8 7 7 8 7 7 12 11 11 13 13 15 18 18 15 12 12 7 7 4 4 4 2 3 3 4 4 5 4 4 2
 8 8 8 12 12 10 8 8 5 5 5 4 4 6 5 5 4 4 9 9 9 10 14 14 14 14 15 12 12 10 5 5 5 5 1 1 1 4 7 7 5 5 4 3 3 1
 8 8 8 12 12 10 8 8 5 5 5 4 4 6 5 5 4 4 9 9 9 10 14 14 14 14 15 12 12 10 5 5 5 5 1 1 1 4 7 7 5 5 4 3 3 1
 1 1 4 8 8 9 6 6 6 6 5 8 8 10 8 8 13 13 9 9 9 11 10 10 12 12 11 13 13 2 5 5 4 4 3 4 4 5 4 4 3 3 3 1 1 2
 2 2 4 5 5 15 8 8 9 9 11 7 7 8 7 7 11 11 9 9 9 7 6 6 4 4 6 6 6 3 1 1 2 2 3 2 2 1 4 4 2 2 2 2 2 2
 2 2 4 5 5 15 8 8 9 9 11 7 7 8 7 7 11 11 9 9 9 7 6 6 4 4 6 6 6 3 1 1 2 2 3 2 2 1 4 4 2 2 2 2 2 2
 1 1 2 3 3 12 11 11 9 9 8 4 4 6 9 9 18 18 9 5 5 5 6 6 12 12 13 9 9 3 2 2 5 5 9 4 4 6 7 7 7 7 12 9 9 6
 1 1 2 3 3 12 11 11 9 9 8 4 4 6 9 9 18 18 9 5 5 5 6 6 12 12 13 9 9 3 2 2 5 5 9 4 4 6 7 7 7 7 12 9 9 6
 3 3 1 6 6 10 9 9 9 9 8 4 4 11 14 14 15 15 8 13 13 11 13 13 10 10 9 7 7 7 4 4 9 9 6 10 10 6 7 7 13 13 13 16 16 8
 2 2 2 3 3 7 6 6 10 10 9 7 7 7 6 6 10 10 10 12 12 10 8 8 9 9 7 5 5 5 4 4 10 10 16 10 10 2 8 8 27 27 12 7 7 4
 2 2 2 3 3 7 6 6 10 10 9 7 7 7 6 6 10 10 10 12 12 10 8 8 9 9 7 5 5 5 4 4 10 10 16 10 10 2 8 8 27 27 12 7 7 4
 4 4 3 3 3 4 6 6 9 9 10 10 10 6 4 4 3 3 6 7 7 7 5 5 5 5 2 2 2 3 3 3 3 3 4 4 4 7 9 9 10 10 13 3 3 3
 15 15 5 4 4 4 3 3 5 5 5 11 11 9 8 8 7 7 3 6 6 3 4 4 2 2 2 3 3 2 6 6 9 9 11 7 7 9 6 6 9 9 3 3 3 1
 15 15 5 4 4 4 3 3 5 5 5 11 11 9 8 8 7 7 3 6 6 3 4 4 2 2 2 3 3 2 6 6 9 9 11 7 7 9 6 6 9 9 3 3 3 1
 6 6 5 4 4 6 4 4 4 4 3 7 7 9 9 9 8 8 8 13 13 11 5 5 10 10 8 8 8 9 8 8 10 10 12 18 18 20 11 11 16 16 11 13 13 7
 6 6 5 4 4 6 4 4 4 4 3 7 7 9 9 9 8 8 8 13 13 11 5 5 10 10 8 8 8 9 8 8 10 10 12 18 18 20 11 11 16 16 11 13 13 7
 9 9 4 5 5 4 54 54 3 3 4 6 6 7 8 8 9 9 12 9 9 14 12 12 32 32 23 10 10 11 9 9 8 8 8 19 19 11 13 13 19 19 18 11 11 7
 9 9 30 31 31 56 59 59 5 5 3 5 5 9 11 11 13 13 39 14 14 17 30 30 35 35 25 17 17 10 12 12 7 7 8 13 13 15 22 22 15 15 17 11 11 7
 9 9 30 31 31 56 59 59 5 5 3 5 5 9 11 11 13 13 39 14 14 17 30 30 35 35 25 17 17 10 12 12 7 7 8 13 13 15 22 22 15 15 17 11 11 7
 23 23 33 32 32 56 8 8 3 3 3 5 5 12 20 20 24 24 40 17 17 20 16 16 15 15 13 11 11 6 6 6 5 5 7 11 11 22 17 17 15 15 11 23 23 26
 55 55 52 33 33 11 9 9 4 4 3 5 5 11 15 15 26 26 25 27 27 16 14 14 23 23 13 14 14 8 5 5 6 6 6 9 9 18 12 12 17 17 17 23 23 24
 55 55 52 33 33 11 9 9 4 4 3 5 5 11 15 15 26 26 25 27 27 16 14 14 23 23 13 14 14 8 5 5 6 6 6 9 9 18 12 12 17 17 17 23 23 24
 62 62 52 28 28 24 7 7 4 4 2 5 5 14 19 19 45 45 15 12 12 14 18 18 28 28 22 44 44 27 6 6 5 5 9 6 6 7 10 10 13 13 16 25 25 17
 62 62 52 28 28 24 7 7 4 4 2 5 5 14 19 19 45 45 15 12 12 14 18 18 28 28 22 44 44 27 6 6 5 5 9 6 6 7 10 10 13 13 16 25 25 17
 45 45 44 28 28 27 10 10 9 9 3 4 4 4 10 10 17 17 16 9 9 11 9 9 13 13 13 53 53 27 23 23 5 5 6 7 7 25 14 14 34 34 23 33 33 29
 11 11 15 17 17 15 15 15 5 5 4 3 3 4 8 8 14 14 18 13 13 10 14 14 17 17 12 20 20 8 10 10 8 8 24 20 20 14 21 21 24 24 35 25 25 32
 11 11 15 17 17 15 15 15 5 5 4 3 3 4 8 8 14 14 18 13 13 10 14 14 17 17 12 20 20 8 10 10 8 8 24 20 20 14 21 21 24 24 35 25 25 32
 11 11 13 8 8 8 9 9 3 3 6 5 5 4 7 7 14 14 16 12 12 12 13 13 14 14 12 10 10 13 11 11 9 9 12 12 12 14 19 19 19 19 23 19 19 24
 8 8 7 7 7 9 9 9 7 7 6 7 7 4 3 3 7 7 9 10 10 9 11 11 12 12 11 12 12 12 14 14 11 11 12 19 19 16 20 20 19 19 23 23 23 30
 8 8 7 7 7 9 9 9 7 7 6 7 7 4 3 3 7 7 9 10 10 9 11 11 12 12 11 12 12 12 14 14 11 11 12 19 19 16 20 20 19 19 23 23 23 30
 4 4 5 4 4 9 15 15 14 14 9 11 11 6 2 2 5 5 7 9 9 10 10 10 9 9 9 13 13 14 14 14 15 15 15 27 27 22 23 23 16 16 12 10 10 7
 4 4 5 4 4 9 15 15 14 14 9 11 11 6 2 2 5 5 7 9 9 10 10 10 9 9 9 13 13 14 14 14 15 15 15 27 27 22 23 23 16 16 12 10 10 7
 4 4 4 6 6 9 12 12 15 15 20 11 11 5 2 2 1 1 4 11 11 8 7 7 7 7 8 14 14 19 16 16 13 13 17 23 23 27 20 20 14 14 12 10 10 12
 16 16 15 8 8 5 12 12 20 20 23 18 18 12 5 5 4 4 3 5 5 8 10 10 12 12 11 18 18 27 20 20 18 18 18 23 23 26 20 20 19 19 15 15 15 20
 16 16 15 8 8 5 12 12 20 20 23 18 18 12 5 5 4 4 3 5 5 8 10 10 12 12 11 18 18 27 20 20 18 18 18 23 23 26 20 20 19 19 15 15 15 20
 16 16 15 12 12 28 16 16 11 11 12 6 6 7 8 8 7 7 5 5 5 9 10 10 10 10 12 18 18 22 25 25 18 18 27 24 24 27 22 22 23 23 18 30 30 30
 18 18 14 31 31 29 12 12 14 14 16 11 11 8 8 8 8 8 6 7 7 8 10 10 15 15 13 17 17 56 65 65 55 55 53 26 26 33 23 23 21 21 21 37 37 38
 18 18 14 31 31 29 12 12 14 14 16 11 11 8 8 8 8 8 6 7 7 8 10 10 15 15 13 17 17 56 65 65 55 55 53 26 26 33 23 23 21 21 21 37 37 38
 11 11 13 24 24 21 16 16 48 48 17 13 13 12 11 11 5 5 7 8 8 8 10 10 16 16 12 17 17 25 75 75 30 30 53 38 38 31 25 25 25 25 29 34 34 49
 11 11 13 24 24 21 16 16 48 48 17 13 13 12 11 11 5 5 7 8 8 8 10 10 16 16 12 17 17 25 75 75 30 30 53 38 38 31 25 25 25 25 29 34 34 49
 12 12 14 28 28 24 13 13 19 19 18 15 15 21 12 12 8 8 8 16 16 12 9 9 14 14 14 18 18 15 31 31 39 39 47 42 42 47 43 43 26 26 43 42 42 44
 7 7 10 13 13 17 16 16 18 18 16 14 14 27 44 44 13 13 11 13 13 8 12 12 17 17 13 12 12 13 32 32 29 29 64 40 40 42 37 37 32 32 42 44 44 49
 7 7 10 13 13 17 16 16 18 18 16 14 14 27 44 44 13 13 11 13 13 8 12 12 17 17 13 12 12 13 32 32 29 29 64 40 40 42 37 37 32 32 42 44 44 49
 7 7 17 14 14 16 14 14 15 15 46 10 10 27 31 31 21 21 21 16 16 10 13 13 22 22 19 24 24 18 18 18 28 28 24 33 33 42 36 36 35 35 39 39 39 44
 9 9 14 15 15 18 18 18 18 18 15 18 18 22 31 31 16 16 23 15 15 29 20 20 22 22 31 23 23 20 24 24 28 28 26 33 33 37 36 36 37 37 37 29 29 28
 9 9 14 15 15 18 18 18 18 18 15 18 18 22 31 31 16 16 23 15 15 29 20 20 22 22 31 23 23 20 24 24 28 28 26 33 33 37 36 36 37 37 37 29 29 28
 7 7 12 13 13 14 15 15 17 17 10 17 17 20 30 30 36 36 26 26 26 32 27 27 24 24 35 27 27 22 23 23 25 25 32 29 29 32 34 34 31 31 26 24 24 14
 7 7 12 13 13 14 15 15 17 17 10 17 17 20 30 30 36 36 26 26 26 32 27 27 24 24 35 27 27 22 23 23 25 25 32 29 29 32 34 34 31 31 26 24 24 14
 16 16 9 9 9 15 15 15 14 14 10 20 20 16 35 35 36 36 31 30 30 21 21 21 38 38 35 24 24 33 31 31 42 42 38 34 34 35 31 31 24 24 18 15 15 13
 7 7 8 3 3 4 5 5 5 5 9 16 16 11 27 27 25 25 28 34 34 39 29 29 40 40 40 33 33 34 38 38 35 35 34 34 34 35 31 31 23 23 18 15 15 18
 7 7 8 3 3 4 5 5 5 5 9 16 16 11 27 27 25 25 28 34 34 39 29 29 40 40 40 33 33 34 38 38 35 35 34 34 34 35 31 31 23 23 18 15 15 18
 6 6 4 4 4 5 6 6 7 7 11 10 10 14 19 19 15 15 19 23 23 25 23 23 42 42 31 64 64 40 38 38 31 31 33 44 44 43 36 36 20 20 17 11 11 13
 6 6 7 8 8 10 10 10 13 13 17 16 16 14 16 16 16 16 18 10 10 16 20 20 36 36 33 42 42 52 35 35 24 24 26 38 38 31 29 29 24 24 14 10 10 9
 6 6 7 8 8 10 10 10 13 13 17 16 16 14 16 16 16 16 18 10 10 16 20 20 36 36 33 42 42 52 35 35 24 24 26 38 38 31 29 29 24 24 14 10 10 9
 10 10 14 14 14 14 16 16 15 15 16 15 15 14 14 14 16 16 18 8 8 6 19 19 18 18 34 39 39 37 36 36 24 24 20 20 20 27 23 23 14 14 8 5 5 7
 10 10 14 14 14 14 16 16 15 15 16 15 15 14 14 14 16 16 18 8 8 6 19 19 18 18 34 39 39 37 36 36 24 24 20 20 20 27 23 23 14 14 8 5 5 7
 9 9 12 14 14 11 13 13 14 14 15 15 15 12 11 11 11 11 11 8 8 6 7 7 18 18 35 43 43 30 31 31 17 17 19 18 18 21 25 25 13 13 7 8 8 9
 7 7 9 11 11 11 10 10 12 12 11 13 13 15 13 13 31 31 31 11 11 8 7 7 17 17 29 35 35 31 35 35 23 23 15 27 27 19 35 35 28 28 12 11 11 10
 7 7 9 11 11 11 10 10 12 12 11 13 13 15 13 13 31 31 31 11 11 8 7 7 17 17 29 35 35 31 35 35 23 23 15 27 27 19 35 35 28 28 12 11 11 10
 4 4 7 7 7 10 10 10 10 10 12 19 19 21 32 32 35 35 38 19 19 23 13 13 14 14 22 18 18 24 28 28 27 27 22 32 32 20 31 31 31 31 10 9 9 8
 4 4 4 17 17 9 13 13 15 15 12 19 19 20 32 32 39 39 40 32 32 32 21 21 16 16 8 10 10 20 29 29 27 27 21 45 45 26 23 23 20 20 23 6 6 18
 4 4 4 17 17 9 13 13 15 15 12 19 19 20 32 32 39 39 40 32 32 32 21 21 16 16 8 10 10 20 29 29 27 27 21 45 45 26 23 23 20 20 23 6 6 18
 4 4 5 7 7 7 12 12 13 13 16 20 20 22 24 24 28 28 32 33 33 29 24 24 20 20 14 14 14 28 21 21 15 15 28 21 21 25 15 15 34 34 18 8 8 4
 4 4 5 7 7 7 12 12 13 13 16 20 20 22 24 24 28 28 32 33 33 29 24 24 20 20 14 14 14 28 21 21 15 15 28 21 21 25 15 15 34 34 18 8 8 4
 3 3 5 8 8 8 14 14 16 16 14 15 15 21 22 22 33 33 30 29 29 29 23 23 21 21 20 11 11 12 15 15 10 10 12 16 16 10 7 7 7 7 13 22 22 3
 2 2 5 6 6 8 11 11 17 17 16 17 17 23 23 23 22 22 23 22 22 21 19 19 20 20 18 18 18 16 14 14 12 12 9 9 9 6 7 7 2 2 3 2 2 1
 2 2 5 6 6 8 11 11 17 17 16 17 17 23 23 23 22 22 23 22 22 21 19 19 20 20 18 18 18 16 14 14 12 12 9 9 9 6 7 7 2 2 3 2 2 1
 2 2 3 5 5 9 11 11 12 12 18 22 22 18 21 21 22 22 23 27 27 24 22 22 17 17 17 18 18 19 15 15 15 15 12 10 10 6 9 9 8 8 3 1 1 0
 2 2 4 4 4 7 9 9 12 12 16 21 21 20 26 26 31 31 29 28 28 25 22 22 21 21 23 22 22 17 14 14 12 12 10 10 10 8 10 10 2 2 4 2 2 1
