assets/RAT_results/precipitation/2017-05-27_IMERG.asc
ncols        46
nrows        77
xllcorner    74.800261325624
yllcorner    8.058333333333
cellsize     0.062500000000
NODATA_value -9999
 0 0 1 1 1 0 1 1 0 0 0 0 0 0 0 0 0 0 0 1 1 9 8 8 7 7 10 10 10 8 7 7 9 9 13 9 9 20 31 31 32 32 38 51 51 58
 0 0 0 0 0 1 0 0 0 0 0 0 0 0 0 0 0 0 1 2 2 4 6 6 5 5 9 10 10 10 10 10 12 12 11 10 10 19 30 30 32 32 35 54 54 56
 0 0 0 0 0 1 0 0 0 0 0 0 0 0 0 0 0 0 1 2 2 4 6 6 5 5 9 10 10 10 10 10 12 12 11 10 10 19 30 30 32 32 35 54 54 56
 1 1 0 0 0 0 0 0 1 1 0 4 4 0 0 0 1 1 1 2 2 4 8 8 7 7 4 8 8 11 9 9 12 12 11 9 9 28 28 28 39 39 28 49 49 48
 0 0 0 0 0 3 2 2 1 1 1 3 3 6 4 4 2 2 1 4 4 6 14 14 4 4 10 15 15 11 11 11 11 11 10 10 10 27 25 25 19 19 19 34 34 40
 0 0 0 0 0 3 2 2 1 1 1 3 3 6 4 4 2 2 1 4 4 6 14 14 4 4 10 15 15 11 11 11 11 11 10 10 10 27 25 25 19 19 19 34 34 40
 0 0 0 1 1 2 1 1 2 2 3 4 4 2 2 2 2 2 9 2 2 4 7 7 3 3 5 11 11 10 17 17 13 13 9 7 7 6 15 15 28 28 27 34 34 48
 0 0 0 1 1 2 1 1 2 2 3 4 4 2 2 2 2 2 9 2 2 4 7 7 3 3 5 11 11 10 17 17 13 13 9 7 7 6 15 15 28 28 27 34 34 48
 0 0 0 1 1 5 3 3 2 2 3 6 6 7 5 5 2 2 1 3 3 5 4 4 5 5 9 11 11 12 15 15 10 10 8 7 7 6 25 25 37 37 37 46 46 40
 1 1 1 2 2 2 2 2 35 35 4 15 15 4 6 6 9 9 1 4 4 9 6 6 8 8 6 15 15 10 10 10 9 9 8 9 9 9 27 27 25 25 37 44 44 39
 1 1 1 2 2 2 2 2 35 35 4 15 15 4 6 6 9 9 1 4 4 9 6 6 8 8 6 15 15 10 10 10 9 9 8 9 9 9 27 27 25 25 37 44 44 39
 0 0 1 1 1 2 3 3 4 4 7 3 3 7 8 8 3 3 2 2 2 5 3 3 7 7 10 12 12 12 13 13 17 17 12 10 10 9 27 27 24 24 23 22 22 29
 4 4 3 1 1 1 2 2 6 6 6 2 2 5 9 9 4 4 4 6 6 4 11 11 15 15 11 11 11 11 17 17 25 25 25 19 19 14 14 14 11 11 10 9 9 10
 4 4 3 1 1 1 2 2 6 6 6 2 2 5 9 9 4 4 4 6 6 4 11 11 15 15 11 11 11 11 17 17 25 25 25 19 19 14 14 14 11 11 10 9 9 10
 3 3 1 1 1 1 9 9 3 3 3 3 3 3 4 4 2 2 4 7 7 5 11 11 9 9 5 6 6 15 23 23 21 21 21 19 19 17 11 11 11 11 15 4 4 2
 3 3 1 1 1 1 9 9 3 3 3 3 3 3 4 4 2 2 4 7 7 5 11 11 9 9 5 6 6 15 23 23 21 21 21 19 19 17 11 11 11 11 15 4 4 2
 1 1 2 2 2 7 4 4 4 4 3 2 2 0 2 2 1 1 4 5 5 5 7 7 8 8 11 8 8 20 15 15 26 26 23 23 23 27 25 25 19 19 7 6 6 2
 1 1 8 7 7 17 18 18 4 4 2 1 1 2 3 3 5 5 3 3 3 2 6 6 12 12 10 9 9 21 15 15 14 14 19 16 16 13 24 24 10 10 11 6 6 2
 1 1 8 7 7 17 18 18 4 4 2 1 1 2 3 3 5 5 3 3 3 2 6 6 12 12 10 9 9 21 15 15 14 14 19 16 16 13 24 24 10 10 11 6 6 2
 7 7 2 10 10 14 16 16 12 12 1 2 2 1 2 2 3 3 3 3 3 4 5 5 6 6 6 10 10 13 14 14 16 16 13 15 15 6 10 10 7 7 8 5 5 3
 2 2 2 8 8 7 49 49 10 10 2 1 1 1 2 2 2 2 6 6 6 4 3 3 9 9 5 11 11 11 12 12 22 22 20 13 13 8 5 5 5 5 13 8 8 7
 2 2 2 8 8 7 49 49 10 10 2 1 1 1 2 2 2 2 6 6 6 4 3 3 9 9 5 11 11 11 12 12 22 22 20 13 13 8 5 5 5 5 13 8 8 7
 1 1 2 3 3 6 10 10 10 10 1 4 4 2 15 15 5 5 6 5 5 6 4 4 6 6 7 7 7 12 14 14 16 16 19 16 16 14 6 6 7 7 10 6 6 7
 1 1 2 3 3 6 10 10 10 10 1 4 4 2 15 15 5 5 6 5 5 6 4 4 6 6 7 7 7 12 14 14 16 16 19 16 16 14 6 6 7 7 10 6 6 7
 1 1 2 2 2 6 3 3 2 2 1 1 1 4 4 4 4 4 6 6 6 6 5 5 8 8 4 7 7 12 15 15 13 13 11 14 14 11 6 6 5 5 6 5 5 2
 2 2 2 4 4 4 5 5 2 2 2 1 1 2 1 1 5 5 25 12 12 7 6 6 8 8 8 10 10 14 16 16 12 12 10 5 5 5 5 5 2 2 2 4 4 2
 2 2 2 4 4 4 5 5 2 2 2 1 1 2 1 1 5 5 25 12 12 7 6 6 8 8 8 10 10 14 16 16 12 12 10 5 5 5 5 5 2 2 2 4 4 2
 2 2 2 3 3 3 2 2 3 3 2 0 0 0 1 1 2 2 9 10 10 7 13 13 13 13 15 11 11 10 11 11 7 7 7 7 7 5 1 1 3 3 2 5 5 2
 1 1 2 2 2 2 1 1 6 6 3 1 1 1 1 1 1 1 7 7 7 12 28 28 20 20 12 11 11 9 5 5 7 7 7 5 5 1 1 1 1 1 3 1 1 1
 1 1 2 2 2 2 1 1 6 6 3 1 1 1 1 1 1 1 7 7 7 12 28 28 20 20 12 11 11 9 5 5 7 7 7 5 5 1 1 1 1 1 3 1 1 1
 1 1 1 1 1 1 0 0 2 2 1 3 3 2 15 15 1 1 4 5 5 11 7 7 7 7 14 12 12 11 4 4 1 1 1 1 1 1 1 1 1 1 1 0 0 0
 1 1 1 1 1 1 0 0 2 2 1 3 3 2 15 15 1 1 4 5 5 11 7 7 7 7 14 12 12 11 4 4 1 1 1 1 1 1 1 1 1 1 1 0 0 0
 1 1 1 1 1 1 3 3 1 1 1 3 3 32 2 2 3 3 6 11 11 12 5 5 3 3 6 4 4 8 2 2 2 2 0 0 0 4 1 1 1 1 0 0 0 0
 1 1 1 2 2 3 6 6 4 4 4 4 4 2 21 21 8 8 10 20 20 4 2 2 1 1 1 5 5 1 1 1 1 1 1 1 1 0 0 0 0 0 0 0 0 0
 1 1 1 2 2 3 6 6 4 4 4 4 4 2 21 21 8 8 10 20 20 4 2 2 1 1 1 5 5 1 1 1 1 1 1 1 1 0 0 0 0 0 0 0 0 0
 0 0 0 1 1 5 8 8 4 4 8 3 3 1 3 3 12 12 12 7 7 0 1 1 2 2 1 1 1 1 0 0 1 1 1 0 0 1 0 0 0 0 0 0 0 0
 0 0 0 1 1 3 6 6 3 3 1 1 1 9 7 7 2 2 21 2 2 1 0 0 0 0 2 0 0 1 0 0 2 2 0 0 0 1 0 0 1 1 0 0 0 0
 0 0 0 1 1 3 6 6 3 3 1 1 1 9 7 7 2 2 21 2 2 1 0 0 0 0 2 0 0 1 0 0 2 2 0 0 0 1 0 0 1 1 0 0 0 0
 0 0 1 2 2 2 3 3 1 1 1 3 3 7 14 14 33 33 45 1 1 5 2 2 2 2 2 3 3 8 4 4 3 3 1 1 1 1 2 2 2 2 1 1 1 1
 0 0 1 2 2 2 3 3 1 1 1 3 3 7 14 14 33 33 45 1 1 5 2 2 2 2 2 3 3 8 4 4 3 3 1 1 1 1 2 2 2 2 1 1 1 1
 1 1 1 0 0 1 2 2 1 1 1 4 4 10 18 18 14 14 63 13 13 11 3 3 4 4 6 9 9 9 4 4 2 2 4 2 2 3 4 4 6 6 6 8 8 2
 1 1 1 1 1 2 2 2 1 1 1 3 3 8 15 15 68 68 81 74 74 15 6 6 6 6 16 11 11 11 7 7 1 1 1 2 2 2 3 3 8 8 28 9 9 6
 1 1 1 1 1 2 2 2 1 1 1 3 3 8 15 15 68 68 81 74 74 15 6 6 6 6 16 11 11 11 7 7 1 1 1 2 2 2 3 3 8 8 28 9 9 6
 1 1 0 2 2 3 0 0 0 0 1 3 3 4 12 12 47 47 95 49 49 53 4 4 20 20 13 16 16 2 1 1 7 7 0 2 2 1 1 1 4 4 8 3 3 2
 1 1 2 0 0 1 1 1 0 0 1 3 3 6 13 13 14 14 44 12 12 19 9 9 35 35 48 8 8 0 0 0 5 5 0 0 0 1 1 1 0 0 0 1 1 0
 1 1 2 0 0 1 1 1 0 0 1 3 3 6 13 13 14 14 44 12 12 19 9 9 35 35 48 8 8 0 0 0 5 5 0 0 0 1 1 1 0 0 0 1 1 0
 1 1 4 0 0 3 1 1 1 1 2 1 1 6 4 4 33 33 23 9 9 2 0 0 2 2 1 1 1 0 0 0 0 0 0 0 0 0 0 0 0 0 0 0 0 0
 1 1 4 0 0 3 1 1 1 1 2 1 1 6 4 4 33 33 23 9 9 2 0 0 2 2 1 1 1 0 0 0 0 0 0 0 0 0 0 0 0 0 0 0 0 0
 2 2 0 0 0 1 2 2 1 1 2 2 2 2 8 8 8 8 6 6 6 4 1 1 2 2 0 0 0 1 0 0 3 3 7 0 0 0 0 0 0 0 0 0 0 0
 4 4 0 1 1 1 2 2 3 3 3 10 10 4 10 10 6 6 8 1 1 3 1 1 2 2 0 1 1 1 1 1 3 3 0 0 0 0 0 0 0 0 0 0 0 0
 4 4 0 1 1 1 2 2 3 3 3 10 10 4 10 10 6 6 8 1 1 3 1 1 2 2 0 1 1 1 1 1 3 3 0 0 0 0 0 0 0 0 0 0 0 0
 4 4 0 1 1 2 2 2 5 5 4 10 10 7 8 8 14 14 19 18 18 8 1 1 12 12 8 1 1 9 3 3 2 2 5 0 0 0 0 0 0 0 0 0 0 0
 1 1 1 3 3 4 4 4 6 6 6 13 13 14 14 14 12 12 15 37 37 20 11 11 19 19 6 8 8 25 3 3 0 0 0 0 0 0 0 0 0 0 0 0 0 0
 1 1 1 3 3 4 4 4 6 6 6 13 13 14 14 14 12 12 15 37 37 20 11 11 19 19 6 8 8 25 3 3 0 0 0 0 0 0 0 0 0 0 0 0 0 0
 1 1 1 2 2 4 4 4 10 10 10 19 19 40 139 139 32 32 38 16 16 26 10 10 7 7 3 5 5 5 1 1 1 1 0 0 0 0 0 0 0 0 0 0 0 0
 1 1 1 2 2 4 4 4 10 10 10 19 19 40 139 139 32 32 38 16 16 26 10 10 7 7 3 5 5 5 1 1 1 1 0 0 0 0 0 0 0 0 0 0 0 0
 1 1 1 1 1 2 4 4 10 10 11 12 12 18 93 93 28 28 21 82 82 11 11 11 2 2 3 0 0 0 0 0 0 0 0 0 0 0 0 0 0 0 0 0 0 0
 2 2 2 1 1 2 3 3 6 6 7 11 11 17 19 19 38 38 43 6 6 15 3 3 0 0 2 1 1 0 1 1 0 0 0 0 0 0 0 0 0 0 2 0 0 0
 2 2 2 1 1 2 3 3 6 6 7 11 11 17 19 19 38 38 43 6 6 15 3 3 0 0 2 1 1 0 1 1 0 0 0 0 0 0 0 0 0 0 2 0 0 0
 2 2 2 2 2 2 3 3 4 4 7 13 13 17 19 19 16 16 31 19 19 9 4 4 1 1 1 2 2 0 1 1 2 2 0 0 0 0 0 0 0 0 0 0 0 0
 3 3 2 1 1 1 3 3 3 3 7 12 12 17 35 35 19 19 21 10 10 13 5 5 3 3 1 2 2 1 0 0 2 2 1 1 1 0 0 0 0 0 0 0 0 0
 3 3 2 1 1 1 3 3 3 3 7 12 12 17 35 35 19 19 21 10 10 13 5 5 3 3 1 2 2 1 0 0 2 2 1 1 1 0 0 0 0 0 0 0 0 0
 0 0 1 0 0 1 2 2 2 2 3 10 10 17 18 18 20 20 16 20 20 6 6 6 4 4 1 2 2 2 2 2 1 1 1 1 1 1 0 0 0 0 0 0 0 0
 0 0 1 0 0 1 2 2 2 2 3 10 10 17 18 18 20 20 16 20 20 6 6 6 4 4 1 2 2 2 2 2 1 1 1 1 1 1 0 0 0 0 0 0 0 0
 1 1 0 0 0 1 1 1 3 3 3 7 7 12 16 16 14 14 18 13 13 14 20 20 11 11 2 4 4 3 2 2 1 1 0 1 1 1 1 1 0 0 0 0 0 0
 0 0 3 0 0 1 4 4 12 12 10 8 8 10 7 7 12 12 18 12 12 17 8 8 21 21 2 6 6 3 2 2 3 3 1 1 1 2 1 1 0 0 0 0 0 0
 0 0 3 0 0 1 4 4 12 12 10 8 8 10 7 7 12 12 18 12 12 17 8 8 21 21 2 6 6 3 2 2 3 3 1 1 1 2 1 1 0 0 0 0 0 0
 2 2 1 1 1 2 3 3 5 5 7 11 11 5 15 15 13 13 18 34 34 9 10 10 7 7 13 4 4 8 5 5 5 5 3 0 0 1 0 0 1 1 0 0 0 0
 4 4 2 1 1 3 2 2 2 2 4 4 4 12 4 4 21 21 27 7 7 13 7 7 48 48 11 9 9 8 6 6 4 4 11 13 13 0 1 1 0 0 0 1 1 0
 4 4 2 1 1 3 2 2 2 2 4 4 4 12 4 4 21 21 27 7 7 13 7 7 48 48 11 9 9 8 6 6 4 4 11 13 13 0 1 1 0 0 0 1 1 0
 7 7 5 2 2 2 1 1 1 1 3 3 3 3 2 2 11 11 17 13 13 5 8 8 8 8 11 10 10 10 7 7 2 2 20 6 6 0 1 1 1 1 0 0 0 0
 7 7 5 2 2 2 1 1 1 1 3 3 3 3 2 2 11 11 17 13 13 5 8 8 8 8 11 10 10 10 7 7 2 2 20 6 6 0 1 1 1 1 0 0 0 0
 10 10 8 3 3 3 1 1 1 1 1 1 1 2 3 3 2 2 1 2 2 6 2 2 2 2 2 2 2 6 2 2 1 1 6 5 5 2 1 1 3 3 0 0 0 3
 10 10 6 8 8 5 3 3 2 2 2 1 1 1 2 2 3 3 2 3 3 2 2 2 2 2 3 3 3 2 1 1 2 2 4 2 2 11 14 14 1 1 1 1 1 1
 10 10 6 8 8 5 3 3 2 2 2 1 1 1 2 2 3 3 2 3 3 2 2 2 2 2 3 3 3 2 1 1 2 2 4 2 2 11 14 14 1 1 1 1 1 1
 8 8 9 6 6 4 13 13 13 13 2 3 3 3 3 3 2 2 3 4 4 2 3 3 2 2 3 1 1 5 1 1 1 1 4 5 5 1 3 3 3 3 4 5 5 3
 9 9 9 5 5 5 14 14 4 4 4 5 5 6 10 10 5 5 3 5 5 4 3 3 2 2 1 1 1 3 2 2 1 1 2 2 2 4 5 5 2 2 5 6 6 4
