assets/RAT_results/precipitation/2017-07-20_IMERG.asc
ncols        46
nrows        77
xllcorner    74.800261325624
yllcorner    8.058333333333
cellsize     0.062500000000
NODATA_value -9999
 16 16 13 13 13 8 7 7 6 6 4 4 4 2 1 1 0 0 0 0 0 0 0 0 0 0 0 0 0 0 0 0 0 0 0 0 0 0 0 0 0 0 0 0 0 0
 13 13 18 14 14 10 11 11 6 6 3 1 1 3 6 6 1 1 1 1 1 0 0 0 0 0 1 0 0 0 1 1 0 0 0 0 0 0 0 0 0 0 0 0 0 0
 13 13 18 14 14 10 11 11 6 6 3 1 1 3 6 6 1 1 1 1 1 0 0 0 0 0 1 0 0 0 1 1 0 0 0 0 0 0 0 0 0 0 0 0 0 0
 13 13 10 12 12 10 8 8 4 4 1 2 2 3 2 2 1 1 0 0 0 0 0 0 0 0 0 0 0 0 0 0 0 0 0 0 0 0 0 0 0 0 0 0 0 0
 6 6 6 7 7 8 4 4 5 5 2 2 2 2 2 2 0 0 0 0 0 0 0 0 0 0 0 0 0 0 0 0 0 0 0 0 0 0 0 0 0 0 0 0 0 0
 6 6 6 7 7 8 4 4 5 5 2 2 2 2 2 2 0 0 0 0 0 0 0 0 0 0 0 0 0 0 0 0 0 0 0 0 0 0 0 0 0 0 0 0 0 0
 3 3 6 4 4 6 11 11 5 5 4 5 5 2 1 1 3 3 1 1 1 0 0 0 0 0 0 0 0 0 0 0 0 0 0 0 0 0 0 0 0 0 0 0 0 0
 3 3 6 4 4 6 11 11 5 5 4 5 5 2 1 1 3 3 1 1 1 0 0 0 0 0 0 0 0 0 0 0 0 0 0 0 0 0 0 0 0 0 0 0 0 0
 2 2 4 5 5 7 7 7 3 3 4 5 5 4 5 5 4 4 3 2 2 5 0 0 0 0 0 0 0 0 0 0 0 0 0 0 0 0 0 0 0 0 0 0 0 0
 1 1 3 5 5 14 5 5 6 6 3 5 5 4 8 8 7 7 3 3 3 2 0 0 0 0 0 0 0 0 0 0 0 0 0 0 0 0 0 0 0 0 0 0 0 0
 1 1 3 5 5 14 5 5 6 6 3 5 5 4 8 8 7 7 3 3 3 2 0 0 0 0 0 0 0 0 0 0 0 0 0 0 0 0 0 0 0 0 0 0 0 0
 4 4 3 2 2 11 4 4 4 4 3 5 5 4 8 8 2 2 2 1 1 1 0 0 0 0 0 0 0 0 0 0 0 0 0 0 0 0 0 0 0 0 0 0 0 0
 3 3 4 1 1 2 6 6 4 4 3 4 4 6 5 5 4 4 0 1 1 0 0 0 1 1 0 0 0 0 0 0 0 0 0 0 0 0 0 0 0 0 0 0 0 0
 3 3 4 1 1 2 6 6 4 4 3 4 4 6 5 5 4 4 0 1 1 0 0 0 1 1 0 0 0 0 0 0 0 0 0 0 0 0 0 0 0 0 0 0 0 0
 1 1 1 2 2 1 4 4 5 5 1 4 4 5 2 2 2 2 1 2 2 1 0 0 1 1 0 0 0 0 0 0 0 0 0 0 0 0 1 1 0 0 0 0 0 0
 1 1 1 2 2 1 4 4 5 5 1 4 4 5 2 2 2 2 1 2 2 1 0 0 1 1 0 0 0 0 0 0 0 0 0 0 0 0 1 1 0 0 0 0 0 0
 1 1 0 2 2 1 8 8 4 4 3 10 10 6 5 5 1 1 1 1 1 1 1 1 0 0 0 0 0 0 0 0 0 0 0 0 0 0 1 1 0 0 0 0 0 0
 0 0 0 0 0 0 1 1 5 5 8 11 11 12 5 5 2 2 1 0 0 0 0 0 0 0 0 0 0 0 0 0 0 0 0 0 0 1 1 1 0 0 0 0 0 0
 0 0 0 0 0 0 1 1 5 5 8 11 11 12 5 5 2 2 1 0 0 0 0 0 0 0 0 0 0 0 0 0 0 0 0 0 0 1 1 1 0 0 0 0 0 0
 1 1 0 1 1 1 2 2 3 3 4 5 5 4 2 2 3 3 3 3 3 0 1 1 6 6 2 1 1 1 0 0 0 0 0 0 0 1 0 0 0 0 0 0 0 0
 1 1 1 1 1 1 2 2 2 2 8 8 8 6 6 6 3 3 5 4 4 4 4 4 4 4 5 5 5 1 1 1 0 0 0 0 0 0 0 0 0 0 0 0 0 0
 1 1 1 1 1 1 2 2 2 2 8 8 8 6 6 6 3 3 5 4 4 4 4 4 4 4 5 5 5 1 1 1 0 0 0 0 0 0 0 0 0 0 0 0 0 0
 1 1 11 12 12 14 2 2 3 3 7 7 7 9 7 7 7 7 7 8 8 11 10 10 6 6 7 6 6 2 1 1 1 1 0 0 0 0 0 0 0 0 0 0 0 0
 1 1 11 12 12 14 2 2 3 3 7 7 7 9 7 7 7 7 7 8 8 11 10 10 6 6 7 6 6 2 1 1 1 1 0 0 0 0 0 0 0 0 0 0 0 0
 1 1 12 15 15 23 16 16 5 5 4 12 12 12 11 11 8 8 9 11 11 13 13 13 7 7 6 5 5 2 0 0 0 0 0 0 0 0 0 0 0 0 0 0 0 0
 1 1 3 3 3 6 6 6 12 12 7 12 12 10 15 15 10 10 10 12 12 13 15 15 13 13 7 2 2 1 0 0 0 0 0 0 0 0 0 0 0 0 0 0 0 0
 1 1 3 3 3 6 6 6 12 12 7 12 12 10 15 15 10 10 10 12 12 13 15 15 13 13 7 2 2 1 0 0 0 0 0 0 0 0 0 0 0 0 0 0 0 0
 3 3 2 4 4 3 9 9 14 14 16 21 21 18 19 19 22 22 22 16 16 10 12 12 8 8 6 3 3 1 0 0 0 0 0 0 0 0 0 0 0 0 0 0 0 0
 1 1 2 3 3 6 13 13 17 17 23 27 27 24 24 24 28 28 22 18 18 11 9 9 11 11 11 4 4 3 1 1 0 0 0 0 0 0 0 0 0 0 0 0 0 2
 1 1 2 3 3 6 13 13 17 17 23 27 27 24 24 24 28 28 22 18 18 11 9 9 11 11 11 4 4 3 1 1 0 0 0 0 0 0 0 0 0 0 0 0 0 2
 1 1 2 3 3 6 13 13 26 26 26 30 30 25 29 29 21 21 19 18 18 14 17 17 8 8 10 4 4 3 0 0 0 0 0 1 1 0 0 0 0 0 0 0 0 0
 1 1 2 3 3 6 13 13 26 26 26 30 30 25 29 29 21 21 19 18 18 14 17 17 8 8 10 4 4 3 0 0 0 0 0 1 1 0 0 0 0 0 0 0 0 0
 1 1 1 3 3 5 10 10 26 26 20 21 21 19 22 22 26 26 22 26 26 22 16 16 8 8 2 2 2 3 0 0 1 1 0 0 0 0 0 0 0 0 0 0 0 0
 1 1 1 2 2 3 5 5 9 9 6 7 7 7 14 14 15 15 23 25 25 23 23 23 11 11 5 5 5 0 1 1 1 1 1 1 1 1 1 1 0 0 0 0 0 1
 1 1 1 2 2 3 5 5 9 9 6 7 7 7 14 14 15 15 23 25 25 23 23 23 11 11 5 5 5 0 1 1 1 1 1 1 1 1 1 1 0 0 0 0 0 1
 1 1 1 1 1 3 4 4 6 6 4 3 3 4 11 11 14 14 21 23 23 23 19 19 18 18 11 11 11 1 1 1 1 1 1 1 1 1 1 1 0 0 0 0 0 0
 1 1 2 1 1 2 3 3 5 5 3 4 4 4 5 5 12 12 6 18 18 12 15 15 16 16 10 10 10 3 3 3 5 5 6 6 6 4 2 2 1 1 0 3 3 0
 1 1 2 1 1 2 3 3 5 5 3 4 4 4 5 5 12 12 6 18 18 12 15 15 16 16 10 10 10 3 3 3 5 5 6 6 6 4 2 2 1 1 0 3 3 0
 1 1 1 2 2 2 2 2 3 3 2 4 4 4 5 5 5 5 4 7 7 8 3 3 4 4 5 5 5 2 4 4 6 6 6 8 8 6 3 3 2 2 1 0 0 0
 1 1 1 2 2 2 2 2 3 3 2 4 4 4 5 5 5 5 4 7 7 8 3 3 4 4 5 5 5 2 4 4 6 6 6 8 8 6 3 3 2 2 1 0 0 0
 2 2 1 2 2 2 3 3 3 3 4 3 3 2 2 2 0 0 0 3 3 5 6 6 6 6 6 3 3 0 2 2 7 7 3 5 5 6 3 3 3 3 1 0 0 0
 5 5 2 2 2 3 3 3 3 3 4 4 4 3 2 2 1 1 2 2 2 4 7 7 13 13 4 7 7 6 4 4 3 3 4 1 1 2 1 1 1 1 0 0 0 0
 5 5 2 2 2 3 3 3 3 3 4 4 4 3 2 2 1 1 2 2 2 4 7 7 13 13 4 7 7 6 4 4 3 3 4 1 1 2 1 1 1 1 0 0 0 0
 1 1 3 3 3 3 3 3 4 4 3 3 3 3 2 2 2 2 3 4 4 4 5 5 13 13 11 6 6 11 3 3 3 3 2 1 1 2 1 1 0 0 0 0 0 0
 2 2 3 3 3 2 3 3 3 3 4 2 2 2 2 2 3 3 5 5 5 4 5 5 8 8 15 12 12 10 3 3 0 0 4 2 2 1 0 0 0 0 1 0 0 0
 2 2 3 3 3 2 3 3 3 3 4 2 2 2 2 2 3 3 5 5 5 4 5 5 8 8 15 12 12 10 3 3 0 0 4 2 2 1 0 0 0 0 1 0 0 0
 2 2 2 2 2 2 3 3 2 2 2 2 2 3 2 2 2 2 3 4 4 3 4 4 5 5 7 8 8 10 3 3 2 2 2 2 2 0 0 0 0 0 0 0 0 0
 2 2 2 2 2 2 3 3 2 2 2 2 2 3 2 2 2 2 3 4 4 3 4 4 5 5 7 8 8 10 3 3 2 2 2 2 2 0 0 0 0 0 0 0 0 0
 2 2 2 2 2 2 2 2 2 2 2 2 2 2 3 3 3 3 3 5 5 2 4 4 11 11 11 9 9 10 4 4 6 6 3 3 3 0 0 0 0 0 0 0 0 0
 3 3 3 2 2 2 2 2 2 2 2 2 2 3 3 3 3 3 4 6 6 1 1 1 4 4 9 11 11 11 6 6 3 3 3 2 2 0 0 0 0 0 0 0 0 0
 3 3 3 2 2 2 2 2 2 2 2 2 2 3 3 3 3 3 4 6 6 1 1 1 4 4 9 11 11 11 6 6 3 3 3 2 2 0 0 0 0 0 0 0 0 0
 2 2 2 2 2 2 2 2 4 4 2 2 2 3 4 4 4 4 3 4 4 1 2 2 5 5 11 10 10 6 6 6 3 3 2 0 0 0 0 0 0 0 0 0 0 0
 2 2 4 3 3 3 4 4 4 4 3 3 3 4 2 2 6 6 5 2 2 1 1 1 6 6 5 6 6 6 3 3 3 3 1 0 0 1 0 0 1 1 1 0 0 0
 2 2 4 3 3 3 4 4 4 4 3 3 3 4 2 2 6 6 5 2 2 1 1 1 6 6 5 6 6 6 3 3 3 3 1 0 0 1 0 0 1 1 1 0 0 0
 3 3 5 3 3 3 8 8 8 8 4 3 3 4 3 3 5 5 5 2 2 1 1 1 2 2 4 5 5 5 2 2 3 3 0 0 0 1 1 1 0 0 0 0 0 0
 3 3 5 3 3 3 8 8 8 8 4 3 3 4 3 3 5 5 5 2 2 1 1 1 2 2 4 5 5 5 2 2 3 3 0 0 0 1 1 1 0 0 0 0 0 0
 3 3 4 5 5 6 6 6 9 9 9 5 5 3 3 3 5 5 5 4 4 2 1 1 3 3 3 6 6 4 0 0 4 4 2 0 0 0 0 0 0 0 0 0 0 0
 4 4 4 2 2 3 5 5 8 8 8 4 4 3 2 2 3 3 4 5 5 3 2 2 2 2 3 1 1 5 1 1 1 1 0 0 0 0 0 0 0 0 0 0 0 0
 4 4 4 2 2 3 5 5 8 8 8 4 4 3 2 2 3 3 4 5 5 3 2 2 2 2 3 1 1 5 1 1 1 1 0 0 0 0 0 0 0 0 0 0 0 0
 4 4 2 2 2 3 3 3 6 6 6 6 6 3 2 2 2 2 4 4 4 4 2 2 1 1 5 2 2 3 1 1 1 1 0 0 0 0 0 0 0 0 0 0 0 0
 3 3 14 13 13 8 2 2 3 3 5 3 3 2 3 3 3 3 3 2 2 3 3 3 2 2 3 4 4 2 2 2 0 0 0 0 0 0 1 1 0 0 0 0 0 0
 3 3 14 13 13 8 2 2 3 3 5 3 3 2 3 3 3 3 3 2 2 3 3 3 2 2 3 4 4 2 2 2 0 0 0 0 0 0 1 1 0 0 0 0 0 0
 3 3 14 14 14 9 9 9 3 3 4 3 3 3 3 3 4 4 3 4 4 2 3 3 7 7 3 4 4 2 9 9 5 5 6 1 1 0 0 0 0 0 0 0 0 0
 3 3 14 14 14 9 9 9 3 3 4 3 3 3 3 3 4 4 3 4 4 2 3 3 7 7 3 4 4 2 9 9 5 5 6 1 1 0 0 0 0 0 0 0 0 0
 4 4 3 3 3 3 10 10 3 3 5 3 3 4 5 5 4 4 4 2 2 4 8 8 15 15 11 11 11 11 10 10 6 6 5 0 0 1 0 0 0 0 0 0 0 0
 4 4 4 4 4 4 3 3 3 3 5 4 4 3 6 6 5 5 4 8 8 10 12 12 11 11 11 11 11 13 11 11 10 10 9 10 10 2 3 3 0 0 0 0 0 0
 4 4 4 4 4 4 3 3 3 3 5 4 4 3 6 6 5 5 4 8 8 10 12 12 11 11 11 11 11 13 11 11 10 10 9 10 10 2 3 3 0 0 0 0 0 0
 5 5 5 3 3 3 2 2 2 2 5 5 5 3 6 6 9 9 7 19 19 21 24 24 22 22 8 10 10 11 12 12 11 11 7 6 6 1 3 3 1 1 0 0 0 0
 8 8 7 4 4 3 3 3 3 3 4 7 7 4 9 9 19 19 16 36 36 43 30 30 14 14 6 5 5 5 6 6 8 8 6 6 6 1 1 1 1 1 2 1 1 1
 8 8 7 4 4 3 3 3 3 3 4 7 7 4 9 9 19 19 16 36 36 43 30 30 14 14 6 5 5 5 6 6 8 8 6 6 6 1 1 1 1 1 2 1 1 1
 8 8 8 5 5 5 5 5 5 5 5 10 10 7 7 7 27 27 42 53 53 58 21 21 11 11 7 4 4 5 6 6 6 6 6 6 6 2 1 1 1 1 1 2 2 0
 8 8 8 5 5 5 5 5 5 5 5 10 10 7 7 7 27 27 42 53 53 58 21 21 11 11 7 4 4 5 6 6 6 6 6 6 6 2 1 1 1 1 1 2 2 0
 18 18 18 16 16 9 10 10 10 10 12 14 14 12 14 14 27 27 48 51 51 57 17 17 10 10 7 4 4 4 5 5 6 6 5 4 4 3 1 1 2 2 0 1 1 0
 33 33 40 39 39 34 27 27 20 20 21 22 22 25 36 36 41 41 40 46 46 51 21 21 15 15 16 5 5 3 1 1 1 1 1 1 1 1 1 1 0 0 0 0 0 0
 33 33 40 39 39 34 27 27 20 20 21 22 22 25 36 36 41 41 40 46 46 51 21 21 15 15 16 5 5 3 1 1 1 1 1 1 1 1 1 1 0 0 0 0 0 0
 32 32 44 45 45 38 31 31 22 22 22 25 25 24 26 26 26 26 14 40 40 27 31 31 30 30 21 21 21 7 4 4 1 1 1 1 1 1 1 1 1 1 0 0 0 0
 40 40 37 33 33 24 14 14 16 16 16 16 16 14 14 14 13 13 14 18 18 17 21 21 19 19 13 12 12 6 3 3 2 2 1 1 1 1 1 1 0 0 1 0 0 0
