assets/RAT_results/precipitation/2017-09-12_IMERG.asc
ncols        46
nrows        77
xllcorner    74.800261325624
yllcorner    8.058333333333
cellsize     0.062500000000
NODATA_value -9999
 10 10 6 13 13 1 3 3 9 9 2 0 0 0 0 0 0 0 0 0 0 0 0 0 0 0 0 0 0 0 0 0 0 0 0 0 0 0 0 0 0 0 0 0 0 0
 32 32 4 1 1 1 1 1 2 2 3 0 0 0 0 0 0 0 0 0 0 0 0 0 0 0 0 0 0 0 0 0 0 0 0 0 0 0 0 0 0 0 0 0 0 0
 32 32 4 1 1 1 1 1 2 2 3 0 0 0 0 0 0 0 0 0 0 0 0 0 0 0 0 0 0 0 0 0 0 0 0 0 0 0 0 0 0 0 0 0 0 0
 48 48 14 10 10 2 1 1 1 1 1 0 0 0 0 0 0 0 0 0 0 0 0 0 0 0 0 0 0 0 0 0 0 0 0 0 0 0 0 0 0 0 0 0 0 0
 58 58 7 12 12 3 2 2 2 2 1 1 1 0 0 0 0 0 0 0 0 0 0 0 0 0 0 0 0 0 0 0 0 0 0 0 0 0 0 0 0 0 0 0 0 0
 58 58 7 12 12 3 2 2 2 2 1 1 1 0 0 0 0 0 0 0 0 0 0 0 0 0 0 0 0 0 0 0 0 0 0 0 0 0 0 0 0 0 0 0 0 0
 49 49 42 2 2 2 1 1 1 1 2 0 0 0 0 0 0 0 0 0 0 0 0 0 0 0 0 0 0 0 0 0 0 0 0 0 0 0 0 0 0 0 0 0 0 0
 49 49 42 2 2 2 1 1 1 1 2 0 0 0 0 0 0 0 0 0 0 0 0 0 0 0 0 0 0 0 0 0 0 0 0 0 0 0 0 0 0 0 0 0 0 0
 43 43 40 3 3 2 0 0 1 1 1 0 0 1 0 0 0 0 0 0 0 0 0 0 0 0 0 0 0 0 0 0 0 0 0 0 0 0 0 0 0 0 0 0 0 0
 69 69 56 38 38 41 22 22 4 4 1 1 1 1 0 0 0 0 0 0 0 0 0 0 0 0 0 0 0 0 0 0 0 0 0 0 0 0 0 0 0 0 0 0 0 1
 69 69 56 38 38 41 22 22 4 4 1 1 1 1 0 0 0 0 0 0 0 0 0 0 0 0 0 0 0 0 0 0 0 0 0 0 0 0 0 0 0 0 0 0 0 1
 44 44 40 42 42 45 27 27 10 10 1 1 1 1 1 1 0 0 0 0 0 1 0 0 0 0 0 0 0 0 0 0 0 0 0 0 0 0 0 0 0 0 0 0 0 0
 56 56 44 40 40 16 25 25 16 16 1 1 1 1 1 1 0 0 0 1 1 2 1 1 1 1 1 1 1 1 0 0 0 0 0 0 0 0 0 0 0 0 0 0 0 0
 56 56 44 40 40 16 25 25 16 16 1 1 1 1 1 1 0 0 0 1 1 2 1 1 1 1 1 1 1 1 0 0 0 0 0 0 0 0 0 0 0 0 0 0 0 0
 26 26 18 21 21 2 7 7 4 4 1 0 0 0 0 0 0 0 0 0 0 1 1 1 1 1 1 1 1 1 1 1 1 1 1 1 1 0 0 0 0 0 0 7 7 7
 26 26 18 21 21 2 7 7 4 4 1 0 0 0 0 0 0 0 0 0 0 1 1 1 1 1 1 1 1 1 1 1 1 1 1 1 1 0 0 0 0 0 0 7 7 7
 13 13 10 7 7 2 2 2 4 4 1 1 1 1 0 0 1 1 0 0 0 0 0 0 0 0 0 1 1 0 0 0 1 1 1 0 0 0 0 0 0 0 0 7 7 7
 5 5 5 6 6 3 4 4 0 0 5 1 1 0 1 1 0 0 0 0 0 0 1 1 1 1 0 0 0 0 0 0 0 0 0 0 0 0 1 1 5 5 2 2 2 33
 5 5 5 6 6 3 4 4 0 0 5 1 1 0 1 1 0 0 0 0 0 0 1 1 1 1 0 0 0 0 0 0 0 0 0 0 0 0 1 1 5 5 2 2 2 33
 4 4 6 6 6 6 5 5 1 1 4 1 1 1 0 0 0 0 1 0 0 0 0 0 2 2 2 0 0 0 0 0 0 0 0 0 0 1 1 1 5 5 2 2 2 0
 8 8 5 4 4 6 3 3 32 32 37 4 4 1 2 2 0 0 1 0 0 0 0 0 1 1 1 1 1 0 0 0 0 0 0 0 0 0 0 0 0 0 0 0 0 0
 8 8 5 4 4 6 3 3 32 32 37 4 4 1 2 2 0 0 1 0 0 0 0 0 1 1 1 1 1 0 0 0 0 0 0 0 0 0 0 0 0 0 0 0 0 0
 2 2 4 3 3 3 2 2 6 6 28 3 3 1 1 1 0 0 0 0 0 0 1 1 0 0 1 3 3 3 1 1 0 0 0 0 0 0 0 0 0 0 0 0 0 0
 2 2 4 3 3 3 2 2 6 6 28 3 3 1 1 1 0 0 0 0 0 0 1 1 0 0 1 3 3 3 1 1 0 0 0 0 0 0 0 0 0 0 0 0 0 0
 3 3 3 4 4 1 1 1 1 1 1 0 0 2 2 2 1 1 1 0 0 0 0 0 0 0 0 0 0 1 0 0 0 0 0 0 0 0 0 0 0 0 0 0 0 0
 2 2 3 2 2 1 2 2 2 2 2 1 1 1 1 1 1 1 1 0 0 0 0 0 0 0 0 2 2 18 8 8 8 8 0 0 0 0 0 0 0 0 0 0 0 0
 2 2 3 2 2 1 2 2 2 2 2 1 1 1 1 1 1 1 1 0 0 0 0 0 0 0 0 2 2 18 8 8 8 8 0 0 0 0 0 0 0 0 0 0 0 0
 3 3 2 2 2 4 2 2 2 2 1 2 2 1 0 0 2 2 0 0 0 0 0 0 0 0 2 2 2 18 4 4 9 9 0 0 0 0 0 0 0 0 0 0 0 0
 2 2 2 2 2 2 3 3 3 3 1 1 1 1 1 1 1 1 1 0 0 0 0 0 0 0 4 0 0 4 4 4 0 0 0 0 0 0 0 0 0 0 0 0 0 0
 2 2 2 2 2 2 3 3 3 3 1 1 1 1 1 1 1 1 1 0 0 0 0 0 0 0 4 0 0 4 4 4 0 0 0 0 0 0 0 0 0 0 0 0 0 0
 3 3 2 3 3 6 6 6 5 5 3 3 3 2 1 1 3 3 2 2 2 2 2 2 5 5 4 0 0 0 0 0 0 0 0 0 0 0 0 0 0 0 0 0 0 1
 3 3 2 3 3 6 6 6 5 5 3 3 3 2 1 1 3 3 2 2 2 2 2 2 5 5 4 0 0 0 0 0 0 0 0 0 0 0 0 0 0 0 0 0 0 1
 3 3 4 3 3 9 9 9 6 6 3 3 3 1 2 2 2 2 3 4 4 3 5 5 4 4 2 1 1 0 0 0 0 0 0 0 0 0 0 0 0 0 0 0 0 1
 4 4 4 4 4 9 9 9 9 9 9 9 9 4 4 4 1 1 1 2 2 2 4 4 3 3 2 1 1 0 0 0 0 0 0 0 0 0 0 0 0 0 0 0 0 0
 4 4 4 4 4 9 9 9 9 9 9 9 9 4 4 4 1 1 1 2 2 2 4 4 3 3 2 1 1 0 0 0 0 0 0 0 0 0 0 0 0 0 0 0 0 0
 2 2 2 2 2 3 2 2 4 4 4 2 2 4 4 4 1 1 1 1 1 2 2 2 2 2 1 0 0 0 0 0 0 0 0 0 0 0 0 0 0 0 0 0 0 0
 2 2 3 2 2 2 2 2 7 7 3 1 1 1 1 1 1 1 0 1 1 3 4 4 5 5 3 1 1 0 2 2 3 3 0 1 1 1 0 0 0 0 0 0 0 0
 2 2 3 2 2 2 2 2 7 7 3 1 1 1 1 1 1 1 0 1 1 3 4 4 5 5 3 1 1 0 2 2 3 3 0 1 1 1 0 0 0 0 0 0 0 0
 2 2 2 2 2 2 1 1 1 1 1 1 1 1 1 1 1 1 0 1 1 4 3 3 4 4 7 8 8 1 2 2 29 29 2 0 0 0 0 0 0 0 0 0 0 0
 2 2 2 2 2 2 1 1 1 1 1 1 1 1 1 1 1 1 0 1 1 4 3 3 4 4 7 8 8 1 2 2 29 29 2 0 0 0 0 0 0 0 0 0 0 0
 1 1 1 1 1 1 1 1 1 1 1 1 1 1 0 0 0 0 0 3 3 3 3 3 3 3 9 31 31 25 4 4 0 0 2 0 0 2 0 0 0 0 0 0 0 0
 2 2 1 2 2 1 1 1 1 1 1 1 1 1 0 0 0 0 0 2 2 1 1 1 1 1 3 12 12 6 2 2 0 0 0 0 0 0 0 0 0 0 0 0 0 0
 2 2 1 2 2 1 1 1 1 1 1 1 1 1 0 0 0 0 0 2 2 1 1 1 1 1 3 12 12 6 2 2 0 0 0 0 0 0 0 0 0 0 0 0 0 0
 1 1 2 2 2 2 2 2 2 2 3 1 1 1 1 1 0 0 0 0 0 2 2 2 3 3 1 3 3 0 0 0 0 0 0 0 0 1 0 0 0 0 0 0 0 0
 1 1 1 2 2 2 2 2 3 3 2 2 2 2 1 1 1 1 1 1 1 0 3 3 4 4 24 1 1 2 0 0 5 5 2 0 0 1 0 0 1 1 0 0 0 0
 1 1 1 2 2 2 2 2 3 3 2 2 2 2 1 1 1 1 1 1 1 0 3 3 4 4 24 1 1 2 0 0 5 5 2 0 0 1 0 0 1 1 0 0 0 0
 1 1 2 2 2 3 3 3 3 3 2 2 2 2 2 2 2 2 2 1 1 1 9 9 27 27 24 2 2 2 4 4 10 10 45 0 0 0 1 1 0 0 1 0 0 1
 1 1 2 2 2 3 3 3 3 3 2 2 2 2 2 2 2 2 2 1 1 1 9 9 27 27 24 2 2 2 4 4 10 10 45 0 0 0 1 1 0 0 1 0 0 1
 1 1 1 2 2 2 3 3 2 2 3 2 2 2 2 2 2 2 2 1 1 9 9 9 30 30 31 11 11 18 22 22 26 26 46 0 0 0 0 0 0 0 0 1 1 1
 1 1 1 1 1 1 2 2 2 2 2 2 2 2 2 2 1 1 1 1 1 6 10 10 10 10 11 3 3 4 32 32 20 20 19 0 0 0 0 0 1 1 1 1 1 1
 1 1 1 1 1 1 2 2 2 2 2 2 2 2 2 2 1 1 1 1 1 6 10 10 10 10 11 3 3 4 32 32 20 20 19 0 0 0 0 0 1 1 1 1 1 1
 2 2 1 1 1 1 1 1 2 2 2 1 1 1 1 1 1 1 1 1 1 0 5 5 3 3 5 4 4 11 8 8 4 4 1 0 0 0 0 0 1 1 1 1 1 1
 4 4 2 0 0 1 0 0 0 0 1 0 0 0 0 0 0 0 0 0 0 1 2 2 2 2 9 10 10 7 11 11 3 3 3 8 8 1 1 1 1 1 1 3 3 2
 4 4 2 0 0 1 0 0 0 0 1 0 0 0 0 0 0 0 0 0 0 1 2 2 2 2 9 10 10 7 11 11 3 3 3 8 8 1 1 1 1 1 1 3 3 2
 4 4 1 1 1 1 0 0 0 0 0 0 0 0 0 0 1 1 0 1 1 2 3 3 4 4 8 9 9 8 13 13 9 9 3 11 11 6 3 3 3 3 6 5 5 1
 4 4 1 1 1 1 0 0 0 0 0 0 0 0 0 0 1 1 0 1 1 2 3 3 4 4 8 9 9 8 13 13 9 9 3 11 11 6 3 3 3 3 6 5 5 1
 2 2 2 2 2 1 0 0 0 0 0 0 0 1 3 3 0 0 1 1 1 2 2 2 3 3 4 6 6 5 3 3 2 2 2 4 4 7 2 2 2 2 6 1 1 1
 3 3 1 2 2 1 1 1 0 0 0 1 1 1 1 1 0 0 0 1 1 1 1 1 1 1 4 3 3 2 1 1 1 1 1 5 5 3 6 6 8 8 0 1 1 2
 3 3 1 2 2 1 1 1 0 0 0 1 1 1 1 1 0 0 0 1 1 1 1 1 1 1 4 3 3 2 1 1 1 1 1 5 5 3 6 6 8 8 0 1 1 2
 2 2 2 2 2 2 2 2 2 2 1 1 1 1 1 1 1 1 0 0 0 1 0 0 0 0 3 1 1 1 0 0 0 0 0 0 0 3 0 0 0 0 0 1 1 1
 2 2 1 2 2 0 4 4 1 1 1 2 2 1 1 1 1 1 1 0 0 0 0 0 0 0 0 1 1 0 0 0 0 0 8 0 0 0 3 3 0 0 1 0 0 1
 2 2 1 2 2 0 4 4 1 1 1 2 2 1 1 1 1 1 1 0 0 0 0 0 0 0 0 1 1 0 0 0 0 0 8 0 0 0 3 3 0 0 1 0 0 1
 2 2 2 2 2 2 2 2 2 2 1 2 2 2 2 2 2 2 1 0 0 0 0 0 0 0 0 1 1 1 0 0 0 0 0 2 2 2 0 0 0 0 1 1 1 0
 2 2 2 2 2 2 2 2 2 2 1 2 2 2 2 2 2 2 1 0 0 0 0 0 0 0 0 1 1 1 0 0 0 0 0 2 2 2 0 0 0 0 1 1 1 0
 2 2 2 4 4 4 3 3 4 4 2 2 2 2 2 2 2 2 1 1 1 1 0 0 0 0 0 0 0 2 1 1 0 0 3 6 6 0 0 0 0 0 1 1 1 1
 3 3 2 4 4 4 2 2 1 1 1 1 1 2 2 2 2 2 1 1 1 0 0 0 0 0 0 0 0 2 2 2 1 1 3 20 20 19 6 6 0 0 1 1 1 1
 3 3 2 4 4 4 2 2 1 1 1 1 1 2 2 2 2 2 1 1 1 0 0 0 0 0 0 0 0 2 2 2 1 1 3 20 20 19 6 6 0 0 1 1 1 1
 2 2 2 1 1 2 2 2 3 3 4 4 4 2 2 2 2 2 2 1 1 1 0 0 0 0 0 0 0 0 3 3 2 2 3 12 12 14 6 6 0 0 0 1 1 1
 7 7 12 12 12 3 1 1 3 3 3 4 4 4 2 2 2 2 5 5 5 3 2 2 2 2 0 0 0 0 0 0 3 3 2 1 1 3 1 1 1 1 1 1 1 1
 7 7 12 12 12 3 1 1 3 3 3 4 4 4 2 2 2 2 5 5 5 3 2 2 2 2 0 0 0 0 0 0 3 3 2 1 1 3 1 1 1 1 1 1 1 1
 8 8 41 12 12 3 4 4 4 4 14 15 15 20 3 3 4 4 12 2 2 3 2 2 2 2 2 2 2 0 4 4 0 0 4 3 3 1 1 1 1 1 1 1 1 1
 8 8 41 12 12 3 4 4 4 4 14 15 15 20 3 3 4 4 12 2 2 3 2 2 2 2 2 2 2 0 4 4 0 0 4 3 3 1 1 1 1 1 1 1 1 1
 8 8 42 7 7 7 7 7 7 7 24 15 15 21 6 6 6 6 11 11 11 23 23 23 1 1 2 2 2 4 4 4 1 1 2 2 2 2 1 1 1 1 1 1 1 1
 19 19 19 31 31 31 7 7 8 8 25 44 44 47 24 24 16 16 24 12 12 25 23 23 2 2 2 2 2 2 2 2 1 1 1 1 1 2 2 2 1 1 1 1 1 1
 19 19 19 31 31 31 7 7 8 8 25 44 44 47 24 24 16 16 24 12 12 25 23 23 2 2 2 2 2 2 2 2 1 1 1 1 1 2 2 2 1 1 1 1 1 1
 20 20 19 31 31 32 12 12 22 22 26 15 15 20 21 21 28 28 31 28 28 26 29 29 28 28 3 3 3 1 1 1 2 2 2 1 1 1 1 1 1 1 1 0 0 1
 22 22 22 17 17 8 8 8 10 10 30 18 18 21 26 26 33 33 25 41 41 39 28 28 23 23 3 3 3 2 2 2 1 1 1 0 0 0 0 0 0 0 3 1 1 1
