assets/RAT_results/precipitation/2017-10-28_IMERG.asc
ncols        46
nrows        77
xllcorner    74.800261325624
yllcorner    8.058333333333
cellsize     0.062500000000
NODATA_value -9999
 1 1 0 0 0 0 0 0 0 0 0 0 0 0 0 0 0 0 0 0 0 0 0 0 0 0 0 0 0 0 0 0 0 0 0 0 0 0 0 0 0 0 0 0 0 0
 1 1 0 0 0 0 0 0 0 0 0 0 0 0 0 0 0 0 0 0 0 0 0 0 0 0 0 0 0 0 0 0 0 0 0 0 0 0 0 0 0 0 0 0 0 0
 1 1 0 0 0 0 0 0 0 0 0 0 0 0 0 0 0 0 0 0 0 0 0 0 0 0 0 0 0 0 0 0 0 0 0 0 0 0 0 0 0 0 0 0 0 0
 1 1 0 0 0 1 1 1 1 1 0 0 0 0 0 0 0 0 0 0 0 0 0 0 0 0 0 1 1 0 0 0 0 0 0 0 0 0 0 0 0 0 0 0 0 0
 0 0 1 0 0 1 0 0 0 0 0 0 0 0 0 0 0 0 0 0 0 0 0 0 0 0 0 0 0 0 0 0 0 0 0 0 0 0 0 0 0 0 0 0 0 0
 0 0 1 0 0 1 0 0 0 0 0 0 0 0 0 0 0 0 0 0 0 0 0 0 0 0 0 0 0 0 0 0 0 0 0 0 0 0 0 0 0 0 0 0 0 0
 2 2 0 0 0 0 1 1 0 0 0 0 0 3 0 0 0 0 0 0 0 0 0 0 0 0 0 0 0 0 0 0 0 0 0 0 0 0 0 0 0 0 0 0 0 0
 2 2 0 0 0 0 1 1 0 0 0 0 0 3 0 0 0 0 0 0 0 0 0 0 0 0 0 0 0 0 0 0 0 0 0 0 0 0 0 0 0 0 0 0 0 0
 1 1 0 0 0 0 1 1 1 1 1 0 0 0 0 0 0 0 0 0 0 0 0 0 0 0 0 0 0 0 0 0 0 0 0 0 0 0 0 0 0 0 0 0 0 0
 0 0 0 1 1 1 1 1 1 1 1 1 1 0 1 1 0 0 0 0 0 0 0 0 0 0 0 0 0 0 0 0 0 0 0 0 0 0 0 0 0 0 0 0 0 0
 0 0 0 1 1 1 1 1 1 1 1 1 1 0 1 1 0 0 0 0 0 0 0 0 0 0 0 0 0 0 0 0 0 0 0 0 0 0 0 0 0 0 0 0 0 0
 0 0 0 0 0 1 1 1 1 1 1 0 0 0 0 0 0 0 0 0 0 0 0 0 0 0 0 0 0 0 0 0 0 0 0 0 0 0 0 0 0 0 0 0 0 0
 0 0 1 0 0 0 1 1 1 1 1 1 1 1 0 0 0 0 0 0 0 0 0 0 0 0 0 0 0 0 0 0 0 0 0 0 0 0 0 0 0 0 0 0 0 0
 0 0 1 0 0 0 1 1 1 1 1 1 1 1 0 0 0 0 0 0 0 0 0 0 0 0 0 0 0 0 0 0 0 0 0 0 0 0 0 0 0 0 0 0 0 0
 0 0 0 0 0 1 1 1 1 1 1 1 1 1 1 1 1 1 0 0 0 0 1 1 1 1 0 0 0 0 0 0 0 0 0 0 0 0 0 0 0 0 0 0 0 0
 0 0 0 0 0 1 1 1 1 1 1 1 1 1 1 1 1 1 0 0 0 0 1 1 1 1 0 0 0 0 0 0 0 0 0 0 0 0 0 0 0 0 0 0 0 0
 1 1 1 0 0 2 2 2 2 2 1 1 1 1 1 1 1 1 0 0 0 0 0 0 0 0 0 0 0 0 0 0 0 0 0 0 0 0 0 0 0 0 0 0 0 0
 0 0 0 0 0 2 1 1 1 1 2 2 2 2 1 1 1 1 0 0 0 0 0 0 0 0 0 0 0 0 0 0 0 0 0 0 0 0 0 0 0 0 0 0 0 0
 0 0 0 0 0 2 1 1 1 1 2 2 2 2 1 1 1 1 0 0 0 0 0 0 0 0 0 0 0 0 0 0 0 0 0 0 0 0 0 0 0 0 0 0 0 0
 0 0 0 0 0 2 1 1 2 2 1 1 1 2 1 1 0 0 0 0 0 0 0 0 0 0 0 0 0 0 0 0 0 0 0 0 0 0 0 0 0 0 0 0 0 0
 2 2 1 1 1 1 2 2 2 2 3 4 4 5 3 3 2 2 1 0 0 1 0 0 0 0 0 0 0 1 0 0 0 0 0 0 0 0 0 0 0 0 0 0 0 0
 2 2 1 1 1 1 2 2 2 2 3 4 4 5 3 3 2 2 1 0 0 1 0 0 0 0 0 0 0 1 0 0 0 0 0 0 0 0 0 0 0 0 0 0 0 0
 3 3 3 2 2 2 2 2 2 2 3 5 5 6 4 4 3 3 1 1 1 0 0 0 0 0 1 1 1 1 0 0 1 1 1 0 0 0 0 0 0 0 0 0 0 0
 3 3 3 2 2 2 2 2 2 2 3 5 5 6 4 4 3 3 1 1 1 0 0 0 0 0 1 1 1 1 0 0 1 1 1 0 0 0 0 0 0 0 0 0 0 0
 6 6 12 10 10 10 9 9 6 6 9 9 9 10 6 6 4 4 1 1 1 0 0 0 2 2 2 3 3 3 0 0 0 0 0 0 0 0 0 0 0 0 0 0 0 0
 15 15 17 16 16 11 11 11 12 12 10 8 8 7 7 7 3 3 2 1 1 0 0 0 2 2 3 3 3 3 0 0 1 1 0 0 0 0 0 0 0 0 0 0 0 0
 15 15 17 16 16 11 11 11 12 12 10 8 8 7 7 7 3 3 2 1 1 0 0 0 2 2 3 3 3 3 0 0 1 1 0 0 0 0 0 0 0 0 0 0 0 0
 24 24 25 23 23 20 20 20 19 19 19 14 14 17 14 14 4 4 2 2 2 0 1 1 2 2 1 2 2 1 2 2 0 0 1 0 0 0 0 0 2 2 0 0 0 0
 35 35 32 30 30 20 30 30 23 23 19 16 16 15 13 13 13 13 7 2 2 1 1 1 0 0 0 1 1 0 0 0 0 0 0 0 0 0 1 1 0 0 0 0 0 0
 35 35 32 30 30 20 30 30 23 23 19 16 16 15 13 13 13 13 7 2 2 1 1 1 0 0 0 1 1 0 0 0 0 0 0 0 0 0 1 1 0 0 0 0 0 0
 40 40 34 30 30 33 32 32 36 36 23 20 20 15 11 11 14 14 7 2 2 2 0 0 1 1 0 1 1 1 0 0 1 1 0 0 0 0 0 0 0 0 0 1 1 0
 40 40 34 30 30 33 32 32 36 36 23 20 20 15 11 11 14 14 7 2 2 2 0 0 1 1 0 1 1 1 0 0 1 1 0 0 0 0 0 0 0 0 0 1 1 0
 51 51 51 48 48 42 46 46 26 26 26 22 22 17 15 15 22 22 8 4 4 2 1 1 1 1 1 2 2 3 1 1 0 0 0 0 0 1 0 0 0 0 0 0 0 0
 114 114 85 51 51 52 49 49 30 30 29 28 28 20 16 16 9 9 5 8 8 2 3 3 2 2 2 4 4 2 1 1 0 0 1 1 1 8 4 4 1 1 0 0 0 0
 114 114 85 51 51 52 49 49 30 30 29 28 28 20 16 16 9 9 5 8 8 2 3 3 2 2 2 4 4 2 1 1 0 0 1 1 1 8 4 4 1 1 0 0 0 0
 100 100 92 69 69 62 56 56 54 54 35 31 31 26 21 21 8 8 7 6 6 7 8 8 2 2 3 5 5 4 2 2 1 1 0 0 0 4 11 11 1 1 3 1 1 0
 107 107 90 75 75 70 62 62 48 48 35 31 31 34 23 23 17 17 6 8 8 10 7 7 4 4 9 9 9 5 3 3 5 5 0 0 0 0 1 1 2 2 5 1 1 1
 107 107 90 75 75 70 62 62 48 48 35 31 31 34 23 23 17 17 6 8 8 10 7 7 4 4 9 9 9 5 3 3 5 5 0 0 0 0 1 1 2 2 5 1 1 1
 65 65 85 76 76 70 63 63 47 47 35 42 42 29 20 20 7 7 7 5 5 7 14 14 14 14 9 11 11 4 5 5 6 6 4 2 2 2 4 4 6 6 5 2 2 4
 65 65 85 76 76 70 63 63 47 47 35 42 42 29 20 20 7 7 7 5 5 7 14 14 14 14 9 11 11 4 5 5 6 6 4 2 2 2 4 4 6 6 5 2 2 4
 67 67 63 51 51 53 53 53 32 32 35 21 21 14 10 10 4 4 2 4 4 8 4 4 9 9 5 7 7 6 35 35 15 15 10 4 4 6 4 4 3 3 3 3 3 2
 45 45 35 31 31 39 39 39 30 30 31 15 15 17 8 8 2 2 2 5 5 4 13 13 8 8 8 8 8 18 27 27 14 14 13 8 8 9 8 8 1 1 3 4 4 3
 45 45 35 31 31 39 39 39 30 30 31 15 15 17 8 8 2 2 2 5 5 4 13 13 8 8 8 8 8 18 27 27 14 14 13 8 8 9 8 8 1 1 3 4 4 3
 33 33 24 25 25 46 33 33 25 25 21 10 10 15 2 2 2 2 2 3 3 11 16 16 26 26 13 11 11 33 28 28 14 14 13 8 8 15 15 15 9 9 4 1 1 0
 17 17 10 14 14 12 14 14 18 18 10 6 6 6 2 2 1 1 3 6 6 7 22 22 8 8 8 24 24 43 12 12 18 18 8 8 8 17 22 22 9 9 9 0 0 0
 17 17 10 14 14 12 14 14 18 18 10 6 6 6 2 2 1 1 3 6 6 7 22 22 8 8 8 24 24 43 12 12 18 18 8 8 8 17 22 22 9 9 9 0 0 0
 3 3 4 7 7 9 8 8 9 9 5 6 6 5 5 5 7 7 15 5 5 5 7 7 2 2 9 24 24 31 56 56 19 19 16 10 10 22 8 8 14 14 6 5 5 0
 3 3 4 7 7 9 8 8 9 9 5 6 6 5 5 5 7 7 15 5 5 5 7 7 2 2 9 24 24 31 56 56 19 19 16 10 10 22 8 8 14 14 6 5 5 0
 2 2 0 8 8 6 5 5 4 4 5 7 7 5 3 3 8 8 5 2 2 4 6 6 2 2 8 16 16 27 26 26 16 16 13 16 16 11 6 6 8 8 5 1 1 2
 1 1 8 11 11 1 2 2 3 3 4 2 2 4 6 6 2 2 4 2 2 2 3 3 2 2 6 16 16 16 23 23 13 13 13 24 24 8 5 5 2 2 2 4 4 2
 1 1 8 11 11 1 2 2 3 3 4 2 2 4 6 6 2 2 4 2 2 2 3 3 2 2 6 16 16 16 23 23 13 13 13 24 24 8 5 5 2 2 2 4 4 2
 0 0 1 0 0 6 5 5 2 2 1 1 1 4 3 3 2 2 3 1 1 1 0 0 2 2 8 11 11 19 31 31 13 13 14 14 14 9 6 6 7 7 6 5 5 2
 0 0 1 2 2 0 3 3 1 1 1 2 2 2 4 4 3 3 0 1 1 2 2 2 3 3 6 8 8 17 25 25 27 27 11 13 13 14 7 7 5 5 12 15 15 1
 0 0 1 2 2 0 3 3 1 1 1 2 2 2 4 4 3 3 0 1 1 2 2 2 3 3 6 8 8 17 25 25 27 27 11 13 13 14 7 7 5 5 12 15 15 1
 0 0 1 0 0 10 1 1 0 0 0 3 3 0 2 2 1 1 2 2 2 1 1 1 1 1 2 5 5 14 18 18 18 18 16 14 14 12 5 5 5 5 5 4 4 1
 0 0 1 0 0 10 1 1 0 0 0 3 3 0 2 2 1 1 2 2 2 1 1 1 1 1 2 5 5 14 18 18 18 18 16 14 14 12 5 5 5 5 5 4 4 1
 1 1 2 0 0 2 4 4 1 1 1 1 1 3 1 1 0 0 5 1 1 4 2 2 1 1 3 3 3 15 20 20 18 18 17 16 16 9 9 9 6 6 5 1 1 0
 0 0 1 2 2 2 8 8 1 1 2 2 2 0 5 5 7 7 8 6 6 2 1 1 2 2 2 7 7 11 15 15 27 27 8 9 9 7 6 6 4 4 3 2 2 1
 0 0 1 2 2 2 8 8 1 1 2 2 2 0 5 5 7 7 8 6 6 2 1 1 2 2 2 7 7 11 15 15 27 27 8 9 9 7 6 6 4 4 3 2 2 1
 0 0 0 4 4 5 5 5 9 9 10 5 5 4 9 9 10 10 9 6 6 4 2 2 1 1 11 3 3 17 19 19 16 16 6 8 8 6 6 6 4 4 1 3 3 2
 0 0 3 3 3 4 6 6 10 10 6 11 11 5 31 31 33 33 33 12 12 46 16 16 2 2 1 4 4 8 15 15 9 9 9 5 5 8 8 8 5 5 4 2 2 1
 0 0 3 3 3 4 6 6 10 10 6 11 11 5 31 31 33 33 33 12 12 46 16 16 2 2 1 4 4 8 15 15 9 9 9 5 5 8 8 8 5 5 4 2 2 1
 7 7 1 5 5 7 8 8 14 14 18 10 10 15 8 8 35 35 15 6 6 7 8 8 40 40 1 6 6 5 5 5 7 7 14 11 11 14 10 10 13 13 6 3 3 2
 7 7 1 5 5 7 8 8 14 14 18 10 10 15 8 8 35 35 15 6 6 7 8 8 40 40 1 6 6 5 5 5 7 7 14 11 11 14 10 10 13 13 6 3 3 2
 0 0 2 11 11 11 8 8 12 12 11 14 14 15 13 13 11 11 8 7 7 6 8 8 2 2 3 2 2 4 4 4 9 9 16 40 40 14 19 19 19 19 10 3 3 3
 1 1 3 12 12 15 16 16 8 8 46 16 16 7 7 7 10 10 8 6 6 5 3 3 3 3 2 2 2 1 4 4 11 11 16 16 16 8 13 13 13 13 10 3 3 3
 1 1 3 12 12 15 16 16 8 8 46 16 16 7 7 7 10 10 8 6 6 5 3 3 3 3 2 2 2 1 4 4 11 11 16 16 16 8 13 13 13 13 10 3 3 3
 1 1 3 7 7 26 12 12 20 20 34 11 11 7 7 7 9 9 8 8 8 5 3 3 5 5 3 2 2 0 1 1 4 4 5 5 5 7 8 8 14 14 11 8 8 5
 2 2 2 7 7 17 14 14 14 14 18 8 8 3 16 16 8 8 2 5 5 10 4 4 7 7 2 2 2 1 0 0 1 1 2 8 8 11 12 12 16 16 9 7 7 9
 2 2 2 7 7 17 14 14 14 14 18 8 8 3 16 16 8 8 2 5 5 10 4 4 7 7 2 2 2 1 0 0 1 1 2 8 8 11 12 12 16 16 9 7 7 9
 1 1 1 3 3 15 14 14 11 11 7 13 13 9 7 7 4 4 10 4 4 4 2 2 3 3 2 3 3 0 0 0 0 0 3 10 10 19 16 16 51 51 10 8 8 11
 1 1 1 3 3 15 14 14 11 11 7 13 13 9 7 7 4 4 10 4 4 4 2 2 3 3 2 3 3 0 0 0 0 0 3 10 10 19 16 16 51 51 10 8 8 11
 5 5 1 7 7 11 24 24 7 7 7 8 8 12 7 7 2 2 2 2 2 2 2 2 1 1 7 2 2 1 1 1 0 0 1 6 6 8 11 11 11 11 8 11 11 12
 4 4 1 5 5 9 6 6 13 13 5 4 4 6 5 5 1 1 1 3 3 4 2 2 1 1 2 3 3 1 1 1 1 1 1 2 2 4 5 5 9 9 8 20 20 27
 4 4 1 5 5 9 6 6 13 13 5 4 4 6 5 5 1 1 1 3 3 4 2 2 1 1 2 3 3 1 1 1 1 1 1 2 2 4 5 5 9 9 8 20 20 27
 5 5 2 4 4 5 4 4 6 6 6 4 4 3 5 5 7 7 1 3 3 2 2 2 2 2 1 1 1 2 1 1 1 1 1 3 3 3 5 5 7 7 9 15 15 22
 4 4 2 2 2 4 1 1 4 4 3 2 2 4 4 4 7 7 2 4 4 13 3 3 2 2 4 3 3 2 5 5 2 2 2 2 2 4 3 3 5 5 10 14 14 77
