assets/RAT_results/precipitation/2017-09-09_IMERG.asc
ncols        46
nrows        77
xllcorner    74.800261325624
yllcorner    8.058333333333
cellsize     0.062500000000
NODATA_value -9999
 12 12 17 26 26 41 26 26 28 28 33 16 16 28 21 21 27 27 32 28 28 39 47 47 46 46 55 61 61 71 87 87 67 67 55 59 59 53 23 23 17 17 57 45 45 20
 11 11 13 12 12 16 20 20 19 19 30 28 28 25 24 24 30 30 30 23 23 38 39 39 44 44 46 60 60 60 53 53 71 71 69 80 80 47 31 31 22 22 16 35 35 17
 11 11 13 12 12 16 20 20 19 19 30 28 28 25 24 24 30 30 30 23 23 38 39 39 44 44 46 60 60 60 53 53 71 71 69 80 80 47 31 31 22 22 16 35 35 17
 10 10 9 10 10 10 9 9 14 14 13 22 22 18 24 24 21 21 20 15 15 23 25 25 39 39 40 47 47 54 40 40 51 51 39 49 49 40 47 47 33 33 21 41 41 22
 17 17 10 9 9 10 10 10 12 12 7 12 12 12 17 17 17 17 11 12 12 17 16 16 31 31 41 36 36 55 44 44 45 45 39 39 39 47 30 30 24 24 19 20 20 27
 17 17 10 9 9 10 10 10 12 12 7 12 12 12 17 17 17 17 11 12 12 17 16 16 31 31 41 36 36 55 44 44 45 45 39 39 39 47 30 30 24 24 19 20 20 27
 7 7 7 9 9 8 7 7 7 7 5 4 4 3 7 7 8 8 9 7 7 9 19 19 16 16 16 23 23 23 30 30 42 42 45 56 56 50 21 21 28 28 43 45 45 7
 7 7 7 9 9 8 7 7 7 7 5 4 4 3 7 7 8 8 9 7 7 9 19 19 16 16 16 23 23 23 30 30 42 42 45 56 56 50 21 21 28 28 43 45 45 7
 7 7 11 11 11 14 10 10 15 15 6 5 5 6 4 4 4 4 2 3 3 8 17 17 13 13 9 7 7 10 22 22 20 20 43 44 44 43 59 59 33 33 14 9 9 3
 11 11 7 15 15 11 12 12 11 11 18 17 17 8 2 2 1 1 1 3 3 5 9 9 10 10 8 6 6 23 9 9 9 9 12 13 13 17 14 14 9 9 5 4 4 4
 11 11 7 15 15 11 12 12 11 11 18 17 17 8 2 2 1 1 1 3 3 5 9 9 10 10 8 6 6 23 9 9 9 9 12 13 13 17 14 14 9 9 5 4 4 4
 8 8 5 9 9 7 8 8 4 4 3 5 5 2 2 2 2 2 1 3 3 1 2 2 4 4 2 2 2 2 4 4 6 6 6 5 5 7 6 6 5 5 1 1 1 1
 8 8 5 2 2 11 7 7 11 11 8 7 7 7 8 8 1 1 2 1 1 4 0 0 0 0 1 2 2 1 3 3 4 4 4 1 1 1 2 2 1 1 4 2 2 2
 8 8 5 2 2 11 7 7 11 11 8 7 7 7 8 8 1 1 2 1 1 4 0 0 0 0 1 2 2 1 3 3 4 4 4 1 1 1 2 2 1 1 4 2 2 2
 15 15 3 1 1 5 7 7 9 9 9 7 7 1 1 1 4 4 2 1 1 3 1 1 1 1 2 3 3 2 1 1 4 4 2 0 0 4 3 3 1 1 1 1 1 1
 15 15 3 1 1 5 7 7 9 9 9 7 7 1 1 1 4 4 2 1 1 3 1 1 1 1 2 3 3 2 1 1 4 4 2 0 0 4 3 3 1 1 1 1 1 1
 7 7 2 2 2 2 2 2 5 5 4 3 3 33 3 3 0 0 1 1 1 1 0 0 3 3 6 3 3 4 4 4 3 3 1 0 0 1 1 1 1 1 2 2 2 3
 25 25 4 3 3 2 1 1 2 2 4 3 3 5 5 5 7 7 2 1 1 1 2 2 1 1 1 2 2 2 1 1 2 2 3 0 0 1 1 1 1 1 3 2 2 3
 25 25 4 3 3 2 1 1 2 2 4 3 3 5 5 5 7 7 2 1 1 1 2 2 1 1 1 2 2 2 1 1 2 2 3 0 0 1 1 1 1 1 3 2 2 3
 37 37 44 7 7 2 2 2 2 2 1 8 8 3 8 8 1 1 0 0 0 0 0 0 1 1 0 3 3 0 1 1 2 2 4 3 3 2 1 1 5 5 6 4 4 5
 34 34 6 5 5 4 0 0 1 1 4 8 8 3 3 3 8 8 3 1 1 3 0 0 0 0 0 2 2 2 4 4 1 1 2 3 3 0 4 4 2 2 2 3 3 6
 34 34 6 5 5 4 0 0 1 1 4 8 8 3 3 3 8 8 3 1 1 3 0 0 0 0 0 2 2 2 4 4 1 1 2 3 3 0 4 4 2 2 2 3 3 6
 10 10 8 4 4 2 2 2 0 0 3 1 1 5 4 4 6 6 12 2 2 2 5 5 0 0 1 1 1 5 4 4 1 1 2 3 3 3 0 0 1 1 3 3 3 1
 10 10 8 4 4 2 2 2 0 0 3 1 1 5 4 4 6 6 12 2 2 2 5 5 0 0 1 1 1 5 4 4 1 1 2 3 3 3 0 0 1 1 3 3 3 1
 37 37 17 9 9 0 1 1 1 1 1 1 1 8 7 7 7 7 7 5 5 6 5 5 2 2 2 4 4 2 4 4 2 2 2 0 0 1 1 1 1 1 1 1 1 3
 34 34 20 11 11 1 3 3 2 2 1 10 10 6 7 7 9 9 14 8 8 6 7 7 2 2 3 3 3 4 4 4 5 5 3 4 4 2 2 2 4 4 1 3 3 6
 34 34 20 11 11 1 3 3 2 2 1 10 10 6 7 7 9 9 14 8 8 6 7 7 2 2 3 3 3 4 4 4 5 5 3 4 4 2 2 2 4 4 1 3 3 6
 24 24 20 26 26 14 4 4 2 2 3 9 9 4 10 10 12 12 13 8 8 6 9 9 6 6 3 5 5 4 3 3 4 4 3 1 1 1 1 1 2 2 1 3 3 3
 17 17 19 28 28 24 29 29 5 5 5 7 7 6 9 9 12 12 13 8 8 8 8 8 5 5 1 3 3 3 2 2 4 4 2 1 1 0 0 0 1 1 1 0 0 1
 17 17 19 28 28 24 29 29 5 5 5 7 7 6 9 9 12 12 13 8 8 8 8 8 5 5 1 3 3 3 2 2 4 4 2 1 1 0 0 0 1 1 1 0 0 1
 14 14 24 41 41 39 19 19 9 9 9 9 9 9 14 14 13 13 12 7 7 8 6 6 8 8 4 5 5 5 2 2 1 1 1 1 1 0 2 2 1 1 2 1 1 0
 14 14 24 41 41 39 19 19 9 9 9 9 9 9 14 14 13 13 12 7 7 8 6 6 8 8 4 5 5 5 2 2 1 1 1 1 1 0 2 2 1 1 2 1 1 0
 16 16 14 25 25 32 28 28 11 11 7 8 8 11 14 14 11 11 7 5 5 6 11 11 7 7 9 6 6 4 4 4 3 3 1 0 0 1 1 1 1 1 10 1 1 0
 22 22 18 8 8 15 8 8 21 21 8 5 5 11 9 9 15 15 9 7 7 6 7 7 6 6 2 3 3 5 2 2 0 0 1 4 4 2 2 2 0 0 0 0 0 3
 22 22 18 8 8 15 8 8 21 21 8 5 5 11 9 9 15 15 9 7 7 6 7 7 6 6 2 3 3 5 2 2 0 0 1 4 4 2 2 2 0 0 0 0 0 3
 7 7 9 5 5 11 7 7 12 12 19 5 5 10 12 12 6 6 15 10 10 3 7 7 4 4 4 1 1 2 1 1 0 0 0 0 0 1 0 0 1 1 1 0 0 2
 8 8 6 4 4 6 4 4 24 24 6 3 3 4 7 7 5 5 5 8 8 5 6 6 4 4 4 1 1 2 1 1 6 6 1 0 0 2 1 1 3 3 2 2 2 1
 8 8 6 4 4 6 4 4 24 24 6 3 3 4 7 7 5 5 5 8 8 5 6 6 4 4 4 1 1 2 1 1 6 6 1 0 0 2 1 1 3 3 2 2 2 1
 12 12 7 2 2 4 3 3 5 5 4 3 3 1 2 2 6 6 7 7 7 4 3 3 2 2 2 2 2 1 1 1 2 2 2 2 2 3 2 2 3 3 3 3 3 2
 12 12 7 2 2 4 3 3 5 5 4 3 3 1 2 2 6 6 7 7 7 4 3 3 2 2 2 2 2 1 1 1 2 2 2 2 2 3 2 2 3 3 3 3 3 2
 13 13 2 2 2 5 5 5 5 5 5 3 3 2 2 2 8 8 3 3 3 3 4 4 3 3 1 2 2 1 1 1 2 2 2 3 3 6 2 2 2 2 4 5 5 5
 5 5 4 3 3 2 3 3 3 3 3 3 3 5 7 7 16 16 2 1 1 5 4 4 1 1 1 2 2 5 2 2 4 4 7 3 3 5 4 4 3 3 4 6 6 8
 5 5 4 3 3 2 3 3 3 3 3 3 3 5 7 7 16 16 2 1 1 5 4 4 1 1 1 2 2 5 2 2 4 4 7 3 3 5 4 4 3 3 4 6 6 8
 6 6 4 4 4 3 4 4 3 3 3 5 5 5 5 5 6 6 5 2 2 3 5 5 5 5 2 2 2 7 4 4 2 2 3 5 5 8 7 7 6 6 4 5 5 6
 7 7 5 7 7 7 3 3 4 4 3 3 3 2 4 4 3 3 3 2 2 5 6 6 6 6 3 1 1 3 0 0 2 2 3 5 5 3 6 6 2 2 4 4 4 4
 7 7 5 7 7 7 3 3 4 4 3 3 3 2 4 4 3 3 3 2 2 5 6 6 6 6 3 1 1 3 0 0 2 2 3 5 5 3 6 6 2 2 4 4 4 4
 7 7 6 10 10 6 2 2 2 2 3 2 2 1 1 1 0 0 1 2 2 2 2 2 5 5 3 2 2 1 1 1 1 1 3 3 3 3 4 4 2 2 3 4 4 8
 7 7 6 10 10 6 2 2 2 2 3 2 2 1 1 1 0 0 1 2 2 2 2 2 5 5 3 2 2 1 1 1 1 1 3 3 3 3 4 4 2 2 3 4 4 8
 8 8 6 6 6 2 2 2 2 2 1 1 1 0 0 0 1 1 3 2 2 2 1 1 4 4 4 3 3 3 7 7 3 3 4 3 3 3 2 2 3 3 2 3 3 3
 4 4 4 4 4 3 3 3 2 2 1 1 1 0 0 0 1 1 1 2 2 2 2 2 5 5 8 9 9 13 17 17 9 9 4 3 3 1 4 4 4 4 4 2 2 3
 4 4 4 4 4 3 3 3 2 2 1 1 1 0 0 0 1 1 1 2 2 2 2 2 5 5 8 9 9 13 17 17 9 9 4 3 3 1 4 4 4 4 4 2 2 3
 7 7 8 4 4 3 2 2 2 2 3 0 0 0 0 0 1 1 3 2 2 3 3 3 5 5 7 4 4 7 6 6 7 7 4 2 2 1 3 3 0 0 6 2 2 1
 7 7 8 7 7 6 5 5 4 4 1 1 1 0 1 1 4 4 1 1 1 2 2 2 3 3 5 4 4 2 2 2 5 5 4 3 3 3 0 0 0 0 4 5 5 4
 7 7 8 7 7 6 5 5 4 4 1 1 1 0 1 1 4 4 1 1 1 2 2 2 3 3 5 4 4 2 2 2 5 5 4 3 3 3 0 0 0 0 4 5 5 4
 27 27 30 8 8 8 10 10 3 3 1 0 0 2 0 0 2 2 2 1 1 2 2 2 5 5 7 4 4 1 1 1 2 2 0 4 4 2 5 5 1 1 9 1 1 1
 27 27 30 8 8 8 10 10 3 3 1 0 0 2 0 0 2 2 2 1 1 2 2 2 5 5 7 4 4 1 1 1 2 2 0 4 4 2 5 5 1 1 9 1 1 1
 37 37 17 14 14 11 5 5 3 3 2 1 1 1 1 1 1 1 4 0 0 1 1 1 7 7 4 2 2 1 2 2 1 1 2 1 1 4 3 3 1 1 5 3 3 1
 15 15 10 9 9 15 5 5 4 4 2 1 1 4 3 3 5 5 2 1 1 1 1 1 3 3 3 4 4 2 1 1 1 1 2 2 2 5 8 8 8 8 4 4 4 0
 15 15 10 9 9 15 5 5 4 4 2 1 1 4 3 3 5 5 2 1 1 1 1 1 3 3 3 4 4 2 1 1 1 1 2 2 2 5 8 8 8 8 4 4 4 0
 21 21 10 10 10 6 9 9 5 5 4 4 4 4 8 8 2 2 0 0 0 0 1 1 2 2 4 8 8 2 2 2 2 2 2 3 3 6 6 6 6 6 4 4 4 3
 33 33 18 13 13 12 15 15 14 14 10 11 11 7 7 7 4 4 2 3 3 1 2 2 2 2 6 10 10 7 3 3 5 5 3 3 3 6 6 6 6 6 5 5 5 4
 33 33 18 13 13 12 15 15 14 14 10 11 11 7 7 7 4 4 2 3 3 1 2 2 2 2 6 10 10 7 3 3 5 5 3 3 3 6 6 6 6 6 5 5 5 4
 36 36 30 20 20 19 21 21 21 21 18 14 14 12 12 12 7 7 6 1 1 4 2 2 1 1 3 11 11 9 4 4 3 3 12 9 9 10 6 6 6 6 7 8 8 6
 36 36 30 20 20 19 21 21 21 21 18 14 14 12 12 12 7 7 6 1 1 4 2 2 1 1 3 11 11 9 4 4 3 3 12 9 9 10 6 6 6 6 7 8 8 6
 48 48 45 36 36 51 39 39 28 28 28 18 18 18 16 16 11 11 9 2 2 1 1 1 1 1 5 5 5 8 7 7 4 4 7 18 18 13 18 18 12 12 13 10 10 8
 40 40 70 95 95 65 43 43 42 42 45 26 26 25 21 21 16 16 13 10 10 2 2 2 3 3 5 5 5 6 4 4 4 4 3 5 5 5 14 14 8 8 18 17 17 11
 40 40 70 95 95 65 43 43 42 42 45 26 26 25 21 21 16 16 13 10 10 2 2 2 3 3 5 5 5 6 4 4 4 4 3 5 5 5 14 14 8 8 18 17 17 11
 62 62 61 79 79 50 59 59 68 68 59 45 45 38 17 17 13 13 14 11 11 4 3 3 3 3 1 1 1 4 7 7 9 9 8 8 8 4 13 13 7 7 16 7 7 11
 75 75 83 50 50 48 51 51 71 71 63 51 51 40 28 28 21 21 14 12 12 9 7 7 3 3 2 3 3 5 5 5 6 6 6 3 3 1 9 9 25 25 7 5 5 13
 75 75 83 50 50 48 51 51 71 71 63 51 51 40 28 28 21 21 14 12 12 9 7 7 3 3 2 3 3 5 5 5 6 6 6 3 3 1 9 9 25 25 7 5 5 13
 58 58 61 55 55 50 58 58 62 62 53 47 47 39 36 36 32 32 22 18 18 10 7 7 5 5 5 1 1 5 1 1 3 3 4 2 2 3 2 2 3 3 3 8 8 16
 58 58 61 55 55 50 58 58 62 62 53 47 47 39 36 36 32 32 22 18 18 10 7 7 5 5 5 1 1 5 1 1 3 3 4 2 2 3 2 2 3 3 3 8 8 16
 34 34 36 44 44 38 70 70 53 53 44 41 41 53 38 38 32 32 30 21 21 17 17 17 7 7 5 3 3 1 5 5 3 3 4 4 4 3 3 3 6 6 5 5 5 3
 23 23 42 29 29 36 32 32 47 47 34 48 48 46 39 39 27 27 29 34 34 33 16 16 11 11 8 4 4 1 1 1 4 4 4 2 2 4 5 5 4 4 3 1 1 3
 23 23 42 29 29 36 32 32 47 47 34 48 48 46 39 39 27 27 29 34 34 33 16 16 11 11 8 4 4 1 1 1 4 4 4 2 2 4 5 5 4 4 3 1 1 3
 18 18 23 19 19 37 30 30 33 33 30 30 30 46 28 28 21 21 31 30 30 42 32 32 13 13 7 8 8 5 9 9 4 4 4 3 3 5 10 10 3 3 4 3 3 0
 12 12 21 39 39 27 19 19 27 27 27 23 23 58 23 23 22 22 24 24 24 27 30 30 26 26 9 9 9 8 9 9 7 7 9 11 11 9 6 6 5 5 3 3 3 1
