assets/RAT_results/precipitation/2017-08-29_IMERG.asc
ncols        46
nrows        77
xllcorner    74.800261325624
yllcorner    8.058333333333
cellsize     0.062500000000
NODATA_value -9999
 24 24 26 20 20 4 6 6 6 6 7 6 6 4 5 5 5 5 4 7 7 56 7 7 4 4 2 3 3 2 3 3 1 1 4 3 3 1 0 0 1 1 1 3 3 10
 11 11 17 17 17 10 12 12 6 6 7 6 6 8 5 5 5 5 11 7 7 15 8 8 14 14 5 2 2 3 3 3 4 4 1 3 3 6 5 5 1 1 2 1 1 1
 11 11 17 17 17 10 12 12 6 6 7 6 6 8 5 5 5 5 11 7 7 15 8 8 14 14 5 2 2 3 3 3 4 4 1 3 3 6 5 5 1 1 2 1 1 1
 17 17 18 19 19 15 21 21 9 9 6 8 8 5 7 7 10 10 5 6 6 6 5 5 8 8 5 1 1 4 6 6 3 3 10 4 4 6 2 2 2 2 2 1 1 0
 10 10 30 16 16 23 14 14 12 12 4 3 3 5 5 5 7 7 7 5 5 10 5 5 7 7 3 2 2 0 2 2 1 1 3 13 13 3 3 3 1 1 2 14 14 0
 10 10 30 16 16 23 14 14 12 12 4 3 3 5 5 5 7 7 7 5 5 10 5 5 7 7 3 2 2 0 2 2 1 1 3 13 13 3 3 3 1 1 2 14 14 0
 14 14 12 17 17 16 15 15 14 14 9 6 6 11 8 8 15 15 7 6 6 5 4 4 2 2 5 10 10 2 1 1 3 3 3 4 4 4 1 1 0 0 1 4 4 1
 14 14 12 17 17 16 15 15 14 14 9 6 6 11 8 8 15 15 7 6 6 5 4 4 2 2 5 10 10 2 1 1 3 3 3 4 4 4 1 1 0 0 1 4 4 1
 11 11 14 22 22 17 11 11 10 10 6 7 7 18 13 13 18 18 25 8 8 7 6 6 9 9 4 3 3 1 2 2 2 2 3 4 4 6 1 1 1 1 1 0 0 0
 17 17 15 27 27 15 13 13 13 13 36 8 8 15 20 20 44 44 20 20 20 11 7 7 5 5 11 3 3 3 2 2 3 3 4 2 2 1 2 2 1 1 3 1 1 0
 17 17 15 27 27 15 13 13 13 13 36 8 8 15 20 20 44 44 20 20 20 11 7 7 5 5 11 3 3 3 2 2 3 3 4 2 2 1 2 2 1 1 3 1 1 0
 18 18 15 27 27 18 33 33 56 56 12 7 7 13 8 8 20 20 37 48 48 20 14 14 10 10 7 4 4 4 2 2 5 5 3 2 2 2 4 4 5 5 5 1 1 1
 31 31 22 37 37 24 25 25 18 18 24 11 11 9 4 4 15 15 40 26 26 46 14 14 6 6 3 8 8 5 4 4 3 3 2 2 2 2 4 4 6 6 7 2 2 5
 31 31 22 37 37 24 25 25 18 18 24 11 11 9 4 4 15 15 40 26 26 46 14 14 6 6 3 8 8 5 4 4 3 3 2 2 2 2 4 4 6 6 7 2 2 5
 18 18 24 16 16 17 21 21 57 57 18 27 27 12 6 6 8 8 8 9 9 9 17 17 7 7 11 6 6 13 4 4 5 5 1 2 2 2 6 6 7 7 5 5 5 2
 18 18 24 16 16 17 21 21 57 57 18 27 27 12 6 6 8 8 8 9 9 9 17 17 7 7 11 6 6 13 4 4 5 5 1 2 2 2 6 6 7 7 5 5 5 2
 42 42 33 17 17 14 21 21 53 53 38 19 19 12 7 7 13 13 9 11 11 7 14 14 5 5 6 5 5 2 1 1 2 2 1 2 2 2 4 4 6 6 4 5 5 3
 26 26 28 33 33 13 25 25 22 22 39 21 21 23 9 9 15 15 16 14 14 21 17 17 9 9 9 4 4 1 4 4 1 1 2 3 3 4 4 4 6 6 4 3 3 5
 26 26 28 33 33 13 25 25 22 22 39 21 21 23 9 9 15 15 16 14 14 21 17 17 9 9 9 4 4 1 4 4 1 1 2 3 3 4 4 4 6 6 4 3 3 5
 23 23 28 17 17 19 22 22 34 34 11 22 22 19 21 21 19 19 13 24 24 18 11 11 7 7 9 6 6 4 5 5 3 3 2 7 7 4 4 4 6 6 7 7 7 4
 34 34 19 62 62 18 11 11 13 13 23 32 32 32 27 27 27 27 19 20 20 15 12 12 10 10 8 5 5 4 5 5 4 4 3 8 8 7 5 5 6 6 4 6 6 4
 34 34 19 62 62 18 11 11 13 13 23 32 32 32 27 27 27 27 19 20 20 15 12 12 10 10 8 5 5 4 5 5 4 4 3 8 8 7 5 5 6 6 4 6 6 4
 19 19 26 26 26 32 18 18 30 30 28 26 26 29 68 68 28 28 24 19 19 12 13 13 10 10 8 7 7 6 6 6 5 5 7 5 5 5 3 3 3 3 4 6 6 4
 19 19 26 26 26 32 18 18 30 30 28 26 26 29 68 68 28 28 24 19 19 12 13 13 10 10 8 7 7 6 6 6 5 5 7 5 5 5 3 3 3 3 4 6 6 4
 19 19 27 27 27 24 34 34 35 35 45 77 77 48 54 54 15 15 12 13 13 15 20 20 12 12 9 8 8 10 10 10 6 6 7 5 5 2 4 4 5 5 4 6 6 4
 29 29 17 19 19 22 20 20 29 29 36 42 42 64 44 44 41 41 18 18 18 18 20 20 23 23 23 20 20 12 10 10 12 12 6 13 13 11 8 8 5 5 3 2 2 3
 29 29 17 19 19 22 20 20 29 29 36 42 42 64 44 44 41 41 18 18 18 18 20 20 23 23 23 20 20 12 10 10 12 12 6 13 13 11 8 8 5 5 3 2 2 3
 17 17 19 17 17 22 24 24 27 27 29 38 38 37 37 37 35 35 33 29 29 23 28 28 43 43 50 20 20 10 7 7 8 8 7 11 11 11 5 5 8 8 3 3 3 2
 16 16 24 24 24 32 26 26 27 27 35 36 36 28 41 41 33 33 54 21 21 23 34 34 54 54 40 31 31 15 15 15 9 9 8 11 11 6 6 6 7 7 4 2 2 1
 16 16 24 24 24 32 26 26 27 27 35 36 36 28 41 41 33 33 54 21 21 23 34 34 54 54 40 31 31 15 15 15 9 9 8 11 11 6 6 6 7 7 4 2 2 1
 16 16 21 29 29 62 46 46 31 31 38 45 45 44 47 47 36 36 36 28 28 20 19 19 22 22 17 16 16 13 19 19 11 11 4 5 5 3 3 3 2 2 4 1 1 1
 16 16 21 29 29 62 46 46 31 31 38 45 45 44 47 47 36 36 36 28 28 20 19 19 22 22 17 16 16 13 19 19 11 11 4 5 5 3 3 3 2 2 4 1 1 1
 37 37 34 65 65 130 64 64 54 54 61 70 70 39 39 39 62 62 35 32 32 28 14 14 22 22 23 13 13 18 14 14 5 5 6 3 3 2 2 2 1 1 5 4 4 1
 31 31 56 122 122 145 126 126 59 59 65 55 55 45 33 33 60 60 47 33 33 26 22 22 39 39 18 15 15 9 12 12 9 9 5 4 4 2 2 2 6 6 3 5 5 2
 31 31 56 122 122 145 126 126 59 59 65 55 55 45 33 33 60 60 47 33 33 26 22 22 39 39 18 15 15 9 12 12 9 9 5 4 4 2 2 2 6 6 3 5 5 2
 45 45 54 129 129 133 154 154 50 50 62 45 45 72 109 109 69 69 57 58 58 35 30 30 31 31 23 34 34 16 7 7 15 15 7 8 8 6 5 5 11 11 9 4 4 3
 58 58 80 111 111 79 41 41 19 19 26 60 60 75 96 96 62 62 38 56 56 55 40 40 40 40 24 26 26 17 18 18 29 29 12 12 12 12 8 8 14 14 5 6 6 2
 58 58 80 111 111 79 41 41 19 19 26 60 60 75 96 96 62 62 38 56 56 55 40 40 40 40 24 26 26 17 18 18 29 29 12 12 12 12 8 8 14 14 5 6 6 2
 35 35 38 45 45 41 19 19 42 42 17 27 27 44 56 56 42 42 39 51 51 66 79 79 40 40 48 27 27 25 25 25 30 30 26 21 21 19 16 16 10 10 7 9 9 3
 35 35 38 45 45 41 19 19 42 42 17 27 27 44 56 56 42 42 39 51 51 66 79 79 40 40 48 27 27 25 25 25 30 30 26 21 21 19 16 16 10 10 7 9 9 3
 22 22 32 21 21 25 16 16 18 18 21 32 32 38 23 23 40 40 58 38 38 41 44 44 32 32 31 34 34 27 31 31 39 39 36 22 22 24 19 19 12 12 13 10 10 5
 13 13 13 19 19 18 14 14 24 24 18 23 23 13 23 23 13 13 21 23 23 27 30 30 20 20 22 22 22 26 29 29 54 54 54 23 23 19 18 18 12 12 14 12 12 9
 13 13 13 19 19 18 14 14 24 24 18 23 23 13 23 23 13 13 21 23 23 27 30 30 20 20 22 22 22 26 29 29 54 54 54 23 23 19 18 18 12 12 14 12 12 9
 14 14 33 17 17 24 18 18 19 19 30 21 21 26 13 13 17 17 17 17 17 22 17 17 14 14 9 14 14 21 20 20 15 15 13 14 14 13 9 9 8 8 7 8 8 3
 9 9 40 14 14 15 13 13 19 19 27 40 40 12 15 15 19 19 12 18 18 12 18 18 19 19 14 9 9 9 12 12 8 8 8 6 6 7 4 4 4 4 6 5 5 7
 9 9 40 14 14 15 13 13 19 19 27 40 40 12 15 15 19 19 12 18 18 12 18 18 19 19 14 9 9 9 12 12 8 8 8 6 6 7 4 4 4 4 6 5 5 7
 22 22 27 20 20 21 34 34 24 24 27 23 23 22 12 12 12 12 9 9 9 14 11 11 9 9 7 6 6 5 6 6 7 7 4 4 4 3 4 4 5 5 3 5 5 2
 22 22 27 20 20 21 34 34 24 24 27 23 23 22 12 12 12 12 9 9 9 14 11 11 9 9 7 6 6 5 6 6 7 7 4 4 4 3 4 4 5 5 3 5 5 2
 21 21 25 19 19 24 19 19 24 24 21 19 19 17 17 17 13 13 17 12 12 21 8 8 12 12 12 10 10 9 12 12 10 10 4 4 4 9 4 4 8 8 9 4 4 2
 15 15 17 15 15 17 18 18 19 19 18 18 18 19 30 30 16 16 14 17 17 13 10 10 23 23 14 14 14 12 12 12 11 11 5 7 7 4 5 5 7 7 10 6 6 2
 15 15 17 15 15 17 18 18 19 19 18 18 18 19 30 30 16 16 14 17 17 13 10 10 23 23 14 14 14 12 12 12 11 11 5 7 7 4 5 5 7 7 10 6 6 2
 14 14 17 25 25 15 17 17 18 18 23 14 14 12 12 12 14 14 18 18 18 13 13 13 17 17 15 14 14 13 14 14 10 10 11 12 12 9 7 7 6 6 4 3 3 6
 44 44 28 33 33 18 18 18 18 18 18 11 11 9 46 46 16 16 20 17 17 17 17 17 18 18 20 16 16 19 18 18 24 24 14 17 17 8 5 5 2 2 8 7 7 6
 44 44 28 33 33 18 18 18 18 18 18 11 11 9 46 46 16 16 20 17 17 17 17 17 18 18 20 16 16 19 18 18 24 24 14 17 17 8 5 5 2 2 8 7 7 6
 19 19 17 33 33 21 20 20 18 18 15 11 11 13 21 21 17 17 18 14 14 11 20 20 17 17 18 19 19 18 23 23 22 22 15 21 21 12 5 5 2 2 7 6 6 7
 19 19 17 33 33 21 20 20 18 18 15 11 11 13 21 21 17 17 18 14 14 11 20 20 17 17 18 19 19 18 23 23 22 22 15 21 21 12 5 5 2 2 7 6 6 7
 50 50 26 37 37 29 18 18 24 24 20 14 14 11 12 12 11 11 17 8 8 12 15 15 14 14 26 16 16 20 22 22 29 29 16 7 7 11 5 5 7 7 7 8 8 3
 26 26 20 23 23 21 19 19 19 19 21 17 17 15 14 14 10 10 6 6 6 11 8 8 8 8 11 12 12 14 11 11 12 12 11 7 7 3 10 10 9 9 10 8 8 3
 26 26 20 23 23 21 19 19 19 19 21 17 17 15 14 14 10 10 6 6 6 11 8 8 8 8 11 12 12 14 11 11 12 12 11 7 7 3 10 10 9 9 10 8 8 3
 19 19 35 12 12 15 16 16 14 14 19 15 15 12 10 10 9 9 7 5 5 5 7 7 7 7 11 11 11 9 6 6 3 3 3 8 8 3 8 8 10 10 9 5 5 8
 10 10 13 12 12 8 7 7 10 10 10 13 13 11 9 9 9 9 12 11 11 10 13 13 10 10 11 16 16 11 7 7 9 9 6 3 3 2 3 3 4 4 2 2 2 3
 10 10 13 12 12 8 7 7 10 10 10 13 13 11 9 9 9 9 12 11 11 10 13 13 10 10 11 16 16 11 7 7 9 9 6 3 3 2 3 3 4 4 2 2 2 3
 13 13 10 9 9 8 8 8 8 8 8 10 10 11 9 9 11 11 9 7 7 14 12 12 16 16 21 25 25 16 11 11 10 10 14 7 7 7 4 4 10 10 4 3 3 2
 13 13 10 9 9 8 8 8 8 8 8 10 10 11 9 9 11 11 9 7 7 14 12 12 16 16 21 25 25 16 11 11 10 10 14 7 7 7 4 4 10 10 4 3 3 2
 9 9 7 6 6 8 8 8 9 9 7 10 10 13 9 9 12 12 9 15 15 19 12 12 15 15 19 15 15 23 14 14 12 12 14 16 16 6 5 5 8 8 12 3 3 6
 9 9 7 7 7 7 8 8 8 8 9 9 9 12 11 11 9 9 8 16 16 15 15 15 20 20 20 16 16 22 14 14 9 9 10 7 7 7 6 6 7 7 7 9 9 5
 9 9 7 7 7 7 8 8 8 8 9 9 9 12 11 11 9 9 8 16 16 15 15 15 20 20 20 16 16 22 14 14 9 9 10 7 7 7 6 6 7 7 7 9 9 5
 6 6 8 8 8 7 8 8 8 8 7 11 11 11 14 14 24 24 20 19 19 14 21 21 13 13 10 11 11 13 15 15 14 14 6 4 4 5 4 4 5 5 13 13 13 11
 13 13 8 9 9 11 11 11 9 9 9 9 9 11 16 16 18 18 18 10 10 16 16 16 10 10 9 10 10 14 14 14 10 10 6 6 6 1 2 2 4 4 11 11 11 12
 13 13 8 9 9 11 11 11 9 9 9 9 9 11 16 16 18 18 18 10 10 16 16 16 10 10 9 10 10 14 14 14 10 10 6 6 6 1 2 2 4 4 11 11 11 12
 10 10 10 12 12 11 11 11 13 13 11 13 13 14 14 14 21 21 15 11 11 7 6 6 6 6 8 11 11 5 6 6 6 6 8 3 3 2 2 2 1 1 7 9 9 12
 10 10 10 12 12 11 11 11 13 13 11 13 13 14 14 14 21 21 15 11 11 7 6 6 6 6 8 11 11 5 6 6 6 6 8 3 3 2 2 2 1 1 7 9 9 12
 20 20 14 19 19 13 8 8 17 17 10 12 12 11 15 15 14 14 12 20 20 10 3 3 6 6 9 11 11 7 10 10 7 7 11 12 12 10 16 16 1 1 4 5 5 6
 18 18 12 16 16 10 12 12 5 5 5 7 7 5 6 6 7 7 7 7 7 8 8 8 5 5 10 7 7 4 4 4 8 8 8 6 6 11 7 7 3 3 5 5 5 0
 18 18 12 16 16 10 12 12 5 5 5 7 7 5 6 6 7 7 7 7 7 8 8 8 5 5 10 7 7 4 4 4 8 8 8 6 6 11 7 7 3 3 5 5 5 0
 12 12 12 10 10 14 11 11 17 17 15 4 4 9 5 5 4 4 8 6 6 7 3 3 5 5 7 8 8 9 3 3 4 4 6 5 5 6 4 4 6 6 8 1 1 2
 18 18 7 14 14 13 11 11 9 9 6 9 9 8 5 5 7 7 5 4 4 3 3 3 5 5 5 9 9 9 2 2 1 1 2 11 11 6 2 2 3 3 6 1 1 2
