assets/RAT_results/precipitation/2017-08-31_IMERG.asc
ncols        46
nrows        77
xllcorner    74.800261325624
yllcorner    8.058333333333
cellsize     0.062500000000
NODATA_value -9999
 3 3 2 0 0 0 0 0 0 0 0 0 0 0 1 1 0 0 0 0 0 1 1 1 2 2 5 4 4 7 15 15 15 15 18 9 9 11 8 8 10 10 23 15 15 14
 1 1 2 0 0 1 0 0 0 0 0 0 0 0 0 0 0 0 0 0 0 1 1 1 1 1 3 3 3 6 8 8 8 8 12 22 22 15 16 16 19 19 30 13 13 12
 1 1 2 0 0 1 0 0 0 0 0 0 0 0 0 0 0 0 0 0 0 1 1 1 1 1 3 3 3 6 8 8 8 8 12 22 22 15 16 16 19 19 30 13 13 12
 1 1 1 0 0 0 1 1 0 0 0 0 0 2 1 1 0 0 1 1 1 1 1 1 1 1 1 1 1 4 6 6 7 7 8 12 12 12 10 10 10 10 18 23 23 23
 0 0 1 1 1 0 0 0 1 1 0 0 0 2 2 2 0 0 1 0 0 0 0 0 0 0 0 1 1 3 4 4 5 5 6 8 8 8 12 12 14 14 17 38 38 29
 0 0 1 1 1 0 0 0 1 1 0 0 0 2 2 2 0 0 1 0 0 0 0 0 0 0 0 1 1 3 4 4 5 5 6 8 8 8 12 12 14 14 17 38 38 29
 0 0 0 2 2 1 1 1 0 0 0 0 0 0 0 0 2 2 1 0 0 0 0 0 0 0 0 1 1 1 1 1 2 2 2 3 3 4 10 10 10 10 13 29 29 18
 0 0 0 2 2 1 1 1 0 0 0 0 0 0 0 0 2 2 1 0 0 0 0 0 0 0 0 1 1 1 1 1 2 2 2 3 3 4 10 10 10 10 13 29 29 18
 0 0 0 1 1 1 0 0 0 0 0 0 0 0 2 2 3 3 1 0 0 0 0 0 0 0 0 0 0 0 1 1 1 1 1 2 2 5 3 3 3 3 9 8 8 8
 0 0 1 1 1 2 1 1 0 0 0 0 0 1 1 1 4 4 0 0 0 1 1 1 0 0 0 0 0 0 1 1 0 0 0 1 1 2 2 2 2 2 6 5 5 7
 0 0 1 1 1 2 1 1 0 0 0 0 0 1 1 1 4 4 0 0 0 1 1 1 0 0 0 0 0 0 1 1 0 0 0 1 1 2 2 2 2 2 6 5 5 7
 0 0 0 0 0 1 1 1 0 0 0 0 0 0 0 0 2 2 3 2 2 0 1 1 0 0 0 0 0 0 0 0 0 0 0 0 0 0 0 0 1 1 2 5 5 4
 0 0 0 0 0 1 1 1 0 0 1 0 0 0 0 0 1 1 5 1 1 0 0 0 0 0 0 0 0 0 0 0 0 0 0 0 0 0 0 0 1 1 2 3 3 5
 0 0 0 0 0 1 1 1 0 0 1 0 0 0 0 0 1 1 5 1 1 0 0 0 0 0 0 0 0 0 0 0 0 0 0 0 0 0 0 0 1 1 2 3 3 5
 0 0 0 0 0 0 1 1 1 1 1 0 0 0 0 0 0 0 1 1 1 1 0 0 0 0 0 0 0 0 0 0 0 0 0 0 0 0 0 0 0 0 0 0 0 1
 0 0 0 0 0 0 1 1 1 1 1 0 0 0 0 0 0 0 1 1 1 1 0 0 0 0 0 0 0 0 0 0 0 0 0 0 0 0 0 0 0 0 0 0 0 1
 0 0 0 0 0 0 0 0 1 1 1 0 0 0 0 0 0 0 0 2 2 0 0 0 0 0 0 0 0 0 0 0 0 0 0 0 0 0 3 3 1 1 0 0 0 0
 0 0 0 0 0 0 0 0 0 0 1 1 1 0 0 0 0 0 0 0 0 0 0 0 0 0 0 0 0 0 0 0 0 0 0 0 0 0 3 3 2 2 2 0 0 0
 0 0 0 0 0 0 0 0 0 0 1 1 1 0 0 0 0 0 0 0 0 0 0 0 0 0 0 0 0 0 0 0 0 0 0 0 0 0 3 3 2 2 2 0 0 0
 0 0 0 0 0 0 0 0 0 0 0 1 1 1 0 0 0 0 0 0 0 0 0 0 0 0 0 0 0 0 0 0 0 0 0 0 0 0 1 1 1 1 0 0 0 0
 0 0 0 0 0 0 0 0 0 0 0 1 1 1 1 1 1 1 0 0 0 0 0 0 0 0 0 0 0 0 1 1 0 0 1 0 0 0 0 0 0 0 0 0 0 0
 0 0 0 0 0 0 0 0 0 0 0 1 1 1 1 1 1 1 0 0 0 0 0 0 0 0 0 0 0 0 1 1 0 0 1 0 0 0 0 0 0 0 0 0 0 0
 0 0 0 0 0 0 0 0 0 0 1 1 1 1 1 1 1 1 0 0 0 0 0 0 0 0 0 0 0 1 0 0 1 1 1 0 0 0 0 0 0 0 0 0 0 0
 0 0 0 0 0 0 0 0 0 0 1 1 1 1 1 1 1 1 0 0 0 0 0 0 0 0 0 0 0 1 0 0 1 1 1 0 0 0 0 0 0 0 0 0 0 0
 1 1 0 0 0 0 0 0 0 0 1 1 1 1 1 1 2 2 0 0 0 0 0 0 0 0 0 0 0 4 3 3 0 0 0 0 0 0 0 0 0 0 0 0 0 0
 1 1 1 0 0 0 0 0 0 0 0 1 1 0 1 1 1 1 0 0 0 0 0 0 0 0 0 1 1 4 0 0 0 0 0 0 0 0 0 0 0 0 0 0 0 0
 1 1 1 0 0 0 0 0 0 0 0 1 1 0 1 1 1 1 0 0 0 0 0 0 0 0 0 1 1 4 0 0 0 0 0 0 0 0 0 0 0 0 0 0 0 0
 1 1 0 0 0 0 0 0 0 0 0 0 0 0 0 0 1 1 1 1 1 1 1 1 1 1 1 1 1 1 1 1 0 0 0 0 0 0 0 0 0 0 1 0 0 1
 0 0 0 0 0 0 0 0 0 0 0 0 0 1 1 1 2 2 2 2 2 2 1 1 1 1 1 0 0 0 0 0 0 0 0 0 0 1 1 1 1 1 0 0 0 2
 0 0 0 0 0 0 0 0 0 0 0 0 0 1 1 1 2 2 2 2 2 2 1 1 1 1 1 0 0 0 0 0 0 0 0 0 0 1 1 1 1 1 0 0 0 2
 0 0 0 0 0 0 0 0 1 1 0 1 1 1 1 1 2 2 2 1 1 1 1 1 1 1 0 0 0 0 0 0 0 0 0 0 0 0 0 0 0 0 0 0 0 0
 0 0 0 0 0 0 0 0 1 1 0 1 1 1 1 1 2 2 2 1 1 1 1 1 1 1 0 0 0 0 0 0 0 0 0 0 0 0 0 0 0 0 0 0 0 0
 0 0 0 0 0 0 0 0 1 1 0 0 0 1 0 0 1 1 3 1 1 1 1 1 1 1 0 0 0 0 0 0 0 0 0 0 0 0 0 0 0 0 0 0 0 0
 0 0 0 0 0 0 1 1 1 1 0 0 0 0 0 0 0 0 2 2 2 1 1 1 1 1 1 0 0 0 0 0 0 0 0 0 0 0 0 0 0 0 0 0 0 0
 0 0 0 0 0 0 1 1 1 1 0 0 0 0 0 0 0 0 2 2 2 1 1 1 1 1 1 0 0 0 0 0 0 0 0 0 0 0 0 0 0 0 0 0 0 0
 0 0 0 0 0 0 1 1 0 0 0 0 0 0 0 0 0 0 1 1 1 1 1 1 1 1 0 0 0 0 0 0 0 0 1 0 0 0 0 0 0 0 0 0 0 0
 1 1 0 0 0 0 0 0 0 0 0 1 1 1 1 1 1 1 1 2 2 2 1 1 1 1 1 1 1 1 1 1 1 1 1 1 1 0 0 0 0 0 0 0 0 0
 1 1 0 0 0 0 0 0 0 0 0 1 1 1 1 1 1 1 1 2 2 2 1 1 1 1 1 1 1 1 1 1 1 1 1 1 1 0 0 0 0 0 0 0 0 0
 0 0 1 0 0 0 0 0 0 0 1 1 1 1 2 2 3 3 3 3 3 3 3 3 2 2 2 2 2 2 2 2 2 2 2 2 2 2 1 1 1 1 0 1 1 1
 0 0 1 0 0 0 0 0 0 0 1 1 1 1 2 2 3 3 3 3 3 3 3 3 2 2 2 2 2 2 2 2 2 2 2 2 2 2 1 1 1 1 0 1 1 1
 0 0 0 0 0 0 0 0 0 0 1 2 2 1 1 1 2 2 3 5 5 6 6 6 6 6 6 5 5 4 5 5 5 5 4 5 5 5 4 4 3 3 1 0 0 0
 0 0 1 0 0 0 0 0 1 1 1 1 1 1 1 1 1 1 5 2 2 7 11 11 8 8 9 8 8 9 9 9 8 8 9 9 9 10 8 8 9 9 8 2 2 0
 0 0 1 0 0 0 0 0 1 1 1 1 1 1 1 1 1 1 5 2 2 7 11 11 8 8 9 8 8 9 9 9 8 8 9 9 9 10 8 8 9 9 8 2 2 0
 1 1 0 0 0 0 1 1 1 1 1 1 1 2 1 1 2 2 2 2 2 9 10 10 8 8 12 9 9 9 8 8 12 12 12 12 12 12 11 11 9 9 7 3 3 1
 0 0 0 1 1 1 1 1 2 2 3 4 4 5 5 5 3 3 2 2 2 9 16 16 12 12 12 9 9 8 10 10 13 13 14 15 15 16 14 14 13 13 9 6 6 4
 0 0 0 1 1 1 1 1 2 2 3 4 4 5 5 5 3 3 2 2 2 9 16 16 12 12 12 9 9 8 10 10 13 13 14 15 15 16 14 14 13 13 9 6 6 4
 0 0 1 0 0 0 1 1 1 1 2 2 2 5 6 6 5 5 8 8 8 9 10 10 11 11 14 13 13 13 13 13 13 13 14 18 18 19 17 17 16 16 16 18 18 15
 0 0 1 0 0 0 1 1 1 1 2 2 2 5 6 6 5 5 8 8 8 9 10 10 11 11 14 13 13 13 13 13 13 13 14 18 18 19 17 17 16 16 16 18 18 15
 0 0 1 1 1 1 1 1 1 1 3 3 3 6 6 6 5 5 11 13 13 14 12 12 12 12 13 11 11 13 15 15 18 18 18 19 19 19 29 29 20 20 34 32 32 20
 0 0 1 1 1 1 1 1 1 1 3 3 3 7 7 7 12 12 12 13 13 13 12 12 20 20 13 16 16 16 14 14 15 15 31 27 27 29 34 34 42 42 41 42 42 30
 0 0 1 1 1 1 1 1 1 1 3 3 3 7 7 7 12 12 12 13 13 13 12 12 20 20 13 16 16 16 14 14 15 15 31 27 27 29 34 34 42 42 41 42 42 30
 1 1 1 1 1 1 1 1 1 1 4 4 4 8 7 7 15 15 15 16 16 17 15 15 19 19 15 18 18 20 19 19 32 32 24 36 36 49 52 52 47 47 47 39 39 44
 1 1 1 2 2 1 1 1 1 1 2 6 6 7 12 12 12 12 15 17 17 21 17 17 23 23 20 18 18 19 20 20 27 27 29 38 38 38 52 52 47 47 72 22 22 20
 1 1 1 2 2 1 1 1 1 1 2 6 6 7 12 12 12 12 15 17 17 21 17 17 23 23 20 18 18 19 20 20 27 27 29 38 38 38 52 52 47 47 72 22 22 20
 1 1 1 2 2 2 1 1 2 2 3 7 7 7 13 13 13 13 16 19 19 20 18 18 25 25 31 31 31 26 22 22 35 35 38 38 38 41 54 54 54 54 47 23 23 24
 1 1 1 2 2 2 1 1 2 2 3 7 7 7 13 13 13 13 16 19 19 20 18 18 25 25 31 31 31 26 22 22 35 35 38 38 38 41 54 54 54 54 47 23 23 24
 3 3 1 3 3 2 2 2 5 5 6 12 12 11 14 14 14 14 16 16 16 17 17 17 23 23 28 27 27 33 32 32 33 33 38 44 44 47 47 47 63 63 42 36 36 30
 4 4 4 4 4 3 3 3 6 6 6 11 11 11 14 14 14 14 16 17 17 17 18 18 21 21 38 34 34 35 35 35 42 42 34 39 39 42 44 44 42 42 41 48 48 48
 4 4 4 4 4 3 3 3 6 6 6 11 11 11 14 14 14 14 16 17 17 17 18 18 21 21 38 34 34 35 35 35 42 42 34 39 39 42 44 44 42 42 41 48 48 48
 4 4 5 3 3 4 4 4 4 4 5 2 2 11 11 11 14 14 15 17 17 18 18 18 23 23 38 39 39 33 39 39 36 36 33 36 36 46 38 38 42 42 47 49 49 42
 6 6 6 5 5 5 3 3 4 4 3 2 2 6 7 7 14 14 14 17 17 17 21 21 22 22 25 31 31 33 36 36 33 33 45 43 43 43 39 39 39 39 48 57 57 136
 6 6 6 5 5 5 3 3 4 4 3 2 2 6 7 7 14 14 14 17 17 17 21 21 22 22 25 31 31 33 36 36 33 33 45 43 43 43 39 39 39 39 48 57 57 136
 8 8 6 7 7 5 4 4 3 3 3 2 2 6 2 2 11 11 11 17 17 17 21 21 14 14 21 32 32 33 33 33 32 32 42 38 38 46 45 45 49 49 45 57 57 135
 8 8 6 7 7 5 4 4 3 3 3 2 2 6 2 2 11 11 11 17 17 17 21 21 14 14 21 32 32 33 33 33 32 32 42 38 38 46 45 45 49 49 45 57 57 135
 8 8 8 7 7 5 4 4 3 3 2 4 4 3 2 2 11 11 12 5 5 6 12 12 13 13 20 20 20 31 32 32 43 43 43 43 43 45 51 51 52 52 40 44 44 38
 8 8 10 10 10 8 5 5 4 4 2 2 2 5 2 2 3 3 4 4 4 6 6 6 9 9 14 16 16 25 30 30 41 41 36 38 38 39 55 55 50 50 49 51 51 24
 8 8 10 10 10 8 5 5 4 4 2 2 2 5 2 2 3 3 4 4 4 6 6 6 9 9 14 16 16 25 30 30 41 41 36 38 38 39 55 55 50 50 49 51 51 24
 10 10 9 17 17 6 5 5 5 5 2 2 2 4 3 3 3 3 3 4 4 5 6 6 7 7 9 14 14 24 32 32 33 33 35 33 33 37 56 56 74 74 62 36 36 33
 9 9 11 28 28 9 7 7 4 4 4 3 3 4 4 4 3 3 3 4 4 5 6 6 7 7 8 13 13 15 27 27 34 34 37 30 30 29 52 52 54 54 53 57 57 35
 9 9 11 28 28 9 7 7 4 4 4 3 3 4 4 4 3 3 3 4 4 5 6 6 7 7 8 13 13 15 27 27 34 34 37 30 30 29 52 52 54 54 53 57 57 35
 11 11 10 27 27 16 7 7 4 4 3 4 4 3 4 4 4 4 4 4 4 5 6 6 7 7 7 8 8 9 22 22 21 21 30 35 35 41 86 86 87 87 59 58 58 31
 11 11 10 27 27 16 7 7 4 4 3 4 4 3 4 4 4 4 4 4 4 5 6 6 7 7 7 8 8 9 22 22 21 21 30 35 35 41 86 86 87 87 59 58 58 31
 9 9 9 10 10 16 8 8 3 3 6 3 3 4 4 4 5 5 6 6 6 7 9 9 9 9 9 10 10 10 11 11 12 12 28 27 27 34 15 15 22 22 16 19 19 11
 8 8 6 8 8 10 9 9 3 3 3 3 3 4 5 5 7 7 6 7 7 9 12 12 13 13 11 10 10 11 13 13 13 13 10 10 10 22 18 18 16 16 5 9 9 2
 8 8 6 8 8 10 9 9 3 3 3 3 3 4 5 5 7 7 6 7 7 9 12 12 13 13 11 10 10 11 13 13 13 13 10 10 10 22 18 18 16 16 5 9 9 2
 7 7 12 8 8 6 4 4 2 2 2 2 2 2 4 4 5 5 5 6 6 9 12 12 12 12 11 9 9 11 13 13 14 14 13 10 10 9 15 15 10 10 4 1 1 1
 4 4 6 6 6 6 5 5 3 3 2 2 2 2 3 3 4 4 4 5 5 7 9 9 9 9 8 9 9 12 14 14 14 14 12 10 10 10 8 8 3 3 5 1 1 1
