assets/RAT_results/precipitation/2017-07-18_IMERG.asc
ncols        46
nrows        77
xllcorner    74.800261325624
yllcorner    8.058333333333
cellsize     0.062500000000
NODATA_value -9999
 37 37 33 44 44 33 55 55 19 19 17 10 10 9 10 10 12 12 6 4 4 5 3 3 8 8 2 2 2 3 2 2 1 1 6 1 1 1 1 1 1 1 1 0 0 1
 46 46 52 28 28 30 24 24 21 21 13 13 13 12 7 7 9 9 10 6 6 6 8 8 5 5 4 9 9 3 3 3 4 4 3 1 1 2 1 1 1 1 0 0 0 0
 46 46 52 28 28 30 24 24 21 21 13 13 13 12 7 7 9 9 10 6 6 6 8 8 5 5 4 9 9 3 3 3 4 4 3 1 1 2 1 1 1 1 0 0 0 0
 36 36 32 46 46 32 23 23 25 25 25 34 34 24 21 21 15 15 6 15 15 11 9 9 2 2 2 3 3 2 2 2 1 1 1 2 2 1 1 1 0 0 0 0 0 1
 15 15 26 32 32 34 26 26 56 56 35 35 35 30 35 35 14 14 11 7 7 7 12 12 10 10 4 6 6 2 2 2 4 4 2 1 1 1 4 4 1 1 0 0 0 1
 15 15 26 32 32 34 26 26 56 56 35 35 35 30 35 35 14 14 11 7 7 7 12 12 10 10 4 6 6 2 2 2 4 4 2 1 1 1 4 4 1 1 0 0 0 1
 14 14 29 36 36 38 19 19 116 116 100 54 54 33 25 25 12 12 8 10 10 7 6 6 6 6 5 4 4 2 3 3 7 7 3 1 1 3 2 2 0 0 1 4 4 3
 14 14 29 36 36 38 19 19 116 116 100 54 54 33 25 25 12 12 8 10 10 7 6 6 6 6 5 4 4 2 3 3 7 7 3 1 1 3 2 2 0 0 1 4 4 3
 11 11 53 27 27 23 30 30 21 21 30 43 43 28 20 20 12 12 7 4 4 5 3 3 4 4 5 3 3 2 4 4 5 5 4 3 3 2 2 2 0 0 2 0 0 0
 6 6 6 11 11 16 9 9 7 7 45 15 15 26 16 16 10 10 4 5 5 3 2 2 4 4 8 1 1 4 7 7 3 3 2 0 0 0 0 0 0 0 0 0 0 0
 6 6 6 11 11 16 9 9 7 7 45 15 15 26 16 16 10 10 4 5 5 3 2 2 4 4 8 1 1 4 7 7 3 3 2 0 0 0 0 0 0 0 0 0 0 0
 1 1 3 8 8 7 9 9 7 7 10 7 7 23 12 12 8 8 7 16 16 9 5 5 7 7 3 5 5 2 2 2 0 0 0 0 0 0 1 1 0 0 0 0 0 0
 2 2 2 2 2 4 6 6 7 7 8 15 15 18 14 14 16 16 15 19 19 7 3 3 5 5 4 5 5 2 2 2 0 0 0 0 0 0 1 1 0 0 0 0 0 0
 2 2 2 2 2 4 6 6 7 7 8 15 15 18 14 14 16 16 15 19 19 7 3 3 5 5 4 5 5 2 2 2 0 0 0 0 0 0 1 1 0 0 0 0 0 0
 3 3 2 1 1 4 10 10 6 6 10 18 18 25 20 20 9 9 37 22 22 10 2 2 1 1 3 2 2 2 1 1 0 0 0 0 0 0 0 0 0 0 0 0 0 0
 3 3 2 1 1 4 10 10 6 6 10 18 18 25 20 20 9 9 37 22 22 10 2 2 1 1 3 2 2 2 1 1 0 0 0 0 0 0 0 0 0 0 0 0 0 0
 2 2 4 3 3 3 9 9 7 7 11 8 8 15 9 9 16 16 16 11 11 6 1 1 1 1 1 3 3 0 0 0 0 0 0 0 0 0 0 0 0 0 0 0 0 0
 2 2 3 6 6 7 8 8 6 6 8 13 13 11 17 17 14 14 13 8 8 3 4 4 4 4 2 0 0 1 0 0 0 0 0 0 0 0 0 0 0 0 1 0 0 0
 2 2 3 6 6 7 8 8 6 6 8 13 13 11 17 17 14 14 13 8 8 3 4 4 4 4 2 0 0 1 0 0 0 0 0 0 0 0 0 0 0 0 1 0 0 0
 1 1 2 4 4 2 7 7 5 5 5 10 10 17 45 45 23 23 18 15 15 7 11 11 11 11 9 1 1 1 0 0 0 0 0 0 0 0 0 0 0 0 0 0 0 0
 2 2 2 6 6 4 16 16 5 5 6 4 4 5 14 14 27 27 19 19 19 10 12 12 11 11 7 3 3 2 0 0 0 0 1 0 0 0 0 0 0 0 0 0 0 0
 2 2 2 6 6 4 16 16 5 5 6 4 4 5 14 14 27 27 19 19 19 10 12 12 11 11 7 3 3 2 0 0 0 0 1 0 0 0 0 0 0 0 0 0 0 0
 3 3 3 6 6 4 2 2 5 5 5 2 2 9 14 14 17 17 18 17 17 10 9 9 10 10 7 5 5 1 1 1 1 1 1 0 0 0 0 0 0 0 0 0 0 0
 3 3 3 6 6 4 2 2 5 5 5 2 2 9 14 14 17 17 18 17 17 10 9 9 10 10 7 5 5 1 1 1 1 1 1 0 0 0 0 0 0 0 0 0 0 0
 1 1 4 4 4 1 2 2 2 2 3 4 4 6 7 7 9 9 13 12 12 8 9 9 11 11 6 3 3 3 1 1 0 0 0 0 0 0 0 0 0 0 0 0 0 0
 1 1 5 5 5 4 2 2 3 3 3 1 1 3 5 5 6 6 14 4 4 6 1 1 5 5 5 4 4 1 0 0 0 0 0 0 0 1 1 1 0 0 0 0 0 0
 1 1 5 5 5 4 2 2 3 3 3 1 1 3 5 5 6 6 14 4 4 6 1 1 5 5 5 4 4 1 0 0 0 0 0 0 0 1 1 1 0 0 0 0 0 0
 1 1 4 6 6 6 6 6 2 2 2 2 2 4 4 4 9 9 24 10 10 4 1 1 5 5 1 3 3 2 1 1 1 1 1 1 1 1 1 1 1 1 0 0 0 0
 2 2 5 5 5 5 2 2 5 5 5 3 3 6 5 5 13 13 22 8 8 5 4 4 8 8 15 12 12 5 3 3 1 1 1 1 1 1 1 1 0 0 1 0 0 0
 2 2 5 5 5 5 2 2 5 5 5 3 3 6 5 5 13 13 22 8 8 5 4 4 8 8 15 12 12 5 3 3 1 1 1 1 1 1 1 1 0 0 1 0 0 0
 2 2 3 3 3 4 4 4 4 4 3 6 6 9 3 3 11 11 15 17 17 14 9 9 14 14 18 15 15 6 4 4 2 2 1 2 2 1 1 1 1 1 1 0 0 0
 2 2 3 3 3 4 4 4 4 4 3 6 6 9 3 3 11 11 15 17 17 14 9 9 14 14 18 15 15 6 4 4 2 2 1 2 2 1 1 1 1 1 1 0 0 0
 2 2 2 2 2 4 4 4 2 2 2 4 4 6 7 7 10 10 11 12 12 12 17 17 21 21 30 16 16 11 9 9 6 6 4 3 3 1 1 1 1 1 1 0 0 0
 1 1 1 1 1 1 2 2 6 6 2 4 4 6 8 8 12 12 9 10 10 11 13 13 18 18 21 26 26 13 8 8 4 4 3 1 1 0 1 1 1 1 1 0 0 0
 1 1 1 1 1 1 2 2 6 6 2 4 4 6 8 8 12 12 9 10 10 11 13 13 18 18 21 26 26 13 8 8 4 4 3 1 1 0 1 1 1 1 1 0 0 0
 0 0 0 1 1 1 1 1 1 1 2 1 1 1 2 2 6 6 8 10 10 12 23 23 23 23 21 8 8 12 8 8 13 13 3 2 2 0 0 0 0 0 0 0 0 0
 1 1 2 1 1 1 1 1 2 2 1 1 1 1 1 1 6 6 5 12 12 14 19 19 21 21 22 14 14 8 3 3 2 2 0 0 0 0 0 0 0 0 0 0 0 0
 1 1 2 1 1 1 1 1 2 2 1 1 1 1 1 1 6 6 5 12 12 14 19 19 21 21 22 14 14 8 3 3 2 2 0 0 0 0 0 0 0 0 0 0 0 0
 0 0 0 0 0 0 0 0 1 1 1 1 1 1 1 1 2 2 6 13 13 7 15 15 8 8 16 22 22 3 9 9 2 2 1 5 5 2 0 0 0 0 0 0 0 1
 0 0 0 0 0 0 0 0 1 1 1 1 1 1 1 1 2 2 6 13 13 7 15 15 8 8 16 22 22 3 9 9 2 2 1 5 5 2 0 0 0 0 0 0 0 1
 0 0 0 0 0 0 0 0 0 0 1 1 1 1 1 1 1 1 4 8 8 14 12 12 11 11 10 8 8 5 5 5 2 2 4 2 2 1 2 2 0 0 1 0 0 1
 0 0 0 0 0 0 0 0 0 0 0 0 0 0 1 1 1 1 15 3 3 11 7 7 9 9 5 13 13 5 2 2 1 1 5 2 2 4 2 2 1 1 1 1 1 1
 0 0 0 0 0 0 0 0 0 0 0 0 0 0 1 1 1 1 15 3 3 11 7 7 9 9 5 13 13 5 2 2 1 1 5 2 2 4 2 2 1 1 1 1 1 1
 0 0 0 0 0 0 0 0 0 0 1 0 0 0 0 0 0 0 1 3 3 7 5 5 4 4 1 1 1 2 1 1 3 3 3 3 3 4 3 3 1 1 1 1 1 1
 0 0 0 0 0 0 0 0 0 0 0 1 1 0 0 0 0 0 1 3 3 4 1 1 2 2 1 1 1 2 1 1 1 1 3 4 4 6 6 6 3 3 2 1 1 0
 0 0 0 0 0 0 0 0 0 0 0 1 1 0 0 0 0 0 1 3 3 4 1 1 2 2 1 1 1 2 1 1 1 1 3 4 4 6 6 6 3 3 2 1 1 0
 0 0 0 0 0 0 0 0 1 1 2 5 5 5 4 4 12 12 2 2 2 1 0 0 1 1 7 8 8 5 2 2 3 3 3 3 3 5 7 7 4 4 2 1 1 0
 0 0 0 0 0 0 0 0 1 1 2 5 5 5 4 4 12 12 2 2 2 1 0 0 1 1 7 8 8 5 2 2 3 3 3 3 3 5 7 7 4 4 2 1 1 0
 0 0 0 0 0 0 1 1 3 3 3 1 1 5 4 4 12 12 1 1 1 1 1 1 3 3 3 2 2 1 5 5 4 4 6 3 3 3 4 4 5 5 2 5 5 0
 1 1 3 0 0 1 2 2 2 2 2 1 1 0 2 2 1 1 1 1 1 1 1 1 2 2 2 3 3 3 5 5 6 6 9 4 4 3 4 4 2 2 1 0 0 0
 1 1 3 0 0 1 2 2 2 2 2 1 1 0 2 2 1 1 1 1 1 1 1 1 2 2 2 3 3 3 5 5 6 6 9 4 4 3 4 4 2 2 1 0 0 0
 1 1 0 0 0 1 1 1 1 1 1 1 1 0 0 0 1 1 1 1 1 2 9 9 6 6 3 2 2 4 5 5 2 2 2 3 3 3 2 2 1 1 1 3 3 0
 1 1 0 0 0 0 0 0 1 1 1 1 1 1 1 1 1 1 1 2 2 2 4 4 3 3 3 2 2 1 1 1 2 2 3 3 3 3 1 1 1 1 1 0 0 0
 1 1 0 0 0 0 0 0 1 1 1 1 1 1 1 1 1 1 1 2 2 2 4 4 3 3 3 2 2 1 1 1 2 2 3 3 3 3 1 1 1 1 1 0 0 0
 3 3 2 0 0 1 1 1 1 1 1 1 1 1 1 1 1 1 1 1 1 3 2 2 9 9 2 1 1 1 1 1 2 2 4 3 3 1 1 1 0 0 0 0 0 0
 3 3 2 0 0 1 1 1 1 1 1 1 1 1 1 1 1 1 1 1 1 3 2 2 9 9 2 1 1 1 1 1 2 2 4 3 3 1 1 1 0 0 0 0 0 0
 4 4 2 1 1 1 1 1 1 1 1 1 1 1 1 1 1 1 7 7 7 2 11 11 9 9 1 1 1 3 1 1 1 1 2 1 1 1 1 1 1 1 0 0 0 0
 4 4 3 2 2 1 1 1 1 1 0 0 0 0 1 1 1 1 7 7 7 1 2 2 4 4 1 1 1 0 0 0 0 0 0 0 0 0 0 0 0 0 0 0 0 0
 4 4 3 2 2 1 1 1 1 1 0 0 0 0 1 1 1 1 7 7 7 1 2 2 4 4 1 1 1 0 0 0 0 0 0 0 0 0 0 0 0 0 0 0 0 0
 5 5 4 3 3 2 2 2 1 1 1 1 1 0 1 1 1 1 1 5 5 2 1 1 4 4 1 1 1 0 0 0 0 0 1 0 0 0 0 0 0 0 0 0 0 0
 8 8 8 6 6 4 3 3 2 2 1 1 1 1 1 1 1 1 2 3 3 2 2 2 1 1 1 1 1 0 0 0 0 0 1 0 0 0 0 0 0 0 0 0 0 0
 8 8 8 6 6 4 3 3 2 2 1 1 1 1 1 1 1 1 2 3 3 2 2 2 1 1 1 1 1 0 0 0 0 0 1 0 0 0 0 0 0 0 0 0 0 0
 15 15 14 10 10 8 4 4 2 2 1 1 1 1 2 2 2 2 4 6 6 1 3 3 1 1 1 1 1 1 0 0 0 0 1 0 0 0 0 0 0 0 0 0 0 0
 15 15 14 10 10 8 4 4 2 2 1 1 1 1 2 2 2 2 4 6 6 1 3 3 1 1 1 1 1 1 0 0 0 0 1 0 0 0 0 0 0 0 0 0 0 0
 18 18 16 13 13 8 4 4 1 1 1 1 1 1 3 3 5 5 13 9 9 5 2 2 1 1 1 1 1 1 1 1 1 1 0 0 0 1 0 0 0 0 0 0 0 0
 17 17 15 11 11 8 6 6 3 3 3 2 2 4 7 7 22 22 25 12 12 7 4 4 2 2 2 1 1 0 0 0 0 0 0 0 0 1 0 0 0 0 0 0 0 0
 17 17 15 11 11 8 6 6 3 3 3 2 2 4 7 7 22 22 25 12 12 7 4 4 2 2 2 1 1 0 0 0 0 0 0 0 0 1 0 0 0 0 0 0 0 0
 15 15 12 9 9 8 8 8 5 5 6 5 5 8 15 15 16 16 17 8 8 5 3 3 2 2 2 3 3 1 1 1 2 2 0 1 1 1 1 1 0 0 0 1 1 1
 11 11 9 7 7 7 12 12 14 14 21 16 16 14 14 14 9 9 4 3 3 3 2 2 2 2 2 2 2 1 1 1 2 2 1 1 1 1 1 1 0 0 1 1 1 1
 11 11 9 7 7 7 12 12 14 14 21 16 16 14 14 14 9 9 4 3 3 3 2 2 2 2 2 2 2 1 1 1 2 2 1 1 1 1 1 1 0 0 1 1 1 1
 7 7 8 6 6 7 12 12 13 13 21 15 15 9 7 7 3 3 1 1 1 2 1 1 1 1 2 2 2 2 2 2 2 2 2 1 1 1 1 1 1 1 1 0 0 0
 7 7 8 6 6 7 12 12 13 13 21 15 15 9 7 7 3 3 1 1 1 2 1 1 1 1 2 2 2 2 2 2 2 2 2 1 1 1 1 1 1 1 1 0 0 0
 7 7 6 6 6 6 8 8 9 9 9 6 6 3 2 2 1 1 1 1 1 1 1 1 1 1 1 2 2 2 3 3 1 1 1 1 1 1 1 1 1 1 1 1 1 1
 9 9 6 6 6 4 3 3 2 2 1 1 1 1 1 1 1 1 1 2 2 2 2 2 2 2 2 2 2 3 3 3 2 2 2 1 1 1 1 1 1 1 1 1 1 1
 9 9 6 6 6 4 3 3 2 2 1 1 1 1 1 1 1 1 1 2 2 2 2 2 2 2 2 2 2 3 3 3 2 2 2 1 1 1 1 1 1 1 1 1 1 1
 10 10 11 10 10 10 8 8 6 6 5 3 3 2 1 1 1 1 2 3 3 3 3 3 4 4 3 3 3 2 2 2 2 2 2 2 2 2 1 1 1 1 1 1 1 1
 14 14 14 11 11 8 6 6 4 4 2 2 2 1 1 1 1 1 3 3 3 3 3 3 3 3 2 2 2 2 2 2 1 1 1 1 1 2 2 2 1 1 1 1 1 0
