assets/RAT_results/precipitation/2017-06-09_IMERG.asc
ncols        46
nrows        77
xllcorner    74.800261325624
yllcorner    8.058333333333
cellsize     0.062500000000
NODATA_value -9999
 40 40 56 17 17 10 7 7 8 8 8 3 3 5 2 2 2 2 1 0 0 0 0 0 0 0 0 0 0 0 0 0 0 0 0 0 0 1 2 2 1 1 1 0 0 0
 27 27 20 18 18 7 5 5 3 3 6 15 15 14 1 1 3 3 2 0 0 0 0 0 0 0 0 0 0 0 0 0 0 0 0 0 0 1 1 1 1 1 1 0 0 0
 27 27 20 18 18 7 5 5 3 3 6 15 15 14 1 1 3 3 2 0 0 0 0 0 0 0 0 0 0 0 0 0 0 0 0 0 0 1 1 1 1 1 1 0 0 0
 23 23 21 8 8 7 2 2 4 4 4 11 11 5 8 8 4 4 1 0 0 0 0 0 0 0 0 0 0 0 0 0 0 0 0 0 0 0 1 1 1 1 2 12 12 0
 19 19 19 9 9 5 6 6 5 5 8 6 6 11 10 10 4 4 4 1 1 0 0 0 0 0 0 0 0 0 0 0 0 0 0 0 0 0 0 0 1 1 2 6 6 0
 19 19 19 9 9 5 6 6 5 5 8 6 6 11 10 10 4 4 4 1 1 0 0 0 0 0 0 0 0 0 0 0 0 0 0 0 0 0 0 0 1 1 2 6 6 0
 21 21 20 10 10 7 10 10 8 8 6 6 6 4 5 5 4 4 2 1 1 0 0 0 0 0 0 0 0 0 0 0 0 0 0 0 0 0 0 0 0 0 0 0 0 0
 21 21 20 10 10 7 10 10 8 8 6 6 6 4 5 5 4 4 2 1 1 0 0 0 0 0 0 0 0 0 0 0 0 0 0 0 0 0 0 0 0 0 0 0 0 0
 25 25 22 16 16 11 11 11 7 7 3 5 5 2 2 2 3 3 2 0 0 1 0 0 0 0 0 0 0 0 0 0 0 0 0 0 0 0 0 0 0 0 0 0 0 0
 13 13 14 18 18 15 16 16 13 13 12 6 6 5 2 2 2 2 2 0 0 0 0 0 0 0 0 0 0 0 0 0 0 0 0 0 0 0 0 0 0 0 0 1 1 0
 13 13 14 18 18 15 16 16 13 13 12 6 6 5 2 2 2 2 2 0 0 0 0 0 0 0 0 0 0 0 0 0 0 0 0 0 0 0 0 0 0 0 0 1 1 0
 16 16 18 19 19 23 18 18 13 13 8 10 10 4 2 2 3 3 1 0 0 0 1 1 1 1 0 0 0 0 0 0 1 1 0 0 0 0 0 0 1 1 2 0 0 0
 25 25 15 18 18 23 17 17 10 10 16 13 13 8 3 3 2 2 1 0 0 5 0 0 0 0 0 0 0 0 0 0 0 0 0 0 0 0 0 0 0 0 0 0 0 1
 25 25 15 18 18 23 17 17 10 10 16 13 13 8 3 3 2 2 1 0 0 5 0 0 0 0 0 0 0 0 0 0 0 0 0 0 0 0 0 0 0 0 0 0 0 1
 11 11 14 22 22 19 18 18 16 16 14 4 4 5 4 4 3 3 1 2 2 0 0 0 0 0 0 0 0 0 0 0 0 0 0 0 0 0 1 1 0 0 0 1 1 0
 11 11 14 22 22 19 18 18 16 16 14 4 4 5 4 4 3 3 1 2 2 0 0 0 0 0 0 0 0 0 0 0 0 0 0 0 0 0 1 1 0 0 0 1 1 0
 12 12 16 16 16 17 15 15 21 21 15 15 15 6 7 7 12 12 4 1 1 1 0 0 0 0 0 0 0 0 0 0 0 0 0 0 0 0 1 1 2 2 2 1 1 1
 21 21 26 13 13 17 17 17 21 21 19 18 18 15 11 11 10 10 10 4 4 1 0 0 0 0 0 0 0 0 0 0 0 0 0 0 0 0 1 1 2 2 1 1 1 1
 21 21 26 13 13 17 17 17 21 21 19 18 18 15 11 11 10 10 10 4 4 1 0 0 0 0 0 0 0 0 0 0 0 0 0 0 0 0 1 1 2 2 1 1 1 1
 26 26 26 20 20 28 38 38 24 24 17 27 27 24 17 17 13 13 8 8 8 7 4 4 2 2 0 0 0 0 0 0 0 0 0 0 0 0 1 1 1 1 1 1 1 1
 26 26 31 23 23 20 24 24 18 18 24 14 14 9 8 8 9 9 17 8 8 14 4 4 2 2 0 0 0 0 0 0 0 0 0 0 0 0 0 0 0 0 1 1 1 0
 26 26 31 23 23 20 24 24 18 18 24 14 14 9 8 8 9 9 17 8 8 14 4 4 2 2 0 0 0 0 0 0 0 0 0 0 0 0 0 0 0 0 1 1 1 0
 22 22 27 25 25 24 13 13 12 12 20 12 12 13 8 8 17 17 14 11 11 9 4 4 0 0 0 0 0 1 1 1 0 0 0 2 2 0 0 0 0 0 0 0 0 0
 22 22 27 25 25 24 13 13 12 12 20 12 12 13 8 8 17 17 14 11 11 9 4 4 0 0 0 0 0 1 1 1 0 0 0 2 2 0 0 0 0 0 0 0 0 0
 18 18 18 21 21 17 16 16 13 13 19 14 14 11 9 9 7 7 5 8 8 11 8 8 4 4 1 0 0 1 4 4 1 1 2 0 0 0 0 0 0 0 0 0 0 0
 13 13 14 22 22 16 16 16 15 15 18 18 18 11 7 7 8 8 8 8 8 11 6 6 3 3 0 1 1 2 1 1 0 0 0 1 1 1 1 1 0 0 0 0 0 0
 13 13 14 22 22 16 16 16 15 15 18 18 18 11 7 7 8 8 8 8 8 11 6 6 3 3 0 1 1 2 1 1 0 0 0 1 1 1 1 1 0 0 0 0 0 0
 23 23 23 22 22 10 11 11 8 8 16 5 5 9 6 6 6 6 9 3 3 2 3 3 0 0 0 1 1 2 0 0 2 2 0 0 0 0 0 0 0 0 0 0 0 0
 22 22 22 21 21 20 25 25 13 13 9 4 4 4 12 12 13 13 5 3 3 11 1 1 1 1 1 1 1 1 0 0 0 0 0 0 0 0 0 0 0 0 0 0 0 0
 22 22 22 21 21 20 25 25 13 13 9 4 4 4 12 12 13 13 5 3 3 11 1 1 1 1 1 1 1 1 0 0 0 0 0 0 0 0 0 0 0 0 0 0 0 0
 16 16 19 17 17 18 24 24 7 7 7 4 4 5 10 10 13 13 12 13 13 6 0 0 1 1 1 1 1 1 0 0 0 0 0 0 0 0 0 0 0 0 0 0 0 0
 16 16 19 17 17 18 24 24 7 7 7 4 4 5 10 10 13 13 12 13 13 6 0 0 1 1 1 1 1 1 0 0 0 0 0 0 0 0 0 0 0 0 0 0 0 0
 5 5 14 11 11 7 8 8 2 2 4 5 5 9 8 8 13 13 8 10 10 12 6 6 3 3 1 1 1 1 0 0 0 0 0 0 0 0 0 0 0 0 0 0 0 0
 6 6 6 4 4 4 5 5 3 3 10 14 14 8 9 9 3 3 6 5 5 5 2 2 1 1 1 0 0 0 0 0 0 0 0 0 0 0 0 0 0 0 0 0 0 0
 6 6 6 4 4 4 5 5 3 3 10 14 14 8 9 9 3 3 6 5 5 5 2 2 1 1 1 0 0 0 0 0 0 0 0 0 0 0 0 0 0 0 0 0 0 0
 8 8 7 2 2 4 4 4 4 4 11 18 18 17 14 14 5 5 7 9 9 5 7 7 3 3 2 1 1 0 0 0 0 0 0 0 0 0 0 0 0 0 0 0 0 0
 4 4 7 6 6 14 12 12 26 26 20 26 26 36 23 23 14 14 19 33 33 18 13 13 4 4 2 1 1 1 1 1 0 0 0 0 0 0 0 0 0 0 0 0 0 0
 4 4 7 6 6 14 12 12 26 26 20 26 26 36 23 23 14 14 19 33 33 18 13 13 4 4 2 1 1 1 1 1 0 0 0 0 0 0 0 0 0 0 0 0 0 0
 23 23 12 15 15 24 32 32 27 27 21 36 36 33 34 34 20 20 21 18 18 19 18 18 7 7 2 1 1 1 1 1 0 0 0 1 1 1 0 0 0 0 1 0 0 1
 23 23 12 15 15 24 32 32 27 27 21 36 36 33 34 34 20 20 21 18 18 19 18 18 7 7 2 1 1 1 1 1 0 0 0 1 1 1 0 0 0 0 1 0 0 1
 12 12 14 23 23 29 31 31 32 32 25 18 18 25 32 32 27 27 18 17 17 10 8 8 1 1 1 1 1 1 1 1 0 0 1 1 1 2 1 1 1 1 0 1 1 2
 17 17 13 16 16 20 26 26 26 26 22 11 11 24 19 19 19 19 16 12 12 7 12 12 7 7 3 4 4 3 1 1 0 0 0 2 2 2 1 1 0 0 1 1 1 2
 17 17 13 16 16 20 26 26 26 26 22 11 11 24 19 19 19 19 16 12 12 7 12 12 7 7 3 4 4 3 1 1 0 0 0 2 2 2 1 1 0 0 1 1 1 2
 24 24 38 14 14 10 15 15 15 15 19 15 15 15 12 12 5 5 7 10 10 10 12 12 16 16 5 2 2 1 0 0 0 0 0 0 0 1 2 2 1 1 1 0 0 0
 17 17 29 16 16 10 10 10 12 12 8 12 12 19 4 4 6 6 8 13 13 22 17 17 14 14 5 2 2 2 2 2 0 0 0 1 1 2 2 2 2 2 1 0 0 0
 17 17 29 16 16 10 10 10 12 12 8 12 12 19 4 4 6 6 8 13 13 22 17 17 14 14 5 2 2 2 2 2 0 0 0 1 1 2 2 2 2 2 1 0 0 0
 23 23 12 9 9 6 9 9 7 7 6 13 13 5 4 4 4 4 10 10 10 12 8 8 4 4 3 1 1 4 3 3 2 2 1 2 2 2 2 2 2 2 1 0 0 0
 23 23 12 9 9 6 9 9 7 7 6 13 13 5 4 4 4 4 10 10 10 12 8 8 4 4 3 1 1 4 3 3 2 2 1 2 2 2 2 2 2 2 1 0 0 0
 21 21 15 4 4 7 3 3 4 4 2 3 3 5 3 3 4 4 9 8 8 11 8 8 7 7 6 3 3 6 4 4 6 6 3 3 3 3 2 2 1 1 1 0 0 0
 11 11 9 2 2 2 3 3 7 7 2 1 1 1 1 1 1 1 1 3 3 6 10 10 6 6 7 11 11 19 23 23 18 18 3 3 3 2 2 2 1 1 1 1 1 1
 11 11 9 2 2 2 3 3 7 7 2 1 1 1 1 1 1 1 1 3 3 6 10 10 6 6 7 11 11 19 23 23 18 18 3 3 3 2 2 2 1 1 1 1 1 1
 11 11 5 9 9 5 3 3 4 4 3 3 3 2 1 1 1 1 2 4 4 11 5 5 6 6 9 11 11 10 19 19 18 18 3 4 4 3 2 2 2 2 2 1 1 1
 4 4 10 8 8 8 3 3 4 4 3 3 3 2 8 8 2 2 5 16 16 20 6 6 4 4 8 9 9 10 8 8 5 5 4 4 4 4 3 3 2 2 2 3 3 1
 4 4 10 8 8 8 3 3 4 4 3 3 3 2 8 8 2 2 5 16 16 20 6 6 4 4 8 9 9 10 8 8 5 5 4 4 4 4 3 3 2 2 2 3 3 1
 5 5 6 7 7 2 6 6 2 2 3 1 1 4 2 2 3 3 2 17 17 40 6 6 2 2 1 2 2 4 4 4 3 3 2 2 2 1 1 1 1 1 1 0 0 0
 5 5 6 7 7 2 6 6 2 2 3 1 1 4 2 2 3 3 2 17 17 40 6 6 2 2 1 2 2 4 4 4 3 3 2 2 2 1 1 1 1 1 1 0 0 0
 2 2 1 1 1 5 3 3 0 0 1 1 1 5 2 2 1 1 1 12 12 5 14 14 1 1 1 1 1 2 4 4 2 2 1 3 3 2 0 0 1 1 0 0 0 0
 1 1 1 7 7 5 3 3 1 1 1 4 4 1 3 3 8 8 7 5 5 4 6 6 5 5 4 5 5 4 3 3 3 3 1 3 3 3 1 1 0 0 1 1 1 0
 1 1 1 7 7 5 3 3 1 1 1 4 4 1 3 3 8 8 7 5 5 4 6 6 5 5 4 5 5 4 3 3 3 3 1 3 3 3 1 1 0 0 1 1 1 0
 2 2 2 2 2 0 1 1 2 2 2 2 2 5 15 15 24 24 28 17 17 4 2 2 8 8 9 13 13 13 2 2 3 3 3 8 8 5 0 0 0 0 1 0 0 0
 2 2 1 1 1 1 3 3 5 5 3 9 9 14 17 17 19 19 29 13 13 6 8 8 8 8 5 14 14 11 5 5 12 12 4 1 1 1 0 0 0 0 0 0 0 0
 2 2 1 1 1 1 3 3 5 5 3 9 9 14 17 17 19 19 29 13 13 6 8 8 8 8 5 14 14 11 5 5 12 12 4 1 1 1 0 0 0 0 0 0 0 0
 1 1 1 1 1 1 2 2 2 2 1 3 3 5 10 10 15 15 18 16 16 4 4 4 12 12 13 10 10 5 3 3 3 3 2 1 1 0 0 0 0 0 0 0 0 0
 1 1 1 1 1 1 2 2 2 2 1 3 3 5 10 10 15 15 18 16 16 4 4 4 12 12 13 10 10 5 3 3 3 3 2 1 1 0 0 0 0 0 0 0 0 0
 3 3 2 1 1 1 1 1 1 1 1 2 2 5 5 5 4 4 6 9 9 7 6 6 5 5 6 3 3 5 8 8 3 3 2 7 7 5 5 5 0 0 0 0 0 0
 2 2 1 0 0 0 0 0 1 1 1 2 2 4 2 2 1 1 2 4 4 4 1 1 2 2 2 1 1 2 6 6 6 6 2 1 1 0 1 1 0 0 0 0 0 0
 2 2 1 0 0 0 0 0 1 1 1 2 2 4 2 2 1 1 2 4 4 4 1 1 2 2 2 1 1 2 6 6 6 6 2 1 1 0 1 1 0 0 0 0 0 0
 1 1 0 0 0 0 0 0 0 0 0 1 1 3 1 1 1 1 2 2 2 2 2 2 1 1 1 1 1 5 9 9 7 7 1 1 1 1 0 0 0 0 0 0 0 0
 1 1 0 0 0 0 0 0 0 0 0 1 1 2 2 2 1 1 2 2 2 1 2 2 2 2 1 0 0 1 2 2 4 4 1 1 1 2 1 1 1 1 0 0 0 1
 1 1 0 0 0 0 0 0 0 0 0 1 1 2 2 2 1 1 2 2 2 1 2 2 2 2 1 0 0 1 2 2 4 4 1 1 1 2 1 1 1 1 0 0 0 1
 0 0 0 0 0 0 0 0 1 1 1 2 2 3 3 3 3 3 4 2 2 1 1 1 1 1 2 3 3 1 1 1 1 1 1 2 2 1 1 1 0 0 4 0 0 1
 0 0 0 0 0 0 0 0 1 1 1 2 2 3 3 3 3 3 4 2 2 1 1 1 1 1 2 3 3 1 1 1 1 1 1 2 2 1 1 1 0 0 4 0 0 1
 0 0 0 1 1 1 1 1 2 2 2 3 3 4 3 3 2 2 2 1 1 1 1 1 0 0 1 0 0 1 1 1 1 1 1 1 1 1 1 1 0 0 0 0 0 0
 0 0 1 2 2 1 1 1 1 1 1 1 1 1 1 1 1 1 1 1 1 1 1 1 4 4 3 1 1 1 1 1 1 1 1 1 1 1 1 1 0 0 0 0 0 0
 0 0 1 2 2 1 1 1 1 1 1 1 1 1 1 1 1 1 1 1 1 1 1 1 4 4 3 1 1 1 1 1 1 1 1 1 1 1 1 1 0 0 0 0 0 0
 0 0 0 1 1 1 0 0 0 0 1 0 0 0 0 0 0 0 0 0 0 0 1 1 1 1 2 1 1 1 1 1 2 2 2 1 1 1 0 0 0 0 0 0 0 0
 0 0 0 0 0 0 0 0 0 0 0 0 0 0 1 1 1 1 0 0 0 0 1 1 1 1 1 1 1 0 3 3 3 3 2 1 1 1 0 0 0 0 0 0 0 0
