assets/RAT_results/precipitation/2017-10-17_IMERG.asc
ncols        46
nrows        77
xllcorner    74.800261325624
yllcorner    8.058333333333
cellsize     0.062500000000
NODATA_value -9999
 3 3 1 0 0 1 1 1 2 2 2 1 1 1 1 1 2 2 1 1 1 0 0 0 0 0 0 0 0 0 0 0 0 0 0 1 1 1 1 1 1 1 1 1 1 1
 2 2 1 0 0 0 1 1 1 1 1 2 2 1 1 1 2 2 1 0 0 0 0 0 0 0 0 0 0 2 0 0 1 1 0 1 1 1 1 1 0 0 2 1 1 1
 2 2 1 0 0 0 1 1 1 1 1 2 2 1 1 1 2 2 1 0 0 0 0 0 0 0 0 0 0 2 0 0 1 1 0 1 1 1 1 1 0 0 2 1 1 1
 1 1 1 0 0 0 0 0 0 0 1 1 1 1 2 2 2 2 1 1 1 0 0 0 0 0 0 1 1 0 1 1 2 2 1 1 1 1 5 5 1 1 1 1 1 1
 0 0 1 1 1 1 0 0 0 0 1 0 0 1 1 1 2 2 1 0 0 0 0 0 0 0 1 1 1 2 2 2 2 2 1 3 3 3 3 3 0 0 0 5 5 1
 0 0 1 1 1 1 0 0 0 0 1 0 0 1 1 1 2 2 1 0 0 0 0 0 0 0 1 1 1 2 2 2 2 2 1 3 3 3 3 3 0 0 0 5 5 1
 1 1 0 2 2 1 0 0 0 0 0 0 0 2 1 1 1 1 1 0 0 0 0 0 0 0 1 2 2 2 2 2 3 3 2 4 4 3 1 1 4 4 0 1 1 3
 1 1 0 2 2 1 0 0 0 0 0 0 0 2 1 1 1 1 1 0 0 0 0 0 0 0 1 2 2 2 2 2 3 3 2 4 4 3 1 1 4 4 0 1 1 3
 1 1 0 3 3 3 2 2 3 3 4 2 2 2 1 1 1 1 1 0 0 0 0 0 0 0 0 1 1 2 4 4 4 4 5 5 5 4 4 4 4 4 1 0 0 1
 1 1 1 8 8 4 10 10 4 4 2 3 3 4 4 4 1 1 2 2 2 1 2 2 2 2 2 0 0 2 4 4 3 3 14 4 4 5 5 5 2 2 1 1 1 2
 1 1 1 8 8 4 10 10 4 4 2 3 3 4 4 4 1 1 2 2 2 1 2 2 2 2 2 0 0 2 4 4 3 3 14 4 4 5 5 5 2 2 1 1 1 2
 1 1 1 1 1 2 5 5 2 2 4 6 6 8 3 3 2 2 3 3 3 2 1 1 3 3 1 1 1 3 2 2 2 2 3 4 4 7 6 6 4 4 2 2 2 1
 1 1 4 3 3 2 3 3 5 5 4 4 4 5 6 6 3 3 3 3 3 3 4 4 5 5 3 7 7 6 2 2 2 2 2 3 3 7 6 6 2 2 3 2 2 1
 1 1 4 3 3 2 3 3 5 5 4 4 4 5 6 6 3 3 3 3 3 3 4 4 5 5 3 7 7 6 2 2 2 2 2 3 3 7 6 6 2 2 3 2 2 1
 1 1 3 1 1 1 3 3 4 4 4 4 4 10 11 11 11 11 8 8 8 3 4 4 2 2 4 4 4 2 2 2 5 5 2 3 3 4 6 6 30 30 5 3 3 1
 1 1 3 1 1 1 3 3 4 4 4 4 4 10 11 11 11 11 8 8 8 3 4 4 2 2 4 4 4 2 2 2 5 5 2 3 3 4 6 6 30 30 5 3 3 1
 12 12 1 2 2 2 1 1 3 3 5 4 4 18 21 21 13 13 13 7 7 4 4 4 4 4 3 5 5 3 7 7 4 4 4 4 4 4 7 7 8 8 6 3 3 3
 2 2 4 1 1 1 2 2 3 3 4 5 5 12 10 10 15 15 28 10 10 5 4 4 4 4 3 5 5 5 3 3 5 5 2 6 6 6 9 9 9 9 8 7 7 8
 2 2 4 1 1 1 2 2 3 3 4 5 5 12 10 10 15 15 28 10 10 5 4 4 4 4 3 5 5 5 3 3 5 5 2 6 6 6 9 9 9 9 8 7 7 8
 3 3 3 2 2 7 2 2 7 7 8 4 4 8 17 17 18 18 15 16 16 8 8 8 4 4 4 3 3 3 4 4 2 2 3 3 3 6 7 7 4 4 3 4 4 8
 6 6 3 3 3 5 4 4 6 6 2 12 12 9 24 24 14 14 24 6 6 8 6 6 4 4 3 3 3 3 3 3 8 8 5 4 4 5 8 8 4 4 6 6 6 7
 6 6 3 3 3 5 4 4 6 6 2 12 12 9 24 24 14 14 24 6 6 8 6 6 4 4 3 3 3 3 3 3 8 8 5 4 4 5 8 8 4 4 6 6 6 7
 10 10 1 5 5 6 4 4 2 2 4 7 7 7 7 7 10 10 18 7 7 5 5 5 4 4 3 3 3 5 3 3 4 4 6 4 4 5 7 7 10 10 4 4 4 9
 10 10 1 5 5 6 4 4 2 2 4 7 7 7 7 7 10 10 18 7 7 5 5 5 4 4 3 3 3 5 3 3 4 4 6 4 4 5 7 7 10 10 4 4 4 9
 2 2 1 4 4 7 9 9 10 10 3 7 7 6 7 7 6 6 2 1 1 5 3 3 2 2 3 2 2 4 5 5 5 5 3 4 4 3 3 3 5 5 5 7 7 7
 4 4 5 11 11 7 7 7 5 5 6 19 19 3 4 4 3 3 1 1 1 6 4 4 3 3 4 4 4 3 2 2 3 3 2 6 6 8 4 4 7 7 8 11 11 10
 4 4 5 11 11 7 7 7 5 5 6 19 19 3 4 4 3 3 1 1 1 6 4 4 3 3 4 4 4 3 2 2 3 3 2 6 6 8 4 4 7 7 8 11 11 10
 12 12 3 6 6 5 7 7 4 4 4 6 6 3 4 4 4 4 5 2 2 2 4 4 5 5 5 2 2 5 1 1 5 5 3 6 6 6 7 7 8 8 5 8 8 12
 10 10 4 5 5 5 6 6 8 8 12 4 4 5 6 6 5 5 4 2 2 1 3 3 4 4 5 2 2 4 2 2 1 1 2 2 2 5 8 8 11 11 8 8 8 7
 10 10 4 5 5 5 6 6 8 8 12 4 4 5 6 6 5 5 4 2 2 1 3 3 4 4 5 2 2 4 2 2 1 1 2 2 2 5 8 8 11 11 8 8 8 7
 28 28 15 6 6 6 7 7 10 10 9 2 2 5 4 4 6 6 4 3 3 2 8 8 3 3 6 3 3 4 2 2 2 2 1 2 2 3 4 4 7 7 8 6 6 5
 28 28 15 6 6 6 7 7 10 10 9 2 2 5 4 4 6 6 4 3 3 2 8 8 3 3 6 3 3 4 2 2 2 2 1 2 2 3 4 4 7 7 8 6 6 5
 30 30 17 7 7 9 6 6 9 9 11 5 5 4 7 7 5 5 8 9 9 3 3 3 7 7 5 3 3 2 1 1 1 1 1 11 11 2 3 3 5 5 8 10 10 10
 46 46 29 19 19 27 9 9 10 10 12 7 7 4 13 13 9 9 7 8 8 2 1 1 7 7 4 2 2 0 2 2 0 0 2 2 2 4 6 6 6 6 4 5 5 4
 46 46 29 19 19 27 9 9 10 10 12 7 7 4 13 13 9 9 7 8 8 2 1 1 7 7 4 2 2 0 2 2 0 0 2 2 2 4 6 6 6 6 4 5 5 4
 45 45 59 36 36 14 9 9 16 16 11 15 15 11 13 13 13 13 14 11 11 4 2 2 5 5 5 3 3 2 1 1 0 0 0 1 1 2 2 2 1 1 1 5 5 11
 51 51 67 37 37 16 20 20 28 28 18 14 14 10 27 27 21 21 19 21 21 8 7 7 9 9 5 4 4 3 5 5 2 2 0 2 2 1 1 1 0 0 1 3 3 3
 51 51 67 37 37 16 20 20 28 28 18 14 14 10 27 27 21 21 19 21 21 8 7 7 9 9 5 4 4 3 5 5 2 2 0 2 2 1 1 1 0 0 1 3 3 3
 55 55 50 54 54 25 25 25 28 28 48 16 16 23 22 22 24 24 19 23 23 17 9 9 12 12 7 6 6 4 2 2 2 2 3 2 2 3 2 2 2 2 1 3 3 4
 55 55 50 54 54 25 25 25 28 28 48 16 16 23 22 22 24 24 19 23 23 17 9 9 12 12 7 6 6 4 2 2 2 2 3 2 2 3 2 2 2 2 1 3 3 4
 60 60 60 77 77 34 37 37 37 37 54 34 34 30 23 23 20 20 12 15 15 25 12 12 8 8 11 6 6 9 3 3 1 1 2 3 3 5 7 7 2 2 8 7 7 7
 52 52 47 35 35 34 40 40 27 27 30 25 25 26 34 34 42 42 33 19 19 16 11 11 11 11 19 13 13 9 7 7 12 12 5 7 7 10 7 7 11 11 12 11 11 9
 52 52 47 35 35 34 40 40 27 27 30 25 25 26 34 34 42 42 33 19 19 16 11 11 11 11 19 13 13 9 7 7 12 12 5 7 7 10 7 7 11 11 12 11 11 9
 41 41 60 63 63 77 33 33 27 27 30 62 62 50 34 34 47 47 59 61 61 23 13 13 8 8 9 15 15 15 16 16 14 14 6 10 10 14 14 14 21 21 18 13 13 16
 53 53 65 92 92 55 42 42 37 37 46 39 39 59 40 40 52 52 95 71 71 54 21 21 30 30 8 18 18 16 16 16 21 21 14 8 8 11 10 10 17 17 28 16 16 12
 53 53 65 92 92 55 42 42 37 37 46 39 39 59 40 40 52 52 95 71 71 54 21 21 30 30 8 18 18 16 16 16 21 21 14 8 8 11 10 10 17 17 28 16 16 12
 54 54 86 47 47 46 42 42 32 32 39 52 52 50 73 73 57 57 88 90 90 100 21 21 19 19 15 13 13 21 25 25 24 24 15 10 10 7 9 9 9 9 11 15 15 11
 54 54 86 47 47 46 42 42 32 32 39 52 52 50 73 73 57 57 88 90 90 100 21 21 19 19 15 13 13 21 25 25 24 24 15 10 10 7 9 9 9 9 11 15 15 11
 88 88 100 51 51 57 32 32 30 30 43 59 59 49 51 51 64 64 79 71 71 87 5 5 7 7 15 11 11 24 28 28 16 16 16 10 10 6 8 8 5 5 6 12 12 7
 59 59 60 57 57 57 68 68 36 36 29 48 48 59 38 38 32 32 27 13 13 51 6 6 10 10 10 8 8 14 28 28 18 18 12 13 13 5 4 4 4 4 1 3 3 3
 59 59 60 57 57 57 68 68 36 36 29 48 48 59 38 38 32 32 27 13 13 51 6 6 10 10 10 8 8 14 28 28 18 18 12 13 13 5 4 4 4 4 1 3 3 3
 37 37 44 55 55 78 64 64 42 42 31 29 29 18 29 29 29 29 20 12 12 27 15 15 13 13 10 10 10 8 13 13 14 14 9 12 12 4 9 9 4 4 2 5 5 3
 24 24 42 45 45 55 68 68 68 68 34 23 23 25 6 6 20 20 11 9 9 12 23 23 14 14 11 12 12 9 8 8 23 23 18 4 4 4 5 5 8 8 5 5 5 1
 24 24 42 45 45 55 68 68 68 68 34 23 23 25 6 6 20 20 11 9 9 12 23 23 14 14 11 12 12 9 8 8 23 23 18 4 4 4 5 5 8 8 5 5 5 1
 19 19 41 43 43 34 53 53 50 50 30 15 15 11 6 6 18 18 14 8 8 7 14 14 13 13 14 10 10 9 10 10 21 21 21 16 16 8 8 8 6 6 4 2 2 1
 19 19 41 43 43 34 53 53 50 50 30 15 15 11 6 6 18 18 14 8 8 7 14 14 13 13 14 10 10 9 10 10 21 21 21 16 16 8 8 8 6 6 4 2 2 1
 20 20 26 18 18 34 45 45 57 57 44 34 34 12 9 9 25 25 8 10 10 5 5 5 20 20 17 18 18 8 9 9 8 8 19 40 40 10 8 8 6 6 2 2 2 2
 21 21 30 19 19 35 43 43 31 31 43 18 18 13 17 17 5 5 9 6 6 4 9 9 8 8 10 8 8 7 4 4 5 5 7 5 5 3 5 5 3 3 3 2 2 3
 21 21 30 19 19 35 43 43 31 31 43 18 18 13 17 17 5 5 9 6 6 4 9 9 8 8 10 8 8 7 4 4 5 5 7 5 5 3 5 5 3 3 3 2 2 3
 18 18 28 32 32 36 37 37 25 25 13 10 10 13 5 5 5 5 7 5 5 6 5 5 3 3 8 6 6 4 4 4 4 4 4 4 4 9 7 7 7 7 5 5 5 4
 8 8 20 20 20 26 24 24 20 20 10 6 6 5 5 5 5 5 9 7 7 13 12 12 6 6 8 6 6 31 5 5 5 5 7 8 8 2 3 3 4 4 2 2 2 2
 8 8 20 20 20 26 24 24 20 20 10 6 6 5 5 5 5 5 9 7 7 13 12 12 6 6 8 6 6 31 5 5 5 5 7 8 8 2 3 3 4 4 2 2 2 2
 7 7 8 9 9 7 12 12 13 13 6 5 5 6 6 6 8 8 7 8 8 14 15 15 10 10 10 7 7 6 4 4 8 8 8 3 3 2 3 3 8 8 4 3 3 3
 7 7 8 9 9 7 12 12 13 13 6 5 5 6 6 6 8 8 7 8 8 14 15 15 10 10 10 7 7 6 4 4 8 8 8 3 3 2 3 3 8 8 4 3 3 3
 8 8 8 10 10 5 5 5 4 4 5 5 5 5 7 7 8 8 8 10 10 16 14 14 9 9 3 7 7 6 9 9 4 4 3 4 4 6 5 5 10 10 6 2 2 2
 6 6 8 7 7 4 4 4 4 4 3 5 5 3 9 9 8 8 7 8 8 9 8 8 10 10 4 5 5 6 6 6 11 11 9 10 10 7 11 11 10 10 5 3 3 2
 6 6 8 7 7 4 4 4 4 4 3 5 5 3 9 9 8 8 7 8 8 9 8 8 10 10 4 5 5 6 6 6 11 11 9 10 10 7 11 11 10 10 5 3 3 2
 7 7 7 5 5 3 3 3 3 3 3 3 3 4 6 6 8 8 6 6 6 6 6 6 6 6 4 4 4 4 5 5 8 8 9 7 7 10 8 8 11 11 15 3 3 1
 6 6 7 7 7 4 5 5 5 5 3 5 5 3 5 5 4 4 6 8 8 8 9 9 6 6 5 2 2 4 6 6 5 5 2 12 12 12 13 13 11 11 11 9 9 1
 6 6 7 7 7 4 5 5 5 5 3 5 5 3 5 5 4 4 6 8 8 8 9 9 6 6 5 2 2 4 6 6 5 5 2 12 12 12 13 13 11 11 11 9 9 1
 7 7 7 7 7 9 6 6 6 6 3 3 3 4 3 3 2 2 6 12 12 11 5 5 7 7 10 5 5 4 3 3 3 3 4 14 14 9 16 16 17 17 13 14 14 7
 7 7 7 7 7 9 6 6 6 6 3 3 3 4 3 3 2 2 6 12 12 11 5 5 7 7 10 5 5 4 3 3 3 3 4 14 14 9 16 16 17 17 13 14 14 7
 9 9 9 9 9 10 7 7 7 7 3 2 2 3 4 4 3 3 4 8 8 5 4 4 5 5 9 5 5 3 3 3 2 2 5 4 4 8 11 11 15 15 15 27 27 7
 8 8 9 5 5 11 10 10 10 10 5 3 3 4 4 4 3 3 3 3 3 3 3 3 3 3 5 5 5 5 4 4 5 5 2 4 4 9 13 13 10 10 12 17 17 12
 8 8 9 5 5 11 10 10 10 10 5 3 3 4 4 4 3 3 3 3 3 3 3 3 3 3 5 5 5 5 4 4 5 5 2 4 4 9 13 13 10 10 12 17 17 12
 4 4 5 5 5 5 8 8 8 8 9 2 2 1 1 1 1 1 1 1 1 1 1 1 1 1 2 5 5 7 8 8 10 10 17 11 11 5 5 5 6 6 6 12 12 11
 1 1 2 3 3 3 7 7 7 7 7 0 0 0 0 0 0 0 0 0 0 0 0 0 1 1 1 2 2 5 9 9 14 14 27 36 36 16 3 3 4 4 4 2 2 3
