assets/RAT_results/precipitation/2017-08-14_IMERG.asc
ncols        46
nrows        77
xllcorner    74.800261325624
yllcorner    8.058333333333
cellsize     0.062500000000
NODATA_value -9999
 4 4 4 3 3 2 3 3 6 6 4 3 3 6 5 5 4 4 5 2 2 2 3 3 3 3 3 3 3 4 4 4 4 4 10 17 17 19 23 23 27 27 25 85 85 89
 4 4 3 3 3 2 3 3 3 3 4 5 5 17 4 4 3 3 2 2 2 2 4 4 5 5 4 4 4 4 4 4 6 6 19 20 20 25 72 72 73 73 78 91 91 20
 4 4 3 3 3 2 3 3 3 3 4 5 5 17 4 4 3 3 2 2 2 2 4 4 5 5 4 4 4 4 4 4 6 6 19 20 20 25 72 72 73 73 78 91 91 20
 3 3 3 2 2 2 2 2 1 1 4 5 5 9 5 5 6 6 2 4 4 3 4 4 6 6 9 9 9 11 13 13 17 17 24 23 23 69 74 74 82 82 76 85 85 26
 1 1 2 4 4 2 1 1 3 3 2 2 2 4 4 4 4 4 4 6 6 7 7 7 11 11 12 17 17 21 19 19 50 50 39 70 70 85 80 80 81 81 85 93 93 101
 1 1 2 4 4 2 1 1 3 3 2 2 2 4 4 4 4 4 4 6 6 7 7 7 11 11 12 17 17 21 19 19 50 50 39 70 70 85 80 80 81 81 85 93 93 101
 0 0 0 1 1 3 5 5 1 1 3 2 2 3 5 5 5 5 5 6 6 8 12 12 14 14 22 18 18 32 50 50 58 58 48 41 41 84 85 85 86 86 69 48 48 46
 0 0 0 1 1 3 5 5 1 1 3 2 2 3 5 5 5 5 5 6 6 8 12 12 14 14 22 18 18 32 50 50 58 58 48 41 41 84 85 85 86 86 69 48 48 46
 0 0 0 1 1 2 1 1 1 1 2 5 5 3 6 6 4 4 3 5 5 8 10 10 14 14 20 28 28 35 41 41 36 36 66 35 35 56 82 82 56 56 53 48 48 26
 0 0 0 1 1 2 2 2 1 1 2 38 38 6 3 3 3 3 2 4 4 5 10 10 22 22 18 28 28 36 39 39 70 70 34 53 53 45 29 29 30 30 33 25 25 22
 0 0 0 1 1 2 2 2 1 1 2 38 38 6 3 3 3 3 2 4 4 5 10 10 22 22 18 28 28 36 39 39 70 70 34 53 53 45 29 29 30 30 33 25 25 22
 0 0 0 0 0 1 2 2 3 3 5 4 4 7 3 3 3 3 22 3 3 3 11 11 14 14 18 22 22 30 35 35 41 41 42 53 53 63 29 29 28 28 25 24 24 15
 1 1 1 0 0 1 1 1 1 1 3 6 6 13 5 5 1 1 4 4 4 5 11 11 13 13 10 15 15 31 29 29 45 45 24 43 43 51 18 18 24 24 32 17 17 14
 1 1 1 0 0 1 1 1 1 1 3 6 6 13 5 5 1 1 4 4 4 5 11 11 13 13 10 15 15 31 29 29 45 45 24 43 43 51 18 18 24 24 32 17 17 14
 2 2 1 0 0 0 1 1 1 1 3 6 6 10 17 17 37 37 6 2 2 6 12 12 9 9 14 16 16 16 19 19 25 25 18 33 33 32 20 20 22 22 27 36 36 13
 2 2 1 0 0 0 1 1 1 1 3 6 6 10 17 17 37 37 6 2 2 6 12 12 9 9 14 16 16 16 19 19 25 25 18 33 33 32 20 20 22 22 27 36 36 13
 1 1 0 0 0 0 0 0 1 1 1 2 2 3 20 20 11 11 5 3 3 9 10 10 11 11 15 14 14 14 19 19 17 17 18 16 16 15 31 31 22 22 57 42 42 21
 0 0 0 0 0 0 1 1 3 3 4 2 2 2 4 4 9 9 6 6 6 11 30 30 11 11 12 17 17 25 17 17 17 17 34 32 32 22 29 29 40 40 57 46 46 37
 0 0 0 0 0 0 1 1 3 3 4 2 2 2 4 4 9 9 6 6 6 11 30 30 11 11 12 17 17 25 17 17 17 17 34 32 32 22 29 29 40 40 57 46 46 37
 0 0 1 0 0 0 1 1 1 1 2 7 7 1 2 2 4 4 12 12 12 10 11 11 12 12 10 17 17 21 14 14 21 21 23 25 25 13 17 17 17 17 25 44 44 41
 0 0 1 0 0 0 1 1 1 1 1 3 3 5 5 5 5 5 18 10 10 8 6 6 11 11 16 10 10 15 11 11 16 16 25 13 13 12 19 19 22 22 24 40 40 43
 0 0 1 0 0 0 1 1 1 1 1 3 3 5 5 5 5 5 18 10 10 8 6 6 11 11 16 10 10 15 11 11 16 16 25 13 13 12 19 19 22 22 24 40 40 43
 0 0 0 0 0 0 0 0 0 0 1 1 1 4 3 3 3 3 15 10 10 12 9 9 8 8 10 10 10 11 12 12 13 13 15 14 14 9 6 6 11 11 21 23 23 18
 0 0 0 0 0 0 0 0 0 0 1 1 1 4 3 3 3 3 15 10 10 12 9 9 8 8 10 10 10 11 12 12 13 13 15 14 14 9 6 6 11 11 21 23 23 18
 0 0 0 1 1 0 0 0 1 1 2 8 8 2 2 2 3 3 2 4 4 16 5 5 11 11 19 11 11 11 14 14 15 15 13 7 7 6 11 11 10 10 23 16 16 23
 0 0 1 0 0 0 0 0 1 1 1 2 2 2 3 3 6 6 2 8 8 5 8 8 13 13 21 44 44 19 13 13 20 20 15 10 10 12 6 6 19 19 40 41 41 16
 0 0 1 0 0 0 0 0 1 1 1 2 2 2 3 3 6 6 2 8 8 5 8 8 13 13 21 44 44 19 13 13 20 20 15 10 10 12 6 6 19 19 40 41 41 16
 0 0 1 1 1 1 0 0 0 0 2 3 3 5 4 4 4 4 6 4 4 3 4 4 7 7 10 10 10 22 7 7 13 13 8 11 11 11 10 10 8 8 9 14 14 14
 2 2 1 0 0 0 1 1 3 3 5 1 1 1 3 3 4 4 2 1 1 10 4 4 10 10 7 8 8 11 11 11 10 10 15 10 10 11 10 10 13 13 17 18 18 12
 2 2 1 0 0 0 1 1 3 3 5 1 1 1 3 3 4 4 2 1 1 10 4 4 10 10 7 8 8 11 11 11 10 10 15 10 10 11 10 10 13 13 17 18 18 12
 0 0 0 1 1 1 1 1 1 1 3 1 1 1 1 1 3 3 1 1 1 2 1 1 3 3 5 4 4 5 6 6 7 7 10 9 9 16 16 16 16 16 27 22 22 23
 0 0 0 1 1 1 1 1 1 1 3 1 1 1 1 1 3 3 1 1 1 2 1 1 3 3 5 4 4 5 6 6 7 7 10 9 9 16 16 16 16 16 27 22 22 23
 1 1 1 1 1 1 1 1 1 1 4 1 1 1 1 1 3 3 1 1 1 1 2 2 2 2 3 2 2 3 6 6 4 4 6 7 7 12 14 14 17 17 21 23 23 23
 1 1 1 1 1 1 1 1 1 1 1 1 1 1 1 1 1 1 2 1 1 1 1 1 1 1 2 2 2 4 4 4 4 4 5 6 6 10 11 11 16 16 17 20 20 18
 1 1 1 1 1 1 1 1 1 1 1 1 1 1 1 1 1 1 2 1 1 1 1 1 1 1 2 2 2 4 4 4 4 4 5 6 6 10 11 11 16 16 17 20 20 18
 1 1 1 1 1 1 1 1 1 1 1 1 1 1 2 2 1 1 2 1 1 1 1 1 1 1 2 2 2 4 3 3 4 4 6 6 6 9 16 16 16 16 18 20 20 18
 0 0 1 1 1 1 1 1 1 1 1 1 1 0 1 1 1 1 1 1 1 1 1 1 2 2 1 1 1 3 5 5 4 4 6 7 7 7 11 11 12 12 14 18 18 20
 0 0 1 1 1 1 1 1 1 1 1 1 1 0 1 1 1 1 1 1 1 1 1 1 2 2 1 1 1 3 5 5 4 4 6 7 7 7 11 11 12 12 14 18 18 20
 0 0 0 0 0 0 1 1 1 1 1 0 0 0 0 0 1 1 1 1 1 1 1 1 1 1 1 1 1 2 3 3 8 8 8 9 9 9 9 9 10 10 14 18 18 30
 0 0 0 0 0 0 1 1 1 1 1 0 0 0 0 0 1 1 1 1 1 1 1 1 1 1 1 1 1 2 3 3 8 8 8 9 9 9 9 9 10 10 14 18 18 30
 0 0 0 0 0 0 0 0 0 0 0 0 0 0 1 1 1 1 1 2 2 1 1 1 1 1 1 1 1 1 2 2 5 5 8 12 12 11 11 11 11 11 17 23 23 21
 0 0 0 0 0 0 0 0 0 0 0 0 0 0 0 0 0 0 1 1 1 1 1 1 1 1 1 1 1 1 2 2 5 5 5 9 9 11 11 11 12 12 15 21 21 20
 0 0 0 0 0 0 0 0 0 0 0 0 0 0 0 0 0 0 1 1 1 1 1 1 1 1 1 1 1 1 2 2 5 5 5 9 9 11 11 11 12 12 15 21 21 20
 0 0 0 0 0 0 0 0 0 0 0 0 0 0 0 0 0 0 0 1 1 2 1 1 1 1 1 1 1 1 1 1 2 2 4 8 8 11 11 11 17 17 17 19 19 34
 0 0 1 0 0 0 0 0 0 0 0 0 0 0 0 0 0 0 0 1 1 1 2 2 1 1 2 3 3 2 3 3 4 4 5 10 10 12 14 14 17 17 21 25 25 29
 0 0 1 0 0 0 0 0 0 0 0 0 0 0 0 0 0 0 0 1 1 1 2 2 1 1 2 3 3 2 3 3 4 4 5 10 10 12 14 14 17 17 21 25 25 29
 0 0 0 0 0 0 0 0 0 0 0 0 0 0 0 0 0 0 0 1 1 1 1 1 2 2 3 3 3 3 4 4 5 5 8 9 9 12 14 14 21 21 20 34 34 20
 0 0 0 0 0 0 0 0 0 0 0 0 0 0 0 0 0 0 0 1 1 1 1 1 2 2 3 3 3 3 4 4 5 5 8 9 9 12 14 14 21 21 20 34 34 20
 0 0 0 0 0 0 0 0 0 0 0 0 0 0 0 0 0 0 0 1 1 1 2 2 4 4 3 4 4 4 5 5 7 7 12 10 10 16 14 14 17 17 20 27 27 22
 1 1 0 0 0 0 0 0 0 0 0 0 0 0 0 0 0 0 1 1 1 2 2 2 4 4 4 5 5 5 6 6 6 6 7 8 8 11 11 11 13 13 17 16 16 22
 1 1 0 0 0 0 0 0 0 0 0 0 0 0 0 0 0 0 1 1 1 2 2 2 4 4 4 5 5 5 6 6 6 6 7 8 8 11 11 11 13 13 17 16 16 22
 0 0 0 0 0 0 0 0 0 0 1 1 1 1 1 1 1 1 1 1 1 3 2 2 4 4 4 4 4 6 5 5 5 5 6 6 6 6 14 14 8 8 14 10 10 12
 0 0 0 0 0 0 0 0 0 0 1 1 1 1 1 1 1 1 1 1 1 2 1 1 3 3 4 3 3 4 9 9 4 4 5 15 15 6 7 7 10 10 12 9 9 9
 0 0 0 0 0 0 0 0 0 0 1 1 1 1 1 1 1 1 1 1 1 2 1 1 3 3 4 3 3 4 9 9 4 4 5 15 15 6 7 7 10 10 12 9 9 9
 1 1 1 1 1 1 1 1 1 1 1 1 1 1 1 1 2 2 2 2 2 2 2 2 2 2 2 3 3 5 5 5 4 4 23 4 4 8 8 8 9 9 10 12 12 7
 1 1 1 1 1 1 1 1 1 1 1 1 1 1 1 1 2 2 2 2 2 2 2 2 2 2 2 3 3 5 5 5 4 4 23 4 4 8 8 8 9 9 10 12 12 7
 1 1 1 1 1 1 1 1 1 1 1 1 1 2 2 2 2 2 2 2 2 2 2 2 4 4 5 6 6 6 6 6 5 5 5 5 5 5 7 7 10 10 7 13 13 11
 1 1 1 1 1 1 1 1 2 2 2 2 2 2 2 2 2 2 2 2 2 1 3 3 3 3 6 5 5 4 4 4 4 4 5 4 4 4 5 5 7 7 6 7 7 5
 1 1 1 1 1 1 1 1 2 2 2 2 2 2 2 2 2 2 2 2 2 1 3 3 3 3 6 5 5 4 4 4 4 4 5 4 4 4 5 5 7 7 6 7 7 5
 1 1 2 2 2 2 2 2 2 2 2 2 2 2 1 1 2 2 1 1 1 1 3 3 2 2 5 4 4 3 2 2 3 3 2 2 2 2 3 3 3 3 2 2 2 1
 1 1 2 2 2 2 2 2 2 2 2 2 2 2 1 1 1 1 1 1 1 1 1 1 2 2 1 3 3 1 1 1 1 1 1 1 1 2 2 2 2 2 1 1 1 0
 1 1 2 2 2 2 2 2 2 2 2 2 2 2 1 1 1 1 1 1 1 1 1 1 2 2 1 3 3 1 1 1 1 1 1 1 1 2 2 2 2 2 1 1 1 0
 1 1 1 2 2 2 2 2 2 2 3 2 2 1 1 1 1 1 0 1 1 1 1 1 1 1 2 1 1 1 1 1 1 1 1 1 1 2 2 2 1 1 1 1 1 1
 1 1 1 2 2 2 2 2 2 2 3 2 2 1 1 1 1 1 0 1 1 1 1 1 1 1 2 1 1 1 1 1 1 1 1 1 1 2 2 2 1 1 1 1 1 1
 1 1 1 2 2 2 2 2 1 1 2 1 1 0 0 0 0 0 0 0 0 0 1 1 1 1 2 1 1 1 1 1 1 1 1 1 1 2 1 1 1 1 0 1 1 0
 1 1 1 1 1 1 1 1 1 1 0 0 0 0 0 0 0 0 0 0 0 0 0 0 0 0 0 1 1 1 1 1 1 1 1 1 1 1 0 0 1 1 0 0 0 0
 1 1 1 1 1 1 1 1 1 1 0 0 0 0 0 0 0 0 0 0 0 0 0 0 0 0 0 1 1 1 1 1 1 1 1 1 1 1 0 0 1 1 0 0 0 0
 1 1 1 1 1 1 0 0 0 0 0 0 0 0 0 0 0 0 0 0 0 0 0 0 0 0 0 1 1 1 2 2 2 2 1 1 1 1 1 1 1 1 0 2 2 1
 4 4 3 1 1 1 0 0 0 0 0 0 0 0 0 0 0 0 0 0 0 0 1 1 1 1 1 1 1 2 2 2 3 3 2 2 2 2 2 2 2 2 2 1 1 1
 4 4 3 1 1 1 0 0 0 0 0 0 0 0 0 0 0 0 0 0 0 0 1 1 1 1 1 1 1 2 2 2 3 3 2 2 2 2 2 2 2 2 2 1 1 1
 3 3 4 2 2 1 1 1 0 0 0 0 0 0 0 0 0 0 1 1 1 1 1 1 1 1 2 3 3 4 4 4 3 3 4 3 3 3 4 4 4 4 4 4 4 2
 3 3 4 2 2 1 1 1 0 0 0 0 0 0 0 0 0 0 1 1 1 1 1 1 1 1 2 3 3 4 4 4 3 3 4 3 3 3 4 4 4 4 4 4 4 2
 2 2 2 1 1 1 1 1 1 1 0 0 0 0 1 1 1 1 1 1 1 1 2 2 2 2 2 3 3 2 2 2 2 2 3 2 2 2 3 3 4 4 3 2 2 1
 0 0 1 0 0 0 0 0 0 0 0 0 0 1 1 1 1 1 1 1 1 1 1 1 2 2 2 1 1 1 1 1 1 1 1 1 1 1 1 1 1 1 1 0 0 0
 0 0 1 0 0 0 0 0 0 0 0 0 0 1 1 1 1 1 1 1 1 1 1 1 2 2 2 1 1 1 1 1 1 1 1 1 1 1 1 1 1 1 1 0 0 0
 0 0 0 0 0 0 0 0 0 0 0 0 0 0 0 0 0 0 0 0 0 0 1 1 1 1 1 1 1 1 1 1 0 0 1 1 1 0 2 2 0 0 0 0 0 0
 0 0 0 0 0 0 0 0 0 0 0 0 0 0 0 0 0 0 0 0 0 0 0 0 0 0 0 0 0 0 1 1 0 0 1 1 1 1 1 1 1 1 1 1 1 0
