assets/RAT_results/precipitation/2017-09-10_IMERG.asc
ncols        46
nrows        77
xllcorner    74.800261325624
yllcorner    8.058333333333
cellsize     0.062500000000
NODATA_value -9999
 1 1 1 1 1 1 2 2 0 0 0 0 0 5 4 4 4 4 4 3 3 8 7 7 5 5 6 7 7 7 6 6 2 2 2 2 2 3 2 2 2 2 5 0 0 1
 1 1 1 1 1 1 1 1 1 1 0 1 1 4 2 2 2 2 4 4 4 5 3 3 6 6 3 5 5 1 1 1 2 2 0 2 2 7 6 6 3 3 3 5 5 0
 1 1 1 1 1 1 1 1 1 1 0 1 1 4 2 2 2 2 4 4 4 5 3 3 6 6 3 5 5 1 1 1 2 2 0 2 2 7 6 6 3 3 3 5 5 0
 1 1 1 1 1 0 1 1 1 1 0 1 1 3 2 2 2 2 1 2 2 4 4 4 4 4 3 5 5 2 1 1 0 0 0 0 0 1 1 1 5 5 1 13 13 4
 0 0 3 2 2 4 1 1 0 0 0 1 1 4 1 1 1 1 1 0 0 2 0 0 1 1 1 3 3 5 2 2 0 0 0 0 0 0 0 0 1 1 1 1 1 5
 0 0 3 2 2 4 1 1 0 0 0 1 1 4 1 1 1 1 1 0 0 2 0 0 1 1 1 3 3 5 2 2 0 0 0 0 0 0 0 0 1 1 1 1 1 5
 0 0 3 1 1 1 1 1 2 2 0 0 0 1 0 0 1 1 1 0 0 2 0 0 0 0 0 2 2 0 0 0 0 0 0 2 2 0 1 1 0 0 0 0 0 0
 0 0 3 1 1 1 1 1 2 2 0 0 0 1 0 0 1 1 1 0 0 2 0 0 0 0 0 2 2 0 0 0 0 0 0 2 2 0 1 1 0 0 0 0 0 0
 1 1 0 1 1 3 2 2 2 2 1 0 0 1 1 1 1 1 1 0 0 2 4 4 0 0 0 0 0 0 0 0 0 0 0 0 0 0 0 0 0 0 0 0 0 0
 2 2 0 1 1 2 1 1 1 1 1 1 1 4 2 2 1 1 0 0 0 0 4 4 0 0 0 1 1 0 1 1 0 0 0 0 0 0 0 0 0 0 0 0 0 0
 2 2 0 1 1 2 1 1 1 1 1 1 1 4 2 2 1 1 0 0 0 0 4 4 0 0 0 1 1 0 1 1 0 0 0 0 0 0 0 0 0 0 0 0 0 0
 1 1 2 0 0 2 0 0 1 1 1 1 1 2 3 3 2 2 0 2 2 1 1 1 0 0 0 1 1 0 0 0 0 0 0 5 5 4 2 2 4 4 2 0 0 0
 2 2 2 1 1 1 0 0 2 2 1 1 1 1 1 1 2 2 2 0 0 0 0 0 0 0 1 1 1 0 0 0 1 1 1 2 2 2 1 1 3 3 2 2 2 0
 2 2 2 1 1 1 0 0 2 2 1 1 1 1 1 1 2 2 2 0 0 0 0 0 0 0 1 1 1 0 0 0 1 1 1 2 2 2 1 1 3 3 2 2 2 0
 2 2 1 0 0 0 2 2 1 1 1 1 1 1 0 0 1 1 2 0 0 1 0 0 0 0 1 1 1 1 1 1 3 3 3 2 2 7 1 1 3 3 3 3 3 2
 2 2 1 0 0 0 2 2 1 1 1 1 1 1 0 0 1 1 2 0 0 1 0 0 0 0 1 1 1 1 1 1 3 3 3 2 2 7 1 1 3 3 3 3 3 2
 1 1 5 1 1 2 1 1 1 1 2 0 0 1 0 0 1 1 1 0 0 1 0 0 1 1 1 2 2 2 5 5 4 4 4 6 6 12 41 41 43 43 5 2 2 2
 3 3 3 2 2 2 1 1 0 0 1 1 1 1 1 1 1 1 0 0 0 0 0 0 2 2 2 3 3 3 32 32 6 6 5 9 9 11 47 47 42 42 4 2 2 2
 3 3 3 2 2 2 1 1 0 0 1 1 1 1 1 1 1 1 0 0 0 0 0 0 2 2 2 3 3 3 32 32 6 6 5 9 9 11 47 47 42 42 4 2 2 2
 3 3 4 1 1 1 1 1 1 1 0 1 1 1 0 0 0 0 1 1 1 1 1 1 2 2 5 7 7 6 5 5 6 6 4 9 9 8 6 6 2 2 2 1 1 1
 4 4 3 2 2 3 1 1 1 1 0 1 1 3 1 1 1 1 1 4 4 6 3 3 21 21 7 17 17 11 8 8 4 4 4 14 14 4 4 4 3 3 3 5 5 4
 4 4 3 2 2 3 1 1 1 1 0 1 1 3 1 1 1 1 1 4 4 6 3 3 21 21 7 17 17 11 8 8 4 4 4 14 14 4 4 4 3 3 3 5 5 4
 2 2 2 2 2 3 2 2 2 2 1 5 5 1 1 1 1 1 4 2 2 2 4 4 6 6 9 12 12 53 14 14 8 8 5 4 4 4 4 4 4 4 4 5 5 5
 2 2 2 2 2 3 2 2 2 2 1 5 5 1 1 1 1 1 4 2 2 2 4 4 6 6 9 12 12 53 14 14 8 8 5 4 4 4 4 4 4 4 4 5 5 5
 1 1 1 3 3 1 2 2 2 2 2 3 3 2 2 2 4 4 6 5 5 4 4 4 8 8 14 9 9 8 27 27 13 13 10 5 5 4 4 4 4 4 3 3 3 3
 2 2 1 1 1 1 2 2 1 1 2 3 3 10 3 3 5 5 4 4 4 4 6 6 7 7 10 6 6 7 42 42 16 16 9 4 4 3 3 3 3 3 3 3 3 4
 2 2 1 1 1 1 2 2 1 1 2 3 3 10 3 3 5 5 4 4 4 4 6 6 7 7 10 6 6 7 42 42 16 16 9 4 4 3 3 3 3 3 3 3 3 4
 2 2 1 2 2 1 1 1 2 2 2 2 2 3 5 5 6 6 8 4 4 5 6 6 6 6 7 3 3 11 5 5 4 4 6 2 2 2 2 2 2 2 2 2 2 3
 1 1 1 1 1 1 1 1 1 1 5 2 2 2 3 3 4 4 3 7 7 4 5 5 5 5 6 2 2 2 2 2 2 2 2 2 2 2 2 2 3 3 2 2 2 3
 1 1 1 1 1 1 1 1 1 1 5 2 2 2 3 3 4 4 3 7 7 4 5 5 5 5 6 2 2 2 2 2 2 2 2 2 2 2 2 2 3 3 2 2 2 3
 0 0 1 1 1 1 2 2 2 2 1 1 1 3 1 1 3 3 2 2 2 2 2 2 5 5 6 3 3 1 4 4 1 1 1 1 1 1 1 1 1 1 1 1 1 1
 0 0 1 1 1 1 2 2 2 2 1 1 1 3 1 1 3 3 2 2 2 2 2 2 5 5 6 3 3 1 4 4 1 1 1 1 1 1 1 1 1 1 1 1 1 1
 4 4 3 1 1 1 1 1 1 1 1 0 0 1 0 0 1 1 0 0 0 1 2 2 5 5 1 4 4 3 1 1 1 1 1 1 1 1 1 1 1 1 1 1 1 1
 1 1 3 1 1 1 1 1 2 2 1 1 1 0 0 0 0 0 1 0 0 1 1 1 1 1 4 3 3 1 1 1 0 0 0 2 2 0 0 0 0 0 0 0 0 0
 1 1 3 1 1 1 1 1 2 2 1 1 1 0 0 0 0 0 1 0 0 1 1 1 1 1 4 3 3 1 1 1 0 0 0 2 2 0 0 0 0 0 0 0 0 0
 0 0 0 1 1 2 1 1 3 3 1 1 1 1 1 1 0 0 1 0 0 1 1 1 2 2 2 3 3 2 2 2 1 1 2 5 5 1 1 1 1 1 1 0 0 0
 2 2 2 1 1 1 3 3 8 8 3 1 1 1 2 2 1 1 1 1 1 2 2 2 3 3 2 10 10 3 23 23 6 6 3 1 1 0 0 0 0 0 0 0 0 1
 2 2 2 1 1 1 3 3 8 8 3 1 1 1 2 2 1 1 1 1 1 2 2 2 3 3 2 10 10 3 23 23 6 6 3 1 1 0 0 0 0 0 0 0 0 1
 3 3 1 4 4 4 1 1 4 4 5 2 2 4 6 6 3 3 3 1 1 6 8 8 3 3 4 3 3 11 6 6 13 13 2 5 5 4 3 3 1 1 1 0 0 1
 3 3 1 4 4 4 1 1 4 4 5 2 2 4 6 6 3 3 3 1 1 6 8 8 3 3 4 3 3 11 6 6 13 13 2 5 5 4 3 3 1 1 1 0 0 1
 3 3 3 3 3 10 8 8 13 13 7 6 6 6 5 5 3 3 3 9 9 11 15 15 2 2 2 2 2 2 5 5 8 8 3 5 5 5 4 4 4 4 3 2 2 1
 1 1 3 5 5 7 18 18 16 16 8 11 11 6 5 5 4 4 5 43 43 73 11 11 1 1 1 1 1 1 1 1 1 1 2 2 2 4 2 2 1 1 2 2 2 2
 1 1 3 5 5 7 18 18 16 16 8 11 11 6 5 5 4 4 5 43 43 73 11 11 1 1 1 1 1 1 1 1 1 1 2 2 2 4 2 2 1 1 2 2 2 2
 2 2 2 3 3 5 17 17 14 14 17 10 10 9 5 5 12 12 7 14 14 11 4 4 0 0 1 0 0 2 1 1 2 2 2 2 2 2 1 1 1 1 1 1 1 1
 4 4 2 3 3 9 6 6 5 5 16 9 9 8 4 4 3 3 5 10 10 7 1 1 1 1 1 0 0 1 3 3 9 9 4 3 3 1 1 1 1 1 1 2 2 1
 4 4 2 3 3 9 6 6 5 5 16 9 9 8 4 4 3 3 5 10 10 7 1 1 1 1 1 0 0 1 3 3 9 9 4 3 3 1 1 1 1 1 1 2 2 1
 0 0 1 1 1 4 5 5 12 12 9 7 7 19 5 5 1 1 2 4 4 2 1 1 1 1 1 1 1 3 11 11 15 15 5 1 1 12 0 0 0 0 1 1 1 1
 0 0 1 1 1 4 5 5 12 12 9 7 7 19 5 5 1 1 2 4 4 2 1 1 1 1 1 1 1 3 11 11 15 15 5 1 1 12 0 0 0 0 1 1 1 1
 4 4 3 5 5 1 2 2 4 4 9 6 6 2 2 2 1 1 1 2 2 0 1 1 0 0 1 1 1 6 2 2 4 4 4 0 0 1 0 0 0 0 0 0 0 0
 3 3 1 6 6 6 3 3 6 6 2 5 5 0 3 3 1 1 2 2 2 0 1 1 1 1 0 2 2 2 10 10 2 2 4 1 1 0 0 0 0 0 0 1 1 0
 3 3 1 6 6 6 3 3 6 6 2 5 5 0 3 3 1 1 2 2 2 0 1 1 1 1 0 2 2 2 10 10 2 2 4 1 1 0 0 0 0 0 0 1 1 0
 6 6 2 7 7 3 5 5 2 2 6 0 0 0 0 0 1 1 1 1 1 0 0 0 0 0 0 2 2 4 1 1 0 0 1 1 1 2 0 0 0 0 0 0 0 2
 6 6 10 8 8 1 6 6 4 4 6 0 0 0 0 0 0 0 3 2 2 1 0 0 1 1 1 0 0 1 0 0 0 0 0 1 1 2 0 0 0 0 0 1 1 1
 6 6 10 8 8 1 6 6 4 4 6 0 0 0 0 0 0 0 3 2 2 1 0 0 1 1 1 0 0 1 0 0 0 0 0 1 1 2 0 0 0 0 0 1 1 1
 7 7 5 7 7 3 4 4 1 1 1 1 1 1 0 0 0 0 1 1 1 4 0 0 1 1 1 1 1 0 2 2 1 1 8 3 3 3 1 1 0 0 0 0 0 3
 7 7 5 7 7 3 4 4 1 1 1 1 1 1 0 0 0 0 1 1 1 4 0 0 1 1 1 1 1 0 2 2 1 1 8 3 3 3 1 1 0 0 0 0 0 3
 7 7 4 0 0 2 2 2 0 0 0 0 0 0 1 1 0 0 1 0 0 1 1 1 1 1 2 1 1 1 2 2 2 2 12 30 30 66 10 10 0 0 0 1 1 0
 5 5 3 2 2 2 2 2 1 1 2 0 0 0 0 0 0 0 0 0 0 1 1 1 1 1 2 1 1 2 2 2 6 6 6 29 29 14 13 13 5 5 1 0 0 0
 5 5 3 2 2 2 2 2 1 1 2 0 0 0 0 0 0 0 0 0 0 1 1 1 1 1 2 1 1 2 2 2 6 6 6 29 29 14 13 13 5 5 1 0 0 0
 2 2 2 4 4 1 1 1 1 1 1 0 0 0 1 1 0 0 0 0 0 1 2 2 1 1 2 1 1 1 2 2 1 1 5 2 2 13 6 6 2 2 0 0 0 0
 4 4 3 12 12 2 2 2 1 1 1 1 1 1 1 1 1 1 0 0 0 0 0 0 1 1 0 6 6 1 3 3 1 1 1 1 1 1 2 2 1 1 0 0 0 0
 4 4 3 12 12 2 2 2 1 1 1 1 1 1 1 1 1 1 0 0 0 0 0 0 1 1 0 6 6 1 3 3 1 1 1 1 1 1 2 2 1 1 0 0 0 0
 2 2 2 3 3 4 2 2 1 1 1 2 2 1 1 1 1 1 1 0 0 1 0 0 1 1 0 8 8 2 1 1 0 0 1 1 1 1 1 1 0 0 0 0 0 0
 2 2 2 3 3 4 2 2 1 1 1 2 2 1 1 1 1 1 1 0 0 1 0 0 1 1 0 8 8 2 1 1 0 0 1 1 1 1 1 1 0 0 0 0 0 0
 3 3 2 2 2 2 3 3 2 2 2 2 2 1 1 1 1 1 1 0 0 1 0 0 0 0 0 0 0 3 2 2 0 0 0 0 0 0 4 4 0 0 0 1 1 0
 4 4 3 2 2 2 2 2 2 2 2 1 1 1 1 1 2 2 1 0 0 0 0 0 0 0 0 0 0 1 1 1 1 1 1 0 0 0 0 0 0 0 0 0 0 0
 4 4 3 2 2 2 2 2 2 2 2 1 1 1 1 1 2 2 1 0 0 0 0 0 0 0 0 0 0 1 1 1 1 1 1 0 0 0 0 0 0 0 0 0 0 0
 3 3 4 3 3 2 3 3 2 2 2 2 2 2 1 1 1 1 1 0 0 0 0 0 0 0 0 0 0 0 2 2 1 1 1 0 0 0 0 0 0 0 0 0 0 0
 1 1 2 3 3 5 3 3 2 2 2 1 1 1 2 2 1 1 0 0 0 0 0 0 0 0 0 0 0 1 0 0 3 3 2 0 0 0 0 0 0 0 0 0 0 0
 1 1 2 3 3 5 3 3 2 2 2 1 1 1 2 2 1 1 0 0 0 0 0 0 0 0 0 0 0 1 0 0 3 3 2 0 0 0 0 0 0 0 0 0 0 0
 1 1 1 1 1 3 2 2 1 1 2 1 1 1 0 0 1 1 0 0 0 0 0 0 0 0 1 0 0 1 1 1 0 0 1 1 1 1 1 1 0 0 0 0 0 0
 1 1 1 1 1 3 2 2 1 1 2 1 1 1 0 0 1 1 0 0 0 0 0 0 0 0 1 0 0 1 1 1 0 0 1 1 1 1 1 1 0 0 0 0 0 0
 1 1 1 1 1 1 2 2 2 2 3 1 1 1 1 1 1 1 0 0 0 0 0 0 0 0 0 0 0 0 0 0 2 2 2 2 2 1 0 0 0 0 0 0 0 0
 1 1 1 1 1 1 2 2 3 3 3 1 1 1 1 1 0 0 0 0 0 0 0 0 0 0 1 0 0 0 0 0 0 0 0 0 0 1 1 1 0 0 0 0 0 0
 1 1 1 1 1 1 2 2 3 3 3 1 1 1 1 1 0 0 0 0 0 0 0 0 0 0 1 0 0 0 0 0 0 0 0 0 0 1 1 1 0 0 0 0 0 0
 0 0 0 1 1 1 5 5 3 3 3 2 2 4 1 1 1 1 2 3 3 4 3 3 1 1 0 0 0 0 0 0 0 0 0 0 0 0 1 1 1 1 1 0 0 0
 0 0 1 2 2 3 4 4 7 7 8 12 12 13 4 4 2 2 3 2 2 2 3 3 1 1 1 0 0 0 1 1 0 0 0 2 2 1 1 1 1 1 1 0 0 0
