assets/RAT_results/precipitation/2017-08-21_IMERG.asc
ncols        46
nrows        77
xllcorner    74.800261325624
yllcorner    8.058333333333
cellsize     0.062500000000
NODATA_value -9999
 54 54 33 13 13 10 17 17 7 7 7 9 9 7 3 3 1 1 7 1 1 2 2 2 1 1 0 0 0 0 1 1 1 1 1 0 0 0 0 0 0 0 0 0 0 0
 21 21 40 15 15 12 15 15 17 17 7 7 7 9 4 4 1 1 1 2 2 0 0 0 2 2 0 0 0 0 1 1 1 1 1 0 0 0 0 0 0 0 2 0 0 0
 21 21 40 15 15 12 15 15 17 17 7 7 7 9 4 4 1 1 1 2 2 0 0 0 2 2 0 0 0 0 1 1 1 1 1 0 0 0 0 0 0 0 2 0 0 0
 19 19 18 15 15 10 12 12 14 14 6 6 6 2 5 5 4 4 2 3 3 2 0 0 2 2 0 0 0 1 1 1 1 1 1 0 0 3 0 0 1 1 4 7 7 1
 12 12 13 16 16 13 11 11 12 12 12 10 10 7 7 7 11 11 3 1 1 1 2 2 7 7 0 0 0 1 0 0 0 0 0 1 1 0 1 1 0 0 2 3 3 8
 12 12 13 16 16 13 11 11 12 12 12 10 10 7 7 7 11 11 3 1 1 1 2 2 7 7 0 0 0 1 0 0 0 0 0 1 1 0 1 1 0 0 2 3 3 8
 13 13 9 12 12 12 10 10 9 9 25 15 15 16 25 25 8 8 8 0 0 0 1 1 1 1 0 0 0 0 0 0 0 0 0 0 0 0 1 1 1 1 3 9 9 2
 13 13 9 12 12 12 10 10 9 9 25 15 15 16 25 25 8 8 8 0 0 0 1 1 1 1 0 0 0 0 0 0 0 0 0 0 0 0 1 1 1 1 3 9 9 2
 8 8 9 12 12 11 18 18 26 26 23 27 27 24 13 13 7 7 4 1 1 0 1 1 0 0 0 0 0 0 0 0 0 0 0 0 0 0 0 0 0 0 6 9 9 3
 12 12 11 15 15 16 16 16 19 19 10 17 17 12 13 13 8 8 6 1 1 1 1 1 1 1 0 0 0 0 0 0 0 0 2 0 0 0 0 0 2 2 3 10 10 7
 12 12 11 15 15 16 16 16 19 19 10 17 17 12 13 13 8 8 6 1 1 1 1 1 1 1 0 0 0 0 0 0 0 0 2 0 0 0 0 0 2 2 3 10 10 7
 12 12 21 13 13 22 12 12 8 8 10 9 9 11 9 9 8 8 9 7 7 5 2 2 1 1 1 0 0 0 0 0 0 0 0 0 0 0 0 0 1 1 2 4 4 5
 13 13 20 37 37 19 15 15 10 10 9 4 4 4 6 6 5 5 3 6 6 4 5 5 4 4 3 0 0 1 0 0 0 0 0 0 0 0 0 0 0 0 1 1 1 2
 13 13 20 37 37 19 15 15 10 10 9 4 4 4 6 6 5 5 3 6 6 4 5 5 4 4 3 0 0 1 0 0 0 0 0 0 0 0 0 0 0 0 1 1 1 2
 15 15 17 29 29 25 16 16 16 16 11 6 6 5 5 5 5 5 2 6 6 3 4 4 4 4 4 3 3 1 1 1 0 0 0 0 0 0 0 0 0 0 0 0 0 0
 15 15 17 29 29 25 16 16 16 16 11 6 6 5 5 5 5 5 2 6 6 3 4 4 4 4 4 3 3 1 1 1 0 0 0 0 0 0 0 0 0 0 0 0 0 0
 23 23 17 20 20 23 15 15 15 15 12 9 9 7 5 5 4 4 4 5 5 5 5 5 3 3 5 4 4 3 1 1 1 1 1 0 0 0 0 0 0 0 0 0 0 0
 37 37 29 25 25 26 20 20 21 21 18 12 12 10 8 8 4 4 5 4 4 6 5 5 6 6 8 7 7 4 3 3 2 2 1 0 0 0 0 0 0 0 0 0 0 0
 37 37 29 25 25 26 20 20 21 21 18 12 12 10 8 8 4 4 5 4 4 6 5 5 6 6 8 7 7 4 3 3 2 2 1 0 0 0 0 0 0 0 0 0 0 0
 35 35 27 28 28 27 41 41 36 36 19 19 19 9 9 9 9 9 11 6 6 9 8 8 10 10 9 7 7 3 3 3 3 3 2 0 0 0 1 1 0 0 0 0 0 0
 44 44 44 62 62 38 38 38 31 31 17 23 23 17 19 19 14 14 10 10 10 8 8 8 12 12 10 8 8 4 4 4 2 2 1 0 0 0 0 0 1 1 0 1 1 0
 44 44 44 62 62 38 38 38 31 31 17 23 23 17 19 19 14 14 10 10 10 8 8 8 12 12 10 8 8 4 4 4 2 2 1 0 0 0 0 0 1 1 0 1 1 0
 42 42 51 78 78 61 33 33 31 31 33 30 30 42 24 24 17 17 14 10 10 13 10 10 6 6 7 4 4 5 6 6 1 1 1 0 0 0 0 0 0 0 0 0 0 0
 42 42 51 78 78 61 33 33 31 31 33 30 30 42 24 24 17 17 14 10 10 13 10 10 6 6 7 4 4 5 6 6 1 1 1 0 0 0 0 0 0 0 0 0 0 0
 46 46 56 39 39 40 38 38 35 35 33 45 45 40 50 50 35 35 33 20 20 20 19 19 8 8 9 5 5 6 6 6 2 2 1 0 0 0 0 0 0 0 0 0 0 0
 47 47 43 48 48 45 51 51 39 39 36 40 40 34 51 51 44 44 52 24 24 17 8 8 7 7 6 6 6 6 7 7 6 6 0 0 0 0 0 0 0 0 0 0 0 0
 47 47 43 48 48 45 51 51 39 39 36 40 40 34 51 51 44 44 52 24 24 17 8 8 7 7 6 6 6 6 7 7 6 6 0 0 0 0 0 0 0 0 0 0 0 0
 46 46 38 47 47 30 54 54 49 49 37 56 56 32 55 55 76 76 55 53 53 49 23 23 17 17 17 6 6 5 4 4 2 2 2 1 1 0 0 0 0 0 0 0 0 0
 46 46 36 30 30 26 43 43 74 74 41 47 47 31 43 43 69 69 47 42 42 38 46 46 40 40 7 5 5 4 1 1 3 3 2 1 1 1 0 0 0 0 1 0 0 0
 46 46 36 30 30 26 43 43 74 74 41 47 47 31 43 43 69 69 47 42 42 38 46 46 40 40 7 5 5 4 1 1 3 3 2 1 1 1 0 0 0 0 1 0 0 0
 32 32 30 28 28 30 65 65 23 23 30 19 19 16 25 25 56 56 44 58 58 43 65 65 41 41 25 20 20 8 3 3 2 2 1 1 1 1 1 1 2 2 0 1 1 1
 32 32 30 28 28 30 65 65 23 23 30 19 19 16 25 25 56 56 44 58 58 43 65 65 41 41 25 20 20 8 3 3 2 2 1 1 1 1 1 1 2 2 0 1 1 1
 29 29 36 25 25 32 25 25 21 21 10 13 13 16 16 16 42 42 43 56 56 27 25 25 34 34 31 25 25 11 2 2 5 5 1 2 2 2 1 1 0 0 0 0 0 0
 44 44 38 37 37 31 21 21 21 21 9 7 7 5 9 9 35 35 45 46 46 27 28 28 31 31 24 40 40 25 3 3 3 3 2 3 3 1 0 0 0 0 2 0 0 0
 44 44 38 37 37 31 21 21 21 21 9 7 7 5 9 9 35 35 45 46 46 27 28 28 31 31 24 40 40 25 3 3 3 3 2 3 3 1 0 0 0 0 2 0 0 0
 53 53 35 34 34 33 31 31 28 28 16 8 8 7 6 6 13 13 28 23 23 29 28 28 38 38 31 20 20 10 5 5 3 3 3 1 1 1 1 1 0 0 0 0 0 1
 41 41 38 40 40 37 47 47 31 31 18 10 10 8 10 10 11 11 13 23 23 16 22 22 27 27 32 22 22 10 15 15 10 10 3 3 3 2 1 1 0 0 1 0 0 0
 41 41 38 40 40 37 47 47 31 31 18 10 10 8 10 10 11 11 13 23 23 16 22 22 27 27 32 22 22 10 15 15 10 10 3 3 3 2 1 1 0 0 1 0 0 0
 41 41 38 51 51 53 38 38 32 32 26 13 13 15 14 14 8 8 10 18 18 29 21 21 18 18 12 12 12 17 15 15 13 13 7 5 5 4 2 2 2 2 0 0 0 1
 41 41 38 51 51 53 38 38 32 32 26 13 13 15 14 14 8 8 10 18 18 29 21 21 18 18 12 12 12 17 15 15 13 13 7 5 5 4 2 2 2 2 0 0 0 1
 77 77 64 53 53 48 29 29 49 49 18 8 8 10 11 11 12 12 7 15 15 17 9 9 10 10 11 18 18 18 16 16 10 10 9 6 6 8 6 6 4 4 2 2 2 1
 79 79 57 56 56 58 66 66 59 59 18 10 10 7 7 7 8 8 7 5 5 11 10 10 10 10 13 19 19 22 16 16 12 12 16 10 10 10 8 8 7 7 3 4 4 2
 79 79 57 56 56 58 66 66 59 59 18 10 10 7 7 7 8 8 7 5 5 11 10 10 10 10 13 19 19 22 16 16 12 12 16 10 10 10 8 8 7 7 3 4 4 2
 37 37 57 50 50 19 15 15 15 15 10 9 9 5 7 7 3 3 3 7 7 12 10 10 8 8 8 11 11 13 14 14 20 20 17 10 10 6 11 11 5 5 3 3 3 2
 40 40 22 22 22 24 8 8 9 9 12 8 8 6 8 8 4 4 5 6 6 6 6 6 7 7 7 9 9 12 11 11 10 10 6 5 5 6 9 9 8 8 4 3 3 0
 40 40 22 22 22 24 8 8 9 9 12 8 8 6 8 8 4 4 5 6 6 6 6 6 7 7 7 9 9 12 11 11 10 10 6 5 5 6 9 9 8 8 4 3 3 0
 29 29 23 21 21 19 9 9 10 10 8 6 6 7 5 5 3 3 3 6 6 6 5 5 6 6 7 6 6 10 7 7 9 9 7 7 7 5 6 6 5 5 4 4 4 2
 29 29 23 21 21 19 9 9 10 10 8 6 6 7 5 5 3 3 3 6 6 6 5 5 6 6 7 6 6 10 7 7 9 9 7 7 7 5 6 6 5 5 4 4 4 2
 13 13 15 17 17 17 8 8 8 8 9 11 11 13 13 13 6 6 3 4 4 5 5 5 8 8 12 6 6 9 7 7 7 7 5 4 4 5 3 3 6 6 8 7 7 2
 14 14 16 21 21 18 15 15 10 10 11 7 7 17 8 8 7 7 3 4 4 2 3 3 9 9 8 9 9 8 5 5 7 7 7 8 8 5 5 5 6 6 7 5 5 4
 14 14 16 21 21 18 15 15 10 10 11 7 7 17 8 8 7 7 3 4 4 2 3 3 9 9 8 9 9 8 5 5 7 7 7 8 8 5 5 5 6 6 7 5 5 4
 14 14 13 17 17 22 13 13 8 8 18 17 17 10 8 8 11 11 16 15 15 2 3 3 11 11 7 7 7 14 18 18 31 31 7 14 14 11 7 7 11 11 5 3 3 4
 14 14 12 17 17 22 17 17 10 10 11 10 10 10 17 17 11 11 16 17 17 24 13 13 18 18 10 8 8 22 37 37 18 18 13 11 11 9 11 11 6 6 6 6 6 2
 14 14 12 17 17 22 17 17 10 10 11 10 10 10 17 17 11 11 16 17 17 24 13 13 18 18 10 8 8 22 37 37 18 18 13 11 11 9 11 11 6 6 6 6 6 2
 12 12 12 10 10 19 20 20 13 13 10 14 14 13 5 5 17 17 17 16 16 25 21 21 48 48 13 13 13 18 18 18 18 18 19 14 14 16 11 11 8 8 8 8 8 1
 12 12 12 10 10 19 20 20 13 13 10 14 14 13 5 5 17 17 17 16 16 25 21 21 48 48 13 13 13 18 18 18 18 18 19 14 14 16 11 11 8 8 8 8 8 1
 11 11 10 14 14 15 11 11 11 11 10 10 10 10 8 8 14 14 4 6 6 16 17 17 33 33 19 16 16 10 21 21 18 18 19 17 17 16 7 7 17 17 6 6 6 1
 9 9 6 9 9 9 11 11 10 10 11 12 12 11 10 10 9 9 9 10 10 9 8 8 9 9 23 17 17 14 20 20 16 16 11 10 10 10 11 11 16 16 10 7 7 3
 9 9 6 9 9 9 11 11 10 10 11 12 12 11 10 10 9 9 9 10 10 9 8 8 9 9 23 17 17 14 20 20 16 16 11 10 10 10 11 11 16 16 10 7 7 3
 8 8 5 6 6 7 14 14 13 13 17 13 13 9 7 7 7 7 8 10 10 9 8 8 5 5 12 14 14 12 10 10 7 7 14 9 9 8 8 8 14 14 7 6 6 3
 6 6 5 9 9 9 16 16 12 12 17 11 11 11 6 6 7 7 9 11 11 13 7 7 9 9 9 13 13 11 13 13 7 7 6 8 8 6 7 7 7 7 8 3 3 2
 6 6 5 9 9 9 16 16 12 12 17 11 11 11 6 6 7 7 9 11 11 13 7 7 9 9 9 13 13 11 13 13 7 7 6 8 8 6 7 7 7 7 8 3 3 2
 12 12 6 7 7 15 14 14 18 18 19 12 12 15 6 6 4 4 2 2 2 10 12 12 8 8 9 9 9 11 16 16 12 12 16 8 8 4 4 4 6 6 8 4 4 2
 12 12 6 7 7 15 14 14 18 18 19 12 12 15 6 6 4 4 2 2 2 10 12 12 8 8 9 9 9 11 16 16 12 12 16 8 8 4 4 4 6 6 8 4 4 2
 25 25 18 20 20 27 16 16 20 20 18 17 17 12 12 12 4 4 5 1 1 5 4 4 2 2 4 5 5 8 9 9 14 14 8 8 8 11 15 15 13 13 11 9 9 2
 26 26 22 24 24 29 15 15 19 19 19 19 19 15 14 14 6 6 8 2 2 3 2 2 1 1 2 4 4 10 9 9 11 11 8 8 8 7 7 7 14 14 11 0 0 2
 26 26 22 24 24 29 15 15 19 19 19 19 19 15 14 14 6 6 8 2 2 3 2 2 1 1 2 4 4 10 9 9 11 11 8 8 8 7 7 7 14 14 11 0 0 2
 32 32 21 23 23 25 18 18 24 24 26 19 19 15 11 11 9 9 6 3 3 2 2 2 2 2 2 4 4 4 8 8 10 10 8 7 7 9 24 24 16 16 12 0 0 2
 25 25 16 21 21 20 22 22 27 27 27 22 22 22 10 10 9 9 5 2 2 2 5 5 2 2 1 1 1 2 3 3 8 8 7 1 1 1 12 12 8 8 9 6 6 0
 25 25 16 21 21 20 22 22 27 27 27 22 22 22 10 10 9 9 5 2 2 2 5 5 2 2 1 1 1 2 3 3 8 8 7 1 1 1 12 12 8 8 9 6 6 0
 26 26 18 18 18 23 32 32 34 34 35 39 39 22 9 9 9 9 3 4 4 5 2 2 4 4 5 1 1 3 2 2 1 1 4 3 3 2 5 5 10 10 6 3 3 1
 26 26 18 18 18 23 32 32 34 34 35 39 39 22 9 9 9 9 3 4 4 5 2 2 4 4 5 1 1 3 2 2 1 1 4 3 3 2 5 5 10 10 6 3 3 1
 16 16 15 19 19 20 27 27 30 30 19 14 14 16 8 8 9 9 8 7 7 7 6 6 6 6 16 9 9 7 8 8 6 6 8 6 6 4 2 2 8 8 17 5 5 1
 21 21 19 20 20 20 25 25 24 24 15 13 13 15 8 8 12 12 9 9 9 9 6 6 11 11 12 10 10 8 7 7 6 6 8 8 8 8 4 4 6 6 4 1 1 0
 21 21 19 20 20 20 25 25 24 24 15 13 13 15 8 8 12 12 9 9 9 9 6 6 11 11 12 10 10 8 7 7 6 6 8 8 8 8 4 4 6 6 4 1 1 0
 22 22 24 23 23 24 24 24 23 23 12 15 15 12 11 11 12 12 10 8 8 8 10 10 12 12 12 15 15 13 8 8 7 7 4 1 1 5 3 3 4 4 4 3 3 2
 22 22 21 25 25 23 31 31 25 25 16 20 20 13 12 12 16 16 10 11 11 8 9 9 11 11 9 8 8 8 9 9 7 7 7 2 2 1 1 1 1 1 3 2 2 1
