assets/RAT_results/precipitation/2017-09-13_IMERG.asc
ncols        46
nrows        77
xllcorner    74.800261325624
yllcorner    8.058333333333
cellsize     0.062500000000
NODATA_value -9999
 10 10 13 6 6 14 20 20 4 4 43 9 9 8 4 4 1 1 1 0 0 0 0 0 0 0 0 0 0 0 0 0 0 0 0 0 0 0 0 0 0 0 1 0 0 0
 17 17 16 38 38 7 13 13 25 25 24 26 26 6 2 2 0 0 0 0 0 0 5 5 5 5 0 0 0 0 0 0 0 0 0 0 0 0 0 0 0 0 0 0 0 0
 17 17 16 38 38 7 13 13 25 25 24 26 26 6 2 2 0 0 0 0 0 0 5 5 5 5 0 0 0 0 0 0 0 0 0 0 0 0 0 0 0 0 0 0 0 0
 17 17 30 20 20 1 1 1 5 5 6 9 9 24 19 19 0 0 0 3 3 3 5 5 5 5 5 0 0 0 0 0 0 0 0 0 0 0 0 0 0 0 0 0 0 0
 11 11 6 12 12 3 3 3 5 5 4 1 1 2 1 1 1 1 1 1 1 1 0 0 0 0 0 0 0 0 0 0 0 0 0 0 0 0 0 0 0 0 0 0 0 0
 11 11 6 12 12 3 3 3 5 5 4 1 1 2 1 1 1 1 1 1 1 1 0 0 0 0 0 0 0 0 0 0 0 0 0 0 0 0 0 0 0 0 0 0 0 0
 10 10 12 7 7 5 9 9 8 8 6 6 6 4 3 3 3 3 2 2 2 1 0 0 0 0 0 0 0 0 0 0 0 0 0 0 0 0 0 0 0 0 0 0 0 0
 10 10 12 7 7 5 9 9 8 8 6 6 6 4 3 3 3 3 2 2 2 1 0 0 0 0 0 0 0 0 0 0 0 0 0 0 0 0 0 0 0 0 0 0 0 0
 18 18 18 8 8 9 9 9 9 9 8 10 10 7 5 5 4 4 1 1 1 0 0 0 0 0 0 0 0 0 0 0 0 0 0 0 0 0 0 0 0 0 0 0 0 1
 36 36 31 19 19 19 10 10 14 14 16 11 11 8 2 2 2 2 0 0 0 0 0 0 0 0 0 0 0 0 0 0 0 0 0 0 0 0 0 0 0 0 0 1 1 1
 36 36 31 19 19 19 10 10 14 14 16 11 11 8 2 2 2 2 0 0 0 0 0 0 0 0 0 0 0 0 0 0 0 0 0 0 0 0 0 0 0 0 0 1 1 1
 32 32 23 25 25 18 13 13 27 27 16 13 13 6 8 8 8 8 1 0 0 0 0 0 0 0 0 0 0 0 0 0 0 0 0 0 0 0 1 1 0 0 1 1 1 1
 44 44 24 19 19 15 10 10 95 95 15 35 35 8 7 7 6 6 1 0 0 1 0 0 0 0 0 0 0 0 0 0 0 0 0 0 0 0 0 0 1 1 0 0 0 0
 44 44 24 19 19 15 10 10 95 95 15 35 35 8 7 7 6 6 1 0 0 1 0 0 0 0 0 0 0 0 0 0 0 0 0 0 0 0 0 0 1 1 0 0 0 0
 30 30 15 16 16 11 24 24 64 64 34 21 21 33 32 32 9 9 3 1 1 0 0 0 1 1 1 1 1 0 0 0 0 0 0 0 0 0 0 0 0 0 2 0 0 0
 30 30 15 16 16 11 24 24 64 64 34 21 21 33 32 32 9 9 3 1 1 0 0 0 1 1 1 1 1 0 0 0 0 0 0 0 0 0 0 0 0 0 2 0 0 0
 31 31 23 19 19 13 21 21 26 26 58 51 51 49 48 48 13 13 9 7 7 2 1 1 1 1 1 1 1 0 0 0 0 0 0 2 2 1 2 2 3 3 0 0 0 0
 17 17 26 34 34 21 25 25 27 27 56 69 69 36 28 28 13 13 12 36 36 7 11 11 11 11 6 5 5 2 0 0 0 0 0 1 1 0 1 1 0 0 0 0 0 0
 17 17 26 34 34 21 25 25 27 27 56 69 69 36 28 28 13 13 12 36 36 7 11 11 11 11 6 5 5 2 0 0 0 0 0 1 1 0 1 1 0 0 0 0 0 0
 29 29 21 25 25 29 31 31 67 67 71 89 89 39 64 64 52 52 12 60 60 21 16 16 20 20 14 4 4 6 1 1 2 2 1 1 1 0 0 0 0 0 0 0 0 0
 28 28 20 33 33 31 32 32 37 37 119 57 57 42 29 29 18 18 31 25 25 57 60 60 37 37 26 7 7 8 6 6 4 4 3 2 2 1 0 0 0 0 0 0 0 0
 28 28 20 33 33 31 32 32 37 37 119 57 57 42 29 29 18 18 31 25 25 57 60 60 37 37 26 7 7 8 6 6 4 4 3 2 2 1 0 0 0 0 0 0 0 0
 27 27 29 37 37 47 42 42 34 34 26 25 25 45 29 29 35 35 37 31 31 62 29 29 26 26 23 9 9 11 8 8 5 5 4 17 17 16 2 2 2 2 0 0 0 0
 27 27 29 37 37 47 42 42 34 34 26 25 25 45 29 29 35 35 37 31 31 62 29 29 26 26 23 9 9 11 8 8 5 5 4 17 17 16 2 2 2 2 0 0 0 0
 19 19 24 25 25 19 25 25 15 15 14 17 17 24 27 27 29 29 43 47 47 38 24 24 20 20 7 12 12 15 11 11 14 14 10 17 17 16 2 2 2 2 0 0 0 0
 17 17 22 21 21 20 20 20 14 14 14 11 11 10 17 17 28 28 28 25 25 27 14 14 6 6 8 11 11 17 17 17 12 12 10 33 33 28 3 3 3 3 2 0 0 0
 17 17 22 21 21 20 20 20 14 14 14 11 11 10 17 17 28 28 28 25 25 27 14 14 6 6 8 11 11 17 17 17 12 12 10 33 33 28 3 3 3 3 2 0 0 0
 14 14 14 13 13 13 8 8 5 5 6 4 4 3 8 8 12 12 13 11 11 10 4 4 3 3 5 6 6 8 14 14 14 14 16 33 33 6 1 1 1 1 1 0 0 0
 13 13 9 11 11 11 10 10 5 5 5 4 4 4 7 7 11 11 12 8 8 9 4 4 3 3 3 3 3 8 12 12 10 10 10 7 7 4 2 2 1 1 1 0 0 0
 13 13 9 11 11 11 10 10 5 5 5 4 4 4 7 7 11 11 12 8 8 9 4 4 3 3 3 3 3 8 12 12 10 10 10 7 7 4 2 2 1 1 1 0 0 0
 10 10 11 7 7 12 10 10 7 7 6 5 5 5 6 6 7 7 6 3 3 2 5 5 7 7 4 6 6 4 6 6 2 2 6 3 3 0 0 0 0 0 0 0 0 0
 10 10 11 7 7 12 10 10 7 7 6 5 5 5 6 6 7 7 6 3 3 2 5 5 7 7 4 6 6 4 6 6 2 2 6 3 3 0 0 0 0 0 0 0 0 0
 9 9 8 7 7 8 7 7 7 7 6 4 4 4 7 7 10 10 6 4 4 4 5 5 6 6 8 5 5 4 4 4 3 3 2 3 3 1 1 1 0 0 1 0 0 1
 26 26 13 10 10 6 13 13 4 4 4 5 5 5 5 5 6 6 8 10 10 9 8 8 7 7 14 12 12 9 5 5 3 3 3 3 3 3 3 3 1 1 1 0 0 1
 26 26 13 10 10 6 13 13 4 4 4 5 5 5 5 5 6 6 8 10 10 9 8 8 7 7 14 12 12 9 5 5 3 3 3 3 3 3 3 3 1 1 1 0 0 1
 22 22 28 12 12 3 6 6 3 3 4 4 4 5 7 7 10 10 12 15 15 32 25 25 13 13 15 13 13 12 10 10 6 6 8 6 6 6 3 3 2 2 1 0 0 1
 17 17 20 17 17 6 11 11 7 7 5 6 6 20 9 9 11 11 17 28 28 46 38 38 39 39 35 15 15 12 11 11 8 8 9 8 8 3 3 3 0 0 0 1 1 1
 17 17 20 17 17 6 11 11 7 7 5 6 6 20 9 9 11 11 17 28 28 46 38 38 39 39 35 15 15 12 11 11 8 8 9 8 8 3 3 3 0 0 0 1 1 1
 11 11 15 11 11 7 13 13 22 22 11 7 7 9 16 16 25 25 15 25 25 35 36 36 31 31 31 25 25 21 20 20 18 18 13 9 9 3 3 3 1 1 3 4 4 3
 11 11 15 11 11 7 13 13 22 22 11 7 7 9 16 16 25 25 15 25 25 35 36 36 31 31 31 25 25 21 20 20 18 18 13 9 9 3 3 3 1 1 3 4 4 3
 5 5 7 6 6 7 16 16 12 12 5 6 6 16 24 24 25 25 20 38 38 38 33 33 25 25 27 30 30 19 22 22 29 29 18 13 13 7 6 6 6 6 8 11 11 2
 4 4 6 6 6 5 6 6 8 8 8 9 9 12 22 22 14 14 13 31 31 27 17 17 19 19 18 22 22 15 22 22 29 29 17 12 12 11 9 9 13 13 8 7 7 1
 4 4 6 6 6 5 6 6 8 8 8 9 9 12 22 22 14 14 13 31 31 27 17 17 19 19 18 22 22 15 22 22 29 29 17 12 12 11 9 9 13 13 8 7 7 1
 4 4 5 7 7 6 7 7 27 27 6 8 8 9 20 20 15 15 20 14 14 22 18 18 15 15 19 24 24 23 21 21 19 19 16 16 16 16 9 9 10 10 6 6 6 2
 3 3 4 6 6 7 7 7 7 7 10 3 3 12 22 22 8 8 16 23 23 10 18 18 20 20 33 27 27 30 26 26 28 28 27 19 19 14 6 6 2 2 5 39 39 5
 3 3 4 6 6 7 7 7 7 7 10 3 3 12 22 22 8 8 16 23 23 10 18 18 20 20 33 27 27 30 26 26 28 28 27 19 19 14 6 6 2 2 5 39 39 5
 4 4 5 6 6 6 7 7 4 4 4 6 6 6 8 8 5 5 15 10 10 8 12 12 16 16 28 46 46 33 33 33 29 29 27 19 19 17 8 8 4 4 7 3 3 4
 4 4 5 6 6 6 7 7 4 4 4 6 6 6 8 8 5 5 15 10 10 8 12 12 16 16 28 46 46 33 33 33 29 29 27 19 19 17 8 8 4 4 7 3 3 4
 4 4 6 5 5 4 4 4 3 3 3 6 6 10 5 5 3 3 4 10 10 7 13 13 18 18 22 26 26 39 38 38 35 35 49 23 23 19 9 9 9 9 9 5 5 7
 5 5 5 4 4 3 3 3 2 2 2 2 2 4 3 3 5 5 6 9 9 11 20 20 19 19 22 20 20 36 41 41 37 37 34 26 26 18 15 15 8 8 7 6 6 7
 5 5 5 4 4 3 3 3 2 2 2 2 2 4 3 3 5 5 6 9 9 11 20 20 19 19 22 20 20 36 41 41 37 37 34 26 26 18 15 15 8 8 7 6 6 7
 6 6 6 3 3 5 2 2 3 3 2 2 2 4 4 4 5 5 7 10 10 14 22 22 26 26 24 26 26 34 40 40 40 40 29 30 30 23 9 9 8 8 9 10 10 6
 8 8 6 4 4 4 4 4 3 3 3 3 3 5 5 5 5 5 10 11 11 16 24 24 24 24 25 22 22 35 46 46 32 32 28 24 24 13 9 9 8 8 7 15 15 10
 8 8 6 4 4 4 4 4 3 3 3 3 3 5 5 5 5 5 10 11 11 16 24 24 24 24 25 22 22 35 46 46 32 32 28 24 24 13 9 9 8 8 7 15 15 10
 11 11 7 6 6 7 4 4 4 4 5 5 5 4 4 4 4 4 8 11 11 14 16 16 25 25 22 26 26 34 33 33 38 38 29 21 21 13 14 14 13 13 12 15 15 9
 11 11 7 6 6 7 4 4 4 4 5 5 5 4 4 4 4 4 8 11 11 14 16 16 25 25 22 26 26 34 33 33 38 38 29 21 21 13 14 14 13 13 12 15 15 9
 11 11 8 10 10 8 5 5 5 5 5 4 4 3 4 4 12 12 6 8 8 9 11 11 27 27 18 24 24 29 23 23 27 27 27 27 27 16 17 17 13 13 22 27 27 19
 19 19 8 11 11 5 5 5 4 4 4 6 6 3 5 5 4 4 5 8 8 7 6 6 9 9 18 20 20 24 19 19 15 15 37 26 26 20 20 20 17 17 24 27 27 12
 19 19 8 11 11 5 5 5 4 4 4 6 6 3 5 5 4 4 5 8 8 7 6 6 9 9 18 20 20 24 19 19 15 15 37 26 26 20 20 20 17 17 24 27 27 12
 21 21 12 13 13 4 7 7 5 5 6 5 5 4 4 4 4 4 4 7 7 6 4 4 6 6 13 11 11 26 62 62 39 39 34 49 49 22 18 18 19 19 19 19 19 23
 19 19 11 13 13 6 8 8 5 5 4 4 4 3 3 3 3 3 4 7 7 7 5 5 5 5 5 10 10 9 19 19 58 58 82 25 25 27 24 24 22 22 14 16 16 20
 19 19 11 13 13 6 8 8 5 5 4 4 4 3 3 3 3 3 4 7 7 7 5 5 5 5 5 10 10 9 19 19 58 58 82 25 25 27 24 24 22 22 14 16 16 20
 19 19 15 11 11 5 5 5 5 5 3 2 2 2 3 3 3 3 4 5 5 3 3 3 2 2 5 9 9 14 17 17 26 26 19 30 30 25 16 16 12 12 20 25 25 28
 19 19 15 11 11 5 5 5 5 5 3 2 2 2 3 3 3 3 4 5 5 3 3 3 2 2 5 9 9 14 17 17 26 26 19 30 30 25 16 16 12 12 20 25 25 28
 21 21 15 9 9 6 6 6 3 3 2 2 2 1 2 2 2 2 3 4 4 3 2 2 2 2 3 3 3 10 14 14 30 30 18 13 13 23 17 17 17 17 26 17 17 13
 26 26 24 15 15 12 10 10 7 7 2 1 1 1 1 1 1 1 2 4 4 3 2 2 2 2 3 3 3 6 9 9 17 17 12 15 15 33 18 18 17 17 17 14 14 12
 26 26 24 15 15 12 10 10 7 7 2 1 1 1 1 1 1 1 2 4 4 3 2 2 2 2 3 3 3 6 9 9 17 17 12 15 15 33 18 18 17 17 17 14 14 12
 29 29 29 19 19 16 13 13 9 9 4 1 1 1 1 1 0 0 0 2 2 3 2 2 0 0 1 3 3 5 8 8 13 13 26 23 23 25 21 21 12 12 8 16 16 5
 29 29 26 21 21 17 10 10 7 7 3 2 2 2 1 1 1 1 0 1 1 1 1 1 2 2 2 2 2 2 8 8 14 14 15 17 17 18 16 16 17 17 13 4 4 3
 29 29 26 21 21 17 10 10 7 7 3 2 2 2 1 1 1 1 0 1 1 1 1 1 2 2 2 2 2 2 8 8 14 14 15 17 17 18 16 16 17 17 13 4 4 3
 24 24 29 20 20 19 13 13 7 7 4 4 4 5 1 1 2 2 3 2 2 1 0 0 3 3 2 3 3 3 2 2 7 7 9 18 18 14 12 12 7 7 6 5 5 5
 24 24 29 20 20 19 13 13 7 7 4 4 4 5 1 1 2 2 3 2 2 1 0 0 3 3 2 3 3 3 2 2 7 7 9 18 18 14 12 12 7 7 6 5 5 5
 23 23 28 21 21 20 16 16 11 11 9 6 6 8 4 4 4 4 3 4 4 4 5 5 3 3 2 3 3 3 2 2 4 4 6 11 11 13 6 6 3 3 4 5 5 4
 28 28 26 27 27 28 20 20 15 15 11 12 12 12 6 6 7 7 7 6 6 7 6 6 3 3 1 6 6 1 2 2 3 3 4 6 6 8 9 9 6 6 2 4 4 2
 28 28 26 27 27 28 20 20 15 15 11 12 12 12 6 6 7 7 7 6 6 7 6 6 3 3 1 6 6 1 2 2 3 3 4 6 6 8 9 9 6 6 2 4 4 2
 27 27 25 23 23 21 16 16 14 14 10 8 8 11 6 6 10 10 10 9 9 9 9 9 7 7 3 3 3 1 1 1 4 4 6 6 6 5 5 5 6 6 4 4 4 3
 22 22 20 14 14 11 12 12 11 11 9 8 8 12 7 7 10 10 8 13 13 13 11 11 7 7 3 4 4 0 2 2 2 2 6 4 4 2 4 4 3 3 6 4 4 4
