assets/RAT_results/precipitation/2017-10-07_IMERG.asc
ncols        46
nrows        77
xllcorner    74.800261325624
yllcorner    8.058333333333
cellsize     0.062500000000
NODATA_value -9999
 2 2 2 0 0 0 0 0 0 0 0 0 0 1 0 0 1 1 1 1 1 1 1 1 1 1 1 1 1 5 3 3 4 4 1 5 5 14 10 10 9 9 2 5 5 4
 2 2 3 0 0 0 0 0 0 0 0 0 0 1 1 1 3 3 1 1 1 1 1 1 2 2 1 1 1 1 1 1 2 2 3 5 5 8 7 7 5 5 5 2 2 2
 2 2 3 0 0 0 0 0 0 0 0 0 0 1 1 1 3 3 1 1 1 1 1 1 2 2 1 1 1 1 1 1 2 2 3 5 5 8 7 7 5 5 5 2 2 2
 1 1 2 1 1 0 0 0 0 0 0 1 1 0 1 1 1 1 0 0 0 0 1 1 1 1 1 1 1 3 2 2 1 1 1 2 2 6 5 5 4 4 3 3 3 2
 1 1 2 3 3 1 0 0 0 0 1 0 0 0 1 1 1 1 0 0 0 0 0 0 0 0 0 1 1 1 1 1 0 0 0 0 0 1 2 2 1 1 0 4 4 7
 1 1 2 3 3 1 0 0 0 0 1 0 0 0 1 1 1 1 0 0 0 0 0 0 0 0 0 1 1 1 1 1 0 0 0 0 0 1 2 2 1 1 0 4 4 7
 1 1 1 2 2 1 1 1 0 0 0 0 0 0 0 0 1 1 0 0 0 0 0 0 0 0 0 1 1 5 1 1 1 1 0 0 0 0 1 1 0 0 1 0 0 1
 1 1 1 2 2 1 1 1 0 0 0 0 0 0 0 0 1 1 0 0 0 0 0 0 0 0 0 1 1 5 1 1 1 1 0 0 0 0 1 1 0 0 1 0 0 1
 0 0 1 2 2 3 0 0 1 1 0 0 0 0 0 0 1 1 1 1 1 0 1 1 1 1 1 1 1 1 2 2 1 1 1 1 1 1 3 3 6 6 6 1 1 2
 0 0 0 1 1 3 1 1 0 0 0 1 1 1 1 1 0 0 1 1 1 1 1 1 1 1 2 2 2 2 4 4 4 4 6 5 5 6 6 6 9 9 7 1 1 2
 0 0 0 1 1 3 1 1 0 0 0 1 1 1 1 1 0 0 1 1 1 1 1 1 1 1 2 2 2 2 4 4 4 4 6 5 5 6 6 6 9 9 7 1 1 2
 4 4 1 1 1 1 2 2 1 1 1 0 0 0 1 1 0 0 0 0 0 0 1 1 1 1 2 3 3 2 4 4 5 5 15 14 14 7 6 6 7 7 6 8 8 2
 8 8 1 2 2 3 3 3 1 1 1 0 0 0 0 0 1 1 0 0 0 0 1 1 1 1 2 2 2 3 4 4 4 4 16 21 21 11 9 9 11 11 7 8 8 4
 8 8 1 2 2 3 3 3 1 1 1 0 0 0 0 0 1 1 0 0 0 0 1 1 1 1 2 2 2 3 4 4 4 4 16 21 21 11 9 9 11 11 7 8 8 4
 5 5 10 2 2 9 2 2 2 2 1 1 1 0 0 0 1 1 1 0 0 0 0 0 1 1 1 3 3 3 4 4 10 10 8 13 13 8 9 9 10 10 9 4 4 3
 5 5 10 2 2 9 2 2 2 2 1 1 1 0 0 0 1 1 1 0 0 0 0 0 1 1 1 3 3 3 4 4 10 10 8 13 13 8 9 9 10 10 9 4 4 3
 2 2 4 4 4 2 2 2 10 10 3 1 1 2 1 1 1 1 1 0 0 0 0 0 0 0 1 2 2 2 3 3 2 2 5 4 4 5 4 4 1 1 6 4 4 4
 3 3 2 2 2 9 16 16 36 36 9 3 3 1 0 0 2 2 1 0 0 1 0 0 0 0 1 1 1 1 2 2 2 2 4 3 3 1 1 1 1 1 0 1 1 5
 3 3 2 2 2 9 16 16 36 36 9 3 3 1 0 0 2 2 1 0 0 1 0 0 0 0 1 1 1 1 2 2 2 2 4 3 3 1 1 1 1 1 0 1 1 5
 2 2 2 1 1 2 11 11 23 23 9 3 3 3 1 1 0 0 0 0 0 0 0 0 0 0 1 1 1 1 1 1 1 1 1 0 0 1 0 0 0 0 0 0 0 0
 2 2 2 1 1 1 3 3 15 15 18 4 4 1 1 1 0 0 0 0 0 1 2 2 1 1 1 0 0 1 1 1 2 2 1 1 1 0 0 0 0 0 0 0 0 2
 2 2 2 1 1 1 3 3 15 15 18 4 4 1 1 1 0 0 0 0 0 1 2 2 1 1 1 0 0 1 1 1 2 2 1 1 1 0 0 0 0 0 0 0 0 2
 2 2 1 0 0 1 4 4 6 6 3 1 1 1 2 2 0 0 0 1 1 3 1 1 0 0 4 3 3 1 2 2 3 3 8 4 4 1 0 0 0 0 0 0 0 2
 2 2 1 0 0 1 4 4 6 6 3 1 1 1 2 2 0 0 0 1 1 3 1 1 0 0 4 3 3 1 2 2 3 3 8 4 4 1 0 0 0 0 0 0 0 2
 1 1 1 2 2 4 1 1 10 10 15 3 3 2 2 2 2 2 1 2 2 1 0 0 0 0 0 0 0 4 2 2 3 3 6 3 3 1 0 0 1 1 1 1 1 2
 1 1 1 1 1 4 6 6 19 19 28 37 37 35 25 25 1 1 1 1 1 0 0 0 1 1 0 0 0 4 0 0 0 0 3 1 1 0 0 0 1 1 1 2 2 2
 1 1 1 1 1 4 6 6 19 19 28 37 37 35 25 25 1 1 1 1 1 0 0 0 1 1 0 0 0 4 0 0 0 0 3 1 1 0 0 0 1 1 1 2 2 2
 2 2 2 6 6 6 6 6 45 45 28 44 44 38 11 11 7 7 6 0 0 0 1 1 0 0 0 0 0 0 0 0 0 0 0 0 0 0 0 0 0 0 0 0 0 1
 5 5 11 7 7 7 27 27 41 41 53 32 32 33 11 11 12 12 3 0 0 0 0 0 1 1 0 1 1 2 0 0 0 0 0 2 2 1 1 1 4 4 4 2 2 0
 5 5 11 7 7 7 27 27 41 41 53 32 32 33 11 11 12 12 3 0 0 0 0 0 1 1 0 1 1 2 0 0 0 0 0 2 2 1 1 1 4 4 4 2 2 0
 22 22 31 20 20 8 9 9 13 13 39 15 15 44 14 14 10 10 3 2 2 2 1 1 1 1 1 0 0 0 1 1 0 0 0 0 0 1 7 7 7 7 15 4 4 1
 22 22 31 20 20 8 9 9 13 13 39 15 15 44 14 14 10 10 3 2 2 2 1 1 1 1 1 0 0 0 1 1 0 0 0 0 0 1 7 7 7 7 15 4 4 1
 18 18 33 15 15 10 7 7 9 9 20 25 25 13 7 7 7 7 4 5 5 1 1 1 1 1 1 1 1 1 0 0 0 0 0 0 0 1 2 2 4 4 10 10 10 1
 11 11 13 14 14 12 11 11 10 10 14 29 29 19 5 5 7 7 5 4 4 2 3 3 2 2 1 1 1 1 1 1 1 1 1 0 0 1 1 1 6 6 11 9 9 4
 11 11 13 14 14 12 11 11 10 10 14 29 29 19 5 5 7 7 5 4 4 2 3 3 2 2 1 1 1 1 1 1 1 1 1 0 0 1 1 1 6 6 11 9 9 4
 49 49 12 10 10 11 13 13 16 16 19 39 39 50 22 22 6 6 5 5 5 4 3 3 2 2 1 1 1 1 0 0 0 0 0 0 0 0 1 1 5 5 8 9 9 0
 16 16 17 11 11 12 13 13 15 15 24 43 43 84 93 93 24 24 12 7 7 6 2 2 1 1 1 1 1 1 0 0 0 0 0 1 1 3 7 7 6 6 5 5 5 1
 16 16 17 11 11 12 13 13 15 15 24 43 43 84 93 93 24 24 12 7 7 6 2 2 1 1 1 1 1 1 0 0 0 0 0 1 1 3 7 7 6 6 5 5 5 1
 15 15 11 12 12 12 11 11 16 16 20 30 30 72 100 100 32 32 22 10 10 9 5 5 4 4 4 4 4 2 0 0 0 0 1 1 1 1 3 3 1 1 1 1 1 2
 15 15 11 12 12 12 11 11 16 16 20 30 30 72 100 100 32 32 22 10 10 9 5 5 4 4 4 4 4 2 0 0 0 0 1 1 1 1 3 3 1 1 1 1 1 2
 20 20 13 14 14 17 17 17 23 23 22 29 29 42 109 109 31 31 31 47 47 32 13 13 7 7 15 1 1 1 1 1 1 1 1 2 2 5 2 2 1 1 4 2 2 2
 22 22 15 17 17 15 18 18 24 24 25 36 36 61 98 98 141 141 78 86 86 25 15 15 12 12 8 4 4 4 3 3 2 2 1 2 2 3 1 1 2 2 1 3 3 6
 22 22 15 17 17 15 18 18 24 24 25 36 36 61 98 98 141 141 78 86 86 25 15 15 12 12 8 4 4 4 3 3 2 2 1 2 2 3 1 1 2 2 1 3 3 6
 30 30 19 26 26 16 15 15 15 15 19 26 26 99 96 96 103 103 87 71 71 30 26 26 15 15 8 6 6 11 10 10 5 5 1 5 5 2 3 3 3 3 3 5 5 3
 29 29 22 27 27 14 14 14 12 12 16 28 28 73 109 109 99 99 74 58 58 36 27 27 34 34 21 27 27 19 16 16 5 5 5 5 5 3 2 2 3 3 3 3 3 3
 29 29 22 27 27 14 14 14 12 12 16 28 28 73 109 109 99 99 74 58 58 36 27 27 34 34 21 27 27 19 16 16 5 5 5 5 5 3 2 2 3 3 3 3 3 3
 28 28 32 25 25 14 16 16 10 10 12 18 18 41 91 91 96 96 59 32 32 36 25 25 28 28 35 21 21 18 14 14 14 14 8 3 3 11 4 4 6 6 5 4 4 2
 28 28 32 25 25 14 16 16 10 10 12 18 18 41 91 91 96 96 59 32 32 36 25 25 28 28 35 21 21 18 14 14 14 14 8 3 3 11 4 4 6 6 5 4 4 2
 28 28 29 14 14 15 15 15 11 11 10 11 11 27 69 69 68 68 40 20 20 12 10 10 18 18 9 16 16 6 19 19 19 19 11 11 11 6 6 6 5 5 9 1 1 2
 23 23 20 21 21 22 12 12 21 21 11 7 7 11 23 23 25 25 20 15 15 8 7 7 8 8 4 5 5 9 9 9 25 25 8 6 6 5 5 5 6 6 6 2 2 1
 23 23 20 21 21 22 12 12 21 21 11 7 7 11 23 23 25 25 20 15 15 8 7 7 8 8 4 5 5 9 9 9 25 25 8 6 6 5 5 5 6 6 6 2 2 1
 18 18 19 21 21 15 8 8 7 7 4 6 6 3 13 13 22 22 12 11 11 5 6 6 5 5 28 4 4 5 10 10 8 8 10 6 6 6 3 3 2 2 4 2 2 1
 7 7 9 17 17 8 8 8 7 7 7 4 4 2 7 7 22 22 26 18 18 10 9 9 5 5 15 5 5 6 11 11 5 5 3 5 5 11 3 3 3 3 5 3 3 3
 7 7 9 17 17 8 8 8 7 7 7 4 4 2 7 7 22 22 26 18 18 10 9 9 5 5 15 5 5 6 11 11 5 5 3 5 5 11 3 3 3 3 5 3 3 3
 5 5 5 8 8 6 5 5 4 4 5 4 4 3 4 4 6 6 22 27 27 12 21 21 9 9 6 4 4 5 5 5 21 21 21 8 8 9 3 3 5 5 4 4 4 7
 5 5 5 8 8 6 5 5 4 4 5 4 4 3 4 4 6 6 22 27 27 12 21 21 9 9 6 4 4 5 5 5 21 21 21 8 8 9 3 3 5 5 4 4 4 7
 4 4 5 3 3 4 6 6 4 4 3 3 3 3 4 4 3 3 5 5 5 4 10 10 2 2 4 7 7 4 3 3 5 5 6 5 5 9 4 4 4 4 5 5 5 8
 3 3 4 4 4 3 4 4 2 2 2 2 2 3 3 3 2 2 1 2 2 1 1 1 1 1 3 5 5 6 5 5 4 4 11 7 7 4 3 3 1 1 2 4 4 10
 3 3 4 4 4 3 4 4 2 2 2 2 2 3 3 3 2 2 1 2 2 1 1 1 1 1 3 5 5 6 5 5 4 4 11 7 7 4 3 3 1 1 2 4 4 10
 2 2 2 4 4 2 5 5 2 2 2 2 2 3 3 3 3 3 2 1 1 1 2 2 1 1 4 5 5 3 4 4 5 5 5 6 6 7 4 4 2 2 1 0 0 7
 1 1 1 0 0 0 0 0 0 0 1 2 2 3 2 2 3 3 2 1 1 1 2 2 1 1 2 2 2 2 3 3 3 3 3 3 3 8 5 5 2 2 1 1 1 0
 1 1 1 0 0 0 0 0 0 0 1 2 2 3 2 2 3 3 2 1 1 1 2 2 1 1 2 2 2 2 3 3 3 3 3 3 3 8 5 5 2 2 1 1 1 0
 0 0 0 0 0 0 0 0 0 0 1 3 3 2 3 3 4 4 3 1 1 1 3 3 4 4 2 3 3 4 2 2 1 1 1 1 1 6 2 2 0 0 0 4 4 4
 0 0 0 0 0 0 0 0 0 0 1 3 3 2 3 3 4 4 3 1 1 1 3 3 4 4 2 3 3 4 2 2 1 1 1 1 1 6 2 2 0 0 0 4 4 4
 0 0 1 1 1 0 0 0 0 0 0 1 1 1 6 6 2 2 3 1 1 3 0 0 4 4 1 1 1 2 3 3 2 2 2 0 0 1 2 2 2 2 3 3 3 2
 0 0 1 0 0 0 0 0 0 0 0 1 1 1 3 3 2 2 2 0 0 0 0 0 1 1 1 1 1 1 2 2 4 4 2 0 0 0 3 3 3 3 1 3 3 2
 0 0 1 0 0 0 0 0 0 0 0 1 1 1 3 3 2 2 2 0 0 0 0 0 1 1 1 1 1 1 2 2 4 4 2 0 0 0 3 3 3 3 1 3 3 2
 0 0 0 0 0 0 0 0 0 0 0 0 0 1 2 2 1 1 2 0 0 0 0 0 0 0 0 0 0 0 1 1 3 3 1 0 0 0 1 1 2 2 0 3 3 5
 0 0 0 3 3 0 0 0 0 0 2 0 0 1 3 3 2 2 1 1 1 1 2 2 2 2 0 0 0 0 0 0 1 1 4 1 1 1 0 0 0 0 0 8 8 1
 0 0 0 3 3 0 0 0 0 0 2 0 0 1 3 3 2 2 1 1 1 1 2 2 2 2 0 0 0 0 0 0 1 1 4 1 1 1 0 0 0 0 0 8 8 1
 0 0 3 0 0 0 1 1 2 2 3 1 1 1 6 6 4 4 1 1 1 1 0 0 2 2 0 0 0 0 0 0 0 0 2 1 1 1 0 0 0 0 0 3 3 0
 0 0 3 0 0 0 1 1 2 2 3 1 1 1 6 6 4 4 1 1 1 1 0 0 2 2 0 0 0 0 0 0 0 0 2 1 1 1 0 0 0 0 0 3 3 0
 0 0 1 0 0 0 2 2 1 1 4 2 2 3 3 3 7 7 0 0 0 0 0 0 2 2 1 0 0 0 1 1 1 1 1 3 3 1 0 0 0 0 0 0 0 0
 0 0 0 0 0 0 2 2 1 1 2 3 3 2 1 1 4 4 2 1 1 0 1 1 1 1 0 1 1 0 1 1 1 1 3 0 0 2 2 2 1 1 0 0 0 0
 0 0 0 0 0 0 2 2 1 1 2 3 3 2 1 1 4 4 2 1 1 0 1 1 1 1 0 1 1 0 1 1 1 1 3 0 0 2 2 2 1 1 0 0 0 0
 1 1 1 1 1 0 3 3 2 2 3 3 3 3 3 3 7 7 4 2 2 2 2 2 1 1 2 6 6 0 1 1 1 1 1 1 1 0 2 2 2 2 1 0 0 1
 2 2 1 1 1 0 2 2 2 2 5 5 5 3 5 5 5 5 5 2 2 7 3 3 2 2 2 5 5 6 0 0 1 1 0 1 1 0 0 0 2 2 2 0 0 0
