assets/RAT_results/precipitation/2017-08-05_IMERG.asc
ncols        46
nrows        77
xllcorner    74.800261325624
yllcorner    8.058333333333
cellsize     0.062500000000
NODATA_value -9999
 11 11 9 22 22 6 10 10 14 14 11 14 14 7 0 0 0 0 0 0 0 0 0 0 0 0 0 0 0 0 0 0 0 0 0 0 0 0 0 0 0 0 0 0 0 0
 31 31 20 17 17 17 18 18 21 21 25 12 12 8 7 7 1 1 0 0 0 0 0 0 0 0 0 0 0 0 0 0 0 0 0 0 0 0 0 0 0 0 0 0 0 0
 31 31 20 17 17 17 18 18 21 21 25 12 12 8 7 7 1 1 0 0 0 0 0 0 0 0 0 0 0 0 0 0 0 0 0 0 0 0 0 0 0 0 0 0 0 0
 21 21 22 26 26 31 19 19 29 29 31 20 20 17 2 2 1 1 1 0 0 0 0 0 0 0 0 0 0 0 0 0 0 0 0 0 0 0 0 0 0 0 0 0 0 0
 8 8 25 17 17 38 13 13 5 5 11 18 18 8 12 12 3 3 3 0 0 0 0 0 0 0 0 0 0 0 0 0 0 0 0 0 0 0 0 0 0 0 0 0 0 0
 8 8 25 17 17 38 13 13 5 5 11 18 18 8 12 12 3 3 3 0 0 0 0 0 0 0 0 0 0 0 0 0 0 0 0 0 0 0 0 0 0 0 0 0 0 0
 12 12 14 20 20 16 12 12 7 7 14 7 7 7 6 6 5 5 3 0 0 0 0 0 0 0 0 0 0 0 0 0 0 0 0 0 0 0 0 0 0 0 0 0 0 0
 12 12 14 20 20 16 12 12 7 7 14 7 7 7 6 6 5 5 3 0 0 0 0 0 0 0 0 0 0 0 0 0 0 0 0 0 0 0 0 0 0 0 0 0 0 0
 8 8 12 9 9 15 13 13 29 29 17 4 4 8 6 6 2 2 1 0 0 0 0 0 0 0 0 0 0 0 0 0 1 1 0 0 0 0 0 0 0 0 2 0 0 0
 7 7 9 9 9 11 17 17 10 10 17 19 19 20 12 12 5 5 3 1 1 0 0 0 0 0 0 0 0 0 0 0 0 0 0 0 0 0 0 0 0 0 0 0 0 0
 7 7 9 9 9 11 17 17 10 10 17 19 19 20 12 12 5 5 3 1 1 0 0 0 0 0 0 0 0 0 0 0 0 0 0 0 0 0 0 0 0 0 0 0 0 0
 2 2 3 8 8 13 12 12 9 9 8 18 18 16 15 15 6 6 2 1 1 0 0 0 0 0 0 0 0 0 0 0 0 0 0 0 0 0 0 0 0 0 0 0 0 0
 1 1 5 7 7 15 14 14 11 11 17 16 16 27 15 15 4 4 4 1 1 2 0 0 0 0 0 0 0 0 0 0 0 0 0 0 0 0 0 0 0 0 0 0 0 0
 1 1 5 7 7 15 14 14 11 11 17 16 16 27 15 15 4 4 4 1 1 2 0 0 0 0 0 0 0 0 0 0 0 0 0 0 0 0 0 0 0 0 0 0 0 0
 7 7 7 8 8 8 13 13 10 10 13 28 28 29 36 36 21 21 17 7 7 5 3 3 0 0 0 0 0 0 0 0 0 0 0 0 0 0 0 0 0 0 0 0 0 0
 7 7 7 8 8 8 13 13 10 10 13 28 28 29 36 36 21 21 17 7 7 5 3 3 0 0 0 0 0 0 0 0 0 0 0 0 0 0 0 0 0 0 0 0 0 0
 4 4 14 11 11 11 13 13 14 14 16 14 14 14 29 29 25 25 24 24 24 27 9 9 5 5 1 0 0 0 0 0 0 0 0 0 0 0 0 0 0 0 0 0 0 0
 13 13 13 12 12 7 13 13 9 9 13 17 17 22 16 16 20 20 24 16 16 21 4 4 5 5 4 2 2 2 2 2 1 1 1 0 0 0 0 0 0 0 0 0 0 0
 13 13 13 12 12 7 13 13 9 9 13 17 17 22 16 16 20 20 24 16 16 21 4 4 5 5 4 2 2 2 2 2 1 1 1 0 0 0 0 0 0 0 0 0 0 0
 2 2 1 2 2 2 7 7 4 4 12 16 16 23 20 20 26 26 23 19 19 14 4 4 4 4 3 3 3 2 2 2 1 1 1 1 1 1 0 0 0 0 0 0 0 0
 2 2 2 1 1 1 4 4 4 4 9 16 16 20 30 30 30 30 34 18 18 15 8 8 5 5 2 3 3 3 3 3 1 1 2 2 2 1 1 1 1 1 0 0 0 0
 2 2 2 1 1 1 4 4 4 4 9 16 16 20 30 30 30 30 34 18 18 15 8 8 5 5 2 3 3 3 3 3 1 1 2 2 2 1 1 1 1 1 0 0 0 0
 3 3 2 2 2 3 2 2 3 3 11 10 10 16 23 23 24 24 24 21 21 17 11 11 9 9 5 4 4 4 3 3 1 1 2 2 2 1 1 1 1 1 1 1 1 0
 3 3 2 2 2 3 2 2 3 3 11 10 10 16 23 23 24 24 24 21 21 17 11 11 9 9 5 4 4 4 3 3 1 1 2 2 2 1 1 1 1 1 1 1 1 0
 2 2 2 1 1 6 2 2 3 3 3 12 12 18 29 29 23 23 26 34 34 32 32 32 22 22 10 5 5 5 2 2 1 1 2 1 1 2 2 2 1 1 0 0 0 0
 2 2 2 2 2 4 3 3 4 4 6 17 17 11 24 24 24 24 16 34 34 32 28 28 29 29 25 25 25 14 2 2 1 1 1 2 2 1 1 1 2 2 0 0 0 0
 2 2 2 2 2 4 3 3 4 4 6 17 17 11 24 24 24 24 16 34 34 32 28 28 29 29 25 25 25 14 2 2 1 1 1 2 2 1 1 1 2 2 0 0 0 0
 1 1 3 2 2 5 9 9 11 11 5 9 9 10 16 16 33 33 40 37 37 35 30 30 32 32 32 30 30 20 10 10 3 3 4 3 3 1 2 2 2 2 3 1 1 1
 10 10 8 9 9 6 3 3 12 12 5 6 6 12 20 20 32 32 28 40 40 22 32 32 33 33 31 38 38 35 20 20 11 11 11 3 3 2 1 1 1 1 2 2 2 2
 10 10 8 9 9 6 3 3 12 12 5 6 6 12 20 20 32 32 28 40 40 22 32 32 33 33 31 38 38 35 20 20 11 11 11 3 3 2 1 1 1 1 2 2 2 2
 10 10 14 11 11 18 13 13 4 4 4 6 6 15 15 15 30 30 33 27 27 26 25 25 38 38 43 34 34 24 28 28 25 25 15 6 6 3 2 2 1 1 0 0 0 0
 10 10 14 11 11 18 13 13 4 4 4 6 6 15 15 15 30 30 33 27 27 26 25 25 38 38 43 34 34 24 28 28 25 25 15 6 6 3 2 2 1 1 0 0 0 0
 10 10 11 13 13 13 12 12 5 5 4 9 9 12 20 20 33 33 30 40 40 42 32 32 46 46 44 34 34 32 44 44 40 40 14 13 13 7 2 2 0 0 1 0 0 0
 19 19 36 22 22 14 9 9 7 7 9 13 13 13 18 18 26 26 42 48 48 54 78 78 78 78 61 42 42 43 43 43 50 50 31 17 17 6 0 0 0 0 1 0 0 0
 19 19 36 22 22 14 9 9 7 7 9 13 13 13 18 18 26 26 42 48 48 54 78 78 78 78 61 42 42 43 43 43 50 50 31 17 17 6 0 0 0 0 1 0 0 0
 16 16 24 29 29 17 15 15 7 7 8 12 12 22 18 18 27 27 35 38 38 41 60 60 58 58 62 57 57 51 45 45 29 29 16 13 13 7 1 1 0 0 0 0 0 0
 20 20 28 25 25 30 19 19 18 18 6 12 12 7 9 9 27 27 23 29 29 47 56 56 47 47 53 47 47 53 39 39 30 30 16 10 10 2 2 2 0 0 0 0 0 0
 20 20 28 25 25 30 19 19 18 18 6 12 12 7 9 9 27 27 23 29 29 47 56 56 47 47 53 47 47 53 39 39 30 30 16 10 10 2 2 2 0 0 0 0 0 0
 19 19 21 23 23 33 25 25 20 20 12 16 16 7 7 7 8 8 18 25 25 35 39 39 42 42 51 49 49 47 43 43 33 33 14 3 3 1 3 3 0 0 0 0 0 0
 19 19 21 23 23 33 25 25 20 20 12 16 16 7 7 7 8 8 18 25 25 35 39 39 42 42 51 49 49 47 43 43 33 33 14 3 3 1 3 3 0 0 0 0 0 0
 20 20 31 30 30 19 21 21 16 16 13 17 17 17 11 11 6 6 15 24 24 35 38 38 37 37 36 41 41 34 42 42 21 21 8 6 6 4 3 3 0 0 0 0 0 0
 17 17 24 35 35 28 37 37 22 22 26 29 29 47 15 15 16 16 10 11 11 30 24 24 29 29 24 33 33 28 35 35 11 11 8 11 11 9 5 5 2 2 1 2 2 1
 17 17 24 35 35 28 37 37 22 22 26 29 29 47 15 15 16 16 10 11 11 30 24 24 29 29 24 33 33 28 35 35 11 11 8 11 11 9 5 5 2 2 1 2 2 1
 22 22 25 24 24 37 26 26 28 28 36 28 28 38 9 9 14 14 16 11 11 22 26 26 38 38 22 21 21 24 38 38 23 23 16 20 20 8 5 5 2 2 3 2 2 1
 36 36 61 46 46 47 36 36 44 44 39 38 38 32 22 22 8 8 13 14 14 26 28 28 36 36 32 41 41 35 44 44 29 29 22 22 22 12 6 6 6 6 1 1 1 1
 36 36 61 46 46 47 36 36 44 44 39 38 38 32 22 22 8 8 13 14 14 26 28 28 36 36 32 41 41 35 44 44 29 29 22 22 22 12 6 6 6 6 1 1 1 1
 22 22 54 54 54 58 49 49 66 66 69 44 44 38 27 27 12 12 9 20 20 28 25 25 21 21 30 28 28 33 45 45 41 41 34 31 31 23 12 12 8 8 5 1 1 1
 22 22 54 54 54 58 49 49 66 66 69 44 44 38 27 27 12 12 9 20 20 28 25 25 21 21 30 28 28 33 45 45 41 41 34 31 31 23 12 12 8 8 5 1 1 1
 22 22 27 31 31 46 60 60 65 65 63 60 60 38 37 37 46 46 28 23 23 31 26 26 33 33 31 29 29 40 47 47 46 46 45 44 44 22 17 17 14 14 6 1 1 2
 18 18 21 36 36 39 34 34 60 60 61 53 53 58 59 59 43 43 47 20 20 20 14 14 25 25 31 35 35 55 38 38 51 51 62 36 36 20 18 18 19 19 8 2 2 2
 18 18 21 36 36 39 34 34 60 60 61 53 53 58 59 59 43 43 47 20 20 20 14 14 25 25 31 35 35 55 38 38 51 51 62 36 36 20 18 18 19 19 8 2 2 2
 16 16 31 32 32 30 43 43 44 44 57 64 64 62 68 68 39 39 37 25 25 23 29 29 34 34 32 22 22 29 40 40 42 42 42 33 33 18 16 16 14 14 9 7 7 4
 24 24 29 37 37 50 45 45 59 59 66 86 86 87 101 101 78 78 42 59 59 36 29 29 40 40 25 27 27 28 35 35 39 39 38 25 25 22 15 15 9 9 13 6 6 4
 24 24 29 37 37 50 45 45 59 59 66 86 86 87 101 101 78 78 42 59 59 36 29 29 40 40 25 27 27 28 35 35 39 39 38 25 25 22 15 15 9 9 13 6 6 4
 17 17 36 45 45 52 62 62 59 59 72 78 78 113 119 119 72 72 74 56 56 40 37 37 42 42 32 31 31 38 39 39 32 32 25 17 17 19 11 11 7 7 11 6 6 2
 17 17 36 45 45 52 62 62 59 59 72 78 78 113 119 119 72 72 74 56 56 40 37 37 42 42 32 31 31 38 39 39 32 32 25 17 17 19 11 11 7 7 11 6 6 2
 15 15 29 33 33 40 57 57 54 54 61 74 74 77 119 119 100 100 55 40 40 44 41 41 41 41 50 28 28 21 15 15 17 17 7 6 6 13 16 16 13 13 13 7 7 4
 14 14 22 24 24 35 58 58 64 64 53 67 67 59 83 83 98 98 86 54 54 52 36 36 29 29 49 23 23 14 17 17 20 20 10 6 6 6 9 9 13 13 13 9 9 2
 14 14 22 24 24 35 58 58 64 64 53 67 67 59 83 83 98 98 86 54 54 52 36 36 29 29 49 23 23 14 17 17 20 20 10 6 6 6 9 9 13 13 13 9 9 2
 12 12 18 27 27 36 45 45 59 59 60 59 59 65 64 64 65 65 77 64 64 49 45 45 34 34 46 21 21 17 14 14 14 14 14 12 12 9 9 9 6 6 5 3 3 1
 14 14 19 22 22 30 52 52 48 48 49 54 54 64 59 59 63 63 72 48 48 52 40 40 35 35 32 15 15 17 14 14 7 7 7 13 13 8 6 6 6 6 6 3 3 0
 14 14 19 22 22 30 52 52 48 48 49 54 54 64 59 59 63 63 72 48 48 52 40 40 35 35 32 15 15 17 14 14 7 7 7 13 13 8 6 6 6 6 6 3 3 0
 33 33 27 27 27 27 38 38 56 56 52 61 61 60 52 52 49 49 51 62 62 48 42 42 32 32 34 15 15 21 9 9 21 21 10 7 7 8 8 8 9 9 4 3 3 2
 33 33 27 27 27 27 38 38 56 56 52 61 61 60 52 52 49 49 51 62 62 48 42 42 32 32 34 15 15 21 9 9 21 21 10 7 7 8 8 8 9 9 4 3 3 2
 15 15 27 25 25 20 30 30 33 33 51 62 62 53 47 47 47 47 40 23 23 31 23 23 24 24 25 16 16 15 18 18 15 15 9 11 11 11 15 15 14 14 4 2 2 2
 22 22 38 19 19 22 20 20 33 33 36 44 44 47 56 56 52 52 31 19 19 23 23 23 22 22 16 10 10 14 16 16 13 13 13 10 10 13 23 23 13 13 3 4 4 0
 22 22 38 19 19 22 20 20 33 33 36 44 44 47 56 56 52 52 31 19 19 23 23 23 22 22 16 10 10 14 16 16 13 13 13 10 10 13 23 23 13 13 3 4 4 0
 14 14 21 25 25 34 26 26 31 31 31 53 53 68 46 46 36 36 28 20 20 21 18 18 18 18 9 13 13 10 10 10 7 7 7 7 7 13 17 17 12 12 2 2 2 0
 11 11 18 23 23 19 17 17 21 21 29 31 31 43 50 50 40 40 31 30 30 35 26 26 24 24 15 13 13 9 11 11 4 4 4 3 3 11 10 10 7 7 3 0 0 0
 11 11 18 23 23 19 17 17 21 21 29 31 31 43 50 50 40 40 31 30 30 35 26 26 24 24 15 13 13 9 11 11 4 4 4 3 3 11 10 10 7 7 3 0 0 0
 9 9 17 15 15 24 27 27 32 32 24 33 33 36 49 49 42 42 37 39 39 33 28 28 20 20 20 20 20 17 6 6 2 2 6 5 5 5 12 12 5 5 4 3 3 0
 9 9 17 15 15 24 27 27 32 32 24 33 33 36 49 49 42 42 37 39 39 33 28 28 20 20 20 20 20 17 6 6 2 2 6 5 5 5 12 12 5 5 4 3 3 0
 17 17 11 15 15 19 26 26 24 24 36 45 45 49 48 48 69 69 40 32 32 28 28 28 33 33 20 11 11 8 8 8 5 5 6 6 6 3 4 4 6 6 6 1 1 1
 10 10 17 17 17 13 21 21 53 53 50 66 66 43 54 54 55 55 46 31 31 19 18 18 18 18 27 17 17 8 3 3 2 2 6 5 5 8 3 3 3 3 6 5 5 3
 10 10 17 17 17 13 21 21 53 53 50 66 66 43 54 54 55 55 46 31 31 19 18 18 18 18 27 17 17 8 3 3 2 2 6 5 5 8 3 3 3 3 6 5 5 3
 8 8 12 11 11 10 28 28 22 22 77 55 55 69 72 72 57 57 33 25 25 33 23 23 18 18 19 17 17 17 7 7 5 5 3 3 3 7 11 11 3 3 2 4 4 1
 5 5 11 13 13 15 18 18 21 21 54 48 48 66 85 85 68 68 37 31 31 23 29 29 29 29 28 30 30 16 12 12 11 11 4 5 5 4 6 6 5 5 9 1 1 1
