assets/RAT_results/precipitation/2017-04-06_IMERG.asc
ncols        46
nrows        77
xllcorner    74.800261325624
yllcorner    8.058333333333
cellsize     0.062500000000
NODATA_value -9999
 13 13 12 32 32 9 31 31 15 15 10 10 10 10 5 5 5 5 5 9 9 18 4 4 5 5 4 5 5 1 1 1 0 0 2 0 0 0 6 6 9 9 2 5 5 15
 12 12 19 43 43 8 37 37 26 26 14 26 26 25 20 20 39 39 12 4 4 9 4 4 6 6 7 7 7 3 3 3 1 1 2 1 1 1 2 2 6 6 4 8 8 13
 12 12 19 43 43 8 37 37 26 26 14 26 26 25 20 20 39 39 12 4 4 9 4 4 6 6 7 7 7 3 3 3 1 1 2 1 1 1 2 2 6 6 4 8 8 13
 14 14 19 15 15 14 19 19 28 28 34 46 46 32 11 11 40 40 12 8 8 35 10 10 11 11 13 13 13 3 2 2 1 1 2 1 1 3 8 8 10 10 12 24 24 11
 32 32 40 19 19 34 13 13 32 32 42 53 53 36 22 22 36 36 33 63 63 40 10 10 13 13 12 13 13 6 2 2 1 1 0 1 1 7 16 16 17 17 19 8 8 7
 32 32 40 19 19 34 13 13 32 32 42 53 53 36 22 22 36 36 33 63 63 40 10 10 13 13 12 13 13 6 2 2 1 1 0 1 1 7 16 16 17 17 19 8 8 7
 17 17 15 42 42 50 34 34 33 33 33 52 52 46 33 33 39 39 35 64 64 36 17 17 12 12 19 14 14 19 3 3 1 1 0 1 1 3 5 5 4 4 7 3 3 3
 17 17 15 42 42 50 34 34 33 33 33 52 52 46 33 33 39 39 35 64 64 36 17 17 12 12 19 14 14 19 3 3 1 1 0 1 1 3 5 5 4 4 7 3 3 3
 30 30 51 32 32 44 20 20 35 35 39 50 50 60 46 46 38 38 47 42 42 19 25 25 31 31 32 31 31 23 3 3 1 1 1 1 1 3 3 3 3 3 3 4 4 1
 32 32 74 36 36 37 41 41 50 50 45 52 52 53 54 54 42 42 49 35 35 31 27 27 34 34 43 89 89 21 19 19 5 5 7 3 3 3 2 2 6 6 3 4 4 2
 32 32 74 36 36 37 41 41 50 50 45 52 52 53 54 54 42 42 49 35 35 31 27 27 34 34 43 89 89 21 19 19 5 5 7 3 3 3 2 2 6 6 3 4 4 2
 51 51 57 76 76 57 66 66 53 53 40 42 42 40 43 43 39 39 35 41 41 53 41 41 56 56 91 27 27 20 9 9 2 2 3 3 3 3 1 1 4 4 2 3 3 3
 101 101 106 76 76 64 57 57 51 51 38 38 38 47 41 41 36 36 27 27 27 43 42 42 30 30 38 14 14 10 7 7 6 6 1 2 2 2 3 3 2 2 2 3 3 2
 101 101 106 76 76 64 57 57 51 51 38 38 38 47 41 41 36 36 27 27 27 43 42 42 30 30 38 14 14 10 7 7 6 6 1 2 2 2 3 3 2 2 2 3 3 2
 97 97 103 102 102 56 67 67 50 50 44 42 42 44 39 39 30 30 27 27 27 33 32 32 28 28 36 18 18 13 11 11 2 2 2 2 2 2 5 5 8 8 7 2 2 2
 97 97 103 102 102 56 67 67 50 50 44 42 42 44 39 39 30 30 27 27 27 33 32 32 28 28 36 18 18 13 11 11 2 2 2 2 2 2 5 5 8 8 7 2 2 2
 101 101 106 100 100 78 89 89 45 45 41 43 43 45 34 34 31 31 30 29 29 27 21 21 23 23 17 20 20 20 10 10 9 9 3 4 4 3 8 8 14 14 13 2 2 2
 96 96 103 96 96 83 69 69 44 44 42 47 47 29 35 35 25 25 33 32 32 20 21 21 14 14 16 13 13 13 9 9 9 9 4 4 4 1 3 3 2 2 13 2 2 2
 96 96 103 96 96 83 69 69 44 44 42 47 47 29 35 35 25 25 33 32 32 20 21 21 14 14 16 13 13 13 9 9 9 9 4 4 4 1 3 3 2 2 13 2 2 2
 70 70 125 127 127 87 68 68 52 52 40 47 47 31 32 32 30 30 41 23 23 21 20 20 16 16 11 14 14 13 10 10 9 9 5 4 4 1 0 0 2 2 2 1 1 1
 108 108 99 114 114 91 46 46 49 49 44 49 49 32 28 28 25 25 37 30 30 18 15 15 14 14 10 14 14 15 15 15 10 10 4 2 2 0 0 0 0 0 0 1 1 2
 108 108 99 114 114 91 46 46 49 49 44 49 49 32 28 28 25 25 37 30 30 18 15 15 14 14 10 14 14 15 15 15 10 10 4 2 2 0 0 0 0 0 0 1 1 2
 107 107 90 83 83 85 79 79 73 73 35 32 32 26 27 27 28 28 27 22 22 17 13 13 17 17 12 13 13 15 22 22 20 20 3 2 2 1 1 1 0 0 0 0 0 2
 107 107 90 83 83 85 79 79 73 73 35 32 32 26 27 27 28 28 27 22 22 17 13 13 17 17 12 13 13 15 22 22 20 20 3 2 2 1 1 1 0 0 0 0 0 2
 67 67 71 74 74 75 43 43 45 45 38 34 34 26 18 18 32 32 30 20 20 10 13 13 17 17 11 15 15 20 14 14 9 9 7 2 2 3 3 3 4 4 0 0 0 1
 17 17 69 83 83 73 37 37 40 40 29 22 22 20 20 20 25 25 25 18 18 6 7 7 11 11 17 15 15 20 13 13 9 9 8 3 3 12 10 10 1 1 2 0 0 0
 17 17 69 83 83 73 37 37 40 40 29 22 22 20 20 20 25 25 25 18 18 6 7 7 11 11 17 15 15 20 13 13 9 9 8 3 3 12 10 10 1 1 2 0 0 0
 16 16 16 23 23 23 23 23 18 18 19 11 11 16 26 26 28 28 22 12 12 4 4 4 4 4 15 9 9 10 7 7 6 6 4 3 3 9 9 9 3 3 0 0 0 0
 12 12 17 13 13 14 21 21 16 16 21 7 7 7 12 12 28 28 10 9 9 4 3 3 2 2 8 4 4 5 6 6 6 6 5 3 3 1 1 1 0 0 0 0 0 0
 12 12 17 13 13 14 21 21 16 16 21 7 7 7 12 12 28 28 10 9 9 4 3 3 2 2 8 4 4 5 6 6 6 6 5 3 3 1 1 1 0 0 0 0 0 0
 12 12 12 12 12 12 12 12 3 3 1 1 1 3 15 15 9 9 15 2 2 3 2 2 3 3 3 3 3 2 4 4 6 6 5 2 2 3 3 3 7 7 1 0 0 0
 12 12 12 12 12 12 12 12 3 3 1 1 1 3 15 15 9 9 15 2 2 3 2 2 3 3 3 3 3 2 4 4 6 6 5 2 2 3 3 3 7 7 1 0 0 0
 0 0 1 1 1 2 1 1 1 1 1 0 0 1 6 6 0 0 1 2 2 14 6 6 3 3 3 3 3 3 3 3 4 4 4 2 2 1 6 6 5 5 4 0 0 0
 0 0 0 1 1 0 0 0 0 0 1 2 2 0 0 0 1 1 1 9 9 13 12 12 3 3 3 4 4 4 1 1 2 2 1 1 1 1 2 2 2 2 0 0 0 0
 0 0 0 1 1 0 0 0 0 0 1 2 2 0 0 0 1 1 1 9 9 13 12 12 3 3 3 4 4 4 1 1 2 2 1 1 1 1 2 2 2 2 0 0 0 0
 0 0 0 0 0 0 0 0 0 0 1 0 0 0 1 1 8 8 2 1 1 9 6 6 4 4 4 4 4 4 0 0 0 0 0 0 0 1 2 2 0 0 0 0 0 0
 1 1 1 1 1 0 0 0 0 0 0 0 0 1 8 8 9 9 6 3 3 5 3 3 2 2 1 6 6 8 0 0 0 0 1 0 0 0 0 0 0 0 0 0 0 0
 1 1 1 1 1 0 0 0 0 0 0 0 0 1 8 8 9 9 6 3 3 5 3 3 2 2 1 6 6 8 0 0 0 0 1 0 0 0 0 0 0 0 0 0 0 0
 0 0 0 0 0 0 0 0 0 0 0 1 1 2 8 8 5 5 4 7 7 8 10 10 8 8 3 7 7 9 9 9 2 2 2 0 0 1 0 0 0 0 0 0 0 0
 0 0 0 0 0 0 0 0 0 0 0 1 1 2 8 8 5 5 4 7 7 8 10 10 8 8 3 7 7 9 9 9 2 2 2 0 0 1 0 0 0 0 0 0 0 0
 0 0 0 0 0 0 1 1 0 0 0 0 0 10 11 11 3 3 5 8 8 7 15 15 10 10 13 11 11 11 5 5 3 3 5 3 3 4 1 1 0 0 0 0 0 0
 0 0 0 1 1 1 1 1 1 1 0 1 1 1 1 1 3 3 6 6 6 6 6 6 9 9 9 7 7 8 4 4 12 12 37 37 37 4 2 2 1 1 0 1 1 0
 0 0 0 1 1 1 1 1 1 1 0 1 1 1 1 1 3 3 6 6 6 6 6 6 9 9 9 7 7 8 4 4 12 12 37 37 37 4 2 2 1 1 0 1 1 0
 0 0 0 4 4 1 0 0 0 0 0 0 0 0 1 1 1 1 5 1 1 5 5 5 8 8 9 10 10 6 4 4 11 11 49 67 67 11 4 4 1 1 0 0 0 0
 0 0 0 0 0 0 0 0 0 0 0 0 0 0 0 0 1 1 2 7 7 3 4 4 6 6 6 8 8 6 4 4 17 17 11 9 9 6 2 2 1 1 0 0 0 0
 0 0 0 0 0 0 0 0 0 0 0 0 0 0 0 0 1 1 2 7 7 3 4 4 6 6 6 8 8 6 4 4 17 17 11 9 9 6 2 2 1 1 0 0 0 0
 0 0 0 0 0 0 0 0 0 0 0 0 0 0 0 0 0 0 1 7 7 3 4 4 7 7 7 6 6 7 6 6 10 10 12 4 4 3 0 0 0 0 0 0 0 0
 0 0 0 0 0 0 0 0 0 0 0 0 0 0 0 0 0 0 1 7 7 3 4 4 7 7 7 6 6 7 6 6 10 10 12 4 4 3 0 0 0 0 0 0 0 0
 0 0 0 1 1 0 0 0 0 0 0 0 0 0 0 0 1 1 1 3 3 11 8 8 8 8 13 13 13 14 13 13 11 11 10 7 7 6 1 1 0 0 1 1 1 0
 0 0 0 0 0 0 0 0 0 0 0 0 0 0 0 0 1 1 1 3 3 6 12 12 14 14 19 18 18 18 16 16 16 16 19 11 11 3 2 2 1 1 1 0 0 0
 0 0 0 0 0 0 0 0 0 0 0 0 0 0 0 0 1 1 1 3 3 6 12 12 14 14 19 18 18 18 16 16 16 16 19 11 11 3 2 2 1 1 1 0 0 0
 0 0 0 0 0 0 0 0 0 0 0 0 0 0 0 0 1 1 1 2 2 6 11 11 15 15 20 21 21 23 20 20 16 16 18 5 5 4 2 2 4 4 3 1 1 0
 0 0 0 0 0 0 0 0 0 0 0 0 0 0 0 0 1 1 1 2 2 5 12 12 16 16 25 28 28 30 31 31 20 20 20 11 11 3 9 9 14 14 11 1 1 0
 0 0 0 0 0 0 0 0 0 0 0 0 0 0 0 0 1 1 1 2 2 5 12 12 16 16 25 28 28 30 31 31 20 20 20 11 11 3 9 9 14 14 11 1 1 0
 0 0 0 0 0 0 0 0 0 0 0 0 0 0 0 0 1 1 1 2 2 6 10 10 18 18 25 28 28 32 32 32 29 29 21 8 8 4 16 16 13 13 5 1 1 0
 0 0 0 0 0 0 0 0 0 0 0 0 0 0 0 0 1 1 1 2 2 6 10 10 18 18 25 28 28 32 32 32 29 29 21 8 8 4 16 16 13 13 5 1 1 0
 0 0 0 0 0 0 0 0 0 0 0 0 0 0 0 0 0 0 1 1 1 5 8 8 10 10 16 19 19 30 32 32 24 24 17 13 13 68 11 11 5 5 2 0 0 0
 0 0 0 0 0 0 0 0 0 0 0 0 0 0 0 0 0 0 1 1 1 4 5 5 7 7 9 15 15 20 21 21 54 54 47 33 33 28 12 12 6 6 1 0 0 0
 0 0 0 0 0 0 0 0 0 0 0 0 0 0 0 0 0 0 1 1 1 4 5 5 7 7 9 15 15 20 21 21 54 54 47 33 33 28 12 12 6 6 1 0 0 0
 0 0 0 0 0 0 0 0 0 0 0 0 0 0 0 0 0 0 6 6 6 4 5 5 7 7 9 12 12 15 20 20 24 24 47 55 55 25 15 15 10 10 4 1 1 0
 0 0 0 0 0 0 0 0 0 0 0 0 0 0 0 0 2 2 8 6 6 6 2 2 3 3 3 5 5 17 30 30 25 25 28 29 29 20 15 15 13 13 6 3 3 3
 0 0 0 0 0 0 0 0 0 0 0 0 0 0 0 0 2 2 8 6 6 6 2 2 3 3 3 5 5 17 30 30 25 25 28 29 29 20 15 15 13 13 6 3 3 3
 0 0 0 0 0 0 0 0 0 0 0 0 0 0 0 0 2 2 2 1 1 1 1 1 2 2 2 4 4 12 50 50 46 46 27 25 25 17 15 15 13 13 4 1 1 0
 0 0 0 0 0 0 0 0 0 0 0 0 0 0 0 0 2 2 2 1 1 1 1 1 2 2 2 4 4 12 50 50 46 46 27 25 25 17 15 15 13 13 4 1 1 0
 0 0 0 0 0 0 0 0 0 0 0 0 0 0 0 0 1 1 2 1 1 0 0 0 1 1 1 2 2 11 14 14 23 23 25 16 16 14 12 12 9 9 2 0 0 0
 0 0 0 0 0 0 0 0 0 0 0 0 0 0 0 0 1 1 1 1 1 1 0 0 1 1 1 3 3 5 11 11 18 18 16 12 12 12 4 4 2 2 0 0 0 0
 0 0 0 0 0 0 0 0 0 0 0 0 0 0 0 0 1 1 1 1 1 1 0 0 1 1 1 3 3 5 11 11 18 18 16 12 12 12 4 4 2 2 0 0 0 0
 0 0 0 0 0 0 0 0 0 0 0 0 0 0 0 0 0 0 1 1 1 1 1 1 1 1 1 4 4 28 12 12 37 37 20 17 17 33 1 1 0 0 0 0 0 0
 0 0 0 0 0 0 0 0 0 0 0 0 0 0 0 0 0 0 0 1 1 1 1 1 1 1 1 3 3 12 13 13 36 36 33 15 15 21 29 29 0 0 0 0 0 0
 0 0 0 0 0 0 0 0 0 0 0 0 0 0 0 0 0 0 0 1 1 1 1 1 1 1 1 3 3 12 13 13 36 36 33 15 15 21 29 29 0 0 0 0 0 0
 0 0 0 0 0 0 0 0 0 0 0 0 0 0 0 0 0 0 0 0 0 1 1 1 1 1 1 5 5 11 13 13 38 38 10 5 5 20 10 10 0 0 0 0 0 0
 0 0 0 0 0 0 0 0 0 0 0 0 0 0 0 0 0 0 0 0 0 1 1 1 1 1 1 5 5 11 13 13 38 38 10 5 5 20 10 10 0 0 0 0 0 0
 0 0 0 0 0 0 0 0 0 0 0 0 0 0 0 0 0 0 0 0 0 1 1 1 1 1 1 3 3 14 7 7 5 5 0 0 0 0 0 0 0 0 0 0 0 0
 0 0 0 0 0 0 0 0 0 0 0 0 0 0 0 0 0 0 0 0 0 1 1 1 1 1 4 0 0 1 0 0 0 0 0 0 0 0 0 0 0 0 0 0 0 0
 0 0 0 0 0 0 0 0 0 0 0 0 0 0 0 0 0 0 0 0 0 1 1 1 1 1 4 0 0 1 0 0 0 0 0 0 0 0 0 0 0 0 0 0 0 0
 0 0 0 0 0 0 0 0 0 0 0 0 0 0 0 0 0 0 0 0 0 1 1 1 1 1 3 5 5 4 0 0 0 0 0 0 0 0 0 0 0 0 0 0 0 0
 0 0 0 0 0 0 0 0 0 0 0 0 0 0 0 0 0 0 0 0 0 0 1 1 1 1 1 3 3 1 0 0 0 0 0 0 0 0 0 0 0 0 0 0 0 0
