assets/RAT_results/precipitation/2017-08-07_IMERG.asc
ncols        46
nrows        77
xllcorner    74.800261325624
yllcorner    8.058333333333
cellsize     0.062500000000
NODATA_value -9999
 1 1 1 4 4 1 2 2 7 7 11 1 1 1 0 0 0 0 0 0 0 0 0 0 0 0 0 1 1 1 1 1 0 0 0 0 0 1 1 1 0 0 0 0 0 0
 5 5 10 2 2 6 6 6 10 10 11 1 1 5 1 1 1 1 2 0 0 0 0 0 0 0 1 3 3 0 0 0 0 0 0 1 1 2 3 3 0 0 0 0 0 0
 5 5 10 2 2 6 6 6 10 10 11 1 1 5 1 1 1 1 2 0 0 0 0 0 0 0 1 3 3 0 0 0 0 0 0 1 1 2 3 3 0 0 0 0 0 0
 8 8 5 3 3 8 11 11 31 31 9 11 11 2 1 1 2 2 2 0 0 0 0 0 0 0 1 3 3 2 2 2 1 1 1 1 1 2 6 6 3 3 0 0 0 0
 18 18 8 5 5 12 12 12 26 26 11 6 6 1 9 9 6 6 15 0 0 0 0 0 0 0 1 2 2 1 1 1 2 2 4 2 2 4 6 6 4 4 2 0 0 0
 18 18 8 5 5 12 12 12 26 26 11 6 6 1 9 9 6 6 15 0 0 0 0 0 0 0 1 2 2 1 1 1 2 2 4 2 2 4 6 6 4 4 2 0 0 0
 17 17 6 10 10 5 5 5 8 8 8 11 11 7 4 4 8 8 8 2 2 0 0 0 0 0 1 1 1 1 1 1 4 4 5 4 4 4 12 12 6 6 2 1 1 0
 17 17 6 10 10 5 5 5 8 8 8 11 11 7 4 4 8 8 8 2 2 0 0 0 0 0 1 1 1 1 1 1 4 4 5 4 4 4 12 12 6 6 2 1 1 0
 6 6 11 6 6 5 8 8 5 5 8 8 8 4 3 3 3 3 2 0 0 0 0 0 0 0 0 12 12 1 1 1 5 5 21 6 6 5 4 4 5 5 4 1 1 1
 13 13 9 4 4 5 3 3 13 13 4 8 8 5 0 0 3 3 3 0 0 0 0 0 0 0 0 0 0 0 0 0 1 1 5 2 2 3 1 1 6 6 1 2 2 0
 13 13 9 4 4 5 3 3 13 13 4 8 8 5 0 0 3 3 3 0 0 0 0 0 0 0 0 0 0 0 0 0 1 1 5 2 2 3 1 1 6 6 1 2 2 0
 5 5 14 6 6 16 10 10 4 4 6 2 2 9 2 2 3 3 1 1 1 0 0 0 0 0 0 0 0 0 0 0 1 1 1 1 1 12 2 2 1 1 1 0 0 1
 5 5 10 14 14 9 9 9 7 7 4 6 6 4 6 6 5 5 1 1 1 0 0 0 0 0 0 0 0 0 0 0 0 0 0 2 2 2 1 1 1 1 0 0 0 1
 5 5 10 14 14 9 9 9 7 7 4 6 6 4 6 6 5 5 1 1 1 0 0 0 0 0 0 0 0 0 0 0 0 0 0 2 2 2 1 1 1 1 0 0 0 1
 12 12 21 8 8 10 9 9 5 5 4 2 2 0 3 3 2 2 1 0 0 0 0 0 0 0 0 0 0 0 0 0 0 0 0 0 0 1 0 0 4 4 0 1 1 11
 12 12 21 8 8 10 9 9 5 5 4 2 2 0 3 3 2 2 1 0 0 0 0 0 0 0 0 0 0 0 0 0 0 0 0 0 0 1 0 0 4 4 0 1 1 11
 18 18 12 11 11 4 4 4 7 7 3 3 3 0 0 0 2 2 1 0 0 0 0 0 0 0 0 0 0 0 0 0 0 0 0 0 0 0 1 1 2 2 0 0 0 1
 26 26 12 10 10 8 5 5 5 5 4 2 2 2 1 1 3 3 1 1 1 1 1 1 0 0 0 0 0 0 0 0 0 0 1 0 0 0 1 1 1 1 5 0 0 0
 26 26 12 10 10 8 5 5 5 5 4 2 2 2 1 1 3 3 1 1 1 1 1 1 0 0 0 0 0 0 0 0 0 0 1 0 0 0 1 1 1 1 5 0 0 0
 28 28 19 25 25 9 8 8 4 4 4 1 1 1 1 1 2 2 3 2 2 2 1 1 0 0 0 1 1 1 1 1 1 1 1 1 1 1 1 1 4 4 0 1 1 1
 31 31 18 7 7 7 8 8 4 4 5 2 2 1 1 1 2 2 2 3 3 4 2 2 0 0 0 1 1 1 1 1 2 2 2 1 1 1 0 0 2 2 4 4 4 14
 31 31 18 7 7 7 8 8 4 4 5 2 2 1 1 1 2 2 2 3 3 4 2 2 0 0 0 1 1 1 1 1 2 2 2 1 1 1 0 0 2 2 4 4 4 14
 27 27 32 34 34 5 4 4 3 3 4 4 4 3 2 2 2 2 6 2 2 3 2 2 0 0 0 1 1 1 1 1 1 1 2 2 2 2 1 1 1 1 8 7 7 8
 27 27 32 34 34 5 4 4 3 3 4 4 4 3 2 2 2 2 6 2 2 3 2 2 0 0 0 1 1 1 1 1 1 1 2 2 2 2 1 1 1 1 8 7 7 8
 27 27 39 21 21 13 5 5 4 4 2 4 4 5 2 2 3 3 4 3 3 5 4 4 0 0 0 1 1 1 1 1 0 0 1 1 1 1 3 3 8 8 6 6 6 5
 31 31 19 19 19 13 20 20 4 4 4 3 3 2 2 2 2 2 1 1 1 3 3 3 1 1 1 0 0 1 4 4 0 0 0 1 1 1 1 1 5 5 3 4 4 3
 31 31 19 19 19 13 20 20 4 4 4 3 3 2 2 2 2 2 1 1 1 3 3 3 1 1 1 0 0 1 4 4 0 0 0 1 1 1 1 1 5 5 3 4 4 3
 54 54 17 12 12 12 9 9 10 10 2 1 1 1 2 2 1 1 3 0 0 0 0 0 0 0 0 0 0 0 4 4 0 0 0 4 4 4 1 1 1 1 2 0 0 7
 34 34 15 23 23 15 22 22 9 9 3 0 0 1 1 1 1 1 1 1 1 0 0 0 0 0 0 0 0 0 0 0 0 0 0 4 4 6 0 0 0 0 0 0 0 0
 34 34 15 23 23 15 22 22 9 9 3 0 0 1 1 1 1 1 1 1 1 0 0 0 0 0 0 0 0 0 0 0 0 0 0 4 4 6 0 0 0 0 0 0 0 0
 20 20 20 17 17 16 10 10 6 6 4 1 1 0 2 2 3 3 2 1 1 1 1 1 0 0 0 0 0 0 0 0 0 0 0 0 0 0 0 0 0 0 0 0 0 0
 20 20 20 17 17 16 10 10 6 6 4 1 1 0 2 2 3 3 2 1 1 1 1 1 0 0 0 0 0 0 0 0 0 0 0 0 0 0 0 0 0 0 0 0 0 0
 21 21 13 12 12 7 6 6 4 4 18 3 3 5 2 2 3 3 1 1 1 0 1 1 0 0 0 0 0 0 0 0 1 1 1 0 0 0 0 0 0 0 0 0 0 0
 15 15 14 16 16 15 4 4 6 6 14 4 4 8 2 2 2 2 1 1 1 0 1 1 3 3 2 0 0 1 1 1 1 1 1 1 1 0 0 0 0 0 2 0 0 0
 15 15 14 16 16 15 4 4 6 6 14 4 4 8 2 2 2 2 1 1 1 0 1 1 3 3 2 0 0 1 1 1 1 1 1 1 1 0 0 0 0 0 2 0 0 0
 9 9 8 9 9 20 10 10 2 2 3 21 21 6 9 9 3 3 3 1 1 1 2 2 1 1 1 0 0 0 2 2 6 6 6 11 11 0 1 1 0 0 0 0 0 1
 7 7 7 16 16 11 10 10 8 8 4 0 0 2 2 2 2 2 0 2 2 1 1 1 1 1 0 0 0 0 0 0 0 0 4 2 2 0 0 0 0 0 0 1 1 1
 7 7 7 16 16 11 10 10 8 8 4 0 0 2 2 2 2 2 0 2 2 1 1 1 1 1 0 0 0 0 0 0 0 0 4 2 2 0 0 0 0 0 0 1 1 1
 5 5 6 14 14 15 16 16 5 5 15 4 4 3 1 1 1 1 1 2 2 2 1 1 1 1 1 1 1 2 2 2 2 2 1 1 1 1 0 0 0 0 1 1 1 1
 5 5 6 14 14 15 16 16 5 5 15 4 4 3 1 1 1 1 1 2 2 2 1 1 1 1 1 1 1 2 2 2 2 2 1 1 1 1 0 0 0 0 1 1 1 1
 5 5 7 10 10 7 17 17 5 5 25 4 4 3 2 2 6 6 6 8 8 2 2 2 2 2 2 3 3 4 3 3 2 2 1 2 2 3 1 1 1 1 1 1 1 0
 4 4 5 5 5 3 6 6 7 7 1 2 2 1 1 1 2 2 1 3 3 4 2 2 2 2 2 4 4 8 5 5 6 6 4 4 4 5 6 6 5 5 5 5 5 4
 4 4 5 5 5 3 6 6 7 7 1 2 2 1 1 1 2 2 1 3 3 4 2 2 2 2 2 4 4 8 5 5 6 6 4 4 4 5 6 6 5 5 5 5 5 4
 7 7 1 2 2 3 1 1 3 3 4 0 0 2 3 3 1 1 1 3 3 4 6 6 4 4 2 3 3 9 6 6 8 8 10 6 6 7 8 8 8 8 8 7 7 4
 4 4 1 7 7 3 2 2 1 1 1 2 2 0 0 0 1 1 1 3 3 5 5 5 4 4 6 3 3 7 9 9 10 10 11 6 6 6 8 8 9 9 10 9 9 5
 4 4 1 7 7 3 2 2 1 1 1 2 2 0 0 0 1 1 1 3 3 5 5 5 4 4 6 3 3 7 9 9 10 10 11 6 6 6 8 8 9 9 10 9 9 5
 13 13 3 2 2 2 2 2 1 1 1 2 2 1 0 0 1 1 1 3 3 3 3 3 5 5 4 5 5 8 7 7 6 6 7 5 5 4 7 7 9 9 7 8 8 5
 13 13 3 2 2 2 2 2 1 1 1 2 2 1 0 0 1 1 1 3 3 3 3 3 5 5 4 5 5 8 7 7 6 6 7 5 5 4 7 7 9 9 7 8 8 5
 4 4 4 8 8 2 9 9 16 16 3 9 9 1 0 0 1 1 1 2 2 3 3 3 5 5 4 8 8 9 8 8 10 10 5 9 9 4 5 5 5 5 6 6 6 8
 3 3 2 8 8 9 4 4 9 9 7 3 3 0 0 0 0 0 0 1 1 2 2 2 4 4 3 3 3 6 14 14 12 12 9 7 7 5 5 5 6 6 7 6 6 10
 3 3 2 8 8 9 4 4 9 9 7 3 3 0 0 0 0 0 0 1 1 2 2 2 4 4 3 3 3 6 14 14 12 12 9 7 7 5 5 5 6 6 7 6 6 10
 4 4 8 9 9 9 3 3 5 5 6 3 3 6 2 2 1 1 0 0 0 1 2 2 5 5 3 5 5 6 12 12 12 12 12 8 8 4 4 4 5 5 6 6 6 6
 5 5 4 7 7 3 2 2 1 1 11 11 11 11 4 4 5 5 2 0 0 1 2 2 2 2 4 6 6 7 9 9 9 9 12 9 9 15 4 4 4 4 4 5 5 5
 5 5 4 7 7 3 2 2 1 1 11 11 11 11 4 4 5 5 2 0 0 1 2 2 2 2 4 6 6 7 9 9 9 9 12 9 9 15 4 4 4 4 4 5 5 5
 8 8 7 3 3 2 3 3 1 1 5 6 6 7 4 4 7 7 4 1 1 1 2 2 2 2 3 5 5 12 14 14 10 10 10 6 6 6 6 6 5 5 4 5 5 6
 8 8 7 3 3 2 3 3 1 1 5 6 6 7 4 4 7 7 4 1 1 1 2 2 2 2 3 5 5 12 14 14 10 10 10 6 6 6 6 6 5 5 4 5 5 6
 9 9 7 4 4 3 4 4 3 3 1 4 4 9 9 9 9 9 8 3 3 4 3 3 3 3 2 1 1 9 11 11 7 7 7 6 6 4 4 4 5 5 4 3 3 4
 17 17 18 5 5 6 3 3 3 3 4 1 1 7 6 6 9 9 13 9 9 5 7 7 3 3 11 1 1 1 4 4 2 2 3 2 2 3 2 2 4 4 4 2 2 2
 17 17 18 5 5 6 3 3 3 3 4 1 1 7 6 6 9 9 13 9 9 5 7 7 3 3 11 1 1 1 4 4 2 2 3 2 2 3 2 2 4 4 4 2 2 2
 24 24 16 15 15 8 6 6 4 4 8 8 8 10 12 12 10 10 7 11 11 6 3 3 24 24 5 2 2 1 1 1 3 3 2 2 2 2 2 2 2 2 1 1 1 1
 18 18 18 19 19 15 17 17 16 16 16 13 13 12 21 21 15 15 15 6 6 3 2 2 4 4 4 8 8 10 4 4 2 2 5 1 1 3 1 1 2 2 0 0 0 0
 18 18 18 19 19 15 17 17 16 16 16 13 13 12 21 21 15 15 15 6 6 3 2 2 4 4 4 8 8 10 4 4 2 2 5 1 1 3 1 1 2 2 0 0 0 0
 27 27 21 35 35 16 21 21 22 22 32 24 24 22 26 26 24 24 15 20 20 5 1 1 4 4 4 12 12 11 7 7 6 6 8 8 8 4 3 3 2 2 1 0 0 0
 27 27 21 35 35 16 21 21 22 22 32 24 24 22 26 26 24 24 15 20 20 5 1 1 4 4 4 12 12 11 7 7 6 6 8 8 8 4 3 3 2 2 1 0 0 0
 27 27 30 27 27 15 25 25 30 30 32 35 35 30 46 46 28 28 44 15 15 4 4 4 3 3 8 11 11 19 9 9 9 9 18 9 9 6 2 2 1 1 3 2 2 0
 45 45 33 25 25 22 22 22 31 31 49 31 31 40 42 42 50 50 35 19 19 10 25 25 5 5 8 4 4 14 10 10 10 10 18 10 10 6 7 7 1 1 2 0 0 0
 45 45 33 25 25 22 22 22 31 31 49 31 31 40 42 42 50 50 35 19 19 10 25 25 5 5 8 4 4 14 10 10 10 10 18 10 10 6 7 7 1 1 2 0 0 0
 44 44 39 33 33 29 23 23 33 33 38 24 24 38 50 50 56 56 35 17 17 15 12 12 1 1 1 5 5 5 17 17 14 14 4 15 15 3 9 9 2 2 1 1 1 0
 44 44 38 40 40 41 47 47 32 32 26 29 29 23 53 53 41 41 30 12 12 7 3 3 2 2 0 1 1 3 9 9 11 11 9 5 5 3 5 5 10 10 1 1 1 2
 44 44 38 40 40 41 47 47 32 32 26 29 29 23 53 53 41 41 30 12 12 7 3 3 2 2 0 1 1 3 9 9 11 11 9 5 5 3 5 5 10 10 1 1 1 2
 37 37 43 40 40 39 33 33 34 34 33 26 26 26 39 39 41 41 24 15 15 11 4 4 2 2 1 1 1 2 4 4 5 5 7 4 4 1 4 4 11 11 2 1 1 0
 37 37 43 40 40 39 33 33 34 34 33 26 26 26 39 39 41 41 24 15 15 11 4 4 2 2 1 1 1 2 4 4 5 5 7 4 4 1 4 4 11 11 2 1 1 0
 43 43 33 35 35 43 38 38 35 35 31 30 30 26 29 29 31 31 27 27 27 21 34 34 3 3 5 2 2 1 3 3 4 4 17 8 8 4 8 8 1 1 4 0 0 1
 29 29 31 40 40 39 41 41 29 29 26 20 20 21 30 30 27 27 27 23 23 27 38 38 20 20 9 7 7 7 6 6 5 5 5 3 3 5 13 13 1 1 0 1 1 0
 29 29 31 40 40 39 41 41 29 29 26 20 20 21 30 30 27 27 27 23 23 27 38 38 20 20 9 7 7 7 6 6 5 5 5 3 3 5 13 13 1 1 0 1 1 0
 41 41 31 53 53 47 30 30 30 30 29 21 21 14 21 21 22 22 27 20 20 24 22 22 29 29 9 7 7 3 5 5 3 3 4 6 6 3 6 6 3 3 2 1 1 1
 44 44 37 58 58 33 51 51 31 31 30 26 26 16 17 17 22 22 19 24 24 22 20 20 25 25 13 5 5 2 1 1 1 1 3 5 5 9 2 2 1 1 2 0 0 0
