assets/RAT_results/precipitation/2017-07-01_IMERG.asc
ncols        46
nrows        77
xllcorner    74.800261325624
yllcorner    8.058333333333
cellsize     0.062500000000
NODATA_value -9999
 8 8 7 3 3 10 12 12 10 10 5 5 5 1 1 1 1 1 1 1 1 1 0 0 0 0 0 0 0 0 0 0 0 0 0 0 0 0 0 0 0 0 1 0 0 0
 21 21 17 16 16 12 13 13 6 6 4 4 4 2 1 1 1 1 1 0 0 1 0 0 0 0 0 0 0 1 0 0 0 0 0 0 0 1 0 0 0 0 0 0 0 1
 21 21 17 16 16 12 13 13 6 6 4 4 4 2 1 1 1 1 1 0 0 1 0 0 0 0 0 0 0 1 0 0 0 0 0 0 0 1 0 0 0 0 0 0 0 1
 33 33 31 26 26 25 22 22 17 17 8 5 5 1 6 6 6 6 1 1 1 1 0 0 0 0 1 1 1 1 3 3 1 1 1 1 1 1 1 1 1 1 1 1 1 1
 12 12 29 37 37 31 20 20 27 27 24 28 28 6 5 5 1 1 2 0 0 1 0 0 0 0 1 1 1 1 1 1 1 1 2 1 1 1 1 1 1 1 2 2 2 2
 12 12 29 37 37 31 20 20 27 27 24 28 28 6 5 5 1 1 2 0 0 1 0 0 0 0 1 1 1 1 1 1 1 1 2 1 1 1 1 1 1 1 2 2 2 2
 10 10 22 40 40 32 14 14 27 27 24 18 18 16 4 4 1 1 1 1 1 1 0 0 0 0 0 1 1 1 2 2 2 2 1 1 1 1 1 1 2 2 3 2 2 2
 10 10 22 40 40 32 14 14 27 27 24 18 18 16 4 4 1 1 1 1 1 1 0 0 0 0 0 1 1 1 2 2 2 2 1 1 1 1 1 1 2 2 3 2 2 2
 12 12 9 13 13 11 7 7 7 7 15 19 19 20 9 9 2 2 1 2 2 1 0 0 0 0 0 1 1 1 1 1 1 1 1 1 1 2 2 2 3 3 3 2 2 5
 22 22 5 8 8 9 8 8 10 10 8 12 12 10 8 8 2 2 2 3 3 1 0 0 1 1 0 1 1 1 0 0 1 1 1 3 3 2 2 2 8 8 2 1 1 1
 22 22 5 8 8 9 8 8 10 10 8 12 12 10 8 8 2 2 2 3 3 1 0 0 1 1 0 1 1 1 0 0 1 1 1 3 3 2 2 2 8 8 2 1 1 1
 10 10 7 6 6 11 10 10 6 6 11 8 8 11 7 7 2 2 3 4 4 3 0 0 3 3 0 3 3 4 0 0 0 0 1 1 1 3 4 4 1 1 1 0 0 0
 10 10 8 8 8 15 19 19 21 21 10 14 14 9 7 7 3 3 3 4 4 1 1 1 1 1 1 0 0 2 1 1 0 0 0 1 1 0 1 1 1 1 0 0 0 0
 10 10 8 8 8 15 19 19 21 21 10 14 14 9 7 7 3 3 3 4 4 1 1 1 1 1 1 0 0 2 1 1 0 0 0 1 1 0 1 1 1 1 0 0 0 0
 7 7 10 12 12 13 12 12 11 11 18 12 12 6 4 4 7 7 5 9 9 9 1 1 2 2 0 0 0 1 2 2 5 5 26 1 1 1 1 1 1 1 1 1 1 1
 7 7 10 12 12 13 12 12 11 11 18 12 12 6 4 4 7 7 5 9 9 9 1 1 2 2 0 0 0 1 2 2 5 5 26 1 1 1 1 1 1 1 1 1 1 1
 4 4 11 44 44 16 16 16 16 16 21 17 17 11 11 11 12 12 81 75 75 3 3 3 0 0 1 1 1 4 1 1 0 0 1 1 1 1 1 1 1 1 1 1 1 1
 7 7 16 41 41 25 19 19 22 22 25 20 20 15 12 12 24 24 83 9 9 3 0 0 0 0 1 1 1 4 3 3 4 4 2 0 0 1 1 1 0 0 0 1 1 1
 7 7 16 41 41 25 19 19 22 22 25 20 20 15 12 12 24 24 83 9 9 3 0 0 0 0 1 1 1 4 3 3 4 4 2 0 0 1 1 1 0 0 0 1 1 1
 15 15 25 35 35 30 18 18 19 19 31 33 33 38 26 26 22 22 18 12 12 9 2 2 1 1 1 1 1 1 3 3 0 0 0 1 1 0 0 0 1 1 0 3 3 0
 10 10 23 27 27 25 16 16 11 11 28 27 27 37 33 33 57 57 14 14 14 9 4 4 5 5 3 3 3 1 3 3 1 1 0 0 0 3 2 2 2 2 3 1 1 0
 10 10 23 27 27 25 16 16 11 11 28 27 27 37 33 33 57 57 14 14 14 9 4 4 5 5 3 3 3 1 3 3 1 1 0 0 0 3 2 2 2 2 3 1 1 0
 21 21 19 21 21 26 18 18 16 16 14 17 17 32 35 35 26 26 22 14 14 12 15 15 7 7 4 3 3 1 1 1 0 0 0 0 0 0 0 0 2 2 3 0 0 0
 21 21 19 21 21 26 18 18 16 16 14 17 17 32 35 35 26 26 22 14 14 12 15 15 7 7 4 3 3 1 1 1 0 0 0 0 0 0 0 0 2 2 3 0 0 0
 24 24 8 8 8 11 12 12 9 9 15 7 7 24 22 22 30 30 25 24 24 25 33 33 9 9 15 9 9 2 1 1 1 1 0 0 0 2 0 0 0 0 2 2 2 0
 30 30 5 7 7 8 8 8 6 6 11 10 10 18 31 31 30 30 31 29 29 24 22 22 19 19 10 4 4 1 4 4 0 0 0 0 0 0 0 0 0 0 0 4 4 2
 30 30 5 7 7 8 8 8 6 6 11 10 10 18 31 31 30 30 31 29 29 24 22 22 19 19 10 4 4 1 4 4 0 0 0 0 0 0 0 0 0 0 0 4 4 2
 13 13 8 7 7 6 7 7 8 8 10 13 13 15 16 16 35 35 23 25 25 19 23 23 10 10 5 4 4 4 4 4 0 0 0 0 0 0 0 0 0 0 0 1 1 0
 16 16 20 12 12 11 9 9 18 18 26 14 14 22 23 23 25 25 20 27 27 26 14 14 8 8 5 4 4 8 2 2 1 1 1 0 0 0 0 0 0 0 1 0 0 0
 16 16 20 12 12 11 9 9 18 18 26 14 14 22 23 23 25 25 20 27 27 26 14 14 8 8 5 4 4 8 2 2 1 1 1 0 0 0 0 0 0 0 1 0 0 0
 31 31 12 14 14 14 14 14 17 17 19 26 26 34 27 27 24 24 27 21 21 22 26 26 14 14 13 7 7 5 3 3 5 5 0 1 1 0 0 0 4 4 0 0 0 0
 31 31 12 14 14 14 14 14 17 17 19 26 26 34 27 27 24 24 27 21 21 22 26 26 14 14 13 7 7 5 3 3 5 5 0 1 1 0 0 0 4 4 0 0 0 0
 11 11 13 17 17 24 17 17 19 19 21 39 39 46 22 22 27 27 26 32 32 24 22 22 23 23 21 18 18 8 12 12 6 6 2 1 1 1 0 0 0 0 0 1 1 0
 10 10 13 16 16 17 15 15 17 17 33 41 41 37 18 18 20 20 35 30 30 28 28 28 27 27 27 18 18 8 14 14 6 6 1 3 3 1 0 0 2 2 1 1 1 1
 10 10 13 16 16 17 15 15 17 17 33 41 41 37 18 18 20 20 35 30 30 28 28 28 27 27 27 18 18 8 14 14 6 6 1 3 3 1 0 0 2 2 1 1 1 1
 12 12 13 12 12 13 17 17 17 17 25 36 36 37 18 18 22 22 27 24 24 31 26 26 20 20 21 18 18 18 8 8 2 2 2 0 0 0 0 0 5 5 0 0 0 0
 7 7 11 12 12 16 24 24 18 18 22 31 31 28 25 25 16 16 20 33 33 21 31 31 25 25 30 23 23 4 15 15 2 2 2 1 1 1 0 0 0 0 0 0 0 0
 7 7 11 12 12 16 24 24 18 18 22 31 31 28 25 25 16 16 20 33 33 21 31 31 25 25 30 23 23 4 15 15 2 2 2 1 1 1 0 0 0 0 0 0 0 0
 8 8 9 10 10 15 18 18 15 15 12 17 17 21 24 24 22 22 19 35 35 28 23 23 13 13 16 3 3 6 5 5 3 3 2 2 2 1 0 0 0 0 1 1 1 1
 8 8 9 10 10 15 18 18 15 15 12 17 17 21 24 24 22 22 19 35 35 28 23 23 13 13 16 3 3 6 5 5 3 3 2 2 2 1 0 0 0 0 1 1 1 1
 10 10 10 9 9 10 18 18 17 17 27 12 12 14 15 15 14 14 17 37 37 39 53 53 16 16 14 9 9 9 10 10 6 6 2 2 2 2 1 1 0 0 2 1 1 0
 7 7 7 6 6 9 14 14 10 10 9 10 10 11 11 11 13 13 22 31 31 40 33 33 21 21 17 13 13 13 18 18 9 9 7 3 3 4 1 1 5 5 3 1 1 1
 7 7 7 6 6 9 14 14 10 10 9 10 10 11 11 11 13 13 22 31 31 40 33 33 21 21 17 13 13 13 18 18 9 9 7 3 3 4 1 1 5 5 3 1 1 1
 5 5 5 5 5 8 8 8 9 9 11 11 11 14 12 12 13 13 12 23 23 22 28 28 22 22 22 15 15 19 18 18 12 12 7 5 5 4 1 1 1 1 2 1 1 1
 3 3 5 5 5 6 7 7 6 6 4 4 4 6 5 5 7 7 7 14 14 20 20 20 26 26 25 19 19 26 16 16 15 15 7 5 5 3 1 1 0 0 1 1 1 1
 3 3 5 5 5 6 7 7 6 6 4 4 4 6 5 5 7 7 7 14 14 20 20 20 26 26 25 19 19 26 16 16 15 15 7 5 5 3 1 1 0 0 1 1 1 1
 3 3 4 4 4 3 3 3 3 3 2 2 2 4 5 5 7 7 10 9 9 24 26 26 35 35 34 31 31 25 24 24 15 15 10 7 7 1 2 2 1 1 3 2 2 2
 3 3 4 4 4 3 3 3 3 3 2 2 2 4 5 5 7 7 10 9 9 24 26 26 35 35 34 31 31 25 24 24 15 15 10 7 7 1 2 2 1 1 3 2 2 2
 3 3 3 3 3 3 3 3 3 3 2 2 2 1 1 1 3 3 6 8 8 25 41 41 39 39 46 39 39 39 29 29 16 16 9 5 5 2 3 3 3 3 3 2 2 2
 6 6 5 4 4 3 2 2 2 2 2 4 4 2 1 1 1 1 3 8 8 29 37 37 35 35 31 23 23 20 26 26 22 22 22 4 4 4 4 4 2 2 2 2 2 2
 6 6 5 4 4 3 2 2 2 2 2 4 4 2 1 1 1 1 3 8 8 29 37 37 35 35 31 23 23 20 26 26 22 22 22 4 4 4 4 4 2 2 2 2 2 2
 7 7 8 4 4 3 2 2 3 3 3 3 3 3 2 2 2 2 2 5 5 24 26 26 26 26 26 21 21 19 25 25 21 21 18 5 5 5 6 6 5 5 2 1 1 1
 6 6 4 3 3 3 6 6 5 5 4 4 4 3 2 2 2 2 1 3 3 4 22 22 18 18 18 14 14 14 17 17 13 13 7 4 4 9 5 5 4 4 2 1 1 1
 6 6 4 3 3 3 6 6 5 5 4 4 4 3 2 2 2 2 1 3 3 4 22 22 18 18 18 14 14 14 17 17 13 13 7 4 4 9 5 5 4 4 2 1 1 1
 6 6 5 4 4 4 8 8 6 6 5 4 4 2 2 2 1 1 1 2 2 2 7 7 10 10 8 12 12 9 13 13 8 8 8 6 6 5 6 6 5 5 8 3 3 0
 6 6 5 4 4 4 8 8 6 6 5 4 4 2 2 2 1 1 1 2 2 2 7 7 10 10 8 12 12 9 13 13 8 8 8 6 6 5 6 6 5 5 8 3 3 0
 4 4 4 5 5 5 6 6 7 7 4 4 4 2 2 2 1 1 1 2 2 2 8 8 7 7 6 6 6 8 10 10 8 8 8 11 11 5 5 5 9 9 3 2 2 0
 4 4 5 5 5 5 5 5 4 4 2 2 2 1 1 1 1 1 1 2 2 2 5 5 5 5 6 6 6 6 12 12 10 10 9 8 8 4 2 2 2 2 0 0 0 0
 4 4 5 5 5 5 5 5 4 4 2 2 2 1 1 1 1 1 1 2 2 2 5 5 5 5 6 6 6 6 12 12 10 10 9 8 8 4 2 2 2 2 0 0 0 0
 4 4 4 6 6 4 4 4 4 4 3 2 2 2 3 3 6 6 2 2 2 3 2 2 1 1 8 4 4 4 6 6 8 8 13 12 12 10 6 6 5 5 0 0 0 0
 6 6 5 6 6 4 4 4 4 4 4 3 3 2 2 2 2 2 2 2 2 2 1 1 2 2 6 5 5 2 4 4 26 26 7 7 7 7 6 6 5 5 2 2 2 0
 6 6 5 6 6 4 4 4 4 4 4 3 3 2 2 2 2 2 2 2 2 2 1 1 2 2 6 5 5 2 4 4 26 26 7 7 7 7 6 6 5 5 2 2 2 0
 7 7 6 8 8 6 5 5 4 4 4 4 4 2 2 2 2 2 2 2 2 1 0 0 1 1 1 13 13 2 4 4 3 3 0 1 1 1 2 2 6 6 4 2 2 0
 7 7 6 8 8 6 5 5 4 4 4 4 4 2 2 2 2 2 2 2 2 1 0 0 1 1 1 13 13 2 4 4 3 3 0 1 1 1 2 2 6 6 4 2 2 0
 11 11 7 9 9 8 7 7 4 4 6 15 15 6 2 2 3 3 2 1 1 1 1 1 1 1 1 1 1 5 4 4 25 25 1 0 0 0 3 3 5 5 1 1 1 0
 15 15 11 12 12 8 8 8 11 11 2 1 1 1 0 0 1 1 2 1 1 0 1 1 1 1 4 1 1 6 15 15 3 3 3 1 1 1 2 2 0 0 0 0 0 0
 15 15 11 12 12 8 8 8 11 11 2 1 1 1 0 0 1 1 2 1 1 0 1 1 1 1 4 1 1 6 15 15 3 3 3 1 1 1 2 2 0 0 0 0 0 0
 15 15 16 13 13 12 7 7 3 3 3 2 2 2 1 1 1 1 1 1 1 1 1 1 1 1 1 6 6 12 6 6 8 8 2 0 0 0 2 2 0 0 0 0 0 0
 16 16 17 13 13 11 5 5 5 5 5 2 2 2 1 1 1 1 1 1 1 1 2 2 3 3 4 13 13 1 4 4 14 14 1 1 1 0 1 1 0 0 0 0 0 0
 16 16 17 13 13 11 5 5 5 5 5 2 2 2 1 1 1 1 1 1 1 1 2 2 3 3 4 13 13 1 4 4 14 14 1 1 1 0 1 1 0 0 0 0 0 0
 20 20 21 15 15 15 6 6 7 7 3 4 4 11 1 1 1 1 1 1 1 2 4 4 2 2 2 2 2 9 13 13 10 10 14 17 17 1 1 1 1 1 0 1 1 0
 20 20 21 15 15 15 6 6 7 7 3 4 4 11 1 1 1 1 1 1 1 2 4 4 2 2 2 2 2 9 13 13 10 10 14 17 17 1 1 1 1 1 0 1 1 0
 26 26 21 15 15 16 12 12 8 8 4 4 4 2 3 3 2 2 1 2 2 2 3 3 2 2 2 2 2 7 26 26 7 7 7 21 21 1 0 0 0 0 0 1 1 0
 30 30 29 19 19 16 13 13 12 12 5 4 4 2 2 2 2 2 2 2 2 2 3 3 5 5 3 2 2 2 1 1 3 3 3 1 1 1 2 2 0 0 0 0 0 0
 30 30 29 19 19 16 13 13 12 12 5 4 4 2 2 2 2 2 2 2 2 2 3 3 5 5 3 2 2 2 1 1 3 3 3 1 1 1 2 2 0 0 0 0 0 0
 30 30 23 21 21 17 15 15 16 16 7 5 5 2 2 2 1 1 2 2 2 2 3 3 4 4 6 2 2 1 1 1 1 1 0 1 1 0 0 0 0 0 0 0 0 0
 32 32 23 23 23 14 12 12 10 10 8 6 6 3 3 3 4 4 3 1 1 2 3 3 4 4 6 2 2 1 0 0 1 1 3 2 2 1 5 5 2 2 0 0 0 0
