assets/RAT_results/precipitation/2017-09-25_IMERG.asc
ncols        46
nrows        77
xllcorner    74.800261325624
yllcorner    8.058333333333
cellsize     0.062500000000
NODATA_value -9999
 7 7 7 5 5 3 3 3 3 3 3 3 3 3 6 6 4 4 4 6 6 5 5 5 7 7 7 6 6 7 9 9 7 7 16 15 15 10 8 8 7 7 5 5 5 5
 3 3 3 5 5 2 5 5 4 4 3 4 4 5 6 6 6 6 10 8 8 9 9 9 9 9 9 7 7 9 8 8 7 7 9 13 13 8 8 8 10 10 7 6 6 6
 3 3 3 5 5 2 5 5 4 4 3 4 4 5 6 6 6 6 10 8 8 9 9 9 9 9 9 7 7 9 8 8 7 7 9 13 13 8 8 8 10 10 7 6 6 6
 8 8 8 10 10 8 10 10 16 16 5 6 6 7 5 5 8 8 12 11 11 14 19 19 18 18 16 24 24 26 23 23 11 11 14 13 13 11 10 10 15 15 14 9 9 6
 8 8 12 25 25 21 21 21 26 26 37 14 14 8 5 5 6 6 12 16 16 13 21 21 23 23 23 25 25 29 32 32 22 22 32 15 15 11 7 7 12 12 12 10 10 10
 8 8 12 25 25 21 21 21 26 26 37 14 14 8 5 5 6 6 12 16 16 13 21 21 23 23 23 25 25 29 32 32 22 22 32 15 15 11 7 7 12 12 12 10 10 10
 9 9 19 28 28 21 20 20 15 15 23 19 19 9 12 12 11 11 13 14 14 14 22 22 21 21 27 28 28 35 38 38 25 25 21 19 19 20 12 12 13 13 16 12 12 27
 9 9 19 28 28 21 20 20 15 15 23 19 19 9 12 12 11 11 13 14 14 14 22 22 21 21 27 28 28 35 38 38 25 25 21 19 19 20 12 12 13 13 16 12 12 27
 22 22 12 16 16 15 38 38 26 26 28 17 17 12 9 9 10 10 10 14 14 17 15 15 16 16 20 22 22 23 25 25 27 27 24 18 18 19 14 14 14 14 14 11 11 17
 21 21 12 16 16 17 24 24 25 25 15 28 28 16 13 13 13 13 20 16 16 16 17 17 14 14 14 14 14 14 23 23 25 25 21 18 18 16 14 14 12 12 12 9 9 18
 21 21 12 16 16 17 24 24 25 25 15 28 28 16 13 13 13 13 20 16 16 16 17 17 14 14 14 14 14 14 23 23 25 25 21 18 18 16 14 14 12 12 12 9 9 18
 13 13 10 14 14 16 20 20 23 23 16 17 17 31 16 16 14 14 20 15 15 14 15 15 10 10 10 9 9 10 11 11 15 15 17 12 12 11 13 13 13 13 12 11 11 15
 7 7 7 12 12 16 16 16 17 17 18 11 11 26 12 12 10 10 11 14 14 12 10 10 8 8 6 7 7 7 8 8 10 10 11 12 12 14 12 12 11 11 11 12 12 12
 7 7 7 12 12 16 16 16 17 17 18 11 11 26 12 12 10 10 11 14 14 12 10 10 8 8 6 7 7 7 8 8 10 10 11 12 12 14 12 12 11 11 11 12 12 12
 3 3 5 6 6 13 14 14 13 13 15 17 17 10 9 9 10 10 14 17 17 13 10 10 8 8 7 7 7 8 7 7 7 7 9 10 10 9 8 8 8 8 10 11 11 14
 3 3 5 6 6 13 14 14 13 13 15 17 17 10 9 9 10 10 14 17 17 13 10 10 8 8 7 7 7 8 7 7 7 7 9 10 10 9 8 8 8 8 10 11 11 14
 3 3 5 5 5 9 9 9 11 11 14 9 9 7 13 13 9 9 7 8 8 8 8 8 10 10 7 8 8 7 6 6 5 5 7 10 10 10 9 9 9 9 8 10 10 10
 6 6 10 5 5 7 9 9 10 10 12 7 7 6 14 14 14 14 5 7 7 8 8 8 8 8 8 8 8 5 4 4 4 4 6 7 7 12 18 18 15 15 9 12 12 12
 6 6 10 5 5 7 9 9 10 10 12 7 7 6 14 14 14 14 5 7 7 8 8 8 8 8 8 8 8 5 4 4 4 4 6 7 7 12 18 18 15 15 9 12 12 12
 6 6 7 3 3 2 4 4 10 10 10 8 8 6 5 5 6 6 7 9 9 10 11 11 9 9 8 6 6 4 4 4 4 4 6 11 11 11 16 16 20 20 13 16 16 13
 5 5 3 1 1 3 3 3 6 6 11 11 11 14 7 7 5 5 7 9 9 11 8 8 8 8 7 5 5 5 4 4 7 7 6 12 12 11 14 14 15 15 16 15 15 16
 5 5 3 1 1 3 3 3 6 6 11 11 11 14 7 7 5 5 7 9 9 11 8 8 8 8 7 5 5 5 4 4 7 7 6 12 12 11 14 14 15 15 16 15 15 16
 8 8 3 2 2 3 4 4 6 6 10 12 12 8 9 9 14 14 6 15 15 11 12 12 7 7 4 3 3 4 5 5 6 6 8 9 9 11 14 14 13 13 13 15 15 13
 8 8 3 2 2 3 4 4 6 6 10 12 12 8 9 9 14 14 6 15 15 11 12 12 7 7 4 3 3 4 5 5 6 6 8 9 9 11 14 14 13 13 13 15 15 13
 1 1 3 2 2 2 3 3 4 4 5 6 6 9 8 8 9 9 9 15 15 9 13 13 5 5 7 4 4 7 7 7 5 5 5 9 9 12 16 16 8 8 12 13 13 11
 0 0 1 1 1 4 4 4 3 3 3 4 4 5 8 8 8 8 14 13 13 13 7 7 6 6 6 4 4 6 5 5 5 5 5 7 7 8 9 9 7 7 9 8 8 7
 0 0 1 1 1 4 4 4 3 3 3 4 4 5 8 8 8 8 14 13 13 13 7 7 6 6 6 4 4 6 5 5 5 5 5 7 7 8 9 9 7 7 9 8 8 7
 6 6 5 1 1 1 2 2 2 2 2 1 1 2 4 4 14 14 5 5 5 4 8 8 6 6 8 8 8 8 7 7 6 6 5 7 7 7 8 8 8 8 8 7 7 6
 1 1 3 4 4 1 1 1 3 3 2 4 4 14 10 10 11 11 4 4 4 5 5 5 9 9 12 15 15 11 13 13 10 10 7 7 7 8 9 9 9 9 7 7 7 8
 1 1 3 4 4 1 1 1 3 3 2 4 4 14 10 10 11 11 4 4 4 5 5 5 9 9 12 15 15 11 13 13 10 10 7 7 7 8 9 9 9 9 7 7 7 8
 1 1 1 1 1 2 2 2 1 1 4 2 2 13 4 4 5 5 5 1 1 3 4 4 5 5 13 13 13 17 16 16 11 11 7 7 7 8 7 7 9 9 7 5 5 5
 1 1 1 1 1 2 2 2 1 1 4 2 2 13 4 4 5 5 5 1 1 3 4 4 5 5 13 13 13 17 16 16 11 11 7 7 7 8 7 7 9 9 7 5 5 5
 0 0 1 2 2 5 12 12 7 7 0 0 0 4 3 3 5 5 3 3 3 2 6 6 6 6 8 7 7 11 15 15 10 10 8 7 7 6 7 7 5 5 5 3 3 5
 0 0 0 1 1 2 5 5 2 2 0 2 2 1 1 1 2 2 3 3 3 3 1 1 1 1 6 5 5 4 7 7 6 6 5 6 6 5 4 4 4 4 5 3 3 6
 0 0 0 1 1 2 5 5 2 2 0 2 2 1 1 1 2 2 3 3 3 3 1 1 1 1 6 5 5 4 7 7 6 6 5 6 6 5 4 4 4 4 5 3 3 6
 1 1 0 1 1 1 3 3 1 1 0 0 0 1 1 1 2 2 2 4 4 4 0 0 1 1 1 3 3 3 2 2 2 2 1 3 3 2 2 2 2 2 2 4 4 6
 1 1 1 1 1 1 0 0 3 3 1 1 1 1 1 1 1 1 1 2 2 2 2 2 1 1 1 0 0 0 0 0 0 0 0 0 0 0 0 0 1 1 1 3 3 6
 1 1 1 1 1 1 0 0 3 3 1 1 1 1 1 1 1 1 1 2 2 2 2 2 1 1 1 0 0 0 0 0 0 0 0 0 0 0 0 0 1 1 1 3 3 6
 2 2 4 1 1 3 1 1 0 0 2 1 1 3 2 2 3 3 1 2 2 4 2 2 3 3 2 1 1 0 1 1 0 0 0 0 0 0 0 0 1 1 2 3 3 4
 2 2 4 1 1 3 1 1 0 0 2 1 1 3 2 2 3 3 1 2 2 4 2 2 3 3 2 1 1 0 1 1 0 0 0 0 0 0 0 0 1 1 2 3 3 4
 2 2 1 0 0 0 0 0 0 0 0 7 7 1 1 1 3 3 3 2 2 2 5 5 3 3 3 2 2 1 2 2 0 0 0 2 2 3 1 1 1 1 2 3 3 3
 1 1 0 1 1 0 1 1 0 0 1 1 1 3 1 1 1 1 1 4 4 2 3 3 3 3 2 1 1 6 1 1 1 1 2 4 4 5 3 3 5 5 5 6 6 6
 1 1 0 1 1 0 1 1 0 0 1 1 1 3 1 1 1 1 1 4 4 2 3 3 3 3 2 1 1 6 1 1 1 1 2 4 4 5 3 3 5 5 5 6 6 6
 1 1 0 2 2 1 0 0 0 0 2 0 0 1 1 1 0 0 2 4 4 2 4 4 3 3 2 2 2 9 4 4 1 1 2 6 6 8 6 6 8 8 7 7 7 5
 0 0 0 1 1 2 1 1 1 1 2 1 1 1 1 1 1 1 0 1 1 1 2 2 2 2 2 2 2 9 7 7 3 3 2 5 5 5 6 6 6 6 3 4 4 5
 0 0 0 1 1 2 1 1 1 1 2 1 1 1 1 1 1 1 0 1 1 1 2 2 2 2 2 2 2 9 7 7 3 3 2 5 5 5 6 6 6 6 3 4 4 5
 0 0 0 1 1 1 1 1 1 1 2 0 0 1 1 1 2 2 0 1 1 1 1 1 4 4 3 1 1 15 2 2 1 1 1 1 1 2 2 2 1 1 1 2 2 2
 0 0 0 1 1 1 1 1 1 1 2 0 0 1 1 1 2 2 0 1 1 1 1 1 4 4 3 1 1 15 2 2 1 1 1 1 1 2 2 2 1 1 1 2 2 2
 0 0 0 1 1 1 1 1 1 1 0 0 0 0 0 0 1 1 1 0 0 1 1 1 2 2 3 1 1 3 1 1 1 1 1 2 2 1 1 1 0 0 0 0 0 1
 0 0 2 2 2 1 0 0 1 1 0 0 0 0 0 0 1 1 0 1 1 1 1 1 4 4 3 10 10 4 3 3 5 5 2 0 0 0 0 0 0 0 0 0 0 0
 0 0 2 2 2 1 0 0 1 1 0 0 0 0 0 0 1 1 0 1 1 1 1 1 4 4 3 10 10 4 3 3 5 5 2 0 0 0 0 0 0 0 0 0 0 0
 0 0 1 2 2 0 0 0 0 0 1 0 0 0 0 0 0 0 0 2 2 1 1 1 2 2 2 3 3 4 4 4 4 4 3 1 1 0 0 0 0 0 0 0 0 0
 0 0 0 0 0 0 0 0 0 0 1 0 0 0 0 0 1 1 1 1 1 0 0 0 1 1 1 1 1 2 3 3 3 3 2 0 0 0 0 0 0 0 0 0 0 0
 0 0 0 0 0 0 0 0 0 0 1 0 0 0 0 0 1 1 1 1 1 0 0 0 1 1 1 1 1 2 3 3 3 3 2 0 0 0 0 0 0 0 0 0 0 0
 0 0 0 0 0 1 1 1 0 0 0 0 0 0 1 1 1 1 0 0 0 0 0 0 1 1 1 1 1 1 1 1 1 1 1 1 1 1 0 0 0 0 1 0 0 0
 0 0 0 0 0 1 1 1 0 0 0 0 0 0 1 1 1 1 0 0 0 0 0 0 1 1 1 1 1 1 1 1 1 1 1 1 1 1 0 0 0 0 1 0 0 0
 0 0 1 2 2 2 1 1 0 0 0 0 0 0 0 0 1 1 0 0 0 0 0 0 1 1 1 0 0 1 1 1 2 2 1 1 1 1 1 1 2 2 1 0 0 1
 1 1 1 1 1 1 2 2 1 1 1 1 1 1 0 0 0 0 0 0 0 1 1 1 0 0 2 2 2 1 0 0 1 1 2 1 1 1 1 1 2 2 2 0 0 0
 1 1 1 1 1 1 2 2 1 1 1 1 1 1 0 0 0 0 0 0 0 1 1 1 0 0 2 2 2 1 0 0 1 1 2 1 1 1 1 1 2 2 2 0 0 0
 2 2 1 1 1 1 1 1 1 1 0 0 0 1 1 1 1 1 0 0 0 0 0 0 1 1 1 2 2 1 0 0 0 0 0 0 0 1 1 1 0 0 0 0 0 1
 1 1 0 0 0 0 0 0 0 0 0 0 0 1 1 1 1 1 1 0 0 0 0 0 0 0 0 1 1 1 1 1 1 1 0 0 0 0 1 1 1 1 1 0 0 0
 1 1 0 0 0 0 0 0 0 0 0 0 0 1 1 1 1 1 1 0 0 0 0 0 0 0 0 1 1 1 1 1 1 1 0 0 0 0 1 1 1 1 1 0 0 0
 0 0 0 0 0 0 0 0 0 0 0 0 0 0 1 1 0 0 0 0 0 0 0 0 2 2 0 2 2 1 1 1 2 2 1 1 1 1 1 1 1 1 0 0 0 0
 0 0 0 0 0 0 0 0 0 0 0 0 0 0 1 1 0 0 0 0 0 0 0 0 2 2 0 2 2 1 1 1 2 2 1 1 1 1 1 1 1 1 0 0 0 0
 0 0 3 0 0 0 0 0 0 0 0 0 0 0 0 0 1 1 0 0 0 0 1 1 1 1 0 1 1 2 2 2 2 2 2 1 1 1 1 1 2 2 0 0 0 0
 0 0 0 0 0 0 0 0 0 0 0 0 0 0 0 0 0 0 0 0 0 0 1 1 0 0 3 0 0 2 1 1 2 2 1 0 0 1 1 1 1 1 0 0 0 0
 0 0 0 0 0 0 0 0 0 0 0 0 0 0 0 0 0 0 0 0 0 0 1 1 0 0 3 0 0 2 1 1 2 2 1 0 0 1 1 1 1 1 0 0 0 0
 0 0 0 0 0 0 0 0 0 0 0 1 1 0 0 0 3 3 0 2 2 1 1 1 2 2 1 1 1 1 1 1 2 2 1 0 0 0 0 0 0 0 0 0 0 0
 0 0 0 0 0 0 0 0 1 1 0 1 1 0 1 1 1 1 2 2 2 2 1 1 2 2 1 1 1 1 1 1 2 2 2 1 1 0 0 0 0 0 2 0 0 0
 0 0 0 0 0 0 0 0 1 1 0 1 1 0 1 1 1 1 2 2 2 2 1 1 2 2 1 1 1 1 1 1 2 2 2 1 1 0 0 0 0 0 2 0 0 0
 2 2 5 3 3 3 1 1 1 1 1 0 0 1 1 1 1 1 1 1 1 2 1 1 1 1 1 2 2 1 4 4 1 1 2 1 1 0 0 0 1 1 1 0 0 0
 2 2 5 3 3 3 1 1 1 1 1 0 0 1 1 1 1 1 1 1 1 2 1 1 1 1 1 2 2 1 4 4 1 1 2 1 1 0 0 0 1 1 1 0 0 0
 7 7 2 5 5 3 1 1 1 1 1 4 4 2 3 3 2 2 1 0 0 3 2 2 1 1 1 1 1 1 1 1 1 1 2 1 1 2 1 1 0 0 0 0 0 0
 2 2 1 4 4 2 1 1 0 0 2 4 4 5 2 2 1 1 1 1 1 4 2 2 2 2 1 1 1 1 1 1 2 2 1 1 1 2 1 1 0 0 0 1 1 1
 2 2 1 4 4 2 1 1 0 0 2 4 4 5 2 2 1 1 1 1 1 4 2 2 2 2 1 1 1 1 1 1 2 2 1 1 1 2 1 1 0 0 0 1 1 1
 1 1 2 8 8 2 1 1 1 1 4 4 4 1 1 1 1 1 2 5 5 4 3 3 3 3 2 1 1 1 2 2 1 1 1 1 1 1 2 2 1 1 1 1 1 1
 1 1 1 8 8 6 5 5 2 2 1 1 1 2 1 1 2 2 4 12 12 6 4 4 4 4 2 3 3 3 4 4 2 2 1 0 0 1 1 1 1 1 3 1 1 1
