assets/RAT_results/precipitation/2017-09-01_IMERG.asc
ncols        46
nrows        77
xllcorner    74.800261325624
yllcorner    8.058333333333
cellsize     0.062500000000
NODATA_value -9999
 1 1 1 1 1 1 1 1 1 1 1 2 2 3 4 4 2 2 1 0 0 0 0 0 0 0 0 0 0 1 1 1 2 2 1 1 1 3 4 4 15 15 17 15 15 6
 1 1 1 1 1 1 1 1 1 1 1 2 2 2 4 4 2 2 1 0 0 0 0 0 0 0 0 1 1 1 1 1 1 1 1 2 2 2 3 3 5 5 11 11 11 12
 1 1 1 1 1 1 1 1 1 1 1 2 2 2 4 4 2 2 1 0 0 0 0 0 0 0 0 1 1 1 1 1 1 1 1 2 2 2 3 3 5 5 11 11 11 12
 1 1 1 1 1 1 1 1 1 1 1 0 0 1 1 1 1 1 1 1 1 1 3 3 2 2 6 6 6 6 1 1 1 1 1 2 2 2 2 2 5 5 11 16 16 5
 1 1 1 1 1 1 1 1 0 0 1 0 0 0 0 0 0 0 2 0 0 0 3 3 3 3 3 2 2 2 1 1 1 1 2 19 19 4 4 4 6 6 7 14 14 13
 1 1 1 1 1 1 1 1 0 0 1 0 0 0 0 0 0 0 2 0 0 0 3 3 3 3 3 2 2 2 1 1 1 1 2 19 19 4 4 4 6 6 7 14 14 13
 1 1 0 1 1 1 1 1 0 0 0 0 0 0 1 1 1 1 1 1 1 0 0 0 0 0 2 4 4 2 1 1 2 2 2 3 3 5 6 6 22 22 15 13 13 10
 1 1 0 1 1 1 1 1 0 0 0 0 0 0 1 1 1 1 1 1 1 0 0 0 0 0 2 4 4 2 1 1 2 2 2 3 3 5 6 6 22 22 15 13 13 10
 2 2 1 1 1 1 1 1 0 0 0 0 0 0 2 2 0 0 1 2 2 0 1 1 0 0 3 3 3 2 2 2 2 2 3 3 3 4 6 6 4 4 14 17 17 13
 1 1 1 2 2 1 1 1 1 1 1 2 2 1 0 0 0 0 1 0 0 0 1 1 1 1 1 4 4 4 4 4 1 1 3 6 6 8 7 7 7 7 5 8 8 8
 1 1 1 2 2 1 1 1 1 1 1 2 2 1 0 0 0 0 1 0 0 0 1 1 1 1 1 4 4 4 4 4 1 1 3 6 6 8 7 7 7 7 5 8 8 8
 1 1 2 2 2 2 2 2 2 2 1 1 1 1 1 1 1 1 1 0 0 0 1 1 2 2 4 1 1 3 4 4 3 3 3 5 5 7 9 9 6 6 5 6 6 6
 0 0 1 2 2 2 3 3 2 2 1 1 1 0 0 0 1 1 1 1 1 1 0 0 0 0 1 0 0 2 1 1 2 2 2 4 4 3 3 3 4 4 2 3 3 5
 0 0 1 2 2 2 3 3 2 2 1 1 1 0 0 0 1 1 1 1 1 1 0 0 0 0 1 0 0 2 1 1 2 2 2 4 4 3 3 3 4 4 2 3 3 5
 0 0 1 2 2 3 3 3 3 3 3 2 2 0 0 0 0 0 1 2 2 1 0 0 0 0 0 0 0 0 1 1 2 2 2 2 2 2 1 1 1 1 1 2 2 2
 0 0 1 2 2 3 3 3 3 3 3 2 2 0 0 0 0 0 1 2 2 1 0 0 0 0 0 0 0 0 1 1 2 2 2 2 2 2 1 1 1 1 1 2 2 2
 1 1 1 2 2 3 4 4 5 5 3 2 2 2 2 2 1 1 2 2 2 3 3 3 2 2 0 0 0 1 1 1 2 2 2 1 1 1 1 1 1 1 1 2 2 2
 1 1 1 3 3 3 6 6 6 6 7 7 7 12 9 9 5 5 4 4 4 7 5 5 3 3 1 0 0 4 4 4 2 2 1 1 1 1 1 1 0 0 1 2 2 1
 1 1 1 3 3 3 6 6 6 6 7 7 7 12 9 9 5 5 4 4 4 7 5 5 3 3 1 0 0 4 4 4 2 2 1 1 1 1 1 1 0 0 1 2 2 1
 1 1 2 2 2 3 4 4 9 9 9 13 13 8 6 6 7 7 6 8 8 7 6 6 4 4 6 5 5 3 3 3 3 3 1 1 1 0 0 0 0 0 1 1 1 2
 1 1 2 3 3 3 3 3 7 7 10 16 16 17 16 16 11 11 11 14 14 27 10 10 7 7 6 6 6 5 6 6 5 5 2 1 1 1 1 1 1 1 0 0 0 3
 1 1 2 3 3 3 3 3 7 7 10 16 16 17 16 16 11 11 11 14 14 27 10 10 7 7 6 6 6 5 6 6 5 5 2 1 1 1 1 1 1 1 0 0 0 3
 1 1 2 3 3 3 3 3 4 4 13 13 13 21 20 20 19 19 21 31 31 39 20 20 15 15 12 12 12 12 10 10 9 9 5 6 6 5 2 2 1 1 0 1 1 3
 1 1 2 3 3 3 3 3 4 4 13 13 13 21 20 20 19 19 21 31 31 39 20 20 15 15 12 12 12 12 10 10 9 9 5 6 6 5 2 2 1 1 0 1 1 3
 1 1 1 2 2 4 2 2 2 2 10 16 16 23 24 24 22 22 23 39 39 45 24 24 29 29 25 23 23 21 16 16 14 14 14 14 14 12 13 13 7 7 2 1 1 3
 1 1 1 2 2 4 4 4 4 4 7 11 11 23 23 23 26 26 29 34 34 35 34 34 34 34 31 24 24 22 18 18 17 17 22 17 17 15 15 15 21 21 13 5 5 4
 1 1 1 2 2 4 4 4 4 4 7 11 11 23 23 23 26 26 29 34 34 35 34 34 34 34 31 24 24 22 18 18 17 17 22 17 17 15 15 15 21 21 13 5 5 4
 1 1 2 2 2 4 5 5 12 12 16 16 16 23 19 19 25 25 25 26 26 41 47 47 58 58 51 32 32 31 22 22 19 19 50 25 25 23 23 23 24 24 15 7 7 5
 2 2 2 3 3 5 5 5 13 13 17 22 22 19 23 23 29 29 29 33 33 45 47 47 53 53 58 56 56 62 59 59 66 66 67 39 39 26 47 47 27 27 32 13 13 8
 2 2 2 3 3 5 5 5 13 13 17 22 22 19 23 23 29 29 29 33 33 45 47 47 53 53 58 56 56 62 59 59 66 66 67 39 39 26 47 47 27 27 32 13 13 8
 2 2 3 3 3 3 4 4 15 15 19 23 23 24 25 25 33 33 35 39 39 44 56 56 59 59 57 57 57 66 88 88 74 74 75 64 64 51 47 47 30 30 29 15 15 30
 2 2 3 3 3 3 4 4 15 15 19 23 23 24 25 25 33 33 35 39 39 44 56 56 59 59 57 57 57 66 88 88 74 74 75 64 64 51 47 47 30 30 29 15 15 30
 3 3 4 4 4 5 7 7 13 13 14 17 17 20 27 27 37 37 40 41 41 39 55 55 62 62 58 53 53 89 84 84 75 75 76 59 59 43 30 30 41 41 38 30 30 21
 3 3 5 6 6 6 9 9 13 13 13 19 19 21 23 23 34 34 37 38 38 37 56 56 63 63 80 56 56 65 61 61 60 60 60 55 55 38 27 27 39 39 36 49 49 31
 3 3 5 6 6 6 9 9 13 13 13 19 19 21 23 23 34 34 37 38 38 37 56 56 63 63 80 56 56 65 61 61 60 60 60 55 55 38 27 27 39 39 36 49 49 31
 3 3 6 8 8 9 15 15 15 15 22 23 23 23 22 22 25 25 33 34 34 33 46 46 47 47 60 53 53 51 61 61 74 74 64 63 63 43 38 38 39 39 40 45 45 46
 4 4 6 10 10 8 18 18 15 15 23 22 22 26 25 25 19 19 20 34 34 41 35 35 43 43 40 59 59 61 74 74 72 72 60 65 65 44 38 38 33 33 37 29 29 42
 4 4 6 10 10 8 18 18 15 15 23 22 22 26 25 25 19 19 20 34 34 41 35 35 43 43 40 59 59 61 74 74 72 72 60 65 65 44 38 38 33 33 37 29 29 42
 4 4 7 10 10 9 18 18 19 19 21 22 22 26 48 48 25 25 20 33 33 33 35 35 30 30 41 81 81 62 70 70 76 76 64 55 55 47 57 57 43 43 42 43 43 32
 4 4 7 10 10 9 18 18 19 19 21 22 22 26 48 48 25 25 20 33 33 33 35 35 30 30 41 81 81 62 70 70 76 76 64 55 55 47 57 57 43 43 42 43 43 32
 11 11 12 15 15 15 17 17 19 19 17 17 17 18 20 20 28 28 23 33 33 36 32 32 33 33 39 59 59 103 81 81 81 81 61 57 57 63 44 44 45 45 71 37 37 36
 8 8 8 10 10 15 16 16 20 20 18 20 20 18 20 20 23 23 26 25 25 34 36 36 36 36 40 57 57 88 115 115 81 81 74 60 60 52 63 63 48 48 66 65 65 40
 8 8 8 10 10 15 16 16 20 20 18 20 20 18 20 20 23 23 26 25 25 34 36 36 36 36 40 57 57 88 115 115 81 81 74 60 60 52 63 63 48 48 66 65 65 40
 8 8 14 10 10 12 13 13 16 16 17 22 22 23 18 18 22 22 27 28 28 32 34 34 35 35 37 55 55 69 71 71 63 63 54 58 58 44 56 56 39 39 64 62 62 52
 6 6 5 6 6 6 6 6 9 9 16 24 24 23 32 32 30 30 30 31 31 27 35 35 45 45 39 42 42 53 57 57 50 50 52 47 47 44 47 47 57 57 46 57 57 58
 6 6 5 6 6 6 6 6 9 9 16 24 24 23 32 32 30 30 30 31 31 27 35 35 45 45 39 42 42 53 57 57 50 50 52 47 47 44 47 47 57 57 46 57 57 58
 9 9 6 6 6 6 8 8 9 9 11 19 19 23 21 21 30 30 33 34 34 40 40 40 45 45 42 47 47 55 64 64 49 49 47 44 44 43 56 56 55 55 59 63 63 57
 9 9 6 6 6 6 8 8 9 9 11 19 19 23 21 21 30 30 33 34 34 40 40 40 45 45 42 47 47 55 64 64 49 49 47 44 44 43 56 56 55 55 59 63 63 57
 8 8 6 7 7 5 6 6 7 7 12 10 10 20 21 21 30 30 25 29 29 28 35 35 42 42 45 48 48 55 63 63 53 53 57 53 53 60 48 48 52 52 67 71 71 74
 5 5 5 5 5 5 7 7 7 7 10 10 10 16 14 14 23 23 23 26 26 28 33 33 39 39 41 45 45 47 52 52 53 53 56 37 37 53 64 64 50 50 38 37 37 67
 5 5 5 5 5 5 7 7 7 7 10 10 10 16 14 14 23 23 23 26 26 28 33 33 39 39 41 45 45 47 52 52 53 53 56 37 37 53 64 64 50 50 38 37 37 67
 4 4 6 6 6 4 8 8 8 8 12 11 11 12 12 12 20 20 23 21 21 20 26 26 37 37 40 41 41 46 53 53 53 53 46 46 46 46 46 46 43 43 50 40 40 45
 4 4 4 6 6 5 7 7 8 8 10 16 16 16 16 16 17 17 17 22 22 23 25 25 30 30 29 35 35 35 46 46 44 44 45 36 36 39 38 38 36 36 38 28 28 39
 4 4 4 6 6 5 7 7 8 8 10 16 16 16 16 16 17 17 17 22 22 23 25 25 30 30 29 35 35 35 46 46 44 44 45 36 36 39 38 38 36 36 38 28 28 39
 3 3 4 5 5 5 7 7 9 9 10 11 11 14 11 11 20 20 28 19 19 23 20 20 28 28 27 34 34 30 32 32 34 34 36 30 30 29 35 35 33 33 34 30 30 17
 3 3 4 5 5 5 7 7 9 9 10 11 11 14 11 11 20 20 28 19 19 23 20 20 28 28 27 34 34 30 32 32 34 34 36 30 30 29 35 35 33 33 34 30 30 17
 4 4 3 4 4 4 4 4 10 10 10 12 12 12 13 13 16 16 16 11 11 11 14 14 21 21 20 18 18 19 28 28 29 29 29 33 33 28 28 28 27 27 20 16 16 17
 4 4 4 4 4 4 5 5 11 11 11 13 13 7 10 10 10 10 11 10 10 9 9 9 16 16 19 15 15 14 23 23 15 15 18 20 20 25 22 22 23 23 25 23 23 17
 4 4 4 4 4 4 5 5 11 11 11 13 13 7 10 10 10 10 11 10 10 9 9 9 16 16 19 15 15 14 23 23 15 15 18 20 20 25 22 22 23 23 25 23 23 17
 4 4 4 4 4 4 4 4 5 5 8 7 7 7 12 12 12 12 11 10 10 9 9 9 15 15 20 16 16 14 16 16 13 13 13 14 14 23 20 20 17 17 19 19 19 9
 5 5 4 4 4 7 5 5 5 5 7 7 7 9 9 9 9 9 10 12 12 9 7 7 11 11 11 12 12 9 11 11 12 12 17 21 21 14 15 15 3 3 16 12 12 9
 5 5 4 4 4 7 5 5 5 5 7 7 7 9 9 9 9 9 10 12 12 9 7 7 11 11 11 12 12 9 11 11 12 12 17 21 21 14 15 15 3 3 16 12 12 9
 4 4 4 4 4 6 5 5 6 6 6 7 7 9 7 7 7 7 7 9 9 8 6 6 10 10 13 14 14 16 12 12 13 13 16 23 23 16 8 8 8 8 8 6 6 9
 4 4 4 4 4 6 5 5 6 6 6 7 7 9 7 7 7 7 7 9 9 8 6 6 10 10 13 14 14 16 12 12 13 13 16 23 23 16 8 8 8 8 8 6 6 9
 4 4 4 5 5 6 5 5 5 5 7 6 6 7 7 7 7 7 7 8 8 7 7 7 8 8 9 10 10 15 16 16 17 17 22 19 19 18 8 8 9 9 7 10 10 5
 3 3 3 3 3 6 2 2 2 2 5 5 5 6 7 7 7 7 7 7 7 8 7 7 10 10 10 15 15 16 18 18 17 17 23 16 16 11 13 13 9 9 5 4 4 7
 3 3 3 3 3 6 2 2 2 2 5 5 5 6 7 7 7 7 7 7 7 8 7 7 10 10 10 15 15 16 18 18 17 17 23 16 16 11 13 13 9 9 5 4 4 7
 2 2 1 2 2 1 1 1 1 1 2 4 4 2 1 1 4 4 4 7 7 7 7 7 10 10 12 13 13 17 22 22 22 22 18 19 19 8 12 12 10 10 3 2 2 2
 1 1 1 1 1 1 1 1 0 0 1 1 1 2 1 1 4 4 2 2 2 7 6 6 9 9 11 10 10 16 15 15 17 17 17 9 9 7 3 3 11 11 2 2 2 7
 1 1 1 1 1 1 1 1 0 0 1 1 1 2 1 1 4 4 2 2 2 7 6 6 9 9 11 10 10 16 15 15 17 17 17 9 9 7 3 3 11 11 2 2 2 7
 1 1 0 0 0 0 0 0 0 0 0 1 1 2 1 1 2 2 1 1 1 6 7 7 7 7 8 8 8 11 16 16 16 16 8 7 7 1 4 4 7 7 6 17 17 6
 1 1 0 0 0 0 0 0 0 0 0 1 1 2 1 1 2 2 1 1 1 6 7 7 7 7 8 8 8 11 16 16 16 16 8 7 7 1 4 4 7 7 6 17 17 6
 1 1 1 0 0 0 0 0 0 0 0 0 0 1 1 1 2 2 2 2 2 7 6 6 7 7 7 1 1 3 7 7 3 3 4 4 4 1 1 1 2 2 9 8 8 6
 0 0 0 0 0 0 0 0 0 0 0 1 1 1 0 0 1 1 3 0 0 1 0 0 1 1 0 1 1 1 2 2 1 1 4 3 3 3 3 3 3 3 4 12 12 4
 0 0 0 0 0 0 0 0 0 0 0 1 1 1 0 0 1 1 3 0 0 1 0 0 1 1 0 1 1 1 2 2 1 1 4 3 3 3 3 3 3 3 4 12 12 4
 1 1 0 0 0 0 0 0 0 0 1 0 0 1 1 1 2 2 1 1 1 1 1 1 0 0 0 1 1 0 0 0 1 1 0 3 3 3 2 2 3 3 2 1 1 1
 1 1 1 0 0 0 0 0 0 0 0 1 1 8 3 3 3 3 1 1 1 0 1 1 2 2 0 0 0 0 0 0 0 0 1 3 3 3 4 4 1 1 7 0 0 0
