assets/RAT_results/precipitation/2017-05-31_IMERG.asc
ncols        46
nrows        77
xllcorner    74.800261325624
yllcorner    8.058333333333
cellsize     0.062500000000
NODATA_value -9999
 9 9 4 1 1 0 0 0 0 0 0 1 1 1 1 1 1 1 0 0 0 0 1 1 0 0 0 0 0 0 0 0 0 0 0 0 0 0 0 0 0 0 0 0 0 0
 7 7 3 2 2 6 5 5 0 0 0 1 1 1 1 1 0 0 0 0 0 0 0 0 0 0 1 1 1 0 0 0 0 0 0 0 0 0 0 0 0 0 0 0 0 0
 7 7 3 2 2 6 5 5 0 0 0 1 1 1 1 1 0 0 0 0 0 0 0 0 0 0 1 1 1 0 0 0 0 0 0 0 0 0 0 0 0 0 0 0 0 0
 12 12 2 2 2 1 0 0 0 0 2 2 2 1 0 0 0 0 0 0 0 0 0 0 0 0 0 0 0 0 0 0 0 0 0 0 0 0 0 0 0 0 0 0 0 0
 1 1 2 2 2 1 2 2 3 3 3 1 1 1 1 1 0 0 0 0 0 0 0 0 0 0 0 0 0 0 0 0 0 0 0 0 0 0 0 0 0 0 0 0 0 0
 1 1 2 2 2 1 2 2 3 3 3 1 1 1 1 1 0 0 0 0 0 0 0 0 0 0 0 0 0 0 0 0 0 0 0 0 0 0 0 0 0 0 0 0 0 0
 1 1 0 1 1 1 1 1 1 1 1 1 1 3 2 2 0 0 0 0 0 0 0 0 0 0 0 0 0 0 0 0 0 0 0 0 0 0 0 0 0 0 0 0 0 0
 1 1 0 1 1 1 1 1 1 1 1 1 1 3 2 2 0 0 0 0 0 0 0 0 0 0 0 0 0 0 0 0 0 0 0 0 0 0 0 0 0 0 0 0 0 0
 1 1 0 1 1 1 1 1 0 0 0 0 0 3 1 1 0 0 0 0 0 0 0 0 0 0 0 0 0 0 0 0 0 0 0 0 0 0 0 0 0 0 0 0 0 0
 1 1 0 1 1 2 2 2 3 3 1 3 3 1 0 0 0 0 0 0 0 0 0 0 0 0 0 0 0 0 0 0 0 0 0 0 0 0 0 0 0 0 0 0 0 0
 1 1 0 1 1 2 2 2 3 3 1 3 3 1 0 0 0 0 0 0 0 0 0 0 0 0 0 0 0 0 0 0 0 0 0 0 0 0 0 0 0 0 0 0 0 0
 12 12 2 0 0 2 11 11 5 5 1 0 0 0 0 0 0 0 0 0 0 0 0 0 0 0 0 0 0 0 0 0 0 0 0 0 0 0 0 0 0 0 0 0 0 0
 7 7 3 1 1 1 4 4 10 10 1 0 0 0 3 3 1 1 0 0 0 0 0 0 0 0 0 0 0 0 0 0 0 0 0 0 0 0 0 0 0 0 0 0 0 0
 7 7 3 1 1 1 4 4 10 10 1 0 0 0 3 3 1 1 0 0 0 0 0 0 0 0 0 0 0 0 0 0 0 0 0 0 0 0 0 0 0 0 0 0 0 0
 7 7 8 4 4 4 5 5 4 4 1 0 0 0 0 0 0 0 0 0 0 0 0 0 0 0 0 0 0 0 0 0 0 0 0 0 0 0 0 0 0 0 0 0 0 0
 7 7 8 4 4 4 5 5 4 4 1 0 0 0 0 0 0 0 0 0 0 0 0 0 0 0 0 0 0 0 0 0 0 0 0 0 0 0 0 0 0 0 0 0 0 0
 3 3 4 5 5 7 6 6 3 3 4 2 2 1 0 0 0 0 0 0 0 0 0 0 0 0 0 0 0 0 0 0 0 0 0 0 0 0 0 0 0 0 0 0 0 1
 1 1 3 6 6 9 12 12 9 9 6 4 4 2 0 0 0 0 0 0 0 0 0 0 0 0 0 0 0 0 1 1 0 0 0 0 0 0 0 0 1 1 1 0 0 0
 1 1 3 6 6 9 12 12 9 9 6 4 4 2 0 0 0 0 0 0 0 0 0 0 0 0 0 0 0 0 1 1 0 0 0 0 0 0 0 0 1 1 1 0 0 0
 10 10 4 6 6 7 9 9 8 8 7 5 5 5 1 1 0 0 0 0 0 0 0 0 0 0 0 0 0 0 1 1 0 0 0 0 0 1 0 0 1 1 1 0 0 0
 14 14 4 6 6 7 7 7 6 6 2 3 3 6 5 5 1 1 1 0 0 1 0 0 0 0 0 0 0 0 0 0 0 0 0 0 0 1 0 0 0 0 0 0 0 0
 14 14 4 6 6 7 7 7 6 6 2 3 3 6 5 5 1 1 1 0 0 1 0 0 0 0 0 0 0 0 0 0 0 0 0 0 0 1 0 0 0 0 0 0 0 0
 20 20 19 19 19 10 11 11 3 3 2 2 2 5 8 8 2 2 5 0 0 0 0 0 0 0 0 0 0 0 0 0 0 0 3 0 0 0 0 0 0 0 0 0 0 0
 20 20 19 19 19 10 11 11 3 3 2 2 2 5 8 8 2 2 5 0 0 0 0 0 0 0 0 0 0 0 0 0 0 0 3 0 0 0 0 0 0 0 0 0 0 0
 28 28 28 29 29 12 19 19 9 9 18 4 4 15 8 8 9 9 5 0 0 1 1 1 0 0 0 0 0 0 0 0 0 0 0 0 0 0 0 0 0 0 0 0 0 0
 33 33 34 37 37 6 19 19 6 6 9 19 19 14 10 10 13 13 5 2 2 0 0 0 0 0 0 3 3 0 0 0 0 0 0 0 0 0 0 0 0 0 0 0 0 0
 33 33 34 37 37 6 19 19 6 6 9 19 19 14 10 10 13 13 5 2 2 0 0 0 0 0 0 3 3 0 0 0 0 0 0 0 0 0 0 0 0 0 0 0 0 0
 28 28 30 26 26 24 25 25 5 5 5 14 14 24 20 20 18 18 8 3 3 0 0 0 0 0 0 0 0 0 0 0 0 0 0 0 0 0 0 0 0 0 0 0 0 0
 31 31 23 21 21 22 22 22 10 10 11 13 13 24 24 24 19 19 8 8 8 0 0 0 0 0 0 0 0 0 0 0 0 0 0 0 0 0 0 0 0 0 0 0 0 0
 31 31 23 21 21 22 22 22 10 10 11 13 13 24 24 24 19 19 8 8 8 0 0 0 0 0 0 0 0 0 0 0 0 0 0 0 0 0 0 0 0 0 0 0 0 0
 25 25 26 17 17 16 18 18 11 11 14 14 14 25 23 23 18 18 7 8 8 1 1 1 0 0 0 0 0 0 0 0 0 0 0 0 0 0 0 0 0 0 0 0 0 0
 25 25 26 17 17 16 18 18 11 11 14 14 14 25 23 23 18 18 7 8 8 1 1 1 0 0 0 0 0 0 0 0 0 0 0 0 0 0 0 0 0 0 0 0 0 0
 17 17 18 11 11 24 25 25 33 33 14 12 12 24 15 15 13 13 11 14 14 1 1 1 0 0 0 0 0 0 0 0 0 0 0 0 0 0 0 0 0 0 0 0 0 0
 40 40 21 14 14 25 23 23 27 27 19 8 8 13 12 12 10 10 4 15 15 15 3 3 0 0 0 0 0 0 0 0 0 0 0 0 0 0 0 0 0 0 0 0 0 0
 40 40 21 14 14 25 23 23 27 27 19 8 8 13 12 12 10 10 4 15 15 15 3 3 0 0 0 0 0 0 0 0 0 0 0 0 0 0 0 0 0 0 0 0 0 0
 87 87 53 41 41 36 34 34 32 32 19 3 3 1 2 2 3 3 4 14 14 15 4 4 1 1 0 0 0 0 0 0 0 0 0 0 0 0 0 0 0 0 0 0 0 1
 78 78 76 35 35 16 12 12 14 14 7 2 2 1 2 2 2 2 0 3 3 4 2 2 1 1 0 4 4 0 0 0 0 0 1 1 1 0 0 0 0 0 0 1 1 1
 78 78 76 35 35 16 12 12 14 14 7 2 2 1 2 2 2 2 0 3 3 4 2 2 1 1 0 4 4 0 0 0 0 0 1 1 1 0 0 0 0 0 0 1 1 1
 226 226 87 19 19 15 12 12 5 5 8 4 4 3 3 3 3 3 0 1 1 3 4 4 1 1 0 0 0 0 0 0 0 0 0 3 3 2 1 1 1 1 2 3 3 1
 226 226 87 19 19 15 12 12 5 5 8 4 4 3 3 3 3 3 0 1 1 3 4 4 1 1 0 0 0 0 0 0 0 0 0 3 3 2 1 1 1 1 2 3 3 1
 217 217 59 33 33 18 15 15 10 10 8 6 6 4 1 1 2 2 1 2 2 1 2 2 2 2 2 0 0 0 2 2 4 4 4 3 3 3 1 1 1 1 1 5 5 4
 30 30 41 42 42 34 30 30 23 23 17 4 4 3 2 2 1 1 1 1 1 2 6 6 9 9 3 3 3 8 2 2 7 7 11 5 5 1 1 1 1 1 2 1 1 0
 30 30 41 42 42 34 30 30 23 23 17 4 4 3 2 2 1 1 1 1 1 2 6 6 9 9 3 3 3 8 2 2 7 7 11 5 5 1 1 1 1 1 2 1 1 0
 19 19 20 38 38 33 32 32 28 28 18 10 10 7 3 3 4 4 2 1 1 3 8 8 13 13 14 12 12 5 1 1 1 1 2 5 5 3 1 1 2 2 1 0 0 0
 15 15 16 15 15 20 19 19 24 24 20 18 18 25 18 18 18 18 3 4 4 2 4 4 7 7 13 9 9 10 4 4 3 3 6 0 0 0 0 0 0 0 0 0 0 0
 15 15 16 15 15 20 19 19 24 24 20 18 18 25 18 18 18 18 3 4 4 2 4 4 7 7 13 9 9 10 4 4 3 3 6 0 0 0 0 0 0 0 0 0 0 0
 25 25 22 19 19 18 22 22 24 24 25 34 34 47 46 46 37 37 15 1 1 3 6 6 13 13 12 12 12 3 1 1 0 0 0 0 0 0 0 0 0 0 0 0 0 0
 25 25 22 19 19 18 22 22 24 24 25 34 34 47 46 46 37 37 15 1 1 3 6 6 13 13 12 12 12 3 1 1 0 0 0 0 0 0 0 0 0 0 0 0 0 0
 25 25 23 17 17 17 17 17 29 29 35 45 45 52 69 69 73 73 41 11 11 1 7 7 11 11 17 14 14 9 2 2 0 0 0 0 0 0 0 0 0 0 0 0 0 0
 25 25 27 14 14 16 14 14 16 16 18 24 24 34 44 44 55 55 24 15 15 5 5 5 6 6 9 7 7 11 4 4 1 1 0 1 1 0 0 0 0 0 0 0 0 0
 25 25 27 14 14 16 14 14 16 16 18 24 24 34 44 44 55 55 24 15 15 5 5 5 6 6 9 7 7 11 4 4 1 1 0 1 1 0 0 0 0 0 0 0 0 0
 25 25 26 13 13 16 13 13 12 12 12 15 15 13 14 14 21 21 8 8 8 2 4 4 4 4 10 3 3 5 6 6 3 3 3 4 4 0 1 1 1 1 0 0 0 0
 33 33 15 16 16 17 13 13 11 11 8 8 8 8 4 4 1 1 2 7 7 3 4 4 5 5 8 6 6 9 7 7 4 4 3 3 3 4 0 0 1 1 0 0 0 0
 33 33 15 16 16 17 13 13 11 11 8 8 8 8 4 4 1 1 2 7 7 3 4 4 5 5 8 6 6 9 7 7 4 4 3 3 3 4 0 0 1 1 0 0 0 0
 35 35 24 26 26 15 12 12 11 11 8 9 9 8 5 5 4 4 2 4 4 2 5 5 11 11 10 8 8 5 5 5 8 8 15 4 4 5 2 2 1 1 0 0 0 0
 35 35 24 26 26 15 12 12 11 11 8 9 9 8 5 5 4 4 2 4 4 2 5 5 11 11 10 8 8 5 5 5 8 8 15 4 4 5 2 2 1 1 0 0 0 0
 34 34 26 23 23 15 13 13 13 13 10 9 9 5 5 5 5 5 1 1 1 2 2 2 6 6 11 10 10 2 5 5 9 9 9 2 2 6 3 3 1 1 1 0 0 0
 24 24 25 24 24 13 11 11 10 10 10 10 10 6 6 6 2 2 2 1 1 2 1 1 3 3 9 6 6 3 1 1 0 0 0 2 2 2 3 3 1 1 0 0 0 0
 24 24 25 24 24 13 11 11 10 10 10 10 10 6 6 6 2 2 2 1 1 2 1 1 3 3 9 6 6 3 1 1 0 0 0 2 2 2 3 3 1 1 0 0 0 0
 32 32 21 22 22 14 11 11 8 8 9 8 8 5 6 6 2 2 1 1 1 0 1 1 1 1 3 9 9 2 0 0 0 0 0 4 4 4 6 6 5 5 0 0 0 0
 29 29 19 15 15 14 12 12 9 9 7 7 7 4 5 5 2 2 0 1 1 0 1 1 0 0 0 3 3 3 3 3 1 1 0 0 0 6 6 6 4 4 0 0 0 0
 29 29 19 15 15 14 12 12 9 9 7 7 7 4 5 5 2 2 0 1 1 0 1 1 0 0 0 3 3 3 3 3 1 1 0 0 0 6 6 6 4 4 0 0 0 0
 27 27 29 18 18 19 14 14 11 11 8 5 5 5 4 4 2 2 2 0 0 0 0 0 0 0 0 1 1 2 3 3 1 1 0 0 0 1 0 0 0 0 0 0 0 0
 27 27 29 18 18 19 14 14 11 11 8 5 5 5 4 4 2 2 2 0 0 0 0 0 0 0 0 1 1 2 3 3 1 1 0 0 0 1 0 0 0 0 0 0 0 0
 13 13 15 16 16 19 13 13 13 13 7 5 5 5 3 3 3 3 3 1 1 0 1 1 1 1 0 0 0 1 4 4 1 1 1 0 0 0 0 0 0 0 0 0 0 0
 12 12 13 17 17 16 13 13 12 12 10 6 6 6 2 2 3 3 3 1 1 2 1 1 0 0 0 1 1 1 1 1 1 1 0 0 0 0 0 0 0 0 0 0 0 0
 12 12 13 17 17 16 13 13 12 12 10 6 6 6 2 2 3 3 3 1 1 2 1 1 0 0 0 1 1 1 1 1 1 1 0 0 0 0 0 0 0 0 0 0 0 0
 9 9 13 21 21 31 34 34 13 13 6 7 7 6 4 4 3 3 3 2 2 2 2 2 0 0 1 1 1 1 1 1 1 1 2 0 0 0 0 0 0 0 0 0 0 0
 5 5 11 23 23 35 35 35 34 34 27 11 11 9 7 7 3 3 3 2 2 3 2 2 1 1 1 1 1 1 2 2 2 2 3 3 3 2 4 4 1 1 1 0 0 0
 5 5 11 23 23 35 35 35 34 34 27 11 11 9 7 7 3 3 3 2 2 3 2 2 1 1 1 1 1 1 2 2 2 2 3 3 3 2 4 4 1 1 1 0 0 0
 5 5 18 26 26 29 50 50 62 62 55 19 19 10 10 10 5 5 6 3 3 3 3 3 3 3 3 1 1 3 2 2 2 2 1 2 2 4 3 3 2 2 1 1 1 0
 5 5 18 26 26 29 50 50 62 62 55 19 19 10 10 10 5 5 6 3 3 3 3 3 3 3 3 1 1 3 2 2 2 2 1 2 2 4 3 3 2 2 1 1 1 0
 6 6 12 16 16 30 48 48 61 61 57 25 25 15 14 14 7 7 4 3 3 3 4 4 4 4 3 3 3 5 6 6 4 4 2 3 3 3 5 5 5 5 4 3 3 0
 9 9 11 11 11 25 28 28 43 43 20 25 25 16 9 9 9 9 4 4 4 3 4 4 4 4 4 4 4 5 3 3 5 5 2 3 3 3 5 5 6 6 4 3 3 1
 9 9 11 11 11 25 28 28 43 43 20 25 25 16 9 9 9 9 4 4 4 3 4 4 4 4 4 4 4 5 3 3 5 5 2 3 3 3 5 5 6 6 4 3 3 1
 8 8 11 13 13 17 25 25 29 29 17 24 24 18 16 16 14 14 4 3 3 3 3 3 3 3 3 4 4 3 3 3 3 3 2 3 3 3 3 3 3 3 2 4 4 1
 7 7 7 8 8 16 22 22 26 26 12 15 15 14 11 11 16 16 5 1 1 3 3 3 3 3 2 5 5 4 2 2 2 2 1 1 1 0 0 0 0 0 0 0 0 0
