assets/RAT_results/precipitation/2017-06-04_IMERG.asc
ncols        46
nrows        77
xllcorner    74.800261325624
yllcorner    8.058333333333
cellsize     0.062500000000
NODATA_value -9999
 2 2 3 2 2 1 2 2 5 5 0 0 0 0 0 0 0 0 0 0 0 0 0 0 0 0 0 0 0 1 1 1 3 3 3 3 3 3 0 0 0 0 0 0 0 0
 4 4 4 1 1 1 2 2 25 25 5 0 0 0 0 0 0 0 0 0 0 0 0 0 0 0 0 0 0 0 1 1 0 0 0 0 0 0 0 0 0 0 0 0 0 0
 4 4 4 1 1 1 2 2 25 25 5 0 0 0 0 0 0 0 0 0 0 0 0 0 0 0 0 0 0 0 1 1 0 0 0 0 0 0 0 0 0 0 0 0 0 0
 18 18 6 5 5 2 4 4 45 45 29 30 30 13 1 1 1 1 0 0 0 0 0 0 0 0 0 0 0 0 0 0 0 0 0 0 0 0 0 0 0 0 0 0 0 0
 13 13 8 9 9 4 2 2 1 1 5 38 38 9 2 2 1 1 1 0 0 0 0 0 0 0 0 0 0 0 1 1 0 0 0 0 0 0 0 0 0 0 0 0 0 0
 13 13 8 9 9 4 2 2 1 1 5 38 38 9 2 2 1 1 1 0 0 0 0 0 0 0 0 0 0 0 1 1 0 0 0 0 0 0 0 0 0 0 0 0 0 0
 57 57 15 16 16 12 10 10 1 1 3 13 13 11 3 3 4 4 2 2 2 1 1 1 1 1 0 0 0 1 1 1 1 1 3 1 1 0 0 0 0 0 0 0 0 0
 57 57 15 16 16 12 10 10 1 1 3 13 13 11 3 3 4 4 2 2 2 1 1 1 1 1 0 0 0 1 1 1 1 1 3 1 1 0 0 0 0 0 0 0 0 0
 14 14 23 12 12 21 6 6 7 7 1 3 3 17 18 18 3 3 2 2 2 2 2 2 1 1 0 0 0 1 2 2 2 2 3 3 3 1 0 0 0 0 0 0 0 0
 11 11 16 10 10 7 4 4 2 2 0 3 3 0 14 14 2 2 3 2 2 2 2 2 1 1 0 0 0 0 0 0 3 3 3 4 4 2 2 2 0 0 0 0 0 0
 11 11 16 10 10 7 4 4 2 2 0 3 3 0 14 14 2 2 3 2 2 2 2 2 1 1 0 0 0 0 0 0 3 3 3 4 4 2 2 2 0 0 0 0 0 0
 5 5 2 14 14 3 2 2 0 0 0 0 0 1 0 0 1 1 3 1 1 1 1 1 0 0 0 0 0 0 0 0 1 1 1 0 0 0 0 0 0 0 0 0 0 0
 2 2 3 6 6 3 1 1 0 0 0 0 0 0 0 0 0 0 2 0 0 0 0 0 0 0 0 0 0 0 0 0 0 0 0 0 0 0 0 0 0 0 0 0 0 0
 2 2 3 6 6 3 1 1 0 0 0 0 0 0 0 0 0 0 2 0 0 0 0 0 0 0 0 0 0 0 0 0 0 0 0 0 0 0 0 0 0 0 0 0 0 0
 4 4 13 2 2 3 7 7 3 3 3 0 0 0 0 0 0 0 0 0 0 0 0 0 0 0 0 0 0 0 0 0 0 0 0 0 0 0 0 0 0 0 0 0 0 0
 4 4 13 2 2 3 7 7 3 3 3 0 0 0 0 0 0 0 0 0 0 0 0 0 0 0 0 0 0 0 0 0 0 0 0 0 0 0 0 0 0 0 0 0 0 0
 2 2 4 6 6 6 10 10 11 11 8 1 1 1 0 0 0 0 0 0 0 0 0 0 0 0 0 0 0 0 0 0 0 0 0 0 0 1 0 0 0 0 0 0 0 0
 3 3 8 16 16 16 12 12 20 20 6 2 2 0 0 0 0 0 13 5 5 0 0 0 0 0 0 0 0 0 0 0 0 0 0 0 0 0 0 0 2 2 1 0 0 0
 3 3 8 16 16 16 12 12 20 20 6 2 2 0 0 0 0 0 13 5 5 0 0 0 0 0 0 0 0 0 0 0 0 0 0 0 0 0 0 0 2 2 1 0 0 0
 2 2 7 25 25 19 9 9 12 12 22 8 8 2 0 0 1 1 2 3 3 0 0 0 0 0 0 0 0 0 0 0 0 0 0 0 0 0 1 1 1 1 1 1 1 0
 3 3 5 16 16 12 10 10 11 11 15 14 14 2 4 4 0 0 1 0 0 0 0 0 0 0 0 0 0 0 0 0 0 0 0 0 0 0 0 0 1 1 1 0 0 0
 3 3 5 16 16 12 10 10 11 11 15 14 14 2 4 4 0 0 1 0 0 0 0 0 0 0 0 0 0 0 0 0 0 0 0 0 0 0 0 0 1 1 1 0 0 0
 6 6 3 17 17 12 14 14 17 17 23 11 11 7 5 5 1 1 0 0 0 0 0 0 0 0 0 0 0 1 1 1 0 0 0 0 0 0 0 0 0 0 0 0 0 0
 6 6 3 17 17 12 14 14 17 17 23 11 11 7 5 5 1 1 0 0 0 0 0 0 0 0 0 0 0 1 1 1 0 0 0 0 0 0 0 0 0 0 0 0 0 0
 13 13 4 11 11 8 19 19 17 17 11 6 6 11 4 4 4 4 7 1 1 11 0 0 0 0 0 0 0 0 0 0 0 0 0 0 0 4 0 0 0 0 0 0 0 0
 8 8 7 14 14 6 10 10 14 14 11 6 6 4 14 14 27 27 5 5 5 7 3 3 0 0 0 0 0 0 0 0 0 0 0 0 0 0 0 0 0 0 0 0 0 0
 8 8 7 14 14 6 10 10 14 14 11 6 6 4 14 14 27 27 5 5 5 7 3 3 0 0 0 0 0 0 0 0 0 0 0 0 0 0 0 0 0 0 0 0 0 0
 8 8 8 6 6 11 11 11 8 8 26 13 13 21 24 24 20 20 28 8 8 16 14 14 4 4 2 0 0 0 0 0 0 0 0 0 0 0 0 0 0 0 0 0 0 0
 3 3 12 7 7 9 6 6 20 20 32 30 30 28 30 30 49 49 19 11 11 13 11 11 4 4 3 5 5 1 0 0 0 0 0 0 0 0 0 0 0 0 0 0 0 0
 3 3 12 7 7 9 6 6 20 20 32 30 30 28 30 30 49 49 19 11 11 13 11 11 4 4 3 5 5 1 0 0 0 0 0 0 0 0 0 0 0 0 0 0 0 0
 2 2 1 2 2 9 8 8 10 10 28 20 20 34 29 29 9 9 11 18 18 22 10 10 13 13 18 3 3 0 2 2 1 1 0 0 0 0 0 0 0 0 1 0 0 0
 2 2 1 2 2 9 8 8 10 10 28 20 20 34 29 29 9 9 11 18 18 22 10 10 13 13 18 3 3 0 2 2 1 1 0 0 0 0 0 0 0 0 1 0 0 0
 7 7 4 5 5 6 4 4 11 11 15 23 23 24 18 18 9 9 14 12 12 15 12 12 12 12 7 2 2 3 0 0 1 1 0 0 0 0 0 0 0 0 0 0 0 0
 8 8 5 4 4 8 4 4 8 8 23 19 19 12 19 19 10 10 13 26 26 15 7 7 12 12 5 2 2 2 0 0 1 1 0 0 0 0 0 0 0 0 0 0 0 0
 8 8 5 4 4 8 4 4 8 8 23 19 19 12 19 19 10 10 13 26 26 15 7 7 12 12 5 2 2 2 0 0 1 1 0 0 0 0 0 0 0 0 0 0 0 0
 3 3 7 7 7 10 3 3 9 9 7 4 4 14 26 26 44 44 28 15 15 9 2 2 5 5 3 2 2 0 0 0 0 0 0 0 0 0 0 0 0 0 0 0 0 0
 3 3 6 6 6 6 4 4 10 10 4 3 3 7 7 7 25 25 29 8 8 6 6 6 3 3 4 2 2 3 0 0 0 0 0 0 0 0 0 0 0 0 0 0 0 0
 3 3 6 6 6 6 4 4 10 10 4 3 3 7 7 7 25 25 29 8 8 6 6 6 3 3 4 2 2 3 0 0 0 0 0 0 0 0 0 0 0 0 0 0 0 0
 8 8 15 10 10 6 6 6 15 15 5 6 6 3 4 4 9 9 30 18 18 15 5 5 3 3 6 1 1 4 2 2 1 1 3 0 0 0 0 0 0 0 0 0 0 0
 8 8 15 10 10 6 6 6 15 15 5 6 6 3 4 4 9 9 30 18 18 15 5 5 3 3 6 1 1 4 2 2 1 1 3 0 0 0 0 0 0 0 0 0 0 0
 8 8 16 11 11 8 8 8 7 7 6 6 6 1 1 1 6 6 29 17 17 14 4 4 8 8 10 5 5 4 1 1 9 9 6 7 7 6 2 2 0 0 0 0 0 0
 6 6 14 18 18 20 12 12 12 12 14 7 7 5 4 4 1 1 27 17 17 10 10 10 14 14 13 13 13 7 5 5 9 9 7 9 9 11 2 2 3 3 3 1 1 0
 6 6 14 18 18 20 12 12 12 12 14 7 7 5 4 4 1 1 27 17 17 10 10 10 14 14 13 13 13 7 5 5 9 9 7 9 9 11 2 2 3 3 3 1 1 0
 7 7 7 11 11 25 14 14 16 16 15 7 7 9 4 4 0 0 16 7 7 8 11 11 18 18 23 18 18 10 13 13 19 19 16 13 13 10 5 5 3 3 3 1 1 0
 9 9 14 13 13 13 16 16 16 16 14 14 14 8 1 1 1 1 1 4 4 9 29 29 18 18 25 21 21 10 13 13 15 15 9 5 5 4 1 1 0 0 0 0 0 0
 9 9 14 13 13 13 16 16 16 16 14 14 14 8 1 1 1 1 1 4 4 9 29 29 18 18 25 21 21 10 13 13 15 15 9 5 5 4 1 1 0 0 0 0 0 0
 10 10 12 14 14 15 15 15 14 14 13 13 13 6 7 7 1 1 3 3 3 7 20 20 18 18 18 16 16 20 8 8 9 9 8 4 4 3 2 2 0 0 0 0 0 0
 10 10 12 14 14 15 15 15 14 14 13 13 13 6 7 7 1 1 3 3 3 7 20 20 18 18 18 16 16 20 8 8 9 9 8 4 4 3 2 2 0 0 0 0 0 0
 10 10 11 13 13 14 18 18 20 20 13 14 14 8 18 18 7 7 4 4 4 3 11 11 25 25 10 15 15 13 5 5 4 4 3 0 0 0 0 0 0 0 0 0 0 0
 17 17 6 10 10 12 13 13 17 17 15 13 13 13 9 9 6 6 6 3 3 3 3 3 6 6 6 10 10 15 10 10 4 4 3 0 0 1 0 0 0 0 0 0 0 0
 17 17 6 10 10 12 13 13 17 17 15 13 13 13 9 9 6 6 6 3 3 3 3 3 6 6 6 10 10 15 10 10 4 4 3 0 0 1 0 0 0 0 0 0 0 0
 3 3 5 6 6 7 9 9 11 11 18 16 16 17 11 11 11 11 5 5 5 3 4 4 7 7 6 12 12 21 15 15 7 7 5 7 7 2 0 0 0 0 0 0 0 0
 1 1 2 3 3 4 6 6 7 7 10 10 10 12 11 11 6 6 5 8 8 7 8 8 11 11 6 14 14 18 18 18 11 11 8 8 8 1 1 1 0 0 0 0 0 0
 1 1 2 3 3 4 6 6 7 7 10 10 10 12 11 11 6 6 5 8 8 7 8 8 11 11 6 14 14 18 18 18 11 11 8 8 8 1 1 1 0 0 0 0 0 0
 2 2 5 4 4 6 6 6 7 7 10 10 10 12 15 15 12 12 13 11 11 13 14 14 11 11 7 6 6 8 9 9 8 8 6 5 5 0 0 0 0 0 0 0 0 0
 2 2 5 4 4 6 6 6 7 7 10 10 10 12 15 15 12 12 13 11 11 13 14 14 11 11 7 6 6 8 9 9 8 8 6 5 5 0 0 0 0 0 0 0 0 0
 4 4 8 6 6 5 5 5 11 11 14 12 12 10 10 10 11 11 10 10 10 14 12 12 14 14 16 15 15 6 3 3 4 4 5 3 3 0 1 1 0 0 0 0 0 0
 2 2 4 4 4 3 4 4 6 6 10 8 8 7 8 8 9 9 6 7 7 7 8 8 7 7 10 9 9 7 5 5 4 4 6 0 0 0 0 0 0 0 0 0 0 0
 2 2 4 4 4 3 4 4 6 6 10 8 8 7 8 8 9 9 6 7 7 7 8 8 7 7 10 9 9 7 5 5 4 4 6 0 0 0 0 0 0 0 0 0 0 0
 1 1 1 2 2 2 3 3 3 3 4 5 5 9 7 7 7 7 6 5 5 4 6 6 3 3 5 5 5 3 1 1 4 4 1 0 0 0 0 0 0 0 0 0 0 0
 1 1 1 1 1 1 1 1 2 2 3 4 4 5 6 6 7 7 6 3 3 3 2 2 4 4 1 2 2 3 1 1 4 4 1 0 0 0 0 0 0 0 0 0 0 0
 1 1 1 1 1 1 1 1 2 2 3 4 4 5 6 6 7 7 6 3 3 3 2 2 4 4 1 2 2 3 1 1 4 4 1 0 0 0 0 0 0 0 0 0 0 0
 0 0 7 0 0 0 0 0 1 1 2 3 3 4 5 5 4 4 3 2 2 4 4 4 3 3 1 2 2 2 3 3 1 1 1 0 0 0 0 0 0 0 0 0 0 0
 0 0 7 0 0 0 0 0 1 1 2 3 3 4 5 5 4 4 3 2 2 4 4 4 3 3 1 2 2 2 3 3 1 1 1 0 0 0 0 0 0 0 0 0 0 0
 1 1 2 0 0 0 0 0 0 0 0 1 1 1 1 1 1 1 3 1 1 1 1 1 2 2 0 0 0 2 3 3 0 0 1 1 1 6 3 3 0 0 0 0 0 0
 0 0 1 0 0 1 0 0 0 0 0 0 0 0 0 0 0 0 1 0 0 0 0 0 0 0 3 0 0 1 1 1 1 1 0 2 2 8 8 8 2 2 0 0 0 0
 0 0 1 0 0 1 0 0 0 0 0 0 0 0 0 0 0 0 1 0 0 0 0 0 0 0 3 0 0 1 1 1 1 1 0 2 2 8 8 8 2 2 0 0 0 0
 0 0 0 0 0 1 0 0 0 0 0 0 0 0 0 0 0 0 1 0 0 0 0 0 1 1 1 1 1 1 1 1 1 1 0 0 0 1 1 1 5 5 0 0 0 0
 1 1 0 1 1 1 0 0 0 0 0 0 0 0 0 0 0 0 0 0 0 0 0 0 0 0 0 1 1 0 0 0 1 1 1 1 1 0 0 0 2 2 0 0 0 0
 1 1 0 1 1 1 0 0 0 0 0 0 0 0 0 0 0 0 0 0 0 0 0 0 0 0 0 1 1 0 0 0 1 1 1 1 1 0 0 0 2 2 0 0 0 0
 1 1 0 0 0 0 0 0 0 0 0 0 0 1 0 0 4 4 0 1 1 0 0 0 0 0 1 2 2 1 0 0 3 3 1 0 0 1 0 0 2 2 2 0 0 0
 1 1 0 0 0 0 0 0 0 0 0 0 0 1 0 0 4 4 0 1 1 0 0 0 0 0 1 2 2 1 0 0 3 3 1 0 0 1 0 0 2 2 2 0 0 0
 1 1 0 0 0 0 0 0 0 0 0 0 0 0 0 0 1 1 0 0 0 0 0 0 0 0 0 1 1 4 2 2 1 1 4 1 1 0 0 0 1 1 0 0 0 0
 0 0 0 0 0 0 0 0 0 0 0 0 0 0 0 0 0 0 0 0 0 0 0 0 1 1 0 0 0 0 5 5 3 3 3 2 2 1 1 1 0 0 1 1 1 1
 0 0 0 0 0 0 0 0 0 0 0 0 0 0 0 0 0 0 0 0 0 0 0 0 1 1 0 0 0 0 5 5 3 3 3 2 2 1 1 1 0 0 1 1 1 1
 0 0 0 1 1 0 0 0 0 0 0 0 0 0 0 0 0 0 0 0 0 0 2 2 0 0 0 0 0 2 1 1 0 0 2 5 5 0 0 0 1 1 0 0 0 0
 0 0 1 0 0 0 0 0 0 0 0 0 0 0 0 0 0 0 0 0 0 0 0 0 0 0 0 0 0 1 1 1 0 0 1 0 0 0 0 0 0 0 1 0 0 0
