assets/RAT_results/precipitation/2017-08-17_IMERG.asc
ncols        46
nrows        77
xllcorner    74.800261325624
yllcorner    8.058333333333
cellsize     0.062500000000
NODATA_value -9999
 59 59 26 30 30 22 22 22 19 19 15 17 17 23 23 23 25 25 18 13 13 10 4 4 11 11 13 13 13 5 5 5 3 3 1 1 1 1 4 4 9 9 5 25 25 26
 19 19 15 15 15 12 8 8 13 13 17 10 10 17 10 10 17 17 14 7 7 9 3 3 4 4 5 10 10 25 8 8 14 14 9 6 6 5 8 8 16 16 4 19 19 16
 19 19 15 15 15 12 8 8 13 13 17 10 10 17 10 10 17 17 14 7 7 9 3 3 4 4 5 10 10 25 8 8 14 14 9 6 6 5 8 8 16 16 4 19 19 16
 14 14 12 17 17 12 28 28 11 11 5 5 5 9 9 9 9 9 15 4 4 3 1 1 1 1 4 11 11 9 12 12 8 8 9 20 20 7 5 5 11 11 26 25 25 17
 14 14 17 18 18 10 6 6 9 9 6 3 3 9 3 3 15 15 6 3 3 2 2 2 3 3 1 2 2 2 4 4 8 8 10 7 7 1 4 4 2 2 5 8 8 24
 14 14 17 18 18 10 6 6 9 9 6 3 3 9 3 3 15 15 6 3 3 2 2 2 3 3 1 2 2 2 4 4 8 8 10 7 7 1 4 4 2 2 5 8 8 24
 20 20 18 15 15 20 12 12 21 21 6 5 5 5 2 2 23 23 16 3 3 1 3 3 3 3 2 2 2 2 2 2 3 3 2 5 5 1 1 1 2 2 23 9 9 21
 20 20 18 15 15 20 12 12 21 21 6 5 5 5 2 2 23 23 16 3 3 1 3 3 3 3 2 2 2 2 2 2 3 3 2 5 5 1 1 1 2 2 23 9 9 21
 14 14 13 10 10 14 13 13 8 8 7 3 3 3 6 6 9 9 13 5 5 2 3 3 2 2 2 1 1 2 2 2 2 2 2 3 3 22 3 3 3 3 12 7 7 6
 16 16 5 8 8 15 8 8 4 4 5 4 4 2 5 5 3 3 5 4 4 1 2 2 1 1 1 2 2 3 4 4 4 4 4 4 4 21 8 8 4 4 2 5 5 6
 16 16 5 8 8 15 8 8 4 4 5 4 4 2 5 5 3 3 5 4 4 1 2 2 1 1 1 2 2 3 4 4 4 4 4 4 4 21 8 8 4 4 2 5 5 6
 5 5 12 13 13 21 8 8 7 7 5 4 4 4 5 5 2 2 5 4 4 2 2 2 3 3 3 3 3 3 3 3 2 2 1 3 3 2 0 0 1 1 1 2 2 1
 5 5 13 10 10 16 26 26 11 11 8 5 5 4 3 3 2 2 4 4 4 3 5 5 5 5 4 2 2 1 1 1 0 0 2 3 3 0 0 0 0 0 0 1 1 0
 5 5 13 10 10 16 26 26 11 11 8 5 5 4 3 3 2 2 4 4 4 3 5 5 5 5 4 2 2 1 1 1 0 0 2 3 3 0 0 0 0 0 0 1 1 0
 7 7 8 9 9 12 46 46 32 32 18 8 8 4 3 3 3 3 4 3 3 2 3 3 3 3 2 1 1 1 0 0 0 0 2 0 0 0 0 0 0 0 0 0 0 0
 7 7 8 9 9 12 46 46 32 32 18 8 8 4 3 3 3 3 4 3 3 2 3 3 3 3 2 1 1 1 0 0 0 0 2 0 0 0 0 0 0 0 0 0 0 0
 4 4 4 8 8 8 11 11 15 15 14 13 13 17 3 3 2 2 2 1 1 2 2 2 1 1 1 2 2 0 0 0 0 0 0 0 0 0 0 0 0 0 0 0 0 0
 4 4 3 4 4 5 8 8 11 11 10 10 10 12 14 14 2 2 8 3 3 3 0 0 1 1 1 0 0 0 0 0 0 0 0 0 0 0 1 1 0 0 0 0 0 1
 4 4 3 4 4 5 8 8 11 11 10 10 10 12 14 14 2 2 8 3 3 3 0 0 1 1 1 0 0 0 0 0 0 0 0 0 0 0 1 1 0 0 0 0 0 1
 3 3 3 2 2 2 4 4 7 7 8 8 8 18 15 15 17 17 20 2 2 2 0 0 2 2 1 0 0 1 0 0 0 0 0 0 0 0 0 0 1 1 1 1 1 2
 11 11 4 4 4 3 2 2 4 4 5 9 9 14 16 16 13 13 17 1 1 3 0 0 0 0 0 0 0 0 0 0 0 0 0 0 0 0 0 0 0 0 1 1 1 3
 11 11 4 4 4 3 2 2 4 4 5 9 9 14 16 16 13 13 17 1 1 3 0 0 0 0 0 0 0 0 0 0 0 0 0 0 0 0 0 0 0 0 1 1 1 3
 15 15 4 4 4 2 2 2 2 2 5 7 7 9 18 18 18 18 9 2 2 4 1 1 3 3 0 1 1 2 1 1 0 0 0 0 0 0 1 1 1 1 2 2 2 2
 15 15 4 4 4 2 2 2 2 2 5 7 7 9 18 18 18 18 9 2 2 4 1 1 3 3 0 1 1 2 1 1 0 0 0 0 0 0 1 1 1 1 2 2 2 2
 10 10 4 4 4 2 2 2 2 2 2 6 6 10 10 10 7 7 10 2 2 5 5 5 3 3 2 2 2 2 1 1 1 1 1 1 1 0 1 1 1 1 2 1 1 1
 10 10 3 5 5 5 5 5 3 3 2 5 5 7 11 11 8 8 8 11 11 11 19 19 5 5 6 9 9 5 4 4 4 4 2 1 1 1 1 1 1 1 2 1 1 0
 10 10 3 5 5 5 5 5 3 3 2 5 5 7 11 11 8 8 8 11 11 11 19 19 5 5 6 9 9 5 4 4 4 4 2 1 1 1 1 1 1 1 2 1 1 0
 8 8 5 7 7 5 4 4 2 2 1 7 7 5 8 8 11 11 13 20 20 26 29 29 38 38 12 9 9 9 4 4 4 4 1 3 3 2 1 1 1 1 1 0 0 2
 8 8 12 9 9 5 4 4 2 2 1 4 4 2 5 5 8 8 14 12 12 46 26 26 11 11 12 10 10 11 4 4 4 4 1 3 3 1 2 2 1 1 1 0 0 0
 8 8 12 9 9 5 4 4 2 2 1 4 4 2 5 5 8 8 14 12 12 46 26 26 11 11 12 10 10 11 4 4 4 4 1 3 3 1 2 2 1 1 1 0 0 0
 8 8 32 14 14 6 6 6 6 6 1 1 1 4 4 4 10 10 10 10 10 18 20 20 49 49 7 3 3 2 2 2 2 2 1 1 1 1 1 1 0 0 0 4 4 1
 8 8 32 14 14 6 6 6 6 6 1 1 1 4 4 4 10 10 10 10 10 18 20 20 49 49 7 3 3 2 2 2 2 2 1 1 1 1 1 1 0 0 0 4 4 1
 7 7 31 11 11 16 14 14 3 3 1 1 1 1 1 1 6 6 14 7 7 4 31 31 10 10 4 3 3 1 1 1 1 1 6 1 1 1 0 0 0 0 0 0 0 1
 4 4 7 3 3 4 7 7 2 2 1 1 1 1 1 1 1 1 3 7 7 8 2 2 3 3 4 2 2 1 1 1 2 2 2 2 2 1 0 0 0 0 0 0 0 0
 4 4 7 3 3 4 7 7 2 2 1 1 1 1 1 1 1 1 3 7 7 8 2 2 3 3 4 2 2 1 1 1 2 2 2 2 2 1 0 0 0 0 0 0 0 0
 3 3 5 6 6 5 6 6 11 11 2 3 3 1 1 1 1 1 3 5 5 8 2 2 2 2 2 2 2 1 1 1 3 3 1 0 0 0 0 0 0 0 0 0 0 0
 3 3 7 11 11 7 12 12 3 3 5 9 9 3 2 2 4 4 5 19 19 6 14 14 13 13 11 2 2 2 2 2 3 3 2 1 1 0 0 0 0 0 0 0 0 0
 3 3 7 11 11 7 12 12 3 3 5 9 9 3 2 2 4 4 5 19 19 6 14 14 13 13 11 2 2 2 2 2 3 3 2 1 1 0 0 0 0 0 0 0 0 0
 3 3 10 22 22 23 6 6 4 4 22 12 12 5 6 6 8 8 9 11 11 21 26 26 10 10 17 3 3 5 5 5 4 4 2 1 1 0 0 0 0 0 0 0 0 1
 3 3 10 22 22 23 6 6 4 4 22 12 12 5 6 6 8 8 9 11 11 21 26 26 10 10 17 3 3 5 5 5 4 4 2 1 1 0 0 0 0 0 0 0 0 1
 4 4 18 37 37 24 5 5 5 5 12 16 16 11 10 10 12 12 11 21 21 19 28 28 34 34 33 12 12 3 5 5 4 4 5 3 3 1 0 0 2 2 3 2 2 1
 6 6 39 46 46 15 8 8 7 7 8 11 11 15 16 16 13 13 14 25 25 20 27 27 8 8 2 15 15 5 5 5 6 6 4 4 4 3 2 2 1 1 4 5 5 3
 6 6 39 46 46 15 8 8 7 7 8 11 11 15 16 16 13 13 14 25 25 20 27 27 8 8 2 15 15 5 5 5 6 6 4 4 4 3 2 2 1 1 4 5 5 3
 32 32 38 29 29 14 8 8 10 10 10 16 16 18 14 14 13 13 15 28 28 33 24 24 16 16 9 3 3 4 11 11 10 10 7 7 7 5 7 7 2 2 1 3 3 1
 33 33 45 19 19 8 9 9 9 9 9 7 7 9 10 10 7 7 6 21 21 33 39 39 11 11 2 3 3 6 6 6 7 7 7 3 3 4 4 4 3 3 1 0 0 0
 33 33 45 19 19 8 9 9 9 9 9 7 7 9 10 10 7 7 6 21 21 33 39 39 11 11 2 3 3 6 6 6 7 7 7 3 3 4 4 4 3 3 1 0 0 0
 15 15 23 8 8 7 11 11 6 6 4 3 3 2 3 3 2 2 6 23 23 32 6 6 7 7 4 3 3 6 7 7 9 9 9 2 2 2 1 1 4 4 2 0 0 0
 15 15 23 8 8 7 11 11 6 6 4 3 3 2 3 3 2 2 6 23 23 32 6 6 7 7 4 3 3 6 7 7 9 9 9 2 2 2 1 1 4 4 2 0 0 0
 7 7 18 4 4 6 3 3 2 2 1 1 1 1 1 1 2 2 3 10 10 6 1 1 4 4 4 5 5 9 6 6 9 9 4 1 1 1 1 1 2 2 1 0 0 0
 2 2 16 2 2 2 1 1 1 1 1 1 1 2 2 2 2 2 4 3 3 2 2 2 3 3 5 5 5 5 3 3 3 3 2 1 1 0 0 0 0 0 0 0 0 0
 2 2 16 2 2 2 1 1 1 1 1 1 1 2 2 2 2 2 4 3 3 2 2 2 3 3 5 5 5 5 3 3 3 3 2 1 1 0 0 0 0 0 0 0 0 0
 1 1 1 1 1 1 1 1 1 1 1 2 2 3 4 4 3 3 4 4 4 3 6 6 6 6 7 6 6 5 2 2 0 0 3 3 3 0 0 0 0 0 0 0 0 0
 1 1 1 1 1 2 3 3 2 2 1 2 2 2 2 2 3 3 2 3 3 6 13 13 7 7 10 9 9 2 7 7 1 1 3 3 3 0 0 0 0 0 0 0 0 0
 1 1 1 1 1 2 3 3 2 2 1 2 2 2 2 2 3 3 2 3 3 6 13 13 7 7 10 9 9 2 7 7 1 1 3 3 3 0 0 0 0 0 0 0 0 0
 0 0 1 2 2 2 1 1 2 2 1 3 3 5 3 3 2 2 2 2 2 6 8 8 6 6 7 5 5 7 22 22 4 4 1 1 1 0 0 0 0 0 0 1 1 0
 0 0 1 2 2 2 1 1 2 2 1 3 3 5 3 3 2 2 2 2 2 6 8 8 6 6 7 5 5 7 22 22 4 4 1 1 1 0 0 0 0 0 0 1 1 0
 0 0 1 1 1 2 1 1 2 2 2 3 3 6 5 5 0 0 1 1 1 1 1 1 1 1 3 2 2 2 1 1 1 1 2 1 1 1 0 0 0 0 1 2 2 0
 1 1 1 3 3 2 2 2 1 1 1 2 2 4 4 4 1 1 0 1 1 0 0 0 0 0 1 1 1 0 8 8 2 2 0 0 0 1 1 1 1 1 1 0 0 0
 1 1 1 3 3 2 2 2 1 1 1 2 2 4 4 4 1 1 0 1 1 0 0 0 0 0 1 1 1 0 8 8 2 2 0 0 0 1 1 1 1 1 1 0 0 0
 2 2 3 4 4 3 1 1 3 3 2 1 1 2 1 1 1 1 0 2 2 0 0 0 0 0 1 6 6 21 8 8 1 1 1 0 0 0 0 0 1 1 1 0 0 0
 4 4 7 5 5 2 1 1 2 2 1 1 1 0 1 1 1 1 4 4 4 0 0 0 0 0 0 3 3 14 8 8 0 0 0 0 0 0 0 0 0 0 2 1 1 0
 4 4 7 5 5 2 1 1 2 2 1 1 1 0 1 1 1 1 4 4 4 0 0 0 0 0 0 3 3 14 8 8 0 0 0 0 0 0 0 0 0 0 2 1 1 0
 3 3 4 5 5 3 1 1 1 1 0 1 1 1 5 5 5 5 6 4 4 0 0 0 0 0 1 3 3 11 1 1 0 0 0 0 0 0 0 0 0 0 1 1 1 0
 3 3 4 5 5 3 1 1 1 1 0 1 1 1 5 5 5 5 6 4 4 0 0 0 0 0 1 3 3 11 1 1 0 0 0 0 0 0 0 0 0 0 1 1 1 0
 2 2 3 5 5 2 2 2 1 1 1 1 1 1 5 5 6 6 7 6 6 1 1 1 0 0 0 0 0 3 1 1 0 0 0 0 0 1 2 2 1 1 1 1 1 0
 5 5 5 4 4 2 1 1 1 1 1 1 1 1 2 2 2 2 3 2 2 0 0 0 0 0 0 0 0 1 1 1 0 0 1 1 1 1 1 1 0 0 0 0 0 0
 5 5 5 4 4 2 1 1 1 1 1 1 1 1 2 2 2 2 3 2 2 0 0 0 0 0 0 0 0 1 1 1 0 0 1 1 1 1 1 1 0 0 0 0 0 0
 3 3 7 3 3 1 1 1 1 1 1 2 2 1 2 2 2 2 5 2 2 1 0 0 0 0 1 1 1 1 1 1 1 1 0 5 5 21 0 0 0 0 0 0 0 0
 2 2 2 1 1 1 2 2 1 1 1 2 2 2 2 2 1 1 2 1 1 0 0 0 0 0 0 2 2 2 1 1 1 1 1 0 0 1 1 1 2 2 3 0 0 0
 2 2 2 1 1 1 2 2 1 1 1 2 2 2 2 2 1 1 2 1 1 0 0 0 0 0 0 2 2 2 1 1 1 1 1 0 0 1 1 1 2 2 3 0 0 0
 1 1 1 1 1 1 1 1 1 1 1 1 1 1 2 2 0 0 1 1 1 0 0 0 3 3 1 2 2 1 1 1 1 1 1 1 1 0 0 0 0 0 5 0 0 0
 1 1 1 1 1 1 1 1 1 1 1 1 1 1 2 2 0 0 1 1 1 0 0 0 3 3 1 2 2 1 1 1 1 1 1 1 1 0 0 0 0 0 5 0 0 0
 2 2 2 2 2 1 1 1 1 1 0 1 1 1 1 1 0 0 0 1 1 0 0 0 3 3 1 0 0 1 1 1 1 1 1 0 0 0 0 0 1 1 0 0 0 0
 2 2 2 1 1 1 0 0 2 2 1 0 0 0 0 0 0 0 0 0 0 1 1 1 3 3 0 1 1 1 1 1 0 0 0 0 0 0 1 1 0 0 0 0 0 0
 2 2 2 1 1 1 0 0 2 2 1 0 0 0 0 0 0 0 0 0 0 1 1 1 3 3 0 1 1 1 1 1 0 0 0 0 0 0 1 1 0 0 0 0 0 0
 2 2 2 1 1 1 1 1 1 1 1 0 0 0 0 0 2 2 0 0 0 1 4 4 4 4 5 3 3 2 2 2 2 2 2 2 2 1 1 1 0 0 0 0 0 0
 2 2 3 4 4 1 1 1 0 0 0 1 1 0 1 1 2 2 2 2 2 1 4 4 5 5 7 10 10 9 7 7 5 5 5 2 2 2 1 1 1 1 1 0 0 0
