assets/RAT_results/precipitation/2017-07-14_IMERG.asc
ncols        46
nrows        77
xllcorner    74.800261325624
yllcorner    8.058333333333
cellsize     0.062500000000
NODATA_value -9999
 27 27 30 19 19 16 21 21 13 13 10 8 8 4 4 4 5 5 1 1 1 2 2 2 5 5 1 0 0 0 1 1 0 0 0 0 0 0 0 0 0 0 0 0 0 1
 18 18 19 20 20 16 22 22 28 28 11 9 9 6 9 9 5 5 4 5 5 6 7 7 7 7 1 0 0 0 1 1 0 0 0 0 0 0 1 1 2 2 1 2 2 1
 18 18 19 20 20 16 22 22 28 28 11 9 9 6 9 9 5 5 4 5 5 6 7 7 7 7 1 0 0 0 1 1 0 0 0 0 0 0 1 1 2 2 1 2 2 1
 24 24 26 15 15 27 16 16 14 14 14 15 15 2 5 5 5 5 8 8 8 11 4 4 2 2 1 0 0 0 0 0 4 4 0 0 0 1 1 1 1 1 3 0 0 0
 13 13 22 17 17 16 27 27 27 27 21 16 16 6 7 7 4 4 4 5 5 3 1 1 1 1 1 1 1 1 5 5 1 1 1 1 1 0 1 1 0 0 1 0 0 0
 13 13 22 17 17 16 27 27 27 27 21 16 16 6 7 7 4 4 4 5 5 3 1 1 1 1 1 1 1 1 5 5 1 1 1 1 1 0 1 1 0 0 1 0 0 0
 16 16 22 24 24 25 26 26 22 22 25 12 12 6 5 5 5 5 6 4 4 3 2 2 1 1 0 1 1 1 0 0 1 1 1 2 2 0 0 0 0 0 0 0 0 0
 16 16 22 24 24 25 26 26 22 22 25 12 12 6 5 5 5 5 6 4 4 3 2 2 1 1 0 1 1 1 0 0 1 1 1 2 2 0 0 0 0 0 0 0 0 0
 14 14 24 32 32 28 31 31 31 31 19 8 8 7 4 4 5 5 3 4 4 5 3 3 7 7 3 0 0 1 0 0 1 1 0 0 0 0 0 0 0 0 0 0 0 0
 18 18 14 29 29 40 44 44 34 34 18 10 10 5 3 3 2 2 3 5 5 3 4 4 3 3 2 1 1 3 0 0 0 0 0 1 1 1 1 1 0 0 0 0 0 0
 18 18 14 29 29 40 44 44 34 34 18 10 10 5 3 3 2 2 3 5 5 3 4 4 3 3 2 1 1 3 0 0 0 0 0 1 1 1 1 1 0 0 0 0 0 0
 7 7 15 19 19 41 36 36 24 24 20 10 10 8 13 13 13 13 11 5 5 4 4 4 4 4 6 1 1 1 1 1 1 1 1 1 1 2 1 1 1 1 1 1 1 2
 4 4 10 9 9 16 29 29 16 16 16 21 21 11 10 10 17 17 16 16 16 6 3 3 4 4 3 3 3 2 3 3 2 2 1 1 1 1 1 1 1 1 3 0 0 0
 4 4 10 9 9 16 29 29 16 16 16 21 21 11 10 10 17 17 16 16 16 6 3 3 4 4 3 3 3 2 3 3 2 2 1 1 1 1 1 1 1 1 3 0 0 0
 3 3 5 9 9 8 17 17 17 17 19 13 13 10 10 10 7 7 6 10 10 8 6 6 6 6 3 13 13 12 4 4 3 3 1 0 0 0 1 1 3 3 5 3 3 2
 3 3 5 9 9 8 17 17 17 17 19 13 13 10 10 10 7 7 6 10 10 8 6 6 6 6 3 13 13 12 4 4 3 3 1 0 0 0 1 1 3 3 5 3 3 2
 2 2 3 3 3 9 15 15 13 13 26 10 10 11 12 12 4 4 5 4 4 10 7 7 6 6 4 6 6 10 2 2 1 1 1 1 1 2 2 2 4 4 6 4 4 2
 1 1 1 3 3 6 11 11 10 10 14 17 17 16 25 25 17 17 7 1 1 6 7 7 5 5 4 4 4 2 1 1 1 1 2 2 2 2 3 3 4 4 4 1 1 4
 1 1 1 3 3 6 11 11 10 10 14 17 17 16 25 25 17 17 7 1 1 6 7 7 5 5 4 4 4 2 1 1 1 1 2 2 2 2 3 3 4 4 4 1 1 4
 2 2 3 15 15 6 9 9 9 9 13 11 11 15 14 14 21 21 12 3 3 2 2 2 5 5 4 2 2 2 3 3 1 1 2 1 1 2 3 3 4 4 6 5 5 2
 4 4 9 10 10 6 7 7 5 5 13 17 17 14 16 16 11 11 4 2 2 3 1 1 3 3 2 1 1 1 2 2 1 1 1 2 2 1 4 4 2 2 3 5 5 1
 4 4 9 10 10 6 7 7 5 5 13 17 17 14 16 16 11 11 4 2 2 3 1 1 3 3 2 1 1 1 2 2 1 1 1 2 2 1 4 4 2 2 3 5 5 1
 6 6 7 4 4 2 4 4 4 4 6 6 6 17 27 27 13 13 1 2 2 2 3 3 1 1 2 1 1 3 4 4 4 4 2 1 1 1 2 2 0 0 0 2 2 0
 6 6 7 4 4 2 4 4 4 4 6 6 6 17 27 27 13 13 1 2 2 2 3 3 1 1 2 1 1 3 4 4 4 4 2 1 1 1 2 2 0 0 0 2 2 0
 4 4 3 3 3 4 4 4 3 3 3 7 7 19 20 20 12 12 3 1 1 3 5 5 3 3 3 1 1 3 2 2 3 3 0 0 0 0 1 1 1 1 2 0 0 0
 4 4 1 3 3 8 2 2 3 3 4 10 10 12 18 18 16 16 4 1 1 3 3 3 5 5 2 2 2 3 1 1 0 0 1 0 0 0 2 2 1 1 3 0 0 0
 4 4 1 3 3 8 2 2 3 3 4 10 10 12 18 18 16 16 4 1 1 3 3 3 5 5 2 2 2 3 1 1 0 0 1 0 0 0 2 2 1 1 3 0 0 0
 5 5 11 7 7 4 3 3 2 2 2 15 15 11 22 22 20 20 3 1 1 2 6 6 7 7 9 3 3 1 1 1 0 0 0 1 1 0 1 1 3 3 0 0 0 3
 2 2 4 5 5 11 2 2 2 2 3 4 4 10 21 21 19 19 5 0 0 0 10 10 5 5 9 4 4 5 0 0 0 0 0 1 1 0 0 0 0 0 0 0 0 0
 2 2 4 5 5 11 2 2 2 2 3 4 4 10 21 21 19 19 5 0 0 0 10 10 5 5 9 4 4 5 0 0 0 0 0 1 1 0 0 0 0 0 0 0 0 0
 2 2 3 9 9 3 2 2 1 1 4 3 3 9 12 12 19 19 12 3 3 2 5 5 8 8 5 4 4 8 1 1 0 0 0 0 0 0 0 0 0 0 0 0 0 0
 2 2 3 9 9 3 2 2 1 1 4 3 3 9 12 12 19 19 12 3 3 2 5 5 8 8 5 4 4 8 1 1 0 0 0 0 0 0 0 0 0 0 0 0 0 0
 2 2 2 4 4 10 9 9 4 4 6 6 6 5 5 5 10 10 7 4 4 3 1 1 6 6 6 3 3 2 2 2 4 4 0 3 3 0 0 0 2 2 0 0 0 0
 2 2 3 6 6 5 6 6 9 9 6 6 6 5 2 2 4 4 13 5 5 4 3 3 2 2 3 3 3 5 2 2 0 0 0 4 4 2 1 1 1 1 0 0 0 0
 2 2 3 6 6 5 6 6 9 9 6 6 6 5 2 2 4 4 13 5 5 4 3 3 2 2 3 3 3 5 2 2 0 0 0 4 4 2 1 1 1 1 0 0 0 0
 2 2 5 5 5 6 6 6 4 4 5 8 8 21 2 2 4 4 7 17 17 5 3 3 2 2 2 2 2 2 5 5 2 2 1 0 0 2 2 2 1 1 0 1 1 0
 1 1 1 1 1 1 1 1 2 2 10 20 20 27 8 8 21 21 18 19 19 5 4 4 0 0 1 1 1 2 1 1 2 2 1 3 3 1 1 1 2 2 1 1 1 0
 1 1 1 1 1 1 1 1 2 2 10 20 20 27 8 8 21 21 18 19 19 5 4 4 0 0 1 1 1 2 1 1 2 2 1 3 3 1 1 1 2 2 1 1 1 0
 1 1 1 1 1 0 0 0 1 1 9 25 25 17 11 11 27 27 14 14 14 5 1 1 1 1 2 0 0 2 2 2 2 2 4 1 1 2 4 4 2 2 3 0 0 0
 1 1 1 1 1 0 0 0 1 1 9 25 25 17 11 11 27 27 14 14 14 5 1 1 1 1 2 0 0 2 2 2 2 2 4 1 1 2 4 4 2 2 3 0 0 0
 1 1 1 1 1 1 1 1 1 1 9 17 17 7 5 5 12 12 7 8 8 6 2 2 2 2 0 0 0 2 6 6 3 3 5 2 2 4 4 4 1 1 1 1 1 0
 1 1 2 1 1 0 0 0 2 2 6 6 6 3 3 3 4 4 3 4 4 5 2 2 2 2 1 1 1 3 7 7 10 10 6 2 2 3 2 2 2 2 1 2 2 1
 1 1 2 1 1 0 0 0 2 2 6 6 6 3 3 3 4 4 3 4 4 5 2 2 2 2 1 1 1 3 7 7 10 10 6 2 2 3 2 2 2 2 1 2 2 1
 1 1 1 1 1 0 0 0 1 1 1 2 2 3 3 3 3 3 3 8 8 9 8 8 3 3 1 3 3 4 5 5 10 10 5 5 5 5 5 5 2 2 1 0 0 0
 1 1 1 0 0 0 0 0 1 1 0 1 1 1 4 4 2 2 2 3 3 8 9 9 2 2 6 13 13 5 4 4 7 7 4 3 3 3 2 2 1 1 1 0 0 0
 1 1 1 0 0 0 0 0 1 1 0 1 1 1 4 4 2 2 2 3 3 8 9 9 2 2 6 13 13 5 4 4 7 7 4 3 3 3 2 2 1 1 1 0 0 0
 1 1 1 0 0 0 0 0 0 0 0 1 1 1 3 3 1 1 4 3 3 2 1 1 1 1 8 19 19 25 4 4 0 0 1 1 1 0 0 0 0 0 0 0 0 0
 1 1 1 0 0 0 0 0 0 0 0 1 1 1 3 3 1 1 4 3 3 2 1 1 1 1 8 19 19 25 4 4 0 0 1 1 1 0 0 0 0 0 0 0 0 0
 0 0 1 0 0 0 0 0 0 0 0 0 0 0 0 0 0 0 0 4 4 2 2 2 5 5 10 18 18 3 2 2 1 1 0 1 1 1 1 1 1 1 1 0 0 0
 1 1 1 0 0 0 0 0 0 0 0 0 0 0 0 0 0 0 1 1 1 1 1 1 0 0 2 12 12 1 0 0 1 1 1 2 2 3 1 1 2 2 2 1 1 1
 1 1 1 0 0 0 0 0 0 0 0 0 0 0 0 0 0 0 1 1 1 1 1 1 0 0 2 12 12 1 0 0 1 1 1 2 2 3 1 1 2 2 2 1 1 1
 0 0 0 0 0 0 0 0 0 0 0 0 0 0 0 0 0 0 0 1 1 1 0 0 1 1 1 0 0 1 1 1 2 2 2 3 3 3 2 2 2 2 1 0 0 0
 0 0 0 0 0 0 0 0 0 0 0 0 0 0 0 0 0 0 0 0 0 0 1 1 1 1 1 1 1 2 3 3 2 2 1 3 3 2 1 1 1 1 0 0 0 0
 0 0 0 0 0 0 0 0 0 0 0 0 0 0 0 0 0 0 0 0 0 0 1 1 1 1 1 1 1 2 3 3 2 2 1 3 3 2 1 1 1 1 0 0 0 0
 0 0 0 0 0 0 0 0 0 0 0 0 0 0 0 0 0 0 0 1 1 1 1 1 2 2 2 1 1 1 1 1 1 1 0 2 2 1 0 0 4 4 0 0 0 0
 0 0 0 0 0 0 0 0 0 0 0 0 0 0 0 0 0 0 0 1 1 1 1 1 2 2 2 1 1 1 1 1 1 1 0 2 2 1 0 0 4 4 0 0 0 0
 0 0 0 0 0 0 0 0 0 0 0 0 0 0 0 0 0 0 0 1 1 1 1 1 2 2 1 1 1 0 0 0 0 0 0 0 0 0 0 0 0 0 0 0 0 0
 0 0 0 0 0 0 0 0 0 0 0 0 0 0 0 0 0 0 0 0 0 1 1 1 1 1 0 1 1 0 0 0 0 0 0 0 0 0 0 0 0 0 0 0 0 0
 0 0 0 0 0 0 0 0 0 0 0 0 0 0 0 0 0 0 0 0 0 1 1 1 1 1 0 1 1 0 0 0 0 0 0 0 0 0 0 0 0 0 0 0 0 0
 0 0 0 0 0 0 0 0 0 0 0 0 0 0 0 0 1 1 0 0 0 0 0 0 0 0 0 0 0 0 0 0 0 0 0 0 0 0 0 0 0 0 0 0 0 0
 0 0 0 0 0 0 0 0 0 0 0 0 0 0 0 0 0 0 0 0 0 0 0 0 0 0 1 0 0 0 0 0 0 0 0 0 0 0 0 0 0 0 0 0 0 0
 0 0 0 0 0 0 0 0 0 0 0 0 0 0 0 0 0 0 0 0 0 0 0 0 0 0 1 0 0 0 0 0 0 0 0 0 0 0 0 0 0 0 0 0 0 0
 0 0 0 0 0 0 0 0 0 0 0 0 0 0 0 0 0 0 0 0 0 0 0 0 0 0 1 2 2 0 0 0 0 0 0 0 0 0 0 0 0 0 0 0 0 0
 0 0 0 0 0 0 0 0 0 0 0 0 0 0 0 0 0 0 0 0 0 0 0 0 0 0 1 2 2 0 0 0 0 0 0 0 0 0 0 0 0 0 0 0 0 0
 0 0 0 0 0 0 0 0 0 0 0 0 0 0 0 0 0 0 0 1 1 0 0 0 0 0 0 1 1 0 3 3 0 0 0 0 0 0 0 0 0 0 0 0 0 0
 0 0 0 0 0 0 0 0 0 0 0 0 0 0 0 0 0 0 0 0 0 0 0 0 0 0 0 1 1 1 1 1 0 0 0 0 0 0 0 0 0 0 0 0 0 0
 0 0 0 0 0 0 0 0 0 0 0 0 0 0 0 0 0 0 0 0 0 0 0 0 0 0 0 1 1 1 1 1 0 0 0 0 0 0 0 0 0 0 0 0 0 0
 0 0 0 0 0 1 0 0 0 0 0 0 0 0 0 0 0 0 0 2 2 1 0 0 0 0 0 0 0 0 1 1 0 0 0 0 0 0 0 0 0 0 0 0 0 0
 0 0 0 0 0 0 0 0 0 0 0 0 0 0 0 0 0 0 0 1 1 0 0 0 0 0 0 0 0 0 1 1 0 0 0 0 0 0 0 0 0 0 0 0 0 0
 0 0 0 0 0 0 0 0 0 0 0 0 0 0 0 0 0 0 0 1 1 0 0 0 0 0 0 0 0 0 1 1 0 0 0 0 0 0 0 0 0 0 0 0 0 0
 0 0 0 0 0 0 0 0 0 0 0 0 0 0 0 0 0 0 0 0 0 0 0 0 0 0 0 0 0 1 1 1 1 1 0 0 0 0 0 0 0 0 0 0 0 0
 0 0 0 0 0 0 0 0 0 0 0 0 0 0 0 0 0 0 0 0 0 0 0 0 0 0 0 0 0 1 1 1 1 1 0 0 0 0 0 0 0 0 0 0 0 0
 0 0 0 0 0 0 0 0 0 0 0 0 0 0 0 0 0 0 0 0 0 0 0 0 0 0 1 0 0 0 1 1 1 1 1 0 0 0 0 0 0 0 0 0 0 0
 0 0 0 0 0 0 0 0 0 0 0 0 0 0 0 0 0 0 0 0 0 0 0 0 0 0 0 0 0 0 0 0 0 0 0 0 0 0 0 0 0 0 0 0 0 0
 0 0 0 0 0 0 0 0 0 0 0 0 0 0 0 0 0 0 0 0 0 0 0 0 0 0 0 0 0 0 0 0 0 0 0 0 0 0 0 0 0 0 0 0 0 0
 0 0 0 0 0 0 0 0 0 0 0 0 0 0 0 0 0 0 0 0 0 0 0 0 1 1 0 0 0 0 0 0 0 0 0 0 0 0 0 0 0 0 0 0 0 0
 0 0 0 0 0 0 1 1 1 1 1 0 0 0 0 0 0 0 0 0 0 0 0 0 0 0 0 0 0 0 0 0 0 0 0 0 0 0 0 0 0 0 0 0 0 0
