assets/RAT_results/precipitation/2017-09-05_IMERG.asc
ncols        46
nrows        77
xllcorner    74.800261325624
yllcorner    8.058333333333
cellsize     0.062500000000
NODATA_value -9999
 13 13 11 13 13 13 18 18 23 23 53 27 27 15 10 10 10 10 10 11 11 14 21 21 14 14 20 17 17 15 12 12 25 25 27 31 31 40 47 47 52 52 89 76 76 42
 19 19 17 19 19 16 20 20 28 28 34 38 38 23 25 25 15 15 14 30 30 37 38 38 24 24 22 20 20 15 18 18 24 24 35 41 41 40 36 36 48 48 71 48 48 34
 19 19 17 19 19 16 20 20 28 28 34 38 38 23 25 25 15 15 14 30 30 37 38 38 24 24 22 20 20 15 18 18 24 24 35 41 41 40 36 36 48 48 71 48 48 34
 21 21 20 25 25 22 22 22 24 24 34 49 49 29 29 29 34 34 46 40 40 50 48 48 55 55 38 25 25 22 21 21 30 30 29 34 34 34 32 32 41 41 42 40 40 25
 17 17 23 25 25 25 22 22 26 26 35 39 39 36 33 33 49 49 99 54 54 54 60 60 61 61 53 59 59 50 34 34 32 32 31 36 36 30 33 33 33 33 34 28 28 22
 17 17 23 25 25 25 22 22 26 26 35 39 39 36 33 33 49 49 99 54 54 54 60 60 61 61 53 59 59 50 34 34 32 32 31 36 36 30 33 33 33 33 34 28 28 22
 15 15 20 26 26 26 22 22 26 26 41 40 40 47 55 55 109 109 107 80 80 78 73 73 81 81 70 70 70 77 53 53 44 44 41 30 30 31 30 30 34 34 36 37 37 13
 15 15 20 26 26 26 22 22 26 26 41 40 40 47 55 55 109 109 107 80 80 78 73 73 81 81 70 70 70 77 53 53 44 44 41 30 30 31 30 30 34 34 36 37 37 13
 12 12 19 26 26 28 28 28 29 29 43 63 63 55 57 57 62 62 68 71 71 74 94 94 94 94 86 85 85 75 102 102 47 47 36 48 48 45 34 34 37 37 37 38 38 20
 12 12 18 27 27 29 28 28 27 27 31 39 39 41 49 49 51 51 61 65 65 80 91 91 97 97 80 82 82 76 99 99 110 110 80 56 56 58 40 40 57 57 33 36 36 38
 12 12 18 27 27 29 28 28 27 27 31 39 39 41 49 49 51 51 61 65 65 80 91 91 97 97 80 82 82 76 99 99 110 110 80 56 56 58 40 40 57 57 33 36 36 38
 12 12 10 16 16 24 25 25 27 27 31 33 33 33 35 35 41 41 53 53 53 58 50 50 55 55 65 60 60 73 75 75 71 71 108 118 118 119 62 62 62 62 31 36 36 68
 10 10 10 17 17 23 26 26 26 26 32 35 35 33 36 36 31 31 46 38 38 49 44 44 52 52 56 56 56 50 56 56 56 56 103 87 87 112 72 72 61 61 54 33 33 60
 10 10 10 17 17 23 26 26 26 26 32 35 35 33 36 36 31 31 46 38 38 49 44 44 52 52 56 56 56 50 56 56 56 56 103 87 87 112 72 72 61 61 54 33 33 60
 5 5 8 13 13 14 28 28 26 26 29 24 24 19 25 25 28 28 35 43 43 33 34 34 42 42 46 54 54 50 56 56 73 73 78 76 76 69 73 73 50 50 29 31 31 49
 5 5 8 13 13 14 28 28 26 26 29 24 24 19 25 25 28 28 35 43 43 33 34 34 42 42 46 54 54 50 56 56 73 73 78 76 76 69 73 73 50 50 29 31 31 49
 7 7 7 11 11 11 12 12 26 26 30 25 25 20 20 20 25 25 25 26 26 36 34 34 27 27 33 33 33 37 79 79 73 73 74 34 34 50 32 32 26 26 17 22 22 17
 4 4 5 9 9 11 12 12 13 13 30 24 24 23 22 22 33 33 37 18 18 21 22 22 22 22 24 28 28 28 40 40 30 30 26 34 34 39 27 27 20 20 17 19 19 14
 4 4 5 9 9 11 12 12 13 13 30 24 24 23 22 22 33 33 37 18 18 21 22 22 22 22 24 28 28 28 40 40 30 30 26 34 34 39 27 27 20 20 17 19 19 14
 4 4 4 6 6 6 8 8 8 8 12 22 22 26 29 29 29 29 31 18 18 21 17 17 19 19 22 22 22 30 27 27 26 26 19 17 17 17 19 19 33 33 35 39 39 11
 3 3 3 4 4 4 5 5 6 6 9 18 18 19 23 23 24 24 24 18 18 26 17 17 18 18 18 17 17 20 20 20 14 14 13 13 13 13 12 12 35 35 37 35 35 10
 3 3 3 4 4 4 5 5 6 6 9 18 18 19 23 23 24 24 24 18 18 26 17 17 18 18 18 17 17 20 20 20 14 14 13 13 13 13 12 12 35 35 37 35 35 10
 1 1 3 4 4 4 9 9 5 5 7 6 6 14 12 12 14 14 12 17 17 20 15 15 17 17 18 40 40 15 15 15 11 11 11 15 15 9 5 5 10 10 11 13 13 15
 1 1 3 4 4 4 9 9 5 5 7 6 6 14 12 12 14 14 12 17 17 20 15 15 17 17 18 40 40 15 15 15 11 11 11 15 15 9 5 5 10 10 11 13 13 15
 1 1 4 5 5 4 7 7 41 41 17 7 7 16 13 13 12 12 13 14 14 21 21 21 19 19 14 13 13 12 11 11 8 8 4 5 5 7 4 4 3 3 10 4 4 8
 2 2 4 5 5 5 3 3 4 4 5 6 6 8 12 12 9 9 11 22 22 19 15 15 26 26 16 15 15 10 4 4 3 3 3 4 4 6 5 5 5 5 4 3 3 4
 2 2 4 5 5 5 3 3 4 4 5 6 6 8 12 12 9 9 11 22 22 19 15 15 26 26 16 15 15 10 4 4 3 3 3 4 4 6 5 5 5 5 4 3 3 4
 3 3 7 7 7 5 6 6 3 3 4 6 6 7 6 6 8 8 13 10 10 12 11 11 12 12 8 7 7 6 6 6 4 4 4 8 8 5 6 6 6 6 7 3 3 7
 7 7 3 2 2 3 2 2 1 1 2 3 3 6 21 21 24 24 9 8 8 9 13 13 5 5 5 5 5 6 5 5 4 4 5 9 9 9 8 8 7 7 6 7 7 7
 7 7 3 2 2 3 2 2 1 1 2 3 3 6 21 21 24 24 9 8 8 9 13 13 5 5 5 5 5 6 5 5 4 4 5 9 9 9 8 8 7 7 6 7 7 7
 1 1 3 1 1 3 1 1 2 2 1 1 1 2 2 2 6 6 7 7 7 9 15 15 5 5 5 6 6 4 4 4 5 5 6 6 6 8 7 7 6 6 9 6 6 6
 1 1 3 1 1 3 1 1 2 2 1 1 1 2 2 2 6 6 7 7 7 9 15 15 5 5 5 6 6 4 4 4 5 5 6 6 6 8 7 7 6 6 9 6 6 6
 0 0 2 3 3 4 3 3 1 1 2 2 2 3 2 2 5 5 5 5 5 5 3 3 6 6 5 5 5 4 4 4 4 4 5 4 4 5 5 5 5 5 8 5 5 6
 0 0 0 1 1 1 1 1 5 5 1 6 6 2 4 4 8 8 3 4 4 2 4 4 2 2 4 2 2 2 2 2 2 2 3 3 3 3 3 3 6 6 9 10 10 7
 0 0 0 1 1 1 1 1 5 5 1 6 6 2 4 4 8 8 3 4 4 2 4 4 2 2 4 2 2 2 2 2 2 2 3 3 3 3 3 3 6 6 9 10 10 7
 2 2 1 1 1 1 0 0 1 1 2 1 1 2 1 1 2 2 2 2 2 2 2 2 4 4 2 2 2 1 1 1 5 5 5 6 6 4 6 6 6 6 9 11 11 25
 4 4 2 1 1 1 1 1 1 1 2 0 0 1 1 1 4 4 1 4 4 3 1 1 2 2 2 2 2 2 3 3 5 5 7 6 6 6 6 6 6 6 12 13 13 27
 4 4 2 1 1 1 1 1 1 1 2 0 0 1 1 1 4 4 1 4 4 3 1 1 2 2 2 2 2 2 3 3 5 5 7 6 6 6 6 6 6 6 12 13 13 27
 7 7 5 3 3 3 8 8 16 16 3 3 3 1 1 1 4 4 3 5 5 4 1 1 1 1 0 2 2 2 1 1 6 6 10 14 14 9 7 7 7 7 6 11 11 10
 7 7 5 3 3 3 8 8 16 16 3 3 3 1 1 1 4 4 3 5 5 4 1 1 1 1 0 2 2 2 1 1 6 6 10 14 14 9 7 7 7 7 6 11 11 10
 8 8 9 8 8 5 12 12 6 6 4 4 4 2 3 3 3 3 1 4 4 4 2 2 1 1 1 2 2 2 4 4 8 8 16 12 12 10 13 13 13 13 8 15 15 7
 9 9 9 12 12 13 15 15 13 13 7 5 5 4 7 7 2 2 2 3 3 3 7 7 8 8 3 3 3 4 12 12 17 17 35 12 12 14 17 17 14 14 13 13 13 7
 9 9 9 12 12 13 15 15 13 13 7 5 5 4 7 7 2 2 2 3 3 3 7 7 8 8 3 3 3 4 12 12 17 17 35 12 12 14 17 17 14 14 13 13 13 7
 22 22 14 17 17 21 16 16 10 10 11 6 6 8 9 9 4 4 3 2 2 5 11 11 18 18 16 12 12 14 19 19 19 19 15 7 7 9 11 11 14 14 13 13 13 6
 21 21 17 16 16 18 16 16 16 16 17 12 12 10 13 13 11 11 3 2 2 12 8 8 20 20 38 10 10 12 21 21 18 18 15 5 5 4 4 4 3 3 1 3 3 2
 21 21 17 16 16 18 16 16 16 16 17 12 12 10 13 13 11 11 3 2 2 12 8 8 20 20 38 10 10 12 21 21 18 18 15 5 5 4 4 4 3 3 1 3 3 2
 15 15 16 17 17 16 18 18 14 14 13 18 18 19 24 24 11 11 6 4 4 4 6 6 11 11 44 18 18 8 16 16 15 15 8 6 6 2 4 4 1 1 0 1 1 0
 15 15 16 17 17 16 18 18 14 14 13 18 18 19 24 24 11 11 6 4 4 4 6 6 11 11 44 18 18 8 16 16 15 15 8 6 6 2 4 4 1 1 0 1 1 0
 10 10 17 12 12 18 22 22 40 40 16 19 19 26 22 22 11 11 7 11 11 3 3 3 6 6 14 6 6 9 7 7 10 10 9 10 10 4 9 9 6 6 1 2 2 1
 16 16 37 9 9 16 20 20 26 26 38 19 19 30 31 31 10 10 6 7 7 7 10 10 8 8 7 14 14 9 10 10 19 19 14 12 12 18 14 14 7 7 5 1 1 1
 16 16 37 9 9 16 20 20 26 26 38 19 19 30 31 31 10 10 6 7 7 7 10 10 8 8 7 14 14 9 10 10 19 19 14 12 12 18 14 14 7 7 5 1 1 1
 15 15 94 17 17 10 10 10 20 20 32 37 37 36 44 44 24 24 10 10 10 12 20 20 13 13 17 15 15 10 9 9 18 18 16 16 16 19 19 19 15 15 10 3 3 2
 43 43 123 78 78 13 13 13 12 12 25 27 27 37 57 57 70 70 31 18 18 22 27 27 21 21 30 20 20 19 18 18 17 17 18 20 20 23 21 21 18 18 9 7 7 5
 43 43 123 78 78 13 13 13 12 12 25 27 27 37 57 57 70 70 31 18 18 22 27 27 21 21 30 20 20 19 18 18 17 17 18 20 20 23 21 21 18 18 9 7 7 5
 42 42 90 82 82 19 13 13 8 8 11 13 13 20 35 35 48 48 37 24 24 21 21 21 43 43 42 28 28 22 17 17 23 23 21 18 18 28 18 18 20 20 19 10 10 9
 42 42 90 82 82 19 13 13 8 8 11 13 13 20 35 35 48 48 37 24 24 21 21 21 43 43 42 28 28 22 17 17 23 23 21 18 18 28 18 18 20 20 19 10 10 9
 32 32 37 37 37 28 8 8 5 5 5 4 4 7 29 29 30 30 27 20 20 16 18 18 35 35 81 97 97 30 25 25 20 20 20 18 18 24 41 41 31 31 28 32 32 19
 13 13 14 19 19 12 6 6 6 6 3 4 4 5 7 7 10 10 15 18 18 14 23 23 33 33 52 54 54 49 38 38 15 15 18 18 18 25 22 22 28 28 22 18 18 21
 13 13 14 19 19 12 6 6 6 6 3 4 4 5 7 7 10 10 15 18 18 14 23 23 33 33 52 54 54 49 38 38 15 15 18 18 18 25 22 22 28 28 22 18 18 21
 13 13 5 8 8 6 3 3 5 5 2 3 3 3 3 3 7 7 8 16 16 13 22 22 20 20 37 89 89 54 62 62 58 58 37 23 23 18 18 18 22 22 28 30 30 15
 10 10 7 5 5 5 6 6 3 3 2 2 2 2 3 3 7 7 7 20 20 14 14 14 21 21 51 63 63 74 86 86 91 91 35 22 22 12 23 23 12 12 23 20 20 14
 10 10 7 5 5 5 6 6 3 3 2 2 2 2 3 3 7 7 7 20 20 14 14 14 21 21 51 63 63 74 86 86 91 91 35 22 22 12 23 23 12 12 23 20 20 14
 29 29 27 5 5 5 7 7 4 4 4 3 3 2 3 3 3 3 7 9 9 8 9 9 11 11 15 44 44 75 59 59 25 25 33 31 31 21 22 22 10 10 9 18 18 14
 29 29 27 5 5 5 7 7 4 4 4 3 3 2 3 3 3 3 7 9 9 8 9 9 11 11 15 44 44 75 59 59 25 25 33 31 31 21 22 22 10 10 9 18 18 14
 58 58 57 7 7 6 6 6 4 4 4 4 4 4 4 4 4 4 8 7 7 11 8 8 11 11 10 36 36 28 46 46 30 30 20 20 20 20 19 19 21 21 13 14 14 21
 58 58 57 5 5 3 4 4 5 5 4 5 5 6 4 4 5 5 4 4 4 7 9 9 9 9 5 13 13 12 19 19 38 38 38 43 43 29 18 18 17 17 4 5 5 6
 58 58 57 5 5 3 4 4 5 5 4 5 5 6 4 4 5 5 4 4 4 7 9 9 9 9 5 13 13 12 19 19 38 38 38 43 43 29 18 18 17 17 4 5 5 6
 42 42 31 13 13 7 6 6 11 11 7 7 7 7 4 4 5 5 4 3 3 3 7 7 8 8 4 10 10 14 13 13 39 39 33 76 76 52 26 26 21 21 8 4 4 3
 48 48 33 10 10 18 17 17 11 11 15 11 11 7 2 2 2 2 1 1 1 1 3 3 6 6 7 10 10 11 10 10 23 23 39 48 48 78 64 64 43 43 7 3 3 3
 48 48 33 10 10 18 17 17 11 11 15 11 11 7 2 2 2 2 1 1 1 1 3 3 6 6 7 10 10 11 10 10 23 23 39 48 48 78 64 64 43 43 7 3 3 3
 39 39 44 26 26 24 22 22 15 15 19 14 14 9 2 2 2 2 0 0 0 1 1 1 4 4 8 7 7 10 11 11 15 15 22 33 33 25 45 45 44 44 18 13 13 10
 39 39 44 26 26 24 22 22 15 15 19 14 14 9 2 2 2 2 0 0 0 1 1 1 4 4 8 7 7 10 11 11 15 15 22 33 33 25 45 45 44 44 18 13 13 10
 44 44 41 33 33 28 29 29 29 29 20 21 21 11 7 7 2 2 0 0 0 1 1 1 2 2 5 4 4 16 4 4 11 11 17 18 18 15 27 27 19 19 16 17 17 6
 60 60 57 45 45 44 31 31 38 38 17 18 18 7 7 7 2 2 2 0 0 1 0 0 2 2 1 1 1 5 4 4 11 11 14 14 14 13 20 20 22 22 12 5 5 1
 60 60 57 45 45 44 31 31 38 38 17 18 18 7 7 7 2 2 2 0 0 1 0 0 2 2 1 1 1 5 4 4 11 11 14 14 14 13 20 20 22 22 12 5 5 1
 105 105 102 93 93 81 39 39 44 44 16 16 16 8 8 8 2 2 2 0 0 0 1 1 1 1 1 1 1 3 3 3 2 2 5 16 16 16 11 11 14 14 6 1 1 1
 108 108 104 103 103 93 35 35 40 40 21 13 13 9 11 11 3 3 5 1 1 0 1 1 1 1 1 1 1 2 1 1 1 1 3 13 13 9 6 6 4 4 4 1 1 2
