assets/RAT_results/precipitation/2017-11-22_IMERG.asc
ncols        46
nrows        77
xllcorner    74.800261325624
yllcorner    8.058333333333
cellsize     0.062500000000
NODATA_value -9999
 0 0 0 0 0 0 0 0 0 0 0 0 0 0 0 0 0 0 0 0 0 0 0 0 0 0 0 0 0 0 0 0 0 0 0 0 0 0 0 0 0 0 0 0 0 0
 0 0 0 0 0 0 0 0 0 0 0 0 0 0 0 0 0 0 0 0 0 0 0 0 0 0 0 0 0 0 0 0 0 0 0 0 0 0 0 0 0 0 0 0 0 0
 0 0 0 0 0 0 0 0 0 0 0 0 0 0 0 0 0 0 0 0 0 0 0 0 0 0 0 0 0 0 0 0 0 0 0 0 0 0 0 0 0 0 0 0 0 0
 0 0 0 0 0 0 0 0 0 0 0 0 0 0 0 0 0 0 0 0 0 0 0 0 0 0 0 0 0 0 0 0 0 0 0 0 0 0 0 0 0 0 0 0 0 0
 0 0 0 0 0 0 0 0 0 0 0 0 0 0 0 0 0 0 0 0 0 0 0 0 0 0 0 0 0 0 0 0 0 0 0 0 0 0 0 0 0 0 0 0 0 0
 0 0 0 0 0 0 0 0 0 0 0 0 0 0 0 0 0 0 0 0 0 0 0 0 0 0 0 0 0 0 0 0 0 0 0 0 0 0 0 0 0 0 0 0 0 0
 0 0 0 0 0 0 0 0 0 0 0 0 0 0 0 0 0 0 0 0 0 0 0 0 0 0 0 0 0 0 0 0 0 0 0 0 0 0 0 0 0 0 0 0 0 0
 0 0 0 0 0 0 0 0 0 0 0 0 0 0 0 0 0 0 0 0 0 0 0 0 0 0 0 0 0 0 0 0 0 0 0 0 0 0 0 0 0 0 0 0 0 0
 1 1 0 0 0 0 0 0 0 0 0 0 0 0 0 0 0 0 0 0 0 0 0 0 0 0 0 0 0 0 0 0 0 0 0 0 0 0 0 0 0 0 0 0 0 0
 0 0 1 0 0 0 0 0 0 0 0 0 0 0 0 0 0 0 0 0 0 0 0 0 0 0 0 0 0 0 0 0 0 0 0 0 0 0 0 0 0 0 0 0 0 0
 0 0 1 0 0 0 0 0 0 0 0 0 0 0 0 0 0 0 0 0 0 0 0 0 0 0 0 0 0 0 0 0 0 0 0 0 0 0 0 0 0 0 0 0 0 0
 1 1 1 0 0 0 0 0 0 0 0 0 0 0 0 0 0 0 0 0 0 0 0 0 0 0 0 0 0 0 0 0 0 0 0 0 0 0 0 0 0 0 0 0 0 0
 0 0 0 1 1 1 1 1 0 0 0 0 0 0 0 0 0 0 0 0 0 0 0 0 0 0 0 0 0 0 0 0 0 0 0 0 0 0 0 0 0 0 0 0 0 0
 0 0 0 1 1 1 1 1 0 0 0 0 0 0 0 0 0 0 0 0 0 0 0 0 0 0 0 0 0 0 0 0 0 0 0 0 0 0 0 0 0 0 0 0 0 0
 0 0 0 1 1 1 1 1 0 0 0 0 0 0 0 0 0 0 0 0 0 0 0 0 0 0 0 0 0 0 0 0 0 0 0 0 0 0 0 0 0 0 0 0 0 0
 0 0 0 1 1 1 1 1 0 0 0 0 0 0 0 0 0 0 0 0 0 0 0 0 0 0 0 0 0 0 0 0 0 0 0 0 0 0 0 0 0 0 0 0 0 0
 1 1 0 0 0 1 1 1 1 1 0 0 0 0 0 0 0 0 0 0 0 0 0 0 0 0 0 0 0 0 0 0 0 0 0 0 0 0 0 0 0 0 0 0 0 0
 1 1 1 1 1 1 1 1 1 1 1 0 0 0 0 0 0 0 0 0 0 0 0 0 0 0 0 0 0 0 0 0 0 0 0 0 0 0 0 0 0 0 0 0 0 0
 1 1 1 1 1 1 1 1 1 1 1 0 0 0 0 0 0 0 0 0 0 0 0 0 0 0 0 0 0 0 0 0 0 0 0 0 0 0 0 0 0 0 0 0 0 0
 1 1 1 2 2 1 1 1 0 0 0 0 0 0 0 0 0 0 0 0 0 1 0 0 0 0 0 0 0 0 0 0 0 0 0 0 0 0 0 0 0 0 0 0 0 0
 2 2 2 2 2 4 1 1 0 0 0 1 1 0 0 0 0 0 0 0 0 0 0 0 0 0 0 0 0 0 0 0 0 0 0 0 0 0 0 0 0 0 0 0 0 0
 2 2 2 2 2 4 1 1 0 0 0 1 1 0 0 0 0 0 0 0 0 0 0 0 0 0 0 0 0 0 0 0 0 0 0 0 0 0 0 0 0 0 0 0 0 0
 3 3 3 3 3 2 4 4 2 2 2 0 0 1 0 0 0 0 0 0 0 0 0 0 0 0 0 0 0 1 1 1 0 0 0 0 0 0 0 0 0 0 0 0 0 0
 3 3 3 3 3 2 4 4 2 2 2 0 0 1 0 0 0 0 0 0 0 0 0 0 0 0 0 0 0 1 1 1 0 0 0 0 0 0 0 0 0 0 0 0 0 0
 3 3 3 2 2 1 3 3 10 10 3 1 1 0 0 0 0 0 0 0 0 0 0 0 0 0 0 0 0 1 0 0 0 0 0 0 0 0 0 0 0 0 0 0 0 0
 2 2 2 1 1 3 24 24 6 6 3 4 4 0 1 1 0 0 0 1 1 1 0 0 0 0 0 0 0 1 1 1 0 0 0 0 0 0 0 0 0 0 0 0 0 0
 2 2 2 1 1 3 24 24 6 6 3 4 4 0 1 1 0 0 0 1 1 1 0 0 0 0 0 0 0 1 1 1 0 0 0 0 0 0 0 0 0 0 0 0 0 0
 2 2 1 1 1 3 2 2 6 6 23 4 4 0 1 1 1 1 0 1 1 1 1 1 0 0 0 0 0 1 0 0 0 0 0 0 0 0 0 0 0 0 0 0 0 0
 2 2 1 1 1 2 1 1 5 5 2 1 1 0 0 0 0 0 0 1 1 2 2 2 0 0 0 0 0 0 0 0 0 0 0 0 0 0 0 0 0 0 0 0 0 0
 2 2 1 1 1 2 1 1 5 5 2 1 1 0 0 0 0 0 0 1 1 2 2 2 0 0 0 0 0 0 0 0 0 0 0 0 0 0 0 0 0 0 0 0 0 0
 2 2 2 2 2 3 1 1 0 0 0 0 0 0 1 1 1 1 4 3 3 4 2 2 0 0 0 0 0 0 0 0 0 0 0 0 0 0 0 0 0 0 0 0 0 0
 2 2 2 2 2 3 1 1 0 0 0 0 0 0 1 1 1 1 4 3 3 4 2 2 0 0 0 0 0 0 0 0 0 0 0 0 0 0 0 0 0 0 0 0 0 0
 1 1 2 3 3 2 1 1 0 0 0 1 1 2 4 4 5 5 0 1 1 1 1 1 0 0 0 1 1 0 0 0 0 0 0 0 0 0 0 0 0 0 0 0 0 0
 2 2 4 5 5 3 1 1 0 0 0 0 0 0 1 1 2 2 5 0 0 0 0 0 0 0 0 0 0 0 0 0 0 0 0 0 0 0 0 0 0 0 0 0 0 0
 2 2 4 5 5 3 1 1 0 0 0 0 0 0 1 1 2 2 5 0 0 0 0 0 0 0 0 0 0 0 0 0 0 0 0 0 0 0 0 0 0 0 0 0 0 0
 4 4 6 5 5 2 1 1 0 0 0 0 0 1 2 2 9 9 1 0 0 0 0 0 0 0 0 0 0 0 0 0 0 0 0 0 0 0 0 0 0 0 0 0 0 0
 5 5 6 4 4 2 2 2 0 0 0 0 0 0 0 0 0 0 1 0 0 0 0 0 0 0 0 0 0 0 0 0 0 0 0 0 0 0 0 0 0 0 0 0 0 0
 5 5 6 4 4 2 2 2 0 0 0 0 0 0 0 0 0 0 1 0 0 0 0 0 0 0 0 0 0 0 0 0 0 0 0 0 0 0 0 0 0 0 0 0 0 0
 5 5 7 6 6 6 8 8 10 10 11 12 12 11 7 7 3 3 1 0 0 0 0 0 0 0 0 0 0 0 0 0 0 0 0 0 0 0 0 0 0 0 0 0 0 0
 5 5 7 6 6 6 8 8 10 10 11 12 12 11 7 7 3 3 1 0 0 0 0 0 0 0 0 0 0 0 0 0 0 0 0 0 0 0 0 0 0 0 0 0 0 0
 4 4 6 5 5 4 8 8 10 10 12 12 12 11 8 8 5 5 4 2 2 2 1 1 0 0 0 0 0 0 0 0 0 0 0 0 0 1 1 1 0 0 0 0 0 0
 2 2 6 6 6 5 8 8 11 11 13 13 13 13 14 14 19 19 13 8 8 4 1 1 0 0 0 0 0 0 0 0 0 0 0 1 1 1 1 1 1 1 0 0 0 0
 2 2 6 6 6 5 8 8 11 11 13 13 13 13 14 14 19 19 13 8 8 4 1 1 0 0 0 0 0 0 0 0 0 0 0 1 1 1 1 1 1 1 0 0 0 0
 1 1 3 5 5 3 3 3 4 4 6 7 7 10 12 12 20 20 8 7 7 4 2 2 1 1 0 0 0 0 0 0 0 0 0 0 0 0 0 0 0 0 0 0 0 0
 1 1 0 1 1 1 3 3 4 4 5 6 6 7 9 9 10 10 10 11 11 6 5 5 3 3 2 5 5 2 0 0 0 0 0 0 0 0 0 0 0 0 0 0 0 0
 1 1 0 1 1 1 3 3 4 4 5 6 6 7 9 9 10 10 10 11 11 6 5 5 3 3 2 5 5 2 0 0 0 0 0 0 0 0 0 0 0 0 0 0 0 0
 0 0 0 0 0 1 2 2 4 4 8 10 10 12 12 12 12 12 11 10 10 7 5 5 8 8 13 25 25 10 0 0 0 0 0 0 0 0 0 0 0 0 0 0 0 0
 0 0 0 0 0 1 2 2 4 4 8 10 10 12 12 12 12 12 11 10 10 7 5 5 8 8 13 25 25 10 0 0 0 0 0 0 0 0 0 0 0 0 0 0 0 0
 0 0 1 0 0 1 2 2 4 4 8 10 10 13 12 12 14 14 15 25 25 8 5 5 3 3 3 4 4 0 0 0 0 0 0 0 0 0 0 0 0 0 0 0 0 0
 1 1 1 3 3 5 6 6 7 7 10 12 12 15 16 16 16 16 16 16 16 11 7 7 2 2 1 0 0 0 0 0 0 0 0 0 0 0 0 0 0 0 0 0 0 0
 1 1 1 3 3 5 6 6 7 7 10 12 12 15 16 16 16 16 16 16 16 11 7 7 2 2 1 0 0 0 0 0 0 0 0 0 0 0 0 0 0 0 0 0 0 0
 3 3 3 7 7 10 10 10 9 9 7 6 6 8 13 13 15 15 16 15 15 11 8 8 4 4 2 1 1 0 0 0 0 0 0 0 0 0 0 0 0 0 0 1 1 0
 3 3 3 7 7 13 13 13 11 11 10 6 6 7 9 9 10 10 11 11 11 11 13 13 11 11 4 1 1 0 0 0 0 0 0 0 0 1 1 1 2 2 1 1 1 0
 3 3 3 7 7 13 13 13 11 11 10 6 6 7 9 9 10 10 11 11 11 11 13 13 11 11 4 1 1 0 0 0 0 0 0 0 0 1 1 1 2 2 1 1 1 0
 3 3 4 8 8 17 21 21 17 17 14 8 8 3 3 3 5 5 7 9 9 10 9 9 15 15 8 2 2 1 0 0 0 0 0 0 0 1 3 3 6 6 5 0 0 0
 3 3 4 8 8 17 21 21 17 17 14 8 8 3 3 3 5 5 7 9 9 10 9 9 15 15 8 2 2 1 0 0 0 0 0 0 0 1 3 3 6 6 5 0 0 0
 3 3 3 6 6 21 34 34 30 30 24 18 18 8 4 4 5 5 7 10 10 10 9 9 8 8 6 5 5 2 1 1 1 1 1 1 1 2 2 2 6 6 5 0 0 0
 4 4 4 3 3 9 23 23 31 31 27 22 22 17 5 5 4 4 6 12 12 16 14 14 10 10 7 5 5 5 6 6 12 12 1 2 2 3 3 3 7 7 6 5 5 2
 4 4 4 3 3 9 23 23 31 31 27 22 22 17 5 5 4 4 6 12 12 16 14 14 10 10 7 5 5 5 6 6 12 12 1 2 2 3 3 3 7 7 6 5 5 2
 4 4 4 3 3 4 14 14 26 26 24 19 19 15 4 4 5 5 10 15 15 18 16 16 11 11 8 6 6 4 5 5 2 2 2 2 2 3 3 3 8 8 5 6 6 6
 4 4 4 3 3 3 4 4 7 7 9 9 9 8 7 7 10 10 17 22 22 26 27 27 24 24 20 14 14 9 8 8 4 4 3 14 14 2 1 1 3 3 7 8 8 6
 4 4 4 3 3 3 4 4 7 7 9 9 9 8 7 7 10 10 17 22 22 26 27 27 24 24 20 14 14 9 8 8 4 4 3 14 14 2 1 1 3 3 7 8 8 6
 4 4 3 2 2 2 2 2 3 3 7 9 9 8 7 7 13 13 14 16 16 21 23 23 23 23 19 17 17 18 28 28 30 30 9 3 3 3 1 1 1 1 5 11 11 10
 4 4 3 2 2 2 2 2 3 3 7 9 9 8 7 7 13 13 14 16 16 21 23 23 23 23 19 17 17 18 28 28 30 30 9 3 3 3 1 1 1 1 5 11 11 10
 2 2 2 2 2 2 1 1 2 2 6 8 8 7 7 7 11 11 14 15 15 21 22 22 20 20 23 26 26 67 50 50 57 57 9 4 4 5 2 2 2 2 11 20 20 10
 1 1 2 2 2 2 2 2 2 2 3 4 4 3 2 2 1 1 3 5 5 9 11 11 15 15 21 32 32 54 48 48 40 40 21 4 4 4 5 5 5 5 13 14 14 19
 1 1 2 2 2 2 2 2 2 2 3 4 4 3 2 2 1 1 3 5 5 9 11 11 15 15 21 32 32 54 48 48 40 40 21 4 4 4 5 5 5 5 13 14 14 19
 1 1 2 2 2 2 2 2 3 3 3 3 3 2 2 2 1 1 2 4 4 8 10 10 13 13 14 17 17 35 32 32 25 25 6 5 5 7 9 9 7 7 13 13 13 23
 1 1 3 2 2 2 1 1 1 1 1 2 2 1 2 2 2 2 3 6 6 8 11 11 8 8 8 5 5 6 2 2 4 4 5 6 6 9 10 10 9 9 13 17 17 11
 1 1 3 2 2 2 1 1 1 1 1 2 2 1 2 2 2 2 3 6 6 8 11 11 8 8 8 5 5 6 2 2 4 4 5 6 6 9 10 10 9 9 13 17 17 11
 1 1 2 2 2 2 2 2 1 1 1 2 2 2 2 2 1 1 1 2 2 5 4 4 6 6 4 2 2 1 2 2 1 1 3 4 4 12 7 7 8 8 8 10 10 8
 1 1 2 2 2 2 2 2 1 1 1 2 2 2 2 2 1 1 1 2 2 5 4 4 6 6 4 2 2 1 2 2 1 1 3 4 4 12 7 7 8 8 8 10 10 8
 1 1 1 2 2 3 5 5 8 8 10 12 12 13 8 8 4 4 2 1 1 2 4 4 3 3 2 1 1 1 1 1 1 1 2 2 2 3 5 5 7 7 8 10 10 10
 2 2 2 3 3 3 3 3 4 4 5 7 7 9 6 6 4 4 2 1 1 2 2 2 2 2 2 1 1 2 1 1 2 2 4 1 1 4 5 5 8 8 9 11 11 12
 2 2 2 3 3 3 3 3 4 4 5 7 7 9 6 6 4 4 2 1 1 2 2 2 2 2 2 1 1 2 1 1 2 2 4 1 1 4 5 5 8 8 9 11 11 12
 2 2 2 3 3 3 3 3 4 4 10 24 24 20 14 14 13 13 2 1 1 1 2 2 3 3 3 5 5 6 16 16 2 2 2 1 1 2 6 6 10 10 10 10 10 18
 1 1 2 2 2 3 2 2 2 2 5 2 2 2 3 3 1 1 1 2 2 1 3 3 4 4 5 5 5 3 3 3 3 3 3 2 2 3 6 6 9 9 13 9 9 15
