assets/RAT_results/precipitation/2017-07-28_IMERG.asc
ncols        46
nrows        77
xllcorner    74.800261325624
yllcorner    8.058333333333
cellsize     0.062500000000
NODATA_value -9999
 1 1 2 3 3 14 11 11 4 4 12 8 8 24 3 3 5 5 0 0 0 0 0 0 1 1 1 2 2 2 3 3 3 3 4 4 4 10 10 10 9 9 5 4 4 4
 1 1 3 1 1 6 7 7 8 8 10 1 1 4 3 3 1 1 0 0 0 0 1 1 1 1 1 2 2 2 2 2 3 3 3 4 4 4 4 4 4 4 4 3 3 3
 1 1 3 1 1 6 7 7 8 8 10 1 1 4 3 3 1 1 0 0 0 0 1 1 1 1 1 2 2 2 2 2 3 3 3 4 4 4 4 4 4 4 4 3 3 3
 1 1 2 2 2 2 7 7 6 6 8 3 3 2 4 4 2 2 0 0 0 1 1 1 1 1 2 2 2 2 2 2 2 2 3 3 3 3 3 3 3 3 3 3 3 2
 0 0 1 3 3 2 3 3 10 10 6 3 3 2 4 4 9 9 3 0 0 0 1 1 1 1 1 2 2 2 2 2 2 2 3 3 3 3 3 3 3 3 3 2 2 2
 0 0 1 3 3 2 3 3 10 10 6 3 3 2 4 4 9 9 3 0 0 0 1 1 1 1 1 2 2 2 2 2 2 2 3 3 3 3 3 3 3 3 3 2 2 2
 0 0 0 6 6 12 6 6 7 7 23 4 4 2 9 9 5 5 1 0 0 0 0 0 1 1 1 1 1 2 2 2 2 2 2 3 3 3 3 3 3 3 2 2 2 2
 0 0 0 6 6 12 6 6 7 7 23 4 4 2 9 9 5 5 1 0 0 0 0 0 1 1 1 1 1 2 2 2 2 2 2 3 3 3 3 3 3 3 2 2 2 2
 2 2 1 7 7 12 10 10 8 8 16 7 7 9 5 5 2 2 1 0 0 0 0 0 0 0 1 1 1 1 1 1 1 1 2 2 2 2 2 2 2 2 2 2 2 2
 3 3 2 11 11 6 15 15 2 2 6 6 6 5 6 6 1 1 0 0 0 0 0 0 0 0 0 1 1 1 1 1 2 2 1 2 2 1 1 1 1 1 1 1 1 1
 3 3 2 11 11 6 15 15 2 2 6 6 6 5 6 6 1 1 0 0 0 0 0 0 0 0 0 1 1 1 1 1 2 2 1 2 2 1 1 1 1 1 1 1 1 1
 2 2 0 1 1 3 6 6 2 2 2 7 7 10 27 27 12 12 13 0 0 0 0 0 0 0 0 0 0 0 0 0 1 1 1 1 1 1 1 1 1 1 1 1 1 1
 1 1 0 1 1 12 3 3 3 3 0 1 1 1 7 7 11 11 11 2 2 0 0 0 0 0 0 0 0 0 1 1 0 0 0 1 1 1 1 1 1 1 1 1 1 1
 1 1 0 1 1 12 3 3 3 3 0 1 1 1 7 7 11 11 11 2 2 0 0 0 0 0 0 0 0 0 1 1 0 0 0 1 1 1 1 1 1 1 1 1 1 1
 2 2 1 1 1 3 3 3 3 3 2 3 3 6 9 9 6 6 10 6 6 0 0 0 1 1 0 0 0 0 0 0 0 0 0 0 0 0 0 0 1 1 1 0 0 0
 2 2 1 1 1 3 3 3 3 3 2 3 3 6 9 9 6 6 10 6 6 0 0 0 1 1 0 0 0 0 0 0 0 0 0 0 0 0 0 0 1 1 1 0 0 0
 3 3 2 3 3 3 3 3 7 7 4 2 2 5 0 0 6 6 3 3 3 2 0 0 0 0 0 0 0 0 0 0 0 0 0 0 0 0 0 0 0 0 1 0 0 0
 14 14 4 3 3 4 2 2 6 6 2 1 1 2 4 4 2 2 2 1 1 2 0 0 0 0 0 0 0 0 0 0 0 0 1 0 0 1 0 0 0 0 0 0 0 0
 14 14 4 3 3 4 2 2 6 6 2 1 1 2 4 4 2 2 2 1 1 2 0 0 0 0 0 0 0 0 0 0 0 0 1 0 0 1 0 0 0 0 0 0 0 0
 16 16 10 4 4 3 1 1 3 3 2 3 3 7 8 8 2 2 8 6 6 5 0 0 0 0 1 3 3 1 0 0 1 1 1 0 0 0 1 1 0 0 0 0 0 0
 18 18 5 2 2 2 1 1 1 1 1 3 3 5 3 3 2 2 1 0 0 3 0 0 0 0 3 5 5 1 0 0 0 0 1 1 1 1 1 1 1 1 1 0 0 0
 18 18 5 2 2 2 1 1 1 1 1 3 3 5 3 3 2 2 1 0 0 3 0 0 0 0 3 5 5 1 0 0 0 0 1 1 1 1 1 1 1 1 1 0 0 0
 18 18 8 4 4 4 4 4 5 5 4 4 4 5 5 5 2 2 1 1 1 0 0 0 0 0 1 3 3 4 1 1 1 1 2 2 2 3 4 4 2 2 2 1 1 2
 18 18 8 4 4 4 4 4 5 5 4 4 4 5 5 5 2 2 1 1 1 0 0 0 0 0 1 3 3 4 1 1 1 1 2 2 2 3 4 4 2 2 2 1 1 2
 21 21 12 7 7 4 5 5 3 3 2 5 5 22 28 28 2 2 1 5 5 6 0 0 0 0 0 1 1 3 2 2 1 1 4 3 3 3 4 4 5 5 7 3 3 3
 19 19 11 5 5 4 2 2 7 7 6 11 11 8 15 15 2 2 1 0 0 1 9 9 1 1 0 2 2 2 2 2 2 2 2 2 2 3 3 3 7 7 8 4 4 5
 19 19 11 5 5 4 2 2 7 7 6 11 11 8 15 15 2 2 1 0 0 1 9 9 1 1 0 2 2 2 2 2 2 2 2 2 2 3 3 3 7 7 8 4 4 5
 25 25 14 5 5 6 11 11 18 18 10 4 4 7 6 6 5 5 1 0 0 0 0 0 0 0 0 0 0 1 2 2 1 1 1 2 2 2 1 1 2 2 2 3 3 4
 19 19 16 6 6 7 10 10 19 19 15 10 10 6 5 5 3 3 1 0 0 1 0 0 0 0 0 3 3 1 1 1 1 1 1 1 1 1 1 1 1 1 1 1 1 2
 19 19 16 6 6 7 10 10 19 19 15 10 10 6 5 5 3 3 1 0 0 1 0 0 0 0 0 3 3 1 1 1 1 1 1 1 1 1 1 1 1 1 1 1 1 2
 16 16 17 7 7 8 21 21 28 28 18 8 8 10 8 8 13 13 2 1 1 2 1 1 0 0 0 1 1 0 0 0 1 1 0 0 0 0 0 0 1 1 1 0 0 1
 16 16 17 7 7 8 21 21 28 28 18 8 8 10 8 8 13 13 2 1 1 2 1 1 0 0 0 1 1 0 0 0 1 1 0 0 0 0 0 0 1 1 1 0 0 1
 19 19 22 18 18 11 20 20 25 25 19 12 12 12 9 9 10 10 3 3 3 1 2 2 0 0 0 0 0 0 0 0 1 1 0 0 0 0 0 0 0 0 0 0 0 0
 21 21 22 23 23 20 19 19 27 27 14 13 13 14 12 12 12 12 18 3 3 5 15 15 1 1 0 0 0 0 0 0 0 0 0 0 0 0 0 0 0 0 0 0 0 0
 21 21 22 23 23 20 19 19 27 27 14 13 13 14 12 12 12 12 18 3 3 5 15 15 1 1 0 0 0 0 0 0 0 0 0 0 0 0 0 0 0 0 0 0 0 0
 27 27 36 36 36 29 28 28 27 27 24 18 18 17 32 32 12 12 16 17 17 2 6 6 11 11 1 0 0 0 0 0 0 0 0 0 0 0 0 0 0 0 0 0 0 0
 23 23 31 36 36 35 30 30 41 41 24 19 19 20 23 23 23 23 8 35 35 2 3 3 9 9 2 0 0 0 2 2 0 0 0 0 0 0 0 0 0 0 0 0 0 0
 23 23 31 36 36 35 30 30 41 41 24 19 19 20 23 23 23 23 8 35 35 2 3 3 9 9 2 0 0 0 2 2 0 0 0 0 0 0 0 0 0 0 0 0 0 0
 17 17 23 35 35 21 27 27 34 34 26 17 17 23 30 30 31 31 26 20 20 7 2 2 1 1 1 1 1 1 0 0 0 0 0 0 0 0 0 0 0 0 0 0 0 0
 17 17 23 35 35 21 27 27 34 34 26 17 17 23 30 30 31 31 26 20 20 7 2 2 1 1 1 1 1 1 0 0 0 0 0 0 0 0 0 0 0 0 0 0 0 0
 21 21 31 29 29 21 24 24 24 24 28 28 28 29 27 27 27 27 17 18 18 15 7 7 3 3 0 1 1 1 1 1 0 0 2 2 2 1 1 1 0 0 0 0 0 0
 11 11 26 23 23 21 13 13 14 14 23 34 34 35 39 39 32 32 22 12 12 14 21 21 15 15 7 5 5 2 1 1 0 0 2 5 5 2 0 0 0 0 1 0 0 1
 11 11 26 23 23 21 13 13 14 14 23 34 34 35 39 39 32 32 22 12 12 14 21 21 15 15 7 5 5 2 1 1 0 0 2 5 5 2 0 0 0 0 1 0 0 1
 8 8 14 22 22 13 12 12 13 13 35 23 23 36 34 34 31 31 28 19 19 13 14 14 21 21 25 20 20 6 2 2 3 3 2 6 6 6 3 3 0 0 0 0 0 0
 6 6 5 9 9 12 7 7 15 15 13 17 17 19 40 40 38 38 20 19 19 16 10 10 16 16 8 23 23 27 7 7 1 1 6 3 3 5 3 3 0 0 0 0 0 0
 6 6 5 9 9 12 7 7 15 15 13 17 17 19 40 40 38 38 20 19 19 16 10 10 16 16 8 23 23 27 7 7 1 1 6 3 3 5 3 3 0 0 0 0 0 0
 3 3 9 6 6 7 11 11 13 13 18 16 16 18 20 20 27 27 16 12 12 17 17 17 16 16 6 5 5 8 1 1 3 3 0 3 3 3 2 2 0 0 0 0 0 0
 3 3 9 6 6 7 11 11 13 13 18 16 16 18 20 20 27 27 16 12 12 17 17 17 16 16 6 5 5 8 1 1 3 3 0 3 3 3 2 2 0 0 0 0 0 0
 4 4 5 6 6 9 16 16 14 14 15 18 18 24 16 16 16 16 14 17 17 21 19 19 9 9 4 15 15 2 1 1 1 1 2 0 0 2 0 0 0 0 0 0 0 0
 3 3 3 5 5 6 14 14 14 14 19 22 22 25 22 22 22 22 14 11 11 6 32 32 21 21 7 4 4 13 10 10 8 8 7 1 1 1 0 0 0 0 0 0 0 0
 3 3 3 5 5 6 14 14 14 14 19 22 22 25 22 22 22 22 14 11 11 6 32 32 21 21 7 4 4 13 10 10 8 8 7 1 1 1 0 0 0 0 0 0 0 0
 1 1 3 2 2 4 7 7 13 13 14 25 25 23 19 19 19 19 14 12 12 4 9 9 23 23 12 12 12 10 8 8 13 13 4 4 4 2 1 1 0 0 0 0 0 0
 1 1 1 2 2 2 4 4 6 6 12 22 22 25 26 26 19 19 24 14 14 12 11 11 13 13 7 12 12 7 1 1 3 3 1 4 4 1 1 1 1 1 0 0 0 0
 1 1 1 2 2 2 4 4 6 6 12 22 22 25 26 26 19 19 24 14 14 12 11 11 13 13 7 12 12 7 1 1 3 3 1 4 4 1 1 1 1 1 0 0 0 0
 2 2 2 1 1 23 3 3 3 3 14 18 18 20 24 24 18 18 23 43 43 13 26 26 7 7 10 14 14 10 1 1 1 1 1 4 4 1 1 1 1 1 0 0 0 0
 2 2 2 1 1 23 3 3 3 3 14 18 18 20 24 24 18 18 23 43 43 13 26 26 7 7 10 14 14 10 1 1 1 1 1 4 4 1 1 1 1 1 0 0 0 0
 13 13 1 1 1 1 2 2 1 1 6 16 16 12 16 16 18 18 18 55 55 29 8 8 5 5 10 8 8 11 1 1 3 3 0 7 7 0 1 1 0 0 0 0 0 0
 14 14 3 2 2 1 1 1 2 2 4 29 29 15 16 16 16 16 15 22 22 24 22 22 7 7 6 8 8 12 4 4 1 1 0 3 3 3 0 0 1 1 0 0 0 0
 14 14 3 2 2 1 1 1 2 2 4 29 29 15 16 16 16 16 15 22 22 24 22 22 7 7 6 8 8 12 4 4 1 1 0 3 3 3 0 0 1 1 0 0 0 0
 3 3 5 2 2 2 2 2 2 2 3 13 13 30 12 12 13 13 12 34 34 31 24 24 7 7 14 5 5 2 2 2 1 1 0 1 1 2 0 0 0 0 1 0 0 0
 6 6 5 2 2 2 2 2 3 3 4 12 12 15 18 18 27 27 12 26 26 27 6 6 12 12 12 12 12 3 2 2 1 1 2 0 0 0 0 0 1 1 0 0 0 0
 6 6 5 2 2 2 2 2 3 3 4 12 12 15 18 18 27 27 12 26 26 27 6 6 12 12 12 12 12 3 2 2 1 1 2 0 0 0 0 0 1 1 0 0 0 0
 13 13 4 2 2 2 2 2 4 4 7 9 9 12 16 16 23 23 11 23 23 14 10 10 5 5 8 9 9 22 3 3 1 1 0 0 0 0 0 0 0 0 0 0 0 0
 13 13 4 2 2 2 2 2 4 4 7 9 9 12 16 16 23 23 11 23 23 14 10 10 5 5 8 9 9 22 3 3 1 1 0 0 0 0 0 0 0 0 0 0 0 0
 12 12 5 4 4 2 4 4 5 5 4 2 2 3 10 10 16 16 19 30 30 30 14 14 5 5 1 2 2 29 5 5 1 1 1 0 0 0 1 1 0 0 0 0 0 0
 8 8 5 4 4 3 4 4 3 3 3 2 2 3 5 5 12 12 20 31 31 55 20 20 14 14 6 1 1 7 5 5 2 2 0 1 1 0 0 0 0 0 0 0 0 0
 8 8 5 4 4 3 4 4 3 3 3 2 2 3 5 5 12 12 20 31 31 55 20 20 14 14 6 1 1 7 5 5 2 2 0 1 1 0 0 0 0 0 0 0 0 0
 10 10 9 9 9 12 3 3 2 2 3 4 4 3 4 4 6 6 9 24 24 36 35 35 63 63 44 3 3 6 2 2 8 8 0 1 1 0 0 0 0 0 0 0 0 0
 40 40 14 7 7 5 10 10 7 7 2 2 2 2 4 4 5 5 6 19 19 38 26 26 49 49 15 4 4 1 1 1 1 1 1 1 1 0 0 0 0 0 0 0 0 0
 40 40 14 7 7 5 10 10 7 7 2 2 2 2 4 4 5 5 6 19 19 38 26 26 49 49 15 4 4 1 1 1 1 1 1 1 1 0 0 0 0 0 0 0 0 0
 10 10 50 12 12 18 7 7 4 4 1 3 3 2 2 2 5 5 5 11 11 22 57 57 46 46 20 5 5 3 1 1 1 1 1 0 0 1 0 0 0 0 0 0 0 0
 10 10 50 12 12 18 7 7 4 4 1 3 3 2 2 2 5 5 5 11 11 22 57 57 46 46 20 5 5 3 1 1 1 1 1 0 0 1 0 0 0 0 0 0 0 0
 37 37 3 10 10 12 7 7 10 10 8 7 7 2 4 4 5 5 7 5 5 17 33 33 33 33 20 25 25 3 0 0 1 1 1 1 1 2 0 0 0 0 0 0 0 0
 5 5 4 5 5 11 21 21 54 54 4 10 10 5 9 9 6 6 6 7 7 14 27 27 30 30 56 22 22 11 1 1 0 0 0 0 0 1 1 1 1 1 0 0 0 0
 5 5 4 5 5 11 21 21 54 54 4 10 10 5 9 9 6 6 6 7 7 14 27 27 30 30 56 22 22 11 1 1 0 0 0 0 0 1 1 1 1 1 0 0 0 0
 1 1 1 12 12 53 22 22 24 24 21 12 12 11 3 3 4 4 7 6 6 17 28 28 30 30 30 19 19 10 4 4 2 2 1 1 1 0 1 1 1 1 1 1 1 0
 1 1 1 2 2 4 4 4 6 6 25 7 7 9 6 6 4 4 6 10 10 12 23 23 29 29 33 35 35 50 22 22 3 3 2 2 2 1 1 1 2 2 1 0 0 0
