assets/RAT_results/precipitation/2017-12-02_IMERG.asc
ncols        46
nrows        77
xllcorner    74.800261325624
yllcorner    8.058333333333
cellsize     0.062500000000
NODATA_value -9999
 1 1 0 0 0 0 1 1 0 0 0 1 1 1 1 1 0 0 0 0 0 0 0 0 0 0 0 1 1 0 0 0 0 0 0 0 0 0 1 1 3 3 2 2 2 3
 1 1 1 0 0 0 0 0 0 0 0 0 0 0 1 1 0 0 0 0 0 0 0 0 0 0 0 0 0 0 0 0 0 0 0 0 0 0 1 1 1 1 1 1 1 1
 1 1 1 0 0 0 0 0 0 0 0 0 0 0 1 1 0 0 0 0 0 0 0 0 0 0 0 0 0 0 0 0 0 0 0 0 0 0 1 1 1 1 1 1 1 1
 1 1 0 0 0 0 0 0 0 0 0 0 0 0 0 0 1 1 0 0 0 0 0 0 0 0 0 1 1 0 0 0 0 0 0 0 0 0 1 1 1 1 1 1 1 2
 1 1 0 1 1 0 0 0 0 0 0 0 0 1 0 0 1 1 0 0 0 0 0 0 0 0 0 1 1 0 0 0 0 0 0 0 0 0 1 1 2 2 3 2 2 2
 1 1 0 1 1 0 0 0 0 0 0 0 0 1 0 0 1 1 0 0 0 0 0 0 0 0 0 1 1 0 0 0 0 0 0 0 0 0 1 1 2 2 3 2 2 2
 1 1 1 0 0 0 0 0 0 0 0 0 0 0 0 0 0 0 0 0 0 0 0 0 0 0 0 1 1 0 0 0 0 0 0 0 0 0 1 1 1 1 3 1 1 2
 1 1 1 0 0 0 0 0 0 0 0 0 0 0 0 0 0 0 0 0 0 0 0 0 0 0 0 1 1 0 0 0 0 0 0 0 0 0 1 1 1 1 3 1 1 2
 1 1 1 1 1 0 0 0 0 0 0 0 0 0 0 0 0 0 0 0 0 0 0 0 0 0 0 0 0 1 0 0 0 0 0 0 0 0 1 1 4 4 2 1 1 1
 1 1 1 1 1 0 0 0 0 0 0 0 0 0 0 0 0 0 0 0 0 0 0 0 0 0 0 1 1 1 0 0 0 0 1 0 0 0 1 1 2 2 1 0 0 1
 1 1 1 1 1 0 0 0 0 0 0 0 0 0 0 0 0 0 0 0 0 0 0 0 0 0 0 1 1 1 0 0 0 0 1 0 0 0 1 1 2 2 1 0 0 1
 0 0 1 1 1 1 0 0 0 0 0 0 0 0 0 0 0 0 0 0 0 0 0 0 0 0 0 1 1 1 0 0 0 0 0 0 0 0 1 1 1 1 0 0 0 1
 0 0 0 1 1 1 0 0 0 0 0 0 0 0 0 0 0 0 0 0 0 0 0 0 0 0 1 1 1 1 0 0 0 0 0 0 0 0 1 1 0 0 0 1 1 0
 0 0 0 1 1 1 0 0 0 0 0 0 0 0 0 0 0 0 0 0 0 0 0 0 0 0 1 1 1 1 0 0 0 0 0 0 0 0 1 1 0 0 0 1 1 0
 0 0 1 1 1 1 1 1 1 1 0 0 0 3 0 0 0 0 0 0 0 0 0 0 0 0 0 1 1 1 0 0 0 0 0 0 0 1 2 2 2 2 0 0 0 1
 0 0 1 1 1 1 1 1 1 1 0 0 0 3 0 0 0 0 0 0 0 0 0 0 0 0 0 1 1 1 0 0 0 0 0 0 0 1 2 2 2 2 0 0 0 1
 1 1 1 1 1 1 1 1 1 1 1 0 0 1 0 0 0 0 0 0 0 0 0 0 0 0 1 1 1 1 0 0 0 0 0 0 0 0 1 1 1 1 0 0 0 1
 1 1 1 0 0 1 1 1 1 1 1 1 1 0 0 0 0 0 0 0 0 0 0 0 0 0 0 2 2 1 0 0 0 0 0 0 0 1 1 1 0 0 0 1 1 1
 1 1 1 0 0 1 1 1 1 1 1 1 1 0 0 0 0 0 0 0 0 0 0 0 0 0 0 2 2 1 0 0 0 0 0 0 0 1 1 1 0 0 0 1 1 1
 1 1 1 0 0 0 0 0 2 2 1 1 1 0 0 0 0 0 0 0 0 0 0 0 0 0 0 2 2 0 0 0 0 0 0 0 0 0 0 0 0 0 0 1 1 0
 2 2 2 1 1 0 0 0 1 1 0 1 1 0 1 1 0 0 0 0 0 0 0 0 0 0 0 0 0 1 0 0 0 0 0 0 0 0 1 1 0 0 0 0 0 0
 2 2 2 1 1 0 0 0 1 1 0 1 1 0 1 1 0 0 0 0 0 0 0 0 0 0 0 0 0 1 0 0 0 0 0 0 0 0 1 1 0 0 0 0 0 0
 3 3 2 1 1 1 1 1 1 1 0 1 1 1 1 1 0 0 0 0 0 0 0 0 0 0 0 0 0 1 1 1 1 1 1 0 0 0 0 0 0 0 0 0 0 0
 3 3 2 1 1 1 1 1 1 1 0 1 1 1 1 1 0 0 0 0 0 0 0 0 0 0 0 0 0 1 1 1 1 1 1 0 0 0 0 0 0 0 0 0 0 0
 3 3 2 1 1 1 0 0 1 1 2 2 2 1 2 2 1 1 0 0 0 0 0 0 0 0 0 1 1 1 1 1 2 2 0 0 0 0 0 0 0 0 0 0 0 1
 3 3 1 1 1 1 0 0 1 1 1 2 2 1 2 2 1 1 0 0 0 0 0 0 0 0 0 0 0 2 0 0 0 0 0 0 0 0 0 0 0 0 0 2 2 2
 3 3 1 1 1 1 0 0 1 1 1 2 2 1 2 2 1 1 0 0 0 0 0 0 0 0 0 0 0 2 0 0 0 0 0 0 0 0 0 0 0 0 0 2 2 2
 3 3 2 1 1 1 0 0 0 0 0 1 1 1 2 2 1 1 0 0 0 0 0 0 0 0 0 1 1 2 0 0 0 0 0 0 0 0 0 0 0 0 0 0 0 1
 3 3 2 2 2 2 1 1 1 1 0 0 0 1 1 1 1 1 1 0 0 0 1 1 0 0 0 0 0 1 0 0 0 0 0 1 1 0 0 0 0 0 0 1 1 2
 3 3 2 2 2 2 1 1 1 1 0 0 0 1 1 1 1 1 1 0 0 0 1 1 0 0 0 0 0 1 0 0 0 0 0 1 1 0 0 0 0 0 0 1 1 2
 4 4 3 3 3 3 2 2 1 1 1 1 1 1 0 0 1 1 1 0 0 0 0 0 0 0 0 0 0 0 0 0 1 1 0 0 0 0 0 0 0 0 0 0 0 2
 4 4 3 3 3 3 2 2 1 1 1 1 1 1 0 0 1 1 1 0 0 0 0 0 0 0 0 0 0 0 0 0 1 1 0 0 0 0 0 0 0 0 0 0 0 2
 5 5 5 5 5 6 5 5 2 2 1 1 1 1 0 0 0 0 0 0 0 0 0 0 0 0 0 0 0 0 0 0 0 0 0 0 0 0 0 0 1 1 0 1 1 4
 7 7 8 7 7 8 5 5 2 2 1 0 0 1 0 0 1 1 1 1 1 0 0 0 0 0 0 0 0 0 0 0 0 0 1 0 0 0 0 0 0 0 0 5 5 4
 7 7 8 7 7 8 5 5 2 2 1 0 0 1 0 0 1 1 1 1 1 0 0 0 0 0 0 0 0 0 0 0 0 0 1 0 0 0 0 0 0 0 0 5 5 4
 9 9 11 9 9 9 5 5 2 2 3 0 0 1 1 1 1 1 1 1 1 0 0 0 0 0 3 3 3 0 0 0 1 1 2 0 0 0 0 0 1 1 1 3 3 4
 10 10 14 11 11 11 6 6 4 4 4 0 0 1 1 1 1 1 1 0 0 0 0 0 0 0 0 0 0 3 0 0 0 0 1 0 0 0 0 0 1 1 2 3 3 5
 10 10 14 11 11 11 6 6 4 4 4 0 0 1 1 1 1 1 1 0 0 0 0 0 0 0 0 0 0 3 0 0 0 0 1 0 0 0 0 0 1 1 2 3 3 5
 12 12 16 13 13 13 9 9 6 6 6 3 3 1 0 0 1 1 1 0 0 0 0 0 0 0 0 0 0 0 0 0 0 0 1 1 1 1 0 0 0 0 0 0 0 6
 12 12 16 13 13 13 9 9 6 6 6 3 3 1 0 0 1 1 1 0 0 0 0 0 0 0 0 0 0 0 0 0 0 0 1 1 1 1 0 0 0 0 0 0 0 6
 14 14 16 16 16 15 13 13 9 9 10 5 5 5 2 2 0 0 3 1 1 1 0 0 0 0 0 0 0 0 0 0 0 0 1 2 2 3 1 1 1 1 2 8 8 4
 14 14 17 15 15 17 17 17 13 13 13 8 8 4 2 2 1 1 1 2 2 1 1 1 0 0 1 0 0 0 1 1 1 1 1 3 3 3 2 2 1 1 1 8 8 2
 14 14 17 15 15 17 17 17 13 13 13 8 8 4 2 2 1 1 1 2 2 1 1 1 0 0 1 0 0 0 1 1 1 1 1 3 3 3 2 2 1 1 1 8 8 2
 13 13 14 14 14 17 18 18 29 29 16 9 9 5 3 3 1 1 2 3 3 2 1 1 1 1 1 1 1 2 1 1 0 0 1 2 2 3 3 3 3 3 2 5 5 3
 11 11 12 13 13 16 18 18 17 17 17 16 16 9 4 4 2 2 4 4 4 1 1 1 2 2 0 0 0 1 0 0 0 0 2 2 2 2 4 4 1 1 1 1 1 2
 11 11 12 13 13 16 18 18 17 17 17 16 16 9 4 4 2 2 4 4 4 1 1 1 2 2 0 0 0 1 0 0 0 0 2 2 2 2 4 4 1 1 1 1 1 2
 9 9 10 10 10 14 17 17 18 18 21 17 17 15 4 4 3 3 4 5 5 3 2 2 2 2 2 1 1 0 1 1 8 8 1 2 2 1 1 1 0 0 0 0 0 2
 9 9 10 10 10 14 17 17 18 18 21 17 17 15 4 4 3 3 4 5 5 3 2 2 2 2 2 1 1 0 1 1 8 8 1 2 2 1 1 1 0 0 0 0 0 2
 6 6 9 9 9 17 15 15 16 16 19 16 16 15 19 19 4 4 3 4 4 3 2 2 4 4 1 1 1 3 7 7 17 17 5 2 2 2 1 1 0 0 0 1 1 3
 5 5 12 8 8 10 19 19 22 22 20 19 19 22 19 19 5 5 3 4 4 3 2 2 4 4 7 2 2 1 4 4 6 6 6 1 1 1 0 0 0 0 1 4 4 4
 5 5 12 8 8 10 19 19 22 22 20 19 19 22 19 19 5 5 3 4 4 3 2 2 4 4 7 2 2 1 4 4 6 6 6 1 1 1 0 0 0 0 1 4 4 4
 4 4 5 14 14 15 17 17 18 18 16 13 13 11 8 8 5 5 3 4 4 8 5 5 5 5 6 1 1 3 1 1 1 1 2 1 1 2 1 1 0 0 3 4 4 4
 3 3 4 8 8 6 20 20 13 13 19 15 15 14 16 16 9 9 5 5 5 9 8 8 3 3 4 2 2 2 1 1 2 2 1 1 1 2 1 1 3 3 2 1 1 2
 3 3 4 8 8 6 20 20 13 13 19 15 15 14 16 16 9 9 5 5 5 9 8 8 3 3 4 2 2 2 1 1 2 2 1 1 1 2 1 1 3 3 2 1 1 2
 2 2 3 4 4 5 17 17 12 12 11 11 11 15 7 7 15 15 9 6 6 13 6 6 4 4 8 9 9 9 2 2 4 4 0 0 0 2 2 2 3 3 2 1 1 0
 2 2 3 4 4 5 17 17 12 12 11 11 11 15 7 7 15 15 9 6 6 13 6 6 4 4 8 9 9 9 2 2 4 4 0 0 0 2 2 2 3 3 2 1 1 0
 3 3 4 5 5 7 11 11 8 8 16 14 14 22 18 18 9 9 8 8 8 7 9 9 9 9 10 6 6 5 8 8 6 6 2 2 2 4 3 3 2 2 1 0 0 0
 5 5 5 5 5 7 10 10 11 11 13 15 15 21 10 10 12 12 6 6 6 7 11 11 13 13 6 5 5 5 7 7 5 5 6 5 5 2 3 3 3 3 1 1 1 0
 5 5 5 5 5 7 10 10 11 11 13 15 15 21 10 10 12 12 6 6 6 7 11 11 13 13 6 5 5 5 7 7 5 5 6 5 5 2 3 3 3 3 1 1 1 0
 8 8 7 8 8 9 11 11 18 18 13 27 27 24 10 10 12 12 50 7 7 11 13 13 14 14 10 11 11 5 13 13 7 7 6 4 4 2 2 2 2 2 2 0 0 1
 6 6 8 9 9 9 11 11 14 14 21 22 22 28 27 27 23 23 12 10 10 9 13 13 18 18 16 19 19 30 15 15 16 16 15 10 10 5 1 1 1 1 1 0 0 2
 6 6 8 9 9 9 11 11 14 14 21 22 22 28 27 27 23 23 12 10 10 9 13 13 18 18 16 19 19 30 15 15 16 16 15 10 10 5 1 1 1 1 1 0 0 2
 6 6 7 8 8 8 7 7 14 14 11 36 36 35 38 38 35 35 23 10 10 33 41 41 22 22 19 22 22 12 14 14 27 27 18 6 6 3 1 1 0 0 0 0 0 4
 6 6 7 8 8 8 7 7 14 14 11 36 36 35 38 38 35 35 23 10 10 33 41 41 22 22 19 22 22 12 14 14 27 27 18 6 6 3 1 1 0 0 0 0 0 4
 7 7 7 8 8 8 8 8 10 10 15 34 34 36 40 40 30 30 24 29 29 34 49 49 20 20 31 20 20 29 13 13 16 16 15 11 11 10 4 4 4 4 2 2 2 2
 7 7 8 8 8 8 9 9 12 12 17 26 26 25 35 35 30 30 32 32 32 37 104 104 31 31 36 25 25 29 20 20 15 15 21 6 6 8 13 13 9 9 8 5 5 5
 7 7 8 8 8 8 9 9 12 12 17 26 26 25 35 35 30 30 32 32 32 37 104 104 31 31 36 25 25 29 20 20 15 15 21 6 6 8 13 13 9 9 8 5 5 5
 6 6 9 7 7 8 11 11 14 14 19 26 26 26 29 29 26 26 24 22 22 25 10 10 14 14 17 21 21 22 22 22 15 15 13 8 8 14 15 15 11 11 9 6 6 4
 8 8 9 7 7 8 11 11 13 13 20 28 28 24 26 26 18 18 16 18 18 28 15 15 17 17 16 45 45 32 28 28 24 24 33 21 21 20 12 12 14 14 10 10 10 4
 8 8 9 7 7 8 11 11 13 13 20 28 28 24 26 26 18 18 16 18 18 28 15 15 17 17 16 45 45 32 28 28 24 24 33 21 21 20 12 12 14 14 10 10 10 4
 9 9 11 9 9 10 15 15 17 17 19 26 26 25 22 22 17 17 18 17 17 28 30 30 39 39 34 40 40 26 32 32 24 24 30 23 23 20 12 12 15 15 16 13 13 11
 9 9 11 9 9 10 15 15 17 17 19 26 26 25 22 22 17 17 18 17 17 28 30 30 39 39 34 40 40 26 32 32 24 24 30 23 23 20 12 12 15 15 16 13 13 11
 11 11 12 9 9 11 14 14 18 18 20 21 21 24 18 18 15 15 16 16 16 23 22 22 36 36 46 46 46 23 23 23 22 22 28 24 24 24 16 16 17 17 16 21 21 17
 12 12 13 10 10 12 15 15 16 16 17 20 20 19 15 15 12 12 14 12 12 18 22 22 34 34 38 37 37 7 16 16 16 16 29 27 27 27 23 23 27 27 27 21 21 27
 12 12 13 10 10 12 15 15 16 16 17 20 20 19 15 15 12 12 14 12 12 18 22 22 34 34 38 37 37 7 16 16 16 16 29 27 27 27 23 23 27 27 27 21 21 27
 13 13 13 11 11 13 15 15 15 15 16 16 16 15 12 12 8 8 11 10 10 16 12 12 16 16 15 29 29 8 9 9 20 20 18 26 26 31 34 34 30 30 25 25 25 25
 15 15 14 12 12 13 14 14 16 16 15 12 12 12 9 9 6 6 7 8 8 17 10 10 18 18 11 23 23 23 11 11 14 14 19 24 24 35 38 38 36 36 37 33 33 35
