assets/RAT_results/precipitation/2017-10-30_IMERG.asc
ncols        46
nrows        77
xllcorner    74.800261325624
yllcorner    8.058333333333
cellsize     0.062500000000
NODATA_value -9999
 0 0 0 0 0 0 0 0 0 0 0 0 0 0 0 0 0 0 0 0 0 0 0 0 0 0 0 0 0 0 0 0 0 0 0 0 0 0 0 0 0 0 0 0 0 0
 0 0 0 0 0 0 0 0 0 0 0 0 0 0 0 0 0 0 0 0 0 0 0 0 0 0 0 0 0 0 0 0 0 0 0 0 0 0 0 0 0 0 0 0 0 0
 0 0 0 0 0 0 0 0 0 0 0 0 0 0 0 0 0 0 0 0 0 0 0 0 0 0 0 0 0 0 0 0 0 0 0 0 0 0 0 0 0 0 0 0 0 0
 0 0 0 0 0 0 0 0 0 0 0 0 0 0 0 0 0 0 0 0 0 0 0 0 0 0 0 0 0 0 0 0 0 0 0 0 0 0 0 0 0 0 0 0 0 0
 0 0 0 0 0 0 0 0 0 0 0 0 0 0 0 0 0 0 0 0 0 0 0 0 0 0 0 0 0 0 0 0 0 0 0 0 0 0 0 0 0 0 0 0 0 0
 0 0 0 0 0 0 0 0 0 0 0 0 0 0 0 0 0 0 0 0 0 0 0 0 0 0 0 0 0 0 0 0 0 0 0 0 0 0 0 0 0 0 0 0 0 0
 0 0 0 0 0 0 0 0 0 0 0 0 0 0 0 0 0 0 0 0 0 0 0 0 0 0 0 0 0 1 0 0 0 0 0 0 0 0 0 0 0 0 0 0 0 0
 0 0 0 0 0 0 0 0 0 0 0 0 0 0 0 0 0 0 0 0 0 0 0 0 0 0 0 0 0 1 0 0 0 0 0 0 0 0 0 0 0 0 0 0 0 0
 0 0 0 0 0 0 0 0 0 0 0 0 0 0 0 0 0 0 0 0 0 0 0 0 0 0 0 0 0 0 0 0 0 0 0 0 0 0 0 0 0 0 0 0 0 0
 0 0 0 0 0 0 0 0 0 0 0 0 0 0 0 0 0 0 0 0 0 0 0 0 0 0 0 0 0 0 0 0 0 0 0 0 0 0 0 0 0 0 0 0 0 0
 0 0 0 0 0 0 0 0 0 0 0 0 0 0 0 0 0 0 0 0 0 0 0 0 0 0 0 0 0 0 0 0 0 0 0 0 0 0 0 0 0 0 0 0 0 0
 0 0 1 0 0 0 0 0 0 0 0 0 0 0 0 0 0 0 0 0 0 0 0 0 0 0 0 0 0 0 0 0 0 0 0 0 0 0 0 0 0 0 0 0 0 0
 0 0 0 0 0 0 0 0 0 0 0 0 0 0 0 0 0 0 0 0 0 0 0 0 0 0 0 0 0 0 0 0 0 0 0 0 0 0 0 0 0 0 0 0 0 1
 0 0 0 0 0 0 0 0 0 0 0 0 0 0 0 0 0 0 0 0 0 0 0 0 0 0 0 0 0 0 0 0 0 0 0 0 0 0 0 0 0 0 0 0 0 1
 0 0 0 0 0 0 0 0 1 1 0 0 0 0 0 0 0 0 0 0 0 0 0 0 0 0 0 0 0 0 0 0 0 0 0 0 0 0 0 0 0 0 0 3 3 2
 0 0 0 0 0 0 0 0 1 1 0 0 0 0 0 0 0 0 0 0 0 0 0 0 0 0 0 0 0 0 0 0 0 0 0 0 0 0 0 0 0 0 0 3 3 2
 0 0 0 0 0 0 0 0 1 1 0 0 0 0 0 0 0 0 0 0 0 0 0 0 0 0 0 0 0 0 1 1 1 1 0 0 0 0 1 1 1 1 1 3 3 2
 1 1 1 0 0 0 0 0 0 0 1 1 1 0 0 0 0 0 0 0 0 0 0 0 0 0 0 0 0 1 1 1 0 0 0 0 0 0 0 0 1 1 4 4 4 2
 1 1 1 0 0 0 0 0 0 0 1 1 1 0 0 0 0 0 0 0 0 0 0 0 0 0 0 0 0 1 1 1 0 0 0 0 0 0 0 0 1 1 4 4 4 2
 1 1 1 1 1 0 0 0 1 1 1 1 1 0 0 0 0 0 0 0 0 0 0 0 0 0 0 0 0 0 1 1 0 0 0 0 0 0 0 0 0 0 1 1 1 1
 2 2 2 0 0 1 1 1 1 1 2 3 3 3 2 2 1 1 1 0 0 0 0 0 0 0 0 0 0 1 0 0 0 0 0 0 0 0 0 0 0 0 0 0 0 0
 2 2 2 0 0 1 1 1 1 1 2 3 3 3 2 2 1 1 1 0 0 0 0 0 0 0 0 0 0 1 0 0 0 0 0 0 0 0 0 0 0 0 0 0 0 0
 3 3 2 0 0 0 0 0 0 0 1 1 1 1 1 1 0 0 0 0 0 0 0 0 0 0 0 0 0 0 0 0 0 0 0 0 0 0 0 0 0 0 0 0 0 0
 3 3 2 0 0 0 0 0 0 0 1 1 1 1 1 1 0 0 0 0 0 0 0 0 0 0 0 0 0 0 0 0 0 0 0 0 0 0 0 0 0 0 0 0 0 0
 4 4 4 0 0 0 1 1 1 1 1 1 1 2 2 2 1 1 1 1 1 1 3 3 1 1 0 0 0 2 0 0 0 0 0 0 0 0 0 0 0 0 0 0 0 0
 2 2 2 0 0 0 0 0 1 1 2 2 2 2 3 3 2 2 1 2 2 2 4 4 1 1 0 0 0 1 0 0 0 0 0 0 0 0 0 0 0 0 0 0 0 0
 2 2 2 0 0 0 0 0 1 1 2 2 2 2 3 3 2 2 1 2 2 2 4 4 1 1 0 0 0 1 0 0 0 0 0 0 0 0 0 0 0 0 0 0 0 0
 2 2 0 1 1 0 0 0 1 1 2 2 2 3 3 3 3 3 3 3 3 3 5 5 2 2 1 0 0 0 0 0 0 0 0 0 0 0 1 1 0 0 0 0 0 0
 1 1 0 0 0 0 0 0 1 1 2 2 2 3 3 3 4 4 4 4 4 5 5 5 2 2 2 1 1 1 0 0 0 0 0 0 0 0 0 0 0 0 0 0 0 0
 1 1 0 0 0 0 0 0 1 1 2 2 2 3 3 3 4 4 4 4 4 5 5 5 2 2 2 1 1 1 0 0 0 0 0 0 0 0 0 0 0 0 0 0 0 0
 1 1 0 0 0 0 1 1 1 1 9 10 10 7 8 8 6 6 7 8 8 10 7 7 3 3 9 5 5 0 0 0 0 0 3 0 0 0 0 0 0 0 1 0 0 0
 1 1 0 0 0 0 1 1 1 1 9 10 10 7 8 8 6 6 7 8 8 10 7 7 3 3 9 5 5 0 0 0 0 0 3 0 0 0 0 0 0 0 1 0 0 0
 1 1 0 0 0 0 1 1 2 2 12 14 14 24 14 14 9 9 12 16 16 21 39 39 17 17 15 5 5 1 0 0 0 0 0 0 0 0 0 0 1 1 1 0 0 1
 0 0 0 1 1 1 1 1 2 2 14 16 16 25 18 18 19 19 17 23 23 30 55 55 34 34 8 1 1 0 0 0 0 0 0 0 0 2 2 2 5 5 2 4 4 5
 0 0 0 1 1 1 1 1 2 2 14 16 16 25 18 18 19 19 17 23 23 30 55 55 34 34 8 1 1 0 0 0 0 0 0 0 0 2 2 2 5 5 2 4 4 5
 2 2 2 1 1 1 2 2 3 3 6 8 8 9 12 12 18 18 22 29 29 36 49 49 32 32 2 0 0 0 0 0 0 0 0 0 0 2 5 5 7 7 7 7 7 7
 2 2 2 2 2 1 2 2 3 3 4 5 5 7 9 9 11 11 15 22 22 26 25 25 3 3 1 0 0 0 0 0 0 0 0 0 0 5 6 6 3 3 3 2 2 3
 2 2 2 2 2 1 2 2 3 3 4 5 5 7 9 9 11 11 15 22 22 26 25 25 3 3 1 0 0 0 0 0 0 0 0 0 0 5 6 6 3 3 3 2 2 3
 2 2 1 1 1 1 1 1 2 2 3 4 4 5 6 6 8 8 10 14 14 18 8 8 4 4 3 2 2 0 0 0 2 2 0 0 0 3 3 3 7 7 7 11 11 1
 2 2 1 1 1 1 1 1 2 2 3 4 4 5 6 6 8 8 10 14 14 18 8 8 4 4 3 2 2 0 0 0 2 2 0 0 0 3 3 3 7 7 7 11 11 1
 1 1 2 1 1 1 1 1 3 3 3 3 3 4 6 6 8 8 10 15 15 20 14 14 22 22 10 20 20 7 0 0 2 2 3 3 3 10 9 9 6 6 7 3 3 1
 1 1 1 2 2 1 1 1 5 5 3 5 5 7 9 9 12 12 19 24 24 30 62 62 67 67 30 27 27 11 1 1 2 2 4 6 6 11 1 1 2 2 1 0 0 1
 1 1 1 2 2 1 1 1 5 5 3 5 5 7 9 9 12 12 19 24 24 30 62 62 67 67 30 27 27 11 1 1 2 2 4 6 6 11 1 1 2 2 1 0 0 1
 2 2 1 1 1 1 4 4 5 5 13 15 15 22 18 18 20 20 18 21 21 27 32 32 81 81 21 25 25 12 11 11 5 5 4 5 5 12 3 3 0 0 0 8 8 1
 1 1 2 2 2 4 15 15 18 18 19 17 17 23 17 17 18 18 15 16 16 17 13 13 15 15 24 26 26 19 15 15 4 4 3 5 5 15 7 7 10 10 5 4 4 1
 1 1 2 2 2 4 15 15 18 18 19 17 17 23 17 17 18 18 15 16 16 17 13 13 15 15 24 26 26 19 15 15 4 4 3 5 5 15 7 7 10 10 5 4 4 1
 1 1 4 19 19 19 37 37 23 23 23 25 25 26 30 30 30 30 32 25 25 26 12 12 14 14 17 18 18 19 28 28 4 4 6 5 5 14 5 5 2 2 0 0 0 1
 1 1 4 19 19 19 37 37 23 23 23 25 25 26 30 30 30 30 32 25 25 26 12 12 14 14 17 18 18 19 28 28 4 4 6 5 5 14 5 5 2 2 0 0 0 1
 1 1 2 25 25 24 37 37 34 34 37 39 39 31 40 40 35 35 34 26 26 26 12 12 13 13 16 14 14 29 13 13 10 10 2 9 9 10 10 10 2 2 1 0 0 0
 1 1 4 25 25 53 51 51 54 54 59 44 44 45 45 45 38 38 37 34 34 15 14 14 12 12 37 29 29 27 12 12 11 11 11 12 12 11 15 15 11 11 1 1 1 0
 1 1 4 25 25 53 51 51 54 54 59 44 44 45 45 45 38 38 37 34 34 15 14 14 12 12 37 29 29 27 12 12 11 11 11 12 12 11 15 15 11 11 1 1 1 0
 4 4 9 23 23 57 49 49 53 53 57 47 47 43 44 44 39 39 38 31 31 19 15 15 15 15 41 34 34 43 40 40 26 26 18 6 6 5 15 15 9 9 8 1 1 0
 6 6 23 38 38 53 48 48 50 50 46 47 47 18 37 37 36 36 30 34 34 22 37 37 23 23 45 40 40 35 46 46 28 28 20 6 6 5 20 20 14 14 3 1 1 0
 6 6 23 38 38 53 48 48 50 50 46 47 47 18 37 37 36 36 30 34 34 22 37 37 23 23 45 40 40 35 46 46 28 28 20 6 6 5 20 20 14 14 3 1 1 0
 8 8 19 33 33 36 37 37 41 41 40 41 41 15 14 14 13 13 15 13 13 15 11 11 17 17 41 41 41 53 54 54 27 27 22 6 6 9 12 12 16 16 5 1 1 0
 8 8 19 33 33 36 37 37 41 41 40 41 41 15 14 14 13 13 15 13 13 15 11 11 17 17 41 41 41 53 54 54 27 27 22 6 6 9 12 12 16 16 5 1 1 0
 2 2 22 22 22 25 8 8 5 5 2 1 1 2 2 2 3 3 3 9 9 7 4 4 17 17 23 44 44 37 42 42 31 31 26 19 19 17 12 12 13 13 3 0 0 0
 1 1 5 5 5 11 5 5 2 2 1 1 1 1 2 2 3 3 3 3 3 5 3 3 14 14 15 20 20 29 42 42 14 14 19 21 21 16 17 17 10 10 3 2 2 0
 1 1 5 5 5 11 5 5 2 2 1 1 1 1 2 2 3 3 3 3 3 5 3 3 14 14 15 20 20 29 42 42 14 14 19 21 21 16 17 17 10 10 3 2 2 0
 0 0 1 5 5 5 3 3 1 1 1 1 1 1 2 2 5 5 7 5 5 6 7 7 8 8 4 7 7 13 13 13 17 17 17 14 14 12 8 8 6 6 3 3 3 2
 0 0 0 0 0 0 1 1 0 0 1 1 1 3 4 4 16 16 10 9 9 4 5 5 2 2 2 3 3 8 13 13 11 11 12 14 14 4 5 5 5 5 7 7 7 2
 0 0 0 0 0 0 1 1 0 0 1 1 1 3 4 4 16 16 10 9 9 4 5 5 2 2 2 3 3 8 13 13 11 11 12 14 14 4 5 5 5 5 7 7 7 2
 2 2 0 0 0 0 0 0 0 0 1 1 1 3 5 5 15 15 17 6 6 4 1 1 1 1 1 1 1 3 5 5 13 13 8 13 13 6 6 6 6 6 4 9 9 7
 2 2 0 0 0 0 0 0 0 0 1 1 1 3 5 5 15 15 17 6 6 4 1 1 1 1 1 1 1 3 5 5 13 13 8 13 13 6 6 6 6 6 4 9 9 7
 1 1 0 1 1 0 0 0 0 0 0 2 2 15 21 21 20 20 19 16 16 5 2 2 1 1 2 1 1 2 3 3 9 9 19 13 13 14 13 13 8 8 2 7 7 4
 0 0 0 0 0 0 0 0 1 1 3 2 2 7 22 22 30 30 18 15 15 4 2 2 0 0 1 2 2 2 3 3 4 4 6 15 15 17 29 29 15 15 11 4 4 6
 0 0 0 0 0 0 0 0 1 1 3 2 2 7 22 22 30 30 18 15 15 4 2 2 0 0 1 2 2 2 3 3 4 4 6 15 15 17 29 29 15 15 11 4 4 6
 0 0 1 1 1 0 0 0 0 0 3 5 5 5 9 9 6 6 6 2 2 0 0 0 0 0 2 2 2 4 6 6 6 6 8 15 15 32 43 43 30 30 22 5 5 5
 1 1 1 1 1 0 0 0 0 0 0 3 3 4 2 2 3 3 2 3 3 1 1 1 0 0 1 1 1 4 5 5 8 8 12 14 14 36 32 32 43 43 19 14 14 10
 1 1 1 1 1 0 0 0 0 0 0 3 3 4 2 2 3 3 2 3 3 1 1 1 0 0 1 1 1 4 5 5 8 8 12 14 14 36 32 32 43 43 19 14 14 10
 0 0 1 1 1 0 0 0 0 0 0 1 1 1 1 1 1 1 2 2 2 2 2 2 0 0 0 1 1 5 5 5 8 8 11 13 13 37 26 26 52 52 36 23 23 14
 0 0 1 1 1 0 0 0 0 0 0 1 1 1 1 1 1 1 2 2 2 2 2 2 0 0 0 1 1 5 5 5 8 8 11 13 13 37 26 26 52 52 36 23 23 14
 1 1 1 1 1 1 1 1 0 0 0 8 8 1 1 1 2 2 2 2 2 2 1 1 1 1 2 1 1 1 4 4 7 7 14 12 12 37 28 28 41 41 36 21 21 12
 1 1 0 0 0 0 0 0 0 0 3 1 1 1 1 1 2 2 2 2 2 2 3 3 3 3 1 5 5 2 1 1 6 6 9 35 35 25 29 29 23 23 25 28 28 25
 1 1 0 0 0 0 0 0 0 0 3 1 1 1 1 1 2 2 2 2 2 2 3 3 3 3 1 5 5 2 1 1 6 6 9 35 35 25 29 29 23 23 25 28 28 25
 0 0 0 0 0 0 0 0 0 0 0 1 1 1 2 2 2 2 1 2 2 1 3 3 3 3 8 1 1 1 2 2 6 6 12 35 35 39 20 20 24 24 55 48 48 20
 0 0 0 0 0 0 0 0 0 0 0 1 1 1 0 0 2 2 1 2 2 1 3 3 3 3 3 3 3 1 1 1 3 3 9 16 16 18 29 29 27 27 18 22 22 30
