assets/RAT_results/precipitation/2017-11-02_IMERG.asc
ncols        46
nrows        77
xllcorner    74.800261325624
yllcorner    8.058333333333
cellsize     0.062500000000
NODATA_value -9999
 0 0 0 0 0 0 0 0 0 0 0 0 0 0 0 0 0 0 0 0 0 0 0 0 0 0 0 0 0 1 0 0 0 0 1 1 1 1 0 0 0 0 0 0 0 0
 0 0 0 0 0 0 0 0 0 0 0 0 0 0 0 0 0 0 0 0 0 0 0 0 0 0 0 0 0 0 0 0 0 0 0 1 1 1 1 1 0 0 0 0 0 0
 0 0 0 0 0 0 0 0 0 0 0 0 0 0 0 0 0 0 0 0 0 0 0 0 0 0 0 0 0 0 0 0 0 0 0 1 1 1 1 1 0 0 0 0 0 0
 0 0 0 0 0 0 0 0 0 0 0 0 0 2 1 1 0 0 0 0 0 0 0 0 0 0 0 0 0 0 0 0 0 0 0 3 3 1 1 1 1 1 0 1 1 0
 0 0 0 1 1 0 0 0 1 1 0 0 0 1 1 1 1 1 0 0 0 0 0 0 0 0 0 0 0 0 0 0 0 0 0 1 1 2 2 2 1 1 0 0 0 0
 0 0 0 1 1 0 0 0 1 1 0 0 0 1 1 1 1 1 0 0 0 0 0 0 0 0 0 0 0 0 0 0 0 0 0 1 1 2 2 2 1 1 0 0 0 0
 0 0 0 0 0 1 0 0 1 1 0 1 1 3 1 1 0 0 0 0 0 0 0 0 0 0 1 0 0 0 0 0 0 0 0 1 1 2 3 3 2 2 0 0 0 0
 0 0 0 0 0 1 0 0 1 1 0 1 1 3 1 1 0 0 0 0 0 0 0 0 0 0 1 0 0 0 0 0 0 0 0 1 1 2 3 3 2 2 0 0 0 0
 0 0 0 0 0 0 0 0 1 1 1 3 3 6 2 2 0 0 0 0 0 0 0 0 0 0 0 0 0 3 0 0 2 2 1 1 1 0 0 0 1 1 1 1 1 1
 1 1 1 1 1 0 0 0 0 0 0 1 1 2 2 2 0 0 0 0 0 0 0 0 0 0 0 0 0 0 0 0 0 0 0 0 0 0 2 2 5 5 1 1 1 5
 1 1 1 1 1 0 0 0 0 0 0 1 1 2 2 2 0 0 0 0 0 0 0 0 0 0 0 0 0 0 0 0 0 0 0 0 0 0 2 2 5 5 1 1 1 5
 1 1 1 0 0 2 0 0 0 0 0 0 0 1 1 1 0 0 0 0 0 0 0 0 0 0 0 0 0 0 0 0 0 0 0 3 3 3 2 2 1 1 2 1 1 1
 0 0 0 1 1 2 1 1 1 1 0 0 0 1 1 1 0 0 0 1 1 0 0 0 0 0 1 0 0 0 0 0 0 0 0 0 0 0 1 1 1 1 2 2 2 1
 0 0 0 1 1 2 1 1 1 1 0 0 0 1 1 1 0 0 0 1 1 0 0 0 0 0 1 0 0 0 0 0 0 0 0 0 0 0 1 1 1 1 2 2 2 1
 0 0 0 2 2 3 1 1 0 0 1 0 0 1 1 1 0 0 0 1 1 1 0 0 0 0 0 0 0 0 1 1 0 0 4 0 0 1 1 1 1 1 1 1 1 2
 0 0 0 2 2 3 1 1 0 0 1 0 0 1 1 1 0 0 0 1 1 1 0 0 0 0 0 0 0 0 1 1 0 0 4 0 0 1 1 1 1 1 1 1 1 2
 0 0 0 2 2 3 1 1 1 1 0 0 0 1 1 1 0 0 0 0 0 0 0 0 0 0 0 0 0 0 1 1 1 1 1 1 1 1 1 1 1 1 1 1 1 3
 0 0 0 1 1 4 1 1 2 2 1 1 1 1 1 1 1 1 0 0 0 0 0 0 0 0 0 0 0 0 0 0 1 1 0 1 1 1 1 1 1 1 3 1 1 2
 0 0 0 1 1 4 1 1 2 2 1 1 1 1 1 1 1 1 0 0 0 0 0 0 0 0 0 0 0 0 0 0 1 1 0 1 1 1 1 1 1 1 3 1 1 2
 0 0 0 0 0 1 1 1 3 3 1 0 0 1 1 1 1 1 0 0 0 0 0 0 0 0 0 1 1 2 0 0 1 1 0 0 0 2 2 2 3 3 3 1 1 3
 0 0 0 0 0 0 0 0 2 2 1 1 1 2 1 1 2 2 1 0 0 0 0 0 1 1 0 7 7 10 5 5 2 2 2 0 0 5 3 3 3 3 1 1 1 1
 0 0 0 0 0 0 0 0 2 2 1 1 1 2 1 1 2 2 1 0 0 0 0 0 1 1 0 7 7 10 5 5 2 2 2 0 0 5 3 3 3 3 1 1 1 1
 0 0 0 0 0 0 0 0 0 0 1 1 1 2 2 2 2 2 3 1 1 0 0 0 2 2 2 5 5 3 3 3 3 3 1 1 1 5 4 4 5 5 1 4 4 1
 0 0 0 0 0 0 0 0 0 0 1 1 1 2 2 2 2 2 3 1 1 0 0 0 2 2 2 5 5 3 3 3 3 3 1 1 1 5 4 4 5 5 1 4 4 1
 0 0 1 0 0 0 0 0 0 0 1 1 1 3 2 2 3 3 3 2 2 4 0 0 1 1 0 2 2 4 3 3 1 1 8 8 8 2 2 2 3 3 1 4 4 4
 0 0 0 0 0 0 0 0 0 0 1 1 1 3 7 7 3 3 6 6 6 5 1 1 1 1 1 1 1 2 2 2 2 2 5 3 3 3 2 2 1 1 2 4 4 3
 0 0 0 0 0 0 0 0 0 0 1 1 1 3 7 7 3 3 6 6 6 5 1 1 1 1 1 1 1 2 2 2 2 2 5 3 3 3 2 2 1 1 2 4 4 3
 0 0 0 0 0 0 0 0 1 1 1 7 7 3 6 6 3 3 6 6 6 6 3 3 1 1 0 1 1 4 1 1 2 2 2 2 2 3 1 1 2 2 2 14 14 14
 1 1 1 1 1 0 1 1 1 1 2 2 2 4 7 7 4 4 7 7 7 9 4 4 1 1 0 0 0 8 2 2 3 3 2 4 4 3 3 3 25 25 8 16 16 10
 1 1 1 1 1 0 1 1 1 1 2 2 2 4 7 7 4 4 7 7 7 9 4 4 1 1 0 0 0 8 2 2 3 3 2 4 4 3 3 3 25 25 8 16 16 10
 0 0 0 1 1 0 1 1 1 1 1 1 1 5 6 6 9 9 13 10 10 11 4 4 3 3 1 1 1 1 2 2 2 2 1 2 2 6 3 3 25 25 17 17 17 3
 0 0 0 1 1 0 1 1 1 1 1 1 1 5 6 6 9 9 13 10 10 11 4 4 3 3 1 1 1 1 2 2 2 2 1 2 2 6 3 3 25 25 17 17 17 3
 5 5 4 5 5 4 2 2 1 1 1 1 1 6 6 6 12 12 11 11 11 8 7 7 6 6 4 1 1 1 2 2 2 2 1 2 2 2 2 2 5 5 12 11 11 3
 9 9 9 7 7 2 1 1 1 1 2 2 2 4 4 4 7 7 18 24 24 12 15 15 14 14 8 2 2 1 1 1 1 1 1 9 9 2 4 4 15 15 7 6 6 13
 9 9 9 7 7 2 1 1 1 1 2 2 2 4 4 4 7 7 18 24 24 12 15 15 14 14 8 2 2 1 1 1 1 1 1 9 9 2 4 4 15 15 7 6 6 13
 16 16 15 4 4 2 1 1 0 0 2 2 2 3 3 3 4 4 15 49 49 35 21 21 19 19 15 4 4 1 1 1 1 1 1 2 2 2 2 2 3 3 10 5 5 4
 16 16 16 9 9 2 1 1 0 0 3 1 1 3 3 3 3 3 13 14 14 22 23 23 19 19 14 4 4 1 1 1 1 1 1 2 2 2 2 2 2 2 2 2 2 3
 16 16 16 9 9 2 1 1 0 0 3 1 1 3 3 3 3 3 13 14 14 22 23 23 19 19 14 4 4 1 1 1 1 1 1 2 2 2 2 2 2 2 2 2 2 3
 16 16 6 6 6 1 0 0 0 0 1 1 1 1 1 1 2 2 10 17 17 12 18 18 16 16 15 7 7 7 4 4 4 4 8 1 1 4 10 10 4 4 2 2 2 3
 16 16 6 6 6 1 0 0 0 0 1 1 1 1 1 1 2 2 10 17 17 12 18 18 16 16 15 7 7 7 4 4 4 4 8 1 1 4 10 10 4 4 2 2 2 3
 13 13 1 0 0 0 2 2 0 0 1 1 1 1 1 1 2 2 8 16 16 17 16 16 15 15 16 14 14 9 5 5 5 5 6 5 5 7 4 4 5 5 3 3 3 3
 1 1 1 0 0 0 1 1 1 1 1 0 0 1 2 2 2 2 5 9 9 27 21 21 19 19 20 10 10 11 5 5 4 4 6 5 5 6 5 5 4 4 3 3 3 3
 1 1 1 0 0 0 1 1 1 1 1 0 0 1 2 2 2 2 5 9 9 27 21 21 19 19 20 10 10 11 5 5 4 4 6 5 5 6 5 5 4 4 3 3 3 3
 1 1 1 0 0 0 0 0 0 0 0 0 0 1 1 1 2 2 7 10 10 20 21 21 25 25 21 10 10 9 8 8 4 4 5 7 7 7 4 4 3 3 2 2 2 2
 0 0 0 0 0 0 0 0 0 0 0 1 1 1 1 1 1 1 3 9 9 13 22 22 22 22 20 9 9 8 8 8 5 5 5 14 14 8 7 7 3 3 2 2 2 3
 0 0 0 0 0 0 0 0 0 0 0 1 1 1 1 1 1 1 3 9 9 13 22 22 22 22 20 9 9 8 8 8 5 5 5 14 14 8 7 7 3 3 2 2 2 3
 1 1 0 0 0 0 0 0 0 0 0 0 0 1 1 1 1 1 2 6 6 9 9 9 14 14 13 13 13 10 17 17 20 20 19 14 14 7 6 6 4 4 3 2 2 3
 1 1 0 0 0 0 0 0 0 0 0 0 0 1 1 1 1 1 2 6 6 9 9 9 14 14 13 13 13 10 17 17 20 20 19 14 14 7 6 6 4 4 3 2 2 3
 0 0 0 0 0 0 0 0 0 0 0 0 0 1 1 1 1 1 1 3 3 7 6 6 11 11 9 12 12 11 17 17 20 20 22 14 14 8 7 7 4 4 3 2 2 4
 0 0 0 0 0 0 0 0 0 0 0 0 0 0 3 3 7 7 2 1 1 3 4 4 7 7 8 10 10 8 17 17 22 22 21 14 14 15 7 7 5 5 5 3 3 4
 0 0 0 0 0 0 0 0 0 0 0 0 0 0 3 3 7 7 2 1 1 3 4 4 7 7 8 10 10 8 17 17 22 22 21 14 14 15 7 7 5 5 5 3 3 4
 0 0 0 0 0 0 0 0 0 0 0 0 0 0 1 1 7 7 13 3 3 4 4 4 6 6 7 7 7 14 19 19 16 16 17 14 14 15 8 8 5 5 5 3 3 5
 0 0 0 0 0 0 1 1 0 0 2 0 0 0 1 1 1 1 3 3 3 5 3 3 5 5 6 6 6 14 22 22 19 19 19 16 16 10 9 9 9 9 5 8 8 4
 0 0 0 0 0 0 1 1 0 0 2 0 0 0 1 1 1 1 3 3 3 5 3 3 5 5 6 6 6 14 22 22 19 19 19 16 16 10 9 9 9 9 5 8 8 4
 0 0 0 0 0 0 1 1 0 0 0 0 0 0 0 0 0 0 0 1 1 1 2 2 4 4 6 6 6 16 18 18 33 33 21 15 15 10 10 10 11 11 8 13 13 5
 0 0 0 0 0 0 1 1 0 0 0 0 0 0 0 0 0 0 0 1 1 1 2 2 4 4 6 6 6 16 18 18 33 33 21 15 15 10 10 10 11 11 8 13 13 5
 0 0 0 0 0 1 1 1 0 0 0 0 0 0 0 0 1 1 1 1 1 1 2 2 3 3 6 6 6 18 16 16 33 33 36 18 18 10 12 12 12 12 8 12 12 6
 0 0 0 1 1 1 1 1 1 1 3 4 4 3 0 0 0 0 1 2 2 2 3 3 2 2 11 11 11 10 19 19 34 34 38 20 20 11 12 12 12 12 6 9 9 5
 0 0 0 1 1 1 1 1 1 1 3 4 4 3 0 0 0 0 1 2 2 2 3 3 2 2 11 11 11 10 19 19 34 34 38 20 20 11 12 12 12 12 6 9 9 5
 0 0 0 1 1 1 1 1 1 1 4 2 2 1 2 2 0 0 1 1 1 1 3 3 3 3 9 11 11 16 20 20 39 39 39 26 26 12 12 12 14 14 25 17 17 7
 0 0 1 1 1 1 1 1 1 1 3 1 1 1 1 1 0 0 3 1 1 1 2 2 4 4 5 8 8 12 22 22 25 25 32 28 28 21 9 9 27 27 25 18 18 10
 0 0 1 1 1 1 1 1 1 1 3 1 1 1 1 1 0 0 3 1 1 1 2 2 4 4 5 8 8 12 22 22 25 25 32 28 28 21 9 9 27 27 25 18 18 10
 1 1 1 1 1 1 1 1 1 1 3 2 2 1 2 2 1 1 1 1 1 3 2 2 3 3 5 10 10 23 34 34 32 32 36 27 27 21 11 11 14 14 32 21 21 22
 1 1 1 1 1 1 1 1 1 1 3 2 2 1 2 2 1 1 1 1 1 3 2 2 3 3 5 10 10 23 34 34 32 32 36 27 27 21 11 11 14 14 32 21 21 22
 0 0 1 1 1 1 1 1 1 1 3 1 1 2 2 2 1 1 1 0 0 1 1 1 3 3 4 5 5 16 23 23 34 34 37 23 23 25 16 16 19 19 37 35 35 23
 0 0 1 1 1 1 1 1 1 1 3 2 2 2 3 3 4 4 1 1 1 1 4 4 3 3 4 6 6 13 17 17 28 28 46 29 29 28 27 27 15 15 36 38 38 24
 0 0 1 1 1 1 1 1 1 1 3 2 2 2 3 3 4 4 1 1 1 1 4 4 3 3 4 6 6 13 17 17 28 28 46 29 29 28 27 27 15 15 36 38 38 24
 1 1 1 1 1 1 1 1 2 2 3 2 2 2 3 3 3 3 2 1 1 5 4 4 2 2 5 6 6 9 11 11 19 19 24 26 26 28 25 25 13 13 12 12 12 14
 0 0 1 2 2 2 2 2 1 1 4 2 2 2 5 5 3 3 2 1 1 7 5 5 5 5 2 3 3 6 4 4 10 10 15 25 25 31 27 27 20 20 13 14 14 11
 0 0 1 2 2 2 2 2 1 1 4 2 2 2 5 5 3 3 2 1 1 7 5 5 5 5 2 3 3 6 4 4 10 10 15 25 25 31 27 27 20 20 13 14 14 11
 1 1 1 1 1 1 3 3 2 2 6 3 3 4 5 5 6 6 3 4 4 95 16 16 3 3 17 4 4 4 4 4 4 4 10 24 24 27 30 30 18 18 22 15 15 12
 1 1 1 1 1 1 3 3 2 2 6 3 3 4 5 5 6 6 3 4 4 95 16 16 3 3 17 4 4 4 4 4 4 4 10 24 24 27 30 30 18 18 22 15 15 12
 2 2 1 1 1 2 2 2 4 4 5 9 9 10 9 9 9 9 5 3 3 3 4 4 1 1 6 3 3 4 4 4 2 2 6 21 21 24 30 30 18 18 19 15 15 12
 3 3 2 1 1 1 1 1 2 2 4 8 8 13 14 14 13 13 10 7 7 3 7 7 2 2 4 4 4 3 2 2 2 2 3 3 3 19 24 24 28 28 17 12 12 11
 3 3 2 1 1 1 1 1 2 2 4 8 8 13 14 14 13 13 10 7 7 3 7 7 2 2 4 4 4 3 2 2 2 2 3 3 3 19 24 24 28 28 17 12 12 11
 3 3 4 3 3 3 2 2 3 3 6 6 6 9 12 12 13 13 9 10 10 30 15 15 1 1 2 4 4 3 2 2 2 2 3 3 3 16 10 10 10 10 10 8 8 6
 1 1 2 3 3 4 2 2 3 3 3 8 8 12 4 4 8 8 8 5 5 24 3 3 2 2 2 3 3 2 3 3 2 2 2 2 2 4 4 4 3 3 8 3 3 2
