assets/RAT_results/precipitation/2017-05-12_IMERG.asc
ncols        46
nrows        77
xllcorner    74.800261325624
yllcorner    8.058333333333
cellsize     0.062500000000
NODATA_value -9999
 0 0 0 0 0 1 0 0 0 0 0 0 0 2 3 3 7 7 4 1 1 0 0 0 0 0 0 0 0 0 0 0 0 0 0 0 0 0 2 2 0 0 1 0 0 0
 0 0 0 0 0 0 0 0 0 0 1 1 1 1 2 2 4 4 3 4 4 0 0 0 0 0 0 0 0 0 0 0 0 0 0 0 0 1 0 0 0 0 0 0 0 0
 0 0 0 0 0 0 0 0 0 0 1 1 1 1 2 2 4 4 3 4 4 0 0 0 0 0 0 0 0 0 0 0 0 0 0 0 0 1 0 0 0 0 0 0 0 0
 0 0 0 0 0 0 0 0 0 0 1 2 2 1 1 1 5 5 5 2 2 0 0 0 0 0 0 0 0 0 0 0 0 0 0 0 0 0 0 0 0 0 0 0 0 0
 0 0 0 0 0 0 0 0 0 0 1 2 2 2 1 1 0 0 0 0 0 0 0 0 0 0 0 0 0 0 0 0 0 0 0 0 0 0 0 0 0 0 0 0 0 0
 0 0 0 0 0 0 0 0 0 0 1 2 2 2 1 1 0 0 0 0 0 0 0 0 0 0 0 0 0 0 0 0 0 0 0 0 0 0 0 0 0 0 0 0 0 0
 1 1 1 1 1 0 0 0 0 0 0 1 1 2 1 1 0 0 0 0 0 0 0 0 0 0 0 0 0 0 0 0 0 0 0 1 1 0 0 0 0 0 0 0 0 0
 1 1 1 1 1 0 0 0 0 0 0 1 1 2 1 1 0 0 0 0 0 0 0 0 0 0 0 0 0 0 0 0 0 0 0 1 1 0 0 0 0 0 0 0 0 0
 1 1 2 2 2 0 0 0 0 0 0 1 1 1 1 1 0 0 0 0 0 0 0 0 0 0 0 0 0 0 0 0 0 0 1 1 1 1 0 0 0 0 0 0 0 0
 24 24 21 21 21 2 2 2 0 0 0 1 1 1 1 1 1 1 2 1 1 0 0 0 0 0 0 0 0 0 0 0 0 0 1 1 1 1 1 1 0 0 0 0 0 0
 24 24 21 21 21 2 2 2 0 0 0 1 1 1 1 1 1 1 2 1 1 0 0 0 0 0 0 0 0 0 0 0 0 0 1 1 1 1 1 1 0 0 0 0 0 0
 18 18 17 23 23 2 2 2 1 1 1 1 1 1 2 2 2 2 3 2 2 1 0 0 0 0 0 0 0 0 0 0 1 1 1 1 1 1 1 1 1 1 0 0 0 0
 18 18 63 6 6 5 5 5 2 2 2 2 2 2 2 2 3 3 3 3 3 2 1 1 1 1 0 0 0 0 0 0 0 0 0 1 1 2 1 1 1 1 0 0 0 0
 18 18 63 6 6 5 5 5 2 2 2 2 2 2 2 2 3 3 3 3 3 2 1 1 1 1 0 0 0 0 0 0 0 0 0 1 1 2 1 1 1 1 0 0 0 0
 92 92 65 133 133 85 7 7 5 5 4 3 3 3 3 3 3 3 3 3 3 5 2 2 1 1 1 1 1 0 0 0 0 0 0 1 1 3 3 3 1 1 1 0 0 0
 92 92 65 133 133 85 7 7 5 5 4 3 3 3 3 3 3 3 3 3 3 5 2 2 1 1 1 1 1 0 0 0 0 0 0 1 1 3 3 3 1 1 1 0 0 0
 74 74 69 96 96 87 8 8 9 9 10 6 6 5 5 5 5 5 6 5 5 3 2 2 19 19 3 1 1 0 1 1 1 1 1 3 3 8 5 5 3 3 1 0 0 0
 90 90 113 70 70 70 9 9 11 11 14 8 8 8 6 6 6 6 8 9 9 13 21 21 21 21 18 7 7 2 2 2 1 1 1 2 2 4 5 5 5 5 2 2 2 16
 90 90 113 70 70 70 9 9 11 11 14 8 8 8 6 6 6 6 8 9 9 13 21 21 21 21 18 7 7 2 2 2 1 1 1 2 2 4 5 5 5 5 2 2 2 16
 85 85 40 27 27 73 9 9 13 13 11 10 10 10 7 7 8 8 8 12 12 26 28 28 26 26 25 8 8 6 1 1 2 2 2 2 2 3 4 4 9 9 18 23 23 22
 200 200 30 27 27 32 10 10 12 12 15 16 16 15 16 16 14 14 30 34 34 78 18 18 15 15 16 17 17 3 2 2 3 3 3 3 3 6 2 2 2 2 3 3 3 1
 200 200 30 27 27 32 10 10 12 12 15 16 16 15 16 16 14 14 30 34 34 78 18 18 15 15 16 17 17 3 2 2 3 3 3 3 3 6 2 2 2 2 3 3 3 1
 199 199 44 42 42 12 13 13 12 12 10 16 16 18 18 18 16 16 26 25 25 32 20 20 15 15 18 19 19 2 3 3 4 4 3 2 2 1 1 1 1 1 0 0 0 0
 199 199 44 42 42 12 13 13 12 12 10 16 16 18 18 18 16 16 26 25 25 32 20 20 15 15 18 19 19 2 3 3 4 4 3 2 2 1 1 1 1 1 0 0 0 0
 143 143 56 61 61 16 12 12 12 12 11 19 19 20 27 27 21 21 30 27 27 31 24 24 13 13 7 2 2 4 9 9 9 9 4 3 3 1 1 1 1 1 0 0 0 0
 189 189 54 55 55 25 22 22 22 22 19 22 22 20 35 35 28 28 41 38 38 28 24 24 4 4 8 6 6 7 19 19 19 19 3 3 3 1 6 6 0 0 0 0 0 0
 189 189 54 55 55 25 22 22 22 22 19 22 22 20 35 35 28 28 41 38 38 28 24 24 4 4 8 6 6 7 19 19 19 19 3 3 3 1 6 6 0 0 0 0 0 0
 193 193 90 49 49 42 32 32 41 41 51 52 52 28 27 27 31 31 24 40 40 109 31 31 32 32 20 14 14 11 10 10 3 3 3 3 3 0 5 5 0 0 0 0 0 0
 93 93 92 41 41 40 57 57 35 35 40 42 42 24 17 17 68 68 62 109 109 106 38 38 42 42 20 34 34 35 23 23 5 5 1 0 0 4 1 1 0 0 0 0 0 0
 93 93 92 41 41 40 57 57 35 35 40 42 42 24 17 17 68 68 62 109 109 106 38 38 42 42 20 34 34 35 23 23 5 5 1 0 0 4 1 1 0 0 0 0 0 0
 91 91 90 42 42 40 45 45 32 32 51 39 39 31 15 15 66 66 61 146 146 149 100 100 35 35 26 42 42 31 24 24 6 6 1 0 0 0 0 0 0 0 0 0 0 0
 91 91 90 42 42 40 45 45 32 32 51 39 39 31 15 15 66 66 61 146 146 149 100 100 35 35 26 42 42 31 24 24 6 6 1 0 0 0 0 0 0 0 0 0 0 0
 117 117 119 53 53 42 37 37 28 28 27 28 28 32 22 22 48 48 49 151 151 147 43 43 42 42 68 63 63 48 45 45 27 27 4 0 0 0 0 0 0 0 0 0 0 0
 55 55 112 52 52 41 37 37 31 31 28 25 25 35 22 22 34 34 39 49 49 48 53 53 45 45 99 70 70 38 41 41 19 19 4 0 0 0 0 0 0 0 0 0 0 4
 55 55 112 52 52 41 37 37 31 31 28 25 25 35 22 22 34 34 39 49 49 48 53 53 45 45 99 70 70 38 41 41 19 19 4 0 0 0 0 0 0 0 0 0 0 4
 49 49 48 50 50 51 47 47 36 36 32 26 26 28 16 16 17 17 41 41 41 28 29 29 40 40 34 49 49 40 23 23 23 23 5 3 3 0 0 0 0 0 0 0 0 1
 38 38 39 48 48 43 46 46 34 34 25 26 26 27 23 23 18 18 25 33 33 35 37 37 51 51 41 49 49 41 38 38 23 23 14 10 10 4 3 3 1 1 2 1 1 1
 38 38 39 48 48 43 46 46 34 34 25 26 26 27 23 23 18 18 25 33 33 35 37 37 51 51 41 49 49 41 38 38 23 23 14 10 10 4 3 3 1 1 2 1 1 1
 36 36 37 38 38 35 28 28 30 30 25 25 25 29 24 24 19 19 24 31 31 36 43 43 50 50 49 62 62 58 45 45 35 35 26 25 25 19 5 5 6 6 3 3 3 4
 36 36 37 38 38 35 28 28 30 30 25 25 25 29 24 24 19 19 24 31 31 36 43 43 50 50 49 62 62 58 45 45 35 35 26 25 25 19 5 5 6 6 3 3 3 4
 17 17 18 19 19 18 22 22 23 23 21 24 24 26 24 24 18 18 20 34 34 41 50 50 56 56 67 66 66 61 51 51 47 47 37 44 44 28 26 26 7 7 8 9 9 8
 8 8 10 12 12 17 19 19 20 20 19 18 18 19 22 22 18 18 24 31 31 47 59 59 59 59 74 81 81 78 69 69 61 61 50 41 41 31 28 28 13 13 24 26 26 9
 8 8 10 12 12 17 19 19 20 20 19 18 18 19 22 22 18 18 24 31 31 47 59 59 59 59 74 81 81 78 69 69 61 61 50 41 41 31 28 28 13 13 24 26 26 9
 7 7 7 10 10 13 13 13 14 14 14 11 11 11 14 14 19 19 20 30 30 50 58 58 63 63 65 79 79 81 72 72 60 60 57 64 64 51 66 66 44 44 28 11 11 9
 2 2 6 6 6 10 11 11 5 5 13 11 11 15 18 18 19 19 24 32 32 40 58 58 65 65 73 89 89 90 89 89 65 65 60 65 65 67 47 47 38 38 21 19 19 25
 2 2 6 6 6 10 11 11 5 5 13 11 11 15 18 18 19 19 24 32 32 40 58 58 65 65 73 89 89 90 89 89 65 65 60 65 65 67 47 47 38 38 21 19 19 25
 1 1 1 5 5 8 8 8 5 5 6 4 4 6 12 12 16 16 18 35 35 41 58 58 69 69 77 89 89 92 75 75 73 73 64 68 68 66 23 23 19 19 23 19 19 3
 1 1 1 5 5 8 8 8 5 5 6 4 4 6 12 12 16 16 18 35 35 41 58 58 69 69 77 89 89 92 75 75 73 73 64 68 68 66 23 23 19 19 23 19 19 3
 0 0 0 0 0 1 8 8 3 3 6 5 5 6 11 11 16 16 16 18 18 39 39 39 44 44 49 63 63 69 66 66 65 65 62 59 59 60 29 29 25 25 25 4 4 5
 0 0 0 1 1 1 1 1 1 1 1 2 2 3 5 5 11 11 13 17 17 28 36 36 38 38 43 61 61 60 63 63 49 49 65 55 55 42 19 19 23 23 12 3 3 3
 0 0 0 1 1 1 1 1 1 1 1 2 2 3 5 5 11 11 13 17 17 28 36 36 38 38 43 61 61 60 63 63 49 49 65 55 55 42 19 19 23 23 12 3 3 3
 0 0 0 0 0 0 0 0 1 1 1 1 1 2 3 3 11 11 10 14 14 20 31 31 34 34 35 53 53 62 63 63 45 45 47 50 50 43 13 13 17 17 7 0 0 1
 0 0 0 0 0 0 0 0 0 0 0 1 1 1 2 2 8 8 8 10 10 19 26 26 37 37 37 46 46 50 55 55 52 52 53 49 49 21 20 20 15 15 7 1 1 6
 0 0 0 0 0 0 0 0 0 0 0 1 1 1 2 2 8 8 8 10 10 19 26 26 37 37 37 46 46 50 55 55 52 52 53 49 49 21 20 20 15 15 7 1 1 6
 0 0 0 0 0 0 0 0 0 0 5 5 5 5 12 12 5 5 8 16 16 19 24 24 29 29 52 49 49 53 34 34 41 41 35 47 47 17 27 27 15 15 5 1 1 6
 0 0 0 0 0 0 0 0 0 0 5 5 5 5 12 12 5 5 8 16 16 19 24 24 29 29 52 49 49 53 34 34 41 41 35 47 47 17 27 27 15 15 5 1 1 6
 1 1 0 5 5 1 1 1 0 0 3 6 6 5 13 13 13 13 15 11 11 13 24 24 33 33 34 34 34 31 45 45 51 51 50 44 44 25 24 24 7 7 4 1 1 7
 0 0 0 0 0 0 1 1 0 0 3 3 3 3 5 5 6 6 13 9 9 10 19 19 26 26 31 42 42 44 47 47 37 37 43 27 27 14 10 10 3 3 1 1 1 2
 0 0 0 0 0 0 1 1 0 0 3 3 3 3 5 5 6 6 13 9 9 10 19 19 26 26 31 42 42 44 47 47 37 37 43 27 27 14 10 10 3 3 1 1 1 2
 0 0 0 0 0 1 1 1 1 1 0 0 0 3 5 5 5 5 6 6 6 14 16 16 21 21 34 36 36 40 42 42 45 45 55 29 29 20 15 15 2 2 1 1 1 1
 0 0 0 0 0 0 1 1 0 0 0 0 0 0 0 0 1 1 4 6 6 5 9 9 17 17 16 29 29 51 56 56 59 59 49 28 28 19 16 16 1 1 1 2 2 2
 0 0 0 0 0 0 1 1 0 0 0 0 0 0 0 0 1 1 4 6 6 5 9 9 17 17 16 29 29 51 56 56 59 59 49 28 28 19 16 16 1 1 1 2 2 2
 0 0 0 0 0 0 0 0 0 0 0 0 0 0 0 0 1 1 3 3 3 4 8 8 10 10 10 19 19 18 46 46 52 52 41 34 34 20 20 20 1 1 1 1 1 1
 0 0 0 0 0 0 0 0 0 0 0 0 0 0 0 0 1 1 3 3 3 4 8 8 10 10 10 19 19 18 46 46 52 52 41 34 34 20 20 20 1 1 1 1 1 1
 0 0 0 0 0 0 0 0 0 0 0 0 0 0 0 0 0 0 0 1 1 2 6 6 6 6 8 9 9 16 18 18 24 24 54 21 21 13 17 17 2 2 1 1 1 0
 0 0 0 0 0 0 0 0 0 0 0 0 0 0 0 0 0 0 0 0 0 1 5 5 5 5 6 8 8 13 16 16 23 23 47 16 16 15 6 6 2 2 2 2 2 1
 0 0 0 0 0 0 0 0 0 0 0 0 0 0 0 0 0 0 0 0 0 1 5 5 5 5 6 8 8 13 16 16 23 23 47 16 16 15 6 6 2 2 2 2 2 1
 0 0 0 0 0 0 0 0 0 0 0 0 0 0 0 0 0 0 0 0 0 1 1 1 1 1 2 3 3 9 12 12 16 16 16 11 11 26 15 15 2 2 3 7 7 2
 0 0 0 0 0 0 0 0 0 0 0 0 0 0 0 0 1 1 1 1 1 1 1 1 1 1 2 3 3 4 8 8 4 4 9 21 21 24 14 14 5 5 5 8 8 19
 0 0 0 0 0 0 0 0 0 0 0 0 0 0 0 0 1 1 1 1 1 1 1 1 1 1 2 3 3 4 8 8 4 4 9 21 21 24 14 14 5 5 5 8 8 19
 0 0 0 0 0 0 0 0 0 0 0 0 0 0 0 0 1 1 1 1 1 1 1 1 1 1 0 1 1 1 4 4 1 1 7 13 13 13 5 5 11 11 11 16 16 18
 0 0 0 0 0 0 0 0 0 0 0 0 0 0 0 0 1 1 1 1 1 1 1 1 1 1 0 1 1 1 4 4 1 1 7 13 13 13 5 5 11 11 11 16 16 18
 0 0 0 0 0 0 0 0 0 0 0 0 0 0 0 0 0 0 0 0 0 0 0 0 0 0 0 0 0 1 1 1 1 1 12 12 12 13 4 4 5 5 13 10 10 5
 0 0 0 0 0 0 0 0 0 0 0 0 0 0 0 0 0 0 0 0 0 0 0 0 0 0 0 0 0 0 0 0 1 1 1 2 2 2 4 4 3 3 7 5 5 4
 0 0 0 0 0 0 0 0 0 0 0 0 0 0 0 0 0 0 0 0 0 0 0 0 0 0 0 0 0 0 0 0 1 1 1 2 2 2 4 4 3 3 7 5 5 4
 0 0 0 0 0 0 0 0 2 2 0 0 0 0 0 0 0 0 0 0 0 0 0 0 0 0 0 0 0 0 0 0 0 0 2 1 1 1 2 2 4 4 2 2 2 0
 0 0 0 0 0 0 0 0 0 0 0 0 0 0 0 0 0 0 0 0 0 0 0 0 0 0 0 0 0 0 0 0 0 0 0 0 0 2 0 0 4 4 1 1 1 0
