assets/RAT_results/precipitation/2017-05-28_IMERG.asc
ncols        46
nrows        77
xllcorner    74.800261325624
yllcorner    8.058333333333
cellsize     0.062500000000
NODATA_value -9999
 1 1 2 2 2 4 12 12 10 10 4 4 4 3 1 1 1 1 0 0 0 0 0 0 0 0 0 0 0 0 0 0 0 0 0 0 0 0 1 1 1 1 0 0 0 0
 1 1 2 7 7 8 7 7 12 12 11 10 10 3 1 1 1 1 0 0 0 0 0 0 0 0 0 0 0 0 0 0 0 0 0 0 0 0 1 1 1 1 1 0 0 0
 1 1 2 7 7 8 7 7 12 12 11 10 10 3 1 1 1 1 0 0 0 0 0 0 0 0 0 0 0 0 0 0 0 0 0 0 0 0 1 1 1 1 1 0 0 0
 1 1 2 8 8 8 4 4 11 11 12 11 11 3 1 1 1 1 0 0 0 0 0 0 0 0 0 0 0 0 0 0 0 0 0 0 0 0 0 0 0 0 1 0 0 0
 0 0 0 1 1 3 3 3 10 10 12 12 12 3 1 1 0 0 0 0 0 0 0 0 0 0 0 0 0 0 0 0 0 0 0 0 0 0 0 0 0 0 2 0 0 0
 0 0 0 1 1 3 3 3 10 10 12 12 12 3 1 1 0 0 0 0 0 0 0 0 0 0 0 0 0 0 0 0 0 0 0 0 0 0 0 0 0 0 2 0 0 0
 0 0 1 1 1 3 3 3 6 6 8 7 7 2 0 0 0 0 0 0 0 0 0 0 0 0 0 1 1 0 0 0 0 0 1 0 0 0 0 0 0 0 0 0 0 0
 0 0 1 1 1 3 3 3 6 6 8 7 7 2 0 0 0 0 0 0 0 0 0 0 0 0 0 1 1 0 0 0 0 0 1 0 0 0 0 0 0 0 0 0 0 0
 1 1 1 2 2 2 3 3 6 6 6 5 5 1 0 0 0 0 0 0 0 0 0 0 0 0 2 1 1 2 1 1 1 1 0 0 0 0 0 0 0 0 0 0 0 0
 0 0 1 3 3 2 3 3 4 4 5 3 3 1 0 0 0 0 0 0 0 0 1 1 2 2 1 1 1 2 1 1 1 1 1 0 0 0 0 0 0 0 0 3 3 0
 0 0 1 3 3 2 3 3 4 4 5 3 3 1 0 0 0 0 0 0 0 0 1 1 2 2 1 1 1 2 1 1 1 1 1 0 0 0 0 0 0 0 0 3 3 0
 0 0 0 3 3 3 2 2 3 3 3 2 2 1 0 0 0 0 0 1 1 1 1 1 0 0 1 1 1 1 1 1 1 1 1 0 0 0 0 0 0 0 0 0 0 0
 0 0 0 1 1 2 1 1 2 2 2 2 2 1 1 1 1 1 1 1 1 0 1 1 1 1 1 3 3 1 0 0 2 2 0 1 1 1 3 3 3 3 0 0 0 0
 0 0 0 1 1 2 1 1 2 2 2 2 2 1 1 1 1 1 1 1 1 0 1 1 1 1 1 3 3 1 0 0 2 2 0 1 1 1 3 3 3 3 0 0 0 0
 0 0 0 0 0 0 1 1 1 1 2 2 2 1 2 2 1 1 2 2 2 0 0 0 1 1 1 2 2 0 1 1 1 1 1 1 1 1 2 2 0 0 2 0 0 0
 0 0 0 0 0 0 1 1 1 1 2 2 2 1 2 2 1 1 2 2 2 0 0 0 1 1 1 2 2 0 1 1 1 1 1 1 1 1 2 2 0 0 2 0 0 0
 0 0 0 0 0 0 0 0 1 1 2 1 1 1 3 3 3 3 3 2 2 0 0 0 0 0 0 0 0 1 1 1 4 4 3 1 1 3 1 1 1 1 0 1 1 0
 0 0 0 0 0 0 0 0 0 0 1 1 1 1 3 3 5 5 5 3 3 0 0 0 0 0 0 1 1 1 1 1 3 3 3 3 3 6 2 2 2 2 0 0 0 0
 0 0 0 0 0 0 0 0 0 0 1 1 1 1 3 3 5 5 5 3 3 0 0 0 0 0 0 1 1 1 1 1 3 3 3 3 3 6 2 2 2 2 0 0 0 0
 1 1 0 0 0 0 0 0 0 0 0 1 1 1 3 3 5 5 6 2 2 0 0 0 2 2 1 4 4 1 2 2 2 2 0 0 0 1 1 1 3 3 0 0 0 0
 0 0 0 0 0 1 1 1 0 0 1 1 1 1 1 1 3 3 6 3 3 0 0 0 1 1 1 3 3 2 1 1 7 7 0 0 0 0 0 0 0 0 0 0 0 0
 0 0 0 0 0 1 1 1 0 0 1 1 1 1 1 1 3 3 6 3 3 0 0 0 1 1 1 3 3 2 1 1 7 7 0 0 0 0 0 0 0 0 0 0 0 0
 1 1 1 1 1 0 15 15 4 4 3 9 9 1 5 5 4 4 8 3 3 2 2 2 1 1 2 2 2 3 4 4 3 3 1 0 0 0 0 0 0 0 0 2 2 0
 1 1 1 1 1 0 15 15 4 4 3 9 9 1 5 5 4 4 8 3 3 2 2 2 1 1 2 2 2 3 4 4 3 3 1 0 0 0 0 0 0 0 0 2 2 0
 1 1 1 1 1 1 3 3 8 8 11 15 15 4 4 4 5 5 8 11 11 2 1 1 1 1 1 2 2 2 4 4 2 2 0 0 0 0 2 2 1 1 0 0 0 0
 0 0 1 2 2 2 2 2 8 8 21 13 13 8 6 6 6 6 8 4 4 2 2 2 2 2 8 4 4 6 2 2 0 0 0 1 1 0 1 1 1 1 1 1 1 0
 0 0 1 2 2 2 2 2 8 8 21 13 13 8 6 6 6 6 8 4 4 2 2 2 2 2 8 4 4 6 2 2 0 0 0 1 1 0 1 1 1 1 1 1 1 0
 1 1 1 1 1 2 2 2 2 2 2 9 9 9 10 10 8 8 7 6 6 4 1 1 1 1 5 1 1 6 2 2 1 1 1 0 0 0 0 0 0 0 1 2 2 0
 0 0 1 1 1 1 2 2 1 1 3 4 4 14 9 9 9 9 7 7 7 2 1 1 3 3 4 1 1 0 1 1 1 1 0 0 0 0 0 0 0 0 0 0 0 0
 0 0 1 1 1 1 2 2 1 1 3 4 4 14 9 9 9 9 7 7 7 2 1 1 3 3 4 1 1 0 1 1 1 1 0 0 0 0 0 0 0 0 0 0 0 0
 0 0 1 1 1 3 3 3 3 3 3 2 2 4 8 8 12 12 4 6 6 1 1 1 3 3 0 4 4 0 0 0 0 0 0 0 0 0 0 0 4 4 0 0 0 0
 0 0 1 1 1 3 3 3 3 3 3 2 2 4 8 8 12 12 4 6 6 1 1 1 3 3 0 4 4 0 0 0 0 0 0 0 0 0 0 0 4 4 0 0 0 0
 1 1 1 2 2 3 4 4 4 4 3 4 4 5 11 11 15 15 8 4 4 1 1 1 2 2 1 0 0 0 0 0 0 0 0 0 0 0 0 0 0 0 0 0 0 0
 2 2 3 4 4 5 5 5 5 5 7 5 5 6 8 8 9 9 8 6 6 3 2 2 0 0 2 1 1 1 1 1 0 0 0 0 0 1 0 0 0 0 0 0 0 0
 2 2 3 4 4 5 5 5 5 5 7 5 5 6 8 8 9 9 8 6 6 3 2 2 0 0 2 1 1 1 1 1 0 0 0 0 0 1 0 0 0 0 0 0 0 0
 2 2 4 7 7 8 13 13 8 8 8 4 4 8 10 10 7 7 8 6 6 5 5 5 4 4 8 2 2 1 1 1 1 1 0 0 0 2 0 0 0 0 0 0 0 0
 3 3 7 10 10 14 18 18 10 10 11 8 8 9 8 8 10 10 17 8 8 8 5 5 7 7 10 4 4 2 2 2 2 2 1 0 0 2 0 0 0 0 0 0 0 0
 3 3 7 10 10 14 18 18 10 10 11 8 8 9 8 8 10 10 17 8 8 8 5 5 7 7 10 4 4 2 2 2 2 2 1 0 0 2 0 0 0 0 0 0 0 0
 12 12 18 13 13 16 16 16 12 12 13 10 10 6 11 11 21 21 20 26 26 25 6 6 5 5 6 6 6 3 3 3 3 3 1 1 1 0 0 0 0 0 0 0 0 0
 12 12 18 13 13 16 16 16 12 12 13 10 10 6 11 11 21 21 20 26 26 25 6 6 5 5 6 6 6 3 3 3 3 3 1 1 1 0 0 0 0 0 0 0 0 0
 13 13 18 23 23 22 20 20 17 17 20 18 18 6 8 8 12 12 27 26 26 30 16 16 9 9 5 6 6 3 4 4 3 3 2 1 1 0 0 0 0 0 0 0 0 0
 22 22 21 24 24 25 25 25 28 28 25 21 21 8 12 12 7 7 11 15 15 13 10 10 8 8 5 5 5 3 6 6 4 4 2 1 1 0 0 0 0 0 1 0 0 0
 22 22 21 24 24 25 25 25 28 28 25 21 21 8 12 12 7 7 11 15 15 13 10 10 8 8 5 5 5 3 6 6 4 4 2 1 1 0 0 0 0 0 1 0 0 0
 30 30 24 39 39 26 29 29 26 26 33 29 29 22 20 20 12 12 12 11 11 17 9 9 9 9 3 4 4 4 6 6 8 8 1 0 0 0 0 0 0 0 0 0 0 0
 31 31 35 27 27 35 30 30 27 27 31 28 28 28 16 16 7 7 9 7 7 6 5 5 4 4 2 4 4 5 9 9 9 9 1 0 0 0 0 0 0 0 0 0 0 0
 31 31 35 27 27 35 30 30 27 27 31 28 28 28 16 16 7 7 9 7 7 6 5 5 4 4 2 4 4 5 9 9 9 9 1 0 0 0 0 0 0 0 0 0 0 0
 30 30 58 44 44 39 36 36 38 38 33 23 23 25 13 13 9 9 5 6 6 5 3 3 3 3 2 3 3 5 6 6 9 9 3 0 0 0 0 0 0 0 0 0 0 0
 30 30 58 44 44 39 36 36 38 38 33 23 23 25 13 13 9 9 5 6 6 5 3 3 3 3 2 3 3 5 6 6 9 9 3 0 0 0 0 0 0 0 0 0 0 0
 31 31 55 50 50 45 47 47 43 43 27 29 29 27 21 21 9 9 3 8 8 10 5 5 4 4 3 3 3 5 4 4 11 11 6 4 4 1 0 0 0 0 0 0 0 0
 41 41 52 58 58 45 53 53 43 43 37 63 63 36 46 46 18 18 5 9 9 13 8 8 5 5 5 5 5 5 4 4 9 9 6 4 4 2 1 1 0 0 0 0 0 0
 41 41 52 58 58 45 53 53 43 43 37 63 63 36 46 46 18 18 5 9 9 13 8 8 5 5 5 5 5 5 4 4 9 9 6 4 4 2 1 1 0 0 0 0 0 0
 40 40 41 33 33 36 47 47 57 57 51 60 60 53 73 73 26 26 13 12 12 10 12 12 9 9 7 8 8 14 6 6 6 6 8 5 5 3 2 2 1 1 1 0 0 0
 26 26 28 33 33 36 44 44 73 73 68 88 88 88 112 112 48 48 26 25 25 19 14 14 18 18 13 8 8 8 7 7 11 11 9 5 5 3 2 2 1 1 1 1 1 0
 26 26 28 33 33 36 44 44 73 73 68 88 88 88 112 112 48 48 26 25 25 19 14 14 18 18 13 8 8 8 7 7 11 11 9 5 5 3 2 2 1 1 1 1 1 0
 31 31 26 24 24 39 55 55 110 110 82 87 87 124 131 131 105 105 35 31 31 28 16 16 21 21 8 9 9 5 41 41 17 17 7 4 4 3 3 3 1 1 0 0 0 0
 31 31 26 24 24 39 55 55 110 110 82 87 87 124 131 131 105 105 35 31 31 28 16 16 21 21 8 9 9 5 41 41 17 17 7 4 4 3 3 3 1 1 0 0 0 0
 80 80 45 40 40 35 57 57 82 82 112 113 113 131 128 128 149 149 109 39 39 32 34 34 23 23 13 10 10 8 13 13 17 17 2 2 2 2 3 3 2 2 0 0 0 0
 85 85 123 116 116 39 47 47 132 132 106 90 90 119 141 141 131 131 93 51 51 43 32 32 27 27 10 10 10 7 9 9 10 10 7 5 5 2 2 2 0 0 0 0 0 0
 85 85 123 116 116 39 47 47 132 132 106 90 90 119 141 141 131 131 93 51 51 43 32 32 27 27 10 10 10 7 9 9 10 10 7 5 5 2 2 2 0 0 0 0 0 0
 70 70 126 152 152 47 49 49 54 54 68 103 103 105 165 165 137 137 118 62 62 52 54 54 44 44 20 10 10 9 6 6 7 7 6 5 5 0 0 0 0 0 0 0 0 0
 36 36 41 49 49 44 41 41 47 47 71 129 129 123 127 127 127 127 122 90 90 52 40 40 47 47 30 23 23 8 5 5 6 6 5 3 3 2 2 2 1 1 1 0 0 0
 36 36 41 49 49 44 41 41 47 47 71 129 129 123 127 127 127 127 122 90 90 52 40 40 47 47 30 23 23 8 5 5 6 6 5 3 3 2 2 2 1 1 1 0 0 0
 17 17 16 16 16 28 34 34 58 58 88 127 127 117 112 112 117 117 116 110 110 48 36 36 49 49 15 18 18 14 15 15 4 4 3 6 6 5 2 2 1 1 1 0 0 0
 17 17 16 16 16 28 34 34 58 58 88 127 127 117 112 112 117 117 116 110 110 48 36 36 49 49 15 18 18 14 15 15 4 4 3 6 6 5 2 2 1 1 1 0 0 0
 14 14 12 8 8 15 33 33 43 43 60 66 66 86 85 85 104 104 103 91 91 58 33 33 24 24 15 18 18 19 20 20 15 15 3 6 6 5 6 6 6 6 6 3 3 3
 13 13 12 8 8 17 25 25 34 34 38 37 37 66 79 79 117 117 103 81 81 80 44 44 39 39 32 24 24 24 25 25 15 15 14 9 9 5 9 9 9 9 6 3 3 3
 13 13 12 8 8 17 25 25 34 34 38 37 37 66 79 79 117 117 103 81 81 80 44 44 39 39 32 24 24 24 25 25 15 15 14 9 9 5 9 9 9 9 6 3 3 3
 5 5 5 5 5 10 12 12 14 14 27 55 55 75 70 70 116 116 102 97 97 136 56 56 46 46 33 38 38 45 33 33 20 20 18 8 8 5 9 9 9 9 6 7 7 5
 5 5 4 4 4 13 23 23 12 12 19 19 19 45 58 58 71 71 81 117 117 135 48 48 114 114 93 95 95 50 39 39 35 35 27 9 9 6 4 4 4 4 3 4 4 5
 5 5 4 4 4 13 23 23 12 12 19 19 19 45 58 58 71 71 81 117 117 135 48 48 114 114 93 95 95 50 39 39 35 35 27 9 9 6 4 4 4 4 3 4 4 5
 4 4 3 2 2 4 17 17 16 16 8 17 17 26 33 33 75 75 93 77 77 63 51 51 109 109 90 92 92 93 44 44 33 33 25 6 6 2 1 1 13 13 3 3 3 2
 4 4 3 2 2 4 17 17 16 16 8 17 17 26 33 33 75 75 93 77 77 63 51 51 109 109 90 92 92 93 44 44 33 33 25 6 6 2 1 1 13 13 3 3 3 2
 7 7 2 1 1 2 11 11 8 8 12 9 9 13 18 18 35 35 37 49 49 44 31 31 96 96 89 87 87 83 20 20 18 18 27 26 26 8 5 5 5 5 1 1 1 1
 7 7 2 2 2 2 3 3 23 23 7 4 4 7 14 14 20 20 17 48 48 53 38 38 39 39 34 33 33 34 17 17 15 15 24 12 12 10 10 10 7 7 0 0 0 0
 7 7 2 2 2 2 3 3 23 23 7 4 4 7 14 14 20 20 17 48 48 53 38 38 39 39 34 33 33 34 17 17 15 15 24 12 12 10 10 10 7 7 0 0 0 0
 4 4 3 2 2 2 1 1 4 4 6 3 3 9 10 10 16 16 19 26 26 37 28 28 40 40 52 62 62 28 8 8 10 10 15 11 11 7 11 11 11 11 2 3 3 2
 4 4 4 3 3 1 1 1 1 1 1 1 1 4 5 5 6 6 13 20 20 21 22 22 27 27 41 41 41 29 15 15 16 16 3 2 2 6 7 7 12 12 4 3 3 4
