assets/RAT_results/precipitation/2017-07-29_IMERG.asc
ncols        46
nrows        77
xllcorner    74.800261325624
yllcorner    8.058333333333
cellsize     0.062500000000
NODATA_value -9999
 4 4 4 13 13 14 19 19 23 23 20 2 2 0 0 0 0 0 0 0 0 1 1 1 1 1 1 5 5 0 1 1 2 2 2 3 3 6 3 3 2 2 0 0 0 0
 7 7 5 8 8 6 11 11 10 10 15 1 1 1 0 0 1 1 0 0 0 0 1 1 1 1 1 1 1 1 0 0 0 0 2 16 16 17 10 10 10 10 0 0 0 0
 7 7 5 8 8 6 11 11 10 10 15 1 1 1 0 0 1 1 0 0 0 0 1 1 1 1 1 1 1 1 0 0 0 0 2 16 16 17 10 10 10 10 0 0 0 0
 5 5 4 7 7 7 11 11 13 13 24 15 15 9 1 1 0 0 0 0 0 0 0 0 0 0 1 1 1 1 1 1 1 1 1 15 15 17 9 9 9 9 0 0 0 0
 2 2 6 7 7 4 3 3 9 9 11 17 17 3 2 2 1 1 1 0 0 0 0 0 0 0 1 1 1 1 2 2 2 2 1 3 3 6 3 3 1 1 1 1 1 1
 2 2 6 7 7 4 3 3 9 9 11 17 17 3 2 2 1 1 1 0 0 0 0 0 0 0 1 1 1 1 2 2 2 2 1 3 3 6 3 3 1 1 1 1 1 1
 3 3 5 5 5 2 1 1 1 1 2 4 4 3 0 0 2 2 1 0 0 0 0 0 0 0 0 0 0 1 1 1 1 1 2 2 2 5 3 3 1 1 2 1 1 1
 3 3 5 5 5 2 1 1 1 1 2 4 4 3 0 0 2 2 1 0 0 0 0 0 0 0 0 0 0 1 1 1 1 1 2 2 2 5 3 3 1 1 2 1 1 1
 4 4 4 7 7 13 3 3 7 7 0 2 2 3 3 3 0 0 0 0 0 0 0 0 0 0 0 1 1 1 0 0 1 1 1 1 1 1 3 3 5 5 2 1 1 2
 1 1 2 3 3 10 15 15 1 1 0 1 1 3 1 1 0 0 0 0 0 0 0 0 0 0 0 2 2 1 0 0 0 0 0 0 0 0 0 0 1 1 2 1 1 1
 1 1 2 3 3 10 15 15 1 1 0 1 1 3 1 1 0 0 0 0 0 0 0 0 0 0 0 2 2 1 0 0 0 0 0 0 0 0 0 0 1 1 2 1 1 1
 0 0 7 8 8 15 7 7 1 1 1 0 0 0 0 0 0 0 0 0 0 0 0 0 0 0 0 0 0 0 0 0 0 0 0 0 0 0 1 1 1 1 1 0 0 1
 2 2 9 8 8 8 7 7 8 8 3 1 1 0 0 0 0 0 0 0 0 0 0 0 0 0 0 0 0 0 0 0 0 0 0 0 0 0 1 1 3 3 1 0 0 0
 2 2 9 8 8 8 7 7 8 8 3 1 1 0 0 0 0 0 0 0 0 0 0 0 0 0 0 0 0 0 0 0 0 0 0 0 0 0 1 1 3 3 1 0 0 0
 1 1 1 5 5 5 10 10 6 6 9 0 0 0 0 0 0 0 0 0 0 0 0 0 0 0 0 0 0 0 0 0 0 0 0 0 0 0 3 3 4 4 3 0 0 0
 1 1 1 5 5 5 10 10 6 6 9 0 0 0 0 0 0 0 0 0 0 0 0 0 0 0 0 0 0 0 0 0 0 0 0 0 0 0 3 3 4 4 3 0 0 0
 1 1 1 1 1 7 8 8 7 7 10 2 2 1 0 0 0 0 0 0 0 0 0 0 0 0 0 0 0 0 0 0 0 0 0 0 0 0 1 1 3 3 0 0 0 0
 1 1 1 2 2 4 2 2 3 3 4 2 2 1 0 0 0 0 0 0 0 0 0 0 0 0 0 0 0 0 0 0 0 0 0 0 0 0 1 1 2 2 0 0 0 0
 1 1 1 2 2 4 2 2 3 3 4 2 2 1 0 0 0 0 0 0 0 0 0 0 0 0 0 0 0 0 0 0 0 0 0 0 0 0 1 1 2 2 0 0 0 0
 1 1 0 1 1 4 1 1 2 2 4 3 3 2 0 0 1 1 0 0 0 1 1 1 0 0 0 0 0 0 0 0 0 0 0 0 0 0 0 0 0 0 0 0 0 0
 2 2 1 0 0 0 1 1 8 8 3 2 2 2 3 3 1 1 0 0 0 0 1 1 0 0 0 0 0 0 0 0 1 1 0 0 0 0 0 0 0 0 0 0 0 1
 2 2 1 0 0 0 1 1 8 8 3 2 2 2 3 3 1 1 0 0 0 0 1 1 0 0 0 0 0 0 0 0 1 1 0 0 0 0 0 0 0 0 0 0 0 1
 1 1 1 3 3 2 2 2 4 4 2 2 2 3 3 3 2 2 1 1 1 1 1 1 1 1 1 1 1 2 2 2 1 1 2 1 1 3 3 3 0 0 2 2 2 2
 1 1 1 3 3 2 2 2 4 4 2 2 2 3 3 3 2 2 1 1 1 1 1 1 1 1 1 1 1 2 2 2 1 1 2 1 1 3 3 3 0 0 2 2 2 2
 1 1 2 2 2 4 2 2 4 4 3 2 2 4 3 3 2 2 1 1 1 2 2 2 3 3 5 4 4 4 3 3 1 1 1 0 0 1 4 4 4 4 3 3 3 3
 8 8 8 5 5 3 4 4 3 3 4 2 2 1 3 3 2 2 1 0 0 0 2 2 5 5 6 5 5 5 3 3 2 2 1 3 3 1 5 5 5 5 5 1 1 1
 8 8 8 5 5 3 4 4 3 3 4 2 2 1 3 3 2 2 1 0 0 0 2 2 5 5 6 5 5 5 3 3 2 2 1 3 3 1 5 5 5 5 5 1 1 1
 7 7 13 8 8 18 7 7 6 6 5 2 2 2 3 3 4 4 1 1 1 1 1 1 1 1 2 2 2 2 2 2 2 2 2 8 8 1 1 1 1 1 2 1 1 1
 6 6 6 9 9 6 5 5 6 6 5 3 3 5 6 6 5 5 3 1 1 1 2 2 2 2 1 1 1 1 1 1 1 1 6 8 8 1 1 1 1 1 1 0 0 1
 6 6 6 9 9 6 5 5 6 6 5 3 3 5 6 6 5 5 3 1 1 1 2 2 2 2 1 1 1 1 1 1 1 1 6 8 8 1 1 1 1 1 1 0 0 1
 6 6 10 6 6 5 12 12 5 5 7 7 7 6 5 5 6 6 3 3 3 2 3 3 3 3 2 2 2 2 1 1 1 1 1 1 1 1 0 0 0 0 1 0 0 1
 6 6 10 6 6 5 12 12 5 5 7 7 7 6 5 5 6 6 3 3 3 2 3 3 3 3 2 2 2 2 1 1 1 1 1 1 1 1 0 0 0 0 1 0 0 1
 16 16 32 35 35 16 14 14 4 4 6 7 7 5 6 6 4 4 3 4 4 3 3 3 3 3 3 2 2 2 1 1 1 1 1 0 0 0 0 0 0 0 1 0 0 2
 18 18 25 19 19 26 15 15 5 5 3 2 2 2 3 3 3 3 2 3 3 3 3 3 3 3 2 1 1 2 1 1 1 1 0 3 3 1 2 2 1 1 0 2 2 1
 18 18 25 19 19 26 15 15 5 5 3 2 2 2 3 3 3 3 2 3 3 3 3 3 3 3 2 1 1 2 1 1 1 1 0 3 3 1 2 2 1 1 0 2 2 1
 28 28 23 27 27 29 27 27 25 25 11 4 4 3 3 3 4 4 2 3 3 4 2 2 2 2 1 1 1 1 0 0 0 0 0 0 0 0 0 0 3 3 0 1 1 5
 12 12 10 30 30 25 23 23 22 22 12 5 5 4 2 2 3 3 3 3 3 3 4 4 4 4 3 1 1 0 0 0 0 0 0 0 0 0 0 0 0 0 0 0 0 0
 12 12 10 30 30 25 23 23 22 22 12 5 5 4 2 2 3 3 3 3 3 3 4 4 4 4 3 1 1 0 0 0 0 0 0 0 0 0 0 0 0 0 0 0 0 0
 13 13 11 19 19 13 8 8 9 9 8 6 6 5 4 4 1 1 2 4 4 2 2 2 3 3 4 2 2 3 0 0 0 0 0 0 0 0 1 1 0 0 0 0 0 0
 13 13 11 19 19 13 8 8 9 9 8 6 6 5 4 4 1 1 2 4 4 2 2 2 3 3 4 2 2 3 0 0 0 0 0 0 0 0 1 1 0 0 0 0 0 0
 15 15 38 19 19 6 8 8 6 6 7 7 7 7 3 3 3 3 2 2 2 1 2 2 1 1 1 3 3 3 3 3 1 1 1 3 3 3 4 4 2 2 1 2 2 1
 18 18 4 10 10 3 7 7 6 6 6 6 6 5 5 5 3 3 2 2 2 2 2 2 2 2 2 1 1 2 3 3 1 1 3 5 5 12 11 11 7 7 5 3 3 3
 18 18 4 10 10 3 7 7 6 6 6 6 6 5 5 5 3 3 2 2 2 2 2 2 2 2 2 1 1 2 3 3 1 1 3 5 5 12 11 11 7 7 5 3 3 3
 10 10 5 4 4 5 5 5 6 6 6 5 5 4 4 4 1 1 2 3 3 2 3 3 2 2 3 1 1 3 3 3 3 3 4 6 6 13 12 12 10 10 7 4 4 3
 16 16 2 5 5 4 3 3 4 4 6 4 4 4 4 4 1 1 1 3 3 4 6 6 4 4 4 2 2 5 5 5 4 4 4 4 4 9 16 16 9 9 11 7 7 8
 16 16 2 5 5 4 3 3 4 4 6 4 4 4 4 4 1 1 1 3 3 4 6 6 4 4 4 2 2 5 5 5 4 4 4 4 4 9 16 16 9 9 11 7 7 8
 3 3 3 3 3 3 4 4 3 3 3 2 2 3 3 3 1 1 1 2 2 2 3 3 2 2 2 2 2 4 4 4 4 4 4 3 3 10 8 8 7 7 7 7 7 6
 3 3 3 3 3 3 4 4 3 3 3 2 2 3 3 3 1 1 1 2 2 2 3 3 2 2 2 2 2 4 4 4 4 4 4 3 3 10 8 8 7 7 7 7 7 6
 0 0 2 2 2 3 3 3 3 3 2 1 1 1 2 2 0 0 0 0 0 1 1 1 3 3 2 1 1 2 3 3 4 4 2 3 3 2 2 2 3 3 6 7 7 8
 0 0 1 1 1 1 1 1 1 1 2 1 1 1 1 1 1 1 0 0 0 2 2 2 2 2 2 1 1 1 1 1 1 1 2 3 3 4 2 2 3 3 4 7 7 7
 0 0 1 1 1 1 1 1 1 1 2 1 1 1 1 1 1 1 0 0 0 2 2 2 2 2 2 1 1 1 1 1 1 1 2 3 3 4 2 2 3 3 4 7 7 7
 0 0 0 1 1 1 1 1 1 1 1 1 1 1 1 1 2 2 1 1 1 1 1 1 1 1 2 1 1 1 0 0 1 1 2 2 2 7 4 4 2 2 3 4 4 6
 0 0 0 0 0 1 1 1 1 1 1 1 1 1 1 1 1 1 1 0 0 1 1 1 2 2 3 1 1 6 0 0 1 1 1 2 2 2 5 5 1 1 1 2 2 2
 0 0 0 0 0 1 1 1 1 1 1 1 1 1 1 1 1 1 1 0 0 1 1 1 2 2 3 1 1 6 0 0 1 1 1 2 2 2 5 5 1 1 1 2 2 2
 1 1 0 0 0 0 0 0 1 1 1 0 0 1 1 1 0 0 0 0 0 1 1 1 2 2 3 1 1 1 1 1 1 1 0 0 0 4 3 3 1 1 1 0 0 0
 1 1 0 0 0 0 0 0 1 1 1 0 0 1 1 1 0 0 0 0 0 1 1 1 2 2 3 1 1 1 1 1 1 1 0 0 0 4 3 3 1 1 1 0 0 0
 1 1 1 1 1 0 0 0 0 0 1 1 1 1 1 1 0 0 0 1 1 1 1 1 2 2 2 1 1 1 1 1 1 1 0 0 0 0 2 2 3 3 1 0 0 0
 1 1 1 0 0 1 1 1 1 1 1 1 1 1 1 1 0 0 0 0 0 1 2 2 2 2 2 1 1 1 1 1 1 1 0 0 0 0 0 0 1 1 1 0 0 0
 1 1 1 0 0 1 1 1 1 1 1 1 1 1 1 1 0 0 0 0 0 1 2 2 2 2 2 1 1 1 1 1 1 1 0 0 0 0 0 0 1 1 1 0 0 0
 1 1 3 1 1 1 1 1 1 1 2 2 2 0 2 2 1 1 0 0 0 0 2 2 2 2 1 2 2 1 1 1 1 1 0 0 0 0 0 0 1 1 1 1 1 0
 0 0 1 0 0 0 0 0 1 1 0 1 1 1 8 8 1 1 0 0 0 1 0 0 0 0 0 3 3 2 1 1 0 0 0 0 0 0 0 0 0 0 0 0 0 0
 0 0 1 0 0 0 0 0 1 1 0 1 1 1 8 8 1 1 0 0 0 1 0 0 0 0 0 3 3 2 1 1 0 0 0 0 0 0 0 0 0 0 0 0 0 0
 0 0 0 0 0 0 0 0 0 0 0 2 2 0 0 0 0 0 1 0 0 0 0 0 0 0 1 8 8 1 2 2 0 0 0 0 0 0 0 0 1 1 0 0 0 0
 0 0 0 0 0 0 0 0 0 0 0 2 2 0 0 0 0 0 1 0 0 0 0 0 0 0 1 8 8 1 2 2 0 0 0 0 0 0 0 0 1 1 0 0 0 0
 0 0 0 1 1 2 0 0 0 0 0 1 1 0 0 0 0 0 0 0 0 0 1 1 1 1 1 1 1 2 1 1 1 1 0 0 0 0 0 0 0 0 0 0 0 0
 0 0 0 0 0 0 0 0 1 1 3 1 1 0 0 0 0 0 0 0 0 0 0 0 2 2 2 1 1 2 2 2 1 1 0 0 0 0 0 0 0 0 0 0 0 0
 0 0 0 0 0 0 0 0 1 1 3 1 1 0 0 0 0 0 0 0 0 0 0 0 2 2 2 1 1 2 2 2 1 1 0 0 0 0 0 0 0 0 0 0 0 0
 1 1 1 1 1 0 0 0 0 0 1 0 0 0 0 0 0 0 1 0 0 0 2 2 2 2 2 2 2 2 1 1 1 1 0 0 0 0 0 0 0 0 0 0 0 0
 1 1 1 1 1 1 0 0 1 1 0 0 0 0 0 0 1 1 0 0 0 0 0 0 0 0 0 0 0 1 1 1 3 3 1 1 1 0 0 0 0 0 1 0 0 0
 1 1 1 1 1 1 0 0 1 1 0 0 0 0 0 0 1 1 0 0 0 0 0 0 0 0 0 0 0 1 1 1 3 3 1 1 1 0 0 0 0 0 1 0 0 0
 1 1 2 2 2 0 0 0 2 2 1 1 1 1 0 0 0 0 0 1 1 0 1 1 0 0 0 1 1 1 2 2 1 1 0 1 1 1 0 0 0 0 1 0 0 0
 1 1 2 2 2 0 0 0 2 2 1 1 1 1 0 0 0 0 0 1 1 0 1 1 0 0 0 1 1 1 2 2 1 1 0 1 1 1 0 0 0 0 1 0 0 0
 1 1 3 0 0 0 0 0 1 1 1 2 2 0 0 0 0 0 0 0 0 1 2 2 1 1 0 1 1 0 1 1 1 1 1 1 1 1 0 0 0 0 0 0 0 0
 0 0 0 0 0 0 0 0 1 1 0 0 0 0 0 0 0 0 0 0 0 0 1 1 1 1 1 0 0 0 0 0 0 0 1 1 1 1 1 1 1 1 0 0 0 0
 0 0 0 0 0 0 0 0 1 1 0 0 0 0 0 0 0 0 0 0 0 0 1 1 1 1 1 0 0 0 0 0 0 0 1 1 1 1 1 1 1 1 0 0 0 0
 0 0 0 0 0 0 0 0 0 0 0 0 0 0 0 0 0 0 0 0 0 1 0 0 0 0 1 0 0 1 1 1 1 1 1 2 2 1 1 1 1 1 1 1 1 1
 0 0 0 0 0 0 0 0 0 0 0 0 0 0 0 0 0 0 0 0 0 0 0 0 0 0 0 0 0 1 1 1 1 1 1 1 1 2 2 2 1 1 2 0 0 0
