assets/RAT_results/precipitation/2017-08-24_IMERG.asc
ncols        46
nrows        77
xllcorner    74.800261325624
yllcorner    8.058333333333
cellsize     0.062500000000
NODATA_value -9999
 13 13 17 23 23 26 23 23 26 26 19 23 23 18 36 36 21 21 16 9 9 10 6 6 2 2 1 2 2 2 5 5 5 5 8 4 4 9 22 22 25 25 27 25 25 26
 14 14 17 26 26 29 29 29 48 48 34 16 16 21 42 42 17 17 18 10 10 6 5 5 3 3 3 2 2 1 1 1 2 2 6 3 3 8 4 4 9 9 22 19 19 36
 14 14 17 26 26 29 29 29 48 48 34 16 16 21 42 42 17 17 18 10 10 6 5 5 3 3 3 2 2 1 1 1 2 2 6 3 3 8 4 4 9 9 22 19 19 36
 12 12 16 24 24 27 39 39 54 54 32 29 29 23 20 20 21 21 25 8 8 6 5 5 2 2 2 2 2 4 2 2 2 2 3 2 2 6 1 1 8 8 4 20 20 4
 8 8 20 27 27 44 40 40 41 41 38 31 31 21 19 19 73 73 34 17 17 6 12 12 4 4 3 5 5 3 4 4 4 4 3 2 2 1 1 1 1 1 6 23 23 3
 8 8 20 27 27 44 40 40 41 41 38 31 31 21 19 19 73 73 34 17 17 6 12 12 4 4 3 5 5 3 4 4 4 4 3 2 2 1 1 1 1 1 6 23 23 3
 19 19 13 63 63 42 86 86 34 34 35 20 20 24 19 19 29 29 41 18 18 14 7 7 4 4 3 4 4 21 3 3 2 2 2 3 3 2 2 2 2 2 5 3 3 4
 19 19 13 63 63 42 86 86 34 34 35 20 20 24 19 19 29 29 41 18 18 14 7 7 4 4 3 4 4 21 3 3 2 2 2 3 3 2 2 2 2 2 5 3 3 4
 8 8 14 21 21 81 90 90 95 95 26 22 22 18 10 10 13 13 18 14 14 13 4 4 3 3 14 2 2 1 2 2 1 1 4 8 8 3 6 6 2 2 8 4 4 4
 1 1 1 6 6 4 17 17 62 62 54 10 10 10 7 7 13 13 19 15 15 11 3 3 1 1 2 0 0 0 5 5 4 4 9 7 7 5 7 7 4 4 4 4 4 2
 1 1 1 6 6 4 17 17 62 62 54 10 10 10 7 7 13 13 19 15 15 11 3 3 1 1 2 0 0 0 5 5 4 4 9 7 7 5 7 7 4 4 4 4 4 2
 1 1 1 2 2 4 5 5 13 13 9 6 6 9 6 6 14 14 18 13 13 8 6 6 3 3 4 4 4 5 1 1 3 3 3 3 3 8 10 10 7 7 4 3 3 2
 0 0 1 2 2 5 4 4 3 3 7 4 4 6 9 9 10 10 18 12 12 9 4 4 4 4 4 0 0 4 2 2 2 2 4 5 5 10 10 10 5 5 3 2 2 2
 0 0 1 2 2 5 4 4 3 3 7 4 4 6 9 9 10 10 18 12 12 9 4 4 4 4 4 0 0 4 2 2 2 2 4 5 5 10 10 10 5 5 3 2 2 2
 0 0 2 1 1 2 2 2 3 3 4 3 3 3 5 5 6 6 10 8 8 6 1 1 1 1 4 4 4 2 1 1 2 2 3 5 5 6 4 4 3 3 2 2 2 3
 0 0 2 1 1 2 2 2 3 3 4 3 3 3 5 5 6 6 10 8 8 6 1 1 1 1 4 4 4 2 1 1 2 2 3 5 5 6 4 4 3 3 2 2 2 3
 1 1 1 1 1 2 2 2 3 3 11 8 8 10 6 6 7 7 7 5 5 4 1 1 1 1 2 3 3 2 2 2 1 1 2 2 2 2 2 2 4 4 2 2 2 2
 0 0 1 1 1 1 1 1 2 2 6 5 5 12 5 5 5 5 8 7 7 2 2 2 3 3 5 5 5 2 1 1 1 1 1 1 1 11 4 4 2 2 2 2 2 1
 0 0 1 1 1 1 1 1 2 2 6 5 5 12 5 5 5 5 8 7 7 2 2 2 3 3 5 5 5 2 1 1 1 1 1 1 1 11 4 4 2 2 2 2 2 1
 0 0 0 0 0 0 0 0 2 2 3 3 3 10 2 2 9 9 20 11 11 4 2 2 4 4 3 2 2 1 0 0 0 0 1 1 1 0 2 2 0 0 1 1 1 1
 0 0 0 2 2 0 0 0 1 1 1 3 3 3 4 4 7 7 13 10 10 5 6 6 4 4 3 0 0 0 1 1 0 0 0 0 0 0 0 0 0 0 0 0 0 0
 0 0 0 2 2 0 0 0 1 1 1 3 3 3 4 4 7 7 13 10 10 5 6 6 4 4 3 0 0 0 1 1 0 0 0 0 0 0 0 0 0 0 0 0 0 0
 1 1 0 0 0 0 0 0 0 0 1 1 1 2 3 3 2 2 5 6 6 4 7 7 7 7 3 3 3 0 0 0 0 0 1 0 0 0 0 0 0 0 0 0 0 0
 1 1 0 0 0 0 0 0 0 0 1 1 1 2 3 3 2 2 5 6 6 4 7 7 7 7 3 3 3 0 0 0 0 0 1 0 0 0 0 0 0 0 0 0 0 0
 1 1 0 0 0 0 0 0 0 0 0 1 1 2 2 2 3 3 3 3 3 2 3 3 4 4 1 0 0 1 0 0 0 0 0 2 2 0 0 0 0 0 0 0 0 0
 1 1 1 0 0 0 0 0 1 1 0 1 1 1 2 2 3 3 2 2 2 1 1 1 0 0 2 1 1 1 0 0 0 0 0 2 2 0 0 0 0 0 1 0 0 1
 1 1 1 0 0 0 0 0 1 1 0 1 1 1 2 2 3 3 2 2 2 1 1 1 0 0 2 1 1 1 0 0 0 0 0 2 2 0 0 0 0 0 1 0 0 1
 0 0 0 0 0 0 0 0 0 0 0 1 1 1 1 1 3 3 2 1 1 1 2 2 3 3 3 2 2 10 1 1 2 2 4 2 2 2 1 1 0 0 0 0 0 1
 0 0 1 0 0 0 0 0 0 0 0 0 0 1 1 1 3 3 3 1 1 1 4 4 4 4 10 10 10 9 2 2 1 1 3 2 2 0 0 0 0 0 0 0 0 0
 0 0 1 0 0 0 0 0 0 0 0 0 0 1 1 1 3 3 3 1 1 1 4 4 4 4 10 10 10 9 2 2 1 1 3 2 2 0 0 0 0 0 0 0 0 0
 0 0 1 0 0 0 0 0 0 0 0 0 0 0 0 0 3 3 2 1 1 0 4 4 4 4 9 7 7 21 1 1 1 1 1 0 0 0 0 0 0 0 0 0 0 0
 0 0 1 0 0 0 0 0 0 0 0 0 0 0 0 0 3 3 2 1 1 0 4 4 4 4 9 7 7 21 1 1 1 1 1 0 0 0 0 0 0 0 0 0 0 0
 0 0 0 0 0 0 0 0 0 0 0 0 0 0 0 0 2 2 2 1 1 1 1 1 3 3 6 6 6 21 2 2 2 2 1 2 2 0 1 1 0 0 0 0 0 0
 0 0 0 0 0 0 0 0 0 0 0 0 0 0 0 0 1 1 1 2 2 1 1 1 1 1 0 0 0 1 1 1 0 0 0 0 0 1 1 1 1 1 1 0 0 1
 0 0 0 0 0 0 0 0 0 0 0 0 0 0 0 0 1 1 1 2 2 1 1 1 1 1 0 0 0 1 1 1 0 0 0 0 0 1 1 1 1 1 1 0 0 1
 0 0 0 0 0 0 0 0 1 1 0 0 0 0 0 0 1 1 1 2 2 2 1 1 1 1 1 1 1 1 1 1 1 1 0 0 0 0 1 1 1 1 1 1 1 2
 0 0 1 0 0 0 0 0 0 0 0 0 0 0 0 0 0 0 1 1 1 2 2 2 1 1 0 1 1 1 1 1 1 1 1 1 1 1 1 1 1 1 2 2 2 3
 0 0 1 0 0 0 0 0 0 0 0 0 0 0 0 0 0 0 1 1 1 2 2 2 1 1 0 1 1 1 1 1 1 1 1 1 1 1 1 1 1 1 2 2 2 3
 1 1 1 1 1 0 0 0 0 0 0 0 0 0 0 0 0 0 1 1 1 2 2 2 0 0 0 1 1 1 1 1 1 1 1 1 1 1 2 2 2 2 2 2 2 3
 1 1 1 1 1 0 0 0 0 0 0 0 0 0 0 0 0 0 1 1 1 2 2 2 0 0 0 1 1 1 1 1 1 1 1 1 1 1 2 2 2 2 2 2 2 3
 2 2 1 1 1 0 0 0 0 0 0 0 0 0 0 0 0 0 0 1 1 1 2 2 0 0 0 1 1 1 1 1 1 1 1 2 2 4 2 2 2 2 3 2 2 2
 2 2 0 0 0 0 0 0 0 0 0 0 0 1 0 0 0 0 0 0 0 1 2 2 0 0 0 0 0 0 1 1 1 1 2 4 4 3 1 1 2 2 5 3 3 2
 2 2 0 0 0 0 0 0 0 0 0 0 0 1 0 0 0 0 0 0 0 1 2 2 0 0 0 0 0 0 1 1 1 1 2 4 4 3 1 1 2 2 5 3 3 2
 2 2 1 0 0 0 0 0 0 0 0 0 0 0 0 0 0 0 0 1 1 0 1 1 1 1 1 1 1 0 0 0 1 1 2 7 7 6 5 5 2 2 5 2 2 1
 2 2 1 0 0 0 0 0 0 0 0 0 0 0 0 0 0 0 0 0 0 0 1 1 2 2 3 3 3 1 0 0 1 1 3 6 6 4 1 1 3 3 0 2 2 1
 2 2 1 0 0 0 0 0 0 0 0 0 0 0 0 0 0 0 0 0 0 0 1 1 2 2 3 3 3 1 0 0 1 1 3 6 6 4 1 1 3 3 0 2 2 1
 1 1 1 1 1 0 1 1 0 0 0 1 1 0 0 0 0 0 0 1 1 0 1 1 2 2 4 1 1 0 0 0 1 1 1 1 1 3 1 1 0 0 0 0 0 2
 1 1 1 1 1 0 1 1 0 0 0 1 1 0 0 0 0 0 0 1 1 0 1 1 2 2 4 1 1 0 0 0 1 1 1 1 1 3 1 1 0 0 0 0 0 2
 0 0 1 0 0 0 0 0 0 0 0 0 0 0 0 0 0 0 0 1 1 1 1 1 2 2 2 1 1 0 0 0 0 0 0 0 0 0 0 0 0 0 0 0 0 1
 1 1 0 0 0 0 0 0 0 0 0 0 0 0 0 0 1 1 1 1 1 1 0 0 2 2 2 2 2 1 1 1 4 4 4 0 0 0 0 0 0 0 0 1 1 2
 1 1 0 0 0 0 0 0 0 0 0 0 0 0 0 0 1 1 1 1 1 1 0 0 2 2 2 2 2 1 1 1 4 4 4 0 0 0 0 0 0 0 0 1 1 2
 1 1 0 1 1 0 0 0 0 0 0 0 0 0 1 1 1 1 1 1 1 1 0 0 1 1 4 2 2 2 2 2 1 1 1 5 5 0 0 0 0 0 0 1 1 1
 1 1 3 4 4 1 0 0 0 0 0 0 0 0 0 0 1 1 1 1 1 1 1 1 3 3 4 3 3 2 2 2 2 2 5 4 4 3 1 1 1 1 1 1 1 2
 1 1 3 4 4 1 0 0 0 0 0 0 0 0 0 0 1 1 1 1 1 1 1 1 3 3 4 3 3 2 2 2 2 2 5 4 4 3 1 1 1 1 1 1 1 2
 2 2 4 11 11 2 0 0 0 0 0 0 0 0 0 0 1 1 1 1 1 1 1 1 3 3 5 3 3 9 3 3 2 2 3 3 3 3 2 2 1 1 1 1 1 0
 2 2 4 11 11 2 0 0 0 0 0 0 0 0 0 0 1 1 1 1 1 1 1 1 3 3 5 3 3 9 3 3 2 2 3 3 3 3 2 2 1 1 1 1 1 0
 1 1 2 6 6 2 0 0 0 0 0 0 0 0 0 0 1 1 1 1 1 1 1 1 5 5 3 3 3 3 3 3 3 3 3 2 2 2 1 1 1 1 1 0 0 2
 1 1 1 5 5 4 2 2 0 0 1 0 0 0 0 0 0 0 1 1 1 2 1 1 1 1 2 2 2 2 3 3 3 3 3 1 1 1 1 1 1 1 0 0 0 1
 1 1 1 5 5 4 2 2 0 0 1 0 0 0 0 0 0 0 1 1 1 2 1 1 1 1 2 2 2 2 3 3 3 3 3 1 1 1 1 1 1 1 0 0 0 1
 1 1 2 5 5 4 3 3 0 0 1 0 0 0 0 0 0 0 0 1 1 1 1 1 1 1 1 1 1 1 1 1 1 1 1 1 1 0 0 0 0 0 0 0 0 0
 1 1 2 2 2 1 3 3 2 2 0 0 0 0 0 0 0 0 0 0 0 0 1 1 1 1 0 1 1 1 1 1 1 1 1 0 0 0 0 0 0 0 0 0 0 0
 1 1 2 2 2 1 3 3 2 2 0 0 0 0 0 0 0 0 0 0 0 0 1 1 1 1 0 1 1 1 1 1 1 1 1 0 0 0 0 0 0 0 0 0 0 0
 0 0 0 1 1 1 2 2 2 2 1 1 1 0 0 0 1 1 0 0 0 0 0 0 0 0 0 1 1 1 1 1 0 0 0 0 0 0 0 0 0 0 1 1 1 1
 0 0 0 1 1 1 2 2 2 2 1 1 1 0 0 0 1 1 0 0 0 0 0 0 0 0 0 1 1 1 1 1 0 0 0 0 0 0 0 0 0 0 1 1 1 1
 0 0 0 0 0 0 0 0 1 1 2 1 1 0 0 0 0 0 0 0 0 0 0 0 0 0 0 0 0 1 1 1 0 0 0 0 0 0 0 0 1 1 0 0 0 0
 0 0 0 0 0 0 0 0 0 0 1 1 1 0 0 0 0 0 0 0 0 0 0 0 0 0 0 0 0 1 0 0 0 0 0 1 1 1 1 1 1 1 0 0 0 0
 0 0 0 0 0 0 0 0 0 0 1 1 1 0 0 0 0 0 0 0 0 0 0 0 0 0 0 0 0 1 0 0 0 0 0 1 1 1 1 1 1 1 0 0 0 0
 0 0 0 0 0 0 0 0 0 0 1 1 1 0 0 0 0 0 0 0 0 0 0 0 0 0 0 0 0 0 1 1 1 1 1 0 0 1 1 1 1 1 0 0 0 0
 0 0 0 0 0 0 0 0 0 0 0 0 0 0 0 0 0 0 0 0 0 0 0 0 0 0 0 0 0 1 1 1 1 1 0 0 0 1 0 0 1 1 1 0 0 0
 0 0 0 0 0 0 0 0 0 0 0 0 0 0 0 0 0 0 0 0 0 0 0 0 0 0 0 0 0 1 1 1 1 1 0 0 0 1 0 0 1 1 1 0 0 0
 0 0 0 0 0 0 0 0 0 0 1 1 1 0 1 1 0 0 0 0 0 0 0 0 0 0 1 0 0 2 1 1 0 0 2 1 1 1 1 1 1 1 1 2 2 0
 0 0 0 0 0 0 0 0 0 0 1 1 1 0 1 1 0 0 0 0 0 0 0 0 0 0 1 0 0 2 1 1 0 0 2 1 1 1 1 1 1 1 1 2 2 0
 0 0 0 0 0 0 0 0 0 0 0 0 0 0 1 1 1 1 0 0 0 0 0 0 0 0 0 0 0 0 0 0 1 1 1 1 1 1 0 0 0 0 0 0 0 0
 0 0 0 0 0 0 0 0 0 0 0 1 1 1 0 0 0 0 0 1 1 1 0 0 1 1 1 1 1 0 0 0 1 1 2 0 0 0 1 1 0 0 0 0 0 0
 0 0 0 0 0 0 0 0 0 0 0 1 1 1 0 0 0 0 0 1 1 1 0 0 1 1 1 1 1 0 0 0 1 1 2 0 0 0 1 1 0 0 0 0 0 0
 0 0 0 1 1 1 1 1 1 1 0 0 0 0 0 0 0 0 0 0 0 0 0 0 0 0 0 0 0 0 0 0 0 0 1 1 1 1 1 1 0 0 1 0 0 0
 0 0 0 0 0 0 0 0 0 0 0 0 0 0 0 0 0 0 0 0 0 0 0 0 0 0 0 0 0 0 0 0 0 0 0 0 0 2 0 0 0 0 1 0 0 0
