assets/RAT_results/precipitation/2017-06-16_IMERG.asc
ncols        46
nrows        77
xllcorner    74.800261325624
yllcorner    8.058333333333
cellsize     0.062500000000
NODATA_value -9999
 11 11 20 26 26 43 21 21 10 10 5 2 2 3 4 4 6 6 8 5 5 3 3 3 3 3 4 3 3 4 4 4 3 3 3 3 3 4 3 3 13 13 13 12 12 6
 23 23 46 40 40 39 22 22 13 13 5 11 11 6 5 5 5 5 6 5 5 5 6 6 5 5 5 6 6 4 4 4 4 4 3 3 3 4 3 3 13 13 33 3 3 2
 23 23 46 40 40 39 22 22 13 13 5 11 11 6 5 5 5 5 6 5 5 5 6 6 5 5 5 6 6 4 4 4 4 4 3 3 3 4 3 3 13 13 33 3 3 2
 24 24 22 22 22 19 10 10 9 9 9 8 8 4 5 5 11 11 7 7 7 5 5 5 5 5 5 4 4 4 4 4 3 3 3 3 3 3 26 26 33 33 33 3 3 1
 23 23 24 14 14 17 15 15 20 20 17 12 12 8 6 6 6 6 6 5 5 4 4 4 4 4 4 3 3 3 3 3 3 3 3 2 2 2 1 1 1 1 2 1 1 1
 23 23 24 14 14 17 15 15 20 20 17 12 12 8 6 6 6 6 6 5 5 4 4 4 4 4 4 3 3 3 3 3 3 3 3 2 2 2 1 1 1 1 2 1 1 1
 14 14 22 21 21 15 16 16 16 16 13 7 7 5 6 6 3 3 5 4 4 2 2 2 2 2 2 2 2 2 2 2 4 4 2 1 1 1 1 1 1 1 2 2 2 2
 14 14 22 21 21 15 16 16 16 16 13 7 7 5 6 6 3 3 5 4 4 2 2 2 2 2 2 2 2 2 2 2 4 4 2 1 1 1 1 1 1 1 2 2 2 2
 15 15 28 33 33 18 15 15 15 15 10 5 5 4 4 4 2 2 3 3 3 9 5 5 4 4 1 1 1 2 7 7 6 6 1 1 1 1 1 1 1 1 2 2 2 2
 12 12 30 25 25 22 15 15 12 12 11 9 9 13 19 19 8 8 7 3 3 2 4 4 3 3 4 9 9 2 2 2 0 0 3 0 0 1 1 1 2 2 2 2 2 0
 12 12 30 25 25 22 15 15 12 12 11 9 9 13 19 19 8 8 7 3 3 2 4 4 3 3 4 9 9 2 2 2 0 0 3 0 0 1 1 1 2 2 2 2 2 0
 9 9 28 25 25 33 26 26 17 17 11 17 17 12 16 16 19 19 4 4 4 5 7 7 7 7 5 1 1 0 0 0 0 0 0 0 0 1 1 1 2 2 2 2 2 1
 11 11 22 35 35 33 25 25 14 14 11 9 9 19 13 13 12 12 4 5 5 6 7 7 7 7 6 3 3 4 1 1 1 1 0 1 1 1 1 1 1 1 0 1 1 0
 11 11 22 35 35 33 25 25 14 14 11 9 9 19 13 13 12 12 4 5 5 6 7 7 7 7 6 3 3 4 1 1 1 1 0 1 1 1 1 1 1 1 0 1 1 0
 7 7 6 17 17 29 22 22 13 13 18 15 15 38 36 36 8 8 4 4 4 4 3 3 5 5 6 7 7 3 2 2 1 1 1 2 2 1 1 1 1 1 1 1 1 1
 7 7 6 17 17 29 22 22 13 13 18 15 15 38 36 36 8 8 4 4 4 4 3 3 5 5 6 7 7 3 2 2 1 1 1 2 2 1 1 1 1 1 1 1 1 1
 4 4 4 7 7 9 24 24 18 18 24 22 22 43 46 46 17 17 8 0 0 0 5 5 2 2 3 3 3 2 0 0 1 1 1 1 1 1 1 1 1 1 1 1 1 1
 10 10 8 14 14 8 21 21 20 20 31 18 18 15 3 3 26 26 7 5 5 1 3 3 3 3 0 0 0 0 0 0 0 0 0 1 1 1 2 2 2 2 2 2 2 2
 10 10 8 14 14 8 21 21 20 20 31 18 18 15 3 3 26 26 7 5 5 1 3 3 3 3 0 0 0 0 0 0 0 0 0 1 1 1 2 2 2 2 2 2 2 2
 4 4 7 6 6 5 22 22 22 22 42 17 17 14 11 11 2 2 0 3 3 3 1 1 1 1 1 2 2 1 1 1 0 0 0 1 1 1 1 1 2 2 2 2 2 2
 4 4 4 3 3 3 7 7 7 7 8 7 7 4 3 3 13 13 10 6 6 3 3 3 1 1 1 0 0 1 1 1 1 1 1 1 1 2 2 2 3 3 3 3 3 3
 4 4 4 3 3 3 7 7 7 7 8 7 7 4 3 3 13 13 10 6 6 3 3 3 1 1 1 0 0 1 1 1 1 1 1 1 1 2 2 2 3 3 3 3 3 3
 4 4 3 3 3 2 3 3 3 3 4 2 2 5 4 4 9 9 20 17 17 9 0 0 3 3 0 0 0 1 1 1 1 1 3 2 2 3 3 3 3 3 3 3 3 2
 4 4 3 3 3 2 3 3 3 3 4 2 2 5 4 4 9 9 20 17 17 9 0 0 3 3 0 0 0 1 1 1 1 1 3 2 2 3 3 3 3 3 3 3 3 2
 1 1 1 1 1 2 2 2 2 2 1 2 2 3 4 4 6 6 1 17 17 18 4 4 1 1 1 1 1 2 2 2 3 3 3 4 4 4 4 4 3 3 2 1 1 2
 5 5 16 5 5 4 4 4 6 6 3 3 3 3 5 5 5 5 3 9 9 9 5 5 1 1 2 2 2 5 3 3 7 7 6 5 5 5 5 5 3 3 1 1 1 4
 5 5 16 5 5 4 4 4 6 6 3 3 3 3 5 5 5 5 3 9 9 9 5 5 1 1 2 2 2 5 3 3 7 7 6 5 5 5 5 5 3 3 1 1 1 4
 1 1 1 6 6 9 8 8 5 5 3 1 1 14 6 6 14 14 6 2 2 2 2 2 3 3 4 6 6 4 4 4 7 7 4 3 3 2 3 3 2 2 1 1 1 4
 1 1 1 2 2 4 7 7 11 11 2 2 2 12 5 5 10 10 11 3 3 3 4 4 5 5 8 7 7 5 4 4 6 6 3 1 1 1 1 1 1 1 1 1 1 1
 1 1 1 2 2 4 7 7 11 11 2 2 2 12 5 5 10 10 11 3 3 3 4 4 5 5 8 7 7 5 4 4 6 6 3 1 1 1 1 1 1 1 1 1 1 1
 1 1 1 1 1 2 4 4 3 3 2 2 2 2 5 5 4 4 6 6 6 7 22 22 8 8 6 5 5 4 3 3 5 5 2 1 1 1 1 1 1 1 2 2 2 2
 1 1 1 1 1 2 4 4 3 3 2 2 2 2 5 5 4 4 6 6 6 7 22 22 8 8 6 5 5 4 3 3 5 5 2 1 1 1 1 1 1 1 2 2 2 2
 1 1 2 2 2 2 6 6 3 3 4 3 3 4 6 6 9 9 9 15 15 12 10 10 7 7 6 5 5 4 4 4 7 7 4 2 2 1 1 1 2 2 3 3 3 3
 2 2 3 3 3 4 5 5 5 5 4 4 4 3 4 4 10 10 9 15 15 14 9 9 5 5 4 5 5 5 3 3 3 3 3 3 3 4 4 4 5 5 4 5 5 2
 2 2 3 3 3 4 5 5 5 5 4 4 4 3 4 4 10 10 9 15 15 14 9 9 5 5 4 5 5 5 3 3 3 3 3 3 3 4 4 4 5 5 4 5 5 2
 8 8 4 5 5 4 4 4 4 4 9 7 7 5 8 8 14 14 13 9 9 7 7 7 4 4 6 10 10 4 3 3 3 3 4 3 3 4 4 4 4 4 5 6 6 4
 5 5 6 4 4 6 6 6 7 7 8 8 8 7 9 9 12 12 12 7 7 13 35 35 7 7 19 8 8 8 4 4 5 5 5 4 4 4 5 5 5 5 9 6 6 5
 5 5 6 4 4 6 6 6 7 7 8 8 8 7 9 9 12 12 12 7 7 13 35 35 7 7 19 8 8 8 4 4 5 5 5 4 4 4 5 5 5 5 9 6 6 5
 6 6 6 4 4 6 8 8 9 9 10 11 11 17 13 13 11 11 8 10 10 18 21 21 17 17 20 8 8 6 4 4 5 5 5 5 5 5 5 5 7 7 9 5 5 4
 6 6 6 4 4 6 8 8 9 9 10 11 11 17 13 13 11 11 8 10 10 18 21 21 17 17 20 8 8 6 4 4 5 5 5 5 5 5 5 5 7 7 9 5 5 4
 8 8 7 5 5 6 14 14 13 13 14 13 13 30 18 18 5 5 5 9 9 23 28 28 15 15 9 19 19 10 10 10 4 4 4 6 6 6 9 9 8 8 7 6 6 7
 10 10 11 5 5 6 20 20 11 11 10 16 16 24 13 13 5 5 3 10 10 11 10 10 11 11 6 4 4 10 11 11 6 6 6 6 6 7 14 14 15 15 14 19 19 10
 10 10 11 5 5 6 20 20 11 11 10 16 16 24 13 13 5 5 3 10 10 11 10 10 11 11 6 4 4 10 11 11 6 6 6 6 6 7 14 14 15 15 14 19 19 10
 13 13 12 10 10 5 13 13 7 7 12 17 17 18 10 10 5 5 2 3 3 5 6 6 6 6 20 38 38 5 12 12 11 11 13 12 12 14 13 13 13 13 12 12 12 8
 10 10 8 3 3 4 7 7 9 9 10 10 10 6 4 4 4 4 7 6 6 17 10 10 12 12 11 11 11 19 16 16 13 13 14 11 11 11 10 10 11 11 9 9 9 6
 10 10 8 3 3 4 7 7 9 9 10 10 10 6 4 4 4 4 7 6 6 17 10 10 12 12 11 11 11 19 16 16 13 13 14 11 11 11 10 10 11 11 9 9 9 6
 5 5 4 3 3 4 8 8 8 8 8 7 7 5 4 4 3 3 5 3 3 15 6 6 10 10 10 9 9 9 11 11 11 11 10 8 8 8 8 8 8 8 7 8 8 8
 5 5 4 3 3 4 8 8 8 8 8 7 7 5 4 4 3 3 5 3 3 15 6 6 10 10 10 9 9 9 11 11 11 11 10 8 8 8 8 8 8 8 7 8 8 8
 7 7 6 5 5 6 11 11 13 13 8 7 7 6 5 5 8 8 12 5 5 6 6 6 8 8 8 6 6 7 8 8 8 8 7 5 5 5 6 6 6 6 5 5 5 6
 7 7 4 4 4 5 7 7 8 8 7 5 5 5 13 13 21 21 26 11 11 4 4 4 6 6 6 5 5 5 5 5 4 4 4 3 3 2 4 4 7 7 6 6 6 7
 7 7 4 4 4 5 7 7 8 8 7 5 5 5 13 13 21 21 26 11 11 4 4 4 6 6 6 5 5 5 5 5 4 4 4 3 3 2 4 4 7 7 6 6 6 7
 6 6 4 4 4 4 12 12 10 10 7 4 4 4 6 6 17 17 16 11 11 3 3 3 4 4 5 3 3 4 4 4 3 3 3 2 2 3 4 4 6 6 6 6 6 6
 3 3 2 3 3 3 10 10 5 5 2 2 2 4 7 7 12 12 9 3 3 2 1 1 2 2 3 3 3 3 3 3 7 7 2 2 2 3 3 3 4 4 4 4 4 3
 3 3 2 3 3 3 10 10 5 5 2 2 2 4 7 7 12 12 9 3 3 2 1 1 2 2 3 3 3 3 3 3 7 7 2 2 2 3 3 3 4 4 4 4 4 3
 1 1 1 2 2 3 5 5 3 3 1 1 1 1 2 2 8 8 5 1 1 1 1 1 1 1 2 1 1 1 2 2 2 2 2 2 2 2 2 2 2 2 2 1 1 1
 1 1 1 2 2 3 5 5 3 3 1 1 1 1 2 2 8 8 5 1 1 1 1 1 1 1 2 1 1 1 2 2 2 2 2 2 2 2 2 2 2 2 2 1 1 1
 2 2 2 2 2 3 2 2 1 1 1 1 1 1 0 0 1 1 2 3 3 2 1 1 1 1 2 2 2 1 1 1 1 1 1 1 1 1 1 1 1 1 1 0 0 0
 7 7 3 1 1 1 1 1 1 1 0 1 1 1 0 0 1 1 1 0 0 2 1 1 1 1 4 2 2 1 1 1 0 0 14 1 1 1 0 0 0 0 1 1 1 1
 7 7 3 1 1 1 1 1 1 1 0 1 1 1 0 0 1 1 1 0 0 2 1 1 1 1 4 2 2 1 1 1 0 0 14 1 1 1 0 0 0 0 1 1 1 1
 4 4 2 1 1 0 3 3 2 2 0 0 0 0 0 0 0 0 0 0 0 0 0 0 0 0 2 3 3 1 2 2 1 1 5 1 1 0 0 0 0 0 1 1 1 1
 1 1 1 1 1 0 0 0 0 0 0 0 0 0 0 0 0 0 0 0 0 0 0 0 0 0 1 2 2 3 1 1 2 2 1 2 2 0 0 0 0 0 0 0 0 0
 1 1 1 1 1 0 0 0 0 0 0 0 0 0 0 0 0 0 0 0 0 0 0 0 0 0 1 2 2 3 1 1 2 2 1 2 2 0 0 0 0 0 0 0 0 0
 1 1 2 1 1 1 0 0 0 0 0 0 0 0 0 0 0 0 0 2 2 0 0 0 0 0 0 0 0 2 2 2 0 0 0 0 0 0 0 0 0 0 0 0 0 0
 1 1 2 1 1 1 0 0 0 0 0 0 0 0 0 0 0 0 0 2 2 0 0 0 0 0 0 0 0 2 2 2 0 0 0 0 0 0 0 0 0 0 0 0 0 0
 0 0 0 1 1 1 1 1 0 0 0 0 0 0 0 0 0 0 0 3 3 0 0 0 0 0 0 0 0 1 1 1 1 1 0 0 0 1 1 1 0 0 0 0 0 0
 0 0 1 1 1 1 2 2 1 1 0 0 0 0 0 0 0 0 0 0 0 0 0 0 0 0 0 0 0 1 1 1 1 1 1 0 0 0 0 0 0 0 0 0 0 0
 0 0 1 1 1 1 2 2 1 1 0 0 0 0 0 0 0 0 0 0 0 0 0 0 0 0 0 0 0 1 1 1 1 1 1 0 0 0 0 0 0 0 0 0 0 0
 1 1 1 0 0 0 1 1 0 0 0 0 0 0 0 0 0 0 0 0 0 0 0 0 0 0 0 0 0 0 0 0 1 1 1 0 0 0 0 0 0 0 0 0 0 0
 0 0 0 0 0 0 0 0 0 0 0 0 0 0 0 0 0 0 0 0 0 0 0 0 1 1 0 0 0 0 0 0 0 0 0 0 0 0 0 0 0 0 0 0 0 0
 0 0 0 0 0 0 0 0 0 0 0 0 0 0 0 0 0 0 0 0 0 0 0 0 1 1 0 0 0 0 0 0 0 0 0 0 0 0 0 0 0 0 0 0 0 0
 0 0 0 1 1 1 1 1 0 0 0 0 0 1 0 0 0 0 0 0 0 0 0 0 2 2 0 0 0 0 0 0 0 0 0 1 1 1 0 0 0 0 0 0 0 0
 0 0 0 1 1 1 1 1 0 0 0 0 0 1 0 0 0 0 0 0 0 0 0 0 2 2 0 0 0 0 0 0 0 0 0 1 1 1 0 0 0 0 0 0 0 0
 1 1 1 1 1 1 1 1 0 0 0 0 0 0 0 0 0 0 0 0 0 0 0 0 0 0 0 0 0 0 0 0 0 0 0 0 0 0 0 0 0 0 0 0 0 0
 1 1 2 2 2 2 1 1 0 0 0 0 0 0 0 0 0 0 0 0 0 0 0 0 0 0 0 0 0 0 0 0 0 0 0 0 0 0 0 0 0 0 0 0 0 0
 1 1 2 2 2 2 1 1 0 0 0 0 0 0 0 0 0 0 0 0 0 0 0 0 0 0 0 0 0 0 0 0 0 0 0 0 0 0 0 0 0 0 0 0 0 0
 1 1 1 1 1 1 1 1 0 0 1 0 0 1 1 1 1 1 1 1 1 0 1 1 1 1 0 0 0 0 0 0 0 0 0 0 0 0 0 0 0 0 1 0 0 0
 2 2 1 1 1 1 1 1 0 0 0 1 1 1 0 0 0 0 0 0 0 0 0 0 1 1 0 0 0 1 1 1 0 0 0 0 0 0 0 0 0 0 0 0 0 0
