assets/RAT_results/precipitation/2017-09-18_IMERG.asc
ncols        46
nrows        77
xllcorner    74.800261325624
yllcorner    8.058333333333
cellsize     0.062500000000
NODATA_value -9999
 3 3 5 6 6 16 23 23 17 17 13 16 16 3 2 2 10 10 7 6 6 5 3 3 2 2 2 2 2 2 1 1 1 1 2 1 1 1 0 0 0 0 0 1 1 1
 4 4 13 20 20 17 12 12 11 11 5 9 9 13 2 2 2 2 4 5 5 3 9 9 4 4 4 4 4 4 3 3 2 2 1 1 1 1 0 0 0 0 0 1 1 1
 4 4 13 20 20 17 12 12 11 11 5 9 9 13 2 2 2 2 4 5 5 3 9 9 4 4 4 4 4 4 3 3 2 2 1 1 1 1 0 0 0 0 0 1 1 1
 12 12 20 18 18 10 28 28 7 7 3 8 8 21 4 4 3 3 5 4 4 4 4 4 4 4 4 4 4 3 3 3 2 2 2 1 1 1 1 1 0 0 0 0 0 0
 4 4 18 22 22 14 25 25 15 15 4 5 5 6 11 11 3 3 2 3 3 2 3 3 3 3 3 3 3 3 2 2 2 2 1 1 1 1 0 0 0 0 0 0 0 0
 4 4 18 22 22 14 25 25 15 15 4 5 5 6 11 11 3 3 2 3 3 2 3 3 3 3 3 3 3 3 2 2 2 2 1 1 1 1 0 0 0 0 0 0 0 0
 4 4 7 9 9 28 14 14 9 9 10 7 7 9 8 8 3 3 4 2 2 2 2 2 1 1 1 2 2 0 0 0 1 1 2 0 0 0 0 0 0 0 0 2 2 0
 4 4 7 9 9 28 14 14 9 9 10 7 7 9 8 8 3 3 4 2 2 2 2 2 1 1 1 2 2 0 0 0 1 1 2 0 0 0 0 0 0 0 0 2 2 0
 3 3 8 11 11 24 37 37 18 18 21 13 13 8 13 13 5 5 3 2 2 2 6 6 1 1 0 0 0 0 0 0 1 1 2 0 0 0 0 0 0 0 0 0 0 0
 10 10 10 19 19 32 32 32 28 28 29 19 19 12 14 14 9 9 8 3 3 8 3 3 2 2 0 0 0 0 0 0 0 0 0 0 0 0 0 0 0 0 0 0 0 0
 10 10 10 19 19 32 32 32 28 28 29 19 19 12 14 14 9 9 8 3 3 8 3 3 2 2 0 0 0 0 0 0 0 0 0 0 0 0 0 0 0 0 0 0 0 0
 9 9 15 24 24 32 26 26 26 26 30 30 30 22 28 28 28 28 14 6 6 4 6 6 4 4 4 1 1 1 0 0 0 0 0 5 5 0 0 0 0 0 1 0 0 0
 12 12 16 18 18 32 29 29 29 29 41 25 25 27 26 26 27 27 20 15 15 8 9 9 8 8 12 3 3 2 1 1 1 1 1 1 1 0 1 1 2 2 1 0 0 0
 12 12 16 18 18 32 29 29 29 29 41 25 25 27 26 26 27 27 20 15 15 8 9 9 8 8 12 3 3 2 1 1 1 1 1 1 1 0 1 1 2 2 1 0 0 0
 12 12 12 16 16 25 39 39 29 29 25 17 17 27 26 26 26 26 18 19 19 12 7 7 7 7 6 3 3 3 2 2 2 2 1 1 1 1 1 1 3 3 1 0 0 0
 12 12 12 16 16 25 39 39 29 29 25 17 17 27 26 26 26 26 18 19 19 12 7 7 7 7 6 3 3 3 2 2 2 2 1 1 1 1 1 1 3 3 1 0 0 0
 9 9 6 6 6 12 18 18 19 19 21 12 12 10 14 14 23 23 15 10 10 5 7 7 6 6 5 4 4 3 2 2 2 2 1 1 1 1 2 2 3 3 1 1 1 1
 5 5 7 6 6 10 10 10 14 14 15 15 15 18 16 16 19 19 15 10 10 5 3 3 3 3 2 1 1 2 2 2 2 2 1 1 1 2 2 2 3 3 2 0 0 1
 5 5 7 6 6 10 10 10 14 14 15 15 15 18 16 16 19 19 15 10 10 5 3 3 3 3 2 1 1 2 2 2 2 2 1 1 1 2 2 2 3 3 2 0 0 1
 4 4 4 3 3 4 4 4 3 3 8 10 10 9 8 8 7 7 6 6 6 4 3 3 5 5 2 2 2 1 2 2 1 1 0 0 0 1 1 1 1 1 0 1 1 1
 6 6 6 4 4 4 4 4 3 3 3 8 8 7 6 6 8 8 4 7 7 7 7 7 13 13 7 2 2 2 1 1 1 1 1 1 1 1 1 1 0 0 1 1 1 1
 6 6 6 4 4 4 4 4 3 3 3 8 8 7 6 6 8 8 4 7 7 7 7 7 13 13 7 2 2 2 1 1 1 1 1 1 1 1 1 1 0 0 1 1 1 1
 9 9 4 2 2 5 3 3 4 4 5 5 5 10 6 6 9 9 4 6 6 8 13 13 9 9 6 5 5 3 3 3 2 2 2 2 2 1 0 0 0 0 0 0 0 0
 9 9 4 2 2 5 3 3 4 4 5 5 5 10 6 6 9 9 4 6 6 8 13 13 9 9 6 5 5 3 3 3 2 2 2 2 2 1 0 0 0 0 0 0 0 0
 3 3 2 2 2 5 3 3 4 4 9 11 11 14 14 14 9 9 6 7 7 23 13 13 11 11 11 7 7 10 2 2 2 2 1 0 0 1 0 0 0 0 0 0 0 0
 2 2 1 3 3 6 4 4 5 5 16 15 15 24 26 26 7 7 10 8 8 6 30 30 16 16 10 12 12 6 3 3 0 0 0 0 0 0 0 0 0 0 1 0 0 0
 2 2 1 3 3 6 4 4 5 5 16 15 15 24 26 26 7 7 10 8 8 6 30 30 16 16 10 12 12 6 3 3 0 0 0 0 0 0 0 0 0 0 1 0 0 0
 1 1 1 3 3 4 2 2 3 3 5 13 13 17 22 22 10 10 11 34 34 12 21 21 6 6 9 7 7 7 3 3 0 0 0 0 0 0 0 0 0 0 0 0 0 0
 0 0 1 1 1 0 1 1 1 1 1 14 14 9 6 6 6 6 6 18 18 8 9 9 13 13 6 4 4 6 4 4 1 1 3 1 1 1 1 1 0 0 0 1 1 1
 0 0 1 1 1 0 1 1 1 1 1 14 14 9 6 6 6 6 6 18 18 8 9 9 13 13 6 4 4 6 4 4 1 1 3 1 1 1 1 1 0 0 0 1 1 1
 0 0 0 1 1 0 0 0 0 0 1 2 2 2 1 1 13 13 2 8 8 5 2 2 4 4 7 10 10 10 9 9 5 5 4 2 2 4 0 0 0 0 0 1 1 0
 0 0 0 1 1 0 0 0 0 0 1 2 2 2 1 1 13 13 2 8 8 5 2 2 4 4 7 10 10 10 9 9 5 5 4 2 2 4 0 0 0 0 0 1 1 0
 0 0 0 0 0 1 1 1 1 1 4 1 1 1 0 0 4 4 2 1 1 3 4 4 2 2 5 6 6 10 9 9 6 6 4 4 4 1 0 0 1 1 2 4 4 0
 0 0 0 0 0 0 0 0 0 0 2 2 2 1 0 0 1 1 2 7 7 3 2 2 2 2 2 4 4 3 5 5 3 3 3 1 1 0 0 0 0 0 0 0 0 0
 0 0 0 0 0 0 0 0 0 0 2 2 2 1 0 0 1 1 2 7 7 3 2 2 2 2 2 4 4 3 5 5 3 3 3 1 1 0 0 0 0 0 0 0 0 0
 0 0 0 0 0 0 0 0 0 0 0 0 0 0 1 1 2 2 1 9 9 4 2 2 1 1 3 2 2 5 1 1 1 1 0 0 0 1 1 1 1 1 1 0 0 0
 0 0 0 0 0 0 0 0 0 0 0 0 0 0 0 0 0 0 0 1 1 2 1 1 1 1 3 4 4 3 1 1 1 1 1 1 1 1 1 1 0 0 0 0 0 0
 0 0 0 0 0 0 0 0 0 0 0 0 0 0 0 0 0 0 0 1 1 2 1 1 1 1 3 4 4 3 1 1 1 1 1 1 1 1 1 1 0 0 0 0 0 0
 1 1 0 0 0 0 0 0 0 0 0 1 1 1 0 0 0 0 0 1 1 4 1 1 0 0 1 0 0 1 0 0 0 0 0 0 0 0 1 1 0 0 0 0 0 0
 1 1 0 0 0 0 0 0 0 0 0 1 1 1 0 0 0 0 0 1 1 4 1 1 0 0 1 0 0 1 0 0 0 0 0 0 0 0 1 1 0 0 0 0 0 0
 0 0 0 0 0 0 0 0 0 0 0 0 0 0 0 0 0 0 0 1 1 1 3 3 5 5 1 1 1 2 1 1 1 1 0 3 3 5 2 2 0 0 0 0 0 1
 0 0 0 0 0 0 0 0 0 0 0 0 0 0 0 0 1 1 1 0 0 3 4 4 0 0 1 0 0 1 1 1 1 1 1 2 2 4 5 5 0 0 3 4 4 2
 0 0 0 0 0 0 0 0 0 0 0 0 0 0 0 0 1 1 1 0 0 3 4 4 0 0 1 0 0 1 1 1 1 1 1 2 2 4 5 5 0 0 3 4 4 2
 1 1 0 0 0 0 0 0 0 0 0 0 0 0 0 0 0 0 0 0 0 0 2 2 1 1 0 0 0 0 0 0 1 1 4 2 2 4 4 4 3 3 3 2 2 1
 0 0 0 0 0 0 0 0 0 0 0 0 0 0 0 0 0 0 0 0 0 0 1 1 4 4 1 0 0 0 0 0 1 1 1 2 2 2 2 2 3 3 1 2 2 1
 0 0 0 0 0 0 0 0 0 0 0 0 0 0 0 0 0 0 0 0 0 0 1 1 4 4 1 0 0 0 0 0 1 1 1 2 2 2 2 2 3 3 1 2 2 1
 0 0 0 0 0 0 0 0 0 0 0 0 0 0 0 0 0 0 0 0 0 0 1 1 3 3 10 5 5 4 2 2 0 0 1 1 1 1 1 1 1 1 2 0 0 0
 0 0 0 0 0 0 0 0 0 0 0 0 0 0 0 0 0 0 0 0 0 0 1 1 3 3 10 5 5 4 2 2 0 0 1 1 1 1 1 1 1 1 2 0 0 0
 3 3 0 1 1 1 1 1 1 1 1 0 0 0 0 0 0 0 0 0 0 1 1 1 5 5 4 2 2 4 1 1 0 0 1 0 0 1 1 1 1 1 1 1 1 0
 1 1 1 1 1 1 1 1 1 1 1 0 0 0 0 0 1 1 0 0 0 0 1 1 2 2 2 0 0 0 0 0 0 0 0 0 0 1 1 1 1 1 0 0 0 0
 1 1 1 1 1 1 1 1 1 1 1 0 0 0 0 0 1 1 0 0 0 0 1 1 2 2 2 0 0 0 0 0 0 0 0 0 0 1 1 1 1 1 0 0 0 0
 1 1 2 2 2 2 1 1 1 1 1 0 0 0 1 1 1 1 1 0 0 0 0 0 1 1 1 0 0 0 0 0 1 1 0 0 0 0 1 1 0 0 0 0 0 0
 2 2 2 2 2 2 2 2 1 1 2 1 1 1 1 1 1 1 2 1 1 0 0 0 1 1 1 0 0 0 0 0 0 0 0 0 0 0 0 0 0 0 0 0 0 0
 2 2 2 2 2 2 2 2 1 1 2 1 1 1 1 1 1 1 2 1 1 0 0 0 1 1 1 0 0 0 0 0 0 0 0 0 0 0 0 0 0 0 0 0 0 0
 2 2 2 2 2 2 2 2 1 1 2 2 2 0 0 0 0 0 1 2 2 0 0 0 3 3 1 0 0 0 0 0 1 1 0 0 0 0 0 0 0 0 0 0 0 1
 2 2 2 2 2 2 2 2 1 1 2 2 2 0 0 0 0 0 1 2 2 0 0 0 3 3 1 0 0 0 0 0 1 1 0 0 0 0 0 0 0 0 0 0 0 1
 3 3 2 2 2 2 2 2 2 2 2 2 2 0 0 0 1 1 0 0 0 0 0 0 1 1 1 1 1 0 0 0 0 0 0 0 0 1 0 0 0 0 0 0 0 0
 2 2 2 2 2 2 2 2 2 2 2 2 2 1 1 1 1 1 1 0 0 1 0 0 0 0 1 2 2 0 0 0 0 0 0 1 1 1 0 0 0 0 0 0 0 0
 2 2 2 2 2 2 2 2 2 2 2 2 2 1 1 1 1 1 1 0 0 1 0 0 0 0 1 2 2 0 0 0 0 0 0 1 1 1 0 0 0 0 0 0 0 0
 2 2 2 2 2 2 2 2 2 2 2 1 1 1 1 1 1 1 1 1 1 1 0 0 0 0 1 1 1 0 0 0 1 1 1 1 1 1 0 0 0 0 0 0 0 0
 2 2 2 2 2 2 2 2 2 2 1 1 1 1 1 1 1 1 0 0 0 0 0 0 0 0 0 1 1 0 1 1 1 1 1 1 1 1 1 1 0 0 0 0 0 0
 2 2 2 2 2 2 2 2 2 2 1 1 1 1 1 1 1 1 0 0 0 0 0 0 0 0 0 1 1 0 1 1 1 1 1 1 1 1 1 1 0 0 0 0 0 0
 2 2 2 2 2 2 2 2 1 1 0 0 0 0 0 0 0 0 0 0 0 0 0 0 0 0 0 1 1 1 1 1 1 1 1 1 1 0 0 0 0 0 0 0 0 0
 2 2 2 2 2 2 2 2 1 1 0 0 0 0 0 0 0 0 0 0 0 0 0 0 0 0 0 1 1 1 1 1 1 1 1 1 1 0 0 0 0 0 0 0 0 0
 1 1 1 2 2 1 1 1 1 1 0 0 0 0 0 0 0 0 0 0 0 0 0 0 0 0 0 1 1 1 1 1 0 0 0 0 0 0 0 0 0 0 0 0 0 0
 1 1 1 1 1 1 0 0 0 0 0 0 0 0 0 0 0 0 0 0 0 0 0 0 0 0 0 0 0 1 1 1 0 0 0 0 0 0 1 1 1 1 1 2 2 0
 1 1 1 1 1 1 0 0 0 0 0 0 0 0 0 0 0 0 0 0 0 0 0 0 0 0 0 0 0 1 1 1 0 0 0 0 0 0 1 1 1 1 1 2 2 0
 0 0 0 0 0 0 0 0 0 0 0 0 0 0 0 0 0 0 0 0 0 0 0 0 0 0 0 0 0 0 1 1 1 1 0 0 0 0 0 0 0 0 0 2 2 0
 0 0 0 0 0 0 0 0 0 0 0 0 0 0 0 0 0 0 0 0 0 0 1 1 0 0 0 0 0 0 0 0 1 1 0 0 0 0 0 0 0 0 0 0 0 0
 0 0 0 0 0 0 0 0 0 0 0 0 0 0 0 0 0 0 0 0 0 0 1 1 0 0 0 0 0 0 0 0 1 1 0 0 0 0 0 0 0 0 0 0 0 0
 0 0 0 0 0 0 0 0 0 0 0 0 0 0 0 0 0 0 0 0 0 0 0 0 0 0 0 0 0 0 0 0 0 0 0 1 1 0 0 0 0 0 0 0 0 0
 0 0 0 0 0 0 0 0 0 0 0 0 0 0 0 0 0 0 0 0 0 0 0 0 0 0 0 0 0 0 0 0 0 0 0 1 1 0 0 0 0 0 0 0 0 0
 0 0 1 0 0 0 0 0 0 0 0 0 0 0 0 0 0 0 0 0 0 0 0 0 1 1 0 0 0 0 0 0 0 0 0 1 1 1 1 1 0 0 0 0 0 0
 0 0 1 0 0 0 0 0 0 0 0 0 0 0 0 0 0 0 0 0 0 0 0 0 0 0 0 0 0 0 0 0 0 0 0 0 0 1 0 0 1 1 0 0 0 0
 0 0 1 0 0 0 0 0 0 0 0 0 0 0 0 0 0 0 0 0 0 0 0 0 0 0 0 0 0 0 0 0 0 0 0 0 0 1 0 0 1 1 0 0 0 0
 0 0 0 0 0 0 0 0 0 0 0 0 0 0 0 0 0 0 0 0 0 0 0 0 0 0 0 0 0 0 0 0 0 0 0 0 0 0 0 0 0 0 0 0 0 0
 0 0 0 0 0 0 0 0 0 0 0 0 0 0 1 1 0 0 0 0 0 0 0 0 0 0 0 0 0 0 0 0 0 0 0 0 0 0 0 0 0 0 0 0 0 0
