assets/RAT_results/precipitation/2017-05-29_IMERG.asc
ncols        46
nrows        77
xllcorner    74.800261325624
yllcorner    8.058333333333
cellsize     0.062500000000
NODATA_value -9999
 1 1 1 1 1 3 2 2 1 1 2 1 1 2 2 2 1 1 0 0 0 0 0 0 0 0 0 0 0 0 0 0 0 0 0 0 0 0 0 0 0 0 0 0 0 0
 1 1 1 2 2 3 2 2 1 1 1 0 0 1 1 1 0 0 0 0 0 0 0 0 0 0 0 0 0 0 0 0 0 0 0 0 0 0 0 0 0 0 0 0 0 0
 1 1 1 2 2 3 2 2 1 1 1 0 0 1 1 1 0 0 0 0 0 0 0 0 0 0 0 0 0 0 0 0 0 0 0 0 0 0 0 0 0 0 0 0 0 0
 1 1 2 3 3 3 2 2 1 1 2 1 1 2 1 1 0 0 0 0 0 0 0 0 0 0 0 0 0 0 0 0 0 0 0 0 0 0 0 0 0 0 0 0 0 0
 0 0 1 1 1 0 0 0 1 1 1 0 0 1 1 1 0 0 0 0 0 0 0 0 0 0 0 0 0 0 0 0 0 0 0 0 0 0 0 0 0 0 0 0 0 0
 0 0 1 1 1 0 0 0 1 1 1 0 0 1 1 1 0 0 0 0 0 0 0 0 0 0 0 0 0 0 0 0 0 0 0 0 0 0 0 0 0 0 0 0 0 0
 0 0 1 0 0 0 0 0 1 1 5 1 1 1 0 0 0 0 0 0 0 0 0 0 0 0 0 0 0 0 0 0 0 0 0 0 0 0 0 0 0 0 0 0 0 0
 0 0 1 0 0 0 0 0 1 1 5 1 1 1 0 0 0 0 0 0 0 0 0 0 0 0 0 0 0 0 0 0 0 0 0 0 0 0 0 0 0 0 0 0 0 0
 0 0 1 0 0 0 0 0 1 1 1 12 12 2 2 2 0 0 0 0 0 0 0 0 0 0 0 0 0 0 0 0 0 0 0 0 0 0 0 0 0 0 0 0 0 0
 1 1 1 1 1 4 0 0 1 1 5 8 8 10 3 3 1 1 1 0 0 0 0 0 0 0 0 0 0 0 0 0 0 0 0 0 0 0 0 0 0 0 0 0 0 0
 1 1 1 1 1 4 0 0 1 1 5 8 8 10 3 3 1 1 1 0 0 0 0 0 0 0 0 0 0 0 0 0 0 0 0 0 0 0 0 0 0 0 0 0 0 0
 0 0 1 1 1 2 0 0 0 0 0 5 5 6 5 5 0 0 0 0 0 0 0 0 0 0 0 0 0 0 0 0 0 0 0 0 0 0 0 0 0 0 0 0 0 0
 0 0 0 2 2 1 1 1 2 2 0 1 1 10 5 5 0 0 1 0 0 0 0 0 0 0 0 1 1 1 0 0 0 0 0 0 0 0 0 0 0 0 0 0 0 0
 0 0 0 2 2 1 1 1 2 2 0 1 1 10 5 5 0 0 1 0 0 0 0 0 0 0 0 1 1 1 0 0 0 0 0 0 0 0 0 0 0 0 0 0 0 0
 0 0 0 1 1 0 0 0 1 1 1 1 1 4 7 7 2 2 2 2 2 0 0 0 0 0 0 1 1 0 0 0 0 0 0 0 0 0 0 0 0 0 0 0 0 0
 0 0 0 1 1 0 0 0 1 1 1 1 1 4 7 7 2 2 2 2 2 0 0 0 0 0 0 1 1 0 0 0 0 0 0 0 0 0 0 0 0 0 0 0 0 0
 0 0 0 0 0 1 1 1 1 1 1 1 1 2 3 3 8 8 6 8 8 0 0 0 0 0 0 0 0 1 0 0 0 0 0 0 0 0 0 0 0 0 0 0 0 0
 1 1 1 1 1 1 3 3 1 1 1 1 1 1 2 2 21 21 25 8 8 3 0 0 0 0 0 0 0 0 0 0 0 0 0 0 0 0 0 0 0 0 0 0 0 0
 1 1 1 1 1 1 3 3 1 1 1 1 1 1 2 2 21 21 25 8 8 3 0 0 0 0 0 0 0 0 0 0 0 0 0 0 0 0 0 0 0 0 0 0 0 0
 1 1 1 2 2 2 4 4 4 4 11 2 2 2 3 3 22 22 25 5 5 1 1 1 2 2 0 0 0 0 0 0 0 0 0 0 0 0 0 0 0 0 0 0 0 0
 1 1 1 1 1 2 4 4 7 7 12 5 5 3 3 3 9 9 11 10 10 4 1 1 0 0 0 0 0 0 0 0 0 0 0 0 0 0 0 0 0 0 0 0 0 0
 1 1 1 1 1 2 4 4 7 7 12 5 5 3 3 3 9 9 11 10 10 4 1 1 0 0 0 0 0 0 0 0 0 0 0 0 0 0 0 0 0 0 0 0 0 0
 1 1 1 1 1 7 3 3 7 7 5 5 5 3 3 3 3 3 7 6 6 3 1 1 0 0 0 0 0 0 0 0 0 0 0 0 0 0 0 0 0 0 0 0 0 0
 1 1 1 1 1 7 3 3 7 7 5 5 5 3 3 3 3 3 7 6 6 3 1 1 0 0 0 0 0 0 0 0 0 0 0 0 0 0 0 0 0 0 0 0 0 0
 1 1 2 2 2 4 4 4 6 6 8 13 13 5 2 2 3 3 4 6 6 2 2 2 0 0 0 0 0 1 0 0 4 4 0 0 0 0 0 0 0 0 0 0 0 0
 2 2 3 4 4 4 3 3 5 5 15 18 18 9 4 4 7 7 6 6 6 13 3 3 0 0 0 1 1 0 0 0 0 0 0 0 0 0 0 0 0 0 0 0 0 0
 2 2 3 4 4 4 3 3 5 5 15 18 18 9 4 4 7 7 6 6 6 13 3 3 0 0 0 1 1 0 0 0 0 0 0 0 0 0 0 0 0 0 0 0 0 0
 3 3 4 7 7 4 4 4 3 3 6 10 10 6 10 10 10 10 11 6 6 16 2 2 2 2 1 2 2 0 0 0 0 0 0 0 0 0 0 0 0 0 0 0 0 0
 5 5 5 6 6 5 6 6 5 5 6 11 11 10 10 10 16 16 20 8 8 1 4 4 3 3 0 0 0 0 0 0 0 0 0 0 0 0 0 0 0 0 0 0 0 0
 5 5 5 6 6 5 6 6 5 5 6 11 11 10 10 10 16 16 20 8 8 1 4 4 3 3 0 0 0 0 0 0 0 0 0 0 0 0 0 0 0 0 0 0 0 0
 6 6 6 7 7 6 8 8 6 6 7 9 9 9 9 9 16 16 10 9 9 6 3 3 4 4 2 1 1 1 1 1 0 0 0 0 0 0 0 0 0 0 0 0 0 0
 6 6 6 7 7 6 8 8 6 6 7 9 9 9 9 9 16 16 10 9 9 6 3 3 4 4 2 1 1 1 1 1 0 0 0 0 0 0 0 0 0 0 0 0 0 0
 6 6 6 6 6 6 6 6 7 7 6 6 6 5 9 9 20 20 24 10 10 8 5 5 3 3 3 3 3 4 2 2 0 0 0 1 1 0 0 0 0 0 0 0 0 0
 8 8 9 7 7 6 4 4 8 8 9 5 5 4 15 15 45 45 24 11 11 13 9 9 4 4 2 1 1 2 1 1 0 0 0 1 1 1 0 0 0 0 1 1 1 1
 8 8 9 7 7 6 4 4 8 8 9 5 5 4 15 15 45 45 24 11 11 13 9 9 4 4 2 1 1 2 1 1 0 0 0 1 1 1 0 0 0 0 1 1 1 1
 9 9 10 13 13 7 9 9 16 16 14 12 12 15 30 30 36 36 30 22 22 28 18 18 10 10 5 2 2 0 0 0 0 0 0 1 1 1 1 1 0 0 1 0 0 0
 12 12 18 18 18 13 11 11 18 18 15 15 15 19 28 28 38 38 123 41 41 25 15 15 9 9 7 7 7 2 0 0 0 0 0 0 0 0 0 0 0 0 0 0 0 0
 12 12 18 18 18 13 11 11 18 18 15 15 15 19 28 28 38 38 123 41 41 25 15 15 9 9 7 7 7 2 0 0 0 0 0 0 0 0 0 0 0 0 0 0 0 0
 19 19 28 28 28 30 18 18 19 19 19 25 25 19 32 32 91 91 36 41 41 36 29 29 13 13 11 7 7 2 0 0 0 0 0 0 0 0 0 0 0 0 0 0 0 0
 19 19 28 28 28 30 18 18 19 19 19 25 25 19 32 32 91 91 36 41 41 36 29 29 13 13 11 7 7 2 0 0 0 0 0 0 0 0 0 0 0 0 0 0 0 0
 30 30 35 36 36 25 23 23 22 22 29 30 30 25 26 26 55 55 97 55 55 53 39 39 32 32 21 6 6 3 8 8 2 2 0 1 1 2 1 1 1 1 1 0 0 0
 40 40 31 30 30 24 23 23 24 24 45 38 38 39 58 58 52 52 35 61 61 43 31 31 28 28 29 16 16 5 9 9 3 3 2 2 2 2 1 1 2 2 3 4 4 5
 40 40 31 30 30 24 23 23 24 24 45 38 38 39 58 58 52 52 35 61 61 43 31 31 28 28 29 16 16 5 9 9 3 3 2 2 2 2 1 1 2 2 3 4 4 5
 31 31 42 46 46 36 44 44 50 50 55 50 50 49 59 59 47 47 58 56 56 47 41 41 38 38 40 24 24 19 14 14 6 6 6 3 3 2 1 1 2 2 3 3 3 2
 34 34 51 53 53 45 49 49 82 82 79 87 87 75 62 62 56 56 50 77 77 70 53 53 48 48 36 29 29 21 18 18 13 13 6 4 4 2 1 1 1 1 1 2 2 2
 34 34 51 53 53 45 49 49 82 82 79 87 87 75 62 62 56 56 50 77 77 70 53 53 48 48 36 29 29 21 18 18 13 13 6 4 4 2 1 1 1 1 1 2 2 2
 36 36 39 61 61 78 76 76 125 125 172 101 101 60 61 61 85 85 87 80 80 74 52 52 59 59 44 28 28 18 19 19 14 14 9 4 4 3 2 2 1 1 1 1 1 2
 36 36 39 61 61 78 76 76 125 125 172 101 101 60 61 61 85 85 87 80 80 74 52 52 59 59 44 28 28 18 19 19 14 14 9 4 4 3 2 2 1 1 1 1 1 2
 50 50 41 47 47 67 70 70 110 110 106 78 78 52 85 85 78 78 70 51 51 58 57 57 47 47 67 34 34 23 15 15 16 16 11 4 4 2 1 1 1 1 1 1 1 2
 46 46 35 43 43 55 68 68 57 57 70 72 72 69 68 68 69 69 67 54 54 58 60 60 53 53 44 37 37 27 23 23 18 18 8 6 6 3 2 2 1 1 1 1 1 1
 46 46 35 43 43 55 68 68 57 57 70 72 72 69 68 68 69 69 67 54 54 58 60 60 53 53 44 37 37 27 23 23 18 18 8 6 6 3 2 2 1 1 1 1 1 1
 26 26 31 40 40 40 43 43 45 45 61 77 77 66 84 84 87 87 72 53 53 43 59 59 56 56 39 36 36 30 23 23 21 21 15 7 7 4 2 2 1 1 1 1 1 1
 20 20 21 43 43 40 37 37 51 51 51 50 50 60 54 54 72 72 73 76 76 46 51 51 57 57 50 38 38 42 30 30 18 18 13 7 7 5 2 2 2 2 2 1 1 1
 20 20 21 43 43 40 37 37 51 51 51 50 50 60 54 54 72 72 73 76 76 46 51 51 57 57 50 38 38 42 30 30 18 18 13 7 7 5 2 2 2 2 2 1 1 1
 12 12 30 34 34 42 48 48 56 56 56 62 62 61 47 47 40 40 49 71 71 42 42 42 39 39 41 42 42 44 39 39 19 19 15 10 10 6 4 4 4 4 3 1 1 1
 12 12 30 34 34 42 48 48 56 56 56 62 62 61 47 47 40 40 49 71 71 42 42 42 39 39 41 42 42 44 39 39 19 19 15 10 10 6 4 4 4 4 3 1 1 1
 25 25 34 40 40 42 35 35 34 34 39 42 42 57 56 56 46 46 39 41 41 37 37 37 45 45 49 41 41 50 56 56 23 23 18 15 15 8 7 7 4 4 5 5 5 2
 32 32 45 52 52 40 43 43 43 43 42 45 45 57 41 41 50 50 45 45 45 45 51 51 57 57 50 49 49 65 59 59 37 37 31 38 38 18 8 8 9 9 7 6 6 2
 32 32 45 52 52 40 43 43 43 43 42 45 45 57 41 41 50 50 45 45 45 45 51 51 57 57 50 49 49 65 59 59 37 37 31 38 38 18 8 8 9 9 7 6 6 2
 71 71 89 93 93 76 55 55 53 53 49 52 52 41 41 41 46 46 47 46 46 46 39 39 72 72 40 70 70 67 67 67 54 54 31 28 28 16 9 9 6 6 7 6 6 4
 79 79 96 95 95 90 77 77 90 90 86 64 64 53 74 74 88 88 47 50 50 45 43 43 57 57 54 40 40 57 68 68 63 63 52 31 31 17 8 8 6 6 4 4 4 2
 79 79 96 95 95 90 77 77 90 90 86 64 64 53 74 74 88 88 47 50 50 45 43 43 57 57 54 40 40 57 68 68 63 63 52 31 31 17 8 8 6 6 4 4 4 2
 81 81 107 98 98 112 100 100 164 164 113 96 96 68 83 83 110 110 51 72 72 59 69 69 70 70 76 59 59 50 69 69 82 82 45 32 32 29 20 20 11 11 4 3 3 3
 81 81 107 98 98 112 100 100 164 164 113 96 96 68 83 83 110 110 51 72 72 59 69 69 70 70 76 59 59 50 69 69 82 82 45 32 32 29 20 20 11 11 4 3 3 3
 59 59 101 86 86 128 162 162 169 169 154 152 152 84 70 70 154 154 102 107 107 42 56 56 47 47 64 52 52 56 56 56 68 68 60 54 54 41 21 21 17 17 8 6 6 3
 48 48 53 56 56 126 156 156 146 146 180 101 101 114 84 84 142 142 110 120 120 53 59 59 56 56 41 61 61 52 48 48 60 60 54 51 51 32 23 23 15 15 9 7 7 5
 48 48 53 56 56 126 156 156 146 146 180 101 101 114 84 84 142 142 110 120 120 53 59 59 56 56 41 61 61 52 48 48 60 60 54 51 51 32 23 23 15 15 9 7 7 5
 31 31 43 84 84 84 117 117 148 148 205 122 122 132 91 91 110 110 95 130 130 92 86 86 52 52 71 45 45 65 43 43 60 60 44 40 40 27 29 29 49 49 15 11 11 7
 18 18 35 66 66 72 107 107 90 90 135 112 112 102 115 115 126 126 98 139 139 139 85 85 64 64 63 74 74 58 59 59 61 61 62 52 52 36 32 32 44 44 30 12 12 8
 18 18 35 66 66 72 107 107 90 90 135 112 112 102 115 115 126 126 98 139 139 139 85 85 64 64 63 74 74 58 59 59 61 61 62 52 52 36 32 32 44 44 30 12 12 8
 17 17 24 38 38 58 51 51 59 59 69 63 63 54 90 90 77 77 103 122 122 106 88 88 106 106 57 57 57 53 57 57 86 86 56 43 43 45 46 46 51 51 35 20 20 9
 17 17 24 38 38 58 51 51 59 59 69 63 63 54 90 90 77 77 103 122 122 106 88 88 106 106 57 57 57 53 57 57 86 86 56 43 43 45 46 46 51 51 35 20 20 9
 19 19 21 25 25 25 29 29 32 32 53 63 63 62 71 71 77 77 60 95 95 72 102 102 61 61 63 36 36 48 65 65 82 82 48 52 52 59 40 40 55 55 47 36 36 15
 25 25 15 16 16 16 29 29 24 24 40 57 57 59 66 66 100 100 68 78 78 78 87 87 100 100 51 55 55 48 37 37 63 63 67 81 81 53 61 61 57 57 48 34 34 58
 25 25 15 16 16 16 29 29 24 24 40 57 57 59 66 66 100 100 68 78 78 78 87 87 100 100 51 55 55 48 37 37 63 63 67 81 81 53 61 61 57 57 48 34 34 58
 32 32 33 26 26 27 27 27 23 23 35 50 50 39 45 45 50 50 66 45 45 64 81 81 76 76 78 52 52 50 34 34 53 53 44 54 54 88 39 39 33 33 33 36 36 32
 42 42 39 36 36 40 31 31 32 32 35 38 38 35 46 46 41 41 52 49 49 60 60 60 54 54 62 52 52 55 36 36 58 58 37 30 30 49 39 39 48 48 32 33 33 31
