assets/RAT_results/precipitation/2017-10-14_IMERG.asc
ncols        46
nrows        77
xllcorner    74.800261325624
yllcorner    8.058333333333
cellsize     0.062500000000
NODATA_value -9999
 17 17 18 20 20 16 17 17 13 13 16 14 14 7 13 13 8 8 8 10 10 19 24 24 22 22 12 19 19 17 29 29 16 16 17 23 23 8 14 14 25 25 20 13 13 14
 12 12 13 9 9 5 7 7 4 4 7 7 7 8 6 6 9 9 6 7 7 9 8 8 10 10 12 12 12 22 18 18 20 20 18 37 37 17 22 22 27 27 30 37 37 41
 12 12 13 9 9 5 7 7 4 4 7 7 7 8 6 6 9 9 6 7 7 9 8 8 10 10 12 12 12 22 18 18 20 20 18 37 37 17 22 22 27 27 30 37 37 41
 8 8 7 6 6 4 4 4 3 3 5 5 5 7 5 5 8 8 7 7 7 8 8 8 8 8 8 11 11 13 14 14 15 15 19 22 22 25 38 38 29 29 32 39 39 48
 11 11 13 13 13 5 3 3 4 4 4 6 6 10 5 5 7 7 7 4 4 5 9 9 10 10 7 9 9 15 16 16 15 15 17 24 24 24 47 47 47 47 53 54 54 45
 11 11 13 13 13 5 3 3 4 4 4 6 6 10 5 5 7 7 7 4 4 5 9 9 10 10 7 9 9 15 16 16 15 15 17 24 24 24 47 47 47 47 53 54 54 45
 22 22 20 19 19 13 9 9 10 10 6 9 9 9 10 10 7 7 6 3 3 4 6 6 8 8 11 15 15 13 16 16 15 15 23 28 28 29 40 40 42 42 50 51 51 28
 22 22 20 19 19 13 9 9 10 10 6 9 9 9 10 10 7 7 6 3 3 4 6 6 8 8 11 15 15 13 16 16 15 15 23 28 28 29 40 40 42 42 50 51 51 28
 44 44 32 25 25 14 14 14 13 13 13 15 15 10 8 8 4 4 3 3 3 4 5 5 6 6 6 10 10 11 18 18 17 17 22 31 31 28 44 44 43 43 51 53 53 31
 64 64 45 33 33 23 11 11 12 12 13 10 10 15 10 10 3 3 3 3 3 4 3 3 4 4 5 7 7 9 11 11 15 15 16 29 29 30 48 48 34 34 39 36 36 24
 64 64 45 33 33 23 11 11 12 12 13 10 10 15 10 10 3 3 3 3 3 4 3 3 4 4 5 7 7 9 11 11 15 15 16 29 29 30 48 48 34 34 39 36 36 24
 71 71 51 45 45 36 16 16 15 15 23 17 17 13 14 14 5 5 3 4 4 5 5 5 2 2 2 2 2 2 7 7 14 14 17 22 22 28 33 33 35 35 34 35 35 27
 65 65 59 42 42 45 22 22 16 16 21 21 21 16 7 7 2 2 1 2 2 6 5 5 3 3 2 2 2 1 3 3 10 10 13 23 23 22 23 23 26 26 22 22 22 22
 65 65 59 42 42 45 22 22 16 16 21 21 21 16 7 7 2 2 1 2 2 6 5 5 3 3 2 2 2 1 3 3 10 10 13 23 23 22 23 23 26 26 22 22 22 22
 53 53 55 41 41 37 24 24 17 17 16 13 13 1 3 3 2 2 1 0 0 1 3 3 1 1 2 1 1 1 2 2 6 6 9 14 14 20 19 19 18 18 17 14 14 14
 53 53 55 41 41 37 24 24 17 17 16 13 13 1 3 3 2 2 1 0 0 1 3 3 1 1 2 1 1 1 2 2 6 6 9 14 14 20 19 19 18 18 17 14 14 14
 48 48 47 41 41 34 29 29 29 29 29 9 9 2 1 1 3 3 1 1 1 1 0 0 0 0 1 1 1 1 1 1 4 4 9 13 13 12 11 11 13 13 11 15 15 18
 53 53 49 14 14 14 18 18 19 19 17 9 9 4 3 3 2 2 0 0 0 1 0 0 1 1 0 1 1 1 1 1 2 2 4 9 9 10 9 9 10 10 11 9 9 13
 53 53 49 14 14 14 18 18 19 19 17 9 9 4 3 3 2 2 0 0 0 1 0 0 1 1 0 1 1 1 1 1 2 2 4 9 9 10 9 9 10 10 11 9 9 13
 23 23 22 20 20 16 13 13 10 10 12 10 10 5 8 8 1 1 2 0 0 0 1 1 0 0 0 0 0 1 1 1 2 2 2 3 3 3 3 3 5 5 10 9 9 5
 31 31 25 29 29 12 14 14 10 10 8 13 13 12 7 7 8 8 4 3 3 1 1 1 1 1 0 0 0 1 1 1 2 2 2 1 1 1 3 3 9 9 7 7 7 4
 31 31 25 29 29 12 14 14 10 10 8 13 13 12 7 7 8 8 4 3 3 1 1 1 1 1 0 0 0 1 1 1 2 2 2 1 1 1 3 3 9 9 7 7 7 4
 33 33 24 14 14 21 15 15 28 28 23 7 7 17 21 21 16 16 15 10 10 2 2 2 0 0 1 1 1 1 2 2 2 2 2 3 3 2 2 2 3 3 5 9 9 5
 33 33 24 14 14 21 15 15 28 28 23 7 7 17 21 21 16 16 15 10 10 2 2 2 0 0 1 1 1 1 2 2 2 2 2 3 3 2 2 2 3 3 5 9 9 5
 34 34 25 29 29 29 14 14 39 39 13 12 12 9 10 10 20 20 13 11 11 6 4 4 1 1 1 1 1 3 2 2 2 2 2 1 1 1 2 2 2 2 4 9 9 5
 31 31 31 42 42 31 24 24 22 22 13 11 11 8 10 10 11 11 6 6 6 5 6 6 4 4 4 3 3 3 1 1 1 1 1 2 2 3 2 2 1 1 2 5 5 5
 31 31 31 42 42 31 24 24 22 22 13 11 11 8 10 10 11 11 6 6 6 5 6 6 4 4 4 3 3 3 1 1 1 1 1 2 2 3 2 2 1 1 2 5 5 5
 32 32 40 49 49 37 30 30 35 35 17 15 15 16 7 7 8 8 12 2 2 4 8 8 5 5 4 2 2 2 2 2 1 1 1 2 2 3 3 3 1 1 1 2 2 3
 38 38 42 42 42 41 43 43 36 36 25 15 15 19 5 5 7 7 14 11 11 12 5 5 8 8 14 3 3 2 2 2 1 1 1 1 1 1 2 2 1 1 1 2 2 3
 38 38 42 42 42 41 43 43 36 36 25 15 15 19 5 5 7 7 14 11 11 12 5 5 8 8 14 3 3 2 2 2 1 1 1 1 1 1 2 2 1 1 1 2 2 3
 21 21 30 32 32 41 56 56 44 44 24 20 20 18 5 5 6 6 13 16 16 11 15 15 10 10 9 8 8 5 5 5 3 3 1 1 1 1 2 2 1 1 1 2 2 2
 21 21 30 32 32 41 56 56 44 44 24 20 20 18 5 5 6 6 13 16 16 11 15 15 10 10 9 8 8 5 5 5 3 3 1 1 1 1 2 2 1 1 1 2 2 2
 18 18 26 22 22 36 41 41 38 38 12 7 7 7 5 5 10 10 9 8 8 8 12 12 16 16 10 11 11 6 5 5 5 5 2 1 1 1 2 2 2 2 1 1 1 3
 12 12 11 16 16 23 23 23 17 17 14 10 10 9 7 7 12 12 14 15 15 15 8 8 6 6 8 6 6 3 3 3 3 3 4 1 1 1 1 1 1 1 2 1 1 1
 12 12 11 16 16 23 23 23 17 17 14 10 10 9 7 7 12 12 14 15 15 15 8 8 6 6 8 6 6 3 3 3 3 3 4 1 1 1 1 1 1 1 2 1 1 1
 8 8 7 17 17 21 17 17 14 14 12 10 10 12 6 6 12 12 14 21 21 20 22 22 19 19 10 8 8 9 1 1 3 3 3 1 1 1 1 1 1 1 1 1 1 1
 9 9 11 16 16 17 17 17 17 17 18 14 14 12 10 10 11 11 11 18 18 19 17 17 17 17 18 9 9 3 3 3 2 2 2 0 0 0 0 0 0 0 0 0 0 1
 9 9 11 16 16 17 17 17 17 17 18 14 14 12 10 10 11 11 11 18 18 19 17 17 17 17 18 9 9 3 3 3 2 2 2 0 0 0 0 0 0 0 0 0 0 1
 11 11 14 22 22 24 18 18 15 15 17 19 19 18 21 21 21 21 14 18 18 16 13 13 12 12 7 3 3 3 2 2 1 1 1 2 2 1 1 1 0 0 1 3 3 4
 11 11 14 22 22 24 18 18 15 15 17 19 19 18 21 21 21 21 14 18 18 16 13 13 12 12 7 3 3 3 2 2 1 1 1 2 2 1 1 1 0 0 1 3 3 4
 10 10 13 15 15 25 31 31 24 24 19 19 19 23 23 23 20 20 13 17 17 14 14 14 12 12 9 8 8 8 5 5 3 3 1 2 2 3 1 1 0 0 2 5 5 7
 9 9 11 12 12 17 26 26 27 27 27 22 22 21 20 20 24 24 18 13 13 12 15 15 14 14 13 11 11 13 11 11 2 2 3 4 4 6 2 2 1 1 1 3 3 3
 9 9 11 12 12 17 26 26 27 27 27 22 22 21 20 20 24 24 18 13 13 12 15 15 14 14 13 11 11 13 11 11 2 2 3 4 4 6 2 2 1 1 1 3 3 3
 12 12 13 11 11 18 19 19 15 15 23 24 24 24 26 26 23 23 20 10 10 16 10 10 13 13 20 12 12 13 6 6 4 4 5 4 4 5 3 3 1 1 1 3 3 3
 17 17 19 24 24 15 18 18 15 15 17 19 19 19 22 22 32 32 26 14 14 20 20 20 13 13 12 17 17 12 12 12 9 9 4 5 5 4 3 3 1 1 0 0 0 2
 17 17 19 24 24 15 18 18 15 15 17 19 19 19 22 22 32 32 26 14 14 20 20 20 13 13 12 17 17 12 12 12 9 9 4 5 5 4 3 3 1 1 0 0 0 2
 18 18 15 27 27 21 15 15 10 10 16 17 17 20 17 17 18 18 13 18 18 18 23 23 15 15 13 14 14 11 22 22 5 5 4 5 5 2 2 2 1 1 1 0 0 0
 18 18 15 27 27 21 15 15 10 10 16 17 17 20 17 17 18 18 13 18 18 18 23 23 15 15 13 14 14 11 22 22 5 5 4 5 5 2 2 2 1 1 1 0 0 0
 24 24 20 14 14 14 13 13 13 13 15 20 20 17 17 17 24 24 13 20 20 23 33 33 30 30 19 38 38 10 36 36 27 27 6 4 4 5 2 2 2 2 1 0 0 3
 34 34 37 24 24 21 19 19 25 25 16 18 18 16 36 36 23 23 35 37 37 46 43 43 29 29 22 21 21 23 17 17 14 14 8 11 11 5 3 3 2 2 1 1 1 2
 34 34 37 24 24 21 19 19 25 25 16 18 18 16 36 36 23 23 35 37 37 46 43 43 29 29 22 21 21 23 17 17 14 14 8 11 11 5 3 3 2 2 1 1 1 2
 36 36 41 26 26 26 23 23 24 24 22 19 19 34 21 21 22 22 32 32 32 33 56 56 35 35 36 22 22 33 29 29 19 19 17 11 11 6 4 4 5 5 5 3 3 1
 38 38 36 34 34 36 41 41 40 40 40 29 29 26 26 26 28 28 37 30 30 40 48 48 32 32 29 20 20 24 24 24 19 19 18 12 12 5 5 5 4 4 4 2 2 1
 38 38 36 34 34 36 41 41 40 40 40 29 29 26 26 26 28 28 37 30 30 40 48 48 32 32 29 20 20 24 24 24 19 19 18 12 12 5 5 5 4 4 4 2 2 1
 39 39 38 33 33 37 49 49 51 51 53 47 47 31 25 25 21 21 28 23 23 32 31 31 29 29 24 16 16 17 21 21 17 17 13 11 11 4 8 8 7 7 4 1 1 0
 39 39 38 33 33 37 49 49 51 51 53 47 47 31 25 25 21 21 28 23 23 32 31 31 29 29 24 16 16 17 21 21 17 17 13 11 11 4 8 8 7 7 4 1 1 0
 33 33 30 32 32 36 50 50 47 47 48 53 53 36 36 36 30 30 18 30 30 33 38 38 32 32 23 13 13 12 8 8 5 5 8 16 16 3 6 6 6 6 3 0 0 0
 28 28 32 45 45 60 64 64 50 50 41 35 35 30 30 30 28 28 27 22 22 27 30 30 36 36 24 16 16 9 6 6 9 9 4 4 4 5 3 3 4 4 2 1 1 1
 28 28 32 45 45 60 64 64 50 50 41 35 35 30 30 30 28 28 27 22 22 27 30 30 36 36 24 16 16 9 6 6 9 9 4 4 4 5 3 3 4 4 2 1 1 1
 23 23 25 35 35 46 55 55 52 52 44 30 30 29 30 30 30 30 32 29 29 24 29 29 25 25 23 21 21 15 9 9 12 12 9 8 8 6 4 4 3 3 3 3 3 2
 22 22 25 32 32 30 32 32 39 39 37 32 32 40 34 34 42 42 36 30 30 29 27 27 32 32 29 35 35 31 28 28 22 22 19 14 14 12 7 7 7 7 8 4 4 3
 22 22 25 32 32 30 32 32 39 39 37 32 32 40 34 34 42 42 36 30 30 29 27 27 32 32 29 35 35 31 28 28 22 22 19 14 14 12 7 7 7 7 8 4 4 3
 19 19 20 26 26 28 31 31 32 32 37 35 35 38 41 41 43 43 42 38 38 38 34 34 43 43 44 49 49 47 64 64 44 44 31 21 21 24 23 23 13 13 19 12 12 6
 19 19 20 26 26 28 31 31 32 32 37 35 35 38 41 41 43 43 42 38 38 38 34 34 43 43 44 49 49 47 64 64 44 44 31 21 21 24 23 23 13 13 19 12 12 6
 22 22 25 25 25 26 26 26 30 30 34 35 35 32 34 34 41 41 44 53 53 43 41 41 40 40 47 53 53 66 97 97 55 55 41 36 36 28 26 26 23 23 23 20 20 6
 21 21 25 22 22 21 19 19 23 23 33 34 34 32 28 28 33 33 36 43 43 47 44 44 45 45 42 53 53 64 62 62 62 62 50 43 43 35 33 33 35 35 31 23 23 13
 21 21 25 22 22 21 19 19 23 23 33 34 34 32 28 28 33 33 36 43 43 47 44 44 45 45 42 53 53 64 62 62 62 62 50 43 43 35 33 33 35 35 31 23 23 13
 16 16 17 17 17 19 17 17 25 25 26 31 31 27 23 23 26 26 30 34 34 40 43 43 36 36 40 47 47 41 54 54 56 56 50 56 56 40 34 34 38 38 34 24 24 21
 14 14 16 16 16 17 17 17 22 22 28 32 32 36 27 27 28 28 28 34 34 32 36 36 39 39 47 48 48 60 45 45 54 54 58 42 42 41 44 44 40 40 27 26 26 29
 14 14 16 16 16 17 17 17 22 22 28 32 32 36 27 27 28 28 28 34 34 32 36 36 39 39 47 48 48 60 45 45 54 54 58 42 42 41 44 44 40 40 27 26 26 29
 18 18 20 18 18 18 19 19 23 23 31 32 32 34 32 32 30 30 27 28 28 26 29 29 35 35 39 47 47 69 59 59 43 43 59 62 62 43 42 42 43 43 26 26 26 27
 18 18 20 18 18 18 19 19 23 23 31 32 32 34 32 32 30 30 27 28 28 26 29 29 35 35 39 47 47 69 59 59 43 43 59 62 62 43 42 42 43 43 26 26 26 27
 22 22 22 18 18 18 19 19 26 26 26 27 27 33 28 28 30 30 25 29 29 28 34 34 35 35 42 46 46 61 77 77 54 54 80 74 74 57 41 41 51 51 41 56 56 42
 17 17 20 24 24 31 38 38 44 44 35 36 36 37 35 35 27 27 25 22 22 28 31 31 37 37 40 41 41 45 56 56 92 92 62 34 34 43 39 39 44 44 43 50 50 39
 17 17 20 24 24 31 38 38 44 44 35 36 36 37 35 35 27 27 25 22 22 28 31 31 37 37 40 41 41 45 56 56 92 92 62 34 34 43 39 39 44 44 43 50 50 39
 15 15 20 25 25 33 40 40 42 42 41 44 44 37 32 32 25 25 21 18 18 20 22 22 30 30 34 40 40 43 50 50 58 58 64 62 62 46 52 52 44 44 42 49 49 51
 15 15 18 25 25 28 37 37 53 53 59 65 65 52 47 47 42 42 34 30 30 27 27 27 29 29 31 35 35 39 44 44 46 46 52 55 55 110 43 43 44 44 45 59 59 54
