assets/RAT_results/precipitation/2017-07-15_IMERG.asc
ncols        46
nrows        77
xllcorner    74.800261325624
yllcorner    8.058333333333
cellsize     0.062500000000
NODATA_value -9999
 29 29 22 24 24 46 43 43 37 37 20 19 19 5 6 6 11 11 6 7 7 7 6 6 4 4 2 1 1 1 1 1 1 1 1 1 1 1 1 1 1 1 1 0 0 0
 20 20 22 21 21 29 28 28 26 26 13 7 7 9 7 7 13 13 9 7 7 7 4 4 4 4 1 1 1 1 1 1 1 1 2 2 2 3 3 3 1 1 1 0 0 0
 20 20 22 21 21 29 28 28 26 26 13 7 7 9 7 7 13 13 9 7 7 7 4 4 4 4 1 1 1 1 1 1 1 1 2 2 2 3 3 3 1 1 1 0 0 0
 22 22 20 45 45 25 22 22 35 35 19 10 10 4 9 9 5 5 4 20 20 6 7 7 1 1 1 1 1 0 1 1 2 2 3 2 2 2 1 1 1 1 1 0 0 0
 13 13 21 29 29 18 19 19 30 30 11 16 16 8 11 11 5 5 3 3 3 5 3 3 2 2 0 0 0 0 1 1 1 1 1 1 1 1 1 1 0 0 1 1 1 4
 13 13 21 29 29 18 19 19 30 30 11 16 16 8 11 11 5 5 3 3 3 5 3 3 2 2 0 0 0 0 1 1 1 1 1 1 1 1 1 1 0 0 1 1 1 4
 9 9 14 22 22 15 8 8 6 6 7 9 9 11 10 10 5 5 2 3 3 2 3 3 1 1 3 0 0 1 0 0 1 1 0 0 0 0 0 0 1 1 2 3 3 3
 9 9 14 22 22 15 8 8 6 6 7 9 9 11 10 10 5 5 2 3 3 2 3 3 1 1 3 0 0 1 0 0 1 1 0 0 0 0 0 0 1 1 2 3 3 3
 11 11 20 21 21 9 3 3 4 4 9 10 10 5 11 11 4 4 0 0 0 5 3 3 2 2 3 0 0 1 0 0 0 0 0 0 0 0 1 1 2 2 3 3 3 1
 12 12 10 12 12 9 7 7 3 3 7 16 16 6 12 12 1 1 0 1 1 1 0 0 0 0 2 5 5 5 0 0 0 0 0 0 0 0 1 1 1 1 1 1 1 0
 12 12 10 12 12 9 7 7 3 3 7 16 16 6 12 12 1 1 0 1 1 1 0 0 0 0 2 5 5 5 0 0 0 0 0 0 0 0 1 1 1 1 1 1 1 0
 5 5 11 11 11 11 7 7 6 6 21 16 16 12 17 17 7 7 2 1 1 1 0 0 0 0 0 1 1 0 4 4 0 0 0 0 0 0 0 0 0 0 0 0 0 0
 5 5 12 12 12 16 9 9 11 11 12 7 7 6 27 27 10 10 12 8 8 2 0 0 0 0 1 0 0 0 0 0 0 0 0 0 0 0 1 1 0 0 0 0 0 0
 5 5 12 12 12 16 9 9 11 11 12 7 7 6 27 27 10 10 12 8 8 2 0 0 0 0 1 0 0 0 0 0 0 0 0 0 0 0 1 1 0 0 0 0 0 0
 5 5 2 8 8 15 12 12 14 14 14 8 8 6 4 4 6 6 10 10 10 7 2 2 1 1 0 0 0 0 0 0 1 1 1 1 1 2 2 2 2 2 1 0 0 0
 5 5 2 8 8 15 12 12 14 14 14 8 8 6 4 4 6 6 10 10 10 7 2 2 1 1 0 0 0 0 0 0 1 1 1 1 1 2 2 2 2 2 1 0 0 0
 2 2 3 4 4 9 11 11 19 19 28 8 8 2 1 1 5 5 20 18 18 18 7 7 1 1 0 1 1 1 2 2 2 2 2 1 1 0 1 1 2 2 1 1 1 0
 2 2 3 5 5 4 8 8 18 18 17 6 6 5 4 4 16 16 10 15 15 12 2 2 1 1 1 3 3 3 3 3 2 2 1 0 0 1 1 1 1 1 1 0 0 0
 2 2 3 5 5 4 8 8 18 18 17 6 6 5 4 4 16 16 10 15 15 12 2 2 1 1 1 3 3 3 3 3 2 2 1 0 0 1 1 1 1 1 1 0 0 0
 2 2 1 3 3 2 4 4 3 3 8 12 12 17 11 11 7 7 9 13 13 13 3 3 1 1 2 3 3 4 2 2 1 1 0 0 0 0 0 0 0 0 0 0 0 0
 3 3 2 2 2 3 4 4 7 7 5 22 22 18 14 14 5 5 12 15 15 15 3 3 4 4 2 2 2 1 1 1 0 0 0 1 1 0 0 0 0 0 0 0 0 0
 3 3 2 2 2 3 4 4 7 7 5 22 22 18 14 14 5 5 12 15 15 15 3 3 4 4 2 2 2 1 1 1 0 0 0 1 1 0 0 0 0 0 0 0 0 0
 2 2 2 1 1 2 3 3 5 5 3 4 4 10 7 7 7 7 8 16 16 8 10 10 6 6 3 2 2 2 1 1 1 1 1 0 0 0 0 0 1 1 1 0 0 0
 2 2 2 1 1 2 3 3 5 5 3 4 4 10 7 7 7 7 8 16 16 8 10 10 6 6 3 2 2 2 1 1 1 1 1 0 0 0 0 0 1 1 1 0 0 0
 2 2 2 3 3 3 8 8 4 4 2 3 3 4 5 5 10 10 5 15 15 4 3 3 4 4 3 1 1 3 1 1 0 0 0 0 0 0 1 1 2 2 2 1 1 1
 1 1 1 1 1 9 5 5 2 2 2 8 8 3 11 11 9 9 8 2 2 1 3 3 3 3 3 2 2 1 0 0 0 0 0 0 0 0 1 1 1 1 1 1 1 1
 1 1 1 1 1 9 5 5 2 2 2 8 8 3 11 11 9 9 8 2 2 1 3 3 3 3 3 2 2 1 0 0 0 0 0 0 0 0 1 1 1 1 1 1 1 1
 1 1 2 2 2 3 3 3 3 3 2 4 4 5 10 10 7 7 6 2 2 2 2 2 3 3 1 1 1 0 0 0 0 0 0 0 0 0 0 0 0 0 1 0 0 0
 2 2 2 2 2 4 2 2 2 2 2 1 1 2 4 4 6 6 7 3 3 2 1 1 1 1 1 1 1 1 1 1 1 1 0 0 0 0 0 0 0 0 0 0 0 0
 2 2 2 2 2 4 2 2 2 2 2 1 1 2 4 4 6 6 7 3 3 2 1 1 1 1 1 1 1 1 1 1 1 1 0 0 0 0 0 0 0 0 0 0 0 0
 1 1 1 1 1 1 1 1 3 3 1 1 1 4 4 4 4 4 12 4 4 4 3 3 2 2 1 1 1 0 1 1 1 1 0 0 0 0 0 0 0 0 0 0 0 0
 1 1 1 1 1 1 1 1 3 3 1 1 1 4 4 4 4 4 12 4 4 4 3 3 2 2 1 1 1 0 1 1 1 1 0 0 0 0 0 0 0 0 0 0 0 0
 1 1 1 1 1 1 1 1 2 2 1 1 1 1 2 2 4 4 10 10 10 6 6 6 2 2 1 1 1 1 0 0 0 0 0 0 0 0 0 0 0 0 0 0 0 0
 0 0 2 1 1 1 1 1 1 1 1 2 2 1 2 2 3 3 8 8 8 9 4 4 2 2 1 1 1 2 0 0 1 1 0 0 0 0 0 0 0 0 0 0 0 0
 0 0 2 1 1 1 1 1 1 1 1 2 2 1 2 2 3 3 8 8 8 9 4 4 2 2 1 1 1 2 0 0 1 1 0 0 0 0 0 0 0 0 0 0 0 0
 0 0 2 0 0 0 1 1 1 1 1 2 2 2 3 3 3 3 4 8 8 8 2 2 1 1 1 0 0 0 0 0 0 0 0 0 0 0 0 0 0 0 0 0 0 0
 0 0 0 0 0 0 1 1 0 0 1 1 1 1 1 1 4 4 5 10 10 7 4 4 1 1 0 0 0 0 0 0 0 0 0 0 0 1 0 0 0 0 0 0 0 0
 0 0 0 0 0 0 1 1 0 0 1 1 1 1 1 1 4 4 5 10 10 7 4 4 1 1 0 0 0 0 0 0 0 0 0 0 0 1 0 0 0 0 0 0 0 0
 0 0 0 0 0 0 0 0 0 0 0 0 0 1 1 1 4 4 5 9 9 8 3 3 1 1 0 1 1 0 0 0 0 0 0 0 0 0 0 0 0 0 0 0 0 0
 0 0 0 0 0 0 0 0 0 0 0 0 0 1 1 1 4 4 5 9 9 8 3 3 1 1 0 1 1 0 0 0 0 0 0 0 0 0 0 0 0 0 0 0 0 0
 0 0 0 0 0 0 0 0 0 0 1 3 3 2 1 1 4 4 4 8 8 6 3 3 1 1 1 0 0 0 0 0 2 2 0 1 1 2 0 0 0 0 0 0 0 0
 0 0 0 0 0 0 0 0 1 1 3 1 1 2 1 1 2 2 1 1 1 4 3 3 1 1 1 0 0 0 3 3 1 1 2 2 2 3 0 0 0 0 1 0 0 0
 0 0 0 0 0 0 0 0 1 1 3 1 1 2 1 1 2 2 1 1 1 4 3 3 1 1 1 0 0 0 3 3 1 1 2 2 2 3 0 0 0 0 1 0 0 0
 0 0 0 0 0 0 2 2 1 1 0 0 0 1 1 1 1 1 1 1 1 2 3 3 1 1 2 1 1 4 3 3 0 0 1 1 1 2 1 1 1 1 1 0 0 0
 0 0 0 0 0 0 0 0 0 0 0 1 1 0 1 1 1 1 1 2 2 1 2 2 1 1 2 1 1 2 0 0 0 0 2 2 2 1 1 1 1 1 0 0 0 0
 0 0 0 0 0 0 0 0 0 0 0 1 1 0 1 1 1 1 1 2 2 1 2 2 1 1 2 1 1 2 0 0 0 0 2 2 2 1 1 1 1 1 0 0 0 0
 0 0 0 0 0 0 0 0 1 1 0 1 1 1 0 0 1 1 1 1 1 1 1 1 1 1 1 0 0 0 0 0 0 0 2 1 1 0 0 0 0 0 1 0 0 0
 0 0 0 0 0 0 0 0 1 1 0 1 1 1 0 0 1 1 1 1 1 1 1 1 1 1 1 0 0 0 0 0 0 0 2 1 1 0 0 0 0 0 1 0 0 0
 0 0 1 1 1 1 1 1 1 1 0 0 0 0 0 0 0 0 0 1 1 0 1 1 1 1 1 1 1 1 1 1 1 1 1 1 1 1 1 1 1 1 1 1 1 0
 1 1 1 1 1 1 1 1 0 0 0 0 0 0 0 0 0 0 0 1 1 1 1 1 1 1 1 1 1 1 1 1 1 1 1 1 1 4 1 1 1 1 1 1 1 0
 1 1 1 1 1 1 1 1 0 0 0 0 0 0 0 0 0 0 0 1 1 1 1 1 1 1 1 1 1 1 1 1 1 1 1 1 1 4 1 1 1 1 1 1 1 0
 1 1 1 1 1 1 1 1 0 0 0 0 0 0 0 0 0 0 0 0 0 1 2 2 2 2 2 2 2 2 2 2 2 2 2 2 2 1 1 1 1 1 1 0 0 0
 1 1 1 1 1 1 1 1 1 1 0 0 0 0 1 1 0 0 1 1 1 2 2 2 3 3 3 3 3 4 3 3 2 2 1 1 1 1 1 1 0 0 0 0 0 0
 1 1 1 1 1 1 1 1 1 1 0 0 0 0 1 1 0 0 1 1 1 2 2 2 3 3 3 3 3 4 3 3 2 2 1 1 1 1 1 1 0 0 0 0 0 0
 1 1 1 1 1 1 1 1 0 0 0 0 0 0 1 1 1 1 1 2 2 2 2 2 3 3 2 1 1 1 1 1 1 1 0 0 0 0 0 0 1 1 1 0 0 0
 1 1 1 1 1 1 1 1 0 0 0 0 0 0 1 1 1 1 1 2 2 2 2 2 3 3 2 1 1 1 1 1 1 1 0 0 0 0 0 0 1 1 1 0 0 0
 0 0 0 0 0 0 0 0 0 0 0 0 0 0 0 0 1 1 1 1 1 2 2 2 4 4 2 1 1 1 0 0 0 0 0 0 0 0 0 0 0 0 0 1 1 1
 0 0 0 0 0 0 0 0 0 0 0 0 0 0 0 0 0 0 1 0 0 1 1 1 1 1 2 0 0 1 0 0 0 0 0 0 0 0 0 0 0 0 0 0 0 1
 0 0 0 0 0 0 0 0 0 0 0 0 0 0 0 0 0 0 1 0 0 1 1 1 1 1 2 0 0 1 0 0 0 0 0 0 0 0 0 0 0 0 0 0 0 1
 0 0 0 0 0 0 0 0 0 0 0 0 0 0 0 0 0 0 0 0 0 0 1 1 1 1 1 0 0 0 0 0 0 0 0 0 0 0 0 0 0 0 0 0 0 0
 0 0 0 0 0 0 0 0 0 0 0 0 0 0 0 0 0 0 0 0 0 0 0 0 1 1 1 2 2 1 1 1 0 0 0 0 0 0 0 0 0 0 0 0 0 0
 0 0 0 0 0 0 0 0 0 0 0 0 0 0 0 0 0 0 0 0 0 0 0 0 1 1 1 2 2 1 1 1 0 0 0 0 0 0 0 0 0 0 0 0 0 0
 0 0 0 0 0 0 0 0 0 0 0 0 0 0 0 0 0 0 0 0 0 0 0 0 0 0 0 1 1 0 0 0 0 0 1 0 0 1 0 0 0 0 0 1 1 0
 0 0 0 0 0 0 0 0 0 0 0 0 0 0 0 0 0 0 0 0 0 0 0 0 0 0 0 1 1 0 0 0 0 0 1 0 0 1 0 0 0 0 0 1 1 0
 0 0 0 0 0 0 0 0 0 0 0 0 0 0 0 0 0 0 0 0 0 0 0 0 0 0 1 0 0 1 0 0 0 0 0 0 0 1 0 0 0 0 1 0 0 0
 0 0 0 1 1 0 0 0 0 0 0 0 0 0 0 0 0 0 0 0 0 0 0 0 0 0 0 1 1 1 0 0 0 0 0 0 0 0 0 0 0 0 0 0 0 0
 0 0 0 1 1 0 0 0 0 0 0 0 0 0 0 0 0 0 0 0 0 0 0 0 0 0 0 1 1 1 0 0 0 0 0 0 0 0 0 0 0 0 0 0 0 0
 0 0 0 0 0 0 0 0 0 0 0 0 0 0 0 0 0 0 0 0 0 0 0 0 0 0 0 1 1 1 1 1 0 0 0 0 0 0 0 0 0 0 0 0 0 0
 0 0 0 0 0 0 0 0 0 0 0 0 0 0 0 0 0 0 0 0 0 0 0 0 0 0 0 0 0 1 0 0 1 1 0 0 0 0 0 0 0 0 0 0 0 0
 0 0 0 0 0 0 0 0 0 0 0 0 0 0 0 0 0 0 0 0 0 0 0 0 0 0 0 0 0 1 0 0 1 1 0 0 0 0 0 0 0 0 0 0 0 0
 0 0 0 0 0 0 0 0 0 0 0 0 0 0 0 0 0 0 0 0 0 0 0 0 0 0 0 0 0 1 1 1 1 1 0 0 0 0 0 0 0 0 1 0 0 0
 0 0 0 0 0 0 0 0 0 0 0 0 0 0 0 0 0 0 0 0 0 0 0 0 0 0 0 0 0 1 1 1 1 1 0 0 0 0 0 0 0 0 1 0 0 0
 0 0 0 0 0 0 0 0 0 0 0 0 0 0 0 0 0 0 0 0 0 0 0 0 0 0 0 0 0 1 1 1 1 1 2 0 0 0 0 0 0 0 0 0 0 0
 0 0 0 0 0 0 0 0 0 0 0 0 0 0 0 0 0 0 0 0 0 0 0 0 0 0 1 0 0 0 0 0 0 0 1 1 1 2 0 0 0 0 0 0 0 0
 0 0 0 0 0 0 0 0 0 0 0 0 0 0 0 0 0 0 0 0 0 0 0 0 0 0 1 0 0 0 0 0 0 0 1 1 1 2 0 0 0 0 0 0 0 0
 0 0 0 0 0 0 0 0 0 0 0 0 0 0 0 0 0 0 0 0 0 0 0 0 0 0 0 0 0 0 0 0 0 0 0 1 1 1 1 1 0 0 0 0 0 0
 1 1 0 0 0 0 0 0 0 0 0 0 0 0 0 0 0 0 0 0 0 0 0 0 0 0 0 0 0 0 0 0 0 0 0 0 0 1 2 2 1 1 0 0 0 0
