assets/RAT_results/precipitation/2017-11-20_IMERG.asc
ncols        46
nrows        77
xllcorner    74.800261325624
yllcorner    8.058333333333
cellsize     0.062500000000
NODATA_value -9999
 0 0 0 0 0 0 0 0 0 0 1 0 0 4 6 6 0 0 0 0 0 0 0 0 0 0 0 0 0 0 0 0 0 0 0 0 0 0 0 0 0 0 0 0 0 0
 0 0 0 0 0 0 0 0 1 1 1 0 0 0 4 4 0 0 0 0 0 0 0 0 0 0 0 0 0 0 0 0 0 0 0 0 0 0 0 0 0 0 0 0 0 0
 0 0 0 0 0 0 0 0 1 1 1 0 0 0 4 4 0 0 0 0 0 0 0 0 0 0 0 0 0 0 0 0 0 0 0 0 0 0 0 0 0 0 0 0 0 0
 5 5 1 4 4 0 0 0 1 1 1 0 0 0 0 0 0 0 0 0 0 0 0 0 0 0 0 0 0 0 0 0 0 0 0 0 0 0 0 0 0 0 0 0 0 0
 0 0 1 0 0 0 0 0 1 1 1 0 0 0 0 0 0 0 0 0 0 0 0 0 0 0 0 0 0 0 0 0 0 0 0 0 0 0 0 0 0 0 0 0 0 0
 0 0 1 0 0 0 0 0 1 1 1 0 0 0 0 0 0 0 0 0 0 0 0 0 0 0 0 0 0 0 0 0 0 0 0 0 0 0 0 0 0 0 0 0 0 0
 0 0 1 1 1 1 0 0 0 0 1 0 0 0 0 0 0 0 0 0 0 0 0 0 0 0 0 0 0 0 0 0 0 0 0 0 0 0 0 0 0 0 0 0 0 0
 0 0 1 1 1 1 0 0 0 0 1 0 0 0 0 0 0 0 0 0 0 0 0 0 0 0 0 0 0 0 0 0 0 0 0 0 0 0 0 0 0 0 0 0 0 0
 0 0 0 0 0 0 1 1 0 0 0 0 0 0 0 0 0 0 0 0 0 0 0 0 0 0 0 0 0 0 0 0 0 0 0 0 0 0 0 0 0 0 0 0 0 0
 0 0 0 0 0 0 0 0 0 0 0 0 0 1 3 3 0 0 1 0 0 0 0 0 0 0 0 0 0 0 0 0 0 0 0 0 0 0 0 0 0 0 0 0 0 0
 0 0 0 0 0 0 0 0 0 0 0 0 0 1 3 3 0 0 1 0 0 0 0 0 0 0 0 0 0 0 0 0 0 0 0 0 0 0 0 0 0 0 0 0 0 0
 0 0 0 0 0 0 0 0 0 0 0 1 1 1 1 1 3 3 1 0 0 0 0 0 0 0 0 0 0 0 0 0 0 0 0 0 0 0 0 0 0 0 0 0 0 0
 0 0 0 0 0 0 0 0 0 0 0 0 0 0 3 3 4 4 1 0 0 0 0 0 0 0 0 0 0 0 0 0 0 0 0 0 0 0 0 0 0 0 0 0 0 0
 0 0 0 0 0 0 0 0 0 0 0 0 0 0 3 3 4 4 1 0 0 0 0 0 0 0 0 0 0 0 0 0 0 0 0 0 0 0 0 0 0 0 0 0 0 0
 0 0 0 0 0 0 0 0 0 0 0 0 0 0 0 0 1 1 0 0 0 0 0 0 0 0 0 0 0 0 0 0 0 0 0 0 0 0 0 0 0 0 0 0 0 0
 0 0 0 0 0 0 0 0 0 0 0 0 0 0 0 0 1 1 0 0 0 0 0 0 0 0 0 0 0 0 0 0 0 0 0 0 0 0 0 0 0 0 0 0 0 0
 0 0 0 0 0 0 1 1 1 1 0 0 0 0 0 0 0 0 0 1 1 0 0 0 0 0 0 0 0 0 1 1 0 0 1 0 0 0 0 0 0 0 0 0 0 0
 1 1 0 0 0 1 1 1 0 0 0 0 0 0 0 0 1 1 2 2 2 0 0 0 0 0 0 0 0 0 0 0 0 0 0 0 0 0 0 0 0 0 0 0 0 0
 1 1 0 0 0 1 1 1 0 0 0 0 0 0 0 0 1 1 2 2 2 0 0 0 0 0 0 0 0 0 0 0 0 0 0 0 0 0 0 0 0 0 0 0 0 0
 0 0 1 1 1 1 1 1 2 2 1 0 0 0 1 1 1 1 0 2 2 1 1 1 0 0 0 0 0 0 0 0 0 0 0 0 0 0 0 0 0 0 0 0 0 0
 1 1 5 5 5 11 6 6 10 10 2 1 1 1 1 1 1 1 0 1 1 1 1 1 0 0 0 0 0 1 0 0 1 1 0 0 0 0 0 0 0 0 0 0 0 1
 1 1 5 5 5 11 6 6 10 10 2 1 1 1 1 1 1 1 0 1 1 1 1 1 0 0 0 0 0 1 0 0 1 1 0 0 0 0 0 0 0 0 0 0 0 1
 3 3 5 6 6 11 7 7 9 9 10 13 13 5 1 1 1 1 0 0 0 1 0 0 0 0 0 0 0 1 1 1 1 1 0 0 0 0 0 0 0 0 0 0 0 1
 3 3 5 6 6 11 7 7 9 9 10 13 13 5 1 1 1 1 0 0 0 1 0 0 0 0 0 0 0 1 1 1 1 1 0 0 0 0 0 0 0 0 0 0 0 1
 3 3 4 4 4 11 11 11 60 60 55 49 49 6 2 2 1 1 1 1 1 0 0 0 0 0 0 0 0 0 1 1 1 1 1 0 0 0 0 0 0 0 0 0 0 0
 6 6 11 13 13 20 15 15 97 97 76 67 67 6 13 13 1 1 2 1 1 1 0 0 0 0 0 0 0 1 1 1 1 1 1 0 0 0 0 0 0 0 0 0 0 0
 6 6 11 13 13 20 15 15 97 97 76 67 67 6 13 13 1 1 2 1 1 1 0 0 0 0 0 0 0 1 1 1 1 1 1 0 0 0 0 0 0 0 0 0 0 0
 8 8 18 27 27 36 74 74 73 73 20 35 35 10 9 9 2 2 2 2 2 2 1 1 1 1 0 1 1 0 0 0 0 0 0 0 0 0 0 0 0 0 0 0 0 0
 23 23 74 63 63 52 74 74 71 71 35 31 31 70 67 67 13 13 12 3 3 3 2 2 2 2 1 0 0 0 0 0 0 0 1 0 0 0 0 0 0 0 0 0 0 0
 23 23 74 63 63 52 74 74 71 71 35 31 31 70 67 67 13 13 12 3 3 3 2 2 2 2 1 0 0 0 0 0 0 0 1 0 0 0 0 0 0 0 0 0 0 0
 65 65 120 77 77 41 70 70 59 59 84 79 79 54 69 69 12 12 12 4 4 4 3 3 3 3 3 2 2 1 1 1 1 1 0 0 0 0 0 0 0 0 0 0 0 0
 65 65 120 77 77 41 70 70 59 59 84 79 79 54 69 69 12 12 12 4 4 4 3 3 3 3 3 2 2 1 1 1 1 1 0 0 0 0 0 0 0 0 0 0 0 0
 66 66 80 46 46 26 50 50 68 68 88 88 88 95 35 35 15 15 3 6 6 6 7 7 6 6 4 41 41 8 21 21 11 11 0 0 0 0 0 0 0 0 0 0 0 0
 13 13 13 28 28 26 58 58 100 100 99 90 90 140 14 14 9 9 5 5 5 8 8 8 10 10 12 41 41 19 21 21 18 18 0 0 0 0 0 0 0 0 0 0 0 0
 13 13 13 28 28 26 58 58 100 100 99 90 90 140 14 14 9 9 5 5 5 8 8 8 10 10 12 41 41 19 21 21 18 18 0 0 0 0 0 0 0 0 0 0 0 0
 1 1 26 33 33 54 58 58 141 141 80 125 125 146 92 92 39 39 12 9 9 13 12 12 15 15 30 44 44 25 28 28 5 5 2 1 1 0 0 0 0 0 0 0 0 0
 2 2 10 12 12 21 41 41 145 145 146 55 55 116 24 24 10 10 8 8 8 15 11 11 30 30 38 18 18 13 9 9 4 4 2 2 2 0 0 0 0 0 0 0 0 0
 2 2 10 12 12 21 41 41 145 145 146 55 55 116 24 24 10 10 8 8 8 15 11 11 30 30 38 18 18 13 9 9 4 4 2 2 2 0 0 0 0 0 0 0 0 0
 1 1 9 9 9 18 29 29 34 34 42 17 17 110 13 13 4 4 13 11 11 14 17 17 32 32 30 29 29 43 11 11 12 12 3 2 2 1 0 0 0 0 0 0 0 0
 1 1 9 9 9 18 29 29 34 34 42 17 17 110 13 13 4 4 13 11 11 14 17 17 32 32 30 29 29 43 11 11 12 12 3 2 2 1 0 0 0 0 0 0 0 0
 1 1 1 3 3 7 18 18 5 5 71 43 43 9 8 8 4 4 15 13 13 17 15 15 34 34 29 32 32 29 28 28 8 8 5 2 2 2 1 1 0 0 0 1 1 1
 0 0 2 2 2 5 8 8 7 7 84 13 13 17 76 76 10 10 15 10 10 14 10 10 13 13 30 56 56 26 26 26 14 14 10 2 2 3 2 2 2 2 1 0 0 0
 0 0 2 2 2 5 8 8 7 7 84 13 13 17 76 76 10 10 15 10 10 14 10 10 13 13 30 56 56 26 26 26 14 14 10 2 2 3 2 2 2 2 1 0 0 0
 1 1 1 3 3 3 3 3 4 4 8 9 9 14 12 12 56 56 55 54 54 20 9 9 13 13 21 27 27 25 52 52 14 14 3 4 4 2 1 1 2 2 0 0 0 0
 1 1 2 2 2 5 6 6 8 8 17 14 14 11 14 14 57 57 54 53 53 14 19 19 9 9 26 47 47 28 18 18 16 16 2 2 2 2 0 0 0 0 0 0 0 0
 1 1 2 2 2 5 6 6 8 8 17 14 14 11 14 14 57 57 54 53 53 14 19 19 9 9 26 47 47 28 18 18 16 16 2 2 2 2 0 0 0 0 0 0 0 0
 5 5 2 3 3 3 2 2 4 4 4 24 24 12 64 64 110 110 107 59 59 14 18 18 9 9 18 28 28 22 9 9 11 11 2 0 0 0 0 0 0 0 0 0 0 0
 5 5 2 3 3 3 2 2 4 4 4 24 24 12 64 64 110 110 107 59 59 14 18 18 9 9 18 28 28 22 9 9 11 11 2 0 0 0 0 0 0 0 0 0 0 0
 5 5 1 2 2 9 3 3 7 7 6 12 12 11 65 65 109 109 37 24 24 25 12 12 17 17 16 27 27 7 10 10 4 4 4 1 1 0 0 0 0 0 0 0 0 0
 3 3 1 3 3 24 5 5 4 4 2 30 30 29 89 89 35 35 36 24 24 25 13 13 12 12 12 8 8 13 10 10 7 7 5 1 1 0 0 0 0 0 0 0 0 0
 3 3 1 3 3 24 5 5 4 4 2 30 30 29 89 89 35 35 36 24 24 25 13 13 12 12 12 8 8 13 10 10 7 7 5 1 1 0 0 0 0 0 0 0 0 0
 7 7 5 12 12 8 3 3 3 3 1 31 31 28 91 91 2 2 5 3 3 3 11 11 19 19 12 13 13 11 8 8 5 5 4 2 2 0 0 0 0 0 1 0 0 0
 5 5 5 5 5 7 3 3 1 1 1 7 7 1 1 1 1 1 6 2 2 8 14 14 18 18 14 24 24 14 19 19 17 17 5 1 1 1 1 1 1 1 2 2 2 0
 5 5 5 5 5 7 3 3 1 1 1 7 7 1 1 1 1 1 6 2 2 8 14 14 18 18 14 24 24 14 19 19 17 17 5 1 1 1 1 1 1 1 2 2 2 0
 0 0 0 1 1 2 2 2 1 1 1 1 1 1 1 1 1 1 3 2 2 9 14 14 14 14 14 31 31 26 22 22 12 12 4 1 1 1 2 2 3 3 3 1 1 0
 0 0 0 1 1 2 2 2 1 1 1 1 1 1 1 1 1 1 3 2 2 9 14 14 14 14 14 31 31 26 22 22 12 12 4 1 1 1 2 2 3 3 3 1 1 0
 1 1 1 3 3 1 1 1 1 1 1 1 1 1 1 1 2 2 2 2 2 2 2 2 13 13 11 12 12 17 23 23 3 3 5 6 6 2 3 3 7 7 4 0 0 0
 0 0 0 0 0 1 1 1 1 1 1 1 1 1 1 1 1 1 15 21 21 3 3 3 27 27 17 18 18 12 11 11 4 4 7 8 8 6 22 22 13 13 6 1 1 2
 0 0 0 0 0 1 1 1 1 1 1 1 1 1 1 1 1 1 15 21 21 3 3 3 27 27 17 18 18 12 11 11 4 4 7 8 8 6 22 22 13 13 6 1 1 2
 1 1 6 0 0 2 1 1 1 1 2 1 1 1 3 3 2 2 8 4 4 3 4 4 26 26 41 63 63 12 22 22 11 11 11 11 11 17 30 30 10 10 5 2 2 6
 1 1 7 2 2 3 3 3 5 5 6 4 4 2 14 14 6 6 8 5 5 6 6 6 60 60 59 68 68 23 23 23 14 14 33 16 16 19 22 22 8 8 8 6 6 5
 1 1 7 2 2 3 3 3 5 5 6 4 4 2 14 14 6 6 8 5 5 6 6 6 60 60 59 68 68 23 23 23 14 14 33 16 16 19 22 22 8 8 8 6 6 5
 7 7 6 6 6 11 5 5 6 6 6 9 9 8 4 4 6 6 8 9 9 10 7 7 9 9 17 19 19 22 23 23 23 23 26 11 11 17 15 15 15 15 27 38 38 5
 7 7 6 6 6 11 5 5 6 6 6 9 9 8 4 4 6 6 8 9 9 10 7 7 9 9 17 19 19 22 23 23 23 23 26 11 11 17 15 15 15 15 27 38 38 5
 5 5 5 8 8 12 9 9 14 14 12 22 22 17 9 9 12 12 20 22 22 9 15 15 20 20 14 17 17 56 19 19 44 44 27 19 19 17 24 24 41 41 51 42 42 12
 5 5 6 13 13 24 29 29 33 33 31 20 20 29 14 14 10 10 18 11 11 9 22 22 22 22 38 79 79 57 19 19 34 34 24 49 49 25 56 56 35 35 56 60 60 8
 5 5 6 13 13 24 29 29 33 33 31 20 20 29 14 14 10 10 18 11 11 9 22 22 22 22 38 79 79 57 19 19 34 34 24 49 49 25 56 56 35 35 56 60 60 8
 6 6 17 20 20 83 50 50 27 27 25 19 19 25 43 43 48 48 16 13 13 11 29 29 22 22 78 78 78 91 20 20 25 25 16 46 46 72 61 61 52 52 35 35 35 11
 5 5 17 20 20 72 78 78 13 13 15 21 21 28 115 115 119 119 19 22 22 18 6 6 18 18 81 82 82 100 81 81 30 30 17 24 24 37 68 68 53 53 32 14 14 11
 5 5 17 20 20 72 78 78 13 13 15 21 21 28 115 115 119 119 19 22 22 18 6 6 18 18 81 82 82 100 81 81 30 30 17 24 24 37 68 68 53 53 32 14 14 11
 5 5 12 15 15 23 16 16 13 13 16 17 17 39 43 43 84 84 32 30 30 9 7 7 7 7 5 104 104 94 98 98 22 22 39 19 19 32 56 56 25 25 29 26 26 34
 5 5 12 15 15 23 16 16 13 13 16 17 17 39 43 43 84 84 32 30 30 9 7 7 7 7 5 104 104 94 98 98 22 22 39 19 19 32 56 56 25 25 29 26 26 34
 0 0 5 17 17 26 13 13 17 17 17 20 20 19 20 20 92 92 25 30 30 16 8 8 6 6 5 107 107 3 31 31 37 37 37 21 21 33 28 28 24 24 22 20 20 37
 0 0 5 7 7 20 16 16 21 21 21 19 19 20 18 18 14 14 37 23 23 12 2 2 4 4 5 3 3 2 31 31 34 34 13 12 12 17 26 26 28 28 38 49 49 29
 0 0 5 7 7 20 16 16 21 21 21 19 19 20 18 18 14 14 37 23 23 12 2 2 4 4 5 3 3 2 31 31 34 34 13 12 12 17 26 26 28 28 38 49 49 29
 2 2 3 4 4 21 17 17 21 21 21 21 21 20 19 19 16 16 29 15 15 7 2 2 3 3 5 4 4 4 1 1 6 6 12 12 12 17 27 27 28 28 36 35 35 44
 1 1 2 6 6 5 5 5 18 18 20 15 15 14 25 25 17 17 14 14 14 19 6 6 4 4 12 12 12 8 14 14 13 13 7 11 11 18 26 26 35 35 61 67 67 41
