assets/RAT_results/precipitation/2017-08-03_IMERG.asc
ncols        46
nrows        77
xllcorner    74.800261325624
yllcorner    8.058333333333
cellsize     0.062500000000
NODATA_value -9999
 52 52 27 60 60 67 54 54 66 66 37 33 33 24 19 19 4 4 8 6 6 0 0 0 0 0 0 0 0 0 0 0 0 0 0 0 0 0 0 0 0 0 0 0 0 1
 44 44 39 25 25 27 49 49 48 48 47 30 30 44 16 16 12 12 7 7 7 0 4 4 0 0 1 0 0 0 0 0 0 0 0 1 1 0 0 0 3 3 3 0 0 0
 44 44 39 25 25 27 49 49 48 48 47 30 30 44 16 16 12 12 7 7 7 0 4 4 0 0 1 0 0 0 0 0 0 0 0 1 1 0 0 0 3 3 3 0 0 0
 20 20 23 20 20 15 24 24 49 49 29 31 31 29 19 19 15 15 30 6 6 5 8 8 1 1 15 2 2 0 0 0 0 0 0 2 2 1 1 1 1 1 1 0 0 1
 27 27 30 35 35 21 16 16 38 38 32 40 40 27 23 23 13 13 14 11 11 10 4 4 1 1 0 0 0 0 1 1 0 0 0 0 0 0 1 1 0 0 0 0 0 0
 27 27 30 35 35 21 16 16 38 38 32 40 40 27 23 23 13 13 14 11 11 10 4 4 1 1 0 0 0 0 1 1 0 0 0 0 0 0 1 1 0 0 0 0 0 0
 38 38 28 34 34 22 26 26 39 39 27 24 24 25 19 19 11 11 1 1 1 1 0 0 0 0 0 0 0 1 1 1 1 1 0 0 0 0 1 1 0 0 0 0 0 0
 38 38 28 34 34 22 26 26 39 39 27 24 24 25 19 19 11 11 1 1 1 1 0 0 0 0 0 0 0 1 1 1 1 1 0 0 0 0 1 1 0 0 0 0 0 0
 19 19 38 19 19 16 21 21 29 29 41 34 34 23 7 7 7 7 3 3 3 0 0 0 0 0 0 0 0 0 0 0 0 0 0 0 0 3 0 0 0 0 0 0 0 0
 62 62 27 16 16 30 20 20 28 28 16 24 24 23 18 18 8 8 1 0 0 4 0 0 0 0 0 0 0 0 0 0 0 0 0 0 0 0 0 0 0 0 0 0 0 0
 62 62 27 16 16 30 20 20 28 28 16 24 24 23 18 18 8 8 1 0 0 4 0 0 0 0 0 0 0 0 0 0 0 0 0 0 0 0 0 0 0 0 0 0 0 0
 73 73 38 29 29 38 36 36 33 33 67 17 17 15 18 18 14 14 7 5 5 4 0 0 0 0 0 0 0 1 1 1 0 0 1 1 1 0 0 0 1 1 0 0 0 0
 36 36 34 32 32 24 36 36 21 21 10 9 9 20 23 23 15 15 14 4 4 3 3 3 1 1 1 0 0 0 0 0 1 1 2 2 2 1 1 1 1 1 1 0 0 0
 36 36 34 32 32 24 36 36 21 21 10 9 9 20 23 23 15 15 14 4 4 3 3 3 1 1 1 0 0 0 0 0 1 1 2 2 2 1 1 1 1 1 1 0 0 0
 30 30 62 78 78 26 46 46 28 28 32 13 13 13 20 20 15 15 22 18 18 5 3 3 3 3 2 1 1 0 0 0 0 0 0 0 0 0 1 1 1 1 1 0 0 0
 30 30 62 78 78 26 46 46 28 28 32 13 13 13 20 20 15 15 22 18 18 5 3 3 3 3 2 1 1 0 0 0 0 0 0 0 0 0 1 1 1 1 1 0 0 0
 12 12 12 19 19 44 32 32 32 32 23 15 15 13 17 17 6 6 9 10 10 3 5 5 0 0 1 0 0 0 0 0 0 0 0 0 0 0 0 0 0 0 1 0 0 0
 9 9 14 12 12 21 20 20 45 45 17 14 14 14 61 61 25 25 10 12 12 6 1 1 1 1 0 0 0 0 0 0 1 1 0 0 0 0 0 0 0 0 0 0 0 0
 9 9 14 12 12 21 20 20 45 45 17 14 14 14 61 61 25 25 10 12 12 6 1 1 1 1 0 0 0 0 0 0 1 1 0 0 0 0 0 0 0 0 0 0 0 0
 19 19 17 16 16 8 35 35 37 37 22 16 16 10 10 10 17 17 3 3 3 1 2 2 1 1 0 0 0 0 0 0 0 0 1 0 0 0 0 0 0 0 0 0 0 1
 18 18 22 20 20 13 10 10 13 13 32 35 35 24 9 9 11 11 3 3 3 2 2 2 0 0 0 0 0 0 0 0 0 0 0 0 0 0 0 0 0 0 0 0 0 0
 18 18 22 20 20 13 10 10 13 13 32 35 35 24 9 9 11 11 3 3 3 2 2 2 0 0 0 0 0 0 0 0 0 0 0 0 0 0 0 0 0 0 0 0 0 0
 27 27 40 7 7 10 10 10 15 15 24 41 41 28 17 17 13 13 16 13 13 11 0 0 0 0 0 1 1 0 0 0 0 0 0 0 0 0 0 0 0 0 0 0 0 0
 27 27 40 7 7 10 10 10 15 15 24 41 41 28 17 17 13 13 16 13 13 11 0 0 0 0 0 1 1 0 0 0 0 0 0 0 0 0 0 0 0 0 0 0 0 0
 2 2 13 4 4 6 43 43 14 14 15 11 11 16 21 21 25 25 31 17 17 20 22 22 6 6 1 1 1 1 1 1 1 1 0 0 0 0 0 0 0 0 0 0 0 0
 3 3 3 9 9 6 7 7 6 6 12 45 45 10 22 22 16 16 11 14 14 8 12 12 10 10 3 2 2 3 1 1 0 0 0 0 0 0 0 0 0 0 0 0 0 0
 3 3 3 9 9 6 7 7 6 6 12 45 45 10 22 22 16 16 11 14 14 8 12 12 10 10 3 2 2 3 1 1 0 0 0 0 0 0 0 0 0 0 0 0 0 0
 5 5 6 5 5 7 8 8 5 5 10 6 6 12 11 11 11 11 9 6 6 5 12 12 12 12 4 2 2 1 1 1 0 0 0 0 0 0 0 0 0 0 0 0 0 0
 5 5 10 6 6 11 10 10 8 8 6 5 5 6 7 7 5 5 10 4 4 11 22 22 15 15 11 2 2 2 3 3 0 0 0 0 0 0 0 0 0 0 0 0 0 0
 5 5 10 6 6 11 10 10 8 8 6 5 5 6 7 7 5 5 10 4 4 11 22 22 15 15 11 2 2 2 3 3 0 0 0 0 0 0 0 0 0 0 0 0 0 0
 7 7 16 10 10 34 20 20 11 11 7 7 7 8 5 5 3 3 5 4 4 10 30 30 20 20 11 5 5 2 4 4 2 2 0 0 0 0 0 0 0 0 0 0 0 0
 7 7 16 10 10 34 20 20 11 11 7 7 7 8 5 5 3 3 5 4 4 10 30 30 20 20 11 5 5 2 4 4 2 2 0 0 0 0 0 0 0 0 0 0 0 0
 5 5 4 5 5 7 12 12 16 16 11 5 5 5 4 4 2 2 4 4 4 5 12 12 16 16 10 8 8 4 6 6 3 3 3 3 3 0 2 2 0 0 0 0 0 0
 2 2 5 5 5 5 7 7 11 11 12 3 3 3 2 2 1 1 5 8 8 6 3 3 10 10 22 25 25 9 1 1 3 3 4 3 3 0 0 0 0 0 0 0 0 0
 2 2 5 5 5 5 7 7 11 11 12 3 3 3 2 2 1 1 5 8 8 6 3 3 10 10 22 25 25 9 1 1 3 3 4 3 3 0 0 0 0 0 0 0 0 0
 2 2 8 5 5 5 8 8 9 9 11 9 9 3 2 2 2 2 3 9 9 15 7 7 10 10 22 13 13 7 2 2 2 2 3 0 0 0 0 0 0 0 0 0 0 0
 3 3 6 5 5 5 6 6 11 11 9 4 4 3 4 4 4 4 5 12 12 14 6 6 5 5 2 4 4 6 5 5 4 4 2 0 0 0 2 2 0 0 0 0 0 0
 3 3 6 5 5 5 6 6 11 11 9 4 4 3 4 4 4 4 5 12 12 14 6 6 5 5 2 4 4 6 5 5 4 4 2 0 0 0 2 2 0 0 0 0 0 0
 2 2 3 5 5 3 4 4 4 4 4 5 5 2 3 3 2 2 6 8 8 9 25 25 35 35 16 6 6 8 5 5 2 2 2 0 0 1 2 2 0 0 0 0 0 6
 2 2 3 5 5 3 4 4 4 4 4 5 5 2 3 3 2 2 6 8 8 9 25 25 35 35 16 6 6 8 5 5 2 2 2 0 0 1 2 2 0 0 0 0 0 6
 1 1 2 2 2 3 2 2 3 3 4 5 5 5 2 2 1 1 1 3 3 3 6 6 15 15 14 2 2 4 4 4 3 3 1 1 1 2 0 0 0 0 0 0 0 0
 4 4 3 2 2 1 2 2 2 2 1 2 2 3 2 2 0 0 1 3 3 4 6 6 6 6 5 15 15 9 7 7 3 3 1 2 2 2 1 1 1 1 1 1 1 0
 4 4 3 2 2 1 2 2 2 2 1 2 2 3 2 2 0 0 1 3 3 4 6 6 6 6 5 15 15 9 7 7 3 3 1 2 2 2 1 1 1 1 1 1 1 0
 5 5 7 3 3 1 2 2 1 1 1 2 2 2 2 2 3 3 0 1 1 3 5 5 5 5 3 15 15 12 4 4 3 3 2 2 2 7 3 3 2 2 1 0 0 0
 14 14 11 6 6 3 1 1 4 4 4 2 2 4 8 8 5 5 1 2 2 7 5 5 11 11 2 2 2 2 3 3 5 5 1 1 1 4 1 1 1 1 0 0 0 0
 14 14 11 6 6 3 1 1 4 4 4 2 2 4 8 8 5 5 1 2 2 7 5 5 11 11 2 2 2 2 3 3 5 5 1 1 1 4 1 1 1 1 0 0 0 0
 13 13 6 4 4 2 2 2 2 2 7 4 4 8 15 15 16 16 5 22 22 9 4 4 6 6 6 4 4 2 6 6 7 7 11 5 5 5 0 0 1 1 0 0 0 0
 13 13 6 4 4 2 2 2 2 2 7 4 4 8 15 15 16 16 5 22 22 9 4 4 6 6 6 4 4 2 6 6 7 7 11 5 5 5 0 0 1 1 0 0 0 0
 3 3 2 2 2 3 5 5 7 7 21 26 26 20 26 26 30 30 17 13 13 10 4 4 7 7 15 5 5 4 28 28 21 21 14 7 7 3 0 0 0 0 0 0 0 0
 2 2 2 1 1 4 7 7 10 10 11 13 13 16 21 21 27 27 32 20 20 15 7 7 8 8 13 9 9 13 22 22 16 16 17 7 7 6 5 5 5 5 2 0 0 0
 2 2 2 1 1 4 7 7 10 10 11 13 13 16 21 21 27 27 32 20 20 15 7 7 8 8 13 9 9 13 22 22 16 16 17 7 7 6 5 5 5 5 2 0 0 0
 2 2 1 1 1 2 4 4 8 8 7 10 10 9 16 16 21 21 22 26 26 32 17 17 14 14 14 19 19 11 4 4 2 2 11 8 8 7 5 5 5 5 3 0 0 0
 2 2 1 0 0 1 3 3 5 5 7 8 8 11 13 13 19 19 27 22 22 16 19 19 28 28 24 26 26 12 8 8 15 15 12 9 9 6 5 5 5 5 0 0 0 0
 2 2 1 0 0 1 3 3 5 5 7 8 8 11 13 13 19 19 27 22 22 16 19 19 28 28 24 26 26 12 8 8 15 15 12 9 9 6 5 5 5 5 0 0 0 0
 2 2 1 2 2 2 4 4 5 5 4 3 3 8 13 13 14 14 45 43 43 14 16 16 29 29 14 23 23 27 14 14 18 18 40 18 18 0 1 1 1 1 0 0 0 0
 2 2 1 2 2 2 4 4 5 5 4 3 3 8 13 13 14 14 45 43 43 14 16 16 29 29 14 23 23 27 14 14 18 18 40 18 18 0 1 1 1 1 0 0 0 0
 3 3 2 2 2 3 4 4 3 3 6 14 14 17 24 24 49 49 44 15 15 14 14 14 20 20 19 25 25 14 12 12 37 37 30 28 28 14 3 3 2 2 0 0 0 0
 1 1 3 12 12 12 11 11 5 5 6 9 9 17 31 31 28 28 32 10 10 14 16 16 13 13 16 24 24 20 9 9 15 15 34 19 19 21 12 12 7 7 2 0 0 0
 1 1 3 12 12 12 11 11 5 5 6 9 9 17 31 31 28 28 32 10 10 14 16 16 13 13 16 24 24 20 9 9 15 15 34 19 19 21 12 12 7 7 2 0 0 0
 1 1 3 11 11 12 5 5 3 3 2 8 8 13 15 15 17 17 17 14 14 12 19 19 11 11 19 16 16 19 14 14 7 7 16 6 6 13 12 12 10 10 0 1 1 0
 2 2 2 5 5 5 3 3 3 3 2 2 2 6 4 4 15 15 15 20 20 13 12 12 26 26 26 17 17 19 10 10 9 9 10 6 6 5 7 7 6 6 1 0 0 0
 2 2 2 5 5 5 3 3 3 3 2 2 2 6 4 4 15 15 15 20 20 13 12 12 26 26 26 17 17 19 10 10 9 9 10 6 6 5 7 7 6 6 1 0 0 0
 2 2 2 5 5 3 4 4 18 18 2 0 0 4 3 3 3 3 12 18 18 10 16 16 12 12 11 14 14 15 17 17 14 14 17 1 1 5 5 5 8 8 0 0 0 0
 2 2 2 5 5 3 4 4 18 18 2 0 0 4 3 3 3 3 12 18 18 10 16 16 12 12 11 14 14 15 17 17 14 14 17 1 1 5 5 5 8 8 0 0 0 0
 2 2 2 1 1 1 1 1 5 5 4 3 3 1 4 4 3 3 5 14 14 7 18 18 13 13 12 9 9 11 8 8 7 7 4 1 1 6 6 6 13 13 5 1 1 1
 8 8 10 6 6 6 3 3 4 4 6 8 8 5 4 4 2 2 3 3 3 11 9 9 10 10 4 1 1 4 6 6 7 7 4 3 3 4 5 5 5 5 1 0 0 1
 8 8 10 6 6 6 3 3 4 4 6 8 8 5 4 4 2 2 3 3 3 11 9 9 10 10 4 1 1 4 6 6 7 7 4 3 3 4 5 5 5 5 1 0 0 1
 10 10 21 13 13 7 11 11 4 4 8 2 2 3 4 4 5 5 4 4 4 9 8 8 9 9 7 2 2 0 2 2 5 5 1 1 1 0 2 2 45 45 1 1 1 1
 16 16 9 6 6 11 26 26 4 4 6 4 4 2 5 5 7 7 4 6 6 8 8 8 13 13 11 13 13 3 1 1 3 3 3 3 3 2 10 10 3 3 4 0 0 2
 16 16 9 6 6 11 26 26 4 4 6 4 4 2 5 5 7 7 4 6 6 8 8 8 13 13 11 13 13 3 1 1 3 3 3 3 3 2 10 10 3 3 4 0 0 2
 9 9 36 6 6 6 2 2 10 10 21 4 4 13 5 5 5 5 2 4 4 3 11 11 11 11 21 16 16 3 1 1 1 1 4 3 3 1 3 3 0 0 1 1 1 0
 9 9 36 6 6 6 2 2 10 10 21 4 4 13 5 5 5 5 2 4 4 3 11 11 11 11 21 16 16 3 1 1 1 1 4 3 3 1 3 3 0 0 1 1 1 0
 35 35 9 14 14 11 3 3 2 2 3 2 2 4 2 2 2 2 2 6 6 5 12 12 6 6 5 11 11 5 1 1 1 1 1 3 3 1 1 1 2 2 1 0 0 0
 10 10 6 12 12 4 2 2 3 3 3 7 7 11 1 1 3 3 2 7 7 10 21 21 7 7 9 9 9 11 6 6 5 5 1 0 0 1 2 2 1 1 1 0 0 1
 10 10 6 12 12 4 2 2 3 3 3 7 7 11 1 1 3 3 2 7 7 10 21 21 7 7 9 9 9 11 6 6 5 5 1 0 0 1 2 2 1 1 1 0 0 1
 3 3 3 3 3 4 4 4 1 1 1 4 4 7 1 1 1 1 6 9 9 27 29 29 17 17 10 10 10 8 6 6 2 2 1 0 0 2 1 1 2 2 0 0 0 0
 2 2 3 4 4 3 3 3 1 1 5 31 31 3 1 1 3 3 10 17 17 10 5 5 9 9 10 9 9 7 1 1 1 1 0 1 1 2 0 0 0 0 0 0 0 1
