assets/RAT_results/precipitation/2017-08-10_IMERG.asc
ncols        46
nrows        77
xllcorner    74.800261325624
yllcorner    8.058333333333
cellsize     0.062500000000
NODATA_value -9999
 2 2 4 2 2 3 2 2 3 3 7 7 7 5 6 6 3 3 2 1 1 2 1 1 1 1 0 0 0 1 1 1 1 1 1 2 2 2 2 2 3 3 3 3 3 2
 3 3 3 3 3 4 1 1 2 2 4 5 5 9 8 8 5 5 2 1 1 1 1 1 1 1 1 1 1 2 2 2 1 1 1 1 1 2 1 1 1 1 2 1 1 1
 3 3 3 3 3 4 1 1 2 2 4 5 5 9 8 8 5 5 2 1 1 1 1 1 1 1 1 1 1 2 2 2 1 1 1 1 1 2 1 1 1 1 2 1 1 1
 2 2 2 5 5 3 2 2 3 3 3 4 4 6 6 6 3 3 3 1 1 1 1 1 1 1 1 2 2 4 5 5 3 3 1 1 1 1 1 1 1 1 1 1 1 1
 6 6 4 5 5 7 6 6 6 6 8 7 7 7 7 7 5 5 2 1 1 1 1 1 2 2 4 6 6 7 6 6 3 3 1 1 1 2 1 1 1 1 1 0 0 1
 6 6 4 5 5 7 6 6 6 6 8 7 7 7 7 7 5 5 2 1 1 1 1 1 2 2 4 6 6 7 6 6 3 3 1 1 1 2 1 1 1 1 1 0 0 1
 4 4 5 4 4 9 8 8 8 8 9 4 4 6 5 5 5 5 2 1 1 1 1 1 3 3 8 9 9 7 4 4 2 2 1 1 1 1 1 1 0 0 1 1 1 1
 4 4 5 4 4 9 8 8 8 8 9 4 4 6 5 5 5 5 2 1 1 1 1 1 3 3 8 9 9 7 4 4 2 2 1 1 1 1 1 1 0 0 1 1 1 1
 3 3 3 5 5 7 7 7 5 5 4 2 2 2 3 3 2 2 2 2 2 1 1 1 2 2 6 7 7 4 2 2 1 1 1 1 1 1 0 0 1 1 0 1 1 0
 2 2 3 4 4 6 5 5 5 5 2 1 1 2 3 3 3 3 2 3 3 1 1 1 1 1 2 1 1 1 0 0 1 1 1 0 0 0 0 0 0 0 0 0 0 0
 2 2 3 4 4 6 5 5 5 5 2 1 1 2 3 3 3 3 2 3 3 1 1 1 1 1 2 1 1 1 0 0 1 1 1 0 0 0 0 0 0 0 0 0 0 0
 1 1 2 2 2 3 5 5 4 4 2 1 1 2 3 3 5 5 3 1 1 1 1 1 0 0 0 0 0 0 1 1 1 1 0 0 0 0 0 0 0 0 0 0 0 1
 2 2 4 2 2 6 5 5 6 6 4 2 2 2 3 3 4 4 6 3 3 1 1 1 0 0 0 0 0 0 0 0 1 1 0 1 1 0 0 0 0 0 1 3 3 2
 2 2 4 2 2 6 5 5 6 6 4 2 2 2 3 3 4 4 6 3 3 1 1 1 0 0 0 0 0 0 0 0 1 1 0 1 1 0 0 0 0 0 1 3 3 2
 5 5 2 3 3 3 4 4 5 5 6 6 6 2 2 2 4 4 4 4 4 3 0 0 0 0 0 0 0 0 0 0 0 0 0 0 0 1 1 1 1 1 2 1 1 1
 5 5 2 3 3 3 4 4 5 5 6 6 6 2 2 2 4 4 4 4 4 3 0 0 0 0 0 0 0 0 0 0 0 0 0 0 0 1 1 1 1 1 2 1 1 1
 5 5 2 1 1 2 2 2 3 3 2 2 2 1 1 1 1 1 3 3 3 1 1 1 0 0 0 0 0 0 0 0 1 1 1 0 0 2 5 5 1 1 1 3 3 2
 5 5 2 1 1 1 2 2 1 1 4 2 2 1 1 1 6 6 2 2 2 1 1 1 0 0 1 1 1 1 1 1 2 2 1 1 1 1 2 2 1 1 1 1 1 1
 5 5 2 1 1 1 2 2 1 1 4 2 2 1 1 1 6 6 2 2 2 1 1 1 0 0 1 1 1 1 1 1 2 2 1 1 1 1 2 2 1 1 1 1 1 1
 5 5 5 2 2 1 2 2 1 1 1 2 2 3 3 3 3 3 4 8 8 0 1 1 0 0 0 1 1 1 7 7 6 6 6 2 2 3 3 3 0 0 1 5 5 8
 2 2 3 1 1 2 1 1 1 1 1 4 4 2 3 3 3 3 5 5 5 3 1 1 1 1 0 1 1 1 1 1 6 6 1 2 2 2 2 2 0 0 2 2 2 8
 2 2 3 1 1 2 1 1 1 1 1 4 4 2 3 3 3 3 5 5 5 3 1 1 1 1 0 1 1 1 1 1 6 6 1 2 2 2 2 2 0 0 2 2 2 8
 3 3 2 2 2 2 1 1 1 1 1 1 1 2 2 2 2 2 3 2 2 5 1 1 3 3 0 1 1 0 1 1 2 2 2 2 2 1 2 2 2 2 2 3 3 18
 3 3 2 2 2 2 1 1 1 1 1 1 1 2 2 2 2 2 3 2 2 5 1 1 3 3 0 1 1 0 1 1 2 2 2 2 2 1 2 2 2 2 2 3 3 18
 2 2 3 2 2 2 2 2 1 1 1 1 1 1 2 2 1 1 3 0 0 0 0 0 0 0 0 0 0 1 1 1 4 4 1 0 0 0 1 1 2 2 2 5 5 19
 3 3 2 2 2 2 2 2 2 2 1 1 1 0 1 1 1 1 2 0 0 0 0 0 0 0 0 2 2 1 0 0 0 0 2 1 1 0 2 2 5 5 3 6 6 7
 3 3 2 2 2 2 2 2 2 2 1 1 1 0 1 1 1 1 2 0 0 0 0 0 0 0 0 2 2 1 0 0 0 0 2 1 1 0 2 2 5 5 3 6 6 7
 2 2 1 3 3 2 2 2 6 6 1 1 1 1 1 1 1 1 2 0 0 0 1 1 0 0 0 2 2 2 0 0 0 0 2 1 1 0 1 1 20 20 4 4 4 6
 2 2 2 2 2 2 4 4 6 6 1 0 0 1 1 1 1 1 2 0 0 0 0 0 0 0 0 1 1 3 3 3 0 0 0 0 0 0 2 2 1 1 2 6 6 6
 2 2 2 2 2 2 4 4 6 6 1 0 0 1 1 1 1 1 2 0 0 0 0 0 0 0 0 1 1 3 3 3 0 0 0 0 0 0 2 2 1 1 2 6 6 6
 2 2 1 2 2 2 2 2 8 8 3 0 0 1 0 0 2 2 1 1 1 0 0 0 1 1 0 0 0 2 2 2 0 0 0 0 0 0 1 1 1 1 3 5 5 6
 2 2 1 2 2 2 2 2 8 8 3 0 0 1 0 0 2 2 1 1 1 0 0 0 1 1 0 0 0 2 2 2 0 0 0 0 0 0 1 1 1 1 3 5 5 6
 2 2 1 1 1 1 2 2 6 6 4 1 1 2 1 1 4 4 2 2 2 1 1 1 0 0 1 1 1 1 3 3 2 2 0 0 0 0 1 1 1 1 2 4 4 1
 2 2 2 1 1 2 2 2 2 2 2 1 1 1 1 1 1 1 2 3 3 1 2 2 2 2 2 2 2 1 0 0 1 1 0 0 0 0 0 0 0 0 0 1 1 1
 2 2 2 1 1 2 2 2 2 2 2 1 1 1 1 1 1 1 2 3 3 1 2 2 2 2 2 2 2 1 0 0 1 1 0 0 0 0 0 0 0 0 0 1 1 1
 2 2 2 1 1 3 2 2 1 1 1 1 1 1 1 1 1 1 3 3 3 2 2 2 2 2 1 1 1 0 0 0 0 0 0 0 0 0 0 0 0 0 0 0 0 0
 2 2 2 2 2 2 2 2 1 1 1 1 1 1 1 1 6 6 1 3 3 2 1 1 0 0 0 0 0 0 2 2 2 2 4 1 1 1 1 1 0 0 0 2 2 3
 2 2 2 2 2 2 2 2 1 1 1 1 1 1 1 1 6 6 1 3 3 2 1 1 0 0 0 0 0 0 2 2 2 2 4 1 1 1 1 1 0 0 0 2 2 3
 2 2 2 1 1 1 1 1 2 2 1 1 1 1 1 1 1 1 1 2 2 2 1 1 0 0 0 4 4 4 4 4 4 4 7 3 3 3 3 3 4 4 6 4 4 5
 2 2 2 1 1 1 1 1 2 2 1 1 1 1 1 1 1 1 1 2 2 2 1 1 0 0 0 4 4 4 4 4 4 4 7 3 3 3 3 3 4 4 6 4 4 5
 2 2 2 2 2 1 2 2 3 3 2 2 2 1 1 1 1 1 1 5 5 3 3 3 1 1 1 4 4 4 7 7 9 9 9 7 7 6 3 3 4 4 5 7 7 5
 3 3 3 3 3 2 1 1 1 1 2 3 3 1 0 0 0 0 1 2 2 5 2 2 2 2 1 7 7 6 6 6 9 9 10 9 9 8 8 8 5 5 7 7 7 7
 3 3 3 3 3 2 1 1 1 1 2 3 3 1 0 0 0 0 1 2 2 5 2 2 2 2 1 7 7 6 6 6 9 9 10 9 9 8 8 8 5 5 7 7 7 7
 3 3 3 2 2 2 2 2 2 2 3 2 2 1 0 0 0 0 1 1 1 2 2 2 4 4 9 7 7 5 5 5 10 10 10 14 14 11 19 19 13 13 9 11 11 8
 4 4 3 3 3 2 2 2 3 3 3 2 2 4 1 1 0 0 1 1 1 1 3 3 3 3 9 3 3 6 6 6 9 9 13 13 13 14 12 12 12 12 11 10 10 6
 4 4 3 3 3 2 2 2 3 3 3 2 2 4 1 1 0 0 1 1 1 1 3 3 3 3 9 3 3 6 6 6 9 9 13 13 13 14 12 12 12 12 11 10 10 6
 5 5 5 4 4 3 2 2 6 6 6 4 4 6 1 1 1 1 0 1 1 1 1 1 2 2 3 2 2 3 3 3 5 5 12 11 11 9 6 6 6 6 8 6 6 13
 5 5 5 4 4 3 2 2 6 6 6 4 4 6 1 1 1 1 0 1 1 1 1 1 2 2 3 2 2 3 3 3 5 5 12 11 11 9 6 6 6 6 8 6 6 13
 10 10 10 7 7 4 2 2 6 6 7 9 9 8 7 7 2 2 2 1 1 1 1 1 2 2 3 2 2 4 2 2 2 2 3 6 6 4 4 4 5 5 5 9 9 10
 17 17 13 9 9 6 4 4 6 6 6 9 9 8 1 1 1 1 2 2 2 2 1 1 2 2 3 2 2 2 8 8 3 3 3 4 4 4 5 5 7 7 6 10 10 5
 17 17 13 9 9 6 4 4 6 6 6 9 9 8 1 1 1 1 2 2 2 2 1 1 2 2 3 2 2 2 8 8 3 3 3 4 4 4 5 5 7 7 6 10 10 5
 17 17 15 11 11 11 8 8 11 11 9 9 9 7 1 1 1 1 1 1 1 1 1 1 1 1 3 2 2 3 6 6 3 3 3 6 6 6 5 5 8 8 13 20 20 7
 25 25 20 22 22 16 13 13 12 12 8 9 9 9 4 4 0 0 1 1 1 1 1 1 2 2 4 4 4 2 1 1 2 2 8 6 6 7 5 5 7 7 12 7 7 7
 25 25 20 22 22 16 13 13 12 12 8 9 9 9 4 4 0 0 1 1 1 1 1 1 2 2 4 4 4 2 1 1 2 2 8 6 6 7 5 5 7 7 12 7 7 7
 38 38 30 21 21 16 14 14 10 10 9 9 9 9 4 4 3 3 1 1 1 1 2 2 3 3 4 4 4 3 3 3 3 3 3 3 3 8 4 4 4 4 11 5 5 4
 38 38 30 21 21 16 14 14 10 10 9 9 9 9 4 4 3 3 1 1 1 1 2 2 3 3 4 4 4 3 3 3 3 3 3 3 3 8 4 4 4 4 11 5 5 4
 80 80 31 23 23 16 14 14 11 11 9 10 10 5 4 4 4 4 1 2 2 2 2 2 4 4 5 4 4 5 4 4 2 2 2 2 2 8 9 9 8 8 11 7 7 4
 52 52 38 22 22 16 15 15 12 12 11 9 9 4 4 4 1 1 1 2 2 3 2 2 3 3 4 5 5 4 4 4 3 3 3 2 2 5 5 5 7 7 7 6 6 2
 52 52 38 22 22 16 15 15 12 12 11 9 9 4 4 4 1 1 1 2 2 3 2 2 3 3 4 5 5 4 4 4 3 3 3 2 2 5 5 5 7 7 7 6 6 2
 103 103 79 61 61 26 22 22 11 11 12 9 9 4 4 4 1 1 1 1 1 1 3 3 2 2 5 4 4 4 5 5 5 5 3 2 2 4 6 6 7 7 7 6 6 3
 123 123 108 88 88 43 24 24 10 10 11 12 12 4 5 5 2 2 2 2 2 1 3 3 2 2 2 4 4 5 5 5 4 4 2 2 2 1 1 1 1 1 2 4 4 4
 123 123 108 88 88 43 24 24 10 10 11 12 12 4 5 5 2 2 2 2 2 1 3 3 2 2 2 4 4 5 5 5 4 4 2 2 2 1 1 1 1 1 2 4 4 4
 93 93 92 98 98 66 43 43 20 20 18 12 12 10 7 7 3 3 2 2 2 2 2 2 2 2 1 4 4 5 6 6 7 7 4 1 1 0 1 1 1 1 3 3 3 2
 93 93 92 98 98 66 43 43 20 20 18 12 12 10 7 7 3 3 2 2 2 2 2 2 2 2 1 4 4 5 6 6 7 7 4 1 1 0 1 1 1 1 3 3 3 2
 106 106 100 135 135 112 63 63 31 31 14 6 6 12 13 13 3 3 2 2 2 2 2 2 1 1 2 2 2 4 6 6 5 5 6 3 3 1 2 2 3 3 9 3 3 4
 82 82 48 119 119 100 41 41 28 28 9 8 8 10 14 14 16 16 3 1 1 2 2 2 1 1 1 2 2 4 4 4 7 7 7 3 3 2 2 2 3 3 6 16 16 10
 82 82 48 119 119 100 41 41 28 28 9 8 8 10 14 14 16 16 3 1 1 2 2 2 1 1 1 2 2 4 4 4 7 7 7 3 3 2 2 2 3 3 6 16 16 10
 37 37 37 35 35 30 20 20 7 7 5 3 3 5 11 11 12 12 5 1 1 1 1 1 1 1 2 2 2 2 5 5 6 6 9 4 4 2 1 1 5 5 10 16 16 15
 29 29 16 15 15 24 28 28 9 9 10 3 3 4 7 7 10 10 10 5 5 2 1 1 2 2 5 3 3 1 1 1 3 3 3 4 4 7 5 5 2 2 7 19 19 9
 29 29 16 15 15 24 28 28 9 9 10 3 3 4 7 7 10 10 10 5 5 2 1 1 2 2 5 3 3 1 1 1 3 3 3 4 4 7 5 5 2 2 7 19 19 9
 25 25 21 22 22 20 19 19 11 11 10 3 3 3 3 3 9 9 10 6 6 2 1 1 2 2 2 3 3 1 1 1 2 2 5 14 14 15 10 10 2 2 3 8 8 7
 25 25 21 22 22 20 19 19 11 11 10 3 3 3 3 3 9 9 10 6 6 2 1 1 2 2 2 3 3 1 1 1 2 2 5 14 14 15 10 10 2 2 3 8 8 7
 30 30 27 40 40 35 18 18 10 10 7 6 6 5 2 2 2 2 3 4 4 1 1 1 1 1 1 1 1 1 2 2 1 1 8 8 8 6 4 4 3 3 6 15 15 12
 34 34 93 37 37 44 40 40 17 17 10 6 6 4 2 2 2 2 1 3 3 2 1 1 1 1 1 0 0 1 4 4 1 1 2 6 6 6 2 2 3 3 11 9 9 12
 34 34 93 37 37 44 40 40 17 17 10 6 6 4 2 2 2 2 1 3 3 2 1 1 1 1 1 0 0 1 4 4 1 1 2 6 6 6 2 2 3 3 11 9 9 12
 71 71 31 32 32 37 22 22 16 16 9 3 3 2 2 2 2 2 2 4 4 1 0 0 1 1 0 0 0 0 2 2 6 6 6 8 8 3 5 5 13 13 5 6 6 15
 37 37 37 33 33 19 16 16 16 16 4 2 2 1 1 1 2 2 4 2 2 1 1 1 1 1 1 0 0 2 1 1 2 2 4 4 4 2 3 3 1 1 4 2 2 0
