assets/RAT_results/precipitation/2017-12-01_IMERG.asc
ncols        46
nrows        77
xllcorner    74.800261325624
yllcorner    8.058333333333
cellsize     0.062500000000
NODATA_value -9999
 4 4 4 3 3 3 3 3 4 4 3 4 4 4 4 4 3 3 2 1 1 1 1 1 0 0 1 1 1 1 0 0 1 1 3 2 2 3 4 4 5 5 7 6 6 10
 4 4 3 3 3 2 3 3 4 4 2 4 4 5 4 4 5 5 3 2 2 2 0 0 0 0 1 2 2 1 1 1 3 3 2 4 4 3 6 6 6 6 7 12 12 15
 4 4 3 3 3 2 3 3 4 4 2 4 4 5 4 4 5 5 3 2 2 2 0 0 0 0 1 2 2 1 1 1 3 3 2 4 4 3 6 6 6 6 7 12 12 15
 2 2 2 4 4 2 4 4 4 4 2 4 4 5 5 5 9 9 5 4 4 4 2 2 0 0 0 0 0 1 9 9 2 2 2 3 3 4 6 6 4 4 5 7 7 13
 4 4 6 5 5 4 6 6 3 3 3 4 4 6 5 5 6 6 5 8 8 7 3 3 1 1 0 1 1 4 7 7 3 3 4 4 4 4 5 5 4 4 2 4 4 14
 4 4 6 5 5 4 6 6 3 3 3 4 4 6 5 5 6 6 5 8 8 7 3 3 1 1 0 1 1 4 7 7 3 3 4 4 4 4 5 5 4 4 2 4 4 14
 5 5 7 7 7 7 7 7 4 4 5 5 5 6 6 6 9 9 6 9 9 10 3 3 1 1 0 3 3 4 7 7 6 6 4 3 3 14 12 12 3 3 3 4 4 5
 5 5 7 7 7 7 7 7 4 4 5 5 5 6 6 6 9 9 6 9 9 10 3 3 1 1 0 3 3 4 7 7 6 6 4 3 3 14 12 12 3 3 3 4 4 5
 4 4 6 7 7 7 8 8 5 5 7 7 7 7 9 9 9 9 12 23 23 18 4 4 6 6 8 7 7 4 6 6 7 7 7 7 7 8 17 17 12 12 3 8 8 8
 4 4 5 10 10 7 9 9 6 6 5 6 6 7 6 6 6 6 8 18 18 18 18 18 10 10 6 10 10 5 5 5 6 6 7 5 5 6 11 11 10 10 6 5 5 7
 4 4 5 10 10 7 9 9 6 6 5 6 6 7 6 6 6 6 8 18 18 18 18 18 10 10 6 10 10 5 5 5 6 6 7 5 5 6 11 11 10 10 6 5 5 7
 10 10 4 10 10 9 13 13 7 7 4 4 4 5 4 4 3 3 14 8 8 11 3 3 6 6 9 12 12 19 8 8 11 11 6 5 5 5 14 14 16 16 8 5 5 5
 6 6 7 13 13 14 18 18 13 13 5 3 3 2 2 2 3 3 1 1 1 0 0 0 4 4 3 11 11 13 14 14 14 14 10 4 4 5 9 9 14 14 11 8 8 6
 6 6 7 13 13 14 18 18 13 13 5 3 3 2 2 2 3 3 1 1 1 0 0 0 4 4 3 11 11 13 14 14 14 14 10 4 4 5 9 9 14 14 11 8 8 6
 5 5 7 13 13 14 19 19 12 12 8 2 2 2 1 1 3 3 2 2 2 1 0 0 0 0 3 12 12 9 11 11 16 16 13 10 10 6 6 6 3 3 10 9 9 10
 5 5 7 13 13 14 19 19 12 12 8 2 2 2 1 1 3 3 2 2 2 1 0 0 0 0 3 12 12 9 11 11 16 16 13 10 10 6 6 6 3 3 10 9 9 10
 4 4 7 9 9 12 21 21 11 11 7 5 5 5 2 2 3 3 2 1 1 1 0 0 0 0 5 11 11 14 9 9 10 10 12 17 17 14 9 9 10 10 11 13 13 10
 4 4 7 7 7 12 17 17 12 12 6 5 5 4 3 3 3 3 2 1 1 1 1 1 0 0 1 4 4 6 9 9 6 6 5 7 7 8 14 14 14 14 10 10 10 9
 4 4 7 7 7 12 17 17 12 12 6 5 5 4 3 3 3 3 2 1 1 1 1 1 0 0 1 4 4 6 9 9 6 6 5 7 7 8 14 14 14 14 10 10 10 9
 4 4 6 6 6 8 14 14 10 10 17 10 10 9 6 6 3 3 2 2 2 1 1 1 0 0 1 3 3 6 3 3 1 1 4 5 5 8 10 10 20 20 17 9 9 26
 6 6 7 5 5 10 13 13 13 13 11 13 13 13 8 8 3 3 3 3 3 1 0 0 0 0 1 2 2 7 4 4 2 2 4 6 6 5 6 6 15 15 17 13 13 31
 6 6 7 5 5 10 13 13 13 13 11 13 13 13 8 8 3 3 3 3 3 1 0 0 0 0 1 2 2 7 4 4 2 2 4 6 6 5 6 6 15 15 17 13 13 31
 4 4 5 8 8 8 10 10 13 13 15 11 11 11 8 8 4 4 3 2 2 1 1 1 2 2 4 3 3 5 2 2 2 2 1 4 4 7 7 7 11 11 12 22 22 15
 4 4 5 8 8 8 10 10 13 13 15 11 11 11 8 8 4 4 3 2 2 1 1 1 2 2 4 3 3 5 2 2 2 2 1 4 4 7 7 7 11 11 12 22 22 15
 8 8 6 4 4 5 14 14 12 12 15 17 17 13 19 19 8 8 9 3 3 4 4 4 3 3 6 7 7 4 2 2 1 1 1 4 4 3 5 5 12 12 11 23 23 27
 6 6 5 6 6 4 9 9 10 10 12 19 19 17 24 24 21 21 17 9 9 14 7 7 3 3 6 6 6 3 2 2 1 1 1 1 1 2 4 4 11 11 12 12 12 22
 6 6 5 6 6 4 9 9 10 10 12 19 19 17 24 24 21 21 17 9 9 14 7 7 3 3 6 6 6 3 2 2 1 1 1 1 1 2 4 4 11 11 12 12 12 22
 5 5 5 5 5 3 6 6 7 7 11 14 14 13 14 14 14 14 16 24 24 18 17 17 9 9 8 8 8 4 2 2 1 1 2 4 4 4 3 3 6 6 11 12 12 17
 6 6 6 5 5 3 3 3 3 3 4 4 4 12 14 14 14 14 16 18 18 17 10 10 6 6 6 10 10 6 5 5 2 2 2 1 1 2 2 2 3 3 5 6 6 7
 6 6 6 5 5 3 3 3 3 3 4 4 4 12 14 14 14 14 16 18 18 17 10 10 6 6 6 10 10 6 5 5 2 2 2 1 1 2 2 2 3 3 5 6 6 7
 5 5 4 4 4 4 2 2 3 3 2 2 2 10 7 7 10 10 15 17 17 16 9 9 7 7 3 6 6 6 5 5 2 2 1 1 1 1 1 1 2 2 2 3 3 7
 5 5 4 4 4 4 2 2 3 3 2 2 2 10 7 7 10 10 15 17 17 16 9 9 7 7 3 6 6 6 5 5 2 2 1 1 1 1 1 1 2 2 2 3 3 7
 3 3 3 3 3 3 2 2 2 2 2 2 2 3 9 9 10 10 15 13 13 12 9 9 6 6 6 7 7 8 4 4 4 4 2 3 3 3 1 1 1 1 1 3 3 6
 3 3 3 3 3 3 2 2 2 2 3 2 2 3 7 7 6 6 9 4 4 6 10 10 9 9 6 2 2 3 3 3 2 2 6 5 5 3 2 2 2 2 0 1 1 2
 3 3 3 3 3 3 2 2 2 2 3 2 2 3 7 7 6 6 9 4 4 6 10 10 9 9 6 2 2 3 3 3 2 2 6 5 5 3 2 2 2 2 0 1 1 2
 5 5 3 3 3 3 2 2 2 2 3 3 3 3 4 4 4 4 6 4 4 4 5 5 2 2 1 3 3 3 4 4 3 3 6 7 7 7 3 3 3 3 1 3 3 3
 11 11 6 4 4 4 2 2 3 3 2 3 3 2 4 4 3 3 7 7 7 5 15 15 5 5 2 2 2 2 3 3 3 3 9 9 9 7 7 7 7 7 8 4 4 5
 11 11 6 4 4 4 2 2 3 3 2 3 3 2 4 4 3 3 7 7 7 5 15 15 5 5 2 2 2 2 3 3 3 3 9 9 9 7 7 7 7 7 8 4 4 5
 16 16 15 11 11 8 6 6 4 4 3 2 2 2 2 2 3 3 5 7 7 8 6 6 7 7 6 5 5 5 4 4 9 9 13 12 12 11 9 9 11 11 14 12 12 7
 16 16 15 11 11 8 6 6 4 4 3 2 2 2 2 2 3 3 5 7 7 8 6 6 7 7 6 5 5 5 4 4 9 9 13 12 12 11 9 9 11 11 14 12 12 7
 20 20 20 17 17 13 10 10 6 6 5 4 4 2 2 2 2 2 4 8 8 6 6 6 7 7 8 7 7 11 10 10 10 10 19 15 15 18 17 17 19 19 21 17 17 10
 26 26 23 23 23 20 18 18 14 14 8 4 4 2 4 4 2 2 2 5 5 9 8 8 12 12 10 11 11 13 13 13 14 14 15 21 21 16 16 16 17 17 20 18 18 17
 26 26 23 23 23 20 18 18 14 14 8 4 4 2 4 4 2 2 2 5 5 9 8 8 12 12 10 11 11 13 13 13 14 14 15 21 21 16 16 16 17 17 20 18 18 17
 28 28 29 28 28 24 23 23 17 17 17 8 8 6 5 5 2 2 2 4 4 7 14 14 11 11 11 11 11 12 12 12 18 18 15 18 18 15 9 9 16 16 12 16 16 14
 26 26 25 28 28 28 24 24 18 18 19 12 12 10 5 5 3 3 2 4 4 6 8 8 7 7 8 8 8 12 13 13 15 15 20 16 16 16 7 7 7 7 4 11 11 15
 26 26 25 28 28 28 24 24 18 18 19 12 12 10 5 5 3 3 2 4 4 6 8 8 7 7 8 8 8 12 13 13 15 15 20 16 16 16 7 7 7 7 4 11 11 15
 28 28 28 30 30 26 30 30 25 25 22 16 16 11 4 4 3 3 4 6 6 7 5 5 6 6 7 8 8 6 8 8 17 17 17 16 16 13 8 8 5 5 17 5 5 8
 28 28 28 30 30 26 30 30 25 25 22 16 16 11 4 4 3 3 4 6 6 7 5 5 6 6 7 8 8 6 8 8 17 17 17 16 16 13 8 8 5 5 17 5 5 8
 45 45 36 34 34 30 27 27 25 25 22 16 16 12 6 6 5 5 11 7 7 9 6 6 6 6 4 6 6 6 5 5 11 11 24 13 13 11 7 7 6 6 6 3 3 5
 63 63 55 47 47 43 37 37 36 36 31 28 28 20 13 13 9 9 8 10 10 12 10 10 7 7 5 5 5 5 5 5 8 8 13 17 17 12 7 7 8 8 6 5 5 3
 63 63 55 47 47 43 37 37 36 36 31 28 28 20 13 13 9 9 8 10 10 12 10 10 7 7 5 5 5 5 5 5 8 8 13 17 17 12 7 7 8 8 6 5 5 3
 41 41 46 48 48 51 51 51 43 43 34 26 26 21 17 17 11 11 9 11 11 11 12 12 13 13 10 7 7 5 6 6 5 5 8 21 21 11 9 9 11 11 13 12 12 8
 32 32 32 45 45 39 47 47 44 44 45 27 27 24 22 22 16 16 9 12 12 13 17 17 20 20 11 26 26 7 5 5 7 7 8 15 15 11 8 8 10 10 18 20 20 29
 32 32 32 45 45 39 47 47 44 44 45 27 27 24 22 22 16 16 9 12 12 13 17 17 20 20 11 26 26 7 5 5 7 7 8 15 15 11 8 8 10 10 18 20 20 29
 31 31 29 41 41 36 37 37 38 38 40 32 32 28 24 24 16 16 12 7 7 14 19 19 20 20 32 18 18 17 10 10 10 10 12 10 10 13 11 11 14 14 24 30 30 19
 31 31 29 41 41 36 37 37 38 38 40 32 32 28 24 24 16 16 12 7 7 14 19 19 20 20 32 18 18 17 10 10 10 10 12 10 10 13 11 11 14 14 24 30 30 19
 36 36 30 31 31 32 34 34 32 32 38 26 26 28 24 24 23 23 13 11 11 10 26 26 25 25 20 18 18 23 21 21 11 11 9 7 7 15 14 14 18 18 18 19 19 22
 30 30 29 33 33 32 32 32 31 31 28 29 29 21 25 25 20 20 16 11 11 16 20 20 25 25 33 24 24 27 31 31 21 21 11 29 29 9 11 11 19 19 14 27 27 18
 30 30 29 33 33 32 32 32 31 31 28 29 29 21 25 25 20 20 16 11 11 16 20 20 25 25 33 24 24 27 31 31 21 21 11 29 29 9 11 11 19 19 14 27 27 18
 31 31 32 30 30 34 30 30 31 31 27 22 22 32 21 21 20 20 33 24 24 14 17 17 22 22 38 44 44 27 36 36 26 26 19 8 8 11 8 8 17 17 12 19 19 18
 27 27 25 25 25 33 35 35 31 31 21 25 25 20 26 26 25 25 19 34 34 30 13 13 21 21 28 34 34 32 32 32 24 24 19 7 7 8 9 9 9 9 9 19 19 23
 27 27 25 25 25 33 35 35 31 31 21 25 25 20 26 26 25 25 19 34 34 30 13 13 21 21 28 34 34 32 32 32 24 24 19 7 7 8 9 9 9 9 9 19 19 23
 25 25 26 21 21 34 28 28 26 26 21 21 21 26 23 23 18 18 21 36 36 35 31 31 34 34 25 36 36 38 32 32 27 27 37 23 23 21 15 15 9 9 21 30 30 35
 25 25 26 21 21 34 28 28 26 26 21 21 21 26 23 23 18 18 21 36 36 35 31 31 34 34 25 36 36 38 32 32 27 27 37 23 23 21 15 15 9 9 21 30 30 35
 31 31 27 18 18 23 23 23 22 22 20 32 32 32 29 29 28 28 24 22 22 28 40 40 26 26 23 30 30 36 47 47 42 42 51 39 39 20 17 17 15 15 15 20 20 34
 43 43 27 22 22 17 25 25 13 13 17 27 27 44 23 23 21 21 22 31 31 29 47 47 30 30 22 29 29 35 41 41 55 55 53 48 48 30 18 18 18 18 20 25 25 31
 43 43 27 22 22 17 25 25 13 13 17 27 27 44 23 23 21 21 22 31 31 29 47 47 30 30 22 29 29 35 41 41 55 55 53 48 48 30 18 18 18 18 20 25 25 31
 48 48 42 22 22 20 18 18 18 18 15 22 22 17 17 17 16 16 27 30 30 29 32 32 18 18 22 27 27 33 38 38 47 47 56 45 45 34 29 29 28 28 26 32 32 32
 55 55 43 26 26 20 18 18 18 18 15 18 18 15 14 14 12 12 28 29 29 32 40 40 28 28 25 35 35 37 48 48 55 55 58 54 54 37 32 32 34 34 25 26 26 25
 55 55 43 26 26 20 18 18 18 18 15 18 18 15 14 14 12 12 28 29 29 32 40 40 28 28 25 35 35 37 48 48 55 55 58 54 54 37 32 32 34 34 25 26 26 25
 46 46 34 20 20 15 20 20 28 28 20 13 13 11 13 13 12 12 19 30 30 41 34 34 28 28 44 36 36 25 39 39 39 39 49 58 58 38 37 37 28 28 23 21 21 27
 46 46 34 20 20 15 20 20 28 28 20 13 13 11 13 13 12 12 19 30 30 41 34 34 28 28 44 36 36 25 39 39 39 39 49 58 58 38 37 37 28 28 23 21 21 27
 45 45 35 21 21 14 15 15 22 22 23 20 20 22 11 11 14 14 16 30 30 27 31 31 27 27 44 35 35 27 44 44 40 40 45 52 52 38 37 37 26 26 25 21 21 33
 28 28 24 12 12 12 12 12 15 15 26 14 14 12 10 10 18 18 19 18 18 30 32 32 26 26 40 30 30 37 45 45 37 37 43 48 48 39 37 37 28 28 25 18 18 30
 28 28 24 12 12 12 12 12 15 15 26 14 14 12 10 10 18 18 19 18 18 30 32 32 26 26 40 30 30 37 45 45 37 37 43 48 48 39 37 37 28 28 25 18 18 30
 21 21 24 23 23 10 10 10 11 11 19 11 11 14 14 14 14 14 15 16 16 20 23 23 28 28 34 36 36 48 42 42 50 50 38 46 46 41 41 41 29 29 29 23 23 37
 20 20 15 13 13 10 10 10 11 11 10 14 14 19 14 14 14 14 17 14 14 20 24 24 25 25 37 31 31 37 39 39 49 49 35 41 41 45 45 45 31 31 35 27 27 36
