assets/RAT_results/precipitation/2017-08-26_IMERG.asc
ncols        46
nrows        77
xllcorner    74.800261325624
yllcorner    8.058333333333
cellsize     0.062500000000
NODATA_value -9999
 83 83 67 63 63 48 57 57 36 36 34 37 37 31 20 20 19 19 10 5 5 1 4 4 9 9 3 4 4 4 2 2 2 2 1 1 1 0 0 0 0 0 1 1 1 1
 71 71 59 66 66 40 39 39 97 97 26 24 24 22 23 23 13 13 7 4 4 1 2 2 5 5 11 4 4 4 3 3 2 2 3 1 1 0 1 1 0 0 0 0 0 0
 71 71 59 66 66 40 39 39 97 97 26 24 24 22 23 23 13 13 7 4 4 1 2 2 5 5 11 4 4 4 3 3 2 2 3 1 1 0 1 1 0 0 0 0 0 0
 62 62 55 68 68 69 58 58 69 69 46 32 32 77 33 33 39 39 10 4 4 3 2 2 3 3 3 3 3 3 1 1 1 1 3 3 3 1 0 0 0 0 0 0 0 1
 60 60 78 71 71 73 74 74 73 73 43 39 39 25 22 22 29 29 17 11 11 4 4 4 0 0 2 4 4 3 1 1 3 3 3 1 1 1 1 1 2 2 0 0 0 0
 60 60 78 71 71 73 74 74 73 73 43 39 39 25 22 22 29 29 17 11 11 4 4 4 0 0 2 4 4 3 1 1 3 3 3 1 1 1 1 1 2 2 0 0 0 0
 50 50 67 35 35 65 82 82 62 62 71 47 47 46 22 22 9 9 9 13 13 6 3 3 3 3 6 4 4 3 2 2 4 4 4 5 5 3 0 0 5 5 0 0 0 0
 50 50 67 35 35 65 82 82 62 62 71 47 47 46 22 22 9 9 9 13 13 6 3 3 3 3 6 4 4 3 2 2 4 4 4 5 5 3 0 0 5 5 0 0 0 0
 32 32 26 44 44 55 48 48 46 46 38 34 34 33 13 13 8 8 8 4 4 6 2 2 3 3 3 3 3 3 4 4 4 4 4 5 5 1 4 4 3 3 1 1 1 0
 6 6 9 21 21 19 38 38 55 55 35 30 30 32 18 18 6 6 5 10 10 3 1 1 3 3 4 1 1 3 3 3 3 3 5 6 6 5 3 3 2 2 1 1 1 0
 6 6 9 21 21 19 38 38 55 55 35 30 30 32 18 18 6 6 5 10 10 3 1 1 3 3 4 1 1 3 3 3 3 3 5 6 6 5 3 3 2 2 1 1 1 0
 4 4 5 7 7 14 30 30 41 41 42 22 22 22 20 20 11 11 7 6 6 6 3 3 4 4 1 3 3 1 2 2 3 3 3 4 4 5 1 1 2 2 2 3 3 2
 4 4 5 5 5 9 14 14 36 36 43 26 26 24 24 24 17 17 13 23 23 8 5 5 9 9 4 1 1 3 3 3 3 3 3 4 4 4 1 1 1 1 1 0 0 1
 4 4 5 5 5 9 14 14 36 36 43 26 26 24 24 24 17 17 13 23 23 8 5 5 9 9 4 1 1 3 3 3 3 3 3 4 4 4 1 1 1 1 1 0 0 1
 1 1 3 2 2 5 11 11 33 33 32 22 22 42 39 39 44 44 29 17 17 21 10 10 9 9 4 4 4 2 3 3 3 3 4 4 4 2 2 2 2 2 2 2 2 3
 1 1 3 2 2 5 11 11 33 33 32 22 22 42 39 39 44 44 29 17 17 21 10 10 9 9 4 4 4 2 3 3 3 3 4 4 4 2 2 2 2 2 2 2 2 3
 3 3 1 2 2 3 10 10 16 16 13 17 17 10 25 25 37 37 32 27 27 21 8 8 5 5 3 3 3 3 3 3 4 4 5 5 5 3 6 6 6 6 3 3 3 3
 4 4 1 2 2 2 4 4 8 8 13 13 13 11 19 19 24 24 30 25 25 26 10 10 2 2 3 3 3 3 3 3 4 4 6 4 4 5 5 5 5 5 6 3 3 4
 4 4 1 2 2 2 4 4 8 8 13 13 13 11 19 19 24 24 30 25 25 26 10 10 2 2 3 3 3 3 3 3 4 4 6 4 4 5 5 5 5 5 6 3 3 4
 3 3 2 1 1 1 4 4 4 4 5 11 11 10 6 6 4 4 22 16 16 23 8 8 4 4 1 2 2 2 2 2 3 3 3 3 3 3 4 4 7 7 7 4 4 3
 2 2 3 2 2 1 1 1 2 2 2 9 9 9 7 7 2 2 3 6 6 8 1 1 1 1 0 0 0 1 1 1 1 1 1 2 2 2 2 2 4 4 4 5 5 4
 2 2 3 2 2 1 1 1 2 2 2 9 9 9 7 7 2 2 3 6 6 8 1 1 1 1 0 0 0 1 1 1 1 1 1 2 2 2 2 2 4 4 4 5 5 4
 1 1 1 1 1 2 1 1 2 2 2 8 8 6 6 6 1 1 0 2 2 5 6 6 3 3 8 1 1 1 2 2 3 3 1 4 4 2 1 1 1 1 3 2 2 2
 1 1 1 1 1 2 1 1 2 2 2 8 8 6 6 6 1 1 0 2 2 5 6 6 3 3 8 1 1 1 2 2 3 3 1 4 4 2 1 1 1 1 3 2 2 2
 0 0 1 1 1 1 1 1 1 1 0 1 1 4 5 5 2 2 1 0 0 0 3 3 1 1 2 2 2 1 2 2 0 0 0 0 0 3 0 0 2 2 2 0 0 2
 1 1 1 1 1 1 1 1 0 0 1 0 0 1 2 2 1 1 1 0 0 2 0 0 0 0 0 0 0 2 1 1 0 0 3 2 2 2 2 2 0 0 3 2 2 4
 1 1 1 1 1 1 1 1 0 0 1 0 0 1 2 2 1 1 1 0 0 2 0 0 0 0 0 0 0 2 1 1 0 0 3 2 2 2 2 2 0 0 3 2 2 4
 1 1 1 1 1 0 0 0 0 0 0 0 0 1 1 1 3 3 2 1 1 2 0 0 0 0 1 3 3 4 2 2 0 0 0 0 0 0 0 0 0 0 1 2 2 2
 1 1 1 1 1 1 0 0 1 1 0 0 0 1 1 1 3 3 3 2 2 4 1 1 3 3 0 7 7 6 2 2 0 0 0 0 0 0 1 1 3 3 0 2 2 0
 1 1 1 1 1 1 0 0 1 1 0 0 0 1 1 1 3 3 3 2 2 4 1 1 3 3 0 7 7 6 2 2 0 0 0 0 0 0 1 1 3 3 0 2 2 0
 1 1 1 1 1 1 1 1 0 0 1 0 0 1 1 1 3 3 3 3 3 6 7 7 1 1 3 5 5 11 4 4 0 0 0 0 0 0 0 0 1 1 0 0 0 0
 1 1 1 1 1 1 1 1 0 0 1 0 0 1 1 1 3 3 3 3 3 6 7 7 1 1 3 5 5 11 4 4 0 0 0 0 0 0 0 0 1 1 0 0 0 0
 1 1 0 0 0 1 1 1 0 0 1 0 0 1 2 2 5 5 4 4 4 8 6 6 1 1 10 4 4 4 3 3 3 3 0 0 0 0 0 0 0 0 0 0 0 0
 0 0 0 0 0 0 0 0 1 1 1 1 1 1 2 2 4 4 5 7 7 11 11 11 5 5 4 0 0 2 0 0 0 0 0 0 0 1 0 0 0 0 0 0 0 0
 0 0 0 0 0 0 0 0 1 1 1 1 1 1 2 2 4 4 5 7 7 11 11 11 5 5 4 0 0 2 0 0 0 0 0 0 0 1 0 0 0 0 0 0 0 0
 0 0 0 0 0 0 0 0 1 1 1 1 1 1 2 2 4 4 6 9 9 12 12 12 4 4 1 3 3 3 0 0 1 1 0 0 0 0 0 0 0 0 0 1 1 0
 0 0 0 0 0 1 0 0 1 1 1 1 1 1 1 1 2 2 3 6 6 8 5 5 3 3 2 1 1 2 3 3 5 5 4 0 0 3 2 2 0 0 0 0 0 0
 0 0 0 0 0 1 0 0 1 1 1 1 1 1 1 1 2 2 3 6 6 8 5 5 3 3 2 1 1 2 3 3 5 5 4 0 0 3 2 2 0 0 0 0 0 0
 1 1 1 0 0 0 0 0 1 1 1 0 0 1 1 1 2 2 3 4 4 3 4 4 2 2 5 4 4 3 4 4 5 5 4 4 4 3 2 2 5 5 0 0 0 0
 1 1 1 0 0 0 0 0 1 1 1 0 0 1 1 1 2 2 3 4 4 3 4 4 2 2 5 4 4 3 4 4 5 5 4 4 4 3 2 2 5 5 0 0 0 0
 1 1 1 0 0 0 0 0 1 1 1 0 0 0 0 0 1 1 1 2 2 2 2 2 2 2 2 2 2 13 10 10 21 21 9 5 5 5 2 2 3 3 0 0 0 0
 0 0 1 0 0 0 0 0 1 1 0 0 0 1 0 0 0 0 1 1 1 1 2 2 1 1 1 2 2 9 13 13 19 19 21 12 12 8 3 3 2 2 2 3 3 3
 0 0 1 0 0 0 0 0 1 1 0 0 0 1 0 0 0 0 1 1 1 1 2 2 1 1 1 2 2 9 13 13 19 19 21 12 12 8 3 3 2 2 2 3 3 3
 0 0 0 0 0 0 0 0 1 1 0 0 0 0 0 0 0 0 1 1 1 1 1 1 3 3 1 1 1 8 9 9 11 11 20 12 12 9 4 4 3 3 2 3 3 2
 0 0 0 0 0 0 0 0 1 1 0 0 0 0 0 0 1 1 1 2 2 1 2 2 3 3 1 11 11 18 14 14 13 13 12 10 10 5 3 3 4 4 3 2 2 0
 0 0 0 0 0 0 0 0 1 1 0 0 0 0 0 0 1 1 1 2 2 1 2 2 3 3 1 11 11 18 14 14 13 13 12 10 10 5 3 3 4 4 3 2 2 0
 0 0 0 0 0 0 0 0 1 1 1 0 0 0 0 0 1 1 2 2 2 1 1 1 3 3 9 13 13 16 33 33 24 24 10 12 12 12 8 8 4 4 4 1 1 0
 0 0 0 0 0 0 0 0 1 1 1 0 0 0 0 0 1 1 2 2 2 1 1 1 3 3 9 13 13 16 33 33 24 24 10 12 12 12 8 8 4 4 4 1 1 0
 0 0 0 0 0 0 1 1 1 1 1 0 0 0 0 0 1 1 2 2 2 1 1 1 3 3 8 26 26 12 15 15 25 25 8 12 12 11 5 5 4 4 4 4 4 1
 0 0 0 0 0 0 1 1 1 1 0 0 0 0 1 1 1 1 3 3 3 2 1 1 2 2 2 13 13 12 7 7 0 0 2 9 9 5 5 5 3 3 5 1 1 1
 0 0 0 0 0 0 1 1 1 1 0 0 0 0 1 1 1 1 3 3 3 2 1 1 2 2 2 13 13 12 7 7 0 0 2 9 9 5 5 5 3 3 5 1 1 1
 0 0 0 0 0 0 0 0 0 0 0 0 0 0 0 0 1 1 3 3 3 2 1 1 3 3 3 8 8 6 0 0 0 0 0 4 4 2 4 4 5 5 5 1 1 1
 0 0 0 0 0 0 0 0 0 0 0 0 0 0 0 0 1 1 3 2 2 1 3 3 1 1 13 16 16 5 0 0 0 0 3 0 0 0 0 0 0 0 0 0 0 0
 0 0 0 0 0 0 0 0 0 0 0 0 0 0 0 0 1 1 3 2 2 1 3 3 1 1 13 16 16 5 0 0 0 0 3 0 0 0 0 0 0 0 0 0 0 0
 0 0 0 0 0 0 0 0 0 0 0 0 0 0 0 0 1 1 1 0 0 0 1 1 1 1 3 1 1 4 5 5 4 4 0 0 0 1 1 1 1 1 0 0 0 0
 0 0 0 0 0 0 0 0 0 0 0 0 0 0 0 0 1 1 1 0 0 0 1 1 1 1 3 1 1 4 5 5 4 4 0 0 0 1 1 1 1 1 0 0 0 0
 0 0 0 0 0 0 0 0 0 0 0 0 0 0 0 0 0 0 0 0 0 1 0 0 0 0 1 0 0 0 1 1 1 1 4 2 2 2 1 1 0 0 0 0 0 0
 0 0 0 0 0 0 0 0 0 0 0 0 0 0 0 0 0 0 0 0 0 0 0 0 0 0 0 1 1 0 1 1 1 1 2 2 2 2 1 1 1 1 0 0 0 0
 0 0 0 0 0 0 0 0 0 0 0 0 0 0 0 0 0 0 0 0 0 0 0 0 0 0 0 1 1 0 1 1 1 1 2 2 2 2 1 1 1 1 0 0 0 0
 0 0 0 0 0 0 0 0 0 0 0 0 0 0 0 0 0 0 0 0 0 0 0 0 0 0 0 1 1 0 1 1 1 1 3 0 0 0 0 0 2 2 0 0 0 0
 0 0 0 1 1 0 0 0 0 0 0 0 0 0 0 0 0 0 0 0 0 0 0 0 0 0 0 0 0 2 2 2 2 2 1 1 1 0 0 0 0 0 0 0 0 0
 0 0 0 1 1 0 0 0 0 0 0 0 0 0 0 0 0 0 0 0 0 0 0 0 0 0 0 0 0 2 2 2 2 2 1 1 1 0 0 0 0 0 0 0 0 0
 0 0 0 0 0 0 0 0 0 0 0 0 0 0 0 0 0 0 1 0 0 0 0 0 0 0 0 0 0 0 0 0 0 0 0 0 0 0 0 0 0 0 0 0 0 0
 0 0 0 0 0 0 0 0 0 0 0 0 0 0 0 0 0 0 1 0 0 0 0 0 0 0 0 0 0 0 0 0 0 0 0 0 0 0 0 0 0 0 0 0 0 0
 1 1 1 1 1 0 0 0 0 0 0 0 0 0 0 0 0 0 0 0 0 0 0 0 0 0 0 0 0 1 0 0 0 0 0 0 0 0 0 0 0 0 0 0 0 0
 1 1 1 1 1 1 0 0 0 0 0 0 0 0 0 0 0 0 0 0 0 0 0 0 0 0 0 0 0 0 0 0 0 0 0 0 0 0 0 0 0 0 0 0 0 0
 1 1 1 1 1 1 0 0 0 0 0 0 0 0 0 0 0 0 0 0 0 0 0 0 0 0 0 0 0 0 0 0 0 0 0 0 0 0 0 0 0 0 0 0 0 0
 1 1 1 3 3 1 1 1 0 0 0 0 0 0 0 0 0 0 0 0 0 0 0 0 0 0 0 0 0 0 0 0 1 1 0 0 0 0 0 0 0 0 0 0 0 0
 0 0 1 7 7 3 1 1 0 0 0 0 0 0 0 0 0 0 0 0 0 0 0 0 0 0 0 0 0 0 0 0 0 0 1 0 0 0 0 0 0 0 0 0 0 0
 0 0 1 7 7 3 1 1 0 0 0 0 0 0 0 0 0 0 0 0 0 0 0 0 0 0 0 0 0 0 0 0 0 0 1 0 0 0 0 0 0 0 0 0 0 0
 1 1 4 9 9 1 0 0 0 0 0 0 0 0 0 0 0 0 0 0 0 0 0 0 0 0 0 0 0 0 0 0 0 0 0 1 1 1 1 1 0 0 0 0 0 0
 1 1 4 9 9 1 0 0 0 0 0 0 0 0 0 0 0 0 0 0 0 0 0 0 0 0 0 0 0 0 0 0 0 0 0 1 1 1 1 1 0 0 0 0 0 0
 1 1 4 5 5 0 0 0 0 0 0 0 0 0 0 0 0 0 0 0 0 1 2 2 0 0 0 0 0 0 0 0 0 0 0 0 0 1 1 1 0 0 0 0 0 0
 1 1 1 0 0 0 0 0 0 0 0 0 0 0 0 0 1 1 1 0 0 2 3 3 0 0 0 0 0 0 0 0 0 0 0 0 0 0 0 0 0 0 0 0 0 0
 1 1 1 0 0 0 0 0 0 0 0 0 0 0 0 0 1 1 1 0 0 2 3 3 0 0 0 0 0 0 0 0 0 0 0 0 0 0 0 0 0 0 0 0 0 0
 0 0 0 0 0 0 0 0 0 0 0 1 1 0 0 0 1 1 1 0 0 1 0 0 0 0 0 0 0 0 1 1 0 0 0 0 0 0 0 0 0 0 0 0 0 0
 0 0 0 0 0 1 0 0 0 0 0 1 1 0 1 1 2 2 2 1 1 0 0 0 0 0 0 0 0 0 0 0 0 0 0 0 0 0 0 0 0 0 0 0 0 0
