assets/RAT_results/precipitation/2017-06-01_IMERG.asc
ncols        46
nrows        77
xllcorner    74.800261325624
yllcorner    8.058333333333
cellsize     0.062500000000
NODATA_value -9999
 4 4 3 2 2 1 0 0 0 0 0 0 0 1 1 1 1 1 0 0 0 0 0 0 0 0 0 0 0 0 0 0 0 0 0 0 0 0 0 0 0 0 0 0 0 0
 9 9 3 1 1 1 2 2 0 0 1 0 0 0 1 1 1 1 0 0 0 0 0 0 0 0 0 0 0 0 0 0 0 0 0 0 0 0 0 0 0 0 0 0 0 0
 9 9 3 1 1 1 2 2 0 0 1 0 0 0 1 1 1 1 0 0 0 0 0 0 0 0 0 0 0 0 0 0 0 0 0 0 0 0 0 0 0 0 0 0 0 0
 3 3 8 0 0 1 0 0 0 0 0 2 2 0 0 0 1 1 0 0 0 0 0 0 0 0 0 0 0 0 0 0 0 0 0 0 0 0 0 0 0 0 0 0 0 0
 2 2 3 20 20 7 0 0 1 1 1 1 1 2 0 0 0 0 0 0 0 0 0 0 0 0 0 0 0 0 1 1 0 0 0 0 0 0 0 0 0 0 0 0 0 0
 2 2 3 20 20 7 0 0 1 1 1 1 1 2 0 0 0 0 0 0 0 0 0 0 0 0 0 0 0 0 1 1 0 0 0 0 0 0 0 0 0 0 0 0 0 0
 2 2 11 82 82 4 2 2 4 4 0 0 0 0 1 1 0 0 0 0 0 0 0 0 0 0 0 0 0 0 0 0 0 0 0 0 0 0 0 0 0 0 0 0 0 0
 2 2 11 82 82 4 2 2 4 4 0 0 0 0 1 1 0 0 0 0 0 0 0 0 0 0 0 0 0 0 0 0 0 0 0 0 0 0 0 0 0 0 0 0 0 0
 8 8 10 13 13 13 6 6 2 2 0 2 2 1 0 0 0 0 0 0 0 0 0 0 0 0 0 0 0 0 0 0 0 0 0 0 0 0 0 0 0 0 0 0 0 0
 4 4 13 6 6 13 7 7 3 3 2 0 0 0 0 0 0 0 0 0 0 0 0 0 0 0 0 0 0 0 0 0 0 0 0 0 0 0 0 0 0 0 0 0 0 0
 4 4 13 6 6 13 7 7 3 3 2 0 0 0 0 0 0 0 0 0 0 0 0 0 0 0 0 0 0 0 0 0 0 0 0 0 0 0 0 0 0 0 0 0 0 0
 13 13 2 1 1 2 6 6 3 3 1 0 0 0 0 0 1 1 1 1 1 0 0 0 0 0 0 0 0 0 0 0 0 0 0 0 0 0 0 0 0 0 0 0 0 0
 8 8 5 1 1 6 6 6 4 4 0 12 12 1 0 0 0 0 3 0 0 0 0 0 0 0 0 0 0 0 0 0 0 0 0 0 0 0 0 0 0 0 0 0 0 0
 8 8 5 1 1 6 6 6 4 4 0 12 12 1 0 0 0 0 3 0 0 0 0 0 0 0 0 0 0 0 0 0 0 0 0 0 0 0 0 0 0 0 0 0 0 0
 4 4 2 4 4 2 4 4 1 1 2 0 0 3 1 1 1 1 1 0 0 0 0 0 0 0 0 0 0 0 0 0 0 0 0 0 0 0 0 0 0 0 0 0 0 0
 4 4 2 4 4 2 4 4 1 1 2 0 0 3 1 1 1 1 1 0 0 0 0 0 0 0 0 0 0 0 0 0 0 0 0 0 0 0 0 0 0 0 0 0 0 0
 1 1 1 1 1 0 2 2 4 4 11 4 4 4 2 2 5 5 1 0 0 0 1 1 1 1 1 0 0 0 0 0 0 0 0 0 0 0 0 0 0 0 0 0 0 0
 3 3 3 1 1 1 2 2 3 3 4 5 5 11 1 1 2 2 1 0 0 1 2 2 2 2 3 1 1 1 0 0 0 0 0 0 0 0 0 0 1 1 0 0 0 0
 3 3 3 1 1 1 2 2 3 3 4 5 5 11 1 1 2 2 1 0 0 1 2 2 2 2 3 1 1 1 0 0 0 0 0 0 0 0 0 0 1 1 0 0 0 0
 3 3 8 1 1 1 1 1 3 3 3 10 10 10 9 9 0 0 0 0 0 1 1 1 1 1 1 1 1 0 0 0 0 0 0 0 0 0 0 0 0 0 0 0 0 0
 3 3 5 6 6 11 2 2 4 4 3 1 1 3 1 1 6 6 4 2 2 0 0 0 0 0 0 1 1 0 0 0 0 0 0 0 0 0 0 0 0 0 0 0 0 0
 3 3 5 6 6 11 2 2 4 4 3 1 1 3 1 1 6 6 4 2 2 0 0 0 0 0 0 1 1 0 0 0 0 0 0 0 0 0 0 0 0 0 0 0 0 0
 7 7 15 15 15 14 4 4 2 2 3 1 1 3 2 2 9 9 11 0 0 0 0 0 0 0 0 0 0 0 0 0 2 2 0 0 0 0 0 0 0 0 0 0 0 0
 7 7 15 15 15 14 4 4 2 2 3 1 1 3 2 2 9 9 11 0 0 0 0 0 0 0 0 0 0 0 0 0 2 2 0 0 0 0 0 0 0 0 0 0 0 0
 12 12 16 16 16 8 6 6 5 5 11 1 1 2 3 3 4 4 8 3 3 0 0 0 0 0 0 0 0 0 0 0 0 0 0 1 1 0 0 0 0 0 1 0 0 0
 21 21 22 14 14 12 19 19 12 12 6 1 1 1 1 1 5 5 3 0 0 1 0 0 0 0 0 0 0 1 0 0 0 0 0 1 1 0 0 0 0 0 0 0 0 0
 21 21 22 14 14 12 19 19 12 12 6 1 1 1 1 1 5 5 3 0 0 1 0 0 0 0 0 0 0 1 0 0 0 0 0 1 1 0 0 0 0 0 0 0 0 0
 28 28 26 24 24 15 15 15 13 13 5 2 2 3 1 1 2 2 5 3 3 0 0 0 0 0 0 0 0 0 0 0 0 0 0 0 0 0 0 0 0 0 0 0 0 0
 24 24 24 27 27 18 17 17 6 6 2 5 5 6 4 4 7 7 8 7 7 2 2 2 2 2 1 0 0 0 0 0 0 0 0 0 0 0 1 1 0 0 0 0 0 0
 24 24 24 27 27 18 17 17 6 6 2 5 5 6 4 4 7 7 8 7 7 2 2 2 2 2 1 0 0 0 0 0 0 0 0 0 0 0 1 1 0 0 0 0 0 0
 29 29 22 26 26 20 19 19 3 3 2 5 5 15 10 10 11 11 12 8 8 6 3 3 1 1 0 0 0 0 0 0 0 0 0 0 0 0 0 0 0 0 0 0 0 0
 29 29 22 26 26 20 19 19 3 3 2 5 5 15 10 10 11 11 12 8 8 6 3 3 1 1 0 0 0 0 0 0 0 0 0 0 0 0 0 0 0 0 0 0 0 0
 20 20 21 24 24 31 25 25 17 17 9 5 5 35 20 20 23 23 14 8 8 3 5 5 0 0 8 0 0 1 0 0 0 0 0 0 0 0 0 0 1 1 0 2 2 0
 16 16 22 26 26 27 23 23 19 19 11 70 70 115 19 19 16 16 12 10 10 4 7 7 4 4 5 0 0 0 1 1 2 2 1 1 1 1 1 1 1 1 0 1 1 1
 16 16 22 26 26 27 23 23 19 19 11 70 70 115 19 19 16 16 12 10 10 4 7 7 4 4 5 0 0 0 1 1 2 2 1 1 1 1 1 1 1 1 0 1 1 1
 19 19 24 23 23 22 17 17 27 27 11 5 5 19 25 25 21 21 13 11 11 6 9 9 2 2 2 3 3 1 1 1 0 0 0 1 1 1 1 1 1 1 1 1 1 1
 19 19 16 18 18 17 15 15 17 17 10 6 6 7 22 22 36 36 18 11 11 8 4 4 1 1 0 1 1 2 3 3 3 3 1 1 1 1 1 1 1 1 1 1 1 3
 19 19 16 18 18 17 15 15 17 17 10 6 6 7 22 22 36 36 18 11 11 8 4 4 1 1 0 1 1 2 3 3 3 3 1 1 1 1 1 1 1 1 1 1 1 3
 14 14 14 17 17 19 15 15 16 16 11 3 3 8 22 22 9 9 18 12 12 14 12 12 5 5 1 2 2 1 2 2 3 3 2 2 2 1 0 0 0 0 2 2 2 5
 14 14 14 17 17 19 15 15 16 16 11 3 3 8 22 22 9 9 18 12 12 14 12 12 5 5 1 2 2 1 2 2 3 3 2 2 2 1 0 0 0 0 2 2 2 5
 16 16 18 21 21 21 17 17 18 18 18 11 11 4 7 7 10 10 21 13 13 19 8 8 6 6 3 2 2 7 4 4 3 3 3 3 3 2 0 0 1 1 0 4 4 3
 16 16 14 18 18 26 20 20 20 20 19 13 13 8 6 6 5 5 3 6 6 17 21 21 13 13 14 7 7 6 3 3 3 3 1 1 1 2 0 0 0 0 0 0 0 3
 16 16 14 18 18 26 20 20 20 20 19 13 13 8 6 6 5 5 3 6 6 17 21 21 13 13 14 7 7 6 3 3 3 3 1 1 1 2 0 0 0 0 0 0 0 3
 8 8 12 12 12 20 19 19 20 20 17 17 17 1 4 4 8 8 11 13 13 39 28 28 14 14 12 12 12 6 10 10 1 1 1 1 1 1 0 0 0 0 1 1 1 0
 8 8 13 12 12 16 14 14 20 20 18 14 14 12 17 17 26 26 11 17 17 16 25 25 20 20 16 16 16 5 3 3 3 3 1 0 0 1 0 0 1 1 0 0 0 1
 8 8 13 12 12 16 14 14 20 20 18 14 14 12 17 17 26 26 11 17 17 16 25 25 20 20 16 16 16 5 3 3 3 3 1 0 0 1 0 0 1 1 0 0 0 1
 8 8 12 11 11 14 14 14 15 15 16 13 13 14 15 15 14 14 12 9 9 26 29 29 27 27 25 17 17 6 4 4 2 2 1 0 0 0 0 0 0 0 1 1 1 0
 8 8 12 11 11 14 14 14 15 15 16 13 13 14 15 15 14 14 12 9 9 26 29 29 27 27 25 17 17 6 4 4 2 2 1 0 0 0 0 0 0 0 1 1 1 0
 8 8 12 11 11 10 13 13 13 13 17 13 13 10 9 9 12 12 8 6 6 16 18 18 36 36 30 26 26 10 10 10 5 5 3 0 0 0 0 0 0 0 0 0 0 0
 9 9 12 11 11 10 13 13 10 10 12 10 10 9 5 5 10 10 11 10 10 9 7 7 31 31 24 22 22 9 14 14 5 5 2 6 6 2 0 0 0 0 0 0 0 0
 9 9 12 11 11 10 13 13 10 10 12 10 10 9 5 5 10 10 11 10 10 9 7 7 31 31 24 22 22 9 14 14 5 5 2 6 6 2 0 0 0 0 0 0 0 0
 10 10 10 10 10 10 11 11 8 8 9 9 9 10 7 7 8 8 25 8 8 6 5 5 10 10 13 19 19 13 21 21 22 22 25 22 22 8 6 6 2 2 1 4 4 0
 12 12 11 11 11 11 9 9 6 6 10 7 7 6 20 20 9 9 5 14 14 8 9 9 5 5 13 16 16 21 18 18 16 16 20 22 22 8 2 2 3 3 6 0 0 1
 12 12 11 11 11 11 9 9 6 6 10 7 7 6 20 20 9 9 5 14 14 8 9 9 5 5 13 16 16 21 18 18 16 16 20 22 22 8 2 2 3 3 6 0 0 1
 12 12 11 9 9 9 7 7 6 6 5 7 7 4 7 7 14 14 9 5 5 6 6 6 7 7 12 9 9 19 17 17 15 15 12 22 22 24 5 5 4 4 1 1 1 0
 12 12 11 9 9 9 7 7 6 6 5 7 7 4 7 7 14 14 9 5 5 6 6 6 7 7 12 9 9 19 17 17 15 15 12 22 22 24 5 5 4 4 1 1 1 0
 14 14 14 11 11 10 8 8 5 5 4 6 6 5 4 4 11 11 22 5 5 6 7 7 10 10 16 7 7 17 18 18 13 13 14 18 18 16 10 10 4 4 1 0 0 1
 13 13 19 14 14 13 9 9 5 5 6 11 11 10 18 18 7 7 5 10 10 7 9 9 14 14 27 17 17 20 18 18 17 17 13 15 15 16 8 8 5 5 3 4 4 1
 13 13 19 14 14 13 9 9 5 5 6 11 11 10 18 18 7 7 5 10 10 7 9 9 14 14 27 17 17 20 18 18 17 17 13 15 15 16 8 8 5 5 3 4 4 1
 16 16 17 16 16 21 16 16 13 13 11 14 14 17 24 24 16 16 8 14 14 16 19 19 18 18 26 43 43 26 40 40 38 38 24 16 16 22 30 30 9 9 6 1 1 1
 19 19 22 26 26 29 24 24 25 25 11 12 12 18 20 20 18 18 18 21 21 25 8 8 13 13 14 18 18 23 38 38 39 39 31 16 16 14 9 9 9 9 6 4 4 3
 19 19 22 26 26 29 24 24 25 25 11 12 12 18 20 20 18 18 18 21 21 25 8 8 13 13 14 18 18 23 38 38 39 39 31 16 16 14 9 9 9 9 6 4 4 3
 19 19 22 27 27 37 30 30 20 20 19 12 12 33 25 25 26 26 20 19 19 7 3 3 15 15 11 20 20 24 30 30 27 27 25 28 28 17 25 25 8 8 4 4 4 0
 19 19 22 27 27 37 30 30 20 20 19 12 12 33 25 25 26 26 20 19 19 7 3 3 15 15 11 20 20 24 30 30 27 27 25 28 28 17 25 25 8 8 4 4 4 0
 19 19 21 22 22 23 22 22 23 23 19 28 28 33 25 25 35 35 31 33 33 60 8 8 4 4 5 28 28 14 25 25 30 30 24 33 33 27 14 14 13 13 4 1 1 0
 19 19 18 15 15 12 13 13 23 23 11 11 11 12 9 9 7 7 9 8 8 10 10 10 14 14 8 22 22 8 11 11 16 16 21 15 15 15 12 12 6 6 3 4 4 2
 19 19 18 15 15 12 13 13 23 23 11 11 11 12 9 9 7 7 9 8 8 10 10 10 14 14 8 22 22 8 11 11 16 16 21 15 15 15 12 12 6 6 3 4 4 2
 19 19 21 15 15 9 10 10 13 13 12 15 15 10 6 6 5 5 5 4 4 5 7 7 7 7 29 12 12 4 18 18 10 10 15 6 6 12 11 11 8 8 3 4 4 3
 20 20 22 21 21 13 12 12 10 10 8 6 6 5 7 7 8 8 7 8 8 9 13 13 16 16 32 25 25 11 18 18 14 14 14 13 13 8 21 21 19 19 11 6 6 3
 20 20 22 21 21 13 12 12 10 10 8 6 6 5 7 7 8 8 7 8 8 9 13 13 16 16 32 25 25 11 18 18 14 14 14 13 13 8 21 21 19 19 11 6 6 3
 21 21 22 23 23 19 11 11 8 8 8 8 8 14 9 9 13 13 13 12 12 11 10 10 11 11 18 17 17 13 16 16 15 15 21 10 10 5 13 13 14 14 11 8 8 6
 21 21 22 23 23 19 11 11 8 8 8 8 8 14 9 9 13 13 13 12 12 11 10 10 11 11 18 17 17 13 16 16 15 15 21 10 10 5 13 13 14 14 11 8 8 6
 24 24 28 24 24 21 22 22 24 24 23 20 20 18 20 20 21 21 21 20 20 17 11 11 10 10 13 16 16 12 12 12 11 11 8 29 29 10 14 14 18 18 15 10 10 10
 34 34 45 46 46 53 48 48 26 26 17 20 20 18 17 17 24 24 32 36 36 32 26 26 25 25 23 20 20 15 10 10 9 9 7 5 5 6 12 12 17 17 10 32 32 11
 34 34 45 46 46 53 48 48 26 26 17 20 20 18 17 17 24 24 32 36 36 32 26 26 25 25 23 20 20 15 10 10 9 9 7 5 5 6 12 12 17 17 10 32 32 11
 22 22 23 21 21 21 20 20 19 19 16 15 15 15 14 14 16 16 20 27 27 31 29 29 25 25 19 18 18 18 15 15 15 15 10 5 5 5 19 19 12 12 11 9 9 8
 33 33 34 34 34 29 21 21 17 17 19 16 16 14 12 12 13 13 13 14 14 19 22 22 23 23 24 23 23 23 20 20 15 15 15 8 8 9 19 19 20 20 24 14 14 2
