assets/RAT_results/precipitation/2017-08-09_IMERG.asc
ncols        46
nrows        77
xllcorner    74.800261325624
yllcorner    8.058333333333
cellsize     0.062500000000
NODATA_value -9999
 7 7 8 2 2 8 3 3 4 4 6 5 5 11 16 16 12 12 10 5 5 2 2 2 4 4 5 5 5 14 19 19 19 19 22 42 42 39 43 43 43 43 20 18 18 8
 26 26 5 2 2 1 2 2 4 4 4 3 3 6 12 12 20 20 19 6 6 4 2 2 4 4 5 4 4 11 18 18 19 19 22 39 39 45 38 38 37 37 18 4 4 11
 26 26 5 2 2 1 2 2 4 4 4 3 3 6 12 12 20 20 19 6 6 4 2 2 4 4 5 4 4 11 18 18 19 19 22 39 39 45 38 38 37 37 18 4 4 11
 7 7 8 2 2 3 2 2 3 3 4 3 3 5 11 11 13 13 6 4 4 3 2 2 4 4 7 9 9 21 18 18 34 34 34 47 47 49 59 59 36 36 28 7 7 6
 6 6 26 15 15 3 3 3 2 2 3 3 3 6 5 5 7 7 7 4 4 4 4 4 8 8 11 20 20 42 51 51 47 47 59 68 68 65 43 43 48 48 39 28 28 20
 6 6 26 15 15 3 3 3 2 2 3 3 3 6 5 5 7 7 7 4 4 4 4 4 8 8 11 20 20 42 51 51 47 47 59 68 68 65 43 43 48 48 39 28 28 20
 9 9 5 8 8 5 5 5 6 6 13 5 5 4 5 5 7 7 6 5 5 6 8 8 12 12 12 18 18 32 31 31 76 76 73 74 74 49 66 66 64 64 46 41 41 20
 9 9 5 8 8 5 5 5 6 6 13 5 5 4 5 5 7 7 6 5 5 6 8 8 12 12 12 18 18 32 31 31 76 76 73 74 74 49 66 66 64 64 46 41 41 20
 6 6 7 11 11 8 8 8 8 8 6 6 6 5 9 9 9 9 10 8 8 9 10 10 13 13 13 17 17 24 41 41 56 56 76 61 61 76 51 51 51 51 48 44 44 24
 10 10 8 12 12 13 14 14 12 12 15 9 9 9 12 12 14 14 14 12 12 11 13 13 16 16 19 19 19 21 38 38 61 61 75 50 50 60 73 73 40 40 37 25 25 22
 10 10 8 12 12 13 14 14 12 12 15 9 9 9 12 12 14 14 14 12 12 11 13 13 16 16 19 19 19 21 38 38 61 61 75 50 50 60 73 73 40 40 37 25 25 22
 9 9 9 12 12 17 20 20 17 17 14 10 10 13 13 13 39 39 18 11 11 13 13 13 16 16 21 15 15 21 25 25 50 50 41 79 79 43 42 42 35 35 28 31 31 26
 10 10 14 17 17 25 19 19 12 12 13 12 12 12 13 13 16 16 14 19 19 14 12 12 19 19 25 39 39 20 22 22 46 46 58 38 38 38 21 21 22 22 21 23 23 28
 10 10 14 17 17 25 19 19 12 12 13 12 12 12 13 13 16 16 14 19 19 14 12 12 19 19 25 39 39 20 22 22 46 46 58 38 38 38 21 21 22 22 21 23 23 28
 9 9 10 17 17 14 20 20 16 16 13 10 10 14 13 13 12 12 16 13 13 14 21 21 20 20 19 18 18 21 12 12 14 14 18 33 33 48 18 18 12 12 19 18 18 19
 9 9 10 17 17 14 20 20 16 16 13 10 10 14 13 13 12 12 16 13 13 14 21 21 20 20 19 18 18 21 12 12 14 14 18 33 33 48 18 18 12 12 19 18 18 19
 16 16 11 7 7 10 7 7 14 14 11 9 9 11 8 8 7 7 12 15 15 18 21 21 19 19 14 15 15 9 12 12 14 14 23 19 19 17 21 21 17 17 16 14 14 16
 18 18 13 24 24 5 7 7 6 6 15 24 24 10 8 8 8 8 8 25 25 23 18 18 20 20 16 10 10 9 11 11 12 12 15 18 18 16 16 16 15 15 17 13 13 15
 18 18 13 24 24 5 7 7 6 6 15 24 24 10 8 8 8 8 8 25 25 23 18 18 20 20 16 10 10 9 11 11 12 12 15 18 18 16 16 16 15 15 17 13 13 15
 21 21 14 5 5 5 11 11 5 5 7 28 28 16 10 10 13 13 7 14 14 17 18 18 22 22 25 18 18 12 14 14 16 16 17 10 10 32 17 17 15 15 19 13 13 19
 27 27 12 11 11 6 10 10 5 5 7 9 9 9 7 7 6 6 5 10 10 7 12 12 17 17 21 22 22 17 9 9 8 8 16 13 13 8 16 16 16 16 8 9 9 5
 27 27 12 11 11 6 10 10 5 5 7 9 9 9 7 7 6 6 5 10 10 7 12 12 17 17 21 22 22 17 9 9 8 8 16 13 13 8 16 16 16 16 8 9 9 5
 18 18 11 20 20 7 4 4 2 2 3 4 4 8 7 7 6 6 9 9 9 8 14 14 23 23 25 21 21 16 14 14 11 11 17 17 17 15 30 30 31 31 17 6 6 6
 18 18 11 20 20 7 4 4 2 2 3 4 4 8 7 7 6 6 9 9 9 8 14 14 23 23 25 21 21 16 14 14 11 11 17 17 17 15 30 30 31 31 17 6 6 6
 21 21 14 22 22 7 4 4 3 3 3 5 5 10 8 8 7 7 6 5 5 6 6 6 12 12 22 20 20 16 13 13 7 7 19 18 18 15 7 7 5 5 8 11 11 11
 27 27 22 12 12 12 7 7 2 2 6 6 6 5 9 9 8 8 5 9 9 9 5 5 11 11 13 15 15 39 17 17 11 11 12 6 6 7 5 5 8 8 7 7 7 7
 27 27 22 12 12 12 7 7 2 2 6 6 6 5 9 9 8 8 5 9 9 9 5 5 11 11 13 15 15 39 17 17 11 11 12 6 6 7 5 5 8 8 7 7 7 7
 20 20 13 11 11 19 4 4 6 6 3 4 4 5 5 5 6 6 6 5 5 10 5 5 7 7 13 15 15 27 24 24 12 12 10 5 5 5 9 9 9 9 8 7 7 9
 42 42 15 11 11 6 5 5 6 6 3 2 2 4 3 3 6 6 5 6 6 6 5 5 7 7 9 10 10 20 12 12 8 8 4 4 4 5 14 14 6 6 6 7 7 5
 42 42 15 11 11 6 5 5 6 6 3 2 2 4 3 3 6 6 5 6 6 6 5 5 7 7 9 10 10 20 12 12 8 8 4 4 4 5 14 14 6 6 6 7 7 5
 61 61 24 10 10 9 5 5 6 6 3 2 2 2 6 6 7 7 4 3 3 5 6 6 5 5 6 6 6 8 5 5 6 6 5 4 4 6 6 6 11 11 11 8 8 8
 61 61 24 10 10 9 5 5 6 6 3 2 2 2 6 6 7 7 4 3 3 5 6 6 5 5 6 6 6 8 5 5 6 6 5 4 4 6 6 6 11 11 11 8 8 8
 96 96 32 43 43 17 9 9 13 13 5 2 2 2 2 2 5 5 5 3 3 2 3 3 4 4 4 3 3 8 3 3 4 4 4 3 3 4 7 7 4 4 6 10 10 9
 97 97 51 27 27 17 12 12 8 8 8 2 2 1 1 1 3 3 10 5 5 3 4 4 3 3 4 3 3 5 4 4 3 3 7 3 3 3 4 4 4 4 7 9 9 9
 97 97 51 27 27 17 12 12 8 8 8 2 2 1 1 1 3 3 10 5 5 3 4 4 3 3 4 3 3 5 4 4 3 3 7 3 3 3 4 4 4 4 7 9 9 9
 82 82 76 36 36 23 21 21 10 10 8 2 2 2 4 4 3 3 9 7 7 6 4 4 5 5 4 4 4 3 3 3 3 3 4 3 3 5 4 4 5 5 9 10 10 10
 54 54 44 44 44 36 22 22 11 11 12 2 2 9 2 2 2 2 2 5 5 8 4 4 6 6 6 7 7 5 3 3 3 3 3 4 4 5 9 9 11 11 14 12 12 13
 54 54 44 44 44 36 22 22 11 11 12 2 2 9 2 2 2 2 2 5 5 8 4 4 6 6 6 7 7 5 3 3 3 3 3 4 4 5 9 9 11 11 14 12 12 13
 66 66 41 36 36 49 35 35 17 17 10 4 4 2 2 2 4 4 3 5 5 5 13 13 6 6 7 9 9 7 3 3 11 11 12 14 14 12 13 13 10 10 13 10 10 14
 66 66 41 36 36 49 35 35 17 17 10 4 4 2 2 2 4 4 3 5 5 5 13 13 6 6 7 9 9 7 3 3 11 11 12 14 14 12 13 13 10 10 13 10 10 14
 78 78 39 31 31 30 18 18 12 12 12 20 20 2 4 4 3 3 4 5 5 6 6 6 5 5 5 9 9 6 9 9 12 12 16 18 18 12 12 12 7 7 7 11 11 15
 60 60 37 28 28 24 20 20 17 17 9 8 8 7 3 3 3 3 3 3 3 5 5 5 4 4 5 6 6 7 8 8 9 9 11 15 15 11 7 7 6 6 9 11 11 9
 60 60 37 28 28 24 20 20 17 17 9 8 8 7 3 3 3 3 3 3 3 5 5 5 4 4 5 6 6 7 8 8 9 9 11 15 15 11 7 7 6 6 9 11 11 9
 39 39 30 28 28 20 21 21 18 18 10 10 10 4 4 4 2 2 2 3 3 7 5 5 5 5 5 6 6 7 9 9 10 10 9 13 13 16 11 11 9 9 21 10 10 6
 45 45 30 18 18 26 14 14 25 25 21 9 9 3 5 5 4 4 2 2 2 3 5 5 5 5 4 4 4 4 5 5 6 6 8 16 16 24 8 8 9 9 7 6 6 21
 45 45 30 18 18 26 14 14 25 25 21 9 9 3 5 5 4 4 2 2 2 3 5 5 5 5 4 4 4 4 5 5 6 6 8 16 16 24 8 8 9 9 7 6 6 21
 38 38 28 19 19 15 15 15 16 16 17 26 26 4 2 2 2 2 4 2 2 2 2 2 5 5 4 3 3 5 6 6 6 6 12 12 12 15 10 10 8 8 8 13 13 26
 38 38 28 19 19 15 15 15 16 16 17 26 26 4 2 2 2 2 4 2 2 2 2 2 5 5 4 3 3 5 6 6 6 6 12 12 12 15 10 10 8 8 8 13 13 26
 92 92 50 18 18 20 10 10 6 6 11 6 6 4 1 1 1 1 3 1 1 4 3 3 4 4 4 3 3 5 6 6 7 7 10 9 9 9 6 6 7 7 14 14 14 28
 49 49 54 28 28 14 8 8 8 8 26 3 3 1 4 4 1 1 1 1 1 3 2 2 5 5 4 3 3 7 6 6 8 8 15 14 14 7 7 7 14 14 16 14 14 11
 49 49 54 28 28 14 8 8 8 8 26 3 3 1 4 4 1 1 1 1 1 3 2 2 5 5 4 3 3 7 6 6 8 8 15 14 14 7 7 7 14 14 16 14 14 11
 44 44 42 29 29 15 13 13 27 27 3 2 2 1 5 5 3 3 1 3 3 2 3 3 5 5 4 4 4 4 5 5 11 11 13 18 18 14 14 14 13 13 11 14 14 20
 48 48 35 30 30 24 15 15 22 22 6 3 3 2 2 2 2 2 2 3 3 2 2 2 6 6 9 7 7 10 6 6 9 9 11 17 17 34 18 18 12 12 8 15 15 14
 48 48 35 30 30 24 15 15 22 22 6 3 3 2 2 2 2 2 2 3 3 2 2 2 6 6 9 7 7 10 6 6 9 9 11 17 17 34 18 18 12 12 8 15 15 14
 93 93 43 41 41 22 16 16 18 18 11 12 12 10 8 8 4 4 2 1 1 2 2 2 5 5 8 8 8 7 13 13 8 8 8 20 20 20 13 13 15 15 8 8 8 6
 93 93 43 41 41 22 16 16 18 18 11 12 12 10 8 8 4 4 2 1 1 2 2 2 5 5 8 8 8 7 13 13 8 8 8 20 20 20 13 13 15 15 8 8 8 6
 90 90 47 50 50 43 20 20 16 16 20 8 8 11 11 11 6 6 3 2 2 2 2 2 6 6 6 10 10 9 15 15 13 13 6 12 12 14 14 14 13 13 3 3 3 1
 50 50 66 65 65 55 31 31 26 26 14 8 8 8 9 9 5 5 7 5 5 2 2 2 2 2 6 8 8 8 7 7 12 12 12 10 10 15 20 20 13 13 10 2 2 3
 50 50 66 65 65 55 31 31 26 26 14 8 8 8 9 9 5 5 7 5 5 2 2 2 2 2 6 8 8 8 7 7 12 12 12 10 10 15 20 20 13 13 10 2 2 3
 40 40 67 60 60 52 35 35 38 38 27 20 20 12 6 6 13 13 6 15 15 2 1 1 3 3 6 9 9 7 7 7 6 6 8 24 24 15 18 18 20 20 10 4 4 4
 39 39 102 61 61 58 44 44 29 29 26 21 21 10 8 8 5 5 9 4 4 9 1 1 1 1 1 4 4 8 5 5 4 4 4 5 5 9 8 8 8 8 7 5 5 5
 39 39 102 61 61 58 44 44 29 29 26 21 21 10 8 8 5 5 9 4 4 9 1 1 1 1 1 4 4 8 5 5 4 4 4 5 5 9 8 8 8 8 7 5 5 5
 53 53 88 79 79 63 119 119 44 44 40 33 33 19 8 8 5 5 5 3 3 8 2 2 1 1 1 3 3 4 5 5 3 3 4 4 4 4 6 6 2 2 1 1 1 5
 53 53 88 79 79 63 119 119 44 44 40 33 33 19 8 8 5 5 5 3 3 8 2 2 1 1 1 3 3 4 5 5 3 3 4 4 4 4 6 6 2 2 1 1 1 5
 63 63 86 76 76 68 76 76 48 48 36 28 28 20 12 12 11 11 4 4 4 2 1 1 1 1 1 1 1 4 2 2 3 3 2 2 2 2 2 2 3 3 1 1 1 6
 73 73 100 112 112 113 110 110 57 57 55 43 43 34 14 14 13 13 3 2 2 2 1 1 1 1 1 1 1 2 2 2 2 2 1 1 1 1 8 8 2 2 4 2 2 4
 73 73 100 112 112 113 110 110 57 57 55 43 43 34 14 14 13 13 3 2 2 2 1 1 1 1 1 1 1 2 2 2 2 2 1 1 1 1 8 8 2 2 4 2 2 4
 66 66 102 122 122 107 94 94 78 78 80 69 69 44 21 21 17 17 3 2 2 3 2 2 8 8 0 1 1 1 4 4 3 3 1 1 1 6 3 3 7 7 9 8 8 3
 70 70 113 95 95 100 155 155 98 98 85 65 65 53 26 26 20 20 17 8 8 3 1 1 1 1 0 3 3 2 2 2 2 2 2 1 1 5 5 5 8 8 11 11 11 5
 70 70 113 95 95 100 155 155 98 98 85 65 65 53 26 26 20 20 17 8 8 3 1 1 1 1 0 3 3 2 2 2 2 2 2 1 1 5 5 5 8 8 11 11 11 5
 64 64 71 96 96 127 143 143 96 96 77 67 67 45 28 28 26 26 17 5 5 4 3 3 2 2 1 0 0 0 1 1 1 1 3 3 3 4 4 4 9 9 6 7 7 3
 64 64 71 96 96 127 143 143 96 96 77 67 67 45 28 28 26 26 17 5 5 4 3 3 2 2 1 0 0 0 1 1 1 1 3 3 3 4 4 4 9 9 6 7 7 3
 85 85 56 68 68 96 98 98 104 104 88 74 74 43 26 26 18 18 17 11 11 6 7 7 2 2 0 1 1 0 1 1 1 1 11 3 3 3 5 5 3 3 6 1 1 1
 37 37 67 63 63 77 91 91 84 84 94 59 59 48 39 39 18 18 20 3 3 4 3 3 1 1 0 0 0 0 1 1 1 1 1 2 2 3 2 2 1 1 0 0 0 0
 37 37 67 63 63 77 91 91 84 84 94 59 59 48 39 39 18 18 20 3 3 4 3 3 1 1 0 0 0 0 1 1 1 1 1 2 2 3 2 2 1 1 0 0 0 0
 38 38 63 60 60 86 70 70 72 72 74 51 51 42 32 32 15 15 13 4 4 3 3 3 0 0 1 0 0 0 0 0 1 1 1 1 1 0 1 1 1 1 0 0 0 0
 51 51 51 39 39 51 62 62 62 62 48 35 35 33 30 30 8 8 7 5 5 2 2 2 1 1 1 1 1 1 1 1 1 1 1 0 0 0 0 0 0 0 0 0 0 0
