assets/RAT_results/precipitation/2018-08-09_IMERG.asc
ncols        46
nrows        77
xllcorner    74.800261325624
yllcorner    8.058333333333
cellsize     0.062500000000
NODATA_value -9999
 9 9 8 3 3 14 10 10 21 21 39 35 35 38 65 65 53 53 21 9 9 1 1 1 0 0 0 0 0 0 0 0 1 1 1 0 0 0 1 1 0 0 0 0 0 3
 5 5 6 3 3 3 34 34 18 18 22 30 30 33 39 39 50 50 35 16 16 10 3 3 2 2 0 0 0 0 0 0 0 0 1 0 0 0 0 0 1 1 1 5 5 2
 5 5 6 3 3 3 34 34 18 18 22 30 30 33 39 39 50 50 35 16 16 10 3 3 2 2 0 0 0 0 0 0 0 0 1 0 0 0 0 0 1 1 1 5 5 2
 6 6 5 2 2 3 3 3 7 7 9 18 18 41 33 33 36 36 36 17 17 14 7 7 2 2 1 0 0 0 0 0 0 0 0 0 0 0 0 0 0 0 0 3 3 1
 4 4 4 6 6 4 18 18 17 17 11 11 11 15 31 31 38 38 39 17 17 15 8 8 7 7 2 1 1 0 0 0 0 0 0 0 0 0 0 0 0 0 0 0 0 0
 4 4 4 6 6 4 18 18 17 17 11 11 11 15 31 31 38 38 39 17 17 15 8 8 7 7 2 1 1 0 0 0 0 0 0 0 0 0 0 0 0 0 0 0 0 0
 1 1 4 6 6 8 15 15 10 10 12 11 11 12 72 72 82 82 43 15 15 4 5 5 6 6 4 3 3 0 0 0 0 0 0 0 0 0 0 0 0 0 0 0 0 2
 1 1 4 6 6 8 15 15 10 10 12 11 11 12 72 72 82 82 43 15 15 4 5 5 6 6 4 3 3 0 0 0 0 0 0 0 0 0 0 0 0 0 0 0 0 2
 1 1 6 6 6 11 14 14 11 11 5 13 13 15 22 22 15 15 19 9 9 4 3 3 3 3 2 3 3 1 1 1 0 0 0 0 0 0 0 0 0 0 0 0 0 0
 1 1 6 8 8 14 15 15 9 9 8 23 23 25 16 16 13 13 18 11 11 2 2 2 1 1 1 0 0 0 0 0 0 0 0 0 0 0 0 0 0 0 0 0 0 0
 1 1 6 8 8 14 15 15 9 9 8 23 23 25 16 16 13 13 18 11 11 2 2 2 1 1 1 0 0 0 0 0 0 0 0 0 0 0 0 0 0 0 0 0 0 0
 2 2 3 6 6 14 13 13 8 8 11 51 51 49 46 46 31 31 11 5 5 2 2 2 1 1 0 0 0 0 1 1 1 1 0 1 1 17 0 0 0 0 0 0 0 0
 0 0 3 7 7 22 13 13 10 10 12 26 26 46 48 48 35 35 20 18 18 2 1 1 1 1 0 0 0 0 0 0 0 0 0 1 1 2 0 0 0 0 0 0 0 0
 0 0 3 7 7 22 13 13 10 10 12 26 26 46 48 48 35 35 20 18 18 2 1 1 1 1 0 0 0 0 0 0 0 0 0 1 1 2 0 0 0 0 0 0 0 0
 1 1 1 6 6 7 16 16 17 17 17 28 28 48 51 51 59 59 36 25 25 8 3 3 2 2 2 0 0 0 0 0 1 1 0 1 1 0 1 1 0 0 0 0 0 0
 1 1 1 6 6 7 16 16 17 17 17 28 28 48 51 51 59 59 36 25 25 8 3 3 2 2 2 0 0 0 0 0 1 1 0 1 1 0 1 1 0 0 0 0 0 0
 2 2 1 1 1 8 57 57 18 18 23 20 20 37 54 54 125 125 60 143 143 11 12 12 3 3 2 1 1 1 0 0 0 0 0 0 0 0 0 0 0 0 0 0 0 0
 6 6 4 2 2 6 7 7 15 15 22 27 27 42 64 64 78 78 64 59 59 25 25 25 8 8 3 1 1 1 0 0 0 0 1 0 0 1 1 1 0 0 0 0 0 0
 6 6 4 2 2 6 7 7 15 15 22 27 27 42 64 64 78 78 64 59 59 25 25 25 8 8 3 1 1 1 0 0 0 0 1 0 0 1 1 1 0 0 0 0 0 0
 3 3 9 4 4 7 5 5 15 15 17 28 28 36 60 60 69 69 73 108 108 52 46 46 14 14 5 2 2 2 1 1 1 1 2 1 1 1 0 0 0 0 0 1 1 0
 2 2 5 3 3 4 5 5 14 14 17 32 32 28 47 47 54 54 65 87 87 72 62 62 30 30 3 3 3 3 1 1 1 1 7 1 1 0 0 0 0 0 0 0 0 0
 2 2 5 3 3 4 5 5 14 14 17 32 32 28 47 47 54 54 65 87 87 72 62 62 30 30 3 3 3 3 1 1 1 1 7 1 1 0 0 0 0 0 0 0 0 0
 6 6 2 2 2 4 5 5 7 7 10 18 18 28 56 56 43 43 57 74 74 82 64 64 42 42 17 5 5 6 3 3 1 1 4 2 2 1 0 0 1 1 1 3 3 1
 6 6 2 2 2 4 5 5 7 7 10 18 18 28 56 56 43 43 57 74 74 82 64 64 42 42 17 5 5 6 3 3 1 1 4 2 2 1 0 0 1 1 1 3 3 1
 4 4 2 4 4 7 6 6 7 7 13 14 14 16 26 26 29 29 58 97 97 124 83 83 51 51 40 19 19 16 5 5 1 1 3 2 2 1 1 1 1 1 2 2 2 1
 4 4 2 7 7 2 2 2 3 3 6 11 11 11 19 19 29 29 32 72 72 101 106 106 76 76 57 31 31 21 10 10 2 2 5 1 1 1 0 0 1 1 1 1 1 2
 4 4 2 7 7 2 2 2 3 3 6 11 11 11 19 19 29 29 32 72 72 101 106 106 76 76 57 31 31 21 10 10 2 2 5 1 1 1 0 0 1 1 1 1 1 2
 3 3 5 2 2 4 2 2 3 3 4 6 6 8 14 14 19 19 25 28 28 66 60 60 54 54 53 43 43 29 17 17 6 6 3 2 2 0 0 0 1 1 0 0 0 0
 2 2 3 2 2 3 2 2 8 8 6 2 2 3 11 11 20 20 23 19 19 37 53 53 60 60 55 44 44 32 27 27 8 8 5 3 3 1 1 1 1 1 0 0 0 0
 2 2 3 2 2 3 2 2 8 8 6 2 2 3 11 11 20 20 23 19 19 37 53 53 60 60 55 44 44 32 27 27 8 8 5 3 3 1 1 1 1 1 0 0 0 0
 3 3 3 4 4 6 2 2 7 7 8 3 3 3 10 10 18 18 24 17 17 19 28 28 54 54 49 52 52 47 35 35 13 13 8 8 8 5 3 3 1 1 0 0 0 0
 3 3 3 4 4 6 2 2 7 7 8 3 3 3 10 10 18 18 24 17 17 19 28 28 54 54 49 52 52 47 35 35 13 13 8 8 8 5 3 3 1 1 0 0 0 0
 7 7 2 4 4 1 3 3 2 2 3 2 2 4 6 6 17 17 15 19 19 19 20 20 32 32 51 56 56 56 51 51 27 27 22 15 15 9 2 2 2 2 1 0 0 0
 10 10 2 2 2 1 2 2 2 2 2 2 2 3 6 6 10 10 15 15 15 21 26 26 31 31 35 45 45 44 42 42 37 37 28 21 21 19 4 4 3 3 3 1 1 0
 10 10 2 2 2 1 2 2 2 2 2 2 2 3 6 6 10 10 15 15 15 21 26 26 31 31 35 45 45 44 42 42 37 37 28 21 21 19 4 4 3 3 3 1 1 0
 2 2 2 2 2 6 1 1 1 1 1 2 2 3 4 4 8 8 12 14 14 10 16 16 23 23 24 26 26 41 37 37 36 36 31 29 29 22 14 14 10 10 7 1 1 0
 2 2 2 1 1 1 2 2 7 7 3 3 3 3 1 1 5 5 8 13 13 6 7 7 18 18 23 26 26 43 32 32 21 21 20 15 15 23 6 6 7 7 6 3 3 1
 2 2 2 1 1 1 2 2 7 7 3 3 3 3 1 1 5 5 8 13 13 6 7 7 18 18 23 26 26 43 32 32 21 21 20 15 15 23 6 6 7 7 6 3 3 1
 7 7 5 2 2 2 5 5 9 9 10 2 2 3 1 1 3 3 5 10 10 4 4 4 6 6 7 9 9 11 14 14 14 14 22 21 21 9 6 6 3 3 2 4 4 1
 7 7 5 2 2 2 5 5 9 9 10 2 2 3 1 1 3 3 5 10 10 4 4 4 6 6 7 9 9 11 14 14 14 14 22 21 21 9 6 6 3 3 2 4 4 1
 6 6 4 5 5 3 2 2 3 3 7 2 2 1 1 1 1 1 3 9 9 4 5 5 2 2 10 17 17 4 7 7 14 14 11 17 17 9 4 4 2 2 3 5 5 2
 2 2 3 3 3 8 8 8 9 9 8 6 6 3 2 2 4 4 1 1 1 4 6 6 15 15 19 6 6 8 17 17 21 21 20 13 13 11 5 5 4 4 4 6 6 3
 2 2 3 3 3 8 8 8 9 9 8 6 6 3 2 2 4 4 1 1 1 4 6 6 15 15 19 6 6 8 17 17 21 21 20 13 13 11 5 5 4 4 4 6 6 3
 4 4 2 4 4 13 8 8 7 7 12 20 20 7 4 4 3 3 4 3 3 5 6 6 8 8 7 5 5 8 22 22 27 27 35 21 21 20 11 11 5 5 3 2 2 2
 2 2 0 8 8 6 3 3 5 5 8 31 31 26 15 15 6 6 4 3 3 3 6 6 7 7 6 8 8 9 21 21 29 29 33 32 32 26 14 14 4 4 3 2 2 2
 2 2 0 8 8 6 3 3 5 5 8 31 31 26 15 15 6 6 4 3 3 3 6 6 7 7 6 8 8 9 21 21 29 29 33 32 32 26 14 14 4 4 3 2 2 2
 0 0 1 3 3 2 1 1 10 10 11 27 27 38 24 24 8 8 6 7 7 4 4 4 7 7 8 8 8 8 18 18 22 22 38 20 20 26 12 12 10 10 5 7 7 1
 0 0 1 3 3 2 1 1 10 10 11 27 27 38 24 24 8 8 6 7 7 4 4 4 7 7 8 8 8 8 18 18 22 22 38 20 20 26 12 12 10 10 5 7 7 1
 1 1 1 2 2 1 1 1 4 4 4 15 15 27 24 24 14 14 23 28 28 20 6 6 21 21 19 9 9 13 16 16 19 19 20 27 27 22 16 16 14 14 7 8 8 1
 1 1 1 1 1 1 1 1 1 1 2 4 4 15 13 13 19 19 27 35 35 29 21 21 20 20 13 14 14 17 22 22 28 28 19 29 29 25 21 21 12 12 9 4 4 1
 1 1 1 1 1 1 1 1 1 1 2 4 4 15 13 13 19 19 27 35 35 29 21 21 20 20 13 14 14 17 22 22 28 28 19 29 29 25 21 21 12 12 9 4 4 1
 0 0 1 1 1 1 1 1 1 1 0 2 2 11 7 7 23 23 46 57 57 27 16 16 19 19 14 18 18 35 22 22 28 28 23 21 21 28 14 14 11 11 6 2 2 1
 0 0 1 1 1 0 0 0 0 0 1 1 1 3 4 4 13 13 28 45 45 19 7 7 8 8 13 16 16 33 25 25 24 24 25 18 18 17 13 13 16 16 5 2 2 0
 0 0 1 1 1 0 0 0 0 0 1 1 1 3 4 4 13 13 28 45 45 19 7 7 8 8 13 16 16 33 25 25 24 24 25 18 18 17 13 13 16 16 5 2 2 0
 0 0 0 0 0 0 0 0 1 1 1 1 1 2 2 2 5 5 16 31 31 3 4 4 8 8 8 14 14 15 23 23 18 18 22 22 22 24 6 6 6 6 3 2 2 0
 0 0 0 0 0 0 0 0 1 1 1 1 1 2 2 2 5 5 16 31 31 3 4 4 8 8 8 14 14 15 23 23 18 18 22 22 22 24 6 6 6 6 3 2 2 0
 1 1 0 0 0 0 0 0 1 1 1 2 2 2 2 2 2 2 8 35 35 29 5 5 7 7 10 12 12 12 24 24 23 23 24 22 22 11 12 12 5 5 2 1 1 0
 1 1 1 0 0 0 1 1 1 1 1 1 1 2 2 2 7 7 17 15 15 14 12 12 5 5 8 11 11 9 13 13 17 17 18 15 15 9 8 8 5 5 3 3 3 3
 1 1 1 0 0 0 1 1 1 1 1 1 1 2 2 2 7 7 17 15 15 14 12 12 5 5 8 11 11 9 13 13 17 17 18 15 15 9 8 8 5 5 3 3 3 3
 0 0 0 0 0 0 1 1 2 2 4 4 4 4 2 2 5 5 5 8 8 11 18 18 13 13 15 16 16 16 16 16 13 13 17 16 16 15 11 11 8 8 4 2 2 1
 0 0 0 0 0 0 2 2 3 3 2 3 3 3 3 3 5 5 8 8 8 11 11 11 11 11 12 13 13 18 15 15 9 9 17 15 15 16 12 12 7 7 10 2 2 1
 0 0 0 0 0 0 2 2 3 3 2 3 3 3 3 3 5 5 8 8 8 11 11 11 11 11 12 13 13 18 15 15 9 9 17 15 15 16 12 12 7 7 10 2 2 1
 0 0 0 0 0 0 0 0 1 1 2 2 2 1 3 3 6 6 8 12 12 4 11 11 13 13 11 12 12 14 13 13 8 8 19 30 30 19 13 13 9 9 18 4 4 1
 0 0 0 0 0 0 0 0 1 1 2 2 2 1 3 3 6 6 8 12 12 4 11 11 13 13 11 12 12 14 13 13 8 8 19 30 30 19 13 13 9 9 18 4 4 1
 0 0 0 0 0 0 0 0 0 0 0 0 0 1 7 7 14 14 10 8 8 7 6 6 4 4 5 6 6 7 9 9 6 6 16 15 15 22 20 20 17 17 15 5 5 2
 0 0 0 0 0 0 0 0 0 0 0 0 0 0 1 1 8 8 9 4 4 3 3 3 3 3 4 6 6 14 8 8 12 12 17 16 16 15 13 13 18 18 12 6 6 2
 0 0 0 0 0 0 0 0 0 0 0 0 0 0 1 1 8 8 9 4 4 3 3 3 3 3 4 6 6 14 8 8 12 12 17 16 16 15 13 13 18 18 12 6 6 2
 0 0 0 0 0 0 0 0 3 3 1 1 1 1 0 0 1 1 1 0 0 1 1 1 0 0 5 5 5 4 12 12 17 17 25 23 23 12 15 15 15 15 9 2 2 1
 0 0 0 0 0 0 0 0 1 1 1 1 1 1 0 0 0 0 0 1 1 1 1 1 1 1 6 6 6 4 9 9 18 18 26 29 29 37 26 26 18 18 8 3 3 2
 0 0 0 0 0 0 0 0 1 1 1 1 1 1 0 0 0 0 0 1 1 1 1 1 1 1 6 6 6 4 9 9 18 18 26 29 29 37 26 26 18 18 8 3 3 2
 0 0 0 0 0 0 0 0 1 1 1 1 1 1 1 1 1 1 0 1 1 1 2 2 7 7 5 6 6 7 12 12 18 18 29 32 32 20 16 16 14 14 8 4 4 1
 0 0 0 0 0 0 0 0 1 1 1 1 1 1 1 1 1 1 0 1 1 1 2 2 7 7 5 6 6 7 12 12 18 18 29 32 32 20 16 16 14 14 8 4 4 1
 0 0 0 0 0 0 0 0 0 0 0 0 0 5 1 1 1 1 0 1 1 1 4 4 8 8 5 5 5 4 8 8 13 13 30 22 22 18 16 16 10 10 9 5 5 3
 0 0 0 0 0 0 0 0 0 0 0 1 1 1 1 1 1 1 0 0 0 0 1 1 2 2 1 6 6 4 6 6 11 11 14 16 16 12 9 9 9 9 8 4 4 2
 0 0 0 0 0 0 0 0 0 0 0 1 1 1 1 1 1 1 0 0 0 0 1 1 2 2 1 6 6 4 6 6 11 11 14 16 16 12 9 9 9 9 8 4 4 2
 1 1 0 0 0 0 0 0 0 0 0 1 1 1 0 0 0 0 1 1 1 1 1 1 2 2 1 1 1 1 3 3 1 1 3 5 5 10 8 8 9 9 2 3 3 2
 0 0 0 0 0 0 0 0 0 0 0 0 0 1 1 1 0 0 1 1 1 1 1 1 1 1 1 1 1 0 0 0 1 1 5 12 12 14 5 5 2 2 3 1 1 1
