assets/RAT_results/precipitation/2018-08-08_IMERG.asc
ncols        46
nrows        77
xllcorner    74.800261325624
yllcorner    8.058333333333
cellsize     0.062500000000
NODATA_value -9999
 26 26 24 19 19 17 34 34 40 40 56 66 66 74 83 83 59 59 40 21 21 16 4 4 3 3 1 1 1 0 0 0 0 0 0 0 0 0 0 0 0 0 0 1 1 1
 21 21 21 15 15 14 18 18 35 35 43 66 66 71 70 70 73 73 53 33 33 20 14 14 3 3 0 1 1 1 0 0 0 0 0 0 0 0 0 0 0 0 0 0 0 0
 21 21 21 15 15 14 18 18 35 35 43 66 66 71 70 70 73 73 53 33 33 20 14 14 3 3 0 1 1 1 0 0 0 0 0 0 0 0 0 0 0 0 0 0 0 0
 8 8 13 11 11 7 10 10 15 15 26 31 31 40 56 56 74 74 63 50 50 23 17 17 9 9 4 1 1 2 0 0 0 0 0 0 0 0 0 0 0 0 0 0 0 0
 3 3 7 9 9 7 5 5 6 6 14 20 20 33 42 42 60 60 58 54 54 33 10 10 4 4 12 1 1 0 0 0 1 1 0 0 0 0 0 0 0 0 0 0 0 0
 3 3 7 9 9 7 5 5 6 6 14 20 20 33 42 42 60 60 58 54 54 33 10 10 4 4 12 1 1 0 0 0 1 1 0 0 0 0 0 0 0 0 0 0 0 0
 3 3 3 5 5 5 5 5 13 13 13 19 19 26 33 33 42 42 49 43 43 42 14 14 4 4 3 2 2 0 0 0 0 0 0 0 0 0 0 0 0 0 0 0 0 0
 3 3 3 5 5 5 5 5 13 13 13 19 19 26 33 33 42 42 49 43 43 42 14 14 4 4 3 2 2 0 0 0 0 0 0 0 0 0 0 0 0 0 0 0 0 0
 2 2 3 4 4 3 6 6 13 13 18 17 17 43 42 42 42 42 45 29 29 27 13 13 4 4 4 1 1 1 0 0 0 0 0 1 1 0 0 0 0 0 0 0 0 0
 1 1 3 6 6 5 6 6 7 7 18 32 32 48 56 56 71 71 52 34 34 28 14 14 6 6 3 1 1 1 1 1 0 0 0 0 0 0 0 0 0 0 0 0 0 0
 1 1 3 6 6 5 6 6 7 7 18 32 32 48 56 56 71 71 52 34 34 28 14 14 6 6 3 1 1 1 1 1 0 0 0 0 0 0 0 0 0 0 0 0 0 0
 3 3 4 5 5 11 11 11 11 11 16 27 27 50 87 87 100 100 66 65 65 32 19 19 8 8 7 2 2 2 0 0 0 0 0 0 0 0 0 0 0 0 0 0 0 0
 7 7 3 7 7 12 12 12 12 12 13 31 31 45 109 109 119 119 109 92 92 54 33 33 22 22 20 8 8 4 2 2 1 1 0 0 0 0 0 0 0 0 0 0 0 0
 7 7 3 7 7 12 12 12 12 12 13 31 31 45 109 109 119 119 109 92 92 54 33 33 22 22 20 8 8 4 2 2 1 1 0 0 0 0 0 0 0 0 0 0 0 0
 5 5 5 3 3 5 10 10 11 11 13 20 20 33 76 76 132 132 204 125 125 87 53 53 38 38 23 15 15 10 4 4 2 2 1 0 0 0 0 0 0 0 0 0 0 0
 5 5 5 3 3 5 10 10 11 11 13 20 20 33 76 76 132 132 204 125 125 87 53 53 38 38 23 15 15 10 4 4 2 2 1 0 0 0 0 0 0 0 0 0 0 0
 2 2 2 3 3 5 6 6 13 13 14 22 22 26 57 57 96 96 145 142 142 125 85 85 54 54 37 20 20 17 4 4 2 2 1 0 0 0 0 0 0 0 0 0 0 0
 2 2 2 1 1 2 5 5 8 8 14 15 15 23 29 29 73 73 109 119 119 142 104 104 85 85 60 36 36 18 7 7 4 4 1 0 0 1 1 1 0 0 0 0 0 0
 2 2 2 1 1 2 5 5 8 8 14 15 15 23 29 29 73 73 109 119 119 142 104 104 85 85 60 36 36 18 7 7 4 4 1 0 0 1 1 1 0 0 0 0 0 0
 2 2 1 2 2 2 5 5 8 8 9 17 17 21 17 17 35 35 74 130 130 136 116 116 126 126 80 54 54 36 15 15 5 5 2 1 1 0 1 1 0 0 0 0 0 0
 1 1 2 3 3 3 5 5 7 7 12 20 20 22 21 21 28 28 39 83 83 141 154 154 149 149 110 105 105 57 33 33 14 14 8 4 4 2 0 0 0 0 0 0 0 0
 1 1 2 3 3 3 5 5 7 7 12 20 20 22 21 21 28 28 39 83 83 141 154 154 149 149 110 105 105 57 33 33 14 14 8 4 4 2 0 0 0 0 0 0 0 0
 2 2 2 2 2 3 6 6 7 7 10 10 10 23 19 19 25 25 63 62 62 133 135 135 210 210 148 129 129 78 40 40 35 35 10 6 6 3 0 0 0 0 2 0 0 0
 2 2 2 2 2 3 6 6 7 7 10 10 10 23 19 19 25 25 63 62 62 133 135 135 210 210 148 129 129 78 40 40 35 35 10 6 6 3 0 0 0 0 2 0 0 0
 2 2 3 3 3 3 5 5 4 4 10 9 9 27 22 22 23 23 33 49 49 96 123 123 159 159 159 145 145 90 69 69 41 41 26 16 16 10 3 3 2 2 1 1 1 1
 2 2 2 3 3 3 3 3 4 4 3 8 8 12 29 29 45 45 26 33 33 70 98 98 118 118 131 144 144 124 99 99 51 51 37 30 30 13 11 11 9 9 12 2 2 0
 2 2 2 3 3 3 3 3 4 4 3 8 8 12 29 29 45 45 26 33 33 70 98 98 118 118 131 144 144 124 99 99 51 51 37 30 30 13 11 11 9 9 12 2 2 0
 1 1 1 1 1 1 2 2 2 2 2 4 4 8 13 13 20 20 22 33 33 59 84 84 102 102 121 160 160 142 95 95 52 52 40 48 48 18 16 16 16 16 13 2 2 1
 1 1 1 3 3 1 1 1 1 1 1 2 2 6 10 10 19 19 30 18 18 23 38 38 94 94 103 131 131 118 118 118 73 73 57 39 39 32 20 20 14 14 8 2 2 1
 1 1 1 3 3 1 1 1 1 1 1 2 2 6 10 10 19 19 30 18 18 23 38 38 94 94 103 131 131 118 118 118 73 73 57 39 39 32 20 20 14 14 8 2 2 1
 0 0 0 0 0 0 0 0 1 1 2 2 2 4 7 7 18 18 24 15 15 17 34 34 66 66 72 99 99 96 117 117 79 79 76 54 54 33 28 28 15 15 16 7 7 2
 0 0 0 0 0 0 0 0 1 1 2 2 2 4 7 7 18 18 24 15 15 17 34 34 66 66 72 99 99 96 117 117 79 79 76 54 54 33 28 28 15 15 16 7 7 2
 0 0 1 0 0 0 1 1 1 1 2 2 2 3 8 8 17 17 18 17 17 22 36 36 43 43 55 89 89 104 112 112 124 124 112 95 95 55 37 37 27 27 19 9 9 5
 0 0 1 1 1 0 1 1 1 1 1 1 1 4 7 7 12 12 18 20 20 21 26 26 40 40 62 59 59 73 61 61 111 111 107 94 94 65 53 53 47 47 26 12 12 9
 0 0 1 1 1 0 1 1 1 1 1 1 1 4 7 7 12 12 18 20 20 21 26 26 40 40 62 59 59 73 61 61 111 111 107 94 94 65 53 53 47 47 26 12 12 9
 0 0 1 1 1 1 1 1 1 1 1 1 1 2 3 3 7 7 18 17 17 20 20 20 23 23 38 48 48 69 60 60 59 59 70 50 50 51 41 41 27 27 29 14 14 13
 1 1 1 1 1 1 1 1 1 1 1 1 1 2 2 2 5 5 9 18 18 13 12 12 15 15 19 38 38 40 37 37 36 36 42 34 34 24 38 38 14 14 18 13 13 10
 1 1 1 1 1 1 1 1 1 1 1 1 1 2 2 2 5 5 9 18 18 13 12 12 15 15 19 38 38 40 37 37 36 36 42 34 34 24 38 38 14 14 18 13 13 10
 3 3 6 1 1 1 1 1 2 2 1 1 1 1 3 3 4 4 7 10 10 17 13 13 9 9 14 30 30 57 43 43 56 56 38 35 35 35 18 18 17 17 8 12 12 7
 3 3 6 1 1 1 1 1 2 2 1 1 1 1 3 3 4 4 7 10 10 17 13 13 9 9 14 30 30 57 43 43 56 56 38 35 35 35 18 18 17 17 8 12 12 7
 3 3 4 2 2 2 2 2 2 2 1 2 2 5 2 2 3 3 6 13 13 11 14 14 13 13 15 26 26 44 71 71 65 65 72 45 45 33 33 33 19 19 13 19 19 9
 3 3 3 4 4 4 6 6 3 3 3 3 3 1 1 1 2 2 8 8 8 19 16 16 16 16 15 23 23 35 49 49 68 68 99 89 89 53 40 40 27 27 16 14 14 9
 3 3 3 4 4 4 6 6 3 3 3 3 3 1 1 1 2 2 8 8 8 19 16 16 16 16 15 23 23 35 49 49 68 68 99 89 89 53 40 40 27 27 16 14 14 9
 4 4 4 5 5 5 4 4 4 4 4 5 5 3 1 1 2 2 6 9 9 19 18 18 19 19 17 20 20 32 51 51 68 68 88 92 92 84 57 57 60 60 28 20 20 10
 4 4 4 5 5 6 7 7 7 7 5 4 4 1 4 4 4 4 2 6 6 11 18 18 16 16 15 20 20 27 39 39 49 49 70 82 82 111 88 88 68 68 54 26 26 15
 4 4 4 5 5 6 7 7 7 7 5 4 4 1 4 4 4 4 2 6 6 11 18 18 16 16 15 20 20 27 39 39 49 49 70 82 82 111 88 88 68 68 54 26 26 15
 3 3 3 4 4 7 8 8 8 8 6 4 4 1 4 4 6 6 6 8 8 12 11 11 16 16 19 27 27 33 40 40 48 48 47 57 57 85 90 90 72 72 69 38 38 32
 3 3 3 4 4 7 8 8 8 8 6 4 4 1 4 4 6 6 6 8 8 12 11 11 16 16 19 27 27 33 40 40 48 48 47 57 57 85 90 90 72 72 69 38 38 32
 2 2 2 3 3 7 7 7 8 8 7 6 6 8 2 2 5 5 7 12 12 17 15 15 19 19 23 23 23 30 30 30 25 25 37 35 35 53 56 56 50 50 46 41 41 42
 3 3 3 3 3 8 4 4 6 6 7 7 7 7 20 20 11 11 27 23 23 15 17 17 31 31 18 20 20 26 39 39 24 24 36 28 28 22 19 19 24 24 19 21 21 25
 3 3 3 3 3 8 4 4 6 6 7 7 7 7 20 20 11 11 27 23 23 15 17 17 31 31 18 20 20 26 39 39 24 24 36 28 28 22 19 19 24 24 19 21 21 25
 3 3 3 3 3 4 3 3 5 5 5 6 6 5 8 8 9 9 26 19 19 20 18 18 23 23 27 28 28 33 38 38 37 37 25 21 21 27 13 13 18 18 17 14 14 12
 3 3 2 3 3 6 6 6 5 5 4 3 3 3 9 9 16 16 14 16 16 25 23 23 19 19 24 31 31 45 68 68 32 32 23 28 28 22 22 22 16 16 19 22 22 12
 3 3 2 3 3 6 6 6 5 5 4 3 3 3 9 9 16 16 14 16 16 25 23 23 19 19 24 31 31 45 68 68 32 32 23 28 28 22 22 22 16 16 19 22 22 12
 0 0 0 1 1 2 3 3 15 15 5 3 3 4 6 6 18 18 9 20 20 22 27 27 28 28 25 33 33 38 35 35 45 45 35 27 27 27 25 25 26 26 26 22 22 14
 0 0 0 1 1 2 3 3 15 15 5 3 3 4 6 6 18 18 9 20 20 22 27 27 28 28 25 33 33 38 35 35 45 45 35 27 27 27 25 25 26 26 26 22 22 14
 0 0 1 1 1 2 1 1 2 2 2 3 3 5 9 9 6 6 11 20 20 25 22 22 23 23 22 36 36 27 37 37 32 32 32 24 24 17 28 28 22 22 25 13 13 13
 0 0 0 0 0 0 0 0 1 1 1 2 2 4 14 14 6 6 10 11 11 12 22 22 26 26 25 18 18 26 20 20 33 33 34 38 38 20 28 28 23 23 24 13 13 6
 0 0 0 0 0 0 0 0 1 1 1 2 2 4 14 14 6 6 10 11 11 12 22 22 26 26 25 18 18 26 20 20 33 33 34 38 38 20 28 28 23 23 24 13 13 6
 1 1 0 0 0 0 0 0 1 1 1 3 3 3 4 4 5 5 9 10 10 9 13 13 19 19 25 23 23 23 21 21 32 32 30 25 25 22 26 26 21 21 24 9 9 1
 0 0 0 1 1 1 1 1 2 2 2 3 3 3 4 4 4 4 9 13 13 11 15 15 15 15 18 34 34 38 29 29 44 44 33 24 24 25 22 22 22 22 24 5 5 2
 0 0 0 1 1 1 1 1 2 2 2 3 3 3 4 4 4 4 9 13 13 11 15 15 15 15 18 34 34 38 29 29 44 44 33 24 24 25 22 22 22 22 24 5 5 2
 1 1 0 1 1 2 1 1 3 3 4 4 4 3 8 8 7 7 9 13 13 13 13 13 20 20 19 49 49 46 37 37 34 34 36 31 31 29 19 19 21 21 24 10 10 4
 1 1 0 1 1 2 1 1 3 3 4 4 4 3 8 8 7 7 9 13 13 13 13 13 20 20 19 49 49 46 37 37 34 34 36 31 31 29 19 19 21 21 24 10 10 4
 1 1 0 1 1 1 3 3 3 3 4 7 7 13 6 6 7 7 11 10 10 12 21 21 20 20 23 35 35 42 35 35 32 32 33 21 21 18 22 22 37 37 25 15 15 28
 0 0 0 0 0 1 4 4 4 4 7 4 4 7 4 4 9 9 12 10 10 26 25 25 16 16 32 29 29 48 36 36 31 31 28 18 18 26 22 22 25 25 20 19 19 19
 0 0 0 0 0 1 4 4 4 4 7 4 4 7 4 4 9 9 12 10 10 26 25 25 16 16 32 29 29 48 36 36 31 31 28 18 18 26 22 22 25 25 20 19 19 19
 1 1 1 1 1 2 4 4 5 5 11 3 3 11 7 7 7 7 8 9 9 15 12 12 27 27 15 15 15 28 33 33 35 35 33 25 25 18 19 19 27 27 25 16 16 11
 1 1 1 1 1 3 5 5 4 4 15 5 5 8 10 10 10 10 8 11 11 16 30 30 42 42 15 20 20 18 36 36 32 32 35 13 13 23 22 22 21 21 29 24 24 19
 1 1 1 1 1 3 5 5 4 4 15 5 5 8 10 10 10 10 8 11 11 16 30 30 42 42 15 20 20 18 36 36 32 32 35 13 13 23 22 22 21 21 29 24 24 19
 0 0 2 2 2 3 3 3 3 3 7 5 5 9 10 10 11 11 7 14 14 10 28 28 11 11 22 17 17 20 19 19 31 31 31 20 20 15 16 16 17 17 27 25 25 17
 0 0 2 2 2 3 3 3 3 3 7 5 5 9 10 10 11 11 7 14 14 10 28 28 11 11 22 17 17 20 19 19 31 31 31 20 20 15 16 16 17 17 27 25 25 17
 1 1 1 3 3 3 3 3 4 4 17 8 8 8 10 10 8 8 21 21 21 15 17 17 14 14 12 13 13 13 14 14 21 21 26 26 26 23 14 14 16 16 19 25 25 21
 2 2 3 3 3 2 3 3 4 4 8 4 4 9 6 6 7 7 12 12 12 20 17 17 36 36 13 20 20 9 24 24 17 17 21 21 21 21 24 24 16 16 18 22 22 23
 2 2 3 3 3 2 3 3 4 4 8 4 4 9 6 6 7 7 12 12 12 20 17 17 36 36 13 20 20 9 24 24 17 17 21 21 21 21 24 24 16 16 18 22 22 23
 3 3 5 5 5 2 3 3 5 5 5 9 9 10 6 6 3 3 8 6 6 20 23 23 22 22 19 14 14 12 10 10 31 31 23 19 19 16 19 19 16 16 11 17 17 22
 2 2 4 1 1 3 6 6 6 6 5 5 5 5 3 3 3 3 6 5 5 16 26 26 33 33 12 10 10 10 8 8 33 33 28 19 19 12 14 14 17 17 9 12 12 14
