assets/RAT_results/precipitation/2018-03-17_IMERG.asc
ncols        46
nrows        77
xllcorner    74.800261325624
yllcorner    8.058333333333
cellsize     0.062500000000
NODATA_value -9999
 0 0 0 0 0 0 0 0 0 0 0 0 0 0 0 0 0 0 0 0 0 2 2 2 0 0 2 2 2 5 12 12 9 9 14 10 10 11 14 14 6 6 6 8 8 13
 0 0 0 0 0 0 0 0 0 0 0 0 0 0 0 0 0 0 0 0 0 0 0 0 2 2 1 2 2 2 5 5 7 7 13 7 7 13 15 15 15 15 8 8 8 8
 0 0 0 0 0 0 0 0 0 0 0 0 0 0 0 0 0 0 0 0 0 0 0 0 2 2 1 2 2 2 5 5 7 7 13 7 7 13 15 15 15 15 8 8 8 8
 0 0 0 0 0 0 0 0 0 0 0 0 0 0 0 0 0 0 0 0 0 0 0 0 2 2 3 4 4 1 1 1 3 3 7 7 7 9 11 11 11 11 11 11 11 8
 0 0 0 0 0 0 0 0 0 0 0 0 0 0 0 0 0 0 0 0 0 0 1 1 5 5 4 4 4 2 1 1 3 3 3 4 4 9 9 9 6 6 8 8 8 6
 0 0 0 0 0 0 0 0 0 0 0 0 0 0 0 0 0 0 0 0 0 0 1 1 5 5 4 4 4 2 1 1 3 3 3 4 4 9 9 9 6 6 8 8 8 6
 0 0 0 0 0 0 0 0 0 0 0 0 0 0 0 0 0 0 0 0 0 1 2 2 5 5 8 5 5 2 3 3 2 2 1 1 1 3 2 2 4 4 3 3 3 4
 0 0 0 0 0 0 0 0 0 0 0 0 0 0 0 0 0 0 0 0 0 1 2 2 5 5 8 5 5 2 3 3 2 2 1 1 1 3 2 2 4 4 3 3 3 4
 0 0 0 0 0 0 0 0 0 0 0 0 0 0 0 0 3 3 1 2 2 2 2 2 5 5 6 6 6 4 3 3 2 2 0 1 1 1 1 1 3 3 3 0 0 1
 0 0 0 0 0 0 0 0 0 0 0 0 0 0 0 0 1 1 2 1 1 3 2 2 3 3 5 4 4 3 2 2 1 1 0 1 1 0 0 0 0 0 0 0 0 0
 0 0 0 0 0 0 0 0 0 0 0 0 0 0 0 0 1 1 2 1 1 3 2 2 3 3 5 4 4 3 2 2 1 1 0 1 1 0 0 0 0 0 0 0 0 0
 0 0 0 0 0 0 0 0 0 0 0 0 0 0 1 1 4 4 2 1 1 2 2 2 3 3 3 4 4 4 1 1 0 0 0 0 0 0 0 0 0 0 1 0 0 1
 0 0 0 0 0 0 0 0 0 0 0 0 0 0 1 1 1 1 4 4 4 2 3 3 4 4 3 4 4 5 2 2 2 2 0 0 0 0 0 0 1 1 5 0 0 1
 0 0 0 0 0 0 0 0 0 0 0 0 0 0 1 1 1 1 4 4 4 2 3 3 4 4 3 4 4 5 2 2 2 2 0 0 0 0 0 0 1 1 5 0 0 1
 0 0 0 0 0 0 0 0 0 0 0 0 0 0 0 0 0 0 3 3 3 2 4 4 7 7 6 8 8 8 4 4 4 4 0 0 0 0 0 0 5 5 5 5 5 1
 0 0 0 0 0 0 0 0 0 0 0 0 0 0 0 0 0 0 3 3 3 2 4 4 7 7 6 8 8 8 4 4 4 4 0 0 0 0 0 0 5 5 5 5 5 1
 0 0 0 0 0 0 0 0 0 0 0 0 0 0 0 0 0 0 1 1 1 2 6 6 6 6 5 5 5 7 6 6 6 6 0 0 0 0 1 1 1 1 2 2 2 2
 0 0 0 0 0 0 0 0 0 0 0 0 0 0 0 0 0 0 1 1 1 2 5 5 5 5 3 1 1 1 2 2 3 3 0 1 1 1 1 1 1 1 2 1 1 2
 0 0 0 0 0 0 0 0 0 0 0 0 0 0 0 0 0 0 1 1 1 2 5 5 5 5 3 1 1 1 2 2 3 3 0 1 1 1 1 1 1 1 2 1 1 2
 0 0 0 0 0 0 0 0 2 2 0 0 0 0 0 0 0 0 2 1 1 2 3 3 1 1 1 0 0 0 1 1 2 2 0 1 1 1 3 3 3 3 1 1 1 1
 0 0 0 0 0 0 0 0 1 1 0 0 0 0 0 0 0 0 0 1 1 2 3 3 0 0 1 1 1 0 0 0 3 3 2 1 1 3 5 5 6 6 1 0 0 0
 0 0 0 0 0 0 0 0 1 1 0 0 0 0 0 0 0 0 0 1 1 2 3 3 0 0 1 1 1 0 0 0 3 3 2 1 1 3 5 5 6 6 1 0 0 0
 0 0 0 0 0 0 0 0 0 0 0 0 0 0 0 0 0 0 0 0 0 1 1 1 1 1 2 1 1 0 0 0 2 2 2 1 1 1 5 5 5 5 1 0 0 0
 0 0 0 0 0 0 0 0 0 0 0 0 0 0 0 0 0 0 0 0 0 1 1 1 1 1 2 1 1 0 0 0 2 2 2 1 1 1 5 5 5 5 1 0 0 0
 0 0 0 0 0 0 0 0 0 0 0 0 0 0 0 0 0 0 0 0 0 0 8 8 4 4 3 1 1 1 2 2 2 2 1 1 1 1 4 4 1 1 0 0 0 0
 0 0 0 0 0 0 0 0 0 0 1 0 0 0 0 0 0 0 0 0 0 3 3 3 6 6 7 2 2 4 3 3 3 3 2 1 1 1 2 2 1 1 0 0 0 0
 0 0 0 0 0 0 0 0 0 0 1 0 0 0 0 0 0 0 0 0 0 3 3 3 6 6 7 2 2 4 3 3 3 3 2 1 1 1 2 2 1 1 0 0 0 0
 0 0 0 0 0 0 0 0 0 0 0 0 0 3 4 4 0 0 0 1 1 2 3 3 7 7 11 4 4 7 5 5 5 5 2 1 1 1 1 1 1 1 0 0 0 0
 0 0 0 0 0 0 0 0 0 0 0 0 0 1 3 3 4 4 0 1 1 1 3 3 10 10 16 7 7 8 5 5 5 5 1 0 0 0 1 1 0 0 0 0 0 0
 0 0 0 0 0 0 0 0 0 0 0 0 0 1 3 3 4 4 0 1 1 1 3 3 10 10 16 7 7 8 5 5 5 5 1 0 0 0 1 1 0 0 0 0 0 0
 0 0 0 0 0 0 0 0 0 0 0 0 0 0 3 3 3 3 1 1 1 3 4 4 11 11 18 10 10 10 5 5 6 6 2 1 1 1 1 1 0 0 0 1 1 0
 0 0 0 0 0 0 0 0 0 0 0 0 0 0 3 3 3 3 1 1 1 3 4 4 11 11 18 10 10 10 5 5 6 6 2 1 1 1 1 1 0 0 0 1 1 0
 0 0 0 0 0 0 0 0 0 0 0 0 0 0 0 0 0 0 1 1 1 3 5 5 12 12 17 14 14 12 8 8 8 8 2 2 2 2 2 2 0 0 1 1 1 1
 0 0 0 0 0 0 0 0 0 0 0 0 0 0 0 0 0 0 0 1 1 2 4 4 10 10 15 14 14 9 8 8 6 6 3 3 3 3 3 3 0 0 1 1 1 1
 0 0 0 0 0 0 0 0 0 0 0 0 0 0 0 0 0 0 0 1 1 2 4 4 10 10 15 14 14 9 8 8 6 6 3 3 3 3 3 3 0 0 1 1 1 1
 0 0 0 0 0 0 0 0 0 0 0 0 0 0 0 0 0 0 1 1 1 1 2 2 7 7 11 11 11 6 5 5 4 4 4 4 4 3 3 3 0 0 1 2 2 1
 0 0 0 0 0 0 0 0 0 0 1 1 1 0 0 0 0 0 0 1 1 1 1 1 5 5 7 8 8 5 4 4 4 4 5 6 6 3 3 3 0 0 1 1 1 4
 0 0 0 0 0 0 0 0 0 0 1 1 1 0 0 0 0 0 0 1 1 1 1 1 5 5 7 8 8 5 4 4 4 4 5 6 6 3 3 3 0 0 1 1 1 4
 0 0 0 0 0 0 0 0 0 0 1 2 2 0 0 0 0 0 1 1 1 1 1 1 4 4 6 7 7 5 5 5 4 4 5 7 7 3 2 2 1 1 1 2 2 5
 0 0 0 0 0 0 0 0 0 0 1 2 2 0 0 0 0 0 1 1 1 1 1 1 4 4 6 7 7 5 5 5 4 4 5 7 7 3 2 2 1 1 1 2 2 5
 0 0 0 0 0 0 0 0 0 0 1 1 1 2 1 1 1 1 1 1 1 0 1 1 3 3 5 5 5 7 7 7 5 5 5 7 7 4 3 3 1 1 2 3 3 7
 0 0 0 0 0 0 0 0 0 0 1 2 2 2 2 2 3 3 2 1 1 1 1 1 2 2 5 4 4 6 6 6 5 5 6 10 10 6 3 3 2 2 3 5 5 10
 0 0 0 0 0 0 0 0 0 0 1 2 2 2 2 2 3 3 2 1 1 1 1 1 2 2 5 4 4 6 6 6 5 5 6 10 10 6 3 3 2 2 3 5 5 10
 0 0 0 0 0 0 0 0 0 0 1 1 1 3 3 3 49 49 2 1 1 0 0 0 1 1 4 4 4 6 6 6 6 6 8 12 12 7 6 6 4 4 4 5 5 8
 0 0 0 0 0 0 0 0 0 0 0 2 2 1 2 2 30 30 12 8 8 0 0 0 1 1 5 5 5 7 8 8 7 7 10 15 15 9 8 8 7 7 6 5 5 5
 0 0 0 0 0 0 0 0 0 0 0 2 2 1 2 2 30 30 12 8 8 0 0 0 1 1 5 5 5 7 8 8 7 7 10 15 15 9 8 8 7 7 6 5 5 5
 0 0 0 0 0 0 0 0 0 0 0 0 0 0 1 1 29 29 128 3 3 0 1 1 1 1 7 6 6 10 12 12 11 11 15 18 18 13 12 12 10 10 8 6 6 6
 0 0 0 0 0 0 0 0 0 0 0 0 0 0 1 1 29 29 128 3 3 0 1 1 1 1 7 6 6 10 12 12 11 11 15 18 18 13 12 12 10 10 8 6 6 6
 0 0 0 0 0 0 0 0 0 0 0 1 1 1 4 4 5 5 4 3 3 0 1 1 1 1 4 4 4 9 15 15 16 16 21 18 18 13 16 16 14 14 12 8 8 6
 0 0 0 0 0 0 0 0 0 0 0 0 0 0 0 0 0 0 1 1 1 1 1 1 2 2 3 4 4 8 16 16 16 16 25 18 18 12 20 20 22 22 17 14 14 6
 0 0 0 0 0 0 0 0 0 0 0 0 0 0 0 0 0 0 1 1 1 1 1 1 2 2 3 4 4 8 16 16 16 16 25 18 18 12 20 20 22 22 17 14 14 6
 0 0 0 0 0 0 0 0 0 0 0 0 0 0 0 0 1 1 1 0 0 1 1 1 3 3 4 5 5 8 14 14 14 14 27 17 17 13 24 24 34 34 25 22 22 6
 0 0 0 0 0 0 0 0 0 0 0 0 0 0 0 0 0 0 0 0 0 0 1 1 3 3 5 6 6 9 12 12 16 16 33 20 20 19 29 29 39 39 25 22 22 6
 0 0 0 0 0 0 0 0 0 0 0 0 0 0 0 0 0 0 0 0 0 0 1 1 3 3 5 6 6 9 12 12 16 16 33 20 20 19 29 29 39 39 25 22 22 6
 0 0 0 0 0 0 0 0 0 0 0 0 0 0 0 0 1 1 0 0 0 0 1 1 4 4 5 7 7 11 14 14 17 17 35 21 21 22 31 31 37 37 21 18 18 6
 0 0 0 0 0 0 0 0 0 0 0 0 0 0 0 0 1 1 0 0 0 0 1 1 4 4 5 7 7 11 14 14 17 17 35 21 21 22 31 31 37 37 21 18 18 6
 0 0 0 0 0 0 0 0 0 0 0 0 0 0 0 0 0 0 1 0 0 0 1 1 4 4 6 9 9 12 15 15 18 18 38 27 27 26 33 33 35 35 18 17 17 7
 0 0 0 0 0 0 0 0 0 0 0 0 0 0 0 0 0 0 6 0 0 0 1 1 5 5 9 10 10 12 15 15 19 19 36 30 30 37 36 36 53 53 17 19 19 12
 0 0 0 0 0 0 0 0 0 0 0 0 0 0 0 0 0 0 6 0 0 0 1 1 5 5 9 10 10 12 15 15 19 19 36 30 30 37 36 36 53 53 17 19 19 12
 0 0 0 0 0 0 0 0 0 0 0 0 0 0 0 0 0 0 9 2 2 2 3 3 4 4 8 9 9 11 14 14 22 22 30 27 27 57 58 58 89 89 23 28 28 18
 0 0 0 0 0 0 0 0 0 0 0 0 0 0 0 0 1 1 2 3 3 4 9 9 9 9 10 11 11 10 13 13 18 18 21 26 26 92 78 78 101 101 27 45 45 29
 0 0 0 0 0 0 0 0 0 0 0 0 0 0 0 0 1 1 2 3 3 4 9 9 9 9 10 11 11 10 13 13 18 18 21 26 26 92 78 78 101 101 27 45 45 29
 0 0 0 0 0 0 0 0 0 0 0 0 0 0 0 0 3 3 2 2 2 2 4 4 8 8 9 12 12 12 10 10 14 14 16 23 23 99 71 71 83 83 27 36 36 24
 0 0 0 0 0 0 0 0 0 0 0 0 0 0 0 0 3 3 2 2 2 2 4 4 8 8 9 12 12 12 10 10 14 14 16 23 23 99 71 71 83 83 27 36 36 24
 0 0 0 0 0 0 0 0 0 0 0 0 0 0 0 0 5 5 3 2 2 2 3 3 3 3 6 13 13 15 8 8 11 11 11 17 17 82 63 63 67 67 29 13 13 7
 0 0 0 0 0 0 0 0 0 0 0 0 0 0 4 4 5 5 3 2 2 3 3 3 3 3 6 11 11 11 7 7 10 10 11 20 20 47 48 48 46 46 32 11 11 4
 0 0 0 0 0 0 0 0 0 0 0 0 0 0 4 4 5 5 3 2 2 3 3 3 3 3 6 11 11 11 7 7 10 10 11 20 20 47 48 48 46 46 32 11 11 4
 0 0 0 0 0 0 0 0 1 1 0 0 0 0 0 0 2 2 1 1 1 1 2 2 3 3 5 7 7 14 11 11 16 16 12 16 16 20 28 28 22 22 25 9 9 1
 0 0 0 0 0 0 1 1 2 2 1 0 0 2 1 1 0 0 0 0 0 0 0 0 0 0 1 2 2 8 4 4 6 6 7 9 9 12 19 19 13 13 19 13 13 1
 0 0 0 0 0 0 1 1 2 2 1 0 0 2 1 1 0 0 0 0 0 0 0 0 0 0 1 2 2 8 4 4 6 6 7 9 9 12 19 19 13 13 19 13 13 1
 0 0 0 0 0 0 3 3 2 2 1 0 0 2 1 1 0 0 0 0 0 0 0 0 0 0 1 2 2 2 2 2 1 1 3 4 4 7 9 9 11 11 13 13 13 1
 0 0 0 0 0 0 3 3 2 2 1 0 0 2 1 1 0 0 0 0 0 0 0 0 0 0 1 2 2 2 2 2 1 1 3 4 4 7 9 9 11 11 13 13 13 1
 0 0 0 0 0 0 3 3 1 1 0 0 0 1 1 1 0 0 0 0 0 0 0 0 0 0 0 1 1 1 1 1 1 1 1 1 1 2 3 3 3 3 6 6 6 1
 0 0 0 0 0 0 1 1 1 1 1 0 0 0 0 0 0 0 0 0 0 0 0 0 0 0 0 0 0 1 0 0 0 0 0 1 1 1 2 2 2 2 3 2 2 1
 0 0 0 0 0 0 1 1 1 1 1 0 0 0 0 0 0 0 0 0 0 0 0 0 0 0 0 0 0 1 0 0 0 0 0 1 1 1 2 2 2 2 3 2 2 1
 0 0 0 0 0 0 0 0 0 0 0 0 0 0 0 0 0 0 0 0 0 0 0 0 1 1 0 0 0 0 0 0 0 0 0 1 1 1 1 1 1 1 1 1 1 0
 0 0 0 0 0 0 0 0 0 0 0 0 0 0 0 0 0 0 0 0 0 0 0 0 1 1 0 0 0 0 0 0 0 0 0 0 0 0 0 0 0 0 0 1 1 1
