assets/RAT_results/precipitation/2018-09-15_IMERG.asc
ncols        46
nrows        77
xllcorner    74.800261325624
yllcorner    8.058333333333
cellsize     0.062500000000
NODATA_value -9999
 0 0 1 0 0 0 0 0 0 0 0 0 0 0 0 0 0 0 1 1 1 2 2 2 3 3 5 4 4 6 9 9 7 7 3 4 4 8 10 10 8 8 9 10 10 18
 1 1 0 0 0 0 1 1 0 0 0 0 0 0 0 0 1 1 1 1 1 1 2 2 5 5 9 7 7 6 7 7 4 4 3 8 8 10 10 10 11 11 10 11 11 16
 1 1 0 0 0 0 1 1 0 0 0 0 0 0 0 0 1 1 1 1 1 1 2 2 5 5 9 7 7 6 7 7 4 4 3 8 8 10 10 10 11 11 10 11 11 16
 1 1 1 1 1 0 0 0 1 1 1 1 1 1 1 1 1 1 2 2 2 1 1 1 3 3 5 5 5 7 8 8 5 5 7 7 7 9 10 10 6 6 7 5 5 8
 1 1 2 2 2 2 2 2 2 2 2 1 1 3 2 2 2 2 2 2 2 3 3 3 2 2 3 7 7 3 9 9 17 17 4 5 5 5 4 4 5 5 4 5 5 8
 1 1 2 2 2 2 2 2 2 2 2 1 1 3 2 2 2 2 2 2 2 3 3 3 2 2 3 7 7 3 9 9 17 17 4 5 5 5 4 4 5 5 4 5 5 8
 1 1 1 2 2 2 1 1 2 2 1 1 1 3 2 2 2 2 4 5 5 7 5 5 1 1 1 3 3 4 6 6 5 5 4 1 1 2 4 4 4 4 7 5 5 11
 1 1 1 2 2 2 1 1 2 2 1 1 1 3 2 2 2 2 4 5 5 7 5 5 1 1 1 3 3 4 6 6 5 5 4 1 1 2 4 4 4 4 7 5 5 11
 0 0 1 1 1 2 1 1 2 2 1 2 2 2 2 2 3 3 5 5 5 6 6 6 1 1 5 2 2 3 3 3 2 2 2 3 3 2 3 3 4 4 9 7 7 9
 0 0 0 1 1 1 1 1 1 1 1 2 2 1 4 4 4 4 4 6 6 10 9 9 6 6 5 2 2 3 3 3 2 2 2 3 3 3 3 3 4 4 6 6 6 6
 0 0 0 1 1 1 1 1 1 1 1 2 2 1 4 4 4 4 4 6 6 10 9 9 6 6 5 2 2 3 3 3 2 2 2 3 3 3 3 3 4 4 6 6 6 6
 0 0 0 0 0 0 1 1 1 1 1 1 1 2 3 3 3 3 2 4 4 2 4 4 3 3 5 3 3 4 4 4 10 10 6 5 5 4 10 10 9 9 11 7 7 7
 0 0 0 0 0 0 1 1 1 1 1 1 1 1 1 1 2 2 1 1 1 1 1 1 8 8 13 7 7 3 4 4 5 5 8 5 5 8 12 12 23 23 13 7 7 8
 0 0 0 0 0 0 1 1 1 1 1 1 1 1 1 1 2 2 1 1 1 1 1 1 8 8 13 7 7 3 4 4 5 5 8 5 5 8 12 12 23 23 13 7 7 8
 0 0 0 0 0 0 1 1 1 1 1 1 1 1 1 1 1 1 1 2 2 1 1 1 2 2 4 9 9 12 6 6 9 9 10 10 10 11 17 17 19 19 11 8 8 10
 0 0 0 0 0 0 1 1 1 1 1 1 1 1 1 1 1 1 1 2 2 1 1 1 2 2 4 9 9 12 6 6 9 9 10 10 10 11 17 17 19 19 11 8 8 10
 0 0 0 0 0 0 0 0 0 0 1 1 1 0 0 0 0 0 1 1 1 1 2 2 2 2 5 11 11 13 11 11 13 13 11 14 14 15 18 18 16 16 13 15 15 16
 0 0 0 0 0 0 0 0 0 0 1 1 1 0 0 0 2 2 0 0 0 1 2 2 9 9 9 7 7 11 11 11 13 13 11 16 16 20 15 15 20 20 31 26 26 15
 0 0 0 0 0 0 0 0 0 0 1 1 1 0 0 0 2 2 0 0 0 1 2 2 9 9 9 7 7 11 11 11 13 13 11 16 16 20 15 15 20 20 31 26 26 15
 0 0 0 0 0 0 0 0 0 0 0 1 1 2 0 0 0 0 1 1 1 1 1 1 6 6 6 9 9 8 12 12 13 13 12 15 15 17 21 21 26 26 30 26 26 22
 0 0 0 0 0 0 0 0 0 0 0 1 1 1 1 1 1 1 0 0 0 1 1 1 2 2 3 6 6 4 12 12 16 16 17 17 17 19 21 21 27 27 33 36 36 17
 0 0 0 0 0 0 0 0 0 0 0 1 1 1 1 1 1 1 0 0 0 1 1 1 2 2 3 6 6 4 12 12 16 16 17 17 17 19 21 21 27 27 33 36 36 17
 0 0 0 0 0 0 0 0 0 0 0 0 0 1 2 2 0 0 1 1 1 1 1 1 0 0 4 3 3 4 14 14 14 14 14 11 11 9 14 14 22 22 28 42 42 26
 0 0 0 0 0 0 0 0 0 0 0 0 0 1 2 2 0 0 1 1 1 1 1 1 0 0 4 3 3 4 14 14 14 14 14 11 11 9 14 14 22 22 28 42 42 26
 0 0 0 0 0 0 0 0 1 1 1 0 0 0 0 0 1 1 0 0 0 1 2 2 1 1 1 2 2 3 4 4 4 4 8 8 8 12 12 12 12 12 25 14 14 6
 0 0 1 0 0 0 0 0 0 0 0 0 0 0 1 1 1 1 0 0 0 0 0 0 0 0 1 2 2 3 3 3 2 2 3 5 5 5 5 5 4 4 6 11 11 5
 0 0 1 0 0 0 0 0 0 0 0 0 0 0 1 1 1 1 0 0 0 0 0 0 0 0 1 2 2 3 3 3 2 2 3 5 5 5 5 5 4 4 6 11 11 5
 0 0 0 0 0 0 0 0 0 0 0 0 0 0 0 0 1 1 0 0 0 0 0 0 1 1 1 1 1 1 1 1 1 1 4 5 5 2 1 1 1 1 6 1 1 3
 0 0 0 0 0 0 0 0 0 0 0 0 0 0 0 0 0 0 1 0 0 0 0 0 1 1 1 1 1 0 0 0 0 0 5 0 0 1 1 1 1 1 1 6 6 5
 0 0 0 0 0 0 0 0 0 0 0 0 0 0 0 0 0 0 1 0 0 0 0 0 1 1 1 1 1 0 0 0 0 0 5 0 0 1 1 1 1 1 1 6 6 5
 0 0 0 0 0 0 0 0 0 0 0 0 0 0 0 0 0 0 1 0 0 0 0 0 0 0 0 0 0 0 0 0 1 1 1 0 0 1 1 1 0 0 8 1 1 1
 0 0 0 0 0 0 0 0 0 0 0 0 0 0 0 0 0 0 1 0 0 0 0 0 0 0 0 0 0 0 0 0 1 1 1 0 0 1 1 1 0 0 8 1 1 1
 0 0 0 0 0 0 0 0 0 0 0 0 0 0 0 0 0 0 0 0 0 0 0 0 0 0 0 0 0 0 0 0 0 0 0 0 0 0 0 0 0 0 0 0 0 1
 0 0 0 0 0 0 0 0 0 0 0 0 0 0 0 0 0 0 0 1 1 1 0 0 0 0 0 0 0 0 0 0 0 0 0 0 0 0 0 0 0 0 0 0 0 0
 0 0 0 0 0 0 0 0 0 0 0 0 0 0 0 0 0 0 0 1 1 1 0 0 0 0 0 0 0 0 0 0 0 0 0 0 0 0 0 0 0 0 0 0 0 0
 0 0 0 0 0 0 0 0 0 0 0 0 0 0 0 0 0 0 0 1 1 0 1 1 0 0 0 0 0 0 0 0 0 0 0 0 0 0 0 0 0 0 0 3 3 0
 0 0 0 0 0 0 0 0 0 0 0 0 0 0 0 0 0 0 0 0 0 1 0 0 0 0 0 0 0 0 0 0 0 0 0 0 0 0 0 0 0 0 0 2 2 0
 0 0 0 0 0 0 0 0 0 0 0 0 0 0 0 0 0 0 0 0 0 1 0 0 0 0 0 0 0 0 0 0 0 0 0 0 0 0 0 0 0 0 0 2 2 0
 0 0 0 0 0 0 0 0 0 0 0 0 0 0 0 0 0 0 0 1 1 0 0 0 0 0 0 0 0 0 0 0 0 0 0 1 1 1 0 0 0 0 0 0 0 4
 0 0 0 0 0 0 0 0 0 0 0 0 0 0 0 0 0 0 0 1 1 0 0 0 0 0 0 0 0 0 0 0 0 0 0 1 1 1 0 0 0 0 0 0 0 4
 0 0 0 0 0 0 0 0 0 0 0 0 0 0 1 1 0 0 0 0 0 0 1 1 0 0 1 0 0 0 0 0 1 1 2 2 2 2 0 0 0 0 1 1 1 1
 0 0 0 0 0 0 0 0 0 0 0 0 0 0 0 0 0 0 0 0 0 1 1 1 1 1 0 0 0 0 1 1 1 1 2 3 3 3 4 4 2 2 3 1 1 1
 0 0 0 0 0 0 0 0 0 0 0 0 0 0 0 0 0 0 0 0 0 1 1 1 1 1 0 0 0 0 1 1 1 1 2 3 3 3 4 4 2 2 3 1 1 1
 0 0 0 0 0 0 1 1 0 0 0 0 0 1 1 1 0 0 1 0 0 1 1 1 1 1 1 1 1 1 1 1 1 1 1 2 2 4 6 6 5 5 8 7 7 0
 0 0 0 0 0 1 1 1 1 1 1 1 1 1 1 1 1 1 1 1 1 1 1 1 2 2 2 2 2 2 1 1 1 1 2 2 2 5 2 2 1 1 12 3 3 1
 0 0 0 0 0 1 1 1 1 1 1 1 1 1 1 1 1 1 1 1 1 1 1 1 2 2 2 2 2 2 1 1 1 1 2 2 2 5 2 2 1 1 12 3 3 1
 0 0 0 0 0 1 1 1 1 1 1 1 1 1 1 1 1 1 1 2 2 2 2 2 5 5 5 5 5 4 4 4 2 2 2 4 4 3 2 2 4 4 5 3 3 1
 0 0 0 0 0 1 1 1 1 1 1 1 1 1 1 1 1 1 1 2 2 2 2 2 5 5 5 5 5 4 4 4 2 2 2 4 4 3 2 2 4 4 5 3 3 1
 0 0 0 1 1 1 1 1 1 1 1 1 1 1 1 1 1 1 1 1 1 2 3 3 4 4 5 4 4 4 5 5 3 3 3 4 4 4 3 3 3 3 3 3 3 4
 0 0 0 1 1 1 1 1 1 1 1 1 1 1 1 1 1 1 0 1 1 2 2 2 4 4 4 4 4 3 6 6 9 9 5 5 5 5 4 4 5 5 5 5 5 9
 0 0 0 1 1 1 1 1 1 1 1 1 1 1 1 1 1 1 0 1 1 2 2 2 4 4 4 4 4 3 6 6 9 9 5 5 5 5 4 4 5 5 5 5 5 9
 0 0 0 1 1 1 1 1 1 1 1 1 1 2 1 1 1 1 0 1 1 1 1 1 2 2 3 2 2 3 3 3 12 12 7 8 8 8 10 10 9 9 8 9 9 6
 0 0 0 0 0 1 1 1 1 1 1 1 1 1 1 1 1 1 1 0 0 0 0 0 1 1 2 3 3 4 2 2 3 3 9 8 8 7 9 9 10 10 15 20 20 12
 0 0 0 0 0 1 1 1 1 1 1 1 1 1 1 1 1 1 1 0 0 0 0 0 1 1 2 3 3 4 2 2 3 3 9 8 8 7 9 9 10 10 15 20 20 12
 0 0 0 0 0 0 0 0 0 0 0 0 0 1 0 0 0 0 0 0 0 0 0 0 1 1 1 1 1 2 1 1 3 3 3 6 6 7 9 9 10 10 16 19 19 22
 0 0 0 0 0 0 0 0 0 0 0 0 0 1 0 0 0 0 0 0 0 0 0 0 1 1 1 1 1 2 1 1 3 3 3 6 6 7 9 9 10 10 16 19 19 22
 0 0 0 0 0 0 0 0 0 0 0 0 0 0 0 0 0 0 1 0 0 0 0 0 0 0 0 1 1 1 1 1 2 2 2 3 3 3 6 6 7 7 15 14 14 16
 0 0 0 0 0 0 0 0 0 0 0 0 0 0 1 1 0 0 0 0 0 1 0 0 0 0 1 0 0 0 0 0 0 0 0 2 2 2 4 4 4 4 7 9 9 7
 0 0 0 0 0 0 0 0 0 0 0 0 0 0 1 1 0 0 0 0 0 1 0 0 0 0 1 0 0 0 0 0 0 0 0 2 2 2 4 4 4 4 7 9 9 7
 1 1 0 0 0 0 0 0 0 0 0 0 0 0 0 0 0 0 0 0 0 0 0 0 0 0 0 0 0 0 0 0 0 0 1 1 1 1 1 1 4 4 0 6 6 0
 0 0 0 0 0 0 0 0 0 0 0 0 0 0 0 0 0 0 0 0 0 0 0 0 0 0 0 0 0 0 0 0 1 1 1 1 1 1 2 2 1 1 1 1 1 0
 0 0 0 0 0 0 0 0 0 0 0 0 0 0 0 0 0 0 0 0 0 0 0 0 0 0 0 0 0 0 0 0 1 1 1 1 1 1 2 2 1 1 1 1 1 0
 0 0 0 0 0 0 0 0 0 0 0 0 0 0 0 0 1 1 1 1 1 0 0 0 0 0 0 0 0 0 0 0 0 0 1 1 1 1 2 2 2 2 3 5 5 1
 0 0 0 0 0 0 0 0 0 0 0 0 0 0 0 0 1 1 1 1 1 0 0 0 0 0 0 0 0 0 0 0 0 0 1 1 1 1 2 2 2 2 3 5 5 1
 0 0 0 0 0 0 0 0 0 0 0 0 0 0 0 0 0 0 0 0 0 0 0 0 0 0 0 0 0 0 0 0 0 0 0 0 0 0 1 1 2 2 1 3 3 2
 0 0 0 0 0 0 0 0 0 0 0 0 0 0 0 0 0 0 0 0 0 0 0 0 0 0 0 0 0 0 0 0 0 0 0 0 0 0 0 0 0 0 0 1 1 2
 0 0 0 0 0 0 0 0 0 0 0 0 0 0 0 0 0 0 0 0 0 0 0 0 0 0 0 0 0 0 0 0 0 0 0 0 0 0 0 0 0 0 0 1 1 2
 0 0 0 0 0 0 0 0 0 0 1 1 1 0 0 0 0 0 0 0 0 0 0 0 0 0 0 0 0 0 0 0 0 0 0 0 0 0 1 1 1 1 1 0 0 0
 0 0 0 0 0 0 0 0 1 1 1 0 0 0 0 0 0 0 0 0 0 0 0 0 0 0 0 0 0 0 0 0 0 0 0 0 0 0 0 0 0 0 1 1 1 0
 0 0 0 0 0 0 0 0 1 1 1 0 0 0 0 0 0 0 0 0 0 0 0 0 0 0 0 0 0 0 0 0 0 0 0 0 0 0 0 0 0 0 1 1 1 0
 0 0 0 0 0 0 0 0 0 0 0 0 0 0 0 0 0 0 0 0 0 0 0 0 0 0 0 0 0 0 0 0 0 0 0 0 0 0 1 1 0 0 0 0 0 0
 0 0 0 0 0 0 0 0 0 0 0 0 0 0 0 0 0 0 0 0 0 0 0 0 0 0 0 0 0 0 0 0 0 0 0 0 0 0 1 1 0 0 0 0 0 0
 0 0 0 0 0 0 0 0 0 0 0 0 0 0 0 0 0 0 0 0 0 0 0 0 0 0 0 0 0 0 0 0 0 0 0 0 0 1 1 1 0 0 0 0 0 0
 0 0 0 0 0 0 0 0 0 0 0 0 0 1 0 0 0 0 0 0 0 0 0 0 0 0 0 0 0 0 0 0 0 0 0 0 0 1 1 1 1 1 0 0 0 0
 0 0 0 0 0 0 0 0 0 0 0 0 0 1 0 0 0 0 0 0 0 0 0 0 0 0 0 0 0 0 0 0 0 0 0 0 0 1 1 1 1 1 0 0 0 0
 0 0 0 0 0 0 0 0 0 0 0 0 0 0 0 0 0 0 0 0 0 0 0 0 0 0 0 0 0 0 0 0 0 0 0 0 0 0 0 0 0 0 0 0 0 0
 0 0 0 0 0 0 0 0 0 0 0 0 0 0 0 0 0 0 0 0 0 0 0 0 0 0 0 0 0 0 0 0 0 0 0 0 0 0 0 0 0 0 0 0 0 0
