assets/RAT_results/precipitation/2018-10-10_IMERG.asc
ncols        46
nrows        77
xllcorner    74.800261325624
yllcorner    8.058333333333
cellsize     0.062500000000
NODATA_value -9999
 1 1 1 0 0 1 4 4 1 1 0 0 0 0 0 0 0 0 0 0 0 0 0 0 0 0 0 0 0 0 0 0 0 0 0 0 0 0 0 0 0 0 0 0 0 0
 1 1 1 0 0 0 2 2 1 1 0 0 0 0 0 0 0 0 0 0 0 0 0 0 0 0 0 0 0 0 0 0 0 0 0 0 0 0 0 0 0 0 0 0 0 0
 1 1 1 0 0 0 2 2 1 1 0 0 0 0 0 0 0 0 0 0 0 0 0 0 0 0 0 0 0 0 0 0 0 0 0 0 0 0 0 0 0 0 0 0 0 0
 2 2 0 0 0 0 1 1 0 0 0 0 0 0 0 0 0 0 0 0 0 0 0 0 0 0 0 0 0 0 0 0 0 0 0 0 0 0 0 0 0 0 0 0 0 0
 1 1 0 0 0 0 1 1 0 0 0 0 0 0 0 0 0 0 0 0 0 0 0 0 0 0 0 0 0 0 0 0 0 0 0 0 0 0 0 0 0 0 0 0 0 0
 1 1 0 0 0 0 1 1 0 0 0 0 0 0 0 0 0 0 0 0 0 0 0 0 0 0 0 0 0 0 0 0 0 0 0 0 0 0 0 0 0 0 0 0 0 0
 0 0 0 0 0 0 1 1 0 0 0 0 0 0 0 0 0 0 0 0 0 0 0 0 0 0 0 0 0 0 0 0 0 0 0 0 0 0 0 0 0 0 0 0 0 0
 0 0 0 0 0 0 1 1 0 0 0 0 0 0 0 0 0 0 0 0 0 0 0 0 0 0 0 0 0 0 0 0 0 0 0 0 0 0 0 0 0 0 0 0 0 0
 0 0 1 1 1 0 1 1 1 1 0 0 0 0 0 0 0 0 0 0 0 0 0 0 0 0 0 0 0 0 0 0 0 0 0 0 0 0 0 0 0 0 0 0 0 0
 0 0 0 2 2 0 1 1 0 0 1 1 1 1 0 0 0 0 0 0 0 0 0 0 0 0 0 0 0 0 0 0 0 0 0 0 0 0 0 0 0 0 0 0 0 0
 0 0 0 2 2 0 1 1 0 0 1 1 1 1 0 0 0 0 0 0 0 0 0 0 0 0 0 0 0 0 0 0 0 0 0 0 0 0 0 0 0 0 0 0 0 0
 1 1 1 1 1 2 1 1 1 1 1 4 4 9 8 8 6 6 0 0 0 0 0 0 0 0 0 0 0 0 0 0 0 0 0 0 0 0 0 0 0 0 0 0 0 0
 2 2 1 1 1 2 2 2 2 2 6 9 9 22 15 15 4 4 0 0 0 0 0 0 0 0 0 0 0 0 0 0 0 0 0 0 0 0 0 0 0 0 0 0 0 0
 2 2 1 1 1 2 2 2 2 2 6 9 9 22 15 15 4 4 0 0 0 0 0 0 0 0 0 0 0 0 0 0 0 0 0 0 0 0 0 0 0 0 0 0 0 0
 2 2 2 1 1 1 1 1 1 1 2 6 6 7 9 9 1 1 0 0 0 0 0 0 0 0 0 0 0 0 0 0 0 0 0 0 0 0 0 0 0 0 0 0 0 0
 2 2 2 1 1 1 1 1 1 1 2 6 6 7 9 9 1 1 0 0 0 0 0 0 0 0 0 0 0 0 0 0 0 0 0 0 0 0 0 0 0 0 0 0 0 0
 2 2 1 0 0 1 1 1 1 1 1 2 2 9 9 9 9 9 7 4 4 0 0 0 0 0 0 0 0 0 0 0 0 0 0 0 0 0 0 0 0 0 0 0 0 0
 3 3 1 0 0 0 0 0 1 1 1 1 1 4 4 4 4 4 4 2 2 0 0 0 0 0 0 0 0 0 0 0 0 0 0 0 0 0 0 0 0 0 0 0 0 0
 3 3 1 0 0 0 0 0 1 1 1 1 1 4 4 4 4 4 4 2 2 0 0 0 0 0 0 0 0 0 0 0 0 0 0 0 0 0 0 0 0 0 0 0 0 0
 2 2 1 0 0 0 0 0 0 0 0 1 1 2 4 4 14 14 19 3 3 1 0 0 0 0 1 0 0 0 0 0 0 0 0 0 0 0 0 0 0 0 0 0 0 0
 2 2 2 1 1 1 0 0 0 0 0 1 1 1 2 2 9 9 12 15 15 3 3 3 0 0 0 0 0 0 0 0 0 0 0 0 0 0 0 0 0 0 0 0 0 0
 2 2 2 1 1 1 0 0 0 0 0 1 1 1 2 2 9 9 12 15 15 3 3 3 0 0 0 0 0 0 0 0 0 0 0 0 0 0 0 0 0 0 0 0 0 0
 2 2 3 1 1 2 0 0 0 0 1 1 1 1 2 2 3 3 5 3 3 4 2 2 0 0 0 0 0 0 0 0 0 0 0 0 0 0 0 0 0 0 0 0 0 0
 2 2 3 1 1 2 0 0 0 0 1 1 1 1 2 2 3 3 5 3 3 4 2 2 0 0 0 0 0 0 0 0 0 0 0 0 0 0 0 0 0 0 0 0 0 0
 3 3 3 2 2 1 0 0 1 1 1 2 2 1 1 1 3 3 3 4 4 4 2 2 0 0 0 0 0 1 1 1 0 0 0 0 0 0 0 0 0 0 0 0 0 0
 4 4 5 1 1 1 1 1 1 1 0 3 3 2 4 4 1 1 1 3 3 5 2 2 3 3 8 4 4 3 0 0 0 0 0 0 0 0 0 0 0 0 0 0 0 0
 4 4 5 1 1 1 1 1 1 1 0 3 3 2 4 4 1 1 1 3 3 5 2 2 3 3 8 4 4 3 0 0 0 0 0 0 0 0 0 0 0 0 0 0 0 0
 4 4 4 2 2 3 1 1 1 1 1 2 2 2 1 1 0 0 0 2 2 3 3 3 6 6 7 5 5 5 0 0 0 0 0 0 0 0 0 0 0 0 0 0 0 0
 1 1 1 1 1 4 2 2 1 1 2 1 1 2 0 0 1 1 1 2 2 1 3 3 6 6 10 21 21 6 2 2 0 0 0 0 0 0 0 0 0 0 0 0 0 0
 1 1 1 1 1 4 2 2 1 1 2 1 1 2 0 0 1 1 1 2 2 1 3 3 6 6 10 21 21 6 2 2 0 0 0 0 0 0 0 0 0 0 0 0 0 0
 0 0 0 0 0 1 1 1 1 1 1 1 1 0 0 0 0 0 2 3 3 2 5 5 6 6 10 24 24 4 0 0 0 0 0 0 0 0 0 0 0 0 0 0 0 0
 0 0 0 0 0 1 1 1 1 1 1 1 1 0 0 0 0 0 2 3 3 2 5 5 6 6 10 24 24 4 0 0 0 0 0 0 0 0 0 0 0 0 0 0 0 0
 0 0 1 0 0 0 0 0 1 1 1 1 1 0 0 0 0 0 1 1 1 1 4 4 5 5 11 8 8 5 0 0 0 0 0 0 0 0 0 0 0 0 0 0 0 0
 0 0 0 1 1 0 1 1 0 0 2 1 1 0 0 0 0 0 1 0 0 1 1 1 1 1 3 10 10 0 0 0 0 0 0 0 0 0 0 0 0 0 0 0 0 0
 0 0 0 1 1 0 1 1 0 0 2 1 1 0 0 0 0 0 1 0 0 1 1 1 1 1 3 10 10 0 0 0 0 0 0 0 0 0 0 0 0 0 0 0 0 0
 0 0 0 1 1 0 0 0 2 2 2 1 1 1 1 1 0 0 0 0 0 1 0 0 0 0 1 3 3 2 0 0 0 0 0 0 0 0 0 0 0 0 0 0 0 0
 0 0 1 1 1 0 1 1 1 1 1 1 1 2 2 2 0 0 1 0 0 1 0 0 0 0 0 2 2 1 1 1 0 0 0 4 4 0 0 0 0 0 0 0 0 0
 0 0 1 1 1 0 1 1 1 1 1 1 1 2 2 2 0 0 1 0 0 1 0 0 0 0 0 2 2 1 1 1 0 0 0 4 4 0 0 0 0 0 0 0 0 0
 0 0 0 1 1 0 1 1 3 3 2 2 2 3 6 6 5 5 1 1 1 1 1 1 0 0 0 0 0 0 0 0 0 0 3 6 6 1 0 0 0 0 0 0 0 0
 0 0 0 1 1 0 1 1 3 3 2 2 2 3 6 6 5 5 1 1 1 1 1 1 0 0 0 0 0 0 0 0 0 0 3 6 6 1 0 0 0 0 0 0 0 0
 0 0 0 0 0 0 1 1 2 2 3 2 2 4 2 2 6 6 6 2 2 1 1 1 1 1 0 0 0 0 1 1 1 1 4 10 10 2 0 0 0 0 0 0 0 0
 0 0 0 0 0 1 1 1 2 2 3 2 2 3 2 2 2 2 10 3 3 5 2 2 1 1 1 1 1 0 2 2 1 1 8 10 10 3 0 0 0 0 0 1 1 0
 0 0 0 0 0 1 1 1 2 2 3 2 2 3 2 2 2 2 10 3 3 5 2 2 1 1 1 1 1 0 2 2 1 1 8 10 10 3 0 0 0 0 0 1 1 0
 0 0 0 0 0 1 1 1 1 1 1 2 2 2 2 2 2 2 1 3 3 4 2 2 4 4 0 1 1 1 2 2 1 1 10 12 12 7 2 2 1 1 0 0 0 0
 1 1 0 0 0 0 0 0 1 1 1 3 3 4 3 3 2 2 2 3 3 2 1 1 1 1 1 0 0 1 5 5 4 4 10 9 9 10 1 1 0 0 0 0 0 0
 1 1 0 0 0 0 0 0 1 1 1 3 3 4 3 3 2 2 2 3 3 2 1 1 1 1 1 0 0 1 5 5 4 4 10 9 9 10 1 1 0 0 0 0 0 0
 1 1 1 0 0 0 0 0 1 1 3 3 3 2 2 2 3 3 2 2 2 2 1 1 1 1 2 1 1 4 15 15 14 14 18 14 14 14 3 3 0 0 0 0 0 0
 1 1 1 0 0 0 0 0 1 1 3 3 3 2 2 2 3 3 2 2 2 2 1 1 1 1 2 1 1 4 15 15 14 14 18 14 14 14 3 3 0 0 0 0 0 0
 2 2 1 1 1 1 0 0 1 1 1 2 2 1 3 3 3 3 2 2 2 3 2 2 2 2 1 2 2 2 8 8 8 8 13 10 10 10 3 3 0 0 0 0 0 0
 5 5 6 2 2 2 1 1 1 1 3 2 2 2 5 5 4 4 3 4 4 5 11 11 3 3 2 3 3 1 5 5 6 6 12 6 6 5 0 0 0 0 0 0 0 0
 5 5 6 2 2 2 1 1 1 1 3 2 2 2 5 5 4 4 3 4 4 5 11 11 3 3 2 3 3 1 5 5 6 6 12 6 6 5 0 0 0 0 0 0 0 0
 9 9 4 2 2 4 2 2 5 5 4 3 3 4 11 11 9 9 7 7 7 6 6 6 6 6 4 5 5 3 4 4 9 9 9 5 5 4 1 1 0 0 0 0 0 0
 6 6 3 2 2 3 5 5 8 8 4 4 4 9 19 19 14 14 11 10 10 8 6 6 9 9 6 8 8 7 7 7 14 14 10 11 11 3 1 1 0 0 0 0 0 0
 6 6 3 2 2 3 5 5 8 8 4 4 4 9 19 19 14 14 11 10 10 8 6 6 9 9 6 8 8 7 7 7 14 14 10 11 11 3 1 1 0 0 0 0 0 0
 6 6 3 3 3 4 9 9 8 8 5 6 6 11 20 20 19 19 25 13 13 11 13 13 9 9 10 9 9 6 7 7 14 14 15 7 7 6 4 4 0 0 0 0 0 0
 6 6 3 3 3 4 9 9 8 8 5 6 6 11 20 20 19 19 25 13 13 11 13 13 9 9 10 9 9 6 7 7 14 14 15 7 7 6 4 4 0 0 0 0 0 0
 8 8 5 6 6 9 8 8 6 6 8 7 7 16 17 17 17 17 24 10 10 24 13 13 13 13 9 7 7 5 4 4 12 12 12 7 7 4 2 2 0 0 0 0 0 0
 6 6 6 7 7 20 12 12 6 6 8 7 7 20 15 15 19 19 23 19 19 63 21 21 15 15 5 6 6 3 2 2 8 8 5 2 2 3 4 4 0 0 0 0 0 0
 6 6 6 7 7 20 12 12 6 6 8 7 7 20 15 15 19 19 23 19 19 63 21 21 15 15 5 6 6 3 2 2 8 8 5 2 2 3 4 4 0 0 0 0 0 0
 7 7 9 10 10 27 5 5 4 4 6 7 7 16 18 18 20 20 31 21 21 59 16 16 13 13 20 19 19 9 2 2 5 5 4 2 2 2 4 4 4 4 0 0 0 0
 7 7 8 17 17 21 10 10 3 3 5 7 7 16 21 21 25 25 25 25 25 34 21 21 20 20 17 8 8 7 2 2 3 3 1 1 1 2 0 0 0 0 0 0 0 0
 7 7 8 17 17 21 10 10 3 3 5 7 7 16 21 21 25 25 25 25 25 34 21 21 20 20 17 8 8 7 2 2 3 3 1 1 1 2 0 0 0 0 0 0 0 0
 10 10 12 9 9 8 5 5 4 4 4 7 7 17 23 23 21 21 24 24 24 25 12 12 8 8 5 2 2 2 2 2 2 2 1 4 4 1 0 0 0 0 3 0 0 0
 10 10 12 9 9 8 5 5 4 4 4 7 7 17 23 23 21 21 24 24 24 25 12 12 8 8 5 2 2 2 2 2 2 2 1 4 4 1 0 0 0 0 3 0 0 0
 12 12 17 11 11 6 5 5 4 4 4 8 8 13 16 16 24 24 32 18 18 19 10 10 7 7 2 1 1 3 3 3 1 1 0 8 8 3 1 1 0 0 0 1 1 0
 12 12 17 16 16 6 9 9 3 3 3 6 6 12 14 14 31 31 45 17 17 12 5 5 2 2 2 1 1 2 3 3 2 2 1 3 3 7 2 2 2 2 1 1 1 1
 12 12 17 16 16 6 9 9 3 3 3 6 6 12 14 14 31 31 45 17 17 12 5 5 2 2 2 1 1 2 3 3 2 2 1 3 3 7 2 2 2 2 1 1 1 1
 22 22 27 11 11 6 11 11 3 3 3 6 6 10 22 22 40 40 31 13 13 10 5 5 3 3 2 1 1 2 2 2 2 2 1 1 1 4 2 2 4 4 0 1 1 1
 33 33 36 11 11 8 7 7 2 2 3 6 6 9 24 24 33 33 22 16 16 12 7 7 4 4 2 1 1 2 2 2 3 3 2 2 2 1 1 1 6 6 2 4 4 1
 33 33 36 11 11 8 7 7 2 2 3 6 6 9 24 24 33 33 22 16 16 12 7 7 4 4 2 1 1 2 2 2 3 3 2 2 2 1 1 1 6 6 2 4 4 1
 19 19 17 12 12 6 4 4 7 7 10 9 9 7 22 22 18 18 24 20 20 15 9 9 6 6 2 2 2 2 2 2 3 3 3 2 2 4 0 0 1 1 79 0 0 0
 19 19 17 12 12 6 4 4 7 7 10 9 9 7 22 22 18 18 24 20 20 15 9 9 6 6 2 2 2 2 2 2 3 3 3 2 2 4 0 0 1 1 79 0 0 0
 19 19 21 12 12 8 11 11 57 57 13 9 9 7 16 16 11 11 20 26 26 20 13 13 11 11 4 2 2 1 2 2 2 2 2 2 2 1 1 1 0 0 24 15 15 0
 23 23 18 14 14 11 12 12 61 61 37 21 21 5 10 10 11 11 11 19 19 19 12 12 14 14 7 4 4 2 1 1 1 1 1 1 1 2 3 3 1 1 3 18 18 0
 23 23 18 14 14 11 12 12 61 61 37 21 21 5 10 10 11 11 11 19 19 19 12 12 14 14 7 4 4 2 1 1 1 1 1 1 1 2 3 3 1 1 3 18 18 0
 34 34 18 14 14 19 36 36 41 41 5 8 8 4 8 8 7 7 7 11 11 15 12 12 14 14 7 5 5 3 1 1 1 1 1 0 0 0 2 2 3 3 2 1 1 1
 22 22 26 18 18 17 8 8 37 37 5 5 5 7 9 9 8 8 6 7 7 8 9 9 11 11 9 6 6 2 1 1 1 1 5 1 1 1 1 1 0 0 2 1 1 0
