assets/RAT_results/precipitation/2018-02-07_IMERG.asc
ncols        46
nrows        77
xllcorner    74.800261325624
yllcorner    8.058333333333
cellsize     0.062500000000
NODATA_value -9999
 70 70 61 51 51 46 43 43 52 52 40 25 25 19 21 21 22 22 17 16 16 11 7 7 6 6 4 1 1 0 0 0 0 0 0 0 0 0 0 0 0 0 0 1 1 2
 66 66 63 55 55 45 42 42 35 35 39 25 25 18 19 19 15 15 13 10 10 6 5 5 3 3 3 0 0 0 0 0 0 0 0 0 0 0 0 0 0 0 0 0 0 2
 66 66 63 55 55 45 42 42 35 35 39 25 25 18 19 19 15 15 13 10 10 6 5 5 3 3 3 0 0 0 0 0 0 0 0 0 0 0 0 0 0 0 0 0 0 2
 75 75 80 45 45 39 36 36 19 19 19 13 13 13 11 11 14 14 10 8 8 5 4 4 2 2 2 0 0 0 0 0 1 1 0 0 0 0 0 0 0 0 0 0 0 1
 68 68 70 72 72 35 27 27 22 22 19 16 16 13 14 14 13 13 9 6 6 2 2 2 1 1 1 0 0 0 1 1 0 0 0 0 0 0 0 0 0 0 0 1 1 1
 68 68 70 72 72 35 27 27 22 22 19 16 16 13 14 14 13 13 9 6 6 2 2 2 1 1 1 0 0 0 1 1 0 0 0 0 0 0 0 0 0 0 0 1 1 1
 64 64 62 59 59 18 11 11 11 11 15 11 11 8 9 9 6 6 3 1 1 1 0 0 0 0 0 0 0 0 0 0 0 0 0 1 1 0 0 0 0 0 0 0 0 0
 64 64 62 59 59 18 11 11 11 11 15 11 11 8 9 9 6 6 3 1 1 1 0 0 0 0 0 0 0 0 0 0 0 0 0 1 1 0 0 0 0 0 0 0 0 0
 37 37 34 39 39 22 7 7 5 5 6 4 4 5 4 4 4 4 2 1 1 2 0 0 0 0 0 0 0 1 1 1 0 0 0 0 0 0 0 0 0 0 0 0 0 0
 17 17 43 47 47 40 16 16 12 12 6 4 4 3 2 2 3 3 1 2 2 1 0 0 1 1 1 0 0 1 0 0 0 0 0 0 0 0 0 0 2 2 4 0 0 0
 17 17 43 47 47 40 16 16 12 12 6 4 4 3 2 2 3 3 1 2 2 1 0 0 1 1 1 0 0 1 0 0 0 0 0 0 0 0 0 0 2 2 4 0 0 0
 22 22 44 30 30 33 9 9 8 8 2 1 1 1 1 1 3 3 3 2 2 1 1 1 1 1 0 0 0 0 0 0 0 0 0 0 0 0 1 1 9 9 8 0 0 0
 2 2 24 21 21 37 10 10 9 9 6 1 1 1 1 1 1 1 3 2 2 3 1 1 0 0 0 0 0 0 0 0 0 0 0 0 0 0 5 5 7 7 9 0 0 0
 2 2 24 21 21 37 10 10 9 9 6 1 1 1 1 1 1 1 3 2 2 3 1 1 0 0 0 0 0 0 0 0 0 0 0 0 0 0 5 5 7 7 9 0 0 0
 1 1 22 10 10 12 6 6 8 8 6 1 1 3 2 2 1 1 3 6 6 1 0 0 0 0 7 0 0 0 0 0 0 0 0 0 0 0 6 6 7 7 0 0 0 0
 1 1 22 10 10 12 6 6 8 8 6 1 1 3 2 2 1 1 3 6 6 1 0 0 0 0 7 0 0 0 0 0 0 0 0 0 0 0 6 6 7 7 0 0 0 0
 0 0 2 14 14 15 18 18 7 7 4 2 2 2 1 1 10 10 5 8 8 1 0 0 1 1 0 0 0 0 0 0 1 1 0 0 0 0 4 4 3 3 0 0 0 0
 1 1 2 4 4 6 6 6 5 5 5 1 1 2 1 1 2 2 5 5 5 1 0 0 0 0 0 0 0 0 0 0 1 1 0 0 0 0 0 0 0 0 0 0 0 1
 1 1 2 4 4 6 6 6 5 5 5 1 1 2 1 1 2 2 5 5 5 1 0 0 0 0 0 0 0 0 0 0 1 1 0 0 0 0 0 0 0 0 0 0 0 1
 1 1 2 1 1 1 1 1 5 5 2 1 1 4 2 2 3 3 7 7 7 1 0 0 0 0 0 0 0 0 0 0 0 0 0 0 0 0 0 0 0 0 0 0 0 0
 1 1 1 1 1 3 1 1 2 2 3 3 3 5 6 6 6 6 6 3 3 0 0 0 0 0 0 0 0 0 0 0 0 0 0 0 0 0 0 0 0 0 0 0 0 0
 1 1 1 1 1 3 1 1 2 2 3 3 3 5 6 6 6 6 6 3 3 0 0 0 0 0 0 0 0 0 0 0 0 0 0 0 0 0 0 0 0 0 0 0 0 0
 0 0 0 1 1 1 1 1 2 2 7 8 8 8 8 8 5 5 0 0 0 1 0 0 0 0 0 0 0 4 0 0 0 0 0 0 0 0 0 0 0 0 0 0 0 2
 0 0 0 1 1 1 1 1 2 2 7 8 8 8 8 8 5 5 0 0 0 1 0 0 0 0 0 0 0 4 0 0 0 0 0 0 0 0 0 0 0 0 0 0 0 2
 0 0 3 1 1 1 1 1 2 2 7 7 7 8 9 9 5 5 1 0 0 2 0 0 0 0 0 0 0 1 1 1 0 0 0 0 0 0 0 0 0 0 0 0 0 3
 4 4 5 9 9 3 1 1 1 1 7 9 9 11 4 4 3 3 1 0 0 1 0 0 0 0 0 1 1 4 1 1 0 0 0 0 0 0 0 0 0 0 3 5 5 10
 4 4 5 9 9 3 1 1 1 1 7 9 9 11 4 4 3 3 1 0 0 1 0 0 0 0 0 1 1 4 1 1 0 0 0 0 0 0 0 0 0 0 3 5 5 10
 7 7 4 9 9 10 7 7 7 7 7 8 8 11 13 13 3 3 2 0 0 1 0 0 0 0 0 1 1 1 0 0 0 0 0 0 0 0 0 0 0 0 0 3 3 7
 5 5 8 9 9 9 7 7 16 16 16 10 10 11 13 13 3 3 3 0 0 0 0 0 0 0 0 1 1 0 2 2 0 0 0 0 0 0 1 1 0 0 0 6 6 18
 5 5 8 9 9 9 7 7 16 16 16 10 10 11 13 13 3 3 3 0 0 0 0 0 0 0 0 1 1 0 2 2 0 0 0 0 0 0 1 1 0 0 0 6 6 18
 4 4 14 14 14 14 16 16 17 17 16 6 6 2 4 4 3 3 2 1 1 0 0 0 0 0 0 0 0 0 0 0 0 0 0 2 2 0 0 0 4 4 2 4 4 18
 4 4 14 14 14 14 16 16 17 17 16 6 6 2 4 4 3 3 2 1 1 0 0 0 0 0 0 0 0 0 0 0 0 0 0 2 2 0 0 0 4 4 2 4 4 18
 9 9 14 15 15 14 15 15 16 16 19 5 5 2 3 3 2 2 2 1 1 0 1 1 0 0 0 0 0 0 0 0 0 0 0 8 8 0 0 0 8 8 8 12 12 9
 12 12 16 15 15 16 16 16 16 16 8 14 14 3 5 5 5 5 2 1 1 0 1 1 0 0 0 0 0 0 0 0 0 0 0 8 8 0 0 0 1 1 5 11 11 11
 12 12 16 15 15 16 16 16 16 16 8 14 14 3 5 5 5 5 2 1 1 0 1 1 0 0 0 0 0 0 0 0 0 0 0 8 8 0 0 0 1 1 5 11 11 11
 12 12 12 18 18 15 19 19 13 13 16 14 14 3 4 4 4 4 3 1 1 0 0 0 0 0 0 1 1 0 0 0 0 0 5 0 0 7 12 12 6 6 14 18 18 11
 12 12 13 14 14 14 15 15 21 21 23 22 22 3 2 2 5 5 2 2 2 0 0 0 0 0 0 0 0 0 0 0 0 0 0 4 4 1 20 20 26 26 51 48 48 11
 12 12 13 14 14 14 15 15 21 21 23 22 22 3 2 2 5 5 2 2 2 0 0 0 0 0 0 0 0 0 0 0 0 0 0 4 4 1 20 20 26 26 51 48 48 11
 8 8 8 12 12 20 12 12 25 25 33 27 27 11 10 10 13 13 3 6 6 0 1 1 0 0 0 0 0 0 16 16 7 7 16 36 36 27 43 43 45 45 31 30 30 24
 8 8 8 12 12 20 12 12 25 25 33 27 27 11 10 10 13 13 3 6 6 0 1 1 0 0 0 0 0 0 16 16 7 7 16 36 36 27 43 43 45 45 31 30 30 24
 8 8 10 12 12 12 12 12 24 24 29 19 19 19 11 11 18 18 14 3 3 1 1 1 0 0 0 0 0 0 0 0 8 8 31 37 37 59 68 68 59 59 58 35 35 26
 5 5 3 2 2 11 13 13 24 24 20 16 16 16 11 11 14 14 16 4 4 1 1 1 1 1 0 0 0 0 0 0 14 14 32 56 56 50 54 54 68 68 59 40 40 31
 5 5 3 2 2 11 13 13 24 24 20 16 16 16 11 11 14 14 16 4 4 1 1 1 1 1 0 0 0 0 0 0 14 14 32 56 56 50 54 54 68 68 59 40 40 31
 6 6 3 6 6 13 13 13 13 13 17 17 17 15 4 4 4 4 6 1 1 1 1 1 1 1 0 19 19 0 14 14 22 22 27 45 45 52 59 59 52 52 41 43 43 50
 5 5 2 3 3 13 14 14 12 12 10 18 18 13 7 7 9 9 10 2 2 21 3 3 1 1 1 0 0 0 34 34 25 25 43 31 31 57 56 56 47 47 32 25 25 45
 5 5 2 3 3 13 14 14 12 12 10 18 18 13 7 7 9 9 10 2 2 21 3 3 1 1 1 0 0 0 34 34 25 25 43 31 31 57 56 56 47 47 32 25 25 45
 6 6 1 3 3 14 12 12 11 11 9 11 11 14 14 14 9 9 27 29 29 21 3 3 1 1 2 0 0 8 31 31 54 54 49 35 35 56 57 57 41 41 37 46 46 64
 6 6 1 3 3 14 12 12 11 11 9 11 11 14 14 14 9 9 27 29 29 21 3 3 1 1 2 0 0 8 31 31 54 54 49 35 35 56 57 57 41 41 37 46 46 64
 4 4 4 2 2 5 8 8 6 6 6 15 15 13 15 15 12 12 31 32 32 24 4 4 5 5 2 0 0 0 27 27 57 57 46 53 53 56 38 38 30 30 45 47 47 65
 1 1 1 5 5 5 6 6 2 2 3 12 12 13 27 27 26 26 31 30 30 24 5 5 7 7 3 0 0 8 18 18 44 44 56 68 68 60 36 36 9 9 42 44 44 92
 1 1 1 5 5 5 6 6 2 2 3 12 12 13 27 27 26 26 31 30 30 24 5 5 7 7 3 0 0 8 18 18 44 44 56 68 68 60 36 36 9 9 42 44 44 92
 4 4 6 3 3 1 3 3 2 2 2 12 12 7 23 23 28 28 29 31 31 26 5 5 4 4 4 0 0 14 16 16 38 38 52 58 58 33 11 11 14 14 49 56 56 78
 6 6 4 7 7 1 2 2 2 2 1 2 2 5 22 22 23 23 27 34 34 29 22 22 2 2 1 1 1 1 21 21 39 39 42 37 37 22 17 17 12 12 63 78 78 71
 6 6 4 7 7 1 2 2 2 2 1 2 2 5 22 22 23 23 27 34 34 29 22 22 2 2 1 1 1 1 21 21 39 39 42 37 37 22 17 17 12 12 63 78 78 71
 1 1 4 0 0 0 16 16 2 2 3 3 3 2 14 14 15 15 20 33 33 29 21 21 1 1 1 0 0 0 18 18 30 30 46 38 38 21 21 21 24 24 28 50 50 40
 1 1 4 0 0 0 16 16 2 2 3 3 3 2 14 14 15 15 20 33 33 29 21 21 1 1 1 0 0 0 18 18 30 30 46 38 38 21 21 21 24 24 28 50 50 40
 5 5 0 4 4 3 2 2 2 2 3 2 2 0 18 18 13 13 15 23 23 27 27 27 4 4 1 1 1 1 7 7 32 32 42 30 30 13 18 18 45 45 23 46 46 40
 1 1 1 0 0 0 2 2 2 2 2 1 1 0 0 0 7 7 16 16 16 19 19 19 1 1 1 1 1 1 2 2 15 15 22 26 26 40 13 13 20 20 29 33 33 21
 1 1 1 0 0 0 2 2 2 2 2 1 1 0 0 0 7 7 16 16 16 19 19 19 1 1 1 1 1 1 2 2 15 15 22 26 26 40 13 13 20 20 29 33 33 21
 0 0 1 1 1 1 2 2 3 3 1 2 2 0 0 0 16 16 1 1 1 16 17 17 2 2 3 1 1 9 10 10 10 10 17 21 21 22 10 10 17 17 29 18 18 20
 0 0 2 0 0 0 0 0 3 3 2 7 7 1 0 0 7 7 0 0 0 4 5 5 7 7 0 0 0 10 10 10 0 0 0 24 24 31 14 14 47 47 43 34 34 21
 0 0 2 0 0 0 0 0 3 3 2 7 7 1 0 0 7 7 0 0 0 4 5 5 7 7 0 0 0 10 10 10 0 0 0 24 24 31 14 14 47 47 43 34 34 21
 0 0 0 1 1 2 9 9 4 4 0 0 0 0 1 1 0 0 2 1 1 4 5 5 4 4 2 0 0 1 1 1 2 2 1 35 35 26 19 19 35 35 25 5 5 0
 0 0 0 1 1 2 9 9 4 4 0 0 0 0 1 1 0 0 2 1 1 4 5 5 4 4 2 0 0 1 1 1 2 2 1 35 35 26 19 19 35 35 25 5 5 0
 4 4 0 1 1 2 0 0 0 0 0 0 0 0 0 0 0 0 0 3 3 4 7 7 6 6 3 0 0 1 1 1 0 0 1 30 30 32 40 40 20 20 18 12 12 0
 8 8 6 1 1 3 4 4 1 1 0 0 0 0 3 3 1 1 0 2 2 0 0 0 3 3 3 0 0 0 0 0 1 1 25 23 23 36 41 41 18 18 25 8 8 7
 8 8 6 1 1 3 4 4 1 1 0 0 0 0 3 3 1 1 0 2 2 0 0 0 3 3 3 0 0 0 0 0 1 1 25 23 23 36 41 41 18 18 25 8 8 7
 5 5 2 0 0 0 1 1 1 1 2 0 0 0 0 0 0 0 3 0 0 0 6 6 0 0 0 0 0 1 2 2 1 1 14 32 32 30 68 68 43 43 50 36 36 7
 6 6 3 3 3 3 2 2 1 1 1 0 0 0 1 1 0 0 0 3 3 0 0 0 0 0 0 0 0 1 2 2 2 2 16 26 26 26 47 47 47 47 56 46 46 7
 6 6 3 3 3 3 2 2 1 1 1 0 0 0 1 1 0 0 0 3 3 0 0 0 0 0 0 0 0 1 2 2 2 2 16 26 26 26 47 47 47 47 56 46 46 7
 7 7 3 2 2 3 1 1 1 1 2 2 2 3 4 4 0 0 0 0 0 0 0 0 1 1 0 0 0 0 2 2 7 7 17 10 10 12 2 2 33 33 42 54 54 10
 7 7 3 2 2 3 1 1 1 1 2 2 2 3 4 4 0 0 0 0 0 0 0 0 1 1 0 0 0 0 2 2 7 7 17 10 10 12 2 2 33 33 42 54 54 10
 9 9 3 2 2 2 1 1 4 4 1 0 0 3 2 2 0 0 1 0 0 0 0 0 3 3 0 0 0 1 8 8 7 7 9 6 6 2 5 5 25 25 41 29 29 0
 3 3 0 1 1 1 3 3 2 2 4 2 2 0 1 1 5 5 7 15 15 23 7 7 0 0 0 0 0 1 1 1 7 7 3 0 0 0 1 1 12 12 27 18 18 0
 3 3 0 1 1 1 3 3 2 2 4 2 2 0 1 1 5 5 7 15 15 23 7 7 0 0 0 0 0 1 1 1 7 7 3 0 0 0 1 1 12 12 27 18 18 0
 8 8 5 4 4 1 3 3 5 5 1 8 8 8 8 8 3 3 3 9 9 27 13 13 1 1 1 0 0 0 0 0 2 2 0 0 0 0 4 4 6 6 0 0 0 0
 2 2 3 2 2 3 1 1 0 0 4 8 8 9 11 11 3 3 8 20 20 17 10 10 6 6 8 4 4 0 0 0 0 0 0 0 0 0 0 0 1 1 2 1 1 20
