assets/RAT_results/precipitation/2018-09-27_IMERG.asc
ncols        46
nrows        77
xllcorner    74.800261325624
yllcorner    8.058333333333
cellsize     0.062500000000
NODATA_value -9999
 25 25 27 20 20 21 32 32 28 28 26 22 22 16 12 12 12 12 10 9 9 9 14 14 11 11 8 4 4 4 6 6 9 9 10 27 27 8 5 5 4 4 2 11 11 6
 21 21 20 14 14 15 14 14 25 25 37 19 19 18 10 10 8 8 8 8 8 5 8 8 9 9 5 3 3 9 4 4 13 13 8 11 11 3 2 2 22 22 1 3 3 1
 21 21 20 14 14 15 14 14 25 25 37 19 19 18 10 10 8 8 8 8 8 5 8 8 9 9 5 3 3 9 4 4 13 13 8 11 11 3 2 2 22 22 1 3 3 1
 20 20 21 6 6 12 14 14 23 23 17 9 9 7 7 7 8 8 7 12 12 4 5 5 5 5 3 9 9 16 7 7 5 5 11 9 9 6 14 14 0 0 0 1 1 1
 14 14 15 8 8 5 7 7 10 10 29 25 25 7 9 9 10 10 9 6 6 6 8 8 9 9 3 28 28 12 7 7 10 10 11 5 5 2 10 10 0 0 0 1 1 2
 14 14 15 8 8 5 7 7 10 10 29 25 25 7 9 9 10 10 9 6 6 6 8 8 9 9 3 28 28 12 7 7 10 10 11 5 5 2 10 10 0 0 0 1 1 2
 8 8 7 5 5 10 8 8 30 30 37 67 67 12 4 4 8 8 10 8 8 5 5 5 9 9 10 18 18 10 14 14 5 5 4 3 3 0 0 0 0 0 1 2 2 1
 8 8 7 5 5 10 8 8 30 30 37 67 67 12 4 4 8 8 10 8 8 5 5 5 9 9 10 18 18 10 14 14 5 5 4 3 3 0 0 0 0 0 1 2 2 1
 2 2 2 8 8 11 8 8 6 6 70 26 26 12 5 5 10 10 8 7 7 3 7 7 7 7 11 10 10 15 30 30 1 1 2 23 23 0 0 0 0 0 1 3 3 1
 2 2 1 5 5 5 7 7 5 5 15 12 12 10 6 6 3 3 4 5 5 4 6 6 5 5 8 9 9 20 11 11 4 4 1 0 0 0 0 0 0 0 1 2 2 1
 2 2 1 5 5 5 7 7 5 5 15 12 12 10 6 6 3 3 4 5 5 4 6 6 5 5 8 9 9 20 11 11 4 4 1 0 0 0 0 0 0 0 1 2 2 1
 1 1 1 0 0 3 5 5 6 6 9 11 11 11 8 8 3 3 3 4 4 3 5 5 4 4 4 6 6 6 7 7 8 8 2 1 1 1 1 1 2 2 2 2 2 0
 4 4 2 2 2 2 3 3 6 6 4 5 5 4 9 9 3 3 2 1 1 3 3 3 5 5 4 1 1 2 2 2 3 3 2 3 3 4 3 3 4 4 2 5 5 1
 4 4 2 2 2 2 3 3 6 6 4 5 5 4 9 9 3 3 2 1 1 3 3 3 5 5 4 1 1 2 2 2 3 3 2 3 3 4 3 3 4 4 2 5 5 1
 5 5 1 3 3 1 7 7 6 6 3 3 3 2 4 4 4 4 2 3 3 3 5 5 5 5 5 4 4 5 2 2 3 3 3 4 4 4 3 3 4 4 2 2 2 2
 5 5 1 3 3 1 7 7 6 6 3 3 3 2 4 4 4 4 2 3 3 3 5 5 5 5 5 4 4 5 2 2 3 3 3 4 4 4 3 3 4 4 2 2 2 2
 9 9 9 9 9 6 7 7 2 2 2 2 2 2 4 4 7 7 7 2 2 3 3 3 2 2 3 6 6 7 5 5 7 7 4 4 4 6 6 6 6 6 1 1 1 1
 15 15 16 9 9 5 4 4 4 4 4 5 5 3 4 4 6 6 3 2 2 2 2 2 5 5 4 8 8 9 6 6 6 6 5 3 3 5 5 5 9 9 2 0 0 1
 15 15 16 9 9 5 4 4 4 4 4 5 5 3 4 4 6 6 3 2 2 2 2 2 5 5 4 8 8 9 6 6 6 6 5 3 3 5 5 5 9 9 2 0 0 1
 15 15 15 1 1 1 1 1 4 4 5 4 4 3 3 3 3 3 2 2 2 2 4 4 6 6 8 9 9 11 7 7 9 9 8 33 33 30 22 22 36 36 18 3 3 1
 11 11 11 0 0 1 2 2 4 4 5 6 6 5 6 6 5 5 4 3 3 9 6 6 4 4 7 8 8 11 9 9 20 20 27 9 9 22 15 15 30 30 26 18 18 20
 11 11 11 0 0 1 2 2 4 4 5 6 6 5 6 6 5 5 4 3 3 9 6 6 4 4 7 8 8 11 9 9 20 20 27 9 9 22 15 15 30 30 26 18 18 20
 5 5 13 0 0 0 1 1 1 1 4 4 4 7 10 10 15 15 9 12 12 15 7 7 8 8 8 8 8 16 13 13 23 23 24 26 26 21 16 16 20 20 23 27 27 21
 5 5 13 0 0 0 1 1 1 1 4 4 4 7 10 10 15 15 9 12 12 15 7 7 8 8 8 8 8 16 13 13 23 23 24 26 26 21 16 16 20 20 23 27 27 21
 4 4 3 1 1 0 0 0 1 1 4 6 6 18 12 12 13 13 31 46 46 50 13 13 14 14 11 14 14 16 16 16 22 22 22 26 26 9 7 7 49 49 24 18 18 16
 5 5 2 1 1 1 1 1 0 0 2 10 10 15 48 48 53 53 78 68 68 54 21 21 17 17 24 15 15 16 20 20 26 26 33 32 32 52 13 13 39 39 42 17 17 15
 5 5 2 1 1 1 1 1 0 0 2 10 10 15 48 48 53 53 78 68 68 54 21 21 17 17 24 15 15 16 20 20 26 26 33 32 32 52 13 13 39 39 42 17 17 15
 5 5 4 2 2 6 2 2 1 1 10 14 14 33 53 53 61 61 67 72 72 78 67 67 48 48 39 13 13 12 12 12 14 14 23 27 27 52 70 70 56 56 40 34 34 28
 5 5 4 3 3 6 1 1 6 6 10 12 12 25 59 59 64 64 71 80 80 89 61 61 31 31 34 30 30 14 17 17 9 9 28 47 47 57 52 52 51 51 25 38 38 9
 5 5 4 3 3 6 1 1 6 6 10 12 12 25 59 59 64 64 71 80 80 89 61 61 31 31 34 30 30 14 17 17 9 9 28 47 47 57 52 52 51 51 25 38 38 9
 6 6 6 2 2 2 1 1 6 6 7 14 14 10 28 28 47 47 50 101 101 88 76 76 29 29 26 40 40 24 12 12 10 10 10 14 14 16 30 30 52 52 30 11 11 9
 6 6 6 2 2 2 1 1 6 6 7 14 14 10 28 28 47 47 50 101 101 88 76 76 29 29 26 40 40 24 12 12 10 10 10 14 14 16 30 30 52 52 30 11 11 9
 14 14 12 2 2 1 2 2 3 3 10 12 12 12 26 26 79 79 43 76 76 74 90 90 50 50 30 20 20 26 12 12 6 6 12 15 15 14 29 29 24 24 24 11 11 12
 16 16 12 3 3 3 5 5 3 3 6 11 11 10 21 21 19 19 31 56 56 48 78 78 54 54 22 15 15 9 6 6 7 7 7 14 14 15 14 14 14 14 15 10 10 19
 16 16 12 3 3 3 5 5 3 3 6 11 11 10 21 21 19 19 31 56 56 48 78 78 54 54 22 15 15 9 6 6 7 7 7 14 14 15 14 14 14 14 15 10 10 19
 17 17 13 3 3 4 3 3 15 15 2 2 2 2 5 5 14 14 30 31 31 12 17 17 27 27 33 10 10 7 5 5 5 5 8 8 8 10 15 15 11 11 12 9 9 3
 15 15 11 7 7 16 3 3 14 14 2 1 1 1 3 3 17 17 10 22 22 8 7 7 29 29 6 3 3 2 1 1 2 2 3 5 5 10 8 8 7 7 7 6 6 5
 15 15 11 7 7 16 3 3 14 14 2 1 1 1 3 3 17 17 10 22 22 8 7 7 29 29 6 3 3 2 1 1 2 2 3 5 5 10 8 8 7 7 7 6 6 5
 13 13 8 6 6 15 14 14 14 14 2 2 2 1 2 2 18 18 12 6 6 8 12 12 17 17 10 12 12 11 1 1 2 2 3 7 7 9 10 10 10 10 9 6 6 7
 13 13 8 6 6 15 14 14 14 14 2 2 2 1 2 2 18 18 12 6 6 8 12 12 17 17 10 12 12 11 1 1 2 2 3 7 7 9 10 10 10 10 9 6 6 7
 5 5 2 5 5 4 9 9 14 14 2 1 1 1 0 0 1 1 6 8 8 6 2 2 15 15 9 12 12 29 5 5 2 2 2 7 7 11 9 9 9 9 10 10 10 7
 4 4 2 3 3 2 9 9 2 2 1 1 1 0 0 0 0 0 0 0 0 1 2 2 2 2 2 5 5 10 11 11 4 4 3 9 9 5 7 7 7 7 9 16 16 15
 4 4 2 3 3 2 9 9 2 2 1 1 1 0 0 0 0 0 0 0 0 1 2 2 2 2 2 5 5 10 11 11 4 4 3 9 9 5 7 7 7 7 9 16 16 15
 2 2 1 1 1 0 0 0 1 1 0 0 0 0 0 0 0 0 0 0 0 1 1 1 1 1 2 3 3 8 17 17 6 6 9 14 14 12 8 8 9 9 13 15 15 13
 3 3 2 1 1 0 0 0 1 1 1 1 1 0 0 0 0 0 2 2 2 1 2 2 2 2 3 3 3 9 8 8 13 13 13 15 15 16 9 9 9 9 5 16 16 13
 3 3 2 1 1 0 0 0 1 1 1 1 1 0 0 0 0 0 2 2 2 1 2 2 2 2 3 3 3 9 8 8 13 13 13 15 15 16 9 9 9 9 5 16 16 13
 3 3 2 1 1 1 0 0 1 1 1 1 1 1 0 0 0 0 2 3 3 1 1 1 4 4 4 5 5 7 13 13 16 16 23 26 26 20 17 17 5 5 7 9 9 12
 3 3 2 1 1 1 0 0 1 1 1 1 1 1 0 0 0 0 2 3 3 1 1 1 4 4 4 5 5 7 13 13 16 16 23 26 26 20 17 17 5 5 7 9 9 12
 3 3 1 2 2 1 1 1 1 1 1 1 1 2 0 0 0 0 1 1 1 2 1 1 5 5 5 6 6 7 16 16 19 19 26 24 24 28 13 13 10 10 5 7 7 10
 0 0 1 1 1 1 1 1 1 1 2 1 1 2 1 1 0 0 0 1 1 2 1 1 5 5 7 6 6 9 30 30 34 34 47 22 22 17 12 12 6 6 6 6 6 6
 0 0 1 1 1 1 1 1 1 1 2 1 1 2 1 1 0 0 0 1 1 2 1 1 5 5 7 6 6 9 30 30 34 34 47 22 22 17 12 12 6 6 6 6 6 6
 0 0 1 0 0 1 1 1 1 1 2 1 1 1 0 0 0 0 0 1 1 1 1 1 6 6 8 7 7 8 22 22 37 37 60 23 23 15 12 12 6 6 6 6 6 5
 0 0 0 1 1 1 1 1 2 2 1 1 1 0 3 3 0 0 0 1 1 1 1 1 5 5 6 8 8 9 16 16 29 29 23 26 26 13 8 8 7 7 10 11 11 3
 0 0 0 1 1 1 1 1 2 2 1 1 1 0 3 3 0 0 0 1 1 1 1 1 5 5 6 8 8 9 16 16 29 29 23 26 26 13 8 8 7 7 10 11 11 3
 0 0 0 1 1 2 2 2 2 2 1 1 1 0 1 1 0 0 0 1 1 3 1 1 4 4 6 8 8 9 10 10 30 30 27 13 13 9 10 10 10 10 12 7 7 8
 0 0 0 1 1 2 2 2 2 2 1 1 1 0 1 1 0 0 0 1 1 3 1 1 4 4 6 8 8 9 10 10 30 30 27 13 13 9 10 10 10 10 12 7 7 8
 0 0 3 1 1 2 2 2 2 2 1 0 0 0 1 1 0 0 0 0 0 1 1 1 3 3 4 5 5 9 15 15 30 30 36 14 14 11 11 11 19 19 13 5 5 2
 1 1 4 1 1 5 2 2 2 2 2 1 1 0 0 0 0 0 2 1 1 1 1 1 1 1 4 5 5 7 21 21 43 43 31 23 23 9 11 11 19 19 16 3 3 2
 1 1 4 1 1 5 2 2 2 2 2 1 1 0 0 0 0 0 2 1 1 1 1 1 1 1 4 5 5 7 21 21 43 43 31 23 23 9 11 11 19 19 16 3 3 2
 2 2 2 1 1 2 2 2 2 2 2 1 1 1 1 1 0 0 0 0 0 0 1 1 1 1 3 4 4 4 20 20 15 15 39 19 19 12 12 12 17 17 12 14 14 0
 0 0 0 0 0 1 3 3 2 2 1 1 1 0 0 0 0 0 2 0 0 0 0 0 1 1 1 4 4 4 11 11 13 13 17 58 58 10 7 7 20 20 7 15 15 1
 0 0 0 0 0 1 3 3 2 2 1 1 1 0 0 0 0 0 2 0 0 0 0 0 1 1 1 4 4 4 11 11 13 13 17 58 58 10 7 7 20 20 7 15 15 1
 3 3 1 1 1 4 2 2 1 1 0 1 1 0 2 2 0 0 11 0 0 0 0 0 0 0 1 3 3 5 5 5 6 6 30 20 20 8 8 8 8 8 8 11 11 2
 3 3 1 1 1 4 2 2 1 1 0 1 1 0 2 2 0 0 11 0 0 0 0 0 0 0 1 3 3 5 5 5 6 6 30 20 20 8 8 8 8 8 8 11 11 2
 1 1 1 1 1 1 4 4 0 0 1 0 0 0 0 0 0 0 11 1 1 1 0 0 0 0 0 1 1 3 4 4 5 5 8 15 15 15 14 14 9 9 9 17 17 6
 0 0 1 0 0 0 4 4 2 2 1 2 2 2 1 1 0 0 3 3 3 0 0 0 0 0 1 1 1 1 3 3 3 3 8 8 8 19 73 73 11 11 18 15 15 3
 0 0 1 0 0 0 4 4 2 2 1 2 2 2 1 1 0 0 3 3 3 0 0 0 0 0 1 1 1 1 3 3 3 3 8 8 8 19 73 73 11 11 18 15 15 3
 0 0 1 0 0 0 2 2 4 4 1 2 2 2 1 1 0 0 2 2 2 0 3 3 0 0 3 0 0 0 3 3 2 2 2 4 4 19 46 46 12 12 10 10 10 4
 0 0 1 0 0 0 3 3 8 8 1 4 4 3 2 2 1 1 2 4 4 1 1 1 1 1 1 0 0 0 0 0 2 2 2 3 3 6 10 10 28 28 38 4 4 0
 0 0 1 0 0 0 3 3 8 8 1 4 4 3 2 2 1 1 2 4 4 1 1 1 1 1 1 0 0 0 0 0 2 2 2 3 3 6 10 10 28 28 38 4 4 0
 0 0 0 0 0 0 0 0 0 0 0 0 0 0 0 0 1 1 0 2 2 2 3 3 1 1 1 0 0 0 0 0 0 0 2 1 1 4 4 4 8 8 5 3 3 0
 0 0 0 0 0 0 0 0 0 0 0 0 0 0 0 0 1 1 0 2 2 2 3 3 1 1 1 0 0 0 0 0 0 0 2 1 1 4 4 4 8 8 5 3 3 0
 0 0 0 0 0 0 0 0 0 0 0 0 0 0 0 0 2 2 0 0 0 0 3 3 1 1 1 0 0 0 2 2 0 0 0 1 1 1 4 4 2 2 3 2 2 0
 0 0 0 0 0 1 1 1 0 0 0 0 0 0 1 1 0 0 0 0 0 1 1 1 0 0 1 0 0 0 1 1 0 0 0 0 0 1 1 1 0 0 1 1 1 0
 0 0 0 0 0 1 1 1 0 0 0 0 0 0 1 1 0 0 0 0 0 1 1 1 0 0 1 0 0 0 1 1 0 0 0 0 0 1 1 1 0 0 1 1 1 0
 0 0 0 0 0 0 0 0 0 0 0 1 1 0 0 0 0 0 0 0 0 1 0 0 3 3 1 0 0 0 0 0 0 0 1 0 0 0 1 1 1 1 0 0 0 0
 0 0 0 0 0 0 0 0 0 0 0 0 0 0 1 1 0 0 0 1 1 1 3 3 2 2 0 0 0 0 0 0 0 0 0 0 0 0 0 0 0 0 1 0 0 0
