assets/RAT_results/precipitation/2018-05-17_IMERG.asc
ncols        46
nrows        77
xllcorner    74.800261325624
yllcorner    8.058333333333
cellsize     0.062500000000
NODATA_value -9999
 30 30 27 16 16 16 15 15 5 5 5 5 5 3 0 0 0 0 0 0 0 1 0 0 0 0 0 0 0 0 0 0 0 0 0 0 0 0 0 0 0 0 0 0 0 1
 22 22 27 17 17 15 16 16 5 5 7 4 4 0 0 0 0 0 0 0 0 0 1 1 1 1 0 0 0 0 0 0 0 0 0 0 0 0 0 0 0 0 0 0 0 0
 22 22 27 17 17 15 16 16 5 5 7 4 4 0 0 0 0 0 0 0 0 0 1 1 1 1 0 0 0 0 0 0 0 0 0 0 0 0 0 0 0 0 0 0 0 0
 30 30 18 21 21 17 15 15 10 10 3 4 4 0 0 0 0 0 0 0 0 1 2 2 2 2 1 0 0 0 0 0 0 0 0 0 0 0 0 0 0 0 1 0 0 0
 20 20 27 20 20 15 14 14 11 11 3 2 2 0 0 0 0 0 0 0 0 1 1 1 1 1 1 1 1 0 0 0 0 0 0 0 0 0 0 0 0 0 0 0 0 0
 20 20 27 20 20 15 14 14 11 11 3 2 2 0 0 0 0 0 0 0 0 1 1 1 1 1 1 1 1 0 0 0 0 0 0 0 0 0 0 0 0 0 0 0 0 0
 21 21 26 19 19 20 5 5 2 2 4 0 0 0 0 0 0 0 0 0 0 0 0 0 1 1 1 1 1 0 0 0 0 0 0 0 0 0 0 0 0 0 0 0 0 0
 21 21 26 19 19 20 5 5 2 2 4 0 0 0 0 0 0 0 0 0 0 0 0 0 1 1 1 1 1 0 0 0 0 0 0 0 0 0 0 0 0 0 0 0 0 0
 21 21 17 18 18 15 5 5 3 3 1 0 0 0 1 1 1 1 0 0 0 0 0 0 0 0 1 1 1 1 0 0 0 0 1 0 0 0 0 0 0 0 1 1 1 0
 37 37 13 17 17 20 4 4 5 5 6 4 4 0 1 1 0 0 0 0 0 0 0 0 0 0 0 0 0 1 2 2 1 1 2 0 0 0 0 0 0 0 1 1 1 0
 37 37 13 17 17 20 4 4 5 5 6 4 4 0 1 1 0 0 0 0 0 0 0 0 0 0 0 0 0 1 2 2 1 1 2 0 0 0 0 0 0 0 1 1 1 0
 35 35 10 9 9 12 16 16 13 13 9 3 3 0 0 0 0 0 0 0 0 0 0 0 0 0 0 1 1 2 2 2 1 1 1 1 1 0 1 1 1 1 0 0 0 0
 14 14 14 16 16 17 13 13 11 11 4 0 0 0 0 0 0 0 0 0 0 0 0 0 0 0 0 2 2 2 2 2 5 5 1 1 1 1 1 1 0 0 0 0 0 0
 14 14 14 16 16 17 13 13 11 11 4 0 0 0 0 0 0 0 0 0 0 0 0 0 0 0 0 2 2 2 2 2 5 5 1 1 1 1 1 1 0 0 0 0 0 0
 13 13 11 17 17 9 9 9 5 5 0 0 0 0 0 0 0 0 0 0 0 0 0 0 1 1 2 12 12 19 19 19 11 11 5 1 1 1 0 0 0 0 1 0 0 1
 13 13 11 17 17 9 9 9 5 5 0 0 0 0 0 0 0 0 0 0 0 0 0 0 1 1 2 12 12 19 19 19 11 11 5 1 1 1 0 0 0 0 1 0 0 1
 4 4 1 1 1 2 2 2 2 2 1 1 1 1 1 1 1 1 2 2 2 2 4 4 3 3 3 9 9 18 11 11 3 3 1 1 1 0 0 0 0 0 1 0 0 0
 2 2 1 1 1 2 2 2 2 2 1 1 1 5 5 5 11 11 12 12 12 5 10 10 10 10 7 4 4 4 2 2 1 1 1 0 0 0 0 0 0 0 0 0 0 0
 2 2 1 1 1 2 2 2 2 2 1 1 1 5 5 5 11 11 12 12 12 5 10 10 10 10 7 4 4 4 2 2 1 1 1 0 0 0 0 0 0 0 0 0 0 0
 4 4 1 1 1 2 3 3 3 3 10 6 6 8 36 36 41 41 29 22 22 18 8 8 9 9 6 4 4 2 1 1 0 0 0 0 0 3 2 2 2 2 0 0 0 0
 2 2 2 3 3 3 4 4 8 8 7 18 18 47 47 47 45 45 26 21 21 15 5 5 5 5 4 3 3 3 1 1 1 1 1 1 1 3 27 27 3 3 1 0 0 0
 2 2 2 3 3 3 4 4 8 8 7 18 18 47 47 47 45 45 26 21 21 15 5 5 5 5 4 3 3 3 1 1 1 1 1 1 1 3 27 27 3 3 1 0 0 0
 1 1 2 4 4 3 3 3 8 8 8 13 13 78 76 76 77 77 25 16 16 15 5 5 3 3 0 1 1 1 0 0 0 0 1 2 2 17 27 27 5 5 1 0 0 0
 1 1 2 4 4 3 3 3 8 8 8 13 13 78 76 76 77 77 25 16 16 15 5 5 3 3 0 1 1 1 0 0 0 0 1 2 2 17 27 27 5 5 1 0 0 0
 2 2 3 5 5 5 4 4 11 11 12 16 16 81 75 75 77 77 6 4 4 3 1 1 1 1 1 2 2 5 0 0 0 0 1 2 2 17 3 3 1 1 1 1 1 0
 2 2 3 6 6 5 5 5 12 12 13 8 8 10 15 15 6 6 5 3 3 5 4 4 3 3 2 1 1 3 0 0 0 0 1 2 2 2 2 2 1 1 1 1 1 0
 2 2 3 6 6 5 5 5 12 12 13 8 8 10 15 15 6 6 5 3 3 5 4 4 3 3 2 1 1 3 0 0 0 0 1 2 2 2 2 2 1 1 1 1 1 0
 1 1 2 6 6 7 6 6 14 14 17 14 14 11 12 12 8 8 7 3 3 4 4 4 3 3 5 2 2 0 0 0 0 0 1 1 1 1 0 0 1 1 1 1 1 1
 1 1 2 5 5 7 12 12 13 13 18 14 14 15 15 15 8 8 6 1 1 1 4 4 5 5 8 6 6 1 1 1 0 0 0 0 0 0 0 0 0 0 1 1 1 2
 1 1 2 5 5 7 12 12 13 13 18 14 14 15 15 15 8 8 6 1 1 1 4 4 5 5 8 6 6 1 1 1 0 0 0 0 0 0 0 0 0 0 1 1 1 2
 1 1 2 3 3 3 11 11 12 12 14 11 11 12 6 6 6 6 1 0 0 0 1 1 5 5 8 6 6 2 3 3 0 0 0 0 0 0 0 0 1 1 3 3 3 3
 1 1 2 3 3 3 11 11 12 12 14 11 11 12 6 6 6 6 1 0 0 0 1 1 5 5 8 6 6 2 3 3 0 0 0 0 0 0 0 0 1 1 3 3 3 3
 1 1 3 4 4 3 3 3 2 2 3 2 2 1 7 7 1 1 1 0 0 0 0 0 3 3 7 8 8 5 3 3 0 0 0 0 0 0 2 2 3 3 3 4 4 4
 1 1 3 4 4 3 4 4 1 1 1 1 1 0 0 0 1 1 1 1 1 0 0 0 3 3 0 0 0 1 0 0 0 0 0 0 0 2 5 5 7 7 3 4 4 4
 1 1 3 4 4 3 4 4 1 1 1 1 1 0 0 0 1 1 1 1 1 0 0 0 3 3 0 0 0 1 0 0 0 0 0 0 0 2 5 5 7 7 3 4 4 4
 0 0 1 2 2 2 1 1 0 0 0 0 0 5 5 5 2 2 2 2 2 0 0 0 1 1 1 1 1 1 0 0 0 0 0 1 1 4 7 7 11 11 4 3 3 2
 0 0 0 1 1 1 1 1 0 0 0 4 4 4 5 5 2 2 1 0 0 2 2 2 4 4 1 1 1 1 1 1 0 0 0 1 1 5 9 9 9 9 3 2 2 1
 0 0 0 1 1 1 1 1 0 0 0 4 4 4 5 5 2 2 1 0 0 2 2 2 4 4 1 1 1 1 1 1 0 0 0 1 1 5 9 9 9 9 3 2 2 1
 1 1 1 1 1 1 1 1 1 1 0 1 1 0 0 0 0 0 0 0 0 1 1 1 10 10 4 4 4 1 7 7 7 7 4 5 5 6 3 3 3 3 3 2 2 1
 1 1 1 1 1 1 1 1 1 1 0 1 1 0 0 0 0 0 0 0 0 1 1 1 10 10 4 4 4 1 7 7 7 7 4 5 5 6 3 3 3 3 3 2 2 1
 5 5 1 1 1 0 1 1 1 1 2 1 1 0 0 0 0 0 0 2 2 1 2 2 7 7 9 7 7 8 8 8 8 8 5 10 10 10 3 3 3 3 2 1 1 0
 5 5 4 4 4 0 1 1 1 1 0 0 0 0 0 0 0 0 1 2 2 1 5 5 5 5 14 17 17 16 36 36 31 31 31 10 10 10 2 2 2 2 2 2 2 0
 5 5 4 4 4 0 1 1 1 1 0 0 0 0 0 0 0 0 1 2 2 1 5 5 5 5 14 17 17 16 36 36 31 31 31 10 10 10 2 2 2 2 2 2 2 0
 5 5 5 1 1 1 0 0 0 0 0 0 0 0 0 0 0 0 1 2 2 2 2 2 30 30 19 38 38 30 34 34 18 18 16 12 12 12 10 10 2 2 1 1 1 0
 5 5 5 1 1 1 1 1 0 0 0 0 0 0 0 0 0 0 1 2 2 3 3 3 31 31 19 28 28 63 26 26 18 18 24 19 19 4 10 10 9 9 7 0 0 0
 5 5 5 1 1 1 1 1 0 0 0 0 0 0 0 0 0 0 1 2 2 3 3 3 31 31 19 28 28 63 26 26 18 18 24 19 19 4 10 10 9 9 7 0 0 0
 4 4 4 1 1 1 1 1 0 0 0 0 0 0 0 0 1 1 2 2 2 4 5 5 8 8 25 18 18 22 14 14 24 24 23 10 10 7 6 6 10 10 8 0 0 0
 4 4 4 1 1 1 1 1 0 0 0 0 0 0 0 0 1 1 2 2 2 4 5 5 8 8 25 18 18 22 14 14 24 24 23 10 10 7 6 6 10 10 8 0 0 0
 6 6 6 2 2 1 0 0 0 0 0 0 0 0 1 1 2 2 3 4 4 5 8 8 6 6 14 20 20 23 36 36 52 52 18 18 18 14 5 5 5 5 8 0 0 0
 8 8 5 2 2 1 0 0 0 0 0 0 0 1 1 1 3 3 4 7 7 8 9 9 15 15 14 25 25 30 39 39 29 29 19 20 20 15 13 13 15 15 5 2 2 2
 8 8 5 2 2 1 0 0 0 0 0 0 0 1 1 1 3 3 4 7 7 8 9 9 15 15 14 25 25 30 39 39 29 29 19 20 20 15 13 13 15 15 5 2 2 2
 5 5 4 3 3 1 0 0 0 0 0 7 7 8 5 5 7 7 9 10 10 9 9 9 9 9 22 27 27 29 37 37 33 33 28 29 29 27 20 20 16 16 8 3 3 5
 4 4 3 3 3 1 6 6 9 9 9 9 9 10 6 6 14 14 11 10 10 9 10 10 9 9 19 20 20 34 36 36 46 46 35 32 32 43 44 44 44 44 9 7 7 5
 4 4 3 3 3 1 6 6 9 9 9 9 9 10 6 6 14 14 11 10 10 9 10 10 9 9 19 20 20 34 36 36 46 46 35 32 32 43 44 44 44 44 9 7 7 5
 4 4 3 2 2 1 9 9 9 9 6 7 7 17 18 18 15 15 25 32 32 16 13 13 12 12 11 20 20 27 75 75 61 61 56 36 36 51 44 44 22 22 7 3 3 2
 4 4 3 2 2 1 9 9 9 9 6 7 7 17 18 18 15 15 25 32 32 16 13 13 12 12 11 20 20 27 75 75 61 61 56 36 36 51 44 44 22 22 7 3 3 2
 3 3 2 1 1 1 8 8 11 11 11 16 16 17 19 19 20 20 31 23 23 31 21 21 12 12 14 16 16 25 39 39 37 37 45 42 42 37 30 30 13 13 3 3 3 2
 2 2 1 1 1 1 1 1 8 8 6 14 14 15 18 18 23 23 26 32 32 21 14 14 17 17 16 19 19 26 29 29 39 39 38 33 33 34 23 23 16 16 15 2 2 2
 2 2 1 1 1 1 1 1 8 8 6 14 14 15 18 18 23 23 26 32 32 21 14 14 17 17 16 19 19 26 29 29 39 39 38 33 33 34 23 23 16 16 15 2 2 2
 3 3 2 2 2 2 1 1 7 7 7 10 10 16 14 14 24 24 30 32 32 32 19 19 19 19 28 23 23 19 26 26 31 31 37 35 35 28 34 34 15 15 15 2 2 1
 10 10 7 4 4 4 4 4 16 16 16 15 15 20 20 20 35 35 33 43 43 30 28 28 31 31 26 19 19 19 17 17 18 18 28 15 15 13 6 6 3 3 2 0 0 2
 10 10 7 4 4 4 4 4 16 16 16 15 15 20 20 20 35 35 33 43 43 30 28 28 31 31 26 19 19 19 17 17 18 18 28 15 15 13 6 6 3 3 2 0 0 2
 11 11 11 21 21 12 9 9 29 29 29 28 28 23 32 32 28 28 43 45 45 42 49 49 39 39 30 31 31 26 19 19 15 15 13 28 28 15 4 4 1 1 0 0 0 1
 11 11 11 21 21 12 9 9 29 29 29 28 28 23 32 32 28 28 43 45 45 42 49 49 39 39 30 31 31 26 19 19 15 15 13 28 28 15 4 4 1 1 0 0 0 1
 37 37 13 9 9 23 18 18 24 24 34 34 34 30 32 32 48 48 56 55 55 66 44 44 45 45 31 39 39 32 14 14 17 17 21 25 25 11 11 11 4 4 1 2 2 1
 13 13 12 12 12 28 27 27 27 27 51 56 56 36 42 42 46 46 49 47 47 41 48 48 50 50 30 40 40 46 42 42 30 30 11 18 18 19 10 10 12 12 2 1 1 1
 13 13 12 12 12 28 27 27 27 27 51 56 56 36 42 42 46 46 49 47 47 41 48 48 50 50 30 40 40 46 42 42 30 30 11 18 18 19 10 10 12 12 2 1 1 1
 26 26 11 10 10 16 28 28 28 28 21 25 25 29 28 28 29 29 37 67 67 68 51 51 75 75 45 37 37 65 42 42 15 15 11 22 22 19 15 15 16 16 4 7 7 0
 17 17 24 11 11 18 17 17 7 7 8 14 14 18 21 21 22 22 37 35 35 45 68 68 56 56 43 36 36 31 21 21 13 13 11 22 22 22 17 17 13 13 7 1 1 2
 17 17 24 11 11 18 17 17 7 7 8 14 14 18 21 21 22 22 37 35 35 45 68 68 56 56 43 36 36 31 21 21 13 13 11 22 22 22 17 17 13 13 7 1 1 2
 21 21 20 20 20 11 8 8 3 3 3 4 4 5 15 15 18 18 29 41 41 51 54 54 46 46 52 30 30 31 28 28 27 27 24 24 24 19 16 16 16 16 3 0 0 0
 21 21 20 20 20 11 8 8 3 3 3 4 4 5 15 15 18 18 29 41 41 51 54 54 46 46 52 30 30 31 28 28 27 27 24 24 24 19 16 16 16 16 3 0 0 0
 27 27 26 16 16 14 9 9 4 4 6 5 5 6 16 16 18 18 37 36 36 50 50 50 44 44 46 25 25 57 22 22 22 22 26 25 25 25 24 24 20 20 32 4 4 1
 21 21 20 11 11 16 10 10 9 9 7 5 5 11 18 18 19 19 28 31 31 33 30 30 47 47 36 33 33 22 29 29 31 31 31 44 44 28 21 21 19 19 18 3 3 1
 21 21 20 11 11 16 10 10 9 9 7 5 5 11 18 18 19 19 28 31 31 33 30 30 47 47 36 33 33 22 29 29 31 31 31 44 44 28 21 21 19 19 18 3 3 1
 67 67 15 36 36 22 18 18 11 11 13 25 25 33 22 22 16 16 44 19 19 23 23 23 26 26 30 22 22 20 30 30 32 32 26 33 33 22 33 33 21 21 10 7 7 1
 34 34 28 33 33 23 28 28 14 14 13 11 11 16 17 17 35 35 34 24 24 34 32 32 29 29 23 21 21 21 21 21 32 32 25 19 19 13 36 36 16 16 12 6 6 3
