assets/RAT_results/precipitation/2018-08-12_IMERG.asc
ncols        46
nrows        77
xllcorner    74.800261325624
yllcorner    8.058333333333
cellsize     0.062500000000
NODATA_value -9999
 51 51 58 55 55 64 54 54 65 65 68 76 76 76 71 71 68 68 58 57 57 46 45 45 37 37 36 33 33 28 26 26 23 23 21 17 17 14 14 14 17 17 18 13 13 11
 51 51 52 51 51 56 50 50 56 56 62 77 77 73 74 74 65 65 57 56 56 51 51 51 46 46 41 34 34 29 27 27 26 26 22 15 15 13 14 14 13 13 18 13 13 9
 51 51 52 51 51 56 50 50 56 56 62 77 77 73 74 74 65 65 57 56 56 51 51 51 46 46 41 34 34 29 27 27 26 26 22 15 15 13 14 14 13 13 18 13 13 9
 61 61 60 63 63 59 54 54 50 50 55 64 64 65 70 70 62 62 58 53 53 51 42 42 45 45 42 36 36 30 30 30 27 27 24 16 16 14 13 13 14 14 14 12 12 9
 57 57 78 67 67 72 54 54 50 50 59 70 70 76 73 73 67 67 62 57 57 52 48 48 44 44 42 40 40 38 33 33 30 30 28 19 19 14 15 15 14 14 13 13 13 9
 57 57 78 67 67 72 54 54 50 50 59 70 70 76 73 73 67 67 62 57 57 52 48 48 44 44 42 40 40 38 33 33 30 30 28 19 19 14 15 15 14 14 13 13 13 9
 55 55 69 85 85 70 61 61 54 54 65 67 67 69 72 72 63 63 56 56 56 46 43 43 36 36 40 41 41 38 36 36 32 32 28 22 22 17 16 16 12 12 10 12 12 8
 55 55 69 85 85 70 61 61 54 54 65 67 67 69 72 72 63 63 56 56 56 46 43 43 36 36 40 41 41 38 36 36 32 32 28 22 22 17 16 16 12 12 10 12 12 8
 43 43 57 84 84 78 64 64 57 57 58 68 68 71 80 80 71 71 62 53 53 53 41 41 35 35 42 40 40 36 34 34 33 33 30 26 26 19 18 18 14 14 14 12 12 11
 42 42 64 75 75 80 66 66 62 62 59 69 69 71 74 74 69 69 68 54 54 53 46 46 38 38 44 39 39 35 35 35 37 37 32 24 24 19 16 16 13 13 15 13 13 14
 42 42 64 75 75 80 66 66 62 62 59 69 69 71 74 74 69 69 68 54 54 53 46 46 38 38 44 39 39 35 35 35 37 37 32 24 24 19 16 16 13 13 15 13 13 14
 29 29 56 71 71 87 84 84 77 77 56 63 63 72 83 83 76 76 67 53 53 47 48 48 51 51 45 39 39 32 32 32 32 32 28 23 23 21 20 20 21 21 20 15 15 13
 25 25 52 62 62 78 78 78 75 75 56 62 62 74 71 71 74 74 71 63 63 52 50 50 50 50 45 40 40 32 31 31 29 29 25 22 22 14 18 18 20 20 23 16 16 14
 25 25 52 62 62 78 78 78 75 75 56 62 62 74 71 71 74 74 71 63 63 52 50 50 50 50 45 40 40 32 31 31 29 29 25 22 22 14 18 18 20 20 23 16 16 14
 18 18 39 54 54 64 83 83 65 65 68 69 69 66 73 73 79 79 73 62 62 64 62 62 64 64 49 38 38 26 24 24 25 25 21 18 18 13 15 15 18 18 20 11 11 10
 18 18 39 54 54 64 83 83 65 65 68 69 69 66 73 73 79 79 73 62 62 64 62 62 64 64 49 38 38 26 24 24 25 25 21 18 18 13 15 15 18 18 20 11 11 10
 15 15 23 30 30 51 47 47 60 60 67 63 63 56 66 66 73 73 77 65 65 64 65 65 65 65 52 43 43 32 27 27 18 18 18 16 16 11 14 14 14 14 14 11 11 10
 20 20 19 23 23 42 44 44 46 46 66 61 61 65 63 63 63 63 64 62 62 66 62 62 61 61 46 40 40 31 22 22 14 14 14 13 13 7 12 12 14 14 11 8 8 7
 20 20 19 23 23 42 44 44 46 46 66 61 61 65 63 63 63 63 64 62 62 66 62 62 61 61 46 40 40 31 22 22 14 14 14 13 13 7 12 12 14 14 11 8 8 7
 18 18 17 33 33 60 53 53 53 53 53 61 61 57 57 57 57 57 57 56 56 60 54 54 47 47 37 27 27 24 18 18 13 13 13 8 8 5 6 6 9 9 8 7 7 3
 12 12 18 49 49 50 38 38 50 50 52 55 55 57 52 52 45 45 37 40 40 42 43 43 41 41 37 28 28 24 14 14 12 12 11 9 9 8 4 4 4 4 5 3 3 2
 12 12 18 49 49 50 38 38 50 50 52 55 55 57 52 52 45 45 37 40 40 42 43 43 41 41 37 28 28 24 14 14 12 12 11 9 9 8 4 4 4 4 5 3 3 2
 11 11 15 17 17 25 26 26 48 48 50 44 44 53 45 45 41 41 31 34 34 37 36 36 35 35 31 30 30 26 17 17 10 10 8 6 6 5 3 3 4 4 3 3 3 2
 11 11 15 17 17 25 26 26 48 48 50 44 44 53 45 45 41 41 31 34 34 37 36 36 35 35 31 30 30 26 17 17 10 10 8 6 6 5 3 3 4 4 3 3 3 2
 9 9 12 14 14 20 22 22 26 26 32 38 38 60 51 51 46 46 30 35 35 33 37 37 30 30 29 26 26 25 16 16 12 12 7 6 6 5 3 3 3 3 2 2 2 1
 10 10 12 16 16 19 23 23 28 28 27 40 40 41 43 43 42 42 29 31 31 30 30 30 31 31 30 25 25 19 13 13 9 9 7 5 5 4 3 3 4 4 3 2 2 1
 10 10 12 16 16 19 23 23 28 28 27 40 40 41 43 43 42 42 29 31 31 30 30 30 31 31 30 25 25 19 13 13 9 9 7 5 5 4 3 3 4 4 3 2 2 1
 12 12 11 13 13 15 23 23 28 28 30 32 32 37 36 36 41 41 28 28 28 28 27 27 25 25 23 19 19 15 10 10 8 8 4 3 3 3 4 4 4 4 2 1 1 1
 11 11 10 9 9 15 18 18 24 24 25 26 26 29 31 31 33 33 31 26 26 23 25 25 21 21 18 13 13 12 10 10 7 7 4 4 4 3 3 3 2 2 1 1 1 1
 11 11 10 9 9 15 18 18 24 24 25 26 26 29 31 31 33 33 31 26 26 23 25 25 21 21 18 13 13 12 10 10 7 7 4 4 4 3 3 3 2 2 1 1 1 1
 9 9 8 6 6 9 8 8 12 12 15 16 16 18 25 25 26 26 26 19 19 16 18 18 14 14 13 10 10 11 11 11 10 10 8 4 4 4 2 2 1 1 1 1 1 0
 9 9 8 6 6 9 8 8 12 12 15 16 16 18 25 25 26 26 26 19 19 16 18 18 14 14 13 10 10 11 11 11 10 10 8 4 4 4 2 2 1 1 1 1 1 0
 6 6 4 4 4 7 7 7 8 8 10 9 9 12 17 17 22 22 25 17 17 15 16 16 12 12 11 10 10 10 10 10 11 11 9 5 5 5 3 3 1 1 1 1 1 1
 2 2 2 3 3 3 4 4 3 3 6 6 6 7 12 12 20 20 24 15 15 14 11 11 10 10 11 11 11 9 9 9 9 9 9 4 4 3 5 5 2 2 2 1 1 1
 2 2 2 3 3 3 4 4 3 3 6 6 6 7 12 12 20 20 24 15 15 14 11 11 10 10 11 11 11 9 9 9 9 9 9 4 4 3 5 5 2 2 2 1 1 1
 2 2 3 3 3 2 2 2 3 3 3 4 4 5 5 5 11 11 16 14 14 13 9 9 9 9 8 12 12 9 7 7 7 7 5 5 5 4 5 5 4 4 2 1 1 1
 2 2 1 2 2 1 3 3 4 4 3 3 3 4 5 5 9 9 10 14 14 10 8 8 9 9 11 13 13 10 7 7 10 10 7 8 8 4 3 3 2 2 2 1 1 0
 2 2 1 2 2 1 3 3 4 4 3 3 3 4 5 5 9 9 10 14 14 10 8 8 9 9 11 13 13 10 7 7 10 10 7 8 8 4 3 3 2 2 2 1 1 0
 1 1 1 3 3 3 3 3 3 3 3 4 4 4 5 5 6 6 8 13 13 10 8 8 8 8 6 7 7 7 8 8 8 8 7 5 5 4 4 4 2 2 1 0 0 1
 1 1 1 3 3 3 3 3 3 3 3 4 4 4 5 5 6 6 8 13 13 10 8 8 8 8 6 7 7 7 8 8 8 8 7 5 5 4 4 4 2 2 1 0 0 1
 1 1 1 3 3 2 2 2 2 2 2 2 2 3 3 3 6 6 8 14 14 9 10 10 8 8 11 9 9 9 10 10 5 5 6 4 4 7 3 3 3 3 2 2 2 1
 0 0 1 1 1 1 1 1 2 2 2 3 3 3 3 3 4 4 7 10 10 11 11 11 11 11 9 9 9 9 9 9 6 6 6 11 11 11 5 5 4 4 4 2 2 1
 0 0 1 1 1 1 1 1 2 2 2 3 3 3 3 3 4 4 7 10 10 11 11 11 11 11 9 9 9 9 9 9 6 6 6 11 11 11 5 5 4 4 4 2 2 1
 0 0 0 1 1 1 1 1 2 2 3 3 3 4 4 4 2 2 7 9 9 11 14 14 15 15 12 12 12 12 9 9 6 6 10 12 12 12 6 6 5 5 6 3 3 2
 0 0 0 1 1 1 1 1 2 2 3 3 3 4 4 4 3 3 3 5 5 6 12 12 13 13 13 10 10 10 18 18 15 15 17 14 14 14 6 6 5 5 5 3 3 3
 0 0 0 1 1 1 1 1 2 2 3 3 3 4 4 4 3 3 3 5 5 6 12 12 13 13 13 10 10 10 18 18 15 15 17 14 14 14 6 6 5 5 5 3 3 3
 0 0 0 1 1 0 1 1 1 1 2 3 3 4 4 4 3 3 4 5 5 6 11 11 15 15 13 12 12 10 19 19 19 19 15 8 8 10 7 7 5 5 5 3 3 3
 0 0 0 1 1 0 1 1 1 1 2 3 3 4 4 4 3 3 4 5 5 6 11 11 15 15 13 12 12 10 19 19 19 19 15 8 8 10 7 7 5 5 5 3 3 3
 0 0 0 0 0 0 1 1 1 1 2 2 2 3 4 4 2 2 2 3 3 5 7 7 10 10 9 7 7 9 15 15 7 7 8 10 10 6 7 7 6 6 5 5 5 4
 0 0 0 0 0 0 0 0 1 1 2 1 1 2 3 3 2 2 2 2 2 3 5 5 8 8 8 5 5 7 10 10 6 6 4 4 4 3 5 5 4 4 1 1 1 3
 0 0 0 0 0 0 0 0 1 1 2 1 1 2 3 3 2 2 2 2 2 3 5 5 8 8 8 5 5 7 10 10 6 6 4 4 4 3 5 5 4 4 1 1 1 3
 0 0 0 0 0 0 0 0 0 0 1 2 2 1 2 2 2 2 2 2 2 3 2 2 5 5 5 7 7 7 5 5 6 6 8 5 5 3 4 4 5 5 2 1 1 0
 0 0 1 1 1 1 0 0 0 0 1 1 1 1 1 1 2 2 2 2 2 3 4 4 6 6 4 7 7 6 7 7 4 4 10 6 6 4 3 3 4 4 4 1 1 1
 0 0 1 1 1 1 0 0 0 0 1 1 1 1 1 1 2 2 2 2 2 3 4 4 6 6 4 7 7 6 7 7 4 4 10 6 6 4 3 3 4 4 4 1 1 1
 0 0 1 1 1 1 1 1 1 1 1 1 1 1 1 1 1 1 1 2 2 3 3 3 4 4 3 5 5 4 4 4 3 3 4 6 6 3 3 3 4 4 2 1 1 1
 0 0 1 1 1 1 1 1 1 1 1 1 1 1 1 1 1 1 1 2 2 3 3 3 4 4 3 5 5 4 4 4 3 3 4 6 6 3 3 3 4 4 2 1 1 1
 0 0 0 1 1 0 1 1 1 1 1 0 0 0 0 0 1 1 1 2 2 3 3 3 3 3 2 3 3 1 2 2 2 2 4 5 5 5 4 4 4 4 1 1 1 1
 0 0 1 1 1 1 1 1 1 1 1 1 1 1 2 2 2 2 2 2 2 1 1 1 2 2 4 3 3 2 3 3 4 4 4 5 5 5 5 5 4 4 1 0 0 0
 0 0 1 1 1 1 1 1 1 1 1 1 1 1 2 2 2 2 2 2 2 1 1 1 2 2 4 3 3 2 3 3 4 4 4 5 5 5 5 5 4 4 1 0 0 0
 1 1 2 2 2 1 1 1 1 1 1 1 1 1 2 2 3 3 2 2 2 2 2 2 3 3 3 3 3 3 3 3 5 5 6 6 6 5 5 5 3 3 3 1 1 0
 1 1 1 1 1 1 1 1 0 0 0 0 0 1 2 2 3 3 2 3 3 3 2 2 2 2 5 5 5 2 3 3 3 3 3 3 3 3 4 4 4 4 3 0 0 0
 1 1 1 1 1 1 1 1 0 0 0 0 0 1 2 2 3 3 2 3 3 3 2 2 2 2 5 5 5 2 3 3 3 3 3 3 3 3 4 4 4 4 3 0 0 0
 1 1 0 1 1 0 0 0 0 0 0 1 1 1 1 1 1 1 1 2 2 3 4 4 6 6 10 9 9 7 1 1 1 1 2 2 2 2 3 3 6 6 2 1 1 1
 1 1 0 1 1 0 0 0 0 0 0 1 1 1 1 1 1 1 1 2 2 3 4 4 6 6 10 9 9 7 1 1 1 1 2 2 2 2 3 3 6 6 2 1 1 1
 0 0 1 1 1 1 1 1 0 0 0 0 0 0 1 1 1 1 1 2 2 2 2 2 5 5 9 10 10 8 7 7 4 4 3 3 3 1 4 4 5 5 3 2 2 1
 0 0 1 1 1 1 1 1 0 0 0 0 0 0 0 0 0 0 0 0 0 0 3 3 3 3 5 13 13 12 9 9 4 4 5 3 3 2 5 5 7 7 5 2 2 2
 0 0 1 1 1 1 1 1 0 0 0 0 0 0 0 0 0 0 0 0 0 0 3 3 3 3 5 13 13 12 9 9 4 4 5 3 3 2 5 5 7 7 5 2 2 2
 0 0 1 1 1 1 1 1 1 1 0 0 0 0 0 0 0 0 0 0 0 1 0 0 3 3 4 9 9 10 10 10 9 9 9 6 6 4 8 8 10 10 7 6 6 3
 1 1 1 1 1 1 1 1 0 0 1 1 1 1 0 0 0 0 0 0 0 0 1 1 4 4 2 5 5 5 5 5 7 7 8 7 7 5 8 8 8 8 8 9 9 2
 1 1 1 1 1 1 1 1 0 0 1 1 1 1 0 0 0 0 0 0 0 0 1 1 4 4 2 5 5 5 5 5 7 7 8 7 7 5 8 8 8 8 8 9 9 2
 1 1 1 1 1 0 1 1 1 1 2 2 2 1 1 1 1 1 1 1 1 1 1 1 1 1 1 6 6 7 3 3 4 4 6 4 4 3 5 5 5 5 9 8 8 3
 1 1 1 1 1 0 1 1 1 1 2 2 2 1 1 1 1 1 1 1 1 1 1 1 1 1 1 6 6 7 3 3 4 4 6 4 4 3 5 5 5 5 9 8 8 3
 0 0 0 0 0 1 1 1 2 2 3 4 4 4 4 4 3 3 2 2 2 1 0 0 1 1 1 5 5 5 5 5 3 3 4 4 4 4 4 4 6 6 9 7 7 3
 0 0 0 0 0 1 1 1 1 1 2 4 4 4 3 3 2 2 2 2 2 2 0 0 0 0 2 3 3 3 2 2 2 2 1 4 4 4 4 4 6 6 6 5 5 1
 0 0 0 0 0 1 1 1 1 1 2 4 4 4 3 3 2 2 2 2 2 2 0 0 0 0 2 3 3 3 2 2 2 2 1 4 4 4 4 4 6 6 6 5 5 1
 0 0 0 0 0 0 1 1 1 1 2 3 3 3 2 2 1 1 1 2 2 2 0 0 0 0 0 2 2 2 1 1 1 1 2 2 2 4 5 5 4 4 4 3 3 1
 0 0 0 0 0 0 1 1 1 1 2 2 2 2 2 2 1 1 0 0 0 0 0 0 0 0 0 1 1 1 0 0 0 0 1 2 2 3 3 3 3 3 2 2 2 2
