assets/RAT_results/precipitation/2018-05-29_IMERG.asc
ncols        46
nrows        77
xllcorner    74.800261325624
yllcorner    8.058333333333
cellsize     0.062500000000
NODATA_value -9999
 95 95 78 57 57 56 49 49 57 57 60 49 49 39 35 35 17 17 8 9 9 4 1 1 1 1 1 1 1 0 0 0 0 0 0 0 0 0 0 0 0 0 0 0 0 0
 72 72 68 58 58 56 50 50 58 58 53 79 79 50 39 39 29 29 14 14 14 13 13 13 6 6 1 0 0 0 0 0 0 0 0 0 0 1 0 0 0 0 0 0 0 0
 72 72 68 58 58 56 50 50 58 58 53 79 79 50 39 39 29 29 14 14 14 13 13 13 6 6 1 0 0 0 0 0 0 0 0 0 0 1 0 0 0 0 0 0 0 0
 58 58 60 61 61 60 74 74 61 61 72 64 64 36 36 36 33 33 25 12 12 10 11 11 11 11 2 0 0 0 0 0 0 0 0 1 1 0 0 0 0 0 0 0 0 0
 118 118 57 71 71 68 44 44 52 52 58 56 56 52 31 31 30 30 34 10 10 7 12 12 8 8 3 2 2 1 0 0 0 0 0 1 1 0 0 0 0 0 0 0 0 0
 118 118 57 71 71 68 44 44 52 52 58 56 56 52 31 31 30 30 34 10 10 7 12 12 8 8 3 2 2 1 0 0 0 0 0 1 1 0 0 0 0 0 0 0 0 0
 99 99 87 67 67 74 77 77 55 55 41 55 55 49 49 49 45 45 43 20 20 12 6 6 11 11 12 3 3 1 8 8 2 2 0 0 0 0 0 0 0 0 0 0 0 0
 99 99 87 67 67 74 77 77 55 55 41 55 55 49 49 49 45 45 43 20 20 12 6 6 11 11 12 3 3 1 8 8 2 2 0 0 0 0 0 0 0 0 0 0 0 0
 99 99 69 47 47 72 79 79 52 52 37 54 54 69 62 62 56 56 36 28 28 11 6 6 13 13 7 2 2 3 4 4 3 3 1 0 0 0 0 0 0 0 0 0 0 0
 52 52 62 63 63 40 46 46 43 43 42 71 71 71 68 68 54 54 36 31 31 15 7 7 4 4 8 1 1 8 2 2 2 2 3 0 0 0 0 0 0 0 0 0 0 0
 52 52 62 63 63 40 46 46 43 43 42 71 71 71 68 68 54 54 36 31 31 15 7 7 4 4 8 1 1 8 2 2 2 2 3 0 0 0 0 0 0 0 0 0 0 0
 35 35 64 63 63 50 41 41 44 44 33 59 59 56 50 50 33 33 41 33 33 27 8 8 4 4 2 5 5 1 1 1 1 1 3 2 2 0 0 0 0 0 0 0 0 0
 25 25 27 25 25 40 59 59 50 50 43 31 31 61 74 74 37 37 40 33 33 24 20 20 3 3 2 2 2 1 4 4 4 4 2 2 2 0 0 0 0 0 0 0 0 1
 25 25 27 25 25 40 59 59 50 50 43 31 31 61 74 74 37 37 40 33 33 24 20 20 3 3 2 2 2 1 4 4 4 4 2 2 2 0 0 0 0 0 0 0 0 1
 19 19 25 23 23 45 68 68 70 70 76 48 48 47 42 42 72 72 30 32 32 26 6 6 6 6 4 3 3 2 3 3 5 5 2 0 0 1 0 0 0 0 1 3 3 4
 19 19 25 23 23 45 68 68 70 70 76 48 48 47 42 42 72 72 30 32 32 26 6 6 6 6 4 3 3 2 3 3 5 5 2 0 0 1 0 0 0 0 1 3 3 4
 24 24 17 42 42 31 36 36 94 94 73 62 62 65 53 53 50 50 31 32 32 17 8 8 7 7 5 2 2 2 2 2 3 3 4 1 1 0 0 0 0 0 0 1 1 0
 18 18 15 19 19 19 31 31 52 52 62 49 49 52 31 31 49 49 24 41 41 18 12 12 19 19 6 3 3 1 1 1 3 3 2 2 2 0 0 0 0 0 1 0 0 0
 18 18 15 19 19 19 31 31 52 52 62 49 49 52 31 31 49 49 24 41 41 18 12 12 19 19 6 3 3 1 1 1 3 3 2 2 2 0 0 0 0 0 1 0 0 0
 15 15 18 29 29 22 23 23 59 59 29 69 69 29 30 30 23 23 23 9 9 18 7 7 12 12 3 1 1 1 1 1 3 3 1 0 0 0 0 0 0 0 0 2 2 0
 13 13 15 16 16 23 25 25 58 58 34 67 67 30 33 33 19 19 32 16 16 19 8 8 7 7 2 1 1 1 2 2 2 2 1 0 0 0 0 0 0 0 0 0 0 0
 13 13 15 16 16 23 25 25 58 58 34 67 67 30 33 33 19 19 32 16 16 19 8 8 7 7 2 1 1 1 2 2 2 2 1 0 0 0 0 0 0 0 0 0 0 0
 20 20 12 23 23 20 24 24 53 53 41 53 53 51 60 60 16 16 15 20 20 11 7 7 1 1 1 1 1 1 2 2 1 1 0 0 0 0 0 0 0 0 0 0 0 0
 20 20 12 23 23 20 24 24 53 53 41 53 53 51 60 60 16 16 15 20 20 11 7 7 1 1 1 1 1 1 2 2 1 1 0 0 0 0 0 0 0 0 0 0 0 0
 16 16 15 24 24 29 16 16 70 70 36 53 53 55 46 46 9 9 9 8 8 12 4 4 0 0 1 1 1 1 1 1 1 1 0 0 0 0 0 0 0 0 0 0 0 0
 25 25 19 16 16 25 14 14 17 17 45 13 13 16 36 36 20 20 7 6 6 8 6 6 0 0 0 4 4 1 0 0 0 0 0 0 0 0 0 0 0 0 0 0 0 0
 25 25 19 16 16 25 14 14 17 17 45 13 13 16 36 36 20 20 7 6 6 8 6 6 0 0 0 4 4 1 0 0 0 0 0 0 0 0 0 0 0 0 0 0 0 0
 13 13 20 21 21 22 16 16 16 16 12 15 15 11 14 14 8 8 5 3 3 1 6 6 0 0 0 0 0 0 0 0 0 0 0 0 0 0 0 0 0 0 0 0 0 0
 10 10 9 20 20 21 11 11 8 8 8 7 7 8 7 7 6 6 6 4 4 2 1 1 1 1 1 0 0 0 0 0 0 0 0 0 0 0 0 0 0 0 0 0 0 0
 10 10 9 20 20 21 11 11 8 8 8 7 7 8 7 7 6 6 6 4 4 2 1 1 1 1 1 0 0 0 0 0 0 0 0 0 0 0 0 0 0 0 0 0 0 0
 7 7 6 7 7 10 15 15 8 8 7 9 9 18 4 4 8 8 6 5 5 3 3 3 4 4 3 3 3 1 0 0 0 0 1 0 0 0 0 0 0 0 0 0 0 0
 7 7 6 7 7 10 15 15 8 8 7 9 9 18 4 4 8 8 6 5 5 3 3 3 4 4 3 3 3 1 0 0 0 0 1 0 0 0 0 0 0 0 0 0 0 0
 5 5 4 4 4 8 8 8 10 10 6 13 13 11 8 8 8 8 7 7 7 5 4 4 5 5 3 4 4 3 2 2 1 1 1 0 0 0 0 0 0 0 0 0 0 0
 7 7 5 4 4 5 5 5 6 6 7 12 12 17 6 6 5 5 9 10 10 7 15 15 15 15 11 6 6 11 2 2 1 1 0 0 0 0 0 0 0 0 0 0 0 0
 7 7 5 4 4 5 5 5 6 6 7 12 12 17 6 6 5 5 9 10 10 7 15 15 15 15 11 6 6 11 2 2 1 1 0 0 0 0 0 0 0 0 0 0 0 0
 4 4 3 2 2 3 4 4 4 4 10 8 8 15 11 11 6 6 7 10 10 7 10 10 13 13 12 8 8 12 3 3 2 2 1 0 0 0 0 0 0 0 0 0 0 0
 4 4 8 2 2 3 5 5 5 5 8 12 12 4 8 8 4 4 4 9 9 8 11 11 11 11 11 8 8 7 2 2 2 2 1 0 0 0 0 0 0 0 0 0 0 0
 4 4 8 2 2 3 5 5 5 5 8 12 12 4 8 8 4 4 4 9 9 8 11 11 11 11 11 8 8 7 2 2 2 2 1 0 0 0 0 0 0 0 0 0 0 0
 3 3 2 3 3 3 2 2 7 7 5 4 4 3 3 3 4 4 4 5 5 8 7 7 7 7 6 9 9 5 1 1 1 1 0 0 0 0 0 0 0 0 0 0 0 0
 3 3 2 3 3 3 2 2 7 7 5 4 4 3 3 3 4 4 4 5 5 8 7 7 7 7 6 9 9 5 1 1 1 1 0 0 0 0 0 0 0 0 0 0 0 0
 2 2 3 1 1 3 2 2 4 4 3 3 3 3 3 3 2 2 3 5 5 6 8 8 7 7 8 8 8 1 2 2 1 1 1 0 0 0 0 0 0 0 0 1 1 0
 2 2 1 2 2 1 2 2 3 3 2 8 8 4 2 2 2 2 3 4 4 8 4 4 4 4 4 2 2 1 1 1 1 1 1 1 1 0 0 0 0 0 0 0 0 0
 2 2 1 2 2 1 2 2 3 3 2 8 8 4 2 2 2 2 3 4 4 8 4 4 4 4 4 2 2 1 1 1 1 1 1 1 1 0 0 0 0 0 0 0 0 0
 1 1 2 1 1 2 4 4 1 1 1 1 1 2 1 1 2 2 11 1 1 2 2 2 2 2 2 2 2 6 6 6 2 2 1 0 0 0 0 0 0 0 0 0 0 0
 2 2 2 2 2 2 1 1 2 2 1 1 1 1 5 5 1 1 1 2 2 1 1 1 2 2 3 6 6 7 7 7 2 2 3 1 1 0 0 0 0 0 0 0 0 0
 2 2 2 2 2 2 1 1 2 2 1 1 1 1 5 5 1 1 1 2 2 1 1 1 2 2 3 6 6 7 7 7 2 2 3 1 1 0 0 0 0 0 0 0 0 0
 2 2 2 2 2 3 2 2 2 2 3 1 1 1 1 1 2 2 1 1 1 10 8 8 2 2 2 9 9 4 5 5 2 2 2 1 1 0 0 0 0 0 0 0 0 0
 2 2 2 2 2 3 2 2 2 2 3 1 1 1 1 1 2 2 1 1 1 10 8 8 2 2 2 9 9 4 5 5 2 2 2 1 1 0 0 0 0 0 0 0 0 0
 3 3 3 3 3 3 2 2 2 2 2 1 1 1 1 1 1 1 1 1 1 1 0 0 2 2 0 0 0 2 6 6 2 2 2 2 2 0 0 0 0 0 0 0 0 0
 4 4 5 5 5 3 3 3 3 3 2 1 1 1 0 0 0 0 1 5 5 1 1 1 1 1 4 0 0 2 1 1 1 1 1 0 0 0 0 0 0 0 0 0 0 0
 4 4 5 5 5 3 3 3 3 3 2 1 1 1 0 0 0 0 1 5 5 1 1 1 1 1 4 0 0 2 1 1 1 1 1 0 0 0 0 0 0 0 0 0 0 0
 4 4 5 6 6 3 4 4 2 2 3 4 4 4 1 1 2 2 2 1 1 1 1 1 1 1 1 2 2 0 1 1 0 0 0 0 0 1 0 0 0 0 0 0 0 0
 3 3 3 5 5 6 4 4 4 4 5 2 2 2 1 1 2 2 2 0 0 12 1 1 1 1 2 0 0 0 0 0 0 0 0 1 1 0 0 0 0 0 0 0 0 0
 3 3 3 5 5 6 4 4 4 4 5 2 2 2 1 1 2 2 2 0 0 12 1 1 1 1 2 0 0 0 0 0 0 0 0 1 1 0 0 0 0 0 0 0 0 0
 3 3 3 5 5 7 3 3 3 3 3 2 2 1 1 1 0 0 0 0 0 1 1 1 6 6 1 1 1 0 1 1 0 0 0 1 1 0 1 1 0 0 0 0 0 0
 3 3 3 5 5 7 3 3 3 3 3 2 2 1 1 1 0 0 0 0 0 1 1 1 6 6 1 1 1 0 1 1 0 0 0 1 1 0 1 1 0 0 0 0 0 0
 3 3 2 5 5 6 3 3 3 3 3 3 3 1 1 1 1 1 0 0 0 1 1 1 2 2 0 1 1 0 0 0 0 0 0 0 0 0 0 0 0 0 0 0 0 0
 2 2 2 6 6 6 4 4 3 3 3 3 3 1 1 1 1 1 0 1 1 1 1 1 1 1 1 2 2 0 1 1 1 1 0 0 0 0 0 0 0 0 0 0 0 0
 2 2 2 6 6 6 4 4 3 3 3 3 3 1 1 1 1 1 0 1 1 1 1 1 1 1 1 2 2 0 1 1 1 1 0 0 0 0 0 0 0 0 0 0 0 0
 2 2 2 5 5 6 5 5 2 2 4 3 3 2 1 1 2 2 1 7 7 10 1 1 0 0 1 3 3 1 0 0 1 1 0 0 0 0 0 0 0 0 0 0 0 0
 2 2 6 3 3 5 6 6 2 2 4 4 4 2 2 2 2 2 3 4 4 8 1 1 1 1 0 0 0 3 0 0 0 0 3 1 1 0 0 0 0 0 0 0 0 0
 2 2 6 3 3 5 6 6 2 2 4 4 4 2 2 2 2 2 3 4 4 8 1 1 1 1 0 0 0 3 0 0 0 0 3 1 1 0 0 0 0 0 0 0 0 0
 1 1 7 23 23 7 5 5 1 1 2 3 3 2 2 2 1 1 1 0 0 0 3 3 3 3 3 3 3 3 1 1 1 1 0 5 5 1 0 0 0 0 0 0 0 0
 1 1 7 23 23 7 5 5 1 1 2 3 3 2 2 2 1 1 1 0 0 0 3 3 3 3 3 3 3 3 1 1 1 1 0 5 5 1 0 0 0 0 0 0 0 0
 1 1 2 5 5 5 3 3 1 1 1 1 1 1 1 1 1 1 0 1 1 0 3 3 3 3 3 4 4 6 2 2 0 0 2 2 2 0 0 0 0 0 0 0 0 0
 1 1 1 1 1 2 2 2 0 0 1 1 1 1 0 0 0 0 0 0 0 2 3 3 4 4 4 5 5 5 4 4 2 2 2 1 1 0 0 0 0 0 0 0 0 0
 1 1 1 1 1 2 2 2 0 0 1 1 1 1 0 0 0 0 0 0 0 2 3 3 4 4 4 5 5 5 4 4 2 2 2 1 1 0 0 0 0 0 0 0 0 0
 0 0 0 0 0 1 0 0 0 0 0 0 0 0 0 0 0 0 0 0 0 1 1 1 0 0 1 2 2 3 4 4 3 3 3 2 2 1 0 0 0 0 0 0 0 0
 0 0 0 0 0 0 0 0 0 0 0 0 0 0 0 0 0 0 0 0 0 0 0 0 0 0 1 2 2 2 1 1 1 1 0 0 0 0 0 0 0 0 0 0 0 0
 0 0 0 0 0 0 0 0 0 0 0 0 0 0 0 0 0 0 0 0 0 0 0 0 0 0 1 2 2 2 1 1 1 1 0 0 0 0 0 0 0 0 0 0 0 0
 0 0 0 0 0 0 0 0 0 0 0 0 0 0 0 0 0 0 0 0 0 0 0 0 0 0 0 0 0 0 1 1 0 0 0 0 0 0 0 0 0 0 0 0 0 0
 0 0 0 0 0 0 0 0 0 0 0 0 0 0 0 0 0 0 0 0 0 0 0 0 0 0 0 0 0 0 1 1 0 0 0 0 0 0 0 0 0 0 0 0 0 0
 0 0 0 0 0 0 0 0 0 0 0 0 0 0 0 0 0 0 0 0 0 0 0 0 0 0 0 0 0 0 0 0 0 0 0 0 0 0 0 0 0 0 0 0 0 0
 0 0 0 0 0 0 0 0 0 0 0 0 0 0 0 0 0 0 0 0 0 0 0 0 0 0 0 0 0 0 0 0 0 0 0 0 0 0 0 0 0 0 0 0 0 0
 0 0 0 0 0 0 0 0 0 0 0 0 0 0 0 0 0 0 0 0 0 0 0 0 0 0 0 0 0 0 0 0 0 0 0 0 0 0 0 0 0 0 0 0 0 0
 0 0 0 0 0 0 0 0 0 0 0 0 0 0 0 0 0 0 0 0 0 0 0 0 0 0 0 0 0 0 0 0 0 0 0 0 0 0 0 0 0 0 0 0 0 0
 0 0 0 0 0 0 0 0 0 0 0 0 0 0 0 0 0 0 0 0 0 0 0 0 0 0 0 0 0 0 0 0 0 0 0 0 0 0 0 0 0 0 0 0 0 0
