assets/RAT_results/precipitation/2018-08-27_IMERG.asc
ncols        46
nrows        77
xllcorner    74.800261325624
yllcorner    8.058333333333
cellsize     0.062500000000
NODATA_value -9999
 28 28 12 4 4 5 6 6 9 9 8 3 3 7 4 4 7 7 4 6 6 6 5 5 5 5 6 9 9 5 4 4 4 4 4 5 5 6 6 6 8 8 9 8 8 7
 14 14 13 5 5 6 7 7 8 8 11 2 2 5 4 4 2 2 2 12 12 16 13 13 3 3 5 4 4 3 8 8 5 5 6 8 8 6 13 13 8 8 5 7 7 11
 14 14 13 5 5 6 7 7 8 8 11 2 2 5 4 4 2 2 2 12 12 16 13 13 3 3 5 4 4 3 8 8 5 5 6 8 8 6 13 13 8 8 5 7 7 11
 24 24 24 20 20 9 11 11 6 6 6 16 16 3 5 5 5 5 3 5 5 5 9 9 3 3 3 4 4 3 4 4 4 4 13 4 4 9 6 6 6 6 7 7 7 5
 5 5 11 24 24 11 7 7 8 8 8 13 13 11 9 9 7 7 8 12 12 6 4 4 4 4 4 4 4 3 2 2 3 3 6 6 6 6 3 3 4 4 7 9 9 6
 5 5 11 24 24 11 7 7 8 8 8 13 13 11 9 9 7 7 8 12 12 6 4 4 4 4 4 4 4 3 2 2 3 3 6 6 6 6 3 3 4 4 7 9 9 6
 4 4 5 11 11 6 5 5 2 2 5 6 6 14 8 8 8 8 18 7 7 5 4 4 7 7 4 3 3 2 2 2 2 2 4 5 5 3 2 2 5 5 4 6 6 5
 4 4 5 11 11 6 5 5 2 2 5 6 6 14 8 8 8 8 18 7 7 5 4 4 7 7 4 3 3 2 2 2 2 2 4 5 5 3 2 2 5 5 4 6 6 5
 4 4 4 16 16 10 6 6 8 8 4 11 11 12 12 12 8 8 10 11 11 8 7 7 9 9 6 8 8 5 3 3 3 3 5 6 6 2 2 2 4 4 4 3 3 3
 6 6 10 16 16 8 9 9 5 5 5 5 5 15 15 15 9 9 16 5 5 5 5 5 6 6 5 6 6 3 9 9 7 7 6 6 6 8 3 3 2 2 4 3 3 4
 6 6 10 16 16 8 9 9 5 5 5 5 5 15 15 15 9 9 16 5 5 5 5 5 6 6 5 6 6 3 9 9 7 7 6 6 6 8 3 3 2 2 4 3 3 4
 3 3 12 20 20 12 12 12 9 9 8 7 7 5 4 4 7 7 9 8 8 4 4 4 2 2 3 3 3 3 4 4 6 6 4 5 5 7 4 4 3 3 4 3 3 2
 2 2 5 8 8 15 10 10 11 11 11 3 3 2 1 1 4 4 12 11 11 26 6 6 2 2 3 2 2 2 2 2 3 3 5 4 4 4 5 5 4 4 3 2 2 1
 2 2 5 8 8 15 10 10 11 11 11 3 3 2 1 1 4 4 12 11 11 26 6 6 2 2 3 2 2 2 2 2 3 3 5 4 4 4 5 5 4 4 3 2 2 1
 7 7 7 9 9 17 9 9 11 11 10 7 7 7 3 3 4 4 18 18 18 20 8 8 8 8 6 5 5 2 1 1 1 1 1 1 1 4 6 6 4 4 3 3 3 6
 7 7 7 9 9 17 9 9 11 11 10 7 7 7 3 3 4 4 18 18 18 20 8 8 8 8 6 5 5 2 1 1 1 1 1 1 1 4 6 6 4 4 3 3 3 6
 7 7 28 9 9 40 7 7 16 16 19 9 9 8 9 9 3 3 10 8 8 7 7 7 6 6 6 5 5 5 1 1 3 3 6 2 2 2 3 3 4 4 4 3 3 6
 12 12 11 12 12 10 12 12 12 12 17 13 13 14 5 5 4 4 4 6 6 8 7 7 4 4 6 8 8 2 1 1 4 4 4 6 6 4 5 5 2 2 3 3 3 5
 12 12 11 12 12 10 12 12 12 12 17 13 13 14 5 5 4 4 4 6 6 8 7 7 4 4 6 8 8 2 1 1 4 4 4 6 6 4 5 5 2 2 3 3 3 5
 13 13 15 22 22 14 8 8 7 7 13 7 7 16 8 8 15 15 9 7 7 6 9 9 6 6 6 4 4 5 3 3 3 3 1 5 5 2 2 2 4 4 2 4 4 5
 21 21 9 14 14 12 9 9 10 10 15 12 12 23 12 12 19 19 11 5 5 7 8 8 6 6 9 6 6 5 3 3 3 3 2 1 1 2 3 3 2 2 7 2 2 1
 21 21 9 14 14 12 9 9 10 10 15 12 12 23 12 12 19 19 11 5 5 7 8 8 6 6 9 6 6 5 3 3 3 3 2 1 1 2 3 3 2 2 7 2 2 1
 9 9 11 10 10 15 8 8 16 16 24 6 6 9 8 8 14 14 5 6 6 7 8 8 4 4 5 5 5 8 3 3 2 2 4 3 3 3 9 9 3 3 4 5 5 4
 9 9 11 10 10 15 8 8 16 16 24 6 6 9 8 8 14 14 5 6 6 7 8 8 4 4 5 5 5 8 3 3 2 2 4 3 3 3 9 9 3 3 4 5 5 4
 9 9 12 8 8 15 13 13 7 7 10 6 6 7 9 9 7 7 5 9 9 10 9 9 7 7 8 4 4 7 3 3 2 2 1 5 5 3 8 8 4 4 5 13 13 5
 9 9 8 10 10 9 12 12 16 16 7 5 5 5 9 9 10 10 6 11 11 3 2 2 4 4 8 6 6 5 3 3 1 1 1 2 2 3 10 10 18 18 12 7 7 7
 9 9 8 10 10 9 12 12 16 16 7 5 5 5 9 9 10 10 6 11 11 3 2 2 4 4 8 6 6 5 3 3 1 1 1 2 2 3 10 10 18 18 12 7 7 7
 10 10 8 9 9 8 9 9 13 13 9 4 4 4 7 7 9 9 10 12 12 8 6 6 3 3 6 6 6 3 3 3 1 1 1 2 2 4 5 5 3 3 13 7 7 11
 8 8 8 9 9 12 13 13 12 12 10 11 11 6 4 4 12 12 15 13 13 12 9 9 3 3 2 3 3 3 2 2 1 1 2 3 3 3 3 3 2 2 7 3 3 9
 8 8 8 9 9 12 13 13 12 12 10 11 11 6 4 4 12 12 15 13 13 12 9 9 3 3 2 3 3 3 2 2 1 1 2 3 3 3 3 3 2 2 7 3 3 9
 6 6 8 9 9 15 15 15 12 12 11 12 12 8 10 10 12 12 11 16 16 17 6 6 3 3 2 1 1 2 1 1 2 2 2 3 3 2 2 2 2 2 2 2 2 4
 6 6 8 9 9 15 15 15 12 12 11 12 12 8 10 10 12 12 11 16 16 17 6 6 3 3 2 1 1 2 1 1 2 2 2 3 3 2 2 2 2 2 2 2 2 4
 5 5 9 7 7 13 20 20 13 13 17 13 13 11 11 11 15 15 7 14 14 10 5 5 5 5 4 1 1 3 2 2 2 2 3 3 3 2 1 1 2 2 12 3 3 3
 3 3 11 5 5 8 11 11 25 25 26 18 18 16 14 14 9 9 10 6 6 5 7 7 5 5 5 10 10 9 6 6 3 3 2 3 3 2 2 2 3 3 6 6 6 5
 3 3 11 5 5 8 11 11 25 25 26 18 18 16 14 14 9 9 10 6 6 5 7 7 5 5 5 10 10 9 6 6 3 3 2 3 3 2 2 2 3 3 6 6 6 5
 4 4 12 25 25 4 15 15 22 22 21 21 21 30 10 10 7 7 10 9 9 7 3 3 5 5 13 9 9 31 10 10 20 20 5 7 7 6 5 5 5 5 6 8 8 5
 12 12 8 3 3 27 12 12 12 12 13 30 30 23 12 12 6 6 5 9 9 7 6 6 4 4 3 6 6 19 17 17 8 8 10 11 11 10 9 9 6 6 5 5 5 4
 12 12 8 3 3 27 12 12 12 12 13 30 30 23 12 12 6 6 5 9 9 7 6 6 4 4 3 6 6 19 17 17 8 8 10 11 11 10 9 9 6 6 5 5 5 4
 4 4 7 9 9 6 8 8 7 7 6 16 16 9 6 6 5 5 2 7 7 11 8 8 7 7 5 4 4 7 15 15 11 11 14 12 12 9 8 8 7 7 8 3 3 3
 4 4 7 9 9 6 8 8 7 7 6 16 16 9 6 6 5 5 2 7 7 11 8 8 7 7 5 4 4 7 15 15 11 11 14 12 12 9 8 8 7 7 8 3 3 3
 2 2 4 6 6 7 7 7 5 5 4 30 30 29 26 26 6 6 4 4 4 6 6 6 5 5 15 1 1 11 5 5 7 7 9 18 18 11 9 9 6 6 10 8 8 4
 3 3 3 3 3 5 4 4 4 4 6 6 6 30 28 28 6 6 4 2 2 5 6 6 3 3 6 22 22 9 15 15 11 11 13 6 6 9 7 7 7 7 9 11 11 3
 3 3 3 3 3 5 4 4 4 4 6 6 6 30 28 28 6 6 4 2 2 5 6 6 3 3 6 22 22 9 15 15 11 11 13 6 6 9 7 7 7 7 9 11 11 3
 3 3 2 2 2 2 2 2 3 3 4 7 7 8 6 6 7 7 6 3 3 7 10 10 4 4 3 8 8 20 9 9 18 18 18 17 17 11 9 9 9 9 11 5 5 2
 4 4 3 2 2 2 3 3 2 2 5 8 8 8 8 8 10 10 9 8 8 8 17 17 11 11 9 5 5 13 9 9 22 22 18 17 17 31 13 13 9 9 9 3 3 2
 4 4 3 2 2 2 3 3 2 2 5 8 8 8 8 8 10 10 9 8 8 8 17 17 11 11 9 5 5 13 9 9 22 22 18 17 17 31 13 13 9 9 9 3 3 2
 3 3 4 2 2 2 3 3 3 3 5 6 6 11 8 8 6 6 8 16 16 16 22 22 20 20 13 11 11 12 6 6 12 12 17 16 16 18 16 16 11 11 11 6 6 2
 3 3 4 2 2 2 3 3 3 3 5 6 6 11 8 8 6 6 8 16 16 16 22 22 20 20 13 11 11 12 6 6 12 12 17 16 16 18 16 16 11 11 11 6 6 2
 5 5 6 2 2 5 3 3 3 3 4 6 6 6 8 8 7 7 12 20 20 24 28 28 42 42 20 23 23 15 13 13 12 12 20 21 21 19 14 14 8 8 8 6 6 3
 5 5 6 2 2 5 5 5 5 5 7 5 5 5 8 8 8 8 15 19 19 28 42 42 33 33 21 35 35 18 19 19 18 18 17 19 19 19 25 25 10 10 9 6 6 4
 5 5 6 2 2 5 5 5 5 5 7 5 5 5 8 8 8 8 15 19 19 28 42 42 33 33 21 35 35 18 19 19 18 18 17 19 19 19 25 25 10 10 9 6 6 4
 10 10 6 2 2 3 4 4 5 5 8 3 3 5 8 8 8 8 12 18 18 46 26 26 39 39 16 28 28 15 19 19 14 14 14 20 20 12 8 8 7 7 10 12 12 4
 10 10 5 3 3 4 4 4 4 4 4 4 4 3 7 7 4 4 6 11 11 32 39 39 35 35 22 13 13 31 13 13 20 20 16 23 23 10 6 6 5 5 6 3 3 7
 10 10 5 3 3 4 4 4 4 4 4 4 4 3 7 7 4 4 6 11 11 32 39 39 35 35 22 13 13 31 13 13 20 20 16 23 23 10 6 6 5 5 6 3 3 7
 4 4 6 5 5 4 5 5 4 4 4 2 2 2 2 2 3 3 4 6 6 24 22 22 24 24 24 20 20 18 12 12 15 15 14 15 15 11 6 6 4 4 3 1 1 2
 4 4 6 5 5 4 5 5 4 4 4 2 2 2 2 2 3 3 4 6 6 24 22 22 24 24 24 20 20 18 12 12 15 15 14 15 15 11 6 6 4 4 3 1 1 2
 4 4 7 6 6 7 5 5 5 5 3 3 3 4 2 2 2 2 5 4 4 10 12 12 16 16 19 26 26 32 15 15 6 6 9 11 11 7 5 5 4 4 1 0 0 3
 6 6 11 8 8 10 7 7 6 6 3 3 3 4 3 3 2 2 3 4 4 4 4 4 11 11 12 24 24 31 7 7 4 4 4 8 8 12 3 3 4 4 0 6 6 3
 6 6 11 8 8 10 7 7 6 6 3 3 3 4 3 3 2 2 3 4 4 4 4 4 11 11 12 24 24 31 7 7 4 4 4 8 8 12 3 3 4 4 0 6 6 3
 3 3 8 8 8 7 5 5 5 5 4 4 4 5 4 4 3 3 3 5 5 7 13 13 2 2 4 6 6 13 41 41 2 2 6 6 6 13 1 1 3 3 1 1 1 1
 2 2 2 5 5 9 5 5 6 6 6 5 5 4 2 2 3 3 4 6 6 10 10 10 2 2 1 4 4 9 11 11 4 4 3 7 7 3 2 2 3 3 1 0 0 0
 2 2 2 5 5 9 5 5 6 6 6 5 5 4 2 2 3 3 4 6 6 10 10 10 2 2 1 4 4 9 11 11 4 4 3 7 7 3 2 2 3 3 1 0 0 0
 2 2 1 2 2 3 4 4 6 6 3 4 4 3 2 2 3 3 10 10 10 17 13 13 1 1 1 3 3 5 2 2 1 1 4 5 5 6 8 8 4 4 4 4 4 0
 2 2 1 2 2 3 4 4 6 6 3 4 4 3 2 2 3 3 10 10 10 17 13 13 1 1 1 3 3 5 2 2 1 1 4 5 5 6 8 8 4 4 4 4 4 0
 2 2 2 3 3 2 6 6 2 2 2 2 2 2 3 3 6 6 7 14 14 22 21 21 5 5 2 2 2 5 4 4 5 5 1 3 3 2 7 7 9 9 8 6 6 4
 2 2 2 10 10 4 6 6 1 1 2 3 3 4 2 2 4 4 6 7 7 14 16 16 4 4 1 2 2 3 3 3 1 1 1 1 1 1 4 4 12 12 10 6 6 4
 2 2 2 10 10 4 6 6 1 1 2 3 3 4 2 2 4 4 6 7 7 14 16 16 4 4 1 2 2 3 3 3 1 1 1 1 1 1 4 4 12 12 10 6 6 4
 2 2 4 4 4 5 12 12 1 1 3 3 3 5 3 3 2 2 7 4 4 7 7 7 2 2 1 2 2 2 2 2 1 1 2 1 1 1 10 10 8 8 9 14 14 5
 2 2 2 4 4 3 4 4 2 2 2 2 2 5 6 6 4 4 3 4 4 4 5 5 2 2 2 2 2 1 1 1 1 1 1 1 1 1 1 1 8 8 14 14 14 3
 2 2 2 4 4 3 4 4 2 2 2 2 2 5 6 6 4 4 3 4 4 4 5 5 2 2 2 2 2 1 1 1 1 1 1 1 1 1 1 1 8 8 14 14 14 3
 10 10 10 2 2 3 5 5 5 5 4 3 3 3 3 3 3 3 4 4 4 5 3 3 2 2 2 2 2 0 0 0 0 0 1 1 1 1 0 0 3 3 8 5 5 2
 10 10 10 2 2 3 5 5 5 5 4 3 3 3 3 3 3 3 4 4 4 5 3 3 2 2 2 2 2 0 0 0 0 0 1 1 1 1 0 0 3 3 8 5 5 2
 2 2 2 2 2 3 5 5 6 6 7 6 6 8 7 7 2 2 2 3 3 2 1 1 1 1 1 1 1 0 1 1 1 1 3 1 1 1 1 1 1 1 2 12 12 2
 3 3 3 3 3 3 4 4 5 5 7 7 7 16 15 15 6 6 2 2 2 1 0 0 0 0 0 0 0 0 1 1 1 1 1 1 1 1 1 1 1 1 1 1 1 1
 3 3 3 3 3 3 4 4 5 5 7 7 7 16 15 15 6 6 2 2 2 1 0 0 0 0 0 0 0 0 1 1 1 1 1 1 1 1 1 1 1 1 1 1 1 1
 2 2 3 3 3 3 3 3 4 4 6 10 10 15 11 11 6 6 3 2 2 2 0 0 0 0 0 0 0 0 0 0 0 0 1 2 2 1 2 2 1 1 1 1 1 1
 2 2 3 3 3 3 3 3 4 4 4 7 7 8 8 8 7 7 2 2 2 1 1 1 1 1 0 0 0 0 0 0 0 0 0 1 1 1 1 1 1 1 1 0 0 0
