assets/RAT_results/precipitation/2018-06-29_IMERG.asc
ncols        46
nrows        77
xllcorner    74.800261325624
yllcorner    8.058333333333
cellsize     0.062500000000
NODATA_value -9999
 46 46 48 51 51 32 39 39 22 22 16 14 14 7 2 2 4 4 1 1 1 0 0 0 0 0 0 0 0 1 1 1 1 1 1 0 0 1 4 4 2 2 3 4 4 0
 47 47 45 51 51 40 28 28 26 26 11 4 4 4 3 3 3 3 1 1 1 0 0 0 0 0 0 0 0 0 0 0 0 0 1 0 0 0 1 1 5 5 3 1 1 1
 47 47 45 51 51 40 28 28 26 26 11 4 4 4 3 3 3 3 1 1 1 0 0 0 0 0 0 0 0 0 0 0 0 0 1 0 0 0 1 1 5 5 3 1 1 1
 62 62 58 56 56 37 32 32 30 30 9 5 5 2 3 3 2 2 1 0 0 0 0 0 0 0 0 0 0 0 0 0 0 0 0 0 0 0 4 4 0 0 1 1 1 1
 79 79 51 50 50 39 44 44 28 28 10 5 5 4 1 1 2 2 1 0 0 1 0 0 0 0 0 0 0 0 1 1 1 1 0 0 0 0 1 1 1 1 0 0 0 0
 79 79 51 50 50 39 44 44 28 28 10 5 5 4 1 1 2 2 1 0 0 1 0 0 0 0 0 0 0 0 1 1 1 1 0 0 0 0 1 1 1 1 0 0 0 0
 81 81 56 57 57 58 30 30 17 17 14 6 6 5 2 2 1 1 0 0 0 1 0 0 0 0 0 1 1 2 1 1 0 0 0 0 0 0 0 0 3 3 0 0 0 0
 81 81 56 57 57 58 30 30 17 17 14 6 6 5 2 2 1 1 0 0 0 1 0 0 0 0 0 1 1 2 1 1 0 0 0 0 0 0 0 0 3 3 0 0 0 0
 69 69 54 52 52 38 30 30 22 22 13 7 7 3 2 2 1 1 1 1 1 0 0 0 1 1 1 1 1 0 0 0 0 0 0 0 0 0 0 0 0 0 0 0 0 0
 74 74 69 48 48 55 30 30 14 14 10 6 6 2 1 1 1 1 1 3 3 1 1 1 1 1 1 0 0 0 0 0 0 0 0 0 0 0 0 0 0 0 0 0 0 2
 74 74 69 48 48 55 30 30 14 14 10 6 6 2 1 1 1 1 1 3 3 1 1 1 1 1 1 0 0 0 0 0 0 0 0 0 0 0 0 0 0 0 0 0 0 2
 62 62 47 37 37 35 20 20 12 12 8 3 3 2 2 2 1 1 1 1 1 1 0 0 0 0 0 0 0 0 0 0 0 0 0 0 0 0 1 1 0 0 0 0 0 1
 56 56 42 39 39 33 31 31 17 17 13 7 7 10 7 7 1 1 1 1 1 1 0 0 0 0 0 1 1 1 1 1 0 0 1 1 1 2 1 1 0 0 0 2 2 1
 56 56 42 39 39 33 31 31 17 17 13 7 7 10 7 7 1 1 1 1 1 1 0 0 0 0 0 1 1 1 1 1 0 0 1 1 1 2 1 1 0 0 0 2 2 1
 57 57 35 43 43 25 17 17 16 16 13 8 8 7 8 8 1 1 1 0 0 1 1 1 0 0 0 1 1 1 1 1 0 0 0 0 0 1 4 4 0 0 2 1 1 2
 57 57 35 43 43 25 17 17 16 16 13 8 8 7 8 8 1 1 1 0 0 1 1 1 0 0 0 1 1 1 1 1 0 0 0 0 0 1 4 4 0 0 2 1 1 2
 60 60 49 49 49 26 17 17 20 20 14 9 9 3 4 4 1 1 2 0 0 1 0 0 1 1 1 0 0 1 1 1 0 0 0 0 0 1 2 2 1 1 2 2 2 2
 65 65 52 44 44 37 14 14 12 12 10 9 9 6 3 3 2 2 3 1 1 0 1 1 1 1 1 0 0 1 0 0 0 0 1 3 3 2 2 2 1 1 1 1 1 2
 65 65 52 44 44 37 14 14 12 12 10 9 9 6 3 3 2 2 3 1 1 0 1 1 1 1 1 0 0 1 0 0 0 0 1 3 3 2 2 2 1 1 1 1 1 2
 48 48 43 35 35 29 26 26 15 15 9 7 7 4 5 5 5 5 4 2 2 1 1 1 1 1 0 2 2 0 0 0 0 0 4 0 0 1 10 10 1 1 2 1 1 0
 45 45 43 46 46 25 12 12 8 8 7 9 9 10 4 4 2 2 6 4 4 4 3 3 2 2 5 1 1 1 0 0 1 1 4 22 22 2 0 0 0 0 1 0 0 0
 45 45 43 46 46 25 12 12 8 8 7 9 9 10 4 4 2 2 6 4 4 4 3 3 2 2 5 1 1 1 0 0 1 1 4 22 22 2 0 0 0 0 1 0 0 0
 29 29 43 36 36 23 18 18 12 12 10 4 4 4 5 5 4 4 2 6 6 2 2 2 2 2 2 3 3 7 1 1 1 1 4 3 3 4 1 1 0 0 2 0 0 1
 29 29 43 36 36 23 18 18 12 12 10 4 4 4 5 5 4 4 2 6 6 2 2 2 2 2 2 3 3 7 1 1 1 1 4 3 3 4 1 1 0 0 2 0 0 1
 21 21 19 18 18 15 15 15 13 13 7 5 5 4 4 4 5 5 2 5 5 0 0 0 1 1 2 3 3 7 3 3 1 1 3 3 3 1 1 1 1 1 1 1 1 0
 20 20 13 17 17 9 9 9 7 7 6 7 7 2 3 3 2 2 2 1 1 0 1 1 1 1 1 1 1 1 1 1 2 2 2 2 2 1 1 1 1 1 1 1 1 1
 20 20 13 17 17 9 9 9 7 7 6 7 7 2 3 3 2 2 2 1 1 0 1 1 1 1 1 1 1 1 1 1 2 2 2 2 2 1 1 1 1 1 1 1 1 1
 39 39 27 29 29 10 12 12 7 7 8 7 7 4 3 3 5 5 3 3 3 1 1 1 0 0 1 1 1 1 1 1 1 1 1 1 1 2 2 2 1 1 1 2 2 1
 38 38 40 30 30 17 11 11 15 15 9 6 6 3 2 2 4 4 7 3 3 1 2 2 2 2 1 2 2 1 1 1 1 1 1 1 1 1 1 1 1 1 2 1 1 1
 38 38 40 30 30 17 11 11 15 15 9 6 6 3 2 2 4 4 7 3 3 1 2 2 2 2 1 2 2 1 1 1 1 1 1 1 1 1 1 1 1 1 2 1 1 1
 62 62 59 41 41 26 21 21 21 21 13 4 4 7 2 2 4 4 3 3 3 2 4 4 6 6 2 2 2 0 0 0 1 1 1 0 0 1 1 1 1 1 2 1 1 1
 62 62 59 41 41 26 21 21 21 21 13 4 4 7 2 2 4 4 3 3 3 2 4 4 6 6 2 2 2 0 0 0 1 1 1 0 0 1 1 1 1 1 2 1 1 1
 55 55 73 66 66 45 37 37 17 17 16 8 8 9 5 5 5 5 6 6 6 8 4 4 2 2 3 1 1 0 0 0 0 0 0 0 0 1 1 1 1 1 1 1 1 1
 55 55 71 53 53 47 56 56 49 49 21 14 14 5 6 6 4 4 11 6 6 13 3 3 5 5 2 2 2 0 0 0 0 0 0 1 1 3 1 1 1 1 1 1 1 0
 55 55 71 53 53 47 56 56 49 49 21 14 14 5 6 6 4 4 11 6 6 13 3 3 5 5 2 2 2 0 0 0 0 0 0 1 1 3 1 1 1 1 1 1 1 0
 35 35 32 33 33 43 56 56 35 35 36 16 16 10 7 7 7 7 13 11 11 9 12 12 26 26 4 6 6 0 0 0 0 0 1 1 1 1 1 1 1 1 1 1 1 1
 20 20 21 36 36 28 44 44 27 27 28 25 25 10 8 8 8 8 7 11 11 15 11 11 8 8 4 7 7 1 0 0 1 1 1 2 2 2 2 2 2 2 2 3 3 2
 20 20 21 36 36 28 44 44 27 27 28 25 25 10 8 8 8 8 7 11 11 15 11 11 8 8 4 7 7 1 0 0 1 1 1 2 2 2 2 2 2 2 2 3 3 2
 22 22 31 29 29 28 36 36 21 21 20 13 13 12 11 11 11 11 16 25 25 8 5 5 7 7 2 1 1 3 1 1 3 3 4 4 4 6 4 4 3 3 3 4 4 3
 22 22 31 29 29 28 36 36 21 21 20 13 13 12 11 11 11 11 16 25 25 8 5 5 7 7 2 1 1 3 1 1 3 3 4 4 4 6 4 4 3 3 3 4 4 3
 26 26 39 20 20 16 18 18 15 15 19 17 17 12 7 7 6 6 7 22 22 3 2 2 12 12 3 1 1 4 3 3 4 4 5 6 6 6 3 3 3 3 3 5 5 3
 25 25 41 14 14 21 11 11 13 13 25 20 20 18 8 8 9 9 6 11 11 5 4 4 2 2 5 1 1 2 6 6 10 10 7 5 5 6 3 3 2 2 4 7 7 3
 25 25 41 14 14 21 11 11 13 13 25 20 20 18 8 8 9 9 6 11 11 5 4 4 2 2 5 1 1 2 6 6 10 10 7 5 5 6 3 3 2 2 4 7 7 3
 14 14 14 13 13 14 13 13 20 20 20 14 14 9 12 12 11 11 7 6 6 9 7 7 3 3 4 7 7 3 11 11 7 7 8 5 5 5 3 3 2 2 3 1 1 1
 8 8 7 8 8 7 14 14 14 14 13 9 9 10 5 5 8 8 13 13 13 9 13 13 9 9 6 7 7 6 6 6 8 8 8 6 6 3 1 1 1 1 1 1 1 0
 8 8 7 8 8 7 14 14 14 14 13 9 9 10 5 5 8 8 13 13 13 9 13 13 9 9 6 7 7 6 6 6 8 8 8 6 6 3 1 1 1 1 1 1 1 0
 12 12 13 9 9 18 9 9 15 15 20 17 17 11 8 8 12 12 11 10 10 7 5 5 5 5 3 20 20 3 3 3 5 5 4 3 3 3 1 1 0 0 0 2 2 1
 12 12 13 9 9 18 9 9 15 15 20 17 17 11 8 8 12 12 11 10 10 7 5 5 5 5 3 20 20 3 3 3 5 5 4 3 3 3 1 1 0 0 0 2 2 1
 16 16 12 11 11 28 24 24 22 22 27 15 15 12 5 5 6 6 7 4 4 6 6 6 4 4 4 2 2 3 2 2 2 2 3 6 6 1 1 1 1 1 1 1 1 1
 17 17 22 20 20 22 24 24 31 31 27 28 28 53 32 32 6 6 7 9 9 5 7 7 6 6 4 8 8 2 3 3 3 3 4 5 5 2 3 3 3 3 3 15 15 3
 17 17 22 20 20 22 24 24 31 31 27 28 28 53 32 32 6 6 7 9 9 5 7 7 6 6 4 8 8 2 3 3 3 3 4 5 5 2 3 3 3 3 3 15 15 3
 14 14 16 19 19 22 27 27 33 33 24 42 42 41 21 21 6 6 14 16 16 14 8 8 7 7 6 6 6 2 2 2 4 4 2 2 2 2 1 1 3 3 3 13 13 3
 8 8 8 10 10 18 23 23 18 18 20 43 43 54 40 40 45 45 18 34 34 30 15 15 10 10 8 4 4 1 1 1 1 1 1 1 1 1 1 1 1 1 1 13 13 2
 8 8 8 10 10 18 23 23 18 18 20 43 43 54 40 40 45 45 18 34 34 30 15 15 10 10 8 4 4 1 1 1 1 1 1 1 1 1 1 1 1 1 1 13 13 2
 4 4 5 5 5 15 13 13 15 15 27 34 34 41 40 40 60 60 20 17 17 23 26 26 29 29 12 5 5 3 3 3 1 1 1 1 1 1 1 1 1 1 1 2 2 0
 4 4 5 5 5 15 13 13 15 15 27 34 34 41 40 40 60 60 20 17 17 23 26 26 29 29 12 5 5 3 3 3 1 1 1 1 1 1 1 1 1 1 1 2 2 0
 2 2 2 4 4 4 5 5 10 10 12 22 22 41 34 34 24 24 16 20 20 16 21 21 15 15 15 5 5 4 2 2 2 2 1 1 1 1 2 2 1 1 1 0 0 0
 3 3 3 4 4 4 5 5 9 9 15 15 15 14 16 16 34 34 28 15 15 17 11 11 15 15 20 6 6 4 2 2 3 3 2 1 1 0 2 2 1 1 0 0 0 0
 3 3 3 4 4 4 5 5 9 9 15 15 15 14 16 16 34 34 28 15 15 17 11 11 15 15 20 6 6 4 2 2 3 3 2 1 1 0 2 2 1 1 0 0 0 0
 5 5 5 4 4 4 7 7 5 5 19 14 14 13 22 22 19 19 10 7 7 12 17 17 21 21 23 10 10 2 2 2 4 4 2 1 1 0 0 0 1 1 1 0 0 0
 8 8 10 13 13 14 10 10 11 11 9 12 12 11 9 9 9 9 11 11 11 23 9 9 9 9 12 21 21 6 4 4 3 3 3 0 0 0 0 0 1 1 1 0 0 0
 8 8 10 13 13 14 10 10 11 11 9 12 12 11 9 9 9 9 11 11 11 23 9 9 9 9 12 21 21 6 4 4 3 3 3 0 0 0 0 0 1 1 1 0 0 0
 28 28 13 11 11 10 8 8 7 7 5 11 11 10 9 9 7 7 8 6 6 8 6 6 13 13 9 7 7 4 5 5 8 8 6 3 3 1 0 0 1 1 0 0 0 0
 28 28 13 11 11 10 8 8 7 7 5 11 11 10 9 9 7 7 8 6 6 8 6 6 13 13 9 7 7 4 5 5 8 8 6 3 3 1 0 0 1 1 0 0 0 0
 33 33 15 9 9 6 6 6 3 3 3 6 6 5 5 5 4 4 4 5 5 6 4 4 4 4 4 1 1 2 2 2 12 12 4 2 2 0 1 1 1 1 1 1 1 0
 13 13 13 8 8 5 6 6 3 3 3 3 3 4 4 4 4 4 4 6 6 6 6 6 9 9 9 4 4 4 2 2 0 0 0 0 0 1 1 1 1 1 0 1 1 1
 13 13 13 8 8 5 6 6 3 3 3 3 3 4 4 4 4 4 4 6 6 6 6 6 9 9 9 4 4 4 2 2 0 0 0 0 0 1 1 1 1 1 0 1 1 1
 10 10 10 7 7 5 4 4 3 3 4 3 3 3 4 4 2 2 3 11 11 8 11 11 9 9 9 3 3 16 2 2 0 0 0 0 0 0 0 0 0 0 1 1 1 1
 6 6 7 4 4 3 2 2 2 2 2 2 2 2 2 2 2 2 2 4 4 7 7 7 8 8 5 1 1 1 1 1 1 1 0 0 0 0 0 0 0 0 1 1 1 1
 6 6 7 4 4 3 2 2 2 2 2 2 2 2 2 2 2 2 2 4 4 7 7 7 8 8 5 1 1 1 1 1 1 1 0 0 0 0 0 0 0 0 1 1 1 1
 10 10 10 7 7 5 3 3 1 1 1 2 2 6 6 6 2 2 2 2 2 4 2 2 2 2 2 1 1 3 1 1 1 1 3 1 1 0 1 1 0 0 0 1 1 0
 10 10 10 7 7 5 3 3 1 1 1 2 2 6 6 6 2 2 2 2 2 4 2 2 2 2 2 1 1 3 1 1 1 1 3 1 1 0 1 1 0 0 0 1 1 0
 13 13 11 8 8 4 2 2 2 2 1 1 1 1 1 1 1 1 2 4 4 3 3 3 2 2 1 1 1 1 1 1 4 4 1 1 1 0 0 0 0 0 0 0 0 0
 11 11 7 3 3 2 1 1 2 2 1 5 5 1 1 1 2 2 2 3 3 3 3 3 3 3 1 1 1 1 5 5 4 4 3 3 3 1 1 1 0 0 0 0 0 0
 11 11 7 3 3 2 1 1 2 2 1 5 5 1 1 1 2 2 2 3 3 3 3 3 3 3 1 1 1 1 5 5 4 4 3 3 3 1 1 1 0 0 0 0 0 0
 7 7 5 4 4 3 4 4 3 3 1 1 1 1 1 1 1 1 1 3 3 2 3 3 2 2 1 0 0 1 1 1 1 1 1 2 2 1 1 1 0 0 1 0 0 1
 7 7 6 5 5 4 4 4 3 3 2 1 1 1 1 1 1 1 1 1 1 1 4 4 4 4 4 2 2 1 1 1 1 1 1 1 1 1 1 1 0 0 1 0 0 1
