assets/RAT_results/precipitation/2018-06-13_IMERG.asc
ncols        46
nrows        77
xllcorner    74.800261325624
yllcorner    8.058333333333
cellsize     0.062500000000
NODATA_value -9999
 17 17 17 39 39 51 69 69 40 40 34 43 43 41 35 35 34 34 15 6 6 3 1 1 0 0 0 0 0 0 0 0 0 0 0 0 0 0 0 0 0 0 0 0 0 0
 10 10 12 22 22 34 90 90 40 40 32 45 45 41 40 40 22 22 14 5 5 4 1 1 0 0 0 0 0 0 0 0 0 0 0 0 0 0 0 0 1 1 0 0 0 0
 10 10 12 22 22 34 90 90 40 40 32 45 45 41 40 40 22 22 14 5 5 4 1 1 0 0 0 0 0 0 0 0 0 0 0 0 0 0 0 0 1 1 0 0 0 0
 5 5 12 16 16 23 41 41 55 55 58 38 38 34 35 35 21 21 12 6 6 3 0 0 0 0 0 0 0 0 0 0 0 0 0 0 0 0 0 0 0 0 0 0 0 0
 5 5 8 6 6 15 18 18 37 37 52 51 51 44 38 38 28 28 14 5 5 3 1 1 0 0 0 0 0 0 0 0 0 0 0 0 0 0 0 0 0 0 0 0 0 0
 5 5 8 6 6 15 18 18 37 37 52 51 51 44 38 38 28 28 14 5 5 3 1 1 0 0 0 0 0 0 0 0 0 0 0 0 0 0 0 0 0 0 0 0 0 0
 2 2 2 4 4 7 16 16 34 34 42 59 59 46 44 44 43 43 46 6 6 3 1 1 1 1 1 0 0 0 0 0 0 0 0 0 0 0 0 0 0 0 0 0 0 0
 2 2 2 4 4 7 16 16 34 34 42 59 59 46 44 44 43 43 46 6 6 3 1 1 1 1 1 0 0 0 0 0 0 0 0 0 0 0 0 0 0 0 0 0 0 0
 1 1 2 5 5 10 13 13 17 17 43 63 63 64 56 56 51 51 31 15 15 8 4 4 3 3 1 1 1 0 0 0 0 0 0 0 0 0 0 0 0 0 0 0 0 0
 1 1 2 5 5 4 15 15 17 17 40 52 52 63 65 65 46 46 34 23 23 15 7 7 3 3 3 1 1 1 1 1 0 0 0 0 0 0 0 0 0 0 0 0 0 0
 1 1 2 5 5 4 15 15 17 17 40 52 52 63 65 65 46 46 34 23 23 15 7 7 3 3 3 1 1 1 1 1 0 0 0 0 0 0 0 0 0 0 0 0 0 0
 0 0 1 2 2 4 9 9 13 13 34 44 44 48 49 49 53 53 46 31 31 19 14 14 8 8 3 3 3 2 1 1 0 0 0 0 0 0 0 0 0 0 0 0 0 0
 0 0 0 1 1 7 5 5 10 10 19 25 25 24 28 28 38 38 33 30 30 28 19 19 10 10 6 3 3 3 2 2 0 0 0 0 0 0 0 0 0 0 0 0 0 0
 0 0 0 1 1 7 5 5 10 10 19 25 25 24 28 28 38 38 33 30 30 28 19 19 10 10 6 3 3 3 2 2 0 0 0 0 0 0 0 0 0 0 0 0 0 0
 0 0 1 2 2 2 6 6 13 13 15 24 24 23 32 32 33 33 41 36 36 30 22 22 17 17 8 5 5 5 3 3 0 0 0 0 0 0 0 0 0 0 0 0 0 0
 0 0 1 2 2 2 6 6 13 13 15 24 24 23 32 32 33 33 41 36 36 30 22 22 17 17 8 5 5 5 3 3 0 0 0 0 0 0 0 0 0 0 0 0 0 0
 1 1 1 3 3 3 4 4 11 11 15 27 27 41 70 70 62 62 47 70 70 44 28 28 19 19 15 10 10 12 5 5 4 4 1 1 1 0 0 0 0 0 0 0 0 0
 3 3 2 1 1 1 6 6 5 5 9 27 27 44 55 55 84 84 52 70 70 57 50 50 31 31 22 19 19 15 11 11 8 8 4 0 0 0 0 0 0 0 0 0 0 0
 3 3 2 1 1 1 6 6 5 5 9 27 27 44 55 55 84 84 52 70 70 57 50 50 31 31 22 19 19 15 11 11 8 8 4 0 0 0 0 0 0 0 0 0 0 0
 5 5 1 1 1 4 4 4 13 13 13 37 37 34 47 47 58 58 91 88 88 85 50 50 51 51 34 28 28 23 15 15 13 13 4 1 1 0 0 0 0 0 0 0 0 0
 11 11 2 3 3 6 14 14 17 17 12 39 39 40 41 41 40 40 67 75 75 69 88 88 63 63 45 38 38 26 17 17 14 14 5 3 3 0 0 0 0 0 0 0 0 0
 11 11 2 3 3 6 14 14 17 17 12 39 39 40 41 41 40 40 67 75 75 69 88 88 63 63 45 38 38 26 17 17 14 14 5 3 3 0 0 0 0 0 0 0 0 0
 5 5 12 9 9 18 12 12 20 20 30 67 67 55 85 85 62 62 79 84 84 91 76 76 69 69 48 36 36 35 17 17 10 10 6 3 3 0 0 0 0 0 0 0 0 0
 5 5 12 9 9 18 12 12 20 20 30 67 67 55 85 85 62 62 79 84 84 91 76 76 69 69 48 36 36 35 17 17 10 10 6 3 3 0 0 0 0 0 0 0 0 0
 6 6 9 18 18 8 12 12 18 18 20 29 29 50 37 37 85 85 106 93 93 90 73 73 61 61 50 48 48 28 24 24 13 13 5 2 2 0 0 0 0 0 1 1 1 0
 7 7 13 11 11 12 15 15 19 19 21 23 23 26 38 38 65 65 60 81 81 77 80 80 59 59 62 41 41 24 21 21 11 11 4 5 5 2 1 1 1 1 1 1 1 0
 7 7 13 11 11 12 15 15 19 19 21 23 23 26 38 38 65 65 60 81 81 77 80 80 59 59 62 41 41 24 21 21 11 11 4 5 5 2 1 1 1 1 1 1 1 0
 10 10 16 14 14 17 17 17 21 21 31 23 23 33 61 61 53 53 145 147 147 78 100 100 69 69 63 35 35 20 20 20 11 11 9 5 5 3 1 1 1 1 1 1 1 0
 47 47 15 14 14 17 19 19 31 31 32 18 18 25 30 30 37 37 71 79 79 89 93 93 77 77 58 47 47 19 17 17 16 16 4 5 5 5 2 2 1 1 1 1 1 0
 47 47 15 14 14 17 19 19 31 31 32 18 18 25 30 30 37 37 71 79 79 89 93 93 77 77 58 47 47 19 17 17 16 16 4 5 5 5 2 2 1 1 1 1 1 0
 15 15 12 26 26 24 13 13 19 19 18 10 10 13 28 28 51 51 51 59 59 79 70 70 59 59 59 49 49 28 23 23 15 15 12 4 4 3 2 2 1 1 1 1 1 1
 15 15 12 26 26 24 13 13 19 19 18 10 10 13 28 28 51 51 51 59 59 79 70 70 59 59 59 49 49 28 23 23 15 15 12 4 4 3 2 2 1 1 1 1 1 1
 23 23 27 26 26 27 18 18 12 12 8 11 11 14 23 23 56 56 30 46 46 41 53 53 54 54 64 54 54 45 26 26 19 19 13 4 4 4 2 2 2 2 2 1 1 1
 12 12 21 15 15 12 11 11 9 9 10 7 7 8 36 36 23 23 35 32 32 62 38 38 41 41 46 51 51 39 31 31 22 22 13 7 7 7 4 4 3 3 3 3 3 1
 12 12 21 15 15 12 11 11 9 9 10 7 7 8 36 36 23 23 35 32 32 62 38 38 41 41 46 51 51 39 31 31 22 22 13 7 7 7 4 4 3 3 3 3 3 1
 15 15 14 15 15 15 10 10 8 8 13 11 11 8 18 18 11 11 32 31 31 28 34 34 42 42 50 52 52 43 30 30 23 23 20 15 15 14 10 10 9 9 6 3 3 1
 15 15 12 16 16 17 13 13 19 19 7 11 11 11 15 15 46 46 26 28 28 52 67 67 87 87 51 63 63 49 44 44 29 29 28 23 23 18 14 14 10 10 7 4 4 1
 15 15 12 16 16 17 13 13 19 19 7 11 11 11 15 15 46 46 26 28 28 52 67 67 87 87 51 63 63 49 44 44 29 29 28 23 23 18 14 14 10 10 7 4 4 1
 17 17 12 13 13 13 9 9 7 7 7 7 7 10 14 14 14 14 16 21 21 30 62 62 73 73 96 84 84 58 40 40 37 37 29 20 20 23 15 15 8 8 6 5 5 1
 17 17 12 13 13 13 9 9 7 7 7 7 7 10 14 14 14 14 16 21 21 30 62 62 73 73 96 84 84 58 40 40 37 37 29 20 20 23 15 15 8 8 6 5 5 1
 14 14 11 13 13 19 9 9 7 7 7 7 7 11 15 15 16 16 26 18 18 23 32 32 50 50 68 58 58 42 46 46 47 47 44 31 31 23 13 13 12 12 5 2 2 1
 14 14 12 13 13 12 13 13 8 8 14 10 10 12 17 17 21 21 28 29 29 32 50 50 38 38 44 45 45 52 90 90 49 49 55 34 34 20 12 12 12 12 5 3 3 2
 14 14 12 13 13 12 13 13 8 8 14 10 10 12 17 17 21 21 28 29 29 32 50 50 38 38 44 45 45 52 90 90 49 49 55 34 34 20 12 12 12 12 5 3 3 2
 17 17 14 17 17 17 16 16 12 12 11 14 14 12 13 13 44 44 33 38 38 26 25 25 36 36 30 36 36 49 40 40 39 39 26 37 37 20 10 10 8 8 4 3 3 0
 16 16 15 14 14 19 21 21 17 17 12 11 11 12 17 17 30 30 36 43 43 32 25 25 33 33 34 30 30 22 44 44 26 26 27 21 21 11 10 10 8 8 4 4 4 2
 16 16 15 14 14 19 21 21 17 17 12 11 11 12 17 17 30 30 36 43 43 32 25 25 33 33 34 30 30 22 44 44 26 26 27 21 21 11 10 10 8 8 4 4 4 2
 16 16 18 18 18 16 11 11 13 13 11 15 15 19 16 16 20 20 39 21 21 20 22 22 27 27 36 38 38 42 36 36 31 31 26 29 29 12 5 5 3 3 3 2 2 1
 16 16 18 18 18 16 11 11 13 13 11 15 15 19 16 16 20 20 39 21 21 20 22 22 27 27 36 38 38 42 36 36 31 31 26 29 29 12 5 5 3 3 3 2 2 1
 13 13 20 13 13 19 9 9 14 14 11 19 19 14 21 21 29 29 35 19 19 18 27 27 29 29 36 41 41 40 38 38 34 34 18 14 14 13 3 3 3 3 3 2 2 1
 13 13 13 14 14 20 7 7 13 13 8 12 12 15 17 17 10 10 24 12 12 14 12 12 22 22 29 38 38 42 46 46 41 41 19 13 13 11 3 3 3 3 3 3 3 1
 13 13 13 14 14 20 7 7 13 13 8 12 12 15 17 17 10 10 24 12 12 14 12 12 22 22 29 38 38 42 46 46 41 41 19 13 13 11 3 3 3 3 3 3 3 1
 15 15 13 9 9 11 8 8 8 8 7 8 8 22 10 10 30 30 15 10 10 8 11 11 19 19 21 16 16 20 20 20 42 42 19 11 11 5 3 3 2 2 2 3 3 1
 10 10 10 10 10 2 5 5 6 6 15 6 6 4 10 10 11 11 7 11 11 9 7 7 10 10 16 13 13 22 12 12 12 12 12 20 20 8 1 1 2 2 3 3 3 1
 10 10 10 10 10 2 5 5 6 6 15 6 6 4 10 10 11 11 7 11 11 9 7 7 10 10 16 13 13 22 12 12 12 12 12 20 20 8 1 1 2 2 3 3 3 1
 4 4 6 3 3 4 4 4 4 4 4 13 13 3 7 7 9 9 5 11 11 12 8 8 15 15 12 11 11 11 13 13 14 14 15 15 15 6 2 2 1 1 4 2 2 1
 4 4 6 3 3 4 4 4 4 4 4 13 13 3 7 7 9 9 5 11 11 12 8 8 15 15 12 11 11 11 13 13 14 14 15 15 15 6 2 2 1 1 4 2 2 1
 5 5 4 4 4 3 6 6 3 3 2 5 5 3 5 5 6 6 5 7 7 4 12 12 11 11 11 11 11 10 13 13 8 8 5 2 2 4 3 3 2 2 3 1 1 1
 5 5 6 7 7 5 6 6 4 4 2 4 4 4 6 6 6 6 5 8 8 15 4 4 5 5 11 16 16 17 15 15 8 8 7 9 9 5 3 3 6 6 3 1 1 1
 5 5 6 7 7 5 6 6 4 4 2 4 4 4 6 6 6 6 5 8 8 15 4 4 5 5 11 16 16 17 15 15 8 8 7 9 9 5 3 3 6 6 3 1 1 1
 12 12 23 8 8 7 14 14 11 11 7 6 6 11 11 11 10 10 7 9 9 5 6 6 7 7 10 15 15 10 8 8 4 4 6 5 5 5 5 5 4 4 5 4 4 1
 14 14 11 13 13 12 9 9 11 11 18 7 7 8 9 9 11 11 8 10 10 9 4 4 6 6 6 15 15 13 7 7 5 5 7 3 3 2 4 4 5 5 10 6 6 2
 14 14 11 13 13 12 9 9 11 11 18 7 7 8 9 9 11 11 8 10 10 9 4 4 6 6 6 15 15 13 7 7 5 5 7 3 3 2 4 4 5 5 10 6 6 2
 11 11 13 16 16 14 16 16 12 12 20 10 10 10 10 10 20 20 9 6 6 4 3 3 4 4 8 11 11 9 16 16 8 8 8 5 5 4 5 5 6 6 6 8 8 2
 11 11 13 16 16 14 16 16 12 12 20 10 10 10 10 10 20 20 9 6 6 4 3 3 4 4 8 11 11 9 16 16 8 8 8 5 5 4 5 5 6 6 6 8 8 2
 8 8 12 20 20 14 18 18 13 13 12 24 24 11 8 8 11 11 9 9 9 4 3 3 3 3 8 6 6 8 11 11 11 11 5 7 7 7 6 6 8 8 8 7 7 2
 7 7 10 17 17 13 13 13 8 8 6 6 6 7 7 7 7 7 8 7 7 3 3 3 4 4 11 12 12 17 18 18 21 21 10 9 9 4 5 5 6 6 7 5 5 4
 7 7 10 17 17 13 13 13 8 8 6 6 6 7 7 7 7 7 8 7 7 3 3 3 4 4 11 12 12 17 18 18 21 21 10 9 9 4 5 5 6 6 7 5 5 4
 5 5 8 9 9 11 9 9 6 6 5 6 6 8 8 8 9 9 9 7 7 5 5 5 2 2 2 4 4 4 10 10 11 11 10 9 9 6 4 4 2 2 4 1 1 2
 5 5 6 7 7 8 7 7 8 8 8 8 8 10 8 8 8 8 8 7 7 6 6 6 5 5 5 7 7 9 11 11 11 11 16 9 9 5 3 3 2 2 2 0 0 3
 5 5 6 7 7 8 7 7 8 8 8 8 8 10 8 8 8 8 8 7 7 6 6 6 5 5 5 7 7 9 11 11 11 11 16 9 9 5 3 3 2 2 2 0 0 3
 6 6 7 6 6 6 6 6 8 8 8 10 10 12 10 10 9 9 11 10 10 10 9 9 7 7 6 7 7 7 6 6 7 7 11 7 7 4 2 2 2 2 3 2 2 4
 6 6 7 6 6 6 6 6 8 8 8 10 10 12 10 10 9 9 11 10 10 10 9 9 7 7 6 7 7 7 6 6 7 7 11 7 7 4 2 2 2 2 3 2 2 4
 4 4 4 5 5 6 6 6 9 9 9 11 11 15 12 12 6 6 7 8 8 9 9 9 7 7 6 5 5 4 3 3 5 5 7 6 6 6 3 3 3 3 3 2 2 2
 4 4 4 4 4 5 7 7 10 10 10 13 13 13 9 9 4 4 6 5 5 5 3 3 2 2 2 2 2 1 1 1 2 2 4 5 5 5 4 4 3 3 3 1 1 0
 4 4 4 4 4 5 7 7 10 10 10 13 13 13 9 9 4 4 6 5 5 5 3 3 2 2 2 2 2 1 1 1 2 2 4 5 5 5 4 4 3 3 3 1 1 0
 5 5 4 5 5 5 4 4 9 9 7 12 12 5 3 3 4 4 4 5 5 6 4 4 9 9 8 5 5 5 4 4 1 1 3 6 6 10 10 10 8 8 4 1 1 0
 6 6 5 5 5 5 5 5 8 8 7 13 13 3 3 3 4 4 4 4 4 4 4 4 7 7 7 6 6 8 3 3 4 4 3 4 4 8 5 5 3 3 3 1 1 0
