assets/RAT_results/precipitation/2018-07-11_IMERG.asc
ncols        46
nrows        77
xllcorner    74.800261325624
yllcorner    8.058333333333
cellsize     0.062500000000
NODATA_value -9999
 25 25 23 28 28 41 40 40 32 32 36 31 31 21 23 23 79 79 18 26 26 19 12 12 9 9 8 4 4 2 2 2 1 1 1 1 1 1 2 2 2 2 2 1 1 1
 28 28 22 30 30 27 38 38 32 32 30 31 31 23 19 19 30 30 28 22 22 24 11 11 18 18 14 4 4 2 3 3 2 2 2 2 2 2 1 1 2 2 2 2 2 2
 28 28 22 30 30 27 38 38 32 32 30 31 31 23 19 19 30 30 28 22 22 24 11 11 18 18 14 4 4 2 3 3 2 2 2 2 2 2 1 1 2 2 2 2 2 2
 28 28 44 18 18 31 28 28 35 35 35 30 30 21 21 21 30 30 15 22 22 16 12 12 13 13 6 5 5 4 3 3 3 3 3 2 2 3 2 2 1 1 1 1 1 1
 14 14 21 25 25 28 28 28 35 35 35 36 36 31 14 14 18 18 22 11 11 15 14 14 4 4 2 4 4 4 3 3 4 4 3 3 3 3 2 2 1 1 0 0 0 1
 14 14 21 25 25 28 28 28 35 35 35 36 36 31 14 14 18 18 22 11 11 15 14 14 4 4 2 4 4 4 3 3 4 4 3 3 3 3 2 2 1 1 0 0 0 1
 14 14 15 26 26 28 25 25 17 17 28 23 23 35 14 14 20 20 12 7 7 8 4 4 2 2 2 4 4 3 3 3 2 2 2 3 3 2 2 2 1 1 1 1 1 1
 14 14 15 26 26 28 25 25 17 17 28 23 23 35 14 14 20 20 12 7 7 8 4 4 2 2 2 4 4 3 3 3 2 2 2 3 3 2 2 2 1 1 1 1 1 1
 13 13 24 34 34 22 20 20 20 20 25 31 31 29 16 16 14 14 6 6 6 7 2 2 1 1 1 1 1 1 2 2 2 2 1 2 2 2 3 3 1 1 1 3 3 0
 14 14 27 35 35 23 26 26 18 18 25 31 31 27 20 20 16 16 5 4 4 3 2 2 1 1 3 4 4 4 2 2 3 3 1 2 2 2 1 1 2 2 1 0 0 0
 14 14 27 35 35 23 26 26 18 18 25 31 31 27 20 20 16 16 5 4 4 3 2 2 1 1 3 4 4 4 2 2 3 3 1 2 2 2 1 1 2 2 1 0 0 0
 20 20 32 33 33 28 36 36 37 37 26 98 98 40 26 26 23 23 10 8 8 6 4 4 5 5 6 4 4 2 8 8 0 0 1 1 1 1 1 1 2 2 0 0 0 1
 27 27 16 26 26 26 37 37 34 34 39 28 28 26 23 23 13 13 13 11 11 7 10 10 8 8 4 3 3 4 4 4 3 3 1 1 1 1 1 1 1 1 1 0 0 1
 27 27 16 26 26 26 37 37 34 34 39 28 28 26 23 23 13 13 13 11 11 7 10 10 8 8 4 3 3 4 4 4 3 3 1 1 1 1 1 1 1 1 1 0 0 1
 22 22 20 24 24 29 31 31 32 32 24 32 32 17 16 16 21 21 15 17 17 11 13 13 10 10 4 12 12 2 2 2 2 2 3 8 8 3 2 2 2 2 4 1 1 1
 22 22 20 24 24 29 31 31 32 32 24 32 32 17 16 16 21 21 15 17 17 11 13 13 10 10 4 12 12 2 2 2 2 2 3 8 8 3 2 2 2 2 4 1 1 1
 13 13 24 23 23 17 22 22 38 38 33 29 29 26 25 25 28 28 27 20 20 12 13 13 11 11 9 7 7 7 5 5 3 3 4 4 4 3 2 2 4 4 3 3 3 1
 25 25 20 20 20 23 30 30 23 23 30 32 32 31 24 24 30 30 44 34 34 20 20 20 24 24 15 11 11 8 8 8 11 11 6 3 3 4 8 8 4 4 14 2 2 3
 25 25 20 20 20 23 30 30 23 23 30 32 32 31 24 24 30 30 44 34 34 20 20 20 24 24 15 11 11 8 8 8 11 11 6 3 3 4 8 8 4 4 14 2 2 3
 28 28 29 17 17 20 28 28 22 22 30 33 33 30 43 43 33 33 27 31 31 30 18 18 16 16 13 11 11 11 8 8 10 10 17 7 7 6 6 6 7 7 7 5 5 6
 28 28 25 15 15 21 13 13 13 13 27 23 23 27 38 38 29 29 27 31 31 32 29 29 17 17 17 18 18 12 12 12 10 10 12 6 6 7 9 9 10 10 8 10 10 7
 28 28 25 15 15 21 13 13 13 13 27 23 23 27 38 38 29 29 27 31 31 32 29 29 17 17 17 18 18 12 12 12 10 10 12 6 6 7 9 9 10 10 8 10 10 7
 22 22 26 22 22 13 12 12 11 11 16 17 17 18 23 23 26 26 26 27 27 27 25 25 20 20 15 21 21 12 12 12 10 10 16 14 14 7 10 10 4 4 4 5 5 4
 22 22 26 22 22 13 12 12 11 11 16 17 17 18 23 23 26 26 26 27 27 27 25 25 20 20 15 21 21 12 12 12 10 10 16 14 14 7 10 10 4 4 4 5 5 4
 25 25 23 21 21 8 12 12 10 10 13 20 20 35 21 21 22 22 22 18 18 15 20 20 17 17 15 13 13 10 9 9 14 14 9 17 17 6 4 4 4 4 1 7 7 1
 53 53 22 24 24 11 12 12 11 11 12 14 14 13 33 33 19 19 19 14 14 20 15 15 15 15 18 18 18 12 10 10 13 13 9 13 13 8 4 4 5 5 1 2 2 2
 53 53 22 24 24 11 12 12 11 11 12 14 14 13 33 33 19 19 19 14 14 20 15 15 15 15 18 18 18 12 10 10 13 13 9 13 13 8 4 4 5 5 1 2 2 2
 18 18 29 24 24 14 8 8 13 13 19 17 17 18 16 16 19 19 12 15 15 20 19 19 16 16 24 17 17 21 15 15 19 19 12 13 13 7 7 7 6 6 5 8 8 3
 11 11 20 13 13 13 21 21 6 6 18 10 10 12 16 16 21 21 17 13 13 23 24 24 24 24 21 23 23 32 18 18 18 18 15 17 17 7 6 6 7 7 9 7 7 24
 11 11 20 13 13 13 21 21 6 6 18 10 10 12 16 16 21 21 17 13 13 23 24 24 24 24 21 23 23 32 18 18 18 18 15 17 17 7 6 6 7 7 9 7 7 24
 9 9 13 10 10 11 12 12 10 10 10 8 8 9 12 12 17 17 15 27 27 27 19 19 27 27 20 20 20 22 18 18 18 18 29 17 17 11 7 7 7 7 6 5 5 5
 9 9 13 10 10 11 12 12 10 10 10 8 8 9 12 12 17 17 15 27 27 27 19 19 27 27 20 20 20 22 18 18 18 18 29 17 17 11 7 7 7 7 6 5 5 5
 8 8 6 11 11 10 12 12 16 16 12 8 8 10 12 12 17 17 18 18 18 37 31 31 21 21 24 21 21 23 12 12 21 21 15 17 17 9 6 6 8 8 5 5 5 2
 9 9 8 12 12 10 13 13 12 12 7 6 6 6 9 9 14 14 12 28 28 27 40 40 25 25 22 22 22 18 14 14 18 18 7 5 5 3 5 5 6 6 6 8 8 3
 9 9 8 12 12 10 13 13 12 12 7 6 6 6 9 9 14 14 12 28 28 27 40 40 25 25 22 22 22 18 14 14 18 18 7 5 5 3 5 5 6 6 6 8 8 3
 3 3 4 8 8 10 15 15 14 14 11 4 4 7 7 7 13 13 19 20 20 24 26 26 17 17 23 22 22 20 19 19 11 11 11 5 5 5 4 4 5 5 3 4 4 2
 3 3 3 5 5 10 6 6 11 11 11 14 14 8 8 8 10 10 20 17 17 25 18 18 16 16 16 17 17 17 17 17 12 12 5 3 3 8 5 5 4 4 3 2 2 2
 3 3 3 5 5 10 6 6 11 11 11 14 14 8 8 8 10 10 20 17 17 25 18 18 16 16 16 17 17 17 17 17 12 12 5 3 3 8 5 5 4 4 3 2 2 2
 1 1 3 4 4 9 7 7 11 11 11 14 14 14 12 12 14 14 16 22 22 18 18 18 16 16 16 17 17 15 23 23 20 20 10 4 4 3 5 5 6 6 5 5 5 3
 1 1 3 4 4 9 7 7 11 11 11 14 14 14 12 12 14 14 16 22 22 18 18 18 16 16 16 17 17 15 23 23 20 20 10 4 4 3 5 5 6 6 5 5 5 3
 2 2 3 4 4 6 3 3 6 6 10 10 10 13 11 11 16 16 29 24 24 36 32 32 23 23 19 19 19 21 26 26 7 7 16 8 8 9 6 6 7 7 15 6 6 3
 1 1 3 4 4 3 3 3 5 5 7 6 6 10 11 11 11 11 29 50 50 37 37 37 43 43 19 29 29 34 23 23 14 14 9 8 8 7 8 8 7 7 8 7 7 4
 1 1 3 4 4 3 3 3 5 5 7 6 6 10 11 11 11 11 29 50 50 37 37 37 43 43 19 29 29 34 23 23 14 14 9 8 8 7 8 8 7 7 8 7 7 4
 17 17 17 2 2 2 2 2 4 4 7 8 8 11 14 14 9 9 16 19 19 38 38 38 41 41 33 35 35 33 30 30 22 22 18 7 7 7 8 8 6 6 6 2 2 1
 7 7 7 3 3 4 2 2 5 5 7 7 7 10 9 9 10 10 37 42 42 37 46 46 23 23 22 23 23 25 18 18 28 28 17 8 8 8 6 6 6 6 5 1 1 0
 7 7 7 3 3 4 2 2 5 5 7 7 7 10 9 9 10 10 37 42 42 37 46 46 23 23 22 23 23 25 18 18 28 28 17 8 8 8 6 6 6 6 5 1 1 0
 2 2 8 4 4 5 7 7 10 10 37 13 13 16 15 15 9 9 53 75 75 51 19 19 19 19 19 22 22 23 26 26 20 20 14 9 9 8 5 5 4 4 2 0 0 0
 2 2 8 4 4 5 7 7 10 10 37 13 13 16 15 15 9 9 53 75 75 51 19 19 19 19 19 22 22 23 26 26 20 20 14 9 9 8 5 5 4 4 2 0 0 0
 3 3 4 5 5 6 8 8 12 12 31 28 28 21 17 17 51 51 56 69 69 40 20 20 22 22 17 17 17 24 21 21 9 9 9 3 3 3 3 3 4 4 4 3 3 2
 3 3 5 6 6 6 8 8 7 7 7 10 10 13 11 11 8 8 11 20 20 30 23 23 76 76 16 14 14 13 13 13 7 7 8 4 4 3 3 3 6 6 4 2 2 2
 3 3 5 6 6 6 8 8 7 7 7 10 10 13 11 11 8 8 11 20 20 30 23 23 76 76 16 14 14 13 13 13 7 7 8 4 4 3 3 3 6 6 4 2 2 2
 3 3 3 4 4 4 6 6 7 7 6 18 18 13 11 11 9 9 11 13 13 51 42 42 35 35 28 19 19 14 9 9 5 5 6 5 5 4 4 4 4 4 5 10 10 2
 2 2 2 3 3 4 5 5 7 7 9 13 13 13 11 11 14 14 20 22 22 56 22 22 26 26 21 19 19 19 9 9 5 5 5 4 4 4 4 4 9 9 5 3 3 3
 2 2 2 3 3 4 5 5 7 7 9 13 13 13 11 11 14 14 20 22 22 56 22 22 26 26 21 19 19 19 9 9 5 5 5 4 4 4 4 4 9 9 5 3 3 3
 3 3 3 4 4 5 4 4 7 7 12 13 13 23 57 57 57 57 45 19 19 34 13 13 21 21 24 13 13 10 6 6 7 7 7 9 9 6 3 3 6 6 6 5 5 7
 3 3 3 4 4 5 4 4 7 7 12 13 13 23 57 57 57 57 45 19 19 34 13 13 21 21 24 13 13 10 6 6 7 7 7 9 9 6 3 3 6 6 6 5 5 7
 4 4 4 6 6 6 5 5 7 7 8 8 8 33 58 58 55 55 42 22 22 25 11 11 23 23 18 10 10 7 10 10 13 13 23 7 7 7 4 4 9 9 11 6 6 4
 3 3 3 4 4 4 7 7 5 5 7 22 22 8 6 6 7 7 12 7 7 8 8 8 10 10 6 2 2 3 4 4 8 8 3 6 6 9 12 12 6 6 6 3 3 0
 3 3 3 4 4 4 7 7 5 5 7 22 22 8 6 6 7 7 12 7 7 8 8 8 10 10 6 2 2 3 4 4 8 8 3 6 6 9 12 12 6 6 6 3 3 0
 3 3 3 2 2 3 3 3 7 7 6 6 6 6 3 3 4 4 7 23 23 7 9 9 2 2 5 3 3 4 3 3 2 2 4 3 3 3 3 3 4 4 3 2 2 0
 4 4 3 2 2 3 2 2 2 2 10 4 4 4 2 2 2 2 5 5 5 3 6 6 1 1 4 3 3 4 2 2 2 2 25 20 20 7 5 5 2 2 2 0 0 0
 4 4 3 2 2 3 2 2 2 2 10 4 4 4 2 2 2 2 5 5 5 3 6 6 1 1 4 3 3 4 2 2 2 2 25 20 20 7 5 5 2 2 2 0 0 0
 2 2 3 3 3 1 1 1 1 1 1 1 1 2 2 2 2 2 2 17 17 4 1 1 1 1 4 4 4 3 1 1 2 2 12 33 33 66 20 20 4 4 5 1 1 0
 2 2 3 3 3 1 1 1 1 1 1 1 1 2 2 2 2 2 2 17 17 4 1 1 1 1 4 4 4 3 1 1 2 2 12 33 33 66 20 20 4 4 5 1 1 0
 8 8 2 2 2 2 0 0 1 1 0 3 3 7 2 2 2 2 7 3 3 1 0 0 2 2 2 1 1 1 1 1 1 1 4 9 9 17 13 13 14 14 4 1 1 0
 4 4 6 8 8 4 17 17 0 0 0 1 1 1 3 3 2 2 2 4 4 1 1 1 15 15 3 2 2 3 2 2 1 1 2 3 3 7 5 5 13 13 8 3 3 2
 4 4 6 8 8 4 17 17 0 0 0 1 1 1 3 3 2 2 2 4 4 1 1 1 15 15 3 2 2 3 2 2 1 1 2 3 3 7 5 5 13 13 8 3 3 2
 3 3 11 5 5 19 1 1 2 2 7 5 5 2 1 1 2 2 5 3 3 1 2 2 3 3 4 2 2 2 4 4 1 1 1 2 2 7 7 7 10 10 8 10 10 15
 4 4 23 6 6 9 7 7 4 4 4 3 3 1 1 1 1 1 2 2 2 3 3 3 5 5 5 3 3 4 3 3 1 1 1 1 1 4 6 6 13 13 16 22 22 26
 4 4 23 6 6 9 7 7 4 4 4 3 3 1 1 1 1 1 2 2 2 3 3 3 5 5 5 3 3 4 3 3 1 1 1 1 1 4 6 6 13 13 16 22 22 26
 20 20 44 15 15 9 9 9 17 17 14 25 25 3 3 3 3 3 3 3 3 3 3 3 7 7 6 5 5 4 6 6 3 3 4 2 2 3 5 5 13 13 14 18 18 34
 20 20 44 15 15 9 9 9 17 17 14 25 25 3 3 3 3 3 3 3 3 3 3 3 7 7 6 5 5 4 6 6 3 3 4 2 2 3 5 5 13 13 14 18 18 34
 23 23 28 19 19 23 29 29 31 31 14 14 14 7 9 9 8 8 4 6 6 4 3 3 9 9 6 6 6 5 5 5 5 5 6 4 4 2 2 2 3 3 9 17 17 33
 25 25 31 24 24 30 50 50 26 26 16 14 14 16 32 32 25 25 11 11 11 5 8 8 8 8 7 6 6 6 3 3 2 2 2 5 5 7 6 6 3 3 8 10 10 12
 25 25 31 24 24 30 50 50 26 26 16 14 14 16 32 32 25 25 11 11 11 5 8 8 8 8 7 6 6 6 3 3 2 2 2 5 5 7 6 6 3 3 8 10 10 12
 30 30 27 26 26 29 27 27 33 33 29 23 23 13 42 42 21 21 14 15 15 10 13 13 16 16 26 7 7 7 3 3 2 2 2 4 4 4 8 8 3 3 5 9 9 8
 44 44 47 30 30 25 26 26 15 15 24 13 13 12 11 11 13 13 11 18 18 14 23 23 17 17 28 26 26 4 4 4 1 1 2 3 3 5 6 6 8 8 10 5 5 5
