assets/RAT_results/precipitation/2018-10-02_IMERG.asc
ncols        46
nrows        77
xllcorner    74.800261325624
yllcorner    8.058333333333
cellsize     0.062500000000
NODATA_value -9999
 10 10 3 1 1 3 1 1 8 8 15 5 5 6 4 4 0 0 0 0 0 1 0 0 0 0 0 0 0 0 0 0 0 0 0 0 0 0 0 0 0 0 0 0 0 0
 6 6 5 4 4 3 2 2 4 4 10 4 4 5 0 0 0 0 1 1 1 0 0 0 0 0 0 0 0 0 0 0 0 0 0 0 0 0 0 0 0 0 0 0 0 0
 6 6 5 4 4 3 2 2 4 4 10 4 4 5 0 0 0 0 1 1 1 0 0 0 0 0 0 0 0 0 0 0 0 0 0 0 0 0 0 0 0 0 0 0 0 0
 7 7 4 4 4 1 0 0 6 6 5 6 6 0 0 0 1 1 0 1 1 0 0 0 0 0 0 0 0 0 0 0 0 0 0 0 0 0 0 0 0 0 1 0 0 0
 5 5 5 4 4 1 0 0 2 2 7 2 2 0 1 1 1 1 0 0 0 0 0 0 0 0 0 0 0 0 0 0 0 0 0 0 0 0 0 0 0 0 0 0 0 0
 5 5 5 4 4 1 0 0 2 2 7 2 2 0 1 1 1 1 0 0 0 0 0 0 0 0 0 0 0 0 0 0 0 0 0 0 0 0 0 0 0 0 0 0 0 0
 3 3 4 4 4 1 1 1 4 4 3 1 1 4 1 1 1 1 1 0 0 0 0 0 0 0 0 0 0 4 7 7 1 1 0 0 0 0 5 5 5 5 5 3 3 4
 3 3 4 4 4 1 1 1 4 4 3 1 1 4 1 1 1 1 1 0 0 0 0 0 0 0 0 0 0 4 7 7 1 1 0 0 0 0 5 5 5 5 5 3 3 4
 4 4 3 3 3 2 1 1 6 6 6 4 4 4 0 0 1 1 0 0 0 0 0 0 0 0 0 0 0 0 9 9 8 8 0 0 0 0 5 5 7 7 7 8 8 3
 3 3 1 3 3 2 1 1 0 0 0 1 1 0 2 2 0 0 0 0 0 0 0 0 0 0 0 0 0 3 9 9 7 7 0 1 1 3 9 9 11 11 18 15 15 3
 3 3 1 3 3 2 1 1 0 0 0 1 1 0 2 2 0 0 0 0 0 0 0 0 0 0 0 0 0 3 9 9 7 7 0 1 1 3 9 9 11 11 18 15 15 3
 2 2 4 3 3 5 2 2 0 0 0 0 0 1 7 7 2 2 0 0 0 0 0 0 0 0 0 0 0 1 8 8 8 8 2 2 2 5 10 10 12 12 19 18 18 3
 2 2 3 4 4 11 8 8 4 4 3 1 1 1 3 3 2 2 0 0 0 0 1 1 1 1 0 0 0 0 0 0 6 6 3 5 5 4 3 3 5 5 12 13 13 14
 2 2 3 4 4 11 8 8 4 4 3 1 1 1 3 3 2 2 0 0 0 0 1 1 1 1 0 0 0 0 0 0 6 6 3 5 5 4 3 3 5 5 12 13 13 14
 2 2 2 6 6 10 10 10 3 3 3 1 1 2 3 3 1 1 0 0 0 0 0 0 1 1 0 0 0 2 2 2 3 3 2 4 4 3 5 5 6 6 7 16 16 2
 2 2 2 6 6 10 10 10 3 3 3 1 1 2 3 3 1 1 0 0 0 0 0 0 1 1 0 0 0 2 2 2 3 3 2 4 4 3 5 5 6 6 7 16 16 2
 4 4 3 2 2 14 14 14 12 12 3 2 2 1 2 2 2 2 3 1 1 0 0 0 0 0 0 0 0 0 2 2 3 3 2 11 11 3 2 2 5 5 5 4 4 2
 12 12 6 4 4 9 15 15 15 15 5 4 4 3 3 3 2 2 2 3 3 2 1 1 0 0 7 6 6 4 2 2 2 2 0 1 1 4 2 2 4 4 4 4 4 3
 12 12 6 4 4 9 15 15 15 15 5 4 4 3 3 3 2 2 2 3 3 2 1 1 0 0 7 6 6 4 2 2 2 2 0 1 1 4 2 2 4 4 4 4 4 3
 13 13 12 8 8 8 16 16 15 15 7 7 7 3 4 4 10 10 6 5 5 4 1 1 0 0 1 6 6 0 0 0 0 0 0 1 1 1 1 1 0 0 0 0 0 1
 10 10 8 2 2 3 3 3 3 3 8 9 9 6 6 6 13 13 11 17 17 16 5 5 3 3 2 2 2 1 1 1 1 1 0 0 0 2 0 0 0 0 0 1 1 3
 10 10 8 2 2 3 3 3 3 3 8 9 9 6 6 6 13 13 11 17 17 16 5 5 3 3 2 2 2 1 1 1 1 1 0 0 0 2 0 0 0 0 0 1 1 3
 18 18 16 2 2 2 2 2 2 2 7 7 7 10 8 8 9 9 8 10 10 11 6 6 4 4 1 2 2 5 4 4 3 3 1 0 0 0 0 0 0 0 1 1 1 3
 18 18 16 2 2 2 2 2 2 2 7 7 7 10 8 8 9 9 8 10 10 11 6 6 4 4 1 2 2 5 4 4 3 3 1 0 0 0 0 0 0 0 1 1 1 3
 13 13 11 2 2 2 2 2 2 2 7 9 9 9 19 19 13 13 18 13 13 10 6 6 4 4 1 2 2 3 2 2 1 1 0 0 0 0 0 0 0 0 1 1 1 4
 4 4 4 5 5 2 2 2 3 3 2 11 11 10 14 14 17 17 24 15 15 14 10 10 5 5 1 2 2 3 0 0 0 0 0 0 0 0 0 0 0 0 0 1 1 4
 4 4 4 5 5 2 2 2 3 3 2 11 11 10 14 14 17 17 24 15 15 14 10 10 5 5 1 2 2 3 0 0 0 0 0 0 0 0 0 0 0 0 0 1 1 4
 6 6 4 5 5 4 5 5 4 4 4 9 9 9 18 18 24 24 45 35 35 31 19 19 8 8 5 1 1 1 0 0 0 0 0 1 1 3 2 2 1 1 0 1 1 4
 7 7 5 8 8 5 5 5 4 4 6 16 16 16 23 23 32 32 45 56 56 44 28 28 10 10 2 0 0 0 0 0 0 0 0 1 1 3 2 2 2 2 2 2 2 2
 7 7 5 8 8 5 5 5 4 4 6 16 16 16 23 23 32 32 45 56 56 44 28 28 10 10 2 0 0 0 0 0 0 0 0 1 1 3 2 2 2 2 2 2 2 2
 11 11 11 9 9 11 11 11 9 9 8 21 21 23 25 25 64 64 72 51 51 48 29 29 20 20 7 2 2 0 0 0 1 1 1 3 3 4 2 2 2 2 3 1 1 1
 11 11 11 9 9 11 11 11 9 9 8 21 21 23 25 25 64 64 72 51 51 48 29 29 20 20 7 2 2 0 0 0 1 1 1 3 3 4 2 2 2 2 3 1 1 1
 11 11 13 11 11 15 13 13 19 19 16 27 27 26 25 25 35 35 73 53 53 36 28 28 22 22 10 3 3 0 0 0 1 1 2 2 2 3 1 1 3 3 3 1 1 5
 11 11 16 18 18 18 16 16 20 20 28 20 20 21 23 23 31 31 40 42 42 36 29 29 21 21 10 5 5 1 0 0 2 2 2 1 1 3 3 3 1 1 1 4 4 6
 11 11 16 18 18 18 16 16 20 20 28 20 20 21 23 23 31 31 40 42 42 36 29 29 21 21 10 5 5 1 0 0 2 2 2 1 1 3 3 3 1 1 1 4 4 6
 11 11 14 17 17 18 18 18 19 19 20 28 28 21 17 17 33 33 35 40 40 33 27 27 27 27 15 11 11 3 1 1 3 3 3 2 2 3 4 4 3 3 1 5 5 10
 13 13 19 19 19 19 17 17 19 19 13 14 14 21 19 19 28 28 25 39 39 38 35 35 31 31 26 21 21 15 3 3 2 2 5 4 4 3 3 3 3 3 4 1 1 12
 13 13 19 19 19 19 17 17 19 19 13 14 14 21 19 19 28 28 25 39 39 38 35 35 31 31 26 21 21 15 3 3 2 2 5 4 4 3 3 3 3 3 4 1 1 12
 16 16 19 15 15 20 13 13 18 18 13 21 21 20 31 31 26 26 32 46 46 40 36 36 43 43 44 40 40 35 9 9 3 3 4 5 5 7 6 6 6 6 9 3 3 1
 16 16 19 15 15 20 13 13 18 18 13 21 21 20 31 31 26 26 32 46 46 40 36 36 43 43 44 40 40 35 9 9 3 3 4 5 5 7 6 6 6 6 9 3 3 1
 17 17 19 10 10 11 15 15 18 18 20 26 26 21 26 26 24 24 31 48 48 57 45 45 34 34 41 36 36 31 17 17 10 10 7 7 7 8 5 5 4 4 4 5 5 4
 8 8 11 6 6 8 12 12 15 15 20 20 20 18 19 19 21 21 27 28 28 65 41 41 36 36 40 35 35 34 18 18 12 12 20 12 12 10 5 5 5 5 3 3 3 1
 8 8 11 6 6 8 12 12 15 15 20 20 20 18 19 19 21 21 27 28 28 65 41 41 36 36 40 35 35 34 18 18 12 12 20 12 12 10 5 5 5 5 3 3 3 1
 3 3 5 6 6 8 12 12 12 12 17 17 17 16 16 16 16 16 31 29 29 41 35 35 30 30 29 21 21 26 18 18 19 19 16 10 10 12 10 10 5 5 3 1 1 0
 3 3 2 3 3 6 9 9 7 7 10 9 9 11 13 13 15 15 16 38 38 36 39 39 39 39 45 25 25 21 23 23 61 61 59 37 37 21 20 20 2 2 3 1 1 0
 3 3 2 3 3 6 9 9 7 7 10 9 9 11 13 13 15 15 16 38 38 36 39 39 39 39 45 25 25 21 23 23 61 61 59 37 37 21 20 20 2 2 3 1 1 0
 3 3 2 3 3 6 6 6 10 10 10 11 11 13 8 8 12 12 13 22 22 28 29 29 65 65 54 27 27 27 22 22 127 127 59 46 46 12 11 11 2 2 3 2 2 1
 3 3 2 3 3 6 6 6 10 10 10 11 11 13 8 8 12 12 13 22 22 28 29 29 65 65 54 27 27 27 22 22 127 127 59 46 46 12 11 11 2 2 3 2 2 1
 2 2 2 2 2 6 5 5 11 11 10 15 15 12 7 7 10 10 9 22 22 29 84 84 51 51 51 136 136 115 160 160 155 155 51 49 49 12 12 12 4 4 4 3 3 4
 1 1 1 2 2 6 9 9 10 10 11 12 12 17 15 15 13 13 6 14 14 32 41 41 55 55 48 132 132 122 167 167 24 24 8 6 6 13 11 11 10 10 10 7 7 5
 1 1 1 2 2 6 9 9 10 10 11 12 12 17 15 15 13 13 6 14 14 32 41 41 55 55 48 132 132 122 167 167 24 24 8 6 6 13 11 11 10 10 10 7 7 5
 2 2 2 3 3 9 11 11 21 21 27 25 25 38 10 10 9 9 12 13 13 29 30 30 39 39 49 43 43 40 36 36 27 27 9 5 5 17 10 10 16 16 16 15 15 8
 2 2 7 12 12 11 16 16 22 22 31 25 25 36 18 18 8 8 7 6 6 22 27 27 32 32 35 37 37 42 24 24 23 23 14 11 11 18 16 16 12 12 14 14 14 7
 2 2 7 12 12 11 16 16 22 22 31 25 25 36 18 18 8 8 7 6 6 22 27 27 32 32 35 37 37 42 24 24 23 23 14 11 11 18 16 16 12 12 14 14 14 7
 4 4 9 14 14 18 27 27 27 27 28 28 28 22 21 21 4 4 3 3 3 8 39 39 25 25 21 19 19 18 13 13 9 9 15 45 45 36 17 17 17 17 10 9 9 3
 4 4 9 14 14 18 27 27 27 27 28 28 28 22 21 21 4 4 3 3 3 8 39 39 25 25 21 19 19 18 13 13 9 9 15 45 45 36 17 17 17 17 10 9 9 3
 7 7 8 21 21 23 25 25 25 25 22 34 34 21 20 20 5 5 1 3 3 18 23 23 19 19 11 8 8 8 8 8 13 13 19 46 46 51 19 19 18 18 13 10 10 9
 5 5 8 21 21 21 25 25 27 27 26 28 28 29 25 25 16 16 3 5 5 6 8 8 8 8 15 10 10 7 8 8 17 17 17 45 45 45 12 12 12 12 14 11 11 13
 5 5 8 21 21 21 25 25 27 27 26 28 28 29 25 25 16 16 3 5 5 6 8 8 8 8 15 10 10 7 8 8 17 17 17 45 45 45 12 12 12 12 14 11 11 13
 7 7 7 16 16 19 11 11 26 26 29 33 33 38 29 29 16 16 4 6 6 5 11 11 11 11 14 14 14 10 16 16 23 23 16 43 43 43 25 25 8 8 11 10 10 14
 6 6 5 7 7 18 8 8 12 12 28 29 29 32 35 35 19 19 14 9 9 4 9 9 13 13 7 23 23 22 24 24 27 27 21 39 39 43 33 33 7 7 8 6 6 6
 6 6 5 7 7 18 8 8 12 12 28 29 29 32 35 35 19 19 14 9 9 4 9 9 13 13 7 23 23 22 24 24 27 27 21 39 39 43 33 33 7 7 8 6 6 6
 8 8 6 8 8 6 7 7 12 12 26 29 29 33 28 28 29 29 21 9 9 6 3 3 10 10 4 9 9 26 24 24 22 22 18 19 19 8 7 7 9 9 7 3 3 2
 8 8 6 8 8 6 7 7 12 12 26 29 29 33 28 28 29 29 21 9 9 6 3 3 10 10 4 9 9 26 24 24 22 22 18 19 19 8 7 7 9 9 7 3 3 2
 5 5 4 4 4 4 5 5 8 8 24 26 26 33 36 36 29 29 25 19 19 7 7 7 9 9 9 13 13 47 47 47 50 50 103 108 108 50 10 10 16 16 7 4 4 3
 5 5 5 3 3 4 12 12 12 12 20 25 25 25 29 29 29 29 29 13 13 12 10 10 13 13 13 14 14 28 28 28 23 23 21 23 23 17 10 10 14 14 8 11 11 4
 5 5 5 3 3 4 12 12 12 12 20 25 25 25 29 29 29 29 29 13 13 12 10 10 13 13 13 14 14 28 28 28 23 23 21 23 23 17 10 10 14 14 8 11 11 4
 2 2 4 4 4 4 28 28 29 29 27 13 13 13 26 26 30 30 28 12 12 11 8 8 8 8 7 14 14 20 34 34 28 28 24 26 26 25 16 16 14 14 22 14 14 4
 2 2 2 4 4 4 28 28 26 26 22 28 28 9 25 25 26 26 28 11 11 10 12 12 7 7 8 7 7 23 22 22 32 32 25 29 29 25 63 63 20 20 24 16 16 9
 2 2 2 4 4 4 28 28 26 26 22 28 28 9 25 25 26 26 28 11 11 10 12 12 7 7 8 7 7 23 22 22 32 32 25 29 29 25 63 63 20 20 24 16 16 9
 2 2 2 3 3 3 17 17 63 63 67 23 23 5 6 6 8 8 9 5 5 6 10 10 8 8 6 6 6 14 15 15 25 25 33 29 29 31 31 31 29 29 23 21 21 16
 2 2 2 3 3 3 17 17 63 63 67 23 23 5 6 6 8 8 9 5 5 6 10 10 8 8 6 6 6 14 15 15 25 25 33 29 29 31 31 31 29 29 23 21 21 16
 1 1 1 1 1 2 1 1 57 57 59 1 1 0 1 1 6 6 6 3 3 4 4 4 4 4 3 5 5 11 11 11 23 23 29 21 21 20 26 26 21 21 18 17 17 19
 1 1 1 1 1 2 1 1 22 22 22 0 0 0 1 1 2 2 2 2 2 2 2 2 2 2 2 3 3 8 7 7 19 19 19 15 15 17 19 19 17 17 18 15 15 30
 1 1 1 1 1 2 1 1 22 22 22 0 0 0 1 1 2 2 2 2 2 2 2 2 2 2 2 3 3 8 7 7 19 19 19 15 15 17 19 19 17 17 18 15 15 30
 1 1 1 0 0 0 0 0 2 2 23 2 2 1 2 2 1 1 1 1 1 1 1 1 3 3 3 2 2 3 5 5 17 17 17 11 11 10 16 16 14 14 18 17 17 11
 1 1 0 0 0 0 0 0 2 2 1 2 2 1 1 1 0 0 0 0 0 0 1 1 3 3 1 2 2 1 5 5 4 4 8 6 6 8 3 3 11 11 4 37 37 4
