assets/RAT_results/precipitation/2018-08-14_IMERG.asc
ncols        46
nrows        77
xllcorner    74.800261325624
yllcorner    8.058333333333
cellsize     0.062500000000
NODATA_value -9999
 33 33 41 46 46 63 86 86 108 108 138 125 125 87 61 61 38 38 24 14 14 11 11 11 4 4 5 3 3 3 1 1 0 0 0 1 1 1 1 1 2 2 2 1 1 2
 32 32 54 46 46 72 75 75 96 96 101 103 103 87 105 105 58 58 43 15 15 14 11 11 4 4 4 4 4 1 1 1 0 0 1 1 1 2 2 2 2 2 4 5 5 3
 32 32 54 46 46 72 75 75 96 96 101 103 103 87 105 105 58 58 43 15 15 14 11 11 4 4 4 4 4 1 1 1 0 0 1 1 1 2 2 2 2 2 4 5 5 3
 43 43 69 51 51 61 63 63 83 83 89 97 97 83 134 134 86 86 70 35 35 35 22 22 6 6 5 4 4 3 1 1 1 1 2 2 2 1 1 1 2 2 2 5 5 3
 31 31 56 54 54 49 76 76 89 89 102 96 96 116 135 135 139 139 101 46 46 43 14 14 6 6 8 6 6 6 5 5 4 4 2 2 2 1 1 1 0 0 1 1 1 1
 31 31 56 54 54 49 76 76 89 89 102 96 96 116 135 135 139 139 101 46 46 43 14 14 6 6 8 6 6 6 5 5 4 4 2 2 2 1 1 1 0 0 1 1 1 1
 37 37 45 68 68 62 71 71 90 90 118 108 108 114 100 100 105 105 66 56 56 38 16 16 12 12 12 10 10 4 5 5 7 7 3 5 5 2 1 1 1 1 0 1 1 0
 37 37 45 68 68 62 71 71 90 90 118 108 108 114 100 100 105 105 66 56 56 38 16 16 12 12 12 10 10 4 5 5 7 7 3 5 5 2 1 1 1 1 0 1 1 0
 38 38 39 66 66 82 82 82 92 92 100 93 93 106 73 73 70 70 64 46 46 34 17 17 12 12 12 10 10 10 11 11 11 11 5 5 5 2 2 2 1 1 0 0 0 0
 27 27 42 70 70 105 91 91 98 98 126 120 120 112 139 139 99 99 100 53 53 38 18 18 14 14 14 8 8 4 6 6 5 5 5 5 5 1 1 1 0 0 0 0 0 0
 27 27 42 70 70 105 91 91 98 98 126 120 120 112 139 139 99 99 100 53 53 38 18 18 14 14 14 8 8 4 6 6 5 5 5 5 5 1 1 1 0 0 0 0 0 0
 26 26 34 43 43 73 97 97 116 116 130 151 151 174 162 162 104 104 100 62 62 39 23 23 20 20 11 8 8 6 4 4 3 3 4 3 3 1 1 1 1 1 0 0 0 0
 32 32 37 47 47 96 95 95 85 85 127 141 141 179 171 171 131 131 108 85 85 57 30 30 24 24 15 15 15 12 6 6 3 3 4 1 1 1 1 1 1 1 0 1 1 0
 32 32 37 47 47 96 95 95 85 85 127 141 141 179 171 171 131 131 108 85 85 57 30 30 24 24 15 15 15 12 6 6 3 3 4 1 1 1 1 1 1 1 0 1 1 0
 38 38 39 46 46 57 64 64 112 112 93 126 126 149 144 144 182 182 157 110 110 69 47 47 44 44 27 23 23 15 11 11 5 5 4 2 2 3 2 2 1 1 0 0 0 1
 38 38 39 46 46 57 64 64 112 112 93 126 126 149 144 144 182 182 157 110 110 69 47 47 44 44 27 23 23 15 11 11 5 5 4 2 2 3 2 2 1 1 0 0 0 1
 43 43 57 60 60 56 49 49 96 96 97 126 126 129 145 145 173 173 158 121 121 93 70 70 52 52 31 26 26 19 11 11 14 14 9 5 5 6 5 5 3 3 1 1 1 1
 60 60 60 66 66 70 67 67 94 94 103 109 109 131 135 135 151 151 155 158 158 79 93 93 50 50 38 31 31 29 17 17 14 14 9 11 11 6 7 7 6 6 4 2 2 3
 60 60 60 66 66 70 67 67 94 94 103 109 109 131 135 135 151 151 155 158 158 79 93 93 50 50 38 31 31 29 17 17 14 14 9 11 11 6 7 7 6 6 4 2 2 3
 64 64 69 64 64 79 85 85 125 125 107 111 111 140 157 157 138 138 138 130 130 88 91 91 57 57 42 30 30 27 22 22 15 15 11 11 11 9 6 6 9 9 8 3 3 2
 71 71 64 68 68 96 108 108 130 130 103 105 105 115 116 116 121 121 147 138 138 117 91 91 62 62 58 43 43 31 24 24 18 18 12 10 10 8 11 11 8 8 11 3 3 9
 71 71 64 68 68 96 108 108 130 130 103 105 105 115 116 116 121 121 147 138 138 117 91 91 62 62 58 43 43 31 24 24 18 18 12 10 10 8 11 11 8 8 11 3 3 9
 60 60 55 72 72 95 118 118 130 130 127 104 104 100 132 132 123 123 126 116 116 112 79 79 55 55 58 41 41 38 32 32 24 24 23 25 25 18 12 12 8 8 17 4 4 3
 60 60 55 72 72 95 118 118 130 130 127 104 104 100 132 132 123 123 126 116 116 112 79 79 55 55 58 41 41 38 32 32 24 24 23 25 25 18 12 12 8 8 17 4 4 3
 48 48 48 57 57 93 117 117 121 121 148 117 117 106 113 113 132 132 131 135 135 109 95 95 83 83 77 61 61 37 30 30 23 23 20 17 17 14 11 11 9 9 17 4 4 5
 44 44 45 65 65 75 103 103 125 125 155 171 171 107 111 111 136 136 126 129 129 103 96 96 91 91 83 51 51 45 55 55 25 25 24 24 24 15 20 20 11 11 13 11 11 4
 44 44 45 65 65 75 103 103 125 125 155 171 171 107 111 111 136 136 126 129 129 103 96 96 91 91 83 51 51 45 55 55 25 25 24 24 24 15 20 20 11 11 13 11 11 4
 38 38 44 57 57 56 67 67 112 112 139 155 155 113 97 97 123 123 122 119 119 130 128 128 110 110 93 77 77 40 28 28 25 25 24 20 20 15 15 15 18 18 12 8 8 7
 42 42 49 55 55 58 56 56 85 85 119 104 104 89 87 87 121 121 135 132 132 143 129 129 120 120 95 74 74 48 31 31 32 32 29 30 30 13 15 15 11 11 10 10 10 8
 42 42 49 55 55 58 56 56 85 85 119 104 104 89 87 87 121 121 135 132 132 143 129 129 120 120 95 74 74 48 31 31 32 32 29 30 30 13 15 15 11 11 10 10 10 8
 27 27 26 31 31 35 65 65 76 76 82 109 109 76 99 99 114 114 125 137 137 136 120 120 114 114 109 86 86 70 52 52 36 36 33 24 24 11 22 22 8 8 7 8 8 4
 27 27 26 31 31 35 65 65 76 76 82 109 109 76 99 99 114 114 125 137 137 136 120 120 114 114 109 86 86 70 52 52 36 36 33 24 24 11 22 22 8 8 7 8 8 4
 19 19 18 18 18 31 74 74 84 84 90 62 62 82 71 71 125 125 101 127 127 120 120 120 107 107 115 98 98 70 66 66 43 43 28 23 23 14 14 14 7 7 7 5 5 3
 16 16 16 27 27 40 52 52 61 61 44 36 36 54 67 67 76 76 107 102 102 111 95 95 96 96 120 119 119 105 82 82 56 56 42 38 38 21 17 17 10 10 6 10 10 8
 16 16 16 27 27 40 52 52 61 61 44 36 36 54 67 67 76 76 107 102 102 111 95 95 96 96 120 119 119 105 82 82 56 56 42 38 38 21 17 17 10 10 6 10 10 8
 16 16 21 35 35 42 42 42 48 48 43 91 91 60 67 67 72 72 99 88 88 78 75 75 91 91 78 117 117 125 97 97 78 78 64 46 46 33 20 20 15 15 11 10 10 6
 17 17 31 28 28 53 41 41 34 34 31 48 48 62 65 65 76 76 54 76 76 79 61 61 89 89 94 94 94 95 82 82 76 76 71 45 45 48 42 42 24 24 23 9 9 7
 17 17 31 28 28 53 41 41 34 34 31 48 48 62 65 65 76 76 54 76 76 79 61 61 89 89 94 94 94 95 82 82 76 76 71 45 45 48 42 42 24 24 23 9 9 7
 16 16 31 74 74 49 41 41 44 44 36 45 45 62 48 48 89 89 60 74 74 83 62 62 82 82 115 85 85 86 90 90 91 91 76 61 61 48 31 31 20 20 17 13 13 11
 16 16 31 74 74 49 41 41 44 44 36 45 45 62 48 48 89 89 60 74 74 83 62 62 82 82 115 85 85 86 90 90 91 91 76 61 61 48 31 31 20 20 17 13 13 11
 14 14 23 24 24 30 46 46 57 57 57 53 53 37 52 52 55 55 72 73 73 75 67 67 70 70 96 86 86 100 126 126 108 108 98 61 61 63 27 27 23 23 23 24 24 13
 12 12 24 18 18 45 68 68 50 50 45 51 51 43 54 54 66 66 64 85 85 81 62 62 61 61 59 69 69 105 91 91 101 101 84 58 58 46 43 43 29 29 22 14 14 8
 12 12 24 18 18 45 68 68 50 50 45 51 51 43 54 54 66 66 64 85 85 81 62 62 61 61 59 69 69 105 91 91 101 101 84 58 58 46 43 43 29 29 22 14 14 8
 9 9 13 33 33 34 34 34 47 47 48 62 62 49 58 58 54 54 55 48 48 67 56 56 58 58 59 67 67 90 107 107 94 94 85 70 70 55 38 38 30 30 25 14 14 11
 16 16 14 11 11 18 36 36 38 38 59 58 58 66 67 67 71 71 63 53 53 51 54 54 57 57 55 66 66 94 81 81 84 84 78 59 59 44 35 35 33 33 22 20 20 14
 16 16 14 11 11 18 36 36 38 38 59 58 58 66 67 67 71 71 63 53 53 51 54 54 57 57 55 66 66 94 81 81 84 84 78 59 59 44 35 35 33 33 22 20 20 14
 11 11 19 22 22 29 33 33 33 33 40 56 56 54 60 60 55 55 54 61 61 57 50 50 86 86 60 78 78 85 83 83 82 82 78 68 68 38 29 29 31 31 33 22 22 13
 11 11 19 22 22 29 33 33 33 33 40 56 56 54 60 60 55 55 54 61 61 57 50 50 86 86 60 78 78 85 83 83 82 82 78 68 68 38 29 29 31 31 33 22 22 13
 18 18 20 18 18 24 36 36 42 42 40 40 40 54 44 44 41 41 97 50 50 49 46 46 54 54 76 69 69 86 88 88 108 108 77 61 61 46 33 33 38 38 25 15 15 13
 24 24 22 28 28 22 34 34 22 22 29 34 34 34 35 35 37 37 36 44 44 48 84 84 57 57 61 75 75 87 131 131 122 122 64 88 88 68 49 49 46 46 28 20 20 16
 24 24 22 28 28 22 34 34 22 22 29 34 34 34 35 35 37 37 36 44 44 48 84 84 57 57 61 75 75 87 131 131 122 122 64 88 88 68 49 49 46 46 28 20 20 16
 31 31 25 25 25 30 23 23 25 25 35 27 27 27 30 30 31 31 29 34 34 46 41 41 57 57 61 77 77 68 65 65 67 67 103 101 101 69 49 49 36 36 39 39 39 22
 51 51 44 34 34 26 29 29 49 49 28 24 24 24 47 47 33 33 29 45 45 44 47 47 56 56 62 66 66 65 59 59 44 44 63 91 91 82 65 65 40 40 40 45 45 38
 51 51 44 34 34 26 29 29 49 49 28 24 24 24 47 47 33 33 29 45 45 44 47 47 56 56 62 66 66 65 59 59 44 44 63 91 91 82 65 65 40 40 40 45 45 38
 52 52 48 24 24 33 23 23 30 30 25 34 34 36 36 36 31 31 32 29 29 31 38 38 43 43 58 52 52 52 57 57 57 57 61 68 68 68 84 84 57 57 46 43 43 40
 52 52 48 24 24 33 23 23 30 30 25 34 34 36 36 36 31 31 32 29 29 31 38 38 43 43 58 52 52 52 57 57 57 57 61 68 68 68 84 84 57 57 46 43 43 40
 49 49 40 53 53 51 64 64 32 32 39 35 35 40 49 49 38 38 21 19 19 24 23 23 41 41 43 48 48 50 67 67 58 58 63 67 67 53 71 71 52 52 61 47 47 44
 79 79 40 51 51 55 66 66 50 50 51 71 71 50 36 36 35 35 25 17 17 23 28 28 36 36 49 46 46 55 63 63 57 57 63 73 73 66 70 70 61 61 78 52 52 48
 79 79 40 51 51 55 66 66 50 50 51 71 71 50 36 36 35 35 25 17 17 23 28 28 36 36 49 46 46 55 63 63 57 57 63 73 73 66 70 70 61 61 78 52 52 48
 78 78 96 68 68 115 73 73 48 48 55 51 51 78 60 60 77 77 65 48 48 30 30 30 35 35 49 53 53 60 65 65 79 79 63 77 77 75 69 69 56 56 62 40 40 44
 76 76 99 76 76 74 65 65 57 57 65 42 42 64 62 62 54 54 39 42 42 39 35 35 32 32 52 58 58 69 66 66 78 78 70 62 62 64 59 59 71 71 60 53 53 50
 76 76 99 76 76 74 65 65 57 57 65 42 42 64 62 62 54 54 39 42 42 39 35 35 32 32 52 58 58 69 66 66 78 78 70 62 62 64 59 59 71 71 60 53 53 50
 82 82 103 67 67 78 69 69 66 66 53 47 47 66 42 42 59 59 37 38 38 27 48 48 43 43 39 62 62 85 61 61 67 67 71 79 79 65 56 56 52 52 60 50 50 32
 82 82 103 67 67 78 69 69 66 66 53 47 47 66 42 42 59 59 37 38 38 27 48 48 43 43 39 62 62 85 61 61 67 67 71 79 79 65 56 56 52 52 60 50 50 32
 58 58 68 64 64 60 47 47 71 71 61 47 47 63 38 38 44 44 35 19 19 19 27 27 28 28 38 39 39 50 54 54 56 56 72 70 70 64 65 65 56 56 47 51 51 37
 53 53 59 57 57 46 31 31 36 36 28 64 64 53 44 44 41 41 31 35 35 32 25 25 30 30 23 33 33 52 66 66 60 60 61 46 46 49 48 48 49 49 51 52 52 33
 53 53 59 57 57 46 31 31 36 36 28 64 64 53 44 44 41 41 31 35 35 32 25 25 30 30 23 33 33 52 66 66 60 60 61 46 46 49 48 48 49 49 51 52 52 33
 40 40 80 40 40 37 50 50 41 41 39 53 53 52 36 36 36 36 32 37 37 30 28 28 27 27 36 44 44 32 59 59 65 65 51 43 43 50 58 58 72 72 63 60 60 35
 40 40 37 107 107 27 31 31 29 29 33 35 35 29 30 30 34 34 46 40 40 40 33 33 38 38 33 57 57 35 37 37 48 48 51 46 46 49 50 50 66 66 59 57 57 46
 40 40 37 107 107 27 31 31 29 29 33 35 35 29 30 30 34 34 46 40 40 40 33 33 38 38 33 57 57 35 37 37 48 48 51 46 46 49 50 50 66 66 59 57 57 46
 56 56 55 21 21 25 23 23 20 20 24 23 23 25 29 29 31 31 34 37 37 38 35 35 31 31 43 44 44 44 37 37 44 44 44 41 41 43 42 42 44 44 41 61 61 58
 56 56 55 21 21 25 23 23 20 20 24 23 23 25 29 29 31 31 34 37 37 38 35 35 31 31 43 44 44 44 37 37 44 44 44 41 41 43 42 42 44 44 41 61 61 58
 58 58 50 48 48 46 47 47 49 49 27 50 50 53 32 32 33 33 36 42 42 59 42 42 56 56 53 46 46 51 30 30 36 36 34 45 45 42 48 48 41 41 32 29 29 40
 76 76 94 92 92 88 53 53 52 52 55 57 57 68 63 63 62 62 57 59 59 70 59 59 59 59 60 42 42 48 48 48 48 48 38 37 37 41 29 29 29 29 30 44 44 46
 76 76 94 92 92 88 53 53 52 52 55 57 57 68 63 63 62 62 57 59 59 70 59 59 59 59 60 42 42 48 48 48 48 48 38 37 37 41 29 29 29 29 30 44 44 46
 79 79 102 101 101 99 92 92 92 92 87 87 87 114 83 83 107 107 69 66 66 61 65 65 66 66 53 56 56 41 50 50 46 46 42 39 39 34 32 32 28 28 27 44 44 36
 79 79 112 116 116 124 139 139 138 138 128 109 109 116 126 126 124 124 119 117 117 80 61 61 67 67 68 69 69 67 57 57 58 58 63 42 42 37 24 24 25 25 26 18 18 23
