assets/RAT_results/precipitation/2018-05-09_IMERG.asc
ncols        46
nrows        77
xllcorner    74.800261325624
yllcorner    8.058333333333
cellsize     0.062500000000
NODATA_value -9999
 58 58 60 31 31 23 22 22 11 11 10 6 6 1 0 0 0 0 0 0 0 0 0 0 0 0 0 0 0 0 0 0 0 0 0 0 0 0 2 2 0 0 0 0 0 0
 59 59 53 20 20 22 22 22 11 11 10 1 1 1 1 1 1 1 1 0 0 0 0 0 0 0 0 0 0 0 0 0 0 0 0 0 0 0 1 1 2 2 1 1 1 0
 59 59 53 20 20 22 22 22 11 11 10 1 1 1 1 1 1 1 1 0 0 0 0 0 0 0 0 0 0 0 0 0 0 0 0 0 0 0 1 1 2 2 1 1 1 0
 45 45 48 20 20 20 12 12 11 11 11 1 1 1 1 1 1 1 1 0 0 1 1 1 1 1 0 0 0 0 0 0 0 0 0 0 0 0 1 1 1 1 0 0 0 1
 43 43 28 22 22 21 7 7 11 11 11 1 1 1 1 1 2 2 1 1 1 0 0 0 0 0 1 0 0 0 0 0 1 1 0 0 0 0 0 0 0 0 0 0 0 0
 43 43 28 22 22 21 7 7 11 11 11 1 1 1 1 1 2 2 1 1 1 0 0 0 0 0 1 0 0 0 0 0 1 1 0 0 0 0 0 0 0 0 0 0 0 0
 21 21 9 26 26 25 8 8 6 6 1 1 1 1 1 1 2 2 1 1 1 1 2 2 1 1 0 0 0 0 0 0 1 1 0 0 0 0 0 0 0 0 0 0 0 0
 21 21 9 26 26 25 8 8 6 6 1 1 1 1 1 1 2 2 1 1 1 1 2 2 1 1 0 0 0 0 0 0 1 1 0 0 0 0 0 0 0 0 0 0 0 0
 25 25 8 12 12 12 4 4 3 3 2 1 1 1 1 1 2 2 1 1 1 1 1 1 1 1 5 3 3 2 1 1 1 1 1 1 1 0 0 0 0 0 0 0 0 0
 18 18 6 8 8 4 4 4 4 4 2 2 2 2 2 2 2 2 2 2 2 1 1 1 2 2 3 5 5 2 5 5 8 8 8 7 7 1 0 0 0 0 0 0 0 0
 18 18 6 8 8 4 4 4 4 4 2 2 2 2 2 2 2 2 2 2 2 1 1 1 2 2 3 5 5 2 5 5 8 8 8 7 7 1 0 0 0 0 0 0 0 0
 17 17 7 4 4 8 4 4 5 5 4 3 3 6 4 4 3 3 2 2 2 1 2 2 7 7 9 8 8 7 9 9 8 8 5 7 7 1 2 2 1 1 0 0 0 0
 5 5 5 4 4 6 7 7 7 7 8 7 7 7 7 7 9 9 11 26 26 25 14 14 9 9 10 15 15 6 5 5 4 4 1 0 0 7 4 4 0 0 0 0 0 0
 5 5 5 4 4 6 7 7 7 7 8 7 7 7 7 7 9 9 11 26 26 25 14 14 9 9 10 15 15 6 5 5 4 4 1 0 0 7 4 4 0 0 0 0 0 0
 7 7 9 4 4 5 7 7 6 6 9 8 8 10 15 15 12 12 21 32 32 38 20 20 15 15 17 14 14 5 3 3 1 1 1 0 0 0 1 1 0 0 0 0 0 0
 7 7 9 4 4 5 7 7 6 6 9 8 8 10 15 15 12 12 21 32 32 38 20 20 15 15 17 14 14 5 3 3 1 1 1 0 0 0 1 1 0 0 0 0 0 0
 7 7 10 11 11 8 7 7 7 7 10 12 12 12 16 16 20 20 49 49 49 30 23 23 20 20 11 8 8 6 2 2 2 2 1 0 0 0 0 0 0 0 0 0 0 0
 9 9 11 11 11 13 12 12 12 12 10 12 12 16 22 22 22 22 36 23 23 18 21 21 19 19 11 6 6 5 3 3 2 2 2 0 0 1 0 0 0 0 0 0 0 1
 9 9 11 11 11 13 12 12 12 12 10 12 12 16 22 22 22 22 36 23 23 18 21 21 19 19 11 6 6 5 3 3 2 2 2 0 0 1 0 0 0 0 0 0 0 1
 17 17 11 11 11 12 16 16 15 15 13 15 15 17 23 23 28 28 34 30 30 22 26 26 18 18 8 6 6 5 3 3 3 3 1 2 2 2 1 1 0 0 1 2 2 2
 24 24 17 17 17 16 13 13 14 14 14 16 16 14 19 19 27 27 25 30 30 33 30 30 23 23 11 11 11 7 7 7 5 5 3 3 3 4 3 3 3 3 2 3 3 0
 24 24 17 17 17 16 13 13 14 14 14 16 16 14 19 19 27 27 25 30 30 33 30 30 23 23 11 11 11 7 7 7 5 5 3 3 3 4 3 3 3 3 2 3 3 0
 45 45 33 22 22 17 12 12 12 12 13 13 13 13 17 17 21 21 20 31 31 59 61 61 22 22 20 12 12 12 13 13 14 14 12 11 11 5 3 3 3 3 2 1 1 1
 45 45 33 22 22 17 12 12 12 12 13 13 13 13 17 17 21 21 20 31 31 59 61 61 22 22 20 12 12 12 13 13 14 14 12 11 11 5 3 3 3 3 2 1 1 1
 64 64 28 19 19 15 9 9 10 10 12 12 12 17 14 14 51 51 52 64 64 67 67 67 27 27 32 18 18 19 16 16 15 15 13 11 11 6 5 5 5 5 4 4 4 5
 43 43 19 13 13 8 7 7 12 12 12 12 12 12 16 16 19 19 52 66 66 66 100 100 33 33 32 19 19 27 19 19 15 15 18 13 13 6 6 6 6 6 5 8 8 7
 43 43 19 13 13 8 7 7 12 12 12 12 12 12 16 16 19 19 52 66 66 66 100 100 33 33 32 19 19 27 19 19 15 15 18 13 13 6 6 6 6 6 5 8 8 7
 12 12 10 11 11 8 9 9 10 10 11 13 13 16 19 19 18 18 65 65 65 66 52 52 52 52 58 29 29 27 20 20 16 16 27 25 25 11 9 9 6 6 9 5 5 17
 6 6 7 7 7 9 10 10 7 7 10 11 11 16 18 18 19 19 24 24 24 43 56 56 55 55 61 59 59 51 29 29 25 25 30 24 24 16 8 8 8 8 5 9 9 56
 6 6 7 7 7 9 10 10 7 7 10 11 11 16 18 18 19 19 24 24 24 43 56 56 55 55 61 59 59 51 29 29 25 25 30 24 24 16 8 8 8 8 5 9 9 56
 2 2 4 3 3 7 7 7 7 7 9 10 10 16 18 18 19 19 22 27 27 24 27 27 34 34 66 59 59 51 29 29 32 32 29 18 18 13 9 9 8 8 5 11 11 19
 2 2 4 3 3 7 7 7 7 7 9 10 10 16 18 18 19 19 22 27 27 24 27 27 34 34 66 59 59 51 29 29 32 32 29 18 18 13 9 9 8 8 5 11 11 19
 5 5 6 7 7 7 6 6 9 9 11 13 13 20 21 21 19 19 19 21 21 22 29 29 31 31 33 55 55 52 35 35 36 36 29 32 32 11 11 11 12 12 9 10 10 5
 15 15 10 12 12 9 8 8 12 12 14 22 22 25 22 22 20 20 23 27 27 26 27 27 45 45 32 54 54 26 21 21 33 33 29 31 31 11 10 10 10 10 9 6 6 5
 15 15 10 12 12 9 8 8 12 12 14 22 22 25 22 22 20 20 23 27 27 26 27 27 45 45 32 54 54 26 21 21 33 33 29 31 31 11 10 10 10 10 9 6 6 5
 14 14 9 13 13 11 9 9 17 17 18 27 27 35 31 31 31 31 33 34 34 25 26 26 36 36 31 26 26 25 20 20 32 32 42 26 26 14 10 10 9 9 9 11 11 5
 7 7 7 11 11 13 17 17 18 18 20 31 31 33 34 34 31 31 31 41 41 40 30 30 41 41 55 38 38 20 29 29 36 36 37 26 26 11 22 22 17 17 9 12 12 8
 7 7 7 11 11 13 17 17 18 18 20 31 31 33 34 34 31 31 31 41 41 40 30 30 41 41 55 38 38 20 29 29 36 36 37 26 26 11 22 22 17 17 9 12 12 8
 4 4 8 11 11 13 18 18 17 17 18 27 27 30 31 31 37 37 41 44 44 38 35 35 33 33 44 56 56 22 27 27 53 53 53 27 27 24 23 23 16 16 31 19 19 16
 4 4 8 11 11 13 18 18 17 17 18 27 27 30 31 31 37 37 41 44 44 38 35 35 33 33 44 56 56 22 27 27 53 53 53 27 27 24 23 23 16 16 31 19 19 16
 5 5 10 12 12 14 17 17 16 16 18 28 28 30 32 32 37 37 41 44 44 33 32 32 36 36 61 55 55 32 56 56 54 54 53 27 27 26 29 29 38 38 43 20 20 11
 5 5 14 16 16 13 13 13 19 19 25 33 33 31 32 32 33 33 36 57 57 123 121 121 137 137 63 64 64 91 92 92 87 87 38 31 31 39 30 30 52 52 34 18 18 9
 5 5 14 16 16 13 13 13 19 19 25 33 33 31 32 32 33 33 36 57 57 123 121 121 137 137 63 64 64 91 92 92 87 87 38 31 31 39 30 30 52 52 34 18 18 9
 6 6 14 15 15 10 13 13 31 31 38 27 27 28 28 28 30 30 30 44 44 121 155 155 102 102 71 70 70 94 95 95 101 101 38 31 31 43 35 35 36 36 27 18 18 11
 9 9 11 11 11 14 19 19 67 67 35 23 23 21 21 21 26 26 28 42 42 159 153 153 98 98 47 50 50 37 38 38 39 39 40 38 38 49 27 27 18 18 17 14 14 14
 9 9 11 11 11 14 19 19 67 67 35 23 23 21 21 21 26 26 28 42 42 159 153 153 98 98 47 50 50 37 38 38 39 39 40 38 38 49 27 27 18 18 17 14 14 14
 7 7 9 12 12 14 16 16 22 22 12 18 18 18 22 22 23 23 25 42 42 27 86 86 38 38 42 42 42 30 37 37 33 33 33 38 38 40 32 32 19 19 15 25 25 19
 7 7 9 12 12 14 16 16 22 22 12 18 18 18 22 22 23 23 25 42 42 27 86 86 38 38 42 42 42 30 37 37 33 33 33 38 38 40 32 32 19 19 15 25 25 19
 6 6 6 7 7 10 12 12 11 11 10 10 10 13 18 18 20 20 25 26 26 23 81 81 23 23 25 29 29 24 30 30 34 34 34 35 35 37 30 30 23 23 21 29 29 42
 7 7 6 7 7 8 9 9 10 10 10 11 11 12 19 19 21 21 19 15 15 23 17 17 27 27 24 24 24 18 27 27 27 27 38 46 46 28 24 24 26 26 34 35 35 43
 7 7 6 7 7 8 9 9 10 10 10 11 11 12 19 19 21 21 19 15 15 23 17 17 27 27 24 24 24 18 27 27 27 27 38 46 46 28 24 24 26 26 34 35 35 43
 9 9 8 9 9 9 9 9 9 9 10 11 11 13 17 17 18 18 15 10 10 19 19 19 27 27 20 18 18 15 27 27 33 33 117 41 41 37 25 25 29 29 30 40 40 25
 12 12 10 8 8 8 8 8 9 9 9 10 10 13 15 15 14 14 27 23 23 19 19 19 24 24 14 22 22 17 22 22 30 30 29 42 42 42 23 23 28 28 29 33 33 16
 12 12 10 8 8 8 8 8 9 9 9 10 10 13 15 15 14 14 27 23 23 19 19 19 24 24 14 22 22 17 22 22 30 30 29 42 42 42 23 23 28 28 29 33 33 16
 14 14 13 8 8 8 8 8 10 10 9 9 9 11 13 13 11 11 30 65 65 38 37 37 22 22 11 18 18 17 31 31 22 22 36 58 58 33 50 50 31 31 23 10 10 14
 14 14 13 8 8 8 8 8 10 10 9 9 9 11 13 13 11 11 30 65 65 38 37 37 22 22 11 18 18 17 31 31 22 22 36 58 58 33 50 50 31 31 23 10 10 14
 13 13 19 18 18 18 18 18 10 10 9 10 10 10 9 9 28 28 28 64 64 37 37 37 48 48 48 17 17 12 17 17 54 54 36 57 57 41 51 51 36 36 34 9 9 7
 14 14 16 16 16 22 24 24 12 12 12 9 9 10 8 8 6 6 6 21 21 20 181 181 58 58 49 18 18 29 25 25 25 25 67 38 38 39 33 33 29 29 31 22 22 9
 14 14 16 16 16 22 24 24 12 12 12 9 9 10 8 8 6 6 6 21 21 20 181 181 58 58 49 18 18 29 25 25 25 25 67 38 38 39 33 33 29 29 31 22 22 9
 22 22 21 25 25 22 23 23 14 14 13 8 8 8 7 7 6 6 6 20 20 20 60 60 58 58 33 21 21 25 22 22 26 26 45 23 23 24 25 25 28 28 19 25 25 6
 20 20 22 26 26 87 36 36 36 36 22 6 6 7 6 6 5 5 5 22 22 22 60 60 58 58 42 56 56 57 22 22 24 24 25 19 19 31 23 23 16 16 17 10 10 3
 20 20 22 26 26 87 36 36 36 36 22 6 6 7 6 6 5 5 5 22 22 22 60 60 58 58 42 56 56 57 22 22 24 24 25 19 19 31 23 23 16 16 17 10 10 3
 69 69 70 93 93 88 38 38 32 32 20 18 18 6 7 7 5 5 4 18 18 16 20 20 19 19 72 56 56 56 19 19 25 25 20 21 21 29 22 22 8 8 6 6 6 1
 69 69 70 93 93 88 38 38 32 32 20 18 18 6 7 7 5 5 4 18 18 16 20 20 19 19 72 56 56 56 19 19 25 25 20 21 21 29 22 22 8 8 6 6 6 1
 27 27 104 106 106 49 43 43 51 51 24 21 21 7 8 8 19 19 17 18 18 16 12 12 17 17 19 19 19 24 20 20 20 20 22 24 24 39 40 40 21 21 5 1 1 1
 29 29 106 108 108 54 28 28 33 33 11 9 9 6 5 5 18 18 16 6 6 11 11 11 15 15 20 22 22 22 23 23 25 25 21 27 27 32 48 48 17 17 9 5 5 1
 29 29 106 108 108 54 28 28 33 33 11 9 9 6 5 5 18 18 16 6 6 11 11 11 15 15 20 22 22 22 23 23 25 25 21 27 27 32 48 48 17 17 9 5 5 1
 10 10 15 15 15 17 13 13 17 17 7 5 5 6 4 4 16 16 16 7 7 14 15 15 5 5 6 22 22 19 23 23 23 23 25 18 18 31 40 40 27 27 9 5 5 7
 8 8 7 6 6 6 4 4 4 4 4 4 4 4 2 2 3 3 4 14 14 13 15 15 4 4 5 23 23 25 17 17 19 19 26 16 16 7 11 11 21 21 17 9 9 4
 8 8 7 6 6 6 4 4 4 4 4 4 4 4 2 2 3 3 4 14 14 13 15 15 4 4 5 23 23 25 17 17 19 19 26 16 16 7 11 11 21 21 17 9 9 4
 2 2 4 4 4 5 4 4 3 3 3 3 3 1 2 2 3 3 3 5 5 4 13 13 15 15 6 25 25 31 23 23 21 21 23 18 18 5 9 9 4 4 9 2 2 0
 2 2 4 4 4 5 4 4 3 3 3 3 3 1 2 2 3 3 3 5 5 4 13 13 15 15 6 25 25 31 23 23 21 21 23 18 18 5 9 9 4 4 9 2 2 0
 3 3 2 4 4 6 5 5 2 2 3 3 3 2 2 2 2 2 3 6 6 5 14 14 16 16 14 9 9 5 22 22 21 21 22 16 16 20 3 3 3 3 1 1 1 0
 4 4 3 7 7 4 4 4 3 3 3 4 4 7 6 6 2 2 4 6 6 8 14 14 18 18 13 8 8 2 3 3 2 2 7 13 13 13 4 4 2 2 0 1 1 0
 4 4 3 7 7 4 4 4 3 3 3 4 4 7 6 6 2 2 4 6 6 8 14 14 18 18 13 8 8 2 3 3 2 2 7 13 13 13 4 4 2 2 0 1 1 0
 6 6 3 9 9 4 2 2 3 3 4 5 5 9 8 8 5 5 7 5 5 9 10 10 15 15 12 10 10 3 2 2 2 2 9 9 9 9 3 3 2 2 2 1 1 1
 5 5 8 1 1 2 2 2 4 4 6 8 8 13 10 10 7 7 4 7 7 9 7 7 6 6 6 5 5 1 1 1 2 2 10 9 9 13 9 9 7 7 3 2 2 2
