assets/RAT_results/precipitation/2018-05-25_IMERG.asc
ncols        46
nrows        77
xllcorner    74.800261325624
yllcorner    8.058333333333
cellsize     0.062500000000
NODATA_value -9999
 56 56 35 38 38 38 31 31 34 34 23 37 37 83 148 148 143 143 59 56 56 38 39 39 39 39 26 24 24 34 33 33 32 32 24 12 12 16 26 26 20 20 31 41 41 27
 40 40 33 35 35 42 36 36 29 29 34 39 39 87 59 59 151 151 80 41 41 25 28 28 23 23 19 16 16 27 13 13 20 20 20 13 13 18 26 26 20 20 35 30 30 25
 40 40 33 35 35 42 36 36 29 29 34 39 39 87 59 59 151 151 80 41 41 25 28 28 23 23 19 16 16 27 13 13 20 20 20 13 13 18 26 26 20 20 35 30 30 25
 35 35 46 43 43 45 40 40 35 35 65 65 65 63 60 60 80 80 79 42 42 20 18 18 15 15 12 12 12 14 17 17 24 24 21 25 25 20 24 24 25 25 27 25 25 37
 37 37 41 53 53 77 75 75 203 203 70 67 67 53 38 38 31 31 27 26 26 20 15 15 13 13 17 22 22 24 13 13 19 19 18 16 16 16 32 32 24 24 20 18 18 35
 37 37 41 53 53 77 75 75 203 203 70 67 67 53 38 38 31 31 27 26 26 20 15 15 13 13 17 22 22 24 13 13 19 19 18 16 16 16 32 32 24 24 20 18 18 35
 42 42 53 64 64 95 101 101 149 149 139 55 55 35 36 36 29 29 27 21 21 19 17 17 19 19 18 24 24 13 47 47 35 35 21 16 16 18 20 20 24 24 19 21 21 45
 42 42 53 64 64 95 101 101 149 149 139 55 55 35 36 36 29 29 27 21 21 19 17 17 19 19 18 24 24 13 47 47 35 35 21 16 16 18 20 20 24 24 19 21 21 45
 55 55 69 117 117 120 115 115 150 150 143 46 46 33 29 29 24 24 25 21 21 17 15 15 31 31 26 57 57 41 26 26 75 75 35 22 22 20 21 21 22 22 23 28 28 26
 54 54 57 112 112 126 67 67 57 57 51 41 41 38 30 30 34 34 30 26 26 18 18 18 29 29 33 56 56 36 26 26 27 27 25 31 31 17 21 21 24 24 20 22 22 25
 54 54 57 112 112 126 67 67 57 57 51 41 41 38 30 30 34 34 30 26 26 18 18 18 29 29 33 56 56 36 26 26 27 27 25 31 31 17 21 21 24 24 20 22 22 25
 88 88 82 178 178 125 65 65 54 54 44 43 43 40 34 34 30 30 29 26 26 17 19 19 19 19 35 36 36 36 39 39 38 38 46 27 27 29 29 29 29 29 28 32 32 29
 131 131 85 109 109 88 53 53 54 54 44 42 42 36 46 46 49 49 27 20 20 20 20 20 17 17 34 41 41 40 41 41 57 57 60 29 29 28 28 28 30 30 32 38 38 31
 131 131 85 109 109 88 53 53 54 54 44 42 42 36 46 46 49 49 27 20 20 20 20 20 17 17 34 41 41 40 41 41 57 57 60 29 29 28 28 28 30 30 32 38 38 31
 136 136 63 121 121 121 53 53 55 55 43 40 40 38 40 40 37 37 21 25 25 19 20 20 22 22 31 37 37 74 44 44 41 41 52 46 46 42 27 27 30 30 39 30 30 29
 136 136 63 121 121 121 53 53 55 55 43 40 40 38 40 40 37 37 21 25 25 19 20 20 22 22 31 37 37 74 44 44 41 41 52 46 46 42 27 27 30 30 39 30 30 29
 100 100 64 70 70 84 69 69 67 67 43 43 43 39 37 37 31 31 30 28 28 16 16 16 20 20 33 39 39 73 47 47 48 48 45 45 45 41 42 42 45 45 32 30 30 32
 113 113 77 66 66 75 71 71 52 52 40 44 44 41 35 35 24 24 22 20 20 17 13 13 12 12 31 40 40 57 83 83 53 53 52 46 46 45 43 43 45 45 32 57 57 43
 113 113 77 66 66 75 71 71 52 52 40 44 44 41 35 35 24 24 22 20 20 17 13 13 12 12 31 40 40 57 83 83 53 53 52 46 46 45 43 43 45 45 32 57 57 43
 81 81 71 57 57 71 73 73 49 49 47 49 49 40 36 36 27 27 21 22 22 13 11 11 11 11 18 46 46 54 46 46 47 47 41 46 46 45 36 36 35 35 44 31 31 38
 79 79 59 51 51 55 53 53 44 44 51 50 50 48 46 46 26 26 23 25 25 14 12 12 16 16 24 37 37 48 48 48 37 37 26 41 41 34 19 19 47 47 40 35 35 42
 79 79 59 51 51 55 53 53 44 44 51 50 50 48 46 46 26 26 23 25 25 14 12 12 16 16 24 37 37 48 48 48 37 37 26 41 41 34 19 19 47 47 40 35 35 42
 67 67 59 58 58 46 52 52 54 54 49 46 46 51 45 45 41 41 30 27 27 16 15 15 12 12 25 38 38 48 25 25 23 23 18 18 18 16 15 15 16 16 18 33 33 24
 67 67 59 58 58 46 52 52 54 54 49 46 46 51 45 45 41 41 30 27 27 16 15 15 12 12 25 38 38 48 25 25 23 23 18 18 18 16 15 15 16 16 18 33 33 24
 59 59 50 57 57 49 46 46 49 49 48 46 46 51 43 43 38 38 33 21 21 22 12 12 9 9 18 18 18 22 20 20 19 19 18 19 19 13 21 21 11 11 10 23 23 20
 60 60 51 58 58 54 46 46 47 47 41 49 49 42 41 41 44 44 25 25 25 15 9 9 11 11 13 22 22 15 15 15 15 15 16 15 15 12 15 15 10 10 4 11 11 42
 60 60 51 58 58 54 46 46 47 47 41 49 49 42 41 41 44 44 25 25 25 15 9 9 11 11 13 22 22 15 15 15 15 15 16 15 15 12 15 15 10 10 4 11 11 42
 50 50 46 60 60 61 46 46 42 42 48 51 51 39 31 31 43 43 31 22 22 7 8 8 8 8 15 14 14 12 13 13 12 12 15 13 13 11 11 11 10 10 3 14 14 11
 53 53 48 48 48 51 66 66 65 65 46 52 52 40 40 40 36 36 27 12 12 8 7 7 7 7 10 10 10 9 9 9 11 11 13 13 13 12 12 12 11 11 9 10 10 11
 53 53 48 48 48 51 66 66 65 65 46 52 52 40 40 40 36 36 27 12 12 8 7 7 7 7 10 10 10 9 9 9 11 11 13 13 13 12 12 12 11 11 9 10 10 11
 56 56 53 44 44 49 33 33 36 36 31 41 41 49 40 40 29 29 22 11 11 6 7 7 7 7 10 6 6 7 5 5 6 6 6 11 11 9 13 13 12 12 11 13 13 17
 56 56 53 44 44 49 33 33 36 36 31 41 41 49 40 40 29 29 22 11 11 6 7 7 7 7 10 6 6 7 5 5 6 6 6 11 11 9 13 13 12 12 11 13 13 17
 49 49 47 39 39 31 33 33 36 36 19 28 28 28 26 26 22 22 21 9 9 7 5 5 5 5 5 5 5 7 4 4 5 5 7 8 8 7 8 8 8 8 9 3 3 3
 59 59 53 47 47 22 24 24 21 21 17 28 28 18 23 23 8 8 10 21 21 10 7 7 25 25 12 4 4 3 4 4 6 6 7 8 8 5 8 8 7 7 8 6 6 4
 59 59 53 47 47 22 24 24 21 21 17 28 28 18 23 23 8 8 10 21 21 10 7 7 25 25 12 4 4 3 4 4 6 6 7 8 8 5 8 8 7 7 8 6 6 4
 69 69 64 48 48 26 20 20 15 15 16 10 10 15 5 5 6 6 5 5 5 14 27 27 4 4 13 5 5 6 4 4 5 5 4 5 5 4 9 9 6 6 9 8 8 9
 54 54 58 56 56 35 16 16 15 15 13 10 10 20 20 20 18 18 12 4 4 4 4 4 7 7 5 5 5 7 4 4 1 1 5 2 2 3 4 4 4 4 7 12 12 4
 54 54 58 56 56 35 16 16 15 15 13 10 10 20 20 20 18 18 12 4 4 4 4 4 7 7 5 5 5 7 4 4 1 1 5 2 2 3 4 4 4 4 7 12 12 4
 81 81 60 45 45 36 22 22 12 12 11 18 18 17 21 21 16 16 15 15 15 3 6 6 5 5 16 6 6 7 7 7 6 6 2 3 3 7 5 5 4 4 4 9 9 3
 81 81 60 45 45 36 22 22 12 12 11 18 18 17 21 21 16 16 15 15 15 3 6 6 5 5 16 6 6 7 7 7 6 6 2 3 3 7 5 5 4 4 4 9 9 3
 45 45 32 23 23 40 16 16 10 10 11 18 18 9 16 16 29 29 14 14 14 3 15 15 7 7 5 8 8 5 5 5 4 4 2 4 4 5 1 1 3 3 7 9 9 5
 48 48 35 23 23 21 13 13 13 13 21 8 8 7 3 3 22 22 10 10 10 3 5 5 16 16 5 6 6 6 5 5 8 8 5 5 5 3 5 5 8 8 6 4 4 2
 48 48 35 23 23 21 13 13 13 13 21 8 8 7 3 3 22 22 10 10 10 3 5 5 16 16 5 6 6 6 5 5 8 8 5 5 5 3 5 5 8 8 6 4 4 2
 39 39 43 22 22 22 17 17 21 21 17 8 8 9 9 9 14 14 23 15 15 4 5 5 6 6 9 5 5 13 8 8 7 7 5 4 4 3 3 3 2 2 5 2 2 2
 32 32 40 32 32 18 19 19 16 16 17 9 9 30 23 23 30 30 23 14 14 40 4 4 9 9 9 3 3 7 5 5 2 2 4 4 4 5 4 4 2 2 1 1 1 1
 32 32 40 32 32 18 19 19 16 16 17 9 9 30 23 23 30 30 23 14 14 40 4 4 9 9 9 3 3 7 5 5 2 2 4 4 4 5 4 4 2 2 1 1 1 1
 31 31 36 22 22 23 29 29 24 24 27 10 10 22 17 17 23 23 52 40 40 38 2 2 4 4 2 3 3 3 4 4 7 7 2 3 3 9 7 7 8 8 8 1 1 2
 31 31 36 22 22 23 29 29 24 24 27 10 10 22 17 17 23 23 52 40 40 38 2 2 4 4 2 3 3 3 4 4 7 7 2 3 3 9 7 7 8 8 8 1 1 2
 33 33 34 31 31 25 23 23 24 24 28 25 25 9 12 12 54 54 53 37 37 36 3 3 3 3 4 5 5 8 8 8 19 19 5 5 5 9 7 7 5 5 9 1 1 1
 36 36 21 35 35 24 25 25 25 25 25 25 25 11 8 8 2 2 21 30 30 31 7 7 2 2 4 6 6 9 8 8 15 15 5 6 6 7 14 14 19 19 5 1 1 1
 36 36 21 35 35 24 25 25 25 25 25 25 25 11 8 8 2 2 21 30 30 31 7 7 2 2 4 6 6 9 8 8 15 15 5 6 6 7 14 14 19 19 5 1 1 1
 40 40 19 30 30 22 18 18 29 29 26 14 14 7 3 3 6 6 21 8 8 16 7 7 4 4 4 6 6 9 7 7 5 5 5 4 4 5 11 11 15 15 3 2 2 1
 21 21 16 16 16 15 15 15 32 32 36 23 23 8 5 5 2 2 2 5 5 13 4 4 5 5 7 11 11 8 7 7 6 6 10 8 8 4 2 2 8 8 10 3 3 0
 21 21 16 16 16 15 15 15 32 32 36 23 23 8 5 5 2 2 2 5 5 13 4 4 5 5 7 11 11 8 7 7 6 6 10 8 8 4 2 2 8 8 10 3 3 0
 18 18 14 25 25 17 21 21 36 36 31 27 27 20 6 6 3 3 15 11 11 10 10 10 16 16 8 14 14 9 7 7 13 13 7 2 2 3 3 3 12 12 13 11 11 3
 18 18 14 25 25 17 21 21 36 36 31 27 27 20 6 6 3 3 15 11 11 10 10 10 16 16 8 14 14 9 7 7 13 13 7 2 2 3 3 3 12 12 13 11 11 3
 21 21 16 14 14 20 29 29 36 36 53 33 33 18 12 12 20 20 19 30 30 31 18 18 15 15 8 10 10 6 4 4 6 6 3 4 4 4 10 10 15 15 8 6 6 3
 21 21 16 13 13 21 25 25 32 32 56 32 32 28 21 21 23 23 32 51 51 62 33 33 11 11 10 10 10 6 11 11 4 4 8 1 1 7 17 17 13 13 2 2 2 0
 21 21 16 13 13 21 25 25 32 32 56 32 32 28 21 21 23 23 32 51 51 62 33 33 11 11 10 10 10 6 11 11 4 4 8 1 1 7 17 17 13 13 2 2 2 0
 23 23 17 15 15 16 20 20 17 17 22 25 25 27 26 26 33 33 57 51 51 50 36 36 22 22 16 15 15 13 10 10 6 6 8 4 4 6 7 7 11 11 10 1 1 0
 31 31 17 18 18 29 16 16 14 14 18 24 24 28 27 27 24 24 27 46 46 40 30 30 31 31 22 31 31 28 11 11 15 15 8 1 1 3 7 7 10 10 9 1 1 0
 31 31 17 18 18 29 16 16 14 14 18 24 24 28 27 27 24 24 27 46 46 40 30 30 31 31 22 31 31 28 11 11 15 15 8 1 1 3 7 7 10 10 9 1 1 0
 33 33 22 37 37 19 22 22 22 22 22 25 25 25 27 27 35 35 32 39 39 32 48 48 25 25 34 33 33 30 24 24 14 14 16 5 5 9 12 12 12 12 8 1 1 1
 33 33 22 37 37 19 22 22 22 22 22 25 25 25 27 27 35 35 32 39 39 32 48 48 25 25 34 33 33 30 24 24 14 14 16 5 5 9 12 12 12 12 8 1 1 1
 41 41 45 38 38 28 33 33 34 34 29 30 30 29 37 37 42 42 30 26 26 30 50 50 62 62 37 32 32 42 20 20 28 28 24 15 15 13 9 9 13 13 10 7 7 8
 53 53 39 33 33 32 34 34 31 31 33 33 33 35 40 40 48 48 35 39 39 34 33 33 59 59 58 42 42 29 34 34 25 25 30 22 22 11 11 11 17 17 6 2 2 0
 53 53 39 33 33 32 34 34 31 31 33 33 33 35 40 40 48 48 35 39 39 34 33 33 59 59 58 42 42 29 34 34 25 25 30 22 22 11 11 11 17 17 6 2 2 0
 57 57 50 37 37 33 35 35 37 37 33 30 30 25 31 31 27 27 24 34 34 45 36 36 35 35 50 45 45 69 49 49 30 30 36 18 18 10 11 11 16 16 9 4 4 8
 64 64 52 46 46 40 38 38 33 33 33 32 32 26 23 23 27 27 26 34 34 39 30 30 21 21 31 36 36 45 61 61 70 70 40 23 23 16 19 19 17 17 17 7 7 4
 64 64 52 46 46 40 38 38 33 33 33 32 32 26 23 23 27 27 26 34 34 39 30 30 21 21 31 36 36 45 61 61 70 70 40 23 23 16 19 19 17 17 17 7 7 4
 64 64 55 55 55 42 42 42 41 41 40 39 39 33 29 29 32 32 29 29 29 34 34 34 25 25 31 40 40 44 56 56 65 65 43 33 33 20 25 25 29 29 16 9 9 2
 64 64 55 55 55 42 42 42 41 41 40 39 39 33 29 29 32 32 29 29 29 34 34 34 25 25 31 40 40 44 56 56 65 65 43 33 33 20 25 25 29 29 16 9 9 2
 63 63 61 63 63 48 46 46 46 46 47 42 42 38 38 38 34 34 32 31 31 33 31 31 23 23 22 25 25 33 32 32 41 41 35 28 28 23 28 28 32 32 25 24 24 11
 69 69 79 80 80 56 46 46 45 45 52 43 43 42 46 46 39 39 35 32 32 29 31 31 37 37 17 19 19 14 10 10 30 30 20 27 27 22 24 24 22 22 29 23 23 8
 69 69 79 80 80 56 46 46 45 45 52 43 43 42 46 46 39 39 35 32 32 29 31 31 37 37 17 19 19 14 10 10 30 30 20 27 27 22 24 24 22 22 29 23 23 8
 64 64 82 93 93 63 50 50 46 46 45 36 36 44 51 51 38 38 39 33 33 28 26 26 30 30 20 22 22 12 14 14 8 8 19 9 9 16 15 15 14 14 15 16 16 15
 70 70 84 93 93 67 55 55 43 43 47 36 36 41 40 40 30 30 36 31 31 24 21 21 14 14 20 13 13 16 5 5 5 5 12 10 10 9 9 9 18 18 10 4 4 5
