assets/RAT_results/precipitation/2018-08-13_IMERG.asc
ncols        46
nrows        77
xllcorner    74.800261325624
yllcorner    8.058333333333
cellsize     0.062500000000
NODATA_value -9999
 79 79 95 76 76 67 77 77 101 101 88 76 76 67 53 53 47 47 45 42 42 30 23 23 17 17 14 11 11 6 6 6 11 11 14 7 7 6 5 5 6 6 6 9 9 4
 64 64 73 77 77 88 79 79 78 78 74 61 61 65 48 48 50 50 38 38 38 26 17 17 10 10 15 9 9 6 7 7 13 13 6 6 6 5 2 2 4 4 6 1 1 1
 64 64 73 77 77 88 79 79 78 78 74 61 61 65 48 48 50 50 38 38 38 26 17 17 10 10 15 9 9 6 7 7 13 13 6 6 6 5 2 2 4 4 6 1 1 1
 56 56 53 66 66 78 83 83 76 76 63 61 61 57 39 39 39 39 36 35 35 25 15 15 17 17 16 15 15 11 13 13 12 12 10 6 6 2 2 2 2 2 1 1 1 2
 30 30 41 44 44 40 51 51 60 60 55 65 65 67 35 35 30 30 24 24 24 25 20 20 18 18 19 24 24 14 8 8 9 9 9 9 9 5 2 2 1 1 2 1 1 1
 30 30 41 44 44 40 51 51 60 60 55 65 65 67 35 35 30 30 24 24 24 25 20 20 18 18 19 24 24 14 8 8 9 9 9 9 9 5 2 2 1 1 2 1 1 1
 31 31 32 37 37 36 38 38 44 44 50 49 49 48 29 29 23 23 25 23 23 19 17 17 17 17 19 25 25 22 5 5 4 4 4 4 4 6 2 2 3 3 3 1 1 1
 31 31 32 37 37 36 38 38 44 44 50 49 49 48 29 29 23 23 25 23 23 19 17 17 17 17 19 25 25 22 5 5 4 4 4 4 4 6 2 2 3 3 3 1 1 1
 28 28 49 54 54 48 38 38 36 36 41 51 51 55 45 45 43 43 23 18 18 15 11 11 12 12 16 10 10 6 3 3 3 3 3 3 3 3 2 2 4 4 4 3 3 3
 24 24 37 41 41 45 38 38 44 44 45 67 67 60 45 45 42 42 50 24 24 21 12 12 9 9 10 8 8 6 3 3 3 3 3 5 5 2 5 5 2 2 4 4 4 3
 24 24 37 41 41 45 38 38 44 44 45 67 67 60 45 45 42 42 50 24 24 21 12 12 9 9 10 8 8 6 3 3 3 3 3 5 5 2 5 5 2 2 4 4 4 3
 20 20 34 31 31 40 38 38 36 36 37 53 53 60 60 60 54 54 47 26 26 22 17 17 13 13 13 9 9 5 7 7 3 3 5 7 7 6 4 4 3 3 5 3 3 3
 11 11 21 27 27 34 34 34 31 31 28 46 46 58 43 43 59 59 74 53 53 45 32 32 26 26 15 12 12 11 7 7 6 6 7 7 7 6 6 6 8 8 5 3 3 4
 11 11 21 27 27 34 34 34 31 31 28 46 46 58 43 43 59 59 74 53 53 45 32 32 26 26 15 12 12 11 7 7 6 6 7 7 7 6 6 6 8 8 5 3 3 4
 12 12 17 25 25 31 35 35 35 35 25 23 23 39 57 57 58 58 73 42 42 34 23 23 20 20 15 6 6 3 6 6 6 6 6 3 3 4 6 6 7 7 8 3 3 4
 12 12 17 25 25 31 35 35 35 35 25 23 23 39 57 57 58 58 73 42 42 34 23 23 20 20 15 6 6 3 6 6 6 6 6 3 3 4 6 6 7 7 8 3 3 4
 19 19 15 16 16 23 28 28 36 36 42 22 22 35 55 55 44 44 62 33 33 30 23 23 18 18 12 4 4 3 3 3 4 4 3 4 4 3 8 8 13 13 9 4 4 4
 21 21 17 18 18 28 30 30 26 26 29 29 29 26 30 30 42 42 38 19 19 17 16 16 9 9 9 6 6 6 4 4 3 3 2 2 2 2 7 7 10 10 6 5 5 3
 21 21 17 18 18 28 30 30 26 26 29 29 29 26 30 30 42 42 38 19 19 17 16 16 9 9 9 6 6 6 4 4 3 3 2 2 2 2 7 7 10 10 6 5 5 3
 20 20 21 17 17 20 32 32 40 40 47 21 21 27 33 33 22 22 23 15 15 11 16 16 16 16 11 9 9 12 8 8 4 4 5 3 3 1 4 4 3 3 4 2 2 4
 13 13 14 10 10 11 16 16 23 23 25 25 25 29 31 31 27 27 24 32 32 28 23 23 16 16 14 17 17 16 11 11 6 6 6 3 3 2 2 2 0 0 1 2 2 2
 13 13 14 10 10 11 16 16 23 23 25 25 25 29 31 31 27 27 24 32 32 28 23 23 16 16 14 17 17 16 11 11 6 6 6 3 3 2 2 2 0 0 1 2 2 2
 6 6 8 4 4 5 15 15 27 27 20 13 13 18 26 26 23 23 32 36 36 23 35 35 34 34 22 20 20 15 14 14 10 10 6 5 5 5 2 2 1 1 1 2 2 2
 6 6 8 4 4 5 15 15 27 27 20 13 13 18 26 26 23 23 32 36 36 23 35 35 34 34 22 20 20 15 14 14 10 10 6 5 5 5 2 2 1 1 1 2 2 2
 4 4 8 8 8 7 8 8 20 20 24 21 21 25 34 34 27 27 29 35 35 39 35 35 26 26 39 32 32 21 13 13 7 7 5 3 3 2 4 4 2 2 1 1 1 2
 4 4 7 11 11 12 21 21 16 16 12 19 19 20 27 27 23 23 35 33 33 41 33 33 28 28 37 28 28 24 12 12 4 4 2 1 1 0 2 2 1 1 0 0 0 0
 4 4 7 11 11 12 21 21 16 16 12 19 19 20 27 27 23 23 35 33 33 41 33 33 28 28 37 28 28 24 12 12 4 4 2 1 1 0 2 2 1 1 0 0 0 0
 2 2 2 2 2 3 6 6 13 13 11 11 11 13 16 16 16 16 21 28 28 28 32 32 37 37 38 25 25 24 10 10 4 4 3 1 1 0 0 0 0 0 0 0 0 0
 0 0 0 0 0 3 3 3 7 7 7 1 1 1 5 5 12 12 21 26 26 35 95 95 47 47 33 26 26 23 12 12 10 10 6 1 1 0 0 0 0 0 0 0 0 0
 0 0 0 0 0 3 3 3 7 7 7 1 1 1 5 5 12 12 21 26 26 35 95 95 47 47 33 26 26 23 12 12 10 10 6 1 1 0 0 0 0 0 0 0 0 0
 0 0 0 0 0 0 0 0 0 0 1 1 1 1 2 2 8 8 14 8 8 24 19 19 26 26 25 18 18 26 13 13 5 5 5 2 2 0 1 1 0 0 1 2 2 0
 0 0 0 0 0 0 0 0 0 0 1 1 1 1 2 2 8 8 14 8 8 24 19 19 26 26 25 18 18 26 13 13 5 5 5 2 2 0 1 1 0 0 1 2 2 0
 0 0 0 0 0 0 0 0 1 1 2 5 5 3 2 2 4 4 6 4 4 3 10 10 8 8 12 12 12 13 9 9 2 2 3 5 5 7 8 8 1 1 2 2 2 1
 0 0 0 0 0 0 0 0 1 1 4 3 3 2 2 2 3 3 4 5 5 2 5 5 6 6 7 2 2 5 6 6 5 5 3 7 7 8 5 5 4 4 1 1 1 1
 0 0 0 0 0 0 0 0 1 1 4 3 3 2 2 2 3 3 4 5 5 2 5 5 6 6 7 2 2 5 6 6 5 5 3 7 7 8 5 5 4 4 1 1 1 1
 0 0 0 0 0 0 0 0 1 1 1 1 1 1 2 2 3 3 3 6 6 5 1 1 1 1 0 1 1 3 4 4 2 2 2 1 1 5 0 0 0 0 0 0 0 1
 0 0 0 0 0 0 0 0 1 1 1 1 1 1 1 1 1 1 5 6 6 13 7 7 1 1 1 0 0 2 2 2 1 1 1 1 1 1 1 1 0 0 0 1 1 0
 0 0 0 0 0 0 0 0 1 1 1 1 1 1 1 1 1 1 5 6 6 13 7 7 1 1 1 0 0 2 2 2 1 1 1 1 1 1 1 1 0 0 0 1 1 0
 0 0 0 1 1 1 0 0 0 0 0 0 0 0 1 1 1 1 5 3 3 13 18 18 1 1 1 1 1 1 1 1 3 3 2 4 4 2 1 1 1 1 1 0 0 0
 0 0 0 1 1 1 0 0 0 0 0 0 0 0 1 1 1 1 5 3 3 13 18 18 1 1 1 1 1 1 1 1 3 3 2 4 4 2 1 1 1 1 1 0 0 0
 0 0 0 0 0 0 0 0 1 1 0 0 0 0 0 0 1 1 5 8 8 7 13 13 2 2 3 1 1 2 3 3 1 1 3 9 9 8 6 6 2 2 1 0 0 0
 0 0 0 0 0 0 0 0 1 1 7 5 5 0 0 0 0 0 4 8 8 9 13 13 10 10 1 1 1 2 10 10 8 8 15 16 16 14 7 7 4 4 3 1 1 1
 0 0 0 0 0 0 0 0 1 1 7 5 5 0 0 0 0 0 4 8 8 9 13 13 10 10 1 1 1 2 10 10 8 8 15 16 16 14 7 7 4 4 3 1 1 1
 0 0 0 0 0 4 4 4 8 8 12 6 6 0 0 0 1 1 5 6 6 8 15 15 10 10 1 1 1 4 8 8 5 5 6 10 10 11 9 9 7 7 4 2 2 1
 0 0 0 0 0 4 4 4 5 5 5 1 1 1 0 0 6 6 5 5 5 5 10 10 19 19 16 4 4 3 9 9 12 12 15 13 13 11 6 6 4 4 2 1 1 1
 0 0 0 0 0 4 4 4 5 5 5 1 1 1 0 0 6 6 5 5 5 5 10 10 19 19 16 4 4 3 9 9 12 12 15 13 13 11 6 6 4 4 2 1 1 1
 0 0 0 0 0 1 1 1 5 5 6 1 1 1 6 6 6 6 6 5 5 8 7 7 17 17 13 4 4 1 1 1 3 3 5 11 11 11 5 5 3 3 2 1 1 1
 0 0 0 0 0 1 1 1 5 5 6 1 1 1 6 6 6 6 6 5 5 8 7 7 17 17 13 4 4 1 1 1 3 3 5 11 11 11 5 5 3 3 2 1 1 1
 0 0 0 0 0 0 0 0 0 0 0 1 1 1 2 2 1 1 7 7 7 15 11 11 9 9 6 1 1 1 1 1 1 1 3 5 5 8 2 2 1 1 1 0 0 0
 0 0 0 0 0 0 0 0 0 0 0 0 0 1 2 2 1 1 8 6 6 23 6 6 9 9 5 2 2 1 1 1 1 1 6 6 6 2 1 1 0 0 0 0 0 0
 0 0 0 0 0 0 0 0 0 0 0 0 0 1 2 2 1 1 8 6 6 23 6 6 9 9 5 2 2 1 1 1 1 1 6 6 6 2 1 1 0 0 0 0 0 0
 0 0 0 0 0 0 0 0 0 0 1 0 0 0 0 0 1 1 2 6 6 12 4 4 9 9 7 3 3 2 2 2 4 4 4 3 3 3 1 1 0 0 0 0 0 0
 0 0 0 0 0 0 0 0 0 0 0 0 0 0 0 0 0 0 1 2 2 3 3 3 9 9 7 7 7 4 4 4 2 2 2 7 7 2 1 1 2 2 3 0 0 0
 0 0 0 0 0 0 0 0 0 0 0 0 0 0 0 0 0 0 1 2 2 3 3 3 9 9 7 7 7 4 4 4 2 2 2 7 7 2 1 1 2 2 3 0 0 0
 0 0 0 0 0 0 0 0 0 0 0 0 0 1 0 0 1 1 1 2 2 4 4 4 8 8 9 7 7 4 1 1 1 1 1 2 2 2 5 5 3 3 1 0 0 0
 0 0 0 0 0 0 0 0 0 0 0 0 0 1 0 0 1 1 1 2 2 4 4 4 8 8 9 7 7 4 1 1 1 1 1 2 2 2 5 5 3 3 1 0 0 0
 0 0 0 0 0 0 0 0 0 0 0 0 0 1 0 0 0 0 0 1 1 1 2 2 5 5 4 4 4 2 1 1 0 0 1 1 1 2 3 3 2 2 1 0 0 0
 0 0 0 0 0 0 0 0 0 0 0 0 0 1 1 1 1 1 1 1 1 0 1 1 1 1 2 3 3 1 1 1 0 0 1 1 1 4 4 4 1 1 0 0 0 0
 0 0 0 0 0 0 0 0 0 0 0 0 0 1 1 1 1 1 1 1 1 0 1 1 1 1 2 3 3 1 1 1 0 0 1 1 1 4 4 4 1 1 0 0 0 0
 0 0 0 0 0 0 0 0 0 0 0 1 1 2 1 1 1 1 1 1 1 1 1 1 1 1 1 2 2 1 0 0 1 1 1 1 1 5 1 1 0 0 0 0 0 0
 0 0 0 0 0 0 0 0 0 0 0 1 1 1 1 1 1 1 1 0 0 1 2 2 1 1 0 1 1 2 1 1 1 1 2 1 1 2 0 0 1 1 0 0 0 0
 0 0 0 0 0 0 0 0 0 0 0 1 1 1 1 1 1 1 1 0 0 1 2 2 1 1 0 1 1 2 1 1 1 1 2 1 1 2 0 0 1 1 0 0 0 0
 0 0 0 0 0 0 1 1 0 0 0 1 1 1 1 1 1 1 1 0 0 1 0 0 1 1 3 2 2 5 3 3 5 5 6 2 2 5 1 1 1 1 0 0 0 0
 0 0 0 0 0 0 1 1 0 0 0 1 1 1 1 1 1 1 1 0 0 1 0 0 1 1 3 2 2 5 3 3 5 5 6 2 2 5 1 1 1 1 0 0 0 0
 0 0 1 0 0 0 0 0 1 1 0 1 1 1 1 1 1 1 1 1 1 1 0 0 0 0 3 1 1 4 5 5 8 8 6 8 8 3 2 2 1 1 0 0 0 0
 0 0 0 0 0 0 0 0 0 0 0 0 0 1 1 1 1 1 1 1 1 1 0 0 0 0 1 1 1 2 3 3 5 5 10 10 10 8 8 8 5 5 3 2 2 1
 0 0 0 0 0 0 0 0 0 0 0 0 0 1 1 1 1 1 1 1 1 1 0 0 0 0 1 1 1 2 3 3 5 5 10 10 10 8 8 8 5 5 3 2 2 1
 0 0 0 0 0 0 0 0 0 0 0 0 0 0 0 0 0 0 1 1 1 1 0 0 1 1 1 1 1 1 2 2 2 2 7 7 7 9 7 7 8 8 3 5 5 3
 0 0 0 0 0 0 0 0 0 0 0 0 0 0 0 0 0 0 0 0 0 1 0 0 1 1 1 1 1 1 1 1 2 2 3 6 6 4 2 2 4 4 9 4 4 3
 0 0 0 0 0 0 0 0 0 0 0 0 0 0 0 0 0 0 0 0 0 1 0 0 1 1 1 1 1 1 1 1 2 2 3 6 6 4 2 2 4 4 9 4 4 3
 0 0 0 0 0 0 0 0 0 0 0 0 0 0 1 1 1 1 1 0 0 1 0 0 0 0 0 1 1 1 1 1 0 0 1 1 1 11 7 7 2 2 7 5 5 2
 0 0 0 0 0 0 0 0 0 0 0 0 0 0 1 1 1 1 1 0 0 1 0 0 0 0 0 1 1 1 1 1 0 0 1 1 1 11 7 7 2 2 7 5 5 2
 0 0 0 0 0 0 0 0 0 0 0 0 0 0 0 0 1 1 1 1 1 0 0 0 0 0 0 0 0 1 1 1 1 1 2 2 2 2 1 1 3 3 2 2 2 1
 2 2 1 2 2 2 1 1 1 1 0 0 0 0 2 2 0 0 0 1 1 1 1 1 0 0 1 1 1 0 0 0 0 0 0 1 1 2 2 2 3 3 2 2 2 5
 2 2 1 2 2 2 1 1 1 1 0 0 0 0 2 2 0 0 0 1 1 1 1 1 0 0 1 1 1 0 0 0 0 0 0 1 1 2 2 2 3 3 2 2 2 5
 5 5 6 6 6 3 1 1 1 1 0 1 1 0 0 0 0 0 0 0 0 0 0 0 0 0 0 1 1 0 0 0 0 0 1 1 1 1 2 2 7 7 3 3 3 7
 5 5 5 5 5 3 1 1 1 1 1 1 1 1 0 0 0 0 0 0 0 0 0 0 0 0 0 0 0 0 0 0 0 0 0 1 1 1 1 1 1 1 3 2 2 2
