assets/RAT_results/precipitation/2018-08-10_IMERG.asc
ncols        46
nrows        77
xllcorner    74.800261325624
yllcorner    8.058333333333
cellsize     0.062500000000
NODATA_value -9999
 73 73 73 65 65 56 50 50 43 43 42 27 27 12 9 9 8 8 5 4 4 3 2 2 1 1 1 0 0 0 0 0 0 0 0 1 1 1 2 2 0 0 0 0 0 0
 68 68 64 69 69 64 65 65 58 58 53 43 43 36 14 14 14 14 5 3 3 3 2 2 2 2 2 1 1 1 1 1 1 1 0 0 0 1 1 1 1 1 0 0 0 0
 68 68 64 69 69 64 65 65 58 58 53 43 43 36 14 14 14 14 5 3 3 3 2 2 2 2 2 1 1 1 1 1 1 1 0 0 0 1 1 1 1 1 0 0 0 0
 67 67 72 72 72 74 66 66 51 51 50 46 46 38 23 23 13 13 10 4 4 3 2 2 2 2 3 2 2 1 1 1 1 1 1 1 1 1 1 1 1 1 1 0 0 0
 55 55 80 79 79 67 47 47 52 52 47 45 45 36 22 22 17 17 11 5 5 3 2 2 2 2 3 2 2 2 2 2 1 1 1 1 1 1 1 1 1 1 1 0 0 0
 55 55 80 79 79 67 47 47 52 52 47 45 45 36 22 22 17 17 11 5 5 3 2 2 2 2 3 2 2 2 2 2 1 1 1 1 1 1 1 1 1 1 1 0 0 0
 35 35 44 52 52 40 30 30 30 30 33 30 30 24 23 23 22 22 9 7 7 5 3 3 3 3 4 5 5 3 3 3 2 2 2 1 1 1 1 1 1 1 1 0 0 0
 35 35 44 52 52 40 30 30 30 30 33 30 30 24 23 23 22 22 9 7 7 5 3 3 3 3 4 5 5 3 3 3 2 2 2 1 1 1 1 1 1 1 1 0 0 0
 19 19 21 41 41 41 30 30 27 27 21 22 22 23 23 23 20 20 11 8 8 4 2 2 2 2 3 3 3 3 3 3 3 3 3 1 1 0 0 0 0 0 0 0 0 0
 15 15 11 32 32 32 28 28 28 28 24 26 26 27 23 23 18 18 14 8 8 5 2 2 1 1 1 1 1 2 2 2 2 2 1 1 1 0 0 0 0 0 0 0 0 0
 15 15 11 32 32 32 28 28 28 28 24 26 26 27 23 23 18 18 14 8 8 5 2 2 1 1 1 1 1 2 2 2 2 2 1 1 1 0 0 0 0 0 0 0 0 0
 31 31 21 21 21 31 25 25 33 33 32 32 32 31 21 21 17 17 13 8 8 6 3 3 1 1 1 1 1 1 1 1 0 0 2 1 1 0 0 0 1 1 0 0 0 0
 32 32 20 31 31 31 34 34 38 38 34 29 29 27 26 26 22 22 20 9 9 6 2 2 1 1 1 1 1 1 1 1 1 1 2 1 1 1 1 1 1 1 1 0 0 1
 32 32 20 31 31 31 34 34 38 38 34 29 29 27 26 26 22 22 20 9 9 6 2 2 1 1 1 1 1 1 1 1 1 1 2 1 1 1 1 1 1 1 1 0 0 1
 25 25 25 32 32 27 34 34 41 41 35 26 26 28 27 27 20 20 20 17 17 16 3 3 2 2 2 1 1 1 1 1 1 1 1 1 1 2 1 1 1 1 1 1 1 1
 25 25 25 32 32 27 34 34 41 41 35 26 26 28 27 27 20 20 20 17 17 16 3 3 2 2 2 1 1 1 1 1 1 1 1 1 1 2 1 1 1 1 1 1 1 1
 36 36 38 42 42 38 37 37 43 43 40 37 37 33 23 23 30 30 28 18 18 20 11 11 3 3 2 2 2 2 1 1 1 1 1 2 2 2 2 2 2 2 2 2 2 2
 37 37 38 39 39 44 45 45 32 32 40 37 37 34 32 32 37 37 37 33 33 23 14 14 5 5 5 4 4 3 2 2 2 2 2 2 2 2 3 3 3 3 3 4 4 3
 37 37 38 39 39 44 45 45 32 32 40 37 37 34 32 32 37 37 37 33 33 23 14 14 5 5 5 4 4 3 2 2 2 2 2 2 2 2 3 3 3 3 3 4 4 3
 26 26 38 40 40 45 50 50 35 35 36 37 37 36 39 39 40 40 40 40 40 26 10 10 8 8 5 4 4 3 2 2 2 2 2 2 2 2 3 3 3 3 2 3 3 4
 19 19 28 14 14 20 19 19 18 18 30 40 40 36 31 31 30 30 32 33 33 20 20 20 9 9 5 3 3 2 2 2 1 1 1 1 1 1 2 2 2 2 2 3 3 3
 19 19 28 14 14 20 19 19 18 18 30 40 40 36 31 31 30 30 32 33 33 20 20 20 9 9 5 3 3 2 2 2 1 1 1 1 1 1 2 2 2 2 2 3 3 3
 9 9 13 12 12 13 15 15 9 9 20 31 31 33 23 23 31 31 29 27 27 14 13 13 5 5 2 4 4 3 3 3 3 3 2 2 2 2 3 3 4 4 3 3 3 2
 9 9 13 12 12 13 15 15 9 9 20 31 31 33 23 23 31 31 29 27 27 14 13 13 5 5 2 4 4 3 3 3 3 3 2 2 2 2 3 3 4 4 3 3 3 2
 7 7 6 6 6 6 6 6 7 7 19 27 27 24 27 27 28 28 29 31 31 19 13 13 12 12 4 7 7 7 5 5 2 2 2 2 2 2 3 3 4 4 4 3 3 2
 5 5 4 6 6 6 8 8 8 8 22 30 30 20 21 21 25 25 28 30 30 22 23 23 18 18 8 10 10 9 4 4 4 4 3 2 2 2 2 2 2 2 3 3 3 2
 5 5 4 6 6 6 8 8 8 8 22 30 30 20 21 21 25 25 28 30 30 22 23 23 18 18 8 10 10 9 4 4 4 4 3 2 2 2 2 2 2 2 3 3 3 2
 1 1 2 4 4 4 8 8 13 13 18 24 24 19 18 18 22 22 23 19 19 16 18 18 15 15 10 10 10 7 4 4 4 4 3 2 2 1 1 1 1 1 1 1 1 1
 1 1 3 3 3 5 10 10 15 15 26 15 15 12 13 13 15 15 15 15 15 15 16 16 16 16 10 10 10 2 3 3 3 3 2 2 2 1 1 1 1 1 1 0 0 0
 1 1 3 3 3 5 10 10 15 15 26 15 15 12 13 13 15 15 15 15 15 15 16 16 16 16 10 10 10 2 3 3 3 3 2 2 2 1 1 1 1 1 1 0 0 0
 3 3 2 2 2 4 6 6 10 10 15 5 5 3 10 10 16 16 16 11 11 10 12 12 13 13 11 10 10 5 2 2 1 1 1 2 2 1 1 1 1 1 1 1 1 1
 3 3 2 2 2 4 6 6 10 10 15 5 5 3 10 10 16 16 16 11 11 10 12 12 13 13 11 10 10 5 2 2 1 1 1 2 2 1 1 1 1 1 1 1 1 1
 4 4 3 3 3 4 5 5 14 14 10 7 7 4 12 12 21 21 13 13 13 11 12 12 13 13 10 10 10 5 5 5 3 3 1 1 1 1 1 1 1 1 1 1 1 2
 4 4 3 4 4 2 3 3 7 7 7 4 4 6 14 14 24 24 24 15 15 16 13 13 9 9 13 13 13 18 10 10 9 9 3 2 2 1 3 3 1 1 2 1 1 3
 4 4 3 4 4 2 3 3 7 7 7 4 4 6 14 14 24 24 24 15 15 16 13 13 9 9 13 13 13 18 10 10 9 9 3 2 2 1 3 3 1 1 2 1 1 3
 3 3 2 6 6 5 3 3 4 4 6 4 4 7 23 23 25 25 30 20 20 16 18 18 17 17 15 16 16 17 11 11 16 16 8 6 6 4 3 3 3 3 2 1 1 2
 4 4 1 2 2 6 3 3 4 4 3 9 9 9 7 7 15 15 14 19 19 15 11 11 18 18 23 18 18 15 14 14 16 16 19 7 7 4 2 2 2 2 2 2 2 3
 4 4 1 2 2 6 3 3 4 4 3 9 9 9 7 7 15 15 14 19 19 15 11 11 18 18 23 18 18 15 14 14 16 16 19 7 7 4 2 2 2 2 2 2 2 3
 3 3 3 2 2 2 3 3 4 4 4 8 8 8 7 7 15 15 16 17 17 19 17 17 21 21 12 12 12 16 22 22 16 16 19 8 8 4 3 3 3 3 2 2 2 2
 3 3 3 2 2 2 3 3 4 4 4 8 8 8 7 7 15 15 16 17 17 19 17 17 21 21 12 12 12 16 22 22 16 16 19 8 8 4 3 3 3 3 2 2 2 2
 1 1 1 1 1 2 2 2 2 2 4 2 2 6 11 11 11 11 11 23 23 21 21 21 16 16 12 12 12 19 24 24 21 21 20 12 12 7 3 3 3 3 3 3 3 2
 2 2 1 2 2 1 2 2 2 2 2 3 3 11 12 12 7 7 9 12 12 25 21 21 17 17 20 13 13 19 24 24 26 26 23 17 17 11 6 6 5 5 5 6 6 5
 2 2 1 2 2 1 2 2 2 2 2 3 3 11 12 12 7 7 9 12 12 25 21 21 17 17 20 13 13 19 24 24 26 26 23 17 17 11 6 6 5 5 5 6 6 5
 4 4 2 1 1 1 1 1 2 2 2 5 5 7 5 5 3 3 4 12 12 26 34 34 28 28 23 18 18 20 20 20 35 35 33 29 29 28 14 14 10 10 9 4 4 0
 2 2 1 0 0 0 1 1 2 2 2 4 4 11 4 4 14 14 3 10 10 15 30 30 19 19 23 25 25 31 27 27 44 44 41 38 38 31 20 20 10 10 5 3 3 1
 2 2 1 0 0 0 1 1 2 2 2 4 4 11 4 4 14 14 3 10 10 15 30 30 19 19 23 25 25 31 27 27 44 44 41 38 38 31 20 20 10 10 5 3 3 1
 1 1 1 0 0 0 0 0 2 2 2 11 11 11 13 13 13 13 8 9 9 15 15 15 23 23 19 17 17 22 24 24 32 32 35 42 42 46 27 27 9 9 7 4 4 1
 1 1 1 0 0 0 0 0 2 2 2 11 11 11 13 13 13 13 8 9 9 15 15 15 23 23 19 17 17 22 24 24 32 32 35 42 42 46 27 27 9 9 7 4 4 1
 0 0 0 0 0 0 1 1 2 2 1 4 4 5 9 9 9 9 4 4 4 14 19 19 19 19 25 16 16 24 36 36 38 38 51 42 42 32 24 24 9 9 8 3 3 1
 0 0 1 1 1 1 1 1 1 1 1 1 1 1 8 8 9 9 4 5 5 9 18 18 26 26 31 33 33 27 34 34 38 38 46 44 44 30 18 18 9 9 8 5 5 2
 0 0 1 1 1 1 1 1 1 1 1 1 1 1 8 8 9 9 4 5 5 9 18 18 26 26 31 33 33 27 34 34 38 38 46 44 44 30 18 18 9 9 8 5 5 2
 0 0 1 1 1 2 1 1 1 1 1 1 1 1 2 2 2 2 2 3 3 4 22 22 21 21 31 32 32 35 34 34 39 39 35 24 24 25 16 16 13 13 11 5 5 2
 0 0 0 0 0 2 2 2 1 1 1 1 1 1 1 1 3 3 3 3 3 4 16 16 28 28 35 46 46 46 48 48 41 41 37 28 28 27 20 20 18 18 11 12 12 4
 0 0 0 0 0 2 2 2 1 1 1 1 1 1 1 1 3 3 3 3 3 4 16 16 28 28 35 46 46 46 48 48 41 41 37 28 28 27 20 20 18 18 11 12 12 4
 0 0 0 0 0 1 0 0 2 2 2 3 3 2 2 2 2 2 4 4 4 10 15 15 26 26 28 32 32 48 40 40 38 38 41 38 38 29 25 25 19 19 18 11 11 7
 0 0 0 0 0 1 0 0 2 2 2 3 3 2 2 2 2 2 4 4 4 10 15 15 26 26 28 32 32 48 40 40 38 38 41 38 38 29 25 25 19 19 18 11 11 7
 0 0 0 1 1 1 1 1 2 2 3 4 4 3 3 3 2 2 3 3 3 3 16 16 25 25 24 27 27 27 30 30 37 37 39 40 40 35 27 27 23 23 19 10 10 3
 0 0 0 0 0 1 1 1 3 3 3 4 4 6 7 7 8 8 6 3 3 2 3 3 15 15 16 19 19 21 20 20 24 24 38 38 38 33 30 30 31 31 21 14 14 5
 0 0 0 0 0 1 1 1 3 3 3 4 4 6 7 7 8 8 6 3 3 2 3 3 15 15 16 19 19 21 20 20 24 24 38 38 38 33 30 30 31 31 21 14 14 5
 0 0 0 1 1 1 3 3 4 4 5 5 5 5 7 7 9 9 8 5 5 4 3 3 19 19 13 17 17 15 16 16 19 19 24 24 24 32 34 34 33 33 20 19 19 8
 0 0 0 2 2 3 5 5 6 6 5 5 5 4 5 5 4 4 6 5 5 12 6 6 19 19 17 19 19 16 15 15 14 14 18 21 21 23 33 33 31 31 19 12 12 5
 0 0 0 2 2 3 5 5 6 6 5 5 5 4 5 5 4 4 6 5 5 12 6 6 19 19 17 19 19 16 15 15 14 14 18 21 21 23 33 33 31 31 19 12 12 5
 0 0 1 2 2 3 4 4 5 5 5 6 6 5 4 4 4 4 5 6 6 12 19 19 33 33 30 32 32 31 18 18 17 17 18 20 20 20 24 24 18 18 18 7 7 6
 0 0 1 2 2 3 4 4 5 5 5 6 6 5 4 4 4 4 5 6 6 12 19 19 33 33 30 32 32 31 18 18 17 17 18 20 20 20 24 24 18 18 18 7 7 6
 1 1 1 2 2 3 3 3 3 3 4 5 5 5 5 5 4 4 6 15 15 21 14 14 21 21 26 29 29 35 24 24 26 26 23 18 18 24 26 26 22 22 19 7 7 5
 2 2 1 2 2 2 1 1 2 2 3 3 3 3 3 3 2 2 3 12 12 14 14 14 16 16 18 25 25 30 33 33 23 23 24 25 25 28 26 26 23 23 19 10 10 7
 2 2 1 2 2 2 1 1 2 2 3 3 3 3 3 3 2 2 3 12 12 14 14 14 16 16 18 25 25 30 33 33 23 23 24 25 25 28 26 26 23 23 19 10 10 7
 2 2 2 2 2 1 1 1 1 1 2 2 2 2 2 2 2 2 3 4 4 4 3 3 3 3 8 17 17 22 28 28 22 22 26 23 23 27 27 27 26 26 19 14 14 7
 1 1 2 0 0 1 1 1 1 1 1 1 1 1 1 1 1 1 1 2 2 3 2 2 2 2 2 5 5 18 18 18 16 16 19 15 15 11 11 11 19 19 16 17 17 8
 1 1 2 0 0 1 1 1 1 1 1 1 1 1 1 1 1 1 1 2 2 3 2 2 2 2 2 5 5 18 18 18 16 16 19 15 15 11 11 11 19 19 16 17 17 8
 1 1 1 0 0 0 1 1 1 1 1 1 1 2 2 2 2 2 1 1 1 1 10 10 11 11 18 21 21 11 12 12 7 7 13 8 8 5 6 6 9 9 14 13 13 4
 1 1 1 0 0 0 1 1 1 1 1 1 1 2 2 2 2 2 1 1 1 1 10 10 11 11 18 21 21 11 12 12 7 7 13 8 8 5 6 6 9 9 14 13 13 4
 1 1 1 1 1 1 2 2 2 2 4 4 4 1 2 2 2 2 1 1 1 2 2 2 3 3 19 21 21 12 9 9 6 6 7 3 3 3 3 3 3 3 5 6 6 1
 1 1 2 2 2 2 2 2 2 2 3 3 3 3 2 2 1 1 1 1 1 1 1 1 2 2 10 6 6 3 8 8 5 5 2 2 2 4 4 4 3 3 2 1 1 1
 1 1 2 2 2 2 2 2 2 2 3 3 3 3 2 2 1 1 1 1 1 1 1 1 2 2 10 6 6 3 8 8 5 5 2 2 2 4 4 4 3 3 2 1 1 1
 0 0 0 1 1 1 2 2 2 2 2 0 0 0 0 0 1 1 0 0 0 1 1 1 1 1 1 1 1 1 2 2 3 3 2 2 2 3 6 6 3 3 1 2 2 1
 0 0 1 1 1 1 1 1 0 0 2 1 1 0 0 0 0 0 0 0 0 0 0 0 1 1 1 2 2 2 1 1 1 1 0 2 2 4 3 3 2 2 2 1 1 0
