assets/RAT_results/precipitation/2018-08-11_IMERG.asc
ncols        46
nrows        77
xllcorner    74.800261325624
yllcorner    8.058333333333
cellsize     0.062500000000
NODATA_value -9999
 29 29 34 31 31 34 24 24 18 18 25 24 24 32 16 16 7 7 5 5 5 5 4 4 2 2 2 1 1 0 1 1 1 1 1 1 1 1 5 5 10 10 11 5 5 4
 30 30 25 28 28 30 24 24 14 14 16 20 20 27 18 18 17 17 15 11 11 9 6 6 4 4 3 1 1 1 0 0 0 0 1 3 3 3 6 6 4 4 6 8 8 5
 30 30 25 28 28 30 24 24 14 14 16 20 20 27 18 18 17 17 15 11 11 9 6 6 4 4 3 1 1 1 0 0 0 0 1 3 3 3 6 6 4 4 6 8 8 5
 18 18 21 23 23 21 28 28 29 29 34 28 28 26 30 30 25 25 18 17 17 13 8 8 4 4 4 1 1 1 0 0 1 1 0 1 1 1 1 1 2 2 5 5 5 4
 12 12 20 26 26 28 28 28 40 40 41 28 28 30 22 22 19 19 21 24 24 16 12 12 12 12 13 7 7 3 1 1 1 1 1 11 11 2 4 4 1 1 1 2 2 5
 12 12 20 26 26 28 28 28 40 40 41 28 28 30 22 22 19 19 21 24 24 16 12 12 12 12 13 7 7 3 1 1 1 1 1 11 11 2 4 4 1 1 1 2 2 5
 11 11 20 35 35 41 31 31 35 35 34 30 30 29 29 29 19 19 29 23 23 15 7 7 10 10 16 5 5 3 2 2 5 5 10 1 1 1 1 1 0 0 1 4 4 5
 11 11 20 35 35 41 31 31 35 35 34 30 30 29 29 29 19 19 29 23 23 15 7 7 10 10 16 5 5 3 2 2 5 5 10 1 1 1 1 1 0 0 1 4 4 5
 10 10 22 32 32 43 38 38 28 28 38 35 35 31 28 28 20 20 26 20 20 13 5 5 7 7 6 2 2 1 1 1 1 1 2 1 1 1 1 1 0 0 0 0 0 2
 7 7 16 25 25 39 38 38 27 27 20 28 28 25 26 26 15 15 11 10 10 6 4 4 5 5 1 1 1 0 1 1 0 0 1 1 1 1 0 0 0 0 1 1 1 1
 7 7 16 25 25 39 38 38 27 27 20 28 28 25 26 26 15 15 11 10 10 6 4 4 5 5 1 1 1 0 1 1 0 0 1 1 1 1 0 0 0 0 1 1 1 1
 8 8 10 16 16 31 34 34 24 24 25 17 17 15 19 19 13 13 13 14 14 10 4 4 3 3 2 1 1 3 0 0 1 1 1 0 0 1 1 1 1 1 1 1 1 1
 15 15 15 23 23 35 36 36 25 25 21 12 12 12 11 11 17 17 17 19 19 15 9 9 3 3 4 7 7 1 0 0 1 1 1 1 1 1 0 0 0 0 1 1 1 2
 15 15 15 23 23 35 36 36 25 25 21 12 12 12 11 11 17 17 17 19 19 15 9 9 3 3 4 7 7 1 0 0 1 1 1 1 1 1 0 0 0 0 1 1 1 2
 22 22 22 23 23 40 41 41 24 24 21 14 14 19 12 12 16 16 20 21 21 15 8 8 5 5 6 3 3 1 1 1 1 1 1 1 1 1 1 1 1 1 1 1 1 1
 22 22 22 23 23 40 41 41 24 24 21 14 14 19 12 12 16 16 20 21 21 15 8 8 5 5 6 3 3 1 1 1 1 1 1 1 1 1 1 1 1 1 1 1 1 1
 32 32 31 36 36 47 33 33 23 23 25 23 23 26 21 21 22 22 21 29 29 20 9 9 8 8 7 3 3 2 2 2 2 2 2 2 2 1 2 2 2 2 1 1 1 0
 61 61 38 30 30 36 32 32 24 24 29 28 28 19 25 25 25 25 23 20 20 23 16 16 14 14 11 2 2 2 2 2 1 1 2 2 2 2 2 2 2 2 2 1 1 2
 61 61 38 30 30 36 32 32 24 24 29 28 28 19 25 25 25 25 23 20 20 23 16 16 14 14 11 2 2 2 2 2 1 1 2 2 2 2 2 2 2 2 2 1 1 2
 49 49 39 30 30 19 28 28 30 30 28 30 30 25 23 23 16 16 18 19 19 25 14 14 11 11 9 6 6 2 1 1 1 1 1 1 1 1 3 3 2 2 2 2 2 3
 32 32 45 22 22 25 22 22 24 24 23 34 34 25 41 41 29 29 26 26 26 19 17 17 13 13 5 9 9 3 1 1 2 2 1 1 1 2 4 4 2 2 2 1 1 1
 32 32 45 22 22 25 22 22 24 24 23 34 34 25 41 41 29 29 26 26 26 19 17 17 13 13 5 9 9 3 1 1 2 2 1 1 1 2 4 4 2 2 2 1 1 1
 24 24 23 30 30 21 27 27 31 31 40 30 30 31 25 25 27 27 26 43 43 24 24 24 10 10 6 5 5 6 4 4 4 4 6 5 5 10 3 3 2 2 3 1 1 2
 24 24 23 30 30 21 27 27 31 31 40 30 30 31 25 25 27 27 26 43 43 24 24 24 10 10 6 5 5 6 4 4 4 4 6 5 5 10 3 3 2 2 3 1 1 2
 18 18 15 20 20 21 15 15 31 31 27 27 27 32 25 25 22 22 29 20 20 27 33 33 11 11 7 6 6 9 8 8 7 7 6 4 4 1 1 1 1 1 1 1 1 1
 13 13 10 9 9 14 12 12 14 14 13 15 15 25 26 26 27 27 21 22 22 17 24 24 19 19 10 10 10 13 9 9 9 9 7 3 3 1 1 1 1 1 1 1 1 0
 13 13 10 9 9 14 12 12 14 14 13 15 15 25 26 26 27 27 21 22 22 17 24 24 19 19 10 10 10 13 9 9 9 9 7 3 3 1 1 1 1 1 1 1 1 0
 13 13 8 8 8 8 11 11 6 6 10 17 17 22 27 27 30 30 29 25 25 28 31 31 22 22 22 23 23 14 10 10 7 7 4 1 1 1 1 1 1 1 1 0 0 1
 10 10 6 5 5 6 6 6 6 6 8 15 15 20 24 24 29 29 33 33 33 27 30 30 32 32 24 20 20 23 8 8 9 9 3 1 1 1 1 1 1 1 1 0 0 0
 10 10 6 5 5 6 6 6 6 6 8 15 15 20 24 24 29 29 33 33 33 27 30 30 32 32 24 20 20 23 8 8 9 9 3 1 1 1 1 1 1 1 1 0 0 0
 9 9 5 4 4 3 3 3 5 5 7 8 8 14 19 19 24 24 25 20 20 23 26 26 38 38 32 17 17 13 14 14 7 7 3 2 2 1 2 2 2 2 1 0 0 1
 9 9 5 4 4 3 3 3 5 5 7 8 8 14 19 19 24 24 25 20 20 23 26 26 38 38 32 17 17 13 14 14 7 7 3 2 2 1 2 2 2 2 1 0 0 1
 7 7 3 2 2 3 1 1 3 3 4 7 7 8 13 13 19 19 22 23 23 15 13 13 22 22 21 16 16 11 11 11 7 7 6 3 3 2 2 2 2 2 1 1 1 1
 5 5 3 2 2 2 2 2 3 3 6 5 5 3 9 9 14 14 25 17 17 14 17 17 29 29 16 16 16 21 14 14 26 26 6 6 6 3 2 2 1 1 2 1 1 1
 5 5 3 2 2 2 2 2 3 3 6 5 5 3 9 9 14 14 25 17 17 14 17 17 29 29 16 16 16 21 14 14 26 26 6 6 6 3 2 2 1 1 2 1 1 1
 4 4 4 2 2 2 4 4 6 6 8 9 9 2 4 4 12 12 19 20 20 20 7 7 13 13 19 5 5 9 15 15 6 6 7 7 7 3 2 2 3 3 1 0 0 0
 4 4 2 2 2 2 4 4 7 7 9 13 13 1 2 2 4 4 11 16 16 17 13 13 9 9 12 8 8 5 8 8 11 11 11 7 7 3 3 3 3 3 3 1 1 1
 4 4 2 2 2 2 4 4 7 7 9 13 13 1 2 2 4 4 11 16 16 17 13 13 9 9 12 8 8 5 8 8 11 11 11 7 7 3 3 3 3 3 3 1 1 1
 4 4 2 2 2 3 2 2 3 3 6 10 10 2 2 2 3 3 4 9 9 10 9 9 12 12 11 11 11 8 7 7 10 10 8 7 7 6 4 4 4 4 3 2 2 1
 4 4 2 2 2 3 2 2 3 3 6 10 10 2 2 2 3 3 4 9 9 10 9 9 12 12 11 11 11 8 7 7 10 10 8 7 7 6 4 4 4 4 3 2 2 1
 2 2 7 14 14 8 3 3 3 3 11 3 3 1 2 2 3 3 4 8 8 6 6 6 7 7 3 5 5 9 10 10 10 10 10 6 6 6 5 5 5 5 4 3 3 3
 2 2 7 12 12 10 3 3 3 3 8 2 2 1 3 3 2 2 3 4 4 5 4 4 2 2 1 1 1 2 5 5 8 8 4 4 4 8 9 9 7 7 6 7 7 4
 2 2 7 12 12 10 3 3 3 3 8 2 2 1 3 3 2 2 3 4 4 5 4 4 2 2 1 1 1 2 5 5 8 8 4 4 4 8 9 9 7 7 6 7 7 4
 1 1 1 1 1 1 1 1 1 1 2 1 1 1 1 1 3 3 3 4 4 7 4 4 3 3 1 1 1 1 3 3 2 2 3 6 6 11 11 11 8 8 8 4 4 4
 0 0 0 0 0 1 1 1 1 1 1 1 1 1 1 1 2 2 3 5 5 4 4 4 3 3 1 1 1 3 3 3 3 3 6 5 5 11 9 9 6 6 3 3 3 2
 0 0 0 0 0 1 1 1 1 1 1 1 1 1 1 1 2 2 3 5 5 4 4 4 3 3 1 1 1 3 3 3 3 3 6 5 5 11 9 9 6 6 3 3 3 2
 0 0 1 0 0 1 1 1 1 1 1 2 2 1 3 3 3 3 2 3 3 4 2 2 4 4 2 1 1 1 2 2 6 6 4 4 4 6 7 7 8 8 3 2 2 2
 0 0 1 0 0 1 1 1 1 1 1 2 2 1 3 3 3 3 2 3 3 4 2 2 4 4 2 1 1 1 2 2 6 6 4 4 4 6 7 7 8 8 3 2 2 2
 1 1 2 1 1 1 1 1 1 1 1 2 2 1 3 3 3 3 6 2 2 2 2 2 4 4 4 3 3 3 3 3 3 3 4 4 4 4 6 6 6 6 6 3 3 1
 0 0 0 0 0 1 10 10 4 4 1 2 2 3 3 3 5 5 6 2 2 2 3 3 4 4 6 3 3 2 3 3 3 3 4 4 4 6 5 5 4 4 2 1 1 1
 0 0 0 0 0 1 10 10 4 4 1 2 2 3 3 3 5 5 6 2 2 2 3 3 4 4 6 3 3 2 3 3 3 3 4 4 4 6 5 5 4 4 2 1 1 1
 0 0 0 0 0 4 8 8 6 6 2 2 2 3 5 5 5 5 4 1 1 1 2 2 3 3 3 2 2 1 2 2 4 4 6 5 5 4 4 4 3 3 4 2 2 1
 0 0 0 1 1 5 9 9 7 7 2 3 3 4 4 4 4 4 1 0 0 1 3 3 4 4 3 3 3 2 2 2 3 3 2 3 3 4 5 5 3 3 4 5 5 1
 0 0 0 1 1 5 9 9 7 7 2 3 3 4 4 4 4 4 1 0 0 1 3 3 4 4 3 3 3 2 2 2 3 3 2 3 3 4 5 5 3 3 4 5 5 1
 0 0 0 0 0 1 2 2 6 6 5 3 3 6 3 3 3 3 0 2 2 2 4 4 3 3 4 3 3 2 3 3 1 1 3 1 1 2 1 1 3 3 5 4 4 0
 0 0 0 0 0 1 2 2 6 6 5 3 3 6 3 3 3 3 0 2 2 2 4 4 3 3 4 3 3 2 3 3 1 1 3 1 1 2 1 1 3 3 5 4 4 0
 1 1 1 0 0 1 1 1 7 7 7 2 2 6 3 3 2 2 0 0 0 3 6 6 6 6 4 4 4 3 3 3 2 2 0 1 1 1 1 1 1 1 1 1 1 0
 0 0 1 1 1 2 4 4 5 5 4 3 3 3 3 3 2 2 2 1 1 2 4 4 5 5 5 3 3 2 2 2 1 1 0 0 0 0 1 1 6 6 1 1 1 1
 0 0 1 1 1 2 4 4 5 5 4 3 3 3 3 3 2 2 2 1 1 2 4 4 5 5 5 3 3 2 2 2 1 1 0 0 0 0 1 1 6 6 1 1 1 1
 1 1 1 1 1 1 7 7 1 1 3 3 3 2 2 2 2 2 2 3 3 6 3 3 7 7 7 3 3 2 3 3 1 1 0 0 0 1 1 1 2 2 2 3 3 2
 0 0 1 1 1 5 5 5 1 1 3 5 5 4 2 2 2 2 3 7 7 12 3 3 10 10 11 11 11 5 1 1 1 1 1 1 1 1 2 2 4 4 1 3 3 2
 0 0 1 1 1 5 5 5 1 1 3 5 5 4 2 2 2 2 3 7 7 12 3 3 10 10 11 11 11 5 1 1 1 1 1 1 1 1 2 2 4 4 1 3 3 2
 0 0 1 1 1 1 1 1 1 1 7 15 15 5 3 3 4 4 3 3 3 10 9 9 13 13 15 14 14 7 2 2 1 1 1 1 1 1 1 1 2 2 4 1 1 1
 0 0 1 1 1 1 1 1 1 1 7 15 15 5 3 3 4 4 3 3 3 10 9 9 13 13 15 14 14 7 2 2 1 1 1 1 1 1 1 1 2 2 4 1 1 1
 0 0 1 1 1 0 1 1 1 1 6 14 14 13 3 3 7 7 4 2 2 1 9 9 7 7 9 7 7 8 2 2 1 1 1 1 1 1 1 1 3 3 1 1 1 1
 0 0 1 1 1 1 0 0 2 2 4 9 9 9 9 9 4 4 6 1 1 1 4 4 6 6 5 6 6 8 4 4 5 5 2 2 2 1 1 1 4 4 1 1 1 1
 0 0 1 1 1 1 0 0 2 2 4 9 9 9 9 9 4 4 6 1 1 1 4 4 6 6 5 6 6 8 4 4 5 5 2 2 2 1 1 1 4 4 1 1 1 1
 0 0 1 1 1 1 2 2 11 11 3 2 2 1 1 1 2 2 6 3 3 0 0 0 0 0 0 5 5 5 5 5 6 6 5 3 3 1 1 1 3 3 2 1 1 1
 1 1 1 0 0 0 5 5 11 11 1 0 0 0 0 0 0 0 1 3 3 3 2 2 1 1 0 4 4 1 1 1 2 2 4 4 4 3 1 1 1 1 2 2 2 1
 1 1 1 0 0 0 5 5 11 11 1 0 0 0 0 0 0 0 1 3 3 3 2 2 1 1 0 4 4 1 1 1 2 2 4 4 4 3 1 1 1 1 2 2 2 1
 1 1 1 0 0 1 6 6 6 6 1 0 0 0 1 1 1 1 1 2 2 3 2 2 0 0 0 1 1 1 2 2 2 2 3 2 2 1 2 2 1 1 1 2 2 1
 1 1 1 0 0 1 6 6 6 6 1 0 0 0 1 1 1 1 1 2 2 3 2 2 0 0 0 1 1 1 2 2 2 2 3 2 2 1 2 2 1 1 1 2 2 1
 1 1 1 1 1 1 3 3 1 1 1 0 0 1 1 1 1 1 0 2 2 1 2 2 2 2 5 3 3 2 2 2 1 1 5 3 3 2 1 1 1 1 2 1 1 1
 1 1 0 1 1 1 1 1 0 0 0 0 0 1 1 1 1 1 1 2 2 2 3 3 3 3 7 6 6 1 0 0 2 2 3 2 2 3 2 2 1 1 1 1 1 1
 1 1 0 1 1 1 1 1 0 0 0 0 0 1 1 1 1 1 1 2 2 2 3 3 3 3 7 6 6 1 0 0 2 2 3 2 2 3 2 2 1 1 1 1 1 1
 1 1 1 0 0 0 1 1 2 2 1 0 0 0 1 1 1 1 2 3 3 2 2 2 1 1 1 3 3 0 0 0 2 2 3 3 3 3 3 3 1 1 1 1 1 1
 2 2 6 0 0 1 1 1 1 1 4 0 0 1 1 1 1 1 2 2 2 1 1 1 1 1 1 1 1 1 1 1 0 0 1 2 2 3 3 3 2 2 2 1 1 1
