assets/RAT_results/precipitation/2018-05-03_IMERG.asc
ncols        46
nrows        77
xllcorner    74.800261325624
yllcorner    8.058333333333
cellsize     0.062500000000
NODATA_value -9999
 5 5 6 5 5 3 4 4 4 4 7 29 29 13 22 22 12 12 28 31 31 41 27 27 31 31 20 16 16 12 19 19 18 18 21 21 21 22 19 19 19 19 20 18 18 47
 3 3 5 4 4 2 2 2 10 10 16 18 18 16 19 19 19 19 18 32 32 30 35 35 13 13 21 22 22 19 21 21 24 24 24 23 23 37 29 29 29 29 48 51 51 47
 3 3 5 4 4 2 2 2 10 10 16 18 18 16 19 19 19 19 18 32 32 30 35 35 13 13 21 22 22 19 21 21 24 24 24 23 23 37 29 29 29 29 48 51 51 47
 2 2 4 3 3 2 2 2 3 3 18 19 19 20 15 15 15 15 21 27 27 23 9 9 14 14 15 18 18 22 34 34 31 31 35 38 38 37 30 30 29 29 27 33 33 33
 1 1 1 1 1 1 1 1 3 3 12 16 16 15 13 13 20 20 16 23 23 22 11 11 12 12 8 17 17 16 27 27 32 32 37 67 67 72 35 35 34 34 31 30 30 34
 1 1 1 1 1 1 1 1 3 3 12 16 16 15 13 13 20 20 16 23 23 22 11 11 12 12 8 17 17 16 27 27 32 32 37 67 67 72 35 35 34 34 31 30 30 34
 1 1 1 2 2 1 2 2 3 3 6 8 8 13 15 15 14 14 16 23 23 13 14 14 13 13 19 23 23 14 33 33 35 35 37 68 68 69 32 32 24 24 21 20 20 20
 1 1 1 2 2 1 2 2 3 3 6 8 8 13 15 15 14 14 16 23 23 13 14 14 13 13 19 23 23 14 33 33 35 35 37 68 68 69 32 32 24 24 21 20 20 20
 1 1 1 2 2 2 2 2 13 13 6 8 8 13 13 13 13 13 14 10 10 13 15 15 16 16 21 25 25 17 20 20 28 28 31 47 47 48 47 47 28 28 22 25 25 25
 1 1 1 2 2 2 5 5 7 7 7 7 7 11 7 7 5 5 7 10 10 12 21 21 17 17 21 24 24 17 19 19 31 31 36 51 51 25 24 24 21 21 20 23 23 28
 1 1 1 2 2 2 5 5 7 7 7 7 7 11 7 7 5 5 7 10 10 12 21 21 17 17 21 24 24 17 19 19 31 31 36 51 51 25 24 24 21 21 20 23 23 28
 1 1 2 2 2 3 3 3 4 4 4 13 13 13 12 12 6 6 14 9 9 11 19 19 21 21 21 20 20 20 22 22 26 26 27 27 27 25 24 24 23 23 22 23 23 27
 1 1 3 3 3 5 5 5 13 13 7 14 14 14 13 13 14 14 15 14 14 15 17 17 20 20 22 25 25 20 23 23 27 27 28 26 26 23 25 25 23 23 23 24 24 21
 1 1 3 3 3 5 5 5 13 13 7 14 14 14 13 13 14 14 15 14 14 15 17 17 20 20 22 25 25 20 23 23 27 27 28 26 26 23 25 25 23 23 23 24 24 21
 2 2 3 4 4 7 10 10 18 18 26 23 23 58 57 57 60 60 60 27 27 16 18 18 16 16 22 25 25 33 34 34 34 34 36 34 34 25 26 26 25 25 21 23 23 19
 2 2 3 4 4 7 10 10 18 18 26 23 23 58 57 57 60 60 60 27 27 16 18 18 16 16 22 25 25 33 34 34 34 34 36 34 34 25 26 26 25 25 21 23 23 19
 2 2 3 5 5 6 17 17 20 20 27 26 26 70 70 70 69 69 63 29 29 16 14 14 20 20 22 29 29 34 36 36 36 36 37 37 37 27 27 27 25 25 22 25 25 19
 4 4 5 7 7 12 22 22 38 38 52 54 54 84 71 71 76 76 43 42 42 29 20 20 20 20 26 30 30 36 36 36 37 37 40 40 40 37 31 31 30 30 23 20 20 19
 4 4 5 7 7 12 22 22 38 38 52 54 54 84 71 71 76 76 43 42 42 29 20 20 20 20 26 30 30 36 36 36 37 37 40 40 40 37 31 31 30 30 23 20 20 19
 3 3 5 10 10 17 28 28 42 42 80 62 62 38 67 67 67 67 37 43 43 28 24 24 26 26 29 28 28 41 42 42 42 42 43 36 36 35 30 30 30 30 30 20 20 19
 4 4 8 15 15 26 38 38 52 52 52 67 67 37 68 68 70 70 42 43 43 37 27 27 34 34 32 31 31 36 39 39 42 42 38 33 33 34 33 33 26 26 26 17 17 10
 4 4 8 15 15 26 38 38 52 52 52 67 67 37 68 68 70 70 42 43 43 37 27 27 34 34 32 31 31 36 39 39 42 42 38 33 33 34 33 33 26 26 26 17 17 10
 4 4 10 15 15 25 36 36 40 40 32 42 42 31 38 38 38 38 39 33 33 34 34 34 30 30 33 37 37 37 44 44 46 46 47 35 35 38 38 38 24 24 24 15 15 9
 4 4 10 15 15 25 36 36 40 40 32 42 42 31 38 38 38 38 39 33 33 34 34 34 30 30 33 37 37 37 44 44 46 46 47 35 35 38 38 38 24 24 24 15 15 9
 4 4 5 10 10 15 20 20 28 28 33 16 16 15 19 19 31 31 30 24 24 26 24 24 28 28 29 36 36 33 55 55 67 67 64 60 60 41 32 32 23 23 18 21 21 13
 5 5 6 9 9 9 6 6 8 8 20 8 8 11 21 21 22 22 21 20 20 21 20 20 20 20 23 26 26 39 57 57 71 71 67 63 63 57 59 59 31 31 22 25 25 43
 5 5 6 9 9 9 6 6 8 8 20 8 8 11 21 21 22 22 21 20 20 21 20 20 20 20 23 26 26 39 57 57 71 71 67 63 63 57 59 59 31 31 22 25 25 43
 6 6 6 9 9 13 13 13 8 8 9 19 19 16 14 14 18 18 22 24 24 21 17 17 17 17 20 26 26 51 56 56 46 46 45 40 40 60 59 59 30 30 21 27 27 47
 6 6 11 11 11 13 12 12 11 11 9 19 19 12 15 15 27 27 22 30 30 23 20 20 33 33 55 57 57 49 52 52 59 59 43 42 42 56 47 47 47 47 56 57 57 54
 6 6 11 11 11 13 12 12 11 11 9 19 19 12 15 15 27 27 22 30 30 23 20 20 33 33 55 57 57 49 52 52 59 59 43 42 42 56 47 47 47 47 56 57 57 54
 5 5 10 11 11 15 15 15 17 17 14 12 12 23 17 17 20 20 22 29 29 14 17 17 58 58 60 54 54 43 50 50 48 48 72 53 53 48 58 58 52 52 46 39 39 51
 5 5 10 11 11 15 15 15 17 17 14 12 12 23 17 17 20 20 22 29 29 14 17 17 58 58 60 54 54 43 50 50 48 48 72 53 53 48 58 58 52 52 46 39 39 51
 5 5 9 11 11 15 14 14 17 17 14 14 14 17 18 18 12 12 15 23 23 24 64 64 69 69 67 66 66 70 69 69 69 69 74 75 75 50 60 60 53 53 46 36 36 36
 6 6 10 10 10 14 14 14 20 20 14 16 16 16 17 17 15 15 16 15 15 20 32 32 57 57 90 66 66 63 72 72 68 68 70 74 74 67 55 55 30 30 31 17 17 26
 6 6 10 10 10 14 14 14 20 20 14 16 16 16 17 17 15 15 16 15 15 20 32 32 57 57 90 66 66 63 72 72 68 68 70 74 74 67 55 55 30 30 31 17 17 26
 10 10 10 15 15 16 26 26 25 25 16 18 18 17 20 20 16 16 11 27 27 15 24 24 59 59 90 72 72 78 76 76 74 74 71 73 73 65 63 63 32 32 31 14 14 18
 10 10 8 14 14 15 27 27 23 23 25 16 16 23 20 20 17 17 17 17 17 18 22 22 25 25 55 52 52 42 61 61 53 53 78 68 68 61 61 61 40 40 12 11 11 10
 10 10 8 14 14 15 27 27 23 23 25 16 16 23 20 20 17 17 17 17 17 18 22 22 25 25 55 52 52 42 61 61 53 53 78 68 68 61 61 61 40 40 12 11 11 10
 10 10 8 17 17 13 23 23 21 21 27 15 15 13 21 21 19 19 17 11 11 16 22 22 23 23 30 32 32 36 45 45 45 45 57 41 41 37 30 30 26 26 18 11 11 14
 10 10 8 17 17 13 23 23 21 21 27 15 15 13 21 21 19 19 17 11 11 16 22 22 23 23 30 32 32 36 45 45 45 45 57 41 41 37 30 30 26 26 18 11 11 14
 8 8 6 14 14 22 21 21 29 29 30 14 14 14 17 17 19 19 18 11 11 15 19 19 24 24 19 19 19 19 23 23 19 19 18 36 36 15 16 16 23 23 17 20 20 13
 3 3 11 9 9 18 25 25 57 57 32 19 19 14 18 18 17 17 13 16 16 9 14 14 19 19 15 12 12 12 18 18 13 13 12 12 12 10 22 22 26 26 17 20 20 10
 3 3 11 9 9 18 25 25 57 57 32 19 19 14 18 18 17 17 13 16 16 9 14 14 19 19 15 12 12 12 18 18 13 13 12 12 12 10 22 22 26 26 17 20 20 10
 1 1 9 10 10 18 18 18 52 52 39 20 20 20 16 16 13 13 13 14 14 24 24 24 24 24 10 13 13 8 8 8 5 5 7 8 8 8 19 19 19 19 25 23 23 19
 2 2 6 5 5 15 15 15 19 19 19 20 20 16 13 13 16 16 25 18 18 26 17 17 21 21 10 10 10 9 7 7 6 6 4 7 7 9 8 8 18 18 22 27 27 24
 2 2 6 5 5 15 15 15 19 19 19 20 20 16 13 13 16 16 25 18 18 26 17 17 21 21 10 10 10 9 7 7 6 6 4 7 7 9 8 8 18 18 22 27 27 24
 1 1 2 2 2 10 13 13 14 14 16 20 20 12 11 11 10 10 20 18 18 22 72 72 24 24 20 13 13 8 6 6 5 5 4 10 10 12 10 10 20 20 22 24 24 24
 1 1 2 2 2 10 13 13 14 14 16 20 20 12 11 11 10 10 20 18 18 22 72 72 24 24 20 13 13 8 6 6 5 5 4 10 10 12 10 10 20 20 22 24 24 24
 2 2 2 3 3 3 7 7 8 8 16 13 13 12 11 11 13 13 17 37 37 24 71 71 26 26 26 17 17 12 8 8 3 3 2 3 3 11 11 11 14 14 16 12 12 12
 1 1 1 3 3 2 7 7 3 3 10 7 7 6 4 4 11 11 19 47 47 69 67 67 23 23 23 18 18 16 9 9 4 4 3 3 3 6 7 7 12 12 12 12 12 3
 1 1 1 3 3 2 7 7 3 3 10 7 7 6 4 4 11 11 19 47 47 69 67 67 23 23 23 18 18 16 9 9 4 4 3 3 3 6 7 7 12 12 12 12 12 3
 1 1 1 2 2 1 4 4 5 5 3 6 6 3 2 2 3 3 8 7 7 19 19 19 19 19 24 18 18 11 8 8 3 3 3 4 4 7 4 4 3 3 3 3 3 2
 0 0 0 0 0 2 2 2 3 3 2 4 4 1 1 1 1 1 1 3 3 16 16 16 18 18 15 16 16 6 4 4 3 3 4 4 4 4 3 3 3 3 3 2 2 1
 0 0 0 0 0 2 2 2 3 3 2 4 4 1 1 1 1 1 1 3 3 16 16 16 18 18 15 16 16 6 4 4 3 3 4 4 4 4 3 3 3 3 3 2 2 1
 0 0 0 0 0 1 1 1 1 1 1 2 2 1 1 1 1 1 0 1 1 11 9 9 14 14 12 4 4 4 4 4 10 10 10 3 3 3 2 2 2 2 2 1 1 0
 0 0 0 0 0 1 1 1 1 1 1 2 2 1 1 1 1 1 0 1 1 11 9 9 14 14 12 4 4 4 4 4 10 10 10 3 3 3 2 2 2 2 2 1 1 0
 0 0 0 0 0 1 1 1 1 1 1 1 1 1 1 1 1 1 0 0 0 1 7 7 11 11 8 2 2 3 3 3 8 8 11 3 3 1 1 1 1 1 1 0 0 0
 0 0 1 0 0 1 1 1 1 1 1 1 1 1 1 1 1 1 0 0 0 0 6 6 6 6 2 1 1 1 1 1 4 4 4 3 3 1 1 1 1 1 1 0 0 0
 0 0 1 0 0 1 1 1 1 1 1 1 1 1 1 1 1 1 0 0 0 0 6 6 6 6 2 1 1 1 1 1 4 4 4 3 3 1 1 1 1 1 1 0 0 0
 1 1 1 1 1 1 1 1 1 1 1 1 1 1 1 1 1 1 0 0 0 0 0 0 0 0 1 1 1 4 1 1 3 3 4 6 6 2 4 4 3 3 0 0 0 0
 1 1 1 1 1 1 2 2 2 2 1 1 1 1 1 1 1 1 0 0 0 0 0 0 0 0 0 0 0 2 4 4 6 6 4 6 6 5 8 8 4 4 0 0 0 1
 1 1 1 1 1 1 2 2 2 2 1 1 1 1 1 1 1 1 0 0 0 0 0 0 0 0 0 0 0 2 4 4 6 6 4 6 6 5 8 8 4 4 0 0 0 1
 1 1 1 2 2 2 2 2 2 2 1 1 1 1 1 1 1 1 1 0 0 0 0 0 0 0 0 1 1 9 23 23 10 10 3 8 8 23 11 11 8 8 0 1 1 0
 1 1 1 2 2 2 2 2 2 2 1 1 1 1 1 1 1 1 1 0 0 0 0 0 0 0 0 1 1 9 23 23 10 10 3 8 8 23 11 11 8 8 0 1 1 0
 0 0 1 1 1 1 2 2 1 1 1 1 1 1 1 1 1 1 1 0 0 0 0 0 0 0 0 0 0 2 4 4 3 3 0 3 3 7 4 4 2 2 0 0 0 0
 0 0 0 0 0 1 1 1 1 1 1 1 1 1 1 1 0 0 0 0 0 0 0 0 0 0 0 1 1 3 1 1 0 0 0 0 0 2 1 1 0 0 0 0 0 0
 0 0 0 0 0 1 1 1 1 1 1 1 1 1 1 1 0 0 0 0 0 0 0 0 0 0 0 1 1 3 1 1 0 0 0 0 0 2 1 1 0 0 0 0 0 0
 0 0 0 0 0 0 1 1 1 1 1 1 1 1 1 1 0 0 0 0 0 1 0 0 0 0 0 0 0 0 0 0 0 0 0 0 0 0 0 0 0 0 0 0 0 0
 0 0 0 0 0 0 0 0 1 1 0 0 0 1 0 0 0 0 0 0 0 0 0 0 0 0 0 1 1 0 0 0 0 0 0 0 0 0 0 0 0 0 0 0 0 0
 0 0 0 0 0 0 0 0 1 1 0 0 0 1 0 0 0 0 0 0 0 0 0 0 0 0 0 1 1 0 0 0 0 0 0 0 0 0 0 0 0 0 0 0 0 0
 0 0 0 0 0 0 0 0 0 0 0 0 0 0 0 0 0 0 0 0 0 0 0 0 0 0 0 7 7 6 0 0 0 0 0 0 0 0 0 0 0 0 0 0 0 0
 0 0 0 0 0 0 0 0 0 0 0 0 0 0 0 0 0 0 0 0 0 0 0 0 0 0 0 7 7 6 0 0 0 0 0 0 0 0 0 0 0 0 0 0 0 0
 0 0 0 27 27 26 2 2 1 1 0 0 0 0 0 0 0 0 0 0 0 0 0 0 0 0 1 2 2 1 0 0 0 0 0 0 0 0 0 0 0 0 0 0 0 0
 38 38 38 30 30 29 3 3 0 0 0 0 0 0 0 0 0 0 0 0 0 0 0 0 0 0 0 0 0 0 0 0 0 0 0 0 0 0 0 0 0 0 0 0 0 0
 38 38 38 30 30 29 3 3 0 0 0 0 0 0 0 0 0 0 0 0 0 0 0 0 0 0 0 0 0 0 0 0 0 0 0 0 0 0 0 0 0 0 0 0 0 0
 39 39 39 77 77 74 71 71 1 1 0 1 1 0 0 0 0 0 0 0 0 0 0 0 0 0 0 0 0 1 0 0 0 0 0 0 0 0 0 0 0 0 0 0 0 0
 18 18 74 78 78 61 72 72 3 3 1 1 1 1 0 0 0 0 0 0 0 0 0 0 0 0 0 0 0 0 0 0 0 0 0 0 0 0 0 0 0 0 0 0 0 0
