assets/RAT_results/precipitation/2018-07-20_IMERG.asc
ncols        46
nrows        77
xllcorner    74.800261325624
yllcorner    8.058333333333
cellsize     0.062500000000
NODATA_value -9999
 45 45 33 41 41 43 44 44 39 39 27 21 21 16 12 12 10 10 17 12 12 10 5 5 6 6 2 1 1 1 1 1 1 1 1 0 0 0 0 0 0 0 0 0 0 0
 35 35 35 33 33 43 41 41 40 40 20 21 21 17 11 11 12 12 23 25 25 11 5 5 6 6 3 1 1 0 0 0 0 0 0 1 1 1 0 0 0 0 0 0 0 0
 35 35 35 33 33 43 41 41 40 40 20 21 21 17 11 11 12 12 23 25 25 11 5 5 6 6 3 1 1 0 0 0 0 0 0 1 1 1 0 0 0 0 0 0 0 0
 32 32 40 32 32 37 38 38 31 31 25 21 21 21 17 17 18 18 18 14 14 7 5 5 7 7 2 2 2 0 0 0 0 0 0 5 5 0 0 0 0 0 0 0 0 0
 35 35 34 47 47 35 48 48 30 30 24 15 15 18 17 17 14 14 12 7 7 4 3 3 4 4 7 1 1 1 1 1 1 1 0 0 0 0 1 1 0 0 0 0 0 0
 35 35 34 47 47 35 48 48 30 30 24 15 15 18 17 17 14 14 12 7 7 4 3 3 4 4 7 1 1 1 1 1 1 1 0 0 0 0 1 1 0 0 0 0 0 0
 25 25 24 43 43 37 35 35 37 37 30 21 21 17 18 18 11 11 8 7 7 2 1 1 2 2 1 1 1 1 0 0 1 1 1 1 1 0 0 0 0 0 0 1 1 0
 25 25 24 43 43 37 35 35 37 37 30 21 21 17 18 18 11 11 8 7 7 2 1 1 2 2 1 1 1 1 0 0 1 1 1 1 1 0 0 0 0 0 0 1 1 0
 21 21 44 37 37 35 39 39 31 31 24 25 25 17 13 13 6 6 7 8 8 3 5 5 2 2 1 0 0 0 0 0 0 0 0 0 0 0 0 0 0 0 0 0 0 0
 18 18 24 43 43 31 46 46 33 33 24 24 24 14 11 11 12 12 8 4 4 4 5 5 2 2 1 0 0 0 0 0 1 1 0 0 0 0 1 1 0 0 0 0 0 0
 18 18 24 43 43 31 46 46 33 33 24 24 24 14 11 11 12 12 8 4 4 4 5 5 2 2 1 0 0 0 0 0 1 1 0 0 0 0 1 1 0 0 0 0 0 0
 12 12 21 25 25 34 23 23 25 25 25 21 21 11 9 9 11 11 9 4 4 6 2 2 3 3 2 1 1 2 2 2 4 4 3 0 0 0 0 0 1 1 1 0 0 0
 18 18 15 22 22 39 29 29 29 29 21 20 20 14 12 12 13 13 7 6 6 6 2 2 3 3 2 1 1 1 1 1 3 3 0 0 0 0 1 1 1 1 0 0 0 0
 18 18 15 22 22 39 29 29 29 29 21 20 20 14 12 12 13 13 7 6 6 6 2 2 3 3 2 1 1 1 1 1 3 3 0 0 0 0 1 1 1 1 0 0 0 0
 19 19 18 16 16 27 43 43 40 40 24 17 17 18 17 17 18 18 11 13 13 8 5 5 4 4 3 3 3 2 2 2 1 1 0 0 0 1 4 4 2 2 2 1 1 1
 19 19 18 16 16 27 43 43 40 40 24 17 17 18 17 17 18 18 11 13 13 8 5 5 4 4 3 3 3 2 2 2 1 1 0 0 0 1 4 4 2 2 2 1 1 1
 9 9 10 13 13 31 18 18 27 27 19 21 21 17 19 19 19 19 16 14 14 12 6 6 6 6 4 2 2 2 2 2 0 0 0 0 0 0 1 1 2 2 2 0 0 0
 5 5 5 8 8 7 11 11 12 12 13 18 18 16 19 19 19 19 15 15 15 12 10 10 6 6 4 2 2 2 3 3 2 2 3 1 1 1 1 1 1 1 1 0 0 3
 5 5 5 8 8 7 11 11 12 12 13 18 18 16 19 19 19 19 15 15 15 12 10 10 6 6 4 2 2 2 3 3 2 2 3 1 1 1 1 1 1 1 1 0 0 3
 6 6 5 3 3 2 6 6 7 7 9 14 14 13 15 15 13 13 14 15 15 13 6 6 4 4 4 2 2 2 2 2 3 3 1 0 0 0 0 0 0 0 0 0 0 3
 1 1 2 2 2 2 2 2 4 4 5 16 16 48 25 25 19 19 11 9 9 14 6 6 7 7 4 3 3 2 2 2 1 1 1 0 0 0 0 0 0 0 0 0 0 0
 1 1 2 2 2 2 2 2 4 4 5 16 16 48 25 25 19 19 11 9 9 14 6 6 7 7 4 3 3 2 2 2 1 1 1 0 0 0 0 0 0 0 0 0 0 0
 3 3 4 2 2 3 5 5 5 5 6 11 11 30 27 27 16 16 13 8 8 12 6 6 4 4 3 3 3 3 2 2 1 1 1 1 1 0 0 0 0 0 0 0 0 1
 3 3 4 2 2 3 5 5 5 5 6 11 11 30 27 27 16 16 13 8 8 12 6 6 4 4 3 3 3 3 2 2 1 1 1 1 1 0 0 0 0 0 0 0 0 1
 5 5 4 3 3 4 3 3 4 4 12 18 18 48 48 48 33 33 14 15 15 11 7 7 3 3 4 3 3 3 3 3 1 1 0 0 0 0 0 0 0 0 0 0 0 1
 3 3 3 2 2 9 6 6 5 5 7 10 10 15 37 37 27 27 14 7 7 10 5 5 3 3 4 3 3 2 1 1 1 1 1 1 1 1 0 0 0 0 0 1 1 1
 3 3 3 2 2 9 6 6 5 5 7 10 10 15 37 37 27 27 14 7 7 10 5 5 3 3 4 3 3 2 1 1 1 1 1 1 1 1 0 0 0 0 0 1 1 1
 2 2 2 5 5 4 3 3 2 2 4 2 2 14 12 12 17 17 14 9 9 9 6 6 3 3 4 2 2 2 1 1 1 1 1 1 1 1 1 1 1 1 1 1 1 0
 3 3 2 2 2 2 1 1 1 1 1 1 1 5 8 8 10 10 9 5 5 5 5 5 6 6 5 6 6 2 1 1 0 0 0 0 0 1 1 1 0 0 1 1 1 0
 3 3 2 2 2 2 1 1 1 1 1 1 1 5 8 8 10 10 9 5 5 5 5 5 6 6 5 6 6 2 1 1 0 0 0 0 0 1 1 1 0 0 1 1 1 0
 2 2 2 1 1 1 1 1 1 1 2 6 6 1 12 12 24 24 18 8 8 8 7 7 12 12 11 11 11 5 1 1 3 3 0 0 0 0 0 0 0 0 1 1 1 0
 2 2 2 1 1 1 1 1 1 1 2 6 6 1 12 12 24 24 18 8 8 8 7 7 12 12 11 11 11 5 1 1 3 3 0 0 0 0 0 0 0 0 1 1 1 0
 1 1 1 1 1 1 1 1 2 2 1 2 2 4 16 16 27 27 15 12 12 13 14 14 20 20 17 11 11 8 8 8 2 2 0 0 0 0 0 0 0 0 1 0 0 0
 1 1 1 0 0 1 1 1 0 0 1 2 2 1 25 25 27 27 21 13 13 16 10 10 8 8 8 9 9 6 5 5 1 1 1 1 1 1 1 1 0 0 0 0 0 0
 1 1 1 0 0 1 1 1 0 0 1 2 2 1 25 25 27 27 21 13 13 16 10 10 8 8 8 9 9 6 5 5 1 1 1 1 1 1 1 1 0 0 0 0 0 0
 1 1 1 1 1 1 1 1 0 0 0 0 0 0 9 9 19 19 18 11 11 9 5 5 4 4 4 4 4 4 4 4 1 1 1 1 1 0 0 0 0 0 0 0 0 0
 1 1 1 1 1 0 0 0 0 0 1 2 2 1 1 1 2 2 5 5 5 9 5 5 6 6 5 8 8 6 4 4 3 3 2 1 1 1 1 1 0 0 0 0 0 0
 1 1 1 1 1 0 0 0 0 0 1 2 2 1 1 1 2 2 5 5 5 9 5 5 6 6 5 8 8 6 4 4 3 3 2 1 1 1 1 1 0 0 0 0 0 0
 2 2 1 2 2 1 1 1 1 1 1 2 2 3 1 1 1 1 3 5 5 9 7 7 7 7 10 12 12 11 7 7 6 6 8 8 8 2 1 1 0 0 0 0 0 0
 2 2 1 2 2 1 1 1 1 1 1 2 2 3 1 1 1 1 3 5 5 9 7 7 7 7 10 12 12 11 7 7 6 6 8 8 8 2 1 1 0 0 0 0 0 0
 1 1 1 2 2 2 1 1 0 0 0 1 1 1 1 1 2 2 3 5 5 8 6 6 10 10 11 11 11 14 15 15 13 13 10 8 8 3 2 2 1 1 1 1 1 1
 2 2 2 1 1 0 0 0 1 1 1 0 0 1 1 1 1 1 2 3 3 4 6 6 9 9 13 13 13 13 14 14 15 15 13 12 12 3 6 6 1 1 1 1 1 1
 2 2 2 1 1 0 0 0 1 1 1 0 0 1 1 1 1 1 2 3 3 4 6 6 9 9 13 13 13 13 14 14 15 15 13 12 12 3 6 6 1 1 1 1 1 1
 1 1 2 1 1 0 0 0 0 0 0 0 0 1 1 1 2 2 2 4 4 4 4 4 6 6 4 9 9 12 14 14 16 16 4 3 3 3 2 2 3 3 4 1 1 1
 2 2 1 1 1 0 0 0 1 1 0 1 1 1 0 0 1 1 1 4 4 2 4 4 4 4 3 6 6 13 6 6 7 7 4 2 2 2 3 3 2 2 2 1 1 1
 2 2 1 1 1 0 0 0 1 1 0 1 1 1 0 0 1 1 1 4 4 2 4 4 4 4 3 6 6 13 6 6 7 7 4 2 2 2 3 3 2 2 2 1 1 1
 1 1 1 0 0 0 1 1 0 0 0 1 1 1 5 5 0 0 1 1 1 2 3 3 5 5 4 3 3 2 11 11 7 7 4 1 1 1 9 9 2 2 5 0 0 0
 1 1 1 0 0 0 1 1 0 0 0 1 1 1 5 5 0 0 1 1 1 2 3 3 5 5 4 3 3 2 11 11 7 7 4 1 1 1 9 9 2 2 5 0 0 0
 1 1 1 1 1 0 0 0 0 0 0 0 0 0 2 2 3 3 1 1 1 1 2 2 4 4 2 1 1 1 3 3 5 5 2 3 3 2 9 9 7 7 3 0 0 0
 0 0 1 0 0 1 1 1 1 1 2 0 0 0 0 0 2 2 10 2 2 2 3 3 2 2 3 3 3 1 1 1 1 1 1 1 1 6 4 4 4 4 1 1 1 1
 0 0 1 0 0 1 1 1 1 1 2 0 0 0 0 0 2 2 10 2 2 2 3 3 2 2 3 3 3 1 1 1 1 1 1 1 1 6 4 4 4 4 1 1 1 1
 0 0 1 2 2 1 1 1 1 1 1 1 1 1 0 0 0 0 2 0 0 0 1 1 2 2 2 3 3 2 1 1 1 1 1 1 1 1 1 1 2 2 2 1 1 1
 0 0 0 4 4 0 0 0 1 1 3 3 3 2 1 1 0 0 0 0 0 1 1 1 2 2 3 3 3 3 3 3 2 2 1 2 2 2 2 2 2 2 2 4 4 1
 0 0 0 4 4 0 0 0 1 1 3 3 3 2 1 1 0 0 0 0 0 1 1 1 2 2 3 3 3 3 3 3 2 2 1 2 2 2 2 2 2 2 2 4 4 1
 0 0 0 0 0 0 0 0 0 0 1 1 1 1 0 0 0 0 0 1 1 2 1 1 3 3 4 4 4 5 5 5 4 4 3 3 3 2 2 2 3 3 1 1 1 1
 0 0 0 0 0 0 0 0 0 0 1 1 1 1 0 0 0 0 0 1 1 2 1 1 3 3 4 4 4 5 5 5 4 4 3 3 3 2 2 2 3 3 1 1 1 1
 1 1 0 0 0 0 0 0 0 0 0 0 0 1 0 0 0 0 0 1 1 1 2 2 4 4 5 5 5 4 6 6 4 4 2 3 3 4 3 3 1 1 1 1 1 1
 1 1 0 0 0 0 0 0 1 1 0 1 1 1 1 1 0 0 1 1 1 1 2 2 2 2 3 3 3 2 4 4 2 2 3 2 2 7 1 1 1 1 1 1 1 0
 1 1 0 0 0 0 0 0 1 1 0 1 1 1 1 1 0 0 1 1 1 1 2 2 2 2 3 3 3 2 4 4 2 2 3 2 2 7 1 1 1 1 1 1 1 0
 0 0 0 0 0 2 0 0 0 0 1 1 1 1 1 1 1 1 1 1 1 1 1 1 2 2 3 2 2 2 2 2 2 2 2 1 1 3 1 1 1 1 0 0 0 0
 0 0 0 0 0 0 4 4 1 1 1 1 1 1 1 1 1 1 1 1 1 4 1 1 1 1 2 4 4 2 2 2 1 1 1 1 1 1 1 1 0 0 0 0 0 1
 0 0 0 0 0 0 4 4 1 1 1 1 1 1 1 1 1 1 1 1 1 4 1 1 1 1 2 4 4 2 2 2 1 1 1 1 1 1 1 1 0 0 0 0 0 1
 0 0 1 0 0 0 0 0 0 0 1 2 2 1 1 1 1 1 1 1 1 4 1 1 1 1 2 2 2 2 2 2 1 1 1 1 1 1 1 1 0 0 0 0 0 0
 0 0 1 0 0 0 0 0 0 0 1 2 2 1 1 1 1 1 1 1 1 4 1 1 1 1 2 2 2 2 2 2 1 1 1 1 1 1 1 1 0 0 0 0 0 0
 1 1 1 0 0 0 0 0 0 0 1 1 1 1 2 2 0 0 0 1 1 1 1 1 1 1 1 1 1 1 1 1 1 1 1 0 0 0 0 0 0 0 1 0 0 0
 1 1 2 0 0 0 0 0 0 0 0 0 0 0 0 0 0 0 1 0 0 0 0 0 1 1 1 1 1 1 1 1 0 0 0 0 0 0 0 0 0 0 0 0 0 0
 1 1 2 0 0 0 0 0 0 0 0 0 0 0 0 0 0 0 1 0 0 0 0 0 1 1 1 1 1 1 1 1 0 0 0 0 0 0 0 0 0 0 0 0 0 0
 1 1 0 0 0 0 0 0 0 0 0 1 1 0 0 0 1 1 0 0 0 0 0 0 0 0 0 1 1 1 1 1 0 0 0 0 0 0 0 0 0 0 0 0 0 0
 0 0 0 0 0 0 0 0 0 0 0 0 0 0 0 0 0 0 0 0 0 0 0 0 0 0 0 0 0 1 1 1 4 4 0 1 1 0 0 0 0 0 1 0 0 0
 0 0 0 0 0 0 0 0 0 0 0 0 0 0 0 0 0 0 0 0 0 0 0 0 0 0 0 0 0 1 1 1 4 4 0 1 1 0 0 0 0 0 1 0 0 0
 0 0 0 0 0 0 0 0 0 0 0 0 0 0 0 0 0 0 0 0 0 0 0 0 0 0 0 0 0 1 1 1 0 0 0 1 1 0 1 1 1 1 0 2 2 0
 0 0 0 0 0 0 0 0 0 0 0 0 0 0 0 0 0 0 0 0 0 0 0 0 0 0 0 0 0 1 1 1 0 0 0 1 1 0 1 1 1 1 0 2 2 0
 1 1 0 0 0 0 0 0 0 0 0 0 0 0 1 1 0 0 0 0 0 1 0 0 1 1 0 0 0 0 1 1 1 1 2 1 1 1 1 1 0 0 0 0 0 0
 0 0 0 0 0 0 1 1 0 0 0 0 0 0 0 0 0 0 0 0 0 0 0 0 0 0 0 0 0 0 0 0 1 1 1 1 1 2 1 1 1 1 0 0 0 0
 0 0 0 0 0 0 1 1 0 0 0 0 0 0 0 0 0 0 0 0 0 0 0 0 0 0 0 0 0 0 0 0 1 1 1 1 1 2 1 1 1 1 0 0 0 0
 0 0 0 0 0 0 0 0 0 0 0 0 0 0 0 0 0 0 0 0 0 0 0 0 1 1 0 1 1 0 0 0 0 0 1 1 1 1 1 1 0 0 0 0 0 0
 0 0 0 0 0 0 0 0 0 0 0 0 0 0 0 0 0 0 0 0 0 0 0 0 1 1 0 0 0 0 1 1 1 1 1 1 1 1 1 1 0 0 1 0 0 0
