assets/RAT_results/precipitation/2018-09-20_IMERG.asc
ncols        46
nrows        77
xllcorner    74.800261325624
yllcorner    8.058333333333
cellsize     0.062500000000
NODATA_value -9999
 2 2 2 1 1 0 1 1 1 1 0 0 0 0 0 0 1 1 0 0 0 1 1 1 0 0 0 1 1 3 4 4 7 7 8 10 10 6 6 6 2 2 2 2 2 1
 3 3 2 1 1 1 0 0 1 1 0 0 0 0 2 2 2 2 1 0 0 0 0 0 0 0 0 0 0 2 2 2 5 5 7 8 8 6 5 5 1 1 1 1 1 1
 3 3 2 1 1 1 0 0 1 1 0 0 0 0 2 2 2 2 1 0 0 0 0 0 0 0 0 0 0 2 2 2 5 5 7 8 8 6 5 5 1 1 1 1 1 1
 3 3 3 1 1 0 0 0 0 0 0 0 0 0 3 3 2 2 1 0 0 0 0 0 0 0 1 0 0 2 1 1 3 3 6 5 5 4 5 5 3 3 0 0 0 0
 2 2 2 1 1 1 0 0 0 0 0 0 0 0 1 1 2 2 1 1 1 0 0 0 1 1 1 0 0 1 0 0 2 2 2 3 3 3 5 5 5 5 0 1 1 1
 2 2 2 1 1 1 0 0 0 0 0 0 0 0 1 1 2 2 1 1 1 0 0 0 1 1 1 0 0 1 0 0 2 2 2 3 3 3 5 5 5 5 0 1 1 1
 2 2 2 2 2 1 0 0 0 0 0 0 0 0 1 1 1 1 0 0 0 0 0 0 1 1 2 1 1 0 0 0 1 1 2 1 1 5 8 8 11 11 3 1 1 1
 2 2 2 2 2 1 0 0 0 0 0 0 0 0 1 1 1 1 0 0 0 0 0 0 1 1 2 1 1 0 0 0 1 1 2 1 1 5 8 8 11 11 3 1 1 1
 1 1 2 2 2 1 0 0 0 0 0 0 0 1 0 0 0 0 0 0 0 0 0 0 0 0 1 0 0 0 0 0 1 1 1 1 1 5 14 14 13 13 3 2 2 2
 1 1 2 2 2 1 0 0 0 0 0 0 0 1 0 0 0 0 0 0 0 0 0 0 0 0 0 0 0 0 0 0 0 0 1 0 0 3 13 13 11 11 5 2 2 1
 1 1 2 2 2 1 0 0 0 0 0 0 0 1 0 0 0 0 0 0 0 0 0 0 0 0 0 0 0 0 0 0 0 0 1 0 0 3 13 13 11 11 5 2 2 1
 0 0 2 2 2 2 1 1 1 1 0 0 0 1 0 0 0 0 0 0 0 0 0 0 0 0 0 0 0 0 0 0 0 0 0 0 0 0 5 5 6 6 3 9 9 4
 0 0 1 2 2 4 2 2 1 1 1 1 1 0 1 1 0 0 0 0 0 0 0 0 0 0 0 0 0 0 0 0 0 0 0 0 0 0 2 2 3 3 2 1 1 6
 0 0 1 2 2 4 2 2 1 1 1 1 1 0 1 1 0 0 0 0 0 0 0 0 0 0 0 0 0 0 0 0 0 0 0 0 0 0 2 2 3 3 2 1 1 6
 0 0 0 1 1 2 1 1 1 1 1 1 1 0 1 1 0 0 0 0 0 0 0 0 0 0 0 0 0 0 0 0 0 0 1 0 0 0 0 0 0 0 1 2 2 2
 0 0 0 1 1 2 1 1 1 1 1 1 1 0 1 1 0 0 0 0 0 0 0 0 0 0 0 0 0 0 0 0 0 0 1 0 0 0 0 0 0 0 1 2 2 2
 0 0 0 1 1 2 2 2 1 1 1 1 1 1 1 1 0 0 0 0 0 0 0 0 0 0 0 0 0 0 0 0 0 0 0 0 0 0 0 0 0 0 0 1 1 0
 0 0 0 0 0 1 1 1 1 1 1 1 1 1 0 0 0 0 0 0 0 0 0 0 0 0 0 0 0 0 0 0 0 0 0 0 0 0 0 0 0 0 0 0 0 0
 0 0 0 0 0 1 1 1 1 1 1 1 1 1 0 0 0 0 0 0 0 0 0 0 0 0 0 0 0 0 0 0 0 0 0 0 0 0 0 0 0 0 0 0 0 0
 0 0 0 0 0 1 1 1 1 1 1 1 1 1 0 0 0 0 0 0 0 0 0 0 0 0 0 0 0 0 0 0 0 0 0 0 0 0 0 0 0 0 0 0 0 0
 0 0 0 0 0 0 0 0 0 0 1 1 1 0 0 0 0 0 0 0 0 0 0 0 0 0 0 0 0 1 0 0 0 0 0 0 0 0 0 0 0 0 0 0 0 0
 0 0 0 0 0 0 0 0 0 0 1 1 1 0 0 0 0 0 0 0 0 0 0 0 0 0 0 0 0 1 0 0 0 0 0 0 0 0 0 0 0 0 0 0 0 0
 0 0 0 0 0 0 0 0 0 0 1 1 1 1 1 1 0 0 0 1 1 0 0 0 0 0 0 0 0 1 0 0 0 0 0 0 0 0 0 0 0 0 0 0 0 0
 0 0 0 0 0 0 0 0 0 0 1 1 1 1 1 1 0 0 0 1 1 0 0 0 0 0 0 0 0 1 0 0 0 0 0 0 0 0 0 0 0 0 0 0 0 0
 0 0 0 0 0 0 0 0 0 0 0 1 1 1 1 1 0 0 1 1 1 0 0 0 0 0 0 0 0 1 1 1 0 0 0 0 0 0 0 0 0 0 0 0 0 0
 0 0 0 0 0 0 0 0 0 0 0 1 1 1 1 1 0 0 0 1 1 0 0 0 0 0 0 1 1 1 0 0 0 0 0 0 0 0 0 0 0 0 0 0 0 0
 0 0 0 0 0 0 0 0 0 0 0 1 1 1 1 1 0 0 0 1 1 0 0 0 0 0 0 1 1 1 0 0 0 0 0 0 0 0 0 0 0 0 0 0 0 0
 0 0 0 0 0 0 0 0 0 0 0 0 0 1 1 1 0 0 0 0 0 0 0 0 0 0 0 0 0 0 0 0 0 0 0 0 0 0 0 0 0 0 0 0 0 0
 0 0 0 0 0 0 0 0 0 0 0 0 0 1 1 1 1 1 0 0 0 0 0 0 0 0 0 0 0 0 0 0 0 0 0 0 0 0 0 0 0 0 0 0 0 0
 0 0 0 0 0 0 0 0 0 0 0 0 0 1 1 1 1 1 0 0 0 0 0 0 0 0 0 0 0 0 0 0 0 0 0 0 0 0 0 0 0 0 0 0 0 0
 0 0 0 0 0 0 0 0 0 0 0 0 0 1 1 1 1 1 0 0 0 0 0 0 0 0 0 0 0 0 0 0 0 0 0 0 0 0 0 0 0 0 0 0 0 0
 0 0 0 0 0 0 0 0 0 0 0 0 0 1 1 1 1 1 0 0 0 0 0 0 0 0 0 0 0 0 0 0 0 0 0 0 0 0 0 0 0 0 0 0 0 0
 0 0 0 0 0 0 0 0 1 1 0 0 0 1 1 1 1 1 0 0 0 0 0 0 0 0 0 0 0 0 0 0 0 0 0 0 0 0 0 0 0 0 0 0 0 0
 0 0 0 0 0 0 0 0 0 0 0 0 0 1 1 1 1 1 1 0 0 0 0 0 0 0 0 0 0 0 0 0 0 0 0 0 0 0 0 0 0 0 0 0 0 0
 0 0 0 0 0 0 0 0 0 0 0 0 0 1 1 1 1 1 1 0 0 0 0 0 0 0 0 0 0 0 0 0 0 0 0 0 0 0 0 0 0 0 0 0 0 0
 0 0 0 0 0 0 1 1 1 1 0 0 0 1 1 1 2 2 1 1 1 0 0 0 1 1 0 0 0 0 0 0 0 0 0 0 0 0 0 0 0 0 0 0 0 0
 0 0 0 0 0 1 1 1 1 1 1 1 1 1 2 2 3 3 3 1 1 0 0 0 1 1 1 0 0 1 0 0 0 0 0 0 0 0 0 0 0 0 0 0 0 0
 0 0 0 0 0 1 1 1 1 1 1 1 1 1 2 2 3 3 3 1 1 0 0 0 1 1 1 0 0 1 0 0 0 0 0 0 0 0 0 0 0 0 0 0 0 0
 0 0 0 0 0 0 1 1 1 1 2 2 2 2 2 2 3 3 6 3 3 1 0 0 1 1 1 1 1 1 2 2 1 1 1 0 0 0 0 0 0 0 0 0 0 0
 0 0 0 0 0 0 1 1 1 1 2 2 2 2 2 2 3 3 6 3 3 1 0 0 1 1 1 1 1 1 2 2 1 1 1 0 0 0 0 0 0 0 0 0 0 0
 0 0 0 0 0 1 1 1 2 2 3 3 3 2 3 3 3 3 5 6 6 3 1 1 1 1 1 1 1 1 1 1 1 1 1 1 1 2 1 1 0 0 1 0 0 0
 0 0 1 1 1 1 2 2 2 2 3 3 3 4 4 4 3 3 7 8 8 7 1 1 1 1 1 0 0 0 0 0 1 1 1 1 1 3 2 2 0 0 1 0 0 0
 0 0 1 1 1 1 2 2 2 2 3 3 3 4 4 4 3 3 7 8 8 7 1 1 1 1 1 0 0 0 0 0 1 1 1 1 1 3 2 2 0 0 1 0 0 0
 1 1 1 1 1 1 2 2 3 3 3 4 4 5 5 5 5 5 5 8 8 7 1 1 2 2 2 1 1 1 0 0 0 0 0 1 1 3 2 2 0 0 0 0 0 0
 1 1 1 1 1 1 2 2 3 3 3 4 4 5 6 6 5 5 4 5 5 7 8 8 1 1 3 2 2 1 2 2 3 3 3 3 3 1 1 1 1 1 0 0 0 0
 1 1 1 1 1 1 2 2 3 3 3 4 4 5 6 6 5 5 4 5 5 7 8 8 1 1 3 2 2 1 2 2 3 3 3 3 3 1 1 1 1 1 0 0 0 0
 0 0 1 1 1 1 2 2 3 3 4 4 4 5 6 6 5 5 4 5 5 9 6 6 2 2 5 3 3 2 4 4 3 3 6 4 4 4 0 0 0 0 0 0 0 0
 0 0 1 1 1 1 2 2 3 3 4 4 4 5 6 6 5 5 4 5 5 9 6 6 2 2 5 3 3 2 4 4 3 3 6 4 4 4 0 0 0 0 0 0 0 0
 0 0 1 1 1 1 2 2 3 3 4 4 4 5 6 6 6 6 4 5 5 10 16 16 8 8 7 1 1 1 1 1 3 3 3 2 2 4 0 0 0 0 0 0 0 0
 0 0 1 1 1 1 2 2 3 3 4 4 4 6 6 6 6 6 5 6 6 8 8 8 5 5 6 1 1 1 4 4 4 4 4 2 2 1 0 0 0 0 0 0 0 0
 0 0 1 1 1 1 2 2 3 3 4 4 4 6 6 6 6 6 5 6 6 8 8 8 5 5 6 1 1 1 4 4 4 4 4 2 2 1 0 0 0 0 0 0 0 0
 0 0 1 1 1 1 2 2 3 3 4 4 4 5 7 7 6 6 7 8 8 11 9 9 7 7 4 2 2 1 4 4 4 4 4 2 2 5 4 4 0 0 1 1 1 0
 1 1 1 1 1 1 2 2 3 3 4 4 4 5 6 6 8 8 10 13 13 19 4 4 9 9 4 7 7 6 19 19 7 7 5 5 5 5 5 5 3 3 4 3 3 0
 1 1 1 1 1 1 2 2 3 3 4 4 4 5 6 6 8 8 10 13 13 19 4 4 9 9 4 7 7 6 19 19 7 7 5 5 5 5 5 5 3 3 4 3 3 0
 3 3 2 2 2 2 3 3 3 3 4 5 5 5 7 7 11 11 14 17 17 28 21 21 12 12 7 7 7 8 6 6 10 10 7 5 5 1 1 1 4 4 6 3 3 0
 3 3 2 2 2 2 3 3 3 3 4 5 5 5 7 7 11 11 14 17 17 28 21 21 12 12 7 7 7 8 6 6 10 10 7 5 5 1 1 1 4 4 6 3 3 0
 4 4 4 3 3 3 2 2 3 3 4 6 6 7 8 8 13 13 17 17 17 30 22 22 30 30 13 7 7 9 9 9 17 17 19 6 6 3 2 2 5 5 3 1 1 1
 8 8 9 9 9 4 3 3 3 3 3 6 6 8 8 8 11 11 17 20 20 26 34 34 24 24 16 6 6 13 9 9 18 18 25 20 20 21 6 6 5 5 4 2 2 0
 8 8 9 9 9 4 3 3 3 3 3 6 6 8 8 8 11 11 17 20 20 26 34 34 24 24 16 6 6 13 9 9 18 18 25 20 20 21 6 6 5 5 4 2 2 0
 13 13 13 16 16 12 6 6 3 3 4 5 5 6 9 9 11 11 14 19 19 26 36 36 28 28 24 15 15 14 12 12 17 17 21 49 49 30 7 7 5 5 5 4 4 0
 16 16 21 17 17 18 13 13 6 6 5 8 8 6 7 7 12 12 15 18 18 21 27 27 29 29 25 23 23 21 14 14 16 16 17 44 44 22 12 12 7 7 9 9 9 1
 16 16 21 17 17 18 13 13 6 6 5 8 8 6 7 7 12 12 15 18 18 21 27 27 29 29 25 23 23 21 14 14 16 16 17 44 44 22 12 12 7 7 9 9 9 1
 16 16 15 21 21 17 18 18 13 13 9 12 12 5 6 6 9 9 13 17 17 19 31 31 38 38 32 27 27 25 13 13 13 13 18 21 21 20 12 12 16 16 13 10 10 7
 16 16 15 21 21 17 18 18 13 13 9 12 12 5 6 6 9 9 13 17 17 19 31 31 38 38 32 27 27 25 13 13 13 13 18 21 21 20 12 12 16 16 13 10 10 7
 14 14 15 13 13 20 17 17 19 19 16 18 18 7 7 7 8 8 14 14 14 15 9 9 10 10 60 60 60 31 14 14 12 12 6 8 8 23 20 20 17 17 15 5 5 8
 12 12 12 13 13 12 17 17 17 17 18 19 19 12 9 9 9 9 14 11 11 10 9 9 12 12 9 62 62 22 21 21 21 21 6 7 7 11 9 9 13 13 21 17 17 9
 12 12 12 13 13 12 17 17 17 17 18 19 19 12 9 9 9 9 14 11 11 10 9 9 12 12 9 62 62 22 21 21 21 21 6 7 7 11 9 9 13 13 21 17 17 9
 7 7 9 10 10 10 10 10 15 15 16 16 16 14 12 12 12 12 15 11 11 9 8 8 10 10 15 14 14 25 33 33 20 20 12 16 16 15 10 10 10 10 18 25 25 30
 4 4 4 6 6 8 8 8 7 7 9 9 9 11 12 12 13 13 15 12 12 9 9 9 10 10 13 10 10 14 17 17 13 13 13 13 13 20 15 15 10 10 21 36 36 32
 4 4 4 6 6 8 8 8 7 7 9 9 9 11 12 12 13 13 15 12 12 9 9 9 10 10 13 10 10 14 17 17 13 13 13 13 13 20 15 15 10 10 21 36 36 32
 4 4 4 3 3 4 6 6 6 6 5 5 5 8 10 10 12 12 14 14 14 12 13 13 14 14 16 11 11 9 15 15 10 10 10 11 11 21 17 17 11 11 16 37 37 22
 4 4 4 3 3 4 6 6 6 6 5 5 5 8 10 10 12 12 14 14 14 12 13 13 14 14 16 11 11 9 15 15 10 10 10 11 11 21 17 17 11 11 16 37 37 22
 3 3 3 5 5 3 3 3 4 4 4 4 4 4 7 7 10 10 11 13 13 14 12 12 14 14 22 11 11 7 7 7 13 13 20 13 13 23 18 18 13 13 13 14 14 15
 4 4 3 4 4 5 3 3 3 3 3 3 3 3 4 4 5 5 9 11 11 14 10 10 11 11 14 11 11 7 12 12 15 15 26 22 22 24 15 15 15 15 14 8 8 9
 4 4 3 4 4 5 3 3 3 3 3 3 3 3 4 4 5 5 9 11 11 14 10 10 11 11 14 11 11 7 12 12 15 15 26 22 22 24 15 15 15 15 14 8 8 9
 4 4 5 4 4 5 4 4 3 3 3 3 3 3 3 3 5 5 4 7 7 8 7 7 8 8 11 11 11 6 11 11 16 16 29 23 23 19 12 12 10 10 13 12 12 22
 6 6 6 6 6 4 5 5 4 4 4 3 3 3 4 4 5 5 5 6 6 6 6 6 8 8 9 10 10 5 7 7 12 12 19 15 15 12 5 5 15 15 11 10 10 19
