assets/RAT_results/precipitation/2018-05-26_IMERG.asc
ncols        46
nrows        77
xllcorner    74.800261325624
yllcorner    8.058333333333
cellsize     0.062500000000
NODATA_value -9999
 127 127 37 14 14 8 13 13 10 10 9 12 12 8 6 6 7 7 13 4 4 4 4 4 4 4 4 6 6 4 4 4 7 7 12 9 9 8 5 5 2 2 1 1 1 0
 253 253 28 13 13 7 23 23 3 3 2 2 2 5 6 6 14 14 10 7 7 5 6 6 6 6 6 15 15 4 6 6 12 12 13 10 10 10 8 8 3 3 0 0 0 1
 253 253 28 13 13 7 23 23 3 3 2 2 2 5 6 6 14 14 10 7 7 5 6 6 6 6 6 15 15 4 6 6 12 12 13 10 10 10 8 8 3 3 0 0 0 1
 83 83 36 12 12 19 18 18 4 4 4 4 4 7 7 7 5 5 5 5 5 7 5 5 6 6 5 4 4 6 8 8 8 8 8 8 8 11 10 10 5 5 1 0 0 1
 29 29 16 19 19 10 23 23 6 6 6 3 3 6 7 7 5 5 9 9 9 8 6 6 6 6 6 6 6 8 7 7 9 9 9 11 11 12 11 11 6 6 2 1 1 0
 29 29 16 19 19 10 23 23 6 6 6 3 3 6 7 7 5 5 9 9 9 8 6 6 6 6 6 6 6 8 7 7 9 9 9 11 11 12 11 11 6 6 2 1 1 0
 74 74 26 21 21 17 8 8 8 8 10 13 13 11 9 9 6 6 6 9 9 10 5 5 6 6 5 6 6 6 6 6 8 8 9 11 11 11 8 8 5 5 2 1 1 0
 74 74 26 21 21 17 8 8 8 8 10 13 13 11 9 9 6 6 6 9 9 10 5 5 6 6 5 6 6 6 6 6 8 8 9 11 11 11 8 8 5 5 2 1 1 0
 121 121 29 22 22 31 14 14 6 6 5 12 12 12 4 4 7 7 9 18 18 19 9 9 6 6 3 3 3 4 5 5 6 6 8 8 8 8 6 6 4 4 3 2 2 0
 138 138 93 33 33 37 16 16 9 9 6 4 4 5 7 7 9 9 11 16 16 9 3 3 3 3 2 2 2 2 3 3 4 4 5 5 5 4 3 3 2 2 4 3 3 1
 138 138 93 33 33 37 16 16 9 9 6 4 4 5 7 7 9 9 11 16 16 9 3 3 3 3 2 2 2 2 3 3 4 4 5 5 5 4 3 3 2 2 4 3 3 1
 73 73 69 44 44 30 22 22 12 12 9 4 4 4 2 2 5 5 5 7 7 7 2 2 2 2 2 2 2 1 2 2 2 2 2 3 3 2 1 1 1 1 1 1 1 0
 88 88 68 45 45 37 27 27 15 15 11 7 7 8 3 3 6 6 4 3 3 7 0 0 1 1 1 1 1 1 1 1 1 1 1 1 1 1 1 1 1 1 0 0 0 0
 88 88 68 45 45 37 27 27 15 15 11 7 7 8 3 3 6 6 4 3 3 7 0 0 1 1 1 1 1 1 1 1 1 1 1 1 1 1 1 1 1 1 0 0 0 0
 243 243 67 55 55 37 29 29 18 18 15 9 9 4 1 1 1 1 3 3 3 4 4 4 0 0 0 0 0 0 0 0 0 0 1 1 1 0 0 0 0 0 0 0 0 0
 243 243 67 55 55 37 29 29 18 18 15 9 9 4 1 1 1 1 3 3 3 4 4 4 0 0 0 0 0 0 0 0 0 0 1 1 1 0 0 0 0 0 0 0 0 0
 272 272 198 43 43 40 37 37 25 25 22 15 15 9 4 4 3 3 1 10 10 6 4 4 0 0 0 0 0 0 0 0 0 0 0 1 1 2 1 1 1 1 0 0 0 1
 255 255 199 44 44 39 39 39 27 27 28 21 21 14 6 6 3 3 2 4 4 4 0 0 0 0 0 0 0 0 0 0 0 0 1 2 2 3 2 2 1 1 1 2 2 2
 255 255 199 44 44 39 39 39 27 27 28 21 21 14 6 6 3 3 2 4 4 4 0 0 0 0 0 0 0 0 0 0 0 0 1 2 2 3 2 2 1 1 1 2 2 2
 101 101 78 72 72 38 44 44 35 35 32 21 21 13 9 9 9 9 10 5 5 3 0 0 0 0 0 0 0 0 0 0 1 1 2 4 4 3 2 2 1 1 1 1 1 2
 94 94 89 134 134 155 79 79 37 37 28 24 24 18 10 10 3 3 6 1 1 0 3 3 2 2 0 0 0 0 0 0 1 1 1 4 4 4 2 2 1 1 2 1 1 2
 94 94 89 134 134 155 79 79 37 37 28 24 24 18 10 10 3 3 6 1 1 0 3 3 2 2 0 0 0 0 0 0 1 1 1 4 4 4 2 2 1 1 2 1 1 2
 71 71 164 194 194 167 90 90 44 44 88 76 76 21 11 11 3 3 1 0 0 2 2 2 3 3 2 1 1 1 1 1 0 0 1 1 1 1 1 1 1 1 1 0 0 0
 71 71 164 194 194 167 90 90 44 44 88 76 76 21 11 11 3 3 1 0 0 2 2 2 3 3 2 1 1 1 1 1 0 0 1 1 1 1 1 1 1 1 1 0 0 0
 108 108 150 224 224 298 300 300 172 172 89 79 79 25 20 20 2 2 2 0 0 5 0 0 1 1 3 2 2 1 1 1 1 1 0 0 0 0 0 0 0 0 0 0 0 0
 103 103 177 176 176 257 301 301 208 208 187 157 157 32 22 22 1 1 1 0 0 5 4 4 1 1 2 2 2 1 3 3 3 3 1 0 0 0 0 0 0 0 0 0 0 0
 103 103 177 176 176 257 301 301 208 208 187 157 157 32 22 22 1 1 1 0 0 5 4 4 1 1 2 2 2 1 3 3 3 3 1 0 0 0 0 0 0 0 0 0 0 0
 130 130 134 157 157 222 220 220 192 192 170 15 15 10 14 14 2 2 1 5 5 5 4 4 6 6 6 2 2 1 2 2 2 2 0 0 0 0 0 0 0 0 0 0 0 0
 126 126 116 127 127 59 40 40 37 37 20 12 12 9 5 5 2 2 1 1 1 1 6 6 5 5 0 0 0 2 0 0 0 0 0 0 0 0 0 0 0 0 0 0 0 0
 126 126 116 127 127 59 40 40 37 37 20 12 12 9 5 5 2 2 1 1 1 1 6 6 5 5 0 0 0 2 0 0 0 0 0 0 0 0 0 0 0 0 0 0 0 0
 119 119 84 64 64 59 44 44 33 33 15 6 6 3 4 4 2 2 1 5 5 1 0 0 2 2 0 0 0 1 1 1 1 1 0 0 0 0 1 1 0 0 0 0 0 0
 119 119 84 64 64 59 44 44 33 33 15 6 6 3 4 4 2 2 1 5 5 1 0 0 2 2 0 0 0 1 1 1 1 1 0 0 0 0 1 1 0 0 0 0 0 0
 168 168 68 56 56 53 36 36 23 23 16 16 16 5 11 11 9 9 2 4 4 1 0 0 0 0 0 0 0 1 3 3 3 3 3 2 2 0 0 0 0 0 0 0 0 0
 150 150 98 176 176 50 29 29 21 21 21 12 12 9 11 11 9 9 6 6 6 1 0 0 0 0 0 0 0 1 1 1 2 2 6 3 3 2 1 1 0 0 0 0 0 0
 150 150 98 176 176 50 29 29 21 21 21 12 12 9 11 11 9 9 6 6 6 1 0 0 0 0 0 0 0 1 1 1 2 2 6 3 3 2 1 1 0 0 0 0 0 0
 227 227 180 169 169 54 26 26 20 20 25 24 24 115 112 112 56 56 6 5 5 2 24 24 0 0 0 0 0 0 0 0 4 4 5 2 2 1 0 0 0 0 0 0 0 0
 241 241 197 170 170 29 26 26 27 27 36 24 24 118 114 114 19 19 17 43 43 25 24 24 1 1 0 0 0 0 1 1 1 1 1 1 1 0 0 0 0 0 0 0 0 0
 241 241 197 170 170 29 26 26 27 27 36 24 24 118 114 114 19 19 17 43 43 25 24 24 1 1 0 0 0 0 1 1 1 1 1 1 1 0 0 0 0 0 0 0 0 0
 164 164 135 123 123 28 24 24 26 26 28 14 14 19 18 18 19 19 21 46 46 16 15 15 1 1 0 0 0 2 2 2 2 2 2 3 3 0 1 1 0 0 1 1 1 0
 164 164 135 123 123 28 24 24 26 26 28 14 14 19 18 18 19 19 21 46 46 16 15 15 1 1 0 0 0 2 2 2 2 2 2 3 3 0 1 1 0 0 1 1 1 0
 167 167 134 51 51 43 42 42 36 36 29 17 17 42 96 96 166 166 165 150 150 22 18 18 6 6 3 0 0 1 2 2 1 1 2 1 1 2 1 1 1 1 1 1 1 1
 128 128 99 50 50 48 145 145 142 142 78 44 44 44 98 98 200 200 173 53 53 49 26 26 16 16 10 2 2 1 0 0 1 1 0 3 3 2 1 1 1 1 1 1 1 0
 128 128 99 50 50 48 145 145 142 142 78 44 44 44 98 98 200 200 173 53 53 49 26 26 16 16 10 2 2 1 0 0 1 1 0 3 3 2 1 1 1 1 1 1 1 0
 148 148 82 65 65 65 150 150 143 143 84 43 43 142 210 210 208 208 175 59 59 55 32 32 27 27 15 5 5 2 3 3 2 2 4 2 2 1 2 2 1 1 0 0 0 0
 140 140 71 83 83 47 39 39 35 35 50 50 50 145 166 166 192 192 145 151 151 47 38 38 34 34 21 10 10 8 11 11 9 9 4 2 2 5 5 5 2 2 0 0 0 0
 140 140 71 83 83 47 39 39 35 35 50 50 50 145 166 166 192 192 145 151 151 47 38 38 34 34 21 10 10 8 11 11 9 9 4 2 2 5 5 5 2 2 0 0 0 0
 116 116 82 75 75 39 31 31 28 28 120 124 124 174 173 173 200 200 153 154 154 53 49 49 35 35 23 14 14 23 24 24 19 19 11 6 6 7 4 4 2 2 0 0 0 0
 116 116 82 75 75 39 31 31 28 28 120 124 124 174 173 173 200 200 153 154 154 53 49 49 35 35 23 14 14 23 24 24 19 19 11 6 6 7 4 4 2 2 0 0 0 0
 110 110 51 45 45 28 25 25 25 25 120 121 121 118 118 118 176 176 121 121 121 50 51 51 44 44 29 66 66 94 32 32 25 25 24 12 12 5 1 1 1 1 0 0 0 0
 53 53 41 37 37 24 26 26 36 36 43 133 133 117 117 117 183 183 159 124 124 40 34 34 31 31 18 68 68 64 47 47 37 37 27 16 16 7 1 1 0 0 1 0 0 0
 53 53 41 37 37 24 26 26 36 36 43 133 133 117 117 117 183 183 159 124 124 40 34 34 31 31 18 68 68 64 47 47 37 37 27 16 16 7 1 1 0 0 1 0 0 0
 28 28 23 23 23 25 26 26 38 38 40 36 36 37 82 82 161 161 144 91 91 70 49 49 31 31 24 24 24 49 50 50 28 28 26 15 15 14 9 9 1 1 1 1 1 2
 25 25 20 20 20 25 28 28 31 31 94 72 72 42 118 118 109 109 148 100 100 87 40 40 30 30 22 17 17 11 18 18 33 33 35 20 20 17 11 11 2 2 4 1 1 2
 25 25 20 20 20 25 28 28 31 31 94 72 72 42 118 118 109 109 148 100 100 87 40 40 30 30 22 17 17 11 18 18 33 33 35 20 20 17 11 11 2 2 4 1 1 2
 27 27 27 23 23 25 30 30 64 64 93 65 65 41 68 68 83 83 130 106 106 90 61 61 41 41 26 21 21 23 16 16 31 31 103 100 100 19 25 25 9 9 4 2 2 4
 27 27 27 23 23 25 30 30 64 64 93 65 65 41 68 68 83 83 130 106 106 90 61 61 41 41 26 21 21 23 16 16 31 31 103 100 100 19 25 25 9 9 4 2 2 4
 23 23 26 23 23 22 23 23 29 29 28 67 67 41 105 105 66 66 102 121 121 108 52 52 37 37 53 38 38 29 39 39 113 113 105 95 95 24 15 15 13 13 5 5 5 2
 30 30 26 33 33 29 30 30 40 40 29 30 30 39 43 43 110 110 86 170 170 99 41 41 51 51 32 42 42 25 41 41 35 35 82 68 68 10 15 15 7 7 3 3 3 0
 30 30 26 33 33 29 30 30 40 40 29 30 30 39 43 43 110 110 86 170 170 99 41 41 51 51 32 42 42 25 41 41 35 35 82 68 68 10 15 15 7 7 3 3 3 0
 16 16 21 33 33 41 28 28 40 40 29 41 41 36 46 46 42 42 75 75 75 140 57 57 54 54 47 33 33 54 38 38 42 42 82 14 14 8 10 10 8 8 4 3 3 0
 19 19 24 28 28 32 31 31 29 29 31 35 35 32 59 59 41 41 73 64 64 85 81 81 50 50 48 51 51 51 69 69 31 31 26 25 25 15 80 80 4 4 2 1 1 0
 19 19 24 28 28 32 31 31 29 29 31 35 35 32 59 59 41 41 73 64 64 85 81 81 50 50 48 51 51 51 69 69 31 31 26 25 25 15 80 80 4 4 2 1 1 0
 19 19 27 26 26 36 40 40 32 32 37 39 39 40 49 49 31 31 56 71 71 109 131 131 92 92 87 54 54 41 36 36 33 33 28 27 27 48 36 36 6 6 3 3 3 1
 19 19 27 26 26 36 40 40 32 32 37 39 39 40 49 49 31 31 56 71 71 109 131 131 92 92 87 54 54 41 36 36 33 33 28 27 27 48 36 36 6 6 3 3 3 1
 27 27 24 30 30 41 48 48 40 40 33 38 38 35 87 87 90 90 114 58 58 104 127 127 109 109 86 84 84 41 71 71 73 73 55 30 30 45 39 39 11 11 9 1 1 0
 23 23 25 28 28 35 40 40 34 34 43 36 36 42 83 83 80 80 69 107 107 59 101 101 79 79 62 37 37 64 50 50 75 75 33 41 41 31 33 33 9 9 5 1 1 0
 23 23 25 28 28 35 40 40 34 34 43 36 36 42 83 83 80 80 69 107 107 59 101 101 79 79 62 37 37 64 50 50 75 75 33 41 41 31 33 33 9 9 5 1 1 0
 24 24 26 36 36 56 51 51 43 43 36 29 29 32 38 38 30 30 59 43 43 71 61 61 50 50 95 53 53 78 64 64 102 102 32 56 56 14 23 23 23 23 9 6 6 2
 24 24 32 41 41 54 60 60 48 48 37 40 40 26 28 28 23 23 48 68 68 70 57 57 48 48 57 39 39 65 58 58 67 67 42 18 18 30 6 6 16 16 8 5 5 3
 24 24 32 41 41 54 60 60 48 48 37 40 40 26 28 28 23 23 48 68 68 70 57 57 48 48 57 39 39 65 58 58 67 67 42 18 18 30 6 6 16 16 8 5 5 3
 22 22 32 63 63 71 49 49 54 54 35 40 40 43 43 43 30 30 26 46 46 79 39 39 40 40 46 47 47 80 30 30 19 19 24 18 18 9 8 8 8 8 9 3 3 4
 22 22 32 63 63 71 49 49 54 54 35 40 40 43 43 43 30 30 26 46 46 79 39 39 40 40 46 47 47 80 30 30 19 19 24 18 18 9 8 8 8 8 9 3 3 4
 20 20 33 39 39 90 44 44 44 44 41 38 38 50 44 44 22 22 23 31 31 31 19 19 72 72 62 56 56 82 39 39 34 34 13 11 11 10 7 7 9 9 3 2 2 1
 23 23 37 37 37 87 47 47 43 43 36 46 46 56 51 51 37 37 26 25 25 27 51 51 57 57 46 50 50 87 59 59 10 10 7 3 3 3 8 8 10 10 2 0 0 0
 23 23 37 37 37 87 47 47 43 43 36 46 46 56 51 51 37 37 26 25 25 27 51 51 57 57 46 50 50 87 59 59 10 10 7 3 3 3 8 8 10 10 2 0 0 0
 30 30 35 41 41 48 78 78 62 62 43 45 45 63 33 33 34 34 34 28 28 35 53 53 49 49 35 86 86 23 15 15 6 6 7 4 4 6 4 4 3 3 1 2 2 1
 28 28 36 35 35 93 90 90 111 111 103 67 67 58 24 24 25 25 31 37 37 42 53 53 46 46 27 41 41 39 14 14 7 7 7 4 4 7 3 3 3 3 2 1 1 0
