assets/RAT_results/precipitation/2018-06-15_IMERG.asc
ncols        46
nrows        77
xllcorner    74.800261325624
yllcorner    8.058333333333
cellsize     0.062500000000
NODATA_value -9999
 3 3 2 1 1 1 2 2 4 4 2 5 5 7 7 7 9 9 10 5 5 3 2 2 0 0 0 0 0 0 0 0 1 1 1 6 6 7 7 7 8 8 9 10 10 7
 6 6 6 4 4 4 3 3 5 5 6 4 4 4 10 10 11 11 5 2 2 2 1 1 0 0 0 0 0 0 0 0 0 0 0 2 2 6 7 7 5 5 5 2 2 1
 6 6 6 4 4 4 3 3 5 5 6 4 4 4 10 10 11 11 5 2 2 2 1 1 0 0 0 0 0 0 0 0 0 0 0 2 2 6 7 7 5 5 5 2 2 1
 6 6 5 5 5 3 2 2 4 4 15 6 6 9 8 8 5 5 3 1 1 0 1 1 1 1 0 0 0 0 0 0 0 0 0 1 1 1 2 2 2 2 1 0 0 1
 5 5 6 3 3 1 2 2 2 2 2 5 5 11 11 11 8 8 3 1 1 1 1 1 1 1 1 0 0 0 0 0 0 0 0 0 0 0 0 0 1 1 0 0 0 1
 5 5 6 3 3 1 2 2 2 2 2 5 5 11 11 11 8 8 3 1 1 1 1 1 1 1 1 0 0 0 0 0 0 0 0 0 0 0 0 0 1 1 0 0 0 1
 17 17 20 13 13 8 5 5 2 2 2 8 8 10 12 12 8 8 5 2 2 2 2 2 1 1 1 1 1 0 2 2 7 7 0 0 0 0 0 0 0 0 0 0 0 0
 17 17 20 13 13 8 5 5 2 2 2 8 8 10 12 12 8 8 5 2 2 2 2 2 1 1 1 1 1 0 2 2 7 7 0 0 0 0 0 0 0 0 0 0 0 0
 11 11 10 17 17 14 5 5 1 1 1 4 4 5 7 7 13 13 4 3 3 2 2 2 2 2 3 2 2 8 6 6 5 5 1 2 2 1 0 0 0 0 0 0 0 1
 5 5 2 3 3 2 1 1 0 0 1 3 3 4 14 14 14 14 14 5 5 5 3 3 1 1 4 4 4 1 1 1 1 1 1 5 5 0 0 0 1 1 1 1 1 0
 5 5 2 3 3 2 1 1 0 0 1 3 3 4 14 14 14 14 14 5 5 5 3 3 1 1 4 4 4 1 1 1 1 1 1 5 5 0 0 0 1 1 1 1 1 0
 6 6 2 1 1 2 1 1 1 1 0 2 2 2 3 3 8 8 18 8 8 5 5 5 1 1 2 1 1 0 0 0 1 1 1 1 1 0 1 1 0 0 1 0 0 0
 7 7 2 3 3 6 2 2 2 2 0 0 0 3 1 1 4 4 5 5 5 3 2 2 1 1 1 1 1 0 0 0 0 0 1 1 1 0 1 1 0 0 0 0 0 2
 7 7 2 3 3 6 2 2 2 2 0 0 0 3 1 1 4 4 5 5 5 3 2 2 1 1 1 1 1 0 0 0 0 0 1 1 1 0 1 1 0 0 0 0 0 2
 7 7 5 3 3 4 3 3 2 2 1 1 1 1 1 1 3 3 0 1 1 1 1 1 1 1 1 0 0 0 0 0 1 1 1 0 0 0 0 0 1 1 0 0 0 0
 7 7 5 3 3 4 3 3 2 2 1 1 1 1 1 1 3 3 0 1 1 1 1 1 1 1 1 0 0 0 0 0 1 1 1 0 0 0 0 0 1 1 0 0 0 0
 9 9 5 3 3 3 1 1 3 3 3 1 1 1 0 0 0 0 1 0 0 2 1 1 1 1 1 1 1 1 0 0 0 0 0 0 0 1 0 0 1 1 0 0 0 0
 11 11 6 6 6 4 2 2 3 3 4 4 4 3 6 6 13 13 2 8 8 5 2 2 3 3 2 1 1 1 1 1 1 1 0 0 0 1 1 1 2 2 0 0 0 0
 11 11 6 6 6 4 2 2 3 3 4 4 4 3 6 6 13 13 2 8 8 5 2 2 3 3 2 1 1 1 1 1 1 1 0 0 0 1 1 1 2 2 0 0 0 0
 8 8 5 6 6 8 8 8 6 6 7 3 3 7 6 6 7 7 5 7 7 2 4 4 7 7 3 2 2 1 1 1 1 1 0 0 0 0 0 0 0 0 0 0 0 0
 14 14 7 5 5 8 9 9 12 12 5 5 5 6 10 10 9 9 12 7 7 8 7 7 4 4 3 2 2 3 1 1 1 1 1 0 0 0 0 0 0 0 0 0 0 0
 14 14 7 5 5 8 9 9 12 12 5 5 5 6 10 10 9 9 12 7 7 8 7 7 4 4 3 2 2 3 1 1 1 1 1 0 0 0 0 0 0 0 0 0 0 0
 17 17 16 9 9 4 6 6 11 11 6 5 5 8 9 9 13 13 10 13 13 10 8 8 5 5 3 2 2 2 2 2 1 1 0 0 0 0 0 0 0 0 0 0 0 0
 17 17 16 9 9 4 6 6 11 11 6 5 5 8 9 9 13 13 10 13 13 10 8 8 5 5 3 2 2 2 2 2 1 1 0 0 0 0 0 0 0 0 0 0 0 0
 22 22 19 9 9 8 8 8 12 12 9 7 7 7 6 6 10 10 10 8 8 8 5 5 3 3 5 2 2 2 1 1 0 0 0 0 0 0 0 0 0 0 0 0 0 0
 22 22 17 12 12 10 8 8 12 12 10 10 10 7 9 9 7 7 10 8 8 8 4 4 3 3 4 4 4 4 2 2 0 0 0 1 1 0 0 0 0 0 0 0 0 0
 22 22 17 12 12 10 8 8 12 12 10 10 10 7 9 9 7 7 10 8 8 8 4 4 3 3 4 4 4 4 2 2 0 0 0 1 1 0 0 0 0 0 0 0 0 0
 25 25 20 15 15 11 8 8 8 8 9 9 9 11 9 9 8 8 7 5 5 5 4 4 4 4 3 2 2 2 2 2 1 1 1 1 1 0 0 0 0 0 0 0 0 0
 22 22 15 13 13 11 7 7 6 6 8 7 7 8 9 9 11 11 10 7 7 5 4 4 4 4 3 3 3 4 2 2 1 1 1 2 2 1 0 0 1 1 1 0 0 0
 22 22 15 13 13 11 7 7 6 6 8 7 7 8 9 9 11 11 10 7 7 5 4 4 4 4 3 3 3 4 2 2 1 1 1 2 2 1 0 0 1 1 1 0 0 0
 17 17 14 12 12 11 5 5 7 7 4 6 6 8 6 6 12 12 8 6 6 5 5 5 5 5 3 2 2 5 2 2 1 1 0 0 0 1 0 0 0 0 0 0 0 0
 17 17 14 12 12 11 5 5 7 7 4 6 6 8 6 6 12 12 8 6 6 5 5 5 5 5 3 2 2 5 2 2 1 1 0 0 0 1 0 0 0 0 0 0 0 0
 16 16 11 8 8 10 6 6 9 9 10 10 10 8 4 4 12 12 11 12 12 7 11 11 8 8 4 3 3 4 3 3 1 1 0 1 1 0 0 0 0 0 0 0 0 0
 13 13 12 8 8 8 6 6 8 8 9 5 5 7 8 8 9 9 12 8 8 9 10 10 8 8 5 4 4 2 1 1 1 1 0 0 0 0 0 0 0 0 0 0 0 0
 13 13 12 8 8 8 6 6 8 8 9 5 5 7 8 8 9 9 12 8 8 9 10 10 8 8 5 4 4 2 1 1 1 1 0 0 0 0 0 0 0 0 0 0 0 0
 13 13 11 8 8 8 5 5 8 8 8 6 6 6 9 9 10 10 10 8 8 9 7 7 6 6 6 4 4 3 1 1 1 1 0 0 0 0 0 0 0 0 0 0 0 0
 13 13 10 8 8 3 3 3 5 5 5 5 5 4 6 6 7 7 7 7 7 9 6 6 4 4 3 3 3 2 1 1 1 1 0 0 0 1 1 1 0 0 0 0 0 0
 13 13 10 8 8 3 3 3 5 5 5 5 5 4 6 6 7 7 7 7 7 9 6 6 4 4 3 3 3 2 1 1 1 1 0 0 0 1 1 1 0 0 0 0 0 0
 19 19 15 10 10 5 7 7 5 5 4 4 4 5 3 3 5 5 7 6 6 6 6 6 4 4 1 1 1 0 1 1 1 1 1 1 1 1 1 1 0 0 0 0 0 0
 19 19 15 10 10 5 7 7 5 5 4 4 4 5 3 3 5 5 7 6 6 6 6 6 4 4 1 1 1 0 1 1 1 1 1 1 1 1 1 1 0 0 0 0 0 0
 15 15 19 12 12 7 7 7 2 2 3 1 1 2 3 3 4 4 5 8 8 5 5 5 2 2 1 0 0 1 0 0 1 1 0 1 1 2 2 2 1 1 0 0 0 1
 17 17 15 15 15 12 8 8 4 4 3 2 2 1 1 1 1 1 2 3 3 3 4 4 1 1 1 0 0 0 0 0 1 1 1 0 0 1 2 2 2 2 1 1 1 1
 17 17 15 15 15 12 8 8 4 4 3 2 2 1 1 1 1 1 2 3 3 3 4 4 1 1 1 0 0 0 0 0 1 1 1 0 0 1 2 2 2 2 1 1 1 1
 55 55 26 17 17 14 8 8 4 4 3 3 3 1 1 1 1 1 1 1 1 4 3 3 1 1 1 0 0 0 0 0 2 2 3 1 1 2 3 3 2 2 2 1 1 0
 44 44 31 19 19 19 9 9 6 6 2 3 3 1 1 1 0 0 0 2 2 2 3 3 1 1 1 1 1 0 0 0 0 0 1 1 1 1 2 2 1 1 2 0 0 0
 44 44 31 19 19 19 9 9 6 6 2 3 3 1 1 1 0 0 0 2 2 2 3 3 1 1 1 1 1 0 0 0 0 0 1 1 1 1 2 2 1 1 2 0 0 0
 43 43 27 19 19 15 10 10 9 9 4 4 4 0 0 0 0 0 0 1 1 1 0 0 1 1 1 1 1 1 0 0 0 0 1 1 1 0 1 1 1 1 1 0 0 0
 43 43 27 19 19 15 10 10 9 9 4 4 4 0 0 0 0 0 0 1 1 1 0 0 1 1 1 1 1 1 0 0 0 0 1 1 1 0 1 1 1 1 1 0 0 0
 38 38 15 17 17 11 11 11 5 5 5 1 1 2 0 0 0 0 0 1 1 1 0 0 1 1 2 1 1 0 1 1 0 0 1 1 1 0 1 1 1 1 1 1 1 0
 13 13 15 11 11 10 8 8 8 8 6 2 2 2 0 0 0 0 0 0 0 1 1 1 2 2 2 1 1 0 0 0 0 0 1 1 1 0 0 0 0 0 0 0 0 1
 13 13 15 11 11 10 8 8 8 8 6 2 2 2 0 0 0 0 0 0 0 1 1 1 2 2 2 1 1 0 0 0 0 0 1 1 1 0 0 0 0 0 0 0 0 1
 8 8 13 10 10 14 7 7 8 8 6 3 3 3 1 1 1 1 1 2 2 1 1 1 3 3 2 1 1 0 2 2 0 0 1 1 1 0 0 0 0 0 3 2 2 1
 8 8 7 9 9 10 9 9 6 6 6 3 3 2 1 1 2 2 2 2 2 2 1 1 2 2 2 1 1 1 0 0 0 0 0 0 0 0 0 0 0 0 2 1 1 0
 8 8 7 9 9 10 9 9 6 6 6 3 3 2 1 1 2 2 2 2 2 2 1 1 2 2 2 1 1 1 0 0 0 0 0 0 0 0 0 0 0 0 2 1 1 0
 7 7 7 6 6 9 9 9 10 10 6 5 5 3 2 2 3 3 2 3 3 5 6 6 6 6 2 2 2 1 1 1 1 1 0 0 0 0 0 0 0 0 0 0 0 0
 7 7 7 6 6 9 9 9 10 10 6 5 5 3 2 2 3 3 2 3 3 5 6 6 6 6 2 2 2 1 1 1 1 1 0 0 0 0 0 0 0 0 0 0 0 0
 8 8 20 10 10 20 23 23 15 15 8 7 7 4 7 7 4 4 3 3 3 3 5 5 7 7 5 6 6 5 2 2 1 1 1 0 0 0 0 0 0 0 0 0 0 0
 22 22 24 25 25 27 36 36 21 21 14 14 14 10 9 9 1 1 3 4 4 7 5 5 5 5 7 6 6 4 3 3 1 1 1 0 0 0 1 1 1 1 0 0 0 0
 22 22 24 25 25 27 36 36 21 21 14 14 14 10 9 9 1 1 3 4 4 7 5 5 5 5 7 6 6 4 3 3 1 1 1 0 0 0 1 1 1 1 0 0 0 0
 14 14 25 28 28 30 32 32 20 20 21 18 18 22 14 14 14 14 9 5 5 8 8 8 11 11 20 18 18 5 2 2 2 2 1 1 1 0 0 0 0 0 0 0 0 0
 23 23 30 33 33 33 34 34 41 41 32 27 27 26 16 16 15 15 9 20 20 20 17 17 9 9 13 6 6 3 2 2 0 0 0 0 0 0 0 0 0 0 0 0 0 0
 23 23 30 33 33 33 34 34 41 41 32 27 27 26 16 16 15 15 9 20 20 20 17 17 9 9 13 6 6 3 2 2 0 0 0 0 0 0 0 0 0 0 0 0 0 0
 25 25 27 26 26 34 41 41 44 44 47 34 34 22 8 8 7 7 4 18 18 18 18 18 14 14 15 3 3 3 1 1 1 1 0 0 0 0 0 0 0 0 0 0 0 0
 25 25 27 26 26 34 41 41 44 44 47 34 34 22 8 8 7 7 4 18 18 18 18 18 14 14 15 3 3 3 1 1 1 1 0 0 0 0 0 0 0 0 0 0 0 0
 26 26 35 27 27 34 36 36 54 54 47 45 45 28 10 10 9 9 4 4 4 7 3 3 3 3 15 1 1 2 1 1 1 1 0 0 0 0 0 0 1 1 0 0 0 0
 31 31 31 30 30 29 32 32 38 38 53 32 32 20 13 13 9 9 6 5 5 4 2 2 2 2 2 2 2 3 2 2 2 2 1 0 0 0 0 0 0 0 0 1 1 0
 31 31 31 30 30 29 32 32 38 38 53 32 32 20 13 13 9 9 6 5 5 4 2 2 2 2 2 2 2 3 2 2 2 2 1 0 0 0 0 0 0 0 0 1 1 0
 59 59 33 41 41 37 42 42 34 34 45 34 34 23 18 18 13 13 13 9 9 6 2 2 1 1 1 1 1 2 2 2 1 1 1 1 1 0 0 0 0 0 0 0 0 0
 61 61 33 31 31 34 41 41 33 33 45 34 34 22 16 16 11 11 8 6 6 2 3 3 1 1 1 2 2 13 2 2 7 7 2 7 7 0 0 0 0 0 0 1 1 0
 61 61 33 31 31 34 41 41 33 33 45 34 34 22 16 16 11 11 8 6 6 2 3 3 1 1 1 2 2 13 2 2 7 7 2 7 7 0 0 0 0 0 0 1 1 0
 36 36 25 19 19 23 45 45 49 49 32 30 30 18 19 19 19 19 31 11 11 6 6 6 4 4 2 3 3 2 3 3 5 5 4 4 4 2 0 0 0 0 0 0 0 0
 36 36 25 19 19 23 45 45 49 49 32 30 30 18 19 19 19 19 31 11 11 6 6 6 4 4 2 3 3 2 3 3 5 5 4 4 4 2 0 0 0 0 0 0 0 0
 26 26 19 15 15 16 25 25 55 55 33 25 25 18 14 14 12 12 16 14 14 18 14 14 15 15 12 9 9 4 3 3 4 4 4 4 4 6 2 2 12 12 0 0 0 0
 22 22 22 16 16 18 18 18 32 32 12 23 23 25 15 15 16 16 16 17 17 18 21 21 17 17 7 8 8 10 8 8 4 4 5 3 3 9 7 7 14 14 1 0 0 0
 22 22 22 16 16 18 18 18 32 32 12 23 23 25 15 15 16 16 16 17 17 18 21 21 17 17 7 8 8 10 8 8 4 4 5 3 3 9 7 7 14 14 1 0 0 0
 21 21 15 13 13 11 10 10 12 12 9 10 10 17 10 10 11 11 16 10 10 14 19 19 9 9 6 3 3 3 4 4 2 2 2 6 6 2 4 4 1 1 2 1 1 0
 22 22 18 12 12 9 8 8 8 8 8 10 10 19 7 7 6 6 4 5 5 6 7 7 3 3 2 1 1 1 1 1 1 1 1 2 2 2 3 3 1 1 4 1 1 0
