assets/RAT_results/precipitation/2018-04-24_IMERG.asc
ncols        46
nrows        77
xllcorner    74.800261325624
yllcorner    8.058333333333
cellsize     0.062500000000
NODATA_value -9999
 0 0 0 0 0 0 0 0 0 0 0 0 0 1 2 2 3 3 4 3 3 3 2 2 5 5 16 3 3 4 6 6 5 5 5 6 6 8 8 8 8 8 6 3 3 4
 0 0 0 0 0 0 0 0 0 0 0 0 0 1 1 1 3 3 4 4 4 3 6 6 4 4 2 6 6 5 12 12 8 8 5 7 7 4 2 2 10 10 3 2 2 2
 0 0 0 0 0 0 0 0 0 0 0 0 0 1 1 1 3 3 4 4 4 3 6 6 4 4 2 6 6 5 12 12 8 8 5 7 7 4 2 2 10 10 3 2 2 2
 0 0 0 0 0 0 0 0 0 0 0 0 0 1 2 2 4 4 5 7 7 6 6 6 6 6 5 6 6 8 11 11 6 6 7 1 1 0 4 4 4 4 1 2 2 5
 0 0 0 0 0 0 0 0 0 0 0 2 2 2 8 8 11 11 22 7 7 8 8 8 12 12 8 7 7 10 4 4 2 2 2 2 2 0 1 1 2 2 1 4 4 13
 0 0 0 0 0 0 0 0 0 0 0 2 2 2 8 8 11 11 22 7 7 8 8 8 12 12 8 7 7 10 4 4 2 2 2 2 2 0 1 1 2 2 1 4 4 13
 0 0 0 0 0 0 0 0 0 0 0 0 0 3 2 2 9 9 7 8 8 12 7 7 7 7 8 7 7 8 4 4 6 6 4 3 3 1 1 1 2 2 0 2 2 8
 0 0 0 0 0 0 0 0 0 0 0 0 0 3 2 2 9 9 7 8 8 12 7 7 7 7 8 7 7 8 4 4 6 6 4 3 3 1 1 1 2 2 0 2 2 8
 0 0 0 0 0 0 0 0 0 0 0 0 0 1 4 4 5 5 10 16 16 21 14 14 10 10 6 9 9 4 9 9 4 4 1 1 1 3 3 3 3 3 3 1 1 2
 0 0 0 0 0 0 0 0 0 0 0 0 0 0 2 2 8 8 12 12 12 20 14 14 8 8 6 28 28 7 4 4 4 4 10 1 1 4 5 5 4 4 8 3 3 1
 0 0 0 0 0 0 0 0 0 0 0 0 0 0 2 2 8 8 12 12 12 20 14 14 8 8 6 28 28 7 4 4 4 4 10 1 1 4 5 5 4 4 8 3 3 1
 0 0 0 0 0 0 0 0 0 0 0 0 0 1 2 2 6 6 2 2 2 20 15 15 6 6 5 8 8 8 5 5 7 7 4 0 0 2 0 0 1 1 1 4 4 2
 0 0 0 0 0 0 0 0 0 0 0 0 0 0 1 1 3 3 5 2 2 2 9 9 6 6 4 8 8 8 2 2 6 6 2 1 1 0 0 0 0 0 1 0 0 1
 0 0 0 0 0 0 0 0 0 0 0 0 0 0 1 1 3 3 5 2 2 2 9 9 6 6 4 8 8 8 2 2 6 6 2 1 1 0 0 0 0 0 1 0 0 1
 0 0 0 0 0 0 0 0 0 0 0 0 0 0 4 4 6 6 6 8 8 3 3 3 4 4 7 7 7 8 2 2 1 1 4 1 1 0 1 1 0 0 0 0 0 2
 0 0 0 0 0 0 0 0 0 0 0 0 0 0 4 4 6 6 6 8 8 3 3 3 4 4 7 7 7 8 2 2 1 1 4 1 1 0 1 1 0 0 0 0 0 2
 0 0 0 0 0 0 0 0 0 0 0 0 0 0 6 6 6 6 6 3 3 1 3 3 7 7 7 7 7 7 5 5 1 1 1 1 1 3 1 1 1 1 1 0 0 12
 0 0 0 0 0 0 0 0 0 0 0 2 2 2 5 5 1 1 3 6 6 6 6 6 4 4 4 12 12 7 8 8 1 1 1 0 0 1 0 0 1 1 1 0 0 9
 0 0 0 0 0 0 0 0 0 0 0 2 2 2 5 5 1 1 3 6 6 6 6 6 4 4 4 12 12 7 8 8 1 1 1 0 0 1 0 0 1 1 1 0 0 9
 0 0 0 0 0 0 0 0 0 0 0 0 0 1 0 0 2 2 6 12 12 15 9 9 9 9 6 12 12 7 6 6 1 1 1 0 0 1 0 0 0 0 1 3 3 9
 0 0 0 0 0 0 0 0 0 0 0 0 0 1 0 0 0 0 7 7 7 11 14 14 13 13 13 9 9 6 6 6 0 0 1 1 1 1 1 1 0 0 2 6 6 6
 0 0 0 0 0 0 0 0 0 0 0 0 0 1 0 0 0 0 7 7 7 11 14 14 13 13 13 9 9 6 6 6 0 0 1 1 1 1 1 1 0 0 2 6 6 6
 0 0 0 0 0 0 0 0 0 0 0 0 0 1 2 2 4 4 18 13 13 20 13 13 20 20 16 11 11 8 3 3 0 0 1 1 1 0 0 0 0 0 1 6 6 12
 0 0 0 0 0 0 0 0 0 0 0 0 0 1 2 2 4 4 18 13 13 20 13 13 20 20 16 11 11 8 3 3 0 0 1 1 1 0 0 0 0 0 1 6 6 12
 1 1 0 0 0 0 0 0 0 0 0 0 0 3 5 5 5 5 7 10 10 14 8 8 13 13 15 12 12 4 4 4 0 0 0 0 0 0 0 0 3 3 1 1 1 14
 0 0 0 0 0 0 0 0 0 0 1 0 0 1 2 2 3 3 13 13 13 16 9 9 12 12 6 4 4 1 0 0 0 0 0 0 0 0 0 0 3 3 1 0 0 0
 0 0 0 0 0 0 0 0 0 0 1 0 0 1 2 2 3 3 13 13 13 16 9 9 12 12 6 4 4 1 0 0 0 0 0 0 0 0 0 0 3 3 1 0 0 0
 0 0 0 0 0 0 0 0 0 0 0 0 0 3 2 2 6 6 5 9 9 4 4 4 3 3 2 4 4 4 0 0 0 0 0 0 0 4 5 5 2 2 0 1 1 0
 0 0 0 0 0 0 0 0 0 0 0 0 0 1 1 1 4 4 2 3 3 3 1 1 1 1 1 0 0 0 0 0 1 1 0 3 3 6 0 0 1 1 0 1 1 0
 0 0 0 0 0 0 0 0 0 0 0 0 0 1 1 1 4 4 2 3 3 3 1 1 1 1 1 0 0 0 0 0 1 1 0 3 3 6 0 0 1 1 0 1 1 0
 0 0 0 0 0 0 0 0 0 0 1 1 1 1 1 1 2 2 4 3 3 5 3 3 0 0 1 1 1 0 0 0 2 2 2 1 1 0 0 0 1 1 0 0 0 0
 0 0 0 0 0 0 0 0 0 0 1 1 1 1 1 1 2 2 4 3 3 5 3 3 0 0 1 1 1 0 0 0 2 2 2 1 1 0 0 0 1 1 0 0 0 0
 0 0 0 0 0 0 0 0 0 0 1 1 1 1 2 2 2 2 4 2 2 3 1 1 2 2 0 1 1 3 3 3 9 9 12 3 3 0 0 0 0 0 0 1 1 0
 0 0 0 0 0 0 0 0 0 0 1 1 1 1 1 1 2 2 3 2 2 1 1 1 1 1 4 1 1 2 2 2 4 4 10 11 11 0 1 1 0 0 0 0 0 0
 0 0 0 0 0 0 0 0 0 0 1 1 1 1 1 1 2 2 3 2 2 1 1 1 1 1 4 1 1 2 2 2 4 4 10 11 11 0 1 1 0 0 0 0 0 0
 0 0 0 0 0 0 0 0 1 1 1 1 1 1 1 1 2 2 3 6 6 2 1 1 1 1 3 2 2 4 5 5 6 6 8 6 6 3 2 2 1 1 0 0 0 1
 0 0 1 0 0 0 0 0 0 0 1 1 1 1 1 1 1 1 3 5 5 5 2 2 3 3 8 4 4 5 7 7 9 9 7 3 3 4 1 1 0 0 0 0 0 0
 0 0 1 0 0 0 0 0 0 0 1 1 1 1 1 1 1 1 3 5 5 5 2 2 3 3 8 4 4 5 7 7 9 9 7 3 3 4 1 1 0 0 0 0 0 0
 0 0 1 0 0 1 0 0 0 0 0 1 1 1 1 1 2 2 3 7 7 9 3 3 5 5 10 8 8 4 8 8 10 10 5 7 7 3 3 3 0 0 0 0 0 0
 0 0 1 0 0 1 0 0 0 0 0 1 1 1 1 1 2 2 3 7 7 9 3 3 5 5 10 8 8 4 8 8 10 10 5 7 7 3 3 3 0 0 0 0 0 0
 1 1 1 0 0 0 0 0 0 0 0 0 0 1 1 1 6 6 10 9 9 10 10 10 9 9 10 8 8 4 9 9 10 10 6 4 4 7 0 0 0 0 0 0 0 0
 1 1 0 0 0 0 0 0 0 0 0 0 0 0 1 1 8 8 13 11 11 11 19 19 10 10 10 9 9 8 16 16 16 16 12 16 16 2 1 1 0 0 0 0 0 0
 1 1 0 0 0 0 0 0 0 0 0 0 0 0 1 1 8 8 13 11 11 11 19 19 10 10 10 9 9 8 16 16 16 16 12 16 16 2 1 1 0 0 0 0 0 0
 0 0 0 0 0 0 0 0 0 0 0 0 0 0 1 1 9 9 17 13 13 14 23 23 15 15 13 9 9 32 15 15 12 12 8 2 2 2 0 0 0 0 0 0 0 0
 0 0 0 0 0 0 0 0 0 0 0 0 0 0 0 0 6 6 10 14 14 16 12 12 14 14 14 14 14 16 15 15 9 9 3 2 2 0 0 0 0 0 0 0 0 0
 0 0 0 0 0 0 0 0 0 0 0 0 0 0 0 0 6 6 10 14 14 16 12 12 14 14 14 14 14 16 15 15 9 9 3 2 2 0 0 0 0 0 0 0 0 0
 0 0 0 0 0 0 0 0 0 0 0 0 0 0 0 0 3 3 8 18 18 16 20 20 7 7 12 12 12 16 11 11 11 11 7 2 2 1 1 1 0 0 0 0 0 0
 0 0 0 0 0 0 0 0 0 0 0 0 0 0 0 0 3 3 8 18 18 16 20 20 7 7 12 12 12 16 11 11 11 11 7 2 2 1 1 1 0 0 0 0 0 0
 0 0 0 0 0 0 0 0 0 0 0 0 0 6 9 9 7 7 9 21 21 19 12 12 7 7 9 14 14 16 15 15 18 18 11 3 3 3 0 0 0 0 0 0 0 0
 0 0 0 0 0 0 0 0 0 0 2 4 4 13 18 18 11 11 17 29 29 29 20 20 17 17 16 12 12 18 17 17 18 18 11 7 7 3 0 0 0 0 0 0 0 0
 0 0 0 0 0 0 0 0 0 0 2 4 4 13 18 18 11 11 17 29 29 29 20 20 17 17 16 12 12 18 17 17 18 18 11 7 7 3 0 0 0 0 0 0 0 0
 0 0 0 0 0 0 0 0 0 0 8 17 17 30 35 35 20 20 26 34 34 35 20 20 24 24 22 20 20 23 14 14 18 18 8 9 9 2 0 0 0 0 0 0 0 0
 0 0 0 0 0 0 1 1 1 1 16 32 32 38 41 41 24 24 33 45 45 41 44 44 46 46 22 24 24 22 15 15 7 7 19 4 4 0 0 0 0 0 2 0 0 0
 0 0 0 0 0 0 1 1 1 1 16 32 32 38 41 41 24 24 33 45 45 41 44 44 46 46 22 24 24 22 15 15 7 7 19 4 4 0 0 0 0 0 2 0 0 0
 0 0 0 0 0 0 3 3 4 4 29 47 47 51 48 48 27 27 36 43 43 37 41 41 44 44 38 18 18 14 9 9 8 8 9 2 2 1 1 1 6 6 0 0 0 0
 0 0 0 0 0 0 3 3 4 4 29 47 47 51 48 48 27 27 36 43 43 37 41 41 44 44 38 18 18 14 9 9 8 8 9 2 2 1 1 1 6 6 0 0 0 0
 0 0 0 1 1 4 5 5 7 7 39 53 53 54 43 43 28 28 24 32 32 32 41 41 37 37 39 15 15 23 12 12 9 9 8 2 2 1 0 0 3 3 0 0 0 0
 0 0 0 0 0 3 5 5 12 12 41 48 48 57 35 35 23 23 16 17 17 16 14 14 21 21 21 29 29 18 20 20 17 17 9 7 7 5 1 1 0 0 0 0 0 0
 0 0 0 0 0 3 5 5 12 12 41 48 48 57 35 35 23 23 16 17 17 16 14 14 21 21 21 29 29 18 20 20 17 17 9 7 7 5 1 1 0 0 0 0 0 0
 0 0 0 1 1 3 4 4 13 13 31 35 35 47 24 24 18 18 10 10 10 10 14 14 22 22 19 21 21 8 8 8 8 8 19 5 5 2 1 1 0 0 0 0 0 0
 2 2 3 2 2 4 3 3 12 12 17 17 17 34 13 13 9 9 4 3 3 2 12 12 19 19 20 13 13 10 6 6 3 3 6 7 7 0 0 0 1 1 0 0 0 0
 2 2 3 2 2 4 3 3 12 12 17 17 17 34 13 13 9 9 4 3 3 2 12 12 19 19 20 13 13 10 6 6 3 3 6 7 7 0 0 0 1 1 0 0 0 0
 4 4 4 4 4 6 6 6 14 14 9 9 9 22 8 8 5 5 2 1 1 1 0 0 13 13 22 15 15 8 6 6 2 2 2 0 0 0 1 1 1 1 2 0 0 0
 4 4 4 4 4 6 6 6 14 14 9 9 9 22 8 8 5 5 2 1 1 1 0 0 13 13 22 15 15 8 6 6 2 2 2 0 0 0 1 1 1 1 2 0 0 0
 4 4 4 4 4 4 2 2 9 9 6 5 5 21 6 6 3 3 0 0 0 0 2 2 8 8 9 0 0 1 1 1 0 0 1 1 1 0 0 0 1 1 0 0 0 1
 4 4 4 3 3 3 2 2 6 6 2 1 1 4 3 3 2 2 0 0 0 0 0 0 0 0 2 0 0 0 0 0 0 0 1 1 1 3 3 3 3 3 0 0 0 0
 4 4 4 3 3 3 2 2 6 6 2 1 1 4 3 3 2 2 0 0 0 0 0 0 0 0 2 0 0 0 0 0 0 0 1 1 1 3 3 3 3 3 0 0 0 0
 3 3 3 3 3 2 1 1 1 1 1 0 0 0 0 0 0 0 0 0 0 0 0 0 0 0 0 0 0 0 0 0 0 0 1 3 3 3 3 3 7 7 0 1 1 0
 5 5 1 1 1 1 1 1 0 0 0 0 0 0 0 0 0 0 0 0 0 0 0 0 0 0 0 0 0 0 0 0 1 1 7 8 8 6 7 7 7 7 0 0 0 0
 5 5 1 1 1 1 1 1 0 0 0 0 0 0 0 0 0 0 0 0 0 0 0 0 0 0 0 0 0 0 0 0 1 1 7 8 8 6 7 7 7 7 0 0 0 0
 15 15 0 0 0 0 6 6 0 0 0 0 0 0 0 0 0 0 0 0 0 0 0 0 0 0 0 0 0 0 0 0 0 0 6 0 0 0 0 0 0 0 0 0 0 0
 15 15 0 0 0 0 6 6 0 0 0 0 0 0 0 0 0 0 0 0 0 0 0 0 0 0 0 0 0 0 0 0 0 0 6 0 0 0 0 0 0 0 0 0 0 0
 13 13 1 0 0 0 1 1 0 0 0 0 0 0 0 0 0 0 0 0 0 0 0 0 0 0 0 0 0 0 0 0 0 0 0 0 0 0 0 0 0 0 0 0 0 0
 1 1 0 0 0 0 0 0 0 0 0 0 0 0 0 0 0 0 0 0 0 0 0 0 0 0 0 0 0 0 0 0 0 0 0 0 0 0 0 0 0 0 0 0 0 0
 1 1 0 0 0 0 0 0 0 0 0 0 0 0 0 0 0 0 0 0 0 0 0 0 0 0 0 0 0 0 0 0 0 0 0 0 0 0 0 0 0 0 0 0 0 0
 0 0 0 0 0 0 0 0 0 0 0 0 0 0 0 0 0 0 0 0 0 0 0 0 0 0 0 0 0 0 0 0 0 0 0 0 0 0 0 0 0 0 0 0 0 0
 0 0 0 0 0 0 0 0 0 0 0 0 0 0 0 0 0 0 0 0 0 0 0 0 0 0 0 0 0 0 0 0 0 0 0 0 0 0 0 0 0 0 0 0 0 0
