assets/RAT_results/precipitation/2018-10-14_IMERG.asc
ncols        46
nrows        77
xllcorner    74.800261325624
yllcorner    8.058333333333
cellsize     0.062500000000
NODATA_value -9999
 5 5 10 10 10 14 13 13 18 18 15 17 17 21 14 14 11 11 8 7 7 9 12 12 15 15 23 24 24 27 11 11 11 11 14 15 15 20 21 21 24 24 27 34 34 33
 3 3 8 11 11 14 15 15 18 18 21 33 33 23 14 14 10 10 8 4 4 9 11 11 17 17 21 26 26 22 17 17 12 12 12 14 14 21 21 21 26 26 25 42 42 42
 3 3 8 11 11 14 15 15 18 18 21 33 33 23 14 14 10 10 8 4 4 9 11 11 17 17 21 26 26 22 17 17 12 12 12 14 14 21 21 21 26 26 25 42 42 42
 2 2 6 10 10 19 16 16 11 11 16 20 20 14 14 14 4 4 4 5 5 8 15 15 18 18 23 29 29 28 29 29 25 25 18 21 21 25 25 25 28 28 25 35 35 32
 1 1 2 6 6 7 13 13 15 15 18 21 21 10 7 7 3 3 2 4 4 5 14 14 20 20 25 27 27 23 35 35 26 26 40 32 32 30 30 30 31 31 24 23 23 31
 1 1 2 6 6 7 13 13 15 15 18 21 21 10 7 7 3 3 2 4 4 5 14 14 20 20 25 27 27 23 35 35 26 26 40 32 32 30 30 30 31 31 24 23 23 31
 1 1 4 3 3 3 11 11 20 20 15 19 19 15 11 11 10 10 3 4 4 6 11 11 13 13 18 25 25 35 39 39 60 60 52 39 39 31 27 27 30 30 35 24 24 30
 1 1 4 3 3 3 11 11 20 20 15 19 19 15 11 11 10 10 3 4 4 6 11 11 13 13 18 25 25 35 39 39 60 60 52 39 39 31 27 27 30 30 35 24 24 30
 1 1 1 2 2 5 9 9 26 26 14 11 11 18 15 15 8 8 4 2 2 3 4 4 11 11 18 26 26 39 42 42 53 53 60 46 46 49 37 37 40 40 37 26 26 23
 1 1 1 3 3 7 11 11 18 18 14 25 25 15 12 12 8 8 3 1 1 2 1 1 16 16 20 28 28 38 41 41 54 54 84 68 68 52 37 37 32 32 32 19 19 27
 1 1 1 3 3 7 11 11 18 18 14 25 25 15 12 12 8 8 3 1 1 2 1 1 16 16 20 28 28 38 41 41 54 54 84 68 68 52 37 37 32 32 32 19 19 27
 2 2 2 2 2 4 8 8 10 10 22 25 25 10 8 8 9 9 4 2 2 2 2 2 14 14 14 30 30 32 37 37 43 43 59 55 55 54 49 49 44 44 29 19 19 19
 2 2 2 4 4 6 6 6 4 4 11 10 10 11 8 8 14 14 8 5 5 4 3 3 9 9 9 14 14 23 30 30 46 46 51 40 40 45 51 51 42 42 32 19 19 16
 2 2 2 4 4 6 6 6 4 4 11 10 10 11 8 8 14 14 8 5 5 4 3 3 9 9 9 14 14 23 30 30 46 46 51 40 40 45 51 51 42 42 32 19 19 16
 6 6 11 12 12 10 5 5 3 3 16 6 6 21 27 27 5 5 7 5 5 4 4 4 7 7 9 10 10 14 20 20 26 26 37 42 42 40 59 59 67 67 44 22 22 17
 6 6 11 12 12 10 5 5 3 3 16 6 6 21 27 27 5 5 7 5 5 4 4 4 7 7 9 10 10 14 20 20 26 26 37 42 42 40 59 59 67 67 44 22 22 17
 5 5 20 18 18 8 9 9 9 9 4 9 9 23 25 25 4 4 9 7 7 8 7 7 10 10 8 11 11 9 21 21 24 24 40 29 29 28 36 36 45 45 37 18 18 16
 8 8 12 15 15 10 15 15 11 11 4 4 4 26 18 18 22 22 8 9 9 9 7 7 12 12 11 15 15 17 20 20 19 19 37 50 50 28 23 23 33 33 19 13 13 11
 8 8 12 15 15 10 15 15 11 11 4 4 4 26 18 18 22 22 8 9 9 9 7 7 12 12 11 15 15 17 20 20 19 19 37 50 50 28 23 23 33 33 19 13 13 11
 8 8 9 12 12 17 21 21 13 13 3 6 6 3 4 4 9 9 11 11 11 9 10 10 12 12 19 14 14 22 23 23 18 18 26 38 38 30 22 22 20 20 19 6 6 6
 9 9 9 8 8 10 5 5 5 5 2 5 5 4 7 7 6 6 27 33 33 11 18 18 9 9 14 17 17 24 19 19 14 14 12 10 10 18 17 17 17 17 14 3 3 5
 9 9 9 8 8 10 5 5 5 5 2 5 5 4 7 7 6 6 27 33 33 11 18 18 9 9 14 17 17 24 19 19 14 14 12 10 10 18 17 17 17 17 14 3 3 5
 3 3 7 6 6 9 4 4 3 3 5 5 5 5 7 7 9 9 54 43 43 26 19 19 10 10 10 13 13 24 18 18 14 14 13 13 13 10 10 10 15 15 15 10 10 6
 3 3 7 6 6 9 4 4 3 3 5 5 5 5 7 7 9 9 54 43 43 26 19 19 10 10 10 13 13 24 18 18 14 14 13 13 13 10 10 10 15 15 15 10 10 6
 1 1 3 4 4 4 5 5 8 8 8 7 7 6 9 9 10 10 38 28 28 35 51 51 15 15 10 11 11 14 19 19 14 14 10 11 11 12 15 15 14 14 15 23 23 22
 1 1 3 3 3 2 5 5 5 5 7 3 3 3 5 5 4 4 11 64 64 37 50 50 18 18 9 11 11 9 10 10 10 10 17 13 13 14 14 14 17 17 20 19 19 16
 1 1 3 3 3 2 5 5 5 5 7 3 3 3 5 5 4 4 11 64 64 37 50 50 18 18 9 11 11 9 10 10 10 10 17 13 13 14 14 14 17 17 20 19 19 16
 1 1 2 2 2 2 2 2 3 3 2 1 1 3 3 3 3 3 10 13 13 26 15 15 12 12 12 11 11 10 8 8 17 17 9 12 12 22 14 14 11 11 11 13 13 15
 2 2 3 4 4 5 4 4 5 5 3 1 1 2 2 2 4 4 9 15 15 9 11 11 36 36 8 11 11 11 9 9 11 11 8 13 13 15 14 14 11 11 10 13 13 13
 2 2 3 4 4 5 4 4 5 5 3 1 1 2 2 2 4 4 9 15 15 9 11 11 36 36 8 11 11 11 9 9 11 11 8 13 13 15 14 14 11 11 10 13 13 13
 2 2 1 6 6 6 8 8 10 10 9 3 3 2 2 2 2 2 3 9 9 20 17 17 13 13 7 6 6 8 7 7 4 4 7 13 13 14 9 9 11 11 10 11 11 15
 2 2 1 6 6 6 8 8 10 10 9 3 3 2 2 2 2 2 3 9 9 20 17 17 13 13 7 6 6 8 7 7 4 4 7 13 13 14 9 9 11 11 10 11 11 15
 6 6 2 1 1 3 8 8 5 5 9 19 19 1 1 1 2 2 3 5 5 6 8 8 5 5 5 7 7 4 3 3 2 2 5 6 6 7 9 9 9 9 10 8 8 9
 7 7 1 1 1 1 3 3 2 2 7 12 12 15 1 1 2 2 4 6 6 4 14 14 8 8 6 3 3 1 1 1 1 1 2 2 2 4 5 5 11 11 13 6 6 10
 7 7 1 1 1 1 3 3 2 2 7 12 12 15 1 1 2 2 4 6 6 4 14 14 8 8 6 3 3 1 1 1 1 1 2 2 2 4 5 5 11 11 13 6 6 10
 17 17 6 5 5 1 1 1 1 1 2 3 3 10 1 1 4 4 5 5 5 6 10 10 8 8 7 5 5 4 1 1 5 5 1 1 1 3 3 3 9 9 11 10 10 8
 12 12 6 5 5 1 1 1 2 2 1 2 2 2 2 2 6 6 9 8 8 6 7 7 11 11 18 10 10 7 9 9 11 11 19 8 8 2 4 4 4 4 4 7 7 8
 12 12 6 5 5 1 1 1 2 2 1 2 2 2 2 2 6 6 9 8 8 6 7 7 11 11 18 10 10 7 9 9 11 11 19 8 8 2 4 4 4 4 4 7 7 8
 1 1 1 1 1 1 1 1 2 2 2 2 2 1 1 1 6 6 7 11 11 12 7 7 8 8 10 20 20 13 11 11 16 16 13 13 13 8 6 6 4 4 5 6 6 9
 1 1 1 1 1 1 1 1 2 2 2 2 2 1 1 1 6 6 7 11 11 12 7 7 8 8 10 20 20 13 11 11 16 16 13 13 13 8 6 6 4 4 5 6 6 9
 2 2 1 1 1 1 1 1 2 2 2 1 1 2 3 3 6 6 8 9 9 8 9 9 13 13 13 17 17 16 13 13 18 18 25 15 15 14 10 10 5 5 4 8 8 9
 2 2 2 1 1 1 1 1 1 1 2 2 2 1 3 3 3 3 10 9 9 14 11 11 10 10 11 11 11 13 17 17 11 11 13 10 10 15 5 5 8 8 11 10 10 11
 2 2 2 1 1 1 1 1 1 1 2 2 2 1 3 3 3 3 10 9 9 14 11 11 10 10 11 11 11 13 17 17 11 11 13 10 10 15 5 5 8 8 11 10 10 11
 4 4 5 1 1 1 1 1 1 1 2 2 2 2 6 6 6 6 11 12 12 19 20 20 15 15 15 12 12 12 29 29 29 29 25 8 8 16 7 7 5 5 17 12 12 7
 4 4 4 1 1 1 1 1 1 1 2 2 2 2 7 7 7 7 11 12 12 13 14 14 13 13 13 14 14 16 30 30 28 28 17 6 6 9 6 6 12 12 15 4 4 4
 4 4 4 1 1 1 1 1 1 1 2 2 2 2 7 7 7 7 11 12 12 13 14 14 13 13 13 14 14 16 30 30 28 28 17 6 6 9 6 6 12 12 15 4 4 4
 9 9 8 17 17 9 10 10 1 1 3 2 2 2 4 4 5 5 10 12 12 16 14 14 19 19 15 13 13 13 21 21 20 20 18 9 9 8 9 9 11 11 11 6 6 5
 9 9 8 17 17 9 10 10 1 1 3 2 2 2 4 4 5 5 10 12 12 16 14 14 19 19 15 13 13 13 21 21 20 20 18 9 9 8 9 9 11 11 11 6 6 5
 1 1 8 18 18 11 10 10 1 1 1 3 3 2 4 4 4 4 10 15 15 17 17 17 14 14 15 13 13 13 14 14 14 14 11 9 9 8 8 8 9 9 12 5 5 5
 0 0 0 2 2 2 0 0 1 1 1 3 3 2 2 2 4 4 4 12 12 14 13 13 16 16 15 14 14 12 13 13 15 15 13 10 10 10 9 9 17 17 8 6 6 6
 0 0 0 2 2 2 0 0 1 1 1 3 3 2 2 2 4 4 4 12 12 14 13 13 16 16 15 14 14 12 13 13 15 15 13 10 10 10 9 9 17 17 8 6 6 6
 0 0 0 0 0 2 1 1 1 1 1 3 3 2 2 2 5 5 5 13 13 9 15 15 18 18 19 18 18 16 17 17 11 11 11 10 10 8 8 8 10 10 11 13 13 4
 5 5 5 0 0 0 1 1 1 1 1 3 3 2 3 3 5 5 10 5 5 9 15 15 19 19 12 13 13 10 9 9 13 13 17 13 13 11 16 16 21 21 31 10 10 6
 5 5 5 0 0 0 1 1 1 1 1 3 3 2 3 3 5 5 10 5 5 9 15 15 19 19 12 13 13 10 9 9 13 13 17 13 13 11 16 16 21 21 31 10 10 6
 5 5 5 4 4 0 0 0 0 0 0 0 0 3 3 3 3 3 8 11 11 12 14 14 16 16 13 15 15 7 8 8 9 9 12 11 11 12 15 15 13 13 7 5 5 3
 5 5 5 4 4 0 0 0 0 0 0 0 0 3 3 3 3 3 8 11 11 12 14 14 16 16 13 15 15 7 8 8 9 9 12 11 11 12 15 15 13 13 7 5 5 3
 5 5 5 5 5 0 2 2 2 2 0 0 0 0 0 0 1 1 4 9 9 3 3 3 3 3 10 10 10 4 2 2 3 3 7 13 13 17 22 22 8 8 5 2 2 4
 1 1 5 0 0 1 0 0 0 0 0 1 1 0 0 0 1 1 1 0 0 0 2 2 1 1 3 3 3 3 2 2 2 2 5 9 9 14 14 14 7 7 7 5 5 3
 1 1 5 0 0 1 0 0 0 0 0 1 1 0 0 0 1 1 1 0 0 0 2 2 1 1 3 3 3 3 2 2 2 2 5 9 9 14 14 14 7 7 7 5 5 3
 1 1 0 0 0 0 0 0 0 0 0 0 0 0 0 0 0 0 0 0 0 0 1 1 1 1 3 2 2 1 0 0 0 0 0 2 2 3 8 8 18 18 4 3 3 2
 0 0 0 0 0 0 0 0 0 0 0 0 0 0 0 0 0 0 0 0 0 0 0 0 1 1 1 1 1 2 0 0 0 0 0 0 0 2 2 2 1 1 3 2 2 4
 0 0 0 0 0 0 0 0 0 0 0 0 0 0 0 0 0 0 0 0 0 0 0 0 1 1 1 1 1 2 0 0 0 0 0 0 0 2 2 2 1 1 3 2 2 4
 0 0 0 0 0 0 0 0 0 0 0 0 0 0 0 0 0 0 0 0 0 1 0 0 1 1 2 1 1 3 1 1 2 2 1 2 2 2 2 2 2 2 2 3 3 2
 0 0 0 0 0 0 0 0 0 0 0 0 0 0 0 0 0 0 0 0 0 1 0 0 1 1 2 1 1 3 1 1 2 2 1 2 2 2 2 2 2 2 2 3 3 2
 0 0 0 0 0 0 0 0 0 0 0 0 0 1 1 1 2 2 0 0 0 1 0 0 1 1 1 1 1 3 2 2 4 4 3 7 7 6 3 3 1 1 1 2 2 2
 0 0 0 0 0 0 0 0 0 0 1 0 0 2 1 1 2 2 0 0 0 1 0 0 1 1 1 1 1 3 1 1 2 2 4 17 17 16 2 2 3 3 3 4 4 1
 0 0 0 0 0 0 0 0 0 0 1 0 0 2 1 1 2 2 0 0 0 1 0 0 1 1 1 1 1 3 1 1 2 2 4 17 17 16 2 2 3 3 3 4 4 1
 0 0 0 0 0 0 0 0 0 0 1 2 2 3 1 1 1 1 0 0 0 1 1 1 1 1 1 2 2 2 2 2 2 2 1 2 2 1 6 6 4 4 4 3 3 1
 0 0 0 0 0 0 0 0 0 0 0 0 0 0 0 0 0 0 0 0 0 1 1 1 1 1 1 1 1 2 3 3 2 2 1 1 1 1 5 5 3 3 6 3 3 2
 0 0 0 0 0 0 0 0 0 0 0 0 0 0 0 0 0 0 0 0 0 1 1 1 1 1 1 1 1 2 3 3 2 2 1 1 1 1 5 5 3 3 6 3 3 2
 0 0 0 0 0 0 0 0 0 0 0 1 1 0 0 0 0 0 1 1 1 1 1 1 2 2 1 2 2 3 8 8 2 2 4 4 4 1 1 1 22 22 4 4 4 1
 0 0 0 0 0 0 0 0 0 0 0 1 1 0 0 0 0 0 1 1 1 1 1 1 2 2 1 2 2 3 8 8 2 2 4 4 4 1 1 1 22 22 4 4 4 1
 0 0 0 0 0 0 0 0 0 0 1 0 0 0 0 0 0 0 1 2 2 1 1 1 1 1 2 2 2 2 6 6 7 7 6 4 4 3 1 1 1 1 10 6 6 1
 0 0 0 0 0 0 2 2 0 0 0 0 0 0 0 0 1 1 1 1 1 1 2 2 2 2 2 2 2 2 3 3 6 6 5 2 2 2 2 2 1 1 2 2 2 1
 0 0 0 0 0 0 2 2 0 0 0 0 0 0 0 0 1 1 1 1 1 1 2 2 2 2 2 2 2 2 3 3 6 6 5 2 2 2 2 2 1 1 2 2 2 1
 0 0 0 1 1 1 1 1 1 1 0 0 0 0 1 1 1 1 1 1 1 1 1 1 2 2 1 1 1 1 2 2 2 2 4 3 3 2 2 2 2 2 3 1 1 1
 0 0 0 0 0 0 0 0 0 0 0 0 0 0 1 1 1 1 1 0 0 1 1 1 1 1 1 1 1 1 2 2 1 1 1 3 3 3 2 2 1 1 2 1 1 2
