assets/RAT_results/precipitation/2018-11-19_IMERG.asc
ncols        46
nrows        77
xllcorner    74.800261325624
yllcorner    8.058333333333
cellsize     0.062500000000
NODATA_value -9999
 2 2 1 1 1 6 22 22 13 13 6 1 1 0 0 0 0 0 0 0 0 0 0 0 0 0 0 0 0 0 0 0 2 2 2 0 0 0 0 0 0 0 0 0 0 0
 2 2 2 1 1 1 2 2 5 5 3 0 0 0 0 0 0 0 0 0 0 0 0 0 0 0 0 0 0 9 9 9 2 2 2 0 0 0 0 0 0 0 0 0 0 0
 2 2 2 1 1 1 2 2 5 5 3 0 0 0 0 0 0 0 0 0 0 0 0 0 0 0 0 0 0 9 9 9 2 2 2 0 0 0 0 0 0 0 0 0 0 0
 1 1 1 0 0 0 1 1 1 1 1 0 0 0 0 0 0 0 0 0 0 0 0 0 0 0 0 0 0 6 7 7 0 0 0 0 0 0 0 0 0 0 0 0 0 0
 0 0 0 0 0 0 1 1 1 1 0 0 0 1 0 0 0 0 0 0 0 0 0 0 0 0 2 2 2 2 7 7 7 7 0 0 0 0 0 0 0 0 0 0 0 0
 0 0 0 0 0 0 1 1 1 1 0 0 0 1 0 0 0 0 0 0 0 0 0 0 0 0 2 2 2 2 7 7 7 7 0 0 0 0 0 0 0 0 0 0 0 0
 0 0 1 0 0 0 1 1 1 1 1 1 1 2 1 1 0 0 0 0 0 0 0 0 0 0 0 0 0 1 0 0 0 0 0 0 0 0 0 0 0 0 0 0 0 0
 0 0 1 0 0 0 1 1 1 1 1 1 1 2 1 1 0 0 0 0 0 0 0 0 0 0 0 0 0 1 0 0 0 0 0 0 0 0 0 0 0 0 0 0 0 0
 1 1 0 0 0 0 0 0 0 0 2 1 1 2 0 0 0 0 0 0 0 0 1 1 0 0 0 0 0 0 0 0 0 0 0 0 0 0 0 0 0 0 0 0 0 0
 1 1 0 0 0 0 0 0 0 0 1 2 2 3 1 1 0 0 0 0 0 1 0 0 0 0 0 0 0 1 1 1 0 0 0 0 0 0 0 0 0 0 0 0 0 0
 1 1 0 0 0 0 0 0 0 0 1 2 2 3 1 1 0 0 0 0 0 1 0 0 0 0 0 0 0 1 1 1 0 0 0 0 0 0 0 0 0 0 0 0 0 0
 4 4 1 0 0 0 0 0 0 0 0 1 1 2 5 5 6 6 9 0 0 0 0 0 0 0 0 1 1 1 0 0 0 0 0 0 0 0 0 0 0 0 0 0 0 0
 28 28 2 0 0 0 1 1 0 0 0 0 0 1 4 4 13 13 3 0 0 0 1 1 2 2 0 0 0 0 1 1 1 1 1 0 0 0 0 0 0 0 0 0 0 0
 28 28 2 0 0 0 1 1 0 0 0 0 0 1 4 4 13 13 3 0 0 0 1 1 2 2 0 0 0 0 1 1 1 1 1 0 0 0 0 0 0 0 0 0 0 0
 12 12 3 1 1 0 1 1 1 1 0 0 0 3 3 3 3 3 0 0 0 0 5 5 2 2 0 0 0 0 0 0 0 0 0 0 0 0 0 0 0 0 0 0 0 0
 12 12 3 1 1 0 1 1 1 1 0 0 0 3 3 3 3 3 0 0 0 0 5 5 2 2 0 0 0 0 0 0 0 0 0 0 0 0 0 0 0 0 0 0 0 0
 1 1 1 1 1 0 0 0 1 1 0 2 2 4 6 6 0 0 0 0 0 1 0 0 0 0 0 0 0 0 0 0 0 0 0 0 0 0 0 0 0 0 0 0 0 0
 1 1 1 1 1 1 0 0 0 0 0 2 2 3 2 2 0 0 0 0 0 1 1 1 0 0 0 0 0 0 0 0 0 0 0 0 0 1 1 1 0 0 0 0 0 0
 1 1 1 1 1 1 0 0 0 0 0 2 2 3 2 2 0 0 0 0 0 1 1 1 0 0 0 0 0 0 0 0 0 0 0 0 0 1 1 1 0 0 0 0 0 0
 2 2 2 4 4 4 3 3 1 1 0 2 2 1 2 2 2 2 0 0 0 1 0 0 0 0 0 0 0 0 0 0 0 0 0 0 0 1 1 1 0 0 0 0 0 0
 2 2 2 4 4 4 1 1 0 0 0 0 0 0 0 0 0 0 0 0 0 0 0 0 0 0 0 0 0 0 0 0 0 0 0 0 0 0 1 1 0 0 0 0 0 0
 2 2 2 4 4 4 1 1 0 0 0 0 0 0 0 0 0 0 0 0 0 0 0 0 0 0 0 0 0 0 0 0 0 0 0 0 0 0 1 1 0 0 0 0 0 0
 6 6 5 4 4 5 1 1 0 0 0 0 0 1 0 0 0 0 0 1 1 0 0 0 0 0 0 0 0 1 0 0 0 0 0 0 0 0 0 0 0 0 0 0 0 0
 6 6 5 4 4 5 1 1 0 0 0 0 0 1 0 0 0 0 0 1 1 0 0 0 0 0 0 0 0 1 0 0 0 0 0 0 0 0 0 0 0 0 0 0 0 0
 5 5 4 4 4 6 1 1 0 0 0 0 0 2 1 1 1 1 0 0 0 0 0 0 0 0 0 0 0 0 1 1 0 0 0 0 0 0 0 0 1 1 0 0 0 0
 3 3 3 3 3 6 3 3 0 0 0 0 0 1 1 1 0 0 0 0 0 0 0 0 0 0 0 0 0 0 0 0 0 0 0 0 0 0 0 0 0 0 0 1 1 0
 3 3 3 3 3 6 3 3 0 0 0 0 0 1 1 1 0 0 0 0 0 0 0 0 0 0 0 0 0 0 0 0 0 0 0 0 0 0 0 0 0 0 0 1 1 0
 4 4 1 3 3 4 4 4 3 3 2 5 5 4 4 4 1 1 1 1 1 0 0 0 0 0 0 0 0 0 0 0 0 0 1 1 1 1 1 1 0 0 1 1 1 0
 1 1 2 2 2 2 9 9 10 10 7 25 25 20 5 5 6 6 2 1 1 0 0 0 0 0 0 0 0 3 0 0 1 1 2 3 3 2 1 1 0 0 1 3 3 4
 1 1 2 2 2 2 9 9 10 10 7 25 25 20 5 5 6 6 2 1 1 0 0 0 0 0 0 0 0 3 0 0 1 1 2 3 3 2 1 1 0 0 1 3 3 4
 0 0 3 3 3 3 12 12 14 14 7 26 26 21 20 20 7 7 6 1 1 2 0 0 1 1 1 1 1 1 0 0 0 0 2 3 3 3 3 3 1 1 3 3 3 4
 0 0 3 3 3 3 12 12 14 14 7 26 26 21 20 20 7 7 6 1 1 2 0 0 1 1 1 1 1 1 0 0 0 0 2 3 3 3 3 3 1 1 3 3 3 4
 1 1 4 2 2 3 11 11 11 11 10 52 52 41 13 13 13 13 13 2 2 1 1 1 1 1 1 2 2 1 1 1 1 1 1 2 2 3 3 3 1 1 4 7 7 3
 1 1 4 4 4 3 10 10 10 10 17 51 51 42 16 16 13 13 14 3 3 2 1 1 1 1 1 3 3 2 1 1 1 1 1 1 1 2 2 2 5 5 4 7 7 12
 1 1 4 4 4 3 10 10 10 10 17 51 51 42 16 16 13 13 14 3 3 2 1 1 1 1 1 3 3 2 1 1 1 1 1 1 1 2 2 2 5 5 4 7 7 12
 3 3 9 9 9 3 21 21 10 10 57 53 53 43 17 17 18 18 18 4 4 20 3 3 1 1 2 4 4 4 1 1 0 0 0 1 1 1 2 2 24 24 24 12 12 12
 3 3 10 10 10 22 23 23 23 23 29 27 27 22 9 9 9 9 5 13 13 4 10 10 7 7 2 2 2 2 1 1 1 1 0 0 0 1 2 2 2 2 24 4 4 4
 3 3 10 10 10 22 23 23 23 23 29 27 27 22 9 9 9 9 5 13 13 4 10 10 7 7 2 2 2 2 1 1 1 1 0 0 0 1 2 2 2 2 24 4 4 4
 18 18 14 16 16 26 29 29 29 29 14 24 24 23 9 9 15 15 22 13 13 9 25 25 12 12 5 6 6 6 6 6 2 2 0 0 0 1 0 0 0 0 9 4 4 4
 18 18 14 16 16 26 29 29 29 29 14 24 24 23 9 9 15 15 22 13 13 9 25 25 12 12 5 6 6 6 6 6 2 2 0 0 0 1 0 0 0 0 9 4 4 4
 16 16 16 15 15 35 31 31 30 30 14 11 11 4 3 3 6 6 31 21 21 24 13 13 2 2 4 6 6 60 17 17 6 6 0 1 1 2 0 0 0 0 1 1 1 0
 15 15 16 16 16 37 44 44 20 20 19 16 16 6 6 6 7 7 13 7 7 9 13 13 5 5 8 61 61 17 16 16 9 9 3 10 10 4 1 1 1 1 0 1 1 0
 15 15 16 16 16 37 44 44 20 20 19 16 16 6 6 6 7 7 13 7 7 9 13 13 5 5 8 61 61 17 16 16 9 9 3 10 10 4 1 1 1 1 0 1 1 0
 9 9 11 20 20 24 24 24 23 23 20 18 18 7 8 8 8 8 13 13 13 14 16 16 13 13 11 27 27 22 11 11 17 17 6 9 9 5 1 1 1 1 1 0 0 0
 3 3 10 8 8 23 23 23 26 26 23 19 19 11 10 10 9 9 11 32 32 46 45 45 25 25 12 20 20 16 7 7 8 8 6 7 7 4 0 0 1 1 0 0 0 0
 3 3 10 8 8 23 23 23 26 26 23 19 19 11 10 10 9 9 11 32 32 46 45 45 25 25 12 20 20 16 7 7 8 8 6 7 7 4 0 0 1 1 0 0 0 0
 11 11 24 25 25 29 29 29 25 25 17 6 6 6 22 22 20 20 31 45 45 46 51 51 28 28 16 17 17 10 5 5 4 4 2 3 3 1 1 1 1 1 0 0 0 1
 11 11 24 25 25 29 29 29 25 25 17 6 6 6 22 22 20 20 31 45 45 46 51 51 28 28 16 17 17 10 5 5 4 4 2 3 3 1 1 1 1 1 0 0 0 1
 27 27 38 23 23 27 28 28 26 26 19 10 10 10 23 23 76 76 87 92 92 91 64 64 31 31 19 29 29 24 10 10 8 8 3 1 1 0 2 2 5 5 4 1 1 1
 28 28 36 37 37 29 28 28 32 32 29 22 22 16 86 86 79 79 77 93 93 80 51 51 45 45 41 42 42 16 7 7 4 4 2 1 1 3 3 3 4 4 4 1 1 2
 28 28 36 37 37 29 28 28 32 32 29 22 22 16 86 86 79 79 77 93 93 80 51 51 45 45 41 42 42 16 7 7 4 4 2 1 1 3 3 3 4 4 4 1 1 2
 40 40 52 38 38 45 33 33 30 30 34 29 29 23 88 88 77 77 75 65 65 64 46 46 45 45 54 11 11 13 9 9 4 4 4 2 2 2 7 7 7 7 6 5 5 2
 44 44 53 42 42 42 29 29 44 44 50 35 35 29 86 86 81 81 40 68 68 79 86 86 46 46 23 16 16 22 22 22 7 7 7 11 11 7 8 8 8 8 6 1 1 2
 44 44 53 42 42 42 29 29 44 44 50 35 35 29 86 86 81 81 40 68 68 79 86 86 46 46 23 16 16 22 22 22 7 7 7 11 11 7 8 8 8 8 6 1 1 2
 85 85 84 66 66 67 50 50 60 60 58 45 45 36 22 22 50 50 43 89 89 87 125 125 65 65 13 22 22 29 16 16 14 14 9 12 12 15 13 13 13 13 0 0 0 1
 85 85 84 66 66 67 50 50 60 60 58 45 45 36 22 22 50 50 43 89 89 87 125 125 65 65 13 22 22 29 16 16 14 14 9 12 12 15 13 13 13 13 0 0 0 1
 122 122 121 102 102 53 52 52 59 59 65 51 51 46 28 28 32 32 25 17 17 81 80 80 61 61 14 29 29 33 23 23 68 68 24 21 21 19 19 19 13 13 1 0 0 0
 122 122 126 101 101 76 51 51 54 54 63 58 58 48 35 35 37 37 29 14 14 84 87 87 80 80 72 38 38 36 42 42 34 34 22 25 25 29 18 18 16 16 12 1 1 1
 122 122 126 101 101 76 51 51 54 54 63 58 58 48 35 35 37 37 29 14 14 84 87 87 80 80 72 38 38 36 42 42 34 34 22 25 25 29 18 18 16 16 12 1 1 1
 228 228 135 135 135 108 111 111 51 51 54 59 59 54 38 38 28 28 19 12 12 85 87 87 83 83 64 36 36 40 32 32 37 37 27 20 20 21 53 53 26 26 24 2 2 1
 146 146 138 142 142 112 111 111 41 41 40 48 48 55 28 28 28 28 21 25 25 22 80 80 78 78 72 31 31 27 24 24 45 45 66 18 18 51 52 52 27 27 26 2 2 2
 146 146 138 142 142 112 111 111 41 41 40 48 48 55 28 28 28 28 21 25 25 22 80 80 78 78 72 31 31 27 24 24 45 45 66 18 18 51 52 52 27 27 26 2 2 2
 154 154 139 140 140 126 62 62 54 54 43 38 38 21 21 21 20 20 42 41 41 29 37 37 41 41 42 24 24 24 53 53 34 34 27 6 6 39 41 41 30 30 27 5 5 2
 154 154 139 140 140 126 62 62 54 54 43 38 38 21 21 21 20 20 42 41 41 29 37 37 41 41 42 24 24 24 53 53 34 34 27 6 6 39 41 41 30 30 27 5 5 2
 70 70 150 137 137 140 101 101 69 69 53 35 35 18 12 12 19 19 35 42 42 35 38 38 38 38 44 26 26 40 57 57 62 62 20 11 11 43 46 46 17 17 18 12 12 2
 76 76 151 145 145 142 88 88 73 73 56 31 31 16 16 16 21 21 32 62 62 58 49 49 48 48 50 46 46 29 47 47 57 57 23 11 11 9 24 24 23 23 21 12 12 13
 76 76 151 145 145 142 88 88 73 73 56 31 31 16 16 16 21 21 32 62 62 58 49 49 48 48 50 46 46 29 47 47 57 57 23 11 11 9 24 24 23 23 21 12 12 13
 63 63 65 88 88 88 60 60 57 57 45 34 34 25 22 22 22 22 53 101 101 99 70 70 52 52 49 31 31 45 25 25 32 32 57 13 13 15 19 19 14 14 14 11 11 14
 40 40 39 50 50 42 50 50 47 47 45 32 32 23 27 27 39 39 36 126 126 98 97 97 80 80 81 29 29 13 11 11 18 18 34 30 30 17 15 15 18 18 4 3 3 3
 40 40 39 50 50 42 50 50 47 47 45 32 32 23 27 27 39 39 36 126 126 98 97 97 80 80 81 29 29 13 11 11 18 18 34 30 30 17 15 15 18 18 4 3 3 3
 37 37 37 48 48 49 67 67 67 67 44 33 33 23 35 35 41 41 39 109 109 77 76 76 88 88 89 39 39 11 14 14 11 11 38 18 18 15 16 16 8 8 9 7 7 8
 37 37 37 48 48 49 67 67 67 67 44 33 33 23 35 35 41 41 39 109 109 77 76 76 88 88 89 39 39 11 14 14 11 11 38 18 18 15 16 16 8 8 9 7 7 8
 20 20 41 54 54 55 79 79 64 64 46 29 29 17 21 21 26 26 21 58 58 77 75 75 88 88 79 76 76 8 9 9 10 10 10 6 6 22 13 13 2 2 1 6 6 17
 28 28 40 41 41 76 86 86 60 60 33 19 19 13 17 17 17 17 17 55 55 75 65 65 48 48 47 46 46 27 7 7 4 4 4 2 2 3 5 5 2 2 3 12 12 12
 28 28 40 41 41 76 86 86 60 60 33 19 19 13 17 17 17 17 17 55 55 75 65 65 48 48 47 46 46 27 7 7 4 4 4 2 2 3 5 5 2 2 3 12 12 12
 21 21 42 46 46 90 128 128 77 77 29 20 20 14 13 13 12 12 11 49 49 64 44 44 43 43 32 12 12 8 2 2 2 2 2 0 0 1 2 2 2 2 4 6 6 4
 12 12 59 45 45 72 129 129 83 83 51 29 29 14 5 5 6 6 9 9 9 27 27 27 27 27 11 5 5 1 0 0 0 0 0 0 0 0 0 0 2 2 3 2 2 4
