assets/RAT_results/precipitation/2018-06-28_IMERG.asc
ncols        46
nrows        77
xllcorner    74.800261325624
yllcorner    8.058333333333
cellsize     0.062500000000
NODATA_value -9999
 35 35 34 35 35 54 33 33 40 40 29 28 28 20 24 24 24 24 18 11 11 9 4 4 1 1 1 0 0 1 1 1 0 0 0 0 0 1 3 3 1 1 1 1 1 0
 40 40 52 48 48 36 34 34 49 49 32 34 34 20 21 21 12 12 11 9 9 13 7 7 1 1 0 0 0 0 0 0 1 1 0 1 1 1 0 0 1 1 1 2 2 1
 40 40 52 48 48 36 34 34 49 49 32 34 34 20 21 21 12 12 11 9 9 13 7 7 1 1 0 0 0 0 0 0 1 1 0 1 1 1 0 0 1 1 1 2 2 1
 36 36 49 30 30 28 42 42 39 39 37 33 33 22 22 22 11 11 14 9 9 6 3 3 3 3 1 0 0 0 2 2 1 1 1 0 0 0 1 1 2 2 1 2 2 2
 46 46 43 32 32 29 21 21 26 26 34 26 26 17 11 11 10 10 8 5 5 5 3 3 2 2 1 1 1 0 0 0 1 1 1 2 2 1 1 1 4 4 2 1 1 2
 46 46 43 32 32 29 21 21 26 26 34 26 26 17 11 11 10 10 8 5 5 5 3 3 2 2 1 1 1 0 0 0 1 1 1 2 2 1 1 1 4 4 2 1 1 2
 50 50 60 38 38 23 22 22 27 27 24 17 17 16 16 16 9 9 9 7 7 6 7 7 2 2 1 2 2 1 2 2 1 1 1 0 0 1 4 4 2 2 1 1 1 2
 50 50 60 38 38 23 22 22 27 27 24 17 17 16 16 16 9 9 9 7 7 6 7 7 2 2 1 2 2 1 2 2 1 1 1 0 0 1 4 4 2 2 1 1 1 2
 43 43 51 70 70 34 35 35 36 36 37 25 25 17 23 23 14 14 10 8 8 6 5 5 3 3 3 1 1 1 1 1 1 1 1 1 1 1 2 2 2 2 2 1 1 0
 42 42 54 52 52 47 44 44 50 50 50 27 27 39 32 32 17 17 10 6 6 4 3 3 2 2 4 4 4 2 2 2 2 2 0 2 2 3 3 3 3 3 2 1 1 0
 42 42 54 52 52 47 44 44 50 50 50 27 27 39 32 32 17 17 10 6 6 4 3 3 2 2 4 4 4 2 2 2 2 2 0 2 2 3 3 3 3 3 2 1 1 0
 45 45 68 43 43 38 52 52 50 50 44 57 57 49 45 45 36 36 23 17 17 11 2 2 2 2 2 7 7 2 2 2 0 0 1 2 2 2 5 5 2 2 1 1 1 0
 41 41 56 40 40 47 48 48 49 49 80 53 53 53 50 50 31 31 24 21 21 14 11 11 7 7 5 10 10 2 1 1 1 1 1 1 1 2 1 1 3 3 2 0 0 0
 41 41 56 40 40 47 48 48 49 49 80 53 53 53 50 50 31 31 24 21 21 14 11 11 7 7 5 10 10 2 1 1 1 1 1 1 1 2 1 1 3 3 2 0 0 0
 29 29 37 63 63 66 63 63 66 66 49 47 47 47 41 41 27 27 31 24 24 12 12 12 8 8 7 1 1 2 1 1 1 1 1 2 2 1 1 1 1 1 0 18 18 0
 29 29 37 63 63 66 63 63 66 66 49 47 47 47 41 41 27 27 31 24 24 12 12 12 8 8 7 1 1 2 1 1 1 1 1 2 2 1 1 1 1 1 0 18 18 0
 47 47 30 42 42 51 47 47 95 95 53 51 51 59 42 42 31 31 22 17 17 11 9 9 7 7 6 1 1 2 2 2 1 1 1 1 1 1 22 22 1 1 0 0 0 0
 42 42 22 31 31 30 37 37 50 50 53 40 40 39 26 26 30 30 27 24 24 12 5 5 7 7 4 3 3 2 0 0 1 1 1 0 0 1 1 1 4 4 0 0 0 0
 42 42 22 31 31 30 37 37 50 50 53 40 40 39 26 26 30 30 27 24 24 12 5 5 7 7 4 3 3 2 0 0 1 1 1 0 0 1 1 1 4 4 0 0 0 0
 40 40 31 38 38 24 34 34 45 45 47 45 45 39 26 26 16 16 15 26 26 17 9 9 8 8 8 1 1 2 1 1 1 1 1 1 1 0 0 0 0 0 0 0 0 0
 36 36 35 35 35 32 24 24 28 28 44 36 36 31 26 26 21 21 11 13 13 14 10 10 5 5 5 5 5 8 1 1 1 1 1 0 0 0 0 0 0 0 0 0 0 0
 36 36 35 35 35 32 24 24 28 28 44 36 36 31 26 26 21 21 11 13 13 14 10 10 5 5 5 5 5 8 1 1 1 1 1 0 0 0 0 0 0 0 0 0 0 0
 37 37 33 24 24 28 22 22 35 35 20 27 27 29 29 29 27 27 12 8 8 9 8 8 10 10 5 4 4 2 1 1 1 1 1 0 0 1 1 1 1 1 1 1 1 0
 37 37 33 24 24 28 22 22 35 35 20 27 27 29 29 29 27 27 12 8 8 9 8 8 10 10 5 4 4 2 1 1 1 1 1 0 0 1 1 1 1 1 1 1 1 0
 32 32 31 23 23 18 21 21 19 19 20 21 21 21 31 31 25 25 12 7 7 11 9 9 6 6 5 5 5 3 1 1 1 1 1 1 1 1 1 1 1 1 1 0 0 0
 19 19 18 20 20 19 22 22 18 18 30 24 24 19 19 19 20 20 20 12 12 8 10 10 8 8 5 4 4 8 3 3 2 2 1 1 1 0 0 0 0 0 0 0 0 0
 19 19 18 20 20 19 22 22 18 18 30 24 24 19 19 19 20 20 20 12 12 8 10 10 8 8 5 4 4 8 3 3 2 2 1 1 1 0 0 0 0 0 0 0 0 0
 15 15 17 9 9 13 19 19 16 16 11 9 9 20 15 15 23 23 22 20 20 10 10 10 8 8 5 4 4 5 4 4 2 2 2 2 2 1 1 1 1 1 1 0 0 0
 12 12 11 9 9 15 15 15 22 22 29 25 25 22 21 21 30 30 26 25 25 18 10 10 11 11 7 2 2 2 2 2 2 2 2 3 3 2 2 2 1 1 0 0 0 0
 12 12 11 9 9 15 15 15 22 22 29 25 25 22 21 21 30 30 26 25 25 18 10 10 11 11 7 2 2 2 2 2 2 2 2 3 3 2 2 2 1 1 0 0 0 0
 25 25 12 17 17 17 13 13 17 17 29 24 24 28 26 26 21 21 24 21 21 19 13 13 13 13 26 3 3 5 4 4 1 1 1 0 0 1 1 1 1 1 0 0 0 0
 25 25 12 17 17 17 13 13 17 17 29 24 24 28 26 26 21 21 24 21 21 19 13 13 13 13 26 3 3 5 4 4 1 1 1 0 0 1 1 1 1 1 0 0 0 0
 22 22 18 16 16 24 25 25 11 11 7 13 13 15 24 24 16 16 19 20 20 14 20 20 55 55 21 8 8 6 4 4 2 2 1 0 0 0 0 0 0 0 0 0 0 0
 33 33 38 20 20 23 29 29 18 18 15 19 19 20 16 16 13 13 16 15 15 18 9 9 26 26 10 5 5 5 3 3 3 3 2 2 2 0 0 0 0 0 0 0 0 0
 33 33 38 20 20 23 29 29 18 18 15 19 19 20 16 16 13 13 16 15 15 18 9 9 26 26 10 5 5 5 3 3 3 3 2 2 2 0 0 0 0 0 0 0 0 0
 22 22 29 29 29 28 28 28 14 14 16 20 20 14 16 16 13 13 23 20 20 11 10 10 18 18 9 2 2 4 8 8 7 7 2 2 2 0 0 0 0 0 0 1 1 1
 29 29 34 35 35 24 17 17 15 15 19 11 11 14 25 25 16 16 15 19 19 14 11 11 4 4 5 5 5 6 3 3 3 3 3 2 2 2 1 1 1 1 1 2 2 2
 29 29 34 35 35 24 17 17 15 15 19 11 11 14 25 25 16 16 15 19 19 14 11 11 4 4 5 5 5 6 3 3 3 3 3 2 2 2 1 1 1 1 1 2 2 2
 28 28 35 35 35 36 37 37 36 36 25 17 17 5 22 22 51 51 15 15 15 20 17 17 11 11 5 11 11 7 6 6 6 6 3 3 3 4 1 1 1 1 1 2 2 3
 28 28 35 35 35 36 37 37 36 36 25 17 17 5 22 22 51 51 15 15 15 20 17 17 11 11 5 11 11 7 6 6 6 6 3 3 3 4 1 1 1 1 1 2 2 3
 21 21 17 23 23 29 26 26 15 15 16 13 13 14 20 20 10 10 9 16 16 13 15 15 8 8 11 15 15 12 11 11 5 5 10 2 2 3 1 1 1 1 1 2 2 1
 10 10 18 15 15 15 15 15 17 17 10 21 21 15 14 14 23 23 10 11 11 14 13 13 12 12 12 10 10 21 14 14 6 6 6 3 3 4 2 2 2 2 1 2 2 1
 10 10 18 15 15 15 15 15 17 17 10 21 21 15 14 14 23 23 10 11 11 14 13 13 12 12 12 10 10 21 14 14 6 6 6 3 3 4 2 2 2 2 1 2 2 1
 8 8 21 13 13 11 20 20 20 20 11 20 20 28 32 32 27 27 12 12 12 15 12 12 13 13 49 53 53 14 15 15 11 11 7 4 4 5 4 4 3 3 1 0 0 0
 12 12 13 15 15 11 19 19 8 8 8 28 28 16 37 37 18 18 15 29 29 6 14 14 13 13 10 16 16 36 21 21 16 16 5 4 4 2 3 3 0 0 0 0 0 0
 12 12 13 15 15 11 19 19 8 8 8 28 28 16 37 37 18 18 15 29 29 6 14 14 13 13 10 16 16 36 21 21 16 16 5 4 4 2 3 3 0 0 0 0 0 0
 6 6 7 3 3 4 7 7 8 8 9 18 18 10 38 38 14 14 22 13 13 6 6 6 13 13 12 17 17 22 8 8 11 11 3 2 2 0 1 1 0 0 2 1 1 0
 6 6 7 3 3 4 7 7 8 8 9 18 18 10 38 38 14 14 22 13 13 6 6 6 13 13 12 17 17 22 8 8 11 11 3 2 2 0 1 1 0 0 2 1 1 0
 1 1 3 6 6 5 12 12 12 12 9 22 22 13 12 12 10 10 12 14 14 9 9 9 10 10 12 16 16 19 10 10 16 16 8 0 0 0 0 0 0 0 2 2 2 1
 12 12 3 4 4 3 5 5 12 12 13 22 22 9 5 5 3 3 8 9 9 9 8 8 9 9 10 8 8 51 11 11 7 7 4 0 0 0 0 0 0 0 1 0 0 0
 12 12 3 4 4 3 5 5 12 12 13 22 22 9 5 5 3 3 8 9 9 9 8 8 9 9 10 8 8 51 11 11 7 7 4 0 0 0 0 0 0 0 1 0 0 0
 2 2 7 8 8 7 13 13 7 7 14 14 14 15 6 6 6 6 15 10 10 11 7 7 7 7 6 6 6 4 4 4 5 5 4 0 0 0 0 0 2 2 2 0 0 0
 6 6 9 7 7 7 13 13 3 3 7 14 14 13 11 11 18 18 18 13 13 37 8 8 3 3 2 2 2 4 7 7 2 2 6 2 2 1 0 0 0 0 0 0 0 0
 6 6 9 7 7 7 13 13 3 3 7 14 14 13 11 11 18 18 18 13 13 37 8 8 3 3 2 2 2 4 7 7 2 2 6 2 2 1 0 0 0 0 0 0 0 0
 3 3 4 3 3 3 2 2 2 2 2 4 4 6 6 6 20 20 11 12 12 13 11 11 4 4 1 3 3 2 1 1 1 1 3 0 0 1 0 0 0 0 0 0 0 0
 3 3 4 3 3 3 2 2 2 2 2 4 4 6 6 6 20 20 11 12 12 13 11 11 4 4 1 3 3 2 1 1 1 1 3 0 0 1 0 0 0 0 0 0 0 0
 2 2 2 2 2 3 2 2 2 2 2 2 2 9 17 17 9 9 6 9 9 3 7 7 7 7 1 1 1 0 0 0 2 2 0 0 0 0 0 0 0 0 0 0 0 0
 2 2 2 2 2 4 2 2 2 2 2 5 5 6 15 15 10 10 12 6 6 3 3 3 2 2 1 1 1 0 0 0 3 3 0 0 0 0 0 0 0 0 0 0 0 0
 2 2 2 2 2 4 2 2 2 2 2 5 5 6 15 15 10 10 12 6 6 3 3 3 2 2 1 1 1 0 0 0 3 3 0 0 0 0 0 0 0 0 0 0 0 0
 1 1 1 1 1 2 2 2 1 1 1 2 2 2 7 7 9 9 12 10 10 7 2 2 3 3 3 5 5 0 0 0 0 0 0 0 0 0 0 0 0 0 0 0 0 0
 1 1 1 2 2 2 6 6 0 0 0 1 1 4 5 5 6 6 7 8 8 7 2 2 3 3 3 1 1 1 1 1 0 0 0 0 0 0 1 1 0 0 0 0 0 0
 1 1 1 2 2 2 6 6 0 0 0 1 1 4 5 5 6 6 7 8 8 7 2 2 3 3 3 1 1 1 1 1 0 0 0 0 0 0 1 1 0 0 0 0 0 0
 2 2 1 1 1 1 1 1 2 2 1 1 1 1 5 5 4 4 7 7 7 6 4 4 3 3 4 1 1 1 2 2 1 1 0 0 0 0 0 0 1 1 0 0 0 0
 2 2 1 1 1 1 1 1 2 2 1 1 1 1 5 5 4 4 7 7 7 6 4 4 3 3 4 1 1 1 2 2 1 1 0 0 0 0 0 0 1 1 0 0 0 0
 2 2 2 1 1 1 0 0 1 1 1 1 1 1 4 4 5 5 11 7 7 7 11 11 10 10 2 0 0 1 2 2 1 1 0 0 0 0 0 0 0 0 0 0 0 0
 1 1 1 1 1 1 1 1 1 1 2 1 1 1 5 5 6 6 9 11 11 11 10 10 4 4 2 1 1 2 1 1 1 1 1 0 0 0 0 0 0 0 0 0 0 0
 1 1 1 1 1 1 1 1 1 1 2 1 1 1 5 5 6 6 9 11 11 11 10 10 4 4 2 1 1 2 1 1 1 1 1 0 0 0 0 0 0 0 0 0 0 0
 2 2 1 1 1 1 1 1 1 1 2 3 3 4 6 6 6 6 10 13 13 12 9 9 7 7 2 0 0 1 2 2 1 1 1 0 0 0 0 0 0 0 0 0 0 0
 2 2 1 1 1 1 1 1 1 1 3 3 3 4 6 6 7 7 8 13 13 9 10 10 11 11 4 0 0 2 2 2 2 2 1 1 1 1 0 0 0 0 1 0 0 0
 2 2 1 1 1 1 1 1 1 1 3 3 3 4 6 6 7 7 8 13 13 9 10 10 11 11 4 0 0 2 2 2 2 2 1 1 1 1 0 0 0 0 1 0 0 0
 2 2 1 1 1 0 1 1 4 4 1 3 3 5 5 5 6 6 7 11 11 9 11 11 8 8 7 4 4 4 2 2 1 1 1 1 1 0 0 0 0 0 0 1 1 0
 2 2 1 1 1 0 1 1 4 4 1 3 3 5 5 5 6 6 7 11 11 9 11 11 8 8 7 4 4 4 2 2 1 1 1 1 1 0 0 0 0 0 0 1 1 0
 2 2 1 1 1 0 4 4 1 1 2 7 7 2 5 5 7 7 7 7 7 8 10 10 11 11 9 4 4 4 4 4 1 1 2 0 0 1 0 0 0 0 0 0 0 0
 2 2 2 2 2 1 1 1 1 1 15 7 7 4 6 6 6 6 5 4 4 13 10 10 14 14 7 5 5 5 3 3 1 1 1 1 1 0 2 2 2 2 1 0 0 0
 2 2 2 2 2 1 1 1 1 1 15 7 7 4 6 6 6 6 5 4 4 13 10 10 14 14 7 5 5 5 3 3 1 1 1 1 1 0 2 2 2 2 1 0 0 0
 1 1 2 2 2 1 1 1 10 10 2 5 5 10 12 12 9 9 5 4 4 7 5 5 7 7 8 6 6 4 4 4 1 1 1 1 1 1 1 1 1 1 2 3 3 1
 1 1 2 2 2 2 2 2 10 10 3 23 23 26 22 22 8 8 4 3 3 5 2 2 2 2 9 13 13 5 7 7 7 7 1 0 0 1 1 1 0 0 1 0 0 0
