assets/RAT_results/precipitation/2018-10-09_IMERG.asc
ncols        46
nrows        77
xllcorner    74.800261325624
yllcorner    8.058333333333
cellsize     0.062500000000
NODATA_value -9999
 8 8 8 4 4 4 11 11 23 23 20 15 15 18 11 11 16 16 16 14 14 18 9 9 9 9 4 1 1 0 0 0 0 0 0 0 0 0 0 0 0 0 0 0 0 0
 10 10 7 2 2 8 11 11 13 13 8 15 15 18 14 14 10 10 10 11 11 8 7 7 6 6 8 3 3 1 0 0 0 0 0 0 0 7 1 1 0 0 0 0 0 0
 10 10 7 2 2 8 11 11 13 13 8 15 15 18 14 14 10 10 10 11 11 8 7 7 6 6 8 3 3 1 0 0 0 0 0 0 0 7 1 1 0 0 0 0 0 0
 3 3 3 4 4 2 14 14 15 15 9 9 9 11 11 11 17 17 11 4 4 9 9 9 8 8 14 7 7 1 5 5 2 2 6 4 4 3 2 2 0 0 0 0 0 0
 4 4 7 4 4 10 14 14 7 7 8 22 22 42 21 21 17 17 12 4 4 4 3 3 4 4 3 3 3 2 3 3 2 2 8 5 5 8 6 6 0 0 0 0 0 0
 4 4 7 4 4 10 14 14 7 7 8 22 22 42 21 21 17 17 12 4 4 4 3 3 4 4 3 3 3 2 3 3 2 2 8 5 5 8 6 6 0 0 0 0 0 0
 5 5 5 7 7 8 20 20 13 13 17 13 13 31 21 21 12 12 11 4 4 5 5 5 2 2 3 2 2 3 2 2 1 1 3 5 5 5 5 5 0 0 0 0 0 0
 5 5 5 7 7 8 20 20 13 13 17 13 13 31 21 21 12 12 11 4 4 5 5 5 2 2 3 2 2 3 2 2 1 1 3 5 5 5 5 5 0 0 0 0 0 0
 4 4 5 9 9 10 9 9 15 15 22 18 18 24 26 26 12 12 16 10 10 6 7 7 5 5 5 4 4 4 7 7 2 2 4 6 6 5 5 5 0 0 0 0 0 0
 2 2 5 6 6 9 10 10 20 20 31 21 21 28 33 33 15 15 14 9 9 10 2 2 8 8 6 7 7 5 7 7 5 5 5 2 2 1 1 1 0 0 0 0 0 0
 2 2 5 6 6 9 10 10 20 20 31 21 21 28 33 33 15 15 14 9 9 10 2 2 8 8 6 7 7 5 7 7 5 5 5 2 2 1 1 1 0 0 0 0 0 0
 1 1 5 9 9 10 18 18 15 15 21 49 49 25 33 33 9 9 7 6 6 4 2 2 3 3 8 10 10 9 10 10 2 2 2 0 0 1 0 0 0 0 0 0 0 0
 1 1 5 7 7 9 9 9 17 17 14 13 13 16 9 9 5 5 7 3 3 3 3 3 3 3 8 11 11 9 6 6 2 2 1 1 1 1 0 0 1 1 0 0 0 0
 1 1 5 7 7 9 9 9 17 17 14 13 13 16 9 9 5 5 7 3 3 3 3 3 3 3 8 11 11 9 6 6 2 2 1 1 1 1 0 0 1 1 0 0 0 0
 4 4 6 7 7 5 11 11 13 13 19 15 15 19 18 18 9 9 6 5 5 3 4 4 4 4 9 10 10 9 4 4 0 0 0 0 0 0 0 0 0 0 0 0 0 0
 4 4 6 7 7 5 11 11 13 13 19 15 15 19 18 18 9 9 6 5 5 3 4 4 4 4 9 10 10 9 4 4 0 0 0 0 0 0 0 0 0 0 0 0 0 0
 9 9 8 4 4 4 5 5 11 11 9 23 23 22 22 22 13 13 17 10 10 5 5 5 6 6 7 7 7 8 4 4 1 1 0 0 0 0 0 0 0 0 0 0 0 0
 10 10 9 3 3 3 6 6 6 6 7 4 4 10 11 11 21 21 20 14 14 13 10 10 6 6 4 5 5 9 3 3 2 2 2 0 0 0 1 1 0 0 0 0 0 0
 10 10 9 3 3 3 6 6 6 6 7 4 4 10 11 11 21 21 20 14 14 13 10 10 6 6 4 5 5 9 3 3 2 2 2 0 0 0 1 1 0 0 0 0 0 0
 3 3 3 3 3 1 1 1 6 6 8 3 3 8 17 17 31 31 20 17 17 25 26 26 15 15 9 3 3 32 5 5 7 7 2 2 2 0 0 0 0 0 0 0 0 0
 3 3 3 2 2 1 2 2 7 7 6 9 9 6 26 26 22 22 16 11 11 24 22 22 26 26 11 6 6 9 4 4 7 7 10 3 3 1 0 0 0 0 0 1 1 0
 3 3 3 2 2 1 2 2 7 7 6 9 9 6 26 26 22 22 16 11 11 24 22 22 26 26 11 6 6 9 4 4 7 7 10 3 3 1 0 0 0 0 0 1 1 0
 2 2 3 2 2 3 1 1 4 4 4 5 5 8 28 28 28 28 28 18 18 28 23 23 20 20 12 8 8 9 5 5 5 5 3 1 1 0 2 2 0 0 0 0 0 0
 2 2 3 2 2 3 1 1 4 4 4 5 5 8 28 28 28 28 28 18 18 28 23 23 20 20 12 8 8 9 5 5 5 5 3 1 1 0 2 2 0 0 0 0 0 0
 1 1 2 2 2 3 2 2 3 3 7 7 7 11 12 12 21 21 17 19 19 12 7 7 20 20 20 5 5 7 8 8 17 17 1 1 1 2 1 1 0 0 0 0 0 0
 0 0 1 2 2 3 2 2 4 4 8 8 8 11 10 10 11 11 9 19 19 17 6 6 10 10 26 9 9 7 14 14 3 3 2 5 5 5 4 4 2 2 1 0 0 0
 0 0 1 2 2 3 2 2 4 4 8 8 8 11 10 10 11 11 9 19 19 17 6 6 10 10 26 9 9 7 14 14 3 3 2 5 5 5 4 4 2 2 1 0 0 0
 0 0 2 2 2 2 3 3 2 2 4 6 6 7 9 9 9 9 5 3 3 3 4 4 16 16 10 9 9 8 4 4 2 2 4 1 1 2 2 2 3 3 1 1 1 0
 0 0 0 1 1 1 1 1 2 2 4 6 6 6 11 11 10 10 9 3 3 4 9 9 2 2 4 6 6 40 2 2 1 1 3 0 0 1 1 1 1 1 2 1 1 0
 0 0 0 1 1 1 1 1 2 2 4 6 6 6 11 11 10 10 9 3 3 4 9 9 2 2 4 6 6 40 2 2 1 1 3 0 0 1 1 1 1 1 2 1 1 0
 0 0 1 1 1 1 1 1 2 2 3 5 5 4 10 10 12 12 14 7 7 5 6 6 1 1 9 11 11 37 13 13 1 1 0 0 0 0 0 0 0 0 1 0 0 0
 0 0 1 1 1 1 1 1 2 2 3 5 5 4 10 10 12 12 14 7 7 5 6 6 1 1 9 11 11 37 13 13 1 1 0 0 0 0 0 0 0 0 1 0 0 0
 0 0 0 1 1 0 2 2 1 1 1 5 5 6 12 12 15 15 14 9 9 11 6 6 2 2 4 5 5 4 3 3 2 2 0 0 0 0 0 0 0 0 1 1 1 1
 0 0 0 0 0 1 1 1 1 1 0 3 3 3 7 7 15 15 16 12 12 12 6 6 4 4 1 3 3 1 4 4 1 1 1 1 1 0 0 0 0 0 1 1 1 1
 0 0 0 0 0 1 1 1 1 1 0 3 3 3 7 7 15 15 16 12 12 12 6 6 4 4 1 3 3 1 4 4 1 1 1 1 1 0 0 0 0 0 1 1 1 1
 0 0 1 1 1 0 2 2 0 0 5 1 1 1 1 1 11 11 35 22 22 10 8 8 4 4 1 2 2 4 2 2 0 0 1 0 0 1 2 2 10 10 3 0 0 0
 0 0 1 1 1 0 1 1 0 0 0 2 2 1 4 4 10 10 21 9 9 11 6 6 3 3 1 3 3 2 1 1 1 1 1 0 0 5 2 2 8 8 4 4 4 1
 0 0 1 1 1 0 1 1 0 0 0 2 2 1 4 4 10 10 21 9 9 11 6 6 3 3 1 3 3 2 1 1 1 1 1 0 0 5 2 2 8 8 4 4 4 1
 1 1 4 3 3 1 1 1 1 1 0 0 0 2 1 1 5 5 7 12 12 11 8 8 8 8 2 2 2 6 5 5 2 2 1 0 0 1 3 3 7 7 7 0 0 1
 1 1 4 3 3 1 1 1 1 1 0 0 0 2 1 1 5 5 7 12 12 11 8 8 8 8 2 2 2 6 5 5 2 2 1 0 0 1 3 3 7 7 7 0 0 1
 0 0 1 0 0 0 0 0 1 1 1 1 1 0 1 1 8 8 11 17 17 9 8 8 10 10 6 5 5 12 5 5 5 5 0 1 1 2 1 1 4 4 1 1 1 1
 2 2 0 0 0 0 0 0 4 4 5 1 1 1 1 1 4 4 10 11 11 6 12 12 10 10 6 4 4 10 11 11 19 19 61 5 5 3 1 1 2 2 4 3 3 1
 2 2 0 0 0 0 0 0 4 4 5 1 1 1 1 1 4 4 10 11 11 6 12 12 10 10 6 4 4 10 11 11 19 19 61 5 5 3 1 1 2 2 4 3 3 1
 1 1 1 0 0 0 2 2 1 1 3 2 2 2 2 2 6 6 7 6 6 10 6 6 6 6 7 13 13 6 47 47 19 19 28 14 14 7 5 5 6 6 5 1 1 1
 1 1 2 2 2 4 6 6 3 3 4 5 5 1 1 1 1 1 6 7 7 13 8 8 8 8 6 4 4 8 16 16 16 16 73 19 19 11 4 4 4 4 1 0 0 1
 1 1 2 2 2 4 6 6 3 3 4 5 5 1 1 1 1 1 6 7 7 13 8 8 8 8 6 4 4 8 16 16 16 16 73 19 19 11 4 4 4 4 1 0 0 1
 2 2 2 2 2 2 3 3 4 4 7 5 5 0 4 4 3 3 4 8 8 10 8 8 12 12 6 4 4 7 9 9 5 5 17 13 13 12 2 2 1 1 0 0 0 0
 2 2 2 2 2 2 3 3 4 4 7 5 5 0 4 4 3 3 4 8 8 10 8 8 12 12 6 4 4 7 9 9 5 5 17 13 13 12 2 2 1 1 0 0 0 0
 2 2 4 3 3 1 1 1 3 3 8 3 3 4 4 4 1 1 4 11 11 6 8 8 8 8 7 6 6 8 6 6 3 3 3 5 5 3 1 1 1 1 0 0 0 1
 2 2 2 2 2 1 1 1 0 0 6 3 3 5 1 1 2 2 3 11 11 6 5 5 8 8 8 9 9 10 11 11 8 8 4 5 5 4 8 8 5 5 0 0 0 1
 2 2 2 2 2 1 1 1 0 0 6 3 3 5 1 1 2 2 3 11 11 6 5 5 8 8 8 9 9 10 11 11 8 8 4 5 5 4 8 8 5 5 0 0 0 1
 2 2 2 1 1 1 2 2 1 1 5 8 8 3 2 2 6 6 2 4 4 3 18 18 13 13 8 8 8 9 10 10 10 10 6 9 9 7 3 3 6 6 1 5 5 1
 3 3 2 2 2 3 3 3 2 2 5 7 7 0 0 0 3 3 2 2 2 4 9 9 12 12 9 7 7 9 9 9 10 10 7 8 8 9 6 6 3 3 2 3 3 3
 3 3 2 2 2 3 3 3 2 2 5 7 7 0 0 0 3 3 2 2 2 4 9 9 12 12 9 7 7 9 9 9 10 10 7 8 8 9 6 6 3 3 2 3 3 3
 3 3 2 2 2 5 4 4 4 4 6 4 4 0 1 1 1 1 5 3 3 6 8 8 13 13 9 7 7 9 9 9 11 11 10 7 7 9 9 9 1 1 1 28 28 3
 3 3 2 2 2 5 4 4 4 4 6 4 4 0 1 1 1 1 5 3 3 6 8 8 13 13 9 7 7 9 9 9 11 11 10 7 7 9 9 9 1 1 1 28 28 3
 3 3 3 3 3 3 3 3 7 7 8 3 3 1 1 1 1 1 1 1 1 4 6 6 9 9 9 7 7 9 9 9 13 13 11 9 9 9 10 10 2 2 1 4 4 1
 4 4 3 2 2 2 2 2 4 4 8 3 3 1 1 1 1 1 1 1 1 2 3 3 5 5 5 6 6 8 6 6 9 9 7 9 9 8 6 6 3 3 2 1 1 1
 4 4 3 2 2 2 2 2 4 4 8 3 3 1 1 1 1 1 1 1 1 2 3 3 5 5 5 6 6 8 6 6 9 9 7 9 9 8 6 6 3 3 2 1 1 1
 8 8 3 2 2 2 2 2 2 2 3 1 1 1 1 1 2 2 2 1 1 2 4 4 4 4 8 7 7 4 2 2 1 1 3 6 6 5 4 4 4 4 6 2 2 1
 8 8 4 3 3 2 2 2 2 2 3 2 2 1 1 1 2 2 2 3 3 2 2 2 3 3 8 8 8 6 3 3 2 2 1 1 1 2 0 0 4 4 2 2 2 2
 8 8 4 3 3 2 2 2 2 2 3 2 2 1 1 1 2 2 2 3 3 2 2 2 3 3 8 8 8 6 3 3 2 2 1 1 1 2 0 0 4 4 2 2 2 2
 28 28 20 3 3 2 2 2 3 3 8 3 3 2 2 2 2 2 4 4 4 3 3 3 5 5 9 9 9 9 5 5 3 3 2 1 1 1 1 1 0 0 0 1 1 1
 28 28 20 3 3 2 2 2 3 3 8 3 3 2 2 2 2 2 4 4 4 3 3 3 5 5 9 9 9 9 5 5 3 3 2 1 1 1 1 1 0 0 0 1 1 1
 19 19 25 4 4 3 2 2 4 4 10 9 9 3 2 2 3 3 4 6 6 5 6 6 12 12 10 10 10 11 6 6 2 2 2 1 1 0 2 2 2 2 0 1 1 1
 20 20 29 26 26 5 3 3 2 2 9 5 5 5 3 3 3 3 7 7 7 8 13 13 14 14 10 11 11 11 6 6 3 3 2 2 2 0 3 3 2 2 0 1 1 0
 20 20 29 26 26 5 3 3 2 2 9 5 5 5 3 3 3 3 7 7 7 8 13 13 14 14 10 11 11 11 6 6 3 3 2 2 2 0 3 3 2 2 0 1 1 0
 21 21 21 29 29 10 7 7 4 4 6 7 7 6 11 11 13 13 17 13 13 12 7 7 9 9 10 10 10 8 9 9 4 4 6 1 1 1 2 2 3 3 1 0 0 0
 17 17 16 9 9 11 10 10 5 5 4 5 5 5 15 15 15 15 19 19 19 16 10 10 12 12 12 12 12 8 9 9 9 9 5 2 2 1 0 0 1 1 6 2 2 0
 17 17 16 9 9 11 10 10 5 5 4 5 5 5 15 15 15 15 19 19 19 16 10 10 12 12 12 12 12 8 9 9 9 9 5 2 2 1 0 0 1 1 6 2 2 0
 4 4 5 6 6 8 10 10 7 7 8 7 7 7 15 15 14 14 23 24 24 19 18 18 17 17 18 16 16 20 11 11 9 9 12 4 4 2 1 1 1 1 2 1 1 1
 4 4 5 6 6 8 10 10 7 7 8 7 7 7 15 15 14 14 23 24 24 19 18 18 17 17 18 16 16 20 11 11 9 9 12 4 4 2 1 1 1 1 2 1 1 1
 3 3 3 3 3 4 5 5 7 7 9 13 13 8 8 8 9 9 11 15 15 17 16 16 18 18 20 18 18 22 21 21 12 12 15 9 9 5 3 3 1 1 0 1 1 0
 2 2 2 2 2 2 2 2 11 11 15 19 19 8 5 5 7 7 8 13 13 13 12 12 16 16 15 17 17 18 19 19 15 15 9 8 8 5 7 7 3 3 2 1 1 1
 2 2 2 2 2 2 2 2 11 11 15 19 19 8 5 5 7 7 8 13 13 13 12 12 16 16 15 17 17 18 19 19 15 15 9 8 8 5 7 7 3 3 2 1 1 1
 1 1 2 2 2 2 2 2 4 4 10 12 12 7 3 3 4 4 5 6 6 11 9 9 10 10 13 15 15 15 18 18 21 21 16 9 9 8 11 11 6 6 6 2 2 3
 1 1 2 1 1 2 2 2 3 3 5 5 5 2 2 2 3 3 3 10 10 15 9 9 9 9 12 13 13 12 12 12 13 13 21 15 15 19 10 10 3 3 7 3 3 2
