assets/RAT_results/precipitation/2018-07-10_IMERG.asc
ncols        46
nrows        77
xllcorner    74.800261325624
yllcorner    8.058333333333
cellsize     0.062500000000
NODATA_value -9999
 4 4 13 5 5 7 14 14 7 7 25 24 24 20 28 28 27 27 29 21 21 24 12 12 4 4 2 1 1 1 1 1 1 1 0 1 1 1 1 1 1 1 1 0 0 0
 18 18 9 13 13 6 12 12 14 14 14 20 20 11 25 25 22 22 23 28 28 15 17 17 6 6 7 5 5 2 4 4 1 1 2 2 2 3 3 3 1 1 1 0 0 0
 18 18 9 13 13 6 12 12 14 14 14 20 20 11 25 25 22 22 23 28 28 15 17 17 6 6 7 5 5 2 4 4 1 1 2 2 2 3 3 3 1 1 1 0 0 0
 6 6 8 19 19 9 6 6 8 8 20 11 11 16 16 16 19 19 20 22 22 15 10 10 11 11 9 4 4 4 3 3 3 3 3 4 4 5 7 7 9 9 1 0 0 0
 3 3 5 9 9 15 21 21 22 22 25 16 16 12 14 14 14 14 11 8 8 5 7 7 6 6 3 3 3 4 4 4 6 6 4 5 5 5 3 3 2 2 2 0 0 0
 3 3 5 9 9 15 21 21 22 22 25 16 16 12 14 14 14 14 11 8 8 5 7 7 6 6 3 3 3 4 4 4 6 6 4 5 5 5 3 3 2 2 2 0 0 0
 1 1 6 10 10 10 14 14 22 22 25 16 16 12 16 16 8 8 8 3 3 3 3 3 6 6 3 4 4 4 4 4 5 5 3 2 2 2 4 4 2 2 4 5 5 1
 1 1 6 10 10 10 14 14 22 22 25 16 16 12 16 16 8 8 8 3 3 3 3 3 6 6 3 4 4 4 4 4 5 5 3 2 2 2 4 4 2 2 4 5 5 1
 1 1 1 6 6 4 11 11 19 19 28 20 20 17 11 11 18 18 9 5 5 1 4 4 2 2 3 3 3 3 3 3 2 2 3 2 2 6 3 3 3 3 2 1 1 1
 1 1 3 3 3 3 7 7 26 26 21 22 22 22 19 19 21 21 9 2 2 5 2 2 2 2 2 6 6 2 2 2 4 4 2 2 2 2 4 4 2 2 2 1 1 1
 1 1 3 3 3 3 7 7 26 26 21 22 22 22 19 19 21 21 9 2 2 5 2 2 2 2 2 6 6 2 2 2 4 4 2 2 2 2 4 4 2 2 2 1 1 1
 1 1 4 4 4 8 10 10 28 28 11 19 19 13 17 17 13 13 12 7 7 11 3 3 2 2 1 4 4 1 1 1 2 2 2 3 3 1 1 1 5 5 1 1 1 1
 2 2 3 4 4 9 16 16 13 13 19 15 15 18 24 24 24 24 22 20 20 17 10 10 4 4 4 2 2 2 1 1 1 1 2 2 2 1 1 1 1 1 1 1 1 1
 2 2 3 4 4 9 16 16 13 13 19 15 15 18 24 24 24 24 22 20 20 17 10 10 4 4 4 2 2 2 1 1 1 1 2 2 2 1 1 1 1 1 1 1 1 1
 10 10 6 5 5 14 16 16 19 19 15 10 10 14 17 17 10 10 18 22 22 25 13 13 12 12 7 5 5 2 2 2 1 1 0 1 1 1 1 1 2 2 1 0 0 1
 10 10 6 5 5 14 16 16 19 19 15 10 10 14 17 17 10 10 18 22 22 25 13 13 12 12 7 5 5 2 2 2 1 1 0 1 1 1 1 1 2 2 1 0 0 1
 9 9 20 9 9 10 17 17 19 19 24 16 16 22 21 21 19 19 19 18 18 21 14 14 11 11 8 5 5 4 4 4 2 2 0 1 1 1 1 1 1 1 0 0 0 0
 6 6 13 16 16 10 14 14 9 9 18 29 29 16 13 13 12 12 26 18 18 25 15 15 12 12 7 5 5 2 4 4 1 1 0 0 0 0 0 0 1 1 0 0 0 0
 6 6 13 16 16 10 14 14 9 9 18 29 29 16 13 13 12 12 26 18 18 25 15 15 12 12 7 5 5 2 4 4 1 1 0 0 0 0 0 0 1 1 0 0 0 0
 2 2 7 8 8 9 14 14 21 21 12 22 22 24 22 22 28 28 15 28 28 23 22 22 13 13 4 4 4 4 2 2 1 1 1 1 1 1 1 1 0 0 0 0 0 0
 3 3 2 4 4 5 8 8 7 7 7 14 14 13 15 15 22 22 28 36 36 22 21 21 18 18 11 12 12 9 3 3 1 1 1 1 1 1 1 1 0 0 1 1 1 0
 3 3 2 4 4 5 8 8 7 7 7 14 14 13 15 15 22 22 28 36 36 22 21 21 18 18 11 12 12 9 3 3 1 1 1 1 1 1 1 1 0 0 1 1 1 0
 4 4 2 4 4 14 7 7 11 11 10 7 7 10 16 16 17 17 18 31 31 28 24 24 20 20 17 12 12 8 6 6 4 4 2 2 2 1 1 1 1 1 1 1 1 0
 4 4 2 4 4 14 7 7 11 11 10 7 7 10 16 16 17 17 18 31 31 28 24 24 20 20 17 12 12 8 6 6 4 4 2 2 2 1 1 1 1 1 1 1 1 0
 8 8 4 9 9 17 26 26 18 18 14 14 14 20 24 24 24 24 19 18 18 37 25 25 21 21 17 15 15 11 9 9 5 5 3 3 3 2 2 2 1 1 1 1 1 1
 12 12 6 8 8 14 25 25 14 14 16 20 20 19 25 25 35 35 22 22 22 22 25 25 24 24 24 16 16 15 10 10 6 6 4 3 3 3 1 1 0 0 0 1 1 1
 12 12 6 8 8 14 25 25 14 14 16 20 20 19 25 25 35 35 22 22 22 22 25 25 24 24 24 16 16 15 10 10 6 6 4 3 3 3 1 1 0 0 0 1 1 1
 14 14 8 9 9 13 21 21 12 12 15 23 23 24 26 26 26 26 31 31 31 27 21 21 33 33 39 28 28 20 11 11 9 9 8 6 6 3 3 3 1 1 0 1 1 0
 17 17 12 11 11 11 13 13 12 12 21 27 27 25 44 44 39 39 46 31 31 43 39 39 39 39 38 35 35 27 25 25 12 12 13 10 10 7 3 3 2 2 2 1 1 1
 17 17 12 11 11 11 13 13 12 12 21 27 27 25 44 44 39 39 46 31 31 43 39 39 39 39 38 35 35 27 25 25 12 12 13 10 10 7 3 3 2 2 2 1 1 1
 8 8 7 7 7 11 11 11 7 7 11 25 25 20 31 31 36 36 45 51 51 45 47 47 39 39 37 27 27 22 18 18 23 23 36 13 13 14 10 10 18 18 5 5 5 2
 8 8 7 7 7 11 11 11 7 7 11 25 25 20 31 31 36 36 45 51 51 45 47 47 39 39 37 27 27 22 18 18 23 23 36 13 13 14 10 10 18 18 5 5 5 2
 7 7 7 9 9 5 9 9 13 13 14 18 18 26 33 33 34 34 45 34 34 38 42 42 38 38 37 27 27 36 17 17 22 22 18 14 14 15 18 18 18 18 10 5 5 8
 6 6 4 16 16 13 15 15 18 18 13 13 13 26 29 29 21 21 34 32 32 30 41 41 31 31 30 26 26 31 34 34 25 25 18 24 24 11 10 10 15 15 14 13 13 13
 6 6 4 16 16 13 15 15 18 18 13 13 13 26 29 29 21 21 34 32 32 30 41 41 31 31 30 26 26 31 34 34 25 25 18 24 24 11 10 10 15 15 14 13 13 13
 4 4 3 10 10 9 17 17 12 12 13 12 12 14 28 28 31 31 23 25 25 27 30 30 29 29 27 25 25 25 24 24 24 24 21 13 13 10 7 7 7 7 14 10 10 11
 9 9 8 11 11 10 8 8 8 8 14 16 16 25 13 13 15 15 13 18 18 24 19 19 28 28 44 34 34 34 26 26 25 25 23 12 12 17 13 13 13 13 14 11 11 10
 9 9 8 11 11 10 8 8 8 8 14 16 16 25 13 13 15 15 13 18 18 24 19 19 28 28 44 34 34 34 26 26 25 25 23 12 12 17 13 13 13 13 14 11 11 10
 26 26 24 34 34 29 18 18 15 15 10 15 15 16 14 14 11 11 12 18 18 16 13 13 19 19 22 29 29 21 32 32 25 25 34 22 22 27 26 26 16 16 20 14 14 17
 26 26 24 34 34 29 18 18 15 15 10 15 15 16 14 14 11 11 12 18 18 16 13 13 19 19 22 29 29 21 32 32 25 25 34 22 22 27 26 26 16 16 20 14 14 17
 19 19 24 37 37 35 28 28 13 13 13 11 11 12 5 5 16 16 13 29 29 24 26 26 19 19 32 27 27 23 36 36 49 49 39 30 30 36 24 24 15 15 14 13 13 14
 13 13 22 25 25 37 30 30 18 18 14 10 10 5 6 6 5 5 7 25 25 20 26 26 34 34 36 26 26 19 30 30 33 33 37 26 26 30 22 22 27 27 17 13 13 10
 13 13 22 25 25 37 30 30 18 18 14 10 10 5 6 6 5 5 7 25 25 20 26 26 34 34 36 26 26 19 30 30 33 33 37 26 26 30 22 22 27 27 17 13 13 10
 12 12 16 26 26 43 33 33 15 15 12 11 11 8 10 10 11 11 16 37 37 35 27 27 38 38 25 26 26 20 25 25 29 29 28 21 21 32 38 38 27 27 14 12 12 7
 13 13 21 25 25 21 21 21 16 16 14 12 12 15 15 15 13 13 11 17 17 24 30 30 50 50 38 39 39 29 26 26 19 19 22 15 15 17 14 14 12 12 12 10 10 6
 13 13 21 25 25 21 21 21 16 16 14 12 12 15 15 15 13 13 11 17 17 24 30 30 50 50 38 39 39 29 26 26 19 19 22 15 15 17 14 14 12 12 12 10 10 6
 24 24 19 22 22 22 18 18 18 18 13 17 17 15 14 14 19 19 20 26 26 30 37 37 34 34 38 53 53 68 28 28 20 20 19 14 14 16 12 12 8 8 13 8 8 6
 24 24 19 22 22 22 18 18 18 18 13 17 17 15 14 14 19 19 20 26 26 30 37 37 34 34 38 53 53 68 28 28 20 20 19 14 14 16 12 12 8 8 13 8 8 6
 19 19 20 18 18 20 24 24 21 21 15 15 15 16 14 14 27 27 29 25 25 38 31 31 28 28 27 31 31 40 42 42 23 23 21 25 25 20 13 13 8 8 8 10 10 5
 52 52 20 23 23 21 26 26 19 19 14 16 16 20 25 25 24 24 36 32 32 27 23 23 30 30 32 27 27 28 29 29 21 21 34 21 21 28 21 21 19 19 19 12 12 7
 52 52 20 23 23 21 26 26 19 19 14 16 16 20 25 25 24 24 36 32 32 27 23 23 30 30 32 27 27 28 29 29 21 21 34 21 21 28 21 21 19 19 19 12 12 7
 35 35 22 19 19 22 21 21 22 22 10 18 18 16 21 21 25 25 30 32 32 36 32 32 28 28 29 13 13 16 16 16 23 23 18 19 19 17 26 26 17 17 19 12 12 9
 26 26 19 15 15 18 20 20 14 14 11 17 17 15 17 17 14 14 19 19 19 19 16 16 15 15 16 16 16 9 10 10 14 14 15 16 16 19 17 17 19 19 26 14 14 9
 26 26 19 15 15 18 20 20 14 14 11 17 17 15 17 17 14 14 19 19 19 19 16 16 15 15 16 16 16 9 10 10 14 14 15 16 16 19 17 17 19 19 26 14 14 9
 26 26 16 18 18 15 18 18 10 10 6 11 11 15 13 13 14 14 8 8 8 15 9 9 13 13 13 14 14 22 15 15 12 12 18 21 21 27 13 13 18 18 17 14 14 7
 26 26 16 18 18 15 18 18 10 10 6 11 11 15 13 13 14 14 8 8 8 15 9 9 13 13 13 14 14 22 15 15 12 12 18 21 21 27 13 13 18 18 17 14 14 7
 24 24 11 7 7 8 10 10 13 13 7 14 14 9 10 10 6 6 11 10 10 10 13 13 13 13 13 16 16 23 15 15 13 13 16 9 9 10 10 10 15 15 19 18 18 3
 17 17 22 10 10 12 8 8 15 15 12 14 14 13 14 14 28 28 29 19 19 28 32 32 18 18 32 17 17 15 14 14 10 10 14 10 10 12 12 12 11 11 11 4 4 2
 17 17 22 10 10 12 8 8 15 15 12 14 14 13 14 14 28 28 29 19 19 28 32 32 18 18 32 17 17 15 14 14 10 10 14 10 10 12 12 12 11 11 11 4 4 2
 17 17 43 8 8 8 10 10 10 10 25 18 18 9 28 28 14 14 18 30 30 38 25 25 19 19 22 24 24 16 12 12 8 8 8 5 5 7 10 10 10 10 13 4 4 2
 13 13 9 25 25 9 27 27 17 17 17 23 23 14 32 32 14 14 19 37 37 68 25 25 20 20 20 18 18 14 8 8 11 11 12 11 11 7 5 5 11 11 11 2 2 2
 13 13 9 25 25 9 27 27 17 17 17 23 23 14 32 32 14 14 19 37 37 68 25 25 20 20 20 18 18 14 8 8 11 11 12 11 11 7 5 5 11 11 11 2 2 2
 19 19 11 9 9 11 5 5 4 4 9 8 8 7 30 30 20 20 22 22 22 38 45 45 13 13 19 23 23 32 13 13 11 11 16 5 5 9 6 6 13 13 9 5 5 3
 19 19 11 9 9 11 5 5 4 4 9 8 8 7 30 30 20 20 22 22 22 38 45 45 13 13 19 23 23 32 13 13 11 11 16 5 5 9 6 6 13 13 9 5 5 3
 15 15 16 17 17 9 5 5 6 6 11 8 8 10 10 10 9 9 17 16 16 41 33 33 18 18 23 25 25 17 16 16 21 21 9 9 9 9 8 8 13 13 12 4 4 4
 18 18 13 11 11 9 8 8 9 9 7 8 8 5 9 9 10 10 12 13 13 16 30 30 28 28 22 18 18 23 14 14 24 24 15 16 16 7 11 11 12 12 10 6 6 4
 18 18 13 11 11 9 8 8 9 9 7 8 8 5 9 9 10 10 12 13 13 16 30 30 28 28 22 18 18 23 14 14 24 24 15 16 16 7 11 11 12 12 10 6 6 4
 10 10 8 9 9 11 10 10 11 11 10 8 8 7 8 8 7 7 8 14 14 12 20 20 19 19 17 27 27 17 21 21 18 18 12 13 13 14 12 12 13 13 12 14 14 5
 7 7 6 7 7 10 10 10 13 13 18 19 19 7 6 6 9 9 9 13 13 10 17 17 9 9 12 17 17 20 20 20 22 22 19 15 15 18 19 19 11 11 11 10 10 4
 7 7 6 7 7 10 10 10 13 13 18 19 19 7 6 6 9 9 9 13 13 10 17 17 9 9 12 17 17 20 20 20 22 22 19 15 15 18 19 19 11 11 11 10 10 4
 8 8 9 10 10 10 13 13 34 34 36 10 10 8 15 15 17 17 9 19 19 12 15 15 11 11 8 11 11 5 13 13 23 23 21 20 20 22 18 18 23 23 15 8 8 10
 8 8 9 10 10 10 13 13 34 34 36 10 10 8 15 15 17 17 9 19 19 12 15 15 11 11 8 11 11 5 13 13 23 23 21 20 20 22 18 18 23 23 15 8 8 10
 13 13 12 25 25 30 49 49 52 52 15 24 24 29 31 31 28 28 14 15 15 18 19 19 8 8 7 6 6 7 18 18 40 40 25 24 24 21 12 12 14 14 14 14 14 8
 15 15 31 44 44 46 76 76 24 24 29 30 30 35 37 37 28 28 20 24 24 24 19 19 18 18 10 10 10 7 25 25 18 18 17 14 14 24 16 16 14 14 16 14 14 13
 15 15 31 44 44 46 76 76 24 24 29 30 30 35 37 37 28 28 20 24 24 24 19 19 18 18 10 10 10 7 25 25 18 18 17 14 14 24 16 16 14 14 16 14 14 13
 32 32 40 32 32 32 15 15 21 21 23 28 28 36 35 35 28 28 28 25 25 22 17 17 21 21 19 18 18 11 10 10 22 22 15 13 13 10 24 24 16 16 20 14 14 12
 37 37 37 29 29 16 14 14 14 14 30 28 28 33 32 32 23 23 25 23 23 20 17 17 16 16 24 16 16 27 14 14 13 13 13 7 7 10 19 19 17 17 21 13 13 11
