assets/RAT_results/precipitation/2018-10-05_IMERG.asc
ncols        46
nrows        77
xllcorner    74.800261325624
yllcorner    8.058333333333
cellsize     0.062500000000
NODATA_value -9999
 40 40 42 31 31 35 37 37 90 90 62 43 43 23 23 23 27 27 22 19 19 17 11 11 10 10 4 3 3 12 11 11 5 5 6 4 4 3 2 2 1 1 0 0 0 1
 36 36 34 33 33 39 68 68 77 77 39 34 34 33 30 30 28 28 19 18 18 15 12 12 6 6 7 4 4 13 12 12 9 9 7 6 6 5 2 2 8 8 5 0 0 0
 36 36 34 33 33 39 68 68 77 77 39 34 34 33 30 30 28 28 19 18 18 15 12 12 6 6 7 4 4 13 12 12 9 9 7 6 6 5 2 2 8 8 5 0 0 0
 40 40 30 34 34 40 34 34 38 38 38 29 29 31 25 25 23 23 18 22 22 19 12 12 9 9 8 7 7 8 11 11 4 4 2 5 5 5 5 5 18 18 16 0 0 1
 38 38 46 41 41 42 41 41 47 47 35 25 25 30 34 34 30 30 24 18 18 14 13 13 9 9 9 10 10 12 12 12 13 13 2 4 4 4 5 5 23 23 15 5 5 1
 38 38 46 41 41 42 41 41 47 47 35 25 25 30 34 34 30 30 24 18 18 14 13 13 9 9 9 10 10 12 12 12 13 13 2 4 4 4 5 5 23 23 15 5 5 1
 41 41 31 31 31 32 37 37 39 39 35 28 28 30 34 34 32 32 24 15 15 12 9 9 8 8 10 14 14 18 9 9 2 2 7 0 0 0 8 8 23 23 19 7 7 5
 41 41 31 31 31 32 37 37 39 39 35 28 28 30 34 34 32 32 24 15 15 12 9 9 8 8 10 14 14 18 9 9 2 2 7 0 0 0 8 8 23 23 19 7 7 5
 18 18 30 30 30 34 21 21 30 30 31 48 48 50 34 34 36 36 29 34 34 11 7 7 6 6 9 13 13 34 7 7 4 4 4 0 0 0 1 1 16 16 16 11 11 6
 14 14 19 26 26 26 40 40 41 41 41 63 63 43 39 39 61 61 28 20 20 14 13 13 5 5 7 18 18 15 6 6 9 9 3 4 4 3 2 2 3 3 14 15 15 7
 14 14 19 26 26 26 40 40 41 41 41 63 63 43 39 39 61 61 28 20 20 14 13 13 5 5 7 18 18 15 6 6 9 9 3 4 4 3 2 2 3 3 14 15 15 7
 15 15 19 18 18 25 31 31 19 19 39 35 35 29 27 27 45 45 27 19 19 16 15 15 9 9 8 19 19 30 24 24 8 8 6 5 5 2 1 1 2 2 8 29 29 17
 12 12 14 13 13 21 22 22 28 28 24 17 17 30 25 25 40 40 29 28 28 18 10 10 10 10 7 17 17 21 11 11 6 6 5 4 4 4 4 4 3 3 5 6 6 15
 12 12 14 13 13 21 22 22 28 28 24 17 17 30 25 25 40 40 29 28 28 18 10 10 10 10 7 17 17 21 11 11 6 6 5 4 4 4 4 4 3 3 5 6 6 15
 10 10 9 15 15 10 23 23 24 24 43 16 16 27 29 29 31 31 45 69 69 29 15 15 10 10 6 3 3 7 6 6 7 7 12 4 4 11 3 3 4 4 4 4 4 9
 10 10 9 15 15 10 23 23 24 24 43 16 16 27 29 29 31 31 45 69 69 29 15 15 10 10 6 3 3 7 6 6 7 7 12 4 4 11 3 3 4 4 4 4 4 9
 11 11 8 7 7 10 18 18 21 21 43 20 20 17 28 28 24 24 56 66 66 43 23 23 18 18 4 1 1 6 7 7 7 7 5 8 8 7 4 4 6 6 8 6 6 14
 11 11 12 14 14 10 20 20 21 21 21 22 22 24 26 26 32 32 59 40 40 31 26 26 15 15 7 8 8 8 5 5 9 9 9 21 21 13 10 10 14 14 14 6 6 7
 11 11 12 14 14 10 20 20 21 21 21 22 22 24 26 26 32 32 59 40 40 31 26 26 15 15 7 8 8 8 5 5 9 9 9 21 21 13 10 10 14 14 14 6 6 7
 12 12 7 5 5 6 19 19 24 24 21 23 23 32 27 27 28 28 41 27 27 26 13 13 7 7 6 9 9 13 12 12 18 18 18 24 24 9 9 9 12 12 14 10 10 7
 9 9 7 6 6 6 18 18 5 5 20 29 29 26 38 38 37 37 43 43 43 22 11 11 8 8 12 12 12 17 20 20 25 25 20 24 24 16 11 11 7 7 7 7 7 4
 9 9 7 6 6 6 18 18 5 5 20 29 29 26 38 38 37 37 43 43 43 22 11 11 8 8 12 12 12 17 20 20 25 25 20 24 24 16 11 11 7 7 7 7 7 4
 7 7 7 15 15 10 10 10 6 6 16 22 22 27 44 44 39 39 32 39 39 11 22 22 26 26 7 5 5 14 17 17 17 17 17 28 28 26 6 6 5 5 1 3 3 3
 7 7 7 15 15 10 10 10 6 6 16 22 22 27 44 44 39 39 32 39 39 11 22 22 26 26 7 5 5 14 17 17 17 17 17 28 28 26 6 6 5 5 1 3 3 3
 17 17 10 11 11 18 21 21 5 5 14 24 24 37 43 43 33 33 35 25 25 9 43 43 25 25 9 8 8 11 12 12 8 8 9 12 12 13 5 5 0 0 7 1 1 3
 23 23 24 27 27 20 19 19 9 9 12 26 26 34 39 39 38 38 28 23 23 12 42 42 12 12 0 5 5 7 5 5 9 9 2 3 3 1 1 1 3 3 2 4 4 1
 23 23 24 27 27 20 19 19 9 9 12 26 26 34 39 39 38 38 28 23 23 12 42 42 12 12 0 5 5 7 5 5 9 9 2 3 3 1 1 1 3 3 2 4 4 1
 24 24 25 30 30 19 17 17 14 14 18 25 25 28 24 24 36 36 29 16 16 17 11 11 4 4 0 3 3 4 4 4 5 5 0 0 0 0 0 0 1 1 4 1 1 1
 17 17 23 23 23 22 22 22 24 24 27 31 31 31 37 37 29 29 34 20 20 9 8 8 2 2 1 3 3 1 3 3 2 2 0 0 0 0 0 0 0 0 1 1 1 1
 17 17 23 23 23 22 22 22 24 24 27 31 31 31 37 37 29 29 34 20 20 9 8 8 2 2 1 3 3 1 3 3 2 2 0 0 0 0 0 0 0 0 1 1 1 1
 18 18 16 19 19 21 23 23 30 30 33 47 47 31 37 37 30 30 21 19 19 8 10 10 6 6 0 1 1 0 0 0 0 0 0 0 0 0 0 0 1 1 3 4 4 2
 18 18 16 19 19 21 23 23 30 30 33 47 47 31 37 37 30 30 21 19 19 8 10 10 6 6 0 1 1 0 0 0 0 0 0 0 0 0 0 0 1 1 3 4 4 2
 22 22 18 13 13 17 20 20 39 39 46 44 44 26 21 21 19 19 11 9 9 7 8 8 10 10 9 1 1 0 0 0 0 0 0 0 0 0 0 0 3 3 7 7 7 3
 19 19 17 15 15 11 8 8 12 12 7 3 3 2 5 5 6 6 8 10 10 19 30 30 24 24 7 3 3 0 0 0 0 0 0 0 0 0 4 4 3 3 4 1 1 2
 19 19 17 15 15 11 8 8 12 12 7 3 3 2 5 5 6 6 8 10 10 19 30 30 24 24 7 3 3 0 0 0 0 0 0 0 0 0 4 4 3 3 4 1 1 2
 17 17 21 19 19 7 7 7 5 5 7 6 6 1 3 3 7 7 6 23 23 14 35 35 18 18 10 2 2 1 1 1 1 1 0 0 0 0 0 0 0 0 2 3 3 2
 13 13 20 18 18 19 19 19 8 8 5 6 6 1 2 2 6 6 5 16 16 13 16 16 16 16 13 5 5 2 2 2 2 2 1 0 0 0 1 1 1 1 1 1 1 2
 13 13 20 18 18 19 19 19 8 8 5 6 6 1 2 2 6 6 5 16 16 13 16 16 16 16 13 5 5 2 2 2 2 2 1 0 0 0 1 1 1 1 1 1 1 2
 12 12 12 16 16 8 17 17 8 8 9 4 4 1 1 1 6 6 3 6 6 4 10 10 14 14 17 10 10 1 2 2 2 2 0 1 1 1 1 1 0 0 1 1 1 1
 12 12 12 16 16 8 17 17 8 8 9 4 4 1 1 1 6 6 3 6 6 4 10 10 14 14 17 10 10 1 2 2 2 2 0 1 1 1 1 1 0 0 1 1 1 1
 16 16 11 8 8 8 3 3 6 6 8 3 3 1 1 1 1 1 4 4 4 3 7 7 8 8 9 8 8 1 4 4 5 5 5 1 1 3 1 1 3 3 1 1 1 4
 18 18 16 6 6 4 4 4 6 6 5 3 3 3 1 1 1 1 2 2 2 3 2 2 6 6 7 4 4 0 5 5 3 3 3 2 2 3 3 3 8 8 5 5 5 1
 18 18 16 6 6 4 4 4 6 6 5 3 3 3 1 1 1 1 2 2 2 3 2 2 6 6 7 4 4 0 5 5 3 3 3 2 2 3 3 3 8 8 5 5 5 1
 15 15 11 8 8 5 4 4 4 4 4 2 2 1 0 0 1 1 1 2 2 4 2 2 8 8 7 4 4 3 5 5 1 1 0 1 1 5 3 3 2 2 0 2 2 0
 8 8 8 5 5 4 4 4 2 2 2 1 1 2 1 1 2 2 1 3 3 3 5 5 10 10 8 4 4 3 3 3 1 1 1 0 0 1 1 1 1 1 3 5 5 3
 8 8 8 5 5 4 4 4 2 2 2 1 1 2 1 1 2 2 1 3 3 3 5 5 10 10 8 4 4 3 3 3 1 1 1 0 0 1 1 1 1 1 3 5 5 3
 7 7 6 5 5 4 2 2 2 2 1 1 1 6 1 1 2 2 1 1 1 3 2 2 10 10 10 5 5 3 2 2 1 1 0 0 0 1 0 0 4 4 1 1 1 5
 7 7 6 5 5 4 2 2 2 2 1 1 1 6 1 1 2 2 1 1 1 3 2 2 10 10 10 5 5 3 2 2 1 1 0 0 0 1 0 0 4 4 1 1 1 5
 6 6 5 3 3 2 2 2 2 2 1 7 7 1 2 2 1 1 1 1 1 2 4 4 6 6 5 2 2 2 4 4 1 1 0 1 1 1 1 1 4 4 6 5 5 3
 7 7 4 2 2 2 1 1 1 1 1 1 1 1 2 2 0 0 0 2 2 3 2 2 4 4 4 8 8 2 4 4 5 5 1 2 2 2 1 1 3 3 12 8 8 7
 7 7 4 2 2 2 1 1 1 1 1 1 1 1 2 2 0 0 0 2 2 3 2 2 4 4 4 8 8 2 4 4 5 5 1 2 2 2 1 1 3 3 12 8 8 7
 4 4 4 1 1 1 1 1 3 3 3 2 2 8 1 1 0 0 1 2 2 1 2 2 4 4 6 5 5 7 3 3 2 2 3 3 3 3 3 3 6 6 11 9 9 10
 5 5 2 1 1 1 4 4 2 2 3 2 2 1 1 1 0 0 1 1 1 1 2 2 4 4 5 4 4 5 8 8 3 3 4 5 5 5 6 6 9 9 13 12 12 16
 5 5 2 1 1 1 4 4 2 2 3 2 2 1 1 1 0 0 1 1 1 1 2 2 4 4 5 4 4 5 8 8 3 3 4 5 5 5 6 6 9 9 13 12 12 16
 6 6 3 2 2 1 1 1 1 1 4 2 2 1 1 1 1 1 1 8 8 1 2 2 3 3 5 6 6 6 6 6 6 6 6 7 7 7 6 6 10 10 10 11 11 15
 6 6 3 2 2 1 1 1 1 1 4 2 2 1 1 1 1 1 1 8 8 1 2 2 3 3 5 6 6 6 6 6 6 6 6 7 7 7 6 6 10 10 10 11 11 15
 5 5 3 1 1 2 2 2 2 2 2 2 2 1 1 1 1 1 1 4 4 1 2 2 4 4 6 9 9 7 7 7 8 8 8 9 9 12 13 13 13 13 12 11 11 14
 3 3 2 2 2 2 2 2 3 3 3 3 3 1 2 2 1 1 4 4 4 1 3 3 3 3 6 10 10 10 9 9 11 11 11 11 11 12 16 16 14 14 13 15 15 16
 3 3 2 2 2 2 2 2 3 3 3 3 3 1 2 2 1 1 4 4 4 1 3 3 3 3 6 10 10 10 9 9 11 11 11 11 11 12 16 16 14 14 13 15 15 16
 4 4 3 2 2 4 2 2 3 3 2 2 2 2 2 2 2 2 2 2 2 1 3 3 5 5 8 11 11 12 17 17 21 21 20 16 16 15 16 16 12 12 11 14 14 19
 7 7 5 3 3 3 2 2 3 3 2 1 1 2 2 2 2 2 1 1 1 6 2 2 4 4 6 17 17 19 19 19 22 22 29 25 25 22 19 19 17 17 16 19 19 27
 7 7 5 3 3 3 2 2 3 3 2 1 1 2 2 2 2 2 1 1 1 6 2 2 4 4 6 17 17 19 19 19 22 22 29 25 25 22 19 19 17 17 16 19 19 27
 9 9 5 3 3 4 3 3 4 4 3 1 1 2 2 2 1 1 2 1 1 1 2 2 5 5 8 18 18 23 27 27 31 31 34 34 34 31 28 28 26 26 20 29 29 35
 9 9 5 3 3 4 3 3 4 4 3 1 1 2 2 2 1 1 2 1 1 1 2 2 5 5 8 18 18 23 27 27 31 31 34 34 34 31 28 28 26 26 20 29 29 35
 12 12 8 6 6 8 5 5 10 10 7 4 4 2 2 2 1 1 1 2 2 1 2 2 4 4 6 16 16 27 31 31 34 34 38 42 42 34 32 32 31 31 28 50 50 43
 15 15 12 9 9 11 7 7 8 8 8 5 5 4 2 2 2 2 2 2 2 1 2 2 3 3 6 18 18 25 28 28 27 27 32 29 29 28 25 25 25 25 24 57 57 183
 15 15 12 9 9 11 7 7 8 8 8 5 5 4 2 2 2 2 2 2 2 1 2 2 3 3 6 18 18 25 28 28 27 27 32 29 29 28 25 25 25 25 24 57 57 183
 14 14 16 10 10 9 9 9 15 15 11 10 10 10 5 5 3 3 3 2 2 2 2 2 2 2 12 14 14 18 23 23 21 21 24 22 22 18 23 23 19 19 51 48 48 180
 14 14 15 14 14 9 8 8 11 11 11 11 11 10 3 3 2 2 3 4 4 4 4 4 4 4 4 2 2 8 16 16 18 18 17 14 14 11 12 12 13 13 24 21 21 17
 14 14 15 14 14 9 8 8 11 11 11 11 11 10 3 3 2 2 3 4 4 4 4 4 4 4 4 2 2 8 16 16 18 18 17 14 14 11 12 12 13 13 24 21 21 17
 25 25 21 20 20 10 12 12 10 10 12 13 13 10 4 4 3 3 3 3 3 2 2 2 2 2 4 2 2 6 10 10 11 11 15 10 10 8 8 8 8 8 21 24 24 14
 25 25 21 20 20 10 12 12 10 10 12 13 13 10 4 4 3 3 3 3 3 2 2 2 2 2 4 2 2 6 10 10 11 11 15 10 10 8 8 8 8 8 21 24 24 14
 28 28 27 25 25 20 19 19 11 11 12 13 13 8 5 5 4 4 5 5 5 3 1 1 1 1 3 3 3 1 4 4 5 5 10 11 11 8 5 5 6 6 2 6 6 8
 25 25 28 30 30 24 21 21 13 13 13 13 13 11 11 11 10 10 6 5 5 4 3 3 1 1 1 3 3 2 1 1 4 4 4 5 5 10 9 9 3 3 2 2 2 4
 25 25 28 30 30 24 21 21 13 13 13 13 13 11 11 11 10 10 6 5 5 4 3 3 1 1 1 3 3 2 1 1 4 4 4 5 5 10 9 9 3 3 2 2 2 4
 26 26 25 34 34 30 17 17 11 11 12 15 15 16 13 13 8 8 8 6 6 3 3 3 2 2 2 2 2 2 0 0 6 6 5 5 5 5 9 9 9 9 6 6 6 6
 30 30 28 42 42 36 20 20 11 11 12 17 17 14 16 16 9 9 7 7 7 4 6 6 4 4 2 2 2 0 0 0 1 1 3 3 3 3 4 4 3 3 8 4 4 3
