assets/RAT_results/precipitation/2018-07-15_IMERG.asc
ncols        46
nrows        77
xllcorner    74.800261325624
yllcorner    8.058333333333
cellsize     0.062500000000
NODATA_value -9999
 3 3 4 3 3 2 13 13 5 5 2 2 2 6 6 6 3 3 1 1 1 2 0 0 0 0 2 0 0 0 0 0 0 0 0 0 0 0 0 0 0 0 0 0 0 0
 3 3 4 5 5 4 7 7 2 2 4 4 4 1 2 2 2 2 0 0 0 1 0 0 1 1 2 1 1 0 0 0 0 0 0 0 0 0 0 0 0 0 0 0 0 0
 3 3 4 5 5 4 7 7 2 2 4 4 4 1 2 2 2 2 0 0 0 1 0 0 1 1 2 1 1 0 0 0 0 0 0 0 0 0 0 0 0 0 0 0 0 0
 3 3 16 27 27 24 4 4 4 4 7 2 2 1 3 3 3 3 2 0 0 1 4 4 0 0 1 0 0 0 0 0 0 0 0 0 0 0 0 0 0 0 0 0 0 0
 6 6 27 34 34 17 14 14 11 11 6 4 4 2 2 2 4 4 3 2 2 3 0 0 0 0 0 0 0 4 0 0 0 0 0 0 0 0 0 0 0 0 0 0 0 0
 6 6 27 34 34 17 14 14 11 11 6 4 4 2 2 2 4 4 3 2 2 3 0 0 0 0 0 0 0 4 0 0 0 0 0 0 0 0 0 0 0 0 0 0 0 0
 5 5 4 10 10 8 17 17 11 11 10 7 7 7 5 5 3 3 5 1 1 0 2 2 0 0 0 0 0 0 7 7 0 0 0 0 0 0 0 0 0 0 0 0 0 0
 5 5 4 10 10 8 17 17 11 11 10 7 7 7 5 5 3 3 5 1 1 0 2 2 0 0 0 0 0 0 7 7 0 0 0 0 0 0 0 0 0 0 0 0 0 0
 11 11 10 13 13 6 13 13 5 5 8 11 11 10 5 5 1 1 0 0 0 0 0 0 1 1 0 0 0 0 0 0 0 0 0 0 0 2 0 0 0 0 0 0 0 0
 6 6 13 23 23 19 16 16 8 8 9 14 14 7 5 5 3 3 1 0 0 1 0 0 0 0 0 0 0 0 0 0 0 0 0 0 0 0 0 0 0 0 0 0 0 0
 6 6 13 23 23 19 16 16 8 8 9 14 14 7 5 5 3 3 1 0 0 1 0 0 0 0 0 0 0 0 0 0 0 0 0 0 0 0 0 0 0 0 0 0 0 0
 6 6 10 15 15 16 58 58 14 14 16 9 9 7 7 7 4 4 3 5 5 2 1 1 0 0 0 0 0 0 0 0 0 0 0 0 0 0 0 0 0 0 0 0 0 0
 3 3 11 17 17 22 19 19 10 10 11 7 7 0 2 2 1 1 4 6 6 2 1 1 1 1 2 0 0 0 0 0 0 0 0 0 0 0 0 0 0 0 0 0 0 0
 3 3 11 17 17 22 19 19 10 10 11 7 7 0 2 2 1 1 4 6 6 2 1 1 1 1 2 0 0 0 0 0 0 0 0 0 0 0 0 0 0 0 0 0 0 0
 2 2 11 18 18 17 14 14 20 20 13 6 6 8 4 4 1 1 2 2 2 4 3 3 1 1 1 1 1 0 0 0 0 0 0 0 0 0 0 0 0 0 0 0 0 0
 2 2 11 18 18 17 14 14 20 20 13 6 6 8 4 4 1 1 2 2 2 4 3 3 1 1 1 1 1 0 0 0 0 0 0 0 0 0 0 0 0 0 0 0 0 0
 2 2 7 14 14 13 8 8 10 10 8 4 4 11 6 6 8 8 3 2 2 7 3 3 6 6 1 1 1 1 0 0 0 0 0 0 0 0 0 0 0 0 0 0 0 0
 7 7 7 7 7 13 13 13 9 9 8 8 8 10 7 7 9 9 5 7 7 7 7 7 5 5 3 1 1 1 1 1 0 0 0 0 0 1 0 0 0 0 0 0 0 0
 7 7 7 7 7 13 13 13 9 9 8 8 8 10 7 7 9 9 5 7 7 7 7 7 5 5 3 1 1 1 1 1 0 0 0 0 0 1 0 0 0 0 0 0 0 0
 3 3 6 5 5 8 3 3 9 9 4 9 9 14 16 16 9 9 9 7 7 9 9 9 9 9 9 3 3 1 1 1 0 0 1 0 0 0 0 0 0 0 0 0 0 0
 2 2 6 3 3 4 3 3 10 10 6 9 9 6 12 12 14 14 6 9 9 14 14 14 9 9 10 3 3 1 2 2 0 0 0 0 0 1 0 0 1 1 0 0 0 0
 2 2 6 3 3 4 3 3 10 10 6 9 9 6 12 12 14 14 6 9 9 14 14 14 9 9 10 3 3 1 2 2 0 0 0 0 0 1 0 0 1 1 0 0 0 0
 3 3 4 5 5 3 14 14 5 5 9 14 14 8 8 8 11 11 9 8 8 14 20 20 21 21 16 9 9 6 2 2 0 0 1 1 1 2 1 1 0 0 0 0 0 0
 3 3 4 5 5 3 14 14 5 5 9 14 14 8 8 8 11 11 9 8 8 14 20 20 21 21 16 9 9 6 2 2 0 0 1 1 1 2 1 1 0 0 0 0 0 0
 3 3 6 3 3 3 12 12 7 7 13 6 6 7 8 8 16 16 14 9 9 11 15 15 17 17 14 16 16 19 3 3 1 1 0 2 2 1 3 3 1 1 0 0 0 0
 4 4 4 3 3 21 3 3 5 5 11 10 10 14 10 10 8 8 4 5 5 10 11 11 13 13 22 23 23 22 9 9 5 5 3 3 3 2 2 2 2 2 0 0 0 0
 4 4 4 3 3 21 3 3 5 5 11 10 10 14 10 10 8 8 4 5 5 10 11 11 13 13 22 23 23 22 9 9 5 5 3 3 3 2 2 2 2 2 0 0 0 0
 6 6 8 7 7 10 5 5 8 8 11 17 17 8 8 8 10 10 6 6 6 8 9 9 13 13 22 24 24 15 9 9 7 7 1 3 3 1 0 0 1 1 1 1 1 0
 15 15 12 20 20 8 6 6 13 13 9 6 6 6 5 5 12 12 8 9 9 9 9 9 16 16 22 23 23 13 9 9 8 8 3 1 1 1 1 1 2 2 2 2 2 0
 15 15 12 20 20 8 6 6 13 13 9 6 6 6 5 5 12 12 8 9 9 9 9 9 16 16 22 23 23 13 9 9 8 8 3 1 1 1 1 1 2 2 2 2 2 0
 12 12 11 12 12 9 10 10 7 7 5 5 5 9 9 9 13 13 12 14 14 10 12 12 20 20 19 19 19 12 11 11 11 11 6 6 6 3 4 4 3 3 3 0 0 0
 12 12 11 12 12 9 10 10 7 7 5 5 5 9 9 9 13 13 12 14 14 10 12 12 20 20 19 19 19 12 11 11 11 11 6 6 6 3 4 4 3 3 3 0 0 0
 13 13 8 13 13 12 12 12 11 11 11 24 24 8 19 19 19 19 17 13 13 16 22 22 27 27 22 14 14 13 13 13 12 12 7 8 8 6 8 8 5 5 5 1 1 0
 14 14 13 16 16 14 15 15 19 19 14 8 8 8 21 21 14 14 29 16 16 18 26 26 28 28 25 19 19 16 14 14 17 17 7 8 8 7 7 7 6 6 7 5 5 2
 14 14 13 16 16 14 15 15 19 19 14 8 8 8 21 21 14 14 29 16 16 18 26 26 28 28 25 19 19 16 14 14 17 17 7 8 8 7 7 7 6 6 7 5 5 2
 17 17 15 16 16 23 18 18 32 32 21 12 12 14 26 26 26 26 27 25 25 24 20 20 23 23 30 26 26 20 16 16 20 20 12 11 11 12 8 8 8 8 10 8 8 4
 23 23 37 20 20 26 23 23 30 30 29 20 20 30 50 50 29 29 29 30 30 33 29 29 20 20 30 25 25 27 21 21 16 16 13 13 13 13 8 8 10 10 13 8 8 8
 23 23 37 20 20 26 23 23 30 30 29 20 20 30 50 50 29 29 29 30 30 33 29 29 20 20 30 25 25 27 21 21 16 16 13 13 13 13 8 8 10 10 13 8 8 8
 25 25 31 23 23 30 40 40 31 31 46 31 31 34 53 53 38 38 40 33 33 31 39 39 39 39 41 37 37 35 37 37 22 22 20 19 19 25 16 16 19 19 36 13 13 7
 25 25 31 23 23 30 40 40 31 31 46 31 31 34 53 53 38 38 40 33 33 31 39 39 39 39 41 37 37 35 37 37 22 22 20 19 19 25 16 16 19 19 36 13 13 7
 43 43 29 32 32 36 51 51 55 55 52 55 55 46 50 50 47 47 41 44 44 50 42 42 55 55 55 32 32 43 41 41 43 43 33 25 25 21 21 21 28 28 31 54 54 11
 76 76 37 40 40 42 62 62 70 70 59 64 64 63 54 54 58 58 51 52 52 61 58 58 51 51 56 46 46 50 49 49 51 51 43 46 46 32 25 25 32 32 33 25 25 14
 76 76 37 40 40 42 62 62 70 70 59 64 64 63 54 54 58 58 51 52 52 61 58 58 51 51 56 46 46 50 49 49 51 51 43 46 46 32 25 25 32 32 33 25 25 14
 58 58 61 57 57 52 60 60 66 66 65 55 55 71 59 59 65 65 60 56 56 79 71 71 77 77 56 51 51 63 59 59 63 63 77 49 49 33 27 27 32 32 33 32 32 18
 61 61 59 62 62 50 53 53 66 66 59 59 59 54 63 63 65 65 63 66 66 61 63 63 74 74 55 69 69 68 74 74 72 72 62 53 53 40 34 34 34 34 37 35 35 28
 61 61 59 62 62 50 53 53 66 66 59 59 59 54 63 63 65 65 63 66 66 61 63 63 74 74 55 69 69 68 74 74 72 72 62 53 53 40 34 34 34 34 37 35 35 28
 65 65 55 65 65 59 62 62 58 58 79 61 61 63 60 60 98 98 55 54 54 78 90 90 74 74 71 70 70 65 73 73 78 78 76 56 56 45 45 45 39 39 37 31 31 26
 65 65 55 65 65 59 62 62 58 58 79 61 61 63 60 60 98 98 55 54 54 78 90 90 74 74 71 70 70 65 73 73 78 78 76 56 56 45 45 45 39 39 37 31 31 26
 67 67 92 59 59 51 59 59 68 68 69 60 60 62 54 54 56 56 53 68 68 69 77 77 84 84 75 79 79 90 86 86 81 81 82 54 54 50 43 43 42 42 37 30 30 15
 93 93 99 57 57 57 65 65 63 63 75 66 66 75 98 98 71 71 60 87 87 72 68 68 81 81 91 124 124 96 105 105 112 112 98 70 70 60 40 40 40 40 40 32 32 29
 93 93 99 57 57 57 65 65 63 63 75 66 66 75 98 98 71 71 60 87 87 72 68 68 81 81 91 124 124 96 105 105 112 112 98 70 70 60 40 40 40 40 40 32 32 29
 76 76 86 78 78 78 76 76 77 77 80 69 69 66 64 64 74 74 60 58 58 89 64 64 68 68 89 92 92 112 91 91 86 86 85 51 51 47 45 45 43 43 40 39 39 25
 72 72 91 95 95 99 94 94 84 84 88 67 67 65 82 82 56 56 59 48 48 80 88 88 71 71 92 76 76 76 90 90 83 83 70 45 45 42 41 41 32 32 26 28 28 29
 72 72 91 95 95 99 94 94 84 84 88 67 67 65 82 82 56 56 59 48 48 80 88 88 71 71 92 76 76 76 90 90 83 83 70 45 45 42 41 41 32 32 26 28 28 29
 55 55 73 97 97 105 98 98 98 98 127 66 66 61 67 67 78 78 54 49 49 91 61 61 65 65 71 73 73 80 89 89 87 87 65 48 48 48 27 27 17 17 15 19 19 18
 55 55 73 97 97 105 98 98 98 98 127 66 66 61 67 67 78 78 54 49 49 91 61 61 65 65 71 73 73 80 89 89 87 87 65 48 48 48 27 27 17 17 15 19 19 18
 63 63 77 84 84 101 88 88 94 94 87 61 61 93 70 70 35 35 53 90 90 93 73 73 63 63 62 61 61 77 81 81 94 94 65 50 50 44 24 24 17 17 12 13 13 14
 57 57 67 99 99 121 151 151 109 109 116 73 73 74 76 76 85 85 51 82 82 102 70 70 68 68 69 81 81 81 85 85 69 69 45 51 51 36 24 24 19 19 13 16 16 7
 57 57 67 99 99 121 151 151 109 109 116 73 73 74 76 76 85 85 51 82 82 102 70 70 68 68 69 81 81 81 85 85 69 69 45 51 51 36 24 24 19 19 13 16 16 7
 69 69 73 83 83 124 142 142 134 134 122 99 99 72 77 77 78 78 92 83 83 83 81 81 67 67 61 97 97 71 68 68 67 67 44 36 36 30 17 17 22 22 15 11 11 16
 80 80 88 76 76 162 102 102 115 115 132 82 82 75 82 82 72 72 71 86 86 62 57 57 67 67 69 84 84 72 84 84 66 66 45 36 36 27 15 15 15 15 18 16 16 12
 80 80 88 76 76 162 102 102 115 115 132 82 82 75 82 82 72 72 71 86 86 62 57 57 67 67 69 84 84 72 84 84 66 66 45 36 36 27 15 15 15 15 18 16 16 12
 95 95 99 108 108 104 74 74 84 84 77 63 63 64 84 84 81 81 84 65 65 93 56 56 63 63 53 89 89 68 72 72 56 56 59 35 35 35 12 12 13 13 15 17 17 12
 95 95 99 108 108 104 74 74 84 84 77 63 63 64 84 84 81 81 84 65 65 93 56 56 63 63 53 89 89 68 72 72 56 56 59 35 35 35 12 12 13 13 15 17 17 12
 63 63 81 65 65 94 55 55 78 78 60 62 62 51 58 58 72 72 67 53 53 87 56 56 48 48 47 57 57 65 69 69 57 57 53 38 38 25 22 22 17 17 18 16 16 11
 66 66 59 65 65 58 50 50 47 47 39 48 48 50 54 54 73 73 64 50 50 29 32 32 47 47 39 41 41 47 44 44 46 46 45 37 37 23 21 21 20 20 19 18 18 13
 66 66 59 65 65 58 50 50 47 47 39 48 48 50 54 54 73 73 64 50 50 29 32 32 47 47 39 41 41 47 44 44 46 46 45 37 37 23 21 21 20 20 19 18 18 13
 73 73 58 57 57 41 39 39 35 35 48 48 48 38 38 38 60 60 71 58 58 45 32 32 30 30 34 31 31 32 31 31 45 45 39 24 24 21 18 18 17 17 16 10 10 10
 74 74 66 43 43 38 34 34 32 32 41 39 39 42 61 61 61 61 92 67 67 59 90 90 38 38 26 32 32 34 39 39 27 27 19 14 14 16 17 17 15 15 16 11 11 11
 74 74 66 43 43 38 34 34 32 32 41 39 39 42 61 61 61 61 92 67 67 59 90 90 38 38 26 32 32 34 39 39 27 27 19 14 14 16 17 17 15 15 16 11 11 11
 40 40 43 37 37 38 32 32 33 33 36 42 42 31 33 33 46 46 61 44 44 34 37 37 40 40 20 21 21 28 35 35 46 46 34 25 25 19 16 16 11 11 12 13 13 14
 40 40 43 37 37 38 32 32 33 33 36 42 42 31 33 33 46 46 61 44 44 34 37 37 40 40 20 21 21 28 35 35 46 46 34 25 25 19 16 16 11 11 12 13 13 14
 31 31 29 31 31 28 30 30 36 36 44 50 50 55 53 53 57 57 59 45 45 39 43 43 37 37 20 21 21 29 30 30 44 44 36 19 19 22 19 19 9 9 10 10 10 9
 19 19 19 26 26 23 26 26 34 34 43 51 51 45 55 55 54 54 50 41 41 33 39 39 19 19 16 17 17 17 15 15 14 14 12 17 17 9 7 7 6 6 6 10 10 10
 19 19 19 26 26 23 26 26 34 34 43 51 51 45 55 55 54 54 50 41 41 33 39 39 19 19 16 17 17 17 15 15 14 14 12 17 17 9 7 7 6 6 6 10 10 10
 24 24 25 21 21 20 21 21 31 31 45 59 59 56 45 45 78 78 47 39 39 25 25 25 16 16 15 23 23 15 16 16 11 11 6 9 9 7 6 6 5 5 5 4 4 6
 18 18 17 16 16 17 24 24 26 26 34 51 51 53 82 82 31 31 41 49 49 36 18 18 14 14 17 16 16 15 7 7 9 9 4 11 11 3 7 7 5 5 5 4 4 4
