assets/RAT_results/precipitation/2018-06-08_IMERG.asc
ncols        46
nrows        77
xllcorner    74.800261325624
yllcorner    8.058333333333
cellsize     0.062500000000
NODATA_value -9999
 40 40 41 39 39 34 30 30 31 31 26 25 25 23 20 20 20 20 17 20 20 13 12 12 10 10 7 6 6 4 5 5 6 6 7 3 3 3 1 1 1 1 1 2 2 4
 31 31 39 31 31 31 30 30 27 27 26 25 25 26 25 25 26 26 21 20 20 20 13 13 8 8 5 6 6 4 4 4 6 6 6 7 7 3 1 1 1 1 1 2 2 7
 31 31 39 31 31 31 30 30 27 27 26 25 25 26 25 25 26 26 21 20 20 20 13 13 8 8 5 6 6 4 4 4 6 6 6 7 7 3 1 1 1 1 1 2 2 7
 35 35 49 38 38 32 29 29 25 25 43 30 30 21 27 27 31 31 21 14 14 23 11 11 9 9 5 4 4 3 4 4 6 6 3 4 4 2 1 1 2 2 1 1 1 6
 27 27 45 29 29 33 50 50 32 32 43 33 33 36 27 27 30 30 19 11 11 10 6 6 5 5 5 5 5 6 4 4 6 6 3 5 5 2 2 2 1 1 1 2 2 2
 27 27 45 29 29 33 50 50 32 32 43 33 33 36 27 27 30 30 19 11 11 10 6 6 5 5 5 5 5 6 4 4 6 6 3 5 5 2 2 2 1 1 1 2 2 2
 30 30 35 38 38 33 50 50 28 28 36 41 41 38 27 27 18 18 13 13 13 11 6 6 6 6 5 4 4 4 5 5 6 6 8 3 3 2 2 2 1 1 1 1 1 1
 30 30 35 38 38 33 50 50 28 28 36 41 41 38 27 27 18 18 13 13 13 11 6 6 6 6 5 4 4 4 5 5 6 6 8 3 3 2 2 2 1 1 1 1 1 1
 30 30 33 32 32 29 57 57 67 67 52 43 43 65 49 49 18 18 11 11 11 15 10 10 8 8 7 5 5 4 4 4 4 4 3 5 5 2 1 1 2 2 1 1 1 1
 17 17 21 31 31 29 32 32 31 31 57 27 27 28 26 26 17 17 16 12 12 11 12 12 9 9 9 9 9 6 4 4 6 6 3 3 3 3 2 2 1 1 1 0 0 0
 17 17 21 31 31 29 32 32 31 31 57 27 27 28 26 26 17 17 16 12 12 11 12 12 9 9 9 9 9 6 4 4 6 6 3 3 3 3 2 2 1 1 1 0 0 0
 22 22 30 27 27 28 22 22 36 36 28 53 53 30 21 21 13 13 9 15 15 13 16 16 11 11 11 10 10 6 3 3 3 3 3 2 2 2 1 1 1 1 1 0 0 0
 12 12 16 16 16 19 20 20 17 17 27 23 23 18 10 10 11 11 8 13 13 15 15 15 10 10 8 5 5 4 3 3 4 4 2 1 1 1 1 1 3 3 1 0 0 0
 12 12 16 16 16 19 20 20 17 17 27 23 23 18 10 10 11 11 8 13 13 15 15 15 10 10 8 5 5 4 3 3 4 4 2 1 1 1 1 1 3 3 1 0 0 0
 12 12 11 16 16 21 17 17 22 22 23 19 19 15 7 7 12 12 11 16 16 17 14 14 10 10 5 5 5 3 5 5 3 3 2 1 1 1 1 1 2 2 2 0 0 0
 12 12 11 16 16 21 17 17 22 22 23 19 19 15 7 7 12 12 11 16 16 17 14 14 10 10 5 5 5 3 5 5 3 3 2 1 1 1 1 1 2 2 2 0 0 0
 13 13 17 15 15 22 16 16 22 22 15 22 22 18 18 18 13 13 13 14 14 20 14 14 12 12 8 6 6 4 2 2 2 2 2 1 1 1 3 3 2 2 1 1 1 0
 17 17 25 22 22 27 21 21 23 23 27 31 31 23 16 16 15 15 13 17 17 19 14 14 11 11 6 3 3 3 2 2 2 2 13 1 1 2 1 1 1 1 0 1 1 0
 17 17 25 22 22 27 21 21 23 23 27 31 31 23 16 16 15 15 13 17 17 19 14 14 11 11 6 3 3 3 2 2 2 2 13 1 1 2 1 1 1 1 0 1 1 0
 22 22 25 23 23 15 11 11 15 15 20 33 33 21 18 18 16 16 15 15 15 15 13 13 8 8 6 4 4 3 1 1 1 1 0 1 1 0 1 1 1 1 0 0 0 0
 23 23 25 21 21 8 8 8 18 18 16 21 21 19 24 24 13 13 15 14 14 16 13 13 10 10 6 4 4 2 1 1 0 0 0 0 0 0 1 1 1 1 0 0 0 0
 23 23 25 21 21 8 8 8 18 18 16 21 21 19 24 24 13 13 15 14 14 16 13 13 10 10 6 4 4 2 1 1 0 0 0 0 0 0 1 1 1 1 0 0 0 0
 15 15 14 16 16 6 6 6 11 11 12 16 16 26 18 18 28 28 19 15 15 13 13 13 10 10 5 3 3 2 2 2 1 1 1 1 1 1 1 1 0 0 0 0 0 0
 15 15 14 16 16 6 6 6 11 11 12 16 16 26 18 18 28 28 19 15 15 13 13 13 10 10 5 3 3 2 2 2 1 1 1 1 1 1 1 1 0 0 0 0 0 0
 17 17 11 8 8 5 5 5 7 7 13 11 11 25 30 30 32 32 47 13 13 15 8 8 7 7 6 7 7 2 2 2 1 1 1 0 0 0 0 0 1 1 0 0 0 0
 13 13 7 5 5 5 10 10 7 7 9 24 24 25 23 23 28 28 39 15 15 14 9 9 8 8 5 2 2 1 1 1 0 0 0 0 0 0 0 0 0 0 0 0 0 0
 13 13 7 5 5 5 10 10 7 7 9 24 24 25 23 23 28 28 39 15 15 14 9 9 8 8 5 2 2 1 1 1 0 0 0 0 0 0 0 0 0 0 0 0 0 0
 9 9 11 6 6 5 12 12 8 8 11 17 17 11 17 17 16 16 25 29 29 11 7 7 15 15 5 1 1 1 0 0 0 0 0 0 0 0 0 0 0 0 0 0 0 0
 7 7 10 8 8 5 6 6 7 7 3 4 4 9 11 11 13 13 15 15 15 11 5 5 5 5 2 1 1 0 1 1 1 1 0 0 0 0 0 0 0 0 0 0 0 0
 7 7 10 8 8 5 6 6 7 7 3 4 4 9 11 11 13 13 15 15 15 11 5 5 5 5 2 1 1 0 1 1 1 1 0 0 0 0 0 0 0 0 0 0 0 0
 5 5 5 6 6 6 4 4 3 3 2 2 2 5 8 8 14 14 15 21 21 9 4 4 4 4 7 2 2 0 0 0 1 1 1 0 0 1 1 1 1 1 0 0 0 0
 5 5 5 6 6 6 4 4 3 3 2 2 2 5 8 8 14 14 15 21 21 9 4 4 4 4 7 2 2 0 0 0 1 1 1 0 0 1 1 1 1 1 0 0 0 0
 4 4 4 3 3 3 2 2 3 3 4 5 5 11 5 5 10 10 10 11 11 11 7 7 12 12 2 1 1 1 1 1 1 1 3 2 2 2 0 0 0 0 0 0 0 0
 2 2 2 2 2 2 2 2 2 2 2 3 3 13 8 8 9 9 8 6 6 4 27 27 12 12 8 2 2 4 0 0 1 1 2 1 1 1 0 0 0 0 0 0 0 0
 2 2 2 2 2 2 2 2 2 2 2 3 3 13 8 8 9 9 8 6 6 4 27 27 12 12 8 2 2 4 0 0 1 1 2 1 1 1 0 0 0 0 0 0 0 0
 2 2 2 2 2 2 1 1 2 2 2 6 6 18 3 3 4 4 5 8 8 9 15 15 13 13 5 1 1 4 3 3 2 2 1 2 2 1 0 0 0 0 1 0 0 0
 2 2 1 2 2 1 1 1 1 1 5 11 11 7 1 1 2 2 2 10 10 6 9 9 7 7 8 7 7 3 4 4 5 5 2 1 1 1 1 1 1 1 1 0 0 0
 2 2 1 2 2 1 1 1 1 1 5 11 11 7 1 1 2 2 2 10 10 6 9 9 7 7 8 7 7 3 4 4 5 5 2 1 1 1 1 1 1 1 1 0 0 0
 1 1 1 1 1 1 1 1 2 2 9 7 7 2 1 1 2 2 2 5 5 13 17 17 6 6 4 4 4 6 5 5 5 5 2 2 2 4 2 2 2 2 1 1 1 0
 1 1 1 1 1 1 1 1 2 2 9 7 7 2 1 1 2 2 2 5 5 13 17 17 6 6 4 4 4 6 5 5 5 5 2 2 2 4 2 2 2 2 1 1 1 0
 1 1 1 1 1 0 1 1 4 4 9 5 5 2 0 0 1 1 1 4 4 5 6 6 5 5 7 7 7 7 5 5 4 4 2 5 5 7 4 4 2 2 1 1 1 0
 0 0 0 0 0 0 1 1 5 5 6 1 1 0 0 0 1 1 2 3 3 22 11 11 9 9 6 8 8 7 4 4 4 4 3 6 6 3 3 3 2 2 2 2 2 1
 0 0 0 0 0 0 1 1 5 5 6 1 1 0 0 0 1 1 2 3 3 22 11 11 9 9 6 8 8 7 4 4 4 4 3 6 6 3 3 3 2 2 2 2 2 1
 0 0 0 1 1 2 2 2 1 1 2 0 0 0 0 0 0 0 1 3 3 19 13 13 7 7 7 6 6 4 3 3 4 4 2 5 5 3 1 1 1 1 1 1 1 0
 1 1 0 5 5 5 2 2 1 1 0 0 0 0 0 0 0 0 1 5 5 7 5 5 5 5 4 3 3 2 4 4 3 3 5 3 3 3 1 1 0 0 0 0 0 0
 1 1 0 5 5 5 2 2 1 1 0 0 0 0 0 0 0 0 1 5 5 7 5 5 5 5 4 3 3 2 4 4 3 3 5 3 3 3 1 1 0 0 0 0 0 0
 0 0 0 5 5 5 0 0 1 1 0 0 0 0 0 0 1 1 2 1 1 1 1 1 4 4 4 3 3 3 6 6 3 3 2 2 2 2 1 1 0 0 0 1 1 0
 0 0 0 5 5 5 0 0 1 1 0 0 0 0 0 0 1 1 2 1 1 1 1 1 4 4 4 3 3 3 6 6 3 3 2 2 2 2 1 1 0 0 0 1 1 0
 0 0 0 1 1 1 0 0 1 1 0 0 0 0 1 1 1 1 5 1 1 1 1 1 2 2 3 2 2 5 2 2 2 2 3 1 1 0 0 0 0 0 0 0 0 0
 0 0 0 0 0 0 0 0 0 0 0 1 1 1 1 1 1 1 9 1 1 2 2 2 2 2 4 5 5 4 4 4 4 4 4 1 1 0 0 0 0 0 0 0 0 0
 0 0 0 0 0 0 0 0 0 0 0 1 1 1 1 1 1 1 9 1 1 2 2 2 2 2 4 5 5 4 4 4 4 4 4 1 1 0 0 0 0 0 0 0 0 0
 0 0 0 0 0 1 1 1 1 1 1 1 1 2 2 2 2 2 10 11 11 2 1 1 2 2 2 3 3 4 2 2 2 2 3 1 1 1 0 0 0 0 0 0 0 0
 0 0 0 0 0 1 1 1 1 1 1 1 1 2 2 2 4 4 9 9 9 1 1 1 2 2 3 2 2 4 8 8 6 6 5 1 1 0 0 0 1 1 1 1 1 0
 0 0 0 0 0 1 1 1 1 1 1 1 1 2 2 2 4 4 9 9 9 1 1 1 2 2 3 2 2 4 8 8 6 6 5 1 1 0 0 0 1 1 1 1 1 0
 0 0 0 1 1 1 1 1 1 1 1 2 2 1 2 2 3 3 5 7 7 4 2 2 3 3 5 4 4 3 9 9 4 4 1 3 3 1 1 1 1 1 0 0 0 0
 0 0 0 1 1 1 1 1 1 1 1 2 2 1 2 2 3 3 5 7 7 4 2 2 3 3 5 4 4 3 9 9 4 4 1 3 3 1 1 1 1 1 0 0 0 0
 0 0 0 1 1 1 1 1 1 1 1 2 2 1 3 3 4 4 3 7 7 11 2 2 4 4 7 4 4 4 4 4 15 15 5 2 2 3 0 0 0 0 0 0 0 0
 0 0 1 1 1 1 2 2 2 2 1 1 1 1 3 3 4 4 4 1 1 1 2 2 3 3 4 3 3 4 1 1 1 1 5 4 4 1 0 0 0 0 1 0 0 0
 0 0 1 1 1 1 2 2 2 2 1 1 1 1 3 3 4 4 4 1 1 1 2 2 3 3 4 3 3 4 1 1 1 1 5 4 4 1 0 0 0 0 1 0 0 0
 1 1 1 1 1 1 4 4 2 2 1 1 1 1 1 1 3 3 4 2 2 1 2 2 3 3 3 2 2 3 1 1 5 5 5 2 2 2 0 0 1 1 0 0 0 0
 0 0 1 1 1 3 2 2 2 2 1 3 3 2 1 1 1 1 1 1 1 1 1 1 3 3 5 6 6 11 19 19 24 24 12 3 3 1 0 0 0 0 0 0 0 0
 0 0 1 1 1 3 2 2 2 2 1 3 3 2 1 1 1 1 1 1 1 1 1 1 3 3 5 6 6 11 19 19 24 24 12 3 3 1 0 0 0 0 0 0 0 0
 1 1 1 1 1 2 1 1 1 1 1 2 2 1 1 1 1 1 1 2 2 1 1 1 2 2 3 3 3 7 5 5 9 9 9 4 4 3 1 1 1 1 0 0 0 0
 1 1 1 1 1 2 1 1 1 1 1 2 2 1 1 1 1 1 1 2 2 1 1 1 2 2 3 3 3 7 5 5 9 9 9 4 4 3 1 1 1 1 0 0 0 0
 0 0 1 1 1 1 1 1 1 1 3 2 2 2 2 2 2 2 1 2 2 1 2 2 3 3 4 4 4 6 5 5 3 3 1 1 1 1 1 1 1 1 0 0 0 0
 1 1 1 1 1 1 1 1 1 1 2 2 2 2 1 1 2 2 4 2 2 1 1 1 3 3 2 2 2 2 4 4 4 4 2 3 3 1 1 1 1 1 1 0 0 0
 1 1 1 1 1 1 1 1 1 1 2 2 2 2 1 1 2 2 4 2 2 1 1 1 3 3 2 2 2 2 4 4 4 4 2 3 3 1 1 1 1 1 1 0 0 0
 1 1 1 1 1 1 1 1 1 1 2 2 2 1 6 6 7 7 3 2 2 3 7 7 6 6 1 1 1 1 2 2 1 1 1 5 5 4 0 0 1 1 1 0 0 0
 1 1 2 2 2 2 2 2 2 2 3 3 3 2 2 2 7 7 3 2 2 3 8 8 9 9 2 1 1 2 2 2 1 1 1 0 0 0 0 0 1 1 1 1 1 0
 1 1 2 2 2 2 2 2 2 2 3 3 3 2 2 2 7 7 3 2 2 3 8 8 9 9 2 1 1 2 2 2 1 1 1 0 0 0 0 0 1 1 1 1 1 0
 2 2 4 4 4 3 2 2 3 3 3 2 2 1 1 1 1 1 1 1 1 3 8 8 8 8 3 2 2 2 2 2 2 2 2 3 3 2 2 2 0 0 0 0 0 0
 2 2 4 4 4 3 2 2 3 3 3 2 2 1 1 1 1 1 1 1 1 3 8 8 8 8 3 2 2 2 2 2 2 2 2 3 3 2 2 2 0 0 0 0 0 0
 4 4 6 8 8 7 5 5 4 4 3 3 3 2 1 1 1 1 1 2 2 3 3 3 2 2 3 2 2 2 3 3 4 4 5 3 3 4 5 5 1 1 2 0 0 0
 3 3 4 5 5 5 5 5 4 4 4 3 3 2 1 1 1 1 2 4 4 4 3 3 5 5 5 1 1 1 1 1 4 4 5 3 3 3 1 1 1 1 0 0 0 0
 3 3 4 5 5 5 5 5 4 4 4 3 3 2 1 1 1 1 2 4 4 4 3 3 5 5 5 1 1 1 1 1 4 4 5 3 3 3 1 1 1 1 0 0 0 0
 1 1 1 2 2 2 2 2 3 3 3 2 2 2 6 6 5 5 4 5 5 7 6 6 12 12 7 3 3 3 2 2 2 2 3 2 2 2 3 3 1 1 1 1 1 1
 1 1 1 1 1 1 1 1 1 1 1 1 1 1 2 2 4 4 2 2 2 7 9 9 17 17 11 11 11 3 3 3 7 7 3 2 2 2 1 1 1 1 2 0 0 0
