assets/RAT_results/precipitation/2018-11-03_IMERG.asc
ncols        46
nrows        77
xllcorner    74.800261325624
yllcorner    8.058333333333
cellsize     0.062500000000
NODATA_value -9999
 18 18 5 1 1 1 2 2 2 2 2 4 4 4 3 3 0 0 0 0 0 0 0 0 0 0 0 0 0 0 0 0 0 0 0 0 0 0 2 2 1 1 1 0 0 0
 24 24 14 5 5 6 2 2 1 1 1 2 2 2 0 0 0 0 0 0 0 0 0 0 0 0 0 0 0 0 1 1 0 0 0 0 0 1 3 3 1 1 5 3 3 1
 24 24 14 5 5 6 2 2 1 1 1 2 2 2 0 0 0 0 0 0 0 0 0 0 0 0 0 0 0 0 1 1 0 0 0 0 0 1 3 3 1 1 5 3 3 1
 4 4 2 8 8 7 2 2 2 2 1 1 1 1 1 1 1 1 1 0 0 0 0 0 0 0 0 0 0 1 2 2 1 1 0 0 0 1 3 3 0 0 4 4 4 3
 9 9 14 8 8 2 2 2 3 3 0 0 0 1 1 1 0 0 0 0 0 1 0 0 0 0 0 0 0 0 1 1 1 1 0 0 0 5 6 6 2 2 3 1 1 2
 9 9 14 8 8 2 2 2 3 3 0 0 0 1 1 1 0 0 0 0 0 1 0 0 0 0 0 0 0 0 1 1 1 1 0 0 0 5 6 6 2 2 3 1 1 2
 32 32 4 29 29 15 3 3 2 2 3 0 0 1 1 1 0 0 0 0 0 0 0 0 0 0 0 3 3 0 0 0 1 1 0 0 0 2 2 2 0 0 0 1 1 2
 32 32 4 29 29 15 3 3 2 2 3 0 0 1 1 1 0 0 0 0 0 0 0 0 0 0 0 3 3 0 0 0 1 1 0 0 0 2 2 2 0 0 0 1 1 2
 15 15 32 37 37 23 3 3 3 3 1 1 1 2 2 2 3 3 1 0 0 1 0 0 0 0 0 0 0 0 0 0 0 0 0 0 0 0 2 2 0 0 0 0 0 0
 7 7 45 90 90 18 3 3 2 2 1 2 2 2 2 2 1 1 1 3 3 1 1 1 1 1 0 0 0 0 0 0 0 0 0 0 0 0 0 0 0 0 0 1 1 0
 7 7 45 90 90 18 3 3 2 2 1 2 2 2 2 2 1 1 1 3 3 1 1 1 1 1 0 0 0 0 0 0 0 0 0 0 0 0 0 0 0 0 0 1 1 0
 29 29 77 45 45 18 20 20 4 4 1 1 1 2 2 2 4 4 2 7 7 1 1 1 1 1 0 0 0 0 0 0 0 0 0 0 0 0 0 0 0 0 2 1 1 1
 49 49 38 112 112 18 32 32 4 4 20 5 5 3 3 3 5 5 4 3 3 3 1 1 1 1 0 0 0 0 0 0 0 0 0 0 0 0 0 0 1 1 2 4 4 3
 49 49 38 112 112 18 32 32 4 4 20 5 5 3 3 3 5 5 4 3 3 3 1 1 1 1 0 0 0 0 0 0 0 0 0 0 0 0 0 0 1 1 2 4 4 3
 48 48 36 88 88 100 97 97 23 23 25 8 8 4 6 6 5 5 5 14 14 2 1 1 0 0 0 0 0 0 0 0 0 0 0 0 0 1 2 2 1 1 6 1 1 1
 48 48 36 88 88 100 97 97 23 23 25 8 8 4 6 6 5 5 5 14 14 2 1 1 0 0 0 0 0 0 0 0 0 0 0 0 0 1 2 2 1 1 6 1 1 1
 37 37 27 98 98 96 98 98 24 24 26 11 11 12 5 5 4 4 5 3 3 1 2 2 0 0 0 0 0 1 0 0 0 0 0 1 1 3 1 1 0 0 1 5 5 2
 27 27 17 29 29 16 37 37 21 21 29 16 16 14 11 11 7 7 4 6 6 5 1 1 1 1 0 0 0 1 0 0 2 2 4 1 1 1 1 1 2 2 2 3 3 4
 27 27 17 29 29 16 37 37 21 21 29 16 16 14 11 11 7 7 4 6 6 5 1 1 1 1 0 0 0 1 0 0 2 2 4 1 1 1 1 1 2 2 2 3 3 4
 70 70 34 20 20 17 7 7 11 11 15 13 13 19 15 15 15 15 10 13 13 6 3 3 1 1 1 1 1 0 4 4 1 1 2 1 1 0 0 0 2 2 2 2 2 2
 31 31 25 32 32 13 14 14 29 29 31 37 37 28 23 23 21 21 22 17 17 11 5 5 4 4 1 2 2 2 7 7 6 6 1 1 1 0 2 2 2 2 2 1 1 1
 31 31 25 32 32 13 14 14 29 29 31 37 37 28 23 23 21 21 22 17 17 11 5 5 4 4 1 2 2 2 7 7 6 6 1 1 1 0 2 2 2 2 2 1 1 1
 38 38 30 41 41 93 70 70 32 32 18 78 78 29 37 37 44 44 24 20 20 32 14 14 10 10 4 1 1 1 8 8 4 4 4 1 1 0 1 1 3 3 4 2 2 1
 38 38 30 41 41 93 70 70 32 32 18 78 78 29 37 37 44 44 24 20 20 32 14 14 10 10 4 1 1 1 8 8 4 4 4 1 1 0 1 1 3 3 4 2 2 1
 25 25 34 44 44 40 61 61 12 12 30 28 28 28 33 33 40 40 25 13 13 22 30 30 19 19 1 1 1 2 5 5 2 2 1 3 3 0 1 1 6 6 8 7 7 2
 25 25 37 66 66 37 62 62 12 12 30 30 30 16 19 19 30 30 26 6 6 15 5 5 4 4 0 1 1 1 1 1 1 1 0 0 0 0 0 0 8 8 7 3 3 3
 25 25 37 66 66 37 62 62 12 12 30 30 30 16 19 19 30 30 26 6 6 15 5 5 4 4 0 1 1 1 1 1 1 1 0 0 0 0 0 0 8 8 7 3 3 3
 25 25 30 26 26 28 26 26 10 10 8 6 6 17 10 10 25 25 11 7 7 3 3 3 3 3 1 1 1 1 1 1 2 2 0 0 0 0 0 0 9 9 2 1 1 0
 22 22 25 27 27 31 36 36 11 11 4 3 3 5 11 11 12 12 4 2 2 2 3 3 0 0 0 0 0 0 0 0 0 0 0 0 0 0 1 1 1 1 0 1 1 3
 22 22 25 27 27 31 36 36 11 11 4 3 3 5 11 11 12 12 4 2 2 2 3 3 0 0 0 0 0 0 0 0 0 0 0 0 0 0 1 1 1 1 0 1 1 3
 31 31 22 27 27 15 12 12 16 16 5 3 3 7 27 27 13 13 5 2 2 1 1 1 1 1 0 0 0 0 0 0 1 1 0 0 0 0 1 1 10 10 4 1 1 0
 31 31 22 27 27 15 12 12 16 16 5 3 3 7 27 27 13 13 5 2 2 1 1 1 1 1 0 0 0 0 0 0 1 1 0 0 0 0 1 1 10 10 4 1 1 0
 16 16 18 39 39 11 12 12 13 13 6 5 5 6 26 26 7 7 5 4 4 1 2 2 1 1 0 0 0 0 2 2 3 3 0 0 0 1 13 13 9 9 10 5 5 2
 9 9 21 18 18 8 6 6 8 8 5 6 6 6 9 9 9 9 8 8 8 4 3 3 2 2 2 1 1 0 0 0 0 0 0 4 4 3 7 7 6 6 10 3 3 3
 9 9 21 18 18 8 6 6 8 8 5 6 6 6 9 9 9 9 8 8 8 4 3 3 2 2 2 1 1 0 0 0 0 0 0 4 4 3 7 7 6 6 10 3 3 3
 13 13 21 17 17 5 4 4 9 9 6 9 9 7 7 7 9 9 11 12 12 10 10 10 6 6 11 4 4 2 0 0 0 0 4 4 4 1 3 3 1 1 1 3 3 4
 9 9 8 25 25 5 4 4 7 7 8 3 3 6 13 13 11 11 16 18 18 19 16 16 24 24 12 9 9 7 3 3 7 7 7 6 6 8 4 4 4 4 1 1 1 4
 9 9 8 25 25 5 4 4 7 7 8 3 3 6 13 13 11 11 16 18 18 19 16 16 24 24 12 9 9 7 3 3 7 7 7 6 6 8 4 4 4 4 1 1 1 4
 6 6 5 9 9 3 7 7 6 6 11 8 8 3 10 10 10 10 15 19 19 26 17 17 17 17 34 16 16 10 5 5 6 6 3 6 6 6 2 2 1 1 1 1 1 2
 6 6 5 9 9 3 7 7 6 6 11 8 8 3 10 10 10 10 15 19 19 26 17 17 17 17 34 16 16 10 5 5 6 6 3 6 6 6 2 2 1 1 1 1 1 2
 7 7 10 4 4 3 25 25 21 21 27 8 8 3 3 3 4 4 14 15 15 40 35 35 14 14 20 17 17 7 3 3 4 4 5 6 6 9 3 3 2 2 1 4 4 5
 5 5 4 2 2 4 18 18 20 20 22 8 8 2 2 2 4 4 6 13 13 24 55 55 20 20 27 4 4 3 1 1 2 2 4 3 3 8 4 4 3 3 5 5 5 4
 5 5 4 2 2 4 18 18 20 20 22 8 8 2 2 2 4 4 6 13 13 24 55 55 20 20 27 4 4 3 1 1 2 2 4 3 3 8 4 4 3 3 5 5 5 4
 3 3 4 2 2 5 11 11 20 20 27 9 9 3 5 5 3 3 5 11 11 13 17 17 28 28 10 5 5 3 1 1 0 0 1 3 3 9 9 9 6 6 5 9 9 8
 15 15 15 7 7 8 23 23 14 14 34 10 10 6 9 9 2 2 3 3 3 8 9 9 6 6 11 5 5 2 1 1 0 0 1 2 2 13 13 13 14 14 12 12 12 11
 15 15 15 7 7 8 23 23 14 14 34 10 10 6 9 9 2 2 3 3 3 8 9 9 6 6 11 5 5 2 1 1 0 0 1 2 2 13 13 13 14 14 12 12 12 11
 13 13 15 13 13 8 18 18 7 7 12 6 6 2 4 4 1 1 3 4 4 5 4 4 2 2 4 1 1 2 2 2 0 0 3 2 2 11 14 14 17 17 15 17 17 12
 13 13 15 13 13 8 18 18 7 7 12 6 6 2 4 4 1 1 3 4 4 5 4 4 2 2 4 1 1 2 2 2 0 0 3 2 2 11 14 14 17 17 15 17 17 12
 13 13 11 14 14 16 20 20 11 11 7 4 4 2 3 3 4 4 4 5 5 7 6 6 4 4 2 1 1 2 3 3 2 2 2 2 2 5 6 6 8 8 12 14 14 13
 2 2 3 5 5 10 15 15 8 8 4 4 4 1 10 10 0 0 2 3 3 8 7 7 5 5 6 5 5 4 6 6 1 1 2 1 1 3 3 3 6 6 11 10 10 11
 2 2 3 5 5 10 15 15 8 8 4 4 4 1 10 10 0 0 2 3 3 8 7 7 5 5 6 5 5 4 6 6 1 1 2 1 1 3 3 3 6 6 11 10 10 11
 6 6 5 8 8 2 3 3 5 5 4 3 3 4 4 4 3 3 5 0 0 3 7 7 7 7 7 3 3 4 7 7 6 6 1 2 2 2 2 2 4 4 14 13 13 11
 4 4 4 3 3 2 2 2 2 2 1 1 1 1 2 2 3 3 1 0 0 0 1 1 4 4 5 3 3 2 5 5 9 9 4 2 2 2 4 4 8 8 4 3 3 6
 4 4 4 3 3 2 2 2 2 2 1 1 1 1 2 2 3 3 1 0 0 0 1 1 4 4 5 3 3 2 5 5 9 9 4 2 2 2 4 4 8 8 4 3 3 6
 3 3 4 7 7 1 2 2 1 1 6 5 5 1 1 1 1 1 1 1 1 2 3 3 2 2 4 3 3 5 6 6 10 10 4 3 3 8 9 9 6 6 7 6 6 7
 3 3 4 7 7 1 2 2 1 1 6 5 5 1 1 1 1 1 1 1 1 2 3 3 2 2 4 3 3 5 6 6 10 10 4 3 3 8 9 9 6 6 7 6 6 7
 6 6 4 2 2 1 2 2 1 1 1 0 0 0 0 0 1 1 1 1 1 2 2 2 8 8 4 4 4 4 3 3 4 4 3 3 3 12 14 14 12 12 6 8 8 7
 7 7 6 3 3 1 1 1 1 1 1 0 0 0 2 2 0 0 0 0 0 1 1 1 3 3 3 4 4 3 3 3 5 5 4 5 5 14 15 15 18 18 10 8 8 16
 7 7 6 3 3 1 1 1 1 1 1 0 0 0 2 2 0 0 0 0 0 1 1 1 3 3 3 4 4 3 3 3 5 5 4 5 5 14 15 15 18 18 10 8 8 16
 10 10 6 2 2 1 1 1 2 2 3 4 4 1 0 0 3 3 2 1 1 0 1 1 3 3 6 7 7 4 4 4 5 5 4 6 6 17 14 14 16 16 10 11 11 8
 8 8 5 4 4 3 1 1 3 3 1 1 1 1 0 0 2 2 7 3 3 2 1 1 5 5 5 7 7 8 8 8 6 6 9 12 12 17 13 13 13 13 11 6 6 8
 8 8 5 4 4 3 1 1 3 3 1 1 1 1 0 0 2 2 7 3 3 2 1 1 5 5 5 7 7 8 8 8 6 6 9 12 12 17 13 13 13 13 11 6 6 8
 3 3 4 4 4 3 1 1 4 4 5 2 2 1 2 2 2 2 2 21 21 6 4 4 17 17 21 17 17 16 18 18 14 14 10 17 17 19 19 19 12 12 10 13 13 6
 3 3 4 4 4 3 1 1 4 4 5 2 2 1 2 2 2 2 2 21 21 6 4 4 17 17 21 17 17 16 18 18 14 14 10 17 17 19 19 19 12 12 10 13 13 6
 2 2 2 2 2 1 1 1 1 1 5 3 3 4 6 6 3 3 1 7 7 8 8 8 30 30 24 14 14 20 22 22 21 21 20 20 20 21 15 15 19 19 18 16 16 16
 4 4 2 2 2 2 2 2 4 4 5 6 6 8 8 8 2 2 3 6 6 10 14 14 24 24 24 25 25 26 25 25 34 34 26 36 36 39 36 36 39 39 45 66 66 93
 4 4 2 2 2 2 2 2 4 4 5 6 6 8 8 8 2 2 3 6 6 10 14 14 24 24 24 25 25 26 25 25 34 34 26 36 36 39 36 36 39 39 45 66 66 93
 6 6 16 2 2 11 6 6 6 6 9 9 9 9 6 6 4 4 6 8 8 13 19 19 21 21 20 18 18 22 26 26 24 24 29 47 47 61 31 31 38 38 41 50 50 63
 19 19 18 13 13 16 9 9 9 9 11 10 10 5 5 5 5 5 9 13 13 21 20 20 19 19 17 16 16 25 29 29 40 40 40 47 47 40 47 47 38 38 36 31 31 26
 19 19 18 13 13 16 9 9 9 9 11 10 10 5 5 5 5 5 9 13 13 21 20 20 19 19 17 16 16 25 29 29 40 40 40 47 47 40 47 47 38 38 36 31 31 26
 23 23 20 19 19 18 12 12 11 11 9 8 8 2 3 3 2 2 5 7 7 10 13 13 18 18 21 14 14 16 29 29 41 41 41 31 31 38 36 36 34 34 41 51 51 48
 23 23 20 19 19 18 12 12 11 11 9 8 8 2 3 3 2 2 5 7 7 10 13 13 18 18 21 14 14 16 29 29 41 41 41 31 31 38 36 36 34 34 41 51 51 48
 42 42 39 20 20 21 14 14 16 16 12 7 7 2 2 2 1 1 2 3 3 4 5 5 6 6 7 7 7 10 21 21 26 26 37 32 32 31 21 21 22 22 26 31 31 38
 58 58 67 26 26 26 16 16 19 19 10 7 7 7 3 3 3 3 3 5 5 3 2 2 3 3 4 7 7 9 12 12 25 25 32 22 22 27 25 25 28 28 40 42 42 38
 58 58 67 26 26 26 16 16 19 19 10 7 7 7 3 3 3 3 3 5 5 3 2 2 3 3 4 7 7 9 12 12 25 25 32 22 22 27 25 25 28 28 40 42 42 38
 54 54 67 62 62 39 39 39 14 14 13 7 7 6 6 6 6 6 4 5 5 4 7 7 4 4 6 8 8 11 16 16 29 29 26 24 24 26 26 26 27 27 37 41 41 40
 48 48 59 61 61 41 43 43 9 9 24 13 13 13 7 7 7 7 21 20 20 8 9 9 6 6 6 4 4 3 2 2 4 4 9 13 13 22 30 30 44 44 35 37 37 44
