assets/RAT_results/precipitation/2018-06-26_IMERG.asc
ncols        46
nrows        77
xllcorner    74.800261325624
yllcorner    8.058333333333
cellsize     0.062500000000
NODATA_value -9999
 39 39 44 26 26 25 17 17 18 18 11 15 15 10 10 10 6 6 6 4 4 2 1 1 1 1 1 1 1 0 0 0 0 0 0 0 0 0 0 0 0 0 0 0 0 0
 48 48 33 45 45 48 10 10 19 19 23 10 10 8 8 8 16 16 8 9 9 7 2 2 2 2 1 1 1 1 1 1 0 0 1 0 0 0 1 1 0 0 0 0 0 0
 48 48 33 45 45 48 10 10 19 19 23 10 10 8 8 8 16 16 8 9 9 7 2 2 2 2 1 1 1 1 1 1 0 0 1 0 0 0 1 1 0 0 0 0 0 0
 41 41 30 22 22 36 20 20 39 39 25 17 17 16 19 19 18 18 16 13 13 7 7 7 5 5 1 1 1 1 3 3 2 2 3 0 0 0 0 0 0 0 1 9 9 3
 32 32 28 35 35 50 31 31 35 35 29 16 16 26 23 23 24 24 13 10 10 7 6 6 7 7 8 2 2 2 3 3 1 1 1 0 0 2 6 6 4 4 4 32 32 6
 32 32 28 35 35 50 31 31 35 35 29 16 16 26 23 23 24 24 13 10 10 7 6 6 7 7 8 2 2 2 3 3 1 1 1 0 0 2 6 6 4 4 4 32 32 6
 43 43 25 51 51 40 41 41 37 37 52 43 43 39 48 48 28 28 19 18 18 7 5 5 12 12 7 2 2 1 1 1 3 3 0 2 2 18 8 8 6 6 19 13 13 37
 43 43 25 51 51 40 41 41 37 37 52 43 43 39 48 48 28 28 19 18 18 7 5 5 12 12 7 2 2 1 1 1 3 3 0 2 2 18 8 8 6 6 19 13 13 37
 12 12 13 26 26 39 34 34 28 28 40 45 45 62 49 49 40 40 25 13 13 7 6 6 3 3 1 1 1 0 0 0 0 0 0 1 1 1 5 5 4 4 3 5 5 13
 7 7 6 14 14 20 26 26 31 31 41 47 47 41 40 40 25 25 22 8 8 6 4 4 1 1 1 0 0 0 0 0 0 0 1 0 0 0 0 0 1 1 2 3 3 5
 7 7 6 14 14 20 26 26 31 31 41 47 47 41 40 40 25 25 22 8 8 6 4 4 1 1 1 0 0 0 0 0 0 0 1 0 0 0 0 0 1 1 2 3 3 5
 4 4 5 8 8 16 23 23 30 30 33 46 46 27 33 33 40 40 25 9 9 8 5 5 1 1 1 0 0 0 0 0 0 0 0 0 0 0 0 0 0 0 0 1 1 2
 2 2 8 11 11 13 16 16 17 17 33 24 24 28 43 43 47 47 27 13 13 9 6 6 1 1 0 1 1 0 0 0 3 3 0 0 0 0 0 0 0 0 0 0 0 0
 2 2 8 11 11 13 16 16 17 17 33 24 24 28 43 43 47 47 27 13 13 9 6 6 1 1 0 1 1 0 0 0 3 3 0 0 0 0 0 0 0 0 0 0 0 0
 2 2 6 13 13 13 18 18 14 14 10 9 9 16 25 25 27 27 22 11 11 10 5 5 2 2 3 2 2 0 0 0 0 0 1 0 0 1 1 1 1 1 1 0 0 0
 2 2 6 13 13 13 18 18 14 14 10 9 9 16 25 25 27 27 22 11 11 10 5 5 2 2 3 2 2 0 0 0 0 0 1 0 0 1 1 1 1 1 1 0 0 0
 3 3 3 6 6 11 11 11 13 13 11 7 7 10 13 13 11 11 8 7 7 7 1 1 1 1 2 1 1 1 1 1 1 1 1 1 1 2 2 2 2 2 2 1 1 1
 2 2 1 3 3 6 6 6 4 4 6 11 11 6 7 7 9 9 8 4 4 8 1 1 0 0 1 0 0 2 1 1 1 1 1 2 2 2 3 3 4 4 3 2 2 2
 2 2 1 3 3 6 6 6 4 4 6 11 11 6 7 7 9 9 8 4 4 8 1 1 0 0 1 0 0 2 1 1 1 1 1 2 2 2 3 3 4 4 3 2 2 2
 1 1 1 2 2 3 6 6 5 5 5 6 6 4 3 3 3 3 4 4 4 5 2 2 0 0 1 1 1 1 1 1 1 1 1 1 1 2 3 3 4 4 4 3 3 2
 0 0 1 1 1 2 3 3 4 4 2 9 9 2 3 3 4 4 2 2 2 5 4 4 1 1 2 1 1 1 1 1 1 1 1 1 1 1 2 2 3 3 3 3 3 3
 0 0 1 1 1 2 3 3 4 4 2 9 9 2 3 3 4 4 2 2 2 5 4 4 1 1 2 1 1 1 1 1 1 1 1 1 1 1 2 2 3 3 3 3 3 3
 0 0 1 1 1 1 1 1 1 1 1 2 2 4 2 2 6 6 0 1 1 3 5 5 1 1 3 3 3 2 2 2 2 2 2 2 2 2 2 2 2 2 2 3 3 4
 0 0 1 1 1 1 1 1 1 1 1 2 2 4 2 2 6 6 0 1 1 3 5 5 1 1 3 3 3 2 2 2 2 2 2 2 2 2 2 2 2 2 2 3 3 4
 1 1 0 1 1 1 1 1 1 1 1 3 3 2 2 2 1 1 1 1 1 1 2 2 1 1 1 2 2 2 2 2 1 1 1 1 1 1 1 1 1 1 3 3 3 3
 0 0 0 0 0 0 0 0 1 1 1 1 1 1 2 2 1 1 3 0 0 2 2 2 1 1 1 1 1 1 1 1 1 1 1 1 1 1 1 1 1 1 2 2 2 2
 0 0 0 0 0 0 0 0 1 1 1 1 1 1 2 2 1 1 3 0 0 2 2 2 1 1 1 1 1 1 1 1 1 1 1 1 1 1 1 1 1 1 2 2 2 2
 0 0 0 0 0 0 0 0 1 1 0 1 1 1 1 1 1 1 1 1 1 1 1 1 1 1 0 1 1 1 1 1 1 1 1 1 1 1 1 1 1 1 1 1 1 1
 0 0 0 0 0 2 4 4 1 1 1 1 1 0 1 1 1 1 1 1 1 0 0 0 0 0 1 1 1 0 0 0 0 0 1 1 1 1 1 1 1 1 2 2 2 2
 0 0 0 0 0 2 4 4 1 1 1 1 1 0 1 1 1 1 1 1 1 0 0 0 0 0 1 1 1 0 0 0 0 0 1 1 1 1 1 1 1 1 2 2 2 2
 0 0 0 1 1 4 6 6 1 1 1 1 1 1 1 1 1 1 1 1 1 1 1 1 2 2 2 2 2 2 1 1 0 0 1 1 1 1 1 1 2 2 3 3 3 3
 0 0 0 1 1 4 6 6 1 1 1 1 1 1 1 1 1 1 1 1 1 1 1 1 2 2 2 2 2 2 1 1 0 0 1 1 1 1 1 1 2 2 3 3 3 3
 0 0 0 1 1 2 1 1 4 4 1 3 3 3 1 1 1 1 2 3 3 4 5 5 5 5 7 4 4 4 1 1 1 1 1 2 2 2 2 2 2 2 3 3 3 3
 0 0 0 1 1 1 1 1 0 0 0 1 1 1 1 1 1 1 2 4 4 5 6 6 5 5 4 2 2 3 1 1 1 1 0 0 0 1 2 2 2 2 2 2 2 2
 0 0 0 1 1 1 1 1 0 0 0 1 1 1 1 1 1 1 2 4 4 5 6 6 5 5 4 2 2 3 1 1 1 1 0 0 0 1 2 2 2 2 2 2 2 2
 0 0 0 0 0 0 0 0 1 1 1 0 0 0 1 1 1 1 1 2 2 8 6 6 6 6 4 4 4 2 1 1 2 2 0 0 0 0 1 1 1 1 1 1 1 1
 0 0 0 0 0 0 1 1 1 1 2 1 1 0 0 0 0 0 0 1 1 1 1 1 2 2 1 1 1 0 0 0 1 1 0 0 0 0 0 0 0 0 0 0 0 0
 0 0 0 0 0 0 1 1 1 1 2 1 1 0 0 0 0 0 0 1 1 1 1 1 2 2 1 1 1 0 0 0 1 1 0 0 0 0 0 0 0 0 0 0 0 0
 0 0 0 0 0 1 1 1 1 1 1 1 1 0 0 0 0 0 1 1 1 3 1 1 2 2 0 0 0 0 0 0 1 1 0 0 0 0 0 0 0 0 0 0 0 0
 0 0 0 0 0 1 1 1 1 1 1 1 1 0 0 0 0 0 1 1 1 3 1 1 2 2 0 0 0 0 0 0 1 1 0 0 0 0 0 0 0 0 0 0 0 0
 0 0 0 0 0 0 0 0 0 0 0 0 0 0 0 0 1 1 1 1 1 1 1 1 1 1 0 0 0 0 0 0 0 0 0 0 0 0 0 0 0 0 0 0 0 0
 0 0 0 0 0 0 0 0 1 1 2 1 1 0 0 0 0 0 0 1 1 1 1 1 4 4 0 0 0 0 0 0 0 0 0 0 0 1 0 0 0 0 0 0 0 1
 0 0 0 0 0 0 0 0 1 1 2 1 1 0 0 0 0 0 0 1 1 1 1 1 4 4 0 0 0 0 0 0 0 0 0 0 0 1 0 0 0 0 0 0 0 1
 0 0 0 0 0 7 7 7 3 3 2 2 2 0 0 0 2 2 2 3 3 4 4 4 5 5 1 0 0 0 0 0 0 0 0 1 1 1 1 1 0 0 1 1 1 1
 0 0 0 1 1 7 8 8 2 2 1 1 1 0 0 0 2 2 3 5 5 6 6 6 8 8 3 2 2 0 0 0 0 0 0 1 1 1 0 0 1 1 0 0 0 0
 0 0 0 1 1 7 8 8 2 2 1 1 1 0 0 0 2 2 3 5 5 6 6 6 8 8 3 2 2 0 0 0 0 0 0 1 1 1 0 0 1 1 0 0 0 0
 0 0 0 3 3 4 6 6 4 4 3 3 3 1 1 1 2 2 3 5 5 5 5 5 6 6 4 2 2 1 1 1 0 0 0 0 0 0 1 1 0 0 0 0 0 0
 0 0 0 3 3 4 6 6 4 4 3 3 3 1 1 1 2 2 3 5 5 5 5 5 6 6 4 2 2 1 1 1 0 0 0 0 0 0 1 1 0 0 0 0 0 0
 0 0 0 0 0 2 5 5 6 6 6 3 3 2 2 2 6 6 11 23 23 28 33 33 41 41 31 23 23 2 1 1 0 0 0 0 0 0 0 0 0 0 0 0 0 0
 0 0 0 0 0 0 1 1 1 1 1 1 1 1 2 2 8 8 13 22 22 32 39 39 47 47 39 31 31 17 10 10 0 0 0 0 0 0 0 0 0 0 0 0 0 0
 0 0 0 0 0 0 1 1 1 1 1 1 1 1 2 2 8 8 13 22 22 32 39 39 47 47 39 31 31 17 10 10 0 0 0 0 0 0 0 0 0 0 0 0 0 0
 0 0 0 0 0 0 1 1 1 1 1 1 1 1 1 1 1 1 3 9 9 14 21 21 26 26 32 35 35 22 14 14 5 5 2 0 0 0 0 0 0 0 0 0 0 0
 0 0 0 1 1 1 1 1 1 1 1 1 1 1 1 1 1 1 1 2 2 3 6 6 7 7 9 9 9 9 8 8 4 4 4 2 2 2 1 1 0 0 0 0 0 0
 0 0 0 1 1 1 1 1 1 1 1 1 1 1 1 1 1 1 1 2 2 3 6 6 7 7 9 9 9 9 8 8 4 4 4 2 2 2 1 1 0 0 0 0 0 0
 0 0 0 0 0 0 0 0 1 1 1 3 3 4 5 5 3 3 3 3 3 3 6 6 9 9 26 15 15 15 10 10 8 8 5 4 4 3 2 2 0 0 0 0 0 0
 0 0 0 0 0 0 0 0 1 1 1 3 3 4 5 5 3 3 3 3 3 3 6 6 9 9 26 15 15 15 10 10 8 8 5 4 4 3 2 2 0 0 0 0 0 0
 0 0 0 1 1 1 0 0 0 0 1 1 1 1 2 2 3 3 2 3 3 5 8 8 10 10 15 18 18 15 15 15 8 8 6 4 4 3 1 1 1 1 0 0 0 0
 0 0 1 1 1 1 1 1 0 0 1 1 1 2 3 3 3 3 4 5 5 5 10 10 7 7 6 4 4 3 3 3 4 4 5 5 5 5 4 4 2 2 1 0 0 0
 0 0 1 1 1 1 1 1 0 0 1 1 1 2 3 3 3 3 4 5 5 5 10 10 7 7 6 4 4 3 3 3 4 4 5 5 5 5 4 4 2 2 1 0 0 0
 0 0 0 1 1 0 0 0 0 0 1 1 1 0 1 1 0 0 0 1 1 6 8 8 8 8 8 7 7 5 5 5 5 5 3 3 3 3 2 2 1 1 0 0 0 0
 0 0 0 0 0 0 1 1 1 1 1 1 1 0 0 0 0 0 0 1 1 2 3 3 7 7 6 8 8 18 11 11 9 9 7 8 8 6 4 4 3 3 1 0 0 0
 0 0 0 0 0 0 1 1 1 1 1 1 1 0 0 0 0 0 0 1 1 2 3 3 7 7 6 8 8 18 11 11 9 9 7 8 8 6 4 4 3 3 1 0 0 0
 0 0 0 1 1 1 1 1 1 1 2 1 1 1 1 1 1 1 1 1 1 2 2 2 4 4 6 6 6 8 7 7 8 8 7 5 5 4 3 3 3 3 1 1 1 0
 0 0 0 1 1 1 1 1 1 1 2 1 1 1 1 1 1 1 1 1 1 2 2 2 4 4 6 6 6 8 7 7 8 8 7 5 5 4 3 3 3 3 1 1 1 0
 0 0 1 3 3 1 0 0 1 1 2 1 1 2 2 2 1 1 3 2 2 0 0 0 6 6 10 4 4 5 4 4 3 3 1 2 2 2 3 3 2 2 1 1 1 0
 0 0 3 3 3 1 1 1 1 1 1 10 10 7 4 4 1 1 1 2 2 1 1 1 1 1 1 1 1 2 3 3 3 3 4 4 4 3 2 2 1 1 0 0 0 0
 0 0 3 3 3 1 1 1 1 1 1 10 10 7 4 4 1 1 1 2 2 1 1 1 1 1 1 1 1 2 3 3 3 3 4 4 4 3 2 2 1 1 0 0 0 0
 1 1 3 1 1 0 1 1 0 0 0 3 3 6 5 5 2 2 1 1 1 0 1 1 1 1 1 1 1 1 2 2 3 3 3 3 3 3 2 2 1 1 1 0 0 1
 1 1 1 2 2 0 0 0 1 1 0 2 2 2 2 2 1 1 4 2 2 1 1 1 0 0 0 0 0 0 1 1 1 1 1 2 2 3 3 3 2 2 1 1 1 0
 1 1 1 2 2 0 0 0 1 1 0 2 2 2 2 2 1 1 4 2 2 1 1 1 0 0 0 0 0 0 1 1 1 1 1 2 2 3 3 3 2 2 1 1 1 0
 4 4 1 3 3 1 2 2 1 1 1 1 1 0 1 1 1 1 3 1 1 0 1 1 1 1 1 1 1 1 1 1 2 2 3 3 3 2 2 2 1 1 1 1 1 0
 4 4 1 3 3 1 2 2 1 1 1 1 1 0 1 1 1 1 3 1 1 0 1 1 1 1 1 1 1 1 1 1 2 2 3 3 3 2 2 2 1 1 1 1 1 0
 0 0 1 1 1 2 2 2 1 1 1 1 1 1 1 1 0 0 0 0 0 0 0 0 1 1 1 1 1 2 1 1 2 2 2 1 1 2 1 1 1 1 1 1 1 0
 1 1 3 3 3 5 4 4 2 2 1 1 1 2 1 1 1 1 1 0 0 0 0 0 1 1 0 1 1 2 3 3 8 8 7 1 1 1 0 0 0 0 0 0 0 0
 1 1 3 3 3 5 4 4 2 2 1 1 1 2 1 1 1 1 1 0 0 0 0 0 1 1 0 1 1 2 3 3 8 8 7 1 1 1 0 0 0 0 0 0 0 0
 2 2 2 3 3 6 4 4 5 5 4 2 2 3 5 5 5 5 8 11 11 5 4 4 1 1 1 1 1 1 3 3 8 8 17 4 4 4 2 2 2 2 2 1 1 0
 2 2 1 2 2 1 3 3 4 4 4 4 4 5 6 6 1 1 1 1 1 1 0 0 1 1 1 1 1 2 4 4 15 15 17 3 3 5 1 1 1 1 2 0 0 0
