assets/RAT_results/precipitation/2018-04-13_IMERG.asc
ncols        46
nrows        77
xllcorner    74.800261325624
yllcorner    8.058333333333
cellsize     0.062500000000
NODATA_value -9999
 0 0 1 2 2 0 0 0 0 0 0 1 1 0 0 0 0 0 1 1 1 1 0 0 0 0 0 0 0 0 0 0 0 0 0 0 0 0 0 0 0 0 0 0 0 0
 1 1 3 0 0 0 0 0 0 0 1 1 1 0 0 0 0 0 0 1 1 1 0 0 0 0 0 0 0 0 0 0 0 0 0 0 0 0 0 0 0 0 0 0 0 0
 1 1 3 0 0 0 0 0 0 0 1 1 1 0 0 0 0 0 0 1 1 1 0 0 0 0 0 0 0 0 0 0 0 0 0 0 0 0 0 0 0 0 0 0 0 0
 0 0 3 0 0 0 0 0 0 0 0 0 0 0 0 0 0 0 0 0 0 0 0 0 0 0 0 0 0 0 0 0 0 0 0 0 0 0 0 0 0 0 0 0 0 0
 0 0 0 0 0 0 0 0 0 0 0 0 0 0 0 0 0 0 0 0 0 0 0 0 0 0 0 0 0 0 0 0 0 0 0 0 0 0 0 0 0 0 0 0 0 0
 0 0 0 0 0 0 0 0 0 0 0 0 0 0 0 0 0 0 0 0 0 0 0 0 0 0 0 0 0 0 0 0 0 0 0 0 0 0 0 0 0 0 0 0 0 0
 0 0 0 1 1 0 0 0 0 0 0 0 0 0 0 0 0 0 1 1 1 0 0 0 0 0 0 0 0 0 0 0 0 0 0 0 0 0 0 0 0 0 0 0 0 0
 0 0 0 1 1 0 0 0 0 0 0 0 0 0 0 0 0 0 1 1 1 0 0 0 0 0 0 0 0 0 0 0 0 0 0 0 0 0 0 0 0 0 0 0 0 0
 1 1 1 1 1 0 0 0 0 0 0 0 0 0 0 0 0 0 0 0 0 0 0 0 0 0 0 0 0 0 0 0 0 0 0 0 0 0 0 0 0 0 0 0 0 0
 3 3 4 1 1 0 1 1 0 0 0 0 0 0 0 0 0 0 0 0 0 0 0 0 0 0 0 0 0 0 0 0 0 0 0 0 0 0 0 0 0 0 0 0 0 0
 3 3 4 1 1 0 1 1 0 0 0 0 0 0 0 0 0 0 0 0 0 0 0 0 0 0 0 0 0 0 0 0 0 0 0 0 0 0 0 0 0 0 0 0 0 0
 10 10 4 1 1 1 2 2 0 0 0 0 0 0 0 0 0 0 0 0 0 0 0 0 0 0 0 0 0 0 0 0 0 0 0 0 0 0 0 0 0 0 0 0 0 0
 11 11 4 1 1 0 1 1 1 1 0 0 0 0 0 0 0 0 0 0 0 0 0 0 0 0 0 0 0 0 0 0 0 0 0 0 0 0 0 0 0 0 0 0 0 0
 11 11 4 1 1 0 1 1 1 1 0 0 0 0 0 0 0 0 0 0 0 0 0 0 0 0 0 0 0 0 0 0 0 0 0 0 0 0 0 0 0 0 0 0 0 0
 8 8 3 1 1 0 0 0 2 2 1 0 0 0 0 0 0 0 0 0 0 0 0 0 0 0 0 0 0 0 0 0 0 0 0 0 0 0 0 0 0 0 2 0 0 0
 8 8 3 1 1 0 0 0 2 2 1 0 0 0 0 0 0 0 0 0 0 0 0 0 0 0 0 0 0 0 0 0 0 0 0 0 0 0 0 0 0 0 2 0 0 0
 4 4 2 1 1 0 0 0 0 0 1 0 0 1 0 0 0 0 1 0 0 0 0 0 0 0 0 0 0 0 0 0 0 0 0 0 0 0 0 0 0 0 3 0 0 0
 21 21 2 2 2 1 1 1 1 1 1 0 0 0 1 1 1 1 0 0 0 0 0 0 0 0 0 0 0 0 0 0 0 0 0 0 0 0 0 0 0 0 2 0 0 0
 21 21 2 2 2 1 1 1 1 1 1 0 0 0 1 1 1 1 0 0 0 0 0 0 0 0 0 0 0 0 0 0 0 0 0 0 0 0 0 0 0 0 2 0 0 0
 21 21 2 1 1 1 0 0 0 0 0 0 0 0 0 0 0 0 0 1 1 0 0 0 0 0 0 1 1 0 0 0 0 0 0 0 0 0 0 0 0 0 3 5 5 0
 21 21 2 1 1 1 1 1 0 0 0 1 1 0 0 0 0 0 0 1 1 1 1 1 0 0 0 0 0 0 0 0 0 0 0 0 0 0 0 0 0 0 0 3 3 0
 21 21 2 1 1 1 1 1 0 0 0 1 1 0 0 0 0 0 0 1 1 1 1 1 0 0 0 0 0 0 0 0 0 0 0 0 0 0 0 0 0 0 0 3 3 0
 3 3 3 1 1 1 1 1 1 1 0 0 0 0 1 1 0 0 2 1 1 1 1 1 0 0 0 0 0 0 0 0 0 0 4 1 1 0 0 0 0 0 0 0 0 0
 3 3 3 1 1 1 1 1 1 1 0 0 0 0 1 1 0 0 2 1 1 1 1 1 0 0 0 0 0 0 0 0 0 0 4 1 1 0 0 0 0 0 0 0 0 0
 3 3 3 3 3 1 0 0 0 0 1 1 1 1 0 0 1 1 2 2 2 0 1 1 0 0 0 0 0 0 0 0 1 1 7 9 9 1 1 1 0 0 0 0 0 0
 3 3 4 3 3 2 0 0 0 0 0 1 1 2 3 3 1 1 1 1 1 1 1 1 0 0 1 0 0 0 0 0 1 1 3 6 6 2 2 2 0 0 0 0 0 0
 3 3 4 3 3 2 0 0 0 0 0 1 1 2 3 3 1 1 1 1 1 1 1 1 0 0 1 0 0 0 0 0 1 1 3 6 6 2 2 2 0 0 0 0 0 0
 5 5 5 4 4 3 1 1 1 1 0 1 1 1 1 1 1 1 2 1 1 2 1 1 1 1 0 0 0 0 0 0 1 1 2 6 6 2 9 9 0 0 0 0 0 0
 14 14 13 6 6 7 6 6 1 1 0 0 0 0 0 0 5 5 2 2 2 1 2 2 1 1 1 0 0 0 0 0 1 1 2 2 2 11 8 8 0 0 0 0 0 0
 14 14 13 6 6 7 6 6 1 1 0 0 0 0 0 0 5 5 2 2 2 1 2 2 1 1 1 0 0 0 0 0 1 1 2 2 2 11 8 8 0 0 0 0 0 0
 15 15 14 17 17 10 3 3 3 3 1 0 0 0 0 0 1 1 1 0 0 1 2 2 1 1 1 1 1 0 0 0 0 0 4 4 4 5 1 1 0 0 0 0 0 0
 15 15 14 17 17 10 3 3 3 3 1 0 0 0 0 0 1 1 1 0 0 1 2 2 1 1 1 1 1 0 0 0 0 0 4 4 4 5 1 1 0 0 0 0 0 0
 13 13 14 20 20 24 7 7 7 7 1 0 0 0 0 0 1 1 1 1 1 1 2 2 2 2 0 0 0 0 1 1 1 1 1 2 2 0 1 1 0 0 0 0 0 0
 18 18 14 25 25 35 15 15 14 14 2 1 1 0 0 0 0 0 1 1 1 2 1 1 1 1 2 0 0 1 2 2 6 6 5 1 1 0 0 0 0 0 0 0 0 0
 18 18 14 25 25 35 15 15 14 14 2 1 1 0 0 0 0 0 1 1 1 2 1 1 1 1 2 0 0 1 2 2 6 6 5 1 1 0 0 0 0 0 0 0 0 0
 20 20 27 22 22 34 16 16 19 19 5 5 5 1 0 0 1 1 0 3 3 4 2 2 3 3 0 2 2 2 5 5 7 7 7 3 3 2 1 1 0 0 0 0 0 0
 19 19 27 32 32 13 12 12 19 19 5 5 5 3 0 0 0 0 0 1 1 1 1 1 1 1 1 4 4 2 8 8 9 9 11 5 5 4 1 1 0 0 0 0 0 0
 19 19 27 32 32 13 12 12 19 19 5 5 5 3 0 0 0 0 0 1 1 1 1 1 1 1 1 4 4 2 8 8 9 9 11 5 5 4 1 1 0 0 0 0 0 0
 19 19 30 38 38 22 20 20 4 4 4 4 4 1 0 0 1 1 1 1 1 1 2 2 2 2 5 17 17 10 12 12 16 16 16 12 12 2 1 1 0 0 0 0 0 0
 19 19 30 38 38 22 20 20 4 4 4 4 4 1 0 0 1 1 1 1 1 1 2 2 2 2 5 17 17 10 12 12 16 16 16 12 12 2 1 1 0 0 0 0 0 0
 11 11 18 24 24 19 15 15 17 17 5 7 7 1 1 1 1 1 1 5 5 4 6 6 8 8 13 15 15 4 9 9 6 6 19 10 10 5 1 1 1 1 1 0 0 0
 14 14 23 20 20 9 14 14 8 8 2 1 1 1 1 1 1 1 2 2 2 5 9 9 7 7 15 16 16 7 11 11 16 16 9 2 2 1 1 1 2 2 4 4 4 3
 14 14 23 20 20 9 14 14 8 8 2 1 1 1 1 1 1 1 2 2 2 5 9 9 7 7 15 16 16 7 11 11 16 16 9 2 2 1 1 1 2 2 4 4 4 3
 15 15 22 20 20 11 9 9 5 5 2 1 1 1 1 1 2 2 2 2 2 9 9 9 15 15 16 20 20 9 9 9 10 10 11 5 5 4 2 2 2 2 2 4 4 4
 15 15 17 19 19 7 10 10 3 3 2 1 1 2 2 2 2 2 2 3 3 4 16 16 28 28 25 20 20 7 9 9 24 24 27 6 6 2 1 1 11 11 12 5 5 6
 15 15 17 19 19 7 10 10 3 3 2 1 1 2 2 2 2 2 2 3 3 4 16 16 28 28 25 20 20 7 9 9 24 24 27 6 6 2 1 1 11 11 12 5 5 6
 11 11 13 6 6 5 1 1 2 2 6 2 2 3 3 3 3 3 3 4 4 5 16 16 29 29 19 9 9 16 16 16 17 17 22 3 3 3 2 2 12 12 3 3 3 4
 11 11 13 6 6 5 1 1 2 2 6 2 2 3 3 3 3 3 3 4 4 5 16 16 29 29 19 9 9 16 16 16 17 17 22 3 3 3 2 2 12 12 3 3 3 4
 11 11 11 1 1 1 1 1 1 1 4 4 4 5 5 5 5 5 4 5 5 8 17 17 23 23 11 10 10 16 23 23 24 24 22 16 16 7 6 6 5 5 4 5 5 6
 2 2 3 2 2 1 1 1 1 1 3 5 5 6 7 7 7 7 6 6 6 10 34 34 25 25 18 16 16 27 27 27 26 26 23 22 22 12 4 4 4 4 4 4 4 7
 2 2 3 2 2 1 1 1 1 1 3 5 5 6 7 7 7 7 6 6 6 10 34 34 25 25 18 16 16 27 27 27 26 26 23 22 22 12 4 4 4 4 4 4 4 7
 2 2 3 3 3 2 1 1 1 1 3 4 4 6 7 7 7 7 6 8 8 6 17 17 22 22 19 16 16 26 38 38 29 29 21 30 30 12 9 9 7 7 6 6 6 7
 2 2 1 1 1 1 1 1 1 1 2 3 3 4 5 5 6 6 6 6 6 10 12 12 23 23 16 16 16 29 41 41 26 26 11 16 16 17 9 9 9 9 7 7 7 9
 2 2 1 1 1 1 1 1 1 1 2 3 3 4 5 5 6 6 6 6 6 10 12 12 23 23 16 16 16 29 41 41 26 26 11 16 16 17 9 9 9 9 7 7 7 9
 2 2 0 1 1 1 1 1 0 0 1 1 1 2 2 2 5 5 4 9 9 19 19 19 27 27 12 28 28 24 27 27 23 23 10 18 18 14 20 20 25 25 19 20 20 14
 2 2 0 1 1 1 1 1 0 0 1 1 1 2 2 2 5 5 4 9 9 19 19 19 27 27 12 28 28 24 27 27 23 23 10 18 18 14 20 20 25 25 19 20 20 14
 1 1 0 0 0 0 0 0 0 0 0 1 1 1 1 1 6 6 5 6 6 23 23 23 11 11 15 19 19 26 45 45 40 40 37 11 11 12 18 18 21 21 20 15 15 13
 1 1 0 0 0 0 0 0 0 0 0 0 0 1 1 1 3 3 2 11 11 13 13 13 25 25 23 32 32 32 41 41 41 41 42 13 13 12 12 12 12 12 16 13 13 17
 1 1 0 0 0 0 0 0 0 0 0 0 0 1 1 1 3 3 2 11 11 13 13 13 25 25 23 32 32 32 41 41 41 41 42 13 13 12 12 12 12 12 16 13 13 17
 0 0 5 4 4 1 0 0 1 1 1 0 0 0 0 0 3 3 2 4 4 14 17 17 25 25 26 28 28 41 35 35 30 30 32 16 16 9 8 8 12 12 13 14 14 20
 1 1 4 4 4 1 2 2 0 0 1 1 1 3 3 3 0 0 4 1 1 6 18 18 27 27 26 25 25 38 44 44 38 38 38 15 15 10 11 11 11 11 12 10 10 12
 1 1 4 4 4 1 2 2 0 0 1 1 1 3 3 3 0 0 4 1 1 6 18 18 27 27 26 25 25 38 44 44 38 38 38 15 15 10 11 11 11 11 12 10 10 12
 4 4 6 2 2 2 2 2 2 2 1 1 1 1 3 3 2 2 6 2 2 4 9 9 23 23 20 24 24 46 48 48 38 38 35 13 13 12 14 14 12 12 10 7 7 7
 4 4 6 2 2 2 2 2 2 2 1 1 1 1 3 3 2 2 6 2 2 4 9 9 23 23 20 24 24 46 48 48 38 38 35 13 13 12 14 14 12 12 10 7 7 7
 5 5 12 10 10 6 3 3 4 4 3 2 2 2 3 3 3 3 5 15 15 16 5 5 10 10 16 15 15 28 28 28 34 34 31 29 29 16 14 14 8 8 6 12 12 4
 10 10 6 9 9 10 10 10 9 9 8 7 7 5 4 4 6 6 9 18 18 15 15 15 17 17 20 12 12 27 27 27 20 20 37 40 40 25 21 21 10 10 6 9 9 7
 10 10 6 9 9 10 10 10 9 9 8 7 7 5 4 4 6 6 9 18 18 15 15 15 17 17 20 12 12 27 27 27 20 20 37 40 40 25 21 21 10 10 6 9 9 7
 9 9 11 12 12 14 17 17 21 21 20 17 17 14 9 9 8 8 10 25 25 22 33 33 29 29 23 11 11 16 21 21 26 26 38 40 40 27 21 21 10 10 9 11 11 9
 14 14 36 38 38 24 26 26 27 27 27 22 22 19 14 14 10 10 13 35 35 40 53 53 32 32 24 25 25 8 14 14 21 21 26 30 30 23 16 16 13 13 10 9 9 7
 14 14 36 38 38 24 26 26 27 27 27 22 22 19 14 14 10 10 13 35 35 40 53 53 32 32 24 25 25 8 14 14 21 21 26 30 30 23 16 16 13 13 10 9 9 7
 19 19 24 40 40 44 38 38 33 33 28 26 26 26 28 28 16 16 20 34 34 42 40 40 17 17 21 23 23 6 9 9 13 13 26 31 31 29 19 19 18 18 12 10 10 16
 19 19 24 40 40 44 38 38 33 33 28 26 26 26 28 28 16 16 20 34 34 42 40 40 17 17 21 23 23 6 9 9 13 13 26 31 31 29 19 19 18 18 12 10 10 16
 25 25 40 62 62 36 42 42 41 41 32 30 30 27 31 31 24 24 23 38 38 44 46 46 26 26 22 24 24 9 13 13 14 14 24 27 27 30 25 25 18 18 19 26 26 25
 32 32 26 28 28 29 31 31 32 32 45 42 42 21 42 42 40 40 39 44 44 52 32 32 30 30 16 18 18 10 16 16 12 12 14 29 29 29 29 29 23 23 31 25 25 23
 32 32 26 28 28 29 31 31 32 32 45 42 42 21 42 42 40 40 39 44 44 52 32 32 30 30 16 18 18 10 16 16 12 12 14 29 29 29 29 29 23 23 31 25 25 23
 20 20 21 19 19 21 33 33 34 34 52 46 46 50 44 44 38 38 47 75 75 33 30 30 20 20 15 10 10 12 15 15 15 15 13 53 53 40 32 32 19 19 20 12 12 8
 17 17 20 23 23 20 28 28 29 29 45 38 38 48 47 47 60 60 51 52 52 22 22 22 16 16 19 13 13 14 17 17 14 14 12 11 11 39 42 42 40 40 27 10 10 8
