assets/RAT_results/precipitation/2018-08-28_IMERG.asc
ncols        46
nrows        77
xllcorner    74.800261325624
yllcorner    8.058333333333
cellsize     0.062500000000
NODATA_value -9999
 12 12 13 12 12 17 13 13 11 11 9 7 7 12 9 9 7 7 6 5 5 3 3 3 2 2 3 5 5 7 6 6 4 4 2 2 2 2 1 1 1 1 1 1 1 4
 12 12 11 15 15 18 9 9 8 8 10 7 7 7 5 5 8 8 6 4 4 3 3 3 4 4 5 6 6 6 4 4 2 2 1 1 1 1 1 1 1 1 1 1 1 0
 12 12 11 15 15 18 9 9 8 8 10 7 7 7 5 5 8 8 6 4 4 3 3 3 4 4 5 6 6 6 4 4 2 2 1 1 1 1 1 1 1 1 1 1 1 0
 15 15 16 11 11 10 8 8 8 8 14 4 4 9 6 6 7 7 11 6 6 4 2 2 3 3 5 5 5 5 3 3 2 2 1 0 0 0 1 1 1 1 1 1 1 1
 7 7 14 8 8 8 10 10 11 11 13 7 7 10 8 8 6 6 9 5 5 3 2 2 2 2 4 7 7 6 5 5 2 2 1 0 0 0 0 0 0 0 0 1 1 1
 7 7 14 8 8 8 10 10 11 11 13 7 7 10 8 8 6 6 9 5 5 3 2 2 2 2 4 7 7 6 5 5 2 2 1 0 0 0 0 0 0 0 0 1 1 1
 11 11 18 20 20 13 7 7 8 8 14 15 15 9 9 9 7 7 4 4 4 3 2 2 2 2 4 7 7 5 3 3 2 2 1 1 1 0 0 0 0 0 0 0 0 0
 11 11 18 20 20 13 7 7 8 8 14 15 15 9 9 9 7 7 4 4 4 3 2 2 2 2 4 7 7 5 3 3 2 2 1 1 1 0 0 0 0 0 0 0 0 0
 15 15 26 25 25 19 11 11 14 14 13 16 16 12 5 5 5 5 4 4 4 3 3 3 1 1 3 5 5 2 1 1 2 2 2 1 1 1 1 1 1 1 0 0 0 1
 17 17 24 29 29 19 13 13 16 16 15 17 17 13 6 6 6 6 7 4 4 7 5 5 3 3 4 5 5 2 2 2 1 1 1 3 3 2 2 2 1 1 1 0 0 1
 17 17 24 29 29 19 13 13 16 16 15 17 17 13 6 6 6 6 7 4 4 7 5 5 3 3 4 5 5 2 2 2 1 1 1 3 3 2 2 2 1 1 1 0 0 1
 16 16 13 15 15 18 13 13 13 13 13 18 18 29 11 11 9 9 24 6 6 9 4 4 2 2 5 3 3 2 3 3 0 0 0 0 0 2 2 2 3 3 2 1 1 1
 18 18 21 20 20 22 17 17 13 13 15 16 16 32 13 13 20 20 14 13 13 10 5 5 3 3 4 3 3 2 2 2 2 2 1 0 0 2 2 2 4 4 4 2 2 1
 18 18 21 20 20 22 17 17 13 13 15 16 16 32 13 13 20 20 14 13 13 10 5 5 3 3 4 3 3 2 2 2 2 2 1 0 0 2 2 2 4 4 4 2 2 1
 14 14 15 25 25 14 19 19 28 28 17 17 17 19 23 23 26 26 10 10 10 11 6 6 4 4 2 1 1 1 2 2 1 1 1 0 0 1 3 3 4 4 5 2 2 4
 14 14 15 25 25 14 19 19 28 28 17 17 17 19 23 23 26 26 10 10 10 11 6 6 4 4 2 1 1 1 2 2 1 1 1 0 0 1 3 3 4 4 5 2 2 4
 18 18 14 15 15 18 17 17 26 26 15 12 12 6 8 8 23 23 25 10 10 7 6 6 6 6 2 2 2 2 1 1 2 2 1 1 1 1 4 4 4 4 5 6 6 7
 10 10 12 11 11 15 24 24 20 20 18 10 10 6 3 3 7 7 7 12 12 8 7 7 5 5 3 3 3 3 2 2 1 1 1 1 1 2 5 5 5 5 5 4 4 5
 10 10 12 11 11 15 24 24 20 20 18 10 10 6 3 3 7 7 7 12 12 8 7 7 5 5 3 3 3 3 2 2 1 1 1 1 1 2 5 5 5 5 5 4 4 5
 14 14 17 25 25 8 16 16 20 20 12 16 16 14 3 3 4 4 7 8 8 7 6 6 6 6 8 7 7 5 4 4 3 3 4 3 3 3 5 5 5 5 4 4 4 4
 12 12 22 14 14 8 19 19 16 16 21 19 19 15 6 6 1 1 1 4 4 5 7 7 7 7 13 14 14 29 6 6 5 5 4 6 6 5 5 5 4 4 11 10 10 7
 12 12 22 14 14 8 19 19 16 16 21 19 19 15 6 6 1 1 1 4 4 5 7 7 7 7 13 14 14 29 6 6 5 5 4 6 6 5 5 5 4 4 11 10 10 7
 14 14 17 16 16 18 19 19 20 20 29 19 19 19 10 10 7 7 4 4 4 4 6 6 7 7 11 8 8 11 7 7 7 7 7 5 5 5 5 5 9 9 13 11 11 9
 14 14 17 16 16 18 19 19 20 20 29 19 19 19 10 10 7 7 4 4 4 4 6 6 7 7 11 8 8 11 7 7 7 7 7 5 5 5 5 5 9 9 13 11 11 9
 14 14 14 11 11 9 10 10 19 19 23 18 18 25 17 17 16 16 6 4 4 4 5 5 6 6 11 9 9 11 7 7 7 7 5 3 3 3 3 3 6 6 8 8 8 11
 10 10 13 13 13 19 11 11 15 15 17 17 17 21 16 16 17 17 6 2 2 2 3 3 4 4 8 5 5 7 5 5 4 4 3 3 3 2 1 1 3 3 4 4 4 11
 10 10 13 13 13 19 11 11 15 15 17 17 17 21 16 16 17 17 6 2 2 2 3 3 4 4 8 5 5 7 5 5 4 4 3 3 3 2 1 1 3 3 4 4 4 11
 8 8 9 9 9 8 14 14 17 17 9 9 9 13 13 13 20 20 9 6 6 2 3 3 3 3 3 6 6 7 5 5 5 5 3 2 2 2 2 2 3 3 3 3 3 3
 9 9 10 11 11 9 12 12 14 14 6 7 7 15 12 12 24 24 12 6 6 2 3 3 2 2 2 4 4 4 3 3 5 5 3 2 2 3 2 2 3 3 2 2 2 1
 9 9 10 11 11 9 12 12 14 14 6 7 7 15 12 12 24 24 12 6 6 2 3 3 2 2 2 4 4 4 3 3 5 5 3 2 2 3 2 2 3 3 2 2 2 1
 15 15 14 11 11 10 9 9 7 7 4 11 11 13 18 18 18 18 11 5 5 3 2 2 2 2 2 1 1 3 4 4 2 2 2 3 3 3 2 2 1 1 1 1 1 1
 15 15 14 11 11 10 9 9 7 7 4 11 11 13 18 18 18 18 11 5 5 3 2 2 2 2 2 1 1 3 4 4 2 2 2 3 3 3 2 2 1 1 1 1 1 1
 14 14 16 15 15 11 7 7 7 7 4 3 3 7 7 7 12 12 10 7 7 4 4 4 3 3 10 3 3 4 5 5 2 2 2 2 2 1 2 2 1 1 1 1 1 0
 17 17 20 15 15 17 10 10 11 11 4 4 4 5 8 8 6 6 12 9 9 3 3 3 7 7 15 5 5 5 3 3 2 2 2 2 2 1 0 0 1 1 1 1 1 1
 17 17 20 15 15 17 10 10 11 11 4 4 4 5 8 8 6 6 12 9 9 3 3 3 7 7 15 5 5 5 3 3 2 2 2 2 2 1 0 0 1 1 1 1 1 1
 20 20 23 20 20 20 18 18 19 19 12 9 9 5 13 13 6 6 16 8 8 5 2 2 18 18 16 6 6 2 2 2 2 2 3 1 1 1 1 1 2 2 2 1 1 1
 33 33 22 28 28 25 20 20 18 18 18 12 12 9 4 4 6 6 6 9 9 7 4 4 13 13 8 6 6 7 8 8 5 5 4 4 4 5 3 3 2 2 2 0 0 0
 33 33 22 28 28 25 20 20 18 18 18 12 12 9 4 4 6 6 6 9 9 7 4 4 13 13 8 6 6 7 8 8 5 5 4 4 4 5 3 3 2 2 2 0 0 0
 21 21 21 21 21 27 29 29 27 27 26 17 17 11 6 6 6 6 6 15 15 9 7 7 8 8 11 7 7 8 14 14 13 13 5 5 5 4 3 3 5 5 2 0 0 1
 21 21 21 21 21 27 29 29 27 27 26 17 17 11 6 6 6 6 6 15 15 9 7 7 8 8 11 7 7 8 14 14 13 13 5 5 5 4 3 3 5 5 2 0 0 1
 20 20 24 23 23 28 31 31 31 31 34 23 23 18 13 13 5 5 4 11 11 11 13 13 8 8 12 9 9 9 12 12 12 12 7 7 7 6 6 6 3 3 2 1 1 2
 13 13 19 25 25 25 45 45 38 38 32 33 33 25 18 18 6 6 6 8 8 11 12 12 10 10 9 9 9 9 13 13 12 12 11 12 12 6 4 4 4 4 3 3 3 3
 13 13 19 25 25 25 45 45 38 38 32 33 33 25 18 18 6 6 6 8 8 11 12 12 10 10 9 9 9 9 13 13 12 12 11 12 12 6 4 4 4 4 3 3 3 3
 12 12 15 19 19 20 34 34 39 39 29 30 30 26 15 15 8 8 12 10 10 12 6 6 8 8 7 7 7 3 5 5 8 8 13 14 14 9 4 4 5 5 4 2 2 2
 15 15 10 16 16 18 22 22 23 23 23 23 23 21 7 7 8 8 8 8 8 7 4 4 5 5 3 1 1 1 4 4 4 4 12 11 11 6 6 6 6 6 3 2 2 2
 15 15 10 16 16 18 22 22 23 23 23 23 23 21 7 7 8 8 8 8 8 7 4 4 5 5 3 1 1 1 4 4 4 4 12 11 11 6 6 6 6 6 3 2 2 2
 15 15 9 11 11 12 15 15 16 16 18 17 17 17 7 7 8 8 8 7 7 8 3 3 10 10 4 2 2 2 10 10 8 8 9 9 9 6 3 3 4 4 3 2 2 2
 15 15 9 11 11 12 15 15 16 16 18 17 17 17 7 7 8 8 8 7 7 8 3 3 10 10 4 2 2 2 10 10 8 8 9 9 9 6 3 3 4 4 3 2 2 2
 17 17 20 10 10 8 13 13 11 11 14 14 14 15 10 10 9 9 6 8 8 9 7 7 12 12 7 4 4 5 12 12 13 13 12 15 15 9 4 4 3 3 2 2 2 2
 16 16 17 12 12 18 6 6 9 9 10 16 16 11 11 11 7 7 4 10 10 12 12 12 16 16 7 6 6 9 13 13 12 12 17 14 14 12 9 9 5 5 3 4 4 2
 16 16 17 12 12 18 6 6 9 9 10 16 16 11 11 11 7 7 4 10 10 12 12 12 16 16 7 6 6 9 13 13 12 12 17 14 14 12 9 9 5 5 3 4 4 2
 17 17 12 4 4 4 5 5 4 4 5 8 8 6 9 9 6 6 4 10 10 14 23 23 19 19 10 10 10 9 10 10 11 11 11 11 11 12 11 11 9 9 4 4 4 1
 17 17 12 13 13 5 3 3 5 5 5 6 6 6 8 8 3 3 4 8 8 16 22 22 23 23 26 16 16 6 8 8 9 9 7 9 9 14 10 10 6 6 3 3 3 0
 17 17 12 13 13 5 3 3 5 5 5 6 6 6 8 8 3 3 4 8 8 16 22 22 23 23 26 16 16 6 8 8 9 9 7 9 9 14 10 10 6 6 3 3 3 0
 12 12 11 6 6 8 8 8 8 8 5 5 5 5 6 6 12 12 3 4 4 8 14 14 23 23 30 20 20 5 6 6 6 6 4 4 4 8 8 8 6 6 3 2 2 1
 12 12 11 6 6 8 8 8 8 8 5 5 5 5 6 6 12 12 3 4 4 8 14 14 23 23 30 20 20 5 6 6 6 6 4 4 4 8 8 8 6 6 3 2 2 1
 7 7 6 13 13 3 9 9 10 10 5 6 6 5 7 7 8 8 1 2 2 5 12 12 22 22 25 17 17 9 6 6 3 3 1 4 4 8 8 8 7 7 3 2 2 0
 6 6 17 4 4 4 6 6 10 10 9 7 7 6 7 7 8 8 1 2 2 3 11 11 13 13 18 9 9 7 4 4 2 2 2 3 3 1 1 1 4 4 2 2 2 0
 6 6 17 4 4 4 6 6 10 10 9 7 7 6 7 7 8 8 1 2 2 3 11 11 13 13 18 9 9 7 4 4 2 2 2 3 3 1 1 1 4 4 2 2 2 0
 9 9 11 4 4 4 6 6 8 8 16 8 8 7 8 8 7 7 1 2 2 1 6 6 8 8 11 12 12 6 5 5 1 1 0 0 0 0 1 1 3 3 2 1 1 0
 11 11 9 8 8 5 7 7 7 7 11 10 10 9 7 7 4 4 1 0 0 1 1 1 3 3 6 13 13 10 6 6 2 2 0 0 0 1 2 2 1 1 2 1 1 0
 11 11 9 8 8 5 7 7 7 7 11 10 10 9 7 7 4 4 1 0 0 1 1 1 3 3 6 13 13 10 6 6 2 2 0 0 0 1 2 2 1 1 2 1 1 0
 4 4 6 7 7 5 5 5 9 9 5 7 7 10 8 8 4 4 4 1 1 1 1 1 5 5 5 8 8 8 10 10 4 4 5 0 0 4 1 1 1 1 2 0 0 0
 4 4 6 7 7 5 5 5 9 9 5 7 7 10 8 8 4 4 4 1 1 1 1 1 5 5 5 8 8 8 10 10 4 4 5 0 0 4 1 1 1 1 2 0 0 0
 9 9 8 6 6 5 5 5 7 7 5 9 9 7 5 5 3 3 2 1 1 2 1 1 1 1 4 4 4 7 6 6 1 1 4 4 4 2 12 12 1 1 0 0 0 1
 14 14 11 10 10 7 7 7 8 8 7 6 6 7 4 4 3 3 2 2 2 1 2 2 1 1 2 2 2 4 4 4 3 3 1 1 1 2 9 9 1 1 0 0 0 0
 14 14 11 10 10 7 7 7 8 8 7 6 6 7 4 4 3 3 2 2 2 1 2 2 1 1 2 2 2 4 4 4 3 3 1 1 1 2 9 9 1 1 0 0 0 0
 16 16 14 18 18 8 13 13 8 8 8 7 7 7 3 3 4 4 2 2 2 2 0 0 0 0 0 2 2 2 3 3 2 2 1 1 1 2 9 9 0 0 0 1 1 0
 14 14 14 16 16 12 12 12 8 8 10 7 7 6 4 4 7 7 6 2 2 2 0 0 0 0 0 2 2 2 2 2 1 1 1 2 2 6 8 8 0 0 1 1 1 1
 14 14 14 16 16 12 12 12 8 8 10 7 7 6 4 4 7 7 6 2 2 2 0 0 0 0 0 2 2 2 2 2 1 1 1 2 2 6 8 8 0 0 1 1 1 1
 10 10 7 10 10 9 13 13 7 7 6 7 7 7 5 5 8 8 4 2 2 1 0 0 0 0 0 0 0 1 2 2 1 1 1 0 0 0 7 7 1 1 1 1 1 4
 10 10 7 10 10 9 13 13 7 7 6 7 7 7 5 5 8 8 4 2 2 1 0 0 0 0 0 0 0 1 2 2 1 1 1 0 0 0 7 7 1 1 1 1 1 4
 6 6 5 6 6 7 13 13 10 10 9 7 7 6 7 7 7 7 5 3 3 1 0 0 0 0 0 0 0 0 2 2 1 1 3 1 1 1 1 1 0 0 1 1 1 0
 3 3 4 6 6 7 7 7 11 11 10 7 7 6 7 7 4 4 2 2 2 1 0 0 0 0 0 0 0 0 0 0 1 1 1 1 1 1 1 1 0 0 1 1 1 0
 3 3 4 6 6 7 7 7 11 11 10 7 7 6 7 7 4 4 2 2 2 1 0 0 0 0 0 0 0 0 0 0 1 1 1 1 1 1 1 1 0 0 1 1 1 0
 1 1 2 3 3 5 7 7 8 8 8 5 5 6 7 7 3 3 2 1 1 0 0 0 0 0 0 0 0 0 0 0 1 1 1 1 1 1 2 2 2 2 1 0 0 1
 0 0 1 1 1 2 3 3 4 4 5 3 3 4 3 3 2 2 1 1 1 0 0 0 0 0 0 0 0 0 0 0 0 0 1 0 0 1 1 1 1 1 1 0 0 1
