assets/RAT_results/precipitation/2018-05-13_IMERG.asc
ncols        46
nrows        77
xllcorner    74.800261325624
yllcorner    8.058333333333
cellsize     0.062500000000
NODATA_value -9999
 7 7 4 7 7 8 9 9 15 15 9 64 64 18 16 16 17 17 17 8 8 7 10 10 2 2 1 1 1 0 0 0 0 0 0 0 0 0 1 1 2 2 2 1 1 7
 6 6 4 15 15 9 14 14 29 29 60 27 27 24 15 15 17 17 5 7 7 5 3 3 1 1 1 1 1 0 0 0 0 0 0 0 0 2 3 3 5 5 4 6 6 6
 6 6 4 15 15 9 14 14 29 29 60 27 27 24 15 15 17 17 5 7 7 5 3 3 1 1 1 1 1 0 0 0 0 0 0 0 0 2 3 3 5 5 4 6 6 6
 9 9 11 11 11 9 7 7 11 11 59 24 24 29 16 16 9 9 7 5 5 4 3 3 1 1 1 1 1 1 0 0 0 0 0 0 0 5 8 8 8 8 11 9 9 7
 9 9 11 9 9 6 8 8 12 12 10 17 17 13 16 16 16 16 9 9 9 4 5 5 2 2 1 2 2 17 17 17 3 3 2 3 3 5 17 17 10 10 12 6 6 2
 9 9 11 9 9 6 8 8 12 12 10 17 17 13 16 16 16 16 9 9 9 4 5 5 2 2 1 2 2 17 17 17 3 3 2 3 3 5 17 17 10 10 12 6 6 2
 4 4 6 8 8 4 10 10 7 7 17 19 19 32 43 43 18 18 9 12 12 8 7 7 4 4 3 2 2 16 16 16 3 3 6 6 6 6 21 21 19 19 13 7 7 1
 4 4 6 8 8 4 10 10 7 7 17 19 19 32 43 43 18 18 9 12 12 8 7 7 4 4 3 2 2 16 16 16 3 3 6 6 6 6 21 21 19 19 13 7 7 1
 0 0 0 3 3 2 2 2 4 4 9 12 12 43 22 22 14 14 13 15 15 15 10 10 4 4 3 2 2 12 11 11 7 7 6 6 6 6 19 19 18 18 11 4 4 0
 0 0 0 3 3 4 9 9 6 6 11 17 17 14 17 17 16 16 22 16 16 14 8 8 5 5 3 5 5 12 4 4 3 3 3 5 5 5 6 6 6 6 4 2 2 0
 0 0 0 3 3 4 9 9 6 6 11 17 17 14 17 17 16 16 22 16 16 14 8 8 5 5 3 5 5 12 4 4 3 3 3 5 5 5 6 6 6 6 4 2 2 0
 2 2 2 5 5 6 9 9 37 37 95 24 24 34 22 22 55 55 21 7 7 4 5 5 5 5 12 13 13 8 4 4 4 4 4 3 3 3 2 2 2 2 2 1 1 0
 1 1 2 4 4 21 43 43 42 42 93 22 22 96 56 56 19 19 15 7 7 6 8 8 9 9 17 10 10 4 3 3 1 1 2 3 3 3 1 1 2 2 1 1 1 0
 1 1 2 4 4 21 43 43 42 42 93 22 22 96 56 56 19 19 15 7 7 6 8 8 9 9 17 10 10 4 3 3 1 1 2 3 3 3 1 1 2 2 1 1 1 0
 3 3 2 13 13 20 17 17 39 39 58 63 63 31 31 31 18 18 14 8 8 8 9 9 14 14 9 7 7 3 1 1 2 2 1 1 1 1 1 1 1 1 1 1 1 1
 3 3 2 13 13 20 17 17 39 39 58 63 63 31 31 31 18 18 14 8 8 8 9 9 14 14 9 7 7 3 1 1 2 2 1 1 1 1 1 1 1 1 1 1 1 1
 1 1 1 9 9 16 20 20 45 45 61 60 60 31 87 87 62 62 30 25 25 10 12 12 7 7 9 2 2 2 1 1 1 1 1 1 1 1 1 1 1 1 1 0 0 0
 1 1 1 9 9 24 29 29 43 43 61 67 67 36 57 57 48 48 70 20 20 19 14 14 9 9 3 2 2 1 0 0 0 0 0 0 0 0 0 0 0 0 0 0 0 0
 1 1 1 9 9 24 29 29 43 43 61 67 67 36 57 57 48 48 70 20 20 19 14 14 9 9 3 2 2 1 0 0 0 0 0 0 0 0 0 0 0 0 0 0 0 0
 1 1 1 2 2 24 29 29 43 43 44 39 39 26 83 83 27 27 52 22 22 16 9 9 5 5 4 4 4 1 1 1 0 0 0 0 0 0 1 1 0 0 0 0 0 0
 1 1 1 2 2 12 14 14 43 43 45 39 39 36 61 61 53 53 45 22 22 18 19 19 12 12 4 4 4 2 1 1 0 0 0 0 0 0 0 0 0 0 0 0 0 0
 1 1 1 2 2 12 14 14 43 43 45 39 39 36 61 61 53 53 45 22 22 18 19 19 12 12 4 4 4 2 1 1 0 0 0 0 0 0 0 0 0 0 0 0 0 0
 50 50 51 12 12 12 12 12 5 5 25 39 39 39 25 25 28 28 18 22 22 14 16 16 11 11 4 4 4 2 1 1 1 1 0 0 0 0 0 0 0 0 0 0 0 0
 50 50 51 12 12 12 12 12 5 5 25 39 39 39 25 25 28 28 18 22 22 14 16 16 11 11 4 4 4 2 1 1 1 1 0 0 0 0 0 0 0 0 0 0 0 0
 50 50 4 11 11 2 2 2 5 5 24 19 19 14 13 13 16 16 14 15 15 10 6 6 7 7 3 2 2 1 1 1 0 0 0 0 0 0 0 0 0 0 0 0 0 0
 1 1 4 11 11 1 0 0 0 0 1 4 4 12 11 11 9 9 7 10 10 6 4 4 8 8 4 3 3 2 1 1 0 0 0 0 0 0 0 0 0 0 0 0 0 0
 1 1 4 11 11 1 0 0 0 0 1 4 4 12 11 11 9 9 7 10 10 6 4 4 8 8 4 3 3 2 1 1 0 0 0 0 0 0 0 0 0 0 0 0 0 0
 1 1 2 1 1 1 0 0 0 0 0 0 0 7 4 4 6 6 4 2 2 3 2 2 7 7 6 8 8 2 0 0 0 0 0 0 0 0 0 0 0 0 0 0 0 0
 1 1 2 0 0 1 1 1 1 1 1 1 1 4 3 3 5 5 2 2 2 2 2 2 5 5 22 7 7 1 0 0 0 0 0 0 0 0 0 0 0 0 0 0 0 0
 1 1 2 0 0 1 1 1 1 1 1 1 1 4 3 3 5 5 2 2 2 2 2 2 5 5 22 7 7 1 0 0 0 0 0 0 0 0 0 0 0 0 0 0 0 0
 1 1 1 1 1 1 1 1 1 1 1 0 0 3 4 4 6 6 4 8 8 15 8 8 7 7 8 7 7 4 2 2 1 1 0 0 0 0 0 0 0 0 0 0 0 0
 1 1 1 1 1 1 1 1 1 1 1 0 0 3 4 4 6 6 4 8 8 15 8 8 7 7 8 7 7 4 2 2 1 1 0 0 0 0 0 0 0 0 0 0 0 0
 3 3 1 1 1 8 18 18 11 11 8 8 8 1 2 2 6 6 7 12 12 12 14 14 15 15 45 37 37 11 3 3 1 1 0 0 0 0 5 5 3 3 1 2 2 0
 29 29 18 2 2 26 42 42 54 54 13 10 10 9 4 4 11 11 16 15 15 17 18 18 31 31 45 43 43 24 19 19 9 9 14 10 10 8 7 7 3 3 10 1 1 1
 29 29 18 2 2 26 42 42 54 54 13 10 10 9 4 4 11 11 16 15 15 17 18 18 31 31 45 43 43 24 19 19 9 9 14 10 10 8 7 7 3 3 10 1 1 1
 22 22 18 23 23 50 78 78 37 37 17 11 11 12 12 12 11 11 15 19 19 16 17 17 24 24 39 50 50 24 19 19 10 10 22 11 11 16 15 15 5 5 6 5 5 1
 11 11 16 13 13 80 81 81 79 79 14 12 12 12 14 14 9 9 8 18 18 16 16 16 21 21 15 27 27 18 13 13 25 25 23 40 40 14 12 12 10 10 5 9 9 4
 11 11 16 13 13 80 81 81 79 79 14 12 12 12 14 14 9 9 8 18 18 16 16 16 21 21 15 27 27 18 13 13 25 25 23 40 40 14 12 12 10 10 5 9 9 4
 1 1 1 6 6 21 67 67 25 25 14 13 13 11 2 2 2 2 7 22 22 20 16 16 11 11 10 21 21 15 22 22 14 14 15 17 17 10 7 7 9 9 9 7 7 4
 1 1 1 6 6 21 67 67 25 25 14 13 13 11 2 2 2 2 7 22 22 20 16 16 11 11 10 21 21 15 22 22 14 14 15 17 17 10 7 7 9 9 9 7 7 4
 1 1 0 6 6 11 16 16 13 13 11 12 12 9 2 2 6 6 10 18 18 23 15 15 21 21 10 13 13 11 19 19 43 43 24 21 21 18 6 6 8 8 8 7 7 6
 6 6 0 1 1 3 8 8 11 11 13 13 13 11 1 1 2 2 14 54 54 41 21 21 21 21 11 18 18 24 51 51 40 40 19 16 16 7 6 6 9 9 8 10 10 4
 6 6 0 1 1 3 8 8 11 11 13 13 13 11 1 1 2 2 14 54 54 41 21 21 21 21 11 18 18 24 51 51 40 40 19 16 16 7 6 6 9 9 8 10 10 4
 0 0 0 0 0 0 0 0 1 1 3 1 1 1 1 1 2 2 13 56 56 42 68 68 73 73 23 30 30 22 45 45 36 36 14 13 13 6 4 4 3 3 2 5 5 1
 0 0 0 0 0 0 0 0 0 0 1 1 1 1 2 2 3 3 51 56 56 44 69 69 74 74 25 27 27 15 20 20 14 14 13 8 8 3 1 1 0 0 0 0 0 0
 0 0 0 0 0 0 0 0 0 0 1 1 1 1 2 2 3 3 51 56 56 44 69 69 74 74 25 27 27 15 20 20 14 14 13 8 8 3 1 1 0 0 0 0 0 0
 0 0 0 0 0 0 0 0 0 0 1 1 1 2 2 2 3 3 52 21 21 69 73 73 35 35 20 30 30 12 13 13 11 11 11 4 4 1 1 1 0 0 0 0 0 0
 0 0 0 0 0 0 0 0 0 0 1 1 1 2 2 2 3 3 52 21 21 69 73 73 35 35 20 30 30 12 13 13 11 11 11 4 4 1 1 1 0 0 0 0 0 0
 0 0 0 0 0 1 1 1 1 1 1 1 1 2 3 3 4 4 4 20 20 69 73 73 15 15 14 12 12 12 13 13 9 9 11 4 4 3 0 0 0 0 0 0 0 0
 0 0 0 0 0 1 0 0 2 2 1 1 1 2 2 2 14 14 14 51 51 12 15 15 15 15 9 7 7 8 16 16 16 16 10 3 3 3 0 0 1 1 0 0 0 0
 0 0 0 0 0 1 0 0 2 2 1 1 1 2 2 2 14 14 14 51 51 12 15 15 15 15 9 7 7 8 16 16 16 16 10 3 3 3 0 0 1 1 0 0 0 0
 0 0 0 0 0 0 0 0 1 1 1 2 2 2 3 3 14 14 14 50 50 10 8 8 10 10 6 6 6 8 22 22 14 14 5 3 3 2 1 1 1 1 0 0 0 0
 0 0 0 0 0 0 0 0 0 0 1 2 2 2 3 3 3 3 14 10 10 18 13 13 11 11 3 3 3 17 12 12 20 20 9 8 8 2 0 0 1 1 0 0 0 0
 0 0 0 0 0 0 0 0 0 0 1 2 2 2 3 3 3 3 14 10 10 18 13 13 11 11 3 3 3 17 12 12 20 20 9 8 8 2 0 0 1 1 0 0 0 0
 0 0 0 0 0 0 0 0 0 0 1 3 3 2 4 4 5 5 15 10 10 16 15 15 13 13 6 5 5 10 25 25 19 19 10 9 9 2 0 0 0 0 0 0 0 0
 0 0 0 0 0 0 0 0 0 0 1 3 3 2 4 4 5 5 15 10 10 16 15 15 13 13 6 5 5 10 25 25 19 19 10 9 9 2 0 0 0 0 0 0 0 0
 0 0 0 1 1 0 0 0 0 0 1 1 1 5 8 8 14 14 7 14 14 16 15 15 27 27 30 22 22 14 19 19 18 18 14 9 9 1 0 0 1 1 0 0 0 1
 0 0 0 0 0 0 2 2 0 0 1 2 2 8 9 9 12 12 21 27 27 29 59 59 56 56 33 54 54 10 8 8 10 10 9 4 4 2 2 2 3 3 2 1 1 2
 0 0 0 0 0 0 2 2 0 0 1 2 2 8 9 9 12 12 21 27 27 29 59 59 56 56 33 54 54 10 8 8 10 10 9 4 4 2 2 2 3 3 2 1 1 2
 0 0 0 0 0 0 0 0 1 1 3 2 2 11 12 12 14 14 22 41 41 77 140 140 96 96 76 20 20 17 9 9 10 10 8 5 5 2 1 1 5 5 4 3 3 4
 0 0 2 0 0 0 0 0 2 2 2 2 2 10 11 11 14 14 25 69 69 112 132 132 81 81 48 30 30 20 14 14 9 9 11 7 7 5 7 7 5 5 4 4 4 5
 0 0 2 0 0 0 0 0 2 2 2 2 2 10 11 11 14 14 25 69 69 112 132 132 81 81 48 30 30 20 14 14 9 9 11 7 7 5 7 7 5 5 4 4 4 5
 1 1 2 0 0 0 0 0 1 1 1 14 14 14 12 12 10 10 17 37 37 86 54 54 34 34 31 20 20 21 17 17 9 9 10 15 15 10 10 10 9 9 4 5 5 7
 1 1 2 0 0 0 0 0 1 1 1 14 14 14 12 12 10 10 17 37 37 86 54 54 34 34 31 20 20 21 17 17 9 9 10 15 15 10 10 10 9 9 4 5 5 7
 0 0 0 1 1 0 0 0 1 1 2 6 6 9 8 8 11 11 14 23 23 34 42 42 35 35 25 25 25 21 18 18 10 10 14 23 23 74 11 11 8 8 3 9 9 6
 0 0 3 2 2 2 0 0 1 1 1 5 5 5 3 3 7 7 8 13 13 28 31 31 20 20 15 30 30 34 29 29 21 21 17 13 13 87 30 30 23 23 5 6 6 8
 0 0 3 2 2 2 0 0 1 1 1 5 5 5 3 3 7 7 8 13 13 28 31 31 20 20 15 30 30 34 29 29 21 21 17 13 13 87 30 30 23 23 5 6 6 8
 2 2 2 3 3 2 0 0 0 0 0 2 2 2 2 2 5 5 7 8 8 11 18 18 13 13 10 25 25 28 87 87 30 30 28 35 35 47 103 103 31 31 17 11 11 4
 0 0 0 0 0 0 0 0 0 0 0 1 1 1 2 2 4 4 6 6 6 8 9 9 9 9 7 19 19 29 79 79 28 28 22 30 30 44 109 109 99 99 82 13 13 4
 0 0 0 0 0 0 0 0 0 0 0 1 1 1 2 2 4 4 6 6 6 8 9 9 9 9 7 19 19 29 79 79 28 28 22 30 30 44 109 109 99 99 82 13 13 4
 0 0 0 0 0 1 0 0 0 0 0 0 0 1 1 1 1 1 1 2 2 2 2 2 9 9 2 9 9 20 10 10 21 21 22 22 22 23 87 87 99 99 30 14 14 3
 0 0 0 0 0 1 0 0 0 0 0 0 0 1 1 1 1 1 1 2 2 2 2 2 9 9 2 9 9 20 10 10 21 21 22 22 22 23 87 87 99 99 30 14 14 3
 1 1 0 0 0 0 1 1 1 1 1 0 0 0 1 1 1 1 1 1 1 2 2 2 1 1 4 9 9 9 9 9 20 20 27 26 26 21 31 31 34 34 23 7 7 4
 0 0 0 1 1 0 0 0 1 1 1 0 0 0 0 0 1 1 1 1 1 1 1 1 1 1 1 1 1 3 5 5 9 9 26 33 33 25 17 17 19 19 8 8 8 3
 0 0 0 1 1 0 0 0 1 1 1 0 0 0 0 0 1 1 1 1 1 1 1 1 1 1 1 1 1 3 5 5 9 9 26 33 33 25 17 17 19 19 8 8 8 3
 1 1 1 1 1 1 0 0 0 0 0 1 1 0 0 0 0 0 1 1 1 1 1 1 1 1 0 1 1 2 2 2 8 8 19 26 26 27 16 16 24 24 10 8 8 1
 1 1 1 0 0 0 1 1 1 1 1 1 1 0 0 0 0 0 2 1 1 1 0 0 1 1 0 0 0 4 3 3 11 11 10 10 10 9 13 13 11 11 5 3 3 0
