assets/RAT_results/precipitation/2018-10-13_IMERG.asc
ncols        46
nrows        77
xllcorner    74.800261325624
yllcorner    8.058333333333
cellsize     0.062500000000
NODATA_value -9999
 23 23 19 64 64 24 9 9 6 6 11 4 4 1 0 0 0 0 0 0 0 0 0 0 0 0 0 0 0 0 0 0 0 0 0 0 0 0 0 0 0 0 0 0 0 0
 9 9 16 20 20 19 6 6 3 3 7 2 2 1 7 7 4 4 0 0 0 0 0 0 0 0 0 0 0 0 0 0 0 0 0 0 0 0 0 0 0 0 0 0 0 0
 9 9 16 20 20 19 6 6 3 3 7 2 2 1 7 7 4 4 0 0 0 0 0 0 0 0 0 0 0 0 0 0 0 0 0 0 0 0 0 0 0 0 0 0 0 0
 6 6 4 1 1 1 1 1 1 1 2 5 5 3 3 3 1 1 0 0 0 0 0 0 0 0 0 0 0 0 0 0 0 0 0 0 0 0 0 0 0 0 0 0 0 0
 0 0 4 3 3 3 2 2 4 4 2 1 1 2 2 2 0 0 0 0 0 0 0 0 0 0 0 0 0 0 0 0 0 0 0 0 0 0 0 0 0 0 0 0 0 0
 0 0 4 3 3 3 2 2 4 4 2 1 1 2 2 2 0 0 0 0 0 0 0 0 0 0 0 0 0 0 0 0 0 0 0 0 0 0 0 0 0 0 0 0 0 0
 1 1 4 3 3 5 3 3 4 4 2 4 4 0 0 0 1 1 0 0 0 0 0 0 0 0 0 0 0 0 0 0 0 0 0 0 0 0 0 0 0 0 1 0 0 0
 1 1 4 3 3 5 3 3 4 4 2 4 4 0 0 0 1 1 0 0 0 0 0 0 0 0 0 0 0 0 0 0 0 0 0 0 0 0 0 0 0 0 1 0 0 0
 0 0 1 4 4 4 5 5 5 5 8 5 5 3 1 1 1 1 1 1 1 1 1 1 1 1 1 1 1 0 0 0 0 0 0 0 0 0 0 0 0 0 1 1 1 0
 0 0 1 2 2 2 7 7 4 4 12 9 9 3 2 2 1 1 2 2 2 2 2 2 2 2 2 1 1 1 1 1 0 0 0 0 0 0 0 0 0 0 0 0 0 0
 0 0 1 2 2 2 7 7 4 4 12 9 9 3 2 2 1 1 2 2 2 2 2 2 2 2 2 1 1 1 1 1 0 0 0 0 0 0 0 0 0 0 0 0 0 0
 1 1 1 1 1 2 3 3 3 3 5 5 5 18 3 3 1 1 2 8 8 3 3 3 3 3 2 1 1 1 1 1 1 1 0 0 0 0 0 0 0 0 0 0 0 0
 1 1 1 1 1 2 3 3 2 2 5 2 2 4 4 4 7 7 13 5 5 2 3 3 3 3 3 2 2 1 1 1 2 2 0 0 0 0 0 0 0 0 0 0 0 0
 1 1 1 1 1 2 3 3 2 2 5 2 2 4 4 4 7 7 13 5 5 2 3 3 3 3 3 2 2 1 1 1 2 2 0 0 0 0 0 0 0 0 0 0 0 0
 1 1 1 1 1 1 3 3 3 3 2 6 6 8 4 4 12 12 4 8 8 8 2 2 3 3 3 2 2 2 2 2 2 2 1 1 1 0 0 0 0 0 0 0 0 0
 1 1 1 1 1 1 3 3 3 3 2 6 6 8 4 4 12 12 4 8 8 8 2 2 3 3 3 2 2 2 2 2 2 2 1 1 1 0 0 0 0 0 0 0 0 0
 4 4 1 1 1 0 0 0 2 2 4 5 5 10 10 10 9 9 3 8 8 4 16 16 3 3 2 2 2 3 2 2 2 2 1 0 0 3 1 1 0 0 0 0 0 0
 8 8 2 1 1 0 0 0 0 0 2 27 27 7 14 14 7 7 5 5 5 5 5 5 4 4 2 2 2 3 2 2 1 1 3 3 3 3 1 1 0 0 8 2 2 0
 8 8 2 1 1 0 0 0 0 0 2 27 27 7 14 14 7 7 5 5 5 5 5 5 4 4 2 2 2 3 2 2 1 1 3 3 3 3 1 1 0 0 8 2 2 0
 10 10 6 2 2 0 0 0 0 0 0 4 4 41 6 6 21 21 13 4 4 0 6 6 2 2 3 2 2 3 3 3 2 2 3 4 4 8 7 7 7 7 7 2 2 0
 9 9 6 2 2 0 1 1 1 1 0 0 0 28 10 10 16 16 18 6 6 2 3 3 5 5 3 3 3 2 3 3 2 2 5 4 4 9 10 10 43 43 18 9 9 5
 9 9 6 2 2 0 1 1 1 1 0 0 0 28 10 10 16 16 18 6 6 2 3 3 5 5 3 3 3 2 3 3 2 2 5 4 4 9 10 10 43 43 18 9 9 5
 6 6 1 0 0 1 1 1 1 1 0 9 9 2 2 2 9 9 11 18 18 1 8 8 7 7 5 3 3 2 2 2 2 2 10 10 10 34 38 38 42 42 18 5 5 1
 6 6 1 0 0 1 1 1 1 1 0 9 9 2 2 2 9 9 11 18 18 1 8 8 7 7 5 3 3 2 2 2 2 2 10 10 10 34 38 38 42 42 18 5 5 1
 3 3 2 1 1 0 1 1 1 1 0 0 0 0 1 1 2 2 5 5 5 8 6 6 7 7 7 2 2 1 1 1 1 1 10 10 10 34 5 5 6 6 6 6 6 3
 3 3 1 1 1 1 0 0 1 1 1 0 0 0 0 0 1 1 2 3 3 7 9 9 9 9 9 2 2 1 0 0 1 1 1 1 1 6 9 9 10 10 12 12 12 13
 3 3 1 1 1 1 0 0 1 1 1 0 0 0 0 0 1 1 2 3 3 7 9 9 9 9 9 2 2 1 0 0 1 1 1 1 1 6 9 9 10 10 12 12 12 13
 6 6 2 1 1 1 0 0 1 1 0 0 0 0 0 0 1 1 1 2 2 3 4 4 11 11 13 14 14 5 0 0 2 2 2 3 3 4 5 5 13 13 9 13 13 8
 7 7 5 10 10 3 1 1 1 1 0 0 0 3 3 3 3 3 1 1 1 1 2 2 5 5 7 13 13 51 0 0 0 0 3 5 5 5 4 4 4 4 9 33 33 11
 7 7 5 10 10 3 1 1 1 1 0 0 0 3 3 3 3 3 1 1 1 1 2 2 5 5 7 13 13 51 0 0 0 0 3 5 5 5 4 4 4 4 9 33 33 11
 8 8 6 20 20 8 7 7 1 1 1 0 0 2 3 3 1 1 1 0 0 0 0 0 1 1 5 1 1 17 1 1 0 0 3 1 1 5 4 4 10 10 9 15 15 4
 8 8 6 20 20 8 7 7 1 1 1 0 0 2 3 3 1 1 1 0 0 0 0 0 1 1 5 1 1 17 1 1 0 0 3 1 1 5 4 4 10 10 9 15 15 4
 2 2 4 9 9 7 8 8 6 6 5 1 1 0 0 0 1 1 0 1 1 0 0 0 0 0 0 8 8 2 2 2 0 0 1 1 1 4 10 10 10 10 7 7 7 1
 2 2 3 4 4 2 2 2 3 3 5 1 1 1 0 0 0 0 1 1 1 0 0 0 2 2 1 1 1 1 1 1 1 1 0 1 1 1 1 1 8 8 4 4 4 0
 2 2 3 4 4 2 2 2 3 3 5 1 1 1 0 0 0 0 1 1 1 0 0 0 2 2 1 1 1 1 1 1 1 1 0 1 1 1 1 1 8 8 4 4 4 0
 1 1 2 1 1 1 1 1 1 1 1 0 0 1 0 0 2 2 2 1 1 1 1 1 4 4 6 5 5 1 1 1 1 1 1 0 0 1 1 1 8 8 1 1 1 0
 0 0 0 1 1 1 1 1 1 1 1 0 0 1 1 1 2 2 3 17 17 17 6 6 3 3 5 10 10 5 2 2 1 1 1 1 1 1 1 1 1 1 0 1 1 0
 0 0 0 1 1 1 1 1 1 1 1 0 0 1 1 1 2 2 3 17 17 17 6 6 3 3 5 10 10 5 2 2 1 1 1 1 1 1 1 1 1 1 0 1 1 0
 1 1 2 1 1 14 1 1 2 2 2 1 1 1 1 1 2 2 5 4 4 16 2 2 3 3 10 44 44 43 9 9 3 3 3 2 2 2 1 1 1 1 0 1 1 0
 1 1 2 1 1 14 1 1 2 2 2 1 1 1 1 1 2 2 5 4 4 16 2 2 3 3 10 44 44 43 9 9 3 3 3 2 2 2 1 1 1 1 0 1 1 0
 1 1 1 3 3 2 1 1 4 4 5 1 1 6 1 1 1 1 1 2 2 1 3 3 7 7 6 20 20 23 15 15 8 8 7 5 5 5 2 2 1 1 0 1 1 1
 2 2 1 3 3 2 1 1 1 1 1 1 1 2 1 1 0 0 0 1 1 1 3 3 4 4 6 8 8 18 25 25 9 9 15 9 9 6 3 3 4 4 1 3 3 3
 2 2 1 3 3 2 1 1 1 1 1 1 1 2 1 1 0 0 0 1 1 1 3 3 4 4 6 8 8 18 25 25 9 9 15 9 9 6 3 3 4 4 1 3 3 3
 1 1 1 2 2 2 1 1 1 1 1 1 1 1 1 1 0 0 1 1 1 1 2 2 3 3 10 7 7 13 14 14 19 19 7 4 4 5 5 5 3 3 3 3 3 2
 1 1 2 2 2 1 1 1 1 1 1 1 1 2 1 1 0 0 2 5 5 8 4 4 10 10 6 7 7 18 27 27 33 33 34 2 2 5 3 3 1 1 3 2 2 0
 1 1 2 2 2 1 1 1 1 1 1 1 1 2 1 1 0 0 2 5 5 8 4 4 10 10 6 7 7 18 27 27 33 33 34 2 2 5 3 3 1 1 3 2 2 0
 1 1 1 2 2 2 3 3 2 2 1 1 1 1 1 1 10 10 2 2 2 11 8 8 10 10 11 9 9 16 23 23 24 24 36 10 10 4 3 3 0 0 0 0 0 0
 1 1 1 2 2 2 3 3 2 2 1 1 1 1 1 1 10 10 2 2 2 11 8 8 10 10 11 9 9 16 23 23 24 24 36 10 10 4 3 3 0 0 0 0 0 0
 0 0 0 1 1 1 1 1 1 1 1 1 1 1 3 3 10 10 9 12 12 17 8 8 28 28 32 19 19 21 21 21 31 31 11 9 9 7 2 2 0 0 0 0 0 0
 1 1 2 3 3 1 1 1 1 1 1 1 1 2 3 3 11 11 9 10 10 26 36 36 32 32 26 19 19 19 63 63 46 46 11 13 13 3 1 1 1 1 1 0 0 1
 1 1 2 3 3 1 1 1 1 1 1 1 1 2 3 3 11 11 9 10 10 26 36 36 32 32 26 19 19 19 63 63 46 46 11 13 13 3 1 1 1 1 1 0 0 1
 2 2 4 3 3 1 1 1 1 1 1 1 1 1 3 3 8 8 8 11 11 30 70 70 70 70 79 73 73 25 14 14 16 16 10 10 10 2 0 0 1 1 1 1 1 1
 1 1 4 2 2 1 1 1 1 1 1 1 1 10 15 15 11 11 8 8 8 14 77 77 117 117 83 16 16 13 16 16 15 15 64 18 18 2 2 2 1 1 1 1 1 0
 1 1 4 2 2 1 1 1 1 1 1 1 1 10 15 15 11 11 8 8 8 14 77 77 117 117 83 16 16 13 16 16 15 15 64 18 18 2 2 2 1 1 1 1 1 0
 2 2 2 2 2 1 1 1 1 1 1 1 1 10 14 14 11 11 18 14 14 15 20 20 27 27 17 15 15 14 27 27 18 18 78 9 9 7 8 8 7 7 2 1 1 0
 2 2 2 2 2 1 1 1 1 1 1 1 1 10 14 14 11 11 18 14 14 15 20 20 27 27 17 15 15 14 27 27 18 18 78 9 9 7 8 8 7 7 2 1 1 0
 1 1 1 1 1 1 1 1 1 1 1 1 1 1 20 20 23 23 27 23 23 15 17 17 14 14 20 13 13 19 13 13 122 122 55 22 22 8 8 8 8 8 4 2 2 0
 1 1 1 1 1 0 0 0 0 0 1 3 3 12 20 20 12 12 26 36 36 16 21 21 16 16 12 23 23 13 12 12 13 13 24 6 6 8 10 10 10 10 10 4 4 3
 1 1 1 1 1 0 0 0 0 0 1 3 3 12 20 20 12 12 26 36 36 16 21 21 16 16 12 23 23 13 12 12 13 13 24 6 6 8 10 10 10 10 10 4 4 3
 0 0 0 0 0 0 0 0 0 0 0 8 8 11 11 11 21 21 32 37 37 23 15 15 18 18 8 3 3 17 5 5 8 8 21 8 8 5 10 10 13 13 13 13 13 3
 0 0 0 1 1 0 0 0 0 0 0 8 8 11 11 11 1 1 15 22 22 22 15 15 18 18 6 7 7 12 9 9 11 11 2 18 18 1 1 1 13 13 5 6 6 2
 0 0 0 1 1 0 0 0 0 0 0 8 8 11 11 11 1 1 15 22 22 22 15 15 18 18 6 7 7 12 9 9 11 11 2 18 18 1 1 1 13 13 5 6 6 2
 0 0 0 1 1 1 0 0 0 0 0 0 0 0 0 0 2 2 1 8 8 2 15 15 14 14 16 7 7 8 9 9 6 6 1 1 1 1 1 1 1 1 3 2 2 1
 0 0 0 1 1 1 0 0 0 0 0 0 0 0 0 0 2 2 1 8 8 2 15 15 14 14 16 7 7 8 9 9 6 6 1 1 1 1 1 1 1 1 3 2 2 1
 0 0 0 1 1 1 0 0 0 0 0 0 0 1 1 1 3 3 4 1 1 2 1 1 0 0 8 7 7 5 6 6 4 4 1 1 1 0 3 3 0 0 1 1 1 0
 0 0 1 1 1 1 0 0 0 0 1 0 0 3 1 1 4 4 8 5 5 1 1 1 1 1 8 7 7 2 3 3 4 4 7 3 3 2 4 4 1 1 0 0 0 0
 0 0 1 1 1 1 0 0 0 0 1 0 0 3 1 1 4 4 8 5 5 1 1 1 1 1 8 7 7 2 3 3 4 4 7 3 3 2 4 4 1 1 0 0 0 0
 1 1 2 1 1 0 0 0 0 0 1 3 3 3 2 2 4 4 4 3 3 1 1 1 1 1 1 2 2 1 7 7 3 3 9 7 7 8 8 8 4 4 3 0 0 0
 1 1 1 4 4 2 6 6 3 3 0 0 0 1 1 1 3 3 3 2 2 12 17 17 13 13 1 1 1 3 5 5 4 4 5 6 6 10 9 9 7 7 4 0 0 0
 1 1 1 4 4 2 6 6 3 3 0 0 0 1 1 1 3 3 3 2 2 12 17 17 13 13 1 1 1 3 5 5 4 4 5 6 6 10 9 9 7 7 4 0 0 0
 1 1 1 4 4 8 9 9 3 3 1 1 1 1 1 1 2 2 10 7 7 15 19 19 13 13 10 11 11 5 6 6 9 9 7 12 12 10 9 9 6 6 4 4 4 0
 1 1 1 4 4 8 9 9 3 3 1 1 1 1 1 1 2 2 10 7 7 15 19 19 13 13 10 11 11 5 6 6 9 9 7 12 12 10 9 9 6 6 4 4 4 0
 12 12 11 10 10 10 9 9 10 10 10 9 9 4 1 1 2 2 10 13 13 14 18 18 18 18 28 29 29 7 6 6 7 7 7 9 9 3 5 5 2 2 0 2 2 0
 7 7 8 10 10 10 10 10 11 11 11 10 10 8 3 3 1 1 8 13 13 16 19 19 19 19 29 31 31 7 7 7 7 7 4 2 2 2 3 3 3 3 3 1 1 0
 7 7 8 10 10 10 10 10 11 11 11 10 10 8 3 3 1 1 8 13 13 16 19 19 19 19 29 31 31 7 7 7 7 7 4 2 2 2 3 3 3 3 3 1 1 0
 7 7 8 9 9 10 10 10 10 10 11 10 10 8 3 3 1 1 8 16 16 19 19 19 20 20 54 47 47 47 6 6 6 6 6 2 2 2 2 2 1 1 2 2 2 1
 6 6 8 10 10 10 10 10 5 5 8 9 9 3 2 2 1 1 1 2 2 2 18 18 19 19 40 47 47 47 6 6 5 5 4 3 3 2 1 1 1 1 1 0 0 1
