assets/RAT_results/precipitation/2018-07-07_IMERG.asc
ncols        46
nrows        77
xllcorner    74.800261325624
yllcorner    8.058333333333
cellsize     0.062500000000
NODATA_value -9999
 59 59 71 89 89 100 94 94 80 80 72 49 49 38 29 29 31 31 23 15 15 12 9 9 7 7 6 4 4 4 4 4 1 1 1 1 1 1 1 1 1 1 1 0 0 0
 64 64 57 74 74 82 87 87 86 86 67 50 50 39 34 34 28 28 29 25 25 17 13 13 12 12 7 5 5 3 2 2 3 3 1 2 2 2 1 1 2 2 1 1 1 1
 64 64 57 74 74 82 87 87 86 86 67 50 50 39 34 34 28 28 29 25 25 17 13 13 12 12 7 5 5 3 2 2 3 3 1 2 2 2 1 1 2 2 1 1 1 1
 58 58 59 58 58 58 79 79 80 80 83 67 67 50 43 43 37 37 33 34 34 24 20 20 17 17 10 6 6 6 4 4 3 3 3 3 3 4 4 4 3 3 3 2 2 1
 35 35 64 62 62 54 60 60 82 82 69 59 59 60 53 53 44 44 43 41 41 31 28 28 22 22 16 12 12 10 7 7 5 5 5 6 6 8 6 6 5 5 2 1 1 2
 35 35 64 62 62 54 60 60 82 82 69 59 59 60 53 53 44 44 43 41 41 31 28 28 22 22 16 12 12 10 7 7 5 5 5 6 6 8 6 6 5 5 2 1 1 2
 31 31 65 51 51 57 61 61 65 65 68 61 61 57 56 56 48 48 46 44 44 35 34 34 25 25 18 13 13 10 10 10 8 8 6 5 5 4 4 4 3 3 3 2 2 1
 31 31 65 51 51 57 61 61 65 65 68 61 61 57 56 56 48 48 46 44 44 35 34 34 25 25 18 13 13 10 10 10 8 8 6 5 5 4 4 4 3 3 3 2 2 1
 20 20 36 60 60 50 53 53 53 53 60 53 53 53 53 53 50 50 49 45 45 43 37 37 27 27 23 17 17 13 10 10 10 10 7 6 6 6 4 4 3 3 4 3 3 3
 18 18 24 42 42 49 52 52 52 52 62 58 58 60 57 57 49 49 49 41 41 38 36 36 27 27 24 20 20 12 11 11 10 10 10 9 9 7 6 6 6 6 6 5 5 5
 18 18 24 42 42 49 52 52 52 52 62 58 58 60 57 57 49 49 49 41 41 38 36 36 27 27 24 20 20 12 11 11 10 10 10 9 9 7 6 6 6 6 6 5 5 5
 15 15 18 25 25 39 58 58 47 47 51 47 47 56 51 51 48 48 45 40 40 38 34 34 29 29 23 19 19 13 10 10 10 10 9 8 8 9 8 8 9 9 7 5 5 6
 12 12 14 19 19 27 32 32 40 40 36 48 48 54 60 60 53 53 52 43 43 40 35 35 32 32 25 21 21 15 13 13 11 11 11 10 10 12 11 11 11 11 12 9 9 11
 12 12 14 19 19 27 32 32 40 40 36 48 48 54 60 60 53 53 52 43 43 40 35 35 32 32 25 21 21 15 13 13 11 11 11 10 10 12 11 11 11 11 12 9 9 11
 18 18 20 18 18 19 25 25 31 31 29 34 34 41 50 50 48 48 45 36 36 31 28 28 23 23 22 16 16 13 13 13 10 10 9 9 9 10 11 11 13 13 13 10 10 8
 18 18 20 18 18 19 25 25 31 31 29 34 34 41 50 50 48 48 45 36 36 31 28 28 23 23 22 16 16 13 13 13 10 10 9 9 9 10 11 11 13 13 13 10 10 8
 17 17 16 15 15 17 19 19 29 29 27 31 31 33 35 35 35 35 31 34 34 31 25 25 20 20 13 11 11 10 8 8 6 6 5 5 5 5 7 7 8 8 8 5 5 4
 20 20 17 13 13 12 14 14 18 18 21 19 19 25 25 25 27 27 31 29 29 25 20 20 14 14 10 8 8 9 8 8 7 7 4 5 5 4 4 4 5 5 4 2 2 2
 20 20 17 13 13 12 14 14 18 18 21 19 19 25 25 25 27 27 31 29 29 25 20 20 14 14 10 8 8 9 8 8 7 7 4 5 5 4 4 4 5 5 4 2 2 2
 15 15 12 8 8 8 12 12 15 15 13 18 18 24 20 20 21 21 29 22 22 20 16 16 11 11 9 7 7 6 6 6 4 4 3 3 3 4 2 2 4 4 4 2 2 1
 10 10 8 6 6 5 6 6 7 7 11 14 14 17 18 18 17 17 25 24 24 14 13 13 8 8 7 5 5 5 4 4 4 4 4 4 4 3 2 2 3 3 3 1 1 0
 10 10 8 6 6 5 6 6 7 7 11 14 14 17 18 18 17 17 25 24 24 14 13 13 8 8 7 5 5 5 4 4 4 4 4 4 4 3 2 2 3 3 3 1 1 0
 8 8 7 4 4 3 5 5 5 5 7 7 7 11 14 14 13 13 13 12 12 12 10 10 8 8 7 6 6 6 5 5 5 5 5 4 4 3 1 1 1 1 1 1 1 1
 8 8 7 4 4 3 5 5 5 5 7 7 7 11 14 14 13 13 13 12 12 12 10 10 8 8 7 6 6 6 5 5 5 5 5 4 4 3 1 1 1 1 1 1 1 1
 7 7 5 5 5 4 4 4 3 3 5 5 5 8 13 13 12 12 12 11 11 12 11 11 8 8 7 7 7 6 6 6 6 6 3 2 2 2 2 2 1 1 1 1 1 1
 8 8 5 8 8 9 5 5 2 2 4 4 4 6 11 11 13 13 8 9 9 12 13 13 10 10 7 5 5 6 4 4 4 4 2 2 2 2 2 2 1 1 1 1 1 1
 8 8 5 8 8 9 5 5 2 2 4 4 4 6 11 11 13 13 8 9 9 12 13 13 10 10 7 5 5 6 4 4 4 4 2 2 2 2 2 2 1 1 1 1 1 1
 4 4 11 16 16 15 4 4 2 2 3 5 5 4 11 11 12 12 11 9 9 10 11 11 10 10 9 4 4 5 5 5 3 3 1 1 1 1 2 2 1 1 1 1 1 2
 7 7 9 9 9 10 7 7 4 4 2 3 3 6 10 10 13 13 11 9 9 10 19 19 23 23 27 11 11 8 6 6 2 2 1 2 2 2 2 2 3 3 1 1 1 1
 7 7 9 9 9 10 7 7 4 4 2 3 3 6 10 10 13 13 11 9 9 10 19 19 23 23 27 11 11 8 6 6 2 2 1 2 2 2 2 2 3 3 1 1 1 1
 2 2 3 7 7 8 8 8 9 9 7 4 4 3 7 7 9 9 15 15 15 14 19 19 21 21 22 8 8 7 6 6 3 3 3 4 4 2 2 2 2 2 2 2 2 1
 2 2 3 7 7 8 8 8 9 9 7 4 4 3 7 7 9 9 15 15 15 14 19 19 21 21 22 8 8 7 6 6 3 3 3 4 4 2 2 2 2 2 2 2 2 1
 2 2 2 5 5 6 8 8 14 14 8 4 4 2 4 4 11 11 13 14 14 14 17 17 22 22 22 19 19 15 7 7 5 5 4 2 2 2 1 1 1 1 1 1 1 1
 3 3 2 2 2 3 4 4 7 7 2 2 2 2 4 4 6 6 10 12 12 13 13 13 19 19 19 21 21 16 6 6 6 6 4 3 3 2 3 3 2 2 2 2 2 1
 3 3 2 2 2 3 4 4 7 7 2 2 2 2 4 4 6 6 10 12 12 13 13 13 19 19 19 21 21 16 6 6 6 6 4 3 3 2 3 3 2 2 2 2 2 1
 4 4 3 2 2 4 4 4 3 3 3 2 2 4 6 6 7 7 12 13 13 15 18 18 24 24 21 18 18 12 7 7 4 4 3 3 3 2 1 1 2 2 2 2 2 2
 1 1 2 2 2 2 2 2 3 3 2 2 2 3 4 4 9 9 12 14 14 15 15 15 14 14 10 8 8 4 4 4 4 4 3 3 3 4 3 3 4 4 3 3 3 2
 1 1 2 2 2 2 2 2 3 3 2 2 2 3 4 4 9 9 12 14 14 15 15 15 14 14 10 8 8 4 4 4 4 4 3 3 3 4 3 3 4 4 3 3 3 2
 1 1 1 1 1 2 2 2 3 3 2 3 3 3 4 4 7 7 8 11 11 11 11 11 9 9 7 7 7 4 4 4 4 4 4 4 4 4 2 2 3 3 3 3 3 2
 1 1 1 1 1 2 2 2 3 3 2 3 3 3 4 4 7 7 8 11 11 11 11 11 9 9 7 7 7 4 4 4 4 4 4 4 4 4 2 2 3 3 3 3 3 2
 1 1 1 1 1 1 1 1 2 2 2 3 3 3 3 3 4 4 8 12 12 12 8 8 6 6 4 4 4 4 6 6 5 5 5 4 4 3 2 2 3 3 2 2 2 2
 1 1 0 0 0 1 1 1 1 1 1 1 1 2 3 3 5 5 10 5 5 8 7 7 6 6 8 7 7 7 11 11 8 8 7 5 5 4 5 5 5 5 2 2 2 1
 1 1 0 0 0 1 1 1 1 1 1 1 1 2 3 3 5 5 10 5 5 8 7 7 6 6 8 7 7 7 11 11 8 8 7 5 5 4 5 5 5 5 2 2 2 1
 0 0 0 0 0 0 1 1 1 1 1 1 1 1 1 1 8 8 14 4 4 7 7 7 5 5 7 5 5 7 9 9 8 8 9 8 8 8 6 6 4 4 1 1 1 1
 0 0 0 0 0 0 1 1 1 1 1 1 1 2 1 1 7 7 6 2 2 3 5 5 6 6 5 5 5 6 8 8 12 12 11 8 8 6 4 4 3 3 1 1 1 3
 0 0 0 0 0 0 1 1 1 1 1 1 1 2 1 1 7 7 6 2 2 3 5 5 6 6 5 5 5 6 8 8 12 12 11 8 8 6 4 4 3 3 1 1 1 3
 0 0 0 0 0 0 0 0 0 0 1 1 1 3 2 2 5 5 2 2 2 3 4 4 6 6 6 6 6 7 10 10 10 10 7 4 4 3 3 3 1 1 2 2 2 4
 0 0 0 0 0 0 0 0 0 0 1 1 1 3 2 2 5 5 2 2 2 3 4 4 6 6 6 6 6 7 10 10 10 10 7 4 4 3 3 3 1 1 2 2 2 4
 0 0 0 0 0 0 0 0 1 1 2 2 2 2 4 4 3 3 3 3 3 4 5 5 7 7 6 5 5 7 6 6 7 7 6 3 3 2 1 1 2 2 3 3 3 4
 0 0 0 0 0 0 1 1 1 1 3 3 3 2 3 3 3 3 4 6 6 6 7 7 10 10 7 4 4 4 5 5 4 4 2 2 2 1 2 2 3 3 3 3 3 2
 0 0 0 0 0 0 1 1 1 1 3 3 3 2 3 3 3 3 4 6 6 6 7 7 10 10 7 4 4 4 5 5 4 4 2 2 2 1 2 2 3 3 3 3 3 2
 0 0 0 0 0 0 1 1 1 1 3 3 3 3 4 4 6 6 6 6 6 5 6 6 10 10 10 6 6 7 5 5 3 3 2 2 2 2 2 2 3 3 3 2 2 1
 1 1 1 1 1 2 1 1 1 1 1 2 2 5 7 7 7 7 5 5 5 5 5 5 9 9 10 8 8 6 5 5 5 5 3 3 3 2 2 2 2 2 2 2 2 1
 1 1 1 1 1 2 1 1 1 1 1 2 2 5 7 7 7 7 5 5 5 5 5 5 9 9 10 8 8 6 5 5 5 5 3 3 3 2 2 2 2 2 2 2 2 1
 1 1 0 0 0 1 1 1 2 2 3 3 3 6 6 6 6 6 5 5 5 5 5 5 9 9 11 9 9 7 7 7 7 7 3 2 2 2 2 2 1 1 1 1 1 1
 1 1 0 0 0 1 1 1 2 2 3 3 3 6 6 6 6 6 5 5 5 5 5 5 9 9 11 9 9 7 7 7 7 7 3 2 2 2 2 2 1 1 1 1 1 1
 1 1 1 0 0 0 2 2 3 3 3 3 3 4 4 4 5 5 6 4 4 4 4 4 6 6 7 9 9 6 4 4 3 3 4 3 3 2 3 3 1 1 1 0 0 1
 2 2 1 0 0 0 0 0 2 2 1 3 3 4 3 3 5 5 5 3 3 5 4 4 4 4 7 6 6 3 2 2 2 2 1 1 1 1 1 1 1 1 0 1 1 1
 2 2 1 0 0 0 0 0 2 2 1 3 3 4 3 3 5 5 5 3 3 5 4 4 4 4 7 6 6 3 2 2 2 2 1 1 1 1 1 1 1 1 0 1 1 1
 2 2 1 1 1 0 0 0 1 1 1 3 3 3 3 3 4 4 6 5 5 7 8 8 4 4 4 3 3 1 1 1 1 1 2 2 2 0 0 0 1 1 1 2 2 1
 1 1 0 0 0 0 1 1 0 0 0 2 2 2 3 3 3 3 4 6 6 8 6 6 3 3 2 2 2 1 1 1 1 1 3 2 2 1 1 1 1 1 1 0 0 1
 1 1 0 0 0 0 1 1 0 0 0 2 2 2 3 3 3 3 4 6 6 8 6 6 3 3 2 2 2 1 1 1 1 1 3 2 2 1 1 1 1 1 1 0 0 1
 1 1 0 0 0 0 1 1 1 1 0 0 0 2 3 3 3 3 4 5 5 5 3 3 3 3 3 3 3 1 1 1 1 1 2 2 2 1 1 1 1 1 1 1 1 1
 1 1 0 0 0 0 1 1 1 1 0 0 0 2 3 3 3 3 4 5 5 5 3 3 3 3 3 3 3 1 1 1 1 1 2 2 2 1 1 1 1 1 1 1 1 1
 0 0 0 0 0 0 1 1 1 1 1 1 1 0 1 1 1 1 3 3 3 3 2 2 3 3 4 2 2 3 2 2 2 2 1 1 1 1 1 1 1 1 2 3 3 2
 0 0 0 0 0 0 0 0 2 2 1 1 1 0 0 0 1 1 3 3 3 3 2 2 3 3 4 4 4 4 3 3 2 2 2 2 2 2 1 1 1 1 1 2 2 3
 0 0 0 0 0 0 0 0 2 2 1 1 1 0 0 0 1 1 3 3 3 3 2 2 3 3 4 4 4 4 3 3 2 2 2 2 2 2 1 1 1 1 1 2 2 3
 0 0 0 0 0 0 0 0 1 1 1 0 0 0 0 0 0 0 1 2 2 2 2 2 2 2 2 3 3 4 2 2 3 3 2 2 2 2 2 2 2 2 1 4 4 3
 0 0 1 0 0 0 2 2 2 2 1 0 0 0 0 0 0 0 0 1 1 1 2 2 2 2 1 2 2 3 4 4 4 4 5 8 8 3 2 2 2 2 3 1 1 2
 0 0 1 0 0 0 2 2 2 2 1 0 0 0 0 0 0 0 0 1 1 1 2 2 2 2 1 2 2 3 4 4 4 4 5 8 8 3 2 2 2 2 3 1 1 2
 0 0 0 0 0 1 4 4 5 5 3 1 1 0 0 0 0 0 0 0 0 1 1 1 1 1 1 13 13 2 4 4 6 6 5 6 6 7 2 2 2 2 3 2 2 2
 0 0 0 0 0 1 4 4 5 5 3 1 1 0 0 0 0 0 0 0 0 1 1 1 1 1 1 13 13 2 4 4 6 6 5 6 6 7 2 2 2 2 3 2 2 2
 0 0 0 1 1 0 1 1 3 3 3 1 1 0 0 0 0 0 0 1 1 1 3 3 1 1 3 1 1 3 5 5 7 7 5 5 5 4 5 5 5 5 4 3 3 2
 0 0 0 0 0 1 0 0 1 1 1 0 0 0 0 0 0 0 0 1 1 1 1 1 1 1 1 1 1 2 3 3 5 5 4 5 5 5 6 6 5 5 3 2 2 1
 0 0 0 0 0 1 0 0 1 1 1 0 0 0 0 0 0 0 0 1 1 1 1 1 1 1 1 1 1 2 3 3 5 5 4 5 5 5 6 6 5 5 3 2 2 1
 0 0 0 1 1 1 1 1 1 1 0 0 0 0 0 0 0 0 0 1 1 2 1 1 1 1 1 2 2 5 3 3 5 5 6 6 6 5 7 7 7 7 4 3 3 2
 1 1 1 1 1 1 1 1 1 1 0 0 0 0 0 0 1 1 1 1 1 2 1 1 1 1 2 3 3 4 3 3 3 3 5 4 4 7 5 5 4 4 4 2 2 2
