assets/RAT_results/precipitation/2018-10-18_IMERG.asc
ncols        46
nrows        77
xllcorner    74.800261325624
yllcorner    8.058333333333
cellsize     0.062500000000
NODATA_value -9999
 1 1 1 1 1 2 4 4 8 8 5 8 8 9 11 11 9 9 7 7 7 7 7 7 6 6 9 10 10 13 18 18 28 28 29 26 26 25 17 17 10 10 2 1 1 2
 1 1 1 1 1 2 4 4 20 20 11 14 14 24 19 19 10 10 6 3 3 4 4 4 3 3 3 9 9 14 15 15 26 26 28 26 26 28 15 15 23 23 7 4 4 11
 1 1 1 1 1 2 4 4 20 20 11 14 14 24 19 19 10 10 6 3 3 4 4 4 3 3 3 9 9 14 15 15 26 26 28 26 26 28 15 15 23 23 7 4 4 11
 1 1 1 2 2 2 3 3 3 3 62 19 19 16 18 18 13 13 7 3 3 3 1 1 1 1 1 7 7 7 8 8 13 13 23 24 24 27 15 15 5 5 4 4 4 3
 0 0 1 2 2 2 2 2 3 3 10 21 21 19 18 18 10 10 12 5 5 4 3 3 0 0 0 2 2 7 7 7 12 12 7 13 13 13 13 13 2 2 5 6 6 5
 0 0 1 2 2 2 2 2 3 3 10 21 21 19 18 18 10 10 12 5 5 4 3 3 0 0 0 2 2 7 7 7 12 12 7 13 13 13 13 13 2 2 5 6 6 5
 0 0 0 1 1 1 2 2 2 2 11 23 23 47 13 13 20 20 6 1 1 3 2 2 0 0 0 1 1 1 1 1 7 7 7 13 13 0 0 0 1 1 3 6 6 8
 0 0 0 1 1 1 2 2 2 2 11 23 23 47 13 13 20 20 6 1 1 3 2 2 0 0 0 1 1 1 1 1 7 7 7 13 13 0 0 0 1 1 3 6 6 8
 0 0 1 2 2 1 1 1 2 2 8 9 9 16 11 11 10 10 3 1 1 0 0 0 1 1 0 0 0 0 0 0 0 0 0 1 1 1 1 1 1 1 2 4 4 5
 1 1 1 2 2 1 1 1 1 1 8 8 8 14 17 17 11 11 4 3 3 0 1 1 2 2 0 0 0 0 0 0 0 0 0 1 1 2 2 2 2 2 2 2 2 1
 1 1 1 2 2 1 1 1 1 1 8 8 8 14 17 17 11 11 4 3 3 0 1 1 2 2 0 0 0 0 0 0 0 0 0 1 1 2 2 2 2 2 2 2 2 1
 0 0 0 1 1 1 1 1 1 1 1 6 6 8 11 11 9 9 3 4 4 2 2 2 2 2 0 0 0 0 0 0 0 0 0 1 1 2 3 3 4 4 4 3 3 2
 1 1 1 1 1 2 1 1 1 1 4 6 6 10 22 22 22 22 16 5 5 4 2 2 1 1 0 0 0 0 1 1 0 0 0 0 0 2 3 3 4 4 4 4 4 4
 1 1 1 1 1 2 1 1 1 1 4 6 6 10 22 22 22 22 16 5 5 4 2 2 1 1 0 0 0 0 1 1 0 0 0 0 0 2 3 3 4 4 4 4 4 4
 0 0 0 1 1 4 2 2 1 1 4 5 5 10 23 23 20 20 11 4 4 2 1 1 1 1 3 3 3 3 1 1 1 1 0 0 0 1 2 2 3 3 3 3 3 3
 0 0 0 1 1 4 2 2 1 1 4 5 5 10 23 23 20 20 11 4 4 2 1 1 1 1 3 3 3 3 1 1 1 1 0 0 0 1 2 2 3 3 3 3 3 3
 0 0 0 0 0 4 0 0 0 0 0 3 3 3 4 4 7 7 8 4 4 2 1 1 0 0 1 4 4 20 20 20 6 6 0 0 0 1 2 2 2 2 2 2 2 2
 0 0 0 0 0 0 0 0 0 0 1 2 2 2 2 2 2 2 3 4 4 4 2 2 1 1 0 0 0 8 1 1 6 6 0 0 0 0 5 5 1 1 2 1 1 2
 0 0 0 0 0 0 0 0 0 0 1 2 2 2 2 2 2 2 3 4 4 4 2 2 1 1 0 0 0 8 1 1 6 6 0 0 0 0 5 5 1 1 2 1 1 2
 0 0 0 0 0 0 0 0 0 0 0 1 1 1 1 1 1 1 2 1 1 1 1 1 1 1 0 0 0 0 0 0 0 0 0 0 0 1 1 1 6 6 0 1 1 2
 0 0 0 0 0 0 0 0 0 0 0 0 0 0 0 0 0 0 0 0 0 0 0 0 0 0 0 0 0 0 1 1 1 1 1 0 0 0 1 1 0 0 0 0 0 1
 0 0 0 0 0 0 0 0 0 0 0 0 0 0 0 0 0 0 0 0 0 0 0 0 0 0 0 0 0 0 1 1 1 1 1 0 0 0 1 1 0 0 0 0 0 1
 0 0 0 0 0 0 0 0 0 0 0 0 0 1 7 7 1 1 0 0 0 2 0 0 0 0 1 1 1 6 4 4 6 6 1 0 0 0 0 0 0 0 0 0 0 1
 0 0 0 0 0 0 0 0 0 0 0 0 0 1 7 7 1 1 0 0 0 2 0 0 0 0 1 1 1 6 4 4 6 6 1 0 0 0 0 0 0 0 0 0 0 1
 0 0 0 0 0 0 0 0 0 0 0 1 1 1 14 14 1 1 0 1 1 5 43 43 0 0 0 1 1 6 6 6 6 6 5 2 2 0 0 0 0 0 0 0 0 1
 1 1 0 1 1 0 0 0 0 0 0 3 3 7 14 14 14 14 7 2 2 3 10 10 20 20 0 1 1 3 2 2 5 5 8 1 1 0 0 0 0 0 0 0 0 0
 1 1 0 1 1 0 0 0 0 0 0 3 3 7 14 14 14 14 7 2 2 3 10 10 20 20 0 1 1 3 2 2 5 5 8 1 1 0 0 0 0 0 0 0 0 0
 0 0 0 1 1 2 0 0 0 0 0 1 1 14 6 6 49 49 46 21 21 4 4 4 3 3 3 8 8 8 21 21 7 7 3 1 1 0 0 0 0 0 0 0 0 0
 0 0 0 0 0 2 0 0 0 0 0 0 0 2 4 4 31 31 46 23 23 13 4 4 12 12 3 8 8 8 19 19 2 2 1 0 0 0 0 0 0 0 0 0 0 0
 0 0 0 0 0 2 0 0 0 0 0 0 0 2 4 4 31 31 46 23 23 13 4 4 12 12 3 8 8 8 19 19 2 2 1 0 0 0 0 0 0 0 0 0 0 0
 0 0 0 0 0 0 0 0 0 0 0 2 2 3 5 5 11 11 32 42 42 34 19 19 12 12 18 20 20 2 0 0 0 0 0 0 0 0 0 0 0 0 0 0 0 0
 0 0 0 0 0 0 0 0 0 0 0 2 2 3 5 5 11 11 32 42 42 34 19 19 12 12 18 20 20 2 0 0 0 0 0 0 0 0 0 0 0 0 0 0 0 0
 0 0 0 0 0 0 1 1 0 0 0 0 0 4 1 1 16 16 7 16 16 13 5 5 12 12 28 4 4 3 1 1 1 1 0 0 0 0 0 0 0 0 0 0 0 0
 0 0 0 0 0 0 0 0 0 0 0 1 1 1 1 1 10 10 5 6 6 18 9 9 21 21 30 15 15 2 3 3 0 0 0 0 0 0 0 0 0 0 0 0 0 0
 0 0 0 0 0 0 0 0 0 0 0 1 1 1 1 1 10 10 5 6 6 18 9 9 21 21 30 15 15 2 3 3 0 0 0 0 0 0 0 0 0 0 0 0 0 0
 0 0 0 1 1 1 1 1 2 2 0 0 0 1 2 2 1 1 14 39 39 35 12 12 35 35 43 16 16 3 1 1 0 0 0 0 0 0 0 0 0 0 0 0 0 0
 0 0 0 0 0 1 1 1 2 2 2 2 2 2 1 1 1 1 9 83 83 31 58 58 56 56 16 27 27 5 0 0 0 0 0 0 0 0 0 0 0 0 0 0 0 0
 0 0 0 0 0 1 1 1 2 2 2 2 2 2 1 1 1 1 9 83 83 31 58 58 56 56 16 27 27 5 0 0 0 0 0 0 0 0 0 0 0 0 0 0 0 0
 0 0 0 0 0 0 0 0 1 1 1 8 8 1 1 1 13 13 58 87 87 13 35 35 6 6 4 8 8 1 1 1 0 0 0 0 0 0 2 2 0 0 0 0 0 0
 0 0 0 0 0 0 0 0 1 1 1 8 8 1 1 1 13 13 58 87 87 13 35 35 6 6 4 8 8 1 1 1 0 0 0 0 0 0 2 2 0 0 0 0 0 0
 0 0 1 0 0 0 0 0 2 2 1 2 2 1 1 1 4 4 2 88 88 62 71 71 37 37 6 1 1 1 6 6 0 0 1 2 2 3 1 1 1 1 1 1 1 2
 0 0 0 0 0 0 0 0 0 0 2 1 1 6 5 5 7 7 8 60 60 13 32 32 42 42 4 3 3 4 10 10 1 1 9 5 5 10 6 6 2 2 4 6 6 6
 0 0 0 0 0 0 0 0 0 0 2 1 1 6 5 5 7 7 8 60 60 13 32 32 42 42 4 3 3 4 10 10 1 1 9 5 5 10 6 6 2 2 4 6 6 6
 0 0 0 0 0 0 0 0 0 0 1 0 0 2 11 11 12 12 54 5 5 14 14 14 6 6 4 4 4 5 9 9 9 9 7 10 10 17 13 13 17 17 11 6 6 6
 0 0 0 0 0 0 0 0 1 1 1 1 1 7 9 9 60 60 63 16 16 39 15 15 25 25 10 6 6 5 10 10 56 56 14 10 10 18 19 19 10 10 6 14 14 10
 0 0 0 0 0 0 0 0 1 1 1 1 1 7 9 9 60 60 63 16 16 39 15 15 25 25 10 6 6 5 10 10 56 56 14 10 10 18 19 19 10 10 6 14 14 10
 0 0 0 0 0 0 1 1 1 1 0 0 0 4 13 13 61 61 61 80 80 57 36 36 30 30 16 16 16 47 72 72 74 74 33 18 18 10 11 11 39 39 12 17 17 13
 0 0 0 0 0 0 1 1 1 1 0 0 0 4 13 13 61 61 61 80 80 57 36 36 30 30 16 16 16 47 72 72 74 74 33 18 18 10 11 11 39 39 12 17 17 13
 0 0 0 0 0 0 0 0 0 0 1 1 1 1 3 3 33 33 63 44 44 38 31 31 29 29 27 24 24 24 28 28 75 75 50 23 23 9 12 12 12 12 11 11 11 8
 0 0 0 0 0 0 0 0 0 0 1 1 1 6 4 4 6 6 8 32 32 37 61 61 26 26 20 26 26 28 70 70 57 57 29 19 19 15 13 13 11 11 9 8 8 24
 0 0 0 0 0 0 0 0 0 0 1 1 1 6 4 4 6 6 8 32 32 37 61 61 26 26 20 26 26 28 70 70 57 57 29 19 19 15 13 13 11 11 9 8 8 24
 0 0 0 0 0 0 0 0 0 0 1 0 0 1 4 4 6 6 6 12 12 30 42 42 21 21 21 26 26 20 18 18 25 25 17 13 13 15 10 10 10 10 10 11 11 34
 0 0 0 1 1 1 0 0 0 0 0 1 1 0 1 1 1 1 12 20 20 69 31 31 17 17 25 23 23 35 17 17 9 9 8 9 9 10 14 14 21 21 44 60 60 52
 0 0 0 1 1 1 0 0 0 0 0 1 1 0 1 1 1 1 12 20 20 69 31 31 17 17 25 23 23 35 17 17 9 9 8 9 9 10 14 14 21 21 44 60 60 52
 0 0 0 1 1 1 1 1 1 1 0 0 0 8 1 1 1 1 2 5 5 11 17 17 41 41 59 26 26 18 14 14 14 14 10 31 31 18 12 12 13 13 32 62 62 49
 0 0 0 1 1 1 1 1 1 1 0 0 0 8 1 1 1 1 2 5 5 11 17 17 41 41 59 26 26 18 14 14 14 14 10 31 31 18 12 12 13 13 32 62 62 49
 0 0 1 1 1 1 1 1 0 0 0 0 0 0 0 0 1 1 3 3 3 2 11 11 45 45 60 44 44 32 21 21 15 15 22 21 21 15 20 20 51 51 22 33 33 20
 0 0 0 1 1 1 1 1 0 0 0 0 0 0 0 0 1 1 1 4 4 2 10 10 16 16 22 45 45 23 15 15 11 11 17 24 24 15 28 28 24 24 24 30 30 9
 0 0 0 1 1 1 1 1 0 0 0 0 0 0 0 0 1 1 1 4 4 2 10 10 16 16 22 45 45 23 15 15 11 11 17 24 24 15 28 28 24 24 24 30 30 9
 0 0 1 1 1 1 1 1 0 0 0 1 1 0 0 0 1 1 1 1 1 15 3 3 7 7 34 36 36 31 11 11 15 15 16 22 22 12 18 18 18 18 16 23 23 12
 0 0 1 1 1 1 1 1 0 0 0 0 0 0 0 0 0 0 0 7 7 1 4 4 6 6 20 34 34 23 12 12 3 3 9 7 7 8 12 12 13 13 13 14 14 12
 0 0 1 1 1 1 1 1 0 0 0 0 0 0 0 0 0 0 0 7 7 1 4 4 6 6 20 34 34 23 12 12 3 3 9 7 7 8 12 12 13 13 13 14 14 12
 0 0 1 1 1 1 0 0 0 0 0 0 0 0 0 0 0 0 0 1 1 0 0 0 1 1 6 57 57 20 6 6 5 5 10 7 7 6 7 7 7 7 11 8 8 11
 0 0 1 1 1 1 0 0 0 0 0 0 0 0 0 0 0 0 0 1 1 0 0 0 1 1 6 57 57 20 6 6 5 5 10 7 7 6 7 7 7 7 11 8 8 11
 0 0 1 1 1 1 0 0 0 0 0 0 0 0 0 0 0 0 0 0 0 0 1 1 1 1 2 3 3 15 12 12 18 18 6 8 8 5 17 17 11 11 18 8 8 38
 1 1 1 1 1 1 0 0 0 0 0 0 0 0 0 0 0 0 0 0 0 0 1 1 2 2 1 5 5 10 16 16 13 13 22 7 7 9 14 14 11 11 10 8 8 15
 1 1 1 1 1 1 0 0 0 0 0 0 0 0 0 0 0 0 0 0 0 0 1 1 2 2 1 5 5 10 16 16 13 13 22 7 7 9 14 14 11 11 10 8 8 15
 1 1 1 1 1 1 0 0 0 0 1 0 0 0 0 0 0 0 1 1 1 1 1 1 1 1 1 3 3 1 10 10 2 2 12 11 11 12 7 7 10 10 10 4 4 3
 1 1 1 1 1 0 0 0 0 0 0 0 0 0 0 0 1 1 2 1 1 0 0 0 1 1 1 1 1 1 1 1 8 8 17 46 46 13 21 21 13 13 11 7 7 3
 1 1 1 1 1 0 0 0 0 0 0 0 0 0 0 0 1 1 2 1 1 0 0 0 1 1 1 1 1 1 1 1 8 8 17 46 46 13 21 21 13 13 11 7 7 3
 0 0 0 1 1 0 0 0 0 0 0 0 0 0 0 0 0 0 0 0 0 0 0 0 0 0 0 0 0 0 6 6 11 11 43 115 115 56 100 100 29 29 6 3 3 5
 0 0 0 1 1 0 0 0 0 0 0 0 0 0 0 0 0 0 0 0 0 0 0 0 0 0 0 0 0 0 6 6 11 11 43 115 115 56 100 100 29 29 6 3 3 5
 0 0 0 0 0 0 0 0 0 0 0 0 0 0 0 0 0 0 0 0 0 0 0 0 0 0 0 0 0 0 4 4 5 5 10 43 43 57 64 64 25 25 3 1 1 1
 0 0 0 0 0 0 0 0 0 0 0 0 0 0 0 0 0 0 0 0 0 0 0 0 0 0 0 0 0 0 0 0 4 4 12 14 14 15 14 14 9 9 4 0 0 0
 0 0 0 0 0 0 0 0 0 0 0 0 0 0 0 0 0 0 0 0 0 0 0 0 0 0 0 0 0 0 0 0 4 4 12 14 14 15 14 14 9 9 4 0 0 0
 0 0 0 0 0 0 1 1 0 0 1 0 0 0 0 0 0 0 0 0 0 0 0 0 0 0 0 0 0 0 0 0 0 0 6 1 1 1 1 1 10 10 1 0 0 0
 0 0 0 0 0 0 0 0 0 0 0 0 0 0 0 0 0 0 1 0 0 0 2 2 1 1 0 0 0 0 0 0 0 0 0 3 3 1 1 1 1 1 2 1 1 0
