assets/RAT_results/precipitation/2018-10-19_IMERG.asc
ncols        46
nrows        77
xllcorner    74.800261325624
yllcorner    8.058333333333
cellsize     0.062500000000
NODATA_value -9999
 13 13 7 4 4 4 11 11 9 9 11 11 11 4 8 8 5 5 5 5 5 6 6 6 3 3 5 5 5 5 7 7 9 9 8 7 7 9 5 5 3 3 4 5 5 1
 16 16 12 6 6 7 39 39 39 39 12 9 9 2 3 3 7 7 6 3 3 4 5 5 4 4 5 7 7 6 7 7 14 14 14 10 10 9 7 7 6 6 4 2 2 2
 16 16 12 6 6 7 39 39 39 39 12 9 9 2 3 3 7 7 6 3 3 4 5 5 4 4 5 7 7 6 7 7 14 14 14 10 10 9 7 7 6 6 4 2 2 2
 17 17 25 10 10 7 4 4 7 7 3 2 2 2 2 2 8 8 5 3 3 3 3 3 4 4 6 11 11 11 9 9 15 15 13 9 9 14 21 21 13 13 6 3 3 4
 17 17 15 15 15 5 4 4 7 7 3 2 2 2 3 3 5 5 5 5 5 2 3 3 5 5 4 8 8 9 7 7 25 25 24 27 27 21 24 24 14 14 3 1 1 1
 17 17 15 15 15 5 4 4 7 7 3 2 2 2 3 3 5 5 5 5 5 2 3 3 5 5 4 8 8 9 7 7 25 25 24 27 27 21 24 24 14 14 3 1 1 1
 14 14 11 15 15 6 4 4 5 5 2 3 3 4 15 15 15 15 4 5 5 2 3 3 5 5 6 5 5 6 5 5 10 10 24 5 5 11 14 14 7 7 1 0 0 0
 14 14 11 15 15 6 4 4 5 5 2 3 3 4 15 15 15 15 4 5 5 2 3 3 5 5 6 5 5 6 5 5 10 10 24 5 5 11 14 14 7 7 1 0 0 0
 13 13 14 12 12 14 4 4 13 13 5 4 4 4 6 6 5 5 5 5 5 5 4 4 8 8 9 8 8 2 2 2 1 1 3 5 5 9 11 11 1 1 1 0 0 0
 13 13 15 13 13 15 4 4 2 2 3 3 3 6 8 8 5 5 8 7 7 7 3 3 13 13 9 11 11 5 2 2 0 0 0 0 0 3 3 3 1 1 0 0 0 0
 13 13 15 13 13 15 4 4 2 2 3 3 3 6 8 8 5 5 8 7 7 7 3 3 13 13 9 11 11 5 2 2 0 0 0 0 0 3 3 3 1 1 0 0 0 0
 11 11 23 15 15 11 6 6 5 5 6 7 7 2 5 5 6 6 11 9 9 7 9 9 19 19 13 11 11 5 1 1 0 0 0 0 0 3 1 1 1 1 0 0 0 1
 6 6 20 16 16 11 6 6 12 12 21 7 7 9 5 5 12 12 7 7 7 8 8 8 15 15 13 11 11 2 1 1 0 0 0 0 0 0 1 1 1 1 2 1 1 1
 6 6 20 16 16 11 6 6 12 12 21 7 7 9 5 5 12 12 7 7 7 8 8 8 15 15 13 11 11 2 1 1 0 0 0 0 0 0 1 1 1 1 2 1 1 1
 7 7 14 40 40 23 6 6 5 5 11 23 23 23 21 21 15 15 8 5 5 5 5 5 11 11 13 10 10 1 0 0 0 0 0 0 0 1 2 2 1 1 2 2 2 1
 7 7 14 40 40 23 6 6 5 5 11 23 23 23 21 21 15 15 8 5 5 5 5 5 11 11 13 10 10 1 0 0 0 0 0 0 0 1 2 2 1 1 2 2 2 1
 8 8 11 29 29 28 17 17 6 6 27 48 48 24 24 24 22 22 13 5 5 4 2 2 5 5 6 9 9 1 1 1 0 0 0 0 0 0 1 1 4 4 8 6 6 5
 13 13 7 17 17 15 18 18 12 12 28 28 28 17 17 17 9 9 5 2 2 4 4 4 3 3 7 5 5 6 1 1 1 1 0 0 0 0 3 3 11 11 14 10 10 6
 13 13 7 17 17 15 18 18 12 12 28 28 28 17 17 17 9 9 5 2 2 4 4 4 3 3 7 5 5 6 1 1 1 1 0 0 0 0 3 3 11 11 14 10 10 6
 5 5 7 10 10 55 19 19 21 21 9 19 19 52 18 18 10 10 7 8 8 12 4 4 3 3 3 9 9 4 4 4 1 1 0 3 3 1 0 0 1 1 3 8 8 7
 12 12 9 8 8 24 36 36 18 18 21 31 31 23 42 42 7 7 9 7 7 8 11 11 8 8 9 4 4 5 5 5 10 10 4 4 4 1 0 0 0 0 0 9 9 14
 12 12 9 8 8 24 36 36 18 18 21 31 31 23 42 42 7 7 9 7 7 8 11 11 8 8 9 4 4 5 5 5 10 10 4 4 4 1 0 0 0 0 0 9 9 14
 25 25 23 17 17 67 39 39 82 82 48 54 54 28 23 23 12 12 53 19 19 40 13 13 8 8 5 4 4 6 6 6 3 3 33 2 2 1 0 0 0 0 1 8 8 13
 25 25 23 17 17 67 39 39 82 82 48 54 54 28 23 23 12 12 53 19 19 40 13 13 8 8 5 4 4 6 6 6 3 3 33 2 2 1 0 0 0 0 1 8 8 13
 8 8 27 29 29 54 68 68 134 134 181 58 58 79 51 51 27 27 19 29 29 68 34 34 9 9 13 4 4 11 11 11 12 12 15 15 15 1 0 0 0 0 0 3 3 3
 6 6 24 29 29 48 27 27 82 82 108 72 72 68 28 28 21 21 20 28 28 36 29 29 9 9 6 5 5 11 15 15 10 10 29 19 19 12 1 1 1 1 0 0 0 1
 6 6 24 29 29 48 27 27 82 82 108 72 72 68 28 28 21 21 20 28 28 36 29 29 9 9 6 5 5 11 15 15 10 10 29 19 19 12 1 1 1 1 0 0 0 1
 6 6 11 22 22 14 23 23 67 67 55 44 44 39 26 26 27 27 63 19 19 32 38 38 10 10 6 8 8 9 9 9 10 10 29 33 33 6 2 2 1 1 0 0 0 1
 11 11 11 8 8 20 70 70 40 40 63 26 26 37 42 42 28 28 26 17 17 19 24 24 16 16 10 11 11 12 19 19 10 10 30 41 41 6 5 5 2 2 1 0 0 3
 11 11 11 8 8 20 70 70 40 40 63 26 26 37 42 42 28 28 26 17 17 19 24 24 16 16 10 11 11 12 19 19 10 10 30 41 41 6 5 5 2 2 1 0 0 3
 9 9 7 18 18 21 32 32 22 22 65 24 24 40 94 94 36 36 26 20 20 23 27 27 21 21 24 14 14 22 16 16 21 21 29 11 11 7 2 2 2 2 1 0 0 3
 9 9 7 18 18 21 32 32 22 22 65 24 24 40 94 94 36 36 26 20 20 23 27 27 21 21 24 14 14 22 16 16 21 21 29 11 11 7 2 2 2 2 1 0 0 3
 6 6 11 8 8 31 30 30 38 38 54 23 23 30 80 80 51 51 50 25 25 30 43 43 29 29 22 27 27 34 21 21 37 37 29 7 7 0 1 1 1 1 1 1 1 1
 8 8 7 10 10 17 41 41 44 44 40 25 25 25 117 117 77 77 57 59 59 26 29 29 35 35 21 31 31 36 30 30 54 54 18 15 15 1 1 1 1 1 0 8 8 5
 8 8 7 10 10 17 41 41 44 44 40 25 25 25 117 117 77 77 57 59 59 26 29 29 35 35 21 31 31 36 30 30 54 54 18 15 15 1 1 1 1 1 0 8 8 5
 2 2 7 10 10 11 28 28 85 85 57 39 39 30 119 119 128 128 94 58 58 62 27 27 28 28 49 51 51 31 28 28 23 23 15 15 15 5 4 4 2 2 2 8 8 5
 3 3 12 23 23 60 26 26 50 50 45 36 36 37 84 84 87 87 131 104 104 40 32 32 69 69 51 48 48 42 18 18 13 13 11 17 17 10 5 5 4 4 4 7 7 3
 3 3 12 23 23 60 26 26 50 50 45 36 36 37 84 84 87 87 131 104 104 40 32 32 69 69 51 48 48 42 18 18 13 13 11 17 17 10 5 5 4 4 4 7 7 3
 2 2 10 6 6 9 13 13 25 25 45 22 22 30 103 103 104 104 124 95 95 53 47 47 31 31 40 50 50 42 57 57 11 11 12 10 10 12 9 9 4 4 4 4 4 11
 2 2 10 6 6 9 13 13 25 25 45 22 22 30 103 103 104 104 124 95 95 53 47 47 31 31 40 50 50 42 57 57 11 11 12 10 10 12 9 9 4 4 4 4 4 11
 2 2 2 3 3 5 12 12 25 25 24 18 18 32 49 49 82 82 117 111 111 67 37 37 50 50 46 39 39 30 24 24 12 12 12 19 19 18 12 12 10 10 13 12 12 4
 1 1 6 4 4 5 5 5 18 18 19 21 21 20 30 30 80 80 81 49 49 37 40 40 38 38 42 24 24 14 21 21 17 17 14 16 16 20 12 12 14 14 10 9 9 12
 1 1 6 4 4 5 5 5 18 18 19 21 21 20 30 30 80 80 81 49 49 37 40 40 38 38 42 24 24 14 21 21 17 17 14 16 16 20 12 12 14 14 10 9 9 12
 0 0 1 2 2 3 28 28 11 11 15 17 17 21 22 22 29 29 69 32 32 16 20 20 31 31 29 23 23 19 30 30 16 16 29 28 28 19 10 10 7 7 14 12 12 11
 1 1 1 2 2 8 2 2 3 3 10 21 21 22 21 21 20 20 34 17 17 15 23 23 26 26 30 12 12 11 31 31 29 29 36 27 27 22 9 9 4 4 10 8 8 7
 1 1 1 2 2 8 2 2 3 3 10 21 21 22 21 21 20 20 34 17 17 15 23 23 26 26 30 12 12 11 31 31 29 29 36 27 27 22 9 9 4 4 10 8 8 7
 4 4 1 1 1 2 2 2 6 6 5 11 11 23 11 11 28 28 43 28 28 37 43 43 61 61 23 11 11 13 12 12 17 17 18 17 17 17 12 12 16 16 5 4 4 2
 4 4 1 1 1 2 2 2 6 6 5 11 11 23 11 11 28 28 43 28 28 37 43 43 61 61 23 11 11 13 12 12 17 17 18 17 17 17 12 12 16 16 5 4 4 2
 1 1 1 2 2 1 12 12 5 5 6 6 6 7 20 20 17 17 42 32 32 25 27 27 20 20 12 11 11 11 9 9 16 16 17 14 14 15 13 13 12 12 10 2 2 1
 0 0 1 1 1 1 2 2 3 3 1 1 1 3 3 3 7 7 49 86 86 18 54 54 39 39 22 13 13 17 13 13 12 12 15 16 16 22 23 23 22 22 12 9 9 1
 0 0 1 1 1 1 2 2 3 3 1 1 1 3 3 3 7 7 49 86 86 18 54 54 39 39 22 13 13 17 13 13 12 12 15 16 16 22 23 23 22 22 12 9 9 1
 0 0 0 1 1 1 1 1 1 1 1 1 1 2 5 5 6 6 7 16 16 60 58 58 34 34 21 14 14 12 11 11 14 14 17 54 54 20 19 19 26 26 18 14 14 6
 0 0 0 0 0 0 0 0 3 3 0 1 1 1 3 3 8 8 52 12 12 50 82 82 42 42 15 13 13 10 15 15 15 15 20 23 23 14 14 14 27 27 17 17 17 12
 0 0 0 0 0 0 0 0 3 3 0 1 1 1 3 3 8 8 52 12 12 50 82 82 42 42 15 13 13 10 15 15 15 15 20 23 23 14 14 14 27 27 17 17 17 12
 0 0 0 0 0 0 0 0 1 1 0 1 1 2 2 2 3 3 5 18 18 38 32 32 21 21 7 8 8 8 13 13 23 23 9 13 13 12 12 12 15 15 18 23 23 11
 0 0 0 0 0 0 0 0 1 1 0 1 1 2 2 2 3 3 5 18 18 38 32 32 21 21 7 8 8 8 13 13 23 23 9 13 13 12 12 12 15 15 18 23 23 11
 0 0 1 0 0 0 0 0 0 0 0 0 0 1 2 2 5 5 9 12 12 7 10 10 27 27 15 8 8 8 8 8 5 5 11 8 8 12 10 10 20 20 21 15 15 9
 0 0 0 0 0 0 0 0 0 0 0 0 0 0 4 4 1 1 7 3 3 2 8 8 5 5 8 6 6 1 4 4 4 4 8 15 15 9 12 12 17 17 25 17 17 13
 0 0 0 0 0 0 0 0 0 0 0 0 0 0 4 4 1 1 7 3 3 2 8 8 5 5 8 6 6 1 4 4 4 4 8 15 15 9 12 12 17 17 25 17 17 13
 0 0 0 0 0 0 1 1 1 1 1 1 1 1 0 0 1 1 2 1 1 2 4 4 7 7 4 5 5 3 4 4 4 4 7 9 9 7 9 9 18 18 19 13 13 10
 0 0 0 0 0 0 0 0 0 0 0 0 0 1 0 0 0 0 1 2 2 2 5 5 5 5 3 3 3 4 4 4 5 5 9 5 5 8 19 19 11 11 13 11 11 11
 0 0 0 0 0 0 0 0 0 0 0 0 0 1 0 0 0 0 1 2 2 2 5 5 5 5 3 3 3 4 4 4 5 5 9 5 5 8 19 19 11 11 13 11 11 11
 0 0 0 0 0 0 0 0 0 0 0 0 0 0 0 0 0 0 0 0 0 0 2 2 2 2 2 4 4 5 4 4 5 5 4 5 5 7 7 7 11 11 12 3 3 2
 0 0 0 0 0 0 0 0 0 0 0 0 0 0 0 0 0 0 0 0 0 0 2 2 2 2 2 4 4 5 4 4 5 5 4 5 5 7 7 7 11 11 12 3 3 2
 0 0 0 0 0 0 0 0 0 0 0 0 0 2 0 0 0 0 0 0 0 0 0 0 2 2 3 4 4 2 2 2 8 8 6 6 6 7 7 7 7 7 8 5 5 5
 0 0 0 0 0 0 0 0 0 0 0 0 0 0 0 0 0 0 0 0 0 0 1 1 1 1 2 2 2 2 3 3 7 7 4 5 5 14 8 8 8 8 8 5 5 1
 0 0 0 0 0 0 0 0 0 0 0 0 0 0 0 0 0 0 0 0 0 0 1 1 1 1 2 2 2 2 3 3 7 7 4 5 5 14 8 8 8 8 8 5 5 1
 0 0 0 0 0 0 0 0 0 0 0 2 2 0 0 0 0 0 0 0 0 0 0 0 0 0 0 2 2 2 6 6 9 9 4 11 11 22 11 11 12 12 9 5 5 3
 0 0 0 0 0 0 0 0 0 0 0 0 0 0 0 0 1 1 0 0 0 0 0 0 0 0 2 2 2 1 1 1 2 2 5 11 11 13 17 17 44 44 11 7 7 3
 0 0 0 0 0 0 0 0 0 0 0 0 0 0 0 0 1 1 0 0 0 0 0 0 0 0 2 2 2 1 1 1 2 2 5 11 11 13 17 17 44 44 11 7 7 3
 0 0 0 0 0 0 0 0 0 0 0 0 0 0 0 0 0 0 0 0 0 1 1 1 1 1 0 7 7 2 2 2 2 2 3 11 11 9 13 13 30 30 17 8 8 3
 0 0 0 0 0 0 0 0 0 0 0 0 0 0 0 0 0 0 0 0 0 1 1 1 1 1 0 7 7 2 2 2 2 2 3 11 11 9 13 13 30 30 17 8 8 3
 0 0 0 0 0 1 1 1 1 1 0 0 0 1 1 1 0 0 0 0 0 0 0 0 0 0 0 2 2 1 2 2 2 2 2 9 9 2 15 15 15 15 19 46 46 2
 0 0 0 0 0 1 1 1 1 1 1 0 0 0 0 0 1 1 0 1 1 0 0 0 0 0 0 2 2 35 4 4 5 5 4 0 0 2 15 15 9 9 33 7 7 0
 0 0 0 0 0 1 1 1 1 1 1 0 0 0 0 0 1 1 0 1 1 0 0 0 0 0 0 2 2 35 4 4 5 5 4 0 0 2 15 15 9 9 33 7 7 0
 0 0 0 0 0 1 1 1 1 1 0 0 0 0 0 0 0 0 0 0 0 0 0 0 0 0 1 1 1 2 13 13 28 28 2 1 1 1 2 2 14 14 16 7 7 1
 0 0 0 0 0 1 1 1 1 1 0 0 0 0 0 0 0 0 0 0 0 0 0 0 0 0 0 1 1 11 6 6 10 10 3 1 1 1 1 1 1 1 1 1 1 0
