assets/RAT_results/precipitation/2018-10-04_IMERG.asc
ncols        46
nrows        77
xllcorner    74.800261325624
yllcorner    8.058333333333
cellsize     0.062500000000
NODATA_value -9999
 69 69 66 70 70 90 93 93 80 80 73 22 22 7 10 10 22 22 19 19 19 15 11 11 13 13 21 12 12 4 9 9 13 13 7 8 8 14 7 7 9 9 10 6 6 8
 67 67 66 77 77 61 64 64 22 22 23 14 14 12 20 20 20 20 17 17 17 16 17 17 15 15 16 10 10 8 18 18 6 6 8 3 3 5 2 2 7 7 9 6 6 6
 67 67 66 77 77 61 64 64 22 22 23 14 14 12 20 20 20 20 17 17 17 16 17 17 15 15 16 10 10 8 18 18 6 6 8 3 3 5 2 2 7 7 9 6 6 6
 35 35 28 65 65 62 60 60 21 21 20 17 17 11 14 14 19 19 12 21 21 18 21 21 16 16 13 10 10 14 18 18 7 7 6 13 13 2 2 2 4 4 5 5 5 6
 26 26 27 31 31 30 15 15 13 13 19 15 15 14 20 20 18 18 14 13 13 19 17 17 19 19 15 10 10 4 3 3 7 7 4 5 5 2 3 3 2 2 3 4 4 7
 26 26 27 31 31 30 15 15 13 13 19 15 15 14 20 20 18 18 14 13 13 19 17 17 19 19 15 10 10 4 3 3 7 7 4 5 5 2 3 3 2 2 3 4 4 7
 19 19 25 74 74 51 22 22 21 21 12 18 18 10 18 18 11 11 12 16 16 13 8 8 9 9 10 6 6 3 6 6 2 2 3 5 5 2 5 5 3 3 3 5 5 9
 19 19 25 74 74 51 22 22 21 21 12 18 18 10 18 18 11 11 12 16 16 13 8 8 9 9 10 6 6 3 6 6 2 2 3 5 5 2 5 5 3 3 3 5 5 9
 19 19 28 55 55 65 58 58 39 39 12 12 12 10 17 17 8 8 26 13 13 8 9 9 8 8 8 4 4 1 6 6 1 1 3 2 2 1 14 14 4 4 9 4 4 9
 19 19 70 82 82 78 62 62 39 39 16 13 13 16 14 14 18 18 11 10 10 5 4 4 1 1 1 1 1 1 3 3 7 7 3 4 4 7 8 8 5 5 9 9 9 11
 19 19 70 82 82 78 62 62 39 39 16 13 13 16 14 14 18 18 11 10 10 5 4 4 1 1 1 1 1 1 3 3 7 7 3 4 4 7 8 8 5 5 9 9 9 11
 20 20 16 56 56 81 71 71 47 47 29 21 21 26 22 22 13 13 10 10 10 8 3 3 1 1 2 0 0 4 5 5 11 11 4 2 2 5 7 7 8 8 10 9 9 11
 21 21 21 41 41 37 78 78 58 58 31 25 25 24 18 18 19 19 15 12 12 9 2 2 1 1 1 1 1 3 4 4 5 5 7 4 4 6 9 9 11 11 8 12 12 17
 21 21 21 41 41 37 78 78 58 58 31 25 25 24 18 18 19 19 15 12 12 9 2 2 1 1 1 1 1 3 4 4 5 5 7 4 4 6 9 9 11 11 8 12 12 17
 20 20 21 39 39 24 50 50 60 60 38 18 18 18 23 23 23 23 15 14 14 7 3 3 2 2 6 2 2 2 2 2 4 4 6 6 6 6 5 5 7 7 9 10 10 20
 20 20 21 39 39 24 50 50 60 60 38 18 18 18 23 23 23 23 15 14 14 7 3 3 2 2 6 2 2 2 2 2 4 4 6 6 6 6 5 5 7 7 9 10 10 20
 27 27 16 18 18 21 27 27 28 28 24 16 16 19 18 18 17 17 10 8 8 6 3 3 2 2 3 3 3 3 5 5 4 4 4 5 5 6 14 14 13 13 11 14 14 20
 28 28 28 22 22 22 25 25 30 30 62 27 27 28 30 30 41 41 28 28 28 15 10 10 6 6 7 4 4 2 1 1 6 6 10 10 10 10 18 18 14 14 20 13 13 17
 28 28 28 22 22 22 25 25 30 30 62 27 27 28 30 30 41 41 28 28 28 15 10 10 6 6 7 4 4 2 1 1 6 6 10 10 10 10 18 18 14 14 20 13 13 17
 16 16 21 19 19 21 26 26 38 38 51 42 42 40 44 44 40 40 37 43 43 28 22 22 23 23 9 3 3 1 2 2 2 2 2 3 3 11 11 11 16 16 17 21 21 15
 19 19 22 21 21 21 38 38 51 51 110 95 95 65 45 45 64 64 49 54 54 63 37 37 25 25 9 3 3 2 2 2 2 2 3 3 3 8 10 10 10 10 18 20 20 17
 19 19 22 21 21 21 38 38 51 51 110 95 95 65 45 45 64 64 49 54 54 63 37 37 25 25 9 3 3 2 2 2 2 2 3 3 3 8 10 10 10 10 18 20 20 17
 17 17 19 24 24 20 31 31 39 39 116 84 84 77 76 76 93 93 73 52 52 35 20 20 21 21 5 3 3 3 3 3 3 3 3 3 3 4 10 10 10 10 15 23 23 13
 17 17 19 24 24 20 31 31 39 39 116 84 84 77 76 76 93 93 73 52 52 35 20 20 21 21 5 3 3 3 3 3 3 3 3 3 3 4 10 10 10 10 15 23 23 13
 18 18 13 17 17 20 35 35 44 44 87 92 92 90 51 51 60 60 71 68 68 67 16 16 7 7 6 2 2 4 3 3 1 1 4 3 3 3 2 2 4 4 7 7 7 14
 33 33 13 17 17 17 32 32 31 31 42 38 38 44 40 40 37 37 42 15 15 11 12 12 3 3 4 2 2 5 3 3 2 2 1 4 4 3 2 2 3 3 9 6 6 14
 33 33 13 17 17 17 32 32 31 31 42 38 38 44 40 40 37 37 42 15 15 11 12 12 3 3 4 2 2 5 3 3 2 2 1 4 4 3 2 2 3 3 9 6 6 14
 32 32 28 32 32 31 15 15 33 33 30 17 17 32 29 29 36 36 25 36 36 3 4 4 3 3 3 5 5 4 8 8 3 3 2 3 3 2 1 1 3 3 5 4 4 11
 57 57 55 27 27 31 12 12 14 14 11 14 14 17 16 16 16 16 13 11 11 8 12 12 5 5 6 4 4 5 10 10 9 9 3 4 4 4 2 2 4 4 11 6 6 10
 57 57 55 27 27 31 12 12 14 14 11 14 14 17 16 16 16 16 13 11 11 8 12 12 5 5 6 4 4 5 10 10 9 9 3 4 4 4 2 2 4 4 11 6 6 10
 64 64 59 47 47 47 40 40 10 10 7 7 7 9 5 5 10 10 9 3 3 3 4 4 6 6 8 6 6 6 8 8 11 11 10 8 8 6 2 2 9 9 13 11 11 8
 64 64 59 47 47 47 40 40 10 10 7 7 7 9 5 5 10 10 9 3 3 3 4 4 6 6 8 6 6 6 8 8 11 11 10 8 8 6 2 2 9 9 13 11 11 8
 88 88 82 69 69 47 41 41 25 25 2 4 4 7 8 8 9 9 9 6 6 4 9 9 6 6 9 14 14 9 7 7 12 12 13 21 21 26 10 10 23 23 18 17 17 12
 121 121 88 76 76 50 51 51 26 26 1 2 2 1 5 5 8 8 11 7 7 9 4 4 11 11 11 14 14 15 11 11 13 13 17 21 21 26 26 26 23 23 22 28 28 21
 121 121 88 76 76 50 51 51 26 26 1 2 2 1 5 5 8 8 11 7 7 9 4 4 11 11 11 14 14 15 11 11 13 13 17 21 21 26 26 26 23 23 22 28 28 21
 124 124 126 87 87 62 33 33 24 24 7 2 2 2 6 6 10 10 13 10 10 10 11 11 9 9 13 16 16 19 24 24 17 17 22 23 23 32 30 30 33 33 32 26 26 13
 138 138 94 95 95 67 53 53 32 32 9 2 2 4 8 8 9 9 11 13 13 10 17 17 19 19 15 14 14 16 17 17 18 18 22 34 34 37 33 33 32 32 28 28 28 13
 138 138 94 95 95 67 53 53 32 32 9 2 2 4 8 8 9 9 11 13 13 10 17 17 19 19 15 14 14 16 17 17 18 18 22 34 34 37 33 33 32 32 28 28 28 13
 141 141 92 104 104 72 61 61 44 44 8 4 4 3 7 7 10 10 10 12 12 14 14 14 25 25 12 16 16 28 20 20 23 23 22 29 29 19 36 36 34 34 24 22 22 17
 141 141 92 104 104 72 61 61 44 44 8 4 4 3 7 7 10 10 10 12 12 14 14 14 25 25 12 16 16 28 20 20 23 23 22 29 29 19 36 36 34 34 24 22 22 17
 169 169 102 61 61 69 60 60 25 25 7 2 2 3 3 3 3 3 12 13 13 17 24 24 15 15 14 18 18 34 36 36 35 35 25 24 24 26 28 28 22 22 22 13 13 12
 159 159 92 49 49 59 49 49 22 22 8 4 4 3 5 5 5 5 16 17 17 24 18 18 16 16 19 15 15 15 31 31 20 20 34 41 41 41 28 28 16 16 18 11 11 9
 159 159 92 49 49 59 49 49 22 22 8 4 4 3 5 5 5 5 16 17 17 24 18 18 16 16 19 15 15 15 31 31 20 20 34 41 41 41 28 28 16 16 18 11 11 9
 73 73 82 41 41 25 25 25 12 12 6 5 5 5 5 5 4 4 6 18 18 23 24 24 21 21 24 31 31 23 36 36 20 20 37 35 35 32 43 43 20 20 12 9 9 4
 52 52 53 18 18 14 12 12 9 9 6 5 5 7 6 6 7 7 9 21 21 23 23 23 29 29 43 88 88 84 41 41 30 30 38 35 35 29 22 22 17 17 7 4 4 5
 52 52 53 18 18 14 12 12 9 9 6 5 5 7 6 6 7 7 9 21 21 23 23 23 29 29 43 88 88 84 41 41 30 30 38 35 35 29 22 22 17 17 7 4 4 5
 50 50 47 5 5 8 6 6 8 8 14 7 7 11 7 7 7 7 10 17 17 22 20 20 28 28 38 79 79 88 40 40 58 58 29 28 28 28 19 19 14 14 12 4 4 3
 50 50 47 5 5 8 6 6 8 8 14 7 7 11 7 7 7 7 10 17 17 22 20 20 28 28 38 79 79 88 40 40 58 58 29 28 28 28 19 19 14 14 12 4 4 3
 43 43 21 24 24 23 12 12 3 3 12 11 11 7 7 7 5 5 7 16 16 23 23 23 26 26 89 89 89 129 56 56 55 55 28 22 22 19 30 30 32 32 16 6 6 2
 69 69 20 21 21 21 2 2 6 6 17 15 15 7 6 6 5 5 8 12 12 23 24 24 24 24 89 89 89 100 53 53 48 48 27 17 17 20 26 26 27 27 17 10 10 3
 69 69 20 21 21 21 2 2 6 6 17 15 15 7 6 6 5 5 8 12 12 23 24 24 24 24 89 89 89 100 53 53 48 48 27 17 17 20 26 26 27 27 17 10 10 3
 69 69 19 22 22 26 35 35 23 23 19 15 15 8 9 9 8 8 9 17 17 20 23 23 27 27 37 42 42 103 49 49 45 45 21 28 28 27 38 38 32 32 17 13 13 3
 40 40 12 11 11 24 25 25 28 28 20 6 6 9 9 9 11 11 14 16 16 20 20 20 26 26 27 72 72 54 58 58 37 37 29 27 27 25 29 29 44 44 16 21 21 13
 40 40 12 11 11 24 25 25 28 28 20 6 6 9 9 9 11 11 14 16 16 20 20 20 26 26 27 72 72 54 58 58 37 37 29 27 27 25 29 29 44 44 16 21 21 13
 35 35 29 13 13 26 32 32 32 32 33 31 31 6 10 10 6 6 10 26 26 32 29 29 33 33 26 70 70 42 45 45 41 41 35 29 29 29 28 28 36 36 18 23 23 16
 35 35 29 13 13 26 32 32 32 32 33 31 31 6 10 10 6 6 10 26 26 32 29 29 33 33 26 70 70 42 45 45 41 41 35 29 29 29 28 28 36 36 18 23 23 16
 36 36 41 5 5 14 13 13 24 24 26 31 31 5 7 7 8 8 9 23 23 29 27 27 25 25 19 40 40 41 41 41 41 41 34 27 27 25 18 18 45 45 47 31 31 16
 36 36 6 9 9 8 12 12 22 22 26 8 8 9 9 9 10 10 15 22 22 25 26 26 29 29 21 28 28 28 42 42 42 42 34 27 27 28 21 21 24 24 40 37 37 25
 36 36 6 9 9 8 12 12 22 22 26 8 8 9 9 9 10 10 15 22 22 25 26 26 29 29 21 28 28 28 42 42 42 42 34 27 27 28 21 21 24 24 40 37 37 25
 42 42 12 9 9 22 20 20 5 5 2 5 5 6 7 7 10 10 11 20 20 22 24 24 27 27 20 26 26 29 45 45 48 48 29 18 18 21 23 23 25 25 42 31 31 25
 23 23 55 47 47 15 43 43 4 4 3 3 3 6 5 5 8 8 11 13 13 21 23 23 33 33 21 27 27 28 31 31 30 30 30 23 23 24 29 29 58 58 54 59 59 37
 23 23 55 47 47 15 43 43 4 4 3 3 3 6 5 5 8 8 11 13 13 21 23 23 33 33 21 27 27 28 31 31 30 30 30 23 23 24 29 29 58 58 54 59 59 37
 11 11 62 16 16 12 45 45 5 5 2 2 2 2 5 5 6 6 11 11 11 17 19 19 30 30 19 26 26 27 25 25 21 21 29 23 23 24 42 42 49 49 92 68 68 141
 11 11 62 16 16 12 45 45 5 5 2 2 2 2 5 5 6 6 11 11 11 17 19 19 30 30 19 26 26 27 25 25 21 21 29 23 23 24 42 42 49 49 92 68 68 141
 16 16 17 13 13 12 9 9 5 5 2 2 2 2 4 4 5 5 9 9 9 13 14 14 25 25 33 27 27 28 29 29 27 27 29 24 24 30 33 33 34 34 66 60 60 149
 28 28 15 12 12 12 27 27 9 9 5 3 3 3 4 4 4 4 12 6 6 11 15 15 29 29 19 30 30 37 33 33 36 36 26 26 26 44 51 51 37 37 32 45 45 53
 28 28 15 12 12 12 27 27 9 9 5 3 3 3 4 4 4 4 12 6 6 11 15 15 29 29 19 30 30 37 33 33 36 36 26 26 26 44 51 51 37 37 32 45 45 53
 18 18 15 14 14 8 10 10 9 9 5 2 2 1 2 2 3 3 4 4 4 6 5 5 25 25 17 34 34 32 30 30 32 32 27 34 34 34 56 56 33 33 33 51 51 19
 17 17 11 12 12 5 3 3 6 6 2 1 1 0 1 1 2 2 2 4 4 4 4 4 4 4 14 16 16 20 25 25 29 29 21 33 33 32 33 33 31 31 29 28 28 25
 17 17 11 12 12 5 3 3 6 6 2 1 1 0 1 1 2 2 2 4 4 4 4 4 4 4 14 16 16 20 25 25 29 29 21 33 33 32 33 33 31 31 29 28 28 25
 9 9 19 7 7 4 2 2 2 2 1 2 2 0 1 1 1 1 7 2 2 3 9 9 2 2 6 4 4 9 21 21 22 22 26 32 32 34 39 39 26 26 31 34 34 36
 9 9 19 7 7 4 2 2 2 2 1 2 2 0 1 1 1 1 7 2 2 3 9 9 2 2 6 4 4 9 21 21 22 22 26 32 32 34 39 39 26 26 31 34 34 36
 13 13 10 5 5 5 4 4 4 4 3 2 2 0 1 1 3 3 4 5 5 2 3 3 3 3 7 13 13 5 11 11 13 13 23 26 26 27 48 48 31 31 36 38 38 41
 11 11 9 6 6 8 4 4 3 3 2 0 0 0 3 3 1 1 6 2 2 1 1 1 2 2 5 3 3 2 2 2 14 14 20 23 23 29 37 37 35 35 42 43 43 60
 11 11 9 6 6 8 4 4 3 3 2 0 0 0 3 3 1 1 6 2 2 1 1 1 2 2 5 3 3 2 2 2 14 14 20 23 23 29 37 37 35 35 42 43 43 60
 10 10 13 7 7 7 4 4 3 3 2 2 2 8 5 5 20 20 7 5 5 8 18 18 13 13 10 4 4 4 3 3 7 7 8 33 33 33 56 56 40 40 44 46 46 43
 11 11 10 8 8 8 4 4 3 3 4 5 5 5 5 5 15 15 16 17 17 18 7 7 13 13 13 10 10 7 5 5 4 4 6 24 24 23 40 40 45 45 52 32 32 24
