assets/RAT_results/precipitation/2018-03-15_IMERG.asc
ncols        46
nrows        77
xllcorner    74.800261325624
yllcorner    8.058333333333
cellsize     0.062500000000
NODATA_value -9999
 2 2 1 0 0 1 2 2 2 2 0 2 2 8 12 12 3 3 15 11 11 12 6 6 10 10 20 37 37 20 13 13 14 14 20 15 15 12 8 8 7 7 5 14 14 16
 4 4 1 1 1 0 1 1 2 2 2 1 1 3 3 3 7 7 15 11 11 17 9 9 5 5 10 40 40 13 15 15 15 15 24 11 11 12 6 6 4 4 8 19 19 18
 4 4 1 1 1 0 1 1 2 2 2 1 1 3 3 3 7 7 15 11 11 17 9 9 5 5 10 40 40 13 15 15 15 15 24 11 11 12 6 6 4 4 8 19 19 18
 6 6 1 1 1 1 1 1 3 3 2 3 3 3 2 2 4 4 11 13 13 14 13 13 22 22 11 23 23 10 5 5 10 10 10 18 18 13 4 4 6 6 5 15 15 17
 4 4 3 2 2 0 1 1 1 1 2 2 2 4 2 2 4 4 24 11 11 37 18 18 16 16 6 6 6 8 6 6 3 3 12 19 19 4 4 4 5 5 6 12 12 18
 4 4 3 2 2 0 1 1 1 1 2 2 2 4 2 2 4 4 24 11 11 37 18 18 16 16 6 6 6 8 6 6 3 3 12 19 19 4 4 4 5 5 6 12 12 18
 3 3 6 4 4 1 1 1 1 1 2 1 1 2 3 3 19 19 27 11 11 8 6 6 12 12 18 28 28 9 8 8 4 4 43 8 8 4 3 3 5 5 4 10 10 10
 3 3 6 4 4 1 1 1 1 1 2 1 1 2 3 3 19 19 27 11 11 8 6 6 12 12 18 28 28 9 8 8 4 4 43 8 8 4 3 3 5 5 4 10 10 10
 10 10 5 5 5 2 1 1 1 1 1 1 1 2 2 2 7 7 5 10 10 9 10 10 14 14 10 5 5 21 4 4 6 6 3 4 4 3 3 3 5 5 2 5 5 1
 3 3 3 4 4 3 0 0 1 1 0 1 1 0 1 1 1 1 7 4 4 10 13 13 10 10 8 18 18 5 7 7 4 4 2 2 2 1 1 1 2 2 2 2 2 1
 3 3 3 4 4 3 0 0 1 1 0 1 1 0 1 1 1 1 7 4 4 10 13 13 10 10 8 18 18 5 7 7 4 4 2 2 2 1 1 1 2 2 2 2 2 1
 3 3 5 4 4 5 1 1 1 1 0 2 2 0 0 0 4 4 8 3 3 9 12 12 12 12 9 8 8 6 2 2 3 3 2 1 1 3 0 0 0 0 2 0 0 1
 6 6 8 7 7 7 6 6 1 1 1 1 1 1 0 0 3 3 2 5 5 9 8 8 7 7 7 8 8 5 6 6 1 1 9 1 1 0 1 1 1 1 2 0 0 4
 6 6 8 7 7 7 6 6 1 1 1 1 1 1 0 0 3 3 2 5 5 9 8 8 7 7 7 8 8 5 6 6 1 1 9 1 1 0 1 1 1 1 2 0 0 4
 8 8 8 8 8 8 9 9 3 3 3 1 1 1 1 1 5 5 4 12 12 12 7 7 5 5 3 5 5 1 1 1 1 1 2 1 1 0 1 1 3 3 1 1 1 1
 8 8 8 8 8 8 9 9 3 3 3 1 1 1 1 1 5 5 4 12 12 12 7 7 5 5 3 5 5 1 1 1 1 1 2 1 1 0 1 1 3 3 1 1 1 1
 19 19 18 12 12 8 9 9 10 10 8 7 7 5 8 8 11 11 10 9 9 10 10 10 5 5 2 3 3 6 2 2 1 1 1 1 1 0 25 25 2 2 2 1 1 1
 20 20 13 4 4 5 6 6 11 11 12 9 9 19 23 23 25 25 24 13 13 10 10 10 8 8 11 6 6 2 2 2 1 1 1 7 7 26 26 26 2 2 1 2 2 1
 20 20 13 4 4 5 6 6 11 11 12 9 9 19 23 23 25 25 24 13 13 10 10 10 8 8 11 6 6 2 2 2 1 1 1 7 7 26 26 26 2 2 1 2 2 1
 9 9 7 6 6 7 6 6 63 63 62 58 58 51 26 26 26 26 22 18 18 15 14 14 16 16 16 13 13 3 1 1 1 1 8 11 11 25 18 18 3 3 3 2 2 1
 11 11 12 7 7 10 11 11 13 13 32 50 50 42 36 36 31 31 26 19 19 19 17 17 20 20 21 13 13 3 7 7 3 3 3 10 10 20 20 20 4 4 4 3 3 3
 11 11 12 7 7 10 11 11 13 13 32 50 50 42 36 36 31 31 26 19 19 19 17 17 20 20 21 13 13 3 7 7 3 3 3 10 10 20 20 20 4 4 4 3 3 3
 8 8 14 3 3 14 15 15 15 15 62 61 61 46 16 16 16 16 18 23 23 27 24 24 26 26 72 22 22 11 13 13 3 3 3 18 18 7 3 3 3 3 5 3 3 5
 8 8 14 3 3 14 15 15 15 15 62 61 61 46 16 16 16 16 18 23 23 27 24 24 26 26 72 22 22 11 13 13 3 3 3 18 18 7 3 3 3 3 5 3 3 5
 12 12 18 5 5 5 12 12 2 2 9 11 11 14 11 11 12 12 15 13 13 16 28 28 35 35 46 44 44 35 22 22 14 14 9 22 22 8 3 3 3 3 3 2 2 0
 31 31 10 1 1 7 6 6 2 2 6 1 1 1 4 4 5 5 7 10 10 21 25 25 36 36 52 64 64 32 55 55 16 16 7 14 14 5 2 2 2 2 1 1 1 0
 31 31 10 1 1 7 6 6 2 2 6 1 1 1 4 4 5 5 7 10 10 21 25 25 36 36 52 64 64 32 55 55 16 16 7 14 14 5 2 2 2 2 1 1 1 0
 29 29 30 8 8 13 4 4 6 6 1 1 1 0 2 2 3 3 4 6 6 6 33 33 59 59 68 36 36 51 48 48 31 31 17 22 22 13 11 11 4 4 4 1 1 0
 5 5 19 24 24 8 0 0 1 1 1 1 1 1 3 3 2 2 2 2 2 2 38 38 55 55 73 68 68 73 52 52 37 37 68 12 12 4 8 8 2 2 4 1 1 0
 5 5 19 24 24 8 0 0 1 1 1 1 1 1 3 3 2 2 2 2 2 2 38 38 55 55 73 68 68 73 52 52 37 37 68 12 12 4 8 8 2 2 4 1 1 0
 8 8 6 2 2 2 1 1 1 1 2 0 0 1 1 1 1 1 1 1 1 1 4 4 8 8 37 62 62 59 58 58 22 22 25 9 9 6 6 6 1 1 1 0 0 0
 8 8 6 2 2 2 1 1 1 1 2 0 0 1 1 1 1 1 1 1 1 1 4 4 8 8 37 62 62 59 58 58 22 22 25 9 9 6 6 6 1 1 1 0 0 0
 23 23 18 18 18 19 1 1 1 1 2 0 0 1 1 1 1 1 1 1 1 1 3 3 2 2 17 67 67 74 63 63 23 23 20 10 10 5 4 4 1 1 0 0 0 1
 4 4 8 19 19 4 2 2 1 1 2 1 1 0 0 0 1 1 1 2 2 3 3 3 2 2 5 27 27 56 77 77 69 69 20 14 14 28 2 2 2 2 0 1 1 1
 4 4 8 19 19 4 2 2 1 1 2 1 1 0 0 0 1 1 1 2 2 3 3 3 2 2 5 27 27 56 77 77 69 69 20 14 14 28 2 2 2 2 0 1 1 1
 8 8 5 7 7 5 5 5 7 7 2 1 1 0 1 1 1 1 1 1 1 3 5 5 4 4 5 24 24 171 70 70 36 36 14 11 11 6 9 9 4 4 1 1 1 1
 2 2 1 1 1 1 6 6 6 6 2 2 2 0 1 1 1 1 1 1 1 4 6 6 5 5 4 44 44 32 154 154 121 121 30 8 8 2 1 1 1 1 20 0 0 0
 2 2 1 1 1 1 6 6 6 6 2 2 2 0 1 1 1 1 1 1 1 4 6 6 5 5 4 44 44 32 154 154 121 121 30 8 8 2 1 1 1 1 20 0 0 0
 3 3 2 1 1 1 1 1 0 0 0 1 1 0 0 0 1 1 1 1 1 3 6 6 5 5 9 29 29 40 34 34 206 206 37 12 12 3 2 2 5 5 21 0 0 0
 3 3 2 1 1 1 1 1 0 0 0 1 1 0 0 0 1 1 1 1 1 3 6 6 5 5 9 29 29 40 34 34 206 206 37 12 12 3 2 2 5 5 21 0 0 0
 4 4 3 2 2 1 1 1 0 0 0 0 0 2 0 0 1 1 1 0 0 1 2 2 2 2 6 21 21 49 44 44 194 194 49 19 19 3 1 1 19 19 3 3 3 0
 11 11 5 4 4 2 1 1 2 2 0 1 1 2 0 0 0 0 0 0 0 0 2 2 1 1 3 13 13 32 76 76 35 35 53 33 33 20 1 1 2 2 4 0 0 0
 11 11 5 4 4 2 1 1 2 2 0 1 1 2 0 0 0 0 0 0 0 0 2 2 1 1 3 13 13 32 76 76 35 35 53 33 33 20 1 1 2 2 4 0 0 0
 23 23 11 11 11 4 1 1 1 1 1 0 0 1 0 0 0 0 1 0 0 0 1 1 1 1 5 10 10 34 71 71 82 82 38 39 39 22 8 8 0 0 0 0 0 0
 26 26 16 14 14 4 2 2 1 1 4 0 0 0 1 1 0 0 0 1 1 0 0 0 2 2 1 28 28 43 53 53 43 43 54 26 26 29 17 17 0 0 0 0 0 0
 26 26 16 14 14 4 2 2 1 1 4 0 0 0 1 1 0 0 0 1 1 0 0 0 2 2 1 28 28 43 53 53 43 43 54 26 26 29 17 17 0 0 0 0 0 0
 18 18 11 10 10 3 1 1 1 1 1 2 2 0 0 0 0 0 0 0 0 0 0 0 1 1 2 8 8 59 41 41 37 37 32 24 24 12 0 0 1 1 0 1 1 0
 18 18 11 10 10 3 1 1 1 1 1 2 2 0 0 0 0 0 0 0 0 0 0 0 1 1 2 8 8 59 41 41 37 37 32 24 24 12 0 0 1 1 0 1 1 0
 9 9 8 7 7 4 1 1 0 0 0 1 1 0 0 0 0 0 0 0 0 0 0 0 1 1 1 3 3 22 50 50 37 37 43 20 20 8 1 1 0 0 0 0 0 0
 9 9 1 4 4 11 2 2 2 2 1 4 4 1 0 0 0 0 0 0 0 0 3 3 1 1 8 4 4 17 33 33 56 56 27 18 18 6 4 4 0 0 1 0 0 0
 9 9 1 4 4 11 2 2 2 2 1 4 4 1 0 0 0 0 0 0 0 0 3 3 1 1 8 4 4 17 33 33 56 56 27 18 18 6 4 4 0 0 1 0 0 0
 13 13 2 4 4 2 3 3 2 2 1 1 1 0 0 0 0 0 0 0 0 1 9 9 1 1 1 4 4 11 35 35 56 56 23 19 19 20 4 4 0 0 0 1 1 0
 2 2 2 4 4 5 4 4 3 3 1 0 0 0 0 0 1 1 0 0 0 0 1 1 1 1 2 4 4 6 8 8 30 30 32 22 22 7 8 8 3 3 0 3 3 1
 2 2 2 4 4 5 4 4 3 3 1 0 0 0 0 0 1 1 0 0 0 0 1 1 1 1 2 4 4 6 8 8 30 30 32 22 22 7 8 8 3 3 0 3 3 1
 2 2 1 4 4 34 6 6 1 1 1 0 0 0 0 0 0 0 0 0 0 0 0 0 0 0 2 1 1 1 21 21 20 20 27 53 53 20 6 6 2 2 0 1 1 0
 2 2 1 4 4 34 6 6 1 1 1 0 0 0 0 0 0 0 0 0 0 0 0 0 0 0 2 1 1 1 21 21 20 20 27 53 53 20 6 6 2 2 0 1 1 0
 1 1 0 5 5 7 4 4 2 2 1 0 0 0 0 0 0 0 0 0 0 1 0 0 0 0 1 1 1 4 1 1 7 7 25 33 33 16 17 17 0 0 0 0 0 0
 0 0 0 2 2 3 5 5 5 5 2 1 1 0 0 0 1 1 1 1 1 1 0 0 1 1 1 1 1 0 0 0 1 1 2 6 6 5 1 1 0 0 0 1 1 0
 0 0 0 2 2 3 5 5 5 5 2 1 1 0 0 0 1 1 1 1 1 1 0 0 1 1 1 1 1 0 0 0 1 1 2 6 6 5 1 1 0 0 0 1 1 0
 1 1 0 0 0 2 5 5 5 5 3 1 1 1 0 0 0 0 0 1 1 1 0 0 0 0 0 1 1 0 1 1 0 0 1 3 3 2 1 1 0 0 0 0 0 0
 0 0 1 1 1 3 4 4 3 3 2 3 3 4 1 1 0 0 0 2 2 0 0 0 0 0 0 0 0 1 0 0 2 2 1 3 3 1 0 0 0 0 0 0 0 0
 0 0 1 1 1 3 4 4 3 3 2 3 3 4 1 1 0 0 0 2 2 0 0 0 0 0 0 0 0 1 0 0 2 2 1 3 3 1 0 0 0 0 0 0 0 0
 1 1 2 2 2 4 5 5 3 3 1 1 1 4 1 1 0 0 0 1 1 0 0 0 0 0 0 0 0 1 0 0 0 0 0 1 1 0 0 0 2 2 2 0 0 0
 1 1 2 2 2 4 5 5 3 3 1 1 1 4 1 1 0 0 0 1 1 0 0 0 0 0 0 0 0 1 0 0 0 0 0 1 1 0 0 0 2 2 2 0 0 0
 2 2 4 2 2 5 5 5 2 2 3 3 3 0 0 0 0 0 0 0 0 2 0 0 0 0 0 0 0 1 2 2 0 0 0 0 0 0 1 1 5 5 1 0 0 0
 1 1 5 4 4 5 4 4 4 4 1 0 0 0 0 0 0 0 0 1 1 1 0 0 0 0 0 0 0 0 1 1 1 1 0 0 0 4 4 4 3 3 1 2 2 0
 1 1 5 4 4 5 4 4 4 4 1 0 0 0 0 0 0 0 0 1 1 1 0 0 0 0 0 0 0 0 1 1 1 1 0 0 0 4 4 4 3 3 1 2 2 0
 2 2 7 1 1 0 4 4 3 3 0 0 0 0 0 0 0 0 0 0 0 1 7 7 3 3 0 0 0 0 0 0 1 1 0 0 0 0 5 5 0 0 0 0 0 0
 2 2 3 1 1 0 0 0 0 0 0 0 0 0 0 0 0 0 0 0 0 1 1 1 0 0 0 0 0 1 0 0 0 0 0 0 0 0 4 4 8 8 0 0 0 0
 2 2 3 1 1 0 0 0 0 0 0 0 0 0 0 0 0 0 0 0 0 1 1 1 0 0 0 0 0 1 0 0 0 0 0 0 0 0 4 4 8 8 0 0 0 0
 1 1 1 1 1 0 0 0 0 0 0 0 0 0 0 0 0 0 0 0 0 0 1 1 0 0 1 0 0 0 0 0 1 1 0 1 1 0 2 2 2 2 5 2 2 0
 1 1 1 1 1 0 0 0 0 0 0 0 0 0 0 0 0 0 0 0 0 0 1 1 0 0 1 0 0 0 0 0 1 1 0 1 1 0 2 2 2 2 5 2 2 0
 0 0 0 1 1 2 0 0 0 0 0 0 0 0 0 0 0 0 0 0 0 0 0 0 0 0 0 0 0 0 1 1 1 1 0 1 1 1 2 2 2 2 0 0 0 0
 2 2 0 0 0 0 0 0 0 0 0 0 0 0 0 0 0 0 1 0 0 0 0 0 0 0 1 1 1 0 0 0 0 0 0 0 0 0 1 1 1 1 0 0 0 0
 2 2 0 0 0 0 0 0 0 0 0 0 0 0 0 0 0 0 1 0 0 0 0 0 0 0 1 1 1 0 0 0 0 0 0 0 0 0 1 1 1 1 0 0 0 0
 1 1 0 0 0 0 0 0 0 0 0 0 0 0 0 0 0 0 0 1 1 1 1 1 0 0 0 0 0 0 0 0 0 0 0 0 0 0 0 0 1 1 2 0 0 0
 1 1 0 0 0 1 0 0 0 0 0 0 0 0 0 0 0 0 0 1 1 1 1 1 1 1 0 1 1 0 0 0 0 0 0 0 0 0 0 0 1 1 1 0 0 0
