assets/RAT_results/precipitation/2018-05-19_IMERG.asc
ncols        46
nrows        77
xllcorner    74.800261325624
yllcorner    8.058333333333
cellsize     0.062500000000
NODATA_value -9999
 5 5 5 4 4 7 13 13 13 13 47 29 29 20 15 15 6 6 6 6 6 7 15 15 19 19 20 23 23 27 30 30 26 26 24 32 32 23 20 20 17 17 14 16 16 19
 5 5 6 6 6 6 13 13 13 13 16 28 28 18 18 18 7 7 5 5 5 4 16 16 12 12 16 71 71 44 44 44 51 51 29 29 29 28 26 26 20 20 17 17 17 17
 5 5 6 6 6 6 13 13 13 13 16 28 28 18 18 18 7 7 5 5 5 4 16 16 12 12 16 71 71 44 44 44 51 51 29 29 29 28 26 26 20 20 17 17 17 17
 5 5 6 15 15 8 13 13 21 21 23 32 32 18 19 19 7 7 7 5 5 4 9 9 31 31 64 52 52 40 50 50 38 38 40 42 42 22 15 15 16 16 22 14 14 13
 23 23 11 11 11 7 15 15 17 17 23 27 27 18 19 19 10 10 8 6 6 5 6 6 17 17 18 43 43 36 42 42 39 39 40 27 27 18 15 15 13 13 13 15 15 15
 23 23 11 11 11 7 15 15 17 17 23 27 27 18 19 19 10 10 8 6 6 5 6 6 17 17 18 43 43 36 42 42 39 39 40 27 27 18 15 15 13 13 13 15 15 15
 17 17 26 12 12 15 23 23 21 21 25 21 21 19 22 22 12 12 10 9 9 6 6 6 15 15 15 41 41 55 56 56 32 32 41 25 25 16 14 14 13 13 13 11 11 11
 17 17 26 12 12 15 23 23 21 21 25 21 21 19 22 22 12 12 10 9 9 6 6 6 15 15 15 41 41 55 56 56 32 32 41 25 25 16 14 14 13 13 13 11 11 11
 10 10 8 13 13 10 19 19 22 22 25 27 27 27 20 20 13 13 10 9 9 7 7 7 15 15 18 45 45 56 56 56 56 56 40 26 26 27 21 21 12 12 12 10 10 11
 3 3 5 5 5 10 30 30 29 29 27 20 20 27 19 19 12 12 11 9 9 9 12 12 15 15 25 49 49 60 56 56 57 57 41 28 28 29 27 27 20 20 11 10 10 10
 3 3 5 5 5 10 30 30 29 29 27 20 20 27 19 19 12 12 11 9 9 9 12 12 15 15 25 49 49 60 56 56 57 57 41 28 28 29 27 27 20 20 11 10 10 10
 2 2 4 5 5 6 4 4 6 6 14 24 24 29 21 21 15 15 14 13 13 15 24 24 25 25 33 51 51 44 56 56 60 60 37 34 34 27 26 26 24 24 16 14 14 9
 2 2 3 5 5 7 5 5 16 16 14 17 17 28 24 24 17 17 18 12 12 12 25 25 20 20 34 39 39 47 55 55 56 56 38 51 51 19 23 23 18 18 17 14 14 10
 2 2 3 5 5 7 5 5 16 16 14 17 17 28 24 24 17 17 18 12 12 12 25 25 20 20 34 39 39 47 55 55 56 56 38 51 51 19 23 23 18 18 17 14 14 10
 3 3 3 4 4 5 6 6 9 9 11 16 16 27 26 26 19 19 19 13 13 11 21 21 25 25 29 31 31 19 31 31 63 63 52 51 51 22 20 20 17 17 12 12 12 6
 3 3 3 4 4 5 6 6 9 9 11 16 16 27 26 26 19 19 19 13 13 11 21 21 25 25 29 31 31 19 31 31 63 63 52 51 51 22 20 20 17 17 12 12 12 6
 5 5 3 4 4 5 7 7 8 8 12 13 13 24 24 24 20 20 20 13 13 13 10 10 10 10 11 11 11 18 33 33 53 53 39 38 38 22 18 18 12 12 17 12 12 10
 8 8 3 6 6 7 8 8 6 6 8 11 11 18 22 22 21 21 26 14 14 14 10 10 10 10 10 16 16 14 17 17 37 37 40 36 36 37 21 21 16 16 15 15 15 14
 8 8 3 6 6 7 8 8 6 6 8 11 11 18 22 22 21 21 26 14 14 14 10 10 10 10 10 16 16 14 17 17 37 37 40 36 36 37 21 21 16 16 15 15 15 14
 8 8 6 8 8 9 7 7 6 6 6 11 11 18 22 22 22 22 24 15 15 17 27 27 43 43 22 25 25 13 13 13 24 24 24 24 24 37 16 16 16 16 21 19 19 24
 10 10 10 9 9 10 10 10 8 8 11 13 13 21 22 22 24 24 20 14 14 19 27 27 68 68 58 37 37 15 10 10 11 11 24 15 15 11 14 14 17 17 24 25 25 18
 10 10 10 9 9 10 10 10 8 8 11 13 13 21 22 22 24 24 20 14 14 19 27 27 68 68 58 37 37 15 10 10 11 11 24 15 15 11 14 14 17 17 24 25 25 18
 12 12 11 11 11 14 15 15 11 11 12 12 12 16 20 20 21 21 21 21 21 22 27 27 72 72 46 10 10 9 11 11 14 14 12 9 9 10 13 13 11 11 20 18 18 14
 12 12 11 11 11 14 15 15 11 11 12 12 12 16 20 20 21 21 21 21 21 22 27 27 72 72 46 10 10 9 11 11 14 14 12 9 9 10 13 13 11 11 20 18 18 14
 18 18 13 14 14 14 17 17 12 12 10 11 11 14 18 18 20 20 21 20 20 18 12 12 18 18 44 6 6 7 9 9 12 12 11 8 8 8 8 8 10 10 12 12 12 14
 14 14 12 14 14 14 16 16 10 10 11 8 8 11 13 13 21 21 22 24 24 16 8 8 11 11 10 8 8 8 6 6 7 7 7 16 16 16 7 7 8 8 10 11 11 12
 14 14 12 14 14 14 16 16 10 10 11 8 8 11 13 13 21 21 22 24 24 16 8 8 11 11 10 8 8 8 6 6 7 7 7 16 16 16 7 7 8 8 10 11 11 12
 15 15 14 14 14 19 20 20 14 14 13 13 13 9 11 11 11 11 26 15 15 15 11 11 7 7 7 19 19 14 20 20 14 14 16 17 17 15 6 6 6 6 8 9 9 8
 9 9 4 3 3 12 12 12 15 15 11 10 10 11 21 21 18 18 32 18 18 9 11 11 40 40 40 47 47 21 22 22 16 16 17 20 20 15 14 14 6 6 6 7 7 4
 9 9 4 3 3 12 12 12 15 15 11 10 10 11 21 21 18 18 32 18 18 9 11 11 40 40 40 47 47 21 22 22 16 16 17 20 20 15 14 14 6 6 6 7 7 4
 35 35 5 3 3 11 12 12 12 12 2 2 2 13 16 16 20 20 27 23 23 13 12 12 41 41 39 37 37 50 52 52 25 25 23 20 20 18 18 18 4 4 3 3 3 3
 35 35 5 3 3 11 12 12 12 12 2 2 2 13 16 16 20 20 27 23 23 13 12 12 41 41 39 37 37 50 52 52 25 25 23 20 20 18 18 18 4 4 3 3 3 3
 36 36 6 2 2 1 1 1 1 1 2 5 5 22 78 78 19 19 39 31 31 35 18 18 23 23 21 39 39 42 43 43 42 42 24 23 23 18 16 16 3 3 3 3 3 1
 11 11 9 10 10 10 12 12 0 0 1 10 10 62 79 79 14 14 10 15 15 16 19 19 13 13 13 26 26 29 40 40 35 35 10 7 7 5 5 5 1 1 1 1 1 1
 11 11 9 10 10 10 12 12 0 0 1 10 10 62 79 79 14 14 10 15 15 16 19 19 13 13 13 26 26 29 40 40 35 35 10 7 7 5 5 5 1 1 1 1 1 1
 13 13 8 11 11 10 11 11 11 11 5 17 17 78 81 81 6 6 4 3 3 7 15 15 14 14 11 23 23 23 8 8 5 5 4 6 6 4 1 1 1 1 0 0 0 1
 11 11 10 10 10 9 9 9 6 6 8 21 21 26 80 80 10 10 5 2 2 3 2 2 1 1 1 1 1 2 3 3 3 3 2 0 0 0 0 0 0 0 0 0 0 0
 11 11 10 10 10 9 9 9 6 6 8 21 21 26 80 80 10 10 5 2 2 3 2 2 1 1 1 1 1 2 3 3 3 3 2 0 0 0 0 0 0 0 0 0 0 0
 15 15 11 8 8 12 9 9 8 8 8 10 10 18 27 27 12 12 7 4 4 8 1 1 1 1 1 1 1 1 1 1 0 0 0 0 0 0 0 0 0 0 0 0 0 1
 15 15 11 8 8 12 9 9 8 8 8 10 10 18 27 27 12 12 7 4 4 8 1 1 1 1 1 1 1 1 1 1 0 0 0 0 0 0 0 0 0 0 0 0 0 1
 13 13 7 8 8 11 10 10 9 9 10 2 2 3 8 8 3 3 4 1 1 1 1 1 1 1 1 0 0 0 0 0 0 0 0 0 0 0 0 0 0 0 0 0 0 0
 0 0 8 9 9 10 9 9 6 6 9 7 7 1 1 1 1 1 3 10 10 0 0 0 0 0 0 0 0 0 0 0 0 0 0 0 0 0 0 0 0 0 0 0 0 0
 0 0 8 9 9 10 9 9 6 6 9 7 7 1 1 1 1 1 3 10 10 0 0 0 0 0 0 0 0 0 0 0 0 0 0 0 0 0 0 0 0 0 0 0 0 0
 1 1 1 8 8 8 8 8 4 4 1 7 7 1 0 0 0 0 4 1 1 1 1 1 0 0 0 0 0 0 0 0 0 0 0 0 0 1 1 1 0 0 0 0 0 0
 0 0 0 1 1 1 1 1 2 2 1 5 5 1 0 0 1 1 2 0 0 0 9 9 4 4 0 0 0 0 0 0 0 0 0 0 0 1 0 0 0 0 0 0 0 0
 0 0 0 1 1 1 1 1 2 2 1 5 5 1 0 0 1 1 2 0 0 0 9 9 4 4 0 0 0 0 0 0 0 0 0 0 0 1 0 0 0 0 0 0 0 0
 0 0 0 0 0 0 0 0 0 0 1 1 1 2 0 0 0 0 0 0 0 0 0 0 2 2 0 0 0 0 0 0 0 0 0 0 0 0 0 0 0 0 0 0 0 0
 0 0 0 0 0 0 0 0 0 0 1 1 1 2 0 0 0 0 0 0 0 0 0 0 2 2 0 0 0 0 0 0 0 0 0 0 0 0 0 0 0 0 0 0 0 0
 0 0 0 0 0 0 0 0 0 0 1 1 1 2 1 1 0 0 0 0 0 0 0 0 0 0 0 0 0 0 0 0 0 0 0 0 0 0 0 0 0 0 0 1 1 0
 0 0 1 2 2 1 1 1 0 0 1 1 1 0 0 0 0 0 0 0 0 0 0 0 0 0 0 0 0 0 0 0 0 0 0 0 0 0 0 0 0 0 0 0 0 0
 0 0 1 2 2 1 1 1 0 0 1 1 1 0 0 0 0 0 0 0 0 0 0 0 0 0 0 0 0 0 0 0 0 0 0 0 0 0 0 0 0 0 0 0 0 0
 0 0 1 1 1 0 1 1 0 0 1 0 0 0 0 0 0 0 0 0 0 0 0 0 0 0 1 0 0 0 0 0 0 0 0 0 0 0 0 0 0 0 0 0 0 0
 0 0 0 0 0 0 1 1 0 0 0 0 0 0 0 0 0 0 0 0 0 0 0 0 0 0 0 0 0 0 0 0 0 0 0 0 0 0 0 0 0 0 0 0 0 0
 0 0 0 0 0 0 1 1 0 0 0 0 0 0 0 0 0 0 0 0 0 0 0 0 0 0 0 0 0 0 0 0 0 0 0 0 0 0 0 0 0 0 0 0 0 0
 0 0 0 0 0 0 1 1 0 0 0 0 0 0 0 0 0 0 0 0 0 0 0 0 0 0 1 0 0 0 0 0 0 0 0 0 0 0 0 0 0 0 0 0 0 0
 0 0 0 0 0 0 1 1 0 0 0 0 0 0 0 0 0 0 0 0 0 0 0 0 0 0 1 0 0 0 0 0 0 0 0 0 0 0 0 0 0 0 0 0 0 0
 0 0 0 0 0 0 0 0 0 0 0 0 0 1 0 0 0 0 0 0 0 0 0 0 0 0 0 1 1 1 1 1 0 0 0 0 0 0 0 0 0 0 0 0 0 0
 0 0 0 0 0 0 0 0 0 0 0 0 0 0 0 0 0 0 0 0 0 0 0 0 0 0 0 1 1 0 0 0 0 0 0 0 0 0 0 0 0 0 0 0 0 0
 0 0 0 0 0 0 0 0 0 0 0 0 0 0 0 0 0 0 0 0 0 0 0 0 0 0 0 1 1 0 0 0 0 0 0 0 0 0 0 0 0 0 0 0 0 0
 0 0 0 0 0 0 0 0 0 0 0 0 0 0 0 0 0 0 0 0 0 0 0 0 3 3 1 0 0 0 0 0 0 0 0 0 0 1 1 1 1 1 2 2 2 1
 0 0 0 0 0 0 0 0 0 0 1 0 0 0 0 0 0 0 0 1 1 0 1 1 3 3 1 1 1 0 0 0 0 0 0 2 2 2 3 3 4 4 5 5 5 4
 0 0 0 0 0 0 0 0 0 0 1 0 0 0 0 0 0 0 0 1 1 0 1 1 3 3 1 1 1 0 0 0 0 0 0 2 2 2 3 3 4 4 5 5 5 4
 0 0 0 0 0 0 0 0 0 0 0 0 0 0 0 0 0 0 0 1 1 1 3 3 3 3 3 10 10 1 1 1 0 0 1 3 3 3 4 4 5 5 6 5 5 5
 0 0 0 0 0 0 0 0 0 0 0 0 0 0 0 0 0 0 0 1 1 1 3 3 3 3 3 10 10 1 1 1 0 0 1 3 3 3 4 4 5 5 6 5 5 5
 0 0 0 0 0 0 0 0 0 0 0 1 1 0 0 0 0 0 0 0 0 1 1 1 1 1 3 6 6 5 4 4 1 1 1 2 2 3 3 3 5 5 6 6 6 5
 0 0 0 0 0 0 0 0 0 0 0 0 0 0 0 0 0 0 0 0 0 0 0 0 1 1 1 1 1 4 3 3 0 0 1 1 1 2 3 3 5 5 6 6 6 5
 0 0 0 0 0 0 0 0 0 0 0 0 0 0 0 0 0 0 0 0 0 0 0 0 1 1 1 1 1 4 3 3 0 0 1 1 1 2 3 3 5 5 6 6 6 5
 0 0 0 0 0 0 0 0 0 0 0 0 0 0 0 0 0 0 0 0 0 0 0 0 0 0 0 0 0 1 2 2 2 2 0 0 0 1 2 2 4 4 7 5 5 4
 0 0 0 0 0 0 0 0 0 0 0 0 0 0 0 0 0 0 0 0 0 0 0 0 0 0 0 1 1 1 1 1 1 1 0 0 0 1 2 2 4 4 8 5 5 3
 0 0 0 0 0 0 0 0 0 0 0 0 0 0 0 0 0 0 0 0 0 0 0 0 0 0 0 1 1 1 1 1 1 1 0 0 0 1 2 2 4 4 8 5 5 3
 0 0 0 0 0 0 0 0 0 0 0 0 0 0 0 0 0 0 0 0 0 0 0 0 0 0 0 0 0 0 1 1 0 0 5 1 1 7 3 3 4 4 4 4 4 2
 0 0 0 0 0 0 0 0 0 0 0 0 0 0 0 0 0 0 0 0 0 0 0 0 0 0 0 0 0 0 1 1 0 0 5 1 1 7 3 3 4 4 4 4 4 2
 0 0 0 0 0 0 0 0 0 0 0 0 0 0 0 0 0 0 0 0 0 0 0 0 0 0 1 0 0 0 0 0 0 0 7 6 6 3 5 5 3 3 2 1 1 1
 0 0 0 0 0 0 0 0 0 0 0 0 0 0 0 0 0 0 0 0 0 0 0 0 0 0 1 0 0 1 1 1 0 0 3 3 3 16 4 4 7 7 1 0 0 0
 0 0 0 0 0 0 0 0 0 0 0 0 0 0 0 0 0 0 0 0 0 0 0 0 0 0 1 0 0 1 1 1 0 0 3 3 3 16 4 4 7 7 1 0 0 0
 0 0 0 0 0 0 0 0 0 0 0 0 0 0 0 0 0 0 0 0 0 0 0 0 0 0 0 0 0 1 1 1 0 0 1 2 2 1 7 7 10 10 4 0 0 0
 0 0 0 0 0 0 0 0 0 0 0 0 0 0 0 0 0 0 0 0 0 0 0 0 1 1 0 0 0 0 0 0 1 1 1 1 1 1 4 4 3 3 9 1 1 0
