assets/RAT_results/precipitation/2018-07-17_IMERG.asc
ncols        46
nrows        77
xllcorner    74.800261325624
yllcorner    8.058333333333
cellsize     0.062500000000
NODATA_value -9999
 7 7 10 28 28 17 5 5 4 4 4 7 7 2 8 8 3 3 2 3 3 1 0 0 0 0 4 0 0 0 0 0 0 0 0 0 0 0 0 0 0 0 0 0 0 0
 7 7 5 8 8 9 5 5 15 15 3 7 7 7 3 3 1 1 2 2 2 0 3 3 1 1 1 4 4 0 0 0 0 0 0 0 0 0 0 0 0 0 0 0 0 0
 7 7 5 8 8 9 5 5 15 15 3 7 7 7 3 3 1 1 2 2 2 0 3 3 1 1 1 4 4 0 0 0 0 0 0 0 0 0 0 0 0 0 0 0 0 0
 4 4 10 3 3 6 5 5 13 13 9 7 7 9 13 13 11 11 5 9 9 1 0 0 1 1 0 0 0 1 0 0 5 5 0 0 0 0 0 0 2 2 1 0 0 0
 2 2 7 4 4 12 5 5 8 8 5 15 15 9 9 9 7 7 6 7 7 2 7 7 5 5 1 0 0 0 0 0 0 0 0 0 0 0 0 0 0 0 0 0 0 0
 2 2 7 4 4 12 5 5 8 8 5 15 15 9 9 9 7 7 6 7 7 2 7 7 5 5 1 0 0 0 0 0 0 0 0 0 0 0 0 0 0 0 0 0 0 0
 3 3 2 8 8 26 17 17 12 12 15 8 8 11 12 12 6 6 8 6 6 1 1 1 1 1 0 2 2 0 0 0 0 0 0 1 1 1 0 0 0 0 0 0 0 0
 3 3 2 8 8 26 17 17 12 12 15 8 8 11 12 12 6 6 8 6 6 1 1 1 1 1 0 2 2 0 0 0 0 0 0 1 1 1 0 0 0 0 0 0 0 0
 8 8 4 11 11 9 9 9 14 14 16 14 14 15 8 8 10 10 12 7 7 5 5 5 2 2 1 1 1 2 1 1 5 5 1 1 1 0 0 0 0 0 0 0 0 0
 20 20 10 13 13 20 11 11 18 18 22 18 18 14 13 13 9 9 5 1 1 6 3 3 2 2 0 1 1 0 1 1 1 1 0 2 2 0 0 0 0 0 0 0 0 0
 20 20 10 13 13 20 11 11 18 18 22 18 18 14 13 13 9 9 5 1 1 6 3 3 2 2 0 1 1 0 1 1 1 1 0 2 2 0 0 0 0 0 0 0 0 0
 17 17 12 10 10 14 17 17 11 11 16 35 35 34 24 24 14 14 11 7 7 2 6 6 3 3 4 2 2 2 3 3 1 1 1 1 1 0 0 0 0 0 0 0 0 0
 11 11 16 36 36 22 22 22 18 18 15 28 28 37 22 22 19 19 14 14 14 10 2 2 7 7 3 5 5 2 1 1 1 1 1 1 1 3 0 0 0 0 0 0 0 0
 11 11 16 36 36 22 22 22 18 18 15 28 28 37 22 22 19 19 14 14 14 10 2 2 7 7 3 5 5 2 1 1 1 1 1 1 1 3 0 0 0 0 0 0 0 0
 59 59 44 22 22 27 31 31 27 27 22 17 17 15 22 22 38 38 36 18 18 17 4 4 5 5 4 4 4 2 5 5 0 0 4 1 1 1 0 0 0 0 0 0 0 1
 59 59 44 22 22 27 31 31 27 27 22 17 17 15 22 22 38 38 36 18 18 17 4 4 5 5 4 4 4 2 5 5 0 0 4 1 1 1 0 0 0 0 0 0 0 1
 68 68 64 60 60 33 47 47 26 26 22 28 28 15 18 18 24 24 18 17 17 16 13 13 6 6 7 4 4 2 0 0 0 0 2 3 3 1 0 0 0 0 2 0 0 0
 41 41 58 55 55 56 75 75 43 43 43 27 27 17 22 22 16 16 22 23 23 16 19 19 8 8 3 3 3 0 1 1 0 0 0 3 3 0 0 0 0 0 0 0 0 0
 41 41 58 55 55 56 75 75 43 43 43 27 27 17 22 22 16 16 22 23 23 16 19 19 8 8 3 3 3 0 1 1 0 0 0 3 3 0 0 0 0 0 0 0 0 0
 75 75 52 49 49 46 75 75 78 78 58 34 34 37 24 24 22 22 26 17 17 19 13 13 4 4 2 2 2 1 0 0 0 0 0 0 0 0 0 0 0 0 0 1 1 1
 49 49 40 61 61 49 71 71 114 114 69 36 36 36 34 34 19 19 17 13 13 14 11 11 6 6 11 1 1 1 0 0 3 3 0 1 1 0 0 0 0 0 0 0 0 2
 49 49 40 61 61 49 71 71 114 114 69 36 36 36 34 34 19 19 17 13 13 14 11 11 6 6 11 1 1 1 0 0 3 3 0 1 1 0 0 0 0 0 0 0 0 2
 34 34 55 47 47 54 45 45 39 39 31 35 35 38 29 29 15 15 15 16 16 19 17 17 19 19 12 2 2 2 2 2 5 5 5 2 2 3 3 3 0 0 0 0 0 0
 34 34 55 47 47 54 45 45 39 39 31 35 35 38 29 29 15 15 15 16 16 19 17 17 19 19 12 2 2 2 2 2 5 5 5 2 2 3 3 3 0 0 0 0 0 0
 30 30 39 41 41 55 40 40 31 31 41 31 31 36 30 30 35 35 34 25 25 18 17 17 13 13 12 9 9 8 4 4 4 4 3 3 3 0 0 0 1 1 1 1 1 1
 28 28 26 42 42 53 30 30 36 36 31 34 34 26 24 24 30 30 27 25 25 22 29 29 16 16 14 28 28 14 2 2 5 5 4 3 3 2 2 2 1 1 1 0 0 1
 28 28 26 42 42 53 30 30 36 36 31 34 34 26 24 24 30 30 27 25 25 22 29 29 16 16 14 28 28 14 2 2 5 5 4 3 3 2 2 2 1 1 1 0 0 1
 22 22 27 27 27 42 35 35 24 24 18 31 31 25 18 18 18 18 25 55 55 23 21 21 11 11 14 11 11 14 6 6 2 2 7 5 5 3 1 1 3 3 0 0 0 0
 44 44 32 23 23 39 29 29 33 33 35 32 32 20 27 27 25 25 21 52 52 36 37 37 20 20 8 12 12 18 8 8 10 10 3 6 6 4 2 2 1 1 0 0 0 0
 44 44 32 23 23 39 29 29 33 33 35 32 32 20 27 27 25 25 21 52 52 36 37 37 20 20 8 12 12 18 8 8 10 10 3 6 6 4 2 2 1 1 0 0 0 0
 20 20 32 31 31 47 46 46 41 41 38 44 44 68 33 33 36 36 66 46 46 37 28 28 18 18 11 11 11 12 18 18 9 9 7 3 3 1 4 4 1 1 0 0 0 0
 20 20 32 31 31 47 46 46 41 41 38 44 44 68 33 33 36 36 66 46 46 37 28 28 18 18 11 11 11 12 18 18 9 9 7 3 3 1 4 4 1 1 0 0 0 0
 16 16 21 50 50 36 49 49 42 42 60 45 45 99 60 60 60 60 69 41 41 33 34 34 23 23 18 12 12 10 15 15 3 3 1 7 7 0 1 1 1 1 2 1 1 1
 18 18 27 43 43 46 76 76 84 84 42 61 61 62 83 83 65 65 83 61 61 29 38 38 22 22 14 8 8 4 2 2 4 4 7 3 3 0 1 1 1 1 1 1 1 0
 18 18 27 43 43 46 76 76 84 84 42 61 61 62 83 83 65 65 83 61 61 29 38 38 22 22 14 8 8 4 2 2 4 4 7 3 3 0 1 1 1 1 1 1 1 0
 37 37 25 35 35 56 73 73 65 65 73 42 42 45 71 71 46 46 67 70 70 39 23 23 16 16 17 14 14 10 11 11 8 8 4 1 1 1 0 0 2 2 0 0 0 0
 24 24 23 34 34 55 65 65 84 84 88 73 73 40 57 57 71 71 37 60 60 30 31 31 19 19 17 21 21 18 5 5 3 3 2 2 2 1 1 1 1 1 0 4 4 1
 24 24 23 34 34 55 65 65 84 84 88 73 73 40 57 57 71 71 37 60 60 30 31 31 19 19 17 21 21 18 5 5 3 3 2 2 2 1 1 1 1 1 0 4 4 1
 20 20 28 56 56 54 75 75 67 67 69 44 44 35 44 44 86 86 46 35 35 64 29 29 29 29 25 18 18 7 6 6 8 8 5 1 1 3 1 1 0 0 3 2 2 1
 20 20 28 56 56 54 75 75 67 67 69 44 44 35 44 44 86 86 46 35 35 64 29 29 29 29 25 18 18 7 6 6 8 8 5 1 1 3 1 1 0 0 3 2 2 1
 16 16 33 34 34 44 55 55 60 60 136 61 61 44 22 22 30 30 17 38 38 41 29 29 30 30 22 18 18 16 5 5 7 7 5 2 2 3 1 1 4 4 6 3 3 3
 33 33 35 40 40 41 49 49 43 43 55 57 57 46 69 69 34 34 32 27 27 33 42 42 24 24 20 16 16 12 5 5 8 8 2 11 11 4 4 4 8 8 3 4 4 1
 33 33 35 40 40 41 49 49 43 43 55 57 57 46 69 69 34 34 32 27 27 33 42 42 24 24 20 16 16 12 5 5 8 8 2 11 11 4 4 4 8 8 3 4 4 1
 22 22 39 35 35 26 27 27 31 31 43 46 46 30 17 17 35 35 17 36 36 32 36 36 22 22 17 11 11 12 9 9 13 13 4 4 4 5 8 8 6 6 8 2 2 1
 20 20 22 14 14 19 19 19 29 29 26 32 32 27 22 22 19 19 17 17 17 25 25 25 23 23 13 11 11 12 35 35 14 14 8 9 9 13 14 14 7 7 5 5 5 2
 20 20 22 14 14 19 19 19 29 29 26 32 32 27 22 22 19 19 17 17 17 25 25 25 23 23 13 11 11 12 35 35 14 14 8 9 9 13 14 14 7 7 5 5 5 2
 9 9 9 19 19 11 16 16 18 18 24 20 20 18 25 25 18 18 19 26 26 27 26 26 58 58 19 7 7 14 8 8 7 7 6 13 13 28 5 5 7 7 4 10 10 3
 9 9 9 19 19 11 16 16 18 18 24 20 20 18 25 25 18 18 19 26 26 27 26 26 58 58 19 7 7 14 8 8 7 7 6 13 13 28 5 5 7 7 4 10 10 3
 13 13 7 10 10 11 13 13 9 9 11 20 20 15 15 15 23 23 16 32 32 21 18 18 16 16 16 12 12 21 10 10 8 8 6 5 5 3 2 2 2 2 6 2 2 0
 5 5 16 9 9 8 16 16 8 8 14 12 12 14 15 15 16 16 15 15 15 12 14 14 14 14 23 22 22 15 12 12 12 12 8 6 6 3 1 1 1 1 0 1 1 1
 5 5 16 9 9 8 16 16 8 8 14 12 12 14 15 15 16 16 15 15 15 12 14 14 14 14 23 22 22 15 12 12 12 12 8 6 6 3 1 1 1 1 0 1 1 1
 5 5 20 16 16 14 12 12 10 10 9 8 8 9 11 11 13 13 12 19 19 12 7 7 12 12 13 16 16 22 16 16 10 10 4 2 2 1 0 0 1 1 1 1 1 1
 7 7 18 17 17 16 12 12 9 9 9 6 6 5 8 8 7 7 14 15 15 16 9 9 11 11 10 6 6 8 13 13 6 6 3 2 2 1 0 0 1 1 1 1 1 1
 7 7 18 17 17 16 12 12 9 9 9 6 6 5 8 8 7 7 14 15 15 16 9 9 11 11 10 6 6 8 13 13 6 6 3 2 2 1 0 0 1 1 1 1 1 1
 3 3 12 13 13 5 8 8 11 11 6 5 5 7 15 15 8 8 6 13 13 5 8 8 11 11 7 6 6 4 5 5 5 5 1 1 1 2 1 1 1 1 1 2 2 0
 3 3 12 13 13 5 8 8 11 11 6 5 5 7 15 15 8 8 6 13 13 5 8 8 11 11 7 6 6 4 5 5 5 5 1 1 1 2 1 1 1 1 1 2 2 0
 3 3 3 4 4 3 7 7 9 9 6 5 5 12 27 27 15 15 9 12 12 18 9 9 8 8 9 3 3 4 1 1 2 2 3 2 2 6 1 1 1 1 2 1 1 0
 1 1 2 3 3 4 5 5 7 7 5 3 3 8 36 36 17 17 12 27 27 30 7 7 12 12 3 3 3 3 2 2 4 4 3 2 2 4 5 5 3 3 2 1 1 0
 1 1 2 3 3 4 5 5 7 7 5 3 3 8 36 36 17 17 12 27 27 30 7 7 12 12 3 3 3 3 2 2 4 4 3 2 2 4 5 5 3 3 2 1 1 0
 1 1 2 2 2 3 3 3 2 2 1 2 2 7 15 15 15 15 6 21 21 41 22 22 6 6 8 8 8 3 5 5 7 7 8 8 8 4 5 5 3 3 1 2 2 3
 1 1 1 2 2 1 2 2 2 2 2 1 1 2 8 8 7 7 9 3 3 9 17 17 8 8 2 7 7 3 5 5 8 8 8 5 5 3 3 3 3 3 1 2 2 1
 1 1 1 2 2 1 2 2 2 2 2 1 1 2 8 8 7 7 9 3 3 9 17 17 8 8 2 7 7 3 5 5 8 8 8 5 5 3 3 3 3 3 1 2 2 1
 1 1 1 1 1 3 2 2 4 4 4 3 3 3 3 3 3 3 2 1 1 1 3 3 2 2 1 4 4 4 12 12 9 9 9 7 7 3 5 5 4 4 2 2 2 1
 1 1 1 1 1 3 2 2 4 4 4 3 3 3 3 3 3 3 2 1 1 1 3 3 2 2 1 4 4 4 12 12 9 9 9 7 7 3 5 5 4 4 2 2 2 1
 0 0 0 3 3 3 3 3 3 3 7 5 5 4 4 4 2 2 3 2 2 1 3 3 1 1 1 1 1 4 3 3 8 8 10 14 14 14 6 6 3 3 3 3 3 0
 2 2 2 1 1 1 1 1 2 2 5 6 6 3 3 3 2 2 2 2 2 2 1 1 1 1 0 0 0 2 3 3 13 13 4 7 7 7 4 4 5 5 4 2 2 0
 2 2 2 1 1 1 1 1 2 2 5 6 6 3 3 3 2 2 2 2 2 2 1 1 1 1 0 0 0 2 3 3 13 13 4 7 7 7 4 4 5 5 4 2 2 0
 4 4 0 0 0 0 1 1 3 3 3 3 3 3 1 1 2 2 2 1 1 2 0 0 1 1 0 1 1 1 5 5 1 1 4 2 2 3 2 2 5 5 4 1 1 2
 1 1 1 0 0 1 0 0 2 2 2 2 2 3 1 1 1 1 0 0 0 1 1 1 1 1 0 0 0 0 1 1 3 3 2 1 1 1 2 2 5 5 3 7 7 1
 1 1 1 0 0 1 0 0 2 2 2 2 2 3 1 1 1 1 0 0 0 1 1 1 1 1 0 0 0 0 1 1 3 3 2 1 1 1 2 2 5 5 3 7 7 1
 1 1 0 1 1 1 2 2 0 0 1 2 2 3 0 0 0 0 0 0 0 1 1 1 0 0 1 1 1 0 0 0 2 2 4 3 3 1 8 8 6 6 2 1 1 1
 1 1 0 1 1 1 2 2 0 0 1 2 2 3 0 0 0 0 0 0 0 1 1 1 0 0 1 1 1 0 0 0 2 2 4 3 3 1 8 8 6 6 2 1 1 1
 1 1 0 0 0 1 2 2 0 0 1 2 2 2 1 1 1 1 0 0 0 0 1 1 1 1 1 1 1 4 2 2 2 2 3 2 2 1 1 1 3 3 2 1 1 4
 0 0 0 1 1 2 0 0 0 0 1 1 1 2 0 0 1 1 1 1 1 1 1 1 1 1 1 3 3 1 1 1 0 0 1 2 2 1 2 2 1 1 2 3 3 8
 0 0 0 1 1 2 0 0 0 0 1 1 1 2 0 0 1 1 1 1 1 1 1 1 1 1 1 3 3 1 1 1 0 0 1 2 2 1 2 2 1 1 2 3 3 8
 0 0 1 2 2 5 1 1 1 1 0 1 1 1 1 1 1 1 2 1 1 1 1 1 2 2 2 3 3 0 1 1 0 0 1 1 1 0 3 3 1 1 1 1 1 1
 1 1 1 3 3 7 7 7 0 0 0 2 2 1 1 1 1 1 2 1 1 1 1 1 1 1 2 6 6 1 1 1 0 0 0 0 0 0 0 0 0 0 1 0 0 1
