assets/RAT_results/precipitation/2018-09-24_IMERG.asc
ncols        46
nrows        77
xllcorner    74.800261325624
yllcorner    8.058333333333
cellsize     0.062500000000
NODATA_value -9999
 1 1 3 1 1 1 3 3 1 1 6 7 7 7 10 10 12 12 13 16 16 20 20 20 23 23 20 29 29 25 28 28 26 26 31 27 27 44 47 47 34 34 43 26 26 28
 1 1 1 1 1 2 1 1 2 2 7 11 11 8 10 10 13 13 18 18 18 20 27 27 29 29 28 28 28 34 37 37 38 38 47 41 41 29 33 33 35 35 25 38 38 32
 1 1 1 1 1 2 1 1 2 2 7 11 11 8 10 10 13 13 18 18 18 20 27 27 29 29 28 28 28 34 37 37 38 38 47 41 41 29 33 33 35 35 25 38 38 32
 3 3 2 1 1 2 4 4 2 2 12 13 13 13 13 13 15 15 22 23 23 23 26 26 28 28 31 30 30 35 39 39 40 40 31 30 30 40 39 39 33 33 22 29 29 19
 4 4 5 4 4 4 5 5 6 6 13 15 15 14 14 14 18 18 21 22 22 25 41 41 30 30 35 30 30 38 39 39 30 30 21 22 22 33 27 27 23 23 19 16 16 8
 4 4 5 4 4 4 5 5 6 6 13 15 15 14 14 14 18 18 21 22 22 25 41 41 30 30 35 30 30 38 39 39 30 30 21 22 22 33 27 27 23 23 19 16 16 8
 5 5 7 5 5 6 7 7 10 10 14 16 16 19 20 20 24 24 27 28 28 48 46 46 35 35 26 26 26 31 29 29 39 39 23 21 21 17 26 26 27 27 30 14 14 9
 5 5 7 5 5 6 7 7 10 10 14 16 16 19 20 20 24 24 27 28 28 48 46 46 35 35 26 26 26 31 29 29 39 39 23 21 21 17 26 26 27 27 30 14 14 9
 5 5 6 6 6 8 7 7 11 11 15 16 16 22 25 25 26 26 34 30 30 43 36 36 24 24 28 30 30 25 19 19 18 18 21 18 18 13 34 34 31 31 31 6 6 24
 2 2 3 9 9 10 9 9 14 14 15 17 17 26 28 28 28 28 26 29 29 44 27 27 23 23 21 35 35 30 18 18 18 18 41 21 21 33 31 31 19 19 13 13 13 23
 2 2 3 9 9 10 9 9 14 14 15 17 17 26 28 28 28 28 26 29 29 44 27 27 23 23 21 35 35 30 18 18 18 18 41 21 21 33 31 31 19 19 13 13 13 23
 0 0 1 9 9 10 10 10 16 16 17 23 23 25 26 26 46 46 27 27 27 27 21 21 23 23 22 23 23 15 16 16 12 12 37 14 14 23 26 26 21 21 12 20 20 8
 2 2 0 10 10 13 15 15 21 21 16 20 20 23 33 33 35 35 26 27 27 28 26 26 34 34 31 29 29 15 11 11 17 17 21 16 16 18 29 29 11 11 9 21 21 19
 2 2 0 10 10 13 15 15 21 21 16 20 20 23 33 33 35 35 26 27 27 28 26 26 34 34 31 29 29 15 11 11 17 17 21 16 16 18 29 29 11 11 9 21 21 19
 0 0 0 4 4 12 19 19 20 20 22 18 18 20 23 23 19 19 23 26 26 27 26 26 22 22 34 29 29 20 18 18 13 13 12 39 39 16 18 18 2 2 13 7 7 13
 0 0 0 4 4 12 19 19 20 20 22 18 18 20 23 23 19 19 23 26 26 27 26 26 22 22 34 29 29 20 18 18 13 13 12 39 39 16 18 18 2 2 13 7 7 13
 0 0 1 1 1 2 16 16 20 20 19 14 14 20 14 14 20 20 21 22 22 26 24 24 23 23 27 21 21 20 19 19 14 14 12 9 9 12 4 4 3 3 12 5 5 12
 0 0 0 0 0 2 16 16 19 19 22 15 15 14 15 15 17 17 18 20 20 22 20 20 28 28 42 38 38 23 15 15 11 11 9 7 7 1 4 4 8 8 8 0 0 0
 0 0 0 0 0 2 16 16 19 19 22 15 15 14 15 15 17 17 18 20 20 22 20 20 28 28 42 38 38 23 15 15 11 11 9 7 7 1 4 4 8 8 8 0 0 0
 0 0 0 0 0 0 10 10 21 21 22 14 14 15 15 15 14 14 15 21 21 20 20 20 28 28 28 36 36 37 35 35 8 8 7 4 4 1 4 4 2 2 5 4 4 5
 0 0 0 0 0 0 2 2 3 3 18 15 15 17 14 14 13 13 15 15 15 16 26 26 33 33 29 32 32 5 29 29 6 6 47 5 5 1 1 1 1 1 3 5 5 7
 0 0 0 0 0 0 2 2 3 3 18 15 15 17 14 14 13 13 15 15 15 16 26 26 33 33 29 32 32 5 29 29 6 6 47 5 5 1 1 1 1 1 3 5 5 7
 0 0 0 0 0 0 1 1 2 2 10 17 17 17 11 11 15 15 15 21 21 14 26 26 14 14 13 11 11 9 8 8 9 9 13 1 1 2 1 1 2 2 4 4 4 5
 0 0 0 0 0 0 1 1 2 2 10 17 17 17 11 11 15 15 15 21 21 14 26 26 14 14 13 11 11 9 8 8 9 9 13 1 1 2 1 1 2 2 4 4 4 5
 0 0 0 0 0 2 1 1 2 2 9 12 12 15 11 11 12 12 12 16 16 12 14 14 11 11 13 12 12 9 18 18 7 7 18 1 1 0 0 0 2 2 5 5 5 5
 0 0 0 0 0 1 1 1 9 9 5 10 10 17 13 13 17 17 14 11 11 10 9 9 8 8 4 17 17 15 19 19 8 8 1 1 1 0 0 0 3 3 6 5 5 5
 0 0 0 0 0 1 1 1 9 9 5 10 10 17 13 13 17 17 14 11 11 10 9 9 8 8 4 17 17 15 19 19 8 8 1 1 1 0 0 0 3 3 6 5 5 5
 0 0 0 0 0 2 2 2 3 3 6 10 10 11 14 14 13 13 10 10 10 8 7 7 7 7 16 28 28 9 7 7 5 5 2 5 5 1 1 1 1 1 5 7 7 6
 0 0 0 0 0 1 2 2 3 3 10 7 7 11 14 14 13 13 7 8 8 7 6 6 10 10 9 11 11 8 9 9 7 7 9 10 10 2 1 1 1 1 2 6 6 4
 0 0 0 0 0 1 2 2 3 3 10 7 7 11 14 14 13 13 7 8 8 7 6 6 10 10 9 11 11 8 9 9 7 7 9 10 10 2 1 1 1 1 2 6 6 4
 1 1 1 1 1 1 1 1 3 3 6 12 12 10 8 8 10 10 5 5 5 4 7 7 7 7 8 29 29 30 12 12 13 13 6 66 66 59 11 11 2 2 2 2 2 3
 1 1 1 1 1 1 1 1 3 3 6 12 12 10 8 8 10 10 5 5 5 4 7 7 7 7 8 29 29 30 12 12 13 13 6 66 66 59 11 11 2 2 2 2 2 3
 1 1 1 1 1 1 1 1 2 2 3 3 3 7 5 5 6 6 5 3 3 2 5 5 6 6 7 40 40 17 8 8 10 10 11 24 24 9 6 6 3 3 5 2 2 2
 0 0 1 1 1 2 2 2 2 2 4 2 2 3 4 4 4 4 5 4 4 3 5 5 10 10 23 14 14 13 9 9 10 10 9 12 12 16 4 4 2 2 2 2 2 2
 0 0 1 1 1 2 2 2 2 2 4 2 2 3 4 4 4 4 5 4 4 3 5 5 10 10 23 14 14 13 9 9 10 10 9 12 12 16 4 4 2 2 2 2 2 2
 0 0 0 1 1 1 2 2 2 2 4 2 2 2 5 5 9 9 9 11 11 9 10 10 10 10 36 9 9 5 4 4 4 4 12 3 3 20 3 3 2 2 3 3 3 3
 1 1 1 1 1 1 1 1 2 2 4 2 2 2 8 8 8 8 9 11 11 13 8 8 8 8 6 8 8 2 4 4 3 3 8 1 1 4 2 2 0 0 3 0 0 2
 1 1 1 1 1 1 1 1 2 2 4 2 2 2 8 8 8 8 9 11 11 13 8 8 8 8 6 8 8 2 4 4 3 3 8 1 1 4 2 2 0 0 3 0 0 2
 1 1 1 1 1 1 1 1 1 1 1 1 1 2 2 2 2 2 5 11 11 7 7 7 9 9 3 3 3 3 18 18 2 2 4 1 1 0 2 2 0 0 0 1 1 1
 1 1 1 1 1 1 1 1 1 1 1 1 1 2 2 2 2 2 5 11 11 7 7 7 9 9 3 3 3 3 18 18 2 2 4 1 1 0 2 2 0 0 0 1 1 1
 1 1 1 1 1 1 1 1 1 1 1 1 1 2 1 1 1 1 4 10 10 5 5 5 2 2 7 8 8 10 17 17 18 18 13 5 5 5 0 0 0 0 4 1 1 1
 1 1 1 1 1 2 1 1 1 1 1 1 1 2 1 1 1 1 1 5 5 7 2 2 2 2 9 11 11 11 10 10 13 13 52 14 14 9 3 3 0 0 3 4 4 1
 1 1 1 1 1 2 1 1 1 1 1 1 1 2 1 1 1 1 1 5 5 7 2 2 2 2 9 11 11 11 10 10 13 13 52 14 14 9 3 3 0 0 3 4 4 1
 2 2 1 1 1 1 1 1 1 1 1 1 1 1 2 2 1 1 2 3 3 4 4 4 4 4 11 8 8 34 36 36 41 41 35 13 13 30 3 3 1 1 0 0 0 0
 2 2 1 1 1 1 2 2 1 1 1 1 1 1 1 1 1 1 1 3 3 4 9 9 6 6 8 14 14 33 60 60 113 113 114 31 31 29 4 4 0 0 0 0 0 0
 2 2 1 1 1 1 2 2 1 1 1 1 1 1 1 1 1 1 1 3 3 4 9 9 6 6 8 14 14 33 60 60 113 113 114 31 31 29 4 4 0 0 0 0 0 0
 0 0 0 0 0 1 1 1 1 1 1 1 1 1 1 1 1 1 1 6 6 4 10 10 13 13 8 31 31 28 75 75 29 29 112 28 28 3 4 4 0 0 0 3 3 0
 0 0 0 0 0 1 1 1 1 1 1 1 1 1 1 1 1 1 1 6 6 4 10 10 13 13 8 31 31 28 75 75 29 29 112 28 28 3 4 4 0 0 0 3 3 0
 5 5 5 5 5 5 0 0 1 1 1 1 1 1 1 1 1 1 1 2 2 5 6 6 12 12 8 12 12 25 46 46 50 50 25 8 8 9 0 0 1 1 1 0 0 0
 51 51 48 6 6 7 0 0 0 0 0 0 0 0 1 1 1 1 2 2 2 5 5 5 9 9 5 28 28 7 77 77 15 15 29 15 15 12 13 13 11 11 1 0 0 1
 51 51 48 6 6 7 0 0 0 0 0 0 0 0 1 1 1 1 2 2 2 5 5 5 9 9 5 28 28 7 77 77 15 15 29 15 15 12 13 13 11 11 1 0 0 1
 65 65 54 48 48 8 7 7 7 7 1 0 0 0 1 1 1 1 1 1 1 7 5 5 8 8 3 31 31 16 32 32 42 42 25 16 16 15 15 15 14 14 4 4 4 0
 183 183 108 128 128 75 51 51 46 46 30 1 1 0 1 1 5 5 1 1 1 3 7 7 10 10 11 15 15 15 68 68 37 37 66 34 34 17 22 22 29 29 17 1 1 0
 183 183 108 128 128 75 51 51 46 46 30 1 1 0 1 1 5 5 1 1 1 3 7 7 10 10 11 15 15 15 68 68 37 37 66 34 34 17 22 22 29 29 17 1 1 0
 220 220 164 135 135 140 127 127 100 100 39 6 6 9 6 6 5 5 1 1 1 2 5 5 6 6 7 23 23 15 11 11 107 107 110 106 106 32 16 16 13 13 23 1 1 1
 220 220 164 135 135 140 127 127 100 100 39 6 6 9 6 6 5 5 1 1 1 2 5 5 6 6 7 23 23 15 11 11 107 107 110 106 106 32 16 16 13 13 23 1 1 1
 135 135 103 180 180 158 188 188 138 138 81 20 20 12 4 4 1 1 1 0 0 1 5 5 10 10 6 4 4 8 15 15 97 97 49 28 28 17 15 15 6 6 13 0 0 1
 81 81 96 115 115 209 172 172 166 166 147 45 45 28 8 8 7 7 6 2 2 2 7 7 5 5 10 5 5 32 24 24 34 34 78 12 12 23 16 16 15 15 23 3 3 0
 81 81 96 115 115 209 172 172 166 166 147 45 45 28 8 8 7 7 6 2 2 2 7 7 5 5 10 5 5 32 24 24 34 34 78 12 12 23 16 16 15 15 23 3 3 0
 57 57 62 63 63 129 148 148 118 118 109 48 48 11 10 10 6 6 11 2 2 0 6 6 7 7 7 6 6 5 16 16 16 16 30 6 6 4 3 3 7 7 11 26 26 14
 50 50 56 30 30 41 95 95 83 83 47 35 35 16 28 28 24 24 10 3 3 1 5 5 3 3 9 6 6 11 8 8 14 14 11 9 9 8 7 7 3 3 8 6 6 2
 50 50 56 30 30 41 95 95 83 83 47 35 35 16 28 28 24 24 10 3 3 1 5 5 3 3 9 6 6 11 8 8 14 14 11 9 9 8 7 7 3 3 8 6 6 2
 19 19 25 19 19 21 35 35 39 39 29 29 29 29 19 19 10 10 15 3 3 1 2 2 4 4 10 18 18 9 36 36 11 11 20 9 9 7 3 3 1 1 1 14 14 3
 19 19 25 19 19 21 35 35 39 39 29 29 29 29 19 19 10 10 15 3 3 1 2 2 4 4 10 18 18 9 36 36 11 11 20 9 9 7 3 3 1 1 1 14 14 3
 27 27 24 23 23 23 33 33 36 36 44 28 28 27 34 34 6 6 5 12 12 3 1 1 4 4 6 3 3 4 10 10 13 13 17 18 18 10 8 8 7 7 2 6 6 6
 11 11 8 8 8 24 15 15 33 33 39 37 37 24 13 13 15 15 6 11 11 5 1 1 1 1 5 2 2 4 4 4 10 10 5 40 40 15 1 1 3 3 5 2 2 5
 11 11 8 8 8 24 15 15 33 33 39 37 37 24 13 13 15 15 6 11 11 5 1 1 1 1 5 2 2 4 4 4 10 10 5 40 40 15 1 1 3 3 5 2 2 5
 11 11 8 8 8 7 15 15 14 14 17 8 8 10 4 4 2 2 3 14 14 8 3 3 1 1 1 2 2 1 2 2 2 2 11 25 25 24 14 14 18 18 1 2 2 2
 10 10 7 4 4 2 6 6 5 5 15 4 4 6 6 6 6 6 3 2 2 6 4 4 1 1 4 1 1 1 1 1 4 4 1 11 11 40 43 43 16 16 15 4 4 1
 10 10 7 4 4 2 6 6 5 5 15 4 4 6 6 6 6 6 3 2 2 6 4 4 1 1 4 1 1 1 1 1 4 4 1 11 11 40 43 43 16 16 15 4 4 1
 6 6 6 1 1 1 4 4 4 4 4 4 4 3 3 3 6 6 2 2 2 2 2 2 0 0 2 0 0 1 0 0 0 0 1 1 1 13 13 13 40 40 51 6 6 0
 6 6 6 1 1 1 4 4 4 4 4 4 4 3 3 3 6 6 2 2 2 2 2 2 0 0 2 0 0 1 0 0 0 0 1 1 1 13 13 13 40 40 51 6 6 0
 0 0 0 0 0 0 0 0 0 0 1 0 0 4 4 4 2 2 1 2 2 2 3 3 1 1 0 0 0 0 0 0 0 0 0 0 0 1 1 1 15 15 39 0 0 0
 0 0 0 0 0 0 1 1 0 0 1 0 0 0 3 3 2 2 1 2 2 2 3 3 3 3 2 0 0 0 0 0 0 0 0 0 0 0 2 2 0 0 0 0 0 0
 0 0 0 0 0 0 1 1 0 0 1 0 0 0 3 3 2 2 1 2 2 2 3 3 3 3 2 0 0 0 0 0 0 0 0 0 0 0 2 2 0 0 0 0 0 0
 0 0 1 0 0 0 0 0 0 0 0 2 2 0 1 1 4 4 4 5 5 2 2 2 2 2 1 0 0 0 0 0 0 0 0 0 0 0 0 0 0 0 0 0 0 0
 0 0 0 0 0 0 0 0 0 0 0 1 1 1 1 1 1 1 3 8 8 5 2 2 2 2 0 0 0 0 0 0 0 0 0 0 0 0 0 0 0 0 1 0 0 0
