assets/RAT_results/precipitation/2018-09-29_IMERG.asc
ncols        46
nrows        77
xllcorner    74.800261325624
yllcorner    8.058333333333
cellsize     0.062500000000
NODATA_value -9999
 13 13 9 12 12 22 50 50 43 43 62 27 27 30 19 19 11 11 7 10 10 6 2 2 1 1 3 25 25 5 1 1 2 2 3 5 5 2 2 2 0 0 1 0 0 0
 18 18 17 18 18 23 37 37 44 44 35 24 24 32 9 9 5 5 7 8 8 2 1 1 3 3 26 1 1 2 1 1 0 0 1 5 5 2 1 1 0 0 0 0 0 0
 18 18 17 18 18 23 37 37 44 44 35 24 24 32 9 9 5 5 7 8 8 2 1 1 3 3 26 1 1 2 1 1 0 0 1 5 5 2 1 1 0 0 0 0 0 0
 12 12 12 19 19 17 31 31 44 44 34 24 24 9 6 6 2 2 9 7 7 3 5 5 6 6 27 4 4 3 3 3 3 3 5 1 1 0 1 1 2 2 0 0 0 0
 5 5 13 11 11 20 41 41 29 29 33 18 18 12 6 6 5 5 6 10 10 7 8 8 8 8 6 7 7 8 4 4 8 8 7 5 5 3 3 3 0 0 0 0 0 0
 5 5 13 11 11 20 41 41 29 29 33 18 18 12 6 6 5 5 6 10 10 7 8 8 8 8 6 7 7 8 4 4 8 8 7 5 5 3 3 3 0 0 0 0 0 0
 6 6 6 9 9 10 21 21 20 20 22 9 9 13 6 6 4 4 5 7 7 9 12 12 14 14 10 8 8 8 4 4 4 4 6 4 4 6 3 3 0 0 0 0 0 0
 6 6 6 9 9 10 21 21 20 20 22 9 9 13 6 6 4 4 5 7 7 9 12 12 14 14 10 8 8 8 4 4 4 4 6 4 4 6 3 3 0 0 0 0 0 0
 5 5 6 11 11 9 9 9 24 24 26 18 18 6 4 4 4 4 5 7 7 7 13 13 13 13 13 10 10 12 9 9 5 5 3 2 2 2 0 0 1 1 0 1 1 1
 5 5 6 9 9 9 6 6 12 12 21 23 23 16 5 5 3 3 8 6 6 9 12 12 12 12 13 11 11 13 11 11 6 6 6 3 3 2 2 2 0 0 1 1 1 1
 5 5 6 9 9 9 6 6 12 12 21 23 23 16 5 5 3 3 8 6 6 9 12 12 12 12 13 11 11 13 11 11 6 6 6 3 3 2 2 2 0 0 1 1 1 1
 3 3 7 5 5 6 7 7 9 9 16 47 47 14 14 14 5 5 5 7 7 7 12 12 14 14 14 11 11 12 10 10 8 8 12 10 10 8 3 3 1 1 1 1 1 1
 3 3 2 4 4 12 7 7 12 12 14 43 43 27 17 17 17 17 12 10 10 11 12 12 12 12 13 11 11 10 9 9 7 7 9 9 9 7 8 8 3 3 2 1 1 0
 3 3 2 4 4 12 7 7 12 12 14 43 43 27 17 17 17 17 12 10 10 11 12 12 12 12 13 11 11 10 9 9 7 7 9 9 9 7 8 8 3 3 2 1 1 0
 3 3 4 5 5 11 17 17 10 10 22 11 11 27 44 44 17 17 20 11 11 11 10 10 13 13 10 10 10 9 10 10 10 10 11 15 15 9 5 5 4 4 5 3 3 2
 3 3 4 5 5 11 17 17 10 10 22 11 11 27 44 44 17 17 20 11 11 11 10 10 13 13 10 10 10 9 10 10 10 10 11 15 15 9 5 5 4 4 5 3 3 2
 3 3 4 2 2 8 21 21 14 14 16 17 17 26 34 34 14 14 19 15 15 20 11 11 14 14 16 17 17 10 9 9 11 11 10 12 12 6 7 7 8 8 10 6 6 8
 3 3 4 7 7 13 16 16 13 13 25 17 17 19 22 22 33 33 18 17 17 19 17 17 16 16 18 11 11 13 14 14 14 14 12 8 8 12 8 8 7 7 8 6 6 7
 3 3 4 7 7 13 16 16 13 13 25 17 17 19 22 22 33 33 18 17 17 19 17 17 16 16 18 11 11 13 14 14 14 14 12 8 8 12 8 8 7 7 8 6 6 7
 3 3 3 3 3 4 4 4 12 12 16 13 13 12 20 20 30 30 15 19 19 24 14 14 11 11 10 9 9 14 13 13 12 12 10 10 10 7 8 8 6 6 7 6 6 4
 5 5 2 2 2 3 3 3 5 5 11 22 22 21 14 14 27 27 22 19 19 24 10 10 8 8 7 11 11 8 12 12 12 12 11 7 7 7 6 6 9 9 12 10 10 5
 5 5 2 2 2 3 3 3 5 5 11 22 22 21 14 14 27 27 22 19 19 24 10 10 8 8 7 11 11 8 12 12 12 12 11 7 7 7 6 6 9 9 12 10 10 5
 1 1 1 1 1 2 2 2 4 4 10 12 12 17 24 24 7 7 12 32 32 36 9 9 10 10 7 7 7 10 10 10 10 10 5 4 4 3 4 4 12 12 6 6 6 7
 1 1 1 1 1 2 2 2 4 4 10 12 12 17 24 24 7 7 12 32 32 36 9 9 10 10 7 7 7 10 10 10 10 10 5 4 4 3 4 4 12 12 6 6 6 7
 1 1 1 2 2 2 3 3 4 4 7 7 7 10 17 17 5 5 5 4 4 4 7 7 7 7 9 6 6 7 7 7 10 10 13 4 4 2 3 3 7 7 5 11 11 10
 2 2 2 2 2 2 2 2 2 2 1 2 2 4 7 7 9 9 7 6 6 5 7 7 10 10 10 7 7 5 3 3 6 6 50 6 6 2 3 3 2 2 5 8 8 23
 2 2 2 2 2 2 2 2 2 2 1 2 2 4 7 7 9 9 7 6 6 5 7 7 10 10 10 7 7 5 3 3 6 6 50 6 6 2 3 3 2 2 5 8 8 23
 3 3 2 2 2 3 2 2 2 2 2 1 1 3 4 4 9 9 7 4 4 5 8 8 11 11 10 8 8 5 2 2 3 3 7 2 2 3 3 3 8 8 7 14 14 20
 4 4 3 2 2 3 3 3 3 3 1 2 2 3 4 4 9 9 8 4 4 7 8 8 10 10 17 9 9 3 3 3 2 2 3 3 3 3 3 3 3 3 5 12 12 15
 4 4 3 2 2 3 3 3 3 3 1 2 2 3 4 4 9 9 8 4 4 7 8 8 10 10 17 9 9 3 3 3 2 2 3 3 3 3 3 3 3 3 5 12 12 15
 4 4 2 3 3 3 3 3 3 3 1 1 1 3 3 3 8 8 6 3 3 7 5 5 5 5 6 7 7 3 3 3 3 3 3 3 3 5 7 7 4 4 8 17 17 11
 4 4 2 3 3 3 3 3 3 3 1 1 1 3 3 3 8 8 6 3 3 7 5 5 5 5 6 7 7 3 3 3 3 3 3 3 3 5 7 7 4 4 8 17 17 11
 6 6 3 3 3 3 1 1 1 1 2 1 1 1 4 4 9 9 6 7 7 5 5 5 6 6 6 7 7 3 4 4 3 3 4 3 3 5 6 6 9 9 8 2 2 7
 7 7 5 3 3 2 2 2 2 2 2 3 3 2 1 1 3 3 9 10 10 9 5 5 6 6 9 8 8 7 3 3 4 4 2 4 4 3 6 6 10 10 11 7 7 2
 7 7 5 3 3 2 2 2 2 2 2 3 3 2 1 1 3 3 9 10 10 9 5 5 6 6 9 8 8 7 3 3 4 4 2 4 4 3 6 6 10 10 11 7 7 2
 11 11 5 4 4 2 3 3 2 2 3 2 2 1 1 1 3 3 10 13 13 8 7 7 8 8 7 9 9 11 6 6 4 4 4 4 4 1 1 1 4 4 10 9 9 4
 20 20 6 4 4 2 3 3 5 5 2 1 1 1 1 1 4 4 4 12 12 15 13 13 13 13 14 17 17 14 14 14 8 8 10 14 14 3 2 2 5 5 5 11 11 5
 20 20 6 4 4 2 3 3 5 5 2 1 1 1 1 1 4 4 4 12 12 15 13 13 13 13 14 17 17 14 14 14 8 8 10 14 14 3 2 2 5 5 5 11 11 5
 6 6 6 5 5 2 3 3 2 2 2 1 1 2 1 1 3 3 4 11 11 14 11 11 14 14 15 26 26 21 15 15 13 13 14 15 15 7 10 10 10 10 11 9 9 10
 6 6 6 5 5 2 3 3 2 2 2 1 1 2 1 1 3 3 4 11 11 14 11 11 14 14 15 26 26 21 15 15 13 13 14 15 15 7 10 10 10 10 11 9 9 10
 7 7 6 3 3 2 3 3 2 2 3 1 1 2 2 2 2 2 2 8 8 12 17 17 16 16 23 17 17 25 16 16 13 13 14 25 25 18 15 15 14 14 16 19 19 16
 5 5 5 3 3 3 2 2 4 4 5 2 2 2 4 4 1 1 2 6 6 11 10 10 12 12 14 64 64 24 18 18 13 13 23 28 28 23 20 20 36 36 30 29 29 61
 5 5 5 3 3 3 2 2 4 4 5 2 2 2 4 4 1 1 2 6 6 11 10 10 12 12 14 64 64 24 18 18 13 13 23 28 28 23 20 20 36 36 30 29 29 61
 19 19 20 4 4 3 2 2 3 3 2 1 1 2 4 4 3 3 4 8 8 15 14 14 17 17 56 71 71 34 22 22 31 31 21 22 22 25 27 27 21 21 21 82 82 46
 25 25 25 8 8 6 2 2 3 3 1 1 1 2 3 3 2 2 5 7 7 11 13 13 14 14 11 37 37 32 30 30 22 22 21 15 15 18 25 25 8 8 9 10 10 29
 25 25 25 8 8 6 2 2 3 3 1 1 1 2 3 3 2 2 5 7 7 11 13 13 14 14 11 37 37 32 30 30 22 22 21 15 15 18 25 25 8 8 9 10 10 29
 21 21 25 7 7 7 4 4 4 4 2 1 1 2 1 1 8 8 2 3 3 10 11 11 16 16 11 13 13 13 9 9 7 7 4 3 3 3 16 16 7 7 5 4 4 13
 21 21 25 7 7 7 4 4 4 4 2 1 1 2 1 1 8 8 2 3 3 10 11 11 16 16 11 13 13 13 9 9 7 7 4 3 3 3 16 16 7 7 5 4 4 13
 12 12 7 8 8 7 5 5 6 6 2 2 2 1 2 2 2 2 2 4 4 9 11 11 13 13 21 19 19 30 61 61 14 14 2 2 2 1 5 5 5 5 1 1 1 8
 9 9 8 8 8 9 7 7 7 7 3 3 3 1 3 3 1 1 2 6 6 11 9 9 15 15 26 20 20 35 78 78 29 29 6 4 4 3 3 3 1 1 1 1 1 2
 9 9 8 8 8 9 7 7 7 7 3 3 3 1 3 3 1 1 2 6 6 11 9 9 15 15 26 20 20 35 78 78 29 29 6 4 4 3 3 3 1 1 1 1 1 2
 8 8 8 9 9 10 12 12 7 7 4 4 4 1 2 2 1 1 2 4 4 4 13 13 18 18 25 14 14 39 60 60 34 34 18 7 7 7 6 6 2 2 3 0 0 1
 10 10 13 10 10 12 12 12 7 7 7 4 4 2 2 2 1 1 1 11 11 6 13 13 14 14 22 13 13 36 87 87 37 37 35 9 9 10 8 8 8 8 9 2 2 1
 10 10 13 10 10 12 12 12 7 7 7 4 4 2 2 2 1 1 1 11 11 6 13 13 14 14 22 13 13 36 87 87 37 37 35 9 9 10 8 8 8 8 9 2 2 1
 9 9 15 17 17 20 21 21 11 11 11 3 3 3 5 5 2 2 1 4 4 8 11 11 17 17 18 12 12 34 42 42 32 32 34 19 19 9 11 11 11 11 4 2 2 1
 9 9 15 17 17 20 21 21 11 11 11 3 3 3 5 5 2 2 1 4 4 8 11 11 17 17 18 12 12 34 42 42 32 32 34 19 19 9 11 11 11 11 4 2 2 1
 11 11 22 22 22 23 19 19 14 14 18 5 5 6 7 7 1 1 1 3 3 6 10 10 11 11 15 11 11 10 25 25 44 44 37 26 26 16 15 15 12 12 6 5 5 2
 15 15 22 28 28 31 26 26 23 23 16 5 5 7 2 2 3 3 1 3 3 5 6 6 13 13 16 10 10 8 38 38 43 43 27 20 20 22 14 14 14 14 11 6 6 5
 15 15 22 28 28 31 26 26 23 23 16 5 5 7 2 2 3 3 1 3 3 5 6 6 13 13 16 10 10 8 38 38 43 43 27 20 20 22 14 14 14 14 11 6 6 5
 19 19 20 25 25 23 33 33 24 24 11 7 7 8 4 4 12 12 6 3 3 3 4 4 9 9 12 9 9 18 56 56 31 31 24 16 16 15 10 10 16 16 23 18 18 6
 25 25 25 41 41 25 34 34 24 24 20 18 18 7 4 4 7 7 3 3 3 7 11 11 10 10 10 13 13 21 20 20 17 17 14 17 17 15 27 27 18 18 14 15 15 7
 25 25 25 41 41 25 34 34 24 24 20 18 18 7 4 4 7 7 3 3 3 7 11 11 10 10 10 13 13 21 20 20 17 17 14 17 17 15 27 27 18 18 14 15 15 7
 43 43 42 44 44 27 38 38 37 37 22 19 19 7 15 15 3 3 4 6 6 8 6 6 6 6 13 18 18 15 12 12 13 13 16 22 22 18 24 24 22 22 14 10 10 6
 43 43 42 44 44 27 38 38 37 37 22 19 19 7 15 15 3 3 4 6 6 8 6 6 6 6 13 18 18 15 12 12 13 13 16 22 22 18 24 24 22 22 14 10 10 6
 49 49 45 51 51 31 38 38 38 38 23 22 22 8 18 18 5 5 6 5 5 4 5 5 6 6 13 11 11 15 18 18 19 19 22 21 21 14 14 14 15 15 22 13 13 6
 51 51 53 42 42 41 34 34 33 33 28 27 27 16 19 19 5 5 7 3 3 5 4 4 6 6 11 11 11 15 16 16 17 17 44 41 41 18 15 15 11 11 15 18 18 29
 51 51 53 42 42 41 34 34 33 33 28 27 27 16 19 19 5 5 7 3 3 5 4 4 6 6 11 11 11 15 16 16 17 17 44 41 41 18 15 15 11 11 15 18 18 29
 37 37 44 39 39 42 37 37 34 34 30 28 28 20 19 19 9 9 8 3 3 4 3 3 4 4 6 8 8 14 18 18 21 21 27 26 26 21 16 16 10 10 9 10 10 9
 36 36 36 29 29 40 51 51 34 34 30 27 27 24 21 21 7 7 7 5 5 5 4 4 3 3 6 10 10 9 12 12 17 17 17 16 16 19 15 15 10 10 10 6 6 4
 36 36 36 29 29 40 51 51 34 34 30 27 27 24 21 21 7 7 7 5 5 5 4 4 3 3 6 10 10 9 12 12 17 17 17 16 16 19 15 15 10 10 10 6 6 4
 26 26 30 24 24 34 33 33 33 33 29 25 25 21 9 9 9 9 8 3 3 4 2 2 2 2 5 4 4 5 8 8 13 13 13 17 17 13 22 22 18 18 10 8 8 6
 26 26 30 24 24 34 33 33 33 33 29 25 25 21 9 9 9 9 8 3 3 4 2 2 2 2 5 4 4 5 8 8 13 13 13 17 17 13 22 22 18 18 10 8 8 6
 25 25 22 22 22 21 21 21 26 26 26 24 24 21 9 9 9 9 3 3 3 3 4 4 1 1 1 4 4 5 5 5 7 7 13 17 17 13 16 16 23 23 29 19 19 3
 23 23 15 32 32 18 25 25 22 22 23 23 23 22 14 14 11 11 5 4 4 2 5 5 5 5 2 1 1 2 4 4 4 4 7 7 7 9 7 7 7 7 17 10 10 4
 23 23 15 32 32 18 25 25 22 22 23 23 23 22 14 14 11 11 5 4 4 2 5 5 5 5 2 1 1 2 4 4 4 4 7 7 7 9 7 7 7 7 17 10 10 4
 22 22 19 20 20 16 22 22 20 20 22 20 20 18 14 14 11 11 6 6 6 2 3 3 2 2 1 1 1 2 4 4 4 4 6 4 4 3 4 4 3 3 4 4 4 2
 21 21 25 18 18 12 19 19 22 22 21 14 14 11 12 12 10 10 7 6 6 2 2 2 2 2 2 2 2 1 0 0 1 1 1 1 1 5 10 10 8 8 6 3 3 5
