assets/RAT_results/precipitation/2018-08-16_IMERG.asc
ncols        46
nrows        77
xllcorner    74.800261325624
yllcorner    8.058333333333
cellsize     0.062500000000
NODATA_value -9999
 23 23 19 13 13 40 32 32 45 45 80 31 31 30 31 31 15 15 14 13 13 12 8 8 7 7 4 1 1 3 0 0 1 1 1 1 1 0 0 0 0 0 0 0 0 0
 18 18 14 17 17 13 18 18 14 14 28 41 41 45 39 39 30 30 18 13 13 18 10 10 9 9 4 1 1 1 2 2 1 1 1 0 0 0 0 0 0 0 0 0 0 0
 18 18 14 17 17 13 18 18 14 14 28 41 41 45 39 39 30 30 18 13 13 18 10 10 9 9 4 1 1 1 2 2 1 1 1 0 0 0 0 0 0 0 0 0 0 0
 10 10 10 8 8 15 16 16 17 17 18 37 37 48 41 41 33 33 24 16 16 15 16 16 11 11 8 3 3 2 1 1 0 0 0 0 0 0 0 0 0 0 0 0 0 0
 10 10 9 10 10 11 22 22 22 22 26 33 33 46 36 36 35 35 39 29 29 24 16 16 12 12 11 7 7 4 3 3 11 11 2 0 0 0 0 0 0 0 0 1 1 0
 10 10 9 10 10 11 22 22 22 22 26 33 33 46 36 36 35 35 39 29 29 24 16 16 12 12 11 7 7 4 3 3 11 11 2 0 0 0 0 0 0 0 0 1 1 0
 8 8 9 8 8 24 20 20 20 20 22 29 29 31 41 41 41 41 38 38 38 29 21 21 15 15 13 16 16 9 5 5 7 7 4 0 0 0 0 0 0 0 0 0 0 0
 8 8 9 8 8 24 20 20 20 20 22 29 29 31 41 41 41 41 38 38 38 29 21 21 15 15 13 16 16 9 5 5 7 7 4 0 0 0 0 0 0 0 0 0 0 0
 8 8 14 27 27 24 15 15 13 13 20 30 30 31 42 42 51 51 30 26 26 25 33 33 28 28 15 13 13 8 7 7 9 9 7 3 3 2 0 0 0 0 3 0 0 0
 12 12 12 24 24 26 19 19 18 18 33 34 34 33 36 36 43 43 33 35 35 24 34 34 29 29 17 14 14 10 7 7 4 4 15 3 3 2 2 2 0 0 0 5 5 2
 12 12 12 24 24 26 19 19 18 18 33 34 34 33 36 36 43 43 33 35 35 24 34 34 29 29 17 14 14 10 7 7 4 4 15 3 3 2 2 2 0 0 0 5 5 2
 3 3 7 26 26 23 21 21 17 17 20 30 30 34 38 38 52 52 45 36 36 27 22 22 33 33 26 23 23 20 13 13 12 12 11 6 6 5 2 2 1 1 1 0 0 2
 2 2 3 5 5 11 13 13 12 12 15 19 19 32 32 32 36 36 41 29 29 34 29 29 23 23 28 31 31 20 14 14 12 12 14 19 19 9 5 5 3 3 3 4 4 3
 2 2 3 5 5 11 13 13 12 12 15 19 19 32 32 32 36 36 41 29 29 34 29 29 23 23 28 31 31 20 14 14 12 12 14 19 19 9 5 5 3 3 3 4 4 3
 3 3 3 7 7 7 14 14 7 7 13 15 15 24 30 30 56 56 63 31 31 32 29 29 37 37 34 23 23 30 16 16 14 14 15 13 13 16 10 10 7 7 15 7 7 12
 3 3 3 7 7 7 14 14 7 7 13 15 15 24 30 30 56 56 63 31 31 32 29 29 37 37 34 23 23 30 16 16 14 14 15 13 13 16 10 10 7 7 15 7 7 12
 5 5 4 5 5 3 3 3 9 9 14 11 11 9 21 21 26 26 23 31 31 22 28 28 28 28 26 26 26 21 18 18 13 13 11 9 9 11 12 12 10 10 16 11 11 9
 5 5 6 7 7 7 9 9 11 11 16 23 23 10 23 23 15 15 52 25 25 25 31 31 26 26 37 26 26 26 14 14 12 12 8 8 8 7 12 12 10 10 15 7 7 6
 5 5 6 7 7 7 9 9 11 11 16 23 23 10 23 23 15 15 52 25 25 25 31 31 26 26 37 26 26 26 14 14 12 12 8 8 8 7 12 12 10 10 15 7 7 6
 6 6 8 8 8 9 9 9 13 13 10 14 14 9 11 11 16 16 20 34 34 43 49 49 38 38 45 27 27 25 14 14 11 11 6 5 5 5 7 7 7 7 11 6 6 5
 9 9 12 14 14 14 14 14 9 9 10 14 14 17 21 21 30 30 32 42 42 45 41 41 42 42 27 27 27 22 13 13 10 10 8 6 6 7 6 6 6 6 4 5 5 4
 9 9 12 14 14 14 14 14 9 9 10 14 14 17 21 21 30 30 32 42 42 45 41 41 42 42 27 27 27 22 13 13 10 10 8 6 6 7 6 6 6 6 4 5 5 4
 38 38 10 44 44 21 20 20 21 21 5 21 21 18 17 17 34 34 33 36 36 45 36 36 33 33 28 30 30 20 14 14 15 15 10 8 8 6 5 5 4 4 3 2 2 2
 38 38 10 44 44 21 20 20 21 21 5 21 21 18 17 17 34 34 33 36 36 45 36 36 33 33 28 30 30 20 14 14 15 15 10 8 8 6 5 5 4 4 3 2 2 2
 62 62 46 45 45 23 15 15 22 22 14 7 7 20 30 30 45 45 38 52 52 43 33 33 42 42 34 30 30 19 18 18 23 23 11 12 12 7 3 3 3 3 1 1 1 2
 66 66 20 40 40 18 12 12 15 15 16 11 11 26 26 26 50 50 39 40 40 36 37 37 33 33 33 39 39 24 22 22 23 23 13 11 11 7 4 4 2 2 2 5 5 3
 66 66 20 40 40 18 12 12 15 15 16 11 11 26 26 26 50 50 39 40 40 36 37 37 33 33 33 39 39 24 22 22 23 23 13 11 11 7 4 4 2 2 2 5 5 3
 39 39 24 49 49 47 18 18 44 44 28 24 24 25 26 26 50 50 65 38 38 40 39 39 39 39 30 36 36 25 24 24 20 20 16 15 15 9 8 8 5 5 3 2 2 2
 51 51 31 42 42 66 37 37 37 37 38 33 33 22 42 42 38 38 59 49 49 58 40 40 32 32 31 42 42 28 26 26 28 28 19 17 17 9 10 10 9 9 7 5 5 5
 51 51 31 42 42 66 37 37 37 37 38 33 33 22 42 42 38 38 59 49 49 58 40 40 32 32 31 42 42 28 26 26 28 28 19 17 17 9 10 10 9 9 7 5 5 5
 33 33 33 31 31 35 46 46 36 36 29 37 37 41 37 37 44 44 65 56 56 58 69 69 77 77 33 31 31 27 30 30 28 28 32 25 25 20 13 13 13 13 13 8 8 6
 33 33 33 31 31 35 46 46 36 36 29 37 37 41 37 37 44 44 65 56 56 58 69 69 77 77 33 31 31 27 30 30 28 28 32 25 25 20 13 13 13 13 13 8 8 6
 50 50 24 53 53 23 40 40 60 60 52 57 57 61 66 66 46 46 57 57 57 56 40 40 60 60 103 63 63 40 37 37 38 38 34 30 30 30 19 19 21 21 16 14 14 11
 36 36 44 43 43 32 47 47 94 94 62 60 60 95 104 104 71 71 81 90 90 85 88 88 107 107 89 78 78 58 53 53 51 51 52 40 40 31 22 22 23 23 19 13 13 11
 36 36 44 43 43 32 47 47 94 94 62 60 60 95 104 104 71 71 81 90 90 85 88 88 107 107 89 78 78 58 53 53 51 51 52 40 40 31 22 22 23 23 19 13 13 11
 22 22 34 24 24 24 16 16 27 27 31 91 91 55 104 104 98 98 109 82 82 97 103 103 99 99 89 87 87 89 82 82 69 69 58 39 39 34 35 35 27 27 23 14 14 9
 69 69 32 50 50 24 19 19 24 24 37 35 35 36 46 46 71 71 52 67 67 75 77 77 99 99 85 105 105 106 107 107 80 80 62 39 39 47 35 35 33 33 35 18 18 15
 69 69 32 50 50 24 19 19 24 24 37 35 35 36 46 46 71 71 52 67 67 75 77 77 99 99 85 105 105 106 107 107 80 80 62 39 39 47 35 35 33 33 35 18 18 15
 18 18 31 32 32 24 45 45 29 29 22 22 22 25 25 25 33 33 55 72 72 84 82 82 79 79 86 127 127 101 87 87 88 88 73 48 48 41 54 54 46 46 61 27 27 22
 18 18 31 32 32 24 45 45 29 29 22 22 22 25 25 25 33 33 55 72 72 84 82 82 79 79 86 127 127 101 87 87 88 88 73 48 48 41 54 54 46 46 61 27 27 22
 13 13 18 19 19 19 16 16 12 12 17 17 17 17 18 18 21 21 56 70 70 69 63 63 76 76 108 110 110 136 123 123 119 119 80 82 82 59 58 58 51 51 60 52 52 39
 34 34 27 18 18 12 24 24 13 13 20 26 26 26 32 32 22 22 24 32 32 70 71 71 68 68 90 101 101 116 113 113 131 131 84 69 69 55 52 52 51 51 50 52 52 42
 34 34 27 18 18 12 24 24 13 13 20 26 26 26 32 32 22 22 24 32 32 70 71 71 68 68 90 101 101 116 113 113 131 131 84 69 69 55 52 52 51 51 50 52 52 42
 31 31 19 16 16 9 14 14 13 13 31 29 29 29 43 43 32 32 28 41 41 56 55 55 64 64 65 82 82 98 94 94 104 104 86 78 78 67 55 55 58 58 52 44 44 38
 17 17 13 16 16 12 18 18 18 18 21 20 20 29 37 37 49 49 51 39 39 35 62 62 49 49 52 61 61 101 80 80 82 82 79 65 65 66 56 56 63 63 58 51 51 43
 17 17 13 16 16 12 18 18 18 18 21 20 20 29 37 37 49 49 51 39 39 35 62 62 49 49 52 61 61 101 80 80 82 82 79 65 65 66 56 56 63 63 58 51 51 43
 13 13 17 14 14 16 15 15 24 24 23 38 38 46 63 63 73 73 63 44 44 39 31 31 42 42 42 57 57 58 53 53 72 72 69 56 56 62 53 53 66 66 71 59 59 40
 13 13 17 14 14 16 15 15 24 24 23 38 38 46 63 63 73 73 63 44 44 39 31 31 42 42 42 57 57 58 53 53 72 72 69 56 56 62 53 53 66 66 71 59 59 40
 13 13 15 21 21 22 20 20 29 29 38 44 44 68 77 77 63 63 49 29 29 37 30 30 51 51 67 41 41 49 86 86 52 52 76 72 72 57 40 40 56 56 58 44 44 34
 3 3 12 19 19 28 26 26 33 33 55 54 54 42 54 54 49 49 30 50 50 31 59 59 40 40 38 49 49 48 72 72 51 51 60 51 51 55 53 53 49 49 52 44 44 26
 3 3 12 19 19 28 26 26 33 33 55 54 54 42 54 54 49 49 30 50 50 31 59 59 40 40 38 49 49 48 72 72 51 51 60 51 51 55 53 53 49 49 52 44 44 26
 2 2 8 12 12 21 28 28 37 37 51 39 39 29 15 15 41 41 20 10 10 37 35 35 45 45 36 59 59 62 76 76 66 66 59 64 64 57 49 49 39 39 47 33 33 17
 2 2 3 6 6 7 6 6 10 10 7 17 17 7 17 17 11 11 25 24 24 32 60 60 55 55 48 45 45 68 87 87 65 65 85 76 76 72 50 50 44 44 48 30 30 16
 2 2 3 6 6 7 6 6 10 10 7 17 17 7 17 17 11 11 25 24 24 32 60 60 55 55 48 45 45 68 87 87 65 65 85 76 76 72 50 50 44 44 48 30 30 16
 1 1 2 4 4 3 2 2 3 3 3 2 2 11 15 15 16 16 21 11 11 14 31 31 50 50 55 49 49 51 67 67 75 75 70 81 81 60 51 51 46 46 39 23 23 16
 1 1 2 4 4 3 2 2 3 3 3 2 2 11 15 15 16 16 21 11 11 14 31 31 50 50 55 49 49 51 67 67 75 75 70 81 81 60 51 51 46 46 39 23 23 16
 2 2 2 3 3 1 1 1 1 1 1 1 1 3 18 18 13 13 11 7 7 16 27 27 41 41 67 45 45 51 51 51 68 68 68 68 68 66 58 58 42 42 39 23 23 16
 2 2 2 4 4 4 0 0 1 1 1 1 1 2 14 14 14 14 4 16 16 14 31 31 64 64 42 37 37 31 51 51 51 51 53 74 74 54 46 46 44 44 37 23 23 15
 2 2 2 4 4 4 0 0 1 1 1 1 1 2 14 14 14 14 4 16 16 14 31 31 64 64 42 37 37 31 51 51 51 51 53 74 74 54 46 46 44 44 37 23 23 15
 3 3 2 0 0 3 2 2 0 0 0 1 1 27 4 4 5 5 6 9 9 5 13 13 20 20 41 29 29 40 33 33 37 37 39 36 36 38 33 33 32 32 31 27 27 10
 4 4 3 3 3 0 2 2 1 1 1 1 1 3 2 2 1 1 2 5 5 4 15 15 13 13 18 32 32 26 22 22 34 34 30 35 35 33 34 34 25 25 26 18 18 7
 4 4 3 3 3 0 2 2 1 1 1 1 1 3 2 2 1 1 2 5 5 4 15 15 13 13 18 32 32 26 22 22 34 34 30 35 35 33 34 34 25 25 26 18 18 7
 5 5 8 13 13 2 1 1 3 3 2 1 1 1 2 2 1 1 1 6 6 3 2 2 8 8 13 18 18 33 21 21 36 36 30 27 27 33 28 28 23 23 18 13 13 5
 5 5 8 13 13 2 1 1 3 3 2 1 1 1 2 2 1 1 1 6 6 3 2 2 8 8 13 18 18 33 21 21 36 36 30 27 27 33 28 28 23 23 18 13 13 5
 16 16 9 16 16 2 2 2 2 2 2 7 7 1 3 3 3 3 3 2 2 5 4 4 5 5 6 7 7 18 23 23 23 23 34 21 21 24 32 32 27 27 15 10 10 3
 21 21 20 24 24 11 5 5 3 3 5 8 8 9 7 7 5 5 4 4 4 6 4 4 3 3 4 5 5 11 28 28 17 17 19 18 18 23 24 24 28 28 17 6 6 2
 21 21 20 24 24 11 5 5 3 3 5 8 8 9 7 7 5 5 4 4 4 6 4 4 3 3 4 5 5 11 28 28 17 17 19 18 18 23 24 24 28 28 17 6 6 2
 58 58 43 40 40 13 19 19 7 7 17 24 24 18 26 26 12 12 4 6 6 8 6 6 6 6 5 6 6 6 12 12 25 25 19 19 19 20 20 20 18 18 14 5 5 4
 70 70 55 38 38 14 19 19 23 23 21 32 32 24 26 26 15 15 6 5 5 5 8 8 9 9 8 5 5 7 7 7 15 15 22 20 20 17 16 16 18 18 11 7 7 4
 70 70 55 38 38 14 19 19 23 23 21 32 32 24 26 26 15 15 6 5 5 5 8 8 9 9 8 5 5 7 7 7 15 15 22 20 20 17 16 16 18 18 11 7 7 4
 71 71 62 27 27 14 15 15 12 12 19 56 56 30 29 29 62 62 29 7 7 7 12 12 15 15 13 8 8 6 9 9 7 7 15 19 19 15 10 10 8 8 10 6 6 1
 71 71 62 27 27 14 15 15 12 12 19 56 56 30 29 29 62 62 29 7 7 7 12 12 15 15 13 8 8 6 9 9 7 7 15 19 19 15 10 10 8 8 10 6 6 1
 52 52 35 25 25 22 16 16 11 11 31 60 60 41 29 29 32 32 73 7 7 12 11 11 9 9 16 17 17 9 6 6 8 8 9 10 10 10 6 6 6 6 12 7 7 2
 10 10 16 12 12 12 12 12 16 16 21 25 25 38 36 36 35 35 53 12 12 4 11 11 9 9 7 10 10 6 5 5 7 7 8 8 8 8 7 7 4 4 9 7 7 8
 10 10 16 12 12 12 12 12 16 16 21 25 25 38 36 36 35 35 53 12 12 4 11 11 9 9 7 10 10 6 5 5 7 7 8 8 8 8 7 7 4 4 9 7 7 8
 9 9 10 9 9 9 11 11 11 11 8 10 10 17 17 17 17 17 20 14 14 13 13 13 11 11 13 8 8 5 5 5 4 4 7 6 6 4 9 9 7 7 4 4 4 4
 9 9 8 7 7 8 8 8 7 7 8 9 9 9 8 8 8 8 8 33 33 20 16 16 26 26 12 6 6 21 12 12 3 3 3 5 5 4 2 2 1 1 5 3 3 4
