assets/RAT_results/precipitation/2018-04-19_IMERG.asc
ncols        46
nrows        77
xllcorner    74.800261325624
yllcorner    8.058333333333
cellsize     0.062500000000
NODATA_value -9999
 49 49 37 51 51 78 67 67 119 119 98 27 27 26 22 22 9 9 5 6 6 3 1 1 2 2 0 0 0 0 1 1 2 2 1 6 6 3 1 1 2 2 2 0 0 0
 71 71 75 59 59 61 65 65 110 110 114 70 70 23 36 36 7 7 4 2 2 2 1 1 0 0 0 1 1 1 2 2 3 3 1 6 6 5 2 2 2 2 3 2 2 0
 71 71 75 59 59 61 65 65 110 110 114 70 70 23 36 36 7 7 4 2 2 2 1 1 0 0 0 1 1 1 2 2 3 3 1 6 6 5 2 2 2 2 3 2 2 0
 101 101 87 56 56 42 41 41 74 74 45 46 46 36 46 46 9 9 2 1 1 1 1 1 4 4 3 6 6 4 4 4 8 8 2 1 1 4 1 1 1 1 3 2 2 0
 112 112 109 59 59 28 39 39 19 19 19 46 46 29 24 24 13 13 3 2 2 2 2 2 13 13 43 9 9 5 4 4 7 7 3 4 4 4 2 2 0 0 1 0 0 0
 112 112 109 59 59 28 39 39 19 19 19 46 46 29 24 24 13 13 3 2 2 2 2 2 13 13 43 9 9 5 4 4 7 7 3 4 4 4 2 2 0 0 1 0 0 0
 54 54 66 51 51 43 17 17 33 33 43 22 22 24 12 12 11 11 5 7 7 9 39 39 40 40 48 3 3 4 2 2 0 0 7 4 4 0 6 6 1 1 2 0 0 0
 54 54 66 51 51 43 17 17 33 33 43 22 22 24 12 12 11 11 5 7 7 9 39 39 40 40 48 3 3 4 2 2 0 0 7 4 4 0 6 6 1 1 2 0 0 0
 56 56 71 63 63 52 15 15 16 16 11 17 17 14 13 13 4 4 7 9 9 15 41 41 44 44 36 5 5 2 1 1 3 3 0 1 1 3 1 1 0 0 0 0 0 0
 57 57 23 23 23 23 12 12 7 7 17 12 12 12 7 7 2 2 2 6 6 5 19 19 38 38 8 2 2 5 1 1 0 0 0 0 0 3 1 1 0 0 0 0 0 0
 57 57 23 23 23 23 12 12 7 7 17 12 12 12 7 7 2 2 2 6 6 5 19 19 38 38 8 2 2 5 1 1 0 0 0 0 0 3 1 1 0 0 0 0 0 0
 51 51 26 34 34 23 8 8 9 9 14 16 16 10 3 3 2 2 4 5 5 6 9 9 7 7 3 5 5 1 1 1 0 0 0 2 2 3 0 0 0 0 0 0 0 0
 49 49 22 19 19 11 9 9 11 11 14 9 9 6 6 6 2 2 3 4 4 6 6 6 5 5 5 6 6 2 1 1 2 2 2 1 1 1 2 2 0 0 0 0 0 0
 49 49 22 19 19 11 9 9 11 11 14 9 9 6 6 6 2 2 3 4 4 6 6 6 5 5 5 6 6 2 1 1 2 2 2 1 1 1 2 2 0 0 0 0 0 0
 5 5 4 2 2 2 3 3 4 4 13 2 2 5 6 6 8 8 11 5 5 6 7 7 7 7 5 4 4 2 10 10 3 3 2 1 1 1 0 0 0 0 0 0 0 0
 5 5 4 2 2 2 3 3 4 4 13 2 2 5 6 6 8 8 11 5 5 6 7 7 7 7 5 4 4 2 10 10 3 3 2 1 1 1 0 0 0 0 0 0 0 0
 2 2 3 6 6 3 4 4 11 11 14 2 2 4 13 13 19 19 50 13 13 7 8 8 6 6 11 15 15 10 10 10 5 5 4 2 2 0 0 0 0 0 0 0 0 0
 2 2 4 3 3 2 2 2 1 1 7 2 2 4 13 13 22 22 24 16 16 27 22 22 8 8 9 16 16 10 16 16 2 2 3 1 1 0 0 0 0 0 0 0 0 0
 2 2 4 3 3 2 2 2 1 1 7 2 2 4 13 13 22 22 24 16 16 27 22 22 8 8 9 16 16 10 16 16 2 2 3 1 1 0 0 0 0 0 0 0 0 0
 2 2 4 3 3 2 1 1 1 1 4 5 5 13 18 18 27 27 21 27 27 17 25 25 9 9 16 16 16 16 18 18 3 3 2 0 0 0 0 0 0 0 0 0 0 0
 1 1 2 1 1 1 1 1 1 1 5 8 8 31 20 20 20 20 25 51 51 19 15 15 9 9 3 3 3 5 8 8 2 2 1 0 0 0 0 0 0 0 0 0 0 0
 1 1 2 1 1 1 1 1 1 1 5 8 8 31 20 20 20 20 25 51 51 19 15 15 9 9 3 3 3 5 8 8 2 2 1 0 0 0 0 0 0 0 0 0 0 0
 1 1 2 1 1 0 5 5 5 5 8 9 9 22 16 16 15 15 17 17 17 15 4 4 5 5 2 2 2 2 1 1 2 2 1 0 0 0 0 0 0 0 0 0 0 0
 1 1 2 1 1 0 5 5 5 5 8 9 9 22 16 16 15 15 17 17 17 15 4 4 5 5 2 2 2 2 1 1 2 2 1 0 0 0 0 0 0 0 0 0 0 0
 1 1 1 0 0 1 5 5 25 25 26 20 20 35 18 18 25 25 29 17 17 10 5 5 5 5 3 2 2 1 0 0 0 0 0 0 0 0 0 0 0 0 0 0 0 0
 19 19 19 9 9 10 33 33 25 25 25 20 20 20 22 22 27 27 16 17 17 8 3 3 3 3 1 2 2 1 0 0 0 0 0 0 0 0 0 0 0 0 0 0 0 0
 19 19 19 9 9 10 33 33 25 25 25 20 20 20 22 22 27 27 16 17 17 8 3 3 3 3 1 2 2 1 0 0 0 0 0 0 0 0 0 0 0 0 0 0 0 0
 25 25 0 10 10 9 9 9 10 10 9 6 6 11 7 7 4 4 1 6 6 2 2 2 3 3 9 1 1 0 0 0 0 0 0 0 0 0 0 0 0 0 0 0 0 0
 24 24 3 7 7 11 8 8 15 15 5 2 2 1 1 1 1 1 0 0 0 1 1 1 4 4 9 2 2 0 0 0 0 0 0 0 0 0 0 0 0 0 0 0 0 0
 24 24 3 7 7 11 8 8 15 15 5 2 2 1 1 1 1 1 0 0 0 1 1 1 4 4 9 2 2 0 0 0 0 0 0 0 0 0 0 0 0 0 0 0 0 0
 1 1 0 3 3 1 1 1 1 1 1 0 0 1 0 0 0 0 1 0 0 0 0 0 4 4 12 1 1 0 0 0 0 0 0 0 0 0 0 0 0 0 0 0 0 0
 1 1 0 3 3 1 1 1 1 1 1 0 0 1 0 0 0 0 1 0 0 0 0 0 4 4 12 1 1 0 0 0 0 0 0 0 0 0 0 0 0 0 0 0 0 0
 0 0 0 0 0 1 0 0 0 0 0 0 0 0 0 0 0 0 0 0 0 0 0 0 0 0 2 0 0 0 0 0 0 0 0 0 0 0 0 0 0 0 0 0 0 0
 0 0 0 0 0 0 0 0 0 0 0 0 0 0 0 0 0 0 0 0 0 0 0 0 0 0 0 0 0 0 0 0 0 0 0 0 0 0 0 0 0 0 0 0 0 0
 0 0 0 0 0 0 0 0 0 0 0 0 0 0 0 0 0 0 0 0 0 0 0 0 0 0 0 0 0 0 0 0 0 0 0 0 0 0 0 0 0 0 0 0 0 0
 0 0 0 0 0 0 0 0 0 0 0 0 0 0 0 0 0 0 0 0 0 1 0 0 0 0 0 0 0 0 0 0 0 0 0 0 0 0 0 0 0 0 0 0 0 0
 0 0 0 0 0 0 0 0 0 0 0 0 0 0 0 0 0 0 0 0 0 0 0 0 0 0 0 0 0 0 0 0 0 0 0 0 0 0 0 0 0 0 0 0 0 0
 0 0 0 0 0 0 0 0 0 0 0 0 0 0 0 0 0 0 0 0 0 0 0 0 0 0 0 0 0 0 0 0 0 0 0 0 0 0 0 0 0 0 0 0 0 0
 1 1 0 0 0 0 0 0 0 0 0 0 0 0 0 0 0 0 0 1 1 0 0 0 0 0 0 0 0 0 0 0 0 0 0 0 0 0 0 0 0 0 0 0 0 0
 1 1 0 0 0 0 0 0 0 0 0 0 0 0 0 0 0 0 0 1 1 0 0 0 0 0 0 0 0 0 0 0 0 0 0 0 0 0 0 0 0 0 0 0 0 0
 1 1 1 1 1 0 0 0 0 0 0 0 0 0 0 0 0 0 0 0 0 0 0 0 0 0 0 0 0 0 0 0 0 0 0 0 0 0 0 0 0 0 0 0 0 0
 1 1 1 1 1 0 0 0 0 0 0 0 0 0 0 0 0 0 0 0 0 0 0 0 0 0 0 0 0 0 0 0 0 0 0 0 0 0 0 0 0 0 0 0 0 0
 1 1 1 1 1 0 0 0 0 0 0 0 0 0 0 0 0 0 0 0 0 0 0 0 0 0 0 0 0 0 0 0 0 0 0 0 0 0 0 0 0 0 0 0 0 0
 4 4 2 1 1 1 1 1 0 0 0 0 0 0 0 0 0 0 0 0 0 0 0 0 0 0 0 0 0 2 2 2 3 3 1 0 0 0 0 0 0 0 0 0 0 0
 8 8 4 2 2 1 1 1 1 1 1 1 1 0 0 0 0 0 0 0 0 0 0 0 0 0 1 2 2 2 3 3 14 14 2 0 0 0 0 0 0 0 0 0 0 0
 8 8 4 2 2 1 1 1 1 1 1 1 1 0 0 0 0 0 0 0 0 0 0 0 0 0 1 2 2 2 3 3 14 14 2 0 0 0 0 0 0 0 0 0 0 0
 4 4 8 3 3 1 2 2 1 1 1 1 1 1 0 0 0 0 0 0 0 0 0 0 0 0 1 3 3 5 10 10 16 16 3 0 0 0 0 0 0 0 0 0 0 0
 4 4 8 3 3 1 2 2 1 1 1 1 1 1 0 0 0 0 0 0 0 0 0 0 0 0 1 3 3 5 10 10 16 16 3 0 0 0 0 0 0 0 0 0 0 0
 1 1 2 1 1 1 1 1 1 1 2 1 1 2 1 1 0 0 0 0 0 0 0 0 0 0 0 2 2 5 6 6 17 17 4 0 0 0 1 1 0 0 0 0 0 0
 1 1 0 1 1 0 1 1 1 1 2 2 2 2 2 2 0 0 0 0 0 0 0 0 1 1 1 8 8 13 7 7 3 3 1 1 1 0 0 0 0 0 0 0 0 0
 1 1 0 1 1 0 1 1 1 1 2 2 2 2 2 2 0 0 0 0 0 0 0 0 1 1 1 8 8 13 7 7 3 3 1 1 1 0 0 0 0 0 0 0 0 0
 1 1 1 1 1 1 1 1 1 1 2 2 2 3 2 2 0 0 0 0 0 0 0 0 0 0 1 6 6 9 7 7 3 3 3 3 3 0 0 0 0 0 0 0 0 0
 1 1 1 1 1 1 0 0 1 1 2 4 4 3 4 4 1 1 2 0 0 3 1 1 0 0 1 1 1 6 6 6 2 2 4 3 3 0 0 0 0 0 0 0 0 0
 1 1 1 1 1 1 0 0 1 1 2 4 4 3 4 4 1 1 2 0 0 3 1 1 0 0 1 1 1 6 6 6 2 2 4 3 3 0 0 0 0 0 0 0 0 0
 0 0 1 1 1 1 0 0 0 0 2 4 4 4 4 4 3 3 1 1 1 7 2 2 0 0 2 9 9 2 3 3 3 3 5 5 5 0 0 0 0 0 0 0 0 0
 0 0 1 1 1 1 0 0 0 0 2 4 4 4 4 4 3 3 1 1 1 7 2 2 0 0 2 9 9 2 3 3 3 3 5 5 5 0 0 0 0 0 0 0 0 0
 0 0 1 3 3 2 1 1 2 2 2 3 3 4 5 5 2 2 2 4 4 2 2 2 11 11 2 1 1 1 4 4 2 2 1 0 0 0 0 0 0 0 0 0 0 0
 1 1 1 3 3 2 1 1 3 3 4 5 5 4 4 4 3 3 2 9 9 7 12 12 6 6 2 0 0 1 5 5 2 2 1 0 0 0 0 0 0 0 0 0 0 0
 1 1 1 3 3 2 1 1 3 3 4 5 5 4 4 4 3 3 2 9 9 7 12 12 6 6 2 0 0 1 5 5 2 2 1 0 0 0 0 0 0 0 0 0 0 0
 4 4 1 2 2 2 1 1 2 2 8 5 5 4 3 3 3 3 2 10 10 4 1 1 6 6 4 4 4 1 1 1 1 1 0 0 0 0 0 0 0 0 0 0 0 0
 1 1 1 1 1 1 1 1 4 4 14 13 13 5 2 2 2 2 2 5 5 1 0 0 3 3 3 4 4 2 0 0 0 0 0 0 0 0 0 0 0 0 0 0 0 0
 1 1 1 1 1 1 1 1 4 4 14 13 13 5 2 2 2 2 2 5 5 1 0 0 3 3 3 4 4 2 0 0 0 0 0 0 0 0 0 0 0 0 0 0 0 0
 1 1 1 1 1 1 2 2 3 3 9 12 12 3 2 2 3 3 0 1 1 1 0 0 0 0 4 4 4 3 0 0 0 0 1 1 1 0 0 0 0 0 0 0 0 0
 1 1 1 1 1 1 2 2 3 3 9 12 12 3 2 2 3 3 0 1 1 1 0 0 0 0 4 4 4 3 0 0 0 0 1 1 1 0 0 0 0 0 0 0 0 0
 0 0 0 1 1 2 3 3 2 2 5 6 6 3 6 6 5 5 3 66 66 8 1 1 0 0 0 15 15 6 0 0 0 0 1 1 1 1 0 0 0 0 0 0 0 0
 0 0 0 1 1 2 3 3 3 3 4 5 5 4 5 5 6 6 11 13 13 14 0 0 0 0 0 16 16 8 1 1 1 1 5 5 5 1 0 0 0 0 0 0 0 0
 0 0 0 1 1 2 3 3 3 3 4 5 5 4 5 5 6 6 11 13 13 14 0 0 0 0 0 16 16 8 1 1 1 1 5 5 5 1 0 0 0 0 0 0 0 0
 1 1 1 1 1 1 1 1 2 2 3 5 5 4 4 4 14 14 5 17 17 12 19 19 0 0 4 4 4 1 2 2 2 2 2 5 5 0 1 1 0 0 0 0 0 0
 4 4 4 1 1 1 1 1 1 1 3 7 7 4 3 3 6 6 5 14 14 7 3 3 1 1 1 0 0 4 8 8 3 3 0 0 0 0 2 2 3 3 0 0 0 0
 4 4 4 1 1 1 1 1 1 1 3 7 7 4 3 3 6 6 5 14 14 7 3 3 1 1 1 0 0 4 8 8 3 3 0 0 0 0 2 2 3 3 0 0 0 0
 7 7 9 1 1 1 1 1 1 1 2 4 4 3 3 3 4 4 4 4 4 2 6 6 1 1 1 0 0 1 5 5 0 0 0 0 0 0 2 2 2 2 0 0 0 0
 7 7 9 1 1 1 1 1 1 1 2 4 4 3 3 3 4 4 4 4 4 2 6 6 1 1 1 0 0 1 5 5 0 0 0 0 0 0 2 2 2 2 0 0 0 0
 2 2 2 0 0 1 1 1 0 0 1 1 1 2 2 2 3 3 3 2 2 1 1 1 1 1 2 1 1 0 6 6 0 0 0 0 0 0 0 0 0 0 0 0 0 0
 2 2 1 0 0 0 0 0 0 0 0 0 0 1 1 1 2 2 1 1 1 1 1 1 0 0 0 1 1 0 0 0 0 0 0 0 0 0 0 0 0 0 0 0 0 0
 2 2 1 0 0 0 0 0 0 0 0 0 0 1 1 1 2 2 1 1 1 1 1 1 0 0 0 1 1 0 0 0 0 0 0 0 0 0 0 0 0 0 0 0 0 0
 1 1 0 0 0 0 0 0 0 0 0 0 0 1 1 1 1 1 1 1 1 1 0 0 0 0 0 0 0 0 0 0 0 0 0 0 0 0 0 0 0 0 0 0 0 0
 0 0 0 0 0 0 0 0 0 0 0 0 0 1 0 0 0 0 0 0 0 0 0 0 0 0 0 0 0 0 0 0 0 0 0 2 2 1 2 2 0 0 1 0 0 0
