assets/RAT_results/precipitation/2018-11-04_IMERG.asc
ncols        46
nrows        77
xllcorner    74.800261325624
yllcorner    8.058333333333
cellsize     0.062500000000
NODATA_value -9999
 0 0 0 0 0 0 0 0 0 0 0 0 0 0 0 0 0 0 0 0 0 0 0 0 0 0 0 0 0 0 0 0 0 0 0 0 0 0 0 0 0 0 0 0 0 0
 0 0 0 0 0 0 0 0 0 0 0 0 0 0 0 0 0 0 0 0 0 0 0 0 0 0 0 0 0 0 0 0 0 0 0 0 0 0 0 0 0 0 0 0 0 0
 0 0 0 0 0 0 0 0 0 0 0 0 0 0 0 0 0 0 0 0 0 0 0 0 0 0 0 0 0 0 0 0 0 0 0 0 0 0 0 0 0 0 0 0 0 0
 0 0 0 0 0 0 0 0 0 0 0 0 0 0 0 0 0 0 0 0 0 0 0 0 0 0 0 0 0 0 0 0 0 0 0 0 0 0 0 0 0 0 0 0 0 0
 0 0 0 0 0 0 0 0 0 0 0 0 0 0 0 0 0 0 0 0 0 0 0 0 0 0 0 0 0 0 0 0 0 0 0 0 0 0 0 0 0 0 0 0 0 0
 0 0 0 0 0 0 0 0 0 0 0 0 0 0 0 0 0 0 0 0 0 0 0 0 0 0 0 0 0 0 0 0 0 0 0 0 0 0 0 0 0 0 0 0 0 0
 0 0 0 0 0 0 0 0 0 0 0 0 0 0 0 0 0 0 0 0 0 0 0 0 0 0 0 0 0 0 0 0 0 0 0 0 0 0 0 0 1 1 0 0 0 0
 0 0 0 0 0 0 0 0 0 0 0 0 0 0 0 0 0 0 0 0 0 0 0 0 0 0 0 0 0 0 0 0 0 0 0 0 0 0 0 0 1 1 0 0 0 0
 0 0 0 0 0 0 1 1 1 1 0 0 0 0 0 0 0 0 0 0 0 0 0 0 0 0 0 0 0 0 0 0 0 0 0 0 0 0 0 0 0 0 0 0 0 0
 0 0 0 0 0 1 1 1 0 0 0 0 0 0 0 0 0 0 0 0 0 0 0 0 0 0 0 0 0 0 0 0 0 0 0 0 0 0 0 0 0 0 0 0 0 0
 0 0 0 0 0 1 1 1 0 0 0 0 0 0 0 0 0 0 0 0 0 0 0 0 0 0 0 0 0 0 0 0 0 0 0 0 0 0 0 0 0 0 0 0 0 0
 0 0 0 0 0 0 0 0 0 0 0 0 0 0 1 1 0 0 0 0 0 0 0 0 0 0 0 0 0 0 0 0 0 0 0 0 0 0 0 0 0 0 0 0 0 1
 0 0 0 0 0 0 0 0 0 0 1 1 1 1 1 1 1 1 0 0 0 0 0 0 0 0 0 0 0 0 0 0 0 0 0 0 0 0 0 0 0 0 0 1 1 1
 0 0 0 0 0 0 0 0 0 0 1 1 1 1 1 1 1 1 0 0 0 0 0 0 0 0 0 0 0 0 0 0 0 0 0 0 0 0 0 0 0 0 0 1 1 1
 0 0 0 0 0 0 0 0 0 0 1 0 0 0 0 0 0 0 0 0 0 0 0 0 0 0 0 0 0 0 0 0 0 0 0 0 0 0 0 0 0 0 1 2 2 2
 0 0 0 0 0 0 0 0 0 0 1 0 0 0 0 0 0 0 0 0 0 0 0 0 0 0 0 0 0 0 0 0 0 0 0 0 0 0 0 0 0 0 1 2 2 2
 1 1 0 0 0 0 0 0 0 0 1 1 1 0 0 0 0 0 0 0 0 0 0 0 0 0 0 0 0 0 0 0 0 0 0 0 0 0 0 0 0 0 0 3 3 4
 2 2 1 1 1 0 0 0 0 0 1 1 1 1 1 1 1 1 2 0 0 0 0 0 0 0 0 0 0 0 0 0 0 0 0 0 0 0 0 0 0 0 0 3 3 5
 2 2 1 1 1 0 0 0 0 0 1 1 1 1 1 1 1 1 2 0 0 0 0 0 0 0 0 0 0 0 0 0 0 0 0 0 0 0 0 0 0 0 0 3 3 5
 2 2 1 1 1 1 1 1 1 1 1 1 1 2 2 2 1 1 2 3 3 1 0 0 1 1 0 0 0 0 0 0 0 0 0 0 0 0 0 0 0 0 0 1 1 1
 4 4 3 2 2 2 1 1 1 1 1 1 1 2 2 2 2 2 1 4 4 3 3 3 3 3 3 1 1 0 0 0 0 0 0 0 0 0 0 0 0 0 0 0 0 0
 4 4 3 2 2 2 1 1 1 1 1 1 1 2 2 2 2 2 1 4 4 3 3 3 3 3 3 1 1 0 0 0 0 0 0 0 0 0 0 0 0 0 0 0 0 0
 5 5 5 3 3 3 2 2 1 1 1 1 1 1 1 1 4 4 4 5 5 3 6 6 5 5 5 2 2 0 0 0 1 1 0 1 1 0 0 0 0 0 0 0 0 0
 5 5 5 3 3 3 2 2 1 1 1 1 1 1 1 1 4 4 4 5 5 3 6 6 5 5 5 2 2 0 0 0 1 1 0 1 1 0 0 0 0 0 0 0 0 0
 12 12 13 6 6 6 4 4 4 4 2 1 1 2 2 2 4 4 23 7 7 6 5 5 6 6 3 6 6 0 3 3 3 3 2 3 3 0 0 0 0 0 0 0 0 0
 17 17 24 20 20 25 23 23 25 25 10 3 3 4 6 6 10 10 10 9 9 7 5 5 4 4 3 2 2 8 3 3 7 7 8 0 0 0 0 0 0 0 0 0 0 0
 17 17 24 20 20 25 23 23 25 25 10 3 3 4 6 6 10 10 10 9 9 7 5 5 4 4 3 2 2 8 3 3 7 7 8 0 0 0 0 0 0 0 0 0 0 0
 26 26 38 55 55 79 70 70 73 73 27 17 17 9 23 23 10 10 9 7 7 7 2 2 1 1 3 4 4 8 3 3 8 8 4 0 0 0 0 0 0 0 0 0 0 0
 22 22 30 48 48 118 86 86 30 30 28 29 29 22 16 16 13 13 8 6 6 8 3 3 6 6 4 3 3 5 10 10 7 7 0 0 0 0 0 0 0 0 0 0 0 0
 22 22 30 48 48 118 86 86 30 30 28 29 29 22 16 16 13 13 8 6 6 8 3 3 6 6 4 3 3 5 10 10 7 7 0 0 0 0 0 0 0 0 0 0 0 0
 15 15 19 28 28 83 23 23 9 9 15 22 22 16 9 9 6 6 4 3 3 3 1 1 5 5 4 0 0 4 6 6 0 0 0 0 0 0 0 0 0 0 0 0 0 0
 15 15 19 28 28 83 23 23 9 9 15 22 22 16 9 9 6 6 4 3 3 3 1 1 5 5 4 0 0 4 6 6 0 0 0 0 0 0 0 0 0 0 0 0 0 0
 14 14 25 41 41 34 5 5 3 3 3 4 4 5 4 4 3 3 2 2 2 2 0 0 4 4 0 0 0 0 0 0 0 0 0 0 0 0 0 0 0 0 0 0 0 0
 10 10 15 38 38 15 5 5 2 2 2 3 3 2 2 2 2 2 3 2 2 0 0 0 0 0 0 0 0 0 0 0 0 0 0 0 0 0 0 0 0 0 0 0 0 0
 10 10 15 38 38 15 5 5 2 2 2 3 3 2 2 2 2 2 3 2 2 0 0 0 0 0 0 0 0 0 0 0 0 0 0 0 0 0 0 0 0 0 0 0 0 0
 13 13 20 72 72 13 4 4 2 2 2 2 2 4 4 4 2 2 3 3 3 1 0 0 0 0 0 0 0 0 0 0 0 0 0 0 0 0 0 0 0 0 0 0 0 0
 12 12 32 42 42 27 4 4 1 1 1 2 2 1 4 4 4 4 4 3 3 1 0 0 0 0 0 0 0 0 0 0 0 0 0 0 0 0 0 0 0 0 0 0 0 0
 12 12 32 42 42 27 4 4 1 1 1 2 2 1 4 4 4 4 4 3 3 1 0 0 0 0 0 0 0 0 0 0 0 0 0 0 0 0 0 0 0 0 0 0 0 0
 11 11 27 41 41 15 2 2 1 1 1 2 2 1 1 1 1 1 5 6 6 7 0 0 0 0 0 0 0 0 0 0 0 0 0 0 0 0 0 0 0 0 0 0 0 1
 11 11 27 41 41 15 2 2 1 1 1 2 2 1 1 1 1 1 5 6 6 7 0 0 0 0 0 0 0 0 0 0 0 0 0 0 0 0 0 0 0 0 0 0 0 1
 11 11 23 43 43 34 1 1 1 1 2 4 4 2 2 2 17 17 1 4 4 5 5 5 1 1 0 0 0 0 0 0 0 0 0 0 0 0 0 0 0 0 0 0 0 0
 7 7 11 31 31 1 0 0 1 1 1 2 2 3 7 7 6 6 4 19 19 6 1 1 0 0 0 0 0 0 0 0 0 0 0 0 0 0 0 0 0 0 0 0 0 0
 7 7 11 31 31 1 0 0 1 1 1 2 2 3 7 7 6 6 4 19 19 6 1 1 0 0 0 0 0 0 0 0 0 0 0 0 0 0 0 0 0 0 0 0 0 0
 9 9 23 21 21 7 0 0 0 0 1 3 3 10 9 9 4 4 4 32 32 25 25 25 6 6 12 0 0 0 0 0 1 1 0 0 0 1 1 1 1 1 0 0 0 0
 4 4 6 12 12 5 0 0 0 0 0 7 7 5 5 5 3 3 3 6 6 8 25 25 4 4 0 0 0 0 2 2 0 0 0 0 0 0 1 1 2 2 1 1 1 0
 4 4 6 12 12 5 0 0 0 0 0 7 7 5 5 5 3 3 3 6 6 8 25 25 4 4 0 0 0 0 2 2 0 0 0 0 0 0 1 1 2 2 1 1 1 0
 2 2 4 9 9 10 1 1 0 0 1 1 1 1 2 2 2 2 2 16 16 3 71 71 2 2 0 0 0 0 0 0 0 0 0 0 0 0 0 0 1 1 2 1 1 0
 2 2 4 9 9 10 1 1 0 0 1 1 1 1 2 2 2 2 2 16 16 3 71 71 2 2 0 0 0 0 0 0 0 0 0 0 0 0 0 0 1 1 2 1 1 0
 1 1 1 2 2 4 0 0 0 0 1 1 1 1 1 1 1 1 1 0 0 2 71 71 1 1 0 0 0 1 0 0 0 0 0 0 0 0 0 0 0 0 0 0 0 0
 0 0 0 0 0 0 2 2 0 0 0 0 0 0 1 1 1 1 0 0 0 0 24 24 1 1 1 0 0 0 0 0 0 0 0 0 0 0 0 0 0 0 0 0 0 0
 0 0 0 0 0 0 2 2 0 0 0 0 0 0 1 1 1 1 0 0 0 0 24 24 1 1 1 0 0 0 0 0 0 0 0 0 0 0 0 0 0 0 0 0 0 0
 0 0 0 0 0 0 0 0 0 0 0 0 0 0 0 0 0 0 0 1 1 0 1 1 3 3 1 0 0 0 0 0 0 0 0 0 0 0 0 0 1 1 0 0 0 0
 0 0 0 0 0 0 0 0 0 0 0 1 1 1 2 2 2 2 1 1 1 1 0 0 0 0 1 1 1 0 0 0 0 0 0 0 0 0 1 1 1 1 0 0 0 0
 0 0 0 0 0 0 0 0 0 0 0 1 1 1 2 2 2 2 1 1 1 1 0 0 0 0 1 1 1 0 0 0 0 0 0 0 0 0 1 1 1 1 0 0 0 0
 1 1 2 2 2 2 1 1 1 1 1 1 1 3 4 4 2 2 2 1 1 1 1 1 1 1 1 1 1 1 0 0 0 0 0 0 0 0 1 1 1 1 1 0 0 0
 1 1 2 2 2 2 1 1 1 1 1 1 1 3 4 4 2 2 2 1 1 1 1 1 1 1 1 1 1 1 0 0 0 0 0 0 0 0 1 1 1 1 1 0 0 0
 3 3 3 3 3 3 2 2 1 1 2 3 3 3 3 3 3 3 3 2 2 1 2 2 2 2 2 1 1 0 0 0 0 0 0 0 0 0 0 0 0 0 1 0 0 0
 3 3 3 3 3 3 2 2 1 1 1 3 3 4 4 4 4 4 3 3 3 3 3 3 2 2 2 1 1 1 1 1 1 1 0 0 0 0 0 0 0 0 0 0 0 0
 3 3 3 3 3 3 2 2 1 1 1 3 3 4 4 4 4 4 3 3 3 3 3 3 2 2 2 1 1 1 1 1 1 1 0 0 0 0 0 0 0 0 0 0 0 0
 3 3 3 3 3 3 3 3 2 2 2 3 3 3 4 4 4 4 4 3 3 3 3 3 3 3 2 1 1 1 1 1 1 1 0 0 0 0 0 0 0 0 0 0 0 0
 2 2 3 4 4 4 4 4 3 3 4 4 4 4 4 4 4 4 4 4 4 3 3 3 2 2 1 1 1 1 1 1 1 1 1 0 0 0 0 0 0 0 0 0 0 0
 2 2 3 4 4 4 4 4 3 3 4 4 4 4 4 4 4 4 4 4 4 3 3 3 2 2 1 1 1 1 1 1 1 1 1 0 0 0 0 0 0 0 0 0 0 0
 3 3 4 5 5 5 5 5 4 4 5 5 5 5 4 4 4 4 4 4 4 4 4 4 3 3 2 2 2 1 1 1 1 1 1 0 0 0 0 0 0 0 0 0 0 0
 3 3 4 5 5 5 5 5 4 4 5 5 5 5 4 4 4 4 4 4 4 4 4 4 3 3 2 2 2 1 1 1 1 1 1 0 0 0 0 0 0 0 0 0 0 0
 3 3 3 4 4 5 5 5 5 5 5 5 5 5 4 4 3 3 3 4 4 4 5 5 5 5 4 3 3 3 2 2 1 1 1 0 0 0 0 0 0 0 0 0 0 0
 2 2 2 3 3 4 4 4 5 5 5 5 5 5 5 5 4 4 4 4 4 4 5 5 6 6 4 2 2 3 3 3 2 2 1 1 1 1 1 1 1 1 1 0 0 0
 2 2 2 3 3 4 4 4 5 5 5 5 5 5 5 5 4 4 4 4 4 4 5 5 6 6 4 2 2 3 3 3 2 2 1 1 1 1 1 1 1 1 1 0 0 0
 1 1 1 1 1 2 2 2 3 3 4 4 4 4 4 4 5 5 4 4 4 4 5 5 5 5 5 4 4 3 3 3 2 2 1 1 1 1 2 2 2 2 1 2 2 1
 0 0 0 1 1 2 2 2 2 2 3 4 4 4 5 5 5 5 5 4 4 4 4 4 6 6 8 5 5 4 4 4 3 3 2 1 1 1 2 2 2 2 1 2 2 1
 0 0 0 1 1 2 2 2 2 2 3 4 4 4 5 5 5 5 5 4 4 4 4 4 6 6 8 5 5 4 4 4 3 3 2 1 1 1 2 2 2 2 1 2 2 1
 0 0 0 0 0 0 2 2 3 3 3 4 4 4 5 5 5 5 4 4 4 4 4 4 6 6 9 7 7 5 5 5 5 5 4 3 3 2 1 1 1 1 1 1 1 0
 0 0 0 0 0 0 2 2 3 3 3 4 4 4 5 5 5 5 4 4 4 4 4 4 6 6 9 7 7 5 5 5 5 5 4 3 3 2 1 1 1 1 1 1 1 0
 0 0 0 0 0 0 4 4 2 2 4 5 5 5 6 6 5 5 5 5 5 4 4 4 5 5 7 7 7 7 8 8 6 6 8 7 7 5 3 3 2 2 1 0 0 0
 0 0 0 0 0 0 4 4 5 5 6 4 4 5 5 5 6 6 5 4 4 4 4 4 3 3 4 5 5 6 8 8 10 10 9 10 10 11 6 6 3 3 2 2 2 2
 0 0 0 0 0 0 4 4 5 5 6 4 4 5 5 5 6 6 5 4 4 4 4 4 3 3 4 5 5 6 8 8 10 10 9 10 10 11 6 6 3 3 2 2 2 2
 1 1 1 0 0 4 4 4 5 5 6 6 6 3 4 4 5 5 4 3 3 3 3 3 3 3 3 4 4 5 9 9 9 9 9 12 12 15 13 13 5 5 3 4 4 3
 2 2 1 0 0 4 5 5 6 6 6 5 5 4 4 4 4 4 3 3 3 3 3 3 3 3 4 4 4 4 5 5 7 7 8 10 10 13 11 11 8 8 12 8 8 5
