assets/RAT_results/precipitation/2018-07-13_IMERG.asc
ncols        46
nrows        77
xllcorner    74.800261325624
yllcorner    8.058333333333
cellsize     0.062500000000
NODATA_value -9999
 8 8 11 15 15 23 37 37 23 23 24 22 22 15 15 15 15 15 10 8 8 5 4 4 4 4 3 2 2 1 1 1 0 0 1 0 0 0 1 1 1 1 1 0 0 0
 19 19 17 32 32 21 33 33 33 33 35 19 19 20 13 13 13 13 9 5 5 4 2 2 1 1 1 1 1 0 0 0 0 0 0 0 0 1 2 2 1 1 1 0 0 0
 19 19 17 32 32 21 33 33 33 33 35 19 19 20 13 13 13 13 9 5 5 4 2 2 1 1 1 1 1 0 0 0 0 0 0 0 0 1 2 2 1 1 1 0 0 0
 21 21 24 27 27 27 31 31 32 32 26 16 16 12 13 13 8 8 4 5 5 1 2 2 2 2 1 1 1 0 0 0 0 0 0 0 0 0 1 1 1 1 1 0 0 0
 12 12 26 24 24 29 28 28 24 24 22 20 20 15 8 8 4 4 3 4 4 2 1 1 1 1 2 2 2 0 0 0 0 0 0 0 0 0 0 0 0 0 0 0 0 0
 12 12 26 24 24 29 28 28 24 24 22 20 20 15 8 8 4 4 3 4 4 2 1 1 1 1 2 2 2 0 0 0 0 0 0 0 0 0 0 0 0 0 0 0 0 0
 8 8 15 25 25 25 30 30 22 22 17 18 18 13 12 12 6 6 3 4 4 2 2 2 2 2 2 2 2 1 1 1 0 0 0 0 0 0 0 0 0 0 0 0 0 1
 8 8 15 25 25 25 30 30 22 22 17 18 18 13 12 12 6 6 3 4 4 2 2 2 2 2 2 2 2 1 1 1 0 0 0 0 0 0 0 0 0 0 0 0 0 1
 5 5 19 21 21 22 24 24 18 18 16 17 17 15 12 12 4 4 6 4 4 2 1 1 1 1 4 1 1 1 0 0 0 0 0 0 0 0 0 0 0 0 0 1 1 1
 10 10 15 22 22 25 25 25 18 18 17 21 21 16 16 16 9 9 7 3 3 1 0 0 0 0 0 0 0 0 0 0 0 0 0 0 0 0 0 0 0 0 0 0 0 1
 10 10 15 22 22 25 25 25 18 18 17 21 21 16 16 16 9 9 7 3 3 1 0 0 0 0 0 0 0 0 0 0 0 0 0 0 0 0 0 0 0 0 0 0 0 1
 14 14 12 16 16 19 16 16 17 17 15 14 14 17 13 13 5 5 5 1 1 1 0 0 0 0 0 0 0 0 0 0 0 0 0 0 0 0 0 0 0 0 0 0 0 1
 7 7 8 10 10 14 16 16 12 12 18 13 13 8 4 4 4 4 6 1 1 3 1 1 0 0 1 1 1 1 1 1 0 0 0 0 0 1 1 1 0 0 0 0 0 0
 7 7 8 10 10 14 16 16 12 12 18 13 13 8 4 4 4 4 6 1 1 3 1 1 0 0 1 1 1 1 1 1 0 0 0 0 0 1 1 1 0 0 0 0 0 0
 5 5 7 6 6 6 20 20 9 9 10 11 11 3 2 2 3 3 4 3 3 1 1 1 0 0 4 1 1 1 1 1 1 1 2 2 2 1 1 1 2 2 1 1 1 0
 5 5 7 6 6 6 20 20 9 9 10 11 11 3 2 2 3 3 4 3 3 1 1 1 0 0 4 1 1 1 1 1 1 1 2 2 2 1 1 1 2 2 1 1 1 0
 2 2 5 3 3 4 4 4 11 11 13 7 7 4 2 2 8 8 4 2 2 3 3 3 3 3 2 1 1 1 1 1 1 1 1 1 1 2 1 1 2 2 0 1 1 0
 1 1 3 9 9 8 2 2 5 5 10 16 16 6 6 6 8 8 8 7 7 4 4 4 3 3 1 1 1 0 0 0 1 1 1 0 0 1 1 1 0 0 0 0 0 0
 1 1 3 9 9 8 2 2 5 5 10 16 16 6 6 6 8 8 8 7 7 4 4 4 3 3 1 1 1 0 0 0 1 1 1 0 0 1 1 1 0 0 0 0 0 0
 3 3 3 7 7 11 4 4 5 5 6 15 15 5 8 8 9 9 12 9 9 8 5 5 5 5 3 1 1 1 1 1 0 0 0 0 0 0 0 0 0 0 0 0 0 0
 3 3 2 4 4 10 8 8 4 4 8 12 12 9 14 14 11 11 9 10 10 7 4 4 8 8 4 3 3 2 1 1 1 1 1 1 1 0 0 0 0 0 0 1 1 1
 3 3 2 4 4 10 8 8 4 4 8 12 12 9 14 14 11 11 9 10 10 7 4 4 8 8 4 3 3 2 1 1 1 1 1 1 1 0 0 0 0 0 0 1 1 1
 3 3 4 5 5 5 12 12 3 3 4 5 5 9 9 9 11 11 8 8 8 7 7 7 6 6 5 4 4 3 1 1 1 1 1 0 0 0 0 0 0 0 1 1 1 1
 3 3 4 5 5 5 12 12 3 3 4 5 5 9 9 9 11 11 8 8 8 7 7 7 6 6 5 4 4 3 1 1 1 1 1 0 0 0 0 0 0 0 1 1 1 1
 4 4 4 4 4 10 13 13 8 8 4 5 5 10 8 8 10 10 7 7 7 7 8 8 6 6 2 1 1 1 0 0 0 0 0 0 0 0 0 0 0 0 0 0 0 0
 5 5 7 4 4 5 9 9 7 7 4 2 2 2 3 3 6 6 6 4 4 8 9 9 7 7 4 2 2 1 0 0 0 0 0 0 0 0 0 0 0 0 0 0 0 0
 5 5 7 4 4 5 9 9 7 7 4 2 2 2 3 3 6 6 6 4 4 8 9 9 7 7 4 2 2 1 0 0 0 0 0 0 0 0 0 0 0 0 0 0 0 0
 4 4 4 4 4 5 4 4 6 6 3 3 3 4 3 3 6 6 5 5 5 4 5 5 7 7 7 4 4 3 1 1 0 0 0 0 0 0 0 0 0 0 0 0 0 0
 4 4 4 4 4 4 3 3 3 3 3 5 5 4 4 4 5 5 4 4 4 4 7 7 6 6 5 4 4 3 1 1 1 1 1 0 0 0 0 0 0 0 0 0 0 0
 4 4 4 4 4 4 3 3 3 3 3 5 5 4 4 4 5 5 4 4 4 4 7 7 6 6 5 4 4 3 1 1 1 1 1 0 0 0 0 0 0 0 0 0 0 0
 2 2 5 4 4 4 3 3 3 3 4 4 4 7 4 4 4 4 4 3 3 1 5 5 4 4 3 4 4 2 1 1 0 0 0 1 1 0 0 0 0 0 0 0 0 0
 2 2 5 4 4 4 3 3 3 3 4 4 4 7 4 4 4 4 4 3 3 1 5 5 4 4 3 4 4 2 1 1 0 0 0 1 1 0 0 0 0 0 0 0 0 0
 1 1 2 2 2 2 3 3 3 3 3 5 5 8 3 3 2 2 3 3 3 2 3 3 1 1 4 3 3 3 2 2 2 2 1 1 1 2 3 3 1 1 1 0 0 0
 1 1 2 2 2 2 2 2 2 2 3 6 6 7 2 2 3 3 2 4 4 2 1 1 3 3 4 5 5 1 1 1 1 1 2 3 3 4 2 2 1 1 1 0 0 0
 1 1 2 2 2 2 2 2 2 2 3 6 6 7 2 2 3 3 2 4 4 2 1 1 3 3 4 5 5 1 1 1 1 1 2 3 3 4 2 2 1 1 1 0 0 0
 1 1 2 1 1 2 3 3 2 2 2 5 5 6 2 2 2 2 3 4 4 4 3 3 2 2 1 4 4 1 1 1 0 0 1 1 1 1 1 1 3 3 2 1 1 1
 1 1 1 1 1 3 3 3 5 5 3 4 4 3 3 3 2 2 2 2 2 5 3 3 2 2 1 1 1 2 1 1 1 1 2 2 2 1 1 1 1 1 1 0 0 0
 1 1 1 1 1 3 3 3 5 5 3 4 4 3 3 3 2 2 2 2 2 5 3 3 2 2 1 1 1 2 1 1 1 1 2 2 2 1 1 1 1 1 1 0 0 0
 1 1 1 1 1 1 2 2 4 4 6 5 5 3 1 1 4 4 4 6 6 9 4 4 4 4 2 2 2 4 5 5 1 1 2 3 3 2 1 1 1 1 0 0 0 0
 1 1 1 1 1 1 2 2 4 4 6 5 5 3 1 1 4 4 4 6 6 9 4 4 4 4 2 2 2 4 5 5 1 1 2 3 3 2 1 1 1 1 0 0 0 0
 2 2 1 0 0 1 1 1 1 1 3 4 4 0 1 1 1 1 2 9 9 8 10 10 6 6 4 3 3 2 2 2 2 2 3 2 2 2 1 1 0 0 1 0 0 0
 3 3 1 1 1 1 1 1 0 0 1 1 1 0 0 0 0 0 1 2 2 5 8 8 5 5 3 2 2 1 2 2 4 4 3 2 2 3 1 1 3 3 1 0 0 0
 3 3 1 1 1 1 1 1 0 0 1 1 1 0 0 0 0 0 1 2 2 5 8 8 5 5 3 2 2 1 2 2 4 4 3 2 2 3 1 1 3 3 1 0 0 0
 1 1 0 0 0 1 1 1 1 1 1 1 1 1 0 0 0 0 2 1 1 4 4 4 3 3 2 4 4 2 2 2 2 2 4 2 2 1 2 2 2 2 1 2 2 0
 0 0 0 0 0 0 0 0 1 1 1 1 1 3 1 1 3 3 2 2 2 2 5 5 3 3 3 7 7 5 3 3 4 4 4 5 5 1 8 8 1 1 0 0 0 0
 0 0 0 0 0 0 0 0 1 1 1 1 1 3 1 1 3 3 2 2 2 2 5 5 3 3 3 7 7 5 3 3 4 4 4 5 5 1 8 8 1 1 0 0 0 0
 0 0 0 0 0 0 0 0 1 1 2 1 1 0 1 1 8 8 3 3 3 1 1 1 5 5 4 9 9 6 3 3 3 3 3 4 4 2 8 8 1 1 2 1 1 1
 0 0 0 0 0 0 0 0 1 1 2 1 1 0 1 1 8 8 3 3 3 1 1 1 5 5 4 9 9 6 3 3 3 3 3 4 4 2 8 8 1 1 2 1 1 1
 0 0 0 1 1 0 0 0 1 1 2 1 1 1 1 1 7 7 5 1 1 1 1 1 2 2 3 4 4 2 1 1 3 3 5 2 2 5 1 1 1 1 0 0 0 0
 1 1 1 1 1 1 1 1 2 2 1 2 2 13 5 5 9 9 8 4 4 5 1 1 3 3 3 1 1 1 4 4 2 2 3 3 3 11 5 5 4 4 1 2 2 1
 1 1 1 1 1 1 1 1 2 2 1 2 2 13 5 5 9 9 8 4 4 5 1 1 3 3 3 1 1 1 4 4 2 2 3 3 3 11 5 5 4 4 1 2 2 1
 1 1 1 1 1 1 2 2 3 3 9 12 12 11 14 14 11 11 3 4 4 1 1 1 4 4 6 2 2 1 1 1 3 3 6 2 2 7 4 4 4 4 1 1 1 1
 1 1 1 2 2 1 2 2 4 4 6 5 5 9 9 9 3 3 0 1 1 0 3 3 10 10 6 2 2 2 2 2 0 0 10 9 9 4 1 1 0 0 3 3 3 1
 1 1 1 2 2 1 2 2 4 4 6 5 5 9 9 9 3 3 0 1 1 0 3 3 10 10 6 2 2 2 2 2 0 0 10 9 9 4 1 1 0 0 3 3 3 1
 2 2 2 1 1 1 2 2 3 3 1 1 1 2 0 0 1 1 0 1 1 1 1 1 2 2 5 1 1 1 3 3 3 3 1 3 3 4 2 2 1 1 4 1 1 1
 2 2 2 1 1 1 2 2 3 3 1 1 1 2 0 0 1 1 0 1 1 1 1 1 2 2 5 1 1 1 3 3 3 3 1 3 3 4 2 2 1 1 4 1 1 1
 2 2 1 1 1 1 1 1 1 1 1 1 1 1 0 0 1 1 1 2 2 2 1 1 2 2 1 2 2 3 10 10 1 1 2 2 2 2 2 2 2 2 2 1 1 0
 1 1 1 1 1 2 1 1 1 1 0 1 1 1 0 0 0 0 0 0 0 1 1 1 2 2 1 1 1 1 3 3 1 1 4 4 4 2 1 1 1 1 2 0 0 0
 1 1 1 1 1 2 1 1 1 1 0 1 1 1 0 0 0 0 0 0 0 1 1 1 2 2 1 1 1 1 3 3 1 1 4 4 4 2 1 1 1 1 2 0 0 0
 1 1 0 0 0 0 0 0 0 0 0 0 0 0 0 0 0 0 0 0 0 0 1 1 1 1 1 1 1 1 0 0 3 3 3 4 4 2 2 2 1 1 2 0 0 0
 0 0 0 0 0 1 0 0 0 0 0 0 0 0 0 0 0 0 0 0 0 1 0 0 1 1 1 2 2 1 0 0 3 3 3 4 4 6 1 1 1 1 3 1 1 2
 0 0 0 0 0 1 0 0 0 0 0 0 0 0 0 0 0 0 0 0 0 1 0 0 1 1 1 2 2 1 0 0 3 3 3 4 4 6 1 1 1 1 3 1 1 2
 0 0 0 1 1 5 2 2 0 0 0 0 0 1 0 0 0 0 0 0 0 1 1 1 1 1 1 2 2 1 1 1 3 3 2 4 4 7 3 3 1 1 1 1 1 2
 0 0 0 1 1 5 2 2 0 0 0 0 0 1 0 0 0 0 0 0 0 1 1 1 1 1 1 2 2 1 1 1 3 3 2 4 4 7 3 3 1 1 1 1 1 2
 0 0 0 1 1 1 0 0 0 0 0 1 1 1 1 1 1 1 1 1 1 0 0 0 0 0 0 0 0 1 1 1 0 0 1 3 3 2 0 0 1 1 0 1 1 1
 0 0 0 1 1 0 0 0 0 0 0 0 0 1 1 1 1 1 1 1 1 2 1 1 1 1 0 1 1 1 0 0 0 0 0 0 0 0 0 0 0 0 0 0 0 0
 0 0 0 1 1 0 0 0 0 0 0 0 0 1 1 1 1 1 1 1 1 2 1 1 1 1 0 1 1 1 0 0 0 0 0 0 0 0 0 0 0 0 0 0 0 0
 0 0 0 0 0 0 0 0 0 0 1 1 1 1 1 1 1 1 2 6 6 4 3 3 1 1 0 1 1 0 2 2 0 0 0 0 0 0 0 0 0 0 0 0 0 0
 0 0 0 0 0 0 0 0 0 0 0 0 0 1 1 1 2 2 3 4 4 3 2 2 1 1 0 1 1 1 1 1 1 1 0 0 0 0 0 0 0 0 0 0 0 0
 0 0 0 0 0 0 0 0 0 0 0 0 0 1 1 1 2 2 3 4 4 3 2 2 1 1 0 1 1 1 1 1 1 1 0 0 0 0 0 0 0 0 0 0 0 0
 0 0 0 0 0 0 0 0 0 0 0 1 1 1 1 1 1 1 1 1 1 1 1 1 1 1 0 1 1 0 1 1 1 1 1 0 0 0 0 0 0 0 0 0 0 0
 0 0 0 0 0 0 0 0 0 0 0 1 1 1 1 1 1 1 1 1 1 1 1 1 1 1 0 1 1 0 1 1 1 1 1 0 0 0 0 0 0 0 0 0 0 0
 0 0 0 0 0 0 0 0 1 1 0 0 0 0 0 0 1 1 1 1 1 1 0 0 1 1 1 0 0 0 1 1 0 0 1 0 0 0 0 0 0 0 0 0 0 0
 0 0 0 0 0 0 0 0 0 0 0 0 0 0 0 0 0 0 0 0 0 1 1 1 1 1 1 0 0 0 0 0 0 0 1 0 0 1 0 0 0 0 0 0 0 0
 0 0 0 0 0 0 0 0 0 0 0 0 0 0 0 0 0 0 0 0 0 1 1 1 1 1 1 0 0 0 0 0 0 0 1 0 0 1 0 0 0 0 0 0 0 0
 0 0 0 0 0 0 0 0 0 0 0 0 0 0 0 0 0 0 0 0 0 1 1 1 2 2 0 0 0 0 0 0 0 0 1 1 1 0 0 0 0 0 0 0 0 0
 0 0 0 0 0 0 0 0 0 0 0 0 0 0 0 0 0 0 0 1 1 2 2 2 2 2 0 0 0 0 0 0 0 0 1 0 0 0 0 0 0 0 0 0 0 0
