assets/RAT_results/precipitation/2018-10-03_IMERG.asc
ncols        46
nrows        77
xllcorner    74.800261325624
yllcorner    8.058333333333
cellsize     0.062500000000
NODATA_value -9999
 21 21 14 20 20 28 53 53 35 35 20 10 10 5 2 2 7 7 10 12 12 16 5 5 2 2 3 2 2 0 0 0 0 0 4 8 8 1 11 11 7 7 5 10 10 5
 20 20 22 16 16 16 20 20 35 35 42 15 15 8 4 4 9 9 13 12 12 13 5 5 2 2 3 5 5 2 2 2 1 1 5 5 5 5 17 17 5 5 28 4 4 10
 20 20 22 16 16 16 20 20 35 35 42 15 15 8 4 4 9 9 13 12 12 13 5 5 2 2 3 5 5 2 2 2 1 1 5 5 5 5 17 17 5 5 28 4 4 10
 17 17 15 14 14 10 12 12 49 49 32 14 14 19 3 3 2 2 1 3 3 5 9 9 9 9 5 4 4 5 0 0 2 2 3 4 4 9 6 6 1 1 1 10 10 10
 8 8 11 12 12 9 13 13 23 23 23 16 16 26 5 5 5 5 2 5 5 11 10 10 7 7 4 6 6 4 4 4 6 6 7 14 14 14 7 7 7 7 2 2 2 2
 8 8 11 12 12 9 13 13 23 23 23 16 16 26 5 5 5 5 2 5 5 11 10 10 7 7 4 6 6 4 4 4 6 6 7 14 14 14 7 7 7 7 2 2 2 2
 4 4 5 8 8 9 18 18 37 37 31 23 23 7 17 17 14 14 10 10 10 11 10 10 3 3 4 6 6 4 4 4 6 6 19 21 21 14 10 10 5 5 3 15 15 2
 4 4 5 8 8 9 18 18 37 37 31 23 23 7 17 17 14 14 10 10 10 11 10 10 3 3 4 6 6 4 4 4 6 6 19 21 21 14 10 10 5 5 3 15 15 2
 2 2 4 5 5 7 33 33 33 33 22 20 20 20 23 23 16 16 12 4 4 7 7 7 5 5 4 10 10 5 10 10 5 5 22 29 29 12 23 23 16 16 14 14 14 5
 1 1 3 5 5 12 18 18 24 24 35 22 22 21 11 11 13 13 10 3 3 8 8 8 7 7 4 8 8 6 10 10 10 10 34 31 31 9 9 9 18 18 18 24 24 28
 1 1 3 5 5 12 18 18 24 24 35 22 22 21 11 11 13 13 10 3 3 8 8 8 7 7 4 8 8 6 10 10 10 10 34 31 31 9 9 9 18 18 18 24 24 28
 2 2 3 4 4 10 21 21 10 10 15 17 17 19 9 9 36 36 6 3 3 3 17 17 7 7 5 12 12 11 8 8 15 15 34 54 54 34 20 20 17 17 8 27 27 28
 3 3 2 2 2 7 9 9 12 12 10 12 12 14 44 44 26 26 42 6 6 6 10 10 16 16 16 15 15 15 15 15 15 15 52 32 32 10 9 9 15 15 9 23 23 21
 3 3 2 2 2 7 9 9 12 12 10 12 12 14 44 44 26 26 42 6 6 6 10 10 16 16 16 15 15 15 15 15 15 15 52 32 32 10 9 9 15 15 9 23 23 21
 5 5 3 3 3 4 4 4 14 14 9 8 8 7 47 47 13 13 8 6 6 6 13 13 23 23 14 19 19 20 16 16 41 41 35 25 25 18 18 18 21 21 9 24 24 18
 5 5 3 3 3 4 4 4 14 14 9 8 8 7 47 47 13 13 8 6 6 6 13 13 23 23 14 19 19 20 16 16 41 41 35 25 25 18 18 18 21 21 9 24 24 18
 8 8 4 3 3 3 2 2 16 16 20 7 7 8 14 14 11 11 9 14 14 22 30 30 41 41 33 24 24 21 18 18 27 27 35 26 26 14 20 20 31 31 36 25 25 24
 14 14 7 5 5 1 2 2 14 14 17 12 12 13 12 12 24 24 20 27 27 33 40 40 40 40 31 25 25 24 17 17 29 29 18 36 36 37 21 21 22 22 41 27 27 14
 14 14 7 5 5 1 2 2 14 14 17 12 12 13 12 12 24 24 20 27 27 33 40 40 40 40 31 25 25 24 17 17 29 29 18 36 36 37 21 21 22 22 41 27 27 14
 15 15 8 4 4 2 2 2 4 4 5 14 14 19 16 16 32 32 25 26 26 71 34 34 38 38 40 24 24 24 19 19 24 24 20 31 31 36 52 52 61 61 29 24 24 19
 13 13 8 7 7 3 2 2 4 4 4 13 13 18 21 21 22 22 27 30 30 34 24 24 31 31 27 24 24 18 20 20 16 16 18 25 25 29 31 31 59 59 46 38 38 24
 13 13 8 7 7 3 2 2 4 4 4 13 13 18 21 21 22 22 27 30 30 34 24 24 31 31 27 24 24 18 20 20 16 16 18 25 25 29 31 31 59 59 46 38 38 24
 10 10 7 6 6 6 6 6 2 2 4 7 7 19 22 22 14 14 32 39 39 36 17 17 15 15 27 30 30 31 24 24 21 21 17 19 19 25 38 38 43 43 23 49 49 43
 10 10 7 6 6 6 6 6 2 2 4 7 7 19 22 22 14 14 32 39 39 36 17 17 15 15 27 30 30 31 24 24 21 21 17 19 19 25 38 38 43 43 23 49 49 43
 10 10 11 6 6 10 7 7 8 8 33 9 9 17 19 19 15 15 27 17 17 25 29 29 28 28 35 25 25 31 23 23 29 29 24 17 17 13 10 10 17 17 23 65 65 49
 8 8 11 10 10 12 10 10 10 10 21 12 12 12 24 24 20 20 18 15 15 24 28 28 41 41 33 25 25 28 34 34 25 25 23 15 15 18 11 11 23 23 30 79 79 77
 8 8 11 10 10 12 10 10 10 10 21 12 12 12 24 24 20 20 18 15 15 24 28 28 41 41 33 25 25 28 34 34 25 25 23 15 15 18 11 11 23 23 30 79 79 77
 11 11 9 9 9 10 21 21 26 26 48 28 28 19 18 18 76 76 29 23 23 25 51 51 39 39 37 35 35 24 27 27 28 28 27 18 18 13 15 15 32 32 28 75 75 73
 8 8 10 44 44 9 46 46 37 37 27 29 29 21 24 24 49 49 34 32 32 26 43 43 34 34 26 44 44 35 39 39 27 27 19 19 19 37 11 11 7 7 30 26 26 23
 8 8 10 44 44 9 46 46 37 37 27 29 29 21 24 24 49 49 34 32 32 26 43 43 34 34 26 44 44 35 39 39 27 27 19 19 19 37 11 11 7 7 30 26 26 23
 10 10 6 36 36 9 14 14 17 17 26 35 35 43 25 25 32 32 35 30 30 44 46 46 42 42 33 53 53 38 31 31 25 25 19 16 16 36 8 8 5 5 32 10 10 6
 10 10 6 36 36 9 14 14 17 17 26 35 35 43 25 25 32 32 35 30 30 44 46 46 42 42 33 53 53 38 31 31 25 25 19 16 16 36 8 8 5 5 32 10 10 6
 11 11 8 18 18 12 14 14 24 24 27 47 47 31 41 41 52 52 61 100 100 53 68 68 63 63 45 57 57 62 50 50 22 22 39 17 17 11 7 7 3 3 9 9 9 5
 14 14 11 11 11 14 15 15 26 26 24 50 50 43 45 45 64 64 52 84 84 79 60 60 105 105 96 66 66 44 51 51 42 42 22 18 18 17 6 6 3 3 2 2 2 6
 14 14 11 11 11 14 15 15 26 26 24 50 50 43 45 45 64 64 52 84 84 79 60 60 105 105 96 66 66 44 51 51 42 42 22 18 18 17 6 6 3 3 2 2 2 6
 16 16 12 9 9 11 12 12 19 19 30 36 36 58 52 52 80 80 77 124 124 84 102 102 72 72 134 56 56 35 37 37 33 33 25 18 18 11 5 5 4 4 1 1 1 4
 18 18 13 12 12 8 12 12 12 12 46 36 36 35 69 69 92 92 130 92 92 68 161 161 142 142 107 65 65 39 32 32 18 18 24 34 34 28 11 11 4 4 1 4 4 4
 18 18 13 12 12 8 12 12 12 12 46 36 36 35 69 69 92 92 130 92 92 68 161 161 142 142 107 65 65 39 32 32 18 18 24 34 34 28 11 11 4 4 1 4 4 4
 17 17 17 9 9 11 10 10 14 14 46 56 56 78 52 52 57 57 105 70 70 68 122 122 129 129 65 50 50 36 49 49 17 17 21 27 27 22 10 10 7 7 3 9 9 9
 17 17 17 9 9 11 10 10 14 14 46 56 56 78 52 52 57 57 105 70 70 68 122 122 129 129 65 50 50 36 49 49 17 17 21 27 27 22 10 10 7 7 3 9 9 9
 24 24 15 12 12 12 14 14 70 70 47 96 96 93 92 92 92 92 54 69 69 118 117 117 140 140 57 42 42 28 43 43 43 43 22 15 15 17 10 10 10 10 9 16 16 10
 27 27 17 12 12 13 44 44 30 30 32 65 65 84 63 63 49 49 58 59 59 114 57 57 33 33 29 42 42 28 26 26 18 18 8 13 13 15 13 13 13 13 11 9 9 5
 27 27 17 12 12 13 44 44 30 30 32 65 65 84 63 63 49 49 58 59 59 114 57 57 33 33 29 42 42 28 26 26 18 18 8 13 13 15 13 13 13 13 11 9 9 5
 24 24 15 12 12 7 44 44 32 32 26 58 58 43 92 92 59 59 63 54 54 51 45 45 41 41 32 32 32 17 14 14 16 16 15 12 12 13 18 18 19 19 10 8 8 7
 29 29 18 12 12 8 11 11 10 10 16 45 45 50 65 65 37 37 51 47 47 40 64 64 40 40 34 20 20 14 18 18 15 15 11 45 45 15 17 17 13 13 21 8 8 11
 29 29 18 12 12 8 11 11 10 10 16 45 45 50 65 65 37 37 51 47 47 40 64 64 40 40 34 20 20 14 18 18 15 15 11 45 45 15 17 17 13 13 21 8 8 11
 22 22 15 13 13 9 10 10 10 10 15 38 38 29 42 42 38 38 35 33 33 37 43 43 39 39 34 23 23 22 13 13 19 19 19 29 29 17 12 12 11 11 16 20 20 14
 22 22 15 13 13 9 10 10 10 10 15 38 38 29 42 42 38 38 35 33 33 37 43 43 39 39 34 23 23 22 13 13 19 19 19 29 29 17 12 12 11 11 16 20 20 14
 22 22 20 12 12 9 9 9 10 10 13 27 27 27 29 29 26 26 23 38 38 41 40 40 39 39 23 18 18 15 23 23 7 7 26 23 23 15 13 13 16 16 24 46 46 11
 19 19 15 12 12 16 12 12 14 14 11 41 41 37 30 30 29 29 29 79 79 82 38 38 35 35 29 20 20 20 9 9 5 5 23 9 9 10 15 15 18 18 30 32 32 21
 19 19 15 12 12 16 12 12 14 14 11 41 41 37 30 30 29 29 29 79 79 82 38 38 35 35 29 20 20 20 9 9 5 5 23 9 9 10 15 15 18 18 30 32 32 21
 13 13 13 17 17 16 19 19 17 17 23 59 59 40 39 39 38 38 31 83 83 99 67 67 33 33 29 40 40 74 40 40 51 51 18 12 12 27 14 14 15 15 14 22 22 13
 12 12 14 19 19 23 26 26 25 25 26 59 59 59 61 61 41 41 84 82 82 109 85 85 58 58 31 52 52 42 46 46 43 43 45 18 18 26 12 12 21 21 18 13 13 15
 12 12 14 19 19 23 26 26 25 25 26 59 59 59 61 61 41 41 84 82 82 109 85 85 58 58 31 52 52 42 46 46 43 43 45 18 18 26 12 12 21 21 18 13 13 15
 15 15 24 24 24 25 36 36 42 42 74 76 76 75 66 66 67 67 41 96 96 62 86 86 109 109 47 64 64 47 39 39 51 51 39 44 44 27 17 17 25 25 22 17 17 12
 15 15 24 24 24 25 36 36 42 42 74 76 76 75 66 66 67 67 41 96 96 62 86 86 109 109 47 64 64 47 39 39 51 51 39 44 44 27 17 17 25 25 22 17 17 12
 19 19 30 31 31 32 39 39 70 70 81 84 84 94 87 87 70 70 57 68 68 103 48 48 82 82 74 111 111 72 42 42 48 48 45 33 33 17 19 19 11 11 6 9 9 2
 53 53 52 46 46 38 31 31 43 43 86 103 103 103 100 100 87 87 59 69 69 90 80 80 80 80 68 65 65 89 105 105 52 52 39 30 30 12 8 8 6 6 4 3 3 0
 53 53 52 46 46 38 31 31 43 43 86 103 103 103 100 100 87 87 59 69 69 90 80 80 80 80 68 65 65 89 105 105 52 52 39 30 30 12 8 8 6 6 4 3 3 0
 72 72 93 62 62 30 30 30 31 31 64 72 72 101 97 97 75 75 61 57 57 72 65 65 73 73 86 75 75 98 42 42 86 86 83 43 43 18 5 5 4 4 1 4 4 1
 52 52 118 73 73 44 30 30 32 32 58 68 68 70 64 64 58 58 67 61 61 31 42 42 65 65 48 109 109 109 104 104 98 98 55 24 24 26 5 5 6 6 1 2 2 2
 52 52 118 73 73 44 30 30 32 32 58 68 68 70 64 64 58 58 67 61 61 31 42 42 65 65 48 109 109 109 104 104 98 98 55 24 24 26 5 5 6 6 1 2 2 2
 39 39 148 126 126 30 29 29 33 33 38 38 38 80 63 63 56 56 48 50 50 29 55 55 36 36 70 60 60 64 89 89 58 58 89 26 26 14 10 10 8 8 2 3 3 21
 39 39 148 126 126 30 29 29 33 33 38 38 38 80 63 63 56 56 48 50 50 29 55 55 36 36 70 60 60 64 89 89 58 58 89 26 26 14 10 10 8 8 2 3 3 21
 57 57 164 103 103 42 32 32 38 38 33 73 73 45 33 33 41 41 39 41 41 29 30 30 26 26 18 22 22 24 33 33 41 41 39 36 36 10 11 11 14 14 5 1 1 22
 27 27 56 68 68 58 42 42 36 36 46 72 72 24 34 34 27 27 38 36 36 21 19 19 11 11 17 30 30 26 25 25 71 71 24 14 14 13 9 9 6 6 4 10 10 13
 27 27 56 68 68 58 42 42 36 36 46 72 72 24 34 34 27 27 38 36 36 21 19 19 11 11 17 30 30 26 25 25 71 71 24 14 14 13 9 9 6 6 4 10 10 13
 11 11 26 28 28 28 24 24 24 24 38 62 62 32 28 28 19 19 23 15 15 16 16 16 8 8 8 14 14 12 19 19 18 18 7 4 4 7 6 6 1 1 4 8 8 14
 11 11 10 14 14 20 12 12 12 12 25 38 38 31 18 18 13 13 12 8 8 12 11 11 9 9 8 11 11 18 13 13 14 14 9 4 4 2 1 1 1 1 9 4 4 3
 11 11 10 14 14 20 12 12 12 12 25 38 38 31 18 18 13 13 12 8 8 12 11 11 9 9 8 11 11 18 13 13 14 14 9 4 4 2 1 1 1 1 9 4 4 3
 13 13 13 10 10 9 5 5 11 11 11 27 27 20 11 11 13 13 10 14 14 7 9 9 8 8 8 9 9 12 24 24 13 13 17 3 3 1 3 3 1 1 1 5 5 6
 13 13 13 10 10 9 5 5 11 11 11 27 27 20 11 11 13 13 10 14 14 7 9 9 8 8 8 9 9 12 24 24 13 13 17 3 3 1 3 3 1 1 1 5 5 6
 18 18 10 8 8 13 5 5 6 6 17 16 16 6 9 9 6 6 6 13 13 6 6 6 4 4 8 9 9 10 13 13 15 15 15 8 8 4 2 2 1 1 3 2 2 5
 20 20 19 20 20 9 14 14 6 6 1 2 2 3 2 2 1 1 3 5 5 6 7 7 4 4 3 5 5 17 9 9 14 14 14 8 8 4 10 10 8 8 6 9 9 12
 20 20 19 20 20 9 14 14 6 6 1 2 2 3 2 2 1 1 3 5 5 6 7 7 4 4 3 5 5 17 9 9 14 14 14 8 8 4 10 10 8 8 6 9 9 12
 25 25 20 21 21 7 5 5 8 8 0 1 1 2 1 1 2 2 0 0 0 4 2 2 1 1 2 6 6 11 15 15 15 15 12 10 10 2 11 11 6 6 5 8 8 14
 27 27 20 19 19 8 7 7 7 7 1 1 1 0 2 2 0 0 0 1 1 0 1 1 2 2 6 10 10 12 20 20 10 10 14 11 11 3 6 6 4 4 19 6 6 12
