assets/RAT_results/precipitation/2018-05-08_IMERG.asc
ncols        46
nrows        77
xllcorner    74.800261325624
yllcorner    8.058333333333
cellsize     0.062500000000
NODATA_value -9999
 16 16 15 14 14 20 24 24 33 33 29 40 40 38 36 36 27 27 29 38 38 27 14 14 13 13 15 14 14 12 9 9 5 5 4 5 5 5 6 6 10 10 17 22 22 18
 22 22 21 20 20 23 24 24 33 33 19 30 30 26 33 33 27 27 27 24 24 24 16 16 12 12 17 17 17 8 4 4 5 5 5 5 5 8 13 13 23 23 24 20 20 17
 22 22 21 20 20 23 24 24 33 33 19 30 30 26 33 33 27 27 27 24 24 24 16 16 12 12 17 17 17 8 4 4 5 5 5 5 5 8 13 13 23 23 24 20 20 17
 21 21 35 25 25 19 23 23 40 40 25 23 23 25 31 31 34 34 24 16 16 17 14 14 8 8 16 17 17 8 8 8 5 5 8 8 8 9 11 11 25 25 11 19 19 22
 36 36 37 27 27 25 35 35 45 45 41 29 29 44 41 41 43 43 31 36 36 23 14 14 9 9 18 15 15 15 4 4 5 5 17 14 14 15 14 14 15 15 19 23 23 23
 36 36 37 27 27 25 35 35 45 45 41 29 29 44 41 41 43 43 31 36 36 23 14 14 9 9 18 15 15 15 4 4 5 5 17 14 14 15 14 14 15 15 19 23 23 23
 28 28 30 26 26 48 43 43 28 28 43 29 29 89 45 45 49 49 36 36 36 24 16 16 14 14 24 23 23 15 10 10 5 5 10 15 15 15 15 15 30 30 16 21 21 34
 28 28 30 26 26 48 43 43 28 28 43 29 29 89 45 45 49 49 36 36 36 24 16 16 14 14 24 23 23 15 10 10 5 5 10 15 15 15 15 15 30 30 16 21 21 34
 35 35 35 37 37 41 38 38 49 49 41 33 33 39 46 46 44 44 37 35 35 26 18 18 22 22 26 22 22 18 15 15 8 8 11 11 11 14 14 14 16 16 33 25 25 39
 29 29 27 40 40 37 33 33 23 23 37 42 42 33 40 40 78 78 67 38 38 21 17 17 26 26 35 33 33 20 10 10 5 5 10 16 16 12 14 14 30 30 18 25 25 41
 29 29 27 40 40 37 33 33 23 23 37 42 42 33 40 40 78 78 67 38 38 21 17 17 26 26 35 33 33 20 10 10 5 5 10 16 16 12 14 14 30 30 18 25 25 41
 25 25 32 37 37 32 36 36 21 21 45 46 46 44 62 62 75 75 59 22 22 19 20 20 6 6 32 19 19 20 12 12 9 9 11 12 12 18 17 17 31 31 27 31 31 32
 21 21 29 34 34 51 48 48 29 29 32 29 29 27 68 68 83 83 34 17 17 16 15 15 5 5 14 24 24 17 9 9 9 9 12 18 18 18 14 14 15 15 30 25 25 36
 21 21 29 34 34 51 48 48 29 29 32 29 29 27 68 68 83 83 34 17 17 16 15 15 5 5 14 24 24 17 9 9 9 9 12 18 18 18 14 14 15 15 30 25 25 36
 22 22 21 27 27 30 29 29 26 26 29 19 19 38 33 33 25 25 21 13 13 8 7 7 4 4 6 18 18 15 15 15 7 7 15 17 17 14 15 15 14 14 18 20 20 20
 22 22 21 27 27 30 29 29 26 26 29 19 19 38 33 33 25 25 21 13 13 8 7 7 4 4 6 18 18 15 15 15 7 7 15 17 17 14 15 15 14 14 18 20 20 20
 23 23 21 21 21 31 29 29 30 30 28 21 21 40 30 30 25 25 21 9 9 9 5 5 5 5 5 9 9 8 6 6 8 8 12 14 14 18 17 17 13 13 24 26 26 26
 21 21 20 19 19 22 26 26 35 35 28 23 23 20 15 15 16 16 12 11 11 7 4 4 3 3 2 3 3 4 4 4 6 6 13 11 11 14 16 16 12 12 27 26 26 29
 21 21 20 19 19 22 26 26 35 35 28 23 23 20 15 15 16 16 12 11 11 7 4 4 3 3 2 3 3 4 4 4 6 6 13 11 11 14 16 16 12 12 27 26 26 29
 22 22 17 14 14 13 17 17 25 25 23 21 21 18 21 21 14 14 15 19 19 10 5 5 4 4 1 5 5 5 4 4 5 5 6 11 11 11 12 12 12 12 27 25 25 29
 18 18 15 14 14 13 12 12 10 10 18 20 20 17 17 17 20 20 25 28 28 15 11 11 8 8 3 10 10 11 8 8 6 6 8 8 8 8 8 8 9 9 15 16 16 23
 18 18 15 14 14 13 12 12 10 10 18 20 20 17 17 17 20 20 25 28 28 15 11 11 8 8 3 10 10 11 8 8 6 6 8 8 8 8 8 8 9 9 15 16 16 23
 20 20 15 17 17 8 15 15 6 6 16 15 15 17 17 17 25 25 26 29 29 22 24 24 11 11 11 15 15 13 8 8 11 11 12 10 10 6 7 7 7 7 7 20 20 29
 20 20 15 17 17 8 15 15 6 6 16 15 15 17 17 17 25 25 26 29 29 22 24 24 11 11 11 15 15 13 8 8 11 11 12 10 10 6 7 7 7 7 7 20 20 29
 18 18 12 8 8 26 24 24 11 11 17 14 14 17 15 15 64 64 65 41 41 32 30 30 16 16 18 16 16 15 16 16 12 12 14 11 11 8 8 8 8 8 10 32 32 28
 12 12 6 6 6 13 32 32 45 45 29 21 21 20 21 21 58 58 65 37 37 55 32 32 30 30 24 22 22 15 22 22 14 14 16 14 14 16 13 13 10 10 12 35 35 25
 12 12 6 6 6 13 32 32 45 45 29 21 21 20 21 21 58 58 65 37 37 55 32 32 30 30 24 22 22 15 22 22 14 14 16 14 14 16 13 13 10 10 12 35 35 25
 13 13 5 3 3 5 9 9 15 15 14 15 15 12 49 49 100 100 104 50 50 49 25 25 23 23 22 19 19 18 24 24 16 16 16 19 19 21 13 13 12 12 13 22 22 11
 5 5 4 3 3 4 7 7 12 12 12 9 9 10 44 44 29 29 84 87 87 84 34 34 31 31 19 15 15 16 24 24 26 26 21 26 26 17 10 10 12 12 29 34 34 22
 5 5 4 3 3 4 7 7 12 12 12 9 9 10 44 44 29 29 84 87 87 84 34 34 31 31 19 15 15 16 24 24 26 26 21 26 26 17 10 10 12 12 29 34 34 22
 5 5 10 3 3 4 6 6 10 10 9 9 9 7 23 23 29 29 83 96 96 81 36 36 35 35 20 16 16 9 18 18 22 22 33 28 28 19 16 16 13 13 30 18 18 13
 5 5 10 3 3 4 6 6 10 10 9 9 9 7 23 23 29 29 83 96 96 81 36 36 35 35 20 16 16 9 18 18 22 22 33 28 28 19 16 16 13 13 30 18 18 13
 3 3 4 2 2 3 6 6 11 11 10 9 9 7 50 50 48 48 92 95 95 64 39 39 36 36 29 18 18 13 24 24 30 30 38 37 37 26 22 22 23 23 17 20 20 32
 2 2 4 2 2 4 7 7 9 9 11 7 7 8 62 62 61 61 93 54 54 49 50 50 30 30 27 19 19 17 21 21 19 19 35 19 19 20 27 27 15 15 11 15 15 29
 2 2 4 2 2 4 7 7 9 9 11 7 7 8 62 62 61 61 93 54 54 49 50 50 30 30 27 19 19 17 21 21 19 19 35 19 19 20 27 27 15 15 11 15 15 29
 4 4 3 2 2 3 9 9 12 12 9 11 11 8 20 20 30 30 56 55 55 46 44 44 17 17 18 18 18 17 16 16 14 14 11 16 16 10 12 12 6 6 12 21 21 15
 6 6 4 3 3 4 5 5 7 7 9 20 20 9 12 12 28 28 20 59 59 81 80 80 20 20 19 22 22 14 12 12 11 11 8 7 7 8 8 8 8 8 7 10 10 5
 6 6 4 3 3 4 5 5 7 7 9 20 20 9 12 12 28 28 20 59 59 81 80 80 20 20 19 22 22 14 12 12 11 11 8 7 7 8 8 8 8 8 7 10 10 5
 5 5 5 5 5 3 5 5 8 8 11 11 11 10 14 14 17 17 21 56 56 51 149 149 15 15 13 14 14 13 20 20 20 20 14 7 7 8 6 6 5 5 4 10 10 3
 5 5 5 5 5 3 5 5 8 8 11 11 11 10 14 14 17 17 21 56 56 51 149 149 15 15 13 14 14 13 20 20 20 20 14 7 7 8 6 6 5 5 4 10 10 3
 10 10 11 5 5 4 7 7 8 8 11 13 13 13 16 16 13 13 15 50 50 50 151 151 45 45 15 9 9 9 17 17 20 20 16 7 7 6 6 6 6 6 4 3 3 2
 7 7 14 5 5 6 7 7 8 8 8 11 11 14 11 11 10 10 15 86 86 83 45 45 48 48 14 15 15 13 19 19 22 22 20 12 12 8 6 6 4 4 5 3 3 2
 7 7 14 5 5 6 7 7 8 8 8 11 11 14 11 11 10 10 15 86 86 83 45 45 48 48 14 15 15 13 19 19 22 22 20 12 12 8 6 6 4 4 5 3 3 2
 3 3 3 3 3 14 19 19 6 6 7 9 9 10 10 10 9 9 16 85 85 85 44 44 30 30 25 17 17 17 24 24 29 29 26 20 20 14 5 5 3 3 4 7 7 5
 2 2 10 11 11 7 12 12 5 5 6 9 9 12 10 10 9 9 35 38 38 107 33 33 37 37 23 24 24 19 25 25 29 29 27 28 28 10 4 4 2 2 3 6 6 6
 2 2 10 11 11 7 12 12 5 5 6 9 9 12 10 10 9 9 35 38 38 107 33 33 37 37 23 24 24 19 25 25 29 29 27 28 28 10 4 4 2 2 3 6 6 6
 2 2 9 10 10 5 3 3 3 3 8 13 13 32 20 20 11 11 35 38 38 67 66 66 20 20 19 20 20 21 21 21 34 34 31 29 29 6 1 1 2 2 2 7 7 7
 2 2 9 10 10 5 3 3 3 3 8 13 13 32 20 20 11 11 35 38 38 67 66 66 20 20 19 20 20 21 21 21 34 34 31 29 29 6 1 1 2 2 2 7 7 7
 9 9 13 11 11 17 8 8 9 9 15 23 23 19 21 21 15 15 26 23 23 71 70 70 18 18 9 19 19 26 22 22 32 32 26 23 23 12 1 1 1 1 3 7 7 7
 8 8 10 14 14 19 8 8 9 9 15 11 11 16 17 17 16 16 14 10 10 15 18 18 17 17 7 14 14 19 20 20 30 30 24 23 23 11 2 2 1 1 3 10 10 12
 8 8 10 14 14 19 8 8 9 9 15 11 11 16 17 17 16 16 14 10 10 15 18 18 17 17 7 14 14 19 20 20 30 30 24 23 23 11 2 2 1 1 3 10 10 12
 3 3 13 11 11 10 6 6 4 4 7 8 8 16 19 19 14 14 10 7 7 11 6 6 8 8 9 12 12 10 13 13 27 27 22 26 26 8 3 3 2 2 5 11 11 11
 6 6 7 15 15 7 4 4 3 3 6 5 5 17 18 18 25 25 24 24 24 3 3 3 5 5 3 7 7 7 8 8 9 9 25 20 20 9 7 7 3 3 8 8 8 22
 6 6 7 15 15 7 4 4 3 3 6 5 5 17 18 18 25 25 24 24 24 3 3 3 5 5 3 7 7 7 8 8 9 9 25 20 20 9 7 7 3 3 8 8 8 22
 3 3 11 19 19 12 3 3 3 3 3 3 3 16 18 18 14 14 15 22 22 2 2 2 2 2 2 2 2 8 9 9 12 12 22 22 22 18 27 27 9 9 10 9 9 9
 3 3 11 19 19 12 3 3 3 3 3 3 3 16 18 18 14 14 15 22 22 2 2 2 2 2 2 2 2 8 9 9 12 12 22 22 22 18 27 27 9 9 10 9 9 9
 2 2 10 14 14 14 2 2 2 2 3 3 3 14 15 15 12 12 13 3 3 3 1 1 1 1 1 1 1 7 9 9 11 11 23 21 21 19 10 10 6 6 7 7 7 8
 1 1 1 3 3 2 1 1 2 2 3 4 4 8 10 10 7 7 7 1 1 0 0 0 0 0 1 1 1 6 8 8 12 12 21 22 22 9 7 7 5 5 5 3 3 4
 1 1 1 3 3 2 1 1 2 2 3 4 4 8 10 10 7 7 7 1 1 0 0 0 0 0 1 1 1 6 8 8 12 12 21 22 22 9 7 7 5 5 5 3 3 4
 1 1 1 1 1 1 1 1 1 1 2 2 2 2 1 1 1 1 7 1 1 1 1 1 0 0 1 1 1 3 5 5 8 8 11 12 12 8 3 3 2 2 1 2 2 3
 2 2 1 0 0 0 0 0 1 1 2 2 2 2 1 1 1 1 1 3 3 2 1 1 1 1 1 1 1 3 3 3 5 5 21 11 11 5 3 3 2 2 3 3 3 2
 2 2 1 0 0 0 0 0 1 1 2 2 2 2 1 1 1 1 1 3 3 2 1 1 1 1 1 1 1 3 3 3 5 5 21 11 11 5 3 3 2 2 3 3 3 2
 6 6 9 3 3 0 0 0 1 1 2 1 1 1 1 1 1 1 2 7 7 3 1 1 1 1 0 1 1 1 1 1 5 5 16 13 13 5 6 6 4 4 4 4 4 4
 6 6 9 3 3 0 0 0 1 1 2 1 1 1 1 1 1 1 2 7 7 3 1 1 1 1 0 1 1 1 1 1 5 5 16 13 13 5 6 6 4 4 4 4 4 4
 4 4 5 10 10 1 0 0 1 1 3 1 1 0 0 0 1 1 4 8 8 3 0 0 0 0 1 0 0 1 1 1 8 8 19 10 10 7 7 7 5 5 6 5 5 5
 1 1 2 3 3 3 1 1 1 1 3 2 2 1 0 0 2 2 5 4 4 0 0 0 1 1 1 0 0 1 2 2 2 2 3 14 14 10 9 9 7 7 4 5 5 4
 1 1 2 3 3 3 1 1 1 1 3 2 2 1 0 0 2 2 5 4 4 0 0 0 1 1 1 0 0 1 2 2 2 2 3 14 14 10 9 9 7 7 4 5 5 4
 2 2 4 5 5 4 2 2 4 4 2 3 3 1 4 4 5 5 1 1 1 2 2 2 1 1 0 5 5 5 3 3 4 4 4 5 5 8 8 8 3 3 5 5 5 3
 5 5 5 7 7 4 1 1 1 1 1 1 1 9 9 9 2 2 0 1 1 3 3 3 2 2 1 1 1 12 11 11 15 15 6 4 4 2 2 2 2 2 5 5 5 3
 5 5 5 7 7 4 1 1 1 1 1 1 1 9 9 9 2 2 0 1 1 3 3 3 2 2 1 1 1 12 11 11 15 15 6 4 4 2 2 2 2 2 5 5 5 3
 5 5 1 0 0 1 0 0 1 1 1 7 7 9 8 8 1 1 2 2 2 4 7 7 6 6 6 6 6 14 6 6 16 16 18 8 8 1 1 1 1 1 5 5 5 2
 5 5 1 0 0 1 0 0 1 1 1 7 7 9 8 8 1 1 2 2 2 4 7 7 6 6 6 6 6 14 6 6 16 16 18 8 8 1 1 1 1 1 5 5 5 2
 0 0 0 0 0 0 0 0 0 0 1 2 2 1 2 2 1 1 3 5 5 5 7 7 11 11 15 9 9 4 5 5 15 15 16 7 7 10 1 1 1 1 2 1 1 1
 0 0 0 0 0 1 1 1 1 1 1 1 1 1 1 1 1 1 3 6 6 8 9 9 13 13 16 7 7 2 2 2 15 15 14 8 8 10 1 1 1 1 1 1 1 0
 0 0 0 0 0 1 1 1 1 1 1 1 1 1 1 1 1 1 3 6 6 8 9 9 13 13 16 7 7 2 2 2 15 15 14 8 8 10 1 1 1 1 1 1 1 0
 0 0 0 1 1 2 5 5 3 3 1 1 1 2 1 1 1 1 2 5 5 8 11 11 11 11 15 12 12 3 2 2 3 3 38 6 6 5 1 1 1 1 0 1 1 1
 0 0 0 1 1 3 6 6 5 5 3 3 3 3 2 2 2 2 2 4 4 5 7 7 8 8 7 18 18 14 4 4 4 4 39 11 11 5 0 0 0 0 1 1 1 1
