assets/RAT_results/precipitation/2018-08-15_IMERG.asc
ncols        46
nrows        77
xllcorner    74.800261325624
yllcorner    8.058333333333
cellsize     0.062500000000
NODATA_value -9999
 11 11 16 24 24 29 65 65 73 73 66 85 85 64 21 21 16 16 7 4 4 4 2 2 0 0 2 1 1 1 1 1 1 1 1 3 3 0 0 0 0 0 0 0 0 0
 12 12 17 22 22 28 41 41 76 76 87 74 74 74 55 55 23 23 14 8 8 5 3 3 1 1 1 1 1 1 1 1 0 0 0 0 0 0 0 0 0 0 0 0 0 0
 12 12 17 22 22 28 41 41 76 76 87 74 74 74 55 55 23 23 14 8 8 5 3 3 1 1 1 1 1 1 1 1 0 0 0 0 0 0 0 0 0 0 0 0 0 0
 10 10 15 17 17 29 47 47 83 83 78 70 70 91 51 51 39 39 72 9 9 7 3 3 2 2 2 1 1 0 0 0 0 0 0 0 0 0 0 0 0 0 0 0 0 0
 7 7 14 16 16 29 42 42 63 63 70 93 93 106 89 89 55 55 35 20 20 11 6 6 6 6 6 1 1 1 0 0 0 0 0 0 0 0 0 0 0 0 0 0 0 0
 7 7 14 16 16 29 42 42 63 63 70 93 93 106 89 89 55 55 35 20 20 11 6 6 6 6 6 1 1 1 0 0 0 0 0 0 0 0 0 0 0 0 0 0 0 0
 8 8 7 15 15 24 36 36 35 35 67 78 78 99 86 86 58 58 39 26 26 11 6 6 6 6 6 2 2 2 0 0 0 0 0 0 0 0 0 0 0 0 0 0 0 0
 8 8 7 15 15 24 36 36 35 35 67 78 78 99 86 86 58 58 39 26 26 11 6 6 6 6 6 2 2 2 0 0 0 0 0 0 0 0 0 0 0 0 0 0 0 0
 9 9 8 12 12 16 38 38 28 28 61 99 99 88 80 80 54 54 51 26 26 14 8 8 7 7 4 1 1 1 0 0 0 0 0 0 0 0 0 0 0 0 0 0 0 0
 9 9 9 7 7 11 25 25 14 14 43 58 58 59 78 78 49 49 48 24 24 14 7 7 8 8 3 1 1 1 0 0 0 0 0 0 0 0 0 0 0 0 0 0 0 0
 9 9 9 7 7 11 25 25 14 14 43 58 58 59 78 78 49 49 48 24 24 14 7 7 8 8 3 1 1 1 0 0 0 0 0 0 0 0 0 0 0 0 0 0 0 0
 10 10 7 4 4 7 16 16 20 20 20 34 34 39 54 54 50 50 43 25 25 23 12 12 5 5 3 1 1 0 0 0 0 0 0 0 0 0 0 0 0 0 0 0 0 0
 9 9 7 6 6 10 14 14 19 19 20 28 28 36 57 57 58 58 41 38 38 28 15 15 6 6 3 2 2 1 0 0 0 0 0 0 0 0 0 0 0 0 0 0 0 0
 9 9 7 6 6 10 14 14 19 19 20 28 28 36 57 57 58 58 41 38 38 28 15 15 6 6 3 2 2 1 0 0 0 0 0 0 0 0 0 0 0 0 0 0 0 0
 11 11 10 6 6 11 10 10 14 14 18 24 24 33 71 71 79 79 59 39 39 26 12 12 7 7 4 3 3 1 0 0 0 0 0 0 0 0 0 0 0 0 0 1 1 0
 11 11 10 6 6 11 10 10 14 14 18 24 24 33 71 71 79 79 59 39 39 26 12 12 7 7 4 3 3 1 0 0 0 0 0 0 0 0 0 0 0 0 0 1 1 0
 15 15 17 14 14 17 12 12 14 14 26 24 24 38 47 47 85 85 70 59 59 33 12 12 11 11 5 3 3 2 0 0 0 0 0 0 0 0 0 0 0 0 0 0 0 0
 20 20 25 35 35 54 44 44 37 37 42 36 36 54 72 72 70 70 61 61 61 37 32 32 28 28 9 3 3 3 0 0 0 0 0 0 0 0 0 0 0 0 0 0 0 0
 20 20 25 35 35 54 44 44 37 37 42 36 36 54 72 72 70 70 61 61 61 37 32 32 28 28 9 3 3 3 0 0 0 0 0 0 0 0 0 0 0 0 0 0 0 0
 24 24 29 28 28 32 48 48 46 46 60 68 68 73 79 79 69 69 50 51 51 51 37 37 31 31 12 8 8 5 1 1 1 1 1 0 0 0 0 0 0 0 0 0 0 0
 24 24 21 24 24 32 51 51 68 68 75 61 61 70 84 84 67 67 60 49 49 59 48 48 24 24 25 11 11 9 2 2 1 1 2 1 1 0 0 0 0 0 0 0 0 0
 24 24 21 24 24 32 51 51 68 68 75 61 61 70 84 84 67 67 60 49 49 59 48 48 24 24 25 11 11 9 2 2 1 1 2 1 1 0 0 0 0 0 0 0 0 0
 28 28 22 32 32 19 29 29 35 35 40 41 41 63 75 75 70 70 61 69 69 80 51 51 45 45 41 33 33 40 14 14 8 8 7 3 3 0 0 0 0 0 0 0 0 0
 28 28 22 32 32 19 29 29 35 35 40 41 41 63 75 75 70 70 61 69 69 80 51 51 45 45 41 33 33 40 14 14 8 8 7 3 3 0 0 0 0 0 0 0 0 0
 21 21 28 25 25 17 19 19 17 17 29 30 30 64 71 71 68 68 88 81 81 71 72 72 48 48 49 64 64 55 26 26 18 18 15 3 3 1 0 0 0 0 0 0 0 0
 40 40 39 42 42 25 25 25 25 25 34 41 41 65 92 92 91 91 90 84 84 83 96 96 87 87 76 64 64 64 41 41 19 19 14 7 7 6 1 1 0 0 0 0 0 0
 40 40 39 42 42 25 25 25 25 25 34 41 41 65 92 92 91 91 90 84 84 83 96 96 87 87 76 64 64 64 41 41 19 19 14 7 7 6 1 1 0 0 0 0 0 0
 87 87 81 88 88 69 60 60 75 75 84 84 84 79 102 102 99 99 90 86 86 80 114 114 92 92 75 64 64 49 38 38 32 32 24 36 36 7 1 1 1 1 0 0 0 0
 170 170 197 165 165 101 121 121 102 102 108 100 100 108 116 116 111 111 114 95 95 83 95 95 91 91 84 73 73 57 58 58 32 32 25 42 42 9 6 6 1 1 0 0 0 0
 170 170 197 165 165 101 121 121 102 102 108 100 100 108 116 116 111 111 114 95 95 83 95 95 91 91 84 73 73 57 58 58 32 32 25 42 42 9 6 6 1 1 0 0 0 0
 132 132 118 157 157 109 111 111 108 108 134 131 131 157 145 145 142 142 132 109 109 114 88 88 86 86 72 66 66 70 51 51 40 40 44 38 38 20 4 4 4 4 2 0 0 0
 132 132 118 157 157 109 111 111 108 108 134 131 131 157 145 145 142 142 132 109 109 114 88 88 86 86 72 66 66 70 51 51 40 40 44 38 38 20 4 4 4 4 2 0 0 0
 100 100 96 107 107 115 118 118 120 120 147 179 179 187 207 207 196 196 186 146 146 137 120 120 113 113 88 85 85 62 67 67 54 54 41 37 37 29 5 5 4 4 2 2 2 2
 101 101 104 124 124 140 173 173 161 161 183 215 215 217 210 210 224 224 188 143 143 127 121 121 120 120 103 106 106 82 65 65 58 58 48 48 48 25 12 12 7 7 3 5 5 5
 101 101 104 124 124 140 173 173 161 161 183 215 215 217 210 210 224 224 188 143 143 127 121 121 120 120 103 106 106 82 65 65 58 58 48 48 48 25 12 12 7 7 3 5 5 5
 82 82 89 114 114 147 199 199 212 212 251 215 215 227 171 171 198 198 172 151 151 147 135 135 141 141 112 114 114 88 89 89 66 66 78 59 59 26 14 14 5 5 3 9 9 7
 94 94 114 149 149 133 185 185 184 184 217 145 145 167 138 138 151 151 133 135 135 145 165 165 170 170 155 141 141 120 129 129 94 94 83 88 88 51 43 43 8 8 7 8 8 8
 94 94 114 149 149 133 185 185 184 184 217 145 145 167 138 138 151 151 133 135 135 145 165 165 170 170 155 141 141 120 129 129 94 94 83 88 88 51 43 43 8 8 7 8 8 8
 93 93 96 107 107 105 124 124 140 140 159 158 158 134 121 121 113 113 106 132 132 144 157 157 151 151 157 160 160 138 159 159 148 148 86 74 74 38 30 30 25 25 20 14 14 7
 93 93 96 107 107 105 124 124 140 140 159 158 158 134 121 121 113 113 106 132 132 144 157 157 151 151 157 160 160 138 159 159 148 148 86 74 74 38 30 30 25 25 20 14 14 7
 112 112 117 146 146 142 129 129 132 132 171 147 147 149 125 125 114 114 111 133 133 129 138 138 145 145 149 176 176 189 212 212 147 147 119 85 85 41 37 37 28 28 27 19 19 8
 126 126 141 176 176 162 152 152 161 161 186 159 159 143 133 133 110 110 106 134 134 133 146 146 159 159 162 196 196 198 191 191 179 179 128 110 110 71 50 50 31 31 23 21 21 11
 126 126 141 176 176 162 152 152 161 161 186 159 159 143 133 133 110 110 106 134 134 133 146 146 159 159 162 196 196 198 191 191 179 179 128 110 110 71 50 50 31 31 23 21 21 11
 109 109 146 142 142 163 158 158 149 149 140 139 139 119 110 110 122 122 126 134 134 123 133 133 148 148 150 180 180 201 195 195 176 176 161 129 129 82 63 63 36 36 31 16 16 12
 99 99 101 101 101 152 149 149 162 162 153 135 135 135 127 127 120 120 122 118 118 115 113 113 137 137 136 158 158 171 182 182 165 165 170 117 117 80 52 52 40 40 31 27 27 18
 99 99 101 101 101 152 149 149 162 162 153 135 135 135 127 127 120 120 122 118 118 115 113 113 137 137 136 158 158 171 182 182 165 165 170 117 117 80 52 52 40 40 31 27 27 18
 77 77 100 97 97 119 110 110 153 153 143 127 127 102 117 117 125 125 110 111 111 122 129 129 132 132 134 138 138 161 155 155 144 144 147 106 106 81 54 54 56 56 41 38 38 19
 77 77 100 97 97 119 110 110 153 153 143 127 127 102 117 117 125 125 110 111 111 122 129 129 132 132 134 138 138 161 155 155 144 144 147 106 106 81 54 54 56 56 41 38 38 19
 63 63 65 73 73 72 74 74 90 90 94 102 102 110 101 101 112 112 84 88 88 110 107 107 118 118 134 142 142 150 142 142 129 129 124 112 112 89 60 60 52 52 49 40 40 19
 47 47 48 42 42 35 49 49 78 78 79 78 78 71 76 76 76 76 87 75 75 73 81 81 92 92 97 108 108 106 126 126 131 131 110 109 109 85 74 74 50 50 49 37 37 26
 47 47 48 42 42 35 49 49 78 78 79 78 78 71 76 76 76 76 87 75 75 73 81 81 92 92 97 108 108 106 126 126 131 131 110 109 109 85 74 74 50 50 49 37 37 26
 43 43 47 41 41 39 35 35 48 48 58 53 53 69 72 72 60 60 59 65 65 78 87 87 97 97 90 100 100 88 92 92 98 98 91 79 79 75 69 69 58 58 59 61 61 37
 72 72 68 43 43 41 30 30 42 42 53 49 49 52 57 57 50 50 54 58 58 72 86 86 90 90 94 80 80 85 90 90 76 76 79 61 61 60 57 57 62 62 71 62 62 48
 72 72 68 43 43 41 30 30 42 42 53 49 49 52 57 57 50 50 54 58 58 72 86 86 90 90 94 80 80 85 90 90 76 76 79 61 61 60 57 57 62 62 71 62 62 48
 134 134 64 122 122 65 43 43 54 54 46 50 50 64 58 58 43 43 50 63 63 80 77 77 75 75 84 84 84 83 94 94 62 62 65 53 53 54 50 50 60 60 74 61 61 53
 134 134 64 122 122 65 43 43 54 54 46 50 50 64 58 58 43 43 50 63 63 80 77 77 75 75 84 84 84 83 94 94 62 62 65 53 53 54 50 50 60 60 74 61 61 53
 148 148 115 139 139 75 64 64 80 80 75 65 65 68 60 60 54 54 33 41 41 47 50 50 77 77 83 86 86 85 72 72 66 66 62 51 51 40 47 47 53 53 58 67 67 38
 148 148 78 103 103 84 111 111 85 85 74 72 72 69 76 76 73 73 53 44 44 48 49 49 51 51 58 58 58 55 55 55 63 63 63 45 45 49 52 52 60 60 64 64 64 36
 148 148 78 103 103 84 111 111 85 85 74 72 72 69 76 76 73 73 53 44 44 48 49 49 51 51 58 58 58 55 55 55 63 63 63 45 45 49 52 52 60 60 64 64 64 36
 97 97 98 107 107 116 152 152 120 120 115 71 71 67 74 74 68 68 51 49 49 36 56 56 48 48 53 58 58 56 51 51 47 47 44 48 48 53 55 55 67 67 84 77 77 31
 101 101 92 124 124 86 110 110 96 96 96 68 68 80 59 59 64 64 56 57 57 47 47 47 36 36 39 59 59 62 60 60 44 44 51 42 42 50 46 46 56 56 64 70 70 33
 101 101 92 124 124 86 110 110 96 96 96 68 68 80 59 59 64 64 56 57 57 47 47 47 36 36 39 59 59 62 60 60 44 44 51 42 42 50 46 46 56 56 64 70 70 33
 83 83 84 118 118 102 108 108 90 90 85 84 84 72 44 44 38 38 48 38 38 42 28 28 33 33 46 62 62 68 64 64 52 52 60 61 61 58 61 61 59 59 58 70 70 31
 83 83 84 118 118 102 108 108 90 90 85 84 84 72 44 44 38 38 48 38 38 42 28 28 33 33 46 62 62 68 64 64 52 52 60 61 61 58 61 61 59 59 58 70 70 31
 73 73 112 97 97 95 90 90 61 61 67 75 75 68 73 73 68 68 70 48 48 43 24 24 30 30 51 52 52 61 60 60 75 75 73 77 77 72 63 63 71 71 85 83 83 59
 48 48 51 56 56 61 68 68 68 68 78 72 72 56 57 57 54 54 60 32 32 35 26 26 29 29 46 56 56 61 67 67 66 66 70 79 79 87 91 91 84 84 80 82 82 54
 48 48 51 56 56 61 68 68 68 68 78 72 72 56 57 57 54 54 60 32 32 35 26 26 29 29 46 56 56 61 67 67 66 66 70 79 79 87 91 91 84 84 80 82 82 54
 48 48 29 49 49 39 45 45 56 56 67 47 47 54 49 49 47 47 53 33 33 35 20 20 24 24 43 57 57 50 68 68 59 59 63 61 61 74 86 86 75 75 79 52 52 38
 30 30 28 35 35 34 42 42 45 45 50 32 32 45 38 38 35 35 32 24 24 26 26 26 32 32 34 39 39 48 58 58 63 63 65 49 49 63 64 64 67 67 68 62 62 53
 30 30 28 35 35 34 42 42 45 45 50 32 32 45 38 38 35 35 32 24 24 26 26 26 32 32 34 39 39 48 58 58 63 63 65 49 49 63 64 64 67 67 68 62 62 53
 26 26 25 30 30 21 27 27 29 29 30 34 34 35 32 32 28 28 28 18 18 22 21 21 25 25 28 28 28 41 54 54 54 54 59 52 52 48 53 53 57 57 57 56 56 55
 26 26 25 30 30 21 27 27 29 29 30 34 34 35 32 32 28 28 28 18 18 22 21 21 25 25 28 28 28 41 54 54 54 54 59 52 52 48 53 53 57 57 57 56 56 55
 25 25 25 22 22 22 26 26 28 28 31 28 28 22 21 21 21 21 19 15 15 14 14 14 16 16 32 33 33 36 51 51 56 56 66 62 62 51 54 54 51 51 46 52 52 51
 30 30 30 29 29 30 31 31 29 29 25 30 30 21 18 18 17 17 19 15 15 12 11 11 10 10 10 30 30 28 35 35 51 51 56 57 57 55 46 46 41 41 43 45 45 57
 30 30 30 29 29 30 31 31 29 29 25 30 30 21 18 18 17 17 19 15 15 12 11 11 10 10 10 30 30 28 35 35 51 51 56 57 57 55 46 46 41 41 43 45 45 57
 29 29 30 29 29 29 32 32 36 36 36 31 31 21 22 22 31 31 18 14 14 13 14 14 12 12 20 31 31 31 30 30 41 41 32 47 47 43 41 41 42 42 41 47 47 56
 31 31 33 32 32 34 35 35 36 36 35 31 31 39 32 32 31 31 16 22 22 21 17 17 27 27 28 40 40 39 31 31 34 34 34 35 35 31 31 31 27 27 33 34 34 42
