assets/RAT_results/precipitation/2018-06-09_IMERG.asc
ncols        46
nrows        77
xllcorner    74.800261325624
yllcorner    8.058333333333
cellsize     0.062500000000
NODATA_value -9999
 29 29 27 22 22 17 20 20 18 18 17 19 19 12 22 22 5 5 5 6 6 5 6 6 7 7 4 8 8 4 4 4 2 2 1 1 1 0 0 0 0 0 0 0 0 0
 20 20 23 24 24 21 19 19 19 19 19 14 14 8 7 7 5 5 5 4 4 7 6 6 6 6 2 2 2 1 1 1 1 1 1 0 0 0 0 0 0 0 0 0 0 0
 20 20 23 24 24 21 19 19 19 19 19 14 14 8 7 7 5 5 5 4 4 7 6 6 6 6 2 2 2 1 1 1 1 1 1 0 0 0 0 0 0 0 0 0 0 0
 18 18 27 33 33 21 21 21 22 22 15 13 13 8 6 6 6 6 4 3 3 3 3 3 4 4 1 2 2 1 0 0 0 0 0 0 0 0 0 0 0 0 0 0 0 0
 30 30 30 29 29 27 26 26 26 26 19 14 14 11 7 7 5 5 6 4 4 3 3 3 2 2 1 0 0 1 0 0 0 0 0 0 0 0 0 0 0 0 0 0 0 0
 30 30 30 29 29 27 26 26 26 26 19 14 14 11 7 7 5 5 6 4 4 3 3 3 2 2 1 0 0 1 0 0 0 0 0 0 0 0 0 0 0 0 0 0 0 0
 41 41 50 42 42 44 28 28 31 31 24 20 20 19 12 12 8 8 8 5 5 4 3 3 1 1 1 1 1 0 0 0 0 0 0 0 0 0 0 0 0 0 0 0 0 0
 41 41 50 42 42 44 28 28 31 31 24 20 20 19 12 12 8 8 8 5 5 4 3 3 1 1 1 1 1 0 0 0 0 0 0 0 0 0 0 0 0 0 0 0 0 0
 32 32 32 46 46 68 52 52 42 42 29 30 30 19 19 19 13 13 13 5 5 6 4 4 2 2 1 1 1 0 0 0 0 0 0 0 0 0 0 0 0 0 0 0 0 0
 11 11 19 43 43 35 48 48 52 52 34 35 35 22 15 15 12 12 12 12 12 6 4 4 3 3 2 1 1 1 0 0 0 0 0 0 0 0 0 0 0 0 0 0 0 0
 11 11 19 43 43 35 48 48 52 52 34 35 35 22 15 15 12 12 12 12 12 6 4 4 3 3 2 1 1 1 0 0 0 0 0 0 0 0 0 0 0 0 0 0 0 0
 38 38 65 52 52 34 45 45 22 22 24 24 24 33 30 30 14 14 12 10 10 6 6 6 5 5 2 1 1 1 1 1 1 1 0 0 0 0 0 0 0 0 0 0 0 0
 35 35 46 48 48 45 27 27 24 24 27 14 14 32 40 40 28 28 20 13 13 7 4 4 3 3 2 1 1 0 0 0 0 0 0 0 0 0 0 0 1 1 1 1 1 0
 35 35 46 48 48 45 27 27 24 24 27 14 14 32 40 40 28 28 20 13 13 7 4 4 3 3 2 1 1 0 0 0 0 0 0 0 0 0 0 0 1 1 1 1 1 0
 16 16 17 31 31 34 32 32 39 39 21 22 22 51 36 36 40 40 35 19 19 6 3 3 2 2 1 0 0 1 1 1 2 2 0 0 0 0 0 0 2 2 0 0 0 0
 16 16 17 31 31 34 32 32 39 39 21 22 22 51 36 36 40 40 35 19 19 6 3 3 2 2 1 0 0 1 1 1 2 2 0 0 0 0 0 0 2 2 0 0 0 0
 17 17 14 11 11 22 26 26 31 31 18 23 23 27 43 43 29 29 19 11 11 4 2 2 2 2 1 1 1 1 1 1 2 2 0 0 0 0 0 0 0 0 1 1 1 1
 21 21 16 15 15 24 21 21 25 25 20 17 17 28 19 19 17 17 10 6 6 4 3 3 2 2 1 1 1 0 0 0 0 0 0 0 0 1 1 1 1 1 0 1 1 1
 21 21 16 15 15 24 21 21 25 25 20 17 17 28 19 19 17 17 10 6 6 4 3 3 2 2 1 1 1 0 0 0 0 0 0 0 0 1 1 1 1 1 0 1 1 1
 27 27 14 19 19 24 17 17 16 16 15 14 14 13 11 11 10 10 7 5 5 5 3 3 2 2 1 1 1 1 1 1 0 0 0 0 0 0 0 0 0 0 0 1 1 0
 21 21 19 14 14 15 13 13 12 12 11 13 13 10 8 8 5 5 4 4 4 4 6 6 4 4 4 2 2 2 1 1 0 0 0 0 0 0 0 0 0 0 0 0 0 0
 21 21 19 14 14 15 13 13 12 12 11 13 13 10 8 8 5 5 4 4 4 4 6 6 4 4 4 2 2 2 1 1 0 0 0 0 0 0 0 0 0 0 0 0 0 0
 18 18 16 9 9 10 8 8 5 5 5 5 5 9 8 8 7 7 5 6 6 8 7 7 6 6 5 5 5 2 1 1 1 1 1 0 0 0 0 0 0 0 0 0 0 0
 18 18 16 9 9 10 8 8 5 5 5 5 5 9 8 8 7 7 5 6 6 8 7 7 6 6 5 5 5 2 1 1 1 1 1 0 0 0 0 0 0 0 0 0 0 0
 10 10 12 10 10 6 7 7 5 5 4 4 4 9 10 10 9 9 7 7 7 8 12 12 6 6 4 2 2 2 1 1 1 1 1 0 0 0 0 0 0 0 0 0 0 0
 7 7 10 11 11 9 2 2 5 5 4 4 4 9 9 9 12 12 10 12 12 11 10 10 10 10 10 6 6 3 1 1 2 2 2 1 1 1 0 0 0 0 0 0 0 0
 7 7 10 11 11 9 2 2 5 5 4 4 4 9 9 9 12 12 10 12 12 11 10 10 10 10 10 6 6 3 1 1 2 2 2 1 1 1 0 0 0 0 0 0 0 0
 5 5 7 7 7 7 7 7 2 2 2 3 3 7 8 8 13 13 13 14 14 15 17 17 16 16 12 3 3 2 1 1 1 1 1 1 1 0 0 0 0 0 0 0 0 0
 5 5 6 6 6 5 1 1 2 2 1 3 3 3 8 8 10 10 11 15 15 13 19 19 19 19 13 9 9 2 2 2 1 1 1 0 0 0 0 0 0 0 0 0 0 0
 5 5 6 6 6 5 1 1 2 2 1 3 3 3 8 8 10 10 11 15 15 13 19 19 19 19 13 9 9 2 2 2 1 1 1 0 0 0 0 0 0 0 0 0 0 0
 2 2 2 5 5 3 3 3 1 1 1 2 2 5 7 7 9 9 17 18 18 16 20 20 16 16 12 9 9 4 2 2 1 1 0 0 0 0 0 0 0 0 0 0 0 0
 2 2 2 5 5 3 3 3 1 1 1 2 2 5 7 7 9 9 17 18 18 16 20 20 16 16 12 9 9 4 2 2 1 1 0 0 0 0 0 0 0 0 0 0 0 0
 1 1 1 3 3 3 9 9 11 11 10 2 2 2 11 11 10 10 13 19 19 16 13 13 18 18 15 9 9 7 3 3 3 3 1 1 1 0 2 2 2 2 1 2 2 1
 1 1 1 7 7 11 12 12 3 3 10 2 2 3 4 4 7 7 11 17 17 15 13 13 16 16 17 14 14 14 11 11 6 6 3 2 2 2 3 3 2 2 1 2 2 1
 1 1 1 7 7 11 12 12 3 3 10 2 2 3 4 4 7 7 11 17 17 15 13 13 16 16 17 14 14 14 11 11 6 6 3 2 2 2 3 3 2 2 1 2 2 1
 1 1 1 1 1 10 12 12 3 3 2 2 2 4 5 5 4 4 9 11 11 7 7 7 12 12 24 25 25 53 13 13 8 8 5 5 5 4 4 4 4 4 3 3 3 1
 0 0 2 2 2 1 2 2 2 2 2 2 2 5 4 4 5 5 6 9 9 8 9 9 10 10 22 24 24 56 25 25 22 22 16 9 9 8 4 4 3 3 2 2 2 2
 0 0 2 2 2 1 2 2 2 2 2 2 2 5 4 4 5 5 6 9 9 8 9 9 10 10 22 24 24 56 25 25 22 22 16 9 9 8 4 4 3 3 2 2 2 2
 1 1 1 2 2 2 2 2 3 3 3 4 4 7 8 8 12 12 11 14 14 11 9 9 10 10 11 24 24 24 51 51 25 25 18 12 12 9 8 8 3 3 3 3 3 3
 1 1 1 2 2 2 2 2 3 3 3 4 4 7 8 8 12 12 11 14 14 11 9 9 10 10 11 24 24 24 51 51 25 25 18 12 12 9 8 8 3 3 3 3 3 3
 1 1 1 2 2 2 3 3 4 4 7 8 8 8 10 10 12 12 13 15 15 11 9 9 7 7 7 15 15 21 50 50 37 37 19 45 45 19 17 17 1 1 1 0 0 0
 1 1 1 2 2 2 4 4 6 6 5 5 5 6 7 7 8 8 5 7 7 8 6 6 6 6 8 9 9 9 12 12 10 10 17 47 47 19 17 17 2 2 1 0 0 0
 1 1 1 2 2 2 4 4 6 6 5 5 5 6 7 7 8 8 5 7 7 8 6 6 6 6 8 9 9 9 12 12 10 10 17 47 47 19 17 17 2 2 1 0 0 0
 1 1 1 1 1 1 2 2 2 2 2 2 2 2 2 2 3 3 3 4 4 6 6 6 5 5 5 4 4 5 9 9 9 9 10 9 9 5 3 3 0 0 0 0 0 0
 1 1 1 1 1 1 1 1 1 1 2 2 2 2 2 2 2 2 2 2 2 3 5 5 4 4 5 4 4 4 4 4 2 2 1 1 1 4 3 3 0 0 0 0 0 0
 1 1 1 1 1 1 1 1 1 1 2 2 2 2 2 2 2 2 2 2 2 3 5 5 4 4 5 4 4 4 4 4 2 2 1 1 1 4 3 3 0 0 0 0 0 0
 1 1 2 2 2 1 1 1 1 1 2 2 2 2 2 2 2 2 2 2 2 2 2 2 3 3 3 4 4 2 1 1 1 1 1 0 0 1 1 1 0 0 0 0 0 0
 1 1 2 2 2 1 1 1 1 1 2 2 2 2 2 2 2 2 2 2 2 2 2 2 3 3 3 4 4 2 1 1 1 1 1 0 0 1 1 1 0 0 0 0 0 0
 0 0 1 1 1 1 1 1 1 1 1 1 1 1 1 1 1 1 1 1 1 1 2 2 2 2 2 2 2 1 2 2 2 2 2 3 3 0 0 0 0 0 0 0 0 0
 1 1 1 0 0 0 1 1 0 0 1 1 1 1 1 1 1 1 1 0 0 0 1 1 1 1 1 0 0 1 1 1 1 1 2 2 2 0 0 0 0 0 0 0 0 0
 1 1 1 0 0 0 1 1 0 0 1 1 1 1 1 1 1 1 1 0 0 0 1 1 1 1 1 0 0 1 1 1 1 1 2 2 2 0 0 0 0 0 0 0 0 0
 1 1 1 1 1 0 0 0 0 0 1 1 1 1 1 1 1 1 0 0 0 0 0 0 1 1 1 1 1 1 1 1 1 1 0 1 1 1 0 0 0 0 0 0 0 0
 1 1 1 1 1 0 0 0 1 1 1 1 1 1 1 1 1 1 1 0 0 0 0 0 0 0 1 2 2 1 2 2 2 2 0 0 0 0 1 1 0 0 0 0 0 0
 1 1 1 1 1 0 0 0 1 1 1 1 1 1 1 1 1 1 1 0 0 0 0 0 0 0 1 2 2 1 2 2 2 2 0 0 0 0 1 1 0 0 0 0 0 0
 1 1 1 0 0 0 0 0 0 0 5 2 2 2 0 0 0 0 0 0 0 0 0 0 0 0 2 2 2 8 8 8 4 4 0 0 0 0 0 0 0 0 0 0 0 0
 1 1 1 0 0 0 0 0 0 0 5 2 2 2 0 0 0 0 0 0 0 0 0 0 0 0 2 2 2 8 8 8 4 4 0 0 0 0 0 0 0 0 0 0 0 0
 0 0 1 1 1 1 1 1 5 5 4 2 2 2 0 0 0 0 0 0 0 0 0 0 1 1 2 2 2 7 7 7 6 6 2 2 2 0 0 0 0 0 0 0 0 0
 1 1 17 1 1 1 2 2 5 5 5 6 6 6 6 6 0 0 0 0 0 0 1 1 1 1 3 2 2 3 2 2 2 2 2 1 1 1 0 0 0 0 0 0 0 0
 1 1 17 1 1 1 2 2 5 5 5 6 6 6 6 6 0 0 0 0 0 0 1 1 1 1 3 2 2 3 2 2 2 2 2 1 1 1 0 0 0 0 0 0 0 0
 24 24 24 1 1 2 2 2 5 5 5 6 6 6 6 6 0 0 0 0 0 1 1 1 2 2 2 2 2 1 1 1 2 2 1 1 1 2 0 0 0 0 0 0 0 0
 11 11 11 0 0 0 0 0 5 5 5 5 5 6 6 6 0 0 0 0 0 1 1 1 1 1 1 2 2 2 2 2 1 1 1 1 1 1 0 0 0 0 1 1 1 0
 11 11 11 0 0 0 0 0 5 5 5 5 5 6 6 6 0 0 0 0 0 1 1 1 1 1 1 2 2 2 2 2 1 1 1 1 1 1 0 0 0 0 1 1 1 0
 2 2 3 0 0 0 0 0 5 5 0 0 0 0 0 0 0 0 0 1 1 1 1 1 1 1 1 2 2 3 2 2 6 6 2 3 3 2 1 1 0 0 1 0 0 0
 2 2 3 0 0 0 0 0 5 5 0 0 0 0 0 0 0 0 0 1 1 1 1 1 1 1 1 2 2 3 2 2 6 6 2 3 3 2 1 1 0 0 1 0 0 0
 1 1 0 0 0 0 0 0 0 0 0 0 0 0 0 0 0 0 1 1 1 2 1 1 1 1 1 3 3 4 4 4 7 7 5 11 11 5 4 4 1 1 0 0 0 0
 0 0 0 0 0 0 0 0 0 0 0 0 0 0 0 0 1 1 1 2 2 1 1 1 0 0 1 2 2 3 6 6 6 6 8 15 15 19 14 14 9 9 1 1 1 0
 0 0 0 0 0 0 0 0 0 0 0 0 0 0 0 0 1 1 1 2 2 1 1 1 0 0 1 2 2 3 6 6 6 6 8 15 15 19 14 14 9 9 1 1 1 0
 0 0 0 0 0 0 0 0 0 0 0 0 0 0 0 0 1 1 1 1 1 1 2 2 0 0 0 0 0 1 1 1 6 6 6 8 8 11 15 15 6 6 2 0 0 1
 0 0 0 0 0 0 0 0 0 0 0 0 0 1 0 0 1 1 1 1 1 1 1 1 0 0 0 0 0 0 0 0 3 3 4 6 6 5 5 5 3 3 2 1 1 0
 0 0 0 0 0 0 0 0 0 0 0 0 0 1 0 0 1 1 1 1 1 1 1 1 0 0 0 0 0 0 0 0 3 3 4 6 6 5 5 5 3 3 2 1 1 0
 0 0 0 0 0 0 0 0 0 0 0 1 1 1 1 1 1 1 1 1 1 1 1 1 0 0 0 0 0 0 0 0 4 4 3 3 3 5 5 5 3 3 3 1 1 0
 0 0 0 0 0 0 0 0 0 0 0 1 1 1 1 1 1 1 1 1 1 1 1 1 0 0 0 0 0 0 0 0 4 4 3 3 3 5 5 5 3 3 3 1 1 0
 0 0 0 0 0 0 0 0 0 0 0 1 1 1 1 1 1 1 1 0 0 1 1 1 0 0 0 0 0 0 0 0 2 2 3 3 3 3 3 3 3 3 2 1 1 0
 0 0 0 0 0 0 0 0 0 0 0 0 0 0 0 0 0 0 0 0 0 0 0 0 0 0 1 2 2 0 1 1 1 1 1 1 1 2 2 2 2 2 1 1 1 4
 0 0 0 0 0 0 0 0 0 0 0 0 0 0 0 0 0 0 0 0 0 0 0 0 0 0 1 2 2 0 1 1 1 1 1 1 1 2 2 2 2 2 1 1 1 4
 0 0 0 0 0 0 0 0 0 0 0 0 0 0 0 0 0 0 0 0 0 0 0 0 1 1 1 2 2 1 2 2 2 2 3 2 2 1 2 2 2 2 2 5 5 5
 0 0 0 0 0 0 0 0 0 0 0 0 0 0 0 0 0 0 0 0 0 0 0 0 0 0 0 2 2 0 1 1 1 1 1 2 2 2 1 1 2 2 3 3 3 4
