assets/RAT_results/precipitation/2018-07-31_IMERG.asc
ncols        46
nrows        77
xllcorner    74.800261325624
yllcorner    8.058333333333
cellsize     0.062500000000
NODATA_value -9999
 1 1 2 0 0 1 3 3 10 10 18 7 7 6 6 6 9 9 3 2 2 0 0 0 0 0 0 0 0 0 0 0 0 0 0 0 0 0 0 0 0 0 0 0 0 1
 1 1 1 0 0 1 2 2 4 4 14 9 9 6 5 5 5 5 7 2 2 0 0 0 0 0 2 1 1 1 1 1 1 1 1 1 1 1 3 3 3 3 2 0 0 0
 1 1 1 0 0 1 2 2 4 4 14 9 9 6 5 5 5 5 7 2 2 0 0 0 0 0 2 1 1 1 1 1 1 1 1 1 1 1 3 3 3 3 2 0 0 0
 0 0 1 1 1 4 1 1 1 1 3 4 4 4 3 3 6 6 5 1 1 0 0 0 1 1 1 1 1 1 1 1 1 1 1 1 1 2 3 3 5 5 18 0 0 0
 1 1 1 1 1 0 1 1 1 1 0 0 0 1 2 2 2 2 6 3 3 1 1 1 1 1 1 2 2 2 2 2 2 2 2 1 1 5 2 2 11 11 45 0 0 0
 1 1 1 1 1 0 1 1 1 1 0 0 0 1 2 2 2 2 6 3 3 1 1 1 1 1 1 2 2 2 2 2 2 2 2 1 1 5 2 2 11 11 45 0 0 0
 1 1 0 2 2 0 0 0 0 0 0 1 1 2 3 3 4 4 3 1 1 1 0 0 0 0 1 1 1 1 1 1 1 1 1 2 2 2 1 1 0 0 1 0 0 0
 1 1 0 2 2 0 0 0 0 0 0 1 1 2 3 3 4 4 3 1 1 1 0 0 0 0 1 1 1 1 1 1 1 1 1 2 2 2 1 1 0 0 1 0 0 0
 0 0 0 1 1 1 1 1 1 1 1 8 8 2 2 2 2 2 1 0 0 0 0 0 0 0 0 0 0 0 0 0 0 0 1 1 1 1 0 0 0 0 0 0 0 0
 0 0 2 1 1 1 1 1 1 1 2 8 8 6 7 7 6 6 4 3 3 1 0 0 0 0 0 0 0 0 0 0 0 0 0 2 2 0 0 0 0 0 0 0 0 0
 0 0 2 1 1 1 1 1 1 1 2 8 8 6 7 7 6 6 4 3 3 1 0 0 0 0 0 0 0 0 0 0 0 0 0 2 2 0 0 0 0 0 0 0 0 0
 0 0 1 2 2 3 3 3 2 2 4 5 5 12 12 12 5 5 4 3 3 1 1 1 1 1 2 2 2 0 0 0 0 0 0 0 0 0 0 0 0 0 0 0 0 0
 1 1 1 2 2 2 4 4 5 5 7 9 9 14 20 20 25 25 19 12 12 12 8 8 6 6 4 2 2 0 0 0 0 0 0 0 0 0 0 0 0 0 0 0 0 0
 1 1 1 2 2 2 4 4 5 5 7 9 9 14 20 20 25 25 19 12 12 12 8 8 6 6 4 2 2 0 0 0 0 0 0 0 0 0 0 0 0 0 0 0 0 0
 1 1 1 2 2 2 6 6 10 10 12 50 50 36 29 29 37 37 31 21 21 19 8 8 11 11 4 4 4 0 0 0 0 0 0 0 0 0 1 1 1 1 1 1 1 1
 1 1 1 2 2 2 6 6 10 10 12 50 50 36 29 29 37 37 31 21 21 19 8 8 11 11 4 4 4 0 0 0 0 0 0 0 0 0 1 1 1 1 1 1 1 1
 2 2 1 2 2 6 5 5 9 9 19 31 31 31 54 54 46 46 49 32 32 26 13 13 13 13 7 1 1 0 0 0 0 0 0 0 0 1 2 2 2 2 2 2 2 1
 3 3 3 3 3 4 6 6 10 10 25 35 35 54 67 67 84 84 115 122 122 58 18 18 18 18 12 2 2 0 0 0 0 0 0 0 0 1 1 1 2 2 2 2 2 2
 3 3 3 3 3 4 6 6 10 10 25 35 35 54 67 67 84 84 115 122 122 58 18 18 18 18 12 2 2 0 0 0 0 0 0 0 0 1 1 1 2 2 2 2 2 2
 2 2 1 2 2 3 7 7 10 10 12 28 28 46 54 54 71 71 74 72 72 65 34 34 13 13 5 1 1 1 0 0 0 0 0 1 1 1 1 1 1 1 1 1 1 1
 1 1 1 1 1 1 3 3 6 6 18 24 24 27 41 41 56 56 71 64 64 41 35 35 35 35 9 5 5 1 0 0 1 1 1 1 1 0 0 0 0 0 0 0 0 0
 1 1 1 1 1 1 3 3 6 6 18 24 24 27 41 41 56 56 71 64 64 41 35 35 35 35 9 5 5 1 0 0 1 1 1 1 1 0 0 0 0 0 0 0 0 0
 1 1 1 1 1 2 2 2 4 4 19 23 23 35 43 43 44 44 71 75 75 61 47 47 35 35 11 5 5 1 1 1 1 1 0 1 1 1 0 0 0 0 0 0 0 0
 1 1 1 1 1 2 2 2 4 4 19 23 23 35 43 43 44 44 71 75 75 61 47 47 35 35 11 5 5 1 1 1 1 1 0 1 1 1 0 0 0 0 0 0 0 0
 1 1 1 2 2 2 3 3 4 4 15 18 18 37 34 34 40 40 56 61 61 70 58 58 43 43 16 8 8 2 1 1 0 0 0 0 0 0 0 0 0 0 0 0 0 0
 2 2 2 2 2 2 3 3 7 7 8 22 22 32 31 31 33 33 51 99 99 89 58 58 36 36 20 16 16 4 1 1 0 0 0 0 0 0 0 0 0 0 0 0 0 0
 2 2 2 2 2 2 3 3 7 7 8 22 22 32 31 31 33 33 51 99 99 89 58 58 36 36 20 16 16 4 1 1 0 0 0 0 0 0 0 0 0 0 0 0 0 0
 2 2 2 2 2 3 5 5 7 7 9 18 18 25 24 24 30 30 44 61 61 100 65 65 39 39 22 12 12 11 1 1 0 0 0 0 0 0 0 0 1 1 0 0 0 0
 2 2 2 2 2 3 3 3 6 6 6 15 15 21 29 29 38 38 39 56 56 75 71 71 43 43 37 25 25 12 2 2 1 1 0 2 2 1 1 1 0 0 0 0 0 0
 2 2 2 2 2 3 3 3 6 6 6 15 15 21 29 29 38 38 39 56 56 75 71 71 43 43 37 25 25 12 2 2 1 1 0 2 2 1 1 1 0 0 0 0 0 0
 2 2 3 2 2 4 3 3 6 6 8 12 12 20 31 31 34 34 39 48 48 58 51 51 46 46 40 28 28 23 9 9 12 12 1 3 3 3 0 0 0 0 0 0 0 0
 2 2 3 2 2 4 3 3 6 6 8 12 12 20 31 31 34 34 39 48 48 58 51 51 46 46 40 28 28 23 9 9 12 12 1 3 3 3 0 0 0 0 0 0 0 0
 2 2 2 3 3 3 3 3 2 2 8 8 8 13 15 15 33 33 29 61 61 52 52 52 68 68 62 46 46 40 25 25 23 23 6 6 6 7 1 1 3 3 1 1 1 0
 4 4 4 4 4 4 3 3 3 3 5 6 6 7 8 8 24 24 33 46 46 43 76 76 80 80 68 61 61 36 28 28 23 23 12 13 13 7 8 8 6 6 2 2 2 1
 4 4 4 4 4 4 3 3 3 3 5 6 6 7 8 8 24 24 33 46 46 43 76 76 80 80 68 61 61 36 28 28 23 23 12 13 13 7 8 8 6 6 2 2 2 1
 6 6 5 6 6 6 8 8 7 7 7 7 7 8 12 12 22 22 31 36 36 36 37 37 64 64 48 49 49 41 36 36 22 22 22 11 11 5 6 6 4 4 5 3 3 1
 7 7 10 11 11 12 12 12 14 14 13 13 13 12 17 17 22 22 27 39 39 40 41 41 41 41 43 37 37 43 42 42 27 27 27 22 22 14 17 17 8 8 6 3 3 3
 7 7 10 11 11 12 12 12 14 14 13 13 13 12 17 17 22 22 27 39 39 40 41 41 41 41 43 37 37 43 42 42 27 27 27 22 22 14 17 17 8 8 6 3 3 3
 5 5 6 11 11 13 12 12 14 14 15 14 14 14 18 18 22 22 22 33 33 41 42 42 33 33 38 37 37 49 45 45 42 42 34 28 28 24 18 18 7 7 5 3 3 3
 5 5 6 11 11 13 12 12 14 14 15 14 14 14 18 18 22 22 22 33 33 41 42 42 33 33 38 37 37 49 45 45 42 42 34 28 28 24 18 18 7 7 5 3 3 3
 4 4 5 6 6 7 9 9 10 10 11 11 11 13 15 15 16 16 23 36 36 35 38 38 45 45 44 30 30 43 42 42 47 47 41 34 34 23 9 9 3 3 5 3 3 2
 3 3 3 4 4 5 5 5 6 6 7 8 8 8 12 12 13 13 21 34 34 36 40 40 51 51 35 36 36 37 40 40 43 43 41 21 21 17 6 6 3 3 3 2 2 3
 3 3 3 4 4 5 5 5 6 6 7 8 8 8 12 12 13 13 21 34 34 36 40 40 51 51 35 36 36 37 40 40 43 43 41 21 21 17 6 6 3 3 3 2 2 3
 4 4 4 4 4 4 4 4 5 5 6 7 7 15 15 15 30 30 47 58 58 52 44 44 38 38 33 33 33 42 36 36 36 36 28 20 20 18 4 4 1 1 2 2 2 2
 3 3 3 3 3 3 3 3 7 7 10 12 12 14 14 14 27 27 55 46 46 40 48 48 55 55 45 40 40 47 47 47 42 42 17 12 12 12 2 2 0 0 1 1 1 1
 3 3 3 3 3 3 3 3 7 7 10 12 12 14 14 14 27 27 55 46 46 40 48 48 55 55 45 40 40 47 47 47 42 42 17 12 12 12 2 2 0 0 1 1 1 1
 1 1 2 2 2 3 3 3 3 3 4 10 10 13 14 14 31 31 45 41 41 50 58 58 57 57 57 47 47 51 46 46 36 36 24 17 17 1 1 1 0 0 0 0 0 0
 1 1 2 2 2 3 3 3 3 3 4 10 10 13 14 14 31 31 45 41 41 50 58 58 57 57 57 47 47 51 46 46 36 36 24 17 17 1 1 1 0 0 0 0 0 0
 1 1 1 1 1 1 2 2 2 2 3 6 6 6 10 10 15 15 37 54 54 102 63 63 47 47 46 46 46 50 48 48 36 36 27 19 19 4 0 0 0 0 1 0 0 0
 1 1 1 0 0 1 1 1 2 2 2 4 4 4 10 10 13 13 25 43 43 90 35 35 39 39 44 55 55 45 37 37 39 39 29 23 23 4 2 2 1 1 1 0 0 0
 1 1 1 0 0 1 1 1 2 2 2 4 4 4 10 10 13 13 25 43 43 90 35 35 39 39 44 55 55 45 37 37 39 39 29 23 23 4 2 2 1 1 1 0 0 0
 1 1 0 1 1 1 1 1 2 2 3 4 4 4 8 8 22 22 27 33 33 31 35 35 36 36 48 53 53 54 37 37 32 32 23 18 18 3 3 3 3 3 2 1 1 1
 1 1 1 1 1 1 1 1 2 2 2 2 2 4 2 2 11 11 14 17 17 26 38 38 44 44 57 51 51 46 40 40 40 40 27 22 22 7 7 7 3 3 2 2 2 2
 1 1 1 1 1 1 1 1 2 2 2 2 2 4 2 2 11 11 14 17 17 26 38 38 44 44 57 51 51 46 40 40 40 40 27 22 22 7 7 7 3 3 2 2 2 2
 2 2 1 1 1 1 1 1 1 1 2 1 1 3 5 5 9 9 13 17 17 28 36 36 37 37 55 55 55 49 35 35 37 37 38 15 15 11 7 7 2 2 2 2 2 2
 2 2 1 1 1 1 1 1 1 1 2 1 1 3 5 5 9 9 13 17 17 28 36 36 37 37 55 55 55 49 35 35 37 37 38 15 15 11 7 7 2 2 2 2 2 2
 3 3 2 1 1 2 1 1 1 1 1 1 1 2 3 3 7 7 9 13 13 23 32 32 35 35 58 63 63 60 46 46 27 27 28 10 10 10 9 9 4 4 5 2 2 2
 6 6 1 2 2 1 1 1 5 5 4 1 1 3 4 4 5 5 9 17 17 24 33 33 32 32 49 61 61 48 30 30 30 30 37 26 26 23 7 7 5 5 4 1 1 1
 6 6 1 2 2 1 1 1 5 5 4 1 1 3 4 4 5 5 9 17 17 24 33 33 32 32 49 61 61 48 30 30 30 30 37 26 26 23 7 7 5 5 4 1 1 1
 2 2 1 1 1 1 7 7 5 5 5 1 1 3 4 4 9 9 11 11 11 19 25 25 23 23 31 53 53 47 35 35 32 32 43 35 35 24 15 15 6 6 5 5 5 2
 2 2 1 1 1 1 8 8 7 7 7 1 1 2 2 2 4 4 6 7 7 13 17 17 24 24 34 38 38 41 45 45 35 35 31 37 37 37 18 18 11 11 6 2 2 4
 2 2 1 1 1 1 8 8 7 7 7 1 1 2 2 2 4 4 6 7 7 13 17 17 24 24 34 38 38 41 45 45 35 35 31 37 37 37 18 18 11 11 6 2 2 4
 1 1 1 1 1 1 1 1 1 1 7 2 2 2 2 2 3 3 7 6 6 8 24 24 34 34 34 41 41 40 49 49 45 45 36 33 33 35 24 24 15 15 9 8 8 5
 1 1 1 1 1 1 1 1 1 1 7 2 2 2 2 2 3 3 7 6 6 8 24 24 34 34 34 41 41 40 49 49 45 45 36 33 33 35 24 24 15 15 9 8 8 5
 1 1 1 1 1 2 2 2 2 2 3 3 3 3 3 3 3 3 4 7 7 7 24 24 38 38 31 36 36 38 41 41 40 40 37 34 34 28 21 21 22 22 15 14 14 8
 1 1 2 2 2 2 2 2 4 4 4 5 5 5 5 5 4 4 4 6 6 12 18 18 36 36 41 30 30 34 43 43 45 45 42 43 43 39 33 33 38 38 22 17 17 8
 1 1 2 2 2 2 2 2 4 4 4 5 5 5 5 5 4 4 4 6 6 12 18 18 36 36 41 30 30 34 43 43 45 45 42 43 43 39 33 33 38 38 22 17 17 8
 1 1 2 2 2 2 3 3 5 5 4 5 5 4 5 5 5 5 3 2 2 9 11 11 17 17 22 26 26 44 43 43 36 36 46 45 45 40 43 43 39 39 35 26 26 19
 1 1 1 1 1 1 1 1 2 2 1 2 2 3 3 3 3 3 4 2 2 3 6 6 7 7 14 29 29 50 57 57 53 53 51 55 55 50 57 57 49 49 46 36 36 28
 1 1 1 1 1 1 1 1 2 2 1 2 2 3 3 3 3 3 4 2 2 3 6 6 7 7 14 29 29 50 57 57 53 53 51 55 55 50 57 57 49 49 46 36 36 28
 1 1 0 1 1 1 1 1 1 1 1 3 3 3 3 3 3 3 4 3 3 3 7 7 8 8 11 27 27 39 47 47 79 79 59 76 76 75 60 60 45 45 42 41 41 39
 1 1 0 1 1 1 1 1 1 1 1 3 3 3 3 3 3 3 4 3 3 3 7 7 8 8 11 27 27 39 47 47 79 79 59 76 76 75 60 60 45 45 42 41 41 39
 0 0 0 1 1 1 2 2 2 2 2 3 3 4 4 4 3 3 4 12 12 12 17 17 20 20 11 13 13 23 42 42 67 67 72 78 78 82 84 84 63 63 51 44 44 31
 1 1 1 1 1 2 3 3 3 3 4 6 6 6 5 5 5 5 8 13 13 14 18 18 18 18 18 13 13 19 28 28 55 55 65 117 117 77 76 76 53 53 53 37 37 28
 1 1 1 1 1 2 3 3 3 3 4 6 6 6 5 5 5 5 8 13 13 14 18 18 18 18 18 13 13 19 28 28 55 55 65 117 117 77 76 76 53 53 53 37 37 28
 1 1 2 2 2 3 3 3 4 4 5 5 5 5 5 5 5 5 8 10 10 9 9 9 9 9 7 7 7 11 17 17 74 74 43 46 46 66 62 62 56 56 43 36 36 29
 2 2 3 3 3 4 4 4 4 4 4 5 5 5 4 4 4 4 4 5 5 6 6 6 6 6 3 4 4 6 8 8 21 21 68 40 40 39 64 64 48 48 18 26 26 30
