assets/RAT_results/precipitation/2018-11-16_IMERG.asc
ncols        46
nrows        77
xllcorner    74.800261325624
yllcorner    8.058333333333
cellsize     0.062500000000
NODATA_value -9999
 0 0 0 0 0 0 0 0 0 0 0 0 0 0 0 0 0 0 0 0 0 0 0 0 0 0 0 0 0 1 1 1 1 1 1 0 0 0 0 0 0 0 0 1 1 1
 0 0 0 0 0 0 0 0 0 0 0 0 0 0 0 0 0 0 0 0 0 0 0 0 0 0 1 1 1 1 1 1 2 2 1 1 1 0 1 1 0 0 1 1 1 1
 0 0 0 0 0 0 0 0 0 0 0 0 0 0 0 0 0 0 0 0 0 0 0 0 0 0 1 1 1 1 1 1 2 2 1 1 1 0 1 1 0 0 1 1 1 1
 0 0 0 0 0 0 0 0 0 0 0 0 0 0 0 0 0 0 0 0 0 0 0 0 1 1 1 1 1 1 1 1 2 2 1 1 1 0 1 1 1 1 1 1 1 1
 0 0 0 0 0 0 0 0 0 0 0 0 0 0 0 0 0 0 0 0 0 0 1 1 1 1 1 1 1 1 1 1 1 1 1 1 1 0 1 1 1 1 1 0 0 0
 0 0 0 0 0 0 0 0 0 0 0 0 0 0 0 0 0 0 0 0 0 0 1 1 1 1 1 1 1 1 1 1 1 1 1 1 1 0 1 1 1 1 1 0 0 0
 0 0 0 0 0 0 0 0 0 0 0 0 0 0 0 0 0 0 0 0 0 1 1 1 2 2 2 1 1 1 1 1 1 1 1 1 1 1 1 1 0 0 0 0 0 0
 0 0 0 0 0 0 0 0 0 0 0 0 0 0 0 0 0 0 0 0 0 1 1 1 2 2 2 1 1 1 1 1 1 1 1 1 1 1 1 1 0 0 0 0 0 0
 0 0 0 0 0 0 0 0 0 0 0 0 0 0 0 0 0 0 0 0 0 1 1 1 1 1 1 1 1 1 1 1 0 0 1 1 1 1 0 0 0 0 0 0 0 0
 0 0 0 0 0 0 0 0 1 1 0 0 0 0 0 0 0 0 0 0 0 0 1 1 1 1 1 1 1 0 0 0 1 1 1 1 1 0 0 0 0 0 0 0 0 0
 0 0 0 0 0 0 0 0 1 1 0 0 0 0 0 0 0 0 0 0 0 0 1 1 1 1 1 1 1 0 0 0 1 1 1 1 1 0 0 0 0 0 0 0 0 0
 0 0 0 0 0 0 0 0 0 0 0 1 1 1 0 0 0 0 0 0 0 0 0 0 0 0 1 0 0 0 0 0 1 1 0 0 0 1 0 0 0 0 0 0 0 0
 0 0 0 0 0 0 0 0 0 0 0 0 0 0 0 0 0 0 0 0 0 0 0 0 0 0 0 0 0 0 0 0 1 1 0 0 0 0 0 0 0 0 0 0 0 0
 0 0 0 0 0 0 0 0 0 0 0 0 0 0 0 0 0 0 0 0 0 0 0 0 0 0 0 0 0 0 0 0 1 1 0 0 0 0 0 0 0 0 0 0 0 0
 0 0 0 0 0 0 0 0 0 0 0 0 0 0 0 0 0 0 0 0 0 0 0 0 0 0 0 0 0 0 0 0 0 0 0 0 0 0 0 0 1 1 0 1 1 1
 0 0 0 0 0 0 0 0 0 0 0 0 0 0 0 0 0 0 0 0 0 0 0 0 0 0 0 0 0 0 0 0 0 0 0 0 0 0 0 0 1 1 0 1 1 1
 0 0 0 0 0 0 0 0 0 0 0 0 0 0 0 0 0 0 0 0 0 0 0 0 0 0 0 0 0 0 0 0 0 0 0 1 1 0 0 0 0 0 0 1 1 2
 0 0 0 0 0 0 0 0 0 0 0 0 0 0 0 0 0 0 0 0 0 0 0 0 0 0 0 0 0 0 0 0 1 1 1 1 1 1 0 0 0 0 0 1 1 4
 0 0 0 0 0 0 0 0 0 0 0 0 0 0 0 0 0 0 0 0 0 0 0 0 0 0 0 0 0 0 0 0 1 1 1 1 1 1 0 0 0 0 0 1 1 4
 0 0 0 1 1 1 0 0 0 0 0 0 0 0 0 0 0 0 0 0 0 0 0 0 0 0 0 0 0 0 1 1 1 1 1 1 1 1 1 1 0 0 1 1 1 9
 0 0 0 1 1 1 0 0 0 0 0 1 1 0 0 0 0 0 0 0 0 0 0 0 0 0 0 1 1 1 1 1 1 1 1 1 1 1 1 1 2 2 4 3 3 8
 0 0 0 1 1 1 0 0 0 0 0 1 1 0 0 0 0 0 0 0 0 0 0 0 0 0 0 1 1 1 1 1 1 1 1 1 1 1 1 1 2 2 4 3 3 8
 0 0 0 0 0 0 0 0 0 0 0 0 0 1 1 1 1 1 0 0 0 0 0 0 0 0 0 1 1 1 1 1 1 1 1 1 1 3 2 2 3 3 7 5 5 6
 0 0 0 0 0 0 0 0 0 0 0 0 0 1 1 1 1 1 0 0 0 0 0 0 0 0 0 1 1 1 1 1 1 1 1 1 1 3 2 2 3 3 7 5 5 6
 1 1 0 0 0 0 0 0 0 0 0 0 0 2 3 3 2 2 1 0 0 0 0 0 0 0 0 1 1 1 1 1 2 2 2 2 2 3 3 3 5 5 4 5 5 6
 2 2 1 0 0 0 1 1 1 1 1 1 1 2 2 2 2 2 1 1 1 0 0 0 0 0 0 1 1 2 2 2 3 3 5 5 5 5 4 4 5 5 5 5 5 8
 2 2 1 0 0 0 1 1 1 1 1 1 1 2 2 2 2 2 1 1 1 0 0 0 0 0 0 1 1 2 2 2 3 3 5 5 5 5 4 4 5 5 5 5 5 8
 5 5 2 1 1 1 1 1 1 1 1 2 2 2 2 2 2 2 2 1 1 0 0 0 0 0 2 1 1 1 1 1 3 3 4 5 5 5 5 5 6 6 7 7 7 10
 5 5 2 1 1 1 1 1 1 1 2 2 2 1 1 1 1 1 1 0 0 0 0 0 1 1 1 1 1 1 1 1 4 4 6 7 7 6 7 7 13 13 13 10 10 13
 5 5 2 1 1 1 1 1 1 1 2 2 2 1 1 1 1 1 1 0 0 0 0 0 1 1 1 1 1 1 1 1 4 4 6 7 7 6 7 7 13 13 13 10 10 13
 3 3 1 1 1 1 1 1 1 1 1 1 1 1 1 1 1 1 1 1 1 1 1 1 1 1 1 1 1 1 2 2 4 4 8 10 10 8 11 11 15 15 13 15 15 17
 3 3 1 1 1 1 1 1 1 1 1 1 1 1 1 1 1 1 1 1 1 1 1 1 1 1 1 1 1 1 2 2 4 4 8 10 10 8 11 11 15 15 13 15 15 17
 2 2 1 1 1 2 2 2 3 3 3 4 4 5 6 6 7 7 6 5 5 3 3 3 2 2 3 2 2 1 2 2 6 6 12 13 13 12 16 16 17 17 17 20 20 24
 2 2 2 3 3 2 2 2 2 2 3 4 4 5 6 6 6 6 5 4 4 3 4 4 5 5 6 3 3 3 4 4 8 8 21 21 21 27 28 28 22 22 22 25 25 30
 2 2 2 3 3 2 2 2 2 2 3 4 4 5 6 6 6 6 5 4 4 3 4 4 5 5 6 3 3 3 4 4 8 8 21 21 21 27 28 28 22 22 22 25 25 30
 4 4 5 4 4 3 3 3 3 3 3 3 3 4 4 4 5 5 5 5 5 4 6 6 8 8 8 4 4 4 7 7 12 12 28 29 29 29 29 29 31 31 31 34 34 37
 11 11 13 12 12 8 7 7 8 8 6 5 5 5 5 5 5 5 5 7 7 7 9 9 16 16 16 14 14 15 17 17 21 21 25 24 24 34 33 33 33 33 40 47 47 54
 11 11 13 12 12 8 7 7 8 8 6 5 5 5 5 5 5 5 5 7 7 7 9 9 16 16 16 14 14 15 17 17 21 21 25 24 24 34 33 33 33 33 40 47 47 54
 36 36 35 33 33 30 28 28 26 26 20 17 17 17 13 13 9 9 9 12 12 12 14 14 15 15 24 23 23 20 27 27 26 26 27 39 39 38 36 36 37 37 56 64 64 87
 36 36 35 33 33 30 28 28 26 26 20 17 17 17 13 13 9 9 9 12 12 12 14 14 15 15 24 23 23 20 27 27 26 26 27 39 39 38 36 36 37 37 56 64 64 87
 60 60 52 46 46 44 40 40 38 38 38 40 40 38 29 29 23 23 20 19 19 16 14 14 35 35 44 52 52 43 46 46 51 51 32 41 41 46 54 54 60 60 71 86 86 100
 43 43 43 53 53 56 57 57 58 58 64 61 61 60 40 40 27 27 25 26 26 26 32 32 41 41 56 55 55 42 47 47 64 64 45 70 70 61 60 60 63 63 90 90 90 105
 43 43 43 53 53 56 57 57 58 58 64 61 61 60 40 40 27 27 25 26 26 26 32 32 41 41 56 55 55 42 47 47 64 64 45 70 70 61 60 60 63 63 90 90 90 105
 51 51 49 56 56 60 62 62 68 68 74 62 62 53 45 45 36 36 37 40 40 39 48 48 55 55 49 65 65 54 53 53 44 44 43 67 67 100 89 89 84 84 92 95 95 103
 62 62 59 63 63 65 70 70 81 81 84 70 70 63 59 59 58 58 59 57 57 60 53 53 60 60 47 106 106 103 136 136 73 73 54 89 89 105 102 102 92 92 96 99 99 115
 62 62 59 63 63 65 70 70 81 81 84 70 70 63 59 59 58 58 59 57 57 60 53 53 60 60 47 106 106 103 136 136 73 73 54 89 89 105 102 102 92 92 96 99 99 115
 86 86 78 69 69 92 93 93 82 82 85 74 74 73 72 72 80 80 67 67 67 72 75 75 77 77 80 118 118 73 137 137 143 143 65 66 66 99 99 99 97 97 98 98 98 99
 86 86 78 69 69 92 93 93 82 82 85 74 74 73 72 72 80 80 67 67 67 72 75 75 77 77 80 118 118 73 137 137 143 143 65 66 66 99 99 99 97 97 98 98 98 99
 118 118 98 103 103 99 94 94 81 81 85 82 82 100 107 107 92 92 87 71 71 76 94 94 73 73 157 84 84 70 163 163 144 144 63 64 64 95 100 100 102 102 93 98 98 92
 89 89 71 67 67 69 67 67 68 68 71 83 83 84 86 86 76 76 77 79 79 78 79 79 61 61 154 111 111 151 96 96 55 55 54 53 53 105 99 99 98 98 93 92 92 70
 89 89 71 67 67 69 67 67 68 68 71 83 83 84 86 86 76 76 77 79 79 78 79 79 61 61 154 111 111 151 96 96 55 55 54 53 53 105 99 99 98 98 93 92 92 70
 89 89 75 69 69 70 63 63 61 61 70 80 80 77 71 71 69 69 65 68 68 72 89 89 61 61 122 108 108 119 41 41 50 50 50 22 22 59 76 76 86 86 86 85 85 57
 91 91 82 71 71 72 69 69 70 70 82 85 85 80 78 78 78 78 75 78 78 76 99 99 58 58 52 34 34 46 40 40 32 32 20 19 19 44 62 62 55 55 55 60 60 38
 91 91 82 71 71 72 69 69 70 70 82 85 85 80 78 78 78 78 75 78 78 76 99 99 58 58 52 34 34 46 40 40 32 32 20 19 19 44 62 62 55 55 55 60 60 38
 96 96 91 80 80 80 84 84 83 83 92 89 89 82 77 77 77 77 73 75 75 73 103 103 46 46 38 51 51 43 23 23 19 19 15 13 13 22 41 41 42 42 41 41 41 35
 96 96 91 80 80 80 84 84 83 83 92 89 89 82 77 77 77 77 73 75 75 73 103 103 46 46 38 51 51 43 23 23 19 19 15 13 13 22 41 41 42 42 41 41 41 35
 92 92 97 101 101 99 101 101 111 111 106 107 107 116 108 108 97 97 85 78 78 74 83 83 53 53 33 26 26 25 20 20 15 15 14 12 12 9 27 27 27 27 28 29 29 28
 108 108 107 109 109 113 127 127 127 127 127 124 124 125 108 108 94 94 74 61 61 57 41 41 122 122 22 25 25 20 18 18 11 11 9 7 7 7 12 12 19 19 19 22 22 18
 108 108 107 109 109 113 127 127 127 127 127 124 124 125 108 108 94 94 74 61 61 57 41 41 122 122 22 25 25 20 18 18 11 11 9 7 7 7 12 12 19 19 19 22 22 18
 114 114 119 112 112 122 137 137 137 137 139 129 129 120 94 94 77 77 67 45 45 35 28 28 25 25 21 19 19 18 15 15 11 11 6 6 6 5 8 8 10 10 13 15 15 16
 121 121 115 115 115 119 139 139 141 141 137 130 130 110 85 85 68 68 54 38 38 29 27 27 22 22 26 23 23 18 10 10 7 7 5 5 5 4 6 6 7 7 12 15 15 17
 121 121 115 115 115 119 139 139 141 141 137 130 130 110 85 85 68 68 54 38 38 29 27 27 22 22 26 23 23 18 10 10 7 7 5 5 5 4 6 6 7 7 12 15 15 17
 104 104 112 103 103 92 92 92 86 86 77 65 65 56 44 44 40 40 35 28 28 25 22 22 19 19 19 15 15 11 9 9 7 7 4 4 4 3 4 4 8 8 11 14 14 17
 104 104 112 103 103 92 92 92 86 86 77 65 65 56 44 44 40 40 35 28 28 25 22 22 19 19 19 15 15 11 9 9 7 7 4 4 4 3 4 4 8 8 11 14 14 17
 75 75 70 78 78 74 74 74 71 71 64 52 52 44 37 37 32 32 27 20 20 16 13 13 11 11 11 11 11 9 6 6 5 5 3 2 2 1 4 4 8 8 7 8 8 9
 43 43 41 55 55 55 54 54 51 51 43 37 37 31 28 28 24 24 19 13 13 12 10 10 7 7 5 6 6 8 8 8 5 5 4 3 3 2 2 2 5 5 5 5 5 6
 43 43 41 55 55 55 54 54 51 51 43 37 37 31 28 28 24 24 19 13 13 12 10 10 7 7 5 6 6 8 8 8 5 5 4 3 3 2 2 2 5 5 5 5 5 6
 29 29 21 17 17 13 9 9 15 15 14 15 15 16 17 17 15 15 13 7 7 8 8 8 7 7 7 6 6 9 16 16 13 13 6 3 3 3 3 3 4 4 4 5 5 5
 11 11 11 10 10 10 8 8 11 11 4 3 3 4 4 4 5 5 5 5 5 6 7 7 8 8 4 10 10 12 19 19 42 42 25 8 8 5 3 3 2 2 5 4 4 3
 11 11 11 10 10 10 8 8 11 11 4 3 3 4 4 4 5 5 5 5 5 6 7 7 8 8 4 10 10 12 19 19 42 42 25 8 8 5 3 3 2 2 5 4 4 3
 2 2 2 2 2 2 3 3 2 2 2 3 3 2 2 2 3 3 3 2 2 4 3 3 5 5 7 15 15 18 22 22 20 20 14 15 15 4 3 3 2 2 4 5 5 3
 2 2 2 2 2 2 3 3 2 2 2 3 3 2 2 2 3 3 3 2 2 4 3 3 5 5 7 15 15 18 22 22 20 20 14 15 15 4 3 3 2 2 4 5 5 3
 1 1 1 1 1 1 3 3 3 3 3 2 2 1 1 1 2 2 3 4 4 4 4 4 7 7 11 20 20 19 16 16 18 18 15 8 8 6 4 4 3 3 3 2 2 3
 0 0 0 1 1 1 1 1 1 1 2 1 1 1 1 1 1 1 3 4 4 5 6 6 10 10 20 52 52 27 16 16 14 14 10 10 10 9 7 7 5 5 5 3 3 6
 0 0 0 1 1 1 1 1 1 1 2 1 1 1 1 1 1 1 3 4 4 5 6 6 10 10 20 52 52 27 16 16 14 14 10 10 10 9 7 7 5 5 5 3 3 6
 2 2 1 0 0 0 1 1 2 2 2 1 1 1 1 1 2 2 3 5 5 5 6 6 6 6 9 13 13 39 12 12 11 11 10 7 7 5 5 5 4 4 5 6 6 7
 1 1 1 0 0 0 0 0 0 0 0 0 0 1 3 3 4 4 4 3 3 3 4 4 5 5 6 10 10 12 9 9 7 7 4 4 4 4 4 4 3 3 5 6 6 7
