assets/RAT_results/precipitation/2018-06-19_IMERG.asc
ncols        46
nrows        77
xllcorner    74.800261325624
yllcorner    8.058333333333
cellsize     0.062500000000
NODATA_value -9999
 67 67 52 43 43 45 42 42 39 39 31 32 32 18 5 5 3 3 4 1 1 0 0 0 0 0 1 0 0 0 0 0 0 0 0 0 0 2 0 0 0 0 0 0 0 0
 58 58 41 58 58 51 47 47 44 44 27 15 15 30 4 4 3 3 2 1 1 2 1 1 1 1 1 2 2 0 0 0 0 0 0 0 0 0 0 0 0 0 0 0 0 0
 58 58 41 58 58 51 47 47 44 44 27 15 15 30 4 4 3 3 2 1 1 2 1 1 1 1 1 2 2 0 0 0 0 0 0 0 0 0 0 0 0 0 0 0 0 0
 41 41 54 67 67 53 53 53 35 35 29 16 16 29 22 22 4 4 10 1 1 2 2 2 0 0 2 0 0 0 0 0 0 0 0 0 0 0 0 0 0 0 0 0 0 0
 29 29 49 41 41 42 49 49 49 49 42 10 10 14 20 20 14 14 4 2 2 0 0 0 0 0 0 0 0 0 0 0 0 0 0 0 0 0 0 0 0 0 0 0 0 0
 29 29 49 41 41 42 49 49 49 49 42 10 10 14 20 20 14 14 4 2 2 0 0 0 0 0 0 0 0 0 0 0 0 0 0 0 0 0 0 0 0 0 0 0 0 0
 18 18 29 43 43 32 68 68 58 58 27 18 18 24 5 5 7 7 6 2 2 0 0 0 0 0 0 0 0 0 0 0 0 0 0 0 0 0 0 0 0 0 0 0 0 0
 18 18 29 43 43 32 68 68 58 58 27 18 18 24 5 5 7 7 6 2 2 0 0 0 0 0 0 0 0 0 0 0 0 0 0 0 0 0 0 0 0 0 0 0 0 0
 37 37 22 35 35 25 36 36 27 27 21 18 18 10 14 14 14 14 15 1 1 0 0 0 1 1 0 0 0 0 0 0 0 0 0 0 0 0 0 0 0 0 0 0 0 0
 26 26 23 28 28 40 37 37 28 28 21 6 6 6 6 6 25 25 18 9 9 1 0 0 0 0 0 0 0 0 0 0 0 0 0 0 0 0 0 0 0 0 0 0 0 0
 26 26 23 28 28 40 37 37 28 28 21 6 6 6 6 6 25 25 18 9 9 1 0 0 0 0 0 0 0 0 0 0 0 0 0 0 0 0 0 0 0 0 0 0 0 0
 28 28 29 23 23 26 21 21 9 9 10 7 7 11 14 14 14 14 11 3 3 0 0 0 0 0 0 0 0 0 0 0 0 0 0 0 0 0 0 0 0 0 0 0 0 0
 18 18 17 26 26 21 12 12 8 8 8 4 4 5 8 8 7 7 3 2 2 0 0 0 0 0 0 0 0 0 0 0 0 0 0 0 0 0 0 0 0 0 0 0 0 0
 18 18 17 26 26 21 12 12 8 8 8 4 4 5 8 8 7 7 3 2 2 0 0 0 0 0 0 0 0 0 0 0 0 0 0 0 0 0 0 0 0 0 0 0 0 0
 16 16 11 11 11 7 9 9 10 10 9 11 11 6 5 5 3 3 5 2 2 0 0 0 0 0 0 0 0 0 0 0 0 0 0 0 0 0 0 0 0 0 0 0 0 0
 16 16 11 11 11 7 9 9 10 10 9 11 11 6 5 5 3 3 5 2 2 0 0 0 0 0 0 0 0 0 0 0 0 0 0 0 0 0 0 0 0 0 0 0 0 0
 11 11 6 9 9 5 2 2 3 3 6 4 4 12 26 26 23 23 17 3 3 4 0 0 0 0 0 0 0 0 0 0 1 1 0 0 0 0 0 0 0 0 0 0 0 0
 11 11 7 4 4 3 2 2 1 1 11 10 10 23 27 27 27 27 25 16 16 10 7 7 3 3 1 0 0 0 0 0 0 0 0 0 0 0 0 0 0 0 0 0 0 0
 11 11 7 4 4 3 2 2 1 1 11 10 10 23 27 27 27 27 25 16 16 10 7 7 3 3 1 0 0 0 0 0 0 0 0 0 0 0 0 0 0 0 0 0 0 0
 4 4 5 2 2 3 2 2 3 3 11 13 13 34 24 24 44 44 45 17 17 15 2 2 2 2 0 1 1 0 0 0 0 0 0 0 0 0 0 0 0 0 0 0 0 0
 6 6 2 6 6 6 5 5 10 10 54 16 16 23 24 24 31 31 27 17 17 9 2 2 1 1 0 1 1 0 4 4 0 0 0 0 0 0 0 0 0 0 0 0 0 0
 6 6 2 6 6 6 5 5 10 10 54 16 16 23 24 24 31 31 27 17 17 9 2 2 1 1 0 1 1 0 4 4 0 0 0 0 0 0 0 0 0 0 0 0 0 0
 5 5 10 6 6 4 4 4 3 3 1 2 2 14 43 43 28 28 23 8 8 5 2 2 0 0 2 0 0 0 1 1 0 0 0 0 0 0 0 0 0 0 0 0 0 0
 5 5 10 6 6 4 4 4 3 3 1 2 2 14 43 43 28 28 23 8 8 5 2 2 0 0 2 0 0 0 1 1 0 0 0 0 0 0 0 0 0 0 0 0 0 0
 4 4 5 2 2 1 1 1 2 2 4 3 3 5 13 13 17 17 17 7 7 11 10 10 7 7 1 0 0 1 0 0 0 0 0 0 0 0 0 0 0 0 0 0 0 0
 5 5 4 3 3 2 4 4 3 3 9 5 5 2 13 13 16 16 22 13 13 7 3 3 7 7 1 4 4 0 0 0 0 0 0 0 0 0 0 0 0 0 0 0 0 0
 5 5 4 3 3 2 4 4 3 3 9 5 5 2 13 13 16 16 22 13 13 7 3 3 7 7 1 4 4 0 0 0 0 0 0 0 0 0 0 0 0 0 0 0 0 0
 6 6 5 7 7 6 4 4 6 6 4 4 4 5 13 13 16 16 14 14 14 21 7 7 7 7 1 0 0 0 1 1 0 0 0 0 0 0 0 0 0 0 0 0 0 0
 8 8 10 10 10 10 7 7 13 13 11 8 8 4 9 9 11 11 12 11 11 20 13 13 19 19 9 1 1 1 0 0 3 3 0 0 0 0 0 0 0 0 0 0 0 0
 8 8 10 10 10 10 7 7 13 13 11 8 8 4 9 9 11 11 12 11 11 20 13 13 19 19 9 1 1 1 0 0 3 3 0 0 0 0 0 0 0 0 0 0 0 0
 29 29 22 11 11 16 5 5 7 7 10 29 29 4 18 18 11 11 20 17 17 25 26 26 23 23 27 12 12 3 0 0 1 1 5 0 0 1 0 0 0 0 0 0 0 0
 29 29 22 11 11 16 5 5 7 7 10 29 29 4 18 18 11 11 20 17 17 25 26 26 23 23 27 12 12 3 0 0 1 1 5 0 0 1 0 0 0 0 0 0 0 0
 32 32 12 7 7 5 7 7 13 13 37 13 13 8 19 19 16 16 9 12 12 20 23 23 25 25 21 9 9 5 8 8 3 3 3 2 2 0 0 0 0 0 0 0 0 0
 48 48 39 34 34 35 10 10 20 20 16 16 16 18 15 15 8 8 8 15 15 15 18 18 12 12 14 5 5 3 5 5 6 6 2 0 0 1 0 0 0 0 0 0 0 0
 48 48 39 34 34 35 10 10 20 20 16 16 16 18 15 15 8 8 8 15 15 15 18 18 12 12 14 5 5 3 5 5 6 6 2 0 0 1 0 0 0 0 0 0 0 0
 30 30 42 40 40 33 24 24 28 28 14 23 23 17 11 11 9 9 13 15 15 24 15 15 22 22 18 13 13 16 9 9 6 6 2 2 2 0 0 0 0 0 0 0 0 0
 21 21 23 24 24 18 29 29 25 25 18 15 15 23 13 13 12 12 13 34 34 50 28 28 47 47 28 24 24 17 10 10 7 7 2 0 0 1 0 0 0 0 0 0 0 0
 21 21 23 24 24 18 29 29 25 25 18 15 15 23 13 13 12 12 13 34 34 50 28 28 47 47 28 24 24 17 10 10 7 7 2 0 0 1 0 0 0 0 0 0 0 0
 8 8 13 11 11 11 14 14 32 32 19 20 20 19 16 16 16 16 23 64 64 62 56 56 71 71 38 33 33 38 22 22 13 13 10 1 1 0 0 0 1 1 1 0 0 0
 8 8 13 11 11 11 14 14 32 32 19 20 20 19 16 16 16 16 23 64 64 62 56 56 71 71 38 33 33 38 22 22 13 13 10 1 1 0 0 0 1 1 1 0 0 0
 8 8 7 15 15 15 18 18 42 42 26 19 19 22 21 21 11 11 22 47 47 60 27 27 41 41 33 30 30 24 19 19 13 13 11 2 2 1 1 1 1 1 0 0 0 0
 5 5 6 11 11 16 25 25 37 37 26 24 24 15 15 15 27 27 40 84 84 68 72 72 36 36 28 24 24 21 21 21 12 12 20 42 42 2 0 0 2 2 0 0 0 0
 5 5 6 11 11 16 25 25 37 37 26 24 24 15 15 15 27 27 40 84 84 68 72 72 36 36 28 24 24 21 21 21 12 12 20 42 42 2 0 0 2 2 0 0 0 0
 14 14 9 11 11 29 50 50 46 46 30 19 19 17 17 17 45 45 55 79 79 84 61 61 43 43 36 35 35 24 19 19 25 25 10 11 11 42 2 2 10 10 7 0 0 0
 11 11 16 21 21 31 46 46 49 49 30 16 16 20 22 22 31 31 30 46 46 88 75 75 38 38 30 28 28 27 31 31 30 30 14 7 7 4 1 1 4 4 4 0 0 0
 11 11 16 21 21 31 46 46 49 49 30 16 16 20 22 22 31 31 30 46 46 88 75 75 38 38 30 28 28 27 31 31 30 30 14 7 7 4 1 1 4 4 4 0 0 0
 20 20 21 27 27 22 30 30 36 36 22 17 17 12 20 20 18 18 25 33 33 33 64 64 38 38 26 21 21 38 21 21 23 23 12 10 10 5 2 2 2 2 4 2 2 0
 20 20 21 27 27 22 30 30 36 36 22 17 17 12 20 20 18 18 25 33 33 33 64 64 38 38 26 21 21 38 21 21 23 23 12 10 10 5 2 2 2 2 4 2 2 0
 22 22 27 21 21 12 16 16 9 9 26 13 13 14 22 22 29 29 23 28 28 22 33 33 49 49 47 43 43 42 20 20 28 28 20 11 11 8 3 3 0 0 0 0 0 0
 14 14 18 7 7 14 16 16 9 9 17 10 10 7 15 15 12 12 27 42 42 33 24 24 42 42 55 40 40 46 31 31 22 22 27 13 13 10 8 8 1 1 0 0 0 1
 14 14 18 7 7 14 16 16 9 9 17 10 10 7 15 15 12 12 27 42 42 33 24 24 42 42 55 40 40 46 31 31 22 22 27 13 13 10 8 8 1 1 0 0 0 1
 11 11 14 5 5 14 9 9 8 8 9 12 12 8 14 14 12 12 24 31 31 35 21 21 23 23 44 20 20 18 31 31 29 29 20 9 9 10 2 2 0 0 0 1 1 0
 2 2 4 2 2 10 3 3 5 5 4 11 11 5 8 8 13 13 21 20 20 40 16 16 13 13 24 15 15 29 27 27 26 26 10 10 10 2 9 9 3 3 3 0 0 0
 2 2 4 2 2 10 3 3 5 5 4 11 11 5 8 8 13 13 21 20 20 40 16 16 13 13 24 15 15 29 27 27 26 26 10 10 10 2 9 9 3 3 3 0 0 0
 1 1 1 1 1 1 1 1 1 1 1 13 13 4 6 6 10 10 16 13 13 12 20 20 49 49 26 38 38 27 69 69 47 47 34 7 7 4 7 7 16 16 6 3 3 0
 1 1 1 1 1 1 1 1 1 1 1 13 13 4 6 6 10 10 16 13 13 12 20 20 49 49 26 38 38 27 69 69 47 47 34 7 7 4 7 7 16 16 6 3 3 0
 0 0 1 0 0 0 0 0 0 0 1 3 3 2 2 2 4 4 9 10 10 11 8 8 20 20 47 27 27 31 43 43 46 46 28 13 13 9 40 40 13 13 5 0 0 0
 0 0 0 0 0 0 0 0 0 0 0 1 1 1 1 1 3 3 5 9 9 10 4 4 9 9 13 12 12 18 27 27 25 25 34 10 10 23 6 6 9 9 1 0 0 0
 0 0 0 0 0 0 0 0 0 0 0 1 1 1 1 1 3 3 5 9 9 10 4 4 9 9 13 12 12 18 27 27 25 25 34 10 10 23 6 6 9 9 1 0 0 0
 0 0 0 0 0 0 0 0 0 0 0 1 1 1 2 2 4 4 2 1 1 5 1 1 3 3 6 6 6 8 23 23 18 18 20 20 20 24 2 2 0 0 1 0 0 0
 0 0 0 1 1 1 2 2 0 0 0 1 1 1 4 4 4 4 2 1 1 1 0 0 1 1 2 12 12 11 3 3 11 11 9 6 6 7 3 3 1 1 1 2 2 0
 0 0 0 1 1 1 2 2 0 0 0 1 1 1 4 4 4 4 2 1 1 1 0 0 1 1 2 12 12 11 3 3 11 11 9 6 6 7 3 3 1 1 1 2 2 0
 0 0 0 1 1 1 3 3 1 1 1 2 2 3 5 5 3 3 2 2 2 1 1 1 2 2 5 9 9 6 9 9 13 13 13 14 14 5 6 6 4 4 2 1 1 0
 0 0 0 1 1 1 3 3 1 1 1 2 2 3 5 5 3 3 2 2 2 1 1 1 2 2 5 9 9 6 9 9 13 13 13 14 14 5 6 6 4 4 2 1 1 0
 1 1 1 3 3 3 6 6 2 2 1 4 4 6 4 4 2 2 3 4 4 2 0 0 2 2 8 4 4 11 8 8 8 8 30 26 26 17 13 13 7 7 0 1 1 0
 1 1 2 3 3 3 4 4 1 1 1 2 2 4 2 2 1 1 2 6 6 0 0 0 1 1 5 6 6 7 7 7 14 14 21 36 36 16 17 17 8 8 0 0 0 0
 1 1 2 3 3 3 4 4 1 1 1 2 2 4 2 2 1 1 2 6 6 0 0 0 1 1 5 6 6 7 7 7 14 14 21 36 36 16 17 17 8 8 0 0 0 0
 1 1 1 1 1 1 1 1 1 1 1 2 2 4 7 7 19 19 6 3 3 1 0 0 0 0 4 1 1 16 5 5 8 8 11 21 21 17 12 12 9 9 1 2 2 0
 1 1 2 2 2 1 1 1 2 2 1 3 3 10 8 8 9 9 10 3 3 1 0 0 0 0 0 0 0 6 5 5 6 6 7 12 12 19 7 7 10 10 3 2 2 0
 1 1 2 2 2 1 1 1 2 2 1 3 3 10 8 8 9 9 10 3 3 1 0 0 0 0 0 0 0 6 5 5 6 6 7 12 12 19 7 7 10 10 3 2 2 0
 1 1 1 1 1 2 6 6 4 4 6 9 9 9 8 8 4 4 2 5 5 5 0 0 1 1 4 7 7 11 6 6 4 4 3 4 4 7 7 7 3 3 8 2 2 0
 1 1 1 1 1 2 6 6 4 4 6 9 9 9 8 8 4 4 2 5 5 5 0 0 1 1 4 7 7 11 6 6 4 4 3 4 4 7 7 7 3 3 8 2 2 0
 2 2 1 2 2 3 3 3 2 2 6 9 9 6 4 4 4 4 5 6 6 7 4 4 9 9 10 7 7 6 4 4 6 6 7 8 8 5 5 5 5 5 5 2 2 0
 2 2 3 4 4 4 6 6 7 7 9 10 10 8 5 5 6 6 5 6 6 5 5 5 6 6 8 3 3 7 6 6 4 4 2 7 7 4 6 6 4 4 5 0 0 0
 2 2 3 4 4 4 6 6 7 7 9 10 10 8 5 5 6 6 5 6 6 5 5 5 6 6 8 3 3 7 6 6 4 4 2 7 7 4 6 6 4 4 5 0 0 0
 5 5 5 6 6 6 7 7 9 9 10 11 11 7 7 7 6 6 6 5 5 6 4 4 4 4 3 6 6 4 6 6 5 5 2 2 2 2 2 2 1 1 0 0 0 0
 11 11 9 13 13 9 16 16 16 16 15 8 8 7 6 6 5 5 5 4 4 5 3 3 3 3 3 4 4 4 5 5 2 2 1 1 1 0 2 2 0 0 1 0 0 1
