assets/RAT_results/precipitation/2018-04-11_IMERG.asc
ncols        46
nrows        77
xllcorner    74.800261325624
yllcorner    8.058333333333
cellsize     0.062500000000
NODATA_value -9999
 0 0 0 0 0 0 0 0 0 0 0 0 0 1 1 1 0 0 0 0 0 0 0 0 0 0 0 0 0 0 0 0 0 0 0 0 0 0 0 0 0 0 0 0 0 0
 0 0 0 0 0 0 0 0 0 0 0 0 0 0 0 0 0 0 0 0 0 0 0 0 0 0 0 0 0 0 0 0 0 0 0 0 0 0 0 0 0 0 0 0 0 0
 0 0 0 0 0 0 0 0 0 0 0 0 0 0 0 0 0 0 0 0 0 0 0 0 0 0 0 0 0 0 0 0 0 0 0 0 0 0 0 0 0 0 0 0 0 0
 1 1 0 0 0 0 0 0 0 0 0 0 0 0 0 0 0 0 0 0 0 0 0 0 0 0 0 0 0 0 0 0 0 0 0 0 0 0 0 0 0 0 0 0 0 0
 0 0 0 0 0 0 0 0 0 0 0 0 0 0 0 0 0 0 0 0 0 0 0 0 0 0 0 0 0 0 0 0 0 0 0 0 0 0 0 0 0 0 1 0 0 0
 0 0 0 0 0 0 0 0 0 0 0 0 0 0 0 0 0 0 0 0 0 0 0 0 0 0 0 0 0 0 0 0 0 0 0 0 0 0 0 0 0 0 1 0 0 0
 0 0 0 0 0 0 0 0 0 0 0 0 0 0 0 0 2 2 3 0 0 0 0 0 0 0 0 0 0 0 0 0 0 0 0 0 0 0 0 0 0 0 0 0 0 0
 0 0 0 0 0 0 0 0 0 0 0 0 0 0 0 0 2 2 3 0 0 0 0 0 0 0 0 0 0 0 0 0 0 0 0 0 0 0 0 0 0 0 0 0 0 0
 0 0 0 0 0 0 0 0 0 0 0 0 0 0 0 0 3 3 5 1 1 0 0 0 0 0 0 0 0 0 0 0 0 0 0 0 0 1 0 0 0 0 0 0 0 0
 0 0 0 0 0 0 0 0 0 0 0 0 0 0 0 0 1 1 1 0 0 0 0 0 0 0 0 0 0 0 0 0 0 0 0 0 0 0 0 0 0 0 0 0 0 0
 0 0 0 0 0 0 0 0 0 0 0 0 0 0 0 0 1 1 1 0 0 0 0 0 0 0 0 0 0 0 0 0 0 0 0 0 0 0 0 0 0 0 0 0 0 0
 0 0 0 0 0 0 1 1 0 0 0 0 0 0 0 0 0 0 0 0 0 0 0 0 0 0 0 0 0 0 0 0 0 0 0 0 0 0 0 0 0 0 0 0 0 0
 0 0 0 0 0 0 0 0 0 0 0 0 0 0 0 0 0 0 0 0 0 0 0 0 0 0 0 0 0 0 0 0 0 0 0 0 0 0 0 0 0 0 0 0 0 0
 0 0 0 0 0 0 0 0 0 0 0 0 0 0 0 0 0 0 0 0 0 0 0 0 0 0 0 0 0 0 0 0 0 0 0 0 0 0 0 0 0 0 0 0 0 0
 0 0 0 0 0 0 0 0 0 0 0 0 0 6 0 0 0 0 0 0 0 0 0 0 0 0 0 0 0 0 0 0 0 0 0 0 0 0 0 0 0 0 0 0 0 0
 0 0 0 0 0 0 0 0 0 0 0 0 0 6 0 0 0 0 0 0 0 0 0 0 0 0 0 0 0 0 0 0 0 0 0 0 0 0 0 0 0 0 0 0 0 0
 0 0 0 0 0 0 0 0 0 0 0 0 0 0 0 0 0 0 0 0 0 0 0 0 0 0 0 0 0 0 0 0 0 0 0 0 0 0 0 0 0 0 1 0 0 0
 0 0 0 0 0 0 8 8 9 9 1 1 1 0 0 0 0 0 0 0 0 0 0 0 0 0 0 0 0 0 0 0 0 0 0 0 0 0 0 0 1 1 3 1 1 0
 0 0 0 0 0 0 8 8 9 9 1 1 1 0 0 0 0 0 0 0 0 0 0 0 0 0 0 0 0 0 0 0 0 0 0 0 0 0 0 0 1 1 3 1 1 0
 0 0 0 0 0 0 8 8 1 1 1 1 1 0 0 0 0 0 0 0 0 0 0 0 0 0 0 0 0 0 0 0 0 0 0 0 0 0 0 0 0 0 1 0 0 0
 0 0 0 0 0 0 1 1 1 1 1 1 1 0 0 0 0 0 0 0 0 0 0 0 0 0 0 0 0 0 0 0 0 0 0 0 0 0 1 1 0 0 0 0 0 0
 0 0 0 0 0 0 1 1 1 1 1 1 1 0 0 0 0 0 0 0 0 0 0 0 0 0 0 0 0 0 0 0 0 0 0 0 0 0 1 1 0 0 0 0 0 0
 0 0 0 0 0 1 1 1 1 1 0 0 0 0 0 0 0 0 0 0 0 0 0 0 0 0 0 0 0 0 0 0 0 0 0 0 0 0 4 4 5 5 0 0 0 0
 0 0 0 0 0 1 1 1 1 1 0 0 0 0 0 0 0 0 0 0 0 0 0 0 0 0 0 0 0 0 0 0 0 0 0 0 0 0 4 4 5 5 0 0 0 0
 0 0 0 0 0 0 10 10 0 0 0 0 0 0 0 0 0 0 0 0 0 0 0 0 0 0 0 0 0 0 0 0 2 2 2 4 4 1 8 8 3 3 0 0 0 0
 2 2 1 0 0 0 0 0 10 10 1 0 0 0 0 0 0 0 0 0 0 0 0 0 0 0 0 0 0 0 0 0 4 4 2 4 4 1 5 5 3 3 0 0 0 0
 2 2 1 0 0 0 0 0 10 10 1 0 0 0 0 0 0 0 0 0 0 0 0 0 0 0 0 0 0 0 0 0 4 4 2 4 4 1 5 5 3 3 0 0 0 0
 1 1 0 1 1 0 0 0 0 0 0 0 0 0 0 0 0 0 0 0 0 0 0 0 0 0 0 0 0 0 0 0 4 4 4 4 4 2 1 1 0 0 0 0 0 0
 0 0 2 0 0 0 0 0 0 0 0 0 0 0 0 0 0 0 0 0 0 0 0 0 1 1 1 0 0 0 0 0 0 0 0 0 0 1 1 1 0 0 0 0 0 0
 0 0 2 0 0 0 0 0 0 0 0 0 0 0 0 0 0 0 0 0 0 0 0 0 1 1 1 0 0 0 0 0 0 0 0 0 0 1 1 1 0 0 0 0 0 0
 0 0 0 0 0 0 0 0 0 0 0 0 0 0 0 0 0 0 0 0 0 5 14 14 7 7 7 3 3 1 0 0 0 0 0 0 0 0 0 0 0 0 0 0 0 0
 0 0 0 0 0 0 0 0 0 0 0 0 0 0 0 0 0 0 0 0 0 5 14 14 7 7 7 3 3 1 0 0 0 0 0 0 0 0 0 0 0 0 0 0 0 0
 0 0 0 0 0 0 0 0 0 0 0 0 0 1 0 0 0 0 1 2 2 5 15 15 15 15 9 11 11 4 0 0 0 0 0 0 0 0 0 0 0 0 0 0 0 0
 0 0 0 1 1 1 1 1 1 1 0 0 0 0 0 0 1 1 3 6 6 9 15 15 14 14 13 6 6 3 2 2 0 0 0 1 1 0 0 0 0 0 0 0 0 0
 0 0 0 1 1 1 1 1 1 1 0 0 0 0 0 0 1 1 3 6 6 9 15 15 14 14 13 6 6 3 2 2 0 0 0 1 1 0 0 0 0 0 0 0 0 0
 0 0 0 1 1 1 1 1 1 1 0 2 2 0 1 1 2 2 4 2 2 6 8 8 13 13 13 5 5 5 1 1 0 0 0 0 0 0 0 0 0 0 0 1 1 2
 0 0 0 1 1 1 2 2 2 2 1 4 4 1 0 0 0 0 1 1 1 4 4 4 6 6 9 9 9 4 1 1 0 0 0 0 0 0 0 0 0 0 1 1 1 1
 0 0 0 1 1 1 2 2 2 2 1 4 4 1 0 0 0 0 1 1 1 4 4 4 6 6 9 9 9 4 1 1 0 0 0 0 0 0 0 0 0 0 1 1 1 1
 0 0 1 2 2 2 4 4 3 3 1 5 5 1 0 0 0 0 0 0 0 1 3 3 3 3 3 1 1 1 0 0 1 1 1 1 1 1 1 1 1 1 1 1 1 1
 0 0 1 2 2 2 4 4 3 3 1 5 5 1 0 0 0 0 0 0 0 1 3 3 3 3 3 1 1 1 0 0 1 1 1 1 1 1 1 1 1 1 1 1 1 1
 0 0 1 2 2 2 3 3 2 2 1 1 1 2 0 0 1 1 0 0 0 0 0 0 0 0 0 0 0 1 2 2 3 3 2 2 2 2 4 4 3 3 2 1 1 1
 0 0 1 1 1 1 1 1 1 1 1 0 0 2 2 2 3 3 3 0 0 0 0 0 0 0 0 0 0 3 9 9 8 8 6 5 5 5 4 4 2 2 1 1 1 1
 0 0 1 1 1 1 1 1 1 1 1 0 0 2 2 2 3 3 3 0 0 0 0 0 0 0 0 0 0 3 9 9 8 8 6 5 5 5 4 4 2 2 1 1 1 1
 0 0 1 1 1 2 1 1 0 0 0 0 0 0 0 0 11 11 0 0 0 0 0 0 0 0 0 0 0 5 18 18 14 14 9 9 9 7 4 4 3 3 2 2 2 3
 1 1 1 0 0 1 1 1 0 0 0 0 0 0 0 0 11 11 0 0 0 6 2 2 3 3 2 2 2 5 14 14 13 13 9 7 7 5 4 4 4 4 5 6 6 5
 1 1 1 0 0 1 1 1 0 0 0 0 0 0 0 0 11 11 0 0 0 6 2 2 3 3 2 2 2 5 14 14 13 13 9 7 7 5 4 4 4 4 5 6 6 5
 1 1 1 1 1 0 1 1 0 0 0 0 0 1 1 1 1 1 1 0 0 6 1 1 5 5 2 2 2 5 12 12 16 16 12 9 9 6 5 5 6 6 6 7 7 5
 1 1 1 1 1 0 1 1 0 0 0 0 0 1 1 1 1 1 1 0 0 6 1 1 5 5 2 2 2 5 12 12 16 16 12 9 9 6 5 5 6 6 6 7 7 5
 2 2 2 1 1 1 1 1 1 1 1 2 2 5 5 5 3 3 1 11 11 11 2 2 5 5 5 5 5 8 15 15 19 19 19 13 13 10 6 6 5 5 8 9 9 14
 4 4 4 3 3 4 2 2 1 1 1 2 2 6 21 21 2 2 1 0 0 11 2 2 1 1 5 9 9 16 21 21 23 23 23 18 18 11 6 6 5 5 8 9 9 16
 4 4 4 3 3 4 2 2 1 1 1 2 2 6 21 21 2 2 1 0 0 11 2 2 1 1 5 9 9 16 21 21 23 23 23 18 18 11 6 6 5 5 8 9 9 16
 4 4 5 4 4 4 2 2 3 3 1 24 24 3 19 19 1 1 1 1 1 0 1 1 1 1 11 9 9 18 19 19 22 22 25 19 19 12 7 7 6 6 5 9 9 16
 6 6 5 7 7 6 3 3 3 3 2 25 25 25 24 24 1 1 1 1 1 1 0 0 1 1 4 8 8 14 15 15 13 13 13 11 11 7 5 5 7 7 5 20 20 28
 6 6 5 7 7 6 3 3 3 3 2 25 25 25 24 24 1 1 1 1 1 1 0 0 1 1 4 8 8 14 15 15 13 13 13 11 11 7 5 5 7 7 5 20 20 28
 5 5 6 7 7 6 3 3 3 3 2 4 4 2 1 1 1 1 1 0 0 1 1 1 1 1 3 2 2 6 11 11 9 9 9 8 8 10 5 5 6 6 4 15 15 11
 5 5 6 7 7 6 3 3 3 3 2 4 4 2 1 1 1 1 1 0 0 1 1 1 1 1 3 2 2 6 11 11 9 9 9 8 8 10 5 5 6 6 4 15 15 11
 4 4 9 5 5 5 3 3 4 4 3 4 4 1 2 2 1 1 1 1 1 1 1 1 1 1 1 1 1 2 6 6 10 10 10 16 16 11 8 8 15 15 13 13 13 8
 5 5 11 7 7 4 4 4 5 5 5 3 3 4 2 2 1 1 2 2 2 3 3 3 2 2 3 2 2 2 4 4 12 12 12 16 16 7 5 5 12 12 6 7 7 5
 5 5 11 7 7 4 4 4 5 5 5 3 3 4 2 2 1 1 2 2 2 3 3 3 2 2 3 2 2 2 4 4 12 12 12 16 16 7 5 5 12 12 6 7 7 5
 3 3 6 8 8 5 4 4 3 3 4 18 18 17 18 18 3 3 5 7 7 8 7 7 9 9 9 9 9 7 9 9 16 16 19 12 12 11 8 8 7 7 7 7 7 5
 3 3 3 4 4 6 5 5 3 3 4 17 17 17 20 20 13 13 14 15 15 22 19 19 20 20 10 7 7 2 10 10 23 23 24 12 12 4 7 7 11 11 7 4 4 5
 3 3 3 4 4 6 5 5 3 3 4 17 17 17 20 20 13 13 14 15 15 22 19 19 20 20 10 7 7 2 10 10 23 23 24 12 12 4 7 7 11 11 7 4 4 5
 5 5 3 9 9 9 4 4 5 5 6 5 5 5 7 7 11 11 14 17 17 40 28 28 20 20 7 6 6 2 9 9 9 9 12 9 9 7 18 18 17 17 17 4 4 5
 5 5 3 9 9 9 4 4 5 5 6 5 5 5 7 7 11 11 14 17 17 40 28 28 20 20 7 6 6 2 9 9 9 9 12 9 9 7 18 18 17 17 17 4 4 5
 4 4 2 8 8 8 5 5 4 4 11 8 8 11 8 8 12 12 23 25 25 29 15 15 10 10 10 9 9 3 8 8 3 3 5 5 5 7 14 14 15 15 15 13 13 4
 3 3 2 2 2 3 4 4 8 8 11 13 13 12 12 12 14 14 18 18 18 13 8 8 15 15 3 3 3 3 4 4 9 9 5 10 10 12 17 17 17 17 14 10 10 3
 3 3 2 2 2 3 4 4 8 8 11 13 13 12 12 12 14 14 18 18 18 13 8 8 15 15 3 3 3 3 4 4 9 9 5 10 10 12 17 17 17 17 14 10 10 3
 1 1 4 6 6 8 14 14 18 18 16 14 14 16 17 17 14 14 17 13 13 7 6 6 1 1 7 4 4 3 3 3 1 1 1 13 13 36 21 21 19 19 14 14 14 4
 3 3 6 10 10 12 20 20 20 20 19 19 19 15 14 14 14 14 10 8 8 6 3 3 2 2 1 1 1 2 3 3 1 1 1 24 24 32 24 24 19 19 18 11 11 5
 3 3 6 10 10 12 20 20 20 20 19 19 19 15 14 14 14 14 10 8 8 6 3 3 2 2 1 1 1 2 3 3 1 1 1 24 24 32 24 24 19 19 18 11 11 5
 6 6 9 15 15 15 24 24 25 25 25 20 20 18 15 15 13 13 11 7 7 4 1 1 1 1 0 1 1 0 3 3 4 4 7 18 18 26 19 19 27 27 27 9 9 5
 6 6 9 15 15 15 24 24 25 25 25 20 20 18 15 15 13 13 11 7 7 4 1 1 1 1 0 1 1 0 3 3 4 4 7 18 18 26 19 19 27 27 27 9 9 5
 8 8 13 20 20 17 21 21 26 26 24 26 26 18 17 17 10 10 6 7 7 4 2 2 3 3 1 0 0 0 6 6 6 6 16 17 17 9 11 11 13 13 8 4 4 2
 8 8 11 14 14 17 18 18 18 18 20 17 17 14 10 10 7 7 5 5 5 2 2 2 1 1 1 8 8 8 8 8 16 16 15 14 14 9 26 26 6 6 5 6 6 2
 8 8 11 14 14 17 18 18 18 18 20 17 17 14 10 10 7 7 5 5 5 2 2 2 1 1 1 8 8 8 8 8 16 16 15 14 14 9 26 26 6 6 5 6 6 2
 10 10 14 15 15 17 17 17 20 20 17 12 12 10 8 8 8 8 4 6 6 1 1 1 7 7 8 14 14 14 7 7 13 13 16 13 13 33 26 26 25 25 5 3 3 4
 10 10 13 14 14 11 12 12 14 14 15 10 10 7 5 5 4 4 1 1 1 1 8 8 8 8 8 11 11 19 18 18 20 20 13 10 10 15 14 14 14 14 6 6 6 6
