assets/RAT_results/precipitation/2018-06-05_IMERG.asc
ncols        46
nrows        77
xllcorner    74.800261325624
yllcorner    8.058333333333
cellsize     0.062500000000
NODATA_value -9999
 8 8 5 1 1 6 7 7 9 9 12 6 6 4 2 2 1 1 0 1 1 1 2 2 4 4 3 3 3 6 3 3 3 3 4 0 0 0 1 1 2 2 2 3 3 2
 7 7 8 1 1 1 3 3 5 5 4 3 3 3 2 2 2 2 4 3 3 1 1 1 1 1 2 2 2 2 18 18 1 1 3 1 1 1 1 1 3 3 3 2 2 9
 7 7 8 1 1 1 3 3 5 5 4 3 3 3 2 2 2 2 4 3 3 1 1 1 1 1 2 2 2 2 18 18 1 1 3 1 1 1 1 1 3 3 3 2 2 9
 10 10 7 3 3 1 3 3 2 2 1 1 1 1 1 1 2 2 2 3 3 2 2 2 2 2 2 1 1 2 2 2 1 1 1 1 1 3 2 2 5 5 2 2 2 0
 6 6 7 4 4 2 2 2 3 3 2 1 1 0 1 1 1 1 2 4 4 3 3 3 3 3 3 3 3 2 2 2 2 2 2 2 2 2 5 5 6 6 3 1 1 0
 6 6 7 4 4 2 2 2 3 3 2 1 1 0 1 1 1 1 2 4 4 3 3 3 3 3 3 3 3 2 2 2 2 2 2 2 2 2 5 5 6 6 3 1 1 0
 7 7 4 4 4 5 4 4 8 8 13 5 5 2 1 1 2 2 3 3 3 2 3 3 7 7 7 12 12 3 4 4 3 3 3 3 3 6 5 5 3 3 2 2 2 0
 7 7 4 4 4 5 4 4 8 8 13 5 5 2 1 1 2 2 3 3 3 2 3 3 7 7 7 12 12 3 4 4 3 3 3 3 3 6 5 5 3 3 2 2 2 0
 5 5 6 15 15 6 3 3 4 4 7 6 6 5 1 1 1 1 2 2 2 2 2 2 6 6 7 18 18 3 2 2 2 2 2 3 3 5 4 4 1 1 2 1 1 0
 7 7 8 12 12 7 7 7 7 7 8 12 12 9 3 3 3 3 1 1 1 2 2 2 2 2 1 2 2 2 1 1 1 1 2 1 1 3 6 6 4 4 3 0 0 0
 7 7 8 12 12 7 7 7 7 7 8 12 12 9 3 3 3 3 1 1 1 2 2 2 2 2 1 2 2 2 1 1 1 1 2 1 1 3 6 6 4 4 3 0 0 0
 2 2 2 7 7 9 8 8 5 5 7 6 6 11 10 10 5 5 1 1 1 0 1 1 2 2 2 1 1 9 1 1 0 0 0 1 1 2 2 2 2 2 6 1 1 2
 1 1 6 8 8 20 9 9 8 8 7 5 5 7 5 5 2 2 2 1 1 0 0 0 1 1 1 1 1 1 1 1 0 0 0 3 3 1 3 3 2 2 6 2 2 3
 1 1 6 8 8 20 9 9 8 8 7 5 5 7 5 5 2 2 2 1 1 0 0 0 1 1 1 1 1 1 1 1 0 0 0 3 3 1 3 3 2 2 6 2 2 3
 1 1 5 8 8 14 14 14 17 17 10 10 10 2 2 2 1 1 1 1 1 1 1 1 1 1 1 1 1 1 1 1 1 1 1 1 1 1 2 2 2 2 2 7 7 9
 1 1 5 8 8 14 14 14 17 17 10 10 10 2 2 2 1 1 1 1 1 1 1 1 1 1 1 1 1 1 1 1 1 1 1 1 1 1 2 2 2 2 2 7 7 9
 5 5 5 7 7 15 17 17 25 25 16 6 6 4 2 2 3 3 1 1 1 1 1 1 1 1 1 1 1 1 1 1 1 1 1 1 1 2 5 5 3 3 11 16 16 15
 3 3 7 6 6 5 12 12 18 18 18 5 5 5 3 3 3 3 1 1 1 0 1 1 1 1 1 1 1 1 1 1 1 1 1 2 2 2 4 4 7 7 10 11 11 28
 3 3 7 6 6 5 12 12 18 18 18 5 5 5 3 3 3 3 1 1 1 0 1 1 1 1 1 1 1 1 1 1 1 1 1 2 2 2 4 4 7 7 10 11 11 28
 4 4 3 3 3 4 8 8 18 18 16 25 25 7 3 3 1 1 1 1 1 1 1 1 1 1 1 0 0 1 1 1 1 1 1 1 1 1 4 4 5 5 6 16 16 39
 4 4 3 4 4 5 6 6 18 18 22 23 23 12 5 5 1 1 0 0 0 1 1 1 1 1 1 0 0 0 0 0 0 0 0 0 0 0 2 2 7 7 3 9 9 6
 4 4 3 4 4 5 6 6 18 18 22 23 23 12 5 5 1 1 0 0 0 1 1 1 1 1 1 0 0 0 0 0 0 0 0 0 0 0 2 2 7 7 3 9 9 6
 3 3 4 3 3 11 6 6 9 9 13 17 17 23 5 5 1 1 1 1 1 1 1 1 2 2 1 0 0 0 0 0 0 0 0 0 0 0 0 0 0 0 0 8 8 2
 3 3 4 3 3 11 6 6 9 9 13 17 17 23 5 5 1 1 1 1 1 1 1 1 2 2 1 0 0 0 0 0 0 0 0 0 0 0 0 0 0 0 0 8 8 2
 1 1 3 3 3 4 6 6 5 5 10 31 31 62 10 10 2 2 3 8 8 2 1 1 0 0 0 0 0 0 0 0 0 0 0 0 0 0 0 0 0 0 0 0 0 0
 1 1 1 1 1 1 4 4 4 4 5 41 41 24 19 19 6 6 10 6 6 2 1 1 1 1 0 0 0 1 0 0 0 0 0 0 0 0 0 0 0 0 0 0 0 0
 1 1 1 1 1 1 4 4 4 4 5 41 41 24 19 19 6 6 10 6 6 2 1 1 1 1 0 0 0 1 0 0 0 0 0 0 0 0 0 0 0 0 0 0 0 0
 1 1 1 1 1 1 3 3 3 3 1 2 2 10 13 13 6 6 9 6 6 4 7 7 5 5 1 0 0 0 0 0 0 0 0 0 0 0 0 0 0 0 0 0 0 0
 1 1 1 1 1 1 1 1 3 3 1 2 2 4 6 6 8 8 5 11 11 6 3 3 4 4 2 2 2 1 1 1 0 0 0 0 0 0 0 0 0 0 0 0 0 0
 1 1 1 1 1 1 1 1 3 3 1 2 2 4 6 6 8 8 5 11 11 6 3 3 4 4 2 2 2 1 1 1 0 0 0 0 0 0 0 0 0 0 0 0 0 0
 1 1 0 1 1 1 1 1 1 1 2 0 0 5 7 7 11 11 8 7 7 8 2 2 4 4 1 1 1 1 1 1 1 1 0 0 0 0 0 0 0 0 0 0 0 0
 1 1 0 1 1 1 1 1 1 1 2 0 0 5 7 7 11 11 8 7 7 8 2 2 4 4 1 1 1 1 1 1 1 1 0 0 0 0 0 0 0 0 0 0 0 0
 1 1 1 1 1 1 1 1 0 0 1 1 1 1 2 2 7 7 6 8 8 3 8 8 3 3 22 1 1 0 0 0 0 0 0 0 0 0 0 0 0 0 0 0 0 0
 2 2 2 2 2 1 2 2 1 1 0 0 0 1 2 2 2 2 5 5 5 4 5 5 2 2 0 0 0 0 0 0 0 0 0 0 0 0 0 0 0 0 0 0 0 0
 2 2 2 2 2 1 2 2 1 1 0 0 0 1 2 2 2 2 5 5 5 4 5 5 2 2 0 0 0 0 0 0 0 0 0 0 0 0 0 0 0 0 0 0 0 0
 4 4 4 4 4 4 2 2 1 1 1 1 1 0 2 2 2 2 10 5 5 2 3 3 1 1 1 0 0 0 0 0 0 0 0 0 0 0 0 0 0 0 0 0 0 0
 6 6 5 5 5 5 2 2 2 2 1 1 1 1 1 1 5 5 6 5 5 1 1 1 2 2 1 1 1 1 0 0 0 0 0 0 0 0 0 0 0 0 0 0 0 0
 6 6 5 5 5 5 2 2 2 2 1 1 1 1 1 1 5 5 6 5 5 1 1 1 2 2 1 1 1 1 0 0 0 0 0 0 0 0 0 0 0 0 0 0 0 0
 7 7 7 9 9 5 4 4 3 3 2 3 3 3 1 1 4 4 24 10 10 10 2 2 2 2 1 1 1 1 1 1 1 1 1 1 1 1 0 0 0 0 0 1 1 1
 7 7 7 9 9 5 4 4 3 3 2 3 3 3 1 1 4 4 24 10 10 10 2 2 2 2 1 1 1 1 1 1 1 1 1 1 1 1 0 0 0 0 0 1 1 1
 5 5 5 8 8 5 6 6 4 4 3 4 4 3 5 5 11 11 29 17 17 14 7 7 8 8 4 1 1 15 1 1 1 1 1 1 1 1 1 1 1 1 1 1 1 1
 1 1 1 1 1 4 5 5 3 3 3 4 4 5 6 6 5 5 64 23 23 26 13 13 16 16 7 6 6 7 7 7 2 2 2 2 2 1 1 1 1 1 2 3 3 2
 1 1 1 1 1 4 5 5 3 3 3 4 4 5 6 6 5 5 64 23 23 26 13 13 16 16 7 6 6 7 7 7 2 2 2 2 2 1 1 1 1 1 2 3 3 2
 1 1 1 1 1 3 3 3 4 4 7 12 12 39 7 7 9 9 37 21 21 42 21 21 13 13 5 7 7 7 8 8 6 6 2 4 4 3 2 2 1 1 1 2 2 2
 7 7 1 3 3 2 3 3 4 4 7 17 17 7 16 16 32 32 23 13 13 37 36 36 10 10 5 7 7 8 9 9 7 7 4 4 4 2 1 1 1 1 1 1 1 1
 7 7 1 3 3 2 3 3 4 4 7 17 17 7 16 16 32 32 23 13 13 37 36 36 10 10 5 7 7 8 9 9 7 7 4 4 4 2 1 1 1 1 1 1 1 1
 2 2 3 1 1 3 11 11 35 35 8 7 7 17 14 14 15 15 15 12 12 26 12 12 12 12 5 5 5 7 9 9 5 5 6 6 6 5 0 0 0 0 1 1 1 1
 2 2 3 1 1 3 11 11 35 35 8 7 7 17 14 14 15 15 15 12 12 26 12 12 12 12 5 5 5 7 9 9 5 5 6 6 6 5 0 0 0 0 1 1 1 1
 4 4 1 2 2 4 1 1 2 2 20 2 2 10 6 6 18 18 8 9 9 19 13 13 13 13 6 6 6 6 8 8 6 6 7 6 6 2 0 0 0 0 0 0 0 0
 2 2 1 2 2 2 2 2 2 2 2 8 8 1 8 8 9 9 9 7 7 6 5 5 27 27 6 4 4 6 6 6 7 7 6 6 6 2 0 0 0 0 0 0 0 0
 2 2 1 2 2 2 2 2 2 2 2 8 8 1 8 8 9 9 9 7 7 6 5 5 27 27 6 4 4 6 6 6 7 7 6 6 6 2 0 0 0 0 0 0 0 0
 1 1 3 1 1 1 4 4 1 1 1 2 2 3 3 3 7 7 6 4 4 8 5 5 12 12 8 6 6 6 7 7 7 7 4 3 3 1 1 1 1 1 1 0 0 1
 0 0 0 2 2 2 1 1 2 2 2 2 2 3 6 6 5 5 4 7 7 4 5 5 12 12 9 7 7 5 5 5 4 4 3 3 3 1 1 1 1 1 1 0 0 1
 0 0 0 2 2 2 1 1 2 2 2 2 2 3 6 6 5 5 4 7 7 4 5 5 12 12 9 7 7 5 5 5 4 4 3 3 3 1 1 1 1 1 1 0 0 1
 0 0 1 1 1 1 1 1 2 2 2 3 3 6 3 3 6 6 5 6 6 10 10 10 13 13 9 6 6 4 5 5 4 4 3 1 1 1 1 1 2 2 2 0 0 1
 0 0 1 1 1 1 1 1 2 2 2 3 3 6 3 3 6 6 5 6 6 10 10 10 13 13 9 6 6 4 5 5 4 4 3 1 1 1 1 1 2 2 2 0 0 1
 1 1 1 2 2 1 4 4 2 2 1 1 1 2 3 3 3 3 4 8 8 10 7 7 12 12 7 5 5 3 4 4 5 5 3 0 0 1 1 1 1 1 2 1 1 1
 4 4 1 2 2 1 1 1 2 2 1 1 1 1 2 2 3 3 13 5 5 5 6 6 7 7 8 9 9 3 2 2 2 2 3 1 1 1 1 1 1 1 1 0 0 1
 4 4 1 2 2 1 1 1 2 2 1 1 1 1 2 2 3 3 13 5 5 5 6 6 7 7 8 9 9 3 2 2 2 2 3 1 1 1 1 1 1 1 1 0 0 1
 4 4 2 3 3 1 1 1 1 1 1 2 2 4 3 3 4 4 9 15 15 5 5 5 6 6 11 11 11 3 2 2 2 2 2 1 1 1 0 0 1 1 1 0 0 0
 1 1 1 1 1 1 2 2 2 2 1 2 2 4 7 7 8 8 9 8 8 9 7 7 7 7 11 16 16 9 4 4 5 5 2 2 2 2 1 1 1 1 1 0 0 0
 1 1 1 1 1 1 2 2 2 2 1 2 2 4 7 7 8 8 9 8 8 9 7 7 7 7 11 16 16 9 4 4 5 5 2 2 2 2 1 1 1 1 1 0 0 0
 1 1 1 1 1 2 4 4 4 4 3 5 5 7 5 5 7 7 5 5 5 6 7 7 10 10 16 16 16 12 12 12 7 7 5 4 4 2 2 2 3 3 1 1 1 0
 1 1 1 1 1 2 4 4 4 4 3 5 5 7 5 5 7 7 5 5 5 6 7 7 10 10 16 16 16 12 12 12 7 7 5 4 4 2 2 2 3 3 1 1 1 0
 1 1 1 1 1 1 5 5 8 8 10 13 13 13 5 5 7 7 5 6 6 8 12 12 7 7 11 11 11 18 16 16 18 18 8 8 8 8 4 4 2 2 2 0 0 0
 3 3 3 2 2 2 8 8 5 5 6 7 7 7 10 10 7 7 6 7 7 8 10 10 7 7 9 16 16 28 23 23 13 13 24 9 9 12 8 8 4 4 2 1 1 0
 3 3 3 2 2 2 8 8 5 5 6 7 7 7 10 10 7 7 6 7 7 8 10 10 7 7 9 16 16 28 23 23 13 13 24 9 9 12 8 8 4 4 2 1 1 0
 6 6 5 4 4 5 6 6 5 5 7 8 8 8 6 6 8 8 7 7 7 9 11 11 11 11 8 17 17 24 37 37 30 30 22 36 36 8 8 8 5 5 2 1 1 1
 7 7 5 4 4 5 5 5 10 10 9 7 7 7 6 6 8 8 9 7 7 9 5 5 6 6 8 10 10 29 32 32 46 46 51 14 14 10 5 5 4 4 4 2 2 1
 7 7 5 4 4 5 5 5 10 10 9 7 7 7 6 6 8 8 9 7 7 9 5 5 6 6 8 10 10 29 32 32 46 46 51 14 14 10 5 5 4 4 4 2 2 1
 3 3 4 3 3 6 5 5 4 4 5 10 10 9 5 5 7 7 8 8 8 9 8 8 9 9 8 12 12 11 18 18 29 29 41 16 16 10 7 7 3 3 3 2 2 2
 3 3 4 3 3 6 5 5 4 4 5 10 10 9 5 5 7 7 8 8 8 9 8 8 9 9 8 12 12 11 18 18 29 29 41 16 16 10 7 7 3 3 3 2 2 2
 2 2 2 2 2 2 3 3 3 3 3 7 7 7 8 8 8 8 10 8 8 10 7 7 11 11 7 13 13 14 14 14 21 21 30 18 18 5 4 4 4 4 2 2 2 2
 2 2 3 3 3 2 3 3 3 3 4 7 7 7 9 9 9 9 10 12 12 12 7 7 7 7 6 6 6 5 7 7 13 13 17 14 14 9 4 4 3 3 2 3 3 2
 2 2 3 3 3 2 3 3 3 3 4 7 7 7 9 9 9 9 10 12 12 12 7 7 7 7 6 6 6 5 7 7 13 13 17 14 14 9 4 4 3 3 2 3 3 2
 3 3 3 3 3 3 4 4 4 4 6 8 8 9 9 9 12 12 13 10 10 11 15 15 6 6 5 5 5 9 8 8 6 6 6 9 9 7 8 8 5 5 3 2 2 5
 3 3 3 3 3 3 4 4 5 5 6 7 7 8 10 10 13 13 15 10 10 11 7 7 5 5 4 3 3 3 3 3 2 2 3 5 5 6 5 5 3 3 3 1 1 0
