assets/RAT_results/precipitation/2018-06-01_IMERG.asc
ncols        46
nrows        77
xllcorner    74.800261325624
yllcorner    8.058333333333
cellsize     0.062500000000
NODATA_value -9999
 0 0 1 1 1 1 3 3 8 8 8 20 20 8 4 4 5 5 4 11 11 8 21 21 21 21 35 40 40 33 23 23 32 32 17 18 18 17 12 12 14 14 35 27 27 20
 0 0 1 0 0 0 1 1 5 5 3 9 9 5 6 6 5 5 5 10 10 8 11 11 14 14 36 52 52 45 19 19 23 23 18 17 17 13 8 8 15 15 21 12 12 21
 0 0 1 0 0 0 1 1 5 5 3 9 9 5 6 6 5 5 5 10 10 8 11 11 14 14 36 52 52 45 19 19 23 23 18 17 17 13 8 8 15 15 21 12 12 21
 0 0 0 0 0 0 1 1 1 1 4 4 4 3 9 9 10 10 6 5 5 10 10 10 17 17 34 29 29 26 20 20 21 21 19 11 11 9 8 8 12 12 9 10 10 22
 0 0 0 1 1 0 0 0 0 0 0 2 2 3 2 2 6 6 12 4 4 6 8 8 9 9 19 27 27 27 10 10 10 10 10 16 16 8 5 5 6 6 6 3 3 7
 0 0 0 1 1 0 0 0 0 0 0 2 2 3 2 2 6 6 12 4 4 6 8 8 9 9 19 27 27 27 10 10 10 10 10 16 16 8 5 5 6 6 6 3 3 7
 0 0 0 1 1 1 0 0 1 1 3 2 2 2 9 9 3 3 4 7 7 3 6 6 10 10 12 11 11 8 10 10 7 7 6 7 7 25 5 5 5 5 5 5 5 4
 0 0 0 1 1 1 0 0 1 1 3 2 2 2 9 9 3 3 4 7 7 3 6 6 10 10 12 11 11 8 10 10 7 7 6 7 7 25 5 5 5 5 5 5 5 4
 3 3 0 0 0 0 0 0 1 1 2 3 3 2 0 0 8 8 2 2 2 7 8 8 8 8 11 14 14 11 10 10 9 9 4 6 6 8 4 4 6 6 11 15 15 10
 1 1 0 0 0 0 1 1 0 0 0 0 0 1 0 0 0 0 0 2 2 1 3 3 2 2 11 8 8 9 7 7 4 4 10 8 8 9 28 28 28 28 31 14 14 28
 1 1 0 0 0 0 1 1 0 0 0 0 0 1 0 0 0 0 0 2 2 1 3 3 2 2 11 8 8 9 7 7 4 4 10 8 8 9 28 28 28 28 31 14 14 28
 1 1 0 0 0 1 0 0 0 0 1 1 1 0 1 1 0 0 0 0 0 0 0 0 1 1 5 11 11 14 6 6 7 7 8 6 6 18 28 28 33 33 36 33 33 29
 0 0 0 0 0 0 0 0 0 0 0 0 0 0 0 0 0 0 0 0 0 0 0 0 0 0 1 3 3 9 11 11 9 9 11 10 10 6 14 14 31 31 21 48 48 50
 0 0 0 0 0 0 0 0 0 0 0 0 0 0 0 0 0 0 0 0 0 0 0 0 0 0 1 3 3 9 11 11 9 9 11 10 10 6 14 14 31 31 21 48 48 50
 0 0 0 0 0 0 0 0 0 0 0 0 0 0 0 0 0 0 0 0 0 0 0 0 0 0 0 4 4 4 9 9 9 9 6 10 10 17 14 14 27 27 27 42 42 39
 0 0 0 0 0 0 0 0 0 0 0 0 0 0 0 0 0 0 0 0 0 0 0 0 0 0 0 4 4 4 9 9 9 9 6 10 10 17 14 14 27 27 27 42 42 39
 0 0 0 0 0 0 0 0 0 0 0 0 0 0 0 0 0 0 0 0 0 0 0 0 0 0 0 0 0 4 12 12 9 9 12 9 9 25 18 18 20 20 14 19 19 21
 0 0 0 0 0 0 0 0 0 0 0 0 0 0 0 0 1 1 0 0 0 0 0 0 0 0 1 0 0 1 1 1 3 3 3 6 6 7 8 8 19 19 22 10 10 7
 0 0 0 0 0 0 0 0 0 0 0 0 0 0 0 0 1 1 0 0 0 0 0 0 0 0 1 0 0 1 1 1 3 3 3 6 6 7 8 8 19 19 22 10 10 7
 0 0 0 0 0 1 0 0 0 0 0 0 0 0 0 0 0 0 0 0 0 0 0 0 0 0 0 0 0 1 1 1 3 3 4 8 8 7 11 11 1 1 5 16 16 7
 0 0 0 0 0 0 0 0 0 0 0 0 0 0 0 0 0 0 0 0 0 0 0 0 0 0 0 1 1 1 4 4 1 1 5 5 5 4 5 5 2 2 3 8 8 8
 0 0 0 0 0 0 0 0 0 0 0 0 0 0 0 0 0 0 0 0 0 0 0 0 0 0 0 1 1 1 4 4 1 1 5 5 5 4 5 5 2 2 3 8 8 8
 0 0 0 0 0 0 0 0 0 0 0 0 0 0 1 1 1 1 1 1 1 1 0 0 0 0 0 0 0 2 5 5 4 4 1 3 3 3 8 8 2 2 4 6 6 12
 0 0 0 0 0 0 0 0 0 0 0 0 0 0 1 1 1 1 1 1 1 1 0 0 0 0 0 0 0 2 5 5 4 4 1 3 3 3 8 8 2 2 4 6 6 12
 0 0 0 0 0 0 0 0 0 0 0 0 0 0 1 1 1 1 1 1 1 1 1 1 1 1 0 1 1 3 2 2 4 4 1 1 1 1 4 4 5 5 1 2 2 5
 0 0 0 0 0 0 0 0 1 1 0 0 0 0 1 1 1 1 1 1 1 1 1 1 1 1 1 0 0 1 1 1 0 0 0 0 0 0 0 0 0 0 0 2 2 7
 0 0 0 0 0 0 0 0 1 1 0 0 0 0 1 1 1 1 1 1 1 1 1 1 1 1 1 0 0 1 1 1 0 0 0 0 0 0 0 0 0 0 0 2 2 7
 0 0 0 0 0 0 0 0 0 0 0 0 0 0 0 0 1 1 1 1 1 1 1 1 1 1 1 2 2 1 0 0 0 0 0 0 0 0 0 0 0 0 1 4 4 7
 0 0 0 0 0 0 0 0 0 0 0 0 0 1 1 1 1 1 1 1 1 1 1 1 1 1 0 0 0 0 0 0 0 0 0 0 0 0 0 0 0 0 0 2 2 1
 0 0 0 0 0 0 0 0 0 0 0 0 0 1 1 1 1 1 1 1 1 1 1 1 1 1 0 0 0 0 0 0 0 0 0 0 0 0 0 0 0 0 0 2 2 1
 0 0 0 0 0 0 0 0 0 0 0 1 1 1 1 1 1 1 1 1 1 1 1 1 1 1 0 0 0 0 0 0 0 0 0 0 0 0 0 0 0 0 0 0 0 0
 0 0 0 0 0 0 0 0 0 0 0 1 1 1 1 1 1 1 1 1 1 1 1 1 1 1 0 0 0 0 0 0 0 0 0 0 0 0 0 0 0 0 0 0 0 0
 0 0 0 0 0 0 0 0 0 0 0 0 0 0 0 0 1 1 1 1 1 1 1 1 1 1 0 0 0 0 0 0 0 0 0 0 0 0 0 0 0 0 0 0 0 0
 0 0 0 0 0 0 0 0 0 0 0 0 0 0 0 0 0 0 1 1 1 1 0 0 0 0 0 0 0 0 0 0 0 0 0 0 0 0 0 0 0 0 0 0 0 0
 0 0 0 0 0 0 0 0 0 0 0 0 0 0 0 0 0 0 1 1 1 1 0 0 0 0 0 0 0 0 0 0 0 0 0 0 0 0 0 0 0 0 0 0 0 0
 0 0 0 0 0 0 0 0 0 0 0 0 0 0 0 0 0 0 1 1 1 0 0 0 0 0 0 1 1 0 0 0 0 0 0 0 0 0 0 0 0 0 0 0 0 0
 1 1 0 0 0 0 0 0 0 0 0 0 0 0 0 0 0 0 0 0 0 0 0 0 1 1 0 0 0 0 0 0 0 0 0 0 0 0 0 0 0 0 0 0 0 0
 1 1 0 0 0 0 0 0 0 0 0 0 0 0 0 0 0 0 0 0 0 0 0 0 1 1 0 0 0 0 0 0 0 0 0 0 0 0 0 0 0 0 0 0 0 0
 3 3 0 0 0 0 0 0 0 0 0 0 0 0 0 0 0 0 0 0 0 1 1 1 1 1 1 0 0 0 0 0 0 0 0 0 0 0 0 0 0 0 0 0 0 0
 3 3 0 0 0 0 0 0 0 0 0 0 0 0 0 0 0 0 0 0 0 1 1 1 1 1 1 0 0 0 0 0 0 0 0 0 0 0 0 0 0 0 0 0 0 0
 1 1 0 0 0 0 0 0 0 0 0 0 0 0 0 0 0 0 0 0 0 1 1 1 1 1 0 0 0 2 1 1 0 0 0 0 0 1 0 0 0 0 0 0 0 0
 0 0 0 0 0 0 0 0 0 0 0 0 0 0 0 0 0 0 0 0 0 1 1 1 1 1 1 0 0 0 0 0 0 0 0 0 0 2 1 1 0 0 0 0 0 0
 0 0 0 0 0 0 0 0 0 0 0 0 0 0 0 0 0 0 0 0 0 1 1 1 1 1 1 0 0 0 0 0 0 0 0 0 0 2 1 1 0 0 0 0 0 0
 1 1 1 0 0 0 0 0 0 0 0 0 0 0 0 0 0 0 0 0 0 1 1 1 1 1 0 0 0 1 1 1 0 0 0 1 1 1 1 1 0 0 0 0 0 0
 0 0 1 0 0 0 0 0 0 0 0 0 0 0 0 0 0 0 0 0 0 0 1 1 1 1 0 0 0 0 0 0 0 0 0 0 0 1 0 0 0 0 0 0 0 0
 0 0 1 0 0 0 0 0 0 0 0 0 0 0 0 0 0 0 0 0 0 0 1 1 1 1 0 0 0 0 0 0 0 0 0 0 0 1 0 0 0 0 0 0 0 0
 0 0 0 0 0 0 2 2 0 0 0 0 0 0 0 0 1 1 0 0 0 0 0 0 1 1 1 0 0 0 0 0 0 0 0 0 0 0 0 0 0 0 0 1 1 1
 0 0 0 0 0 0 2 2 0 0 0 0 0 0 0 0 1 1 0 0 0 0 0 0 1 1 1 0 0 0 0 0 0 0 0 0 0 0 0 0 0 0 0 1 1 1
 0 0 0 0 0 0 0 0 0 0 0 0 0 0 0 0 1 1 0 0 0 0 0 0 1 1 1 1 1 2 1 1 0 0 0 0 0 0 0 0 0 0 0 0 0 0
 0 0 0 0 0 0 0 0 0 0 0 0 0 0 0 0 0 0 0 0 0 0 0 0 1 1 1 1 1 1 0 0 0 0 0 0 0 0 0 0 0 0 0 0 0 0
 0 0 0 0 0 0 0 0 0 0 0 0 0 0 0 0 0 0 0 0 0 0 0 0 1 1 1 1 1 1 0 0 0 0 0 0 0 0 0 0 0 0 0 0 0 0
 1 1 0 0 0 0 1 1 1 1 0 0 0 0 0 0 0 0 0 0 0 0 0 0 1 1 1 3 3 3 0 0 0 0 0 0 0 0 0 0 0 0 0 0 0 0
 1 1 2 1 1 1 2 2 4 4 0 0 0 0 0 0 0 0 1 1 1 0 8 8 10 10 10 3 3 3 0 0 0 0 0 0 0 0 0 0 0 0 0 0 0 0
 1 1 2 1 1 1 2 2 4 4 0 0 0 0 0 0 0 0 1 1 1 0 8 8 10 10 10 3 3 3 0 0 0 0 0 0 0 0 0 0 0 0 0 0 0 0
 4 4 4 2 2 1 1 1 1 1 1 1 1 0 0 0 0 0 1 1 1 1 8 8 3 3 3 0 0 0 3 3 2 2 0 0 0 1 0 0 0 0 0 0 0 0
 4 4 4 2 2 1 1 1 1 1 1 1 1 0 0 0 0 0 1 1 1 1 8 8 3 3 3 0 0 0 3 3 2 2 0 0 0 1 0 0 0 0 0 0 0 0
 6 6 5 4 4 1 2 2 2 2 3 2 2 1 1 1 1 1 0 1 1 1 2 2 3 3 3 1 1 1 2 2 3 3 0 0 0 0 0 0 0 0 0 0 0 1
 7 7 7 5 5 3 3 3 2 2 3 2 2 1 1 1 1 1 1 1 1 1 1 1 1 1 3 1 1 2 2 2 8 8 2 4 4 0 0 0 0 0 0 0 0 0
 7 7 7 5 5 3 3 3 2 2 3 2 2 1 1 1 1 1 1 1 1 1 1 1 1 1 3 1 1 2 2 2 8 8 2 4 4 0 0 0 0 0 0 0 0 0
 16 16 6 5 5 2 3 3 4 4 4 1 1 2 5 5 7 7 3 5 5 5 1 1 3 3 4 4 4 3 5 5 18 18 9 5 5 1 0 0 0 0 0 0 0 0
 14 14 11 10 10 4 6 6 9 9 2 2 2 3 8 8 7 7 5 7 7 13 13 13 6 6 10 7 7 17 7 7 10 10 3 3 3 0 0 0 0 0 0 0 0 0
 14 14 11 10 10 4 6 6 9 9 2 2 2 3 8 8 7 7 5 7 7 13 13 13 6 6 10 7 7 17 7 7 10 10 3 3 3 0 0 0 0 0 0 0 0 0
 11 11 9 3 3 4 8 8 13 13 4 3 3 2 6 6 5 5 5 8 8 9 9 9 12 12 9 5 5 4 10 10 14 14 31 10 10 0 0 0 0 0 0 0 0 0
 11 11 9 3 3 4 8 8 13 13 4 3 3 2 6 6 5 5 5 8 8 9 9 9 12 12 9 5 5 4 10 10 14 14 31 10 10 0 0 0 0 0 0 0 0 0
 12 12 9 5 5 5 5 5 8 8 4 5 5 4 7 7 6 6 6 9 9 10 11 11 20 20 7 7 7 10 16 16 17 17 46 14 14 1 1 1 1 1 1 0 0 0
 5 5 5 8 8 9 8 8 10 10 8 7 7 7 8 8 8 8 7 8 8 10 21 21 27 27 19 20 20 17 13 13 13 13 30 18 18 5 4 4 4 4 3 2 2 2
 5 5 5 8 8 9 8 8 10 10 8 7 7 7 8 8 8 8 7 8 8 10 21 21 27 27 19 20 20 17 13 13 13 13 30 18 18 5 4 4 4 4 3 2 2 2
 8 8 16 17 17 10 10 10 16 16 7 9 9 11 12 12 13 13 12 8 8 10 10 10 33 33 28 25 25 20 40 40 33 33 24 49 49 22 6 6 4 4 4 3 3 3
 12 12 26 23 23 13 31 31 30 30 13 13 13 10 13 13 24 24 8 9 9 10 14 14 9 9 17 22 22 20 21 21 33 33 45 42 42 26 10 10 6 6 1 1 1 0
 12 12 26 23 23 13 31 31 30 30 13 13 13 10 13 13 24 24 8 9 9 10 14 14 9 9 17 22 22 20 21 21 33 33 45 42 42 26 10 10 6 6 1 1 1 0
 13 13 23 15 15 32 32 32 31 31 19 12 12 10 10 10 10 10 8 10 10 9 5 5 5 5 7 18 18 21 21 21 27 27 28 26 26 48 18 18 4 4 5 1 1 0
 13 13 23 15 15 32 32 32 31 31 19 12 12 10 10 10 10 10 8 10 10 9 5 5 5 5 7 18 18 21 21 21 27 27 28 26 26 48 18 18 4 4 5 1 1 0
 6 6 11 10 10 31 38 38 23 23 12 11 11 12 11 11 11 11 11 9 9 7 6 6 6 6 7 9 9 8 16 16 20 20 27 37 37 52 46 46 16 16 11 2 2 0
 4 4 5 10 10 28 17 17 12 12 12 11 11 12 12 12 13 13 13 12 12 5 14 14 5 5 10 5 5 6 25 25 15 15 36 22 22 46 46 46 40 40 20 5 5 0
 4 4 5 10 10 28 17 17 12 12 12 11 11 12 12 12 13 13 13 12 12 5 14 14 5 5 10 5 5 6 25 25 15 15 36 22 22 46 46 46 40 40 20 5 5 0
 3 3 5 14 14 19 13 13 9 9 13 16 16 14 11 11 9 9 6 11 11 3 3 3 6 6 8 10 10 8 34 34 46 46 47 19 19 31 29 29 31 31 25 3 3 0
 5 5 17 12 12 11 12 12 9 9 11 19 19 20 11 11 7 7 6 6 6 3 3 3 6 6 10 7 7 20 42 42 22 22 35 19 19 23 20 20 28 28 56 16 16 3
