assets/RAT_results/precipitation/2018-05-05_IMERG.asc
ncols        46
nrows        77
xllcorner    74.800261325624
yllcorner    8.058333333333
cellsize     0.062500000000
NODATA_value -9999
 0 0 0 0 0 0 0 0 0 0 2 5 5 0 0 0 0 0 0 0 0 0 0 0 0 0 0 0 0 0 0 0 0 0 0 0 0 0 0 0 0 0 0 0 0 0
 0 0 0 0 0 0 0 0 0 0 1 32 32 4 0 0 0 0 0 0 0 0 0 0 0 0 0 0 0 0 0 0 0 0 0 0 0 0 0 0 0 0 0 0 0 0
 0 0 0 0 0 0 0 0 0 0 1 32 32 4 0 0 0 0 0 0 0 0 0 0 0 0 0 0 0 0 0 0 0 0 0 0 0 0 0 0 0 0 0 0 0 0
 1 1 0 0 0 0 0 0 0 0 2 28 28 5 0 0 0 0 0 1 1 0 0 0 0 0 0 0 0 0 0 0 0 0 0 0 0 0 0 0 0 0 0 0 0 0
 1 1 1 0 0 3 1 1 1 1 1 28 28 1 0 0 0 0 0 1 1 1 0 0 0 0 0 0 0 0 0 0 0 0 0 0 0 0 0 0 0 0 0 0 0 0
 1 1 1 0 0 3 1 1 1 1 1 28 28 1 0 0 0 0 0 1 1 1 0 0 0 0 0 0 0 0 0 0 0 0 0 0 0 0 0 0 0 0 0 0 0 0
 1 1 1 3 3 3 1 1 1 1 0 0 0 0 0 0 0 0 0 0 0 0 0 0 0 0 0 0 0 0 0 0 0 0 0 0 0 0 0 0 0 0 0 0 0 0
 1 1 1 3 3 3 1 1 1 1 0 0 0 0 0 0 0 0 0 0 0 0 0 0 0 0 0 0 0 0 0 0 0 0 0 0 0 0 0 0 0 0 0 0 0 0
 0 0 0 0 0 8 1 1 1 1 1 1 1 0 0 0 0 0 0 1 1 0 0 0 0 0 0 0 0 0 0 0 0 0 0 0 0 0 0 0 0 0 0 0 0 0
 1 1 1 1 1 8 1 1 0 0 2 2 2 0 0 0 0 0 0 1 1 0 0 0 0 0 1 1 1 1 0 0 0 0 0 0 0 0 0 0 0 0 0 0 0 0
 1 1 1 1 1 8 1 1 0 0 2 2 2 0 0 0 0 0 0 1 1 0 0 0 0 0 1 1 1 1 0 0 0 0 0 0 0 0 0 0 0 0 0 0 0 0
 0 0 0 0 0 1 1 1 1 1 2 0 0 2 0 0 0 0 0 0 0 0 0 0 1 1 1 2 2 1 1 1 0 0 0 0 0 0 0 0 0 0 0 0 0 0
 0 0 1 1 1 5 5 5 0 0 1 0 0 0 0 0 0 0 0 0 0 0 1 1 1 1 2 3 3 2 1 1 1 1 0 0 0 0 0 0 0 0 0 0 0 0
 0 0 1 1 1 5 5 5 0 0 1 0 0 0 0 0 0 0 0 0 0 0 1 1 1 1 2 3 3 2 1 1 1 1 0 0 0 0 0 0 0 0 0 0 0 0
 1 1 1 1 1 1 5 5 1 1 0 0 0 0 0 0 0 0 0 0 0 1 2 2 2 2 3 4 4 3 2 2 1 1 1 1 1 1 0 0 0 0 0 0 0 0
 1 1 1 1 1 1 5 5 1 1 0 0 0 0 0 0 0 0 0 0 0 1 2 2 2 2 3 4 4 3 2 2 1 1 1 1 1 1 0 0 0 0 0 0 0 0
 1 1 1 1 1 1 1 1 2 2 1 1 1 1 1 1 1 1 1 1 1 1 2 2 2 2 3 4 4 3 2 2 1 1 1 2 2 1 1 1 1 1 0 0 0 0
 1 1 2 3 3 5 6 6 5 5 3 2 2 1 0 0 0 0 0 1 1 1 1 1 1 1 2 2 2 2 2 2 2 2 2 1 1 2 1 1 1 1 0 0 0 0
 1 1 2 3 3 5 6 6 5 5 3 2 2 1 0 0 0 0 0 1 1 1 1 1 1 1 2 2 2 2 2 2 2 2 2 1 1 2 1 1 1 1 0 0 0 0
 1 1 2 3 3 4 6 6 5 5 4 2 2 1 1 1 1 1 1 1 1 1 1 1 1 1 1 2 2 2 2 2 2 2 2 1 1 2 2 2 1 1 1 1 1 1
 2 2 2 3 3 3 3 3 4 4 3 3 3 3 3 3 2 2 1 2 2 2 2 2 1 1 1 2 2 2 2 2 1 1 1 1 1 3 2 2 1 1 2 2 2 1
 2 2 2 3 3 3 3 3 4 4 3 3 3 3 3 3 2 2 1 2 2 2 2 2 1 1 1 2 2 2 2 2 1 1 1 1 1 3 2 2 1 1 2 2 2 1
 2 2 3 3 3 3 3 3 4 4 4 3 3 2 1 1 1 1 1 2 2 3 2 2 1 1 1 1 1 1 1 1 1 1 1 1 1 5 5 5 4 4 2 2 2 0
 2 2 3 3 3 3 3 3 4 4 4 3 3 2 1 1 1 1 1 2 2 3 2 2 1 1 1 1 1 1 1 1 1 1 1 1 1 5 5 5 4 4 2 2 2 0
 3 3 3 3 3 4 4 4 5 5 6 4 4 2 1 1 1 1 2 8 8 9 3 3 3 3 3 2 2 2 1 1 6 6 6 6 6 6 6 6 11 11 10 3 3 1
 4 4 4 4 4 5 5 5 6 6 7 4 4 3 2 2 7 7 10 9 9 8 3 3 3 3 6 4 4 3 2 2 8 8 7 10 10 11 12 12 11 11 10 4 4 3
 4 4 4 4 4 5 5 5 6 6 7 4 4 3 2 2 7 7 10 9 9 8 3 3 3 3 6 4 4 3 2 2 8 8 7 10 10 11 12 12 11 11 10 4 4 3
 5 5 5 6 6 6 7 7 8 8 9 6 6 3 2 2 2 2 10 10 10 11 4 4 5 5 9 8 8 3 3 3 9 9 6 7 7 4 6 6 7 7 6 3 3 3
 6 6 6 8 8 8 7 7 9 9 15 13 13 4 2 2 2 2 9 9 9 12 7 7 7 7 10 12 12 5 6 6 9 9 8 3 3 2 7 7 8 8 9 4 4 3
 6 6 6 8 8 8 7 7 9 9 15 13 13 4 2 2 2 2 9 9 9 12 7 7 7 7 10 12 12 5 6 6 9 9 8 3 3 2 7 7 8 8 9 4 4 3
 6 6 6 9 9 15 14 14 12 12 14 11 11 2 1 1 1 1 1 1 1 4 9 9 8 8 11 12 12 8 14 14 14 14 6 2 2 2 6 6 12 12 10 4 4 3
 6 6 6 9 9 15 14 14 12 12 14 11 11 2 1 1 1 1 1 1 1 4 9 9 8 8 11 12 12 8 14 14 14 14 6 2 2 2 6 6 12 12 10 4 4 3
 5 5 5 7 7 15 70 70 67 67 32 23 23 20 1 1 2 2 1 6 6 2 3 3 5 5 10 17 17 19 17 17 8 8 5 2 2 2 2 2 16 16 14 14 14 3
 5 5 7 10 10 67 65 65 64 64 27 2 2 1 1 1 2 2 9 18 18 12 9 9 10 10 12 9 9 20 12 12 9 9 4 3 3 3 2 2 6 6 13 2 2 0
 5 5 7 10 10 67 65 65 64 64 27 2 2 1 1 1 2 2 9 18 18 12 9 9 10 10 12 9 9 20 12 12 9 9 4 3 3 3 2 2 6 6 13 2 2 0
 3 3 5 3 3 2 9 9 9 9 2 2 2 1 1 1 4 4 8 13 13 17 11 11 4 4 3 6 6 12 15 15 7 7 5 4 4 2 1 1 3 3 2 1 1 0
 2 2 2 1 1 2 9 9 1 1 2 2 2 2 4 4 4 4 6 11 11 16 10 10 5 5 5 11 11 9 13 13 7 7 5 5 5 3 1 1 1 1 0 0 0 0
 2 2 2 1 1 2 9 9 1 1 2 2 2 2 4 4 4 4 6 11 11 16 10 10 5 5 5 11 11 9 13 13 7 7 5 5 5 3 1 1 1 1 0 0 0 0
 2 2 1 2 2 2 2 2 2 2 2 2 2 5 8 8 8 8 13 14 14 12 14 14 9 9 12 17 17 26 11 11 12 12 4 7 7 3 1 1 0 0 0 0 0 0
 2 2 1 2 2 2 2 2 2 2 2 2 2 5 8 8 8 8 13 14 14 12 14 14 9 9 12 17 17 26 11 11 12 12 4 7 7 3 1 1 0 0 0 0 0 0
 1 1 1 1 1 1 2 2 2 2 3 3 3 3 5 5 8 8 26 26 26 18 15 15 19 19 17 20 20 23 24 24 11 11 7 3 3 2 3 3 1 1 1 1 1 0
 1 1 1 1 1 1 2 2 2 2 2 14 14 14 16 16 18 18 27 28 28 36 21 21 21 21 27 29 29 35 29 29 26 26 17 8 8 6 3 3 3 3 3 1 1 0
 1 1 1 1 1 1 2 2 2 2 2 14 14 14 16 16 18 18 27 28 28 36 21 21 21 21 27 29 29 35 29 29 26 26 17 8 8 6 3 3 3 3 3 1 1 0
 1 1 1 1 1 2 2 2 8 8 9 14 14 15 19 19 35 35 44 36 36 29 25 25 30 30 26 36 36 30 27 27 34 34 19 16 16 10 7 7 5 5 1 0 0 0
 1 1 1 1 1 2 2 2 24 24 36 35 35 71 71 71 42 42 42 49 49 37 32 32 39 39 23 35 35 38 22 22 25 25 23 17 17 7 5 5 4 4 2 0 0 0
 1 1 1 1 1 2 2 2 24 24 36 35 35 71 71 71 42 42 42 49 49 37 32 32 39 39 23 35 35 38 22 22 25 25 23 17 17 7 5 5 4 4 2 0 0 0
 2 2 2 1 1 4 6 6 22 22 21 35 35 73 73 73 49 49 49 41 41 36 35 35 32 32 30 29 29 29 31 31 64 64 23 21 21 10 7 7 1 1 0 0 0 0
 2 2 2 1 1 4 6 6 22 22 21 35 35 73 73 73 49 49 49 41 41 36 35 35 32 32 30 29 29 29 31 31 64 64 23 21 21 10 7 7 1 1 0 0 0 0
 1 1 1 1 1 1 5 5 52 52 51 63 63 73 75 75 79 79 73 80 80 71 57 57 48 48 41 28 28 21 30 30 33 33 34 22 22 12 4 4 2 2 0 0 0 0
 1 1 1 1 1 1 4 4 50 50 14 14 14 31 30 30 46 46 72 79 79 73 68 68 51 51 49 57 57 29 33 33 27 27 26 24 24 14 6 6 1 1 0 0 0 0
 1 1 1 1 1 1 4 4 50 50 14 14 14 31 30 30 46 46 72 79 79 73 68 68 51 51 49 57 57 29 33 33 27 27 26 24 24 14 6 6 1 1 0 0 0 0
 2 2 1 1 1 1 1 1 1 1 12 14 14 31 55 55 78 78 73 94 94 62 68 68 85 85 51 49 49 47 43 43 40 40 30 30 30 20 6 6 1 1 1 0 0 0
 1 1 1 1 1 1 0 0 1 1 7 12 12 13 55 55 55 55 75 66 66 30 18 18 74 74 40 53 53 68 34 34 35 35 36 37 37 24 4 4 1 1 1 0 0 0
 1 1 1 1 1 1 0 0 1 1 7 12 12 13 55 55 55 55 75 66 66 30 18 18 74 74 40 53 53 68 34 34 35 35 36 37 37 24 4 4 1 1 1 0 0 0
 1 1 1 1 1 1 1 1 2 2 7 1 1 6 21 21 22 22 39 53 53 59 17 17 39 39 32 43 43 53 61 61 26 26 36 45 45 21 4 4 3 3 6 0 0 0
 1 1 1 1 1 1 1 1 2 2 7 1 1 6 21 21 22 22 39 53 53 59 17 17 39 39 32 43 43 53 61 61 26 26 36 45 45 21 4 4 3 3 6 0 0 0
 0 0 0 0 0 0 1 1 2 2 1 0 0 6 21 21 9 9 17 33 33 23 38 38 37 37 29 34 34 58 50 50 30 30 27 55 55 19 5 5 1 1 1 0 0 1
 0 0 0 0 0 0 0 0 1 1 0 0 0 2 6 6 6 6 17 23 23 13 21 21 46 46 38 38 38 35 33 33 31 31 35 36 36 17 5 5 2 2 0 0 0 1
 0 0 0 0 0 0 0 0 1 1 0 0 0 2 6 6 6 6 17 23 23 13 21 21 46 46 38 38 38 35 33 33 31 31 35 36 36 17 5 5 2 2 0 0 0 1
 1 1 1 1 1 0 1 1 1 1 0 0 0 2 3 3 3 3 3 12 12 17 35 35 57 57 56 36 36 32 34 34 37 37 26 21 21 16 5 5 2 2 1 0 0 0
 1 1 1 1 1 0 0 0 0 0 0 0 0 0 1 1 3 3 4 40 40 41 62 62 52 52 74 66 66 72 34 34 35 35 11 13 13 21 8 8 5 5 1 0 0 1
 1 1 1 1 1 0 0 0 0 0 0 0 0 0 1 1 3 3 4 40 40 41 62 62 52 52 74 66 66 72 34 34 35 35 11 13 13 21 8 8 5 5 1 0 0 1
 9 9 9 2 2 1 1 1 0 0 0 0 0 0 1 1 5 5 5 9 9 40 42 42 27 27 75 67 67 67 25 25 20 20 15 11 11 26 15 15 5 5 1 0 0 0
 9 9 9 2 2 1 1 1 0 0 0 0 0 0 1 1 5 5 5 9 9 40 42 42 27 27 75 67 67 67 25 25 20 20 15 11 11 26 15 15 5 5 1 0 0 0
 7 7 9 1 1 1 1 1 1 1 1 1 1 1 1 1 5 5 5 11 11 40 46 46 47 47 31 30 30 40 22 22 19 19 17 18 18 29 27 27 10 10 6 1 1 1
 7 7 1 2 2 1 1 1 2 2 2 2 2 2 3 3 5 5 5 5 5 8 8 8 20 20 24 38 38 38 26 26 10 10 11 23 23 28 26 26 39 39 7 2 2 1
 7 7 1 2 2 1 1 1 2 2 2 2 2 2 3 3 5 5 5 5 5 8 8 8 20 20 24 38 38 38 26 26 10 10 11 23 23 28 26 26 39 39 7 2 2 1
 1 1 2 5 5 3 3 3 3 3 2 3 3 3 1 1 2 2 2 1 1 9 9 9 9 9 52 64 64 45 15 15 11 11 10 21 21 22 47 47 34 34 7 3 3 2
 1 1 1 2 2 3 1 1 2 2 2 4 4 4 1 1 1 1 0 0 0 6 6 6 7 7 44 55 55 38 8 8 9 9 10 6 6 14 28 28 26 26 12 6 6 4
 1 1 1 2 2 3 1 1 2 2 2 4 4 4 1 1 1 1 0 0 0 6 6 6 7 7 44 55 55 38 8 8 9 9 10 6 6 14 28 28 26 26 12 6 6 4
 1 1 1 1 1 1 2 2 3 3 3 4 4 4 2 2 2 2 0 0 0 4 5 5 5 5 14 42 42 33 28 28 9 9 15 13 13 15 24 24 17 17 13 8 8 5
 1 1 1 1 1 1 2 2 3 3 3 4 4 4 2 2 2 2 0 0 0 4 5 5 5 5 14 42 42 33 28 28 9 9 15 13 13 15 24 24 17 17 13 8 8 5
 2 2 1 2 2 1 2 2 3 3 4 4 4 4 2 2 2 2 0 0 0 0 6 6 5 5 14 7 7 9 8 8 8 8 11 13 13 17 14 14 14 14 11 8 8 6
 4 4 2 2 2 1 2 2 2 2 2 2 2 2 2 2 2 2 1 0 0 0 1 1 1 1 1 8 8 11 5 5 2 2 5 4 4 13 7 7 7 7 3 2 2 4
 4 4 2 2 2 1 2 2 2 2 2 2 2 2 2 2 2 2 1 0 0 0 1 1 1 1 1 8 8 11 5 5 2 2 5 4 4 13 7 7 7 7 3 2 2 4
 3 3 2 2 2 2 2 2 1 1 2 1 1 1 1 1 0 0 0 0 0 0 1 1 0 0 0 0 0 0 0 0 2 2 2 3 3 6 6 6 7 7 3 5 5 7
 5 5 3 3 3 1 1 1 1 1 3 3 3 2 1 1 0 0 0 0 0 0 0 0 0 0 0 0 0 1 0 0 0 0 0 2 2 2 1 1 5 5 7 13 13 13
