assets/RAT_results/precipitation/2018-02-09_IMERG.asc
ncols        46
nrows        77
xllcorner    74.800261325624
yllcorner    8.058333333333
cellsize     0.062500000000
NODATA_value -9999
 12 12 8 5 5 5 4 4 2 2 1 0 0 1 1 1 3 3 5 8 8 10 8 8 11 11 6 2 2 11 3 3 9 9 9 8 8 5 8 8 6 6 12 25 25 25
 5 5 6 8 8 2 1 1 0 0 0 0 0 0 0 0 1 1 2 5 5 5 5 5 5 5 6 10 10 10 6 6 9 9 9 9 9 8 7 7 6 6 6 25 25 22
 5 5 6 8 8 2 1 1 0 0 0 0 0 0 0 0 1 1 2 5 5 5 5 5 5 5 6 10 10 10 6 6 9 9 9 9 9 8 7 7 6 6 6 25 25 22
 14 14 6 13 13 13 1 1 0 0 0 4 4 3 2 2 2 2 1 1 1 1 1 1 1 1 4 4 4 10 2 2 2 2 8 9 9 7 6 6 7 7 6 21 21 23
 11 11 23 25 25 19 17 17 0 0 17 1 1 1 0 0 1 1 2 1 1 3 7 7 5 5 5 4 4 11 2 2 2 2 7 7 7 7 14 14 11 11 9 16 16 20
 11 11 23 25 25 19 17 17 0 0 17 1 1 1 0 0 1 1 2 1 1 3 7 7 5 5 5 4 4 11 2 2 2 2 7 7 7 7 14 14 11 11 9 16 16 20
 4 4 4 5 5 16 8 8 36 36 16 11 11 3 1 1 2 2 2 2 2 4 9 9 7 7 6 5 5 1 1 1 0 0 6 13 13 15 16 16 13 13 11 11 11 7
 4 4 4 5 5 16 8 8 36 36 16 11 11 3 1 1 2 2 2 2 2 4 9 9 7 7 6 5 5 1 1 1 0 0 6 13 13 15 16 16 13 13 11 11 11 7
 1 1 1 6 6 1 16 16 3 3 1 1 1 2 3 3 4 4 8 6 6 16 14 14 11 11 7 5 5 1 0 0 2 2 6 13 13 8 6 6 8 8 9 11 11 5
 3 3 1 3 3 3 1 1 1 1 0 0 0 1 0 0 2 2 4 6 6 26 23 23 13 13 8 1 1 0 0 0 1 1 1 2 2 3 1 1 7 7 10 9 9 4
 3 3 1 3 3 3 1 1 1 1 0 0 0 1 0 0 2 2 4 6 6 26 23 23 13 13 8 1 1 0 0 0 1 1 1 2 2 3 1 1 7 7 10 9 9 4
 1 1 0 1 1 3 1 1 0 0 0 3 3 2 0 0 0 0 3 23 23 24 26 26 18 18 10 0 0 0 0 0 1 1 1 1 1 2 2 2 6 6 0 1 1 1
 3 3 0 1 1 10 3 3 0 0 0 5 5 7 6 6 0 0 2 13 13 15 14 14 14 14 2 1 1 1 0 0 0 0 1 2 2 0 1 1 0 0 0 0 0 0
 3 3 0 1 1 10 3 3 0 0 0 5 5 7 6 6 0 0 2 13 13 15 14 14 14 14 2 1 1 1 0 0 0 0 1 2 2 0 1 1 0 0 0 0 0 0
 0 0 0 1 1 5 2 2 3 3 1 9 9 38 0 0 0 0 1 21 21 12 12 12 9 9 10 12 12 3 12 12 1 1 5 12 12 9 5 5 0 0 0 0 0 0
 0 0 0 1 1 5 2 2 3 3 1 9 9 38 0 0 0 0 1 21 21 12 12 12 9 9 10 12 12 3 12 12 1 1 5 12 12 9 5 5 0 0 0 0 0 0
 0 0 0 0 0 2 2 2 2 2 2 43 43 19 0 0 5 5 9 5 5 2 7 7 17 17 21 13 13 5 17 17 7 7 11 9 9 10 6 6 5 5 0 0 0 0
 0 0 0 0 0 1 1 1 1 1 24 11 11 0 0 0 1 1 4 7 7 1 1 1 11 11 16 24 24 14 15 15 13 13 12 6 6 6 5 5 3 3 0 0 0 0
 0 0 0 0 0 1 1 1 1 1 24 11 11 0 0 0 1 1 4 7 7 1 1 1 11 11 16 24 24 14 15 15 13 13 12 6 6 6 5 5 3 3 0 0 0 0
 1 1 0 0 0 1 3 3 0 0 1 3 3 1 2 2 0 0 7 0 0 0 0 0 0 0 5 26 26 25 19 19 16 16 1 1 1 6 1 1 0 0 0 0 0 3
 0 0 1 0 0 2 13 13 1 1 8 1 1 0 1 1 0 0 0 0 0 0 0 0 0 0 5 18 18 36 26 26 17 17 10 3 3 1 1 1 0 0 0 0 0 3
 0 0 1 0 0 2 13 13 1 1 8 1 1 0 1 1 0 0 0 0 0 0 0 0 0 0 5 18 18 36 26 26 17 17 10 3 3 1 1 1 0 0 0 0 0 3
 0 0 0 1 1 10 12 12 2 2 0 0 0 1 0 0 0 0 0 0 0 0 0 0 5 5 5 34 34 35 39 39 34 34 11 7 7 1 1 1 0 0 0 4 4 6
 0 0 0 1 1 10 12 12 2 2 0 0 0 1 0 0 0 0 0 0 0 0 0 0 5 5 5 34 34 35 39 39 34 34 11 7 7 1 1 1 0 0 0 4 4 6
 0 0 0 0 0 2 0 0 1 1 1 0 0 1 4 4 1 1 0 0 0 0 0 0 0 0 5 28 28 40 57 57 34 34 21 0 0 0 0 0 0 0 0 1 1 1
 0 0 0 0 0 0 0 0 0 0 4 0 0 7 1 1 4 4 0 0 0 0 0 0 0 0 7 34 34 40 52 52 48 48 16 16 16 9 0 0 0 0 0 1 1 1
 0 0 0 0 0 0 0 0 0 0 4 0 0 7 1 1 4 4 0 0 0 0 0 0 0 0 7 34 34 40 52 52 48 48 16 16 16 9 0 0 0 0 0 1 1 1
 0 0 0 0 0 0 0 0 1 1 0 0 0 0 1 1 0 0 0 0 0 0 0 0 0 0 7 8 8 11 18 18 17 17 17 17 17 9 1 1 8 8 13 10 10 9
 0 0 1 0 0 0 0 0 0 0 0 0 0 0 0 0 0 0 0 0 0 0 0 0 0 0 0 0 0 3 0 0 1 1 1 1 1 1 1 1 9 9 15 11 11 10
 0 0 1 0 0 0 0 0 0 0 0 0 0 0 0 0 0 0 0 0 0 0 0 0 0 0 0 0 0 3 0 0 1 1 1 1 1 1 1 1 9 9 15 11 11 10
 0 0 0 0 0 0 0 0 0 0 11 0 0 0 0 0 0 0 0 0 0 0 0 0 9 9 9 20 20 0 0 0 1 1 21 20 20 21 21 21 24 24 23 19 19 11
 0 0 0 0 0 0 0 0 0 0 11 0 0 0 0 0 0 0 0 0 0 0 0 0 9 9 9 20 20 0 0 0 1 1 21 20 20 21 21 21 24 24 23 19 19 11
 0 0 0 0 0 1 0 0 1 1 0 0 0 0 1 1 1 1 0 0 0 0 0 0 9 9 20 19 19 19 23 23 22 22 22 25 25 23 23 23 26 26 20 15 15 6
 0 0 0 0 0 0 0 0 1 1 0 0 0 0 0 0 4 4 0 0 0 0 0 0 21 21 21 20 20 20 24 24 33 33 30 27 27 27 27 27 22 22 22 17 17 0
 0 0 0 0 0 0 0 0 1 1 0 0 0 0 0 0 4 4 0 0 0 0 0 0 21 21 21 20 20 20 24 24 33 33 30 27 27 27 27 27 22 22 22 17 17 0
 0 0 0 0 0 0 0 0 0 0 0 0 0 0 0 0 0 0 0 0 0 0 0 0 0 0 9 27 27 26 34 34 34 34 31 29 29 3 3 3 2 2 1 0 0 0
 0 0 0 0 0 0 0 0 0 0 1 0 0 0 0 0 0 0 0 0 0 0 0 0 0 0 9 27 27 49 61 61 31 31 35 22 22 2 2 2 1 1 1 0 0 0
 0 0 0 0 0 0 0 0 0 0 1 0 0 0 0 0 0 0 0 0 0 0 0 0 0 0 9 27 27 49 61 61 31 31 35 22 22 2 2 2 1 1 1 0 0 0
 0 0 0 0 0 0 0 0 0 0 0 0 0 0 0 0 0 0 1 0 0 0 0 0 0 0 29 30 30 70 71 71 63 63 58 32 32 33 1 1 1 1 0 0 0 0
 0 0 0 0 0 0 0 0 0 0 0 0 0 0 0 0 0 0 1 0 0 0 0 0 0 0 29 30 30 70 71 71 63 63 58 32 32 33 1 1 1 1 0 0 0 0
 0 0 0 1 1 1 0 0 0 0 0 1 1 0 0 0 0 0 1 0 0 1 0 0 0 0 1 2 2 11 37 37 40 40 44 32 32 55 40 40 51 51 35 18 18 1
 0 0 0 0 0 0 0 0 0 0 0 0 0 0 0 0 0 0 0 0 0 0 0 0 0 0 1 0 0 3 28 28 38 38 31 37 37 80 49 49 56 56 34 55 55 13
 0 0 0 0 0 0 0 0 0 0 0 0 0 0 0 0 0 0 0 0 0 0 0 0 0 0 1 0 0 3 28 28 38 38 31 37 37 80 49 49 56 56 34 55 55 13
 0 0 0 0 0 0 0 0 0 0 0 0 0 0 0 0 0 0 0 1 1 0 2 2 1 1 0 1 1 0 0 0 0 0 19 40 40 79 80 80 56 56 57 18 18 0
 0 0 0 0 0 1 0 0 0 0 0 0 0 0 1 1 0 0 0 0 0 2 2 2 1 1 1 30 30 30 9 9 0 0 35 52 52 84 72 72 30 30 22 0 0 0
 0 0 0 0 0 1 0 0 0 0 0 0 0 0 1 1 0 0 0 0 0 2 2 2 1 1 1 30 30 30 9 9 0 0 35 52 52 84 72 72 30 30 22 0 0 0
 0 0 0 0 0 0 1 1 1 1 0 3 3 0 0 0 0 0 0 0 0 0 0 0 1 1 29 28 28 29 9 9 1 1 28 48 48 32 27 27 28 28 2 1 1 1
 0 0 0 0 0 0 1 1 1 1 0 3 3 0 0 0 0 0 0 0 0 0 0 0 1 1 29 28 28 29 9 9 1 1 28 48 48 32 27 27 28 28 2 1 1 1
 0 0 0 0 0 0 0 0 0 0 0 0 0 0 0 0 0 0 0 0 0 0 0 0 0 0 5 7 7 1 1 1 2 2 29 41 41 32 30 30 29 29 28 21 21 1
 0 0 0 0 0 0 0 0 0 0 1 0 0 0 0 0 0 0 0 0 0 0 0 0 1 1 5 7 7 0 0 0 31 31 34 50 50 39 30 30 29 29 28 23 23 2
 0 0 0 0 0 0 0 0 0 0 1 0 0 0 0 0 0 0 0 0 0 0 0 0 1 1 5 7 7 0 0 0 31 31 34 50 50 39 30 30 29 29 28 23 23 2
 0 0 0 0 0 0 1 1 0 0 0 5 5 1 0 0 0 0 0 0 0 0 0 0 1 1 1 0 0 0 1 1 29 29 37 32 32 49 30 30 34 34 2 3 3 4
 0 0 0 0 0 0 0 0 0 0 2 1 1 0 0 0 0 0 0 0 0 0 0 0 0 0 1 11 11 34 34 34 37 37 37 51 51 51 60 60 50 50 9 2 2 4
 0 0 0 0 0 0 0 0 0 0 2 1 1 0 0 0 0 0 0 0 0 0 0 0 0 0 1 11 11 34 34 34 37 37 37 51 51 51 60 60 50 50 9 2 2 4
 0 0 0 0 0 0 0 0 0 0 1 2 2 0 0 0 0 0 0 1 1 0 0 0 0 0 2 12 12 41 34 34 31 31 32 54 54 57 59 59 21 21 2 2 2 5
 0 0 0 0 0 0 0 0 0 0 1 2 2 0 0 0 0 0 0 1 1 0 0 0 0 0 2 12 12 41 34 34 31 31 32 54 54 57 59 59 21 21 2 2 2 5
 0 0 1 0 0 0 0 0 0 0 0 0 0 2 0 0 0 0 0 0 0 0 0 0 0 0 1 42 42 45 39 39 31 31 31 55 55 38 14 14 5 5 2 2 2 2
 0 0 0 0 0 0 1 1 0 0 0 0 0 0 6 6 9 9 1 0 0 0 0 0 0 0 1 42 42 40 26 26 26 26 1 37 37 32 4 4 4 4 2 2 2 1
 0 0 0 0 0 0 1 1 0 0 0 0 0 0 6 6 9 9 1 0 0 0 0 0 0 0 1 42 42 40 26 26 26 26 1 37 37 32 4 4 4 4 2 2 2 1
 0 0 0 0 0 0 0 0 0 0 0 0 0 0 8 8 10 10 0 0 0 0 0 0 2 2 2 40 40 40 26 26 26 26 0 21 21 1 0 0 0 0 2 2 2 1
 0 0 0 0 0 0 0 0 0 0 0 0 0 0 4 4 1 1 0 0 0 0 0 0 2 2 2 0 0 1 0 0 0 0 1 1 1 0 0 0 31 31 34 27 27 13
 0 0 0 0 0 0 0 0 0 0 0 0 0 0 4 4 1 1 0 0 0 0 0 0 2 2 2 0 0 1 0 0 0 0 1 1 1 0 0 0 31 31 34 27 27 13
 0 0 0 0 0 0 0 0 0 0 0 0 0 0 1 1 0 0 1 0 0 0 0 0 5 5 5 0 0 0 0 0 0 0 0 0 0 0 0 0 31 31 33 27 27 1
 0 0 0 0 0 0 0 0 0 0 0 0 0 0 1 1 0 0 1 0 0 0 0 0 5 5 5 0 0 0 0 0 0 0 0 0 0 0 0 0 31 31 33 27 27 1
 0 0 0 0 0 0 0 0 0 0 0 2 2 0 1 1 0 0 0 0 0 0 0 0 0 0 0 0 0 0 1 1 0 0 0 0 0 1 1 1 18 18 2 11 11 0
 0 0 0 7 7 1 0 0 0 0 3 0 0 0 1 1 0 0 0 1 1 0 0 0 0 0 0 0 0 0 1 1 0 0 0 21 21 20 1 1 3 3 0 0 0 0
 0 0 0 7 7 1 0 0 0 0 3 0 0 0 1 1 0 0 0 1 1 0 0 0 0 0 0 0 0 0 1 1 0 0 0 21 21 20 1 1 3 3 0 0 0 0
 0 0 0 8 8 0 2 2 6 6 2 0 0 0 0 0 0 0 0 0 0 0 9 9 11 11 10 5 5 1 2 2 4 4 5 18 18 17 13 13 1 1 1 0 0 0
 0 0 0 0 0 0 4 4 5 5 2 0 0 6 0 0 0 0 0 0 0 2 0 0 10 10 11 12 12 12 12 12 10 10 4 17 17 15 0 0 0 0 1 0 0 0
 0 0 0 0 0 0 4 4 5 5 2 0 0 6 0 0 0 0 0 0 0 2 0 0 10 10 11 12 12 12 12 12 10 10 4 17 17 15 0 0 0 0 1 0 0 0
 1 1 0 1 1 0 5 5 26 26 1 0 0 0 0 0 0 0 0 0 0 3 0 0 0 0 1 1 1 1 9 9 7 7 3 13 13 12 0 0 0 0 10 10 10 2
 1 1 0 1 1 0 5 5 26 26 1 0 0 0 0 0 0 0 0 0 0 3 0 0 0 0 1 1 1 1 9 9 7 7 3 13 13 12 0 0 0 0 10 10 10 2
 0 0 0 0 0 0 1 1 5 5 0 0 0 0 0 0 0 0 0 0 0 1 0 0 0 0 0 2 2 4 7 7 1 1 1 1 1 0 0 0 0 0 0 0 0 0
 0 0 0 0 0 0 0 0 0 0 7 2 2 5 0 0 0 0 0 0 0 0 0 0 0 0 3 6 6 9 6 6 3 3 1 1 1 1 0 0 0 0 0 0 0 0
 0 0 0 0 0 0 0 0 0 0 7 2 2 5 0 0 0 0 0 0 0 0 0 0 0 0 3 6 6 9 6 6 3 3 1 1 1 1 0 0 0 0 0 0 0 0
 0 0 1 0 0 0 0 0 0 0 2 5 5 7 4 4 2 2 0 0 0 0 0 0 2 2 6 17 17 16 4 4 3 3 2 2 2 0 0 0 0 0 0 0 0 0
 0 0 0 0 0 0 0 0 0 0 3 6 6 4 4 4 2 2 2 0 0 0 0 0 4 4 4 15 15 11 9 9 0 0 0 2 2 0 1 1 0 0 0 0 0 0
