assets/RAT_results/precipitation/2018-09-26_IMERG.asc
ncols        46
nrows        77
xllcorner    74.800261325624
yllcorner    8.058333333333
cellsize     0.062500000000
NODATA_value -9999
 11 11 14 23 23 29 59 59 33 33 39 48 48 28 23 23 23 23 22 18 18 22 24 24 30 30 25 21 21 47 31 31 33 33 30 27 27 59 27 27 13 13 27 27 27 44
 13 13 15 11 11 20 24 24 32 32 64 54 54 26 26 26 13 13 16 14 14 20 32 32 23 23 35 53 53 39 50 50 41 41 36 41 41 51 25 25 14 14 30 51 51 21
 13 13 15 11 11 20 24 24 32 32 64 54 54 26 26 26 13 13 16 14 14 20 32 32 23 23 35 53 53 39 50 50 41 41 36 41 41 51 25 25 14 14 30 51 51 21
 14 14 10 9 9 8 24 24 32 32 37 19 19 11 11 11 9 9 15 13 13 19 22 22 20 20 30 41 41 26 20 20 19 19 35 33 33 26 59 59 63 63 36 32 32 31
 13 13 15 19 19 19 15 15 21 21 36 17 17 19 17 17 13 13 16 17 17 22 41 41 20 20 24 29 29 20 20 20 12 12 27 34 34 38 59 59 75 75 52 35 35 29
 13 13 15 19 19 19 15 15 21 21 36 17 17 19 17 17 13 13 16 17 17 22 41 41 20 20 24 29 29 20 20 20 12 12 27 34 34 38 59 59 75 75 52 35 35 29
 8 8 11 17 17 16 18 18 17 17 15 16 16 30 23 23 27 27 18 10 10 14 23 23 23 23 26 31 31 15 2 2 12 12 16 26 26 34 32 32 79 79 68 41 41 33
 8 8 11 17 17 16 18 18 17 17 15 16 16 30 23 23 27 27 18 10 10 14 23 23 23 23 26 31 31 15 2 2 12 12 16 26 26 34 32 32 79 79 68 41 41 33
 9 9 16 19 19 19 15 15 12 12 17 15 15 13 43 43 30 30 22 14 14 41 29 29 23 23 56 33 33 15 4 4 10 10 16 33 33 26 21 21 21 21 30 47 47 58
 12 12 13 15 15 17 12 12 8 8 10 14 14 20 44 44 59 59 21 15 15 10 14 14 10 10 18 22 22 13 7 7 11 11 16 25 25 47 33 33 26 26 19 53 53 16
 12 12 13 15 15 17 12 12 8 8 10 14 14 20 44 44 59 59 21 15 15 10 14 14 10 10 18 22 22 13 7 7 11 11 16 25 25 47 33 33 26 26 19 53 53 16
 6 6 13 12 12 17 7 7 5 5 7 10 10 11 20 20 44 44 13 10 10 5 1 1 1 1 15 16 16 22 6 6 9 9 12 9 9 28 23 23 39 39 49 45 45 11
 4 4 7 9 9 7 3 3 4 4 6 5 5 13 13 13 15 15 8 11 11 5 0 0 6 6 5 12 12 15 6 6 12 12 10 16 16 14 31 31 33 33 23 45 45 12
 4 4 7 9 9 7 3 3 4 4 6 5 5 13 13 13 15 15 8 11 11 5 0 0 6 6 5 12 12 15 6 6 12 12 10 16 16 14 31 31 33 33 23 45 45 12
 4 4 4 6 6 6 2 2 3 3 5 3 3 5 9 9 15 15 15 3 3 3 1 1 4 4 4 4 4 10 7 7 11 11 11 15 15 31 18 18 29 29 24 29 29 15
 4 4 4 6 6 6 2 2 3 3 5 3 3 5 9 9 15 15 15 3 3 3 1 1 4 4 4 4 4 10 7 7 11 11 11 15 15 31 18 18 29 29 24 29 29 15
 3 3 3 7 7 7 3 3 3 3 3 5 5 4 8 8 10 10 12 1 1 4 1 1 2 2 9 3 3 14 7 7 7 7 9 16 16 31 25 25 38 38 18 12 12 7
 3 3 4 4 4 1 2 2 2 2 5 5 5 9 11 11 13 13 16 1 1 0 2 2 3 3 15 7 7 12 8 8 18 18 20 30 30 23 33 33 57 57 54 62 62 21
 3 3 4 4 4 1 2 2 2 2 5 5 5 9 11 11 13 13 16 1 1 0 2 2 3 3 15 7 7 12 8 8 18 18 20 30 30 23 33 33 57 57 54 62 62 21
 4 4 4 2 2 1 0 0 2 2 4 3 3 6 8 8 15 15 10 11 11 10 3 3 4 4 11 6 6 8 12 12 18 18 20 35 35 34 57 57 36 36 44 48 48 40
 4 4 2 0 0 0 1 1 2 2 2 2 2 6 3 3 17 17 13 11 11 16 2 2 2 2 5 7 7 8 12 12 12 12 17 64 64 48 27 27 34 34 40 98 98 72
 4 4 2 0 0 0 1 1 2 2 2 2 2 6 3 3 17 17 13 11 11 16 2 2 2 2 5 7 7 8 12 12 12 12 17 64 64 48 27 27 34 34 40 98 98 72
 7 7 7 1 1 1 0 0 0 0 1 2 2 3 5 5 26 26 21 1 1 5 2 2 2 2 4 4 4 10 9 9 29 29 48 44 44 28 19 19 27 27 51 68 68 35
 7 7 7 1 1 1 0 0 0 0 1 2 2 3 5 5 26 26 21 1 1 5 2 2 2 2 4 4 4 10 9 9 29 29 48 44 44 28 19 19 27 27 51 68 68 35
 5 5 2 3 3 1 0 0 0 0 2 3 3 2 3 3 4 4 1 0 0 1 3 3 12 12 2 6 6 10 21 21 47 47 44 40 40 28 19 19 42 42 36 79 79 60
 4 4 1 5 5 10 3 3 0 0 2 2 2 2 1 1 1 1 1 1 1 1 6 6 4 4 4 4 4 11 21 21 23 23 31 31 31 26 27 27 58 58 49 36 36 33
 4 4 1 5 5 10 3 3 0 0 2 2 2 2 1 1 1 1 1 1 1 1 6 6 4 4 4 4 4 11 21 21 23 23 31 31 31 26 27 27 58 58 49 36 36 33
 3 3 3 7 7 21 4 4 0 0 1 1 1 2 1 1 2 2 1 1 1 1 1 1 6 6 4 7 7 32 46 46 34 34 28 29 29 23 20 20 13 13 36 14 14 5
 1 1 2 5 5 17 1 1 2 2 2 1 1 1 1 1 1 1 3 2 2 1 1 1 1 1 5 19 19 40 23 23 27 27 24 22 22 14 13 13 8 8 8 13 13 8
 1 1 2 5 5 17 1 1 2 2 2 1 1 1 1 1 1 1 3 2 2 1 1 1 1 1 5 19 19 40 23 23 27 27 24 22 22 14 13 13 8 8 8 13 13 8
 0 0 2 2 2 4 1 1 2 2 2 1 1 0 1 1 0 0 1 1 1 2 2 2 2 2 2 10 10 9 14 14 28 28 17 20 20 10 14 14 12 12 15 21 21 8
 0 0 2 2 2 4 1 1 2 2 2 1 1 0 1 1 0 0 1 1 1 2 2 2 2 2 2 10 10 9 14 14 28 28 17 20 20 10 14 14 12 12 15 21 21 8
 1 1 1 2 2 5 4 4 2 2 1 0 0 1 1 1 4 4 2 1 1 1 2 2 2 2 1 1 1 5 41 41 81 81 32 27 27 24 22 22 39 39 22 20 20 4
 0 0 1 2 2 5 4 4 2 2 4 1 1 0 1 1 1 1 1 3 3 1 1 1 1 1 1 0 0 6 6 6 16 16 21 27 27 18 13 13 56 56 9 11 11 41
 0 0 1 2 2 5 4 4 2 2 4 1 1 0 1 1 1 1 1 3 3 1 1 1 1 1 1 0 0 6 6 6 16 16 21 27 27 18 13 13 56 56 9 11 11 41
 0 0 1 1 1 5 6 6 35 35 3 0 0 3 0 0 1 1 1 2 2 1 1 1 1 1 1 0 0 2 3 3 12 12 19 34 34 58 17 17 9 9 7 3 3 15
 0 0 8 9 9 33 5 5 33 33 2 1 1 3 0 0 1 1 1 1 1 2 4 4 1 1 1 2 2 3 3 3 7 7 17 24 24 33 22 22 6 6 6 2 2 3
 0 0 8 9 9 33 5 5 33 33 2 1 1 3 0 0 1 1 1 1 1 2 4 4 1 1 1 2 2 3 3 3 7 7 17 24 24 33 22 22 6 6 6 2 2 3
 1 1 8 8 8 29 30 30 31 31 3 0 0 0 0 0 0 0 1 1 1 1 2 2 1 1 1 2 2 3 4 4 7 7 19 33 33 20 59 59 9 9 6 7 7 6
 1 1 8 8 8 29 30 30 31 31 3 0 0 0 0 0 0 0 1 1 1 1 2 2 1 1 1 2 2 3 4 4 7 7 19 33 33 20 59 59 9 9 6 7 7 6
 1 1 0 4 4 4 18 18 30 30 2 0 0 0 0 0 0 0 0 1 1 1 1 1 1 1 1 3 3 3 5 5 14 14 10 12 12 44 46 46 4 4 6 4 4 12
 1 1 0 4 4 4 18 18 1 1 1 1 1 0 0 0 1 1 1 1 1 1 2 2 1 1 2 1 1 2 6 6 21 21 11 2 2 8 2 2 11 11 5 8 8 16
 1 1 0 4 4 4 18 18 1 1 1 1 1 0 0 0 1 1 1 1 1 1 2 2 1 1 2 1 1 2 6 6 21 21 11 2 2 8 2 2 11 11 5 8 8 16
 1 1 0 0 0 0 1 1 1 1 0 0 0 0 0 0 1 1 1 2 2 1 2 2 2 2 1 2 2 3 6 6 10 10 10 6 6 6 15 15 15 15 13 14 14 8
 0 0 0 1 1 0 0 0 0 0 0 0 0 0 0 0 1 1 6 11 11 3 2 2 3 3 2 3 3 4 6 6 15 15 12 12 12 18 34 34 16 16 16 13 13 4
 0 0 0 1 1 0 0 0 0 0 0 0 0 0 0 0 1 1 6 11 11 3 2 2 3 3 2 3 3 4 6 6 15 15 12 12 12 18 34 34 16 16 16 13 13 4
 0 0 0 0 0 0 0 0 0 0 0 0 0 0 0 0 1 1 5 10 10 3 3 3 7 7 5 6 6 5 5 5 14 14 14 18 18 31 31 31 17 17 35 15 15 5
 0 0 0 0 0 0 0 0 0 0 0 0 0 0 0 0 1 1 5 10 10 3 3 3 7 7 5 6 6 5 5 5 14 14 14 18 18 31 31 31 17 17 35 15 15 5
 0 0 1 1 1 0 0 0 0 0 0 0 0 0 0 0 2 2 1 3 3 8 1 1 4 4 5 4 4 5 10 10 20 20 12 37 37 29 39 39 18 18 16 11 11 3
 1 1 2 4 4 2 1 1 2 2 0 0 0 0 0 0 0 0 0 0 0 4 1 1 2 2 5 6 6 6 7 7 22 22 15 32 32 25 18 18 17 17 1 4 4 0
 1 1 2 4 4 2 1 1 2 2 0 0 0 0 0 0 0 0 0 0 0 4 1 1 2 2 5 6 6 6 7 7 22 22 15 32 32 25 18 18 17 17 1 4 4 0
 1 1 4 7 7 7 5 5 4 4 2 1 1 0 0 0 0 0 1 2 2 2 1 1 1 1 4 4 4 14 10 10 17 17 18 14 14 17 12 12 11 11 9 2 2 9
 0 0 2 5 5 8 4 4 7 7 5 1 1 0 0 0 0 0 1 1 1 3 0 0 1 1 5 3 3 7 7 7 13 13 14 13 13 12 10 10 7 7 1 1 1 3
 0 0 2 5 5 8 4 4 7 7 5 1 1 0 0 0 0 0 1 1 1 3 0 0 1 1 5 3 3 7 7 7 13 13 14 13 13 12 10 10 7 7 1 1 1 3
 0 0 0 1 1 1 1 1 4 4 3 0 0 0 0 0 1 1 1 0 0 6 1 1 1 1 9 6 6 2 5 5 5 5 9 11 11 11 11 11 5 5 0 0 0 0
 0 0 0 1 1 1 1 1 4 4 3 0 0 0 0 0 1 1 1 0 0 6 1 1 1 1 9 6 6 2 5 5 5 5 9 11 11 11 11 11 5 5 0 0 0 0
 0 0 0 1 1 0 0 0 0 0 0 0 0 0 1 1 2 2 1 0 0 4 1 1 2 2 2 6 6 11 7 7 2 2 15 14 14 13 9 9 2 2 4 0 0 0
 0 0 0 0 0 0 0 0 0 0 0 0 0 0 2 2 3 3 5 8 8 3 5 5 1 1 9 14 14 11 7 7 5 5 26 9 9 10 6 6 6 6 8 4 4 0
 0 0 0 0 0 0 0 0 0 0 0 0 0 0 2 2 3 3 5 8 8 3 5 5 1 1 9 14 14 11 7 7 5 5 26 9 9 10 6 6 6 6 8 4 4 0
 0 0 0 0 0 1 1 1 1 1 0 0 0 0 0 0 1 1 2 7 7 5 2 2 3 3 13 9 9 23 12 12 15 15 13 7 7 12 10 10 4 4 8 12 12 3
 0 0 0 0 0 0 1 1 1 1 0 1 1 0 1 1 0 0 3 0 0 2 3 3 3 3 5 7 7 22 1 1 2 2 3 6 6 12 36 36 7 7 14 11 11 3
 0 0 0 0 0 0 1 1 1 1 0 1 1 0 1 1 0 0 3 0 0 2 3 3 3 3 5 7 7 22 1 1 2 2 3 6 6 12 36 36 7 7 14 11 11 3
 0 0 0 0 0 0 0 0 0 0 1 0 0 0 0 0 0 0 0 0 0 7 0 0 0 0 0 3 3 4 1 1 3 3 3 7 7 35 32 32 28 28 14 10 10 1
 0 0 0 0 0 0 0 0 0 0 1 0 0 0 0 0 0 0 0 0 0 7 0 0 0 0 0 3 3 4 1 1 3 3 3 7 7 35 32 32 28 28 14 10 10 1
 0 0 0 0 0 0 0 0 0 0 0 0 0 0 0 0 1 1 1 0 0 0 1 1 1 1 1 3 3 1 1 1 2 2 3 9 9 18 33 33 14 14 13 3 3 0
 0 0 0 0 0 0 0 0 0 0 0 0 0 0 0 0 0 0 1 1 1 0 0 0 2 2 1 2 2 0 2 2 2 2 4 7 7 14 14 14 7 7 5 3 3 1
 0 0 0 0 0 0 0 0 0 0 0 0 0 0 0 0 0 0 1 1 1 0 0 0 2 2 1 2 2 0 2 2 2 2 4 7 7 14 14 14 7 7 5 3 3 1
 0 0 0 0 0 0 0 0 0 0 1 0 0 0 0 0 0 0 0 0 0 0 0 0 0 0 0 0 0 1 0 0 1 1 3 6 6 8 8 8 7 7 10 3 3 3
 0 0 0 0 0 0 0 0 0 0 0 0 0 0 2 2 1 1 0 0 0 0 0 0 0 0 1 1 1 0 0 0 0 0 1 2 2 3 5 5 7 7 13 7 7 3
 0 0 0 0 0 0 0 0 0 0 0 0 0 0 2 2 1 1 0 0 0 0 0 0 0 0 1 1 1 0 0 0 0 0 1 2 2 3 5 5 7 7 13 7 7 3
 0 0 0 0 0 0 0 0 0 0 0 0 0 7 6 6 3 3 0 1 1 3 1 1 5 5 4 0 0 0 0 0 1 1 2 2 2 2 3 3 4 4 12 5 5 3
 0 0 0 0 0 0 0 0 0 0 0 0 0 7 6 6 3 3 0 1 1 3 1 1 5 5 4 0 0 0 0 0 1 1 2 2 2 2 3 3 4 4 12 5 5 3
 0 0 0 0 0 0 1 1 0 0 0 0 0 3 14 14 4 4 0 1 1 3 2 2 4 4 9 1 1 0 0 0 1 1 1 1 1 1 2 2 3 3 7 3 3 3
 0 0 0 0 0 0 0 0 0 0 0 0 0 0 2 2 3 3 0 0 0 2 3 3 2 2 4 0 0 1 1 1 0 0 1 1 1 0 1 1 1 1 1 1 1 0
 0 0 0 0 0 0 0 0 0 0 0 0 0 0 2 2 3 3 0 0 0 2 3 3 2 2 4 0 0 1 1 1 0 0 1 1 1 0 1 1 1 1 1 1 1 0
 0 0 0 0 0 0 0 0 1 1 0 0 0 0 1 1 0 0 0 0 0 1 4 4 7 7 4 2 2 2 2 2 1 1 1 1 1 1 0 0 0 0 0 0 0 0
 0 0 0 0 0 0 0 0 0 0 0 0 0 0 0 0 0 0 0 0 0 1 4 4 4 4 5 6 6 6 6 6 1 1 0 0 0 1 1 1 0 0 0 0 0 0
