assets/RAT_results/precipitation/2018-10-20_IMERG.asc
ncols        46
nrows        77
xllcorner    74.800261325624
yllcorner    8.058333333333
cellsize     0.062500000000
NODATA_value -9999
 4 4 1 1 1 5 8 8 10 10 30 4 4 4 1 1 1 1 2 2 2 0 0 0 0 0 0 0 0 0 0 0 0 0 0 0 0 0 0 0 0 0 0 0 0 0
 9 9 3 1 1 1 5 5 10 10 13 10 10 6 1 1 1 1 2 0 0 0 0 0 0 0 0 0 0 0 0 0 0 0 0 0 0 0 0 0 0 0 0 0 0 0
 9 9 3 1 1 1 5 5 10 10 13 10 10 6 1 1 1 1 2 0 0 0 0 0 0 0 0 0 0 0 0 0 0 0 0 0 0 0 0 0 0 0 0 0 0 0
 10 10 3 2 2 1 4 4 6 6 3 3 3 4 1 1 0 0 0 0 0 0 0 0 0 0 0 0 0 0 0 0 0 0 0 0 0 0 0 0 0 0 0 0 0 0
 10 10 6 2 2 2 2 2 2 2 2 1 1 4 4 4 2 2 0 0 0 0 0 0 0 0 0 0 0 1 0 0 0 0 0 0 0 0 0 0 0 0 0 0 0 0
 10 10 6 2 2 2 2 2 2 2 2 1 1 4 4 4 2 2 0 0 0 0 0 0 0 0 0 0 0 1 0 0 0 0 0 0 0 0 0 0 0 0 0 0 0 0
 10 10 5 4 4 1 1 1 1 1 1 1 1 10 2 2 4 4 0 1 1 0 0 0 0 0 0 0 0 0 0 0 0 0 0 0 0 0 0 0 0 0 0 0 0 0
 10 10 5 4 4 1 1 1 1 1 1 1 1 10 2 2 4 4 0 1 1 0 0 0 0 0 0 0 0 0 0 0 0 0 0 0 0 0 0 0 0 0 0 0 0 0
 9 9 6 7 7 18 1 1 1 1 0 2 2 2 2 2 3 3 3 1 1 0 0 0 0 0 0 0 0 0 0 0 0 0 0 0 0 0 0 0 0 0 0 0 0 0
 15 15 13 8 8 23 3 3 1 1 0 3 3 6 1 1 0 0 2 1 1 1 0 0 0 0 0 0 0 0 0 0 0 0 0 0 0 0 0 0 0 0 0 0 0 0
 15 15 13 8 8 23 3 3 1 1 0 3 3 6 1 1 0 0 2 1 1 1 0 0 0 0 0 0 0 0 0 0 0 0 0 0 0 0 0 0 0 0 0 0 0 0
 12 12 14 29 29 9 12 12 15 15 2 5 5 0 0 0 1 1 0 1 1 3 2 2 1 1 0 0 0 0 0 0 0 0 0 0 0 0 0 0 0 0 0 0 0 0
 10 10 15 17 17 54 11 11 26 26 15 3 3 2 1 1 2 2 2 1 1 5 7 7 8 8 1 0 0 0 0 0 0 0 0 0 0 0 0 0 0 0 0 0 0 0
 10 10 15 17 17 54 11 11 26 26 15 3 3 2 1 1 2 2 2 1 1 5 7 7 8 8 1 0 0 0 0 0 0 0 0 0 0 0 0 0 0 0 0 0 0 0
 9 9 8 63 63 19 20 20 11 11 13 12 12 13 6 6 3 3 3 4 4 2 21 21 6 6 5 2 2 0 1 1 0 0 0 0 0 0 0 0 0 0 0 0 0 0
 9 9 8 63 63 19 20 20 11 11 13 12 12 13 6 6 3 3 3 4 4 2 21 21 6 6 5 2 2 0 1 1 0 0 0 0 0 0 0 0 0 0 0 0 0 0
 13 13 11 78 78 18 25 25 29 29 18 12 12 15 7 7 8 8 4 3 3 3 7 7 2 2 3 3 3 1 7 7 6 6 2 1 1 3 0 0 0 0 0 0 0 0
 14 14 4 22 22 17 22 22 28 28 21 7 7 11 21 21 12 12 10 7 7 7 7 7 3 3 4 6 6 8 14 14 12 12 6 4 4 3 0 0 1 1 0 0 0 0
 14 14 4 22 22 17 22 22 28 28 21 7 7 11 21 21 12 12 10 7 7 7 7 7 3 3 4 6 6 8 14 14 12 12 6 4 4 3 0 0 1 1 0 0 0 0
 15 15 7 12 12 15 22 22 18 18 11 11 11 38 13 13 4 4 11 10 10 12 24 24 4 4 3 8 8 4 5 5 5 5 5 2 2 4 1 1 1 1 1 0 0 0
 10 10 48 16 16 26 13 13 13 13 13 16 16 15 7 7 5 5 3 10 10 17 9 9 4 4 4 8 8 12 5 5 2 2 6 10 10 9 1 1 1 1 2 0 0 0
 10 10 48 16 16 26 13 13 13 13 13 16 16 15 7 7 5 5 3 10 10 17 9 9 4 4 4 8 8 12 5 5 2 2 6 10 10 9 1 1 1 1 2 0 0 0
 70 70 73 29 29 48 13 13 54 54 11 17 17 24 15 15 3 3 1 6 6 9 9 9 5 5 11 11 11 10 4 4 4 4 8 5 5 2 0 0 0 0 1 0 0 0
 70 70 73 29 29 48 13 13 54 54 11 17 17 24 15 15 3 3 1 6 6 9 9 9 5 5 11 11 11 10 4 4 4 4 8 5 5 2 0 0 0 0 1 0 0 0
 60 60 80 83 83 19 13 13 13 13 12 18 18 13 9 9 1 1 5 13 13 8 10 10 7 7 9 5 5 6 10 10 8 8 3 3 3 2 0 0 1 1 1 0 0 0
 68 68 87 83 83 80 8 8 5 5 4 27 27 34 23 23 7 7 8 7 7 5 7 7 8 8 5 6 6 13 12 12 22 22 17 10 10 1 0 0 7 7 2 2 2 0
 68 68 87 83 83 80 8 8 5 5 4 27 27 34 23 23 7 7 8 7 7 5 7 7 8 8 5 6 6 13 12 12 22 22 17 10 10 1 0 0 7 7 2 2 2 0
 60 60 77 78 78 57 5 5 4 4 9 9 9 12 12 12 8 8 11 5 5 39 6 6 6 6 5 10 10 23 24 24 19 19 21 13 13 3 8 8 8 8 11 3 3 1
 27 27 55 29 29 21 6 6 5 5 6 7 7 13 15 15 8 8 5 9 9 27 22 22 8 8 4 4 4 11 32 32 19 19 20 17 17 16 7 7 13 13 9 5 5 4
 27 27 55 29 29 21 6 6 5 5 6 7 7 13 15 15 8 8 5 9 9 27 22 22 8 8 4 4 4 11 32 32 19 19 20 17 17 16 7 7 13 13 9 5 5 4
 58 58 35 21 21 16 14 14 9 9 9 3 3 5 5 5 12 12 17 16 16 12 17 17 14 14 12 12 12 23 25 25 10 10 8 13 13 16 11 11 8 8 5 12 12 6
 58 58 35 21 21 16 14 14 9 9 9 3 3 5 5 5 12 12 17 16 16 12 17 17 14 14 12 12 12 23 25 25 10 10 8 13 13 16 11 11 8 8 5 12 12 6
 10 10 35 13 13 20 30 30 9 9 2 3 3 3 5 5 7 7 13 10 10 12 22 22 24 24 20 30 30 29 11 11 7 7 16 21 21 21 10 10 11 11 10 15 15 14
 13 13 28 12 12 17 10 10 21 21 9 3 3 4 14 14 4 4 10 5 5 8 22 22 25 25 14 22 22 29 8 8 6 6 19 26 26 23 10 10 10 10 9 4 4 4
 13 13 28 12 12 17 10 10 21 21 9 3 3 4 14 14 4 4 10 5 5 8 22 22 25 25 14 22 22 29 8 8 6 6 19 26 26 23 10 10 10 10 9 4 4 4
 16 16 11 32 32 73 9 9 8 8 25 3 3 12 2 2 3 3 8 3 3 4 7 7 14 14 13 27 27 62 26 26 9 9 19 31 31 25 21 21 16 16 15 8 8 4
 12 12 23 18 18 12 10 10 6 6 4 4 4 2 4 4 4 4 2 3 3 7 7 7 13 13 11 19 19 46 28 28 14 14 27 36 36 28 31 31 20 20 28 12 12 4
 12 12 23 18 18 12 10 10 6 6 4 4 4 2 4 4 4 4 2 3 3 7 7 7 13 13 11 19 19 46 28 28 14 14 27 36 36 28 31 31 20 20 28 12 12 4
 14 14 8 18 18 11 6 6 3 3 4 5 5 3 2 2 2 2 2 1 1 11 14 14 12 12 15 12 12 37 34 34 16 16 16 28 28 24 34 34 28 28 31 19 19 10
 14 14 8 18 18 11 6 6 3 3 4 5 5 3 2 2 2 2 2 1 1 11 14 14 12 12 15 12 12 37 34 34 16 16 16 28 28 24 34 34 28 28 31 19 19 10
 5 5 9 4 4 4 9 9 2 2 2 4 4 2 2 2 2 2 1 9 9 11 11 11 12 12 13 10 10 34 21 21 17 17 15 28 28 17 19 19 18 18 38 38 38 14
 4 4 4 22 22 2 7 7 3 3 2 4 4 8 3 3 2 2 2 7 7 18 16 16 16 16 16 14 14 16 23 23 12 12 7 20 20 15 14 14 14 14 31 31 31 20
 4 4 4 22 22 2 7 7 3 3 2 4 4 8 3 3 2 2 2 7 7 18 16 16 16 16 16 14 14 16 23 23 12 12 7 20 20 15 14 14 14 14 31 31 31 20
 2 2 2 1 1 2 3 3 4 4 1 2 2 10 5 5 3 3 3 9 9 8 13 13 17 17 20 24 24 30 27 27 17 17 15 19 19 19 26 26 11 11 17 19 19 28
 6 6 2 4 4 5 2 2 2 2 2 4 4 7 6 6 6 6 3 7 7 18 25 25 21 21 24 22 22 37 34 34 26 26 34 34 34 26 14 14 13 13 24 42 42 48
 6 6 2 4 4 5 2 2 2 2 2 4 4 7 6 6 6 6 3 7 7 18 25 25 21 21 24 22 22 37 34 34 26 26 34 34 34 26 14 14 13 13 24 42 42 48
 7 7 7 9 9 6 10 10 9 9 11 10 10 4 2 2 4 4 2 11 11 20 34 34 25 25 30 31 31 28 30 30 56 56 46 29 29 19 18 18 18 18 43 42 42 47
 7 7 7 9 9 6 10 10 9 9 11 10 10 4 2 2 4 4 2 11 11 20 34 34 25 25 30 31 31 28 30 30 56 56 46 29 29 19 18 18 18 18 43 42 42 47
 49 49 7 9 9 9 12 12 10 10 6 19 19 8 3 3 6 6 2 10 10 36 49 49 30 30 33 35 35 23 23 23 36 36 34 26 26 17 18 18 15 15 17 33 33 43
 48 48 53 8 8 13 10 10 10 10 20 18 18 6 13 13 6 6 3 7 7 31 40 40 43 43 27 34 34 24 29 29 37 37 31 15 15 15 14 14 13 13 19 26 26 40
 48 48 53 8 8 13 10 10 10 10 20 18 18 6 13 13 6 6 3 7 7 31 40 40 43 43 27 34 34 24 29 29 37 37 31 15 15 15 14 14 13 13 19 26 26 40
 8 8 11 11 11 13 10 10 9 9 21 11 11 7 9 9 6 6 12 27 27 45 46 46 41 41 79 36 36 36 30 30 27 27 22 22 22 20 21 21 15 15 16 24 24 29
 10 10 10 11 11 8 6 6 3 3 4 9 9 9 6 6 11 11 15 19 19 39 61 61 53 53 38 25 25 27 20 20 15 15 21 17 17 20 23 23 17 17 24 26 26 19
 10 10 10 11 11 8 6 6 3 3 4 9 9 9 6 6 11 11 15 19 19 39 61 61 53 53 38 25 25 27 20 20 15 15 21 17 17 20 23 23 17 17 24 26 26 19
 8 8 10 8 8 10 3 3 4 4 10 3 3 4 10 10 11 11 8 23 23 32 33 33 47 47 54 21 21 22 23 23 23 23 25 31 31 32 30 30 25 25 23 35 35 25
 8 8 10 8 8 10 3 3 4 4 10 3 3 4 10 10 11 11 8 23 23 32 33 33 47 47 54 21 21 22 23 23 23 23 25 31 31 32 30 30 25 25 23 35 35 25
 5 5 5 5 5 9 10 10 3 3 2 2 2 3 9 9 9 9 12 14 14 23 32 32 46 46 27 21 21 28 14 14 16 16 16 46 46 39 21 21 23 23 24 43 43 26
 3 3 2 2 2 2 4 4 5 5 6 3 3 6 14 14 12 12 10 10 10 12 14 14 10 10 15 33 33 21 29 29 44 44 41 41 41 34 19 19 15 15 19 23 23 22
 3 3 2 2 2 2 4 4 5 5 6 3 3 6 14 14 12 12 10 10 10 12 14 14 10 10 15 33 33 21 29 29 44 44 41 41 41 34 19 19 15 15 19 23 23 22
 1 1 1 3 3 4 3 3 4 4 2 11 11 7 3 3 10 10 10 9 9 7 23 23 12 12 17 13 13 14 15 15 69 69 35 31 31 15 17 17 22 22 25 22 22 18
 3 3 3 3 3 3 8 8 16 16 6 3 3 7 4 4 6 6 5 9 9 7 15 15 14 14 10 14 14 15 11 11 31 31 35 31 31 11 22 22 23 23 20 9 9 13
 3 3 3 3 3 3 8 8 16 16 6 3 3 7 4 4 6 6 5 9 9 7 15 15 14 14 10 14 14 15 11 11 31 31 35 31 31 11 22 22 23 23 20 9 9 13
 4 4 4 2 2 5 5 5 8 8 13 3 3 2 3 3 9 9 5 6 6 8 7 7 19 19 19 19 19 16 16 16 69 69 76 45 45 13 15 15 17 17 13 10 10 4
 4 4 4 2 2 5 5 5 8 8 13 3 3 2 3 3 9 9 5 6 6 8 7 7 19 19 19 19 19 16 16 16 69 69 76 45 45 13 15 15 17 17 13 10 10 4
 5 5 4 3 3 3 5 5 6 6 8 6 6 5 3 3 9 9 5 5 5 4 12 12 19 19 47 13 13 15 19 19 14 14 38 28 28 32 24 24 21 21 7 3 3 4
 5 5 3 8 8 4 4 4 5 5 8 22 22 7 27 27 27 27 45 30 30 30 39 39 10 10 39 20 20 20 17 17 13 13 42 37 37 33 33 33 18 18 18 9 9 21
 5 5 3 8 8 4 4 4 5 5 8 22 22 7 27 27 27 27 45 30 30 30 39 39 10 10 39 20 20 20 17 17 13 13 42 37 37 33 33 33 18 18 18 9 9 21
 3 3 3 3 3 5 5 5 5 5 8 11 11 4 3 3 3 3 9 27 27 33 40 40 25 25 27 6 6 7 20 20 22 22 42 26 26 25 36 36 18 18 18 24 24 39
 2 2 3 4 4 5 5 5 5 5 5 4 4 2 2 2 3 3 7 24 24 24 40 40 18 18 28 5 5 17 14 14 26 26 27 25 25 17 26 26 28 28 30 31 31 41
 2 2 3 4 4 5 5 5 5 5 5 4 4 2 2 2 3 3 7 24 24 24 40 40 18 18 28 5 5 17 14 14 26 26 27 25 25 17 26 26 28 28 30 31 31 41
 1 1 3 4 4 5 6 6 8 8 4 3 3 4 3 3 2 2 2 11 11 19 31 31 17 17 18 3 3 21 26 26 23 23 32 26 26 23 22 22 24 24 27 43 43 45
 1 1 3 4 4 5 6 6 8 8 4 3 3 4 3 3 2 2 2 11 11 19 31 31 17 17 18 3 3 21 26 26 23 23 32 26 26 23 22 22 24 24 27 43 43 45
 1 1 2 3 3 3 5 5 6 6 5 2 2 2 4 4 4 4 2 10 10 16 16 16 7 7 4 4 4 4 22 22 21 21 25 15 15 20 21 21 20 20 24 32 32 50
 1 1 2 2 2 2 5 5 5 5 4 2 2 9 9 9 5 5 3 5 5 4 16 16 7 7 3 5 5 1 6 6 17 17 16 11 11 19 18 18 19 19 22 24 24 59
 1 1 2 2 2 2 5 5 5 5 4 2 2 9 9 9 5 5 3 5 5 4 16 16 7 7 3 5 5 1 6 6 17 17 16 11 11 19 18 18 19 19 22 24 24 59
 1 1 1 1 1 1 4 4 3 3 5 3 3 8 19 19 11 11 7 4 4 3 5 5 5 5 2 1 1 2 2 2 4 4 12 11 11 12 16 16 12 12 14 14 14 34
 2 2 1 2 2 1 4 4 4 4 4 4 4 20 14 14 9 9 7 3 3 2 2 2 6 6 5 7 7 11 11 11 7 7 3 4 4 7 12 12 7 7 14 22 22 22
