assets/RAT_results/precipitation/2018-04-16_IMERG.asc
ncols        46
nrows        77
xllcorner    74.800261325624
yllcorner    8.058333333333
cellsize     0.062500000000
NODATA_value -9999
 40 40 30 15 15 6 1 1 0 0 1 0 0 0 1 1 2 2 1 1 1 2 0 0 2 2 1 3 3 0 0 0 0 0 0 1 1 1 4 4 4 4 4 2 2 2
 19 19 48 5 5 2 1 1 0 0 0 0 0 0 1 1 2 2 1 2 2 1 1 1 1 1 2 3 3 0 0 0 0 0 0 4 4 5 5 5 8 8 4 2 2 2
 19 19 48 5 5 2 1 1 0 0 0 0 0 0 1 1 2 2 1 2 2 1 1 1 1 1 2 3 3 0 0 0 0 0 0 4 4 5 5 5 8 8 4 2 2 2
 13 13 15 6 6 2 4 4 5 5 1 1 1 1 3 3 2 2 2 1 1 2 1 1 1 1 1 2 2 1 1 1 3 3 4 4 4 10 10 10 5 5 2 2 2 0
 49 49 41 25 25 9 8 8 4 4 1 1 1 1 2 2 2 2 1 2 2 2 3 3 1 1 1 1 1 1 1 1 2 2 6 7 7 17 15 15 10 10 2 2 2 1
 49 49 41 25 25 9 8 8 4 4 1 1 1 1 2 2 2 2 1 2 2 2 3 3 1 1 1 1 1 1 1 1 2 2 6 7 7 17 15 15 10 10 2 2 2 1
 94 94 93 62 62 24 10 10 5 5 1 1 1 1 1 1 1 1 1 1 1 2 4 4 2 2 8 3 3 6 5 5 6 6 9 13 13 20 18 18 9 9 4 4 4 1
 94 94 93 62 62 24 10 10 5 5 1 1 1 1 1 1 1 1 1 1 1 2 4 4 2 2 8 3 3 6 5 5 6 6 9 13 13 20 18 18 9 9 4 4 4 1
 42 42 56 32 32 17 10 10 3 3 1 2 2 1 2 2 3 3 3 2 2 2 2 2 4 4 3 5 5 6 10 10 10 10 16 17 17 20 10 10 7 7 1 0 0 0
 56 56 32 32 32 18 13 13 4 4 2 2 2 3 4 4 5 5 6 5 5 3 2 2 6 6 6 6 6 13 10 10 11 11 15 12 12 10 7 7 8 8 0 0 0 0
 56 56 32 32 32 18 13 13 4 4 2 2 2 3 4 4 5 5 6 5 5 3 2 2 6 6 6 6 6 13 10 10 11 11 15 12 12 10 7 7 8 8 0 0 0 0
 35 35 39 16 16 11 8 8 8 8 4 4 4 6 6 6 8 8 8 7 7 5 3 3 5 5 7 5 5 11 8 8 9 9 12 12 12 10 8 8 1 1 0 0 0 0
 97 97 39 26 26 15 51 51 14 14 7 8 8 8 10 10 12 12 16 25 25 6 4 4 2 2 5 7 7 11 20 20 3 3 5 1 1 11 2 2 1 1 0 0 0 0
 97 97 39 26 26 15 51 51 14 14 7 8 8 8 10 10 12 12 16 25 25 6 4 4 2 2 5 7 7 11 20 20 3 3 5 1 1 11 2 2 1 1 0 0 0 0
 71 71 111 50 50 24 30 30 31 31 15 17 17 18 16 16 17 17 28 19 19 10 6 6 4 4 3 3 3 6 2 2 8 8 8 1 1 1 2 2 2 2 0 0 0 0
 71 71 111 50 50 24 30 30 31 31 15 17 17 18 16 16 17 17 28 19 19 10 6 6 4 4 3 3 3 6 2 2 8 8 8 1 1 1 2 2 2 2 0 0 0 0
 62 62 108 63 63 104 58 58 50 50 24 16 16 29 40 40 24 24 19 15 15 8 10 10 4 4 1 2 2 2 2 2 0 0 0 1 1 0 0 0 0 0 0 0 0 0
 58 58 59 45 45 116 79 79 69 69 29 31 31 31 28 28 26 26 22 16 16 7 3 3 2 2 1 0 0 0 1 1 1 1 0 1 1 0 0 0 0 0 0 0 0 0
 58 58 59 45 45 116 79 79 69 69 29 31 31 31 28 28 26 26 22 16 16 7 3 3 2 2 1 0 0 0 1 1 1 1 0 1 1 0 0 0 0 0 0 0 0 0
 65 65 39 37 37 119 73 73 77 77 66 44 44 26 25 25 26 26 14 10 10 3 1 1 1 1 1 0 0 0 1 1 1 1 1 1 1 0 0 0 0 0 0 0 0 0
 48 48 70 38 38 126 110 110 90 90 55 41 41 42 20 20 17 17 12 5 5 1 1 1 0 0 0 0 0 0 0 0 0 0 0 0 0 0 0 0 0 0 0 0 0 0
 48 48 70 38 38 126 110 110 90 90 55 41 41 42 20 20 17 17 12 5 5 1 1 1 0 0 0 0 0 0 0 0 0 0 0 0 0 0 0 0 0 0 0 0 0 0
 13 13 39 43 43 38 83 83 65 65 57 42 42 24 25 25 16 16 2 0 0 0 0 0 0 0 0 0 0 0 0 0 0 0 0 0 0 0 0 0 0 0 0 0 0 0
 13 13 39 43 43 38 83 83 65 65 57 42 42 24 25 25 16 16 2 0 0 0 0 0 0 0 0 0 0 0 0 0 0 0 0 0 0 0 0 0 0 0 0 0 0 0
 31 31 35 33 33 65 49 49 32 32 32 32 32 36 15 15 10 10 3 0 0 0 0 0 0 0 0 0 0 0 0 0 0 0 0 0 0 0 0 0 0 0 0 0 0 0
 11 11 32 36 36 19 21 21 16 16 25 31 31 33 20 20 14 14 1 0 0 4 1 1 0 0 0 0 0 0 0 0 0 0 0 0 0 0 0 0 0 0 0 0 0 0
 11 11 32 36 36 19 21 21 16 16 25 31 31 33 20 20 14 14 1 0 0 4 1 1 0 0 0 0 0 0 0 0 0 0 0 0 0 0 0 0 0 0 0 0 0 0
 12 12 16 17 17 19 14 14 13 13 20 58 58 32 23 23 10 10 1 0 0 4 0 0 0 0 0 0 0 0 0 0 0 0 0 0 0 0 0 0 0 0 0 0 0 0
 14 14 12 18 18 19 14 14 23 23 21 53 53 31 18 18 5 5 6 0 0 0 0 0 0 0 0 0 0 0 0 0 0 0 0 0 0 0 0 0 0 0 0 0 0 0
 14 14 12 18 18 19 14 14 23 23 21 53 53 31 18 18 5 5 6 0 0 0 0 0 0 0 0 0 0 0 0 0 0 0 0 0 0 0 0 0 0 0 0 0 0 0
 16 16 12 13 13 14 11 11 23 23 44 46 46 75 43 43 25 25 22 7 7 0 0 0 0 0 0 0 0 0 0 0 0 0 0 0 0 0 0 0 0 0 0 0 0 0
 16 16 12 13 13 14 11 11 23 23 44 46 46 75 43 43 25 25 22 7 7 0 0 0 0 0 0 0 0 0 0 0 0 0 0 0 0 0 0 0 0 0 0 0 0 0
 52 52 19 14 14 15 13 13 18 18 34 29 29 20 20 20 15 15 14 3 3 0 0 0 0 0 0 2 2 0 0 0 0 0 0 0 0 0 0 0 0 0 0 0 0 0
 46 46 27 16 16 14 14 14 14 14 28 21 21 19 9 9 4 4 0 0 0 5 0 0 0 0 0 0 0 0 0 0 0 0 0 0 0 0 0 0 0 0 0 0 0 0
 46 46 27 16 16 14 14 14 14 14 28 21 21 19 9 9 4 4 0 0 0 5 0 0 0 0 0 0 0 0 0 0 0 0 0 0 0 0 0 0 0 0 0 0 0 0
 30 30 21 14 14 15 7 7 11 11 8 7 7 13 0 0 0 0 0 0 0 0 0 0 0 0 0 0 0 1 0 0 0 0 0 0 0 0 0 0 0 0 0 0 0 0
 26 26 19 10 10 15 22 22 15 15 10 1 1 0 1 1 0 0 0 0 0 0 0 0 0 0 0 0 0 0 0 0 0 0 0 0 0 0 0 0 0 0 0 0 0 0
 26 26 19 10 10 15 22 22 15 15 10 1 1 0 1 1 0 0 0 0 0 0 0 0 0 0 0 0 0 0 0 0 0 0 0 0 0 0 0 0 0 0 0 0 0 0
 14 14 14 11 11 14 9 9 9 9 3 0 0 0 0 0 4 4 4 1 1 3 0 0 0 0 0 0 0 0 1 1 1 1 0 0 0 1 0 0 0 0 0 0 0 1
 14 14 14 11 11 14 9 9 9 9 3 0 0 0 0 0 4 4 4 1 1 3 0 0 0 0 0 0 0 0 1 1 1 1 0 0 0 1 0 0 0 0 0 0 0 1
 12 12 31 19 19 7 4 4 4 4 3 0 0 0 0 0 14 14 8 4 4 7 3 3 1 1 3 0 0 2 2 2 11 11 2 6 6 1 0 0 3 3 2 2 2 1
 38 38 12 12 12 16 15 15 4 4 6 1 1 2 14 14 27 27 25 23 23 9 6 6 4 4 5 2 2 3 9 9 11 11 7 4 4 10 6 6 7 7 7 3 3 4
 38 38 12 12 12 16 15 15 4 4 6 1 1 2 14 14 27 27 25 23 23 9 6 6 4 4 5 2 2 3 9 9 11 11 7 4 4 10 6 6 7 7 7 3 3 4
 8 8 8 25 25 65 54 54 8 8 6 1 1 2 16 16 30 30 24 9 9 14 12 12 7 7 3 2 2 3 11 11 32 32 9 8 8 10 11 11 13 13 4 5 5 12
 27 27 30 31 31 30 7 7 2 2 1 2 2 7 11 11 33 33 15 14 14 13 9 9 11 11 5 11 11 9 6 6 16 16 13 17 17 21 17 17 13 13 10 3 3 0
 27 27 30 31 31 30 7 7 2 2 1 2 2 7 11 11 33 33 15 14 14 13 9 9 11 11 5 11 11 9 6 6 16 16 13 17 17 21 17 17 13 13 10 3 3 0
 51 51 34 25 25 19 5 5 2 2 2 6 6 9 12 12 32 32 21 22 22 12 13 13 9 9 6 3 3 3 7 7 8 8 8 11 11 14 12 12 14 14 7 4 4 0
 51 51 34 25 25 19 5 5 2 2 2 6 6 9 12 12 32 32 21 22 22 12 13 13 9 9 6 3 3 3 7 7 8 8 8 11 11 14 12 12 14 14 7 4 4 0
 56 56 24 20 20 12 2 2 1 1 2 4 4 7 14 14 24 24 14 18 18 17 23 23 20 20 12 8 8 6 4 4 10 10 9 12 12 12 12 12 8 8 1 2 2 1
 37 37 21 13 13 19 16 16 2 2 16 14 14 14 13 13 16 16 20 11 11 15 20 20 16 16 10 7 7 9 4 4 8 8 8 14 14 4 4 4 1 1 0 0 0 0
 37 37 21 13 13 19 16 16 2 2 16 14 14 14 13 13 16 16 20 11 11 15 20 20 16 16 10 7 7 9 4 4 8 8 8 14 14 4 4 4 1 1 0 0 0 0
 6 6 6 22 22 25 31 31 40 40 52 32 32 27 15 15 19 19 19 21 21 8 10 10 14 14 9 7 7 4 9 9 5 5 6 4 4 3 1 1 1 1 0 0 0 0
 6 6 6 17 17 36 52 52 39 39 31 23 23 28 28 28 23 23 21 11 11 6 8 8 10 10 3 4 4 15 5 5 8 8 1 2 2 1 1 1 0 0 0 0 0 0
 6 6 6 17 17 36 52 52 39 39 31 23 23 28 28 28 23 23 21 11 11 6 8 8 10 10 3 4 4 15 5 5 8 8 1 2 2 1 1 1 0 0 0 0 0 0
 1 1 0 12 12 23 25 25 25 25 23 16 16 18 19 19 22 22 20 3 3 2 2 2 5 5 3 14 14 17 11 11 10 10 2 1 1 2 1 1 1 1 0 0 0 0
 1 1 0 12 12 23 25 25 25 25 23 16 16 18 19 19 22 22 20 3 3 2 2 2 5 5 3 14 14 17 11 11 10 10 2 1 1 2 1 1 1 1 0 0 0 0
 3 3 1 11 11 18 18 18 18 18 12 13 13 7 4 4 3 3 5 1 1 1 1 1 3 3 3 15 15 15 7 7 13 13 7 7 7 1 1 1 1 1 1 1 1 1
 4 4 3 6 6 9 10 10 11 11 8 8 8 3 2 2 1 1 1 1 1 1 2 2 3 3 2 3 3 16 18 18 14 14 12 3 3 1 1 1 11 11 2 3 3 3
 4 4 3 6 6 9 10 10 11 11 8 8 8 3 2 2 1 1 1 1 1 1 2 2 3 3 2 3 3 16 18 18 14 14 12 3 3 1 1 1 11 11 2 3 3 3
 9 9 5 0 0 0 6 6 11 11 9 9 9 2 2 2 1 1 0 1 1 1 1 1 1 1 4 4 4 12 6 6 14 14 6 3 3 1 1 1 1 1 2 1 1 7
 2 2 1 0 0 0 6 6 7 7 8 2 2 1 0 0 0 0 0 1 1 1 1 1 1 1 2 2 2 6 6 6 6 6 1 3 3 2 3 3 2 2 3 6 6 8
 2 2 1 0 0 0 6 6 7 7 8 2 2 1 0 0 0 0 0 1 1 1 1 1 1 1 2 2 2 6 6 6 6 6 1 3 3 2 3 3 2 2 3 6 6 8
 2 2 1 0 0 0 1 1 6 6 2 0 0 0 0 0 0 0 0 0 0 1 1 1 1 1 1 2 2 1 1 1 1 1 1 2 2 3 3 3 1 1 1 3 3 18
 2 2 1 0 0 0 1 1 6 6 2 0 0 0 0 0 0 0 0 0 0 1 1 1 1 1 1 2 2 1 1 1 1 1 1 2 2 3 3 3 1 1 1 3 3 18
 0 0 0 0 0 0 0 0 1 1 1 0 0 0 0 0 0 0 0 0 0 0 0 0 0 0 0 0 0 0 0 0 0 0 2 3 3 1 1 1 1 1 0 0 0 2
 0 0 0 0 0 0 0 0 0 0 1 0 0 0 0 0 0 0 0 0 0 0 0 0 0 0 0 0 0 0 0 0 0 0 0 0 0 0 0 0 0 0 0 0 0 0
 0 0 0 0 0 0 0 0 0 0 1 0 0 0 0 0 0 0 0 0 0 0 0 0 0 0 0 0 0 0 0 0 0 0 0 0 0 0 0 0 0 0 0 0 0 0
 0 0 0 0 0 0 1 1 1 1 0 0 0 0 0 0 0 0 0 0 0 0 0 0 0 0 0 0 0 0 0 0 0 0 0 0 0 0 0 0 0 0 0 0 0 0
 0 0 0 0 0 0 0 0 0 0 0 0 0 0 0 0 0 0 0 0 0 0 0 0 0 0 0 0 0 0 0 0 0 0 0 0 0 0 0 0 2 2 0 0 0 0
 0 0 0 0 0 0 0 0 0 0 0 0 0 0 0 0 0 0 0 0 0 0 0 0 0 0 0 0 0 0 0 0 0 0 0 0 0 0 0 0 2 2 0 0 0 0
 0 0 0 0 0 0 0 0 0 0 0 0 0 0 0 0 0 0 0 0 0 0 0 0 0 0 0 0 0 0 0 0 0 0 0 0 0 0 2 2 8 8 8 1 1 0
 0 0 0 0 0 0 0 0 0 0 0 0 0 0 0 0 0 0 0 0 0 0 0 0 0 0 0 0 0 0 0 0 0 0 0 0 0 0 2 2 8 8 8 1 1 0
 0 0 0 0 0 0 0 0 0 0 0 0 0 0 0 0 0 0 0 0 0 0 0 0 0 0 0 0 0 0 0 0 0 0 0 0 0 0 2 2 4 4 2 2 2 0
 0 0 0 0 0 0 0 0 0 0 0 0 0 0 0 0 0 0 0 0 0 0 0 0 0 0 0 0 0 0 0 0 0 0 0 0 0 0 0 0 0 0 0 0 0 0
 0 0 0 0 0 0 0 0 0 0 0 0 0 0 0 0 0 0 0 0 0 0 0 0 0 0 0 0 0 0 0 0 0 0 0 0 0 0 0 0 0 0 0 0 0 0
 0 0 0 0 0 0 0 0 0 0 0 0 0 0 0 0 0 0 0 0 0 0 0 0 0 0 0 0 0 0 0 0 0 0 0 0 0 0 0 0 0 0 0 0 0 0
 0 0 0 0 0 0 0 0 0 0 0 0 0 0 0 0 0 0 0 0 0 0 0 0 0 0 0 0 0 0 0 0 0 0 0 0 0 0 0 0 0 0 0 0 0 0
