assets/RAT_results/precipitation/2019-08-07_IMERG.asc
ncols        46
nrows        77
xllcorner    74.800261325624
yllcorner    8.058333333333
cellsize     0.062500000000
NODATA_value -9999
 24 24 24 26 26 27 38 38 41 41 37 49 49 83 30 30 29 29 28 19 19 14 7 7 9 9 8 13 13 17 16 16 21 21 10 22 22 13 6 6 3 3 3 4 4 4
 26 26 25 25 25 27 32 32 29 29 45 34 34 33 20 20 29 29 23 18 18 13 13 13 10 10 10 12 12 13 12 12 9 9 11 17 17 12 3 3 2 2 2 1 1 2
 26 26 25 25 25 27 32 32 29 29 45 34 34 33 20 20 29 29 23 18 18 13 13 13 10 10 10 12 12 13 12 12 9 9 11 17 17 12 3 3 2 2 2 1 1 2
 17 17 21 22 22 32 37 37 29 29 38 32 32 70 25 25 25 25 16 17 17 15 18 18 10 10 15 7 7 6 8 8 7 7 4 4 4 2 2 2 2 2 5 1 1 1
 12 12 19 26 26 24 25 25 35 35 38 55 55 47 31 31 28 28 27 28 28 20 22 22 12 12 13 7 7 3 4 4 4 4 2 1 1 1 1 1 3 3 1 1 1 1
 12 12 19 26 26 24 25 25 35 35 38 55 55 47 31 31 28 28 27 28 28 20 22 22 12 12 13 7 7 3 4 4 4 4 2 1 1 1 1 1 3 3 1 1 1 1
 14 14 23 41 41 35 32 32 26 26 27 27 27 32 32 32 27 27 43 44 44 18 18 18 8 8 7 5 5 3 2 2 4 4 1 1 1 2 5 5 2 2 1 0 0 0
 14 14 23 41 41 35 32 32 26 26 27 27 27 32 32 32 27 27 43 44 44 18 18 18 8 8 7 5 5 3 2 2 4 4 1 1 1 2 5 5 2 2 1 0 0 0
 15 15 47 37 37 37 31 31 33 33 40 37 37 54 52 52 54 54 50 47 47 28 22 22 24 24 10 10 10 6 14 14 13 13 4 3 3 7 6 6 8 8 0 0 0 0
 22 22 36 35 35 45 34 34 41 41 45 59 59 59 61 61 69 69 63 69 69 39 34 34 35 35 28 43 43 25 19 19 20 20 4 7 7 5 7 7 7 7 4 0 0 1
 22 22 36 35 35 45 34 34 41 41 45 59 59 59 61 61 69 69 63 69 69 39 34 34 35 35 28 43 43 25 19 19 20 20 4 7 7 5 7 7 7 7 4 0 0 1
 19 19 22 47 47 49 30 30 38 38 57 91 91 140 142 142 107 107 103 82 82 97 43 43 46 46 47 39 39 24 19 19 21 21 18 8 8 4 8 8 6 6 3 2 2 1
 16 16 23 49 49 31 37 37 44 44 48 91 91 92 157 157 217 217 180 156 156 157 49 49 41 41 44 42 42 27 22 22 18 18 15 7 7 3 7 7 6 6 6 3 3 1
 16 16 23 49 49 31 37 37 44 44 48 91 91 92 157 157 217 217 180 156 156 157 49 49 41 41 44 42 42 27 22 22 18 18 15 7 7 3 7 7 6 6 6 3 3 1
 12 12 19 27 27 39 52 52 70 70 93 121 121 178 173 173 173 173 155 171 171 133 50 50 37 37 35 26 26 20 13 13 7 7 5 2 2 3 8 8 9 9 10 3 3 2
 12 12 19 27 27 39 52 52 70 70 93 121 121 178 173 173 173 173 155 171 171 133 50 50 37 37 35 26 26 20 13 13 7 7 5 2 2 3 8 8 9 9 10 3 3 2
 17 17 24 29 29 41 47 47 80 80 106 128 128 120 94 94 88 88 131 130 130 129 44 44 30 30 21 18 18 12 8 8 5 5 5 3 3 2 8 8 10 10 11 5 5 3
 18 18 26 31 31 34 43 43 44 44 60 73 73 79 72 72 65 65 52 45 45 37 26 26 18 18 12 12 12 10 9 9 7 7 4 2 2 2 9 9 9 9 7 5 5 3
 18 18 26 31 31 34 43 43 44 44 60 73 73 79 72 72 65 65 52 45 45 37 26 26 18 18 12 12 12 10 9 9 7 7 4 2 2 2 9 9 9 9 7 5 5 3
 19 19 24 28 28 25 27 27 37 37 34 55 55 55 54 54 48 48 44 45 45 39 30 30 23 23 20 12 12 14 14 14 11 11 7 3 3 5 4 4 8 8 3 3 3 2
 18 18 21 22 22 21 22 22 31 31 30 48 48 41 45 45 35 35 42 44 44 53 34 34 30 30 29 33 33 21 14 14 13 13 4 4 4 3 2 2 3 3 2 0 0 2
 18 18 21 22 22 21 22 22 31 31 30 48 48 41 45 45 35 35 42 44 44 53 34 34 30 30 29 33 33 21 14 14 13 13 4 4 4 3 2 2 3 3 2 0 0 2
 19 19 20 22 22 22 22 22 20 20 20 23 23 31 38 38 37 37 54 52 52 58 50 50 51 51 45 38 38 27 24 24 9 9 6 3 3 2 2 2 2 2 0 0 0 0
 19 19 20 22 22 22 22 22 20 20 20 23 23 31 38 38 37 37 54 52 52 58 50 50 51 51 45 38 38 27 24 24 9 9 6 3 3 2 2 2 2 2 0 0 0 0
 19 19 19 19 19 19 18 18 17 17 15 15 15 25 29 29 35 35 45 47 47 48 62 62 60 60 58 38 38 38 24 24 11 11 11 10 10 4 4 4 4 4 3 2 2 0
 16 16 16 17 17 17 15 15 14 14 15 15 15 17 44 44 38 38 32 36 36 38 49 49 57 57 61 39 39 28 25 25 20 20 3 10 10 10 9 9 10 10 2 2 2 1
 16 16 16 17 17 17 15 15 14 14 15 15 15 17 44 44 38 38 32 36 36 38 49 49 57 57 61 39 39 28 25 25 20 20 3 10 10 10 9 9 10 10 2 2 2 1
 16 16 15 13 13 12 10 10 10 10 13 13 13 15 15 15 35 35 42 37 37 42 49 49 44 44 38 29 29 16 14 14 14 14 17 10 10 10 9 9 11 11 2 2 2 0
 14 14 14 13 13 10 10 10 9 9 11 11 11 11 13 13 34 34 34 26 26 28 41 41 36 36 31 26 26 10 7 7 12 12 11 8 8 8 4 4 5 5 3 2 2 0
 14 14 14 13 13 10 10 10 9 9 11 11 11 11 13 13 34 34 34 26 26 28 41 41 36 36 31 26 26 10 7 7 12 12 11 8 8 8 4 4 5 5 3 2 2 0
 12 12 13 12 12 12 11 11 9 9 11 11 11 11 14 14 32 32 29 35 35 26 24 24 27 27 26 18 18 10 16 16 9 9 9 6 6 8 5 5 3 3 1 1 1 1
 12 12 13 12 12 12 11 11 9 9 11 11 11 11 14 14 32 32 29 35 35 26 24 24 27 27 26 18 18 10 16 16 9 9 9 6 6 8 5 5 3 3 1 1 1 1
 10 10 12 11 11 11 11 11 11 11 12 13 13 12 13 13 23 23 24 20 20 21 20 20 31 31 35 36 36 27 11 11 8 8 9 6 6 4 3 3 2 2 1 0 0 0
 11 11 12 8 8 8 11 11 11 11 11 12 12 14 12 12 14 14 22 21 21 15 12 12 19 19 30 49 49 52 12 12 11 11 9 9 9 5 3 3 2 2 1 1 1 0
 11 11 12 8 8 8 11 11 11 11 11 12 12 14 12 12 14 14 22 21 21 15 12 12 19 19 30 49 49 52 12 12 11 11 9 9 9 5 3 3 2 2 1 1 1 0
 8 8 8 6 6 8 9 9 11 11 10 12 12 15 9 9 13 13 19 25 25 18 17 17 11 11 27 42 42 50 52 52 9 9 25 12 12 5 4 4 5 5 3 2 2 1
 5 5 4 4 4 4 6 6 7 7 8 9 9 15 17 17 17 17 17 25 25 21 16 16 13 13 32 51 51 57 57 57 25 25 28 13 13 11 5 5 4 4 4 2 2 1
 5 5 4 4 4 4 6 6 7 7 8 9 9 15 17 17 17 17 17 25 25 21 16 16 13 13 32 51 51 57 57 57 25 25 28 13 13 11 5 5 4 4 4 2 2 1
 2 2 3 3 3 3 4 4 4 4 6 9 9 23 24 24 17 17 21 27 27 18 16 16 17 17 37 51 51 69 31 31 32 32 27 12 12 12 10 10 8 8 4 3 3 5
 2 2 3 3 3 3 4 4 4 4 6 9 9 23 24 24 17 17 21 27 27 18 16 16 17 17 37 51 51 69 31 31 32 32 27 12 12 12 10 10 8 8 4 3 3 5
 3 3 3 3 3 3 3 3 5 5 7 16 16 18 28 28 16 16 21 21 21 14 18 18 18 18 29 35 35 48 36 36 32 32 33 20 20 21 13 13 7 7 5 6 6 5
 5 5 4 4 4 4 5 5 7 7 9 13 13 21 19 19 18 18 14 16 16 23 22 22 18 18 32 32 32 60 55 55 31 31 32 32 32 21 14 14 11 11 5 5 5 4
 5 5 4 4 4 4 5 5 7 7 9 13 13 21 19 19 18 18 14 16 16 23 22 22 18 18 32 32 32 60 55 55 31 31 32 32 32 21 14 14 11 11 5 5 5 4
 5 5 5 4 4 4 6 6 8 8 9 9 9 10 8 8 8 8 12 17 17 45 36 36 28 28 31 42 42 53 44 44 33 33 30 40 40 23 14 14 13 13 7 7 7 6
 8 8 4 4 4 5 6 6 6 6 7 9 9 10 16 16 19 19 37 48 48 50 38 38 41 41 33 46 46 49 41 41 53 53 42 39 39 32 24 24 10 10 10 5 5 5
 8 8 4 4 4 5 6 6 6 6 7 9 9 10 16 16 19 19 37 48 48 50 38 38 41 41 33 46 46 49 41 41 53 53 42 39 39 32 24 24 10 10 10 5 5 5
 8 8 4 4 4 4 6 6 6 6 11 12 12 13 14 14 24 24 39 41 41 39 32 32 36 36 35 50 50 45 44 44 39 39 47 40 40 29 23 23 10 10 11 6 6 3
 8 8 4 4 4 4 6 6 6 6 11 12 12 13 14 14 24 24 39 41 41 39 32 32 36 36 35 50 50 45 44 44 39 39 47 40 40 29 23 23 10 10 11 6 6 3
 8 8 6 6 6 6 21 21 10 10 14 10 10 13 14 14 22 22 41 43 43 41 37 37 34 34 38 35 35 42 54 54 53 53 37 47 47 32 26 26 14 14 14 8 8 4
 23 23 23 19 19 23 24 24 14 14 36 14 14 14 15 15 20 20 42 46 46 39 38 38 36 36 38 105 105 69 50 50 51 51 33 38 38 27 34 34 18 18 16 6 6 4
 23 23 23 19 19 23 24 24 14 14 36 14 14 14 15 15 20 20 42 46 46 39 38 38 36 36 38 105 105 69 50 50 51 51 33 38 38 27 34 34 18 18 16 6 6 4
 23 23 24 30 30 33 33 33 38 38 39 18 18 17 20 20 27 27 26 37 37 41 42 42 39 39 106 101 101 69 47 47 49 49 33 42 42 42 22 22 22 22 17 6 6 3
 44 44 47 36 36 36 36 36 51 51 45 26 26 27 27 27 38 38 39 48 48 52 52 52 50 50 57 67 67 48 58 58 34 34 25 37 37 20 16 16 16 16 8 7 7 3
 44 44 47 36 36 36 36 36 51 51 45 26 26 27 27 27 38 38 39 48 48 52 52 52 50 50 57 67 67 48 58 58 34 34 25 37 37 20 16 16 16 16 8 7 7 3
 36 36 46 52 52 57 54 54 55 55 50 30 30 32 43 43 42 42 45 59 59 65 69 69 50 50 52 67 67 51 41 41 41 41 21 28 28 47 32 32 6 6 6 5 5 2
 36 36 46 52 52 57 54 54 55 55 50 30 30 32 43 43 42 42 45 59 59 65 69 69 50 50 52 67 67 51 41 41 41 41 21 28 28 47 32 32 6 6 6 5 5 2
 35 35 46 40 40 56 76 76 81 81 67 69 69 41 47 47 48 48 41 34 34 44 60 60 49 49 46 53 53 59 44 44 38 38 20 27 27 45 30 30 4 4 6 5 5 2
 29 29 39 42 42 47 78 78 83 83 68 41 41 27 25 25 24 24 23 20 20 34 53 53 59 59 52 33 33 24 35 35 43 43 27 27 27 15 9 9 5 5 5 4 4 2
 29 29 39 42 42 47 78 78 83 83 68 41 41 27 25 25 24 24 23 20 20 34 53 53 59 59 52 33 33 24 35 35 43 43 27 27 27 15 9 9 5 5 5 4 4 2
 38 38 48 45 45 29 29 29 28 28 32 33 33 19 17 17 19 19 17 18 18 18 18 18 19 19 28 31 31 24 34 34 37 37 44 45 45 18 16 16 6 6 4 3 3 0
 43 43 56 58 58 41 37 37 31 31 24 21 21 17 16 16 18 18 18 15 15 14 16 16 15 15 18 21 21 22 38 38 39 39 14 45 45 14 11 11 7 7 7 4 4 1
 43 43 56 58 58 41 37 37 31 31 24 21 21 17 16 16 18 18 18 15 15 14 16 16 15 15 18 21 21 22 38 38 39 39 14 45 45 14 11 11 7 7 7 4 4 1
 43 43 39 40 40 39 37 37 31 31 25 21 21 18 20 20 19 19 18 13 13 10 12 12 15 15 19 18 18 18 18 18 16 16 15 26 26 16 12 12 14 14 10 7 7 5
 43 43 39 40 40 39 37 37 31 31 25 21 21 18 20 20 19 19 18 13 13 10 12 12 15 15 19 18 18 18 18 18 16 16 15 26 26 16 12 12 14 14 10 7 7 5
 41 41 44 47 47 47 46 46 41 41 36 33 33 28 24 24 19 19 17 13 13 12 12 12 12 12 16 16 16 18 20 20 14 14 15 22 22 25 22 22 20 20 15 15 15 6
 46 46 48 48 48 49 49 49 46 46 41 36 36 30 23 23 18 18 15 14 14 16 19 19 24 24 31 18 18 22 23 23 20 20 17 23 23 24 40 40 22 22 21 14 14 9
 46 46 48 48 48 49 49 49 46 46 41 36 36 30 23 23 18 18 15 14 14 16 19 19 24 24 31 18 18 22 23 23 20 20 17 23 23 24 40 40 22 22 21 14 14 9
 46 46 51 55 55 57 56 56 55 55 48 42 42 35 28 28 22 22 20 20 20 22 24 24 28 28 37 21 21 24 27 27 29 29 22 20 20 44 41 41 41 41 23 19 19 13
 45 45 51 57 57 59 58 58 54 54 48 41 41 34 28 28 26 26 25 28 28 30 33 33 38 38 40 38 38 34 30 30 32 32 21 24 24 18 22 22 26 26 28 26 26 30
 45 45 51 57 57 59 58 58 54 54 48 41 41 34 28 28 26 26 25 28 28 30 33 33 38 38 40 38 38 34 30 30 32 32 21 24 24 18 22 22 26 26 28 26 26 30
 50 50 58 67 67 71 66 66 56 56 49 42 42 39 35 35 33 33 34 37 37 36 38 38 41 41 42 43 43 42 37 37 33 33 24 21 21 19 23 23 30 30 31 50 50 47
 50 50 58 67 67 71 66 66 56 56 49 42 42 39 35 35 33 33 34 37 37 36 38 38 41 41 42 43 43 42 37 37 33 33 24 21 21 19 23 23 30 30 31 50 50 47
 56 56 66 71 71 72 71 71 61 61 54 51 51 49 48 48 47 47 48 47 47 45 47 47 51 51 51 50 50 40 34 34 34 34 27 23 23 24 28 28 26 26 31 40 40 33
 75 75 76 70 70 67 63 63 59 59 59 65 65 75 83 83 90 90 94 90 90 86 80 80 68 68 56 49 49 37 30 30 30 30 28 28 28 25 24 24 25 25 25 29 29 43
 75 75 76 70 70 67 63 63 59 59 59 65 65 75 83 83 90 90 94 90 90 86 80 80 68 68 56 49 49 37 30 30 30 30 28 28 28 25 24 24 25 25 25 29 29 43
 84 84 77 65 65 64 61 61 63 63 67 71 71 82 92 92 93 93 90 87 87 81 76 76 67 67 57 44 44 33 28 28 25 25 23 22 22 20 18 18 27 27 24 27 27 34
 80 80 72 67 67 66 66 66 70 70 69 67 67 73 79 79 79 79 76 75 75 75 73 73 62 62 50 40 40 38 35 35 30 30 26 24 24 23 22 22 22 22 27 22 22 21
