assets/RAT_results/precipitation/2019-07-17_IMERG.asc
ncols        46
nrows        77
xllcorner    74.800261325624
yllcorner    8.058333333333
cellsize     0.062500000000
NODATA_value -9999
 4 4 2 0 0 2 0 0 3 3 0 2 2 3 8 8 5 5 6 8 8 8 5 5 1 1 0 0 0 0 0 0 1 1 1 4 4 2 2 2 2 2 1 1 1 0
 1 1 2 2 2 2 4 4 4 4 3 6 6 6 11 11 6 6 3 2 2 6 0 0 0 0 0 0 0 1 1 1 1 1 2 7 7 1 1 1 1 1 1 0 0 0
 1 1 2 2 2 2 4 4 4 4 3 6 6 6 11 11 6 6 3 2 2 6 0 0 0 0 0 0 0 1 1 1 1 1 2 7 7 1 1 1 1 1 1 0 0 0
 2 2 4 2 2 1 1 1 2 2 3 4 4 8 19 19 13 13 6 1 1 0 0 0 0 0 0 0 0 1 1 1 1 1 1 1 1 1 0 0 0 0 0 0 0 0
 2 2 4 5 5 1 1 1 2 2 3 3 3 8 9 9 11 11 6 1 1 1 0 0 0 0 0 0 0 0 2 2 6 6 8 4 4 1 0 0 0 0 0 0 0 0
 2 2 4 5 5 1 1 1 2 2 3 3 3 8 9 9 11 11 6 1 1 1 0 0 0 0 0 0 0 0 2 2 6 6 8 4 4 1 0 0 0 0 0 0 0 0
 2 2 2 3 3 1 0 0 1 1 2 1 1 6 7 7 8 8 4 1 1 2 1 1 0 0 1 1 1 1 3 3 6 6 9 2 2 1 0 0 0 0 0 0 0 0
 2 2 2 3 3 1 0 0 1 1 2 1 1 6 7 7 8 8 4 1 1 2 1 1 0 0 1 1 1 1 3 3 6 6 9 2 2 1 0 0 0 0 0 0 0 0
 4 4 4 4 4 2 0 0 0 0 1 1 1 2 3 3 5 5 2 1 1 4 3 3 0 0 1 1 1 1 3 3 5 5 2 1 1 0 1 1 1 1 1 0 0 0
 4 4 4 5 5 3 0 0 0 0 1 3 3 3 3 3 1 1 2 1 1 4 4 4 2 2 1 3 3 0 1 1 1 1 1 1 1 1 0 0 1 1 0 0 0 0
 4 4 4 5 5 3 0 0 0 0 1 3 3 3 3 3 1 1 2 1 1 4 4 4 2 2 1 3 3 0 1 1 1 1 1 1 1 1 0 0 1 1 0 0 0 0
 3 3 3 2 2 1 2 2 0 0 0 2 2 3 3 3 3 3 2 4 4 2 3 3 3 3 2 2 2 1 1 1 2 2 1 1 1 1 1 1 0 0 0 0 0 0
 3 3 2 2 2 2 2 2 3 3 1 0 0 1 3 3 3 3 3 0 0 1 4 4 5 5 6 6 6 2 1 1 4 4 2 0 0 0 0 0 0 0 0 0 0 0
 3 3 2 2 2 2 2 2 3 3 1 0 0 1 3 3 3 3 3 0 0 1 4 4 5 5 6 6 6 2 1 1 4 4 2 0 0 0 0 0 0 0 0 0 0 0
 3 3 3 2 2 2 3 3 4 4 2 1 1 1 2 2 1 1 0 0 0 0 1 1 7 7 13 4 4 5 2 2 2 2 1 0 0 0 0 0 0 0 0 0 0 0
 3 3 3 2 2 2 3 3 4 4 2 1 1 1 2 2 1 1 0 0 0 0 1 1 7 7 13 4 4 5 2 2 2 2 1 0 0 0 0 0 0 0 0 0 0 0
 5 5 4 2 2 2 2 2 4 4 1 2 2 2 1 1 1 1 0 1 1 0 0 0 0 0 1 4 4 1 0 0 0 0 0 0 0 0 1 1 0 0 0 0 0 0
 5 5 4 2 2 1 3 3 4 4 5 2 2 2 2 2 0 0 1 1 1 1 0 0 0 0 0 0 0 0 0 0 0 0 0 0 0 0 1 1 0 0 0 0 0 0
 5 5 4 2 2 1 3 3 4 4 5 2 2 2 2 2 0 0 1 1 1 1 0 0 0 0 0 0 0 0 0 0 0 0 0 0 0 0 1 1 0 0 0 0 0 0
 8 8 6 2 2 2 1 1 3 3 2 3 3 1 1 1 0 0 0 0 0 0 0 0 0 0 0 0 0 0 0 0 0 0 0 0 0 1 1 1 1 1 0 0 0 0
 17 17 10 6 6 2 1 1 1 1 1 3 3 3 1 1 0 0 0 0 0 0 0 0 0 0 0 0 0 0 0 0 0 0 0 0 0 0 0 0 0 0 0 0 0 0
 17 17 10 6 6 2 1 1 1 1 1 3 3 3 1 1 0 0 0 0 0 0 0 0 0 0 0 0 0 0 0 0 0 0 0 0 0 0 0 0 0 0 0 0 0 0
 17 17 20 10 10 5 4 4 3 3 2 1 1 1 0 0 0 0 0 0 0 0 0 0 0 0 0 0 0 0 0 0 0 0 0 0 0 1 2 2 0 0 1 0 0 0
 17 17 20 10 10 5 4 4 3 3 2 1 1 1 0 0 0 0 0 0 0 0 0 0 0 0 0 0 0 0 0 0 0 0 0 0 0 1 2 2 0 0 1 0 0 0
 17 17 17 9 9 5 4 4 3 3 1 1 1 2 2 2 1 1 0 0 0 0 1 1 0 0 0 0 0 1 0 0 0 0 0 1 1 1 1 1 1 1 2 2 2 1
 14 14 15 14 14 8 8 8 5 5 2 1 1 1 1 1 1 1 0 0 0 0 0 0 0 0 0 0 0 0 0 0 0 0 0 0 0 1 1 1 2 2 5 0 0 0
 14 14 15 14 14 8 8 8 5 5 2 1 1 1 1 1 1 1 0 0 0 0 0 0 0 0 0 0 0 0 0 0 0 0 0 0 0 1 1 1 2 2 5 0 0 0
 14 14 11 11 11 8 7 7 5 5 4 1 1 0 0 0 2 2 0 1 1 0 0 0 0 0 0 1 1 1 0 0 0 0 0 0 0 0 0 0 0 0 1 0 0 0
 9 9 9 9 9 5 3 3 2 2 3 2 2 1 0 0 2 2 0 1 1 1 1 1 0 0 2 2 2 4 1 1 0 0 0 0 0 0 0 0 0 0 0 0 0 0
 9 9 9 9 9 5 3 3 2 2 3 2 2 1 0 0 2 2 0 1 1 1 1 1 0 0 2 2 2 4 1 1 0 0 0 0 0 0 0 0 0 0 0 0 0 0
 6 6 6 6 6 6 3 3 2 2 2 1 1 1 1 1 2 2 1 1 1 1 0 0 0 0 0 0 0 4 1 1 1 1 0 0 0 1 2 2 2 2 1 0 0 0
 6 6 6 6 6 6 3 3 2 2 2 1 1 1 1 1 2 2 1 1 1 1 0 0 0 0 0 0 0 4 1 1 1 1 0 0 0 1 2 2 2 2 1 0 0 0
 5 5 5 4 4 4 4 4 3 3 2 2 2 0 1 1 2 2 2 0 0 1 0 0 1 1 0 0 0 0 2 2 0 0 1 1 1 2 2 2 1 1 1 1 1 1
 5 5 4 3 3 2 2 2 2 2 2 2 2 2 1 1 1 1 2 1 1 1 1 1 1 1 0 0 0 0 1 1 1 1 1 1 1 2 2 2 1 1 1 1 1 1
 5 5 4 3 3 2 2 2 2 2 2 2 2 2 1 1 1 1 2 1 1 1 1 1 1 1 0 0 0 0 1 1 1 1 1 1 1 2 2 2 1 1 1 1 1 1
 5 5 4 3 3 3 2 2 3 3 4 3 3 2 2 2 1 1 3 2 2 3 3 3 1 1 0 0 0 0 0 0 0 0 0 1 1 1 1 1 1 1 1 1 1 1
 5 5 4 3 3 3 3 3 4 4 3 5 5 3 4 4 2 2 2 2 2 3 2 2 1 1 0 0 0 0 0 0 0 0 0 0 0 1 1 1 0 0 0 0 0 1
 5 5 4 3 3 3 3 3 4 4 3 5 5 3 4 4 2 2 2 2 2 3 2 2 1 1 0 0 0 0 0 0 0 0 0 0 0 1 1 1 0 0 0 0 0 1
 4 4 3 2 2 2 2 2 2 2 4 5 5 5 4 4 2 2 3 4 4 1 2 2 1 1 0 0 0 0 0 0 0 0 0 0 0 0 0 0 0 0 0 0 0 0
 4 4 3 2 2 2 2 2 2 2 4 5 5 5 4 4 2 2 3 4 4 1 2 2 1 1 0 0 0 0 0 0 0 0 0 0 0 0 0 0 0 0 0 0 0 0
 6 6 6 5 5 5 5 5 4 4 3 4 4 4 5 5 3 3 2 2 2 1 1 1 0 0 0 0 0 0 0 0 0 0 0 0 0 0 0 0 0 0 0 0 0 0
 5 5 5 5 5 5 5 5 5 5 3 2 2 5 5 5 3 3 1 1 1 2 1 1 1 1 0 0 0 0 2 2 0 0 0 0 0 0 0 0 0 0 0 0 0 0
 5 5 5 5 5 5 5 5 5 5 3 2 2 5 5 5 3 3 1 1 1 2 1 1 1 1 0 0 0 0 2 2 0 0 0 0 0 0 0 0 0 0 0 0 0 0
 6 6 5 5 5 4 4 4 4 4 3 3 3 2 5 5 3 3 3 3 3 4 1 1 1 1 0 0 0 1 1 1 0 0 0 3 3 1 0 0 0 0 0 0 0 0
 7 7 6 5 5 5 4 4 4 4 4 4 4 3 3 3 3 3 3 2 2 3 2 2 3 3 1 0 0 0 1 1 0 0 0 1 1 1 0 0 0 0 0 0 0 0
 7 7 6 5 5 5 4 4 4 4 4 4 4 3 3 3 3 3 3 2 2 3 2 2 3 3 1 0 0 0 1 1 0 0 0 1 1 1 0 0 0 0 0 0 0 0
 9 9 8 6 6 5 5 5 4 4 4 5 5 3 3 3 3 3 3 3 3 3 5 5 4 4 4 3 3 0 0 0 0 0 0 0 0 1 0 0 0 0 0 0 0 0
 9 9 8 6 6 5 5 5 4 4 4 5 5 3 3 3 3 3 3 3 3 3 5 5 4 4 4 3 3 0 0 0 0 0 0 0 0 1 0 0 0 0 0 0 0 0
 10 10 9 6 6 5 5 5 4 4 4 6 6 3 4 4 5 5 6 4 4 3 5 5 5 5 2 3 3 3 6 6 1 1 0 2 2 1 0 0 0 0 0 0 0 0
 8 8 8 7 7 5 5 5 5 5 4 3 3 2 3 3 6 6 6 4 4 5 4 4 4 4 2 3 3 2 5 5 0 0 0 0 0 0 0 0 0 0 1 0 0 0
 8 8 8 7 7 5 5 5 5 5 4 3 3 2 3 3 6 6 6 4 4 5 4 4 4 4 2 3 3 2 5 5 0 0 0 0 0 0 0 0 0 0 1 0 0 0
 12 12 9 7 7 6 7 7 6 6 5 4 4 4 3 3 5 5 7 5 5 7 6 6 7 7 6 3 3 2 1 1 1 1 0 0 0 0 1 1 1 1 1 0 0 0
 17 17 12 11 11 9 9 9 8 8 7 5 5 6 6 6 5 5 7 8 8 10 11 11 9 9 10 11 11 9 7 7 1 1 3 3 3 0 1 1 0 0 0 0 0 0
 17 17 12 11 11 9 9 9 8 8 7 5 5 6 6 6 5 5 7 8 8 10 11 11 9 9 10 11 11 9 7 7 1 1 3 3 3 0 1 1 0 0 0 0 0 0
 21 21 19 15 15 15 13 13 11 11 9 10 10 8 9 9 9 9 9 9 9 9 12 12 12 12 11 4 4 3 7 7 7 7 5 4 4 0 0 0 0 0 0 0 0 0
 21 21 19 15 15 15 13 13 11 11 9 10 10 8 9 9 9 9 9 9 9 9 12 12 12 12 11 4 4 3 7 7 7 7 5 4 4 0 0 0 0 0 0 0 0 0
 23 23 22 18 18 17 18 18 16 16 14 16 16 11 11 11 11 11 10 11 11 10 15 15 14 14 12 7 7 4 5 5 5 5 7 6 6 1 0 0 0 0 0 0 0 0
 26 26 24 22 22 16 14 14 17 17 17 17 17 18 18 18 16 16 17 19 19 20 19 19 15 15 13 9 9 8 9 9 3 3 4 3 3 1 0 0 0 0 0 0 0 0
 26 26 24 22 22 16 14 14 17 17 17 17 17 18 18 18 16 16 17 19 19 20 19 19 15 15 13 9 9 8 9 9 3 3 4 3 3 1 0 0 0 0 0 0 0 0
 27 27 26 21 21 17 13 13 13 13 12 14 14 16 16 16 16 16 19 20 20 22 20 20 17 17 19 13 13 11 15 15 10 10 7 2 2 1 1 1 1 1 1 1 1 0
 29 29 26 24 24 15 11 11 11 11 10 10 10 12 16 16 15 15 16 13 13 14 10 10 8 8 8 15 15 18 27 27 16 16 9 3 3 1 1 1 2 2 1 1 1 1
 29 29 26 24 24 15 11 11 11 11 10 10 10 12 16 16 15 15 16 13 13 14 10 10 8 8 8 15 15 18 27 27 16 16 9 3 3 1 1 1 2 2 1 1 1 1
 30 30 31 26 26 20 14 14 11 11 9 8 8 8 8 8 16 16 20 25 25 37 25 25 8 8 8 11 11 9 13 13 7 7 4 1 1 1 1 1 1 1 1 0 0 0
 30 30 31 26 26 20 14 14 11 11 9 8 8 8 8 8 16 16 20 25 25 37 25 25 8 8 8 11 11 9 13 13 7 7 4 1 1 1 1 1 1 1 1 0 0 0
 30 30 28 26 26 19 14 14 13 13 10 9 9 10 10 10 13 13 16 20 20 25 22 22 12 12 13 13 13 17 6 6 12 12 12 8 8 1 1 1 1 1 1 1 1 0
 29 29 24 22 22 20 15 15 14 14 14 11 11 10 10 10 12 12 14 16 16 18 20 20 25 25 26 13 13 15 13 13 14 14 12 9 9 1 1 1 3 3 1 1 1 0
 29 29 24 22 22 20 15 15 14 14 14 11 11 10 10 10 12 12 14 16 16 18 20 20 25 25 26 13 13 15 13 13 14 14 12 9 9 1 1 1 3 3 1 1 1 0
 32 32 23 20 20 17 16 16 15 15 14 14 14 11 11 11 12 12 13 15 15 16 16 16 20 20 27 26 26 12 9 9 10 10 4 2 2 2 1 1 2 2 2 1 1 0
 37 37 29 22 22 17 16 16 14 14 16 15 15 15 11 11 13 13 14 15 15 17 13 13 14 14 15 16 16 12 12 12 10 10 10 8 8 2 1 1 1 1 1 0 0 0
 37 37 29 22 22 17 16 16 14 14 16 15 15 15 11 11 13 13 14 15 15 17 13 13 14 14 15 16 16 12 12 12 10 10 10 8 8 2 1 1 1 1 1 0 0 0
 37 37 34 28 28 20 16 16 14 14 15 18 18 16 17 17 13 13 14 14 14 14 14 14 10 10 11 10 10 9 9 9 9 9 12 10 10 6 6 6 3 3 1 3 3 1
 37 37 34 28 28 20 16 16 14 14 15 18 18 16 17 17 13 13 14 14 14 14 14 14 10 10 11 10 10 9 9 9 9 9 12 10 10 6 6 6 3 3 1 3 3 1
 36 36 36 32 32 28 18 18 16 16 16 18 18 19 19 19 17 17 15 14 14 13 11 11 10 10 8 7 7 7 8 8 6 6 9 9 9 5 3 3 3 3 1 7 7 4
 30 30 33 34 34 31 27 27 19 19 16 18 18 18 19 19 18 18 19 17 17 14 12 12 8 8 8 6 6 7 7 7 8 8 5 4 4 9 6 6 3 3 2 4 4 1
 30 30 33 34 34 31 27 27 19 19 16 18 18 18 19 19 18 18 19 17 17 14 12 12 8 8 8 6 6 7 7 7 8 8 5 4 4 9 6 6 3 3 2 4 4 1
 28 28 27 31 31 35 30 30 28 28 20 21 21 21 20 20 21 21 20 19 19 18 13 13 12 12 8 6 6 5 6 6 7 7 4 4 4 3 8 8 6 6 3 3 3 5
 37 37 29 25 25 27 30 30 27 27 26 22 22 26 24 24 21 21 21 20 20 19 16 16 12 12 9 6 6 5 4 4 4 4 3 2 2 2 3 3 4 4 2 1 1 0
