assets/RAT_results/precipitation/2019-05-28_IMERG.asc
ncols        46
nrows        77
xllcorner    74.800261325624
yllcorner    8.058333333333
cellsize     0.062500000000
NODATA_value -9999
 0 0 0 0 0 0 1 1 1 1 1 1 1 1 2 2 3 3 4 4 4 5 5 5 6 6 7 6 6 7 7 7 7 7 7 6 6 5 4 4 3 3 2 2 2 2
 0 0 0 0 0 0 0 0 1 1 1 1 1 2 2 2 3 3 4 5 5 5 7 7 7 7 7 6 6 6 6 6 6 6 5 4 4 4 4 4 4 4 3 3 3 2
 0 0 0 0 0 0 0 0 1 1 1 1 1 2 2 2 3 3 4 5 5 5 7 7 7 7 7 6 6 6 6 6 6 6 5 4 4 4 4 4 4 4 3 3 3 2
 0 0 1 0 0 0 1 1 1 1 1 2 2 2 2 2 3 3 4 5 5 6 7 7 7 7 7 6 6 6 6 6 6 6 5 5 5 6 6 6 5 5 4 4 4 4
 0 0 1 1 1 1 1 1 1 1 2 2 2 3 3 3 4 4 4 6 6 7 8 8 8 8 10 8 8 7 7 7 7 7 5 6 6 7 12 12 8 8 5 6 6 5
 0 0 1 1 1 1 1 1 1 1 2 2 2 3 3 3 4 4 4 6 6 7 8 8 8 8 10 8 8 7 7 7 7 7 5 6 6 7 12 12 8 8 5 6 6 5
 0 0 0 1 1 1 1 1 2 2 3 4 4 3 4 4 4 4 4 12 12 10 12 12 15 15 14 18 18 10 6 6 8 8 6 7 7 11 13 13 12 12 11 6 6 7
 0 0 0 1 1 1 1 1 2 2 3 4 4 3 4 4 4 4 4 12 12 10 12 12 15 15 14 18 18 10 6 6 8 8 6 7 7 11 13 13 12 12 11 6 6 7
 0 0 0 1 1 2 2 2 2 2 4 4 4 5 6 6 6 6 6 9 9 13 11 11 12 12 14 16 16 15 10 10 9 9 7 43 43 45 49 49 24 24 14 7 7 11
 0 0 1 1 1 2 2 2 3 3 9 7 7 8 9 9 8 8 7 6 6 8 9 9 8 8 12 16 16 16 12 12 10 10 8 44 44 45 50 50 73 73 18 8 8 15
 0 0 1 1 1 2 2 2 3 3 9 7 7 8 9 9 8 8 7 6 6 8 9 9 8 8 12 16 16 16 12 12 10 10 8 44 44 45 50 50 73 73 18 8 8 15
 0 0 1 2 2 6 6 6 6 6 12 17 17 14 13 13 12 12 10 9 9 8 8 8 9 9 9 14 14 13 13 13 11 11 8 8 8 19 55 55 66 66 13 11 11 45
 1 1 2 5 5 6 7 7 9 9 13 20 20 18 14 14 13 13 10 10 10 9 8 8 8 8 11 17 17 15 13 13 8 8 10 10 10 19 39 39 39 39 9 19 19 37
 1 1 2 5 5 6 7 7 9 9 13 20 20 18 14 14 13 13 10 10 10 9 8 8 8 8 11 17 17 15 13 13 8 8 10 10 10 19 39 39 39 39 9 19 19 37
 2 2 2 3 3 4 10 10 18 18 20 18 18 25 22 22 16 16 13 11 11 11 10 10 12 12 10 16 16 15 11 11 8 8 11 11 11 51 35 35 45 45 8 13 13 32
 2 2 2 3 3 4 10 10 18 18 20 18 18 25 22 22 16 16 13 11 11 11 10 10 12 12 10 16 16 15 11 11 8 8 11 11 11 51 35 35 45 45 8 13 13 32
 2 2 3 8 8 8 10 10 20 20 22 32 32 29 27 27 27 27 23 19 19 16 15 15 13 13 12 14 14 15 16 16 15 15 18 13 13 21 27 27 21 21 20 12 12 16
 3 3 3 9 9 8 15 15 21 21 37 45 45 35 34 34 47 47 25 23 23 19 19 19 17 17 16 17 17 18 18 18 18 18 16 11 11 21 41 41 24 24 26 13 13 12
 3 3 3 9 9 8 15 15 21 21 37 45 45 35 34 34 47 47 25 23 23 19 19 19 17 17 16 17 17 18 18 18 18 18 16 11 11 21 41 41 24 24 26 13 13 12
 4 4 8 11 11 9 33 33 40 40 24 43 43 34 34 34 48 48 45 45 45 22 19 19 17 17 18 19 19 18 17 17 14 14 10 12 12 15 59 59 44 44 14 12 12 13
 2 2 8 12 12 14 30 30 35 35 45 69 69 62 51 51 36 36 35 53 53 24 25 25 18 18 18 19 19 18 15 15 13 13 11 11 11 16 79 79 71 71 19 16 16 12
 2 2 8 12 12 14 30 30 35 35 45 69 69 62 51 51 36 36 35 53 53 24 25 25 18 18 18 19 19 18 15 15 13 13 11 11 11 16 79 79 71 71 19 16 16 12
 5 5 6 21 21 8 31 31 35 35 53 39 39 37 32 32 31 31 32 32 32 27 26 26 20 20 20 19 19 20 19 19 18 18 36 35 35 21 69 69 66 66 11 8 8 12
 5 5 6 21 21 8 31 31 35 35 53 39 39 37 32 32 31 31 32 32 32 27 26 26 20 20 20 19 19 20 19 19 18 18 36 35 35 21 69 69 66 66 11 8 8 12
 6 6 5 7 7 19 16 16 32 32 83 47 47 39 35 35 27 27 31 34 34 31 24 24 21 21 21 26 26 22 20 20 15 15 35 77 77 57 62 62 86 86 12 8 8 28
 8 8 7 9 9 17 26 26 27 27 37 51 51 52 64 64 58 58 35 37 37 39 31 31 19 19 21 21 21 19 18 18 18 18 13 78 78 56 44 44 15 15 12 5 5 51
 8 8 7 9 9 17 26 26 27 27 37 51 51 52 64 64 58 58 35 37 37 39 31 31 19 19 21 21 21 19 18 18 18 18 13 78 78 56 44 44 15 15 12 5 5 51
 7 7 10 11 11 16 30 30 30 30 51 41 41 53 91 91 64 64 61 32 32 30 18 18 16 16 19 20 20 18 18 18 12 12 10 19 19 25 27 27 15 15 10 8 8 9
 13 13 11 15 15 14 30 30 74 74 68 59 59 64 59 59 51 51 39 33 33 24 27 27 16 16 16 17 17 22 19 19 14 14 13 23 23 8 17 17 17 17 15 19 19 8
 13 13 11 15 15 14 30 30 74 74 68 59 59 64 59 59 51 51 39 33 33 24 27 27 16 16 16 17 17 22 19 19 14 14 13 23 23 8 17 17 17 17 15 19 19 8
 11 11 11 17 17 15 15 15 115 115 74 72 72 123 110 110 59 59 54 27 27 28 31 31 24 24 22 16 16 20 18 18 19 19 12 13 13 9 15 15 17 17 4 11 11 7
 11 11 11 17 17 15 15 15 115 115 74 72 72 123 110 110 59 59 54 27 27 28 31 31 24 24 22 16 16 20 18 18 19 19 12 13 13 9 15 15 17 17 4 11 11 7
 11 11 11 14 14 14 14 14 99 99 115 61 61 100 72 72 89 89 54 53 53 54 27 27 31 31 27 27 27 19 17 17 12 12 10 9 9 6 6 6 6 6 4 10 10 2
 14 14 13 11 11 14 14 14 35 35 46 51 51 44 136 136 70 70 64 53 53 53 30 30 31 31 25 30 30 20 18 18 12 12 9 7 7 5 6 6 5 5 4 2 2 2
 14 14 13 11 11 14 14 14 35 35 46 51 51 44 136 136 70 70 64 53 53 53 30 30 31 31 25 30 30 20 18 18 12 12 9 7 7 5 6 6 5 5 4 2 2 2
 9 9 9 11 11 7 16 16 19 19 27 39 39 81 75 75 63 63 53 53 53 36 37 37 32 32 22 33 33 21 23 23 17 17 9 8 8 4 5 5 4 4 3 1 1 3
 6 6 6 9 9 6 6 6 16 16 19 32 32 95 47 47 63 63 62 62 62 32 30 30 35 35 31 36 36 28 28 28 14 14 8 8 8 4 4 4 4 4 2 1 1 3
 6 6 6 9 9 6 6 6 16 16 19 32 32 95 47 47 63 63 62 62 62 32 30 30 35 35 31 36 36 28 28 28 14 14 8 8 8 4 4 4 4 4 2 1 1 3
 2 2 4 4 4 3 5 5 4 4 4 21 21 105 95 95 73 73 62 64 64 21 25 25 27 27 28 32 32 20 16 16 13 13 7 6 6 3 3 3 3 3 2 1 1 4
 2 2 4 4 4 3 5 5 4 4 4 21 21 105 95 95 73 73 62 64 64 21 25 25 27 27 28 32 32 20 16 16 13 13 7 6 6 3 3 3 3 3 2 1 1 4
 1 1 1 2 2 3 2 2 2 2 2 30 30 35 40 40 33 33 21 19 19 17 18 18 25 25 20 24 24 12 14 14 10 10 6 4 4 3 3 3 2 2 2 1 1 3
 0 0 1 0 0 1 2 2 1 1 4 8 8 14 23 23 22 22 14 7 7 9 17 17 15 15 13 1 1 4 9 9 3 3 2 3 3 2 2 2 1 1 1 0 0 0
 0 0 1 0 0 1 2 2 1 1 4 8 8 14 23 23 22 22 14 7 7 9 17 17 15 15 13 1 1 4 9 9 3 3 2 3 3 2 2 2 1 1 1 0 0 0
 0 0 0 0 0 0 0 0 0 0 2 3 3 19 36 36 20 20 16 5 5 8 13 13 13 13 15 0 0 0 2 2 0 0 1 1 1 1 1 1 0 0 0 0 0 0
 0 0 0 0 0 0 0 0 0 0 0 2 2 10 19 19 13 13 11 5 5 3 9 9 13 13 7 0 0 0 0 0 0 0 0 0 0 0 1 1 1 1 0 0 0 0
 0 0 0 0 0 0 0 0 0 0 0 2 2 10 19 19 13 13 11 5 5 3 9 9 13 13 7 0 0 0 0 0 0 0 0 0 0 0 1 1 1 1 0 0 0 0
 0 0 0 0 0 0 0 0 0 0 0 1 1 3 6 6 8 8 4 1 1 3 3 3 9 9 11 0 0 0 0 0 0 0 0 0 0 0 2 2 1 1 0 0 0 0
 0 0 0 0 0 0 0 0 0 0 0 1 1 3 6 6 8 8 4 1 1 3 3 3 9 9 11 0 0 0 0 0 0 0 0 0 0 0 2 2 1 1 0 0 0 0
 0 0 0 0 0 0 0 0 0 0 0 0 0 1 1 1 2 2 0 1 1 0 0 0 4 4 3 0 0 0 0 0 0 0 0 0 0 0 0 0 0 0 0 0 0 0
 0 0 0 0 0 0 0 0 0 0 0 0 0 0 0 0 0 0 0 0 0 0 0 0 1 1 0 0 0 0 0 0 0 0 0 0 0 0 0 0 0 0 0 0 0 0
 0 0 0 0 0 0 0 0 0 0 0 0 0 0 0 0 0 0 0 0 0 0 0 0 1 1 0 0 0 0 0 0 0 0 0 0 0 0 0 0 0 0 0 0 0 0
 0 0 0 0 0 0 0 0 0 0 0 0 0 0 0 0 0 0 0 0 0 0 0 0 1 1 0 0 0 0 0 0 0 0 0 0 0 0 0 0 0 0 0 0 0 0
 1 1 0 0 0 0 0 0 0 0 0 0 0 0 0 0 0 0 0 0 0 0 0 0 0 0 0 0 0 0 0 0 0 0 0 1 1 1 0 0 0 0 0 0 0 0
 1 1 0 0 0 0 0 0 0 0 0 0 0 0 0 0 0 0 0 0 0 0 0 0 0 0 0 0 0 0 0 0 0 0 0 1 1 1 0 0 0 0 0 0 0 0
 0 0 0 0 0 0 0 0 0 0 0 0 0 0 0 0 0 0 0 0 0 0 0 0 0 0 1 0 0 0 0 0 0 0 0 4 4 3 1 1 1 1 1 1 1 0
 0 0 0 0 0 0 0 0 0 0 0 0 0 0 0 0 0 0 0 0 0 0 0 0 0 0 1 0 0 0 0 0 0 0 0 4 4 3 1 1 1 1 1 1 1 0
 0 0 0 0 0 0 0 0 0 0 0 0 0 0 0 0 0 0 0 0 0 0 0 0 0 0 0 0 0 0 0 0 0 0 0 3 3 4 2 2 3 3 4 2 2 0
 0 0 0 0 0 0 0 0 0 0 0 0 0 0 0 0 0 0 0 0 0 0 0 0 0 0 0 0 0 0 0 0 0 0 0 0 0 1 1 1 2 2 4 2 2 0
 0 0 0 0 0 0 0 0 0 0 0 0 0 0 0 0 0 0 0 0 0 0 0 0 0 0 0 0 0 0 0 0 0 0 0 0 0 1 1 1 2 2 4 2 2 0
 0 0 0 0 0 0 0 0 0 0 0 0 0 0 0 0 0 0 0 0 0 0 0 0 0 0 0 0 0 0 0 0 0 0 0 0 0 0 0 0 0 0 1 0 0 0
 0 0 0 0 0 0 0 0 0 0 0 0 0 0 0 0 0 0 0 0 0 0 0 0 0 0 0 0 0 0 0 0 0 0 0 0 0 0 0 0 0 0 0 0 0 0
 0 0 0 0 0 0 0 0 0 0 0 0 0 0 0 0 0 0 0 0 0 0 0 0 0 0 0 0 0 0 0 0 0 0 0 0 0 0 0 0 0 0 0 0 0 0
 0 0 0 0 0 0 0 0 0 0 0 0 0 0 0 0 0 0 0 0 0 0 0 0 0 0 0 0 0 0 0 0 0 0 0 0 0 0 0 0 0 0 0 0 0 0
 0 0 0 0 0 0 0 0 0 0 0 0 0 0 0 0 0 0 0 0 0 0 0 0 0 0 0 0 0 0 0 0 0 0 0 0 0 0 0 0 0 0 0 0 0 0
 0 0 1 0 0 0 0 0 0 0 0 0 0 0 0 0 0 0 0 0 0 0 0 0 0 0 0 0 0 0 0 0 0 0 0 0 0 0 0 0 0 0 0 0 0 0
 1 1 1 0 0 0 0 0 0 0 0 0 0 0 0 0 0 0 0 0 0 0 0 0 0 0 0 0 0 0 0 0 0 0 0 0 0 0 0 0 0 0 0 0 0 0
 1 1 1 0 0 0 0 0 0 0 0 0 0 0 0 0 0 0 0 0 0 0 0 0 0 0 0 0 0 0 0 0 0 0 0 0 0 0 0 0 0 0 0 0 0 0
 0 0 0 0 0 1 1 1 0 0 0 0 0 0 0 0 0 0 0 0 0 0 0 0 0 0 0 0 0 0 0 0 0 0 0 0 0 0 0 0 0 0 0 0 0 0
 1 1 1 1 1 0 1 1 1 1 0 0 0 0 0 0 0 0 0 0 0 0 0 0 0 0 0 0 0 0 0 0 0 0 0 0 0 0 0 0 0 0 0 0 0 0
 1 1 1 1 1 0 1 1 1 1 0 0 0 0 0 0 0 0 0 0 0 0 0 0 0 0 0 0 0 0 0 0 0 0 0 0 0 0 0 0 0 0 0 0 0 0
 1 1 1 1 1 1 1 1 1 1 1 0 0 0 0 0 0 0 0 0 0 0 0 0 0 0 0 0 0 0 0 0 0 0 0 0 0 0 0 0 0 0 0 0 0 0
 1 1 1 1 1 1 1 1 1 1 1 0 0 0 0 0 0 0 0 0 0 0 0 0 0 0 0 0 0 0 0 0 0 0 0 0 0 0 0 0 0 0 0 0 0 0
 1 1 2 2 2 2 1 1 1 1 1 0 0 0 0 0 0 0 0 0 0 0 0 0 0 0 0 0 0 0 0 0 0 0 0 0 0 0 0 0 0 0 0 0 0 0
 2 2 2 2 2 2 2 2 1 1 1 1 1 0 0 0 0 0 0 1 1 0 0 0 1 1 0 0 0 0 0 0 0 0 0 0 0 0 0 0 0 0 0 0 0 0
 2 2 2 2 2 2 2 2 1 1 1 1 1 0 0 0 0 0 0 1 1 0 0 0 1 1 0 0 0 0 0 0 0 0 0 0 0 0 0 0 0 0 0 0 0 0
 3 3 4 3 3 2 2 2 2 2 1 0 0 0 0 0 0 0 0 1 1 1 0 0 1 1 2 0 0 0 0 0 0 0 0 0 0 0 0 0 0 0 0 0 0 0
 4 4 5 3 3 3 2 2 2 2 1 0 0 0 0 0 0 0 0 1 1 1 1 1 1 1 2 0 0 0 0 0 0 0 0 0 0 0 0 0 0 0 0 0 0 0
