assets/RAT_results/precipitation/2019-08-04_IMERG.asc
ncols        46
nrows        77
xllcorner    74.800261325624
yllcorner    8.058333333333
cellsize     0.062500000000
NODATA_value -9999
 30 30 22 16 16 17 17 17 14 14 9 9 9 9 11 11 9 9 9 6 6 4 3 3 3 3 3 2 2 1 1 1 1 1 0 0 0 0 1 1 0 0 0 0 0 0
 23 23 20 18 18 14 16 16 13 13 11 11 11 25 26 26 16 16 7 4 4 3 3 3 2 2 1 1 1 1 1 1 0 0 0 0 0 0 1 1 0 0 0 0 0 0
 23 23 20 18 18 14 16 16 13 13 11 11 11 25 26 26 16 16 7 4 4 3 3 3 2 2 1 1 1 1 1 1 0 0 0 0 0 0 1 1 0 0 0 0 0 0
 41 41 32 30 30 28 25 25 15 15 13 10 10 25 29 29 11 11 8 3 3 4 2 2 1 1 2 1 1 1 1 1 0 0 0 0 0 0 0 0 0 0 0 0 0 0
 40 40 45 41 41 29 22 22 21 21 20 13 13 19 18 18 11 11 8 4 4 3 1 1 1 1 2 1 1 1 1 1 1 1 1 0 0 0 0 0 0 0 0 0 0 0
 40 40 45 41 41 29 22 22 21 21 20 13 13 19 18 18 11 11 8 4 4 3 1 1 1 1 2 1 1 1 1 1 1 1 1 0 0 0 0 0 0 0 0 0 0 0
 31 31 32 38 38 37 28 28 23 23 23 21 21 16 14 14 10 10 9 8 8 3 1 1 1 1 3 2 2 2 1 1 2 2 1 1 1 0 0 0 0 0 0 0 0 0
 31 31 32 38 38 37 28 28 23 23 23 21 21 16 14 14 10 10 9 8 8 3 1 1 1 1 3 2 2 2 1 1 2 2 1 1 1 0 0 0 0 0 0 0 0 0
 23 23 37 38 38 35 27 27 20 20 30 26 26 23 13 13 13 13 11 16 16 15 4 4 2 2 3 2 2 1 1 1 1 1 1 1 1 1 0 0 0 0 0 0 0 0
 25 25 27 31 31 19 16 16 17 17 35 89 89 61 30 30 35 35 23 16 16 16 5 5 3 3 2 1 1 1 1 1 1 1 1 1 1 1 1 1 0 0 0 0 0 0
 25 25 27 31 31 19 16 16 17 17 35 89 89 61 30 30 35 35 23 16 16 16 5 5 3 3 2 1 1 1 1 1 1 1 1 1 1 1 1 1 0 0 0 0 0 0
 24 24 26 22 22 29 32 32 35 35 80 86 86 62 24 24 38 38 35 35 35 20 5 5 4 4 2 1 1 1 1 1 1 1 1 1 1 1 0 0 0 0 0 0 0 0
 47 47 41 42 42 28 30 30 34 34 32 29 29 23 19 19 32 32 31 32 32 5 4 4 3 3 2 1 1 1 1 1 1 1 1 1 1 1 0 0 0 0 0 0 0 0
 47 47 41 42 42 28 30 30 34 34 32 29 29 23 19 19 32 32 31 32 32 5 4 4 3 3 2 1 1 1 1 1 1 1 1 1 1 1 0 0 0 0 0 0 0 0
 45 45 13 15 15 20 21 21 32 32 34 24 24 10 7 7 7 7 6 6 6 4 5 5 5 5 3 1 1 1 1 1 0 0 0 0 0 0 0 0 0 0 0 0 0 0
 45 45 13 15 15 20 21 21 32 32 34 24 24 10 7 7 7 7 6 6 6 4 5 5 5 5 3 1 1 1 1 1 0 0 0 0 0 0 0 0 0 0 0 0 0 0
 54 54 63 45 45 17 8 8 13 13 12 7 7 8 5 5 5 5 4 4 4 5 5 5 5 5 2 1 1 1 1 1 0 0 0 0 0 1 0 0 0 0 0 0 0 0
 58 58 64 42 42 42 18 18 7 7 12 9 9 8 3 3 5 5 7 9 9 8 6 6 3 3 2 1 1 0 0 0 0 0 0 1 1 2 1 1 0 0 0 0 0 0
 58 58 64 42 42 42 18 18 7 7 12 9 9 8 3 3 5 5 7 9 9 8 6 6 3 3 2 1 1 0 0 0 0 0 0 1 1 2 1 1 0 0 0 0 0 0
 60 60 61 37 37 10 17 17 15 15 12 14 14 10 11 11 14 14 22 19 19 19 8 8 3 3 2 1 1 1 0 0 0 0 1 1 1 1 1 1 1 1 1 1 1 1
 28 28 61 41 41 16 17 17 17 17 24 38 38 34 25 25 26 26 23 38 38 12 6 6 4 4 3 3 3 3 3 3 2 2 2 1 1 1 0 0 0 0 1 1 1 1
 28 28 61 41 41 16 17 17 17 17 24 38 38 34 25 25 26 26 23 38 38 12 6 6 4 4 3 3 3 3 3 3 2 2 2 1 1 1 0 0 0 0 1 1 1 1
 24 24 13 16 16 16 16 16 12 12 28 34 34 36 28 28 34 34 23 34 34 35 15 15 16 16 16 14 14 13 3 3 5 5 5 3 3 2 0 0 1 1 1 1 1 2
 24 24 13 16 16 16 16 16 12 12 28 34 34 36 28 28 34 34 23 34 34 35 15 15 16 16 16 14 14 13 3 3 5 5 5 3 3 2 0 0 1 1 1 1 1 2
 11 11 12 11 11 12 10 10 17 17 24 21 21 28 34 34 36 36 30 21 21 16 12 12 15 15 16 16 16 14 5 5 5 5 7 7 7 4 3 3 2 2 1 1 1 2
 10 10 10 8 8 8 15 15 13 13 15 14 14 17 29 29 23 23 44 34 34 32 18 18 16 16 13 12 12 7 9 9 9 9 10 7 7 3 5 5 4 4 2 2 2 2
 10 10 10 8 8 8 15 15 13 13 15 14 14 17 29 29 23 23 44 34 34 32 18 18 16 16 13 12 12 7 9 9 9 9 10 7 7 3 5 5 4 4 2 2 2 2
 6 6 7 5 5 6 13 13 21 21 9 12 12 17 21 21 16 16 28 33 33 33 14 14 13 13 11 13 13 23 16 16 13 13 8 6 6 4 5 5 4 4 3 2 2 1
 3 3 3 4 4 6 6 6 17 17 7 6 6 7 11 11 9 9 13 13 13 14 15 15 14 14 24 16 16 24 13 13 13 13 9 5 5 3 4 4 3 3 4 2 2 1
 3 3 3 4 4 6 6 6 17 17 7 6 6 7 11 11 9 9 13 13 13 14 15 15 14 14 24 16 16 24 13 13 13 13 9 5 5 3 4 4 3 3 4 2 2 1
 4 4 3 5 5 4 4 4 5 5 9 7 7 12 11 11 9 9 12 11 11 16 11 11 13 13 12 21 21 18 11 11 8 8 6 4 4 3 3 3 3 3 3 1 1 0
 4 4 3 5 5 4 4 4 5 5 9 7 7 12 11 11 9 9 12 11 11 16 11 11 13 13 12 21 21 18 11 11 8 8 6 4 4 3 3 3 3 3 3 1 1 0
 3 3 4 3 3 4 3 3 5 5 5 5 5 8 6 6 7 7 10 12 12 12 14 14 13 13 10 12 12 12 10 10 6 6 3 2 2 2 2 2 2 2 2 1 1 0
 1 1 2 2 2 3 3 3 3 3 2 6 6 6 5 5 6 6 7 11 11 11 10 10 11 11 10 9 9 9 7 7 6 6 3 1 1 1 1 1 1 1 1 1 1 1
 1 1 2 2 2 3 3 3 3 3 2 6 6 6 5 5 6 6 7 11 11 11 10 10 11 11 10 9 9 9 7 7 6 6 3 1 1 1 1 1 1 1 1 1 1 1
 1 1 2 3 3 3 3 3 2 2 3 4 4 5 5 5 6 6 6 7 7 8 6 6 6 6 6 6 6 4 5 5 4 4 2 1 1 1 1 1 1 1 1 1 1 1
 2 2 3 6 6 3 2 2 2 2 3 3 3 4 4 4 4 4 4 6 6 6 6 6 6 6 5 5 5 5 5 5 3 3 2 1 1 1 0 0 0 0 1 1 1 1
 2 2 3 6 6 3 2 2 2 2 3 3 3 4 4 4 4 4 4 6 6 6 6 6 6 6 5 5 5 5 5 5 3 3 2 1 1 1 0 0 0 0 1 1 1 1
 2 2 3 4 4 2 1 1 1 1 2 4 4 4 3 3 4 4 4 5 5 5 7 7 5 5 3 4 4 5 4 4 2 2 2 1 1 1 0 0 0 0 1 1 1 1
 2 2 3 4 4 2 1 1 1 1 2 4 4 4 3 3 4 4 4 5 5 5 7 7 5 5 3 4 4 5 4 4 2 2 2 1 1 1 0 0 0 0 1 1 1 1
 2 2 3 3 3 2 2 2 2 2 3 3 3 4 4 4 3 3 3 3 3 4 5 5 3 3 2 3 3 4 3 3 2 2 3 2 2 1 1 1 1 1 2 1 1 0
 3 3 2 2 2 2 2 2 1 1 2 3 3 3 4 4 3 3 1 2 2 1 1 1 1 1 1 2 2 2 3 3 4 4 3 2 2 1 1 1 1 1 2 1 1 0
 3 3 2 2 2 2 2 2 1 1 2 3 3 3 4 4 3 3 1 2 2 1 1 1 1 1 1 2 2 2 3 3 4 4 3 2 2 1 1 1 1 1 2 1 1 0
 2 2 2 2 2 1 1 1 1 1 1 3 3 3 4 4 3 3 2 2 2 2 2 2 2 2 1 1 1 2 2 2 3 3 2 2 2 2 2 2 2 2 1 0 0 0
 1 1 1 1 1 1 1 1 1 1 1 3 3 3 3 3 2 2 2 2 2 2 5 5 3 3 1 1 1 1 1 1 2 2 1 2 2 2 1 1 1 1 0 0 0 0
 1 1 1 1 1 1 1 1 1 1 1 3 3 3 3 3 2 2 2 2 2 2 5 5 3 3 1 1 1 1 1 1 2 2 1 2 2 2 1 1 1 1 0 0 0 0
 1 1 1 1 1 1 1 1 1 1 2 3 3 2 2 2 1 1 1 1 1 2 3 3 3 3 1 1 1 1 2 2 2 2 2 2 2 2 1 1 1 1 1 1 1 1
 1 1 1 1 1 1 1 1 1 1 2 3 3 2 2 2 1 1 1 1 1 2 3 3 3 3 1 1 1 1 2 2 2 2 2 2 2 2 1 1 1 1 1 1 1 1
 1 1 1 1 1 1 1 1 1 1 2 3 3 2 1 1 1 1 1 2 2 1 2 2 1 1 1 1 1 1 1 1 2 2 2 2 2 1 1 1 1 1 1 2 2 2
 1 1 2 1 1 2 2 2 2 2 1 1 1 1 1 1 1 1 0 0 0 1 1 1 1 1 1 1 1 2 1 1 1 1 1 2 2 2 1 1 1 1 1 2 2 2
 1 1 2 1 1 2 2 2 2 2 1 1 1 1 1 1 1 1 0 0 0 1 1 1 1 1 1 1 1 2 1 1 1 1 1 2 2 2 1 1 1 1 1 2 2 2
 1 1 2 2 2 2 2 2 2 2 1 1 1 1 1 1 1 1 0 1 1 0 1 1 1 1 1 1 1 2 2 2 1 1 1 2 2 2 1 1 1 1 1 1 1 1
 1 1 2 3 3 4 2 2 1 1 1 1 1 2 2 2 1 1 1 1 1 1 0 0 1 1 1 1 1 1 1 1 1 1 1 2 2 1 1 1 1 1 1 0 0 0
 1 1 2 3 3 4 2 2 1 1 1 1 1 2 2 2 1 1 1 1 1 1 0 0 1 1 1 1 1 1 1 1 1 1 1 2 2 1 1 1 1 1 1 0 0 0
 1 1 2 2 2 3 2 2 2 2 1 1 1 1 1 1 1 1 1 1 1 1 0 0 1 1 2 2 2 2 2 2 1 1 1 1 1 2 1 1 1 1 0 0 0 0
 1 1 2 2 2 3 2 2 2 2 1 1 1 1 1 1 1 1 1 1 1 1 0 0 1 1 2 2 2 2 2 2 1 1 1 1 1 2 1 1 1 1 0 0 0 0
 1 1 1 1 1 1 1 1 1 1 1 1 1 1 1 1 1 1 1 0 0 0 1 1 3 3 3 3 3 2 2 2 1 1 1 1 1 1 1 1 1 1 0 0 0 0
 1 1 1 1 1 1 1 1 1 1 1 1 1 1 1 1 1 1 1 1 1 1 1 1 1 1 3 2 2 2 2 2 1 1 2 2 2 1 1 1 1 1 1 0 0 0
 1 1 1 1 1 1 1 1 1 1 1 1 1 1 1 1 1 1 1 1 1 1 1 1 1 1 3 2 2 2 2 2 1 1 2 2 2 1 1 1 1 1 1 0 0 0
 0 0 0 1 1 0 1 1 1 1 0 0 0 1 1 1 1 1 1 1 1 2 2 2 1 1 2 2 2 2 2 2 2 2 4 5 5 3 1 1 1 1 1 0 0 0
 0 0 0 0 0 0 0 0 1 1 1 0 0 0 1 1 1 1 1 1 1 2 1 1 0 0 1 3 3 3 2 2 2 2 2 2 2 2 2 2 2 2 1 1 1 0
 0 0 0 0 0 0 0 0 1 1 1 0 0 0 1 1 1 1 1 1 1 2 1 1 0 0 1 3 3 3 2 2 2 2 2 2 2 2 2 2 2 2 1 1 1 0
 0 0 0 0 0 0 0 0 1 1 1 0 0 0 1 1 2 2 2 1 1 1 1 1 1 1 1 2 2 2 2 2 2 2 2 2 2 2 2 2 3 3 3 2 2 1
 0 0 0 0 0 0 0 0 1 1 1 0 0 0 1 1 2 2 2 1 1 1 1 1 1 1 1 2 2 2 2 2 2 2 2 2 2 2 2 2 3 3 3 2 2 1
 0 0 0 0 0 0 0 0 0 0 0 0 0 0 1 1 2 2 2 1 1 1 1 1 1 1 1 1 1 2 2 2 3 3 3 3 3 4 3 3 3 3 3 2 2 2
 1 1 0 0 0 0 0 0 0 0 1 1 1 1 1 1 2 2 2 2 2 1 1 1 1 1 2 1 1 3 2 2 3 3 4 4 4 4 4 4 4 4 6 2 2 1
 1 1 0 0 0 0 0 0 0 0 1 1 1 1 1 1 2 2 2 2 2 1 1 1 1 1 2 1 1 3 2 2 3 3 4 4 4 4 4 4 4 4 6 2 2 1
 0 0 0 0 0 0 0 0 1 1 3 3 3 1 1 1 1 1 2 1 1 1 1 1 1 1 2 2 2 1 2 2 2 2 3 4 4 4 4 4 6 6 8 3 3 1
 0 0 0 1 1 1 1 1 1 1 2 3 3 1 1 1 1 1 2 2 2 2 1 1 1 1 1 2 2 1 1 1 2 2 3 3 3 2 3 3 5 5 5 4 4 2
 0 0 0 1 1 1 1 1 1 1 2 3 3 1 1 1 1 1 2 2 2 2 1 1 1 1 1 2 2 1 1 1 2 2 3 3 3 2 3 3 5 5 5 4 4 2
 0 0 1 3 3 3 2 2 1 1 1 2 2 2 1 1 1 1 2 2 2 2 2 2 1 1 1 1 1 1 1 1 1 1 4 3 3 2 3 3 4 4 4 4 4 2
 0 0 1 3 3 3 2 2 1 1 1 2 2 2 1 1 1 1 2 2 2 2 2 2 1 1 1 1 1 1 1 1 1 1 4 3 3 2 3 3 4 4 4 4 4 2
 0 0 1 2 2 3 2 2 1 1 2 2 2 2 2 2 2 2 2 2 2 1 1 1 1 1 1 1 1 1 1 1 1 1 4 4 4 2 1 1 2 2 3 2 2 2
 1 1 1 1 1 1 1 1 2 2 7 6 6 3 2 2 1 1 1 1 1 1 1 1 1 1 1 1 1 1 1 1 1 1 2 2 2 2 1 1 1 1 2 1 1 2
 1 1 1 1 1 1 1 1 2 2 7 6 6 3 2 2 1 1 1 1 1 1 1 1 1 1 1 1 1 1 1 1 1 1 2 2 2 2 1 1 1 1 2 1 1 2
 1 1 1 1 1 1 2 2 3 3 5 5 5 3 1 1 0 0 1 1 1 1 1 1 1 1 0 0 0 1 1 1 1 1 1 1 1 1 1 1 1 1 1 1 1 1
 1 1 1 0 0 1 1 1 3 3 2 3 3 2 1 1 0 0 0 1 1 1 1 1 1 1 1 0 0 1 2 2 2 2 1 1 1 1 1 1 0 0 1 0 0 1
