assets/RAT_results/precipitation/2019-07-09_IMERG.asc
ncols        46
nrows        77
xllcorner    74.800261325624
yllcorner    8.058333333333
cellsize     0.062500000000
NODATA_value -9999
 24 24 28 26 26 30 36 36 35 35 33 34 34 28 22 22 27 27 19 20 20 15 13 13 9 9 6 1 1 2 4 4 3 3 3 2 2 3 3 3 2 2 1 1 1 1
 30 30 31 36 36 21 32 32 21 21 36 28 28 19 17 17 29 29 16 23 23 10 10 10 8 8 4 3 3 2 4 4 2 2 1 1 1 2 3 3 2 2 2 1 1 0
 30 30 31 36 36 21 32 32 21 21 36 28 28 19 17 17 29 29 16 23 23 10 10 10 8 8 4 3 3 2 4 4 2 2 1 1 1 2 3 3 2 2 2 1 1 0
 30 30 32 47 47 39 35 35 29 29 23 20 20 15 9 9 16 16 12 9 9 9 4 4 3 3 0 0 0 1 1 1 1 1 2 2 2 2 5 5 6 6 4 3 3 1
 29 29 40 34 34 36 36 36 23 23 16 18 18 12 8 8 7 7 6 9 9 2 1 1 1 1 0 1 1 1 2 2 2 2 3 4 4 4 6 6 7 7 6 3 3 2
 29 29 40 34 34 36 36 36 23 23 16 18 18 12 8 8 7 7 6 9 9 2 1 1 1 1 0 1 1 1 2 2 2 2 3 4 4 4 6 6 7 7 6 3 3 2
 28 28 43 34 34 27 20 20 23 23 18 19 19 24 8 8 8 8 7 5 5 2 0 0 1 1 1 3 3 5 4 4 2 2 3 5 5 7 6 6 6 6 6 6 6 5
 28 28 43 34 34 27 20 20 23 23 18 19 19 24 8 8 8 8 7 5 5 2 0 0 1 1 1 3 3 5 4 4 2 2 3 5 5 7 6 6 6 6 6 6 6 5
 22 22 46 40 40 29 23 23 32 32 36 30 30 30 12 12 10 10 7 5 5 5 1 1 1 1 1 3 3 3 4 4 3 3 4 4 4 4 6 6 5 5 6 6 6 2
 50 50 63 45 45 35 31 31 29 29 36 27 27 24 18 18 12 12 13 9 9 10 7 7 3 3 2 1 1 1 2 2 3 3 2 5 5 3 4 4 5 5 0 1 1 3
 50 50 63 45 45 35 31 31 29 29 36 27 27 24 18 18 12 12 13 9 9 10 7 7 3 3 2 1 1 1 2 2 3 3 2 5 5 3 4 4 5 5 0 1 1 3
 57 57 63 56 56 48 30 30 29 29 30 27 27 24 15 15 12 12 11 11 11 9 9 9 6 6 4 3 3 4 2 2 5 5 7 5 5 4 3 3 0 0 3 1 1 1
 45 45 37 51 51 52 39 39 32 32 34 28 28 25 19 19 13 13 14 13 13 11 8 8 7 7 6 7 7 7 8 8 7 7 7 8 8 6 5 5 4 4 3 1 1 2
 45 45 37 51 51 52 39 39 32 32 34 28 28 25 19 19 13 13 14 13 13 11 8 8 7 7 6 7 7 7 8 8 7 7 7 8 8 6 5 5 4 4 3 1 1 2
 74 74 54 35 35 38 50 50 45 45 40 31 31 23 15 15 11 11 13 18 18 16 7 7 11 11 12 8 8 6 5 5 6 6 6 7 7 3 5 5 4 4 4 3 3 2
 74 74 54 35 35 38 50 50 45 45 40 31 31 23 15 15 11 11 13 18 18 16 7 7 11 11 12 8 8 6 5 5 6 6 6 7 7 3 5 5 4 4 4 3 3 2
 62 62 65 60 60 37 47 47 43 43 45 32 32 25 19 19 19 19 11 13 13 13 6 6 9 9 14 9 9 5 4 4 5 5 7 4 4 2 3 3 2 2 2 4 4 2
 59 59 76 62 62 42 52 52 48 48 39 26 26 22 14 14 14 14 13 10 10 11 4 4 4 4 6 9 9 7 4 4 4 4 6 4 4 3 4 4 4 4 6 4 4 3
 59 59 76 62 62 42 52 52 48 48 39 26 26 22 14 14 14 14 13 10 10 11 4 4 4 4 6 9 9 7 4 4 4 4 6 4 4 3 4 4 4 4 6 4 4 3
 39 39 42 38 38 36 38 38 34 34 27 31 31 22 17 17 15 15 12 20 20 14 9 9 7 7 5 7 7 5 6 6 5 5 7 3 3 2 2 2 2 2 6 3 3 2
 36 36 22 22 22 30 45 45 42 42 36 17 17 17 17 17 28 28 27 22 22 21 12 12 7 7 8 7 7 5 3 3 5 5 3 2 2 3 2 2 2 2 3 2 2 2
 36 36 22 22 22 30 45 45 42 42 36 17 17 17 17 17 28 28 27 22 22 21 12 12 7 7 8 7 7 5 3 3 5 5 3 2 2 3 2 2 2 2 3 2 2 2
 24 24 24 17 17 30 32 32 26 26 27 23 23 28 28 28 29 29 23 17 17 24 18 18 8 8 7 6 6 10 7 7 7 7 3 4 4 2 1 1 1 1 1 1 1 1
 24 24 24 17 17 30 32 32 26 26 27 23 23 28 28 28 29 29 23 17 17 24 18 18 8 8 7 6 6 10 7 7 7 7 3 4 4 2 1 1 1 1 1 1 1 1
 20 20 26 21 21 32 29 29 31 31 34 41 41 34 37 37 34 34 31 25 25 16 12 12 9 9 5 3 3 6 4 4 6 6 1 1 1 1 3 3 2 2 1 1 1 2
 17 17 18 26 26 33 25 25 38 38 37 41 41 50 49 49 57 57 53 46 46 61 22 22 12 12 21 7 7 7 2 2 1 1 1 1 1 1 1 1 1 1 1 1 1 1
 17 17 18 26 26 33 25 25 38 38 37 41 41 50 49 49 57 57 53 46 46 61 22 22 12 12 21 7 7 7 2 2 1 1 1 1 1 1 1 1 1 1 1 1 1 1
 24 24 21 24 24 23 32 32 37 37 37 48 48 44 47 47 48 48 53 45 45 39 20 20 37 37 24 9 9 6 4 4 3 3 2 2 2 1 1 1 1 1 0 0 0 0
 32 32 26 25 25 28 29 29 27 27 30 59 59 52 42 42 40 40 42 33 33 34 32 32 28 28 33 13 13 6 8 8 5 5 2 1 1 1 1 1 1 1 1 1 1 0
 32 32 26 25 25 28 29 29 27 27 30 59 59 52 42 42 40 40 42 33 33 34 32 32 28 28 33 13 13 6 8 8 5 5 2 1 1 1 1 1 1 1 1 1 1 0
 29 29 26 26 26 25 28 28 27 27 24 55 55 61 39 39 29 29 35 24 24 16 14 14 13 13 17 10 10 10 11 11 3 3 3 2 2 1 1 1 1 1 1 0 0 1
 29 29 26 26 26 25 28 28 27 27 24 55 55 61 39 39 29 29 35 24 24 16 14 14 13 13 17 10 10 10 11 11 3 3 3 2 2 1 1 1 1 1 1 0 0 1
 40 40 35 34 34 32 36 36 37 37 30 40 40 53 31 31 21 21 26 22 22 14 11 11 13 13 10 6 6 6 12 12 5 5 7 6 6 2 2 2 1 1 1 1 1 1
 50 50 48 44 44 37 30 30 38 38 23 27 27 29 30 30 23 23 25 19 19 18 14 14 17 17 20 19 19 16 13 13 10 10 7 8 8 7 3 3 1 1 1 1 1 1
 50 50 48 44 44 37 30 30 38 38 23 27 27 29 30 30 23 23 25 19 19 18 14 14 17 17 20 19 19 16 13 13 10 10 7 8 8 7 3 3 1 1 1 1 1 1
 50 50 46 43 43 51 40 40 45 45 50 22 22 23 40 40 41 41 31 29 29 26 19 19 18 18 18 19 19 21 14 14 18 18 14 10 10 13 9 9 5 5 5 1 1 1
 43 43 39 44 44 51 52 52 48 48 46 20 20 22 37 37 35 35 43 34 34 27 19 19 20 20 21 18 18 15 15 15 17 17 9 9 9 10 7 7 4 4 1 1 1 1
 43 43 39 44 44 51 52 52 48 48 46 20 20 22 37 37 35 35 43 34 34 27 19 19 20 20 21 18 18 15 15 15 17 17 9 9 9 10 7 7 4 4 1 1 1 1
 30 30 31 47 47 47 63 63 84 84 59 24 24 23 45 45 41 41 37 23 23 17 15 15 16 16 14 17 17 15 12 12 12 12 11 10 10 8 4 4 3 3 2 3 3 3
 30 30 31 47 47 47 63 63 84 84 59 24 24 23 45 45 41 41 37 23 23 17 15 15 16 16 14 17 17 15 12 12 12 12 11 10 10 8 4 4 3 3 2 3 3 3
 25 25 26 37 37 53 58 58 80 80 84 27 27 21 23 23 53 53 37 20 20 19 19 19 19 19 18 18 18 16 20 20 18 18 12 10 10 13 11 11 7 7 5 7 7 6
 16 16 14 25 25 47 49 49 48 48 99 58 58 26 30 30 41 41 26 19 19 19 23 23 28 28 22 23 23 18 19 19 21 21 18 14 14 14 12 12 11 11 10 8 8 7
 16 16 14 25 25 47 49 49 48 48 99 58 58 26 30 30 41 41 26 19 19 19 23 23 28 28 22 23 23 18 19 19 21 21 18 14 14 14 12 12 11 11 10 8 8 7
 15 15 12 17 17 31 28 28 30 30 57 81 81 34 32 32 20 20 15 16 16 18 20 20 31 31 30 27 27 25 19 19 18 18 19 15 15 17 11 11 7 7 9 5 5 5
 15 15 10 13 13 24 15 15 21 21 33 42 42 39 22 22 10 10 18 16 16 22 22 22 29 29 30 28 28 22 18 18 14 14 16 13 13 8 8 8 1 1 3 3 3 4
 15 15 10 13 13 24 15 15 21 21 33 42 42 39 22 22 10 10 18 16 16 22 22 22 29 29 30 28 28 22 18 18 14 14 16 13 13 8 8 8 1 1 3 3 3 4
 10 10 8 7 7 9 11 11 12 12 23 35 35 31 21 21 17 17 15 12 12 13 17 17 21 21 19 15 15 16 12 12 11 11 8 9 9 5 1 1 4 4 1 2 2 2
 10 10 8 7 7 9 11 11 12 12 23 35 35 31 21 21 17 17 15 12 12 13 17 17 21 21 19 15 15 16 12 12 11 11 8 9 9 5 1 1 4 4 1 2 2 2
 6 6 7 6 6 7 7 7 8 8 10 19 19 28 16 16 13 13 13 12 12 11 13 13 12 12 14 7 7 8 5 5 3 3 3 3 3 4 1 1 1 1 1 1 1 1
 3 3 7 12 12 6 8 8 4 4 5 12 12 15 12 12 10 10 12 7 7 6 5 5 8 8 8 7 7 5 5 5 4 4 4 6 6 2 2 2 1 1 1 1 1 1
 3 3 7 12 12 6 8 8 4 4 5 12 12 15 12 12 10 10 12 7 7 6 5 5 8 8 8 7 7 5 5 5 4 4 4 6 6 2 2 2 1 1 1 1 1 1
 3 3 4 9 9 11 6 6 4 4 4 5 5 7 8 8 12 12 10 8 8 5 5 5 7 7 8 5 5 6 8 8 4 4 11 11 11 2 5 5 2 2 1 0 0 0
 3 3 3 4 4 7 10 10 6 6 2 2 2 3 12 12 11 11 12 7 7 7 5 5 5 5 7 5 5 6 6 6 3 3 6 13 13 7 12 12 5 5 2 0 0 0
 3 3 3 4 4 7 10 10 6 6 2 2 2 3 12 12 11 11 12 7 7 7 5 5 5 5 7 5 5 6 6 6 3 3 6 13 13 7 12 12 5 5 2 0 0 0
 3 3 3 3 3 4 9 9 8 8 4 6 6 6 14 14 12 12 12 7 7 7 7 7 8 8 5 5 5 10 5 5 8 8 2 3 3 3 2 2 9 9 1 2 2 0
 3 3 3 3 3 4 9 9 8 8 4 6 6 6 14 14 12 12 12 7 7 7 7 7 8 8 5 5 5 10 5 5 8 8 2 3 3 3 2 2 9 9 1 2 2 0
 2 2 2 2 2 2 5 5 9 9 3 7 7 6 14 14 14 14 16 12 12 10 9 9 8 8 6 4 4 5 4 4 4 4 6 7 7 4 3 3 4 4 1 1 1 0
 2 2 1 1 1 1 3 3 7 7 1 7 7 10 15 15 19 19 18 19 19 14 11 11 7 7 5 3 3 5 5 5 5 5 6 7 7 8 5 5 4 4 1 1 1 1
 2 2 1 1 1 1 3 3 7 7 1 7 7 10 15 15 19 19 18 19 19 14 11 11 7 7 5 3 3 5 5 5 5 5 6 7 7 8 5 5 4 4 1 1 1 1
 3 3 2 2 2 3 4 4 8 8 2 1 1 3 10 10 21 21 22 19 19 19 18 18 10 10 7 4 4 5 5 5 9 9 5 7 7 5 2 2 3 3 1 2 2 2
 9 9 4 3 3 4 10 10 5 5 3 1 1 1 10 10 12 12 8 4 4 6 26 26 10 10 7 9 9 5 6 6 12 12 11 10 10 8 5 5 1 1 2 3 3 2
 9 9 4 3 3 4 10 10 5 5 3 1 1 1 10 10 12 12 8 4 4 6 26 26 10 10 7 9 9 5 6 6 12 12 11 10 10 8 5 5 1 1 2 3 3 2
 28 28 9 4 4 8 10 10 13 13 8 7 7 6 7 7 8 8 3 3 3 5 8 8 4 4 9 6 6 4 5 5 12 12 17 28 28 31 11 11 3 3 3 2 2 2
 28 28 9 4 4 8 10 10 13 13 8 7 7 6 7 7 8 8 3 3 3 5 8 8 4 4 9 6 6 4 5 5 12 12 17 28 28 31 11 11 3 3 3 2 2 2
 15 15 12 5 5 8 10 10 13 13 13 11 11 5 7 7 7 7 6 2 2 3 5 5 10 10 7 7 7 6 5 5 6 6 5 19 19 32 52 52 4 4 4 3 3 2
 5 5 6 4 4 6 8 8 8 8 8 5 5 6 7 7 7 7 8 3 3 3 5 5 6 6 6 11 11 22 14 14 7 7 4 4 4 3 4 4 4 4 3 2 2 1
 5 5 6 4 4 6 8 8 8 8 8 5 5 6 7 7 7 7 8 3 3 3 5 5 6 6 6 11 11 22 14 14 7 7 4 4 4 3 4 4 4 4 3 2 2 1
 3 3 4 4 4 5 6 6 5 5 5 4 4 7 8 8 8 8 9 9 9 3 2 2 3 3 3 11 11 23 28 28 8 8 6 2 2 1 2 2 5 5 1 1 1 0
 2 2 2 4 4 4 6 6 5 5 5 4 4 7 7 7 8 8 11 11 11 4 4 4 14 14 14 25 25 7 7 7 14 14 4 3 3 1 0 0 0 0 4 4 4 0
 2 2 2 4 4 4 6 6 5 5 5 4 4 7 7 7 8 8 11 11 11 4 4 4 14 14 14 25 25 7 7 7 14 14 4 3 3 1 0 0 0 0 4 4 4 0
 2 2 1 6 6 5 6 6 4 4 3 2 2 8 12 12 20 20 28 21 21 18 14 14 17 17 15 21 21 10 12 12 9 9 10 7 7 1 1 1 1 1 1 6 6 0
 2 2 1 6 6 5 6 6 4 4 3 2 2 8 12 12 20 20 28 21 21 18 14 14 17 17 15 21 21 10 12 12 9 9 10 7 7 1 1 1 1 1 1 6 6 0
 2 2 1 6 6 5 9 9 8 8 5 6 6 5 6 6 15 15 16 15 15 19 19 19 17 17 17 9 9 4 1 1 8 8 11 9 9 8 2 2 2 2 1 3 3 2
 6 6 4 12 12 9 12 12 10 10 5 7 7 3 4 4 6 6 9 9 9 8 9 9 5 5 5 5 5 15 5 5 9 9 7 5 5 12 5 5 4 4 5 5 5 0
 6 6 4 12 12 9 12 12 10 10 5 7 7 3 4 4 6 6 9 9 9 8 9 9 5 5 5 5 5 15 5 5 9 9 7 5 5 12 5 5 4 4 5 5 5 0
 11 11 19 15 15 17 16 16 11 11 10 9 9 7 7 7 8 8 5 7 7 4 4 4 7 7 7 14 14 33 18 18 12 12 6 7 7 8 14 14 8 8 7 2 2 1
 15 15 28 21 21 32 24 24 22 22 21 16 16 9 7 7 8 8 7 6 6 6 6 6 8 8 10 15 15 56 63 63 29 29 27 14 14 9 11 11 6 6 8 7 7 1
