assets/RAT_results/precipitation/2019-10-29_IMERG.asc
ncols        46
nrows        77
xllcorner    74.800261325624
yllcorner    8.058333333333
cellsize     0.062500000000
NODATA_value -9999
 40 40 41 18 18 16 16 16 16 16 9 5 5 2 4 4 4 4 3 6 6 6 4 4 3 3 3 0 0 1 1 1 1 1 3 4 4 4 3 3 3 3 3 2 2 2
 24 24 23 25 25 16 16 16 17 17 13 4 4 2 8 8 7 7 6 6 6 6 4 4 3 3 1 1 1 1 1 1 1 1 2 3 3 3 3 3 2 2 3 4 4 2
 24 24 23 25 25 16 16 16 17 17 13 4 4 2 8 8 7 7 6 6 6 6 4 4 3 3 1 1 1 1 1 1 1 1 2 3 3 3 3 3 2 2 3 4 4 2
 22 22 16 19 19 12 16 16 14 14 9 3 3 2 8 8 6 6 5 7 7 7 1 1 0 0 0 1 1 1 1 1 1 1 2 2 2 2 3 3 2 2 3 2 2 2
 14 14 16 17 17 21 20 20 12 12 10 4 4 3 7 7 6 6 6 8 8 2 2 2 1 1 1 1 1 1 1 1 1 1 1 1 1 3 3 3 1 1 4 2 2 3
 14 14 16 17 17 21 20 20 12 12 10 4 4 3 7 7 6 6 6 8 8 2 2 2 1 1 1 1 1 1 1 1 1 1 1 1 1 3 3 3 1 1 4 2 2 3
 6 6 7 20 20 19 19 19 11 11 5 3 3 2 3 3 2 2 2 2 2 2 2 2 1 1 1 1 1 1 1 1 1 1 1 1 1 1 2 2 1 1 1 1 1 2
 6 6 7 20 20 19 19 19 11 11 5 3 3 2 3 3 2 2 2 2 2 2 2 2 1 1 1 1 1 1 1 1 1 1 1 1 1 1 2 2 1 1 1 1 1 2
 5 5 9 12 12 20 20 20 6 6 6 5 5 4 2 2 2 2 2 2 2 2 2 2 4 4 2 3 3 2 1 1 1 1 1 1 1 1 2 2 1 1 2 2 2 3
 1 1 7 10 10 19 9 9 4 4 5 12 12 5 3 3 2 2 2 3 3 2 2 2 3 3 3 5 5 2 1 1 1 1 1 1 1 2 2 2 6 6 6 5 5 7
 1 1 7 10 10 19 9 9 4 4 5 12 12 5 3 3 2 2 2 3 3 2 2 2 3 3 3 5 5 2 1 1 1 1 1 1 1 2 2 2 6 6 6 5 5 7
 1 1 3 3 3 8 9 9 3 3 3 3 3 3 3 3 3 3 5 4 4 5 5 5 4 4 3 3 3 1 0 0 1 1 1 2 2 2 2 2 6 6 7 6 6 10
 1 1 5 1 1 8 9 9 10 10 3 2 2 1 2 2 3 3 4 5 5 6 6 6 6 6 5 3 3 1 1 1 1 1 1 2 2 3 4 4 8 8 9 9 9 11
 1 1 5 1 1 8 9 9 10 10 3 2 2 1 2 2 3 3 4 5 5 6 6 6 6 6 5 3 3 1 1 1 1 1 1 2 2 3 4 4 8 8 9 9 9 11
 0 0 2 2 2 2 9 9 4 4 3 3 3 1 2 2 2 2 5 3 3 4 5 5 6 6 6 4 4 3 2 2 1 1 2 3 3 3 5 5 10 10 6 6 6 9
 0 0 2 2 2 2 9 9 4 4 3 3 3 1 2 2 2 2 5 3 3 4 5 5 6 6 6 4 4 3 2 2 1 1 2 3 3 3 5 5 10 10 6 6 6 9
 0 0 2 0 0 1 3 3 3 3 2 2 2 1 2 2 1 1 3 1 1 2 3 3 4 4 5 4 4 5 3 3 3 3 3 4 4 4 6 6 5 5 6 6 6 10
 1 1 1 1 1 1 1 1 1 1 1 2 2 2 2 2 1 1 1 1 1 1 1 1 3 3 2 3 3 3 2 2 3 3 4 5 5 5 8 8 6 6 8 9 9 7
 1 1 1 1 1 1 1 1 1 1 1 2 2 2 2 2 1 1 1 1 1 1 1 1 3 3 2 3 3 3 2 2 3 3 4 5 5 5 8 8 6 6 8 9 9 7
 2 2 3 1 1 1 1 1 2 2 2 3 3 4 3 3 3 3 2 1 1 0 1 1 2 2 2 2 2 2 2 2 4 4 4 8 8 8 8 8 8 8 8 8 8 7
 11 11 14 10 10 6 5 5 4 4 6 4 4 3 2 2 5 5 5 2 2 1 1 1 1 1 2 2 2 2 2 2 4 4 4 7 7 12 11 11 8 8 9 9 9 7
 11 11 14 10 10 6 5 5 4 4 6 4 4 3 2 2 5 5 5 2 2 1 1 1 1 1 2 2 2 2 2 2 4 4 4 7 7 12 11 11 8 8 9 9 9 7
 9 9 11 9 9 6 5 5 5 5 8 7 7 5 6 6 2 2 2 3 3 2 1 1 2 2 4 4 4 3 4 4 9 9 9 9 9 11 11 11 18 18 10 10 10 10
 9 9 11 9 9 6 5 5 5 5 8 7 7 5 6 6 2 2 2 3 3 2 1 1 2 2 4 4 4 3 4 4 9 9 9 9 9 11 11 11 18 18 10 10 10 10
 7 7 7 6 6 4 3 3 5 5 7 7 7 8 10 10 6 6 6 7 7 3 3 3 4 4 8 8 8 7 5 5 12 12 11 10 10 16 18 18 21 21 16 14 14 11
 5 5 9 5 5 2 3 3 4 4 6 9 9 9 8 8 8 8 8 8 8 7 6 6 5 5 8 8 8 7 5 5 11 11 10 10 10 15 15 15 17 17 11 11 11 11
 5 5 9 5 5 2 3 3 4 4 6 9 9 9 8 8 8 8 8 8 8 7 6 6 5 5 8 8 8 7 5 5 11 11 10 10 10 15 15 15 17 17 11 11 11 11
 7 7 6 11 11 13 17 17 20 20 20 13 13 12 10 10 8 8 8 8 8 8 6 6 6 6 9 6 6 6 5 5 7 7 8 7 7 13 13 13 15 15 9 10 10 9
 5 5 3 9 9 14 21 21 14 14 8 6 6 8 7 7 5 5 3 2 2 3 3 3 4 4 5 7 7 7 6 6 6 6 7 6 6 7 8 8 10 10 11 11 11 10
 5 5 3 9 9 14 21 21 14 14 8 6 6 8 7 7 5 5 3 2 2 3 3 3 4 4 5 7 7 7 6 6 6 6 7 6 6 7 8 8 10 10 11 11 11 10
 2 2 4 6 6 8 6 6 5 5 4 3 3 2 2 2 3 3 3 1 1 1 3 3 6 6 6 6 6 6 5 5 5 5 6 6 6 6 12 12 12 12 14 10 10 8
 2 2 4 6 6 8 6 6 5 5 4 3 3 2 2 2 3 3 3 1 1 1 3 3 6 6 6 6 6 6 5 5 5 5 6 6 6 6 12 12 12 12 14 10 10 8
 2 2 4 6 6 8 6 6 5 5 4 3 3 3 3 3 4 4 3 2 2 1 3 3 6 6 10 8 8 8 9 9 8 8 4 5 5 5 6 6 9 9 9 6 6 5
 2 2 2 3 3 3 2 2 3 3 2 2 2 4 4 4 5 5 3 2 2 2 2 2 4 4 11 11 11 11 9 9 8 8 5 5 5 6 4 4 5 5 5 4 4 4
 2 2 2 3 3 3 2 2 3 3 2 2 2 4 4 4 5 5 3 2 2 2 2 2 4 4 11 11 11 11 9 9 8 8 5 5 5 6 4 4 5 5 5 4 4 4
 2 2 2 2 2 2 1 1 2 2 2 2 2 2 1 1 1 1 1 2 2 2 3 3 5 5 13 15 15 13 9 9 9 9 3 4 4 5 5 5 6 6 5 5 5 5
 3 3 3 2 2 2 1 1 2 2 3 2 2 2 2 2 1 1 2 2 2 3 4 4 6 6 13 15 15 12 10 10 5 5 6 5 5 5 5 5 6 6 6 8 8 7
 3 3 3 2 2 2 1 1 2 2 3 2 2 2 2 2 1 1 2 2 2 3 4 4 6 6 13 15 15 12 10 10 5 5 6 5 5 5 5 5 6 6 6 8 8 7
 4 4 5 5 5 4 2 2 2 2 3 2 2 1 2 2 2 2 2 2 2 3 5 5 4 4 4 9 9 7 6 6 6 6 7 7 7 9 8 8 8 8 8 7 7 8
 4 4 5 5 5 4 2 2 2 2 3 2 2 1 2 2 2 2 2 2 2 3 5 5 4 4 4 9 9 7 6 6 6 6 7 7 7 9 8 8 8 8 8 7 7 8
 4 4 4 4 4 3 2 2 4 4 3 2 2 1 1 1 2 2 2 3 3 3 4 4 4 4 3 6 6 5 5 5 6 6 8 8 8 9 8 8 8 8 8 7 7 8
 2 2 2 2 2 2 2 2 2 2 2 1 1 1 2 2 2 2 2 3 3 2 3 3 3 3 2 4 4 4 5 5 5 5 6 6 6 8 5 5 5 5 6 7 7 7
 2 2 2 2 2 2 2 2 2 2 2 1 1 1 2 2 2 2 2 3 3 2 3 3 3 3 2 4 4 4 5 5 5 5 6 6 6 8 5 5 5 5 6 7 7 7
 2 2 2 2 2 3 2 2 2 2 1 2 2 2 3 3 3 3 3 4 4 3 4 4 2 2 1 1 1 1 2 2 2 2 3 4 4 5 3 3 5 5 7 9 9 7
 2 2 2 2 2 2 2 2 1 1 2 2 2 3 3 3 3 3 3 4 4 4 3 3 3 3 1 1 1 1 1 1 2 2 2 3 3 3 3 3 5 5 5 4 4 2
 2 2 2 2 2 2 2 2 1 1 2 2 2 3 3 3 3 3 3 4 4 4 3 3 3 3 1 1 1 1 1 1 2 2 2 3 3 3 3 3 5 5 5 4 4 2
 2 2 2 2 2 2 2 2 2 2 2 3 3 3 3 3 3 3 3 3 3 4 4 4 4 4 2 2 2 1 1 1 1 1 2 3 3 3 3 3 3 3 3 2 2 1
 2 2 2 2 2 2 2 2 2 2 2 3 3 3 3 3 3 3 3 3 3 4 4 4 4 4 2 2 2 1 1 1 1 1 2 3 3 3 3 3 3 3 3 2 2 1
 3 3 3 2 2 2 2 2 2 2 3 3 3 3 2 2 1 1 1 2 2 3 3 3 3 3 4 2 2 2 3 3 3 3 4 4 4 2 3 3 5 5 2 2 2 2
 4 4 4 4 4 3 3 3 2 2 2 2 2 2 2 2 2 2 2 2 2 3 3 3 4 4 4 3 3 4 5 5 7 7 12 12 12 9 7 7 7 7 3 3 3 5
 4 4 4 4 4 3 3 3 2 2 2 2 2 2 2 2 2 2 2 2 2 3 3 3 4 4 4 3 3 4 5 5 7 7 12 12 12 9 7 7 7 7 3 3 3 5
 7 7 7 6 6 6 9 9 5 5 5 2 2 3 3 3 2 2 2 2 2 3 3 3 4 4 5 4 4 7 9 9 11 11 17 18 18 20 12 12 8 8 10 7 7 5
 9 9 9 11 11 8 9 9 7 7 7 6 6 5 9 9 7 7 5 5 5 5 3 3 5 5 6 7 7 8 10 10 16 16 25 26 26 22 16 16 17 17 23 12 12 17
 9 9 9 11 11 8 9 9 7 7 7 6 6 5 9 9 7 7 5 5 5 5 3 3 5 5 6 7 7 8 10 10 16 16 25 26 26 22 16 16 17 17 23 12 12 17
 12 12 14 18 18 14 16 16 10 10 10 12 12 7 10 10 7 7 7 8 8 9 5 5 7 7 8 9 9 9 15 15 18 18 26 26 26 23 23 23 31 31 29 29 29 55
 12 12 14 18 18 14 16 16 10 10 10 12 12 7 10 10 7 7 7 8 8 9 5 5 7 7 8 9 9 9 15 15 18 18 26 26 26 23 23 23 31 31 29 29 29 55
 20 20 19 22 22 21 32 32 25 25 20 26 26 18 14 14 9 9 9 8 8 8 5 5 8 8 8 12 12 12 23 23 24 24 27 34 34 24 27 27 46 46 49 51 51 15
 25 25 25 28 28 27 29 29 32 32 21 19 19 19 13 13 16 16 14 9 9 9 7 7 6 6 8 10 10 12 16 16 22 22 20 29 29 30 31 31 44 44 87 90 90 91
 25 25 25 28 28 27 29 29 32 32 21 19 19 19 13 13 16 16 14 9 9 9 7 7 6 6 8 10 10 12 16 16 22 22 20 29 29 30 31 31 44 44 87 90 90 91
 29 29 28 34 34 49 32 32 33 33 22 12 12 19 12 12 16 16 14 9 9 12 9 9 10 10 12 13 13 18 18 18 26 26 26 29 29 18 30 30 24 24 30 14 14 18
 30 30 35 48 48 43 20 20 12 12 18 11 11 20 18 18 24 24 24 13 13 13 14 14 11 11 11 13 13 19 18 18 22 22 30 28 28 22 13 13 41 41 29 23 23 21
 30 30 35 48 48 43 20 20 12 12 18 11 11 20 18 18 24 24 24 13 13 13 14 14 11 11 11 13 13 19 18 18 22 22 30 28 28 22 13 13 41 41 29 23 23 21
 24 24 23 24 24 20 17 17 9 9 9 11 11 19 24 24 33 33 30 30 30 15 16 16 15 15 14 13 13 19 22 22 26 26 32 33 33 24 37 37 43 43 45 45 45 30
 24 24 23 24 24 20 17 17 9 9 9 11 11 19 24 24 33 33 30 30 30 15 16 16 15 15 14 13 13 19 22 22 26 26 32 33 33 24 37 37 43 43 45 45 45 30
 28 28 23 22 22 18 17 17 8 8 14 15 15 24 24 24 32 32 29 28 28 14 7 7 13 13 21 26 26 26 34 34 35 35 38 41 41 41 42 42 42 42 48 47 47 35
 34 34 29 25 25 24 19 19 9 9 14 13 13 13 18 18 18 18 14 13 13 6 6 6 12 12 23 23 23 25 29 29 36 36 44 47 47 53 49 49 53 53 60 61 61 50
 34 34 29 25 25 24 19 19 9 9 14 13 13 13 18 18 18 18 14 13 13 6 6 6 12 12 23 23 23 25 29 29 36 36 44 47 47 53 49 49 53 53 60 61 61 50
 38 38 33 27 27 22 13 13 12 12 8 16 16 13 18 18 17 17 3 3 3 2 3 3 7 7 15 24 24 26 25 25 31 31 35 37 37 52 54 54 48 48 59 66 66 55
 61 61 37 29 29 27 16 16 15 15 11 19 19 17 18 18 16 16 4 3 3 2 4 4 6 6 10 18 18 27 25 25 28 28 25 27 27 43 55 55 47 47 58 55 55 50
 61 61 37 29 29 27 16 16 15 15 11 19 19 17 18 18 16 16 4 3 3 2 4 4 6 6 10 18 18 27 25 25 28 28 25 27 27 43 55 55 47 47 58 55 55 50
 114 114 101 36 36 28 20 20 19 19 13 23 23 22 16 16 13 13 3 4 4 5 7 7 11 11 10 14 14 24 24 24 27 27 28 30 30 34 36 36 40 40 37 50 50 38
 114 114 101 36 36 28 20 20 19 19 13 23 23 22 16 16 13 13 3 4 4 5 7 7 11 11 10 14 14 24 24 24 27 27 28 30 30 34 36 36 40 40 37 50 50 38
 138 138 114 38 38 24 26 26 20 20 22 32 32 30 23 23 18 18 14 7 7 7 10 10 12 12 15 19 19 21 20 20 28 28 33 35 35 36 35 35 37 37 33 35 35 34
 152 152 44 40 40 29 33 33 28 28 34 51 51 46 43 43 24 24 17 13 13 14 14 14 16 16 14 21 21 23 23 23 33 33 34 34 34 28 32 32 28 28 25 22 22 23
 152 152 44 40 40 29 33 33 28 28 34 51 51 46 43 43 24 24 17 13 13 14 14 14 16 16 14 21 21 23 23 23 33 33 34 34 34 28 32 32 28 28 25 22 22 23
 94 94 41 39 39 30 38 38 32 32 38 35 35 50 49 49 29 29 24 17 17 18 18 18 20 20 23 21 21 22 21 21 24 24 25 23 23 24 23 23 26 26 21 18 18 22
 71 71 61 41 41 37 45 45 56 56 61 63 63 80 77 77 30 30 30 25 25 23 21 21 23 23 23 21 21 18 19 19 19 19 21 20 20 20 20 20 21 21 22 20 20 19
