assets/RAT_results/precipitation/2019-09-12_IMERG.asc
ncols        46
nrows        77
xllcorner    74.800261325624
yllcorner    8.058333333333
cellsize     0.062500000000
NODATA_value -9999
 26 26 25 14 14 13 15 15 20 20 16 14 14 15 10 10 3 3 2 2 2 3 3 3 4 4 5 5 5 6 7 7 8 8 9 8 8 9 12 12 15 15 16 15 15 15
 30 30 27 21 21 29 18 18 21 21 11 8 8 9 6 6 9 9 5 4 4 6 6 6 7 7 8 8 8 9 9 9 10 10 10 12 12 12 12 12 19 19 23 23 23 13
 30 30 27 21 21 29 18 18 21 21 11 8 8 9 6 6 9 9 5 4 4 6 6 6 7 7 8 8 8 9 9 9 10 10 10 12 12 12 12 12 19 19 23 23 23 13
 24 24 28 29 29 34 27 27 22 22 16 12 12 10 11 11 9 9 9 8 8 7 8 8 9 9 10 10 10 10 10 10 10 10 12 13 13 12 13 13 16 16 22 20 20 17
 16 16 22 26 26 19 31 31 27 27 18 10 10 11 11 11 11 11 13 11 11 9 10 10 11 11 12 12 12 11 10 10 11 11 12 12 12 11 14 14 12 12 21 23 23 19
 16 16 22 26 26 19 31 31 27 27 18 10 10 11 11 11 11 11 13 11 11 9 10 10 11 11 12 12 12 11 10 10 11 11 12 12 12 11 14 14 12 12 21 23 23 19
 12 12 12 24 24 26 25 25 11 11 7 8 8 10 13 13 12 12 14 12 12 10 13 13 12 12 13 15 15 12 11 11 11 11 11 11 11 12 12 12 13 13 13 10 10 14
 12 12 12 24 24 26 25 25 11 11 7 8 8 10 13 13 12 12 14 12 12 10 13 13 12 12 13 15 15 12 11 11 11 11 11 11 11 12 12 12 13 13 13 10 10 14
 10 10 13 24 24 23 14 14 13 13 14 12 12 12 15 15 12 12 12 12 12 11 12 12 11 11 11 10 10 13 11 11 10 10 9 9 9 10 11 11 10 10 12 6 6 8
 8 8 9 20 20 22 17 17 15 15 19 18 18 16 20 20 16 16 12 11 11 10 8 8 9 9 9 8 8 8 8 8 9 9 9 9 9 9 10 10 9 9 7 6 6 6
 8 8 9 20 20 22 17 17 15 15 19 18 18 16 20 20 16 16 12 11 11 10 8 8 9 9 9 8 8 8 8 8 9 9 9 9 9 9 10 10 9 9 7 6 6 6
 6 6 15 19 19 16 9 9 12 12 19 16 16 14 15 15 12 12 8 8 8 6 6 6 7 7 7 6 6 7 8 8 8 8 8 8 8 8 9 9 9 9 7 5 5 6
 8 8 14 22 22 18 12 12 10 10 7 9 9 11 7 7 8 8 7 6 6 6 6 6 6 6 7 6 6 7 7 7 8 8 8 8 8 8 8 8 8 8 8 10 10 5
 8 8 14 22 22 18 12 12 10 10 7 9 9 11 7 7 8 8 7 6 6 6 6 6 6 6 7 6 6 7 7 7 8 8 8 8 8 8 8 8 8 8 8 10 10 5
 11 11 15 17 17 5 9 9 9 9 5 5 5 6 5 5 5 5 5 4 4 7 5 5 6 6 6 7 7 7 7 7 7 7 8 7 7 7 8 8 10 10 11 13 13 15
 11 11 15 17 17 5 9 9 9 9 5 5 5 6 5 5 5 5 5 4 4 7 5 5 6 6 6 7 7 7 7 7 7 7 8 7 7 7 8 8 10 10 11 13 13 15
 8 8 24 7 7 4 9 9 10 10 6 5 5 3 3 3 3 3 4 4 4 6 7 7 6 6 7 7 7 8 7 7 7 7 7 7 7 7 9 9 11 11 14 13 13 17
 3 3 14 4 4 4 6 6 8 8 9 6 6 4 3 3 4 4 5 6 6 5 6 6 7 7 7 7 7 8 7 7 7 7 7 7 7 7 8 8 8 8 11 11 11 23
 3 3 14 4 4 4 6 6 8 8 9 6 6 4 3 3 4 4 5 6 6 5 6 6 7 7 7 7 7 8 7 7 7 7 7 7 7 7 8 8 8 8 11 11 11 23
 3 3 3 4 4 6 5 5 7 7 9 10 10 8 6 6 5 5 5 6 6 9 11 11 10 10 13 7 7 7 6 6 6 6 6 6 6 6 7 7 8 8 8 6 6 20
 3 3 4 6 6 6 4 4 6 6 11 16 16 14 10 10 4 4 5 5 5 6 9 9 10 10 13 11 11 6 6 6 5 5 5 5 5 5 6 6 6 6 6 8 8 8
 3 3 4 6 6 6 4 4 6 6 11 16 16 14 10 10 4 4 5 5 5 6 9 9 10 10 13 11 11 6 6 6 5 5 5 5 5 5 6 6 6 6 6 8 8 8
 3 3 3 4 4 3 3 3 4 4 9 11 11 16 14 14 13 13 8 8 8 8 4 4 9 9 9 8 8 6 5 5 4 4 5 5 5 4 4 4 4 4 4 5 5 5
 3 3 3 4 4 3 3 3 4 4 9 11 11 16 14 14 13 13 8 8 8 8 4 4 9 9 9 8 8 6 5 5 4 4 5 5 5 4 4 4 4 4 4 5 5 5
 3 3 3 4 4 3 3 3 6 6 9 11 11 18 17 17 16 16 12 8 8 9 4 4 6 6 5 5 5 5 4 4 4 4 4 3 3 3 2 2 2 2 2 1 1 3
 2 2 3 7 7 9 12 12 9 9 11 13 13 13 17 17 15 15 13 13 13 10 6 6 5 5 5 4 4 4 3 3 3 3 3 2 2 2 1 1 1 1 1 1 1 1
 2 2 3 7 7 9 12 12 9 9 11 13 13 13 17 17 15 15 13 13 13 10 6 6 5 5 5 4 4 4 3 3 3 3 3 2 2 2 1 1 1 1 1 1 1 1
 4 4 5 9 9 11 11 11 9 9 9 11 11 11 12 12 16 16 15 12 12 9 3 3 5 5 4 3 3 2 2 2 2 2 2 1 1 1 0 0 0 0 0 1 1 3
 6 6 6 8 8 10 8 8 8 8 6 5 5 5 8 8 12 12 9 6 6 3 2 2 3 3 2 3 3 2 1 1 1 1 1 0 0 0 0 0 0 0 1 1 1 3
 6 6 6 8 8 10 8 8 8 8 6 5 5 5 8 8 12 12 9 6 6 3 2 2 3 3 2 3 3 2 1 1 1 1 1 0 0 0 0 0 0 0 1 1 1 3
 6 6 7 6 6 6 5 5 6 6 6 5 5 5 6 6 7 7 5 4 4 3 3 3 1 1 2 1 1 1 2 2 1 1 1 0 0 1 1 1 1 1 1 3 3 2
 6 6 7 6 6 6 5 5 6 6 6 5 5 5 6 6 7 7 5 4 4 3 3 3 1 1 2 1 1 1 2 2 1 1 1 0 0 1 1 1 1 1 1 3 3 2
 8 8 13 6 6 5 5 5 3 3 2 2 2 3 3 3 6 6 6 4 4 4 5 5 3 3 3 3 3 1 1 1 1 1 1 1 1 1 2 2 2 2 2 2 2 3
 5 5 6 4 4 2 3 3 3 3 3 3 3 2 4 4 5 5 6 5 5 5 3 3 3 3 2 2 2 1 2 2 1 1 1 1 1 1 1 1 2 2 2 2 2 3
 5 5 6 4 4 2 3 3 3 3 3 3 3 2 4 4 5 5 6 5 5 5 3 3 3 3 2 2 2 1 2 2 1 1 1 1 1 1 1 1 2 2 2 2 2 3
 3 3 4 3 3 3 3 3 2 2 3 3 3 3 4 4 8 8 6 6 6 6 5 5 2 2 2 4 4 6 2 2 1 1 1 1 1 1 1 1 2 2 2 3 3 4
 4 4 4 3 3 3 2 2 3 3 3 3 3 4 6 6 7 7 5 7 7 7 6 6 1 1 1 2 2 4 5 5 3 3 3 2 2 2 2 2 2 2 3 3 3 3
 4 4 4 3 3 3 2 2 3 3 3 3 3 4 6 6 7 7 5 7 7 7 6 6 1 1 1 2 2 4 5 5 3 3 3 2 2 2 2 2 2 2 3 3 3 3
 3 3 4 3 3 1 1 1 2 2 5 5 5 5 6 6 6 6 6 8 8 8 5 5 6 6 3 3 3 4 8 8 5 5 4 3 3 3 2 2 3 3 3 4 4 4
 3 3 4 3 3 1 1 1 2 2 5 5 5 5 6 6 6 6 6 8 8 8 5 5 6 6 3 3 3 4 8 8 5 5 4 3 3 3 2 2 3 3 3 4 4 4
 1 1 1 1 1 1 1 1 2 2 2 5 5 6 6 6 6 6 6 9 9 11 9 9 7 7 7 9 9 6 6 6 9 9 6 6 6 4 3 3 4 4 4 4 4 4
 4 4 4 4 4 1 1 1 2 2 2 4 4 8 8 8 8 8 8 7 7 9 8 8 3 3 1 2 2 8 7 7 9 9 6 5 5 5 4 4 4 4 4 5 5 5
 4 4 4 4 4 1 1 1 2 2 2 4 4 8 8 8 8 8 8 7 7 9 8 8 3 3 1 2 2 8 7 7 9 9 6 5 5 5 4 4 4 4 4 5 5 5
 2 2 4 4 4 6 6 6 2 2 3 3 3 3 3 3 5 5 6 7 7 8 8 8 4 4 2 2 2 5 7 7 6 6 6 4 4 4 5 5 4 4 5 4 4 4
 2 2 5 5 5 7 11 11 16 16 16 4 4 3 3 3 3 3 6 5 5 7 7 7 5 5 3 2 2 4 6 6 7 7 9 5 5 5 6 6 4 4 4 3 3 4
 2 2 5 5 5 7 11 11 16 16 16 4 4 3 3 3 3 3 6 5 5 7 7 7 5 5 3 2 2 4 6 6 7 7 9 5 5 5 6 6 4 4 4 3 3 4
 2 2 4 4 4 10 11 11 17 17 17 16 16 3 2 2 2 2 4 4 4 4 3 3 3 3 2 2 2 2 7 7 9 9 10 9 9 5 4 4 4 4 4 3 3 3
 2 2 4 4 4 10 11 11 17 17 17 16 16 3 2 2 2 2 4 4 4 4 3 3 3 3 2 2 2 2 7 7 9 9 10 9 9 5 4 4 4 4 4 3 3 3
 2 2 3 2 2 2 3 3 5 5 17 17 17 4 5 5 2 2 2 2 2 3 3 3 3 3 3 2 2 2 6 6 11 11 10 6 6 3 3 3 2 2 3 3 3 3
 1 1 1 2 2 4 4 4 8 8 4 4 4 5 5 5 3 3 4 4 4 3 3 3 4 4 4 5 5 2 2 2 4 4 7 5 5 2 1 1 1 1 2 2 2 2
 1 1 1 2 2 4 4 4 8 8 4 4 4 5 5 5 3 3 4 4 4 3 3 3 4 4 4 5 5 2 2 2 4 4 7 5 5 2 1 1 1 1 2 2 2 2
 1 1 1 1 1 2 7 7 6 6 5 3 3 3 3 3 3 3 3 4 4 3 3 3 6 6 6 5 5 3 2 2 3 3 3 2 2 1 1 1 1 1 3 2 2 3
 1 1 1 1 1 1 3 3 2 2 5 6 6 5 3 3 3 3 2 3 3 2 3 3 6 6 6 4 4 3 2 2 2 2 1 2 2 2 2 2 3 3 3 3 3 4
 1 1 1 1 1 1 3 3 2 2 5 6 6 5 3 3 3 3 2 3 3 2 3 3 6 6 6 4 4 3 2 2 2 2 1 2 2 2 2 2 3 3 3 3 3 4
 2 2 2 7 7 7 6 6 2 2 5 6 6 4 3 3 1 1 1 1 1 2 3 3 4 4 4 3 3 3 5 5 2 2 2 2 2 3 3 3 4 4 4 4 4 4
 2 2 2 7 7 7 6 6 2 2 5 6 6 4 3 3 1 1 1 1 1 2 3 3 4 4 4 3 3 3 5 5 2 2 2 2 2 3 3 3 4 4 4 4 4 4
 2 2 2 2 2 1 1 1 2 2 2 3 3 3 2 2 1 1 1 1 1 1 2 2 4 4 5 3 3 3 3 3 2 2 1 1 1 2 2 2 2 2 2 1 1 1
 1 1 2 1 1 1 1 1 2 2 3 3 3 2 2 2 1 1 0 0 0 1 2 2 3 3 3 3 3 2 1 1 1 1 2 1 1 1 1 1 1 1 0 1 1 0
 1 1 2 1 1 1 1 1 2 2 3 3 3 2 2 2 1 1 0 0 0 1 2 2 3 3 3 3 3 2 1 1 1 1 2 1 1 1 1 1 1 1 0 1 1 0
 2 2 2 2 2 2 2 2 2 2 2 2 2 2 2 2 1 1 0 0 0 0 2 2 2 2 3 2 2 1 1 1 1 1 2 1 1 1 1 1 1 1 0 0 0 1
 3 3 3 3 3 4 4 4 4 4 3 3 3 3 3 3 2 2 1 0 0 0 2 2 2 2 0 2 2 1 1 1 1 1 1 0 0 0 1 1 0 0 0 0 0 1
 3 3 3 3 3 4 4 4 4 4 3 3 3 3 3 3 2 2 1 0 0 0 2 2 2 2 0 2 2 1 1 1 1 1 1 0 0 0 1 1 0 0 0 0 0 1
 2 2 4 6 6 5 4 4 4 4 4 6 6 5 4 4 3 3 2 0 0 0 0 0 0 0 1 2 2 1 1 1 0 0 0 0 0 0 0 0 0 0 0 1 1 1
 2 2 4 6 6 5 4 4 4 4 4 6 6 5 4 4 3 3 2 0 0 0 0 0 0 0 1 2 2 1 1 1 0 0 0 0 0 0 0 0 0 0 0 1 1 1
 2 2 2 2 2 7 6 6 13 13 14 16 16 5 4 4 3 3 3 1 1 0 0 0 1 1 1 1 1 2 1 1 0 0 0 1 1 0 1 1 1 1 1 1 1 1
 1 1 1 6 6 13 12 12 14 14 13 4 4 5 5 5 7 7 6 3 3 0 0 0 0 0 1 1 1 1 2 2 1 1 3 2 2 2 1 1 1 1 1 1 1 2
 1 1 1 6 6 13 12 12 14 14 13 4 4 5 5 5 7 7 6 3 3 0 0 0 0 0 1 1 1 1 2 2 1 1 3 2 2 2 1 1 1 1 1 1 1 2
 2 2 2 6 6 13 14 14 19 19 19 13 13 14 9 9 8 8 7 6 6 3 1 1 0 0 0 1 1 1 2 2 2 2 1 4 4 2 2 2 1 1 2 2 2 2
 2 2 2 5 5 6 7 7 10 10 15 12 12 14 15 15 16 16 11 7 7 6 5 5 0 0 0 2 2 2 1 1 3 3 2 3 3 2 1 1 2 2 2 2 2 1
 2 2 2 5 5 6 7 7 10 10 15 12 12 14 15 15 16 16 11 7 7 6 5 5 0 0 0 2 2 2 1 1 3 3 2 3 3 2 1 1 2 2 2 2 2 1
 2 2 2 1 1 2 6 6 9 9 10 10 10 11 12 12 12 12 10 9 9 9 6 6 1 1 0 1 1 2 1 1 1 1 1 2 2 1 1 1 1 1 2 2 2 3
 2 2 2 1 1 2 6 6 9 9 10 10 10 11 12 12 12 12 10 9 9 9 6 6 1 1 0 1 1 2 1 1 1 1 1 2 2 1 1 1 1 1 2 2 2 3
 1 1 2 2 2 2 2 2 5 5 5 6 6 10 15 15 14 14 14 12 12 9 3 3 2 2 1 0 0 0 1 1 1 1 1 1 1 1 1 1 1 1 2 1 1 1
 1 1 1 2 2 3 3 3 6 6 7 7 7 5 9 9 9 9 9 12 12 9 3 3 3 3 1 1 1 0 0 0 0 0 1 0 0 2 1 1 1 1 1 0 0 0
 1 1 1 2 2 3 3 3 6 6 7 7 7 5 9 9 9 9 9 12 12 9 3 3 3 3 1 1 1 0 0 0 0 0 1 0 0 2 1 1 1 1 1 0 0 0
 1 1 1 2 2 3 5 5 6 6 6 5 5 8 9 9 9 9 11 11 11 10 7 7 6 6 4 2 2 1 1 1 0 0 1 1 1 1 1 1 1 1 1 0 0 1
 1 1 1 2 2 2 5 5 6 6 5 4 4 7 9 9 13 13 16 16 16 17 14 14 9 9 7 4 4 2 1 1 1 1 1 1 1 1 1 1 1 1 2 1 1 0
