assets/RAT_results/precipitation/2019-11-10_IMERG.asc
ncols        46
nrows        77
xllcorner    74.800261325624
yllcorner    8.058333333333
cellsize     0.062500000000
NODATA_value -9999
 4 4 5 3 3 2 44 44 37 37 15 17 17 20 11 11 2 2 1 1 1 0 0 0 0 0 0 0 0 0 0 0 0 0 0 0 0 0 0 0 1 1 2 1 1 1
 6 6 5 3 3 2 12 12 29 29 26 24 24 29 7 7 3 3 2 1 1 1 0 0 0 0 0 0 0 0 0 0 0 0 0 0 0 0 0 0 1 1 2 1 1 4
 6 6 5 3 3 2 12 12 29 29 26 24 24 29 7 7 3 3 2 1 1 1 0 0 0 0 0 0 0 0 0 0 0 0 0 0 0 0 0 0 1 1 2 1 1 4
 10 10 7 5 5 3 7 7 11 11 8 18 18 11 6 6 3 3 2 1 1 1 0 0 0 0 0 0 0 0 0 0 0 0 0 0 0 0 1 1 2 2 1 1 1 3
 6 6 9 7 7 5 10 10 10 10 7 11 11 9 4 4 3 3 3 2 2 1 0 0 0 0 0 0 0 1 1 1 1 1 0 1 1 2 2 2 1 1 0 0 0 3
 6 6 9 7 7 5 10 10 10 10 7 11 11 9 4 4 3 3 3 2 2 1 0 0 0 0 0 0 0 1 1 1 1 1 0 1 1 2 2 2 1 1 0 0 0 3
 10 10 10 11 11 7 11 11 12 12 8 5 5 4 4 4 4 4 3 2 2 1 1 1 0 0 0 0 0 1 1 1 1 1 1 1 1 2 1 1 1 1 0 0 0 3
 10 10 10 11 11 7 11 11 12 12 8 5 5 4 4 4 4 4 3 2 2 1 1 1 0 0 0 0 0 1 1 1 1 1 1 1 1 2 1 1 1 1 0 0 0 3
 35 35 35 29 29 25 9 9 11 11 10 6 6 5 5 5 4 4 3 2 2 2 1 1 0 0 0 0 0 0 0 0 1 1 1 1 1 0 0 0 0 0 1 0 0 0
 51 51 38 44 44 29 6 6 12 12 11 7 7 13 12 12 5 5 4 4 4 3 2 2 1 1 0 0 0 0 0 0 1 1 0 0 0 0 0 0 1 1 1 1 1 0
 51 51 38 44 44 29 6 6 12 12 11 7 7 13 12 12 5 5 4 4 4 3 2 2 1 1 0 0 0 0 0 0 1 1 0 0 0 0 0 0 1 1 1 1 1 0
 41 41 37 31 31 20 5 5 10 10 14 16 16 19 12 12 5 5 4 5 5 4 2 2 1 1 0 0 0 0 0 0 0 0 0 0 0 0 0 0 1 1 1 1 1 0
 29 29 20 15 15 13 4 4 10 10 15 24 24 16 13 13 9 9 8 6 6 3 2 2 2 2 1 0 0 0 0 0 0 0 0 0 0 0 0 0 1 1 1 1 1 1
 29 29 20 15 15 13 4 4 10 10 15 24 24 16 13 13 9 9 8 6 6 3 2 2 2 2 1 0 0 0 0 0 0 0 0 0 0 0 0 0 1 1 1 1 1 1
 8 8 15 6 6 3 6 6 9 9 15 14 14 8 9 9 9 9 9 4 4 4 2 2 2 2 2 2 2 1 1 1 1 1 0 0 0 0 1 1 1 1 0 0 0 1
 8 8 15 6 6 3 6 6 9 9 15 14 14 8 9 9 9 9 9 4 4 4 2 2 2 2 2 2 2 1 1 1 1 1 0 0 0 0 1 1 1 1 0 0 0 1
 8 8 8 6 6 5 5 5 12 12 10 6 6 5 8 8 15 15 9 10 10 5 4 4 4 4 4 3 3 1 1 1 1 1 1 1 1 0 1 1 1 1 0 0 0 0
 11 11 8 6 6 8 7 7 5 5 6 5 5 12 14 14 18 18 12 10 10 11 10 10 7 7 5 4 4 2 1 1 1 1 1 0 0 1 1 1 1 1 0 0 0 0
 11 11 8 6 6 8 7 7 5 5 6 5 5 12 14 14 18 18 12 10 10 11 10 10 7 7 5 4 4 2 1 1 1 1 1 0 0 1 1 1 1 1 0 0 0 0
 11 11 9 6 6 7 4 4 3 3 2 4 4 15 11 11 17 17 18 18 18 17 13 13 9 9 6 5 5 3 2 2 1 1 1 1 1 2 1 1 1 1 0 0 0 0
 7 7 7 3 3 2 2 2 2 2 1 8 8 15 16 16 16 16 21 32 32 20 23 23 17 17 12 5 5 4 2 2 2 2 2 3 3 3 2 2 1 1 1 0 0 0
 7 7 7 3 3 2 2 2 2 2 1 8 8 15 16 16 16 16 21 32 32 20 23 23 17 17 12 5 5 4 2 2 2 2 2 3 3 3 2 2 1 1 1 0 0 0
 3 3 3 2 2 1 1 1 1 1 1 6 6 11 5 5 8 8 20 32 32 40 19 19 20 20 33 9 9 6 3 3 3 3 4 4 4 4 1 1 1 1 1 0 0 1
 3 3 3 2 2 1 1 1 1 1 1 6 6 11 5 5 8 8 20 32 32 40 19 19 20 20 33 9 9 6 3 3 3 3 4 4 4 4 1 1 1 1 1 0 0 1
 1 1 1 1 1 1 2 2 1 1 1 2 2 5 6 6 7 7 7 17 17 14 18 18 27 27 27 9 9 12 6 6 10 10 4 4 4 2 1 1 1 1 1 0 0 0
 1 1 0 1 1 1 1 1 1 1 1 1 1 0 5 5 3 3 9 10 10 11 16 16 31 31 26 11 11 12 10 10 12 12 10 1 1 1 1 1 1 1 1 0 0 0
 1 1 0 1 1 1 1 1 1 1 1 1 1 0 5 5 3 3 9 10 10 11 16 16 31 31 26 11 11 12 10 10 12 12 10 1 1 1 1 1 1 1 1 0 0 0
 1 1 0 1 1 2 1 1 1 1 1 0 0 0 2 2 3 3 2 4 4 10 18 18 32 32 19 22 22 8 6 6 13 13 3 2 2 0 0 0 0 0 3 0 0 0
 1 1 1 2 2 2 2 2 1 1 0 0 0 0 0 0 0 0 0 4 4 8 12 12 23 23 19 24 24 31 16 16 6 6 1 0 0 0 0 0 0 0 0 1 1 0
 1 1 1 2 2 2 2 2 1 1 0 0 0 0 0 0 0 0 0 4 4 8 12 12 23 23 19 24 24 31 16 16 6 6 1 0 0 0 0 0 0 0 0 1 1 0
 3 3 2 1 1 2 2 2 1 1 0 0 0 0 0 0 1 1 1 1 1 6 7 7 21 21 28 30 30 27 26 26 7 7 1 1 1 0 1 1 0 0 0 0 0 0
 3 3 2 1 1 2 2 2 1 1 0 0 0 0 0 0 1 1 1 1 1 6 7 7 21 21 28 30 30 27 26 26 7 7 1 1 1 0 1 1 0 0 0 0 0 0
 1 1 1 1 1 5 1 1 1 1 1 0 0 1 2 2 1 1 1 0 0 1 2 2 13 13 22 50 50 23 8 8 4 4 4 0 0 4 8 8 3 3 0 0 0 0
 1 1 1 2 2 5 1 1 1 1 2 2 2 3 2 2 1 1 1 0 0 1 4 4 23 23 13 10 10 8 5 5 8 8 6 7 7 14 11 11 4 4 1 0 0 0
 1 1 1 2 2 5 1 1 1 1 2 2 2 3 2 2 1 1 1 0 0 1 4 4 23 23 13 10 10 8 5 5 8 8 6 7 7 14 11 11 4 4 1 0 0 0
 1 1 1 2 2 1 1 1 2 2 4 13 13 2 3 3 1 1 1 1 1 2 4 4 15 15 9 9 9 5 4 4 4 4 7 7 7 7 2 2 1 1 0 0 0 0
 0 0 0 0 0 1 1 1 2 2 11 6 6 2 2 2 1 1 1 4 4 12 20 20 19 19 12 7 7 6 4 4 6 6 7 6 6 4 0 0 0 0 0 0 0 0
 0 0 0 0 0 1 1 1 2 2 11 6 6 2 2 2 1 1 1 4 4 12 20 20 19 19 12 7 7 6 4 4 6 6 7 6 6 4 0 0 0 0 0 0 0 0
 1 1 1 0 0 0 1 1 2 2 3 4 4 2 1 1 6 6 6 9 9 26 40 40 16 16 15 16 16 11 8 8 7 7 2 1 1 1 0 0 0 0 0 0 0 0
 1 1 1 0 0 0 1 1 2 2 3 4 4 2 1 1 6 6 6 9 9 26 40 40 16 16 15 16 16 11 8 8 7 7 2 1 1 1 0 0 0 0 0 0 0 0
 1 1 1 1 1 7 6 6 6 6 5 6 6 3 1 1 2 2 10 16 16 40 32 32 19 19 24 26 26 12 10 10 7 7 3 3 3 2 1 1 0 0 1 1 1 0
 1 1 1 1 1 8 3 3 4 4 5 5 5 4 1 1 3 3 10 12 12 18 21 21 21 21 21 29 29 20 15 15 6 6 4 2 2 1 1 1 0 0 1 1 1 1
 1 1 1 1 1 8 3 3 4 4 5 5 5 4 1 1 3 3 10 12 12 18 21 21 21 21 21 29 29 20 15 15 6 6 4 2 2 1 1 1 0 0 1 1 1 1
 1 1 1 1 1 2 2 2 2 2 2 3 3 2 3 3 1 1 6 6 6 9 18 18 13 13 38 21 21 19 13 13 8 8 3 3 3 1 1 1 0 0 0 0 0 0
 4 4 4 2 2 1 2 2 1 1 1 0 0 2 3 3 3 3 4 4 4 4 13 13 17 17 19 27 27 12 13 13 9 9 3 2 2 0 0 0 0 0 0 0 0 0
 4 4 4 2 2 1 2 2 1 1 1 0 0 2 3 3 3 3 4 4 4 4 13 13 17 17 19 27 27 12 13 13 9 9 3 2 2 0 0 0 0 0 0 0 0 0
 7 7 8 3 3 1 1 1 1 1 1 0 0 2 6 6 3 3 3 3 3 4 5 5 7 7 12 12 12 6 8 8 9 9 4 1 1 1 0 0 0 0 0 0 0 0
 7 7 8 3 3 1 1 1 1 1 1 0 0 2 6 6 3 3 3 3 3 4 5 5 7 7 12 12 12 6 8 8 9 9 4 1 1 1 0 0 0 0 0 0 0 0
 0 0 2 0 0 0 0 0 0 0 0 0 0 3 6 6 2 2 7 7 7 7 11 11 8 8 8 6 6 5 6 6 4 4 3 2 2 1 0 0 0 0 0 0 0 0
 0 0 0 0 0 0 1 1 0 0 0 0 0 3 7 7 5 5 11 11 11 21 13 13 8 8 18 6 6 6 5 5 5 5 6 2 2 1 0 0 0 0 0 1 1 3
 0 0 0 0 0 0 1 1 0 0 0 0 0 3 7 7 5 5 11 11 11 21 13 13 8 8 18 6 6 6 5 5 5 5 6 2 2 1 0 0 0 0 0 1 1 3
 0 0 0 0 0 0 0 0 0 0 0 0 0 0 5 5 5 5 5 13 13 17 8 8 5 5 9 7 7 6 10 10 7 7 5 2 2 1 0 0 0 0 0 3 3 3
 0 0 0 0 0 0 0 0 0 0 0 0 0 0 5 5 5 5 5 3 3 4 4 4 8 8 8 7 7 18 10 10 8 8 4 1 1 1 0 0 0 0 1 1 1 0
 0 0 0 0 0 0 0 0 0 0 0 0 0 0 5 5 5 5 5 3 3 4 4 4 8 8 8 7 7 18 10 10 8 8 4 1 1 1 0 0 0 0 1 1 1 0
 0 0 0 0 0 0 0 0 1 1 0 0 0 0 0 0 1 1 1 3 3 3 4 4 5 5 5 15 15 22 20 20 13 13 3 0 0 0 0 0 0 0 0 0 0 0
 0 0 0 0 0 0 0 0 1 1 0 0 0 0 0 0 1 1 1 3 3 3 4 4 5 5 5 15 15 22 20 20 13 13 3 0 0 0 0 0 0 0 0 0 0 0
 0 0 0 0 0 0 2 2 1 1 0 0 0 0 0 0 1 1 1 1 1 1 1 1 2 2 3 12 12 21 34 34 8 8 7 3 3 0 0 0 0 0 0 0 0 0
 0 0 0 0 0 1 3 3 2 2 0 0 0 0 0 0 1 1 1 1 1 2 2 2 1 1 2 8 8 21 9 9 7 7 5 0 0 0 0 0 0 0 0 0 0 0
 0 0 0 0 0 1 3 3 2 2 0 0 0 0 0 0 1 1 1 1 1 2 2 2 1 1 2 8 8 21 9 9 7 7 5 0 0 0 0 0 0 0 0 0 0 0
 0 0 0 0 0 1 2 2 1 1 0 0 0 0 0 0 1 1 1 1 1 3 2 2 1 1 1 1 1 7 6 6 4 4 5 3 3 0 0 0 0 0 0 0 0 0
 0 0 0 0 0 0 1 1 0 0 0 0 0 0 0 0 1 1 1 1 1 6 6 6 5 5 6 4 4 3 9 9 4 4 9 4 4 2 0 0 0 0 0 0 0 0
 0 0 0 0 0 0 1 1 0 0 0 0 0 0 0 0 1 1 1 1 1 6 6 6 5 5 6 4 4 3 9 9 4 4 9 4 4 2 0 0 0 0 0 0 0 0
 0 0 0 0 0 0 0 0 0 0 0 0 0 0 0 0 1 1 0 0 0 14 10 10 8 8 5 2 2 1 3 3 5 5 9 4 4 2 0 0 0 0 0 0 0 0
 0 0 0 0 0 0 0 0 0 0 0 0 0 0 0 0 1 1 0 0 0 14 10 10 8 8 5 2 2 1 3 3 5 5 9 4 4 2 0 0 0 0 0 0 0 0
 0 0 0 0 0 0 1 1 0 0 0 0 0 0 1 1 4 4 2 2 2 10 12 12 4 4 4 0 0 1 0 0 1 1 1 2 2 1 0 0 1 1 0 0 0 0
 0 0 0 0 0 0 1 1 0 0 0 0 0 1 2 2 2 2 2 2 2 6 6 6 4 4 5 2 2 2 1 1 1 1 0 7 7 5 3 3 2 2 0 0 0 0
 0 0 0 0 0 0 1 1 0 0 0 0 0 1 2 2 2 2 2 2 2 6 6 6 4 4 5 2 2 2 1 1 1 1 0 7 7 5 3 3 2 2 0 0 0 0
 0 0 0 0 0 0 0 0 0 0 0 0 0 1 3 3 2 2 4 4 4 5 4 4 4 4 2 1 1 1 1 1 1 1 2 8 8 8 3 3 2 2 2 0 0 0
 0 0 0 0 0 0 0 0 0 0 0 0 0 1 3 3 2 2 1 1 1 0 1 1 1 1 1 1 1 0 0 0 1 1 2 8 8 5 5 5 2 2 2 2 2 0
 0 0 0 0 0 0 0 0 0 0 0 0 0 1 3 3 2 2 1 1 1 0 1 1 1 1 1 1 1 0 0 0 1 1 2 8 8 5 5 5 2 2 2 2 2 0
 0 0 0 0 0 0 0 0 0 0 0 0 0 0 0 0 0 0 1 1 1 0 0 0 0 0 0 0 0 0 3 3 1 1 3 1 1 2 4 4 4 4 1 1 1 0
 0 0 0 0 0 0 0 0 0 0 0 0 0 0 0 0 0 0 1 1 1 0 0 0 0 0 0 0 0 0 3 3 1 1 3 1 1 2 4 4 4 4 1 1 1 0
 0 0 0 0 0 0 0 0 0 0 0 0 0 0 0 0 0 0 0 0 0 0 0 0 0 0 0 0 0 0 5 5 2 2 4 1 1 1 1 1 3 3 3 0 0 0
 0 0 0 0 0 0 0 0 0 0 0 0 0 0 0 0 0 0 0 0 0 0 0 0 0 0 0 0 0 0 3 3 1 1 1 1 1 0 0 0 3 3 0 0 0 0
 0 0 0 0 0 0 0 0 0 0 0 0 0 0 0 0 0 0 0 0 0 0 0 0 0 0 0 0 0 0 3 3 1 1 1 1 1 0 0 0 3 3 0 0 0 0
 0 0 0 0 0 0 0 0 0 0 0 0 0 0 0 0 0 0 0 0 0 0 0 0 0 0 0 0 0 1 1 1 1 1 0 1 1 1 1 1 2 2 2 0 0 0
 0 0 0 0 0 0 0 0 0 0 0 0 0 0 0 0 0 0 0 0 0 0 0 0 0 0 0 0 0 0 0 0 0 0 0 1 1 1 2 2 2 2 2 0 0 0
