assets/RAT_results/precipitation/2019-06-21_IMERG.asc
ncols        46
nrows        77
xllcorner    74.800261325624
yllcorner    8.058333333333
cellsize     0.062500000000
NODATA_value -9999
 22 22 33 26 26 20 12 12 3 3 5 2 2 1 1 1 1 1 2 2 2 3 2 2 1 1 1 1 1 1 1 1 1 1 1 1 1 1 1 1 1 1 0 0 0 1
 31 31 42 45 45 30 18 18 7 7 4 3 3 1 2 2 2 2 2 3 3 3 2 2 2 2 2 2 2 2 3 3 2 2 1 1 1 1 1 1 0 0 0 0 0 0
 31 31 42 45 45 30 18 18 7 7 4 3 3 1 2 2 2 2 2 3 3 3 2 2 2 2 2 2 2 2 3 3 2 2 1 1 1 1 1 1 0 0 0 0 0 0
 42 42 39 47 47 41 22 22 15 15 12 5 5 4 4 4 6 6 4 2 2 2 3 3 3 3 3 4 4 5 6 6 4 4 3 3 3 2 1 1 1 1 0 0 0 0
 28 28 37 36 36 32 22 22 18 18 12 6 6 3 3 3 2 2 2 2 2 2 3 3 3 3 4 6 6 7 8 8 7 7 6 7 7 5 2 2 1 1 1 0 0 0
 28 28 37 36 36 32 22 22 18 18 12 6 6 3 3 3 2 2 2 2 2 2 3 3 3 3 4 6 6 7 8 8 7 7 6 7 7 5 2 2 1 1 1 0 0 0
 26 26 27 28 28 28 34 34 14 14 17 5 5 3 3 3 3 3 2 2 2 2 3 3 3 3 5 6 6 8 8 8 7 7 6 4 4 3 1 1 1 1 1 1 1 1
 26 26 27 28 28 28 34 34 14 14 17 5 5 3 3 3 3 3 2 2 2 2 3 3 3 3 5 6 6 8 8 8 7 7 6 4 4 3 1 1 1 1 1 1 1 1
 30 30 26 28 28 26 31 31 23 23 24 11 11 7 6 6 4 4 3 2 2 3 5 5 5 5 5 5 5 5 4 4 4 4 3 2 2 1 1 1 1 1 0 0 0 1
 19 19 34 34 34 30 34 34 23 23 24 16 16 10 7 7 7 7 8 4 4 4 5 5 4 4 4 4 4 3 3 3 3 3 2 1 1 1 0 0 0 0 0 0 0 0
 19 19 34 34 34 30 34 34 23 23 24 16 16 10 7 7 7 7 8 4 4 4 5 5 4 4 4 4 4 3 3 3 3 3 2 1 1 1 0 0 0 0 0 0 0 0
 25 25 33 39 39 39 37 37 38 38 26 18 18 11 15 15 7 7 5 5 5 4 3 3 3 3 3 2 2 3 2 2 2 2 2 1 1 0 0 0 1 1 0 0 0 0
 18 18 42 39 39 35 39 39 42 42 40 22 22 12 17 17 17 17 7 7 7 7 2 2 2 2 1 1 1 1 1 1 1 1 1 1 1 1 1 1 1 1 0 0 0 0
 18 18 42 39 39 35 39 39 42 42 40 22 22 12 17 17 17 17 7 7 7 7 2 2 2 2 1 1 1 1 1 1 1 1 1 1 1 1 1 1 1 1 0 0 0 0
 18 18 32 34 34 43 39 39 46 46 47 38 38 32 24 24 24 24 24 23 23 8 2 2 4 4 4 1 1 2 2 2 0 0 1 1 1 2 1 1 1 1 1 0 0 1
 18 18 32 34 34 43 39 39 46 46 47 38 38 32 24 24 24 24 24 23 23 8 2 2 4 4 4 1 1 2 2 2 0 0 1 1 1 2 1 1 1 1 1 0 0 1
 13 13 16 28 28 43 36 36 52 52 44 41 41 36 28 28 26 26 25 22 22 7 7 7 9 9 5 3 3 3 3 3 2 2 1 1 1 1 2 2 1 1 1 1 1 1
 15 15 10 16 16 33 33 33 40 40 36 36 36 34 32 32 39 39 35 31 31 24 24 24 10 10 3 3 3 3 3 3 1 1 2 1 1 1 1 1 1 1 1 1 1 1
 15 15 10 16 16 33 33 33 40 40 36 36 36 34 32 32 39 39 35 31 31 24 24 24 10 10 3 3 3 3 3 3 1 1 2 1 1 1 1 1 1 1 1 1 1 1
 12 12 20 19 19 17 35 35 50 50 44 31 31 33 32 32 34 34 32 34 34 25 25 25 8 8 8 5 5 5 6 6 3 3 3 2 2 1 2 2 2 2 1 1 1 1
 26 26 26 21 21 37 33 33 51 51 39 49 49 35 32 32 32 32 32 33 33 32 32 32 20 20 20 11 11 10 7 7 5 5 5 3 3 3 3 3 3 3 2 1 1 2
 26 26 26 21 21 37 33 33 51 51 39 49 49 35 32 32 32 32 32 33 33 32 32 32 20 20 20 11 11 10 7 7 5 5 5 3 3 3 3 3 3 3 2 1 1 2
 20 20 25 27 27 40 38 38 65 65 51 42 42 37 37 37 33 33 36 37 37 37 36 36 28 28 21 13 13 13 6 6 8 8 5 3 3 2 1 1 2 2 1 1 1 1
 20 20 25 27 27 40 38 38 65 65 51 42 42 37 37 37 33 33 36 37 37 37 36 36 28 28 21 13 13 13 6 6 8 8 5 3 3 2 1 1 2 2 1 1 1 1
 17 17 23 32 32 44 46 46 63 63 61 51 51 43 37 37 30 30 43 45 45 38 36 36 34 34 28 21 21 19 10 10 10 10 5 3 3 2 1 1 2 2 1 0 0 1
 19 19 28 31 31 36 46 46 70 70 67 44 44 25 34 34 27 27 35 35 35 33 30 30 29 29 29 22 22 21 10 10 10 10 6 5 5 2 1 1 1 1 0 0 0 1
 19 19 28 31 31 36 46 46 70 70 67 44 44 25 34 34 27 27 35 35 35 33 30 30 29 29 29 22 22 21 10 10 10 10 6 5 5 2 1 1 1 1 0 0 0 1
 23 23 27 33 33 33 47 47 53 53 52 47 47 29 22 22 25 25 24 34 34 33 32 32 33 33 21 22 22 22 13 13 12 12 9 9 9 3 3 3 0 0 0 0 0 0
 20 20 19 22 22 22 43 43 55 55 67 52 52 51 20 20 22 22 29 34 34 36 35 35 32 32 25 26 26 18 15 15 13 13 9 9 9 3 3 3 2 2 1 0 0 0
 20 20 19 22 22 22 43 43 55 55 67 52 52 51 20 20 22 22 29 34 34 36 35 35 32 32 25 26 26 18 15 15 13 13 9 9 9 3 3 3 2 2 1 0 0 0
 15 15 14 14 14 19 40 40 63 63 58 47 47 46 25 25 34 34 19 19 19 20 20 20 16 16 22 24 24 18 20 20 17 17 15 13 13 7 8 8 4 4 3 2 2 1
 15 15 14 14 14 19 40 40 63 63 58 47 47 46 25 25 34 34 19 19 19 20 20 20 16 16 22 24 24 18 20 20 17 17 15 13 13 7 8 8 4 4 3 2 2 1
 13 13 13 12 12 12 33 33 35 35 27 24 24 48 25 25 29 29 13 15 15 15 15 15 15 15 22 24 24 18 20 20 15 15 12 10 10 9 5 5 5 5 4 3 3 1
 11 11 11 10 10 11 22 22 19 19 21 24 24 39 38 38 26 26 13 11 11 11 11 11 21 21 18 18 18 14 14 14 12 12 12 9 9 10 6 6 5 5 4 2 2 1
 11 11 11 10 10 11 22 22 19 19 21 24 24 39 38 38 26 26 13 11 11 11 11 11 21 21 18 18 18 14 14 14 12 12 12 9 9 10 6 6 5 5 4 2 2 1
 10 10 10 10 10 10 18 18 17 17 10 18 18 35 36 36 25 25 18 15 15 12 13 13 22 22 19 18 18 14 15 15 9 9 10 8 8 9 7 7 7 7 6 2 2 1
 9 9 9 11 11 11 16 16 15 15 9 11 11 11 15 15 23 23 12 21 21 35 28 28 17 17 17 11 11 11 8 8 10 10 11 10 10 11 9 9 7 7 6 3 3 2
 9 9 9 11 11 11 16 16 15 15 9 11 11 11 15 15 23 23 12 21 21 35 28 28 17 17 17 11 11 11 8 8 10 10 11 10 10 11 9 9 7 7 6 3 3 2
 9 9 9 9 9 10 14 14 10 10 9 11 11 9 10 10 27 27 28 30 30 33 42 42 31 31 12 9 9 11 10 10 11 11 7 8 8 8 8 8 7 7 6 3 3 3
 9 9 9 9 9 10 14 14 10 10 9 11 11 9 10 10 27 27 28 30 30 33 42 42 31 31 12 9 9 11 10 10 11 11 7 8 8 8 8 8 7 7 6 3 3 3
 6 6 8 8 8 8 8 8 6 6 7 9 9 9 12 12 32 32 28 26 26 41 25 25 12 12 12 11 11 12 9 9 9 9 5 5 5 6 7 7 7 7 6 4 4 4
 7 7 7 4 4 4 3 3 6 6 7 12 12 14 19 19 23 23 36 22 22 25 21 21 20 20 16 15 15 16 10 10 7 7 4 5 5 6 7 7 8 8 6 3 3 5
 7 7 7 4 4 4 3 3 6 6 7 12 12 14 19 19 23 23 36 22 22 25 21 21 20 20 16 15 15 16 10 10 7 7 4 5 5 6 7 7 8 8 6 3 3 5
 7 7 7 3 3 25 17 17 8 8 9 14 14 17 22 22 33 33 26 27 27 38 44 44 18 18 16 16 16 15 10 10 8 8 5 7 7 7 7 7 6 6 6 5 5 5
 28 28 30 25 25 25 23 23 10 10 24 17 17 21 25 25 32 32 30 38 38 23 30 30 29 29 20 19 19 22 19 19 19 19 17 8 8 9 7 7 6 6 6 5 5 5
 28 28 30 25 25 25 23 23 10 10 24 17 17 21 25 25 32 32 30 38 38 23 30 30 29 29 20 19 19 22 19 19 19 19 17 8 8 9 7 7 6 6 6 5 5 5
 34 34 33 22 22 23 30 30 31 31 30 23 23 25 45 45 39 39 33 34 34 21 13 13 23 23 19 21 21 32 24 24 21 21 21 10 10 11 7 7 8 8 7 5 5 5
 34 34 33 22 22 23 30 30 31 31 30 23 23 25 45 45 39 39 33 34 34 21 13 13 23 23 19 21 21 32 24 24 21 21 21 10 10 11 7 7 8 8 7 5 5 5
 40 40 32 26 26 23 32 32 23 23 31 37 37 42 45 45 34 34 52 63 63 32 32 32 28 28 19 18 18 31 30 30 23 23 20 9 9 11 7 7 7 7 5 4 4 3
 36 36 25 18 18 15 21 21 23 23 32 28 28 29 38 38 52 52 55 71 71 30 33 33 17 17 18 15 15 24 24 24 24 24 24 12 12 12 8 8 7 7 6 4 4 3
 36 36 25 18 18 15 21 21 23 23 32 28 28 29 38 38 52 52 55 71 71 30 33 33 17 17 18 15 15 24 24 24 24 24 24 12 12 12 8 8 7 7 6 4 4 3
 29 29 33 16 16 12 14 14 17 17 21 24 24 29 30 30 17 17 17 16 16 20 17 17 24 24 22 19 19 27 28 28 24 24 19 13 13 9 8 8 9 9 7 5 5 3
 15 15 27 21 21 13 13 13 15 15 16 16 16 22 24 24 16 16 21 21 21 31 19 19 29 29 30 28 28 27 30 30 29 29 20 16 16 12 8 8 8 8 7 5 5 3
 15 15 27 21 21 13 13 13 15 15 16 16 16 22 24 24 16 16 21 21 21 31 19 19 29 29 30 28 28 27 30 30 29 29 20 16 16 12 8 8 8 8 7 5 5 3
 16 16 20 16 16 12 13 13 13 13 14 15 15 19 20 20 15 15 20 22 22 33 31 31 46 46 47 31 31 25 28 28 27 27 15 15 15 10 9 9 7 7 5 3 3 3
 16 16 20 16 16 12 13 13 13 13 14 15 15 19 20 20 15 15 20 22 22 33 31 31 46 46 47 31 31 25 28 28 27 27 15 15 15 10 9 9 7 7 5 3 3 3
 11 11 14 14 14 12 13 13 14 14 13 13 13 16 16 16 15 15 14 16 16 23 33 33 51 51 47 27 27 24 28 28 23 23 19 18 18 9 7 7 5 5 6 4 4 3
 11 11 14 12 12 15 14 14 15 15 16 14 14 13 15 15 16 16 17 25 25 34 33 33 41 41 44 28 28 22 22 22 24 24 13 19 19 9 5 5 6 6 4 3 3 2
 11 11 14 12 12 15 14 14 15 15 16 14 14 13 15 15 16 16 17 25 25 34 33 33 41 41 44 28 28 22 22 22 24 24 13 19 19 9 5 5 6 6 4 3 3 2
 10 10 12 15 15 12 13 13 13 13 14 15 15 17 15 15 15 15 17 34 34 35 22 22 34 34 37 30 30 22 20 20 14 14 14 9 9 6 5 5 5 5 3 2 2 1
 28 28 13 11 11 9 12 12 13 13 15 15 15 18 14 14 14 14 22 32 32 31 26 26 35 35 29 32 32 19 15 15 14 14 13 7 7 6 5 5 4 4 2 1 1 1
 28 28 13 11 11 9 12 12 13 13 15 15 15 18 14 14 14 14 22 32 32 31 26 26 35 35 29 32 32 19 15 15 14 14 13 7 7 6 5 5 4 4 2 1 1 1
 26 26 8 6 6 8 9 9 10 10 11 15 15 21 17 17 21 21 35 25 25 23 14 14 13 13 11 15 15 12 14 14 13 13 11 7 7 6 4 4 5 5 1 1 1 1
 26 26 8 6 6 8 9 9 10 10 11 15 15 21 17 17 21 21 35 25 25 23 14 14 13 13 11 15 15 12 14 14 13 13 11 7 7 6 4 4 5 5 1 1 1 1
 16 16 19 17 17 17 7 7 10 10 14 21 21 31 23 23 34 34 47 22 22 10 7 7 7 7 8 10 10 12 13 13 9 9 8 7 7 5 3 3 4 4 1 1 1 0
 16 16 18 7 7 15 8 8 11 11 14 23 23 33 26 26 47 47 24 14 14 7 7 7 6 6 9 7 7 11 13 13 9 9 7 5 5 3 3 3 4 4 0 0 0 0
 16 16 18 7 7 15 8 8 11 11 14 23 23 33 26 26 47 47 24 14 14 7 7 7 6 6 9 7 7 11 13 13 9 9 7 5 5 3 3 3 4 4 0 0 0 0
 6 6 8 8 8 18 7 7 9 9 14 35 35 50 57 57 43 43 12 8 8 6 6 6 5 5 7 5 5 7 9 9 9 9 5 4 4 4 3 3 3 3 1 1 1 1
 14 14 12 9 9 9 8 8 7 7 12 33 33 92 111 111 25 25 9 7 7 6 4 4 4 4 4 5 5 6 4 4 7 7 6 7 7 5 5 5 4 4 3 1 1 1
 14 14 12 9 9 9 8 8 7 7 12 33 33 92 111 111 25 25 9 7 7 6 4 4 4 4 4 5 5 6 4 4 7 7 6 7 7 5 5 5 4 4 3 1 1 1
 9 9 10 8 8 10 12 12 9 9 8 19 19 99 31 31 10 10 7 6 6 4 4 4 3 3 3 3 3 3 6 6 5 5 8 6 6 5 4 4 3 3 3 1 1 1
 9 9 10 8 8 10 12 12 9 9 8 19 19 99 31 31 10 10 7 6 6 4 4 4 3 3 3 3 3 3 6 6 5 5 8 6 6 5 4 4 3 3 3 1 1 1
 8 8 9 11 11 13 12 12 11 11 9 11 11 45 27 27 8 8 5 5 5 4 3 3 3 3 3 3 3 3 7 7 7 7 11 7 7 7 2 2 1 1 2 1 1 1
 9 9 11 13 13 14 12 12 10 10 10 10 10 22 14 14 7 7 5 4 4 3 3 3 2 2 2 2 2 2 3 3 7 7 4 4 4 6 2 2 1 1 1 2 2 3
 9 9 11 13 13 14 12 12 10 10 10 10 10 22 14 14 7 7 5 4 4 3 3 3 2 2 2 2 2 2 3 3 7 7 4 4 4 6 2 2 1 1 1 2 2 3
 10 10 11 12 12 14 13 13 14 14 13 13 13 14 9 9 6 6 5 5 5 4 3 3 2 2 3 2 2 1 1 1 1 1 5 4 4 4 6 6 5 5 2 3 3 4
 12 12 14 14 14 16 17 17 30 30 18 19 19 12 7 7 6 6 4 4 4 5 12 12 2 2 2 3 3 3 2 2 1 1 1 3 3 16 3 3 3 3 3 1 1 2
