assets/RAT_results/precipitation/2019-06-30_IMERG.asc
ncols        46
nrows        77
xllcorner    74.800261325624
yllcorner    8.058333333333
cellsize     0.062500000000
NODATA_value  -9999
[rows 21 to 41 of 77, columns 0 to 45 of 46]
0.25 0.25 0.1500000000000000222 0.35000000000000003331 0.35000000000000003331 0.55000000000000004441 0.6500000000000000222 0.6500000000000000222 0.5 0.5 0.4000000000000000222 0.4500000000000000111 0.4500000000000000111 0.55000000000000004441 0.80000000000000004441 0.80000000000000004441 7 7 2.9000000000000003553 0.55000000000000004441 0.55000000000000004441 0.5 0.55000000000000004441 0.55000000000000004441 0.4500000000000000111 0.4500000000000000111 0.5 0.35000000000000003331 0.35000000000000003331 0.35000000000000003331 1.1500000000000001332 1.1500000000000001332 0.30000000000000004441 0.30000000000000004441 0.4000000000000000222 0.95000000000000006661 0.95000000000000006661 0.1500000000000000222 0.2000000000000000111 0.2000000000000000111 0.2000000000000000111 0.2000000000000000111 0.1500000000000000222 0.050000000000000002776 0.050000000000000002776 0
0.1500000000000000222 0.1500000000000000222 0.10000000000000000555 0.4000000000000000222 0.4000000000000000222 0.75 0.95000000000000006661 0.95000000000000006661 0.60000000000000008882 0.60000000000000008882 0.35000000000000003331 0.60000000000000008882 0.60000000000000008882 1.1500000000000001332 1.1000000000000000888 1.1000000000000000888 1.2000000000000001776 1.2000000000000001776 1.1500000000000001332 2.8500000000000000888 2.8500000000000000888 0.9000000000000000222 0.85000000000000008882 0.85000000000000008882 0.75 0.75 0.75 0.80000000000000004441 0.80000000000000004441 0.95000000000000006661 0.55000000000000004441 0.55000000000000004441 0.70000000000000006661 0.70000000000000006661 0.85000000000000008882 0.25 0.25 0.30000000000000004441 0.25 0.25 0.25 0.25 0.5 0.1500000000000000222 0.1500000000000000222 0
0.1500000000000000222 0.1500000000000000222 0.10000000000000000555 0.4000000000000000222 0.4000000000000000222 0.75 0.95000000000000006661 0.95000000000000006661 0.60000000000000008882 0.60000000000000008882 0.35000000000000003331 0.60000000000000008882 0.60000000000000008882 1.1500000000000001332 1.1000000000000000888 1.1000000000000000888 1.2000000000000001776 1.2000000000000001776 1.1500000000000001332 2.8500000000000000888 2.8500000000000000888 0.9000000000000000222 0.85000000000000008882 0.85000000000000008882 0.75 0.75 0.75 0.80000000000000004441 0.80000000000000004441 0.95000000000000006661 0.55000000000000004441 0.55000000000000004441 0.70000000000000006661 0.70000000000000006661 0.85000000000000008882 0.25 0.25 0.30000000000000004441 0.25 0.25 0.25 0.25 0.5 0.1500000000000000222 0.1500000000000000222 0
0.25 0.25 0.2000000000000000111 0.5 0.5 0.55000000000000004441 0.4500000000000000111 0.4500000000000000111 0.4500000000000000111 0.4500000000000000111 0.5 0.5 0.5 0.9000000000000000222 0.4000000000000000222 0.4000000000000000222 0.5 0.5 0.35000000000000003331 0.4500000000000000111 0.4500000000000000111 0.75 1.4500000000000001776 1.4500000000000001776 0.95000000000000006661 0.95000000000000006661 0.55000000000000004441 0.25 0.25 0.80000000000000004441 0.85000000000000008882 0.85000000000000008882 0.35000000000000003331 0.35000000000000003331 0.30000000000000004441 0.5 0.5 0.5 0.25 0.25 0.1500000000000000222 0.1500000000000000222 0.2000000000000000111 0.050000000000000002776 0.050000000000000002776 0
0.4000000000000000222 0.4000000000000000222 0.30000000000000004441 0.35000000000000003331 0.35000000000000003331 0.2000000000000000111 0.1500000000000000222 0.1500000000000000222 0.2000000000000000111 0.2000000000000000111 0.30000000000000004441 0.30000000000000004441 0.30000000000000004441 0.2000000000000000111 0.4500000000000000111 0.4500000000000000111 0.5 0.5 0.25 0.4000000000000000222 0.4000000000000000222 0.70000000000000006661 1.8500000000000000888 1.8500000000000000888 2.3500000000000000888 2.3500000000000000888 0.35000000000000003331 0.30000000000000004441 0.30000000000000004441 0.70000000000000006661 0.2000000000000000111 0.2000000000000000111 0.30000000000000004441 0.30000000000000004441 0.30000000000000004441 0.25 0.25 0.25 0.10000000000000000555 0.10000000000000000555 0.050000000000000002776 0.050000000000000002776 0.050000000000000002776 0.050000000000000002776 0.050000000000000002776 0
0.4000000000000000222 0.4000000000000000222 0.30000000000000004441 0.35000000000000003331 0.35000000000000003331 0.2000000000000000111 0.1500000000000000222 0.1500000000000000222 0.2000000000000000111 0.2000000000000000111 0.30000000000000004441 0.30000000000000004441 0.30000000000000004441 0.2000000000000000111 0.4500000000000000111 0.4500000000000000111 0.5 0.5 0.25 0.4000000000000000222 0.4000000000000000222 0.70000000000000006661 1.8500000000000000888 1.8500000000000000888 2.3500000000000000888 2.3500000000000000888 0.35000000000000003331 0.30000000000000004441 0.30000000000000004441 0.70000000000000006661 0.2000000000000000111 0.2000000000000000111 0.30000000000000004441 0.30000000000000004441 0.30000000000000004441 0.25 0.25 0.25 0.10000000000000000555 0.10000000000000000555 0.050000000000000002776 0.050000000000000002776 0.050000000000000002776 0.050000000000000002776 0.050000000000000002776 0
0.35000000000000003331 0.35000000000000003331 0.4000000000000000222 0.1500000000000000222 0.1500000000000000222 0.10000000000000000555 0.1500000000000000222 0.1500000000000000222 0.2000000000000000111 0.2000000000000000111 0.1500000000000000222 0.1500000000000000222 0.1500000000000000222 0.25 0.2000000000000000111 0.2000000000000000111 0.60000000000000008882 0.60000000000000008882 0.30000000000000004441 0.35000000000000003331 0.35000000000000003331 0.4000000000000000222 1.25 1.25 1.3000000000000000444 1.3000000000000000444 0.2000000000000000111 0.55000000000000004441 0.55000000000000004441 0.70000000000000006661 0.55000000000000004441 0.55000000000000004441 0.35000000000000003331 0.35000000000000003331 0.2000000000000000111 0.30000000000000004441 0.30000000000000004441 0.10000000000000000555 0.10000000000000000555 0.10000000000000000555 0.050000000000000002776 0.050000000000000002776 0 0 0 0
0.10000000000000000555 0.10000000000000000555 0.1500000000000000222 0.050000000000000002776 0.050000000000000002776 0.050000000000000002776 0.10000000000000000555 0.10000000000000000555 0.1500000000000000222 0.1500000000000000222 0.1500000000000000222 0.2000000000000000111 0.2000000000000000111 0.2000000000000000111 0.1500000000000000222 0.1500000000000000222 0.35000000000000003331 0.35000000000000003331 0.050000000000000002776 0.10000000000000000555 0.10000000000000000555 0.2000000000000000111 0.4000000000000000222 0.4000000000000000222 0.5 0.5 0.4000000000000000222 0.70000000000000006661 0.70000000000000006661 0.60000000000000008882 0.4000000000000000222 0.4000000000000000222 0.30000000000000004441 0.30000000000000004441 0.1500000000000000222 0.2000000000000000111 0.2000000000000000111 0.050000000000000002776 0.050000000000000002776 0.050000000000000002776 0.10000000000000000555 0.10000000000000000555 0.10000000000000000555 0.050000000000000002776 0.050000000000000002776 0.10000000000000000555
0.10000000000000000555 0.10000000000000000555 0.1500000000000000222 0.050000000000000002776 0.050000000000000002776 0.050000000000000002776 0.10000000000000000555 0.10000000000000000555 0.1500000000000000222 0.1500000000000000222 0.1500000000000000222 0.2000000000000000111 0.2000000000000000111 0.2000000000000000111 0.1500000000000000222 0.1500000000000000222 0.35000000000000003331 0.35000000000000003331 0.050000000000000002776 0.10000000000000000555 0.10000000000000000555 0.2000000000000000111 0.4000000000000000222 0.4000000000000000222 0.5 0.5 0.4000000000000000222 0.70000000000000006661 0.70000000000000006661 0.60000000000000008882 0.4000000000000000222 0.4000000000000000222 0.30000000000000004441 0.30000000000000004441 0.1500000000000000222 0.2000000000000000111 0.2000000000000000111 0.050000000000000002776 0.050000000000000002776 0.050000000000000002776 0.10000000000000000555 0.10000000000000000555 0.10000000000000000555 0.050000000000000002776 0.050000000000000002776 0.10000000000000000555
0.10000000000000000555 0.10000000000000000555 0.050000000000000002776 0.050000000000000002776 0.050000000000000002776 0.050000000000000002776 0.10000000000000000555 0.10000000000000000555 0.10000000000000000555 0.10000000000000000555 0.2000000000000000111 0.30000000000000004441 0.30000000000000004441 0.35000000000000003331 0.4500000000000000111 0.4500000000000000111 0.60000000000000008882 0.60000000000000008882 0.4500000000000000111 0.35000000000000003331 0.35000000000000003331 0.55000000000000004441 0.75 0.75 1.7000000000000001776 1.7000000000000001776 0.25 0.35000000000000003331 0.35000000000000003331 0.35000000000000003331 0.30000000000000004441 0.30000000000000004441 0.10000000000000000555 0.10000000000000000555 0.2000000000000000111 0.1500000000000000222 0.1500000000000000222 0.1500000000000000222 0.10000000000000000555 0.10000000000000000555 0.050000000000000002776 0.050000000000000002776 0 0.050000000000000002776 0.050000000000000002776 0.050000000000000002776
0.10000000000000000555 0.10000000000000000555 0.050000000000000002776 0.050000000000000002776 0.050000000000000002776 0.050000000000000002776 0.10000000000000000555 0.10000000000000000555 0.10000000000000000555 0.10000000000000000555 0.2000000000000000111 0.30000000000000004441 0.30000000000000004441 0.35000000000000003331 0.4500000000000000111 0.4500000000000000111 0.60000000000000008882 0.60000000000000008882 0.4500000000000000111 0.35000000000000003331 0.35000000000000003331 0.55000000000000004441 0.75 0.75 1.7000000000000001776 1.7000000000000001776 0.25 0.35000000000000003331 0.35000000000000003331 0.35000000000000003331 0.30000000000000004441 0.30000000000000004441 0.10000000000000000555 0.10000000000000000555 0.2000000000000000111 0.1500000000000000222 0.1500000000000000222 0.1500000000000000222 0.10000000000000000555 0.10000000000000000555 0.050000000000000002776 0.050000000000000002776 0 0.050000000000000002776 0.050000000000000002776 0.050000000000000002776
0.050000000000000002776 0.050000000000000002776 0 0.050000000000000002776 0.050000000000000002776 0.050000000000000002776 0.050000000000000002776 0.050000000000000002776 0.10000000000000000555 0.10000000000000000555 0.2000000000000000111 0.35000000000000003331 0.35000000000000003331 0.30000000000000004441 0.60000000000000008882 0.60000000000000008882 0.70000000000000006661 0.70000000000000006661 0.6500000000000000222 0.35000000000000003331 0.35000000000000003331 0.4000000000000000222 0.4500000000000000111 0.4500000000000000111 0.4500000000000000111 0.4500000000000000111 0.1500000000000000222 0.25 0.25 0.25 0.55000000000000004441 0.55000000000000004441 0.2000000000000000111 0.2000000000000000111 0.25 0.1500000000000000222 0.1500000000000000222 0.10000000000000000555 0.2000000000000000111 0.2000000000000000111 0.1500000000000000222 0.1500000000000000222 0.050000000000000002776 0 0 0
0.050000000000000002776 0.050000000000000002776 0.050000000000000002776 0.050000000000000002776 0.050000000000000002776 0.050000000000000002776 0.050000000000000002776 0.050000000000000002776 0.050000000000000002776 0.050000000000000002776 0.1500000000000000222 0.25 0.25 0.2000000000000000111 0.25 0.25 0.2000000000000000111 0.2000000000000000111 0.5 0.25 0.25 0.25 0.30000000000000004441 0.30000000000000004441 0.35000000000000003331 0.35000000000000003331 0.1500000000000000222 0.30000000000000004441 0.30000000000000004441 0.1500000000000000222 0.1500000000000000222 0.1500000000000000222 0.2000000000000000111 0.2000000000000000111 0.10000000000000000555 0.050000000000000002776 0.050000000000000002776 0.050000000000000002776 0.1500000000000000222 0.1500000000000000222 0.1500000000000000222 0.1500000000000000222 0.050000000000000002776 0 0 0
0.050000000000000002776 0.050000000000000002776 0.050000000000000002776 0.050000000000000002776 0.050000000000000002776 0.050000000000000002776 0.050000000000000002776 0.050000000000000002776 0.050000000000000002776 0.050000000000000002776 0.1500000000000000222 0.25 0.25 0.2000000000000000111 0.25 0.25 0.2000000000000000111 0.2000000000000000111 0.5 0.25 0.25 0.25 0.30000000000000004441 0.30000000000000004441 0.35000000000000003331 0.35000000000000003331 0.1500000000000000222 0.30000000000000004441 0.30000000000000004441 0.1500000000000000222 0.1500000000000000222 0.1500000000000000222 0.2000000000000000111 0.2000000000000000111 0.10000000000000000555 0.050000000000000002776 0.050000000000000002776 0.050000000000000002776 0.1500000000000000222 0.1500000000000000222 0.1500000000000000222 0.1500000000000000222 0.050000000000000002776 0 0 0
0.1500000000000000222 0.1500000000000000222 0.1500000000000000222 0.050000000000000002776 0.050000000000000002776 0.050000000000000002776 0.050000000000000002776 0.050000000000000002776 0.10000000000000000555 0.10000000000000000555 0.1500000000000000222 0.2000000000000000111 0.2000000000000000111 0.1500000000000000222 0.25 0.25 0.2000000000000000111 0.2000000000000000111 0.30000000000000004441 0.35000000000000003331 0.35000000000000003331 0.2000000000000000111 0.2000000000000000111 0.2000000000000000111 0.35000000000000003331 0.35000000000000003331 0.2000000000000000111 0.6500000000000000222 0.6500000000000000222 0.4500000000000000111 0.1500000000000000222 0.1500000000000000222 0 0 0.050000000000000002776 0.10000000000000000555 0.10000000000000000555 0.10000000000000000555 0.10000000000000000555 0.10000000000000000555 0.050000000000000002776 0.050000000000000002776 0 0 0 0.10000000000000000555
0.35000000000000003331 0.35000000000000003331 0.35000000000000003331 0.1500000000000000222 0.1500000000000000222 0.10000000000000000555 0.050000000000000002776 0.050000000000000002776 0.10000000000000000555 0.10000000000000000555 0.2000000000000000111 0.10000000000000000555 0.10000000000000000555 0.10000000000000000555 0.1500000000000000222 0.1500000000000000222 0.10000000000000000555 0.10000000000000000555 0.050000000000000002776 0.25 0.25 0.2000000000000000111 0.2000000000000000111 0.2000000000000000111 0.25 0.25 0.25 0.2000000000000000111 0.2000000000000000111 0.10000000000000000555 0.050000000000000002776 0.050000000000000002776 0 0 0 0.1500000000000000222 0.1500000000000000222 0.10000000000000000555 0 0 0 0 0.050000000000000002776 0.050000000000000002776 0.050000000000000002776 0.1500000000000000222
0.35000000000000003331 0.35000000000000003331 0.35000000000000003331 0.1500000000000000222 0.1500000000000000222 0.10000000000000000555 0.050000000000000002776 0.050000000000000002776 0.10000000000000000555 0.10000000000000000555 0.2000000000000000111 0.10000000000000000555 0.10000000000000000555 0.10000000000000000555 0.1500000000000000222 0.1500000000000000222 0.10000000000000000555 0.10000000000000000555 0.050000000000000002776 0.25 0.25 0.2000000000000000111 0.2000000000000000111 0.2000000000000000111 0.25 0.25 0.25 0.2000000000000000111 0.2000000000000000111 0.10000000000000000555 0.050000000000000002776 0.050000000000000002776 0 0 0 0.1500000000000000222 0.1500000000000000222 0.10000000000000000555 0 0 0 0 0.050000000000000002776 0.050000000000000002776 0.050000000000000002776 0.1500000000000000222
0.2000000000000000111 0.2000000000000000111 0.2000000000000000111 0.1500000000000000222 0.1500000000000000222 0.10000000000000000555 0.050000000000000002776 0.050000000000000002776 0.1500000000000000222 0.1500000000000000222 0.2000000000000000111 0.10000000000000000555 0.10000000000000000555 0.10000000000000000555 0.1500000000000000222 0.1500000000000000222 0.10000000000000000555 0.10000000000000000555 0.050000000000000002776 0.35000000000000003331 0.35000000000000003331 0.5 0.25 0.25 0.2000000000000000111 0.2000000000000000111 0.1500000000000000222 0.10000000000000000555 0.10000000000000000555 0.050000000000000002776 0.050000000000000002776 0.050000000000000002776 0 0 0 0.050000000000000002776 0.050000000000000002776 0.050000000000000002776 0 0 0 0 0.10000000000000000555 0.10000000000000000555 0.10000000000000000555 0.25
0.2000000000000000111 0.2000000000000000111 0.2000000000000000111 0.1500000000000000222 0.1500000000000000222 0.10000000000000000555 0.050000000000000002776 0.050000000000000002776 0.1500000000000000222 0.1500000000000000222 0.2000000000000000111 0.10000000000000000555 0.10000000000000000555 0.10000000000000000555 0.1500000000000000222 0.1500000000000000222 0.10000000000000000555 0.10000000000000000555 0.050000000000000002776 0.35000000000000003331 0.35000000000000003331 0.5 0.25 0.25 0.2000000000000000111 0.2000000000000000111 0.1500000000000000222 0.10000000000000000555 0.10000000000000000555 0.050000000000000002776 0.050000000000000002776 0.050000000000000002776 0 0 0 0.050000000000000002776 0.050000000000000002776 0.050000000000000002776 0 0 0 0 0.10000000000000000555 0.10000000000000000555 0.10000000000000000555 0.25
0.1500000000000000222 0.1500000000000000222 0.1500000000000000222 0.1500000000000000222 0.1500000000000000222 0.050000000000000002776 0 0 0.050000000000000002776 0.050000000000000002776 0.10000000000000000555 0.25 0.25 0.30000000000000004441 0.35000000000000003331 0.35000000000000003331 0.2000000000000000111 0.2000000000000000111 0.10000000000000000555 0.25 0.25 0.30000000000000004441 0.4000000000000000222 0.4000000000000000222 0.30000000000000004441 0.30000000000000004441 0.35000000000000003331 0.35000000000000003331 0.35000000000000003331 0.25 0.1500000000000000222 0.1500000000000000222 0.10000000000000000555 0.10000000000000000555 0 0 0 0.30000000000000004441 0 0 0 0 0.050000000000000002776 0.1500000000000000222 0.1500000000000000222 0.4500000000000000111
0.10000000000000000555 0.10000000000000000555 0.10000000000000000555 0.050000000000000002776 0.050000000000000002776 0.050000000000000002776 0 0 0 0 0.1500000000000000222 0.25 0.25 0.35000000000000003331 0.4000000000000000222 0.4000000000000000222 0.30000000000000004441 0.30000000000000004441 0.10000000000000000555 0.10000000000000000555 0.10000000000000000555 0.30000000000000004441 0.4000000000000000222 0.4000000000000000222 0.30000000000000004441 0.30000000000000004441 0.25 0.1500000000000000222 0.1500000000000000222 0.1500000000000000222 0.1500000000000000222 0.1500000000000000222 0.5 0.5 0.050000000000000002776 0.10000000000000000555 0.10000000000000000555 0.60000000000000008882 0.10000000000000000555 0.10000000000000000555 0.10000000000000000555 0.10000000000000000555 0.2000000000000000111 0.2000000000000000111 0.2000000000000000111 0.25
