assets/RAT_results/precipitation/2019-10-07_IMERG.asc
ncols        46
nrows        77
xllcorner    74.800261325624
yllcorner    8.058333333333
cellsize     0.062500000000
NODATA_value -9999
 16 16 6 6 6 6 6 6 15 15 13 12 12 6 6 6 5 5 6 6 6 10 11 11 11 11 8 11 11 16 15 15 13 13 13 11 11 12 15 15 14 14 13 14 14 13
 14 14 3 3 3 6 5 5 9 9 8 8 8 6 6 6 6 6 3 3 3 7 11 11 11 11 16 26 26 28 32 32 21 21 32 17 17 17 27 27 22 22 25 19 19 19
 14 14 3 3 3 6 5 5 9 9 8 8 8 6 6 6 6 6 3 3 3 7 11 11 11 11 16 26 26 28 32 32 21 21 32 17 17 17 27 27 22 22 25 19 19 19
 28 28 4 1 1 3 2 2 9 9 8 8 8 6 7 7 6 6 2 3 3 3 13 13 17 17 18 25 25 30 36 36 30 30 38 38 38 39 40 40 45 45 36 30 30 21
 6 6 5 2 2 1 2 2 1 1 2 4 4 6 6 6 4 4 2 2 2 4 12 12 15 15 13 34 34 35 38 38 49 49 50 42 42 41 39 39 46 46 38 32 32 32
 6 6 5 2 2 1 2 2 1 1 2 4 4 6 6 6 4 4 2 2 2 4 12 12 15 15 13 34 34 35 38 38 49 49 50 42 42 41 39 39 46 46 38 32 32 32
 6 6 2 2 2 2 2 2 2 2 1 3 3 3 7 7 7 7 4 2 2 4 9 9 10 10 13 29 29 24 32 32 43 43 50 41 41 38 35 35 40 40 38 27 27 29
 6 6 2 2 2 2 2 2 2 2 1 3 3 3 7 7 7 7 4 2 2 4 9 9 10 10 13 29 29 24 32 32 43 43 50 41 41 38 35 35 40 40 38 27 27 29
 0 0 1 19 19 2 4 4 3 3 1 3 3 1 0 0 1 1 3 15 15 15 16 16 15 15 19 20 20 21 29 29 24 24 32 31 31 30 30 30 29 29 35 24 24 24
 0 0 1 19 19 2 2 2 1 1 0 1 1 1 9 9 9 9 8 9 9 12 11 11 16 16 12 12 12 23 24 24 19 19 23 23 23 22 26 26 24 24 22 19 19 18
 0 0 1 19 19 2 2 2 1 1 0 1 1 1 9 9 9 9 8 9 9 12 11 11 16 16 12 12 12 23 24 24 19 19 23 23 23 22 26 26 24 24 22 19 19 18
 0 0 0 1 1 0 1 1 0 0 1 1 1 0 2 2 4 4 8 9 9 9 9 9 11 11 17 15 15 20 23 23 19 19 21 22 22 23 23 23 22 22 17 16 16 19
 0 0 0 1 1 0 0 0 0 0 1 1 1 0 3 3 5 5 5 10 10 9 10 10 3 3 13 13 13 19 31 31 32 32 45 43 43 41 34 34 21 21 17 18 18 16
 0 0 0 1 1 0 0 0 0 0 1 1 1 0 3 3 5 5 5 10 10 9 10 10 3 3 13 13 13 19 31 31 32 32 45 43 43 41 34 34 21 21 17 18 18 16
 1 1 1 0 0 1 1 1 1 1 1 1 1 1 2 2 2 2 4 3 3 2 10 10 3 3 8 14 14 16 31 31 32 32 47 45 45 41 34 34 17 17 17 16 16 16
 1 1 1 0 0 1 1 1 1 1 1 1 1 1 2 2 2 2 4 3 3 2 10 10 3 3 8 14 14 16 31 31 32 32 47 45 45 41 34 34 17 17 17 16 16 16
 1 1 1 6 6 6 18 18 1 1 1 1 1 1 0 0 1 1 3 4 4 3 2 2 3 3 6 16 16 16 30 30 32 32 61 54 54 51 37 37 18 18 19 19 19 15
 0 0 0 5 5 6 17 17 2 2 4 4 4 2 1 1 1 1 1 2 2 2 3 3 4 4 6 17 17 17 63 63 65 65 67 77 77 51 36 36 18 18 18 19 19 7
 0 0 0 5 5 6 17 17 2 2 4 4 4 2 1 1 1 1 1 2 2 2 3 3 4 4 6 17 17 17 63 63 65 65 67 77 77 51 36 36 18 18 18 19 19 7
 0 0 0 0 0 1 1 1 8 8 27 34 34 5 1 1 1 1 1 1 1 4 21 21 7 7 8 19 19 17 71 71 66 66 64 75 75 54 49 49 14 14 26 24 24 21
 0 0 0 0 0 0 0 0 8 8 26 29 29 5 5 5 7 7 8 2 2 11 18 18 16 16 8 19 19 54 61 61 83 83 79 74 74 41 49 49 20 20 25 24 24 21
 0 0 0 0 0 0 0 0 8 8 26 29 29 5 5 5 7 7 8 2 2 11 18 18 16 16 8 19 19 54 61 61 83 83 79 74 74 41 49 49 20 20 25 24 24 21
 0 0 0 0 0 0 0 0 0 0 1 6 6 11 10 10 14 14 7 7 7 12 13 13 15 15 18 19 19 29 30 30 31 31 19 71 71 42 22 22 21 21 13 11 11 17
 0 0 0 0 0 0 0 0 0 0 1 6 6 11 10 10 14 14 7 7 7 12 13 13 15 15 18 19 19 29 30 30 31 31 19 71 71 42 22 22 21 21 13 11 11 17
 1 1 1 3 3 3 0 0 1 1 1 7 7 13 13 13 11 11 11 5 5 4 4 4 8 8 19 19 19 28 31 31 29 29 25 17 17 13 7 7 7 7 11 13 13 17
 2 2 3 7 7 4 1 1 4 4 2 18 18 25 28 28 16 16 8 8 8 14 4 4 8 8 19 19 19 20 5 5 6 6 11 9 9 5 7 7 8 8 12 11 11 9
 2 2 3 7 7 4 1 1 4 4 2 18 18 25 28 28 16 16 8 8 8 14 4 4 8 8 19 19 19 20 5 5 6 6 11 9 9 5 7 7 8 8 12 11 11 9
 3 3 6 20 20 15 14 14 10 10 6 4 4 23 21 21 16 16 8 8 8 15 13 13 14 14 6 2 2 1 1 1 3 3 5 3 3 4 4 4 5 5 5 4 4 8
 2 2 11 22 22 46 54 54 19 19 7 5 5 23 16 16 19 19 4 8 8 7 11 11 15 15 6 3 3 3 0 0 1 1 1 3 3 4 3 3 6 6 3 2 2 1
 2 2 11 22 22 46 54 54 19 19 7 5 5 23 16 16 19 19 4 8 8 7 11 11 15 15 6 3 3 3 0 0 1 1 1 3 3 4 3 3 6 6 3 2 2 1
 2 2 9 20 20 82 83 83 23 23 22 12 12 8 19 19 21 21 7 12 12 8 12 12 6 6 12 8 8 8 0 0 2 2 2 3 3 3 2 2 5 5 1 0 0 0
 2 2 9 20 20 82 83 83 23 23 22 12 12 8 19 19 21 21 7 12 12 8 12 12 6 6 12 8 8 8 0 0 2 2 2 3 3 3 2 2 5 5 1 0 0 0
 2 2 4 6 6 39 45 45 11 11 11 16 16 8 21 21 23 23 6 6 6 2 2 2 9 9 8 14 14 8 0 0 0 0 2 2 2 1 4 4 3 3 0 0 0 0
 2 2 3 3 3 10 10 10 19 19 4 3 3 2 4 4 6 6 12 14 14 7 1 1 1 1 0 0 0 5 0 0 0 0 1 1 1 0 0 0 3 3 0 0 0 0
 2 2 3 3 3 10 10 10 19 19 4 3 3 2 4 4 6 6 12 14 14 7 1 1 1 1 0 0 0 5 0 0 0 0 1 1 1 0 0 0 3 3 0 0 0 0
 5 5 5 18 18 23 13 13 26 26 12 1 1 3 12 12 7 7 8 7 7 15 16 16 1 1 0 0 0 0 0 0 0 0 0 0 0 0 0 0 0 0 0 0 0 0
 27 27 7 18 18 23 25 25 27 27 5 3 3 4 11 11 13 13 8 1 1 1 4 4 1 1 0 0 0 0 0 0 0 0 0 0 0 0 0 0 0 0 0 0 0 0
 27 27 7 18 18 23 25 25 27 27 5 3 3 4 11 11 13 13 8 1 1 1 4 4 1 1 0 0 0 0 0 0 0 0 0 0 0 0 0 0 0 0 0 0 0 0
 26 26 25 26 26 20 22 22 25 25 4 6 6 6 4 4 3 3 4 1 1 0 19 19 0 0 0 0 0 0 0 0 1 1 1 1 1 1 0 0 0 0 0 0 0 0
 26 26 25 26 26 20 22 22 25 25 4 6 6 6 4 4 3 3 4 1 1 0 19 19 0 0 0 0 0 0 0 0 1 1 1 1 1 1 0 0 0 0 0 0 0 0
 44 44 57 27 27 22 22 22 21 21 18 18 18 15 4 4 3 3 3 2 2 1 3 3 3 3 2 1 1 1 0 0 1 1 1 2 2 1 1 1 1 1 4 1 1 1
 46 46 58 48 48 46 37 37 24 24 24 10 10 45 6 6 2 2 1 1 1 5 9 9 10 10 10 4 4 4 4 4 1 1 0 1 1 3 4 4 5 5 4 4 4 4
 46 46 58 48 48 46 37 37 24 24 24 10 10 45 6 6 2 2 1 1 1 5 9 9 10 10 10 4 4 4 4 4 1 1 0 1 1 3 4 4 5 5 4 4 4 4
 25 25 24 156 156 155 155 155 23 23 29 106 106 45 13 13 5 5 4 1 1 7 11 11 13 13 12 11 11 10 7 7 1 1 0 0 0 2 4 4 5 5 21 12 12 12
 33 33 34 160 160 154 154 154 31 31 49 151 151 153 13 13 8 8 22 3 3 13 16 16 13 13 15 15 15 16 10 10 1 1 0 0 0 4 4 4 19 19 18 4 4 6
 33 33 34 160 160 154 154 154 31 31 49 151 151 153 13 13 8 8 22 3 3 13 16 16 13 13 15 15 15 16 10 10 1 1 0 0 0 4 4 4 19 19 18 4 4 6
 38 38 37 63 63 130 125 125 34 34 53 131 131 28 42 42 21 21 18 22 22 32 16 16 15 15 27 30 30 36 21 21 7 7 2 1 1 2 3 3 1 1 0 0 0 0
 38 38 37 63 63 130 125 125 34 34 53 131 131 28 42 42 21 21 18 22 22 32 16 16 15 15 27 30 30 36 21 21 7 7 2 1 1 2 3 3 1 1 0 0 0 0
 48 48 51 48 48 129 125 125 33 33 20 20 20 16 44 44 42 42 24 21 21 34 19 19 29 29 28 27 27 25 22 22 8 8 3 1 1 1 1 1 0 0 0 0 0 0
 47 47 52 51 51 63 47 47 35 35 26 11 11 5 16 16 40 40 12 25 25 14 21 21 24 24 27 25 25 20 22 22 12 12 3 1 1 0 0 0 0 0 0 0 0 0
 47 47 52 51 51 63 47 47 35 35 26 11 11 5 16 16 40 40 12 25 25 14 21 21 24 24 27 25 25 20 22 22 12 12 3 1 1 0 0 0 0 0 0 0 0 0
 21 21 33 37 37 32 37 37 35 35 26 27 27 32 42 42 33 33 13 6 6 10 21 21 21 21 28 28 28 26 25 25 14 14 2 1 1 0 0 0 0 0 0 0 0 0
 24 24 28 39 39 34 44 44 45 45 48 40 40 42 59 59 80 80 25 6 6 11 31 31 21 21 20 23 23 26 22 22 15 15 4 2 2 1 1 1 0 0 0 0 0 0
 24 24 28 39 39 34 44 44 45 45 48 40 40 42 59 59 80 80 25 6 6 11 31 31 21 21 20 23 23 26 22 22 15 15 4 2 2 1 1 1 0 0 0 0 0 0
 28 28 30 43 43 41 71 71 69 69 49 40 40 47 61 61 55 55 38 6 6 4 18 18 13 13 16 17 17 17 15 15 13 13 6 6 6 4 2 2 1 1 0 0 0 0
 28 28 30 43 43 41 71 71 69 69 49 40 40 47 61 61 55 55 38 6 6 4 18 18 13 13 16 17 17 17 15 15 13 13 6 6 6 4 2 2 1 1 0 0 0 0
 30 30 31 56 56 43 71 71 69 69 58 48 48 58 68 68 74 74 29 16 16 7 4 4 12 12 14 12 12 8 10 10 7 7 6 10 10 6 8 8 7 7 2 0 0 0
 38 38 35 54 54 168 167 167 150 150 56 50 50 51 48 48 37 37 30 29 29 15 12 12 9 9 10 6 6 8 13 13 11 11 12 10 10 5 9 9 9 9 2 0 0 0
 38 38 35 54 54 168 167 167 150 150 56 50 50 51 48 48 37 37 30 29 29 15 12 12 9 9 10 6 6 8 13 13 11 11 12 10 10 5 9 9 9 9 2 0 0 0
 39 39 48 45 45 47 167 167 149 149 55 54 54 54 54 54 52 52 29 33 33 16 18 18 21 21 18 9 9 9 13 13 11 11 14 12 12 4 5 5 5 5 1 0 0 1
 46 46 46 45 45 47 64 64 61 61 162 121 121 118 40 40 51 51 29 31 31 13 74 74 110 110 17 16 16 9 8 8 13 13 5 12 12 3 2 2 2 2 1 1 1 4
 46 46 46 45 45 47 64 64 61 61 162 121 121 118 40 40 51 51 29 31 31 13 74 74 110 110 17 16 16 9 8 8 13 13 5 12 12 3 2 2 2 2 1 1 1 4
 52 52 54 45 45 45 46 46 46 46 56 121 121 117 42 42 39 39 30 4 4 19 32 32 107 107 18 15 15 9 7 7 7 7 6 4 4 3 3 3 2 2 4 6 6 4
 52 52 54 45 45 45 46 46 46 46 56 121 121 117 42 42 39 39 30 4 4 19 32 32 107 107 18 15 15 9 7 7 7 7 6 4 4 3 3 3 2 2 4 6 6 4
 54 54 54 43 43 46 57 57 47 47 56 48 48 45 23 23 38 38 29 4 4 35 100 100 115 115 16 8 8 8 7 7 9 9 9 2 2 2 3 3 4 4 9 8 8 7
 59 59 59 62 62 47 43 43 41 41 30 30 30 45 21 21 5 5 5 12 12 57 29 29 28 28 9 6 6 5 7 7 5 5 4 1 1 1 1 1 1 1 0 6 6 0
 59 59 59 62 62 47 43 43 41 41 30 30 30 45 21 21 5 5 5 12 12 57 29 29 28 28 9 6 6 5 7 7 5 5 4 1 1 1 1 1 1 1 0 6 6 0
 61 61 70 77 77 45 38 38 40 40 30 43 43 38 38 38 21 21 5 9 9 34 7 7 3 3 1 1 1 1 6 6 12 12 5 5 5 0 0 0 0 0 0 0 0 0
 70 70 69 70 70 44 38 38 28 28 38 38 38 41 38 38 23 23 3 3 3 11 4 4 3 3 1 3 3 2 9 9 15 15 5 6 6 1 0 0 0 0 0 0 0 0
 70 70 69 70 70 44 38 38 28 28 38 38 38 41 38 38 23 23 3 3 3 11 4 4 3 3 1 3 3 2 9 9 15 15 5 6 6 1 0 0 0 0 0 0 0 0
 61 61 103 103 103 38 37 37 38 38 26 38 38 39 20 20 21 21 3 3 3 3 3 3 3 3 2 1 1 0 5 5 5 5 3 7 7 4 0 0 0 0 0 1 1 0
 61 61 103 103 103 38 37 37 38 38 26 38 38 39 20 20 21 21 3 3 3 3 3 3 3 3 2 1 1 0 5 5 5 5 3 7 7 4 0 0 0 0 0 1 1 0
 60 60 98 56 56 49 39 39 39 39 23 8 8 11 2 2 2 2 1 0 0 1 2 2 1 1 2 0 0 0 3 3 7 7 5 7 7 13 7 7 3 3 3 0 0 0
 58 58 57 55 55 55 39 39 41 41 18 2 2 4 1 1 1 1 4 12 12 12 23 23 23 23 0 0 0 0 1 1 1 1 1 8 8 8 11 11 14 14 7 0 0 1
 58 58 57 55 55 55 39 39 41 41 18 2 2 4 1 1 1 1 4 12 12 12 23 23 23 23 0 0 0 0 1 1 1 1 1 8 8 8 11 11 14 14 7 0 0 1
 39 39 54 52 52 52 41 41 40 40 18 2 2 2 1 1 1 1 1 1 1 12 23 23 23 23 18 18 18 0 1 1 1 1 1 6 6 6 16 16 14 14 7 1 1 2
 37 37 51 51 51 49 27 27 27 27 26 3 3 3 0 0 1 1 0 0 0 1 0 0 22 22 0 18 18 0 0 0 1 1 1 3 3 1 2 2 1 1 1 1 1 1
