assets/RAT_results/precipitation/2019-08-14_IMERG.asc
ncols        46
nrows        77
xllcorner    74.800261325624
yllcorner    8.058333333333
cellsize     0.062500000000
NODATA_value -9999
 24 24 24 26 26 40 34 34 24 24 24 17 17 13 10 10 8 8 8 8 8 6 5 5 4 4 4 2 2 3 4 4 2 2 2 1 1 1 0 0 1 1 1 0 0 1
 14 14 20 20 20 39 30 30 19 19 18 7 7 9 8 8 13 13 8 13 13 9 9 9 9 9 6 3 3 3 1 1 5 5 1 1 1 1 0 0 0 0 0 0 0 0
 14 14 20 20 20 39 30 30 19 19 18 7 7 9 8 8 13 13 8 13 13 9 9 9 9 9 6 3 3 3 1 1 5 5 1 1 1 1 0 0 0 0 0 0 0 0
 15 15 18 18 18 24 20 20 15 15 12 8 8 9 12 12 16 16 14 10 10 14 24 24 21 21 15 7 7 6 6 6 2 2 1 0 0 0 0 0 0 0 0 0 0 0
 13 13 16 15 15 28 19 19 12 12 8 8 8 12 9 9 11 11 9 10 10 11 17 17 15 15 17 17 17 14 11 11 4 4 3 0 0 0 0 0 0 0 0 0 0 0
 13 13 16 15 15 28 19 19 12 12 8 8 8 12 9 9 11 11 9 10 10 11 17 17 15 15 17 17 17 14 11 11 4 4 3 0 0 0 0 0 0 0 0 0 0 0
 16 16 16 25 25 27 23 23 18 18 13 18 18 14 10 10 11 11 9 4 4 7 11 11 11 11 12 13 13 15 9 9 7 7 6 1 1 0 0 0 0 0 1 0 0 0
 16 16 16 25 25 27 23 23 18 18 13 18 18 14 10 10 11 11 9 4 4 7 11 11 11 11 12 13 13 15 9 9 7 7 6 1 1 0 0 0 0 0 1 0 0 0
 15 15 17 23 23 29 27 27 25 25 21 14 14 9 7 7 6 6 4 5 5 4 4 4 5 5 5 2 2 1 1 1 7 7 6 3 3 2 0 0 0 0 0 0 0 0
 15 15 15 12 12 26 23 23 17 17 15 23 23 10 9 9 7 7 6 4 4 3 1 1 2 2 2 3 3 0 0 0 0 0 1 3 3 1 1 1 0 0 1 1 1 0
 15 15 15 12 12 26 23 23 17 17 15 23 23 10 9 9 7 7 6 4 4 3 1 1 2 2 2 3 3 0 0 0 0 0 1 3 3 1 1 1 0 0 1 1 1 0
 8 8 11 15 15 26 25 25 15 15 16 20 20 13 10 10 15 15 6 5 5 2 1 1 0 0 0 0 0 0 3 3 2 2 0 1 1 5 6 6 3 3 6 0 0 1
 10 10 10 12 12 18 23 23 14 14 16 15 15 15 22 22 12 12 10 6 6 3 1 1 2 2 1 0 0 0 0 0 0 0 0 0 0 1 6 6 7 7 2 1 1 1
 10 10 10 12 12 18 23 23 14 14 16 15 15 15 22 22 12 12 10 6 6 3 1 1 2 2 1 0 0 0 0 0 0 0 0 0 0 1 6 6 7 7 2 1 1 1
 11 11 11 11 11 19 16 16 13 13 11 14 14 11 21 21 18 18 12 9 9 5 1 1 0 0 1 3 3 0 0 0 0 0 0 0 0 2 3 3 3 3 2 1 1 3
 11 11 11 11 11 19 16 16 13 13 11 14 14 11 21 21 18 18 12 9 9 5 1 1 0 0 1 3 3 0 0 0 0 0 0 0 0 2 3 3 3 3 2 1 1 3
 14 14 20 12 12 16 13 13 9 9 8 8 8 13 17 17 17 17 13 10 10 8 2 2 2 2 2 1 1 1 0 0 0 0 0 0 0 2 2 2 1 1 1 0 0 2
 31 31 38 44 44 17 12 12 8 8 9 7 7 9 17 17 13 13 12 7 7 7 3 3 2 2 2 1 1 1 1 1 0 0 0 0 0 1 1 1 1 1 2 0 0 1
 31 31 38 44 44 17 12 12 8 8 9 7 7 9 17 17 13 13 12 7 7 7 3 3 2 2 2 1 1 1 1 1 0 0 0 0 0 1 1 1 1 1 2 0 0 1
 41 41 51 65 65 55 8 8 7 7 10 4 4 6 7 7 5 5 11 5 5 6 4 4 3 3 2 1 1 1 1 1 1 1 0 0 0 0 0 0 2 2 0 2 2 1
 43 43 55 78 78 67 22 22 15 15 8 11 11 11 6 6 5 5 5 5 5 7 3 3 3 3 3 2 2 2 1 1 1 1 0 0 0 1 2 2 1 1 2 0 0 0
 43 43 55 78 78 67 22 22 15 15 8 11 11 11 6 6 5 5 5 5 5 7 3 3 3 3 3 2 2 2 1 1 1 1 0 0 0 1 2 2 1 1 2 0 0 0
 29 29 39 71 71 58 24 24 16 16 4 8 8 3 7 7 8 8 9 15 15 10 7 7 5 5 3 3 3 3 2 2 1 1 1 0 0 2 1 1 2 2 2 0 0 0
 29 29 39 71 71 58 24 24 16 16 4 8 8 3 7 7 8 8 9 15 15 10 7 7 5 5 3 3 3 3 2 2 1 1 1 0 0 2 1 1 2 2 2 0 0 0
 35 35 43 49 49 27 8 8 5 5 3 4 4 4 7 7 7 7 5 5 5 13 8 8 5 5 5 5 5 4 2 2 2 2 0 0 0 0 0 0 0 0 1 0 0 1
 27 27 35 27 27 17 10 10 6 6 6 3 3 2 4 4 4 4 4 4 4 5 8 8 8 8 6 4 4 5 4 4 1 1 0 2 2 1 0 0 0 0 1 1 1 1
 27 27 35 27 27 17 10 10 6 6 6 3 3 2 4 4 4 4 4 4 4 5 8 8 8 8 6 4 4 5 4 4 1 1 0 2 2 1 0 0 0 0 1 1 1 1
 20 20 25 9 9 9 10 10 10 10 15 7 7 3 2 2 2 2 4 3 3 6 9 9 4 4 7 4 4 3 1 1 1 1 0 0 0 0 1 1 0 0 1 1 1 0
 13 13 18 9 9 6 6 6 8 8 12 11 11 6 4 4 3 3 5 4 4 4 10 10 9 9 8 4 4 4 3 3 3 3 3 0 0 0 0 0 0 0 0 0 0 0
 13 13 18 9 9 6 6 6 8 8 12 11 11 6 4 4 3 3 5 4 4 4 10 10 9 9 8 4 4 4 3 3 3 3 3 0 0 0 0 0 0 0 0 0 0 0
 13 13 13 7 7 5 4 4 6 6 7 8 8 11 8 8 8 8 13 5 5 8 8 8 6 6 3 1 1 2 1 1 3 3 0 0 0 1 0 0 0 0 0 0 0 0
 13 13 13 7 7 5 4 4 6 6 7 8 8 11 8 8 8 8 13 5 5 8 8 8 6 6 3 1 1 2 1 1 3 3 0 0 0 1 0 0 0 0 0 0 0 0
 10 10 10 6 6 6 4 4 3 3 4 7 7 9 9 9 9 9 13 15 15 17 14 14 7 7 7 2 2 1 1 1 1 1 2 0 0 2 0 0 1 1 0 0 0 0
 9 9 9 6 6 5 4 4 2 2 2 3 3 4 3 3 11 11 12 22 22 21 24 24 6 6 5 3 3 2 1 1 2 2 3 1 1 0 0 0 0 0 0 0 0 0
 9 9 9 6 6 5 4 4 2 2 2 3 3 4 3 3 11 11 12 22 22 21 24 24 6 6 5 3 3 2 1 1 2 2 3 1 1 0 0 0 0 0 0 0 0 0
 6 6 8 5 5 5 4 4 2 2 2 2 2 1 3 3 5 5 8 16 16 22 14 14 13 13 8 5 5 4 4 4 2 2 1 0 0 0 1 1 0 0 0 0 0 0
 6 6 5 5 5 6 5 5 2 2 1 2 2 1 4 4 5 5 4 12 12 19 18 18 15 15 10 8 8 4 4 4 5 5 4 1 1 1 1 1 1 1 0 0 0 0
 6 6 5 5 5 6 5 5 2 2 1 2 2 1 4 4 5 5 4 12 12 19 18 18 15 15 10 8 8 4 4 4 5 5 4 1 1 1 1 1 1 1 0 0 0 0
 6 6 5 5 5 5 5 5 2 2 2 1 1 1 2 2 1 1 1 6 6 12 15 15 12 12 9 9 9 5 4 4 3 3 2 2 2 2 1 1 1 1 1 1 1 1
 6 6 5 5 5 5 5 5 2 2 2 1 1 1 2 2 1 1 1 6 6 12 15 15 12 12 9 9 9 5 4 4 3 3 2 2 2 2 1 1 1 1 1 1 1 1
 5 5 5 5 5 5 5 5 2 2 2 1 1 1 2 2 5 5 6 10 10 11 10 10 8 8 5 6 6 4 5 5 4 4 3 3 3 4 4 4 1 1 2 3 3 2
 6 6 4 6 6 5 3 3 3 3 3 2 2 1 3 3 4 4 8 11 11 12 11 11 15 15 6 7 7 8 15 15 9 9 8 5 5 4 4 4 4 4 6 5 5 3
 6 6 4 6 6 5 3 3 3 3 3 2 2 1 3 3 4 4 8 11 11 12 11 11 15 15 6 7 7 8 15 15 9 9 8 5 5 4 4 4 4 4 6 5 5 3
 5 5 4 4 4 4 3 3 3 3 3 2 2 3 3 3 2 2 6 4 4 12 13 13 8 8 6 10 10 13 10 10 11 11 9 7 7 6 6 6 5 5 1 2 2 2
 5 5 4 3 3 4 3 3 3 3 4 4 4 6 3 3 3 3 2 2 2 5 5 5 7 7 12 12 12 17 18 18 16 16 15 7 7 5 4 4 3 3 3 1 1 1
 5 5 4 3 3 4 3 3 3 3 4 4 4 6 3 3 3 3 2 2 2 5 5 5 7 7 12 12 12 17 18 18 16 16 15 7 7 5 4 4 3 3 3 1 1 1
 7 7 6 5 5 5 4 4 3 3 4 9 9 7 3 3 2 2 1 1 1 2 3 3 7 7 14 20 20 21 18 18 15 15 10 4 4 7 4 4 7 7 5 3 3 2
 7 7 6 5 5 5 4 4 3 3 4 9 9 7 3 3 2 2 1 1 1 2 3 3 7 7 14 20 20 21 18 18 15 15 10 4 4 7 4 4 7 7 5 3 3 2
 8 8 7 6 6 5 4 4 4 4 6 10 10 6 3 3 1 1 1 1 1 2 3 3 5 5 7 10 10 14 11 11 14 14 7 9 9 9 3 3 6 6 4 1 1 1
 9 9 8 6 6 5 4 4 3 3 6 8 8 4 3 3 2 2 1 1 1 1 2 2 5 5 8 11 11 12 19 19 17 17 17 14 14 13 9 9 8 8 5 4 4 1
 9 9 8 6 6 5 4 4 3 3 6 8 8 4 3 3 2 2 1 1 1 1 2 2 5 5 8 11 11 12 19 19 17 17 17 14 14 13 9 9 8 8 5 4 4 1
 9 9 8 7 7 6 5 5 6 6 6 6 6 4 4 4 4 4 3 2 2 2 3 3 5 5 8 7 7 9 14 14 17 17 21 16 16 16 9 9 4 4 4 3 3 2
 10 10 9 7 7 6 5 5 6 6 5 3 3 3 4 4 4 4 4 4 4 4 8 8 10 10 14 15 15 13 15 15 13 13 9 7 7 10 7 7 5 5 4 6 6 3
 10 10 9 7 7 6 5 5 6 6 5 3 3 3 4 4 4 4 4 4 4 4 8 8 10 10 14 15 15 13 15 15 13 13 9 7 7 10 7 7 5 5 4 6 6 3
 11 11 10 8 8 7 6 6 5 5 4 2 2 3 4 4 3 3 4 6 6 11 12 12 18 18 29 20 20 23 19 19 12 12 9 8 8 7 5 5 3 3 4 2 2 2
 11 11 10 8 8 7 6 6 5 5 4 2 2 3 4 4 3 3 4 6 6 11 12 12 18 18 29 20 20 23 19 19 12 12 9 8 8 7 5 5 3 3 4 2 2 2
 11 11 10 8 8 6 5 5 7 7 4 2 2 2 2 2 2 2 3 3 3 4 10 10 12 12 17 15 15 16 18 18 11 11 9 11 11 6 6 6 5 5 2 0 0 0
 12 12 10 8 8 6 5 5 6 6 5 3 3 3 2 2 3 3 2 2 2 3 3 3 5 5 6 8 8 10 12 12 10 10 6 7 7 6 3 3 3 3 1 1 1 0
 12 12 10 8 8 6 5 5 6 6 5 3 3 3 2 2 3 3 2 2 2 3 3 3 5 5 6 8 8 10 12 12 10 10 6 7 7 6 3 3 3 3 1 1 1 0
 13 13 12 10 10 8 7 7 6 6 5 5 5 5 2 2 3 3 3 2 2 2 2 2 2 2 4 7 7 10 8 8 9 9 8 3 3 3 3 3 2 2 1 0 0 0
 15 15 12 10 10 8 7 7 6 6 5 5 5 4 2 2 2 2 2 3 3 3 4 4 5 5 6 7 7 11 8 8 5 5 2 2 2 3 3 3 2 2 1 0 0 0
 15 15 12 10 10 8 7 7 6 6 5 5 5 4 2 2 2 2 2 3 3 3 4 4 5 5 6 7 7 11 8 8 5 5 2 2 2 3 3 3 2 2 1 0 0 0
 14 14 12 10 10 8 7 7 5 5 3 3 3 2 2 2 2 2 2 2 2 2 2 2 3 3 6 8 8 7 9 9 9 9 3 1 1 7 3 3 2 2 0 0 0 0
 14 14 12 10 10 8 7 7 5 5 3 3 3 2 2 2 2 2 2 2 2 2 2 2 3 3 6 8 8 7 9 9 9 9 3 1 1 7 3 3 2 2 0 0 0 0
 11 11 10 9 9 7 8 8 6 6 4 3 3 2 2 2 2 2 2 2 2 2 3 3 6 6 10 6 6 8 9 9 5 5 3 6 6 2 4 4 4 4 1 0 0 1
 10 10 9 8 8 8 7 7 6 6 5 5 5 4 3 3 3 3 3 3 3 3 4 4 4 4 5 7 7 6 7 7 7 7 8 2 2 2 3 3 6 6 2 3 3 1
 10 10 9 8 8 8 7 7 6 6 5 5 5 4 3 3 3 3 3 3 3 3 4 4 4 4 5 7 7 6 7 7 7 7 8 2 2 2 3 3 6 6 2 3 3 1
 7 7 8 7 7 8 7 7 5 5 5 5 5 4 4 4 3 3 3 3 3 3 3 3 4 4 6 7 7 5 5 5 7 7 5 3 3 3 8 8 8 8 2 1 1 0
 7 7 7 7 7 7 6 6 5 5 4 4 4 3 2 2 2 2 2 2 2 3 2 2 2 2 2 3 3 2 3 3 4 4 3 2 2 2 3 3 5 5 6 2 2 1
 7 7 7 7 7 7 6 6 5 5 4 4 4 3 2 2 2 2 2 2 2 3 2 2 2 2 2 3 3 2 3 3 4 4 3 2 2 2 3 3 5 5 6 2 2 1
 7 7 7 7 7 6 5 5 4 4 3 2 2 2 1 1 2 2 1 2 2 3 2 2 1 1 1 1 1 1 2 2 2 2 4 4 4 2 4 4 4 4 5 5 5 0
 7 7 7 7 7 6 5 5 4 4 3 2 2 2 1 1 2 2 1 2 2 3 2 2 1 1 1 1 1 1 2 2 2 2 4 4 4 2 4 4 4 4 5 5 5 0
 7 7 7 7 7 6 6 6 5 5 6 3 3 2 2 2 2 2 1 1 1 3 2 2 1 1 2 1 1 2 3 3 3 3 3 5 5 4 2 2 2 2 3 3 3 1
 8 8 8 7 7 8 8 8 7 7 6 4 4 3 2 2 2 2 2 2 2 4 3 3 2 2 2 2 2 2 3 3 2 2 2 2 2 4 3 3 3 3 3 3 3 2
 8 8 8 7 7 8 8 8 7 7 6 4 4 3 2 2 2 2 2 2 2 4 3 3 2 2 2 2 2 2 3 3 2 2 2 2 2 4 3 3 3 3 3 3 3 2
 10 10 9 9 9 9 10 10 8 8 6 4 4 3 2 2 1 1 1 2 2 3 2 2 2 2 2 2 2 2 2 2 2 2 2 2 2 2 2 2 4 4 3 3 3 4
 10 10 10 10 10 10 10 10 9 9 7 5 5 5 3 3 2 2 2 3 3 3 2 2 2 2 3 2 2 2 2 2 2 2 1 1 1 2 1 1 1 1 1 1 1 2
