assets/RAT_results/precipitation/2019-10-24_IMERG.asc
ncols        46
nrows        77
xllcorner    74.800261325624
yllcorner    8.058333333333
cellsize     0.062500000000
NODATA_value -9999
 56 56 63 46 46 35 46 46 36 36 19 13 13 11 12 12 9 9 9 7 7 8 5 5 3 3 2 1 1 1 1 1 2 2 1 2 2 2 2 2 1 1 0 0 0 2
 75 75 68 42 42 54 45 45 38 38 21 11 11 8 6 6 6 6 5 5 5 4 2 2 1 1 1 1 1 0 1 1 2 2 2 2 2 2 1 1 0 0 0 1 1 1
 75 75 68 42 42 54 45 45 38 38 21 11 11 8 6 6 6 6 5 5 5 4 2 2 1 1 1 1 1 0 1 1 2 2 2 2 2 2 1 1 0 0 0 1 1 1
 62 62 73 49 49 66 39 39 31 31 12 9 9 5 4 4 4 4 4 3 3 2 1 1 1 1 0 0 0 0 0 0 1 1 1 2 2 0 0 0 1 1 1 1 1 1
 73 73 67 69 69 50 34 34 23 23 12 7 7 7 7 7 4 4 3 3 3 3 1 1 1 1 1 1 1 2 1 1 1 1 1 1 1 0 0 0 1 1 1 1 1 0
 73 73 67 69 69 50 34 34 23 23 12 7 7 7 7 7 4 4 3 3 3 3 1 1 1 1 1 1 1 2 1 1 1 1 1 1 1 0 0 0 1 1 1 1 1 0
 90 90 89 82 82 50 32 32 21 21 20 14 14 12 8 8 6 6 4 3 3 4 1 1 0 0 1 2 2 1 1 1 1 1 1 1 1 0 0 0 0 0 0 1 1 1
 90 90 89 82 82 50 32 32 21 21 20 14 14 12 8 8 6 6 4 3 3 4 1 1 0 0 1 2 2 1 1 1 1 1 1 1 1 0 0 0 0 0 0 1 1 1
 88 88 76 48 48 46 43 43 39 39 39 39 39 17 8 8 7 7 3 2 2 2 1 1 1 1 0 1 1 1 1 1 1 1 1 0 0 0 1 1 1 1 1 1 1 1
 71 71 84 60 60 60 73 73 54 54 43 39 39 30 7 7 7 7 4 3 3 1 1 1 1 1 0 0 0 1 1 1 1 1 1 0 0 0 1 1 1 1 1 1 1 1
 71 71 84 60 60 60 73 73 54 54 43 39 39 30 7 7 7 7 4 3 3 1 1 1 1 1 0 0 0 1 1 1 1 1 1 0 0 0 1 1 1 1 1 1 1 1
 48 48 74 72 72 66 60 60 55 55 41 38 38 28 8 8 5 5 3 4 4 3 2 2 0 0 0 1 1 1 2 2 1 1 1 0 0 1 1 1 1 1 1 1 1 1
 42 42 55 79 79 72 53 53 54 54 53 53 53 22 8 8 4 4 3 2 2 5 5 5 3 3 1 1 1 1 1 1 1 1 0 1 1 1 1 1 1 1 1 1 1 2
 42 42 55 79 79 72 53 53 54 54 53 53 53 22 8 8 4 4 3 2 2 5 5 5 3 3 1 1 1 1 1 1 1 1 0 1 1 1 1 1 1 1 1 1 1 2
 47 47 53 65 65 84 62 62 60 60 64 44 44 34 13 13 7 7 3 3 3 3 4 4 3 3 2 2 2 2 2 2 2 2 0 0 0 1 2 2 1 1 1 1 1 2
 47 47 53 65 65 84 62 62 60 60 64 44 44 34 13 13 7 7 3 3 3 3 4 4 3 3 2 2 2 2 2 2 2 2 0 0 0 1 2 2 1 1 1 1 1 2
 42 42 48 87 87 86 57 57 70 70 75 45 45 29 16 16 7 7 5 4 4 2 2 2 4 4 2 3 3 2 2 2 2 2 1 1 1 1 1 1 1 1 1 1 1 2
 47 47 63 124 124 72 68 68 75 75 63 43 43 24 15 15 7 7 4 4 4 3 3 3 3 3 2 2 2 2 2 2 2 2 1 0 0 1 1 1 1 1 1 1 1 2
 47 47 63 124 124 72 68 68 75 75 63 43 43 24 15 15 7 7 4 4 4 3 3 3 3 3 2 2 2 2 2 2 2 2 1 0 0 1 1 1 1 1 1 1 1 2
 51 51 75 169 169 148 48 48 61 61 50 37 37 25 20 20 10 10 6 5 5 4 6 6 5 5 3 2 2 2 1 1 1 1 1 1 1 1 1 1 0 0 2 1 1 2
 56 56 85 163 163 102 67 67 60 60 46 45 45 26 23 23 13 13 7 6 6 5 6 6 4 4 4 3 3 2 1 1 0 0 0 1 1 1 3 3 1 1 1 1 1 2
 56 56 85 163 163 102 67 67 60 60 46 45 45 26 23 23 13 13 7 6 6 5 6 6 4 4 4 3 3 2 1 1 0 0 0 1 1 1 3 3 1 1 1 1 1 2
 56 56 86 139 139 113 51 51 42 42 40 47 47 41 28 28 18 18 12 7 7 6 4 4 4 4 4 2 2 3 3 3 2 2 1 1 1 1 2 2 1 1 1 1 1 1
 56 56 86 139 139 113 51 51 42 42 40 47 47 41 28 28 18 18 12 7 7 6 4 4 4 4 4 2 2 3 3 3 2 2 1 1 1 1 2 2 1 1 1 1 1 1
 36 36 79 117 117 101 58 58 55 55 49 56 56 45 35 35 26 26 16 8 8 6 4 4 4 4 5 5 5 3 2 2 2 2 1 2 2 3 2 2 2 2 2 2 2 2
 31 31 48 103 103 74 62 62 66 66 69 51 51 53 43 43 30 30 13 6 6 7 5 5 4 4 3 3 3 4 3 3 2 2 1 2 2 2 2 2 3 3 3 3 3 2
 31 31 48 103 103 74 62 62 66 66 69 51 51 53 43 43 30 30 13 6 6 7 5 5 4 4 3 3 3 4 3 3 2 2 1 2 2 2 2 2 3 3 3 3 3 2
 37 37 56 98 98 78 58 58 70 70 73 85 85 52 31 31 14 14 9 4 4 2 2 2 1 1 4 5 5 2 1 1 1 1 1 1 1 1 1 1 1 1 1 2 2 2
 46 46 64 71 71 50 55 55 74 74 63 59 59 43 21 21 10 10 8 5 5 4 2 2 2 2 4 4 4 2 1 1 1 1 1 1 1 1 0 0 1 1 2 3 3 2
 46 46 64 71 71 50 55 55 74 74 63 59 59 43 21 21 10 10 8 5 5 4 2 2 2 2 4 4 4 2 1 1 1 1 1 1 1 1 0 0 1 1 2 3 3 2
 37 37 55 39 39 40 45 45 56 56 73 66 66 40 20 20 12 12 9 8 8 9 6 6 1 1 3 1 1 3 2 2 1 1 2 1 1 1 0 0 1 1 3 2 2 1
 37 37 55 39 39 40 45 45 56 56 73 66 66 40 20 20 12 12 9 8 8 9 6 6 1 1 3 1 1 3 2 2 1 1 2 1 1 1 0 0 1 1 3 2 2 1
 37 37 46 26 26 38 45 45 55 55 67 54 54 27 20 20 15 15 16 12 12 16 12 12 7 7 2 1 1 0 0 0 2 2 2 2 2 4 4 4 4 4 2 2 2 1
 50 50 57 32 32 38 50 50 52 52 40 35 35 31 16 16 19 19 16 22 22 20 16 16 7 7 2 3 3 0 0 0 2 2 3 4 4 2 2 2 2 2 1 2 2 2
 50 50 57 32 32 38 50 50 52 52 40 35 35 31 16 16 19 19 16 22 22 20 16 16 7 7 2 3 3 0 0 0 2 2 3 4 4 2 2 2 2 2 1 2 2 2
 64 64 54 34 34 35 42 42 39 39 31 26 26 20 14 14 16 16 16 17 17 15 10 10 7 7 4 5 5 3 1 1 2 2 1 3 3 3 3 3 2 2 2 2 2 3
 58 58 75 57 57 29 34 34 31 31 26 16 16 14 12 12 12 12 10 10 10 9 7 7 4 4 2 2 2 1 1 1 1 1 2 2 2 3 3 3 2 2 2 2 2 3
 58 58 75 57 57 29 34 34 31 31 26 16 16 14 12 12 12 12 10 10 10 9 7 7 4 4 2 2 2 1 1 1 1 1 2 2 2 3 3 3 2 2 2 2 2 3
 36 36 54 39 39 26 28 28 27 27 23 23 23 15 12 12 8 8 6 7 7 2 3 3 2 2 3 2 2 2 1 1 2 2 2 3 3 3 2 2 2 2 1 1 1 1
 36 36 54 39 39 26 28 28 27 27 23 23 23 15 12 12 8 8 6 7 7 2 3 3 2 2 3 2 2 2 1 1 2 2 2 3 3 3 2 2 2 2 1 1 1 1
 44 44 37 32 32 21 20 20 16 16 19 20 20 15 8 8 6 6 5 11 11 6 4 4 4 4 6 3 3 4 2 2 3 3 6 5 5 6 2 2 2 2 1 1 1 2
 49 49 46 20 20 19 14 14 21 21 22 19 19 18 10 10 6 6 7 11 11 11 15 15 14 14 15 12 12 6 2 2 5 5 4 4 4 6 5 5 3 3 1 1 1 1
 49 49 46 20 20 19 14 14 21 21 22 19 19 18 10 10 6 6 7 11 11 11 15 15 14 14 15 12 12 6 2 2 5 5 4 4 4 6 5 5 3 3 1 1 1 1
 54 54 53 18 18 14 13 13 19 19 20 23 23 19 11 11 8 8 13 14 14 13 19 19 16 16 17 8 8 4 1 1 2 2 2 4 4 6 5 5 4 4 3 1 1 1
 26 26 19 16 16 15 16 16 20 20 20 32 32 29 30 30 32 32 19 13 13 18 28 28 28 28 11 6 6 3 3 3 1 1 1 3 3 5 9 9 6 6 4 1 1 2
 26 26 19 16 16 15 16 16 20 20 20 32 32 29 30 30 32 32 19 13 13 18 28 28 28 28 11 6 6 3 3 3 1 1 1 3 3 5 9 9 6 6 4 1 1 2
 12 12 12 14 14 14 17 17 20 20 25 33 33 31 33 33 35 35 32 22 22 20 21 21 29 29 18 15 15 6 4 4 3 3 3 3 3 5 3 3 9 9 3 0 0 1
 12 12 12 14 14 14 17 17 20 20 25 33 33 31 33 33 35 35 32 22 22 20 21 21 29 29 18 15 15 6 4 4 3 3 3 3 3 5 3 3 9 9 3 0 0 1
 11 11 10 13 13 15 17 17 18 18 28 26 26 30 22 22 27 27 33 28 28 25 24 24 26 26 31 19 19 11 7 7 4 4 4 4 4 6 3 3 4 4 3 1 1 1
 15 15 14 16 16 18 19 19 20 20 29 25 25 29 18 18 28 28 30 26 26 29 24 24 27 27 31 31 31 22 12 12 5 5 6 4 4 5 2 2 5 5 6 3 3 2
 15 15 14 16 16 18 19 19 20 20 29 25 25 29 18 18 28 28 30 26 26 29 24 24 27 27 31 31 31 22 12 12 5 5 6 4 4 5 2 2 5 5 6 3 3 2
 17 17 17 18 18 19 18 18 17 17 22 13 13 19 16 16 26 26 20 27 27 33 22 22 33 33 29 33 33 29 14 14 9 9 5 7 7 8 6 6 2 2 7 4 4 3
 20 20 19 19 19 17 15 15 13 13 11 9 9 7 5 5 20 20 20 28 28 34 20 20 24 24 26 24 24 24 16 16 12 12 11 13 13 9 8 8 7 7 5 2 2 2
 20 20 19 19 19 17 15 15 13 13 11 9 9 7 5 5 20 20 20 28 28 34 20 20 24 24 26 24 24 24 16 16 12 12 11 13 13 9 8 8 7 7 5 2 2 2
 19 19 20 19 19 15 13 13 9 9 8 6 6 5 4 4 9 9 14 18 18 17 17 17 22 22 26 27 27 28 22 22 15 15 12 17 17 9 9 9 7 7 3 3 3 2
 19 19 20 19 19 15 13 13 9 9 8 6 6 5 4 4 9 9 14 18 18 17 17 17 22 22 26 27 27 28 22 22 15 15 12 17 17 9 9 9 7 7 3 3 3 2
 18 18 18 15 15 12 13 13 8 8 7 5 5 6 8 8 9 9 12 14 14 15 18 18 19 19 22 34 34 22 17 17 14 14 14 17 17 14 12 12 9 9 5 3 3 2
 15 15 15 13 13 11 32 32 19 19 12 5 5 4 5 5 5 5 5 9 9 14 17 17 19 19 20 32 32 24 21 21 11 11 10 11 11 12 9 9 10 10 8 3 3 2
 15 15 15 13 13 11 32 32 19 19 12 5 5 4 5 5 5 5 5 9 9 14 17 17 19 19 20 32 32 24 21 21 11 11 10 11 11 12 9 9 10 10 8 3 3 2
 12 12 10 8 8 6 7 7 22 22 7 4 4 3 4 4 4 4 4 3 3 7 17 17 17 17 21 24 24 29 21 21 14 14 10 5 5 8 9 9 9 9 6 6 6 5
 9 9 7 6 6 4 4 4 7 7 4 2 2 2 3 3 3 3 4 2 2 2 6 6 15 15 16 26 26 30 17 17 12 12 7 4 4 3 4 4 9 9 7 6 6 7
 9 9 7 6 6 4 4 4 7 7 4 2 2 2 3 3 3 3 4 2 2 2 6 6 15 15 16 26 26 30 17 17 12 12 7 4 4 3 4 4 9 9 7 6 6 7
 5 5 4 4 4 2 2 2 2 2 2 2 2 2 2 2 2 2 2 1 1 1 2 2 7 7 13 18 18 24 28 28 25 25 9 3 3 2 3 3 4 4 2 2 2 5
 5 5 4 4 4 2 2 2 2 2 2 2 2 2 2 2 2 2 2 1 1 1 2 2 7 7 13 18 18 24 28 28 25 25 9 3 3 2 3 3 4 4 2 2 2 5
 4 4 3 2 2 2 2 2 2 2 1 1 1 2 2 2 20 20 0 1 1 2 4 4 4 4 8 9 9 15 12 12 17 17 5 1 1 2 4 4 7 7 5 5 5 6
 4 4 3 3 3 3 2 2 1 1 1 2 2 2 2 2 2 2 0 1 1 2 2 2 5 5 5 3 3 4 6 6 7 7 5 5 5 6 9 9 10 10 8 9 9 7
 4 4 3 3 3 3 2 2 1 1 1 2 2 2 2 2 2 2 0 1 1 2 2 2 5 5 5 3 3 4 6 6 7 7 5 5 5 6 9 9 10 10 8 9 9 7
 4 4 4 4 4 4 1 1 1 1 2 3 3 4 2 2 1 1 0 0 0 1 1 1 2 2 5 5 5 3 4 4 7 7 10 8 8 8 11 11 15 15 12 13 13 14
 7 7 5 3 3 3 1 1 1 1 1 1 1 1 1 1 1 1 0 0 0 1 1 1 1 1 2 1 1 2 2 2 7 7 8 14 14 13 14 14 16 16 22 21 21 20
 7 7 5 3 3 3 1 1 1 1 1 1 1 1 1 1 1 1 0 0 0 1 1 1 1 1 2 1 1 2 2 2 7 7 8 14 14 13 14 14 16 16 22 21 21 20
 6 6 4 3 3 3 2 2 2 2 1 0 0 1 1 1 0 0 0 0 0 0 1 1 0 0 0 1 1 2 4 4 4 4 10 20 20 13 15 15 18 18 19 28 28 19
 6 6 4 3 3 3 2 2 2 2 1 0 0 1 1 1 0 0 0 0 0 0 1 1 0 0 0 1 1 2 4 4 4 4 10 20 20 13 15 15 18 18 19 28 28 19
 1 1 1 1 1 2 4 4 2 2 1 0 0 1 1 1 0 0 0 0 0 0 0 0 0 0 0 1 1 4 6 6 7 7 9 12 12 15 14 14 17 17 20 21 21 19
 2 2 1 2 2 2 5 5 2 2 1 1 1 1 1 1 1 1 0 0 0 0 1 1 1 1 1 3 3 3 5 5 7 7 6 8 8 14 15 15 17 17 18 20 20 22
 2 2 1 2 2 2 5 5 2 2 1 1 1 1 1 1 1 1 0 0 0 0 1 1 1 1 1 3 3 3 5 5 7 7 6 8 8 14 15 15 17 17 18 20 20 22
 2 2 1 1 1 1 2 2 2 2 2 1 1 1 1 1 1 1 1 1 1 1 1 1 2 2 2 3 3 6 4 4 4 4 5 9 9 17 17 17 19 19 20 24 24 27
 1 1 1 1 1 1 1 1 1 1 2 2 2 2 2 2 1 1 1 1 1 1 1 1 1 1 2 5 5 5 4 4 2 2 3 7 7 14 14 14 15 15 23 15 15 18
