assets/RAT_results/precipitation/2019-11-07_IMERG.asc
ncols        46
nrows        77
xllcorner    74.800261325624
yllcorner    8.058333333333
cellsize     0.062500000000
NODATA_value -9999
 0 0 0 0 0 0 0 0 1 1 3 4 4 4 2 2 1 1 2 3 3 4 6 6 7 7 6 3 3 3 0 0 1 1 2 8 8 3 1 1 3 3 1 1 1 1
 0 0 1 0 0 0 0 0 0 0 2 4 4 5 3 3 1 1 1 3 3 4 5 5 5 5 5 4 4 6 1 1 1 1 3 3 3 6 3 3 3 3 1 1 1 1
 0 0 1 0 0 0 0 0 0 0 2 4 4 5 3 3 1 1 1 3 3 4 5 5 5 5 5 4 4 6 1 1 1 1 3 3 3 6 3 3 3 3 1 1 1 1
 0 0 1 1 1 1 1 1 1 1 1 3 3 4 5 5 1 1 1 2 2 2 2 2 6 6 6 7 7 6 1 1 3 3 5 4 4 4 4 4 3 3 2 1 1 1
 0 0 0 1 1 1 2 2 2 2 1 2 2 3 3 3 1 1 1 1 1 1 1 1 4 4 7 9 9 8 8 8 5 5 3 4 4 5 4 4 3 3 2 1 1 1
 0 0 0 1 1 1 2 2 2 2 1 2 2 3 3 3 1 1 1 1 1 1 1 1 4 4 7 9 9 8 8 8 5 5 3 4 4 5 4 4 3 3 2 1 1 1
 0 0 0 0 0 1 2 2 3 3 2 1 1 2 6 6 5 5 0 0 0 0 0 0 8 8 8 10 10 8 8 8 1 1 5 5 5 5 5 5 4 4 3 2 2 2
 0 0 0 0 0 1 2 2 3 3 2 1 1 2 6 6 5 5 0 0 0 0 0 0 8 8 8 10 10 8 8 8 1 1 5 5 5 5 5 5 4 4 3 2 2 2
 0 0 0 0 0 1 2 2 3 3 3 2 2 6 2 2 4 4 0 0 0 0 0 0 4 4 9 8 8 8 8 8 2 2 4 5 5 6 6 6 6 6 5 3 3 2
 0 0 0 0 0 0 1 1 2 2 3 4 4 5 9 9 0 0 0 0 0 0 0 0 0 0 8 8 8 17 17 17 2 2 3 5 5 6 7 7 7 7 6 4 4 3
 0 0 0 0 0 0 1 1 2 2 3 4 4 5 9 9 0 0 0 0 0 0 0 0 0 0 8 8 8 17 17 17 2 2 3 5 5 6 7 7 7 7 6 4 4 3
 0 0 0 0 0 0 0 0 1 1 2 3 3 3 4 4 3 3 0 0 0 0 0 0 0 0 8 8 8 18 18 18 2 2 3 4 4 8 9 9 7 7 6 6 6 5
 0 0 0 0 0 0 1 1 0 0 1 3 3 3 2 2 1 1 1 1 1 0 1 1 1 1 1 2 2 3 3 3 3 3 3 7 7 9 10 10 6 6 7 7 7 6
 0 0 0 0 0 0 1 1 0 0 1 3 3 3 2 2 1 1 1 1 1 0 1 1 1 1 1 2 2 3 3 3 3 3 3 7 7 9 10 10 6 6 7 7 7 6
 0 0 0 0 0 0 1 1 1 1 2 2 2 3 2 2 1 1 1 1 1 1 1 1 2 2 2 2 2 3 4 4 6 6 4 7 7 11 11 11 9 9 10 9 9 9
 0 0 0 0 0 0 1 1 1 1 2 2 2 3 2 2 1 1 1 1 1 1 1 1 2 2 2 2 2 3 4 4 6 6 4 7 7 11 11 11 9 9 10 9 9 9
 0 0 0 0 0 0 0 0 1 1 2 3 3 2 2 2 1 1 2 2 2 2 2 2 2 2 2 3 3 6 4 4 5 5 5 5 5 10 10 10 10 10 13 12 12 11
 0 0 0 0 0 0 0 0 1 1 3 3 3 2 2 2 2 2 4 1 1 2 2 2 2 2 2 5 5 6 8 8 8 8 6 5 5 7 14 14 12 12 8 9 9 11
 0 0 0 0 0 0 0 0 1 1 3 3 3 2 2 2 2 2 4 1 1 2 2 2 2 2 2 5 5 6 8 8 8 8 6 5 5 7 14 14 12 12 8 9 9 11
 0 0 0 0 0 0 0 0 0 0 1 2 2 2 3 3 3 3 8 3 3 2 2 2 2 2 1 3 3 4 5 5 6 6 6 6 6 6 8 8 9 9 15 14 14 16
 0 0 0 0 0 0 0 0 0 0 0 1 1 2 3 3 4 4 4 3 3 2 1 1 1 1 1 2 2 4 3 3 5 5 6 6 6 7 9 9 8 8 13 11 11 13
 0 0 0 0 0 0 0 0 0 0 0 1 1 2 3 3 4 4 4 3 3 2 1 1 1 1 1 2 2 4 3 3 5 5 6 6 6 7 9 9 8 8 13 11 11 13
 0 0 0 0 0 0 0 0 0 0 0 0 0 1 2 2 3 3 4 4 4 5 1 1 1 1 1 2 2 2 3 3 4 4 7 6 6 6 8 8 8 8 11 13 13 29
 0 0 0 0 0 0 0 0 0 0 0 0 0 1 2 2 3 3 4 4 4 5 1 1 1 1 1 2 2 2 3 3 4 4 7 6 6 6 8 8 8 8 11 13 13 29
 0 0 0 0 0 0 0 0 0 0 0 0 0 0 0 0 1 1 2 3 3 9 2 2 2 2 1 2 2 2 2 2 3 3 5 6 6 6 7 7 9 9 13 13 13 31
 0 0 0 0 0 0 0 0 0 0 0 0 0 0 0 0 0 0 1 1 1 1 2 2 2 2 3 4 4 8 5 5 2 2 4 6 6 6 7 7 12 12 13 12 12 33
 0 0 0 0 0 0 0 0 0 0 0 0 0 0 0 0 0 0 1 1 1 1 2 2 2 2 3 4 4 8 5 5 2 2 4 6 6 6 7 7 12 12 13 12 12 33
 0 0 0 0 0 0 0 0 0 0 0 0 0 0 0 0 0 0 0 0 0 1 1 1 2 2 5 9 9 4 12 12 2 2 5 5 5 6 6 6 13 13 12 11 11 23
 0 0 0 0 0 0 0 0 0 0 0 0 0 0 0 0 0 0 0 0 0 1 1 1 1 1 7 12 12 21 12 12 2 2 7 6 6 5 6 6 11 11 11 11 11 69
 0 0 0 0 0 0 0 0 0 0 0 0 0 0 0 0 0 0 0 0 0 1 1 1 1 1 7 12 12 21 12 12 2 2 7 6 6 5 6 6 11 11 11 11 11 69
 1 1 0 0 0 0 0 0 0 0 0 0 0 0 0 0 4 4 0 0 0 0 1 1 1 1 3 5 5 4 19 19 18 18 4 5 5 5 5 5 10 10 6 44 44 62
 1 1 0 0 0 0 0 0 0 0 0 0 0 0 0 0 4 4 0 0 0 0 1 1 1 1 3 5 5 4 19 19 18 18 4 5 5 5 5 5 10 10 6 44 44 62
 0 0 0 0 0 0 0 0 0 0 0 0 0 0 0 0 1 1 1 0 0 0 0 0 1 1 1 3 3 4 18 18 2 2 1 2 2 4 6 6 7 7 7 6 6 20
 0 0 0 0 0 0 0 0 1 1 1 0 0 0 1 1 1 1 7 0 0 0 0 0 0 0 1 1 1 1 2 2 2 2 1 1 1 3 5 5 5 5 6 5 5 5
 0 0 0 0 0 0 0 0 1 1 1 0 0 0 1 1 1 1 7 0 0 0 0 0 0 0 1 1 1 1 2 2 2 2 1 1 1 3 5 5 5 5 6 5 5 5
 0 0 0 0 0 0 0 0 0 0 0 0 0 1 1 1 1 1 2 1 1 1 0 0 0 0 0 0 0 1 1 1 1 1 1 1 1 1 2 2 2 2 5 5 5 6
 0 0 1 0 0 0 0 0 0 0 0 0 0 1 1 1 1 1 1 2 2 1 2 2 1 1 0 0 0 0 1 1 2 2 3 1 1 2 1 1 1 1 4 5 5 5
 0 0 1 0 0 0 0 0 0 0 0 0 0 1 1 1 1 1 1 2 2 1 2 2 1 1 0 0 0 0 1 1 2 2 3 1 1 2 1 1 1 1 4 5 5 5
 0 0 1 0 0 0 0 0 0 0 0 0 0 1 1 1 2 2 2 3 3 2 1 1 1 1 1 1 1 0 0 0 1 1 2 1 1 1 1 1 1 1 4 4 4 4
 0 0 1 0 0 0 0 0 0 0 0 0 0 1 1 1 2 2 2 3 3 2 1 1 1 1 1 1 1 0 0 0 1 1 2 1 1 1 1 1 1 1 4 4 4 4
 0 0 0 0 0 0 0 0 0 0 1 1 1 1 2 2 2 2 2 5 5 3 1 1 1 1 3 2 2 1 1 1 1 1 2 2 2 2 2 2 1 1 3 6 6 7
 0 0 0 0 0 0 0 0 1 1 1 1 1 5 2 2 1 1 3 5 5 3 2 2 2 2 2 2 2 1 1 1 1 1 1 1 1 1 1 1 1 1 1 5 5 5
 0 0 0 0 0 0 0 0 1 1 1 1 1 5 2 2 1 1 3 5 5 3 2 2 2 2 2 2 2 1 1 1 1 1 1 1 1 1 1 1 1 1 1 5 5 5
 0 0 0 0 0 0 0 0 0 0 1 2 2 5 7 7 5 5 5 7 7 2 5 5 6 6 3 1 1 1 1 1 3 3 3 3 3 2 2 2 2 2 2 5 5 4
 0 0 0 0 0 0 0 0 1 1 1 6 6 6 7 7 6 6 8 7 7 6 24 24 3 3 2 1 1 1 1 1 6 6 8 6 6 6 3 3 3 3 5 6 6 6
 0 0 0 0 0 0 0 0 1 1 1 6 6 6 7 7 6 6 8 7 7 6 24 24 3 3 2 1 1 1 1 1 6 6 8 6 6 6 3 3 3 3 5 6 6 6
 0 0 0 0 0 0 0 0 1 1 1 14 14 7 14 14 12 12 9 6 6 4 19 19 7 7 3 1 1 2 3 3 8 8 10 6 6 5 6 6 4 4 4 7 7 6
 0 0 0 0 0 0 0 0 1 1 1 14 14 7 14 14 12 12 9 6 6 4 19 19 7 7 3 1 1 2 3 3 8 8 10 6 6 5 6 6 4 4 4 7 7 6
 0 0 0 0 0 0 1 1 1 1 1 14 14 16 20 20 21 21 13 9 9 7 6 6 13 13 2 2 2 3 5 5 6 6 19 11 11 9 7 7 5 5 5 3 3 11
 0 0 0 0 0 0 0 0 0 0 0 1 1 13 25 25 33 33 27 20 20 19 8 8 6 6 3 3 3 3 6 6 6 6 14 13 13 7 4 4 4 4 7 7 7 13
 0 0 0 0 0 0 0 0 0 0 0 1 1 13 25 25 33 33 27 20 20 19 8 8 6 6 3 3 3 3 6 6 6 6 14 13 13 7 4 4 4 4 7 7 7 13
 0 0 0 0 0 0 0 0 0 0 0 0 0 0 1 1 16 16 4 3 3 22 8 8 4 4 3 1 1 3 7 7 8 8 12 12 12 8 6 6 8 8 12 12 12 15
 1 1 0 0 0 0 0 0 0 0 0 0 0 0 0 0 1 1 1 1 1 3 7 7 5 5 9 3 3 5 4 4 6 6 9 12 12 11 7 7 9 9 14 16 16 11
 1 1 0 0 0 0 0 0 0 0 0 0 0 0 0 0 1 1 1 1 1 3 7 7 5 5 9 3 3 5 4 4 6 6 9 12 12 11 7 7 9 9 14 16 16 11
 0 0 0 0 0 0 0 0 0 0 1 1 1 0 1 1 1 1 0 2 2 2 3 3 5 5 1 1 1 2 4 4 7 7 7 10 10 8 8 8 12 12 18 21 21 19
 0 0 0 0 0 0 0 0 0 0 1 1 1 0 1 1 1 1 0 2 2 2 3 3 5 5 1 1 1 2 4 4 7 7 7 10 10 8 8 8 12 12 18 21 21 19
 0 0 0 0 0 0 0 0 0 0 2 1 1 1 1 1 4 4 2 1 1 1 1 1 1 1 3 0 0 1 1 1 1 1 2 9 9 10 8 8 9 9 14 25 25 26
 0 0 0 0 0 0 0 0 0 0 2 1 1 1 3 3 5 5 7 1 1 2 2 2 1 1 1 0 0 0 1 1 1 1 1 10 10 11 12 12 14 14 16 20 20 21
 0 0 0 0 0 0 0 0 0 0 2 1 1 1 3 3 5 5 7 1 1 2 2 2 1 1 1 0 0 0 1 1 1 1 1 10 10 11 12 12 14 14 16 20 20 21
 0 0 0 0 0 0 0 0 0 0 2 1 1 0 2 2 3 3 7 2 2 2 2 2 1 1 0 0 0 0 1 1 1 1 1 6 6 10 8 8 18 18 21 8 8 7
 0 0 0 0 0 0 0 0 0 0 0 2 2 1 1 1 2 2 2 1 1 0 1 1 1 1 1 0 0 0 0 0 0 0 1 2 2 7 8 8 17 17 19 6 6 7
 0 0 0 0 0 0 0 0 0 0 0 2 2 1 1 1 2 2 2 1 1 0 1 1 1 1 1 0 0 0 0 0 0 0 1 2 2 7 8 8 17 17 19 6 6 7
 0 0 0 0 0 0 0 0 0 0 0 0 0 2 1 1 1 1 4 1 1 0 1 1 1 1 1 1 1 0 0 0 0 0 0 1 1 2 3 3 4 4 6 5 5 3
 0 0 0 0 0 0 0 0 0 0 0 0 0 2 1 1 1 1 4 1 1 0 1 1 1 1 1 1 1 0 0 0 0 0 0 1 1 2 3 3 4 4 6 5 5 3
 0 0 0 0 0 0 0 0 0 0 0 0 0 0 0 0 1 1 2 3 3 1 0 0 0 0 0 1 1 0 0 0 0 0 0 1 1 1 2 2 4 4 7 6 6 3
 0 0 0 0 0 0 0 0 0 0 0 0 0 0 0 0 1 1 1 2 2 0 0 0 0 0 0 1 1 2 2 2 0 0 1 1 1 1 1 1 2 2 5 5 5 3
 0 0 0 0 0 0 0 0 0 0 0 0 0 0 0 0 1 1 1 2 2 0 0 0 0 0 0 1 1 2 2 2 0 0 1 1 1 1 1 1 2 2 5 5 5 3
 0 0 1 0 0 3 1 1 0 0 0 0 0 0 0 0 0 0 0 0 0 0 0 0 0 0 0 0 0 0 1 1 0 0 0 1 1 2 1 1 1 1 1 1 1 1
 0 0 1 1 1 1 3 3 0 0 0 0 0 0 0 0 0 0 0 0 0 0 0 0 0 0 1 0 0 0 1 1 0 0 0 0 0 1 1 1 1 1 2 3 3 0
 0 0 1 1 1 1 3 3 0 0 0 0 0 0 0 0 0 0 0 0 0 0 0 0 0 0 1 0 0 0 1 1 0 0 0 0 0 1 1 1 1 1 2 3 3 0
 0 0 0 0 0 0 1 1 0 0 0 0 0 0 0 0 0 0 0 0 0 0 0 0 0 0 0 0 0 0 0 0 0 0 0 0 0 0 1 1 3 3 5 6 6 3
 0 0 0 0 0 0 1 1 0 0 0 0 0 0 0 0 0 0 0 0 0 0 0 0 0 0 0 0 0 0 0 0 0 0 0 0 0 0 1 1 3 3 5 6 6 3
 0 0 0 0 0 0 0 0 1 1 0 0 0 0 0 0 0 0 0 0 0 0 0 0 0 0 0 0 0 0 1 1 2 2 1 0 0 0 0 0 0 0 1 2 2 1
 0 0 0 0 0 0 0 0 0 0 2 1 1 2 1 1 0 0 0 0 0 0 0 0 0 0 0 0 0 0 0 0 6 6 1 0 0 0 0 0 0 0 1 1 1 0
 0 0 0 0 0 0 0 0 0 0 2 1 1 2 1 1 0 0 0 0 0 0 0 0 0 0 0 0 0 0 0 0 6 6 1 0 0 0 0 0 0 0 1 1 1 0
 0 0 0 0 0 0 0 0 0 0 2 5 5 7 4 4 1 1 1 0 0 0 0 0 0 0 0 0 0 0 0 0 0 0 0 3 3 0 0 0 0 0 0 0 0 0
 0 0 0 0 0 0 0 0 0 0 0 1 1 4 5 5 3 3 2 0 0 0 0 0 0 0 0 0 0 0 0 0 0 0 0 0 0 0 0 0 0 0 0 0 0 0
