assets/RAT_results/precipitation/2019-12-20_IMERG.asc
ncols        46
nrows        77
xllcorner    74.800261325624
yllcorner    8.058333333333
cellsize     0.062500000000
NODATA_value -9999
 0 0 3 1 1 0 0 0 0 0 0 0 0 2 2 2 1 1 1 1 1 0 0 0 0 0 0 0 0 0 0 0 0 0 0 0 0 0 0 0 0 0 1 1 1 1
 0 0 1 1 1 0 0 0 0 0 0 0 0 1 1 1 1 1 0 0 0 0 0 0 0 0 0 0 0 0 0 0 0 0 0 0 0 0 0 0 1 1 1 1 1 2
 0 0 1 1 1 0 0 0 0 0 0 0 0 1 1 1 1 1 0 0 0 0 0 0 0 0 0 0 0 0 0 0 0 0 0 0 0 0 0 0 1 1 1 1 1 2
 1 1 1 0 0 0 0 0 0 0 0 0 0 0 1 1 1 1 0 0 0 0 0 0 0 0 0 0 0 0 0 0 0 0 0 0 0 0 1 1 1 1 1 1 1 3
 1 1 1 0 0 0 0 0 0 0 0 0 0 0 0 0 1 1 0 0 0 0 0 0 0 0 0 0 0 0 0 0 0 0 0 0 0 1 1 1 1 1 1 2 2 4
 1 1 1 0 0 0 0 0 0 0 0 0 0 0 0 0 1 1 0 0 0 0 0 0 0 0 0 0 0 0 0 0 0 0 0 0 0 1 1 1 1 1 1 2 2 4
 1 1 4 0 0 0 0 0 0 0 0 0 0 0 0 0 0 0 0 0 0 0 0 0 0 0 0 0 0 0 0 0 0 0 0 0 0 1 1 1 1 1 1 2 2 3
 1 1 4 0 0 0 0 0 0 0 0 0 0 0 0 0 0 0 0 0 0 0 0 0 0 0 0 0 0 0 0 0 0 0 0 0 0 1 1 1 1 1 1 2 2 3
 0 0 4 0 0 0 0 0 0 0 0 0 0 0 0 0 0 0 0 0 0 0 0 0 0 0 0 0 0 0 0 0 0 0 0 0 0 0 0 0 0 0 1 2 2 3
 0 0 1 0 0 0 0 0 0 0 1 1 1 1 1 1 1 1 1 0 0 0 0 0 0 0 0 0 0 0 0 0 0 0 0 0 0 0 0 0 0 0 1 2 2 2
 0 0 1 0 0 0 0 0 0 0 1 1 1 1 1 1 1 1 1 0 0 0 0 0 0 0 0 0 0 0 0 0 0 0 0 0 0 0 0 0 0 0 1 2 2 2
 0 0 1 5 5 4 2 2 2 2 0 0 0 0 1 1 1 1 1 0 0 0 0 0 0 0 0 0 0 0 0 0 0 0 0 0 0 0 0 0 0 0 0 1 1 1
 1 1 5 5 5 3 2 2 0 0 0 0 0 0 0 0 0 0 1 0 0 0 0 0 0 0 0 0 0 0 0 0 0 0 0 0 0 0 0 0 0 0 0 0 0 0
 1 1 5 5 5 3 2 2 0 0 0 0 0 0 0 0 0 0 1 0 0 0 0 0 0 0 0 0 0 0 0 0 0 0 0 0 0 0 0 0 0 0 0 0 0 0
 1 1 1 1 1 5 4 4 1 1 0 0 0 0 0 0 1 1 1 0 0 0 0 0 0 0 0 0 0 0 0 0 0 0 0 0 0 0 0 0 0 0 0 0 0 0
 1 1 1 1 1 5 4 4 1 1 0 0 0 0 0 0 1 1 1 0 0 0 0 0 0 0 0 0 0 0 0 0 0 0 0 0 0 0 0 0 0 0 0 0 0 0
 1 1 0 1 1 5 2 2 1 1 1 0 0 1 1 1 1 1 0 0 0 0 0 0 0 0 0 0 0 0 0 0 0 0 0 0 0 0 0 0 0 0 0 0 0 0
 2 2 1 0 0 1 1 1 1 1 1 1 1 1 2 2 1 1 0 0 0 0 0 0 0 0 0 0 0 0 0 0 0 0 0 0 0 0 0 0 0 0 0 0 0 0
 2 2 1 0 0 1 1 1 1 1 1 1 1 1 2 2 1 1 0 0 0 0 0 0 0 0 0 0 0 0 0 0 0 0 0 0 0 0 0 0 0 0 0 0 0 0
 2 2 1 0 0 1 2 2 1 1 1 1 1 1 1 1 1 1 0 1 1 0 0 0 0 0 0 0 0 0 0 0 0 0 0 0 0 0 0 0 0 0 0 0 0 0
 3 3 1 1 1 0 1 1 1 1 2 2 2 1 1 1 0 0 0 1 1 0 0 0 1 1 0 0 0 0 1 1 0 0 0 0 0 0 8 8 0 0 0 0 0 0
 3 3 1 1 1 0 1 1 1 1 2 2 2 1 1 1 0 0 0 1 1 0 0 0 1 1 0 0 0 0 1 1 0 0 0 0 0 0 8 8 0 0 0 0 0 0
 2 2 1 1 1 1 1 1 1 1 2 2 2 16 1 1 0 0 0 0 0 0 0 0 1 1 0 0 0 4 5 5 1 1 0 0 0 0 0 0 0 0 0 0 0 0
 2 2 1 1 1 1 1 1 1 1 2 2 2 16 1 1 0 0 0 0 0 0 0 0 1 1 0 0 0 4 5 5 1 1 0 0 0 0 0 0 0 0 0 0 0 0
 2 2 1 1 1 1 1 1 1 1 1 22 22 17 1 1 0 0 0 0 0 0 0 0 0 0 1 1 1 7 4 4 3 3 0 0 0 0 0 0 0 0 0 0 0 0
 1 1 1 1 1 1 1 1 1 1 1 23 23 23 2 2 1 1 1 0 0 0 0 0 0 0 0 3 3 9 3 3 0 0 0 0 0 0 0 0 0 0 0 0 0 0
 1 1 1 1 1 1 1 1 1 1 1 23 23 23 2 2 1 1 1 0 0 0 0 0 0 0 0 3 3 9 3 3 0 0 0 0 0 0 0 0 0 0 0 0 0 0
 1 1 1 0 0 1 1 1 1 1 1 1 1 2 2 2 1 1 0 0 0 0 0 0 0 0 1 6 6 3 1 1 0 0 0 0 0 0 0 0 0 0 0 0 0 0
 0 0 0 1 1 1 1 1 1 1 1 1 1 1 2 2 1 1 0 0 0 0 1 1 1 1 1 1 1 1 0 0 0 0 0 0 0 0 0 0 0 0 0 0 0 0
 0 0 0 1 1 1 1 1 1 1 1 1 1 1 2 2 1 1 0 0 0 0 1 1 1 1 1 1 1 1 0 0 0 0 0 0 0 0 0 0 0 0 0 0 0 0
 0 0 0 1 1 1 1 1 1 1 1 1 1 1 7 7 9 9 1 1 1 0 3 3 1 1 0 0 0 0 0 0 0 0 0 0 0 0 0 0 0 0 0 0 0 0
 0 0 0 1 1 1 1 1 1 1 1 1 1 1 7 7 9 9 1 1 1 0 3 3 1 1 0 0 0 0 0 0 0 0 0 0 0 0 0 0 0 0 0 0 0 0
 0 0 0 1 1 1 1 1 1 1 1 1 1 1 8 8 12 12 9 2 2 1 2 2 2 2 1 0 0 0 0 0 0 0 0 0 0 0 0 0 0 0 0 0 0 0
 1 1 1 1 1 1 1 1 1 1 1 7 7 7 7 7 11 11 10 2 2 1 2 2 1 1 1 0 0 0 0 0 0 0 0 0 0 0 0 0 0 0 0 0 0 0
 1 1 1 1 1 1 1 1 1 1 1 7 7 7 7 7 11 11 10 2 2 1 2 2 1 1 1 0 0 0 0 0 0 0 0 0 0 0 0 0 0 0 0 0 0 0
 1 1 1 1 1 1 1 1 1 1 1 7 7 7 23 23 23 23 7 5 5 2 2 2 1 1 3 1 1 4 0 0 0 0 0 0 0 0 0 0 0 0 0 0 0 0
 0 0 1 1 1 2 1 1 1 1 1 1 1 0 21 21 25 25 10 17 17 14 5 5 4 4 4 1 1 0 0 0 0 0 0 0 0 1 0 0 0 0 0 0 0 0
 0 0 1 1 1 2 1 1 1 1 1 1 1 0 21 21 25 25 10 17 17 14 5 5 4 4 4 1 1 0 0 0 0 0 0 0 0 1 0 0 0 0 0 0 0 0
 1 1 1 1 1 1 1 1 1 1 1 7 7 14 11 11 11 11 20 17 17 15 6 6 4 4 6 4 4 3 2 2 1 1 2 3 3 3 4 4 0 0 0 0 0 0
 1 1 1 1 1 1 1 1 1 1 1 7 7 14 11 11 11 11 20 17 17 15 6 6 4 4 6 4 4 3 2 2 1 1 2 3 3 3 4 4 0 0 0 0 0 0
 1 1 1 1 1 1 1 1 1 1 1 8 8 16 16 16 11 11 20 18 18 16 9 9 7 7 6 4 4 6 5 5 5 5 5 9 9 8 4 4 3 3 2 3 3 1
 1 1 1 1 1 1 1 1 4 4 4 6 6 13 12 12 7 7 18 19 19 17 19 19 10 10 7 7 7 5 8 8 4 4 7 11 11 14 8 8 7 7 7 7 7 8
 1 1 1 1 1 1 1 1 4 4 4 6 6 13 12 12 7 7 18 19 19 17 19 19 10 10 7 7 7 5 8 8 4 4 7 11 11 14 8 8 7 7 7 7 7 8
 4 4 1 1 1 1 1 1 3 3 3 7 7 5 6 6 6 6 8 10 10 20 20 20 12 12 10 7 7 4 5 5 4 4 11 7 7 16 9 9 9 9 6 6 6 4
 5 5 1 1 1 0 1 1 3 3 3 7 7 7 11 11 11 11 9 14 14 12 18 18 19 19 19 9 9 6 6 6 8 8 12 11 11 11 15 15 8 8 4 8 8 8
 5 5 1 1 1 0 1 1 3 3 3 7 7 7 11 11 11 11 9 14 14 12 18 18 19 19 19 9 9 6 6 6 8 8 12 11 11 11 15 15 8 8 4 8 8 8
 4 4 1 1 1 1 1 1 1 1 1 4 4 7 7 7 13 13 11 11 11 16 19 19 31 31 20 14 14 18 11 11 10 10 9 13 13 14 15 15 7 7 10 11 11 9
 4 4 1 1 1 1 1 1 1 1 1 4 4 7 7 7 13 13 11 11 11 16 19 19 31 31 20 14 14 18 11 11 10 10 9 13 13 14 15 15 7 7 10 11 11 9
 13 13 1 1 1 0 1 1 1 1 1 4 4 7 8 8 5 5 6 18 18 15 15 15 27 27 25 20 20 11 9 9 10 10 12 13 13 18 13 13 7 7 13 14 14 13
 42 42 2 1 1 1 9 9 2 2 1 1 1 3 3 3 6 6 6 7 7 12 14 14 25 25 21 15 15 13 8 8 9 9 10 11 11 17 16 16 15 15 16 18 18 15
 42 42 2 1 1 1 9 9 2 2 1 1 1 3 3 3 6 6 6 7 7 12 14 14 25 25 21 15 15 13 8 8 9 9 10 11 11 17 16 16 15 15 16 18 18 15
 61 61 46 3 3 2 7 7 9 9 0 0 0 3 4 4 6 6 6 3 3 13 17 17 24 24 23 21 21 13 6 6 4 4 6 10 10 18 19 19 18 18 21 17 17 20
 63 63 44 7 7 1 1 1 2 2 0 1 1 2 5 5 6 6 9 3 3 5 24 24 29 29 37 28 28 21 13 13 8 8 16 15 15 22 24 24 24 24 21 19 19 18
 63 63 44 7 7 1 1 1 2 2 0 1 1 2 5 5 6 6 9 3 3 5 24 24 29 29 37 28 28 21 13 13 8 8 16 15 15 22 24 24 24 24 21 19 19 18
 29 29 33 10 10 2 1 1 1 1 1 1 1 2 4 4 7 7 7 2 2 8 23 23 24 24 31 25 25 34 21 21 26 26 22 23 23 22 27 27 30 30 27 16 16 16
 29 29 33 10 10 2 1 1 1 1 1 1 1 2 4 4 7 7 7 2 2 8 23 23 24 24 31 25 25 34 21 21 26 26 22 23 23 22 27 27 30 30 27 16 16 16
 22 22 21 21 21 6 9 9 9 9 5 1 1 1 4 4 4 4 7 6 6 11 21 21 25 25 31 38 38 32 32 32 35 35 31 21 21 24 34 34 35 35 24 21 21 28
 12 12 11 14 14 10 24 24 16 16 7 3 3 2 3 3 5 5 8 8 8 7 21 21 27 27 35 38 38 46 40 40 31 31 34 25 25 23 28 28 39 39 27 27 27 34
 12 12 11 14 14 10 24 24 16 16 7 3 3 2 3 3 5 5 8 8 8 7 21 21 27 27 35 38 38 46 40 40 31 31 34 25 25 23 28 28 39 39 27 27 27 34
 8 8 10 16 16 19 21 21 17 17 7 3 3 4 3 3 4 4 9 9 9 13 21 21 26 26 33 36 36 52 38 38 37 37 42 38 38 29 33 33 44 44 33 44 44 52
 10 10 9 12 12 14 31 31 20 20 18 14 14 3 5 5 3 3 8 10 10 12 21 21 28 28 35 46 46 51 52 52 43 43 63 56 56 54 61 61 58 58 39 45 45 55
 10 10 9 12 12 14 31 31 20 20 18 14 14 3 5 5 3 3 8 10 10 12 21 21 28 28 35 46 46 51 52 52 43 43 63 56 56 54 61 61 58 58 39 45 45 55
 9 9 15 17 17 13 26 26 16 16 15 2 2 1 1 1 1 1 3 10 10 11 15 15 26 26 34 48 48 45 45 45 49 49 67 64 64 64 80 80 75 75 69 65 65 70
 9 9 15 17 17 13 26 26 16 16 15 2 2 1 1 1 1 1 3 10 10 11 15 15 26 26 34 48 48 45 45 45 49 49 67 64 64 64 80 80 75 75 69 65 65 70
 21 21 16 13 13 7 6 6 4 4 4 3 3 3 2 2 1 1 9 10 10 14 22 22 22 22 35 49 49 50 57 57 61 61 63 72 72 78 92 92 95 95 82 78 78 66
 22 22 15 13 13 9 5 5 4 4 3 4 4 3 1 1 2 2 10 16 16 20 26 26 27 27 36 45 45 50 63 63 68 68 83 70 70 101 102 102 119 119 88 95 95 77
 22 22 15 13 13 9 5 5 4 4 3 4 4 3 1 1 2 2 10 16 16 20 26 26 27 27 36 45 45 50 63 63 68 68 83 70 70 101 102 102 119 119 88 95 95 77
 26 26 12 9 9 9 4 4 3 3 4 4 4 16 16 16 15 15 24 26 26 14 26 26 26 26 26 52 52 62 73 73 79 79 80 87 87 100 109 109 128 128 124 117 117 125
 20 20 20 12 12 10 15 15 10 10 7 7 7 29 28 28 23 23 24 31 31 28 38 38 26 26 22 34 34 60 80 80 89 89 93 108 108 118 115 115 135 135 133 135 135 139
 20 20 20 12 12 10 15 15 10 10 7 7 7 29 28 28 23 23 24 31 31 28 38 38 26 26 22 34 34 60 80 80 89 89 93 108 108 118 115 115 135 135 133 135 135 139
 28 28 25 24 24 18 14 14 23 23 30 7 7 30 28 28 86 86 84 90 90 69 81 81 32 32 20 24 24 33 67 67 81 81 84 105 105 115 124 124 123 123 147 167 167 170
 28 28 25 24 24 18 14 14 23 23 30 7 7 30 28 28 86 86 84 90 90 69 81 81 32 32 20 24 24 33 67 67 81 81 84 105 105 115 124 124 123 123 147 167 167 170
 24 24 16 11 11 9 14 14 27 27 28 19 19 70 67 67 120 120 120 64 64 67 92 92 48 48 41 35 35 44 61 61 76 76 91 94 94 124 139 139 131 131 169 156 156 171
 17 17 19 15 15 10 17 17 21 21 15 25 25 27 65 65 117 117 117 90 90 90 59 59 57 57 37 36 36 42 49 49 72 72 96 97 97 108 150 150 151 151 165 168 168 166
 17 17 19 15 15 10 17 17 21 21 15 25 25 27 65 65 117 117 117 90 90 90 59 59 57 57 37 36 36 42 49 49 72 72 96 97 97 108 150 150 151 151 165 168 168 166
 26 26 22 22 22 23 26 26 17 17 20 27 27 27 20 20 9 9 8 16 16 20 48 48 44 44 30 29 29 53 56 56 60 60 98 103 103 114 147 147 157 157 164 159 159 162
 32 32 28 24 24 24 24 24 18 18 16 16 16 18 18 18 13 13 11 17 17 17 31 31 26 26 32 31 31 55 66 66 57 57 83 99 99 117 152 152 174 174 176 168 168 177
