assets/RAT_results/precipitation/2019-07-14_IMERG.asc
ncols        46
nrows        77
xllcorner    74.800261325624
yllcorner    8.058333333333
cellsize     0.062500000000
NODATA_value -9999
 24 24 23 19 19 19 14 14 6 6 6 6 6 2 1 1 0 0 0 1 1 0 0 0 0 0 0 0 0 1 1 1 1 1 1 2 2 1 1 1 1 1 1 2 2 1
 21 21 17 13 13 12 13 13 9 9 9 7 7 3 2 2 2 2 1 1 1 0 0 0 0 0 0 1 1 1 1 1 1 1 1 2 2 2 2 2 2 2 2 1 1 1
 21 21 17 13 13 12 13 13 9 9 9 7 7 3 2 2 2 2 1 1 1 0 0 0 0 0 0 1 1 1 1 1 1 1 1 2 2 2 2 2 2 2 2 1 1 1
 21 21 21 16 16 18 15 15 14 14 14 13 13 5 3 3 2 2 1 0 0 0 0 0 0 0 1 1 1 1 1 1 2 2 2 2 2 2 2 2 2 2 2 1 1 1
 21 21 24 21 21 23 19 19 16 16 15 12 12 9 2 2 2 2 1 0 0 0 0 0 0 0 1 1 1 4 1 1 1 1 2 2 2 2 2 2 2 2 2 1 1 1
 21 21 24 21 21 23 19 19 16 16 15 12 12 9 2 2 2 2 1 0 0 0 0 0 0 0 1 1 1 4 1 1 1 1 2 2 2 2 2 2 2 2 2 1 1 1
 20 20 20 16 16 17 16 16 15 15 15 13 13 10 2 2 1 1 0 0 0 0 0 0 5 5 5 3 3 3 3 3 1 1 1 2 2 2 2 2 3 3 4 3 3 3
 20 20 20 16 16 17 16 16 15 15 15 13 13 10 2 2 1 1 0 0 0 0 0 0 5 5 5 3 3 3 3 3 1 1 1 2 2 2 2 2 3 3 4 3 3 3
 24 24 24 25 25 20 18 18 17 17 12 9 9 7 2 2 1 1 1 0 0 0 0 0 0 0 6 6 6 7 7 7 4 4 1 1 1 1 2 2 3 3 3 4 4 4
 16 16 16 22 22 11 12 12 10 10 9 6 6 3 2 2 1 1 1 1 1 1 1 1 1 1 6 6 6 8 1 1 1 1 1 1 1 2 2 2 3 3 2 3 3 3
 16 16 16 22 22 11 12 12 10 10 9 6 6 3 2 2 1 1 1 1 1 1 1 1 1 1 6 6 6 8 1 1 1 1 1 1 1 2 2 2 3 3 2 3 3 3
 12 12 15 15 15 16 17 17 13 13 11 7 7 5 5 5 2 2 1 1 1 1 1 1 1 1 1 1 1 1 1 1 1 1 1 1 1 2 2 2 2 2 2 2 2 2
 13 13 11 12 12 19 15 15 14 14 10 7 7 4 3 3 1 1 1 1 1 1 1 1 1 1 1 1 1 1 1 1 1 1 1 2 2 2 4 4 2 2 2 1 1 1
 13 13 11 12 12 19 15 15 14 14 10 7 7 4 3 3 1 1 1 1 1 1 1 1 1 1 1 1 1 1 1 1 1 1 1 2 2 2 4 4 2 2 2 1 1 1
 12 12 11 9 9 12 12 12 9 9 8 4 4 3 8 8 1 1 1 1 1 1 1 1 1 1 1 1 1 1 1 1 1 1 2 2 2 4 4 4 2 2 1 1 1 1
 12 12 11 9 9 12 12 12 9 9 8 4 4 3 8 8 1 1 1 1 1 1 1 1 1 1 1 1 1 1 1 1 1 1 2 2 2 4 4 4 2 2 1 1 1 1
 11 11 10 8 8 9 4 4 9 9 8 6 6 8 8 8 2 2 2 2 2 1 1 1 1 1 1 1 1 1 2 2 2 2 2 2 2 4 2 2 1 1 1 0 0 0
 9 9 7 5 5 5 4 4 6 6 9 8 8 11 11 11 11 11 6 5 5 2 1 1 1 1 1 1 1 2 2 2 1 1 1 1 1 2 1 1 1 1 1 0 0 0
 9 9 7 5 5 5 4 4 6 6 9 8 8 11 11 11 11 11 6 5 5 2 1 1 1 1 1 1 1 2 2 2 1 1 1 1 1 2 1 1 1 1 1 0 0 0
 14 14 8 5 5 6 6 6 8 8 9 14 14 14 13 13 11 11 5 5 5 2 2 2 1 1 1 1 1 1 1 1 1 1 1 1 1 2 1 1 1 1 0 0 0 0
 13 13 7 6 6 5 5 5 6 6 5 8 8 10 8 8 6 6 4 4 4 4 1 1 1 1 1 2 2 2 1 1 1 1 1 2 2 4 1 1 1 1 0 0 0 4
 13 13 7 6 6 5 5 5 6 6 5 8 8 10 8 8 6 6 4 4 4 4 1 1 1 1 1 2 2 2 1 1 1 1 1 2 2 4 1 1 1 1 0 0 0 4
 14 14 14 8 8 7 5 5 5 5 3 3 3 5 10 10 9 9 6 6 6 6 1 1 1 1 1 3 3 1 1 1 1 1 0 1 1 2 1 1 1 1 1 4 4 4
 14 14 14 8 8 7 5 5 5 5 3 3 3 5 10 10 9 9 6 6 6 6 1 1 1 1 1 3 3 1 1 1 1 1 0 1 1 2 1 1 1 1 1 4 4 4
 14 14 12 12 12 11 5 5 4 4 7 5 5 10 10 10 9 9 9 6 6 1 1 1 0 0 1 2 2 2 1 1 0 0 0 1 1 1 3 3 3 3 8 8 8 51
 15 15 14 13 13 8 10 10 8 8 8 5 5 5 4 4 2 2 3 1 1 1 1 1 1 1 0 1 1 1 1 1 0 0 2 2 2 2 1 1 3 3 1 3 3 6
 15 15 14 13 13 8 10 10 8 8 8 5 5 5 4 4 2 2 3 1 1 1 1 1 1 1 0 1 1 1 1 1 0 0 2 2 2 2 1 1 3 3 1 3 3 6
 16 16 15 15 15 15 12 12 9 9 7 5 5 5 4 4 4 4 2 2 2 3 3 3 4 4 0 1 1 2 0 0 0 0 2 2 2 1 1 1 1 1 1 3 3 1
 24 24 17 16 16 16 17 17 12 12 6 9 9 5 4 4 5 5 6 5 5 4 4 4 4 4 1 1 1 0 0 0 1 1 1 1 1 1 1 1 1 1 1 1 1 2
 24 24 17 16 16 16 17 17 12 12 6 9 9 5 4 4 5 5 6 5 5 4 4 4 4 4 1 1 1 0 0 0 1 1 1 1 1 1 1 1 1 1 1 1 1 2
 27 27 18 16 16 19 20 20 9 9 7 9 9 4 4 4 5 5 5 3 3 3 1 1 1 1 3 5 5 5 1 1 1 1 1 1 1 2 2 2 2 2 2 1 1 1
 27 27 18 16 16 19 20 20 9 9 7 9 9 4 4 4 5 5 5 3 3 3 1 1 1 1 3 5 5 5 1 1 1 1 1 1 1 2 2 2 2 2 2 1 1 1
 28 28 25 31 31 28 26 26 21 21 16 10 10 6 4 4 5 5 5 4 4 1 0 0 0 0 1 2 2 2 1 1 1 1 1 1 1 2 2 2 2 2 2 2 2 2
 29 29 71 41 41 32 35 35 32 32 29 14 14 9 7 7 5 5 4 1 1 1 1 1 1 1 0 1 1 0 1 1 1 1 1 1 1 1 2 2 3 3 3 2 2 2
 29 29 71 41 41 32 35 35 32 32 29 14 14 9 7 7 5 5 4 1 1 1 1 1 1 1 0 1 1 0 1 1 1 1 1 1 1 1 2 2 3 3 3 2 2 2
 71 71 76 42 42 44 46 46 38 38 23 29 29 25 8 8 6 6 5 4 4 4 3 3 0 0 0 0 0 1 1 1 1 1 2 2 2 2 3 3 3 3 3 3 3 2
 36 36 36 36 36 35 42 42 30 30 25 26 26 15 7 7 7 7 9 7 7 5 6 6 2 2 0 1 1 2 1 1 1 1 2 3 3 3 2 2 3 3 3 3 3 3
 36 36 36 36 36 35 42 42 30 30 25 26 26 15 7 7 7 7 9 7 7 5 6 6 2 2 0 1 1 2 1 1 1 1 2 3 3 3 2 2 3 3 3 3 3 3
 15 15 23 27 27 30 29 29 31 31 29 23 23 13 7 7 8 8 7 8 8 5 7 7 3 3 8 2 2 1 1 1 2 2 3 3 3 3 3 3 3 3 4 5 5 5
 15 15 23 27 27 30 29 29 31 31 29 23 23 13 7 7 8 8 7 8 8 5 7 7 3 3 8 2 2 1 1 1 2 2 3 3 3 3 3 3 3 3 4 5 5 5
 17 17 25 18 18 23 27 27 28 28 29 31 31 16 10 10 10 10 9 3 3 1 2 2 11 11 5 7 7 5 5 5 2 2 3 5 5 5 9 9 9 9 5 4 4 2
 16 16 21 20 20 24 18 18 21 21 21 22 22 13 12 12 14 14 12 6 6 2 5 5 8 8 9 8 8 10 3 3 2 2 4 4 4 7 9 9 8 8 9 7 7 6
 16 16 21 20 20 24 18 18 21 21 21 22 22 13 12 12 14 14 12 6 6 2 5 5 8 8 9 8 8 10 3 3 2 2 4 4 4 7 9 9 8 8 9 7 7 6
 13 13 14 14 14 14 15 15 14 14 16 17 17 15 16 16 22 22 19 14 14 14 15 15 10 10 8 8 8 8 9 9 2 2 2 4 4 5 8 8 7 7 10 3 3 3
 12 12 11 11 11 12 12 12 11 11 10 14 14 15 20 20 24 24 24 18 18 16 14 14 13 13 7 4 4 3 5 5 1 1 1 2 2 3 2 2 3 3 5 3 3 3
 12 12 11 11 11 12 12 12 11 11 10 14 14 15 20 20 24 24 24 18 18 16 14 14 13 13 7 4 4 3 5 5 1 1 1 2 2 3 2 2 3 3 5 3 3 3
 19 19 13 11 11 11 12 12 13 13 11 8 8 14 16 16 9 9 11 16 16 15 14 14 9 9 5 0 0 0 2 2 4 4 4 4 4 5 5 5 4 4 5 6 6 5
 19 19 13 11 11 11 12 12 13 13 11 8 8 14 16 16 9 9 11 16 16 15 14 14 9 9 5 0 0 0 2 2 4 4 4 4 4 5 5 5 4 4 5 6 6 5
 27 27 19 13 13 16 13 13 18 18 9 6 6 7 7 7 7 7 7 6 6 11 7 7 9 9 4 1 1 1 3 3 4 4 3 5 5 6 5 5 4 4 7 8 8 7
 33 33 20 13 13 15 13 13 23 23 23 28 28 20 10 10 5 5 6 7 7 11 13 13 17 17 5 2 2 2 3 3 3 3 5 6 6 5 5 5 4 4 4 5 5 6
 33 33 20 13 13 15 13 13 23 23 23 28 28 20 10 10 5 5 6 7 7 11 13 13 17 17 5 2 2 2 3 3 3 3 5 6 6 5 5 5 4 4 4 5 5 6
 33 33 25 22 22 20 25 25 24 24 24 20 20 21 9 9 10 10 5 5 5 12 6 6 19 19 8 3 3 4 4 4 5 5 7 8 8 6 4 4 3 3 3 3 3 4
 35 35 26 26 26 24 20 20 20 20 11 11 11 13 8 8 10 10 7 6 6 9 7 7 9 9 4 3 3 4 10 10 13 13 10 8 8 8 6 6 3 3 2 4 4 4
 35 35 26 26 26 24 20 20 20 20 11 11 11 13 8 8 10 10 7 6 6 9 7 7 9 9 4 3 3 4 10 10 13 13 10 8 8 8 6 6 3 3 2 4 4 4
 29 29 30 40 40 35 20 20 13 13 5 4 4 4 10 10 10 10 8 9 9 8 11 11 12 12 4 3 3 7 12 12 13 13 11 6 6 4 3 3 3 3 2 3 3 4
 29 29 30 40 40 35 20 20 13 13 5 4 4 4 10 10 10 10 8 9 9 8 11 11 12 12 4 3 3 7 12 12 13 13 11 6 6 4 3 3 3 3 2 3 3 4
 29 29 25 22 22 14 10 10 7 7 5 4 4 4 4 4 5 5 4 4 4 7 10 10 4 4 2 3 3 4 4 4 4 4 4 4 4 2 1 1 2 2 3 3 3 3
 21 21 16 13 13 11 8 8 6 6 5 5 5 4 1 1 1 1 4 3 3 1 4 4 1 1 1 1 1 1 1 1 2 2 2 1 1 1 1 1 2 2 2 3 3 6
 21 21 16 13 13 11 8 8 6 6 5 5 5 4 1 1 1 1 4 3 3 1 4 4 1 1 1 1 1 1 1 1 2 2 2 1 1 1 1 1 2 2 2 3 3 6
 14 14 13 7 7 6 5 5 5 5 5 5 5 4 1 1 1 1 0 0 0 0 0 0 0 0 1 1 1 2 2 2 3 3 3 3 3 2 1 1 2 2 3 6 6 8
 9 9 7 5 5 4 4 4 5 5 4 5 5 3 2 2 1 1 0 0 0 0 0 0 0 0 0 1 1 1 1 1 2 2 4 7 7 7 3 3 4 4 6 8 8 9
 9 9 7 5 5 4 4 4 5 5 4 5 5 3 2 2 1 1 0 0 0 0 0 0 0 0 0 1 1 1 1 1 2 2 4 7 7 7 3 3 4 4 6 8 8 9
 9 9 7 6 6 5 5 5 4 4 6 6 6 5 2 2 5 5 0 0 0 0 0 0 0 0 1 1 1 1 1 1 3 3 4 9 9 10 9 9 7 7 6 4 4 2
 9 9 7 6 6 5 5 5 4 4 6 6 6 5 2 2 5 5 0 0 0 0 0 0 0 0 1 1 1 1 1 1 3 3 4 9 9 10 9 9 7 7 6 4 4 2
 3 3 4 4 4 4 4 4 3 3 4 3 3 2 4 4 2 2 0 0 0 0 0 0 0 0 1 1 1 6 7 7 15 15 16 23 23 22 11 11 7 7 3 1 1 0
 5 5 6 7 7 6 5 5 4 4 6 2 2 1 1 1 2 2 1 1 1 1 1 1 1 1 1 2 2 6 7 7 14 14 14 17 17 4 5 5 4 4 1 0 0 0
 5 5 6 7 7 6 5 5 4 4 6 2 2 1 1 1 2 2 1 1 1 1 1 1 1 1 1 2 2 6 7 7 14 14 14 17 17 4 5 5 4 4 1 0 0 0
 4 4 7 9 9 11 9 9 9 9 8 6 6 3 3 3 2 2 2 2 2 1 1 1 1 1 1 2 2 3 3 3 4 4 3 3 3 1 2 2 3 3 0 0 0 0
 5 5 10 15 15 22 22 22 30 30 27 24 24 7 7 7 4 4 2 2 2 1 1 1 1 1 1 1 1 1 1 1 2 2 2 1 1 1 0 0 0 0 0 0 0 0
 5 5 10 15 15 22 22 22 30 30 27 24 24 7 7 7 4 4 2 2 2 1 1 1 1 1 1 1 1 1 1 1 2 2 2 1 1 1 0 0 0 0 0 0 0 0
 14 14 16 22 22 25 26 26 36 36 35 27 27 19 18 18 13 13 4 3 3 2 1 1 1 1 1 2 2 1 1 1 1 1 2 1 1 0 0 0 0 0 0 0 0 0
 14 14 16 22 22 25 26 26 36 36 35 27 27 19 18 18 13 13 4 3 3 2 1 1 1 1 1 2 2 1 1 1 1 1 2 1 1 0 0 0 0 0 0 0 0 0
 18 18 21 22 22 26 31 31 36 36 35 31 31 24 20 20 16 16 5 3 3 2 2 2 1 1 1 0 0 0 0 0 0 0 1 1 1 1 0 0 0 0 0 0 0 0
 22 22 21 22 22 23 22 22 23 23 22 20 20 18 18 18 15 15 5 5 5 3 2 2 3 3 3 0 0 0 0 0 0 0 0 1 1 2 2 2 0 0 0 0 0 0
 22 22 21 22 22 23 22 22 23 23 22 20 20 18 18 18 15 15 5 5 5 3 2 2 3 3 3 0 0 0 0 0 0 0 0 1 1 2 2 2 0 0 0 0 0 0
 25 25 21 21 21 23 22 22 20 20 20 18 18 11 10 10 9 9 6 6 6 4 3 3 6 6 6 3 3 3 3 3 1 1 1 0 0 0 0 0 0 0 1 0 0 0
 26 26 25 23 23 25 20 20 14 14 14 12 12 12 10 10 9 9 8 9 9 8 7 7 7 7 7 5 5 5 3 3 4 4 2 2 2 1 0 0 0 0 1 0 0 0
