assets/RAT_results/precipitation/2019-10-17_IMERG.asc
ncols        46
nrows        77
xllcorner    74.800261325624
yllcorner    8.058333333333
cellsize     0.062500000000
NODATA_value -9999
 44 44 57 45 45 64 70 70 66 66 59 38 38 30 44 44 14 14 14 16 16 10 4 4 2 2 1 1 1 4 5 5 6 6 5 5 5 2 7 7 6 6 1 1 1 0
 41 41 46 43 43 48 42 42 40 40 34 28 28 29 21 21 10 10 6 15 15 10 4 4 1 1 0 1 1 3 5 5 5 5 3 5 5 0 1 1 1 1 0 0 0 0
 41 41 46 43 43 48 42 42 40 40 34 28 28 29 21 21 10 10 6 15 15 10 4 4 1 1 0 1 1 3 5 5 5 5 3 5 5 0 1 1 1 1 0 0 0 0
 35 35 34 35 35 34 35 35 34 34 15 11 11 13 10 10 5 5 2 9 9 11 4 4 1 1 2 1 1 3 3 3 3 3 4 1 1 1 2 2 1 1 0 0 0 0
 28 28 23 27 27 27 23 23 46 46 23 10 10 13 10 10 4 4 3 6 6 4 3 3 1 1 1 2 2 4 5 5 3 3 5 3 3 3 3 3 4 4 4 4 4 0
 28 28 23 27 27 27 23 23 46 46 23 10 10 13 10 10 4 4 3 6 6 4 3 3 1 1 1 2 2 4 5 5 3 3 5 3 3 3 3 3 4 4 4 4 4 0
 34 34 29 26 26 41 28 28 50 50 32 14 14 16 14 14 9 9 6 2 2 0 2 2 1 1 1 3 3 3 4 4 4 4 3 4 4 4 4 4 4 4 4 6 6 1
 34 34 29 26 26 41 28 28 50 50 32 14 14 16 14 14 9 9 6 2 2 0 2 2 1 1 1 3 3 3 4 4 4 4 3 4 4 4 4 4 4 4 4 6 6 1
 26 26 36 24 24 29 27 27 18 18 61 27 27 15 15 15 18 18 5 2 2 0 0 0 0 0 1 1 1 2 2 2 6 6 6 2 2 3 3 3 3 3 3 2 2 0
 18 18 31 36 36 33 29 29 41 41 47 28 28 28 14 14 13 13 12 4 4 0 0 0 0 0 0 4 4 7 2 2 7 7 5 4 4 2 3 3 2 2 3 1 1 3
 18 18 31 36 36 33 29 29 41 41 47 28 28 28 14 14 13 13 12 4 4 0 0 0 0 0 0 4 4 7 2 2 7 7 5 4 4 2 3 3 2 2 3 1 1 3
 10 10 33 35 35 53 32 32 56 56 50 25 25 11 12 12 3 3 5 4 4 3 1 1 0 0 1 4 4 6 6 6 8 8 8 2 2 1 2 2 3 3 3 2 2 4
 8 8 27 30 30 44 52 52 53 53 33 32 32 22 16 16 14 14 10 15 15 6 3 3 1 1 0 0 0 1 0 0 5 5 6 6 6 1 3 3 6 6 4 3 3 12
 8 8 27 30 30 44 52 52 53 53 33 32 32 22 16 16 14 14 10 15 15 6 3 3 1 1 0 0 0 1 0 0 5 5 6 6 6 1 3 3 6 6 4 3 3 12
 27 27 29 28 28 34 60 60 59 59 48 41 41 31 24 24 23 23 11 25 25 13 12 12 1 1 1 1 1 1 0 0 1 1 6 5 5 2 5 5 7 7 5 10 10 15
 27 27 29 28 28 34 60 60 59 59 48 41 41 31 24 24 23 23 11 25 25 13 12 12 1 1 1 1 1 1 0 0 1 1 6 5 5 2 5 5 7 7 5 10 10 15
 55 55 53 48 48 54 62 62 51 51 59 75 75 41 56 56 25 25 21 16 16 25 12 12 4 4 2 1 1 0 0 0 7 7 5 10 10 2 4 4 6 6 15 12 12 20
 30 30 54 79 79 80 66 66 69 69 100 79 79 69 55 55 41 41 24 35 35 29 27 27 9 9 8 6 6 1 6 6 7 7 9 13 13 2 3 3 5 5 13 19 19 39
 30 30 54 79 79 80 66 66 69 69 100 79 79 69 55 55 41 41 24 35 35 29 27 27 9 9 8 6 6 1 6 6 7 7 9 13 13 2 3 3 5 5 13 19 19 39
 33 33 75 31 31 82 40 40 39 39 114 74 74 78 62 62 47 47 37 42 42 34 33 33 15 15 11 14 14 5 9 9 6 6 7 9 9 7 2 2 5 5 3 24 24 8
 29 29 36 34 34 39 42 42 37 37 44 80 80 79 68 68 69 69 46 44 44 36 26 26 27 27 21 21 21 6 11 11 6 6 11 11 11 1 1 1 1 1 1 5 5 2
 29 29 36 34 34 39 42 42 37 37 44 80 80 79 68 68 69 69 46 44 44 36 26 26 27 27 21 21 21 6 11 11 6 6 11 11 11 1 1 1 1 1 1 5 5 2
 41 41 50 46 46 31 48 48 28 28 36 90 90 67 85 85 63 63 49 45 45 46 50 50 40 40 35 21 21 21 19 19 22 22 19 9 9 1 1 1 1 1 1 1 1 0
 41 41 50 46 46 31 48 48 28 28 36 90 90 67 85 85 63 63 49 45 45 46 50 50 40 40 35 21 21 21 19 19 22 22 19 9 9 1 1 1 1 1 1 1 1 0
 58 58 48 41 41 44 42 42 29 29 33 30 30 70 74 74 37 37 65 50 50 46 65 65 54 54 39 32 32 39 17 17 27 27 15 8 8 1 1 1 1 1 1 0 0 0
 69 69 54 37 37 47 43 43 41 41 25 59 59 47 71 71 36 36 66 53 53 74 93 93 60 60 52 48 48 67 31 31 36 36 16 12 12 3 0 0 0 0 1 1 1 1
 69 69 54 37 37 47 43 43 41 41 25 59 59 47 71 71 36 36 66 53 53 74 93 93 60 60 52 48 48 67 31 31 36 36 16 12 12 3 0 0 0 0 1 1 1 1
 76 76 97 44 44 57 35 35 28 28 35 34 34 41 52 52 37 37 52 69 69 96 67 67 64 64 64 57 57 55 36 36 27 27 18 12 12 9 12 12 14 14 5 1 1 2
 38 38 40 25 25 45 29 29 24 24 37 46 46 38 49 49 36 36 55 67 67 56 77 77 40 40 49 41 41 53 28 28 23 23 36 17 17 13 12 12 14 14 6 2 2 1
 38 38 40 25 25 45 29 29 24 24 37 46 46 38 49 49 36 36 55 67 67 56 77 77 40 40 49 41 41 53 28 28 23 23 36 17 17 13 12 12 14 14 6 2 2 1
 42 42 46 37 37 32 31 31 20 20 44 40 40 36 36 36 24 24 26 34 34 39 36 36 28 28 40 30 30 30 47 47 61 61 42 19 19 17 11 11 2 2 2 3 3 1
 42 42 46 37 37 32 31 31 20 20 44 40 40 36 36 36 24 24 26 34 34 39 36 36 28 28 40 30 30 30 47 47 61 61 42 19 19 17 11 11 2 2 2 3 3 1
 45 45 49 36 36 25 22 22 18 18 19 16 16 15 14 14 23 23 20 32 32 37 32 32 37 37 35 33 33 32 40 40 46 46 32 19 19 12 11 11 3 3 3 3 3 2
 37 37 31 23 23 18 23 23 13 13 16 12 12 12 9 9 9 9 19 26 26 37 30 30 32 32 26 21 21 16 19 19 26 26 27 13 13 11 14 14 5 5 4 3 3 6
 37 37 31 23 23 18 23 23 13 13 16 12 12 12 9 9 9 9 19 26 26 37 30 30 32 32 26 21 21 16 19 19 26 26 27 13 13 11 14 14 5 5 4 3 3 6
 22 22 18 25 25 18 23 23 14 14 10 4 4 2 7 7 12 12 17 22 22 29 29 29 25 25 19 24 24 14 14 14 14 14 21 9 9 11 17 17 5 5 4 3 3 7
 11 11 12 25 25 31 31 31 30 30 25 14 14 8 4 4 9 9 16 28 28 29 31 31 47 47 17 24 24 17 15 15 15 15 9 5 5 4 7 7 7 7 5 2 2 6
 11 11 12 25 25 31 31 31 30 30 25 14 14 8 4 4 9 9 16 28 28 29 31 31 47 47 17 24 24 17 15 15 15 15 9 5 5 4 7 7 7 7 5 2 2 6
 7 7 7 20 20 30 22 22 22 22 19 12 12 11 5 5 10 10 12 26 26 35 34 34 49 49 46 44 44 42 46 46 19 19 14 8 8 4 4 4 2 2 2 1 1 6
 7 7 7 20 20 30 22 22 22 22 19 12 12 11 5 5 10 10 12 26 26 35 34 34 49 49 46 44 44 42 46 46 19 19 14 8 8 4 4 4 2 2 2 1 1 6
 8 8 15 18 18 21 13 13 10 10 7 5 5 6 8 8 8 8 14 24 24 32 32 32 32 32 26 63 63 18 43 43 22 22 16 4 4 2 3 3 1 1 3 2 2 2
 13 13 10 13 13 9 6 6 8 8 9 7 7 6 14 14 6 6 10 25 25 22 20 20 22 22 25 46 46 38 32 32 25 25 12 4 4 3 2 2 2 2 2 1 1 1
 13 13 10 13 13 9 6 6 8 8 9 7 7 6 14 14 6 6 10 25 25 22 20 20 22 22 25 46 46 38 32 32 25 25 12 4 4 3 2 2 2 2 2 1 1 1
 10 10 5 5 5 3 6 6 7 7 8 9 9 7 17 17 8 8 8 9 9 12 17 17 16 16 25 14 14 12 13 13 6 6 3 2 2 5 4 4 2 2 1 0 0 0
 10 10 5 5 5 3 5 5 8 8 10 8 8 10 10 10 8 8 9 9 9 22 12 12 23 23 23 20 20 12 7 7 12 12 4 2 2 2 2 2 2 2 0 0 0 0
 10 10 5 5 5 3 5 5 8 8 10 8 8 10 10 10 8 8 9 9 9 22 12 12 23 23 23 20 20 12 7 7 12 12 4 2 2 2 2 2 2 2 0 0 0 0
 9 9 6 3 3 2 4 4 10 10 11 8 8 11 8 8 6 6 6 10 10 16 19 19 17 17 16 15 15 8 10 10 18 18 9 4 4 2 1 1 2 2 0 0 0 0
 9 9 6 3 3 2 4 4 10 10 11 8 8 11 8 8 6 6 6 10 10 16 19 19 17 17 16 15 15 8 10 10 18 18 9 4 4 2 1 1 2 2 0 0 0 0
 7 7 8 5 5 3 3 3 7 7 14 15 15 18 10 10 17 17 7 20 20 17 10 10 13 13 20 21 21 17 18 18 22 22 16 10 10 5 5 5 3 3 2 0 0 0
 8 8 8 9 9 9 7 7 15 15 28 23 23 23 22 22 18 18 12 24 24 24 10 10 13 13 23 15 15 15 10 10 28 28 38 15 15 9 10 10 7 7 2 3 3 1
 8 8 8 9 9 9 7 7 15 15 28 23 23 23 22 22 18 18 12 24 24 24 10 10 13 13 23 15 15 15 10 10 28 28 38 15 15 9 10 10 7 7 2 3 3 1
 16 16 16 14 14 23 20 20 24 24 43 40 40 29 29 29 20 20 13 15 15 13 25 25 11 11 19 18 18 15 9 9 20 20 19 26 26 19 17 17 9 9 4 4 4 4
 18 18 29 24 24 30 27 27 26 26 36 43 43 30 22 22 21 21 15 10 10 8 25 25 13 13 13 10 10 13 7 7 12 12 11 21 21 14 17 17 15 15 11 5 5 5
 18 18 29 24 24 30 27 27 26 26 36 43 43 30 22 22 21 21 15 10 10 8 25 25 13 13 13 10 10 13 7 7 12 12 11 21 21 14 17 17 15 15 11 5 5 5
 21 21 25 27 27 37 34 34 27 27 35 33 33 19 12 12 15 15 15 14 14 13 10 10 9 9 12 10 10 8 7 7 11 11 11 14 14 9 12 12 9 9 10 9 9 4
 21 21 25 27 27 37 34 34 27 27 35 33 33 19 12 12 15 15 15 14 14 13 10 10 9 9 12 10 10 8 7 7 11 11 11 14 14 9 12 12 9 9 10 9 9 4
 10 10 13 20 20 21 35 35 29 29 30 29 29 23 14 14 15 15 19 15 15 12 10 10 11 11 8 9 9 7 7 7 9 9 12 18 18 16 14 14 16 16 15 9 9 3
 9 9 11 15 15 10 18 18 18 18 18 21 21 21 21 21 20 20 24 16 16 15 15 15 14 14 16 13 13 11 7 7 14 14 20 18 18 19 14 14 14 14 12 8 8 3
 9 9 11 15 15 10 18 18 18 18 18 21 21 21 21 21 20 20 24 16 16 15 15 15 14 14 16 13 13 11 7 7 14 14 20 18 18 19 14 14 14 14 12 8 8 3
 8 8 8 10 10 7 9 9 7 7 7 12 12 15 15 15 20 20 16 13 13 16 29 29 28 28 16 13 13 12 12 12 7 7 21 21 21 29 17 17 12 12 9 7 7 3
 8 8 10 13 13 6 8 8 7 7 9 11 11 13 10 10 9 9 8 10 10 13 25 25 28 28 27 20 20 22 11 11 10 10 46 39 39 31 28 28 27 27 11 4 4 3
 8 8 10 13 13 6 8 8 7 7 9 11 11 13 10 10 9 9 8 10 10 13 25 25 28 28 27 20 20 22 11 11 10 10 46 39 39 31 28 28 27 27 11 4 4 3
 7 7 9 9 9 3 3 3 3 3 7 11 11 12 9 9 6 6 6 12 12 19 22 22 32 32 25 18 18 22 7 7 7 7 21 51 51 49 22 22 27 27 24 10 10 2
 7 7 9 9 9 3 3 3 3 3 7 11 11 12 9 9 6 6 6 12 12 19 22 22 32 32 25 18 18 22 7 7 7 7 21 51 51 49 22 22 27 27 24 10 10 2
 9 9 8 6 6 3 1 1 2 2 6 12 12 13 11 11 8 8 5 9 9 17 20 20 24 24 18 19 19 15 14 14 8 8 11 19 19 39 27 27 16 16 5 3 3 3
 8 8 6 5 5 3 2 2 3 3 5 8 8 12 11 11 7 7 5 8 8 14 19 19 14 14 16 20 20 19 18 18 11 11 10 17 17 18 18 18 20 20 7 3 3 3
 8 8 6 5 5 3 2 2 3 3 5 8 8 12 11 11 7 7 5 8 8 14 19 19 14 14 16 20 20 19 18 18 11 11 10 17 17 18 18 18 20 20 7 3 3 3
 6 6 5 6 6 3 3 3 4 4 5 7 7 12 14 14 8 8 6 6 6 12 14 14 12 12 14 20 20 24 25 25 19 19 17 13 13 12 17 17 17 17 11 8 8 3
 4 4 5 6 6 4 5 5 4 4 5 6 6 7 10 10 8 8 5 6 6 9 11 11 9 9 9 9 9 17 25 25 20 20 17 10 10 7 9 9 10 10 11 9 9 6
 4 4 5 6 6 4 5 5 4 4 5 6 6 7 10 10 8 8 5 6 6 9 11 11 9 9 9 9 9 17 25 25 20 20 17 10 10 7 9 9 10 10 11 9 9 6
 3 3 4 5 5 5 7 7 5 5 5 6 6 6 7 7 9 9 5 6 6 7 4 4 4 4 3 4 4 13 25 25 24 24 21 14 14 11 8 8 7 7 9 7 7 6
 3 3 4 5 5 5 7 7 5 5 5 6 6 6 7 7 9 9 5 6 6 7 4 4 4 4 3 4 4 13 25 25 24 24 21 14 14 11 8 8 7 7 9 7 7 6
 3 3 3 4 4 4 6 6 7 7 7 4 4 5 6 6 9 9 4 4 4 5 3 3 3 3 6 12 12 13 24 24 30 30 24 18 18 18 9 9 4 4 3 2 2 7
 3 3 3 3 3 7 6 6 5 5 7 3 3 4 5 5 7 7 6 6 6 2 2 2 4 4 8 18 18 13 22 22 24 24 28 21 21 20 12 12 3 3 5 5 5 19
 3 3 3 3 3 7 6 6 5 5 7 3 3 4 5 5 7 7 6 6 6 2 2 2 4 4 8 18 18 13 22 22 24 24 28 21 21 20 12 12 3 3 5 5 5 19
 2 2 1 2 2 4 5 5 3 3 5 2 2 4 4 4 5 5 5 5 5 3 2 2 4 4 7 18 18 20 31 31 36 36 39 27 27 19 12 12 8 8 7 10 10 10
 2 2 1 3 3 2 1 1 1 1 2 4 4 4 3 3 4 4 4 3 3 4 4 4 10 10 11 17 17 26 25 25 33 33 33 12 12 10 10 10 11 11 14 12 12 13
