assets/RAT_results/precipitation/2019-07-23_IMERG.asc
ncols        46
nrows        77
xllcorner    74.800261325624
yllcorner    8.058333333333
cellsize     0.062500000000
NODATA_value -9999
 48 48 37 26 26 21 21 21 18 18 9 11 11 8 3 3 3 3 2 2 2 1 0 0 0 0 0 0 0 0 0 0 0 0 0 1 1 2 2 2 1 1 1 1 1 0
 49 49 39 28 28 30 31 31 19 19 13 14 14 11 6 6 6 6 4 1 1 1 1 1 0 0 0 0 0 0 0 0 0 0 0 0 0 3 3 3 2 2 1 0 0 1
 49 49 39 28 28 30 31 31 19 19 13 14 14 11 6 6 6 6 4 1 1 1 1 1 0 0 0 0 0 0 0 0 0 0 0 0 0 3 3 3 2 2 1 0 0 1
 55 55 56 46 46 37 32 32 25 25 21 14 14 11 8 8 4 4 2 2 2 1 1 1 0 0 0 0 0 0 0 0 0 0 0 1 1 3 6 6 2 2 8 5 5 4
 78 78 65 52 52 50 35 35 28 28 27 10 10 8 8 8 4 4 3 1 1 1 0 0 0 0 0 0 0 0 0 0 0 0 0 5 5 7 14 14 10 10 9 5 5 6
 78 78 65 52 52 50 35 35 28 28 27 10 10 8 8 8 4 4 3 1 1 1 0 0 0 0 0 0 0 0 0 0 0 0 0 5 5 7 14 14 10 10 9 5 5 6
 69 69 58 42 42 42 37 37 24 24 31 18 18 11 7 7 3 3 3 0 0 0 0 0 0 0 0 0 0 0 0 0 0 0 0 4 4 5 3 3 3 3 2 3 3 5
 69 69 58 42 42 42 37 37 24 24 31 18 18 11 7 7 3 3 3 0 0 0 0 0 0 0 0 0 0 0 0 0 0 0 0 4 4 5 3 3 3 3 2 3 3 5
 55 55 48 41 41 38 31 31 26 26 28 14 14 12 7 7 3 3 2 0 0 0 0 0 0 0 0 0 0 0 0 0 0 0 0 1 1 1 1 1 1 1 2 3 3 0
 56 56 51 46 46 39 28 28 24 24 18 18 18 17 7 7 5 5 1 0 0 0 1 1 0 0 0 0 0 0 0 0 0 0 0 0 0 0 0 0 0 0 0 0 0 0
 56 56 51 46 46 39 28 28 24 24 18 18 18 17 7 7 5 5 1 0 0 0 1 1 0 0 0 0 0 0 0 0 0 0 0 0 0 0 0 0 0 0 0 0 0 0
 53 53 45 50 50 37 36 36 26 26 20 14 14 12 6 6 6 6 1 1 1 1 0 0 0 0 0 0 0 0 0 0 0 0 0 1 1 1 1 1 3 3 2 1 1 1
 36 36 41 44 44 31 34 34 25 25 15 8 8 12 7 7 4 4 2 2 2 1 0 0 0 0 0 0 0 0 0 0 0 0 1 1 1 5 6 6 4 4 5 3 3 2
 36 36 41 44 44 31 34 34 25 25 15 8 8 12 7 7 4 4 2 2 2 1 0 0 0 0 0 0 0 0 0 0 0 0 1 1 1 5 6 6 4 4 5 3 3 2
 26 26 45 51 51 37 30 30 25 25 20 14 14 14 11 11 4 4 2 2 2 1 1 1 0 0 1 0 0 0 0 0 0 0 1 1 1 1 4 4 5 5 4 3 3 1
 26 26 45 51 51 37 30 30 25 25 20 14 14 14 11 11 4 4 2 2 2 1 1 1 0 0 1 0 0 0 0 0 0 0 1 1 1 1 4 4 5 5 4 3 3 1
 37 37 46 45 45 37 31 31 30 30 24 24 24 14 7 7 6 6 3 1 1 1 1 1 0 0 0 0 0 0 0 0 0 0 1 2 2 3 10 10 9 9 5 3 3 1
 26 26 19 26 26 19 23 23 21 21 27 16 16 13 7 7 7 7 3 2 2 2 1 1 1 1 1 0 0 0 0 0 0 0 1 3 3 9 10 10 10 10 5 2 2 3
 26 26 19 26 26 19 23 23 21 21 27 16 16 13 7 7 7 7 3 2 2 2 1 1 1 1 1 0 0 0 0 0 0 0 1 3 3 9 10 10 10 10 5 2 2 3
 31 31 24 19 19 14 14 14 15 15 14 12 12 10 6 6 4 4 3 1 1 1 1 1 1 1 0 0 0 0 1 1 1 1 1 3 3 3 6 6 3 3 3 2 2 2
 28 28 27 24 24 19 15 15 10 10 13 10 10 6 7 7 3 3 2 3 3 1 1 1 1 1 0 0 0 0 0 0 1 1 1 1 1 1 3 3 24 24 3 1 1 1
 28 28 27 24 24 19 15 15 10 10 13 10 10 6 7 7 3 3 2 3 3 1 1 1 1 1 0 0 0 0 0 0 1 1 1 1 1 1 3 3 24 24 3 1 1 1
 19 19 21 24 24 18 12 12 9 9 8 11 11 16 16 16 10 10 4 3 3 1 0 0 2 2 0 0 0 1 1 1 1 1 1 2 2 1 6 6 10 10 1 0 0 0
 19 19 21 24 24 18 12 12 9 9 8 11 11 16 16 16 10 10 4 3 3 1 0 0 2 2 0 0 0 1 1 1 1 1 1 2 2 1 6 6 10 10 1 0 0 0
 14 14 14 15 15 15 11 11 9 9 10 15 15 19 13 13 11 11 14 7 7 4 3 3 0 0 1 1 1 1 1 1 0 0 0 0 0 0 0 0 0 0 0 0 0 0
 13 13 11 10 10 8 6 6 10 10 11 14 14 15 14 14 17 17 12 8 8 3 3 3 1 1 0 1 1 1 0 0 0 0 0 0 0 0 0 0 0 0 0 0 0 0
 13 13 11 10 10 8 6 6 10 10 11 14 14 15 14 14 17 17 12 8 8 3 3 3 1 1 0 1 1 1 0 0 0 0 0 0 0 0 0 0 0 0 0 0 0 0
 10 10 11 10 10 13 14 14 9 9 9 11 11 10 14 14 13 13 12 8 8 7 9 9 4 4 3 1 1 0 0 0 0 0 0 0 0 0 0 0 0 0 0 0 0 0
 13 13 12 15 15 20 16 16 15 15 7 11 11 13 14 14 16 16 15 11 11 5 7 7 4 4 3 1 1 0 0 0 0 0 0 0 0 0 0 0 0 0 0 0 0 0
 13 13 12 15 15 20 16 16 15 15 7 11 11 13 14 14 16 16 15 11 11 5 7 7 4 4 3 1 1 0 0 0 0 0 0 0 0 0 0 0 0 0 0 0 0 0
 13 13 13 13 13 20 26 26 26 26 7 7 7 9 11 11 12 12 10 8 8 6 7 7 5 5 5 1 1 0 0 0 0 0 0 1 1 1 0 0 0 0 1 2 2 2
 13 13 13 13 13 20 26 26 26 26 7 7 7 9 11 11 12 12 10 8 8 6 7 7 5 5 5 1 1 0 0 0 0 0 0 1 1 1 0 0 0 0 1 2 2 2
 13 13 15 15 15 17 26 26 26 26 9 5 5 4 6 6 7 7 4 7 7 8 7 7 5 5 5 1 1 1 0 0 0 0 0 1 1 1 1 1 1 1 1 2 2 1
 14 14 15 14 14 15 16 16 18 18 8 8 8 6 7 7 6 6 7 4 4 3 5 5 6 6 2 1 1 1 0 0 0 0 0 1 1 2 2 2 1 1 1 2 2 1
 14 14 15 14 14 15 16 16 18 18 8 8 8 6 7 7 6 6 7 4 4 3 5 5 6 6 2 1 1 1 0 0 0 0 0 1 1 2 2 2 1 1 1 2 2 1
 16 16 14 15 15 17 17 17 17 17 13 10 10 7 8 8 10 10 12 5 5 6 6 6 6 6 22 22 22 7 1 1 1 1 1 1 1 1 1 1 1 1 2 3 3 3
 17 17 16 19 19 20 23 23 28 28 27 26 26 15 8 8 11 11 10 15 15 12 10 10 12 12 24 22 22 6 5 5 1 1 0 1 1 0 1 1 2 2 2 3 3 2
 17 17 16 19 19 20 23 23 28 28 27 26 26 15 8 8 11 11 10 15 15 12 10 10 12 12 24 22 22 6 5 5 1 1 0 1 1 0 1 1 2 2 2 3 3 2
 15 15 19 20 20 21 25 25 28 28 49 38 38 32 37 37 32 32 31 15 15 14 9 9 1 1 2 6 6 5 5 5 2 2 1 1 1 1 0 0 0 0 2 1 1 3
 15 15 19 20 20 21 25 25 28 28 49 38 38 32 37 37 32 32 31 15 15 14 9 9 1 1 2 6 6 5 5 5 2 2 1 1 1 1 0 0 0 0 2 1 1 3
 15 15 18 19 19 21 27 27 40 40 48 44 44 33 35 35 11 11 22 19 19 14 11 11 4 4 1 7 7 2 1 1 1 1 1 1 1 1 1 1 1 1 3 4 4 4
 15 15 17 18 18 20 27 27 39 39 52 29 29 17 16 16 14 14 23 12 12 18 9 9 9 9 5 4 4 6 6 6 5 5 2 3 3 3 1 1 1 1 3 4 4 1
 15 15 17 18 18 20 27 27 39 39 52 29 29 17 16 16 14 14 23 12 12 18 9 9 9 9 5 4 4 6 6 6 5 5 2 3 3 3 1 1 1 1 3 4 4 1
 15 15 16 18 18 20 26 26 60 60 59 34 34 17 12 12 11 11 10 9 9 10 8 8 9 9 8 11 11 8 8 8 6 6 3 5 5 2 3 3 3 3 3 4 4 1
 17 17 17 18 18 19 20 20 35 35 46 33 33 18 11 11 8 8 9 6 6 6 8 8 8 8 9 18 18 17 14 14 8 8 4 3 3 3 3 3 2 2 3 2 2 0
 17 17 17 18 18 19 20 20 35 35 46 33 33 18 11 11 8 8 9 6 6 6 8 8 8 8 9 18 18 17 14 14 8 8 4 3 3 3 3 3 2 2 3 2 2 0
 17 17 20 21 21 23 21 21 26 26 44 22 22 18 14 14 9 9 8 6 6 7 8 8 13 13 17 15 15 11 12 12 10 10 3 2 2 3 3 3 2 2 0 1 1 0
 17 17 20 21 21 23 21 21 26 26 44 22 22 18 14 14 9 9 8 6 6 7 8 8 13 13 17 15 15 11 12 12 10 10 3 2 2 3 3 3 2 2 0 1 1 0
 17 17 19 21 21 22 20 20 18 18 24 19 19 17 14 14 11 11 10 4 4 6 6 6 8 8 13 11 11 10 12 12 6 6 3 2 2 2 3 3 3 3 0 0 0 0
 13 13 14 16 16 15 15 15 18 18 20 19 19 14 13 13 14 14 7 4 4 6 6 6 8 8 8 8 8 8 8 8 3 3 6 3 3 1 2 2 0 0 0 0 0 0
 13 13 14 16 16 15 15 15 18 18 20 19 19 14 13 13 14 14 7 4 4 6 6 6 8 8 8 8 8 8 8 8 3 3 6 3 3 1 2 2 0 0 0 0 0 0
 9 9 10 11 11 13 14 14 18 18 20 18 18 16 15 15 12 12 5 4 4 5 6 6 9 9 8 8 8 8 8 8 5 5 4 2 2 3 2 2 2 2 1 1 1 0
 8 8 8 9 9 10 13 13 13 13 13 13 13 13 14 14 14 14 8 7 7 7 8 8 10 10 9 7 7 6 9 9 5 5 4 2 2 3 3 3 2 2 2 2 2 0
 8 8 8 9 9 10 13 13 13 13 13 13 13 13 14 14 14 14 8 7 7 7 8 8 10 10 9 7 7 6 9 9 5 5 4 2 2 3 3 3 2 2 2 2 2 0
 9 9 9 9 9 9 10 10 9 9 11 12 12 12 12 12 13 13 11 8 8 11 9 9 12 12 12 11 11 10 6 6 6 6 4 5 5 4 4 4 2 2 1 1 1 0
 9 9 9 9 9 9 10 10 9 9 11 12 12 12 12 12 13 13 11 8 8 11 9 9 12 12 12 11 11 10 6 6 6 6 4 5 5 4 4 4 2 2 1 1 1 0
 12 12 14 16 16 19 21 21 18 18 15 13 13 10 10 10 11 11 12 14 14 12 9 9 10 10 9 8 8 8 7 7 7 7 5 4 4 5 4 4 3 3 0 1 1 0
 28 28 28 26 26 27 29 29 23 23 18 16 16 13 12 12 11 11 13 14 14 12 8 8 5 5 6 5 5 5 5 5 5 5 4 3 3 3 2 2 2 2 0 0 0 0
 28 28 28 26 26 27 29 29 23 23 18 16 16 13 12 12 11 11 13 14 14 12 8 8 5 5 6 5 5 5 5 5 5 5 4 3 3 3 2 2 2 2 0 0 0 0
 27 27 25 25 25 25 27 27 22 22 17 16 16 15 13 13 11 11 10 10 10 8 6 6 3 3 4 4 4 3 3 3 3 3 3 3 3 1 3 3 1 1 1 0 0 0
 14 14 16 18 18 24 24 24 18 18 12 12 12 12 10 10 9 9 8 8 8 7 5 5 5 5 4 3 3 2 1 1 1 1 3 2 2 1 2 2 0 0 0 0 0 0
 14 14 16 18 18 24 24 24 18 18 12 12 12 12 10 10 9 9 8 8 8 7 5 5 5 5 4 3 3 2 1 1 1 1 3 2 2 1 2 2 0 0 0 0 0 0
 7 7 8 8 8 10 12 12 12 12 11 11 11 11 9 9 8 8 6 6 6 8 8 8 6 6 4 3 3 3 1 1 1 1 1 2 2 1 3 3 0 0 0 1 1 0
 7 7 8 8 8 10 12 12 12 12 11 11 11 11 9 9 8 8 6 6 6 8 8 8 6 6 4 3 3 3 1 1 1 1 1 2 2 1 3 3 0 0 0 1 1 0
 8 8 7 5 5 5 5 5 7 7 9 10 10 9 9 9 8 8 7 6 6 7 6 6 4 4 3 2 2 3 3 3 1 1 1 1 1 1 0 0 0 0 1 0 0 0
 7 7 8 7 7 7 5 5 5 5 7 8 8 7 7 7 7 7 5 5 5 6 5 5 4 4 2 1 1 2 2 2 6 6 1 1 1 1 2 2 2 2 0 0 0 0
 7 7 8 7 7 7 5 5 5 5 7 8 8 7 7 7 7 7 5 5 5 6 5 5 4 4 2 1 1 2 2 2 6 6 1 1 1 1 2 2 2 2 0 0 0 0
 4 4 6 6 6 6 5 5 4 4 6 7 7 6 6 6 5 5 4 5 5 6 5 5 4 4 3 1 1 1 3 3 6 6 3 2 2 2 1 1 2 2 2 0 0 0
 3 3 4 4 4 4 6 6 6 6 7 7 7 7 6 6 6 6 6 6 6 8 7 7 5 5 4 2 2 1 2 2 6 6 5 5 5 1 1 1 1 1 1 2 2 0
 3 3 4 4 4 4 6 6 6 6 7 7 7 7 6 6 6 6 6 6 6 8 7 7 5 5 4 2 2 1 2 2 6 6 5 5 5 1 1 1 1 1 1 2 2 0
 2 2 3 2 2 2 3 3 5 5 7 9 9 9 8 8 8 8 9 11 11 11 9 9 7 7 5 4 4 3 2 2 3 3 6 1 1 2 1 1 1 1 1 1 1 0
 2 2 3 2 2 2 3 3 5 5 7 9 9 9 8 8 8 8 9 11 11 11 9 9 7 7 5 4 4 3 2 2 3 3 6 1 1 2 1 1 1 1 1 1 1 0
 1 1 1 2 2 2 3 3 5 5 11 15 15 14 12 12 12 12 11 12 12 13 10 10 7 7 5 4 4 3 2 2 3 3 4 1 1 2 2 2 2 2 1 1 1 0
 1 1 1 1 1 2 2 2 3 3 8 13 13 13 11 11 9 9 8 7 7 7 5 5 4 4 3 2 2 2 2 2 2 2 2 2 2 2 2 2 2 2 1 0 0 0
 1 1 1 1 1 2 2 2 3 3 8 13 13 13 11 11 9 9 8 7 7 7 5 5 4 4 3 2 2 2 2 2 2 2 2 2 2 2 2 2 2 2 1 0 0 0
 2 2 2 2 2 2 2 2 3 3 4 6 6 6 5 5 5 5 4 5 5 5 4 4 3 3 2 2 2 1 1 1 1 1 1 2 2 2 2 2 2 2 1 0 0 0
 2 2 2 3 3 3 2 2 1 1 2 2 2 2 3 3 3 3 3 3 3 3 3 3 3 3 2 2 2 2 2 2 2 2 2 3 3 3 2 2 2 2 3 1 1 1
