assets/RAT_results/precipitation/2019-06-10_IMERG.asc
ncols        46
nrows        77
xllcorner    74.800261325624
yllcorner    8.058333333333
cellsize     0.062500000000
NODATA_value -9999
 20 20 23 16 16 15 13 13 11 11 7 4 4 3 1 1 1 1 1 0 0 0 0 0 0 0 0 0 0 0 0 0 0 0 0 0 0 0 0 0 0 0 0 0 0 0
 26 26 27 15 15 12 14 14 12 12 8 3 3 3 1 1 1 1 1 0 0 0 0 0 0 0 0 0 0 0 0 0 0 0 0 0 0 0 0 0 0 0 0 0 0 0
 26 26 27 15 15 12 14 14 12 12 8 3 3 3 1 1 1 1 1 0 0 0 0 0 0 0 0 0 0 0 0 0 0 0 0 0 0 0 0 0 0 0 0 0 0 0
 26 26 28 18 18 13 15 15 15 15 10 4 4 3 2 2 1 1 1 1 1 0 0 0 0 0 0 0 0 0 0 0 0 0 0 0 0 0 0 0 0 0 0 0 0 0
 33 33 29 22 22 15 15 15 15 15 10 5 5 4 2 2 2 2 1 1 1 0 0 0 0 0 1 0 0 0 0 0 0 0 0 0 0 0 0 0 0 0 0 0 0 0
 33 33 29 22 22 15 15 15 15 15 10 5 5 4 2 2 2 2 1 1 1 0 0 0 0 0 1 0 0 0 0 0 0 0 0 0 0 0 0 0 0 0 0 0 0 0
 32 32 28 22 22 19 14 14 13 13 11 6 6 5 4 4 3 3 2 1 1 1 0 0 1 1 1 0 0 0 0 0 0 0 0 0 0 0 0 0 0 0 0 0 0 0
 32 32 28 22 22 19 14 14 13 13 11 6 6 5 4 4 3 3 2 1 1 1 0 0 1 1 1 0 0 0 0 0 0 0 0 0 0 0 0 0 0 0 0 0 0 0
 34 34 29 22 22 19 16 16 14 14 13 8 8 8 5 5 3 3 2 1 1 1 1 1 1 1 1 0 0 0 0 0 0 0 0 0 0 0 0 0 0 0 0 0 0 0
 34 34 27 21 21 18 15 15 16 16 15 10 10 10 10 10 3 3 3 2 2 2 1 1 1 1 1 1 1 1 1 1 1 1 0 0 0 0 0 0 0 0 0 0 0 0
 34 34 27 21 21 18 15 15 16 16 15 10 10 10 10 10 3 3 3 2 2 2 1 1 1 1 1 1 1 1 1 1 1 1 0 0 0 0 0 0 0 0 0 0 0 0
 23 23 27 20 20 20 19 19 16 16 14 13 13 16 11 11 3 3 3 2 2 2 1 1 1 1 2 1 1 3 1 1 2 2 1 0 0 0 0 0 0 0 0 0 0 0
 22 22 25 19 19 25 21 21 23 23 16 10 10 13 8 8 5 5 3 1 1 2 1 1 1 1 1 1 1 2 2 2 3 3 2 1 1 0 0 0 0 0 0 0 0 0
 22 22 25 19 19 25 21 21 23 23 16 10 10 13 8 8 5 5 3 1 1 2 1 1 1 1 1 1 1 2 2 2 3 3 2 1 1 0 0 0 0 0 0 0 0 0
 24 24 18 16 16 22 25 25 26 26 17 10 10 12 9 9 7 7 4 2 2 1 0 0 1 1 1 1 1 1 1 1 3 3 2 1 1 1 0 0 0 0 0 0 0 0
 24 24 18 16 16 22 25 25 26 26 17 10 10 12 9 9 7 7 4 2 2 1 0 0 1 1 1 1 1 1 1 1 3 3 2 1 1 1 0 0 0 0 0 0 0 0
 29 29 20 17 17 20 21 21 30 30 24 17 17 16 10 10 9 9 6 3 3 2 1 1 1 1 1 2 2 1 1 1 3 3 2 1 1 1 0 0 0 0 0 0 0 0
 37 37 23 15 15 21 23 23 37 37 28 20 20 20 11 11 14 14 9 7 7 4 2 2 2 2 2 2 2 1 0 0 1 1 1 1 1 2 1 1 0 0 0 1 1 0
 37 37 23 15 15 21 23 23 37 37 28 20 20 20 11 11 14 14 9 7 7 4 2 2 2 2 2 2 2 1 0 0 1 1 1 1 1 2 1 1 0 0 0 1 1 0
 38 38 26 19 19 22 27 27 48 48 37 20 20 23 14 14 19 19 11 7 7 4 2 2 3 3 4 4 4 1 2 2 1 1 1 1 1 1 1 1 0 0 0 1 1 0
 36 36 26 31 31 31 32 32 40 40 35 26 26 21 19 19 23 23 11 7 7 5 2 2 4 4 4 4 4 5 3 3 2 2 2 1 1 1 1 1 0 0 0 0 0 0
 36 36 26 31 31 31 32 32 40 40 35 26 26 21 19 19 23 23 11 7 7 5 2 2 4 4 4 4 4 5 3 3 2 2 2 1 1 1 1 1 0 0 0 0 0 0
 33 33 30 31 31 17 16 16 28 28 33 23 23 22 26 26 23 23 12 8 8 6 4 4 3 3 5 6 6 7 2 2 1 1 2 2 2 1 1 1 0 0 0 2 2 2
 33 33 30 31 31 17 16 16 28 28 33 23 23 22 26 26 23 23 12 8 8 6 4 4 3 3 5 6 6 7 2 2 1 1 2 2 2 1 1 1 0 0 0 2 2 2
 30 30 24 23 23 12 19 19 17 17 28 28 28 27 28 28 24 24 15 7 7 6 4 4 7 7 7 9 9 7 3 3 1 1 0 1 1 1 0 0 0 0 0 2 2 2
 25 25 21 18 18 15 12 12 13 13 22 26 26 24 27 27 18 18 17 11 11 8 9 9 10 10 12 11 11 9 3 3 1 1 1 1 1 1 1 1 1 1 2 2 2 4
 25 25 21 18 18 15 12 12 13 13 22 26 26 24 27 27 18 18 17 11 11 8 9 9 10 10 12 11 11 9 3 3 1 1 1 1 1 1 1 1 1 1 2 2 2 4
 29 29 22 17 17 16 14 14 22 22 26 16 16 16 19 19 19 19 17 15 15 11 8 8 11 11 16 16 16 9 5 5 2 2 1 1 1 1 2 2 2 2 2 2 2 2
 26 26 17 13 13 17 15 15 16 16 18 12 12 13 12 12 19 19 21 18 18 13 15 15 16 16 14 10 10 10 8 8 3 3 1 2 2 3 2 2 2 2 3 2 2 3
 26 26 17 13 13 17 15 15 16 16 18 12 12 13 12 12 19 19 21 18 18 13 15 15 16 16 14 10 10 10 8 8 3 3 1 2 2 3 2 2 2 2 3 2 2 3
 21 21 19 13 13 16 12 12 9 9 10 9 9 8 19 19 25 25 28 26 26 24 21 21 20 20 18 14 14 8 6 6 3 3 1 3 3 4 2 2 3 3 3 2 2 1
 21 21 19 13 13 16 12 12 9 9 10 9 9 8 19 19 25 25 28 26 26 24 21 21 20 20 18 14 14 8 6 6 3 3 1 3 3 4 2 2 3 3 3 2 2 1
 18 18 17 10 10 11 5 5 4 4 3 4 4 4 16 16 23 23 19 25 25 24 36 36 32 32 16 9 9 7 5 5 5 5 3 4 4 4 3 3 4 4 4 3 3 1
 14 14 14 8 8 6 5 5 4 4 3 4 4 4 7 7 18 18 21 22 22 23 30 30 30 30 20 11 11 6 6 6 5 5 4 4 4 4 3 3 5 5 4 2 2 2
 14 14 14 8 8 6 5 5 4 4 3 4 4 4 7 7 18 18 21 22 22 23 30 30 30 30 20 11 11 6 6 6 5 5 4 4 4 4 3 3 5 5 4 2 2 2
 12 12 8 7 7 5 5 5 4 4 3 3 3 4 5 5 12 12 18 25 25 24 28 28 29 29 14 10 10 5 5 5 4 4 4 5 5 4 3 3 6 6 4 5 5 4
 11 11 7 6 6 4 6 6 6 6 3 4 4 5 9 9 10 10 15 23 23 28 17 17 20 20 16 16 16 10 8 8 9 9 7 6 6 4 6 6 6 6 9 4 4 3
 11 11 7 6 6 4 6 6 6 6 3 4 4 5 9 9 10 10 15 23 23 28 17 17 20 20 16 16 16 10 8 8 9 9 7 6 6 4 6 6 6 6 9 4 4 3
 10 10 8 6 6 4 7 7 5 5 5 5 5 4 7 7 11 11 15 21 21 19 12 12 15 15 12 15 15 10 11 11 11 11 9 7 7 5 7 7 9 9 13 11 11 5
 10 10 8 6 6 4 7 7 5 5 5 5 5 4 7 7 11 11 15 21 21 19 12 12 15 15 12 15 15 10 11 11 11 11 9 7 7 5 7 7 9 9 13 11 11 5
 7 7 5 6 6 6 6 6 5 5 5 4 4 4 5 5 9 9 10 17 17 14 10 10 11 11 19 17 17 13 12 12 12 12 9 8 8 12 12 12 13 13 13 11 11 4
 5 5 4 8 8 6 5 5 4 4 4 3 3 4 4 4 7 7 9 11 11 12 10 10 11 11 14 16 16 11 14 14 12 12 10 8 8 10 8 8 12 12 13 12 12 4
 5 5 4 8 8 6 5 5 4 4 4 3 3 4 4 4 7 7 9 11 11 12 10 10 11 11 14 16 16 11 14 14 12 12 10 8 8 10 8 8 12 12 13 12 12 4
 4 4 5 5 5 5 9 9 4 4 3 3 3 4 4 4 4 4 4 10 10 14 14 14 10 10 20 19 19 22 16 16 9 9 5 6 6 8 8 8 15 15 9 10 10 2
 4 4 4 5 5 6 10 10 10 10 5 3 3 3 4 4 4 4 7 10 10 11 18 18 12 12 9 20 20 24 12 12 8 8 6 6 6 5 6 6 8 8 6 9 9 4
 4 4 4 5 5 6 10 10 10 10 5 3 3 3 4 4 4 4 7 10 10 11 18 18 12 12 9 20 20 24 12 12 8 8 6 6 6 5 6 6 8 8 6 9 9 4
 4 4 4 6 6 7 11 11 10 10 5 6 6 6 7 7 5 5 7 12 12 14 13 13 11 11 15 9 9 10 10 10 9 9 8 7 7 6 6 6 7 7 7 6 6 2
 4 4 4 6 6 7 11 11 10 10 5 6 6 6 7 7 5 5 7 12 12 14 13 13 11 11 15 9 9 10 10 10 9 9 8 7 7 6 6 6 7 7 7 6 6 2
 4 4 5 5 5 5 6 6 7 7 9 7 7 10 8 8 8 8 12 14 14 16 11 11 11 11 11 13 13 14 10 10 12 12 12 11 11 8 5 5 7 7 5 5 5 4
 4 4 7 7 7 6 7 7 7 7 6 5 5 12 13 13 12 12 14 16 16 16 11 11 13 13 10 11 11 10 15 15 20 20 19 9 9 6 7 7 6 6 5 4 4 2
 4 4 7 7 7 6 7 7 7 7 6 5 5 12 13 13 12 12 14 16 16 16 11 11 13 13 10 11 11 10 15 15 20 20 19 9 9 6 7 7 6 6 5 4 4 2
 4 4 7 7 7 8 10 10 8 8 9 7 7 15 15 15 21 21 23 24 24 17 11 11 11 11 13 13 13 18 26 26 23 23 13 11 11 8 7 7 6 6 6 4 4 2
 6 6 8 9 9 11 15 15 16 16 18 15 15 23 18 18 22 22 24 25 25 18 11 11 13 13 15 16 16 25 27 27 26 26 18 15 15 9 9 9 8 8 5 4 4 1
 6 6 8 9 9 11 15 15 16 16 18 15 15 23 18 18 22 22 24 25 25 18 11 11 13 13 15 16 16 25 27 27 26 26 18 15 15 9 9 9 8 8 5 4 4 1
 7 7 9 10 10 12 16 16 17 17 18 20 20 27 25 25 29 29 30 19 19 20 14 14 15 15 19 29 29 27 28 28 28 28 26 23 23 19 13 13 12 12 6 4 4 2
 7 7 9 10 10 12 16 16 17 17 18 20 20 27 25 25 29 29 30 19 19 20 14 14 15 15 19 29 29 27 28 28 28 28 26 23 23 19 13 13 12 12 6 4 4 2
 9 9 8 10 10 14 20 20 21 21 17 28 28 30 28 28 26 26 27 23 23 23 16 16 16 16 18 22 22 29 34 34 32 32 32 24 24 20 12 12 11 11 7 6 6 4
 8 8 7 10 10 13 20 20 21 21 14 26 26 27 28 28 25 25 25 23 23 21 16 16 17 17 21 21 21 26 34 34 31 31 26 26 26 20 14 14 11 11 9 9 9 7
 8 8 7 10 10 13 20 20 21 21 14 26 26 27 28 28 25 25 25 23 23 21 16 16 17 17 21 21 21 26 34 34 31 31 26 26 26 20 14 14 11 11 9 9 9 7
 14 14 14 13 13 16 22 22 18 18 15 20 20 27 28 28 24 24 22 22 22 17 15 15 17 17 21 17 17 26 34 34 33 33 30 39 39 29 19 19 12 12 11 13 13 11
 16 16 14 12 12 14 18 18 16 16 13 18 18 23 24 24 20 20 22 21 21 18 16 16 18 18 22 26 26 25 30 30 40 40 37 36 36 36 31 31 20 20 16 16 16 16
 16 16 14 12 12 14 18 18 16 16 13 18 18 23 24 24 20 20 22 21 21 18 16 16 18 18 22 26 26 25 30 30 40 40 37 36 36 36 31 31 20 20 16 16 16 16
 14 14 11 8 8 11 12 12 13 13 12 17 17 19 19 19 21 21 22 23 23 18 18 18 17 17 42 40 40 32 40 40 31 31 46 44 44 36 29 29 22 22 21 16 16 17
 14 14 11 8 8 11 12 12 13 13 12 17 17 19 19 19 21 21 22 23 23 18 18 18 17 17 42 40 40 32 40 40 31 31 46 44 44 36 29 29 22 22 21 16 16 17
 10 10 9 6 6 8 12 12 12 12 14 17 17 19 19 19 21 21 19 22 22 25 19 19 32 32 46 51 51 30 44 44 42 42 46 45 45 37 30 30 26 26 26 20 20 17
 6 6 8 5 5 18 20 20 28 28 28 32 32 16 17 17 15 15 18 17 17 26 13 13 23 23 20 24 24 31 38 38 38 38 40 36 36 32 32 32 33 33 30 25 25 19
 6 6 8 5 5 18 20 20 28 28 28 32 32 16 17 17 15 15 18 17 17 26 13 13 23 23 20 24 24 31 38 38 38 38 40 36 36 32 32 32 33 33 30 25 25 19
 14 14 13 14 14 21 19 19 27 27 25 29 29 18 16 16 11 11 16 14 14 17 13 13 17 17 16 17 17 28 36 36 37 37 38 34 34 37 37 37 39 39 32 30 30 22
 37 37 29 19 19 21 17 17 19 19 18 16 16 17 14 14 9 9 15 13 13 20 24 24 16 16 15 14 14 23 30 30 40 40 39 35 35 44 42 42 43 43 37 34 34 31
 37 37 29 19 19 21 17 17 19 19 18 16 16 17 14 14 9 9 15 13 13 20 24 24 16 16 15 14 14 23 30 30 40 40 39 35 35 44 42 42 43 43 37 34 34 31
 38 38 31 19 19 20 16 16 12 12 12 12 12 12 12 12 10 10 10 14 14 20 28 28 16 16 14 14 14 18 25 25 39 39 35 40 40 43 53 53 42 42 39 28 28 27
 38 38 31 19 19 20 16 16 12 12 12 12 12 12 12 12 10 10 10 14 14 20 28 28 16 16 14 14 14 18 25 25 39 39 35 40 40 43 53 53 42 42 39 28 28 27
 23 23 16 13 13 13 7 7 10 10 10 12 12 11 11 11 10 10 13 15 15 18 26 26 13 13 13 14 14 17 23 23 31 31 36 45 45 45 45 45 33 33 33 28 28 23
 21 21 16 13 13 10 8 8 11 11 10 10 10 8 4 4 7 7 9 17 17 18 35 35 38 38 11 12 12 16 19 19 28 28 41 40 40 41 45 45 42 42 42 37 37 25
 21 21 16 13 13 10 8 8 11 11 10 10 10 8 4 4 7 7 9 17 17 18 35 35 38 38 11 12 12 16 19 19 28 28 41 40 40 41 45 45 42 42 42 37 37 25
 8 8 8 9 9 7 7 7 8 8 6 6 6 5 4 4 7 7 10 20 20 24 34 34 34 34 37 28 28 12 15 15 21 21 29 36 36 43 36 36 40 40 41 25 25 21
 10 10 6 7 7 7 11 11 10 10 7 8 8 7 7 7 12 12 15 25 25 21 32 32 39 39 32 22 22 13 14 14 13 13 18 25 25 22 36 36 22 22 25 21 21 15
