assets/RAT_results/precipitation/2019-06-11_IMERG.asc
ncols        46
nrows        77
xllcorner    74.800261325624
yllcorner    8.058333333333
cellsize     0.062500000000
NODATA_value -9999
 18 18 23 24 24 25 14 14 8 8 10 5 5 1 0 0 1 1 0 0 0 0 0 0 0 0 0 0 0 0 0 0 0 0 0 0 0 0 0 0 0 0 0 0 0 0
 18 18 20 21 21 16 8 8 11 11 8 6 6 3 1 1 1 1 1 0 0 0 0 0 0 0 0 0 0 0 0 0 0 0 0 0 0 0 0 0 0 0 0 0 0 0
 18 18 20 21 21 16 8 8 11 11 8 6 6 3 1 1 1 1 1 0 0 0 0 0 0 0 0 0 0 0 0 0 0 0 0 0 0 0 0 0 0 0 0 0 0 0
 14 14 7 9 9 9 9 9 8 8 14 12 12 5 3 3 4 4 1 0 0 0 0 0 0 0 0 0 0 0 0 0 0 0 0 0 0 0 0 0 0 0 0 0 0 0
 11 11 7 10 10 10 7 7 8 8 12 15 15 7 6 6 3 3 1 0 0 0 0 0 0 0 0 0 0 0 0 0 0 0 0 0 0 0 0 0 0 0 0 0 0 0
 11 11 7 10 10 10 7 7 8 8 12 15 15 7 6 6 3 3 1 0 0 0 0 0 0 0 0 0 0 0 0 0 0 0 0 0 0 0 0 0 0 0 0 0 0 0
 11 11 8 9 9 10 7 7 7 7 14 16 16 14 10 10 6 6 1 0 0 0 0 0 0 0 0 0 0 0 0 0 0 0 0 0 0 0 0 0 0 0 0 0 0 0
 11 11 8 9 9 10 7 7 7 7 14 16 16 14 10 10 6 6 1 0 0 0 0 0 0 0 0 0 0 0 0 0 0 0 0 0 0 0 0 0 0 0 0 0 0 0
 10 10 9 9 9 9 11 11 12 12 20 19 19 20 12 12 6 6 1 0 0 0 0 0 0 0 0 0 0 0 0 0 0 0 0 0 0 0 0 0 0 0 0 0 0 0
 24 24 12 9 9 13 14 14 21 21 23 19 19 22 15 15 13 13 3 0 0 0 0 0 0 0 0 1 1 0 0 0 0 0 0 0 0 0 0 0 0 0 0 0 0 0
 24 24 12 9 9 13 14 14 21 21 23 19 19 22 15 15 13 13 3 0 0 0 0 0 0 0 0 1 1 0 0 0 0 0 0 0 0 0 0 0 0 0 0 0 0 0
 12 12 22 10 10 15 17 17 21 21 19 30 30 30 21 21 14 14 4 1 1 0 0 0 1 1 1 0 0 0 0 0 0 0 0 0 0 0 0 0 0 0 0 0 0 0
 13 13 31 21 21 16 21 21 20 20 11 12 12 18 18 18 9 9 4 3 3 1 0 0 1 1 1 0 0 0 0 0 0 0 0 0 0 0 0 0 0 0 1 0 0 0
 13 13 31 21 21 16 21 21 20 20 11 12 12 18 18 18 9 9 4 3 3 1 0 0 1 1 1 0 0 0 0 0 0 0 0 0 0 0 0 0 0 0 1 0 0 0
 7 7 31 38 38 25 31 31 21 21 10 11 11 20 16 16 8 8 5 5 5 1 2 2 1 1 0 0 0 0 0 0 0 0 0 0 0 0 0 0 0 0 1 0 0 0
 7 7 31 38 38 25 31 31 21 21 10 11 11 20 16 16 8 8 5 5 5 1 2 2 1 1 0 0 0 0 0 0 0 0 0 0 0 0 0 0 0 0 1 0 0 0
 6 6 28 24 24 26 34 34 23 23 16 13 13 14 14 14 9 9 13 7 7 3 1 1 0 0 0 0 0 0 0 0 0 0 0 0 0 0 0 0 0 0 0 0 0 0
 7 7 7 20 20 17 23 23 17 17 13 14 14 13 14 14 9 9 7 3 3 3 0 0 0 0 0 0 0 0 0 0 0 0 1 0 0 0 0 0 0 0 0 0 0 0
 7 7 7 20 20 17 23 23 17 17 13 14 14 13 14 14 9 9 7 3 3 3 0 0 0 0 0 0 0 0 0 0 0 0 1 0 0 0 0 0 0 0 0 0 0 0
 4 4 7 14 14 15 22 22 18 18 26 29 29 10 7 7 8 8 8 10 10 11 5 5 1 1 1 3 3 0 0 0 0 0 0 0 0 0 0 0 0 0 0 0 0 0
 3 3 4 10 10 20 32 32 34 34 27 27 27 11 12 12 13 13 9 11 11 11 29 29 35 35 7 1 1 2 1 1 1 1 0 0 0 0 0 0 0 0 0 0 0 0
 3 3 4 10 10 20 32 32 34 34 27 27 27 11 12 12 13 13 9 11 11 11 29 29 35 35 7 1 1 2 1 1 1 1 0 0 0 0 0 0 0 0 0 0 0 0
 2 2 6 10 10 21 19 19 31 31 25 27 27 10 10 10 13 13 7 19 19 13 30 30 36 36 16 8 8 9 2 2 1 1 1 0 0 0 0 0 0 0 0 0 0 0
 2 2 6 10 10 21 19 19 31 31 25 27 27 10 10 10 13 13 7 19 19 13 30 30 36 36 16 8 8 9 2 2 1 1 1 0 0 0 0 0 0 0 0 0 0 0
 2 2 9 7 7 18 29 29 28 28 18 6 6 17 13 13 21 21 22 28 28 16 11 11 11 11 6 6 6 10 8 8 2 2 2 0 0 0 0 0 0 0 0 0 0 0
 3 3 8 17 17 16 8 8 3 3 3 3 3 12 16 16 59 59 26 8 8 15 29 29 10 10 2 8 8 9 6 6 4 4 1 1 1 0 0 0 0 0 0 0 0 0
 3 3 8 17 17 16 8 8 3 3 3 3 3 12 16 16 59 59 26 8 8 15 29 29 10 10 2 8 8 9 6 6 4 4 1 1 1 0 0 0 0 0 0 0 0 0
 5 5 5 4 4 4 11 11 4 4 5 5 5 10 10 10 9 9 10 6 6 28 28 28 25 25 7 12 12 5 3 3 2 2 1 0 0 0 1 1 0 0 0 0 0 0
 2 2 4 3 3 2 3 3 3 3 3 5 5 17 17 17 11 11 11 7 7 31 8 8 17 17 16 8 8 4 2 2 0 0 1 0 0 1 1 1 0 0 0 0 0 0
 2 2 4 3 3 2 3 3 3 3 3 5 5 17 17 17 11 11 11 7 7 31 8 8 17 17 16 8 8 4 2 2 0 0 1 0 0 1 1 1 0 0 0 0 0 0
 2 2 5 5 5 2 1 1 3 3 4 12 12 8 17 17 10 10 11 7 7 11 25 25 31 31 23 18 18 18 5 5 3 3 1 0 0 0 0 0 0 0 0 0 0 0
 2 2 5 5 5 2 1 1 3 3 4 12 12 8 17 17 10 10 11 7 7 11 25 25 31 31 23 18 18 18 5 5 3 3 1 0 0 0 0 0 0 0 0 0 0 0
 1 1 1 1 1 2 1 1 4 4 10 11 11 26 16 16 9 9 7 19 19 35 52 52 34 34 16 28 28 16 7 7 2 2 1 3 3 2 1 1 0 0 0 0 0 0
 2 2 4 4 4 8 4 4 4 4 7 9 9 37 35 35 26 26 13 17 17 29 36 36 38 38 28 26 26 10 4 4 1 1 1 2 2 4 4 4 0 0 0 0 0 1
 2 2 4 4 4 8 4 4 4 4 7 9 9 37 35 35 26 26 13 17 17 29 36 36 38 38 28 26 26 10 4 4 1 1 1 2 2 4 4 4 0 0 0 0 0 1
 1 1 4 4 4 6 14 14 39 39 11 12 12 26 29 29 25 25 23 33 33 52 35 35 42 42 33 21 21 8 3 3 1 1 0 2 2 0 0 0 0 0 0 3 3 0
 2 2 2 5 5 14 14 14 41 41 6 7 7 10 12 12 10 10 24 25 25 51 36 36 39 39 26 9 9 12 6 6 5 5 3 0 0 0 1 1 0 0 3 2 2 1
 2 2 2 5 5 14 14 14 41 41 6 7 7 10 12 12 10 10 24 25 25 51 36 36 39 39 26 9 9 12 6 6 5 5 3 0 0 0 1 1 0 0 3 2 2 1
 2 2 2 2 2 2 3 3 10 10 7 7 7 11 4 4 6 6 25 25 25 44 38 38 49 49 19 12 12 15 17 17 23 23 15 10 10 9 2 2 0 0 0 1 1 0
 2 2 2 2 2 2 3 3 10 10 7 7 7 11 4 4 6 6 25 25 25 44 38 38 49 49 19 12 12 15 17 17 23 23 15 10 10 9 2 2 0 0 0 1 1 0
 2 2 2 2 2 2 3 3 5 5 8 5 5 3 3 3 5 5 7 12 12 13 32 32 36 36 28 13 13 24 35 35 35 35 26 21 21 7 1 1 0 0 0 1 1 1
 3 3 2 2 2 2 2 2 4 4 8 12 12 4 2 2 2 2 6 9 9 9 17 17 27 27 28 40 40 25 36 36 18 18 12 7 7 7 1 1 0 0 0 0 0 0
 3 3 2 2 2 2 2 2 4 4 8 12 12 4 2 2 2 2 6 9 9 9 17 17 27 27 28 40 40 25 36 36 18 18 12 7 7 7 1 1 0 0 0 0 0 0
 5 5 2 1 1 2 2 2 2 2 6 11 11 4 1 1 2 2 6 14 14 20 29 29 38 38 24 24 24 28 27 27 17 17 3 5 5 5 1 1 2 2 1 0 0 0
 6 6 3 2 2 2 1 1 2 2 10 17 17 6 2 2 2 2 3 16 16 21 47 47 49 49 28 23 23 29 12 12 8 8 2 4 4 1 1 1 1 1 0 0 0 0
 6 6 3 2 2 2 1 1 2 2 10 17 17 6 2 2 2 2 3 16 16 21 47 47 49 49 28 23 23 29 12 12 8 8 2 4 4 1 1 1 1 1 0 0 0 0
 4 4 5 6 6 5 4 4 3 3 17 34 34 6 4 4 4 4 5 13 13 16 42 42 42 42 28 21 21 9 6 6 8 8 4 1 1 3 1 1 1 1 0 0 0 0
 4 4 5 6 6 5 4 4 3 3 17 34 34 6 4 4 4 4 5 13 13 16 42 42 42 42 28 21 21 9 6 6 8 8 4 1 1 3 1 1 1 1 0 0 0 0
 4 4 5 15 15 17 7 7 8 8 32 48 48 9 11 11 13 13 7 7 7 10 18 18 28 28 33 31 31 27 11 11 11 11 7 3 3 1 1 1 0 0 1 0 0 0
 4 4 5 18 18 17 8 8 19 19 41 77 77 35 43 43 31 31 15 12 12 16 19 19 28 28 35 36 36 34 18 18 9 9 7 2 2 2 1 1 0 0 1 0 0 0
 4 4 5 18 18 17 8 8 19 19 41 77 77 35 43 43 31 31 15 12 12 16 19 19 28 28 35 36 36 34 18 18 9 9 7 2 2 2 1 1 0 0 1 0 0 0
 4 4 14 13 13 9 7 7 12 12 34 59 59 77 33 33 24 24 34 27 27 10 16 16 30 30 46 47 47 40 20 20 8 8 7 1 1 2 1 1 0 0 0 0 0 0
 14 14 20 7 7 6 4 4 4 4 15 41 41 36 23 23 13 13 26 27 27 14 14 14 20 20 42 46 46 36 20 20 8 8 3 3 3 1 2 2 0 0 0 0 0 0
 14 14 20 7 7 6 4 4 4 4 15 41 41 36 23 23 13 13 26 27 27 14 14 14 20 20 42 46 46 36 20 20 8 8 3 3 3 1 2 2 0 0 0 0 0 0
 16 16 17 8 8 4 3 3 3 3 26 77 77 17 4 4 5 5 14 15 15 19 23 23 27 27 42 34 34 20 17 17 13 13 3 1 1 1 0 0 1 1 1 0 0 0
 16 16 17 8 8 4 3 3 3 3 26 77 77 17 4 4 5 5 14 15 15 19 23 23 27 27 42 34 34 20 17 17 13 13 3 1 1 1 0 0 1 1 1 0 0 0
 14 14 14 6 6 3 2 2 8 8 26 46 46 29 5 5 4 4 7 6 6 10 13 13 29 29 43 31 31 27 28 28 15 15 4 1 1 1 0 0 1 1 0 0 0 0
 10 10 5 4 4 2 4 4 15 15 24 78 78 33 3 3 5 5 4 6 6 9 18 18 24 24 31 39 39 31 19 19 10 10 6 1 1 5 1 1 0 0 0 0 0 0
 10 10 5 4 4 2 4 4 15 15 24 78 78 33 3 3 5 5 4 6 6 9 18 18 24 24 31 39 39 31 19 19 10 10 6 1 1 5 1 1 0 0 0 0 0 0
 3 3 3 3 3 3 4 4 15 15 37 59 59 3 3 3 4 4 3 5 5 9 22 22 21 21 35 31 31 32 17 17 12 12 7 4 4 4 3 3 2 2 0 0 0 0
 4 4 3 4 4 3 7 7 20 20 25 7 7 3 3 3 4 4 3 4 4 7 23 23 31 31 34 32 32 35 20 20 14 14 6 2 2 2 1 1 1 1 0 1 1 0
 4 4 3 4 4 3 7 7 20 20 25 7 7 3 3 3 4 4 3 4 4 7 23 23 31 31 34 32 32 35 20 20 14 14 6 2 2 2 1 1 1 1 0 1 1 0
 4 4 6 9 9 5 14 14 13 13 7 3 3 4 5 5 4 4 8 6 6 7 26 26 68 68 32 18 18 22 16 16 8 8 9 6 6 4 3 3 1 1 1 2 2 1
 4 4 6 9 9 5 14 14 13 13 7 3 3 4 5 5 4 4 8 6 6 7 26 26 68 68 32 18 18 22 16 16 8 8 9 6 6 4 3 3 1 1 1 2 2 1
 17 17 17 22 22 18 10 10 3 3 3 2 2 4 4 4 4 4 6 4 4 6 19 19 52 52 18 23 23 24 16 16 8 8 6 11 11 7 4 4 4 4 1 0 0 1
 24 24 24 29 29 11 5 5 3 3 3 3 3 4 6 6 7 7 8 11 11 14 18 18 26 26 17 24 24 22 25 25 18 18 10 8 8 9 4 4 3 3 2 2 2 1
 24 24 24 29 29 11 5 5 3 3 3 3 3 4 6 6 7 7 8 11 11 14 18 18 26 26 17 24 24 22 25 25 18 18 10 8 8 9 4 4 3 3 2 2 2 1
 20 20 25 8 8 7 5 5 5 5 5 5 5 6 7 7 9 9 13 16 16 19 19 19 23 23 29 39 39 34 25 25 22 22 14 10 10 10 3 3 7 7 2 3 3 3
 20 20 9 6 6 6 7 7 7 7 5 4 4 4 6 6 8 8 11 13 13 15 16 16 18 18 21 34 34 30 23 23 22 22 20 16 16 10 9 9 12 12 6 9 9 5
 20 20 9 6 6 6 7 7 7 7 5 4 4 4 6 6 8 8 11 13 13 15 16 16 18 18 21 34 34 30 23 23 22 22 20 16 16 10 9 9 12 12 6 9 9 5
 6 6 4 5 5 5 8 8 9 9 6 5 5 6 6 6 8 8 11 12 12 13 13 13 14 14 16 18 18 13 12 12 10 10 16 11 11 11 10 10 15 15 12 10 10 10
 6 6 4 5 5 5 8 8 9 9 6 5 5 6 6 6 8 8 11 12 12 13 13 13 14 14 16 18 18 13 12 12 10 10 16 11 11 11 10 10 15 15 12 10 10 10
 5 5 5 5 5 5 7 7 8 8 10 10 10 10 11 11 12 12 13 12 12 10 10 10 9 9 10 12 12 12 6 6 9 9 14 12 12 15 12 12 10 10 9 19 19 16
 5 5 5 7 7 7 6 6 7 7 12 14 14 12 13 13 14 14 15 14 14 13 14 14 11 11 13 13 13 13 11 11 13 13 30 30 30 21 21 21 12 12 13 19 19 22
 5 5 5 7 7 7 6 6 7 7 12 14 14 12 13 13 14 14 15 14 14 13 14 14 11 11 13 13 13 13 11 11 13 13 30 30 30 21 21 21 12 12 13 19 19 22
 5 5 6 7 7 7 7 7 7 7 8 11 11 12 14 14 16 16 16 16 16 16 16 16 13 13 14 14 14 11 10 10 15 15 30 32 32 19 23 23 17 17 20 24 24 22
 6 6 6 7 7 7 7 7 8 8 9 12 12 13 14 14 16 16 16 17 17 15 14 14 12 12 13 14 14 13 6 6 20 20 24 21 21 17 20 20 18 18 20 26 26 19
