assets/RAT_results/precipitation/2019-07-10_IMERG.asc
ncols        46
nrows        77
xllcorner    74.800261325624
yllcorner    8.058333333333
cellsize     0.062500000000
NODATA_value -9999
 85 85 74 75 75 46 37 37 32 32 29 37 37 23 22 22 15 15 16 12 12 7 3 3 1 1 1 0 0 0 0 0 1 1 0 1 1 0 0 0 0 0 0 0 0 0
 77 77 78 69 69 65 61 61 46 46 33 27 27 25 22 22 17 17 15 10 10 4 1 1 1 1 0 2 2 0 0 0 0 0 0 1 1 0 2 2 1 1 0 0 0 0
 77 77 78 69 69 65 61 61 46 46 33 27 27 25 22 22 17 17 15 10 10 4 1 1 1 1 0 2 2 0 0 0 0 0 0 1 1 0 2 2 1 1 0 0 0 0
 67 67 67 64 64 61 54 54 42 42 48 26 26 20 17 17 19 19 12 7 7 2 1 1 0 0 0 1 1 0 0 0 1 1 2 1 1 2 2 2 2 2 2 0 0 0
 76 76 90 48 48 46 38 38 39 39 37 23 23 17 13 13 16 16 13 4 4 1 1 1 1 1 0 2 2 1 1 1 0 0 2 1 1 2 3 3 2 2 1 1 1 0
 76 76 90 48 48 46 38 38 39 39 37 23 23 17 13 13 16 16 13 4 4 1 1 1 1 1 0 2 2 1 1 1 0 0 2 1 1 2 3 3 2 2 1 1 1 0
 139 139 75 46 46 35 29 29 28 28 21 16 16 10 9 9 11 11 7 5 5 4 3 3 1 1 3 2 2 1 0 0 0 0 1 1 1 1 1 1 0 0 1 0 0 0
 139 139 75 46 46 35 29 29 28 28 21 16 16 10 9 9 11 11 7 5 5 4 3 3 1 1 3 2 2 1 0 0 0 0 1 1 1 1 1 1 0 0 1 0 0 0
 53 53 60 32 32 32 23 23 23 23 16 17 17 12 9 9 9 9 8 9 9 9 6 6 2 2 5 3 3 2 1 1 0 0 0 0 0 2 1 1 1 1 0 0 0 0
 194 194 61 43 43 30 20 20 22 22 16 13 13 15 12 12 9 9 11 9 9 8 4 4 3 3 4 3 3 2 2 2 1 1 2 2 2 2 2 2 1 1 1 0 0 1
 194 194 61 43 43 30 20 20 22 22 16 13 13 15 12 12 9 9 11 9 9 8 4 4 3 3 4 3 3 2 2 2 1 1 2 2 2 2 2 2 1 1 1 0 0 1
 204 204 75 65 65 26 21 21 18 18 14 12 12 8 6 6 9 9 8 7 7 4 1 1 2 2 1 4 4 3 3 3 2 2 3 2 2 2 3 3 2 2 2 1 1 1
 87 87 77 57 57 24 21 21 21 21 26 12 12 6 5 5 9 9 9 9 9 4 2 2 2 2 2 4 4 2 2 2 3 3 3 6 6 5 4 4 5 5 3 2 2 2
 87 87 77 57 57 24 21 21 21 21 26 12 12 6 5 5 9 9 9 9 9 4 2 2 2 2 2 4 4 2 2 2 3 3 3 6 6 5 4 4 5 5 3 2 2 2
 64 64 66 45 45 17 22 22 22 22 13 11 11 10 10 10 11 11 12 10 10 9 4 4 4 4 2 7 7 5 6 6 6 6 6 4 4 3 4 4 6 6 5 1 1 1
 64 64 66 45 45 17 22 22 22 22 13 11 11 10 10 10 11 11 12 10 10 9 4 4 4 4 2 7 7 5 6 6 6 6 6 4 4 3 4 4 6 6 5 1 1 1
 41 41 47 34 34 15 17 17 20 20 16 17 17 11 13 13 13 13 13 10 10 7 3 3 3 3 3 6 6 0 1 1 1 1 1 0 0 0 2 2 3 3 1 2 2 2
 33 33 36 20 20 17 17 17 19 19 21 20 20 17 14 14 14 14 13 13 13 8 3 3 3 3 1 0 0 0 0 0 1 1 0 0 0 0 1 1 2 2 1 1 1 6
 33 33 36 20 20 17 17 17 19 19 21 20 20 17 14 14 14 14 13 13 13 8 3 3 3 3 1 0 0 0 0 0 1 1 0 0 0 0 1 1 2 2 1 1 1 6
 26 26 22 19 19 17 16 16 17 17 16 16 16 18 16 16 14 14 18 12 12 9 2 2 1 1 0 0 0 0 0 0 0 0 0 0 0 0 0 0 1 1 0 1 1 3
 35 35 29 22 22 16 14 14 12 12 14 15 15 16 10 10 10 10 12 15 15 14 14 14 2 2 1 0 0 0 0 0 0 0 0 0 0 0 0 0 1 1 0 1 1 1
 35 35 29 22 22 16 14 14 12 12 14 15 15 16 10 10 10 10 12 15 15 14 14 14 2 2 1 0 0 0 0 0 0 0 0 0 0 0 0 0 1 1 0 1 1 1
 39 39 30 23 23 21 14 14 13 13 12 15 15 19 13 13 13 13 10 14 14 16 11 11 7 7 4 5 5 5 3 3 2 2 1 0 0 0 0 0 0 0 1 1 1 1
 39 39 30 23 23 21 14 14 13 13 12 15 15 19 13 13 13 13 10 14 14 16 11 11 7 7 4 5 5 5 3 3 2 2 1 0 0 0 0 0 0 0 1 1 1 1
 38 38 36 28 28 25 20 20 22 22 20 18 18 23 23 23 24 24 20 22 22 19 14 14 4 4 7 6 6 6 4 4 1 1 1 0 0 0 0 0 0 0 1 0 0 0
 38 38 42 32 32 32 22 22 19 19 16 16 16 16 25 25 29 29 27 26 26 22 12 12 12 12 13 8 8 8 2 2 1 1 0 0 0 0 0 0 2 2 2 0 0 0
 38 38 42 32 32 32 22 22 19 19 16 16 16 16 25 25 29 29 27 26 26 22 12 12 12 12 13 8 8 8 2 2 1 1 0 0 0 0 0 0 2 2 2 0 0 0
 41 41 43 42 42 34 34 34 15 15 10 10 10 18 22 22 35 35 35 24 24 20 14 14 16 16 15 10 10 6 1 1 1 1 0 0 0 0 0 0 0 0 0 0 0 0
 49 49 39 43 43 36 36 36 14 14 12 16 16 23 18 18 21 21 26 29 29 24 21 21 15 15 15 7 7 8 3 3 1 1 1 0 0 0 0 0 0 0 0 0 0 0
 49 49 39 43 43 36 36 36 14 14 12 16 16 23 18 18 21 21 26 29 29 24 21 21 15 15 15 7 7 8 3 3 1 1 1 0 0 0 0 0 0 0 0 0 0 0
 51 51 43 48 48 41 40 40 26 26 25 35 35 28 23 23 40 40 41 34 34 31 19 19 8 8 4 3 3 3 2 2 1 1 0 0 0 0 0 0 0 0 0 0 0 0
 51 51 43 48 48 41 40 40 26 26 25 35 35 28 23 23 40 40 41 34 34 31 19 19 8 8 4 3 3 3 2 2 1 1 0 0 0 0 0 0 0 0 0 0 0 0
 50 50 47 53 53 43 38 38 40 40 24 22 22 24 21 21 21 21 36 31 31 31 20 20 5 5 4 4 4 3 3 3 3 3 0 0 0 0 0 0 1 1 1 0 0 0
 45 45 42 50 50 44 35 35 36 36 22 13 13 17 15 15 15 15 16 12 12 12 10 10 5 5 1 1 1 4 2 2 3 3 1 1 1 1 1 1 1 1 1 1 1 1
 45 45 42 50 50 44 35 35 36 36 22 13 13 17 15 15 15 15 16 12 12 12 10 10 5 5 1 1 1 4 2 2 3 3 1 1 1 1 1 1 1 1 1 1 1 1
 58 58 37 33 33 40 32 32 34 34 17 10 10 10 8 8 8 8 12 11 11 11 9 9 6 6 4 3 3 3 3 3 3 3 2 4 4 3 3 3 3 3 3 3 3 2
 35 35 33 32 32 37 28 28 29 29 14 10 10 9 4 4 5 5 6 9 9 8 4 4 0 0 5 5 5 4 4 4 4 4 4 6 6 6 4 4 4 4 4 3 3 3
 35 35 33 32 32 37 28 28 29 29 14 10 10 9 4 4 5 5 6 9 9 8 4 4 0 0 5 5 5 4 4 4 4 4 4 6 6 6 4 4 4 4 4 3 3 3
 28 28 30 58 58 56 53 53 38 38 22 19 19 7 7 7 5 5 3 5 5 7 7 7 3 3 5 8 8 10 6 6 4 4 4 9 9 6 3 3 4 4 3 3 3 3
 28 28 30 58 58 56 53 53 38 38 22 19 19 7 7 7 5 5 3 5 5 7 7 7 3 3 5 8 8 10 6 6 4 4 4 9 9 6 3 3 4 4 3 3 3 3
 46 46 52 58 58 57 51 51 31 31 28 22 22 12 9 9 7 7 6 4 4 7 6 6 6 6 7 4 4 8 3 3 1 1 3 4 4 4 3 3 2 2 2 2 2 3
 46 46 53 37 37 42 33 33 46 46 35 23 23 13 10 10 7 7 7 7 7 7 4 4 6 6 5 2 2 4 2 2 2 2 2 3 3 2 1 1 0 0 1 3 3 4
 46 46 53 37 37 42 33 33 46 46 35 23 23 13 10 10 7 7 7 7 7 7 4 4 6 6 5 2 2 4 2 2 2 2 2 3 3 2 1 1 0 0 1 3 3 4
 49 49 53 44 44 68 54 54 44 44 34 36 36 15 9 9 8 8 8 6 6 7 4 4 9 9 7 1 1 1 4 4 5 5 1 0 0 4 2 2 2 2 3 3 3 1
 30 30 54 58 58 64 31 31 26 26 25 22 22 16 15 15 6 6 6 2 2 2 5 5 3 3 2 0 0 0 4 4 5 5 0 2 2 1 1 1 0 0 0 0 0 0
 30 30 54 58 58 64 31 31 26 26 25 22 22 16 15 15 6 6 6 2 2 2 5 5 3 3 2 0 0 0 4 4 5 5 0 2 2 1 1 1 0 0 0 0 0 0
 20 20 33 45 45 35 23 23 18 18 20 29 29 23 17 17 10 10 9 8 8 8 2 2 5 5 2 0 0 0 4 4 4 4 1 1 1 1 1 1 0 0 0 0 0 0
 20 20 33 45 45 35 23 23 18 18 20 29 29 23 17 17 10 10 9 8 8 8 2 2 5 5 2 0 0 0 4 4 4 4 1 1 1 1 1 1 0 0 0 0 0 0
 13 13 17 18 18 26 20 20 13 13 33 31 31 34 23 23 19 19 13 13 13 14 10 10 9 9 5 3 3 0 0 0 0 0 0 0 0 0 0 0 0 0 0 0 0 0
 9 9 10 17 17 10 17 17 10 10 23 22 22 25 28 28 12 12 7 13 13 17 27 27 27 27 10 1 1 0 0 0 0 0 0 0 0 0 0 0 0 0 0 0 0 0
 9 9 10 17 17 10 17 17 10 10 23 22 22 25 28 28 12 12 7 13 13 17 27 27 27 27 10 1 1 0 0 0 0 0 0 0 0 0 0 0 0 0 0 0 0 0
 7 7 7 11 11 12 16 16 11 11 9 27 27 23 24 24 12 12 9 13 13 21 27 27 27 27 10 3 3 0 0 0 0 0 1 1 1 0 0 0 0 0 0 0 0 0
 4 4 5 5 5 9 16 16 20 20 4 2 2 1 1 1 11 11 10 14 14 22 16 16 21 21 21 2 2 1 0 0 0 0 0 0 0 0 0 0 2 2 0 0 0 0
 4 4 5 5 5 9 16 16 20 20 4 2 2 1 1 1 11 11 10 14 14 22 16 16 21 21 21 2 2 1 0 0 0 0 0 0 0 0 0 0 2 2 0 0 0 0
 3 3 5 3 3 6 17 17 16 16 13 6 6 2 0 0 4 4 4 5 5 18 18 18 21 21 21 2 2 0 0 0 0 0 0 0 0 1 2 2 2 2 1 0 0 0
 3 3 5 3 3 6 17 17 16 16 13 6 6 2 0 0 4 4 4 5 5 18 18 18 21 21 21 2 2 0 0 0 0 0 0 0 0 1 2 2 2 2 1 0 0 0
 3 3 3 3 3 3 6 6 8 8 10 8 8 6 11 11 6 6 4 7 7 7 4 4 5 5 6 3 3 2 1 1 0 0 0 0 0 0 1 1 2 2 0 1 1 1
 4 4 3 2 2 2 2 2 3 3 2 5 5 13 17 17 17 17 9 9 9 11 6 6 4 4 7 6 6 4 2 2 0 0 0 0 0 1 2 2 1 1 1 1 1 1
 4 4 3 2 2 2 2 2 3 3 2 5 5 13 17 17 17 17 9 9 9 11 6 6 4 4 7 6 6 4 2 2 0 0 0 0 0 1 2 2 1 1 1 1 1 1
 4 4 3 3 3 3 3 3 3 3 2 2 2 10 20 20 16 16 17 11 11 15 13 13 5 5 6 6 6 3 1 1 0 0 0 1 1 1 1 1 1 1 1 1 1 1
 6 6 5 4 4 5 5 5 3 3 2 1 1 1 13 13 16 16 12 11 11 10 12 12 6 6 2 4 4 2 0 0 0 0 0 1 1 1 1 1 1 1 1 1 1 1
 6 6 5 4 4 5 5 5 3 3 2 1 1 1 13 13 16 16 12 11 11 10 12 12 6 6 2 4 4 2 0 0 0 0 0 1 1 1 1 1 1 1 1 1 1 1
 9 9 7 6 6 6 5 5 5 5 3 2 2 11 13 13 19 19 11 8 8 7 9 9 9 9 1 5 5 3 2 2 0 0 1 1 1 1 1 1 1 1 1 1 1 1
 9 9 7 6 6 6 5 5 5 5 3 2 2 11 13 13 19 19 11 8 8 7 9 9 9 9 1 5 5 3 2 2 0 0 1 1 1 1 1 1 1 1 1 1 1 1
 6 6 6 6 6 7 5 5 4 4 4 3 3 2 14 14 17 17 21 13 13 10 11 11 17 17 6 3 3 2 4 4 3 3 1 1 1 1 1 1 1 1 1 1 1 1
 4 4 4 5 5 7 7 7 4 4 3 2 2 11 17 17 19 19 26 18 18 18 18 18 19 19 18 9 9 3 5 5 4 4 1 1 1 1 1 1 1 1 2 2 2 3
 4 4 4 5 5 7 7 7 4 4 3 2 2 11 17 17 19 19 26 18 18 18 18 18 19 19 18 9 9 3 5 5 4 4 1 1 1 1 1 1 1 1 2 2 2 3
 3 3 3 5 5 5 4 4 3 3 3 2 2 17 25 25 25 25 36 37 37 31 24 24 18 18 17 13 13 7 6 6 6 6 4 2 2 1 1 1 2 2 3 4 4 4
 3 3 4 5 5 8 6 6 3 3 3 2 2 18 22 22 33 33 44 45 45 23 18 18 15 15 11 10 10 11 7 7 14 14 14 2 2 2 3 3 5 5 5 4 4 3
 3 3 4 5 5 8 6 6 3 3 3 2 2 18 22 22 33 33 44 45 45 23 18 18 15 15 11 10 10 11 7 7 14 14 14 2 2 2 3 3 5 5 5 4 4 3
 7 7 7 6 6 13 20 20 9 9 6 5 5 23 37 37 59 59 80 50 50 43 12 12 9 9 5 6 6 6 8 8 9 9 12 18 18 9 11 11 5 5 6 5 5 1
 7 7 7 6 6 13 20 20 9 9 6 5 5 23 37 37 59 59 80 50 50 43 12 12 9 9 5 6 6 6 8 8 9 9 12 18 18 9 11 11 5 5 6 5 5 1
 14 14 11 12 12 9 13 13 12 12 11 10 10 16 17 17 41 41 39 21 21 35 25 25 8 8 8 11 11 11 12 12 5 5 2 4 4 4 4 4 6 6 7 5 5 0
 11 11 17 15 15 12 8 8 9 9 9 9 9 8 10 10 15 15 19 14 14 12 21 21 18 18 12 15 15 25 22 22 16 16 2 2 2 4 2 2 4 4 4 3 3 0
 11 11 17 15 15 12 8 8 9 9 9 9 9 8 10 10 15 15 19 14 14 12 21 21 18 18 12 15 15 25 22 22 16 16 2 2 2 4 2 2 4 4 4 3 3 0
 10 10 9 13 13 12 6 6 6 6 6 10 10 14 11 11 12 12 12 13 13 11 9 9 10 10 15 18 18 34 37 37 25 25 11 2 2 2 3 3 2 2 3 3 3 1
 3 3 6 6 6 3 6 6 7 7 11 11 11 14 18 18 21 21 20 15 15 13 14 14 9 9 7 15 15 21 25 25 40 40 25 11 11 2 2 2 5 5 5 2 2 1
