assets/RAT_results/precipitation/2019-10-10_IMERG.asc
ncols        46
nrows        77
xllcorner    74.800261325624
yllcorner    8.058333333333
cellsize     0.062500000000
NODATA_value -9999
 3 3 3 2 2 3 9 9 8 8 12 21 21 10 0 0 0 0 1 2 2 2 3 3 5 5 13 63 63 7 11 11 0 0 0 0 0 0 2 2 1 1 0 0 0 1
 2 2 2 1 1 2 3 3 3 3 11 17 17 7 0 0 0 0 2 2 2 3 9 9 9 9 19 0 0 2 0 0 0 0 0 0 0 0 0 0 0 0 0 0 0 2
 2 2 2 1 1 2 3 3 3 3 11 17 17 7 0 0 0 0 2 2 2 3 9 9 9 9 19 0 0 2 0 0 0 0 0 0 0 0 0 0 0 0 0 0 0 2
 1 1 1 2 2 1 2 2 1 1 4 13 13 3 1 1 1 1 2 4 4 15 9 9 11 11 0 0 0 0 0 0 0 0 0 0 0 0 0 0 0 0 0 0 0 0
 0 0 3 3 3 2 2 2 1 1 1 3 3 2 2 2 1 1 2 4 4 9 14 14 3 3 0 0 0 0 0 0 0 0 0 0 0 0 0 0 0 0 0 0 0 13
 0 0 3 3 3 2 2 2 1 1 1 3 3 2 2 2 1 1 2 4 4 9 14 14 3 3 0 0 0 0 0 0 0 0 0 0 0 0 0 0 0 0 0 0 0 13
 15 15 1 3 3 3 3 3 2 2 1 2 2 4 3 3 1 1 2 4 4 9 3 3 0 0 0 2 2 1 0 0 0 0 0 0 0 0 0 0 0 0 0 0 0 3
 15 15 1 3 3 3 3 3 2 2 1 2 2 4 3 3 1 1 2 4 4 9 3 3 0 0 0 2 2 1 0 0 0 0 0 0 0 0 0 0 0 0 0 0 0 3
 0 0 1 3 3 3 3 3 2 2 5 4 4 6 4 4 1 1 2 1 1 6 1 1 1 1 0 9 9 9 0 0 0 0 0 0 0 0 0 0 0 0 0 0 0 0
 0 0 1 1 1 1 2 2 1 1 4 3 3 1 1 1 4 4 1 1 1 2 2 2 1 1 0 6 6 7 0 0 0 0 0 0 0 0 0 0 0 0 0 0 0 0
 0 0 1 1 1 1 2 2 1 1 4 3 3 1 1 1 4 4 1 1 1 2 2 2 1 1 0 6 6 7 0 0 0 0 0 0 0 0 0 0 0 0 0 0 0 0
 0 0 0 0 0 1 2 2 0 0 3 2 2 1 1 1 0 0 1 0 0 1 2 2 3 3 1 6 6 2 2 2 1 1 0 1 1 0 0 0 0 0 0 0 0 0
 0 0 1 1 1 0 1 1 0 0 1 1 1 1 0 0 2 2 1 1 1 2 0 0 0 0 2 2 2 2 1 1 0 0 1 2 2 0 0 0 0 0 0 0 0 0
 0 0 1 1 1 0 1 1 0 0 1 1 1 1 0 0 2 2 1 1 1 2 0 0 0 0 2 2 2 2 1 1 0 0 1 2 2 0 0 0 0 0 0 0 0 0
 1 1 2 3 3 1 1 1 1 1 0 0 0 1 0 0 2 2 3 6 6 7 1 1 0 0 1 1 1 1 0 0 0 0 1 1 1 0 0 0 0 0 0 0 0 0
 1 1 2 3 3 1 1 1 1 1 0 0 0 1 0 0 2 2 3 6 6 7 1 1 0 0 1 1 1 1 0 0 0 0 1 1 1 0 0 0 0 0 0 0 0 0
 3 3 2 1 1 2 1 1 1 1 1 0 0 1 1 1 1 1 3 9 9 13 3 3 3 3 3 1 1 1 0 0 0 0 0 0 0 0 0 0 0 0 0 0 0 0
 5 5 5 8 8 11 3 3 0 0 1 1 1 1 1 1 0 0 2 4 4 14 7 7 13 13 11 3 3 1 0 0 1 1 0 0 0 0 0 0 0 0 0 0 0 0
 5 5 5 8 8 11 3 3 0 0 1 1 1 1 1 1 0 0 2 4 4 14 7 7 13 13 11 3 3 1 0 0 1 1 0 0 0 0 0 0 0 0 0 0 0 0
 8 8 7 8 8 4 1 1 0 0 1 1 1 1 1 1 2 2 1 2 2 8 10 10 11 11 11 3 3 0 0 0 1 1 5 0 0 0 0 0 0 0 0 0 0 0
 8 8 3 1 1 2 1 1 0 0 0 1 1 2 1 1 1 1 5 2 2 2 3 3 1 1 5 0 0 0 0 0 1 1 0 0 0 0 0 0 0 0 0 0 0 0
 8 8 3 1 1 2 1 1 0 0 0 1 1 2 1 1 1 1 5 2 2 2 3 3 1 1 5 0 0 0 0 0 1 1 0 0 0 0 0 0 0 0 0 0 0 0
 3 3 3 2 2 1 1 1 1 1 1 1 1 2 1 1 0 0 4 6 6 4 1 1 1 1 0 0 0 1 1 1 1 1 0 0 0 0 1 1 0 0 0 0 0 0
 3 3 3 2 2 1 1 1 1 1 1 1 1 2 1 1 0 0 4 6 6 4 1 1 1 1 0 0 0 1 1 1 1 1 0 0 0 0 1 1 0 0 0 0 0 0
 2 2 3 2 2 4 8 8 5 5 2 2 2 2 1 1 1 1 1 8 8 8 4 4 0 0 0 0 0 1 1 1 1 1 0 0 0 0 0 0 0 0 0 0 0 0
 2 2 3 4 4 5 6 6 3 3 2 2 2 1 1 1 1 1 2 8 8 13 9 9 3 3 3 2 2 2 2 2 1 1 0 0 0 0 0 0 0 0 0 0 0 0
 2 2 3 4 4 5 6 6 3 3 2 2 2 1 1 1 1 1 2 8 8 13 9 9 3 3 3 2 2 2 2 2 1 1 0 0 0 0 0 0 0 0 0 0 0 0
 0 0 2 4 4 7 10 10 5 5 1 0 0 2 0 0 1 1 2 7 7 20 19 19 21 21 14 5 5 2 2 2 1 1 0 0 0 0 0 0 0 0 0 0 0 0
 0 0 1 2 2 5 13 13 11 11 3 7 7 17 7 7 2 2 1 6 6 19 54 54 25 25 18 16 16 4 4 4 3 3 1 0 0 0 0 0 0 0 0 0 0 0
 0 0 1 2 2 5 13 13 11 11 3 7 7 17 7 7 2 2 1 6 6 19 54 54 25 25 18 16 16 4 4 4 3 3 1 0 0 0 0 0 0 0 0 0 0 0
 0 0 0 1 1 1 4 4 4 4 3 8 8 18 8 8 2 2 2 2 2 2 9 9 22 22 19 15 15 14 10 10 9 9 1 0 0 0 0 0 0 0 0 0 0 0
 0 0 0 1 1 1 4 4 4 4 3 8 8 18 8 8 2 2 2 2 2 2 9 9 22 22 19 15 15 14 10 10 9 9 1 0 0 0 0 0 0 0 0 0 0 0
 1 1 0 1 1 1 1 1 1 1 3 4 4 3 2 2 3 3 3 2 2 4 4 4 7 7 6 15 15 27 53 53 4 4 0 0 0 0 0 0 0 0 0 0 0 0
 1 1 1 0 0 1 1 1 2 2 3 3 3 2 2 2 12 12 17 12 12 7 5 5 2 2 1 16 16 22 16 16 4 4 0 0 0 0 0 0 0 0 0 0 0 0
 1 1 1 0 0 1 1 1 2 2 3 3 3 2 2 2 12 12 17 12 12 7 5 5 2 2 1 16 16 22 16 16 4 4 0 0 0 0 0 0 0 0 0 0 0 0
 0 0 1 0 0 1 4 4 5 5 3 3 3 2 3 3 13 13 26 23 23 22 9 9 2 2 4 8 8 20 3 3 3 3 2 1 1 0 0 0 0 0 0 0 0 0
 1 1 2 1 1 1 4 4 7 7 8 4 4 3 3 3 2 2 22 24 24 24 28 28 6 6 5 9 9 4 2 2 0 0 0 1 1 0 0 0 0 0 0 0 0 0
 1 1 2 1 1 1 4 4 7 7 8 4 4 3 3 3 2 2 22 24 24 24 28 28 6 6 5 9 9 4 2 2 0 0 0 1 1 0 0 0 0 0 0 0 0 0
 2 2 3 1 1 1 3 3 8 8 9 6 6 4 3 3 19 19 53 138 138 148 36 36 19 19 8 13 13 8 6 6 3 3 1 0 0 0 0 0 0 0 0 0 0 0
 2 2 3 1 1 1 3 3 8 8 9 6 6 4 3 3 19 19 53 138 138 148 36 36 19 19 8 13 13 8 6 6 3 3 1 0 0 0 0 0 0 0 0 0 0 0
 1 1 1 1 1 1 4 4 8 8 6 6 6 7 4 4 19 19 52 42 42 150 52 52 61 61 19 23 23 19 14 14 12 12 7 1 1 2 1 1 0 0 0 0 0 0
 0 0 1 1 1 1 5 5 4 4 4 8 8 22 11 11 7 7 36 50 50 154 68 68 49 49 53 41 41 25 42 42 29 29 22 4 4 3 1 1 1 1 1 1 1 0
 0 0 1 1 1 1 5 5 4 4 4 8 8 22 11 11 7 7 36 50 50 154 68 68 49 49 53 41 41 25 42 42 29 29 22 4 4 3 1 1 1 1 1 1 1 0
 1 1 1 1 1 1 3 3 4 4 5 12 12 20 22 22 12 12 18 72 72 73 82 82 42 42 38 35 35 28 38 38 45 45 21 7 7 3 1 1 0 0 0 0 0 0
 1 1 2 2 2 2 2 2 4 4 4 4 4 9 18 18 24 24 20 56 56 57 46 46 34 34 27 24 24 57 33 33 42 42 15 6 6 4 0 0 1 1 0 0 0 0
 1 1 2 2 2 2 2 2 4 4 4 4 4 9 18 18 24 24 20 56 56 57 46 46 34 34 27 24 24 57 33 33 42 42 15 6 6 4 0 0 1 1 0 0 0 0
 1 1 3 6 6 5 3 3 2 2 2 2 2 4 6 6 4 4 24 33 33 33 34 34 19 19 22 9 9 13 22 22 24 24 12 8 8 1 0 0 0 0 0 0 0 0
 1 1 3 6 6 5 3 3 2 2 2 2 2 4 6 6 4 4 24 33 33 33 34 34 19 19 22 9 9 13 22 22 24 24 12 8 8 1 0 0 0 0 0 0 0 0
 1 1 4 9 9 9 5 5 3 3 2 5 5 14 11 11 7 7 26 57 57 57 52 52 22 22 20 3 3 1 1 1 13 13 7 1 1 0 0 0 0 0 1 0 0 0
 1 1 2 6 6 7 7 7 6 6 4 8 8 16 21 21 12 12 25 58 58 57 51 51 48 48 19 5 5 27 13 13 4 4 2 1 1 0 0 0 0 0 0 1 1 0
 1 1 2 6 6 7 7 7 6 6 4 8 8 16 21 21 12 12 25 58 58 57 51 51 48 48 19 5 5 27 13 13 4 4 2 1 1 0 0 0 0 0 0 1 1 0
 1 1 2 5 5 6 7 7 8 8 6 10 10 13 13 13 11 11 7 7 7 21 45 45 46 46 21 7 7 4 10 10 4 4 3 0 0 0 0 0 0 0 2 1 1 0
 3 3 2 3 3 3 5 5 5 5 5 8 8 12 10 10 12 12 9 10 10 22 3 3 7 7 10 9 9 7 5 5 6 6 0 0 0 1 0 0 0 0 1 1 1 0
 3 3 2 3 3 3 5 5 5 5 5 8 8 12 10 10 12 12 9 10 10 22 3 3 7 7 10 9 9 7 5 5 6 6 0 0 0 1 0 0 0 0 1 1 1 0
 1 1 1 1 1 1 1 1 2 2 3 4 4 7 10 10 9 9 11 6 6 2 2 2 5 5 10 7 7 6 11 11 6 6 1 0 0 0 0 0 0 0 0 0 0 0
 1 1 1 1 1 1 1 1 2 2 3 4 4 7 10 10 9 9 11 6 6 2 2 2 5 5 10 7 7 6 11 11 6 6 1 0 0 0 0 0 0 0 0 0 0 0
 0 0 0 0 0 0 0 0 2 2 2 3 3 5 4 4 5 5 4 1 1 6 2 2 3 3 6 7 7 12 7 7 1 1 0 0 0 0 0 0 0 0 0 0 0 0
 0 0 0 0 0 0 0 0 0 0 1 2 2 3 2 2 3 3 2 1 1 4 1 1 1 1 4 4 4 7 4 4 0 0 0 0 0 0 0 0 0 0 0 0 0 0
 0 0 0 0 0 0 0 0 0 0 1 2 2 3 2 2 3 3 2 1 1 4 1 1 1 1 4 4 4 7 4 4 0 0 0 0 0 0 0 0 0 0 0 0 0 0
 1 1 0 0 0 0 0 0 0 0 1 1 1 1 1 1 1 1 2 6 6 3 1 1 0 0 1 3 3 4 9 9 2 2 0 0 0 0 0 0 0 0 0 0 0 0
 0 0 0 0 0 0 0 0 0 0 1 1 1 1 1 1 1 1 1 6 6 7 4 4 4 4 12 7 7 7 10 10 7 7 5 1 1 0 0 0 0 0 0 0 0 0
 0 0 0 0 0 0 0 0 0 0 1 1 1 1 1 1 1 1 1 6 6 7 4 4 4 4 12 7 7 7 10 10 7 7 5 1 1 0 0 0 0 0 0 0 0 0
 0 0 0 1 1 0 0 0 1 1 1 1 1 1 1 1 1 1 1 5 5 12 29 29 18 18 1 4 4 6 12 12 20 20 9 6 6 3 1 1 1 1 0 0 0 0
 0 0 0 1 1 0 0 0 1 1 1 1 1 1 1 1 1 1 1 5 5 12 29 29 18 18 1 4 4 6 12 12 20 20 9 6 6 3 1 1 1 1 0 0 0 0
 0 0 0 0 0 0 0 0 0 0 1 2 2 2 2 2 1 1 1 5 5 13 28 28 3 3 1 2 2 4 12 12 22 22 16 15 15 13 4 4 2 2 0 0 0 1
 0 0 0 0 0 0 0 0 0 0 0 5 5 4 2 2 2 2 2 3 3 14 21 21 6 6 2 0 0 4 12 12 18 18 14 13 13 26 9 9 3 3 1 0 0 1
 0 0 0 0 0 0 0 0 0 0 0 5 5 4 2 2 2 2 2 3 3 14 21 21 6 6 2 0 0 4 12 12 18 18 14 13 13 26 9 9 3 3 1 0 0 1
 0 0 0 0 0 0 0 0 0 0 4 3 3 2 1 1 1 1 3 3 3 17 15 15 19 19 14 0 0 2 3 3 15 15 18 12 12 26 10 10 5 5 1 1 1 1
 0 0 0 0 0 0 0 0 1 1 1 0 0 1 1 1 2 2 2 6 6 17 9 9 22 22 24 1 1 0 1 1 4 4 4 8 8 12 10 10 13 13 13 3 3 2
 0 0 0 0 0 0 0 0 1 1 1 0 0 1 1 1 2 2 2 6 6 17 9 9 22 22 24 1 1 0 1 1 4 4 4 8 8 12 10 10 13 13 13 3 3 2
 0 0 0 0 0 0 0 0 0 0 0 1 1 1 2 2 3 3 3 22 22 20 24 24 26 26 18 9 9 37 37 37 2 2 4 3 3 9 21 21 17 17 17 15 15 4
 0 0 0 0 0 0 0 0 0 0 0 1 1 1 2 2 3 3 3 22 22 20 24 24 26 26 18 9 9 37 37 37 2 2 4 3 3 9 21 21 17 17 17 15 15 4
 0 0 0 0 0 0 0 0 0 0 0 0 0 0 1 1 2 2 2 21 21 14 20 20 16 16 25 19 19 3 22 22 0 0 4 4 4 10 8 8 7 7 5 10 10 2
 0 0 0 0 0 0 0 0 0 0 0 0 0 0 0 0 0 0 1 6 6 2 5 5 5 5 20 16 16 14 23 23 2 2 0 1 1 5 6 6 1 1 2 1 1 1
 0 0 0 0 0 0 0 0 0 0 0 0 0 0 0 0 0 0 1 6 6 2 5 5 5 5 20 16 16 14 23 23 2 2 0 1 1 5 6 6 1 1 2 1 1 1
 0 0 0 1 1 1 0 0 0 0 0 0 0 0 0 0 0 0 0 1 1 0 0 0 0 0 6 2 2 2 1 1 1 1 0 0 0 1 5 5 2 2 1 1 1 1
 0 0 1 0 0 0 0 0 0 0 0 0 0 0 0 0 0 0 0 0 0 0 0 0 0 0 0 1 1 0 0 0 2 2 2 0 0 1 1 1 1 1 1 1 1 1
