assets/RAT_results/precipitation/2019-08-18_IMERG.asc
ncols        46
nrows        77
xllcorner    74.800261325624
yllcorner    8.058333333333
cellsize     0.062500000000
NODATA_value -9999
 16 16 11 10 10 11 12 12 14 14 16 11 11 11 9 9 4 4 3 4 4 5 5 5 5 5 5 4 4 5 5 5 5 5 5 6 6 6 7 7 10 10 18 11 11 11
 19 19 15 13 13 16 16 16 21 21 19 14 14 13 5 5 4 4 3 3 3 3 4 4 3 3 5 9 9 7 11 11 9 9 6 6 6 8 14 14 14 14 20 19 19 19
 19 19 15 13 13 16 16 16 21 21 19 14 14 13 5 5 4 4 3 3 3 3 4 4 3 3 5 9 9 7 11 11 9 9 6 6 6 8 14 14 14 14 20 19 19 19
 25 25 21 14 14 11 12 12 14 14 12 13 13 10 4 4 5 5 4 5 5 6 8 8 9 9 12 9 9 9 22 22 32 32 33 16 16 28 18 18 18 18 27 24 24 24
 17 17 23 21 21 14 9 9 10 10 9 9 9 8 5 5 5 5 5 8 8 11 13 13 19 19 28 32 32 43 45 45 44 44 46 67 67 64 56 56 46 46 29 25 25 26
 17 17 23 21 21 14 9 9 10 10 9 9 9 8 5 5 5 5 5 8 8 11 13 13 19 19 28 32 32 43 45 45 44 44 46 67 67 64 56 56 46 46 29 25 25 26
 12 12 15 17 17 15 8 8 8 8 7 8 8 7 4 4 5 5 9 13 13 18 21 21 24 24 34 45 45 47 47 47 47 47 59 46 46 56 59 59 40 40 40 43 43 26
 12 12 15 17 17 15 8 8 8 8 7 8 8 7 4 4 5 5 9 13 13 18 21 21 24 24 34 45 45 47 47 47 47 47 59 46 46 56 59 59 40 40 40 43 43 26
 17 17 25 13 13 13 11 11 9 9 9 6 6 8 10 10 7 7 7 9 9 14 21 21 26 26 33 33 33 36 35 35 42 42 37 44 44 52 52 52 66 66 34 37 37 21
 11 11 14 14 14 16 20 20 10 10 9 9 9 14 12 12 5 5 7 9 9 12 25 25 25 25 28 26 26 25 29 29 32 32 31 38 38 48 29 29 28 28 31 22 22 10
 11 11 14 14 14 16 20 20 10 10 9 9 9 14 12 12 5 5 7 9 9 12 25 25 25 25 28 26 26 25 29 29 32 32 31 38 38 48 29 29 28 28 31 22 22 10
 7 7 10 15 15 18 23 23 16 16 12 12 12 16 13 13 6 6 10 4 4 7 11 11 17 17 20 23 23 22 25 25 17 17 16 26 26 27 29 29 26 26 28 10 10 9
 10 10 11 12 12 15 23 23 13 13 20 19 19 19 19 19 12 12 9 9 9 6 8 8 10 10 8 6 6 5 11 11 15 15 14 25 25 13 12 12 6 6 8 7 7 7
 10 10 11 12 12 15 23 23 13 13 20 19 19 19 19 19 12 12 9 9 9 6 8 8 10 10 8 6 6 5 11 11 15 15 14 25 25 13 12 12 6 6 8 7 7 7
 11 11 9 9 9 9 9 9 13 13 19 17 17 20 17 17 16 16 14 10 10 8 6 6 5 5 5 3 3 1 2 2 1 1 4 12 12 12 10 10 4 4 4 5 5 5
 11 11 9 9 9 9 9 9 13 13 19 17 17 20 17 17 16 16 14 10 10 8 6 6 5 5 5 3 3 1 2 2 1 1 4 12 12 12 10 10 4 4 4 5 5 5
 9 9 10 9 9 8 5 5 9 9 15 15 15 18 18 18 15 15 17 14 14 12 9 9 9 9 4 0 0 1 2 2 2 2 2 2 2 6 4 4 4 4 3 3 3 4
 12 12 33 8 8 5 6 6 5 5 14 14 14 14 14 14 17 17 16 17 17 13 12 12 16 16 11 2 2 2 2 2 3 3 4 4 4 9 6 6 10 10 5 4 4 3
 12 12 33 8 8 5 6 6 5 5 14 14 14 14 14 14 17 17 16 17 17 13 12 12 16 16 11 2 2 2 2 2 3 3 4 4 4 9 6 6 10 10 5 4 4 3
 27 27 36 17 17 6 6 6 5 5 9 12 12 15 12 12 17 17 20 21 21 20 17 17 17 17 13 4 4 6 2 2 3 3 4 5 5 6 10 10 8 8 11 6 6 5
 73 73 74 64 64 12 4 4 5 5 6 13 13 13 11 11 19 19 20 22 22 28 19 19 19 19 18 11 11 7 3 3 3 3 3 4 4 6 6 6 6 6 7 7 7 6
 73 73 74 64 64 12 4 4 5 5 6 13 13 13 11 11 19 19 20 22 22 28 19 19 19 19 18 11 11 7 3 3 3 3 3 4 4 6 6 6 6 6 7 7 7 6
 66 66 67 59 59 14 15 15 7 7 5 10 10 11 8 8 8 8 16 19 19 20 14 14 15 15 11 12 12 11 4 4 3 3 2 2 2 3 3 3 4 4 6 7 7 6
 66 66 67 59 59 14 15 15 7 7 5 10 10 11 8 8 8 8 16 19 19 20 14 14 15 15 11 12 12 11 4 4 3 3 2 2 2 3 3 3 4 4 6 7 7 6
 11 11 10 11 11 6 11 11 6 6 4 8 8 11 11 11 8 8 14 10 10 12 12 12 8 8 9 11 11 9 2 2 1 1 0 0 0 1 1 1 3 3 6 6 6 6
 10 10 11 11 11 6 8 8 7 7 6 4 4 6 10 10 10 10 11 11 11 11 4 4 5 5 7 6 6 7 3 3 2 2 1 1 1 1 2 2 2 2 3 4 4 5
 10 10 11 11 11 6 8 8 7 7 6 4 4 6 10 10 10 10 11 11 11 11 4 4 5 5 7 6 6 7 3 3 2 2 1 1 1 1 2 2 2 2 3 4 4 5
 9 9 9 8 8 9 10 10 18 18 6 4 4 6 5 5 6 6 3 3 3 3 3 3 3 3 4 8 8 8 7 7 7 7 3 3 3 3 4 4 3 3 2 2 2 4
 15 15 17 28 28 26 14 14 14 14 16 41 41 17 5 5 7 7 4 2 2 1 3 3 4 4 3 7 7 8 15 15 11 11 11 7 7 7 8 8 6 6 4 3 3 4
 15 15 17 28 28 26 14 14 14 14 16 41 41 17 5 5 7 7 4 2 2 1 3 3 4 4 3 7 7 8 15 15 11 11 11 7 7 7 8 8 6 6 4 3 3 4
 16 16 16 27 27 26 23 23 17 17 34 34 34 11 10 10 8 8 6 3 3 2 2 2 3 3 3 5 5 7 10 10 10 10 7 5 5 6 7 7 4 4 2 2 2 3
 16 16 16 27 27 26 23 23 17 17 34 34 34 11 10 10 8 8 6 3 3 2 2 2 3 3 3 5 5 7 10 10 10 10 7 5 5 6 7 7 4 4 2 2 2 3
 11 11 10 30 30 24 24 24 19 19 19 23 23 45 10 10 10 10 9 3 3 1 1 1 1 1 1 2 2 3 3 3 3 3 3 3 3 3 3 3 2 2 2 1 1 1
 7 7 9 5 5 8 10 10 10 10 11 18 18 42 6 6 7 7 11 10 10 1 1 1 0 0 0 0 0 0 2 2 0 0 1 1 1 1 2 2 3 3 2 1 1 1
 7 7 9 5 5 8 10 10 10 10 11 18 18 42 6 6 7 7 11 10 10 1 1 1 0 0 0 0 0 0 2 2 0 0 1 1 1 1 2 2 3 3 2 1 1 1
 5 5 5 5 5 5 7 7 4 4 10 8 8 7 7 7 9 9 10 8 8 2 2 2 1 1 1 0 0 0 0 0 1 1 0 0 0 0 1 1 1 1 1 1 1 1
 3 3 3 3 3 2 4 4 3 3 8 8 8 8 7 7 6 6 5 12 12 7 6 6 1 1 1 0 0 0 0 0 1 1 1 0 0 1 1 1 0 0 1 1 1 2
 3 3 3 3 3 2 4 4 3 3 8 8 8 8 7 7 6 6 5 12 12 7 6 6 1 1 1 0 0 0 0 0 1 1 1 0 0 1 1 1 0 0 1 1 1 2
 1 1 1 1 1 1 2 2 2 2 4 6 6 6 7 7 8 8 8 13 13 10 7 7 4 4 5 5 5 1 0 0 1 1 2 2 2 5 3 3 3 3 4 2 2 3
 1 1 1 1 1 1 2 2 2 2 4 6 6 6 7 7 8 8 8 13 13 10 7 7 4 4 5 5 5 1 0 0 1 1 2 2 2 5 3 3 3 3 4 2 2 3
 0 0 1 2 2 3 4 4 4 4 6 8 8 9 10 10 13 13 26 29 29 28 13 13 9 9 8 6 6 2 1 1 3 3 5 19 19 14 5 5 7 7 10 16 16 13
 2 2 2 2 2 3 4 4 15 15 16 9 9 9 10 10 11 11 25 26 26 31 13 13 9 9 8 9 9 9 4 4 8 8 7 21 21 19 16 16 20 20 19 17 17 16
 2 2 2 2 2 3 4 4 15 15 16 9 9 9 10 10 11 11 25 26 26 31 13 13 9 9 8 9 9 9 4 4 8 8 7 21 21 19 16 16 20 20 19 17 17 16
 3 3 3 3 3 4 4 4 6 6 6 7 7 7 7 7 8 8 16 16 16 28 13 13 9 9 10 11 11 14 8 8 10 10 12 18 18 23 19 19 27 27 25 17 17 17
 5 5 3 3 3 4 4 4 3 3 4 5 5 5 5 5 6 6 9 16 16 20 14 14 14 14 12 12 12 15 8 8 10 10 11 18 18 23 30 30 26 26 25 21 21 24
 5 5 3 3 3 4 4 4 3 3 4 5 5 5 5 5 6 6 9 16 16 20 14 14 14 14 12 12 12 15 8 8 10 10 11 18 18 23 30 30 26 26 25 21 21 24
 4 4 1 1 1 2 1 1 2 2 3 4 4 4 4 4 5 5 7 8 8 9 9 9 14 14 9 5 5 7 8 8 11 11 16 17 17 18 24 24 31 31 30 25 25 26
 4 4 1 1 1 2 1 1 2 2 3 4 4 4 4 4 5 5 7 8 8 9 9 9 14 14 9 5 5 7 8 8 11 11 16 17 17 18 24 24 31 31 30 25 25 26
 2 2 2 1 1 2 1 1 2 2 2 2 2 2 2 2 4 4 5 4 4 6 6 6 7 7 4 6 6 8 13 13 17 17 19 18 18 20 24 24 31 31 35 26 26 26
 2 2 1 2 2 2 1 1 1 1 9 10 10 11 5 5 2 2 5 4 4 4 6 6 7 7 8 8 8 9 17 17 19 19 22 17 17 19 21 21 23 23 32 25 25 23
 2 2 1 2 2 2 1 1 1 1 9 10 10 11 5 5 2 2 5 4 4 4 6 6 7 7 8 8 8 9 17 17 19 19 22 17 17 19 21 21 23 23 32 25 25 23
 1 1 1 1 1 1 0 0 0 0 0 2 2 10 4 4 2 2 3 3 3 3 4 4 6 6 8 8 8 8 13 13 16 16 17 14 14 14 20 20 20 20 22 21 21 19
 2 2 2 1 1 1 2 2 1 1 1 3 3 5 5 5 2 2 2 1 1 2 3 3 5 5 8 7 7 6 10 10 11 11 14 18 18 14 14 14 16 16 22 21 21 17
 2 2 2 1 1 1 2 2 1 1 1 3 3 5 5 5 2 2 2 1 1 2 3 3 5 5 8 7 7 6 10 10 11 11 14 18 18 14 14 14 16 16 22 21 21 17
 3 3 3 1 1 3 3 3 5 5 5 6 6 3 5 5 3 3 3 1 1 2 4 4 6 6 7 6 6 6 5 5 10 10 7 11 11 11 13 13 16 16 19 17 17 14
 3 3 3 1 1 3 3 3 5 5 5 6 6 3 5 5 3 3 3 1 1 2 4 4 6 6 7 6 6 6 5 5 10 10 7 11 11 11 13 13 16 16 19 17 17 14
 4 4 2 2 2 2 5 5 4 4 2 5 5 3 2 2 2 2 3 3 3 3 4 4 6 6 7 7 7 5 6 6 7 7 7 6 6 10 11 11 12 12 13 10 10 9
 5 5 3 2 2 2 2 2 1 1 1 1 1 1 1 1 1 1 1 2 2 3 4 4 5 5 7 6 6 5 5 5 6 6 6 9 9 10 9 9 10 10 10 8 8 6
 5 5 3 2 2 2 2 2 1 1 1 1 1 1 1 1 1 1 1 2 2 3 4 4 5 5 7 6 6 5 5 5 6 6 6 9 9 10 9 9 10 10 10 8 8 6
 8 8 6 4 4 2 1 1 1 1 2 2 2 2 2 2 2 2 1 2 2 2 3 3 5 5 6 7 7 5 5 5 6 6 6 8 8 7 7 7 6 6 8 5 5 4
 6 6 5 4 4 3 5 5 6 6 11 9 9 7 6 6 4 4 7 6 6 2 2 2 4 4 4 7 7 6 5 5 6 6 8 10 10 9 6 6 8 8 6 4 4 3
 6 6 5 4 4 3 5 5 6 6 11 9 9 7 6 6 4 4 7 6 6 2 2 2 4 4 4 7 7 6 5 5 6 6 8 10 10 9 6 6 8 8 6 4 4 3
 4 4 3 2 2 6 13 13 15 15 15 16 16 16 14 14 8 8 8 6 6 2 3 3 5 5 6 9 9 9 9 9 22 22 25 7 7 6 4 4 8 8 5 2 2 3
 4 4 3 2 2 6 13 13 15 15 15 16 16 16 14 14 8 8 8 6 6 2 3 3 5 5 6 9 9 9 9 9 22 22 25 7 7 6 4 4 8 8 5 2 2 3
 5 5 4 1 1 3 10 10 10 10 6 7 7 12 12 12 10 10 19 18 18 31 5 5 4 4 6 5 5 8 9 9 7 7 31 9 9 7 6 6 7 7 5 3 3 3
 5 5 4 2 2 1 2 2 2 2 2 3 3 4 3 3 2 2 2 19 19 32 4 4 3 3 4 5 5 8 7 7 7 7 28 10 10 4 6 6 9 9 8 6 6 3
 5 5 4 2 2 1 2 2 2 2 2 3 3 4 3 3 2 2 2 19 19 32 4 4 3 3 4 5 5 8 7 7 7 7 28 10 10 4 6 6 9 9 8 6 6 3
 4 4 3 2 2 1 1 1 1 1 1 2 2 2 2 2 2 2 1 1 1 2 4 4 2 2 1 4 4 4 9 9 9 9 22 11 11 4 4 4 5 5 4 5 5 5
 2 2 2 1 1 1 1 1 1 1 1 1 1 1 2 2 1 1 4 4 4 0 3 3 1 1 2 2 2 5 6 6 11 11 10 14 14 7 4 4 3 3 2 1 1 2
 2 2 2 1 1 1 1 1 1 1 1 1 1 1 2 2 1 1 4 4 4 0 3 3 1 1 2 2 2 5 6 6 11 11 10 14 14 7 4 4 3 3 2 1 1 2
 2 2 2 2 2 1 1 1 1 1 0 0 0 0 2 2 2 2 4 2 2 2 2 2 3 3 2 1 1 4 6 6 6 6 9 6 6 4 1 1 1 1 0 3 3 1
 2 2 2 2 2 1 1 1 1 1 0 0 0 0 2 2 2 2 4 2 2 2 2 2 3 3 2 1 1 4 6 6 6 6 9 6 6 4 1 1 1 1 0 3 3 1
 3 3 3 2 2 1 1 1 0 0 0 0 0 0 4 4 6 6 4 3 3 3 3 3 2 2 1 1 1 1 2 2 4 4 6 5 5 2 1 1 0 0 1 3 3 2
 1 1 2 2 2 1 1 1 0 0 0 0 0 0 2 2 1 1 3 4 4 4 2 2 2 2 1 1 1 1 1 1 4 4 4 3 3 2 2 2 2 2 1 2 2 4
 1 1 2 2 2 1 1 1 0 0 0 0 0 0 2 2 1 1 3 4 4 4 2 2 2 2 1 1 1 1 1 1 4 4 4 3 3 2 2 2 2 2 1 2 2 4
 1 1 1 2 2 2 1 1 0 0 0 0 0 0 0 0 1 1 1 3 3 3 1 1 1 1 1 1 1 1 1 1 1 1 3 3 3 1 3 3 3 3 3 4 4 6
 1 1 1 2 2 2 1 1 2 2 0 0 0 0 0 0 0 0 1 1 1 0 1 1 1 1 1 1 1 1 1 1 1 1 2 3 3 3 5 5 6 6 7 5 5 6
