assets/RAT_results/precipitation/2019-06-05_IMERG.asc
ncols        46
nrows        77
xllcorner    74.800261325624
yllcorner    8.058333333333
cellsize     0.062500000000
NODATA_value -9999
 36 36 38 37 37 34 27 27 27 27 24 23 23 18 16 16 11 11 11 12 12 24 16 16 27 27 16 14 14 46 46 46 39 39 52 16 16 17 21 21 12 12 60 34 34 37
 51 51 48 47 47 47 45 45 34 34 28 19 19 17 31 31 10 10 9 12 12 8 18 18 15 15 14 14 14 45 46 46 48 48 52 18 18 23 16 16 16 16 26 34 34 34
 51 51 48 47 47 47 45 45 34 34 28 19 19 17 31 31 10 10 9 12 12 8 18 18 15 15 14 14 14 45 46 46 48 48 52 18 18 23 16 16 16 16 26 34 34 34
 66 66 64 63 63 66 50 50 42 42 24 14 14 14 19 19 10 10 9 13 13 10 14 14 8 8 6 14 14 45 45 45 46 46 8 22 22 24 25 25 22 22 24 23 23 22
 80 80 61 60 60 62 43 43 39 39 36 12 12 12 16 16 13 13 14 21 21 12 11 11 9 9 6 3 3 3 5 5 4 4 6 21 21 22 12 12 13 13 16 18 18 18
 80 80 61 60 60 62 43 43 39 39 36 12 12 12 16 16 13 13 14 21 21 12 11 11 9 9 6 3 3 3 5 5 4 4 6 21 21 22 12 12 13 13 16 18 18 18
 76 76 60 44 44 49 54 54 56 56 63 41 41 22 22 22 14 14 17 23 23 16 15 15 12 12 11 5 5 4 5 5 2 2 5 7 7 12 7 7 7 7 11 13 13 11
 76 76 60 44 44 49 54 54 56 56 63 41 41 22 22 22 14 14 17 23 23 16 15 15 12 12 11 5 5 4 5 5 2 2 5 7 7 12 7 7 7 7 11 13 13 11
 80 80 73 70 70 53 46 46 61 61 66 42 42 39 27 27 15 15 27 23 23 16 13 13 12 12 11 5 5 4 3 3 4 4 6 4 4 3 3 3 2 2 3 5 5 4
 75 75 71 69 69 79 51 51 47 47 57 52 52 42 28 28 23 23 34 22 22 21 15 15 14 14 12 7 7 7 5 5 5 5 4 4 4 4 3 3 3 3 2 2 2 1
 75 75 71 69 69 79 51 51 47 47 57 52 52 42 28 28 23 23 34 22 22 21 15 15 14 14 12 7 7 7 5 5 5 5 4 4 4 4 3 3 3 3 2 2 2 1
 55 55 58 68 68 58 59 59 55 55 52 42 42 33 26 26 25 25 29 26 26 21 15 15 13 13 8 7 7 7 4 4 4 4 4 4 4 4 3 3 3 3 2 1 1 7
 40 40 24 68 68 50 58 58 49 49 35 28 28 28 20 20 18 18 20 20 20 18 11 11 12 12 9 8 8 4 4 4 4 4 4 4 4 4 6 6 8 8 8 8 8 7
 40 40 24 68 68 50 58 58 49 49 35 28 28 28 20 20 18 18 20 20 20 18 11 11 12 12 9 8 8 4 4 4 4 4 4 4 4 4 6 6 8 8 8 8 8 7
 38 38 41 28 28 22 34 34 31 31 26 19 19 17 17 17 29 29 21 20 20 15 13 13 10 10 10 9 9 6 6 6 5 5 5 5 5 5 6 6 3 3 2 8 8 9
 38 38 41 28 28 22 34 34 31 31 26 19 19 17 17 17 29 29 21 20 20 15 13 13 10 10 10 9 9 6 6 6 5 5 5 5 5 5 6 6 3 3 2 8 8 9
 30 30 31 16 16 14 18 18 28 28 30 23 23 19 21 21 25 25 26 21 21 18 16 16 9 9 5 8 8 7 6 6 6 6 5 6 6 7 10 10 7 7 6 8 8 7
 33 33 19 16 16 14 16 16 13 13 25 25 25 22 25 25 29 29 31 23 23 21 21 21 12 12 6 4 4 8 5 5 5 5 5 5 5 7 15 15 7 7 6 8 8 2
 33 33 19 16 16 14 16 16 13 13 25 25 25 22 25 25 29 29 31 23 23 21 21 21 12 12 6 4 4 8 5 5 5 5 5 5 5 7 15 15 7 7 6 8 8 2
 21 21 20 11 11 11 6 6 10 10 9 12 12 18 22 22 24 24 25 22 22 22 16 16 10 10 6 8 8 8 6 6 7 7 3 2 2 4 9 9 12 12 2 6 6 2
 15 15 12 7 7 6 5 5 8 8 6 8 8 16 23 23 21 21 12 11 11 12 10 10 7 7 7 7 7 6 4 4 4 4 2 2 2 1 7 7 17 17 26 7 7 1
 15 15 12 7 7 6 5 5 8 8 6 8 8 16 23 23 21 21 12 11 11 12 10 10 7 7 7 7 7 6 4 4 4 4 2 2 2 1 7 7 17 17 26 7 7 1
 15 15 12 14 14 20 19 19 17 17 8 6 6 16 23 23 16 16 12 9 9 7 5 5 4 4 3 9 9 4 3 3 5 5 4 11 11 8 9 9 13 13 6 0 0 1
 15 15 12 14 14 20 19 19 17 17 8 6 6 16 23 23 16 16 12 9 9 7 5 5 4 4 3 9 9 4 3 3 5 5 4 11 11 8 9 9 13 13 6 0 0 1
 24 24 23 17 17 24 20 20 21 21 8 8 8 11 18 18 23 23 14 9 9 6 4 4 1 1 3 9 9 6 4 4 4 4 5 13 13 11 28 28 5 5 5 1 1 1
 44 44 35 37 37 26 31 31 32 32 14 12 12 11 18 18 31 31 22 18 18 21 6 6 2 2 2 4 4 4 3 3 4 4 9 12 12 12 15 15 13 13 4 1 1 1
 44 44 35 37 37 26 31 31 32 32 14 12 12 11 18 18 31 31 22 18 18 21 6 6 2 2 2 4 4 4 3 3 4 4 9 12 12 12 15 15 13 13 4 1 1 1
 57 57 49 39 39 39 39 39 40 40 36 22 22 23 16 16 38 38 30 28 28 26 9 9 5 5 9 5 5 7 4 4 7 7 6 11 11 12 5 5 6 6 2 2 2 2
 43 43 36 27 27 46 42 42 43 43 45 21 21 22 47 47 55 55 27 33 33 30 18 18 7 7 16 21 21 14 3 3 5 5 7 8 8 9 11 11 13 13 8 2 2 2
 43 43 36 27 27 46 42 42 43 43 45 21 21 22 47 47 55 55 27 33 33 30 18 18 7 7 16 21 21 14 3 3 5 5 7 8 8 9 11 11 13 13 8 2 2 2
 67 67 61 36 36 35 45 45 33 33 35 32 32 34 46 46 54 54 61 30 30 32 23 23 16 16 17 15 15 12 5 5 5 5 6 8 8 10 15 15 21 21 16 22 22 6
 67 67 61 36 36 35 45 45 33 33 35 32 32 34 46 46 54 54 61 30 30 32 23 23 16 16 17 15 15 12 5 5 5 5 6 8 8 10 15 15 21 21 16 22 22 6
 65 65 28 26 26 21 34 34 28 28 34 38 38 19 36 36 38 38 38 38 38 35 26 26 17 17 15 30 30 25 7 7 7 7 10 12 12 16 20 20 26 26 30 22 22 8
 13 13 29 28 28 23 28 28 28 28 32 21 21 23 31 31 45 45 58 75 75 46 24 24 14 14 13 18 18 24 8 8 13 13 9 14 14 18 24 24 25 25 20 21 21 30
 13 13 29 28 28 23 28 28 28 28 32 21 21 23 31 31 45 45 58 75 75 46 24 24 14 14 13 18 18 24 8 8 13 13 9 14 14 18 24 24 25 25 20 21 21 30
 6 6 24 23 23 9 21 21 22 22 22 30 30 22 30 30 33 33 46 34 34 35 21 21 11 11 7 6 6 6 12 12 18 18 10 13 13 15 25 25 23 23 18 10 10 8
 3 3 9 9 9 8 22 22 23 23 13 21 21 31 20 20 18 18 31 29 29 30 13 13 10 10 8 7 7 9 13 13 14 14 13 17 17 22 23 23 19 19 10 8 8 8
 3 3 9 9 9 8 22 22 23 23 13 21 21 31 20 20 18 18 31 29 29 30 13 13 10 10 8 7 7 9 13 13 14 14 13 17 17 22 23 23 19 19 10 8 8 8
 4 4 8 8 8 8 10 10 14 14 15 17 17 23 76 76 91 91 34 26 26 25 15 15 11 11 8 10 10 10 18 18 18 18 17 16 16 19 21 21 18 18 11 10 10 4
 4 4 8 8 8 8 10 10 14 14 15 17 17 23 76 76 91 91 34 26 26 25 15 15 11 11 8 10 10 10 18 18 18 18 17 16 16 19 21 21 18 18 11 10 10 4
 4 4 8 9 9 9 11 11 13 13 14 20 20 34 35 35 95 95 35 29 29 34 56 56 14 14 14 14 14 16 19 19 18 18 17 18 18 20 17 17 16 16 12 13 13 6
 3 3 3 6 6 7 13 13 16 16 19 17 17 21 36 36 39 39 20 22 22 28 34 34 16 16 15 16 16 13 24 24 19 19 16 13 13 14 15 15 9 9 14 28 28 8
 3 3 3 6 6 7 13 13 16 16 19 17 17 21 36 36 39 39 20 22 22 28 34 34 16 16 15 16 16 13 24 24 19 19 16 13 13 14 15 15 9 9 14 28 28 8
 5 5 4 7 7 7 9 9 14 14 16 18 18 20 31 31 29 29 34 25 25 26 33 33 17 17 15 15 15 14 13 13 7 7 11 14 14 12 9 9 9 9 20 33 33 22
 16 16 7 4 4 4 3 3 12 12 13 17 17 19 38 38 42 42 35 33 33 21 19 19 19 19 13 10 10 11 11 11 7 7 8 9 9 17 18 18 24 24 27 35 35 30
 16 16 7 4 4 4 3 3 12 12 13 17 17 19 38 38 42 42 35 33 33 21 19 19 19 19 13 10 10 11 11 11 7 7 8 9 9 17 18 18 24 24 27 35 35 30
 12 12 7 3 3 3 3 3 8 8 10 13 13 14 22 22 26 26 33 49 49 31 17 17 22 22 13 8 8 7 9 9 8 8 14 15 15 18 22 22 31 31 22 38 38 16
 12 12 7 3 3 3 3 3 8 8 10 13 13 14 22 22 26 26 33 49 49 31 17 17 22 22 13 8 8 7 9 9 8 8 14 15 15 18 22 22 31 31 22 38 38 16
 3 3 2 2 2 4 4 4 6 6 8 11 11 11 22 22 102 102 51 48 48 39 22 22 30 30 10 7 7 7 7 7 7 7 7 11 11 22 28 28 30 30 27 32 32 38
 3 3 3 3 3 4 4 4 6 6 7 7 7 9 18 18 31 31 59 56 56 38 22 22 26 26 10 8 8 7 6 6 7 7 5 12 12 21 27 27 24 24 23 23 23 35
 3 3 3 3 3 4 4 4 6 6 7 7 7 9 18 18 31 31 59 56 56 38 22 22 26 26 10 8 8 7 6 6 7 7 5 12 12 21 27 27 24 24 23 23 23 35
 3 3 6 7 7 7 5 5 5 5 5 4 4 5 7 7 27 27 41 58 58 46 11 11 27 27 10 6 6 6 4 4 4 4 5 10 10 20 25 25 19 19 16 24 24 31
 4 4 7 11 11 6 5 5 4 4 4 4 4 4 7 7 26 26 31 45 45 33 20 20 13 13 18 13 13 7 4 4 3 3 3 10 10 12 16 16 14 14 7 17 17 24
 4 4 7 11 11 6 5 5 4 4 4 4 4 4 7 7 26 26 31 45 45 33 20 20 13 13 18 13 13 7 4 4 3 3 3 10 10 12 16 16 14 14 7 17 17 24
 5 5 7 5 5 6 7 7 4 4 3 3 3 4 4 4 9 9 37 25 25 23 11 11 15 15 14 8 8 8 4 4 3 3 4 5 5 10 9 9 7 7 6 7 7 5
 5 5 7 5 5 6 7 7 4 4 3 3 3 4 4 4 9 9 37 25 25 23 11 11 15 15 14 8 8 8 4 4 3 3 4 5 5 10 9 9 7 7 6 7 7 5
 5 5 4 2 2 4 6 6 4 4 3 3 3 3 3 3 4 4 15 17 17 12 7 7 23 23 22 4 4 4 4 4 2 2 3 4 4 6 6 6 5 5 6 5 5 2
 5 5 3 1 1 3 5 5 4 4 5 3 3 3 3 3 2 2 3 3 3 6 6 6 20 20 23 5 5 4 4 4 3 3 3 4 4 5 4 4 4 4 3 2 2 3
 5 5 3 1 1 3 5 5 4 4 5 3 3 3 3 3 2 2 3 3 3 6 6 6 20 20 23 5 5 4 4 4 3 3 3 4 4 5 4 4 4 4 3 2 2 3
 2 2 1 1 1 3 5 5 4 4 3 2 2 2 2 2 3 3 2 3 3 6 6 6 6 6 29 29 29 5 5 5 4 4 3 3 3 2 2 2 2 2 2 2 2 1
 1 1 1 1 1 3 4 4 3 3 3 2 2 2 2 2 2 2 15 18 18 18 6 6 6 6 2 4 4 3 4 4 4 4 2 1 1 0 1 1 1 1 3 3 3 2
 1 1 1 1 1 3 4 4 3 3 3 2 2 2 2 2 2 2 15 18 18 18 6 6 6 6 2 4 4 3 4 4 4 4 2 1 1 0 1 1 1 1 3 3 3 2
 1 1 0 1 1 2 3 3 3 3 2 1 1 2 1 1 2 2 16 9 9 7 10 10 11 11 4 4 4 3 2 2 3 3 1 0 0 1 1 1 2 2 3 2 2 2
 1 1 0 1 1 2 3 3 3 3 2 1 1 2 1 1 2 2 16 9 9 7 10 10 11 11 4 4 4 3 2 2 3 3 1 0 0 1 1 1 2 2 3 2 2 2
 2 2 0 1 1 1 2 2 2 2 1 1 1 2 2 2 5 5 11 11 11 8 10 10 11 11 4 2 2 5 3 3 3 3 2 1 1 1 1 1 3 3 2 1 1 1
 2 2 1 1 1 2 2 2 2 2 2 3 3 5 7 7 11 11 12 11 11 8 3 3 2 2 2 3 3 5 4 4 3 3 3 2 2 6 2 2 2 2 1 1 1 0
 2 2 1 1 1 2 2 2 2 2 2 3 3 5 7 7 11 11 12 11 11 8 3 3 2 2 2 3 3 5 4 4 3 3 3 2 2 6 2 2 2 2 1 1 1 0
 3 3 3 9 9 7 17 17 2 2 2 4 4 5 7 7 10 10 11 10 10 8 5 5 1 1 2 4 4 3 3 3 3 3 4 3 3 6 7 7 13 13 0 0 0 0
 12 12 20 33 33 30 20 20 1 1 1 2 2 3 4 4 5 5 7 9 9 9 16 16 2 2 2 3 3 3 3 3 4 4 5 4 4 9 7 7 13 13 0 0 0 0
 12 12 20 33 33 30 20 20 1 1 1 2 2 3 4 4 5 5 7 9 9 9 16 16 2 2 2 3 3 3 3 3 4 4 5 4 4 9 7 7 13 13 0 0 0 0
 22 22 41 45 45 33 6 6 1 1 1 1 1 2 2 2 4 4 5 11 11 30 30 30 16 16 9 3 3 3 2 2 2 2 3 3 3 9 8 8 3 3 3 0 0 0
 22 22 41 45 45 33 6 6 1 1 1 1 1 2 2 2 4 4 5 11 11 30 30 30 16 16 9 3 3 3 2 2 2 2 3 3 3 9 8 8 3 3 3 0 0 0
 16 16 13 24 24 7 3 3 1 1 2 3 3 2 2 2 3 3 4 7 7 10 13 13 18 18 24 3 3 2 2 2 1 1 2 2 2 9 8 8 3 3 1 0 0 0
 5 5 2 3 3 2 3 3 2 2 2 2 2 1 2 2 2 2 3 3 3 5 8 8 13 13 18 9 9 1 1 1 1 1 0 0 0 1 1 1 1 1 1 0 0 0
 5 5 2 3 3 2 3 3 2 2 2 2 2 1 2 2 2 2 3 3 3 5 8 8 13 13 18 9 9 1 1 1 1 1 0 0 0 1 1 1 1 1 1 0 0 0
 3 3 2 2 2 0 0 0 0 0 1 1 1 1 1 1 1 1 2 2 2 2 4 4 8 8 17 14 14 1 1 1 0 0 0 0 0 0 0 0 1 1 0 0 0 0
 7 7 4 0 0 0 0 0 0 0 0 1 1 1 2 2 1 1 1 1 1 2 4 4 6 6 7 9 9 2 1 1 0 0 0 0 0 0 0 0 0 0 0 0 0 0
