assets/RAT_results/precipitation/2019-05-31_IMERG.asc
ncols        46
nrows        77
xllcorner    74.800261325624
yllcorner    8.058333333333
cellsize     0.062500000000
NODATA_value -9999
 3 3 1 9 9 2 3 3 3 3 9 10 10 9 8 8 9 9 10 11 11 14 12 12 13 13 12 15 15 12 16 16 26 26 25 69 69 68 18 18 8 8 6 2 2 1
 3 3 1 26 26 22 2 2 2 2 8 14 14 10 10 10 11 11 12 21 21 13 13 13 13 13 11 10 10 8 28 28 26 26 38 69 69 69 25 25 33 33 7 1 1 0
 3 3 1 26 26 22 2 2 2 2 8 14 14 10 10 10 11 11 12 21 21 13 13 13 13 13 11 10 10 8 28 28 26 26 38 69 69 69 25 25 33 33 7 1 1 0
 5 5 3 4 4 20 15 15 2 2 6 9 9 5 13 13 11 11 15 15 15 14 12 12 11 11 11 7 7 7 29 29 27 27 32 31 31 35 39 39 34 34 6 2 2 0
 2 2 4 4 4 20 2 2 2 2 1 2 2 3 3 3 9 9 10 13 13 17 13 13 11 11 10 7 7 6 6 6 4 4 31 30 30 32 12 12 4 4 3 2 2 0
 2 2 4 4 4 20 2 2 2 2 1 2 2 3 3 3 9 9 10 13 13 17 13 13 11 11 10 7 7 6 6 6 4 4 31 30 30 32 12 12 4 4 3 2 2 0
 9 9 3 9 9 8 2 2 2 2 2 3 3 3 4 4 8 8 6 10 10 11 17 17 13 13 10 9 9 6 5 5 2 2 1 1 1 1 1 1 1 1 0 0 0 0
 9 9 3 9 9 8 2 2 2 2 2 3 3 3 4 4 8 8 6 10 10 11 17 17 13 13 10 9 9 6 5 5 2 2 1 1 1 1 1 1 1 1 0 0 0 0
 12 12 9 11 11 11 10 10 1 1 1 4 4 4 7 7 6 6 7 9 9 9 18 18 12 12 10 7 7 7 6 6 1 1 1 0 0 0 0 0 0 0 0 0 0 0
 18 18 19 37 37 26 2 2 3 3 1 2 2 5 7 7 5 5 6 10 10 14 16 16 10 10 9 5 5 5 2 2 3 3 2 1 1 0 0 0 0 0 0 0 0 0
 18 18 19 37 37 26 2 2 3 3 1 2 2 5 7 7 5 5 6 10 10 14 16 16 10 10 9 5 5 5 2 2 3 3 2 1 1 0 0 0 0 0 0 0 0 0
 84 84 19 101 101 17 15 15 2 2 1 0 0 2 3 3 3 3 11 13 13 12 12 12 14 14 4 5 5 4 1 1 2 2 2 2 2 1 0 0 0 0 0 0 0 0
 107 107 28 28 28 23 24 24 23 23 10 10 10 0 1 1 4 4 5 4 4 6 9 9 6 6 2 3 3 3 3 3 4 4 5 4 4 2 0 0 0 0 0 0 0 0
 107 107 28 28 28 23 24 24 23 23 10 10 10 0 1 1 4 4 5 4 4 6 9 9 6 6 2 3 3 3 3 3 4 4 5 4 4 2 0 0 0 0 0 0 0 0
 25 25 27 20 20 13 8 8 20 20 16 22 22 12 1 1 4 4 2 3 3 3 3 3 2 2 0 1 1 4 4 4 6 6 10 11 11 7 1 1 0 0 0 0 0 0
 25 25 27 20 20 13 8 8 20 20 16 22 22 12 1 1 4 4 2 3 3 3 3 3 2 2 0 1 1 4 4 4 6 6 10 11 11 7 1 1 0 0 0 0 0 0
 12 12 9 9 9 1 3 3 5 5 13 23 23 23 10 10 6 6 0 0 0 1 1 1 1 1 0 0 0 0 0 0 1 1 1 1 1 1 1 1 0 0 0 0 0 0
 4 4 4 4 4 0 1 1 5 5 10 12 12 27 19 19 1 1 0 0 0 1 0 0 0 0 0 0 0 0 0 0 0 0 0 1 1 1 1 1 0 0 0 0 0 0
 4 4 4 4 4 0 1 1 5 5 10 12 12 27 19 19 1 1 0 0 0 1 0 0 0 0 0 0 0 0 0 0 0 0 0 1 1 1 1 1 0 0 0 0 0 0
 3 3 3 4 4 2 1 1 6 6 8 10 10 19 1 1 8 8 1 1 1 1 0 0 0 0 0 0 0 0 0 0 1 1 0 0 0 1 0 0 0 0 0 0 0 0
 4 4 2 3 3 1 1 1 1 1 3 4 4 2 1 1 2 2 4 6 6 1 2 2 1 1 0 0 0 1 0 0 1 1 1 0 0 0 0 0 0 0 0 0 0 0
 4 4 2 3 3 1 1 1 1 1 3 4 4 2 1 1 2 2 4 6 6 1 2 2 1 1 0 0 0 1 0 0 1 1 1 0 0 0 0 0 0 0 0 0 0 0
 3 3 1 2 2 1 0 0 1 1 1 1 1 1 1 1 1 1 7 8 8 3 1 1 1 1 0 0 0 1 3 3 8 8 0 0 0 0 0 0 0 0 0 0 0 0
 3 3 1 2 2 1 0 0 1 1 1 1 1 1 1 1 1 1 7 8 8 3 1 1 1 1 0 0 0 1 3 3 8 8 0 0 0 0 0 0 0 0 0 0 0 0
 2 2 2 1 1 1 0 0 0 0 0 0 0 1 2 2 3 3 6 4 4 3 1 1 1 1 2 3 3 8 1 1 0 0 0 0 0 0 0 0 0 0 0 1 1 1
 1 1 1 1 1 2 1 1 1 1 1 1 1 2 2 2 1 1 4 5 5 3 4 4 1 1 3 3 3 1 1 1 0 0 0 0 0 0 0 0 0 0 0 0 0 0
 1 1 1 1 1 2 1 1 1 1 1 1 1 2 2 2 1 1 4 5 5 3 4 4 1 1 3 3 3 1 1 1 0 0 0 0 0 0 0 0 0 0 0 0 0 0
 1 1 2 2 2 2 2 2 1 1 5 13 13 13 12 12 1 1 1 8 8 15 17 17 7 7 1 1 1 0 0 0 0 0 0 0 0 0 0 0 0 0 0 0 0 0
 2 2 2 8 8 10 10 10 5 5 6 20 20 61 64 64 53 53 14 2 2 2 9 9 13 13 1 9 9 2 0 0 0 0 0 0 0 0 0 0 0 0 0 0 0 0
 2 2 2 8 8 10 10 10 5 5 6 20 20 61 64 64 53 53 14 2 2 2 9 9 13 13 1 9 9 2 0 0 0 0 0 0 0 0 0 0 0 0 0 0 0 0
 6 6 8 8 8 9 10 10 21 21 25 69 69 80 50 50 47 47 13 19 19 3 4 4 5 5 8 15 15 7 0 0 0 0 0 0 0 0 0 0 0 0 0 0 0 0
 6 6 8 8 8 9 10 10 21 21 25 69 69 80 50 50 47 47 13 19 19 3 4 4 5 5 8 15 15 7 0 0 0 0 0 0 0 0 0 0 0 0 0 0 0 0
 6 6 12 12 12 13 31 31 27 27 35 93 93 34 44 44 17 17 19 17 17 4 3 3 5 5 9 12 12 2 0 0 0 0 0 0 0 0 0 0 0 0 0 0 0 0
 6 6 6 12 12 14 21 21 28 28 37 55 55 55 35 35 9 9 1 1 1 1 0 0 1 1 1 0 0 0 0 0 0 0 0 0 0 0 0 0 1 1 1 1 1 2
 6 6 6 12 12 14 21 21 28 28 37 55 55 55 35 35 9 9 1 1 1 1 0 0 1 1 1 0 0 0 0 0 0 0 0 0 0 0 0 0 1 1 1 1 1 2
 7 7 7 12 12 12 20 20 23 23 25 27 27 33 39 39 8 8 0 1 1 0 0 0 0 0 1 0 0 0 0 0 0 0 1 1 1 1 2 2 2 2 2 3 3 3
 8 8 8 6 6 5 9 9 15 15 24 18 18 24 7 7 0 0 0 0 0 0 0 0 0 0 0 0 0 1 1 1 2 2 2 2 2 2 3 3 3 3 3 3 3 4
 8 8 8 6 6 5 9 9 15 15 24 18 18 24 7 7 0 0 0 0 0 0 0 0 0 0 0 0 0 1 1 1 2 2 2 2 2 2 3 3 3 3 3 3 3 4
 1 1 2 7 7 7 7 7 2 2 1 5 5 13 16 16 2 2 0 0 0 0 0 0 0 0 0 2 2 3 2 2 2 2 2 1 1 1 4 4 3 3 3 3 3 4
 1 1 2 7 7 7 7 7 2 2 1 5 5 13 16 16 2 2 0 0 0 0 0 0 0 0 0 2 2 3 2 2 2 2 2 1 1 1 4 4 3 3 3 3 3 4
 2 2 2 6 6 8 9 9 5 5 2 5 5 11 11 11 9 9 0 1 1 1 0 0 0 0 5 18 18 34 2 2 3 3 1 1 1 2 2 2 4 4 4 4 4 6
 1 1 2 2 2 3 4 4 3 3 3 13 13 4 6 6 4 4 1 0 0 1 1 1 1 1 2 18 18 1 2 2 3 3 2 2 2 4 4 4 4 4 9 9 9 6
 1 1 2 2 2 3 4 4 3 3 3 13 13 4 6 6 4 4 1 0 0 1 1 1 1 1 2 18 18 1 2 2 3 3 2 2 2 4 4 4 4 4 9 9 9 6
 1 1 1 1 1 1 1 1 2 2 3 5 5 4 2 2 1 1 0 0 0 1 3 3 3 3 3 9 9 14 5 5 8 8 7 6 6 5 5 5 6 6 6 14 14 7
 1 1 1 1 1 0 1 1 2 2 3 3 3 3 2 2 1 1 1 0 0 1 4 4 4 4 3 7 7 13 14 14 19 19 4 6 6 3 4 4 5 5 5 10 10 10
 1 1 1 1 1 0 1 1 2 2 3 3 3 3 2 2 1 1 1 0 0 1 4 4 4 4 3 7 7 13 14 14 19 19 4 6 6 3 4 4 5 5 5 10 10 10
 5 5 4 0 0 4 4 4 1 1 1 0 0 0 1 1 1 1 2 0 0 2 2 2 5 5 19 16 16 18 22 22 20 20 3 3 3 1 3 3 3 3 3 4 4 3
 5 5 4 0 0 4 4 4 1 1 1 0 0 0 1 1 1 1 2 0 0 2 2 2 5 5 19 16 16 18 22 22 20 20 3 3 3 1 3 3 3 3 3 4 4 3
 5 5 4 0 0 1 1 1 1 1 0 0 0 0 0 0 0 0 1 0 0 10 5 5 3 3 21 9 9 16 22 22 4 4 2 0 0 0 1 1 1 1 1 1 1 2
 0 0 4 6 6 1 5 5 2 2 1 0 0 0 0 0 0 0 0 10 10 11 5 5 12 12 4 20 20 13 14 14 6 6 1 0 0 0 0 0 0 0 0 1 1 1
 0 0 4 6 6 1 5 5 2 2 1 0 0 0 0 0 0 0 0 10 10 11 5 5 12 12 4 20 20 13 14 14 6 6 1 0 0 0 0 0 0 0 0 1 1 1
 0 0 0 7 7 3 9 9 6 6 0 0 0 0 0 0 0 0 0 10 10 0 3 3 8 8 10 3 3 25 10 10 8 8 0 0 0 0 0 0 0 0 0 1 1 1
 0 0 0 0 0 1 3 3 5 5 0 0 0 0 0 0 0 0 0 0 0 0 3 3 4 4 2 3 3 7 6 6 7 7 0 2 2 0 0 0 0 0 1 0 0 1
 0 0 0 0 0 1 3 3 5 5 0 0 0 0 0 0 0 0 0 0 0 0 3 3 4 4 2 3 3 7 6 6 7 7 0 2 2 0 0 0 0 0 1 0 0 1
 0 0 0 0 0 0 0 0 2 2 0 0 0 0 0 0 0 0 0 0 0 1 1 1 2 2 2 2 2 3 6 6 1 1 0 2 2 1 1 1 1 1 1 2 2 1
 0 0 0 0 0 0 0 0 2 2 0 0 0 0 0 0 0 0 0 0 0 1 1 1 2 2 2 2 2 3 6 6 1 1 0 2 2 1 1 1 1 1 1 2 2 1
 0 0 0 0 0 0 0 0 0 0 0 0 0 0 0 0 0 0 1 1 1 1 0 0 2 2 1 1 1 0 0 0 1 1 6 3 3 2 1 1 1 1 0 1 1 2
 1 1 1 0 0 0 0 0 0 0 0 1 1 1 1 1 1 1 1 1 1 1 1 1 1 1 1 1 1 0 0 0 0 0 0 1 1 1 0 0 0 0 0 1 1 0
 1 1 1 0 0 0 0 0 0 0 0 1 1 1 1 1 1 1 1 1 1 1 1 1 1 1 1 1 1 0 0 0 0 0 0 1 1 1 0 0 0 0 0 1 1 0
 1 1 0 0 0 2 3 3 1 1 1 1 1 2 3 3 1 1 1 1 1 2 1 1 1 1 2 1 1 0 0 0 0 0 0 0 0 2 0 0 0 0 0 0 0 0
 0 0 0 0 0 2 1 1 1 1 2 2 2 2 3 3 3 3 2 3 3 2 0 0 0 0 0 1 1 0 0 0 0 0 0 0 0 0 0 0 0 0 0 0 0 1
 0 0 0 0 0 2 1 1 1 1 2 2 2 2 3 3 3 3 2 3 3 2 0 0 0 0 0 1 1 0 0 0 0 0 0 0 0 0 0 0 0 0 0 0 0 1
 0 0 1 2 2 1 2 2 2 2 5 3 3 2 2 2 4 4 3 4 4 4 0 0 0 0 0 1 1 1 0 0 0 0 0 1 1 1 0 0 1 1 1 2 2 2
 0 0 1 2 2 1 2 2 2 2 5 3 3 2 2 2 4 4 3 4 4 4 0 0 0 0 0 1 1 1 0 0 0 0 0 1 1 1 0 0 1 1 1 2 2 2
 1 1 1 1 1 2 2 2 2 2 3 3 3 3 3 3 3 3 3 3 3 3 2 2 1 1 1 0 0 0 0 0 1 1 1 1 1 0 0 0 0 0 1 1 1 3
 0 0 0 1 1 2 4 4 6 6 3 3 3 3 3 3 2 2 3 2 2 2 1 1 2 2 0 0 0 0 1 1 1 1 0 0 0 0 0 0 0 0 0 0 0 2
 0 0 0 1 1 2 4 4 6 6 3 3 3 3 3 3 2 2 3 2 2 2 1 1 2 2 0 0 0 0 1 1 1 1 0 0 0 0 0 0 0 0 0 0 0 2
 0 0 0 2 2 10 14 14 8 8 3 3 3 2 1 1 1 1 1 1 1 1 0 0 1 1 0 0 0 0 1 1 1 1 0 0 0 0 0 0 0 0 1 0 0 0
 0 0 0 2 2 2 3 3 2 2 2 1 1 1 0 0 0 0 0 1 1 0 1 1 1 1 0 0 0 0 1 1 0 0 0 0 0 0 0 0 0 0 3 0 0 0
 0 0 0 2 2 2 3 3 2 2 2 1 1 1 0 0 0 0 0 1 1 0 1 1 1 1 0 0 0 0 1 1 0 0 0 0 0 0 0 0 0 0 3 0 0 0
 0 0 1 0 0 1 1 1 0 0 0 1 1 1 0 0 0 0 0 0 0 0 0 0 0 0 0 0 0 0 0 0 0 0 0 0 0 0 0 0 0 0 1 0 0 0
 0 0 1 0 0 1 1 1 0 0 0 1 1 1 0 0 0 0 0 0 0 0 0 0 0 0 0 0 0 0 0 0 0 0 0 0 0 0 0 0 0 0 1 0 0 0
 0 0 0 0 0 1 0 0 0 0 0 0 0 0 0 0 0 0 0 0 0 0 0 0 0 0 1 0 0 0 0 0 0 0 0 0 0 0 0 0 0 0 0 0 0 0
 0 0 0 0 0 0 0 0 0 0 0 0 0 0 0 0 0 0 0 0 0 0 0 0 0 0 1 0 0 0 0 0 0 0 0 0 0 0 0 0 0 0 0 0 0 0
 0 0 0 0 0 0 0 0 0 0 0 0 0 0 0 0 0 0 0 0 0 0 0 0 0 0 1 0 0 0 0 0 0 0 0 0 0 0 0 0 0 0 0 0 0 0
 0 0 0 0 0 0 0 0 0 0 0 0 0 0 0 0 0 0 0 0 0 0 0 0 0 0 1 0 0 0 0 0 0 0 0 0 0 0 0 0 0 0 0 0 0 0
 0 0 0 0 0 0 0 0 0 0 0 0 0 0 0 0 0 0 0 0 0 0 0 0 0 0 1 1 1 0 0 0 0 0 0 0 0 0 0 0 0 0 0 0 0 0
