assets/RAT_results/precipitation/2019-11-21_IMERG.asc
ncols        46
nrows        77
xllcorner    74.800261325624
yllcorner    8.058333333333
cellsize     0.062500000000
NODATA_value -9999
 0 0 0 0 0 0 0 0 0 0 0 0 0 0 0 0 0 0 0 0 0 0 0 0 0 0 0 0 0 0 0 0 0 0 0 0 0 0 0 0 0 0 0 0 0 0
 0 0 0 0 0 0 0 0 0 0 0 0 0 0 0 0 0 0 0 0 0 0 0 0 0 0 0 0 0 0 0 0 0 0 0 0 0 0 0 0 0 0 0 0 0 0
 0 0 0 0 0 0 0 0 0 0 0 0 0 0 0 0 0 0 0 0 0 0 0 0 0 0 0 0 0 0 0 0 0 0 0 0 0 0 0 0 0 0 0 0 0 0
 0 0 0 0 0 0 0 0 0 0 0 0 0 0 0 0 0 0 0 0 0 0 0 0 0 0 0 0 0 0 0 0 0 0 0 0 0 0 0 0 0 0 0 0 0 0
 0 0 0 0 0 0 0 0 0 0 0 0 0 0 0 0 0 0 0 0 0 0 0 0 0 0 0 0 0 0 0 0 0 0 0 0 0 0 0 0 0 0 0 0 0 0
 0 0 0 0 0 0 0 0 0 0 0 0 0 0 0 0 0 0 0 0 0 0 0 0 0 0 0 0 0 0 0 0 0 0 0 0 0 0 0 0 0 0 0 0 0 0
 0 0 0 0 0 0 0 0 0 0 1 0 0 0 0 0 0 0 0 0 0 0 0 0 0 0 0 0 0 0 0 0 0 0 0 0 0 0 0 0 0 0 0 0 0 0
 0 0 0 0 0 0 0 0 0 0 1 0 0 0 0 0 0 0 0 0 0 0 0 0 0 0 0 0 0 0 0 0 0 0 0 0 0 0 0 0 0 0 0 0 0 0
 0 0 0 0 0 0 0 0 3 3 0 0 0 0 0 0 0 0 0 0 0 0 0 0 0 0 0 0 0 0 0 0 0 0 0 0 0 0 0 0 0 0 0 0 0 0
 0 0 0 0 0 0 2 2 1 1 1 27 27 3 0 0 0 0 0 0 0 0 0 0 0 0 0 0 0 0 0 0 0 0 0 0 0 0 0 0 0 0 0 0 0 0
 0 0 0 0 0 0 2 2 1 1 1 27 27 3 0 0 0 0 0 0 0 0 0 0 0 0 0 0 0 0 0 0 0 0 0 0 0 0 0 0 0 0 0 0 0 0
 0 0 0 0 0 0 1 1 1 1 4 27 27 15 1 1 0 0 0 0 0 0 0 0 0 0 0 0 0 0 0 0 0 0 0 0 0 0 0 0 0 0 0 0 0 0
 0 0 0 0 0 0 1 1 3 3 10 35 35 16 1 1 0 0 0 0 0 0 0 0 0 0 0 0 0 0 0 0 0 0 0 0 0 0 0 0 0 0 0 0 0 0
 0 0 0 0 0 0 1 1 3 3 10 35 35 16 1 1 0 0 0 0 0 0 0 0 0 0 0 0 0 0 0 0 0 0 0 0 0 0 0 0 0 0 0 0 0 0
 0 0 0 0 0 1 2 2 3 3 3 8 8 2 0 0 0 0 0 0 0 0 0 0 0 0 0 0 0 0 0 0 0 0 0 0 0 0 0 0 0 0 0 0 0 0
 0 0 0 0 0 1 2 2 3 3 3 8 8 2 0 0 0 0 0 0 0 0 0 0 0 0 0 0 0 0 0 0 0 0 0 0 0 0 0 0 0 0 0 0 0 0
 0 0 0 0 0 1 1 1 3 3 3 2 2 4 0 0 0 0 0 0 0 0 0 0 0 0 0 0 0 0 0 0 0 0 0 0 0 0 1 1 6 6 2 0 0 0
 0 0 0 1 1 1 1 1 1 1 2 1 1 0 9 9 9 9 0 0 0 0 0 0 0 0 0 0 0 0 0 0 0 0 0 0 0 0 1 1 2 2 1 0 0 0
 0 0 0 1 1 1 1 1 1 1 2 1 1 0 9 9 9 9 0 0 0 0 0 0 0 0 0 0 0 0 0 0 0 0 0 0 0 0 1 1 2 2 1 0 0 0
 3 3 2 3 3 3 2 2 1 1 1 1 1 0 0 0 1 1 0 0 0 0 0 0 0 0 0 0 0 0 0 0 1 1 1 4 4 47 4 4 3 3 3 2 2 0
 11 11 9 8 8 6 4 4 2 2 1 0 0 0 0 0 9 9 2 0 0 0 0 0 0 0 1 1 1 1 1 1 2 2 1 3 3 27 5 5 5 5 4 2 2 1
 11 11 9 8 8 6 4 4 2 2 1 0 0 0 0 0 9 9 2 0 0 0 0 0 0 0 1 1 1 1 1 1 2 2 1 3 3 27 5 5 5 5 4 2 2 1
 12 12 11 9 9 7 5 5 3 3 1 0 0 1 1 1 0 0 0 1 1 0 0 0 1 1 1 1 1 2 3 3 4 4 2 1 1 2 5 5 8 8 3 3 3 4
 12 12 11 9 9 7 5 5 3 3 1 0 0 1 1 1 0 0 0 1 1 0 0 0 1 1 1 1 1 2 3 3 4 4 2 1 1 2 5 5 8 8 3 3 3 4
 20 20 18 17 17 13 10 10 7 7 3 2 2 1 1 1 1 1 1 1 1 2 4 4 5 5 4 4 4 5 5 5 3 3 2 1 1 2 11 11 13 13 5 4 4 9
 27 27 27 26 26 26 20 20 14 14 5 3 3 1 2 2 1 1 1 1 1 2 3 3 5 5 4 4 4 4 4 4 4 4 5 7 7 11 11 11 8 8 9 11 11 13
 27 27 27 26 26 26 20 20 14 14 5 3 3 1 2 2 1 1 1 1 1 2 3 3 5 5 4 4 4 4 4 4 4 4 5 7 7 11 11 11 8 8 9 11 11 13
 25 25 29 24 24 16 14 14 8 8 5 3 3 2 2 2 3 3 3 2 2 2 1 1 1 1 1 1 1 2 2 2 3 3 4 5 5 6 5 5 4 4 4 4 4 5
 10 10 10 11 11 11 12 12 9 9 7 8 8 10 13 13 8 8 7 5 5 3 2 2 1 1 1 1 1 1 1 1 2 2 3 3 3 3 3 3 2 2 2 2 2 2
 10 10 10 11 11 11 12 12 9 9 7 8 8 10 13 13 8 8 7 5 5 3 2 2 1 1 1 1 1 1 1 1 2 2 3 3 3 3 3 3 2 2 2 2 2 2
 6 6 9 10 10 13 16 16 18 18 22 29 29 40 45 45 33 33 17 10 10 6 3 3 2 2 1 1 1 0 0 0 0 0 0 1 1 1 1 1 1 1 1 1 1 1
 6 6 9 10 10 13 16 16 18 18 22 29 29 40 45 45 33 33 17 10 10 6 3 3 2 2 1 1 1 0 0 0 0 0 0 1 1 1 1 1 1 1 1 1 1 1
 8 8 11 14 14 20 25 25 31 31 32 35 35 51 60 60 43 43 23 17 17 11 6 6 3 3 2 1 1 1 1 1 1 1 2 3 3 3 2 2 1 1 1 0 0 0
 8 8 10 12 12 15 18 18 21 21 19 16 16 27 37 37 36 36 29 22 22 13 6 6 3 3 1 1 1 1 1 1 1 1 1 1 1 2 2 2 2 2 1 0 0 0
 8 8 10 12 12 15 18 18 21 21 19 16 16 27 37 37 36 36 29 22 22 13 6 6 3 3 1 1 1 1 1 1 1 1 1 1 1 2 2 2 2 2 1 0 0 0
 8 8 10 12 12 16 20 20 23 23 20 16 16 28 39 39 38 38 30 19 19 10 5 5 2 2 1 0 0 1 2 2 3 3 1 0 0 0 1 1 1 1 1 0 0 0
 7 7 8 10 10 12 15 15 19 19 24 22 22 16 25 25 43 43 35 25 25 16 7 7 3 3 1 1 1 1 2 2 2 2 1 0 0 0 1 1 1 1 0 0 0 0
 7 7 8 10 10 12 15 15 19 19 24 22 22 16 25 25 43 43 35 25 25 16 7 7 3 3 1 1 1 1 2 2 2 2 1 0 0 0 1 1 1 1 0 0 0 0
 8 8 9 11 11 12 15 15 20 20 25 25 25 18 19 19 17 17 13 9 9 4 2 2 1 1 1 1 1 1 1 1 1 1 0 0 0 0 1 1 1 1 1 1 1 1
 8 8 9 11 11 12 15 15 20 20 25 25 25 18 19 19 17 17 13 9 9 4 2 2 1 1 1 1 1 1 1 1 1 1 0 0 0 0 1 1 1 1 1 1 1 1
 8 8 9 12 12 15 18 18 22 22 27 25 25 17 0 0 1 1 1 2 2 2 1 1 1 1 1 0 0 1 0 0 0 0 1 1 1 1 1 1 0 0 0 0 0 0
 9 9 9 10 10 10 11 11 13 13 17 21 21 13 0 0 0 0 0 1 1 1 1 1 1 1 0 0 0 0 0 0 0 0 0 1 1 1 1 1 1 1 1 1 1 0
 9 9 9 10 10 10 11 11 13 13 17 21 21 13 0 0 0 0 0 1 1 1 1 1 1 1 0 0 0 0 0 0 0 0 0 1 1 1 1 1 1 1 1 1 1 0
 9 9 9 9 9 10 10 10 12 12 16 20 20 13 0 0 0 0 0 0 0 0 0 0 0 0 0 0 0 0 0 0 1 1 1 1 1 1 1 1 1 1 1 0 0 0
 5 5 4 4 4 4 3 3 2 2 1 0 0 0 0 0 1 1 1 1 1 0 0 0 0 0 0 0 0 0 0 0 0 0 0 0 0 1 0 0 0 0 0 0 0 0
 5 5 4 4 4 4 3 3 2 2 1 0 0 0 0 0 1 1 1 1 1 0 0 0 0 0 0 0 0 0 0 0 0 0 0 0 0 1 0 0 0 0 0 0 0 0
 2 2 3 3 3 2 2 2 1 1 1 1 1 1 1 1 1 1 1 1 1 0 0 0 0 0 0 0 0 0 0 0 0 0 0 0 0 0 0 0 0 0 0 0 0 0
 2 2 3 3 3 2 2 2 1 1 1 1 1 1 1 1 1 1 1 1 1 0 0 0 0 0 0 0 0 0 0 0 0 0 0 0 0 0 0 0 0 0 0 0 0 0
 2 2 1 1 1 1 1 1 1 1 1 1 1 1 1 1 1 1 1 0 0 0 0 0 0 0 0 0 0 0 0 0 0 0 0 0 0 0 0 0 0 0 0 0 0 0
 1 1 1 0 0 0 0 0 0 0 0 0 0 1 1 1 0 0 0 0 0 0 0 0 0 0 0 0 0 0 0 0 0 0 0 0 0 0 0 0 0 0 0 0 0 0
 1 1 1 0 0 0 0 0 0 0 0 0 0 1 1 1 0 0 0 0 0 0 0 0 0 0 0 0 0 0 0 0 0 0 0 0 0 0 0 0 0 0 0 0 0 0
 3 3 2 1 1 0 0 0 0 0 0 0 0 0 1 1 0 0 0 0 0 0 0 0 0 0 0 0 0 0 0 0 0 0 0 0 0 0 0 0 0 0 0 0 0 0
 15 15 14 17 17 14 10 10 8 8 6 4 4 2 1 1 1 1 0 0 0 0 0 0 0 0 0 0 0 0 0 0 0 0 0 0 0 0 0 0 0 0 0 0 0 0
 15 15 14 17 17 14 10 10 8 8 6 4 4 2 1 1 1 1 0 0 0 0 0 0 0 0 0 0 0 0 0 0 0 0 0 0 0 0 0 0 0 0 0 0 0 0
 12 12 14 15 15 12 9 9 7 7 5 3 3 2 1 1 1 1 0 0 0 0 0 0 5 5 7 4 4 3 2 2 1 1 0 0 0 0 0 0 0 0 0 0 0 0
 12 12 14 15 15 12 9 9 7 7 5 3 3 2 1 1 1 1 0 0 0 0 0 0 5 5 7 4 4 3 2 2 1 1 0 0 0 0 0 0 0 0 0 0 0 0
 14 14 21 25 25 21 15 15 12 12 9 6 6 4 2 2 1 1 0 0 0 0 6 6 10 10 10 7 7 6 3 3 1 1 0 0 0 0 0 0 0 0 0 0 0 0
 11 11 11 16 16 15 11 11 8 8 6 5 5 5 5 5 5 5 5 7 7 9 6 6 6 6 9 13 13 12 7 7 4 4 3 3 3 4 4 4 3 3 2 2 2 0
 11 11 11 16 16 15 11 11 8 8 6 5 5 5 5 5 5 5 5 7 7 9 6 6 6 6 9 13 13 12 7 7 4 4 3 3 3 4 4 4 3 3 2 2 2 0
 8 8 8 8 8 11 9 9 7 7 6 5 5 5 5 5 5 5 5 7 7 9 6 6 6 6 9 12 12 10 5 5 3 3 1 1 1 1 1 1 1 1 0 0 0 0
 2 2 1 1 1 0 0 0 0 0 1 1 1 1 1 1 0 0 0 0 0 0 0 0 1 1 3 4 4 4 2 2 1 1 1 0 0 1 0 0 0 0 0 0 0 0
 2 2 1 1 1 0 0 0 0 0 1 1 1 1 1 1 0 0 0 0 0 0 0 0 1 1 3 4 4 4 2 2 1 1 1 0 0 1 0 0 0 0 0 0 0 0
 0 0 0 1 1 0 0 0 0 0 0 0 0 0 0 0 0 0 0 0 0 0 0 0 1 1 2 3 3 4 5 5 5 5 5 5 5 6 7 7 4 4 3 4 4 3
 0 0 0 1 1 0 0 0 0 0 0 0 0 0 0 0 0 0 0 0 0 0 0 0 1 1 2 3 3 4 5 5 5 5 5 5 5 6 7 7 4 4 3 4 4 3
 0 0 0 0 0 0 0 0 0 0 0 0 0 0 0 0 0 0 0 0 0 0 0 0 1 1 2 3 3 4 5 5 5 5 4 5 5 5 6 6 5 5 1 0 0 0
 0 0 0 0 0 0 0 0 0 0 0 0 0 0 0 0 0 0 0 0 0 0 1 1 1 1 4 6 6 10 13 13 10 10 8 5 5 5 6 6 6 6 1 1 1 1
 0 0 0 0 0 0 0 0 0 0 0 0 0 0 0 0 0 0 0 0 0 0 1 1 1 1 4 6 6 10 13 13 10 10 8 5 5 5 6 6 6 6 1 1 1 1
 0 0 0 0 0 0 0 0 0 0 0 0 0 0 0 0 1 1 1 2 2 2 3 3 5 5 6 7 7 10 9 9 7 7 3 1 1 1 2 2 3 3 3 3 3 3
 0 0 0 0 0 0 0 0 0 0 0 0 0 0 1 1 1 1 2 3 3 4 6 6 9 9 12 15 15 18 16 16 10 10 5 3 3 4 5 5 4 4 4 3 3 2
 0 0 0 0 0 0 0 0 0 0 0 0 0 0 1 1 1 1 2 3 3 4 6 6 9 9 12 15 15 18 16 16 10 10 5 3 3 4 5 5 4 4 4 3 3 2
 0 0 0 0 0 0 0 0 0 0 0 0 0 0 1 1 1 1 2 3 3 4 6 6 10 10 10 12 12 15 10 10 7 7 3 2 2 2 1 1 1 1 2 1 1 1
 0 0 0 0 0 0 0 0 0 0 0 0 0 0 1 1 1 1 2 3 3 4 6 6 10 10 10 12 12 15 10 10 7 7 3 2 2 2 1 1 1 1 2 1 1 1
 0 0 0 0 0 0 0 0 0 0 0 0 0 0 0 0 1 1 1 2 2 3 4 4 5 5 5 4 4 4 3 3 2 2 2 1 1 1 0 0 0 0 0 0 0 1
 0 0 0 0 0 0 0 0 0 0 0 0 0 0 0 0 0 0 0 0 0 1 1 1 1 1 2 1 1 1 1 1 1 1 0 0 0 0 0 0 0 0 0 0 0 0
 0 0 0 0 0 0 0 0 0 0 0 0 0 0 0 0 0 0 0 0 0 1 1 1 1 1 2 1 1 1 1 1 1 1 0 0 0 0 0 0 0 0 0 0 0 0
 0 0 0 0 0 0 0 0 0 0 0 0 0 0 0 0 0 0 0 0 0 0 0 0 0 0 0 0 0 0 0 0 0 0 0 1 1 0 0 0 0 0 0 0 0 0
 0 0 0 0 0 0 0 0 0 0 0 0 0 0 0 0 0 0 0 0 0 0 0 0 0 0 0 0 0 0 0 0 0 0 0 0 0 0 0 0 0 0 0 0 0 0
