assets/RAT_results/precipitation/2019-10-05_IMERG.asc
ncols        46
nrows        77
xllcorner    74.800261325624
yllcorner    8.058333333333
cellsize     0.062500000000
NODATA_value -9999
 22 22 17 10 10 14 22 22 32 32 60 46 46 8 7 7 11 11 13 4 4 6 3 3 2 2 1 2 2 1 2 2 1 1 5 9 9 9 2 2 2 2 2 1 1 7
 25 25 21 21 21 18 21 21 45 45 36 82 82 8 6 6 9 9 7 5 5 1 2 2 5 5 3 3 3 2 1 1 1 1 5 11 11 8 7 7 1 1 2 3 3 2
 25 25 21 21 21 18 21 21 45 45 36 82 82 8 6 6 9 9 7 5 5 1 2 2 5 5 3 3 3 2 1 1 1 1 5 11 11 8 7 7 1 1 2 3 3 2
 33 33 26 30 30 22 19 19 45 45 27 13 13 11 35 35 19 19 22 15 15 15 1 1 1 1 1 1 1 2 2 2 1 1 5 8 8 10 9 9 1 1 1 0 0 0
 72 72 40 29 29 15 18 18 42 42 31 16 16 33 31 31 25 25 21 15 15 14 0 0 0 0 0 0 0 0 1 1 2 2 6 14 14 4 5 5 4 4 0 0 0 0
 72 72 40 29 29 15 18 18 42 42 31 16 16 33 31 31 25 25 21 15 15 14 0 0 0 0 0 0 0 0 1 1 2 2 6 14 14 4 5 5 4 4 0 0 0 0
 73 73 50 39 39 23 13 13 12 12 18 22 22 37 44 44 18 18 3 1 1 0 0 0 0 0 0 0 0 1 1 1 7 7 12 13 13 2 6 6 3 3 0 0 0 0
 73 73 50 39 39 23 13 13 12 12 18 22 22 37 44 44 18 18 3 1 1 0 0 0 0 0 0 0 0 1 1 1 7 7 12 13 13 2 6 6 3 3 0 0 0 0
 45 45 42 52 52 42 13 13 15 15 33 43 43 39 26 26 18 18 3 1 1 0 0 0 1 1 0 1 1 8 4 4 3 3 3 5 5 2 0 0 0 0 1 1 1 1
 41 41 27 35 35 23 13 13 13 13 38 25 25 20 18 18 13 13 2 0 0 0 1 1 1 1 1 5 5 5 14 14 6 6 1 2 2 9 6 6 1 1 1 3 3 23
 41 41 27 35 35 23 13 13 13 13 38 25 25 20 18 18 13 13 2 0 0 0 1 1 1 1 1 5 5 5 14 14 6 6 1 2 2 9 6 6 1 1 1 3 3 23
 37 37 25 21 21 15 10 10 14 14 9 25 25 13 10 10 4 4 2 1 1 5 6 6 2 2 2 2 2 4 10 10 6 6 2 5 5 24 10 10 6 6 1 2 2 32
 105 105 93 52 52 8 13 13 3 3 7 10 10 7 4 4 4 4 2 1 1 0 1 1 3 3 8 14 14 12 9 9 2 2 2 10 10 32 9 9 1 1 5 1 1 1
 105 105 93 52 52 8 13 13 3 3 7 10 10 7 4 4 4 4 2 1 1 0 1 1 3 3 8 14 14 12 9 9 2 2 2 10 10 32 9 9 1 1 5 1 1 1
 97 97 93 23 23 23 7 7 3 3 7 6 6 2 2 2 3 3 9 2 2 0 2 2 5 5 5 14 14 11 6 6 4 4 4 2 2 14 46 46 29 29 0 1 1 0
 97 97 93 23 23 23 7 7 3 3 7 6 6 2 2 2 3 3 9 2 2 0 2 2 5 5 5 14 14 11 6 6 4 4 4 2 2 14 46 46 29 29 0 1 1 0
 63 63 42 27 27 20 4 4 4 4 5 3 3 3 6 6 6 6 14 19 19 5 4 4 6 6 8 12 12 10 6 6 1 1 3 3 3 9 5 5 4 4 1 3 3 1
 55 55 60 5 5 4 6 6 11 11 10 4 4 14 10 10 25 25 21 18 18 11 4 4 6 6 16 13 13 8 2 2 0 0 0 27 27 21 8 8 14 14 9 11 11 2
 55 55 60 5 5 4 6 6 11 11 10 4 4 14 10 10 25 25 21 18 18 11 4 4 6 6 16 13 13 8 2 2 0 0 0 27 27 21 8 8 14 14 9 11 11 2
 53 53 53 5 5 5 18 18 22 22 11 9 9 20 21 21 20 20 22 14 14 9 7 7 10 10 8 5 5 2 1 1 5 5 13 19 19 35 14 14 14 14 14 11 11 8
 60 60 59 6 6 6 8 8 12 12 19 32 32 17 24 24 27 27 20 19 19 10 8 8 4 4 6 3 3 1 1 1 7 7 11 10 10 19 16 16 10 10 7 2 2 1
 60 60 59 6 6 6 8 8 12 12 19 32 32 17 24 24 27 27 20 19 19 10 8 8 4 4 6 3 3 1 1 1 7 7 11 10 10 19 16 16 10 10 7 2 2 1
 74 74 58 41 41 19 20 20 22 22 18 25 25 23 26 26 23 23 23 42 42 25 10 10 1 1 5 6 6 7 1 1 15 15 5 4 4 6 8 8 6 6 1 1 1 0
 74 74 58 41 41 19 20 20 22 22 18 25 25 23 26 26 23 23 23 42 42 25 10 10 1 1 5 6 6 7 1 1 15 15 5 4 4 6 8 8 6 6 1 1 1 0
 64 64 27 61 61 20 20 20 125 125 112 122 122 24 21 21 47 47 51 57 57 50 29 29 10 10 6 4 4 1 1 1 0 0 0 0 0 0 1 1 0 0 0 0 0 0
 69 69 38 47 47 37 32 32 127 127 118 113 113 25 29 29 36 36 38 57 57 59 45 45 31 31 20 6 6 5 0 0 0 0 0 0 0 0 0 0 0 0 0 0 0 0
 69 69 38 47 47 37 32 32 127 127 118 113 113 25 29 29 36 36 38 57 57 59 45 45 31 31 20 6 6 5 0 0 0 0 0 0 0 0 0 0 0 0 0 0 0 0
 69 69 40 50 50 14 25 25 121 121 120 119 119 27 19 19 25 25 38 55 55 76 76 76 26 26 28 7 7 7 1 1 3 3 0 0 0 0 0 0 0 0 0 0 0 0
 56 56 39 40 40 19 25 25 3 3 18 71 71 79 39 39 31 31 34 28 28 32 34 34 30 30 18 7 7 6 3 3 4 4 0 0 0 0 0 0 0 0 0 0 0 0
 56 56 39 40 40 19 25 25 3 3 18 71 71 79 39 39 31 31 34 28 28 32 34 34 30 30 18 7 7 6 3 3 4 4 0 0 0 0 0 0 0 0 0 0 0 0
 55 55 37 39 39 18 7 7 5 5 20 73 73 74 99 99 78 78 31 22 22 36 48 48 26 26 19 17 17 14 7 7 7 7 17 0 0 0 0 0 0 0 0 0 0 0
 55 55 37 39 39 18 7 7 5 5 20 73 73 74 99 99 78 78 31 22 22 36 48 48 26 26 19 17 17 14 7 7 7 7 17 0 0 0 0 0 0 0 0 0 0 0
 34 34 38 23 23 19 27 27 25 25 64 42 42 113 99 99 78 78 27 26 26 113 150 150 35 35 31 14 14 25 5 5 21 21 16 3 3 0 0 0 0 0 0 0 0 0
 40 40 40 49 49 47 67 67 27 27 67 44 44 16 28 28 26 26 22 29 29 37 47 47 23 23 14 19 19 11 10 10 11 11 6 3 3 1 0 0 1 1 0 0 0 0
 40 40 40 49 49 47 67 67 27 27 67 44 44 16 28 28 26 26 22 29 29 37 47 47 23 23 14 19 19 11 10 10 11 11 6 3 3 1 0 0 1 1 0 0 0 0
 30 30 40 49 49 47 69 69 61 61 60 21 21 29 7 7 13 13 16 21 21 21 18 18 21 21 20 20 20 21 7 7 7 7 5 4 4 4 1 1 0 0 0 0 0 0
 28 28 30 35 35 50 52 52 92 92 91 49 49 22 6 6 13 13 11 21 21 23 21 21 24 24 20 19 19 13 5 5 6 6 4 2 2 3 0 0 0 0 0 0 0 0
 28 28 30 35 35 50 52 52 92 92 91 49 49 22 6 6 13 13 11 21 21 23 21 21 24 24 20 19 19 13 5 5 6 6 4 2 2 3 0 0 0 0 0 0 0 0
 9 9 15 12 12 46 47 47 92 92 92 51 51 8 5 5 12 12 13 24 24 29 100 100 23 23 30 21 21 18 20 20 8 8 7 4 4 3 0 0 0 0 0 0 0 0
 9 9 15 12 12 46 47 47 92 92 92 51 51 8 5 5 12 12 13 24 24 29 100 100 23 23 30 21 21 18 20 20 8 8 7 4 4 3 0 0 0 0 0 0 0 0
 7 7 16 12 12 46 44 44 51 51 46 46 46 1 2 2 12 12 13 20 20 29 39 39 85 85 33 23 23 18 21 21 20 20 7 5 5 3 1 1 2 2 0 0 0 0
 3 3 6 4 4 3 43 43 30 30 2 45 45 1 2 2 5 5 6 15 15 25 26 26 28 28 57 50 50 49 34 34 16 16 9 6 6 4 3 3 3 3 2 2 2 0
 3 3 6 4 4 3 43 43 30 30 2 45 45 1 2 2 5 5 6 15 15 25 26 26 28 28 57 50 50 49 34 34 16 16 9 6 6 4 3 3 3 3 2 2 2 0
 1 1 1 2 2 2 31 31 32 32 4 3 3 2 2 2 15 15 20 22 22 28 24 24 38 38 34 54 54 108 39 39 14 14 14 7 7 5 1 1 3 3 2 0 0 0
 0 0 1 1 1 2 24 24 25 25 12 5 5 4 16 16 16 16 21 43 43 29 32 32 48 48 44 114 114 49 33 33 12 12 63 10 10 3 2 2 1 1 1 0 0 0
 0 0 1 1 1 2 24 24 25 25 12 5 5 4 16 16 16 16 21 43 43 29 32 32 48 48 44 114 114 49 33 33 12 12 63 10 10 3 2 2 1 1 1 0 0 0
 1 1 1 1 1 2 32 32 26 26 13 6 6 6 5 5 24 24 40 41 41 26 25 25 25 25 19 17 17 57 37 37 57 57 58 6 6 2 1 1 0 0 0 0 0 0
 1 1 1 1 1 2 32 32 26 26 13 6 6 6 5 5 24 24 40 41 41 26 25 25 25 25 19 17 17 57 37 37 57 57 58 6 6 2 1 1 0 0 0 0 0 0
 1 1 2 2 2 3 32 32 24 24 25 8 8 12 8 8 25 25 148 149 149 35 17 17 19 19 24 15 15 71 111 111 70 70 63 4 4 1 0 0 0 0 0 0 0 0
 1 1 2 35 35 29 30 30 28 28 28 6 6 34 31 31 149 149 168 150 150 36 31 31 17 17 16 73 73 69 116 116 77 77 64 4 4 1 0 0 0 0 0 0 0 0
 1 1 2 35 35 29 30 30 28 28 28 6 6 34 31 31 149 149 168 150 150 36 31 31 17 17 16 73 73 69 116 116 77 77 64 4 4 1 0 0 0 0 0 0 0 0
 2 2 2 51 51 50 30 30 28 28 28 6 6 23 35 35 194 194 216 184 184 56 34 34 17 17 19 19 19 34 37 37 24 24 8 1 1 1 0 0 0 0 0 0 0 0
 3 3 51 52 52 52 52 52 40 40 9 8 8 20 26 26 195 195 217 184 184 180 217 217 61 61 37 20 20 34 22 22 21 21 8 4 4 0 0 0 0 0 0 0 0 0
 3 3 51 52 52 52 52 52 40 40 9 8 8 20 26 26 195 195 217 184 184 180 217 217 61 61 37 20 20 34 22 22 21 21 8 4 4 0 0 0 0 0 0 0 0 0
 22 22 41 42 42 39 54 54 47 47 9 27 27 24 22 22 19 19 140 178 178 183 225 225 145 145 37 19 19 20 92 92 72 72 26 7 7 0 1 1 0 0 0 0 0 0
 22 22 41 42 42 39 54 54 47 47 9 27 27 24 22 22 19 19 140 178 178 183 225 225 145 145 37 19 19 20 92 92 72 72 26 7 7 0 1 1 0 0 0 0 0 0
 5 5 49 43 43 39 47 47 47 47 27 28 28 26 26 26 21 21 44 47 47 144 143 143 132 132 36 35 35 17 25 25 19 19 17 5 5 2 1 1 0 0 0 0 0 0
 4 4 48 53 53 53 51 51 51 51 31 31 31 33 37 37 33 33 52 53 53 144 141 141 141 141 53 35 35 25 13 13 17 17 10 26 26 4 5 5 3 3 0 0 0 0
 4 4 48 53 53 53 51 51 51 51 31 31 31 33 37 37 33 33 52 53 53 144 141 141 141 141 53 35 35 25 13 13 17 17 10 26 26 4 5 5 3 3 0 0 0 0
 4 4 5 23 23 23 50 50 50 50 44 34 34 41 42 42 45 45 33 22 22 119 137 137 138 138 47 32 32 11 10 10 14 14 12 27 27 6 11 11 3 3 1 0 0 0
 5 5 6 22 22 23 45 45 54 54 53 51 51 70 79 79 47 47 27 22 22 118 135 135 163 163 51 33 33 13 11 11 7 7 8 8 8 9 24 24 7 7 8 2 2 0
 5 5 6 22 22 23 45 45 54 54 53 51 51 70 79 79 47 47 27 22 22 118 135 135 163 163 51 33 33 13 11 11 7 7 8 8 8 9 24 24 7 7 8 2 2 0
 6 6 4 22 22 43 43 43 52 52 52 45 45 30 27 27 35 35 27 22 22 118 134 134 45 45 31 22 22 9 9 9 6 6 8 17 17 65 17 17 14 14 5 1 1 0
 6 6 4 22 22 43 43 43 52 52 52 45 45 30 27 27 35 35 27 22 22 118 134 134 45 45 31 22 22 9 9 9 6 6 8 17 17 65 17 17 14 14 5 1 1 0
 3 3 3 22 22 42 43 43 51 51 52 31 31 27 26 26 19 19 8 8 8 8 29 29 31 31 33 18 18 18 9 9 4 4 16 60 60 19 16 16 16 16 2 0 0 0
 3 3 4 3 3 41 41 41 50 50 59 37 37 26 25 25 17 17 10 7 7 6 24 24 28 28 30 17 17 17 4 4 15 15 14 16 16 15 12 12 8 8 1 0 0 0
 3 3 4 3 3 41 41 41 50 50 59 37 37 26 25 25 17 17 10 7 7 6 24 24 28 28 30 17 17 17 4 4 15 15 14 16 16 15 12 12 8 8 1 0 0 0
 4 4 3 2 2 32 41 41 49 49 28 24 24 24 26 26 19 19 10 5 5 3 23 23 22 22 27 131 131 126 11 11 13 13 6 11 11 26 7 7 10 10 7 2 2 0
 4 4 3 2 2 31 34 34 9 9 10 16 16 29 41 41 35 35 13 7 7 3 22 22 23 23 118 137 137 129 5 5 13 13 9 10 10 7 8 8 8 8 5 1 1 1
 4 4 3 2 2 31 34 34 9 9 10 16 16 29 41 41 35 35 13 7 7 3 22 22 23 23 118 137 137 129 5 5 13 13 9 10 10 7 8 8 8 8 5 1 1 1
 3 3 2 5 5 5 11 11 11 11 8 9 9 22 35 35 37 37 24 12 12 5 6 6 4 4 7 6 6 24 5 5 10 10 9 8 8 6 5 5 7 7 5 1 1 4
 3 3 2 5 5 5 11 11 11 11 8 9 9 22 35 35 37 37 24 12 12 5 6 6 4 4 7 6 6 24 5 5 10 10 9 8 8 6 5 5 7 7 5 1 1 4
 2 2 1 1 1 4 6 6 7 7 8 8 8 11 27 27 14 14 9 5 5 7 7 7 4 4 9 7 7 1 1 1 5 5 3 3 3 7 3 3 3 3 11 11 11 4
 1 1 1 1 1 1 2 2 4 4 3 2 2 5 12 12 2 2 3 2 2 4 2 2 3 3 3 3 3 2 1 1 5 5 1 1 1 1 3 3 12 12 8 13 13 2
 1 1 1 1 1 1 2 2 4 4 3 2 2 5 12 12 2 2 3 2 2 4 2 2 3 3 3 3 3 2 1 1 5 5 1 1 1 1 3 3 12 12 8 13 13 2
 1 1 1 1 1 0 1 1 3 3 6 4 4 1 0 0 1 1 1 2 2 1 1 1 1 1 2 2 2 1 1 1 1 1 1 0 0 0 1 1 7 7 8 8 8 2
 0 0 0 0 0 0 0 0 1 1 2 3 3 1 0 0 0 0 1 2 2 1 1 1 1 1 2 1 1 1 0 0 5 5 3 0 0 1 0 0 1 1 2 1 1 2
