assets/RAT_results/precipitation/2019-08-21_IMERG.asc
ncols        46
nrows        77
xllcorner    74.800261325624
yllcorner    8.058333333333
cellsize     0.062500000000
NODATA_value -9999
 66 66 62 48 48 29 33 33 20 20 4 7 7 27 3 3 2 2 2 3 3 3 6 6 8 8 7 6 6 9 9 9 19 19 7 6 6 3 2 2 2 2 2 3 3 2
 70 70 62 49 49 35 48 48 32 32 28 13 13 8 1 1 1 1 1 1 1 1 3 3 4 4 5 5 5 7 12 12 13 13 24 21 21 6 6 6 2 2 2 4 4 3
 70 70 62 49 49 35 48 48 32 32 28 13 13 8 1 1 1 1 1 1 1 1 3 3 4 4 5 5 5 7 12 12 13 13 24 21 21 6 6 6 2 2 2 4 4 3
 75 75 56 48 48 30 37 37 53 53 45 39 39 22 4 4 3 3 1 0 0 0 2 2 4 4 5 5 5 6 8 8 14 14 29 30 30 25 28 28 9 9 4 3 3 1
 64 64 50 35 35 24 23 23 19 19 25 17 17 19 11 11 5 5 2 2 2 3 4 4 7 7 8 8 8 6 9 9 17 17 31 34 34 27 22 22 9 9 3 3 3 1
 64 64 50 35 35 24 23 23 19 19 25 17 17 19 11 11 5 5 2 2 2 3 4 4 7 7 8 8 8 6 9 9 17 17 31 34 34 27 22 22 9 9 3 3 3 1
 45 45 39 33 33 21 17 17 17 17 19 11 11 12 7 7 6 6 5 4 4 5 7 7 10 10 10 8 8 6 6 6 10 10 15 15 15 20 23 23 15 15 8 6 6 1
 45 45 39 33 33 21 17 17 17 17 19 11 11 12 7 7 6 6 5 4 4 5 7 7 10 10 10 8 8 6 6 6 10 10 15 15 15 20 23 23 15 15 8 6 6 1
 39 39 32 35 35 32 16 16 18 18 16 17 17 15 11 11 6 6 4 6 6 7 7 7 12 12 7 6 6 5 5 5 7 7 9 10 10 14 14 14 15 15 12 9 9 6
 45 45 42 39 39 33 25 25 18 18 17 25 25 21 16 16 12 12 11 5 5 10 7 7 13 13 12 11 11 9 6 6 11 11 11 8 8 10 15 15 17 17 12 12 12 13
 45 45 42 39 39 33 25 25 18 18 17 25 25 21 16 16 12 12 11 5 5 10 7 7 13 13 12 11 11 9 6 6 11 11 11 8 8 10 15 15 17 17 12 12 12 13
 42 42 36 25 25 29 30 30 23 23 21 17 17 15 19 19 17 17 12 6 6 5 7 7 7 7 11 19 19 25 10 10 10 10 12 14 14 13 15 15 16 16 18 21 21 22
 34 34 29 25 25 31 22 22 21 21 16 16 16 12 12 12 24 24 28 9 9 5 5 5 6 6 7 10 10 13 13 13 16 16 19 21 21 20 22 22 22 22 25 25 25 31
 34 34 29 25 25 31 22 22 21 21 16 16 16 12 12 12 24 24 28 9 9 5 5 5 6 6 7 10 10 13 13 13 16 16 19 21 21 20 22 22 22 22 25 25 25 31
 31 31 28 28 28 24 24 24 21 21 15 12 12 8 8 8 5 5 22 8 8 7 7 7 8 8 10 12 12 14 18 18 23 23 25 26 26 28 30 30 31 31 31 28 28 29
 31 31 28 28 28 24 24 24 21 21 15 12 12 8 8 8 5 5 22 8 8 7 7 7 8 8 10 12 12 14 18 18 23 23 25 26 26 28 30 30 31 31 31 28 28 29
 40 40 42 32 32 28 22 22 21 21 15 13 13 9 8 8 7 7 11 11 11 11 12 12 15 15 17 18 18 21 26 26 30 30 32 35 35 38 37 37 38 38 38 33 33 31
 33 33 34 33 33 29 27 27 21 21 24 18 18 11 10 10 9 9 14 15 15 13 17 17 20 20 25 26 26 26 30 30 34 34 37 42 42 48 48 48 43 43 44 38 38 34
 33 33 34 33 33 29 27 27 21 21 24 18 18 11 10 10 9 9 14 15 15 13 17 17 20 20 25 26 26 26 30 30 34 34 37 42 42 48 48 48 43 43 44 38 38 34
 41 41 39 38 38 35 31 31 25 25 19 18 18 15 9 9 7 7 14 16 16 20 19 19 23 23 27 30 30 31 35 35 36 36 39 45 45 47 51 51 48 48 46 40 40 38
 44 44 44 46 46 51 45 45 40 40 24 23 23 17 13 13 9 9 11 14 14 26 22 22 22 22 29 30 30 30 34 34 36 36 40 44 44 43 50 50 51 51 49 42 42 39
 44 44 44 46 46 51 45 45 40 40 24 23 23 17 13 13 9 9 11 14 14 26 22 22 22 22 29 30 30 30 34 34 36 36 40 44 44 43 50 50 51 51 49 42 42 39
 35 35 40 43 43 48 48 48 38 38 25 16 16 22 20 20 14 14 10 15 15 21 23 23 24 24 25 29 29 30 33 33 34 34 37 42 42 44 46 46 46 46 46 42 42 38
 35 35 40 43 43 48 48 48 38 38 25 16 16 22 20 20 14 14 10 15 15 21 23 23 24 24 25 29 29 30 33 33 34 34 37 42 42 44 46 46 46 46 46 42 42 38
 33 33 38 42 42 47 54 54 51 51 33 23 23 32 31 31 26 26 18 16 16 26 18 18 20 20 24 24 24 30 33 33 33 33 36 41 41 44 49 49 49 49 46 42 42 40
 37 37 46 50 50 59 61 61 63 63 50 37 37 34 39 39 31 31 21 18 18 19 14 14 15 15 18 22 22 25 28 28 29 29 31 37 37 41 43 43 44 44 44 42 42 43
 37 37 46 50 50 59 61 61 63 63 50 37 37 34 39 39 31 31 21 18 18 19 14 14 15 15 18 22 22 25 28 28 29 29 31 37 37 41 43 43 44 44 44 42 42 43
 39 39 43 52 52 71 75 75 142 142 77 57 57 47 47 47 50 50 34 25 25 24 18 18 16 16 17 21 21 22 23 23 26 26 26 29 29 33 35 35 37 37 38 34 34 36
 38 38 39 52 52 66 97 97 100 100 107 103 103 72 62 62 51 51 39 36 36 26 22 22 19 19 18 18 18 18 19 19 22 22 21 23 23 26 29 29 31 31 32 26 26 26
 38 38 39 52 52 66 97 97 100 100 107 103 103 72 62 62 51 51 39 36 36 26 22 22 19 19 18 18 18 18 19 19 22 22 21 23 23 26 29 29 31 31 32 26 26 26
 37 37 39 43 43 61 79 79 94 94 97 99 99 95 69 69 54 54 52 43 43 36 26 26 16 16 15 13 13 13 14 14 16 16 18 18 18 20 22 22 23 23 23 20 20 19
 37 37 39 43 43 61 79 79 94 94 97 99 99 95 69 69 54 54 52 43 43 36 26 26 16 16 15 13 13 13 14 14 16 16 18 18 18 20 22 22 23 23 23 20 20 19
 36 36 37 40 40 55 65 65 77 77 79 82 82 95 64 64 57 57 58 51 51 40 30 30 21 21 15 12 12 12 11 11 14 14 15 15 15 16 16 16 17 17 17 14 14 13
 35 35 35 40 40 45 53 53 64 64 73 85 85 91 65 65 56 56 56 55 55 50 42 42 29 29 18 12 12 11 8 8 8 8 8 9 9 10 11 11 12 12 12 10 10 9
 35 35 35 40 40 45 53 53 64 64 73 85 85 91 65 65 56 56 56 55 55 50 42 42 29 29 18 12 12 11 8 8 8 8 8 9 9 10 11 11 12 12 12 10 10 9
 33 33 36 38 38 38 38 38 51 51 68 74 74 75 60 60 55 55 49 63 63 50 45 45 33 33 17 11 11 9 7 7 6 6 5 6 6 7 7 7 7 7 7 7 7 6
 30 30 30 34 34 33 38 38 39 39 44 48 48 52 53 53 53 53 52 61 61 51 35 35 24 24 23 17 17 17 13 13 4 4 3 3 3 3 3 3 3 3 3 3 3 3
 30 30 30 34 34 33 38 38 39 39 44 48 48 52 53 53 53 53 52 61 61 51 35 35 24 24 23 17 17 17 13 13 4 4 3 3 3 3 3 3 3 3 3 3 3 3
 28 28 26 26 26 28 32 32 33 33 36 40 40 42 50 50 51 51 34 35 35 35 28 28 24 24 24 22 22 15 13 13 6 6 3 1 1 1 2 2 3 3 2 2 2 2
 28 28 26 26 26 28 32 32 33 33 36 40 40 42 50 50 51 51 34 35 35 35 28 28 24 24 24 22 22 15 13 13 6 6 3 1 1 1 2 2 3 3 2 2 2 2
 28 28 26 25 25 27 28 28 29 29 28 30 30 28 32 32 42 42 30 27 27 24 26 26 25 25 22 20 20 16 17 17 11 11 6 2 2 2 2 2 3 3 2 2 2 4
 30 30 31 29 29 28 27 27 28 28 29 28 28 27 26 26 37 37 29 25 25 27 28 28 41 41 20 20 20 11 14 14 6 6 3 2 2 2 2 2 3 3 3 3 3 4
 30 30 31 29 29 28 27 27 28 28 29 28 28 27 26 26 37 37 29 25 25 27 28 28 41 41 20 20 20 11 14 14 6 6 3 2 2 2 2 2 3 3 3 3 3 4
 28 28 30 33 33 31 29 29 28 28 29 29 29 28 19 19 19 19 18 22 22 22 28 28 25 25 14 14 14 8 4 4 5 5 6 3 3 3 2 2 3 3 4 3 3 3
 24 24 27 30 30 31 31 31 32 32 34 34 34 32 22 22 19 19 12 13 13 13 16 16 18 18 14 12 12 10 7 7 4 4 6 6 6 4 3 3 3 3 3 3 3 4
 24 24 27 30 30 31 31 31 32 32 34 34 34 32 22 22 19 19 12 13 13 13 16 16 18 18 14 12 12 10 7 7 4 4 6 6 6 4 3 3 3 3 3 3 3 4
 19 19 20 25 25 27 30 30 30 30 31 33 33 30 22 22 15 15 12 10 10 9 16 16 22 22 19 17 17 13 7 7 6 6 5 5 5 7 3 3 5 5 5 5 5 7
 19 19 20 25 25 27 30 30 30 30 31 33 33 30 22 22 15 15 12 10 10 9 16 16 22 22 19 17 17 13 7 7 6 6 5 5 5 7 3 3 5 5 5 5 5 7
 17 17 18 21 21 23 26 26 28 28 28 28 28 28 24 24 20 20 13 10 10 9 12 12 19 19 20 22 22 20 12 12 10 10 7 4 4 6 5 5 6 6 7 7 7 8
 17 17 17 18 18 19 20 20 21 21 20 22 22 23 22 22 20 20 18 17 17 18 17 17 13 13 29 18 18 23 13 13 6 6 9 11 11 7 4 4 8 8 9 8 8 9
 17 17 17 18 18 19 20 20 21 21 20 22 22 23 22 22 20 20 18 17 17 18 17 17 13 13 29 18 18 23 13 13 6 6 9 11 11 7 4 4 8 8 9 8 8 9
 16 16 17 18 18 18 18 18 18 18 18 16 16 16 13 13 11 11 13 14 14 19 20 20 14 14 14 24 24 23 13 13 12 12 11 9 9 9 9 9 8 8 9 10 10 11
 13 13 13 15 15 16 16 16 17 17 16 16 16 15 14 14 10 10 11 10 10 13 16 16 13 13 12 11 11 22 18 18 10 10 5 8 8 7 9 9 8 8 8 8 8 7
 13 13 13 15 15 16 16 16 17 17 16 16 16 15 14 14 10 10 11 10 10 13 16 16 13 13 12 11 11 22 18 18 10 10 5 8 8 7 9 9 8 8 8 8 8 7
 10 10 10 12 12 13 13 13 16 16 17 19 19 19 19 19 15 15 10 9 9 13 18 18 10 10 11 9 9 6 16 16 2 2 4 3 3 4 3 3 4 4 5 5 5 4
 10 10 10 12 12 13 13 13 16 16 17 19 19 19 19 19 15 15 10 9 9 13 18 18 10 10 11 9 9 6 16 16 2 2 4 3 3 4 3 3 4 4 5 5 5 4
 8 8 8 9 9 11 11 11 13 13 17 20 20 23 24 24 20 20 12 6 6 6 9 9 11 11 10 8 8 4 2 2 1 1 1 0 0 0 1 1 2 2 3 1 1 2
 7 7 7 7 7 7 8 8 10 10 13 13 13 16 18 18 16 16 9 4 4 5 3 3 4 4 7 9 9 4 1 1 0 0 0 0 0 0 0 0 2 2 2 2 2 1
 7 7 7 7 7 7 8 8 10 10 13 13 13 16 18 18 16 16 9 4 4 5 3 3 4 4 7 9 9 4 1 1 0 0 0 0 0 0 0 0 2 2 2 2 2 1
 5 5 5 5 5 5 6 6 7 7 8 8 8 6 8 8 10 10 5 2 2 3 4 4 3 3 4 8 8 3 0 0 0 0 0 0 0 1 0 0 1 1 2 1 1 1
 2 2 2 3 3 4 4 4 5 5 5 4 4 3 3 3 6 6 4 1 1 1 1 1 1 1 1 6 6 4 1 1 0 0 0 0 0 2 1 1 1 1 2 3 3 1
 2 2 2 3 3 4 4 4 5 5 5 4 4 3 3 3 6 6 4 1 1 1 1 1 1 1 1 6 6 4 1 1 0 0 0 0 0 2 1 1 1 1 2 3 3 1
 1 1 2 2 2 2 3 3 4 4 4 3 3 2 3 3 9 9 5 2 2 2 2 2 1 1 3 4 4 4 6 6 0 0 0 0 0 1 1 1 1 1 3 1 1 1
 1 1 2 2 2 2 3 3 4 4 4 3 3 2 3 3 9 9 5 2 2 2 2 2 1 1 3 4 4 4 6 6 0 0 0 0 0 1 1 1 1 1 3 1 1 1
 3 3 2 2 2 2 3 3 7 7 6 4 4 3 2 2 5 5 6 4 4 3 2 2 1 1 2 3 3 4 5 5 1 1 0 0 0 0 0 0 0 0 0 2 2 0
 5 5 3 2 2 3 3 3 4 4 6 3 3 3 6 6 8 8 5 3 3 2 1 1 1 1 2 3 3 3 3 3 1 1 1 0 0 1 1 1 1 1 2 0 0 0
 5 5 3 2 2 3 3 3 4 4 6 3 3 3 6 6 8 8 5 3 3 2 1 1 1 1 2 3 3 3 3 3 1 1 1 0 0 1 1 1 1 1 2 0 0 0
 2 2 1 2 2 2 3 3 3 3 7 4 4 4 9 9 8 8 4 2 2 1 0 0 0 0 1 2 2 4 3 3 2 2 1 0 0 9 8 8 4 4 2 1 1 0
 2 2 2 2 2 3 4 4 5 5 6 8 8 4 7 7 5 5 5 6 6 2 2 2 1 1 1 1 1 1 4 4 1 1 1 1 1 0 0 0 1 1 7 5 5 0
 2 2 2 2 2 3 4 4 5 5 6 8 8 4 7 7 5 5 5 6 6 2 2 2 1 1 1 1 1 1 4 4 1 1 1 1 1 0 0 0 1 1 7 5 5 0
 1 1 2 3 3 4 5 5 10 10 9 7 7 3 4 4 4 4 7 12 12 11 4 4 3 3 2 1 1 2 3 3 1 1 3 5 5 1 1 1 1 1 2 4 4 1
 1 1 2 3 3 4 5 5 10 10 9 7 7 3 4 4 4 4 7 12 12 11 4 4 3 3 2 1 1 2 3 3 1 1 3 5 5 1 1 1 1 1 2 4 4 1
 1 1 2 3 3 4 5 5 10 10 8 7 7 5 5 5 6 6 9 14 14 9 7 7 6 6 4 2 2 2 2 2 5 5 6 2 2 1 0 0 0 0 0 1 1 1
 3 3 3 4 4 4 4 4 4 4 5 4 4 4 5 5 6 6 10 11 11 7 7 7 8 8 6 4 4 4 4 4 3 3 4 3 3 2 1 1 0 0 0 1 1 1
 3 3 3 4 4 4 4 4 4 4 5 4 4 4 5 5 6 6 10 11 11 7 7 7 8 8 6 4 4 4 4 4 3 3 4 3 3 2 1 1 0 0 0 1 1 1
 3 3 3 3 3 3 3 3 3 3 4 4 4 4 4 4 5 5 6 7 7 6 5 5 6 6 6 5 5 7 8 8 4 4 5 3 3 3 1 1 1 1 1 0 0 1
 2 2 2 3 3 3 3 3 3 3 3 4 4 4 3 3 4 4 5 5 5 4 4 4 4 4 4 5 5 5 9 9 6 6 3 2 2 1 1 1 0 0 0 0 0 0
