assets/RAT_results/precipitation/2019-08-16_IMERG.asc
ncols        46
nrows        77
xllcorner    74.800261325624
yllcorner    8.058333333333
cellsize     0.062500000000
NODATA_value -9999
 35 35 29 19 19 12 11 11 13 13 9 7 7 7 10 10 12 12 15 14 14 19 25 25 24 24 24 34 34 44 47 47 58 58 62 80 80 23 9 9 9 9 8 8 8 5
 28 28 28 15 15 13 14 14 16 16 13 12 12 18 10 10 9 9 13 15 15 20 28 28 19 19 24 35 35 38 58 58 56 56 62 68 68 74 19 19 10 10 7 7 7 3
 28 28 28 15 15 13 14 14 16 16 13 12 12 18 10 10 9 9 13 15 15 20 28 28 19 19 24 35 35 38 58 58 56 56 62 68 68 74 19 19 10 10 7 7 7 3
 26 26 24 16 16 12 16 16 18 18 19 16 16 16 12 12 11 11 9 12 12 14 22 22 22 22 30 40 40 37 45 45 47 47 47 36 36 28 20 20 17 17 12 13 13 6
 13 13 17 15 15 6 8 8 6 6 18 25 25 30 15 15 9 9 8 8 8 10 11 11 15 15 23 21 21 28 41 41 41 41 45 28 28 29 14 14 14 14 16 19 19 16
 13 13 17 15 15 6 8 8 6 6 18 25 25 30 15 15 9 9 8 8 8 10 11 11 15 15 23 21 21 28 41 41 41 41 45 28 28 29 14 14 14 14 16 19 19 16
 14 14 14 18 18 12 12 12 7 7 18 24 24 29 10 10 13 13 12 10 10 13 14 14 19 19 29 25 25 21 34 34 33 33 31 21 21 25 10 10 22 22 16 17 17 17
 14 14 14 18 18 12 12 12 7 7 18 24 24 29 10 10 13 13 12 10 10 13 14 14 19 19 29 25 25 21 34 34 33 33 31 21 21 25 10 10 22 22 16 17 17 17
 22 22 11 17 17 15 10 10 11 11 17 14 14 21 13 13 13 13 14 12 12 13 11 11 14 14 19 18 18 29 22 22 21 21 23 29 29 27 27 27 28 28 20 19 19 19
 22 22 14 19 19 20 22 22 17 17 17 17 17 21 17 17 19 19 17 15 15 14 12 12 14 14 11 17 17 13 15 15 14 14 26 31 31 16 23 23 25 25 28 23 23 16
 22 22 14 19 19 20 22 22 17 17 17 17 17 21 17 17 19 19 17 15 15 14 12 12 14 14 11 17 17 13 15 15 14 14 26 31 31 16 23 23 25 25 28 23 23 16
 19 19 16 18 18 18 23 23 22 22 20 29 29 30 18 18 21 21 17 14 14 12 13 13 11 11 12 13 13 14 16 16 15 15 16 26 26 25 32 32 27 27 26 24 24 19
 10 10 13 7 7 12 13 13 15 15 9 20 20 31 26 26 22 22 23 21 21 19 17 17 19 19 19 17 17 15 15 15 16 16 16 26 26 27 31 31 26 26 26 29 29 20
 10 10 13 7 7 12 13 13 15 15 9 20 20 31 26 26 22 22 23 21 21 19 17 17 19 19 19 17 17 15 15 15 16 16 16 26 26 27 31 31 26 26 26 29 29 20
 11 11 13 13 13 9 14 14 14 14 11 14 14 14 18 18 23 23 21 23 23 23 21 21 21 21 22 22 22 24 21 21 21 21 18 21 21 20 18 18 32 32 29 29 29 21
 11 11 13 13 13 9 14 14 14 14 11 14 14 14 18 18 23 23 21 23 23 23 21 21 21 21 22 22 22 24 21 21 21 21 18 21 21 20 18 18 32 32 29 29 29 21
 23 23 23 15 15 12 11 11 19 19 19 16 16 13 14 14 21 21 21 27 27 26 30 30 25 25 30 31 31 30 24 24 26 26 20 25 25 21 23 23 25 25 25 23 23 23
 27 27 30 21 21 7 12 12 13 13 17 14 14 17 17 17 16 16 16 20 20 20 23 23 24 24 21 29 29 31 29 29 29 29 23 27 27 22 22 22 22 22 24 21 21 22
 27 27 30 21 21 7 12 12 13 13 17 14 14 17 17 17 16 16 16 20 20 20 23 23 24 24 21 29 29 31 29 29 29 29 23 27 27 22 22 22 22 22 24 21 21 22
 26 26 40 36 36 10 7 7 7 7 6 14 14 26 31 31 20 20 18 18 18 17 18 18 19 19 18 19 19 24 25 25 32 32 22 22 22 21 22 22 22 22 24 24 24 28
 28 28 30 23 23 16 7 7 5 5 5 10 10 12 35 35 31 31 39 24 24 14 14 14 12 12 11 14 14 17 18 18 23 23 19 21 21 20 18 18 18 18 21 22 22 23
 28 28 30 23 23 16 7 7 5 5 5 10 10 12 35 35 31 31 39 24 24 14 14 14 12 12 11 14 14 17 18 18 23 23 19 21 21 20 18 18 18 18 21 22 22 23
 26 26 26 25 25 10 9 9 7 7 3 4 4 10 14 14 23 23 21 17 17 13 12 12 14 14 14 13 13 13 14 14 15 15 15 18 18 15 13 13 14 14 16 17 17 23
 26 26 26 25 25 10 9 9 7 7 3 4 4 10 14 14 23 23 21 17 17 13 12 12 14 14 14 13 13 13 14 14 15 15 15 18 18 15 13 13 14 14 16 17 17 23
 29 29 31 24 24 13 11 11 11 11 9 5 5 12 15 15 15 15 14 13 13 14 16 16 15 15 14 13 13 14 14 14 15 15 14 16 16 16 14 14 14 14 15 16 16 17
 30 30 30 31 31 23 15 15 13 13 10 9 9 12 18 18 17 17 14 14 14 16 20 20 16 16 15 14 14 16 15 15 17 17 21 22 22 17 14 14 15 15 16 15 15 16
 30 30 30 31 31 23 15 15 13 13 10 9 9 12 18 18 17 17 14 14 14 16 20 20 16 16 15 14 14 16 15 15 17 17 21 22 22 17 14 14 15 15 16 15 15 16
 42 42 43 39 39 24 22 22 22 22 16 19 19 19 12 12 13 13 12 14 14 14 21 21 18 18 15 15 15 15 18 18 17 17 18 17 17 16 16 16 15 15 15 12 12 14
 32 32 39 34 34 35 31 31 32 32 21 19 19 16 14 14 12 12 11 9 9 12 11 11 14 14 15 15 15 13 16 16 15 15 15 14 14 13 13 13 14 14 15 13 13 11
 32 32 39 34 34 35 31 31 32 32 21 19 19 16 14 14 12 12 11 9 9 12 11 11 14 14 15 15 15 13 16 16 15 15 15 14 14 13 13 13 14 14 15 13 13 11
 15 15 28 24 24 23 29 29 27 27 17 16 16 14 9 9 11 11 11 7 7 9 13 13 13 13 17 14 14 16 17 17 16 16 14 15 15 14 14 14 14 14 14 15 15 13
 15 15 28 24 24 23 29 29 27 27 17 16 16 14 9 9 11 11 11 7 7 9 13 13 13 13 17 14 14 16 17 17 16 16 14 15 15 14 14 14 14 14 14 15 15 13
 10 10 9 14 14 15 19 19 16 16 12 9 9 10 8 8 11 11 10 9 9 7 12 12 14 14 15 14 14 16 16 16 15 15 14 14 14 15 13 13 14 14 14 16 16 17
 10 10 10 11 11 16 16 16 21 21 13 7 7 6 3 3 3 3 6 6 6 5 7 7 9 9 9 13 13 15 16 16 12 12 13 11 11 12 13 13 15 15 17 14 14 17
 10 10 10 11 11 16 16 16 21 21 13 7 7 6 3 3 3 3 6 6 6 5 7 7 9 9 9 13 13 15 16 16 12 12 13 11 11 12 13 13 15 15 17 14 14 17
 13 13 11 11 11 12 17 17 15 15 7 4 4 3 2 2 3 3 7 6 6 6 6 6 8 8 8 11 11 13 12 12 12 12 11 10 10 11 12 12 13 13 13 13 13 13
 12 12 19 15 15 18 17 17 12 12 4 3 3 2 1 1 4 4 6 8 8 7 11 11 5 5 9 9 9 9 10 10 10 10 9 10 10 10 12 12 12 12 11 9 9 9
 12 12 19 15 15 18 17 17 12 12 4 3 3 2 1 1 4 4 6 8 8 7 11 11 5 5 9 9 9 9 10 10 10 10 9 10 10 10 12 12 12 12 11 9 9 9
 14 14 18 17 17 17 16 16 17 17 10 4 4 2 2 2 2 2 4 7 7 9 7 7 9 9 9 7 7 6 10 10 17 17 13 10 10 10 10 10 11 11 10 8 8 9
 14 14 18 17 17 17 16 16 17 17 10 4 4 2 2 2 2 2 4 7 7 9 7 7 9 9 9 7 7 6 10 10 17 17 13 10 10 10 10 10 11 11 10 8 8 9
 23 23 25 21 21 19 19 19 19 19 14 4 4 3 5 5 10 10 5 7 7 5 6 6 9 9 13 16 16 12 17 17 13 13 9 9 9 10 10 10 8 8 8 9 9 8
 26 26 27 21 21 21 17 17 17 17 17 26 26 26 33 33 33 33 18 5 5 7 7 7 8 8 11 18 18 13 18 18 11 11 7 10 10 9 9 9 9 9 13 13 13 15
 26 26 27 21 21 21 17 17 17 17 17 26 26 26 33 33 33 33 18 5 5 7 7 7 8 8 11 18 18 13 18 18 11 11 7 10 10 9 9 9 9 9 13 13 13 15
 27 27 28 21 21 22 16 16 24 24 22 36 36 31 42 42 38 38 22 10 10 8 8 8 18 18 8 13 13 9 13 13 12 12 9 9 9 13 10 10 16 16 16 10 10 10
 25 25 26 21 21 16 15 15 18 18 24 40 40 45 45 45 37 37 35 13 13 12 10 10 18 18 28 12 12 9 17 17 11 11 10 8 8 11 11 11 11 11 13 11 11 9
 25 25 26 21 21 16 15 15 18 18 24 40 40 45 45 45 37 37 35 13 13 12 10 10 18 18 28 12 12 9 17 17 11 11 10 8 8 11 11 11 11 11 13 11 11 9
 27 27 27 20 20 16 18 18 20 20 24 23 23 34 25 25 25 25 36 24 24 17 9 9 17 17 20 11 11 8 11 11 10 10 13 11 11 12 11 11 14 14 12 12 12 14
 27 27 27 20 20 16 18 18 20 20 24 23 23 34 25 25 25 25 36 24 24 17 9 9 17 17 20 11 11 8 11 11 10 10 13 11 11 12 11 11 14 14 12 12 12 14
 24 24 22 15 15 13 14 14 16 16 17 23 23 27 20 20 26 26 29 19 19 16 14 14 22 22 26 22 22 21 25 25 36 36 18 10 10 9 8 8 8 8 10 8 8 10
 20 20 17 14 14 12 15 15 15 15 14 17 17 11 23 23 9 9 26 16 16 18 14 14 22 22 30 35 35 27 26 26 26 26 17 13 13 8 6 6 9 9 5 6 6 5
 20 20 17 14 14 12 15 15 15 15 14 17 17 11 23 23 9 9 26 16 16 18 14 14 22 22 30 35 35 27 26 26 26 26 17 13 13 8 6 6 9 9 5 6 6 5
 11 11 15 9 9 10 11 11 14 14 8 13 13 7 9 9 6 6 5 8 8 13 11 11 18 18 20 24 24 21 11 11 14 14 18 14 14 7 8 8 10 10 8 6 6 5
 9 9 6 7 7 7 7 7 11 11 8 5 5 7 3 3 4 4 5 4 4 5 8 8 9 9 11 13 13 12 12 12 10 10 6 6 6 7 4 4 9 9 10 12 12 10
 9 9 6 7 7 7 7 7 11 11 8 5 5 7 3 3 4 4 5 4 4 5 8 8 9 9 11 13 13 12 12 12 10 10 6 6 6 7 4 4 9 9 10 12 12 10
 6 6 4 4 4 5 7 7 8 8 5 4 4 4 2 2 2 2 3 3 3 5 4 4 7 7 9 12 12 14 14 14 9 9 12 10 10 11 10 10 11 11 10 10 10 8
 6 6 4 4 4 5 7 7 8 8 5 4 4 4 2 2 2 2 3 3 3 5 4 4 7 7 9 12 12 14 14 14 9 9 12 10 10 11 10 10 11 11 10 10 10 8
 8 8 5 4 4 4 6 6 4 4 5 3 3 3 2 2 2 2 2 2 2 2 7 7 9 9 7 12 12 11 21 21 16 16 12 7 7 6 9 9 11 11 12 9 9 6
 7 7 4 5 5 4 5 5 3 3 4 3 3 4 3 3 3 3 3 3 3 3 5 5 6 6 10 11 11 10 12 12 13 13 16 13 13 14 11 11 11 11 8 7 7 6
 7 7 4 5 5 4 5 5 3 3 4 3 3 4 3 3 3 3 3 3 3 3 5 5 6 6 10 11 11 10 12 12 13 13 16 13 13 14 11 11 11 11 8 7 7 6
 6 6 4 5 5 5 5 5 4 4 3 2 2 2 3 3 2 2 3 4 4 4 5 5 7 7 13 15 15 10 9 9 9 9 14 15 15 16 17 17 16 16 11 9 9 8
 7 7 7 6 6 7 5 5 5 5 5 2 2 3 3 3 2 2 4 5 5 4 5 5 7 7 11 16 16 13 10 10 10 10 12 13 13 13 15 15 12 12 12 11 11 10
 7 7 7 6 6 7 5 5 5 5 5 2 2 3 3 3 2 2 4 5 5 4 5 5 7 7 11 16 16 13 10 10 10 10 12 13 13 13 15 15 12 12 12 11 11 10
 10 10 10 11 11 13 6 6 6 6 4 3 3 2 2 2 2 2 3 5 5 4 4 4 4 4 8 14 14 12 10 10 9 9 8 10 10 10 11 11 13 13 11 11 11 11
 10 10 10 11 11 13 6 6 6 6 4 3 3 2 2 2 2 2 3 5 5 4 4 4 4 4 8 14 14 12 10 10 9 9 8 10 10 10 11 11 13 13 11 11 11 11
 10 10 11 18 18 21 15 15 7 7 3 3 3 2 2 2 2 2 3 3 3 4 3 3 5 5 6 6 6 10 10 10 7 7 8 7 7 8 8 8 13 13 10 10 10 10
 9 9 10 14 14 21 16 16 6 6 3 3 3 2 1 1 2 2 2 2 2 3 2 2 3 3 4 3 3 7 8 8 13 13 5 8 8 9 9 9 11 11 7 7 7 7
 9 9 10 14 14 21 16 16 6 6 3 3 3 2 1 1 2 2 2 2 2 3 2 2 3 3 4 3 3 7 8 8 13 13 5 8 8 9 9 9 11 11 7 7 7 7
 10 10 14 12 12 19 13 13 6 6 4 3 3 2 1 1 1 1 1 1 1 1 1 1 3 3 3 1 1 4 9 9 9 9 10 9 9 6 4 4 9 9 4 3 3 3
 16 16 16 14 14 15 10 10 6 6 3 5 5 4 3 3 2 2 1 1 1 2 3 3 2 2 1 1 1 3 3 3 7 7 9 9 9 7 7 7 2 2 8 3 3 2
 16 16 16 14 14 15 10 10 6 6 3 5 5 4 3 3 2 2 1 1 1 2 3 3 2 2 1 1 1 3 3 3 7 7 9 9 9 7 7 7 2 2 8 3 3 2
 11 11 17 12 12 12 7 7 6 6 4 6 6 5 4 4 4 4 2 2 2 2 2 2 2 2 0 0 0 0 1 1 3 3 5 7 7 5 5 5 3 3 5 4 4 3
 11 11 17 12 12 12 7 7 6 6 4 6 6 5 4 4 4 4 2 2 2 2 2 2 2 2 0 0 0 0 1 1 3 3 5 7 7 5 5 5 3 3 5 4 4 3
 6 6 7 9 9 9 4 4 6 6 5 7 7 6 8 8 8 8 2 1 1 1 1 1 1 1 0 0 0 0 0 0 3 3 4 5 5 4 3 3 4 4 5 4 4 3
 5 5 6 5 5 4 4 4 5 5 5 6 6 7 8 8 7 7 2 1 1 1 1 1 1 1 1 0 0 1 3 3 4 4 3 5 5 5 7 7 7 7 4 3 3 3
 5 5 6 5 5 4 4 4 5 5 5 6 6 7 8 8 7 7 2 1 1 1 1 1 1 1 1 0 0 1 3 3 4 4 3 5 5 5 7 7 7 7 4 3 3 3
 4 4 4 4 4 4 4 4 6 6 6 3 3 3 3 3 3 3 2 1 1 1 1 1 1 1 1 1 1 1 1 1 1 1 2 4 4 3 7 7 5 5 6 6 6 6
 5 5 6 6 6 4 5 5 5 5 4 4 4 2 2 2 1 1 1 0 0 1 1 1 1 1 0 1 1 1 1 1 1 1 1 1 1 2 2 2 2 2 6 5 5 6
