assets/RAT_results/precipitation/2019-05-17_IMERG.asc
ncols        46
nrows        77
xllcorner    74.800261325624
yllcorner    8.058333333333
cellsize     0.062500000000
NODATA_value -9999
 0 0 0 0 0 0 0 0 0 0 0 0 0 0 2 2 10 10 8 10 10 7 0 0 1 1 4 6 6 4 3 3 7 7 5 5 5 10 9 9 6 6 6 4 4 4
 0 0 0 0 0 0 0 0 0 0 0 0 0 0 3 3 4 4 4 3 3 7 1 1 5 5 6 9 9 6 8 8 11 11 7 9 9 20 10 10 10 10 9 2 2 1
 0 0 0 0 0 0 0 0 0 0 0 0 0 0 3 3 4 4 4 3 3 7 1 1 5 5 6 9 9 6 8 8 11 11 7 9 9 20 10 10 10 10 9 2 2 1
 0 0 0 0 0 0 0 0 0 0 0 0 0 0 1 1 2 2 4 3 3 2 2 2 3 3 8 14 14 8 5 5 11 11 4 6 6 7 5 5 10 10 9 2 2 2
 0 0 0 0 0 0 0 0 0 0 0 0 0 0 1 1 2 2 5 6 6 3 4 4 4 4 8 18 18 10 17 17 8 8 4 8 8 8 5 5 3 3 5 6 6 2
 0 0 0 0 0 0 0 0 0 0 0 0 0 0 1 1 2 2 5 6 6 3 4 4 4 4 8 18 18 10 17 17 8 8 4 8 8 8 5 5 3 3 5 6 6 2
 0 0 0 0 0 0 0 0 0 0 0 0 0 0 0 0 2 2 6 7 7 8 6 6 8 8 11 19 19 15 11 11 6 6 11 15 15 8 6 6 4 4 6 4 4 1
 0 0 0 0 0 0 0 0 0 0 0 0 0 0 0 0 2 2 6 7 7 8 6 6 8 8 11 19 19 15 11 11 6 6 11 15 15 8 6 6 4 4 6 4 4 1
 0 0 0 0 0 0 0 0 0 0 0 1 1 0 1 1 2 2 6 6 6 7 9 9 13 13 17 21 21 15 8 8 9 9 16 21 21 18 13 13 12 12 6 4 4 2
 0 0 0 1 1 0 0 0 0 0 0 0 0 0 1 1 1 1 2 4 4 7 15 15 18 18 20 16 16 12 12 12 13 13 13 16 16 19 10 10 7 7 4 6 6 3
 0 0 0 1 1 0 0 0 0 0 0 0 0 0 1 1 1 1 2 4 4 7 15 15 18 18 20 16 16 12 12 12 13 13 13 16 16 19 10 10 7 7 4 6 6 3
 0 0 0 1 1 0 0 0 0 0 0 0 0 0 0 0 0 0 1 4 4 7 12 12 16 16 18 13 13 13 15 15 14 14 12 20 20 11 11 11 9 9 4 4 4 3
 0 0 0 1 1 0 0 0 0 0 0 0 0 0 0 0 0 0 1 6 6 9 12 12 14 14 13 11 11 13 17 17 14 14 10 10 10 8 8 8 11 11 4 3 3 3
 0 0 0 1 1 0 0 0 0 0 0 0 0 0 0 0 0 0 1 6 6 9 12 12 14 14 13 11 11 13 17 17 14 14 10 10 10 8 8 8 11 11 4 3 3 3
 0 0 0 0 0 0 0 0 0 0 0 0 0 0 0 0 0 0 1 6 6 7 11 11 15 15 14 15 15 16 18 18 13 13 8 12 12 10 8 8 9 9 1 3 3 2
 0 0 0 0 0 0 0 0 0 0 0 0 0 0 0 0 0 0 1 6 6 7 11 11 15 15 14 15 15 16 18 18 13 13 8 12 12 10 8 8 9 9 1 3 3 2
 0 0 0 0 0 0 0 0 0 0 0 0 0 0 0 0 2 2 2 4 4 7 13 13 19 19 15 13 13 13 12 12 8 8 5 6 6 8 8 8 6 6 8 5 5 4
 0 0 0 0 0 0 1 1 0 0 0 0 0 0 0 0 2 2 2 3 3 12 12 12 14 14 15 12 12 13 9 9 6 6 6 7 7 8 4 4 10 10 13 7 7 4
 0 0 0 0 0 0 1 1 0 0 0 0 0 0 0 0 2 2 2 3 3 12 12 12 14 14 15 12 12 13 9 9 6 6 6 7 7 8 4 4 10 10 13 7 7 4
 1 1 0 0 0 0 0 0 0 0 0 0 0 1 1 1 1 1 2 3 3 10 10 10 7 7 7 7 7 8 8 8 7 7 8 5 5 5 6 6 16 16 15 7 7 4
 1 1 0 0 0 0 0 0 1 1 1 1 1 1 1 1 1 1 3 5 5 5 8 8 6 6 5 2 2 2 5 5 10 10 7 8 8 8 10 10 21 21 20 14 14 8
 1 1 0 0 0 0 0 0 1 1 1 1 1 1 1 1 1 1 3 5 5 5 8 8 6 6 5 2 2 2 5 5 10 10 7 8 8 8 10 10 21 21 20 14 14 8
 1 1 0 0 0 0 0 0 1 1 0 0 0 1 0 0 1 1 2 3 3 3 7 7 4 4 2 2 2 3 6 6 13 13 14 16 16 17 18 18 12 12 14 23 23 12
 1 1 0 0 0 0 0 0 1 1 0 0 0 1 0 0 1 1 2 3 3 3 7 7 4 4 2 2 2 3 6 6 13 13 14 16 16 17 18 18 12 12 14 23 23 12
 0 0 0 0 0 0 0 0 0 0 0 0 0 0 0 0 0 0 0 0 0 1 6 6 7 7 3 3 3 5 11 11 15 15 19 20 20 21 19 19 15 15 15 39 39 10
 0 0 0 0 0 0 0 0 0 0 0 0 0 0 0 0 0 0 0 1 1 1 2 2 7 7 5 7 7 6 10 10 17 17 23 19 19 19 25 25 49 49 52 38 38 11
 0 0 0 0 0 0 0 0 0 0 0 0 0 0 0 0 0 0 0 1 1 1 2 2 7 7 5 7 7 6 10 10 17 17 23 19 19 19 25 25 49 49 52 38 38 11
 0 0 0 0 0 0 0 0 0 0 0 0 0 0 0 0 0 0 1 1 1 2 2 2 2 2 5 5 5 6 8 8 14 14 13 13 13 14 25 25 34 34 32 48 48 28
 0 0 0 0 0 0 0 0 0 0 0 0 0 0 0 0 1 1 1 4 4 4 4 4 2 2 3 6 6 6 7 7 7 7 9 11 11 16 12 12 22 22 24 20 20 56
 0 0 0 0 0 0 0 0 0 0 0 0 0 0 0 0 1 1 1 4 4 4 4 4 2 2 3 6 6 6 7 7 7 7 9 11 11 16 12 12 22 22 24 20 20 56
 0 0 0 0 0 0 0 0 0 0 0 0 0 0 0 0 2 2 2 4 4 43 43 43 17 17 20 25 25 5 5 5 6 6 9 13 13 13 14 14 14 14 20 19 19 42
 0 0 0 0 0 0 0 0 0 0 0 0 0 0 0 0 2 2 2 4 4 43 43 43 17 17 20 25 25 5 5 5 6 6 9 13 13 13 14 14 14 14 20 19 19 42
 0 0 0 0 0 0 0 0 0 0 0 0 0 0 0 0 5 5 6 6 6 44 44 44 18 18 18 22 22 4 5 5 8 8 13 18 18 17 19 19 16 16 8 21 21 11
 0 0 0 0 0 0 0 0 0 0 0 0 0 0 1 1 4 4 5 5 5 17 17 17 18 18 18 22 22 5 7 7 12 12 15 20 20 17 15 15 13 13 9 8 8 6
 0 0 0 0 0 0 0 0 0 0 0 0 0 0 1 1 4 4 5 5 5 17 17 17 18 18 18 22 22 5 7 7 12 12 15 20 20 17 15 15 13 13 9 8 8 6
 0 0 0 0 0 0 0 0 0 0 0 0 0 0 17 17 20 20 18 6 6 18 17 17 18 18 8 10 10 6 8 8 14 14 13 11 11 13 11 11 8 8 6 6 6 13
 0 0 0 0 0 0 0 0 0 0 0 0 0 0 17 17 22 22 22 19 19 29 23 23 19 19 9 6 6 7 5 5 8 8 9 7 7 5 5 5 5 5 6 11 11 16
 0 0 0 0 0 0 0 0 0 0 0 0 0 0 17 17 22 22 22 19 19 29 23 23 19 19 9 6 6 7 5 5 8 8 9 7 7 5 5 5 5 5 6 11 11 16
 0 0 0 0 0 0 0 0 0 0 0 6 6 7 7 7 45 45 50 42 42 28 26 26 24 24 6 5 5 5 3 3 5 5 5 2 2 1 2 2 5 5 12 16 16 20
 0 0 0 0 0 0 0 0 0 0 0 6 6 7 7 7 45 45 50 42 42 28 26 26 24 24 6 5 5 5 3 3 5 5 5 2 2 1 2 2 5 5 12 16 16 20
 0 0 0 0 0 0 0 0 0 0 0 7 7 7 7 7 45 45 68 56 56 28 27 27 19 19 5 5 5 4 2 2 4 4 3 1 1 0 1 1 6 6 16 21 21 22
 0 0 0 0 0 0 1 1 1 1 1 12 12 12 12 12 45 45 59 59 59 14 16 16 15 15 11 4 4 4 3 3 3 3 1 0 0 1 1 1 3 3 14 18 18 20
 0 0 0 0 0 0 1 1 1 1 1 12 12 12 12 12 45 45 59 59 59 14 16 16 15 15 11 4 4 4 3 3 3 3 1 0 0 1 1 1 3 3 14 18 18 20
 0 0 0 1 1 2 2 2 2 2 1 12 12 12 12 12 10 10 24 24 24 14 7 7 7 7 3 3 3 5 4 4 1 1 1 1 1 4 2 2 3 3 15 27 27 27
 0 0 1 2 2 4 4 4 3 3 2 1 1 12 12 12 10 10 11 14 14 4 6 6 6 6 3 1 1 3 3 3 3 3 2 2 2 12 12 12 18 18 31 27 27 30
 0 0 1 2 2 4 4 4 3 3 2 1 1 12 12 12 10 10 11 14 14 4 6 6 6 6 3 1 1 3 3 3 3 3 2 2 2 12 12 12 18 18 31 27 27 30
 0 0 0 1 1 2 2 2 2 2 2 1 1 8 8 8 7 7 12 12 12 12 2 2 3 3 1 1 1 1 12 12 9 9 5 12 12 12 11 11 18 18 21 28 28 30
 0 0 0 1 1 2 2 2 2 2 2 1 1 8 8 8 7 7 12 12 12 12 2 2 3 3 1 1 1 1 12 12 9 9 5 12 12 12 11 11 18 18 21 28 28 30
 0 0 0 0 0 0 0 0 1 1 1 1 1 8 8 8 1 1 17 17 17 17 1 1 9 9 9 8 8 11 11 11 6 6 6 3 3 12 12 12 13 13 19 28 28 28
 0 0 0 0 0 0 0 0 0 0 0 1 1 1 1 1 1 1 17 17 17 7 1 1 8 8 8 9 9 6 7 7 4 4 6 7 7 16 15 15 15 15 19 28 28 15
 0 0 0 0 0 0 0 0 0 0 0 1 1 1 1 1 1 1 17 17 17 7 1 1 8 8 8 9 9 6 7 7 4 4 6 7 7 16 15 15 15 15 19 28 28 15
 0 0 0 0 0 0 0 0 0 0 0 0 0 0 0 0 0 0 7 7 7 7 0 0 2 2 2 3 3 8 8 8 10 10 6 5 5 20 16 16 21 21 23 22 22 20
 0 0 0 0 0 0 0 0 0 0 0 0 0 0 0 0 0 0 0 0 0 0 0 0 0 0 0 2 2 4 4 4 4 4 8 9 9 13 11 11 19 19 30 30 30 20
 0 0 0 0 0 0 0 0 0 0 0 0 0 0 0 0 0 0 0 0 0 0 0 0 0 0 0 2 2 4 4 4 4 4 8 9 9 13 11 11 19 19 30 30 30 20
 0 0 0 0 0 0 0 0 0 0 0 0 0 0 0 0 0 0 0 0 0 0 0 0 0 0 1 1 1 3 4 4 4 4 10 11 11 13 11 11 20 20 17 30 30 32
 0 0 0 0 0 0 0 0 0 0 0 0 0 0 0 0 0 0 0 0 0 0 0 0 0 0 1 1 1 3 4 4 4 4 10 11 11 13 11 11 20 20 17 30 30 32
 0 0 0 0 0 0 0 0 0 0 0 0 0 0 0 0 0 0 0 0 0 0 0 0 0 0 1 1 1 2 2 2 3 3 10 13 13 14 12 12 16 16 15 29 29 17
 0 0 0 0 0 0 0 0 0 0 0 0 0 0 0 0 0 0 0 0 0 0 2 2 2 2 1 1 1 3 2 2 2 2 6 10 10 13 13 13 16 16 14 32 32 13
 0 0 0 0 0 0 0 0 0 0 0 0 0 0 0 0 0 0 0 0 0 0 2 2 2 2 1 1 1 3 2 2 2 2 6 10 10 13 13 13 16 16 14 32 32 13
 0 0 0 0 0 0 0 0 0 0 0 0 0 0 0 0 0 0 0 0 0 0 0 0 1 1 0 0 0 1 1 1 1 1 5 9 9 12 13 13 15 15 15 15 15 12
 0 0 0 0 0 0 0 0 0 0 0 0 0 0 0 0 0 0 0 0 0 0 0 0 0 0 0 0 0 0 0 0 1 1 4 7 7 11 15 15 16 16 15 16 16 19
 0 0 0 0 0 0 0 0 0 0 0 0 0 0 0 0 0 0 0 0 0 0 0 0 0 0 0 0 0 0 0 0 1 1 4 7 7 11 15 15 16 16 15 16 16 19
 0 0 0 0 0 0 0 0 0 0 0 0 0 0 0 0 0 0 0 0 0 0 0 0 0 0 0 0 0 0 0 0 0 0 2 7 7 12 16 16 15 15 13 15 15 18
 0 0 0 0 0 0 0 0 0 0 0 0 0 0 0 0 0 0 0 0 0 0 0 0 0 0 0 0 0 0 0 0 0 0 2 7 7 12 16 16 15 15 13 15 15 18
 0 0 0 0 0 0 0 0 0 0 0 0 0 0 0 0 0 0 0 0 0 0 0 0 0 0 0 0 0 0 0 0 0 0 2 6 6 9 12 12 11 11 8 12 12 12
 0 0 0 0 0 0 0 0 0 0 0 0 0 0 0 0 0 0 0 0 0 0 0 0 0 0 0 0 0 0 0 0 0 0 2 4 4 6 6 6 6 6 7 8 8 6
 0 0 0 0 0 0 0 0 0 0 0 0 0 0 0 0 0 0 0 0 0 0 0 0 0 0 0 0 0 0 0 0 0 0 2 4 4 6 6 6 6 6 7 8 8 6
 0 0 0 0 0 0 0 0 0 0 0 0 0 0 0 0 0 0 0 0 0 0 0 0 0 0 0 0 0 0 0 0 1 1 5 10 10 7 4 4 3 3 5 5 5 9
 0 0 0 0 0 0 0 0 0 0 0 0 0 0 0 0 0 0 0 0 0 0 0 0 0 0 0 0 0 0 0 0 0 0 1 6 6 5 2 2 4 4 5 3 3 9
 0 0 0 0 0 0 0 0 0 0 0 0 0 0 0 0 0 0 0 0 0 0 0 0 0 0 0 0 0 0 0 0 0 0 1 6 6 5 2 2 4 4 5 3 3 9
 0 0 0 0 0 0 0 0 0 0 0 0 0 0 0 0 0 0 0 0 0 0 0 0 0 0 0 0 0 0 0 0 0 0 0 2 2 4 2 2 4 4 3 1 1 1
 0 0 0 0 0 0 0 0 0 0 0 0 0 0 0 0 0 0 0 0 0 0 0 0 0 0 0 0 0 0 0 0 0 0 0 2 2 4 2 2 4 4 3 1 1 1
 1 1 1 0 0 0 0 0 0 0 0 0 0 0 0 0 0 0 0 0 0 0 0 0 0 0 0 0 0 0 0 0 0 0 0 0 0 1 0 0 0 0 0 0 0 0
 1 1 1 0 0 0 0 0 0 0 0 0 0 0 0 0 0 0 0 0 0 0 0 0 0 0 0 0 0 0 0 0 0 0 0 0 0 0 0 0 0 0 0 0 0 0
 1 1 1 0 0 0 0 0 0 0 0 0 0 0 0 0 0 0 0 0 0 0 0 0 0 0 0 0 0 0 0 0 0 0 0 0 0 0 0 0 0 0 0 0 0 0
 1 1 0 0 0 0 0 0 0 0 0 0 0 0 0 0 0 0 0 0 0 0 0 0 0 0 0 0 0 0 0 0 0 0 0 0 0 0 0 0 0 0 0 0 0 0
 0 0 0 0 0 0 0 0 0 0 0 0 0 0 0 0 0 0 0 0 0 0 0 0 0 0 0 0 0 0 0 0 0 0 0 0 0 0 0 0 0 0 0 0 0 0
