assets/RAT_results/precipitation/2019-07-22_IMERG.asc
ncols        46
nrows        77
xllcorner    74.800261325624
yllcorner    8.058333333333
cellsize     0.062500000000
NODATA_value -9999
 61 61 58 53 53 39 30 30 18 18 19 16 16 18 9 9 5 5 5 4 4 2 2 2 1 1 1 1 1 1 1 1 2 2 1 2 2 2 4 4 6 6 6 9 9 8
 72 72 61 57 57 42 34 34 18 18 19 19 19 17 10 10 5 5 5 2 2 2 2 2 2 2 2 2 2 2 3 3 2 2 2 1 1 2 2 2 3 3 6 3 3 1
 72 72 61 57 57 42 34 34 18 18 19 19 19 17 10 10 5 5 5 2 2 2 2 2 2 2 2 2 2 2 3 3 2 2 2 1 1 2 2 2 3 3 6 3 3 1
 75 75 71 56 56 42 29 29 18 18 18 14 14 14 9 9 4 4 4 4 4 2 2 2 2 2 2 2 2 1 0 0 2 2 0 2 2 1 2 2 4 4 3 1 1 1
 78 78 69 59 59 56 36 36 34 34 19 27 27 17 9 9 7 7 5 4 4 2 2 2 2 2 2 1 1 1 3 3 3 3 2 2 2 2 2 2 1 1 2 3 3 3
 78 78 69 59 59 56 36 36 34 34 19 27 27 17 9 9 7 7 5 4 4 2 2 2 2 2 2 1 1 1 3 3 3 3 2 2 2 2 2 2 1 1 2 3 3 3
 113 113 94 55 55 57 48 48 40 40 34 28 28 14 16 16 6 6 6 6 6 6 5 5 3 3 4 9 9 4 3 3 8 8 8 5 5 4 2 2 1 1 2 1 1 0
 113 113 94 55 55 57 48 48 40 40 34 28 28 14 16 16 6 6 6 6 6 6 5 5 3 3 4 9 9 4 3 3 8 8 8 5 5 4 2 2 1 1 2 1 1 0
 60 60 91 55 55 52 52 52 53 53 58 44 44 19 16 16 8 8 9 6 6 6 6 6 5 5 5 5 5 5 5 5 9 9 9 5 5 2 2 2 1 1 1 0 0 0
 72 72 76 54 54 64 71 71 48 48 59 50 50 30 17 17 16 16 13 10 10 7 5 5 8 8 7 4 4 7 6 6 9 9 8 2 2 2 2 2 1 1 0 0 0 0
 72 72 76 54 54 64 71 71 48 48 59 50 50 30 17 17 16 16 13 10 10 7 5 5 8 8 7 4 4 7 6 6 9 9 8 2 2 2 2 2 1 1 0 0 0 0
 62 62 75 68 68 63 75 75 77 77 50 43 43 38 25 25 26 26 21 12 12 4 5 5 7 7 9 8 8 8 6 6 7 7 10 4 4 4 4 4 1 1 0 0 0 0
 124 124 128 133 133 77 71 71 53 53 39 47 47 38 30 30 20 20 13 11 11 8 9 9 8 8 10 8 8 8 7 7 12 12 10 12 12 5 6 6 1 1 1 0 0 0
 124 124 128 133 133 77 71 71 53 53 39 47 47 38 30 30 20 20 13 11 11 8 9 9 8 8 10 8 8 8 7 7 12 12 10 12 12 5 6 6 1 1 1 0 0 0
 152 152 65 69 69 57 56 56 44 44 49 45 45 36 20 20 14 14 14 10 10 15 13 13 9 9 10 11 11 11 12 12 11 11 13 16 16 14 10 10 9 9 8 3 3 5
 152 152 65 69 69 57 56 56 44 44 49 45 45 36 20 20 14 14 14 10 10 15 13 13 9 9 10 11 11 11 12 12 11 11 13 16 16 14 10 10 9 9 8 3 3 5
 80 80 77 77 77 70 54 54 55 55 58 51 51 46 26 26 16 16 22 18 18 17 11 11 10 10 9 8 8 6 8 8 10 10 17 17 17 12 13 13 16 16 16 17 17 9
 59 59 66 77 77 77 66 66 89 89 75 66 66 40 28 28 21 21 20 22 22 18 13 13 11 11 8 6 6 5 4 4 7 7 8 8 8 12 13 13 17 17 19 20 20 15
 59 59 66 77 77 77 66 66 89 89 75 66 66 40 28 28 21 21 20 22 22 18 13 13 11 11 8 6 6 5 4 4 7 7 8 8 8 12 13 13 17 17 19 20 20 15
 79 79 86 90 90 79 73 73 53 53 62 54 54 49 39 39 23 23 24 24 24 21 17 17 12 12 6 5 5 4 5 5 5 5 6 6 6 18 20 20 19 19 17 18 18 11
 84 84 91 89 89 89 67 67 57 57 49 58 58 46 36 36 27 27 26 27 27 18 18 18 21 21 8 8 8 6 4 4 5 5 5 4 4 6 15 15 14 14 13 15 15 13
 84 84 91 89 89 89 67 67 57 57 49 58 58 46 36 36 27 27 26 27 27 18 18 18 21 21 8 8 8 6 4 4 5 5 5 4 4 6 15 15 14 14 13 15 15 13
 62 62 65 65 65 59 43 43 39 39 45 50 50 49 41 41 27 27 25 30 30 21 19 19 15 15 10 11 11 13 17 17 16 16 11 10 10 8 11 11 12 12 15 9 9 10
 62 62 65 65 65 59 43 43 39 39 45 50 50 49 41 41 27 27 25 30 30 21 19 19 15 15 10 11 11 13 17 17 16 16 11 10 10 8 11 11 12 12 15 9 9 10
 46 46 52 51 51 53 53 53 37 37 38 50 50 37 43 43 29 29 22 22 22 14 13 13 14 14 16 11 11 15 15 15 11 11 10 5 5 4 5 5 5 5 8 9 9 18
 43 43 40 44 44 44 40 40 38 38 50 49 49 31 39 39 28 28 24 23 23 18 22 22 15 15 13 12 12 13 7 7 7 7 7 5 5 5 5 5 8 8 9 13 13 11
 43 43 40 44 44 44 40 40 38 38 50 49 49 31 39 39 28 28 24 23 23 18 22 22 15 15 13 12 12 13 7 7 7 7 7 5 5 5 5 5 8 8 9 13 13 11
 40 40 41 50 50 49 45 45 23 23 21 26 26 32 35 35 35 35 34 30 30 25 24 24 15 15 18 12 12 8 7 7 3 3 5 4 4 3 6 6 6 6 6 11 11 14
 51 51 44 41 41 31 32 32 32 32 27 29 29 29 33 33 32 32 37 34 34 28 40 40 25 25 25 9 9 11 5 5 6 6 4 4 4 3 9 9 4 4 5 8 8 10
 51 51 44 41 41 31 32 32 32 32 27 29 29 29 33 33 32 32 37 34 34 28 40 40 25 25 25 9 9 11 5 5 6 6 4 4 4 3 9 9 4 4 5 8 8 10
 44 44 47 46 46 39 42 42 38 38 29 28 28 34 43 43 45 45 43 39 39 46 44 44 35 35 29 17 17 9 8 8 9 9 11 11 11 12 11 11 4 4 6 6 6 6
 44 44 47 46 46 39 42 42 38 38 29 28 28 34 43 43 45 45 43 39 39 46 44 44 35 35 29 17 17 9 8 8 9 9 11 11 11 12 11 11 4 4 6 6 6 6
 45 45 55 59 59 49 34 34 28 28 36 35 35 47 55 55 55 55 51 49 49 39 35 35 31 31 32 22 22 16 9 9 9 9 12 14 14 11 13 13 9 9 8 5 5 6
 39 39 43 45 45 43 37 37 35 35 36 31 31 40 48 48 60 60 59 57 57 58 58 58 30 30 31 25 25 16 19 19 13 13 16 13 13 12 11 11 2 2 2 4 4 4
 39 39 43 45 45 43 37 37 35 35 36 31 31 40 48 48 60 60 59 57 57 58 58 58 30 30 31 25 25 16 19 19 13 13 16 13 13 12 11 11 2 2 2 4 4 4
 41 41 40 42 42 40 43 43 36 36 35 37 37 44 49 49 50 50 58 52 52 52 52 52 67 67 55 47 47 32 39 39 27 27 25 11 11 9 7 7 7 7 2 5 5 4
 36 36 35 40 40 38 36 36 37 37 35 38 38 33 39 39 34 34 53 70 70 68 74 74 62 62 75 74 74 50 45 45 18 18 16 12 12 7 1 1 5 5 4 5 5 3
 36 36 35 40 40 38 36 36 37 37 35 38 38 33 39 39 34 34 53 70 70 68 74 74 62 62 75 74 74 50 45 45 18 18 16 12 12 7 1 1 5 5 4 5 5 3
 38 38 40 41 41 39 37 37 37 37 35 38 38 33 26 26 31 31 43 55 55 62 68 68 56 56 68 65 65 43 30 30 19 19 14 6 6 8 4 4 8 8 4 2 2 2
 38 38 40 41 41 39 37 37 37 37 35 38 38 33 26 26 31 31 43 55 55 62 68 68 56 56 68 65 65 43 30 30 19 19 14 6 6 8 4 4 8 8 4 2 2 2
 43 43 41 46 46 49 45 45 44 44 50 49 49 37 26 26 32 32 38 47 47 51 55 55 51 51 64 55 55 46 25 25 20 20 11 11 11 9 6 6 4 4 5 2 2 3
 45 45 44 47 47 47 51 51 59 59 68 51 51 47 30 30 20 20 23 37 37 50 58 58 51 51 45 36 36 26 16 16 15 15 12 11 11 11 8 8 7 7 2 1 1 2
 45 45 44 47 47 47 51 51 59 59 68 51 51 47 30 30 20 20 23 37 37 50 58 58 51 51 45 36 36 26 16 16 15 15 12 11 11 11 8 8 7 7 2 1 1 2
 44 44 43 44 44 43 50 50 67 67 79 55 55 45 31 31 24 24 27 38 38 44 39 39 33 33 28 28 28 30 21 21 14 14 14 15 15 13 8 8 3 3 2 2 2 1
 37 37 39 40 40 42 51 51 63 63 59 55 55 43 36 36 27 27 22 34 34 35 40 40 27 27 30 28 28 37 38 38 20 20 29 18 18 11 9 9 1 1 1 1 1 1
 37 37 39 40 40 42 51 51 63 63 59 55 55 43 36 36 27 27 22 34 34 35 40 40 27 27 30 28 28 37 38 38 20 20 29 18 18 11 9 9 1 1 1 1 1 1
 36 36 37 38 38 38 44 44 46 46 41 39 39 37 42 42 32 32 28 28 28 35 23 23 30 30 37 38 38 42 36 36 28 28 23 13 13 10 7 7 2 2 1 0 0 1
 36 36 37 38 38 38 44 44 46 46 41 39 39 37 42 42 32 32 28 28 28 35 23 23 30 30 37 38 38 42 36 36 28 28 23 13 13 10 7 7 2 2 1 0 0 1
 31 31 32 33 33 33 35 35 36 36 33 32 32 28 28 28 26 26 23 31 31 44 36 36 32 32 40 39 39 41 33 33 23 23 18 9 9 8 2 2 2 2 1 2 2 1
 26 26 26 28 28 28 29 29 26 26 26 27 27 26 24 24 25 25 26 29 29 44 39 39 31 31 39 33 33 39 33 33 22 22 17 9 9 6 3 3 3 3 1 1 1 1
 26 26 26 28 28 28 29 29 26 26 26 27 27 26 24 24 25 25 26 29 29 44 39 39 31 31 39 33 33 39 33 33 22 22 17 9 9 6 3 3 3 3 1 1 1 1
 22 22 20 22 22 25 24 24 26 26 27 27 27 27 25 25 23 23 21 20 20 29 28 28 32 32 27 33 33 36 20 20 20 20 16 11 11 10 3 3 2 2 1 1 1 1
 20 20 20 23 23 24 25 25 25 25 25 23 23 21 19 19 18 18 17 15 15 26 33 33 26 26 25 25 25 25 16 16 11 11 8 9 9 8 5 5 4 4 1 2 2 2
 20 20 20 23 23 24 25 25 25 25 25 23 23 21 19 19 18 18 17 15 15 26 33 33 26 26 25 25 25 25 16 16 11 11 8 9 9 8 5 5 4 4 1 2 2 2
 14 14 17 20 20 24 24 24 24 24 25 21 21 20 18 18 18 18 13 11 11 22 26 26 26 26 18 17 17 13 11 11 9 9 8 6 6 3 2 2 3 3 3 1 1 1
 14 14 17 20 20 24 24 24 24 24 25 21 21 20 18 18 18 18 13 11 11 22 26 26 26 26 18 17 17 13 11 11 9 9 8 6 6 3 2 2 3 3 3 1 1 1
 15 15 14 16 16 18 19 19 19 19 20 19 19 16 13 13 12 12 12 9 9 11 21 21 25 25 18 16 16 9 9 9 7 7 5 2 2 3 2 2 2 2 1 0 0 1
 15 15 13 16 16 18 19 19 18 18 16 16 16 13 12 12 12 12 10 9 9 8 15 15 18 18 12 13 13 7 8 8 6 6 3 3 3 2 3 3 3 3 0 0 0 1
 15 15 13 16 16 18 19 19 18 18 16 16 16 13 12 12 12 12 10 9 9 8 15 15 18 18 12 13 13 7 8 8 6 6 3 3 3 2 3 3 3 3 0 0 0 1
 14 14 13 14 14 16 17 17 16 16 15 18 18 9 10 10 10 10 8 9 9 8 14 14 15 15 13 11 11 6 3 3 5 5 6 2 2 5 2 2 2 2 2 2 2 1
 13 13 15 18 18 19 21 21 20 20 23 23 23 11 10 10 9 9 8 8 8 7 8 8 14 14 12 14 14 6 5 5 7 7 6 3 3 5 2 2 1 1 2 3 3 0
 13 13 15 18 18 19 21 21 20 20 23 23 23 11 10 10 9 9 8 8 8 7 8 8 14 14 12 14 14 6 5 5 7 7 6 3 3 5 2 2 1 1 2 3 3 0
 14 14 16 17 17 20 24 24 27 27 31 34 34 26 10 10 9 9 7 8 8 8 7 7 15 15 12 13 13 13 8 8 4 4 5 8 8 2 4 4 1 1 0 0 0 0
 14 14 16 17 17 20 24 24 27 27 31 34 34 26 10 10 9 9 7 8 8 8 7 7 15 15 12 13 13 13 8 8 4 4 5 8 8 2 4 4 1 1 0 0 0 0
 13 13 14 17 17 23 29 29 29 29 30 34 34 26 10 10 9 9 9 7 7 9 9 9 11 11 11 9 9 13 8 8 8 8 3 1 1 2 3 3 2 2 1 0 0 1
 10 10 12 16 16 18 25 25 24 24 26 29 29 25 9 9 9 9 9 9 9 10 10 10 10 10 7 10 10 13 8 8 7 7 3 1 1 1 2 2 3 3 1 1 1 1
 10 10 12 16 16 18 25 25 24 24 26 29 29 25 9 9 9 9 9 9 9 10 10 10 10 10 7 10 10 13 8 8 7 7 3 1 1 1 2 2 3 3 1 1 1 1
 9 9 12 13 13 14 15 15 18 18 13 12 12 10 8 8 9 9 7 6 6 7 7 7 6 6 5 8 8 9 7 7 5 5 4 3 3 2 2 2 2 2 2 1 1 1
 7 7 8 9 9 9 9 9 8 8 6 5 5 4 5 5 5 5 4 5 5 6 5 5 5 5 7 4 4 7 4 4 5 5 5 3 3 3 4 4 3 3 2 1 1 0
 7 7 8 9 9 9 9 9 8 8 6 5 5 4 5 5 5 5 4 5 5 6 5 5 5 5 7 4 4 7 4 4 5 5 5 3 3 3 4 4 3 3 2 1 1 0
 6 6 6 5 5 5 4 4 4 4 3 2 2 2 2 2 2 2 2 3 3 4 5 5 4 4 5 3 3 4 3 3 4 4 4 3 3 7 5 5 3 3 2 2 2 0
 6 6 6 5 5 5 4 4 4 4 3 2 2 2 2 2 2 2 2 3 3 4 5 5 4 4 5 3 3 4 3 3 4 4 4 3 3 7 5 5 3 3 2 2 2 0
 6 6 5 4 4 3 3 3 2 2 2 2 2 2 2 2 2 2 2 3 3 4 4 4 3 3 2 3 3 4 3 3 6 6 9 7 7 8 5 5 2 2 1 1 1 0
 9 9 4 2 2 2 2 2 1 1 2 2 2 2 2 2 2 2 2 4 4 3 2 2 3 3 3 3 3 3 4 4 8 8 10 9 9 9 4 4 3 3 2 1 1 0
 9 9 4 2 2 2 2 2 1 1 2 2 2 2 2 2 2 2 2 4 4 3 2 2 3 3 3 3 3 3 4 4 8 8 10 9 9 9 4 4 3 3 2 1 1 0
 3 3 2 2 2 2 1 1 2 2 2 2 2 2 2 2 2 2 3 3 3 2 2 2 2 2 3 3 3 4 7 7 11 11 14 6 6 5 4 4 4 4 2 1 1 1
 3 3 3 3 3 3 3 3 6 6 4 3 3 2 2 2 2 2 3 2 2 2 1 1 2 2 2 2 2 4 6 6 6 6 5 4 4 4 4 4 3 3 2 0 0 0
