assets/RAT_results/precipitation/2019-10-02_IMERG.asc
ncols        46
nrows        77
xllcorner    74.800261325624
yllcorner    8.058333333333
cellsize     0.062500000000
NODATA_value -9999
 2 2 1 0 0 2 8 8 8 8 2 0 0 1 9 9 19 19 2 2 2 11 26 26 28 28 22 28 28 27 21 21 20 20 18 34 34 63 68 68 134 134 37 38 38 15
 2 2 1 0 0 0 5 5 4 4 0 1 1 1 14 14 5 5 3 2 2 11 26 26 29 29 22 30 30 30 30 30 26 26 23 25 25 26 65 65 132 132 37 39 39 39
 2 2 1 0 0 0 5 5 4 4 0 1 1 1 14 14 5 5 3 2 2 11 26 26 29 29 22 30 30 30 30 30 26 26 23 25 25 26 65 65 132 132 37 39 39 39
 2 2 1 1 1 0 5 5 2 2 0 1 1 1 3 3 4 4 4 10 10 9 31 31 28 28 30 30 30 28 30 30 35 35 33 27 27 27 33 33 32 32 39 36 36 35
 2 2 1 2 2 1 0 0 0 0 1 0 0 1 2 2 4 4 4 7 7 25 25 25 29 29 28 29 29 28 31 31 30 30 38 44 44 37 34 34 15 15 11 16 16 15
 2 2 1 2 2 1 0 0 0 0 1 0 0 1 2 2 4 4 4 7 7 25 25 25 29 29 28 29 29 28 31 31 30 30 38 44 44 37 34 34 15 15 11 16 16 15
 2 2 1 2 2 1 0 0 1 1 1 0 0 1 3 3 6 6 5 13 13 27 29 29 29 29 27 27 27 21 13 13 34 34 28 37 37 25 22 22 9 9 5 4 4 12
 2 2 1 2 2 1 0 0 1 1 1 0 0 1 3 3 6 6 5 13 13 27 29 29 29 29 27 27 27 21 13 13 34 34 28 37 37 25 22 22 9 9 5 4 4 12
 0 0 2 1 1 2 3 3 3 3 1 2 2 3 4 4 6 6 10 18 18 26 29 29 24 24 20 18 18 20 12 12 27 27 24 21 21 23 18 18 5 5 2 2 2 2
 0 0 1 1 1 1 1 1 1 1 1 2 2 3 3 3 3 3 6 19 19 14 26 26 28 28 17 15 15 13 6 6 9 9 18 14 14 7 6 6 3 3 1 1 1 1
 0 0 1 1 1 1 1 1 1 1 1 2 2 3 3 3 3 3 6 19 19 14 26 26 28 28 17 15 15 13 6 6 9 9 18 14 14 7 6 6 3 3 1 1 1 1
 4 4 5 1 1 1 1 1 0 0 1 1 1 1 1 1 2 2 6 13 13 14 12 12 6 6 5 2 2 8 8 8 15 15 10 10 10 4 1 1 0 0 0 0 0 0
 18 18 2 2 2 1 1 1 1 1 0 1 1 1 0 0 0 0 6 12 12 6 8 8 5 5 1 1 1 7 7 7 1 1 1 2 2 1 1 1 0 0 0 0 0 0
 18 18 2 2 2 1 1 1 1 1 0 1 1 1 0 0 0 0 6 12 12 6 8 8 5 5 1 1 1 7 7 7 1 1 1 2 2 1 1 1 0 0 0 0 0 0
 5 5 3 2 2 1 1 1 2 2 1 0 0 0 0 0 0 0 2 2 2 2 1 1 1 1 1 1 1 1 2 2 4 4 3 2 2 0 0 0 0 0 0 0 0 0
 5 5 3 2 2 1 1 1 2 2 1 0 0 0 0 0 0 0 2 2 2 2 1 1 1 1 1 1 1 1 2 2 4 4 3 2 2 0 0 0 0 0 0 0 0 0
 6 6 7 2 2 1 1 1 1 1 2 0 0 0 0 0 0 0 1 1 1 1 1 1 1 1 1 3 3 7 8 8 8 8 6 7 7 3 2 2 0 0 4 2 2 2
 1 1 5 3 3 2 1 1 1 1 2 2 2 0 0 0 0 0 0 0 0 2 4 4 3 3 3 6 6 9 11 11 9 9 7 4 4 3 6 6 4 4 4 2 2 10
 1 1 5 3 3 2 1 1 1 1 2 2 2 0 0 0 0 0 0 0 0 2 4 4 3 3 3 6 6 9 11 11 9 9 7 4 4 3 6 6 4 4 4 2 2 10
 2 2 3 5 5 2 4 4 1 1 1 1 1 1 0 0 0 0 0 2 2 4 5 5 3 3 6 6 6 11 9 9 3 3 3 3 3 2 3 3 8 8 7 10 10 10
 2 2 3 3 3 6 12 12 1 1 0 1 1 1 0 0 0 0 1 4 4 2 12 12 8 8 8 7 7 7 6 6 3 3 3 3 3 3 4 4 9 9 8 29 29 28
 2 2 3 3 3 6 12 12 1 1 0 1 1 1 0 0 0 0 1 4 4 2 12 12 8 8 8 7 7 7 6 6 3 3 3 3 3 3 4 4 9 9 8 29 29 28
 13 13 3 7 7 8 21 21 6 6 1 1 1 1 1 1 1 1 0 0 0 0 4 4 8 8 2 3 3 3 6 6 10 10 9 7 7 2 2 2 11 11 10 9 9 28
 13 13 3 7 7 8 21 21 6 6 1 1 1 1 1 1 1 1 0 0 0 0 4 4 8 8 2 3 3 3 6 6 10 10 9 7 7 2 2 2 11 11 10 9 9 28
 15 15 20 22 22 35 35 35 34 34 18 4 4 2 2 2 1 1 0 1 1 2 3 3 5 5 2 2 2 3 1 1 8 8 7 6 6 0 0 0 10 10 0 0 0 3
 29 29 34 35 35 46 34 34 18 18 18 5 5 1 2 2 0 0 0 1 1 3 3 3 8 8 1 1 1 1 0 0 2 2 0 0 0 0 0 0 0 0 0 0 0 0
 29 29 34 35 35 46 34 34 18 18 18 5 5 1 2 2 0 0 0 1 1 3 3 3 8 8 1 1 1 1 0 0 2 2 0 0 0 0 0 0 0 0 0 0 0 0
 45 45 33 34 34 36 4 4 3 3 3 5 5 7 6 6 1 1 0 0 0 0 3 3 2 2 0 0 0 0 0 0 0 0 0 0 0 0 0 0 0 0 0 0 0 0
 45 45 45 46 46 47 3 3 2 2 1 16 16 16 15 15 1 1 0 0 0 0 0 0 0 0 1 0 0 1 0 0 0 0 0 0 0 0 0 0 0 0 0 0 0 0
 45 45 45 46 46 47 3 3 2 2 1 16 16 16 15 15 1 1 0 0 0 0 0 0 0 0 1 0 0 1 0 0 0 0 0 0 0 0 0 0 0 0 0 0 0 0
 21 21 20 2 2 44 2 2 1 1 1 2 2 2 2 2 4 4 0 0 0 0 0 0 0 0 1 1 1 1 0 0 0 0 0 0 0 0 0 0 0 0 0 0 0 0
 21 21 20 2 2 44 2 2 1 1 1 2 2 2 2 2 4 4 0 0 0 0 0 0 0 0 1 1 1 1 0 0 0 0 0 0 0 0 0 0 0 0 0 0 0 0
 21 21 20 2 2 0 0 0 1 1 0 0 0 0 0 0 3 3 1 0 0 0 0 0 0 0 0 0 0 0 0 0 0 0 0 0 0 0 0 0 0 0 0 0 0 0
 2 2 1 1 1 0 0 0 0 0 1 1 1 1 0 0 0 0 1 0 0 0 0 0 0 0 0 0 0 0 0 0 0 0 0 0 0 0 0 0 0 0 0 0 0 0
 2 2 1 1 1 0 0 0 0 0 1 1 1 1 0 0 0 0 1 0 0 0 0 0 0 0 0 0 0 0 0 0 0 0 0 0 0 0 0 0 0 0 0 0 0 0
 1 1 1 1 1 1 1 1 1 1 1 1 1 1 0 0 0 0 1 0 0 0 0 0 0 0 0 0 0 0 0 0 0 0 0 2 2 2 0 0 0 0 0 0 0 0
 1 1 1 1 1 1 1 1 2 2 1 1 1 1 1 1 1 1 0 1 1 1 0 0 0 0 0 0 0 2 2 2 1 1 1 1 1 1 0 0 0 0 0 0 0 0
 1 1 1 1 1 1 1 1 2 2 1 1 1 1 1 1 1 1 0 1 1 1 0 0 0 0 0 0 0 2 2 2 1 1 1 1 1 1 0 0 0 0 0 0 0 0
 1 1 1 1 1 2 2 2 3 3 2 2 2 2 1 1 30 30 30 29 29 15 13 13 1 1 1 5 5 5 6 6 2 2 4 2 2 2 0 0 0 0 0 0 0 0
 1 1 1 1 1 2 2 2 3 3 2 2 2 2 1 1 30 30 30 29 29 15 13 13 1 1 1 5 5 5 6 6 2 2 4 2 2 2 0 0 0 0 0 0 0 0
 1 1 2 3 3 3 4 4 5 5 4 3 3 3 3 3 23 23 33 34 34 21 15 15 4 4 8 8 8 8 6 6 6 6 4 2 2 2 0 0 0 0 0 0 0 1
 2 2 2 4 4 4 5 5 7 7 7 5 5 5 5 5 26 26 33 34 34 37 30 30 31 31 16 6 6 6 6 6 6 6 2 1 1 2 0 0 1 1 1 1 1 1
 2 2 2 4 4 4 5 5 7 7 7 5 5 5 5 5 26 26 33 34 34 37 30 30 31 31 16 6 6 6 6 6 6 6 2 1 1 2 0 0 1 1 1 1 1 1
 2 2 2 7 7 5 7 7 7 7 8 9 9 17 16 16 51 51 124 131 131 54 30 30 30 30 31 21 21 23 14 14 21 21 11 14 14 4 4 4 3 3 2 0 0 0
 3 3 3 7 7 10 13 13 13 13 23 24 24 39 16 16 49 49 119 126 126 55 39 39 28 28 42 30 30 68 22 22 71 71 25 19 19 6 3 3 3 3 1 0 0 0
 3 3 3 7 7 10 13 13 13 13 23 24 24 39 16 16 49 49 119 126 126 55 39 39 28 28 42 30 30 68 22 22 71 71 25 19 19 6 3 3 3 3 1 0 0 0
 2 2 23 24 24 20 11 11 10 10 23 22 22 39 133 133 136 136 160 111 111 116 64 64 28 28 33 22 22 28 18 18 36 36 22 21 21 4 2 2 0 0 0 0 0 0
 2 2 23 24 24 20 11 11 10 10 23 22 22 39 133 133 136 136 160 111 111 116 64 64 28 28 33 22 22 28 18 18 36 36 22 21 21 4 2 2 0 0 0 0 0 0
 5 5 24 25 25 20 18 18 18 18 8 22 22 22 41 41 95 95 102 109 109 114 59 59 24 24 24 14 14 14 11 11 11 11 4 10 10 0 0 0 0 0 0 0 0 0
 7 7 25 24 24 22 10 10 9 9 3 4 4 21 40 40 93 93 101 112 112 57 56 56 27 27 12 11 11 4 2 2 1 1 1 0 0 0 0 0 4 4 4 0 0 0
 7 7 25 24 24 22 10 10 9 9 3 4 4 21 40 40 93 93 101 112 112 57 56 56 27 27 12 11 11 4 2 2 1 1 1 0 0 0 0 0 4 4 4 0 0 0
 5 5 5 5 5 4 9 9 9 9 2 4 4 4 8 8 2 2 12 14 14 31 55 55 27 27 12 11 11 4 2 2 1 1 0 0 0 4 4 4 6 6 4 0 0 0
 7 7 6 6 6 3 3 3 2 2 2 3 3 5 4 4 28 28 12 14 14 30 19 19 21 21 6 11 11 5 5 5 4 4 6 2 2 4 4 4 6 6 8 8 8 0
 7 7 6 6 6 3 3 3 2 2 2 3 3 5 4 4 28 28 12 14 14 30 19 19 21 21 6 11 11 5 5 5 4 4 6 2 2 4 4 4 6 6 8 8 8 0
 8 8 8 8 8 4 3 3 2 2 2 4 4 5 4 4 29 29 37 38 38 43 32 32 20 20 6 6 6 6 8 8 8 8 9 4 4 6 3 3 11 11 11 9 9 1
 8 8 8 8 8 4 3 3 2 2 2 4 4 5 4 4 29 29 37 38 38 43 32 32 20 20 6 6 6 6 8 8 8 8 9 4 4 6 3 3 11 11 11 9 9 1
 14 14 15 13 13 6 4 4 2 2 3 5 5 26 30 30 34 34 46 38 38 45 34 34 7 7 10 8 8 9 7 7 9 9 13 7 7 5 3 3 11 11 11 1 1 1
 15 15 16 28 28 51 50 50 65 65 58 7 7 10 37 37 38 38 62 73 73 73 39 39 33 33 36 15 15 2 3 3 2 2 7 2 2 3 5 5 5 5 0 0 0 0
 15 15 16 28 28 51 50 50 65 65 58 7 7 10 37 37 38 38 62 73 73 73 39 39 33 33 36 15 15 2 3 3 2 2 7 2 2 3 5 5 5 5 0 0 0 0
 19 19 64 59 59 154 52 52 67 67 61 13 13 12 37 37 45 45 45 28 28 6 5 5 159 159 32 16 16 2 1 1 1 1 10 15 15 15 7 7 6 6 1 0 0 0
 14 14 62 63 63 155 137 137 138 138 161 13 13 9 15 15 19 19 148 127 127 15 8 8 160 160 22 25 25 30 7 7 5 5 10 12 12 15 8 8 2 2 2 4 4 1
 14 14 62 63 63 155 137 137 138 138 161 13 13 9 15 15 19 19 148 127 127 15 8 8 160 160 22 25 25 30 7 7 5 5 10 12 12 15 8 8 2 2 2 4 4 1
 11 11 11 53 53 52 151 151 10 10 12 11 11 13 22 22 20 20 118 91 91 117 65 65 60 60 41 28 28 32 7 7 6 6 11 15 15 14 14 14 1 1 7 1 1 1
 11 11 11 53 53 52 151 151 10 10 12 11 11 13 22 22 20 20 118 91 91 117 65 65 60 60 41 28 28 32 7 7 6 6 11 15 15 14 14 14 1 1 7 1 1 1
 12 12 22 22 22 51 151 151 12 12 13 15 15 15 26 26 23 23 35 22 22 20 70 70 65 65 41 100 100 49 10 10 7 7 6 19 19 9 8 8 6 6 6 0 0 0
 7 7 9 8 8 8 10 10 11 11 15 14 14 26 29 29 29 29 34 37 37 23 34 34 129 129 132 134 134 9 14 14 17 17 20 23 23 17 8 8 5 5 2 0 0 0
 7 7 9 8 8 8 10 10 11 11 15 14 14 26 29 29 29 29 34 37 37 23 34 34 129 129 132 134 134 9 14 14 17 17 20 23 23 17 8 8 5 5 2 0 0 0
 4 4 6 9 9 9 10 10 10 10 15 13 13 26 31 31 54 54 62 45 45 32 15 15 11 11 134 139 139 8 14 14 19 19 22 22 22 13 5 5 4 4 3 1 1 1
 4 4 8 8 8 6 6 6 9 9 9 12 12 28 32 32 54 54 62 69 69 34 24 24 9 9 7 2 2 8 11 11 20 20 29 12 12 2 1 1 0 0 1 1 1 1
 4 4 8 8 8 6 6 6 9 9 9 12 12 28 32 32 54 54 62 69 69 34 24 24 9 9 7 2 2 8 11 11 20 20 29 12 12 2 1 1 0 0 1 1 1 1
 5 5 7 5 5 5 5 5 7 7 7 8 8 22 26 26 44 44 66 40 40 36 20 20 22 22 13 4 4 2 10 10 10 10 17 9 9 8 0 0 0 0 1 1 1 1
 5 5 7 5 5 5 5 5 7 7 7 8 8 22 26 26 44 44 66 40 40 36 20 20 22 22 13 4 4 2 10 10 10 10 17 9 9 8 0 0 0 0 1 1 1 1
 3 3 6 4 4 4 4 4 6 6 7 20 20 22 25 25 62 62 68 40 40 55 59 59 21 21 18 7 7 4 20 20 20 20 27 39 39 15 14 14 0 0 1 1 1 1
 3 3 5 4 4 4 3 3 5 5 9 31 31 26 26 26 60 60 64 54 54 55 22 22 16 16 46 42 42 37 33 33 95 95 31 78 78 15 14 14 0 0 0 0 0 1
 3 3 5 4 4 4 3 3 5 5 9 31 31 26 26 26 60 60 64 54 54 55 22 22 16 16 46 42 42 37 33 33 95 95 31 78 78 15 14 14 0 0 0 0 0 1
 1 1 3 4 4 2 1 1 4 4 6 15 15 17 43 43 50 50 64 37 37 61 24 24 44 44 42 34 34 36 35 35 89 89 88 8 8 0 1 1 0 0 0 0 0 0
 0 0 0 5 5 2 2 2 2 2 2 7 7 15 41 41 62 62 67 34 34 29 15 15 38 38 39 36 36 93 94 94 82 82 2 0 0 0 0 0 0 0 0 0 0 0
