assets/RAT_results/precipitation/2019-07-19_IMERG.asc
ncols        46
nrows        77
xllcorner    74.800261325624
yllcorner    8.058333333333
cellsize     0.062500000000
NODATA_value -9999
 74 74 73 69 69 49 34 34 13 13 8 4 4 5 2 2 2 2 2 3 3 5 2 2 3 3 6 5 5 5 5 5 6 6 10 6 6 9 5 5 5 5 5 5 5 6
 76 76 82 77 77 66 41 41 34 34 29 15 15 9 6 6 5 5 5 6 6 7 4 4 5 5 6 4 4 4 4 4 4 4 4 5 5 5 5 5 4 4 4 4 4 4
 76 76 82 77 77 66 41 41 34 34 29 15 15 9 6 6 5 5 5 6 6 7 4 4 5 5 6 4 4 4 4 4 4 4 4 5 5 5 5 5 4 4 4 4 4 4
 83 83 91 92 92 85 68 68 44 44 33 19 19 14 12 12 10 10 8 6 6 5 6 6 5 5 8 8 8 5 4 4 4 4 4 4 4 4 4 4 4 4 4 4 4 4
 99 99 103 94 94 87 69 69 47 47 41 22 22 20 19 19 15 15 10 7 7 4 4 4 5 5 9 14 14 7 5 5 5 5 4 4 4 4 4 4 4 4 4 4 4 4
 99 99 103 94 94 87 69 69 47 47 41 22 22 20 19 19 15 15 10 7 7 4 4 4 5 5 9 14 14 7 5 5 5 5 4 4 4 4 4 4 4 4 4 4 4 4
 93 93 115 104 104 90 78 78 49 49 41 25 25 21 21 21 12 12 9 7 7 5 5 5 7 7 8 10 10 9 6 6 6 6 4 4 4 4 3 3 3 3 3 4 4 4
 93 93 115 104 104 90 78 78 49 49 41 25 25 21 21 21 12 12 9 7 7 5 5 5 7 7 8 10 10 9 6 6 6 6 4 4 4 4 3 3 3 3 3 4 4 4
 82 82 94 91 91 82 79 79 52 52 48 38 38 21 13 13 9 9 9 8 8 4 6 6 5 5 6 10 10 6 5 5 4 4 3 3 3 3 2 2 2 2 2 2 2 3
 71 71 80 87 87 80 90 90 69 69 47 40 40 26 15 15 9 9 8 5 5 4 4 4 4 4 6 6 6 3 4 4 3 3 3 4 4 4 2 2 2 2 2 2 2 2
 71 71 80 87 87 80 90 90 69 69 47 40 40 26 15 15 9 9 8 5 5 4 4 4 4 4 6 6 6 3 4 4 3 3 3 4 4 4 2 2 2 2 2 2 2 2
 86 86 83 79 79 76 76 76 72 72 51 39 39 29 21 21 10 10 6 5 5 4 4 4 3 3 5 4 4 2 2 2 2 2 3 3 3 6 2 2 2 2 2 1 1 2
 79 79 73 78 78 83 86 86 70 70 65 59 59 46 26 26 17 17 6 7 7 6 3 3 2 2 4 2 2 2 2 2 2 2 2 2 2 3 2 2 2 2 1 1 1 3
 79 79 73 78 78 83 86 86 70 70 65 59 59 46 26 26 17 17 6 7 7 6 3 3 2 2 4 2 2 2 2 2 2 2 2 2 2 3 2 2 2 2 1 1 1 3
 67 67 66 64 64 71 73 73 74 74 68 66 66 59 37 37 26 26 13 9 9 4 2 2 2 2 2 2 2 2 2 2 2 2 3 3 3 2 2 2 2 2 2 2 2 3
 67 67 66 64 64 71 73 73 74 74 68 66 66 59 37 37 26 26 13 9 9 4 2 2 2 2 2 2 2 2 2 2 2 2 3 3 3 2 2 2 2 2 2 2 2 3
 61 61 59 53 53 60 60 60 68 68 74 76 76 67 37 37 29 29 20 12 12 7 3 3 2 2 2 3 3 4 3 3 2 2 2 2 2 1 1 1 1 1 1 2 2 7
 44 44 41 47 47 56 60 60 57 57 69 70 70 70 40 40 36 36 28 17 17 9 5 5 1 1 2 2 2 3 3 3 2 2 1 1 1 1 1 1 2 2 2 3 3 7
 44 44 41 47 47 56 60 60 57 57 69 70 70 70 40 40 36 36 28 17 17 9 5 5 1 1 2 2 2 3 3 3 2 2 1 1 1 1 1 1 2 2 2 3 3 7
 46 46 40 43 43 47 52 52 54 54 56 64 64 60 43 43 24 24 20 20 20 16 9 9 5 5 4 2 2 2 2 2 2 2 2 2 2 0 1 1 1 1 1 1 1 0
 58 58 61 42 42 49 49 49 64 64 59 57 57 56 38 38 25 25 22 17 17 18 13 13 8 8 6 2 2 2 2 2 2 2 2 1 1 0 1 1 1 1 1 0 0 0
 58 58 61 42 42 49 49 49 64 64 59 57 57 56 38 38 25 25 22 17 17 18 13 13 8 8 6 2 2 2 2 2 2 2 2 1 1 0 1 1 1 1 1 0 0 0
 66 66 66 61 61 48 47 47 58 58 66 58 58 50 43 43 30 30 27 15 15 13 12 12 9 9 7 5 5 2 2 2 2 2 2 1 1 1 1 1 1 1 1 0 0 0
 66 66 66 61 61 48 47 47 58 58 66 58 58 50 43 43 30 30 27 15 15 13 12 12 9 9 7 5 5 2 2 2 2 2 2 1 1 1 1 1 1 1 1 0 0 0
 79 79 82 73 73 58 52 52 53 53 62 60 60 46 39 39 28 28 28 16 16 13 11 11 10 10 6 4 4 4 3 3 3 3 2 1 1 1 1 1 0 0 0 0 0 1
 83 83 82 73 73 57 54 54 57 57 62 68 68 45 42 42 33 33 34 18 18 19 13 13 9 9 7 7 7 5 3 3 2 2 1 1 1 1 0 0 0 0 0 0 0 1
 83 83 82 73 73 57 54 54 57 57 62 68 68 45 42 42 33 33 34 18 18 19 13 13 9 9 7 7 7 5 3 3 2 2 1 1 1 1 0 0 0 0 0 0 0 1
 95 95 97 90 90 77 68 68 68 68 64 55 55 53 43 43 45 45 41 21 21 17 11 11 7 7 7 6 6 6 2 2 1 1 1 1 1 0 0 0 0 0 0 0 0 0
 95 95 100 100 100 96 89 89 79 79 68 66 66 53 53 53 52 52 45 33 33 28 12 12 10 10 7 5 5 5 2 2 1 1 1 1 1 0 0 0 0 0 0 0 0 0
 95 95 100 100 100 96 89 89 79 79 68 66 66 53 53 53 52 52 45 33 33 28 12 12 10 10 7 5 5 5 2 2 1 1 1 1 1 0 0 0 0 0 0 0 0 0
 86 86 89 90 90 88 83 83 73 73 74 75 75 55 50 50 59 59 49 41 41 20 17 17 13 13 7 4 4 5 3 3 1 1 1 1 1 0 0 0 0 0 0 0 0 0
 86 86 89 90 90 88 83 83 73 73 74 75 75 55 50 50 59 59 49 41 41 20 17 17 13 13 7 4 4 5 3 3 1 1 1 1 1 0 0 0 0 0 0 0 0 0
 67 67 67 65 65 63 60 60 65 65 60 62 62 54 59 59 66 66 52 44 44 36 33 33 14 14 8 5 5 5 3 3 2 2 1 1 1 1 0 0 0 0 0 0 0 0
 58 58 58 57 57 54 54 54 61 61 55 61 61 59 78 78 69 69 61 58 58 56 47 47 24 24 15 10 10 6 3 3 2 2 2 1 1 1 0 0 0 0 0 0 0 0
 58 58 58 57 57 54 54 54 61 61 55 61 61 59 78 78 69 69 61 58 58 56 47 47 24 24 15 10 10 6 3 3 2 2 2 1 1 1 0 0 0 0 0 0 0 0
 45 45 44 46 46 45 49 49 49 49 48 46 46 44 53 53 54 54 57 70 70 61 46 46 32 32 26 14 14 10 5 5 3 3 2 1 1 0 0 0 0 0 0 0 0 0
 37 37 37 40 40 39 38 38 39 39 38 33 33 36 34 34 42 42 42 51 51 53 51 51 32 32 36 23 23 14 7 7 3 3 3 3 3 2 1 1 1 1 0 0 0 0
 37 37 37 40 40 39 38 38 39 39 38 33 33 36 34 34 42 42 42 51 51 53 51 51 32 32 36 23 23 14 7 7 3 3 3 3 3 2 1 1 1 1 0 0 0 0
 27 27 26 27 27 27 30 30 32 32 36 35 35 35 28 28 25 25 30 33 33 45 51 51 37 37 31 27 27 22 10 10 8 8 5 4 4 4 2 2 2 2 1 1 1 1
 27 27 26 27 27 27 30 30 32 32 36 35 35 35 28 28 25 25 30 33 33 45 51 51 37 37 31 27 27 22 10 10 8 8 5 4 4 4 2 2 2 2 1 1 1 1
 27 27 27 27 27 26 29 29 30 30 35 33 33 34 29 29 25 25 25 28 28 32 49 49 43 43 30 28 28 18 15 15 12 12 12 8 8 8 4 4 2 2 2 3 3 2
 26 26 27 26 26 26 29 29 32 32 31 33 33 34 28 28 23 23 20 24 24 22 30 30 40 40 32 30 30 20 19 19 15 15 12 11 11 8 5 5 4 4 4 4 4 2
 26 26 27 26 26 26 29 29 32 32 31 33 33 34 28 28 23 23 20 24 24 22 30 30 40 40 32 30 30 20 19 19 15 15 12 11 11 8 5 5 4 4 4 4 4 2
 30 30 31 28 28 27 27 27 28 28 25 30 30 22 28 28 20 20 19 20 20 20 24 24 31 31 35 35 35 27 18 18 13 13 13 12 12 10 8 8 5 5 5 5 5 2
 36 36 31 28 28 25 23 23 24 24 22 25 25 20 22 22 19 19 18 18 18 18 19 19 30 30 36 35 35 25 21 21 17 17 13 11 11 8 6 6 3 3 6 5 5 2
 36 36 31 28 28 25 23 23 24 24 22 25 25 20 22 22 19 19 18 18 18 18 19 19 30 30 36 35 35 25 21 21 17 17 13 11 11 8 6 6 3 3 6 5 5 2
 32 32 29 25 25 23 20 20 19 19 18 19 19 18 18 18 16 16 18 23 23 19 24 24 32 32 31 32 32 27 19 19 19 19 14 14 14 10 9 9 8 8 8 4 4 1
 32 32 29 25 25 23 20 20 19 19 18 19 19 18 18 18 16 16 18 23 23 19 24 24 32 32 31 32 32 27 19 19 19 19 14 14 14 10 9 9 8 8 8 4 4 1
 24 24 20 17 17 15 14 14 14 14 15 15 15 15 15 15 16 16 20 24 24 26 33 33 34 34 31 30 30 29 26 26 22 22 22 17 17 14 8 8 10 10 10 5 5 3
 20 20 16 13 13 12 11 11 12 12 12 13 13 16 16 16 19 19 20 23 23 30 34 34 27 27 32 33 33 34 35 35 32 32 24 20 20 19 9 9 9 9 10 6 6 5
 20 20 16 13 13 12 11 11 12 12 12 13 13 16 16 16 19 19 20 23 23 30 34 34 27 27 32 33 33 34 35 35 32 32 24 20 20 19 9 9 9 9 10 6 6 5
 16 16 14 13 13 12 12 12 13 13 15 18 18 21 23 23 25 25 27 26 26 32 32 32 32 32 38 35 35 38 38 38 31 31 24 21 21 15 9 9 9 9 9 11 11 7
 18 18 17 16 16 16 15 15 16 16 18 21 21 27 30 30 35 35 36 31 31 31 38 38 40 40 47 41 41 38 41 41 27 27 25 20 20 16 11 11 10 10 10 15 15 8
 18 18 17 16 16 16 15 15 16 16 18 21 21 27 30 30 35 35 36 31 31 31 38 38 40 40 47 41 41 38 41 41 27 27 25 20 20 16 11 11 10 10 10 15 15 8
 18 18 18 21 21 21 23 23 23 23 25 27 27 30 32 32 35 35 39 37 37 37 39 39 41 41 45 46 46 47 49 49 41 41 34 32 32 28 15 15 15 15 16 19 19 9
 18 18 18 21 21 21 23 23 23 23 25 27 27 30 32 32 35 35 39 37 37 37 39 39 41 41 45 46 46 47 49 49 41 41 34 32 32 28 15 15 15 15 16 19 19 9
 19 19 23 25 25 26 27 27 28 28 29 28 28 32 33 33 33 33 33 32 32 30 31 31 32 32 41 40 40 40 49 49 51 51 40 45 45 34 19 19 18 18 20 21 21 6
 23 23 26 26 26 25 24 24 25 25 28 27 27 29 28 28 29 29 27 26 26 21 21 21 23 23 29 34 34 53 62 62 54 54 49 36 36 36 19 19 24 24 22 17 17 6
 23 23 26 26 26 25 24 24 25 25 28 27 27 29 28 28 29 29 27 26 26 21 21 21 23 23 29 34 34 53 62 62 54 54 49 36 36 36 19 19 24 24 22 17 17 6
 26 26 28 29 29 30 29 29 27 27 25 24 24 26 24 24 22 22 20 19 19 12 13 13 12 12 28 31 31 43 51 51 33 33 33 33 33 27 22 22 25 25 24 17 17 5
 30 30 29 31 31 33 32 32 27 27 22 18 18 14 13 13 12 12 13 12 12 12 12 12 10 10 16 28 28 31 37 37 36 36 37 31 31 20 19 19 25 25 23 13 13 4
 30 30 29 31 31 33 32 32 27 27 22 18 18 14 13 13 12 12 13 12 12 12 12 12 10 10 16 28 28 31 37 37 36 36 37 31 31 20 19 19 25 25 23 13 13 4
 29 29 29 30 30 30 30 30 26 26 22 19 19 17 15 15 13 13 12 11 11 12 12 12 14 14 18 20 20 22 23 23 22 22 28 19 19 24 19 19 21 21 17 17 17 4
 29 29 29 30 30 30 30 30 26 26 22 19 19 17 15 15 13 13 12 11 11 12 12 12 14 14 18 20 20 22 23 23 22 22 28 19 19 24 19 19 21 21 17 17 17 4
 23 23 24 25 25 26 27 27 25 25 24 24 24 23 22 22 20 20 19 17 17 16 15 15 18 18 14 14 14 20 22 22 20 20 20 27 27 28 29 29 25 25 22 13 13 2
 21 21 21 20 20 19 18 18 17 17 17 17 17 17 17 17 17 17 17 16 16 17 18 18 22 22 16 21 21 27 23 23 23 23 19 26 26 26 28 28 24 24 21 14 14 3
 21 21 21 20 20 19 18 18 17 17 17 17 17 17 17 17 17 17 17 16 16 17 18 18 22 22 16 21 21 27 23 23 23 23 19 26 26 26 28 28 24 24 21 14 14 3
 21 21 19 17 17 16 15 15 15 15 15 15 15 16 17 17 17 17 17 18 18 18 18 18 18 18 18 22 22 16 21 21 21 21 18 23 23 27 28 28 24 24 19 8 8 7
 22 22 19 16 16 14 13 13 13 13 12 12 12 12 11 11 12 12 12 13 13 13 13 13 14 14 16 19 19 17 17 17 20 20 18 19 19 15 16 16 20 20 15 11 11 8
 22 22 19 16 16 14 13 13 13 13 12 12 12 12 11 11 12 12 12 13 13 13 13 13 14 14 16 19 19 17 17 17 20 20 18 19 19 15 16 16 20 20 15 11 11 8
 22 22 20 16 16 13 12 12 12 12 11 11 11 12 11 11 12 12 11 12 12 11 8 8 8 8 8 10 10 8 10 10 14 14 15 15 15 14 15 15 20 20 17 14 14 14
 22 22 20 16 16 13 12 12 12 12 11 11 11 12 11 11 12 12 11 12 12 11 8 8 8 8 8 10 10 8 10 10 14 14 15 15 15 14 15 15 20 20 17 14 14 14
 20 20 18 15 15 12 11 11 10 10 9 10 10 10 10 10 10 10 10 10 10 10 9 9 8 8 7 7 7 8 10 10 14 14 16 16 16 17 20 20 19 19 17 19 19 14
 19 19 16 14 14 12 11 11 10 10 9 8 8 9 10 10 11 11 11 13 13 14 12 12 11 11 9 8 8 8 8 8 11 11 12 13 13 12 13 13 13 13 13 14 14 11
 19 19 16 14 14 12 11 11 10 10 9 8 8 9 10 10 11 11 11 13 13 14 12 12 11 11 9 8 8 8 8 8 11 11 12 13 13 12 13 13 13 13 13 14 14 11
 18 18 14 12 12 10 9 9 8 8 7 7 7 8 10 10 11 11 11 11 11 12 11 11 9 9 8 7 7 6 6 6 7 7 10 12 12 12 15 15 16 16 16 21 21 13
 15 15 13 11 11 10 7 7 7 7 6 7 7 8 9 9 10 10 10 10 10 10 10 10 8 8 7 6 6 4 4 4 4 4 6 6 6 9 11 11 13 13 13 14 14 9
