assets/RAT_results/precipitation/2019-09-30_IMERG.asc
ncols        46
nrows        77
xllcorner    74.800261325624
yllcorner    8.058333333333
cellsize     0.062500000000
NODATA_value -9999
 34 34 32 38 38 34 34 34 31 31 21 18 18 8 1 1 3 3 0 0 0 1 0 0 0 0 0 0 0 0 0 0 0 0 0 0 0 0 0 0 0 0 0 0 0 0
 31 31 35 43 43 45 33 33 33 33 45 32 32 11 10 10 8 8 0 1 1 1 0 0 0 0 0 0 0 0 0 0 0 0 0 0 0 0 0 0 0 0 0 0 0 0
 31 31 35 43 43 45 33 33 33 33 45 32 32 11 10 10 8 8 0 1 1 1 0 0 0 0 0 0 0 0 0 0 0 0 0 0 0 0 0 0 0 0 0 0 0 0
 41 41 40 38 38 33 29 29 42 42 41 39 39 10 11 11 8 8 6 2 2 1 1 1 1 1 0 0 0 0 0 0 0 0 0 0 0 0 0 0 0 0 0 0 0 0
 33 33 34 26 26 19 30 30 33 33 21 21 21 10 12 12 12 12 14 6 6 3 3 3 2 2 1 2 2 1 0 0 0 0 0 0 0 0 0 0 0 0 0 0 0 0
 33 33 34 26 26 19 30 30 33 33 21 21 21 10 12 12 12 12 14 6 6 3 3 3 2 2 1 2 2 1 0 0 0 0 0 0 0 0 0 0 0 0 0 0 0 0
 44 44 33 21 21 10 8 8 15 15 17 19 19 7 9 9 15 15 15 6 6 3 5 5 2 2 2 2 2 1 0 0 0 0 0 0 0 0 0 0 0 0 0 0 0 0
 44 44 33 21 21 10 8 8 15 15 17 19 19 7 9 9 15 15 15 6 6 3 5 5 2 2 2 2 2 1 0 0 0 0 0 0 0 0 0 0 0 0 0 0 0 0
 16 16 16 17 17 8 7 7 3 3 4 6 6 6 9 9 14 14 14 5 5 4 4 4 4 4 1 1 1 1 0 0 0 0 0 0 0 0 1 1 1 1 1 1 1 1
 13 13 15 16 16 9 9 9 16 16 15 9 9 5 4 4 5 5 5 5 5 1 2 2 1 1 0 0 0 0 0 0 0 0 0 0 0 0 1 1 1 1 1 1 1 2
 13 13 15 16 16 9 9 9 16 16 15 9 9 5 4 4 5 5 5 5 5 1 2 2 1 1 0 0 0 0 0 0 0 0 0 0 0 0 1 1 1 1 1 1 1 2
 10 10 10 10 10 12 13 13 15 15 16 6 6 2 1 1 1 1 1 2 2 1 1 1 0 0 0 1 1 1 0 0 0 0 0 0 0 1 1 1 1 1 1 3 3 4
 23 23 13 10 10 15 14 14 13 13 6 5 5 1 2 2 1 1 0 2 2 0 0 0 0 0 1 0 0 0 0 0 0 0 0 1 1 1 1 1 1 1 1 3 3 4
 23 23 13 10 10 15 14 14 13 13 6 5 5 1 2 2 1 1 0 2 2 0 0 0 0 0 1 0 0 0 0 0 0 0 0 1 1 1 1 1 1 1 1 3 3 4
 23 23 27 17 17 20 16 16 14 14 4 5 5 0 1 1 0 0 1 1 1 1 1 1 0 0 2 0 0 0 0 0 0 0 1 1 1 1 1 1 1 1 2 4 4 4
 23 23 27 17 17 20 16 16 14 14 4 5 5 0 1 1 0 0 1 1 1 1 1 1 0 0 2 0 0 0 0 0 0 0 1 1 1 1 1 1 1 1 2 4 4 4
 13 13 24 30 30 24 16 16 21 21 6 1 1 1 0 0 2 2 4 4 4 4 2 2 1 1 1 0 0 0 0 0 0 0 0 1 1 1 1 1 1 1 1 1 1 4
 13 13 22 25 25 21 21 21 20 20 19 7 7 6 0 0 2 2 1 1 1 3 2 2 0 0 1 0 0 0 0 0 0 0 0 0 0 1 1 1 1 1 1 1 1 3
 13 13 22 25 25 21 21 21 20 20 19 7 7 6 0 0 2 2 1 1 1 3 2 2 0 0 1 0 0 0 0 0 0 0 0 0 0 1 1 1 1 1 1 1 1 3
 13 13 14 13 13 4 9 9 12 12 8 6 6 2 2 2 5 5 5 9 9 4 0 0 0 0 1 0 0 1 0 0 0 0 0 0 0 0 0 0 1 1 1 0 0 0
 17 17 14 11 11 3 4 4 9 9 11 11 11 9 7 7 7 7 10 13 13 9 1 1 1 1 1 1 1 1 1 1 1 1 1 0 0 0 0 0 0 0 0 0 0 0
 17 17 14 11 11 3 4 4 9 9 11 11 11 9 7 7 7 7 10 13 13 9 1 1 1 1 1 1 1 1 1 1 1 1 1 0 0 0 0 0 0 0 0 0 0 0
 18 18 16 13 13 3 6 6 2 2 14 8 8 17 15 15 13 13 12 16 16 11 6 6 1 1 4 2 2 2 4 4 4 4 2 1 1 0 0 0 1 1 0 0 0 1
 18 18 16 13 13 3 6 6 2 2 14 8 8 17 15 15 13 13 12 16 16 11 6 6 1 1 4 2 2 2 4 4 4 4 2 1 1 0 0 0 1 1 0 0 0 1
 18 18 17 6 6 4 4 4 3 3 2 3 3 16 14 14 15 15 13 12 12 13 12 12 6 6 11 10 10 2 3 3 5 5 1 1 1 1 1 1 1 1 1 1 1 1
 9 9 18 6 6 6 1 1 2 2 2 2 2 17 23 23 16 16 12 10 10 15 22 22 18 18 21 15 15 7 4 4 3 3 1 1 1 1 0 0 0 0 0 0 0 1
 9 9 18 6 6 6 1 1 2 2 2 2 2 17 23 23 16 16 12 10 10 15 22 22 18 18 21 15 15 7 4 4 3 3 1 1 1 1 0 0 0 0 0 0 0 1
 15 15 12 7 7 4 3 3 2 2 3 3 3 10 15 15 19 19 12 14 14 14 20 20 18 18 49 46 46 11 4 4 3 3 3 0 0 0 0 0 2 2 2 0 0 0
 23 23 14 9 9 6 7 7 3 3 3 3 3 7 15 15 19 19 10 11 11 9 23 23 22 22 147 39 39 9 12 12 8 8 11 6 6 4 7 7 3 3 3 1 1 2
 23 23 14 9 9 6 7 7 3 3 3 3 3 7 15 15 19 19 10 11 11 9 23 23 22 22 147 39 39 9 12 12 8 8 11 6 6 4 7 7 3 3 3 1 1 2
 37 37 18 10 10 9 7 7 3 3 3 10 10 10 13 13 15 15 8 9 9 18 17 17 24 24 46 35 35 16 18 18 24 24 15 14 14 27 17 17 10 10 11 5 5 2
 37 37 18 10 10 9 7 7 3 3 3 10 10 10 13 13 15 15 8 9 9 18 17 17 24 24 46 35 35 16 18 18 24 24 15 14 14 27 17 17 10 10 11 5 5 2
 38 38 48 16 16 11 11 11 15 15 10 12 12 12 12 12 15 15 8 8 8 13 37 37 42 42 50 36 36 19 28 28 38 38 35 29 29 49 47 47 12 12 4 4 4 2
 76 76 57 33 33 22 32 32 18 18 11 12 12 12 9 9 5 5 7 10 10 8 18 18 26 26 31 26 26 32 30 30 47 47 49 37 37 36 34 34 26 26 3 3 3 6
 76 76 57 33 33 22 32 32 18 18 11 12 12 12 9 9 5 5 7 10 10 8 18 18 26 26 31 26 26 32 30 30 47 47 49 37 37 36 34 34 26 26 3 3 3 6
 61 61 66 49 49 58 34 34 27 27 16 7 7 2 3 3 5 5 6 7 7 6 8 8 11 11 10 16 16 19 26 26 34 34 41 26 26 19 18 18 13 13 3 5 5 5
 76 76 73 58 58 61 62 62 30 30 15 5 5 3 3 3 6 6 4 5 5 4 6 6 5 5 5 15 15 22 23 23 11 11 12 15 15 13 2 2 2 2 3 3 3 4
 76 76 73 58 58 61 62 62 30 30 15 5 5 3 3 3 6 6 4 5 5 4 6 6 5 5 5 15 15 22 23 23 11 11 12 15 15 13 2 2 2 2 3 3 3 4
 69 69 80 41 41 37 33 33 21 21 9 8 8 3 2 2 5 5 3 4 4 4 3 3 2 2 2 5 5 10 12 12 13 13 13 13 13 9 7 7 6 6 7 3 3 5
 69 69 80 41 41 37 33 33 21 21 9 8 8 3 2 2 5 5 3 4 4 4 3 3 2 2 2 5 5 10 12 12 13 13 13 13 13 9 7 7 6 6 7 3 3 5
 80 80 147 44 44 48 20 20 20 20 12 9 9 3 2 2 1 1 3 4 4 4 3 3 2 2 1 2 2 6 6 6 9 9 13 12 12 8 5 5 6 6 6 8 8 7
 122 122 126 36 36 43 18 18 21 21 11 12 12 3 2 2 3 3 4 1 1 2 1 1 1 1 1 1 1 5 6 6 10 10 14 10 10 10 12 12 10 10 14 12 12 9
 122 122 126 36 36 43 18 18 21 21 11 12 12 3 2 2 3 3 4 1 1 2 1 1 1 1 1 1 1 5 6 6 10 10 14 10 10 10 12 12 10 10 14 12 12 9
 71 71 113 31 31 40 17 17 18 18 11 6 6 23 2 2 3 3 3 2 2 2 3 3 1 1 3 4 4 26 3 3 4 4 10 15 15 14 11 11 12 12 18 10 10 10
 54 54 55 28 28 13 13 13 12 12 9 26 26 23 2 2 2 2 3 2 2 1 3 3 5 5 6 11 11 14 5 5 9 9 9 14 14 17 17 17 20 20 16 15 15 10
 54 54 55 28 28 13 13 13 12 12 9 26 26 23 2 2 2 2 3 2 2 1 3 3 5 5 6 11 11 14 5 5 9 9 9 14 14 17 17 17 20 20 16 15 15 10
 51 51 46 25 25 11 12 12 4 4 4 2 2 2 1 1 1 1 1 1 1 1 1 1 6 6 19 33 33 17 6 6 13 13 17 21 21 28 25 25 36 36 26 21 21 9
 51 51 46 25 25 11 12 12 4 4 4 2 2 2 1 1 1 1 1 1 1 1 1 1 6 6 19 33 33 17 6 6 13 13 17 21 21 28 25 25 36 36 26 21 21 9
 33 33 25 23 23 12 12 12 5 5 4 2 2 2 2 2 2 2 2 1 1 1 9 9 11 11 24 24 24 17 16 16 22 22 22 24 24 32 26 26 38 38 37 24 24 10
 28 28 19 18 18 12 11 11 6 6 5 3 3 3 3 3 3 3 3 2 2 3 10 10 12 12 23 24 24 26 27 27 20 20 23 29 29 34 42 42 40 40 30 26 26 11
 28 28 19 18 18 12 11 11 6 6 5 3 3 3 3 3 3 3 3 2 2 3 10 10 12 12 23 24 24 26 27 27 20 20 23 29 29 34 42 42 40 40 30 26 26 11
 22 22 17 17 17 10 10 10 5 5 4 3 3 3 3 3 3 3 3 3 3 4 10 10 14 14 27 25 25 30 22 22 17 17 20 27 27 29 30 30 25 25 29 21 21 13
 26 26 17 14 14 8 4 4 4 4 3 3 3 3 3 3 3 3 3 3 3 5 10 10 13 13 15 23 23 27 22 22 22 22 22 31 31 37 33 33 45 45 32 28 28 28
 26 26 17 14 14 8 4 4 4 4 3 3 3 3 3 3 3 3 3 3 3 5 10 10 13 13 15 23 23 27 22 22 22 22 22 31 31 37 33 33 45 45 32 28 28 28
 31 31 30 16 16 8 4 4 5 5 4 3 3 2 3 3 4 4 2 2 2 4 7 7 11 11 13 19 19 23 23 23 16 16 28 31 31 35 31 31 40 40 43 30 30 27
 31 31 30 16 16 8 4 4 5 5 4 3 3 2 3 3 4 4 2 2 2 4 7 7 11 11 13 19 19 23 23 23 16 16 28 31 31 35 31 31 40 40 43 30 30 27
 28 28 29 23 23 28 21 21 11 11 6 4 4 4 2 2 2 2 2 2 2 3 2 2 9 9 12 18 18 17 20 20 27 27 24 36 36 35 33 33 24 24 43 33 33 20
 32 32 27 29 29 28 21 21 13 13 8 7 7 6 3 3 2 2 2 2 2 2 3 3 5 5 9 13 13 17 23 23 24 24 31 30 30 24 23 23 20 20 16 15 15 6
 32 32 27 29 29 28 21 21 13 13 8 7 7 6 3 3 2 2 2 2 2 2 3 3 5 5 9 13 13 17 23 23 24 24 31 30 30 24 23 23 20 20 16 15 15 6
 20 20 18 23 23 13 10 10 10 10 10 9 9 8 4 4 2 2 3 2 2 2 1 1 2 2 7 8 8 12 19 19 21 21 27 33 33 27 29 29 12 12 6 6 6 4
 19 19 15 16 16 9 7 7 12 12 13 12 12 12 7 7 3 3 4 3 3 2 1 1 1 1 3 15 15 14 17 17 18 18 28 32 32 22 24 24 8 8 11 10 10 4
 19 19 15 16 16 9 7 7 12 12 13 12 12 12 7 7 3 3 4 3 3 2 1 1 1 1 3 15 15 14 17 17 18 18 28 32 32 22 24 24 8 8 11 10 10 4
 13 13 5 6 6 5 7 7 14 14 15 16 16 17 8 8 5 5 5 3 3 3 2 2 2 2 3 17 17 15 15 15 18 18 30 33 33 40 34 34 11 11 12 10 10 2
 13 13 5 6 6 5 7 7 14 14 15 16 16 17 8 8 5 5 5 3 3 3 2 2 2 2 3 17 17 15 15 15 18 18 30 33 33 40 34 34 11 11 12 10 10 2
 7 7 7 5 5 5 5 5 13 13 19 21 21 20 10 10 6 6 4 4 4 4 4 4 3 3 8 22 22 19 20 20 18 18 21 35 35 44 31 31 25 25 13 12 12 2
 6 6 11 9 9 8 6 6 9 9 16 27 27 28 6 6 4 4 4 5 5 6 7 7 6 6 8 7 7 21 21 21 22 22 23 38 38 40 30 30 30 30 15 7 7 5
 6 6 11 9 9 8 6 6 9 9 16 27 27 28 6 6 4 4 4 5 5 6 7 7 6 6 8 7 7 21 21 21 22 22 23 38 38 40 30 30 30 30 15 7 7 5
 11 11 13 14 14 9 11 11 8 8 16 9 9 33 3 3 2 2 4 5 5 4 4 4 2 2 7 7 7 15 24 24 27 27 30 23 23 22 21 21 18 18 8 7 7 4
 24 24 14 15 15 10 8 8 4 4 10 7 7 11 1 1 3 3 6 3 3 3 5 5 2 2 2 2 2 9 11 11 22 22 25 18 18 19 16 16 8 8 11 8 8 4
 24 24 14 15 15 10 8 8 4 4 10 7 7 11 1 1 3 3 6 3 3 3 5 5 2 2 2 2 2 9 11 11 22 22 25 18 18 19 16 16 8 8 11 8 8 4
 22 22 23 14 14 19 18 18 16 16 16 5 5 4 2 2 3 3 5 5 5 3 5 5 3 3 2 2 2 4 4 4 6 6 8 9 9 10 6 6 9 9 9 6 6 6
 22 22 23 14 14 19 18 18 16 16 16 5 5 4 2 2 3 3 5 5 5 3 5 5 3 3 2 2 2 4 4 4 6 6 8 9 9 10 6 6 9 9 9 6 6 6
 26 26 26 26 26 37 21 21 17 17 16 5 5 7 2 2 2 2 11 4 4 2 2 2 2 2 1 1 1 4 2 2 7 7 8 10 10 10 9 9 9 9 9 5 5 6
 25 25 25 26 26 37 36 36 26 26 26 18 18 7 5 5 10 10 12 4 4 3 2 2 2 2 1 3 3 6 5 5 11 11 10 17 17 14 9 9 8 8 8 8 8 7
 25 25 25 26 26 37 36 36 26 26 26 18 18 7 5 5 10 10 12 4 4 3 2 2 2 2 1 3 3 6 5 5 11 11 10 17 17 14 9 9 8 8 8 8 8 7
 33 33 23 25 25 28 35 35 27 27 27 19 19 18 5 5 5 5 5 3 3 2 2 2 2 2 6 15 15 39 47 47 14 14 8 17 17 22 15 15 15 15 16 17 17 16
 26 26 18 26 26 29 25 25 34 34 33 35 35 26 16 16 5 5 5 3 3 3 2 2 2 2 3 20 20 58 65 65 2 2 2 17 17 7 16 16 17 17 20 16 16 19
