assets/RAT_results/precipitation/2019-10-09_IMERG.asc
ncols        46
nrows        77
xllcorner    74.800261325624
yllcorner    8.058333333333
cellsize     0.062500000000
NODATA_value -9999
 3 3 5 3 3 3 12 12 22 22 27 7 7 1 0 0 0 0 0 0 0 0 0 0 3 3 3 1 1 0 0 0 0 0 0 0 0 0 1 1 1 1 1 0 0 0
 4 4 4 4 4 6 6 6 10 10 26 4 4 0 1 1 2 2 2 0 0 0 0 0 0 0 0 0 0 0 0 0 0 0 0 0 0 0 0 0 0 0 0 0 0 0
 4 4 4 4 4 6 6 6 10 10 26 4 4 0 1 1 2 2 2 0 0 0 0 0 0 0 0 0 0 0 0 0 0 0 0 0 0 0 0 0 0 0 0 0 0 0
 2 2 5 10 10 5 7 7 11 11 14 6 6 1 1 1 2 2 2 0 0 2 2 2 1 1 0 0 0 0 0 0 0 0 0 0 0 0 0 0 0 0 0 0 0 0
 2 2 3 11 11 6 10 10 12 12 13 12 12 4 1 1 1 1 1 1 1 2 8 8 6 6 2 0 0 0 0 0 0 0 0 0 0 0 0 0 0 0 0 0 0 0
 2 2 3 11 11 6 10 10 12 12 13 12 12 4 1 1 1 1 1 1 1 2 8 8 6 6 2 0 0 0 0 0 0 0 0 0 0 0 0 0 0 0 0 0 0 0
 1 1 4 6 6 3 8 8 8 8 5 7 7 3 2 2 0 0 0 2 2 2 2 2 4 4 3 0 0 0 0 0 0 0 0 0 0 0 0 0 0 0 0 0 0 0
 1 1 4 6 6 3 8 8 8 8 5 7 7 3 2 2 0 0 0 2 2 2 2 2 4 4 3 0 0 0 0 0 0 0 0 0 0 0 0 0 0 0 0 0 0 0
 1 1 1 2 2 3 4 4 4 4 2 2 2 3 1 1 0 0 0 0 0 1 2 2 0 0 0 0 0 0 0 0 0 0 1 2 2 1 1 1 0 0 0 0 0 0
 1 1 1 1 1 1 2 2 1 1 3 1 1 1 0 0 0 0 0 0 0 0 1 1 1 1 0 0 0 0 0 0 0 0 0 2 2 2 2 2 1 1 2 4 4 4
 1 1 1 1 1 1 2 2 1 1 3 1 1 1 0 0 0 0 0 0 0 0 1 1 1 1 0 0 0 0 0 0 0 0 0 2 2 2 2 2 1 1 2 4 4 4
 1 1 1 1 1 1 1 1 1 1 1 0 0 0 0 0 0 0 0 0 0 2 4 4 1 1 0 0 0 0 0 0 0 0 0 0 0 1 1 1 1 1 2 3 3 6
 0 0 1 1 1 0 1 1 0 0 0 0 0 0 0 0 0 0 0 0 0 1 2 2 4 4 1 4 4 1 0 0 0 0 0 0 0 1 1 1 0 0 1 2 2 3
 0 0 1 1 1 0 1 1 0 0 0 0 0 0 0 0 0 0 0 0 0 1 2 2 4 4 1 4 4 1 0 0 0 0 0 0 0 1 1 1 0 0 1 2 2 3
 0 0 0 0 0 0 0 0 0 0 0 0 0 0 0 0 0 0 2 2 2 0 1 1 1 1 3 5 5 5 2 2 1 1 3 3 3 3 4 4 1 1 1 1 1 2
 0 0 0 0 0 0 0 0 0 0 0 0 0 0 0 0 0 0 2 2 2 0 1 1 1 1 3 5 5 5 2 2 1 1 3 3 3 3 4 4 1 1 1 1 1 2
 0 0 0 0 0 1 0 0 0 0 1 0 0 0 1 1 0 0 0 1 1 3 3 3 1 1 2 7 7 3 1 1 1 1 3 3 3 4 1 1 1 1 0 0 0 1
 0 0 0 0 0 1 0 0 0 0 0 0 0 0 0 0 3 3 7 4 4 8 3 3 1 1 2 2 2 1 0 0 0 0 4 4 4 1 1 1 0 0 0 0 0 0
 0 0 0 0 0 1 0 0 0 0 0 0 0 0 0 0 3 3 7 4 4 8 3 3 1 1 2 2 2 1 0 0 0 0 4 4 4 1 1 1 0 0 0 0 0 0
 0 0 0 0 0 1 1 1 1 1 0 0 0 1 2 2 2 2 4 8 8 2 3 3 2 2 1 1 1 2 0 0 0 0 0 0 0 0 0 0 0 0 0 0 0 0
 0 0 0 1 1 1 3 3 2 2 0 1 1 3 2 2 1 1 7 12 12 5 4 4 2 2 2 1 1 1 1 1 1 1 0 0 0 0 0 0 0 0 0 0 0 0
 0 0 0 1 1 1 3 3 2 2 0 1 1 3 2 2 1 1 7 12 12 5 4 4 2 2 2 1 1 1 1 1 1 1 0 0 0 0 0 0 0 0 0 0 0 0
 0 0 0 0 0 1 2 2 2 2 5 5 5 7 7 7 2 2 4 13 13 13 9 9 1 1 1 1 1 1 1 1 3 3 3 0 0 1 0 0 0 0 0 0 0 0
 0 0 0 0 0 1 2 2 2 2 5 5 5 7 7 7 2 2 4 13 13 13 9 9 1 1 1 1 1 1 1 1 3 3 3 0 0 1 0 0 0 0 0 0 0 0
 0 0 0 0 0 0 1 1 4 4 3 6 6 7 8 8 5 5 8 12 12 18 10 10 1 1 1 1 1 1 2 2 3 3 2 4 4 3 0 0 0 0 0 0 0 0
 0 0 0 0 0 0 1 1 3 3 4 13 13 12 6 6 9 9 7 10 10 10 5 5 1 1 1 1 1 2 2 2 3 3 1 8 8 3 4 4 0 0 0 0 0 0
 0 0 0 0 0 0 1 1 3 3 4 13 13 12 6 6 9 9 7 10 10 10 5 5 1 1 1 1 1 2 2 2 3 3 1 8 8 3 4 4 0 0 0 0 0 0
 0 0 0 0 0 0 0 0 1 1 1 1 1 6 10 10 9 9 8 8 8 12 9 9 2 2 1 1 1 2 2 2 2 2 1 10 10 9 3 3 0 0 0 0 0 0
 0 0 0 0 0 0 0 0 0 0 0 1 1 6 7 7 6 6 6 7 7 12 9 9 2 2 1 2 2 0 2 2 1 1 1 1 1 18 5 5 0 0 0 0 0 0
 0 0 0 0 0 0 0 0 0 0 0 1 1 6 7 7 6 6 6 7 7 12 9 9 2 2 1 2 2 0 2 2 1 1 1 1 1 18 5 5 0 0 0 0 0 0
 0 0 0 0 0 0 0 0 0 0 0 0 0 1 2 2 1 1 1 2 2 3 5 5 3 3 9 10 10 9 3 3 1 1 3 3 3 12 8 8 0 0 0 0 0 0
 0 0 0 0 0 0 0 0 0 0 0 0 0 1 2 2 1 1 1 2 2 3 5 5 3 3 9 10 10 9 3 3 1 1 3 3 3 12 8 8 0 0 0 0 0 0
 0 0 0 0 0 0 0 0 0 0 0 0 0 0 0 0 1 1 1 1 1 1 1 1 0 0 3 1 1 3 2 2 1 1 3 7 7 11 11 11 1 1 0 0 0 0
 0 0 0 0 0 0 0 0 0 0 0 0 0 0 0 0 0 0 1 2 2 2 1 1 2 2 1 0 0 1 1 1 1 1 2 5 5 16 9 9 3 3 0 0 0 0
 0 0 0 0 0 0 0 0 0 0 0 0 0 0 0 0 0 0 1 2 2 2 1 1 2 2 1 0 0 1 1 1 1 1 2 5 5 16 9 9 3 3 0 0 0 0
 0 0 0 0 0 0 0 0 0 0 0 0 0 0 0 0 1 1 1 1 1 1 1 1 1 1 0 1 1 1 2 2 4 4 3 4 4 12 2 2 0 0 0 0 0 0
 0 0 0 0 0 0 0 0 0 0 0 0 0 0 1 1 2 2 1 2 2 2 2 2 3 3 3 2 2 1 3 3 3 3 5 6 6 4 1 1 0 0 0 0 0 0
 0 0 0 0 0 0 0 0 0 0 0 0 0 0 1 1 2 2 1 2 2 2 2 2 3 3 3 2 2 1 3 3 3 3 5 6 6 4 1 1 0 0 0 0 0 0
 0 0 0 0 0 0 0 0 0 0 0 0 0 0 1 1 1 1 1 3 3 4 6 6 6 6 3 3 3 7 9 9 8 8 4 6 6 3 1 1 1 1 0 0 0 0
 0 0 0 0 0 0 0 0 0 0 0 0 0 0 1 1 1 1 1 3 3 4 6 6 6 6 3 3 3 7 9 9 8 8 4 6 6 3 1 1 1 1 0 0 0 0
 0 0 0 0 0 0 0 0 0 0 0 0 0 0 0 0 0 0 0 2 2 3 6 6 9 9 5 31 31 16 21 21 7 7 4 4 4 5 4 4 2 2 1 0 0 0
 0 0 0 0 0 0 0 0 0 0 0 0 0 0 0 0 0 0 9 9 9 10 7 7 4 4 4 11 11 13 14 14 6 6 3 3 3 4 3 3 1 1 0 0 0 0
 0 0 0 0 0 0 0 0 0 0 0 0 0 0 0 0 0 0 9 9 9 10 7 7 4 4 4 11 11 13 14 14 6 6 3 3 3 4 3 3 1 1 0 0 0 0
 0 0 0 0 0 0 0 0 0 0 0 0 0 0 0 0 0 0 9 9 9 9 11 11 4 4 7 13 13 14 18 18 6 6 5 2 2 1 1 1 1 1 0 0 0 0
 1 1 1 0 0 0 1 1 0 0 0 0 0 1 1 1 0 0 0 7 7 7 10 10 4 4 7 11 11 13 11 11 21 21 14 1 1 1 0 0 0 0 0 0 0 0
 1 1 1 0 0 0 1 1 0 0 0 0 0 1 1 1 0 0 0 7 7 7 10 10 4 4 7 11 11 13 11 11 21 21 14 1 1 1 0 0 0 0 0 0 0 0
 1 1 1 1 1 1 0 0 0 0 0 0 0 1 1 1 1 1 0 1 1 6 7 7 2 2 4 5 5 5 6 6 13 13 15 2 2 1 0 0 0 0 0 0 0 0
 1 1 1 1 1 1 0 0 0 0 0 0 0 1 1 1 1 1 0 1 1 6 7 7 2 2 4 5 5 5 6 6 13 13 15 2 2 1 0 0 0 0 0 0 0 0
 0 0 0 1 1 1 0 0 0 0 0 0 0 1 3 3 1 1 1 1 1 1 6 6 7 7 7 1 1 1 1 1 2 2 5 3 3 3 0 0 0 0 0 0 0 0
 0 0 0 1 1 0 0 0 0 0 0 0 0 1 1 1 1 1 1 5 5 4 8 8 7 7 6 1 1 1 1 1 1 1 1 1 1 0 0 0 0 0 0 0 0 0
 0 0 0 1 1 0 0 0 0 0 0 0 0 1 1 1 1 1 1 5 5 4 8 8 7 7 6 1 1 1 1 1 1 1 1 1 1 0 0 0 0 0 0 0 0 0
 0 0 0 1 1 0 0 0 0 0 0 0 0 1 1 1 1 1 1 5 5 4 4 4 10 10 6 7 7 1 1 1 1 1 1 1 1 0 0 0 0 0 0 0 0 1
 1 1 2 1 1 1 2 2 3 3 21 21 21 1 1 1 1 1 2 2 2 1 6 6 9 9 2 1 1 3 1 1 1 1 1 2 2 1 1 1 1 1 0 0 0 1
 1 1 2 1 1 1 2 2 3 3 21 21 21 1 1 1 1 1 2 2 2 1 6 6 9 9 2 1 1 3 1 1 1 1 1 2 2 1 1 1 1 1 0 0 0 1
 2 2 2 2 2 8 8 8 3 3 21 21 21 21 16 16 19 19 20 7 7 2 7 7 9 9 3 4 4 2 1 1 4 4 1 0 0 1 1 1 1 1 1 1 1 1
 2 2 2 2 2 8 8 8 3 3 21 21 21 21 16 16 19 19 20 7 7 2 7 7 9 9 3 4 4 2 1 1 4 4 1 0 0 1 1 1 1 1 1 1 1 1
 3 3 3 3 3 9 8 8 10 10 30 29 29 29 16 16 29 29 4 6 6 2 1 1 0 0 1 2 2 3 2 2 0 0 5 5 5 0 0 0 0 0 1 1 1 1
 3 3 3 5 5 9 7 7 6 6 31 30 30 40 39 39 53 53 29 28 28 1 0 0 0 0 1 2 2 3 3 3 1 1 5 5 5 0 0 0 0 0 0 1 1 1
 3 3 3 5 5 9 7 7 6 6 31 30 30 40 39 39 53 53 29 28 28 1 0 0 0 0 1 2 2 3 3 3 1 1 5 5 5 0 0 0 0 0 0 1 1 1
 3 3 4 5 5 11 9 9 27 27 34 33 33 68 72 72 71 71 50 52 52 3 1 1 1 1 1 3 3 3 5 5 4 4 8 5 5 4 0 0 0 0 0 0 0 1
 3 3 3 4 4 11 11 11 22 22 24 25 25 68 72 72 71 71 55 82 82 38 6 6 4 4 3 5 5 3 6 6 7 7 7 1 1 1 0 0 0 0 0 0 0 0
 3 3 3 4 4 11 11 11 22 22 24 25 25 68 72 72 71 71 55 82 82 38 6 6 4 4 3 5 5 3 6 6 7 7 7 1 1 1 0 0 0 0 0 0 0 0
 5 5 3 3 3 4 3 3 21 21 19 25 25 67 66 66 5 5 5 31 31 31 10 10 7 7 7 9 9 10 9 9 10 10 8 7 7 6 1 1 0 0 0 0 0 0
 5 5 3 3 3 4 3 3 21 21 19 25 25 67 66 66 5 5 5 31 31 31 10 10 7 7 7 9 9 10 9 9 10 10 8 7 7 6 1 1 0 0 0 0 0 0
 5 5 3 3 3 3 3 3 17 17 16 57 57 58 68 68 7 7 17 18 18 15 20 20 5 5 7 7 7 9 13 13 15 15 12 9 9 7 2 2 0 0 0 0 0 0
 4 4 5 7 7 5 11 11 11 11 11 46 46 58 60 60 22 22 18 27 27 16 17 17 3 3 7 7 7 10 12 12 13 13 13 14 14 2 2 2 2 2 0 0 0 0
 4 4 5 7 7 5 11 11 11 11 11 46 46 58 60 60 22 22 18 27 27 16 17 17 3 3 7 7 7 10 12 12 13 13 13 14 14 2 2 2 2 2 0 0 0 0
 22 22 25 15 15 8 13 13 10 10 10 40 40 49 49 49 25 25 16 1 1 12 12 12 1 1 3 2 2 4 6 6 11 11 12 19 19 7 3 3 0 0 0 0 0 0
 21 21 21 24 24 23 5 5 2 2 2 15 15 39 23 23 23 23 23 9 9 23 20 20 2 2 1 2 2 2 3 3 10 10 10 13 13 5 4 4 0 0 0 0 0 0
 21 21 21 24 24 23 5 5 2 2 2 15 15 39 23 23 23 23 23 9 9 23 20 20 2 2 1 2 2 2 3 3 10 10 10 13 13 5 4 4 0 0 0 0 0 0
 19 19 19 20 20 19 3 3 3 3 14 14 14 15 21 21 22 22 22 10 10 24 26 26 19 19 0 0 0 1 1 1 2 2 3 4 4 1 0 0 0 0 0 0 0 0
 19 19 19 20 20 19 3 3 3 3 14 14 14 15 21 21 22 22 22 10 10 24 26 26 19 19 0 0 0 1 1 1 2 2 3 4 4 1 0 0 0 0 0 0 0 0
 6 6 14 5 5 4 2 2 2 2 1 1 1 1 21 21 22 22 23 25 25 25 24 24 8 8 2 0 0 0 0 0 0 0 1 1 1 0 0 0 0 0 0 0 0 0
 7 7 15 4 4 8 6 6 6 6 2 2 2 1 10 10 13 13 13 27 27 27 24 24 7 7 8 11 11 0 0 0 0 0 1 1 1 2 1 1 0 0 0 0 0 0
 7 7 15 4 4 8 6 6 6 6 2 2 2 1 10 10 13 13 13 27 27 27 24 24 7 7 8 11 11 0 0 0 0 0 1 1 1 2 1 1 0 0 0 0 0 0
 3 3 4 4 4 8 9 9 6 6 3 21 21 23 23 23 6 6 27 27 27 27 19 19 17 17 21 8 8 7 7 7 0 0 2 2 2 2 0 0 1 1 0 0 0 0
 2 2 3 3 3 9 9 9 24 24 21 22 22 24 23 23 12 12 32 27 27 27 26 26 18 18 19 2 2 0 0 0 0 0 0 3 3 2 1 1 0 0 1 0 0 0
