assets/RAT_results/precipitation/2019-11-18_IMERG.asc
ncols        46
nrows        77
xllcorner    74.800261325624
yllcorner    8.058333333333
cellsize     0.062500000000
NODATA_value -9999
 0 0 0 0 0 0 0 0 0 0 0 1 1 4 0 0 0 0 0 0 0 0 0 0 0 0 0 0 0 0 0 0 0 0 0 0 0 0 0 0 0 0 0 0 0 0
 0 0 0 0 0 0 0 0 0 0 0 0 0 0 0 0 0 0 0 0 0 0 0 0 0 0 0 0 0 0 0 0 0 0 0 0 0 0 0 0 0 0 0 0 0 0
 0 0 0 0 0 0 0 0 0 0 0 0 0 0 0 0 0 0 0 0 0 0 0 0 0 0 0 0 0 0 0 0 0 0 0 0 0 0 0 0 0 0 0 0 0 0
 1 1 0 0 0 0 0 0 0 0 0 0 0 0 0 0 0 0 0 0 0 0 0 0 0 0 0 0 0 0 0 0 0 0 0 0 0 0 0 0 0 0 0 0 0 0
 0 0 0 0 0 0 0 0 0 0 0 0 0 0 0 0 0 0 0 0 0 0 0 0 0 0 0 0 0 0 0 0 0 0 0 0 0 0 0 0 0 0 0 0 0 0
 0 0 0 0 0 0 0 0 0 0 0 0 0 0 0 0 0 0 0 0 0 0 0 0 0 0 0 0 0 0 0 0 0 0 0 0 0 0 0 0 0 0 0 0 0 0
 0 0 1 0 0 0 0 0 0 0 0 0 0 0 0 0 0 0 0 0 0 0 0 0 0 0 0 0 0 0 0 0 0 0 0 0 0 0 0 0 0 0 0 0 0 0
 0 0 1 0 0 0 0 0 0 0 0 0 0 0 0 0 0 0 0 0 0 0 0 0 0 0 0 0 0 0 0 0 0 0 0 0 0 0 0 0 0 0 0 0 0 0
 1 1 1 0 0 0 0 0 0 0 0 0 0 0 0 0 0 0 0 0 0 0 0 0 0 0 0 0 0 0 0 0 0 0 0 0 0 0 0 0 0 0 0 0 0 0
 0 0 0 0 0 0 1 1 0 0 0 0 0 0 0 0 0 0 0 0 0 0 0 0 0 0 0 0 0 0 0 0 0 0 0 0 0 0 0 0 0 0 0 0 0 0
 0 0 0 0 0 0 1 1 0 0 0 0 0 0 0 0 0 0 0 0 0 0 0 0 0 0 0 0 0 0 0 0 0 0 0 0 0 0 0 0 0 0 0 0 0 0
 0 0 0 0 0 0 0 0 0 0 0 0 0 0 0 0 0 0 0 0 0 0 0 0 0 0 0 0 0 0 0 0 0 0 0 0 0 0 0 0 0 0 0 0 0 0
 0 0 0 0 0 0 0 0 0 0 0 0 0 0 0 0 0 0 0 0 0 0 0 0 0 0 0 0 0 0 0 0 0 0 0 0 0 0 0 0 0 0 0 0 0 0
 0 0 0 0 0 0 0 0 0 0 0 0 0 0 0 0 0 0 0 0 0 0 0 0 0 0 0 0 0 0 0 0 0 0 0 0 0 0 0 0 0 0 0 0 0 0
 0 0 0 0 0 0 0 0 0 0 0 0 0 0 0 0 0 0 0 0 0 0 0 0 0 0 0 0 0 0 0 0 0 0 0 0 0 0 0 0 0 0 0 0 0 0
 0 0 0 0 0 0 0 0 0 0 0 0 0 0 0 0 0 0 0 0 0 0 0 0 0 0 0 0 0 0 0 0 0 0 0 0 0 0 0 0 0 0 0 0 0 0
 0 0 0 0 0 0 0 0 0 0 0 0 0 0 0 0 0 0 0 0 0 0 0 0 0 0 0 0 0 0 0 0 0 0 0 0 0 0 0 0 0 0 0 0 0 0
 0 0 0 1 1 1 1 1 1 1 1 1 1 0 0 0 0 0 0 0 0 0 0 0 0 0 0 0 0 0 0 0 0 0 0 0 0 0 0 0 0 0 0 0 0 0
 0 0 0 1 1 1 1 1 1 1 1 1 1 0 0 0 0 0 0 0 0 0 0 0 0 0 0 0 0 0 0 0 0 0 0 0 0 0 0 0 0 0 0 0 0 0
 2 2 11 2 2 3 3 3 3 3 2 3 3 1 0 0 0 0 0 0 0 0 0 0 0 0 0 0 0 0 0 0 0 0 0 0 0 0 0 0 0 0 0 0 0 1
 7 7 12 17 17 6 6 6 6 6 6 9 9 3 2 2 0 0 0 0 0 0 0 0 0 0 0 0 0 0 0 0 0 0 0 0 0 0 0 0 0 0 0 0 0 1
 7 7 12 17 17 6 6 6 6 6 6 9 9 3 2 2 0 0 0 0 0 0 0 0 0 0 0 0 0 0 0 0 0 0 0 0 0 0 0 0 0 0 0 0 0 1
 6 6 8 18 18 7 7 7 11 11 20 12 12 5 7 7 4 4 0 0 0 0 0 0 0 0 0 0 0 0 0 0 0 0 0 0 0 0 0 0 0 0 0 0 0 1
 6 6 8 18 18 7 7 7 11 11 20 12 12 5 7 7 4 4 0 0 0 0 0 0 0 0 0 0 0 0 0 0 0 0 0 0 0 0 0 0 0 0 0 0 0 1
 5 5 6 8 8 6 7 7 7 7 7 6 6 8 11 11 6 6 0 0 0 0 0 0 0 0 0 0 0 0 0 0 0 0 0 0 0 0 0 0 0 0 0 0 0 0
 1 1 2 3 3 4 6 6 8 8 7 8 8 7 7 7 1 1 0 0 0 0 0 0 0 0 0 0 0 0 0 0 0 0 0 0 0 0 0 0 0 0 0 0 0 1
 1 1 2 3 3 4 6 6 8 8 7 8 8 7 7 7 1 1 0 0 0 0 0 0 0 0 0 0 0 0 0 0 0 0 0 0 0 0 0 0 0 0 0 0 0 1
 1 1 2 2 2 3 6 6 9 9 20 8 8 8 5 5 2 2 1 0 0 0 0 0 0 0 0 0 0 0 0 0 0 0 0 0 0 0 0 0 0 0 0 0 0 1
 1 1 2 5 5 11 24 24 31 31 15 7 7 6 4 4 2 2 1 1 1 0 0 0 0 0 0 0 0 0 0 0 0 0 0 0 0 0 0 0 0 0 0 0 0 0
 1 1 2 5 5 11 24 24 31 31 15 7 7 6 4 4 2 2 1 1 1 0 0 0 0 0 0 0 0 0 0 0 0 0 0 0 0 0 0 0 0 0 0 0 0 0
 5 5 7 18 18 19 28 28 22 22 4 4 4 4 2 2 1 1 0 1 1 0 0 0 0 0 0 0 0 0 0 0 0 0 0 0 0 0 0 0 0 0 0 0 0 0
 5 5 7 18 18 19 28 28 22 22 4 4 4 4 2 2 1 1 0 1 1 0 0 0 0 0 0 0 0 0 0 0 0 0 0 0 0 0 0 0 0 0 0 0 0 0
 7 7 15 14 14 19 11 11 3 3 3 3 3 2 2 2 2 2 0 1 1 0 0 0 0 0 0 0 0 0 0 0 0 0 0 0 0 0 0 0 0 0 0 0 0 0
 4 4 9 9 9 12 10 10 2 2 2 2 2 1 1 1 1 1 0 0 0 0 0 0 0 0 0 0 0 0 0 0 0 0 0 0 0 0 0 0 0 0 0 0 0 0
 4 4 9 9 9 12 10 10 2 2 2 2 2 1 1 1 1 1 0 0 0 0 0 0 0 0 0 0 0 0 0 0 0 0 0 0 0 0 0 0 0 0 0 0 0 0
 3 3 4 5 5 4 1 1 1 1 5 0 0 0 0 0 0 0 0 0 0 0 0 0 0 0 0 0 0 0 0 0 0 0 0 0 0 0 0 0 0 0 0 0 0 0
 1 1 2 2 2 3 1 1 1 1 0 0 0 0 0 0 0 0 0 0 0 0 0 0 0 0 0 0 0 0 0 0 0 0 0 0 0 0 0 0 0 0 0 0 0 0
 1 1 2 2 2 3 1 1 1 1 0 0 0 0 0 0 0 0 0 0 0 0 0 0 0 0 0 0 0 0 0 0 0 0 0 0 0 0 0 0 0 0 0 0 0 0
 3 3 1 1 1 2 1 1 0 0 0 1 1 1 1 1 0 0 0 0 0 0 0 0 0 0 0 0 0 0 0 0 0 0 0 0 0 0 0 0 0 0 0 0 0 0
 3 3 1 1 1 2 1 1 0 0 0 1 1 1 1 1 0 0 0 0 0 0 0 0 0 0 0 0 0 0 0 0 0 0 0 0 0 0 0 0 0 0 0 0 0 0
 2 2 3 0 0 0 0 0 0 0 0 1 1 1 2 2 1 1 1 0 0 0 0 0 0 0 0 0 0 1 1 1 1 1 1 1 1 1 0 0 0 0 0 0 0 0
 4 4 4 0 0 0 0 0 0 0 0 1 1 3 3 3 3 3 1 1 1 1 2 2 0 0 0 0 0 0 0 0 0 0 0 0 0 1 0 0 0 0 0 0 0 0
 4 4 4 0 0 0 0 0 0 0 0 1 1 3 3 3 3 3 1 1 1 1 2 2 0 0 0 0 0 0 0 0 0 0 0 0 0 1 0 0 0 0 0 0 0 0
 4 4 0 0 0 0 0 0 0 0 1 2 2 4 6 6 5 5 3 1 1 1 2 2 1 1 1 0 0 0 0 0 0 0 0 0 0 0 0 0 0 0 0 0 0 0
 12 12 0 0 0 0 1 1 1 1 2 4 4 6 7 7 8 8 6 3 3 2 1 1 1 1 1 1 1 1 1 1 1 1 1 1 1 1 1 1 1 1 1 1 1 1
 12 12 0 0 0 0 1 1 1 1 2 4 4 6 7 7 8 8 6 3 3 2 1 1 1 1 1 1 1 1 1 1 1 1 1 1 1 1 1 1 1 1 1 1 1 1
 17 17 1 0 0 1 1 1 3 3 4 5 5 6 7 7 7 7 7 4 4 2 1 1 0 0 1 1 1 3 3 3 2 2 1 1 1 0 1 1 1 1 1 2 2 2
 17 17 1 0 0 1 1 1 3 3 4 5 5 6 7 7 7 7 7 4 4 2 1 1 0 0 1 1 1 3 3 3 2 2 1 1 1 0 1 1 1 1 1 2 2 2
 17 17 1 2 2 2 2 2 4 4 6 6 6 6 6 6 6 6 7 5 5 2 1 1 1 1 1 2 2 3 3 3 2 2 1 1 1 0 0 0 0 0 0 0 0 0
 3 3 2 3 3 3 4 4 6 6 9 10 10 10 10 10 13 13 13 12 12 10 6 6 2 2 1 0 0 1 0 0 0 0 0 0 0 0 1 1 1 1 2 2 2 2
 3 3 2 3 3 3 4 4 6 6 9 10 10 10 10 10 13 13 13 12 12 10 6 6 2 2 1 0 0 1 0 0 0 0 0 0 0 0 1 1 1 1 2 2 2 2
 5 5 2 1 1 3 6 6 11 11 15 17 17 19 21 21 24 24 18 13 13 11 6 6 2 2 1 0 0 0 0 0 0 0 0 0 0 0 1 1 1 1 2 2 2 2
 5 5 2 2 2 2 6 6 11 11 15 18 18 20 25 25 27 27 25 15 15 11 11 11 7 7 4 2 2 1 0 0 0 0 0 1 1 1 3 3 4 4 4 4 4 2
 5 5 2 2 2 2 6 6 11 11 15 18 18 20 25 25 27 27 25 15 15 11 11 11 7 7 4 2 2 1 0 0 0 0 0 1 1 1 3 3 4 4 4 4 4 2
 3 3 1 1 1 2 5 5 9 9 12 14 14 15 17 17 18 18 16 11 11 11 12 12 9 9 5 2 2 1 1 1 0 0 0 1 1 1 3 3 3 3 2 2 2 1
 3 3 1 1 1 2 5 5 9 9 12 14 14 15 17 17 18 18 16 11 11 11 12 12 9 9 5 2 2 1 1 1 0 0 0 1 1 1 3 3 3 3 2 2 2 1
 1 1 1 1 1 3 6 6 9 9 11 13 13 14 17 17 17 17 10 10 10 11 13 13 8 8 6 6 6 7 9 9 10 10 7 5 5 3 2 2 2 2 2 1 1 0
 0 0 0 2 2 4 6 6 8 8 10 12 12 13 15 15 10 10 9 10 10 11 13 13 11 11 7 7 7 8 10 10 10 10 7 4 4 3 3 3 3 3 2 1 1 1
 0 0 0 2 2 4 6 6 8 8 10 12 12 13 15 15 10 10 9 10 10 11 13 13 11 11 7 7 7 8 10 10 10 10 7 4 4 3 3 3 3 3 2 1 1 1
 0 0 1 1 1 2 4 4 6 6 8 9 9 10 9 9 7 7 7 9 9 12 14 14 14 14 12 14 14 17 19 19 17 17 13 7 7 5 5 5 3 3 2 1 1 0
 0 0 1 1 1 2 3 3 4 4 6 7 7 7 6 6 5 5 5 5 5 6 7 7 8 8 9 12 12 15 14 14 12 12 7 4 4 3 3 3 1 1 1 1 1 0
 0 0 1 1 1 2 3 3 4 4 6 7 7 7 6 6 5 5 5 5 5 6 7 7 8 8 9 12 12 15 14 14 12 12 7 4 4 3 3 3 1 1 1 1 1 0
 0 0 1 1 1 1 2 2 3 3 4 5 5 4 3 3 2 2 1 2 2 4 6 6 7 7 9 15 15 17 16 16 12 12 8 5 5 4 3 3 2 2 1 1 1 1
 0 0 1 1 1 1 2 2 3 3 4 5 5 4 3 3 2 2 1 2 2 4 6 6 7 7 9 15 15 17 16 16 12 12 8 5 5 4 3 3 2 2 1 1 1 1
 0 0 1 1 1 1 1 1 2 2 3 4 4 4 4 4 2 2 1 1 1 3 4 4 6 6 8 9 9 14 15 15 14 14 10 8 8 6 7 7 4 4 3 4 4 3
 1 1 1 1 1 1 2 2 3 3 3 4 4 5 5 5 3 3 1 1 1 2 4 4 5 5 7 9 9 14 13 13 11 11 7 6 6 5 6 6 5 5 6 7 7 5
 1 1 1 1 1 1 2 2 3 3 3 4 4 5 5 5 3 3 1 1 1 2 4 4 5 5 7 9 9 14 13 13 11 11 7 6 6 5 6 6 5 5 6 7 7 5
 1 1 1 1 1 2 3 3 4 4 4 5 5 6 8 8 6 6 5 4 4 4 4 4 4 4 5 4 4 3 3 3 2 2 2 2 2 4 4 4 3 3 1 1 1 0
 1 1 1 2 2 3 3 3 4 4 5 6 6 7 9 9 7 7 6 7 7 6 6 6 7 7 7 5 5 3 1 1 1 1 0 1 1 1 2 2 1 1 1 0 0 0
 1 1 1 2 2 3 3 3 4 4 5 6 6 7 9 9 7 7 6 7 7 6 6 6 7 7 7 5 5 3 1 1 1 1 0 1 1 1 2 2 1 1 1 0 0 0
 1 1 2 3 3 6 7 7 9 9 10 12 12 14 17 17 12 12 11 11 11 13 15 15 15 15 13 9 9 5 2 2 1 1 1 1 1 1 1 1 1 1 0 0 0 0
 1 1 2 3 3 6 7 7 9 9 10 12 12 14 17 17 12 12 11 11 11 13 15 15 15 15 13 9 9 5 2 2 1 1 1 1 1 1 1 1 1 1 0 0 0 0
 2 2 2 6 6 11 13 13 16 16 19 23 23 27 30 30 16 16 13 13 13 13 15 15 14 14 12 8 8 4 2 2 1 1 0 0 0 0 0 0 0 0 0 0 0 0
 3 3 2 4 4 10 14 14 17 17 20 25 25 32 37 37 31 31 17 15 15 15 16 16 17 17 17 12 12 7 4 4 2 2 1 1 1 0 0 0 0 0 0 0 0 0
 3 3 2 4 4 10 14 14 17 17 20 25 25 32 37 37 31 31 17 15 15 15 16 16 17 17 17 12 12 7 4 4 2 2 1 1 1 0 0 0 0 0 0 0 0 0
 3 3 2 3 3 4 5 5 6 6 8 10 10 13 15 15 18 18 18 17 17 17 16 16 14 14 14 10 10 6 4 4 3 3 2 1 1 1 0 0 0 0 0 0 0 0
 3 3 3 3 3 4 4 4 4 4 5 7 7 8 9 9 12 12 15 15 15 14 10 10 8 8 8 6 6 4 4 4 3 3 3 2 2 1 0 0 0 0 1 1 1 1
