assets/RAT_results/precipitation/2019-10-30_IMERG.asc
ncols        46
nrows        77
xllcorner    74.800261325624
yllcorner    8.058333333333
cellsize     0.062500000000
NODATA_value -9999
 5 5 5 4 4 3 3 3 0 0 1 1 1 1 2 2 3 3 3 2 2 1 1 1 0 0 1 1 1 5 5 5 5 5 4 3 3 4 3 3 3 3 3 2 2 1
 6 6 5 5 5 4 4 4 1 1 1 1 1 1 2 2 3 3 3 2 2 1 1 1 1 1 2 2 2 5 2 2 1 1 1 2 2 4 4 4 5 5 5 7 7 3
 6 6 5 5 5 4 4 4 1 1 1 1 1 1 2 2 3 3 3 2 2 1 1 1 1 1 2 2 2 5 2 2 1 1 1 2 2 4 4 4 5 5 5 7 7 3
 7 7 5 4 4 3 2 2 1 1 1 1 1 1 2 2 2 2 1 1 1 0 1 1 0 0 0 1 1 2 3 3 1 1 1 2 2 7 8 8 11 11 11 12 12 5
 7 7 6 4 4 4 2 2 3 3 2 2 2 2 3 3 1 1 1 0 0 0 1 1 0 0 0 1 1 2 2 2 1 1 2 3 3 10 12 12 18 18 17 17 17 8
 7 7 6 4 4 4 2 2 3 3 2 2 2 2 3 3 1 1 1 0 0 0 1 1 0 0 0 1 1 2 2 2 1 1 2 3 3 10 12 12 18 18 17 17 17 8
 8 8 5 6 6 5 3 3 4 4 3 4 4 2 2 2 1 1 1 0 0 0 0 0 0 0 1 1 1 5 5 5 4 4 4 5 5 11 16 16 20 20 18 23 23 10
 8 8 5 6 6 5 3 3 4 4 3 4 4 2 2 2 1 1 1 0 0 0 0 0 0 0 1 1 1 5 5 5 4 4 4 5 5 11 16 16 20 20 18 23 23 10
 8 8 9 7 7 6 6 6 3 3 3 3 3 1 1 1 1 1 0 0 0 0 0 0 1 1 4 4 4 7 8 8 5 5 5 8 8 15 19 19 24 24 21 20 20 10
 6 6 7 6 6 6 6 6 3 3 2 3 3 1 1 1 1 1 1 1 1 0 0 0 0 0 3 3 3 6 6 6 5 5 6 9 9 12 18 18 21 21 17 15 15 9
 6 6 7 6 6 6 6 6 3 3 2 3 3 1 1 1 1 1 1 1 1 0 0 0 0 0 3 3 3 6 6 6 5 5 6 9 9 12 18 18 21 21 17 15 15 9
 4 4 5 5 5 6 9 9 6 6 2 2 2 3 2 2 2 2 2 3 3 1 0 0 0 0 2 2 2 8 9 9 7 7 8 11 11 11 16 16 16 16 13 13 13 10
 4 4 4 5 5 6 5 5 6 6 3 5 5 4 3 3 4 4 3 4 4 3 2 2 0 0 5 4 4 6 7 7 5 5 7 9 9 10 9 9 9 9 9 8 8 10
 4 4 4 5 5 6 5 5 6 6 3 5 5 4 3 3 4 4 3 4 4 3 2 2 0 0 5 4 4 6 7 7 5 5 7 9 9 10 9 9 9 9 9 8 8 10
 3 3 4 5 5 5 5 5 5 5 4 4 4 4 5 5 6 6 6 5 5 5 3 3 1 1 1 1 1 1 3 3 4 4 6 8 8 9 10 10 9 9 8 5 5 6
 3 3 4 5 5 5 5 5 5 5 4 4 4 4 5 5 6 6 6 5 5 5 3 3 1 1 1 1 1 1 3 3 4 4 6 8 8 9 10 10 9 9 8 5 5 6
 5 5 5 7 7 5 3 3 6 6 5 6 6 6 7 7 8 8 7 5 5 7 4 4 1 1 1 1 1 1 3 3 2 2 6 6 6 10 8 8 7 7 5 5 5 5
 6 6 5 6 6 5 4 4 6 6 8 7 7 8 8 8 8 8 8 5 5 8 7 7 3 3 1 1 1 1 2 2 3 3 7 6 6 11 7 7 6 6 7 6 6 5
 6 6 5 6 6 5 4 4 6 6 8 7 7 8 8 8 8 8 8 5 5 8 7 7 3 3 1 1 1 1 2 2 3 3 7 6 6 11 7 7 6 6 7 6 6 5
 9 9 8 8 8 8 7 7 7 7 9 8 8 12 9 9 10 10 11 10 10 9 7 7 4 4 2 2 2 1 3 3 4 4 6 6 6 7 6 6 6 6 8 6 6 4
 13 13 12 11 11 11 9 9 9 9 12 9 9 12 10 10 10 10 12 10 10 5 3 3 2 2 2 2 2 2 2 2 4 4 5 5 5 4 5 5 5 5 5 5 5 3
 13 13 12 11 11 11 9 9 9 9 12 9 9 12 10 10 10 10 12 10 10 5 3 3 2 2 2 2 2 2 2 2 4 4 5 5 5 4 5 5 5 5 5 5 5 3
 15 15 17 19 19 13 12 12 10 10 14 15 15 13 12 12 12 12 12 11 11 6 4 4 3 3 4 4 4 3 3 3 4 4 4 4 4 3 3 3 3 3 4 3 3 3
 15 15 17 19 19 13 12 12 10 10 14 15 15 13 12 12 12 12 12 11 11 6 4 4 3 3 4 4 4 3 3 3 4 4 4 4 4 3 3 3 3 3 4 3 3 3
 17 17 21 22 22 16 18 18 16 16 14 19 19 12 14 14 15 15 11 10 10 8 3 3 2 2 3 4 4 3 3 3 7 7 3 3 3 3 3 3 3 3 4 3 3 4
 17 17 20 18 18 23 28 28 29 29 24 21 21 21 19 19 14 14 10 10 10 5 4 4 4 4 4 7 7 7 6 6 8 8 3 5 5 3 3 3 4 4 4 4 4 5
 17 17 20 18 18 23 28 28 29 29 24 21 21 21 19 19 14 14 10 10 10 5 4 4 4 4 4 7 7 7 6 6 8 8 3 5 5 3 3 3 4 4 4 4 4 5
 15 15 20 18 18 18 30 30 32 32 27 20 20 26 21 21 18 18 14 10 10 5 5 5 6 6 6 10 10 12 12 12 14 14 5 7 7 3 4 4 5 5 5 5 5 5
 14 14 15 15 15 14 17 17 47 47 22 20 20 26 27 27 21 21 21 10 10 6 6 6 6 6 8 15 15 16 16 16 18 18 6 12 12 3 4 4 15 15 16 8 8 5
 14 14 15 15 15 14 17 17 47 47 22 20 20 26 27 27 21 21 21 10 10 6 6 6 6 6 8 15 15 16 16 16 18 18 6 12 12 3 4 4 15 15 16 8 8 5
 16 16 26 27 27 13 14 14 19 19 19 44 44 28 30 30 24 24 24 8 8 7 6 6 6 6 9 15 15 17 18 18 19 19 11 16 16 7 12 12 18 18 18 9 9 7
 16 16 26 27 27 13 14 14 19 19 19 44 44 28 30 30 24 24 24 8 8 7 6 6 6 6 9 15 15 17 18 18 19 19 11 16 16 7 12 12 18 18 18 9 9 7
 23 23 29 32 32 29 25 25 12 12 12 26 26 15 27 27 21 21 19 16 16 9 8 8 9 9 11 15 15 19 18 18 19 19 11 17 17 10 26 26 27 27 52 22 22 10
 26 26 45 49 49 39 26 26 12 12 16 11 11 22 36 36 34 34 19 19 19 13 12 12 9 9 13 17 17 18 19 19 18 18 12 19 19 11 28 28 29 29 56 22 22 22
 26 26 45 49 49 39 26 26 12 12 16 11 11 22 36 36 34 34 19 19 19 13 12 12 9 9 13 17 17 18 19 19 18 18 12 19 19 11 28 28 29 29 56 22 22 22
 20 20 18 28 28 37 34 34 17 17 19 11 11 17 22 22 21 21 22 28 28 27 16 16 12 12 14 16 16 17 18 18 16 16 12 19 19 14 27 27 30 30 43 24 24 26
 15 15 13 27 27 30 21 21 20 20 31 26 26 19 17 17 33 33 27 32 32 26 19 19 15 15 16 16 16 15 18 18 15 15 12 17 17 14 16 16 18 18 23 27 27 31
 15 15 13 27 27 30 21 21 20 20 31 26 26 19 17 17 33 33 27 32 32 26 19 19 15 15 16 16 16 15 18 18 15 15 12 17 17 14 16 16 18 18 23 27 27 31
 16 16 14 17 17 14 17 17 30 30 35 42 42 44 37 37 34 34 24 32 32 38 20 20 14 14 16 15 15 13 15 15 11 11 10 13 13 17 18 18 16 16 22 28 28 32
 16 16 14 17 17 14 17 17 30 30 35 42 42 44 37 37 34 34 24 32 32 38 20 20 14 14 16 15 15 13 15 15 11 11 10 13 13 17 18 18 16 16 22 28 28 32
 25 25 31 19 19 20 18 18 25 25 26 42 42 41 23 23 20 20 17 34 34 35 26 26 15 15 18 14 14 12 13 13 10 10 8 8 8 10 15 15 10 10 19 27 27 34
 31 31 38 25 25 25 16 16 23 23 32 35 35 32 24 24 34 34 21 22 22 32 28 28 21 21 18 15 15 12 12 12 10 10 7 7 7 11 10 10 10 10 16 30 30 36
 31 31 38 25 25 25 16 16 23 23 32 35 35 32 24 24 34 34 21 22 22 32 28 28 21 21 18 15 15 12 12 12 10 10 7 7 7 11 10 10 10 10 16 30 30 36
 36 36 32 27 27 24 22 22 26 26 40 30 30 27 27 27 23 23 39 27 27 25 28 28 26 26 22 16 16 13 13 13 9 9 9 6 6 8 8 8 11 11 14 28 28 38
 39 39 31 27 27 26 26 26 30 30 34 36 36 32 31 31 28 28 34 29 29 36 33 33 29 29 26 18 18 17 15 15 9 9 10 7 7 8 8 8 11 11 13 26 26 43
 39 39 31 27 27 26 26 26 30 30 34 36 36 32 31 31 28 28 34 29 29 36 33 33 29 29 26 18 18 17 15 15 9 9 10 7 7 8 8 8 11 11 13 26 26 43
 29 29 27 25 25 27 29 29 33 33 34 39 39 41 37 37 40 40 41 38 38 40 43 43 34 34 25 23 23 16 16 16 9 9 8 6 6 7 6 6 10 10 12 30 30 49
 29 29 27 25 25 27 29 29 33 33 34 39 39 41 37 37 40 40 41 38 38 40 43 43 34 34 25 23 23 16 16 16 9 9 8 6 6 7 6 6 10 10 12 30 30 49
 26 26 23 21 21 19 26 26 29 29 35 48 48 44 44 44 46 46 49 46 46 47 40 40 42 42 42 24 24 17 18 18 10 10 7 5 5 5 5 5 9 9 11 24 24 41
 21 21 19 15 15 21 26 26 30 30 35 51 51 39 46 46 52 52 52 54 54 56 39 39 43 43 45 25 25 21 19 19 12 12 8 6 6 5 4 4 8 8 14 16 16 22
 21 21 19 15 15 21 26 26 30 30 35 51 51 39 46 46 52 52 52 54 54 56 39 39 43 43 45 25 25 21 19 19 12 12 8 6 6 5 4 4 8 8 14 16 16 22
 22 22 20 18 18 22 22 22 27 27 37 43 43 39 46 46 50 50 52 61 61 61 76 76 50 50 49 34 34 24 19 19 15 15 9 8 8 6 4 4 7 7 13 18 18 22
 20 20 19 18 18 26 25 25 28 28 29 38 38 37 48 48 49 49 61 65 65 58 52 52 46 46 47 33 33 24 22 22 16 16 12 11 11 6 5 5 9 9 16 19 19 25
 20 20 19 18 18 26 25 25 28 28 29 38 38 37 48 48 49 49 61 65 65 58 52 52 46 46 47 33 33 24 22 22 16 16 12 11 11 6 5 5 9 9 16 19 19 25
 24 24 24 29 29 25 22 22 24 24 30 29 29 40 48 48 42 42 46 63 63 70 46 46 46 46 41 34 34 27 24 24 28 28 19 12 12 9 7 7 12 12 15 21 21 37
 24 24 24 29 29 25 22 22 24 24 30 29 29 40 48 48 42 42 46 63 63 70 46 46 46 46 41 34 34 27 24 24 28 28 19 12 12 9 7 7 12 12 15 21 21 37
 29 29 32 28 28 27 26 26 23 23 23 24 24 34 37 37 34 34 42 56 56 74 65 65 48 48 49 39 39 29 33 33 34 34 28 22 22 14 14 14 23 23 25 28 28 20
 30 30 31 22 22 19 16 16 18 18 24 25 25 34 38 38 39 39 48 48 48 71 76 76 51 51 62 40 40 31 33 33 36 36 31 30 30 20 18 18 24 24 39 43 43 44
 30 30 31 22 22 19 16 16 18 18 24 25 25 34 38 38 39 39 48 48 48 71 76 76 51 51 62 40 40 31 33 33 36 36 31 30 30 20 18 18 24 24 39 43 43 44
 20 20 22 16 16 15 16 16 13 13 16 18 18 20 31 31 37 37 46 60 60 62 70 70 69 69 81 41 41 40 38 38 31 31 43 32 32 29 27 27 23 23 23 20 20 20
 18 18 11 12 12 12 12 12 12 12 15 16 16 16 22 22 32 32 58 100 100 107 91 91 74 74 44 40 40 38 43 43 43 43 47 34 34 34 28 28 32 32 28 21 21 21
 18 18 11 12 12 12 12 12 12 12 15 16 16 16 22 22 32 32 58 100 100 107 91 91 74 74 44 40 40 38 43 43 43 43 47 34 34 34 28 28 32 32 28 21 21 21
 11 11 9 9 9 11 10 10 12 12 10 11 11 14 22 22 35 35 63 97 97 101 66 66 59 59 38 36 36 38 45 45 34 34 42 38 38 36 42 42 38 38 31 27 27 24
 11 11 9 9 9 11 10 10 12 12 10 11 11 14 22 22 35 35 63 97 97 101 66 66 59 59 38 36 36 38 45 45 34 34 42 38 38 36 42 42 38 38 31 27 27 24
 16 16 12 11 11 8 9 9 10 10 9 9 9 18 28 28 42 42 44 38 38 45 63 63 64 64 51 43 43 37 50 50 52 52 33 41 41 44 45 45 42 42 33 26 26 21
 23 23 13 12 12 8 13 13 11 11 8 16 16 21 31 31 51 51 37 18 18 29 57 57 68 68 64 44 44 33 50 50 48 48 43 32 32 47 48 48 50 50 39 32 32 25
 23 23 13 12 12 8 13 13 11 11 8 16 16 21 31 31 51 51 37 18 18 29 57 57 68 68 64 44 44 33 50 50 48 48 43 32 32 47 48 48 50 50 39 32 32 25
 25 25 11 10 10 13 14 14 10 10 9 15 15 21 36 36 35 35 25 13 13 19 52 52 69 69 71 43 43 36 41 41 62 62 43 33 33 39 49 49 50 50 46 34 34 27
 23 23 12 12 12 14 12 12 11 11 10 13 13 16 24 24 23 23 12 13 13 23 50 50 74 74 75 40 40 36 39 39 47 47 52 46 46 36 46 46 44 44 43 39 39 30
 23 23 12 12 12 14 12 12 11 11 10 13 13 16 24 24 23 23 12 13 13 23 50 50 74 74 75 40 40 36 39 39 47 47 52 46 46 36 46 46 44 44 43 39 39 30
 20 20 20 19 19 13 10 10 11 11 9 11 11 10 12 12 11 11 8 13 13 24 53 53 71 71 76 36 36 29 33 33 39 39 39 41 41 37 39 39 39 39 37 29 29 28
 20 20 20 19 19 13 10 10 11 11 9 11 11 10 12 12 11 11 8 13 13 24 53 53 71 71 76 36 36 29 33 33 39 39 39 41 41 37 39 39 39 39 37 29 29 28
 23 23 28 17 17 10 12 12 9 9 13 13 13 11 12 12 11 11 10 12 12 19 46 46 63 63 66 44 44 34 31 31 42 42 47 36 36 38 42 42 41 41 32 24 24 29
 41 41 43 21 21 14 13 13 13 13 14 17 17 15 14 14 10 10 10 9 9 16 34 34 48 48 55 48 48 37 35 35 32 32 29 34 34 40 42 42 40 40 32 21 21 20
 41 41 43 21 21 14 13 13 13 13 14 17 17 15 14 14 10 10 10 9 9 16 34 34 48 48 55 48 48 37 35 35 32 32 29 34 34 40 42 42 40 40 32 21 21 20
 43 43 84 25 25 18 17 17 14 14 15 17 17 17 13 13 11 11 9 8 8 12 25 25 33 33 44 54 54 45 47 47 40 40 32 27 27 43 38 38 43 43 37 23 23 23
 90 90 97 30 30 20 19 19 15 15 16 20 20 18 11 11 6 6 8 6 6 7 22 22 26 26 36 52 52 52 48 48 26 26 35 28 28 40 43 43 46 46 31 28 28 26
