assets/RAT_results/precipitation/2019-05-25_IMERG.asc
ncols        46
nrows        77
xllcorner    74.800261325624
yllcorner    8.058333333333
cellsize     0.062500000000
NODATA_value -9999
 9 9 9 5 5 5 10 10 10 10 10 8 8 8 3 3 2 2 3 4 4 4 4 4 3 3 3 2 2 18 18 18 22 22 23 5 5 7 13 13 14 14 43 80 80 53
 19 19 19 11 11 12 13 13 10 10 9 15 15 9 3 3 5 5 5 5 5 5 3 3 4 4 3 3 3 17 17 17 22 22 22 5 5 8 16 16 17 17 45 82 82 55
 19 19 19 11 11 12 13 13 10 10 9 15 15 9 3 3 5 5 5 5 5 5 3 3 4 4 3 3 3 17 17 17 22 22 22 5 5 8 16 16 17 17 45 82 82 55
 29 29 18 11 11 11 13 13 13 13 15 15 15 6 4 4 5 5 7 8 8 7 5 5 6 6 6 5 5 20 20 20 22 22 22 5 5 6 11 11 11 11 20 18 18 18
 24 24 21 22 22 21 10 10 11 11 11 11 11 8 4 4 4 4 6 8 8 7 5 5 7 7 7 5 5 8 73 73 43 43 47 66 66 69 12 12 13 13 17 20 20 20
 24 24 21 22 22 21 10 10 11 11 11 11 11 8 4 4 4 4 6 8 8 7 5 5 7 7 7 5 5 8 73 73 43 43 47 66 66 69 12 12 13 13 17 20 20 20
 76 76 12 15 15 15 7 7 9 9 10 10 10 7 6 6 2 2 2 2 2 3 2 2 2 2 3 10 10 8 69 69 19 19 43 90 90 65 15 15 17 17 21 28 28 20
 76 76 12 15 15 15 7 7 9 9 10 10 10 7 6 6 2 2 2 2 2 3 2 2 2 2 3 10 10 8 69 69 19 19 43 90 90 65 15 15 17 17 21 28 28 20
 78 78 13 15 15 8 8 8 10 10 4 3 3 4 4 4 1 1 1 1 1 2 2 2 2 2 2 2 2 2 19 19 19 19 86 90 90 65 14 14 16 16 19 17 17 17
 14 14 6 10 10 8 8 8 3 3 3 3 3 5 4 4 2 2 2 2 2 2 3 3 3 3 2 2 2 2 19 19 2 2 4 4 4 5 6 6 9 9 10 13 13 16
 14 14 6 10 10 8 8 8 3 3 3 3 3 5 4 4 2 2 2 2 2 2 3 3 3 3 2 2 2 2 19 19 2 2 4 4 4 5 6 6 9 9 10 13 13 16
 3 3 3 6 6 8 8 8 2 2 3 1 1 1 0 0 1 1 1 1 1 1 2 2 3 3 5 3 3 1 2 2 2 2 3 4 4 4 5 5 4 4 5 7 7 9
 3 3 3 3 3 1 1 1 0 0 0 0 0 1 0 0 0 0 0 0 0 1 3 3 7 7 8 7 7 4 2 2 1 1 2 3 3 4 6 6 5 5 6 8 8 9
 3 3 3 3 3 1 1 1 0 0 0 0 0 1 0 0 0 0 0 0 0 1 3 3 7 7 8 7 7 4 2 2 1 1 2 3 3 4 6 6 5 5 6 8 8 9
 1 1 1 1 1 0 2 2 0 0 0 0 0 0 0 0 0 0 0 0 0 2 7 7 9 9 11 12 12 12 10 10 6 6 2 2 2 3 7 7 10 10 8 10 10 11
 1 1 1 1 1 0 2 2 0 0 0 0 0 0 0 0 0 0 0 0 0 2 7 7 9 9 11 12 12 12 10 10 6 6 2 2 2 3 7 7 10 10 8 10 10 11
 1 1 0 0 0 0 0 0 0 0 0 0 0 0 0 0 0 0 0 1 1 4 9 9 12 12 15 15 15 15 13 13 14 14 5 2 2 3 7 7 9 9 9 9 9 9
 0 0 0 0 0 1 0 0 0 0 1 0 0 0 0 0 0 0 0 1 1 6 11 11 13 13 17 17 17 15 22 22 22 22 17 5 5 8 6 6 14 14 7 9 9 10
 0 0 0 0 0 1 0 0 0 0 1 0 0 0 0 0 0 0 0 1 1 6 11 11 13 13 17 17 17 15 22 22 22 22 17 5 5 8 6 6 14 14 7 9 9 10
 0 0 0 0 0 0 0 0 0 0 0 0 0 0 0 0 0 0 0 2 2 7 15 15 14 14 17 16 16 17 27 27 24 24 18 6 6 6 6 6 9 9 9 7 7 9
 0 0 0 0 0 0 0 0 0 0 0 0 0 0 0 0 0 0 1 3 3 6 11 11 13 13 17 17 17 18 22 22 23 23 13 8 8 11 5 5 5 5 5 4 4 7
 0 0 0 0 0 0 0 0 0 0 0 0 0 0 0 0 0 0 1 3 3 6 11 11 13 13 17 17 17 18 22 22 23 23 13 8 8 11 5 5 5 5 5 4 4 7
 0 0 0 0 0 0 0 0 0 0 0 0 0 0 0 0 0 0 0 2 2 5 8 8 11 11 15 17 17 18 17 17 15 15 13 8 8 8 2 2 2 2 2 2 2 3
 0 0 0 0 0 0 0 0 0 0 0 0 0 0 0 0 0 0 0 2 2 5 8 8 11 11 15 17 17 18 17 17 15 15 13 8 8 8 2 2 2 2 2 2 2 3
 0 0 0 0 0 0 0 0 0 0 0 0 0 0 0 0 0 0 0 1 1 3 6 6 9 9 13 15 15 16 16 16 14 14 14 10 10 12 2 2 1 1 1 1 1 1
 0 0 0 0 0 0 0 0 0 0 0 0 0 0 0 0 0 0 0 1 1 2 5 5 8 8 10 12 12 15 15 15 14 14 10 11 11 14 5 5 1 1 0 0 0 0
 0 0 0 0 0 0 0 0 0 0 0 0 0 0 0 0 0 0 0 1 1 2 5 5 8 8 10 12 12 15 15 15 14 14 10 11 11 14 5 5 1 1 0 0 0 0
 0 0 0 0 0 0 0 0 0 0 0 0 0 0 0 0 0 0 0 0 0 1 3 3 6 6 8 10 10 12 14 14 14 14 11 8 8 6 2 2 0 0 0 0 0 0
 0 0 0 0 0 0 0 0 0 0 0 0 0 0 0 0 1 1 0 0 0 0 2 2 3 3 5 7 7 10 12 12 13 13 10 7 7 7 1 1 0 0 0 0 0 0
 0 0 0 0 0 0 0 0 0 0 0 0 0 0 0 0 1 1 0 0 0 0 2 2 3 3 5 7 7 10 12 12 13 13 10 7 7 7 1 1 0 0 0 0 0 0
 0 0 0 0 0 0 0 0 0 0 0 0 0 0 0 0 0 0 0 0 0 0 1 1 1 1 3 4 4 6 8 8 10 10 8 6 6 3 0 0 0 0 0 0 0 0
 0 0 0 0 0 0 0 0 0 0 0 0 0 0 0 0 0 0 0 0 0 0 1 1 1 1 3 4 4 6 8 8 10 10 8 6 6 3 0 0 0 0 0 0 0 0
 0 0 0 0 0 0 0 0 0 0 0 0 0 0 0 0 0 0 0 0 0 0 0 0 0 0 1 2 2 3 4 4 4 4 4 2 2 1 0 0 0 0 0 0 0 0
 0 0 0 0 0 0 0 0 0 0 0 0 0 0 0 0 0 0 0 0 0 0 0 0 0 0 0 1 1 1 1 1 2 2 1 1 1 0 0 0 0 0 0 0 0 0
 0 0 0 0 0 0 0 0 0 0 0 0 0 0 0 0 0 0 0 0 0 0 0 0 0 0 0 1 1 1 1 1 2 2 1 1 1 0 0 0 0 0 0 0 0 0
 0 0 0 0 0 0 0 0 0 0 0 0 0 0 0 0 0 0 0 0 0 0 0 0 0 0 0 0 0 0 0 0 1 1 0 0 0 0 0 0 0 0 0 0 0 0
 0 0 1 1 1 1 0 0 0 0 0 0 0 0 0 0 0 0 0 0 0 0 0 0 0 0 0 0 0 0 0 0 0 0 0 0 0 0 0 0 0 0 0 0 0 0
 0 0 1 1 1 1 0 0 0 0 0 0 0 0 0 0 0 0 0 0 0 0 0 0 0 0 0 0 0 0 0 0 0 0 0 0 0 0 0 0 0 0 0 0 0 0
 1 1 4 4 4 2 1 1 1 1 1 0 0 0 0 0 1 1 1 0 0 0 0 0 0 0 0 0 0 1 0 0 0 0 0 0 0 0 0 0 0 0 0 0 0 1
 1 1 4 4 4 2 1 1 1 1 1 0 0 0 0 0 1 1 1 0 0 0 0 0 0 0 0 0 0 1 0 0 0 0 0 0 0 0 0 0 0 0 0 0 0 1
 1 1 3 2 2 1 1 1 1 1 1 1 1 1 1 1 1 1 1 1 1 0 0 0 0 0 0 1 1 3 3 3 1 1 0 0 0 1 2 2 1 1 1 1 1 1
 1 1 2 1 1 2 2 2 3 3 2 3 3 3 1 1 1 1 1 1 1 1 0 0 0 0 0 0 0 1 1 1 1 1 1 1 1 1 2 2 1 1 2 1 1 1
 1 1 2 1 1 2 2 2 3 3 2 3 3 3 1 1 1 1 1 1 1 1 0 0 0 0 0 0 0 1 1 1 1 1 1 1 1 1 2 2 1 1 2 1 1 1
 1 1 1 2 2 3 3 3 5 5 4 7 7 2 2 2 1 1 1 1 1 1 1 1 0 0 0 0 0 0 0 0 1 1 1 1 1 1 2 2 2 2 3 3 3 1
 1 1 2 2 2 5 8 8 10 10 5 6 6 2 1 1 1 1 1 2 2 2 2 2 0 0 0 0 0 0 0 0 0 0 0 0 0 1 1 1 2 2 3 2 2 1
 1 1 2 2 2 5 8 8 10 10 5 6 6 2 1 1 1 1 1 2 2 2 2 2 0 0 0 0 0 0 0 0 0 0 0 0 0 1 1 1 2 2 3 2 2 1
 2 2 3 4 4 8 11 11 20 20 11 8 8 7 0 0 0 0 0 1 1 0 1 1 0 0 0 0 0 0 0 0 0 0 0 0 0 0 1 1 1 1 2 1 1 0
 2 2 3 4 4 8 11 11 20 20 11 8 8 7 0 0 0 0 0 1 1 0 1 1 0 0 0 0 0 0 0 0 0 0 0 0 0 0 1 1 1 1 2 1 1 0
 3 3 3 7 7 10 10 10 12 12 13 10 10 6 0 0 0 0 0 11 11 11 3 3 4 4 0 0 0 0 0 0 0 0 0 0 0 0 0 0 1 1 1 0 0 0
 6 6 11 11 11 11 13 13 19 19 14 6 6 7 0 0 0 0 0 11 11 11 0 0 2 2 4 1 1 0 0 0 0 0 0 0 0 0 0 0 0 0 0 0 0 0
 6 6 11 11 11 11 13 13 19 19 14 6 6 7 0 0 0 0 0 11 11 11 0 0 2 2 4 1 1 0 0 0 0 0 0 0 0 0 0 0 0 0 0 0 0 0
 8 8 12 17 17 20 15 15 19 19 9 7 7 8 2 2 0 0 1 1 1 3 3 3 1 1 1 0 0 0 0 0 0 0 0 0 0 0 0 0 0 0 0 0 0 0
 9 9 11 20 20 15 14 14 19 19 11 6 6 4 2 2 0 0 0 0 0 2 3 3 0 0 0 0 0 0 0 0 0 0 0 4 4 1 0 0 0 0 0 0 0 0
 9 9 11 20 20 15 14 14 19 19 11 6 6 4 2 2 0 0 0 0 0 2 3 3 0 0 0 0 0 0 0 0 0 0 0 4 4 1 0 0 0 0 0 0 0 0
 13 13 15 13 13 16 15 15 17 17 9 7 7 4 5 5 1 1 0 0 0 0 0 0 0 0 0 0 0 0 0 0 0 0 1 4 4 1 1 1 0 0 0 0 0 0
 13 13 15 13 13 16 15 15 17 17 9 7 7 4 5 5 1 1 0 0 0 0 0 0 0 0 0 0 0 0 0 0 0 0 1 4 4 1 1 1 0 0 0 0 0 0
 9 9 16 14 14 15 15 15 13 13 12 12 12 7 5 5 1 1 0 0 0 0 0 0 0 0 0 0 0 0 0 0 2 2 4 3 3 3 0 0 0 0 0 0 0 0
 12 12 15 16 16 17 46 46 22 22 14 13 13 19 8 8 5 5 1 0 0 0 0 0 1 1 0 0 0 0 0 0 2 2 3 3 3 2 0 0 0 0 0 0 0 0
 12 12 15 16 16 17 46 46 22 22 14 13 13 19 8 8 5 5 1 0 0 0 0 0 1 1 0 0 0 0 0 0 2 2 3 3 3 2 0 0 0 0 0 0 0 0
 13 13 23 21 21 20 50 50 48 48 21 19 19 23 10 10 4 4 4 1 1 0 0 0 1 1 1 0 0 0 0 0 0 0 0 0 0 0 0 0 0 0 0 0 0 0
 33 33 35 39 39 55 47 47 57 57 48 22 22 18 14 14 10 10 3 2 2 1 1 1 1 1 1 0 0 0 0 0 0 0 0 0 0 0 0 0 0 0 0 0 0 0
 33 33 35 39 39 55 47 47 57 57 48 22 22 18 14 14 10 10 3 2 2 1 1 1 1 1 1 0 0 0 0 0 0 0 0 0 0 0 0 0 0 0 0 0 0 0
 60 60 131 77 77 55 50 50 51 51 37 29 29 19 14 14 14 14 4 3 3 2 1 1 0 0 1 1 1 0 0 0 0 0 0 1 1 1 0 0 0 0 0 0 0 0
 60 60 131 77 77 55 50 50 51 51 37 29 29 19 14 14 14 14 4 3 3 2 1 1 0 0 1 1 1 0 0 0 0 0 0 1 1 1 0 0 0 0 0 0 0 0
 76 76 105 52 52 35 37 37 37 37 45 35 35 22 18 18 15 15 10 2 2 3 2 2 1 1 1 1 1 1 1 1 0 0 0 1 1 1 1 1 1 1 0 0 0 0
 105 105 97 45 45 61 55 55 54 54 29 23 23 24 17 17 13 13 11 6 6 3 3 3 2 2 1 1 1 1 1 1 0 0 0 0 0 2 2 2 1 1 0 0 0 0
 105 105 97 45 45 61 55 55 54 54 29 23 23 24 17 17 13 13 11 6 6 3 3 3 2 2 1 1 1 1 1 1 0 0 0 0 0 2 2 2 1 1 0 0 0 0
 78 78 55 37 37 64 45 45 55 55 28 29 29 20 15 15 11 11 11 9 9 5 3 3 3 3 2 1 1 1 2 2 1 1 0 0 0 2 4 4 4 4 3 4 4 0
 15 15 39 40 40 24 29 29 26 26 25 18 18 16 15 15 10 10 11 8 8 8 3 3 2 2 1 1 1 1 1 1 1 1 0 1 1 4 4 4 3 3 3 4 4 0
 15 15 39 40 40 24 29 29 26 26 25 18 18 16 15 15 10 10 11 8 8 8 3 3 2 2 1 1 1 1 1 1 1 1 0 1 1 4 4 4 3 3 3 4 4 0
 13 13 18 22 22 24 21 21 25 25 20 19 19 14 17 17 13 13 13 10 10 6 3 3 3 3 3 1 1 1 1 1 1 1 1 1 1 2 4 4 3 3 2 2 2 0
 13 13 18 22 22 24 21 21 25 25 20 19 19 14 17 17 13 13 13 10 10 6 3 3 3 3 3 1 1 1 1 1 1 1 1 1 1 2 4 4 3 3 2 2 2 0
 8 8 15 15 15 32 22 22 24 24 18 18 18 17 18 18 14 14 16 13 13 9 5 5 4 4 4 2 2 2 1 1 1 1 3 2 2 3 5 5 1 1 1 0 0 0
 12 12 13 15 15 17 17 17 17 17 19 25 25 23 21 21 18 18 17 14 14 10 6 6 5 5 4 2 2 2 2 2 2 2 1 1 1 2 2 2 1 1 0 0 0 0
 12 12 13 15 15 17 17 17 17 17 19 25 25 23 21 21 18 18 17 14 14 10 6 6 5 5 4 2 2 2 2 2 2 2 1 1 1 2 2 2 1 1 0 0 0 0
 15 15 15 14 14 14 17 17 19 19 17 20 20 23 21 21 18 18 18 16 16 10 8 8 4 4 3 2 2 1 1 1 1 1 1 0 0 1 1 1 0 0 0 1 1 2
 12 12 11 12 12 13 13 13 16 16 16 21 21 21 22 22 20 20 17 11 11 8 6 6 4 4 3 1 1 0 1 1 1 1 1 0 0 0 0 0 0 0 2 1 1 2
