assets/RAT_results/precipitation/2019-04-23_IMERG.asc
ncols        46
nrows        77
xllcorner    74.800261325624
yllcorner    8.058333333333
cellsize     0.062500000000
NODATA_value -9999
 1 1 0 1 1 0 1 1 0 0 0 0 0 0 0 0 0 0 0 0 0 2 0 0 0 0 0 0 0 0 0 0 0 0 2 2 2 4 2 2 2 2 2 1 1 1
 1 1 0 0 0 0 0 0 1 1 6 4 4 2 0 0 0 0 1 1 1 1 0 0 0 0 0 0 0 0 1 1 2 2 2 2 2 2 1 1 0 0 0 0 0 1
 1 1 0 0 0 0 0 0 1 1 6 4 4 2 0 0 0 0 1 1 1 1 0 0 0 0 0 0 0 0 1 1 2 2 2 2 2 2 1 1 0 0 0 0 0 1
 0 0 1 0 0 0 1 1 4 4 10 12 12 8 1 1 0 0 0 0 0 0 2 2 2 2 0 0 0 0 0 0 1 1 2 0 0 0 0 0 0 0 0 0 0 0
 0 0 0 1 1 1 7 7 16 16 18 23 23 7 1 1 0 0 0 0 0 1 3 3 3 3 0 0 0 0 0 0 0 0 0 0 0 0 0 0 0 0 0 0 0 0
 0 0 0 1 1 1 7 7 16 16 18 23 23 7 1 1 0 0 0 0 0 1 3 3 3 3 0 0 0 0 0 0 0 0 0 0 0 0 0 0 0 0 0 0 0 0
 0 0 1 1 1 1 27 27 18 18 35 18 18 5 2 2 1 1 0 1 1 2 4 4 1 1 0 0 0 0 0 0 0 0 0 0 0 0 0 0 1 1 1 1 1 1
 0 0 1 1 1 1 27 27 18 18 35 18 18 5 2 2 1 1 0 1 1 2 4 4 1 1 0 0 0 0 0 0 0 0 0 0 0 0 0 0 1 1 1 1 1 1
 0 0 1 1 1 4 25 25 17 17 25 8 8 1 2 2 4 4 2 2 2 4 3 3 2 2 1 0 0 0 0 0 0 0 0 0 0 1 1 1 1 1 1 1 1 1
 0 0 1 1 1 5 6 6 12 12 10 7 7 1 4 4 5 5 3 4 4 6 4 4 2 2 1 0 0 0 0 0 0 0 0 1 1 2 3 3 2 2 2 1 1 1
 0 0 1 1 1 5 6 6 12 12 10 7 7 1 4 4 5 5 3 4 4 6 4 4 2 2 1 0 0 0 0 0 0 0 0 1 1 2 3 3 2 2 2 1 1 1
 0 0 1 2 2 1 2 2 8 8 6 0 0 0 1 1 2 2 2 3 3 4 3 3 2 2 1 0 0 0 0 0 0 0 1 3 3 3 3 3 1 1 1 1 1 0
 0 0 0 0 0 1 1 1 5 5 0 0 0 2 4 4 8 8 8 8 8 7 5 5 3 3 1 1 1 0 0 0 0 0 0 0 0 1 0 0 1 1 0 1 1 0
 0 0 0 0 0 1 1 1 5 5 0 0 0 2 4 4 8 8 8 8 8 7 5 5 3 3 1 1 1 0 0 0 0 0 0 0 0 1 0 0 1 1 0 1 1 0
 0 0 0 0 0 0 1 1 1 1 3 6 6 8 11 11 13 13 11 9 9 7 5 5 3 3 2 1 1 1 0 0 0 0 0 0 0 1 1 1 1 1 2 1 1 0
 0 0 0 0 0 0 1 1 1 1 3 6 6 8 11 11 13 13 11 9 9 7 5 5 3 3 2 1 1 1 0 0 0 0 0 0 0 1 1 1 1 1 2 1 1 0
 0 0 0 0 0 0 0 0 0 0 3 10 10 17 21 21 20 20 16 12 12 8 8 8 2 2 1 0 0 0 0 0 0 0 0 0 0 1 1 1 1 1 3 1 1 0
 0 0 0 0 0 1 4 4 5 5 10 15 15 21 21 21 17 17 13 9 9 9 8 8 1 1 2 1 1 2 2 2 1 1 1 0 0 0 1 1 1 1 3 2 2 1
 0 0 0 0 0 1 4 4 5 5 10 15 15 21 21 21 17 17 13 9 9 9 8 8 1 1 2 1 1 2 2 2 1 1 1 0 0 0 1 1 1 1 3 2 2 1
 0 0 0 0 0 1 3 3 4 4 4 6 6 8 8 8 7 7 7 10 10 8 12 12 12 12 23 7 7 1 2 2 1 1 1 1 1 0 2 2 1 1 3 1 1 1
 1 1 1 0 0 0 0 0 0 0 0 0 0 0 0 0 0 0 0 0 0 4 2 2 10 10 10 10 10 3 0 0 0 0 1 1 1 0 1 1 3 3 3 1 1 1
 1 1 1 0 0 0 0 0 0 0 0 0 0 0 0 0 0 0 0 0 0 4 2 2 10 10 10 10 10 3 0 0 0 0 1 1 1 0 1 1 3 3 3 1 1 1
 2 2 2 1 1 0 0 0 0 0 1 1 1 1 0 0 0 0 0 0 0 1 1 1 2 2 10 9 9 2 0 0 0 0 0 0 0 0 1 1 4 4 3 1 1 0
 2 2 2 1 1 0 0 0 0 0 1 1 1 1 0 0 0 0 0 0 0 1 1 1 2 2 10 9 9 2 0 0 0 0 0 0 0 0 1 1 4 4 3 1 1 0
 2 2 2 1 1 1 0 0 0 0 1 1 1 2 1 1 1 1 1 1 1 0 0 0 0 0 3 1 1 0 0 0 0 0 0 0 0 0 0 0 0 0 4 1 1 0
 1 1 1 2 2 2 1 1 0 0 0 3 3 3 4 4 1 1 1 1 1 0 0 0 0 0 3 0 0 0 0 0 0 0 0 0 0 0 0 0 0 0 0 0 0 0
 1 1 1 2 2 2 1 1 0 0 0 3 3 3 4 4 1 1 1 1 1 0 0 0 0 0 3 0 0 0 0 0 0 0 0 0 0 0 0 0 0 0 0 0 0 0
 1 1 1 3 3 3 3 3 0 0 0 2 2 3 3 3 1 1 1 1 1 0 0 0 6 6 2 1 1 0 0 0 0 0 0 0 0 0 0 0 0 0 0 0 0 0
 1 1 1 3 3 3 4 4 2 2 2 3 3 2 2 2 1 1 1 1 1 1 1 1 0 0 1 0 0 0 0 0 0 0 0 0 0 0 0 0 0 0 0 0 0 0
 1 1 1 3 3 3 4 4 2 2 2 3 3 2 2 2 1 1 1 1 1 1 1 1 0 0 1 0 0 0 0 0 0 0 0 0 0 0 0 0 0 0 0 0 0 0
 0 0 1 3 3 3 5 5 4 4 4 3 3 0 3 3 3 3 1 1 1 1 1 1 0 0 0 0 0 0 0 0 0 0 0 0 0 0 0 0 0 0 0 0 0 0
 0 0 1 3 3 3 5 5 4 4 4 3 3 0 3 3 3 3 1 1 1 1 1 1 0 0 0 0 0 0 0 0 0 0 0 0 0 0 0 0 0 0 0 0 0 0
 0 0 1 2 2 2 5 5 5 5 5 3 3 0 2 2 3 3 3 1 1 1 1 1 0 0 0 0 0 0 0 0 0 0 0 0 0 0 0 0 0 0 0 0 0 0
 0 0 1 1 1 3 5 5 5 5 6 3 3 0 1 1 1 1 2 1 1 1 1 1 0 0 0 0 0 0 0 0 0 0 0 0 0 0 0 0 0 0 0 0 0 0
 0 0 1 1 1 3 5 5 5 5 6 3 3 0 1 1 1 1 2 1 1 1 1 1 0 0 0 0 0 0 0 0 0 0 0 0 0 0 0 0 0 0 0 0 0 0
 0 0 1 0 0 3 4 4 4 4 4 3 3 0 1 1 1 1 2 1 1 1 0 0 0 0 0 0 0 0 0 0 0 0 0 0 0 0 0 0 0 0 0 0 0 0
 0 0 0 0 0 2 2 2 2 2 3 2 2 0 1 1 1 1 0 1 1 1 0 0 0 0 0 0 0 0 0 0 0 0 0 0 0 0 0 0 0 0 0 1 1 3
 0 0 0 0 0 2 2 2 2 2 3 2 2 0 1 1 1 1 0 1 1 1 0 0 0 0 0 0 0 0 0 0 0 0 0 0 0 0 0 0 0 0 0 1 1 3
 0 0 0 0 0 1 1 1 1 1 1 1 1 0 0 0 0 0 0 1 1 1 0 0 1 1 0 11 11 8 0 0 1 1 0 0 0 0 0 0 0 0 0 1 1 4
 0 0 0 0 0 1 1 1 1 1 1 1 1 0 0 0 0 0 0 1 1 1 0 0 1 1 0 11 11 8 0 0 1 1 0 0 0 0 0 0 0 0 0 1 1 4
 0 0 0 0 0 0 0 0 0 0 0 0 0 0 0 0 0 0 0 0 0 0 0 0 1 1 0 4 4 2 0 0 0 0 3 2 2 0 0 0 0 0 1 3 3 3
 0 0 0 0 0 0 0 0 0 0 0 0 0 0 0 0 0 0 0 1 1 1 1 1 0 0 0 2 2 1 0 0 0 0 3 1 1 0 0 0 0 0 1 1 1 2
 0 0 0 0 0 0 0 0 0 0 0 0 0 0 0 0 0 0 0 1 1 1 1 1 0 0 0 2 2 1 0 0 0 0 3 1 1 0 0 0 0 0 1 1 1 2
 0 0 0 0 0 0 0 0 0 0 0 0 0 0 0 0 0 0 0 1 1 1 1 1 1 1 0 2 2 1 0 0 0 0 1 2 2 1 1 1 1 1 1 1 1 2
 0 0 0 0 0 0 0 0 0 0 0 0 0 0 0 0 0 0 0 0 0 1 1 1 0 0 0 0 0 1 0 0 0 0 3 3 3 1 1 1 1 1 1 0 0 0
 0 0 0 0 0 0 0 0 0 0 0 0 0 0 0 0 0 0 0 0 0 1 1 1 0 0 0 0 0 1 0 0 0 0 3 3 3 1 1 1 1 1 1 0 0 0
 0 0 0 0 0 0 0 0 0 0 0 0 0 0 0 0 0 0 0 0 0 1 1 1 0 0 0 1 1 4 5 5 4 4 4 5 5 4 2 2 3 3 4 2 2 2
 0 0 0 0 0 0 0 0 0 0 0 0 0 0 0 0 0 0 0 0 0 1 1 1 0 0 0 1 1 4 5 5 4 4 4 5 5 4 2 2 3 3 4 2 2 2
 0 0 0 0 0 0 0 0 0 0 0 0 0 0 0 0 0 0 1 1 1 1 1 1 1 1 1 2 2 5 10 10 7 7 6 7 7 5 1 1 3 3 6 4 4 0
 0 0 0 0 0 0 0 0 0 0 0 0 0 0 0 0 1 1 2 2 2 1 1 1 2 2 1 2 2 10 12 12 11 11 7 5 5 4 2 2 2 2 3 1 1 1
 0 0 0 0 0 0 0 0 0 0 0 0 0 0 0 0 1 1 2 2 2 1 1 1 2 2 1 2 2 10 12 12 11 11 7 5 5 4 2 2 2 2 3 1 1 1
 0 0 0 0 0 0 1 1 0 0 0 0 0 0 1 1 1 1 2 2 2 1 1 1 2 2 2 3 3 8 19 19 8 8 12 6 6 9 5 5 2 2 1 1 1 2
 1 1 1 1 1 1 1 1 1 1 0 0 0 0 1 1 1 1 2 2 2 1 1 1 3 3 3 6 6 9 16 16 28 28 17 10 10 10 6 6 3 3 1 2 2 5
 1 1 1 1 1 1 1 1 1 1 0 0 0 0 1 1 1 1 2 2 2 1 1 1 3 3 3 6 6 9 16 16 28 28 17 10 10 10 6 6 3 3 1 2 2 5
 2 2 1 1 1 1 1 1 1 1 1 0 0 0 1 1 1 1 2 2 2 1 1 1 2 2 3 3 3 6 8 8 24 24 25 25 25 12 10 10 6 6 5 5 5 6
 2 2 1 1 1 1 1 1 1 1 1 0 0 0 1 1 1 1 2 2 2 1 1 1 2 2 3 3 3 6 8 8 24 24 25 25 25 12 10 10 6 6 5 5 5 6
 2 2 2 1 1 1 1 1 1 1 0 0 0 0 1 1 1 1 2 1 1 1 1 1 1 1 1 4 4 6 6 6 18 18 20 32 32 17 11 11 5 5 5 7 7 8
 2 2 2 1 1 1 1 1 1 1 1 0 0 0 1 1 1 1 2 1 1 1 1 1 1 1 1 4 4 5 28 28 22 22 15 35 35 32 13 13 6 6 8 12 12 10
 2 2 2 1 1 1 1 1 1 1 1 0 0 0 1 1 1 1 2 1 1 1 1 1 1 1 1 4 4 5 28 28 22 22 15 35 35 32 13 13 6 6 8 12 12 10
 2 2 2 1 1 1 1 1 0 0 1 0 0 1 1 1 1 1 2 2 2 1 1 1 1 1 1 1 1 4 32 32 13 13 25 18 18 33 14 14 15 15 12 11 11 8
 3 3 3 1 1 1 1 1 1 1 1 0 0 1 1 1 1 1 2 2 2 1 1 1 1 1 1 1 1 1 5 5 11 11 5 9 9 11 6 6 11 11 10 17 17 6
 3 3 3 1 1 1 1 1 1 1 1 0 0 1 1 1 1 1 2 2 2 1 1 1 1 1 1 1 1 1 5 5 11 11 5 9 9 11 6 6 11 11 10 17 17 6
 4 4 4 2 2 2 1 1 1 1 1 0 0 1 1 1 1 1 2 2 2 1 0 0 1 1 0 1 1 1 1 1 1 1 1 1 1 4 4 4 9 9 15 14 14 42
 4 4 4 2 2 2 1 1 1 1 1 0 0 1 1 1 1 1 2 2 2 1 0 0 1 1 0 1 1 1 1 1 1 1 1 1 1 4 4 4 9 9 15 14 14 42
 5 5 4 3 3 2 1 1 1 1 1 1 1 1 1 1 1 1 2 2 2 1 0 0 0 0 0 0 0 1 1 1 0 0 1 1 1 2 3 3 5 5 15 46 46 17
 6 6 5 4 4 3 2 2 2 2 1 1 1 1 1 1 1 1 1 1 1 0 0 0 0 0 0 0 0 0 1 1 0 0 1 2 2 3 4 4 4 4 4 7 7 4
 6 6 5 4 4 3 2 2 2 2 1 1 1 1 1 1 1 1 1 1 1 0 0 0 0 0 0 0 0 0 1 1 0 0 1 2 2 3 4 4 4 4 4 7 7 4
 6 6 5 6 6 2 2 2 2 2 1 1 1 1 1 1 0 0 1 1 1 0 0 0 0 0 0 0 0 1 0 0 0 0 0 1 1 3 4 4 3 3 2 2 2 1
 6 6 5 5 5 4 3 3 2 2 1 1 1 0 1 1 0 0 1 1 1 0 0 0 0 0 0 0 0 1 0 0 0 0 0 1 1 2 3 3 2 2 1 1 1 0
 6 6 5 5 5 4 3 3 2 2 1 1 1 0 1 1 0 0 1 1 1 0 0 0 0 0 0 0 0 1 0 0 0 0 0 1 1 2 3 3 2 2 1 1 1 0
 5 5 5 4 4 2 2 2 0 0 1 0 0 0 0 0 0 0 1 1 1 0 0 0 0 0 0 0 0 0 0 0 0 0 0 1 1 5 2 2 1 1 0 0 0 0
 5 5 5 4 4 2 2 2 0 0 1 0 0 0 0 0 0 0 1 1 1 0 0 0 0 0 0 0 0 0 0 0 0 0 0 1 1 5 2 2 1 1 0 0 0 0
 4 4 4 3 3 2 1 1 0 0 0 0 0 0 0 0 0 0 0 1 1 0 0 0 0 0 0 0 0 0 0 0 0 0 0 0 0 1 1 1 0 0 0 0 0 0
 3 3 3 2 2 2 1 1 1 1 0 0 0 0 0 0 0 0 0 0 0 0 0 0 0 0 0 0 0 1 1 1 1 1 1 0 0 1 1 1 0 0 0 0 0 0
 3 3 3 2 2 2 1 1 1 1 0 0 0 0 0 0 0 0 0 0 0 0 0 0 0 0 0 0 0 1 1 1 1 1 1 0 0 1 1 1 0 0 0 0 0 0
 3 3 2 1 1 1 1 1 1 1 0 0 0 0 0 0 0 0 0 0 0 0 0 0 0 0 0 0 0 0 1 1 2 2 1 0 0 1 0 0 1 1 1 0 0 0
 2 2 1 1 1 1 1 1 1 1 0 0 0 0 0 0 0 0 0 0 0 0 0 0 0 0 0 0 0 0 1 1 1 1 0 0 0 1 0 0 0 0 0 0 0 0
