assets/RAT_results/precipitation/2019-06-02_IMERG.asc
ncols        46
nrows        77
xllcorner    74.800261325624
yllcorner    8.058333333333
cellsize     0.062500000000
NODATA_value -9999
 20 20 21 19 19 24 14 14 11 11 9 9 9 7 13 13 13 13 11 11 11 11 15 15 12 12 14 11 11 12 13 13 13 13 17 17 17 15 23 23 13 13 14 11 11 9
 9 9 12 14 14 15 11 11 7 7 7 6 6 5 5 5 12 12 12 7 7 7 10 10 12 12 11 12 12 13 12 12 13 13 16 15 15 46 35 35 29 29 13 9 9 8
 9 9 12 14 14 15 11 11 7 7 7 6 6 5 5 5 12 12 12 7 7 7 10 10 12 12 11 12 12 13 12 12 13 13 16 15 15 46 35 35 29 29 13 9 9 8
 9 9 11 12 12 12 10 10 7 7 5 5 5 4 3 3 3 3 6 5 5 6 7 7 11 11 13 12 12 13 16 16 13 13 15 15 15 59 41 41 28 28 11 8 8 7
 6 6 11 10 10 12 10 10 9 9 5 4 4 4 3 3 3 3 3 3 3 5 6 6 7 7 8 11 11 10 10 10 11 11 13 13 13 43 38 38 31 31 10 9 9 5
 6 6 11 10 10 12 10 10 9 9 5 4 4 4 3 3 3 3 3 3 3 5 6 6 7 7 8 11 11 10 10 10 11 11 13 13 13 43 38 38 31 31 10 9 9 5
 5 5 7 8 8 10 6 6 8 8 9 7 7 4 3 3 2 2 2 3 3 4 5 5 5 5 7 8 8 8 9 9 10 10 11 12 12 35 28 28 37 37 11 9 9 4
 5 5 7 8 8 10 6 6 8 8 9 7 7 4 3 3 2 2 2 3 3 4 5 5 5 5 7 8 8 8 9 9 10 10 11 12 12 35 28 28 37 37 11 9 9 4
 4 4 6 10 10 11 6 6 9 9 12 9 9 3 3 3 3 3 3 3 3 3 4 4 3 3 5 6 6 7 7 7 8 8 10 11 11 26 21 21 39 39 8 8 8 4
 8 8 8 9 9 10 16 16 7 7 7 5 5 2 4 4 4 4 4 4 4 4 4 4 3 3 3 4 4 5 6 6 7 7 7 11 11 20 16 16 26 26 8 7 7 5
 8 8 8 9 9 10 16 16 7 7 7 5 5 2 4 4 4 4 4 4 4 4 4 4 3 3 3 4 4 5 6 6 7 7 7 11 11 20 16 16 26 26 8 7 7 5
 15 15 12 15 15 16 15 15 16 16 9 6 6 4 4 4 5 5 4 4 4 4 4 4 3 3 2 3 3 4 5 5 5 5 6 10 10 14 13 13 23 23 9 8 8 8
 50 50 16 15 15 17 13 13 16 16 10 4 4 5 3 3 4 4 6 5 5 5 4 4 4 4 2 2 2 2 3 3 4 4 6 9 9 15 12 12 18 18 9 10 10 12
 50 50 16 15 15 17 13 13 16 16 10 4 4 5 3 3 4 4 6 5 5 5 4 4 4 4 2 2 2 2 3 3 4 4 6 9 9 15 12 12 18 18 9 10 10 12
 14 14 5 10 10 11 15 15 13 13 16 9 9 10 5 5 2 2 3 5 5 6 5 5 5 5 3 3 3 2 3 3 4 4 7 9 9 17 12 12 17 17 9 10 10 9
 14 14 5 10 10 11 15 15 13 13 16 9 9 10 5 5 2 2 3 5 5 6 5 5 5 5 3 3 3 2 3 3 4 4 7 9 9 17 12 12 17 17 9 10 10 9
 9 9 7 16 16 17 22 22 26 26 20 27 27 6 1 1 1 1 2 5 5 6 4 4 4 4 3 2 2 2 3 3 4 4 6 13 13 20 12 12 16 16 11 14 14 16
 8 8 8 16 16 17 21 21 23 23 19 17 17 3 1 1 1 1 2 2 2 5 3 3 3 3 2 2 2 2 3 3 4 4 5 14 14 17 13 13 16 16 13 12 12 10
 8 8 8 16 16 17 21 21 23 23 19 17 17 3 1 1 1 1 2 2 2 5 3 3 3 3 2 2 2 2 3 3 4 4 5 14 14 17 13 13 16 16 13 12 12 10
 10 10 10 18 18 22 31 31 34 34 23 17 17 6 1 1 1 1 3 2 2 3 3 3 3 3 2 2 2 2 2 2 3 3 4 15 15 26 16 16 12 12 11 9 9 10
 9 9 16 18 18 23 22 22 23 23 15 14 14 5 1 1 0 0 3 4 4 2 2 2 2 2 2 2 2 2 2 2 2 2 4 21 21 27 17 17 11 11 9 6 6 8
 9 9 16 18 18 23 22 22 23 23 15 14 14 5 1 1 0 0 3 4 4 2 2 2 2 2 2 2 2 2 2 2 2 2 4 21 21 27 17 17 11 11 9 6 6 8
 8 8 12 18 18 22 20 20 15 15 13 12 12 1 1 1 0 0 2 0 0 3 2 2 2 2 2 2 2 4 2 2 2 2 4 12 12 17 14 14 11 11 7 5 5 6
 8 8 12 18 18 22 20 20 15 15 13 12 12 1 1 1 0 0 2 0 0 3 2 2 2 2 2 2 2 4 2 2 2 2 4 12 12 17 14 14 11 11 7 5 5 6
 7 7 10 10 10 12 14 14 4 4 4 1 1 0 0 0 0 0 0 0 0 2 2 2 3 3 3 3 3 2 2 2 2 2 3 10 10 13 13 13 10 10 5 4 4 5
 3 3 3 3 3 5 6 6 5 5 6 0 0 0 0 0 1 1 1 3 3 6 5 5 5 5 2 3 3 3 2 2 1 1 2 7 7 8 8 8 6 6 4 3 3 4
 3 3 3 3 3 5 6 6 5 5 6 0 0 0 0 0 1 1 1 3 3 6 5 5 5 5 2 3 3 3 2 2 1 1 2 7 7 8 8 8 6 6 4 3 3 4
 3 3 2 3 3 4 6 6 3 3 8 2 2 0 1 1 0 0 1 4 4 6 5 5 5 5 6 8 8 4 3 3 2 2 2 1 1 2 4 4 5 5 2 2 2 3
 2 2 3 4 4 6 9 9 8 8 9 9 9 0 1 1 2 2 2 4 4 8 11 11 7 7 5 6 6 3 3 3 2 2 2 1 1 1 3 3 3 3 1 2 2 1
 2 2 3 4 4 6 9 9 8 8 9 9 9 0 1 1 2 2 2 4 4 8 11 11 7 7 5 6 6 3 3 3 2 2 2 1 1 1 3 3 3 3 1 2 2 1
 3 3 4 5 5 3 4 4 8 8 7 9 9 13 3 3 5 5 7 9 9 8 14 14 8 8 5 4 4 3 4 4 3 3 2 2 2 1 1 1 2 2 1 2 2 2
 3 3 4 5 5 3 4 4 8 8 7 9 9 13 3 3 5 5 7 9 9 8 14 14 8 8 5 4 4 3 4 4 3 3 2 2 2 1 1 1 2 2 1 2 2 2
 9 9 9 7 7 2 2 2 5 5 11 9 9 10 9 9 10 10 11 12 12 12 14 14 10 10 3 2 2 1 1 1 2 2 1 1 1 1 1 1 1 1 1 2 2 2
 11 11 10 9 9 8 5 5 2 2 7 7 7 8 9 9 3 3 7 9 9 6 5 5 6 6 1 2 2 1 1 1 2 2 1 0 0 0 0 0 0 0 0 1 1 1
 11 11 10 9 9 8 5 5 2 2 7 7 7 8 9 9 3 3 7 9 9 6 5 5 6 6 1 2 2 1 1 1 2 2 1 0 0 0 0 0 0 0 0 1 1 1
 16 16 14 13 13 11 9 9 5 5 3 2 2 2 6 6 3 3 6 5 5 3 8 8 5 5 0 0 0 0 0 0 0 0 0 0 0 0 0 0 0 0 0 0 0 0
 20 20 18 19 19 16 9 9 11 11 2 0 0 0 1 1 3 3 3 3 3 1 0 0 0 0 1 1 1 0 0 0 1 1 0 0 0 0 0 0 0 0 0 0 0 0
 20 20 18 19 19 16 9 9 11 11 2 0 0 0 1 1 3 3 3 3 3 1 0 0 0 0 1 1 1 0 0 0 1 1 0 0 0 0 0 0 0 0 0 0 0 0
 22 22 19 19 19 16 14 14 14 14 5 0 0 0 1 1 2 2 11 10 10 5 1 1 1 1 0 0 0 0 0 0 0 0 0 0 0 1 0 0 0 0 0 0 0 0
 22 22 19 19 19 16 14 14 14 14 5 0 0 0 1 1 2 2 11 10 10 5 1 1 1 1 0 0 0 0 0 0 0 0 0 0 0 1 0 0 0 0 0 0 0 0
 35 35 25 23 23 12 14 14 14 14 6 7 7 0 1 1 1 1 3 8 8 2 2 2 1 1 0 1 1 1 1 1 0 0 1 0 0 0 0 0 0 0 0 0 0 0
 35 35 24 23 23 18 16 16 14 14 13 11 11 1 2 2 3 3 5 12 12 10 6 6 4 4 0 0 0 0 0 0 0 0 0 0 0 0 0 0 0 0 0 0 0 0
 35 35 24 23 23 18 16 16 14 14 13 11 11 1 2 2 3 3 5 12 12 10 6 6 4 4 0 0 0 0 0 0 0 0 0 0 0 0 0 0 0 0 0 0 0 0
 22 22 29 30 30 31 20 20 20 20 12 10 10 7 2 2 9 9 11 7 7 18 15 15 4 4 1 2 2 1 2 2 2 2 0 0 0 0 0 0 0 0 0 0 0 0
 56 56 14 20 20 29 20 20 23 23 17 9 9 1 1 1 0 0 8 9 9 21 24 24 15 15 3 4 4 1 1 1 0 0 1 0 0 0 0 0 0 0 0 0 0 0
 56 56 14 20 20 29 20 20 23 23 17 9 9 1 1 1 0 0 8 9 9 21 24 24 15 15 3 4 4 1 1 1 0 0 1 0 0 0 0 0 0 0 0 0 0 0
 2 2 14 3 3 7 7 7 13 13 18 10 10 7 0 0 0 0 1 5 5 8 13 13 16 16 4 1 1 1 3 3 1 1 1 0 0 0 0 0 0 0 0 0 0 0
 2 2 14 3 3 7 7 7 13 13 18 10 10 7 0 0 0 0 1 5 5 8 13 13 16 16 4 1 1 1 3 3 1 1 1 0 0 0 0 0 0 0 0 0 0 0
 3 3 2 3 3 3 4 4 11 11 12 12 12 8 2 2 2 2 10 7 7 5 28 28 7 7 0 1 1 2 2 2 1 1 0 0 0 0 0 0 0 0 0 0 0 0
 2 2 3 4 4 4 4 4 4 4 4 8 8 6 10 10 7 7 9 13 13 3 6 6 6 6 12 3 3 4 1 1 0 0 0 1 1 1 1 1 1 1 1 1 1 0
 2 2 3 4 4 4 4 4 4 4 4 8 8 6 10 10 7 7 9 13 13 3 6 6 6 6 12 3 3 4 1 1 0 0 0 1 1 1 1 1 1 1 1 1 1 0
 1 1 3 5 5 5 5 5 5 5 7 5 5 10 9 9 11 11 17 16 16 14 9 9 13 13 18 22 22 10 2 2 1 1 1 2 2 3 3 3 2 2 1 1 1 2
 1 1 3 4 4 5 5 5 6 6 7 6 6 12 13 13 14 14 17 19 19 22 15 15 20 20 30 23 23 6 2 2 2 2 3 3 3 3 3 3 3 3 2 3 3 3
 1 1 3 4 4 5 5 5 6 6 7 6 6 12 13 13 14 14 17 19 19 22 15 15 20 20 30 23 23 6 2 2 2 2 3 3 3 3 3 3 3 3 2 3 3 3
 2 2 3 4 4 4 4 4 5 5 6 7 7 9 12 12 16 16 17 17 17 19 23 23 27 27 30 16 16 6 3 3 4 4 5 5 5 4 4 4 3 3 2 3 3 4
 2 2 3 4 4 4 4 4 5 5 6 7 7 9 12 12 16 16 17 17 17 19 23 23 27 27 30 16 16 6 3 3 4 4 5 5 5 4 4 4 3 3 2 3 3 4
 1 1 2 3 3 4 2 2 2 2 3 5 5 6 7 7 15 15 15 44 44 23 21 21 24 24 23 18 18 5 4 4 6 6 6 6 6 5 4 4 3 3 3 2 2 2
 1 1 2 2 2 2 2 2 2 2 2 3 3 4 8 8 10 10 57 11 11 13 16 16 22 22 21 14 14 6 5 5 6 6 6 6 6 5 4 4 3 3 3 2 2 2
 1 1 2 2 2 2 2 2 2 2 2 3 3 4 8 8 10 10 57 11 11 13 16 16 22 22 21 14 14 6 5 5 6 6 6 6 6 5 4 4 3 3 3 2 2 2
 2 2 1 1 1 1 1 1 1 1 2 2 2 3 7 7 11 11 9 7 7 7 10 10 25 25 14 9 9 4 3 3 4 4 4 4 4 4 3 3 3 3 2 1 1 1
 1 1 0 0 0 1 1 1 1 1 2 3 3 2 3 3 4 4 8 3 3 6 6 6 18 18 10 11 11 7 7 7 4 4 2 3 3 1 1 1 1 1 1 0 0 0
 1 1 0 0 0 1 1 1 1 1 2 3 3 2 3 3 4 4 8 3 3 6 6 6 18 18 10 11 11 7 7 7 4 4 2 3 3 1 1 1 1 1 1 0 0 0
 1 1 1 0 0 1 1 1 1 1 1 1 1 2 2 2 2 2 3 2 2 2 8 8 18 18 23 9 9 7 6 6 9 9 0 0 0 0 0 0 0 0 0 0 0 0
 1 1 1 0 0 1 1 1 1 1 1 1 1 2 2 2 2 2 3 2 2 2 8 8 18 18 23 9 9 7 6 6 9 9 0 0 0 0 0 0 0 0 0 0 0 0
 2 2 1 1 1 0 0 0 0 0 1 1 1 1 1 1 1 1 2 1 1 0 1 1 4 4 16 2 2 6 0 0 0 0 0 0 0 0 0 0 0 0 0 0 0 0
 2 2 2 1 1 0 0 0 0 0 1 0 0 0 0 0 1 1 1 1 1 0 0 0 7 7 3 1 1 0 0 0 1 1 2 0 0 0 0 0 0 0 0 0 0 0
 2 2 2 1 1 0 0 0 0 0 1 0 0 0 0 0 1 1 1 1 1 0 0 0 7 7 3 1 1 0 0 0 1 1 2 0 0 0 0 0 0 0 0 0 0 0
 4 4 2 1 1 0 0 0 0 0 1 0 0 0 0 0 0 0 0 0 0 0 0 0 0 0 0 0 0 0 1 1 1 1 1 0 0 0 0 0 0 0 0 0 0 0
 7 7 3 1 1 0 0 0 1 1 2 0 0 0 0 0 0 0 0 0 0 0 0 0 0 0 0 0 0 0 0 0 3 3 2 0 0 0 0 0 0 0 0 0 0 0
 7 7 3 1 1 0 0 0 1 1 2 0 0 0 0 0 0 0 0 0 0 0 0 0 0 0 0 0 0 0 0 0 3 3 2 0 0 0 0 0 0 0 0 0 0 0
 5 5 2 0 0 0 0 0 1 1 2 1 1 0 0 0 0 0 0 0 0 0 0 0 0 0 0 0 0 0 0 0 2 2 3 2 2 0 0 0 0 0 0 1 1 0
 5 5 2 0 0 0 0 0 1 1 2 1 1 0 0 0 0 0 0 0 0 0 0 0 0 0 0 0 0 0 0 0 2 2 3 2 2 0 0 0 0 0 0 1 1 0
 2 2 1 0 0 0 0 0 1 1 3 1 1 0 0 0 0 0 0 0 0 0 0 0 0 0 0 0 0 0 0 0 2 2 1 1 1 0 0 0 0 0 0 0 0 0
 1 1 0 0 0 0 0 0 0 0 1 0 0 0 1 1 1 1 2 0 0 0 0 0 0 0 0 0 0 0 0 0 0 0 0 0 0 2 1 1 0 0 0 0 0 0
 1 1 0 0 0 0 0 0 0 0 1 0 0 0 1 1 1 1 2 0 0 0 0 0 0 0 0 0 0 0 0 0 0 0 0 0 0 2 1 1 0 0 0 0 0 0
 0 0 0 0 0 0 0 0 0 0 0 0 0 0 1 1 0 0 2 2 2 1 0 0 0 0 0 0 0 0 0 0 0 0 0 0 0 1 1 1 0 0 0 0 0 0
 1 1 0 0 0 0 0 0 0 0 0 0 0 0 0 0 0 0 0 0 0 0 0 0 0 0 0 0 0 0 0 0 0 0 0 0 0 0 0 0 0 0 0 0 0 0
