assets/RAT_results/precipitation/2019-04-21_IMERG.asc
ncols        46
nrows        77
xllcorner    74.800261325624
yllcorner    8.058333333333
cellsize     0.062500000000
NODATA_value -9999
 0 0 0 0 0 0 0 0 0 0 0 0 0 0 0 0 0 0 0 0 0 0 0 0 0 0 0 0 0 0 2 2 2 2 2 1 1 1 1 1 1 1 0 0 0 0
 0 0 0 0 0 0 0 0 0 0 0 0 0 0 1 1 0 0 0 0 0 0 0 0 0 0 0 0 0 0 0 0 2 2 2 1 1 1 1 1 1 1 0 0 0 0
 0 0 0 0 0 0 0 0 0 0 0 0 0 0 1 1 0 0 0 0 0 0 0 0 0 0 0 0 0 0 0 0 2 2 2 1 1 1 1 1 1 1 0 0 0 0
 0 0 0 0 0 0 0 0 0 0 0 0 0 1 1 1 0 0 0 0 0 0 0 0 0 0 0 0 0 0 0 0 0 0 0 0 0 0 0 0 0 0 0 0 0 0
 0 0 0 0 0 0 0 0 0 0 0 0 0 0 0 0 0 0 0 0 0 0 0 0 0 0 0 0 0 0 0 0 0 0 0 0 0 0 0 0 0 0 0 0 0 0
 0 0 0 0 0 0 0 0 0 0 0 0 0 0 0 0 0 0 0 0 0 0 0 0 0 0 0 0 0 0 0 0 0 0 0 0 0 0 0 0 0 0 0 0 0 0
 0 0 0 0 0 0 0 0 0 0 0 0 0 0 0 0 0 0 0 1 1 1 0 0 0 0 0 0 0 0 0 0 0 0 0 0 0 0 0 0 0 0 0 0 0 0
 0 0 0 0 0 0 0 0 0 0 0 0 0 0 0 0 0 0 0 1 1 1 0 0 0 0 0 0 0 0 0 0 0 0 0 0 0 0 0 0 0 0 0 0 0 0
 0 0 0 0 0 0 1 1 1 1 0 0 0 0 0 0 0 0 0 0 0 0 0 0 0 0 0 0 0 0 0 0 0 0 0 0 0 0 0 0 0 0 0 0 0 0
 0 0 0 0 0 1 1 1 1 1 0 0 0 0 0 0 0 0 0 0 0 0 0 0 0 0 0 0 0 0 0 0 0 0 0 0 0 0 0 0 0 0 0 0 0 0
 0 0 0 0 0 1 1 1 1 1 0 0 0 0 0 0 0 0 0 0 0 0 0 0 0 0 0 0 0 0 0 0 0 0 0 0 0 0 0 0 0 0 0 0 0 0
 0 0 0 1 1 1 2 2 1 1 0 0 0 0 0 0 0 0 0 0 0 0 0 0 0 0 0 0 0 0 0 0 0 0 0 0 0 0 0 0 0 0 0 0 0 0
 0 0 0 1 1 2 1 1 1 1 0 0 0 0 0 0 0 0 0 0 0 0 0 0 0 0 0 0 0 0 6 6 0 0 0 0 0 0 0 0 0 0 0 0 0 0
 0 0 0 1 1 2 1 1 1 1 0 0 0 0 0 0 0 0 0 0 0 0 0 0 0 0 0 0 0 0 6 6 0 0 0 0 0 0 0 0 0 0 0 0 0 0
 0 0 0 1 1 1 1 1 1 1 1 0 0 0 0 0 0 0 0 0 0 0 0 0 0 0 0 0 0 3 6 6 3 3 0 0 0 0 0 0 0 0 0 0 0 0
 0 0 0 1 1 1 1 1 1 1 1 0 0 0 0 0 0 0 0 0 0 0 0 0 0 0 0 0 0 3 6 6 3 3 0 0 0 0 0 0 0 0 0 0 0 0
 0 0 0 2 2 1 1 1 2 2 1 0 0 0 0 0 0 0 0 0 0 0 0 0 0 0 0 0 0 2 7 7 0 0 0 0 0 0 0 0 0 0 0 0 0 0
 0 0 1 3 3 2 1 1 2 2 1 0 0 0 0 0 1 1 1 0 0 0 4 4 0 0 0 0 0 0 1 1 1 1 0 0 0 0 0 0 0 0 0 1 1 1
 0 0 1 3 3 2 1 1 2 2 1 0 0 0 0 0 1 1 1 0 0 0 4 4 0 0 0 0 0 0 1 1 1 1 0 0 0 0 0 0 0 0 0 1 1 1
 0 0 0 1 1 1 1 1 1 1 1 1 1 1 1 1 1 1 1 0 0 0 7 7 1 1 0 0 0 0 1 1 1 1 0 0 0 0 0 0 0 0 0 2 2 1
 0 0 1 1 1 1 1 1 1 1 2 1 1 0 1 1 2 2 4 4 4 2 7 7 7 7 0 0 0 0 0 0 1 1 0 0 0 0 0 0 0 0 0 2 2 2
 0 0 1 1 1 1 1 1 1 1 2 1 1 0 1 1 2 2 4 4 4 2 7 7 7 7 0 0 0 0 0 0 1 1 0 0 0 0 0 0 0 0 0 2 2 2
 1 1 1 1 1 2 0 0 0 0 0 0 0 0 0 0 2 2 4 4 4 1 0 0 0 0 0 0 0 0 0 0 0 0 0 0 0 0 0 0 0 0 0 1 1 2
 1 1 1 1 1 2 0 0 0 0 0 0 0 0 0 0 2 2 4 4 4 1 0 0 0 0 0 0 0 0 0 0 0 0 0 0 0 0 0 0 0 0 0 1 1 2
 1 1 2 1 1 1 0 0 0 0 0 0 0 4 2 2 3 3 5 4 4 4 0 0 0 0 0 0 0 0 0 0 0 0 0 0 0 0 0 0 0 0 0 1 1 2
 2 2 2 1 1 1 2 2 0 0 0 0 0 8 8 8 5 5 5 1 1 4 0 0 0 0 1 1 1 1 0 0 0 0 0 0 0 0 0 0 0 0 0 0 0 2
 2 2 2 1 1 1 2 2 0 0 0 0 0 8 8 8 5 5 5 1 1 4 0 0 0 0 1 1 1 1 0 0 0 0 0 0 0 0 0 0 0 0 0 0 0 2
 1 1 1 1 1 2 3 3 0 0 0 4 4 9 9 9 6 6 5 1 1 1 1 1 2 2 2 1 1 1 0 0 0 0 0 0 0 0 0 0 0 0 0 0 0 0
 1 1 1 0 0 1 1 1 1 1 0 6 6 8 3 3 6 6 7 1 1 0 1 1 1 1 1 1 1 0 0 0 1 1 1 0 0 0 0 0 0 0 0 0 0 0
 1 1 1 0 0 1 1 1 1 1 0 6 6 8 3 3 6 6 7 1 1 0 1 1 1 1 1 1 1 0 0 0 1 1 1 0 0 0 0 0 0 0 0 0 0 0
 1 1 1 0 0 0 1 1 2 2 1 4 4 3 1 1 4 4 8 3 3 2 1 1 1 1 0 0 0 0 0 0 0 0 0 0 0 0 0 0 0 0 0 0 0 0
 1 1 1 0 0 0 1 1 2 2 1 4 4 3 1 1 4 4 8 3 3 2 1 1 1 1 0 0 0 0 0 0 0 0 0 0 0 0 0 0 0 0 0 0 0 0
 2 2 0 0 0 1 0 0 1 1 1 2 2 1 1 1 2 2 2 5 5 5 3 3 1 1 0 0 0 0 0 0 0 0 0 0 0 0 0 0 0 0 0 0 0 0
 1 1 0 0 0 2 1 1 1 1 2 1 1 1 0 0 1 1 3 7 7 8 5 5 4 4 2 0 0 0 1 1 1 1 0 0 0 0 0 0 0 0 0 0 0 0
 1 1 0 0 0 2 1 1 1 1 2 1 1 1 0 0 1 1 3 7 7 8 5 5 4 4 2 0 0 0 1 1 1 1 0 0 0 0 0 0 0 0 0 0 0 0
 1 1 0 0 0 1 1 1 2 2 1 0 0 0 0 0 2 2 5 7 7 14 12 12 6 6 3 3 3 1 0 0 0 0 0 0 0 0 0 0 0 0 0 0 0 0
 1 1 0 0 0 0 2 2 4 4 2 0 0 0 1 1 5 5 6 8 8 10 10 10 6 6 6 5 5 1 2 2 0 0 0 1 1 0 0 0 0 0 0 0 0 0
 1 1 0 0 0 0 2 2 4 4 2 0 0 0 1 1 5 5 6 8 8 10 10 10 6 6 6 5 5 1 2 2 0 0 0 1 1 0 0 0 0 0 0 0 0 0
 0 0 0 0 0 1 2 2 3 3 1 1 1 1 2 2 5 5 7 5 5 5 5 5 5 5 5 3 3 2 0 0 1 1 2 2 2 0 0 0 0 0 0 0 0 0
 0 0 0 0 0 1 2 2 3 3 1 1 1 1 2 2 5 5 7 5 5 5 5 5 5 5 5 3 3 2 0 0 1 1 2 2 2 0 0 0 0 0 0 0 0 0
 0 0 0 1 1 1 3 3 2 2 1 2 2 2 1 1 4 4 5 4 4 2 1 1 3 3 1 5 5 2 1 1 1 1 1 1 1 1 1 1 0 0 0 0 0 1
 1 1 1 1 1 1 2 2 2 2 2 2 2 1 1 1 2 2 4 2 2 2 1 1 1 1 2 2 2 1 2 2 1 1 2 1 1 2 1 1 1 1 0 1 1 1
 1 1 1 1 1 1 2 2 2 2 2 2 2 1 1 1 2 2 4 2 2 2 1 1 1 1 2 2 2 1 2 2 1 1 2 1 1 2 1 1 1 1 0 1 1 1
 1 1 1 1 1 1 1 1 1 1 2 1 1 2 1 1 1 1 3 2 2 2 0 0 1 1 2 1 1 0 1 1 2 2 1 1 1 1 1 1 1 1 1 0 0 1
 1 1 1 0 0 1 1 1 1 1 2 1 1 4 2 2 1 1 1 2 2 1 2 2 1 1 1 1 1 0 0 0 1 1 0 1 1 1 1 1 1 1 1 0 0 0
 1 1 1 0 0 1 1 1 1 1 2 1 1 4 2 2 1 1 1 2 2 1 2 2 1 1 1 1 1 0 0 0 1 1 0 1 1 1 1 1 1 1 1 0 0 0
 0 0 0 0 0 1 2 2 2 2 3 2 2 2 1 1 0 0 1 2 2 1 1 1 1 1 1 1 1 0 0 0 1 1 0 0 0 1 1 1 0 0 0 0 0 0
 0 0 0 0 0 1 2 2 2 2 3 2 2 2 1 1 0 0 1 2 2 1 1 1 1 1 1 1 1 0 0 0 1 1 0 0 0 1 1 1 0 0 0 0 0 0
 1 1 1 1 1 2 3 3 3 3 4 3 3 1 1 1 1 1 1 2 2 2 1 1 2 2 1 0 0 0 0 0 0 0 0 0 0 0 0 0 0 0 0 0 0 1
 2 2 2 1 1 1 2 2 2 2 3 4 4 2 1 1 1 1 1 2 2 4 4 4 2 2 1 1 1 1 0 0 0 0 0 0 0 1 1 1 1 1 0 0 0 1
 2 2 2 1 1 1 2 2 2 2 3 4 4 2 1 1 1 1 1 2 2 4 4 4 2 2 1 1 1 1 0 0 0 0 0 0 0 1 1 1 1 1 0 0 0 1
 1 1 1 0 0 1 2 2 2 2 1 2 2 2 3 3 1 1 1 1 1 4 4 4 2 2 2 2 2 1 1 1 1 1 0 1 1 0 1 1 1 1 1 1 1 1
 0 0 0 0 0 0 1 1 1 1 1 1 1 1 1 1 1 1 1 1 1 5 4 4 7 7 2 2 2 2 4 4 3 3 0 0 0 1 1 1 1 1 1 2 2 1
 0 0 0 0 0 0 1 1 1 1 1 1 1 1 1 1 1 1 1 1 1 5 4 4 7 7 2 2 2 2 4 4 3 3 0 0 0 1 1 1 1 1 1 2 2 1
 0 0 0 0 0 0 1 1 1 1 0 0 0 0 1 1 1 1 1 0 0 2 5 5 6 6 2 1 1 1 2 2 1 1 1 1 1 2 2 2 1 1 0 0 0 0
 0 0 0 0 0 0 1 1 1 1 0 0 0 0 1 1 1 1 1 0 0 2 5 5 6 6 2 1 1 1 2 2 1 1 1 1 1 2 2 2 1 1 0 0 0 0
 1 1 1 1 1 1 1 1 1 1 0 0 0 0 1 1 1 1 1 1 1 2 2 2 2 2 2 1 1 1 1 1 1 1 0 0 0 1 2 2 1 1 0 0 0 1
 3 3 2 3 3 3 4 4 5 5 1 1 1 1 1 1 1 1 1 1 1 2 2 2 0 0 2 1 1 0 1 1 1 1 0 1 1 1 2 2 1 1 1 1 1 2
 3 3 2 3 3 3 4 4 5 5 1 1 1 1 1 1 1 1 1 1 1 2 2 2 0 0 2 1 1 0 1 1 1 1 0 1 1 1 2 2 1 1 1 1 1 2
 5 5 4 5 5 4 5 5 7 7 2 2 2 2 2 2 5 5 3 2 2 2 1 1 1 1 2 2 2 1 1 1 0 0 1 0 0 0 0 0 0 0 7 3 3 1
 4 4 4 9 9 19 27 27 15 15 8 4 4 5 5 5 7 7 8 3 3 3 1 1 1 1 2 2 2 2 1 1 1 1 1 0 0 0 0 0 4 4 12 8 8 1
 4 4 4 9 9 19 27 27 15 15 8 4 4 5 5 5 7 7 8 3 3 3 1 1 1 1 2 2 2 2 1 1 1 1 1 0 0 0 0 0 4 4 12 8 8 1
 8 8 10 7 7 8 29 29 18 18 12 10 10 8 11 11 15 15 16 7 7 2 2 2 1 1 2 2 2 2 2 2 2 2 1 1 1 1 3 3 4 4 13 3 3 1
 8 8 10 7 7 8 29 29 18 18 12 10 10 8 11 11 15 15 16 7 7 2 2 2 1 1 2 2 2 2 2 2 2 2 1 1 1 1 3 3 4 4 13 3 3 1
 14 14 13 10 10 13 19 19 53 53 60 19 19 19 16 16 32 32 28 18 18 12 2 2 1 1 2 4 4 6 7 7 2 2 2 1 1 4 4 4 2 2 1 1 1 1
 19 19 19 17 17 25 30 30 74 74 67 26 26 37 44 44 34 34 23 15 15 10 6 6 1 1 2 5 5 6 6 6 3 3 3 8 8 61 37 37 2 2 5 1 1 1
 19 19 19 17 17 25 30 30 74 74 67 26 26 37 44 44 34 34 23 15 15 10 6 6 1 1 2 5 5 6 6 6 3 3 3 8 8 61 37 37 2 2 5 1 1 1
 28 28 31 31 31 27 36 36 77 77 74 62 62 35 55 55 39 39 23 11 11 9 6 6 4 4 4 5 5 5 7 7 9 9 10 13 13 39 13 13 37 37 27 2 2 1
 31 31 35 34 34 37 74 74 84 84 54 37 37 42 32 32 23 23 18 14 14 8 6 6 11 11 6 7 7 10 9 9 14 14 13 19 19 18 24 24 30 30 12 4 4 3
 31 31 35 34 34 37 74 74 84 84 54 37 37 42 32 32 23 23 18 14 14 8 6 6 11 11 6 7 7 10 9 9 14 14 13 19 19 18 24 24 30 30 12 4 4 3
 42 42 41 28 28 23 50 50 86 86 55 43 43 41 45 45 27 27 26 15 15 10 8 8 26 26 9 7 7 11 14 14 13 13 17 10 10 11 11 11 19 19 13 5 5 3
 42 42 41 28 28 23 50 50 86 86 55 43 43 41 45 45 27 27 26 15 15 10 8 8 26 26 9 7 7 11 14 14 13 13 17 10 10 11 11 11 19 19 13 5 5 3
 40 40 50 24 24 23 49 49 64 64 66 59 59 40 35 35 26 26 20 14 14 12 8 8 26 26 21 21 21 25 22 22 23 23 30 12 12 9 11 11 10 10 10 12 12 5
 31 31 32 19 19 20 23 23 43 43 85 41 41 56 46 46 26 26 24 15 15 18 32 32 32 32 26 21 21 25 20 20 21 21 19 21 21 27 16 16 9 9 8 7 7 6
 31 31 32 19 19 20 23 23 43 43 85 41 41 56 46 46 26 26 24 15 15 18 32 32 32 32 26 21 21 25 20 20 21 21 19 21 21 27 16 16 9 9 8 7 7 6
 16 16 24 16 16 17 29 29 53 53 81 40 40 51 47 47 32 32 45 30 30 27 35 35 35 35 28 22 22 22 18 18 20 20 21 29 29 24 20 20 8 8 8 7 7 6
 13 13 19 17 17 15 21 21 39 39 79 30 30 61 31 31 30 30 49 33 33 30 19 19 18 18 19 16 16 17 15 15 8 8 17 24 24 23 24 24 21 21 17 13 13 10
