assets/RAT_results/precipitation/2019-07-20_IMERG.asc
ncols        46
nrows        77
xllcorner    74.800261325624
yllcorner    8.058333333333
cellsize     0.062500000000
NODATA_value -9999
 27 27 29 34 34 33 31 31 17 17 13 8 8 8 5 5 5 5 5 3 3 3 0 0 0 0 1 0 0 0 0 0 0 0 0 0 0 0 0 0 0 0 0 0 0 0
 28 28 30 30 30 44 40 40 26 26 16 14 14 6 5 5 5 5 6 3 3 2 0 0 1 1 1 0 0 0 0 0 0 0 0 0 0 0 0 0 0 0 0 0 0 0
 28 28 30 30 30 44 40 40 26 26 16 14 14 6 5 5 5 5 6 3 3 2 0 0 1 1 1 0 0 0 0 0 0 0 0 0 0 0 0 0 0 0 0 0 0 0
 27 27 31 29 29 31 35 35 28 28 17 11 11 9 7 7 6 6 4 3 3 2 1 1 1 1 1 0 0 0 0 0 0 0 0 0 0 0 0 0 0 0 0 0 0 0
 28 28 34 35 35 31 27 27 23 23 23 19 19 11 7 7 5 5 6 4 4 2 1 1 1 1 0 0 0 0 0 0 0 0 0 0 0 0 0 0 0 0 0 0 0 0
 28 28 34 35 35 31 27 27 23 23 23 19 19 11 7 7 5 5 6 4 4 2 1 1 1 1 0 0 0 0 0 0 0 0 0 0 0 0 0 0 0 0 0 0 0 0
 33 33 32 33 33 34 35 35 20 20 23 13 13 8 6 6 5 5 5 2 2 2 1 1 0 0 0 0 0 0 0 0 0 0 0 0 0 0 0 0 0 0 0 0 0 0
 33 33 32 33 33 34 35 35 20 20 23 13 13 8 6 6 5 5 5 2 2 2 1 1 0 0 0 0 0 0 0 0 0 0 0 0 0 0 0 0 0 0 0 0 0 0
 31 31 28 32 32 33 38 38 33 33 28 12 12 8 5 5 3 3 3 3 3 1 0 0 0 0 0 0 0 0 0 0 0 0 0 0 0 0 0 0 0 0 0 0 0 0
 28 28 25 29 29 31 32 32 32 32 30 18 18 19 11 11 7 7 3 1 1 1 0 0 0 0 0 0 0 0 0 0 0 0 0 0 0 0 0 0 0 0 0 0 0 0
 28 28 25 29 29 31 32 32 32 32 30 18 18 19 11 11 7 7 3 1 1 1 0 0 0 0 0 0 0 0 0 0 0 0 0 0 0 0 0 0 0 0 0 0 0 0
 26 26 19 23 23 26 27 27 24 24 29 28 28 22 10 10 7 7 3 2 2 1 1 1 0 0 0 0 0 0 0 0 0 0 0 0 0 0 0 0 0 0 0 0 0 0
 25 25 21 18 18 26 34 34 37 37 39 36 36 31 24 24 12 12 4 10 10 3 1 1 0 0 0 0 0 0 0 0 0 0 0 0 0 0 0 0 1 1 0 0 0 0
 25 25 21 18 18 26 34 34 37 37 39 36 36 31 24 24 12 12 4 10 10 3 1 1 0 0 0 0 0 0 0 0 0 0 0 0 0 0 0 0 1 1 0 0 0 0
 35 35 26 30 30 29 39 39 44 44 36 21 21 16 16 16 15 15 9 11 11 8 1 1 1 1 0 0 0 0 0 0 1 1 0 0 0 0 1 1 0 0 0 0 0 0
 35 35 26 30 30 29 39 39 44 44 36 21 21 16 16 16 15 15 9 11 11 8 1 1 1 1 0 0 0 0 0 0 1 1 0 0 0 0 1 1 0 0 0 0 0 0
 36 36 34 37 37 35 38 38 36 36 37 31 31 34 27 27 19 19 13 9 9 6 4 4 2 2 0 0 0 1 1 1 0 0 1 1 1 0 0 0 0 0 0 0 0 0
 42 42 37 43 43 49 45 45 39 39 39 36 36 32 25 25 18 18 14 11 11 8 5 5 3 3 0 0 0 0 1 1 2 2 1 0 0 0 0 0 1 1 0 0 0 0
 42 42 37 43 43 49 45 45 39 39 39 36 36 32 25 25 18 18 14 11 11 8 5 5 3 3 0 0 0 0 1 1 2 2 1 0 0 0 0 0 1 1 0 0 0 0
 56 56 49 58 58 71 69 69 57 57 40 33 33 30 32 32 23 23 20 16 16 11 5 5 2 2 0 0 0 0 1 1 1 1 1 0 0 0 0 0 0 0 0 0 0 0
 59 59 61 60 60 61 71 71 69 69 60 56 56 29 31 31 24 24 21 20 20 13 6 6 3 3 0 0 0 0 1 1 1 1 1 0 0 1 0 0 1 1 0 0 0 0
 59 59 61 60 60 61 71 71 69 69 60 56 56 29 31 31 24 24 21 20 20 13 6 6 3 3 0 0 0 0 1 1 1 1 1 0 0 1 0 0 1 1 0 0 0 0
 52 52 54 53 53 54 53 53 52 52 47 38 38 25 22 22 17 17 16 15 15 11 8 8 6 6 2 1 1 2 1 1 2 2 1 0 0 1 0 0 0 0 0 0 0 0
 52 52 54 53 53 54 53 53 52 52 47 38 38 25 22 22 17 17 16 15 15 11 8 8 6 6 2 1 1 2 1 1 2 2 1 0 0 1 0 0 0 0 0 0 0 0
 48 48 49 52 52 43 32 32 29 29 26 30 30 24 19 19 19 19 18 17 17 19 10 10 7 7 5 3 3 3 2 2 2 2 1 0 0 0 0 0 0 0 1 0 0 0
 46 46 53 50 50 53 43 43 30 30 26 22 22 24 22 22 22 22 21 19 19 14 10 10 8 8 7 5 5 4 2 2 2 2 2 1 1 1 0 0 0 0 1 0 0 0
 46 46 53 50 50 53 43 43 30 30 26 22 22 24 22 22 22 22 21 19 19 14 10 10 8 8 7 5 5 4 2 2 2 2 2 1 1 1 0 0 0 0 1 0 0 0
 54 54 55 66 66 69 49 49 45 45 39 38 38 27 27 27 26 26 22 24 24 20 15 15 9 9 8 7 7 6 5 5 4 4 2 2 2 2 1 1 0 0 0 0 0 0
 46 46 49 57 57 63 77 77 56 56 49 44 44 30 29 29 32 32 36 35 35 31 23 23 14 14 11 7 7 6 7 7 4 4 3 2 2 1 0 0 0 0 0 0 0 0
 46 46 49 57 57 63 77 77 56 56 49 44 44 30 29 29 32 32 36 35 35 31 23 23 14 14 11 7 7 6 7 7 4 4 3 2 2 1 0 0 0 0 0 0 0 0
 39 39 43 48 48 47 51 51 52 52 41 37 37 33 28 28 29 29 29 37 37 39 28 28 18 18 14 11 11 13 6 6 4 4 4 4 4 2 2 2 0 0 0 0 0 0
 39 39 43 48 48 47 51 51 52 52 41 37 37 33 28 28 29 29 29 37 37 39 28 28 18 18 14 11 11 13 6 6 4 4 4 4 4 2 2 2 0 0 0 0 0 0
 32 32 34 37 37 37 42 42 41 41 31 27 27 31 32 32 38 38 32 34 34 40 37 37 24 24 20 15 15 16 7 7 6 6 6 6 6 3 2 2 2 2 1 3 3 0
 31 31 31 30 30 34 34 34 39 39 34 38 38 41 41 41 51 51 39 40 40 42 33 33 23 23 24 20 20 20 13 13 10 10 8 6 6 5 4 4 2 2 1 2 2 0
 31 31 31 30 30 34 34 34 39 39 34 38 38 41 41 41 51 51 39 40 40 42 33 33 23 23 24 20 20 20 13 13 10 10 8 6 6 5 4 4 2 2 1 2 2 0
 28 28 27 25 25 31 32 32 34 34 29 34 34 50 59 59 63 63 43 37 37 33 33 33 28 28 26 25 25 20 11 11 9 9 7 5 5 2 2 2 2 2 1 1 1 0
 33 33 29 25 25 26 28 28 30 30 33 35 35 49 53 53 51 51 50 37 37 36 27 27 24 24 19 29 29 18 14 14 11 11 8 5 5 4 3 3 2 2 1 0 0 0
 33 33 29 25 25 26 28 28 30 30 33 35 35 49 53 53 51 51 50 37 37 36 27 27 24 24 19 29 29 18 14 14 11 11 8 5 5 4 3 3 2 2 1 0 0 0
 36 36 31 26 26 24 23 23 25 25 31 25 25 40 46 46 44 44 48 39 39 32 26 26 23 23 26 29 29 19 13 13 9 9 9 7 7 6 5 5 4 4 3 1 1 1
 36 36 31 26 26 24 23 23 25 25 31 25 25 40 46 46 44 44 48 39 39 32 26 26 23 23 26 29 29 19 13 13 9 9 9 7 7 6 5 5 4 4 3 1 1 1
 39 39 32 27 27 23 22 22 24 24 30 28 28 25 26 26 24 24 33 32 32 28 30 30 26 26 20 16 16 17 12 12 14 14 10 10 10 8 6 6 5 5 4 4 4 3
 37 37 32 29 29 25 22 22 23 23 25 24 24 17 19 19 18 18 22 22 22 24 26 26 23 23 23 20 20 16 13 13 11 11 10 11 11 8 7 7 7 7 7 6 6 2
 37 37 32 29 29 25 22 22 23 23 25 24 24 17 19 19 18 18 22 22 22 24 26 26 23 23 23 20 20 16 13 13 11 11 10 11 11 8 7 7 7 7 7 6 6 2
 34 34 30 29 29 28 27 27 28 28 31 33 33 27 24 24 23 23 21 21 21 24 26 26 25 25 23 23 23 16 12 12 11 11 10 8 8 7 8 8 8 8 7 4 4 1
 32 32 33 34 34 32 32 32 33 33 38 40 40 36 34 34 30 30 28 28 28 27 27 27 28 28 32 29 29 26 22 22 15 15 12 8 8 7 7 7 6 6 6 3 3 1
 32 32 33 34 34 32 32 32 33 33 38 40 40 36 34 34 30 30 28 28 28 27 27 27 28 28 32 29 29 26 22 22 15 15 12 8 8 7 7 7 6 6 6 3 3 1
 37 37 40 40 40 42 42 42 43 43 48 53 53 50 44 44 38 38 34 30 30 27 25 25 26 26 29 29 29 31 23 23 21 21 15 11 11 8 7 7 8 8 7 5 5 3
 37 37 40 40 40 42 42 42 43 43 48 53 53 50 44 44 38 38 34 30 30 27 25 25 26 26 29 29 29 31 23 23 21 21 15 11 11 8 7 7 8 8 7 5 5 3
 39 39 40 40 40 42 42 42 46 46 48 53 53 55 52 52 42 42 34 29 29 25 24 24 26 26 28 27 27 23 18 18 12 12 10 8 8 7 7 7 9 9 9 6 6 6
 32 32 32 32 32 33 36 36 41 41 48 49 49 51 55 55 50 50 42 36 36 27 23 23 21 21 22 24 24 23 18 18 16 16 15 13 13 10 9 9 11 11 10 12 12 12
 32 32 32 32 32 33 36 36 41 41 48 49 49 51 55 55 50 50 42 36 36 27 23 23 21 21 22 24 24 23 18 18 16 16 15 13 13 10 9 9 11 11 10 12 12 12
 27 27 28 30 30 34 37 37 48 48 57 46 46 47 51 51 45 45 35 32 32 26 23 23 24 24 26 24 24 28 26 26 23 23 19 17 17 14 11 11 12 12 16 15 15 12
 28 28 31 38 38 44 43 43 48 48 54 43 43 43 45 45 41 41 36 33 33 29 25 25 23 23 23 27 27 28 26 26 22 22 16 14 14 16 16 16 15 15 14 13 13 8
 28 28 31 38 38 44 43 43 48 48 54 43 43 43 45 45 41 41 36 33 33 29 25 25 23 23 23 27 27 28 26 26 22 22 16 14 14 16 16 16 15 15 14 13 13 8
 27 27 30 40 40 46 43 43 47 47 49 46 46 46 46 46 44 44 38 33 33 32 30 30 29 29 28 28 28 31 29 29 26 26 21 17 17 14 17 17 15 15 12 11 11 7
 27 27 30 40 40 46 43 43 47 47 49 46 46 46 46 46 44 44 38 33 33 32 30 30 29 29 28 28 28 31 29 29 26 26 21 17 17 14 17 17 15 15 12 11 11 7
 28 28 31 39 39 44 43 43 43 43 47 53 53 47 48 48 49 49 43 39 39 35 33 33 32 32 33 32 32 31 30 30 26 26 21 16 16 14 14 14 14 14 13 11 11 6
 25 25 27 31 31 35 35 35 35 35 39 43 43 38 39 39 39 39 33 30 30 30 33 33 32 32 31 30 30 28 25 25 23 23 20 16 16 15 15 15 14 14 13 9 9 5
 25 25 27 31 31 35 35 35 35 35 39 43 43 38 39 39 39 39 33 30 30 30 33 33 32 32 31 30 30 28 25 25 23 23 20 16 16 15 15 15 14 14 13 9 9 5
 23 23 24 31 31 34 33 33 33 33 32 36 36 33 33 33 33 33 29 26 26 25 22 22 21 21 22 21 21 21 21 21 21 21 18 18 18 14 13 13 13 13 11 6 6 3
 21 21 22 26 26 29 28 28 30 30 30 33 33 32 32 32 31 31 30 27 27 25 24 24 22 22 20 21 21 22 23 23 21 21 18 16 16 13 13 13 14 14 12 7 7 3
 21 21 22 26 26 29 28 28 30 30 30 33 33 32 32 32 31 31 30 27 27 25 24 24 22 22 20 21 21 22 23 23 21 21 18 16 16 13 13 13 14 14 12 7 7 3
 13 13 15 19 19 21 21 21 23 23 27 29 29 28 25 25 26 26 26 26 26 24 19 19 16 16 17 20 20 21 21 21 20 20 20 20 20 19 22 22 21 21 16 12 12 5
 13 13 15 19 19 21 21 21 23 23 27 29 29 28 25 25 26 26 26 26 26 24 19 19 16 16 17 20 20 21 21 21 20 20 20 20 20 19 22 22 21 21 16 12 12 5
 10 10 10 12 12 12 11 11 14 14 18 19 19 16 18 18 19 19 20 22 22 21 17 17 14 14 14 17 17 19 22 22 27 27 26 24 24 22 21 21 20 20 16 11 11 7
 12 12 14 16 16 14 13 13 17 17 17 13 13 13 14 14 17 17 19 20 20 18 12 12 13 13 15 15 15 19 20 20 22 22 22 19 19 18 20 20 20 20 14 10 10 6
 12 12 14 16 16 14 13 13 17 17 17 13 13 13 14 14 17 17 19 20 20 18 12 12 13 13 15 15 15 19 20 20 22 22 22 19 19 18 20 20 20 20 14 10 10 6
 13 13 14 14 14 13 12 12 15 15 17 16 16 12 14 14 18 18 22 24 24 22 18 18 17 17 15 14 14 15 18 18 20 20 20 21 21 23 27 27 25 25 19 9 9 5
 12 12 13 16 16 14 12 12 12 12 13 12 12 8 7 7 9 9 12 14 14 15 13 13 13 13 12 13 13 13 14 14 15 15 20 23 23 24 29 29 28 28 22 9 9 4
 12 12 13 16 16 14 12 12 12 12 13 12 12 8 7 7 9 9 12 14 14 15 13 13 13 13 12 13 13 13 14 14 15 15 20 23 23 24 29 29 28 28 22 9 9 4
 10 10 12 12 12 11 11 11 9 9 7 8 8 7 7 7 9 9 14 18 18 17 14 14 13 13 13 14 14 13 13 13 14 14 16 18 18 20 22 22 23 23 20 9 9 5
 10 10 12 12 12 11 11 11 9 9 7 8 8 7 7 7 9 9 14 18 18 17 14 14 13 13 13 14 14 13 13 13 14 14 16 18 18 20 22 22 23 23 20 9 9 5
 5 5 6 6 6 7 7 7 5 5 5 5 5 6 7 7 9 9 13 15 15 14 12 12 11 11 9 7 7 7 8 8 10 10 12 16 16 18 19 19 16 16 15 9 9 6
 3 3 4 5 5 5 6 6 6 6 5 4 4 4 5 5 7 7 9 11 11 10 9 9 8 8 7 6 6 5 5 5 6 6 7 9 9 13 13 13 12 12 11 8 8 5
 3 3 4 5 5 5 6 6 6 6 5 4 4 4 5 5 7 7 9 11 11 10 9 9 8 8 7 6 6 5 5 5 6 6 7 9 9 13 13 13 12 12 11 8 8 5
 2 2 3 3 3 4 4 4 4 4 4 3 3 3 3 3 4 4 6 8 8 7 5 5 5 5 5 5 5 4 5 5 5 5 6 7 7 9 10 10 8 8 7 6 6 5
 2 2 3 4 4 4 5 5 4 4 4 3 3 4 4 4 3 3 5 7 7 4 4 4 4 4 4 4 4 3 3 3 4 4 4 5 5 6 6 6 5 5 4 3 3 3
