assets/RAT_results/precipitation/2019-09-11_IMERG.asc
ncols        46
nrows        77
xllcorner    74.800261325624
yllcorner    8.058333333333
cellsize     0.062500000000
NODATA_value -9999
 5 5 9 3 3 7 5 5 1 1 2 3 3 3 2 2 2 2 2 2 2 1 0 0 1 1 2 1 1 1 1 1 2 2 2 3 3 2 2 2 2 2 3 2 2 2
 5 5 7 8 8 7 8 8 13 13 9 4 4 2 2 2 2 2 2 1 1 0 0 0 0 0 1 1 1 1 1 1 1 1 1 1 1 1 1 1 1 1 2 2 2 3
 5 5 7 8 8 7 8 8 13 13 9 4 4 2 2 2 2 2 2 1 1 0 0 0 0 0 1 1 1 1 1 1 1 1 1 1 1 1 1 1 1 1 2 2 2 3
 3 3 4 8 8 35 12 12 14 14 13 3 3 2 1 1 1 1 1 0 0 0 1 1 1 1 1 1 1 2 2 2 2 2 2 1 1 1 1 1 1 1 1 2 2 2
 2 2 3 7 7 16 10 10 7 7 7 8 8 7 8 8 5 5 3 2 2 2 2 2 10 10 1 1 1 3 5 5 4 4 4 3 3 2 1 1 1 1 1 2 2 3
 2 2 3 7 7 16 10 10 7 7 7 8 8 7 8 8 5 5 3 2 2 2 2 2 10 10 1 1 1 3 5 5 4 4 4 3 3 2 1 1 1 1 1 2 2 3
 5 5 2 4 4 5 4 4 5 5 7 7 7 7 9 9 5 5 3 3 3 2 3 3 8 8 1 1 1 2 3 3 3 3 6 2 2 2 1 1 2 2 3 3 3 7
 5 5 2 4 4 5 4 4 5 5 7 7 7 7 9 9 5 5 3 3 3 2 3 3 8 8 1 1 1 2 3 3 3 3 6 2 2 2 1 1 2 2 3 3 3 7
 6 6 5 4 4 5 3 3 9 9 8 4 4 4 2 2 3 3 3 2 2 2 3 3 1 1 1 2 2 3 3 3 4 4 6 5 5 3 3 3 3 3 5 7 7 9
 24 24 38 11 11 10 9 9 10 10 10 10 10 4 2 2 3 3 2 2 2 2 2 2 2 2 2 3 3 4 4 4 4 4 5 6 6 6 6 6 6 6 7 8 8 9
 24 24 38 11 11 10 9 9 10 10 10 10 10 4 2 2 3 3 2 2 2 2 2 2 2 2 2 3 3 4 4 4 4 4 5 6 6 6 6 6 6 6 7 8 8 9
 17 17 13 14 14 9 11 11 15 15 15 10 10 8 7 7 8 8 5 5 5 4 3 3 2 2 2 3 3 4 4 4 4 4 4 5 5 5 5 5 6 6 8 11 11 13
 5 5 10 13 13 15 15 15 13 13 13 8 8 9 8 8 8 8 9 5 5 4 3 3 2 2 2 3 3 4 5 5 4 4 5 5 5 7 11 11 14 14 14 16 16 25
 5 5 10 13 13 15 15 15 13 13 13 8 8 9 8 8 8 8 9 5 5 4 3 3 2 2 2 3 3 4 5 5 4 4 5 5 5 7 11 11 14 14 14 16 16 25
 9 9 8 15 15 21 30 30 29 29 16 16 16 16 11 11 7 7 5 2 2 2 3 3 3 3 3 4 4 5 5 5 6 6 7 8 8 10 13 13 17 17 23 27 27 29
 9 9 8 15 15 21 30 30 29 29 16 16 16 16 11 11 7 7 5 2 2 2 3 3 3 3 3 4 4 5 5 5 6 6 7 8 8 10 13 13 17 17 23 27 27 29
 9 9 10 13 13 16 32 32 36 36 29 23 23 22 8 8 4 4 6 3 3 3 3 3 4 4 5 5 5 6 7 7 7 7 9 11 11 14 16 16 20 20 24 32 32 45
 6 6 9 9 9 10 21 21 28 28 24 21 21 9 14 14 9 9 5 4 4 4 8 8 7 7 6 7 7 6 6 6 8 8 9 12 12 13 21 21 19 19 20 27 27 45
 6 6 9 9 9 10 21 21 28 28 24 21 21 9 14 14 9 9 5 4 4 4 8 8 7 7 6 7 7 6 6 6 8 8 9 12 12 13 21 21 19 19 20 27 27 45
 6 6 6 6 6 10 18 18 29 29 22 21 21 16 24 24 22 22 17 9 9 8 13 13 16 16 7 7 7 8 9 9 10 10 11 14 14 17 21 21 22 22 22 29 29 36
 5 5 4 4 4 5 11 11 24 24 18 17 17 20 36 36 21 21 15 18 18 14 11 11 10 10 13 13 13 13 14 14 14 14 16 19 19 21 22 22 24 24 21 25 25 31
 5 5 4 4 4 5 11 11 24 24 18 17 17 20 36 36 21 21 15 18 18 14 11 11 10 10 13 13 13 13 14 14 14 14 16 19 19 21 22 22 24 24 21 25 25 31
 4 4 4 5 5 4 7 7 8 8 10 12 12 14 24 24 22 22 15 12 12 13 14 14 11 11 13 22 22 15 18 18 21 21 24 26 26 25 27 27 30 30 26 24 24 24
 4 4 4 5 5 4 7 7 8 8 10 12 12 14 24 24 22 22 15 12 12 13 14 14 11 11 13 22 22 15 18 18 21 21 24 26 26 25 27 27 30 30 26 24 24 24
 4 4 4 6 6 6 7 7 9 9 14 10 10 21 21 21 17 17 12 11 11 10 10 10 10 10 18 15 15 17 18 18 18 18 17 24 24 26 30 30 33 33 29 24 24 24
 6 6 8 10 10 8 11 11 17 17 23 18 18 16 15 15 11 11 8 11 11 12 14 14 8 8 11 11 11 10 9 9 11 11 12 18 18 23 25 25 28 28 30 26 26 24
 6 6 8 10 10 8 11 11 17 17 23 18 18 16 15 15 11 11 8 11 11 12 14 14 8 8 11 11 11 10 9 9 11 11 12 18 18 23 25 25 28 28 30 26 26 24
 9 9 9 11 11 13 20 20 26 26 30 28 28 21 21 21 16 16 12 16 16 18 11 11 15 15 21 12 12 5 5 5 6 6 7 9 9 17 16 16 20 20 23 26 26 23
 14 14 14 13 13 19 22 22 23 23 27 29 29 22 21 21 16 16 8 13 13 12 8 8 14 14 16 9 9 5 5 5 4 4 5 8 8 7 10 10 12 12 13 15 15 16
 14 14 14 13 13 19 22 22 23 23 27 29 29 22 21 21 16 16 8 13 13 12 8 8 14 14 16 9 9 5 5 5 4 4 5 8 8 7 10 10 12 12 13 15 15 16
 12 12 13 14 14 17 19 19 19 19 26 25 25 27 29 29 24 24 15 9 9 8 5 5 6 6 14 10 10 10 11 11 13 13 6 5 5 9 12 12 15 15 17 15 15 14
 12 12 13 14 14 17 19 19 19 19 26 25 25 27 29 29 24 24 15 9 9 8 5 5 6 6 14 10 10 10 11 11 13 13 6 5 5 9 12 12 15 15 17 15 15 14
 11 11 14 14 14 12 14 14 16 16 15 15 15 17 26 26 29 29 22 20 20 14 10 10 11 11 9 10 10 12 15 15 14 14 10 9 9 11 14 14 17 17 19 16 16 14
 8 8 8 9 9 9 18 18 19 19 16 17 17 18 28 28 26 26 22 23 23 22 16 16 10 10 8 12 12 11 12 12 18 18 13 12 12 12 14 14 17 17 18 16 16 15
 8 8 8 9 9 9 18 18 19 19 16 17 17 18 28 28 26 26 22 23 23 22 16 16 10 10 8 12 12 11 12 12 18 18 13 12 12 12 14 14 17 17 18 16 16 15
 9 9 9 9 9 19 19 19 22 22 24 31 31 32 35 35 39 39 29 27 27 24 22 22 17 17 13 13 13 13 12 12 12 12 12 12 12 14 14 14 15 15 16 15 15 15
 11 11 11 14 14 25 24 24 29 29 29 39 39 41 40 40 34 34 34 31 31 29 23 23 19 19 16 17 17 19 13 13 12 12 11 10 10 11 13 13 14 14 15 14 14 13
 11 11 11 14 14 25 24 24 29 29 29 39 39 41 40 40 34 34 34 31 31 29 23 23 19 19 16 17 17 19 13 13 12 12 11 10 10 11 13 13 14 14 15 14 14 13
 12 12 13 15 15 23 28 28 30 30 39 41 41 39 35 35 32 32 34 32 32 30 25 25 19 19 20 21 21 21 13 13 11 11 12 12 12 9 10 10 10 10 10 13 13 12
 12 12 13 15 15 23 28 28 30 30 39 41 41 39 35 35 32 32 34 32 32 30 25 25 19 19 20 21 21 21 13 13 11 11 12 12 12 9 10 10 10 10 10 13 13 12
 14 14 16 18 18 24 32 32 32 32 43 42 42 37 35 35 42 42 42 35 35 32 26 26 25 25 31 32 32 24 18 18 16 16 13 13 13 11 12 12 11 11 15 18 18 17
 14 14 17 20 20 23 30 30 39 39 49 49 49 46 55 55 57 57 46 37 37 46 53 53 67 67 62 44 44 32 32 32 38 38 19 12 12 12 12 12 13 13 15 19 19 17
 14 14 17 20 20 23 30 30 39 39 49 49 49 46 55 55 57 57 46 37 37 46 53 53 67 67 62 44 44 32 32 32 38 38 19 12 12 12 12 12 13 13 15 19 19 17
 16 16 19 22 22 24 29 29 38 38 51 58 58 60 64 64 61 61 56 54 54 59 69 69 71 71 69 53 53 47 44 44 26 26 27 19 19 15 10 10 12 12 12 9 9 7
 23 23 28 31 31 33 36 36 40 40 46 52 52 49 57 57 61 61 59 59 59 59 64 64 66 66 67 63 63 44 38 38 26 26 20 16 16 14 6 6 5 5 5 5 5 6
 23 23 28 31 31 33 36 36 40 40 46 52 52 49 57 57 61 61 59 59 59 59 64 64 66 66 67 63 63 44 38 38 26 26 20 16 16 14 6 6 5 5 5 5 5 6
 20 20 26 28 28 30 36 36 40 40 46 51 51 53 62 62 73 73 74 55 55 51 54 54 55 55 54 45 45 29 26 26 21 21 16 11 11 9 7 7 6 6 8 9 9 7
 20 20 26 28 28 30 36 36 40 40 46 51 51 53 62 62 73 73 74 55 55 51 54 54 55 55 54 45 45 29 26 26 21 21 16 11 11 9 7 7 6 6 8 9 9 7
 19 19 23 24 24 29 33 33 36 36 35 34 34 40 46 46 53 53 66 54 54 43 42 42 44 44 41 37 37 50 25 25 27 27 15 16 16 10 7 7 7 7 7 12 12 10
 21 21 26 24 24 24 24 24 25 25 26 32 32 35 37 37 46 46 42 42 42 40 39 39 35 35 35 31 31 28 24 24 19 19 18 15 15 11 8 8 10 10 10 11 11 14
 21 21 26 24 24 24 24 24 25 25 26 32 32 35 37 37 46 46 42 42 42 40 39 39 35 35 35 31 31 28 24 24 19 19 18 15 15 11 8 8 10 10 10 11 11 14
 15 15 17 18 18 19 23 23 23 23 22 23 23 24 25 25 31 31 35 31 31 27 35 35 37 37 32 30 30 25 17 17 20 20 16 16 16 16 13 13 14 14 16 5 5 8
 13 13 16 16 16 17 21 21 26 26 20 17 17 19 21 21 28 28 31 26 26 25 24 24 29 29 25 22 22 15 17 17 14 14 12 8 8 12 5 5 10 10 14 15 15 16
 13 13 16 16 16 17 21 21 26 26 20 17 17 19 21 21 28 28 31 26 26 25 24 24 29 29 25 22 22 15 17 17 14 14 12 8 8 12 5 5 10 10 14 15 15 16
 12 12 14 16 16 17 18 18 20 20 17 15 15 15 15 15 15 15 17 15 15 15 17 17 23 23 24 16 16 12 13 13 13 13 11 6 6 8 3 3 5 5 8 7 7 8
 12 12 14 16 16 17 18 18 20 20 17 15 15 15 15 15 15 15 17 15 15 15 17 17 23 23 24 16 16 12 13 13 13 13 11 6 6 8 3 3 5 5 8 7 7 8
 13 13 14 18 18 19 22 22 28 28 22 18 18 17 16 16 14 14 13 14 14 16 17 17 18 18 20 17 17 16 13 13 9 9 7 5 5 5 4 4 3 3 7 5 5 5
 15 15 19 22 22 24 27 27 29 29 26 27 27 22 21 21 14 14 14 14 14 12 13 13 10 10 19 14 14 11 9 9 9 9 7 4 4 4 3 3 4 4 5 4 4 3
 15 15 19 22 22 24 27 27 29 29 26 27 27 22 21 21 14 14 14 14 14 12 13 13 10 10 19 14 14 11 9 9 9 9 7 4 4 4 3 3 4 4 5 4 4 3
 19 19 23 27 27 30 33 33 33 33 31 28 28 23 21 21 13 13 12 10 10 9 9 9 9 9 11 9 9 8 7 7 7 7 8 4 4 4 3 3 2 2 2 2 2 3
 16 16 20 23 23 26 29 29 36 36 31 26 26 21 19 19 18 18 13 13 13 8 6 6 9 9 8 6 6 7 6 6 7 7 5 2 2 1 1 1 1 1 1 1 1 3
 16 16 20 23 23 26 29 29 36 36 31 26 26 21 19 19 18 18 13 13 13 8 6 6 9 9 8 6 6 7 6 6 7 7 5 2 2 1 1 1 1 1 1 1 1 3
 13 13 13 14 14 16 19 19 25 25 26 26 26 25 27 27 24 24 18 15 15 13 11 11 8 8 6 6 6 8 8 8 8 8 2 2 2 1 1 1 1 1 0 1 1 1
 13 13 13 14 14 16 19 19 25 25 26 26 26 25 27 27 24 24 18 15 15 13 11 11 8 8 6 6 6 8 8 8 8 8 2 2 2 1 1 1 1 1 0 1 1 1
 13 13 13 17 17 19 20 20 22 22 25 29 29 31 30 30 27 27 21 18 18 15 14 14 12 12 7 6 6 8 11 11 12 12 9 3 3 1 1 1 1 1 1 1 1 0
 11 11 11 14 14 15 15 15 15 15 17 16 16 19 17 17 18 18 16 13 13 12 11 11 12 12 11 11 11 9 6 6 6 6 8 6 6 1 1 1 1 1 1 1 1 1
 11 11 11 14 14 15 15 15 15 15 17 16 16 19 17 17 18 18 16 13 13 12 11 11 12 12 11 11 11 9 6 6 6 6 8 6 6 1 1 1 1 1 1 1 1 1
 6 6 7 8 8 8 9 9 10 10 12 11 11 13 13 13 13 13 13 12 12 12 11 11 11 11 12 9 9 5 7 7 3 3 3 2 2 2 2 2 2 2 1 3 3 1
 4 4 5 6 6 5 6 6 7 7 8 10 10 11 12 12 12 12 12 11 11 9 8 8 5 5 4 4 4 4 3 3 4 4 4 4 4 4 4 4 3 3 2 2 2 1
 4 4 5 6 6 5 6 6 7 7 8 10 10 11 12 12 12 12 12 11 11 9 8 8 5 5 4 4 4 4 3 3 4 4 4 4 4 4 4 4 3 3 2 2 2 1
 4 4 5 5 5 5 5 5 6 6 7 9 9 9 11 11 11 11 12 10 10 9 7 7 6 6 4 4 4 6 5 5 3 3 4 2 2 2 2 2 3 3 2 3 3 3
 4 4 5 5 5 5 5 5 6 6 7 9 9 9 11 11 11 11 12 10 10 9 7 7 6 6 4 4 4 6 5 5 3 3 4 2 2 2 2 2 3 3 2 3 3 3
 3 3 3 3 3 4 5 5 6 6 7 10 10 10 11 11 12 12 11 11 11 10 8 8 7 7 5 3 3 2 1 1 1 1 1 2 2 2 1 1 1 1 1 3 3 1
 2 2 3 3 3 5 6 6 7 7 8 10 10 12 14 14 16 16 17 18 18 16 13 13 11 11 8 5 5 4 2 2 1 1 3 3 3 2 2 2 1 1 1 1 1 1
 2 2 3 3 3 5 6 6 7 7 8 10 10 12 14 14 16 16 17 18 18 16 13 13 11 11 8 5 5 4 2 2 1 1 3 3 3 2 2 2 1 1 1 1 1 1
 2 2 2 3 3 4 5 5 8 8 8 10 10 13 16 16 17 17 19 23 23 22 16 16 11 11 10 8 8 6 5 5 3 3 2 5 5 3 2 2 2 2 2 2 2 2
 2 2 3 4 4 5 8 8 11 11 11 13 13 17 20 20 21 21 21 22 22 23 20 20 16 16 13 10 10 7 10 10 6 6 3 2 2 4 4 4 3 3 4 1 1 1
