assets/RAT_results/precipitation/2019-10-28_IMERG.asc
ncols        46
nrows        77
xllcorner    74.800261325624
yllcorner    8.058333333333
cellsize     0.062500000000
NODATA_value -9999
 1 1 2 2 2 1 1 1 4 4 26 14 14 0 0 0 0 0 1 1 1 1 0 0 1 1 1 1 1 1 2 2 1 1 1 0 0 0 1 1 1 1 1 1 1 1
 1 1 2 1 1 1 1 1 6 6 7 14 14 0 0 0 0 0 0 0 0 0 0 0 1 1 1 1 1 1 2 2 2 2 0 0 0 0 0 0 0 0 0 1 1 1
 1 1 2 1 1 1 1 1 6 6 7 14 14 0 0 0 0 0 0 0 0 0 0 0 1 1 1 1 1 1 2 2 2 2 0 0 0 0 0 0 0 0 0 1 1 1
 4 4 3 1 1 0 0 0 1 1 4 3 3 0 0 0 1 1 0 0 0 0 0 0 0 0 0 1 1 1 2 2 0 0 0 0 0 0 0 0 0 0 0 0 0 1
 3 3 1 0 0 1 0 0 0 0 0 0 0 0 0 0 0 0 0 0 0 1 1 1 1 1 0 0 0 0 0 0 0 0 0 0 0 0 1 1 1 1 0 0 0 0
 3 3 1 0 0 1 0 0 0 0 0 0 0 0 0 0 0 0 0 0 0 1 1 1 1 1 0 0 0 0 0 0 0 0 0 0 0 0 1 1 1 1 0 0 0 0
 2 2 2 1 1 1 0 0 0 0 0 1 1 1 1 1 0 0 0 0 0 0 1 1 0 0 0 0 0 0 0 0 0 0 0 0 0 0 1 1 1 1 0 0 0 0
 2 2 2 1 1 1 0 0 0 0 0 1 1 1 1 1 0 0 0 0 0 0 1 1 0 0 0 0 0 0 0 0 0 0 0 0 0 0 1 1 1 1 0 0 0 0
 2 2 2 0 0 1 0 0 0 0 0 0 0 1 1 1 1 1 0 0 0 1 1 1 1 1 0 0 0 0 0 0 0 0 0 0 0 0 0 0 0 0 1 1 1 0
 2 2 2 2 2 1 1 1 0 0 0 0 0 0 0 0 0 0 0 0 0 0 1 1 1 1 0 0 0 0 0 0 0 0 0 0 0 0 0 0 0 0 0 1 1 0
 2 2 2 2 2 1 1 1 0 0 0 0 0 0 0 0 0 0 0 0 0 0 1 1 1 1 0 0 0 0 0 0 0 0 0 0 0 0 0 0 0 0 0 1 1 0
 2 2 2 2 2 1 1 1 0 0 0 1 1 1 0 0 0 0 0 0 0 0 0 0 0 0 0 0 0 0 0 0 0 0 0 0 0 0 0 0 0 0 0 0 0 0
 2 2 1 1 1 3 3 3 2 2 1 0 0 0 0 0 0 0 0 0 0 0 0 0 0 0 0 1 1 0 1 1 0 0 0 0 0 0 1 1 0 0 0 0 0 0
 2 2 1 1 1 3 3 3 2 2 1 0 0 0 0 0 0 0 0 0 0 0 0 0 0 0 0 1 1 0 1 1 0 0 0 0 0 0 1 1 0 0 0 0 0 0
 3 3 2 1 1 1 3 3 5 5 12 1 1 4 6 6 2 2 0 0 0 0 0 0 0 0 0 1 1 1 1 1 0 0 0 0 0 1 1 1 1 1 1 0 0 0
 3 3 2 1 1 1 3 3 5 5 12 1 1 4 6 6 2 2 0 0 0 0 0 0 0 0 0 1 1 1 1 1 0 0 0 0 0 1 1 1 1 1 1 0 0 0
 2 2 3 2 2 1 1 1 5 5 8 3 3 5 8 8 7 7 0 0 0 0 0 0 0 0 0 1 1 1 1 1 1 1 0 0 0 1 1 1 1 1 1 1 1 0
 2 2 3 2 2 2 2 2 2 2 2 1 1 5 3 3 2 2 1 0 0 0 0 0 0 0 0 1 1 1 1 1 1 1 1 0 0 0 0 0 0 0 1 1 1 0
 2 2 3 2 2 2 2 2 2 2 2 1 1 5 3 3 2 2 1 0 0 0 0 0 0 0 0 1 1 1 1 1 1 1 1 0 0 0 0 0 0 0 1 1 1 0
 1 1 2 1 1 2 1 1 4 4 4 3 3 4 1 1 3 3 3 1 1 2 3 3 0 0 0 1 1 1 2 2 2 2 1 0 0 0 0 0 0 0 0 0 0 0
 1 1 1 1 1 1 1 1 4 4 3 2 2 2 2 2 1 1 1 0 0 2 0 0 0 0 0 1 1 3 2 2 1 1 1 0 0 0 0 0 0 0 0 0 0 0
 1 1 1 1 1 1 1 1 4 4 3 2 2 2 2 2 1 1 1 0 0 2 0 0 0 0 0 1 1 3 2 2 1 1 1 0 0 0 0 0 0 0 0 0 0 0
 1 1 1 1 1 1 1 1 2 2 2 2 2 2 1 1 1 1 0 0 0 0 0 0 0 0 0 2 2 3 1 1 1 1 0 0 0 0 0 0 0 0 0 0 0 0
 1 1 1 1 1 1 1 1 2 2 2 2 2 2 1 1 1 1 0 0 0 0 0 0 0 0 0 2 2 3 1 1 1 1 0 0 0 0 0 0 0 0 0 0 0 0
 1 1 1 1 1 1 1 1 1 1 1 1 1 1 2 2 2 2 0 0 0 0 3 3 5 5 0 2 2 2 1 1 0 0 0 0 0 0 0 0 0 0 0 0 0 0
 1 1 2 2 2 2 1 1 1 1 0 1 1 1 3 3 2 2 1 0 0 0 1 1 1 1 0 1 1 3 1 1 0 0 0 0 0 0 0 0 0 0 0 0 0 0
 1 1 2 2 2 2 1 1 1 1 0 1 1 1 3 3 2 2 1 0 0 0 1 1 1 1 0 1 1 3 1 1 0 0 0 0 0 0 0 0 0 0 0 0 0 0
 1 1 2 2 2 2 2 2 2 2 1 1 1 0 1 1 2 2 1 0 0 1 1 1 1 1 1 1 1 2 0 0 0 0 0 0 0 0 0 0 0 0 0 0 0 0
 1 1 2 2 2 3 2 2 2 2 1 2 2 2 1 1 4 4 1 0 0 0 0 0 0 0 1 1 1 1 0 0 0 0 0 0 0 0 0 0 0 0 0 1 1 1
 1 1 2 2 2 3 2 2 2 2 1 2 2 2 1 1 4 4 1 0 0 0 0 0 0 0 1 1 1 1 0 0 0 0 0 0 0 0 0 0 0 0 0 1 1 1
 2 2 2 2 2 3 3 3 3 3 2 1 1 1 2 2 2 2 1 0 0 1 0 0 0 0 0 2 2 2 2 2 0 0 0 0 0 0 0 0 1 1 1 1 1 1
 2 2 2 2 2 3 3 3 3 3 2 1 1 1 2 2 2 2 1 0 0 1 0 0 0 0 0 2 2 2 2 2 0 0 0 0 0 0 0 0 1 1 1 1 1 1
 2 2 2 2 2 3 3 3 2 2 2 0 0 1 1 1 2 2 1 1 1 1 0 0 0 0 0 0 0 2 1 1 0 0 0 0 0 0 0 0 1 1 1 1 1 2
 1 1 1 1 1 3 3 3 2 2 1 1 1 1 1 1 2 2 1 2 2 1 0 0 0 0 0 1 1 2 2 2 1 1 0 0 0 0 0 0 1 1 1 1 1 2
 1 1 1 1 1 3 3 3 2 2 1 1 1 1 1 1 2 2 1 2 2 1 0 0 0 0 0 1 1 2 2 2 1 1 0 0 0 0 0 0 1 1 1 1 1 2
 1 1 2 2 2 2 2 2 1 1 0 1 1 1 1 1 1 1 1 1 1 1 1 1 0 0 0 0 0 1 2 2 1 1 0 1 1 3 2 2 1 1 0 1 1 1
 1 1 1 3 3 3 2 2 2 2 1 1 1 1 1 1 1 1 0 0 0 1 1 1 0 0 0 0 0 0 3 3 4 4 3 2 2 5 3 3 4 4 2 2 2 2
 1 1 1 3 3 3 2 2 2 2 1 1 1 1 1 1 1 1 0 0 0 1 1 1 0 0 0 0 0 0 3 3 4 4 3 2 2 5 3 3 4 4 2 2 2 2
 1 1 1 3 3 3 2 2 2 2 2 0 0 1 1 1 2 2 2 3 3 2 1 1 0 0 0 0 0 1 3 3 3 3 6 8 8 5 4 4 4 4 2 2 2 3
 1 1 1 3 3 3 2 2 2 2 2 0 0 1 1 1 2 2 2 3 3 2 1 1 0 0 0 0 0 1 3 3 3 3 6 8 8 5 4 4 4 4 2 2 2 3
 1 1 1 3 3 3 2 2 2 2 0 0 0 1 1 1 1 1 2 3 3 1 1 1 0 0 0 0 0 0 1 1 4 4 8 11 11 9 6 6 4 4 3 3 3 3
 2 2 3 3 3 3 2 2 2 2 0 0 0 2 1 1 1 1 2 1 1 3 2 2 1 1 0 0 0 0 1 1 5 5 8 9 9 10 7 7 4 4 3 2 2 2
 2 2 3 3 3 3 2 2 2 2 0 0 0 2 1 1 1 1 2 1 1 3 2 2 1 1 0 0 0 0 1 1 5 5 8 9 9 10 7 7 4 4 3 2 2 2
 2 2 2 3 3 3 2 2 2 2 0 0 0 1 2 2 2 2 2 1 1 2 2 2 2 2 1 1 1 1 3 3 2 2 6 7 7 9 5 5 3 3 3 1 1 1
 1 1 2 3 3 2 1 1 1 1 1 1 1 2 2 2 2 2 2 2 2 2 4 4 2 2 1 2 2 3 2 2 3 3 7 9 9 7 5 5 2 2 1 1 1 2
 1 1 2 3 3 2 1 1 1 1 1 1 1 2 2 2 2 2 2 2 2 2 4 4 2 2 1 2 2 3 2 2 3 3 7 9 9 7 5 5 2 2 1 1 1 2
 1 1 1 1 1 1 1 1 1 1 1 1 1 0 1 1 1 1 1 3 3 3 3 3 2 2 2 1 1 1 3 3 6 6 6 8 8 8 3 3 1 1 1 1 1 2
 1 1 1 1 1 1 1 1 1 1 1 1 1 0 1 1 1 1 1 3 3 3 3 3 2 2 2 1 1 1 3 3 6 6 6 8 8 8 3 3 1 1 1 1 1 2
 1 1 1 1 1 1 2 2 2 2 1 1 1 1 1 1 1 1 1 3 3 3 3 3 2 2 2 1 1 2 4 4 8 8 9 11 11 7 2 2 1 1 0 2 2 1
 1 1 1 1 1 2 1 1 2 2 4 4 4 4 2 2 1 1 1 4 4 3 3 3 4 4 4 2 2 2 3 3 8 8 9 12 12 11 5 5 1 1 2 3 3 4
 1 1 1 1 1 2 1 1 2 2 4 4 4 4 2 2 1 1 1 4 4 3 3 3 4 4 4 2 2 2 3 3 8 8 9 12 12 11 5 5 1 1 2 3 3 4
 2 2 2 3 3 3 3 3 4 4 6 4 4 3 3 3 1 1 1 1 1 2 6 6 7 7 5 2 2 2 2 2 7 7 11 12 12 13 8 8 3 3 3 2 2 1
 3 3 3 4 4 3 4 4 5 5 6 5 5 5 1 1 1 1 0 1 1 1 8 8 10 10 7 4 4 3 5 5 8 8 15 14 14 15 9 9 8 8 2 2 2 2
 3 3 3 4 4 3 4 4 5 5 6 5 5 5 1 1 1 1 0 1 1 1 8 8 10 10 7 4 4 3 5 5 8 8 15 14 14 15 9 9 8 8 2 2 2 2
 6 6 5 6 6 5 10 10 9 9 10 9 9 12 7 7 8 8 8 1 1 3 6 6 7 7 5 5 5 4 7 7 10 10 14 15 15 14 9 9 7 7 6 4 4 3
 6 6 5 6 6 5 10 10 9 9 10 9 9 12 7 7 8 8 8 1 1 3 6 6 7 7 5 5 5 4 7 7 10 10 14 15 15 14 9 9 7 7 6 4 4 3
 10 10 8 10 10 9 16 16 12 12 10 14 14 13 8 8 8 8 10 4 4 3 6 6 8 8 7 6 6 6 3 3 9 9 11 14 14 13 8 8 7 7 5 5 5 3
 10 10 12 13 13 15 21 21 24 24 14 13 13 8 7 7 16 16 23 21 21 20 18 18 8 8 10 10 10 3 7 7 8 8 12 12 12 17 10 10 9 9 8 6 6 7
 10 10 12 13 13 15 21 21 24 24 14 13 13 8 7 7 16 16 23 21 21 20 18 18 8 8 10 10 10 3 7 7 8 8 12 12 12 17 10 10 9 9 8 6 6 7
 12 12 15 17 17 24 27 27 23 23 13 11 11 14 7 7 25 25 30 20 20 20 20 20 16 16 14 13 13 9 11 11 15 15 12 15 15 13 11 11 10 10 9 8 8 7
 13 13 22 25 25 26 19 19 25 25 20 10 10 13 21 21 21 21 27 28 28 26 8 8 18 18 16 17 17 15 15 15 18 18 18 26 26 14 8 8 7 7 8 9 9 6
 13 13 22 25 25 26 19 19 25 25 20 10 10 13 21 21 21 21 27 28 28 26 8 8 18 18 16 17 17 15 15 15 18 18 18 26 26 14 8 8 7 7 8 9 9 6
 15 15 22 20 20 19 28 28 9 9 13 24 24 18 21 21 20 20 36 27 27 31 3 3 12 12 13 19 19 18 19 19 16 16 26 26 26 26 15 15 8 8 8 8 8 6
 15 15 22 20 20 19 28 28 9 9 13 24 24 18 21 21 20 20 36 27 27 31 3 3 12 12 13 19 19 18 19 19 16 16 26 26 26 26 15 15 8 8 8 8 8 6
 15 15 26 25 25 20 18 18 9 9 9 8 8 1 25 25 21 21 39 31 31 36 6 6 13 13 10 14 14 17 21 21 22 22 25 27 27 33 16 16 10 10 7 8 8 8
 27 27 26 25 25 26 20 20 8 8 5 1 1 1 25 25 37 37 42 38 38 41 10 10 13 13 11 11 11 18 20 20 17 17 25 26 26 26 18 18 15 15 7 9 9 5
 27 27 26 25 25 26 20 20 8 8 5 1 1 1 25 25 37 37 42 38 38 41 10 10 13 13 11 11 11 18 20 20 17 17 25 26 26 26 18 18 15 15 7 9 9 5
 27 27 27 31 31 32 24 24 7 7 6 2 2 11 11 11 20 20 20 35 35 38 16 16 22 22 10 13 13 16 18 18 16 16 24 23 23 23 15 15 15 15 14 11 11 9
 35 35 28 55 55 37 34 34 10 10 9 7 7 9 12 12 21 21 21 13 13 19 19 19 7 7 4 6 6 10 14 14 17 17 16 19 19 16 11 11 16 16 16 17 17 10
 35 35 28 55 55 37 34 34 10 10 9 7 7 9 12 12 21 21 21 13 13 19 19 19 7 7 4 6 6 10 14 14 17 17 16 19 19 16 11 11 16 16 16 17 17 10
 50 50 46 52 52 34 5 5 8 8 8 7 7 9 8 8 4 4 2 6 6 19 9 9 3 3 2 2 2 5 12 12 10 10 13 16 16 15 11 11 11 11 15 14 14 12
 50 50 46 52 52 34 5 5 8 8 8 7 7 9 8 8 4 4 2 6 6 19 9 9 3 3 2 2 2 5 12 12 10 10 13 16 16 15 11 11 11 11 15 14 14 12
 50 50 48 40 40 34 12 12 11 11 9 9 9 11 5 5 5 5 4 12 12 17 2 2 3 3 4 5 5 5 5 5 7 7 14 17 17 14 15 15 11 11 10 10 10 7
 82 82 56 62 62 49 18 18 17 17 17 8 8 10 6 6 5 5 5 16 16 6 3 3 3 3 4 5 5 6 4 4 7 7 15 17 17 18 16 16 14 14 14 15 15 11
 82 82 56 62 62 49 18 18 17 17 17 8 8 10 6 6 5 5 5 16 16 6 3 3 3 3 4 5 5 6 4 4 7 7 15 17 17 18 16 16 14 14 14 15 15 11
 61 61 62 43 43 39 17 17 16 16 17 24 24 21 10 10 7 7 9 14 14 3 3 3 3 3 1 3 3 4 5 5 6 6 12 14 14 15 17 17 16 16 16 17 17 16
 50 50 61 42 42 24 38 38 50 50 35 45 45 35 19 19 9 9 14 9 9 3 3 3 4 4 2 3 3 4 5 5 6 6 9 11 11 15 15 15 17 17 17 19 19 12
