assets/RAT_results/precipitation/2019-07-21_IMERG.asc
ncols        46
nrows        77
xllcorner    74.800261325624
yllcorner    8.058333333333
cellsize     0.062500000000
NODATA_value -9999
 29 29 30 24 24 14 17 17 16 16 8 3 3 2 1 1 1 1 1 0 0 0 0 0 0 0 0 0 0 0 0 0 0 0 0 0 0 0 0 0 0 0 0 0 0 0
 41 41 30 37 37 19 20 20 15 15 6 5 5 4 2 2 0 0 0 0 0 0 0 0 0 0 0 0 0 0 0 0 0 0 0 0 0 0 0 0 0 0 0 0 0 0
 41 41 30 37 37 19 20 20 15 15 6 5 5 4 2 2 0 0 0 0 0 0 0 0 0 0 0 0 0 0 0 0 0 0 0 0 0 0 0 0 0 0 0 0 0 0
 50 50 47 38 38 20 23 23 15 15 10 10 10 5 3 3 1 1 0 0 0 0 0 0 0 0 0 0 0 0 0 0 0 0 0 0 0 0 0 0 0 0 0 0 0 0
 49 49 52 46 46 32 28 28 12 12 12 12 12 6 5 5 2 2 1 0 0 0 0 0 0 0 0 0 0 0 0 0 0 0 0 0 0 0 0 0 0 0 0 0 0 0
 49 49 52 46 46 32 28 28 12 12 12 12 12 6 5 5 2 2 1 0 0 0 0 0 0 0 0 0 0 0 0 0 0 0 0 0 0 0 0 0 0 0 0 0 0 0
 76 76 80 61 61 31 24 24 15 15 21 22 22 6 3 3 2 2 1 0 0 0 0 0 0 0 0 0 0 0 0 0 0 0 0 0 0 0 0 0 0 0 0 0 0 0
 76 76 80 61 61 31 24 24 15 15 21 22 22 6 3 3 2 2 1 0 0 0 0 0 0 0 0 0 0 0 0 0 0 0 0 0 0 0 0 0 0 0 0 0 0 0
 82 82 81 76 76 53 50 50 30 30 30 18 18 9 6 6 2 2 2 0 0 0 0 0 0 0 0 0 0 0 0 0 0 0 0 0 0 0 0 0 0 0 0 0 0 0
 106 106 90 84 84 64 51 51 37 37 27 23 23 13 5 5 3 3 2 1 1 0 0 0 0 0 0 1 1 0 0 0 0 0 0 1 1 0 0 0 0 0 0 0 0 0
 106 106 90 84 84 64 51 51 37 37 27 23 23 13 5 5 3 3 2 1 1 0 0 0 0 0 0 1 1 0 0 0 0 0 0 1 1 0 0 0 0 0 0 0 0 0
 76 76 87 95 95 81 55 55 39 39 28 24 24 23 13 13 10 10 4 3 3 0 0 0 1 1 0 0 0 0 1 1 1 1 1 1 1 1 0 0 0 0 0 0 0 0
 81 81 62 70 70 58 47 47 37 37 36 28 28 25 22 22 21 21 6 5 5 2 0 0 1 1 1 0 0 0 0 0 0 0 0 0 0 1 0 0 0 0 0 0 0 0
 81 81 62 70 70 58 47 47 37 37 36 28 28 25 22 22 21 21 6 5 5 2 0 0 1 1 1 0 0 0 0 0 0 0 0 0 0 1 0 0 0 0 0 0 0 0
 43 43 55 60 60 60 47 47 37 37 33 30 30 31 25 25 20 20 8 5 5 3 1 1 1 1 1 0 0 0 0 0 0 0 0 0 0 1 1 1 1 1 0 0 0 0
 43 43 55 60 60 60 47 47 37 37 33 30 30 31 25 25 20 20 8 5 5 3 1 1 1 1 1 0 0 0 0 0 0 0 0 0 0 1 1 1 1 1 0 0 0 0
 27 27 37 43 43 54 47 47 33 33 32 34 34 30 24 24 20 20 13 5 5 3 3 3 2 2 2 1 1 1 0 0 1 1 1 0 0 1 1 1 1 1 1 0 0 0
 29 29 32 34 34 43 26 26 28 28 28 37 37 32 33 33 21 21 13 7 7 7 4 4 3 3 3 2 2 1 0 0 0 0 0 0 0 1 1 1 1 1 1 0 0 0
 29 29 32 34 34 43 26 26 28 28 28 37 37 32 33 33 21 21 13 7 7 7 4 4 3 3 3 2 2 1 0 0 0 0 0 0 0 1 1 1 1 1 1 0 0 0
 42 42 38 31 31 35 38 38 28 28 29 47 47 48 46 46 23 23 18 13 13 15 6 6 4 4 7 3 3 1 2 2 0 0 0 0 0 0 1 1 0 0 0 0 0 0
 52 52 42 36 36 36 31 31 25 25 44 46 46 44 58 58 41 41 41 18 18 14 8 8 8 8 10 5 5 7 4 4 1 1 0 0 0 0 0 0 0 0 0 0 0 0
 52 52 42 36 36 36 31 31 25 25 44 46 46 44 58 58 41 41 41 18 18 14 8 8 8 8 10 5 5 7 4 4 1 1 0 0 0 0 0 0 0 0 0 0 0 0
 47 47 48 35 35 31 26 26 34 34 49 54 54 57 61 61 43 43 31 30 30 26 9 9 9 9 7 10 10 6 2 2 0 0 0 0 0 0 0 0 0 0 0 0 0 0
 47 47 48 35 35 31 26 26 34 34 49 54 54 57 61 61 43 43 31 30 30 26 9 9 9 9 7 10 10 6 2 2 0 0 0 0 0 0 0 0 0 0 0 0 0 0
 48 48 43 33 33 27 24 24 35 35 51 61 61 50 49 49 37 37 34 25 25 27 25 25 11 11 7 6 6 4 0 0 0 0 0 0 0 0 0 0 0 0 0 0 0 0
 52 52 47 49 49 34 33 33 47 47 48 52 52 60 50 50 42 42 28 26 26 37 34 34 8 8 7 6 6 2 0 0 1 1 1 0 0 0 0 0 0 0 0 0 0 0
 52 52 47 49 49 34 33 33 47 47 48 52 52 60 50 50 42 42 28 26 26 37 34 34 8 8 7 6 6 2 0 0 1 1 1 0 0 0 0 0 0 0 0 0 0 0
 50 50 51 52 52 51 33 33 27 27 45 38 38 42 38 38 39 39 43 37 37 37 31 31 7 7 6 2 2 0 0 0 0 0 0 0 0 0 0 0 0 0 0 0 0 0
 45 45 46 49 49 47 30 30 29 29 33 47 47 39 44 44 41 41 41 43 43 49 45 45 19 19 4 2 2 0 1 1 1 1 2 0 0 0 0 0 0 0 0 0 0 0
 45 45 46 49 49 47 30 30 29 29 33 47 47 39 44 44 41 41 41 43 43 49 45 45 19 19 4 2 2 0 1 1 1 1 2 0 0 0 0 0 0 0 0 0 0 0
 39 39 40 44 44 48 43 43 32 32 42 53 53 52 41 41 38 38 48 37 37 40 29 29 20 20 10 5 5 7 7 7 4 4 5 1 1 0 0 0 0 0 0 0 0 0
 39 39 40 44 44 48 43 43 32 32 42 53 53 52 41 41 38 38 48 37 37 40 29 29 20 20 10 5 5 7 7 7 4 4 5 1 1 0 0 0 0 0 0 0 0 0
 41 41 41 44 44 47 50 50 46 46 43 50 50 38 37 37 32 32 33 23 23 22 34 34 30 30 16 13 13 11 8 8 7 7 6 3 3 3 2 2 0 0 0 0 0 0
 42 42 40 40 40 47 49 49 44 44 45 43 43 36 34 34 18 18 26 26 26 28 31 31 18 18 14 27 27 6 5 5 4 4 5 5 5 2 0 0 0 0 0 0 0 0
 42 42 40 40 40 47 49 49 44 44 45 43 43 36 34 34 18 18 26 26 26 28 31 31 18 18 14 27 27 6 5 5 4 4 5 5 5 2 0 0 0 0 0 0 0 0
 36 36 35 41 41 44 45 45 44 44 43 36 36 26 17 17 19 19 23 27 27 31 36 36 31 31 24 25 25 4 4 4 4 4 4 2 2 1 0 0 0 0 0 0 0 0
 35 35 33 38 38 43 44 44 46 46 36 31 31 25 22 22 20 20 19 36 36 39 30 30 35 35 33 43 43 11 11 11 4 4 4 2 2 2 0 0 0 0 0 0 0 0
 35 35 33 38 38 43 44 44 46 46 36 31 31 25 22 22 20 20 19 36 36 39 30 30 35 35 33 43 43 11 11 11 4 4 4 2 2 2 0 0 0 0 0 0 0 0
 33 33 33 36 36 38 38 38 39 39 36 33 33 28 24 24 25 25 19 27 27 25 27 27 34 34 35 41 41 14 9 9 6 6 4 4 4 3 1 1 0 0 0 0 0 0
 33 33 33 36 36 38 38 38 39 39 36 33 33 28 24 24 25 25 19 27 27 25 27 27 34 34 35 41 41 14 9 9 6 6 4 4 4 3 1 1 0 0 0 0 0 0
 29 29 29 34 34 38 40 40 37 37 33 29 29 24 26 26 24 24 60 44 44 44 43 43 28 28 27 20 20 17 10 10 11 11 5 5 5 4 2 2 2 2 0 1 1 1
 32 32 33 34 34 35 35 35 37 37 44 41 41 28 29 29 39 39 27 40 40 46 46 46 44 44 35 24 24 22 11 11 10 10 6 6 6 3 1 1 0 0 0 1 1 1
 32 32 33 34 34 35 35 35 37 37 44 41 41 28 29 29 39 39 27 40 40 46 46 46 44 44 35 24 24 22 11 11 10 10 6 6 6 3 1 1 0 0 0 1 1 1
 29 29 32 34 34 35 38 38 39 39 42 54 54 39 32 32 44 44 41 50 50 42 54 54 41 41 46 44 44 32 20 20 10 10 9 6 6 4 1 1 0 0 0 0 0 1
 28 28 31 33 33 37 40 40 43 43 52 60 60 63 51 51 52 52 47 57 57 57 49 49 43 43 39 44 44 43 29 29 15 15 12 5 5 4 1 1 1 1 1 0 0 1
 28 28 31 33 33 37 40 40 43 43 52 60 60 63 51 51 52 52 47 57 57 57 49 49 43 43 39 44 44 43 29 29 15 15 12 5 5 4 1 1 1 1 1 0 0 1
 23 23 26 30 30 35 38 38 44 44 50 58 58 88 106 106 57 57 49 60 60 66 64 64 45 45 41 55 55 57 46 46 16 16 11 5 5 5 4 4 7 7 6 4 4 4
 23 23 26 30 30 35 38 38 44 44 50 58 58 88 106 106 57 57 49 60 60 66 64 64 45 45 41 55 55 57 46 46 16 16 11 5 5 5 4 4 7 7 6 4 4 4
 21 21 24 26 26 30 35 35 39 39 43 52 52 67 81 81 77 77 51 56 56 62 71 71 50 50 45 52 52 48 42 42 17 17 16 10 10 6 4 4 7 7 5 4 4 4
 18 18 21 24 24 27 31 31 32 32 36 39 39 50 56 56 46 46 54 51 51 49 60 60 48 48 49 52 52 52 47 47 21 21 13 8 8 6 5 5 6 6 5 3 3 2
 18 18 21 24 24 27 31 31 32 32 36 39 39 50 56 56 46 46 54 51 51 49 60 60 48 48 49 52 52 52 47 47 21 21 13 8 8 6 5 5 6 6 5 3 3 2
 16 16 18 22 22 25 31 31 34 34 37 40 40 45 52 52 44 44 43 41 41 60 65 65 54 54 50 45 45 42 38 38 21 21 17 19 19 16 6 6 7 7 4 3 3 1
 15 15 18 22 22 26 33 33 37 37 39 40 40 44 58 58 59 59 63 65 65 56 54 54 50 50 45 35 35 31 26 26 22 22 19 13 13 9 5 5 7 7 3 2 2 0
 15 15 18 22 22 26 33 33 37 37 39 40 40 44 58 58 59 59 63 65 65 56 54 54 50 50 45 35 35 31 26 26 22 22 19 13 13 9 5 5 7 7 3 2 2 0
 17 17 17 19 19 21 30 30 30 30 32 36 36 41 57 57 63 63 58 69 69 61 59 59 49 49 48 37 37 36 37 37 37 37 17 11 11 9 5 5 5 5 4 0 0 0
 17 17 17 19 19 21 30 30 30 30 32 36 36 41 57 57 63 63 58 69 69 61 59 59 49 49 48 37 37 36 37 37 37 37 17 11 11 9 5 5 5 5 4 0 0 0
 13 13 15 15 15 16 17 17 20 20 23 29 29 34 52 52 54 54 59 62 62 46 59 59 53 53 52 52 52 45 46 46 41 41 22 13 13 10 5 5 4 4 3 0 0 1
 12 12 12 12 12 13 14 14 16 16 20 23 23 29 42 42 37 37 45 48 48 50 48 48 64 64 52 58 58 53 50 50 45 45 23 15 15 15 11 11 6 6 5 2 2 0
 12 12 12 12 12 13 14 14 16 16 20 23 23 29 42 42 37 37 45 48 48 50 48 48 64 64 52 58 58 53 50 50 45 45 23 15 15 15 11 11 6 6 5 2 2 0
 11 11 11 11 11 11 12 12 14 14 17 21 21 24 31 31 36 36 43 46 46 40 43 43 40 40 39 42 42 42 43 43 38 38 46 22 22 18 13 13 7 7 5 1 1 0
 10 10 10 10 10 10 11 11 12 12 14 18 18 22 24 24 32 32 35 39 39 39 41 41 47 47 51 46 46 40 43 43 37 37 37 21 21 18 13 13 9 9 8 2 2 1
 10 10 10 10 10 10 11 11 12 12 14 18 18 22 24 24 32 32 35 39 39 39 41 41 47 47 51 46 46 40 43 43 37 37 37 21 21 18 13 13 9 9 8 2 2 1
 11 11 11 10 10 10 10 10 10 10 12 17 17 21 22 22 28 28 34 40 40 42 46 46 43 43 48 45 45 32 30 30 29 29 22 18 18 12 10 10 9 9 5 4 4 1
 11 11 11 10 10 10 10 10 10 10 12 17 17 21 22 22 28 28 34 40 40 42 46 46 43 43 48 45 45 32 30 30 29 29 22 18 18 12 10 10 9 9 5 4 4 1
 12 12 13 12 12 11 10 10 10 10 11 14 14 18 16 16 22 22 26 36 36 38 45 45 44 44 44 47 47 40 28 28 29 29 14 13 13 11 10 10 10 10 2 0 0 2
 15 15 15 14 14 13 11 11 10 10 10 16 16 14 14 14 18 18 20 28 28 31 31 31 44 44 47 34 34 32 36 36 33 33 16 17 17 11 8 8 5 5 2 1 1 1
 15 15 15 14 14 13 11 11 10 10 10 16 16 14 14 14 18 18 20 28 28 31 31 31 44 44 47 34 34 32 36 36 33 33 16 17 17 11 8 8 5 5 2 1 1 1
 14 14 15 14 14 12 11 11 9 9 10 15 15 20 17 17 18 18 18 20 20 25 22 22 25 25 26 32 32 33 25 25 24 24 16 15 15 8 9 9 5 5 4 1 1 0
 14 14 13 13 13 12 11 11 11 11 11 13 13 16 17 17 15 15 15 16 16 18 19 19 14 14 13 15 15 17 20 20 21 21 15 7 7 4 2 2 5 5 5 1 1 0
 14 14 13 13 13 12 11 11 11 11 11 13 13 16 17 17 15 15 15 16 16 18 19 19 14 14 13 15 15 17 20 20 21 21 15 7 7 4 2 2 5 5 5 1 1 0
 15 15 14 13 13 14 13 13 13 13 12 11 11 9 11 11 11 11 11 12 12 14 10 10 11 11 10 8 8 5 7 7 12 12 12 8 8 5 4 4 3 3 3 2 2 0
 15 15 14 13 13 14 13 13 13 13 12 11 11 9 11 11 11 11 11 12 12 14 10 10 11 11 10 8 8 5 7 7 12 12 12 8 8 5 4 4 3 3 3 2 2 0
 15 15 13 12 12 11 13 13 13 13 12 10 10 8 7 7 8 8 9 9 9 10 9 9 7 7 6 5 5 4 4 4 9 9 10 7 7 6 5 5 3 3 3 2 2 1
 13 13 13 12 12 11 11 11 11 11 10 8 8 7 6 6 6 6 8 9 9 10 8 8 6 6 5 3 3 3 4 4 6 6 7 5 5 7 6 6 3 3 2 2 2 1
 13 13 13 12 12 11 11 11 11 11 10 8 8 7 6 6 6 6 8 9 9 10 8 8 6 6 5 3 3 3 4 4 6 6 7 5 5 7 6 6 3 3 2 2 2 1
 12 12 11 11 11 10 10 10 9 9 9 8 8 7 6 6 6 6 6 8 8 8 8 8 6 6 5 4 4 4 4 4 6 6 6 7 7 7 5 5 5 5 4 3 3 1
 12 12 11 10 10 10 9 9 9 9 9 8 8 7 7 7 6 6 7 8 8 9 8 8 7 7 5 5 5 4 4 4 4 4 4 6 6 6 4 4 4 4 5 3 3 2
