assets/RAT_results/precipitation/2019-07-18_IMERG.asc
ncols        46
nrows        77
xllcorner    74.800261325624
yllcorner    8.058333333333
cellsize     0.062500000000
NODATA_value -9999
 15 15 19 30 30 24 5 5 3 3 3 7 7 8 9 9 4 4 3 2 2 2 1 1 1 1 1 1 1 1 2 2 3 3 9 8 8 6 6 6 8 8 7 8 8 1
 14 14 27 35 35 27 5 5 4 4 3 6 6 8 9 9 13 13 7 3 3 3 4 4 2 2 6 3 3 2 2 2 9 9 9 8 8 5 15 15 30 30 7 8 8 1
 14 14 27 35 35 27 5 5 4 4 3 6 6 8 9 9 13 13 7 3 3 3 4 4 2 2 6 3 3 2 2 2 9 9 9 8 8 5 15 15 30 30 7 8 8 1
 9 9 14 37 37 28 25 25 3 3 3 5 5 6 7 7 13 13 8 5 5 11 12 12 4 4 6 4 4 4 4 4 4 4 2 7 7 15 15 15 30 30 50 4 4 0
 5 5 11 11 11 27 36 36 14 14 2 2 2 5 12 12 10 10 4 5 5 13 13 13 7 7 4 4 4 4 4 4 6 6 5 8 8 1 8 8 44 44 44 4 4 0
 5 5 11 11 11 27 36 36 14 14 2 2 2 5 12 12 10 10 4 5 5 13 13 13 7 7 4 4 4 4 4 4 6 6 5 8 8 1 8 8 44 44 44 4 4 0
 5 5 7 11 11 8 19 19 22 22 2 13 13 15 10 10 7 7 3 5 5 5 15 15 12 12 9 4 4 5 5 5 6 6 5 3 3 2 9 9 1 1 2 9 9 10
 5 5 7 11 11 8 19 19 22 22 2 13 13 15 10 10 7 7 3 5 5 5 15 15 12 12 9 4 4 5 5 5 6 6 5 3 3 2 9 9 1 1 2 9 9 10
 6 6 5 10 10 8 22 22 13 13 9 15 15 24 9 9 6 6 3 2 2 3 7 7 13 13 8 4 4 6 6 6 6 6 6 5 5 4 3 3 2 2 3 10 10 10
 6 6 4 6 6 9 15 15 15 15 10 11 11 16 16 16 7 7 5 2 2 1 7 7 4 4 3 3 3 4 4 4 5 5 5 4 4 4 3 3 3 3 3 4 4 4
 6 6 4 6 6 9 15 15 15 15 10 11 11 16 16 16 7 7 5 2 2 1 7 7 4 4 3 3 3 4 4 4 5 5 5 4 4 4 3 3 3 3 3 4 4 4
 2 2 3 7 7 8 15 15 23 23 22 11 11 12 15 15 7 7 4 2 2 2 1 1 5 5 2 2 2 2 2 2 2 2 3 3 3 2 3 3 3 3 3 2 2 1
 4 4 3 4 4 9 19 19 23 23 28 17 17 10 8 8 6 6 9 12 12 5 1 1 1 1 1 1 1 1 1 1 1 1 3 1 1 1 1 1 1 1 1 1 1 0
 4 4 3 4 4 9 19 19 23 23 28 17 17 10 8 8 6 6 9 12 12 5 1 1 1 1 1 1 1 1 1 1 1 1 3 1 1 1 1 1 1 1 1 1 1 0
 7 7 4 5 5 8 15 15 23 23 21 24 24 10 4 4 12 12 21 19 19 5 4 4 0 0 0 0 0 0 0 0 2 2 2 2 2 0 0 0 0 0 0 0 0 1
 7 7 4 5 5 8 15 15 23 23 21 24 24 10 4 4 12 12 21 19 19 5 4 4 0 0 0 0 0 0 0 0 2 2 2 2 2 0 0 0 0 0 0 0 0 1
 11 11 5 6 6 6 16 16 20 20 30 14 14 14 10 10 14 14 22 22 22 11 6 6 2 2 0 0 0 0 0 0 1 1 2 2 2 1 0 0 0 0 0 0 0 1
 17 17 9 5 5 5 10 10 17 17 34 16 16 12 10 10 13 13 42 32 32 16 8 8 6 6 6 1 1 0 0 0 1 1 1 1 1 2 0 0 0 0 0 1 1 1
 17 17 9 5 5 5 10 10 17 17 34 16 16 12 10 10 13 13 42 32 32 16 8 8 6 6 6 1 1 0 0 0 1 1 1 1 1 2 0 0 0 0 0 1 1 1
 29 29 33 32 32 31 16 16 19 19 34 28 28 11 11 11 12 12 40 42 42 38 18 18 7 7 6 3 3 0 0 0 0 0 2 2 2 1 0 0 1 1 2 1 1 1
 40 40 38 35 35 22 22 22 47 47 44 59 59 28 12 12 8 8 12 40 40 37 18 18 8 8 6 3 3 2 0 0 0 0 0 0 0 0 0 0 2 2 1 2 2 1
 40 40 38 35 35 22 22 22 47 47 44 59 59 28 12 12 8 8 12 40 40 37 18 18 8 8 6 3 3 2 0 0 0 0 0 0 0 0 0 0 2 2 1 2 2 1
 46 46 52 51 51 44 43 43 26 26 46 51 51 40 31 31 11 11 8 10 10 16 14 14 8 8 3 4 4 2 1 1 1 1 0 2 2 0 0 0 0 0 1 1 1 3
 46 46 52 51 51 44 43 43 26 26 46 51 51 40 31 31 11 11 8 10 10 16 14 14 8 8 3 4 4 2 1 1 1 1 0 2 2 0 0 0 0 0 1 1 1 3
 52 52 58 55 55 49 42 42 23 23 26 60 60 41 44 44 22 22 8 7 7 17 26 26 7 7 2 2 2 3 3 3 0 0 0 2 2 2 0 0 0 0 1 2 2 3
 56 56 60 61 61 65 61 61 53 53 57 42 42 48 46 46 33 33 7 3 3 5 6 6 5 5 4 2 2 8 5 5 2 2 1 4 4 4 2 2 1 1 1 1 1 2
 56 56 60 61 61 65 61 61 53 53 57 42 42 48 46 46 33 33 7 3 3 5 6 6 5 5 4 2 2 8 5 5 2 2 1 4 4 4 2 2 1 1 1 1 1 2
 53 53 52 52 52 59 65 65 53 53 55 30 30 40 39 39 36 36 28 15 15 4 3 3 4 4 3 9 9 4 2 2 1 1 5 1 1 3 9 9 3 3 1 2 2 2
 48 48 52 58 58 60 60 60 80 80 78 60 60 72 35 35 38 38 37 32 32 31 28 28 4 4 3 2 2 2 0 0 0 0 0 1 1 2 1 1 1 1 3 2 2 2
 48 48 52 58 58 60 60 60 80 80 78 60 60 72 35 35 38 38 37 32 32 31 28 28 4 4 3 2 2 2 0 0 0 0 0 1 1 2 1 1 1 1 3 2 2 2
 41 41 44 46 46 48 61 61 57 57 51 59 59 31 42 42 40 40 37 42 42 36 30 30 20 20 6 2 2 4 0 0 0 0 0 0 0 1 1 1 1 1 3 3 3 3
 41 41 44 46 46 48 61 61 57 57 51 59 59 31 42 42 40 40 37 42 42 36 30 30 20 20 6 2 2 4 0 0 0 0 0 0 0 1 1 1 1 1 3 3 3 3
 34 34 35 36 36 42 61 61 59 59 89 101 101 28 36 36 44 44 41 40 40 35 35 35 34 34 22 6 6 3 0 0 0 0 0 0 0 1 1 1 2 2 2 2 2 3
 30 30 33 33 33 35 26 26 24 24 29 36 36 27 38 38 32 32 41 46 46 40 41 41 47 47 15 8 8 1 1 1 1 1 1 1 1 1 1 1 1 1 2 3 3 3
 30 30 33 33 33 35 26 26 24 24 29 36 36 27 38 38 32 32 41 46 46 40 41 41 47 47 15 8 8 1 1 1 1 1 1 1 1 1 1 1 1 1 2 3 3 3
 24 24 27 32 32 36 37 37 38 38 45 30 30 19 23 23 22 22 26 43 43 47 31 31 38 38 18 8 8 4 4 4 1 1 2 2 2 2 3 3 2 2 3 3 3 3
 25 25 28 31 31 38 47 47 41 41 38 24 24 43 27 27 26 26 32 29 29 28 25 25 29 29 33 38 38 18 8 8 11 11 4 4 4 3 3 3 4 4 6 6 6 8
 25 25 28 31 31 38 47 47 41 41 38 24 24 43 27 27 26 26 32 29 29 28 25 25 29 29 33 38 38 18 8 8 11 11 4 4 4 3 3 3 4 4 6 6 6 8
 29 29 31 35 35 42 50 50 50 50 49 49 49 46 32 32 32 32 31 34 34 31 41 41 32 32 41 42 42 35 27 27 20 20 8 5 5 5 4 4 9 9 6 7 7 8
 29 29 31 35 35 42 50 50 50 50 49 49 49 46 32 32 32 32 31 34 34 31 41 41 32 32 41 42 42 35 27 27 20 20 8 5 5 5 4 4 9 9 6 7 7 8
 37 37 39 42 42 49 54 54 59 59 64 58 58 63 57 57 45 45 38 39 39 43 54 54 58 58 61 74 74 66 51 51 50 50 32 17 17 10 14 14 17 17 6 6 6 10
 36 36 38 43 43 49 56 56 67 67 74 78 78 81 68 68 74 74 46 35 35 42 59 59 73 73 67 79 79 66 90 90 72 72 57 42 42 20 15 15 25 25 14 7 7 7
 36 36 38 43 43 49 56 56 67 67 74 78 78 81 68 68 74 74 46 35 35 42 59 59 73 73 67 79 79 66 90 90 72 72 57 42 42 20 15 15 25 25 14 7 7 7
 39 39 40 46 46 51 60 60 66 66 71 86 86 92 98 98 86 86 51 37 37 44 45 45 48 48 70 87 87 71 80 80 91 91 75 49 49 23 19 19 17 17 19 13 13 8
 36 36 40 46 46 52 59 59 67 67 78 107 107 130 158 158 113 113 89 59 59 45 50 50 52 52 55 67 67 69 82 82 95 95 116 72 72 35 25 25 18 18 7 5 5 4
 36 36 40 46 46 52 59 59 67 67 78 107 107 130 158 158 113 113 89 59 59 45 50 50 52 52 55 67 67 69 82 82 95 95 116 72 72 35 25 25 18 18 7 5 5 4
 41 41 42 48 48 54 62 62 74 74 92 114 114 131 157 157 137 137 121 64 64 65 56 56 48 48 48 65 65 72 70 70 74 74 93 70 70 53 33 33 10 10 8 13 13 7
 41 41 42 48 48 54 62 62 74 74 92 114 114 131 157 157 137 137 121 64 64 65 56 56 48 48 48 65 65 72 70 70 74 74 93 70 70 53 33 33 10 10 8 13 13 7
 44 44 44 48 48 57 66 66 78 78 99 117 117 146 193 193 210 210 101 80 80 70 64 64 58 58 47 50 50 54 63 63 75 75 80 111 111 54 43 43 34 34 23 10 10 10
 46 46 47 50 50 53 59 59 68 68 80 95 95 112 154 154 181 181 98 98 98 105 89 89 60 60 72 52 52 60 51 51 44 44 54 66 66 57 42 42 41 41 15 11 11 7
 46 46 47 50 50 53 59 59 68 68 80 95 95 112 154 154 181 181 98 98 98 105 89 89 60 60 72 52 52 60 51 51 44 44 54 66 66 57 42 42 41 41 15 11 11 7
 46 46 50 52 52 53 53 53 57 57 63 68 68 74 74 74 57 57 46 35 35 35 77 77 59 59 59 42 42 33 47 47 34 34 52 39 39 39 35 35 29 29 14 6 6 4
 47 47 52 54 54 53 49 49 49 49 50 51 51 54 49 49 52 52 43 43 43 33 36 36 36 36 42 26 26 35 31 31 30 30 23 26 26 23 19 19 24 24 13 6 6 4
 47 47 52 54 54 53 49 49 49 49 50 51 51 54 49 49 52 52 43 43 43 33 36 36 36 36 42 26 26 35 31 31 30 30 23 26 26 23 19 19 24 24 13 6 6 4
 46 46 52 58 58 63 63 63 58 58 55 53 53 53 49 49 51 51 40 31 31 27 43 43 37 37 44 28 28 34 29 29 28 28 18 20 20 17 13 13 11 11 10 8 8 4
 46 46 52 58 58 63 63 63 58 58 55 53 53 53 49 49 51 51 40 31 31 27 43 43 37 37 44 28 28 34 29 29 28 28 18 20 20 17 13 13 11 11 10 8 8 4
 44 44 47 53 53 56 62 62 65 65 66 53 53 53 46 46 48 48 41 34 34 29 32 32 40 40 42 31 31 38 29 29 39 39 30 22 22 12 9 9 8 8 10 10 10 3
 49 49 46 48 48 51 53 53 63 63 68 71 71 56 51 51 56 56 49 50 50 42 39 39 40 40 45 39 39 41 49 49 50 50 25 22 22 19 12 12 8 8 9 9 9 3
 49 49 46 48 48 51 53 53 63 63 68 71 71 56 51 51 56 56 49 50 50 42 39 39 40 40 45 39 39 41 49 49 50 50 25 22 22 19 12 12 8 8 9 9 9 3
 54 54 54 53 53 54 54 54 58 58 71 72 72 65 60 60 61 61 62 59 59 54 41 41 47 47 46 44 44 46 52 52 45 45 26 23 23 15 10 10 10 10 9 9 9 4
 54 54 57 60 60 63 64 64 65 65 70 69 69 65 63 63 67 67 61 55 55 51 41 41 49 49 46 51 51 60 53 53 50 50 21 16 16 10 9 9 7 7 10 6 6 6
 54 54 57 60 60 63 64 64 65 65 70 69 69 65 63 63 67 67 61 55 55 51 41 41 49 49 46 51 51 60 53 53 50 50 21 16 16 10 9 9 7 7 10 6 6 6
 55 55 56 59 59 67 73 73 75 75 78 72 72 67 63 63 60 60 55 50 50 45 43 43 38 38 41 38 38 49 48 48 33 33 22 16 16 15 7 7 10 10 7 7 7 4
 55 55 56 59 59 67 73 73 75 75 78 72 72 67 63 63 60 60 55 50 50 45 43 43 38 38 41 38 38 49 48 48 33 33 22 16 16 15 7 7 10 10 7 7 7 4
 62 62 56 63 63 67 73 73 75 75 76 74 74 72 63 63 57 57 56 49 49 51 62 62 26 26 26 35 35 40 46 46 27 27 23 14 14 15 13 13 10 10 9 6 6 5
 90 90 64 63 63 66 66 66 68 68 75 76 76 91 90 90 80 80 68 62 62 58 50 50 32 32 17 23 23 33 41 41 34 34 23 17 17 11 9 9 17 17 11 7 7 1
 90 90 64 63 63 66 66 66 68 68 75 76 76 91 90 90 80 80 68 62 62 58 50 50 32 32 17 23 23 33 41 41 34 34 23 17 17 11 9 9 17 17 11 7 7 1
 94 94 80 63 63 61 60 60 61 61 63 72 72 83 87 87 77 77 65 58 58 50 36 36 27 27 21 23 23 21 20 20 27 27 24 10 10 6 7 7 9 9 13 5 5 1
 94 94 80 70 70 64 62 62 59 59 57 58 58 58 59 59 59 59 57 54 54 45 36 36 26 26 27 24 24 21 19 19 18 18 22 12 12 5 5 5 6 6 9 4 4 1
 94 94 80 70 70 64 62 62 59 59 57 58 58 58 59 59 59 59 57 54 54 45 36 36 26 26 27 24 24 21 19 19 18 18 22 12 12 5 5 5 6 6 9 4 4 1
 84 84 79 69 69 64 61 61 58 58 56 55 55 57 58 58 68 68 69 66 66 58 47 47 35 35 24 22 22 21 18 18 17 17 14 10 10 5 4 4 5 5 4 4 4 2
 84 84 79 69 69 64 61 61 58 58 56 55 55 57 58 58 68 68 69 66 66 58 47 47 35 35 24 22 22 21 18 18 17 17 14 10 10 5 4 4 5 5 4 4 4 2
 71 71 68 62 62 60 60 60 59 59 59 58 58 61 59 59 64 64 67 62 62 56 47 47 39 39 26 24 24 22 18 18 13 13 12 9 9 8 6 6 5 5 3 5 5 7
 66 66 53 54 54 52 53 53 52 52 52 54 54 53 53 53 53 53 54 54 54 50 43 43 35 35 28 25 25 25 21 21 15 15 16 10 10 13 10 10 9 9 5 5 5 5
 66 66 53 54 54 52 53 53 52 52 52 54 54 53 53 53 53 53 54 54 54 50 43 43 35 35 28 25 25 25 21 21 15 15 16 10 10 13 10 10 9 9 5 5 5 5
 60 60 53 48 48 46 43 43 43 43 44 46 46 47 45 45 46 46 47 49 49 48 41 41 37 37 28 24 24 22 19 19 16 16 16 15 15 13 12 12 11 11 10 12 12 10
 64 64 54 49 49 48 43 43 39 39 42 42 42 44 41 41 41 41 42 45 45 47 41 41 37 37 35 31 31 24 22 22 18 18 17 16 16 14 10 10 10 10 12 16 16 7
