assets/RAT_results/precipitation/2019-06-09_IMERG.asc
ncols        46
nrows        77
xllcorner    74.800261325624
yllcorner    8.058333333333
cellsize     0.062500000000
NODATA_value -9999
 0 0 0 0 0 0 1 1 1 1 1 2 2 5 8 8 12 12 5 4 4 2 0 0 0 0 0 1 1 1 1 1 1 1 1 1 1 3 4 4 8 8 2 2 2 0
 1 1 1 0 0 0 2 2 1 1 1 0 0 3 2 2 3 3 3 4 4 1 0 0 0 0 0 0 0 0 0 0 1 1 1 2 2 3 3 3 5 5 2 1 1 1
 1 1 1 0 0 0 2 2 1 1 1 0 0 3 2 2 3 3 3 4 4 1 0 0 0 0 0 0 0 0 0 0 1 1 1 2 2 3 3 3 5 5 2 1 1 1
 2 2 0 1 1 1 2 2 2 2 0 0 0 1 2 2 3 3 1 1 1 0 0 0 0 0 0 0 0 0 0 0 2 2 2 3 3 3 3 3 3 3 1 2 2 0
 2 2 1 1 1 4 4 4 4 4 2 1 1 1 1 1 1 1 0 1 1 0 0 0 0 0 0 0 0 0 1 1 2 2 2 5 5 3 3 3 2 2 1 2 2 0
 2 2 1 1 1 4 4 4 4 4 2 1 1 1 1 1 1 1 0 1 1 0 0 0 0 0 0 0 0 0 1 1 2 2 2 5 5 3 3 3 2 2 1 2 2 0
 3 3 2 2 2 4 5 5 8 8 2 1 1 1 0 0 1 1 0 1 1 1 1 1 0 0 0 0 0 0 1 1 3 3 3 3 3 1 0 0 0 0 1 1 1 0
 3 3 2 2 2 4 5 5 8 8 2 1 1 1 0 0 1 1 0 1 1 1 1 1 0 0 0 0 0 0 1 1 3 3 3 3 3 1 0 0 0 0 1 1 1 0
 7 7 4 4 4 5 5 5 13 13 6 3 3 3 1 1 1 1 3 2 2 2 1 1 0 0 0 0 0 0 0 0 3 3 2 1 1 1 0 0 0 0 1 0 0 1
 10 10 8 11 11 8 8 8 8 8 5 6 6 7 5 5 4 4 3 2 2 1 0 0 0 0 0 0 0 0 1 1 3 3 3 3 3 3 3 3 1 1 1 0 0 1
 10 10 8 11 11 8 8 8 8 8 5 6 6 7 5 5 4 4 3 2 2 1 0 0 0 0 0 0 0 0 1 1 3 3 3 3 3 3 3 3 1 1 1 0 0 1
 6 6 10 16 16 18 21 21 16 16 13 15 15 7 3 3 5 5 3 3 3 3 0 0 0 0 0 0 0 0 2 2 2 2 3 5 5 3 3 3 0 0 0 0 0 1
 5 5 7 15 15 16 20 20 22 22 20 15 15 18 4 4 3 3 2 2 2 2 1 1 1 1 0 0 0 0 1 1 4 4 3 10 10 11 2 2 2 2 0 0 0 0
 5 5 7 15 15 16 20 20 22 22 20 15 15 18 4 4 3 3 2 2 2 2 1 1 1 1 0 0 0 0 1 1 4 4 3 10 10 11 2 2 2 2 0 0 0 0
 7 7 7 13 13 13 16 16 16 16 26 14 14 21 12 12 4 4 3 3 3 3 1 1 1 1 0 0 0 0 1 1 4 4 4 9 9 10 13 13 0 0 0 0 0 0
 7 7 7 13 13 13 16 16 16 16 26 14 14 21 12 12 4 4 3 3 3 3 1 1 1 1 0 0 0 0 1 1 4 4 4 9 9 10 13 13 0 0 0 0 0 0
 11 11 7 9 9 9 16 16 12 12 16 13 13 16 17 17 10 10 4 4 4 4 1 1 1 1 1 0 0 0 1 1 2 2 1 8 8 0 0 0 0 0 0 0 0 0
 11 11 7 3 3 6 9 9 10 10 10 8 8 9 2 2 5 5 23 6 6 5 3 3 2 2 1 1 1 1 1 1 1 1 1 0 0 0 0 0 0 0 0 0 0 0
 11 11 7 3 3 6 9 9 10 10 10 8 8 9 2 2 5 5 23 6 6 5 3 3 2 2 1 1 1 1 1 1 1 1 1 0 0 0 0 0 0 0 0 0 0 0
 11 11 7 5 5 4 5 5 8 8 10 5 5 5 1 1 10 10 19 16 16 14 3 3 3 3 2 0 0 0 0 0 0 0 1 0 0 0 0 0 0 0 0 0 0 0
 15 15 8 6 6 8 5 5 8 8 11 5 5 3 2 2 10 10 13 19 19 14 7 7 3 3 5 1 1 0 0 0 0 0 0 0 0 0 0 0 0 0 0 0 0 0
 15 15 8 6 6 8 5 5 8 8 11 5 5 3 2 2 10 10 13 19 19 14 7 7 3 3 5 1 1 0 0 0 0 0 0 0 0 0 0 0 0 0 0 0 0 0
 24 24 13 8 8 10 9 9 10 10 18 11 11 2 1 1 4 4 7 14 14 5 14 14 14 14 4 4 4 0 0 0 0 0 0 0 0 0 0 0 0 0 0 0 0 0
 24 24 13 8 8 10 9 9 10 10 18 11 11 2 1 1 4 4 7 14 14 5 14 14 14 14 4 4 4 0 0 0 0 0 0 0 0 0 0 0 0 0 0 0 0 0
 30 30 21 23 23 14 13 13 17 17 21 13 13 4 4 4 3 3 4 1 1 1 4 4 5 5 3 1 1 1 0 0 0 0 0 0 0 0 0 0 0 0 1 1 1 1
 73 73 78 36 36 24 38 38 30 30 32 18 18 11 5 5 15 15 4 6 6 1 4 4 4 4 3 2 2 1 0 0 0 0 0 0 0 0 0 0 0 0 1 3 3 4
 73 73 78 36 36 24 38 38 30 30 32 18 18 11 5 5 15 15 4 6 6 1 4 4 4 4 3 2 2 1 0 0 0 0 0 0 0 0 0 0 0 0 1 3 3 4
 78 78 128 79 79 71 39 39 34 34 39 27 27 22 24 24 23 23 9 8 8 1 5 5 4 4 1 4 4 1 0 0 0 0 0 0 0 0 0 0 0 0 1 3 3 3
 85 85 125 72 72 113 57 57 59 59 42 35 35 33 32 32 25 25 19 15 15 5 3 3 4 4 0 1 1 0 1 1 0 0 0 0 0 0 0 0 1 1 1 5 5 6
 85 85 125 72 72 113 57 57 59 59 42 35 35 33 32 32 25 25 19 15 15 5 3 3 4 4 0 1 1 0 1 1 0 0 0 0 0 0 0 0 1 1 1 5 5 6
 74 74 74 72 72 113 60 60 78 78 60 51 51 34 33 33 33 33 21 17 17 19 31 31 10 10 1 1 1 0 0 0 0 0 0 0 0 0 0 0 1 1 1 2 2 12
 74 74 74 72 72 113 60 60 78 78 60 51 51 34 33 33 33 33 21 17 17 19 31 31 10 10 1 1 1 0 0 0 0 0 0 0 0 0 0 0 1 1 1 2 2 12
 70 70 32 50 50 70 50 50 49 49 39 34 34 34 41 41 33 33 32 27 27 22 33 33 43 43 35 14 14 0 0 0 0 0 0 0 0 0 0 0 1 1 1 3 3 10
 39 39 32 48 48 68 21 21 28 28 40 30 30 40 42 42 41 41 39 30 30 40 31 31 42 42 33 24 24 0 1 1 1 1 0 1 1 1 0 0 1 1 2 4 4 3
 39 39 32 48 48 68 21 21 28 28 40 30 30 40 42 42 41 41 39 30 30 40 31 31 42 42 33 24 24 0 1 1 1 1 0 1 1 1 0 0 1 1 2 4 4 3
 33 33 28 32 32 29 22 22 28 28 34 33 33 42 64 64 61 61 45 36 36 41 42 42 54 54 40 20 20 3 2 2 1 1 1 1 1 1 2 2 1 1 3 3 3 2
 24 24 24 25 25 26 19 19 31 31 31 42 42 36 40 40 53 53 56 47 47 56 46 46 57 57 44 24 24 26 16 16 2 2 1 1 1 2 2 2 2 2 6 6 6 3
 24 24 24 25 25 26 19 19 31 31 31 42 42 36 40 40 53 53 56 47 47 56 46 46 57 57 44 24 24 26 16 16 2 2 1 1 1 2 2 2 2 2 6 6 6 3
 20 20 19 18 18 27 19 19 21 21 28 37 37 47 47 47 57 57 51 57 57 63 63 63 61 61 62 39 39 29 11 11 2 2 2 3 3 2 1 1 2 2 4 6 6 3
 20 20 19 18 18 27 19 19 21 21 28 37 37 47 47 47 57 57 51 57 57 63 63 63 61 61 62 39 39 29 11 11 2 2 2 3 3 2 1 1 2 2 4 6 6 3
 16 16 15 16 16 25 16 16 13 13 23 37 37 56 59 59 65 65 63 56 56 67 68 68 59 59 51 39 39 29 25 25 6 6 3 2 2 3 1 1 1 1 2 2 2 1
 15 15 15 15 15 25 15 15 13 13 19 30 30 27 70 70 63 63 72 68 68 71 77 77 76 76 58 43 43 34 32 32 19 19 5 2 2 2 1 1 1 1 1 1 1 0
 15 15 15 15 15 25 15 15 13 13 19 30 30 27 70 70 63 63 72 68 68 71 77 77 76 76 58 43 43 34 32 32 19 19 5 2 2 2 1 1 1 1 1 1 1 0
 12 12 13 16 16 25 15 15 9 9 18 27 27 28 48 48 56 56 65 67 67 77 69 69 69 69 63 60 60 57 35 35 18 18 7 3 3 2 1 1 1 1 0 0 0 0
 10 10 11 14 14 22 12 12 7 7 20 26 26 29 56 56 51 51 97 110 110 112 81 81 73 73 56 53 53 57 43 43 33 33 7 3 3 3 5 5 1 1 0 0 0 0
 10 10 11 14 14 22 12 12 7 7 20 26 26 29 56 56 51 51 97 110 110 112 81 81 73 73 56 53 53 57 43 43 33 33 7 3 3 3 5 5 1 1 0 0 0 0
 10 10 11 13 13 19 9 9 7 7 12 17 17 32 38 38 40 40 60 99 99 107 98 98 73 73 64 54 54 63 65 65 25 25 18 3 3 1 3 3 0 0 0 0 0 0
 10 10 11 13 13 19 9 9 7 7 12 17 17 32 38 38 40 40 60 99 99 107 98 98 73 73 64 54 54 63 65 65 25 25 18 3 3 1 3 3 0 0 0 0 0 0
 9 9 9 10 10 17 7 7 7 7 9 17 17 22 36 36 82 82 44 39 39 68 77 77 75 75 63 51 51 46 41 41 36 36 20 5 5 1 0 0 0 0 0 0 0 0
 8 8 7 8 8 12 10 10 6 6 9 15 15 20 26 26 97 97 86 52 52 48 79 79 75 75 60 53 53 45 49 49 35 35 37 8 8 2 1 1 1 1 0 0 0 0
 8 8 7 8 8 12 10 10 6 6 9 15 15 20 26 26 97 97 86 52 52 48 79 79 75 75 60 53 53 45 49 49 35 35 37 8 8 2 1 1 1 1 0 0 0 0
 6 6 7 8 8 10 10 10 6 6 11 22 22 24 52 52 43 43 36 35 35 46 70 70 59 59 62 53 53 53 50 50 40 40 40 20 20 7 2 2 1 1 0 0 0 0
 6 6 6 8 8 10 10 10 7 7 12 22 22 25 26 26 38 38 38 35 35 41 60 60 48 48 54 49 49 37 44 44 36 36 34 18 18 15 3 3 1 1 0 0 0 0
 6 6 6 8 8 10 10 10 7 7 12 22 22 25 26 26 38 38 38 35 35 41 60 60 48 48 54 49 49 37 44 44 36 36 34 18 18 15 3 3 1 1 0 0 0 0
 7 7 9 9 9 11 14 14 10 10 16 18 18 20 24 24 36 36 41 62 62 53 51 51 63 63 59 47 47 42 34 34 31 31 16 12 12 11 11 11 2 2 0 0 0 0
 7 7 9 9 9 11 14 14 10 10 16 18 18 20 24 24 36 36 41 62 62 53 51 51 63 63 59 47 47 42 34 34 31 31 16 12 12 11 11 11 2 2 0 0 0 0
 7 7 8 9 9 12 14 14 14 14 13 20 20 26 25 25 29 29 28 41 41 51 59 59 67 67 52 39 39 28 39 39 22 22 16 20 20 23 17 17 6 6 1 0 0 0
 6 6 7 8 8 11 12 12 15 15 16 16 16 24 32 32 32 32 44 38 38 51 60 60 36 36 34 33 33 42 42 42 27 27 36 24 24 20 19 19 7 7 2 1 1 0
 6 6 7 8 8 11 12 12 15 15 16 16 16 24 32 32 32 32 44 38 38 51 60 60 36 36 34 33 33 42 42 42 27 27 36 24 24 20 19 19 7 7 2 1 1 0
 7 7 7 8 8 8 11 11 15 15 14 13 13 16 28 28 17 17 37 42 42 52 41 41 46 46 40 35 35 28 34 34 27 27 37 22 22 23 21 21 6 6 2 1 1 1
 7 7 8 8 8 10 12 12 15 15 14 16 16 22 34 34 17 17 24 25 25 40 38 38 32 32 49 54 54 45 20 20 23 23 27 30 30 25 15 15 8 8 6 3 3 1
 7 7 8 8 8 10 12 12 15 15 14 16 16 22 34 34 17 17 24 25 25 40 38 38 32 32 49 54 54 45 20 20 23 23 27 30 30 25 15 15 8 8 6 3 3 1
 8 8 7 9 9 10 9 9 14 14 15 18 18 28 29 29 20 20 13 13 13 20 14 14 33 33 49 47 47 46 14 14 16 16 23 31 31 24 17 17 8 8 5 4 4 1
 8 8 7 9 9 10 9 9 14 14 15 18 18 28 29 29 20 20 13 13 13 20 14 14 33 33 49 47 47 46 14 14 16 16 23 31 31 24 17 17 8 8 5 4 4 1
 10 10 8 8 8 10 8 8 14 14 14 16 16 21 25 25 16 16 16 18 18 20 10 10 3 3 6 28 28 11 13 13 15 15 21 28 28 17 15 15 16 16 15 10 10 2
 11 11 7 7 7 7 7 7 8 8 13 13 13 18 20 20 12 12 11 14 14 17 6 6 3 3 5 15 15 13 18 18 16 16 25 23 23 22 18 18 22 22 21 16 16 6
 11 11 7 7 7 7 7 7 8 8 13 13 13 18 20 20 12 12 11 14 14 17 6 6 3 3 5 15 15 13 18 18 16 16 25 23 23 22 18 18 22 22 21 16 16 6
 12 12 8 7 7 7 6 6 7 7 14 14 14 18 15 15 11 11 10 13 13 16 7 7 3 3 4 9 9 21 25 25 19 19 27 21 21 23 12 12 24 24 23 12 12 10
 12 12 8 6 6 7 6 6 7 7 12 14 14 17 13 13 11 11 9 13 13 13 6 6 3 3 4 8 8 11 25 25 29 29 22 26 26 14 24 24 24 24 22 19 19 15
 12 12 8 6 6 7 6 6 7 7 12 14 14 17 13 13 11 11 9 13 13 13 6 6 3 3 4 8 8 11 25 25 29 29 22 26 26 14 24 24 24 24 22 19 19 15
 13 13 11 8 8 10 9 9 10 10 12 12 12 15 11 11 10 10 9 15 15 8 9 9 4 4 4 12 12 14 27 27 44 44 43 21 21 13 14 14 13 13 13 17 17 17
 13 13 11 8 8 10 9 9 10 10 12 12 12 15 11 11 10 10 9 15 15 8 9 9 4 4 4 12 12 14 27 27 44 44 43 21 21 13 14 14 13 13 13 17 17 17
 13 13 9 8 8 15 15 15 13 13 8 9 9 12 10 10 9 9 8 20 20 9 9 9 9 9 8 11 11 19 16 16 19 19 25 27 27 23 18 18 11 11 16 26 26 17
 9 9 9 9 9 15 19 19 17 17 8 9 9 10 10 10 8 8 14 27 27 15 11 11 14 14 14 17 17 13 22 22 21 21 25 36 36 23 16 16 18 18 22 31 31 5
 9 9 9 9 9 15 19 19 17 17 8 9 9 10 10 10 8 8 14 27 27 15 11 11 14 14 14 17 17 13 22 22 21 21 25 36 36 23 16 16 18 18 22 31 31 5
 8 8 8 10 10 16 18 18 19 19 11 9 9 10 11 11 12 12 18 34 34 20 13 13 14 14 15 15 15 10 20 20 21 21 28 53 53 10 10 10 14 14 15 7 7 6
 7 7 9 12 12 19 21 21 21 21 13 10 10 11 14 14 17 17 22 41 41 27 14 14 15 15 13 11 11 7 17 17 24 24 48 50 50 6 6 6 5 5 12 11 11 11
