assets/RAT_results/precipitation/2019-10-13_IMERG.asc
ncols        46
nrows        77
xllcorner    74.800261325624
yllcorner    8.058333333333
cellsize     0.062500000000
NODATA_value -9999
 6 6 7 9 9 21 16 16 27 27 21 37 37 20 8 8 11 11 12 10 10 9 5 5 5 5 2 3 3 5 5 5 0 0 0 0 0 1 7 7 3 3 0 0 0 0
 7 7 5 2 2 1 2 2 7 7 15 11 11 27 4 4 9 9 9 8 8 6 9 9 9 9 2 5 5 1 8 8 1 1 6 0 0 0 3 3 2 2 1 1 1 1
 7 7 5 2 2 1 2 2 7 7 15 11 11 27 4 4 9 9 9 8 8 6 9 9 9 9 2 5 5 1 8 8 1 1 6 0 0 0 3 3 2 2 1 1 1 1
 7 7 3 1 1 1 2 2 1 1 1 0 0 0 1 1 9 9 5 6 6 8 14 14 4 4 3 4 4 21 89 89 11 11 2 1 1 0 0 0 0 0 1 1 1 1
 3 3 3 3 3 3 2 2 4 4 3 1 1 0 1 1 10 10 4 9 9 15 9 9 3 3 3 2 2 88 54 54 25 25 1 2 2 3 1 1 1 1 1 1 1 1
 3 3 3 3 3 3 2 2 4 4 3 1 1 0 1 1 10 10 4 9 9 15 9 9 3 3 3 2 2 88 54 54 25 25 1 2 2 3 1 1 1 1 1 1 1 1
 2 2 3 10 10 11 7 7 10 10 7 5 5 7 3 3 1 1 13 11 11 18 5 5 2 2 1 2 2 5 14 14 7 7 4 4 4 9 11 11 6 6 2 1 1 0
 2 2 3 10 10 11 7 7 10 10 7 5 5 7 3 3 1 1 13 11 11 18 5 5 2 2 1 2 2 5 14 14 7 7 4 4 4 9 11 11 6 6 2 1 1 0
 3 3 3 7 7 7 23 23 13 13 6 9 9 16 16 16 11 11 15 12 12 40 9 9 3 3 2 2 2 2 2 2 2 2 2 1 1 11 10 10 7 7 16 6 6 1
 5 5 6 10 10 9 9 9 8 8 11 15 15 20 34 34 59 59 27 14 14 18 4 4 6 6 3 2 2 3 3 3 3 3 2 5 5 19 17 17 14 14 15 7 7 6
 5 5 6 10 10 9 9 9 8 8 11 15 15 20 34 34 59 59 27 14 14 18 4 4 6 6 3 2 2 3 3 3 3 3 2 5 5 19 17 17 14 14 15 7 7 6
 6 6 5 5 5 10 9 9 10 10 12 21 21 29 42 42 43 43 44 21 21 16 6 6 10 10 4 3 3 4 4 4 4 4 3 3 3 27 34 34 51 51 46 13 13 3
 7 7 4 4 4 9 9 9 10 10 10 9 9 26 45 45 60 60 49 23 23 20 7 7 10 10 7 6 6 6 8 8 5 5 5 4 4 10 14 14 55 55 52 21 21 4
 7 7 4 4 4 9 9 9 10 10 10 9 9 26 45 45 60 60 49 23 23 20 7 7 10 10 7 6 6 6 8 8 5 5 5 4 4 10 14 14 55 55 52 21 21 4
 6 6 5 4 4 3 8 8 9 9 5 14 14 28 57 57 106 106 94 27 27 20 12 12 6 6 6 7 7 10 34 34 14 14 8 6 6 5 9 9 21 21 20 19 19 140
 6 6 5 4 4 3 8 8 9 9 5 14 14 28 57 57 106 106 94 27 27 20 12 12 6 6 6 7 7 10 34 34 14 14 8 6 6 5 9 9 21 21 20 19 19 140
 10 10 4 4 4 4 2 2 6 6 5 5 5 16 40 40 67 67 49 41 41 14 11 11 7 7 6 6 6 8 12 12 10 10 8 7 7 5 9 9 8 8 9 140 140 140
 10 10 7 5 5 3 1 1 1 1 5 8 8 11 22 22 30 30 49 34 34 15 11 11 10 10 5 5 5 6 6 6 10 10 11 11 11 5 7 7 7 7 8 139 139 141
 10 10 7 5 5 3 1 1 1 1 5 8 8 11 22 22 30 30 49 34 34 15 11 11 10 10 5 5 5 6 6 6 10 10 11 11 11 5 7 7 7 7 8 139 139 141
 6 6 9 10 10 5 2 2 1 1 1 4 4 2 9 9 24 24 30 26 26 24 21 21 10 10 5 5 5 5 7 7 19 19 14 11 11 7 4 4 8 8 37 35 35 140
 19 19 21 26 26 7 6 6 4 4 2 3 3 3 12 12 13 13 18 15 15 18 19 19 8 8 4 5 5 6 11 11 14 14 25 10 10 11 4 4 7 7 79 26 26 13
 19 19 21 26 26 7 6 6 4 4 2 3 3 3 12 12 13 13 18 15 15 18 19 19 8 8 4 5 5 6 11 11 14 14 25 10 10 11 4 4 7 7 79 26 26 13
 20 20 25 34 34 33 13 13 9 9 5 4 4 4 14 14 14 14 12 13 13 23 18 18 14 14 7 5 5 12 13 13 23 23 22 11 11 9 3 3 9 9 10 12 12 13
 20 20 25 34 34 33 13 13 9 9 5 4 4 4 14 14 14 14 12 13 13 23 18 18 14 14 7 5 5 12 13 13 23 23 22 11 11 9 3 3 9 9 10 12 12 13
 25 25 29 33 33 38 21 21 20 20 14 8 8 6 22 22 48 48 40 33 33 35 26 26 18 18 9 7 7 5 6 6 25 25 24 9 9 3 3 3 5 5 3 1 1 7
 28 28 27 31 31 21 24 24 21 21 19 26 26 28 30 30 30 30 30 27 27 42 29 29 14 14 11 8 8 7 4 4 32 32 29 5 5 3 5 5 4 4 3 1 1 9
 28 28 27 31 31 21 24 24 21 21 19 26 26 28 30 30 30 30 30 27 27 42 29 29 14 14 11 8 8 7 4 4 32 32 29 5 5 3 5 5 4 4 3 1 1 9
 27 27 13 14 14 18 22 22 28 28 19 32 32 32 37 37 29 29 20 10 10 20 23 23 13 13 12 10 10 10 9 9 6 6 14 2 2 5 8 8 7 7 12 9 9 8
 14 14 13 17 17 17 21 21 21 21 33 37 37 27 34 34 27 27 41 20 20 15 31 31 14 14 20 28 28 22 23 23 19 19 18 13 13 4 7 7 7 7 18 25 25 24
 14 14 13 17 17 17 21 21 21 21 33 37 37 27 34 34 27 27 41 20 20 15 31 31 14 14 20 28 28 22 23 23 19 19 18 13 13 4 7 7 7 7 18 25 25 24
 14 14 14 18 18 19 26 26 28 28 36 139 139 118 69 69 70 70 48 35 35 17 18 18 15 15 14 29 29 28 17 17 11 11 11 12 12 4 9 9 9 9 16 24 24 24
 14 14 14 18 18 19 26 26 28 28 36 139 139 118 69 69 70 70 48 35 35 17 18 18 15 15 14 29 29 28 17 17 11 11 11 12 12 4 9 9 9 9 16 24 24 24
 13 13 14 17 17 17 20 20 60 60 129 159 159 110 66 66 75 75 81 82 82 28 37 37 30 30 27 21 21 19 19 19 7 7 12 0 0 4 1 1 4 4 6 4 4 3
 12 12 12 15 15 17 18 18 61 61 39 52 52 72 50 50 81 81 82 82 82 26 15 15 18 18 17 13 13 12 10 10 2 2 3 1 1 4 6 6 9 9 8 5 5 1
 12 12 12 15 15 17 18 18 61 61 39 52 52 72 50 50 81 81 82 82 82 26 15 15 18 18 17 13 13 12 10 10 2 2 3 1 1 4 6 6 9 9 8 5 5 1
 10 10 21 13 13 16 21 21 30 30 29 35 35 39 43 43 43 43 39 35 35 21 11 11 15 15 14 12 12 15 13 13 5 5 4 6 6 7 8 8 9 9 11 2 2 4
 7 7 20 13 13 12 17 17 19 19 24 30 30 30 37 37 46 46 76 42 42 25 11 11 10 10 10 13 13 19 15 15 11 11 6 7 7 7 6 6 9 9 7 3 3 4
 7 7 20 13 13 12 17 17 19 19 24 30 30 30 37 37 46 46 76 42 42 25 11 11 10 10 10 13 13 19 15 15 11 11 6 7 7 7 6 6 9 9 7 3 3 4
 54 54 55 55 55 58 33 33 13 13 12 12 12 19 51 51 69 69 71 42 42 39 13 13 8 8 18 11 11 16 14 14 9 9 9 8 8 5 2 2 2 2 8 11 11 5
 54 54 55 55 55 58 33 33 13 13 12 12 12 19 51 51 69 69 71 42 42 39 13 13 8 8 18 11 11 16 14 14 9 9 9 8 8 5 2 2 2 2 8 11 11 5
 21 21 23 55 55 30 30 30 13 13 16 11 11 20 51 51 56 56 43 41 41 43 36 36 17 17 10 14 14 10 30 30 15 15 6 4 4 2 3 3 1 1 5 5 5 6
 19 19 22 23 23 13 12 12 11 11 16 13 13 17 35 35 39 39 31 27 27 33 27 27 44 44 17 8 8 10 15 15 11 11 8 3 3 3 1 1 1 1 3 7 7 12
 19 19 22 23 23 13 12 12 11 11 16 13 13 17 35 35 39 39 31 27 27 33 27 27 44 44 17 8 8 10 15 15 11 11 8 3 3 3 1 1 1 1 3 7 7 12
 8 8 10 8 8 9 9 9 7 7 14 14 14 13 13 13 6 6 6 5 5 25 16 16 28 28 13 6 6 15 18 18 8 8 6 3 3 4 3 3 5 5 5 5 5 10
 9 9 10 7 7 7 7 7 25 25 31 27 27 16 13 13 5 5 4 3 3 2 7 7 20 20 14 6 6 2 4 4 0 0 2 1 1 3 4 4 5 5 3 4 4 7
 9 9 10 7 7 7 7 7 25 25 31 27 27 16 13 13 5 5 4 3 3 2 7 7 20 20 14 6 6 2 4 4 0 0 2 1 1 3 4 4 5 5 3 4 4 7
 15 15 14 8 8 7 6 6 26 26 30 18 18 14 27 27 36 36 10 4 4 6 26 26 25 25 23 10 10 2 1 1 0 0 3 0 0 2 2 2 2 2 3 3 3 7
 15 15 14 8 8 7 6 6 26 26 30 18 18 14 27 27 36 36 10 4 4 6 26 26 25 25 23 10 10 2 1 1 0 0 3 0 0 2 2 2 2 2 3 3 3 7
 14 14 15 9 9 9 7 7 6 6 3 10 10 11 27 27 47 47 51 56 56 21 26 26 8 8 20 6 6 1 1 1 0 0 0 0 0 0 0 0 0 0 1 1 1 1
 12 12 13 9 9 8 6 6 5 5 3 2 2 3 6 6 43 43 51 56 56 14 20 20 9 9 11 0 0 0 0 0 3 3 3 1 1 1 1 1 1 1 1 0 0 0
 12 12 13 9 9 8 6 6 5 5 3 2 2 3 6 6 43 43 51 56 56 14 20 20 9 9 11 0 0 0 0 0 3 3 3 1 1 1 1 1 1 1 1 0 0 0
 7 7 7 9 9 8 5 5 4 4 4 4 4 3 3 3 3 3 2 4 4 5 9 9 27 27 18 14 14 1 3 3 11 11 7 6 6 3 1 1 0 0 0 0 0 0
 3 3 4 9 9 11 11 11 4 4 7 5 5 4 4 4 2 2 3 17 17 25 20 20 21 21 18 13 13 5 8 8 11 11 16 8 8 7 4 4 0 0 0 1 1 1
 3 3 4 9 9 11 11 11 4 4 7 5 5 4 4 4 2 2 3 17 17 25 20 20 21 21 18 13 13 5 8 8 11 11 16 8 8 7 4 4 0 0 0 1 1 1
 2 2 3 3 3 7 8 8 3 3 5 4 4 7 6 6 3 3 3 17 17 19 24 24 25 25 12 15 15 11 9 9 12 12 14 10 10 8 10 10 1 1 0 1 1 1
 2 2 3 3 3 7 8 8 3 3 5 4 4 7 6 6 3 3 3 17 17 19 24 24 25 25 12 15 15 11 9 9 12 12 14 10 10 8 10 10 1 1 0 1 1 1
 3 3 6 3 3 3 3 3 3 3 6 4 4 4 3 3 2 2 23 28 28 72 31 31 26 26 13 12 12 22 20 20 23 23 17 10 10 8 10 10 1 1 1 1 1 1
 4 4 8 4 4 8 3 3 2 2 4 3 3 3 3 3 2 2 3 11 11 5 3 3 4 4 6 6 6 8 7 7 8 8 9 5 5 2 2 2 1 1 1 2 2 2
 4 4 8 4 4 8 3 3 2 2 4 3 3 3 3 3 2 2 3 11 11 5 3 3 4 4 6 6 6 8 7 7 8 8 9 5 5 2 2 2 1 1 1 2 2 2
 3 3 9 6 6 6 5 5 1 1 2 1 1 2 3 3 3 3 3 13 13 7 4 4 3 3 6 7 7 7 10 10 10 10 9 3 3 3 3 3 2 2 2 2 2 2
 1 1 2 2 2 4 1 1 1 1 1 1 1 2 2 2 3 3 7 7 7 9 5 5 4 4 4 12 12 16 24 24 22 22 10 6 6 5 3 3 3 3 4 3 3 3
 1 1 2 2 2 4 1 1 1 1 1 1 1 2 2 2 3 3 7 7 7 9 5 5 4 4 4 12 12 16 24 24 22 22 10 6 6 5 3 3 3 3 4 3 3 3
 0 0 0 0 0 1 1 1 2 2 2 1 1 1 1 1 1 1 5 5 5 5 5 5 5 5 6 14 14 24 29 29 29 29 20 11 11 8 6 6 4 4 10 9 9 5
 0 0 0 0 0 1 1 1 2 2 2 1 1 1 1 1 1 1 5 5 5 5 5 5 5 5 6 14 14 24 29 29 29 29 20 11 11 8 6 6 4 4 10 9 9 5
 0 0 0 0 0 0 1 1 1 1 0 0 0 0 0 0 0 0 1 6 6 8 3 3 4 4 5 3 3 10 15 15 19 19 13 6 6 4 2 2 3 3 8 11 11 6
 0 0 0 0 0 0 0 0 0 0 0 0 0 0 0 0 0 0 1 2 2 5 3 3 3 3 7 6 6 12 22 22 19 19 7 2 2 2 4 4 5 5 11 9 9 6
 0 0 0 0 0 0 0 0 0 0 0 0 0 0 0 0 0 0 1 2 2 5 3 3 3 3 7 6 6 12 22 22 19 19 7 2 2 2 4 4 5 5 11 9 9 6
 0 0 0 0 0 0 0 0 0 0 0 0 0 0 0 0 0 0 1 1 1 3 1 1 1 1 1 1 1 3 16 16 22 22 11 8 8 4 5 5 9 9 14 15 15 9
 0 0 0 0 0 0 0 0 0 0 0 0 0 0 0 0 0 0 0 0 0 0 0 0 0 0 0 0 0 0 3 3 7 7 7 5 5 7 10 10 8 8 11 12 12 8
 0 0 0 0 0 0 0 0 0 0 0 0 0 0 0 0 0 0 0 0 0 0 0 0 0 0 0 0 0 0 3 3 7 7 7 5 5 7 10 10 8 8 11 12 12 8
 0 0 0 0 0 0 0 0 0 0 0 0 0 0 0 0 0 0 0 0 0 0 0 0 0 0 0 0 0 0 1 1 7 7 13 11 11 13 7 7 6 6 6 7 7 5
 0 0 0 0 0 0 0 0 0 0 0 0 0 0 0 0 0 0 0 0 0 0 0 0 0 0 0 0 0 0 1 1 7 7 13 11 11 13 7 7 6 6 6 7 7 5
 0 0 0 0 0 0 0 0 0 0 0 0 0 1 1 1 0 0 0 0 0 0 0 0 0 0 0 0 0 0 0 0 1 1 4 3 3 2 4 4 2 2 3 3 3 6
 0 0 0 0 0 0 0 0 0 0 0 0 0 0 0 0 1 1 0 0 0 0 1 1 0 0 0 0 0 0 0 0 0 0 0 0 0 1 4 4 2 2 2 2 2 2
 0 0 0 0 0 0 0 0 0 0 0 0 0 0 0 0 1 1 0 0 0 0 1 1 0 0 0 0 0 0 0 0 0 0 0 0 0 1 4 4 2 2 2 2 2 2
 1 1 1 0 0 0 0 0 0 0 0 0 0 0 0 0 1 1 0 0 0 2 1 1 1 1 0 0 0 0 0 0 0 0 1 0 0 0 1 1 1 1 2 2 2 2
 2 2 2 0 0 0 0 0 0 0 1 2 2 1 2 2 2 2 0 0 0 0 0 0 0 0 0 0 0 0 0 0 0 0 0 0 0 1 1 1 0 0 1 0 0 0
