assets/RAT_results/precipitation/2019-05-30_IMERG.asc
ncols        46
nrows        77
xllcorner    74.800261325624
yllcorner    8.058333333333
cellsize     0.062500000000
NODATA_value -9999
 1 1 2 2 2 2 2 2 4 4 5 7 7 6 4 4 8 8 15 11 11 13 10 10 11 11 16 5 5 6 7 7 8 8 9 14 14 14 15 15 15 15 13 13 13 15
 3 3 3 3 3 3 3 3 3 3 4 5 5 5 5 5 7 7 8 9 9 7 12 12 11 11 11 8 8 8 9 9 8 8 14 18 18 17 24 24 31 31 16 13 13 13
 3 3 3 3 3 3 3 3 3 3 4 5 5 5 5 5 7 7 8 9 9 7 12 12 11 11 11 8 8 8 9 9 8 8 14 18 18 17 24 24 31 31 16 13 13 13
 5 5 5 5 5 5 5 5 5 5 6 6 6 6 6 6 6 6 8 10 10 9 9 9 11 11 10 9 9 7 9 9 12 12 14 15 15 16 41 41 37 37 26 25 25 19
 2 2 6 7 7 6 6 6 6 6 7 7 7 7 9 9 7 7 13 17 17 14 13 13 13 13 14 10 10 9 10 10 11 11 12 13 13 30 51 51 48 48 35 29 29 36
 2 2 6 7 7 6 6 6 6 6 7 7 7 7 9 9 7 7 13 17 17 14 13 13 13 13 14 10 10 9 10 10 11 11 12 13 13 30 51 51 48 48 35 29 29 36
 1 1 1 7 7 7 6 6 6 6 7 7 7 7 8 8 11 11 18 16 16 16 17 17 22 22 24 17 17 17 13 13 9 9 10 11 11 70 71 71 102 102 32 40 40 46
 1 1 1 7 7 7 6 6 6 6 7 7 7 7 8 8 11 11 18 16 16 16 17 17 22 22 24 17 17 17 13 13 9 9 10 11 11 70 71 71 102 102 32 40 40 46
 1 1 2 5 5 5 6 6 7 7 7 8 8 9 10 10 16 16 20 21 21 28 24 24 26 26 27 23 23 21 16 16 11 11 8 9 9 67 69 69 36 36 54 53 53 51
 2 2 2 4 4 5 6 6 7 7 7 8 8 9 9 9 11 11 20 24 24 32 28 28 25 25 25 25 25 23 18 18 15 15 10 7 7 59 61 61 32 32 34 63 63 64
 2 2 2 4 4 5 6 6 7 7 7 8 8 9 9 9 11 11 20 24 24 32 28 28 25 25 25 25 25 23 18 18 15 15 10 7 7 59 61 61 32 32 34 63 63 64
 2 2 2 3 3 4 4 4 5 5 6 8 8 9 11 11 13 13 16 18 18 22 28 28 20 20 20 21 21 19 16 16 14 14 9 8 8 8 49 49 103 103 103 67 67 67
 3 3 3 3 3 4 5 5 5 5 6 6 6 7 9 9 10 10 11 13 13 15 17 17 15 15 13 13 13 14 11 11 8 8 7 12 12 13 53 53 27 27 30 36 36 35
 3 3 3 3 3 4 5 5 5 5 6 6 6 7 9 9 10 10 11 13 13 15 17 17 15 15 13 13 13 14 11 11 8 8 7 12 12 13 53 53 27 27 30 36 36 35
 3 3 3 3 3 3 5 5 5 5 5 5 5 6 7 7 8 8 9 11 11 12 12 12 11 11 10 7 7 6 5 5 4 4 6 13 13 16 32 32 38 38 42 13 13 34
 3 3 3 3 3 3 5 5 5 5 5 5 5 6 7 7 8 8 9 11 11 12 12 12 11 11 10 7 7 6 5 5 4 4 6 13 13 16 32 32 38 38 42 13 13 34
 3 3 3 3 3 3 3 3 4 4 4 3 3 4 4 4 4 4 5 6 6 6 7 7 7 7 7 6 6 5 4 4 4 4 7 16 16 17 39 39 64 64 23 15 15 13
 3 3 3 3 3 3 3 3 2 2 4 3 3 3 4 4 4 4 4 4 4 4 4 4 4 4 4 4 4 4 4 4 4 4 8 11 11 32 59 59 66 66 20 15 15 13
 3 3 3 3 3 3 3 3 2 2 4 3 3 3 4 4 4 4 4 4 4 4 4 4 4 4 4 4 4 4 4 4 4 4 8 11 11 32 59 59 66 66 20 15 15 13
 2 2 3 2 2 2 2 2 2 2 2 3 3 3 3 3 3 3 3 3 3 4 4 4 4 4 3 3 3 4 4 4 4 4 6 13 13 26 28 28 34 34 15 14 14 9
 2 2 2 2 2 2 3 3 3 3 3 4 4 4 3 3 3 3 3 3 3 3 3 3 2 2 2 2 2 3 3 3 3 3 4 5 5 22 24 24 27 27 63 31 31 7
 2 2 2 2 2 2 3 3 3 3 3 4 4 4 3 3 3 3 3 3 3 3 3 3 2 2 2 2 2 3 3 3 3 3 4 5 5 22 24 24 27 27 63 31 31 7
 2 2 1 2 2 2 3 3 3 3 4 4 4 4 5 5 7 7 8 8 8 8 8 8 5 5 2 2 2 3 5 5 4 4 4 7 7 59 63 63 52 52 58 28 28 8
 2 2 1 2 2 2 3 3 3 3 4 4 4 4 5 5 7 7 8 8 8 8 8 8 5 5 2 2 2 3 5 5 4 4 4 7 7 59 63 63 52 52 58 28 28 8
 1 1 1 1 1 1 2 2 2 2 4 5 5 5 7 7 9 9 11 12 12 14 13 13 9 9 2 2 2 4 4 4 4 4 3 6 6 4 37 37 45 45 48 7 7 7
 1 1 1 1 1 1 2 2 3 3 4 5 5 7 6 6 9 9 12 15 15 16 14 14 11 11 4 2 2 2 2 2 3 3 4 4 4 5 36 36 43 43 44 13 13 12
 1 1 1 1 1 1 2 2 3 3 4 5 5 7 6 6 9 9 12 15 15 16 14 14 11 11 4 2 2 2 2 2 3 3 4 4 4 5 36 36 43 43 44 13 13 12
 0 0 0 1 1 1 2 2 2 2 3 4 4 4 6 6 5 5 8 11 11 12 14 14 6 6 3 3 3 3 3 3 4 4 5 5 5 5 5 5 5 5 4 12 12 13
 0 0 0 1 1 3 3 3 3 3 3 2 2 3 3 3 3 3 5 6 6 8 9 9 5 5 5 5 5 5 5 5 6 6 6 6 6 5 5 5 5 5 5 5 5 8
 0 0 0 1 1 3 3 3 3 3 3 2 2 3 3 3 3 3 5 6 6 8 9 9 5 5 5 5 5 5 5 5 6 6 6 6 6 5 5 5 5 5 5 5 5 8
 0 0 0 1 1 1 1 1 2 2 1 1 1 2 2 2 3 3 4 6 6 6 5 5 4 4 5 6 6 6 6 6 6 6 7 7 7 6 5 5 5 5 5 5 5 7
 0 0 0 1 1 1 1 1 2 2 1 1 1 2 2 2 3 3 4 6 6 6 5 5 4 4 5 6 6 6 6 6 6 6 7 7 7 6 5 5 5 5 5 5 5 7
 0 0 0 1 1 1 1 1 2 2 1 1 1 1 2 2 2 2 2 4 4 4 4 4 4 4 5 6 6 6 6 6 7 7 7 6 6 6 6 6 5 5 5 5 5 4
 1 1 0 1 1 1 2 2 2 2 2 1 1 1 2 2 1 1 2 3 3 3 4 4 4 4 5 5 5 5 6 6 7 7 6 6 6 6 5 5 5 5 6 7 7 5
 1 1 0 1 1 1 2 2 2 2 2 1 1 1 2 2 1 1 2 3 3 3 4 4 4 4 5 5 5 5 6 6 7 7 6 6 6 6 5 5 5 5 6 7 7 5
 1 1 0 0 0 1 1 1 2 2 1 2 2 1 1 1 2 2 2 2 2 2 3 3 3 3 3 4 4 4 5 5 6 6 6 7 7 5 6 6 6 6 7 6 6 7
 1 1 0 0 0 1 1 1 1 1 1 1 1 1 1 1 1 1 1 2 2 2 2 2 2 2 2 2 2 3 3 3 3 3 4 6 6 6 7 7 10 10 10 8 8 7
 1 1 0 0 0 1 1 1 1 1 1 1 1 1 1 1 1 1 1 2 2 2 2 2 2 2 2 2 2 3 3 3 3 3 4 6 6 6 7 7 10 10 10 8 8 7
 0 0 0 0 0 0 0 0 1 1 1 1 1 1 1 1 1 1 1 2 2 2 2 2 2 2 2 2 2 3 2 2 2 2 3 4 4 5 8 8 10 10 10 7 7 17
 0 0 0 0 0 0 0 0 1 1 1 1 1 1 1 1 1 1 1 2 2 2 2 2 2 2 2 2 2 3 2 2 2 2 3 4 4 5 8 8 10 10 10 7 7 17
 0 0 0 0 0 0 0 0 0 0 1 1 1 1 1 1 1 1 1 2 2 2 2 2 2 2 2 2 2 4 3 3 2 2 3 3 3 4 7 7 8 8 21 20 20 20
 0 0 0 0 0 0 0 0 0 0 1 2 2 3 1 1 1 1 1 1 1 3 2 2 2 2 3 4 4 4 3 3 2 2 3 4 4 12 7 7 9 9 13 12 12 11
 0 0 0 0 0 0 0 0 0 0 1 2 2 3 1 1 1 1 1 1 1 3 2 2 2 2 3 4 4 4 3 3 2 2 3 4 4 12 7 7 9 9 13 12 12 11
 0 0 0 0 0 0 0 0 0 0 1 1 1 1 1 1 1 1 1 1 1 2 3 3 4 4 4 8 8 5 3 3 2 2 5 10 10 10 4 4 7 7 12 11 11 11
 0 0 0 0 0 0 0 0 0 0 0 1 1 1 1 1 1 1 1 1 1 1 2 2 2 2 2 4 4 9 2 2 3 3 6 9 9 9 3 3 5 5 22 28 28 40
 0 0 0 0 0 0 0 0 0 0 0 1 1 1 1 1 1 1 1 1 1 1 2 2 2 2 2 4 4 9 2 2 3 3 6 9 9 9 3 3 5 5 22 28 28 40
 0 0 0 0 0 0 0 0 0 0 0 3 3 1 1 1 1 1 1 0 0 0 0 0 1 1 1 4 4 6 3 3 2 2 4 2 2 3 2 2 4 4 5 26 26 26
 0 0 0 0 0 0 0 0 0 0 0 3 3 1 1 1 1 1 1 0 0 0 0 0 1 1 1 4 4 6 3 3 2 2 4 2 2 3 2 2 4 4 5 26 26 26
 0 0 0 0 0 0 0 0 0 0 0 1 1 1 0 0 1 1 0 0 0 0 0 0 2 2 1 1 1 1 2 2 1 1 2 0 0 0 0 0 3 3 5 20 20 25
 0 0 0 0 0 0 0 0 0 0 0 0 0 0 0 0 0 0 0 0 0 0 0 0 1 1 1 1 1 1 2 2 2 2 0 0 0 0 0 0 2 2 0 2 2 2
 0 0 0 0 0 0 0 0 0 0 0 0 0 0 0 0 0 0 0 0 0 0 0 0 1 1 1 1 1 1 2 2 2 2 0 0 0 0 0 0 2 2 0 2 2 2
 0 0 0 0 0 0 0 0 0 0 0 0 0 0 0 0 0 0 0 0 0 0 0 0 0 0 1 0 0 0 0 0 0 0 0 0 0 0 0 0 0 0 0 1 1 2
 0 0 0 0 0 0 0 0 0 0 0 0 0 0 0 0 0 0 0 0 0 1 0 0 1 1 1 0 0 0 0 0 0 0 0 1 1 0 1 1 1 1 0 0 0 0
 0 0 0 0 0 0 0 0 0 0 0 0 0 0 0 0 0 0 0 0 0 1 0 0 1 1 1 0 0 0 0 0 0 0 0 1 1 0 1 1 1 1 0 0 0 0
 0 0 0 0 0 0 0 0 0 0 0 0 0 1 1 1 1 1 1 1 1 1 1 1 2 2 11 1 1 0 0 0 0 0 0 0 0 0 1 1 1 1 0 0 0 0
 0 0 0 0 0 0 0 0 0 0 0 0 0 1 1 1 1 1 1 1 1 1 1 1 2 2 11 1 1 0 0 0 0 0 0 0 0 0 1 1 1 1 0 0 0 0
 0 0 0 0 0 0 0 0 0 0 0 0 0 1 1 1 1 1 1 1 1 2 1 1 7 7 3 5 5 0 0 0 0 0 0 0 0 0 0 0 1 1 0 0 0 0
 0 0 0 0 0 0 0 0 0 0 1 1 1 2 2 2 2 2 2 1 1 1 1 1 2 2 4 2 2 1 0 0 0 0 0 0 0 0 0 0 0 0 0 0 0 0
 0 0 0 0 0 0 0 0 0 0 1 1 1 2 2 2 2 2 2 1 1 1 1 1 2 2 4 2 2 1 0 0 0 0 0 0 0 0 0 0 0 0 0 0 0 0
 0 0 0 0 0 1 2 2 3 3 5 5 5 7 7 7 6 6 5 3 3 2 2 2 2 2 2 2 2 2 1 1 0 0 0 0 0 0 0 0 0 0 0 0 0 0
 0 0 1 2 2 3 7 7 8 8 11 12 12 13 14 14 10 10 9 7 7 4 3 3 1 1 1 1 1 0 0 0 0 0 0 0 0 0 0 0 0 0 0 0 0 0
 0 0 1 2 2 3 7 7 8 8 11 12 12 13 14 14 10 10 9 7 7 4 3 3 1 1 1 1 1 0 0 0 0 0 0 0 0 0 0 0 0 0 0 0 0 0
 1 1 2 5 5 7 11 11 17 17 20 20 20 17 15 15 11 11 10 7 7 6 5 5 1 1 0 0 0 6 0 0 1 1 0 1 1 0 0 0 0 0 0 0 0 0
 1 1 2 5 5 7 11 11 17 17 20 20 20 17 15 15 11 11 10 7 7 6 5 5 1 1 0 0 0 6 0 0 1 1 0 1 1 0 0 0 0 0 0 0 0 0
 2 2 5 8 8 11 17 17 22 22 22 21 21 19 16 16 13 13 12 11 11 9 6 6 6 6 14 1 1 1 1 1 1 1 2 2 2 2 2 2 1 1 0 0 0 0
 3 3 6 9 9 13 15 15 21 21 22 20 20 16 16 16 14 14 11 9 9 11 10 10 11 11 7 4 4 3 1 1 1 1 1 1 1 11 12 12 7 7 2 1 1 0
 3 3 6 9 9 13 15 15 21 21 22 20 20 16 16 16 14 14 11 9 9 11 10 10 11 11 7 4 4 3 1 1 1 1 1 1 1 11 12 12 7 7 2 1 1 0
 2 2 5 7 7 11 11 11 12 12 14 11 11 10 10 10 9 9 5 3 3 4 4 4 2 2 2 4 4 6 7 7 3 3 0 8 8 9 11 11 4 4 2 1 1 0
 0 0 1 2 2 4 5 5 5 5 4 4 4 5 5 5 2 2 1 1 1 1 1 1 1 1 1 1 1 3 4 4 4 4 0 0 0 1 2 2 3 3 1 1 1 1
 0 0 1 2 2 4 5 5 5 5 4 4 4 5 5 5 2 2 1 1 1 1 1 1 1 1 1 1 1 3 4 4 4 4 0 0 0 1 2 2 3 3 1 1 1 1
 0 0 1 1 1 1 1 1 1 1 1 1 1 1 1 1 1 1 0 0 0 0 0 0 0 0 0 0 0 0 5 5 4 4 0 9 9 0 3 3 1 1 1 0 0 0
 0 0 1 1 1 1 1 1 1 1 1 1 1 1 1 1 1 1 0 0 0 0 0 0 0 0 0 0 0 0 5 5 4 4 0 9 9 0 3 3 1 1 1 0 0 0
 0 0 0 0 0 0 0 0 0 0 0 0 0 0 0 0 0 0 0 0 0 0 0 0 0 0 0 0 0 0 0 0 0 0 20 0 0 0 0 0 0 0 0 0 0 0
 0 0 0 0 0 0 1 1 0 0 0 0 0 0 0 0 0 0 0 0 0 0 0 0 0 0 0 1 1 0 0 0 0 0 0 0 0 0 0 0 0 0 0 0 0 0
 0 0 0 0 0 0 1 1 0 0 0 0 0 0 0 0 0 0 0 0 0 0 0 0 0 0 0 1 1 0 0 0 0 0 0 0 0 0 0 0 0 0 0 0 0 0
 0 0 0 0 0 0 0 0 0 0 0 0 0 0 0 0 0 0 0 0 0 0 0 0 0 0 0 1 1 0 0 0 0 0 0 0 0 0 0 0 0 0 0 0 0 0
 0 0 0 0 0 0 0 0 0 0 0 0 0 0 0 0 0 0 0 0 0 0 0 0 0 0 0 0 0 1 0 0 0 0 0 0 0 0 0 0 0 0 0 0 0 0
