assets/RAT_results/precipitation/2019-08-19_IMERG.asc
ncols        46
nrows        77
xllcorner    74.800261325624
yllcorner    8.058333333333
cellsize     0.062500000000
NODATA_value -9999
 17 17 21 10 10 4 8 8 9 9 12 7 7 10 8 8 6 6 11 24 24 40 33 33 36 36 30 21 21 23 20 20 18 18 17 13 13 11 14 14 8 8 14 15 15 22
 19 19 16 11 11 13 10 10 14 14 13 15 15 7 4 4 5 5 6 11 11 18 25 25 34 34 27 22 22 17 17 17 15 15 14 12 12 12 12 12 11 11 17 19 19 15
 19 19 16 11 11 13 10 10 14 14 13 15 15 7 4 4 5 5 6 11 11 18 25 25 34 34 27 22 22 17 17 17 15 15 14 12 12 12 12 12 11 11 17 19 19 15
 19 19 32 14 14 11 11 11 17 17 28 26 26 10 8 8 6 6 6 9 9 11 16 16 18 18 16 14 14 19 17 17 15 15 13 19 19 13 13 13 12 12 14 13 13 12
 8 8 18 12 12 20 12 12 11 11 17 21 21 10 11 11 8 8 8 8 8 7 13 13 16 16 16 11 11 16 13 13 13 13 11 14 14 13 14 14 15 15 13 15 15 13
 8 8 18 12 12 20 12 12 11 11 17 21 21 10 11 11 8 8 8 8 8 7 13 13 16 16 16 11 11 16 13 13 13 13 11 14 14 13 14 14 15 15 13 15 15 13
 3 3 11 10 10 7 20 20 7 7 15 13 13 17 6 6 8 8 7 8 8 8 10 10 12 12 13 11 11 11 13 13 14 14 13 15 15 19 13 13 13 13 13 11 11 12
 3 3 11 10 10 7 20 20 7 7 15 13 13 17 6 6 8 8 7 8 8 8 10 10 12 12 13 11 11 11 13 13 14 14 13 15 15 19 13 13 13 13 13 11 11 12
 6 6 5 7 7 7 4 4 9 9 21 14 14 43 8 8 7 7 7 10 10 8 4 4 5 5 6 9 9 9 11 11 17 17 17 17 17 17 22 22 18 18 11 11 11 11
 9 9 10 7 7 8 7 7 6 6 8 18 18 25 5 5 5 5 10 6 6 10 3 3 3 3 2 3 3 5 7 7 12 12 16 18 18 18 19 19 12 12 11 11 11 9
 9 9 10 7 7 8 7 7 6 6 8 18 18 25 5 5 5 5 10 6 6 10 3 3 3 3 2 3 3 5 7 7 12 12 16 18 18 18 19 19 12 12 11 11 11 9
 11 11 10 7 7 10 10 10 7 7 6 13 13 27 17 17 4 4 4 4 4 3 2 2 2 2 2 3 3 3 4 4 8 8 13 15 15 20 13 13 9 9 9 7 7 6
 18 18 9 7 7 7 7 7 8 8 4 11 11 12 18 18 10 10 6 4 4 3 4 4 4 4 3 4 4 2 2 2 3 3 5 8 8 14 10 10 4 4 6 5 5 5
 18 18 9 7 7 7 7 7 8 8 4 11 11 12 18 18 10 10 6 4 4 3 4 4 4 4 3 4 4 2 2 2 3 3 5 8 8 14 10 10 4 4 6 5 5 5
 16 16 18 10 10 4 7 7 8 8 8 9 9 12 19 19 10 10 9 5 5 5 9 9 9 9 16 5 5 2 1 1 1 1 1 3 3 3 2 2 1 1 3 3 3 5
 16 16 18 10 10 4 7 7 8 8 8 9 9 12 19 19 10 10 9 5 5 5 9 9 9 9 16 5 5 2 1 1 1 1 1 3 3 3 2 2 1 1 3 3 3 5
 6 6 4 6 6 4 6 6 10 10 10 6 6 5 13 13 12 12 8 9 9 11 7 7 16 16 14 7 7 5 2 2 2 2 2 1 1 3 2 2 3 3 6 2 2 2
 1 1 1 1 1 3 9 9 8 8 6 5 5 3 3 3 5 5 9 9 9 12 10 10 9 9 13 6 6 4 5 5 3 3 4 4 4 5 4 4 6 6 10 4 4 3
 1 1 1 1 1 3 9 9 8 8 6 5 5 3 3 3 5 5 9 9 9 12 10 10 9 9 13 6 6 4 5 5 3 3 4 4 4 5 4 4 6 6 10 4 4 3
 1 1 1 1 1 2 6 6 6 6 3 5 5 3 2 2 2 2 8 10 10 10 7 7 6 6 5 3 3 4 5 5 4 4 6 6 6 6 7 7 9 9 12 13 13 3
 1 1 3 1 1 1 1 1 1 1 2 6 6 5 2 2 2 2 4 5 5 9 5 5 3 3 3 4 4 7 8 8 7 7 8 8 8 9 8 8 7 7 6 4 4 3
 1 1 3 1 1 1 1 1 1 1 2 6 6 5 2 2 2 2 4 5 5 9 5 5 3 3 3 4 4 7 8 8 7 7 8 8 8 9 8 8 7 7 6 4 4 3
 1 1 2 2 2 1 0 0 1 1 3 3 3 4 4 4 0 0 0 1 1 4 3 3 4 4 5 5 5 8 9 9 9 9 8 9 9 7 8 8 6 6 5 4 4 3
 1 1 2 2 2 1 0 0 1 1 3 3 3 4 4 4 0 0 0 1 1 4 3 3 4 4 5 5 5 8 9 9 9 9 8 9 9 7 8 8 6 6 5 4 4 3
 0 0 1 2 2 3 1 1 1 1 5 4 4 5 4 4 3 3 2 1 1 2 5 5 5 5 5 5 5 7 8 8 5 5 8 5 5 4 4 4 4 4 3 3 3 3
 1 1 1 2 2 4 3 3 2 2 8 3 3 2 3 3 3 3 2 2 2 3 4 4 6 6 5 4 4 7 5 5 5 5 5 9 9 3 4 4 4 4 3 2 2 3
 1 1 1 2 2 4 3 3 2 2 8 3 3 2 3 3 3 3 2 2 2 3 4 4 6 6 5 4 4 7 5 5 5 5 5 9 9 3 4 4 4 4 3 2 2 3
 1 1 1 1 1 3 2 2 3 3 5 4 4 3 2 2 4 4 2 2 2 3 6 6 6 6 5 5 5 5 3 3 3 3 5 11 11 3 3 3 3 3 3 2 2 2
 1 1 4 2 2 2 4 4 2 2 2 2 2 4 2 2 5 5 4 3 3 4 5 5 5 5 4 9 9 6 8 8 6 6 5 4 4 3 4 4 4 4 4 2 2 2
 1 1 4 2 2 2 4 4 2 2 2 2 2 4 2 2 5 5 4 3 3 4 5 5 5 5 4 9 9 6 8 8 6 6 5 4 4 3 4 4 4 4 4 2 2 2
 0 0 4 3 3 1 3 3 5 5 3 2 2 2 2 2 4 4 6 4 4 4 5 5 5 5 5 5 5 7 10 10 11 11 7 6 6 6 6 6 7 7 6 4 4 4
 0 0 4 3 3 1 3 3 5 5 3 2 2 2 2 2 4 4 6 4 4 4 5 5 5 5 5 5 5 7 10 10 11 11 7 6 6 6 6 6 7 7 6 4 4 4
 0 0 1 2 2 1 1 1 4 4 3 2 2 2 2 2 4 4 6 5 5 4 4 4 5 5 5 5 5 6 8 8 7 7 7 8 8 8 9 9 10 10 9 7 7 7
 0 0 0 0 0 0 1 1 1 1 1 1 1 1 2 2 2 2 4 5 5 3 3 3 4 4 5 6 6 7 7 7 8 8 9 11 11 11 11 11 13 13 13 11 11 10
 0 0 0 0 0 0 1 1 1 1 1 1 1 1 2 2 2 2 4 5 5 3 3 3 4 4 5 6 6 7 7 7 8 8 9 11 11 11 11 11 13 13 13 11 11 10
 0 0 0 0 0 0 0 0 1 1 1 1 1 2 2 2 2 2 4 10 10 3 2 2 3 3 3 5 5 6 6 6 7 7 8 10 10 12 13 13 15 15 16 13 13 13
 1 1 1 0 0 0 0 0 0 0 1 2 2 3 2 2 3 3 3 4 4 4 4 4 2 2 3 3 3 3 4 4 6 6 8 10 10 12 13 13 15 15 16 12 12 9
 1 1 1 0 0 0 0 0 0 0 1 2 2 3 2 2 3 3 3 4 4 4 4 4 2 2 3 3 3 3 4 4 6 6 8 10 10 12 13 13 15 15 16 12 12 9
 0 0 0 0 0 0 0 0 0 0 1 3 3 5 3 3 3 3 4 4 4 6 7 7 12 12 6 4 4 6 5 5 4 4 6 7 7 7 8 8 10 10 11 8 8 5
 0 0 0 0 0 0 0 0 0 0 1 3 3 5 3 3 3 3 4 4 4 6 7 7 12 12 6 4 4 6 5 5 4 4 6 7 7 7 8 8 10 10 11 8 8 5
 0 0 0 0 0 0 0 0 0 0 2 2 2 2 1 1 1 1 1 3 3 4 5 5 14 14 19 5 5 5 6 6 4 4 5 8 8 5 4 4 4 4 5 3 3 3
 0 0 0 0 0 0 0 0 0 0 1 2 2 1 1 1 0 0 1 2 2 4 5 5 9 9 9 6 6 5 15 15 10 10 7 10 10 6 5 5 3 3 2 3 3 2
 0 0 0 0 0 0 0 0 0 0 1 2 2 1 1 1 0 0 1 2 2 4 5 5 9 9 9 6 6 5 15 15 10 10 7 10 10 6 5 5 3 3 2 3 3 2
 2 2 1 0 0 1 1 1 1 1 1 2 2 2 2 2 2 2 2 2 2 5 5 5 4 4 7 9 9 13 12 12 9 9 8 7 7 3 7 7 2 2 1 1 1 1
 8 8 1 1 1 1 1 1 1 1 1 2 2 2 2 2 3 3 4 4 4 3 8 8 8 8 5 3 3 8 6 6 2 2 5 5 5 2 2 2 1 1 1 1 1 1
 8 8 1 1 1 1 1 1 1 1 1 2 2 2 2 2 3 3 4 4 4 3 8 8 8 8 5 3 3 8 6 6 2 2 5 5 5 2 2 2 1 1 1 1 1 1
 8 8 1 1 1 1 1 1 1 1 1 1 1 3 3 3 3 3 3 4 4 3 3 3 10 10 7 3 3 2 2 2 2 2 2 4 4 3 3 3 2 2 3 4 4 4
 8 8 1 1 1 1 1 1 1 1 1 1 1 3 3 3 3 3 3 4 4 3 3 3 10 10 7 3 3 2 2 2 2 2 2 4 4 3 3 3 2 2 3 4 4 4
 2 2 3 2 2 1 1 1 1 1 2 2 2 4 4 4 3 3 3 3 3 2 2 2 7 7 4 1 1 0 1 1 5 5 5 4 4 3 2 2 1 1 1 2 2 2
 2 2 2 4 4 3 3 3 2 2 2 2 2 3 2 2 1 1 1 1 1 2 1 1 4 4 3 1 1 0 1 1 4 4 4 3 3 4 3 3 2 2 1 1 1 1
 2 2 2 4 4 3 3 3 2 2 2 2 2 3 2 2 1 1 1 1 1 2 1 1 4 4 3 1 1 0 1 1 4 4 4 3 3 4 3 3 2 2 1 1 1 1
 2 2 3 3 3 2 2 2 2 2 1 1 1 2 1 1 1 1 1 0 0 2 3 3 5 5 4 2 2 1 1 1 4 4 4 4 4 4 3 3 1 1 1 0 0 0
 3 3 3 3 3 3 2 2 1 1 1 1 1 1 1 1 1 1 1 1 1 2 3 3 4 4 4 3 3 1 1 1 1 1 2 2 2 2 2 2 1 1 1 0 0 0
 3 3 3 3 3 3 2 2 1 1 1 1 1 1 1 1 1 1 1 1 1 2 3 3 4 4 4 3 3 1 1 1 1 1 2 2 2 2 2 2 1 1 1 0 0 0
 3 3 3 2 2 1 1 1 1 1 1 1 1 0 0 0 0 0 0 0 0 2 2 2 2 2 4 2 2 1 1 1 0 0 0 0 0 2 2 2 1 1 1 0 0 0
 3 3 3 2 2 1 1 1 1 1 1 1 1 0 0 0 0 0 0 0 0 2 2 2 2 2 4 2 2 1 1 1 0 0 0 0 0 2 2 2 1 1 1 0 0 0
 4 4 4 1 1 0 0 0 0 0 0 0 0 0 0 0 0 0 0 0 0 1 1 1 3 3 3 1 1 2 2 2 1 1 0 0 0 1 2 2 2 2 0 0 0 1
 1 1 4 1 1 0 0 0 0 0 0 0 0 0 0 0 0 0 0 1 1 2 2 2 2 2 4 3 3 2 2 2 2 2 1 0 0 1 1 1 1 1 0 0 0 0
 1 1 4 1 1 0 0 0 0 0 0 0 0 0 0 0 0 0 0 1 1 2 2 2 2 2 4 3 3 2 2 2 2 2 1 0 0 1 1 1 1 1 0 0 0 0
 1 1 1 1 1 1 1 1 1 1 1 1 1 1 1 1 1 1 2 2 2 2 2 2 2 2 5 5 5 2 2 2 1 1 0 0 0 0 1 1 0 0 0 1 1 0
 0 0 1 1 1 1 1 1 1 1 4 3 3 2 2 2 2 2 3 3 3 2 2 2 2 2 2 4 4 3 1 1 0 0 0 0 0 0 0 0 0 0 0 2 2 1
 0 0 1 1 1 1 1 1 1 1 4 3 3 2 2 2 2 2 3 3 3 2 2 2 2 2 2 4 4 3 1 1 0 0 0 0 0 0 0 0 0 0 0 2 2 1
 1 1 1 1 1 1 1 1 2 2 2 3 3 2 1 1 1 1 1 2 2 2 3 3 2 2 1 4 4 4 1 1 0 0 0 0 0 0 0 0 0 0 1 1 1 1
 1 1 1 1 1 1 1 1 2 2 2 3 3 2 1 1 1 1 1 2 2 2 3 3 2 2 1 4 4 4 1 1 0 0 0 0 0 0 0 0 0 0 1 1 1 1
 2 2 2 1 1 1 2 2 2 2 2 2 2 1 1 1 1 1 2 2 2 1 3 3 2 2 1 0 0 2 1 1 0 0 0 0 0 0 1 1 1 1 4 1 1 1
 1 1 1 1 1 1 2 2 3 3 2 4 4 1 2 2 2 2 1 1 1 1 1 1 1 1 2 2 2 3 3 3 1 1 0 1 1 1 2 2 2 2 2 1 1 1
 1 1 1 1 1 1 2 2 3 3 2 4 4 1 2 2 2 2 1 1 1 1 1 1 1 1 2 2 2 3 3 3 1 1 0 1 1 1 2 2 2 2 2 1 1 1
 1 1 1 1 1 2 4 4 2 2 1 1 1 1 1 1 1 1 1 1 1 0 0 0 0 0 1 1 1 2 1 1 1 1 0 0 0 1 0 0 0 0 0 1 1 2
 0 0 1 1 1 1 1 1 1 1 1 1 1 1 0 0 0 0 0 0 0 0 0 0 0 0 0 0 0 1 1 1 1 1 0 0 0 0 0 0 0 0 0 0 0 3
 0 0 1 1 1 1 1 1 1 1 1 1 1 1 0 0 0 0 0 0 0 0 0 0 0 0 0 0 0 1 1 1 1 1 0 0 0 0 0 0 0 0 0 0 0 3
 0 0 0 0 0 0 0 0 0 0 1 1 1 0 0 0 0 0 0 0 0 0 0 0 0 0 0 0 0 0 1 1 0 0 1 0 0 0 0 0 0 0 0 1 1 0
 0 0 0 0 0 0 0 0 0 0 1 1 1 0 0 0 0 0 0 0 0 0 0 0 0 0 0 0 0 0 1 1 0 0 1 0 0 0 0 0 0 0 0 1 1 0
 0 0 0 0 0 0 0 0 0 0 0 0 0 0 0 0 0 0 0 0 0 1 0 0 0 0 0 0 0 0 1 1 1 1 2 0 0 0 0 0 0 0 0 0 0 0
 0 0 0 0 0 0 0 0 0 0 0 0 0 0 0 0 0 0 0 0 0 0 0 0 0 0 0 0 0 0 0 0 0 0 1 0 0 0 0 0 0 0 0 0 0 0
 0 0 0 0 0 0 0 0 0 0 0 0 0 0 0 0 0 0 0 0 0 0 0 0 0 0 0 0 0 0 0 0 0 0 1 0 0 0 0 0 0 0 0 0 0 0
 0 0 0 0 0 0 0 0 0 0 0 0 0 0 0 0 0 0 0 0 0 0 0 0 1 1 0 0 0 0 0 0 0 0 1 1 1 1 2 2 1 1 0 0 0 0
 0 0 0 0 0 0 0 0 0 0 0 0 0 0 0 0 0 0 0 0 0 0 0 0 0 0 0 0 0 0 0 0 0 0 0 1 1 1 0 0 0 0 1 0 0 0
