assets/RAT_results/precipitation/2019-04-18_IMERG.asc
ncols        46
nrows        77
xllcorner    74.800261325624
yllcorner    8.058333333333
cellsize     0.062500000000
NODATA_value -9999
 0 0 0 0 0 0 0 0 0 0 0 0 0 0 0 0 1 1 1 3 3 7 17 17 13 13 12 10 10 11 8 8 1 1 2 7 7 7 7 7 8 8 8 6 6 8
 0 0 1 0 0 0 0 0 0 0 0 0 0 0 1 1 1 1 4 7 7 10 14 14 10 10 12 7 7 13 9 9 5 5 3 2 2 32 32 32 12 12 12 8 8 8
 0 0 1 0 0 0 0 0 0 0 0 0 0 0 1 1 1 1 4 7 7 10 14 14 10 10 12 7 7 13 9 9 5 5 3 2 2 32 32 32 12 12 12 8 8 8
 1 1 0 0 0 0 0 0 1 1 1 1 1 1 3 3 3 3 10 19 19 18 10 10 16 16 11 10 10 10 8 8 8 8 7 6 6 33 33 33 11 11 11 6 6 5
 0 0 0 1 1 0 1 1 1 1 1 1 1 7 12 12 15 15 17 19 19 18 10 10 23 23 13 14 14 12 11 11 11 11 7 7 7 10 9 9 7 7 11 6 6 4
 0 0 0 1 1 0 1 1 1 1 1 1 1 7 12 12 15 15 17 19 19 18 10 10 23 23 13 14 14 12 11 11 11 11 7 7 7 10 9 9 7 7 11 6 6 4
 0 0 1 1 1 1 1 1 1 1 2 8 8 8 40 40 43 43 44 47 47 47 29 29 29 29 16 16 16 21 18 18 18 18 14 8 8 13 5 5 8 8 5 5 5 7
 0 0 1 1 1 1 1 1 1 1 2 8 8 8 40 40 43 43 44 47 47 47 29 29 29 29 16 16 16 21 18 18 18 18 14 8 8 13 5 5 8 8 5 5 5 7
 0 0 1 4 4 1 1 1 2 2 4 4 4 14 41 41 33 33 43 46 46 20 26 26 21 21 23 21 21 20 18 18 17 17 18 14 14 13 12 12 12 12 7 5 5 6
 0 0 0 2 2 1 1 1 2 2 4 4 4 8 27 27 15 15 47 42 42 29 30 30 27 27 14 16 16 17 15 15 14 14 14 15 15 12 15 15 15 15 16 14 14 14
 0 0 0 2 2 1 1 1 2 2 4 4 4 8 27 27 15 15 47 42 42 29 30 30 27 27 14 16 16 17 15 15 14 14 14 15 15 12 15 15 15 15 16 14 14 14
 1 1 1 1 1 1 0 0 1 1 3 6 6 5 11 11 38 38 29 43 43 26 22 22 19 19 15 17 17 17 10 10 10 10 9 9 9 14 18 18 21 21 21 20 20 12
 1 1 2 1 1 0 1 1 1 1 2 6 6 6 10 10 13 13 15 31 31 32 26 26 26 26 9 7 7 10 7 7 10 10 12 9 9 12 9 9 9 9 20 19 19 11
 1 1 2 1 1 0 1 1 1 1 2 6 6 6 10 10 13 13 15 31 31 32 26 26 26 26 9 7 7 10 7 7 10 10 12 9 9 12 9 9 9 9 20 19 19 11
 2 2 1 0 0 0 1 1 0 0 4 6 6 3 7 7 10 10 19 41 41 44 26 26 78 78 23 25 25 13 10 10 4 4 4 9 9 10 6 6 9 9 40 36 36 10
 2 2 1 0 0 0 1 1 0 0 4 6 6 3 7 7 10 10 19 41 41 44 26 26 78 78 23 25 25 13 10 10 4 4 4 9 9 10 6 6 9 9 40 36 36 10
 1 1 0 0 0 0 0 0 1 1 1 4 4 2 1 1 8 8 32 54 54 63 42 42 76 76 26 42 42 11 9 9 2 2 6 8 8 7 4 4 8 8 8 36 36 33
 0 0 0 0 0 0 0 0 0 0 1 0 0 2 4 4 5 5 28 50 50 46 28 28 50 50 38 22 22 11 6 6 3 3 7 8 8 5 2 2 9 9 9 42 42 30
 0 0 0 0 0 0 0 0 0 0 1 0 0 2 4 4 5 5 28 50 50 46 28 28 50 50 38 22 22 11 6 6 3 3 7 8 8 5 2 2 9 9 9 42 42 30
 0 0 1 1 1 1 1 1 1 1 0 0 0 2 5 5 7 7 47 45 45 40 21 21 24 24 22 19 19 11 7 7 2 2 1 1 1 1 1 1 1 1 1 18 18 18
 1 1 2 2 2 3 2 2 1 1 0 1 1 5 5 5 5 5 10 54 54 42 46 46 18 18 9 10 10 15 11 11 3 3 2 1 1 1 0 0 0 0 0 19 19 18
 1 1 2 2 2 3 2 2 1 1 0 1 1 5 5 5 5 5 10 54 54 42 46 46 18 18 9 10 10 15 11 11 3 3 2 1 1 1 0 0 0 0 0 19 19 18
 1 1 1 2 2 7 2 2 1 1 0 0 0 1 4 4 5 5 8 62 62 47 19 19 12 12 6 13 13 18 18 18 11 11 7 6 6 5 1 1 1 1 0 0 0 0
 1 1 1 2 2 7 2 2 1 1 0 0 0 1 4 4 5 5 8 62 62 47 19 19 12 12 6 13 13 18 18 18 11 11 7 6 6 5 1 1 1 1 0 0 0 0
 1 1 1 2 2 7 3 3 1 1 0 0 0 0 2 2 6 6 11 16 16 21 21 21 8 8 9 18 18 16 16 16 12 12 9 7 7 7 2 2 1 1 1 0 0 0
 2 2 1 1 1 3 3 3 0 0 0 0 0 0 1 1 4 4 3 4 4 7 7 7 5 5 18 19 19 19 16 16 12 12 8 8 8 8 3 3 2 2 1 1 1 0
 2 2 1 1 1 3 3 3 0 0 0 0 0 0 1 1 4 4 3 4 4 7 7 7 5 5 18 19 19 19 16 16 12 12 8 8 8 8 3 3 2 2 1 1 1 0
 4 4 2 1 1 1 2 2 0 0 0 0 0 1 2 2 4 4 5 6 6 8 15 15 13 13 15 19 19 19 24 24 12 12 14 12 12 11 5 5 3 3 2 1 1 0
 3 3 2 0 0 0 1 1 2 2 1 1 1 2 3 3 5 5 6 5 5 5 11 11 46 46 56 34 34 23 20 20 12 12 32 22 22 20 16 16 4 4 2 1 1 0
 3 3 2 0 0 0 1 1 2 2 1 1 1 2 3 3 5 5 6 5 5 5 11 11 46 46 56 34 34 23 20 20 12 12 32 22 22 20 16 16 4 4 2 1 1 0
 2 2 1 0 0 0 1 1 2 2 2 2 2 3 4 4 8 8 9 40 40 40 41 41 47 47 54 59 59 50 46 46 29 29 24 25 25 23 19 19 6 6 4 1 1 0
 2 2 1 0 0 0 1 1 2 2 2 2 2 3 4 4 8 8 9 40 40 40 41 41 47 47 54 59 59 50 46 46 29 29 24 25 25 23 19 19 6 6 4 1 1 0
 0 0 2 4 4 4 1 1 3 3 4 3 3 4 5 5 8 8 9 36 36 83 83 83 73 73 73 73 73 47 47 47 30 30 33 48 48 25 21 21 8 8 4 1 1 1
 0 0 1 2 2 7 5 5 4 4 6 4 4 5 24 24 24 24 27 84 84 92 85 85 74 74 90 88 88 47 47 47 49 49 66 42 42 28 22 22 13 13 9 9 9 2
 0 0 1 2 2 7 5 5 4 4 6 4 4 5 24 24 24 24 27 84 84 92 85 85 74 74 90 88 88 47 47 47 49 49 66 42 42 28 22 22 13 13 9 9 9 2
 0 0 2 3 3 4 3 3 5 5 9 9 9 10 26 26 26 26 29 100 100 157 147 147 110 110 94 98 98 72 50 50 55 55 66 57 57 35 25 25 14 14 10 9 9 3
 0 0 1 3 3 2 3 3 6 6 19 12 12 11 19 19 27 27 32 105 105 163 143 143 140 140 95 100 100 108 60 60 60 60 65 29 29 31 22 22 15 15 10 10 10 4
 0 0 1 3 3 2 3 3 6 6 19 12 12 11 19 19 27 27 32 105 105 163 143 143 140 140 95 100 100 108 60 60 60 60 65 29 29 31 22 22 15 15 10 10 10 4
 1 1 0 1 1 2 3 3 6 6 22 24 24 22 38 38 62 62 63 75 75 132 163 163 154 154 97 87 87 85 89 89 69 69 65 48 48 33 26 26 11 11 7 6 6 7
 1 1 0 1 1 2 3 3 6 6 22 24 24 22 38 38 62 62 63 75 75 132 163 163 154 154 97 87 87 85 89 89 69 69 65 48 48 33 26 26 11 11 7 6 6 7
 0 0 0 1 1 4 6 6 11 11 46 50 50 48 47 47 64 64 66 137 137 165 185 185 178 178 80 92 92 120 91 91 52 52 39 33 33 24 23 23 24 24 17 8 8 7
 1 1 1 2 2 34 37 37 15 15 50 51 51 57 51 51 149 149 172 165 165 171 196 196 164 164 136 81 81 111 63 63 46 46 49 47 47 46 35 35 32 32 21 7 7 5
 1 1 1 2 2 34 37 37 15 15 50 51 51 57 51 51 149 149 172 165 165 171 196 196 164 164 136 81 81 111 63 63 46 46 49 47 47 46 35 35 32 32 21 7 7 5
 3 3 1 3 3 37 42 42 87 87 86 75 75 75 73 73 139 139 216 209 209 188 198 198 190 190 134 71 71 93 108 108 57 57 45 45 45 40 34 34 33 33 13 5 5 3
 3 3 3 5 5 45 45 45 56 56 56 78 78 79 86 86 68 68 145 213 213 201 181 181 162 162 159 77 77 116 101 101 54 54 49 39 39 24 24 24 16 16 7 1 1 1
 3 3 3 5 5 45 45 45 56 56 56 78 78 79 86 86 68 68 145 213 213 201 181 181 162 162 159 77 77 116 101 101 54 54 49 39 39 24 24 24 16 16 7 1 1 1
 0 0 1 6 6 12 55 55 58 58 58 56 56 80 118 118 114 114 189 211 211 204 168 168 162 162 107 49 49 116 79 79 55 55 55 57 57 15 1 1 0 0 0 0 0 0
 0 0 1 6 6 12 55 55 58 58 58 56 56 80 118 118 114 114 189 211 211 204 168 168 162 162 107 49 49 116 79 79 55 55 55 57 57 15 1 1 0 0 0 0 0 0
 0 0 1 5 5 11 21 21 60 60 59 55 55 86 96 96 95 95 191 167 167 96 48 48 43 43 55 54 54 70 129 129 65 65 56 46 46 17 14 14 0 0 0 0 0 0
 0 0 0 2 2 6 16 16 26 26 57 54 54 63 63 63 71 71 123 100 100 95 46 46 37 37 49 43 43 74 71 71 66 66 72 31 31 22 2 2 1 1 0 0 0 0
 0 0 0 2 2 6 16 16 26 26 57 54 54 63 63 63 71 71 123 100 100 95 46 46 37 37 49 43 43 74 71 71 66 66 72 31 31 22 2 2 1 1 0 0 0 0
 0 0 0 17 17 5 19 19 22 22 21 31 31 29 39 39 36 36 43 36 36 45 44 44 53 53 52 40 40 63 49 49 49 49 47 31 31 24 4 4 22 22 31 24 24 0
 0 0 13 14 14 20 27 27 30 30 31 29 29 28 28 28 33 33 31 35 35 37 51 51 62 62 54 52 52 42 64 64 48 48 41 45 45 39 27 27 30 30 16 4 4 4
 0 0 13 14 14 20 27 27 30 30 31 29 29 28 28 28 33 33 31 35 35 37 51 51 62 62 54 52 52 42 64 64 48 48 41 45 45 39 27 27 30 30 16 4 4 4
 0 0 14 16 16 23 32 32 27 27 27 31 31 32 30 30 41 41 21 23 23 43 50 50 59 59 39 64 64 61 63 63 48 48 39 32 32 42 22 22 21 21 22 5 5 4
 0 0 14 16 16 23 32 32 27 27 27 31 31 32 30 30 41 41 21 23 23 43 50 50 59 59 39 64 64 61 63 63 48 48 39 32 32 42 22 22 21 21 22 5 5 4
 0 0 15 17 17 24 29 29 28 28 28 36 36 37 25 25 23 23 21 31 31 23 31 31 32 32 24 49 49 69 57 57 47 47 42 38 38 49 43 43 34 34 19 20 20 1
 0 0 14 16 16 21 21 21 20 20 27 32 32 33 23 23 22 22 6 15 15 16 11 11 6 6 18 23 23 55 59 59 71 71 55 80 80 43 41 41 40 40 17 13 13 1
 0 0 14 16 16 21 21 21 20 20 27 32 32 33 23 23 22 22 6 15 15 16 11 11 6 6 18 23 23 55 59 59 71 71 55 80 80 43 41 41 40 40 17 13 13 1
 0 0 1 1 1 3 18 18 20 20 28 32 32 31 30 30 30 30 4 4 4 2 4 4 6 6 21 27 27 58 65 65 86 86 132 84 84 24 25 25 19 19 3 1 1 2
 1 1 0 0 0 2 3 3 4 4 6 7 7 8 5 5 29 29 5 3 3 3 9 9 25 25 48 52 52 57 45 45 105 105 109 71 71 54 34 34 24 24 4 1 1 0
 1 1 0 0 0 2 3 3 4 4 6 7 7 8 5 5 29 29 5 3 3 3 9 9 25 25 48 52 52 57 45 45 105 105 109 71 71 54 34 34 24 24 4 1 1 0
 1 1 0 0 0 1 1 1 1 1 2 4 4 6 4 4 12 12 14 12 12 10 12 12 18 18 189 56 56 63 89 89 80 80 108 82 82 95 29 29 8 8 2 0 0 0
 1 1 0 0 0 1 1 1 1 1 2 4 4 6 4 4 12 12 14 12 12 10 12 12 18 18 189 56 56 63 89 89 80 80 108 82 82 95 29 29 8 8 2 0 0 0
 1 1 1 1 1 1 1 1 1 1 1 1 1 2 10 10 11 11 17 18 18 21 25 25 19 19 139 57 57 106 73 73 84 84 96 91 91 69 45 45 45 45 6 0 0 0
 1 1 1 1 1 2 1 1 1 1 1 1 1 1 15 15 17 17 25 20 20 37 13 13 18 18 26 122 122 83 64 64 27 27 109 101 101 70 51 51 47 47 1 0 0 0
 1 1 1 1 1 2 1 1 1 1 1 1 1 1 15 15 17 17 25 20 20 37 13 13 18 18 26 122 122 83 64 64 27 27 109 101 101 70 51 51 47 47 1 0 0 0
 0 0 1 1 1 1 0 0 0 0 0 0 0 0 15 15 18 18 12 20 20 42 17 17 12 12 32 31 31 79 73 73 109 109 48 27 27 20 12 12 11 11 1 0 0 0
 0 0 1 2 2 1 0 0 0 0 0 0 0 0 9 9 11 11 12 18 18 30 40 40 20 20 16 21 21 44 87 87 53 53 20 20 20 17 3 3 2 2 2 1 1 0
 0 0 1 2 2 1 0 0 0 0 0 0 0 0 9 9 11 11 12 18 18 30 40 40 20 20 16 21 21 44 87 87 53 53 20 20 20 17 3 3 2 2 2 1 1 0
 0 0 1 1 1 0 0 0 0 0 0 0 0 2 1 1 3 3 13 19 19 25 34 34 49 49 23 20 20 14 29 29 52 52 21 17 17 6 4 4 2 2 1 0 0 0
 0 0 1 1 1 0 0 0 0 0 0 0 0 2 1 1 3 3 13 19 19 25 34 34 49 49 23 20 20 14 29 29 52 52 21 17 17 6 4 4 2 2 1 0 0 0
 0 0 0 0 0 0 0 0 0 0 0 0 0 2 1 1 3 3 3 22 22 39 50 50 62 62 32 20 20 18 11 11 45 45 3 3 3 6 4 4 5 5 1 1 1 0
 0 0 0 0 0 0 0 0 0 0 0 0 0 0 3 3 9 9 10 10 10 29 42 42 54 54 34 13 13 10 5 5 1 1 1 0 0 2 1 1 1 1 1 0 0 0
 0 0 0 0 0 0 0 0 0 0 0 0 0 0 3 3 9 9 10 10 10 29 42 42 54 54 34 13 13 10 5 5 1 1 1 0 0 2 1 1 1 1 1 0 0 0
 0 0 0 1 1 0 0 0 0 0 1 0 0 1 3 3 11 11 37 37 37 49 52 52 46 46 15 5 5 1 1 1 1 1 1 0 0 0 2 2 1 1 1 1 1 1
 0 0 1 1 1 0 0 0 0 0 2 1 1 27 27 27 28 28 35 33 33 21 24 24 6 6 8 3 3 3 3 3 3 3 2 2 2 2 1 1 0 0 2 2 2 2
