assets/RAT_results/precipitation/2019-10-19_IMERG.asc
ncols        46
nrows        77
xllcorner    74.800261325624
yllcorner    8.058333333333
cellsize     0.062500000000
NODATA_value -9999
 10 10 11 11 11 9 13 13 9 9 18 21 21 31 5 5 2 2 1 1 1 0 2 2 3 3 3 1 1 1 1 1 0 0 0 0 0 0 0 0 0 0 0 0 0 0
 9 9 11 9 9 8 9 9 11 11 20 24 24 17 12 12 2 2 1 0 0 1 2 2 4 4 3 1 1 0 0 0 0 0 0 0 0 0 0 0 0 0 0 0 0 0
 9 9 11 9 9 8 9 9 11 11 20 24 24 17 12 12 2 2 1 0 0 1 2 2 4 4 3 1 1 0 0 0 0 0 0 0 0 0 0 0 0 0 0 0 0 0
 8 8 11 10 10 8 10 10 14 14 16 22 22 10 5 5 1 1 1 0 0 1 1 1 2 2 2 1 1 0 0 0 0 0 0 0 0 0 0 0 0 0 0 0 0 1
 3 3 9 7 7 7 7 7 13 13 21 14 14 15 8 8 2 2 1 0 0 0 1 1 1 1 1 1 1 0 0 0 0 0 0 0 0 0 0 0 0 0 1 1 1 0
 3 3 9 7 7 7 7 7 13 13 21 14 14 15 8 8 2 2 1 0 0 0 1 1 1 1 1 1 1 0 0 0 0 0 0 0 0 0 0 0 0 0 1 1 1 0
 2 2 5 6 6 9 9 9 13 13 12 37 37 29 23 23 10 10 3 3 3 1 0 0 1 1 1 1 1 0 0 0 0 0 0 0 0 0 0 0 0 0 1 1 1 0
 2 2 5 6 6 9 9 9 13 13 12 37 37 29 23 23 10 10 3 3 3 1 0 0 1 1 1 1 1 0 0 0 0 0 0 0 0 0 0 0 0 0 1 1 1 0
 4 4 4 9 9 12 9 9 10 10 8 13 13 16 28 28 21 21 14 7 7 1 0 0 1 1 1 2 2 0 0 0 0 0 0 0 0 0 1 1 2 2 1 1 1 1
 7 7 5 10 10 11 8 8 9 9 9 15 15 42 33 33 69 69 21 14 14 1 1 1 1 1 1 1 1 0 0 0 0 0 0 0 0 1 2 2 2 2 2 1 1 1
 7 7 5 10 10 11 8 8 9 9 9 15 15 42 33 33 69 69 21 14 14 1 1 1 1 1 1 1 1 0 0 0 0 0 0 0 0 1 2 2 2 2 2 1 1 1
 4 4 5 4 4 8 11 11 7 7 7 9 9 17 21 21 40 40 14 5 5 0 0 0 2 2 1 0 0 2 1 1 0 0 1 0 0 0 1 1 1 1 1 0 0 0
 1 1 2 2 2 6 9 9 9 9 9 10 10 9 31 31 41 41 10 3 3 2 2 2 7 7 2 3 3 0 1 1 1 1 5 5 5 0 0 0 0 0 0 0 0 0
 1 1 2 2 2 6 9 9 9 9 9 10 10 9 31 31 41 41 10 3 3 2 2 2 7 7 2 3 3 0 1 1 1 1 5 5 5 0 0 0 0 0 0 0 0 0
 3 3 4 3 3 5 12 12 9 9 8 6 6 6 9 9 24 24 13 6 6 3 5 5 10 10 15 15 15 1 0 0 1 1 1 0 0 1 1 1 0 0 0 0 0 0
 3 3 4 3 3 5 12 12 9 9 8 6 6 6 9 9 24 24 13 6 6 3 5 5 10 10 15 15 15 1 0 0 1 1 1 0 0 1 1 1 0 0 0 0 0 0
 11 11 10 6 6 6 6 6 12 12 9 7 7 7 7 7 15 15 16 19 19 13 7 7 10 10 7 5 5 0 0 0 0 0 0 0 0 0 1 1 0 0 0 0 0 0
 12 12 14 10 10 6 5 5 8 8 14 13 13 11 11 11 15 15 25 27 27 23 13 13 11 11 5 0 0 0 0 0 3 3 0 0 0 0 0 0 0 0 0 0 0 0
 12 12 14 10 10 6 5 5 8 8 14 13 13 11 11 11 15 15 25 27 27 23 13 13 11 11 5 0 0 0 0 0 3 3 0 0 0 0 0 0 0 0 0 0 0 0
 6 6 9 7 7 4 6 6 15 15 15 19 19 20 19 19 27 27 26 26 26 24 20 20 10 10 4 1 1 1 0 0 3 3 4 2 2 2 0 0 0 0 0 0 0 0
 4 4 5 3 3 3 5 5 17 17 22 19 19 24 30 30 27 27 27 27 27 26 18 18 9 9 7 6 6 5 1 1 1 1 1 0 0 2 1 1 0 0 0 2 2 1
 4 4 5 3 3 3 5 5 17 17 22 19 19 24 30 30 27 27 27 27 27 26 18 18 9 9 7 6 6 5 1 1 1 1 1 0 0 2 1 1 0 0 0 2 2 1
 1 1 2 2 2 3 3 3 12 12 27 29 29 30 38 38 33 33 29 41 41 23 22 22 9 9 9 7 7 3 2 2 10 10 9 9 9 2 2 2 0 0 1 4 4 2
 1 1 2 2 2 3 3 3 12 12 27 29 29 30 38 38 33 33 29 41 41 23 22 22 9 9 9 7 7 3 2 2 10 10 9 9 9 2 2 2 0 0 1 4 4 2
 1 1 2 2 2 6 6 6 8 8 25 41 41 40 40 40 72 72 56 37 37 35 24 24 18 18 4 7 7 4 3 3 10 10 9 20 20 3 4 4 2 2 1 4 4 2
 1 1 1 1 1 5 16 16 17 17 66 74 74 68 50 50 55 55 89 36 36 38 61 61 24 24 20 6 6 7 7 7 22 22 23 23 23 2 2 2 2 2 0 0 0 0
 1 1 1 1 1 5 16 16 17 17 66 74 74 68 50 50 55 55 89 36 36 38 61 61 24 24 20 6 6 7 7 7 22 22 23 23 23 2 2 2 2 2 0 0 0 0
 2 2 2 2 2 2 22 22 31 31 64 72 72 65 31 31 44 44 39 37 37 36 46 46 35 35 17 5 5 5 7 7 7 7 4 1 1 0 0 0 0 0 0 0 0 0
 2 2 2 3 3 2 12 12 32 32 33 61 61 44 19 19 28 28 29 44 44 45 24 24 11 11 4 1 1 1 1 1 1 1 0 0 0 1 0 0 0 0 0 0 0 0
 2 2 2 3 3 2 12 12 32 32 33 61 61 44 19 19 28 28 29 44 44 45 24 24 11 11 4 1 1 1 1 1 1 1 0 0 0 1 0 0 0 0 0 0 0 0
 2 2 2 2 2 2 12 12 20 20 20 14 14 16 14 14 17 17 19 17 17 20 15 15 5 5 1 0 0 1 1 1 0 0 0 0 0 0 0 0 0 0 0 0 0 0
 2 2 2 2 2 2 12 12 20 20 20 14 14 16 14 14 17 17 19 17 17 20 15 15 5 5 1 0 0 1 1 1 0 0 0 0 0 0 0 0 0 0 0 0 0 0
 1 1 2 2 2 2 6 6 14 14 13 7 7 8 6 6 12 12 18 12 12 14 12 12 4 4 2 1 1 0 0 0 0 0 0 0 0 0 0 0 0 0 0 0 0 0
 2 2 2 2 2 2 2 2 2 2 1 1 1 2 5 5 10 10 12 14 14 8 9 9 8 8 5 2 2 1 0 0 0 0 0 0 0 0 0 0 0 0 0 0 0 0
 2 2 2 2 2 2 2 2 2 2 1 1 1 2 5 5 10 10 12 14 14 8 9 9 8 8 5 2 2 1 0 0 0 0 0 0 0 0 0 0 0 0 0 0 0 0
 2 2 2 2 2 2 2 2 2 2 1 1 1 2 4 4 9 9 12 14 14 7 9 9 8 8 8 4 4 1 1 1 0 0 1 1 1 1 0 0 0 0 0 0 0 0
 2 2 2 2 2 2 3 3 3 3 2 1 1 5 7 7 5 5 7 12 12 7 9 9 10 10 14 15 15 4 2 2 1 1 1 2 2 2 1 1 0 0 0 0 0 0
 2 2 2 2 2 2 3 3 3 3 2 1 1 5 7 7 5 5 7 12 12 7 9 9 10 10 14 15 15 4 2 2 1 1 1 2 2 2 1 1 0 0 0 0 0 0
 1 1 2 2 2 3 4 4 2 2 4 2 2 8 5 5 6 6 10 16 16 14 13 13 9 9 15 51 51 28 18 18 5 5 2 8 8 3 2 2 1 1 0 0 0 0
 1 1 2 2 2 3 4 4 2 2 4 2 2 8 5 5 6 6 10 16 16 14 13 13 9 9 15 51 51 28 18 18 5 5 2 8 8 3 2 2 1 1 0 0 0 0
 2 2 2 2 2 3 4 4 4 4 5 3 3 9 10 10 10 10 14 23 23 18 16 16 16 16 29 47 47 54 61 61 6 6 12 26 26 21 5 5 2 2 0 0 0 1
 1 1 2 2 2 3 4 4 5 5 7 5 5 13 14 14 13 13 17 11 11 21 19 19 13 13 11 47 47 81 65 65 17 17 14 8 8 9 12 12 6 6 2 1 1 1
 1 1 2 2 2 3 4 4 5 5 7 5 5 13 14 14 13 13 17 11 11 21 19 19 13 13 11 47 47 81 65 65 17 17 14 8 8 9 12 12 6 6 2 1 1 1
 1 1 1 1 1 4 3 3 8 8 12 9 9 16 14 14 15 15 16 10 10 25 23 23 47 47 44 50 50 50 78 78 22 22 7 13 13 4 3 3 3 3 0 1 1 0
 1 1 1 3 3 3 5 5 8 8 12 19 19 19 13 13 17 17 18 10 10 15 21 21 19 19 37 44 44 35 42 42 32 32 13 2 2 3 2 2 2 2 2 1 1 0
 1 1 1 3 3 3 5 5 8 8 12 19 19 19 13 13 17 17 18 10 10 15 21 21 19 19 37 44 44 35 42 42 32 32 13 2 2 3 2 2 2 2 2 1 1 0
 1 1 1 3 3 4 6 6 11 11 13 19 19 15 12 12 16 16 15 8 8 14 11 11 19 19 37 43 43 22 22 22 30 30 3 1 1 1 1 1 1 1 2 2 2 0
 1 1 1 3 3 4 6 6 11 11 13 19 19 15 12 12 16 16 15 8 8 14 11 11 19 19 37 43 43 22 22 22 30 30 3 1 1 1 1 1 1 1 2 2 2 0
 0 0 1 2 2 3 6 6 8 8 12 18 18 14 17 17 15 15 14 4 4 3 7 7 13 13 15 16 16 12 21 21 32 32 14 1 1 1 1 1 0 0 0 0 0 0
 0 0 1 2 2 2 6 6 7 7 11 17 17 12 13 13 11 11 10 3 3 6 10 10 19 19 22 24 24 31 36 36 23 23 9 12 12 3 2 2 1 1 0 0 0 1
 0 0 1 2 2 2 6 6 7 7 11 17 17 12 13 13 11 11 10 3 3 6 10 10 19 19 22 24 24 31 36 36 23 23 9 12 12 3 2 2 1 1 0 0 0 1
 0 0 1 1 1 1 4 4 7 7 15 14 14 14 11 11 11 11 3 4 4 6 14 14 21 21 28 32 32 53 52 52 31 31 13 10 10 6 3 3 2 2 0 1 1 1
 1 1 1 1 1 3 2 2 5 5 12 14 14 13 6 6 9 9 7 9 9 10 16 16 28 28 31 42 42 53 85 85 89 89 35 14 14 13 12 12 7 7 2 1 1 1
 1 1 1 1 1 3 2 2 5 5 12 14 14 13 6 6 9 9 7 9 9 10 16 16 28 28 31 42 42 53 85 85 89 89 35 14 14 13 12 12 7 7 2 1 1 1
 0 0 1 0 0 2 2 2 4 4 5 6 6 15 9 9 3 3 7 11 11 20 21 21 28 28 26 30 30 32 29 29 43 43 64 18 18 16 9 9 7 7 5 0 0 0
 0 0 1 0 0 2 2 2 4 4 5 6 6 15 9 9 3 3 7 11 11 20 21 21 28 28 26 30 30 32 29 29 43 43 64 18 18 16 9 9 7 7 5 0 0 0
 0 0 0 0 0 1 2 2 3 3 3 5 5 8 6 6 3 3 8 9 9 18 25 25 29 29 33 33 33 36 30 30 32 32 90 23 23 7 12 12 5 5 8 1 1 0
 1 1 0 1 1 1 2 2 4 4 2 3 3 4 4 4 3 3 8 7 7 16 30 30 31 31 41 39 39 52 47 47 46 46 34 24 24 10 10 10 7 7 6 1 1 0
 1 1 0 1 1 1 2 2 4 4 2 3 3 4 4 4 3 3 8 7 7 16 30 30 31 31 41 39 39 52 47 47 46 46 34 24 24 10 10 10 7 7 6 1 1 0
 2 2 1 1 1 1 1 1 2 2 2 3 3 3 4 4 3 3 8 7 7 26 46 46 46 46 52 46 46 53 57 57 55 55 47 39 39 26 11 11 8 8 7 4 4 2
 3 3 2 2 2 1 2 2 2 2 2 2 2 2 4 4 4 4 4 6 6 24 44 44 46 46 49 42 42 37 44 44 50 50 44 43 43 30 15 15 6 6 5 5 5 3
 3 3 2 2 2 1 2 2 2 2 2 2 2 2 4 4 4 4 4 6 6 24 44 44 46 46 49 42 42 37 44 44 50 50 44 43 43 30 15 15 6 6 5 5 5 3
 2 2 1 1 1 1 2 2 2 2 2 3 3 3 5 5 4 4 6 7 7 23 24 24 34 34 35 35 35 32 35 35 27 27 30 28 28 24 16 16 7 7 5 3 3 2
 2 2 1 1 1 1 2 2 2 2 2 3 3 3 5 5 4 4 6 7 7 23 24 24 34 34 35 35 35 32 35 35 27 27 30 28 28 24 16 16 7 7 5 3 3 2
 1 1 1 1 1 1 1 1 2 2 2 3 3 3 6 6 5 5 7 8 8 10 20 20 27 27 35 38 38 33 39 39 35 35 31 34 34 17 12 12 8 8 9 4 4 3
 0 0 0 1 1 1 3 3 4 4 3 3 3 3 3 3 6 6 7 12 12 11 20 20 28 28 37 37 37 38 43 43 34 34 35 34 34 24 35 35 10 10 12 5 5 8
 0 0 0 1 1 1 3 3 4 4 3 3 3 3 3 3 6 6 7 12 12 11 20 20 28 28 37 37 37 38 43 43 34 34 35 34 34 24 35 35 10 10 12 5 5 8
 1 1 1 1 1 1 2 2 4 4 4 4 4 4 4 4 8 8 13 14 14 15 25 25 45 45 49 50 50 59 41 41 32 32 26 52 52 84 43 43 40 40 18 17 17 15
 1 1 1 1 1 2 3 3 3 3 3 4 4 4 4 4 12 12 12 13 13 16 36 36 35 35 58 88 88 64 43 43 43 43 30 41 41 46 39 39 41 41 39 12 12 13
 1 1 1 1 1 2 3 3 3 3 3 4 4 4 4 4 12 12 12 13 13 16 36 36 35 35 58 88 88 64 43 43 43 43 30 41 41 46 39 39 41 41 39 12 12 13
 1 1 2 1 1 3 3 3 3 3 2 3 3 4 6 6 14 14 14 16 16 18 32 32 33 33 77 85 85 55 46 46 47 47 31 31 31 28 52 52 61 61 28 6 6 5
 1 1 2 1 1 3 3 3 3 3 2 3 3 4 6 6 14 14 14 16 16 18 32 32 33 33 77 85 85 55 46 46 47 47 31 31 31 28 52 52 61 61 28 6 6 5
 1 1 1 2 2 3 2 2 2 2 2 2 2 9 9 9 14 14 14 10 10 15 15 15 34 34 57 59 59 73 48 48 46 46 38 27 27 25 18 18 33 33 18 12 12 12
 1 1 1 2 2 2 2 2 3 3 3 3 3 7 7 7 6 6 11 10 10 16 17 17 40 40 63 52 52 48 25 25 36 36 46 42 42 43 27 27 29 29 11 9 9 14
 1 1 1 2 2 2 2 2 3 3 3 3 3 7 7 7 6 6 11 10 10 16 17 17 40 40 63 52 52 48 25 25 36 36 46 42 42 43 27 27 29 29 11 9 9 14
 1 1 1 2 2 2 2 2 3 3 3 4 4 8 7 7 7 7 6 6 6 12 12 12 41 41 44 33 33 26 32 32 38 38 34 115 115 53 26 26 33 33 17 13 13 18
 1 1 1 2 2 3 4 4 4 4 6 4 4 9 7 7 7 7 6 6 6 11 8 8 18 18 20 25 25 22 28 28 25 25 36 89 89 70 41 41 34 34 35 27 27 22
