assets/RAT_results/precipitation/2019-10-31_IMERG.asc
ncols        46
nrows        77
xllcorner    74.800261325624
yllcorner    8.058333333333
cellsize     0.062500000000
NODATA_value -9999
 12 12 18 28 28 33 28 28 20 20 17 12 12 6 7 7 5 5 4 3 3 7 2 2 0 0 0 1 1 2 3 3 4 4 8 8 8 6 5 5 1 1 0 0 0 1
 12 12 14 29 29 42 36 36 24 24 14 11 11 9 8 8 7 7 6 4 4 7 8 8 4 4 0 1 1 3 3 3 4 4 4 7 7 7 5 5 1 1 0 1 1 1
 12 12 14 29 29 42 36 36 24 24 14 11 11 9 8 8 7 7 6 4 4 7 8 8 4 4 0 1 1 3 3 3 4 4 4 7 7 7 5 5 1 1 0 1 1 1
 13 13 19 31 31 30 40 40 27 27 17 10 10 9 7 7 6 6 5 4 4 7 8 8 5 5 1 2 2 3 3 3 5 5 5 5 5 5 4 4 1 1 0 0 0 1
 12 12 18 24 24 17 21 21 31 31 19 11 11 9 8 8 6 6 4 4 4 5 5 5 6 6 3 2 2 1 3 3 4 4 5 3 3 6 2 2 1 1 0 1 1 1
 12 12 18 24 24 17 21 21 31 31 19 11 11 9 8 8 6 6 4 4 4 5 5 5 6 6 3 2 2 1 3 3 4 4 5 3 3 6 2 2 1 1 0 1 1 1
 13 13 18 15 15 17 23 23 28 28 16 13 13 11 8 8 5 5 6 6 6 5 2 2 4 4 2 2 2 1 1 1 1 1 2 4 4 3 3 3 1 1 1 1 1 4
 13 13 18 15 15 17 23 23 28 28 16 13 13 11 8 8 5 5 6 6 6 5 2 2 4 4 2 2 2 1 1 1 1 1 2 4 4 3 3 3 1 1 1 1 1 4
 11 11 13 16 16 19 18 18 27 27 17 15 15 11 10 10 4 4 6 6 6 4 4 4 5 5 4 6 6 1 1 1 1 1 3 6 6 2 1 1 0 0 1 1 1 3
 11 11 13 16 16 25 25 25 18 18 15 14 14 9 10 10 5 5 5 6 6 4 2 2 2 2 6 3 3 2 1 1 2 2 4 7 7 3 0 0 1 1 0 1 1 3
 11 11 13 16 16 25 25 25 18 18 15 14 14 9 10 10 5 5 5 6 6 4 2 2 2 2 6 3 3 2 1 1 2 2 4 7 7 3 0 0 1 1 0 1 1 3
 10 10 12 19 19 24 27 27 27 27 18 13 13 8 7 7 8 8 8 5 5 3 2 2 4 4 3 2 2 2 1 1 1 1 2 5 5 2 1 1 0 0 1 1 1 1
 12 12 13 16 16 24 30 30 28 28 22 31 31 11 7 7 6 6 6 6 6 4 3 3 4 4 3 3 3 2 2 2 1 1 2 3 3 2 4 4 2 2 1 2 2 4
 12 12 13 16 16 24 30 30 28 28 22 31 31 11 7 7 6 6 6 6 6 4 3 3 4 4 3 3 3 2 2 2 1 1 2 3 3 2 4 4 2 2 1 2 2 4
 14 14 16 18 18 24 26 26 30 30 22 20 20 18 15 15 6 6 9 8 8 5 4 4 4 4 5 3 3 3 3 3 2 2 2 3 3 4 6 6 3 3 2 2 2 3
 14 14 16 18 18 24 26 26 30 30 22 20 20 18 15 15 6 6 9 8 8 5 4 4 4 4 5 3 3 3 3 3 2 2 2 3 3 4 6 6 3 3 2 2 2 3
 13 13 18 19 19 20 26 26 30 30 22 19 19 26 14 14 8 8 8 5 5 4 4 4 4 4 3 1 1 2 3 3 3 3 3 3 3 3 5 5 3 3 2 2 2 2
 10 10 15 19 19 18 24 24 30 30 26 20 20 23 18 18 11 11 11 7 7 6 4 4 3 3 1 2 2 1 2 2 2 2 3 3 3 3 3 3 3 3 2 1 1 2
 10 10 15 19 19 18 24 24 30 30 26 20 20 23 18 18 11 11 11 7 7 6 4 4 3 3 1 2 2 1 2 2 2 2 3 3 3 3 3 3 3 3 2 1 1 2
 11 11 15 18 18 21 25 25 29 29 30 25 25 25 20 20 22 22 12 8 8 7 4 4 4 4 2 2 2 2 2 2 2 2 2 3 3 2 2 2 1 1 1 1 1 1
 12 12 14 17 17 22 21 21 31 31 31 27 27 27 19 19 23 23 20 11 11 10 4 4 3 3 2 2 2 5 2 2 2 2 1 1 1 1 1 1 1 1 1 0 0 1
 12 12 14 17 17 22 21 21 31 31 31 27 27 27 19 19 23 23 20 11 11 10 4 4 3 3 2 2 2 5 2 2 2 2 1 1 1 1 1 1 1 1 1 0 0 1
 14 14 17 19 19 21 27 27 31 31 33 28 28 27 27 27 25 25 22 16 16 8 9 9 3 3 2 2 2 3 3 3 2 2 1 1 1 0 1 1 0 0 0 0 0 1
 14 14 17 19 19 21 27 27 31 31 33 28 28 27 27 27 25 25 22 16 16 8 9 9 3 3 2 2 2 3 3 3 2 2 1 1 1 0 1 1 0 0 0 0 0 1
 13 13 20 18 18 22 31 31 33 33 41 37 37 30 38 38 28 28 37 23 23 15 7 7 4 4 2 2 2 4 2 2 2 2 1 0 0 0 1 1 0 0 0 0 0 1
 12 12 19 23 23 31 34 34 35 35 45 31 31 28 31 31 27 27 34 19 19 27 14 14 9 9 4 2 2 4 3 3 0 0 0 0 0 0 0 0 0 0 0 0 0 1
 12 12 19 23 23 31 34 34 35 35 45 31 31 28 31 31 27 27 34 19 19 27 14 14 9 9 4 2 2 4 3 3 0 0 0 0 0 0 0 0 0 0 0 0 0 1
 13 13 19 20 20 31 35 35 28 28 38 40 40 31 32 32 28 28 31 24 24 17 12 12 10 10 5 6 6 4 2 2 2 2 0 0 0 0 0 0 1 1 1 1 1 0
 10 10 16 21 21 26 35 35 31 31 28 42 42 36 25 25 25 25 28 29 29 16 16 16 11 11 8 6 6 2 2 2 3 3 1 0 0 0 0 0 1 1 0 0 0 0
 10 10 16 21 21 26 35 35 31 31 28 42 42 36 25 25 25 25 28 29 29 16 16 16 11 11 8 6 6 2 2 2 3 3 1 0 0 0 0 0 1 1 0 0 0 0
 9 9 12 19 19 22 30 30 27 27 25 35 35 44 21 21 24 24 28 26 26 25 38 38 17 17 10 8 8 3 1 1 1 1 6 0 0 0 0 0 0 0 0 1 1 1
 9 9 12 19 19 22 30 30 27 27 25 35 35 44 21 21 24 24 28 26 26 25 38 38 17 17 10 8 8 3 1 1 1 1 6 0 0 0 0 0 0 0 0 1 1 1
 9 9 10 13 13 15 25 25 24 24 21 23 23 29 27 27 29 29 30 27 27 28 24 24 20 20 12 9 9 4 2 2 2 2 5 1 1 1 1 1 1 1 1 1 1 3
 6 6 6 11 11 14 18 18 19 19 17 20 20 34 33 33 32 32 32 29 29 23 22 22 16 16 10 7 7 6 2 2 3 3 4 3 3 3 2 2 3 3 2 1 1 3
 6 6 6 11 11 14 18 18 19 19 17 20 20 34 33 33 32 32 32 29 29 23 22 22 16 16 10 7 7 6 2 2 3 3 4 3 3 3 2 2 3 3 2 1 1 3
 5 5 6 11 11 15 15 15 17 17 16 20 20 31 30 30 27 27 28 27 27 24 18 18 13 13 11 9 9 8 4 4 7 7 6 6 6 3 4 4 3 3 2 1 1 2
 5 5 5 10 10 15 13 13 13 13 15 18 18 27 33 33 33 33 30 30 30 27 18 18 17 17 11 11 11 8 6 6 9 9 10 9 9 5 4 4 2 2 1 1 1 1
 5 5 5 10 10 15 13 13 13 13 15 18 18 27 33 33 33 33 30 30 30 27 18 18 17 17 11 11 11 8 6 6 9 9 10 9 9 5 4 4 2 2 1 1 1 1
 5 5 8 10 10 16 12 12 15 15 16 16 16 25 28 28 31 31 32 26 26 22 14 14 9 9 13 7 7 7 7 7 8 8 13 14 14 9 5 5 3 3 1 3 3 1
 5 5 8 10 10 16 12 12 15 15 16 16 16 25 28 28 31 31 32 26 26 22 14 14 9 9 13 7 7 7 7 7 8 8 13 14 14 9 5 5 3 3 1 3 3 1
 4 4 7 9 9 13 13 13 13 13 18 16 16 23 26 26 30 30 31 28 28 28 18 18 13 13 11 9 9 7 7 7 7 7 6 9 9 13 7 7 3 3 3 2 2 1
 7 7 7 8 8 8 12 12 16 16 23 20 20 30 35 35 44 44 40 38 38 24 15 15 10 10 9 9 9 6 4 4 5 5 8 10 10 8 5 5 4 4 2 4 4 2
 7 7 7 8 8 8 12 12 16 16 23 20 20 30 35 35 44 44 40 38 38 24 15 15 10 10 9 9 9 6 4 4 5 5 8 10 10 8 5 5 4 4 2 4 4 2
 8 8 7 8 8 9 21 21 23 23 29 26 26 31 37 37 42 42 41 41 41 33 34 34 18 18 11 7 7 6 3 3 4 4 7 7 7 7 4 4 4 4 4 1 1 2
 9 9 8 8 8 9 29 29 31 31 28 29 29 40 41 41 44 44 46 45 45 38 35 35 31 31 11 12 12 5 2 2 2 2 5 7 7 6 2 2 1 1 0 2 2 2
 9 9 8 8 8 9 29 29 31 31 28 29 29 40 41 41 44 44 46 45 45 38 35 35 31 31 11 12 12 5 2 2 2 2 5 7 7 6 2 2 1 1 0 2 2 2
 8 8 6 9 9 10 32 32 29 29 26 23 23 27 32 32 36 36 47 49 49 44 49 49 31 31 17 16 16 14 5 5 3 3 6 4 4 2 2 2 0 0 0 2 2 0
 8 8 6 9 9 10 32 32 29 29 26 23 23 27 32 32 36 36 47 49 49 44 49 49 31 31 17 16 16 14 5 5 3 3 6 4 4 2 2 2 0 0 0 2 2 0
 6 6 7 10 10 17 41 41 40 40 28 24 24 24 31 31 34 34 36 42 42 35 43 43 31 31 32 25 25 18 11 11 4 4 6 2 2 2 1 1 2 2 2 2 2 0
 6 6 8 12 12 18 35 35 30 30 25 24 24 25 29 29 28 28 31 33 33 36 29 29 29 29 23 12 12 19 15 15 7 7 6 3 3 3 3 3 3 3 2 2 2 1
 6 6 8 12 12 18 35 35 30 30 25 24 24 25 29 29 28 28 31 33 33 36 29 29 29 29 23 12 12 19 15 15 7 7 6 3 3 3 3 3 3 3 2 2 2 1
 12 12 13 19 19 19 26 26 23 23 25 25 25 23 33 33 28 28 26 25 25 33 26 26 30 30 24 17 17 18 11 11 9 9 8 6 6 4 3 3 3 3 3 2 2 3
 14 14 18 22 22 17 25 25 24 24 23 24 24 21 23 23 27 27 27 24 24 24 22 22 21 21 20 18 18 13 14 14 10 10 8 7 7 4 4 4 5 5 6 3 3 2
 14 14 18 22 22 17 25 25 24 24 23 24 24 21 23 23 27 27 27 24 24 24 22 22 21 21 20 18 18 13 14 14 10 10 8 7 7 4 4 4 5 5 6 3 3 2
 22 22 26 25 25 18 22 22 18 18 19 18 18 18 18 18 25 25 21 23 23 25 23 23 25 25 19 18 18 16 16 16 8 8 8 3 3 2 7 7 7 7 5 4 4 2
 22 22 26 25 25 18 22 22 18 18 19 18 18 18 18 18 25 25 21 23 23 25 23 23 25 25 19 18 18 16 16 16 8 8 8 3 3 2 7 7 7 7 5 4 4 2
 29 29 26 26 26 24 17 17 22 22 20 20 20 20 20 20 23 23 19 23 23 23 26 26 25 25 29 20 20 9 12 12 9 9 7 2 2 3 4 4 8 8 7 6 6 4
 31 31 29 27 27 23 14 14 19 19 19 18 18 20 22 22 21 21 19 18 18 19 25 25 24 24 31 24 24 14 11 11 11 11 5 3 3 4 6 6 8 8 5 5 5 3
 31 31 29 27 27 23 14 14 19 19 19 18 18 20 22 22 21 21 19 18 18 19 25 25 24 24 31 24 24 14 11 11 11 11 5 3 3 4 6 6 8 8 5 5 5 3
 30 30 29 24 24 24 16 16 19 19 19 19 19 20 22 22 21 21 19 20 20 21 23 23 34 34 32 29 29 13 14 14 10 10 6 6 6 6 7 7 6 6 7 5 5 4
 30 30 28 19 19 24 13 13 22 22 20 19 19 19 21 21 25 25 29 30 30 29 41 41 45 45 43 33 33 19 14 14 11 11 8 7 7 9 7 7 11 11 8 7 7 5
 30 30 28 19 19 24 13 13 22 22 20 19 19 19 21 21 25 25 29 30 30 29 41 41 45 45 43 33 33 19 14 14 11 11 8 7 7 9 7 7 11 11 8 7 7 5
 25 25 24 17 17 21 13 13 18 18 19 20 20 21 26 26 35 35 48 58 58 44 44 44 48 48 43 35 35 22 23 23 19 19 10 10 10 10 12 12 12 12 13 12 12 8
 25 25 24 17 17 21 13 13 18 18 19 20 20 21 26 26 35 35 48 58 58 44 44 44 48 48 43 35 35 22 23 23 19 19 10 10 10 10 12 12 12 12 13 12 12 8
 20 20 20 11 11 14 16 16 19 19 21 26 26 30 33 33 57 57 95 83 83 42 40 40 37 37 36 39 39 26 28 28 26 26 21 13 13 14 16 16 15 15 13 12 12 10
 16 16 15 9 9 13 13 13 14 14 22 32 32 35 45 45 47 47 57 34 34 35 40 40 40 40 36 35 35 33 29 29 25 25 19 13 13 16 14 14 19 19 16 16 16 11
 16 16 15 9 9 13 13 13 14 14 22 32 32 35 45 45 47 47 57 34 34 35 40 40 40 40 36 35 35 33 29 29 25 25 19 13 13 16 14 14 19 19 16 16 16 11
 11 11 11 13 13 14 13 13 14 14 17 30 30 42 54 54 49 49 30 38 38 38 45 45 39 39 37 37 37 37 26 26 23 23 20 12 12 14 15 15 16 16 21 18 18 13
 8 8 10 13 13 12 13 13 14 14 15 24 24 39 48 48 31 31 28 40 40 40 46 46 40 40 35 36 36 41 33 33 30 30 32 15 15 16 20 20 23 23 30 25 25 19
 8 8 10 13 13 12 13 13 14 14 15 24 24 39 48 48 31 31 28 40 40 40 46 46 40 40 35 36 36 41 33 33 30 30 32 15 15 16 20 20 23 23 30 25 25 19
 10 10 13 13 13 13 15 15 14 14 16 23 23 32 43 43 29 29 28 40 40 40 44 44 37 37 43 45 45 48 38 38 36 36 31 22 22 21 20 20 18 18 24 26 26 24
 10 10 13 13 13 13 15 15 14 14 16 23 23 32 43 43 29 29 28 40 40 40 44 44 37 37 43 45 45 48 38 38 36 36 31 22 22 21 20 20 18 18 24 26 26 24
 9 9 13 12 12 13 16 16 12 12 15 21 21 35 33 33 31 31 27 36 36 40 45 45 44 44 54 45 45 66 52 52 51 51 42 36 36 27 24 24 21 21 24 21 21 24
 9 9 9 11 11 12 14 14 16 16 15 22 22 37 27 27 28 28 28 35 35 39 40 40 47 47 52 146 146 66 58 58 65 65 52 48 48 32 25 25 26 26 21 21 21 24
 9 9 9 11 11 12 14 14 16 16 15 22 22 37 27 27 28 28 28 35 35 39 40 40 47 47 52 146 146 66 58 58 65 65 52 48 48 32 25 25 26 26 21 21 21 24
 9 9 10 11 11 12 13 13 15 15 14 23 23 38 20 20 21 21 25 27 27 34 33 33 46 46 44 67 67 75 68 68 55 55 40 45 45 31 32 32 27 27 24 31 31 28
 9 9 10 12 12 13 11 11 10 10 14 18 18 32 26 26 20 20 25 23 23 28 30 30 43 43 41 45 45 69 25 25 79 79 35 38 38 32 30 30 28 28 28 30 30 27
