assets/RAT_results/precipitation/2019-10-15_IMERG.asc
ncols        46
nrows        77
xllcorner    74.800261325624
yllcorner    8.058333333333
cellsize     0.062500000000
NODATA_value -9999
 53 53 53 54 54 38 49 49 57 57 72 41 41 29 29 29 34 34 34 36 36 46 30 30 50 50 54 45 45 44 36 36 28 28 10 4 4 5 3 3 2 2 1 1 1 2
 43 43 47 42 42 40 51 51 68 68 69 42 42 27 25 25 23 23 16 18 18 24 23 23 45 45 57 41 41 40 26 26 25 25 14 7 7 10 6 6 3 3 3 1 1 1
 43 43 47 42 42 40 51 51 68 68 69 42 42 27 25 25 23 23 16 18 18 24 23 23 45 45 57 41 41 40 26 26 25 25 14 7 7 10 6 6 3 3 3 1 1 1
 33 33 35 27 27 28 54 54 64 64 59 53 53 46 38 38 28 28 26 25 25 33 21 21 32 32 43 44 44 52 37 37 19 19 19 20 20 19 12 12 2 2 1 1 1 1
 17 17 21 27 27 36 46 46 66 66 62 44 44 60 45 45 31 31 40 28 28 17 16 16 29 29 16 21 21 32 54 54 39 39 40 25 25 42 33 33 6 6 5 3 3 2
 17 17 21 27 27 36 46 46 66 66 62 44 44 60 45 45 31 31 40 28 28 17 16 16 29 29 16 21 21 32 54 54 39 39 40 25 25 42 33 33 6 6 5 3 3 2
 11 11 15 22 22 41 51 51 61 61 74 73 73 68 48 48 62 62 43 23 23 21 20 20 23 23 20 18 18 14 40 40 12 12 12 12 12 30 27 27 6 6 6 4 4 5
 11 11 15 22 22 41 51 51 61 61 74 73 73 68 48 48 62 62 43 23 23 21 20 20 23 23 20 18 18 14 40 40 12 12 12 12 12 30 27 27 6 6 6 4 4 5
 6 6 16 33 33 59 47 47 68 68 105 135 135 76 65 65 73 73 43 29 29 23 19 19 24 24 26 15 15 11 10 10 13 13 11 5 5 3 4 4 3 3 2 2 2 3
 6 6 12 39 39 48 42 42 55 55 85 93 93 109 110 110 57 57 42 34 34 26 24 24 24 24 23 12 12 9 10 10 8 8 5 2 2 8 7 7 3 3 2 2 2 5
 6 6 12 39 39 48 42 42 55 55 85 93 93 109 110 110 57 57 42 34 34 26 24 24 24 24 23 12 12 9 10 10 8 8 5 2 2 8 7 7 3 3 2 2 2 5
 6 6 14 33 33 49 42 42 50 50 52 54 54 81 81 81 49 49 34 28 28 18 22 22 18 18 12 8 8 6 8 8 3 3 2 8 8 8 6 6 2 2 2 2 2 2
 5 5 9 10 10 27 36 36 35 35 37 52 52 29 37 37 30 30 18 12 12 12 13 13 11 11 9 6 6 6 4 4 3 3 3 8 8 2 1 1 1 1 1 2 2 3
 5 5 9 10 10 27 36 36 35 35 37 52 52 29 37 37 30 30 18 12 12 12 13 13 11 11 9 6 6 6 4 4 3 3 3 8 8 2 1 1 1 1 1 2 2 3
 6 6 4 9 9 14 21 21 16 16 17 25 25 30 32 32 19 19 8 9 9 9 10 10 11 11 9 7 7 5 10 10 5 5 5 15 15 3 2 2 2 2 11 10 10 11
 6 6 4 9 9 14 21 21 16 16 17 25 25 30 32 32 19 19 8 9 9 9 10 10 11 11 9 7 7 5 10 10 5 5 5 15 15 3 2 2 2 2 11 10 10 11
 24 24 40 40 40 31 10 10 13 13 23 16 16 23 29 29 10 10 7 11 11 13 17 17 10 10 10 8 8 6 6 6 6 6 8 9 9 9 14 14 17 17 13 16 16 18
 52 52 40 39 39 29 9 9 11 11 19 25 25 41 11 11 19 19 15 23 23 20 14 14 15 15 9 8 8 10 7 7 10 10 10 9 9 11 9 9 33 33 58 48 48 49
 52 52 40 39 39 29 9 9 11 11 19 25 25 41 11 11 19 19 15 23 23 20 14 14 15 15 9 8 8 10 7 7 10 10 10 9 9 11 9 9 33 33 58 48 48 49
 52 52 93 53 53 53 5 5 14 14 24 32 32 21 16 16 9 9 12 28 28 23 16 16 19 19 6 5 5 8 8 8 9 9 9 7 7 5 8 8 56 56 9 35 35 55
 45 45 43 55 55 55 3 3 13 13 13 23 23 23 17 17 33 33 20 19 19 20 9 9 4 4 4 6 6 10 9 9 8 8 6 5 5 8 20 20 16 16 10 32 32 49
 45 45 43 55 55 55 3 3 13 13 13 23 23 23 17 17 33 33 20 19 19 20 9 9 4 4 4 6 6 10 9 9 8 8 6 5 5 8 20 20 16 16 10 32 32 49
 51 51 46 8 8 6 3 3 5 5 6 28 28 26 25 25 17 17 14 8 8 7 9 9 3 3 9 7 7 10 13 13 14 14 11 5 5 9 5 5 4 4 2 2 2 2
 51 51 46 8 8 6 3 3 5 5 6 28 28 26 25 25 17 17 14 8 8 7 9 9 3 3 9 7 7 10 13 13 14 14 11 5 5 9 5 5 4 4 2 2 2 2
 27 27 22 15 15 9 6 6 11 11 14 32 32 34 32 32 19 19 14 9 9 14 11 11 11 11 10 11 11 12 13 13 12 12 9 15 15 11 12 12 9 9 5 1 1 1
 25 25 25 20 20 10 11 11 16 16 18 38 38 50 28 28 30 30 17 13 13 14 14 14 13 13 12 11 11 15 9 9 12 12 14 17 17 19 18 18 14 14 4 1 1 1
 25 25 25 20 20 10 11 11 16 16 18 38 38 50 28 28 30 30 17 13 13 14 14 14 13 13 12 11 11 15 9 9 12 12 14 17 17 19 18 18 14 14 4 1 1 1
 44 44 38 37 37 25 22 22 37 37 43 43 43 51 52 52 29 29 28 20 20 19 15 15 13 13 13 11 11 7 6 6 6 6 11 21 21 24 10 10 9 9 2 1 1 1
 45 45 48 41 41 38 22 22 34 34 50 32 32 40 37 37 33 33 31 22 22 24 18 18 12 12 13 8 8 3 5 5 5 5 30 9 9 12 17 17 13 13 9 8 8 2
 45 45 48 41 41 38 22 22 34 34 50 32 32 40 37 37 33 33 31 22 22 24 18 18 12 12 13 8 8 3 5 5 5 5 30 9 9 12 17 17 13 13 9 8 8 2
 52 52 52 42 42 28 34 34 21 21 34 32 32 35 29 29 29 29 31 28 28 25 25 25 13 13 4 9 9 2 3 3 3 3 7 5 5 7 30 30 22 22 13 9 9 2
 52 52 52 42 42 28 34 34 21 21 34 32 32 35 29 29 29 29 31 28 28 25 25 25 13 13 4 9 9 2 3 3 3 3 7 5 5 7 30 30 22 22 13 9 9 2
 55 55 44 36 36 26 26 26 14 14 33 37 37 30 29 29 32 32 28 30 30 27 20 20 13 13 4 2 2 1 1 1 1 1 1 2 2 4 2 2 10 10 11 8 8 3
 59 59 55 38 38 25 22 22 13 13 17 27 27 18 27 27 30 30 32 59 59 25 35 35 14 14 12 3 3 1 1 1 1 1 1 1 1 1 1 1 7 7 6 8 8 3
 59 59 55 38 38 25 22 22 13 13 17 27 27 18 27 27 30 30 32 59 59 25 35 35 14 14 12 3 3 1 1 1 1 1 1 1 1 1 1 1 7 7 6 8 8 3
 49 49 34 30 30 20 18 18 10 10 10 16 16 13 19 19 18 18 49 51 51 32 30 30 17 17 24 4 4 9 1 1 1 1 1 1 1 0 1 1 6 6 7 9 9 2
 40 40 29 19 19 16 9 9 10 10 9 6 6 3 10 10 13 13 46 44 44 29 11 11 17 17 21 12 12 12 1 1 1 1 2 2 2 1 1 1 5 5 5 3 3 3
 40 40 29 19 19 16 9 9 10 10 9 6 6 3 10 10 13 13 46 44 44 29 11 11 17 17 21 12 12 12 1 1 1 1 2 2 2 1 1 1 5 5 5 3 3 3
 26 26 24 14 14 14 9 9 10 10 6 3 3 2 2 2 3 3 9 13 13 20 20 20 16 16 13 5 5 2 2 2 1 1 2 2 2 2 2 2 4 4 3 3 3 3
 26 26 24 14 14 14 9 9 10 10 6 3 3 2 2 2 3 3 9 13 13 20 20 20 16 16 13 5 5 2 2 2 1 1 2 2 2 2 2 2 4 4 3 3 3 3
 23 23 20 13 13 13 8 8 8 8 6 4 4 3 2 2 2 2 3 5 5 7 7 7 7 7 9 11 11 5 8 8 1 1 1 2 2 4 3 3 3 3 2 2 2 2
 18 18 16 11 11 11 6 6 6 6 4 3 3 2 1 1 1 1 1 1 1 2 5 5 5 5 19 14 14 9 3 3 1 1 1 2 2 4 5 5 4 4 3 3 3 3
 18 18 16 11 11 11 6 6 6 6 4 3 3 2 1 1 1 1 1 1 1 2 5 5 5 5 19 14 14 9 3 3 1 1 1 2 2 4 5 5 4 4 3 3 3 3
 13 13 11 10 10 8 6 6 4 4 2 2 2 2 2 2 1 1 1 1 1 2 2 2 10 10 16 13 13 6 4 4 5 5 5 13 13 7 6 6 5 5 2 2 2 3
 8 8 9 10 10 8 8 8 5 5 3 3 3 4 4 4 3 3 1 1 1 1 2 2 10 10 10 8 8 5 6 6 6 6 9 12 12 3 3 3 1 1 1 2 2 3
 8 8 9 10 10 8 8 8 5 5 3 3 3 4 4 4 3 3 1 1 1 1 2 2 10 10 10 8 8 5 6 6 6 6 9 12 12 3 3 3 1 1 1 2 2 3
 11 11 12 13 13 12 13 13 11 11 8 8 8 9 12 12 4 4 1 1 1 2 1 1 5 5 7 6 6 12 4 4 2 2 5 3 3 2 2 2 1 1 2 3 3 3
 11 11 12 13 13 12 13 13 11 11 8 8 8 9 12 12 4 4 1 1 1 2 1 1 5 5 7 6 6 12 4 4 2 2 5 3 3 2 2 2 1 1 2 3 3 3
 14 14 15 15 15 14 14 14 13 13 11 12 12 22 30 30 15 15 6 2 2 2 5 5 6 6 4 4 4 2 6 6 2 2 2 2 2 0 1 1 1 1 2 2 2 3
 15 15 15 14 14 14 14 14 13 13 11 14 14 64 55 55 45 45 14 4 4 2 1 1 6 6 2 0 0 0 0 0 0 0 0 0 0 1 2 2 3 3 4 8 8 8
 15 15 15 14 14 14 14 14 13 13 11 14 14 64 55 55 45 45 14 4 4 2 1 1 6 6 2 0 0 0 0 0 0 0 0 0 0 1 2 2 3 3 4 8 8 8
 13 13 13 12 12 12 11 11 13 13 11 23 23 52 53 53 53 53 17 2 2 2 1 1 3 3 3 1 1 0 0 0 0 0 1 5 5 3 5 5 8 8 9 17 17 23
 7 7 7 7 7 7 8 8 13 13 15 15 15 19 26 26 15 15 6 2 2 1 1 1 4 4 4 1 1 0 0 0 1 1 4 6 6 7 7 7 9 9 14 19 19 29
 7 7 7 7 7 7 8 8 13 13 15 15 15 19 26 26 15 15 6 2 2 1 1 1 4 4 4 1 1 0 0 0 1 1 4 6 6 7 7 7 9 9 14 19 19 29
 4 4 4 4 4 5 6 6 9 9 10 9 9 7 5 5 4 4 1 1 1 2 3 3 6 6 4 1 1 0 0 0 2 2 2 5 5 5 10 10 10 10 20 18 18 32
 4 4 4 4 4 5 6 6 9 9 10 9 9 7 5 5 4 4 1 1 1 2 3 3 6 6 4 1 1 0 0 0 2 2 2 5 5 5 10 10 10 10 20 18 18 32
 3 3 3 3 3 4 6 6 7 7 8 5 5 5 3 3 5 5 1 1 1 3 2 2 6 6 6 3 3 4 4 4 9 9 4 3 3 4 14 14 15 15 36 16 16 23
 3 3 3 2 2 3 4 4 4 4 6 8 8 9 7 7 8 8 1 1 1 1 2 2 10 10 20 17 17 4 5 5 10 10 14 15 15 19 23 23 17 17 30 53 53 53
 3 3 3 2 2 3 4 4 4 4 6 8 8 9 7 7 8 8 1 1 1 1 2 2 10 10 20 17 17 4 5 5 10 10 14 15 15 19 23 23 17 17 30 53 53 53
 7 7 5 4 4 4 3 3 3 3 6 8 8 10 13 13 9 9 3 2 2 2 1 1 10 10 20 18 18 22 32 32 32 32 26 15 15 18 22 22 24 24 37 15 15 13
 7 7 7 7 7 8 5 5 4 4 5 7 7 10 10 10 9 9 6 7 7 4 2 2 3 3 16 25 25 24 32 32 32 32 27 15 15 17 7 7 6 6 8 16 16 15
 7 7 7 7 7 8 5 5 4 4 5 7 7 10 10 10 9 9 6 7 7 4 2 2 3 3 16 25 25 24 32 32 32 32 27 15 15 17 7 7 6 6 8 16 16 15
 4 4 5 6 6 9 6 6 7 7 7 6 6 7 9 9 7 7 7 6 6 7 5 5 5 5 16 25 25 26 35 35 29 29 30 19 19 26 11 11 23 23 26 19 19 20
 4 4 5 6 6 9 6 6 7 7 7 6 6 7 9 9 7 7 7 6 6 7 5 5 5 5 16 25 25 26 35 35 29 29 30 19 19 26 11 11 23 23 26 19 19 20
 3 3 4 6 6 7 8 8 9 9 9 7 7 7 8 8 8 8 6 4 4 5 5 5 5 5 11 15 15 22 23 23 24 24 34 23 23 36 43 43 39 39 38 46 46 25
 5 5 6 7 7 7 8 8 10 10 11 8 8 6 7 7 7 7 9 5 5 5 4 4 4 4 6 6 6 23 26 26 29 29 26 24 24 23 34 34 29 29 32 35 35 23
 5 5 6 7 7 7 8 8 10 10 11 8 8 6 7 7 7 7 9 5 5 5 4 4 4 4 6 6 6 23 26 26 29 29 26 24 24 23 34 34 29 29 32 35 35 23
 7 7 8 8 8 8 9 9 9 9 9 7 7 5 6 6 7 7 8 5 5 5 8 8 16 16 10 11 11 9 12 12 20 20 17 18 18 23 14 14 19 19 19 16 16 14
 10 10 11 11 11 10 8 8 8 8 8 7 7 6 6 6 9 9 9 9 9 12 30 30 16 16 11 9 9 10 6 6 12 12 10 13 13 11 12 12 19 19 20 22 22 13
 10 10 11 11 11 10 8 8 8 8 8 7 7 6 6 6 9 9 9 9 9 12 30 30 16 16 11 9 9 10 6 6 12 12 10 13 13 11 12 12 19 19 20 22 22 13
 18 18 16 15 15 12 9 9 8 8 7 6 6 7 8 8 10 10 15 15 15 24 36 36 18 18 8 4 4 6 3 3 6 6 5 4 4 3 17 17 26 26 21 13 13 9
 18 18 16 15 15 12 9 9 8 8 7 6 6 7 8 8 10 10 15 15 15 24 36 36 18 18 8 4 4 6 3 3 6 6 5 4 4 3 17 17 26 26 21 13 13 9
 20 20 18 16 16 13 10 10 9 9 9 8 8 8 9 9 14 14 15 16 16 37 36 36 17 17 9 4 4 4 3 3 7 7 5 12 12 10 18 18 17 17 18 17 17 14
 21 21 20 18 18 15 13 13 12 12 11 9 9 8 9 9 12 12 13 17 17 14 9 9 7 7 7 5 5 2 2 2 7 7 3 8 8 5 13 13 24 24 21 19 19 10
 21 21 20 18 18 15 13 13 12 12 11 9 9 8 9 9 12 12 13 17 17 14 9 9 7 7 7 5 5 2 2 2 7 7 3 8 8 5 13 13 24 24 21 19 19 10
 26 26 23 19 19 16 15 15 14 14 11 9 9 8 8 8 9 9 11 9 9 10 7 7 6 6 2 2 2 2 2 2 2 2 3 9 9 7 10 10 17 17 24 29 29 32
 29 29 23 20 20 17 15 15 14 14 11 10 10 8 7 7 6 6 8 4 4 6 3 3 8 8 2 3 3 2 3 3 2 2 2 3 3 3 10 10 14 14 20 26 26 43
