assets/RAT_results/precipitation/2019-08-28_IMERG.asc
ncols        46
nrows        77
xllcorner    74.800261325624
yllcorner    8.058333333333
cellsize     0.062500000000
NODATA_value -9999
 17 17 10 7 7 10 17 17 3 3 4 2 2 2 2 2 1 1 0 0 0 0 0 0 0 0 0 0 0 0 0 0 0 0 0 0 0 1 2 2 4 4 4 2 2 1
 7 7 7 6 6 5 4 4 3 3 2 3 3 2 2 2 1 1 1 0 0 1 0 0 0 0 1 0 0 0 0 0 0 0 0 0 0 1 3 3 7 7 7 1 1 0
 7 7 7 6 6 5 4 4 3 3 2 3 3 2 2 2 1 1 1 0 0 1 0 0 0 0 1 0 0 0 0 0 0 0 0 0 0 1 3 3 7 7 7 1 1 0
 7 7 5 6 6 4 5 5 2 2 1 0 0 0 1 1 2 2 1 0 0 0 0 0 0 0 0 0 0 0 0 0 0 0 0 0 0 1 3 3 3 3 2 0 0 0
 8 8 9 13 13 7 4 4 3 3 2 1 1 0 0 0 0 0 0 0 0 0 0 0 0 0 0 0 0 0 0 0 0 0 0 0 0 1 2 2 3 3 1 0 0 0
 8 8 9 13 13 7 4 4 3 3 2 1 1 0 0 0 0 0 0 0 0 0 0 0 0 0 0 0 0 0 0 0 0 0 0 0 0 1 2 2 3 3 1 0 0 0
 13 13 13 20 20 12 11 11 7 7 4 2 2 2 1 1 0 0 0 0 0 0 0 0 0 0 0 0 0 0 0 0 0 0 0 0 0 0 1 1 0 0 0 0 0 0
 13 13 13 20 20 12 11 11 7 7 4 2 2 2 1 1 0 0 0 0 0 0 0 0 0 0 0 0 0 0 0 0 0 0 0 0 0 0 1 1 0 0 0 0 0 0
 13 13 16 21 21 20 21 21 10 10 5 3 3 2 1 1 1 1 0 0 0 0 0 0 1 1 0 0 0 1 1 1 0 0 0 0 0 1 1 1 1 1 1 1 1 1
 10 10 15 17 17 19 18 18 11 11 8 6 6 4 3 3 2 2 1 1 1 0 0 0 1 1 0 0 0 1 1 1 1 1 0 0 0 1 3 3 3 3 2 1 1 1
 10 10 15 17 17 19 18 18 11 11 8 6 6 4 3 3 2 2 1 1 1 0 0 0 1 1 0 0 0 1 1 1 1 1 0 0 0 1 3 3 3 3 2 1 1 1
 8 8 10 14 14 15 17 17 11 11 7 4 4 3 2 2 1 1 1 1 1 1 1 1 1 1 1 1 1 1 1 1 2 2 1 1 1 1 3 3 4 4 3 2 2 1
 3 3 5 5 5 7 12 12 6 6 3 2 2 2 2 2 2 2 2 2 2 3 3 3 2 2 1 1 1 1 1 1 1 1 1 1 1 2 2 2 3 3 4 3 3 2
 3 3 5 5 5 7 12 12 6 6 3 2 2 2 2 2 2 2 2 2 2 3 3 3 2 2 1 1 1 1 1 1 1 1 1 1 1 2 2 2 3 3 4 3 3 2
 2 2 3 4 4 4 6 6 5 5 6 4 4 3 2 2 2 2 1 1 1 0 0 0 0 0 0 1 1 1 1 1 1 1 1 1 1 1 2 2 2 2 2 2 2 2
 2 2 3 4 4 4 6 6 5 5 6 4 4 3 2 2 2 2 1 1 1 0 0 0 0 0 0 1 1 1 1 1 1 1 1 1 1 1 2 2 2 2 2 2 2 2
 2 2 1 3 3 4 6 6 6 6 9 10 10 9 10 10 7 7 7 3 3 2 1 1 0 0 0 0 0 0 0 0 0 0 0 0 0 1 2 2 2 2 2 2 2 3
 8 8 4 3 3 7 10 10 8 8 10 12 12 10 7 7 6 6 4 4 4 1 0 0 0 0 0 0 0 0 0 0 0 0 1 1 1 2 3 3 3 3 4 3 3 3
 8 8 4 3 3 7 10 10 8 8 10 12 12 10 7 7 6 6 4 4 4 1 0 0 0 0 0 0 0 0 0 0 0 0 1 1 1 2 3 3 3 3 4 3 3 3
 9 9 5 5 5 6 8 8 8 8 8 11 11 12 9 9 5 5 3 2 2 4 0 0 0 0 0 0 0 0 0 0 1 1 1 2 2 2 2 2 2 2 2 3 3 7
 7 7 5 4 4 6 9 9 6 6 8 12 12 10 9 9 4 4 2 1 1 0 0 0 0 0 0 0 0 0 1 1 1 1 1 1 1 2 1 1 1 1 1 1 1 0
 7 7 5 4 4 6 9 9 6 6 8 12 12 10 9 9 4 4 2 1 1 0 0 0 0 0 0 0 0 0 1 1 1 1 1 1 1 2 1 1 1 1 1 1 1 0
 6 6 4 3 3 4 7 7 5 5 5 6 6 8 10 10 6 6 1 1 1 1 2 2 2 2 0 0 0 0 0 0 0 0 0 1 1 1 1 1 0 0 0 0 0 0
 6 6 4 3 3 4 7 7 5 5 5 6 6 8 10 10 6 6 1 1 1 1 2 2 2 2 0 0 0 0 0 0 0 0 0 1 1 1 1 1 0 0 0 0 0 0
 3 3 3 4 4 4 5 5 5 5 6 6 6 7 9 9 9 9 6 2 2 3 3 3 4 4 6 2 2 1 0 0 0 0 0 1 1 1 0 0 0 0 0 0 0 0
 3 3 1 2 2 2 3 3 2 2 4 3 3 5 9 9 7 7 5 9 9 4 8 8 9 9 6 5 5 3 0 0 0 0 0 1 1 1 0 0 0 0 0 0 0 0
 3 3 1 2 2 2 3 3 2 2 4 3 3 5 9 9 7 7 5 9 9 4 8 8 9 9 6 5 5 3 0 0 0 0 0 1 1 1 0 0 0 0 0 0 0 0
 4 4 2 1 1 2 2 2 4 4 3 8 8 5 10 10 14 14 12 8 8 4 7 7 6 6 9 8 8 7 2 2 2 2 0 0 0 0 0 0 0 0 0 0 0 0
 6 6 4 2 2 2 3 3 6 6 21 15 15 10 15 15 17 17 24 10 10 8 8 8 6 6 10 9 9 6 2 2 2 2 0 0 0 0 0 0 0 0 0 0 0 0
 6 6 4 2 2 2 3 3 6 6 21 15 15 10 15 15 17 17 24 10 10 8 8 8 6 6 10 9 9 6 2 2 2 2 0 0 0 0 0 0 0 0 0 0 0 0
 7 7 7 7 7 8 10 10 9 9 10 15 15 14 16 16 25 25 18 22 22 15 11 11 9 9 5 5 5 4 3 3 3 3 1 0 0 0 0 0 0 0 0 1 1 0
 7 7 7 7 7 8 10 10 9 9 10 15 15 14 16 16 25 25 18 22 22 15 11 11 9 9 5 5 5 4 3 3 3 3 1 0 0 0 0 0 0 0 0 1 1 0
 11 11 12 14 14 14 15 15 14 14 12 13 13 13 15 15 15 15 21 15 15 12 6 6 5 5 6 3 3 2 1 1 1 1 0 0 0 0 1 1 0 0 1 0 0 0
 11 11 12 14 14 17 17 17 16 16 13 11 11 9 9 9 9 9 15 13 13 8 8 8 6 6 3 2 2 3 5 5 3 3 0 0 0 1 0 0 0 0 0 0 0 0
 11 11 12 14 14 17 17 17 16 16 13 11 11 9 9 9 9 9 15 13 13 8 8 8 6 6 3 2 2 3 5 5 3 3 0 0 0 1 0 0 0 0 0 0 0 0
 11 11 12 11 11 8 8 8 9 9 9 7 7 4 8 8 10 10 18 12 12 12 7 7 5 5 6 4 4 4 6 6 3 3 3 2 2 2 1 1 1 1 1 0 0 0
 6 6 7 13 13 9 7 7 6 6 10 7 7 9 15 15 8 8 12 17 17 22 9 9 10 10 14 9 9 12 8 8 6 6 7 4 4 5 1 1 1 1 1 0 0 0
 6 6 7 13 13 9 7 7 6 6 10 7 7 9 15 15 8 8 12 17 17 22 9 9 10 10 14 9 9 12 8 8 6 6 7 4 4 5 1 1 1 1 1 0 0 0
 5 5 5 11 11 12 12 12 12 12 21 18 18 18 22 22 22 22 25 28 28 40 24 24 19 19 17 12 12 20 10 10 9 9 9 8 8 6 2 2 2 2 1 0 0 1
 5 5 5 11 11 12 12 12 12 12 21 18 18 18 22 22 22 22 25 28 28 40 24 24 19 19 17 12 12 20 10 10 9 9 9 8 8 6 2 2 2 2 1 0 0 1
 6 6 6 9 9 13 20 20 19 19 27 27 27 30 45 45 44 44 42 41 41 34 24 24 19 19 13 11 11 14 11 11 20 20 19 9 9 9 5 5 2 2 1 0 0 0
 8 8 8 12 12 14 23 23 27 27 34 27 27 22 22 22 22 22 32 20 20 17 20 20 19 19 16 13 13 13 11 11 10 10 16 10 10 11 6 6 3 3 0 0 0 0
 8 8 8 12 12 14 23 23 27 27 34 27 27 22 22 22 22 22 32 20 20 17 20 20 19 19 16 13 13 13 11 11 10 10 16 10 10 11 6 6 3 3 0 0 0 0
 8 8 7 8 8 10 11 11 17 17 20 19 19 21 22 22 28 28 32 18 18 18 19 19 17 17 17 14 14 12 13 13 12 12 12 20 20 10 7 7 3 3 0 0 0 0
 8 8 3 4 4 5 8 8 12 12 13 14 14 16 18 18 27 27 36 22 22 24 22 22 22 22 18 12 12 16 15 15 15 15 18 20 20 13 7 7 1 1 1 0 0 0
 8 8 3 4 4 5 8 8 12 12 13 14 14 16 18 18 27 27 36 22 22 24 22 22 22 22 18 12 12 16 15 15 15 15 18 20 20 13 7 7 1 1 1 0 0 0
 4 4 2 3 3 3 3 3 4 4 4 7 7 10 11 11 24 24 34 22 22 19 14 14 24 24 21 15 15 15 9 9 11 11 18 18 18 9 7 7 4 4 0 0 0 0
 4 4 2 3 3 3 3 3 4 4 4 7 7 10 11 11 24 24 34 22 22 19 14 14 24 24 21 15 15 15 9 9 11 11 18 18 18 9 7 7 4 4 0 0 0 0
 2 2 3 3 3 2 2 2 2 2 3 8 8 12 6 6 11 11 18 18 18 15 9 9 18 18 28 17 17 12 8 8 12 12 13 11 11 11 7 7 5 5 1 0 0 0
 2 2 2 4 4 4 2 2 3 3 4 7 7 7 5 5 11 11 11 9 9 12 9 9 18 18 13 7 7 15 5 5 9 9 18 11 11 7 2 2 2 2 0 0 0 0
 2 2 2 4 4 4 2 2 3 3 4 7 7 7 5 5 11 11 11 9 9 12 9 9 18 18 13 7 7 15 5 5 9 9 18 11 11 7 2 2 2 2 0 0 0 0
 1 1 1 2 2 2 1 1 4 4 7 8 8 7 3 3 5 5 10 7 7 9 7 7 10 10 10 15 15 7 6 6 8 8 9 8 8 4 2 2 1 1 0 0 0 0
 3 3 3 3 3 5 3 3 4 4 9 7 7 6 6 6 6 6 4 4 4 9 5 5 27 27 10 7 7 7 5 5 8 8 7 5 5 1 1 1 1 1 0 0 0 0
 3 3 3 3 3 5 3 3 4 4 9 7 7 6 6 6 6 6 4 4 4 9 5 5 27 27 10 7 7 7 5 5 8 8 7 5 5 1 1 1 1 1 0 0 0 0
 4 4 5 6 6 4 3 3 7 7 14 9 9 12 14 14 14 14 10 4 4 6 10 10 14 14 9 8 8 8 6 6 11 11 24 8 8 2 1 1 0 0 0 0 0 0
 4 4 5 6 6 4 3 3 7 7 14 9 9 12 14 14 14 14 10 4 4 6 10 10 14 14 9 8 8 8 6 6 11 11 24 8 8 2 1 1 0 0 0 0 0 0
 5 5 6 6 6 6 6 6 10 10 12 8 8 10 10 10 10 10 7 7 7 10 6 6 12 12 13 12 12 6 5 5 5 5 6 5 5 1 1 1 0 0 0 0 0 0
 7 7 7 7 7 6 9 9 16 16 27 8 8 6 5 5 6 6 6 7 7 8 7 7 9 9 13 5 5 5 4 4 2 2 1 2 2 1 0 0 1 1 0 0 0 0
 7 7 7 7 7 6 9 9 16 16 27 8 8 6 5 5 6 6 6 7 7 8 7 7 9 9 13 5 5 5 4 4 2 2 1 2 2 1 0 0 1 1 0 0 0 0
 9 9 8 8 8 8 11 11 16 16 25 10 10 5 3 3 3 3 4 5 5 8 12 12 10 10 16 18 18 11 1 1 0 0 1 1 1 0 0 0 0 0 0 0 0 0
 9 9 7 8 8 9 12 12 21 21 19 8 8 5 6 6 4 4 3 2 2 7 21 21 13 13 7 12 12 4 1 1 0 0 1 1 1 1 0 0 0 0 1 1 1 1
 9 9 7 8 8 9 12 12 21 21 19 8 8 5 6 6 4 4 3 2 2 7 21 21 13 13 7 12 12 4 1 1 0 0 1 1 1 1 0 0 0 0 1 1 1 1
 11 11 11 13 13 19 22 22 22 22 18 11 11 9 12 12 14 14 12 15 15 13 22 22 12 12 5 6 6 4 1 1 0 0 0 0 0 0 0 0 0 0 2 2 2 0
 11 11 11 13 13 19 22 22 22 22 18 11 11 9 12 12 14 14 12 15 15 13 22 22 12 12 5 6 6 4 1 1 0 0 0 0 0 0 0 0 0 0 2 2 2 0
 16 16 19 21 21 26 22 22 17 17 23 28 28 37 29 29 27 27 22 15 15 13 9 9 4 4 3 2 2 4 3 3 3 3 0 0 0 0 1 1 0 0 0 0 0 0
 12 12 15 18 18 20 14 14 12 12 23 28 28 21 18 18 12 12 9 7 7 6 4 4 3 3 1 1 1 2 2 2 1 1 0 0 0 0 1 1 1 1 0 0 0 0
 12 12 15 18 18 20 14 14 12 12 23 28 28 21 18 18 12 12 9 7 7 6 4 4 3 3 1 1 1 2 2 2 1 1 0 0 0 0 1 1 1 1 0 0 0 0
 6 6 10 13 13 12 10 10 10 10 12 10 10 9 7 7 6 6 5 5 5 4 3 3 2 2 1 1 1 1 2 2 2 2 0 0 0 0 0 0 0 0 0 0 0 0
 6 6 8 10 10 10 10 10 12 12 10 11 11 6 5 5 4 4 3 4 4 3 2 2 1 1 1 1 1 1 1 1 3 3 1 0 0 0 0 0 0 0 0 0 0 0
 6 6 8 10 10 10 10 10 12 12 10 11 11 6 5 5 4 4 3 4 4 3 2 2 1 1 1 1 1 1 1 1 3 3 1 0 0 0 0 0 0 0 0 0 0 0
 5 5 5 4 4 4 4 4 5 5 7 6 6 4 3 3 2 2 5 5 5 3 3 3 2 2 1 1 1 1 1 1 1 1 2 2 2 1 0 0 0 0 0 0 0 0
 5 5 5 4 4 4 4 4 5 5 7 6 6 4 3 3 2 2 5 5 5 3 3 3 2 2 1 1 1 1 1 1 1 1 2 2 2 1 0 0 0 0 0 0 0 0
 3 3 3 3 3 3 3 3 3 3 3 3 3 3 3 3 4 4 6 5 5 3 2 2 2 2 2 1 1 1 1 1 1 1 2 2 2 1 0 0 0 0 0 0 0 0
 3 3 3 2 2 2 2 2 2 2 3 3 3 3 4 4 6 6 6 4 4 3 2 2 2 2 1 1 1 1 1 1 0 0 1 1 1 2 2 2 1 1 0 0 0 0
 3 3 3 2 2 2 2 2 2 2 3 3 3 3 4 4 6 6 6 4 4 3 2 2 2 2 1 1 1 1 1 1 0 0 1 1 1 2 2 2 1 1 0 0 0 0
 7 7 6 6 6 5 5 5 5 5 4 4 4 4 4 4 4 4 4 4 4 3 3 3 2 2 1 0 0 0 0 0 0 0 1 1 1 1 2 2 2 2 2 0 0 0
 13 13 12 10 10 9 8 8 11 11 11 9 9 9 8 8 6 6 5 5 5 3 3 3 2 2 1 0 0 0 0 0 0 0 0 0 0 1 1 1 1 1 1 0 0 0
