assets/RAT_results/precipitation/2019-11-03_IMERG.asc
ncols        46
nrows        77
xllcorner    74.800261325624
yllcorner    8.058333333333
cellsize     0.062500000000
NODATA_value -9999
 2 2 3 3 3 4 4 4 4 4 0 0 0 0 0 0 0 0 0 0 0 0 0 0 0 0 0 0 0 0 0 0 0 0 0 0 0 0 0 0 0 0 0 0 0 0
 1 1 1 1 1 1 1 1 4 4 11 7 7 2 0 0 0 0 0 0 0 0 0 0 0 0 0 0 0 0 0 0 0 0 0 0 0 0 0 0 0 0 0 0 0 0
 1 1 1 1 1 1 1 1 4 4 11 7 7 2 0 0 0 0 0 0 0 0 0 0 0 0 0 0 0 0 0 0 0 0 0 0 0 0 0 0 0 0 0 0 0 0
 1 1 1 1 1 1 1 1 7 7 27 15 15 2 0 0 0 0 0 0 0 0 0 0 0 0 0 0 0 0 0 0 0 0 0 0 0 0 0 0 0 0 0 0 0 0
 0 0 0 0 0 0 0 0 3 3 8 15 15 1 0 0 0 0 0 0 0 0 0 0 0 0 0 0 0 0 0 0 0 0 0 0 0 0 0 0 0 0 0 0 0 0
 0 0 0 0 0 0 0 0 3 3 8 15 15 1 0 0 0 0 0 0 0 0 0 0 0 0 0 0 0 0 0 0 0 0 0 0 0 0 0 0 0 0 0 0 0 0
 0 0 0 1 1 0 0 0 0 0 0 0 0 3 0 0 0 0 0 0 0 0 0 0 0 0 0 0 0 0 0 0 0 0 0 0 0 0 0 0 0 0 0 0 0 0
 0 0 0 1 1 0 0 0 0 0 0 0 0 3 0 0 0 0 0 0 0 0 0 0 0 0 0 0 0 0 0 0 0 0 0 0 0 0 0 0 0 0 0 0 0 0
 0 0 0 1 1 0 0 0 0 0 0 0 0 0 0 0 0 0 0 0 0 0 0 0 0 0 0 0 0 0 0 0 0 0 0 0 0 0 0 0 0 0 0 0 0 0
 0 0 0 1 1 1 0 0 0 0 0 0 0 0 0 0 0 0 0 0 0 0 0 0 0 0 0 0 0 0 0 0 0 0 0 0 0 0 0 0 0 0 0 0 0 0
 0 0 0 1 1 1 0 0 0 0 0 0 0 0 0 0 0 0 0 0 0 0 0 0 0 0 0 0 0 0 0 0 0 0 0 0 0 0 0 0 0 0 0 0 0 0
 0 0 0 0 0 1 1 1 0 0 0 1 1 0 0 0 0 0 0 0 0 0 0 0 0 0 0 0 0 0 0 0 0 0 0 0 0 0 0 0 0 0 0 0 0 0
 0 0 0 0 0 1 1 1 1 1 1 1 1 1 0 0 0 0 0 0 0 0 0 0 0 0 0 0 0 0 0 0 0 0 0 0 0 0 0 0 0 0 0 0 0 0
 0 0 0 0 0 1 1 1 1 1 1 1 1 1 0 0 0 0 0 0 0 0 0 0 0 0 0 0 0 0 0 0 0 0 0 0 0 0 0 0 0 0 0 0 0 0
 0 0 0 0 0 0 1 1 1 1 1 2 2 0 0 0 0 0 0 0 0 0 0 0 0 0 0 0 0 0 0 0 0 0 0 0 0 0 0 0 0 0 0 0 0 0
 0 0 0 0 0 0 1 1 1 1 1 2 2 0 0 0 0 0 0 0 0 0 0 0 0 0 0 0 0 0 0 0 0 0 0 0 0 0 0 0 0 0 0 0 0 0
 0 0 0 0 0 0 0 0 1 1 1 1 1 3 1 1 1 1 0 0 0 0 0 0 0 0 0 0 0 0 0 0 0 0 0 0 0 0 0 0 0 0 0 0 0 0
 0 0 0 0 0 0 0 0 0 0 1 1 1 4 2 2 1 1 4 2 2 0 8 8 8 8 0 1 1 1 0 0 0 0 0 0 0 0 0 0 0 0 0 0 0 0
 0 0 0 0 0 0 0 0 0 0 1 1 1 4 2 2 1 1 4 2 2 0 8 8 8 8 0 1 1 1 0 0 0 0 0 0 0 0 0 0 0 0 0 0 0 0
 0 0 0 0 0 0 0 0 0 0 1 3 3 5 3 3 0 0 13 9 9 10 7 7 9 9 0 1 1 1 0 0 0 0 0 0 0 0 0 0 0 0 0 0 0 0
 0 0 0 0 0 0 0 0 0 0 0 1 1 4 3 3 0 0 4 14 14 5 2 2 1 1 1 1 1 1 0 0 1 1 0 0 0 0 0 0 0 0 0 0 0 0
 0 0 0 0 0 0 0 0 0 0 0 1 1 4 3 3 0 0 4 14 14 5 2 2 1 1 1 1 1 1 0 0 1 1 0 0 0 0 0 0 0 0 0 0 0 0
 0 0 0 0 0 0 0 0 0 0 0 0 0 4 2 2 1 1 0 1 1 0 2 2 2 2 1 1 1 1 1 1 1 1 0 0 0 0 0 0 0 0 0 0 0 0
 0 0 0 0 0 0 0 0 0 0 0 0 0 4 2 2 1 1 0 1 1 0 2 2 2 2 1 1 1 1 1 1 1 1 0 0 0 0 0 0 0 0 0 0 0 0
 0 0 0 1 1 1 1 1 1 1 0 0 0 0 1 1 2 2 2 0 0 0 1 1 1 1 1 2 2 16 15 15 17 17 9 9 9 0 0 0 0 0 0 0 0 0
 0 0 1 1 1 4 2 2 2 2 1 1 1 1 1 1 4 4 3 2 2 4 1 1 2 2 4 3 3 15 15 15 18 18 9 9 9 0 0 0 0 0 0 0 0 0
 0 0 1 1 1 4 2 2 2 2 1 1 1 1 1 1 4 4 3 2 2 4 1 1 2 2 4 3 3 15 15 15 18 18 9 9 9 0 0 0 0 0 0 0 0 0
 10 10 28 31 31 33 22 22 9 9 6 5 5 4 4 4 8 8 6 5 5 4 3 3 3 3 4 4 4 15 31 31 31 31 16 6 6 6 1 1 0 0 0 0 0 1
 12 12 29 33 33 35 23 23 12 12 9 7 7 4 4 4 7 7 4 3 3 9 8 8 12 12 6 6 6 17 58 58 48 48 52 23 23 16 2 2 0 0 0 0 0 0
 12 12 29 33 33 35 23 23 12 12 9 7 7 4 4 4 7 7 4 3 3 9 8 8 12 12 6 6 6 17 58 58 48 48 52 23 23 16 2 2 0 0 0 0 0 0
 42 42 47 50 50 50 51 51 19 19 15 25 25 11 11 11 12 12 5 5 5 8 12 12 14 14 14 17 17 14 58 58 47 47 50 23 23 10 23 23 7 7 0 0 0 0
 42 42 47 50 50 50 51 51 19 19 15 25 25 11 11 11 12 12 5 5 5 8 12 12 14 14 14 17 17 14 58 58 47 47 50 23 23 10 23 23 7 7 0 0 0 0
 30 30 35 48 48 26 53 53 33 33 28 25 25 13 13 13 19 19 11 10 10 11 13 13 34 34 14 15 15 14 33 33 42 42 42 21 21 11 9 9 3 3 2 1 1 1
 30 30 34 48 48 24 24 24 27 27 15 13 13 14 19 19 22 22 15 19 19 19 18 18 27 27 11 10 10 29 28 28 39 39 42 19 19 11 7 7 7 7 2 1 1 1
 30 30 34 48 48 24 24 24 27 27 15 13 13 14 19 19 22 22 15 19 19 19 18 18 27 27 11 10 10 29 28 28 39 39 42 19 19 11 7 7 7 7 2 1 1 1
 5 5 8 12 12 13 15 15 14 14 15 18 18 31 50 50 30 30 29 23 23 37 17 17 13 13 8 10 10 29 28 28 39 39 26 25 25 8 2 2 2 2 1 0 0 2
 5 5 7 17 17 21 26 26 52 52 55 94 94 65 61 61 37 37 40 31 31 41 24 24 11 11 7 4 4 14 33 33 33 33 20 11 11 12 2 2 2 2 0 1 1 2
 5 5 7 17 17 21 26 26 52 52 55 94 94 65 61 61 37 37 40 31 31 41 24 24 11 11 7 4 4 14 33 33 33 33 20 11 11 12 2 2 2 2 0 1 1 2
 6 6 8 18 18 22 31 31 55 55 60 110 110 111 77 77 33 33 37 25 25 21 10 10 13 13 14 8 8 3 10 10 32 32 19 11 11 12 3 3 3 3 3 2 2 2
 6 6 8 18 18 22 31 31 55 55 60 110 110 111 77 77 33 33 37 25 25 21 10 10 13 13 14 8 8 3 10 10 32 32 19 11 11 12 3 3 3 3 3 2 2 2
 9 9 19 35 35 45 85 85 87 87 153 106 106 126 76 76 49 49 36 28 28 26 23 23 47 47 6 12 12 5 12 12 13 13 11 3 3 3 2 2 2 2 4 2 2 3
 16 16 29 38 38 48 87 87 91 91 168 139 139 141 55 55 50 50 37 29 29 27 25 25 37 37 38 15 15 12 12 12 6 6 1 4 4 4 2 2 2 2 2 3 3 7
 16 16 29 38 38 48 87 87 91 91 168 139 139 141 55 55 50 50 37 29 29 27 25 25 37 37 38 15 15 12 12 12 6 6 1 4 4 4 2 2 2 2 2 3 3 7
 39 39 52 61 61 74 164 164 152 152 164 81 81 126 45 45 41 41 37 31 31 34 32 32 41 41 39 29 29 19 18 18 9 9 2 6 6 6 6 6 5 5 7 2 2 5
 45 45 42 47 47 47 50 50 58 58 76 73 73 65 38 38 39 39 33 43 43 68 29 29 38 38 24 44 44 18 20 20 13 13 6 6 6 6 5 5 6 6 5 5 5 10
 45 45 42 47 47 47 50 50 58 58 76 73 73 65 38 38 39 39 33 43 43 68 29 29 38 38 24 44 44 18 20 20 13 13 6 6 6 6 5 5 6 6 5 5 5 10
 54 54 49 47 47 43 32 32 44 44 29 38 38 42 43 43 42 42 39 41 41 39 50 50 41 41 34 35 35 24 16 16 14 14 5 3 3 2 7 7 9 9 8 5 5 7
 54 54 49 47 47 43 32 32 44 44 29 38 38 42 43 43 42 42 39 41 41 39 50 50 41 41 34 35 35 24 16 16 14 14 5 3 3 2 7 7 9 9 8 5 5 7
 56 56 50 47 47 38 28 28 30 30 28 36 36 41 40 40 45 45 47 30 30 42 65 65 38 38 33 55 55 28 36 36 24 24 7 6 6 9 6 6 7 7 7 5 5 4
 48 48 44 51 51 43 35 35 37 37 43 95 95 88 65 65 45 45 40 30 30 22 28 28 23 23 24 20 20 46 49 49 29 29 10 11 11 11 10 10 11 11 7 7 7 3
 48 48 44 51 51 43 35 35 37 37 43 95 95 88 65 65 45 45 40 30 30 22 28 28 23 23 24 20 20 46 49 49 29 29 10 11 11 11 10 10 11 11 7 7 7 3
 45 45 40 31 31 35 32 32 34 34 44 91 91 38 40 40 31 31 31 18 18 22 22 22 17 17 17 19 19 49 55 55 31 31 19 16 16 19 14 14 16 16 13 14 14 4
 38 38 39 31 31 34 27 27 30 30 56 50 50 45 51 51 94 94 75 18 18 20 20 20 28 28 29 32 32 40 48 48 21 21 29 28 28 28 26 26 21 21 18 24 24 15
 38 38 39 31 31 34 27 27 30 30 56 50 50 45 51 51 94 94 75 18 18 20 20 20 28 28 29 32 32 40 48 48 21 21 29 28 28 28 26 26 21 21 18 24 24 15
 34 34 36 26 26 24 32 32 35 35 61 32 32 45 111 111 103 103 81 17 17 17 15 15 20 20 20 23 23 39 32 32 27 27 20 30 30 32 28 28 32 32 30 32 32 30
 34 34 36 26 26 24 32 32 35 35 61 32 32 45 111 111 103 103 81 17 17 17 15 15 20 20 20 23 23 39 32 32 27 27 20 30 30 32 28 28 32 32 30 32 32 30
 28 28 17 20 20 21 22 22 34 34 31 28 28 35 41 41 106 106 97 86 86 17 16 16 12 12 17 21 21 57 61 61 27 27 28 39 39 32 31 31 28 28 34 19 19 28
 4 4 6 11 11 14 20 20 29 29 25 26 26 36 42 42 107 107 98 87 87 13 14 14 7 7 13 28 28 30 43 43 42 42 23 18 18 24 38 38 22 22 18 20 20 22
 4 4 6 11 11 14 20 20 29 29 25 26 26 36 42 42 107 107 98 87 87 13 14 14 7 7 13 28 28 30 43 43 42 42 23 18 18 24 38 38 22 22 18 20 20 22
 4 4 6 7 7 16 25 25 34 34 36 29 29 56 54 54 94 94 31 29 29 12 13 13 8 8 6 11 11 24 23 23 40 40 14 10 10 13 19 19 16 16 17 20 20 16
 6 6 7 15 15 18 27 27 34 34 34 30 30 56 55 55 96 96 49 12 12 6 6 6 10 10 6 8 8 8 11 11 28 28 7 5 5 9 10 10 11 11 13 27 27 37
 6 6 7 15 15 18 27 27 34 34 34 30 30 56 55 55 96 96 49 12 12 6 6 6 10 10 6 8 8 8 11 11 28 28 7 5 5 9 10 10 11 11 13 27 27 37
 6 6 8 15 15 16 24 24 32 32 32 19 19 17 35 35 55 55 48 10 10 1 0 0 3 3 6 7 7 6 5 5 6 6 6 8 8 13 11 11 17 17 24 41 41 59
 6 6 8 15 15 16 24 24 32 32 32 19 19 17 35 35 55 55 48 10 10 1 0 0 3 3 6 7 7 6 5 5 6 6 6 8 8 13 11 11 17 17 24 41 41 59
 9 9 8 15 15 21 24 24 27 27 28 13 13 9 12 12 9 9 2 0 0 0 0 0 6 6 6 5 5 7 8 8 7 7 7 9 9 11 21 21 26 26 33 43 43 42
 11 11 6 8 8 24 25 25 29 29 8 8 8 6 12 12 10 10 2 0 0 0 0 0 3 3 4 6 6 8 8 8 8 8 6 11 11 10 23 23 26 26 20 40 40 27
 11 11 6 8 8 24 25 25 29 29 8 8 8 6 12 12 10 10 2 0 0 0 0 0 3 3 4 6 6 8 8 8 8 8 6 11 11 10 23 23 26 26 20 40 40 27
 10 10 5 8 8 24 24 24 30 30 8 9 9 8 4 4 1 1 0 0 0 0 0 0 0 0 3 6 6 6 5 5 6 6 6 5 5 7 21 21 25 25 23 17 17 29
 3 3 5 4 4 25 23 23 27 27 8 9 9 11 5 5 2 2 1 0 0 0 0 0 0 0 1 1 1 3 3 3 6 6 5 3 3 7 10 10 15 15 14 15 15 7
 3 3 5 4 4 25 23 23 27 27 8 9 9 11 5 5 2 2 1 0 0 0 0 0 0 0 1 1 1 3 3 3 6 6 5 3 3 7 10 10 15 15 14 15 15 7
 3 3 2 3 3 23 21 21 25 25 11 11 11 10 5 5 2 2 1 0 0 0 0 0 0 0 2 2 2 2 3 3 3 3 4 4 4 4 3 3 8 8 3 9 9 2
 3 3 2 3 3 23 21 21 25 25 11 11 11 10 5 5 2 2 1 0 0 0 0 0 0 0 2 2 2 2 3 3 3 3 4 4 4 4 3 3 8 8 3 9 9 2
 3 3 1 12 12 12 20 20 28 28 28 8 8 7 3 3 3 3 0 0 0 0 0 0 1 1 2 2 2 2 3 3 2 2 3 3 3 5 9 9 5 5 4 3 3 3
 1 1 1 1 1 11 20 20 26 26 26 5 5 5 3 3 3 3 0 0 0 0 1 1 1 1 1 1 1 1 2 2 3 3 3 3 3 7 10 10 6 6 5 5 5 4
 1 1 1 1 1 11 20 20 26 26 26 5 5 5 3 3 3 3 0 0 0 0 1 1 1 1 1 1 1 1 2 2 3 3 3 3 3 7 10 10 6 6 5 5 5 4
 1 1 1 0 0 0 1 1 0 0 3 5 5 6 6 6 5 5 2 2 2 1 1 1 1 1 1 1 1 1 2 2 3 3 4 4 4 5 8 8 8 8 6 6 6 5
 1 1 1 1 1 0 0 0 0 0 3 6 6 9 8 8 7 7 51 2 2 2 1 1 2 2 1 1 1 1 2 2 3 3 3 5 5 6 5 5 5 5 7 3 3 4
