assets/RAT_results/precipitation/2019-11-30_IMERG.asc
ncols        46
nrows        77
xllcorner    74.800261325624
yllcorner    8.058333333333
cellsize     0.062500000000
NODATA_value -9999
 1 1 1 1 1 1 0 0 1 1 1 1 1 1 0 0 0 0 0 0 0 1 0 0 0 0 0 0 0 0 0 0 0 0 0 0 0 2 1 1 2 2 2 2 2 3
 2 2 1 0 0 1 1 1 1 1 1 1 1 0 0 0 0 0 0 0 0 0 0 0 0 0 0 0 0 0 0 0 1 1 1 1 1 1 1 1 1 1 2 2 2 2
 2 2 1 0 0 1 1 1 1 1 1 1 1 0 0 0 0 0 0 0 0 0 0 0 0 0 0 0 0 0 0 0 1 1 1 1 1 1 1 1 1 1 2 2 2 2
 6 6 2 1 1 1 4 4 1 1 1 1 1 0 0 0 0 0 0 0 0 0 0 0 0 0 0 0 0 0 0 0 0 0 1 1 1 0 0 0 0 0 1 1 1 1
 6 6 4 2 2 1 1 1 1 1 0 0 0 0 1 1 0 0 0 0 0 0 0 0 0 0 0 0 0 0 0 0 0 0 0 0 0 0 0 0 0 0 1 0 0 1
 6 6 4 2 2 1 1 1 1 1 0 0 0 0 1 1 0 0 0 0 0 0 0 0 0 0 0 0 0 0 0 0 0 0 0 0 0 0 0 0 0 0 1 0 0 1
 7 7 6 3 3 2 2 2 1 1 0 0 0 1 1 1 0 0 0 0 0 0 0 0 1 1 0 1 1 1 0 0 0 0 1 0 0 0 0 0 0 0 0 1 1 1
 7 7 6 3 3 2 2 2 1 1 0 0 0 1 1 1 0 0 0 0 0 0 0 0 1 1 0 1 1 1 0 0 0 0 1 0 0 0 0 0 0 0 0 1 1 1
 9 9 15 11 11 3 1 1 1 1 0 0 0 1 0 0 0 0 0 0 0 0 2 2 2 2 1 0 0 1 1 1 1 1 2 1 1 1 1 1 0 0 0 0 0 1
 21 21 22 17 17 7 2 2 1 1 0 0 0 0 0 0 0 0 0 1 1 1 3 3 2 2 1 1 1 1 1 1 2 2 2 2 2 1 0 0 1 1 1 1 1 2
 21 21 22 17 17 7 2 2 1 1 0 0 0 0 0 0 0 0 0 1 1 1 3 3 2 2 1 1 1 1 1 1 2 2 2 2 2 1 0 0 1 1 1 1 1 2
 14 14 20 12 12 10 4 4 1 1 0 1 1 1 1 1 0 0 0 0 0 0 0 0 1 1 1 1 1 0 1 1 1 1 1 1 1 1 1 1 2 2 1 1 1 2
 16 16 18 11 11 15 8 8 2 2 1 1 1 1 1 1 1 1 1 0 0 0 0 0 0 0 1 1 1 0 1 1 1 1 1 1 1 1 2 2 2 2 2 2 2 2
 16 16 18 11 11 15 8 8 2 2 1 1 1 1 1 1 1 1 1 0 0 0 0 0 0 0 1 1 1 0 1 1 1 1 1 1 1 1 2 2 2 2 2 2 2 2
 17 17 15 8 8 5 7 7 5 5 14 1 1 2 2 2 2 2 1 1 1 0 0 0 0 0 0 0 0 1 1 1 1 1 2 1 1 2 2 2 1 1 1 2 2 2
 17 17 15 8 8 5 7 7 5 5 14 1 1 2 2 2 2 2 1 1 1 0 0 0 0 0 0 0 0 1 1 1 1 1 2 1 1 2 2 2 1 1 1 2 2 2
 14 14 8 3 3 18 22 22 16 16 15 9 9 2 2 2 2 2 1 2 2 1 1 1 0 0 0 0 0 1 1 1 1 1 2 2 2 3 3 3 2 2 2 3 3 3
 16 16 7 3 3 2 18 18 31 31 16 10 10 2 2 2 2 2 2 2 2 3 3 3 2 2 2 2 2 2 2 2 1 1 1 2 2 2 3 3 5 5 3 4 4 3
 16 16 7 3 3 2 18 18 31 31 16 10 10 2 2 2 2 2 2 2 2 3 3 3 2 2 2 2 2 2 2 2 1 1 1 2 2 2 3 3 5 5 3 4 4 3
 17 17 10 4 4 2 18 18 31 31 17 9 9 2 3 3 2 2 1 3 3 2 2 2 1 1 2 2 2 2 1 1 1 1 1 2 2 3 4 4 5 5 4 4 4 3
 7 7 5 3 3 7 9 9 9 9 4 9 9 3 3 3 6 6 6 2 2 2 2 2 2 2 2 2 2 2 2 2 2 2 3 4 4 3 4 4 5 5 6 7 7 7
 7 7 5 3 3 7 9 9 9 9 4 9 9 3 3 3 6 6 6 2 2 2 2 2 2 2 2 2 2 2 2 2 2 2 3 4 4 3 4 4 5 5 6 7 7 7
 3 3 3 8 8 8 10 10 9 9 3 2 2 6 7 7 7 7 7 2 2 5 2 2 2 2 2 2 2 3 3 3 4 4 7 7 7 7 9 9 10 10 9 9 9 9
 3 3 3 8 8 8 10 10 9 9 3 2 2 6 7 7 7 7 7 2 2 5 2 2 2 2 2 2 2 3 3 3 4 4 7 7 7 7 9 9 10 10 9 9 9 9
 5 5 7 5 5 7 4 4 2 2 2 2 2 7 8 8 9 9 9 6 6 5 2 2 2 2 2 3 3 4 4 4 4 4 4 6 6 6 15 15 16 16 13 15 15 13
 6 6 6 6 6 7 4 4 2 2 2 3 3 6 8 8 5 5 9 2 2 2 2 2 2 2 2 5 5 6 7 7 6 6 5 9 9 14 14 14 16 16 15 16 16 14
 6 6 6 6 6 7 4 4 2 2 2 3 3 6 8 8 5 5 9 2 2 2 2 2 2 2 2 5 5 6 7 7 6 6 5 9 9 14 14 14 16 16 15 16 16 14
 3 3 2 2 2 2 2 2 1 1 1 3 3 5 5 5 4 4 2 2 2 2 2 2 1 1 2 6 6 5 4 4 5 5 4 10 10 12 14 14 16 16 17 17 17 15
 2 2 1 1 1 1 1 1 3 3 3 2 2 5 5 5 3 3 2 2 2 2 2 2 1 1 1 3 3 7 6 6 11 11 9 10 10 12 15 15 12 12 14 14 14 20
 2 2 1 1 1 1 1 1 3 3 3 2 2 5 5 5 3 3 2 2 2 2 2 2 1 1 1 3 3 7 6 6 11 11 9 10 10 12 15 15 12 12 14 14 14 20
 2 2 2 1 1 1 1 1 4 4 5 4 4 3 3 3 3 3 2 1 1 1 1 1 1 1 2 4 4 5 5 5 8 8 3 4 4 6 10 10 14 14 17 17 17 20
 2 2 2 1 1 1 1 1 4 4 5 4 4 3 3 3 3 3 2 1 1 1 1 1 1 1 2 4 4 5 5 5 8 8 3 4 4 6 10 10 14 14 17 17 17 20
 2 2 2 2 2 1 2 2 4 4 5 4 4 5 7 7 7 7 1 1 1 0 0 0 1 1 2 4 4 5 5 5 5 5 3 6 6 5 10 10 14 14 14 18 18 22
 4 4 3 2 2 2 3 3 5 5 4 4 4 5 7 7 7 7 7 4 4 3 3 3 2 2 2 4 4 3 4 4 5 5 4 5 5 5 9 9 13 13 16 17 17 21
 4 4 3 2 2 2 3 3 5 5 4 4 4 5 7 7 7 7 7 4 4 3 3 3 2 2 2 4 4 3 4 4 5 5 4 5 5 5 9 9 13 13 16 17 17 21
 7 7 4 8 8 9 5 5 6 6 5 3 3 3 4 4 8 8 7 5 5 9 4 4 3 3 3 3 3 3 4 4 4 4 4 5 5 7 9 9 9 9 11 15 15 21
 15 15 5 9 9 9 5 5 4 4 4 3 3 4 8 8 18 18 19 11 11 11 4 4 6 6 4 5 5 6 5 5 4 4 7 8 8 8 9 9 7 7 9 13 13 18
 15 15 5 9 9 9 5 5 4 4 4 3 3 4 8 8 18 18 19 11 11 11 4 4 6 6 4 5 5 6 5 5 4 4 7 8 8 8 9 9 7 7 9 13 13 18
 18 18 13 11 11 4 5 5 5 5 6 8 8 11 19 19 20 20 21 14 14 14 11 11 5 5 4 5 5 7 6 6 6 6 10 11 11 9 11 11 10 10 10 12 12 18
 18 18 13 11 11 4 5 5 5 5 6 8 8 11 19 19 20 20 21 14 14 14 11 11 5 5 4 5 5 7 6 6 6 6 10 11 11 9 11 11 10 10 10 12 12 18
 21 21 17 12 12 2 4 4 4 4 4 7 7 14 23 23 24 24 31 17 17 17 14 14 7 7 2 5 5 5 6 6 9 9 9 13 13 15 17 17 16 16 19 18 18 21
 26 26 15 13 13 2 4 4 4 4 5 9 9 14 24 24 39 39 104 104 104 37 21 21 10 10 3 5 5 9 10 10 12 12 14 16 16 20 21 21 24 24 28 30 30 28
 26 26 15 13 13 2 4 4 4 4 5 9 9 14 24 24 39 39 104 104 104 37 21 21 10 10 3 5 5 9 10 10 12 12 14 16 16 20 21 21 24 24 28 30 30 28
 21 21 13 10 10 3 4 4 5 5 7 11 11 11 28 28 48 48 106 113 113 46 39 39 18 18 11 9 9 6 7 7 12 12 19 20 20 21 22 22 25 25 22 30 30 30
 15 15 11 12 12 4 6 6 8 8 8 11 11 10 17 17 23 23 32 54 54 50 39 39 29 29 22 15 15 8 9 9 18 18 21 20 20 20 20 20 21 21 21 21 21 29
 15 15 11 12 12 4 6 6 8 8 8 11 11 10 17 17 23 23 32 54 54 50 39 39 29 29 22 15 15 8 9 9 18 18 21 20 20 20 20 20 21 21 21 21 21 29
 13 13 11 6 6 7 7 7 17 17 12 9 9 8 14 14 19 19 27 25 25 31 29 29 29 29 19 11 11 7 7 7 15 15 22 21 21 18 18 18 17 17 17 17 17 23
 13 13 11 6 6 7 7 7 17 17 12 9 9 8 14 14 19 19 27 25 25 31 29 29 29 29 19 11 11 7 7 7 15 15 22 21 21 18 18 18 17 17 17 17 17 23
 20 20 19 11 11 12 13 13 20 20 17 18 18 15 15 15 12 12 15 20 20 29 25 25 25 25 20 15 15 11 11 11 15 15 21 15 15 21 20 20 15 15 12 13 13 24
 23 23 20 18 18 19 18 18 20 20 23 22 22 16 15 15 17 17 19 25 25 26 29 29 27 27 22 28 28 18 11 11 13 13 17 19 19 21 20 20 15 15 15 12 12 20
 23 23 20 18 18 19 18 18 20 20 23 22 22 16 15 15 17 17 19 25 25 26 29 29 27 27 22 28 28 18 11 11 13 13 17 19 19 21 20 20 15 15 15 12 12 20
 26 26 40 34 34 19 15 15 16 16 16 16 16 15 17 17 17 17 20 25 25 27 36 36 36 36 34 36 36 23 15 15 13 13 21 22 22 17 16 16 14 14 17 14 14 19
 26 26 32 15 15 8 12 12 11 11 12 14 14 16 19 19 22 22 22 20 20 31 40 40 37 37 35 35 35 28 33 33 28 28 23 22 22 18 18 18 15 15 18 20 20 24
 26 26 32 15 15 8 12 12 11 11 12 14 14 16 19 19 22 22 22 20 20 31 40 40 37 37 35 35 35 28 33 33 28 28 23 22 22 18 18 18 15 15 18 20 20 24
 23 23 11 11 11 5 6 6 14 14 15 15 15 20 20 20 38 38 26 40 40 40 34 34 33 33 31 33 33 30 33 33 25 25 21 24 24 18 18 18 23 23 15 16 16 22
 23 23 11 11 11 5 6 6 14 14 15 15 15 20 20 20 38 38 26 40 40 40 34 34 33 33 31 33 33 30 33 33 25 25 21 24 24 18 18 18 23 23 15 16 16 22
 20 20 6 8 8 6 5 5 13 13 14 25 25 36 46 46 53 53 49 47 47 39 35 35 33 33 26 30 30 31 31 31 23 23 23 28 28 25 23 23 22 22 12 15 15 18
 27 27 15 6 6 3 5 5 21 21 22 37 37 38 47 47 52 52 53 60 60 46 44 44 26 26 25 30 30 22 24 24 24 24 25 29 29 28 24 24 25 25 15 17 17 20
 27 27 15 6 6 3 5 5 21 21 22 37 37 38 47 47 52 52 53 60 60 46 44 44 26 26 25 30 30 22 24 24 24 24 25 29 29 28 24 24 25 25 15 17 17 20
 30 30 13 4 4 4 8 8 27 27 27 40 40 42 42 42 52 52 53 61 61 47 44 44 27 27 23 19 19 18 17 17 21 21 25 33 33 34 31 31 28 28 17 19 19 28
 26 26 18 6 6 7 19 19 22 22 28 30 30 35 18 18 31 31 37 57 57 86 50 50 37 37 22 23 23 24 22 22 24 24 28 34 34 39 42 42 40 40 30 32 32 27
 26 26 18 6 6 7 19 19 22 22 28 30 30 35 18 18 31 31 37 57 57 86 50 50 37 37 22 23 23 24 22 22 24 24 28 34 34 39 42 42 40 40 30 32 32 27
 31 31 21 4 4 8 18 18 18 18 16 18 18 23 19 19 22 22 34 54 54 55 41 41 40 40 32 35 35 30 26 26 25 25 36 43 43 48 47 47 44 44 42 38 38 31
 31 31 21 4 4 8 18 18 18 18 16 18 18 23 19 19 22 22 34 54 54 55 41 41 40 40 32 35 35 30 26 26 25 25 36 43 43 48 47 47 44 44 42 38 38 31
 32 32 17 8 8 11 21 21 21 21 16 14 14 16 18 18 24 24 32 56 56 54 42 42 45 45 29 30 30 35 34 34 36 36 41 39 39 52 48 48 50 50 49 46 46 45
 32 32 22 12 12 11 11 11 12 12 15 16 16 16 19 19 20 20 50 54 54 84 56 56 49 49 36 47 47 46 42 42 42 42 43 42 42 58 58 58 61 61 59 55 55 56
 32 32 22 12 12 11 11 11 12 12 15 16 16 16 19 19 20 20 50 54 54 84 56 56 49 49 36 47 47 46 42 42 42 42 43 42 42 58 58 58 61 61 59 55 55 56
 22 22 14 10 10 10 10 10 16 16 16 17 17 21 18 18 23 23 50 56 56 53 49 49 46 46 37 51 51 55 56 56 54 54 60 52 52 58 61 61 75 75 71 82 82 63
 11 11 10 6 6 7 6 6 11 11 15 17 17 14 14 14 18 18 18 23 23 45 50 50 50 50 30 35 35 54 57 57 63 63 71 66 66 68 69 69 77 77 87 82 82 88
 11 11 10 6 6 7 6 6 11 11 15 17 17 14 14 14 18 18 18 23 23 45 50 50 50 50 30 35 35 54 57 57 63 63 71 66 66 68 69 69 77 77 87 82 82 88
 7 7 8 6 6 9 11 11 12 12 12 14 14 9 8 8 14 14 14 19 19 25 22 22 24 24 24 26 26 35 49 49 53 53 67 74 74 75 70 70 71 71 79 88 88 91
 7 7 8 6 6 9 11 11 12 12 12 14 14 9 8 8 14 14 14 19 19 25 22 22 24 24 24 26 26 35 49 49 53 53 67 74 74 75 70 70 71 71 79 88 88 91
 7 7 5 4 4 5 5 5 6 6 8 10 10 9 8 8 9 9 14 16 16 16 17 17 18 18 19 24 24 25 38 38 44 44 56 69 69 70 66 66 88 88 79 83 83 88
 5 5 4 5 5 5 5 5 5 5 8 11 11 9 11 11 10 10 12 14 14 16 18 18 19 19 20 24 24 25 30 30 39 39 52 56 56 68 64 64 61 61 66 69 69 70
 5 5 4 5 5 5 5 5 5 5 8 11 11 9 11 11 10 10 12 14 14 16 18 18 19 19 20 24 24 25 30 30 39 39 52 56 56 68 64 64 61 61 66 69 69 70
 7 7 5 5 5 5 6 6 6 6 7 9 9 11 13 13 13 13 13 13 13 15 17 17 20 20 22 23 23 26 30 30 33 33 40 50 50 55 58 58 62 62 77 77 77 83
 7 7 5 5 5 5 5 5 6 6 6 8 8 10 12 12 14 14 16 16 16 16 17 17 18 18 22 24 24 26 31 31 33 33 39 49 49 50 61 61 64 64 70 94 94 97
