assets/RAT_results/precipitation/2019-12-01_IMERG.asc
ncols        46
nrows        77
xllcorner    74.800261325624
yllcorner    8.058333333333
cellsize     0.062500000000
NODATA_value -9999
 43 43 44 47 47 49 45 45 39 39 27 20 20 17 14 14 12 12 9 8 8 4 1 1 1 1 0 1 1 1 1 1 0 0 1 1 1 1 4 4 3 3 4 6 6 6
 41 41 49 50 50 62 61 61 58 58 32 27 27 16 16 16 17 17 15 11 11 9 7 7 1 1 1 0 0 1 0 0 0 0 0 1 1 1 2 2 3 3 4 7 7 7
 41 41 49 50 50 62 61 61 58 58 32 27 27 16 16 16 17 17 15 11 11 9 7 7 1 1 1 0 0 1 0 0 0 0 0 1 1 1 2 2 3 3 4 7 7 7
 43 43 54 58 58 65 51 51 64 64 44 35 35 28 26 26 20 20 16 11 11 7 5 5 2 2 0 0 0 0 0 0 0 0 0 0 0 0 3 3 4 4 5 6 6 7
 62 62 54 68 68 70 62 62 53 53 41 36 36 32 29 29 21 21 14 12 12 7 5 5 3 3 2 1 1 1 0 0 0 0 0 0 0 0 1 1 2 2 5 6 6 8
 62 62 54 68 68 70 62 62 53 53 41 36 36 32 29 29 21 21 14 12 12 7 5 5 3 3 2 1 1 1 0 0 0 0 0 0 0 0 1 1 2 2 5 6 6 8
 68 68 136 80 80 73 65 65 48 48 41 41 41 34 28 28 23 23 18 11 11 8 7 7 6 6 5 2 2 1 2 2 1 1 0 0 0 1 1 1 2 2 5 6 6 7
 68 68 136 80 80 73 65 65 48 48 41 41 41 34 28 28 23 23 18 11 11 8 7 7 6 6 5 2 2 1 2 2 1 1 0 0 0 1 1 1 2 2 5 6 6 7
 86 86 55 67 67 75 59 59 50 50 48 50 50 37 24 24 19 19 15 10 10 10 10 10 8 8 5 3 3 1 1 1 2 2 0 0 0 1 1 1 1 1 2 3 3 8
 34 34 84 64 64 65 62 62 73 73 56 55 55 54 26 26 18 18 12 12 12 11 11 11 16 16 13 5 5 2 1 1 0 0 0 0 0 0 1 1 1 1 2 3 3 7
 34 34 84 64 64 65 62 62 73 73 56 55 55 54 26 26 18 18 12 12 12 11 11 11 16 16 13 5 5 2 1 1 0 0 0 0 0 0 1 1 1 1 2 3 3 7
 23 23 44 51 51 59 62 62 61 61 55 45 45 32 21 21 18 18 15 14 14 17 16 16 17 17 13 6 6 3 1 1 2 2 1 0 0 1 1 1 1 1 1 4 4 9
 14 14 23 63 63 37 43 43 41 41 35 32 32 29 21 21 18 18 17 16 16 16 18 18 13 13 15 10 10 6 2 2 1 1 1 1 1 1 1 1 2 2 2 3 3 6
 14 14 23 63 63 37 43 43 41 41 35 32 32 29 21 21 18 18 17 16 16 16 18 18 13 13 15 10 10 6 2 2 1 1 1 1 1 1 1 1 2 2 2 3 3 6
 11 11 13 36 36 41 42 42 30 30 28 27 27 20 27 27 15 15 15 15 15 17 15 15 17 17 16 12 12 7 4 4 1 1 3 1 1 1 1 1 2 2 2 2 2 6
 11 11 13 36 36 41 42 42 30 30 28 27 27 20 27 27 15 15 15 15 15 17 15 15 17 17 16 12 12 7 4 4 1 1 3 1 1 1 1 1 2 2 2 2 2 6
 16 16 23 38 38 45 46 46 27 27 20 24 24 26 28 28 24 24 17 15 15 15 13 13 19 19 17 14 14 14 5 5 3 3 3 1 1 1 2 2 2 2 2 2 2 5
 24 24 23 24 24 25 37 37 24 24 25 25 25 27 32 32 27 27 24 23 23 17 17 17 20 20 20 12 12 12 6 6 1 1 1 1 1 3 7 7 6 6 5 5 5 4
 24 24 23 24 24 25 37 37 24 24 25 25 25 27 32 32 27 27 24 23 23 17 17 17 20 20 20 12 12 12 6 6 1 1 1 1 1 3 7 7 6 6 5 5 5 4
 23 23 25 24 24 35 35 35 37 37 36 33 33 22 31 31 26 26 24 30 30 27 24 24 21 21 17 13 13 8 5 5 2 2 1 2 2 5 9 9 8 8 8 7 7 6
 38 38 21 25 25 31 35 35 35 35 40 37 37 25 44 44 34 34 38 42 42 39 24 24 22 22 15 12 12 10 7 7 4 4 4 2 2 4 5 5 4 4 5 7 7 8
 38 38 21 25 25 31 35 35 35 35 40 37 37 25 44 44 34 34 38 42 42 39 24 24 22 22 15 12 12 10 7 7 4 4 4 2 2 4 5 5 4 4 5 7 7 8
 70 70 70 55 55 41 49 49 49 49 48 42 42 38 45 45 31 31 33 42 42 46 30 30 25 25 21 16 16 13 8 8 6 6 8 10 10 8 6 6 7 7 6 7 7 10
 70 70 70 55 55 41 49 49 49 49 48 42 42 38 45 45 31 31 33 42 42 46 30 30 25 25 21 16 16 13 8 8 6 6 8 10 10 8 6 6 7 7 6 7 7 10
 80 80 71 51 51 55 43 43 28 28 36 36 36 35 27 27 24 24 23 24 24 28 36 36 34 34 29 16 16 14 11 11 7 7 9 15 15 12 8 8 8 8 8 11 11 11
 98 98 67 46 46 52 46 46 27 27 27 27 27 19 24 24 24 24 19 21 21 29 41 41 42 42 29 14 14 9 6 6 4 4 5 10 10 9 7 7 6 6 6 10 10 14
 98 98 67 46 46 52 46 46 27 27 27 27 27 19 24 24 24 24 19 21 21 29 41 41 42 42 29 14 14 9 6 6 4 4 5 10 10 9 7 7 6 6 6 10 10 14
 99 99 68 29 29 20 20 20 20 20 22 13 13 16 23 23 26 26 31 31 31 36 39 39 35 35 22 15 15 6 2 2 1 1 2 1 1 2 1 1 4 4 5 21 21 15
 38 38 22 25 25 18 20 20 20 20 17 16 16 17 23 23 26 26 33 41 41 43 35 35 27 27 18 11 11 3 3 3 2 2 0 0 0 0 0 0 1 1 4 15 15 18
 38 38 22 25 25 18 20 20 20 20 17 16 16 17 23 23 26 26 33 41 41 43 35 35 27 27 18 11 11 3 3 3 2 2 0 0 0 0 0 0 1 1 4 15 15 18
 8 8 8 8 8 13 15 15 18 18 21 21 21 16 17 17 32 32 31 35 35 37 29 29 22 22 18 13 13 4 4 4 2 2 0 1 1 1 0 0 1 1 4 15 15 30
 8 8 8 8 8 13 15 15 18 18 21 21 21 16 17 17 32 32 31 35 35 37 29 29 22 22 18 13 13 4 4 4 2 2 0 1 1 1 0 0 1 1 4 15 15 30
 10 10 12 14 14 12 21 21 23 23 31 26 26 23 30 30 37 37 30 28 28 31 25 25 26 26 24 12 12 4 4 4 3 3 0 0 0 1 1 1 2 2 3 6 6 22
 9 9 20 17 17 17 27 27 28 28 28 31 31 26 43 43 41 41 33 29 29 25 20 20 21 21 21 15 15 9 5 5 0 0 4 5 5 5 1 1 2 2 4 5 5 24
 9 9 20 17 17 17 27 27 28 28 28 31 31 26 43 43 41 41 33 29 29 25 20 20 21 21 21 15 15 9 5 5 0 0 4 5 5 5 1 1 2 2 4 5 5 24
 23 23 22 20 20 20 40 40 44 44 47 38 38 35 46 46 45 45 36 36 36 32 17 17 12 12 11 8 8 9 5 5 2 2 1 1 1 2 3 3 6 6 4 8 8 33
 25 25 24 24 24 25 46 46 50 50 52 61 61 66 63 63 52 52 48 38 38 25 12 12 14 14 10 9 9 9 6 6 4 4 4 4 4 4 4 4 4 4 5 18 18 28
 25 25 24 24 24 25 46 46 50 50 52 61 61 66 63 63 52 52 48 38 38 25 12 12 14 14 10 9 9 9 6 6 4 4 4 4 4 4 4 4 4 4 5 18 18 28
 30 30 24 37 37 35 56 56 59 59 64 64 64 69 56 56 43 43 45 38 38 28 14 14 14 14 13 10 10 9 8 8 5 5 6 7 7 7 6 6 8 8 6 24 24 19
 30 30 24 37 37 35 56 56 59 59 64 64 64 69 56 56 43 43 45 38 38 28 14 14 14 14 13 10 10 9 8 8 5 5 6 7 7 7 6 6 8 8 6 24 24 19
 36 36 26 37 37 49 49 49 68 68 72 72 72 65 55 55 47 47 45 38 38 32 19 19 14 14 14 15 15 12 7 7 4 4 7 9 9 11 19 19 8 8 10 19 19 20
 44 44 35 50 50 52 52 52 69 69 75 76 76 58 46 46 40 40 48 48 48 34 18 18 15 15 14 16 16 8 4 4 2 2 4 7 7 16 16 16 12 12 13 14 14 13
 44 44 35 50 50 52 52 52 69 69 75 76 76 58 46 46 40 40 48 48 48 34 18 18 15 15 14 16 16 8 4 4 2 2 4 7 7 16 16 16 12 12 13 14 14 13
 43 43 37 37 37 47 63 63 57 57 61 71 71 58 49 49 50 50 53 51 51 37 33 33 14 14 9 10 10 3 3 3 2 2 3 7 7 11 14 14 11 11 8 5 5 4
 43 43 42 48 48 59 65 65 55 55 59 65 65 62 62 62 56 56 52 45 45 36 31 31 21 21 14 13 13 2 2 2 2 2 2 11 11 11 7 7 6 6 4 5 5 5
 43 43 42 48 48 59 65 65 55 55 59 65 65 62 62 62 56 56 52 45 45 36 31 31 21 21 14 13 13 2 2 2 2 2 2 11 11 11 7 7 6 6 4 5 5 5
 56 56 48 46 46 51 58 58 52 52 61 64 64 62 60 60 48 48 33 30 30 35 39 39 23 23 13 5 5 1 1 1 1 1 2 10 10 6 3 3 5 5 4 5 5 8
 56 56 48 46 46 51 58 58 52 52 61 64 64 62 60 60 48 48 33 30 30 35 39 39 23 23 13 5 5 1 1 1 1 1 2 10 10 6 3 3 5 5 4 5 5 8
 65 65 56 89 89 130 93 93 77 77 72 81 81 81 81 81 50 50 41 34 34 30 32 32 15 15 6 5 5 5 1 1 2 2 3 6 6 3 3 3 3 3 5 8 8 10
 87 87 70 88 88 126 118 118 113 113 96 92 92 98 83 83 47 47 44 30 30 28 27 27 10 10 5 4 4 5 3 3 2 2 4 6 6 4 4 4 4 4 22 30 30 19
 87 87 70 88 88 126 118 118 113 113 96 92 92 98 83 83 47 47 44 30 30 28 27 27 10 10 5 4 4 5 3 3 2 2 4 6 6 4 4 4 4 4 22 30 30 19
 77 77 69 97 97 110 107 107 106 106 102 99 99 77 81 81 52 52 82 29 29 27 25 25 17 17 7 5 5 5 2 2 2 2 3 5 5 4 5 5 10 10 33 38 38 19
 81 81 78 139 139 150 141 141 96 96 94 103 103 85 62 62 88 88 95 33 33 29 25 25 17 17 8 5 5 5 0 0 1 1 2 5 5 3 4 4 11 11 28 23 23 10
 81 81 78 139 139 150 141 141 96 96 94 103 103 85 62 62 88 88 95 33 33 29 25 25 17 17 8 5 5 5 0 0 1 1 2 5 5 3 4 4 11 11 28 23 23 10
 65 65 116 151 151 163 168 168 121 121 80 98 98 77 55 55 55 55 52 31 31 35 32 32 23 23 12 5 5 5 6 6 2 2 0 1 1 3 9 9 23 23 46 26 26 9
 65 65 116 151 151 163 168 168 121 121 80 98 98 77 55 55 55 55 52 31 31 35 32 32 23 23 12 5 5 5 6 6 2 2 0 1 1 3 9 9 23 23 46 26 26 9
 55 55 105 137 137 143 153 153 71 71 69 82 82 76 59 59 52 52 42 32 32 39 30 30 25 25 12 7 7 6 6 6 2 2 2 2 2 3 7 7 21 21 20 11 11 8
 53 53 63 96 96 100 88 88 60 60 58 69 69 57 44 44 39 39 41 43 43 53 30 30 30 30 20 15 15 9 9 9 5 5 3 3 3 3 7 7 8 8 11 9 9 9
 53 53 63 96 96 100 88 88 60 60 58 69 69 57 44 44 39 39 41 43 43 53 30 30 30 30 20 15 15 9 9 9 5 5 3 3 3 3 7 7 8 8 11 9 9 9
 43 43 50 59 59 62 54 54 44 44 47 54 54 37 37 37 37 37 41 53 53 53 31 31 28 28 21 21 21 11 12 12 7 7 5 5 5 4 6 6 5 5 7 7 7 8
 43 43 46 44 44 54 36 36 29 29 32 39 39 32 31 31 30 30 34 32 32 57 56 56 32 32 22 23 23 15 12 12 7 7 6 7 7 5 4 4 5 5 6 7 7 9
 43 43 46 44 44 54 36 36 29 29 32 39 39 32 31 31 30 30 34 32 32 57 56 56 32 32 22 23 23 15 12 12 7 7 6 7 7 5 4 4 5 5 6 7 7 9
 39 39 36 36 36 45 26 26 25 25 26 30 30 25 22 22 25 25 26 34 34 54 56 56 36 36 33 24 24 16 14 14 14 14 5 8 8 5 5 5 5 5 6 8 8 9
 39 39 36 36 36 45 26 26 25 25 26 30 30 25 22 22 25 25 26 34 34 54 56 56 36 36 33 24 24 16 14 14 14 14 5 8 8 5 5 5 5 5 6 8 8 9
 45 45 32 29 29 29 20 20 22 22 21 22 22 18 18 18 21 21 25 29 29 29 53 53 35 35 41 25 25 15 21 21 13 13 5 5 5 4 5 5 5 5 7 10 10 12
 45 45 28 25 25 19 11 11 13 13 19 18 18 19 19 19 22 22 21 25 25 30 55 55 44 44 33 31 31 22 20 20 14 14 6 6 6 5 8 8 9 9 12 14 14 18
 45 45 28 25 25 19 11 11 13 13 19 18 18 19 19 19 22 22 21 25 25 30 55 55 44 44 33 31 31 22 20 20 14 14 6 6 6 5 8 8 9 9 12 14 14 18
 19 19 20 21 21 15 10 10 11 11 11 10 10 14 15 15 12 12 16 25 25 29 44 44 37 37 30 28 28 23 20 20 17 17 9 11 11 12 12 12 12 12 16 15 15 23
 12 12 14 13 13 7 8 8 7 7 8 13 13 12 12 12 13 13 15 17 17 19 25 25 32 32 33 26 26 25 22 22 24 24 17 17 17 13 12 12 14 14 17 16 16 22
 12 12 14 13 13 7 8 8 7 7 8 13 13 12 12 12 13 13 15 17 17 19 25 25 32 32 33 26 26 25 22 22 24 24 17 17 17 13 12 12 14 14 17 16 16 22
 10 10 10 11 11 5 4 4 5 5 7 12 12 11 13 13 14 14 13 15 15 16 23 23 34 34 47 38 38 27 25 25 23 23 23 15 15 16 14 14 15 15 13 17 17 29
 10 10 10 11 11 5 4 4 5 5 7 12 12 11 13 13 14 14 13 15 15 16 23 23 34 34 47 38 38 27 25 25 23 23 23 15 15 16 14 14 15 15 13 17 17 29
 11 11 10 9 9 5 4 4 3 3 7 12 12 12 15 15 14 14 11 16 16 16 22 22 40 40 42 49 49 32 33 33 41 41 33 20 20 22 20 20 11 11 12 18 18 30
 13 13 14 8 8 4 5 5 5 5 6 7 7 6 10 10 10 10 14 19 19 21 22 22 35 35 39 45 45 38 38 38 41 41 29 27 27 26 25 25 20 20 17 21 21 21
 13 13 14 8 8 4 5 5 5 5 6 7 7 6 10 10 10 10 14 19 19 21 22 22 35 35 39 45 45 38 38 38 41 41 29 27 27 26 25 25 20 20 17 21 21 21
 15 15 15 9 9 10 6 6 6 6 4 6 6 6 10 10 10 10 17 19 19 19 22 22 34 34 38 51 51 41 33 33 59 59 61 33 33 28 22 22 23 23 20 23 23 31
 15 15 18 9 9 9 5 5 6 6 5 5 5 6 6 6 12 12 19 21 21 20 23 23 28 28 33 47 47 35 28 28 26 26 28 25 25 30 24 24 23 23 21 29 29 30
