assets/RAT_results/precipitation/2019-06-25_IMERG.asc
ncols        46
nrows        77
xllcorner    74.800261325624
yllcorner    8.058333333333
cellsize     0.062500000000
NODATA_value -9999
 39 39 34 20 20 8 4 4 11 11 12 16 16 17 1 1 1 1 0 1 1 0 0 0 0 0 0 0 0 0 0 0 0 0 0 0 0 0 0 0 0 0 0 0 0 0
 10 10 8 6 6 3 2 2 8 8 5 8 8 10 0 0 1 1 0 0 0 0 0 0 1 1 1 1 1 1 4 4 2 2 1 0 0 0 0 0 0 0 0 0 0 0
 10 10 8 6 6 3 2 2 8 8 5 8 8 10 0 0 1 1 0 0 0 0 0 0 1 1 1 1 1 1 4 4 2 2 1 0 0 0 0 0 0 0 0 0 0 0
 10 10 10 10 10 7 2 2 2 2 1 0 0 1 0 0 0 0 1 0 0 0 1 1 3 3 3 8 8 10 6 6 7 7 1 0 0 0 0 0 0 0 0 0 0 0
 6 6 9 9 9 9 2 2 2 2 5 2 2 0 0 0 1 1 0 1 1 2 1 1 4 4 6 10 10 10 6 6 3 3 1 0 0 0 0 0 0 0 0 0 0 0
 6 6 9 9 9 9 2 2 2 2 5 2 2 0 0 0 1 1 0 1 1 2 1 1 4 4 6 10 10 10 6 6 3 3 1 0 0 0 0 0 0 0 0 0 0 0
 5 5 9 13 13 7 7 7 7 7 6 5 5 0 2 2 1 1 3 2 2 1 1 1 2 2 4 5 5 3 3 3 0 0 0 0 0 0 0 0 0 0 0 0 0 0
 5 5 9 13 13 7 7 7 7 7 6 5 5 0 2 2 1 1 3 2 2 1 1 1 2 2 4 5 5 3 3 3 0 0 0 0 0 0 0 0 0 0 0 0 0 0
 13 13 6 7 7 7 4 4 9 9 10 10 10 5 5 5 10 10 4 2 2 3 0 0 2 2 3 3 3 1 1 1 0 0 0 0 0 0 0 0 0 0 0 0 0 0
 8 8 1 6 6 9 8 8 19 19 16 15 15 14 14 14 8 8 7 2 2 1 0 0 0 0 0 0 0 0 0 0 0 0 0 0 0 0 0 0 0 0 0 0 0 0
 8 8 1 6 6 9 8 8 19 19 16 15 15 14 14 14 8 8 7 2 2 1 0 0 0 0 0 0 0 0 0 0 0 0 0 0 0 0 0 0 0 0 0 0 0 0
 5 5 11 14 14 23 17 17 19 19 11 7 7 10 13 13 15 15 7 5 5 4 0 0 0 0 0 0 0 0 0 0 0 0 0 0 0 0 0 0 0 0 0 0 0 0
 11 11 13 16 16 21 22 22 18 18 6 7 7 10 9 9 11 11 7 6 6 2 1 1 1 1 1 0 0 0 0 0 0 0 0 0 0 0 0 0 0 0 0 0 0 0
 11 11 13 16 16 21 22 22 18 18 6 7 7 10 9 9 11 11 7 6 6 2 1 1 1 1 1 0 0 0 0 0 0 0 0 0 0 0 0 0 0 0 0 0 0 0
 27 27 28 35 35 37 22 22 24 24 22 11 11 9 6 6 8 8 2 3 3 2 1 1 1 1 1 0 0 0 0 0 0 0 0 0 0 0 0 0 0 0 0 0 0 0
 27 27 28 35 35 37 22 22 24 24 22 11 11 9 6 6 8 8 2 3 3 2 1 1 1 1 1 0 0 0 0 0 0 0 0 0 0 0 0 0 0 0 0 0 0 0
 23 23 23 9 9 13 17 17 20 20 17 19 19 16 12 12 12 12 6 8 8 5 4 4 1 1 0 0 0 0 1 1 1 1 0 0 0 0 1 1 0 0 0 0 0 0
 12 12 9 12 12 12 18 18 27 27 43 19 19 17 13 13 16 16 14 9 9 5 2 2 2 2 1 1 1 1 1 1 1 1 0 0 0 0 0 0 0 0 0 0 0 1
 12 12 9 12 12 12 18 18 27 27 43 19 19 17 13 13 16 16 14 9 9 5 2 2 2 2 1 1 1 1 1 1 1 1 0 0 0 0 0 0 0 0 0 0 0 1
 8 8 11 13 13 20 26 26 29 29 45 34 34 41 8 8 17 17 24 12 12 7 4 4 2 2 3 1 1 1 1 1 0 0 0 0 0 0 0 0 0 0 0 0 0 1
 8 8 11 12 12 23 24 24 23 23 22 19 19 35 20 20 15 15 14 7 7 6 7 7 6 6 5 3 3 2 0 0 0 0 0 0 0 0 1 1 1 1 1 2 2 2
 8 8 11 12 12 23 24 24 23 23 22 19 19 35 20 20 15 15 14 7 7 6 7 7 6 6 5 3 3 2 0 0 0 0 0 0 0 0 1 1 1 1 1 2 2 2
 2 2 2 5 5 21 31 31 27 27 21 15 15 11 18 18 16 16 9 1 1 5 8 8 5 5 6 3 3 3 1 1 1 1 2 1 1 1 0 0 2 2 3 4 4 3
 2 2 2 5 5 21 31 31 27 27 21 15 15 11 18 18 16 16 9 1 1 5 8 8 5 5 6 3 3 3 1 1 1 1 2 1 1 1 0 0 2 2 3 4 4 3
 1 1 1 4 4 9 24 24 14 14 18 19 19 19 17 17 13 13 10 4 4 3 12 12 3 3 8 3 3 3 1 1 0 0 0 2 2 1 0 0 3 3 3 2 2 1
 1 1 1 1 1 5 4 4 4 4 6 10 10 14 19 19 17 17 14 6 6 14 9 9 6 6 9 8 8 4 1 1 0 0 0 0 0 0 0 0 2 2 0 0 0 0
 1 1 1 1 1 5 4 4 4 4 6 10 10 14 19 19 17 17 14 6 6 14 9 9 6 6 9 8 8 4 1 1 0 0 0 0 0 0 0 0 2 2 0 0 0 0
 1 1 1 0 0 1 1 1 2 2 5 4 4 12 7 7 16 16 16 10 10 13 10 10 9 9 18 13 13 5 2 2 1 1 0 0 0 0 0 0 0 0 0 0 0 1
 1 1 1 1 1 1 1 1 1 1 1 4 4 2 8 8 10 10 6 9 9 9 11 11 11 11 19 14 14 5 6 6 3 3 0 0 0 0 0 0 0 0 0 0 0 0
 1 1 1 1 1 1 1 1 1 1 1 4 4 2 8 8 10 10 6 9 9 9 11 11 11 11 19 14 14 5 6 6 3 3 0 0 0 0 0 0 0 0 0 0 0 0
 1 1 1 1 1 1 0 0 1 1 2 2 2 3 5 5 6 6 5 4 4 6 5 5 6 6 8 3 3 3 4 4 2 2 0 0 0 0 0 0 0 0 0 0 0 0
 1 1 1 1 1 1 0 0 1 1 2 2 2 3 5 5 6 6 5 4 4 6 5 5 6 6 8 3 3 3 4 4 2 2 0 0 0 0 0 0 0 0 0 0 0 0
 1 1 1 1 1 1 1 1 2 2 2 2 2 3 3 3 8 8 3 6 6 13 9 9 3 3 4 1 1 5 0 0 0 0 0 0 0 0 0 0 0 0 0 0 0 0
 1 1 1 2 2 1 2 2 3 3 2 2 2 2 3 3 3 3 3 2 2 1 2 2 3 3 3 3 3 6 4 4 0 0 0 0 0 0 0 0 0 0 0 0 0 0
 1 1 1 2 2 1 2 2 3 3 2 2 2 2 3 3 3 3 3 2 2 1 2 2 3 3 3 3 3 6 4 4 0 0 0 0 0 0 0 0 0 0 0 0 0 0
 0 0 0 0 0 1 1 1 1 1 1 1 1 1 1 1 1 1 2 2 2 2 1 1 5 5 3 3 3 3 4 4 3 3 0 0 0 0 1 1 1 1 1 1 1 1
 0 0 0 0 0 0 0 0 0 0 1 1 1 1 2 2 1 1 1 2 2 2 1 1 1 1 3 3 3 6 7 7 1 1 0 1 1 1 1 1 1 1 1 2 2 1
 0 0 0 0 0 0 0 0 0 0 1 1 1 1 2 2 1 1 1 2 2 2 1 1 1 1 3 3 3 6 7 7 1 1 0 1 1 1 1 1 1 1 1 2 2 1
 0 0 0 0 0 0 0 0 0 0 1 1 1 0 1 1 1 1 1 3 3 2 2 2 2 2 3 3 3 8 4 4 2 2 3 2 2 2 2 2 1 1 2 2 2 2
 0 0 0 0 0 0 0 0 0 0 1 1 1 0 1 1 1 1 1 3 3 2 2 2 2 2 3 3 3 8 4 4 2 2 3 2 2 2 2 2 1 1 2 2 2 2
 0 0 0 0 0 0 0 0 0 0 1 1 1 1 1 1 1 1 1 3 3 3 2 2 1 1 3 6 6 11 7 7 5 5 4 6 6 6 2 2 2 2 2 3 3 3
 0 0 0 0 0 0 0 0 0 0 0 1 1 1 1 1 1 1 1 1 1 2 3 3 2 2 3 10 10 11 12 12 11 11 9 9 9 12 5 5 5 5 5 8 8 4
 0 0 0 0 0 0 0 0 0 0 0 1 1 1 1 1 1 1 1 1 1 2 3 3 2 2 3 10 10 11 12 12 11 11 9 9 9 12 5 5 5 5 5 8 8 4
 0 0 0 0 0 0 0 0 0 0 0 0 0 0 0 0 1 1 1 1 1 1 1 1 3 3 2 7 7 13 11 11 6 6 7 11 11 14 8 8 8 8 4 4 4 3
 1 1 1 0 0 0 0 0 0 0 0 0 0 0 0 0 0 0 1 1 1 1 1 1 2 2 1 2 2 2 6 6 6 6 11 8 8 11 9 9 4 4 3 3 3 2
 1 1 1 0 0 0 0 0 0 0 0 0 0 0 0 0 0 0 1 1 1 1 1 1 2 2 1 2 2 2 6 6 6 6 11 8 8 11 9 9 4 4 3 3 3 2
 0 0 0 0 0 0 0 0 0 0 0 0 0 0 0 0 0 0 0 0 0 1 1 1 3 3 1 1 1 1 2 2 1 1 10 6 6 7 2 2 1 1 1 1 1 1
 0 0 0 0 0 0 0 0 0 0 0 0 0 0 0 0 0 0 0 0 0 1 1 1 3 3 1 1 1 1 2 2 1 1 10 6 6 7 2 2 1 1 1 1 1 1
 0 0 0 0 0 0 0 0 0 0 0 0 0 0 0 0 0 0 0 0 0 1 2 2 2 2 2 1 1 1 1 1 1 1 2 1 1 3 0 0 0 0 0 0 0 0
 0 0 0 0 0 0 0 0 0 0 0 0 0 0 0 0 0 0 1 1 1 1 1 1 1 1 1 1 1 1 1 1 1 1 0 0 0 0 0 0 0 0 0 0 0 0
 0 0 0 0 0 0 0 0 0 0 0 0 0 0 0 0 0 0 1 1 1 1 1 1 1 1 1 1 1 1 1 1 1 1 0 0 0 0 0 0 0 0 0 0 0 0
 0 0 0 0 0 0 0 0 0 0 0 0 0 0 0 0 0 0 0 0 0 0 0 0 1 1 1 1 1 1 1 1 1 1 0 2 2 0 0 0 0 0 0 0 0 0
 0 0 0 0 0 0 0 0 0 0 0 0 0 0 0 0 0 0 0 0 0 0 0 0 1 1 2 1 1 1 1 1 1 1 0 0 0 0 0 0 0 0 0 0 0 0
 0 0 0 0 0 0 0 0 0 0 0 0 0 0 0 0 0 0 0 0 0 0 0 0 1 1 2 1 1 1 1 1 1 1 0 0 0 0 0 0 0 0 0 0 0 0
 0 0 0 0 0 0 0 0 0 0 0 0 0 0 0 0 0 0 0 0 0 0 0 0 1 1 1 1 1 1 1 1 1 1 1 1 1 1 0 0 0 0 1 1 1 0
 0 0 0 0 0 0 0 0 0 0 0 0 0 0 0 0 0 0 0 0 0 0 0 0 1 1 1 1 1 1 1 1 1 1 1 1 1 1 0 0 0 0 1 1 1 0
 0 0 0 0 0 0 0 0 0 0 0 0 0 0 0 0 1 1 1 0 0 0 0 0 1 1 1 1 1 1 1 1 1 1 0 0 0 0 1 1 1 1 0 0 0 0
 0 0 0 0 0 0 0 0 0 0 0 0 0 0 0 0 1 1 0 0 0 0 0 0 0 0 1 1 1 1 1 1 1 1 0 0 0 0 0 0 0 0 0 0 0 0
 0 0 0 0 0 0 0 0 0 0 0 0 0 0 0 0 1 1 0 0 0 0 0 0 0 0 1 1 1 1 1 1 1 1 0 0 0 0 0 0 0 0 0 0 0 0
 0 0 0 0 0 0 0 0 0 0 0 0 0 0 0 0 0 0 0 0 0 0 0 0 0 0 0 1 1 0 1 1 1 1 1 0 0 0 0 0 0 0 0 0 0 0
 0 0 0 0 0 0 0 0 0 0 0 0 0 0 0 0 0 0 0 0 0 0 0 0 0 0 0 1 1 1 1 1 1 1 1 1 1 1 1 1 0 0 0 0 0 0
 0 0 0 0 0 0 0 0 0 0 0 0 0 0 0 0 0 0 0 0 0 0 0 0 0 0 0 1 1 1 1 1 1 1 1 1 1 1 1 1 0 0 0 0 0 0
 0 0 0 0 0 0 0 0 0 0 0 0 0 0 0 0 0 0 0 0 0 0 0 0 0 0 0 0 0 1 0 0 1 1 1 1 1 1 1 1 1 1 0 0 0 0
 0 0 0 0 0 0 0 0 0 0 0 0 0 0 0 0 0 0 0 0 0 0 0 0 0 0 0 0 0 1 0 0 1 1 1 1 1 1 1 1 1 1 0 0 0 0
 0 0 0 0 0 0 0 0 0 0 0 0 0 0 0 0 0 0 1 1 1 0 0 0 0 0 0 0 0 0 1 1 1 1 1 1 1 1 1 1 1 1 0 0 0 0
 0 0 0 0 0 0 0 0 0 0 0 0 0 0 0 0 0 0 0 0 0 0 0 0 0 0 0 0 0 1 0 0 1 1 1 1 1 0 1 1 0 0 0 0 0 0
 0 0 0 0 0 0 0 0 0 0 0 0 0 0 0 0 0 0 0 0 0 0 0 0 0 0 0 0 0 1 0 0 1 1 1 1 1 0 1 1 0 0 0 0 0 0
 0 0 0 0 0 0 0 0 0 0 0 0 0 0 0 0 0 0 0 0 0 0 0 0 0 0 0 0 0 0 1 1 1 1 1 1 1 0 1 1 1 1 1 0 0 0
 0 0 0 0 0 0 0 0 0 0 0 0 0 0 0 0 0 0 0 0 0 0 0 0 0 0 0 0 0 0 0 0 1 1 0 0 0 1 1 1 1 1 0 0 0 0
 0 0 0 0 0 0 0 0 0 0 0 0 0 0 0 0 0 0 0 0 0 0 0 0 0 0 0 0 0 0 0 0 1 1 0 0 0 1 1 1 1 1 0 0 0 0
 0 0 0 0 0 0 0 0 0 0 0 0 0 0 0 0 0 0 0 0 0 0 0 0 0 0 0 0 0 0 0 0 0 0 0 0 0 1 1 1 0 0 0 2 2 0
 0 0 0 0 0 0 0 0 0 0 0 0 0 0 0 0 0 0 0 0 0 0 0 0 0 0 0 0 0 0 0 0 0 0 0 0 0 1 1 1 0 0 0 2 2 0
 0 0 0 0 0 0 0 0 0 0 0 0 0 0 0 0 0 0 0 0 0 0 0 0 0 0 0 0 0 0 0 0 0 0 0 0 0 0 1 1 0 0 0 0 0 0
 0 0 0 0 0 0 0 0 0 0 0 0 0 0 0 0 0 0 0 0 0 0 0 0 0 0 0 0 0 0 0 0 0 0 0 0 0 0 1 1 0 0 0 0 0 0
 0 0 0 0 0 0 0 0 0 0 0 0 0 0 0 0 0 0 0 0 0 0 0 0 0 0 0 0 0 0 0 0 0 0 0 0 0 0 1 1 0 0 0 0 0 0
 0 0 0 0 0 0 0 0 0 0 0 0 0 0 0 0 0 0 0 0 0 0 0 0 0 0 0 0 0 0 0 0 0 0 0 0 0 0 0 0 0 0 0 0 0 0
 0 0 0 0 0 0 0 0 0 0 0 0 0 0 0 0 0 0 0 0 0 0 0 0 0 0 0 0 0 0 0 0 0 0 0 0 0 0 0 0 0 0 0 0 0 0
