assets/RAT_results/precipitation/2019-08-11_IMERG.asc
ncols        46
nrows        77
xllcorner    74.800261325624
yllcorner    8.058333333333
cellsize     0.062500000000
NODATA_value -9999
 13 13 5 2 2 0 9 9 16 16 9 7 7 11 5 5 1 1 1 0 0 1 0 0 0 0 0 0 0 0 0 0 0 0 0 0 0 0 0 0 0 0 0 0 0 0
 10 10 4 3 3 3 10 10 18 18 6 12 12 12 12 12 7 7 1 1 1 0 0 0 0 0 0 0 0 0 0 0 0 0 0 0 0 0 0 0 0 0 0 0 0 0
 10 10 4 3 3 3 10 10 18 18 6 12 12 12 12 12 7 7 1 1 1 0 0 0 0 0 0 0 0 0 0 0 0 0 0 0 0 0 0 0 0 0 0 0 0 0
 9 9 2 4 4 8 11 11 14 14 7 9 9 12 12 12 6 6 2 1 1 1 0 0 0 0 0 0 0 0 0 0 0 0 0 0 0 0 0 0 0 0 0 0 0 0
 4 4 3 6 6 9 9 9 11 11 8 6 6 7 5 5 4 4 2 2 2 0 0 0 0 0 0 0 0 0 0 0 0 0 0 0 0 0 0 0 0 0 0 0 0 0
 4 4 3 6 6 9 9 9 11 11 8 6 6 7 5 5 4 4 2 2 2 0 0 0 0 0 0 0 0 0 0 0 0 0 0 0 0 0 0 0 0 0 0 0 0 0
 4 4 4 5 5 2 2 2 4 4 4 4 4 3 3 3 3 3 1 1 1 0 0 0 0 0 0 0 0 0 0 0 0 0 0 0 0 0 0 0 0 0 0 0 0 0
 4 4 4 5 5 2 2 2 4 4 4 4 4 3 3 3 3 3 1 1 1 0 0 0 0 0 0 0 0 0 0 0 0 0 0 0 0 0 0 0 0 0 0 0 0 0
 6 6 7 6 6 4 1 1 2 2 3 4 4 3 2 2 3 3 1 1 1 0 0 0 0 0 0 0 0 0 0 0 0 0 0 0 0 0 0 0 0 0 0 0 0 0
 6 6 7 9 9 9 5 5 1 1 6 7 7 5 5 5 2 2 1 0 0 0 0 0 0 0 0 0 0 0 0 0 0 0 0 0 0 0 0 0 0 0 0 0 0 0
 6 6 7 9 9 9 5 5 1 1 6 7 7 5 5 5 2 2 1 0 0 0 0 0 0 0 0 0 0 0 0 0 0 0 0 0 0 0 0 0 0 0 0 0 0 0
 2 2 3 4 4 13 5 5 7 7 7 4 4 6 5 5 2 2 0 0 0 0 0 0 0 0 0 0 0 0 0 0 0 0 0 0 0 0 0 0 0 0 0 0 0 0
 4 4 3 4 4 12 12 12 15 15 16 9 9 4 6 6 4 4 1 1 1 0 0 0 0 0 0 0 0 0 0 0 0 0 0 0 0 0 0 0 0 0 0 0 0 0
 4 4 3 4 4 12 12 12 15 15 16 9 9 4 6 6 4 4 1 1 1 0 0 0 0 0 0 0 0 0 0 0 0 0 0 0 0 0 0 0 0 0 0 0 0 0
 3 3 3 4 4 7 12 12 12 12 15 14 14 10 10 10 4 4 4 1 1 1 0 0 0 0 0 0 0 0 0 0 0 0 0 0 0 0 0 0 0 0 0 0 0 0
 3 3 3 4 4 7 12 12 12 12 15 14 14 10 10 10 4 4 4 1 1 1 0 0 0 0 0 0 0 0 0 0 0 0 0 0 0 0 0 0 0 0 0 0 0 0
 2 2 2 3 3 5 13 13 8 8 14 14 14 12 15 15 11 11 7 2 2 2 0 0 0 0 0 0 0 0 0 0 0 0 0 0 0 0 0 0 0 0 0 0 0 0
 1 1 2 3 3 11 12 12 5 5 11 8 8 8 11 11 11 11 13 5 5 2 2 2 0 0 0 0 0 0 0 0 0 0 0 0 0 0 0 0 0 0 0 0 0 0
 1 1 2 3 3 11 12 12 5 5 11 8 8 8 11 11 11 11 13 5 5 2 2 2 0 0 0 0 0 0 0 0 0 0 0 0 0 0 0 0 0 0 0 0 0 0
 2 2 2 3 3 4 6 6 4 4 7 8 8 6 9 9 7 7 17 3 3 2 2 2 0 0 0 0 0 0 0 0 0 0 0 0 0 0 0 0 0 0 0 0 0 0
 3 3 3 3 3 4 5 5 2 2 4 9 9 6 4 4 10 10 14 10 10 9 2 2 0 0 1 0 0 0 0 0 0 0 0 0 0 0 0 0 0 0 0 0 0 0
 3 3 3 3 3 4 5 5 2 2 4 9 9 6 4 4 10 10 14 10 10 9 2 2 0 0 1 0 0 0 0 0 0 0 0 0 0 0 0 0 0 0 0 0 0 0
 4 4 3 4 4 14 4 4 4 4 4 8 8 8 10 10 8 8 3 10 10 9 4 4 2 2 1 0 0 1 0 0 0 0 0 0 0 0 0 0 0 0 0 0 0 0
 4 4 3 4 4 14 4 4 4 4 4 8 8 8 10 10 8 8 3 10 10 9 4 4 2 2 1 0 0 1 0 0 0 0 0 0 0 0 0 0 0 0 0 0 0 0
 7 7 5 11 11 12 15 15 4 4 5 12 12 11 11 11 17 17 6 10 10 1 2 2 2 2 2 2 2 2 1 1 0 0 0 0 0 0 0 0 0 0 0 0 0 0
 8 8 6 5 5 4 4 4 5 5 8 7 7 9 14 14 11 11 23 11 11 2 2 2 2 2 3 1 1 2 0 0 0 0 0 0 0 0 0 0 0 0 0 0 0 0
 8 8 6 5 5 4 4 4 5 5 8 7 7 9 14 14 11 11 23 11 11 2 2 2 2 2 3 1 1 2 0 0 0 0 0 0 0 0 0 0 0 0 0 0 0 0
 6 6 5 5 5 6 3 3 5 5 8 8 8 9 13 13 10 10 23 33 33 10 4 4 3 3 3 1 1 0 0 0 0 0 0 0 0 0 0 0 0 0 0 0 0 0
 4 4 5 4 4 6 4 4 6 6 4 7 7 5 10 10 9 9 10 15 15 10 10 10 9 9 3 2 2 1 0 0 0 0 0 0 0 0 0 0 0 0 0 0 0 0
 4 4 5 4 4 6 4 4 6 6 4 7 7 5 10 10 9 9 10 15 15 10 10 10 9 9 3 2 2 1 0 0 0 0 0 0 0 0 0 0 0 0 0 0 0 0
 7 7 13 13 13 14 12 12 2 2 2 5 5 2 3 3 8 8 8 9 9 9 12 12 10 10 5 3 3 3 1 1 1 1 0 0 0 0 0 0 0 0 0 0 0 0
 7 7 13 13 13 14 12 12 2 2 2 5 5 2 3 3 8 8 8 9 9 9 12 12 10 10 5 3 3 3 1 1 1 1 0 0 0 0 0 0 0 0 0 0 0 0
 12 12 9 18 18 18 15 15 31 31 4 4 4 2 7 7 9 9 5 10 10 11 10 10 8 8 10 7 7 6 3 3 2 2 0 0 0 0 0 0 0 0 0 0 0 0
 26 26 19 17 17 19 33 33 27 27 4 8 8 2 4 4 8 8 9 12 12 15 8 8 9 9 8 10 10 9 9 9 7 7 0 0 0 0 0 0 0 0 0 0 0 0
 26 26 19 17 17 19 33 33 27 27 4 8 8 2 4 4 8 8 9 12 12 15 8 8 9 9 8 10 10 9 9 9 7 7 0 0 0 0 0 0 0 0 0 0 0 0
 36 36 41 30 30 32 16 16 18 18 14 5 5 2 3 3 12 12 25 12 12 13 15 15 6 6 6 8 8 21 12 12 8 8 5 0 0 0 0 0 0 0 0 0 0 0
 31 31 21 30 30 28 28 28 29 29 29 15 15 3 4 4 8 8 21 18 18 23 18 18 14 14 12 9 9 4 7 7 5 5 3 1 1 0 0 0 0 0 0 0 0 0
 31 31 21 30 30 28 28 28 29 29 29 15 15 3 4 4 8 8 21 18 18 23 18 18 14 14 12 9 9 4 7 7 5 5 3 1 1 0 0 0 0 0 0 0 0 0
 9 9 7 6 6 5 17 17 19 19 17 23 23 3 3 3 10 10 15 25 25 29 17 17 7 7 14 9 9 9 6 6 6 6 3 1 1 0 0 0 0 0 0 0 0 0
 9 9 7 6 6 5 17 17 19 19 17 23 23 3 3 3 10 10 15 25 25 29 17 17 7 7 14 9 9 9 6 6 6 6 3 1 1 0 0 0 0 0 0 0 0 0
 13 13 14 12 12 8 20 20 21 21 19 18 18 8 5 5 9 9 20 27 27 25 23 23 12 12 14 11 11 13 4 4 6 6 3 3 3 1 0 0 0 0 0 0 0 0
 27 27 27 26 26 23 19 19 21 21 18 21 21 19 6 6 11 11 17 17 17 22 32 32 13 13 11 13 13 14 2 2 2 2 2 3 3 3 1 1 1 1 0 1 1 0
 27 27 27 26 26 23 19 19 21 21 18 21 21 19 6 6 11 11 17 17 17 22 32 32 13 13 11 13 13 14 2 2 2 2 2 3 3 3 1 1 1 1 0 1 1 0
 35 35 35 38 38 40 37 37 40 40 40 36 36 24 15 15 13 13 12 14 14 23 20 20 12 12 12 7 7 10 3 3 2 2 2 2 2 3 2 2 1 1 1 0 0 0
 49 49 51 55 55 56 57 57 59 59 45 40 40 23 17 17 14 14 10 11 11 12 12 12 14 14 11 9 9 17 11 11 7 7 3 4 4 4 2 2 0 0 0 0 0 0
 49 49 51 55 55 56 57 57 59 59 45 40 40 23 17 17 14 14 10 11 11 12 12 12 14 14 11 9 9 17 11 11 7 7 3 4 4 4 2 2 0 0 0 0 0 0
 67 67 72 80 80 78 66 66 63 63 46 34 34 26 21 21 17 17 14 13 13 14 15 15 17 17 11 7 7 13 13 13 10 10 4 6 6 4 2 2 1 1 0 0 0 0
 67 67 72 80 80 78 66 66 63 63 46 34 34 26 21 21 17 17 14 13 13 14 15 15 17 17 11 7 7 13 13 13 10 10 4 6 6 4 2 2 1 1 0 0 0 0
 60 60 67 71 71 72 88 88 64 64 61 58 58 47 45 45 29 29 28 25 25 19 18 18 11 11 10 5 5 8 9 9 11 11 9 8 8 4 3 3 2 2 0 0 0 0
 57 57 61 75 75 79 78 78 54 54 51 46 46 44 43 43 34 34 32 28 28 18 15 15 15 15 13 9 9 6 6 6 5 5 9 9 9 7 1 1 3 3 1 1 1 0
 57 57 61 75 75 79 78 78 54 54 51 46 46 44 43 43 34 34 32 28 28 18 15 15 15 15 13 9 9 6 6 6 5 5 9 9 9 7 1 1 3 3 1 1 1 0
 51 51 54 75 75 64 73 73 41 41 43 45 45 44 46 46 35 35 29 26 26 26 21 21 17 17 17 16 16 11 6 6 4 4 10 7 7 4 2 2 2 2 2 1 1 0
 35 35 38 58 58 70 64 64 39 39 33 28 28 32 44 44 28 28 22 19 19 25 20 20 19 19 26 19 19 7 5 5 4 4 9 16 16 8 1 1 2 2 2 2 2 0
 35 35 38 58 58 70 64 64 39 39 33 28 28 32 44 44 28 28 22 19 19 25 20 20 19 19 26 19 19 7 5 5 4 4 9 16 16 8 1 1 2 2 2 2 2 0
 43 43 44 47 47 56 78 78 72 72 41 27 27 31 25 25 23 23 22 18 18 19 14 14 17 17 24 21 21 23 10 10 3 3 7 14 14 11 4 4 2 2 1 0 0 0
 43 43 44 47 47 56 78 78 72 72 41 27 27 31 25 25 23 23 22 18 18 19 14 14 17 17 24 21 21 23 10 10 3 3 7 14 14 11 4 4 2 2 1 0 0 0
 70 70 73 64 64 69 72 72 62 62 43 27 27 29 27 27 17 17 12 10 10 18 7 7 10 10 13 13 13 11 11 11 7 7 12 15 15 9 4 4 2 2 2 0 0 0
 91 91 111 99 99 84 78 78 52 52 40 24 24 47 21 21 15 15 11 13 13 6 6 6 9 9 12 12 12 14 10 10 15 15 12 7 7 3 2 2 4 4 3 1 1 0
 91 91 111 99 99 84 78 78 52 52 40 24 24 47 21 21 15 15 11 13 13 6 6 6 9 9 12 12 12 14 10 10 15 15 12 7 7 3 2 2 4 4 3 1 1 0
 70 70 73 65 65 58 44 44 34 34 20 15 15 43 16 16 23 23 17 16 16 10 6 6 6 6 9 11 11 11 13 13 11 11 11 7 7 6 5 5 8 8 7 3 3 0
 39 39 35 36 36 34 29 29 20 20 94 27 27 15 14 14 20 20 20 22 22 18 7 7 9 9 10 13 13 11 8 8 13 13 13 9 9 9 7 7 8 8 7 2 2 0
 39 39 35 36 36 34 29 29 20 20 94 27 27 15 14 14 20 20 20 22 22 18 7 7 9 9 10 13 13 11 8 8 13 13 13 9 9 9 7 7 8 8 7 2 2 0
 32 32 36 30 30 26 35 35 101 101 95 34 34 31 51 51 38 38 23 27 27 23 14 14 9 9 13 22 22 18 16 16 14 14 12 9 9 9 7 7 11 11 6 6 6 2
 32 32 36 30 30 26 35 35 101 101 95 34 34 31 51 51 38 38 23 27 27 23 14 14 9 9 13 22 22 18 16 16 14 14 12 9 9 9 7 7 11 11 6 6 6 2
 25 25 30 35 35 29 26 26 25 25 21 24 24 32 51 51 47 47 47 32 32 30 33 33 38 38 33 19 19 17 20 20 18 18 16 9 9 9 15 15 13 13 7 7 7 2
 19 19 23 28 28 30 28 28 25 25 32 29 29 37 39 39 58 58 59 31 31 46 44 44 46 46 24 7 7 10 18 18 15 15 6 6 6 9 18 18 14 14 9 2 2 2
 19 19 23 28 28 30 28 28 25 25 32 29 29 37 39 39 58 58 59 31 31 46 44 44 46 46 24 7 7 10 18 18 15 15 6 6 6 9 18 18 14 14 9 2 2 2
 19 19 24 27 27 28 26 26 26 26 25 25 25 22 38 38 35 35 53 57 57 61 49 49 34 34 30 10 10 6 11 11 13 13 3 6 6 7 10 10 5 5 4 2 2 2
 22 22 27 28 28 33 27 27 30 30 33 30 30 34 29 29 27 27 38 58 58 42 36 36 41 41 57 34 34 12 4 4 5 5 5 6 6 6 5 5 8 8 5 2 2 2
 22 22 27 28 28 33 27 27 30 30 33 30 30 34 29 29 27 27 38 58 58 42 36 36 41 41 57 34 34 12 4 4 5 5 5 6 6 6 5 5 8 8 5 2 2 2
 21 21 24 26 26 28 26 26 31 31 43 49 49 44 52 52 43 43 43 39 39 33 34 34 40 40 30 17 17 6 7 7 7 7 10 8 8 4 6 6 9 9 8 6 6 0
 21 21 24 26 26 28 26 26 31 31 43 49 49 44 52 52 43 43 43 39 39 33 34 34 40 40 30 17 17 6 7 7 7 7 10 8 8 4 6 6 9 9 8 6 6 0
 18 18 18 20 20 21 20 20 23 23 30 66 66 66 65 65 67 67 64 49 49 38 33 33 36 36 28 28 28 15 12 12 21 21 11 11 11 6 5 5 4 4 5 6 6 1
 20 20 20 21 21 22 23 23 23 23 22 25 25 54 61 61 66 66 62 56 56 47 34 34 30 30 28 25 25 24 18 18 26 26 13 12 12 7 6 6 4 4 5 3 3 1
 20 20 20 21 21 22 23 23 23 23 22 25 25 54 61 61 66 66 62 56 56 47 34 34 30 30 28 25 25 24 18 18 26 26 13 12 12 7 6 6 4 4 5 3 3 1
 18 18 20 20 20 20 24 24 23 23 21 22 22 25 44 44 49 49 51 55 55 46 38 38 30 30 39 31 31 34 26 26 13 13 11 12 12 7 7 7 5 5 4 3 3 1
 17 17 17 16 16 18 22 22 21 21 22 22 22 20 26 26 40 40 36 38 38 39 33 33 34 34 41 47 47 47 24 24 24 24 21 8 8 5 6 6 3 3 6 3 3 2
