assets/RAT_results/precipitation/2019-08-13_IMERG.asc
ncols        46
nrows        77
xllcorner    74.800261325624
yllcorner    8.058333333333
cellsize     0.062500000000
NODATA_value -9999
 40 40 35 30 30 36 24 24 22 22 9 2 2 1 1 1 1 1 1 2 2 1 1 1 1 1 1 1 1 1 1 1 1 1 2 2 2 2 1 1 0 0 1 0 0 0
 54 54 51 81 81 37 26 26 20 20 9 11 11 8 7 7 3 3 3 3 3 3 2 2 2 2 4 3 3 2 1 1 1 1 1 2 2 1 1 1 1 1 1 0 0 0
 54 54 51 81 81 37 26 26 20 20 9 11 11 8 7 7 3 3 3 3 3 3 2 2 2 2 4 3 3 2 1 1 1 1 1 2 2 1 1 1 1 1 1 0 0 0
 56 56 66 49 49 45 31 31 25 25 14 13 13 8 9 9 6 6 5 4 4 3 2 2 2 2 2 2 2 1 0 0 0 0 1 0 0 0 0 0 1 1 0 0 0 0
 41 41 45 47 47 30 34 34 31 31 22 17 17 8 10 10 6 6 5 3 3 3 2 2 1 1 2 2 2 0 0 0 0 0 0 0 0 0 0 0 0 0 0 0 0 0
 41 41 45 47 47 30 34 34 31 31 22 17 17 8 10 10 6 6 5 3 3 3 2 2 1 1 2 2 2 0 0 0 0 0 0 0 0 0 0 0 0 0 0 0 0 0
 49 49 37 46 46 44 46 46 38 38 22 21 21 9 6 6 5 5 3 2 2 1 1 1 0 0 1 1 1 1 0 0 0 0 0 0 0 0 0 0 0 0 0 0 0 0
 49 49 37 46 46 44 46 46 38 38 22 21 21 9 6 6 5 5 3 2 2 1 1 1 0 0 1 1 1 1 0 0 0 0 0 0 0 0 0 0 0 0 0 0 0 0
 36 36 37 55 55 34 27 27 31 31 18 11 11 3 4 4 2 2 2 1 1 0 0 0 0 0 1 1 1 3 2 2 1 1 1 0 0 0 0 0 0 0 0 0 0 0
 37 37 41 36 36 37 30 30 28 28 23 5 5 7 4 4 3 3 1 0 0 0 0 0 0 0 3 3 3 4 5 5 3 3 1 1 1 1 0 0 0 0 0 0 0 0
 37 37 41 36 36 37 30 30 28 28 23 5 5 7 4 4 3 3 1 0 0 0 0 0 0 0 3 3 3 4 5 5 3 3 1 1 1 1 0 0 0 0 0 0 0 0
 30 30 47 31 31 38 33 33 23 23 20 10 10 9 6 6 1 1 0 0 0 0 1 1 1 1 1 3 3 4 4 4 4 4 2 1 1 0 0 0 0 0 0 0 0 0
 32 32 43 30 30 38 33 33 38 38 33 11 11 8 4 4 3 3 1 0 0 0 1 1 0 0 1 1 1 2 2 2 0 0 0 0 0 0 1 1 0 0 0 0 0 0
 32 32 43 30 30 38 33 33 38 38 33 11 11 8 4 4 3 3 1 0 0 0 1 1 0 0 1 1 1 2 2 2 0 0 0 0 0 0 1 1 0 0 0 0 0 0
 33 33 19 30 30 37 37 37 30 30 39 15 15 10 5 5 2 2 3 2 2 0 0 0 1 1 0 0 0 0 0 0 0 0 0 0 0 0 1 1 1 1 1 0 0 0
 33 33 19 30 30 37 37 37 30 30 39 15 15 10 5 5 2 2 3 2 2 0 0 0 1 1 0 0 0 0 0 0 0 0 0 0 0 0 1 1 1 1 1 0 0 0
 35 35 20 47 47 40 39 39 45 45 39 27 27 16 7 7 5 5 4 2 2 0 0 0 1 1 0 0 0 0 0 0 0 0 0 0 0 0 1 1 2 2 1 0 0 0
 55 55 48 50 50 38 42 42 47 47 39 33 33 15 11 11 8 8 4 2 2 2 0 0 0 0 0 0 0 0 0 0 0 0 0 0 0 0 0 0 1 1 2 2 2 1
 55 55 48 50 50 38 42 42 47 47 39 33 33 15 11 11 8 8 4 2 2 2 0 0 0 0 0 0 0 0 0 0 0 0 0 0 0 0 0 0 1 1 2 2 2 1
 60 60 40 44 44 42 43 43 44 44 34 35 35 25 18 18 14 14 12 5 5 2 0 0 0 0 0 0 0 0 0 0 0 0 0 0 0 0 0 0 0 0 1 1 1 1
 67 67 57 59 59 48 54 54 34 34 37 37 37 27 24 24 18 18 14 6 6 5 2 2 1 1 0 0 0 1 0 0 0 0 0 0 0 0 0 0 0 0 0 0 0 0
 67 67 57 59 59 48 54 54 34 34 37 37 37 27 24 24 18 18 14 6 6 5 2 2 1 1 0 0 0 1 0 0 0 0 0 0 0 0 0 0 0 0 0 0 0 0
 61 61 63 60 60 42 37 37 31 31 29 37 37 26 27 27 21 21 14 8 8 5 4 4 2 2 0 1 1 1 0 0 0 0 0 0 0 0 0 0 0 0 0 0 0 0
 61 61 63 60 60 42 37 37 31 31 29 37 37 26 27 27 21 21 14 8 8 5 4 4 2 2 0 1 1 1 0 0 0 0 0 0 0 0 0 0 0 0 0 0 0 0
 62 62 61 61 61 42 34 34 22 22 21 29 29 32 32 32 18 18 15 8 8 8 5 5 2 2 0 1 1 0 1 1 0 0 0 0 0 0 0 0 0 0 0 0 0 0
 47 47 56 59 59 41 37 37 22 22 21 28 28 28 26 26 19 19 15 10 10 8 5 5 1 1 1 0 0 1 0 0 0 0 0 0 0 0 0 0 0 0 0 0 0 0
 47 47 56 59 59 41 37 37 22 22 21 28 28 28 26 26 19 19 15 10 10 8 5 5 1 1 1 0 0 1 0 0 0 0 0 0 0 0 0 0 0 0 0 0 0 0
 47 47 52 53 53 55 40 40 25 25 24 23 23 34 30 30 30 30 19 9 9 6 5 5 3 3 1 1 1 0 0 0 0 0 0 0 0 0 0 0 0 0 0 0 0 0
 49 49 54 56 56 54 48 48 39 39 35 27 27 32 26 26 27 27 19 16 16 10 8 8 5 5 1 1 1 1 0 0 0 0 0 0 0 0 0 0 0 0 0 0 0 0
 49 49 54 56 56 54 48 48 39 39 35 27 27 32 26 26 27 27 19 16 16 10 8 8 5 5 1 1 1 1 0 0 0 0 0 0 0 0 0 0 0 0 0 0 0 0
 96 96 93 68 68 60 50 50 41 41 61 47 47 31 22 22 25 25 21 22 22 24 24 24 10 10 3 2 2 1 1 1 0 0 0 0 0 0 0 0 0 0 0 0 0 0
 96 96 93 68 68 60 50 50 41 41 61 47 47 31 22 22 25 25 21 22 22 24 24 24 10 10 3 2 2 1 1 1 0 0 0 0 0 0 0 0 0 0 0 0 0 0
 100 100 95 94 94 91 81 81 78 78 65 60 60 49 46 46 31 31 24 26 26 22 22 22 23 23 14 10 10 4 4 4 2 2 1 0 0 0 0 0 0 0 0 0 0 0
 74 74 92 97 97 95 88 88 87 87 53 52 52 55 54 54 28 28 53 45 45 31 28 28 25 25 15 17 17 9 11 11 2 2 0 0 0 0 0 0 0 0 0 0 0 0
 74 74 92 97 97 95 88 88 87 87 53 52 52 55 54 54 28 28 53 45 45 31 28 28 25 25 15 17 17 9 11 11 2 2 0 0 0 0 0 0 0 0 0 0 0 0
 75 75 70 71 71 83 90 90 93 93 68 68 68 48 63 63 63 63 49 53 53 33 31 31 26 26 20 20 20 11 10 10 1 1 1 0 0 0 0 0 0 0 0 0 0 0
 72 72 68 73 73 69 68 68 65 65 69 61 61 50 59 59 36 36 45 48 48 48 41 41 27 27 22 18 18 11 8 8 1 1 1 1 1 0 0 0 0 0 0 0 0 0
 72 72 68 73 73 69 68 68 65 65 69 61 61 50 59 59 36 36 45 48 48 48 41 41 27 27 22 18 18 11 8 8 1 1 1 1 1 0 0 0 0 0 0 0 0 0
 66 66 65 65 65 67 68 68 69 69 63 56 56 47 41 41 37 37 51 51 51 41 30 30 21 21 20 14 14 7 5 5 2 2 4 2 2 2 0 0 0 0 0 0 0 0
 66 66 65 65 65 67 68 68 69 69 63 56 56 47 41 41 37 37 51 51 51 41 30 30 21 21 20 14 14 7 5 5 2 2 4 2 2 2 0 0 0 0 0 0 0 0
 68 68 66 64 64 69 67 67 66 66 65 46 46 45 42 42 39 39 37 39 39 33 26 26 16 16 16 9 9 8 9 9 7 7 6 3 3 3 1 1 1 1 1 1 1 1
 82 82 84 80 80 74 67 67 75 75 66 48 48 44 37 37 37 37 36 28 28 30 19 19 16 16 9 13 13 8 9 9 7 7 6 6 6 4 3 3 1 1 3 5 5 2
 82 82 84 80 80 74 67 67 75 75 66 48 48 44 37 37 37 37 36 28 28 30 19 19 16 16 9 13 13 8 9 9 7 7 6 6 6 4 3 3 1 1 3 5 5 2
 111 111 113 112 112 98 85 85 74 74 72 97 97 58 49 49 30 30 19 21 21 21 38 38 24 24 9 10 10 9 11 11 11 11 7 9 9 8 6 6 3 3 3 4 4 1
 123 123 120 115 115 98 96 96 93 93 110 99 99 61 45 45 113 113 110 46 46 32 33 33 24 24 12 10 10 16 13 13 16 16 11 7 7 6 4 4 2 2 1 1 1 2
 123 123 120 115 115 98 96 96 93 93 110 99 99 61 45 45 113 113 110 46 46 32 33 33 24 24 12 10 10 16 13 13 16 16 11 7 7 6 4 4 2 2 1 1 1 2
 144 144 137 125 125 115 116 116 116 116 146 283 283 279 192 192 121 121 116 46 46 54 56 56 33 33 17 18 18 12 14 14 12 12 8 7 7 4 3 3 2 2 1 0 0 0
 144 144 137 125 125 115 116 116 116 116 146 283 283 279 192 192 121 121 116 46 46 54 56 56 33 33 17 18 18 12 14 14 12 12 8 7 7 4 3 3 2 2 1 0 0 0
 167 167 165 154 154 154 146 146 136 136 148 279 279 279 126 126 105 105 169 242 242 56 59 59 36 36 37 25 25 15 20 20 16 16 15 10 10 7 4 4 2 2 1 1 1 1
 164 164 162 154 154 148 135 135 124 124 107 106 106 100 124 124 98 98 163 80 80 73 77 77 34 34 37 20 20 17 20 20 26 26 23 14 14 7 5 5 5 5 3 0 0 1
 164 164 162 154 154 148 135 135 124 124 107 106 106 100 124 124 98 98 163 80 80 73 77 77 34 34 37 20 20 17 20 20 26 26 23 14 14 7 5 5 5 5 3 0 0 1
 172 172 172 164 164 155 145 145 128 128 108 83 83 74 60 60 43 43 59 80 80 73 44 44 37 37 33 12 12 17 22 22 27 27 27 21 21 17 6 6 5 5 4 1 1 1
 154 154 155 148 148 143 138 138 127 127 111 94 94 77 63 63 50 50 32 23 23 29 41 41 30 30 29 29 29 22 26 26 25 25 27 17 17 20 7 7 3 3 3 1 1 1
 154 154 155 148 148 143 138 138 127 127 111 94 94 77 63 63 50 50 32 23 23 29 41 41 30 30 29 29 29 22 26 26 25 25 27 17 17 20 7 7 3 3 3 1 1 1
 112 112 119 124 124 130 134 134 126 126 113 98 98 82 67 67 50 50 34 23 23 47 42 42 37 37 25 34 34 20 27 27 50 50 34 14 14 13 5 5 2 2 2 2 2 1
 112 112 119 124 124 130 134 134 126 126 113 98 98 82 67 67 50 50 34 23 23 47 42 42 37 37 25 34 34 20 27 27 50 50 34 14 14 13 5 5 2 2 2 2 2 1
 80 80 96 101 101 95 106 106 114 114 104 90 90 85 86 86 77 77 64 58 58 58 43 43 42 42 31 30 30 40 52 52 51 51 35 15 15 6 3 3 2 2 2 1 1 1
 59 59 64 72 72 78 98 98 116 116 111 97 97 84 83 83 83 83 84 79 79 60 48 48 47 47 42 44 44 43 45 45 41 41 13 10 10 6 5 5 2 2 2 2 2 1
 59 59 64 72 72 78 98 98 116 116 111 97 97 84 83 83 83 83 84 79 79 60 48 48 47 47 42 44 44 43 45 45 41 41 13 10 10 6 5 5 2 2 2 2 2 1
 54 54 59 65 65 75 80 80 84 84 85 83 83 86 94 94 92 92 85 86 86 47 32 32 45 45 44 50 50 54 44 44 36 36 11 6 6 4 5 5 3 3 2 2 2 2
 47 47 53 58 58 63 66 66 66 66 66 65 65 72 73 73 48 48 46 48 48 42 29 29 45 45 43 31 31 35 21 21 15 15 17 11 11 5 5 5 4 4 2 1 1 1
 47 47 53 58 58 63 66 66 66 66 66 65 65 72 73 73 48 48 46 48 48 42 29 29 45 45 43 31 31 35 21 21 15 15 17 11 11 5 5 5 4 4 2 1 1 1
 35 35 40 42 42 43 42 42 41 41 38 39 39 43 44 44 42 42 40 33 33 29 22 22 18 18 30 31 31 35 20 20 13 13 22 14 14 11 4 4 2 2 2 3 3 1
 35 35 40 42 42 43 42 42 41 41 38 39 39 43 44 44 42 42 40 33 33 29 22 22 18 18 30 31 31 35 20 20 13 13 22 14 14 11 4 4 2 2 2 3 3 1
 31 31 35 35 35 35 34 34 34 34 35 36 36 37 36 36 36 36 35 30 30 29 25 25 18 18 14 18 18 25 20 20 11 11 17 15 15 11 5 5 2 2 3 3 3 1
 33 33 34 34 34 33 30 30 29 29 31 33 33 32 33 33 33 33 34 33 33 31 30 30 34 34 15 15 15 14 16 16 17 17 16 15 15 8 5 5 5 5 2 0 0 1
 33 33 34 34 34 33 30 30 29 29 31 33 33 32 33 33 33 33 34 33 33 31 30 30 34 34 15 15 15 14 16 16 17 17 16 15 15 8 5 5 5 5 2 0 0 1
 33 33 32 30 30 29 28 28 29 29 30 35 35 37 36 36 36 36 35 33 33 32 30 30 24 24 22 15 15 11 15 15 14 14 21 13 13 3 5 5 3 3 0 0 0 0
 34 34 31 31 31 29 32 32 36 36 34 37 37 43 42 42 42 42 42 45 45 40 38 38 26 26 18 14 14 12 9 9 11 11 10 5 5 3 4 4 2 2 1 0 0 0
 34 34 31 31 31 29 32 32 36 36 34 37 37 43 42 42 42 42 42 45 45 40 38 38 26 26 18 14 14 12 9 9 11 11 10 5 5 3 4 4 2 2 1 0 0 0
 38 38 36 35 35 34 37 37 39 39 38 41 41 42 48 48 53 53 53 52 52 44 37 37 25 25 17 10 10 7 8 8 8 8 7 7 7 5 6 6 5 5 2 2 2 0
 38 38 36 35 35 34 37 37 39 39 38 41 41 42 48 48 53 53 53 52 52 44 37 37 25 25 17 10 10 7 8 8 8 8 7 7 7 5 6 6 5 5 2 2 2 0
 44 44 43 46 46 47 49 49 51 51 54 57 57 54 56 56 59 59 59 52 52 41 34 34 23 23 18 10 10 8 7 7 7 7 6 5 5 4 6 6 4 4 3 2 2 0
 55 55 58 61 61 67 76 76 81 81 81 78 78 71 76 76 78 78 64 59 59 47 39 39 32 32 23 18 18 9 8 8 8 8 7 6 6 6 6 6 4 4 3 3 3 2
 55 55 58 61 61 67 76 76 81 81 81 78 78 71 76 76 78 78 64 59 59 47 39 39 32 32 23 18 18 9 8 8 8 8 7 6 6 6 6 6 4 4 3 3 3 2
 64 64 69 77 77 86 98 98 105 105 114 118 118 119 115 115 109 109 93 84 84 59 57 57 50 50 40 33 33 22 17 17 8 8 7 5 5 6 6 6 6 6 5 4 4 4
 68 68 74 85 85 92 106 106 118 118 130 146 146 143 135 135 126 126 117 103 103 82 78 78 63 63 51 40 40 24 18 18 8 8 7 6 6 5 5 5 4 4 8 6 6 4
