assets/RAT_results/precipitation/2019-06-30_IMERG.asc
ncols        46
nrows        77
xllcorner    74.800261325624
yllcorner    8.058333333333
cellsize     0.062500000000
NODATA_value  -9999
[rows 0 to 20 of 77, columns 0 to 45 of 46]
2.25 2.25 2.8500000000000000888 2.4000000000000003553 2.4000000000000003553 4.1000000000000005329 1.9000000000000001332 1.9000000000000001332 3.8500000000000000888 3.8500000000000000888 1.5 4.4000000000000003553 4.4000000000000003553 3.6000000000000000888 1.9000000000000001332 1.9000000000000001332 2.6000000000000000888 2.6000000000000000888 1.8500000000000000888 1.4500000000000001776 1.4500000000000001776 1.1000000000000000888 0.70000000000000006661 0.70000000000000006661 0.95000000000000006661 0.95000000000000006661 0.75 0.5 0.5 0.35000000000000003331 0.5 0.5 0.25 0.25 0.1500000000000000222 0.1500000000000000222 0.1500000000000000222 0.2000000000000000111 0.1500000000000000222 0.1500000000000000222 0.1500000000000000222 0.1500000000000000222 0.25 0.25 0.25 0.1500000000000000222
2.1499999999999999112 2.1499999999999999112 2.8000000000000002665 2.6500000000000003553 2.6500000000000003553 2.2000000000000001776 1.8000000000000000444 1.8000000000000000444 2.4000000000000003553 2.4000000000000003553 2.0500000000000002665 1.25 1.25 1.75 1.7000000000000001776 1.7000000000000001776 1.4000000000000001332 1.4000000000000001332 0.95000000000000006661 0.9000000000000000222 0.9000000000000000222 0.55000000000000004441 0.30000000000000004441 0.30000000000000004441 0.4500000000000000111 0.4500000000000000111 0.70000000000000006661 0.4000000000000000222 0.4000000000000000222 0.25 0.2000000000000000111 0.2000000000000000111 0.10000000000000000555 0.10000000000000000555 0.1500000000000000222 0.25 0.25 0.30000000000000004441 0.25 0.25 0.25 0.25 0.30000000000000004441 0.2000000000000000111 0.2000000000000000111 0.050000000000000002776
2.1499999999999999112 2.1499999999999999112 2.8000000000000002665 2.6500000000000003553 2.6500000000000003553 2.2000000000000001776 1.8000000000000000444 1.8000000000000000444 2.4000000000000003553 2.4000000000000003553 2.0500000000000002665 1.25 1.25 1.75 1.7000000000000001776 1.7000000000000001776 1.4000000000000001332 1.4000000000000001332 0.95000000000000006661 0.9000000000000000222 0.9000000000000000222 0.55000000000000004441 0.30000000000000004441 0.30000000000000004441 0.4500000000000000111 0.4500000000000000111 0.70000000000000006661 0.4000000000000000222 0.4000000000000000222 0.25 0.2000000000000000111 0.2000000000000000111 0.10000000000000000555 0.10000000000000000555 0.1500000000000000222 0.25 0.25 0.30000000000000004441 0.25 0.25 0.25 0.25 0.30000000000000004441 0.2000000000000000111 0.2000000000000000111 0.050000000000000002776
1.8000000000000000444 1.8000000000000000444 1.8000000000000000444 2.0500000000000002665 2.0500000000000002665 2 2.3000000000000002665 2.3000000000000002665 1.5 1.5 1.8000000000000000444 1.6500000000000001332 1.6500000000000001332 2.6500000000000003553 1.6000000000000000888 1.6000000000000000888 1.2000000000000001776 1.2000000000000001776 0.9000000000000000222 0.55000000000000004441 0.55000000000000004441 0.35000000000000003331 0.2000000000000000111 0.2000000000000000111 0.30000000000000004441 0.30000000000000004441 0.35000000000000003331 0.30000000000000004441 0.30000000000000004441 0.1500000000000000222 0.050000000000000002776 0.050000000000000002776 0.10000000000000000555 0.10000000000000000555 0.1500000000000000222 0.25 0.25 0.25 0.25 0.25 0.1500000000000000222 0.1500000000000000222 0.1500000000000000222 0.10000000000000000555 0.10000000000000000555 0.050000000000000002776
1.2000000000000001776 1.2000000000000001776 2.1499999999999999112 2.6500000000000003553 2.6500000000000003553 2.3500000000000000888 2.3500000000000000888 2.3500000000000000888 2.25 2.25 2.3000000000000002665 2.3000000000000002665 2.3000000000000002665 1.5500000000000000444 1.3000000000000000444 1.3000000000000000444 0.75 0.75 0.4000000000000000222 0.25 0.25 0.25 0.2000000000000000111 0.2000000000000000111 0.4000000000000000222 0.4000000000000000222 0.4000000000000000222 0.30000000000000004441 0.30000000000000004441 0.2000000000000000111 0.1500000000000000222 0.1500000000000000222 0.1500000000000000222 0.1500000000000000222 0.10000000000000000555 0.10000000000000000555 0.10000000000000000555 0.10000000000000000555 0.1500000000000000222 0.1500000000000000222 0.10000000000000000555 0.10000000000000000555 0.10000000000000000555 0.050000000000000002776 0.050000000000000002776 0
1.2000000000000001776 1.2000000000000001776 2.1499999999999999112 2.6500000000000003553 2.6500000000000003553 2.3500000000000000888 2.3500000000000000888 2.3500000000000000888 2.25 2.25 2.3000000000000002665 2.3000000000000002665 2.3000000000000002665 1.5500000000000000444 1.3000000000000000444 1.3000000000000000444 0.75 0.75 0.4000000000000000222 0.25 0.25 0.25 0.2000000000000000111 0.2000000000000000111 0.4000000000000000222 0.4000000000000000222 0.4000000000000000222 0.30000000000000004441 0.30000000000000004441 0.2000000000000000111 0.1500000000000000222 0.1500000000000000222 0.1500000000000000222 0.1500000000000000222 0.10000000000000000555 0.10000000000000000555 0.10000000000000000555 0.10000000000000000555 0.1500000000000000222 0.1500000000000000222 0.10000000000000000555 0.10000000000000000555 0.10000000000000000555 0.050000000000000002776 0.050000000000000002776 0
0.9000000000000000222 0.9000000000000000222 1.3500000000000000888 2.2000000000000001776 2.2000000000000001776 2.4000000000000003553 2.2000000000000001776 2.2000000000000001776 2.3500000000000000888 2.3500000000000000888 2 1.75 1.75 1.6500000000000001332 1.0500000000000000444 1.0500000000000000444 0.55000000000000004441 0.55000000000000004441 0.25 0.2000000000000000111 0.2000000000000000111 0.25 0.35000000000000003331 0.35000000000000003331 0.4000000000000000222 0.4000000000000000222 0.4500000000000000111 0.55000000000000004441 0.55000000000000004441 0.70000000000000006661 0.25 0.25 0.30000000000000004441 0.30000000000000004441 0.1500000000000000222 0.10000000000000000555 0.10000000000000000555 0.050000000000000002776 0.10000000000000000555 0.10000000000000000555 0.050000000000000002776 0.050000000000000002776 0.050000000000000002776 0.050000000000000002776 0.050000000000000002776 0.050000000000000002776
0.9000000000000000222 0.9000000000000000222 1.3500000000000000888 2.2000000000000001776 2.2000000000000001776 2.4000000000000003553 2.2000000000000001776 2.2000000000000001776 2.3500000000000000888 2.3500000000000000888 2 1.75 1.75 1.6500000000000001332 1.0500000000000000444 1.0500000000000000444 0.55000000000000004441 0.55000000000000004441 0.25 0.2000000000000000111 0.2000000000000000111 0.25 0.35000000000000003331 0.35000000000000003331 0.4000000000000000222 0.4000000000000000222 0.4500000000000000111 0.55000000000000004441 0.55000000000000004441 0.70000000000000006661 0.25 0.25 0.30000000000000004441 0.30000000000000004441 0.1500000000000000222 0.10000000000000000555 0.10000000000000000555 0.050000000000000002776 0.10000000000000000555 0.10000000000000000555 0.050000000000000002776 0.050000000000000002776 0.050000000000000002776 0.050000000000000002776 0.050000000000000002776 0.050000000000000002776
0.55000000000000004441 0.55000000000000004441 0.60000000000000008882 1.1000000000000000888 1.1000000000000000888 1.25 0.9000000000000000222 0.9000000000000000222 1.4000000000000001332 1.4000000000000001332 1.3500000000000000888 1.25 1.25 0.80000000000000004441 0.60000000000000008882 0.60000000000000008882 1.8000000000000000444 1.8000000000000000444 0.25 0.25 0.25 0.35000000000000003331 0.5 0.5 0.5 0.5 0.25 0.1500000000000000222 0.1500000000000000222 0.050000000000000002776 0.1500000000000000222 0.1500000000000000222 0.1500000000000000222 0.1500000000000000222 0.10000000000000000555 0.050000000000000002776 0.050000000000000002776 0.050000000000000002776 0.10000000000000000555 0.10000000000000000555 0.050000000000000002776 0.050000000000000002776 0.050000000000000002776 0.050000000000000002776 0.050000000000000002776 0.4500000000000000111
0.30000000000000004441 0.30000000000000004441 0.4500000000000000111 0.80000000000000004441 0.80000000000000004441 1.3500000000000000888 0.75 0.75 1.25 1.25 1.9000000000000001332 1.25 1.25 0.85000000000000008882 0.4000000000000000222 0.4000000000000000222 0.4000000000000000222 0.4000000000000000222 0.6500000000000000222 0.5 0.5 0.30000000000000004441 0.35000000000000003331 0.35000000000000003331 0.25 0.25 0.1500000000000000222 0.2000000000000000111 0.2000000000000000111 0.050000000000000002776 0.050000000000000002776 0.050000000000000002776 0.050000000000000002776 0.050000000000000002776 0.050000000000000002776 0.050000000000000002776 0.050000000000000002776 0.10000000000000000555 0.1500000000000000222 0.1500000000000000222 0.10000000000000000555 0.10000000000000000555 0.050000000000000002776 0.050000000000000002776 0.050000000000000002776 0.10000000000000000555
0.30000000000000004441 0.30000000000000004441 0.4500000000000000111 0.80000000000000004441 0.80000000000000004441 1.3500000000000000888 0.75 0.75 1.25 1.25 1.9000000000000001332 1.25 1.25 0.85000000000000008882 0.4000000000000000222 0.4000000000000000222 0.4000000000000000222 0.4000000000000000222 0.6500000000000000222 0.5 0.5 0.30000000000000004441 0.35000000000000003331 0.35000000000000003331 0.25 0.25 0.1500000000000000222 0.2000000000000000111 0.2000000000000000111 0.050000000000000002776 0.050000000000000002776 0.050000000000000002776 0.050000000000000002776 0.050000000000000002776 0.050000000000000002776 0.050000000000000002776 0.050000000000000002776 0.10000000000000000555 0.1500000000000000222 0.1500000000000000222 0.10000000000000000555 0.10000000000000000555 0.050000000000000002776 0.050000000000000002776 0.050000000000000002776 0.10000000000000000555
0.35000000000000003331 0.35000000000000003331 0.4500000000000000111 0.60000000000000008882 0.60000000000000008882 0.95000000000000006661 1.1500000000000001332 1.1500000000000001332 1.3000000000000000444 1.3000000000000000444 1.6500000000000001332 1.1000000000000000888 1.1000000000000000888 0.55000000000000004441 0.55000000000000004441 0.55000000000000004441 0.6500000000000000222 0.6500000000000000222 0.80000000000000004441 0.4500000000000000111 0.4500000000000000111 0.30000000000000004441 0.2000000000000000111 0.2000000000000000111 0.10000000000000000555 0.10000000000000000555 0.050000000000000002776 0.10000000000000000555 0.10000000000000000555 0.050000000000000002776 0.050000000000000002776 0.050000000000000002776 0.050000000000000002776 0.050000000000000002776 0.10000000000000000555 0.10000000000000000555 0.10000000000000000555 0.050000000000000002776 0.1500000000000000222 0.1500000000000000222 0.2000000000000000111 0.2000000000000000111 0.050000000000000002776 0.050000000000000002776 0.050000000000000002776 0.25
0.5 0.5 0.4000000000000000222 0.60000000000000008882 0.60000000000000008882 1 1.1500000000000001332 1.1500000000000001332 1 1 1 0.60000000000000008882 0.60000000000000008882 0.55000000000000004441 0.55000000000000004441 0.55000000000000004441 2.6500000000000003553 2.6500000000000003553 0.70000000000000006661 0.4500000000000000111 0.4500000000000000111 0.30000000000000004441 0.1500000000000000222 0.1500000000000000222 0.10000000000000000555 0.10000000000000000555 0.4000000000000000222 0.10000000000000000555 0.10000000000000000555 0.050000000000000002776 0.050000000000000002776 0.050000000000000002776 0.050000000000000002776 0.050000000000000002776 0.050000000000000002776 0.10000000000000000555 0.10000000000000000555 0.10000000000000000555 0.2000000000000000111 0.2000000000000000111 0.1500000000000000222 0.1500000000000000222 0.050000000000000002776 0.050000000000000002776 0.050000000000000002776 0.2000000000000000111
0.5 0.5 0.4000000000000000222 0.60000000000000008882 0.60000000000000008882 1 1.1500000000000001332 1.1500000000000001332 1 1 1 0.60000000000000008882 0.60000000000000008882 0.55000000000000004441 0.55000000000000004441 0.55000000000000004441 2.6500000000000003553 2.6500000000000003553 0.70000000000000006661 0.4500000000000000111 0.4500000000000000111 0.30000000000000004441 0.1500000000000000222 0.1500000000000000222 0.10000000000000000555 0.10000000000000000555 0.4000000000000000222 0.10000000000000000555 0.10000000000000000555 0.050000000000000002776 0.050000000000000002776 0.050000000000000002776 0.050000000000000002776 0.050000000000000002776 0.050000000000000002776 0.10000000000000000555 0.10000000000000000555 0.10000000000000000555 0.2000000000000000111 0.2000000000000000111 0.1500000000000000222 0.1500000000000000222 0.050000000000000002776 0.050000000000000002776 0.050000000000000002776 0.2000000000000000111
0.55000000000000004441 0.55000000000000004441 0.4000000000000000222 0.60000000000000008882 0.60000000000000008882 0.55000000000000004441 0.85000000000000008882 0.85000000000000008882 0.60000000000000008882 0.60000000000000008882 1.1000000000000000888 0.80000000000000004441 0.80000000000000004441 0.75 0.85000000000000008882 0.85000000000000008882 0.70000000000000006661 0.70000000000000006661 0.6500000000000000222 0.75 0.75 0.4500000000000000111 0.30000000000000004441 0.30000000000000004441 0.25 0.25 0.2000000000000000111 0.10000000000000000555 0.10000000000000000555 0.1500000000000000222 0.1500000000000000222 0.1500000000000000222 0.050000000000000002776 0.050000000000000002776 0.10000000000000000555 0.2000000000000000111 0.2000000000000000111 0.2000000000000000111 0.35000000000000003331 0.35000000000000003331 0.2000000000000000111 0.2000000000000000111 0.1500000000000000222 0.2000000000000000111 0.2000000000000000111 0.25
0.55000000000000004441 0.55000000000000004441 0.4000000000000000222 0.60000000000000008882 0.60000000000000008882 0.55000000000000004441 0.85000000000000008882 0.85000000000000008882 0.60000000000000008882 0.60000000000000008882 1.1000000000000000888 0.80000000000000004441 0.80000000000000004441 0.75 0.85000000000000008882 0.85000000000000008882 0.70000000000000006661 0.70000000000000006661 0.6500000000000000222 0.75 0.75 0.4500000000000000111 0.30000000000000004441 0.30000000000000004441 0.25 0.25 0.2000000000000000111 0.10000000000000000555 0.10000000000000000555 0.1500000000000000222 0.1500000000000000222 0.1500000000000000222 0.050000000000000002776 0.050000000000000002776 0.10000000000000000555 0.2000000000000000111 0.2000000000000000111 0.2000000000000000111 0.35000000000000003331 0.35000000000000003331 0.2000000000000000111 0.2000000000000000111 0.1500000000000000222 0.2000000000000000111 0.2000000000000000111 0.25
0.6500000000000000222 0.6500000000000000222 0.55000000000000004441 0.6500000000000000222 0.6500000000000000222 0.70000000000000006661 0.6500000000000000222 0.6500000000000000222 1.1000000000000000888 1.1000000000000000888 0.95000000000000006661 1.0500000000000000444 1.0500000000000000444 1 0.70000000000000006661 0.70000000000000006661 0.6500000000000000222 0.6500000000000000222 1.5500000000000000444 0.60000000000000008882 0.60000000000000008882 0.55000000000000004441 0.4000000000000000222 0.4000000000000000222 0.30000000000000004441 0.30000000000000004441 0.4000000000000000222 0.1500000000000000222 0.1500000000000000222 0.1500000000000000222 0.10000000000000000555 0.10000000000000000555 0.10000000000000000555 0.10000000000000000555 0.10000000000000000555 0.10000000000000000555 0.10000000000000000555 0.10000000000000000555 0.050000000000000002776 0.050000000000000002776 0.050000000000000002776 0.050000000000000002776 0.050000000000000002776 0.10000000000000000555 0.10000000000000000555 0.050000000000000002776
0.4500000000000000111 0.4500000000000000111 0.35000000000000003331 0.60000000000000008882 0.60000000000000008882 0.60000000000000008882 0.80000000000000004441 0.80000000000000004441 0.80000000000000004441 0.80000000000000004441 1.3000000000000000444 1.1500000000000001332 1.1500000000000001332 0.70000000000000006661 0.5 0.5 0.6500000000000000222 0.6500000000000000222 0.70000000000000006661 0.80000000000000004441 0.80000000000000004441 0.55000000000000004441 0.4000000000000000222 0.4000000000000000222 0.5 0.5 0.60000000000000008882 0.30000000000000004441 0.30000000000000004441 0.2000000000000000111 0.1500000000000000222 0.1500000000000000222 0.2000000000000000111 0.2000000000000000111 0.10000000000000000555 0.10000000000000000555 0.10000000000000000555 0.050000000000000002776 0.050000000000000002776 0.050000000000000002776 0.050000000000000002776 0.050000000000000002776 0.050000000000000002776 0.050000000000000002776 0.050000000000000002776 0
0.4500000000000000111 0.4500000000000000111 0.35000000000000003331 0.60000000000000008882 0.60000000000000008882 0.60000000000000008882 0.80000000000000004441 0.80000000000000004441 0.80000000000000004441 0.80000000000000004441 1.3000000000000000444 1.1500000000000001332 1.1500000000000001332 0.70000000000000006661 0.5 0.5 0.6500000000000000222 0.6500000000000000222 0.70000000000000006661 0.80000000000000004441 0.80000000000000004441 0.55000000000000004441 0.4000000000000000222 0.4000000000000000222 0.5 0.5 0.60000000000000008882 0.30000000000000004441 0.30000000000000004441 0.2000000000000000111 0.1500000000000000222 0.1500000000000000222 0.2000000000000000111 0.2000000000000000111 0.10000000000000000555 0.10000000000000000555 0.10000000000000000555 0.050000000000000002776 0.050000000000000002776 0.050000000000000002776 0.050000000000000002776 0.050000000000000002776 0.050000000000000002776 0.050000000000000002776 0.050000000000000002776 0
0.30000000000000004441 0.30000000000000004441 0.25 0.55000000000000004441 0.55000000000000004441 0.5 0.5 0.5 0.60000000000000008882 0.60000000000000008882 1 1.0500000000000000444 1.0500000000000000444 0.5 0.55000000000000004441 0.55000000000000004441 0.60000000000000008882 0.60000000000000008882 3.5 1.3500000000000000888 1.3500000000000000888 0.5 0.5 0.5 0.55000000000000004441 0.55000000000000004441 0.55000000000000004441 0.25 0.25 0.25 0.25 0.25 0.10000000000000000555 0.10000000000000000555 0.050000000000000002776 0.050000000000000002776 0.050000000000000002776 0.050000000000000002776 0.10000000000000000555 0.10000000000000000555 0.10000000000000000555 0.10000000000000000555 0.10000000000000000555 0.050000000000000002776 0.050000000000000002776 0
0.25 0.25 0.1500000000000000222 0.35000000000000003331 0.35000000000000003331 0.55000000000000004441 0.6500000000000000222 0.6500000000000000222 0.5 0.5 0.4000000000000000222 0.4500000000000000111 0.4500000000000000111 0.55000000000000004441 0.80000000000000004441 0.80000000000000004441 7 7 2.9000000000000003553 0.55000000000000004441 0.55000000000000004441 0.5 0.55000000000000004441 0.55000000000000004441 0.4500000000000000111 0.4500000000000000111 0.5 0.35000000000000003331 0.35000000000000003331 0.35000000000000003331 1.1500000000000001332 1.1500000000000001332 0.30000000000000004441 0.30000000000000004441 0.4000000000000000222 0.95000000000000006661 0.95000000000000006661 0.1500000000000000222 0.2000000000000000111 0.2000000000000000111 0.2000000000000000111 0.2000000000000000111 0.1500000000000000222 0.050000000000000002776 0.050000000000000002776 0
