assets/RAT_results/precipitation/2019-10-14_IMERG.asc
ncols        46
nrows        77
xllcorner    74.800261325624
yllcorner    8.058333333333
cellsize     0.062500000000
NODATA_value -9999
 49 49 24 25 25 24 24 24 23 23 20 35 35 20 9 9 37 37 0 0 0 0 0 0 0 0 0 0 0 0 0 0 0 0 0 0 0 0 0 0 0 0 0 0 0 0
 32 32 19 19 19 18 20 20 21 21 13 7 7 16 2 2 0 0 0 0 0 0 0 0 0 0 0 0 0 0 0 0 0 0 0 0 0 0 0 0 0 0 1 1 1 1
 32 32 19 19 19 18 20 20 21 21 13 7 7 16 2 2 0 0 0 0 0 0 0 0 0 0 0 0 0 0 0 0 0 0 0 0 0 0 0 0 0 0 1 1 1 1
 27 27 17 19 19 22 19 19 16 16 7 2 2 1 0 0 0 0 0 0 0 1 1 1 0 0 0 0 0 1 5 5 1 1 0 0 0 0 0 0 0 0 0 0 0 1
 34 34 20 22 22 22 15 15 11 11 2 1 1 0 0 0 1 1 0 0 0 1 0 0 0 0 1 1 1 6 3 3 2 2 0 0 0 0 0 0 0 0 0 0 0 1
 34 34 20 22 22 22 15 15 11 11 2 1 1 0 0 0 1 1 0 0 0 1 0 0 0 0 1 1 1 6 3 3 2 2 0 0 0 0 0 0 0 0 0 0 0 1
 38 38 30 16 16 13 7 7 6 6 3 1 1 0 0 0 1 1 1 0 0 1 0 0 0 0 2 13 13 0 1 1 0 0 0 0 0 0 0 0 0 0 0 1 1 2
 38 38 30 16 16 13 7 7 6 6 3 1 1 0 0 0 1 1 1 0 0 1 0 0 0 0 2 13 13 0 1 1 0 0 0 0 0 0 0 0 0 0 0 1 1 2
 23 23 18 12 12 11 9 9 10 10 5 0 0 0 0 0 1 1 1 0 0 2 0 0 0 0 0 0 0 0 0 0 0 0 0 0 0 0 0 0 0 0 0 1 1 1
 4 4 4 4 4 4 4 4 7 7 4 0 0 0 1 1 3 3 1 1 1 0 0 0 0 0 0 0 0 0 0 0 0 0 0 0 0 1 0 0 0 0 0 0 0 0
 4 4 4 4 4 4 4 4 7 7 4 0 0 0 1 1 3 3 1 1 1 0 0 0 0 0 0 0 0 0 0 0 0 0 0 0 0 1 0 0 0 0 0 0 0 0
 2 2 3 3 3 2 0 0 0 0 0 0 0 1 2 2 2 2 2 0 0 0 0 0 0 0 0 0 0 0 0 0 0 0 0 0 0 1 1 1 0 0 0 0 0 0
 2 2 2 3 3 2 0 0 0 0 0 0 0 1 2 2 3 3 2 1 1 0 0 0 0 0 0 0 0 0 0 0 0 0 0 0 0 0 0 0 0 0 0 0 0 0
 2 2 2 3 3 2 0 0 0 0 0 0 0 1 2 2 3 3 2 1 1 0 0 0 0 0 0 0 0 0 0 0 0 0 0 0 0 0 0 0 0 0 0 0 0 0
 1 1 1 2 2 0 1 1 0 0 0 1 1 2 3 3 6 6 6 1 1 1 0 0 1 1 1 1 1 1 1 1 1 1 0 0 0 0 0 0 0 0 0 0 0 0
 1 1 1 2 2 0 1 1 0 0 0 1 1 2 3 3 6 6 6 1 1 1 0 0 1 1 1 1 1 1 1 1 1 1 0 0 0 0 0 0 0 0 0 0 0 0
 1 1 1 2 2 2 1 1 1 1 0 0 0 1 2 2 4 4 3 2 2 1 1 1 1 1 2 2 2 2 3 3 2 2 1 1 1 0 0 0 0 0 0 0 0 0
 1 1 1 2 2 2 2 2 1 1 0 0 0 0 1 1 2 2 3 2 2 2 3 3 3 3 3 3 3 3 3 3 3 3 2 1 1 1 1 1 3 3 3 3 3 3
 1 1 1 2 2 2 2 2 1 1 0 0 0 0 1 1 2 2 3 2 2 2 3 3 3 3 3 3 3 3 3 3 3 3 2 1 1 1 1 1 3 3 3 3 3 3
 1 1 1 0 0 0 2 2 2 2 1 1 1 1 0 0 1 1 3 11 11 3 4 4 4 4 4 4 4 4 4 4 4 4 3 4 4 4 3 3 3 3 3 3 3 4
 1 1 0 0 0 0 0 0 0 0 0 1 1 0 0 0 1 1 1 3 3 3 4 4 4 4 6 6 6 5 7 7 5 5 4 5 5 5 5 5 4 4 8 8 8 6
 1 1 0 0 0 0 0 0 0 0 0 1 1 0 0 0 1 1 1 3 3 3 4 4 4 4 6 6 6 5 7 7 5 5 4 5 5 5 5 5 4 4 8 8 8 6
 1 1 1 1 1 1 1 1 1 1 2 2 2 1 1 1 1 1 3 3 3 3 4 4 7 7 7 9 9 7 11 11 14 14 8 6 6 6 6 6 4 4 11 13 13 15
 1 1 1 1 1 1 1 1 1 1 2 2 2 1 1 1 1 1 3 3 3 3 4 4 7 7 7 9 9 7 11 11 14 14 8 6 6 6 6 6 4 4 11 13 13 15
 3 3 3 2 2 2 2 2 3 3 5 5 5 2 3 3 6 6 7 5 5 8 27 27 29 29 12 11 11 8 6 6 16 16 13 5 5 15 14 14 14 14 13 22 22 54
 7 7 8 8 8 5 4 4 5 5 4 3 3 4 5 5 6 6 6 6 6 17 41 41 30 30 23 20 20 18 8 8 8 8 8 4 4 13 18 18 19 19 38 57 57 68
 7 7 8 8 8 5 4 4 5 5 4 3 3 4 5 5 6 6 6 6 6 17 41 41 30 30 23 20 20 18 8 8 8 8 8 4 4 13 18 18 19 19 38 57 57 68
 11 11 12 10 10 32 39 39 44 44 31 21 21 17 11 11 13 13 9 13 13 13 44 44 23 23 24 22 22 20 4 4 4 4 4 3 3 20 20 20 30 30 43 60 60 70
 27 27 40 35 35 41 51 51 58 58 41 45 45 30 23 23 16 16 16 14 14 10 21 21 21 21 26 23 23 11 6 6 4 4 4 4 4 14 15 15 15 15 20 29 29 28
 27 27 40 35 35 41 51 51 58 58 41 45 45 30 23 23 16 16 16 14 14 10 21 21 21 21 26 23 23 11 6 6 4 4 4 4 4 14 15 15 15 15 20 29 29 28
 42 42 84 95 95 131 84 84 70 70 82 67 67 58 21 21 33 33 28 16 16 26 23 23 21 21 22 18 18 15 12 12 3 3 2 2 2 1 15 15 15 15 14 12 12 8
 42 42 84 95 95 131 84 84 70 70 82 67 67 58 21 21 33 33 28 16 16 26 23 23 21 21 22 18 18 15 12 12 3 3 2 2 2 1 15 15 15 15 14 12 12 8
 57 57 93 100 100 132 56 56 40 40 39 51 51 58 49 49 35 35 33 32 32 41 34 34 30 30 19 27 27 21 17 17 7 7 4 2 2 0 9 9 10 10 15 13 13 8
 27 27 39 43 43 43 24 24 20 20 18 47 47 85 37 37 32 32 35 46 46 43 41 41 34 34 38 36 36 32 19 19 12 12 6 3 3 0 2 2 3 3 2 2 2 2
 27 27 39 43 43 43 24 24 20 20 18 47 47 85 37 37 32 32 35 46 46 43 41 41 34 34 38 36 36 32 19 19 12 12 6 3 3 0 2 2 3 3 2 2 2 2
 13 13 30 27 27 19 18 18 26 26 23 34 34 110 87 87 45 45 51 50 50 45 38 38 30 30 37 37 37 37 23 23 13 13 8 4 4 1 3 3 3 3 2 2 2 2
 13 13 11 12 12 14 16 16 30 30 36 39 39 53 43 43 37 37 40 82 82 47 47 47 29 29 30 36 36 39 24 24 8 8 6 4 4 0 2 2 7 7 9 5 5 3
 13 13 11 12 12 14 16 16 30 30 36 39 39 53 43 43 37 37 40 82 82 47 47 47 29 29 30 36 36 39 24 24 8 8 6 4 4 0 2 2 7 7 9 5 5 3
 13 13 12 12 12 16 17 17 32 32 37 49 49 46 29 29 38 38 32 82 82 96 44 44 41 41 34 30 30 32 18 18 5 5 2 2 2 2 3 3 9 9 11 6 6 4
 13 13 12 12 12 16 17 17 32 32 37 49 49 46 29 29 38 38 32 82 82 96 44 44 41 41 34 30 30 32 18 18 5 5 2 2 2 2 3 3 9 9 11 6 6 4
 14 14 14 17 17 21 23 23 37 37 38 58 58 36 101 101 41 41 64 53 53 57 48 48 44 44 30 23 23 30 11 11 3 3 1 0 0 0 0 0 2 2 2 2 2 0
 26 26 20 22 22 27 25 25 35 35 39 40 40 43 38 38 41 41 31 64 64 60 48 48 61 61 27 35 35 28 20 20 1 1 1 0 0 3 2 2 5 5 6 8 8 2
 26 26 20 22 22 27 25 25 35 35 39 40 40 43 38 38 41 41 31 64 64 60 48 48 61 61 27 35 35 28 20 20 1 1 1 0 0 3 2 2 5 5 6 8 8 2
 35 35 35 35 35 38 30 30 46 46 56 50 50 63 44 44 95 95 107 105 105 113 71 71 67 67 76 40 40 59 39 39 3 3 1 2 2 3 3 3 6 6 18 14 14 14
 43 43 43 43 43 42 44 44 37 37 42 43 43 48 46 46 46 46 104 152 152 136 112 112 92 92 86 88 88 70 31 31 9 9 0 0 0 2 2 2 2 2 14 13 13 12
 43 43 43 43 43 42 44 44 37 37 42 43 43 48 46 46 46 46 104 152 152 136 112 112 92 92 86 88 88 70 31 31 9 9 0 0 0 2 2 2 2 2 14 13 13 12
 57 57 50 46 46 43 48 48 42 42 34 34 34 49 47 47 58 58 77 99 99 108 105 105 75 75 76 55 55 44 16 16 6 6 1 1 1 2 0 0 0 0 0 0 0 0
 57 57 50 46 46 43 48 48 42 42 34 34 34 49 47 47 58 58 77 99 99 108 105 105 75 75 76 55 55 44 16 16 6 6 1 1 1 2 0 0 0 0 0 0 0 0
 79 79 66 58 58 55 55 55 54 54 39 46 46 50 50 50 63 63 73 101 101 113 126 126 64 64 63 77 77 47 12 12 7 7 1 1 1 0 0 0 0 0 0 0 0 0
 83 83 76 65 65 60 57 57 51 51 44 40 40 46 61 61 72 72 72 90 90 112 107 107 46 46 51 32 32 40 21 21 9 9 2 1 1 1 2 2 1 1 0 0 0 0
 83 83 76 65 65 60 57 57 51 51 44 40 40 46 61 61 72 72 72 90 90 112 107 107 46 46 51 32 32 40 21 21 9 9 2 1 1 1 2 2 1 1 0 0 0 0
 84 84 83 78 78 74 67 67 55 55 54 39 39 40 57 57 75 75 112 146 146 142 159 159 41 41 42 35 35 25 25 25 10 10 4 4 4 5 4 4 2 2 2 1 1 1
 99 99 92 86 86 81 68 68 56 56 53 50 50 50 68 68 76 76 89 106 106 135 146 146 72 72 62 42 42 24 22 22 11 11 14 14 14 13 12 12 6 6 3 2 2 1
 99 99 92 86 86 81 68 68 56 56 53 50 50 50 68 68 76 76 89 106 106 135 146 146 72 72 62 42 42 24 22 22 11 11 14 14 14 13 12 12 6 6 3 2 2 1
 109 109 90 79 79 68 55 55 57 57 54 52 52 113 144 144 153 153 173 140 140 144 136 136 75 75 68 40 40 17 13 13 9 9 19 31 31 27 17 17 14 14 8 3 3 1
 109 109 90 79 79 68 55 55 57 57 54 52 52 113 144 144 153 153 173 140 140 144 136 136 75 75 68 40 40 17 13 13 9 9 19 31 31 27 17 17 14 14 8 3 3 1
 115 115 97 94 94 90 62 62 70 70 56 117 117 142 165 165 181 181 171 130 130 126 120 120 81 81 57 39 39 16 16 16 25 25 19 20 20 22 18 18 18 18 14 7 7 2
 134 134 125 108 108 93 67 67 82 82 78 87 87 134 164 164 182 182 179 126 126 95 72 72 54 54 36 26 26 20 14 14 16 16 23 20 20 19 18 18 19 19 21 10 10 3
 134 134 125 108 108 93 67 67 82 82 78 87 87 134 164 164 182 182 179 126 126 95 72 72 54 54 36 26 26 20 14 14 16 16 23 20 20 19 18 18 19 19 21 10 10 3
 140 140 129 112 112 98 89 89 94 94 82 92 92 149 124 124 118 118 118 108 108 70 51 51 41 41 25 16 16 12 11 11 17 17 19 16 16 20 24 24 23 23 31 14 14 2
 90 90 83 72 72 66 67 67 76 76 55 60 60 70 85 85 98 98 108 106 106 72 48 48 36 36 23 17 17 14 14 14 17 17 16 17 17 22 25 25 21 21 27 4 4 1
 90 90 83 72 72 66 67 67 76 76 55 60 60 70 85 85 98 98 108 106 106 72 48 48 36 36 23 17 17 14 14 14 17 17 16 17 17 22 25 25 21 21 27 4 4 1
 77 77 68 62 62 63 68 68 60 60 58 54 54 58 65 65 80 80 102 94 94 59 49 49 39 39 26 18 18 19 19 19 26 26 17 16 16 22 34 34 24 24 9 4 4 4
 77 77 68 62 62 63 68 68 60 60 58 54 54 58 65 65 80 80 102 94 94 59 49 49 39 39 26 18 18 19 19 19 26 26 17 16 16 22 34 34 24 24 9 4 4 4
 71 71 61 56 56 56 59 59 76 76 56 53 53 55 53 53 73 73 63 67 67 33 33 33 35 35 29 17 17 21 19 19 21 21 30 12 12 13 13 13 18 18 9 12 12 12
 47 47 43 45 45 46 51 51 73 73 73 69 69 53 55 55 72 72 73 47 47 42 35 35 23 23 17 12 12 18 16 16 13 13 6 7 7 5 11 11 10 10 11 13 13 11
 47 47 43 45 45 46 51 51 73 73 73 69 69 53 55 55 72 72 73 47 47 42 35 35 23 23 17 12 12 18 16 16 13 13 6 7 7 5 11 11 10 10 11 13 13 11
 52 52 48 49 49 46 44 44 97 97 70 68 68 67 75 75 76 76 74 48 48 53 48 48 31 31 27 18 18 30 29 29 19 19 17 18 18 10 12 12 14 14 10 8 8 4
 45 45 47 48 48 50 47 47 98 98 103 109 109 70 73 73 74 74 81 58 58 65 68 68 44 44 36 18 18 17 27 27 31 31 21 29 29 10 13 13 12 12 8 5 5 6
 45 45 47 48 48 50 47 47 98 98 103 109 109 70 73 73 74 74 81 58 58 65 68 68 44 44 36 18 18 17 27 27 31 31 21 29 29 10 13 13 12 12 8 5 5 6
 43 43 46 48 48 45 50 50 47 47 46 105 105 104 87 87 88 88 88 55 55 64 65 65 57 57 40 27 27 19 25 25 26 26 20 21 21 7 8 8 6 6 3 4 4 5
 43 43 46 48 48 45 50 50 47 47 46 105 105 104 87 87 88 88 88 55 55 64 65 65 57 57 40 27 27 19 25 25 26 26 20 21 21 7 8 8 6 6 3 4 4 5
 43 43 44 40 40 38 33 33 42 42 43 44 44 50 70 70 71 71 90 47 47 61 65 65 57 57 50 18 18 27 21 21 12 12 11 20 20 11 5 5 7 7 5 8 8 10
 28 28 28 26 26 26 28 28 26 26 26 38 38 38 40 40 43 43 35 39 39 41 42 42 40 40 35 8 8 25 29 29 10 10 6 18 18 27 7 7 5 5 15 32 32 16
 28 28 28 26 26 26 28 28 26 26 26 38 38 38 40 40 43 43 35 39 39 41 42 42 40 40 35 8 8 25 29 29 10 10 6 18 18 27 7 7 5 5 15 32 32 16
 23 23 25 24 24 22 18 18 13 13 17 17 17 31 37 37 34 34 41 41 41 55 44 44 49 49 34 14 14 7 4 4 7 7 4 9 9 17 7 7 9 9 28 28 28 29
 20 20 21 20 20 16 12 12 10 10 11 16 16 25 29 29 33 33 46 45 45 52 40 40 42 42 18 14 14 12 6 6 7 7 7 7 7 4 4 4 22 22 16 31 31 36
