assets/RAT_results/precipitation/2019-06-07_IMERG.asc
ncols        46
nrows        77
xllcorner    74.800261325624
yllcorner    8.058333333333
cellsize     0.062500000000
NODATA_value -9999
 1 1 1 1 1 1 1 1 1 1 3 5 5 5 2 2 1 1 1 1 1 1 1 1 1 1 0 0 0 0 1 1 1 1 1 1 1 1 1 1 1 1 1 2 2 3
 1 1 1 1 1 1 1 1 1 1 3 4 4 6 3 3 3 3 5 9 9 17 5 5 8 8 3 1 1 1 1 1 1 1 1 1 1 1 1 1 1 1 2 1 1 1
 1 1 1 1 1 1 1 1 1 1 3 4 4 6 3 3 3 3 5 9 9 17 5 5 8 8 3 1 1 1 1 1 1 1 1 1 1 1 1 1 1 1 2 1 1 1
 1 1 1 2 2 2 2 2 2 2 3 5 5 8 5 5 5 5 9 7 7 17 16 16 10 10 6 2 2 1 1 1 1 1 1 1 1 1 1 1 2 2 2 1 1 2
 1 1 2 3 3 3 3 3 3 3 5 3 3 6 5 5 5 5 8 11 11 13 14 14 8 8 6 6 6 3 2 2 2 2 3 2 2 2 2 2 2 2 2 2 2 2
 1 1 2 3 3 3 3 3 3 3 5 3 3 6 5 5 5 5 8 11 11 13 14 14 8 8 6 6 6 3 2 2 2 2 3 2 2 2 2 2 2 2 2 2 2 2
 1 1 1 4 4 4 4 4 4 4 5 5 5 6 4 4 5 5 7 13 13 16 26 26 9 9 9 9 9 7 5 5 5 5 4 2 2 2 2 2 2 2 2 3 3 5
 1 1 1 4 4 4 4 4 4 4 5 5 5 6 4 4 5 5 7 13 13 16 26 26 9 9 9 9 9 7 5 5 5 5 4 2 2 2 2 2 2 2 2 3 3 5
 1 1 1 11 11 17 16 16 16 16 4 4 4 5 4 4 4 4 5 5 5 8 8 8 3 3 2 2 2 3 4 4 5 5 2 2 2 2 2 2 2 2 3 3 3 6
 1 1 6 10 10 15 15 15 37 37 8 9 9 5 4 4 3 3 4 3 3 3 3 3 2 2 2 2 2 2 5 5 4 4 3 4 4 2 3 3 6 6 9 8 8 8
 1 1 6 10 10 15 15 15 37 37 8 9 9 5 4 4 3 3 4 3 3 3 3 3 2 2 2 2 2 2 5 5 4 4 3 4 4 2 3 3 6 6 9 8 8 8
 1 1 9 9 9 15 14 14 36 36 7 8 8 3 3 3 3 3 4 3 3 3 4 4 4 4 2 6 6 7 20 20 9 9 8 4 4 5 10 10 11 11 13 8 8 8
 39 39 9 9 9 14 5 5 1 1 1 1 1 2 3 3 2 2 3 3 3 3 4 4 5 5 4 7 7 11 19 19 15 15 11 11 11 6 6 6 8 8 14 12 12 20
 39 39 9 9 9 14 5 5 1 1 1 1 1 2 3 3 2 2 3 3 3 3 4 4 5 5 4 7 7 11 19 19 15 15 11 11 11 6 6 6 8 8 14 12 12 20
 19 19 18 1 1 4 5 5 1 1 3 1 1 2 2 2 2 2 3 2 2 3 3 3 3 3 3 8 8 13 21 21 15 15 13 10 10 15 5 5 8 8 8 12 12 29
 19 19 18 1 1 4 5 5 1 1 3 1 1 2 2 2 2 2 3 2 2 3 3 3 3 3 3 8 8 13 21 21 15 15 13 10 10 15 5 5 8 8 8 12 12 29
 21 21 20 2 2 2 5 5 6 6 5 1 1 2 1 1 1 1 1 4 4 3 1 1 2 2 2 3 3 6 10 10 11 11 12 19 19 11 11 11 11 11 17 27 27 28
 4 4 5 3 3 2 4 4 62 62 37 1 1 4 5 5 4 4 4 0 0 0 1 1 0 0 1 2 2 2 5 5 7 7 6 11 11 8 12 12 11 11 16 31 31 30
 4 4 5 3 3 2 4 4 62 62 37 1 1 4 5 5 4 4 4 0 0 0 1 1 0 0 1 2 2 2 5 5 7 7 6 11 11 8 12 12 11 11 16 31 31 30
 5 5 2 3 3 3 61 61 61 61 40 26 26 4 6 6 3 3 4 4 4 0 0 0 0 0 1 1 1 2 2 2 4 4 5 5 5 6 8 8 16 16 15 30 30 31
 2 2 1 2 2 2 23 23 22 22 34 24 24 2 2 2 5 5 8 4 4 1 1 1 1 1 2 2 2 2 3 3 6 6 10 9 9 9 8 8 13 13 14 15 15 19
 2 2 1 2 2 2 23 23 22 22 34 24 24 2 2 2 5 5 8 4 4 1 1 1 1 1 2 2 2 2 3 3 6 6 10 9 9 9 8 8 13 13 14 15 15 19
 0 0 1 2 2 2 24 24 22 22 34 3 3 2 2 2 6 6 21 20 20 1 1 1 3 3 2 4 4 3 3 3 3 3 10 13 13 4 6 6 13 13 15 16 16 8
 0 0 1 2 2 2 24 24 22 22 34 3 3 2 2 2 6 6 21 20 20 1 1 1 3 3 2 4 4 3 3 3 3 3 10 13 13 4 6 6 13 13 15 16 16 8
 0 0 1 1 1 1 1 1 3 3 4 3 3 2 3 3 4 4 20 6 6 3 2 2 2 2 3 1 1 2 2 2 2 2 2 3 3 3 4 4 13 13 13 19 19 6
 0 0 0 1 1 1 2 2 1 1 1 1 1 1 1 1 1 1 0 1 1 2 3 3 3 3 1 1 1 1 2 2 2 2 2 2 2 2 2 2 2 2 2 3 3 3
 0 0 0 1 1 1 2 2 1 1 1 1 1 1 1 1 1 1 0 1 1 2 3 3 3 3 1 1 1 1 2 2 2 2 2 2 2 2 2 2 2 2 2 3 3 3
 1 1 1 2 2 2 2 2 2 2 2 1 1 1 0 0 0 0 0 0 0 2 1 1 7 7 6 0 0 1 0 0 1 1 1 1 1 1 0 0 1 1 1 3 3 3
 1 1 2 2 2 3 5 5 4 4 5 3 3 5 1 1 0 0 0 0 0 0 0 0 1 1 3 0 0 0 0 0 0 0 0 0 0 0 0 0 0 0 0 0 0 0
 1 1 2 2 2 3 5 5 4 4 5 3 3 5 1 1 0 0 0 0 0 0 0 0 1 1 3 0 0 0 0 0 0 0 0 0 0 0 0 0 0 0 0 0 0 0
 1 1 1 1 1 2 3 3 3 3 2 2 2 1 1 1 0 0 0 0 0 0 0 0 0 0 0 0 0 0 0 0 0 0 0 0 0 0 0 0 0 0 0 0 0 0
 1 1 1 1 1 2 3 3 3 3 2 2 2 1 1 1 0 0 0 0 0 0 0 0 0 0 0 0 0 0 0 0 0 0 0 0 0 0 0 0 0 0 0 0 0 0
 0 0 0 0 0 1 1 1 1 1 1 0 0 0 1 1 0 0 0 0 0 0 0 0 0 0 0 0 0 0 0 0 0 0 0 0 0 0 0 0 0 0 0 0 0 1
 0 0 0 0 0 0 0 0 0 0 0 0 0 0 0 0 0 0 0 0 0 0 0 0 0 0 0 0 0 0 0 0 0 0 0 0 0 0 0 0 0 0 0 1 1 2
 0 0 0 0 0 0 0 0 0 0 0 0 0 0 0 0 0 0 0 0 0 0 0 0 0 0 0 0 0 0 0 0 0 0 0 0 0 0 0 0 0 0 0 1 1 2
 1 1 0 0 0 0 0 0 0 0 0 0 0 0 0 0 0 0 0 0 0 0 0 0 0 0 0 0 0 0 0 0 0 0 0 0 0 0 0 0 0 0 0 1 1 2
 1 1 0 0 0 0 0 0 0 0 0 0 0 0 1 1 0 0 0 0 0 0 0 0 0 0 0 0 0 0 0 0 0 0 0 0 0 0 1 1 1 1 1 0 0 2
 1 1 0 0 0 0 0 0 0 0 0 0 0 0 1 1 0 0 0 0 0 0 0 0 0 0 0 0 0 0 0 0 0 0 0 0 0 0 1 1 1 1 1 0 0 2
 1 1 0 0 0 0 0 0 1 1 1 2 2 2 3 3 0 0 0 0 0 12 1 1 0 0 1 1 1 2 1 1 1 1 1 1 1 1 1 1 3 3 2 2 2 3
 1 1 0 0 0 0 0 0 1 1 1 2 2 2 3 3 0 0 0 0 0 12 1 1 0 0 1 1 1 2 1 1 1 1 1 1 1 1 1 1 3 3 2 2 2 3
 2 2 0 0 0 0 1 1 1 1 1 1 1 4 1 1 0 0 2 12 12 12 1 1 1 1 3 11 11 7 9 9 5 5 2 2 2 3 2 2 4 4 3 5 5 3
 5 5 1 1 1 1 1 1 1 1 1 1 1 2 2 2 0 0 2 7 7 10 4 4 4 4 3 11 11 11 14 14 2 2 2 2 2 5 5 5 5 5 2 1 1 1
 5 5 1 1 1 1 1 1 1 1 1 1 1 2 2 2 0 0 2 7 7 10 4 4 4 4 3 11 11 11 14 14 2 2 2 2 2 5 5 5 5 5 2 1 1 1
 2 2 1 0 0 0 0 0 0 0 0 0 0 1 1 1 0 0 2 7 7 10 5 5 2 2 3 9 9 10 3 3 1 1 1 2 2 3 3 3 4 4 2 1 1 1
 1 1 0 0 0 0 0 0 0 0 0 0 0 1 1 1 0 0 1 5 5 5 3 3 2 2 3 2 2 2 2 2 2 2 2 2 2 2 2 2 2 2 2 2 2 1
 1 1 0 0 0 0 0 0 0 0 0 0 0 1 1 1 0 0 1 5 5 5 3 3 2 2 3 2 2 2 2 2 2 2 2 2 2 2 2 2 2 2 2 2 2 1
 1 1 1 0 0 0 0 0 0 0 0 1 1 1 0 0 1 1 0 1 1 6 3 3 3 3 2 3 3 3 2 2 1 1 1 1 1 1 1 1 1 1 1 1 1 1
 1 1 1 0 0 0 0 0 0 0 0 1 1 1 0 0 1 1 0 1 1 6 3 3 3 3 2 3 3 3 2 2 1 1 1 1 1 1 1 1 1 1 1 1 1 1
 1 1 1 0 0 0 0 0 0 0 0 1 1 1 1 1 1 1 0 0 0 1 1 1 3 3 5 3 3 5 6 6 4 4 5 0 0 1 0 0 0 0 0 1 1 1
 1 1 1 1 1 1 0 0 0 0 0 0 0 0 0 0 0 0 0 0 0 0 1 1 4 4 5 3 3 5 14 14 16 16 12 2 2 0 0 0 0 0 0 0 0 1
 1 1 1 1 1 1 0 0 0 0 0 0 0 0 0 0 0 0 0 0 0 0 1 1 4 4 5 3 3 5 14 14 16 16 12 2 2 0 0 0 0 0 0 0 0 1
 5 5 5 1 1 1 0 0 0 0 0 0 0 0 0 0 0 0 0 0 0 0 0 0 0 0 1 3 3 11 14 14 14 14 8 1 1 1 0 0 0 0 0 0 0 0
 5 5 5 2 2 2 1 1 0 0 0 0 0 0 0 0 0 0 0 1 1 0 0 0 0 0 1 0 0 0 2 2 2 2 7 2 2 0 0 0 0 0 0 0 0 0
 5 5 5 2 2 2 1 1 0 0 0 0 0 0 0 0 0 0 0 1 1 0 0 0 0 0 1 0 0 0 2 2 2 2 7 2 2 0 0 0 0 0 0 0 0 0
 9 9 9 5 5 4 2 2 0 0 0 0 0 0 0 0 0 0 0 0 0 0 0 0 1 1 1 0 0 0 2 2 1 1 3 2 2 0 0 0 0 0 1 0 0 0
 9 9 9 5 5 4 2 2 0 0 0 0 0 0 0 0 0 0 0 0 0 0 0 0 1 1 1 0 0 0 2 2 1 1 3 2 2 0 0 0 0 0 1 0 0 0
 6 6 5 5 5 4 3 3 0 0 0 0 0 0 0 0 0 0 0 0 0 0 0 0 1 1 1 1 1 1 1 1 1 1 1 1 1 1 0 0 0 0 0 0 0 0
 10 10 7 3 3 2 2 2 0 0 0 0 0 0 0 0 0 0 0 0 0 0 0 0 0 0 1 1 1 0 0 0 0 0 1 3 3 3 1 1 0 0 0 0 0 0
 10 10 7 3 3 2 2 2 0 0 0 0 0 0 0 0 0 0 0 0 0 0 0 0 0 0 1 1 1 0 0 0 0 0 1 3 3 3 1 1 0 0 0 0 0 0
 10 10 6 3 3 3 0 0 0 0 0 0 0 0 0 0 0 0 0 0 0 0 0 0 0 0 1 6 6 0 0 0 0 0 1 0 0 1 1 1 0 0 0 0 0 0
 11 11 7 2 2 2 1 1 0 0 0 0 0 0 0 0 1 1 0 0 0 0 0 0 0 0 0 1 1 1 0 0 0 0 0 0 0 0 0 0 0 0 0 0 0 0
 11 11 7 2 2 2 1 1 0 0 0 0 0 0 0 0 1 1 0 0 0 0 0 0 0 0 0 1 1 1 0 0 0 0 0 0 0 0 0 0 0 0 0 0 0 0
 7 7 4 2 2 2 1 1 0 0 0 0 0 0 0 0 1 1 1 1 1 0 0 0 0 0 0 1 1 1 0 0 1 1 1 0 0 0 1 1 0 0 0 0 0 0
 7 7 4 2 2 2 1 1 0 0 0 0 0 0 0 0 1 1 1 1 1 0 0 0 0 0 0 1 1 1 0 0 1 1 1 0 0 0 1 1 0 0 0 0 0 0
 6 6 5 3 3 3 1 1 1 1 1 0 0 0 0 0 0 0 0 1 1 0 0 0 0 0 0 0 0 1 1 1 0 0 0 0 0 0 1 1 0 0 0 0 0 0
 9 9 19 5 5 3 2 2 2 2 1 1 1 1 1 1 1 1 0 0 0 1 0 0 0 0 0 0 0 0 1 1 2 2 1 0 0 0 1 1 0 0 0 0 0 0
 9 9 19 5 5 3 2 2 2 2 1 1 1 1 1 1 1 1 0 0 0 1 0 0 0 0 0 0 0 0 1 1 2 2 1 0 0 0 1 1 0 0 0 0 0 0
 11 11 20 17 17 7 5 5 3 3 2 2 2 1 1 1 1 1 0 1 1 2 2 2 1 1 1 0 0 0 1 1 1 1 1 1 1 0 0 0 0 0 0 0 0 0
 23 23 19 18 18 4 5 5 3 3 2 2 2 1 1 1 2 2 1 1 1 1 1 1 0 0 0 0 0 0 0 0 1 1 1 1 1 1 0 0 1 1 0 0 0 0
 23 23 19 18 18 4 5 5 3 3 2 2 2 1 1 1 2 2 1 1 1 1 1 1 0 0 0 0 0 0 0 0 1 1 1 1 1 1 0 0 1 1 0 0 0 0
 8 8 18 6 6 5 3 3 3 3 2 2 2 1 1 1 2 2 1 1 1 1 1 1 1 1 0 0 0 0 0 0 0 0 1 1 1 1 1 1 1 1 1 1 1 0
 8 8 18 6 6 5 3 3 3 3 2 2 2 1 1 1 2 2 1 1 1 1 1 1 1 1 0 0 0 0 0 0 0 0 1 1 1 1 1 1 1 1 1 1 1 0
 5 5 6 4 4 4 3 3 3 3 3 3 3 2 2 2 1 1 1 1 1 0 1 1 1 1 1 0 0 0 0 0 0 0 1 1 1 1 1 1 1 1 0 0 0 0
 4 4 6 5 5 5 4 4 3 3 3 3 3 2 2 2 1 1 1 0 0 0 1 1 1 1 1 0 0 0 0 0 0 0 0 0 0 1 1 1 1 1 0 0 0 0
 4 4 6 5 5 5 4 4 3 3 3 3 3 2 2 2 1 1 1 0 0 0 1 1 1 1 1 0 0 0 0 0 0 0 0 0 0 1 1 1 1 1 0 0 0 0
 6 6 6 5 5 5 5 5 5 5 5 3 3 3 3 3 1 1 1 0 0 1 0 0 1 1 1 1 1 0 0 0 0 0 0 0 0 0 0 0 1 1 0 0 0 0
 6 6 7 6 6 5 5 5 4 4 4 3 3 2 1 1 1 1 1 1 1 1 0 0 1 1 1 1 1 0 0 0 0 0 0 0 0 0 0 0 0 0 0 0 0 0
