assets/RAT_results/precipitation/2019-12-14_IMERG.asc
ncols        46
nrows        77
xllcorner    74.800261325624
yllcorner    8.058333333333
cellsize     0.062500000000
NODATA_value -9999
 3 3 2 1 1 1 0 0 0 0 0 0 0 0 0 0 1 1 1 0 0 0 0 0 0 0 0 0 0 0 0 0 0 0 0 0 0 0 0 0 0 0 0 0 0 1
 0 0 0 0 0 0 0 0 0 0 0 0 0 0 1 1 2 2 1 0 0 0 0 0 0 0 0 0 0 0 0 0 0 0 0 0 0 0 0 0 0 0 1 0 0 1
 0 0 0 0 0 0 0 0 0 0 0 0 0 0 1 1 2 2 1 0 0 0 0 0 0 0 0 0 0 0 0 0 0 0 0 0 0 0 0 0 0 0 1 0 0 1
 0 0 0 0 0 0 0 0 0 0 0 0 0 0 2 2 2 2 1 0 0 0 0 0 0 0 0 0 0 0 0 0 0 0 0 0 0 0 0 0 1 1 1 1 1 1
 0 0 0 0 0 0 0 0 0 0 0 0 0 1 2 2 2 2 1 0 0 0 0 0 0 0 0 0 0 0 0 0 0 0 0 0 0 0 1 1 2 2 1 0 0 0
 0 0 0 0 0 0 0 0 0 0 0 0 0 1 2 2 2 2 1 0 0 0 0 0 0 0 0 0 0 0 0 0 0 0 0 0 0 0 1 1 2 2 1 0 0 0
 0 0 0 0 0 0 0 0 0 0 0 0 0 1 2 2 2 2 1 0 0 0 0 0 0 0 0 0 0 0 0 0 0 0 0 0 0 1 1 1 2 2 1 0 0 0
 0 0 0 0 0 0 0 0 0 0 0 0 0 1 2 2 2 2 1 0 0 0 0 0 0 0 0 0 0 0 0 0 0 0 0 0 0 1 1 1 2 2 1 0 0 0
 0 0 0 0 0 0 0 0 0 0 0 0 0 2 3 3 2 2 1 0 0 0 0 0 0 0 0 0 0 0 0 0 0 0 0 0 0 0 0 0 0 0 3 1 1 0
 0 0 0 0 0 0 0 0 0 0 0 1 1 2 3 3 1 1 0 0 0 0 0 0 0 0 0 0 0 0 0 0 0 0 0 0 0 0 0 0 0 0 0 0 0 0
 0 0 0 0 0 0 0 0 0 0 0 1 1 2 3 3 1 1 0 0 0 0 0 0 0 0 0 0 0 0 0 0 0 0 0 0 0 0 0 0 0 0 0 0 0 0
 0 0 0 0 0 0 1 1 0 0 0 1 1 2 1 1 0 0 0 0 0 0 0 0 0 0 0 0 0 0 0 0 0 0 0 0 0 1 0 0 1 1 0 0 0 0
 0 0 0 0 0 0 1 1 0 0 1 1 1 1 1 1 0 0 0 0 0 0 0 0 0 0 0 0 0 0 0 0 0 0 0 0 0 1 1 1 0 0 0 1 1 0
 0 0 0 0 0 0 1 1 0 0 1 1 1 1 1 1 0 0 0 0 0 0 0 0 0 0 0 0 0 0 0 0 0 0 0 0 0 1 1 1 0 0 0 1 1 0
 0 0 0 1 1 1 1 1 2 2 2 2 2 2 2 2 1 1 0 0 0 0 0 0 0 0 0 0 0 0 0 0 0 0 0 0 0 0 0 0 1 1 0 0 0 0
 0 0 0 1 1 1 1 1 2 2 2 2 2 2 2 2 1 1 0 0 0 0 0 0 0 0 0 0 0 0 0 0 0 0 0 0 0 0 0 0 1 1 0 0 0 0
 1 1 2 4 4 5 6 6 8 8 13 14 14 8 4 4 3 3 0 0 0 0 0 0 0 0 0 0 0 0 0 0 0 0 0 0 0 0 0 0 0 0 0 0 0 0
 1 1 2 4 4 6 7 7 10 10 18 29 29 14 10 10 6 6 0 0 0 0 0 0 0 0 0 0 0 0 0 0 0 0 0 0 0 0 1 1 0 0 0 0 0 0
 1 1 2 4 4 6 7 7 10 10 18 29 29 14 10 10 6 6 0 0 0 0 0 0 0 0 0 0 0 0 0 0 0 0 0 0 0 0 1 1 0 0 0 0 0 0
 1 1 3 4 4 6 8 8 9 9 11 14 14 12 10 10 1 1 0 0 0 0 0 0 0 0 0 0 0 1 0 0 0 0 0 0 0 0 0 0 1 1 0 0 0 0
 1 1 2 2 2 3 3 3 4 4 4 4 4 5 3 3 1 1 0 0 0 0 0 0 0 0 0 0 0 1 0 0 0 0 0 0 0 0 0 0 0 0 0 0 0 0
 1 1 2 2 2 3 3 3 4 4 4 4 4 5 3 3 1 1 0 0 0 0 0 0 0 0 0 0 0 1 0 0 0 0 0 0 0 0 0 0 0 0 0 0 0 0
 1 1 1 2 2 2 2 2 1 1 2 3 3 7 9 9 4 4 1 0 0 0 0 0 0 0 0 1 1 1 1 1 0 0 0 0 0 0 0 0 0 0 0 0 0 0
 1 1 1 2 2 2 2 2 1 1 2 3 3 7 9 9 4 4 1 0 0 0 0 0 0 0 0 1 1 1 1 1 0 0 0 0 0 0 0 0 0 0 0 0 0 0
 1 1 1 2 2 2 2 2 2 2 2 3 3 5 3 3 1 1 0 0 0 0 1 1 1 1 0 1 1 1 0 0 0 0 0 0 0 0 0 0 0 0 1 1 1 0
 1 1 1 2 2 2 2 2 2 2 3 3 3 3 2 2 3 3 2 1 1 1 0 0 1 1 1 1 1 1 0 0 0 0 0 0 0 1 1 1 1 1 0 0 0 0
 1 1 1 2 2 2 2 2 2 2 3 3 3 3 2 2 3 3 2 1 1 1 0 0 1 1 1 1 1 1 0 0 0 0 0 0 0 1 1 1 1 1 0 0 0 0
 2 2 2 2 2 2 2 2 2 2 2 2 2 2 2 2 1 1 1 0 0 0 0 0 1 1 1 1 1 1 0 0 0 0 1 1 1 1 2 2 1 1 1 1 1 1
 2 2 2 2 2 2 2 2 3 3 4 2 2 1 1 1 0 0 0 0 0 0 1 1 1 1 1 1 1 1 1 1 1 1 1 1 1 1 1 1 0 0 0 1 1 1
 2 2 2 2 2 2 2 2 3 3 4 2 2 1 1 1 0 0 0 0 0 0 1 1 1 1 1 1 1 1 1 1 1 1 1 1 1 1 1 1 0 0 0 1 1 1
 1 1 2 2 2 2 2 2 4 4 5 3 3 1 0 0 0 0 1 1 1 1 1 1 1 1 1 1 1 1 2 2 2 2 3 3 3 3 3 3 2 2 1 2 2 2
 1 1 2 2 2 2 2 2 4 4 5 3 3 1 0 0 0 0 1 1 1 1 1 1 1 1 1 1 1 1 2 2 2 2 3 3 3 3 3 3 2 2 1 2 2 2
 2 2 2 2 2 1 1 1 2 2 2 1 1 1 0 0 0 0 1 1 1 1 1 1 2 2 4 4 4 4 4 4 4 4 4 3 3 2 2 2 1 1 2 3 3 5
 2 2 2 2 2 1 1 1 1 1 1 1 1 1 2 2 3 3 3 3 3 3 4 4 5 5 5 5 5 5 3 3 3 3 3 3 3 4 6 6 7 7 9 9 9 8
 2 2 2 2 2 1 1 1 1 1 1 1 1 1 2 2 3 3 3 3 3 3 4 4 5 5 5 5 5 5 3 3 3 3 3 3 3 4 6 6 7 7 9 9 9 8
 1 1 1 1 1 1 1 1 1 1 1 1 1 1 1 1 1 1 2 3 3 3 4 4 4 4 3 3 3 2 2 2 3 3 4 5 5 6 8 8 9 9 10 10 10 10
 1 1 2 2 2 1 1 1 1 1 1 1 1 1 2 2 1 1 2 3 3 4 4 4 4 4 4 4 4 5 5 5 5 5 7 9 9 10 12 12 12 12 12 11 11 9
 1 1 2 2 2 1 1 1 1 1 1 1 1 1 2 2 1 1 2 3 3 4 4 4 4 4 4 4 4 5 5 5 5 5 7 9 9 10 12 12 12 12 12 11 11 9
 2 2 2 1 1 1 1 1 1 1 1 2 2 2 3 3 2 2 2 3 3 5 5 5 5 5 5 6 6 7 8 8 8 8 8 9 9 10 10 10 9 9 8 7 7 5
 2 2 2 1 1 1 1 1 1 1 1 2 2 2 3 3 2 2 2 3 3 5 5 5 5 5 5 6 6 7 8 8 8 8 8 9 9 10 10 10 9 9 8 7 7 5
 1 1 1 1 1 1 1 1 1 1 2 2 2 3 3 3 3 3 4 6 6 7 8 8 9 9 10 12 12 12 12 12 11 11 12 12 12 11 10 10 9 9 9 8 8 6
 1 1 1 1 1 1 1 1 1 1 2 3 3 4 4 4 6 6 8 11 11 13 15 15 14 14 15 16 16 16 14 14 13 13 11 11 11 10 8 8 8 8 7 5 5 4
 1 1 1 1 1 1 1 1 1 1 2 3 3 4 4 4 6 6 8 11 11 13 15 15 14 14 15 16 16 16 14 14 13 13 11 11 11 10 8 8 8 8 7 5 5 4
 1 1 1 1 1 1 1 1 2 2 3 4 4 5 6 6 10 10 17 20 20 21 23 23 25 25 22 21 21 19 18 18 14 14 12 10 10 9 8 8 6 6 4 3 3 2
 2 2 2 1 1 1 2 2 2 2 4 5 5 7 9 9 14 14 21 30 30 30 27 27 26 26 24 19 19 15 11 11 7 7 4 3 3 3 3 3 2 2 1 1 1 1
 2 2 2 1 1 1 2 2 2 2 4 5 5 7 9 9 14 14 21 30 30 30 27 27 26 26 24 19 19 15 11 11 7 7 4 3 3 3 3 3 2 2 1 1 1 1
 2 2 2 2 2 2 3 3 3 3 4 5 5 7 9 9 13 13 18 20 20 21 17 17 17 17 16 13 13 10 6 6 4 4 3 2 2 2 2 2 2 2 2 2 2 2
 2 2 2 2 2 2 3 3 3 3 4 5 5 7 9 9 13 13 18 20 20 21 17 17 17 17 16 13 13 10 6 6 4 4 3 2 2 2 2 2 2 2 2 2 2 2
 3 3 3 3 3 4 4 4 5 5 7 9 9 13 15 15 15 15 18 21 21 20 18 18 17 17 18 12 12 7 5 5 3 3 1 1 1 0 1 1 1 1 2 3 3 3
 3 3 3 3 3 3 4 4 4 4 5 6 6 9 11 11 14 14 15 16 16 16 21 21 20 20 16 13 13 9 5 5 3 3 1 0 0 0 0 0 1 1 1 2 2 2
 3 3 3 3 3 3 4 4 4 4 5 6 6 9 11 11 14 14 15 16 16 16 21 21 20 20 16 13 13 9 5 5 3 3 1 0 0 0 0 0 1 1 1 2 2 2
 2 2 3 3 3 4 4 4 4 4 5 6 6 9 12 12 17 17 21 42 42 42 34 34 27 27 25 21 21 16 9 9 5 5 2 0 0 0 0 0 1 1 1 1 1 1
 5 5 5 5 5 5 7 7 10 10 13 17 17 23 31 31 37 37 36 39 39 43 49 49 50 50 47 37 37 30 19 19 9 9 4 1 1 0 1 1 1 1 1 1 1 1
 5 5 5 5 5 5 7 7 10 10 13 17 17 23 31 31 37 37 36 39 39 43 49 49 50 50 47 37 37 30 19 19 9 9 4 1 1 0 1 1 1 1 1 1 1 1
 9 9 7 7 7 7 9 9 13 13 20 29 29 41 56 56 74 74 83 98 98 93 81 81 56 56 45 28 28 19 12 12 5 5 2 1 1 0 1 1 1 1 1 1 1 2
 9 9 7 7 7 7 9 9 13 13 20 29 29 41 56 56 74 74 83 98 98 93 81 81 56 56 45 28 28 19 12 12 5 5 2 1 1 0 1 1 1 1 1 1 1 2
 18 18 13 10 10 9 11 11 15 15 21 31 31 45 58 58 81 81 101 99 99 94 72 72 50 50 36 26 26 17 10 10 5 5 2 1 1 1 2 2 2 2 2 3 3 3
 21 21 15 12 12 11 12 12 15 15 23 35 35 51 67 67 91 91 117 110 110 107 94 94 71 71 41 33 33 23 13 13 6 6 3 4 4 3 3 3 5 5 7 9 9 9
 21 21 15 12 12 11 12 12 15 15 23 35 35 51 67 67 91 91 117 110 110 107 94 94 71 71 41 33 33 23 13 13 6 6 3 4 4 3 3 3 5 5 7 9 9 9
 18 18 15 12 12 11 13 13 17 17 23 34 34 49 66 66 82 82 108 106 106 82 58 58 47 47 30 21 21 13 8 8 5 5 3 3 3 3 3 3 6 6 9 9 9 9
 28 28 25 21 21 21 23 23 24 24 27 37 37 52 69 69 75 75 83 80 80 60 34 34 26 26 15 14 14 9 7 7 5 5 4 3 3 3 5 5 6 6 7 6 6 6
 28 28 25 21 21 21 23 23 24 24 27 37 37 52 69 69 75 75 83 80 80 60 34 34 26 26 15 14 14 9 7 7 5 5 4 3 3 3 5 5 6 6 7 6 6 6
 39 39 38 39 39 31 35 35 32 32 31 35 35 43 53 53 48 48 44 44 44 31 15 15 15 15 13 13 13 11 9 9 7 7 6 6 6 6 7 7 8 8 7 5 5 5
 39 39 38 39 39 31 35 35 32 32 31 35 35 43 53 53 48 48 44 44 44 31 15 15 15 15 13 13 13 11 9 9 7 7 6 6 6 6 7 7 8 8 7 5 5 5
 51 51 50 51 51 43 36 36 30 30 33 35 35 40 48 48 45 45 43 41 41 27 10 10 9 9 11 10 10 10 10 10 8 8 7 6 6 6 5 5 5 5 6 4 4 3
 74 74 79 68 68 54 46 46 34 34 30 24 24 18 14 14 12 12 11 12 12 11 17 17 14 14 12 10 10 9 8 8 6 6 4 2 2 2 3 3 2 2 2 2 2 3
 74 74 79 68 68 54 46 46 34 34 30 24 24 18 14 14 12 12 11 12 12 11 17 17 14 14 12 10 10 9 8 8 6 6 4 2 2 2 3 3 2 2 2 2 2 3
 68 68 76 63 63 43 32 32 22 22 20 16 16 14 13 13 14 14 16 22 22 25 20 20 15 15 13 9 9 9 8 8 6 6 4 2 2 1 0 0 1 1 2 1 1 3
 65 65 68 52 52 31 22 22 17 17 13 9 9 9 9 9 10 10 13 19 19 25 18 18 13 13 12 7 7 7 7 7 6 6 4 2 2 1 0 0 0 0 2 2 2 2
 65 65 68 52 52 31 22 22 17 17 13 9 9 9 9 9 10 10 13 19 19 25 18 18 13 13 12 7 7 7 7 7 6 6 4 2 2 1 0 0 0 0 2 2 2 2
 40 40 32 23 23 18 13 13 6 6 4 4 4 4 6 6 10 10 14 20 20 27 22 22 15 15 12 9 9 4 6 6 6 6 7 6 6 5 4 4 3 3 3 2 2 2
 40 40 32 23 23 18 13 13 6 6 4 4 4 4 6 6 10 10 14 20 20 27 22 22 15 15 12 9 9 4 6 6 6 6 7 6 6 5 4 4 3 3 3 2 2 2
 27 27 18 8 8 6 4 4 2 2 2 2 2 2 4 4 6 6 7 10 10 12 2 2 2 2 2 3 3 4 5 5 7 7 7 8 8 7 6 6 4 4 4 3 3 4
 23 23 16 6 6 5 3 3 2 2 1 1 1 1 3 3 2 2 2 2 2 2 2 2 2 2 2 2 2 3 3 3 4 4 5 6 6 8 8 8 8 8 7 6 6 6
 23 23 16 6 6 5 3 3 2 2 1 1 1 1 3 3 2 2 2 2 2 2 2 2 2 2 2 2 2 3 3 3 4 4 5 6 6 8 8 8 8 8 7 6 6 6
 24 24 19 11 11 8 6 6 3 3 2 1 1 2 3 3 3 3 3 4 4 5 4 4 3 3 2 2 2 5 8 8 9 9 11 11 11 9 6 6 6 6 6 7 7 8
 19 19 20 13 13 8 6 6 4 4 3 3 3 4 6 6 8 8 8 9 9 9 7 7 7 7 6 4 4 6 9 9 9 9 11 12 12 11 9 9 9 9 8 8 8 7
