assets/RAT_results/precipitation/2019-09-14_IMERG.asc
ncols        46
nrows        77
xllcorner    74.800261325624
yllcorner    8.058333333333
cellsize     0.062500000000
NODATA_value -9999
 11 11 14 18 18 26 32 32 23 23 17 18 18 8 3 3 3 3 1 2 2 1 0 0 0 0 1 2 2 1 1 1 1 1 1 1 1 1 1 1 2 2 2 2 2 3
 9 9 23 31 31 24 30 30 21 21 21 18 18 5 4 4 4 4 4 4 4 2 2 2 2 2 2 2 2 2 2 2 1 1 1 1 1 1 1 1 2 2 4 3 3 5
 9 9 23 31 31 24 30 30 21 21 21 18 18 5 4 4 4 4 4 4 4 2 2 2 2 2 2 2 2 2 2 2 1 1 1 1 1 1 1 1 2 2 4 3 3 5
 7 7 7 12 12 13 18 18 17 17 22 19 19 6 8 8 5 5 4 3 3 3 3 3 2 2 2 2 2 3 4 4 4 4 4 3 3 3 3 3 3 3 4 4 4 5
 3 3 7 11 11 10 21 21 17 17 20 24 24 8 6 6 6 6 4 3 3 4 4 4 3 3 2 3 3 2 3 3 4 4 7 8 8 8 10 10 7 7 6 5 5 5
 3 3 7 11 11 10 21 21 17 17 20 24 24 8 6 6 6 6 4 3 3 4 4 4 3 3 2 3 3 2 3 3 4 4 7 8 8 8 10 10 7 7 6 5 5 5
 3 3 3 7 7 8 9 9 8 8 10 21 21 17 19 19 6 6 7 5 5 4 4 4 3 3 3 3 3 2 2 2 2 2 3 4 4 6 7 7 6 6 6 5 5 4
 3 3 3 7 7 8 9 9 8 8 10 21 21 17 19 19 6 6 7 5 5 4 4 4 3 3 3 3 3 2 2 2 2 2 3 4 4 6 7 7 6 6 6 5 5 4
 2 2 3 9 9 7 7 7 8 8 11 24 24 18 11 11 7 7 10 10 10 7 6 6 6 6 6 6 6 4 4 4 4 4 5 4 4 2 4 4 5 5 6 4 4 5
 1 1 3 8 8 7 5 5 4 4 8 16 16 19 16 16 12 12 11 10 10 11 10 10 10 10 10 9 9 7 7 7 6 6 8 7 7 7 7 7 4 4 5 6 6 6
 1 1 3 8 8 7 5 5 4 4 8 16 16 19 16 16 12 12 11 10 10 11 10 10 10 10 10 9 9 7 7 7 6 6 8 7 7 7 7 7 4 4 5 6 6 6
 2 2 3 3 3 5 6 6 4 4 6 7 7 7 8 8 9 9 9 7 7 7 8 8 8 8 9 8 8 7 7 7 7 7 5 7 7 7 5 5 4 4 6 6 6 8
 1 1 2 5 5 6 6 6 2 2 2 1 1 1 1 1 5 5 7 5 5 4 4 4 6 6 7 7 7 8 6 6 5 5 4 2 2 3 3 3 4 4 6 4 4 7
 1 1 2 5 5 6 6 6 2 2 2 1 1 1 1 1 5 5 7 5 5 4 4 4 6 6 7 7 7 8 6 6 5 5 4 2 2 3 3 3 4 4 6 4 4 7
 0 0 0 3 3 3 6 6 4 4 2 1 1 1 1 1 4 4 5 5 5 5 2 2 4 4 8 9 9 10 7 7 5 5 3 2 2 2 3 3 4 4 4 5 5 7
 0 0 0 3 3 3 6 6 4 4 2 1 1 1 1 1 4 4 5 5 5 5 2 2 4 4 8 9 9 10 7 7 5 5 3 2 2 2 3 3 4 4 4 5 5 7
 0 0 0 1 1 2 7 7 4 4 3 2 2 1 1 1 2 2 9 10 10 3 2 2 4 4 5 4 4 5 4 4 2 2 2 2 2 2 3 3 3 3 3 5 5 8
 0 0 0 2 2 0 3 3 3 3 3 3 3 1 2 2 1 1 7 7 7 4 3 3 3 3 3 3 3 4 3 3 3 3 3 3 3 4 4 4 3 3 3 2 2 6
 0 0 0 2 2 0 3 3 3 3 3 3 3 1 2 2 1 1 7 7 7 4 3 3 3 3 3 3 3 4 3 3 3 3 3 3 3 4 4 4 3 3 3 2 2 6
 0 0 2 3 3 1 1 1 1 1 2 2 2 4 4 4 2 2 3 6 6 3 3 3 3 3 4 4 4 4 4 4 4 4 3 5 5 7 5 5 3 3 2 4 4 6
 0 0 4 1 1 1 1 1 2 2 2 4 4 4 5 5 4 4 3 5 5 6 4 4 6 6 6 6 6 6 5 5 4 4 4 5 5 7 4 4 3 3 2 4 4 6
 0 0 4 1 1 1 1 1 2 2 2 4 4 4 5 5 4 4 3 5 5 6 4 4 6 6 6 6 6 6 5 5 4 4 4 5 5 7 4 4 3 3 2 4 4 6
 2 2 2 0 0 1 1 1 1 1 2 2 2 3 3 3 3 3 2 2 2 3 4 4 5 5 6 7 7 8 6 6 5 5 3 5 5 6 4 4 3 3 6 4 4 2
 2 2 2 0 0 1 1 1 1 1 2 2 2 3 3 3 3 3 2 2 2 3 4 4 5 5 6 7 7 8 6 6 5 5 3 5 5 6 4 4 3 3 6 4 4 2
 0 0 0 1 1 1 1 1 2 2 3 3 3 4 5 5 4 4 3 3 3 4 4 4 5 5 5 5 5 7 4 4 4 4 3 4 4 3 4 4 3 3 6 4 4 4
 0 0 0 0 0 1 2 2 2 2 3 3 3 3 3 3 4 4 3 3 3 3 6 6 4 4 3 3 3 7 2 2 3 3 4 2 2 2 2 2 2 2 5 3 3 3
 0 0 0 0 0 1 2 2 2 2 3 3 3 3 3 3 4 4 3 3 3 3 6 6 4 4 3 3 3 7 2 2 3 3 4 2 2 2 2 2 2 2 5 3 3 3
 0 0 0 0 0 1 4 4 1 1 2 2 2 3 1 1 2 2 2 2 2 3 3 3 7 7 7 8 8 6 2 2 2 2 2 1 1 1 1 1 3 3 4 3 3 2
 0 0 0 0 0 0 0 0 2 2 3 2 2 2 2 2 3 3 3 2 2 2 3 3 2 2 4 8 8 6 6 6 2 2 1 1 1 1 1 1 1 1 3 2 2 3
 0 0 0 0 0 0 0 0 2 2 3 2 2 2 2 2 3 3 3 2 2 2 3 3 2 2 4 8 8 6 6 6 2 2 1 1 1 1 1 1 1 1 3 2 2 3
 1 1 0 0 0 0 0 0 0 0 3 3 3 2 2 2 3 3 3 1 1 1 1 1 1 1 1 3 3 3 5 5 3 3 1 1 1 1 1 1 1 1 1 3 3 3
 1 1 0 0 0 0 0 0 0 0 3 3 3 2 2 2 3 3 3 1 1 1 1 1 1 1 1 3 3 3 5 5 3 3 1 1 1 1 1 1 1 1 1 3 3 3
 1 1 1 1 1 0 0 0 2 2 2 2 2 1 2 2 3 3 2 2 2 1 1 1 1 1 1 1 1 1 3 3 4 4 2 2 2 3 4 4 4 4 3 3 3 4
 0 0 1 1 1 0 0 0 0 0 0 3 3 3 2 2 1 1 2 2 2 1 2 2 2 2 2 1 1 1 1 1 2 2 3 5 5 5 6 6 5 5 6 4 4 5
 0 0 1 1 1 0 0 0 0 0 0 3 3 3 2 2 1 1 2 2 2 1 2 2 2 2 2 1 1 1 1 1 2 2 3 5 5 5 6 6 5 5 6 4 4 5
 0 0 0 0 0 0 0 0 0 0 2 1 1 2 1 1 1 1 3 3 3 1 1 1 1 1 2 2 2 1 1 1 2 2 2 4 4 5 6 6 5 5 6 6 6 6
 0 0 0 0 0 0 0 0 0 0 0 0 0 0 1 1 1 1 1 5 5 2 1 1 1 1 2 2 2 2 1 1 1 1 2 3 3 3 5 5 4 4 5 6 6 5
 0 0 0 0 0 0 0 0 0 0 0 0 0 0 1 1 1 1 1 5 5 2 1 1 1 1 2 2 2 2 1 1 1 1 2 3 3 3 5 5 4 4 5 6 6 5
 0 0 0 0 0 0 0 0 0 0 1 1 1 1 1 1 2 2 11 4 4 3 2 2 4 4 2 3 3 3 2 2 3 3 3 3 3 3 7 7 3 3 4 6 6 4
 0 0 0 0 0 0 0 0 0 0 1 1 1 1 1 1 2 2 11 4 4 3 2 2 4 4 2 3 3 3 2 2 3 3 3 3 3 3 7 7 3 3 4 6 6 4
 1 1 1 1 1 1 1 1 1 1 1 2 2 2 2 2 2 2 4 8 8 8 6 6 7 7 8 5 5 15 5 5 5 5 8 8 8 7 7 7 5 5 10 11 11 7
 3 3 2 1 1 1 2 2 2 2 2 2 2 3 3 3 4 4 4 7 7 14 7 7 8 8 11 11 11 17 6 6 8 8 12 16 16 11 12 12 11 11 11 12 12 7
 3 3 2 1 1 1 2 2 2 2 2 2 2 3 3 3 4 4 4 7 7 14 7 7 8 8 11 11 11 17 6 6 8 8 12 16 16 11 12 12 11 11 11 12 12 7
 1 1 1 1 1 1 2 2 2 2 2 2 2 2 3 3 3 3 5 5 5 15 16 16 11 11 12 11 11 4 3 3 5 5 8 14 14 14 14 14 15 15 16 16 16 9
 1 1 1 1 1 1 1 1 2 2 2 2 2 2 3 3 4 4 5 5 5 10 18 18 10 10 8 6 6 11 10 10 10 10 13 12 12 15 16 16 13 13 14 15 15 10
 1 1 1 1 1 1 1 1 2 2 2 2 2 2 3 3 4 4 5 5 5 10 18 18 10 10 8 6 6 11 10 10 10 10 13 12 12 15 16 16 13 13 14 15 15 10
 0 0 0 1 1 1 1 1 1 1 1 2 2 2 3 3 4 4 5 10 10 11 14 14 11 11 14 16 16 16 11 11 15 15 13 13 13 14 18 18 18 18 14 10 10 9
 0 0 0 1 1 1 1 1 1 1 1 2 2 2 3 3 4 4 5 10 10 11 14 14 11 11 14 16 16 16 11 11 15 15 13 13 13 14 18 18 18 18 14 10 10 9
 0 0 0 0 0 0 0 0 1 1 1 1 1 2 3 3 3 3 3 3 3 8 20 20 17 17 15 12 12 13 12 12 10 10 10 14 14 17 18 18 18 18 15 12 12 7
 0 0 0 0 0 0 0 0 0 0 1 1 1 2 2 2 2 2 2 3 3 5 11 11 8 8 18 13 13 12 11 11 10 10 11 8 8 8 10 10 14 14 16 15 15 7
 0 0 0 0 0 0 0 0 0 0 1 1 1 2 2 2 2 2 2 3 3 5 11 11 8 8 18 13 13 12 11 11 10 10 11 8 8 8 10 10 14 14 16 15 15 7
 0 0 0 0 0 0 0 0 0 0 1 1 1 1 2 2 2 2 3 3 3 4 4 4 6 6 12 8 8 6 20 20 9 9 6 9 9 8 8 8 9 9 17 16 16 10
 0 0 0 0 0 0 0 0 0 0 1 1 1 1 2 2 2 2 2 2 2 2 4 4 6 6 8 11 11 22 14 14 8 8 12 7 7 8 6 6 8 8 9 10 10 6
 0 0 0 0 0 0 0 0 0 0 1 1 1 1 2 2 2 2 2 2 2 2 4 4 6 6 8 11 11 22 14 14 8 8 12 7 7 8 6 6 8 8 9 10 10 6
 0 0 0 0 0 0 0 0 0 0 0 1 1 1 1 1 1 1 1 1 1 3 3 3 6 6 17 18 18 15 8 8 9 9 7 10 10 7 7 7 9 9 9 9 9 11
 0 0 0 0 0 0 0 0 0 0 0 1 1 1 1 1 1 1 1 1 1 3 3 3 6 6 17 18 18 15 8 8 9 9 7 10 10 7 7 7 9 9 9 9 9 11
 0 0 0 0 0 0 0 0 0 0 0 1 1 1 1 1 2 2 2 3 3 7 15 15 16 16 14 8 8 7 5 5 7 7 15 13 13 25 25 25 16 16 7 8 8 17
 0 0 0 0 0 0 0 0 0 0 0 1 1 1 1 1 2 2 2 2 2 4 9 9 14 14 14 8 8 4 4 4 7 7 14 22 22 23 23 23 15 15 5 7 7 16
 0 0 0 0 0 0 0 0 0 0 0 1 1 1 1 1 2 2 2 2 2 4 9 9 14 14 14 8 8 4 4 4 7 7 14 22 22 23 23 23 15 15 5 7 7 16
 0 0 0 0 0 0 0 0 0 0 0 1 1 1 1 1 1 1 1 1 1 1 4 4 11 11 12 7 7 10 5 5 9 9 11 15 15 18 15 15 9 9 3 3 3 3
 0 0 0 0 0 1 1 1 1 1 1 1 1 2 1 1 1 1 1 1 1 1 1 1 2 2 24 15 15 13 9 9 6 6 4 10 10 13 15 15 6 6 2 1 1 1
 0 0 0 0 0 1 1 1 1 1 1 1 1 2 1 1 1 1 1 1 1 1 1 1 2 2 24 15 15 13 9 9 6 6 4 10 10 13 15 15 6 6 2 1 1 1
 0 0 0 1 1 1 1 1 1 1 1 2 2 2 1 1 1 1 1 1 1 1 1 1 7 7 25 26 26 20 6 6 8 8 6 7 7 13 9 9 6 6 1 1 1 1
 0 0 0 1 1 1 1 1 1 1 1 2 2 2 1 1 1 1 1 1 1 1 1 1 7 7 25 26 26 20 6 6 8 8 6 7 7 13 9 9 6 6 1 1 1 1
 0 0 0 1 1 0 0 0 0 0 1 1 1 1 1 1 1 1 1 1 1 1 1 1 9 9 26 25 25 20 4 4 4 4 5 10 10 12 7 7 0 0 1 1 1 1
 0 0 0 0 0 0 0 0 0 0 0 0 0 1 1 1 1 1 2 2 2 2 2 2 3 3 5 7 7 20 4 4 3 3 3 2 2 1 1 1 0 0 0 0 0 0
 0 0 0 0 0 0 0 0 0 0 0 0 0 1 1 1 1 1 2 2 2 2 2 2 3 3 5 7 7 20 4 4 3 3 3 2 2 1 1 1 0 0 0 0 0 0
 0 0 0 0 0 0 0 0 0 0 0 0 0 1 1 1 2 2 3 7 7 4 4 4 3 3 3 3 3 1 2 2 1 1 1 1 1 0 0 0 0 0 0 0 0 0
 0 0 0 0 0 0 0 0 0 0 0 0 0 1 1 1 2 2 6 8 8 4 4 4 3 3 3 2 2 1 0 0 10 10 1 1 1 0 0 0 2 2 2 2 2 1
 0 0 0 0 0 0 0 0 0 0 0 0 0 1 1 1 2 2 6 8 8 4 4 4 3 3 3 2 2 1 0 0 10 10 1 1 1 0 0 0 2 2 2 2 2 1
 0 0 0 0 0 0 0 0 0 0 0 0 0 0 0 0 1 1 2 3 3 2 2 2 3 3 2 1 1 1 4 4 9 9 2 1 1 0 0 0 3 3 3 3 3 2
 0 0 0 0 0 0 0 0 0 0 0 0 0 0 0 0 1 1 2 3 3 2 2 2 3 3 2 1 1 1 4 4 9 9 2 1 1 0 0 0 3 3 3 3 3 2
 0 0 0 0 0 0 0 0 0 0 0 0 0 0 0 0 0 0 1 1 1 1 1 1 2 2 1 1 1 1 0 0 0 0 2 0 0 0 0 0 3 3 3 3 3 1
 0 0 0 0 0 0 0 0 0 0 0 0 0 0 0 0 0 0 0 0 0 0 1 1 1 1 1 1 1 1 1 1 1 1 0 0 0 2 1 1 4 4 1 1 1 0
 0 0 0 0 0 0 0 0 0 0 0 0 0 0 0 0 0 0 0 0 0 0 1 1 1 1 1 1 1 1 1 1 1 1 0 0 0 2 1 1 4 4 1 1 1 0
 0 0 0 0 0 0 0 0 0 0 0 0 0 0 0 0 0 0 1 1 1 0 1 1 2 2 1 1 1 1 1 1 4 4 1 0 0 0 1 1 1 1 0 0 0 0
 0 0 0 0 0 0 0 0 0 0 0 0 0 0 0 0 0 0 1 0 0 0 4 4 3 3 2 3 3 2 2 2 9 9 1 0 0 0 0 0 1 1 0 0 0 0
