assets/RAT_results/precipitation/2019-06-12_IMERG.asc
ncols        46
nrows        77
xllcorner    74.800261325624
yllcorner    8.058333333333
cellsize     0.062500000000
NODATA_value -9999
 36 36 44 38 38 15 11 11 10 10 9 2 2 2 3 3 4 4 7 6 6 2 1 1 1 1 2 1 1 1 0 0 0 0 0 0 0 0 0 0 0 0 0 0 0 0
 32 32 29 21 21 11 6 6 5 5 5 2 2 3 2 2 2 2 3 3 3 1 1 1 1 1 2 1 1 0 0 0 0 0 0 0 0 0 0 0 0 0 0 0 0 0
 32 32 29 21 21 11 6 6 5 5 5 2 2 3 2 2 2 2 3 3 3 1 1 1 1 1 2 1 1 0 0 0 0 0 0 0 0 0 0 0 0 0 0 0 0 0
 32 32 17 8 8 6 2 2 2 2 2 4 4 5 2 2 2 2 2 1 1 1 1 1 1 1 0 0 0 0 0 0 1 1 0 1 1 1 0 0 0 0 0 0 0 0
 12 12 17 9 9 8 7 7 7 7 6 11 11 8 3 3 2 2 1 1 1 1 0 0 0 0 0 0 0 0 0 0 1 1 1 1 1 1 0 0 0 0 0 0 0 0
 12 12 17 9 9 8 7 7 7 7 6 11 11 8 3 3 2 2 1 1 1 1 0 0 0 0 0 0 0 0 0 0 1 1 1 1 1 1 0 0 0 0 0 0 0 0
 13 13 10 7 7 7 7 7 9 9 12 15 15 16 3 3 2 2 1 2 2 2 2 2 0 0 0 0 0 0 0 0 0 0 0 0 0 1 0 0 0 0 0 0 0 0
 13 13 10 7 7 7 7 7 9 9 12 15 15 16 3 3 2 2 1 2 2 2 2 2 0 0 0 0 0 0 0 0 0 0 0 0 0 1 0 0 0 0 0 0 0 0
 17 17 12 9 9 9 8 8 6 6 11 11 11 15 5 5 2 2 1 1 1 3 1 1 0 0 0 0 0 0 0 0 0 0 0 0 0 1 0 0 1 1 1 0 0 0
 14 14 15 22 22 7 5 5 5 5 13 13 13 7 7 7 3 3 1 1 1 2 0 0 0 0 0 0 0 0 0 0 0 0 0 0 0 1 1 1 1 1 0 1 1 1
 14 14 15 22 22 7 5 5 5 5 13 13 13 7 7 7 3 3 1 1 1 2 0 0 0 0 0 0 0 0 0 0 0 0 0 0 0 1 1 1 1 1 0 1 1 1
 16 16 15 18 18 10 8 8 6 6 12 14 14 7 8 8 8 8 4 2 2 1 0 0 0 0 0 0 0 0 0 0 0 0 0 0 0 0 1 1 1 1 1 1 1 1
 18 18 21 19 19 10 11 11 12 12 13 14 14 7 8 8 6 6 4 4 4 2 0 0 1 1 1 1 1 0 0 0 0 0 0 0 0 0 1 1 1 1 1 1 1 1
 18 18 21 19 19 10 11 11 12 12 13 14 14 7 8 8 6 6 4 4 4 2 0 0 1 1 1 1 1 0 0 0 0 0 0 0 0 0 1 1 1 1 1 1 1 1
 18 18 12 13 13 7 9 9 13 13 13 11 11 14 12 12 11 11 7 6 6 2 3 3 2 2 2 2 2 1 1 1 0 0 0 0 0 0 0 0 0 0 0 1 1 1
 18 18 12 13 13 7 9 9 13 13 13 11 11 14 12 12 11 11 7 6 6 2 3 3 2 2 2 2 2 1 1 1 0 0 0 0 0 0 0 0 0 0 0 1 1 1
 21 21 13 12 12 10 24 24 28 28 25 19 19 16 18 18 18 18 14 8 8 6 6 6 3 3 2 2 2 2 1 1 0 0 0 0 0 0 0 0 0 0 0 1 1 1
 13 13 12 10 10 11 14 14 34 34 22 21 21 18 20 20 28 28 23 20 20 13 7 7 3 3 2 2 2 2 1 1 0 0 0 0 0 0 0 0 0 0 0 1 1 1
 13 13 12 10 10 11 14 14 34 34 22 21 21 18 20 20 28 28 23 20 20 13 7 7 3 3 2 2 2 2 1 1 0 0 0 0 0 0 0 0 0 0 0 1 1 1
 17 17 11 13 13 11 14 14 37 37 21 42 42 26 32 32 31 31 16 20 20 18 14 14 7 7 5 8 8 3 1 1 0 0 0 0 0 0 0 0 0 0 0 1 1 1
 24 24 18 11 11 10 34 34 34 34 33 40 40 31 17 17 24 24 23 24 24 20 15 15 12 12 15 9 9 4 1 1 0 0 0 0 0 0 0 0 0 0 0 0 0 1
 24 24 18 11 11 10 34 34 34 34 33 40 40 31 17 17 24 24 23 24 24 20 15 15 12 12 15 9 9 4 1 1 0 0 0 0 0 0 0 0 0 0 0 0 0 1
 24 24 16 11 11 23 40 40 42 42 33 29 29 31 36 36 28 28 26 34 34 26 33 33 18 18 16 16 16 9 2 2 2 2 1 0 0 0 0 0 0 0 0 2 2 1
 24 24 16 11 11 23 40 40 42 42 33 29 29 31 36 36 28 28 26 34 34 26 33 33 18 18 16 16 16 9 2 2 2 2 1 0 0 0 0 0 0 0 0 2 2 1
 25 25 16 13 13 11 31 31 25 25 29 45 45 40 42 42 35 35 36 36 36 38 36 36 28 28 26 16 16 9 7 7 2 2 1 0 0 0 0 0 0 0 1 1 1 1
 21 21 16 8 8 10 14 14 30 30 27 35 35 46 50 50 37 37 34 27 27 23 22 22 22 22 13 14 14 12 8 8 2 2 1 1 1 0 0 0 0 0 0 1 1 1
 21 21 16 8 8 10 14 14 30 30 27 35 35 46 50 50 37 37 34 27 27 23 22 22 22 22 13 14 14 12 8 8 2 2 1 1 1 0 0 0 0 0 0 1 1 1
 21 21 12 15 15 9 15 15 30 30 31 23 23 58 53 53 46 46 26 21 21 20 20 20 27 27 9 7 7 3 2 2 2 2 0 1 1 0 0 0 0 0 0 1 1 1
 20 20 11 13 13 14 11 11 14 14 18 17 17 41 67 67 62 62 26 23 23 19 23 23 19 19 12 10 10 0 0 0 0 0 0 0 0 0 0 0 0 0 0 0 0 0
 20 20 11 13 13 14 11 11 14 14 18 17 17 41 67 67 62 62 26 23 23 19 23 23 19 19 12 10 10 0 0 0 0 0 0 0 0 0 0 0 0 0 0 0 0 0
 20 20 20 21 21 21 10 10 12 12 14 19 19 21 33 33 43 43 28 26 26 16 17 17 14 14 7 10 10 0 0 0 0 0 0 0 0 0 0 0 0 0 0 0 0 0
 20 20 20 21 21 21 10 10 12 12 14 19 19 21 33 33 43 43 28 26 26 16 17 17 14 14 7 10 10 0 0 0 0 0 0 0 0 0 0 0 0 0 0 0 0 0
 16 16 16 21 21 20 13 13 13 13 17 15 15 19 24 24 41 41 26 19 19 26 28 28 10 10 8 4 4 0 0 0 0 0 0 1 1 1 0 0 0 0 0 0 0 0
 10 10 14 15 15 9 13 13 15 15 17 15 15 16 22 22 35 35 34 25 25 10 10 10 9 9 6 0 0 0 0 0 1 1 1 1 1 1 0 0 0 0 0 0 0 0
 10 10 14 15 15 9 13 13 15 15 17 15 15 16 22 22 35 35 34 25 25 10 10 10 9 9 6 0 0 0 0 0 1 1 1 1 1 1 0 0 0 0 0 0 0 0
 13 13 15 15 15 18 15 15 17 17 16 19 19 32 29 29 41 41 45 23 23 9 7 7 2 2 4 1 1 0 0 0 1 1 1 1 1 1 0 0 0 0 0 0 0 0
 14 14 16 15 15 16 22 22 12 12 12 14 14 15 20 20 36 36 34 20 20 10 7 7 4 4 3 1 1 1 1 1 1 1 1 1 1 1 1 1 1 1 0 0 0 0
 14 14 16 15 15 16 22 22 12 12 12 14 14 15 20 20 36 36 34 20 20 10 7 7 4 4 3 1 1 1 1 1 1 1 1 1 1 1 1 1 1 1 0 0 0 0
 17 17 16 16 16 29 29 29 11 11 14 19 19 16 13 13 19 19 15 16 16 20 11 11 9 9 4 3 3 3 1 1 2 2 2 2 2 1 1 1 1 1 0 1 1 1
 17 17 16 16 16 29 29 29 11 11 14 19 19 16 13 13 19 19 15 16 16 20 11 11 9 9 4 3 3 3 1 1 2 2 2 2 2 1 1 1 1 1 0 1 1 1
 13 13 13 27 27 28 28 28 17 17 23 27 27 13 8 8 11 11 22 19 19 31 24 24 11 11 5 3 3 1 2 2 1 1 2 6 6 6 1 1 1 1 1 1 1 0
 13 13 13 19 19 20 21 21 39 39 48 17 17 17 19 19 18 18 26 37 37 33 26 26 25 25 7 4 4 1 1 1 2 2 5 6 6 6 1 1 1 1 0 0 0 0
 13 13 13 19 19 20 21 21 39 39 48 17 17 17 19 19 18 18 26 37 37 33 26 26 25 25 7 4 4 1 1 1 2 2 5 6 6 6 1 1 1 1 0 0 0 0
 8 8 9 15 15 16 22 22 40 40 46 33 33 34 21 21 19 19 36 55 55 43 50 50 39 39 11 10 10 8 2 2 3 3 4 2 2 2 0 0 1 1 0 0 0 1
 7 7 8 14 14 15 24 24 28 28 29 29 29 30 21 21 22 22 37 40 40 40 50 50 22 22 16 15 15 9 4 4 2 2 1 2 2 1 0 0 0 0 0 1 1 0
 7 7 8 14 14 15 24 24 28 28 29 29 29 30 21 21 22 22 37 40 40 40 50 50 22 22 16 15 15 9 4 4 2 2 1 2 2 1 0 0 0 0 0 1 1 0
 7 7 7 9 9 9 10 10 14 14 30 27 27 30 16 16 16 16 21 41 41 56 77 77 18 18 16 15 15 10 4 4 2 2 2 1 1 1 0 0 0 0 0 0 0 0
 7 7 7 9 9 9 10 10 14 14 30 27 27 30 16 16 16 16 21 41 41 56 77 77 18 18 16 15 15 10 4 4 2 2 2 1 1 1 0 0 0 0 0 0 0 0
 17 17 11 13 13 9 10 10 15 15 17 19 19 28 16 16 16 16 20 50 50 52 72 72 16 16 12 9 9 9 3 3 3 3 2 3 3 2 2 2 0 0 0 0 0 0
 17 17 11 13 13 13 9 9 17 17 65 67 67 28 20 20 21 21 23 26 26 26 27 27 17 17 14 10 10 19 15 15 4 4 5 3 3 2 3 3 1 1 1 0 0 0
 17 17 11 13 13 13 9 9 17 17 65 67 67 28 20 20 21 21 23 26 26 26 27 27 17 17 14 10 10 19 15 15 4 4 5 3 3 2 3 3 1 1 1 0 0 0
 6 6 6 6 6 7 15 15 17 17 68 70 70 39 40 40 39 39 23 27 27 28 13 13 12 12 16 20 20 29 15 15 9 9 3 4 4 4 3 3 1 1 1 0 0 0
 4 4 6 6 6 9 12 12 13 13 25 39 39 40 41 41 24 24 22 24 24 24 10 10 12 12 15 19 19 33 15 15 4 4 2 2 2 4 3 3 2 2 1 1 1 0
 4 4 6 6 6 9 12 12 13 13 25 39 39 40 41 41 24 24 22 24 24 24 10 10 12 12 15 19 19 33 15 15 4 4 2 2 2 4 3 3 2 2 1 1 1 0
 3 3 6 6 6 7 8 8 12 12 17 30 30 33 34 34 9 9 22 25 25 26 9 9 13 13 19 20 20 25 17 17 5 5 3 2 2 4 5 5 6 6 2 2 2 0
 3 3 6 6 6 7 8 8 12 12 17 30 30 33 34 34 9 9 22 25 25 26 9 9 13 13 19 20 20 25 17 17 5 5 3 2 2 4 5 5 6 6 2 2 2 0
 2 2 5 5 5 6 9 9 13 13 14 16 16 21 27 27 9 9 9 9 9 9 8 8 14 14 17 16 16 18 16 16 10 10 8 5 5 3 6 6 6 6 2 3 3 0
 4 4 5 5 5 7 9 9 18 18 19 21 21 20 20 20 8 8 9 9 9 6 7 7 8 8 16 19 19 21 14 14 15 15 14 6 6 9 8 8 8 8 4 1 1 0
 4 4 5 5 5 7 9 9 18 18 19 21 21 20 20 20 8 8 9 9 9 6 7 7 8 8 16 19 19 21 14 14 15 15 14 6 6 9 8 8 8 8 4 1 1 0
 5 5 6 7 7 9 10 10 18 18 19 25 25 25 24 24 8 8 9 9 9 7 8 8 12 12 17 23 23 20 20 20 15 15 10 9 9 13 7 7 6 6 2 0 0 0
 4 4 5 7 7 9 11 11 12 12 13 15 15 13 8 8 8 8 11 11 11 10 12 12 14 14 14 19 19 22 22 22 22 22 11 8 8 8 5 5 5 5 6 0 0 0
 4 4 5 7 7 9 11 11 12 12 13 15 15 13 8 8 8 8 11 11 11 10 12 12 14 14 14 19 19 22 22 22 22 22 11 8 8 8 5 5 5 5 6 0 0 0
 4 4 5 6 6 8 10 10 12 12 14 20 20 18 12 12 10 10 11 9 9 11 7 7 8 8 9 22 22 28 18 18 20 20 11 9 9 6 2 2 2 2 3 0 0 0
 4 4 5 6 6 8 10 10 12 12 14 20 20 18 12 12 10 10 11 9 9 11 7 7 8 8 9 22 22 28 18 18 20 20 11 9 9 6 2 2 2 2 3 0 0 0
 2 2 3 5 5 5 7 7 12 12 11 13 13 11 9 9 10 10 10 5 5 6 7 7 7 7 8 9 9 16 16 16 18 18 16 14 14 9 5 5 5 5 5 0 0 0
 2 2 3 3 3 4 5 5 8 8 10 9 9 9 6 6 7 7 7 8 8 6 5 5 6 6 8 11 11 14 16 16 16 16 21 19 19 19 10 10 6 6 5 1 1 1
 2 2 3 3 3 4 5 5 8 8 10 9 9 9 6 6 7 7 7 8 8 6 5 5 6 6 8 11 11 14 16 16 16 16 21 19 19 19 10 10 6 6 5 1 1 1
 1 1 2 2 2 3 5 5 8 8 7 8 8 7 7 7 6 6 6 6 6 3 4 4 5 5 10 16 16 24 18 18 16 16 21 22 22 19 11 11 5 5 3 2 2 1
 4 4 6 6 6 5 4 4 6 6 6 10 10 9 7 7 5 5 1 1 1 1 1 1 2 2 6 10 10 19 20 20 19 19 18 20 20 26 24 24 8 8 4 3 3 1
 4 4 6 6 6 5 4 4 6 6 6 10 10 9 7 7 5 5 1 1 1 1 1 1 2 2 6 10 10 19 20 20 19 19 18 20 20 26 24 24 8 8 4 3 3 1
 7 7 9 10 10 10 9 9 3 3 3 4 4 4 3 3 2 2 1 1 1 1 1 1 1 1 3 5 5 21 20 20 21 21 18 23 23 19 16 16 8 8 5 3 3 1
 7 7 9 10 10 10 9 9 3 3 3 4 4 4 3 3 2 2 1 1 1 1 1 1 1 1 3 5 5 21 20 20 21 21 18 23 23 19 16 16 8 8 5 3 3 1
 2 2 2 2 2 2 3 3 2 2 3 3 3 3 2 2 2 2 1 1 1 1 1 1 3 3 3 4 4 14 13 13 16 16 14 10 10 8 7 7 9 9 3 1 1 1
 2 2 2 2 2 3 3 3 3 3 3 3 3 3 3 3 3 3 2 1 1 2 2 2 2 2 2 3 3 4 5 5 10 10 8 3 3 2 4 4 5 5 2 0 0 1
 2 2 2 2 2 3 3 3 3 3 3 3 3 3 3 3 3 3 2 1 1 2 2 2 2 2 2 3 3 4 5 5 10 10 8 3 3 2 4 4 5 5 2 0 0 1
 3 3 4 6 6 9 10 10 9 9 9 7 7 3 3 3 3 3 2 2 2 2 2 2 3 3 4 1 1 2 2 2 5 5 6 6 6 3 4 4 8 8 8 2 2 1
 8 8 9 10 10 9 9 9 8 8 7 7 7 6 5 5 4 4 4 3 3 3 3 3 3 3 4 3 3 2 2 2 3 3 6 4 4 6 5 5 14 14 7 1 1 0
