assets/RAT_results/precipitation/2019-10-01_IMERG.asc
ncols        46
nrows        77
xllcorner    74.800261325624
yllcorner    8.058333333333
cellsize     0.062500000000
NODATA_value -9999
 2 2 4 0 0 1 3 3 11 11 2 7 7 12 13 13 6 6 7 11 11 20 25 25 26 26 24 25 25 24 34 34 25 25 33 32 32 29 33 33 14 14 17 18 18 20
 5 5 4 0 0 1 4 4 6 6 9 11 11 12 6 6 6 6 11 12 12 16 9 9 15 15 18 24 24 20 27 27 28 28 30 32 32 26 23 23 23 23 22 20 20 24
 5 5 4 0 0 1 4 4 6 6 9 11 11 12 6 6 6 6 11 12 12 16 9 9 15 15 18 24 24 20 27 27 28 28 30 32 32 26 23 23 23 23 22 20 20 24
 9 9 9 11 11 0 2 2 2 2 2 1 1 1 1 1 3 3 4 7 7 9 9 9 11 11 20 18 18 24 25 25 29 29 21 19 19 19 22 22 21 21 17 2 2 2
 27 27 14 9 9 2 1 1 1 1 0 0 0 0 1 1 5 5 7 5 5 24 24 24 13 13 13 21 21 22 23 23 24 24 18 15 15 38 31 31 30 30 7 1 1 1
 27 27 14 9 9 2 1 1 1 1 0 0 0 0 1 1 5 5 7 5 5 24 24 24 13 13 13 21 21 22 23 23 24 24 18 15 15 38 31 31 30 30 7 1 1 1
 30 30 27 16 16 4 3 3 1 1 1 1 1 1 6 6 7 7 4 35 35 22 23 23 11 11 12 35 35 5 15 15 14 14 15 17 17 38 2 2 2 2 1 1 1 1
 30 30 27 16 16 4 3 3 1 1 1 1 1 1 6 6 7 7 4 35 35 22 23 23 11 11 12 35 35 5 15 15 14 14 15 17 17 38 2 2 2 2 1 1 1 1
 31 31 22 12 12 7 4 4 3 3 7 2 2 2 6 6 6 6 6 34 34 35 37 37 14 14 19 15 15 5 15 15 19 19 13 7 7 3 8 8 3 3 1 1 1 1
 14 14 11 7 7 8 13 13 19 19 15 15 15 2 4 4 4 4 4 12 12 13 37 37 9 9 22 21 21 15 12 12 12 12 12 7 7 4 10 10 7 7 8 3 3 1
 14 14 11 7 7 8 13 13 19 19 15 15 15 2 4 4 4 4 4 12 12 13 37 37 9 9 22 21 21 15 12 12 12 12 12 7 7 4 10 10 7 7 8 3 3 1
 12 12 11 7 7 8 11 11 18 18 18 7 7 6 2 2 4 4 4 12 12 13 19 19 12 12 19 20 20 32 26 26 23 23 15 9 9 5 19 19 16 16 11 10 10 1
 16 16 34 24 24 9 11 11 15 15 5 7 7 3 3 3 1 1 4 4 4 7 8 8 11 11 19 22 22 82 24 24 27 27 13 9 9 5 8 8 18 18 24 13 13 4
 16 16 34 24 24 9 11 11 15 15 5 7 7 3 3 3 1 1 4 4 4 7 8 8 11 11 19 22 22 82 24 24 27 27 13 9 9 5 8 8 18 18 24 13 13 4
 16 16 113 63 63 26 19 19 9 9 5 2 2 1 1 1 0 0 1 1 1 8 8 8 18 18 18 30 30 83 24 24 22 22 12 8 8 7 13 13 17 17 20 8 8 3
 16 16 113 63 63 26 19 19 9 9 5 2 2 1 1 1 0 0 1 1 1 8 8 8 18 18 18 30 30 83 24 24 22 22 12 8 8 7 13 13 17 17 20 8 8 3
 11 11 25 80 80 25 15 15 7 7 2 1 1 0 0 0 1 1 1 1 1 1 6 6 10 10 18 27 27 34 24 24 14 14 5 1 1 1 11 11 18 18 12 6 6 4
 15 15 32 79 79 18 16 16 8 8 4 3 3 1 1 1 1 1 1 1 1 1 4 4 3 3 7 16 16 21 14 14 14 14 4 1 1 2 11 11 9 9 11 5 5 3
 15 15 32 79 79 18 16 16 8 8 4 3 3 1 1 1 1 1 1 1 1 1 4 4 3 3 7 16 16 21 14 14 14 14 4 1 1 2 11 11 9 9 11 5 5 3
 16 16 21 37 37 13 4 4 5 5 3 5 5 3 1 1 1 1 1 1 1 1 1 1 1 1 4 14 14 15 17 17 15 15 3 1 1 5 2 2 3 3 6 6 6 0
 41 41 20 21 21 12 6 6 5 5 3 2 2 3 2 2 1 1 1 3 3 1 2 2 1 1 1 6 6 19 19 19 17 17 17 3 3 2 4 4 8 8 0 0 0 0
 41 41 20 21 21 12 6 6 5 5 3 2 2 3 2 2 1 1 1 3 3 1 2 2 1 1 1 6 6 19 19 19 17 17 17 3 3 2 4 4 8 8 0 0 0 0
 61 61 45 21 21 11 6 6 4 4 2 1 1 3 3 3 2 2 2 4 4 4 3 3 3 3 2 4 4 17 20 20 25 25 33 22 22 4 1 1 6 6 0 0 0 0
 61 61 45 21 21 11 6 6 4 4 2 1 1 3 3 3 2 2 2 4 4 4 3 3 3 3 2 4 4 17 20 20 25 25 33 22 22 4 1 1 6 6 0 0 0 0
 52 52 52 47 47 29 6 6 3 3 4 1 1 3 3 3 3 3 2 6 6 6 5 5 3 3 4 6 6 24 13 13 10 10 12 25 25 19 1 1 5 5 5 0 0 0
 35 35 48 87 87 75 4 4 4 4 4 1 1 1 2 2 2 2 2 2 2 3 3 3 4 4 7 13 13 10 13 13 20 20 30 27 27 12 9 9 14 14 25 23 23 7
 35 35 48 87 87 75 4 4 4 4 4 1 1 1 2 2 2 2 2 2 2 3 3 3 4 4 7 13 13 10 13 13 20 20 30 27 27 12 9 9 14 14 25 23 23 7
 35 35 39 82 82 69 3 3 3 3 2 3 3 1 1 1 2 2 2 2 2 2 3 3 4 4 4 8 8 8 5 5 6 6 19 11 11 4 7 7 7 7 14 22 22 8
 28 28 33 32 32 36 13 13 3 3 2 2 2 2 0 0 1 1 2 1 1 1 2 2 3 3 3 4 4 4 3 3 2 2 2 3 3 4 4 4 2 2 2 7 7 10
 28 28 33 32 32 36 13 13 3 3 2 2 2 2 0 0 1 1 2 1 1 1 2 2 3 3 3 4 4 4 3 3 2 2 2 3 3 4 4 4 2 2 2 7 7 10
 24 24 18 18 18 11 7 7 1 1 0 0 0 0 1 1 0 0 0 0 0 1 1 1 1 1 1 1 1 1 1 1 1 1 2 2 2 2 3 3 3 3 2 2 2 2
 24 24 18 18 18 11 7 7 1 1 0 0 0 0 1 1 0 0 0 0 0 1 1 1 1 1 1 1 1 1 1 1 1 1 2 2 2 2 3 3 3 3 2 2 2 2
 21 21 12 7 7 5 2 2 2 2 0 0 0 0 1 1 0 0 0 1 1 0 0 0 0 0 0 1 1 0 1 1 1 1 1 1 1 1 2 2 2 2 2 2 2 2
 8 8 10 5 5 3 2 2 1 1 0 0 0 0 0 0 0 0 0 1 1 0 0 0 0 0 0 0 0 0 0 0 0 0 1 1 1 1 1 1 2 2 1 1 1 1
 8 8 10 5 5 3 2 2 1 1 0 0 0 0 0 0 0 0 0 1 1 0 0 0 0 0 0 0 0 0 0 0 0 0 1 1 1 1 1 1 2 2 1 1 1 1
 7 7 6 5 5 5 5 5 5 5 2 0 0 0 0 0 0 0 0 1 1 0 0 0 0 0 0 0 0 0 0 0 0 0 0 1 1 1 1 1 1 1 1 1 1 1
 9 9 5 5 5 5 8 8 6 6 3 0 0 0 0 0 0 0 0 0 0 2 0 0 1 1 0 0 0 6 2 2 1 1 0 0 0 0 0 0 1 1 1 1 1 0
 9 9 5 5 5 5 8 8 6 6 3 0 0 0 0 0 0 0 0 0 0 2 0 0 1 1 0 0 0 6 2 2 1 1 0 0 0 0 0 0 1 1 1 1 1 0
 10 10 7 8 8 6 4 4 10 10 9 4 4 2 1 1 1 1 0 0 0 1 1 1 0 0 0 0 0 2 2 2 2 2 9 5 5 17 1 1 0 0 0 0 0 0
 10 10 7 8 8 6 4 4 10 10 9 4 4 2 1 1 1 1 0 0 0 1 1 1 0 0 0 0 0 2 2 2 2 2 9 5 5 17 1 1 0 0 0 0 0 0
 12 12 9 8 8 4 10 10 10 10 8 6 6 5 1 1 1 1 1 1 1 0 1 1 0 0 4 3 3 3 3 3 5 5 8 10 10 17 4 4 5 5 1 1 1 6
 11 11 7 6 6 8 12 12 13 13 10 10 10 9 8 8 2 2 2 0 0 0 1 1 0 0 3 1 1 1 1 1 1 1 8 6 6 8 7 7 5 5 3 1 1 1
 11 11 7 6 6 8 12 12 13 13 10 10 10 9 8 8 2 2 2 0 0 0 1 1 0 0 3 1 1 1 1 1 1 1 8 6 6 8 7 7 5 5 3 1 1 1
 4 4 6 5 5 3 7 7 4 4 6 6 6 13 6 6 3 3 1 1 1 1 0 0 0 0 2 5 5 1 1 1 1 1 1 6 6 1 4 4 7 7 1 1 1 1
 5 5 5 3 3 3 3 3 2 2 3 11 11 9 4 4 1 1 1 1 1 0 0 0 0 0 1 0 0 0 0 0 0 0 0 0 0 4 6 6 6 6 0 0 0 0
 5 5 5 3 3 3 3 3 2 2 3 11 11 9 4 4 1 1 1 1 1 0 0 0 0 0 1 0 0 0 0 0 0 0 0 0 0 4 6 6 6 6 0 0 0 0
 4 4 6 3 3 1 1 1 1 1 0 1 1 1 1 1 0 0 0 0 0 0 0 0 1 1 0 0 0 0 0 0 0 0 0 0 0 4 0 0 0 0 0 0 0 0
 4 4 6 3 3 1 1 1 1 1 0 1 1 1 1 1 0 0 0 0 0 0 0 0 1 1 0 0 0 0 0 0 0 0 0 0 0 4 0 0 0 0 0 0 0 0
 5 5 3 3 3 0 1 1 0 0 0 0 0 0 0 0 0 0 0 0 0 0 0 0 0 0 0 0 0 0 0 0 0 0 0 0 0 0 0 0 0 0 0 0 0 0
 10 10 3 2 2 1 0 0 0 0 0 0 0 0 0 0 0 0 0 1 1 0 0 0 0 0 1 0 0 0 0 0 0 0 0 0 0 0 0 0 0 0 1 0 0 0
 10 10 3 2 2 1 0 0 0 0 0 0 0 0 0 0 0 0 0 1 1 0 0 0 0 0 1 0 0 0 0 0 0 0 0 0 0 0 0 0 0 0 1 0 0 0
 10 10 3 3 3 1 1 1 0 0 0 0 0 0 0 0 0 0 0 0 0 0 0 0 0 0 0 0 0 0 0 0 0 0 0 0 0 0 2 2 0 0 0 2 2 0
 14 14 5 4 4 1 1 1 1 1 0 0 0 0 0 0 0 0 0 0 0 0 0 0 0 0 1 0 0 0 0 0 0 0 0 0 0 0 0 0 0 0 2 2 2 0
 14 14 5 4 4 1 1 1 1 1 0 0 0 0 0 0 0 0 0 0 0 0 0 0 0 0 1 0 0 0 0 0 0 0 0 0 0 0 0 0 0 0 2 2 2 0
 18 18 12 5 5 2 2 2 3 3 2 1 1 0 0 0 0 0 0 0 0 0 0 0 0 0 1 0 0 0 0 0 0 0 0 0 0 0 0 0 5 5 0 0 0 0
 18 18 12 5 5 2 2 2 3 3 2 1 1 0 0 0 0 0 0 0 0 0 0 0 0 0 1 0 0 0 0 0 0 0 0 0 0 0 0 0 5 5 0 0 0 0
 14 14 13 5 5 5 4 4 4 4 1 1 1 1 1 1 1 1 0 0 0 5 5 5 1 1 0 1 1 0 0 0 0 0 0 0 0 0 0 0 3 3 1 1 1 0
 15 15 10 8 8 5 3 3 3 3 2 2 2 2 2 2 1 1 1 16 16 5 5 5 1 1 0 1 1 0 0 0 0 0 0 0 0 0 0 0 1 1 3 2 2 0
 15 15 10 8 8 5 3 3 3 3 2 2 2 2 2 2 1 1 1 16 16 5 5 5 1 1 0 1 1 0 0 0 0 0 0 0 0 0 0 0 1 1 3 2 2 0
 11 11 8 8 8 3 3 3 1 1 2 2 2 2 2 2 1 1 11 16 16 32 32 32 7 7 7 7 7 0 0 0 0 0 0 0 0 0 1 1 1 1 1 1 1 0
 7 7 5 4 4 1 1 1 1 1 1 1 1 1 1 1 13 13 8 10 10 12 32 32 7 7 6 8 8 13 9 9 9 9 0 0 0 1 1 1 1 1 1 2 2 1
 7 7 5 4 4 1 1 1 1 1 1 1 1 1 1 1 13 13 8 10 10 12 32 32 7 7 6 8 8 13 9 9 9 9 0 0 0 1 1 1 1 1 1 2 2 1
 1 1 1 0 0 0 1 1 0 0 0 0 0 1 15 15 15 15 2 9 9 12 11 11 11 11 20 30 30 30 6 6 9 9 0 0 0 0 0 0 0 0 0 0 0 0
 1 1 1 0 0 0 1 1 0 0 0 0 0 1 15 15 15 15 2 9 9 12 11 11 11 11 20 30 30 30 6 6 9 9 0 0 0 0 0 0 0 0 0 0 0 0
 0 0 0 0 0 0 0 0 0 0 1 1 1 1 16 16 16 16 2 16 16 15 23 23 12 12 17 37 37 30 7 7 0 0 0 0 0 0 0 0 2 2 0 0 0 0
 0 0 0 0 0 0 0 0 0 0 1 1 1 1 1 1 1 1 1 6 6 15 23 23 17 17 18 12 12 2 1 1 0 0 0 0 0 2 0 0 0 0 0 0 0 0
 0 0 0 0 0 0 0 0 0 0 1 1 1 1 1 1 1 1 1 6 6 15 23 23 17 17 18 12 12 2 1 1 0 0 0 0 0 2 0 0 0 0 0 0 0 0
 0 0 0 0 0 0 0 0 0 0 0 0 0 1 1 1 1 1 1 6 6 5 23 23 5 5 5 0 0 0 0 0 0 0 0 0 0 0 0 0 4 4 0 0 0 0
 0 0 0 0 0 0 0 0 0 0 0 0 0 0 0 0 1 1 0 1 1 0 0 0 5 5 5 0 0 1 1 1 0 0 1 1 1 0 0 0 4 4 2 1 1 0
 0 0 0 0 0 0 0 0 0 0 0 0 0 0 0 0 1 1 0 1 1 0 0 0 5 5 5 0 0 1 1 1 0 0 1 1 1 0 0 0 4 4 2 1 1 0
 0 0 0 0 0 0 0 0 0 0 1 0 0 0 1 1 0 0 0 1 1 0 0 0 0 0 0 0 0 1 1 1 0 0 0 1 1 0 0 0 0 0 1 1 1 0
 0 0 0 0 0 0 0 0 0 0 1 0 0 0 1 1 0 0 0 1 1 0 0 0 0 0 0 0 0 1 1 1 0 0 0 1 1 0 0 0 0 0 1 1 1 0
 0 0 1 1 1 1 0 0 1 1 1 0 0 0 0 0 0 0 0 0 0 0 0 0 0 0 0 0 0 0 0 0 0 0 1 0 0 1 0 0 0 0 0 0 0 0
 1 1 1 1 1 0 0 0 2 2 2 4 4 0 0 0 0 0 0 0 0 0 0 0 0 0 0 0 0 0 0 0 0 0 0 0 0 0 0 0 0 0 0 0 0 0
 1 1 1 1 1 0 0 0 2 2 2 4 4 0 0 0 0 0 0 0 0 0 0 0 0 0 0 0 0 0 0 0 0 0 0 0 0 0 0 0 0 0 0 0 0 0
 1 1 1 1 1 1 1 1 2 2 2 4 4 4 0 0 0 0 0 0 0 0 0 0 0 0 0 0 0 0 0 0 0 0 0 0 0 0 1 1 1 1 0 0 0 0
 1 1 1 1 1 1 1 1 3 3 4 4 4 3 0 0 0 0 0 0 0 0 0 0 0 0 0 0 0 0 0 0 0 0 0 0 0 0 0 0 0 0 1 0 0 0
