assets/RAT_results/precipitation/2019-11-16_IMERG.asc
ncols        46
nrows        77
xllcorner    74.800261325624
yllcorner    8.058333333333
cellsize     0.062500000000
NODATA_value -9999
 1 1 5 9 9 10 17 17 15 15 18 16 16 10 6 6 4 4 4 1 1 0 0 0 0 0 0 0 0 0 0 0 0 0 0 1 1 0 1 1 3 3 0 0 0 0
 1 1 2 5 5 21 11 11 15 15 20 19 19 10 7 7 4 4 3 1 1 1 0 0 0 0 0 0 0 0 0 0 0 0 0 0 0 0 0 0 0 0 0 0 0 0
 1 1 2 5 5 21 11 11 15 15 20 19 19 10 7 7 4 4 3 1 1 1 0 0 0 0 0 0 0 0 0 0 0 0 0 0 0 0 0 0 0 0 0 0 0 0
 1 1 1 0 0 2 2 2 8 8 15 16 16 18 8 8 6 6 3 2 2 1 0 0 0 0 0 0 0 0 0 0 0 0 0 0 0 0 0 0 0 0 0 0 0 0
 1 1 1 0 0 0 1 1 4 4 8 10 10 29 9 9 4 4 3 1 1 0 0 0 0 0 0 0 0 0 0 0 0 0 0 0 0 0 0 0 0 0 0 0 0 0
 1 1 1 0 0 0 1 1 4 4 8 10 10 29 9 9 4 4 3 1 1 0 0 0 0 0 0 0 0 0 0 0 0 0 0 0 0 0 0 0 0 0 0 0 0 0
 0 0 1 1 1 1 5 5 8 8 19 5 5 7 8 8 2 2 2 1 1 0 0 0 0 0 0 0 0 0 0 0 0 0 0 0 0 0 0 0 0 0 0 0 0 0
 0 0 1 1 1 1 5 5 8 8 19 5 5 7 8 8 2 2 2 1 1 0 0 0 0 0 0 0 0 0 0 0 0 0 0 0 0 0 0 0 0 0 0 0 0 0
 0 0 1 1 1 1 2 2 2 2 8 10 10 4 2 2 1 1 1 0 0 0 0 0 0 0 0 0 0 0 0 0 0 0 0 0 0 0 0 0 0 0 0 0 0 0
 0 0 0 1 1 1 1 1 2 2 4 7 7 7 4 4 3 3 1 0 0 0 0 0 0 0 0 0 0 0 0 0 0 0 0 0 0 0 0 0 0 0 0 0 0 0
 0 0 0 1 1 1 1 1 2 2 4 7 7 7 4 4 3 3 1 0 0 0 0 0 0 0 0 0 0 0 0 0 0 0 0 0 0 0 0 0 0 0 0 0 0 0
 0 0 1 1 1 1 1 1 1 1 3 3 3 5 5 5 4 4 2 1 1 0 0 0 0 0 0 0 0 0 0 0 0 0 0 0 0 0 0 0 0 0 0 0 0 0
 0 0 1 0 0 1 1 1 1 1 1 1 1 2 5 5 6 6 4 2 2 0 1 1 1 1 1 1 1 0 0 0 0 0 0 0 0 0 0 0 0 0 0 0 0 0
 0 0 1 0 0 1 1 1 1 1 1 1 1 2 5 5 6 6 4 2 2 0 1 1 1 1 1 1 1 0 0 0 0 0 0 0 0 0 0 0 0 0 0 0 0 0
 0 0 1 0 0 1 1 1 1 1 0 0 0 1 4 4 26 26 13 2 2 0 1 1 2 2 3 2 2 1 0 0 0 0 0 0 0 1 0 0 0 0 0 0 0 0
 0 0 1 0 0 1 1 1 1 1 0 0 0 1 4 4 26 26 13 2 2 0 1 1 2 2 3 2 2 1 0 0 0 0 0 0 0 1 0 0 0 0 0 0 0 0
 1 1 1 1 1 1 2 2 2 2 1 1 1 0 7 7 24 24 8 3 3 0 0 0 1 1 2 1 1 0 0 0 0 0 0 0 0 0 0 0 0 0 0 0 0 0
 2 2 2 3 3 4 3 3 2 2 2 1 1 0 1 1 3 3 3 3 3 2 1 1 2 2 0 0 0 0 0 0 0 0 0 0 0 0 0 0 0 0 0 0 0 0
 2 2 2 3 3 4 3 3 2 2 2 1 1 0 1 1 3 3 3 3 3 2 1 1 2 2 0 0 0 0 0 0 0 0 0 0 0 0 0 0 0 0 0 0 0 0
 2 2 2 3 3 4 5 5 5 5 4 4 4 2 3 3 3 3 2 1 1 1 2 2 3 3 0 0 0 0 0 0 0 0 0 0 0 0 0 0 0 0 0 0 0 0
 2 2 3 4 4 4 7 7 8 8 6 8 8 5 4 4 4 4 2 4 4 2 3 3 1 1 0 0 0 0 0 0 0 0 0 0 0 0 0 0 0 0 0 0 0 0
 2 2 3 4 4 4 7 7 8 8 6 8 8 5 4 4 4 4 2 4 4 2 3 3 1 1 0 0 0 0 0 0 0 0 0 0 0 0 0 0 0 0 0 0 0 0
 2 2 2 2 2 4 6 6 7 7 6 5 5 7 5 5 3 3 3 2 2 1 1 1 0 0 0 1 1 0 0 0 0 0 0 0 0 5 0 0 3 3 0 0 0 0
 2 2 2 2 2 4 6 6 7 7 6 5 5 7 5 5 3 3 3 2 2 1 1 1 0 0 0 1 1 0 0 0 0 0 0 0 0 5 0 0 3 3 0 0 0 0
 3 3 3 3 3 6 6 6 9 9 6 5 5 7 5 5 4 4 4 4 4 1 0 0 0 0 0 0 0 1 2 2 1 1 1 0 0 0 0 0 0 0 0 0 0 0
 15 15 9 9 9 10 7 7 5 5 5 4 4 4 6 6 7 7 7 32 32 4 1 1 0 0 0 0 0 1 2 2 31 31 0 0 0 0 0 0 0 0 0 0 0 0
 15 15 9 9 9 10 7 7 5 5 5 4 4 4 6 6 7 7 7 32 32 4 1 1 0 0 0 0 0 1 2 2 31 31 0 0 0 0 0 0 0 0 0 0 0 0
 11 11 22 19 19 14 4 4 4 4 4 5 5 15 25 25 24 24 44 145 145 47 1 1 1 1 0 0 0 0 5 5 7 7 0 0 0 0 0 0 0 0 0 0 0 0
 4 4 6 14 14 12 8 8 6 6 8 30 30 27 68 68 26 26 34 37 37 18 2 2 1 1 0 0 0 0 0 0 0 0 0 0 0 0 0 0 0 0 0 0 0 0
 4 4 6 14 14 12 8 8 6 6 8 30 30 27 68 68 26 26 34 37 37 18 2 2 1 1 0 0 0 0 0 0 0 0 0 0 0 0 0 0 0 0 0 0 0 0
 2 2 3 5 5 7 8 8 10 10 17 37 37 136 43 43 13 13 17 13 13 11 3 3 3 3 7 6 6 1 0 0 0 0 0 0 0 0 0 0 0 0 0 0 0 0
 2 2 3 5 5 7 8 8 10 10 17 37 37 136 43 43 13 13 17 13 13 11 3 3 3 3 7 6 6 1 0 0 0 0 0 0 0 0 0 0 0 0 0 0 0 0
 1 1 3 5 5 6 7 7 10 10 15 26 26 60 37 37 14 14 13 15 15 11 5 5 4 4 9 8 8 1 4 4 0 0 0 0 0 0 0 0 0 0 0 0 0 0
 3 3 5 6 6 7 9 9 12 12 16 22 22 67 34 34 15 15 10 13 13 12 6 6 4 4 7 6 6 5 4 4 0 0 0 0 0 0 0 0 0 0 0 0 0 0
 3 3 5 6 6 7 9 9 12 12 16 22 22 67 34 34 15 15 10 13 13 12 6 6 4 4 7 6 6 5 4 4 0 0 0 0 0 0 0 0 0 0 0 0 0 0
 4 4 4 5 5 6 10 10 14 14 17 26 26 66 41 41 17 17 8 12 12 6 3 3 3 3 2 2 2 1 0 0 0 0 0 0 0 0 0 0 1 1 0 0 0 0
 3 3 4 5 5 6 9 9 12 12 15 22 22 44 45 45 14 14 6 1 1 1 1 1 1 1 1 0 0 0 0 0 0 0 0 0 0 0 0 0 0 0 0 0 0 0
 3 3 4 5 5 6 9 9 12 12 15 22 22 44 45 45 14 14 6 1 1 1 1 1 1 1 1 0 0 0 0 0 0 0 0 0 0 0 0 0 0 0 0 0 0 0
 1 1 2 3 3 5 8 8 10 10 13 28 28 50 30 30 18 18 5 1 1 0 0 0 0 0 0 0 0 0 0 0 0 0 0 0 0 0 0 0 0 0 0 0 0 0
 1 1 2 3 3 5 8 8 10 10 13 28 28 50 30 30 18 18 5 1 1 0 0 0 0 0 0 0 0 0 0 0 0 0 0 0 0 0 0 0 0 0 0 0 0 0
 5 5 6 5 5 5 6 6 8 8 11 27 27 58 14 14 8 8 3 2 2 1 0 0 0 0 0 0 0 0 0 0 0 0 0 0 0 1 0 0 0 0 0 0 0 0
 10 10 8 5 5 5 6 6 8 8 12 38 38 40 7 7 9 9 6 3 3 3 2 2 0 0 1 1 1 15 4 4 4 4 1 0 0 0 0 0 2 2 1 1 1 0
 10 10 8 5 5 5 6 6 8 8 12 38 38 40 7 7 9 9 6 3 3 3 2 2 0 0 1 1 1 15 4 4 4 4 1 0 0 0 0 0 2 2 1 1 1 0
 11 11 9 8 8 10 11 11 13 13 29 46 46 13 12 12 14 14 11 7 7 8 5 5 5 5 3 19 19 19 5 5 9 9 8 2 2 1 5 5 6 6 2 1 1 0
 12 12 12 12 12 14 16 16 18 18 25 70 70 23 19 19 14 14 12 9 9 7 12 12 13 13 11 12 12 9 8 8 9 9 11 6 6 1 3 3 6 6 1 0 0 0
 12 12 12 12 12 14 16 16 18 18 25 70 70 23 19 19 14 14 12 9 9 7 12 12 13 13 11 12 12 9 8 8 9 9 11 6 6 1 3 3 6 6 1 0 0 0
 16 16 16 16 16 18 21 21 25 25 34 137 137 55 40 40 18 18 11 8 8 9 9 9 22 22 15 14 14 7 7 7 2 2 1 1 1 3 2 2 2 2 0 0 0 0
 16 16 16 16 16 18 21 21 25 25 34 137 137 55 40 40 18 18 11 8 8 9 9 9 22 22 15 14 14 7 7 7 2 2 1 1 1 3 2 2 2 2 0 0 0 0
 18 18 19 17 17 17 17 17 21 21 37 54 54 52 46 46 13 13 8 6 6 6 16 16 19 19 17 12 12 4 3 3 1 1 1 2 2 2 2 2 0 0 0 0 0 2
 19 19 19 17 17 15 15 15 17 17 21 27 27 24 37 37 21 21 8 4 4 4 14 14 18 18 12 3 3 2 3 3 1 1 1 1 1 0 0 0 2 2 2 2 2 2
 19 19 19 17 17 15 15 15 17 17 21 27 27 24 37 37 21 21 8 4 4 4 14 14 18 18 12 3 3 2 3 3 1 1 1 1 1 0 0 0 2 2 2 2 2 2
 14 14 14 12 12 12 13 13 14 14 15 16 16 16 17 17 22 22 18 11 11 4 12 12 16 16 5 3 3 1 0 0 0 0 0 0 0 0 0 0 2 2 3 3 3 3
 8 8 8 9 9 10 11 11 13 13 14 16 16 17 15 15 13 13 14 13 13 4 4 4 6 6 4 3 3 1 0 0 0 0 0 0 0 0 4 4 4 4 6 19 19 15
 8 8 8 9 9 10 11 11 13 13 14 16 16 17 15 15 13 13 14 13 13 4 4 4 6 6 4 3 3 1 0 0 0 0 0 0 0 0 4 4 4 4 6 19 19 15
 9 9 5 4 4 5 7 7 9 9 11 12 12 15 18 18 8 8 7 9 9 13 5 5 6 6 10 2 2 1 0 0 0 0 2 1 1 4 13 13 14 14 17 9 9 9
 9 9 5 4 4 5 7 7 9 9 11 12 12 15 18 18 8 8 7 9 9 13 5 5 6 6 10 2 2 1 0 0 0 0 2 1 1 4 13 13 14 14 17 9 9 9
 13 13 9 4 4 5 5 5 5 5 6 11 11 18 15 15 9 9 7 6 6 14 17 17 29 29 28 2 2 1 0 0 0 0 3 0 0 6 17 17 27 27 34 28 28 23
 3 3 3 2 2 3 4 4 4 4 5 9 9 16 17 17 14 14 10 7 7 7 25 25 52 52 35 2 2 1 1 1 1 1 3 4 4 11 10 10 28 28 36 36 36 6
 3 3 3 2 2 3 4 4 4 4 5 9 9 16 17 17 14 14 10 7 7 7 25 25 52 52 35 2 2 1 1 1 1 1 3 4 4 11 10 10 28 28 36 36 36 6
 4 4 5 3 3 4 7 7 6 6 6 8 8 15 19 19 15 15 10 6 6 5 2 2 10 10 19 5 5 2 3 3 2 2 2 2 2 10 12 12 21 21 26 22 22 8
 2 2 2 2 2 3 4 4 4 4 4 8 8 14 14 14 11 11 6 3 3 2 2 2 13 13 17 2 2 2 2 2 1 1 1 1 1 11 12 12 15 15 6 4 4 3
 2 2 2 2 2 3 4 4 4 4 4 8 8 14 14 14 11 11 6 3 3 2 2 2 13 13 17 2 2 2 2 2 1 1 1 1 1 11 12 12 15 15 6 4 4 3
 1 1 1 1 1 1 1 1 2 2 4 11 11 21 15 15 9 9 5 2 2 1 1 1 1 1 1 3 3 6 5 5 4 4 3 1 1 2 4 4 9 9 6 2 2 4
 1 1 1 1 1 1 1 1 2 2 4 11 11 21 15 15 9 9 5 2 2 1 1 1 1 1 1 3 3 6 5 5 4 4 3 1 1 2 4 4 9 9 6 2 2 4
 1 1 2 2 2 1 1 1 2 2 5 11 11 19 13 13 7 7 4 2 2 2 2 2 2 2 2 12 12 16 17 17 7 7 2 4 4 7 9 9 12 12 12 11 11 5
 4 4 10 11 11 7 6 6 8 8 8 8 8 8 6 6 4 4 4 3 3 5 6 6 8 8 12 12 12 14 19 19 6 6 4 11 11 10 14 14 18 18 19 20 20 22
 4 4 10 11 11 7 6 6 8 8 8 8 8 8 6 6 4 4 4 3 3 5 6 6 8 8 12 12 12 14 19 19 6 6 4 11 11 10 14 14 18 18 19 20 20 22
 10 10 23 24 24 18 15 15 15 15 15 11 11 9 7 7 7 7 8 9 9 10 10 10 8 8 8 13 13 9 10 10 4 4 7 13 13 14 13 13 18 18 14 16 16 21
 8 8 16 15 15 14 15 15 20 20 19 16 16 14 13 13 14 14 14 14 14 17 15 15 10 10 7 10 10 7 11 11 5 5 12 24 24 24 17 17 14 14 11 17 17 7
 8 8 16 15 15 14 15 15 20 20 19 16 16 14 13 13 14 14 14 14 14 17 15 15 10 10 7 10 10 7 11 11 5 5 12 24 24 24 17 17 14 14 11 17 17 7
 8 8 10 11 11 12 17 17 19 19 17 15 15 13 13 13 15 15 15 16 16 17 13 13 9 9 7 7 7 3 4 4 17 17 11 25 25 20 14 14 14 14 11 7 7 8
 8 8 10 11 11 12 17 17 19 19 17 15 15 13 13 13 15 15 15 16 16 17 13 13 9 9 7 7 7 3 4 4 17 17 11 25 25 20 14 14 14 14 11 7 7 8
 12 12 13 15 15 20 26 26 22 22 15 12 12 10 9 9 12 12 12 11 11 11 9 9 6 6 6 6 6 4 9 9 12 12 10 10 10 13 11 11 10 10 8 5 5 3
 21 21 21 22 22 26 26 26 20 20 18 14 14 12 11 11 11 11 10 8 8 6 4 4 3 3 2 3 3 3 3 3 4 4 3 4 4 6 7 7 7 7 5 2 2 1
 21 21 21 22 22 26 26 26 20 20 18 14 14 12 11 11 11 11 10 8 8 6 4 4 3 3 2 3 3 3 3 3 4 4 3 4 4 6 7 7 7 7 5 2 2 1
 33 33 27 26 26 27 21 21 18 18 24 19 19 14 11 11 8 8 6 4 4 3 1 1 1 1 0 0 0 0 1 1 1 1 1 1 1 4 6 6 5 5 3 1 1 1
 34 34 31 29 29 26 18 18 15 15 19 17 17 12 9 9 5 5 3 2 2 1 0 0 0 0 0 0 0 0 0 0 1 1 1 1 1 3 8 8 6 6 4 4 4 5
