assets/RAT_results/precipitation/2019-10-25_IMERG.asc
ncols        46
nrows        77
xllcorner    74.800261325624
yllcorner    8.058333333333
cellsize     0.062500000000
NODATA_value -9999
 32 32 37 33 33 31 29 29 30 30 23 17 17 10 7 7 6 6 5 5 5 1 0 0 0 0 0 0 0 0 0 0 0 0 1 2 2 2 2 2 2 2 0 1 1 2
 33 33 40 34 34 29 28 28 31 31 24 18 18 12 8 8 6 6 6 4 4 1 0 0 0 0 0 0 0 0 0 0 1 1 2 7 7 6 1 1 2 2 1 1 1 4
 33 33 40 34 34 29 28 28 31 31 24 18 18 12 8 8 6 6 6 4 4 1 0 0 0 0 0 0 0 0 0 0 1 1 2 7 7 6 1 1 2 2 1 1 1 4
 43 43 44 38 38 33 33 33 37 37 33 23 23 16 9 9 6 6 6 4 4 1 2 2 0 0 0 0 0 0 1 1 2 2 2 2 2 3 1 1 2 2 2 3 3 7
 48 48 49 47 47 42 39 39 40 40 37 28 28 19 11 11 5 5 5 3 3 2 1 1 0 0 0 1 1 1 0 0 1 1 2 3 3 2 2 2 1 1 2 5 5 9
 48 48 49 47 47 42 39 39 40 40 37 28 28 19 11 11 5 5 5 3 3 2 1 1 0 0 0 1 1 1 0 0 1 1 2 3 3 2 2 2 1 1 2 5 5 9
 44 44 46 52 52 43 46 46 51 51 48 35 35 24 14 14 6 6 6 3 3 2 2 2 1 1 0 1 1 2 1 1 3 3 3 3 3 2 1 1 1 1 3 7 7 9
 44 44 46 52 52 43 46 46 51 51 48 35 35 24 14 14 6 6 6 3 3 2 2 2 1 1 0 1 1 2 1 1 3 3 3 3 3 2 1 1 1 1 3 7 7 9
 38 38 36 48 48 48 46 46 51 51 51 46 46 28 15 15 6 6 4 3 3 3 2 2 1 1 0 0 0 1 2 2 2 2 2 2 2 1 1 1 1 1 1 3 3 4
 42 42 46 47 47 43 49 49 52 52 51 49 49 32 15 15 7 7 4 3 3 3 1 1 1 1 1 1 1 1 2 2 2 2 2 2 2 2 2 2 2 2 2 2 2 1
 42 42 46 47 47 43 49 49 52 52 51 49 49 32 15 15 7 7 4 3 3 3 1 1 1 1 1 1 1 1 2 2 2 2 2 2 2 2 2 2 2 2 2 2 2 1
 46 46 48 48 48 40 52 52 55 55 51 47 47 36 17 17 7 7 3 3 3 2 1 1 1 1 0 1 1 2 1 1 1 1 2 2 2 2 1 1 3 3 4 1 1 0
 33 33 39 44 44 41 56 56 55 55 48 47 47 44 23 23 10 10 6 2 2 2 1 1 1 1 0 1 1 1 2 2 1 1 1 1 1 1 5 5 5 5 4 1 1 0
 33 33 39 44 44 41 56 56 55 55 48 47 47 44 23 23 10 10 6 2 2 2 1 1 1 1 0 1 1 1 2 2 1 1 1 1 1 1 5 5 5 5 4 1 1 0
 37 37 40 39 39 38 44 44 47 47 43 49 49 45 22 22 11 11 7 3 3 2 1 1 2 2 1 0 0 1 2 2 1 1 1 2 2 4 5 5 4 4 2 1 1 1
 37 37 40 39 39 38 44 44 47 47 43 49 49 45 22 22 11 11 7 3 3 2 1 1 2 2 1 0 0 1 2 2 1 1 1 2 2 4 5 5 4 4 2 1 1 1
 29 29 29 32 32 37 44 44 52 52 44 53 53 49 30 30 17 17 13 4 4 1 2 2 1 1 1 0 0 1 3 3 2 2 2 3 3 4 4 4 0 0 2 1 1 2
 30 30 29 22 22 24 46 46 49 49 50 50 50 47 32 32 29 29 20 6 6 5 1 1 1 1 1 2 2 2 2 2 1 1 3 5 5 2 2 2 0 0 0 0 0 0
 30 30 29 22 22 24 46 46 49 49 50 50 50 47 32 32 29 29 20 6 6 5 1 1 1 1 1 2 2 2 2 2 1 1 3 5 5 2 2 2 0 0 0 0 0 0
 31 31 24 17 17 16 26 26 44 44 39 43 43 41 41 41 32 32 22 7 7 5 1 1 2 2 1 1 1 2 2 2 0 0 3 4 4 1 0 0 0 0 0 0 0 0
 33 33 25 17 17 20 25 25 41 41 40 40 40 42 39 39 32 32 19 16 16 5 2 2 1 1 1 1 1 2 0 0 0 0 2 2 2 1 0 0 0 0 0 0 0 0
 33 33 25 17 17 20 25 25 41 41 40 40 40 42 39 39 32 32 19 16 16 5 2 2 1 1 1 1 1 2 0 0 0 0 2 2 2 1 0 0 0 0 0 0 0 0
 24 24 26 25 25 27 36 36 42 42 49 44 44 49 45 45 38 38 23 9 9 4 5 5 1 1 0 2 2 3 1 1 0 0 1 0 0 0 0 0 0 0 0 0 0 0
 24 24 26 25 25 27 36 36 42 42 49 44 44 49 45 45 38 38 23 9 9 4 5 5 1 1 0 2 2 3 1 1 0 0 1 0 0 0 0 0 0 0 0 0 0 0
 22 22 24 34 34 29 36 36 47 47 53 66 66 61 57 57 35 35 24 12 12 6 6 6 2 2 1 2 2 2 0 0 0 0 0 0 0 0 0 0 0 0 0 0 0 0
 22 22 24 37 37 36 42 42 57 57 64 81 81 79 63 63 52 52 32 25 25 9 4 4 2 2 2 2 2 2 0 0 0 0 0 0 0 0 0 0 0 0 0 0 0 0
 22 22 24 37 37 36 42 42 57 57 64 81 81 79 63 63 52 52 32 25 25 9 4 4 2 2 2 2 2 2 0 0 0 0 0 0 0 0 0 0 0 0 0 0 0 0
 24 24 26 35 35 41 55 55 64 64 78 67 67 82 64 64 35 35 19 13 13 9 2 2 2 2 0 1 1 1 0 0 0 0 0 0 0 0 0 0 0 0 0 0 0 0
 18 18 29 28 28 44 55 55 48 48 59 43 43 38 52 52 22 22 10 4 4 4 1 1 0 0 0 0 0 0 0 0 0 0 0 0 0 0 0 0 0 0 0 0 0 0
 18 18 29 28 28 44 55 55 48 48 59 43 43 38 52 52 22 22 10 4 4 4 1 1 0 0 0 0 0 0 0 0 0 0 0 0 0 0 0 0 0 0 0 0 0 0
 18 18 28 32 32 45 41 41 22 22 20 22 22 70 24 24 8 8 8 3 3 1 0 0 0 0 0 0 0 0 0 0 0 0 0 0 0 0 0 0 0 0 0 0 0 0
 18 18 28 32 32 45 41 41 22 22 20 22 22 70 24 24 8 8 8 3 3 1 0 0 0 0 0 0 0 0 0 0 0 0 0 0 0 0 0 0 0 0 0 0 0 0
 26 26 33 28 28 45 53 53 40 40 49 64 64 66 23 23 8 8 7 3 3 1 0 0 0 0 0 0 0 0 0 0 0 0 0 0 0 0 0 0 0 0 0 0 0 0
 21 21 22 22 22 23 36 36 34 34 19 6 6 8 8 8 9 9 7 3 3 3 0 0 0 0 0 0 0 0 0 0 0 0 0 0 0 0 0 0 0 0 0 0 0 0
 21 21 22 22 22 23 36 36 34 34 19 6 6 8 8 8 9 9 7 3 3 3 0 0 0 0 0 0 0 0 0 0 0 0 0 0 0 0 0 0 0 0 0 0 0 0
 18 18 17 13 13 23 18 18 20 20 13 4 4 4 8 8 13 13 8 4 4 2 0 0 0 0 0 0 0 0 0 0 0 0 0 0 0 0 0 0 0 0 0 0 0 0
 15 15 11 8 8 15 12 12 13 13 15 5 5 8 8 8 6 6 8 4 4 3 0 0 0 0 5 2 2 2 0 0 0 0 0 0 0 0 0 0 0 0 0 0 0 0
 15 15 11 8 8 15 12 12 13 13 15 5 5 8 8 8 6 6 8 4 4 3 0 0 0 0 5 2 2 2 0 0 0 0 0 0 0 0 0 0 0 0 0 0 0 0
 15 15 10 10 10 9 7 7 13 13 13 6 6 38 11 11 5 5 5 4 4 5 10 10 3 3 4 2 2 2 1 1 0 0 0 0 0 0 0 0 0 0 0 0 0 0
 15 15 10 10 10 9 7 7 13 13 13 6 6 38 11 11 5 5 5 4 4 5 10 10 3 3 4 2 2 2 1 1 0 0 0 0 0 0 0 0 0 0 0 0 0 0
 13 13 11 7 7 7 23 23 22 22 34 38 38 37 10 10 9 9 5 8 8 8 16 16 10 10 7 1 1 0 0 0 1 1 0 0 0 1 0 0 0 0 0 1 1 0
 16 16 9 7 7 6 22 22 22 22 15 7 7 8 10 10 8 8 6 9 9 11 20 20 8 8 7 3 3 0 1 1 0 0 0 0 0 1 0 0 1 1 1 0 0 0
 16 16 9 7 7 6 22 22 22 22 15 7 7 8 10 10 8 8 6 9 9 11 20 20 8 8 7 3 3 0 1 1 0 0 0 0 0 1 0 0 1 1 1 0 0 0
 12 12 10 3 3 2 23 23 23 23 16 5 5 5 9 9 8 8 6 10 10 10 13 13 9 9 9 4 4 1 1 1 1 1 2 1 1 0 1 1 1 1 1 0 0 0
 7 7 6 3 3 2 2 2 4 4 4 5 5 7 7 7 8 8 5 8 8 11 12 12 22 22 11 7 7 6 6 6 4 4 3 1 1 1 1 1 1 1 0 0 0 0
 7 7 6 3 3 2 2 2 4 4 4 5 5 7 7 7 8 8 5 8 8 11 12 12 22 22 11 7 7 6 6 6 4 4 3 1 1 1 1 1 1 1 0 0 0 0
 4 4 5 3 3 1 1 1 5 5 5 4 4 7 6 6 7 7 4 7 7 11 8 8 10 10 12 11 11 10 8 8 7 7 4 2 2 0 0 0 0 0 0 0 0 0
 4 4 5 3 3 1 1 1 5 5 5 4 4 7 6 6 7 7 4 7 7 11 8 8 10 10 12 11 11 10 8 8 7 7 4 2 2 0 0 0 0 0 0 0 0 0
 5 5 3 2 2 1 2 2 9 9 7 5 5 6 6 6 6 6 3 5 5 7 7 7 14 14 14 10 10 13 13 13 4 4 3 4 4 0 0 0 0 0 0 0 0 0
 4 4 2 2 2 3 4 4 9 9 6 4 4 4 5 5 6 6 3 3 3 6 6 6 11 11 13 17 17 9 7 7 5 5 2 1 1 0 0 0 0 0 0 0 0 0
 4 4 2 2 2 3 4 4 9 9 6 4 4 4 5 5 6 6 3 3 3 6 6 6 11 11 13 17 17 9 7 7 5 5 2 1 1 0 0 0 0 0 0 0 0 0
 13 13 14 22 22 14 12 12 13 13 6 4 4 3 6 6 6 6 5 3 3 5 6 6 8 8 10 10 10 7 6 6 6 6 4 2 2 0 1 1 0 0 0 0 0 0
 17 17 20 25 25 16 14 14 9 9 8 2 2 3 7 7 6 6 5 4 4 7 10 10 11 11 9 7 7 7 7 7 5 5 3 2 2 0 0 0 0 0 0 0 0 0
 17 17 20 25 25 16 14 14 9 9 8 2 2 3 7 7 6 6 5 4 4 7 10 10 11 11 9 7 7 7 7 7 5 5 3 2 2 0 0 0 0 0 0 0 0 0
 5 5 5 7 7 6 6 6 6 6 16 17 17 31 25 25 23 23 7 5 5 7 5 5 5 5 9 5 5 5 7 7 3 3 7 4 4 1 0 0 0 0 0 0 0 0
 5 5 5 7 7 6 6 6 6 6 16 17 17 31 25 25 23 23 7 5 5 7 5 5 5 5 9 5 5 5 7 7 3 3 7 4 4 1 0 0 0 0 0 0 0 0
 4 4 4 5 5 6 12 12 18 18 23 26 26 24 25 25 4 4 7 8 8 5 7 7 5 5 7 5 5 5 6 6 1 1 4 3 3 1 0 0 1 1 1 1 1 1
 3 3 3 4 4 5 7 7 5 5 6 10 10 11 11 11 5 5 8 10 10 6 4 4 4 4 11 7 7 6 1 1 1 1 3 0 0 0 1 1 1 1 1 1 1 2
 3 3 3 4 4 5 7 7 5 5 6 10 10 11 11 11 5 5 8 10 10 6 4 4 4 4 11 7 7 6 1 1 1 1 3 0 0 0 1 1 1 1 1 1 1 2
 5 5 5 4 4 4 3 3 2 2 4 8 8 5 6 6 6 6 12 11 11 7 6 6 8 8 10 12 12 3 0 0 0 0 0 0 0 0 0 0 0 0 0 0 0 0
 9 9 8 6 6 4 3 3 2 2 1 1 1 2 5 5 7 7 10 10 10 7 5 5 11 11 11 9 9 6 3 3 2 2 0 0 0 0 0 0 0 0 0 0 0 0
 9 9 8 6 6 4 3 3 2 2 1 1 1 2 5 5 7 7 10 10 10 7 5 5 11 11 11 9 9 6 3 3 2 2 0 0 0 0 0 0 0 0 0 0 0 0
 5 5 5 4 4 3 3 3 2 2 3 3 3 5 7 7 10 10 11 10 10 7 2 2 3 3 7 10 10 6 3 3 2 2 0 0 0 0 0 0 0 0 0 0 0 0
 5 5 5 4 4 3 3 3 2 2 3 3 3 5 7 7 10 10 11 10 10 7 2 2 3 3 7 10 10 6 3 3 2 2 0 0 0 0 0 0 0 0 0 0 0 0
 5 5 5 5 5 5 4 4 4 4 4 4 4 5 7 7 11 11 10 8 8 6 2 2 1 1 4 6 6 9 1 1 1 1 0 0 0 0 0 0 1 1 1 0 0 0
 3 3 4 4 4 4 4 4 4 4 6 4 4 6 9 9 10 10 9 7 7 4 4 4 1 1 2 2 2 1 0 0 1 1 0 0 0 0 2 2 1 1 1 0 0 0
 3 3 4 4 4 4 4 4 4 4 6 4 4 6 9 9 10 10 9 7 7 4 4 4 1 1 2 2 2 1 0 0 1 1 0 0 0 0 2 2 1 1 1 0 0 0
 4 4 4 4 4 3 3 3 4 4 5 6 6 8 7 7 7 7 6 5 5 3 3 3 2 2 0 1 1 1 2 2 2 2 0 0 0 3 4 4 19 19 6 1 1 1
 7 7 6 5 5 4 3 3 4 4 8 11 11 10 8 8 4 4 3 4 4 4 3 3 2 2 1 1 1 1 2 2 2 2 4 3 3 1 1 1 6 6 9 1 1 0
 7 7 6 5 5 4 3 3 4 4 8 11 11 10 8 8 4 4 3 4 4 4 3 3 2 2 1 1 1 1 2 2 2 2 4 3 3 1 1 1 6 6 9 1 1 0
 9 9 7 6 6 6 7 7 8 8 10 7 7 5 5 5 2 2 3 4 4 3 3 3 3 3 3 2 2 1 4 4 2 2 1 2 2 0 0 0 0 0 1 2 2 0
 9 9 7 6 6 6 7 7 8 8 10 7 7 5 5 5 2 2 3 4 4 3 3 3 3 3 3 2 2 1 4 4 2 2 1 2 2 0 0 0 0 0 1 2 2 0
 13 13 11 9 9 8 9 9 9 9 8 5 5 2 1 1 2 2 2 4 4 4 5 5 3 3 3 1 1 1 1 1 3 3 1 1 1 2 0 0 0 0 0 2 2 0
 18 18 14 12 12 11 10 10 8 8 5 2 2 1 1 1 2 2 3 5 5 6 4 4 6 6 6 2 2 3 1 1 0 0 3 3 3 1 1 1 0 0 0 4 4 2
 18 18 14 12 12 11 10 10 8 8 5 2 2 1 1 1 2 2 3 5 5 6 4 4 6 6 6 2 2 3 1 1 0 0 3 3 3 1 1 1 0 0 0 4 4 2
 20 20 17 13 13 10 7 7 4 4 3 1 1 1 1 1 3 3 4 4 4 6 4 4 10 10 12 6 6 1 1 1 1 1 2 6 6 4 4 4 2 2 1 2 2 0
 15 15 13 9 9 6 4 4 2 2 2 1 1 2 2 2 2 2 1 1 1 1 2 2 11 11 30 8 8 1 1 1 0 0 0 2 2 7 2 2 0 0 3 2 2 2
