assets/RAT_results/precipitation/2019-10-21_IMERG.asc
ncols        46
nrows        77
xllcorner    74.800261325624
yllcorner    8.058333333333
cellsize     0.062500000000
NODATA_value -9999
 15 15 12 11 11 9 23 23 18 18 28 20 20 15 16 16 15 15 15 17 17 22 27 27 41 41 45 55 55 32 34 34 38 38 25 23 23 20 15 15 27 27 27 25 25 16
 15 15 13 10 10 9 12 12 13 13 22 20 20 18 18 18 13 13 13 17 17 27 21 21 32 32 49 53 53 31 30 30 34 34 33 23 23 21 18 18 17 17 14 13 13 9
 15 15 13 10 10 9 12 12 13 13 22 20 20 18 18 18 13 13 13 17 17 27 21 21 32 32 49 53 53 31 30 30 34 34 33 23 23 21 18 18 17 17 14 13 13 9
 18 18 17 9 9 9 11 11 10 10 14 19 19 15 20 20 14 14 16 16 16 27 31 31 44 44 55 48 48 35 35 35 24 24 20 26 26 18 17 17 15 15 8 5 5 9
 19 19 21 9 9 12 14 14 9 9 12 15 15 16 16 16 16 16 15 15 15 21 24 24 31 31 60 50 50 57 32 32 26 26 16 20 20 16 17 17 18 18 5 6 6 2
 19 19 21 9 9 12 14 14 9 9 12 15 15 16 16 16 16 16 15 15 15 21 24 24 31 31 60 50 50 57 32 32 26 26 16 20 20 16 17 17 18 18 5 6 6 2
 33 33 32 25 25 16 14 14 10 10 13 11 11 11 12 12 14 14 14 15 15 19 26 26 46 46 78 82 82 59 32 32 26 26 26 5 5 8 13 13 11 11 7 5 5 4
 33 33 32 25 25 16 14 14 10 10 13 11 11 11 12 12 14 14 14 15 15 19 26 26 46 46 78 82 82 59 32 32 26 26 26 5 5 8 13 13 11 11 7 5 5 4
 31 31 32 26 26 17 17 17 12 12 8 12 12 13 13 13 13 13 11 14 14 15 20 20 26 26 89 99 99 40 34 34 31 31 32 19 19 13 15 15 16 16 10 8 8 7
 28 28 24 32 32 20 21 21 13 13 11 11 11 11 12 12 12 12 14 16 16 19 17 17 18 18 20 17 17 38 34 34 29 29 32 20 20 16 18 18 20 20 20 17 17 12
 28 28 24 32 32 20 21 21 13 13 11 11 11 11 12 12 12 12 14 16 16 19 17 17 18 18 20 17 17 38 34 34 29 29 32 20 20 16 18 18 20 20 20 17 17 12
 29 29 26 28 28 20 20 20 16 16 15 17 17 15 12 12 10 10 12 14 14 19 20 20 22 22 22 20 20 22 21 21 28 28 25 23 23 17 16 16 15 15 22 20 20 20
 30 30 29 27 27 33 26 26 20 20 22 12 12 12 11 11 9 9 12 13 13 10 11 11 12 12 14 14 14 18 20 20 18 18 28 21 21 18 17 17 12 12 11 11 11 18
 30 30 29 27 27 33 26 26 20 20 22 12 12 12 11 11 9 9 12 13 13 10 11 11 12 12 14 14 14 18 20 20 18 18 28 21 21 18 17 17 12 12 11 11 11 18
 32 32 23 27 27 29 27 27 23 23 21 17 17 15 14 14 15 15 13 11 11 7 9 9 12 12 13 12 12 14 20 20 24 24 21 20 20 19 17 17 13 13 10 9 9 12
 32 32 23 27 27 29 27 27 23 23 21 17 17 15 14 14 15 15 13 11 11 7 9 9 12 12 13 12 12 14 20 20 24 24 21 20 20 19 17 17 13 13 10 9 9 12
 31 31 24 31 31 33 29 29 35 35 25 19 19 17 15 15 13 13 14 10 10 9 7 7 11 11 11 16 16 13 17 17 17 17 18 16 16 13 19 19 19 19 16 23 23 23
 31 31 34 54 54 49 44 44 46 46 29 20 20 16 13 13 16 16 17 14 14 9 8 8 9 9 15 16 16 14 14 14 13 13 17 15 15 18 21 21 20 20 18 21 21 19
 31 31 34 54 54 49 44 44 46 46 29 20 20 16 13 13 16 16 17 14 14 9 8 8 9 9 15 16 16 14 14 14 13 13 17 15 15 18 21 21 20 20 18 21 21 19
 37 37 32 40 40 47 37 37 32 32 26 21 21 18 12 12 12 12 17 13 13 13 18 18 10 10 15 18 18 13 12 12 13 13 14 15 15 19 18 18 17 17 15 17 17 17
 37 37 34 20 20 41 35 35 31 31 22 27 27 19 14 14 12 12 16 17 17 19 15 15 13 13 12 11 11 10 10 10 14 14 20 21 21 24 20 20 19 19 17 16 16 16
 37 37 34 20 20 41 35 35 31 31 22 27 27 19 14 14 12 12 16 17 17 19 15 15 13 13 12 11 11 10 10 10 14 14 20 21 21 24 20 20 19 19 17 16 16 16
 36 36 41 28 28 18 16 16 21 21 23 18 18 18 15 15 14 14 15 19 19 15 12 12 14 14 14 11 11 12 9 9 11 11 11 27 27 15 20 20 15 15 13 17 17 15
 36 36 41 28 28 18 16 16 21 21 23 18 18 18 15 15 14 14 15 19 19 15 12 12 14 14 14 11 11 12 9 9 11 11 11 27 27 15 20 20 15 15 13 17 17 15
 44 44 38 27 27 17 14 14 15 15 15 12 12 14 15 15 16 16 14 18 18 14 9 9 9 9 8 7 7 10 8 8 8 8 8 10 10 14 13 13 11 11 12 12 12 12
 47 47 44 45 45 25 16 16 13 13 14 19 19 18 24 24 24 24 23 30 30 19 14 14 11 11 10 16 16 19 9 9 8 8 5 7 7 9 8 8 12 12 12 18 18 17
 47 47 44 45 45 25 16 16 13 13 14 19 19 18 24 24 24 24 23 30 30 19 14 14 11 11 10 16 16 19 9 9 8 8 5 7 7 9 8 8 12 12 12 18 18 17
 55 55 57 59 59 33 18 18 18 18 18 24 24 24 29 29 27 27 27 28 28 30 24 24 26 26 8 10 10 14 8 8 7 7 9 7 7 13 12 12 13 13 14 14 14 16
 57 57 58 58 58 44 36 36 22 22 20 25 25 24 32 32 34 34 33 34 34 31 29 29 38 38 22 16 16 16 12 12 12 12 10 10 10 14 18 18 14 14 19 25 25 25
 57 57 58 58 58 44 36 36 22 22 20 25 25 24 32 32 34 34 33 34 34 31 29 29 38 38 22 16 16 16 12 12 12 12 10 10 10 14 18 18 14 14 19 25 25 25
 59 59 67 70 70 63 58 58 37 37 24 28 28 30 32 32 33 33 31 29 29 28 47 47 40 40 32 15 15 13 11 11 12 12 13 16 16 15 16 16 12 12 16 15 15 19
 59 59 67 70 70 63 58 58 37 37 24 28 28 30 32 32 33 33 31 29 29 28 47 47 40 40 32 15 15 13 11 11 12 12 13 16 16 15 16 16 12 12 16 15 15 19
 60 60 71 70 70 64 71 71 52 52 44 40 40 49 40 40 34 34 30 24 24 24 40 40 35 35 27 18 18 18 10 10 10 10 14 13 13 15 14 14 16 16 15 12 12 16
 58 58 66 75 75 68 92 92 94 94 57 49 49 53 45 45 43 43 43 41 41 30 32 32 26 26 26 14 14 11 8 8 7 7 10 12 12 16 21 21 16 16 13 13 13 14
 58 58 66 75 75 68 92 92 94 94 57 49 49 53 45 45 43 43 43 41 41 30 32 32 26 26 26 14 14 11 8 8 7 7 10 12 12 16 21 21 16 16 13 13 13 14
 53 53 58 72 72 71 89 89 101 101 78 72 72 70 62 62 52 52 50 44 44 43 40 40 25 25 27 21 21 15 9 9 15 15 13 23 23 32 16 16 16 16 13 12 12 11
 51 51 64 75 75 82 94 94 107 107 107 73 73 59 61 61 59 59 54 48 48 42 29 29 25 25 25 17 17 13 13 13 17 17 21 16 16 15 14 14 14 14 13 13 13 10
 51 51 64 75 75 82 94 94 107 107 107 73 73 59 61 61 59 59 54 48 48 42 29 29 25 25 25 17 17 13 13 13 17 17 21 16 16 15 14 14 14 14 13 13 13 10
 54 54 71 87 87 84 100 100 107 107 127 79 79 75 67 67 58 58 51 52 52 44 27 27 23 23 22 24 24 8 7 7 12 12 10 13 13 13 7 7 9 9 8 11 11 12
 54 54 71 87 87 84 100 100 107 107 127 79 79 75 67 67 58 58 51 52 52 44 27 27 23 23 22 24 24 8 7 7 12 12 10 13 13 13 7 7 9 9 8 11 11 12
 57 57 74 78 78 87 102 102 97 97 102 96 96 90 69 69 63 63 50 53 53 46 42 42 37 37 34 26 26 18 9 9 11 11 6 8 8 12 11 11 10 10 14 16 16 12
 57 57 71 74 74 83 101 101 97 97 92 88 88 80 75 75 74 74 80 51 51 50 51 51 40 40 23 17 17 17 7 7 9 9 5 7 7 8 6 6 6 6 11 9 9 9
 57 57 71 74 74 83 101 101 97 97 92 88 88 80 75 75 74 74 80 51 51 50 51 51 40 40 23 17 17 17 7 7 9 9 5 7 7 8 6 6 6 6 11 9 9 9
 48 48 56 58 58 86 103 103 110 110 107 90 90 73 97 97 92 92 70 65 65 56 49 49 44 44 17 17 17 14 9 9 7 7 7 8 8 8 4 4 3 3 4 4 4 3
 51 51 60 61 61 73 77 77 87 87 86 76 76 72 82 82 87 87 68 75 75 79 57 57 51 51 24 13 13 14 10 10 10 10 7 7 7 5 4 4 4 4 2 3 3 3
 51 51 60 61 61 73 77 77 87 87 86 76 76 72 82 82 87 87 68 75 75 79 57 57 51 51 24 13 13 14 10 10 10 10 7 7 7 5 4 4 4 4 2 3 3 3
 50 50 56 68 68 74 83 83 95 95 84 54 54 77 71 71 73 73 84 80 80 70 76 76 45 45 29 22 22 19 15 15 17 17 17 12 12 6 6 6 4 4 3 4 4 6
 50 50 56 68 68 74 83 83 95 95 84 54 54 77 71 71 73 73 84 80 80 70 76 76 45 45 29 22 22 19 15 15 17 17 17 12 12 6 6 6 4 4 3 4 4 6
 54 54 65 69 69 73 86 86 96 96 88 49 49 59 69 69 62 62 73 96 96 84 77 77 52 52 43 32 32 32 22 22 16 16 16 13 13 8 7 7 7 7 7 8 8 12
 56 56 73 74 74 87 97 97 112 112 97 50 50 52 51 51 52 52 54 65 65 82 79 79 52 52 48 42 42 37 32 32 22 22 25 20 20 15 9 9 10 10 12 11 11 12
 56 56 73 74 74 87 97 97 112 112 97 50 50 52 51 51 52 52 54 65 65 82 79 79 52 52 48 42 42 37 32 32 22 22 25 20 20 15 9 9 10 10 12 11 11 12
 52 52 73 80 80 83 92 92 88 88 91 52 52 53 42 42 49 49 58 57 57 56 60 60 55 55 59 45 45 39 39 39 35 35 27 19 19 17 12 12 12 12 15 18 18 19
 42 42 70 77 77 80 86 86 79 79 56 49 49 52 49 49 49 49 56 54 54 58 54 54 60 60 67 51 51 45 45 45 42 42 37 25 25 23 16 16 16 16 17 17 17 19
 42 42 70 77 77 80 86 86 79 79 56 49 49 52 49 49 49 49 56 54 54 58 54 54 60 60 67 51 51 45 45 45 42 42 37 25 25 23 16 16 16 16 17 17 17 19
 42 42 53 57 57 60 57 57 50 50 53 43 43 47 43 43 41 41 41 46 46 56 75 75 61 61 50 48 48 49 44 44 40 40 37 34 34 28 24 24 21 21 19 17 17 15
 42 42 53 57 57 60 57 57 50 50 53 43 43 47 43 43 41 41 41 46 46 56 75 75 61 61 50 48 48 49 44 44 40 40 37 34 34 28 24 24 21 21 19 17 17 15
 31 31 34 43 43 42 54 54 44 44 43 37 37 35 42 42 40 40 47 55 55 69 93 93 53 53 37 41 41 40 52 52 48 48 45 40 40 31 30 30 19 19 19 15 15 15
 40 40 40 36 36 37 46 46 39 39 40 37 37 38 33 33 34 34 29 33 33 51 52 52 31 31 31 37 37 34 36 36 42 42 50 39 39 33 28 28 17 17 17 14 14 14
 40 40 40 36 36 37 46 46 39 39 40 37 37 38 33 33 34 34 29 33 33 51 52 52 31 31 31 37 37 34 36 36 42 42 50 39 39 33 28 28 17 17 17 14 14 14
 40 40 44 46 46 47 36 36 39 39 43 39 39 34 27 27 29 29 27 22 22 23 41 41 26 26 32 29 29 28 35 35 34 34 39 35 35 28 27 27 17 17 16 15 15 16
 36 36 44 52 52 43 33 33 40 40 44 33 33 26 19 19 17 17 17 12 12 8 9 9 15 15 24 22 22 29 29 29 31 31 34 34 34 29 22 22 16 16 15 12 12 14
 36 36 44 52 52 43 33 33 40 40 44 33 33 26 19 19 17 17 17 12 12 8 9 9 15 15 24 22 22 29 29 29 31 31 34 34 34 29 22 22 16 16 15 12 12 14
 32 32 31 42 42 62 56 56 37 37 33 24 24 22 15 15 12 12 11 11 11 7 8 8 15 15 15 19 19 20 26 26 27 27 36 23 23 24 15 15 16 16 13 13 13 11
 32 32 31 42 42 62 56 56 37 37 33 24 24 22 15 15 12 12 11 11 11 7 8 8 15 15 15 19 19 20 26 26 27 27 36 23 23 24 15 15 16 16 13 13 13 11
 21 21 34 36 36 32 32 32 32 32 24 15 15 14 11 11 10 10 6 4 4 4 4 4 7 7 14 17 17 23 21 21 20 20 18 14 14 16 16 16 16 16 14 13 13 11
 18 18 23 35 35 27 29 29 27 27 20 15 15 10 9 9 8 8 5 5 5 4 4 4 7 7 10 14 14 20 21 21 17 17 15 13 13 12 15 15 16 16 13 11 11 12
 18 18 23 35 35 27 29 29 27 27 20 15 15 10 9 9 8 8 5 5 5 4 4 4 7 7 10 14 14 20 21 21 17 17 15 13 13 12 15 15 16 16 13 11 11 12
 15 15 21 24 24 20 23 23 26 26 16 14 14 8 7 7 7 7 5 4 4 5 3 3 6 6 9 14 14 20 22 22 17 17 13 17 17 14 16 16 15 15 13 12 12 11
 16 16 20 22 22 19 23 23 13 13 13 13 13 8 6 6 6 6 5 5 5 5 7 7 6 6 9 17 17 23 22 22 23 23 23 17 17 16 18 18 16 16 16 13 13 8
 16 16 20 22 22 19 23 23 13 13 13 13 13 8 6 6 6 6 5 5 5 5 7 7 6 6 9 17 17 23 22 22 23 23 23 17 17 16 18 18 16 16 16 13 13 8
 13 13 14 16 16 19 20 20 14 14 15 9 9 8 7 7 6 6 6 5 5 7 8 8 14 14 10 18 18 23 27 27 31 31 29 28 28 20 20 20 20 20 19 14 14 8
 13 13 14 16 16 19 20 20 14 14 15 9 9 8 7 7 6 6 6 5 5 7 8 8 14 14 10 18 18 23 27 27 31 31 29 28 28 20 20 20 20 20 19 14 14 8
 13 13 13 12 12 17 15 15 13 13 14 10 10 8 9 9 8 8 10 13 13 9 12 12 16 16 20 21 21 22 25 25 34 34 34 32 32 31 31 31 20 20 25 14 14 8
 11 11 11 16 16 15 19 19 16 16 16 12 12 11 8 8 10 10 10 13 13 13 17 17 19 19 22 24 24 24 33 33 36 36 61 57 57 38 39 39 31 31 28 15 15 8
 11 11 11 16 16 15 19 19 16 16 16 12 12 11 8 8 10 10 10 13 13 13 17 17 19 19 22 24 24 24 33 33 36 36 61 57 57 38 39 39 31 31 28 15 15 8
 8 8 11 19 19 18 19 19 15 15 15 13 13 13 14 14 17 17 14 14 14 18 19 19 20 20 23 24 24 25 35 35 39 39 53 61 61 62 35 35 28 28 30 17 17 13
 8 8 13 17 17 17 17 17 14 14 16 16 16 15 15 15 16 16 16 17 17 17 20 20 24 24 24 28 28 31 35 35 36 36 43 55 55 61 46 46 31 31 26 17 17 14
