assets/RAT_results/precipitation/2019-05-24_IMERG.asc
ncols        46
nrows        77
xllcorner    74.800261325624
yllcorner    8.058333333333
cellsize     0.062500000000
NODATA_value -9999
 14 14 16 21 21 16 15 15 12 12 13 8 8 11 11 11 12 12 10 14 14 22 14 14 36 36 34 43 43 26 16 16 10 10 13 11 11 10 10 10 8 8 5 3 3 2
 12 12 13 9 9 14 17 17 5 5 6 3 3 5 6 6 9 9 10 14 14 19 14 14 35 35 33 23 23 24 14 14 29 29 11 13 13 13 10 10 8 8 6 3 3 3
 12 12 13 9 9 14 17 17 5 5 6 3 3 5 6 6 9 9 10 14 14 19 14 14 35 35 33 23 23 24 14 14 29 29 11 13 13 13 10 10 8 8 6 3 3 3
 11 11 16 10 10 7 6 6 5 5 4 3 3 11 7 7 9 9 13 18 18 22 21 21 36 36 35 23 23 6 25 25 27 27 20 10 10 13 9 9 8 8 5 3 3 2
 9 9 12 11 11 9 8 8 15 15 12 11 11 11 8 8 9 9 23 14 14 19 19 19 18 18 11 8 8 7 25 25 24 24 6 7 7 7 6 6 5 5 3 4 4 2
 9 9 12 11 11 9 8 8 15 15 12 11 11 11 8 8 9 9 23 14 14 19 19 19 18 18 11 8 8 7 25 25 24 24 6 7 7 7 6 6 5 5 3 4 4 2
 9 9 8 11 11 10 9 9 7 7 22 22 22 22 16 16 19 19 21 17 17 13 18 18 23 23 17 8 8 8 13 13 11 11 6 6 6 4 13 13 7 7 4 3 3 2
 9 9 8 11 11 10 9 9 7 7 22 22 22 22 16 16 19 19 21 17 17 13 18 18 23 23 17 8 8 8 13 13 11 11 6 6 6 4 13 13 7 7 4 3 3 2
 10 10 9 10 10 10 9 9 9 9 23 23 23 22 17 17 21 21 24 26 26 18 19 19 20 20 14 9 9 7 5 5 4 4 6 8 8 11 17 17 21 21 10 5 5 1
 12 12 11 10 10 10 11 11 9 9 22 22 22 21 18 18 21 21 23 25 25 14 13 13 18 18 12 6 6 5 4 4 11 11 5 15 15 21 19 19 20 20 6 4 4 1
 12 12 11 10 10 10 11 11 9 9 22 22 22 21 18 18 21 21 23 25 25 14 13 13 18 18 12 6 6 5 4 4 11 11 5 15 15 21 19 19 20 20 6 4 4 1
 13 13 13 8 8 10 11 11 9 9 22 14 14 13 14 14 19 19 20 21 21 16 15 15 16 16 16 7 7 4 3 3 15 15 15 50 50 27 43 43 9 9 6 4 4 1
 11 11 15 11 11 13 9 9 10 10 14 13 13 13 13 13 18 18 19 19 19 16 16 16 13 13 12 5 5 4 3 3 3 3 26 58 58 60 24 24 6 6 7 2 2 1
 11 11 15 11 11 13 9 9 10 10 14 13 13 13 13 13 18 18 19 19 19 16 16 16 13 13 12 5 5 4 3 3 3 3 26 58 58 60 24 24 6 6 7 2 2 1
 8 8 8 10 10 10 9 9 8 8 6 7 7 6 6 6 16 16 17 18 18 15 15 15 11 11 6 4 4 7 7 7 11 11 32 18 18 10 31 31 30 30 1 6 6 0
 8 8 8 10 10 10 9 9 8 8 6 7 7 6 6 6 16 16 17 18 18 15 15 15 11 11 6 4 4 7 7 7 11 11 32 18 18 10 31 31 30 30 1 6 6 0
 4 4 5 8 8 5 5 5 6 6 5 5 5 7 7 7 14 14 15 16 16 17 11 11 7 7 5 3 3 3 19 19 13 13 18 44 44 11 11 11 8 8 0 0 0 0
 2 2 2 3 3 3 3 3 2 2 2 5 5 5 5 5 12 12 10 11 11 12 9 9 4 4 4 2 2 3 18 18 14 14 18 18 18 3 7 7 0 0 0 0 0 0
 2 2 2 3 3 3 3 3 2 2 2 5 5 5 5 5 12 12 10 11 11 12 9 9 4 4 4 2 2 3 18 18 14 14 18 18 18 3 7 7 0 0 0 0 0 0
 1 1 1 1 1 2 1 1 1 1 1 12 12 12 12 12 13 13 8 9 9 11 7 7 3 3 4 4 4 4 14 14 16 16 11 11 11 7 0 0 0 0 0 0 0 0
 0 0 0 1 1 1 1 1 1 1 2 14 14 13 12 12 7 7 2 4 4 5 3 3 2 2 2 4 4 6 14 14 18 18 21 5 5 6 0 0 0 0 0 0 0 0
 0 0 0 1 1 1 1 1 1 1 2 14 14 13 12 12 7 7 2 4 4 5 3 3 2 2 2 4 4 6 14 14 18 18 21 5 5 6 0 0 0 0 0 0 0 0
 0 0 1 2 2 2 2 2 2 2 3 3 3 7 5 5 4 4 1 2 2 1 1 1 3 3 1 3 3 9 7 7 12 12 11 2 2 0 0 0 0 0 0 0 0 0
 0 0 1 2 2 2 2 2 2 2 3 3 3 7 5 5 4 4 1 2 2 1 1 1 3 3 1 3 3 9 7 7 12 12 11 2 2 0 0 0 0 0 0 0 0 0
 0 0 0 1 1 1 1 1 2 2 3 2 2 2 1 1 0 0 0 0 0 0 1 1 4 4 1 1 1 1 5 5 2 2 1 0 0 0 0 0 0 0 0 0 0 0
 0 0 0 0 0 1 1 1 1 1 1 1 1 1 0 0 0 0 0 0 0 0 3 3 4 4 5 1 1 1 1 1 1 1 0 0 0 0 0 0 0 0 0 0 0 0
 0 0 0 0 0 1 1 1 1 1 1 1 1 1 0 0 0 0 0 0 0 0 3 3 4 4 5 1 1 1 1 1 1 1 0 0 0 0 0 0 0 0 0 0 0 0
 0 0 0 0 0 1 1 1 1 1 1 1 1 0 0 0 1 1 0 0 0 0 1 1 3 3 0 0 0 0 0 0 0 0 0 0 0 0 0 0 0 0 0 0 0 0
 0 0 0 0 0 0 0 0 0 0 1 1 1 1 2 2 7 7 6 1 1 0 0 0 3 3 0 0 0 0 0 0 0 0 0 0 0 0 0 0 0 0 0 0 0 0
 0 0 0 0 0 0 0 0 0 0 1 1 1 1 2 2 7 7 6 1 1 0 0 0 3 3 0 0 0 0 0 0 0 0 0 0 0 0 0 0 0 0 0 0 0 0
 0 0 0 0 0 0 0 0 0 0 1 3 3 4 5 5 11 11 11 5 5 0 0 0 0 0 0 0 0 0 0 0 0 0 0 0 0 0 0 0 0 0 0 0 0 0
 0 0 0 0 0 0 0 0 0 0 1 3 3 4 5 5 11 11 11 5 5 0 0 0 0 0 0 0 0 0 0 0 0 0 0 0 0 0 0 0 0 0 0 0 0 0
 0 0 0 0 0 0 0 0 1 1 3 7 7 11 10 10 13 13 10 4 4 1 0 0 5 5 0 2 2 0 0 0 0 0 0 0 0 0 0 0 0 0 0 0 0 0
 0 0 0 0 0 0 1 1 1 1 5 10 10 17 18 18 15 15 18 10 10 5 5 5 4 4 0 0 0 0 0 0 0 0 0 0 0 0 0 0 0 0 0 0 0 0
 0 0 0 0 0 0 1 1 1 1 5 10 10 17 18 18 15 15 18 10 10 5 5 5 4 4 0 0 0 0 0 0 0 0 0 0 0 0 0 0 0 0 0 0 0 0
 0 0 0 1 1 1 1 1 2 2 5 9 9 15 19 19 14 14 15 9 9 7 6 6 5 5 1 0 0 0 0 0 0 0 0 0 0 0 0 0 1 1 0 0 0 0
 0 0 1 1 1 1 2 2 2 2 5 7 7 9 14 14 12 12 9 8 8 6 6 6 7 7 9 2 2 0 0 0 0 0 0 0 0 0 0 0 1 1 0 0 0 1
 0 0 1 1 1 1 2 2 2 2 5 7 7 9 14 14 12 12 9 8 8 6 6 6 7 7 9 2 2 0 0 0 0 0 0 0 0 0 0 0 1 1 0 0 0 1
 1 1 2 1 1 2 2 2 3 3 5 7 7 9 11 11 28 28 13 5 5 3 2 2 16 16 9 8 8 3 5 5 1 1 0 0 0 0 0 0 0 0 0 0 0 2
 1 1 2 1 1 2 2 2 3 3 5 7 7 9 11 11 28 28 13 5 5 3 2 2 16 16 9 8 8 3 5 5 1 1 0 0 0 0 0 0 0 0 0 0 0 2
 1 1 1 2 2 2 4 4 6 6 9 9 9 12 16 16 22 22 51 18 18 5 5 5 12 12 7 5 5 18 9 9 1 1 0 0 0 0 0 0 0 0 0 0 0 2
 1 1 1 2 2 2 4 4 7 7 9 9 9 10 12 12 24 24 24 18 18 11 7 7 8 8 8 5 5 5 14 14 3 3 0 0 0 0 1 1 0 0 1 1 1 1
 1 1 1 2 2 2 4 4 7 7 9 9 9 10 12 12 24 24 24 18 18 11 7 7 8 8 8 5 5 5 14 14 3 3 0 0 0 0 1 1 0 0 1 1 1 1
 1 1 1 3 3 3 4 4 7 7 11 10 10 11 14 14 14 14 14 12 12 14 16 16 16 16 23 21 21 10 14 14 7 7 2 1 1 2 2 2 0 0 0 1 1 0
 1 1 2 4 4 5 3 3 5 5 11 10 10 14 18 18 22 22 20 18 18 11 17 17 19 19 15 9 9 10 9 9 10 10 2 1 1 1 1 1 0 0 0 0 0 0
 1 1 2 4 4 5 3 3 5 5 11 10 10 14 18 18 22 22 20 18 18 11 17 17 19 19 15 9 9 10 9 9 10 10 2 1 1 1 1 1 0 0 0 0 0 0
 1 1 1 3 3 3 3 3 4 4 8 9 9 14 19 19 20 20 15 16 16 9 7 7 8 8 10 7 7 11 12 12 2 2 1 0 0 1 0 0 0 0 0 0 0 1
 1 1 1 3 3 3 3 3 4 4 8 9 9 14 19 19 20 20 15 16 16 9 7 7 8 8 10 7 7 11 12 12 2 2 1 0 0 1 0 0 0 0 0 0 0 1
 2 2 3 5 5 3 4 4 5 5 7 9 9 11 15 15 17 17 14 13 13 12 10 10 11 11 8 12 12 14 5 5 1 1 0 1 1 0 0 0 0 0 0 2 2 0
 2 2 4 4 4 3 4 4 6 6 7 9 9 11 10 10 9 9 8 11 11 12 10 10 15 15 8 16 16 22 5 5 1 1 1 2 2 2 1 1 0 0 1 1 1 2
 2 2 4 4 4 3 4 4 6 6 7 9 9 11 10 10 9 9 8 11 11 12 10 10 15 15 8 16 16 22 5 5 1 1 1 2 2 2 1 1 0 0 1 1 1 2
 2 2 3 5 5 4 5 5 6 6 8 11 11 11 15 15 10 10 5 5 5 5 4 4 15 15 13 14 14 35 7 7 1 1 2 5 5 3 0 0 0 0 2 2 2 3
 2 2 4 6 6 6 14 14 11 11 17 13 13 17 19 19 9 9 5 4 4 5 4 4 30 30 31 31 31 38 11 11 2 2 3 3 3 2 0 0 0 0 1 1 1 3
 2 2 4 6 6 6 14 14 11 11 17 13 13 17 19 19 9 9 5 4 4 5 4 4 30 30 31 31 31 38 11 11 2 2 3 3 3 2 0 0 0 0 1 1 1 3
 3 3 4 6 6 12 14 14 20 20 13 13 13 26 39 39 27 27 18 5 5 5 8 8 38 38 39 38 38 40 7 7 6 6 17 4 4 1 1 1 0 0 0 0 0 1
 3 3 4 6 6 12 14 14 20 20 13 13 13 26 39 39 27 27 18 5 5 5 8 8 38 38 39 38 38 40 7 7 6 6 17 4 4 1 1 1 0 0 0 0 0 1
 3 3 5 8 8 23 17 17 21 21 15 23 23 31 26 26 28 28 15 7 7 7 12 12 24 24 21 18 18 16 13 13 13 13 19 4 4 1 1 1 0 0 0 1 1 2
 4 4 6 10 10 22 31 31 15 15 18 34 34 70 23 23 24 24 21 12 12 10 10 10 20 20 17 15 15 15 16 16 11 11 7 3 3 4 1 1 0 0 1 2 2 3
 4 4 6 10 10 22 31 31 15 15 18 34 34 70 23 23 24 24 21 12 12 10 10 10 20 20 17 15 15 15 16 16 11 11 7 3 3 4 1 1 0 0 1 2 2 3
 5 5 7 12 12 19 41 41 16 16 34 69 69 69 23 23 24 24 18 23 23 17 18 18 21 21 14 13 13 14 18 18 11 11 9 5 5 2 0 0 0 0 1 2 2 3
 6 6 9 13 13 22 15 15 66 66 22 69 69 22 27 27 32 32 32 35 35 28 29 29 24 24 22 22 22 23 16 16 12 12 10 4 4 6 0 0 0 0 1 2 2 1
 6 6 9 13 13 22 15 15 66 66 22 69 69 22 27 27 32 32 32 35 35 28 29 29 24 24 22 22 22 23 16 16 12 12 10 4 4 6 0 0 0 0 1 2 2 1
 9 9 21 21 21 21 21 21 17 17 17 69 69 24 25 25 46 46 127 60 60 43 31 31 33 33 24 22 22 27 23 23 15 15 14 7 7 6 0 0 0 0 1 1 1 1
 9 9 21 21 21 21 21 21 17 17 17 69 69 24 25 25 46 46 127 60 60 43 31 31 33 33 24 22 22 27 23 23 15 15 14 7 7 6 0 0 0 0 1 1 1 1
 11 11 24 31 31 19 19 19 26 26 78 56 56 33 32 32 175 175 147 138 138 91 35 35 36 36 30 29 29 23 25 25 38 38 12 6 6 4 4 4 4 4 0 1 1 0
 7 7 15 22 22 30 20 20 33 33 25 16 16 31 43 43 121 121 232 130 130 127 68 68 29 29 35 31 31 23 23 23 43 43 26 26 26 16 20 20 12 12 4 0 0 0
 7 7 15 22 22 30 20 20 33 33 25 16 16 31 43 43 121 121 232 130 130 127 68 68 29 29 35 31 31 23 23 23 43 43 26 26 26 16 20 20 12 12 4 0 0 0
 7 7 11 13 13 15 55 55 72 72 62 59 59 15 23 23 96 96 134 123 123 127 114 114 46 46 35 48 48 33 34 34 48 48 20 28 28 16 13 13 7 7 15 8 8 1
 11 11 14 15 15 12 74 74 49 49 38 11 11 11 16 16 15 15 28 109 109 119 80 80 41 41 35 39 39 34 38 38 92 92 40 28 28 19 23 23 9 9 21 7 7 1
 11 11 14 15 15 12 74 74 49 49 38 11 11 11 16 16 15 15 28 109 109 119 80 80 41 41 35 39 39 34 38 38 92 92 40 28 28 19 23 23 9 9 21 7 7 1
 9 9 10 18 18 24 19 19 56 56 39 13 13 13 18 18 20 20 18 16 16 54 71 71 38 38 40 42 42 55 47 47 108 108 102 51 51 22 18 18 13 13 16 10 10 0
 9 9 10 18 18 24 19 19 56 56 39 13 13 13 18 18 20 20 18 16 16 54 71 71 38 38 40 42 42 55 47 47 108 108 102 51 51 22 18 18 13 13 16 10 10 0
 1 1 4 6 6 8 22 22 56 56 18 18 18 35 23 23 17 17 15 16 16 20 26 26 27 27 39 55 55 51 45 45 57 57 83 45 45 48 23 23 17 17 20 4 4 0
 1 1 2 5 5 9 15 15 13 13 13 17 17 21 22 22 15 15 15 18 18 20 12 12 21 21 34 72 72 67 56 56 45 45 87 42 42 38 20 20 12 12 13 4 4 0
 1 1 2 5 5 9 15 15 13 13 13 17 17 21 22 22 15 15 15 18 18 20 12 12 21 21 34 72 72 67 56 56 45 45 87 42 42 38 20 20 12 12 13 4 4 0
 2 2 3 5 5 6 5 5 15 15 13 11 11 13 17 17 12 12 14 18 18 19 14 14 14 14 29 52 52 106 69 69 23 23 71 35 35 35 11 11 9 9 3 3 3 1
 2 2 2 1 1 2 2 2 2 2 4 5 5 5 13 13 10 10 14 17 17 15 13 13 13 13 33 60 60 96 66 66 40 40 35 6 6 4 2 2 4 4 2 1 1 0
