assets/RAT_results/precipitation/2019-11-29_IMERG.asc
ncols        46
nrows        77
xllcorner    74.800261325624
yllcorner    8.058333333333
cellsize     0.062500000000
NODATA_value -9999
 0 0 0 0 0 0 0 0 0 0 0 0 0 0 0 0 0 0 0 0 0 0 0 0 0 0 0 0 0 0 0 0 0 0 0 0 0 0 0 0 0 0 0 0 0 0
 0 0 0 0 0 0 0 0 0 0 0 0 0 0 0 0 0 0 0 0 0 0 0 0 0 0 0 0 0 0 0 0 0 0 0 0 0 0 0 0 0 0 0 0 0 0
 0 0 0 0 0 0 0 0 0 0 0 0 0 0 0 0 0 0 0 0 0 0 0 0 0 0 0 0 0 0 0 0 0 0 0 0 0 0 0 0 0 0 0 0 0 0
 0 0 0 0 0 0 0 0 0 0 0 0 0 0 0 0 0 0 0 0 0 0 0 0 0 0 0 0 0 0 0 0 0 0 0 0 0 0 0 0 0 0 0 0 0 0
 1 1 1 1 1 1 0 0 0 0 0 0 0 0 0 0 0 0 0 0 0 0 0 0 0 0 0 0 0 0 0 0 0 0 0 0 0 0 0 0 0 0 0 0 0 0
 1 1 1 1 1 1 0 0 0 0 0 0 0 0 0 0 0 0 0 0 0 0 0 0 0 0 0 0 0 0 0 0 0 0 0 0 0 0 0 0 0 0 0 0 0 0
 0 0 0 0 0 0 0 0 0 0 0 0 0 0 0 0 0 0 0 0 0 0 0 0 0 0 0 0 0 0 0 0 0 0 0 0 0 0 0 0 0 0 0 0 0 0
 0 0 0 0 0 0 0 0 0 0 0 0 0 0 0 0 0 0 0 0 0 0 0 0 0 0 0 0 0 0 0 0 0 0 0 0 0 0 0 0 0 0 0 0 0 0
 0 0 0 0 0 0 0 0 0 0 0 0 0 0 0 0 0 0 0 0 0 0 0 0 0 0 0 0 0 0 0 0 0 0 0 0 0 0 0 0 0 0 0 0 0 0
 0 0 0 0 0 0 0 0 0 0 0 0 0 0 0 0 0 0 0 0 0 0 0 0 0 0 0 0 0 0 0 0 0 0 0 0 0 0 0 0 0 0 0 0 0 0
 0 0 0 0 0 0 0 0 0 0 0 0 0 0 0 0 0 0 0 0 0 0 0 0 0 0 0 0 0 0 0 0 0 0 0 0 0 0 0 0 0 0 0 0 0 0
 0 0 0 0 0 0 0 0 0 0 0 0 0 0 0 0 0 0 1 0 0 0 0 0 0 0 0 0 0 0 0 0 0 0 0 0 0 0 0 0 0 0 0 0 0 0
 0 0 0 0 0 0 0 0 1 1 0 0 0 1 1 1 2 2 2 1 1 0 0 0 0 0 0 0 0 0 0 0 0 0 0 0 0 0 0 0 0 0 0 0 0 0
 0 0 0 0 0 0 0 0 1 1 0 0 0 1 1 1 2 2 2 1 1 0 0 0 0 0 0 0 0 0 0 0 0 0 0 0 0 0 0 0 0 0 0 0 0 0
 0 0 0 1 1 2 2 2 2 2 1 1 1 2 3 3 5 5 5 3 3 1 0 0 0 0 0 0 0 0 0 0 0 0 0 0 0 0 0 0 0 0 0 0 0 0
 0 0 0 1 1 2 2 2 2 2 1 1 1 2 3 3 5 5 5 3 3 1 0 0 0 0 0 0 0 0 0 0 0 0 0 0 0 0 0 0 0 0 0 0 0 0
 0 0 0 0 0 1 2 2 1 1 1 2 2 3 6 6 10 10 10 6 6 3 0 0 0 0 0 0 0 0 0 0 0 0 0 0 0 0 0 0 0 0 0 0 0 0
 0 0 0 0 0 0 0 0 0 0 1 2 2 5 9 9 16 16 15 10 10 5 1 1 0 0 0 0 0 0 0 0 0 0 0 0 0 0 0 0 0 0 0 0 0 0
 0 0 0 0 0 0 0 0 0 0 1 2 2 5 9 9 16 16 15 10 10 5 1 1 0 0 0 0 0 0 0 0 0 0 0 0 0 0 0 0 0 0 0 0 0 0
 0 0 0 0 0 0 0 0 0 0 1 2 2 5 12 12 20 20 19 22 22 5 2 2 0 0 0 0 0 0 0 0 0 0 0 0 0 0 0 0 0 0 0 0 0 0
 0 0 0 0 0 0 0 0 0 0 1 2 2 5 13 13 22 22 26 26 26 6 2 2 0 0 0 0 0 0 0 0 0 0 0 0 0 0 0 0 0 0 0 0 0 0
 0 0 0 0 0 0 0 0 0 0 1 2 2 5 13 13 22 22 26 26 26 6 2 2 0 0 0 0 0 0 0 0 0 0 0 0 0 0 0 0 0 0 0 0 0 0
 0 0 0 0 0 0 0 0 0 0 0 1 1 5 15 15 21 21 18 38 38 5 1 1 0 0 0 0 0 1 1 1 1 1 1 0 0 0 0 0 0 0 0 0 0 0
 0 0 0 0 0 0 0 0 0 0 0 1 1 5 15 15 21 21 18 38 38 5 1 1 0 0 0 0 0 1 1 1 1 1 1 0 0 0 0 0 0 0 0 0 0 0
 0 0 0 0 0 0 0 0 0 0 0 0 0 4 11 11 18 18 14 21 21 20 1 1 0 0 0 1 1 1 2 2 1 1 1 0 0 0 1 1 1 1 1 0 0 1
 0 0 0 0 0 0 0 0 0 0 0 0 0 1 6 6 12 12 12 8 8 16 7 7 0 0 0 1 1 2 2 2 2 2 0 0 0 1 1 1 2 2 2 1 1 0
 0 0 0 0 0 0 0 0 0 0 0 0 0 1 6 6 12 12 12 8 8 16 7 7 0 0 0 1 1 2 2 2 2 2 0 0 0 1 1 1 2 2 2 1 1 0
 1 1 1 0 0 0 0 0 0 0 0 0 0 1 1 1 5 5 6 5 5 2 0 0 0 0 0 1 1 2 2 2 5 5 1 1 1 1 2 2 4 4 4 2 2 1
 1 1 0 0 0 0 0 0 0 0 0 0 0 0 1 1 1 1 2 1 1 1 0 0 0 0 3 3 3 6 6 6 6 6 1 1 1 2 2 2 3 3 3 2 2 2
 1 1 0 0 0 0 0 0 0 0 0 0 0 0 1 1 1 1 2 1 1 1 0 0 0 0 3 3 3 6 6 6 6 6 1 1 1 2 2 2 3 3 3 2 2 2
 1 1 1 0 0 0 0 0 0 0 0 0 0 0 0 0 0 0 1 0 0 0 0 0 0 0 3 3 3 6 6 6 5 5 1 1 1 2 1 1 1 1 2 2 2 3
 1 1 1 0 0 0 0 0 0 0 0 0 0 0 0 0 0 0 1 0 0 0 0 0 0 0 3 3 3 6 6 6 5 5 1 1 1 2 1 1 1 1 2 2 2 3
 1 1 1 1 1 0 0 0 0 0 0 0 0 0 0 0 0 0 0 1 1 0 0 0 0 0 5 6 6 6 6 6 6 6 2 1 1 1 0 0 0 0 1 2 2 3
 1 1 1 1 1 0 0 0 0 0 0 0 0 0 0 0 0 0 0 1 1 0 0 0 0 0 5 5 5 5 1 1 1 1 1 0 0 0 0 0 0 0 1 1 1 1
 1 1 1 1 1 0 0 0 0 0 0 0 0 0 0 0 0 0 0 1 1 0 0 0 0 0 5 5 5 5 1 1 1 1 1 0 0 0 0 0 0 0 1 1 1 1
 1 1 1 1 1 0 0 0 0 0 0 0 0 0 0 0 0 0 0 0 0 0 0 0 0 0 4 5 5 5 1 1 0 0 0 0 0 0 0 0 0 0 0 1 1 1
 1 1 1 1 1 0 0 0 0 0 0 0 0 0 1 1 1 1 1 1 1 1 1 1 0 0 0 1 1 2 1 1 0 0 1 1 1 0 0 0 0 0 0 1 1 3
 1 1 1 1 1 0 0 0 0 0 0 0 0 0 1 1 1 1 1 1 1 1 1 1 0 0 0 1 1 2 1 1 0 0 1 1 1 0 0 0 0 0 0 1 1 3
 1 1 1 1 1 0 0 0 0 0 0 1 1 1 1 1 1 1 1 3 3 2 1 1 1 1 0 1 1 1 1 1 1 1 1 2 2 1 0 0 1 1 1 1 1 3
 1 1 1 1 1 0 0 0 0 0 0 1 1 1 1 1 1 1 1 3 3 2 1 1 1 1 0 1 1 1 1 1 1 1 1 2 2 1 0 0 1 1 1 1 1 3
 1 1 1 1 1 1 1 1 1 1 1 1 1 1 2 2 4 4 3 3 3 2 1 1 1 1 0 1 1 1 1 1 2 2 1 2 2 2 1 1 1 1 3 3 3 2
 0 0 1 1 1 1 1 1 1 1 1 1 1 2 2 2 4 4 4 3 3 2 1 1 1 1 1 1 1 1 2 2 1 1 1 4 4 2 2 2 2 2 2 1 1 4
 0 0 1 1 1 1 1 1 1 1 1 1 1 2 2 2 4 4 4 3 3 2 1 1 1 1 1 1 1 1 2 2 1 1 1 4 4 2 2 2 2 2 2 1 1 4
 1 1 1 1 1 1 1 1 1 1 1 2 2 2 2 2 4 4 6 4 4 3 1 1 1 1 1 1 1 2 3 3 1 1 1 2 2 3 3 3 2 2 1 1 1 1
 1 1 1 2 2 3 5 5 9 9 12 14 14 13 12 12 10 10 10 7 7 5 3 3 2 2 1 1 1 1 2 2 4 4 3 1 1 2 2 2 1 1 1 1 1 1
 1 1 1 2 2 3 5 5 9 9 12 14 14 13 12 12 10 10 10 7 7 5 3 3 2 2 1 1 1 1 2 2 4 4 3 1 1 2 2 2 1 1 1 1 1 1
 1 1 2 2 2 4 7 7 11 11 14 15 15 14 12 12 10 10 8 6 6 5 3 3 1 1 1 1 1 1 1 1 3 3 3 1 1 1 1 1 1 1 2 3 3 2
 1 1 2 2 2 4 7 7 11 11 14 15 15 14 12 12 10 10 8 6 6 5 3 3 1 1 1 1 1 1 1 1 3 3 3 1 1 1 1 1 1 1 2 3 3 2
 1 1 2 3 3 4 6 6 10 10 14 16 16 15 11 11 8 8 6 5 5 4 3 3 1 1 1 2 2 2 3 3 5 5 2 1 1 1 1 1 1 1 2 5 5 3
 2 2 3 3 3 4 6 6 9 9 11 11 11 12 8 8 4 4 3 3 3 3 4 4 4 4 4 2 2 1 1 1 2 2 1 1 1 1 1 1 1 1 1 2 2 1
 2 2 3 3 3 4 6 6 9 9 11 11 11 12 8 8 4 4 3 3 3 3 4 4 4 4 4 2 2 1 1 1 2 2 1 1 1 1 1 1 1 1 1 2 2 1
 3 3 3 3 3 3 3 3 5 5 6 6 6 5 3 3 3 3 2 2 2 4 5 5 8 8 7 4 4 2 1 1 3 3 3 3 3 4 3 3 3 3 5 1 1 1
 4 4 4 3 3 2 2 2 3 3 4 3 3 3 2 2 2 2 2 3 3 6 9 9 20 20 20 13 13 7 5 5 4 4 4 10 10 10 12 12 7 7 6 2 2 2
 4 4 4 3 3 2 2 2 3 3 4 3 3 3 2 2 2 2 2 3 3 6 9 9 20 20 20 13 13 7 5 5 4 4 4 10 10 10 12 12 7 7 6 2 2 2
 7 7 6 5 5 4 3 3 4 4 3 3 3 2 1 1 1 1 2 3 3 10 17 17 38 38 36 25 25 10 10 10 9 9 10 12 12 12 14 14 7 7 6 4 4 3
 7 7 6 5 5 4 3 3 4 4 3 3 3 2 1 1 1 1 2 3 3 10 17 17 38 38 36 25 25 10 10 10 9 9 10 12 12 12 14 14 7 7 6 4 4 3
 7 7 6 5 5 4 4 4 4 4 3 3 3 2 2 2 2 2 2 3 3 9 17 17 43 43 37 34 34 16 8 8 10 10 20 14 14 15 17 17 9 9 9 9 9 8
 4 4 4 6 6 6 6 6 6 6 7 6 6 5 4 4 3 3 3 3 3 5 14 14 22 22 39 47 47 30 15 15 20 20 21 24 24 29 30 30 30 30 17 17 17 15
 4 4 4 6 6 6 6 6 6 6 7 6 6 5 4 4 3 3 3 3 3 5 14 14 22 22 39 47 47 30 15 15 20 20 21 24 24 29 30 30 30 30 17 17 17 15
 5 5 5 5 5 6 7 7 8 8 9 9 9 8 6 6 5 5 4 3 3 4 13 13 19 19 38 36 36 23 22 22 32 32 35 38 38 31 31 31 30 30 20 23 23 21
 7 7 7 8 8 8 9 9 10 10 11 11 11 12 10 10 9 9 6 4 4 5 8 8 12 12 18 31 31 25 35 35 35 35 40 44 44 35 34 34 32 32 19 23 23 31
 7 7 7 8 8 8 9 9 10 10 11 11 11 12 10 10 9 9 6 4 4 5 8 8 12 12 18 31 31 25 35 35 35 35 40 44 44 35 34 34 32 32 19 23 23 31
 7 7 8 9 9 12 14 14 16 16 18 18 18 22 21 21 19 19 11 8 8 6 7 7 7 7 9 11 11 24 24 24 26 26 43 45 45 37 35 35 32 32 18 18 18 21
 7 7 8 9 9 12 14 14 16 16 18 18 18 22 21 21 19 19 11 8 8 6 7 7 7 7 9 11 11 24 24 24 26 26 43 45 45 37 35 35 32 32 18 18 18 21
 10 10 10 11 11 14 16 16 17 17 18 18 18 22 21 21 20 20 12 8 8 6 6 6 6 6 8 9 9 24 26 26 27 27 35 38 38 37 34 34 37 37 34 19 19 21
 8 8 9 11 11 13 15 15 17 17 19 21 21 22 18 18 16 16 12 11 11 12 12 12 13 13 14 18 18 23 24 24 27 27 30 33 33 35 35 35 31 31 28 26 26 26
 8 8 9 11 11 13 15 15 17 17 19 21 21 22 18 18 16 16 12 11 11 12 12 12 13 13 14 18 18 23 24 24 27 27 30 33 33 35 35 35 31 31 28 26 26 26
 12 12 11 12 12 15 17 17 20 20 24 30 30 29 19 19 15 15 14 15 15 16 14 14 13 13 14 21 21 23 26 26 28 28 32 34 34 36 39 39 46 46 41 30 30 30
 14 14 14 16 16 20 24 24 28 28 32 37 37 31 24 24 19 19 17 18 18 19 18 18 17 17 15 21 21 21 24 24 26 26 28 29 29 29 34 34 41 41 37 32 32 33
 14 14 14 16 16 20 24 24 28 28 32 37 37 31 24 24 19 19 17 18 18 19 18 18 17 17 15 21 21 21 24 24 26 26 28 29 29 29 34 34 41 41 37 32 32 33
 17 17 17 23 23 34 38 38 44 44 44 43 43 43 41 41 37 37 29 26 26 22 17 17 15 15 12 13 13 17 22 22 26 26 28 31 31 31 33 33 35 35 36 36 36 39
 17 17 17 23 23 34 38 38 44 44 44 43 43 43 41 41 37 37 29 26 26 22 17 17 15 15 12 13 13 17 22 22 26 26 28 31 31 31 33 33 35 35 36 36 36 39
 25 25 29 38 38 49 52 52 59 59 58 56 56 58 57 57 55 55 42 39 39 36 32 32 28 28 19 19 19 22 26 26 32 32 36 32 32 31 31 31 33 33 34 37 37 37
 25 25 29 57 57 83 100 100 102 102 95 91 91 86 76 76 66 66 50 47 47 46 43 43 46 46 33 26 26 26 27 27 33 33 35 36 36 33 33 33 31 31 32 39 39 37
 25 25 29 57 57 83 100 100 102 102 95 91 91 86 76 76 66 66 50 47 47 46 43 43 46 46 33 26 26 26 27 27 33 33 35 36 36 33 33 33 31 31 32 39 39 37
 32 32 36 63 63 70 74 74 82 82 84 83 83 81 73 73 62 62 46 45 45 46 46 46 50 50 45 39 39 35 35 35 37 37 40 41 41 42 36 36 35 35 38 44 44 48
 72 72 89 89 89 87 79 79 72 72 77 78 78 81 81 81 66 66 50 49 49 51 50 50 44 44 42 37 37 36 38 38 40 40 41 43 43 43 46 46 47 47 43 51 51 62
