assets/RAT_results/precipitation/2019-08-08_IMERG.asc
ncols        46
nrows        77
xllcorner    74.800261325624
yllcorner    8.058333333333
cellsize     0.062500000000
NODATA_value -9999
 24 24 25 25 25 29 33 33 35 35 34 96 96 117 144 144 107 107 60 72 72 45 30 30 23 23 20 33 33 24 22 22 13 13 9 10 10 8 7 7 2 2 1 0 0 2
 47 47 61 56 56 50 73 73 56 56 41 47 47 107 78 78 84 84 53 59 59 49 30 30 28 28 27 29 29 27 21 21 17 17 14 9 9 7 2 2 1 1 0 0 0 1
 47 47 61 56 56 50 73 73 56 56 41 47 47 107 78 78 84 84 53 59 59 49 30 30 28 28 27 29 29 27 21 21 17 17 14 9 9 7 2 2 1 1 0 0 0 1
 59 59 65 58 58 56 63 63 62 62 54 69 69 83 83 83 77 77 90 47 47 47 38 38 29 29 24 25 25 24 24 24 17 17 11 9 9 5 1 1 1 1 1 0 0 0
 84 84 81 67 67 72 68 68 52 52 73 57 57 59 69 69 81 81 86 41 41 69 22 22 25 25 24 21 21 19 15 15 17 17 12 7 7 6 1 1 0 0 1 1 1 0
 84 84 81 67 67 72 68 68 52 52 73 57 57 59 69 69 81 81 86 41 41 69 22 22 25 25 24 21 21 19 15 15 17 17 12 7 7 6 1 1 0 0 1 1 1 0
 68 68 74 80 80 98 119 119 115 115 85 80 80 51 65 65 81 81 67 64 64 54 27 27 30 30 38 22 22 21 13 13 15 15 11 10 10 6 3 3 3 3 1 1 1 2
 68 68 74 80 80 98 119 119 115 115 85 80 80 51 65 65 81 81 67 64 64 54 27 27 30 30 38 22 22 21 13 13 15 15 11 10 10 6 3 3 3 3 1 1 1 2
 74 74 99 87 87 109 123 123 127 127 138 110 110 107 148 148 141 141 84 74 74 129 55 55 44 44 39 36 36 20 16 16 16 16 15 17 17 4 4 4 5 5 3 2 2 4
 89 89 76 84 84 114 144 144 120 120 133 123 123 136 149 149 160 160 208 175 175 173 55 55 56 56 42 66 66 49 27 27 23 23 19 19 19 6 7 7 5 5 9 4 4 6
 89 89 76 84 84 114 144 144 120 120 133 123 123 136 149 149 160 160 208 175 175 173 55 55 56 56 42 66 66 49 27 27 23 23 19 19 19 6 7 7 5 5 9 4 4 6
 90 90 88 112 112 125 139 139 125 125 111 138 138 150 216 216 249 249 223 205 205 154 120 120 107 107 70 63 63 57 51 51 26 26 24 23 23 16 17 17 14 14 9 11 11 12
 107 107 74 128 128 107 139 139 132 132 173 175 175 224 275 275 321 321 261 219 219 213 157 157 145 145 107 91 91 68 64 64 47 47 18 26 26 24 25 25 21 21 23 20 20 16
 107 107 74 128 128 107 139 139 132 132 173 175 175 224 275 275 321 321 261 219 219 213 157 157 145 145 107 91 91 68 64 64 47 47 18 26 26 24 25 25 21 21 23 20 20 16
 121 121 149 125 125 137 137 137 223 223 141 218 218 184 243 243 245 245 222 206 206 190 193 193 147 147 131 94 94 68 43 43 39 39 24 24 24 20 28 28 23 23 20 18 18 15
 121 121 149 125 125 137 137 137 223 223 141 218 218 184 243 243 245 245 222 206 206 190 193 193 147 147 131 94 94 68 43 43 39 39 24 24 24 20 28 28 23 23 20 18 18 15
 142 142 153 192 192 174 220 220 238 238 250 248 248 189 177 177 224 224 215 217 217 199 151 151 203 203 150 92 92 68 54 54 42 42 37 26 26 22 33 33 28 28 29 21 21 14
 138 138 109 185 185 168 218 218 219 219 217 238 238 258 249 249 211 211 226 226 226 182 201 201 209 209 109 115 115 92 70 70 56 56 41 24 24 24 27 27 29 29 31 23 23 26
 138 138 109 185 185 168 218 218 219 219 217 238 238 258 249 249 211 211 226 226 226 182 201 201 209 209 109 115 115 92 70 70 56 56 41 24 24 24 27 27 29 29 31 23 23 26
 172 172 153 198 198 204 231 231 238 238 207 221 221 247 142 142 168 168 170 216 216 225 216 216 159 159 116 141 141 105 81 81 65 65 54 27 27 26 26 26 29 29 27 30 30 26
 149 149 169 182 182 124 118 118 103 103 112 131 131 122 144 144 138 138 166 249 249 279 237 237 229 229 177 158 158 111 92 92 70 70 55 42 42 29 31 31 31 31 26 30 30 30
 149 149 169 182 182 124 118 118 103 103 112 131 131 122 144 144 138 138 166 249 249 279 237 237 229 229 177 158 158 111 92 92 70 70 55 42 42 29 31 31 31 31 26 30 30 30
 63 63 85 114 114 186 228 228 225 225 103 103 103 127 125 125 171 171 151 162 162 203 280 280 242 242 210 157 157 141 104 104 87 87 67 50 50 32 22 22 35 35 35 32 32 29
 63 63 85 114 114 186 228 228 225 225 103 103 103 127 125 125 171 171 151 162 162 203 280 280 242 242 210 157 157 141 104 104 87 87 67 50 50 32 22 22 35 35 35 32 32 29
 60 60 69 127 127 262 145 145 131 131 145 100 100 165 161 161 179 179 128 105 105 158 159 159 200 200 188 167 167 162 128 128 117 117 124 105 105 51 33 33 39 39 34 36 36 35
 60 60 63 126 126 167 139 139 83 83 152 171 171 82 109 109 113 113 106 131 131 164 162 162 163 163 159 120 120 132 127 127 143 143 134 97 97 77 47 47 44 44 42 43 43 42
 60 60 63 126 126 167 139 139 83 83 152 171 171 82 109 109 113 113 106 131 131 164 162 162 163 163 159 120 120 132 127 127 143 143 134 97 97 77 47 47 44 44 42 43 43 42
 67 67 92 113 113 155 63 63 51 51 64 72 72 128 108 108 120 120 112 112 112 131 173 173 207 207 178 139 139 154 117 117 133 133 148 107 107 73 54 54 53 53 48 46 46 51
 56 56 64 160 160 87 98 98 57 57 58 71 71 69 117 117 131 131 203 131 131 102 268 268 228 228 238 160 160 154 152 152 189 189 210 160 160 96 83 83 65 65 64 53 53 51
 56 56 64 160 160 87 98 98 57 57 58 71 71 69 117 117 131 131 203 131 131 102 268 268 228 228 238 160 160 154 152 152 189 189 210 160 160 96 83 83 65 65 64 53 53 51
 54 54 48 52 52 75 59 59 57 57 59 78 78 67 86 86 132 132 123 211 211 172 193 193 299 299 245 303 303 286 194 194 235 235 214 211 211 113 133 133 97 97 94 74 74 56
 54 54 48 52 52 75 59 59 57 57 59 78 78 67 86 86 132 132 123 211 211 172 193 193 299 299 245 303 303 286 194 194 235 235 214 211 211 113 133 133 97 97 94 74 74 56
 48 48 56 67 67 81 84 84 58 58 55 52 52 53 71 71 97 97 107 139 139 153 168 168 228 228 244 304 304 298 291 291 262 262 248 203 203 164 132 132 108 108 106 77 77 59
 54 54 75 97 97 129 111 111 73 73 69 55 55 58 65 65 68 68 97 129 129 125 164 164 121 121 195 244 244 299 263 263 273 273 250 211 211 171 119 119 103 103 89 71 71 53
 54 54 75 97 97 129 111 111 73 73 69 55 55 58 65 65 68 68 97 129 129 125 164 164 121 121 195 244 244 299 263 263 273 273 250 211 211 171 119 119 103 103 89 71 71 53
 79 79 137 139 139 160 90 90 66 66 73 53 53 85 97 97 77 77 99 100 100 93 91 91 121 121 143 162 162 275 227 227 210 210 216 197 197 173 124 124 105 105 82 64 64 49
 77 77 135 139 139 107 83 83 89 89 98 104 104 114 128 128 86 86 101 111 111 120 101 101 107 107 145 178 178 175 186 186 178 178 289 187 187 145 113 113 101 101 85 62 62 54
 77 77 135 139 139 107 83 83 89 89 98 104 104 114 128 128 86 86 101 111 111 120 101 101 107 107 145 178 178 175 186 186 178 178 289 187 187 145 113 113 101 101 85 62 62 54
 49 49 69 71 71 75 85 85 84 84 107 125 125 143 157 157 122 122 103 139 139 97 99 99 103 103 102 151 151 264 279 279 282 282 279 159 159 98 85 85 80 80 74 61 61 50
 49 49 69 71 71 75 85 85 84 84 107 125 125 143 157 157 122 122 103 139 139 97 99 99 103 103 102 151 151 264 279 279 282 282 279 159 159 98 85 85 80 80 74 61 61 50
 27 27 45 39 39 48 53 53 98 98 106 124 124 184 200 200 164 164 266 157 157 103 102 102 117 117 115 150 150 155 184 184 218 218 229 159 159 145 99 99 107 107 95 72 72 54
 28 28 40 33 33 30 48 48 55 55 62 97 97 119 242 242 258 258 232 116 116 235 104 104 112 112 133 143 143 175 189 189 262 262 261 193 193 164 97 97 103 103 91 86 86 64
 28 28 40 33 33 30 48 48 55 55 62 97 97 119 242 242 258 258 232 116 116 235 104 104 112 112 133 143 143 175 189 189 262 262 261 193 193 164 97 97 103 103 91 86 86 64
 22 22 29 23 23 29 36 36 40 40 48 80 80 89 206 206 114 114 229 235 235 239 109 109 116 116 130 184 184 168 183 183 201 201 218 187 187 162 101 101 99 99 111 79 79 55
 23 23 28 22 22 28 32 32 34 34 39 47 47 55 88 88 103 103 235 243 243 91 102 102 109 109 133 148 148 157 165 165 198 198 229 234 234 133 114 114 97 97 72 81 81 47
 23 23 28 22 22 28 32 32 34 34 39 47 47 55 88 88 103 103 235 243 243 91 102 102 109 109 133 148 148 157 165 165 198 198 229 234 234 133 114 114 97 97 72 81 81 47
 34 34 30 26 26 37 42 42 42 42 44 52 52 58 61 61 73 73 95 101 101 78 79 79 98 98 105 137 137 151 167 167 201 201 214 168 168 149 137 137 85 85 79 66 66 44
 34 34 30 26 26 37 42 42 42 42 44 52 52 58 61 61 73 73 95 101 101 78 79 79 98 98 105 137 137 151 167 167 201 201 214 168 168 149 137 137 85 85 79 66 66 44
 33 33 33 32 32 39 37 37 44 44 52 55 55 61 71 71 77 77 86 73 73 64 58 58 76 76 120 122 122 141 120 120 182 182 211 231 231 185 102 102 98 98 62 57 57 39
 32 32 31 30 30 37 37 37 41 41 39 46 46 53 62 62 65 65 74 66 66 63 58 58 68 68 82 109 109 128 228 228 268 268 194 207 207 184 100 100 76 76 55 50 50 35
 32 32 31 30 30 37 37 37 41 41 39 46 46 53 62 62 65 65 74 66 66 63 58 58 68 68 82 109 109 128 228 228 268 268 194 207 207 184 100 100 76 76 55 50 50 35
 36 36 31 31 31 33 36 36 33 33 33 36 36 55 63 63 59 59 62 52 52 56 47 47 70 70 72 71 71 105 84 84 149 149 207 200 200 141 105 105 65 65 55 47 47 26
 34 34 27 30 30 29 33 33 35 35 37 42 42 46 56 56 53 53 47 44 44 42 55 55 64 64 65 64 64 64 87 87 95 95 105 100 100 85 69 69 58 58 57 36 36 20
 34 34 27 30 30 29 33 33 35 35 37 42 42 46 56 56 53 53 47 44 44 42 55 55 64 64 65 64 64 64 87 87 95 95 105 100 100 85 69 69 58 58 57 36 36 20
 24 24 22 24 24 27 31 31 27 27 29 37 37 37 45 45 33 33 33 36 36 39 46 46 60 60 62 62 62 66 70 70 71 71 88 130 130 113 91 91 51 51 42 30 30 15
 24 24 22 24 24 27 31 31 27 27 29 37 37 37 45 45 33 33 33 36 36 39 46 46 60 60 62 62 62 66 70 70 71 71 88 130 130 113 91 91 51 51 42 30 30 15
 28 28 24 22 22 21 26 26 25 25 30 36 36 32 42 42 38 38 40 39 39 36 44 44 58 58 62 60 60 61 69 69 65 65 61 58 58 95 67 67 43 43 35 26 26 11
 28 28 26 23 23 23 23 23 26 26 30 31 31 33 40 40 38 38 32 35 35 36 42 42 50 50 59 56 56 56 53 53 50 50 44 50 50 63 49 49 45 45 35 23 23 9
 28 28 26 23 23 23 23 23 26 26 30 31 31 33 40 40 38 38 32 35 35 36 42 42 50 50 59 56 56 56 53 53 50 50 44 50 50 63 49 49 45 45 35 23 23 9
 24 24 24 23 23 23 23 23 25 25 31 30 30 31 36 36 40 40 32 40 40 51 44 44 47 47 60 56 56 50 50 50 43 43 45 40 40 40 66 66 39 39 25 18 18 8
 19 19 19 19 19 21 20 20 23 23 25 25 25 27 32 32 35 35 32 36 36 40 40 40 36 36 42 49 49 43 54 54 38 38 37 29 29 28 53 53 30 30 17 12 12 6
 19 19 19 19 19 21 20 20 23 23 25 25 25 27 32 32 35 35 32 36 36 40 40 40 36 36 42 49 49 43 54 54 38 38 37 29 29 28 53 53 30 30 17 12 12 6
 16 16 17 19 19 19 19 19 19 19 17 19 19 21 27 27 30 30 32 23 23 22 25 25 31 31 40 44 44 38 42 42 36 36 31 23 23 25 22 22 19 19 16 12 12 6
 16 16 17 19 19 19 19 19 19 19 17 19 19 21 27 27 30 30 32 23 23 22 25 25 31 31 40 44 44 38 42 42 36 36 31 23 23 25 22 22 19 19 16 12 12 6
 11 11 13 15 15 18 20 20 20 20 18 15 15 15 18 18 22 22 24 20 20 19 19 19 25 25 27 23 23 48 28 28 30 30 22 17 17 16 13 13 17 17 14 8 8 6
 6 6 9 12 12 16 17 17 19 19 18 18 18 16 17 17 20 20 22 18 18 18 17 17 18 18 21 17 17 23 27 27 19 19 19 14 14 13 17 17 16 16 13 11 11 6
 6 6 9 12 12 16 17 17 19 19 18 18 18 16 17 17 20 20 22 18 18 18 17 17 18 18 21 17 17 23 27 27 19 19 19 14 14 13 17 17 16 16 13 11 11 6
 7 7 7 10 10 12 14 14 15 15 16 18 18 19 20 20 19 19 22 27 27 18 16 16 13 13 13 22 22 29 22 22 17 17 14 10 10 11 15 15 17 17 14 13 13 9
 8 8 7 7 7 9 11 11 12 12 14 16 16 19 20 20 21 21 29 29 29 33 18 18 12 12 11 13 13 20 13 13 17 17 14 10 10 10 14 14 17 17 17 14 14 11
 8 8 7 7 7 9 11 11 12 12 14 16 16 19 20 20 21 21 29 29 29 33 18 18 12 12 11 13 13 20 13 13 17 17 14 10 10 10 14 14 17 17 17 14 14 11
 11 11 9 8 8 10 12 12 13 13 16 18 18 22 25 25 24 24 26 28 28 39 33 33 13 13 9 7 7 12 14 14 12 12 15 12 12 9 8 8 10 10 15 14 14 12
 11 11 9 8 8 10 12 12 13 13 16 18 18 22 25 25 24 24 26 28 28 39 33 33 13 13 9 7 7 12 14 14 12 12 15 12 12 9 8 8 10 10 15 14 14 12
 21 21 13 12 12 14 13 13 16 16 18 21 21 28 31 31 32 32 37 37 37 31 37 37 22 22 9 7 7 7 12 12 13 13 19 16 16 14 11 11 10 10 14 15 15 17
 25 25 19 17 17 15 15 15 18 18 23 26 26 30 35 35 32 32 29 25 25 26 18 18 10 10 10 10 10 8 8 8 17 17 13 12 12 17 17 17 13 13 18 14 14 16
 25 25 19 17 17 15 15 15 18 18 23 26 26 30 35 35 32 32 29 25 25 26 18 18 10 10 10 10 10 8 8 8 17 17 13 12 12 17 17 17 13 13 18 14 14 16
 24 24 23 21 21 20 20 20 22 22 23 23 23 29 30 30 31 31 29 25 25 23 16 16 19 19 13 12 12 12 15 15 17 17 18 19 19 34 20 20 20 20 19 19 19 18
 28 28 31 30 30 27 27 27 27 27 26 26 26 27 27 27 28 28 24 23 23 21 17 17 15 15 14 14 14 17 17 17 33 33 38 35 35 27 28 28 21 21 16 20 20 17
