assets/RAT_results/precipitation/2020-08-07_IMERG.asc
ncols        46
nrows        77
xllcorner    74.800261325624
yllcorner    8.058333333333
cellsize     0.062500000000
NODATA_value -9999
 27 27 32 29 29 32 54 54 52 52 60 49 49 45 27 27 21 21 14 12 12 5 2 2 1 1 1 1 1 1 0 0 1 1 1 1 1 0 0 0 1 1 1 0 0 0
 35 35 30 37 37 44 58 58 52 52 44 49 49 38 25 25 20 20 13 7 7 8 3 3 2 2 1 1 1 1 0 0 0 0 0 1 1 1 1 1 1 1 0 0 0 0
 35 35 30 37 37 44 58 58 52 52 44 49 49 38 25 25 20 20 13 7 7 8 3 3 2 2 1 1 1 1 0 0 0 0 0 1 1 1 1 1 1 1 0 0 0 0
 39 39 45 50 50 61 61 61 51 51 55 45 45 24 21 21 17 17 11 4 4 6 4 4 2 2 1 1 1 1 1 1 0 0 0 1 1 1 1 1 2 2 0 0 0 0
 29 29 51 52 52 49 57 57 91 91 84 77 77 42 21 21 21 21 16 5 5 3 1 1 1 1 1 2 2 2 2 2 1 1 1 2 2 3 3 3 2 2 1 0 0 0
 29 29 51 52 52 49 57 57 91 91 84 77 77 42 21 21 21 21 16 5 5 3 1 1 1 1 1 2 2 2 2 2 1 1 1 2 2 3 3 3 2 2 1 0 0 0
 45 45 50 53 53 44 46 46 72 72 93 67 67 53 40 40 29 29 24 11 11 7 3 3 1 1 2 2 2 2 1 1 1 1 3 1 1 0 0 0 1 1 0 0 0 0
 45 45 50 53 53 44 46 46 72 72 93 67 67 53 40 40 29 29 24 11 11 7 3 3 1 1 2 2 2 2 1 1 1 1 3 1 1 0 0 0 1 1 0 0 0 0
 43 43 38 37 37 52 52 52 52 52 68 79 79 61 52 52 41 41 30 10 10 9 2 2 2 2 2 2 2 3 3 3 3 3 4 2 2 1 1 1 0 0 0 0 0 1
 45 45 30 38 38 54 57 57 78 78 81 87 87 97 67 67 39 39 56 37 37 13 8 8 4 4 1 3 3 3 3 3 6 6 2 2 2 1 0 0 1 1 1 0 0 1
 45 45 30 38 38 54 57 57 78 78 81 87 87 97 67 67 39 39 56 37 37 13 8 8 4 4 1 3 3 3 3 3 6 6 2 2 2 1 0 0 1 1 1 0 0 1
 47 47 44 45 45 53 64 64 76 76 75 88 88 84 75 75 75 75 59 37 37 15 9 9 6 6 4 4 4 3 2 2 1 1 1 1 1 1 2 2 3 3 1 1 1 1
 49 49 49 47 47 60 48 48 67 67 80 75 75 77 60 60 65 65 47 42 42 20 9 9 6 6 3 5 5 4 2 2 3 3 2 1 1 1 1 1 2 2 1 1 1 1
 49 49 49 47 47 60 48 48 67 67 80 75 75 77 60 60 65 65 47 42 42 20 9 9 6 6 3 5 5 4 2 2 3 3 2 1 1 1 1 1 2 2 1 1 1 1
 67 67 70 53 53 46 65 65 64 64 72 74 74 87 71 71 61 61 39 38 38 16 10 10 8 8 3 1 1 2 2 2 0 0 1 1 1 1 1 1 1 1 1 1 1 1
 67 67 70 53 53 46 65 65 64 64 72 74 74 87 71 71 61 61 39 38 38 16 10 10 8 8 3 1 1 2 2 2 0 0 1 1 1 1 1 1 1 1 1 1 1 1
 66 66 71 78 78 78 58 58 73 73 73 83 83 78 60 60 73 73 62 27 27 18 10 10 3 3 2 1 1 4 4 4 1 1 1 2 2 1 1 1 2 2 0 0 0 0
 53 53 63 85 85 83 57 57 62 62 92 94 94 102 102 102 73 73 71 42 42 85 69 69 16 16 11 4 4 5 4 4 1 1 0 0 0 0 0 0 0 0 0 0 0 0
 53 53 63 85 85 83 57 57 62 62 92 94 94 102 102 102 73 73 71 42 42 85 69 69 16 16 11 4 4 5 4 4 1 1 0 0 0 0 0 0 0 0 0 0 0 0
 50 50 55 71 71 72 74 74 72 72 101 104 104 93 116 116 102 102 108 83 83 99 81 81 92 92 12 6 6 3 2 2 0 0 0 0 0 0 0 0 0 0 0 0 0 0
 47 47 62 63 63 63 67 67 69 69 77 89 89 92 122 122 122 122 128 127 127 128 104 104 102 102 12 8 8 6 2 2 2 2 1 0 0 0 0 0 0 0 0 0 0 0
 47 47 62 63 63 63 67 67 69 69 77 89 89 92 122 122 122 122 128 127 127 128 104 104 102 102 12 8 8 6 2 2 2 2 1 0 0 0 0 0 0 0 0 0 0 0
 47 47 55 43 43 43 54 54 57 57 66 78 78 69 110 110 120 120 122 139 139 128 115 115 52 52 19 10 10 12 2 2 1 1 8 7 7 0 0 0 0 0 0 0 0 0
 47 47 55 43 43 43 54 54 57 57 66 78 78 69 110 110 120 120 122 139 139 128 115 115 52 52 19 10 10 12 2 2 1 1 8 7 7 0 0 0 0 0 0 0 0 0
 50 50 50 42 42 25 42 42 36 36 56 71 71 68 106 106 76 76 83 89 89 116 50 50 49 49 13 13 13 10 2 2 0 0 3 1 1 0 0 0 0 0 1 0 0 0
 43 43 48 36 36 38 35 35 36 36 45 52 52 61 56 56 61 61 75 79 79 61 58 58 47 47 33 19 19 10 2 2 0 0 0 1 1 1 0 0 1 1 1 0 0 0
 43 43 48 36 36 38 35 35 36 36 45 52 52 61 56 56 61 61 75 79 79 61 58 58 47 47 33 19 19 10 2 2 0 0 0 1 1 1 0 0 1 1 1 0 0 0
 44 44 54 37 37 35 28 28 32 32 50 54 54 59 59 59 42 42 49 50 50 67 55 55 52 52 25 17 17 16 1 1 4 4 0 0 0 0 0 0 0 0 1 0 0 0
 47 47 57 43 43 60 32 32 35 35 40 51 51 49 58 58 42 42 43 41 41 42 21 21 26 26 15 27 27 43 4 4 13 13 4 0 0 0 0 0 0 0 0 0 0 0
 47 47 57 43 43 60 32 32 35 35 40 51 51 49 58 58 42 42 43 41 41 42 21 21 26 26 15 27 27 43 4 4 13 13 4 0 0 0 0 0 0 0 0 0 0 0
 104 104 83 69 69 75 48 48 39 39 40 36 36 36 50 50 36 36 41 26 26 27 23 23 21 21 14 16 16 22 16 16 21 21 7 3 3 0 0 0 0 0 0 0 0 0
 104 104 83 69 69 75 48 48 39 39 40 36 36 36 50 50 36 36 41 26 26 27 23 23 21 21 14 16 16 22 16 16 21 21 7 3 3 0 0 0 0 0 0 0 0 0
 103 103 84 77 77 60 60 60 51 51 31 41 41 39 45 45 31 31 34 23 23 30 25 25 17 17 11 18 18 22 15 15 18 18 4 5 5 0 0 0 0 0 0 0 0 0
 71 71 67 70 70 68 65 65 64 64 36 28 28 34 33 33 28 28 34 34 34 29 27 27 22 22 21 20 20 16 14 14 16 16 8 4 4 2 1 1 2 2 0 0 0 0
 71 71 67 70 70 68 65 65 64 64 36 28 28 34 33 33 28 28 34 34 34 29 27 27 22 22 21 20 20 16 14 14 16 16 8 4 4 2 1 1 2 2 0 0 0 0
 68 68 53 64 64 69 71 71 63 63 41 45 45 54 48 48 54 54 39 34 34 34 34 34 35 35 33 28 28 26 17 17 18 18 9 5 5 2 2 2 1 1 0 0 0 0
 34 34 53 61 61 67 53 53 44 44 52 48 48 67 83 83 65 65 45 36 36 48 40 40 36 36 41 28 28 27 17 17 14 14 6 4 4 3 2 2 0 0 0 0 0 0
 34 34 53 61 61 67 53 53 44 44 52 48 48 67 83 83 65 65 45 36 36 48 40 40 36 36 41 28 28 27 17 17 14 14 6 4 4 3 2 2 0 0 0 0 0 0
 33 33 42 44 44 47 53 53 42 42 53 55 55 85 80 80 65 65 54 51 51 46 56 56 46 46 42 23 23 17 14 14 7 7 5 5 5 3 1 1 1 1 1 0 0 0
 33 33 42 44 44 47 53 53 42 42 53 55 55 85 80 80 65 65 54 51 51 46 56 56 46 46 42 23 23 17 14 14 7 7 5 5 5 3 1 1 1 1 1 0 0 0
 46 46 55 52 52 53 52 52 45 45 51 64 64 68 71 71 106 106 55 60 60 48 51 51 46 46 40 23 23 25 16 16 13 13 4 3 3 2 1 1 2 2 0 0 0 0
 49 49 55 55 55 58 55 55 58 58 51 67 67 77 77 77 76 76 63 67 67 54 68 68 72 72 66 68 68 32 20 20 19 19 11 8 8 6 2 2 2 2 2 1 1 1
 49 49 55 55 55 58 55 55 58 58 51 67 67 77 77 77 76 76 63 67 67 54 68 68 72 72 66 68 68 32 20 20 19 19 11 8 8 6 2 2 2 2 2 1 1 1
 50 50 77 79 79 79 64 64 69 69 50 59 59 66 56 56 66 66 61 69 69 67 62 62 65 65 71 63 63 54 47 47 26 26 25 11 11 9 2 2 2 2 3 1 1 1
 54 54 62 87 87 82 63 63 63 63 53 53 53 64 52 52 64 64 93 108 108 86 63 63 65 65 79 69 69 57 44 44 36 36 27 11 11 7 3 3 4 4 2 2 2 0
 54 54 62 87 87 82 63 63 63 63 53 53 53 64 52 52 64 64 93 108 108 86 63 63 65 65 79 69 69 57 44 44 36 36 27 11 11 7 3 3 4 4 2 2 2 0
 66 66 70 94 94 109 74 74 70 70 89 107 107 93 59 59 71 71 81 65 65 70 75 75 65 65 81 70 70 52 31 31 20 20 18 13 13 10 4 4 3 3 3 1 1 0
 66 66 70 94 94 109 74 74 70 70 89 107 107 93 59 59 71 71 81 65 65 70 75 75 65 65 81 70 70 52 31 31 20 20 18 13 13 10 4 4 3 3 3 1 1 0
 72 72 82 115 115 125 107 107 124 124 103 100 100 91 71 71 88 88 113 169 169 54 65 65 57 57 53 53 53 66 55 55 42 42 18 10 10 7 4 4 3 3 3 1 1 1
 80 80 87 121 121 132 153 153 153 153 123 98 98 96 58 58 62 62 84 41 41 44 46 46 49 49 41 50 50 69 61 61 45 45 28 29 29 12 6 6 3 3 2 1 1 0
 80 80 87 121 121 132 153 153 153 153 123 98 98 96 58 58 62 62 84 41 41 44 46 46 49 49 41 50 50 69 61 61 45 45 28 29 29 12 6 6 3 3 2 1 1 0
 70 70 71 84 84 125 177 177 157 157 108 101 101 85 100 100 52 52 59 98 98 45 44 44 51 51 51 60 60 74 78 78 70 70 51 40 40 14 5 5 3 3 4 1 1 0
 67 67 79 90 90 137 193 193 151 151 109 95 95 96 119 119 73 73 59 56 56 60 60 60 47 47 56 55 55 57 72 72 68 68 51 39 39 32 10 10 4 4 6 2 2 1
 67 67 79 90 90 137 193 193 151 151 109 95 95 96 119 119 73 73 59 56 56 60 60 60 47 47 56 55 55 57 72 72 68 68 51 39 39 32 10 10 4 4 6 2 2 1
 42 42 54 64 64 125 163 163 123 123 109 71 71 96 70 70 58 58 50 40 40 42 55 55 39 39 45 53 53 48 63 63 70 70 59 44 44 26 10 10 6 6 7 4 4 0
 42 42 54 64 64 125 163 163 123 123 109 71 71 96 70 70 58 58 50 40 40 42 55 55 39 39 45 53 53 48 63 63 70 70 59 44 44 26 10 10 6 6 7 4 4 0
 31 31 41 44 44 63 96 96 87 87 69 65 65 64 37 37 31 31 33 40 40 42 66 66 41 41 39 42 42 45 47 47 48 48 60 38 38 30 27 27 15 15 6 5 5 1
 28 28 30 41 41 50 54 54 51 51 49 46 46 39 30 30 29 29 32 31 31 45 55 55 78 78 36 38 38 41 50 50 52 52 45 39 39 36 28 28 25 25 6 4 4 0
 28 28 30 41 41 50 54 54 51 51 49 46 46 39 30 30 29 29 32 31 31 45 55 55 78 78 36 38 38 41 50 50 52 52 45 39 39 36 28 28 25 25 6 4 4 0
 29 29 37 45 45 45 44 44 47 47 41 47 47 37 25 25 22 22 32 27 27 31 50 50 46 46 33 44 44 37 40 40 45 45 42 31 31 37 24 24 24 24 5 1 1 0
 32 32 36 47 47 44 40 40 37 37 37 42 42 41 27 27 27 27 34 18 18 17 47 47 52 52 46 33 33 39 43 43 45 45 44 32 32 32 32 32 13 13 6 5 5 0
 32 32 36 47 47 44 40 40 37 37 37 42 42 41 27 27 27 27 34 18 18 17 47 47 52 52 46 33 33 39 43 43 45 45 44 32 32 32 32 32 13 13 6 5 5 0
 28 28 35 39 39 44 41 41 41 41 37 40 40 36 27 27 24 24 29 17 17 31 30 30 41 41 38 34 34 37 39 39 38 38 35 28 28 27 18 18 12 12 6 4 4 4
 28 28 35 39 39 44 41 41 41 41 37 40 40 36 27 27 24 24 29 17 17 31 30 30 41 41 38 34 34 37 39 39 38 38 35 28 28 27 18 18 12 12 6 4 4 4
 24 24 31 31 31 37 40 40 41 41 35 32 32 30 24 24 21 21 29 18 18 23 25 25 35 35 41 45 45 34 33 33 32 32 41 35 35 30 17 17 12 12 7 3 3 3
 23 23 37 26 26 31 31 31 34 34 31 31 31 28 24 24 24 24 19 21 21 27 22 22 29 29 32 35 35 33 35 35 33 33 30 25 25 29 14 14 13 13 7 4 4 3
 23 23 37 26 26 31 31 31 34 34 31 31 31 28 24 24 24 24 19 21 21 27 22 22 29 29 32 35 35 33 35 35 33 33 30 25 25 29 14 14 13 13 7 4 4 3
 19 19 32 34 34 37 36 36 47 47 47 34 34 25 23 23 22 22 27 29 29 18 13 13 15 15 19 27 27 25 23 23 21 21 24 21 21 15 14 14 13 13 7 9 9 3
 17 17 17 23 23 28 32 32 38 38 41 33 33 20 22 22 18 18 29 27 27 21 12 12 16 16 20 16 16 18 27 27 21 21 23 19 19 18 18 18 21 21 11 11 11 6
 17 17 17 23 23 28 32 32 38 38 41 33 33 20 22 22 18 18 29 27 27 21 12 12 16 16 20 16 16 18 27 27 21 21 23 19 19 18 18 18 21 21 11 11 11 6
 25 25 25 16 16 26 29 29 32 32 29 35 35 27 20 20 16 16 26 35 35 33 18 18 16 16 14 12 12 15 25 25 23 23 16 18 18 17 16 16 16 16 7 5 5 5
 25 25 25 16 16 26 29 29 32 32 29 35 35 27 20 20 16 16 26 35 35 33 18 18 16 16 14 12 12 15 25 25 23 23 16 18 18 17 16 16 16 16 7 5 5 5
 23 23 23 21 21 17 22 22 24 24 27 27 27 21 19 19 21 21 21 31 31 30 12 12 12 12 12 9 9 12 16 16 17 17 15 16 16 16 14 14 7 7 7 4 4 1
 22 22 24 24 24 14 19 19 19 19 17 15 15 14 13 13 9 9 20 27 27 25 27 27 8 8 9 7 7 12 8 8 11 11 11 12 12 13 11 11 8 8 5 4 4 1
 22 22 24 24 24 14 19 19 19 19 17 15 15 14 13 13 9 9 20 27 27 25 27 27 8 8 9 7 7 12 8 8 11 11 11 12 12 13 11 11 8 8 5 4 4 1
 20 20 23 23 23 11 18 18 18 18 7 7 7 13 11 11 9 9 7 8 8 6 8 8 9 9 6 7 7 11 23 23 14 14 10 10 10 10 11 11 8 8 5 4 4 3
 6 6 5 5 5 5 7 7 17 17 6 6 6 6 6 6 5 5 7 7 7 5 6 6 8 8 18 23 23 22 20 20 8 8 7 10 10 8 11 11 5 5 5 3 3 1
