assets/RAT_results/precipitation/2020-08-03_IMERG.asc
ncols        46
nrows        77
xllcorner    74.800261325624
yllcorner    8.058333333333
cellsize     0.062500000000
NODATA_value -9999
 28 28 27 30 30 34 47 47 35 35 33 31 31 29 26 26 23 23 20 19 19 21 14 14 12 12 9 4 4 5 6 6 5 5 4 2 2 2 1 1 1 1 1 1 1 1
 27 27 25 36 36 33 43 43 62 62 35 29 29 19 27 27 24 24 18 37 37 11 9 9 7 7 5 5 5 4 7 7 5 5 6 4 4 3 2 2 2 2 2 2 2 1
 27 27 25 36 36 33 43 43 62 62 35 29 29 19 27 27 24 24 18 37 37 11 9 9 7 7 5 5 5 4 7 7 5 5 6 4 4 3 2 2 2 2 2 2 2 1
 32 32 30 36 36 29 19 19 24 24 29 30 30 24 22 22 25 25 21 11 11 11 10 10 9 9 6 5 5 5 5 5 5 5 4 3 3 2 2 2 2 2 1 1 1 1
 23 23 32 42 42 27 20 20 20 20 26 35 35 32 24 24 21 21 22 19 19 10 12 12 10 10 6 4 4 3 3 3 5 5 4 1 1 1 1 1 1 1 1 1 1 1
 23 23 32 42 42 27 20 20 20 20 26 35 35 32 24 24 21 21 22 19 19 10 12 12 10 10 6 4 4 3 3 3 5 5 4 1 1 1 1 1 1 1 1 1 1 1
 23 23 27 32 32 37 36 36 31 31 47 67 67 36 36 36 33 33 32 15 15 14 12 12 7 7 5 4 4 4 1 1 4 4 2 1 1 1 2 2 3 3 3 1 1 1
 23 23 27 32 32 37 36 36 31 31 47 67 67 36 36 36 33 33 32 15 15 14 12 12 7 7 5 4 4 4 1 1 4 4 2 1 1 1 2 2 3 3 3 1 1 1
 8 8 21 25 25 28 40 40 21 21 23 34 34 41 35 35 26 26 28 15 15 21 9 9 5 5 5 3 3 2 1 1 1 1 2 0 0 1 2 2 1 1 1 1 1 1
 10 10 26 27 27 27 28 28 28 28 24 25 25 36 30 30 23 23 21 9 9 9 7 7 5 5 4 3 3 2 2 2 2 2 1 1 1 0 2 2 2 2 1 1 1 2
 10 10 26 27 27 27 28 28 28 28 24 25 25 36 30 30 23 23 21 9 9 9 7 7 5 5 4 3 3 2 2 2 2 2 1 1 1 0 2 2 2 2 1 1 1 2
 11 11 18 21 21 30 29 29 23 23 18 15 15 16 14 14 13 13 10 13 13 10 8 8 6 6 4 3 3 0 1 1 2 2 0 1 1 1 5 5 2 2 3 1 1 2
 8 8 10 10 10 17 20 20 21 21 11 9 9 15 16 16 16 16 17 21 21 15 16 16 17 17 4 0 0 0 0 0 0 0 1 0 0 3 5 5 2 2 2 1 1 1
 8 8 10 10 10 17 20 20 21 21 11 9 9 15 16 16 16 16 17 21 21 15 16 16 17 17 4 0 0 0 0 0 0 0 1 0 0 3 5 5 2 2 2 1 1 1
 4 4 6 8 8 6 16 16 17 17 12 7 7 6 18 18 28 28 19 20 20 19 14 14 13 13 5 3 3 1 0 0 0 0 0 0 0 1 3 3 4 4 3 2 2 1
 4 4 6 8 8 6 16 16 17 17 12 7 7 6 18 18 28 28 19 20 20 19 14 14 13 13 5 3 3 1 0 0 0 0 0 0 0 1 3 3 4 4 3 2 2 1
 2 2 3 2 2 4 8 8 14 14 11 8 8 9 10 10 18 18 13 19 19 14 10 10 8 8 2 2 2 3 2 2 0 0 0 0 0 0 2 2 2 2 4 2 2 1
 1 1 2 2 2 4 7 7 8 8 16 10 10 11 9 9 11 11 15 19 19 13 18 18 5 5 1 1 1 1 1 1 1 1 0 0 0 2 3 3 3 3 2 2 2 1
 1 1 2 2 2 4 7 7 8 8 16 10 10 11 9 9 11 11 15 19 19 13 18 18 5 5 1 1 1 1 1 1 1 1 0 0 0 2 3 3 3 3 2 2 2 1
 1 1 2 2 2 2 3 3 8 8 13 9 9 13 10 10 5 5 13 17 17 22 4 4 4 4 1 1 1 4 0 0 1 1 1 2 2 4 4 4 4 4 1 1 1 1
 1 1 3 2 2 2 2 2 13 13 18 19 19 12 13 13 9 9 7 16 16 17 15 15 15 15 15 9 9 5 1 1 1 1 1 1 1 2 2 2 1 1 0 0 0 0
 1 1 3 2 2 2 2 2 13 13 18 19 19 12 13 13 9 9 7 16 16 17 15 15 15 15 15 9 9 5 1 1 1 1 1 1 1 2 2 2 1 1 0 0 0 0
 3 3 4 3 3 3 3 3 6 6 10 14 14 13 31 31 4 4 7 14 14 18 17 17 15 15 13 14 14 8 5 5 3 3 2 1 1 1 1 1 1 1 0 0 0 0
 3 3 4 3 3 3 3 3 6 6 10 14 14 13 31 31 4 4 7 14 14 18 17 17 15 15 13 14 14 8 5 5 3 3 2 1 1 1 1 1 1 1 0 0 0 0
 3 3 4 2 2 1 3 3 2 2 6 9 9 6 5 5 2 2 6 11 11 12 10 10 10 10 22 12 12 13 8 8 4 4 1 1 1 1 0 0 0 0 0 0 0 1
 1 1 1 1 1 0 1 1 1 1 3 3 3 3 5 5 4 4 4 8 8 11 10 10 12 12 14 17 17 18 8 8 1 1 1 1 1 1 1 1 0 0 0 0 0 0
 1 1 1 1 1 0 1 1 1 1 3 3 3 3 5 5 4 4 4 8 8 11 10 10 12 12 14 17 17 18 8 8 1 1 1 1 1 1 1 1 0 0 0 0 0 0
 0 0 0 1 1 1 0 0 0 0 2 4 4 1 1 1 4 4 2 2 2 9 12 12 15 15 19 16 16 14 15 15 6 6 2 1 1 1 0 0 0 0 0 0 0 0
 0 0 0 0 0 1 0 0 0 0 2 2 2 2 1 1 2 2 1 1 1 8 11 11 17 17 28 27 27 19 14 14 3 3 4 4 4 2 0 0 0 0 0 0 0 0
 0 0 0 0 0 1 0 0 0 0 2 2 2 2 1 1 2 2 1 1 1 8 11 11 17 17 28 27 27 19 14 14 3 3 4 4 4 2 0 0 0 0 0 0 0 0
 0 0 0 0 0 0 0 0 0 0 0 1 1 1 0 0 2 2 2 1 1 3 6 6 14 14 30 33 33 24 25 25 11 11 7 3 3 0 0 0 0 0 0 2 2 2
 0 0 0 0 0 0 0 0 0 0 0 1 1 1 0 0 2 2 2 1 1 3 6 6 14 14 30 33 33 24 25 25 11 11 7 3 3 0 0 0 0 0 0 2 2 2
 1 1 0 0 0 0 0 0 1 1 0 3 3 2 0 0 1 1 2 1 1 2 4 4 7 7 10 35 35 24 23 23 5 5 4 1 1 0 2 2 1 1 3 3 3 3
 1 1 1 1 1 0 0 0 2 2 1 1 1 0 0 0 0 0 2 2 2 0 4 4 1 1 2 6 6 5 5 5 5 5 5 1 1 3 0 0 2 2 2 2 2 1
 1 1 1 1 1 0 0 0 2 2 1 1 1 0 0 0 0 0 2 2 2 0 4 4 1 1 2 6 6 5 5 5 5 5 5 1 1 3 0 0 2 2 2 2 2 1
 1 1 1 1 1 0 0 0 1 1 1 0 0 0 0 0 0 0 1 2 2 1 1 1 2 2 5 7 7 10 11 11 5 5 3 1 1 2 1 1 2 2 5 4 4 1
 1 1 1 1 1 0 0 0 1 1 2 0 0 0 0 0 0 0 0 1 1 1 7 7 4 4 4 6 6 8 6 6 11 11 3 2 2 3 7 7 6 6 6 3 3 2
 1 1 1 1 1 0 0 0 1 1 2 0 0 0 0 0 0 0 0 1 1 1 7 7 4 4 4 6 6 8 6 6 11 11 3 2 2 3 7 7 6 6 6 3 3 2
 2 2 0 1 1 0 1 1 1 1 2 1 1 1 1 1 1 1 1 6 6 6 6 6 2 2 4 9 9 15 18 18 12 12 10 2 2 4 5 5 6 6 3 2 2 1
 2 2 0 1 1 0 1 1 1 1 2 1 1 1 1 1 1 1 1 6 6 6 6 6 2 2 4 9 9 15 18 18 12 12 10 2 2 4 5 5 6 6 3 2 2 1
 1 1 1 0 0 0 1 1 2 2 3 1 1 1 2 2 2 2 2 27 27 28 17 17 4 4 5 10 10 14 14 14 17 17 17 15 15 11 7 7 6 6 3 1 1 1
 1 1 0 0 0 0 1 1 2 2 3 2 2 1 2 2 2 2 7 30 30 28 18 18 7 7 8 8 8 8 13 13 18 18 15 17 17 20 17 17 4 4 2 2 2 1
 1 1 0 0 0 0 1 1 2 2 3 2 2 1 2 2 2 2 7 30 30 28 18 18 7 7 8 8 8 8 13 13 18 18 15 17 17 20 17 17 4 4 2 2 2 1
 1 1 0 0 0 0 1 1 1 1 1 1 1 1 4 4 3 3 2 1 1 4 4 4 3 3 2 20 20 20 10 10 9 9 9 13 13 17 16 16 2 2 2 1 1 0
 0 0 0 0 0 0 0 0 0 0 0 0 0 0 1 1 2 2 2 1 1 1 2 2 6 6 19 27 27 12 6 6 21 21 15 14 14 13 4 4 2 2 2 1 1 1
 0 0 0 0 0 0 0 0 0 0 0 0 0 0 1 1 2 2 2 1 1 1 2 2 6 6 19 27 27 12 6 6 21 21 15 14 14 13 4 4 2 2 2 1 1 1
 0 0 0 0 0 0 0 0 0 0 0 0 0 1 1 1 3 3 1 1 1 4 1 1 9 9 14 18 18 26 23 23 20 20 14 12 12 12 2 2 1 1 1 1 1 1
 0 0 0 0 0 0 0 0 0 0 0 0 0 1 1 1 3 3 1 1 1 4 1 1 9 9 14 18 18 26 23 23 20 20 14 12 12 12 2 2 1 1 1 1 1 1
 0 0 0 0 0 1 0 0 0 0 1 1 1 1 2 2 2 2 2 3 3 2 2 2 4 4 6 7 7 7 3 3 4 4 5 2 2 2 2 2 2 2 1 1 1 1
 0 0 0 0 0 0 0 0 0 0 1 1 1 2 3 3 2 2 2 3 3 6 7 7 10 10 2 2 2 2 3 3 5 5 9 4 4 3 3 3 4 4 1 1 1 1
 0 0 0 0 0 0 0 0 0 0 1 1 1 2 3 3 2 2 2 3 3 6 7 7 10 10 2 2 2 2 3 3 5 5 9 4 4 3 3 3 4 4 1 1 1 1
 0 0 0 0 0 0 0 0 0 0 0 1 1 2 3 3 3 3 0 2 2 3 1 1 1 1 2 2 2 3 4 4 6 6 11 4 4 3 2 2 4 4 3 3 3 2
 0 0 0 0 0 0 0 0 0 0 0 0 0 1 0 0 0 0 1 3 3 1 0 0 1 1 2 3 3 3 5 5 8 8 7 3 3 3 3 3 3 3 5 5 5 1
 0 0 0 0 0 0 0 0 0 0 0 0 0 1 0 0 0 0 1 3 3 1 0 0 1 1 2 3 3 3 5 5 8 8 7 3 3 3 3 3 3 3 5 5 5 1
 0 0 0 0 0 0 0 0 0 0 0 0 0 2 1 1 2 2 2 5 5 0 0 0 2 2 3 4 4 4 5 5 5 5 3 5 5 5 11 11 4 4 5 3 3 1
 0 0 0 0 0 0 0 0 0 0 0 0 0 2 1 1 2 2 2 5 5 0 0 0 2 2 3 4 4 4 5 5 5 5 3 5 5 5 11 11 4 4 5 3 3 1
 0 0 0 0 0 0 0 0 0 0 0 1 1 2 1 1 2 2 3 1 1 0 1 1 2 2 2 4 4 4 4 4 4 4 5 10 10 9 8 8 9 9 3 1 1 0
 0 0 0 0 0 0 0 0 0 0 0 0 0 3 2 2 1 1 0 1 1 2 6 6 4 4 5 5 5 7 7 7 3 3 6 8 8 14 5 5 6 6 4 1 1 1
 0 0 0 0 0 0 0 0 0 0 0 0 0 3 2 2 1 1 0 1 1 2 6 6 4 4 5 5 5 7 7 7 3 3 6 8 8 14 5 5 6 6 4 1 1 1
 0 0 0 0 0 0 0 0 1 1 1 1 1 1 1 1 1 1 1 2 2 5 11 11 11 11 15 18 18 12 14 14 10 10 11 5 5 6 4 4 3 3 4 3 3 1
 0 0 0 0 0 0 1 1 3 3 1 0 0 0 0 0 1 1 2 2 2 4 6 6 6 6 6 9 9 9 9 9 15 15 5 5 5 5 5 5 4 4 5 4 4 0
 0 0 0 0 0 0 1 1 3 3 1 0 0 0 0 0 1 1 2 2 2 4 6 6 6 6 6 9 9 9 9 9 15 15 5 5 5 5 5 5 4 4 5 4 4 0
 0 0 0 0 0 0 3 3 2 2 0 0 0 0 0 0 0 0 1 1 1 1 1 1 1 1 2 7 7 10 1 1 2 2 3 4 4 5 7 7 4 4 4 1 1 0
 0 0 0 0 0 0 3 3 2 2 0 0 0 0 0 0 0 0 1 1 1 1 1 1 1 1 2 7 7 10 1 1 2 2 3 4 4 5 7 7 4 4 4 1 1 0
 0 0 0 0 0 0 0 0 0 0 0 0 0 0 0 0 0 0 0 1 1 1 1 1 0 0 0 8 8 6 0 0 1 1 2 6 6 11 7 7 3 3 2 1 1 0
 0 0 0 0 0 0 0 0 0 0 0 0 0 0 0 0 0 0 0 0 0 0 0 0 0 0 0 2 2 0 0 0 0 0 1 1 1 3 11 11 6 6 3 0 0 0
 0 0 0 0 0 0 0 0 0 0 0 0 0 0 0 0 0 0 0 0 0 0 0 0 0 0 0 2 2 0 0 0 0 0 1 1 1 3 11 11 6 6 3 0 0 0
 0 0 0 0 0 0 0 0 0 0 0 0 0 0 0 0 0 0 0 0 0 0 0 0 0 0 0 0 0 0 1 1 1 1 0 1 1 2 4 4 4 4 4 1 1 0
 0 0 0 0 0 0 0 0 0 0 0 0 0 0 0 0 0 0 0 0 0 0 0 0 0 0 0 0 0 0 1 1 1 1 1 2 2 2 3 3 3 3 2 0 0 0
 0 0 0 0 0 0 0 0 0 0 0 0 0 0 0 0 0 0 0 0 0 0 0 0 0 0 0 0 0 0 1 1 1 1 1 2 2 2 3 3 3 3 2 0 0 0
 1 1 0 0 0 0 0 0 0 0 0 0 0 0 0 0 0 0 0 0 0 0 0 0 0 0 0 0 0 0 0 0 1 1 2 1 1 3 2 2 2 2 2 0 0 0
 1 1 0 0 0 0 0 0 0 0 0 0 0 0 0 0 0 0 0 0 0 0 0 0 0 0 0 0 0 0 0 0 1 1 2 1 1 3 2 2 2 2 2 0 0 0
 0 0 0 0 0 0 0 0 0 0 1 0 0 0 0 0 0 0 0 0 0 0 0 0 0 0 0 0 0 0 0 0 1 1 1 1 1 1 0 0 1 1 3 2 2 0
 0 0 0 0 0 1 1 1 1 1 0 0 0 0 1 1 1 1 1 0 0 0 0 0 0 0 0 0 0 0 0 0 0 0 0 0 0 0 1 1 1 1 2 2 2 1
 0 0 0 0 0 1 1 1 1 1 0 0 0 0 1 1 1 1 1 0 0 0 0 0 0 0 0 0 0 0 0 0 0 0 0 0 0 0 1 1 1 1 2 2 2 1
 0 0 0 1 1 1 1 1 1 1 0 1 1 1 1 1 1 1 1 0 0 0 0 0 0 0 0 0 0 0 0 0 0 0 0 0 0 0 1 1 1 1 1 1 1 0
 0 0 1 1 1 1 0 0 0 0 1 1 1 1 1 1 1 1 0 0 0 0 0 0 1 1 0 0 0 0 0 0 0 0 0 0 0 0 0 0 0 0 1 0 0 0
