assets/RAT_results/precipitation/2020-08-02_IMERG.asc
ncols        46
nrows        77
xllcorner    74.800261325624
yllcorner    8.058333333333
cellsize     0.062500000000
NODATA_value -9999
 46 46 41 36 36 33 32 32 25 25 27 35 35 35 28 28 19 19 14 14 14 8 4 4 3 3 3 5 5 3 3 3 6 6 5 4 4 8 6 6 2 2 2 2 2 2
 52 52 43 49 49 40 29 29 29 29 32 23 23 52 42 42 25 25 25 15 15 8 7 7 4 4 8 4 4 2 3 3 4 4 5 9 9 4 3 3 2 2 3 3 3 3
 52 52 43 49 49 40 29 29 29 29 32 23 23 52 42 42 25 25 25 15 15 8 7 7 4 4 8 4 4 2 3 3 4 4 5 9 9 4 3 3 2 2 3 3 3 3
 62 62 63 62 62 38 38 38 36 36 36 44 44 60 52 52 50 50 29 12 12 8 6 6 6 6 5 5 5 2 3 3 3 3 6 5 5 5 3 3 2 2 4 4 4 3
 77 77 60 50 50 47 49 49 45 45 46 37 37 58 35 35 35 35 25 17 17 9 7 7 6 6 5 6 6 5 3 3 4 4 3 2 2 3 3 3 3 3 9 6 6 4
 77 77 60 50 50 47 49 49 45 45 46 37 37 58 35 35 35 35 25 17 17 9 7 7 6 6 5 6 6 5 3 3 4 4 3 2 2 3 3 3 3 3 9 6 6 4
 55 55 58 47 47 48 45 45 36 36 32 39 39 36 28 28 25 25 19 13 13 7 5 5 5 5 8 10 10 10 5 5 4 4 4 3 3 4 4 4 6 6 7 8 8 11
 55 55 58 47 47 48 45 45 36 36 32 39 39 36 28 28 25 25 19 13 13 7 5 5 5 5 8 10 10 10 5 5 4 4 4 3 3 4 4 4 6 6 7 8 8 11
 51 51 54 51 51 51 53 53 36 36 31 31 31 39 38 38 30 30 22 18 18 8 7 7 7 7 17 18 18 15 10 10 6 6 7 8 8 8 11 11 12 12 13 14 14 10
 52 52 68 72 72 56 53 53 41 41 51 29 29 58 56 56 45 45 36 25 25 20 18 18 32 32 29 24 24 19 18 18 12 12 13 16 16 18 16 16 12 12 15 14 14 13
 52 52 68 72 72 56 53 53 41 41 51 29 29 58 56 56 45 45 36 25 25 20 18 18 32 32 29 24 24 19 18 18 12 12 13 16 16 18 16 16 12 12 15 14 14 13
 48 48 66 77 77 56 78 78 84 84 67 57 57 40 38 38 60 60 32 30 30 27 26 26 37 37 29 21 21 20 23 23 21 21 15 17 17 17 14 14 17 17 16 22 22 22
 73 73 60 83 83 58 78 78 82 82 53 50 50 59 46 46 60 60 42 19 19 36 41 41 45 45 46 38 38 30 21 21 21 21 18 17 17 17 17 17 24 24 23 23 23 23
 73 73 60 83 83 58 78 78 82 82 53 50 50 59 46 46 60 60 42 19 19 36 41 41 45 45 46 38 38 30 21 21 21 21 18 17 17 17 17 17 24 24 23 23 23 23
 38 38 48 63 63 50 74 74 74 74 63 54 54 47 40 40 40 40 31 31 31 47 43 43 43 43 36 38 38 32 26 26 21 21 19 18 18 13 13 13 17 17 21 18 18 16
 38 38 48 63 63 50 74 74 74 74 63 54 54 47 40 40 40 40 31 31 31 47 43 43 43 43 36 38 38 32 26 26 21 21 19 18 18 13 13 13 17 17 21 18 18 16
 34 34 30 39 39 50 46 46 51 51 51 55 55 59 62 62 38 38 28 43 43 45 44 44 40 40 49 42 42 29 26 26 24 24 21 16 16 13 11 11 17 17 18 14 14 13
 25 25 27 26 26 37 35 35 34 34 36 48 48 41 41 41 34 34 33 43 43 40 33 33 34 34 35 28 28 25 22 22 20 20 24 15 15 7 11 11 11 11 11 9 9 8
 25 25 27 26 26 37 35 35 34 34 36 48 48 41 41 41 34 34 33 43 43 40 33 33 34 34 35 28 28 25 22 22 20 20 24 15 15 7 11 11 11 11 11 9 9 8
 27 27 22 25 25 33 46 46 45 45 34 43 43 34 28 28 26 26 19 26 26 31 30 30 28 28 31 24 24 21 30 30 27 27 19 13 13 6 6 6 5 5 10 9 9 8
 20 20 17 19 19 25 39 39 54 54 35 33 33 32 29 29 22 22 19 20 20 22 24 24 24 24 23 25 25 28 26 26 21 21 11 9 9 5 5 5 5 5 5 11 11 11
 20 20 17 19 19 25 39 39 54 54 35 33 33 32 29 29 22 22 19 20 20 22 24 24 24 24 23 25 25 28 26 26 21 21 11 9 9 5 5 5 5 5 5 11 11 11
 21 21 26 16 16 19 27 27 44 44 34 33 33 38 31 31 20 20 16 16 16 19 14 14 18 18 17 21 21 23 16 16 15 15 10 5 5 4 2 2 4 4 4 13 13 12
 21 21 26 16 16 19 27 27 44 44 34 33 33 38 31 31 20 20 16 16 16 19 14 14 18 18 17 21 21 23 16 16 15 15 10 5 5 4 2 2 4 4 4 13 13 12
 48 48 19 23 23 16 28 28 29 29 40 31 31 34 28 28 22 22 16 12 12 15 16 16 15 15 14 20 20 20 18 18 15 15 8 8 8 3 1 1 4 4 3 9 9 12
 65 65 25 22 22 16 20 20 22 22 33 30 30 26 25 25 25 25 18 15 15 16 13 13 12 12 15 18 18 18 17 17 15 15 13 8 8 4 4 4 3 3 3 3 3 8
 65 65 25 22 22 16 20 20 22 22 33 30 30 26 25 25 25 25 18 15 15 16 13 13 12 12 15 18 18 18 17 17 15 15 13 8 8 4 4 4 3 3 3 3 3 8
 75 75 69 29 29 20 23 23 21 21 30 31 31 30 21 21 23 23 23 23 23 22 20 20 19 19 14 12 12 22 16 16 17 17 14 10 10 5 6 6 4 4 4 4 4 6
 70 70 77 40 40 27 26 26 24 24 29 33 33 23 23 23 23 23 21 23 23 19 17 17 14 14 13 15 15 16 19 19 17 17 17 14 14 8 5 5 3 3 6 6 6 4
 70 70 77 40 40 27 26 26 24 24 29 33 33 23 23 23 23 23 21 23 23 19 17 17 14 14 13 15 15 16 19 19 17 17 17 14 14 8 5 5 3 3 6 6 6 4
 59 59 54 36 36 29 22 22 32 32 37 48 48 67 40 40 22 22 16 19 19 18 24 24 18 18 17 12 12 16 17 17 20 20 20 17 17 21 9 9 13 13 12 9 9 4
 59 59 54 36 36 29 22 22 32 32 37 48 48 67 40 40 22 22 16 19 19 18 24 24 18 18 17 12 12 16 17 17 20 20 20 17 17 21 9 9 13 13 12 9 9 4
 46 46 39 34 34 39 36 36 44 44 57 55 55 71 43 43 23 23 22 31 31 29 24 24 21 21 19 14 14 14 16 16 32 32 29 20 20 14 11 11 12 12 8 6 6 5
 46 46 41 37 37 36 35 35 37 37 56 124 124 142 104 104 28 28 24 29 29 32 31 31 23 23 25 15 15 22 20 20 28 28 24 16 16 12 11 11 8 8 6 6 6 4
 46 46 41 37 37 36 35 35 37 37 56 124 124 142 104 104 28 28 24 29 29 32 31 31 23 23 25 15 15 22 20 20 28 28 24 16 16 12 11 11 8 8 6 6 6 4
 36 36 32 36 36 28 40 40 50 50 50 69 69 78 102 102 31 31 23 26 26 29 29 29 19 19 21 23 23 24 30 30 22 22 17 12 12 11 7 7 8 8 6 5 5 5
 32 32 28 23 23 22 27 27 29 29 48 47 47 56 58 58 23 23 21 27 27 31 33 33 28 28 23 24 24 29 17 17 13 13 9 6 6 8 9 9 12 12 13 6 6 2
 32 32 28 23 23 22 27 27 29 29 48 47 47 56 58 58 23 23 21 27 27 31 33 33 28 28 23 24 24 29 17 17 13 13 9 6 6 8 9 9 12 12 13 6 6 2
 38 38 24 18 18 19 21 21 21 21 25 21 21 33 22 22 17 17 17 22 22 23 23 23 31 31 27 22 22 16 11 11 10 10 11 6 6 9 8 8 12 12 10 9 9 7
 38 38 24 18 18 19 21 21 21 21 25 21 21 33 22 22 17 17 17 22 22 23 23 23 31 31 27 22 22 16 11 11 10 10 11 6 6 9 8 8 12 12 10 9 9 7
 33 33 17 15 15 16 17 17 19 19 24 23 23 30 15 15 17 17 12 18 18 18 24 24 26 26 20 16 16 10 10 10 14 14 13 11 11 11 9 9 9 9 9 10 10 9
 32 32 17 19 19 24 16 16 19 19 20 28 28 16 17 17 12 12 11 12 12 19 23 23 22 22 21 16 16 16 21 21 16 16 18 18 18 17 13 13 13 13 12 11 11 12
 32 32 17 19 19 24 16 16 19 19 20 28 28 16 17 17 12 12 11 12 12 19 23 23 22 22 21 16 16 16 21 21 16 16 18 18 18 17 13 13 13 13 12 11 11 12
 44 44 28 16 16 21 18 18 21 21 19 19 19 21 15 15 12 12 11 14 14 18 21 21 28 28 28 27 27 25 25 25 19 19 27 24 24 15 16 16 15 15 19 12 12 8
 41 41 27 26 26 14 10 10 19 19 22 25 25 24 13 13 10 10 9 14 14 17 26 26 29 29 28 33 33 26 27 27 30 30 46 18 18 16 21 21 17 17 20 11 11 13
 41 41 27 26 26 14 10 10 19 19 22 25 25 24 13 13 10 10 9 14 14 17 26 26 29 29 28 33 33 26 27 27 30 30 46 18 18 16 21 21 17 17 20 11 11 13
 13 13 9 7 7 14 9 9 11 11 13 24 24 22 20 20 17 17 9 15 15 18 28 28 31 31 36 33 33 29 25 25 25 25 24 18 18 21 14 14 21 21 19 16 16 12
 13 13 9 7 7 14 9 9 11 11 13 24 24 22 20 20 17 17 9 15 15 18 28 28 31 31 36 33 33 29 25 25 25 25 24 18 18 21 14 14 21 21 19 16 16 12
 13 13 10 7 7 8 8 8 10 10 11 14 14 23 17 17 23 23 12 18 18 23 30 30 35 35 44 52 52 39 32 32 22 22 27 20 20 20 20 20 21 21 19 18 18 9
 18 18 9 7 7 7 8 8 9 9 9 10 10 17 14 14 23 23 22 28 28 29 33 33 33 33 42 59 59 60 30 30 27 27 19 28 28 18 24 24 15 15 17 15 15 11
 18 18 9 7 7 7 8 8 9 9 9 10 10 17 14 14 23 23 22 28 28 29 33 33 33 33 42 59 59 60 30 30 27 27 19 28 28 18 24 24 15 15 17 15 15 11
 24 24 16 7 7 6 7 7 8 8 9 10 10 10 13 13 16 16 17 21 21 35 38 38 38 38 38 35 35 35 33 33 22 22 26 28 28 20 14 14 15 15 19 16 16 11
 27 27 15 9 9 6 5 5 6 6 7 8 8 10 13 13 12 12 15 18 18 37 35 35 36 36 41 36 36 34 27 27 23 23 23 26 26 30 20 20 20 20 17 17 17 15
 27 27 15 9 9 6 5 5 6 6 7 8 8 10 13 13 12 12 15 18 18 37 35 35 36 36 41 36 36 34 27 27 23 23 23 26 26 30 20 20 20 20 17 17 17 15
 16 16 14 8 8 7 5 5 5 5 5 5 5 7 10 10 12 12 14 19 19 30 27 27 30 30 35 35 35 45 30 30 23 23 20 15 15 15 11 11 14 14 13 14 14 5
 16 16 14 8 8 7 5 5 5 5 5 5 5 7 10 10 12 12 14 19 19 30 27 27 30 30 35 35 35 45 30 30 23 23 20 15 15 15 11 11 14 14 13 14 14 5
 18 18 8 6 6 7 4 4 3 3 4 3 3 4 10 10 11 11 10 10 10 14 17 17 23 23 30 21 21 20 17 17 17 17 15 14 14 12 7 7 10 10 12 9 9 2
 13 13 7 4 4 5 4 4 3 3 2 2 2 2 4 4 9 9 9 11 11 9 14 14 14 14 21 15 15 16 19 19 20 20 14 11 11 8 8 8 9 9 9 4 4 1
 13 13 7 4 4 5 4 4 3 3 2 2 2 2 4 4 9 9 9 11 11 9 14 14 14 14 21 15 15 16 19 19 20 20 14 11 11 8 8 8 9 9 9 4 4 1
 6 6 8 3 3 3 3 3 3 3 2 1 1 3 3 3 5 5 9 10 10 9 8 8 10 10 20 11 11 15 15 15 16 16 11 9 9 5 4 4 8 8 9 6 6 1
 6 6 4 2 2 2 2 2 2 2 2 2 2 4 5 5 6 6 10 10 10 9 7 7 4 4 8 13 13 14 15 15 11 11 9 4 4 4 3 3 6 6 7 5 5 2
 6 6 4 2 2 2 2 2 2 2 2 2 2 4 5 5 6 6 10 10 10 9 7 7 4 4 8 13 13 14 15 15 11 11 9 4 4 4 3 3 6 6 7 5 5 2
 5 5 3 3 3 3 2 2 2 2 2 2 2 2 3 3 4 4 8 8 8 6 4 4 4 4 5 12 12 13 10 10 8 8 7 4 4 3 6 6 8 8 5 4 4 2
 5 5 3 3 3 3 2 2 2 2 2 2 2 2 3 3 4 4 8 8 8 6 4 4 4 4 5 12 12 13 10 10 8 8 7 4 4 3 6 6 8 8 5 4 4 2
 4 4 3 3 3 3 3 3 3 3 3 3 3 2 3 3 4 4 5 4 4 3 3 3 6 6 5 6 6 10 10 10 8 8 6 4 4 5 4 4 9 9 6 3 3 1
 4 4 3 3 3 2 12 12 3 3 4 4 4 3 3 3 4 4 2 2 2 2 2 2 2 2 4 3 3 7 9 9 8 8 6 4 4 2 4 4 7 7 11 7 7 1
 4 4 3 3 3 2 12 12 3 3 4 4 4 3 3 3 4 4 2 2 2 2 2 2 2 2 4 3 3 7 9 9 8 8 6 4 4 2 4 4 7 7 11 7 7 1
 11 11 13 3 3 2 12 12 11 11 11 5 5 5 4 4 3 3 1 1 1 1 1 1 2 2 3 6 6 6 6 6 7 7 7 5 5 4 4 4 7 7 10 5 5 4
 11 11 14 13 13 13 30 30 24 24 12 7 7 6 4 4 2 2 1 1 1 2 1 1 0 0 3 4 4 3 3 3 9 9 8 6 6 4 5 5 6 6 8 11 11 7
 11 11 14 13 13 13 30 30 24 24 12 7 7 6 4 4 2 2 1 1 1 2 1 1 0 0 3 4 4 3 3 3 9 9 8 6 6 4 5 5 6 6 8 11 11 7
 4 4 4 5 5 7 31 31 24 24 6 6 6 4 1 1 0 0 0 1 1 1 0 0 1 1 3 2 2 1 3 3 5 5 5 5 5 4 2 2 4 4 5 10 10 7
 4 4 4 5 5 7 31 31 24 24 6 6 6 4 1 1 0 0 0 1 1 1 0 0 1 1 3 2 2 1 3 3 5 5 5 5 5 4 2 2 4 4 5 10 10 7
 4 4 4 5 5 7 6 6 20 20 7 7 7 2 1 1 1 1 0 0 0 0 0 0 1 1 2 2 2 2 4 4 7 7 6 5 5 4 4 4 4 4 4 6 6 3
 4 4 5 5 5 4 4 4 4 4 6 6 6 2 1 1 1 1 1 1 1 1 0 0 1 1 2 0 0 1 2 2 4 4 5 4 4 4 5 5 3 3 3 3 3 4
 4 4 5 5 5 4 4 4 4 4 6 6 6 2 1 1 1 1 1 1 1 1 0 0 1 1 2 0 0 1 2 2 4 4 5 4 4 4 5 5 3 3 3 3 3 4
 2 2 1 1 1 4 4 4 4 4 3 3 3 2 2 2 2 2 1 1 1 1 1 1 2 2 3 2 2 2 3 3 8 8 6 3 3 2 3 3 2 2 1 3 3 5
 2 2 1 2 2 2 3 3 3 3 5 3 3 3 3 3 4 4 3 2 2 1 3 3 3 3 3 7 7 4 3 3 6 6 15 3 3 2 2 2 1 1 2 0 0 0
