assets/RAT_results/precipitation/2020-08-24_IMERG.asc
ncols        46
nrows        77
xllcorner    74.800261325624
yllcorner    8.058333333333
cellsize     0.062500000000
NODATA_value -9999
 2 2 0 0 0 0 0 0 0 0 0 0 0 0 0 0 1 1 1 1 1 1 1 1 0 0 0 0 0 1 1 1 4 4 6 6 6 5 4 4 3 3 2 1 1 1
 2 2 0 0 0 0 0 0 0 0 0 0 0 0 0 0 1 1 2 1 1 1 0 0 0 0 0 0 0 0 2 2 2 2 2 4 4 5 2 2 1 1 1 1 1 1
 2 2 0 0 0 0 0 0 0 0 0 0 0 0 0 0 1 1 2 1 1 1 0 0 0 0 0 0 0 0 2 2 2 2 2 4 4 5 2 2 1 1 1 1 1 1
 2 2 1 0 0 0 0 0 0 0 0 0 0 0 1 1 1 1 1 1 1 0 0 0 0 0 0 1 1 0 0 0 2 2 1 0 0 0 1 1 1 1 1 0 0 2
 2 2 3 0 0 1 1 1 1 1 0 0 0 0 0 0 1 1 1 1 1 0 0 0 0 0 2 3 3 2 1 1 1 1 0 0 0 0 1 1 2 2 1 1 1 2
 2 2 3 0 0 1 1 1 1 1 0 0 0 0 0 0 1 1 1 1 1 0 0 0 0 0 2 3 3 2 1 1 1 1 0 0 0 0 1 1 2 2 1 1 1 2
 2 2 2 1 1 1 1 1 1 1 0 0 0 0 0 0 1 1 1 0 0 0 0 0 0 0 2 2 2 1 1 1 1 1 0 0 0 0 1 1 2 2 1 0 0 1
 2 2 2 1 1 1 1 1 1 1 0 0 0 0 0 0 1 1 1 0 0 0 0 0 0 0 2 2 2 1 1 1 1 1 0 0 0 0 1 1 2 2 1 0 0 1
 0 0 2 1 1 2 1 1 1 1 0 0 0 0 0 0 1 1 2 1 1 1 0 0 0 0 0 1 1 1 1 1 1 1 1 0 0 0 1 1 1 1 1 1 1 1
 0 0 1 2 2 4 1 1 1 1 1 0 0 0 0 0 1 1 1 2 2 1 0 0 0 0 1 2 2 1 1 1 1 1 1 1 1 2 2 2 1 1 1 2 2 2
 0 0 1 2 2 4 1 1 1 1 1 0 0 0 0 0 1 1 1 2 2 1 0 0 0 0 1 2 2 1 1 1 1 1 1 1 1 2 2 2 1 1 1 2 2 2
 0 0 1 1 1 3 3 3 2 2 1 0 0 0 1 1 0 0 0 1 1 1 0 0 1 1 2 3 3 2 2 2 2 2 2 3 3 4 8 8 7 7 4 2 2 2
 0 0 1 1 1 4 2 2 2 2 1 0 0 0 0 0 0 0 0 1 1 1 1 1 2 2 3 5 5 4 4 4 5 5 6 6 6 7 7 7 8 8 10 9 9 9
 0 0 1 1 1 4 2 2 2 2 1 0 0 0 0 0 0 0 0 1 1 1 1 1 2 2 3 5 5 4 4 4 5 5 6 6 6 7 7 7 8 8 10 9 9 9
 0 0 0 1 1 2 4 4 2 2 1 1 1 1 0 0 2 2 2 3 3 3 3 3 4 4 5 7 7 6 5 5 6 6 11 9 9 9 11 11 11 11 11 15 15 25
 0 0 0 1 1 2 4 4 2 2 1 1 1 1 0 0 2 2 2 3 3 3 3 3 4 4 5 7 7 6 5 5 6 6 11 9 9 9 11 11 11 11 11 15 15 25
 1 1 1 0 0 2 2 2 3 3 2 3 3 2 2 2 3 3 4 5 5 6 5 5 8 8 9 9 9 10 12 12 13 13 24 24 24 18 18 18 24 24 24 11 11 17
 1 1 1 0 0 1 2 2 2 2 3 4 4 3 4 4 5 5 5 8 8 10 10 10 11 11 12 13 13 15 17 17 17 17 27 34 34 32 30 30 37 37 41 37 37 20
 1 1 1 0 0 1 2 2 2 2 3 4 4 3 4 4 5 5 5 8 8 10 10 10 11 11 12 13 13 15 17 17 17 17 27 34 34 32 30 30 37 37 41 37 37 20
 0 0 1 0 0 1 1 1 3 3 3 5 5 4 5 5 5 5 8 9 9 12 15 15 20 20 13 14 14 16 19 19 24 24 29 30 30 39 40 40 39 39 44 26 26 27
 0 0 0 1 1 1 1 1 2 2 3 8 8 7 8 8 7 7 9 12 12 15 23 23 20 20 16 14 14 16 22 22 21 21 35 34 34 34 37 37 51 51 55 38 38 35
 0 0 0 1 1 1 1 1 2 2 3 8 8 7 8 8 7 7 9 12 12 15 23 23 20 20 16 14 14 16 22 22 21 21 35 34 34 34 37 37 51 51 55 38 38 35
 0 0 0 0 0 1 1 1 2 2 2 4 4 9 8 8 7 7 8 11 11 16 17 17 14 14 14 13 13 14 18 18 16 16 15 23 23 29 27 27 49 49 43 39 39 31
 0 0 0 0 0 1 1 1 2 2 2 4 4 9 8 8 7 7 8 11 11 16 17 17 14 14 14 13 13 14 18 18 16 16 15 23 23 29 27 27 49 49 43 39 39 31
 0 0 0 0 0 1 1 1 2 2 3 3 3 10 10 10 7 7 9 12 12 11 11 11 11 11 11 10 10 9 12 12 9 9 9 9 9 12 14 14 19 19 25 25 25 23
 0 0 0 0 0 1 1 1 2 2 4 2 2 4 9 9 7 7 6 5 5 7 6 6 7 7 8 9 9 8 5 5 5 5 7 8 8 9 11 11 12 12 10 9 9 10
 0 0 0 0 0 1 1 1 2 2 4 2 2 4 9 9 7 7 6 5 5 7 6 6 7 7 8 9 9 8 5 5 5 5 7 8 8 9 11 11 12 12 10 9 9 10
 1 1 0 0 0 1 1 1 1 1 4 2 2 3 2 2 5 5 3 3 3 4 4 4 4 4 6 9 9 8 5 5 5 5 8 10 10 10 9 9 6 6 7 9 9 9
 1 1 1 0 0 1 1 1 1 1 3 3 3 3 4 4 6 6 5 4 4 4 4 4 4 4 6 7 7 12 7 7 6 6 7 9 9 10 11 11 11 11 9 7 7 6
 1 1 1 0 0 1 1 1 1 1 3 3 3 3 4 4 6 6 5 4 4 4 4 4 4 4 6 7 7 12 7 7 6 6 7 9 9 10 11 11 11 11 9 7 7 6
 0 0 0 0 0 0 1 1 1 1 1 1 1 2 3 3 5 5 5 3 3 3 5 5 8 8 11 8 8 8 8 8 8 8 11 12 12 8 9 9 10 10 12 11 11 5
 0 0 0 0 0 0 1 1 1 1 1 1 1 2 3 3 5 5 5 3 3 3 5 5 8 8 11 8 8 8 8 8 8 8 11 12 12 8 9 9 10 10 12 11 11 5
 0 0 0 0 0 0 1 1 1 1 1 1 1 1 3 3 4 4 5 3 3 3 3 3 5 5 5 3 3 3 4 4 7 7 10 10 10 9 8 8 11 11 10 15 15 11
 1 1 1 0 0 0 1 1 1 1 1 1 1 1 2 2 2 2 4 4 4 3 3 3 2 2 2 2 2 3 3 3 6 6 8 8 8 10 11 11 11 11 11 16 16 12
 1 1 1 0 0 0 1 1 1 1 1 1 1 1 2 2 2 2 4 4 4 3 3 3 2 2 2 2 2 3 3 3 6 6 8 8 8 10 11 11 11 11 11 16 16 12
 1 1 1 1 1 1 1 1 2 2 2 2 2 2 2 2 2 2 4 5 5 5 3 3 3 3 3 2 2 3 7 7 11 11 10 9 9 10 10 10 11 11 12 10 10 14
 2 2 2 2 2 1 2 2 4 4 4 4 4 3 2 2 3 3 3 6 6 6 4 4 3 3 3 4 4 5 8 8 12 12 10 12 12 10 9 9 14 14 12 9 9 12
 2 2 2 2 2 1 2 2 4 4 4 4 4 3 2 2 3 3 3 6 6 6 4 4 3 3 3 4 4 5 8 8 12 12 10 12 12 10 9 9 14 14 12 9 9 12
 2 2 3 2 2 2 2 2 3 3 3 3 3 3 3 3 2 2 3 6 6 5 3 3 3 3 4 6 6 7 10 10 11 11 12 11 11 11 10 10 11 11 11 12 12 13
 2 2 3 2 2 2 2 2 3 3 3 3 3 3 3 3 2 2 3 6 6 5 3 3 3 3 4 6 6 7 10 10 11 11 12 11 11 11 10 10 11 11 11 12 12 13
 2 2 2 2 2 2 2 2 2 2 2 2 2 2 2 2 2 2 2 5 5 5 3 3 2 2 3 6 6 7 10 10 11 11 19 11 11 11 10 10 11 11 13 11 11 17
 2 2 3 2 2 2 2 2 2 2 2 1 1 1 1 1 1 1 1 1 1 3 3 3 2 2 2 4 4 4 9 9 20 20 23 10 10 10 9 9 9 9 13 12 12 18
 2 2 3 2 2 2 2 2 2 2 2 1 1 1 1 1 1 1 1 1 1 3 3 3 2 2 2 4 4 4 9 9 20 20 23 10 10 10 9 9 9 9 13 12 12 18
 2 2 2 2 2 2 2 2 2 2 2 1 1 1 1 1 2 2 1 1 1 2 2 2 1 1 1 1 1 3 6 6 12 12 13 10 10 9 6 6 5 5 8 6 6 7
 1 1 1 1 1 2 2 2 2 2 2 1 1 1 1 1 1 1 1 0 0 0 2 2 1 1 1 1 1 3 4 4 11 11 8 7 7 6 4 4 4 4 5 5 5 5
 1 1 1 1 1 2 2 2 2 2 2 1 1 1 1 1 1 1 1 0 0 0 2 2 1 1 1 1 1 3 4 4 11 11 8 7 7 6 4 4 4 4 5 5 5 5
 0 0 0 1 1 1 1 1 1 1 1 1 1 1 1 1 0 0 0 0 0 0 0 0 2 2 1 1 1 2 2 2 5 5 5 6 6 4 3 3 4 4 4 6 6 5
 0 0 0 1 1 1 1 1 1 1 1 1 1 1 1 1 0 0 0 0 0 0 0 0 2 2 1 1 1 2 2 2 5 5 5 6 6 4 3 3 4 4 4 6 6 5
 0 0 0 0 0 0 0 0 0 0 1 1 1 1 1 1 0 0 0 0 0 0 1 1 2 2 2 1 1 1 1 1 3 3 5 6 6 6 4 4 4 4 6 4 4 7
 0 0 0 0 0 0 0 0 0 0 1 2 2 1 2 2 1 1 1 1 1 1 1 1 4 4 4 3 3 4 4 4 13 13 11 7 7 7 7 7 6 6 6 5 5 3
 0 0 0 0 0 0 0 0 0 0 1 2 2 1 2 2 1 1 1 1 1 1 1 1 4 4 4 3 3 4 4 4 13 13 11 7 7 7 7 7 6 6 6 5 5 3
 0 0 0 0 0 0 0 0 0 0 1 1 1 2 2 2 2 2 2 1 1 2 2 2 6 6 5 5 5 5 6 6 13 13 16 7 7 7 5 5 5 5 6 3 3 2
 0 0 0 0 0 1 1 1 0 0 1 1 1 1 1 1 2 2 1 1 1 2 3 3 5 5 5 5 5 6 7 7 14 14 12 11 11 9 5 5 3 3 3 3 3 3
 0 0 0 0 0 1 1 1 0 0 1 1 1 1 1 1 2 2 1 1 1 2 3 3 5 5 5 5 5 6 7 7 14 14 12 11 11 9 5 5 3 3 3 3 3 3
 0 0 0 0 0 0 1 1 0 0 1 1 1 1 1 1 1 1 1 1 1 1 1 1 3 3 3 4 4 5 6 6 6 6 8 11 11 9 5 5 2 2 2 4 4 4
 0 0 0 0 0 0 1 1 0 0 1 1 1 1 1 1 1 1 1 1 1 1 1 1 3 3 3 4 4 5 6 6 6 6 8 11 11 9 5 5 2 2 2 4 4 4
 0 0 0 0 0 1 1 1 1 1 0 1 1 1 1 1 1 1 1 0 0 1 1 1 2 2 1 2 2 4 5 5 5 5 6 11 11 13 3 3 3 3 2 6 6 7
 0 0 0 0 0 0 0 0 0 0 0 2 2 3 3 3 2 2 2 1 1 1 1 1 2 2 2 2 2 2 3 3 2 2 3 5 5 6 3 3 2 2 3 7 7 4
 0 0 0 0 0 0 0 0 0 0 0 2 2 3 3 3 2 2 2 1 1 1 1 1 2 2 2 2 2 2 3 3 2 2 3 5 5 6 3 3 2 2 3 7 7 4
 0 0 0 0 0 0 1 1 0 0 1 1 1 2 3 3 2 2 2 1 1 1 1 1 1 1 2 2 2 2 2 2 4 4 4 3 3 3 3 3 3 3 2 3 3 5
 0 0 0 1 1 1 1 1 1 1 1 1 1 1 1 1 1 1 1 1 1 1 1 1 1 1 2 3 3 4 5 5 4 4 1 2 2 3 4 4 2 2 3 3 3 3
 0 0 0 1 1 1 1 1 1 1 1 1 1 1 1 1 1 1 1 1 1 1 1 1 1 1 2 3 3 4 5 5 4 4 1 2 2 3 4 4 2 2 3 3 3 3
 1 1 1 1 1 1 1 1 0 0 1 1 1 1 1 1 1 1 1 1 1 2 1 1 2 2 3 3 3 6 6 6 3 3 1 2 2 6 8 8 3 3 3 2 2 3
 1 1 1 1 1 1 1 1 0 0 1 1 1 1 1 1 1 1 1 1 1 2 1 1 2 2 3 3 3 6 6 6 3 3 1 2 2 6 8 8 3 3 3 2 2 3
 1 1 1 1 1 1 1 1 1 1 1 1 1 1 2 2 2 2 2 3 3 3 2 2 2 2 2 2 2 4 4 4 2 2 2 2 2 3 4 4 2 2 2 2 2 2
 1 1 1 1 1 1 2 2 2 2 2 2 2 2 3 3 4 4 4 3 3 3 2 2 2 2 1 1 1 2 3 3 3 3 1 2 2 2 8 8 4 4 0 1 1 1
 1 1 1 1 1 1 2 2 2 2 2 2 2 2 3 3 4 4 4 3 3 3 2 2 2 2 1 1 1 2 3 3 3 3 1 2 2 2 8 8 4 4 0 1 1 1
 3 3 3 2 2 3 6 6 7 7 4 3 3 3 4 4 3 3 2 1 1 1 1 1 1 1 0 1 1 1 1 1 1 1 0 1 1 3 9 9 2 2 0 1 1 0
 5 5 4 4 4 6 9 9 7 7 3 2 2 1 2 2 1 1 1 0 0 0 0 0 0 0 0 0 0 0 0 0 0 0 0 0 0 1 2 2 1 1 1 0 0 0
 5 5 4 4 4 6 9 9 7 7 3 2 2 1 2 2 1 1 1 0 0 0 0 0 0 0 0 0 0 0 0 0 0 0 0 0 0 1 2 2 1 1 1 0 0 0
 2 2 2 4 4 2 2 2 1 1 1 1 1 0 0 0 0 0 0 0 0 0 0 0 0 0 0 0 0 0 0 0 0 0 0 0 0 0 0 0 1 1 0 0 0 0
 2 2 2 4 4 2 2 2 1 1 1 1 1 0 0 0 0 0 0 0 0 0 0 0 0 0 0 0 0 0 0 0 0 0 0 0 0 0 0 0 1 1 0 0 0 0
 1 1 1 1 1 0 0 0 0 0 0 0 0 0 0 0 0 0 0 0 0 0 0 0 0 0 0 0 0 0 0 0 0 0 0 0 0 1 1 1 1 1 0 0 0 0
 0 0 0 0 0 0 0 0 0 0 0 0 0 0 0 0 0 0 0 0 0 0 0 0 0 0 0 0 0 0 0 0 0 0 0 0 0 0 0 0 0 0 0 0 0 0
 0 0 0 0 0 0 0 0 0 0 0 0 0 0 0 0 0 0 0 0 0 0 0 0 0 0 0 0 0 0 0 0 0 0 0 0 0 0 0 0 0 0 0 0 0 0
 0 0 0 0 0 0 0 0 0 0 0 0 0 0 0 0 0 0 0 0 0 0 0 0 0 0 0 0 0 0 0 0 0 0 0 0 0 0 0 0 0 0 0 0 0 0
 0 0 0 0 0 0 0 0 0 0 0 0 0 0 0 0 0 0 0 0 0 0 0 0 0 0 0 0 0 0 0 0 0 0 0 0 0 0 0 0 0 0 0 0 0 0
