assets/RAT_results/precipitation/2020-08-30_IMERG.asc
ncols        46
nrows        77
xllcorner    74.800261325624
yllcorner    8.058333333333
cellsize     0.062500000000
NODATA_value -9999
 5 5 2 0 0 0 0 0 0 0 2 1 1 3 2 2 4 4 2 2 2 7 5 5 5 5 6 6 6 7 9 9 11 11 14 23 23 27 38 38 47 47 48 52 52 35
 2 2 1 0 0 0 0 0 0 0 1 1 1 1 4 4 3 3 3 3 3 3 7 7 6 6 5 5 5 7 10 10 12 12 14 19 19 22 34 34 39 39 31 33 33 30
 2 2 1 0 0 0 0 0 0 0 1 1 1 1 4 4 3 3 3 3 3 3 7 7 6 6 5 5 5 7 10 10 12 12 14 19 19 22 34 34 39 39 31 33 33 30
 1 1 0 1 1 0 0 0 1 1 0 1 1 2 4 4 4 4 4 4 4 4 4 4 4 4 4 5 5 8 12 12 13 13 16 21 21 25 32 32 36 36 29 24 24 32
 0 0 0 1 1 0 0 0 0 0 1 1 1 3 7 7 4 4 4 4 4 5 5 5 5 5 5 9 9 7 10 10 13 13 19 22 22 24 28 28 20 20 22 33 33 33
 0 0 0 1 1 0 0 0 0 0 1 1 1 3 7 7 4 4 4 4 4 5 5 5 5 5 5 9 9 7 10 10 13 13 19 22 22 24 28 28 20 20 22 33 33 33
 0 0 1 1 1 1 1 1 0 0 0 1 1 1 2 2 3 3 4 5 5 5 6 6 7 7 6 6 6 16 9 9 14 14 20 24 24 27 26 26 24 24 21 24 24 38
 0 0 1 1 1 1 1 1 0 0 0 1 1 1 2 2 3 3 4 5 5 5 6 6 7 7 6 6 6 16 9 9 14 14 20 24 24 27 26 26 24 24 21 24 24 38
 0 0 0 1 1 1 3 3 1 1 0 4 4 6 7 7 6 6 7 6 6 5 6 6 7 7 8 7 7 10 14 14 18 18 25 15 15 16 20 20 22 22 23 24 24 34
 1 1 0 1 1 1 1 1 1 1 0 1 1 7 6 6 4 4 6 4 4 5 6 6 6 6 7 9 9 9 7 7 14 14 20 18 18 16 16 16 17 17 20 30 30 34
 1 1 0 1 1 1 1 1 1 1 0 1 1 7 6 6 4 4 6 4 4 5 6 6 6 6 7 9 9 9 7 7 14 14 20 18 18 16 16 16 17 17 20 30 30 34
 1 1 1 0 0 1 1 1 0 0 0 1 1 2 2 2 5 5 5 4 4 4 4 4 5 5 5 3 3 3 3 3 8 8 7 22 22 17 14 14 12 12 17 26 26 30
 1 1 0 0 0 0 0 0 1 1 1 1 1 1 1 1 5 5 6 3 3 3 3 3 3 3 3 3 3 3 3 3 2 2 3 8 8 13 11 11 14 14 23 25 25 35
 1 1 0 0 0 0 0 0 1 1 1 1 1 1 1 1 5 5 6 3 3 3 3 3 3 3 3 3 3 3 3 3 2 2 3 8 8 13 11 11 14 14 23 25 25 35
 0 0 0 0 0 0 0 0 3 3 0 1 1 1 1 1 2 2 2 2 2 3 2 2 2 2 2 2 2 2 2 2 2 2 3 5 5 6 8 8 8 8 13 15 15 23
 0 0 0 0 0 0 0 0 3 3 0 1 1 1 1 1 2 2 2 2 2 3 2 2 2 2 2 2 2 2 2 2 2 2 3 5 5 6 8 8 8 8 13 15 15 23
 1 1 0 0 0 0 0 0 0 0 1 0 0 0 0 0 7 7 1 1 1 2 2 2 2 2 2 2 2 2 2 2 2 2 5 6 6 4 14 14 12 12 14 11 11 12
 1 1 1 1 1 0 0 0 0 0 1 1 1 0 0 0 0 0 4 1 1 1 2 2 1 1 1 2 2 2 1 1 2 2 2 4 4 5 11 11 14 14 21 16 16 11
 1 1 1 1 1 0 0 0 0 0 1 1 1 0 0 0 0 0 4 1 1 1 2 2 1 1 1 2 2 2 1 1 2 2 2 4 4 5 11 11 14 14 21 16 16 11
 2 2 2 1 1 1 4 4 1 1 0 0 0 0 0 0 0 0 0 1 1 1 4 4 2 2 1 1 1 1 2 2 1 1 2 4 4 4 5 5 6 6 15 10 10 10
 3 3 1 1 1 1 3 3 1 1 0 0 0 0 0 0 1 1 2 4 4 4 4 4 4 4 5 1 1 2 2 2 1 1 2 2 2 3 4 4 4 4 4 3 3 1
 3 3 1 1 1 1 3 3 1 1 0 0 0 0 0 0 1 1 2 4 4 4 4 4 4 4 5 1 1 2 2 2 1 1 2 2 2 3 4 4 4 4 4 3 3 1
 1 1 1 1 1 1 2 2 2 2 1 1 1 1 1 1 2 2 2 3 3 4 5 5 7 7 16 7 7 7 5 5 3 3 5 5 5 4 5 5 4 4 1 1 1 1
 1 1 1 1 1 1 2 2 2 2 1 1 1 1 1 1 2 2 2 3 3 4 5 5 7 7 16 7 7 7 5 5 3 3 5 5 5 4 5 5 4 4 1 1 1 1
 0 0 0 1 1 0 0 0 1 1 0 0 0 0 1 1 1 1 2 3 3 4 5 5 6 6 10 11 11 6 6 6 5 5 5 6 6 6 5 5 4 4 7 4 4 4
 0 0 0 0 0 0 0 0 0 0 0 0 0 0 0 0 1 1 1 2 2 3 4 4 7 7 10 7 7 7 7 7 6 6 6 8 8 7 8 8 8 8 10 10 10 6
 0 0 0 0 0 0 0 0 0 0 0 0 0 0 0 0 1 1 1 2 2 3 4 4 7 7 10 7 7 7 7 7 6 6 6 8 8 7 8 8 8 8 10 10 10 6
 0 0 1 1 1 1 1 1 1 1 0 0 0 0 0 0 1 1 0 1 1 1 2 2 3 3 8 4 4 5 6 6 6 6 6 6 6 5 6 6 7 7 7 7 7 6
 1 1 1 1 1 1 2 2 1 1 0 0 0 0 0 0 0 0 0 0 0 1 1 1 2 2 2 2 2 3 3 3 4 4 4 4 4 4 4 4 5 5 5 4 4 3
 1 1 1 1 1 1 2 2 1 1 0 0 0 0 0 0 0 0 0 0 0 1 1 1 2 2 2 2 2 3 3 3 4 4 4 4 4 4 4 4 5 5 5 4 4 3
 1 1 1 1 1 1 2 2 0 0 0 0 0 0 0 0 0 0 0 0 0 0 1 1 1 1 1 1 1 1 2 2 2 2 2 2 2 2 2 2 2 2 2 2 2 1
 1 1 1 1 1 1 2 2 0 0 0 0 0 0 0 0 0 0 0 0 0 0 1 1 1 1 1 1 1 1 2 2 2 2 2 2 2 2 2 2 2 2 2 2 2 1
 0 0 1 1 1 1 2 2 1 1 0 0 0 0 0 0 0 0 0 0 0 0 0 0 0 0 0 0 0 1 1 1 1 1 1 1 1 1 1 1 1 1 1 1 1 0
 0 0 0 0 0 0 1 1 0 0 0 1 1 1 0 0 0 0 0 0 0 0 0 0 0 0 0 0 0 0 0 0 0 0 0 0 0 1 1 1 1 1 0 0 0 0
 0 0 0 0 0 0 1 1 0 0 0 1 1 1 0 0 0 0 0 0 0 0 0 0 0 0 0 0 0 0 0 0 0 0 0 0 0 1 1 1 1 1 0 0 0 0
 0 0 0 0 0 0 0 0 0 0 0 2 2 0 0 0 0 0 0 0 0 0 0 0 0 0 0 0 0 0 0 0 0 0 0 0 0 0 0 0 0 0 0 0 0 0
 0 0 0 0 0 0 0 0 0 0 0 1 1 0 0 0 0 0 0 0 0 1 0 0 0 0 0 0 0 0 0 0 0 0 2 2 2 1 0 0 0 0 0 0 0 1
 0 0 0 0 0 0 0 0 0 0 0 1 1 0 0 0 0 0 0 0 0 1 0 0 0 0 0 0 0 0 0 0 0 0 2 2 2 1 0 0 0 0 0 0 0 1
 0 0 0 0 0 0 0 0 0 0 0 0 0 1 1 1 0 0 0 0 0 1 0 0 0 0 0 0 0 0 0 0 2 2 2 4 4 3 2 2 1 1 2 1 1 1
 0 0 0 0 0 0 0 0 0 0 0 0 0 1 1 1 0 0 0 0 0 1 0 0 0 0 0 0 0 0 0 0 2 2 2 4 4 3 2 2 1 1 2 1 1 1
 0 0 0 0 0 0 0 0 0 0 0 1 1 2 4 4 2 2 2 1 1 1 1 1 0 0 0 2 2 2 2 2 2 2 3 8 8 8 4 4 5 5 3 3 3 3
 0 0 0 2 2 1 1 1 1 1 2 1 1 2 6 6 6 6 2 1 1 1 1 1 1 1 2 2 2 3 6 6 5 5 5 10 10 5 5 5 6 6 3 2 2 3
 0 0 0 2 2 1 1 1 1 1 2 1 1 2 6 6 6 6 2 1 1 1 1 1 1 1 2 2 2 3 6 6 5 5 5 10 10 5 5 5 6 6 3 2 2 3
 0 0 0 1 1 1 1 1 1 1 2 2 2 4 6 6 7 7 6 2 2 2 2 2 2 2 2 2 2 2 3 3 5 5 6 6 6 6 5 5 5 5 1 2 2 3
 0 0 0 0 0 0 1 1 1 1 1 4 4 8 4 4 6 6 6 3 3 3 3 3 3 3 2 1 1 4 4 4 6 6 9 7 7 4 2 2 1 1 1 2 2 3
 0 0 0 0 0 0 1 1 1 1 1 4 4 8 4 4 6 6 6 3 3 3 3 3 3 3 2 1 1 4 4 4 6 6 9 7 7 4 2 2 1 1 1 2 2 3
 0 0 0 0 0 0 1 1 1 1 1 3 3 6 2 2 2 2 3 3 3 2 3 3 4 4 2 1 1 3 1 1 3 3 5 4 4 4 3 3 2 2 2 3 3 3
 0 0 0 0 0 0 1 1 1 1 1 3 3 6 2 2 2 2 3 3 3 2 3 3 4 4 2 1 1 3 1 1 3 3 5 4 4 4 3 3 2 2 2 3 3 3
 0 0 0 1 1 2 3 3 2 2 1 4 4 4 2 2 1 1 3 2 2 2 3 3 4 4 2 1 1 1 1 1 4 4 4 1 1 2 1 1 3 3 3 4 4 5
 0 0 1 2 2 5 5 5 2 2 2 2 2 2 1 1 1 1 3 2 2 1 1 1 2 2 1 1 1 1 1 1 1 1 1 1 1 1 2 2 2 2 3 4 4 5
 0 0 1 2 2 5 5 5 2 2 2 2 2 2 1 1 1 1 3 2 2 1 1 1 2 2 1 1 1 1 1 1 1 1 1 1 1 1 2 2 2 2 3 4 4 5
 0 0 0 0 0 1 3 3 1 1 1 2 2 1 1 1 1 1 5 4 4 1 1 1 1 1 2 1 1 1 1 1 1 1 1 1 1 1 1 1 3 3 4 5 5 4
 0 0 1 2 2 2 3 3 2 2 2 2 2 2 2 2 1 1 1 2 2 1 1 1 1 1 1 1 1 1 1 1 1 1 1 1 1 2 1 1 2 2 2 2 2 6
 0 0 1 2 2 2 3 3 2 2 2 2 2 2 2 2 1 1 1 2 2 1 1 1 1 1 1 1 1 1 1 1 1 1 1 1 1 2 1 1 2 2 2 2 2 6
 1 1 4 4 4 7 7 7 3 3 2 2 2 2 2 2 1 1 1 0 0 0 1 1 2 2 2 1 1 1 1 1 1 1 1 2 2 4 3 3 2 2 2 3 3 2
 1 1 4 4 4 7 7 7 3 3 2 2 2 2 2 2 1 1 1 0 0 0 1 1 2 2 2 1 1 1 1 1 1 1 1 2 2 4 3 3 2 2 2 3 3 2
 5 5 9 4 4 4 7 7 4 4 2 2 2 2 2 2 1 1 1 0 0 0 1 1 2 2 2 1 1 1 1 1 1 1 1 2 2 4 3 3 1 1 1 1 1 2
 9 9 8 4 4 3 4 4 5 5 5 3 3 2 2 2 2 2 1 1 1 0 1 1 1 1 2 2 2 1 1 1 1 1 1 0 0 1 2 2 2 2 2 0 0 0
 9 9 8 4 4 3 4 4 5 5 5 3 3 2 2 2 2 2 1 1 1 0 1 1 1 1 2 2 2 1 1 1 1 1 1 0 0 1 2 2 2 2 2 0 0 0
 2 2 2 2 2 5 6 6 8 8 5 2 2 2 1 1 0 0 0 4 4 1 1 1 1 1 1 1 1 2 1 1 0 0 0 1 1 1 2 2 2 2 2 1 1 0
 1 1 2 4 4 8 7 7 11 11 3 2 2 2 2 2 1 1 1 4 4 3 3 3 1 1 1 1 1 1 1 1 0 0 1 1 1 1 1 1 1 1 1 0 0 0
 1 1 2 4 4 8 7 7 11 11 3 2 2 2 2 2 1 1 1 4 4 3 3 3 1 1 1 1 1 1 1 1 0 0 1 1 1 1 1 1 1 1 1 0 0 0
 4 4 3 4 4 6 9 9 9 9 3 2 2 1 2 2 1 1 1 2 2 4 2 2 1 1 2 2 2 1 2 2 1 1 1 1 1 1 1 1 0 0 0 0 0 1
 4 4 3 4 4 6 9 9 9 9 3 2 2 1 2 2 1 1 1 2 2 4 2 2 1 1 2 2 2 1 2 2 1 1 1 1 1 1 1 1 0 0 0 0 0 1
 7 7 6 5 5 5 11 11 7 7 3 0 0 1 2 2 2 2 1 1 1 2 3 3 1 1 1 1 1 2 3 3 2 2 1 2 2 1 1 1 1 1 0 0 0 1
 10 10 11 6 6 4 5 5 4 4 2 0 0 1 2 2 2 2 1 0 0 1 2 2 1 1 5 1 1 1 2 2 2 2 1 2 2 1 1 1 1 1 0 0 0 0
 10 10 11 6 6 4 5 5 4 4 2 0 0 1 2 2 2 2 1 0 0 1 2 2 1 1 5 1 1 1 2 2 2 2 1 2 2 1 1 1 1 1 0 0 0 0
 9 9 9 2 2 1 1 1 1 1 0 0 0 0 1 1 1 1 1 1 1 1 2 2 2 2 6 1 1 1 1 1 2 2 1 1 1 1 1 1 1 1 1 0 0 1
 5 5 2 1 1 1 0 0 0 0 0 0 0 0 0 0 1 1 2 1 1 1 1 1 1 1 3 3 3 1 1 1 2 2 2 1 1 1 1 1 1 1 1 2 2 1
 5 5 2 1 1 1 0 0 0 0 0 0 0 0 0 0 1 1 2 1 1 1 1 1 1 1 3 3 3 1 1 1 2 2 2 1 1 1 1 1 1 1 1 2 2 1
 1 1 1 0 0 1 0 0 1 1 0 0 0 0 0 0 1 1 1 0 0 0 0 0 1 1 1 1 1 1 3 3 1 1 4 2 2 1 3 3 2 2 1 2 2 6
 1 1 1 0 0 1 0 0 1 1 0 0 0 0 0 0 1 1 1 0 0 0 0 0 1 1 1 1 1 1 3 3 1 1 4 2 2 1 3 3 2 2 1 2 2 6
 2 2 1 0 0 0 1 1 1 1 0 0 0 0 0 0 1 1 1 1 1 1 1 1 1 1 1 1 1 1 2 2 1 1 2 1 1 2 1 1 1 1 1 1 1 0
 2 2 5 1 1 0 0 0 0 0 0 0 0 0 0 0 1 1 0 0 0 0 1 1 1 1 1 1 1 1 2 2 1 1 1 1 1 1 1 1 1 1 1 0 0 1
 2 2 5 1 1 0 0 0 0 0 0 0 0 0 0 0 1 1 0 0 0 0 1 1 1 1 1 1 1 1 2 2 1 1 1 1 1 1 1 1 1 1 1 0 0 1
 2 2 3 3 3 0 0 0 0 0 0 0 0 0 0 0 1 1 1 1 1 1 1 1 1 1 1 2 2 2 2 2 1 1 1 1 1 0 0 0 1 1 1 1 1 1
 0 0 1 2 2 0 0 0 0 0 0 0 0 0 0 0 1 1 1 1 1 3 2 2 1 1 2 2 2 2 1 1 1 1 0 1 1 0 0 0 0 0 1 1 1 1
