assets/RAT_results/precipitation/2020-10-08_IMERG.asc
ncols        46
nrows        77
xllcorner    74.800261325624
yllcorner    8.058333333333
cellsize     0.062500000000
NODATA_value -9999
 31 31 16 13 13 13 13 13 31 31 94 46 46 13 14 14 13 13 10 13 13 17 18 18 20 20 17 9 9 9 12 12 11 11 14 14 14 15 16 16 15 15 12 12 12 12
 41 41 26 18 18 16 13 13 46 46 102 53 53 57 34 34 12 12 10 11 11 18 19 19 23 23 24 11 11 10 10 10 11 11 19 19 19 22 21 21 23 23 19 16 16 14
 41 41 26 18 18 16 13 13 46 46 102 53 53 57 34 34 12 12 10 11 11 18 19 19 23 23 24 11 11 10 10 10 11 11 19 19 19 22 21 21 23 23 19 16 16 14
 31 31 27 23 23 17 17 17 17 17 44 49 49 36 20 20 12 12 11 11 11 12 16 16 19 19 16 12 12 12 11 11 11 11 12 23 23 26 25 25 27 27 40 40 40 32
 26 26 34 89 89 34 22 22 20 20 44 35 35 57 40 40 11 11 11 10 10 11 15 15 16 16 14 14 14 13 15 15 13 13 12 23 23 27 32 32 27 27 40 40 40 32
 26 26 34 89 89 34 22 22 20 20 44 35 35 57 40 40 11 11 11 10 10 11 15 15 16 16 14 14 14 13 15 15 13 13 12 23 23 27 32 32 27 27 40 40 40 32
 50 50 56 123 123 60 51 51 28 28 23 18 18 29 12 12 12 12 12 11 11 12 15 15 16 16 17 18 18 16 18 18 18 18 15 21 21 24 27 27 42 42 34 39 39 34
 50 50 56 123 123 60 51 51 28 28 23 18 18 29 12 12 12 12 12 11 11 12 15 15 16 16 17 18 18 16 18 18 18 18 15 21 21 24 27 27 42 42 34 39 39 34
 36 36 36 39 39 35 27 27 25 25 20 18 18 10 9 9 9 9 11 13 13 13 13 13 18 18 18 17 17 18 21 21 18 18 23 28 28 33 32 32 36 36 37 21 21 24
 21 21 30 57 57 36 21 21 21 21 17 31 31 26 5 5 6 6 6 12 12 14 13 13 18 18 27 27 27 34 38 38 23 23 23 35 35 33 27 27 24 24 17 20 20 17
 21 21 30 57 57 36 21 21 21 21 17 31 31 26 5 5 6 6 6 12 12 14 13 13 18 18 27 27 27 34 38 38 23 23 23 35 35 33 27 27 24 24 17 20 20 17
 22 22 24 25 25 32 32 32 28 28 18 8 8 7 5 5 14 14 4 7 7 16 16 16 32 32 38 37 37 35 19 19 25 25 24 26 26 19 18 18 10 10 7 15 15 16
 15 15 20 18 18 29 28 28 37 37 32 15 15 4 7 7 12 12 9 3 3 14 15 15 8 8 20 23 23 36 21 21 21 21 21 24 24 17 14 14 2 2 3 3 3 11
 15 15 20 18 18 29 28 28 37 37 32 15 15 4 7 7 12 12 9 3 3 14 15 15 8 8 20 23 23 36 21 21 21 21 21 24 24 17 14 14 2 2 3 3 3 11
 13 13 13 18 18 22 24 24 24 24 32 23 23 11 28 28 20 20 9 12 12 3 4 4 5 5 20 19 19 11 13 13 13 13 17 14 14 20 13 13 1 1 1 1 1 1
 13 13 13 18 18 22 24 24 24 24 32 23 23 11 28 28 20 20 9 12 12 3 4 4 5 5 20 19 19 11 13 13 13 13 17 14 14 20 13 13 1 1 1 1 1 1
 23 23 16 20 20 22 27 27 27 27 35 33 33 38 36 36 45 45 17 4 4 0 1 1 1 1 3 5 5 7 9 9 13 13 24 24 24 6 1 1 1 1 1 0 0 1
 22 22 21 23 23 37 47 47 40 40 38 35 35 38 52 52 54 54 29 15 15 2 1 1 0 0 1 1 1 5 7 7 12 12 37 14 14 9 1 1 1 1 1 0 0 0
 22 22 21 23 23 37 47 47 40 40 38 35 35 38 52 52 54 54 29 15 15 2 1 1 0 0 1 1 1 5 7 7 12 12 37 14 14 9 1 1 1 1 1 0 0 0
 37 37 41 46 46 95 42 42 64 64 63 60 60 46 57 57 62 62 37 28 28 26 5 5 2 2 1 1 1 3 7 7 9 9 15 7 7 9 1 1 1 1 0 0 0 2
 44 44 43 61 61 129 124 124 80 80 78 74 74 76 99 99 74 74 42 21 21 17 5 5 4 4 3 1 1 5 5 5 2 2 2 1 1 1 0 0 0 0 1 0 0 0
 44 44 43 61 61 129 124 124 80 80 78 74 74 76 99 99 74 74 42 21 21 17 5 5 4 4 3 1 1 5 5 5 2 2 2 1 1 1 0 0 0 0 1 0 0 0
 60 60 54 57 57 102 125 125 102 102 76 76 76 46 53 53 55 55 51 29 29 23 7 7 12 12 20 13 13 7 23 23 15 15 1 1 1 1 2 2 6 6 0 0 0 0
 60 60 54 57 57 102 125 125 102 102 76 76 76 46 53 53 55 55 51 29 29 23 7 7 12 12 20 13 13 7 23 23 15 15 1 1 1 1 2 2 6 6 0 0 0 0
 49 49 57 54 54 96 92 92 55 55 87 60 60 58 67 67 64 64 37 27 27 31 8 8 15 15 19 14 14 11 19 19 4 4 2 1 1 1 2 2 13 13 0 0 0 0
 48 48 60 65 65 92 68 68 44 44 76 59 59 45 66 66 60 60 32 14 14 16 15 15 5 5 12 22 22 5 1 1 1 1 1 1 1 3 5 5 2 2 0 0 0 0
 48 48 60 65 65 92 68 68 44 44 76 59 59 45 66 66 60 60 32 14 14 16 15 15 5 5 12 22 22 5 1 1 1 1 1 1 1 3 5 5 2 2 0 0 0 0
 53 53 67 72 72 98 85 85 56 56 43 33 33 37 67 67 63 63 36 14 14 16 13 13 7 7 18 24 24 2 1 1 2 2 2 3 3 3 2 2 0 0 0 0 0 1
 69 69 89 82 82 60 67 67 59 59 43 37 37 29 17 17 21 21 22 17 17 15 6 6 5 5 10 25 25 2 0 0 2 2 2 2 2 7 5 5 0 0 0 0 0 1
 69 69 89 82 82 60 67 67 59 59 43 37 37 29 17 17 21 21 22 17 17 15 6 6 5 5 10 25 25 2 0 0 2 2 2 2 2 7 5 5 0 0 0 0 0 1
 47 47 62 66 66 57 69 69 60 60 42 34 34 33 11 11 16 16 13 13 13 9 9 9 4 4 7 7 7 12 0 0 0 0 2 2 2 7 3 3 3 3 4 2 2 1
 47 47 62 66 66 57 69 69 60 60 42 34 34 33 11 11 16 16 13 13 13 9 9 9 4 4 7 7 7 12 0 0 0 0 2 2 2 7 3 3 3 3 4 2 2 1
 22 22 43 41 41 55 70 70 42 42 34 32 32 20 14 14 19 19 16 10 10 8 4 4 3 3 4 2 2 2 2 2 2 2 4 4 4 6 8 8 6 6 10 5 5 3
 22 22 29 30 30 32 36 36 33 33 40 35 35 36 41 41 21 21 24 21 21 16 12 12 14 14 3 1 1 1 1 1 1 1 2 6 6 6 10 10 15 15 14 31 31 17
 22 22 29 30 30 32 36 36 33 33 40 35 35 36 41 41 21 21 24 21 21 16 12 12 14 14 3 1 1 1 1 1 1 1 2 6 6 6 10 10 15 15 14 31 31 17
 17 17 17 17 17 14 20 20 24 24 33 37 37 41 52 52 42 42 35 26 26 17 19 19 19 19 5 7 7 3 1 1 2 2 2 5 5 6 6 6 17 17 19 29 29 11
 12 12 13 12 12 12 10 10 19 19 25 28 28 45 58 58 55 55 48 38 38 34 32 32 30 30 22 18 18 8 4 4 2 2 2 2 2 3 4 4 6 6 17 24 24 9
 12 12 13 12 12 12 10 10 19 19 25 28 28 45 58 58 55 55 48 38 38 34 32 32 30 30 22 18 18 8 4 4 2 2 2 2 2 3 4 4 6 6 17 24 24 9
 13 13 12 12 12 8 7 7 10 10 12 22 22 39 58 58 56 56 56 41 41 48 47 47 28 28 42 30 30 18 6 6 5 5 2 3 3 3 3 3 5 5 7 8 8 6
 13 13 12 12 12 8 7 7 10 10 12 22 22 39 58 58 56 56 56 41 41 48 47 47 28 28 42 30 30 18 6 6 5 5 2 3 3 3 3 3 5 5 7 8 8 6
 12 12 13 9 9 11 10 10 9 9 12 23 23 31 37 37 59 59 66 59 59 64 59 59 45 45 41 42 42 24 8 8 31 31 24 2 2 2 2 2 2 2 3 7 7 6
 12 12 10 12 12 12 12 12 12 12 13 18 18 16 21 21 36 36 65 71 71 91 62 62 46 46 46 40 40 23 18 18 22 22 17 8 8 5 11 11 4 4 4 3 3 3
 12 12 10 12 12 12 12 12 12 12 13 18 18 16 21 21 36 36 65 71 71 91 62 62 46 46 46 40 40 23 18 18 22 22 17 8 8 5 11 11 4 4 4 3 3 3
 6 6 6 7 7 9 11 11 13 13 13 17 17 19 19 19 19 19 36 61 61 52 64 64 51 51 53 64 64 34 23 23 32 32 29 7 7 12 9 9 2 2 6 0 0 1
 5 5 5 6 6 6 10 10 11 11 10 9 9 12 13 13 16 16 25 34 34 63 80 80 58 58 42 44 44 56 40 40 28 28 27 18 18 10 2 2 3 3 2 0 0 0
 5 5 5 6 6 6 10 10 11 11 10 9 9 12 13 13 16 16 25 34 34 63 80 80 58 58 42 44 44 56 40 40 28 28 27 18 18 10 2 2 3 3 2 0 0 0
 4 4 3 4 4 5 7 7 8 8 7 8 8 8 13 13 13 13 15 28 28 36 57 57 64 64 45 49 49 42 60 60 57 57 23 21 21 10 7 7 2 2 2 0 0 0
 4 4 3 4 4 5 7 7 8 8 7 8 8 8 13 13 13 13 15 28 28 36 57 57 64 64 45 49 49 42 60 60 57 57 23 21 21 10 7 7 2 2 2 0 0 0
 2 2 3 4 4 6 7 7 7 7 8 7 7 7 9 9 10 10 14 21 21 40 63 63 60 60 45 46 46 47 59 59 71 71 19 16 16 18 6 6 0 0 0 0 0 1
 2 2 4 4 4 7 7 7 7 7 6 6 6 6 10 10 13 13 13 14 14 32 42 42 43 43 45 37 37 61 58 58 47 47 29 18 18 13 2 2 1 1 0 0 0 0
 2 2 4 4 4 7 7 7 7 7 6 6 6 6 10 10 13 13 13 14 14 32 42 42 43 43 45 37 37 61 58 58 47 47 29 18 18 13 2 2 1 1 0 0 0 0
 3 3 3 3 3 7 7 7 6 6 5 8 8 8 10 10 12 12 14 18 18 23 24 24 27 27 36 33 33 32 46 46 48 48 25 11 11 2 1 1 1 1 1 1 1 0
 2 2 4 3 3 7 7 7 5 5 4 7 7 7 9 9 9 9 13 15 15 28 15 15 24 24 26 22 22 28 30 30 30 30 21 10 10 6 1 1 2 2 2 4 4 1
 2 2 4 3 3 7 7 7 5 5 4 7 7 7 9 9 9 9 13 15 15 28 15 15 24 24 26 22 22 28 30 30 30 30 21 10 10 6 1 1 2 2 2 4 4 1
 3 3 3 4 4 5 5 5 6 6 7 8 8 8 7 7 8 8 10 14 14 13 16 16 26 26 25 17 17 16 16 16 24 24 16 14 14 4 2 2 3 3 1 2 2 2
 3 3 3 4 4 5 5 5 6 6 7 8 8 8 7 7 8 8 10 14 14 13 16 16 26 26 25 17 17 16 16 16 24 24 16 14 14 4 2 2 3 3 1 2 2 2
 4 4 2 5 5 5 5 5 6 6 6 7 7 7 8 8 9 9 12 12 12 11 13 13 23 23 27 21 21 18 18 18 25 25 30 16 16 9 3 3 2 2 2 2 2 2
 5 5 6 6 6 6 5 5 5 5 5 8 8 8 8 8 10 10 12 12 12 12 12 12 15 15 28 31 31 24 18 18 19 19 44 27 27 12 5 5 1 1 2 2 2 1
 5 5 6 6 6 6 5 5 5 5 5 8 8 8 8 8 10 10 12 12 12 12 12 12 15 15 28 31 31 24 18 18 19 19 44 27 27 12 5 5 1 1 2 2 2 1
 4 4 4 4 4 4 6 6 4 4 6 9 9 9 11 11 14 14 11 14 14 12 10 10 11 11 26 33 33 20 32 32 35 35 39 37 37 7 5 5 1 1 1 2 2 1
 4 4 4 4 4 4 5 5 4 4 5 7 7 9 16 16 11 11 13 18 18 13 11 11 11 11 15 29 29 26 32 32 31 31 33 26 26 18 16 16 15 15 2 2 2 1
 4 4 4 4 4 4 5 5 4 4 5 7 7 9 16 16 11 11 13 18 18 13 11 11 11 11 15 29 29 26 32 32 31 31 33 26 26 18 16 16 15 15 2 2 2 1
 3 3 5 4 4 4 5 5 5 5 4 5 5 6 12 12 18 18 23 18 18 12 9 9 10 10 14 25 25 22 24 24 33 33 32 26 26 11 11 11 11 11 4 2 2 1
 3 3 5 4 4 4 5 5 5 5 4 5 5 6 12 12 18 18 23 18 18 12 9 9 10 10 14 25 25 22 24 24 33 33 32 26 26 11 11 11 11 11 4 2 2 1
 2 2 5 5 5 4 4 4 4 4 4 4 4 5 8 8 10 10 13 10 10 11 7 7 8 8 11 11 11 12 16 16 11 11 10 12 12 16 16 16 17 17 5 4 4 2
 3 3 4 5 5 4 5 5 5 5 4 5 5 5 9 9 11 11 12 10 10 10 9 9 11 11 11 16 16 15 13 13 13 13 5 4 4 5 15 15 17 17 16 8 8 6
 3 3 4 5 5 4 5 5 5 5 4 5 5 5 9 9 11 11 12 10 10 10 9 9 11 11 11 16 16 15 13 13 13 13 5 4 4 5 15 15 17 17 16 8 8 6
 3 3 4 4 4 5 4 4 5 5 5 6 6 6 7 7 7 7 10 10 10 9 9 9 11 11 14 11 11 8 18 18 13 13 7 6 6 7 11 11 11 11 16 18 18 25
 3 3 4 4 4 3 4 4 4 4 4 3 3 4 4 4 5 5 6 8 8 9 9 9 11 11 12 8 8 7 7 7 7 7 6 8 8 7 8 8 10 10 10 19 19 21
 3 3 4 4 4 3 4 4 4 4 4 3 3 4 4 4 5 5 6 8 8 9 9 9 11 11 12 8 8 7 7 7 7 7 6 8 8 7 8 8 10 10 10 19 19 21
 2 2 2 3 3 4 2 2 2 2 2 2 2 3 3 3 5 5 5 6 6 6 6 6 5 5 4 5 5 4 4 4 3 3 5 7 7 9 14 14 14 14 6 8 8 5
 2 2 2 3 3 4 2 2 2 2 2 2 2 3 3 3 5 5 5 6 6 6 6 6 5 5 4 5 5 4 4 4 3 3 5 7 7 9 14 14 14 14 6 8 8 5
 0 0 2 3 3 3 2 2 2 2 3 2 2 4 4 4 6 6 5 6 6 6 7 7 2 2 2 2 2 2 3 3 4 4 4 7 7 12 8 8 11 11 8 1 1 0
 0 0 2 3 3 3 3 3 2 2 2 2 2 4 5 5 4 4 3 5 5 1 1 1 2 2 2 3 3 3 2 2 3 3 4 2 2 6 15 15 3 3 2 0 0 0
 0 0 2 3 3 3 3 3 2 2 2 2 2 4 5 5 4 4 3 5 5 1 1 1 2 2 2 3 3 3 2 2 3 3 4 2 2 6 15 15 3 3 2 0 0 0
 0 0 2 2 2 2 2 2 2 2 2 4 4 2 3 3 3 3 2 1 1 1 2 2 2 2 2 5 5 5 5 5 4 4 4 1 1 2 2 2 1 1 1 0 0 0
 0 0 2 2 2 3 3 3 2 2 2 5 5 3 4 4 4 4 3 2 2 2 0 0 0 0 0 4 4 4 5 5 4 4 4 4 4 1 0 0 0 0 1 0 0 0
