assets/RAT_results/precipitation/2020-07-18_IMERG.asc
ncols        46
nrows        77
xllcorner    74.800261325624
yllcorner    8.058333333333
cellsize     0.062500000000
NODATA_value -9999
 27 27 21 17 17 10 9 9 11 11 23 9 9 5 4 4 3 3 3 2 2 2 5 5 4 4 7 7 7 8 3 3 5 5 3 3 3 3 7 7 7 7 3 7 7 0
 20 20 16 13 13 12 14 14 15 15 15 8 8 5 4 4 4 4 2 1 1 1 4 4 5 5 7 9 9 7 4 4 4 4 4 2 2 3 3 3 2 2 1 1 1 1
 20 20 16 13 13 12 14 14 15 15 15 8 8 5 4 4 4 4 2 1 1 1 4 4 5 5 7 9 9 7 4 4 4 4 4 2 2 3 3 3 2 2 1 1 1 1
 18 18 14 17 17 12 8 8 11 11 8 10 10 5 4 4 3 3 2 1 1 2 4 4 4 4 6 10 10 9 4 4 3 3 3 2 2 2 1 1 1 1 1 1 1 1
 17 17 13 13 13 14 14 14 14 14 11 8 8 5 4 4 1 1 1 2 2 2 5 5 4 4 3 6 6 4 4 4 3 3 2 1 1 1 1 1 1 1 1 1 1 1
 17 17 13 13 13 14 14 14 14 14 11 8 8 5 4 4 1 1 1 2 2 2 5 5 4 4 3 6 6 4 4 4 3 3 2 1 1 1 1 1 1 1 1 1 1 1
 11 11 9 12 12 14 22 22 21 21 14 10 10 4 5 5 1 1 2 2 2 4 4 4 3 3 1 2 2 2 1 1 1 1 0 0 0 1 0 0 2 2 2 3 3 2
 11 11 9 12 12 14 22 22 21 21 14 10 10 4 5 5 1 1 2 2 2 4 4 4 3 3 1 2 2 2 1 1 1 1 0 0 0 1 0 0 2 2 2 3 3 2
 8 8 12 16 16 18 21 21 22 22 20 14 14 8 3 3 3 3 3 3 3 3 2 2 2 2 1 1 1 1 2 2 7 7 3 1 1 1 1 1 1 1 1 1 1 3
 9 9 11 13 13 22 13 13 19 19 19 16 16 8 2 2 4 4 3 3 3 2 1 1 2 2 3 4 4 2 3 3 4 4 3 2 2 2 3 3 4 4 5 4 4 3
 9 9 11 13 13 22 13 13 19 19 19 16 16 8 2 2 4 4 3 3 3 2 1 1 2 2 3 4 4 2 3 3 4 4 3 2 2 2 3 3 4 4 5 4 4 3
 14 14 13 13 13 15 12 12 14 14 7 12 12 8 2 2 3 3 3 2 2 2 2 2 4 4 7 7 7 4 4 4 4 4 3 6 6 6 9 9 16 16 10 17 17 11
 15 15 9 8 8 10 9 9 9 9 13 33 33 9 7 7 5 5 3 3 3 3 2 2 3 3 4 4 4 3 4 4 3 3 6 13 13 23 10 10 7 7 16 18 18 16
 15 15 9 8 8 10 9 9 9 9 13 33 33 9 7 7 5 5 3 3 3 3 2 2 3 3 4 4 4 3 4 4 3 3 6 13 13 23 10 10 7 7 16 18 18 16
 12 12 15 10 10 9 8 8 10 10 10 21 21 14 9 9 7 7 7 6 6 4 2 2 3 3 3 3 3 2 3 3 2 2 3 7 7 10 9 9 10 10 7 5 5 9
 12 12 15 10 10 9 8 8 10 10 10 21 21 14 9 9 7 7 7 6 6 4 2 2 3 3 3 3 3 2 3 3 2 2 3 7 7 10 9 9 10 10 7 5 5 9
 15 15 9 10 10 7 4 4 8 8 10 8 8 10 19 19 10 10 7 3 3 1 1 1 2 2 4 4 4 2 2 2 3 3 4 7 7 9 15 15 6 6 3 5 5 0
 11 11 12 14 14 4 3 3 7 7 13 9 9 10 17 17 11 11 8 4 4 4 2 2 2 2 3 3 3 1 1 1 3 3 2 5 5 10 11 11 7 7 2 0 0 4
 11 11 12 14 14 4 3 3 7 7 13 9 9 10 17 17 11 11 8 4 4 4 2 2 2 2 3 3 3 1 1 1 3 3 2 5 5 10 11 11 7 7 2 0 0 4
 25 25 23 17 17 7 3 3 5 5 5 8 8 8 12 12 7 7 7 5 5 5 3 3 2 2 3 2 2 1 1 1 1 1 2 7 7 5 6 6 4 4 3 0 0 0
 26 26 33 18 18 5 2 2 2 2 3 5 5 4 5 5 5 5 5 4 4 3 1 1 2 2 4 5 5 2 1 1 1 1 2 2 2 2 4 4 4 4 0 0 0 1
 26 26 33 18 18 5 2 2 2 2 3 5 5 4 5 5 5 5 5 4 4 3 1 1 2 2 4 5 5 2 1 1 1 1 2 2 2 2 4 4 4 4 0 0 0 1
 28 28 25 14 14 8 3 3 3 3 1 2 2 4 3 3 6 6 5 2 2 2 2 2 3 3 5 8 8 6 4 4 4 4 5 3 3 4 2 2 2 2 0 0 0 0
 28 28 25 14 14 8 3 3 3 3 1 2 2 4 3 3 6 6 5 2 2 2 2 2 3 3 5 8 8 6 4 4 4 4 5 3 3 4 2 2 2 2 0 0 0 0
 27 27 14 13 13 5 5 5 3 3 2 1 1 4 4 4 6 6 7 4 4 5 3 3 2 2 2 4 4 4 2 2 4 4 11 11 11 9 7 7 7 7 2 1 1 1
 25 25 16 13 13 8 7 7 5 5 3 1 1 1 5 5 6 6 7 7 7 5 3 3 2 2 2 2 2 4 2 2 3 3 4 7 7 15 25 25 10 10 15 3 3 1
 25 25 16 13 13 8 7 7 5 5 3 1 1 1 5 5 6 6 7 7 7 5 3 3 2 2 2 2 2 4 2 2 3 3 4 7 7 15 25 25 10 10 15 3 3 1
 26 26 18 16 16 13 9 9 5 5 3 1 1 1 2 2 6 6 8 7 7 7 4 4 4 4 2 3 3 2 2 2 2 2 3 4 4 8 9 9 12 12 12 12 12 19
 35 35 21 16 16 16 15 15 11 11 5 3 3 1 2 2 5 5 7 5 5 4 3 3 3 3 1 1 1 2 2 2 1 1 2 0 0 3 9 9 1 1 14 9 9 5
 35 35 21 16 16 16 15 15 11 11 5 3 3 1 2 2 5 5 7 5 5 4 3 3 3 3 1 1 1 2 2 2 1 1 2 0 0 3 9 9 1 1 14 9 9 5
 53 53 28 19 19 17 15 15 11 11 4 2 2 1 2 2 6 6 8 5 5 7 6 6 2 2 1 1 1 1 1 1 1 1 1 1 1 1 2 2 2 2 2 2 2 6
 53 53 28 19 19 17 15 15 11 11 4 2 2 1 2 2 6 6 8 5 5 7 6 6 2 2 1 1 1 1 1 1 1 1 1 1 1 1 2 2 2 2 2 2 2 6
 71 71 52 24 24 22 20 20 20 20 4 3 3 1 1 1 5 5 9 5 5 6 8 8 4 4 4 3 3 1 1 1 1 1 1 1 1 1 1 1 1 1 1 2 2 1
 63 63 58 46 46 31 30 30 25 25 4 4 4 1 2 2 2 2 7 7 7 8 11 11 9 9 5 4 4 6 1 1 3 3 1 1 1 1 1 1 1 1 1 0 0 0
 63 63 58 46 46 31 30 30 25 25 4 4 4 1 2 2 2 2 7 7 7 8 11 11 9 9 5 4 4 6 1 1 3 3 1 1 1 1 1 1 1 1 1 0 0 0
 34 34 40 49 49 38 35 35 30 30 20 4 4 2 2 2 3 3 7 7 7 8 7 7 7 7 7 11 11 10 21 21 1 1 1 2 2 2 3 3 3 3 4 1 1 1
 24 24 22 29 29 29 33 33 34 34 27 12 12 5 3 3 3 3 3 5 5 4 6 6 5 5 7 8 8 15 20 20 2 2 2 3 3 3 4 4 5 5 4 4 4 4
 24 24 22 29 29 29 33 33 34 34 27 12 12 5 3 3 3 3 3 5 5 4 6 6 5 5 7 8 8 15 20 20 2 2 2 3 3 3 4 4 5 5 4 4 4 4
 20 20 21 22 22 21 28 28 22 22 28 13 13 11 6 6 4 4 2 5 5 4 3 3 5 5 7 11 11 11 4 4 4 4 4 3 3 3 4 4 4 4 3 5 5 1
 20 20 21 22 22 21 28 28 22 22 28 13 13 11 6 6 4 4 2 5 5 4 3 3 5 5 7 11 11 11 4 4 4 4 4 3 3 3 4 4 4 4 3 5 5 1
 21 21 24 21 21 20 21 21 15 15 18 17 17 11 7 7 2 2 1 5 5 5 4 4 5 5 5 12 12 15 13 13 8 8 6 6 6 7 7 7 6 6 4 3 3 1
 15 15 18 18 18 21 19 19 16 16 17 18 18 12 5 5 2 2 1 1 1 4 3 3 4 4 4 10 10 17 15 15 10 10 7 6 6 8 7 7 6 6 2 2 2 1
 15 15 18 18 18 21 19 19 16 16 17 18 18 12 5 5 2 2 1 1 1 4 3 3 4 4 4 10 10 17 15 15 10 10 7 6 6 8 7 7 6 6 2 2 2 1
 12 12 10 14 14 15 17 17 17 17 18 15 15 5 5 5 1 1 1 1 1 4 2 2 4 4 2 4 4 6 11 11 10 10 6 4 4 6 5 5 6 6 3 0 0 0
 23 23 18 21 21 22 18 18 16 16 16 18 18 9 3 3 1 1 1 1 1 1 4 4 4 4 3 3 3 5 9 9 7 7 7 1 1 2 1 1 4 4 0 1 1 0
 23 23 18 21 21 22 18 18 16 16 16 18 18 9 3 3 1 1 1 1 1 1 4 4 4 4 3 3 3 5 9 9 7 7 7 1 1 2 1 1 4 4 0 1 1 0
 26 26 20 21 21 17 20 20 15 15 15 19 19 11 1 1 1 1 1 1 1 1 1 1 6 6 6 5 5 3 4 4 4 4 5 2 2 1 1 1 0 0 0 1 1 0
 26 26 20 21 21 17 20 20 15 15 15 19 19 11 1 1 1 1 1 1 1 1 1 1 6 6 6 5 5 3 4 4 4 4 5 2 2 1 1 1 0 0 0 1 1 0
 14 14 12 17 17 16 16 16 15 15 15 16 16 9 1 1 1 1 0 1 1 3 4 4 11 11 7 9 9 6 6 6 4 4 5 2 2 0 0 0 0 0 1 3 3 1
 8 8 11 9 9 11 12 12 15 15 16 13 13 14 7 7 2 2 1 1 1 1 2 2 8 8 8 7 7 9 11 11 9 9 2 1 1 0 1 1 0 0 1 2 2 2
 8 8 11 9 9 11 12 12 15 15 16 13 13 14 7 7 2 2 1 1 1 1 2 2 8 8 8 7 7 9 11 11 9 9 2 1 1 0 1 1 0 0 1 2 2 2
 6 6 11 9 9 11 13 13 15 15 12 9 9 10 6 6 3 3 2 1 1 3 2 2 7 7 8 10 10 9 11 11 9 9 4 3 3 3 3 3 3 3 3 2 2 2
 6 6 18 21 21 16 11 11 11 11 8 8 8 7 6 6 3 3 2 3 3 2 2 2 5 5 7 8 8 7 9 9 9 9 8 4 4 4 4 4 4 4 4 2 2 1
 6 6 18 21 21 16 11 11 11 11 8 8 8 7 6 6 3 3 2 3 3 2 2 2 5 5 7 8 8 7 9 9 9 9 8 4 4 4 4 4 4 4 4 2 2 1
 5 5 14 11 11 14 9 9 8 8 7 8 8 7 7 7 2 2 2 2 2 1 1 1 5 5 7 12 12 11 12 12 14 14 9 5 5 3 2 2 3 3 1 1 1 1
 5 5 14 11 11 14 9 9 8 8 7 8 8 7 7 7 2 2 2 2 2 1 1 1 5 5 7 12 12 11 12 12 14 14 9 5 5 3 2 2 3 3 1 1 1 1
 3 3 7 8 8 7 9 9 5 5 6 6 6 7 8 8 4 4 2 1 1 2 1 1 4 4 7 13 13 9 13 13 15 15 10 6 6 4 2 2 4 4 3 1 1 2
 4 4 5 5 5 4 8 8 5 5 4 5 5 6 7 7 8 8 3 2 2 2 1 1 1 1 6 5 5 4 6 6 9 9 6 3 3 2 1 1 3 3 4 4 4 3
 4 4 5 5 5 4 8 8 5 5 4 5 5 6 7 7 8 8 3 2 2 2 1 1 1 1 6 5 5 4 6 6 9 9 6 3 3 2 1 1 3 3 4 4 4 3
 5 5 5 5 5 5 4 4 4 4 2 5 5 5 6 6 5 5 3 1 1 1 1 1 1 1 4 4 4 3 4 4 6 6 4 2 2 1 1 1 2 2 3 2 2 1
 6 6 7 3 3 4 4 4 4 4 2 4 4 3 4 4 4 4 2 1 1 1 1 1 0 0 1 3 3 3 2 2 6 6 7 4 4 0 0 0 1 1 1 1 1 0
 6 6 7 3 3 4 4 4 4 4 2 4 4 3 4 4 4 4 2 1 1 1 1 1 0 0 1 3 3 3 2 2 6 6 7 4 4 0 0 0 1 1 1 1 1 0
 3 3 8 7 7 6 4 4 3 3 1 3 3 3 4 4 3 3 3 1 1 0 0 0 0 0 0 2 2 2 2 2 3 3 5 5 5 4 1 1 1 1 1 2 2 1
 3 3 8 7 7 6 4 4 3 3 1 3 3 3 4 4 3 3 3 1 1 0 0 0 0 0 0 2 2 2 2 2 3 3 5 5 5 4 1 1 1 1 1 2 2 1
 2 2 3 6 6 6 5 5 2 2 1 2 2 3 2 2 3 3 2 1 1 1 0 0 1 1 1 1 1 2 2 2 1 1 1 9 9 10 4 4 2 2 2 2 2 2
 2 2 2 3 3 4 2 2 1 1 1 1 1 2 2 2 2 2 1 1 1 1 1 1 1 1 1 1 1 3 3 3 2 2 1 1 1 5 14 14 4 4 7 6 6 3
 2 2 2 3 3 4 2 2 1 1 1 1 1 2 2 2 2 2 1 1 1 1 1 1 1 1 1 1 1 3 3 3 2 2 1 1 1 5 14 14 4 4 7 6 6 3
 2 2 2 2 2 1 1 1 1 1 2 2 2 2 3 3 3 3 2 1 1 0 0 0 0 0 1 1 1 1 3 3 2 2 2 2 2 2 4 4 5 5 4 9 9 19
 2 2 1 2 2 1 2 2 2 2 2 2 2 2 2 2 2 2 1 2 2 1 0 0 0 0 1 2 2 1 1 1 3 3 3 3 3 3 4 4 5 5 7 4 4 6
 2 2 1 2 2 1 2 2 2 2 2 2 2 2 2 2 2 2 1 2 2 1 0 0 0 0 1 2 2 1 1 1 3 3 3 3 3 3 4 4 5 5 7 4 4 6
 3 3 2 2 2 2 1 1 2 2 2 2 2 2 2 2 2 2 1 2 2 2 0 0 1 1 1 1 1 1 1 1 1 1 5 4 4 3 3 3 6 6 6 4 4 3
 3 3 2 2 2 2 1 1 2 2 2 2 2 2 2 2 2 2 1 2 2 2 0 0 1 1 1 1 1 1 1 1 1 1 5 4 4 3 3 3 6 6 6 4 4 3
 3 3 2 3 3 3 2 2 2 2 1 1 1 2 2 2 2 2 1 1 1 2 1 1 1 1 1 1 1 1 1 1 1 1 4 4 4 4 4 4 6 6 7 5 5 2
 5 5 4 4 4 3 2 2 2 2 1 1 1 2 1 1 1 1 1 1 1 1 1 1 1 1 1 1 1 1 1 1 2 2 3 4 4 6 5 5 6 6 4 2 2 1
 5 5 4 4 4 3 2 2 2 2 1 1 1 2 1 1 1 1 1 1 1 1 1 1 1 1 1 1 1 1 1 1 2 2 3 4 4 6 5 5 6 6 4 2 2 1
 5 5 6 5 5 3 3 3 3 3 2 2 2 3 2 2 2 2 1 0 0 1 1 1 0 0 1 1 1 1 1 1 2 2 3 4 4 4 6 6 5 5 3 2 2 1
 3 3 3 3 3 3 2 2 3 3 4 3 3 3 2 2 2 2 2 0 0 1 1 1 0 0 1 1 1 2 3 3 4 4 5 6 6 6 4 4 3 3 3 0 0 0
