assets/RAT_results/precipitation/2020-09-05_IMERG.asc
ncols        46
nrows        77
xllcorner    74.800261325624
yllcorner    8.058333333333
cellsize     0.062500000000
NODATA_value -9999
 27 27 31 39 39 40 40 40 7 7 7 3 3 4 2 2 26 26 16 15 15 0 0 0 0 0 0 0 0 0 0 0 1 1 3 1 1 0 0 0 1 1 3 5 5 1
 13 13 12 13 13 14 10 10 4 4 4 0 0 2 2 2 25 25 1 1 1 0 0 0 0 0 0 0 0 0 0 0 0 0 0 0 0 0 0 0 0 0 0 0 0 0
 13 13 12 13 13 14 10 10 4 4 4 0 0 2 2 2 25 25 1 1 1 0 0 0 0 0 0 0 0 0 0 0 0 0 0 0 0 0 0 0 0 0 0 0 0 0
 14 14 10 6 6 4 6 6 3 3 4 0 0 1 0 0 1 1 1 0 0 0 0 0 0 0 0 0 0 0 0 0 0 0 0 0 0 0 0 0 0 0 0 0 0 0
 7 7 7 7 7 2 4 4 4 4 3 2 2 1 0 0 4 4 0 0 0 0 0 0 0 0 0 0 0 0 0 0 0 0 0 0 0 0 0 0 0 0 0 0 0 0
 7 7 7 7 7 2 4 4 4 4 3 2 2 1 0 0 4 4 0 0 0 0 0 0 0 0 0 0 0 0 0 0 0 0 0 0 0 0 0 0 0 0 0 0 0 0
 1 1 2 2 2 1 2 2 1 1 3 19 19 19 4 4 4 4 0 0 0 0 0 0 0 0 0 0 0 0 0 0 0 0 0 0 0 0 0 0 0 0 0 0 0 0
 1 1 2 2 2 1 2 2 1 1 3 19 19 19 4 4 4 4 0 0 0 0 0 0 0 0 0 0 0 0 0 0 0 0 0 0 0 0 0 0 0 0 0 0 0 0
 2 2 2 2 2 0 0 0 0 0 2 19 19 19 0 0 0 0 0 0 0 0 0 0 0 0 0 0 0 0 0 0 0 0 0 0 0 0 0 0 0 0 0 0 0 0
 3 3 1 4 4 1 0 0 0 0 1 1 1 3 0 0 0 0 0 0 0 0 0 0 0 0 0 0 0 0 0 0 0 0 0 0 0 0 0 0 0 0 0 0 0 0
 3 3 1 4 4 1 0 0 0 0 1 1 1 3 0 0 0 0 0 0 0 0 0 0 0 0 0 0 0 0 0 0 0 0 0 0 0 0 0 0 0 0 0 0 0 0
 2 2 2 1 1 2 1 1 1 1 1 1 1 1 1 1 1 1 1 0 0 0 0 0 0 0 0 0 0 0 0 0 0 0 0 0 0 0 0 0 0 0 0 0 0 0
 2 2 3 1 1 3 2 2 2 2 2 3 3 2 2 2 2 2 1 1 1 1 0 0 0 0 0 2 2 0 0 0 2 2 0 0 0 0 0 0 0 0 0 0 0 0
 2 2 3 1 1 3 2 2 2 2 2 3 3 2 2 2 2 2 1 1 1 1 0 0 0 0 0 2 2 0 0 0 2 2 0 0 0 0 0 0 0 0 0 0 0 0
 2 2 2 1 1 1 5 5 4 4 5 7 7 7 5 5 3 3 3 10 10 9 6 6 5 5 0 2 2 1 4 4 12 12 10 1 1 1 0 0 0 0 0 0 0 0
 2 2 2 1 1 1 5 5 4 4 5 7 7 7 5 5 3 3 3 10 10 9 6 6 5 5 0 2 2 1 4 4 12 12 10 1 1 1 0 0 0 0 0 0 0 0
 2 2 4 4 4 3 1 1 3 3 3 3 3 4 5 5 5 5 13 18 18 11 8 8 0 0 1 3 3 1 3 3 28 28 10 1 1 1 1 1 1 1 1 1 1 1
 4 4 5 5 5 3 0 0 0 0 1 1 1 2 3 3 5 5 8 16 16 12 16 16 4 4 5 3 3 1 1 1 27 27 25 2 2 0 0 0 0 0 0 0 0 0
 4 4 5 5 5 3 0 0 0 0 1 1 1 2 3 3 5 5 8 16 16 12 16 16 4 4 5 3 3 1 1 1 27 27 25 2 2 0 0 0 0 0 0 0 0 0
 6 6 6 6 6 5 1 1 1 1 1 2 2 1 2 2 4 4 8 6 6 12 12 12 8 8 7 5 5 4 6 6 7 7 6 3 3 1 1 1 0 0 1 1 1 1
 15 15 12 7 7 6 6 6 6 6 3 5 5 3 3 3 3 3 2 5 5 15 17 17 15 15 14 4 4 3 4 4 5 5 11 47 47 22 7 7 1 1 1 1 1 2
 15 15 12 7 7 6 6 6 6 6 3 5 5 3 3 3 3 3 2 5 5 15 17 17 15 15 14 4 4 3 4 4 5 5 11 47 47 22 7 7 1 1 1 1 1 2
 38 38 22 10 10 9 13 13 15 15 11 5 5 6 4 4 3 3 2 2 2 6 7 7 5 5 3 2 2 3 4 4 5 5 20 21 21 5 1 1 1 1 1 1 1 1
 38 38 22 10 10 9 13 13 15 15 11 5 5 6 4 4 3 3 2 2 2 6 7 7 5 5 3 2 2 3 4 4 5 5 20 21 21 5 1 1 1 1 1 1 1 1
 34 34 33 46 46 53 52 52 37 37 28 5 5 6 6 6 5 5 5 4 4 3 4 4 2 2 1 2 2 2 3 3 3 3 3 2 2 2 2 2 2 2 2 1 1 1
 30 30 42 58 58 92 62 62 42 42 28 4 4 3 5 5 7 7 7 6 6 4 2 2 1 1 1 1 1 2 2 2 1 1 2 2 2 2 3 3 4 4 4 3 3 3
 30 30 42 58 58 92 62 62 42 42 28 4 4 3 5 5 7 7 7 6 6 4 2 2 1 1 1 1 1 2 2 2 1 1 2 2 2 2 3 3 4 4 4 3 3 3
 27 27 46 42 42 84 81 81 53 53 41 6 6 3 2 2 4 4 5 4 4 3 2 2 1 1 1 1 1 1 7 7 10 10 1 3 3 2 2 2 3 3 4 3 3 4
 12 12 19 17 17 21 22 22 24 24 37 5 5 2 3 3 4 4 6 4 4 3 2 2 2 2 1 1 1 3 9 9 4 4 0 0 0 0 1 1 1 1 1 1 1 2
 12 12 19 17 17 21 22 22 24 24 37 5 5 2 3 3 4 4 6 4 4 3 2 2 2 2 1 1 1 3 9 9 4 4 0 0 0 0 1 1 1 1 1 1 1 2
 3 3 5 7 7 12 14 14 18 18 6 4 4 3 5 5 7 7 11 6 6 4 5 5 5 5 5 7 7 4 3 3 2 2 2 2 2 2 1 1 0 0 0 0 0 1
 3 3 5 7 7 12 14 14 18 18 6 4 4 3 5 5 7 7 11 6 6 4 5 5 5 5 5 7 7 4 3 3 2 2 2 2 2 2 1 1 0 0 0 0 0 1
 1 1 2 2 2 2 3 3 3 3 4 3 3 4 5 5 8 8 8 6 6 5 8 8 10 10 10 7 7 5 7 7 8 8 8 9 9 9 4 4 1 1 0 0 0 0
 1 1 3 3 3 1 2 2 3 3 4 4 4 4 4 4 4 4 2 3 3 3 4 4 7 7 9 6 6 6 11 11 10 10 9 9 9 10 8 8 3 3 0 0 0 0
 1 1 3 3 3 1 2 2 3 3 4 4 4 4 4 4 4 4 2 3 3 3 4 4 7 7 9 6 6 6 11 11 10 10 9 9 9 10 8 8 3 3 0 0 0 0
 1 1 2 4 4 2 2 2 3 3 5 5 5 5 3 3 2 2 2 2 2 5 6 6 4 4 6 6 6 6 8 8 9 9 11 6 6 4 3 3 1 1 0 0 0 0
 1 1 3 2 2 3 3 3 3 3 8 11 11 9 8 8 4 4 6 5 5 9 12 12 10 10 14 7 7 6 9 9 8 8 7 7 7 1 1 1 0 0 0 0 0 0
 1 1 3 2 2 3 3 3 3 3 8 11 11 9 8 8 4 4 6 5 5 9 12 12 10 10 14 7 7 6 9 9 8 8 7 7 7 1 1 1 0 0 0 0 0 0
 3 3 2 2 2 3 3 3 5 5 7 10 10 14 10 10 5 5 22 14 14 9 14 14 24 24 20 14 14 7 5 5 7 7 7 6 6 3 0 0 1 1 1 2 2 2
 3 3 2 2 2 3 3 3 5 5 7 10 10 14 10 10 5 5 22 14 14 9 14 14 24 24 20 14 14 7 5 5 7 7 7 6 6 3 0 0 1 1 1 2 2 2
 5 5 5 2 2 2 3 3 6 6 7 10 10 16 17 17 14 14 8 14 14 13 34 34 28 28 25 18 18 11 6 6 7 7 6 6 6 4 2 2 3 3 1 1 1 3
 4 4 5 3 3 2 3 3 5 5 5 6 6 7 13 13 14 14 9 19 19 14 13 13 16 16 27 25 25 26 11 11 11 11 13 9 9 10 4 4 3 3 4 6 6 2
 4 4 5 3 3 2 3 3 5 5 5 6 6 7 13 13 14 14 9 19 19 14 13 13 16 16 27 25 25 26 11 11 11 11 13 9 9 10 4 4 3 3 4 6 6 2
 2 2 4 4 4 4 4 4 4 4 5 5 5 4 7 7 11 11 10 10 10 12 13 13 15 15 20 30 30 34 35 35 39 39 30 8 8 6 5 5 4 4 1 1 1 0
 7 7 6 5 5 8 8 8 7 7 6 5 5 5 8 8 5 5 8 7 7 10 11 11 16 16 19 20 20 22 43 43 45 45 25 15 15 6 2 2 1 1 0 0 0 0
 7 7 6 5 5 8 8 8 7 7 6 5 5 5 8 8 5 5 8 7 7 10 11 11 16 16 19 20 20 22 43 43 45 45 25 15 15 6 2 2 1 1 0 0 0 0
 7 7 6 5 5 6 8 8 9 9 6 6 6 6 6 6 5 5 6 9 9 18 8 8 14 14 10 10 10 17 32 32 51 51 15 13 13 3 2 2 1 1 2 3 3 3
 7 7 6 5 5 6 8 8 9 9 6 6 6 6 6 6 5 5 6 9 9 18 8 8 14 14 10 10 10 17 32 32 51 51 15 13 13 3 2 2 1 1 2 3 3 3
 5 5 7 6 6 7 9 9 9 9 7 6 6 6 6 6 5 5 9 11 11 19 21 21 18 18 18 15 15 16 37 37 27 27 7 6 6 6 5 5 3 3 3 8 8 27
 9 9 9 6 6 9 9 9 10 10 9 8 8 7 6 6 5 5 4 6 6 22 21 21 17 17 18 16 16 44 54 54 11 11 7 7 7 6 7 7 5 5 5 8 8 2
 9 9 9 6 6 9 9 9 10 10 9 8 8 7 6 6 5 5 4 6 6 22 21 21 17 17 18 16 16 44 54 54 11 11 7 7 7 6 7 7 5 5 5 8 8 2
 14 14 8 7 7 6 9 9 9 9 8 7 7 6 7 7 5 5 5 7 7 7 13 13 13 13 21 26 26 34 30 30 19 19 8 7 7 6 6 6 9 9 7 4 4 1
 8 8 10 5 5 4 4 4 5 5 5 5 5 6 6 6 5 5 5 7 7 17 12 12 11 11 10 8 8 12 17 17 14 14 7 4 4 4 7 7 12 12 7 2 2 2
 8 8 10 5 5 4 4 4 5 5 5 5 5 6 6 6 5 5 5 7 7 17 12 12 11 11 10 8 8 12 17 17 14 14 7 4 4 4 7 7 12 12 7 2 2 2
 8 8 5 5 5 4 4 4 5 5 6 6 6 5 4 4 3 3 4 5 5 7 6 6 6 6 6 5 5 4 11 11 7 7 5 4 4 6 5 5 8 8 6 3 3 2
 8 8 5 5 5 4 4 4 5 5 6 6 6 5 4 4 3 3 4 5 5 7 6 6 6 6 6 5 5 4 11 11 7 7 5 4 4 6 5 5 8 8 6 3 3 2
 5 5 6 7 7 5 5 5 3 3 3 4 4 4 4 4 3 3 2 2 2 2 2 2 4 4 4 3 3 2 2 2 6 6 5 5 5 5 5 5 8 8 7 11 11 8
 7 7 8 12 12 6 5 5 3 3 3 5 5 3 3 3 3 3 2 1 1 1 1 1 1 1 3 3 3 5 6 6 7 7 6 6 6 7 6 6 8 8 13 16 16 12
 7 7 8 12 12 6 5 5 3 3 3 5 5 3 3 3 3 3 2 1 1 1 1 1 1 1 3 3 3 5 6 6 7 7 6 6 6 7 6 6 8 8 13 16 16 12
 6 6 15 24 24 20 7 7 5 5 3 2 2 2 2 2 3 3 1 1 1 1 1 1 1 1 2 3 3 6 9 9 17 17 7 7 7 5 7 7 9 9 13 25 25 25
 7 7 8 23 23 17 15 15 4 4 3 2 2 3 4 4 4 4 3 1 1 1 2 2 1 1 2 4 4 5 9 9 8 8 9 9 9 4 5 5 8 8 17 11 11 28
 7 7 8 23 23 17 15 15 4 4 3 2 2 3 4 4 4 4 3 1 1 1 2 2 1 1 2 4 4 5 9 9 8 8 9 9 9 4 5 5 8 8 17 11 11 28
 9 9 7 8 8 23 8 8 4 4 4 4 4 4 4 4 4 4 4 4 4 3 3 3 4 4 4 5 5 3 9 9 9 9 7 8 8 2 3 3 3 3 4 5 5 20
 9 9 7 8 8 23 8 8 4 4 4 4 4 4 4 4 4 4 4 4 4 3 3 3 4 4 4 5 5 3 9 9 9 9 7 8 8 2 3 3 3 3 4 5 5 20
 7 7 5 5 5 8 5 5 4 4 4 5 5 4 5 5 5 5 5 6 6 5 5 5 5 5 3 6 6 8 7 7 2 2 4 5 5 3 2 2 3 3 1 2 2 2
 5 5 5 3 3 4 5 5 4 4 5 5 5 6 10 10 9 9 6 5 5 3 2 2 4 4 7 2 2 4 3 3 2 2 2 4 4 6 5 5 7 7 2 1 1 2
 5 5 5 3 3 4 5 5 4 4 5 5 5 6 10 10 9 9 6 5 5 3 2 2 4 4 7 2 2 4 3 3 2 2 2 4 4 6 5 5 7 7 2 1 1 2
 3 3 2 1 1 2 3 3 4 4 5 6 6 8 9 9 8 8 6 6 6 4 4 4 2 2 3 1 1 1 3 3 3 3 3 3 3 5 6 6 8 8 3 2 2 2
 4 4 2 1 1 2 3 3 4 4 6 8 8 10 9 9 7 7 4 4 4 4 3 3 2 2 1 1 1 1 1 1 2 2 3 2 2 2 3 3 9 9 6 2 2 2
 4 4 2 1 1 2 3 3 4 4 6 8 8 10 9 9 7 7 4 4 4 4 3 3 2 2 1 1 1 1 1 1 2 2 3 2 2 2 3 3 9 9 6 2 2 2
 6 6 4 1 1 2 2 2 4 4 8 8 8 8 8 8 4 4 4 4 4 2 1 1 1 1 1 1 1 1 1 1 1 1 2 2 2 1 1 1 1 1 2 2 2 1
 6 6 4 1 1 2 2 2 4 4 8 8 8 8 8 8 4 4 4 4 4 2 1 1 1 1 1 1 1 1 1 1 1 1 2 2 2 1 1 1 1 1 2 2 2 1
 6 6 5 5 5 2 2 2 4 4 6 6 6 9 8 8 5 5 3 3 3 2 1 1 1 1 1 1 1 1 1 1 0 0 2 3 3 3 0 0 0 0 1 1 1 1
 6 6 6 6 6 5 5 5 5 5 5 7 7 8 9 9 6 6 6 1 1 1 1 1 1 1 0 0 0 1 1 1 2 2 2 2 2 2 2 2 0 0 1 1 1 0
 6 6 6 6 6 5 5 5 5 5 5 7 7 8 9 9 6 6 6 1 1 1 1 1 1 1 0 0 0 1 1 1 2 2 2 2 2 2 2 2 0 0 1 1 1 0
 7 7 8 7 7 8 8 8 6 6 6 7 7 8 9 9 7 7 6 1 1 1 0 0 1 1 0 0 0 1 0 0 0 0 1 2 2 4 3 3 1 1 1 1 1 0
 10 10 9 10 10 11 10 10 12 12 9 9 9 8 9 9 9 9 6 2 2 1 0 0 0 0 2 0 0 0 1 1 1 1 1 1 1 0 2 2 1 1 1 0 0 0
