assets/RAT_results/precipitation/2020-06-02_IMERG.asc
ncols        46
nrows        77
xllcorner    74.800261325624
yllcorner    8.058333333333
cellsize     0.062500000000
NODATA_value -9999
 11 11 7 3 3 4 9 9 5 5 3 1 1 1 0 0 1 1 1 1 1 1 0 0 0 0 0 0 0 0 0 0 0 0 0 0 0 0 0 0 0 0 0 0 0 0
 13 13 10 11 11 12 12 12 7 7 2 1 1 2 2 2 3 3 3 1 1 1 0 0 0 0 0 0 0 0 0 0 0 0 0 0 0 0 0 0 1 1 0 0 0 0
 13 13 10 11 11 12 12 12 7 7 2 1 1 2 2 2 3 3 3 1 1 1 0 0 0 0 0 0 0 0 0 0 0 0 0 0 0 0 0 0 1 1 0 0 0 0
 22 22 19 11 11 32 13 13 8 8 4 2 2 8 11 11 16 16 10 2 2 1 1 1 0 0 0 0 0 0 0 0 0 0 0 0 0 0 0 0 0 0 0 0 0 0
 15 15 14 13 13 38 20 20 18 18 10 8 8 9 14 14 16 16 8 3 3 2 1 1 0 0 0 0 0 0 0 0 0 0 0 0 0 0 0 0 0 0 0 0 0 0
 15 15 14 13 13 38 20 20 18 18 10 8 8 9 14 14 16 16 8 3 3 2 1 1 0 0 0 0 0 0 0 0 0 0 0 0 0 0 0 0 0 0 0 0 0 0
 12 12 12 15 15 19 21 21 19 19 19 11 11 11 16 16 16 16 8 5 5 3 0 0 0 0 0 0 0 0 0 0 0 0 0 0 0 0 0 0 0 0 1 3 3 0
 12 12 12 15 15 19 21 21 19 19 19 11 11 11 16 16 16 16 8 5 5 3 0 0 0 0 0 0 0 0 0 0 0 0 0 0 0 0 0 0 0 0 1 3 3 0
 21 21 18 20 20 21 25 25 31 31 41 23 23 16 17 17 17 17 10 6 6 3 1 1 0 0 0 0 0 0 0 0 0 0 0 0 0 0 0 0 0 0 0 0 0 0
 19 19 19 22 22 28 33 33 41 41 43 25 25 19 20 20 12 12 8 4 4 3 1 1 0 0 0 0 0 0 0 0 0 0 0 0 0 0 0 0 0 0 1 0 0 0
 19 19 19 22 22 28 33 33 41 41 43 25 25 19 20 20 12 12 8 4 4 3 1 1 0 0 0 0 0 0 0 0 0 0 0 0 0 0 0 0 0 0 1 0 0 0
 21 21 21 23 23 27 33 33 40 40 44 28 28 24 13 13 12 12 9 4 4 3 2 2 1 1 0 0 0 0 0 0 0 0 0 0 0 0 0 0 0 0 1 0 0 0
 18 18 19 26 26 32 37 37 43 43 48 24 24 13 10 10 10 10 8 5 5 4 1 1 2 2 1 1 1 1 0 0 0 0 0 0 0 0 0 0 0 0 0 0 0 0
 18 18 19 26 26 32 37 37 43 43 48 24 24 13 10 10 10 10 8 5 5 4 1 1 2 2 1 1 1 1 0 0 0 0 0 0 0 0 0 0 0 0 0 0 0 0
 16 16 18 26 26 35 45 45 60 60 35 17 17 16 11 11 5 5 7 5 5 4 2 2 2 2 2 2 2 0 0 0 0 0 0 0 0 0 0 0 0 0 0 0 0 0
 16 16 18 26 26 35 45 45 60 60 35 17 17 16 11 11 5 5 7 5 5 4 2 2 2 2 2 2 2 0 0 0 0 0 0 0 0 0 0 0 0 0 0 0 0 0
 12 12 13 27 27 37 48 48 53 53 39 26 26 17 18 18 11 11 6 6 6 6 2 2 1 1 1 1 1 0 0 0 0 0 0 0 0 0 0 0 0 0 0 0 0 0
 14 14 13 21 21 34 43 43 41 41 40 30 30 32 30 30 18 18 12 10 10 8 4 4 2 2 2 3 3 1 0 0 0 0 0 0 0 0 0 0 1 1 0 0 0 0
 14 14 13 21 21 34 43 43 41 41 40 30 30 32 30 30 18 18 12 10 10 8 4 4 2 2 2 3 3 1 0 0 0 0 0 0 0 0 0 0 1 1 0 0 0 0
 18 18 16 16 16 20 33 33 40 40 49 41 41 42 34 34 22 22 17 14 14 8 5 5 3 3 3 3 3 1 0 0 0 0 0 0 0 0 0 0 1 1 0 0 0 0
 22 22 19 21 21 22 30 30 36 36 43 44 44 57 43 43 29 29 18 11 11 10 5 5 2 2 1 1 1 0 0 0 0 0 0 0 0 0 0 0 0 0 0 0 0 0
 22 22 19 21 21 22 30 30 36 36 43 44 44 57 43 43 29 29 18 11 11 10 5 5 2 2 1 1 1 0 0 0 0 0 0 0 0 0 0 0 0 0 0 0 0 0
 28 28 36 40 40 28 33 33 26 26 33 53 53 93 51 51 39 39 21 14 14 13 7 7 2 2 0 1 1 0 0 0 0 0 0 0 0 0 0 0 0 0 0 0 0 0
 28 28 36 40 40 28 33 33 26 26 33 53 53 93 51 51 39 39 21 14 14 13 7 7 2 2 0 1 1 0 0 0 0 0 0 0 0 0 0 0 0 0 0 0 0 0
 36 36 44 45 45 32 39 39 31 31 46 68 68 50 41 41 37 37 28 18 18 19 13 13 2 2 1 1 1 0 1 1 0 0 0 0 0 0 0 0 0 0 0 0 0 0
 44 44 50 41 41 26 37 37 23 23 43 66 66 42 38 38 36 36 32 26 26 16 14 14 3 3 1 1 1 0 0 0 0 0 0 0 0 0 0 0 0 0 0 0 0 0
 44 44 50 41 41 26 37 37 23 23 43 66 66 42 38 38 36 36 32 26 26 16 14 14 3 3 1 1 1 0 0 0 0 0 0 0 0 0 0 0 0 0 0 0 0 0
 37 37 45 36 36 26 26 26 56 56 55 50 50 36 32 32 29 29 28 17 17 17 16 16 5 5 6 2 2 1 0 0 0 0 0 0 0 0 0 0 0 0 0 0 0 0
 31 31 33 34 34 25 24 24 49 49 36 27 27 27 24 24 23 23 25 12 12 13 15 15 5 5 4 1 1 0 0 0 1 1 0 0 0 0 0 0 0 0 0 0 0 0
 31 31 33 34 34 25 24 24 49 49 36 27 27 27 24 24 23 23 25 12 12 13 15 15 5 5 4 1 1 0 0 0 1 1 0 0 0 0 0 0 0 0 0 0 0 0
 32 32 39 32 32 27 26 26 20 20 25 26 26 24 17 17 18 18 20 14 14 11 9 9 4 4 2 1 1 1 0 0 1 1 0 0 0 0 0 0 0 0 0 0 0 0
 32 32 39 32 32 27 26 26 20 20 25 26 26 24 17 17 18 18 20 14 14 11 9 9 4 4 2 1 1 1 0 0 1 1 0 0 0 0 0 0 0 0 0 0 0 0
 35 35 41 31 31 30 27 27 24 24 22 17 17 26 17 17 20 20 23 12 12 9 6 6 5 5 3 1 1 0 1 1 0 0 0 0 0 0 0 0 0 0 0 0 0 0
 44 44 46 33 33 34 34 34 30 30 18 33 33 30 22 22 19 19 16 15 15 12 8 8 8 8 3 1 1 0 0 0 0 0 1 0 0 0 0 0 0 0 0 0 0 0
 44 44 46 33 33 34 34 34 30 30 18 33 33 30 22 22 19 19 16 15 15 12 8 8 8 8 3 1 1 0 0 0 0 0 1 0 0 0 0 0 0 0 0 0 0 0
 40 40 44 34 34 32 34 34 35 35 26 34 34 37 27 27 16 16 20 20 20 16 21 21 13 13 8 2 2 0 2 2 1 1 1 1 1 0 0 0 0 0 0 0 0 0
 42 42 43 41 41 36 35 35 34 34 41 33 33 26 22 22 15 15 17 24 24 24 21 21 12 12 11 5 5 1 1 1 2 2 1 1 1 1 0 0 0 0 0 0 0 0
 42 42 43 41 41 36 35 35 34 34 41 33 33 26 22 22 15 15 17 24 24 24 21 21 12 12 11 5 5 1 1 1 2 2 1 1 1 1 0 0 0 0 0 0 0 0
 42 42 43 48 48 42 37 37 37 37 39 28 28 23 19 19 15 15 26 30 30 29 22 22 13 13 10 4 4 3 2 2 1 1 1 1 1 1 0 0 0 0 0 0 0 0
 42 42 43 48 48 42 37 37 37 37 39 28 28 23 19 19 15 15 26 30 30 29 22 22 13 13 10 4 4 3 2 2 1 1 1 1 1 1 0 0 0 0 0 0 0 0
 44 44 46 49 49 46 40 40 39 39 39 30 30 17 18 18 21 21 33 35 35 35 25 25 14 14 11 8 8 5 2 2 1 1 1 2 2 2 0 0 0 0 0 0 0 0
 49 49 62 58 58 59 47 47 47 47 44 29 29 27 23 23 28 28 34 32 32 32 24 24 17 17 9 12 12 4 2 2 1 1 0 0 0 2 1 1 0 0 0 0 0 0
 49 49 62 58 58 59 47 47 47 47 44 29 29 27 23 23 28 28 34 32 32 32 24 24 17 17 9 12 12 4 2 2 1 1 0 0 0 2 1 1 0 0 0 0 0 0
 56 56 70 59 59 58 51 51 46 46 38 33 33 30 26 26 27 27 33 31 31 30 25 25 14 14 12 9 9 9 1 1 0 0 0 0 0 1 0 0 0 0 0 0 0 0
 58 58 63 62 62 54 50 50 45 45 25 29 29 30 25 25 24 24 25 29 29 31 25 25 17 17 15 9 9 5 1 1 1 1 0 0 0 0 1 1 0 0 0 0 0 0
 58 58 63 62 62 54 50 50 45 45 25 29 29 30 25 25 24 24 25 29 29 31 25 25 17 17 15 9 9 5 1 1 1 1 0 0 0 0 1 1 0 0 0 0 0 0
 63 63 76 79 79 63 53 53 46 46 31 32 32 32 30 30 27 27 26 32 32 31 24 24 23 23 18 15 15 13 2 2 1 1 0 0 0 0 0 0 0 0 0 0 0 0
 63 63 76 79 79 63 53 53 46 46 31 32 32 32 30 30 27 27 26 32 32 31 24 24 23 23 18 15 15 13 2 2 1 1 0 0 0 0 0 0 0 0 0 0 0 0
 76 76 85 79 79 78 59 59 41 41 33 32 32 28 33 33 26 26 25 25 25 23 31 31 26 26 28 20 20 8 13 13 3 3 1 1 1 1 0 0 0 0 0 0 0 0
 95 95 111 90 90 85 69 69 50 50 40 34 34 28 29 29 32 32 18 20 20 27 26 26 26 26 26 23 23 16 13 13 12 12 8 1 1 0 0 0 0 0 0 0 0 0
 95 95 111 90 90 85 69 69 50 50 40 34 34 28 29 29 32 32 18 20 20 27 26 26 26 26 26 23 23 16 13 13 12 12 8 1 1 0 0 0 0 0 0 0 0 0
 86 86 98 85 85 74 68 68 47 47 39 28 28 29 31 31 34 34 17 13 13 24 28 28 30 30 26 24 24 22 19 19 16 16 7 5 5 2 2 2 0 0 0 0 0 0
 71 71 70 76 76 66 54 54 40 40 35 29 29 28 25 25 25 25 15 11 11 23 27 27 21 21 27 26 26 28 24 24 19 19 9 2 2 2 2 2 0 0 0 0 0 0
 71 71 70 76 76 66 54 54 40 40 35 29 29 28 25 25 25 25 15 11 11 23 27 27 21 21 27 26 26 28 24 24 19 19 9 2 2 2 2 2 0 0 0 0 0 0
 71 71 68 60 60 52 52 52 34 34 31 27 27 22 21 21 19 19 23 18 18 21 23 23 22 22 28 24 24 28 21 21 24 24 9 5 5 5 5 5 1 1 0 0 0 0
 71 71 68 60 60 52 52 52 34 34 31 27 27 22 21 21 19 19 23 18 18 21 23 23 22 22 28 24 24 28 21 21 24 24 9 5 5 5 5 5 1 1 0 0 0 0
 57 57 53 51 51 49 42 42 33 33 25 25 25 22 20 20 24 24 16 16 16 13 15 15 18 18 20 23 23 24 23 23 26 26 11 4 4 3 1 1 1 1 1 0 0 0
 56 56 47 41 41 40 36 36 23 23 21 20 20 20 18 18 18 18 21 23 23 23 19 19 13 13 17 22 22 24 28 28 17 17 10 4 4 4 2 2 2 2 1 0 0 0
 56 56 47 41 41 40 36 36 23 23 21 20 20 20 18 18 18 18 21 23 23 23 19 19 13 13 17 22 22 24 28 28 17 17 10 4 4 4 2 2 2 2 1 0 0 0
 49 49 40 34 34 34 32 32 20 20 20 18 18 16 20 20 19 19 24 24 24 21 20 20 14 14 15 21 21 20 23 23 31 31 7 4 4 4 2 2 3 3 1 0 0 0
 46 46 38 33 33 24 19 19 15 15 15 14 14 16 14 14 17 17 21 21 21 23 7 7 15 15 11 15 15 16 28 28 11 11 8 10 10 6 5 5 2 2 2 1 1 1
 46 46 38 33 33 24 19 19 15 15 15 14 14 16 14 14 17 17 21 21 21 23 7 7 15 15 11 15 15 16 28 28 11 11 8 10 10 6 5 5 2 2 2 1 1 1
 47 47 39 29 29 22 15 15 14 14 12 12 12 17 13 13 9 9 8 7 7 5 4 4 4 4 8 13 13 18 18 18 16 16 17 15 15 23 7 7 10 10 3 3 3 1
 47 47 39 29 29 22 15 15 14 14 12 12 12 17 13 13 9 9 8 7 7 5 4 4 4 4 8 13 13 18 18 18 16 16 17 15 15 23 7 7 10 10 3 3 3 1
 38 38 32 26 26 21 13 13 12 12 11 10 10 12 9 9 5 5 7 6 6 5 4 4 4 4 10 14 14 14 14 14 14 14 16 15 15 17 18 18 12 12 5 4 4 0
 35 35 30 23 23 16 12 12 10 10 8 10 10 10 6 6 6 6 6 9 9 5 4 4 4 4 10 13 13 15 14 14 16 16 12 15 15 15 19 19 18 18 9 3 3 0
 35 35 30 23 23 16 12 12 10 10 8 10 10 10 6 6 6 6 6 9 9 5 4 4 4 4 10 13 13 15 14 14 16 16 12 15 15 15 19 19 18 18 9 3 3 0
 27 27 29 25 25 19 13 13 11 11 9 11 11 8 5 5 6 6 7 10 10 5 5 5 5 5 9 12 12 14 17 17 10 10 9 12 12 12 17 17 15 15 9 4 4 2
 27 27 26 23 23 14 12 12 9 9 6 6 6 5 4 4 6 6 9 8 8 5 5 5 4 4 4 6 6 13 13 13 15 15 12 14 14 13 15 15 13 13 12 2 2 1
 27 27 26 23 23 14 12 12 9 9 6 6 6 5 4 4 6 6 9 8 8 5 5 5 4 4 4 6 6 13 13 13 15 15 12 14 14 13 15 15 13 13 12 2 2 1
 28 28 24 21 21 14 9 9 5 5 4 5 5 4 5 5 7 7 7 7 7 4 6 6 6 6 3 5 5 11 17 17 10 10 13 8 8 14 13 13 9 9 9 2 2 1
 28 28 24 21 21 14 9 9 5 5 4 5 5 4 5 5 7 7 7 7 7 4 6 6 6 6 3 5 5 11 17 17 10 10 13 8 8 14 13 13 9 9 9 2 2 1
 27 27 22 21 21 12 8 8 4 4 4 4 4 4 5 5 8 8 7 5 5 4 4 4 3 3 3 3 3 6 15 15 9 9 10 11 11 15 18 18 13 13 9 2 2 0
 23 23 19 19 19 12 7 7 3 3 4 3 3 4 4 4 6 6 10 5 5 3 2 2 2 2 2 1 1 4 5 5 7 7 6 6 6 18 18 18 8 8 3 2 2 0
 23 23 19 19 19 12 7 7 3 3 4 3 3 4 4 4 6 6 10 5 5 3 2 2 2 2 2 1 1 4 5 5 7 7 6 6 6 18 18 18 8 8 3 2 2 0
 17 17 14 14 14 12 7 7 3 3 4 3 3 3 3 3 4 4 7 2 2 1 2 2 1 1 1 2 2 5 3 3 1 1 3 4 4 9 18 18 7 7 2 2 2 0
 13 13 12 8 8 6 6 6 3 3 2 2 2 2 3 3 3 3 3 2 2 1 1 1 2 2 3 4 4 4 3 3 1 1 1 3 3 6 7 7 6 6 2 1 1 0
