assets/RAT_results/precipitation/2020-05-05_IMERG.asc
ncols        46
nrows        77
xllcorner    74.800261325624
yllcorner    8.058333333333
cellsize     0.062500000000
NODATA_value -9999
 3 3 5 8 8 9 12 12 30 30 33 12 12 19 40 40 15 15 11 9 9 5 5 5 8 8 7 1 1 1 0 0 0 0 0 0 0 0 0 0 0 0 0 0 0 0
 10 10 4 8 8 19 23 23 37 37 37 39 39 21 11 11 8 8 6 6 6 3 2 2 1 1 0 0 0 0 0 0 0 0 0 0 0 0 0 0 0 0 0 0 0 0
 10 10 4 8 8 19 23 23 37 37 37 39 39 21 11 11 8 8 6 6 6 3 2 2 1 1 0 0 0 0 0 0 0 0 0 0 0 0 0 0 0 0 0 0 0 0
 13 13 8 10 10 12 31 31 51 51 38 42 42 23 7 7 12 12 3 2 2 1 0 0 0 0 0 0 0 0 0 0 0 0 0 0 0 0 0 0 0 0 0 0 0 0
 13 13 18 22 22 19 16 16 37 37 25 23 23 9 6 6 4 4 2 1 1 0 0 0 0 0 0 0 0 0 0 0 0 0 0 0 0 0 0 0 0 0 0 0 0 0
 13 13 18 22 22 19 16 16 37 37 25 23 23 9 6 6 4 4 2 1 1 0 0 0 0 0 0 0 0 0 0 0 0 0 0 0 0 0 0 0 0 0 0 0 0 0
 14 14 17 24 24 16 12 12 27 27 17 24 24 16 11 11 5 5 1 0 0 0 0 0 0 0 1 1 1 0 0 0 0 0 0 0 0 0 0 0 0 0 0 0 0 0
 14 14 17 24 24 16 12 12 27 27 17 24 24 16 11 11 5 5 1 0 0 0 0 0 0 0 1 1 1 0 0 0 0 0 0 0 0 0 0 0 0 0 0 0 0 0
 1 1 17 17 17 19 9 9 11 11 19 21 21 18 15 15 4 4 1 0 0 0 0 0 0 0 1 1 1 0 0 0 0 0 1 0 0 0 0 0 0 0 0 0 0 0
 1 1 27 30 30 20 7 7 9 9 17 17 17 16 6 6 4 4 1 0 0 0 0 0 0 0 0 0 0 0 0 0 0 0 0 0 0 0 0 0 0 0 0 0 0 0
 1 1 27 30 30 20 7 7 9 9 17 17 17 16 6 6 4 4 1 0 0 0 0 0 0 0 0 0 0 0 0 0 0 0 0 0 0 0 0 0 0 0 0 0 0 0
 1 1 26 27 27 4 6 6 6 6 12 13 13 6 5 5 4 4 1 0 0 0 0 0 0 0 0 0 0 0 0 0 0 0 0 0 0 0 0 0 0 0 0 0 0 0
 1 1 1 0 0 2 4 4 5 5 5 5 5 6 6 6 2 2 1 1 1 1 1 1 1 1 0 0 0 0 0 0 0 0 0 0 0 0 0 0 0 0 0 0 0 0
 1 1 1 0 0 2 4 4 5 5 5 5 5 6 6 6 2 2 1 1 1 1 1 1 1 1 0 0 0 0 0 0 0 0 0 0 0 0 0 0 0 0 0 0 0 0
 1 1 1 0 0 1 2 2 3 3 4 4 4 5 5 5 7 7 4 3 3 2 3 3 3 3 1 0 0 0 0 0 0 0 0 0 0 0 0 0 0 0 0 0 0 0
 1 1 1 0 0 1 2 2 3 3 4 4 4 5 5 5 7 7 4 3 3 2 3 3 3 3 1 0 0 0 0 0 0 0 0 0 0 0 0 0 0 0 0 0 0 0
 0 0 1 1 1 1 3 3 5 5 7 7 7 7 10 10 6 6 4 17 17 22 4 4 7 7 2 1 1 1 0 0 0 0 0 0 0 0 0 0 0 0 0 0 0 0
 0 0 0 1 1 2 3 3 5 5 8 8 8 8 9 9 7 7 8 9 9 31 13 13 13 13 8 3 3 1 1 1 0 0 0 0 0 0 0 0 0 0 0 0 0 0
 0 0 0 1 1 2 3 3 5 5 8 8 8 8 9 9 7 7 8 9 9 31 13 13 13 13 8 3 3 1 1 1 0 0 0 0 0 0 0 0 0 0 0 0 0 0
 0 0 0 1 1 2 3 3 4 4 6 22 22 21 21 21 6 6 8 13 13 17 11 11 12 12 8 3 3 0 0 0 0 0 0 0 0 0 0 0 0 0 0 0 0 0
 0 0 1 1 1 2 3 3 4 4 7 22 22 23 23 23 29 29 8 19 19 13 4 4 11 11 0 0 0 0 0 0 0 0 0 0 0 0 0 0 0 0 0 0 0 0
 0 0 1 1 1 2 3 3 4 4 7 22 22 23 23 23 29 29 8 19 19 13 4 4 11 11 0 0 0 0 0 0 0 0 0 0 0 0 0 0 0 0 0 0 0 0
 0 0 0 1 1 2 2 2 2 2 20 16 16 83 25 25 35 35 20 46 46 9 2 2 1 1 0 1 1 1 0 0 0 0 0 0 0 1 1 1 0 0 0 0 0 0
 0 0 0 1 1 2 2 2 2 2 20 16 16 83 25 25 35 35 20 46 46 9 2 2 1 1 0 1 1 1 0 0 0 0 0 0 0 1 1 1 0 0 0 0 0 0
 0 0 0 1 1 2 2 2 2 2 16 9 9 25 15 15 27 27 21 13 13 13 1 1 2 2 1 1 1 1 1 1 0 0 0 0 0 0 0 0 0 0 0 0 0 0
 0 0 0 1 1 1 2 2 1 1 10 9 9 38 15 15 17 17 9 19 19 10 3 3 5 5 4 1 1 0 0 0 0 0 0 0 0 0 0 0 0 0 0 0 0 0
 0 0 0 1 1 1 2 2 1 1 10 9 9 38 15 15 17 17 9 19 19 10 3 3 5 5 4 1 1 0 0 0 0 0 0 0 0 0 0 0 0 0 0 0 0 0
 0 0 0 1 1 2 2 2 2 2 2 2 2 13 14 14 24 24 9 14 14 10 5 5 7 7 3 2 2 1 0 0 0 0 0 0 0 0 0 0 0 0 0 0 0 0
 1 1 1 2 2 2 3 3 3 3 2 2 2 3 17 17 20 20 9 9 9 9 9 9 6 6 4 3 3 2 1 1 1 1 0 0 0 0 0 0 0 0 0 0 0 0
 1 1 1 2 2 2 3 3 3 3 2 2 2 3 17 17 20 20 9 9 9 9 9 9 6 6 4 3 3 2 1 1 1 1 0 0 0 0 0 0 0 0 0 0 0 0
 2 2 3 3 3 3 4 4 4 4 2 2 2 33 40 40 30 30 31 12 12 11 9 9 13 13 13 14 14 3 2 2 1 1 0 0 0 0 0 0 0 0 0 0 0 0
 2 2 3 3 3 3 4 4 4 4 2 2 2 33 40 40 30 30 31 12 12 11 9 9 13 13 13 14 14 3 2 2 1 1 0 0 0 0 0 0 0 0 0 0 0 0
 3 3 4 4 4 4 3 3 6 6 35 32 32 33 41 41 32 32 39 17 17 16 13 13 13 13 27 50 50 45 3 3 1 1 0 1 1 1 0 0 0 0 0 0 0 0
 5 5 5 5 5 3 3 3 6 6 34 77 77 54 185 185 173 173 40 19 19 18 16 16 14 14 29 48 48 45 2 2 1 1 1 1 1 1 0 0 0 0 0 0 0 0
 5 5 5 5 5 3 3 3 6 6 34 77 77 54 185 185 173 173 40 19 19 18 16 16 14 14 29 48 48 45 2 2 1 1 1 1 1 1 0 0 0 0 0 0 0 0
 6 6 5 6 6 5 188 188 229 229 84 83 83 57 59 59 181 181 43 18 18 19 15 15 12 12 12 11 11 9 2 2 1 1 1 2 2 1 0 0 0 0 0 0 0 0
 7 7 7 6 6 5 197 197 222 222 252 58 58 56 55 55 186 186 58 33 33 17 12 12 9 9 8 3 3 2 1 1 1 1 1 1 1 0 0 0 0 0 0 0 0 0
 7 7 7 6 6 5 197 197 222 222 252 58 58 56 55 55 186 186 58 33 33 17 12 12 9 9 8 3 3 2 1 1 1 1 1 1 1 0 0 0 0 0 0 0 0 0
 8 8 6 5 5 4 86 86 244 244 264 62 62 64 39 39 71 71 37 31 31 16 13 13 9 9 5 1 1 1 1 1 1 1 0 0 0 0 0 0 0 0 0 0 0 0
 8 8 6 5 5 4 86 86 244 244 264 62 62 64 39 39 71 71 37 31 31 16 13 13 9 9 5 1 1 1 1 1 1 1 0 0 0 0 0 0 0 0 0 0 0 0
 8 8 6 4 4 3 28 28 27 27 248 62 62 67 42 42 71 71 35 8 8 6 8 8 6 6 2 1 1 2 3 3 5 5 1 1 1 0 0 0 0 0 0 0 0 0
 6 6 4 2 2 1 28 28 27 27 234 63 63 66 39 39 35 35 35 7 7 4 3 3 3 3 3 2 2 7 6 6 4 4 3 0 0 1 0 0 1 1 0 1 1 0
 6 6 4 2 2 1 28 28 27 27 234 63 63 66 39 39 35 35 35 7 7 4 3 3 3 3 3 2 2 7 6 6 4 4 3 0 0 1 0 0 1 1 0 1 1 0
 4 4 4 1 1 83 83 83 82 82 283 66 66 68 18 18 22 22 11 7 7 6 18 18 17 17 5 8 8 15 16 16 3 3 2 1 1 2 1 1 2 2 0 0 0 1
 4 4 3 0 0 83 83 83 26 26 3 4 4 5 16 16 20 20 10 4 4 3 18 18 22 22 9 38 38 84 14 14 5 5 2 1 1 1 1 1 0 0 0 1 1 2
 4 4 3 0 0 83 83 83 26 26 3 4 4 5 16 16 20 20 10 4 4 3 18 18 22 22 9 38 38 84 14 14 5 5 2 1 1 1 1 1 0 0 0 1 1 2
 1 1 0 33 33 33 39 39 26 26 2 3 3 4 5 5 8 8 6 3 3 9 18 18 19 19 7 14 14 88 9 9 2 2 2 1 1 1 0 0 0 0 0 1 1 2
 1 1 0 33 33 33 39 39 26 26 2 3 3 4 5 5 8 8 6 3 3 9 18 18 19 19 7 14 14 88 9 9 2 2 2 1 1 1 0 0 0 0 0 1 1 2
 0 0 0 33 33 33 33 33 4 4 4 1 1 2 2 2 4 4 5 2 2 8 123 123 21 21 70 20 20 10 7 7 4 4 1 0 0 1 0 0 0 0 1 1 1 2
 170 170 43 41 41 40 34 34 5 5 24 0 0 1 1 1 2 2 1 131 131 127 126 126 27 27 15 11 11 7 3 3 1 1 0 0 0 1 0 0 0 0 1 1 1 1
 170 170 43 41 41 40 34 34 5 5 24 0 0 1 1 1 2 2 1 131 131 127 126 126 27 27 15 11 11 7 3 3 1 1 0 0 0 1 0 0 0 0 1 1 1 1
 168 168 43 33 33 40 38 38 36 36 23 0 0 1 1 1 1 1 0 0 0 0 36 36 20 20 21 5 5 1 1 1 0 0 0 0 0 1 0 0 0 0 0 0 0 0
 45 45 34 33 33 39 0 0 0 0 0 0 0 0 0 0 0 0 0 0 0 1 40 40 0 0 1 0 0 0 0 0 0 0 0 0 0 0 1 1 1 1 0 0 0 0
 45 45 34 33 33 39 0 0 0 0 0 0 0 0 0 0 0 0 0 0 0 1 40 40 0 0 1 0 0 0 0 0 0 0 0 0 0 0 1 1 1 1 0 0 0 0
 64 64 0 0 0 0 0 0 0 0 0 0 0 0 0 0 0 0 0 0 0 0 1 1 0 0 1 1 1 1 1 1 1 1 1 1 1 1 1 1 1 1 0 0 0 0
 64 64 0 0 0 0 0 0 0 0 0 0 0 0 0 0 0 0 0 0 0 0 1 1 0 0 1 1 1 1 1 1 1 1 1 1 1 1 1 1 1 1 0 0 0 0
 0 0 0 0 0 0 0 0 0 0 1 0 0 0 0 0 0 0 0 0 0 0 0 0 0 0 1 2 2 2 2 2 2 2 2 2 2 2 2 2 1 1 1 0 0 0
 1 1 0 0 0 0 0 0 0 0 1 1 1 1 1 1 0 0 0 0 0 0 0 0 1 1 2 3 3 3 4 4 4 4 3 3 3 3 3 3 2 2 1 0 0 0
 1 1 0 0 0 0 0 0 0 0 1 1 1 1 1 1 0 0 0 0 0 0 0 0 1 1 2 3 3 3 4 4 4 4 3 3 3 3 3 3 2 2 1 0 0 0
 1 1 1 1 1 1 1 1 1 1 1 1 1 1 2 2 2 2 1 0 0 0 0 0 1 1 3 4 4 4 5 5 5 5 5 5 5 7 4 4 2 2 1 1 1 0
 3 3 2 1 1 1 1 1 1 1 1 2 2 2 3 3 2 2 24 24 24 24 25 25 2 2 3 5 5 5 7 7 8 8 8 8 8 8 10 10 3 3 2 1 1 0
 3 3 2 1 1 1 1 1 1 1 1 2 2 2 3 3 2 2 24 24 24 24 25 25 2 2 3 5 5 5 7 7 8 8 8 8 8 8 10 10 3 3 2 1 1 0
 5 5 4 2 2 2 2 2 3 3 2 2 2 4 11 11 24 24 24 24 24 25 27 27 34 34 9 11 11 11 9 9 10 10 9 25 25 12 10 10 3 3 1 0 0 0
 5 5 4 2 2 2 2 2 3 3 2 2 2 4 11 11 24 24 24 24 24 25 27 27 34 34 9 11 11 11 9 9 10 10 9 25 25 12 10 10 3 3 1 0 0 0
 6 6 5 4 4 4 4 4 3 3 4 4 4 4 11 11 83 83 81 34 34 36 36 36 35 35 9 10 10 21 23 23 14 14 11 144 144 11 9 9 3 3 1 0 0 0
 6 6 7 7 7 7 5 5 4 4 3 3 3 113 77 77 80 80 83 45 45 42 38 38 37 37 38 29 29 22 25 25 21 21 44 114 114 11 11 11 3 3 1 0 0 0
 6 6 7 7 7 7 5 5 4 4 3 3 3 113 77 77 80 80 83 45 45 42 38 38 37 37 38 29 29 22 25 25 21 21 44 114 114 11 11 11 3 3 1 0 0 0
 6 6 8 8 8 7 4 4 4 4 4 3 3 121 259 259 296 296 150 76 76 57 38 38 38 38 29 14 14 33 61 61 171 171 190 60 60 50 11 11 7 7 1 0 0 0
 5 5 5 5 5 5 4 4 4 4 4 240 240 275 293 293 325 325 164 83 83 57 40 40 38 38 29 13 13 53 150 150 167 167 225 175 175 28 11 11 12 12 1 1 1 0
 5 5 5 5 5 5 4 4 4 4 4 240 240 275 293 293 325 325 164 83 83 57 40 40 38 38 29 13 13 53 150 150 167 167 225 175 175 28 11 11 12 12 1 1 1 0
 5 5 6 6 6 6 5 5 5 5 4 227 227 239 249 249 291 291 94 78 78 58 31 31 40 40 39 35 35 63 71 71 155 155 180 147 147 23 14 14 4 4 3 2 2 1
 5 5 6 6 6 6 5 5 5 5 4 227 227 239 249 249 291 291 94 78 78 58 31 31 40 40 39 35 35 63 71 71 155 155 180 147 147 23 14 14 4 4 3 2 2 1
 6 6 7 6 6 6 8 8 6 6 5 217 217 232 243 243 129 129 117 48 48 35 29 29 40 40 40 9 9 37 60 60 133 133 28 21 21 13 7 7 5 5 1 2 2 3
 7 7 6 8 8 8 10 10 9 9 8 311 311 335 253 253 141 141 123 46 46 13 5 5 3 3 3 5 5 2 8 8 18 18 21 19 19 13 7 7 2 2 2 0 0 0
 7 7 6 8 8 8 10 10 9 9 8 311 311 335 253 253 141 141 123 46 46 13 5 5 3 3 3 5 5 2 8 8 18 18 21 19 19 13 7 7 2 2 2 0 0 0
 5 5 7 9 9 10 13 13 11 11 10 7 7 302 93 93 87 87 63 13 13 8 4 4 4 4 5 6 6 4 1 1 2 2 6 11 11 20 22 22 15 15 1 0 0 0
 3 3 6 10 10 13 13 13 12 12 10 7 7 7 69 69 71 71 10 7 7 4 2 2 2 2 3 4 4 4 2 2 3 3 7 11 11 24 25 25 17 17 1 0 0 0
