assets/RAT_results/precipitation/2020-04-07_IMERG.asc
ncols        46
nrows        77
xllcorner    74.800261325624
yllcorner    8.058333333333
cellsize     0.062500000000
NODATA_value -9999
 1 1 0 0 0 0 1 1 5 5 0 1 1 1 1 1 1 1 1 1 1 1 1 1 1 1 0 1 1 2 1 1 2 2 3 4 4 5 6 6 4 4 4 6 6 7
 1 1 1 0 0 0 1 1 1 1 0 1 1 1 1 1 1 1 1 0 0 1 0 0 0 0 0 0 0 1 1 1 2 2 4 4 4 4 2 2 1 1 2 3 3 4
 1 1 1 0 0 0 1 1 1 1 0 1 1 1 1 1 1 1 1 0 0 1 0 0 0 0 0 0 0 1 1 1 2 2 4 4 4 4 2 2 1 1 2 3 3 4
 0 0 1 0 0 0 1 1 2 2 3 1 1 1 2 2 2 2 1 0 0 0 0 0 0 0 0 1 1 1 2 2 4 4 5 4 4 2 0 0 1 1 1 2 2 3
 0 0 1 1 1 1 1 1 4 4 6 6 6 4 4 4 4 4 3 1 1 0 0 0 0 0 0 1 1 2 4 4 6 6 5 3 3 1 0 0 1 1 1 1 1 2
 0 0 1 1 1 1 1 1 4 4 6 6 6 4 4 4 4 4 3 1 1 0 0 0 0 0 0 1 1 2 4 4 6 6 5 3 3 1 0 0 1 1 1 1 1 2
 0 0 0 0 0 1 1 1 4 4 5 5 5 5 5 5 5 5 3 1 1 1 0 0 0 0 1 2 2 3 5 5 5 5 3 2 2 1 0 0 0 0 0 1 1 2
 0 0 0 0 0 1 1 1 4 4 5 5 5 5 5 5 5 5 3 1 1 1 0 0 0 0 1 2 2 3 5 5 5 5 3 2 2 1 0 0 0 0 0 1 1 2
 0 0 0 0 0 0 0 0 2 2 5 7 7 9 10 10 6 6 5 3 3 0 0 0 1 1 1 2 2 3 4 4 3 3 2 2 2 2 1 1 1 1 0 0 0 1
 0 0 0 0 0 1 1 1 3 3 6 8 8 9 11 11 9 9 8 3 3 2 1 1 2 2 2 3 3 3 2 2 2 2 2 3 3 2 1 1 1 1 0 0 0 0
 0 0 0 0 0 1 1 1 3 3 6 8 8 9 11 11 9 9 8 3 3 2 1 1 2 2 2 3 3 3 2 2 2 2 2 3 3 2 1 1 1 1 0 0 0 0
 0 0 1 1 1 1 2 2 6 6 7 10 10 12 15 15 10 10 6 4 4 2 1 1 2 2 3 3 3 3 2 2 2 2 2 2 2 2 1 1 0 0 0 0 0 1
 0 0 2 2 2 2 8 8 8 8 9 10 10 10 10 10 9 9 6 3 3 4 4 4 4 4 2 3 3 2 2 2 1 1 1 2 2 2 2 2 1 1 1 0 0 1
 0 0 2 2 2 2 8 8 8 8 9 10 10 10 10 10 9 9 6 3 3 4 4 4 4 4 2 3 3 2 2 2 1 1 1 2 2 2 2 2 1 1 1 0 0 1
 1 1 3 5 5 5 10 10 10 10 12 9 9 8 8 8 9 9 10 7 7 6 4 4 6 6 4 2 2 2 3 3 3 3 5 4 4 3 2 2 5 5 3 3 3 5
 1 1 3 5 5 5 10 10 10 10 12 9 9 8 8 8 9 9 10 7 7 6 4 4 6 6 4 2 2 2 3 3 3 3 5 4 4 3 2 2 5 5 3 3 3 5
 1 1 3 8 8 11 11 11 12 12 12 9 9 10 10 10 13 13 15 12 12 6 7 7 4 4 3 3 3 5 4 4 3 3 5 5 5 7 5 5 5 5 4 6 6 9
 2 2 12 7 7 7 13 13 19 19 14 15 15 14 11 11 11 11 12 13 13 7 6 6 5 5 5 3 3 5 4 4 5 5 3 3 3 7 8 8 8 8 6 10 10 12
 2 2 12 7 7 7 13 13 19 19 14 15 15 14 11 11 11 11 12 13 13 7 6 6 5 5 5 3 3 5 4 4 5 5 3 3 3 7 8 8 8 8 6 10 10 12
 3 3 11 14 14 16 18 18 23 23 26 15 15 16 15 15 10 10 10 10 10 8 7 7 8 8 8 7 7 6 4 4 4 4 3 3 3 7 6 6 6 6 2 8 8 8
 12 12 18 69 69 30 23 23 30 30 33 22 22 20 18 18 14 14 11 11 11 9 7 7 8 8 8 8 8 9 6 6 2 2 3 3 3 2 1 1 1 1 1 2 2 3
 12 12 18 69 69 30 23 23 30 30 33 22 22 20 18 18 14 14 11 11 11 9 7 7 8 8 8 8 8 9 6 6 2 2 3 3 3 2 1 1 1 1 1 2 2 3
 11 11 18 86 86 41 23 23 36 36 40 28 28 20 19 19 20 20 14 10 10 18 10 10 7 7 8 10 10 12 9 9 6 6 5 3 3 0 0 0 1 1 0 1 1 1
 11 11 18 86 86 41 23 23 36 36 40 28 28 20 19 19 20 20 14 10 10 18 10 10 7 7 8 10 10 12 9 9 6 6 5 3 3 0 0 0 1 1 0 1 1 1
 14 14 16 48 48 33 38 38 28 28 25 31 31 27 27 27 23 23 17 12 12 18 13 13 14 14 7 11 11 11 10 10 6 6 6 3 3 0 0 0 0 0 0 0 0 0
 16 16 16 36 36 22 26 26 33 33 22 25 25 30 31 31 26 26 27 25 25 22 17 17 27 27 27 13 13 12 11 11 6 6 2 1 1 2 0 0 0 0 0 0 0 0
 16 16 16 36 36 22 26 26 33 33 22 25 25 30 31 31 26 26 27 25 25 22 17 17 27 27 27 13 13 12 11 11 6 6 2 1 1 2 0 0 0 0 0 0 0 0
 16 16 29 35 35 48 43 43 29 29 24 25 25 56 49 49 35 35 33 28 28 25 19 19 26 26 15 13 13 11 11 11 8 8 7 4 4 3 3 3 2 2 2 0 0 0
 24 24 33 37 37 45 45 45 34 34 45 44 44 62 58 58 41 41 35 26 26 25 34 34 30 30 23 14 14 10 8 8 8 8 10 6 6 5 6 6 5 5 3 0 0 0
 24 24 33 37 37 45 45 45 34 34 45 44 44 62 58 58 41 41 35 26 26 25 34 34 30 30 23 14 14 10 8 8 8 8 10 6 6 5 6 6 5 5 3 0 0 0
 40 40 35 48 48 53 68 68 46 46 34 37 37 60 57 57 47 47 49 38 38 37 31 31 25 25 23 17 17 14 7 7 7 7 7 9 9 7 5 5 4 4 5 1 1 1
 40 40 35 48 48 53 68 68 46 46 34 37 37 60 57 57 47 47 49 38 38 37 31 31 25 25 23 17 17 14 7 7 7 7 7 9 9 7 5 5 4 4 5 1 1 1
 42 42 40 56 56 57 66 66 45 45 54 52 52 53 68 68 56 56 50 37 37 37 32 32 30 30 20 22 22 20 9 9 10 10 8 7 7 6 5 5 3 3 2 1 1 1
 55 55 45 70 70 52 51 51 66 66 51 41 41 69 82 82 76 76 50 40 40 36 30 30 26 26 27 22 22 15 9 9 11 11 9 7 7 5 5 5 3 3 2 1 1 1
 55 55 45 70 70 52 51 51 66 66 51 41 41 69 82 82 76 76 50 40 40 36 30 30 26 26 27 22 22 15 9 9 11 11 9 7 7 5 5 5 3 3 2 1 1 1
 56 56 57 61 61 54 56 56 67 67 39 45 45 47 78 78 66 66 54 48 48 38 32 32 29 29 27 23 23 14 15 15 15 15 9 6 6 4 3 3 3 3 1 1 1 1
 35 35 57 82 82 55 52 52 52 52 72 51 51 55 55 55 58 58 57 48 48 41 31 31 32 32 31 28 28 21 16 16 15 15 4 3 3 3 2 2 3 3 1 1 1 4
 35 35 57 82 82 55 52 52 52 52 72 51 51 55 55 55 58 58 57 48 48 41 31 31 32 32 31 28 28 21 16 16 15 15 4 3 3 3 2 2 3 3 1 1 1 4
 41 41 76 71 71 56 56 56 62 62 58 37 37 40 49 49 75 75 59 57 57 39 36 36 32 32 36 36 36 29 24 24 15 15 8 4 4 5 5 5 4 4 4 1 1 4
 41 41 76 71 71 56 56 56 62 62 58 37 37 40 49 49 75 75 59 57 57 39 36 36 32 32 36 36 36 29 24 24 15 15 8 4 4 5 5 5 4 4 4 1 1 4
 40 40 71 63 63 61 67 67 69 69 59 36 36 40 33 33 37 37 42 52 52 36 39 39 30 30 29 28 28 23 22 22 7 7 7 5 5 7 7 7 6 6 2 4 4 6
 44 44 152 72 72 66 69 69 70 70 69 60 60 45 37 37 25 25 34 37 37 38 31 31 25 25 24 21 21 16 17 17 8 8 6 8 8 9 6 6 7 7 6 4 4 2
 44 44 152 72 72 66 69 69 70 70 69 60 60 45 37 37 25 25 34 37 37 38 31 31 25 25 24 21 21 16 17 17 8 8 6 8 8 9 6 6 7 7 6 4 4 2
 58 58 152 113 113 113 120 120 101 101 71 61 61 44 34 34 35 35 37 33 33 34 26 26 22 22 23 10 10 7 5 5 1 1 5 9 9 10 14 14 10 10 11 8 8 8
 104 104 108 96 96 88 79 79 51 51 43 49 49 40 27 27 23 23 33 27 27 33 22 22 20 20 16 8 8 4 3 3 1 1 1 5 5 9 8 8 10 10 11 8 8 9
 104 104 108 96 96 88 79 79 51 51 43 49 49 40 27 27 23 23 33 27 27 33 22 22 20 20 16 8 8 4 3 3 1 1 1 5 5 9 8 8 10 10 11 8 8 9
 71 71 79 77 77 51 52 52 48 48 24 29 29 36 26 26 26 26 27 17 17 15 14 14 16 16 9 7 7 3 4 4 2 2 0 3 3 3 3 3 3 3 2 9 9 10
 71 71 79 77 77 51 52 52 48 48 24 29 29 36 26 26 26 26 27 17 17 15 14 14 16 16 9 7 7 3 4 4 2 2 0 3 3 3 3 3 3 3 2 9 9 10
 77 77 56 53 53 34 39 39 44 44 23 28 28 32 22 22 22 22 11 11 11 11 10 10 12 12 7 3 3 3 2 2 1 1 0 1 1 2 2 2 13 13 1 6 6 7
 39 39 33 34 34 26 30 30 23 23 15 14 14 18 15 15 11 11 8 7 7 7 6 6 10 10 3 1 1 2 2 2 2 2 0 0 0 3 13 13 13 13 9 8 8 7
 39 39 33 34 34 26 30 30 23 23 15 14 14 18 15 15 11 11 8 7 7 7 6 6 10 10 3 1 1 2 2 2 2 2 0 0 0 3 13 13 13 13 9 8 8 7
 32 32 32 24 24 8 9 9 11 11 13 11 11 10 10 10 19 19 8 7 7 8 6 6 7 7 3 1 1 1 1 1 2 2 0 3 3 3 13 13 13 13 13 12 12 7
 15 15 14 7 7 6 8 8 7 7 9 8 8 8 6 6 6 6 5 11 11 5 4 4 3 3 2 1 1 1 1 1 1 1 1 0 0 8 25 25 25 25 12 11 11 1
 15 15 14 7 7 6 8 8 7 7 9 8 8 8 6 6 6 6 5 11 11 5 4 4 3 3 2 1 1 1 1 1 1 1 1 0 0 8 25 25 25 25 12 11 11 1
 14 14 13 5 5 6 5 5 6 6 6 5 5 6 6 6 4 4 9 3 3 2 2 2 2 2 2 0 0 1 1 1 1 1 1 0 0 7 1 1 0 0 0 0 0 0
 14 14 13 5 5 6 5 5 6 6 6 5 5 6 6 6 4 4 9 3 3 2 2 2 2 2 2 0 0 1 1 1 1 1 1 0 0 7 1 1 0 0 0 0 0 0
 11 11 13 11 11 7 10 10 5 5 3 3 3 5 4 4 11 11 6 6 6 1 2 2 2 2 2 0 0 1 1 1 1 1 1 0 0 0 1 1 0 0 0 0 0 0
 15 15 15 29 29 19 11 11 5 5 6 4 4 5 4 4 4 4 2 3 3 3 3 3 1 1 1 1 1 1 2 2 3 3 1 1 1 0 1 1 0 0 0 0 0 0
 15 15 15 29 29 19 11 11 5 5 6 4 4 5 4 4 4 4 2 3 3 3 3 3 1 1 1 1 1 1 2 2 3 3 1 1 1 0 1 1 0 0 0 0 0 0
 1 1 29 29 29 30 14 14 14 14 3 4 4 5 4 4 3 3 2 4 4 5 3 3 3 3 6 2 2 1 2 2 3 3 3 1 1 0 0 0 0 0 0 0 0 0
 0 0 2 2 2 2 43 43 14 14 3 4 4 4 4 4 2 2 1 8 8 1 2 2 3 3 2 2 2 1 2 2 1 1 1 0 0 0 0 0 0 0 0 0 0 0
 0 0 2 2 2 2 43 43 14 14 3 4 4 4 4 4 2 2 1 8 8 1 2 2 3 3 2 2 2 1 2 2 1 1 1 0 0 0 0 0 0 0 0 0 0 0
 0 0 0 0 0 43 41 41 41 41 13 14 14 3 3 3 2 2 1 0 0 4 2 2 2 2 2 2 2 2 1 1 0 0 0 0 0 0 0 0 0 0 0 0 0 0
 0 0 0 0 0 43 41 41 41 41 13 14 14 3 3 3 2 2 1 0 0 4 2 2 2 2 2 2 2 2 1 1 0 0 0 0 0 0 0 0 0 0 0 0 0 0
 0 0 1 1 1 1 0 0 1 1 14 15 15 3 3 3 2 2 2 1 1 0 1 1 1 1 1 2 2 2 1 1 0 0 0 0 0 0 0 0 0 0 0 0 0 0
 0 0 0 1 1 1 1 1 1 1 3 4 4 4 4 4 5 5 2 1 1 1 1 1 2 2 2 2 2 2 1 1 0 0 0 1 1 0 0 0 0 0 0 1 1 2
 0 0 0 1 1 1 1 1 1 1 3 4 4 4 4 4 5 5 2 1 1 1 1 1 2 2 2 2 2 2 1 1 0 0 0 1 1 0 0 0 0 0 0 1 1 2
 0 0 0 0 0 0 0 0 1 1 3 5 5 6 7 7 8 8 4 2 2 1 1 1 1 1 3 3 3 1 0 0 0 0 0 0 0 0 0 0 2 2 2 1 1 1
 0 0 0 0 0 0 0 0 1 1 3 7 7 7 9 9 8 8 5 3 3 3 1 1 1 1 2 3 3 2 0 0 0 0 0 0 0 4 4 4 4 4 9 0 0 0
 0 0 0 0 0 0 0 0 1 1 3 7 7 7 9 9 8 8 5 3 3 3 1 1 1 1 2 3 3 2 0 0 0 0 0 0 0 4 4 4 4 4 9 0 0 0
 0 0 0 0 0 0 0 0 0 0 1 2 2 4 6 6 6 6 5 4 4 3 1 1 1 1 1 1 1 1 0 0 0 0 0 0 0 0 2 2 12 12 8 0 0 0
 0 0 0 0 0 0 0 0 0 0 1 2 2 4 6 6 6 6 5 4 4 3 1 1 1 1 1 1 1 1 0 0 0 0 0 0 0 0 2 2 12 12 8 0 0 0
 0 0 0 0 0 0 0 0 0 0 0 0 0 1 2 2 3 3 3 4 4 4 3 3 1 1 1 1 1 1 0 0 0 0 1 0 0 0 0 0 11 11 1 1 1 0
 0 0 0 0 0 0 0 0 0 0 0 0 0 8 9 9 9 9 2 2 2 2 1 1 0 0 1 1 1 1 0 0 0 0 0 0 0 0 0 0 0 0 0 1 1 0
 0 0 0 0 0 0 0 0 0 0 0 0 0 8 9 9 9 9 2 2 2 2 1 1 0 0 1 1 1 1 0 0 0 0 0 0 0 0 0 0 0 0 0 1 1 0
 0 0 0 0 0 0 0 0 0 0 0 0 0 18 19 19 9 9 3 1 1 1 0 0 2 2 1 1 1 1 0 0 1 1 1 0 0 0 0 0 0 0 0 0 0 0
 0 0 0 0 0 0 0 0 0 0 0 0 0 18 18 18 1 1 1 0 0 1 0 0 0 0 1 0 0 0 0 0 1 1 2 1 1 0 0 0 0 0 0 0 0 0
