assets/RAT_results/precipitation/2020-06-04_IMERG.asc
ncols        46
nrows        77
xllcorner    74.800261325624
yllcorner    8.058333333333
cellsize     0.062500000000
NODATA_value -9999
 5 5 3 1 1 1 2 2 2 2 3 2 2 1 1 1 1 1 0 0 0 0 0 0 0 0 0 0 0 0 0 0 0 0 0 0 0 0 0 0 0 0 0 0 0 0
 7 7 4 2 2 2 3 3 3 3 3 3 3 2 2 2 1 1 1 0 0 0 0 0 0 0 0 0 0 0 0 0 0 0 0 0 0 0 0 0 0 0 0 0 0 0
 7 7 4 2 2 2 3 3 3 3 3 3 3 2 2 2 1 1 1 0 0 0 0 0 0 0 0 0 0 0 0 0 0 0 0 0 0 0 0 0 0 0 0 0 0 0
 6 6 5 3 3 3 4 4 6 6 9 9 9 2 2 2 1 1 0 0 0 0 0 0 0 0 0 0 0 0 0 0 0 0 0 0 0 0 0 0 0 0 0 0 0 0
 5 5 8 6 6 5 4 4 10 10 9 9 9 2 2 2 1 1 0 0 0 0 0 0 0 0 0 0 0 0 0 0 0 0 0 0 0 0 0 0 0 0 0 0 0 0
 5 5 8 6 6 5 4 4 10 10 9 9 9 2 2 2 1 1 0 0 0 0 0 0 0 0 0 0 0 0 0 0 0 0 0 0 0 0 0 0 0 0 0 0 0 0
 2 2 5 8 8 7 6 6 11 11 11 7 7 4 3 3 2 2 0 0 0 0 0 0 0 0 0 0 0 0 0 0 0 0 0 0 0 0 0 0 0 0 0 0 0 0
 2 2 5 8 8 7 6 6 11 11 11 7 7 4 3 3 2 2 0 0 0 0 0 0 0 0 0 0 0 0 0 0 0 0 0 0 0 0 0 0 0 0 0 0 0 0
 5 5 5 8 8 7 8 8 7 7 10 8 8 5 3 3 3 3 2 0 0 0 0 0 0 0 0 0 0 0 0 0 0 0 0 0 0 0 0 0 0 0 0 0 0 0
 5 5 6 14 14 33 17 17 16 16 13 5 5 3 1 1 6 6 4 0 0 0 0 0 0 0 0 0 0 0 0 0 0 0 0 0 0 0 0 0 0 0 1 0 0 0
 5 5 6 14 14 33 17 17 16 16 13 5 5 3 1 1 6 6 4 0 0 0 0 0 0 0 0 0 0 0 0 0 0 0 0 0 0 0 0 0 0 0 1 0 0 0
 3 3 11 17 17 32 19 19 15 15 8 4 4 4 4 4 2 2 1 0 0 0 0 0 0 0 0 0 0 0 0 0 0 0 0 0 0 0 1 1 1 1 2 1 1 0
 13 13 22 11 11 21 16 16 8 8 8 3 3 5 5 5 2 2 1 0 0 0 0 0 0 0 0 0 0 0 0 0 0 0 0 0 0 1 1 1 2 2 2 2 2 1
 13 13 22 11 11 21 16 16 8 8 8 3 3 5 5 5 2 2 1 0 0 0 0 0 0 0 0 0 0 0 0 0 0 0 0 0 0 1 1 1 2 2 2 2 2 1
 21 21 22 49 49 29 21 21 7 7 8 4 4 1 1 1 0 0 0 0 0 0 0 0 0 0 0 0 0 0 0 0 0 0 0 0 0 1 1 1 1 1 1 1 1 0
 21 21 22 49 49 29 21 21 7 7 8 4 4 1 1 1 0 0 0 0 0 0 0 0 0 0 0 0 0 0 0 0 0 0 0 0 0 1 1 1 1 1 1 1 1 0
 12 12 13 12 12 26 16 16 9 9 24 22 22 0 0 0 0 0 3 3 3 0 0 0 0 0 0 0 0 0 0 0 0 0 0 0 0 0 0 0 0 0 1 0 0 0
 1 1 1 3 3 8 6 6 6 6 21 20 20 3 2 2 1 1 1 3 3 0 0 0 0 0 0 0 0 0 0 0 0 0 0 0 0 0 0 0 0 0 2 1 1 0
 1 1 1 3 3 8 6 6 6 6 21 20 20 3 2 2 1 1 1 3 3 0 0 0 0 0 0 0 0 0 0 0 0 0 0 0 0 0 0 0 0 0 2 1 1 0
 1 1 1 2 2 7 6 6 5 5 5 8 8 3 3 3 2 2 1 0 0 0 0 0 0 0 0 0 0 0 0 0 0 0 0 0 0 0 0 0 0 0 0 0 0 0
 1 1 1 1 1 1 1 1 1 1 1 4 4 4 2 2 0 0 0 1 1 0 0 0 0 0 2 1 1 0 0 0 0 0 0 0 0 0 0 0 0 0 0 0 0 0
 1 1 1 1 1 1 1 1 1 1 1 4 4 4 2 2 0 0 0 1 1 0 0 0 0 0 2 1 1 0 0 0 0 0 0 0 0 0 0 0 0 0 0 0 0 0
 1 1 1 1 1 1 1 1 1 1 3 5 5 2 1 1 1 1 2 2 2 0 0 0 3 3 6 2 2 0 0 0 0 0 0 0 0 0 0 0 0 0 0 0 0 0
 1 1 1 1 1 1 1 1 1 1 3 5 5 2 1 1 1 1 2 2 2 0 0 0 3 3 6 2 2 0 0 0 0 0 0 0 0 0 0 0 0 0 0 0 0 0
 0 0 1 8 8 2 1 1 1 1 2 3 3 3 5 5 1 1 2 3 3 5 3 3 5 5 4 3 3 1 0 0 0 0 0 0 0 0 0 0 0 0 0 0 0 0
 0 0 0 6 6 7 1 1 2 2 1 2 2 2 11 11 5 5 3 4 4 7 3 3 3 3 1 1 1 0 0 0 0 0 0 0 0 0 0 0 0 0 0 0 0 0
 0 0 0 6 6 7 1 1 2 2 1 2 2 2 11 11 5 5 3 4 4 7 3 3 3 3 1 1 1 0 0 0 0 0 0 0 0 0 0 0 0 0 0 0 0 0
 0 0 0 2 2 3 3 3 3 3 5 5 5 5 14 14 5 5 4 9 9 7 3 3 3 3 2 1 1 1 0 0 0 0 0 0 0 0 0 0 0 0 0 0 0 0
 1 1 1 3 3 3 2 2 3 3 4 7 7 9 17 17 17 17 7 4 4 3 3 3 4 4 6 2 2 1 0 0 0 0 0 0 0 0 0 0 0 0 0 0 0 0
 1 1 1 3 3 3 2 2 3 3 4 7 7 9 17 17 17 17 7 4 4 3 3 3 4 4 6 2 2 1 0 0 0 0 0 0 0 0 0 0 0 0 0 0 0 0
 1 1 1 1 1 6 2 2 2 2 4 4 4 17 16 16 25 25 11 5 5 4 2 2 3 3 5 4 4 16 7 7 0 0 0 0 0 0 0 0 0 0 0 0 0 0
 1 1 1 1 1 6 2 2 2 2 4 4 4 17 16 16 25 25 11 5 5 4 2 2 3 3 5 4 4 16 7 7 0 0 0 0 0 0 0 0 0 0 0 0 0 0
 1 1 0 1 1 10 6 6 1 1 0 0 0 6 7 7 21 21 12 10 10 14 7 7 2 2 3 5 5 5 3 3 1 1 0 0 0 0 0 0 0 0 0 0 0 0
 0 0 1 3 3 4 7 7 1 1 0 1 1 3 5 5 8 8 9 13 13 45 27 27 5 5 0 0 0 0 0 0 0 0 0 0 0 0 0 0 0 0 0 0 0 0
 0 0 1 3 3 4 7 7 1 1 0 1 1 3 5 5 8 8 9 13 13 45 27 27 5 5 0 0 0 0 0 0 0 0 0 0 0 0 0 0 0 0 0 0 0 0
 0 0 1 2 2 2 6 6 3 3 2 0 0 3 3 3 5 5 9 18 18 29 10 10 3 3 7 2 2 0 2 2 1 1 0 0 0 0 0 0 1 1 1 1 1 1
 0 0 1 1 1 7 8 8 2 2 2 5 5 3 3 3 3 3 10 17 17 14 20 20 17 17 0 0 0 0 2 2 1 1 0 0 0 0 1 1 1 1 1 1 1 1
 0 0 1 1 1 7 8 8 2 2 2 5 5 3 3 3 3 3 10 17 17 14 20 20 17 17 0 0 0 0 2 2 1 1 0 0 0 0 1 1 1 1 1 1 1 1
 0 0 0 1 1 4 8 8 1 1 1 1 1 1 0 0 1 1 4 2 2 9 12 12 11 11 1 1 1 1 3 3 1 1 0 1 1 0 1 1 1 1 1 1 1 1
 0 0 0 1 1 4 8 8 1 1 1 1 1 1 0 0 1 1 4 2 2 9 12 12 11 11 1 1 1 1 3 3 1 1 0 1 1 0 1 1 1 1 1 1 1 1
 0 0 1 1 1 3 10 10 3 3 0 0 0 2 1 1 3 3 4 4 4 6 7 7 4 4 12 6 6 1 2 2 13 13 5 1 1 0 0 0 0 0 0 1 1 0
 0 0 0 0 0 1 5 5 4 4 0 0 0 2 1 1 1 1 0 1 1 2 3 3 11 11 5 2 2 3 3 3 3 3 18 7 7 1 0 0 0 0 0 0 0 0
 0 0 0 0 0 1 5 5 4 4 0 0 0 2 1 1 1 1 0 1 1 2 3 3 11 11 5 2 2 3 3 3 3 3 18 7 7 1 0 0 0 0 0 0 0 0
 1 1 1 0 0 1 3 3 1 1 0 0 0 1 1 1 1 1 0 0 0 2 3 3 2 2 1 0 0 3 4 4 5 5 14 5 5 0 0 0 0 0 0 0 0 0
 1 1 1 0 0 2 2 2 0 0 0 0 0 0 0 0 0 0 0 0 0 0 2 2 1 1 1 1 1 2 5 5 7 7 5 4 4 5 1 1 0 0 0 0 0 0
 1 1 1 0 0 2 2 2 0 0 0 0 0 0 0 0 0 0 0 0 0 0 2 2 1 1 1 1 1 2 5 5 7 7 5 4 4 5 1 1 0 0 0 0 0 0
 1 1 1 0 0 1 0 0 1 1 0 0 0 0 0 0 0 0 0 0 0 1 1 1 2 2 1 0 0 5 7 7 2 2 0 0 0 1 0 0 0 0 0 0 0 0
 1 1 1 0 0 1 0 0 1 1 0 0 0 0 0 0 0 0 0 0 0 1 1 1 2 2 1 0 0 5 7 7 2 2 0 0 0 1 0 0 0 0 0 0 0 0
 0 0 0 0 0 0 0 0 0 0 0 1 1 0 0 0 1 1 1 1 1 0 1 1 2 2 2 1 1 1 6 6 2 2 0 0 0 0 0 0 0 0 0 0 0 0
 0 0 0 0 0 0 0 0 0 0 0 0 0 1 0 0 1 1 2 1 1 1 1 1 1 1 8 9 9 1 1 1 4 4 2 0 0 0 0 0 0 0 0 0 0 0
 0 0 0 0 0 0 0 0 0 0 0 0 0 1 0 0 1 1 2 1 1 1 1 1 1 1 8 9 9 1 1 1 4 4 2 0 0 0 0 0 0 0 0 0 0 0
 0 0 0 0 0 0 0 0 0 0 0 0 0 0 0 0 0 0 1 1 1 1 1 1 2 2 3 3 3 2 1 1 4 4 2 0 0 0 0 0 0 0 0 0 0 0
 0 0 0 0 0 0 0 0 0 0 0 0 0 0 0 0 0 0 0 1 1 1 1 1 1 1 1 3 3 9 9 9 8 8 5 1 1 0 0 0 0 0 0 0 0 0
 0 0 0 0 0 0 0 0 0 0 0 0 0 0 0 0 0 0 0 1 1 1 1 1 1 1 1 3 3 9 9 9 8 8 5 1 1 0 0 0 0 0 0 0 0 0
 1 1 1 1 1 0 0 0 0 0 0 0 0 0 0 0 0 0 0 0 0 0 0 0 1 1 4 1 1 1 1 1 1 1 1 1 1 0 0 0 0 0 0 0 0 0
 1 1 1 1 1 0 0 0 0 0 0 0 0 0 0 0 0 0 0 0 0 0 0 0 1 1 4 1 1 1 1 1 1 1 1 1 1 0 0 0 0 0 0 0 0 0
 1 1 2 1 1 1 1 1 1 1 0 0 0 1 0 0 0 0 0 0 0 0 0 0 2 2 1 1 1 1 1 1 1 1 3 1 1 0 0 0 0 0 0 0 0 0
 1 1 2 1 1 1 3 3 2 2 0 0 0 1 0 0 1 1 0 0 0 0 0 0 0 0 1 4 4 2 1 1 0 0 0 0 0 0 0 0 0 0 0 0 0 0
 1 1 2 1 1 1 3 3 2 2 0 0 0 1 0 0 1 1 0 0 0 0 0 0 0 0 1 4 4 2 1 1 0 0 0 0 0 0 0 0 0 0 0 0 0 0
 0 0 1 1 1 1 2 2 1 1 0 0 0 0 0 0 1 1 1 1 1 2 1 1 1 1 3 3 3 1 0 0 0 0 0 0 0 0 0 0 0 0 0 0 0 0
 0 0 0 0 0 0 1 1 1 1 1 1 1 1 0 0 0 0 0 1 1 2 0 0 1 1 1 3 3 2 0 0 0 0 0 0 0 0 0 0 0 0 0 0 0 0
 0 0 0 0 0 0 1 1 1 1 1 1 1 1 0 0 0 0 0 1 1 2 0 0 1 1 1 3 3 2 0 0 0 0 0 0 0 0 0 0 0 0 0 0 0 0
 0 0 0 0 0 0 1 1 1 1 1 2 2 3 2 2 2 2 2 4 4 4 4 4 1 1 0 2 2 2 1 1 0 0 0 0 0 0 0 0 0 0 0 0 0 0
 0 0 0 0 0 0 1 1 1 1 1 2 2 3 2 2 2 2 2 4 4 4 4 4 1 1 0 2 2 2 1 1 0 0 0 0 0 0 0 0 0 0 0 0 0 0
 0 0 0 0 0 1 1 1 1 1 1 2 2 2 2 2 4 4 5 6 6 8 11 11 2 2 0 1 1 2 1 1 0 0 0 0 0 0 0 0 0 0 0 0 0 0
 0 0 0 0 0 0 0 0 0 0 1 1 1 2 2 2 5 5 9 13 13 13 13 13 7 7 0 1 1 0 1 1 0 0 0 0 0 10 0 0 0 0 0 0 0 0
 0 0 0 0 0 0 0 0 0 0 1 1 1 2 2 2 5 5 9 13 13 13 13 13 7 7 0 1 1 0 1 1 0 0 0 0 0 10 0 0 0 0 0 0 0 0
 0 0 0 0 0 0 0 0 0 0 0 0 0 3 3 3 0 0 10 13 13 12 10 10 4 4 1 0 0 0 0 0 1 1 0 0 0 1 1 1 0 0 0 0 0 0
 0 0 0 1 1 1 0 0 0 0 0 0 0 3 3 3 1 1 5 7 7 6 3 3 1 1 1 0 0 1 1 1 1 1 1 1 1 0 0 0 0 0 6 0 0 0
 0 0 0 1 1 1 0 0 0 0 0 0 0 3 3 3 1 1 5 7 7 6 3 3 1 1 1 0 0 1 1 1 1 1 1 1 1 0 0 0 0 0 6 0 0 0
 1 1 1 1 1 1 1 1 1 1 2 1 1 1 1 1 1 1 3 2 2 2 1 1 0 0 0 1 1 1 1 1 1 1 3 4 4 14 3 3 1 1 0 1 1 0
 1 1 1 1 1 1 1 1 1 1 2 1 1 1 1 1 1 1 3 2 2 2 1 1 0 0 0 1 1 1 1 1 1 1 3 4 4 14 3 3 1 1 0 1 1 0
 3 3 2 1 1 2 2 2 3 3 5 3 3 2 2 2 2 2 1 1 1 1 0 0 0 0 1 1 1 1 0 0 2 2 3 1 1 3 2 2 0 0 0 0 0 0
 3 3 2 1 1 1 1 1 2 2 3 3 3 4 6 6 5 5 3 2 2 1 1 1 0 0 2 1 1 2 2 2 1 1 1 0 0 1 0 0 0 0 0 0 0 0
 3 3 2 1 1 1 1 1 2 2 3 3 3 4 6 6 5 5 3 2 2 1 1 1 0 0 2 1 1 2 2 2 1 1 1 0 0 1 0 0 0 0 0 0 0 0
 2 2 2 2 2 2 2 2 2 2 2 2 2 9 14 14 10 10 6 4 4 3 2 2 1 1 1 1 1 2 2 2 0 0 1 0 0 0 0 0 0 0 0 0 0 1
 3 3 3 3 3 3 2 2 2 2 2 2 2 4 8 8 5 5 3 2 2 1 1 1 1 1 1 2 2 3 4 4 3 3 12 12 12 6 6 6 4 4 0 0 0 15
