assets/RAT_results/precipitation/2020-07-23_IMERG.asc
ncols        46
nrows        77
xllcorner    74.800261325624
yllcorner    8.058333333333
cellsize     0.062500000000
NODATA_value -9999
 23 23 20 12 12 11 14 14 20 20 22 28 28 22 21 21 12 12 13 13 13 22 18 18 8 8 10 6 6 7 6 6 6 6 7 10 10 11 7 7 10 10 11 15 15 17
 20 20 17 13 13 13 15 15 19 19 19 26 26 24 20 20 15 15 14 16 16 24 13 13 6 6 6 5 5 6 7 7 8 8 9 13 13 21 21 21 19 19 24 35 35 29
 20 20 17 13 13 13 15 15 19 19 19 26 26 24 20 20 15 15 14 16 16 24 13 13 6 6 6 5 5 6 7 7 8 8 9 13 13 21 21 21 19 19 24 35 35 29
 26 26 20 17 17 16 19 19 16 16 17 25 25 21 20 20 19 19 18 19 19 21 12 12 12 12 10 10 10 11 14 14 15 15 17 24 24 27 34 34 33 33 41 49 49 47
 29 29 40 30 30 20 22 22 24 24 48 39 39 33 19 19 16 16 19 29 29 21 21 21 14 14 14 16 16 20 23 23 27 27 26 34 34 39 43 43 43 43 52 56 56 41
 29 29 40 30 30 20 22 22 24 24 48 39 39 33 19 19 16 16 19 29 29 21 21 21 14 14 14 16 16 20 23 23 27 27 26 34 34 39 43 43 43 43 52 56 56 41
 39 39 31 44 44 40 41 41 31 31 33 34 34 25 14 14 15 15 12 22 22 30 29 29 19 19 17 27 27 25 31 31 29 29 32 41 41 39 44 44 45 45 55 57 57 49
 39 39 31 44 44 40 41 41 31 31 33 34 34 25 14 14 15 15 12 22 22 30 29 29 19 19 17 27 27 25 31 31 29 29 32 41 41 39 44 44 45 45 55 57 57 49
 46 46 33 49 49 42 62 62 59 59 28 20 20 17 19 19 17 17 18 24 24 34 31 31 30 30 29 30 30 35 32 32 38 38 37 42 42 41 43 43 43 43 52 53 53 37
 28 28 31 46 46 39 62 62 57 57 22 18 18 20 26 26 34 34 30 24 24 39 38 38 39 39 40 37 37 39 36 36 33 33 31 39 39 37 34 34 35 35 34 35 35 30
 28 28 31 46 46 39 62 62 57 57 22 18 18 20 26 26 34 34 30 24 24 39 38 38 39 39 40 37 37 39 36 36 33 33 31 39 39 37 34 34 35 35 34 35 35 30
 28 28 24 24 24 36 34 34 27 27 21 23 23 27 26 26 30 30 45 28 28 34 36 36 41 41 39 39 39 37 36 36 31 31 33 31 31 25 23 23 24 24 27 25 25 26
 28 28 24 25 25 39 37 37 24 24 21 22 22 28 32 32 37 37 44 31 31 29 29 29 30 30 34 37 37 34 35 35 29 29 25 27 27 21 18 18 17 17 18 24 24 28
 28 28 24 25 25 39 37 37 24 24 21 22 22 28 32 32 37 37 44 31 31 29 29 29 30 30 34 37 37 34 35 35 29 29 25 27 27 21 18 18 17 17 18 24 24 28
 23 23 24 22 22 20 31 31 30 30 28 29 29 37 39 39 35 35 31 27 27 27 19 19 21 21 24 26 26 33 33 33 37 37 24 22 22 16 14 14 15 15 15 20 20 27
 23 23 24 22 22 20 31 31 30 30 28 29 29 37 39 39 35 35 31 27 27 27 19 19 21 21 24 26 26 33 33 33 37 37 24 22 22 16 14 14 15 15 15 20 20 27
 13 13 13 16 16 22 33 33 38 38 38 38 38 39 35 35 26 26 23 22 22 18 16 16 18 18 21 19 19 22 22 22 13 13 14 21 21 18 16 16 18 18 19 19 19 21
 14 14 17 22 22 27 31 31 33 33 44 49 49 47 32 32 30 30 24 20 20 19 20 20 17 17 16 15 15 14 13 13 13 13 13 14 14 18 20 20 19 19 18 23 23 21
 14 14 17 22 22 27 31 31 33 33 44 49 49 47 32 32 30 30 24 20 20 19 20 20 17 17 16 15 15 14 13 13 13 13 13 14 14 18 20 20 19 19 18 23 23 21
 20 20 20 23 23 28 23 23 26 26 22 47 47 43 28 28 24 24 24 27 27 22 19 19 16 16 19 22 22 18 15 15 14 14 13 12 12 11 13 13 12 12 15 20 20 18
 19 19 19 26 26 29 19 19 18 18 16 43 43 41 29 29 27 27 28 28 28 25 23 23 16 16 22 23 23 18 15 15 14 14 14 17 17 12 14 14 12 12 16 15 15 22
 19 19 19 26 26 29 19 19 18 18 16 43 43 41 29 29 27 27 28 28 28 25 23 23 16 16 22 23 23 18 15 15 14 14 14 17 17 12 14 14 12 12 16 15 15 22
 18 18 17 18 18 20 16 16 20 20 19 24 24 46 35 35 27 27 26 17 17 20 16 16 14 14 19 20 20 16 11 11 13 13 15 16 16 13 14 14 13 13 16 13 13 16
 18 18 17 18 18 20 16 16 20 20 19 24 24 46 35 35 27 27 26 17 17 20 16 16 14 14 19 20 20 16 11 11 13 13 15 16 16 13 14 14 13 13 16 13 13 16
 17 17 15 14 14 17 19 19 22 22 21 20 20 40 36 36 27 27 29 15 15 16 15 15 10 10 13 15 15 13 10 10 10 10 11 9 9 12 18 18 16 16 18 18 18 23
 16 16 18 17 17 20 22 22 23 23 26 23 23 26 36 36 31 31 28 16 16 13 20 20 12 12 16 11 11 11 9 9 10 10 7 8 8 11 18 18 18 18 15 18 18 23
 16 16 18 17 17 20 22 22 23 23 26 23 23 26 36 36 31 31 28 16 16 13 20 20 12 12 16 11 11 11 9 9 10 10 7 8 8 11 18 18 18 18 15 18 18 23
 20 20 17 16 16 18 23 23 32 32 32 25 25 27 19 19 24 24 21 17 17 25 20 20 12 12 14 11 11 11 14 14 12 12 9 8 8 10 17 17 15 15 17 17 17 22
 22 22 17 15 15 18 24 24 34 34 34 25 25 21 15 15 19 19 22 15 15 15 12 12 12 12 14 11 11 12 11 11 10 10 14 14 14 13 13 13 11 11 12 15 15 32
 22 22 17 15 15 18 24 24 34 34 34 25 25 21 15 15 19 19 22 15 15 15 12 12 12 12 14 11 11 12 11 11 10 10 14 14 14 13 13 13 11 11 12 15 15 32
 20 20 16 16 16 17 20 20 18 18 16 10 10 7 11 11 16 16 13 15 15 13 11 11 13 13 16 14 14 12 10 10 10 10 14 13 13 21 27 27 24 24 25 31 31 34
 20 20 16 16 16 17 20 20 18 18 16 10 10 7 11 11 16 16 13 15 15 13 11 11 13 13 16 14 14 12 10 10 10 10 14 13 13 21 27 27 24 24 25 31 31 34
 14 14 13 12 12 11 12 12 10 10 8 6 6 6 9 9 14 14 11 13 13 10 10 10 8 8 15 14 14 10 10 10 14 14 20 20 20 28 33 33 34 34 35 39 39 38
 10 10 9 8 8 8 7 7 7 7 5 6 6 7 9 9 8 8 12 12 12 8 6 6 6 6 9 9 9 13 14 14 18 18 22 29 29 32 40 40 40 40 37 36 36 40
 10 10 9 8 8 8 7 7 7 7 5 6 6 7 9 9 8 8 12 12 12 8 6 6 6 6 9 9 9 13 14 14 18 18 22 29 29 32 40 40 40 40 37 36 36 40
 6 6 5 5 5 6 6 6 6 6 7 5 5 6 9 9 10 10 10 8 8 7 5 5 7 7 14 15 15 22 23 23 31 31 34 41 41 38 34 34 34 34 33 40 40 53
 8 8 17 4 4 5 5 5 5 5 6 5 5 5 5 5 6 6 7 12 12 13 15 15 15 15 18 20 20 27 27 27 35 35 40 39 39 37 33 33 28 28 32 33 33 82
 8 8 17 4 4 5 5 5 5 5 6 5 5 5 5 5 6 6 7 12 12 13 15 15 15 15 18 20 20 27 27 27 35 35 40 39 39 37 33 33 28 28 32 33 33 82
 7 7 16 21 21 21 26 26 7 7 7 5 5 4 3 3 8 8 8 15 15 15 13 13 14 14 18 30 30 34 29 29 35 35 45 41 41 33 25 25 27 27 26 23 23 72
 7 7 16 21 21 21 26 26 7 7 7 5 5 4 3 3 8 8 8 15 15 15 13 13 14 14 18 30 30 34 29 29 35 35 45 41 41 33 25 25 27 27 26 23 23 72
 15 15 11 13 13 20 17 17 18 18 7 5 5 5 6 6 8 8 9 20 20 17 15 15 15 15 23 30 30 30 28 28 30 30 36 45 45 26 20 20 22 22 30 28 28 28
 11 11 12 14 14 17 18 18 18 18 18 5 5 15 14 14 23 23 17 17 17 18 19 19 18 18 15 16 16 14 18 18 20 20 34 35 35 26 19 19 23 23 28 29 29 28
 11 11 12 14 14 17 18 18 18 18 18 5 5 15 14 14 23 23 17 17 17 18 19 19 18 18 15 16 16 14 18 18 20 20 34 35 35 26 19 19 23 23 28 29 29 28
 10 10 8 8 8 12 13 13 20 20 10 9 9 17 17 17 30 30 24 23 23 25 18 18 17 17 11 11 11 11 10 10 22 22 25 22 22 22 20 20 21 21 20 20 20 19
 12 12 9 8 8 10 14 14 21 21 11 11 11 19 19 19 24 24 18 21 21 19 19 19 13 13 10 10 10 11 12 12 16 16 17 16 16 15 15 15 21 21 13 9 9 9
 12 12 9 8 8 10 14 14 21 21 11 11 11 19 19 19 24 24 18 21 21 19 19 19 13 13 10 10 10 11 12 12 16 16 17 16 16 15 15 15 21 21 13 9 9 9
 11 11 11 10 10 15 15 15 16 16 13 18 18 21 33 33 23 23 16 22 22 20 18 18 12 12 10 10 10 8 7 7 14 14 12 9 9 9 7 7 8 8 9 7 7 7
 11 11 11 10 10 15 15 15 16 16 13 18 18 21 33 33 23 23 16 22 22 20 18 18 12 12 10 10 10 8 7 7 14 14 12 9 9 9 7 7 8 8 9 7 7 7
 24 24 29 20 20 20 22 22 16 16 20 19 19 20 34 34 28 28 27 11 11 14 8 8 8 8 7 6 6 5 6 6 8 8 9 7 7 5 5 5 4 4 2 2 2 1
 21 21 13 16 16 24 26 26 32 32 35 17 17 41 39 39 88 88 26 22 22 9 8 8 8 8 5 5 5 4 6 6 5 5 6 4 4 3 4 4 2 2 4 3 3 2
 21 21 13 16 16 24 26 26 32 32 35 17 17 41 39 39 88 88 26 22 22 9 8 8 8 8 5 5 5 4 6 6 5 5 6 4 4 3 4 4 2 2 4 3 3 2
 11 11 12 15 15 17 17 17 19 19 21 20 20 22 37 37 88 88 21 21 21 4 5 5 5 5 3 3 3 2 6 6 3 3 5 7 7 7 6 6 3 3 5 2 2 1
 8 8 9 17 17 17 16 16 20 20 20 19 19 20 20 20 16 16 6 6 6 3 4 4 5 5 4 3 3 2 2 2 2 2 4 4 4 4 4 4 3 3 2 1 1 1
 8 8 9 17 17 17 16 16 20 20 20 19 19 20 20 20 16 16 6 6 6 3 4 4 5 5 4 3 3 2 2 2 2 2 4 4 4 4 4 4 3 3 2 1 1 1
 8 8 8 9 9 15 15 15 16 16 18 10 10 8 9 9 4 4 4 5 5 3 2 2 3 3 3 2 2 1 1 1 2 2 4 4 4 3 3 3 2 2 1 2 2 2
 8 8 8 9 9 15 15 15 16 16 18 10 10 8 9 9 4 4 4 5 5 3 2 2 3 3 3 2 2 1 1 1 2 2 4 4 4 3 3 3 2 2 1 2 2 2
 8 8 7 6 6 15 14 14 18 18 15 20 20 7 8 8 3 3 4 3 3 3 2 2 2 2 2 2 2 3 2 2 1 1 3 8 8 3 3 3 1 1 1 1 1 2
 6 6 6 6 6 11 14 14 12 12 13 15 15 7 6 6 4 4 4 3 3 3 2 2 1 1 3 2 2 2 1 1 1 1 1 3 3 3 3 3 2 2 1 1 1 1
 6 6 6 6 6 11 14 14 12 12 13 15 15 7 6 6 4 4 4 3 3 3 2 2 1 1 3 2 2 2 1 1 1 1 1 3 3 3 3 3 2 2 1 1 1 1
 3 3 4 5 5 11 11 11 9 9 11 13 13 7 6 6 8 8 5 3 3 1 1 1 1 1 2 2 2 2 1 1 1 1 0 3 3 2 2 2 1 1 1 1 1 0
 3 3 3 4 4 5 9 9 10 10 10 20 20 16 9 9 7 7 4 2 2 2 1 1 1 1 1 2 2 2 1 1 0 0 0 0 0 1 1 1 0 0 0 1 1 0
 3 3 3 4 4 5 9 9 10 10 10 20 20 16 9 9 7 7 4 2 2 2 1 1 1 1 1 2 2 2 1 1 0 0 0 0 0 1 1 1 0 0 0 1 1 0
 3 3 3 4 4 5 9 9 8 8 10 20 20 21 10 10 9 9 5 3 3 2 1 1 1 1 1 2 2 1 1 1 0 0 0 0 0 0 2 2 1 1 1 1 1 1
 3 3 3 4 4 5 9 9 8 8 10 20 20 21 10 10 9 9 5 3 3 2 1 1 1 1 1 2 2 1 1 1 0 0 0 0 0 0 2 2 1 1 1 1 1 1
 6 6 6 6 6 4 8 8 8 8 9 12 12 15 12 12 10 10 5 6 6 6 2 2 1 1 1 1 1 1 1 1 1 1 0 0 0 0 1 1 0 0 1 1 1 0
 7 7 6 5 5 5 8 8 8 8 9 11 11 12 11 11 9 9 9 7 7 3 0 0 1 1 1 1 1 2 2 2 1 1 0 0 0 0 3 3 0 0 0 0 0 0
 7 7 6 5 5 5 8 8 8 8 9 11 11 12 11 11 9 9 9 7 7 3 0 0 1 1 1 1 1 2 2 2 1 1 0 0 0 0 3 3 0 0 0 0 0 0
 7 7 6 5 5 4 6 6 10 10 10 11 11 11 12 12 9 9 7 5 5 5 1 1 1 1 1 1 1 1 3 3 2 2 0 0 0 0 0 0 0 0 0 0 0 0
 6 6 5 6 6 6 7 7 10 10 10 10 10 10 10 10 8 8 7 5 5 5 1 1 1 1 1 1 1 1 1 1 2 2 0 0 0 0 0 0 0 0 0 0 0 0
 6 6 5 6 6 6 7 7 10 10 10 10 10 10 10 10 8 8 7 5 5 5 1 1 1 1 1 1 1 1 1 1 2 2 0 0 0 0 0 0 0 0 0 0 0 0
 5 5 4 7 7 5 7 7 9 9 8 9 9 10 9 9 8 8 8 4 4 4 5 5 3 3 1 1 1 1 1 1 1 1 1 0 0 0 0 0 0 0 0 0 0 0
 5 5 4 7 7 5 7 7 9 9 8 9 9 10 9 9 8 8 8 4 4 4 5 5 3 3 1 1 1 1 1 1 1 1 1 0 0 0 0 0 0 0 0 0 0 0
 7 7 6 6 6 8 7 7 9 9 7 7 7 7 9 9 7 7 7 4 4 3 3 3 2 2 0 0 0 0 0 0 1 1 1 1 1 0 0 0 0 0 0 0 0 0
 7 7 5 4 4 7 7 7 8 8 6 6 6 6 6 6 5 5 4 4 4 2 2 2 2 2 2 0 0 0 1 1 1 1 1 1 1 2 1 1 0 0 0 0 0 0
 7 7 5 4 4 7 7 7 8 8 6 6 6 6 6 6 5 5 4 4 4 2 2 2 2 2 2 0 0 0 1 1 1 1 1 1 1 2 1 1 0 0 0 0 0 0
 5 5 4 3 3 4 4 4 3 3 5 5 5 6 5 5 3 3 2 3 3 2 2 2 2 2 2 2 2 0 0 0 0 0 1 1 1 1 3 3 1 1 1 1 1 0
 5 5 4 5 5 2 4 4 3 3 4 3 3 4 3 3 3 3 1 1 1 2 2 2 2 2 1 1 1 1 0 0 0 0 0 1 1 2 2 2 1 1 2 1 1 1
