assets/RAT_results/precipitation/2020-04-28_IMERG.asc
ncols        46
nrows        77
xllcorner    74.800261325624
yllcorner    8.058333333333
cellsize     0.062500000000
NODATA_value -9999
 0 0 0 0 0 0 0 0 0 0 0 0 0 0 1 1 0 0 0 0 0 0 0 0 0 0 0 0 0 0 1 1 1 1 4 3 3 3 7 7 10 10 14 13 13 13
 0 0 0 0 0 0 0 0 0 0 0 0 0 1 1 1 0 0 0 0 0 0 0 0 0 0 2 0 0 0 3 3 0 0 3 4 4 1 1 1 2 2 17 13 13 19
 0 0 0 0 0 0 0 0 0 0 0 0 0 1 1 1 0 0 0 0 0 0 0 0 0 0 2 0 0 0 3 3 0 0 3 4 4 1 1 1 2 2 17 13 13 19
 0 0 0 0 0 0 0 0 0 0 0 0 0 1 1 1 1 1 0 0 0 0 0 0 0 0 1 0 0 0 0 0 3 3 4 8 8 5 4 4 1 1 16 17 17 10
 0 0 0 0 0 0 0 0 0 0 1 1 1 6 9 9 1 1 1 0 0 0 0 0 0 0 1 0 0 0 1 1 4 4 5 8 8 4 0 0 1 1 27 30 30 4
 0 0 0 0 0 0 0 0 0 0 1 1 1 6 9 9 1 1 1 0 0 0 0 0 0 0 1 0 0 0 1 1 4 4 5 8 8 4 0 0 1 1 27 30 30 4
 0 0 0 0 0 0 0 0 0 0 1 1 1 7 11 11 2 2 1 0 0 0 1 1 1 1 1 1 1 1 1 1 5 5 7 10 10 1 1 1 1 1 4 8 8 2
 0 0 0 0 0 0 0 0 0 0 1 1 1 7 11 11 2 2 1 0 0 0 1 1 1 1 1 1 1 1 1 1 5 5 7 10 10 1 1 1 1 1 4 8 8 2
 0 0 0 0 0 0 0 0 1 1 2 1 1 2 19 19 11 11 1 0 0 1 1 1 2 2 2 1 1 1 3 3 7 7 7 11 11 3 2 2 3 3 4 3 3 2
 0 0 0 0 0 0 0 0 0 0 1 0 0 0 9 9 0 0 0 5 5 2 3 3 3 3 13 15 15 22 8 8 7 7 6 6 6 5 3 3 2 2 1 1 1 1
 0 0 0 0 0 0 0 0 0 0 1 0 0 0 9 9 0 0 0 5 5 2 3 3 3 3 13 15 15 22 8 8 7 7 6 6 6 5 3 3 2 2 1 1 1 1
 0 0 0 0 0 0 0 0 0 0 1 0 0 0 0 0 0 0 0 3 3 4 7 7 8 8 18 20 20 12 8 8 8 8 6 10 10 6 6 6 5 5 2 1 1 1
 0 0 0 0 0 0 0 0 0 0 0 0 0 0 0 0 0 0 0 2 2 6 10 10 11 11 22 13 13 7 7 7 9 9 7 8 8 9 8 8 7 7 5 2 2 1
 0 0 0 0 0 0 0 0 0 0 0 0 0 0 0 0 0 0 0 2 2 6 10 10 11 11 22 13 13 7 7 7 9 9 7 8 8 9 8 8 7 7 5 2 2 1
 0 0 0 0 0 0 0 0 0 0 0 0 0 0 0 0 0 0 1 5 5 7 10 10 10 10 16 16 16 11 8 8 7 7 7 8 8 9 14 14 8 8 7 5 5 3
 0 0 0 0 0 0 0 0 0 0 0 0 0 0 0 0 0 0 1 5 5 7 10 10 10 10 16 16 16 11 8 8 7 7 7 8 8 9 14 14 8 8 7 5 5 3
 0 0 0 0 0 0 0 0 0 0 0 0 0 0 0 0 0 0 1 2 2 4 5 5 7 7 8 15 15 12 12 12 11 11 10 15 15 12 27 27 8 8 8 15 15 5
 0 0 0 0 0 0 0 0 0 0 1 0 0 0 0 0 0 0 0 1 1 5 8 8 7 7 10 11 11 10 14 14 14 14 12 14 14 10 13 13 11 11 7 8 8 3
 0 0 0 0 0 0 0 0 0 0 1 0 0 0 0 0 0 0 0 1 1 5 8 8 7 7 10 11 11 10 14 14 14 14 12 14 14 10 13 13 11 11 7 8 8 3
 0 0 0 0 0 0 0 0 0 0 0 1 1 1 0 0 0 0 0 1 1 11 9 9 6 6 5 5 5 9 12 12 11 11 11 9 9 9 9 9 9 9 5 1 1 3
 0 0 0 0 0 0 0 0 1 1 1 1 1 1 0 0 0 0 0 1 1 20 14 14 5 5 2 4 4 5 7 7 8 8 11 10 10 10 11 11 9 9 5 2 2 3
 0 0 0 0 0 0 0 0 1 1 1 1 1 1 0 0 0 0 0 1 1 20 14 14 5 5 2 4 4 5 7 7 8 8 11 10 10 10 11 11 9 9 5 2 2 3
 0 0 0 0 0 0 0 0 1 1 1 1 1 0 1 1 0 0 1 2 2 13 13 13 5 5 2 2 2 4 5 5 9 9 13 13 13 6 5 5 3 3 2 4 4 6
 0 0 0 0 0 0 0 0 1 1 1 1 1 0 1 1 0 0 1 2 2 13 13 13 5 5 2 2 2 4 5 5 9 9 13 13 13 6 5 5 3 3 2 4 4 6
 0 0 1 3 3 0 0 0 1 1 1 1 1 1 1 1 1 1 0 3 3 3 5 5 6 6 4 4 4 4 4 4 5 5 4 8 8 5 4 4 9 9 4 6 6 6
 0 0 1 4 4 3 1 1 1 1 1 1 1 0 2 2 1 1 1 3 3 5 4 4 12 12 6 7 7 15 3 3 5 5 8 9 9 6 5 5 12 12 18 16 16 7
 0 0 1 4 4 3 1 1 1 1 1 1 1 0 2 2 1 1 1 3 3 5 4 4 12 12 6 7 7 15 3 3 5 5 8 9 9 6 5 5 12 12 18 16 16 7
 0 0 0 1 1 2 1 1 1 1 0 0 0 1 1 1 1 1 2 3 3 7 11 11 15 15 16 8 8 4 3 3 3 3 6 9 9 9 9 9 18 18 19 17 17 16
 0 0 0 1 1 2 2 2 2 2 1 2 2 2 1 1 1 1 2 8 8 13 14 14 20 20 15 13 13 8 6 6 6 6 10 13 13 12 13 13 24 24 24 23 23 17
 0 0 0 1 1 2 2 2 2 2 1 2 2 2 1 1 1 1 2 8 8 13 14 14 20 20 15 13 13 8 6 6 6 6 10 13 13 12 13 13 24 24 24 23 23 17
 0 0 0 0 0 1 1 1 1 1 1 0 0 2 1 1 1 1 6 8 8 16 30 30 22 22 31 28 28 20 9 9 11 11 12 15 15 14 19 19 22 22 45 42 42 38
 0 0 0 0 0 1 1 1 1 1 1 0 0 2 1 1 1 1 6 8 8 16 30 30 22 22 31 28 28 20 9 9 11 11 12 15 15 14 19 19 22 22 45 42 42 38
 0 0 0 0 0 0 0 0 0 0 0 0 0 2 3 3 4 4 13 16 16 20 27 27 30 30 63 44 44 34 30 30 23 23 27 19 19 20 22 22 25 25 18 43 43 37
 0 0 0 0 0 0 0 0 0 0 0 0 0 2 2 2 4 4 13 16 16 18 29 29 49 49 60 45 45 54 61 61 32 32 27 24 24 22 24 24 49 49 33 26 26 13
 0 0 0 0 0 0 0 0 0 0 0 0 0 2 2 2 4 4 13 16 16 18 29 29 49 49 60 45 45 54 61 61 32 32 27 24 24 22 24 24 49 49 33 26 26 13
 0 0 0 0 0 0 0 0 0 0 0 0 0 2 2 2 9 9 15 18 18 25 32 32 46 46 52 77 77 65 60 60 36 36 33 37 37 57 50 50 45 45 21 19 19 21
 0 0 0 0 0 0 0 0 0 0 0 0 0 2 3 3 14 14 17 22 22 31 30 30 40 40 49 80 80 93 49 49 47 47 33 29 29 27 27 27 27 27 14 10 10 4
 0 0 0 0 0 0 0 0 0 0 0 0 0 2 3 3 14 14 17 22 22 31 30 30 40 40 49 80 80 93 49 49 47 47 33 29 29 27 27 27 27 27 14 10 10 4
 0 0 0 0 0 0 0 0 0 0 0 0 0 1 3 3 15 15 19 23 23 31 29 29 34 34 33 37 37 47 50 50 46 46 34 29 29 27 26 26 27 27 10 8 8 6
 0 0 0 0 0 0 0 0 0 0 0 0 0 1 3 3 15 15 19 23 23 31 29 29 34 34 33 37 37 47 50 50 46 46 34 29 29 27 26 26 27 27 10 8 8 6
 0 0 0 0 0 0 0 0 1 1 1 4 4 1 4 4 17 17 20 23 23 26 25 25 21 21 32 33 33 42 49 49 54 54 45 34 34 17 15 15 9 9 7 8 8 10
 0 0 0 0 0 0 0 0 2 2 2 5 5 2 3 3 5 5 15 21 21 22 26 26 24 24 24 24 24 24 31 31 32 32 26 27 27 15 9 9 12 12 12 18 18 13
 0 0 0 0 0 0 0 0 2 2 2 5 5 2 3 3 5 5 15 21 21 22 26 26 24 24 24 24 24 24 31 31 32 32 26 27 27 15 9 9 12 12 12 18 18 13
 0 0 1 0 0 0 0 0 2 2 3 6 6 6 2 2 4 4 7 17 17 23 22 22 24 24 17 19 19 22 40 40 41 41 26 22 22 15 12 12 15 15 23 24 24 32
 0 0 1 1 1 0 0 0 1 1 2 5 5 6 5 5 3 3 8 12 12 20 20 20 28 28 22 21 21 39 34 34 109 109 32 23 23 18 17 17 22 22 22 22 22 22
 0 0 1 1 1 0 0 0 1 1 2 5 5 6 5 5 3 3 8 12 12 20 20 20 28 28 22 21 21 39 34 34 109 109 32 23 23 18 17 17 22 22 22 22 22 22
 0 0 0 0 0 0 0 0 0 0 0 6 6 7 9 9 2 2 6 9 9 12 14 14 27 27 27 36 36 45 68 68 117 117 38 25 25 32 17 17 14 14 13 11 11 5
 0 0 0 0 0 0 0 0 0 0 0 6 6 7 9 9 2 2 6 9 9 12 14 14 27 27 27 36 36 45 68 68 117 117 38 25 25 32 17 17 14 14 13 11 11 5
 0 0 0 0 0 0 0 0 0 0 6 4 4 8 5 5 4 4 4 5 5 11 13 13 26 26 23 35 35 66 73 73 125 125 42 26 26 22 12 12 13 13 5 5 5 5
 1 1 0 0 0 0 0 0 0 0 4 4 4 10 13 13 6 6 4 6 6 11 17 17 21 21 23 23 23 41 74 74 37 37 37 24 24 22 12 12 11 11 14 7 7 11
 1 1 0 0 0 0 0 0 0 0 4 4 4 10 13 13 6 6 4 6 6 11 17 17 21 21 23 23 23 41 74 74 37 37 37 24 24 22 12 12 11 11 14 7 7 11
 0 0 0 0 0 0 0 0 0 0 2 7 7 12 12 12 9 9 4 6 6 11 15 15 22 22 28 23 23 141 170 170 49 49 30 28 28 23 13 13 13 13 18 17 17 16
 0 0 0 0 0 0 0 0 0 0 2 5 5 12 10 10 11 11 4 4 4 8 10 10 15 15 19 23 23 25 29 29 41 41 42 32 32 22 26 26 15 15 22 24 24 20
 0 0 0 0 0 0 0 0 0 0 2 5 5 12 10 10 11 11 4 4 4 8 10 10 15 15 19 23 23 25 29 29 41 41 42 32 32 22 26 26 15 15 22 24 24 20
 0 0 0 0 0 0 0 0 1 1 1 2 2 10 9 9 8 8 8 8 8 3 9 9 15 15 17 24 24 26 29 29 39 39 41 32 32 33 20 20 30 30 26 42 42 28
 0 0 0 0 0 0 0 0 1 1 1 2 2 10 9 9 8 8 8 8 8 3 9 9 15 15 17 24 24 26 29 29 39 39 41 32 32 33 20 20 30 30 26 42 42 28
 0 0 0 0 0 0 0 0 1 1 1 3 3 4 6 6 7 7 10 11 11 8 13 13 16 16 19 23 23 177 48 48 56 56 38 39 39 29 23 23 29 29 31 29 29 21
 0 0 0 0 0 0 0 0 1 1 1 2 2 3 6 6 9 9 10 13 13 10 52 52 54 54 49 171 171 172 48 48 53 53 40 40 40 34 19 19 17 17 19 23 23 20
 0 0 0 0 0 0 0 0 1 1 1 2 2 3 6 6 9 9 10 13 13 10 52 52 54 54 49 171 171 172 48 48 53 53 40 40 40 34 19 19 17 17 19 23 23 20
 0 0 0 0 0 0 0 0 6 6 6 2 2 3 5 5 7 7 5 17 17 11 52 52 58 58 32 152 152 152 62 62 67 67 35 31 31 34 23 23 13 13 16 9 9 8
 1 1 1 1 1 1 7 7 6 6 7 4 4 4 6 6 6 6 10 10 10 10 6 6 31 31 43 157 157 150 26 26 32 32 39 34 34 33 18 18 20 20 13 13 13 4
 1 1 1 1 1 1 7 7 6 6 7 4 4 4 6 6 6 6 10 10 10 10 6 6 31 31 43 157 157 150 26 26 32 32 39 34 34 33 18 18 20 20 13 13 13 4
 1 1 2 1 1 1 7 7 7 7 14 5 5 9 8 8 8 8 9 4 4 6 4 4 12 12 24 37 37 39 30 30 27 27 31 30 30 35 26 26 36 36 13 15 15 3
 1 1 2 1 1 1 7 7 7 7 14 5 5 9 8 8 8 8 9 4 4 6 4 4 12 12 24 37 37 39 30 30 27 27 31 30 30 35 26 26 36 36 13 15 15 3
 3 3 3 2 2 3 2 2 2 2 9 9 9 14 11 11 12 12 9 3 3 4 4 4 11 11 15 38 38 59 60 60 30 30 42 32 32 32 25 25 15 15 16 12 12 3
 2 2 3 3 3 2 2 2 2 2 10 11 11 15 15 15 14 14 13 12 12 8 10 10 36 36 37 37 37 59 59 59 34 34 74 32 32 28 24 24 16 16 15 12 12 4
 2 2 3 3 3 2 2 2 2 2 10 11 11 15 15 15 14 14 13 12 12 8 10 10 36 36 37 37 37 59 59 59 34 34 74 32 32 28 24 24 16 16 15 12 12 4
 2 2 3 2 2 2 2 2 3 3 11 13 13 19 18 18 19 19 16 13 13 10 19 19 18 18 46 48 48 48 41 41 65 65 70 75 75 49 24 24 16 16 13 6 6 5
 3 3 3 2 2 2 2 2 5 5 6 10 10 13 15 15 20 20 19 18 18 20 21 21 22 22 44 50 50 50 50 50 37 37 36 46 46 24 56 56 19 19 13 4 4 2
 3 3 3 2 2 2 2 2 5 5 6 10 10 13 15 15 20 20 19 18 18 20 21 21 22 22 44 50 50 50 50 50 37 37 36 46 46 24 56 56 19 19 13 4 4 2
 4 4 3 3 3 2 3 3 5 5 7 8 8 12 16 16 17 17 16 17 17 13 8 8 12 12 21 27 27 36 55 55 54 54 49 47 47 22 27 27 19 19 11 4 4 1
 4 4 3 3 3 2 3 3 5 5 7 8 8 12 16 16 17 17 16 17 17 13 8 8 12 12 21 27 27 36 55 55 54 54 49 47 47 22 27 27 19 19 11 4 4 1
 3 3 3 3 3 3 3 3 4 4 5 20 20 22 19 19 16 16 11 14 14 13 44 44 49 49 40 37 37 35 134 134 124 124 47 51 51 29 35 35 23 23 18 10 10 0
 3 3 3 8 8 9 6 6 7 7 18 21 21 22 14 14 45 45 39 42 42 47 44 44 50 50 23 63 63 49 119 119 23 23 26 31 31 34 30 30 37 37 39 20 20 0
 3 3 3 8 8 9 6 6 7 7 18 21 21 22 14 14 45 45 39 42 42 47 44 44 50 50 23 63 63 49 119 119 23 23 26 31 31 34 30 30 37 37 39 20 20 0
 5 5 9 9 9 11 8 8 18 18 29 34 34 35 38 38 39 39 41 52 52 53 56 56 57 57 60 61 61 43 35 35 22 22 33 29 29 32 25 25 22 22 15 2 2 1
 6 6 15 13 13 18 19 19 22 22 32 47 47 43 43 43 45 45 47 53 53 54 58 58 49 49 51 57 57 25 18 18 17 17 28 26 26 33 32 32 30 30 2 1 1 1
