assets/RAT_results/precipitation/2020-09-13_IMERG.asc
ncols        46
nrows        77
xllcorner    74.800261325624
yllcorner    8.058333333333
cellsize     0.062500000000
NODATA_value -9999
 22 22 20 19 19 18 15 15 12 12 16 15 15 11 7 7 9 9 9 13 13 21 21 21 8 8 7 5 5 5 7 7 7 7 7 5 5 5 5 5 5 5 7 4 4 5
 26 26 27 24 24 20 18 18 15 15 20 15 15 15 13 13 9 9 9 11 11 11 17 17 6 6 5 5 5 4 5 5 4 4 6 5 5 5 7 7 7 7 4 4 4 6
 26 26 27 24 24 20 18 18 15 15 20 15 15 15 13 13 9 9 9 11 11 11 17 17 6 6 5 5 5 4 5 5 4 4 6 5 5 5 7 7 7 7 4 4 4 6
 34 34 37 30 30 24 24 24 21 21 23 12 12 14 19 19 13 13 12 11 11 9 9 9 8 8 8 5 5 4 5 5 5 5 3 3 3 4 6 6 5 5 5 2 2 3
 42 42 39 40 40 38 22 22 25 25 26 18 18 15 19 19 12 12 11 8 8 7 8 8 6 6 6 4 4 5 5 5 4 4 4 5 5 4 6 6 5 5 5 6 6 7
 42 42 39 40 40 38 22 22 25 25 26 18 18 15 19 19 12 12 11 8 8 7 8 8 6 6 6 4 4 5 5 5 4 4 4 5 5 4 6 6 5 5 5 6 6 7
 37 37 34 32 32 31 29 29 26 26 28 20 20 18 15 15 11 11 9 7 7 7 5 5 4 4 4 6 6 6 5 5 4 4 5 4 4 3 4 4 3 3 3 4 4 3
 37 37 34 32 32 31 29 29 26 26 28 20 20 18 15 15 11 11 9 7 7 7 5 5 4 4 4 6 6 6 5 5 4 4 5 4 4 3 4 4 3 3 3 4 4 3
 32 32 30 28 28 26 24 24 22 22 22 26 26 19 16 16 11 11 9 8 8 9 5 5 5 5 4 3 3 4 4 4 3 3 4 6 6 5 4 4 4 4 4 3 3 5
 33 33 31 29 29 27 29 29 28 28 20 17 17 16 15 15 13 13 10 10 10 9 6 6 5 5 6 4 4 6 6 6 5 5 5 6 6 6 4 4 8 8 6 6 6 5
 33 33 31 29 29 27 29 29 28 28 20 17 17 16 15 15 13 13 10 10 10 9 6 6 5 5 6 4 4 6 6 6 5 5 5 6 6 6 4 4 8 8 6 6 6 5
 29 29 27 28 28 25 25 25 24 24 18 23 23 24 21 21 20 20 14 10 10 8 8 8 10 10 11 8 8 7 7 7 6 6 6 8 8 6 10 10 9 9 6 6 6 11
 26 26 24 28 28 34 33 33 36 36 18 21 21 27 22 22 20 20 16 13 13 14 11 11 13 13 15 15 15 10 11 11 6 6 6 10 10 14 18 18 30 30 27 12 12 10
 26 26 24 28 28 34 33 33 36 36 18 21 21 27 22 22 20 20 16 13 13 14 11 11 13 13 15 15 15 10 11 11 6 6 6 10 10 14 18 18 30 30 27 12 12 10
 31 31 30 32 32 27 33 33 20 20 23 23 23 24 24 24 20 20 18 14 14 15 16 16 18 18 18 16 16 10 11 11 8 8 9 7 7 14 10 10 26 26 20 27 27 24
 31 31 30 32 32 27 33 33 20 20 23 23 23 24 24 24 20 20 18 14 14 15 16 16 18 18 18 16 16 10 11 11 8 8 9 7 7 14 10 10 26 26 20 27 27 24
 27 27 33 26 26 25 28 28 27 27 34 33 33 37 35 35 35 35 26 16 16 13 15 15 10 10 12 11 11 11 12 12 10 10 10 12 12 13 11 11 19 19 22 26 26 30
 28 28 26 28 28 17 19 19 15 15 21 24 24 26 21 21 23 23 21 19 19 15 13 13 12 12 11 9 9 10 9 9 11 11 10 11 11 12 11 11 16 16 15 19 19 21
 28 28 26 28 28 17 19 19 15 15 21 24 24 26 21 21 23 23 21 19 19 15 13 13 12 12 11 9 9 10 9 9 11 11 10 11 11 12 11 11 16 16 15 19 19 21
 32 32 24 31 31 18 16 16 16 16 14 16 16 16 18 18 22 22 23 15 15 19 16 16 15 15 9 10 10 10 9 9 8 8 7 10 10 7 12 12 12 12 14 17 17 18
 34 34 30 21 21 26 19 19 18 18 21 17 17 22 26 26 21 21 21 18 18 16 19 19 10 10 9 8 8 9 8 8 7 7 6 7 7 6 12 12 14 14 12 13 13 19
 34 34 30 21 21 26 19 19 18 18 21 17 17 22 26 26 21 21 21 18 18 16 19 19 10 10 9 8 8 9 8 8 7 7 6 7 7 6 12 12 14 14 12 13 13 19
 34 34 38 25 25 25 15 15 22 22 22 17 17 18 18 18 17 17 15 17 17 13 13 13 9 9 9 9 9 11 9 9 11 11 10 8 8 11 12 12 11 11 10 12 12 11
 34 34 38 25 25 25 15 15 22 22 22 17 17 18 18 18 17 17 15 17 17 13 13 13 9 9 9 9 9 11 9 9 11 11 10 8 8 11 12 12 11 11 10 12 12 11
 33 33 37 26 26 29 14 14 20 20 21 26 26 26 24 24 22 22 15 14 14 12 10 10 13 13 10 10 10 11 15 15 13 13 12 11 11 9 7 7 9 9 9 10 10 11
 28 28 28 22 22 22 16 16 14 14 22 18 18 24 26 26 22 22 18 14 14 13 11 11 14 14 14 11 11 11 10 10 12 12 12 10 10 7 7 7 7 7 6 7 7 8
 28 28 28 22 22 22 16 16 14 14 22 18 18 24 26 26 22 22 18 14 14 13 11 11 14 14 14 11 11 11 10 10 12 12 12 10 10 7 7 7 7 7 6 7 7 8
 10 10 28 16 16 13 16 16 20 20 18 21 21 24 18 18 24 24 22 17 17 17 12 12 13 13 14 13 13 11 12 12 14 14 12 9 9 7 8 8 8 8 9 9 9 9
 9 9 10 10 10 12 16 16 17 17 15 13 13 19 20 20 26 26 21 26 26 21 18 18 16 16 16 13 13 16 15 15 14 14 12 12 12 13 12 12 15 15 14 15 15 11
 9 9 10 10 10 12 16 16 17 17 15 13 13 19 20 20 26 26 21 26 26 21 18 18 16 16 16 13 13 16 15 15 14 14 12 12 12 13 12 12 15 15 14 15 15 11
 6 6 10 13 13 22 22 22 17 17 17 15 15 18 18 18 28 28 35 28 28 31 29 29 26 26 20 18 18 17 17 17 15 15 17 15 15 17 17 17 15 15 14 16 16 12
 6 6 10 13 13 22 22 22 17 17 17 15 15 18 18 18 28 28 35 28 28 31 29 29 26 26 20 18 18 17 17 17 15 15 17 15 15 17 17 17 15 15 14 16 16 12
 4 4 8 12 12 21 21 21 16 16 17 13 13 20 31 31 39 39 37 25 25 29 34 34 25 25 23 20 20 17 16 16 17 17 14 13 13 12 14 14 13 13 11 8 8 7
 7 7 10 12 12 25 13 13 14 14 17 10 10 17 15 15 34 34 33 24 24 31 36 36 33 33 25 18 18 13 10 10 15 15 12 13 13 10 6 6 5 5 4 3 3 4
 7 7 10 12 12 25 13 13 14 14 17 10 10 17 15 15 34 34 33 24 24 31 36 36 33 33 25 18 18 13 10 10 15 15 12 13 13 10 6 6 5 5 4 3 3 4
 7 7 6 8 8 7 7 7 16 16 10 9 9 12 20 20 21 21 25 27 27 29 24 24 25 25 25 23 23 19 23 23 23 23 14 15 15 9 7 7 5 5 3 4 4 3
 5 5 6 6 6 7 7 7 10 10 9 9 9 14 24 24 27 27 19 22 22 27 22 22 24 24 22 14 14 12 12 12 25 25 17 16 16 8 5 5 4 4 5 4 4 3
 5 5 6 6 6 7 7 7 10 10 9 9 9 14 24 24 27 27 19 22 22 27 22 22 24 24 22 14 14 12 12 12 25 25 17 16 16 8 5 5 4 4 5 4 4 3
 7 7 6 6 6 7 7 7 9 9 9 10 10 25 36 36 15 15 17 19 19 24 23 23 19 19 18 19 19 18 13 13 14 14 16 12 12 11 9 9 7 7 5 5 5 4
 7 7 6 6 6 7 7 7 9 9 9 10 10 25 36 36 15 15 17 19 19 24 23 23 19 19 18 19 19 18 13 13 14 14 16 12 12 11 9 9 7 7 5 5 5 4
 7 7 6 6 6 6 6 6 10 10 11 11 11 26 17 17 8 8 13 17 17 19 23 23 19 19 20 17 17 18 15 15 16 16 15 15 15 13 10 10 9 9 8 8 8 6
 8 8 5 5 5 7 8 8 7 7 8 9 9 6 6 6 6 6 14 15 15 16 20 20 19 19 21 19 19 18 15 15 16 16 15 11 11 11 9 9 10 10 8 11 11 8
 8 8 5 5 5 7 8 8 7 7 8 9 9 6 6 6 6 6 14 15 15 16 20 20 19 19 21 19 19 18 15 15 16 16 15 11 11 11 9 9 10 10 8 11 11 8
 4 4 5 5 5 4 5 5 5 5 5 4 4 4 3 3 4 4 7 16 16 13 14 14 13 13 14 13 13 12 14 14 15 15 11 11 11 11 8 8 9 9 8 10 10 9
 4 4 4 3 3 3 5 5 5 5 4 2 2 4 5 5 4 4 6 12 12 12 10 10 14 14 11 12 12 15 13 13 9 9 11 8 8 9 7 7 7 7 7 8 8 6
 4 4 4 3 3 3 5 5 5 5 4 2 2 4 5 5 4 4 6 12 12 12 10 10 14 14 11 12 12 15 13 13 9 9 11 8 8 9 7 7 7 7 7 8 8 6
 2 2 3 3 3 3 5 5 5 5 4 2 2 4 5 5 5 5 5 9 9 10 9 9 11 11 11 13 13 16 14 14 8 8 8 8 8 5 4 4 5 5 6 7 7 4
 2 2 3 3 3 3 5 5 5 5 4 2 2 4 5 5 5 5 5 9 9 10 9 9 11 11 11 13 13 16 14 14 8 8 8 8 8 5 4 4 5 5 6 7 7 4
 2 2 3 3 3 5 4 4 6 6 6 3 3 2 3 3 3 3 3 8 8 8 9 9 12 12 14 19 19 18 20 20 13 13 9 8 8 8 6 6 6 6 8 5 5 6
 2 2 2 2 2 3 3 3 3 3 2 1 1 1 2 2 3 3 2 4 4 8 8 8 10 10 13 13 13 14 16 16 13 13 13 11 11 15 11 11 11 11 11 7 7 7
 2 2 2 2 2 3 3 3 3 3 2 1 1 1 2 2 3 3 2 4 4 8 8 8 10 10 13 13 13 14 16 16 13 13 13 11 11 15 11 11 11 11 11 7 7 7
 3 3 2 2 2 2 2 2 2 2 1 1 1 2 2 2 1 1 1 1 1 7 8 8 8 8 10 7 7 10 14 14 12 12 11 15 15 12 12 12 12 12 10 12 12 9
 4 4 1 2 2 2 3 3 3 3 2 2 2 2 2 2 1 1 1 1 1 7 8 8 8 8 7 9 9 7 8 8 7 7 7 6 6 8 7 7 7 7 11 10 10 7
 4 4 1 2 2 2 3 3 3 3 2 2 2 2 2 2 1 1 1 1 1 7 8 8 8 8 7 9 9 7 8 8 7 7 7 6 6 8 7 7 7 7 11 10 10 7
 2 2 1 2 2 2 2 2 3 3 2 3 3 3 2 2 1 1 3 2 2 6 6 6 6 6 9 6 6 6 7 7 7 7 4 3 3 4 5 5 7 7 10 9 9 11
 2 2 1 2 2 2 2 2 3 3 2 3 3 3 2 2 1 1 3 2 2 6 6 6 6 6 9 6 6 6 7 7 7 7 4 3 3 4 5 5 7 7 10 9 9 11
 1 1 2 2 2 3 2 2 2 2 2 2 2 2 2 2 3 3 10 5 5 3 8 8 9 9 8 7 7 3 10 10 3 3 3 3 3 4 5 5 6 6 8 17 17 9
 1 1 1 3 3 3 2 2 2 2 1 2 2 2 3 3 5 5 9 5 5 5 9 9 10 10 7 6 6 4 4 4 4 4 4 4 4 4 6 6 7 7 8 17 17 6
 1 1 1 3 3 3 2 2 2 2 1 2 2 2 3 3 5 5 9 5 5 5 9 9 10 10 7 6 6 4 4 4 4 4 4 4 4 4 6 6 7 7 8 17 17 6
 1 1 2 2 2 2 2 2 1 1 2 2 2 2 2 2 3 3 5 7 7 10 10 10 7 7 7 8 8 6 6 6 9 9 3 5 5 3 5 5 6 6 9 8 8 3
 0 0 1 1 1 1 1 1 2 2 2 3 3 4 4 4 5 5 7 12 12 15 11 11 9 9 10 13 13 9 9 9 7 7 3 11 11 4 4 4 5 5 8 10 10 4
 0 0 1 1 1 1 1 1 2 2 2 3 3 4 4 4 5 5 7 12 12 15 11 11 9 9 10 13 13 9 9 9 7 7 3 11 11 4 4 4 5 5 8 10 10 4
 0 0 2 2 2 1 2 2 2 2 4 5 5 6 6 6 8 8 10 11 11 10 8 8 5 5 8 10 10 8 6 6 29 29 10 11 11 10 8 8 9 9 10 10 10 5
 0 0 2 2 2 1 2 2 2 2 4 5 5 6 6 6 8 8 10 11 11 10 8 8 5 5 8 10 10 8 6 6 29 29 10 11 11 10 8 8 9 9 10 10 10 5
 1 1 2 2 2 2 2 2 4 4 3 3 3 4 4 4 4 4 5 5 5 4 3 3 5 5 5 6 6 9 9 9 11 11 13 13 13 9 14 14 14 14 14 9 9 6
 2 2 2 2 2 2 2 2 2 2 2 2 2 2 2 2 2 2 2 2 2 2 1 1 4 4 13 15 15 11 7 7 10 10 14 15 15 12 12 12 13 13 8 2 2 2
 2 2 2 2 2 2 2 2 2 2 2 2 2 2 2 2 2 2 2 2 2 2 1 1 4 4 13 15 15 11 7 7 10 10 14 15 15 12 12 12 13 13 8 2 2 2
 1 1 1 2 2 2 1 1 2 2 2 1 1 2 3 3 3 3 3 1 1 1 1 1 0 0 3 7 7 10 6 6 9 9 10 8 8 8 8 8 9 9 4 3 3 2
 1 1 1 1 1 3 2 2 2 2 2 1 1 2 4 4 4 4 3 1 1 1 1 1 0 0 2 2 2 5 4 4 9 9 7 3 3 5 6 6 4 4 6 4 4 1
 1 1 1 1 1 3 2 2 2 2 2 1 1 2 4 4 4 4 3 1 1 1 1 1 0 0 2 2 2 5 4 4 9 9 7 3 3 5 6 6 4 4 6 4 4 1
 0 0 0 1 1 5 2 2 2 2 2 2 2 4 6 6 4 4 3 1 1 1 0 0 0 0 0 0 0 3 8 8 2 2 5 3 3 3 4 4 5 5 5 4 4 0
 0 0 0 1 1 5 2 2 2 2 2 2 2 4 6 6 4 4 3 1 1 1 0 0 0 0 0 0 0 3 8 8 2 2 5 3 3 3 4 4 5 5 5 4 4 0
 0 0 1 1 1 1 1 1 2 2 2 2 2 2 4 4 4 4 3 1 1 1 1 1 1 1 0 2 2 2 6 6 2 2 3 3 3 3 1 1 1 1 1 2 2 0
 1 1 1 1 1 1 1 1 3 3 3 3 3 4 4 4 1 1 1 1 1 1 2 2 1 1 0 0 0 1 2 2 3 3 1 2 2 3 2 2 2 2 1 2 2 0
 1 1 1 1 1 1 1 1 3 3 3 3 3 4 4 4 1 1 1 1 1 1 2 2 1 1 0 0 0 1 2 2 3 3 1 2 2 3 2 2 2 2 1 2 2 0
 1 1 2 2 2 2 3 3 2 2 1 2 2 4 3 3 1 1 1 1 1 2 2 2 1 1 1 1 1 0 0 0 0 0 1 1 1 2 2 2 2 2 2 1 1 0
 1 1 1 1 1 1 1 1 1 1 0 1 1 0 1 1 1 1 1 1 1 2 2 2 1 1 1 1 1 0 0 0 0 0 0 2 2 4 2 2 3 3 5 2 2 1
