assets/RAT_results/precipitation/2020-09-10_IMERG.asc
ncols        46
nrows        77
xllcorner    74.800261325624
yllcorner    8.058333333333
cellsize     0.062500000000
NODATA_value -9999
 64 64 53 35 35 31 16 16 8 8 8 7 7 5 4 4 2 2 1 3 3 2 0 0 0 0 0 0 0 0 0 0 0 0 0 0 0 0 0 0 0 0 0 0 0 0
 60 60 46 40 40 17 10 10 6 6 6 3 3 4 3 3 3 3 1 2 2 1 0 0 0 0 0 0 0 0 0 0 0 0 0 0 0 0 0 0 0 0 0 0 0 0
 60 60 46 40 40 17 10 10 6 6 6 3 3 4 3 3 3 3 1 2 2 1 0 0 0 0 0 0 0 0 0 0 0 0 0 0 0 0 0 0 0 0 0 0 0 0
 43 43 29 32 32 13 11 11 4 4 4 3 3 4 5 5 5 5 3 1 1 1 1 1 0 0 0 0 0 0 0 0 0 0 0 0 0 0 0 0 0 0 0 0 0 0
 41 41 34 32 32 27 18 18 15 15 8 8 8 3 4 4 4 4 1 1 1 1 0 0 0 0 1 1 1 0 0 0 0 0 0 0 0 0 0 0 0 0 0 0 0 0
 41 41 34 32 32 27 18 18 15 15 8 8 8 3 4 4 4 4 1 1 1 1 0 0 0 0 1 1 1 0 0 0 0 0 0 0 0 0 0 0 0 0 0 0 0 0
 53 53 38 33 33 32 29 29 26 26 14 7 7 7 5 5 3 3 1 1 1 1 1 1 0 0 0 1 1 1 0 0 0 0 0 0 0 0 0 0 0 0 0 0 0 0
 53 53 38 33 33 32 29 29 26 26 14 7 7 7 5 5 3 3 1 1 1 1 1 1 0 0 0 1 1 1 0 0 0 0 0 0 0 0 0 0 0 0 0 0 0 0
 51 51 47 41 41 54 45 45 31 31 17 12 12 12 5 5 3 3 2 1 1 1 0 0 1 1 1 1 1 0 0 0 0 0 0 0 0 0 0 0 0 0 0 0 0 0
 55 55 60 49 49 65 45 45 26 26 19 14 14 12 6 6 5 5 3 1 1 0 0 0 0 0 1 1 1 1 1 1 0 0 0 1 1 1 0 0 0 0 0 0 0 1
 55 55 60 49 49 65 45 45 26 26 19 14 14 12 6 6 5 5 3 1 1 0 0 0 0 0 1 1 1 1 1 1 0 0 0 1 1 1 0 0 0 0 0 0 0 1
 104 104 76 78 78 53 40 40 37 37 17 13 13 11 9 9 5 5 5 1 1 0 0 0 1 1 1 0 0 1 0 0 0 0 0 1 1 1 0 0 0 0 1 1 1 1
 91 91 91 90 90 50 40 40 23 23 14 11 11 11 10 10 6 6 4 1 1 0 1 1 1 1 0 0 0 0 0 0 0 0 1 2 2 1 3 3 2 2 1 2 2 5
 91 91 91 90 90 50 40 40 23 23 14 11 11 11 10 10 6 6 4 1 1 0 1 1 1 1 0 0 0 0 0 0 0 0 1 2 2 1 3 3 2 2 1 2 2 5
 77 77 83 65 65 54 42 42 24 24 16 12 12 13 11 11 6 6 6 3 3 1 1 1 2 2 0 0 0 0 0 0 0 0 1 1 1 1 1 1 4 4 3 4 4 7
 77 77 83 65 65 54 42 42 24 24 16 12 12 13 11 11 6 6 6 3 3 1 1 1 2 2 0 0 0 0 0 0 0 0 1 1 1 1 1 1 4 4 3 4 4 7
 78 78 76 74 74 55 26 26 22 22 21 21 21 13 11 11 9 9 8 6 6 3 2 2 1 1 0 0 0 0 0 0 0 0 1 1 1 1 2 2 2 2 2 5 5 6
 46 46 69 60 60 56 29 29 34 34 21 16 16 12 15 15 16 16 12 8 8 5 2 2 1 1 0 0 0 0 0 0 0 0 1 4 4 4 4 4 3 3 4 5 5 10
 46 46 69 60 60 56 29 29 34 34 21 16 16 12 15 15 16 16 12 8 8 5 2 2 1 1 0 0 0 0 0 0 0 0 1 4 4 4 4 4 3 3 4 5 5 10
 44 44 37 27 27 35 35 35 29 29 26 15 15 15 18 18 15 15 13 9 9 7 3 3 2 2 2 0 0 0 0 0 1 1 1 3 3 5 4 4 3 3 3 5 5 5
 38 38 23 26 26 27 33 33 29 29 28 26 26 37 30 30 12 12 11 9 9 8 5 5 3 3 5 3 3 3 1 1 1 1 2 4 4 1 1 1 1 1 1 3 3 4
 38 38 23 26 26 27 33 33 29 29 28 26 26 37 30 30 12 12 11 9 9 8 5 5 3 3 5 3 3 3 1 1 1 1 2 4 4 1 1 1 1 1 1 3 3 4
 31 31 27 26 26 27 26 26 23 23 22 26 26 33 26 26 16 16 9 6 6 6 5 5 4 4 6 3 3 3 2 2 2 2 2 3 3 3 1 1 1 1 1 0 0 0
 31 31 27 26 26 27 26 26 23 23 22 26 26 33 26 26 16 16 9 6 6 6 5 5 4 4 6 3 3 3 2 2 2 2 2 3 3 3 1 1 1 1 1 0 0 0
 21 21 28 35 35 28 30 30 32 32 26 32 32 30 26 26 23 23 8 5 5 7 8 8 7 7 6 6 6 6 3 3 2 2 1 0 0 0 0 0 0 0 0 0 0 0
 24 24 31 39 39 46 38 38 47 47 40 37 37 33 27 27 25 25 13 12 12 10 12 12 7 7 9 6 6 5 1 1 2 2 0 0 0 0 0 0 0 0 0 0 0 0
 24 24 31 39 39 46 38 38 47 47 40 37 37 33 27 27 25 25 13 12 12 10 12 12 7 7 9 6 6 5 1 1 2 2 0 0 0 0 0 0 0 0 0 0 0 0
 23 23 30 34 34 47 40 40 36 36 41 40 40 32 18 18 25 25 17 21 21 24 17 17 11 11 10 9 9 7 6 6 2 2 1 0 0 0 0 0 0 0 0 0 0 0
 45 45 45 55 55 67 70 70 33 33 28 31 31 29 25 25 41 41 25 21 21 31 24 24 13 13 11 11 11 16 14 14 6 6 3 1 1 0 0 0 0 0 0 0 0 0
 45 45 45 55 55 67 70 70 33 33 28 31 31 29 25 25 41 41 25 21 21 31 24 24 13 13 11 11 11 16 14 14 6 6 3 1 1 0 0 0 0 0 0 0 0 0
 66 66 49 55 55 47 44 44 27 27 25 22 22 34 27 27 31 31 26 26 26 25 31 31 13 13 12 12 12 8 7 7 3 3 2 0 0 1 0 0 0 0 1 1 1 1
 66 66 49 55 55 47 44 44 27 27 25 22 22 34 27 27 31 31 26 26 26 25 31 31 13 13 12 12 12 8 7 7 3 3 2 0 0 1 0 0 0 0 1 1 1 1
 46 46 47 42 42 45 38 38 39 39 28 28 28 26 24 24 28 28 24 27 27 28 22 22 16 16 12 11 11 7 6 6 3 3 2 1 1 1 1 1 1 1 1 2 2 3
 59 59 35 27 27 27 34 34 51 51 42 27 27 17 16 16 23 23 27 25 25 29 21 21 11 11 12 11 11 5 4 4 3 3 0 0 0 1 1 1 1 1 1 1 1 1
 59 59 35 27 27 27 34 34 51 51 42 27 27 17 16 16 23 23 27 25 25 29 21 21 11 11 12 11 11 5 4 4 3 3 0 0 0 1 1 1 1 1 1 1 1 1
 47 47 31 32 32 36 46 46 47 47 25 18 18 18 19 19 30 30 30 31 31 21 14 14 13 13 11 11 11 3 3 3 1 1 0 1 1 1 1 1 1 1 1 1 1 1
 35 35 24 21 21 29 43 43 29 29 19 15 15 18 20 20 25 25 38 23 23 16 10 10 7 7 5 8 8 4 3 3 2 2 1 1 1 1 0 0 0 0 0 0 0 0
 35 35 24 21 21 29 43 43 29 29 19 15 15 18 20 20 25 25 38 23 23 16 10 10 7 7 5 8 8 4 3 3 2 2 1 1 1 1 0 0 0 0 0 0 0 0
 22 22 21 16 16 17 16 16 13 13 13 16 16 17 23 23 27 27 24 14 14 14 10 10 12 12 7 6 6 7 4 4 4 4 2 3 3 3 0 0 0 0 0 0 0 1
 22 22 21 16 16 17 16 16 13 13 13 16 16 17 23 23 27 27 24 14 14 14 10 10 12 12 7 6 6 7 4 4 4 4 2 3 3 3 0 0 0 0 0 0 0 1
 17 17 18 17 17 16 13 13 11 11 15 11 11 15 18 18 11 11 11 13 13 13 15 15 9 9 9 5 5 4 4 4 5 5 4 4 4 5 1 1 1 1 2 2 2 1
 13 13 16 15 15 14 10 10 8 8 9 9 9 13 16 16 15 15 15 21 21 19 14 14 18 18 16 10 10 5 4 4 3 3 1 2 2 2 2 2 2 2 2 2 2 1
 13 13 16 15 15 14 10 10 8 8 9 9 9 13 16 16 15 15 15 21 21 19 14 14 18 18 16 10 10 5 4 4 3 3 1 2 2 2 2 2 2 2 2 2 2 1
 9 9 11 8 8 11 10 10 10 10 10 10 10 12 13 13 21 21 21 22 22 25 24 24 21 21 14 6 6 5 5 5 5 5 6 4 4 4 2 2 2 2 1 1 1 0
 9 9 9 7 7 9 9 9 11 11 10 10 10 15 15 15 19 19 18 16 16 18 18 18 15 15 11 6 6 6 6 6 5 5 5 3 3 3 2 2 1 1 1 0 0 0
 9 9 9 7 7 9 9 9 11 11 10 10 10 15 15 15 19 19 18 16 16 18 18 18 15 15 11 6 6 6 6 6 5 5 5 3 3 3 2 2 1 1 1 0 0 0
 9 9 12 6 6 7 11 11 15 15 13 11 11 14 9 9 14 14 15 13 13 11 11 11 12 12 11 7 7 8 6 6 4 4 6 5 5 2 1 1 1 1 1 1 1 1
 9 9 12 6 6 7 11 11 15 15 13 11 11 14 9 9 14 14 15 13 13 11 11 11 12 12 11 7 7 8 6 6 4 4 6 5 5 2 1 1 1 1 1 1 1 1
 8 8 4 3 3 5 7 7 12 12 10 11 11 8 11 11 8 8 10 12 12 9 14 14 11 11 7 7 7 8 5 5 5 5 5 4 4 2 1 1 1 1 2 1 1 2
 2 2 2 2 2 5 7 7 9 9 11 13 13 12 8 8 9 9 10 10 10 6 9 9 11 11 11 8 8 11 8 8 8 8 4 2 2 2 1 1 2 2 2 2 2 2
 2 2 2 2 2 5 7 7 9 9 11 13 13 12 8 8 9 9 10 10 10 6 9 9 11 11 11 8 8 11 8 8 8 8 4 2 2 2 1 1 2 2 2 2 2 2
 1 1 1 1 1 4 5 5 7 7 5 8 8 7 6 6 4 4 6 6 6 8 13 13 13 13 13 10 10 12 13 13 9 9 3 2 2 1 1 1 2 2 3 2 2 1
 1 1 1 2 2 2 3 3 3 3 3 4 4 4 6 6 3 3 6 6 6 11 11 11 10 10 13 10 10 8 9 9 6 6 4 2 2 1 2 2 2 2 2 1 1 0
 1 1 1 2 2 2 3 3 3 3 3 4 4 4 6 6 3 3 6 6 6 11 11 11 10 10 13 10 10 8 9 9 6 6 4 2 2 1 2 2 2 2 2 1 1 0
 1 1 1 1 1 1 2 2 2 2 2 3 3 4 5 5 2 2 4 6 6 6 6 6 7 7 9 5 5 5 6 6 7 7 5 4 4 3 2 2 1 1 1 1 1 1
 1 1 1 1 1 1 2 2 2 2 2 3 3 4 5 5 2 2 4 6 6 6 6 6 7 7 9 5 5 5 6 6 7 7 5 4 4 3 2 2 1 1 1 1 1 1
 1 1 1 1 1 1 1 1 1 1 1 1 1 3 2 2 3 3 4 6 6 6 4 4 4 4 3 3 3 2 3 3 3 3 2 3 3 2 2 2 2 2 1 0 0 0
 2 2 2 1 1 1 1 1 1 1 1 1 1 2 1 1 2 2 1 2 2 3 4 4 3 3 3 2 2 2 0 0 1 1 1 1 1 2 2 2 1 1 0 0 0 0
 2 2 2 1 1 1 1 1 1 1 1 1 1 2 1 1 2 2 1 2 2 3 4 4 3 3 3 2 2 2 0 0 1 1 1 1 1 2 2 2 1 1 0 0 0 0
 2 2 3 2 2 3 3 3 2 2 2 1 1 1 1 1 1 1 1 0 0 1 2 2 2 2 2 3 3 1 0 0 0 0 0 0 0 2 2 2 2 2 0 0 0 1
 2 2 2 3 3 4 5 5 2 2 1 1 1 0 0 0 0 0 0 0 0 0 1 1 3 3 1 2 2 0 0 0 0 0 0 0 0 1 2 2 1 1 1 1 1 1
 2 2 2 3 3 4 5 5 2 2 1 1 1 0 0 0 0 0 0 0 0 0 1 1 3 3 1 2 2 0 0 0 0 0 0 0 0 1 2 2 1 1 1 1 1 1
 2 2 3 2 2 2 2 2 1 1 1 0 0 0 0 0 0 0 0 0 0 0 0 0 0 0 0 1 1 1 0 0 0 0 1 2 2 2 4 4 1 1 1 1 1 0
 2 2 3 2 2 2 2 2 1 1 1 0 0 0 0 0 0 0 0 0 0 0 0 0 0 0 0 1 1 1 0 0 0 0 1 2 2 2 4 4 1 1 1 1 1 0
 5 5 2 1 1 1 1 1 1 1 0 0 0 0 0 0 0 0 0 0 0 0 0 0 0 0 1 1 1 2 1 1 0 0 0 1 1 1 3 3 2 2 1 1 1 0
 4 4 2 2 2 1 0 0 0 0 0 0 0 0 0 0 0 0 1 0 0 0 0 0 1 1 2 2 2 3 1 1 1 1 0 0 0 4 0 0 0 0 0 0 0 0
 4 4 2 2 2 1 0 0 0 0 0 0 0 0 0 0 0 0 1 0 0 0 0 0 1 1 2 2 2 3 1 1 1 1 0 0 0 4 0 0 0 0 0 0 0 0
 1 1 1 1 1 1 0 0 0 0 0 0 0 0 0 0 0 0 0 0 0 0 1 1 1 1 2 1 1 1 1 1 1 1 1 0 0 0 1 1 0 0 0 0 0 1
 1 1 0 0 0 0 0 0 0 0 0 0 0 0 0 0 0 0 0 0 0 0 0 0 1 1 0 0 0 1 1 1 1 1 1 0 0 1 1 1 2 2 2 0 0 0
 1 1 0 0 0 0 0 0 0 0 0 0 0 0 0 0 0 0 0 0 0 0 0 0 1 1 0 0 0 1 1 1 1 1 1 0 0 1 1 1 2 2 2 0 0 0
 1 1 0 0 0 0 0 0 0 0 0 0 0 0 0 0 0 0 0 0 0 0 0 0 0 0 0 0 0 1 2 2 1 1 1 1 1 2 3 3 2 2 2 3 3 0
 1 1 0 0 0 0 0 0 0 0 0 0 0 0 0 0 0 0 0 0 0 0 0 0 0 0 0 0 0 1 2 2 1 1 1 1 1 2 3 3 2 2 2 3 3 0
 0 0 0 0 0 1 0 0 0 0 0 0 0 0 0 0 0 0 0 0 0 0 0 0 0 0 0 0 0 0 0 0 0 0 1 3 3 2 2 2 3 3 2 1 1 1
 0 0 0 0 0 0 0 0 0 0 0 0 0 0 0 0 0 0 0 0 0 0 0 0 0 0 1 0 0 1 1 1 1 1 1 1 1 5 2 2 2 2 1 2 2 1
 0 0 0 0 0 0 0 0 0 0 0 0 0 0 0 0 0 0 0 0 0 0 0 0 0 0 1 0 0 1 1 1 1 1 1 1 1 5 2 2 2 2 1 2 2 1
 0 0 0 0 0 0 0 0 0 0 0 0 0 0 0 0 0 0 0 0 0 0 0 0 1 1 1 1 1 2 2 2 1 1 1 1 1 1 3 3 2 2 2 1 1 1
 0 0 0 0 0 0 0 0 0 0 0 0 0 1 1 1 1 1 1 1 1 1 1 1 1 1 1 1 1 2 2 2 2 2 1 1 1 1 1 1 1 1 1 1 1 1
