assets/RAT_results/precipitation/2020-06-29_IMERG.asc
ncols        46
nrows        77
xllcorner    74.800261325624
yllcorner    8.058333333333
cellsize     0.062500000000
NODATA_value -9999
 17 17 20 17 17 21 18 18 20 20 16 19 19 20 17 17 12 12 9 9 9 10 9 9 21 21 22 12 12 8 6 6 3 3 4 6 6 3 3 3 3 3 3 3 3 5
 30 30 24 22 22 20 30 30 21 21 20 13 13 12 12 12 9 9 6 8 8 13 13 13 15 15 15 9 9 6 4 4 2 2 3 6 6 4 4 4 3 3 4 4 4 8
 30 30 24 22 22 20 30 30 21 21 20 13 13 12 12 12 9 9 6 8 8 13 13 13 15 15 15 9 9 6 4 4 2 2 3 6 6 4 4 4 3 3 4 4 4 8
 33 33 28 23 23 26 42 42 23 23 25 12 12 16 10 10 8 8 7 7 7 14 13 13 9 9 6 3 3 3 3 3 2 2 3 5 5 4 3 3 3 3 3 5 5 8
 57 57 34 26 26 38 43 43 56 56 29 26 26 20 13 13 9 9 8 6 6 11 6 6 4 4 3 1 1 1 2 2 2 2 3 3 3 2 2 2 3 3 4 7 7 10
 57 57 34 26 26 38 43 43 56 56 29 26 26 20 13 13 9 9 8 6 6 11 6 6 4 4 3 1 1 1 2 2 2 2 3 3 3 2 2 2 3 3 4 7 7 10
 60 60 95 44 44 39 43 43 54 54 43 22 22 18 16 16 9 9 8 6 6 8 6 6 2 2 1 1 1 1 2 2 2 2 2 2 2 2 3 3 5 5 5 8 8 8
 60 60 95 44 44 39 43 43 54 54 43 22 22 18 16 16 9 9 8 6 6 8 6 6 2 2 1 1 1 1 2 2 2 2 2 2 2 2 3 3 5 5 5 8 8 8
 125 125 93 45 45 52 34 34 53 53 46 27 27 19 13 13 7 7 7 5 5 5 3 3 3 3 2 2 2 2 4 4 4 4 1 2 2 3 4 4 4 4 6 7 7 7
 104 104 123 67 67 54 55 55 60 60 82 36 36 14 11 11 6 6 6 3 3 3 3 3 3 3 2 2 2 3 8 8 6 6 9 2 2 3 4 4 5 5 6 5 5 5
 104 104 123 67 67 54 55 55 60 60 82 36 36 14 11 11 6 6 6 3 3 3 3 3 3 3 2 2 2 3 8 8 6 6 9 2 2 3 4 4 5 5 6 5 5 5
 119 119 120 92 92 55 53 53 69 69 48 44 44 14 10 10 11 11 2 2 2 2 3 3 3 3 2 2 2 3 19 19 14 14 11 4 4 3 4 4 5 5 5 3 3 4
 147 147 84 122 122 49 46 46 41 41 26 42 42 21 20 20 12 12 2 3 3 3 3 3 3 3 2 3 3 4 13 13 11 11 11 3 3 5 10 10 9 9 8 8 8 5
 147 147 84 122 122 49 46 46 41 41 26 42 42 21 20 20 12 12 2 3 3 3 3 3 3 3 2 3 3 4 13 13 11 11 11 3 3 5 10 10 9 9 8 8 8 5
 69 69 76 46 46 49 36 36 37 37 30 27 27 16 15 15 6 6 4 3 3 3 3 3 3 3 3 3 3 18 8 8 9 9 5 6 6 6 14 14 9 9 7 10 10 12
 69 69 76 46 46 49 36 36 37 37 30 27 27 16 15 15 6 6 4 3 3 3 3 3 3 3 3 3 3 18 8 8 9 9 5 6 6 6 14 14 9 9 7 10 10 12
 50 50 64 51 51 49 17 17 26 26 47 24 24 29 18 18 16 16 8 5 5 3 3 3 3 3 4 2 2 3 6 6 4 4 2 6 6 7 10 10 13 13 9 10 10 8
 97 97 78 62 62 24 15 15 32 32 29 15 15 17 18 18 19 19 8 6 6 5 3 3 5 5 4 2 2 3 6 6 6 6 3 4 4 3 13 13 9 9 10 8 8 6
 97 97 78 62 62 24 15 15 32 32 29 15 15 17 18 18 19 19 8 6 6 5 3 3 5 5 4 2 2 3 6 6 6 6 3 4 4 3 13 13 9 9 10 8 8 6
 72 72 41 32 32 20 17 17 20 20 17 16 16 25 44 44 26 26 11 10 10 6 6 6 5 5 4 3 3 4 5 5 3 3 1 1 1 1 2 2 5 5 3 2 2 0
 96 96 33 22 22 14 16 16 20 20 28 30 30 28 33 33 23 23 38 12 12 10 10 10 5 5 3 3 3 4 4 4 2 2 1 1 1 1 1 1 2 2 0 0 0 0
 96 96 33 22 22 14 16 16 20 20 28 30 30 28 33 33 23 23 38 12 12 10 10 10 5 5 3 3 3 4 4 4 2 2 1 1 1 1 1 1 2 2 0 0 0 0
 86 86 79 83 83 50 30 30 29 29 29 22 22 26 24 24 26 26 25 16 16 12 10 10 3 3 2 2 2 3 4 4 3 3 1 1 1 0 0 0 0 0 0 0 0 0
 86 86 79 83 83 50 30 30 29 29 29 22 22 26 24 24 26 26 25 16 16 12 10 10 3 3 2 2 2 3 4 4 3 3 1 1 1 0 0 0 0 0 0 0 0 0
 131 131 84 83 83 69 31 31 49 49 38 36 36 30 28 28 28 28 21 11 11 11 11 11 3 3 1 2 2 2 2 2 0 0 0 0 0 0 0 0 0 0 0 0 0 0
 82 82 78 93 93 66 52 52 46 46 35 37 37 25 22 22 17 17 12 9 9 13 8 8 1 1 1 2 2 3 1 1 0 0 0 0 0 0 0 0 0 0 0 0 0 0
 82 82 78 93 93 66 52 52 46 46 35 37 37 25 22 22 17 17 12 9 9 13 8 8 1 1 1 2 2 3 1 1 0 0 0 0 0 0 0 0 0 0 0 0 0 0
 62 62 63 62 62 61 60 60 50 50 48 46 46 22 20 20 7 7 3 8 8 7 6 6 6 6 3 1 1 1 0 0 0 0 0 0 0 1 0 0 0 0 0 0 0 0
 53 53 58 61 61 59 53 53 58 58 34 32 32 10 10 10 2 2 2 5 5 12 11 11 7 7 11 4 4 1 2 2 0 0 1 0 0 0 0 0 0 0 0 0 0 0
 53 53 58 61 61 59 53 53 58 58 34 32 32 10 10 10 2 2 2 5 5 12 11 11 7 7 11 4 4 1 2 2 0 0 1 0 0 0 0 0 0 0 0 0 0 0
 51 51 59 56 56 57 50 50 55 55 29 35 35 7 7 7 9 9 10 16 16 5 6 6 10 10 8 5 5 7 3 3 0 0 0 0 0 0 0 0 0 0 0 0 0 0
 51 51 59 56 56 57 50 50 55 55 29 35 35 7 7 7 9 9 10 16 16 5 6 6 10 10 8 5 5 7 3 3 0 0 0 0 0 0 0 0 0 0 0 0 0 0
 41 41 66 54 54 54 43 43 37 37 29 14 14 13 9 9 15 15 9 21 21 16 12 12 13 13 8 9 9 8 5 5 0 0 0 0 0 0 0 0 1 1 0 0 0 0
 71 71 65 51 51 49 52 52 42 42 30 23 23 23 18 18 15 15 17 18 18 18 17 17 11 11 10 6 6 8 1 1 0 0 0 0 0 0 0 0 0 0 1 0 0 0
 71 71 65 51 51 49 52 52 42 42 30 23 23 23 18 18 15 15 17 18 18 18 17 17 11 11 10 6 6 8 1 1 0 0 0 0 0 0 0 0 0 0 1 0 0 0
 66 66 34 50 50 48 41 41 32 32 25 28 28 21 22 22 21 21 23 26 26 29 23 23 20 20 8 5 5 3 3 3 0 0 0 0 0 0 1 1 1 1 1 1 1 1
 29 29 28 32 32 42 43 43 39 39 37 17 17 11 23 23 24 24 25 27 27 34 34 34 31 31 20 17 17 4 3 3 3 3 1 1 1 1 2 2 2 2 3 3 3 5
 29 29 28 32 32 42 43 43 39 39 37 17 17 11 23 23 24 24 25 27 27 34 34 34 31 31 20 17 17 4 3 3 3 3 1 1 1 1 2 2 2 2 3 3 3 5
 25 25 20 20 20 20 36 36 44 44 49 43 43 20 6 6 8 8 26 27 27 34 31 31 34 34 23 24 24 10 4 4 7 7 3 6 6 5 4 4 6 6 6 4 4 6
 25 25 20 20 20 20 36 36 44 44 49 43 43 20 6 6 8 8 26 27 27 34 31 31 34 34 23 24 24 10 4 4 7 7 3 6 6 5 4 4 6 6 6 4 4 6
 18 18 12 24 24 21 33 33 58 58 64 65 65 28 8 8 9 9 6 16 16 18 21 21 28 28 35 33 33 23 17 17 18 18 10 10 10 9 10 10 10 10 11 10 10 5
 15 15 12 21 21 26 28 28 50 50 74 68 68 49 21 21 5 5 7 19 19 19 26 26 33 33 35 49 49 29 25 25 19 19 21 23 23 14 14 14 15 15 13 13 13 7
 15 15 12 21 21 26 28 28 50 50 74 68 68 49 21 21 5 5 7 19 19 19 26 26 33 33 35 49 49 29 25 25 19 19 21 23 23 14 14 14 15 15 13 13 13 7
 10 10 11 21 21 27 33 33 50 50 85 95 95 52 26 26 8 8 7 12 12 18 18 18 12 12 25 26 26 46 35 35 30 30 17 22 22 20 20 20 12 12 14 11 11 12
 11 11 14 20 20 28 33 33 45 45 82 79 79 97 22 22 19 19 15 20 20 23 27 27 23 23 27 20 20 34 45 45 33 33 22 24 24 24 18 18 11 11 10 9 9 21
 11 11 14 20 20 28 33 33 45 45 82 79 79 97 22 22 19 19 15 20 20 23 27 27 23 23 27 20 20 34 45 45 33 33 22 24 24 24 18 18 11 11 10 9 9 21
 15 15 23 20 20 31 37 37 41 41 65 72 72 102 35 35 28 28 30 28 28 25 24 24 26 26 39 45 45 43 44 44 42 42 36 24 24 21 13 13 11 11 10 16 16 24
 15 15 23 20 20 31 37 37 41 41 65 72 72 102 35 35 28 28 30 28 28 25 24 24 26 26 39 45 45 43 44 44 42 42 36 24 24 21 13 13 11 11 10 16 16 24
 16 16 22 25 25 39 42 42 43 43 57 62 62 70 82 82 57 57 35 30 30 31 32 32 42 42 39 43 43 58 52 52 50 50 38 20 20 15 10 10 11 11 10 21 21 31
 17 17 24 34 34 43 46 46 43 43 50 58 58 53 55 55 55 55 40 34 34 31 31 31 41 41 38 33 33 40 47 47 47 47 49 21 21 18 9 9 19 19 20 30 30 17
 17 17 24 34 34 43 46 46 43 43 50 58 58 53 55 55 55 55 40 34 34 31 31 31 41 41 38 33 33 40 47 47 47 47 49 21 21 18 9 9 19 19 20 30 30 17
 23 23 34 44 44 53 50 50 41 41 49 56 56 42 39 39 36 36 27 21 21 27 30 30 38 38 41 36 36 54 50 50 41 41 36 24 24 15 10 10 17 17 10 21 21 23
 33 33 45 54 54 52 47 47 46 46 51 59 59 47 41 41 38 38 31 16 16 14 30 30 31 31 37 36 36 45 44 44 46 46 40 33 33 26 26 26 11 11 9 11 11 13
 33 33 45 54 54 52 47 47 46 46 51 59 59 47 41 41 38 38 31 16 16 14 30 30 31 31 37 36 36 45 44 44 46 46 40 33 33 26 26 26 11 11 9 11 11 13
 34 34 49 48 48 46 45 45 46 46 47 59 59 49 48 48 36 36 33 19 19 18 28 28 31 31 44 47 47 54 49 49 44 44 36 35 35 19 13 13 4 4 4 7 7 5
 34 34 49 48 48 46 45 45 46 46 47 59 59 49 48 48 36 36 33 19 19 18 28 28 31 31 44 47 47 54 49 49 44 44 36 35 35 19 13 13 4 4 4 7 7 5
 31 31 40 46 46 49 51 51 44 44 53 51 51 56 48 48 33 33 21 20 20 25 33 33 35 35 44 47 47 50 41 41 45 45 37 37 37 13 9 9 2 2 1 1 1 4
 42 42 41 44 44 45 57 57 44 44 50 51 51 39 32 32 30 30 19 26 26 30 41 41 31 31 42 40 40 38 39 39 40 40 27 29 29 12 7 7 4 4 3 1 1 2
 42 42 41 44 44 45 57 57 44 44 50 51 51 39 32 32 30 30 19 26 26 30 41 41 31 31 42 40 40 38 39 39 40 40 27 29 29 12 7 7 4 4 3 1 1 2
 39 39 40 40 40 45 50 50 48 48 44 37 37 39 26 26 28 28 20 34 34 41 41 41 136 136 55 38 38 27 24 24 22 22 24 27 27 19 17 17 5 5 3 2 2 2
 34 34 37 38 38 40 37 37 40 40 39 29 29 31 24 24 24 24 13 17 17 28 36 36 46 46 49 32 32 29 22 22 26 26 18 25 25 19 21 21 7 7 4 3 3 3
 34 34 37 38 38 40 37 37 40 40 39 29 29 31 24 24 24 24 13 17 17 28 36 36 46 46 49 32 32 29 22 22 26 26 18 25 25 19 21 21 7 7 4 3 3 3
 23 23 24 32 32 32 28 28 32 32 35 28 28 21 22 22 19 19 18 23 23 26 28 28 30 30 31 33 33 33 30 30 25 25 15 26 26 33 14 14 8 8 4 2 2 2
 23 23 24 32 32 32 28 28 32 32 35 28 28 21 22 22 19 19 18 23 23 26 28 28 30 30 31 33 33 33 30 30 25 25 15 26 26 33 14 14 8 8 4 2 2 2
 22 22 24 28 28 20 21 21 18 18 27 23 23 19 22 22 19 19 19 20 20 13 14 14 23 23 23 36 36 16 12 12 12 12 8 6 6 18 17 17 6 6 3 2 2 1
 15 15 26 24 24 25 23 23 23 23 25 25 25 22 21 21 22 22 18 19 19 11 8 8 6 6 5 6 6 10 8 8 9 9 6 5 5 10 10 10 2 2 1 1 1 1
 15 15 26 24 24 25 23 23 23 23 25 25 25 22 21 21 22 22 18 19 19 11 8 8 6 6 5 6 6 10 8 8 9 9 6 5 5 10 10 10 2 2 1 1 1 1
 12 12 23 23 23 25 24 24 29 29 26 27 27 24 29 29 30 30 27 20 20 9 4 4 4 4 1 2 2 4 4 4 7 7 6 5 5 4 3 3 7 7 1 0 0 0
 13 13 21 20 20 20 20 20 22 22 22 24 24 24 30 30 37 37 25 20 20 18 16 16 2 2 1 1 1 4 9 9 9 9 9 4 4 4 5 5 16 16 7 0 0 0
 13 13 21 20 20 20 20 20 22 22 22 24 24 24 30 30 37 37 25 20 20 18 16 16 2 2 1 1 1 4 9 9 9 9 9 4 4 4 5 5 16 16 7 0 0 0
 8 8 11 14 14 18 18 18 18 18 23 21 21 29 25 25 40 40 16 12 12 11 12 12 6 6 2 2 2 8 8 8 8 8 7 2 2 3 9 9 2 2 1 1 1 1
 8 8 11 14 14 18 18 18 18 18 23 21 21 29 25 25 40 40 16 12 12 11 12 12 6 6 2 2 2 8 8 8 8 8 7 2 2 3 9 9 2 2 1 1 1 1
 5 5 6 11 11 13 13 13 16 16 17 14 14 27 25 25 24 24 12 11 11 7 8 8 7 7 4 2 2 3 3 3 3 3 8 8 8 4 3 3 6 6 1 1 1 1
 2 2 6 5 5 7 14 14 15 15 16 13 13 18 42 42 41 41 37 8 8 5 4 4 4 4 6 5 5 4 3 3 3 3 4 4 4 2 1 1 1 1 1 0 0 0
 2 2 6 5 5 7 14 14 15 15 16 13 13 18 42 42 41 41 37 8 8 5 4 4 4 4 6 5 5 4 3 3 3 3 4 4 4 2 1 1 1 1 1 0 0 0
 5 5 5 8 8 9 10 10 12 12 11 11 11 9 38 38 37 37 35 9 9 8 6 6 6 6 6 2 2 1 0 0 0 0 4 4 4 1 1 1 0 0 0 0 0 0
 10 10 7 9 9 9 6 6 10 10 10 9 9 8 7 7 6 6 3 3 3 8 6 6 6 6 6 1 1 1 0 0 0 0 0 0 0 1 1 1 0 0 0 0 0 1
