assets/RAT_results/precipitation/2020-04-08_IMERG.asc
ncols        46
nrows        77
xllcorner    74.800261325624
yllcorner    8.058333333333
cellsize     0.062500000000
NODATA_value -9999
 0 0 0 0 0 0 0 0 0 0 0 0 0 0 0 0 2 2 5 3 3 1 0 0 0 0 0 0 0 0 0 0 0 0 0 0 0 1 1 1 3 3 6 8 8 8
 0 0 1 0 0 0 0 0 0 0 0 0 0 2 2 2 5 5 5 6 6 1 3 3 2 2 1 0 0 0 0 0 0 0 0 0 0 1 1 1 2 2 1 5 5 4
 0 0 1 0 0 0 0 0 0 0 0 0 0 2 2 2 5 5 5 6 6 1 3 3 2 2 1 0 0 0 0 0 0 0 0 0 0 1 1 1 2 2 1 5 5 4
 0 0 1 0 0 0 0 0 0 0 0 0 0 6 8 8 10 10 5 6 6 2 4 4 3 3 1 0 0 0 4 4 3 3 3 1 1 1 0 0 0 0 1 3 3 3
 0 0 1 0 0 0 0 0 0 0 6 11 11 8 11 11 11 11 13 11 11 4 2 2 5 5 3 3 3 5 5 5 4 4 3 1 1 1 1 1 0 0 0 3 3 3
 0 0 1 0 0 0 0 0 0 0 6 11 11 8 11 11 11 11 13 11 11 4 2 2 5 5 3 3 3 5 5 5 4 4 3 1 1 1 1 1 0 0 0 3 3 3
 0 0 0 1 1 0 0 0 0 0 6 11 11 13 12 12 15 15 17 13 13 3 5 5 5 5 5 4 4 7 4 4 3 3 3 1 1 1 1 1 0 0 0 1 1 1
 0 0 0 1 1 0 0 0 0 0 6 11 11 13 12 12 15 15 17 13 13 3 5 5 5 5 5 4 4 7 4 4 3 3 3 1 1 1 1 1 0 0 0 1 1 1
 0 0 0 0 0 0 0 0 1 1 4 18 18 25 18 18 14 14 8 5 5 6 6 6 5 5 6 4 4 4 3 3 2 2 2 2 2 0 0 0 0 0 0 1 1 2
 0 0 0 0 0 0 0 0 0 0 4 17 17 22 21 21 11 11 7 9 9 5 7 7 10 10 6 4 4 4 4 4 3 3 3 2 2 1 0 0 0 0 0 1 1 4
 0 0 0 0 0 0 0 0 0 0 4 17 17 22 21 21 11 11 7 9 9 5 7 7 10 10 6 4 4 4 4 4 3 3 3 2 2 1 0 0 0 0 0 1 1 4
 0 0 0 0 0 0 0 0 0 0 0 7 7 8 8 8 8 8 6 4 4 3 7 7 17 17 7 4 4 4 4 4 6 6 2 2 2 0 0 0 0 0 0 1 1 1
 0 0 0 0 0 0 1 1 0 0 0 0 0 0 1 1 6 6 2 1 1 1 8 8 16 16 4 6 6 13 4 4 6 6 4 1 1 1 2 2 1 1 1 1 1 1
 0 0 0 0 0 0 1 1 0 0 0 0 0 0 1 1 6 6 2 1 1 1 8 8 16 16 4 6 6 13 4 4 6 6 4 1 1 1 2 2 1 1 1 1 1 1
 1 1 0 0 0 0 1 1 0 0 0 0 0 0 0 0 1 1 1 1 1 2 9 9 14 14 12 5 5 8 3 3 5 5 17 2 2 3 4 4 8 8 7 2 2 1
 1 1 0 0 0 0 1 1 0 0 0 0 0 0 0 0 1 1 1 1 1 2 9 9 14 14 12 5 5 8 3 3 5 5 17 2 2 3 4 4 8 8 7 2 2 1
 0 0 0 0 0 0 0 0 0 0 1 0 0 0 0 0 0 0 0 0 0 0 14 14 12 12 12 9 9 10 10 10 9 9 4 10 10 5 7 7 6 6 3 1 1 2
 0 0 0 0 0 0 0 0 0 0 1 0 0 0 0 0 0 0 0 0 0 5 11 11 21 21 31 20 20 19 11 11 18 18 10 25 25 6 8 8 5 5 4 5 5 2
 0 0 0 0 0 0 0 0 0 0 1 0 0 0 0 0 0 0 0 0 0 5 11 11 21 21 31 20 20 19 11 11 18 18 10 25 25 6 8 8 5 5 4 5 5 2
 1 1 0 0 0 0 0 0 0 0 0 0 0 1 0 0 0 0 0 0 0 5 10 10 15 15 13 3 3 24 24 24 29 29 12 9 9 6 7 7 5 5 3 2 2 2
 0 0 0 1 1 0 0 0 0 0 0 1 1 0 0 0 0 0 0 0 0 0 0 0 0 0 0 3 3 13 10 10 37 37 29 28 28 18 8 8 2 2 2 2 2 2
 0 0 0 1 1 0 0 0 0 0 0 1 1 0 0 0 0 0 0 0 0 0 0 0 0 0 0 3 3 13 10 10 37 37 29 28 28 18 8 8 2 2 2 2 2 2
 0 0 1 1 1 1 0 0 0 0 0 0 0 1 0 0 0 0 0 0 0 6 1 1 1 1 3 6 6 11 16 16 17 17 8 15 15 11 11 11 8 8 5 3 3 2
 0 0 1 1 1 1 0 0 0 0 0 0 0 1 0 0 0 0 0 0 0 6 1 1 1 1 3 6 6 11 16 16 17 17 8 15 15 11 11 11 8 8 5 3 3 2
 0 0 0 0 0 1 0 0 0 0 0 0 0 0 0 0 0 0 0 0 0 0 0 0 11 11 10 26 26 15 13 13 10 10 4 11 11 3 8 8 3 3 3 2 2 2
 0 0 0 0 0 0 0 0 0 0 0 0 0 0 0 0 0 0 0 0 0 3 9 9 20 20 30 23 23 16 8 8 4 4 6 2 2 0 6 6 1 1 2 2 2 1
 0 0 0 0 0 0 0 0 0 0 0 0 0 0 0 0 0 0 0 0 0 3 9 9 20 20 30 23 23 16 8 8 4 4 6 2 2 0 6 6 1 1 2 2 2 1
 0 0 0 0 0 0 0 0 0 0 0 0 0 0 0 0 0 0 0 0 0 2 2 2 3 3 3 1 1 6 0 0 0 0 5 2 2 0 0 0 0 0 6 4 4 4
 0 0 0 0 0 0 0 0 0 0 0 0 0 0 0 0 0 0 0 0 0 0 0 0 0 0 1 2 2 2 1 1 1 1 2 0 0 5 11 11 14 14 9 7 7 5
 0 0 0 0 0 0 0 0 0 0 0 0 0 0 0 0 0 0 0 0 0 0 0 0 0 0 1 2 2 2 1 1 1 1 2 0 0 5 11 11 14 14 9 7 7 5
 0 0 0 0 0 0 0 0 0 0 0 0 0 0 0 0 2 2 2 0 0 1 0 0 0 0 0 0 0 0 0 0 0 0 0 0 0 7 22 22 28 28 10 9 9 7
 0 0 0 0 0 0 0 0 0 0 0 0 0 0 0 0 2 2 2 0 0 1 0 0 0 0 0 0 0 0 0 0 0 0 0 0 0 7 22 22 28 28 10 9 9 7
 0 0 0 0 0 0 0 0 0 0 0 0 0 0 0 0 2 2 3 1 1 1 1 1 0 0 1 0 0 1 1 1 0 0 0 0 0 5 25 25 28 28 21 10 10 44
 0 0 0 0 0 0 0 0 0 0 0 0 0 1 2 2 1 1 1 1 1 0 0 0 0 0 1 0 0 1 1 1 0 0 0 0 0 3 9 9 4 4 14 13 13 15
 0 0 0 0 0 0 0 0 0 0 0 0 0 1 2 2 1 1 1 1 1 0 0 0 0 0 1 0 0 1 1 1 0 0 0 0 0 3 9 9 4 4 14 13 13 15
 0 0 0 0 0 0 0 0 0 0 0 0 0 0 1 1 0 0 1 1 1 0 0 0 0 0 0 0 0 1 7 7 6 6 7 0 0 4 0 0 2 2 13 16 16 14
 0 0 0 0 0 0 0 0 0 0 0 0 0 0 0 0 0 0 0 1 1 1 0 0 0 0 0 0 0 0 11 11 12 12 7 3 3 3 1 1 0 0 3 15 15 10
 0 0 0 0 0 0 0 0 0 0 0 0 0 0 0 0 0 0 0 1 1 1 0 0 0 0 0 0 0 0 11 11 12 12 7 3 3 3 1 1 0 0 3 15 15 10
 0 0 0 0 0 0 0 0 0 0 0 0 0 0 0 0 0 0 0 2 2 1 0 0 0 0 0 0 0 0 17 17 10 10 17 7 7 9 5 5 3 3 1 8 8 12
 0 0 0 0 0 0 0 0 0 0 0 0 0 0 0 0 0 0 0 2 2 1 0 0 0 0 0 0 0 0 17 17 10 10 17 7 7 9 5 5 3 3 1 8 8 12
 0 0 0 0 0 0 0 0 0 0 0 0 0 0 0 0 0 0 0 1 1 2 0 0 0 0 0 0 0 0 15 15 15 15 17 20 20 19 17 17 2 2 8 10 10 14
 0 0 0 0 0 0 0 0 0 0 1 0 0 0 0 0 0 0 0 0 0 0 1 1 0 0 0 0 0 1 15 15 15 15 17 12 12 15 18 18 13 13 17 12 12 4
 0 0 0 0 0 0 0 0 0 0 1 0 0 0 0 0 0 0 0 0 0 0 1 1 0 0 0 0 0 1 15 15 15 15 17 12 12 15 18 18 13 13 17 12 12 4
 0 0 0 0 0 0 1 1 1 1 1 0 0 0 0 0 1 1 1 1 1 1 0 0 0 0 0 0 0 0 1 1 12 12 18 15 15 19 24 24 20 20 17 8 8 1
 0 0 1 1 1 1 1 1 2 2 1 0 0 0 0 0 1 1 3 3 3 2 1 1 1 1 0 0 0 0 2 2 5 5 10 7 7 14 17 17 16 16 8 8 8 2
 0 0 1 1 1 1 1 1 2 2 1 0 0 0 0 0 1 1 3 3 3 2 1 1 1 1 0 0 0 0 2 2 5 5 10 7 7 14 17 17 16 16 8 8 8 2
 1 1 2 3 3 2 1 1 2 2 2 2 2 1 1 1 1 1 2 2 2 1 1 1 2 2 2 1 1 2 2 2 6 6 5 5 5 9 23 23 20 20 9 4 4 2
 1 1 2 3 3 2 1 1 2 2 2 2 2 1 1 1 1 1 2 2 2 1 1 1 2 2 2 1 1 2 2 2 6 6 5 5 5 9 23 23 20 20 9 4 4 2
 1 1 2 2 2 1 1 1 1 1 1 1 1 1 2 2 2 2 2 1 1 1 0 0 1 1 1 1 1 1 1 1 11 11 8 5 5 9 22 22 15 15 9 8 8 9
 0 0 0 0 0 0 0 0 0 0 0 0 0 1 1 1 2 2 1 1 1 1 0 0 1 1 1 1 1 1 14 14 24 24 23 21 21 21 14 14 16 16 14 15 15 10
 0 0 0 0 0 0 0 0 0 0 0 0 0 1 1 1 2 2 1 1 1 1 0 0 1 1 1 1 1 1 14 14 24 24 23 21 21 21 14 14 16 16 14 15 15 10
 1 1 0 0 0 0 0 0 0 0 0 0 0 0 0 0 0 0 0 1 1 1 0 0 0 0 2 1 1 1 2 2 18 18 24 31 31 28 22 22 19 19 29 19 19 14
 0 0 0 0 0 0 0 0 0 0 0 0 0 0 0 0 0 0 0 0 0 0 0 0 2 2 2 0 0 0 1 1 22 22 30 34 34 36 24 24 24 24 28 16 16 11
 0 0 0 0 0 0 0 0 0 0 0 0 0 0 0 0 0 0 0 0 0 0 0 0 2 2 2 0 0 0 1 1 22 22 30 34 34 36 24 24 24 24 28 16 16 11
 0 0 0 0 0 0 0 0 0 0 0 0 0 0 0 0 0 0 0 0 0 0 0 0 0 0 0 0 0 0 0 0 22 22 36 31 31 25 24 24 25 25 27 12 12 17
 0 0 0 0 0 0 0 0 0 0 0 0 0 0 0 0 0 0 0 0 0 0 0 0 0 0 0 0 0 0 0 0 22 22 36 31 31 25 24 24 25 25 27 12 12 17
 0 0 0 0 0 0 0 0 0 0 0 0 0 0 0 0 0 0 0 0 0 0 1 1 1 1 0 0 0 0 1 1 14 14 21 33 33 21 22 22 26 26 14 14 14 9
 0 0 0 0 0 0 0 0 0 0 0 0 0 0 0 0 0 0 0 0 0 0 1 1 1 1 1 2 2 0 0 0 7 7 10 13 13 7 18 18 12 12 12 10 10 9
 0 0 0 0 0 0 0 0 0 0 0 0 0 0 0 0 0 0 0 0 0 0 1 1 1 1 1 2 2 0 0 0 7 7 10 13 13 7 18 18 12 12 12 10 10 9
 0 0 0 0 0 0 0 0 0 0 0 0 0 0 0 0 0 0 0 0 0 0 0 0 2 2 3 4 4 0 0 0 1 1 4 2 2 3 3 3 4 4 6 10 10 11
 0 0 0 0 0 0 0 0 0 0 0 0 0 0 0 0 0 0 0 0 0 0 0 0 2 2 2 1 1 1 1 1 1 1 1 10 10 5 9 9 24 24 24 22 22 18
 0 0 0 0 0 0 0 0 0 0 0 0 0 0 0 0 0 0 0 0 0 0 0 0 2 2 2 1 1 1 1 1 1 1 1 10 10 5 9 9 24 24 24 22 22 18
 0 0 0 0 0 0 0 0 0 0 0 0 0 0 0 0 0 0 0 0 0 0 0 0 2 2 2 3 3 2 1 1 1 1 12 19 19 29 29 29 31 31 32 23 23 14
 0 0 0 0 0 0 0 0 0 0 0 0 0 0 0 0 0 0 0 0 0 0 0 0 2 2 2 3 3 2 1 1 1 1 12 19 19 29 29 29 31 31 32 23 23 14
 0 0 0 0 0 0 0 0 0 0 0 0 0 0 0 0 0 0 0 0 0 0 0 0 0 0 2 1 1 0 1 1 1 1 5 17 17 13 31 31 35 35 29 16 16 15
 0 0 0 0 0 0 0 0 0 0 0 0 0 0 0 0 0 0 0 0 0 0 0 0 0 0 2 1 1 2 0 0 1 1 4 13 13 24 32 32 27 27 21 14 14 7
 0 0 0 0 0 0 0 0 0 0 0 0 0 0 0 0 0 0 0 0 0 0 0 0 0 0 2 1 1 2 0 0 1 1 4 13 13 24 32 32 27 27 21 14 14 7
 0 0 0 0 0 0 0 0 0 0 0 0 0 0 0 0 0 0 0 0 0 0 0 0 0 0 0 2 2 2 1 1 1 1 1 18 18 28 33 33 32 32 27 16 16 15
 0 0 0 0 0 0 0 0 0 0 0 0 0 0 0 0 0 0 0 0 0 0 0 0 0 0 0 3 3 2 3 3 1 1 1 15 15 19 28 28 36 36 28 21 21 14
 0 0 0 0 0 0 0 0 0 0 0 0 0 0 0 0 0 0 0 0 0 0 0 0 0 0 0 3 3 2 3 3 1 1 1 15 15 19 28 28 36 36 28 21 21 14
 0 0 0 0 0 0 0 0 0 0 0 0 0 0 0 0 0 0 0 0 0 0 0 0 0 0 0 0 0 0 0 0 0 0 0 5 5 7 17 17 21 21 35 20 20 6
 0 0 0 0 0 0 0 0 0 0 0 0 0 0 0 0 0 0 0 0 0 0 0 0 0 0 0 0 0 0 0 0 0 0 0 5 5 7 17 17 21 21 35 20 20 6
 0 0 0 0 0 0 0 0 0 0 0 0 0 0 0 0 0 0 0 0 0 0 0 0 0 0 0 0 0 0 0 0 1 1 0 1 1 1 1 1 1 1 2 1 1 4
 0 0 0 0 0 0 0 0 0 0 0 0 0 0 0 0 0 0 0 0 0 0 0 0 0 0 0 0 0 0 0 0 0 0 0 0 0 0 0 0 0 0 1 1 1 2
 0 0 0 0 0 0 0 0 0 0 0 0 0 0 0 0 0 0 0 0 0 0 0 0 0 0 0 0 0 0 0 0 0 0 0 0 0 0 0 0 0 0 1 1 1 2
 0 0 0 1 1 1 0 0 0 0 0 0 0 0 0 0 0 0 0 0 0 0 0 0 0 0 0 3 3 0 0 0 0 0 0 0 0 0 0 0 0 0 0 0 0 0
 0 0 0 0 0 0 0 0 0 0 0 0 0 0 0 0 0 0 0 0 0 0 0 0 0 0 0 2 2 4 0 0 0 0 0 0 0 0 0 0 0 0 1 0 0 0
