assets/RAT_results/precipitation/2020-12-03_IMERG.asc
ncols        46
nrows        77
xllcorner    74.800261325624
yllcorner    8.058333333333
cellsize     0.062500000000
NODATA_value -9999
 1 1 0 1 1 0 0 0 0 0 0 1 1 1 0 0 0 0 1 1 1 1 0 0 0 0 0 0 0 0 0 0 1 1 1 1 1 2 4 4 3 3 3 3 3 4
 1 1 1 0 0 0 0 0 0 0 0 0 0 1 1 1 0 0 0 0 0 0 0 0 0 0 0 0 0 0 0 0 1 1 1 1 1 6 4 4 4 4 3 5 5 5
 1 1 1 0 0 0 0 0 0 0 0 0 0 1 1 1 0 0 0 0 0 0 0 0 0 0 0 0 0 0 0 0 1 1 1 1 1 6 4 4 4 4 3 5 5 5
 1 1 0 0 0 0 0 0 0 0 0 0 0 0 0 0 0 0 0 0 0 0 0 0 1 1 0 0 0 1 1 1 1 1 1 1 1 4 7 7 4 4 5 3 3 6
 0 0 1 0 0 0 0 0 0 0 0 0 0 0 1 1 0 0 0 0 0 1 1 1 1 1 1 1 1 1 1 1 1 1 1 3 3 3 4 4 2 2 3 4 4 6
 0 0 1 0 0 0 0 0 0 0 0 0 0 0 1 1 0 0 0 0 0 1 1 1 1 1 1 1 1 1 1 1 1 1 1 3 3 3 4 4 2 2 3 4 4 6
 0 0 0 1 1 0 0 0 0 0 0 0 0 1 1 1 1 1 1 1 1 1 1 1 1 1 1 1 1 2 1 1 2 2 2 4 4 4 4 4 4 4 4 6 6 7
 0 0 0 1 1 0 0 0 0 0 0 0 0 1 1 1 1 1 1 1 1 1 1 1 1 1 1 1 1 2 1 1 2 2 2 4 4 4 4 4 4 4 4 6 6 7
 0 0 0 1 1 1 0 0 0 0 0 0 0 1 1 1 1 1 1 1 1 1 1 1 1 1 1 1 1 2 2 2 2 2 2 4 4 4 4 4 4 4 5 6 6 5
 0 0 0 1 1 0 0 0 0 0 0 0 0 2 2 2 2 2 1 2 2 1 1 1 1 1 1 1 1 2 2 2 2 2 2 2 2 3 5 5 5 5 5 5 5 6
 0 0 0 1 1 0 0 0 0 0 0 0 0 2 2 2 2 2 1 2 2 1 1 1 1 1 1 1 1 2 2 2 2 2 2 2 2 3 5 5 5 5 5 5 5 6
 0 0 0 1 1 0 1 1 0 0 0 1 1 2 4 4 1 1 2 2 2 2 2 2 2 2 0 0 0 1 2 2 3 3 3 3 3 4 5 5 8 8 8 9 9 11
 0 0 0 1 1 1 1 1 1 1 1 1 1 2 5 5 4 4 1 2 2 2 1 1 2 2 1 0 0 1 3 3 3 3 4 5 5 6 7 7 10 10 9 12 12 12
 0 0 0 1 1 1 1 1 1 1 1 1 1 2 5 5 4 4 1 2 2 2 1 1 2 2 1 0 0 1 3 3 3 3 4 5 5 6 7 7 10 10 9 12 12 12
 0 0 0 0 0 0 1 1 1 1 2 2 2 4 5 5 4 4 4 1 1 1 2 2 3 3 1 1 1 3 4 4 5 5 5 7 7 5 9 9 9 9 10 17 17 21
 0 0 0 0 0 0 1 1 1 1 2 2 2 4 5 5 4 4 4 1 1 1 2 2 3 3 1 1 1 3 4 4 5 5 5 7 7 5 9 9 9 9 10 17 17 21
 0 0 0 1 1 1 1 1 2 2 2 3 3 3 3 3 4 4 5 6 6 4 4 4 5 5 3 2 2 4 5 5 6 6 7 7 7 9 11 11 10 10 12 21 21 33
 0 0 0 0 0 1 1 1 1 1 2 3 3 4 4 4 4 4 5 5 5 6 7 7 9 9 6 5 5 5 7 7 7 7 9 12 12 13 12 12 15 15 17 18 18 37
 0 0 0 0 0 1 1 1 1 1 2 3 3 4 4 4 4 4 5 5 5 6 7 7 9 9 6 5 5 5 7 7 7 7 9 12 12 13 12 12 15 15 17 18 18 37
 0 0 0 1 1 1 1 1 2 2 4 4 4 4 4 4 5 5 6 5 5 6 8 8 9 9 11 14 14 8 8 8 8 8 9 13 13 12 12 12 17 17 29 32 32 43
 0 0 0 1 1 0 1 1 1 1 4 4 4 4 5 5 6 6 9 7 7 6 8 8 11 11 12 14 14 10 14 14 11 11 11 13 13 11 14 14 18 18 29 31 31 42
 0 0 0 1 1 0 1 1 1 1 4 4 4 4 5 5 6 6 9 7 7 6 8 8 11 11 12 14 14 10 14 14 11 11 11 13 13 11 14 14 18 18 29 31 31 42
 0 0 0 1 1 1 1 1 2 2 3 4 4 6 8 8 7 7 11 10 10 10 8 8 10 10 17 19 19 21 17 17 14 14 14 14 14 17 15 15 21 21 20 22 22 21
 0 0 0 1 1 1 1 1 2 2 3 4 4 6 8 8 7 7 11 10 10 10 8 8 10 10 17 19 19 21 17 17 14 14 14 14 14 17 15 15 21 21 20 22 22 21
 0 0 0 1 1 1 1 1 3 3 4 8 8 8 8 8 9 9 11 13 13 12 11 11 10 10 19 29 29 23 25 25 16 16 14 16 16 13 14 14 20 20 18 15 15 17
 0 0 0 0 0 1 1 1 2 2 4 13 13 16 11 11 14 14 9 12 12 22 17 17 19 19 28 31 31 25 23 23 13 13 12 12 12 12 11 11 15 15 12 13 13 14
 0 0 0 0 0 1 1 1 2 2 4 13 13 16 11 11 14 14 9 12 12 22 17 17 19 19 28 31 31 25 23 23 13 13 12 12 12 12 11 11 15 15 12 13 13 14
 0 0 0 0 0 2 2 2 4 4 6 6 6 22 16 16 15 15 12 8 8 13 19 19 27 27 29 33 33 23 18 18 17 17 15 13 13 16 12 12 14 14 11 16 16 14
 1 1 1 1 1 2 2 2 3 3 6 8 8 14 15 15 18 18 16 19 19 12 23 23 29 29 31 38 38 27 25 25 22 22 20 19 19 21 19 19 21 21 17 17 17 16
 1 1 1 1 1 2 2 2 3 3 6 8 8 14 15 15 18 18 16 19 19 12 23 23 29 29 31 38 38 27 25 25 22 22 20 19 19 21 19 19 21 21 17 17 17 16
 0 0 0 0 0 1 1 1 2 2 3 7 7 10 18 18 23 23 19 20 20 25 27 27 39 39 39 40 40 32 28 28 25 25 29 22 22 18 25 25 21 21 24 26 26 28
 0 0 0 0 0 1 1 1 2 2 3 7 7 10 18 18 23 23 19 20 20 25 27 27 39 39 39 40 40 32 28 28 25 25 29 22 22 18 25 25 21 21 24 26 26 28
 0 0 0 0 0 1 1 1 5 5 10 14 14 40 34 34 28 28 35 31 31 27 32 32 33 33 40 34 34 33 35 35 36 36 33 25 25 22 27 27 22 22 21 18 18 29
 0 0 0 0 0 1 1 1 1 1 9 10 10 19 37 37 31 31 32 33 33 30 32 32 33 33 38 42 42 34 37 37 27 27 27 34 34 34 29 29 25 25 22 16 16 15
 0 0 0 0 0 1 1 1 1 1 9 10 10 19 37 37 31 31 32 33 33 30 32 32 33 33 38 42 42 34 37 37 27 27 27 34 34 34 29 29 25 25 22 16 16 15
 0 0 0 0 0 0 1 1 1 1 7 8 8 8 31 31 34 34 36 37 37 32 28 28 33 33 44 37 37 40 37 37 33 33 29 35 35 35 35 35 29 29 23 16 16 16
 0 0 0 0 0 1 1 1 2 2 3 8 8 7 9 9 12 12 41 30 30 27 31 31 35 35 46 45 45 43 37 37 34 34 39 35 35 35 37 37 31 31 24 19 19 24
 0 0 0 0 0 1 1 1 2 2 3 8 8 7 9 9 12 12 41 30 30 27 31 31 35 35 46 45 45 43 37 37 34 34 39 35 35 35 37 37 31 31 24 19 19 24
 1 1 1 1 1 1 3 3 3 3 5 7 7 11 11 11 13 13 47 40 40 37 40 40 37 37 38 42 42 47 39 39 39 39 38 32 32 33 34 34 27 27 24 22 22 26
 1 1 1 1 1 1 3 3 3 3 5 7 7 11 11 11 13 13 47 40 40 37 40 40 37 37 38 42 42 47 39 39 39 39 38 32 32 33 34 34 27 27 24 22 22 26
 1 1 1 1 1 1 1 1 3 3 4 10 10 12 15 15 17 17 39 40 40 36 41 41 46 46 40 42 42 41 39 39 37 37 38 30 30 30 23 23 21 21 25 23 23 23
 1 1 1 1 1 1 1 1 6 6 10 10 10 15 12 12 13 13 29 58 58 44 46 46 39 39 37 40 40 39 37 37 29 29 31 30 30 28 23 23 22 22 24 22 22 18
 1 1 1 1 1 1 1 1 6 6 10 10 10 15 12 12 13 13 29 58 58 44 46 46 39 39 37 40 40 39 37 37 29 29 31 30 30 28 23 23 22 22 24 22 22 18
 1 1 1 2 2 1 13 13 15 15 16 16 16 10 15 15 12 12 28 62 62 51 46 46 33 33 40 40 40 36 32 32 28 28 31 33 33 30 18 18 17 17 16 12 12 12
 17 17 16 15 15 15 14 14 16 16 16 17 17 5 7 7 6 6 9 46 46 45 44 44 38 38 37 34 34 36 31 31 32 32 26 30 30 26 15 15 14 14 11 10 10 10
 17 17 16 15 15 15 14 14 16 16 16 17 17 5 7 7 6 6 9 46 46 45 44 44 38 38 37 34 34 36 31 31 32 32 26 30 30 26 15 15 14 14 11 10 10 10
 16 16 18 15 15 3 3 3 3 3 3 4 4 4 7 7 6 6 7 12 12 30 35 35 35 35 29 28 28 31 26 26 23 23 24 19 19 21 11 11 12 12 7 9 9 9
 16 16 18 15 15 3 3 3 3 3 3 4 4 4 7 7 6 6 7 12 12 30 35 35 35 35 29 28 28 31 26 26 23 23 24 19 19 21 11 11 12 12 7 9 9 9
 4 4 5 3 3 3 3 3 3 3 3 2 2 2 8 8 8 8 7 7 7 27 30 30 30 30 36 28 28 27 29 29 23 23 24 18 18 13 11 11 10 10 8 8 8 8
 3 3 3 3 3 2 3 3 3 3 3 2 2 4 4 4 8 8 7 28 28 30 33 33 30 30 32 28 28 21 23 23 19 19 16 16 16 13 11 11 10 10 8 8 8 8
 3 3 3 3 3 2 3 3 3 3 3 2 2 4 4 4 8 8 7 28 28 30 33 33 30 30 32 28 28 21 23 23 19 19 16 16 16 13 11 11 10 10 8 8 8 8
 2 2 2 1 1 2 2 2 2 2 2 1 1 4 4 4 11 11 6 7 7 10 34 34 34 34 27 20 20 22 21 21 19 19 17 14 14 12 9 9 10 10 9 10 10 10
 2 2 2 1 1 2 2 2 1 1 1 1 1 1 3 3 2 2 7 8 8 10 34 34 27 27 22 15 15 14 19 19 18 18 14 14 14 10 9 9 12 12 10 10 10 10
 2 2 2 1 1 2 2 2 1 1 1 1 1 1 3 3 2 2 7 8 8 10 34 34 27 27 22 15 15 14 19 19 18 18 14 14 14 10 9 9 12 12 10 10 10 10
 1 1 1 1 1 2 2 2 1 1 2 1 1 2 1 1 3 3 6 7 7 15 16 16 18 18 20 15 15 13 17 17 17 17 13 11 11 11 11 11 11 11 10 13 13 13
 1 1 1 1 1 2 2 2 1 1 2 1 1 2 1 1 3 3 6 7 7 15 16 16 18 18 20 15 15 13 17 17 17 17 13 11 11 11 11 11 11 11 10 13 13 13
 1 1 1 1 1 1 1 1 1 1 2 1 1 2 1 1 3 3 4 6 6 12 16 16 18 18 19 14 14 11 13 13 16 16 12 11 11 11 12 12 11 11 11 14 14 12
 1 1 1 1 1 1 1 1 1 1 1 1 1 1 1 1 3 3 3 5 5 10 11 11 18 18 15 14 14 11 13 13 14 14 14 12 12 11 12 12 11 11 11 12 12 13
 1 1 1 1 1 1 1 1 1 1 1 1 1 1 1 1 3 3 3 5 5 10 11 11 18 18 15 14 14 11 13 13 14 14 14 12 12 11 12 12 11 11 11 12 12 13
 1 1 1 1 1 1 1 1 1 1 2 1 1 1 1 1 1 1 2 4 4 8 10 10 14 14 15 16 16 11 11 11 14 14 12 11 11 14 14 14 14 14 13 12 12 14
 1 1 1 1 1 1 1 1 1 1 1 2 2 1 1 1 1 1 2 4 4 9 9 9 8 8 13 16 16 13 9 9 8 8 11 9 9 11 11 11 11 11 12 13 13 14
 1 1 1 1 1 1 1 1 1 1 1 2 2 1 1 1 1 1 2 4 4 9 9 9 8 8 13 16 16 13 9 9 8 8 11 9 9 11 11 11 11 11 12 13 13 14
 1 1 1 1 1 1 1 1 2 2 1 2 2 1 1 1 1 1 2 5 5 11 13 13 10 10 11 13 13 11 11 11 9 9 9 9 9 11 9 9 10 10 12 13 13 11
 1 1 1 1 1 1 1 1 2 2 1 2 2 1 1 1 1 1 2 5 5 11 13 13 10 10 11 13 13 11 11 11 9 9 9 9 9 11 9 9 10 10 12 13 13 11
 1 1 1 1 1 1 1 1 1 1 1 2 2 1 1 1 1 1 1 3 3 10 11 11 12 12 11 6 6 6 11 11 7 7 6 8 8 9 11 11 13 13 13 12 12 11
 1 1 1 1 1 1 1 1 2 2 1 2 2 2 2 2 2 2 2 4 4 9 10 10 10 10 11 7 7 7 8 8 10 10 5 6 6 9 13 13 13 13 12 11 11 10
 1 1 1 1 1 1 1 1 2 2 1 2 2 2 2 2 2 2 2 4 4 9 10 10 10 10 11 7 7 7 8 8 10 10 5 6 6 9 13 13 13 13 12 11 11 10
 1 1 1 1 1 1 0 0 1 1 1 1 1 2 2 2 2 2 3 4 4 5 7 7 10 10 10 5 5 5 7 7 8 8 7 4 4 7 11 11 13 13 13 10 10 8
 1 1 1 1 1 1 0 0 1 1 1 1 1 2 2 2 3 3 5 6 6 5 7 7 8 8 11 7 7 7 8 8 9 9 8 8 8 6 10 10 12 12 16 12 12 11
 1 1 1 1 1 1 0 0 1 1 1 1 1 2 2 2 3 3 5 6 6 5 7 7 8 8 11 7 7 7 8 8 9 9 8 8 8 6 10 10 12 12 16 12 12 11
 0 0 1 1 1 1 0 0 0 0 1 1 1 4 2 2 4 4 4 5 5 4 8 8 10 10 11 9 9 8 7 7 7 7 11 8 8 6 6 6 10 10 9 10 10 10
 0 0 1 1 1 1 0 0 0 0 1 1 1 4 2 2 4 4 4 5 5 4 8 8 10 10 11 9 9 8 7 7 7 7 11 8 8 6 6 6 10 10 9 10 10 10
 0 0 1 1 1 1 1 1 1 1 2 2 2 4 4 4 4 4 3 4 4 4 4 4 6 6 10 11 11 12 8 8 7 7 10 9 9 9 2 2 3 3 9 6 6 7
 1 1 1 2 2 2 2 2 3 3 2 3 3 4 3 3 5 5 3 3 3 3 3 3 4 4 10 10 10 13 10 10 8 8 6 6 6 6 6 6 5 5 4 4 4 5
 1 1 1 2 2 2 2 2 3 3 2 3 3 4 3 3 5 5 3 3 3 3 3 3 4 4 10 10 10 13 10 10 8 8 6 6 6 6 6 6 5 5 4 4 4 5
 1 1 2 2 2 3 3 3 2 2 2 3 3 3 3 3 3 3 2 2 2 2 3 3 4 4 8 8 8 10 9 9 9 9 6 10 10 7 7 7 6 6 6 8 8 4
 1 1 2 2 2 3 2 2 2 2 2 3 3 2 1 1 2 2 2 1 1 2 3 3 4 4 6 8 8 8 8 8 8 8 4 6 6 2 1 1 4 4 5 5 5 6
