assets/RAT_results/precipitation/2020-07-28_IMERG.asc
ncols        46
nrows        77
xllcorner    74.800261325624
yllcorner    8.058333333333
cellsize     0.062500000000
NODATA_value -9999
 5 5 2 2 2 1 2 2 9 9 14 13 13 11 1 1 2 2 0 0 0 0 0 0 0 0 0 0 0 0 0 0 0 0 0 0 0 1 1 1 0 0 0 0 0 0
 7 7 4 2 2 3 2 2 10 10 15 17 17 14 9 9 7 7 1 1 1 1 1 1 1 1 6 6 6 1 1 1 0 0 0 0 0 1 1 1 0 0 1 0 0 0
 7 7 4 2 2 3 2 2 10 10 15 17 17 14 9 9 7 7 1 1 1 1 1 1 1 1 6 6 6 1 1 1 0 0 0 0 0 1 1 1 0 0 1 0 0 0
 8 8 5 3 3 4 4 4 7 7 11 17 17 20 20 20 9 9 2 2 2 2 2 2 5 5 6 6 6 16 13 13 13 13 4 2 2 1 1 1 1 1 2 1 1 0
 19 19 10 7 7 8 6 6 7 7 4 10 10 15 13 13 3 3 2 2 2 6 7 7 17 17 19 20 20 26 13 13 13 13 2 1 1 2 2 2 3 3 4 4 4 5
 19 19 10 7 7 8 6 6 7 7 4 10 10 15 13 13 3 3 2 2 2 6 7 7 17 17 19 20 20 26 13 13 13 13 2 1 1 2 2 2 3 3 4 4 4 5
 27 27 16 11 11 9 6 6 4 4 5 5 5 4 3 3 5 5 4 6 6 6 8 8 10 10 19 27 27 27 7 7 8 8 2 3 3 4 3 3 5 5 6 6 6 10
 27 27 16 11 11 9 6 6 4 4 5 5 5 4 3 3 5 5 4 6 6 6 8 8 10 10 19 27 27 27 7 7 8 8 2 3 3 4 3 3 5 5 6 6 6 10
 8 8 8 7 7 6 6 6 4 4 4 3 3 5 4 4 5 5 5 7 7 7 22 22 22 22 27 27 27 28 11 11 10 10 4 6 6 6 5 5 9 9 9 18 18 25
 5 5 3 6 6 3 4 4 3 3 6 13 13 13 4 4 3 3 3 7 7 7 8 8 11 11 13 15 15 15 16 16 10 10 7 7 7 8 8 8 12 12 15 23 23 25
 5 5 3 6 6 3 4 4 3 3 6 13 13 13 4 4 3 3 3 7 7 7 8 8 11 11 13 15 15 15 16 16 10 10 7 7 7 8 8 8 12 12 15 23 23 25
 2 2 2 1 1 11 6 6 5 5 5 4 4 13 2 2 2 2 2 2 2 3 3 3 11 11 14 15 15 13 12 12 9 9 9 8 8 7 7 7 15 15 14 32 32 37
 1 1 3 10 10 13 7 7 14 14 4 4 4 12 2 2 4 4 2 2 2 3 3 3 6 6 7 12 12 12 12 12 9 9 5 8 8 8 15 15 16 16 16 37 37 45
 1 1 3 10 10 13 7 7 14 14 4 4 4 12 2 2 4 4 2 2 2 3 3 3 6 6 7 12 12 12 12 12 9 9 5 8 8 8 15 15 16 16 16 37 37 45
 9 9 5 6 6 20 15 15 16 16 20 5 5 7 5 5 5 5 2 2 2 3 3 3 10 10 5 6 6 6 8 8 6 6 8 7 7 8 14 14 15 15 17 39 39 39
 9 9 5 6 6 20 15 15 16 16 20 5 5 7 5 5 5 5 2 2 2 3 3 3 10 10 5 6 6 6 8 8 6 6 8 7 7 8 14 14 15 15 17 39 39 39
 10 10 11 6 6 19 18 18 19 19 21 8 8 6 4 4 3 3 3 3 3 6 6 6 5 5 4 6 6 8 6 6 3 3 6 8 8 8 13 13 15 15 14 38 38 38
 20 20 17 16 16 18 18 18 18 18 21 8 8 10 9 9 9 9 3 3 3 6 3 3 3 3 2 1 1 3 3 3 3 3 6 9 9 10 38 38 16 16 18 16 16 35
 20 20 17 16 16 18 18 18 18 18 21 8 8 10 9 9 9 9 3 3 3 6 3 3 3 3 2 1 1 3 3 3 3 3 6 9 9 10 38 38 16 16 18 16 16 35
 20 20 15 15 15 16 6 6 25 25 26 12 12 7 2 2 7 7 7 4 4 2 4 4 7 7 2 2 2 3 4 4 9 9 7 9 9 11 35 35 50 50 21 21 21 35
 26 26 20 18 18 8 9 9 13 13 13 15 15 11 5 5 5 5 10 4 4 4 7 7 8 8 6 2 2 3 5 5 5 5 6 14 14 18 46 46 50 50 19 19 19 16
 26 26 20 18 18 8 9 9 13 13 13 15 15 11 5 5 5 5 10 4 4 4 7 7 8 8 6 2 2 3 5 5 5 5 6 14 14 18 46 46 50 50 19 19 19 16
 21 21 22 19 19 11 10 10 8 8 13 6 6 25 24 24 19 19 18 18 18 23 9 9 1 1 1 2 2 2 4 4 6 6 7 5 5 8 9 9 9 9 7 8 8 14
 21 21 22 19 19 11 10 10 8 8 13 6 6 25 24 24 19 19 18 18 18 23 9 9 1 1 1 2 2 2 4 4 6 6 7 5 5 8 9 9 9 9 7 8 8 14
 20 20 16 15 15 13 8 8 6 6 8 10 10 32 30 30 20 20 38 13 13 19 7 7 5 5 3 2 2 1 1 1 2 2 2 5 5 9 10 10 13 13 9 8 8 12
 10 10 9 11 11 12 8 8 7 7 22 26 26 44 39 39 35 35 34 7 7 9 7 7 14 14 11 5 5 6 1 1 4 4 6 9 9 5 7 7 10 10 7 7 7 15
 10 10 9 11 11 12 8 8 7 7 22 26 26 44 39 39 35 35 34 7 7 9 7 7 14 14 11 5 5 6 1 1 4 4 6 9 9 5 7 7 10 10 7 7 7 15
 14 14 12 12 12 13 16 16 17 17 23 25 25 46 34 34 25 25 24 22 22 18 20 20 14 14 14 2 2 2 2 2 2 2 2 2 2 3 2 2 3 3 5 6 6 20
 10 10 10 12 12 14 16 16 24 24 32 37 37 31 25 25 23 23 22 22 22 12 14 14 8 8 6 2 2 3 1 1 1 1 1 1 1 1 1 1 3 3 3 6 6 7
 10 10 10 12 12 14 16 16 24 24 32 37 37 31 25 25 23 23 22 22 22 12 14 14 8 8 6 2 2 3 1 1 1 1 1 1 1 1 1 1 3 3 3 6 6 7
 11 11 11 13 13 12 17 17 28 28 11 36 36 25 18 18 20 20 26 22 22 13 10 10 1 1 1 2 2 5 1 1 1 1 1 1 1 1 2 2 3 3 3 4 4 6
 11 11 11 13 13 12 17 17 28 28 11 36 36 25 18 18 20 20 26 22 22 13 10 10 1 1 1 2 2 5 1 1 1 1 1 1 1 1 2 2 3 3 3 4 4 6
 10 10 10 16 16 15 22 22 18 18 20 29 29 28 18 18 22 22 12 10 10 3 1 1 2 2 1 1 1 1 1 1 1 1 1 1 1 1 2 2 3 3 4 5 5 6
 10 10 10 15 15 18 27 27 26 26 22 17 17 15 16 16 12 12 19 17 17 7 5 5 4 4 3 2 2 1 1 1 1 1 1 1 1 1 2 2 2 2 4 5 5 5
 10 10 10 15 15 18 27 27 26 26 22 17 17 15 16 16 12 12 19 17 17 7 5 5 4 4 3 2 2 1 1 1 1 1 1 1 1 1 2 2 2 2 4 5 5 5
 15 15 18 18 18 22 29 29 24 24 22 17 17 16 13 13 7 7 13 12 12 6 5 5 4 4 3 5 5 2 0 0 0 0 1 1 1 1 1 1 3 3 3 3 3 4
 23 23 25 22 22 29 37 37 37 37 24 22 22 18 15 15 10 10 11 11 11 6 4 4 4 4 3 4 4 2 1 1 1 1 1 1 1 1 1 1 1 1 2 3 3 3
 23 23 25 22 22 29 37 37 37 37 24 22 22 18 15 15 10 10 11 11 11 6 4 4 4 4 3 4 4 2 1 1 1 1 1 1 1 1 1 1 1 1 2 3 3 3
 27 27 26 19 19 28 38 38 39 39 28 22 22 22 20 20 16 16 16 15 15 9 6 6 5 5 8 3 3 3 1 1 1 1 1 1 1 1 1 1 2 2 2 3 3 3
 27 27 26 19 19 28 38 38 39 39 28 22 22 22 20 20 16 16 16 15 15 9 6 6 5 5 8 3 3 3 1 1 1 1 1 1 1 1 1 1 2 2 2 3 3 3
 38 38 36 21 21 28 34 34 31 31 25 22 22 21 16 16 17 17 15 16 16 16 11 11 9 9 9 8 8 4 2 2 2 2 1 1 1 1 2 2 2 2 3 3 3 3
 42 42 36 35 35 23 22 22 25 25 23 20 20 17 15 15 17 17 17 9 9 18 14 14 8 8 8 7 7 3 5 5 3 3 2 2 2 2 2 2 3 3 4 3 3 3
 42 42 36 35 35 23 22 22 25 25 23 20 20 17 15 15 17 17 17 9 9 18 14 14 8 8 8 7 7 3 5 5 3 3 2 2 2 2 2 2 3 3 4 3 3 3
 45 45 35 32 32 25 21 21 21 21 20 16 16 16 13 13 13 13 14 10 10 23 22 22 19 19 13 11 11 3 5 5 3 3 3 3 3 2 3 3 3 3 3 1 1 2
 45 45 33 29 29 22 13 13 11 11 10 16 16 16 14 14 13 13 11 10 10 13 24 24 34 34 19 12 12 10 16 16 4 4 1 1 1 1 1 1 2 2 1 1 1 1
 45 45 33 29 29 22 13 13 11 11 10 16 16 16 14 14 13 13 11 10 10 13 24 24 34 34 19 12 12 10 16 16 4 4 1 1 1 1 1 1 2 2 1 1 1 1
 45 45 35 28 28 25 13 13 12 12 11 9 9 9 12 12 12 12 12 11 11 14 14 14 35 35 52 62 62 43 40 40 8 8 3 1 1 1 1 1 1 1 1 1 1 1
 45 45 35 28 28 25 13 13 12 12 11 9 9 9 12 12 12 12 12 11 11 14 14 14 35 35 52 62 62 43 40 40 8 8 3 1 1 1 1 1 1 1 1 1 1 1
 27 27 28 28 28 25 12 12 11 11 10 10 10 13 16 16 13 13 16 15 15 14 15 15 28 28 21 66 66 43 35 35 7 7 2 1 1 1 1 1 1 1 1 1 1 1
 31 31 28 35 35 30 34 34 34 34 12 12 12 15 16 16 13 13 16 15 15 26 17 17 27 27 21 23 23 26 12 12 5 5 4 1 1 1 1 1 1 1 1 1 1 1
 31 31 28 35 35 30 34 34 34 34 12 12 12 15 16 16 13 13 16 15 15 26 17 17 27 27 21 23 23 26 12 12 5 5 4 1 1 1 1 1 1 1 1 1 1 1
 21 21 15 20 20 16 32 32 35 35 14 15 15 15 12 12 13 13 12 13 13 26 27 27 30 30 25 30 30 28 12 12 10 10 4 1 1 1 1 1 2 2 1 1 1 1
 18 18 12 11 11 14 14 14 20 20 15 15 15 12 10 10 10 10 11 13 13 16 35 35 35 35 29 26 26 27 22 22 13 13 6 2 2 2 2 2 1 1 1 1 1 1
 18 18 12 11 11 14 14 14 20 20 15 15 15 12 10 10 10 10 11 13 13 16 35 35 35 35 29 26 26 27 22 22 13 13 6 2 2 2 2 2 1 1 1 1 1 1
 11 11 11 10 10 11 13 13 19 19 13 13 13 11 10 10 7 7 8 8 8 14 30 30 34 34 32 33 33 31 23 23 16 16 10 7 7 4 4 4 1 1 1 1 1 2
 11 11 11 10 10 11 13 13 19 19 13 13 13 11 10 10 7 7 8 8 8 14 30 30 34 34 32 33 33 31 23 23 16 16 10 7 7 4 4 4 1 1 1 1 1 2
 16 16 19 14 14 20 21 21 16 16 13 12 12 11 6 6 7 7 7 7 7 10 11 11 22 22 21 28 28 25 19 19 21 21 11 11 11 7 5 5 3 3 2 2 2 2
 18 18 20 27 27 34 21 21 16 16 17 13 13 11 7 7 8 8 8 9 9 12 17 17 20 20 29 23 23 21 17 17 16 16 14 15 15 9 8 8 5 5 2 2 2 2
 18 18 20 27 27 34 21 21 16 16 17 13 13 11 7 7 8 8 8 9 9 12 17 17 20 20 29 23 23 21 17 17 16 16 14 15 15 9 8 8 5 5 2 2 2 2
 18 18 22 26 26 25 19 19 16 16 14 8 8 10 11 11 16 16 10 11 11 13 14 14 16 16 23 21 21 19 19 19 18 18 18 15 15 12 8 8 5 5 2 2 2 2
 20 20 26 31 31 27 20 20 15 15 10 7 7 8 10 10 13 13 18 18 18 11 11 11 15 15 13 18 18 19 21 21 19 19 20 18 18 9 10 10 7 7 3 2 2 2
 20 20 26 31 31 27 20 20 15 15 10 7 7 8 10 10 13 13 18 18 18 11 11 11 15 15 13 18 18 19 21 21 19 19 20 18 18 9 10 10 7 7 3 2 2 2
 18 18 17 19 19 17 18 18 13 13 9 8 8 9 14 14 12 12 9 19 19 12 10 10 13 13 17 17 17 21 19 19 16 16 19 17 17 10 7 7 6 6 5 3 3 2
 18 18 17 19 19 17 18 18 13 13 9 8 8 9 14 14 12 12 9 19 19 12 10 10 13 13 17 17 17 21 19 19 16 16 19 17 17 10 7 7 6 6 5 3 3 2
 19 19 15 14 14 16 15 15 12 12 10 7 7 8 9 9 10 10 17 15 15 8 8 8 13 13 13 9 9 19 21 21 17 17 15 14 14 10 9 9 4 4 6 4 4 2
 15 15 13 12 12 11 9 9 12 12 7 6 6 5 9 9 8 8 5 4 4 4 5 5 10 10 11 7 7 13 17 17 13 13 12 10 10 10 10 10 6 6 7 4 4 3
 15 15 13 12 12 11 9 9 12 12 7 6 6 5 9 9 8 8 5 4 4 4 5 5 10 10 11 7 7 13 17 17 13 13 12 10 10 10 10 10 6 6 7 4 4 3
 10 10 10 10 10 10 12 12 13 13 12 14 14 8 7 7 7 7 7 6 6 6 6 6 3 3 6 7 7 6 11 11 14 14 13 11 11 11 12 12 5 5 3 2 2 2
 10 10 8 7 7 9 15 15 17 17 15 12 12 14 11 11 16 16 10 9 9 10 6 6 6 6 4 5 5 5 5 5 11 11 11 13 13 14 10 10 8 8 7 2 2 1
 10 10 8 7 7 9 15 15 17 17 15 12 12 14 11 11 16 16 10 9 9 10 6 6 6 6 4 5 5 5 5 5 11 11 11 13 13 14 10 10 8 8 7 2 2 1
 7 7 7 7 7 10 12 12 14 14 13 15 15 16 14 14 16 16 13 14 14 14 9 9 7 7 5 4 4 4 5 5 7 7 14 16 16 13 11 11 11 11 6 2 2 2
 7 7 7 7 7 10 12 12 14 14 13 15 15 16 14 14 16 16 13 14 14 14 9 9 7 7 5 4 4 4 5 5 7 7 14 16 16 13 11 11 11 11 6 2 2 2
 14 14 13 8 8 9 11 11 13 13 13 18 18 20 25 25 22 22 21 17 17 14 10 10 9 9 8 5 5 5 4 4 7 7 11 15 15 14 14 14 14 14 10 7 7 2
 13 13 14 9 9 15 13 13 15 15 16 18 18 21 24 24 22 22 21 22 22 19 6 6 7 7 5 5 5 4 5 5 6 6 8 9 9 14 14 14 12 12 7 5 5 2
 13 13 14 9 9 15 13 13 15 15 16 18 18 21 24 24 22 22 21 22 22 19 6 6 7 7 5 5 5 4 5 5 6 6 8 9 9 14 14 14 12 12 7 5 5 2
 19 19 18 14 14 14 12 12 16 16 17 20 20 21 23 23 24 24 22 21 21 18 7 7 5 5 4 5 5 4 5 5 6 6 6 9 9 9 10 10 10 10 7 6 6 1
 13 13 13 12 12 13 11 11 12 12 17 18 18 21 21 21 20 20 19 19 19 15 9 9 8 8 4 3 3 4 6 6 5 5 8 12 12 12 12 12 10 10 11 3 3 1
