assets/RAT_results/precipitation/2020-04-05_IMERG.asc
ncols        46
nrows        77
xllcorner    74.800261325624
yllcorner    8.058333333333
cellsize     0.062500000000
NODATA_value -9999
 0 0 0 0 0 0 0 0 0 0 5 15 15 22 27 27 26 26 29 28 28 25 24 24 21 21 16 13 13 9 15 15 18 18 11 13 13 20 16 16 16 16 3 4 4 5
 0 0 0 0 0 0 0 0 0 0 2 7 7 17 21 21 21 21 16 19 19 16 18 18 16 16 14 12 12 8 6 6 9 9 8 10 10 19 14 14 15 15 3 1 1 2
 0 0 0 0 0 0 0 0 0 0 2 7 7 17 21 21 21 21 16 19 19 16 18 18 16 16 14 12 12 8 6 6 9 9 8 10 10 19 14 14 15 15 3 1 1 2
 0 0 0 0 0 0 0 0 0 0 1 9 9 25 40 40 21 21 13 12 12 11 14 14 15 15 14 10 10 9 4 4 8 8 6 0 0 1 1 1 2 2 2 4 4 6
 0 0 0 0 0 0 0 0 0 0 4 22 22 22 54 54 11 11 13 6 6 5 9 9 9 9 8 7 7 7 3 3 2 2 1 0 0 1 2 2 2 2 2 2 2 2
 0 0 0 0 0 0 0 0 0 0 4 22 22 22 54 54 11 11 13 6 6 5 9 9 9 9 8 7 7 7 3 3 2 2 1 0 0 1 2 2 2 2 2 2 2 2
 0 0 0 0 0 0 0 0 0 0 4 22 22 15 8 8 13 13 14 5 5 5 8 8 8 8 7 5 5 5 2 2 2 2 1 0 0 1 1 1 2 2 2 1 1 0
 0 0 0 0 0 0 0 0 0 0 4 22 22 15 8 8 13 13 14 5 5 5 8 8 8 8 7 5 5 5 2 2 2 2 1 0 0 1 1 1 2 2 2 1 1 0
 0 0 0 0 0 0 0 0 0 0 3 20 20 21 11 11 8 8 3 3 3 3 2 2 1 1 0 0 0 6 2 2 2 2 2 3 3 4 4 4 3 3 2 1 1 0
 0 0 1 0 0 0 0 0 0 0 0 19 19 19 21 21 1 1 1 1 1 1 0 0 0 0 1 1 1 2 3 3 3 3 5 6 6 7 6 6 4 4 3 2 2 0
 0 0 1 0 0 0 0 0 0 0 0 19 19 19 21 21 1 1 1 1 1 1 0 0 0 0 1 1 1 2 3 3 3 3 5 6 6 7 6 6 4 4 3 2 2 0
 0 0 0 1 1 1 0 0 0 0 0 0 0 4 0 0 0 0 0 0 0 0 3 3 0 0 1 3 3 5 6 6 7 7 8 9 9 10 9 9 5 5 2 1 1 0
 0 0 1 2 2 1 1 1 0 0 0 0 0 0 1 1 0 0 0 1 1 3 3 3 10 10 8 6 6 9 11 11 11 11 12 10 10 9 8 8 5 5 2 1 1 0
 0 0 1 2 2 1 1 1 0 0 0 0 0 0 1 1 0 0 0 1 1 3 3 3 10 10 8 6 6 9 11 11 11 11 12 10 10 9 8 8 5 5 2 1 1 0
 0 0 1 4 4 3 3 3 3 3 2 1 1 2 3 3 3 3 3 11 11 13 26 26 17 17 8 10 10 11 14 14 12 12 11 8 8 8 6 6 3 3 1 0 0 0
 0 0 1 4 4 3 3 3 3 3 2 1 1 2 3 3 3 3 3 11 11 13 26 26 17 17 8 10 10 11 14 14 12 12 11 8 8 8 6 6 3 3 1 0 0 0
 0 0 1 2 2 4 5 5 7 7 5 9 9 16 18 18 19 19 17 14 14 19 27 27 10 10 11 11 11 12 13 13 11 11 10 7 7 6 4 4 2 2 1 1 1 1
 0 0 2 4 4 6 15 15 16 16 15 14 14 17 18 18 21 21 21 23 23 27 22 22 15 15 9 11 11 11 10 10 9 9 8 6 6 5 4 4 2 2 1 1 1 1
 0 0 2 4 4 6 15 15 16 16 15 14 14 17 18 18 21 21 21 23 23 27 22 22 15 15 9 11 11 11 10 10 9 9 8 6 6 5 4 4 2 2 1 1 1 1
 0 0 2 4 4 4 13 13 33 33 48 48 48 46 49 49 23 23 25 25 25 17 18 18 14 14 9 10 10 10 9 9 9 9 8 6 6 4 3 3 1 1 1 1 1 1
 0 0 1 2 2 3 3 3 25 25 47 47 47 50 60 60 41 41 26 26 26 19 19 19 19 19 11 9 9 9 10 10 9 9 10 8 8 8 3 3 2 2 1 1 1 2
 0 0 1 2 2 3 3 3 25 25 47 47 47 50 60 60 41 41 26 26 26 19 19 19 19 19 11 9 9 9 10 10 9 9 10 8 8 8 3 3 2 2 1 1 1 2
 0 0 0 1 1 1 2 2 64 64 129 127 127 52 55 55 59 59 19 25 25 23 32 32 18 18 12 10 10 16 7 7 8 8 8 7 7 6 4 4 2 2 1 2 2 2
 0 0 0 1 1 1 2 2 64 64 129 127 127 52 55 55 59 59 19 25 25 23 32 32 18 18 12 10 10 16 7 7 8 8 8 7 7 6 4 4 2 2 1 2 2 2
 0 0 0 1 1 1 1 1 63 63 85 87 87 30 30 30 30 30 13 20 20 22 20 20 28 28 7 7 7 8 5 5 6 6 6 7 7 6 4 4 3 3 2 2 2 1
 0 0 1 1 1 1 1 1 3 3 25 29 29 39 30 30 18 18 13 27 27 39 28 28 23 23 9 5 5 5 5 5 5 5 7 6 6 5 4 4 3 3 2 2 2 1
 0 0 1 1 1 1 1 1 3 3 25 29 29 39 30 30 18 18 13 27 27 39 28 28 23 23 9 5 5 5 5 5 5 5 7 6 6 5 4 4 3 3 2 2 2 1
 1 1 2 11 11 2 1 1 1 1 2 3 3 3 16 16 18 18 12 9 9 32 21 21 16 16 7 4 4 4 4 4 5 5 5 5 5 5 5 5 4 4 4 3 3 2
 2 2 3 12 12 11 31 31 26 26 27 2 2 5 20 20 22 22 22 8 8 18 21 21 13 13 23 24 24 4 4 4 5 5 6 6 6 6 6 6 6 6 5 4 4 3
 2 2 3 12 12 11 31 31 26 26 27 2 2 5 20 20 22 22 22 8 8 18 21 21 13 13 23 24 24 4 4 4 5 5 6 6 6 6 6 6 6 6 5 4 4 3
 7 7 5 5 5 34 34 34 26 26 26 3 3 3 19 19 22 22 2 1 1 6 29 29 25 25 20 34 34 9 4 4 5 5 10 7 7 8 8 8 7 7 6 5 5 3
 7 7 5 5 5 34 34 34 26 26 26 3 3 3 19 19 22 22 2 1 1 6 29 29 25 25 20 34 34 9 4 4 5 5 10 7 7 8 8 8 7 7 6 5 5 3
 7 7 11 13 13 37 37 37 29 29 17 18 18 5 0 0 1 1 1 0 0 1 7 7 7 7 8 12 12 16 8 8 11 11 8 10 10 9 8 8 9 9 7 6 6 4
 14 14 14 12 12 7 5 5 5 5 16 18 18 5 0 0 0 0 1 0 0 0 1 1 4 4 5 13 13 8 6 6 12 12 13 14 14 14 10 10 10 10 7 6 6 4
 14 14 14 12 12 7 5 5 5 5 16 18 18 5 0 0 0 0 1 0 0 0 1 1 4 4 5 13 13 8 6 6 12 12 13 14 14 14 10 10 10 10 7 6 6 4
 14 14 16 11 11 7 8 8 7 7 17 16 16 3 0 0 0 0 0 0 0 0 2 2 4 4 10 8 8 11 13 13 12 12 14 13 13 13 10 10 11 11 6 6 6 4
 18 18 20 15 15 9 11 11 9 9 5 4 4 3 1 1 0 0 0 0 0 1 7 7 11 11 15 12 12 16 12 12 14 14 14 13 13 19 9 9 13 13 6 6 6 4
 18 18 20 15 15 9 11 11 9 9 5 4 4 3 1 1 0 0 0 0 0 1 7 7 11 11 15 12 12 16 12 12 14 14 14 13 13 19 9 9 13 13 6 6 6 4
 23 23 25 10 10 11 10 10 8 8 5 3 3 2 1 1 1 1 6 7 7 5 9 9 18 18 15 18 18 22 16 16 14 14 16 18 18 18 23 23 16 16 15 8 8 6
 23 23 25 10 10 11 10 10 8 8 5 3 3 2 1 1 1 1 6 7 7 5 9 9 18 18 15 18 18 22 16 16 14 14 16 18 18 18 23 23 16 16 15 8 8 6
 21 21 23 12 12 10 8 8 3 3 2 1 1 1 1 1 1 1 6 7 7 8 21 21 25 25 16 17 17 26 13 13 15 15 26 28 28 80 29 29 45 45 31 12 12 7
 23 23 17 6 6 6 6 6 2 2 1 0 0 0 1 1 10 10 20 20 20 18 20 20 40 40 16 20 20 20 55 55 16 16 21 37 37 57 39 39 28 28 35 13 13 8
 23 23 17 6 6 6 6 6 2 2 1 0 0 0 1 1 10 10 20 20 20 18 20 20 40 40 16 20 20 20 55 55 16 16 21 37 37 57 39 39 28 28 35 13 13 8
 20 20 16 4 4 7 3 3 2 2 6 7 7 10 10 10 10 10 23 23 23 26 22 22 43 43 31 24 24 25 20 20 20 20 17 36 36 44 36 36 26 26 33 10 10 6
 6 6 4 1 1 1 1 1 6 6 6 20 20 23 28 28 29 29 26 26 26 26 21 21 23 23 30 28 28 19 20 20 29 29 19 18 18 29 31 31 30 30 23 18 18 8
 6 6 4 1 1 1 1 1 6 6 6 20 20 23 28 28 29 29 26 26 26 26 21 21 23 23 30 28 28 19 20 20 29 29 19 18 18 29 31 31 30 30 23 18 18 8
 3 3 1 1 1 1 1 1 15 15 23 33 33 35 28 28 37 37 41 28 28 35 23 23 31 31 106 28 28 23 26 26 32 32 21 22 22 36 32 32 26 26 22 11 11 11
 3 3 1 1 1 1 1 1 15 15 23 33 33 35 28 28 37 37 41 28 28 35 23 23 31 31 106 28 28 23 26 26 32 32 21 22 22 36 32 32 26 26 22 11 11 11
 2 2 12 12 12 16 16 16 33 33 41 63 63 65 50 50 49 49 48 29 29 41 48 48 51 51 52 26 26 30 37 37 24 24 20 36 36 41 30 30 25 25 18 9 9 5
 16 16 16 28 28 67 68 68 70 70 74 69 69 67 57 57 44 44 44 38 38 40 42 42 51 51 111 48 48 39 27 27 39 39 35 40 40 37 33 33 28 28 15 5 5 6
 16 16 16 28 28 67 68 68 70 70 74 69 69 67 57 57 44 44 44 38 38 40 42 42 51 51 111 48 48 39 27 27 39 39 35 40 40 37 33 33 28 28 15 5 5 6
 22 22 26 25 25 89 90 90 93 93 93 70 70 68 47 47 45 45 47 35 35 36 50 50 98 98 55 87 87 45 23 23 34 34 37 74 74 37 27 27 15 15 16 7 7 3
 17 17 30 65 65 96 97 97 101 101 112 92 92 83 84 84 49 49 50 43 43 38 72 72 35 35 38 36 36 33 30 30 40 40 38 43 43 45 40 40 25 25 11 4 4 3
 17 17 30 65 65 96 97 97 101 101 112 92 92 83 84 84 49 49 50 43 43 38 72 72 35 35 38 36 36 33 30 30 40 40 38 43 43 45 40 40 25 25 11 4 4 3
 38 38 66 73 73 100 111 111 112 112 118 100 100 86 84 84 51 51 51 44 44 34 37 37 35 35 36 38 38 34 26 26 28 28 28 39 39 42 36 36 13 13 5 2 2 2
 38 38 66 73 73 100 111 111 112 112 118 100 100 86 84 84 51 51 51 44 44 34 37 37 35 35 36 38 38 34 26 26 28 28 28 39 39 42 36 36 13 13 5 2 2 2
 6 6 39 44 44 73 110 110 113 113 119 100 100 87 83 83 49 49 50 45 45 32 31 31 27 27 18 22 22 26 30 30 31 31 24 35 35 40 29 29 8 8 2 1 1 8
 10 10 36 45 45 49 111 111 114 114 117 93 93 82 78 78 33 33 37 38 38 31 30 30 18 18 12 25 25 24 30 30 44 44 46 27 27 24 21 21 17 17 6 5 5 12
 10 10 36 45 45 49 111 111 114 114 117 93 93 82 78 78 33 33 37 38 38 31 30 30 18 18 12 25 25 24 30 30 44 44 46 27 27 24 21 21 17 17 6 5 5 12
 10 10 25 46 46 52 105 105 108 108 94 80 80 72 69 69 68 68 32 31 31 22 16 16 16 16 13 24 24 21 35 35 37 37 48 22 22 16 25 25 11 11 5 9 9 8
 41 41 59 61 61 62 67 67 85 85 68 60 60 45 45 45 45 45 30 31 31 18 12 12 4 4 5 17 17 21 20 20 37 37 40 29 29 17 20 20 7 7 12 16 16 3
 41 41 59 61 61 62 67 67 85 85 68 60 60 45 45 45 45 45 30 31 31 18 12 12 4 4 5 17 17 21 20 20 37 37 40 29 29 17 20 20 7 7 12 16 16 3
 67 67 62 60 60 58 39 39 38 38 44 43 43 44 35 35 34 34 18 18 18 18 3 3 3 3 2 15 15 16 20 20 28 28 28 25 25 18 5 5 5 5 12 8 8 2
 67 67 62 60 60 58 39 39 38 38 44 43 43 44 35 35 34 34 18 18 18 18 3 3 3 3 2 15 15 16 20 20 28 28 28 25 25 18 5 5 5 5 12 8 8 2
 81 81 47 60 60 46 28 28 25 25 26 14 14 21 25 25 24 24 16 14 14 15 2 2 2 2 1 15 15 14 26 26 28 28 22 11 11 28 31 31 11 11 9 5 5 7
 71 71 52 63 63 44 34 34 11 11 13 17 17 14 12 12 11 11 11 3 3 3 3 3 1 1 0 1 1 16 70 70 53 53 24 40 40 33 32 32 17 17 6 9 9 19
 71 71 52 63 63 44 34 34 11 11 13 17 17 14 12 12 11 11 11 3 3 3 3 3 1 1 0 1 1 16 70 70 53 53 24 40 40 33 32 32 17 17 6 9 9 19
 54 54 46 50 50 21 18 18 3 3 13 16 16 15 12 12 13 13 12 2 2 1 1 1 1 1 1 3 3 12 15 15 60 60 75 28 28 31 21 21 19 19 12 17 17 16
 10 10 15 20 20 8 4 4 3 3 20 32 32 40 19 19 7 7 6 2 2 1 2 2 2 2 2 6 6 16 9 9 17 17 36 28 28 32 23 23 22 22 22 21 21 15
 10 10 15 20 20 8 4 4 3 3 20 32 32 40 19 19 7 7 6 2 2 1 2 2 2 2 2 6 6 16 9 9 17 17 36 28 28 32 23 23 22 22 22 21 21 15
 4 4 3 4 4 3 5 5 6 6 29 39 39 46 20 20 5 5 2 2 2 1 1 1 1 1 1 0 0 6 18 18 31 31 21 35 35 26 26 26 17 17 16 16 16 10
 4 4 3 4 4 3 5 5 6 6 29 39 39 46 20 20 5 5 2 2 2 1 1 1 1 1 1 0 0 6 18 18 31 31 21 35 35 26 26 26 17 17 16 16 16 10
 13 13 8 3 3 2 3 3 3 3 24 15 15 27 25 25 2 2 2 1 1 1 1 1 1 1 0 0 0 0 2 2 5 5 20 32 32 21 10 10 8 8 11 20 20 28
 11 11 8 16 16 3 3 3 2 2 3 21 21 37 23 23 3 3 3 3 3 1 0 0 0 0 0 0 0 0 4 4 3 3 3 1 1 1 12 12 11 11 2 7 7 5
 11 11 8 16 16 3 3 3 2 2 3 21 21 37 23 23 3 3 3 3 3 1 0 0 0 0 0 0 0 0 4 4 3 3 3 1 1 1 12 12 11 11 2 7 7 5
 8 8 5 17 17 34 34 34 3 3 8 12 12 27 27 27 22 22 21 17 17 2 0 0 0 0 0 0 0 1 5 5 5 5 3 1 1 1 1 1 1 1 2 1 1 0
 7 7 22 18 18 5 4 4 2 2 7 10 10 21 21 21 21 21 20 17 17 1 0 0 0 0 0 0 0 0 1 1 1 1 0 0 0 1 1 1 0 0 1 0 0 0
