assets/RAT_results/precipitation/2020-08-08_IMERG.asc
ncols        46
nrows        77
xllcorner    74.800261325624
yllcorner    8.058333333333
cellsize     0.062500000000
NODATA_value -9999
 65 65 63 50 50 42 31 31 19 19 16 9 9 7 6 6 5 5 6 2 2 1 1 1 0 0 1 2 2 1 1 1 3 3 3 5 5 6 8 8 10 10 11 11 11 9
 55 55 45 36 36 30 22 22 21 21 12 10 10 9 9 9 7 7 6 5 5 2 1 1 1 1 1 1 1 1 1 1 2 2 3 5 5 6 8 8 9 9 11 9 9 7
 55 55 45 36 36 30 22 22 21 21 12 10 10 9 9 9 7 7 6 5 5 2 1 1 1 1 1 1 1 1 1 1 2 2 3 5 5 6 8 8 9 9 11 9 9 7
 64 64 53 44 44 31 23 23 19 19 14 12 12 12 10 10 9 9 7 5 5 2 1 1 2 2 2 1 1 1 1 1 1 1 1 2 2 3 4 4 7 7 7 10 10 7
 47 47 54 46 46 39 30 30 23 23 16 17 17 15 12 12 12 12 6 4 4 3 2 2 1 1 2 2 2 2 2 2 2 2 2 2 2 1 3 3 4 4 9 5 5 5
 47 47 54 46 46 39 30 30 23 23 16 17 17 15 12 12 12 12 6 4 4 3 2 2 1 1 2 2 2 2 2 2 2 2 2 2 2 1 3 3 4 4 9 5 5 5
 55 55 56 44 44 40 34 34 31 31 23 19 19 15 15 15 10 10 6 5 5 4 3 3 2 2 2 2 2 1 2 2 3 3 3 3 3 2 1 1 3 3 3 3 3 5
 55 55 56 44 44 40 34 34 31 31 23 19 19 15 15 15 10 10 6 5 5 4 3 3 2 2 2 2 2 1 2 2 3 3 3 3 3 2 1 1 3 3 3 3 3 5
 57 57 55 57 57 58 55 55 34 34 27 22 22 15 12 12 8 8 6 6 6 4 2 2 2 2 4 3 3 3 3 3 4 4 4 3 3 3 3 3 2 2 2 1 1 1
 61 61 59 67 67 68 49 49 45 45 39 31 31 23 20 20 10 10 12 7 7 7 3 3 2 2 4 3 3 2 4 4 4 4 5 3 3 4 3 3 3 3 1 1 1 1
 61 61 59 67 67 68 49 49 45 45 39 31 31 23 20 20 10 10 12 7 7 7 3 3 2 2 4 3 3 2 4 4 4 4 5 3 3 4 3 3 3 3 1 1 1 1
 77 77 70 72 72 72 71 71 55 55 48 44 44 28 25 25 14 14 12 12 12 8 5 5 2 2 4 3 3 2 3 3 6 6 6 6 6 5 5 5 4 4 1 1 1 1
 66 66 76 80 80 80 89 89 71 71 68 51 51 50 37 37 20 20 20 10 10 6 5 5 3 3 4 4 4 5 4 4 6 6 7 7 7 7 9 9 4 4 2 3 3 3
 66 66 76 80 80 80 89 89 71 71 68 51 51 50 37 37 20 20 20 10 10 6 5 5 3 3 4 4 4 5 4 4 6 6 7 7 7 7 9 9 4 4 2 3 3 3
 58 58 107 116 116 93 87 87 99 99 82 54 54 47 48 48 52 52 31 22 22 15 5 5 5 5 6 7 7 5 4 4 6 6 8 15 15 13 11 11 6 6 5 5 5 4
 58 58 107 116 116 93 87 87 99 99 82 54 54 47 48 48 52 52 31 22 22 15 5 5 5 5 6 7 7 5 4 4 6 6 8 15 15 13 11 11 6 6 5 5 5 4
 69 69 94 109 109 105 106 106 108 108 84 78 78 61 54 54 46 46 30 22 22 15 7 7 6 6 6 7 7 5 5 5 8 8 11 20 20 15 14 14 10 10 7 7 7 6
 81 81 74 94 94 85 82 82 77 77 80 64 64 53 48 48 27 27 34 29 29 13 6 6 6 6 7 8 8 7 7 7 8 8 16 23 23 22 19 19 16 16 11 8 8 11
 81 81 74 94 94 85 82 82 77 77 80 64 64 53 48 48 27 27 34 29 29 13 6 6 6 6 7 8 8 7 7 7 8 8 16 23 23 22 19 19 16 16 11 8 8 11
 77 77 62 76 76 71 81 81 68 68 53 45 45 43 38 38 34 34 25 16 16 11 7 7 8 8 8 11 11 9 12 12 11 11 14 17 17 18 18 18 23 23 14 14 14 16
 102 102 82 69 69 51 59 59 84 84 60 57 57 49 36 36 26 26 23 15 15 12 10 10 7 7 10 11 11 10 10 10 11 11 20 22 22 20 21 21 17 17 14 15 15 18
 102 102 82 69 69 51 59 59 84 84 60 57 57 49 36 36 26 26 23 15 15 12 10 10 7 7 10 11 11 10 10 10 11 11 20 22 22 20 21 21 17 17 14 15 15 18
 88 88 95 85 85 51 45 45 63 63 81 66 66 35 39 39 25 25 22 15 15 17 11 11 13 13 9 9 9 11 12 12 16 16 17 19 19 15 16 16 15 15 11 13 13 14
 88 88 95 85 85 51 45 45 63 63 81 66 66 35 39 39 25 25 22 15 15 17 11 11 13 13 9 9 9 11 12 12 16 16 17 19 19 15 16 16 15 15 11 13 13 14
 72 72 79 74 74 48 61 61 49 49 65 66 66 47 39 39 25 25 20 12 12 14 13 13 15 15 12 11 11 19 20 20 32 32 34 29 29 13 12 12 10 10 10 12 12 12
 60 60 77 57 57 82 73 73 53 53 62 56 56 58 44 44 33 33 26 21 21 15 11 11 10 10 15 21 21 25 33 33 32 32 34 16 16 12 11 11 10 10 13 10 10 10
 60 60 77 57 57 82 73 73 53 53 62 56 56 58 44 44 33 33 26 21 21 15 11 11 10 10 15 21 21 25 33 33 32 32 34 16 16 12 11 11 10 10 13 10 10 10
 43 43 66 65 65 85 75 75 60 60 59 68 68 59 60 60 49 49 29 23 23 20 17 17 18 18 19 25 25 29 24 24 20 20 25 14 14 13 12 12 12 12 13 15 15 13
 37 37 49 45 45 69 69 69 60 60 72 65 65 63 58 58 60 60 41 27 27 25 34 34 31 31 31 31 31 32 23 23 21 21 14 16 16 16 13 13 14 14 13 15 15 15
 37 37 49 45 45 69 69 69 60 60 72 65 65 63 58 58 60 60 41 27 27 25 34 34 31 31 31 31 31 32 23 23 21 21 14 16 16 16 13 13 14 14 13 15 15 15
 39 39 33 36 36 37 70 70 85 85 81 97 97 70 71 71 65 65 39 38 38 35 45 45 40 40 33 51 51 39 20 20 19 19 15 19 19 16 22 22 26 26 19 24 24 23
 39 39 33 36 36 37 70 70 85 85 81 97 97 70 71 71 65 65 39 38 38 35 45 45 40 40 33 51 51 39 20 20 19 19 15 19 19 16 22 22 26 26 19 24 24 23
 34 34 35 44 44 41 57 57 51 51 60 62 62 54 56 56 48 48 45 48 48 41 35 35 42 42 47 50 50 36 23 23 27 27 22 19 19 23 20 20 23 23 25 30 30 21
 33 33 32 38 38 37 51 51 47 47 63 58 58 48 46 46 45 45 43 38 38 37 32 32 27 27 34 28 28 27 25 25 28 28 23 25 25 24 25 25 23 23 25 27 27 24
 33 33 32 38 38 37 51 51 47 47 63 58 58 48 46 46 45 45 43 38 38 37 32 32 27 27 34 28 28 27 25 25 28 28 23 25 25 24 25 25 23 23 25 27 27 24
 33 33 33 38 38 38 44 44 42 42 47 38 38 45 48 48 40 40 48 39 39 34 34 34 51 51 58 37 37 24 21 21 24 24 24 29 29 26 26 26 19 19 22 24 24 19
 30 30 32 36 36 38 42 42 42 42 42 44 44 48 47 47 48 48 49 47 47 52 69 69 55 55 39 35 35 36 22 22 27 27 18 18 18 14 18 18 21 21 23 24 24 21
 30 30 32 36 36 38 42 42 42 42 42 44 44 48 47 47 48 48 49 47 47 52 69 69 55 55 39 35 35 36 22 22 27 27 18 18 18 14 18 18 21 21 23 24 24 21
 26 26 25 31 31 34 36 36 43 43 42 43 43 53 48 48 53 53 54 49 49 55 69 69 58 58 46 44 44 41 25 25 25 25 20 20 20 17 16 16 17 17 18 17 17 19
 26 26 25 31 31 34 36 36 43 43 42 43 43 53 48 48 53 53 54 49 49 55 69 69 58 58 46 44 44 41 25 25 25 25 20 20 20 17 16 16 17 17 18 17 17 19
 28 28 26 30 30 31 33 33 43 43 43 59 59 55 58 58 56 56 56 51 51 50 55 55 55 55 60 46 46 46 31 31 30 30 23 26 26 24 18 18 21 21 19 20 20 18
 29 29 30 31 31 39 39 39 47 47 44 60 60 46 55 55 55 55 58 49 49 55 57 57 54 54 49 45 45 51 44 44 35 35 33 34 34 28 24 24 25 25 23 23 23 17
 29 29 30 31 31 39 39 39 47 47 44 60 60 46 55 55 55 55 58 49 49 55 57 57 54 54 49 45 45 51 44 44 35 35 33 34 34 28 24 24 25 25 23 23 23 17
 47 47 38 33 33 28 29 29 31 31 34 44 44 44 54 54 56 56 42 43 43 53 62 62 60 60 55 55 55 58 57 57 47 47 37 31 31 28 35 35 33 33 29 29 29 21
 48 48 39 29 29 26 26 26 30 30 31 43 43 48 49 49 51 51 53 47 47 49 58 58 66 66 94 79 79 63 60 60 47 47 47 58 58 41 33 33 33 33 30 27 27 24
 48 48 39 29 29 26 26 26 30 30 31 43 43 48 49 49 51 51 53 47 47 49 58 58 66 66 94 79 79 63 60 60 47 47 47 58 58 41 33 33 33 33 30 27 27 24
 46 46 40 38 38 24 27 27 30 30 38 38 38 46 58 58 59 59 72 58 58 55 51 51 53 53 61 67 67 71 74 74 43 43 55 44 44 43 40 40 34 34 30 31 31 19
 46 46 40 38 38 24 27 27 30 30 38 38 38 46 58 58 59 59 72 58 58 55 51 51 53 53 61 67 67 71 74 74 43 43 55 44 44 43 40 40 34 34 30 31 31 19
 62 62 42 35 35 23 27 27 27 27 33 34 34 47 62 62 68 68 68 57 57 58 65 65 62 62 63 64 64 72 75 75 49 49 52 43 43 34 30 30 29 29 28 26 26 17
 66 66 46 41 41 35 31 31 33 33 30 36 36 47 51 51 64 64 62 66 66 56 60 60 63 63 61 74 74 64 73 73 52 52 41 34 34 29 27 27 26 26 24 22 22 18
 66 66 46 41 41 35 31 31 33 33 30 36 36 47 51 51 64 64 62 66 66 56 60 60 63 63 61 74 74 64 73 73 52 52 41 34 34 29 27 27 26 26 24 22 22 18
 41 41 35 32 32 31 33 33 31 31 29 29 29 49 49 49 53 53 53 64 64 55 59 59 59 59 56 52 52 71 68 68 65 65 48 35 35 31 24 24 21 21 24 18 18 17
 31 31 27 28 28 30 31 31 30 30 29 32 32 39 44 44 52 52 48 42 42 60 49 49 47 47 46 48 48 69 63 63 62 62 38 39 39 24 23 23 24 24 22 18 18 12
 31 31 27 28 28 30 31 31 30 30 29 32 32 39 44 44 52 52 48 42 42 60 49 49 47 47 46 48 48 69 63 63 62 62 38 39 39 24 23 23 24 24 22 18 18 12
 26 26 26 20 20 22 20 20 26 26 24 29 29 28 33 33 30 30 35 35 35 47 41 41 44 44 40 39 39 51 49 49 54 54 37 33 33 22 23 23 22 22 21 18 18 12
 26 26 26 20 20 22 20 20 26 26 24 29 29 28 33 33 30 30 35 35 35 47 41 41 44 44 40 39 39 51 49 49 54 54 37 33 33 22 23 23 22 22 21 18 18 12
 20 20 26 17 17 18 17 17 20 20 20 22 22 25 33 33 28 28 33 40 40 40 39 39 42 42 46 42 42 43 40 40 46 46 39 46 46 23 21 21 22 22 18 19 19 12
 22 22 19 19 19 19 19 19 20 20 21 25 25 25 32 32 38 38 35 40 40 33 32 32 47 47 48 40 40 39 36 36 44 44 48 48 48 28 27 27 18 18 20 18 18 11
 22 22 19 19 19 19 19 19 20 20 21 25 25 25 32 32 38 38 35 40 40 33 32 32 47 47 48 40 40 39 36 36 44 44 48 48 48 28 27 27 18 18 20 18 18 11
 19 19 19 18 18 19 20 20 23 23 22 26 26 24 30 30 36 36 36 39 39 29 25 25 37 37 39 38 38 38 33 33 63 63 67 39 39 25 26 26 21 21 17 15 15 14
 16 16 17 18 18 17 18 18 18 18 18 22 22 24 27 27 30 30 41 39 39 35 23 23 23 23 23 27 27 34 35 35 56 56 53 35 35 32 29 29 20 20 18 13 13 13
 16 16 17 18 18 17 18 18 18 18 18 22 22 24 27 27 30 30 41 39 39 35 23 23 23 23 23 27 27 34 35 35 56 56 53 35 35 32 29 29 20 20 18 13 13 13
 14 14 15 15 15 15 16 16 16 16 17 20 20 21 24 24 26 26 29 28 28 20 21 21 19 19 24 27 27 33 27 27 24 24 27 32 32 29 22 22 21 21 18 12 12 5
 14 14 15 15 15 15 16 16 16 16 17 20 20 21 24 24 26 26 29 28 28 20 21 21 19 19 24 27 27 33 27 27 24 24 27 32 32 29 22 22 21 21 18 12 12 5
 14 14 16 16 16 13 14 14 14 14 13 12 12 15 19 19 19 19 26 24 24 17 15 15 18 18 24 20 20 30 38 38 35 35 26 32 32 30 20 20 17 17 14 10 10 6
 16 16 17 15 15 16 16 16 15 15 18 18 18 14 14 14 15 15 17 15 15 16 14 14 14 14 20 20 20 36 37 37 31 31 24 27 27 29 22 22 20 20 9 10 10 6
 16 16 17 15 15 16 16 16 15 15 18 18 18 14 14 14 15 15 17 15 15 16 14 14 14 14 20 20 20 36 37 37 31 31 24 27 27 29 22 22 20 20 9 10 10 6
 22 22 21 20 20 20 21 21 16 16 18 16 16 14 14 14 10 10 10 11 11 17 14 14 12 12 16 18 18 22 32 32 30 30 22 25 25 24 24 24 19 19 9 8 8 6
 16 16 16 21 21 21 20 20 27 27 26 25 25 24 22 22 9 9 9 10 10 13 11 11 8 8 12 12 12 18 25 25 33 33 28 34 34 22 19 19 10 10 10 6 6 7
 16 16 16 21 21 21 20 20 27 27 26 25 25 24 22 22 9 9 9 10 10 13 11 11 8 8 12 12 12 18 25 25 33 33 28 34 34 22 19 19 10 10 10 6 6 7
 15 15 16 15 15 20 20 20 25 25 25 23 23 22 20 20 7 7 9 9 9 10 7 7 8 8 9 17 17 18 25 25 25 25 22 25 25 18 16 16 9 9 9 7 7 5
 15 15 16 15 15 20 20 20 25 25 25 23 23 22 20 20 7 7 9 9 9 10 7 7 8 8 9 17 17 18 25 25 25 25 22 25 25 18 16 16 9 9 9 7 7 5
 17 17 18 21 21 21 21 21 26 26 23 28 28 27 27 27 23 23 28 14 14 13 8 8 10 10 7 15 15 17 12 12 12 12 17 21 21 18 16 16 14 14 7 7 7 8
 20 20 20 24 24 24 22 22 26 26 23 21 21 19 27 27 29 29 32 23 23 21 11 11 10 10 14 13 13 11 10 10 10 10 12 11 11 15 15 15 13 13 6 6 6 5
 20 20 20 24 24 24 22 22 26 26 23 21 21 19 27 27 29 29 32 23 23 21 11 11 10 10 14 13 13 11 10 10 10 10 12 11 11 15 15 15 13 13 6 6 6 5
 23 23 21 22 22 21 20 20 24 24 24 24 24 21 27 27 28 28 29 29 29 16 11 11 10 10 13 6 6 7 5 5 5 5 8 10 10 10 7 7 7 7 5 6 6 5
 27 27 26 25 25 24 28 28 27 27 19 20 20 16 17 17 28 28 29 27 27 26 10 10 9 9 8 8 8 7 8 8 4 4 3 4 4 6 5 5 5 5 6 4 4 5
