assets/RAT_results/precipitation/2020-12-06_IMERG.asc
ncols        46
nrows        77
xllcorner    74.800261325624
yllcorner    8.058333333333
cellsize     0.062500000000
NODATA_value -9999
 0 0 0 0 0 0 0 0 0 0 0 0 0 0 0 0 0 0 0 0 0 0 0 0 0 0 0 0 0 0 0 0 0 0 0 0 0 0 0 0 0 0 0 0 0 0
 0 0 0 0 0 0 0 0 0 0 0 0 0 0 0 0 0 0 0 0 0 0 0 0 0 0 0 0 0 0 0 0 0 0 0 0 0 0 0 0 0 0 0 0 0 0
 0 0 0 0 0 0 0 0 0 0 0 0 0 0 0 0 0 0 0 0 0 0 0 0 0 0 0 0 0 0 0 0 0 0 0 0 0 0 0 0 0 0 0 0 0 0
 0 0 0 0 0 0 0 0 0 0 0 0 0 0 0 0 0 0 0 0 0 0 0 0 0 0 0 0 0 0 0 0 0 0 0 0 0 0 0 0 0 0 0 0 0 0
 0 0 0 0 0 0 0 0 0 0 0 0 0 0 0 0 0 0 0 0 0 0 0 0 0 0 0 0 0 0 1 1 1 1 0 0 0 0 0 0 0 0 0 0 0 0
 0 0 0 0 0 0 0 0 0 0 0 0 0 0 0 0 0 0 0 0 0 0 0 0 0 0 0 0 0 0 1 1 1 1 0 0 0 0 0 0 0 0 0 0 0 0
 0 0 0 0 0 0 0 0 0 0 0 0 0 0 0 0 0 0 0 0 0 0 0 0 0 0 0 0 0 0 0 0 0 0 0 0 0 0 0 0 0 0 0 0 0 0
 0 0 0 0 0 0 0 0 0 0 0 0 0 0 0 0 0 0 0 0 0 0 0 0 0 0 0 0 0 0 0 0 0 0 0 0 0 0 0 0 0 0 0 0 0 0
 0 0 0 0 0 0 0 0 0 0 0 0 0 0 0 0 0 0 0 0 0 0 0 0 0 0 0 0 0 0 0 0 0 0 0 0 0 0 0 0 0 0 0 0 0 0
 0 0 0 0 0 0 0 0 0 0 0 0 0 0 0 0 0 0 0 0 0 0 0 0 0 0 0 0 0 0 0 0 0 0 0 0 0 0 0 0 0 0 0 0 0 1
 0 0 0 0 0 0 0 0 0 0 0 0 0 0 0 0 0 0 0 0 0 0 0 0 0 0 0 0 0 0 0 0 0 0 0 0 0 0 0 0 0 0 0 0 0 1
 0 0 0 0 0 0 1 1 0 0 0 0 0 0 0 0 0 0 0 0 0 0 0 0 0 0 0 0 0 0 0 0 0 0 0 0 0 0 0 0 0 0 0 0 0 1
 0 0 0 0 0 0 0 0 0 0 0 0 0 0 0 0 0 0 0 0 0 0 0 0 0 0 0 0 0 0 0 0 0 0 0 0 0 0 0 0 0 0 0 0 0 0
 0 0 0 0 0 0 0 0 0 0 0 0 0 0 0 0 0 0 0 0 0 0 0 0 0 0 0 0 0 0 0 0 0 0 0 0 0 0 0 0 0 0 0 0 0 0
 0 0 0 0 0 0 0 0 1 1 0 1 1 0 0 0 0 0 0 0 0 0 0 0 0 0 0 0 0 0 0 0 0 0 0 0 0 0 0 0 0 0 0 0 0 0
 0 0 0 0 0 0 0 0 1 1 0 1 1 0 0 0 0 0 0 0 0 0 0 0 0 0 0 0 0 0 0 0 0 0 0 0 0 0 0 0 0 0 0 0 0 0
 0 0 0 0 0 0 0 0 0 0 0 1 1 0 0 0 0 0 0 0 0 0 0 0 0 0 0 0 0 0 0 0 0 0 0 0 0 0 0 0 0 0 0 0 0 0
 0 0 0 0 0 0 0 0 0 0 0 1 1 0 0 0 0 0 0 0 0 0 0 0 0 0 0 0 0 0 0 0 0 0 0 0 0 0 0 0 4 4 2 2 2 1
 0 0 0 0 0 0 0 0 0 0 0 1 1 0 0 0 0 0 0 0 0 0 0 0 0 0 0 0 0 0 0 0 0 0 0 0 0 0 0 0 4 4 2 2 2 1
 1 1 1 0 0 0 0 0 0 0 1 1 1 0 0 0 0 0 0 0 0 0 0 0 0 0 0 0 0 0 0 0 1 1 1 1 1 4 4 4 4 4 2 4 4 2
 3 3 1 1 1 0 1 1 3 3 1 1 1 0 2 2 0 0 0 0 0 0 0 0 0 0 0 1 1 1 1 1 0 0 1 1 1 4 30 30 3 3 3 2 2 8
 3 3 1 1 1 0 1 1 3 3 1 1 1 0 2 2 0 0 0 0 0 0 0 0 0 0 0 1 1 1 1 1 0 0 1 1 1 4 30 30 3 3 3 2 2 8
 3 3 2 1 1 4 1 1 14 14 4 1 1 1 1 1 2 2 0 0 0 5 2 2 0 0 4 3 3 2 2 2 2 2 1 7 7 32 32 32 3 3 4 6 6 9
 3 3 2 1 1 4 1 1 14 14 4 1 1 1 1 1 2 2 0 0 0 5 2 2 0 0 4 3 3 2 2 2 2 2 1 7 7 32 32 32 3 3 4 6 6 9
 3 3 5 4 4 4 16 16 15 15 5 1 1 2 2 2 5 5 0 0 0 9 4 4 0 0 1 2 2 2 2 2 2 2 1 24 24 24 24 24 7 7 7 4 4 26
 9 9 9 10 10 12 17 17 20 20 31 5 5 1 2 2 4 4 5 8 8 9 2 2 1 1 1 1 1 6 3 3 5 5 3 24 24 24 25 25 3 3 1 4 4 19
 9 9 9 10 10 12 17 17 20 20 31 5 5 1 2 2 4 4 5 8 8 9 2 2 1 1 1 1 1 6 3 3 5 5 3 24 24 24 25 25 3 3 1 4 4 19
 18 18 18 24 24 50 50 50 30 30 46 11 11 3 3 3 6 6 9 10 10 14 10 10 5 5 3 2 2 4 7 7 7 7 2 6 6 6 3 3 4 4 1 3 3 7
 20 20 36 87 87 75 65 65 28 28 29 32 32 17 7 7 4 4 7 7 7 30 22 22 5 5 3 12 12 12 8 8 7 7 1 6 6 4 2 2 3 3 3 3 3 3
 20 20 36 87 87 75 65 65 28 28 29 32 32 17 7 7 4 4 7 7 7 30 22 22 5 5 3 12 12 12 8 8 7 7 1 6 6 4 2 2 3 3 3 3 3 3
 24 24 46 108 108 82 23 23 11 11 22 62 62 23 6 6 5 5 6 12 12 11 7 7 2 2 3 4 4 13 16 16 14 14 7 7 7 5 3 3 2 2 4 4 4 5
 24 24 46 108 108 82 23 23 11 11 22 62 62 23 6 6 5 5 6 12 12 11 7 7 2 2 3 4 4 13 16 16 14 14 7 7 7 5 3 3 2 2 4 4 4 5
 47 47 39 69 69 33 15 15 14 14 41 57 57 20 8 8 4 4 5 9 9 4 8 8 1 1 3 4 4 10 17 17 23 23 23 22 22 19 13 13 3 3 3 2 2 11
 27 27 27 33 33 19 9 9 10 10 22 24 24 14 8 8 8 8 19 17 17 19 17 17 5 5 2 2 2 5 19 19 59 59 39 25 25 17 13 13 3 3 3 8 8 11
 27 27 27 33 33 19 9 9 10 10 22 24 24 14 8 8 8 8 19 17 17 19 17 17 5 5 2 2 2 5 19 19 59 59 39 25 25 17 13 13 3 3 3 8 8 11
 21 21 20 17 17 13 8 8 11 11 20 17 17 16 10 10 11 11 14 17 17 18 19 19 6 6 1 1 1 8 36 36 30 30 41 49 49 23 15 15 3 3 2 2 2 8
 7 7 12 8 8 8 9 9 14 14 20 22 22 29 13 13 16 16 69 16 16 22 12 12 2 2 0 0 0 1 7 7 17 17 18 32 32 14 3 3 4 4 2 3 3 3
 7 7 12 8 8 8 9 9 14 14 20 22 22 29 13 13 16 16 69 16 16 22 12 12 2 2 0 0 0 1 7 7 17 17 18 32 32 14 3 3 4 4 2 3 3 3
 4 4 4 6 6 6 9 9 11 11 20 40 40 99 49 49 18 18 8 6 6 4 4 4 3 3 0 0 0 1 9 9 14 14 17 10 10 10 6 6 4 4 3 2 2 5
 4 4 4 6 6 6 9 9 11 11 20 40 40 99 49 49 18 18 8 6 6 4 4 4 3 3 0 0 0 1 9 9 14 14 17 10 10 10 6 6 4 4 3 2 2 5
 4 4 4 3 3 6 6 6 5 5 7 43 43 101 67 67 26 26 11 7 7 5 12 12 2 2 0 1 1 2 5 5 6 6 13 10 10 10 8 8 5 5 4 2 2 4
 3 3 4 4 4 3 4 4 3 3 3 12 12 57 20 20 16 16 8 11 11 9 17 17 4 4 6 4 4 5 5 5 9 9 11 13 13 14 10 10 11 11 10 7 7 4
 3 3 4 4 4 3 4 4 3 3 3 12 12 57 20 20 16 16 8 11 11 9 17 17 4 4 6 4 4 5 5 5 9 9 11 13 13 14 10 10 11 11 10 7 7 4
 2 2 4 4 4 4 2 2 2 2 2 3 3 7 4 4 10 10 4 4 4 9 12 12 9 9 10 6 6 7 7 7 5 5 8 9 9 15 9 9 7 7 7 4 4 1
 1 1 3 4 4 5 3 3 2 2 2 3 3 7 8 8 9 9 11 10 10 12 14 14 41 41 56 25 25 42 5 5 8 8 10 8 8 12 10 10 4 4 1 1 1 1
 1 1 3 4 4 5 3 3 2 2 2 3 3 7 8 8 9 9 11 10 10 12 14 14 41 41 56 25 25 42 5 5 8 8 10 8 8 12 10 10 4 4 1 1 1 1
 1 1 3 4 4 4 8 8 7 7 8 8 8 9 6 6 9 9 13 7 7 15 67 67 42 42 46 18 18 27 10 10 6 6 14 9 9 9 4 4 2 2 0 0 0 0
 1 1 3 4 4 4 8 8 7 7 8 8 8 9 6 6 9 9 13 7 7 15 67 67 42 42 46 18 18 27 10 10 6 6 14 9 9 9 4 4 2 2 0 0 0 0
 6 6 7 11 11 9 7 7 8 8 8 11 11 12 13 13 13 13 13 6 6 16 42 42 48 48 41 52 52 14 12 12 6 6 6 8 8 5 3 3 2 2 1 0 0 2
 6 6 8 8 8 8 7 7 8 8 8 9 9 11 10 10 7 7 10 6 6 14 41 41 40 40 41 41 41 14 7 7 4 4 6 4 4 3 2 2 1 1 3 1 1 4
 6 6 8 8 8 8 7 7 8 8 8 9 9 11 10 10 7 7 10 6 6 14 41 41 40 40 41 41 41 14 7 7 4 4 6 4 4 3 2 2 1 1 3 1 1 4
 5 5 8 8 8 8 8 8 4 4 4 5 5 12 8 8 11 11 9 7 7 10 12 12 18 18 37 21 21 13 3 3 6 6 11 4 4 7 2 2 2 2 5 8 8 11
 5 5 8 5 5 4 6 6 5 5 6 5 5 11 10 10 9 9 6 6 6 5 10 10 14 14 22 14 14 6 11 11 14 14 21 14 14 11 9 9 8 8 12 9 9 20
 5 5 8 5 5 4 6 6 5 5 6 5 5 11 10 10 9 9 6 6 6 5 10 10 14 14 22 14 14 6 11 11 14 14 21 14 14 11 9 9 8 8 12 9 9 20
 6 6 7 4 4 4 6 6 7 7 17 20 20 11 10 10 9 9 4 6 6 4 10 10 14 14 16 21 21 10 18 18 21 21 25 17 17 15 10 10 17 17 21 14 14 24
 6 6 7 4 4 4 6 6 7 7 17 20 20 11 10 10 9 9 4 6 6 4 10 10 14 14 16 21 21 10 18 18 21 21 25 17 17 15 10 10 17 17 21 14 14 24
 5 5 7 4 4 6 6 6 7 7 18 56 56 56 33 33 5 5 3 7 7 4 9 9 10 10 15 29 29 16 18 18 17 17 24 21 21 25 22 22 26 26 22 16 16 25
 7 7 7 1 1 2 8 8 11 11 21 58 58 59 27 27 31 31 7 3 3 5 10 10 11 11 13 20 20 17 18 18 20 20 21 37 37 41 45 45 42 42 43 36 36 27
 7 7 7 1 1 2 8 8 11 11 21 58 58 59 27 27 31 31 7 3 3 5 10 10 11 11 13 20 20 17 18 18 20 20 21 37 37 41 45 45 42 42 43 36 36 27
 12 12 6 5 5 3 2 2 3 3 6 10 10 23 31 31 31 31 15 15 15 15 8 8 7 7 7 14 14 5 21 21 24 24 18 42 42 59 53 53 50 50 61 78 78 57
 10 10 6 5 5 2 2 2 3 3 6 6 6 7 5 5 7 7 50 80 80 15 5 5 7 7 5 8 8 22 31 31 28 28 16 38 38 40 63 63 64 64 73 78 78 50
 10 10 6 5 5 2 2 2 3 3 6 6 6 7 5 5 7 7 50 80 80 15 5 5 7 7 5 8 8 22 31 31 28 28 16 38 38 40 63 63 64 64 73 78 78 50
 5 5 5 2 2 2 1 1 2 2 6 4 4 7 5 5 10 10 50 82 82 83 7 7 4 4 4 8 8 15 13 13 15 15 17 23 23 24 55 55 58 58 72 65 65 65
 5 5 5 2 2 2 1 1 2 2 6 4 4 7 5 5 10 10 50 82 82 83 7 7 4 4 4 8 8 15 13 13 15 15 17 23 23 24 55 55 58 58 72 65 65 65
 4 4 4 2 2 2 1 1 1 1 4 2 2 4 6 6 12 12 11 17 17 3 2 2 1 1 3 9 9 14 20 20 8 8 10 13 13 20 34 34 48 48 51 60 60 55
 1 1 4 2 2 2 1 1 1 1 1 1 1 1 6 6 5 5 5 18 18 4 2 2 1 1 3 7 7 10 9 9 14 14 11 13 13 20 22 22 27 27 40 37 37 41
 1 1 4 2 2 2 1 1 1 1 1 1 1 1 6 6 5 5 5 18 18 4 2 2 1 1 3 7 7 10 9 9 14 14 11 13 13 20 22 22 27 27 40 37 37 41
 1 1 1 1 1 0 0 0 0 0 0 0 0 0 0 0 1 1 1 1 1 6 3 3 1 1 3 5 5 6 11 11 9 9 10 8 8 17 30 30 17 17 21 13 13 14
 0 0 0 0 0 0 0 0 0 0 0 0 0 0 0 0 0 0 0 0 0 0 1 1 0 0 0 2 2 6 3 3 6 6 8 10 10 16 27 27 16 16 9 11 11 13
 0 0 0 0 0 0 0 0 0 0 0 0 0 0 0 0 0 0 0 0 0 0 1 1 0 0 0 2 2 6 3 3 6 6 8 10 10 16 27 27 16 16 9 11 11 13
 0 0 0 0 0 0 0 0 0 0 0 0 0 0 0 0 0 0 0 0 0 0 0 0 1 1 0 1 1 1 3 3 3 3 4 6 6 8 15 15 16 16 11 6 6 3
 0 0 0 0 0 0 0 0 0 0 0 0 0 0 0 0 0 0 0 0 0 0 0 0 1 1 0 1 1 1 3 3 3 3 4 6 6 8 15 15 16 16 11 6 6 3
 0 0 0 0 0 0 0 0 0 0 0 0 0 0 0 0 0 0 0 0 0 0 0 0 0 0 0 1 1 1 2 2 3 3 4 3 3 6 20 20 19 19 33 6 6 1
 0 0 0 0 0 0 0 0 0 0 0 0 0 0 0 0 0 0 0 2 2 0 0 0 0 0 0 0 0 0 0 0 3 3 3 2 2 3 4 4 1 1 21 13 13 0
 0 0 0 0 0 0 0 0 0 0 0 0 0 0 0 0 0 0 0 2 2 0 0 0 0 0 0 0 0 0 0 0 3 3 3 2 2 3 4 4 1 1 21 13 13 0
 0 0 0 0 0 0 0 0 0 0 0 0 0 0 0 0 0 0 0 2 2 0 0 0 0 0 0 0 0 0 0 0 2 2 2 2 2 2 1 1 2 2 2 2 2 2
 0 0 0 0 0 0 0 0 0 0 0 0 0 0 0 0 0 0 0 2 2 0 0 0 0 0 0 0 0 0 0 0 0 0 1 2 2 3 2 2 2 2 1 0 0 0
