assets/RAT_results/precipitation/2020-07-09_IMERG.asc
ncols        46
nrows        77
xllcorner    74.800261325624
yllcorner    8.058333333333
cellsize     0.062500000000
NODATA_value -9999
 20 20 15 13 13 13 7 7 4 4 4 1 1 2 0 0 1 1 1 1 1 1 1 1 1 1 2 2 2 1 2 2 2 2 2 2 2 3 8 8 11 11 12 41 41 24
 23 23 14 15 15 12 15 15 11 11 7 4 4 5 1 1 1 1 1 0 0 0 1 1 1 1 2 2 2 3 2 2 2 2 3 3 3 7 11 11 12 12 20 31 31 29
 23 23 14 15 15 12 15 15 11 11 7 4 4 5 1 1 1 1 1 0 0 0 1 1 1 1 2 2 2 3 2 2 2 2 3 3 3 7 11 11 12 12 20 31 31 29
 33 33 24 26 26 30 22 22 33 33 14 5 5 2 1 1 0 0 0 0 0 0 0 0 1 1 2 3 3 3 3 3 3 3 5 9 9 13 14 14 19 19 20 34 34 29
 27 27 35 26 26 38 33 33 30 30 31 16 16 3 3 3 1 1 0 0 0 0 0 0 1 1 2 3 3 3 4 4 5 5 6 14 14 15 27 27 30 30 33 36 36 40
 27 27 35 26 26 38 33 33 30 30 31 16 16 3 3 3 1 1 0 0 0 0 0 0 1 1 2 3 3 3 4 4 5 5 6 14 14 15 27 27 30 30 33 36 36 40
 27 27 23 26 26 24 25 25 17 17 17 15 15 5 2 2 1 1 1 0 0 0 0 0 0 0 1 2 2 2 4 4 6 6 10 14 14 24 21 21 29 29 24 24 24 20
 27 27 23 26 26 24 25 25 17 17 17 15 15 5 2 2 1 1 1 0 0 0 0 0 0 0 1 2 2 2 4 4 6 6 10 14 14 24 21 21 29 29 24 24 24 20
 33 33 22 15 15 10 11 11 7 7 7 4 4 5 3 3 2 2 2 1 1 0 0 0 0 0 2 2 2 2 4 4 5 5 9 8 8 11 13 13 17 17 16 19 19 18
 33 33 22 15 15 14 11 11 5 5 5 3 3 5 4 4 3 3 4 2 2 1 1 1 2 2 2 2 2 3 3 3 4 4 7 6 6 10 11 11 12 12 12 12 12 13
 33 33 22 15 15 14 11 11 5 5 5 3 3 5 4 4 3 3 4 2 2 1 1 1 2 2 2 2 2 3 3 3 4 4 7 6 6 10 11 11 12 12 12 12 12 13
 29 29 24 15 15 15 10 10 14 14 11 3 3 5 7 7 10 10 7 5 5 2 1 1 3 3 2 2 2 4 5 5 5 5 5 5 5 7 11 11 13 13 11 9 9 15
 30 30 29 19 19 17 14 14 9 9 9 6 6 6 9 9 11 11 7 5 5 3 2 2 2 2 2 2 2 2 3 3 3 3 5 7 7 10 9 9 8 8 13 19 19 21
 30 30 29 19 19 17 14 14 9 9 9 6 6 6 9 9 11 11 7 5 5 3 2 2 2 2 2 2 2 2 3 3 3 3 5 7 7 10 9 9 8 8 13 19 19 21
 36 36 33 20 20 14 15 15 10 10 8 7 7 8 10 10 7 7 5 4 4 3 1 1 2 2 2 1 1 2 4 4 6 6 9 14 14 12 10 10 11 11 10 9 9 14
 36 36 33 20 20 14 15 15 10 10 8 7 7 8 10 10 7 7 5 4 4 3 1 1 2 2 2 1 1 2 4 4 6 6 9 14 14 12 10 10 11 11 10 9 9 14
 27 27 25 25 25 18 12 12 12 12 11 13 13 13 9 9 8 8 6 4 4 2 3 3 2 2 4 3 3 5 7 7 11 11 13 16 16 15 12 12 8 8 9 20 20 14
 18 18 25 23 23 19 13 13 7 7 9 9 9 12 10 10 14 14 9 5 5 4 3 3 3 3 4 4 4 5 7 7 8 8 10 12 12 11 6 6 6 6 8 16 16 13
 18 18 25 23 23 19 13 13 7 7 9 9 9 12 10 10 14 14 9 5 5 4 3 3 3 3 4 4 4 5 7 7 8 8 10 12 12 11 6 6 6 6 8 16 16 13
 23 23 21 25 25 25 16 16 9 9 7 9 9 7 6 6 11 11 9 5 5 3 3 3 4 4 5 4 4 3 4 4 6 6 6 7 7 10 8 8 9 9 10 11 11 13
 18 18 18 14 14 14 11 11 8 8 7 8 8 7 5 5 6 6 5 3 3 6 5 5 5 5 4 6 6 4 4 4 4 4 5 7 7 6 6 6 10 10 10 9 9 10
 18 18 18 14 14 14 11 11 8 8 7 8 8 7 5 5 6 6 5 3 3 6 5 5 5 5 4 6 6 4 4 4 4 4 5 7 7 6 6 6 10 10 10 9 9 10
 13 13 15 14 14 12 10 10 9 9 7 3 3 6 8 8 6 6 4 3 3 4 5 5 6 6 7 6 6 5 7 7 5 5 5 5 5 5 6 6 6 6 6 8 8 8
 13 13 15 14 14 12 10 10 9 9 7 3 3 6 8 8 6 6 4 3 3 4 5 5 6 6 7 6 6 5 7 7 5 5 5 5 5 5 6 6 6 6 6 8 8 8
 11 11 11 11 11 10 7 7 8 8 5 4 4 7 6 6 6 6 5 3 3 4 7 7 8 8 8 7 7 7 5 5 4 4 4 4 4 2 3 3 6 6 7 11 11 15
 11 11 9 9 9 8 7 7 5 5 4 2 2 3 6 6 6 6 4 2 2 4 6 6 7 7 9 7 7 6 2 2 2 2 1 2 2 4 4 4 6 6 14 11 11 13
 11 11 9 9 9 8 7 7 5 5 4 2 2 3 6 6 6 6 4 2 2 4 6 6 7 7 9 7 7 6 2 2 2 2 1 2 2 4 4 4 6 6 14 11 11 13
 20 20 9 10 10 8 6 6 5 5 4 4 4 4 2 2 5 5 4 3 3 4 9 9 5 5 6 4 4 5 2 2 2 2 2 3 3 4 5 5 5 5 11 8 8 11
 22 22 33 15 15 11 8 8 7 7 5 7 7 5 2 2 6 6 5 4 4 7 3 3 3 3 3 2 2 2 2 2 1 1 2 3 3 2 5 5 6 6 10 6 6 10
 22 22 33 15 15 11 8 8 7 7 5 7 7 5 2 2 6 6 5 4 4 7 3 3 3 3 3 2 2 2 2 2 1 1 2 3 3 2 5 5 6 6 10 6 6 10
 39 39 34 16 16 15 13 13 18 18 16 12 12 11 5 5 7 7 9 7 7 4 4 4 3 3 3 3 3 1 1 1 1 1 2 4 4 4 7 7 6 6 10 10 10 10
 39 39 34 16 16 15 13 13 18 18 16 12 12 11 5 5 7 7 9 7 7 4 4 4 3 3 3 3 3 1 1 1 1 1 2 4 4 4 7 7 6 6 10 10 10 10
 25 25 28 19 19 19 21 21 26 26 23 17 17 15 7 7 14 14 12 5 5 6 4 4 4 4 5 3 3 2 2 2 1 1 3 4 4 8 10 10 11 11 14 11 11 11
 20 20 32 18 18 20 24 24 29 29 30 27 27 21 10 10 9 9 12 9 9 6 6 6 7 7 6 7 7 7 4 4 2 2 4 5 5 9 10 10 11 11 15 11 11 9
 20 20 32 18 18 20 24 24 29 29 30 27 27 21 10 10 9 9 12 9 9 6 6 6 7 7 6 7 7 7 4 4 2 2 4 5 5 9 10 10 11 11 15 11 11 9
 18 18 17 19 19 20 24 24 25 25 29 30 30 26 17 17 8 8 14 11 11 12 7 7 9 9 8 8 8 9 7 7 6 6 7 6 6 8 9 9 10 10 11 11 11 10
 21 21 17 17 17 20 22 22 24 24 26 28 28 24 19 19 15 15 11 13 13 13 11 11 13 13 11 10 10 10 10 10 8 8 9 11 11 9 7 7 10 10 11 13 13 10
 21 21 17 17 17 20 22 22 24 24 26 28 28 24 19 19 15 15 11 13 13 13 11 11 13 13 11 10 10 10 10 10 8 8 9 11 11 9 7 7 10 10 11 13 13 10
 24 24 21 21 21 21 21 21 22 22 22 23 23 19 18 18 16 16 15 13 13 15 14 14 14 14 16 11 11 13 12 12 9 9 10 14 14 13 8 8 11 11 15 18 18 17
 24 24 21 21 21 21 21 21 22 22 22 23 23 19 18 18 16 16 15 13 13 15 14 14 14 14 16 11 11 13 12 12 9 9 10 14 14 13 8 8 11 11 15 18 18 17
 28 28 27 25 25 22 20 20 21 21 21 20 20 17 19 19 20 20 23 13 13 15 15 15 17 17 17 19 19 18 17 17 12 12 10 11 11 12 13 13 14 14 18 20 20 15
 28 28 28 27 27 23 22 22 24 24 23 20 20 14 13 13 15 15 18 11 11 12 13 13 17 17 24 17 17 19 21 21 12 12 12 13 13 14 16 16 18 18 20 21 21 14
 28 28 28 27 27 23 22 22 24 24 23 20 20 14 13 13 15 15 18 11 11 12 13 13 17 17 24 17 17 19 21 21 12 12 12 13 13 14 16 16 18 18 20 21 21 14
 29 29 30 29 29 21 21 21 23 23 21 16 16 14 14 14 13 13 12 11 11 13 16 16 15 15 19 17 17 17 19 19 13 13 14 12 12 14 16 16 18 18 21 23 23 20
 21 21 42 39 39 21 40 40 18 18 17 16 16 16 15 15 15 15 14 12 12 11 14 14 15 15 15 12 12 18 20 20 13 13 13 14 14 12 14 14 15 15 20 21 21 18
 21 21 42 39 39 21 40 40 18 18 17 16 16 16 15 15 15 15 14 12 12 11 14 14 15 15 15 12 12 18 20 20 13 13 13 14 14 12 14 14 15 15 20 21 21 18
 41 41 45 41 41 45 41 41 19 19 19 17 17 17 16 16 17 17 13 9 9 11 8 8 13 13 11 12 12 14 14 14 9 9 10 12 12 8 11 11 13 13 25 24 24 17
 41 41 45 41 41 45 41 41 19 19 19 17 17 17 16 16 17 17 13 9 9 11 8 8 13 13 11 12 12 14 14 14 9 9 10 12 12 8 11 11 13 13 25 24 24 17
 42 42 42 35 35 32 28 28 21 21 20 19 19 17 17 17 16 16 14 9 9 9 10 10 13 13 7 7 7 7 10 10 9 9 9 7 7 7 11 11 14 14 14 23 23 17
 25 25 41 25 25 34 32 32 23 23 21 20 20 17 17 17 15 15 12 10 10 11 10 10 7 7 10 10 10 9 8 8 10 10 9 7 7 11 9 9 12 12 14 27 27 20
 25 25 41 25 25 34 32 32 23 23 21 20 20 17 17 17 15 15 12 10 10 11 10 10 7 7 10 10 10 9 8 8 10 10 9 7 7 11 9 9 12 12 14 27 27 20
 39 39 37 26 26 29 30 30 24 24 24 19 19 17 16 16 12 12 10 8 8 12 9 9 12 12 9 7 7 7 9 9 11 11 11 10 10 14 9 9 17 17 24 17 17 13
 25 25 28 30 30 27 27 27 20 20 17 15 15 11 9 9 6 6 4 6 6 7 10 10 10 10 13 11 11 11 10 10 11 11 18 19 19 15 14 14 21 21 19 14 14 18
 25 25 28 30 30 27 27 27 20 20 17 15 15 11 9 9 6 6 4 6 6 7 10 10 10 10 13 11 11 11 10 10 11 11 18 19 19 15 14 14 21 21 19 14 14 18
 26 26 27 27 27 22 19 19 13 13 11 7 7 7 6 6 2 2 3 4 4 6 9 9 8 8 13 13 13 17 19 19 21 21 20 22 22 24 18 18 21 21 21 18 18 12
 26 26 27 27 27 22 19 19 13 13 11 7 7 7 6 6 2 2 3 4 4 6 9 9 8 8 13 13 13 17 19 19 21 21 20 22 22 24 18 18 21 21 21 18 18 12
 24 24 22 22 22 24 18 18 12 12 11 7 7 7 6 6 3 3 3 4 4 5 12 12 9 9 12 11 11 14 17 17 22 22 21 27 27 26 21 21 21 21 18 16 16 12
 23 23 17 17 17 23 19 19 14 14 11 13 13 9 8 8 8 8 3 3 3 5 12 12 7 7 9 11 11 10 13 13 21 21 21 24 24 18 18 18 16 16 12 12 12 12
 23 23 17 17 17 23 19 19 14 14 11 13 13 9 8 8 8 8 3 3 3 5 12 12 7 7 9 11 11 10 13 13 21 21 21 24 24 18 18 18 16 16 12 12 12 12
 14 14 16 18 18 23 23 23 21 21 14 13 13 12 9 9 9 9 3 4 4 5 6 6 6 6 10 11 11 11 11 11 11 11 11 11 11 12 12 12 12 12 8 7 7 8
 19 19 18 18 18 20 18 18 17 17 12 9 9 8 6 6 7 7 4 4 4 4 4 4 7 7 9 12 12 11 10 10 9 9 10 8 8 7 7 7 6 6 7 6 6 6
 19 19 18 18 18 20 18 18 17 17 12 9 9 8 6 6 7 7 4 4 4 4 4 4 7 7 9 12 12 11 10 10 9 9 10 8 8 7 7 7 6 6 7 6 6 6
 13 13 18 15 15 15 15 15 15 15 14 11 11 9 7 7 8 8 5 5 5 4 5 5 6 6 9 11 11 10 8 8 8 8 7 9 9 7 7 7 8 8 8 7 7 6
 13 13 18 15 15 15 15 15 15 15 14 11 11 9 7 7 8 8 5 5 5 4 5 5 6 6 9 11 11 10 8 8 8 8 7 9 9 7 7 7 8 8 8 7 7 6
 30 30 18 13 13 13 12 12 13 13 26 12 12 12 8 8 7 7 5 3 3 5 6 6 6 6 6 6 6 9 9 9 8 8 7 7 7 6 8 8 7 7 6 7 7 6
 33 33 43 22 22 22 25 25 27 27 29 19 19 13 10 10 6 6 6 5 5 5 3 3 3 3 2 5 5 8 8 8 6 6 3 4 4 4 4 4 4 4 2 4 4 7
 33 33 43 22 22 22 25 25 27 27 29 19 19 13 10 10 6 6 6 5 5 5 3 3 3 3 2 5 5 8 8 8 6 6 3 4 4 4 4 4 4 4 2 4 4 7
 38 38 39 18 18 18 21 21 31 31 33 31 31 18 14 14 9 9 7 5 5 5 4 4 1 1 2 4 4 3 4 4 3 3 2 2 2 1 1 1 1 1 1 1 1 1
 22 22 15 16 16 15 20 20 32 32 35 30 30 24 20 20 16 16 11 6 6 5 3 3 1 1 1 0 0 2 1 1 4 4 4 2 2 0 0 0 0 0 1 1 1 1
 22 22 15 16 16 15 20 20 32 32 35 30 30 24 20 20 16 16 11 6 6 5 3 3 1 1 1 0 0 2 1 1 4 4 4 2 2 0 0 0 0 0 1 1 1 1
 22 22 19 28 28 14 11 11 15 15 22 24 24 26 35 35 23 23 13 9 9 6 6 6 2 2 1 1 1 1 1 1 1 1 3 1 1 1 0 0 1 1 1 1 1 1
 22 22 19 28 28 14 11 11 15 15 22 24 24 26 35 35 23 23 13 9 9 6 6 6 2 2 1 1 1 1 1 1 1 1 3 1 1 1 0 0 1 1 1 1 1 1
 20 20 20 32 32 19 60 60 48 48 20 20 20 32 44 44 42 42 26 17 17 13 7 7 3 3 2 1 1 1 1 1 1 1 3 2 2 1 1 1 0 0 1 1 1 0
 25 25 26 31 31 60 60 60 49 49 25 30 30 36 31 31 30 30 27 23 23 16 9 9 7 7 2 1 1 0 0 0 2 2 2 1 1 2 1 1 1 1 1 0 0 0
 25 25 26 31 31 60 60 60 49 49 25 30 30 36 31 31 30 30 27 23 23 16 9 9 7 7 2 1 1 0 0 0 2 2 2 1 1 2 1 1 1 1 1 0 0 0
 38 38 27 30 30 19 19 19 26 26 29 28 28 25 22 22 23 23 20 16 16 13 9 9 7 7 2 1 1 0 1 1 2 2 2 1 1 2 3 3 4 4 4 4 4 1
 18 18 16 16 16 29 29 29 30 30 26 29 29 25 24 24 20 20 20 15 15 16 9 9 10 10 5 3 3 1 1 1 1 1 1 1 1 2 2 2 2 2 5 2 2 3
