assets/RAT_results/precipitation/2020-10-21_IMERG.asc
ncols        46
nrows        77
xllcorner    74.800261325624
yllcorner    8.058333333333
cellsize     0.062500000000
NODATA_value -9999
 7 7 9 11 11 16 17 17 20 20 24 23 23 9 6 6 5 5 4 4 4 2 1 1 3 3 5 6 6 7 11 11 12 12 5 1 1 1 1 1 1 1 1 1 1 1
 4 4 4 6 6 6 9 9 10 10 12 14 14 10 8 8 7 7 4 4 4 2 1 1 2 2 5 6 6 18 16 16 16 16 6 5 5 3 2 2 5 5 6 5 5 4
 4 4 4 6 6 6 9 9 10 10 12 14 14 10 8 8 7 7 4 4 4 2 1 1 2 2 5 6 6 18 16 16 16 16 6 5 5 3 2 2 5 5 6 5 5 4
 4 4 3 3 3 3 4 4 4 4 5 7 7 5 5 5 7 7 7 7 7 3 3 3 3 3 5 5 5 14 20 20 18 18 17 16 16 14 4 4 5 5 5 4 4 5
 2 2 2 1 1 1 6 6 3 3 3 4 4 4 4 4 8 8 5 8 8 4 4 4 5 5 8 8 8 20 13 13 11 11 13 14 14 8 8 8 3 3 3 3 3 5
 2 2 2 1 1 1 6 6 3 3 3 4 4 4 4 4 8 8 5 8 8 4 4 4 5 5 8 8 8 20 13 13 11 11 13 14 14 8 8 8 3 3 3 3 3 5
 1 1 3 3 3 2 1 1 5 5 9 6 6 5 5 5 7 7 8 7 7 7 7 7 7 7 6 5 5 5 3 3 5 5 6 6 6 7 7 7 3 3 2 3 3 4
 1 1 3 3 3 2 1 1 5 5 9 6 6 5 5 5 7 7 8 7 7 7 7 7 7 7 6 5 5 5 3 3 5 5 6 6 6 7 7 7 3 3 2 3 3 4
 5 5 5 5 5 4 3 3 4 4 7 6 6 6 6 6 9 9 10 8 8 8 7 7 6 6 4 3 3 3 3 3 6 6 1 1 1 1 2 2 2 2 3 3 3 4
 7 7 6 8 8 8 6 6 7 7 8 7 7 8 8 8 9 9 10 10 10 7 6 6 4 4 3 1 1 1 1 1 1 1 1 2 2 2 2 2 2 2 2 2 2 2
 7 7 6 8 8 8 6 6 7 7 8 7 7 8 8 8 9 9 10 10 10 7 6 6 4 4 3 1 1 1 1 1 1 1 1 2 2 2 2 2 2 2 2 2 2 2
 8 8 4 2 2 7 8 8 10 10 13 13 13 9 12 12 12 12 10 8 8 6 4 4 3 3 1 1 1 1 1 1 1 1 1 2 2 1 1 1 1 1 1 1 1 1
 8 8 5 4 4 10 14 14 17 17 16 15 15 21 19 19 15 15 11 7 7 5 2 2 1 1 1 1 1 1 1 1 1 1 1 1 1 1 1 1 1 1 1 1 1 1
 8 8 5 4 4 10 14 14 17 17 16 15 15 21 19 19 15 15 11 7 7 5 2 2 1 1 1 1 1 1 1 1 1 1 1 1 1 1 1 1 1 1 1 1 1 1
 4 4 5 6 6 9 19 19 23 23 32 27 27 24 20 20 16 16 7 4 4 2 1 1 1 1 1 1 1 1 1 1 1 1 1 1 1 1 1 1 1 1 1 1 1 1
 4 4 5 6 6 9 19 19 23 23 32 27 27 24 20 20 16 16 7 4 4 2 1 1 1 1 1 1 1 1 1 1 1 1 1 1 1 1 1 1 1 1 1 1 1 1
 5 5 5 6 6 12 18 18 34 34 43 36 36 20 9 9 7 7 2 1 1 1 1 1 1 1 1 1 1 1 1 1 1 1 1 1 1 1 1 1 1 1 1 0 0 0
 6 6 5 10 10 20 31 31 35 35 26 16 16 7 5 5 5 5 2 2 2 1 1 1 1 1 1 1 1 1 1 1 1 1 1 1 1 3 1 1 1 1 0 0 0 0
 6 6 5 10 10 20 31 31 35 35 26 16 16 7 5 5 5 5 2 2 2 1 1 1 1 1 1 1 1 1 1 1 1 1 1 1 1 3 1 1 1 1 0 0 0 0
 7 7 8 14 14 20 26 26 18 18 9 8 8 4 5 5 3 3 2 1 1 1 1 1 1 1 1 1 1 1 1 1 1 1 0 1 1 1 1 1 1 1 1 1 1 1
 8 8 10 14 14 12 8 8 4 4 3 2 2 2 3 3 2 2 2 1 1 1 1 1 1 1 1 0 0 0 0 0 0 0 0 0 0 0 1 1 1 1 1 1 1 1
 8 8 10 14 14 12 8 8 4 4 3 2 2 2 3 3 2 2 2 1 1 1 1 1 1 1 1 0 0 0 0 0 0 0 0 0 0 0 1 1 1 1 1 1 1 1
 9 9 8 8 8 5 3 3 2 2 2 2 2 3 3 3 2 2 2 1 1 0 1 1 1 1 1 0 0 0 0 0 0 0 0 0 0 0 0 0 0 0 0 1 1 0
 9 9 8 8 8 5 3 3 2 2 2 2 2 3 3 3 2 2 2 1 1 0 1 1 1 1 1 0 0 0 0 0 0 0 0 0 0 0 0 0 0 0 0 1 1 0
 10 10 6 6 6 2 2 2 2 2 2 3 3 4 4 4 2 2 2 1 1 1 1 1 0 0 0 0 0 0 1 1 0 0 0 0 0 0 0 0 0 0 0 0 0 0
 8 8 6 6 6 5 4 4 4 4 5 4 4 4 6 6 4 4 2 1 1 1 0 0 0 0 0 0 0 1 1 1 0 0 0 0 0 0 0 0 0 0 0 0 0 0
 8 8 6 6 6 5 4 4 4 4 5 4 4 4 6 6 4 4 2 1 1 1 0 0 0 0 0 0 0 1 1 1 0 0 0 0 0 0 0 0 0 0 0 0 0 0
 8 8 7 7 7 8 6 6 4 4 4 3 3 5 4 4 5 5 4 3 3 1 1 1 0 0 0 0 0 0 0 0 0 0 1 0 0 0 0 0 0 0 0 0 0 0
 8 8 7 7 7 7 6 6 6 6 6 5 5 6 4 4 5 5 3 2 2 1 1 1 1 1 0 0 0 0 0 0 0 0 0 0 0 0 1 1 0 0 0 0 0 1
 8 8 7 7 7 7 6 6 6 6 6 5 5 6 4 4 5 5 3 2 2 1 1 1 1 1 0 0 0 0 0 0 0 0 0 0 0 0 1 1 0 0 0 0 0 1
 7 7 8 8 8 9 6 6 5 5 6 3 3 3 3 3 4 4 2 2 2 0 0 0 1 1 0 0 0 0 0 0 0 0 0 0 0 0 1 1 1 1 0 0 0 0
 7 7 8 8 8 9 6 6 5 5 6 3 3 3 3 3 4 4 2 2 2 0 0 0 1 1 0 0 0 0 0 0 0 0 0 0 0 0 1 1 1 1 0 0 0 0
 6 6 5 6 6 8 6 6 5 5 5 3 3 2 2 2 3 3 2 3 3 1 0 0 1 1 4 4 4 0 1 1 0 0 0 0 0 0 0 0 0 0 0 1 1 0
 6 6 5 6 6 6 3 3 3 3 3 3 3 1 2 2 2 2 2 3 3 1 1 1 1 1 1 4 4 3 3 3 0 0 0 0 0 0 0 0 0 0 1 0 0 0
 6 6 5 6 6 6 3 3 3 3 3 3 3 1 2 2 2 2 2 3 3 1 1 1 1 1 1 4 4 3 3 3 0 0 0 0 0 0 0 0 0 0 1 0 0 0
 5 5 3 4 4 2 3 3 3 3 4 3 3 1 2 2 2 2 2 1 1 2 1 1 1 1 4 0 0 0 1 1 0 0 1 2 2 1 0 0 0 0 0 0 0 0
 2 2 1 3 3 2 3 3 3 3 3 1 1 2 2 2 1 1 1 2 2 2 1 1 0 0 0 0 0 0 1 1 1 1 1 1 1 0 0 0 0 0 0 0 0 0
 2 2 1 3 3 2 3 3 3 3 3 1 1 2 2 2 1 1 1 2 2 2 1 1 0 0 0 0 0 0 1 1 1 1 1 1 1 0 0 0 0 0 0 0 0 0
 1 1 1 1 1 1 4 4 4 4 3 2 2 2 2 2 2 2 2 2 2 1 3 3 1 1 1 0 0 0 1 1 1 1 1 0 0 0 0 0 0 0 0 0 0 0
 1 1 1 1 1 1 4 4 4 4 3 2 2 2 2 2 2 2 2 2 2 1 3 3 1 1 1 0 0 0 1 1 1 1 1 0 0 0 0 0 0 0 0 0 0 0
 0 0 0 0 0 1 3 3 4 4 3 2 2 3 3 3 5 5 2 3 3 2 2 2 1 1 1 1 1 0 1 1 0 0 1 3 3 0 0 0 0 0 2 2 2 0
 0 0 0 0 0 0 2 2 2 2 2 2 2 4 3 3 7 7 6 1 1 1 3 3 1 1 0 0 0 0 1 1 5 5 1 0 0 0 0 0 0 0 0 0 0 3
 0 0 0 0 0 0 2 2 2 2 2 2 2 4 3 3 7 7 6 1 1 1 3 3 1 1 0 0 0 0 1 1 5 5 1 0 0 0 0 0 0 0 0 0 0 3
 0 0 1 1 1 3 3 3 3 3 2 2 2 2 5 5 7 7 6 1 1 1 1 1 2 2 0 1 1 1 0 0 4 4 5 0 0 0 0 0 0 0 0 0 0 0
 1 1 1 1 1 3 3 3 2 2 2 3 3 2 3 3 3 3 4 2 2 1 1 1 2 2 1 0 0 1 0 0 4 4 0 0 0 0 1 1 0 0 0 0 0 0
 1 1 1 1 1 3 3 3 2 2 2 3 3 2 3 3 3 3 4 2 2 1 1 1 2 2 1 0 0 1 0 0 4 4 0 0 0 0 1 1 0 0 0 0 0 0
 1 1 1 0 0 3 2 2 2 2 3 4 4 2 2 2 3 3 3 2 2 1 1 1 3 3 3 1 1 1 1 1 1 1 4 3 3 1 0 0 0 0 0 0 0 0
 1 1 1 0 0 3 2 2 2 2 3 4 4 2 2 2 3 3 3 2 2 1 1 1 3 3 3 1 1 1 1 1 1 1 4 3 3 1 0 0 0 0 0 0 0 0
 1 1 0 0 0 2 2 2 2 2 3 3 3 5 5 5 1 1 0 0 0 0 2 2 3 3 3 1 1 1 1 1 0 0 0 0 0 0 0 0 0 0 1 0 0 0
 0 0 0 0 0 2 2 2 1 1 1 1 1 1 4 4 2 2 0 0 0 0 2 2 4 4 2 1 1 1 0 0 0 0 0 0 0 1 1 1 0 0 0 0 0 0
 0 0 0 0 0 2 2 2 1 1 1 1 1 1 4 4 2 2 0 0 0 0 2 2 4 4 2 1 1 1 0 0 0 0 0 0 0 1 1 1 0 0 0 0 0 0
 0 0 0 0 0 0 0 0 0 0 0 1 1 0 1 1 1 1 0 0 0 0 1 1 2 2 2 1 1 1 1 1 0 0 0 1 1 1 1 1 0 0 0 0 0 0
 0 0 0 0 0 0 0 0 0 0 0 0 0 0 0 0 0 0 0 0 0 0 1 1 1 1 1 1 1 0 1 1 0 0 0 0 0 0 0 0 0 0 0 0 0 0
 0 0 0 0 0 0 0 0 0 0 0 0 0 0 0 0 0 0 0 0 0 0 1 1 1 1 1 1 1 0 1 1 0 0 0 0 0 0 0 0 0 0 0 0 0 0
 0 0 0 0 0 0 0 0 0 0 0 0 0 0 0 0 0 0 0 0 0 1 1 1 2 2 1 1 1 0 0 0 0 0 0 0 0 0 0 0 0 0 0 0 0 0
 0 0 0 0 0 0 0 0 0 0 0 0 0 0 0 0 0 0 0 0 0 1 1 1 2 2 1 1 1 0 0 0 0 0 0 0 0 0 0 0 0 0 0 0 0 0
 0 0 0 0 0 0 0 0 0 0 0 0 0 0 1 1 0 0 0 0 0 1 1 1 2 2 1 0 0 0 0 0 0 0 0 0 0 0 0 0 0 0 0 0 0 0
 0 0 0 0 0 0 0 0 0 0 0 0 0 0 1 1 0 0 0 0 0 0 1 1 1 1 1 1 1 1 0 0 0 0 0 0 0 0 0 0 0 0 0 0 0 0
 0 0 0 0 0 0 0 0 0 0 0 0 0 0 1 1 0 0 0 0 0 0 1 1 1 1 1 1 1 1 0 0 0 0 0 0 0 0 0 0 0 0 0 0 0 0
 0 0 0 0 0 0 1 1 0 0 0 0 0 0 1 1 0 0 0 0 0 0 1 1 2 2 2 1 1 1 0 0 0 0 0 0 0 0 0 0 0 0 1 0 0 0
 0 0 0 0 0 0 1 1 0 0 0 0 0 1 1 1 1 1 1 0 0 0 1 1 2 2 1 0 0 1 0 0 0 0 0 0 0 0 0 0 0 0 0 0 0 0
 0 0 0 0 0 0 1 1 0 0 0 0 0 1 1 1 1 1 1 0 0 0 1 1 2 2 1 0 0 1 0 0 0 0 0 0 0 0 0 0 0 0 0 0 0 0
 0 0 0 0 0 0 0 0 0 0 0 0 0 0 1 1 1 1 0 0 0 0 0 0 0 0 1 1 1 1 1 1 0 0 0 0 0 0 0 0 0 0 0 0 0 0
 0 0 0 0 0 0 0 0 0 0 0 0 0 0 1 1 1 1 0 0 0 0 0 0 0 0 1 1 1 1 1 1 0 0 0 0 0 0 0 0 0 0 0 0 0 0
 0 0 0 0 0 0 0 0 0 0 0 0 0 0 0 0 0 0 0 0 0 1 0 0 0 0 1 1 1 1 1 1 0 0 0 0 0 0 0 0 0 0 0 0 0 0
 0 0 0 0 0 0 0 0 0 0 0 0 0 0 0 0 0 0 0 1 1 0 0 0 0 0 2 1 1 3 1 1 0 0 0 0 0 0 0 0 0 0 0 0 0 0
 0 0 0 0 0 0 0 0 0 0 0 0 0 0 0 0 0 0 0 1 1 0 0 0 0 0 2 1 1 3 1 1 0 0 0 0 0 0 0 0 0 0 0 0 0 0
 0 0 0 0 0 0 0 0 0 0 0 0 0 0 0 0 0 0 0 0 0 0 0 0 0 0 0 1 1 1 2 2 0 0 0 0 0 0 0 0 0 0 0 0 0 0
 0 0 0 0 0 0 0 0 0 0 2 0 0 0 0 0 0 0 0 3 3 0 0 0 0 0 0 1 1 1 2 2 1 1 0 0 0 0 0 0 0 0 0 0 0 0
 0 0 0 0 0 0 0 0 0 0 2 0 0 0 0 0 0 0 0 3 3 0 0 0 0 0 0 1 1 1 2 2 1 1 0 0 0 0 0 0 0 0 0 0 0 0
 0 0 0 0 0 0 0 0 4 4 7 8 8 0 0 0 1 1 2 4 4 1 0 0 0 0 0 1 1 1 1 1 0 0 0 0 0 0 0 0 0 0 0 0 0 0
 0 0 0 0 0 0 0 0 4 4 7 8 8 0 0 0 1 1 2 4 4 1 0 0 0 0 0 1 1 1 1 1 0 0 0 0 0 0 0 0 0 0 0 0 0 0
 1 1 0 0 0 0 0 0 0 0 5 11 11 3 0 0 0 0 0 0 0 1 2 2 4 4 1 0 0 0 0 0 1 1 1 1 1 1 0 0 0 0 0 0 0 0
 1 1 0 0 0 1 1 1 0 0 3 5 5 10 2 2 1 1 0 0 0 0 5 5 4 4 1 0 0 0 0 0 0 0 0 0 0 1 0 0 0 0 0 0 0 0
 1 1 0 0 0 1 1 1 0 0 3 5 5 10 2 2 1 1 0 0 0 0 5 5 4 4 1 0 0 0 0 0 0 0 0 0 0 1 0 0 0 0 0 0 0 0
 3 3 0 0 0 1 1 1 2 2 1 4 4 6 4 4 1 1 1 1 1 0 0 0 1 1 2 4 4 0 1 1 0 0 0 0 0 0 1 1 0 0 0 0 0 0
 3 3 0 1 1 1 0 0 0 0 1 3 3 5 5 5 2 2 1 1 1 0 0 0 0 0 2 4 4 0 0 0 0 0 0 0 0 0 0 0 0 0 0 0 0 0
