assets/RAT_results/precipitation/2020-09-01_IMERG.asc
ncols        46
nrows        77
xllcorner    74.800261325624
yllcorner    8.058333333333
cellsize     0.062500000000
NODATA_value -9999
 16 16 14 15 15 11 18 18 13 13 16 19 19 27 14 14 16 16 30 14 14 11 9 9 5 5 4 3 3 3 3 3 5 5 4 4 4 3 2 2 1 1 1 6 6 2
 17 17 21 15 15 14 13 13 15 15 12 14 14 22 16 16 14 14 17 16 16 16 17 17 10 10 7 5 5 7 12 12 6 6 6 9 9 12 5 5 5 5 8 17 17 10
 17 17 21 15 15 14 13 13 15 15 12 14 14 22 16 16 14 14 17 16 16 16 17 17 10 10 7 5 5 7 12 12 6 6 6 9 9 12 5 5 5 5 8 17 17 10
 23 23 28 22 22 22 18 18 18 18 16 19 19 19 19 19 21 21 20 12 12 28 31 31 18 18 7 11 11 12 10 10 14 14 16 26 26 18 9 9 11 11 4 10 10 9
 14 14 29 26 26 29 21 21 20 20 20 24 24 20 17 17 21 21 21 15 15 27 34 34 26 26 21 14 14 12 9 9 14 14 18 19 19 15 19 19 24 24 11 8 8 8
 14 14 29 26 26 29 21 21 20 20 20 24 24 20 17 17 21 21 21 15 15 27 34 34 26 26 21 14 14 12 9 9 14 14 18 19 19 15 19 19 24 24 11 8 8 8
 22 22 27 35 35 36 30 30 22 22 16 20 20 18 19 19 21 21 21 16 16 13 29 29 50 50 34 17 17 13 17 17 19 19 15 14 14 11 8 8 18 18 7 4 4 8
 22 22 27 35 35 36 30 30 22 22 16 20 20 18 19 19 21 21 21 16 16 13 29 29 50 50 34 17 17 13 17 17 19 19 15 14 14 11 8 8 18 18 7 4 4 8
 20 20 24 26 26 31 23 23 18 18 16 24 24 28 29 29 16 16 25 22 22 13 11 11 26 26 26 30 30 20 8 8 19 19 16 17 17 3 13 13 4 4 2 8 8 5
 8 8 20 20 20 20 17 17 14 14 14 25 25 29 27 27 25 25 43 29 29 26 20 20 18 18 12 17 17 9 3 3 15 15 12 16 16 7 13 13 3 3 3 4 4 2
 8 8 20 20 20 20 17 17 14 14 14 25 25 29 27 27 25 25 43 29 29 26 20 20 18 18 12 17 17 9 3 3 15 15 12 16 16 7 13 13 3 3 3 4 4 2
 11 11 18 21 21 17 12 12 25 25 24 20 20 24 29 29 28 28 30 29 29 32 20 20 18 18 13 5 5 5 3 3 3 3 4 8 8 9 4 4 6 6 4 3 3 4
 8 8 15 20 20 17 16 16 20 20 28 26 26 23 27 27 21 21 21 31 31 24 25 25 16 16 18 15 15 3 4 4 4 4 7 5 5 5 4 4 3 3 2 4 4 8
 8 8 15 20 20 17 16 16 20 20 28 26 26 23 27 27 21 21 21 31 31 24 25 25 16 16 18 15 15 3 4 4 4 4 7 5 5 5 4 4 3 3 2 4 4 8
 11 11 16 17 17 16 16 16 14 14 16 13 13 13 20 20 14 14 9 28 28 28 26 26 26 26 14 10 10 10 7 7 7 7 7 8 8 5 5 5 5 5 2 3 3 6
 11 11 16 17 17 16 16 16 14 14 16 13 13 13 20 20 14 14 9 28 28 28 26 26 26 26 14 10 10 10 7 7 7 7 7 8 8 5 5 5 5 5 2 3 3 6
 15 15 9 12 12 13 16 16 19 19 19 14 14 12 14 14 11 11 10 12 12 16 18 18 14 14 11 11 11 6 9 9 8 8 8 12 12 7 16 16 6 6 7 5 5 5
 6 6 11 14 14 11 15 15 23 23 24 24 24 24 13 13 13 13 14 13 13 16 16 16 23 23 24 16 16 10 8 8 7 7 4 4 4 11 19 19 16 16 11 14 14 12
 6 6 11 14 14 11 15 15 23 23 24 24 24 24 13 13 13 13 14 13 13 16 16 16 23 23 24 16 16 10 8 8 7 7 4 4 4 11 19 19 16 16 11 14 14 12
 3 3 4 8 8 12 15 15 15 15 23 27 27 29 18 18 21 21 17 18 18 23 27 27 24 24 24 13 13 21 9 9 7 7 5 4 4 5 16 16 17 17 18 30 30 29
 5 5 2 3 3 8 5 5 4 4 19 24 24 24 19 19 19 19 17 20 20 22 44 44 44 44 45 21 21 22 10 10 10 10 10 2 2 3 6 6 8 8 21 34 34 29
 5 5 2 3 3 8 5 5 4 4 19 24 24 24 19 19 19 19 17 20 20 22 44 44 44 44 45 21 21 22 10 10 10 10 10 2 2 3 6 6 8 8 21 34 34 29
 5 5 4 3 3 4 4 4 2 2 18 8 8 14 15 15 14 14 12 19 19 26 44 44 39 39 43 32 32 38 13 13 12 12 8 7 7 10 13 13 8 8 11 19 19 18
 5 5 4 3 3 4 4 4 2 2 18 8 8 14 15 15 14 14 12 19 19 26 44 44 39 39 43 32 32 38 13 13 12 12 8 7 7 10 13 13 8 8 11 19 19 18
 6 6 6 5 5 4 6 6 3 3 4 7 7 13 13 13 8 8 8 21 21 31 30 30 37 37 32 42 42 42 56 56 25 25 14 10 10 8 8 8 8 8 11 12 12 19
 6 6 6 4 4 4 5 5 8 8 5 5 5 6 12 12 9 9 10 16 16 30 27 27 35 35 44 65 65 70 62 62 30 30 16 14 14 10 11 11 13 13 12 25 25 28
 6 6 6 4 4 4 5 5 8 8 5 5 5 6 12 12 9 9 10 16 16 30 27 27 35 35 44 65 65 70 62 62 30 30 16 14 14 10 11 11 13 13 12 25 25 28
 10 10 6 4 4 5 7 7 9 9 7 6 6 8 9 9 12 12 12 13 13 16 24 24 39 39 40 58 58 59 71 71 38 38 28 20 20 19 17 17 15 15 13 17 17 18
 10 10 9 5 5 4 5 5 8 8 5 5 5 5 8 8 15 15 14 13 13 16 29 29 32 32 39 64 64 65 69 69 48 48 55 31 31 25 24 24 26 26 24 20 20 28
 10 10 9 5 5 4 5 5 8 8 5 5 5 5 8 8 15 15 14 13 13 16 29 29 32 32 39 64 64 65 69 69 48 48 55 31 31 25 24 24 26 26 24 20 20 28
 16 16 11 10 10 7 8 8 8 8 4 4 4 5 9 9 12 12 17 12 12 18 30 30 32 32 42 50 50 55 78 78 75 75 69 41 41 27 22 22 26 26 16 15 15 21
 16 16 11 10 10 7 8 8 8 8 4 4 4 5 9 9 12 12 17 12 12 18 30 30 32 32 42 50 50 55 78 78 75 75 69 41 41 27 22 22 26 26 16 15 15 21
 25 25 16 16 16 9 12 12 8 8 6 5 5 6 8 8 10 10 12 21 21 17 23 23 24 24 32 50 50 52 45 45 55 55 58 40 40 39 23 23 15 15 14 21 21 24
 36 36 49 40 40 25 22 22 15 15 5 4 4 5 4 4 7 7 10 17 17 18 22 22 20 20 19 24 24 24 29 29 41 41 50 40 40 46 37 37 19 19 20 26 26 22
 36 36 49 40 40 25 22 22 15 15 5 4 4 5 4 4 7 7 10 17 17 18 22 22 20 20 19 24 24 24 29 29 41 41 50 40 40 46 37 37 19 19 20 26 26 22
 28 28 62 60 60 67 57 57 57 57 7 4 4 4 4 4 5 5 9 12 12 17 18 18 25 25 25 22 22 20 19 19 27 27 40 41 41 49 42 42 24 24 18 23 23 19
 44 44 34 43 43 74 68 68 64 64 51 7 7 4 5 5 6 6 8 12 12 19 15 15 22 22 28 22 22 19 22 22 24 24 31 33 33 31 28 28 19 19 14 16 16 13
 44 44 34 43 43 74 68 68 64 64 51 7 7 4 5 5 6 6 8 12 12 19 15 15 22 22 28 22 22 19 22 22 24 24 31 33 33 31 28 28 19 19 14 16 16 13
 45 45 49 62 62 24 46 46 62 62 72 27 27 8 5 5 7 7 9 14 14 19 17 17 18 18 27 26 26 24 23 23 19 19 20 18 18 25 23 23 15 15 16 17 17 13
 45 45 49 62 62 24 46 46 62 62 72 27 27 8 5 5 7 7 9 14 14 19 17 17 18 18 27 26 26 24 23 23 19 19 20 18 18 25 23 23 15 15 16 17 17 13
 71 71 55 47 47 33 55 55 31 31 67 75 75 26 7 7 5 5 11 12 12 13 15 15 13 13 17 21 21 19 21 21 26 26 21 26 26 23 22 22 15 15 30 33 33 21
 80 80 61 68 68 51 31 31 47 47 66 86 86 80 19 19 9 9 8 11 11 18 19 19 17 17 21 14 14 16 21 21 29 29 19 24 24 26 31 31 33 33 33 33 33 15
 80 80 61 68 68 51 31 31 47 47 66 86 86 80 19 19 9 9 8 11 11 18 19 19 17 17 21 14 14 16 21 21 29 29 19 24 24 26 31 31 33 33 33 33 33 15
 66 66 61 71 71 68 82 82 89 89 67 97 97 86 66 66 25 25 12 11 11 17 17 17 18 18 21 22 22 19 18 18 19 19 22 34 34 29 44 44 51 51 45 36 36 15
 114 114 106 72 72 54 93 93 91 91 56 91 91 97 85 85 84 84 26 10 10 14 19 19 18 18 21 21 21 16 19 19 19 19 23 27 27 26 28 28 45 45 43 12 12 12
 114 114 106 72 72 54 93 93 91 91 56 91 91 97 85 85 84 84 26 10 10 14 19 19 18 18 21 21 21 16 19 19 19 19 23 27 27 26 28 28 45 45 43 12 12 12
 138 138 128 117 117 98 81 81 95 95 65 83 83 83 86 86 91 91 76 17 17 13 10 10 20 20 21 23 23 18 18 18 22 22 23 25 25 23 20 20 19 19 20 16 16 15
 138 138 128 117 117 98 81 81 95 95 65 83 83 83 86 86 91 91 76 17 17 13 10 10 20 20 21 23 23 18 18 18 22 22 23 25 25 23 20 20 19 19 20 16 16 15
 128 128 139 129 129 58 38 38 52 52 33 39 39 60 84 84 93 93 57 29 29 9 11 11 22 22 25 25 25 23 20 20 18 18 19 16 16 18 17 17 20 20 17 16 16 9
 134 134 134 88 88 52 41 41 37 37 31 25 25 36 64 64 82 82 75 19 19 8 8 8 15 15 17 21 21 20 18 18 20 20 14 13 13 11 11 11 17 17 16 11 11 12
 134 134 134 88 88 52 41 41 37 37 31 25 25 36 64 64 82 82 75 19 19 8 8 8 15 15 17 21 21 20 18 18 20 20 14 13 13 11 11 11 17 17 16 11 11 12
 130 130 119 43 43 44 30 30 25 25 24 14 14 17 18 18 17 17 17 8 8 6 5 5 9 9 12 13 13 20 19 19 15 15 12 9 9 10 10 10 18 18 18 16 16 15
 96 96 66 42 42 38 29 29 23 23 19 10 10 11 5 5 6 6 3 4 4 12 6 6 9 9 9 8 8 14 19 19 17 17 10 10 10 15 19 19 22 22 27 18 18 21
 96 96 66 42 42 38 29 29 23 23 19 10 10 11 5 5 6 6 3 4 4 12 6 6 9 9 9 8 8 14 19 19 17 17 10 10 10 15 19 19 22 22 27 18 18 21
 77 77 39 42 42 45 34 34 21 21 10 9 9 6 4 4 4 4 2 2 2 15 4 4 8 8 9 8 8 10 11 11 10 10 10 8 8 13 19 19 25 25 41 24 24 29
 77 77 39 42 42 45 34 34 21 21 10 9 9 6 4 4 4 4 2 2 2 15 4 4 8 8 9 8 8 10 11 11 10 10 10 8 8 13 19 19 25 25 41 24 24 29
 80 80 37 50 50 58 51 51 27 27 17 12 12 4 4 4 2 2 2 2 2 3 3 3 8 8 9 8 8 6 7 7 9 9 9 8 8 10 16 16 20 20 30 43 43 43
 50 50 38 52 52 54 36 36 31 31 33 23 23 11 5 5 4 4 3 3 3 3 3 3 5 5 9 11 11 6 5 5 7 7 8 6 6 9 13 13 17 17 29 28 28 40
 50 50 38 52 52 54 36 36 31 31 33 23 23 11 5 5 4 4 3 3 3 3 3 3 5 5 9 11 11 6 5 5 7 7 8 6 6 9 13 13 17 17 29 28 28 40
 29 29 26 28 28 31 27 27 24 24 27 18 18 12 7 7 6 6 3 3 3 3 2 2 5 5 8 8 8 5 5 5 6 6 6 4 4 5 6 6 11 11 12 20 20 31
 10 10 10 19 19 9 11 11 19 19 20 19 19 14 13 13 6 6 3 2 2 2 2 2 5 5 5 8 8 6 5 5 5 5 4 2 2 2 4 4 5 5 4 6 6 3
 10 10 10 19 19 9 11 11 19 19 20 19 19 14 13 13 6 6 3 2 2 2 2 2 5 5 5 8 8 6 5 5 5 5 4 2 2 2 4 4 5 5 4 6 6 3
 7 7 7 9 9 8 10 10 9 9 13 17 17 24 20 20 6 6 6 3 3 2 2 2 3 3 6 8 8 8 4 4 3 3 2 2 2 3 2 2 1 1 1 1 1 1
 7 7 7 9 9 8 10 10 9 9 13 17 17 24 20 20 6 6 6 3 3 2 2 2 3 3 6 8 8 8 4 4 3 3 2 2 2 3 2 2 1 1 1 1 1 1
 24 24 10 11 11 8 10 10 8 8 9 18 18 32 20 20 9 9 10 5 5 3 2 2 2 2 4 5 5 7 7 7 6 6 4 3 3 3 2 2 1 1 1 0 0 0
 56 56 31 22 22 11 14 14 9 9 11 22 22 27 29 29 15 15 14 11 11 6 3 3 1 1 1 1 1 7 11 11 8 8 2 2 2 4 2 2 1 1 1 0 0 1
 56 56 31 22 22 11 14 14 9 9 11 22 22 27 29 29 15 15 14 11 11 6 3 3 1 1 1 1 1 7 11 11 8 8 2 2 2 4 2 2 1 1 1 0 0 1
 32 32 24 11 11 11 8 8 6 6 5 6 6 7 20 20 14 14 18 20 20 13 2 2 1 1 1 1 1 1 3 3 4 4 2 1 1 1 8 8 1 1 1 2 2 1
 6 6 10 5 5 5 4 4 2 2 2 2 2 1 6 6 5 5 6 20 20 10 2 2 1 1 1 1 1 2 7 7 3 3 1 1 1 1 2 2 2 2 2 1 1 1
 6 6 10 5 5 5 4 4 2 2 2 2 2 1 6 6 5 5 6 20 20 10 2 2 1 1 1 1 1 2 7 7 3 3 1 1 1 1 2 2 2 2 2 1 1 1
 3 3 5 4 4 4 3 3 3 3 2 2 2 1 1 1 1 1 2 9 9 2 2 2 3 3 6 5 5 1 0 0 0 0 0 1 1 2 2 2 4 4 2 2 2 0
 3 3 5 4 4 4 3 3 3 3 2 2 2 1 1 1 1 1 2 9 9 2 2 2 3 3 6 5 5 1 0 0 0 0 0 1 1 2 2 2 4 4 2 2 2 0
 2 2 5 3 3 3 4 4 4 4 3 3 3 2 2 2 1 1 2 2 2 3 4 4 5 5 6 8 8 4 3 3 2 2 1 1 1 1 1 1 1 1 1 0 0 1
 2 2 3 3 3 4 4 4 4 4 3 3 3 2 3 3 2 2 3 3 3 2 4 4 5 5 9 8 8 5 6 6 4 4 2 0 0 1 1 1 1 1 1 1 1 1
 2 2 3 3 3 4 4 4 4 4 3 3 3 2 3 3 2 2 3 3 3 2 4 4 5 5 9 8 8 5 6 6 4 4 2 0 0 1 1 1 1 1 1 1 1 1
 2 2 3 3 3 4 5 5 4 4 5 3 3 3 4 4 2 2 4 4 4 3 4 4 9 9 9 7 7 6 6 6 8 8 2 1 1 1 2 2 2 2 2 2 2 2
 2 2 3 3 3 3 4 4 4 4 4 2 2 2 2 2 6 6 8 7 7 12 14 14 19 19 14 12 12 6 4 4 3 3 2 1 1 2 2 2 1 1 3 1 1 1
