assets/RAT_results/precipitation/2020-06-12_IMERG.asc
ncols        46
nrows        77
xllcorner    74.800261325624
yllcorner    8.058333333333
cellsize     0.062500000000
NODATA_value -9999
 11 11 6 5 5 5 2 2 3 3 1 1 1 1 0 0 0 0 0 0 0 0 0 0 0 0 0 0 0 0 0 0 0 0 0 0 0 0 0 0 0 0 0 0 0 1
 11 11 6 6 6 1 1 1 1 1 1 1 1 0 0 0 0 0 0 0 0 0 0 0 0 0 0 0 0 0 0 0 0 0 0 0 0 0 0 0 0 0 0 0 0 0
 11 11 6 6 6 1 1 1 1 1 1 1 1 0 0 0 0 0 0 0 0 0 0 0 0 0 0 0 0 0 0 0 0 0 0 0 0 0 0 0 0 0 0 0 0 0
 11 11 7 6 6 1 1 1 0 0 0 1 1 1 1 1 0 0 0 0 0 0 0 0 0 0 0 0 0 0 0 0 0 0 0 0 0 0 0 0 0 0 0 0 0 0
 3 3 3 5 5 1 1 1 1 1 0 0 0 1 0 0 0 0 0 0 0 0 0 0 0 0 0 0 0 0 0 0 0 0 0 0 0 0 0 0 0 0 0 0 0 0
 3 3 3 5 5 1 1 1 1 1 0 0 0 1 0 0 0 0 0 0 0 0 0 0 0 0 0 0 0 0 0 0 0 0 0 0 0 0 0 0 0 0 0 0 0 0
 4 4 1 4 4 1 1 1 2 2 0 1 1 0 0 0 0 0 0 0 0 0 0 0 0 0 0 0 0 0 0 0 0 0 0 0 0 0 0 0 0 0 0 1 1 1
 4 4 1 4 4 1 1 1 2 2 0 1 1 0 0 0 0 0 0 0 0 0 0 0 0 0 0 0 0 0 0 0 0 0 0 0 0 0 0 0 0 0 0 1 1 1
 1 1 1 2 2 2 2 2 1 1 0 0 0 0 0 0 0 0 0 0 0 0 0 0 0 0 0 0 0 0 0 0 0 0 0 0 0 1 1 1 0 0 0 0 0 1
 1 1 1 1 1 1 1 1 1 1 0 0 0 0 0 0 0 0 0 0 0 0 0 0 0 0 0 0 0 0 0 0 0 0 0 0 0 0 0 0 0 0 0 0 0 0
 1 1 1 1 1 1 1 1 1 1 0 0 0 0 0 0 0 0 0 0 0 0 0 0 0 0 0 0 0 0 0 0 0 0 0 0 0 0 0 0 0 0 0 0 0 0
 0 0 1 1 1 1 1 1 1 1 0 0 0 0 0 0 0 0 0 0 0 0 0 0 0 0 0 0 0 0 0 0 0 0 0 0 0 0 0 0 0 0 0 0 0 0
 0 0 0 0 0 2 1 1 1 1 1 0 0 0 1 1 0 0 0 0 0 0 0 0 0 0 0 0 0 0 0 0 0 0 0 0 0 1 0 0 0 0 0 0 0 0
 0 0 0 0 0 2 1 1 1 1 1 0 0 0 1 1 0 0 0 0 0 0 0 0 0 0 0 0 0 0 0 0 0 0 0 0 0 1 0 0 0 0 0 0 0 0
 0 0 1 0 0 1 2 2 1 1 0 0 0 0 0 0 0 0 0 0 0 0 0 0 0 0 0 0 0 0 0 0 0 0 0 0 0 0 0 0 0 0 0 0 0 0
 0 0 1 0 0 1 2 2 1 1 0 0 0 0 0 0 0 0 0 0 0 0 0 0 0 0 0 0 0 0 0 0 0 0 0 0 0 0 0 0 0 0 0 0 0 0
 1 1 1 2 2 1 1 1 1 1 1 1 1 0 0 0 0 0 0 0 0 0 0 0 0 0 0 0 0 0 0 0 0 0 0 0 0 0 0 0 0 0 0 0 0 0
 1 1 2 1 1 2 3 3 4 4 3 1 1 0 0 0 0 0 0 0 0 0 0 0 0 0 0 0 0 0 0 0 0 0 0 0 0 0 0 0 0 0 0 0 0 0
 1 1 2 1 1 2 3 3 4 4 3 1 1 0 0 0 0 0 0 0 0 0 0 0 0 0 0 0 0 0 0 0 0 0 0 0 0 0 0 0 0 0 0 0 0 0
 1 1 0 2 2 3 5 5 4 4 8 3 3 1 0 0 0 0 1 0 0 0 0 0 0 0 0 0 0 0 0 0 0 0 0 0 0 0 0 0 0 0 0 0 0 0
 2 2 1 1 1 1 3 3 9 9 10 4 4 1 0 0 1 1 0 0 0 0 0 0 0 0 0 0 0 1 0 0 0 0 0 0 0 0 0 0 0 0 0 0 0 0
 2 2 1 1 1 1 3 3 9 9 10 4 4 1 0 0 1 1 0 0 0 0 0 0 0 0 0 0 0 1 0 0 0 0 0 0 0 0 0 0 0 0 0 0 0 0
 1 1 2 3 3 1 1 1 5 5 11 1 1 2 1 1 1 1 1 0 0 0 0 0 0 0 1 0 0 1 1 1 1 1 0 0 0 0 0 0 0 0 0 0 0 0
 1 1 2 3 3 1 1 1 5 5 11 1 1 2 1 1 1 1 1 0 0 0 0 0 0 0 1 0 0 1 1 1 1 1 0 0 0 0 0 0 0 0 0 0 0 0
 2 2 2 3 3 0 0 0 1 1 1 1 1 2 1 1 1 1 1 1 1 1 1 1 1 1 1 2 2 1 0 0 0 0 0 0 0 0 0 0 0 0 0 0 0 0
 17 17 5 2 2 3 1 1 0 0 1 1 1 1 2 2 2 2 1 1 1 2 2 2 4 4 4 3 3 2 0 0 0 0 0 0 0 0 0 0 0 0 0 0 0 0
 17 17 5 2 2 3 1 1 0 0 1 1 1 1 2 2 2 2 1 1 1 2 2 2 4 4 4 3 3 2 0 0 0 0 0 0 0 0 0 0 0 0 0 0 0 0
 26 26 9 4 4 3 4 4 1 1 1 0 0 1 1 1 2 2 2 2 2 3 3 3 4 4 4 4 4 3 1 1 0 0 0 0 0 0 0 0 0 0 0 0 0 0
 25 25 5 4 4 1 2 2 1 1 1 1 1 5 7 7 6 6 3 2 2 3 4 4 5 5 5 4 4 1 3 3 1 1 1 1 1 0 0 0 0 0 0 0 0 0
 25 25 5 4 4 1 2 2 1 1 1 1 1 5 7 7 6 6 3 2 2 3 4 4 5 5 5 4 4 1 3 3 1 1 1 1 1 0 0 0 0 0 0 0 0 0
 34 34 24 15 15 7 8 8 7 7 3 3 3 5 5 5 21 21 8 5 5 3 3 3 4 4 6 4 4 3 3 3 1 1 1 0 0 0 0 0 0 0 0 0 0 0
 34 34 24 15 15 7 8 8 7 7 3 3 3 5 5 5 21 21 8 5 5 3 3 3 4 4 6 4 4 3 3 3 1 1 1 0 0 0 0 0 0 0 0 0 0 0
 62 62 48 28 28 21 18 18 21 21 9 7 7 6 19 19 16 16 10 7 7 3 3 3 3 3 4 2 2 1 1 1 4 4 1 1 1 0 0 0 0 0 0 0 0 0
 79 79 81 44 44 29 19 19 28 28 22 20 20 15 25 25 22 22 15 8 8 3 4 4 3 3 6 5 5 4 1 1 5 5 8 8 8 3 3 3 0 0 0 0 0 0
 79 79 81 44 44 29 19 19 28 28 22 20 20 15 25 25 22 22 15 8 8 3 4 4 3 3 6 5 5 4 1 1 5 5 8 8 8 3 3 3 0 0 0 0 0 0
 36 36 28 19 19 21 23 23 27 27 40 48 48 44 41 41 26 26 19 49 49 13 12 12 12 12 7 7 7 6 9 9 9 9 10 10 10 3 3 3 0 0 0 0 0 0
 6 6 11 14 14 9 16 16 24 24 60 83 83 76 94 94 144 144 44 58 58 14 12 12 12 12 14 14 14 15 10 10 10 10 9 9 9 4 4 4 0 0 0 0 0 0
 6 6 11 14 14 9 16 16 24 24 60 83 83 76 94 94 144 144 44 58 58 14 12 12 12 12 14 14 14 15 10 10 10 10 9 9 9 4 4 4 0 0 0 0 0 0
 6 6 7 11 11 5 12 12 16 16 21 28 28 31 85 85 86 86 39 53 53 22 19 19 14 14 10 14 14 15 11 11 11 11 9 3 3 3 3 3 0 0 0 0 0 0
 6 6 7 11 11 5 12 12 16 16 21 28 28 31 85 85 86 86 39 53 53 22 19 19 14 14 10 14 14 15 11 11 11 11 9 3 3 3 3 3 0 0 0 0 0 0
 7 7 8 16 16 12 14 14 12 12 10 17 17 17 16 16 16 16 17 19 19 19 10 10 10 10 9 12 12 12 10 10 5 5 5 3 3 3 0 0 0 0 0 0 0 0
 9 9 12 19 19 10 15 15 13 13 13 17 17 10 10 10 9 9 11 16 16 21 9 9 7 7 10 6 6 12 9 9 3 3 3 0 0 0 0 0 0 0 0 0 0 0
 9 9 12 19 19 10 15 15 13 13 13 17 17 10 10 10 9 9 11 16 16 21 9 9 7 7 10 6 6 12 9 9 3 3 3 0 0 0 0 0 0 0 0 0 0 0
 9 9 10 15 15 20 18 18 12 12 15 17 17 8 11 11 10 10 16 17 17 12 10 10 7 7 7 6 6 5 5 5 2 2 2 0 0 0 0 0 0 0 1 1 1 1
 8 8 4 6 6 17 16 16 11 11 4 15 15 4 4 4 4 4 5 16 16 16 9 9 8 8 3 2 2 2 5 5 0 0 2 0 0 0 0 0 1 1 2 1 1 0
 8 8 4 6 6 17 16 16 11 11 4 15 15 4 4 4 4 4 5 16 16 16 9 9 8 8 3 2 2 2 5 5 0 0 2 0 0 0 0 0 1 1 2 1 1 0
 6 6 7 7 7 4 2 2 3 3 3 2 2 2 3 3 4 4 4 10 10 10 6 6 7 7 2 2 2 2 1 1 0 0 0 0 0 0 0 0 1 1 1 0 0 0
 6 6 7 7 7 4 2 2 3 3 3 2 2 2 3 3 4 4 4 10 10 10 6 6 7 7 2 2 2 2 1 1 0 0 0 0 0 0 0 0 1 1 1 0 0 0
 5 5 5 7 7 4 2 2 5 5 4 3 3 3 2 2 2 2 3 4 4 7 6 6 9 9 3 2 2 2 1 1 1 1 1 1 1 0 0 0 0 0 0 0 0 0
 3 3 2 3 3 3 4 4 4 4 5 4 4 4 3 3 2 2 3 5 5 7 7 7 11 11 3 4 4 4 2 2 1 1 1 1 1 0 0 0 0 0 0 0 0 0
 3 3 2 3 3 3 4 4 4 4 5 4 4 4 3 3 2 2 3 5 5 7 7 7 11 11 3 4 4 4 2 2 1 1 1 1 1 0 0 0 0 0 0 0 0 0
 9 9 7 3 3 3 3 3 4 4 3 4 4 5 5 5 4 4 5 4 4 6 8 8 8 8 13 5 5 7 5 5 2 2 1 1 1 0 0 0 0 0 0 0 0 0
 7 7 5 3 3 2 3 3 2 2 2 3 3 3 4 4 8 8 6 10 10 12 8 8 15 15 13 6 6 4 5 5 2 2 1 1 1 0 0 0 0 0 0 0 0 0
 7 7 5 3 3 2 3 3 2 2 2 3 3 3 4 4 8 8 6 10 10 12 8 8 15 15 13 6 6 4 5 5 2 2 1 1 1 0 0 0 0 0 0 0 0 0
 1 1 3 3 3 2 1 1 0 0 0 1 1 2 3 3 7 7 10 11 11 12 14 14 8 8 6 5 5 3 2 2 1 1 1 1 1 0 0 0 0 0 0 0 0 0
 1 1 3 3 3 2 1 1 0 0 0 1 1 2 3 3 7 7 10 11 11 12 14 14 8 8 6 5 5 3 2 2 1 1 1 1 1 0 0 0 0 0 0 0 0 0
 2 2 3 1 1 1 1 1 0 0 0 0 0 2 3 3 2 2 2 5 5 9 3 3 6 6 3 1 1 1 1 1 1 1 0 0 0 0 0 0 0 0 0 0 0 0
 3 3 4 1 1 1 1 1 1 1 0 0 0 0 1 1 1 1 1 2 2 2 1 1 0 0 2 3 3 1 1 1 1 1 0 0 0 0 0 0 0 0 0 0 0 0
 3 3 4 1 1 1 1 1 1 1 0 0 0 0 1 1 1 1 1 2 2 2 1 1 0 0 2 3 3 1 1 1 1 1 0 0 0 0 0 0 0 0 0 0 0 0
 1 1 2 1 1 1 1 1 1 1 0 0 0 0 0 0 0 0 0 0 0 1 0 0 0 0 1 2 2 1 1 1 0 0 0 0 0 0 0 0 0 0 0 0 0 0
 1 1 1 0 0 0 1 1 1 1 1 1 1 2 1 1 0 0 1 1 1 0 0 0 0 0 0 0 0 0 0 0 0 0 0 0 0 0 0 0 0 0 0 0 0 0
 1 1 1 0 0 0 1 1 1 1 1 1 1 2 1 1 0 0 1 1 1 0 0 0 0 0 0 0 0 0 0 0 0 0 0 0 0 0 0 0 0 0 0 0 0 0
 2 2 1 0 0 0 1 1 1 1 1 2 2 2 1 1 1 1 3 3 3 1 0 0 0 0 1 0 0 0 0 0 0 0 0 0 0 0 0 0 0 0 0 0 0 0
 2 2 1 0 0 0 1 1 1 1 1 2 2 2 1 1 1 1 3 3 3 1 0 0 0 0 1 0 0 0 0 0 0 0 0 0 0 0 0 0 0 0 0 0 0 0
 0 0 0 0 0 1 1 1 1 1 1 1 1 1 1 1 0 0 1 1 1 0 0 0 0 0 0 0 0 0 5 5 0 0 0 0 0 0 0 0 0 0 0 0 0 0
 0 0 0 0 0 1 2 2 1 1 0 0 0 1 1 1 1 1 0 0 0 0 0 0 0 0 0 0 0 0 5 5 0 0 0 0 0 0 0 0 0 0 0 0 0 0
 0 0 0 0 0 1 2 2 1 1 0 0 0 1 1 1 1 1 0 0 0 0 0 0 0 0 0 0 0 0 5 5 0 0 0 0 0 0 0 0 0 0 0 0 0 0
 1 1 1 1 1 2 1 1 0 0 0 0 0 1 1 1 1 1 1 0 0 0 0 0 0 0 0 0 0 0 0 0 0 0 0 0 0 0 0 0 0 0 0 0 0 0
 1 1 2 2 2 1 0 0 0 0 0 0 0 0 0 0 1 1 1 0 0 1 0 0 0 0 0 0 0 0 0 0 0 0 0 0 0 0 0 0 0 0 0 0 0 0
 1 1 2 2 2 1 0 0 0 0 0 0 0 0 0 0 1 1 1 0 0 1 0 0 0 0 0 0 0 0 0 0 0 0 0 0 0 0 0 0 0 0 0 0 0 0
 1 1 1 1 1 0 0 0 0 0 0 0 0 0 0 0 1 1 1 1 1 1 0 0 0 0 0 0 0 0 0 0 0 0 0 0 0 0 0 0 0 0 0 0 0 0
 1 1 1 1 1 0 0 0 0 0 0 0 0 0 0 0 1 1 1 1 1 1 0 0 0 0 0 0 0 0 0 0 0 0 0 0 0 0 0 0 0 0 0 0 0 0
 1 1 1 1 1 1 1 1 0 0 0 0 0 0 0 0 0 0 0 0 0 0 0 0 0 0 1 0 0 0 0 0 0 0 0 0 0 0 1 1 1 1 0 0 0 0
 1 1 0 0 0 1 0 0 0 0 0 0 0 0 0 0 0 0 0 0 0 0 0 0 0 0 0 0 0 0 0 0 0 0 0 0 0 0 1 1 0 0 0 0 0 0
 1 1 0 0 0 1 0 0 0 0 0 0 0 0 0 0 0 0 0 0 0 0 0 0 0 0 0 0 0 0 0 0 0 0 0 0 0 0 1 1 0 0 0 0 0 0
 0 0 0 0 0 0 0 0 0 0 0 0 0 0 0 0 0 0 0 0 0 0 0 0 0 0 0 0 0 0 0 0 0 0 0 0 0 0 0 0 0 0 0 0 0 0
 0 0 0 0 0 0 0 0 0 0 0 1 1 1 1 1 0 0 0 0 0 0 1 1 0 0 0 0 0 0 0 0 0 0 0 0 0 0 0 0 0 0 1 1 1 1
