assets/RAT_results/precipitation/2020-07-03_IMERG.asc
ncols        46
nrows        77
xllcorner    74.800261325624
yllcorner    8.058333333333
cellsize     0.062500000000
NODATA_value -9999
 33 33 52 45 45 48 28 28 24 24 18 19 19 9 5 5 4 4 2 2 2 2 1 1 1 1 2 2 2 1 1 1 2 2 2 8 8 10 2 2 3 3 3 9 9 10
 37 37 37 44 44 42 27 27 25 25 22 15 15 9 7 7 4 4 3 2 2 2 1 1 1 1 1 1 1 1 0 0 1 1 1 1 1 2 3 3 3 3 4 4 4 9
 37 37 37 44 44 42 27 27 25 25 22 15 15 9 7 7 4 4 3 2 2 2 1 1 1 1 1 1 1 1 0 0 1 1 1 1 1 2 3 3 3 3 4 4 4 9
 37 37 28 33 33 27 24 24 29 29 28 15 15 14 5 5 5 5 3 4 4 3 2 2 1 1 1 1 1 1 0 0 0 0 1 1 1 2 1 1 2 2 4 4 4 8
 34 34 33 32 32 30 30 30 30 30 30 25 25 22 14 14 8 8 6 4 4 3 2 2 0 0 0 0 0 1 0 0 1 1 0 0 0 1 1 1 2 2 4 5 5 2
 34 34 33 32 32 30 30 30 30 30 30 25 25 22 14 14 8 8 6 4 4 3 2 2 0 0 0 0 0 1 0 0 1 1 0 0 0 1 1 1 2 2 4 5 5 2
 22 22 28 31 31 31 34 34 42 42 41 31 31 26 19 19 11 11 9 6 6 4 2 2 2 2 3 3 3 2 1 1 1 1 1 1 1 1 1 1 1 1 3 9 9 10
 22 22 28 31 31 31 34 34 42 42 41 31 31 26 19 19 11 11 9 6 6 4 2 2 2 2 3 3 3 2 1 1 1 1 1 1 1 1 1 1 1 1 3 9 9 10
 20 20 29 37 37 33 31 31 51 51 41 44 44 32 20 20 15 15 12 9 9 8 5 5 4 4 5 4 4 2 4 4 5 5 3 2 2 3 2 2 4 4 2 5 5 8
 22 22 30 42 42 37 70 70 78 78 70 59 59 28 30 30 18 18 14 14 14 11 8 8 8 8 8 8 8 5 4 4 8 8 8 6 6 11 7 7 3 3 3 10 10 18
 22 22 30 42 42 37 70 70 78 78 70 59 59 28 30 30 18 18 14 14 14 11 8 8 8 8 8 8 8 5 4 4 8 8 8 6 6 11 7 7 3 3 3 10 10 18
 27 27 27 27 27 31 36 36 56 56 117 60 60 44 39 39 36 36 13 13 13 9 11 11 12 12 13 11 11 9 9 9 8 8 7 7 7 9 8 8 5 5 6 11 11 12
 28 28 24 25 25 32 32 32 29 29 33 41 41 39 38 38 40 40 20 16 16 14 12 12 11 11 10 7 7 7 5 5 8 8 8 8 8 5 9 9 7 7 6 7 7 19
 28 28 24 25 25 32 32 32 29 29 33 41 41 39 38 38 40 40 20 16 16 14 12 12 11 11 10 7 7 7 5 5 8 8 8 8 8 5 9 9 7 7 6 7 7 19
 23 23 21 24 24 30 30 30 38 38 37 43 43 39 47 47 31 31 23 16 16 17 12 12 11 11 6 5 5 5 7 7 7 7 8 6 6 8 11 11 21 21 16 22 22 20
 23 23 21 24 24 30 30 30 38 38 37 43 43 39 47 47 31 31 23 16 16 17 12 12 11 11 6 5 5 5 7 7 7 7 8 6 6 8 11 11 21 21 16 22 22 20
 18 18 26 30 30 28 37 37 46 46 62 56 56 50 28 28 25 25 19 21 21 17 9 9 10 10 8 11 11 8 8 8 7 7 15 10 10 11 21 21 26 26 30 28 28 22
 18 18 21 32 32 48 39 39 71 71 61 59 59 62 35 35 37 37 30 29 29 26 12 12 10 10 12 14 14 16 10 10 9 9 10 8 8 12 19 19 27 27 29 31 31 36
 18 18 21 32 32 48 39 39 71 71 61 59 59 62 35 35 37 37 30 29 29 26 12 12 10 10 12 14 14 16 10 10 9 9 10 8 8 12 19 19 27 27 29 31 31 36
 17 17 29 30 30 58 39 39 58 58 69 61 61 49 46 46 36 36 34 29 29 28 20 20 15 15 14 11 11 12 12 12 9 9 12 11 11 18 22 22 24 24 38 44 44 41
 15 15 24 37 37 36 41 41 43 43 56 45 45 35 41 41 28 28 32 31 31 24 23 23 17 17 15 11 11 8 8 8 7 7 17 18 18 19 16 16 20 20 27 42 42 38
 15 15 24 37 37 36 41 41 43 43 56 45 45 35 41 41 28 28 32 31 31 24 23 23 17 17 15 11 11 8 8 8 7 7 17 18 18 19 16 16 20 20 27 42 42 38
 13 13 23 28 28 34 35 35 31 31 33 36 36 43 38 38 30 30 35 42 42 27 23 23 16 16 14 13 13 15 13 13 17 17 18 21 21 11 9 9 17 17 17 29 29 27
 13 13 23 28 28 34 35 35 31 31 33 36 36 43 38 38 30 30 35 42 42 27 23 23 16 16 14 13 13 15 13 13 17 17 18 21 21 11 9 9 17 17 17 29 29 27
 20 20 23 17 17 19 23 23 20 20 31 35 35 39 38 38 25 25 33 28 28 27 23 23 19 19 15 14 14 21 12 12 11 11 7 12 12 7 24 24 14 14 13 15 15 18
 15 15 16 14 14 18 21 21 21 21 30 27 27 25 40 40 38 38 34 25 25 27 22 22 24 24 20 21 21 17 20 20 24 24 9 7 7 13 9 9 9 9 9 13 13 39
 15 15 16 14 14 18 21 21 21 21 30 27 27 25 40 40 38 38 34 25 25 27 22 22 24 24 20 21 21 17 20 20 24 24 9 7 7 13 9 9 9 9 9 13 13 39
 14 14 15 15 15 19 24 24 31 31 32 32 32 38 37 37 51 51 34 22 22 28 26 26 30 30 27 23 23 27 34 34 30 30 10 5 5 8 2 2 3 3 3 5 5 4
 8 8 11 20 20 18 23 23 41 41 33 35 35 42 57 57 52 52 29 30 30 34 35 35 34 34 36 33 33 39 30 30 21 21 9 6 6 2 1 1 1 1 1 4 4 1
 8 8 11 20 20 18 23 23 41 41 33 35 35 42 57 57 52 52 29 30 30 34 35 35 34 34 36 33 33 39 30 30 21 21 9 6 6 2 1 1 1 1 1 4 4 1
 12 12 13 20 20 20 30 30 63 63 50 31 31 33 42 42 58 58 35 37 37 35 35 35 33 33 48 48 48 51 35 35 17 17 10 8 8 5 2 2 4 4 2 1 1 2
 12 12 13 20 20 20 30 30 63 63 50 31 31 33 42 42 58 58 35 37 37 35 35 35 33 33 48 48 48 51 35 35 17 17 10 8 8 5 2 2 4 4 2 1 1 2
 14 14 19 30 30 41 50 50 63 63 62 37 37 40 50 50 57 57 43 49 49 55 48 48 42 42 47 41 41 50 44 44 29 29 15 13 13 7 4 4 3 3 3 3 3 1
 17 17 23 33 33 51 52 52 55 55 38 34 34 40 63 63 74 74 55 57 57 69 57 57 45 45 46 40 40 40 31 31 21 21 20 12 12 9 5 5 5 5 4 3 3 1
 17 17 23 33 33 51 52 52 55 55 38 34 34 40 63 63 74 74 55 57 57 69 57 57 45 45 46 40 40 40 31 31 21 21 20 12 12 9 5 5 5 5 4 3 3 1
 17 17 25 31 31 45 31 31 36 36 38 38 38 47 68 68 94 94 55 53 53 57 52 52 51 51 52 42 42 35 31 31 26 26 26 15 15 6 5 5 4 4 4 1 1 0
 26 26 27 33 33 46 35 35 35 35 42 30 30 37 46 46 60 60 48 44 44 49 49 49 48 48 48 41 41 31 32 32 27 27 23 6 6 4 4 4 3 3 2 1 1 1
 26 26 27 33 33 46 35 35 35 35 42 30 30 37 46 46 60 60 48 44 44 49 49 49 48 48 48 41 41 31 32 32 27 27 23 6 6 4 4 4 3 3 2 1 1 1
 25 25 34 44 44 45 32 32 37 37 30 33 33 32 40 40 40 40 49 44 44 44 50 50 44 44 40 33 33 29 22 22 18 18 20 8 8 11 5 5 6 6 3 1 1 1
 25 25 34 44 44 45 32 32 37 37 30 33 33 32 40 40 40 40 49 44 44 44 50 50 44 44 40 33 33 29 22 22 18 18 20 8 8 11 5 5 6 6 3 1 1 1
 28 28 49 52 52 48 38 38 36 36 34 34 34 34 44 44 35 35 38 42 42 37 48 48 43 43 33 29 29 29 21 21 12 12 8 8 8 12 13 13 5 5 4 3 3 2
 40 40 53 47 47 42 27 27 30 30 30 33 33 39 32 32 33 33 39 34 34 35 34 34 35 35 31 27 27 24 21 21 17 17 11 11 11 13 9 9 6 6 5 4 4 3
 40 40 53 47 47 42 27 27 30 30 30 33 33 39 32 32 33 33 39 34 34 35 34 34 35 35 31 27 27 24 21 21 17 17 11 11 11 13 9 9 6 6 5 4 4 3
 36 36 35 33 33 31 27 27 33 33 34 32 32 34 47 47 33 33 38 33 33 30 28 28 28 28 25 25 25 19 17 17 17 17 15 17 17 17 13 13 10 10 9 3 3 3
 29 29 27 29 29 30 28 28 26 26 24 26 26 29 39 39 48 48 23 23 23 26 29 29 28 28 29 20 20 20 19 19 19 19 19 20 20 23 15 15 15 15 7 4 4 3
 29 29 27 29 29 30 28 28 26 26 24 26 26 29 39 39 48 48 23 23 23 26 29 29 28 28 29 20 20 20 19 19 19 19 19 20 20 23 15 15 15 15 7 4 4 3
 25 25 24 30 30 29 26 26 24 24 23 24 24 27 23 23 31 31 19 23 23 26 24 24 30 30 24 20 20 16 15 15 17 17 24 15 15 19 13 13 10 10 7 4 4 3
 25 25 24 30 30 29 26 26 24 24 23 24 24 27 23 23 31 31 19 23 23 26 24 24 30 30 24 20 20 16 15 15 17 17 24 15 15 19 13 13 10 10 7 4 4 3
 21 21 23 25 25 24 22 22 30 30 21 18 18 20 19 19 20 20 25 31 31 25 21 21 26 26 25 19 19 19 16 16 15 15 15 18 18 16 14 14 10 10 6 3 3 3
 13 13 21 19 19 17 22 22 26 26 31 17 17 23 20 20 19 19 31 36 36 31 23 23 22 22 21 17 17 16 15 15 14 14 14 16 16 15 10 10 8 8 5 4 4 2
 13 13 21 19 19 17 22 22 26 26 31 17 17 23 20 20 19 19 31 36 36 31 23 23 22 22 21 17 17 16 15 15 14 14 14 16 16 15 10 10 8 8 5 4 4 2
 14 14 14 14 14 13 22 22 29 29 31 30 30 23 33 33 30 30 40 42 42 29 20 20 26 26 24 18 18 17 19 19 14 14 14 16 16 13 6 6 6 6 5 2 2 1
 9 9 10 11 11 14 23 23 24 24 23 31 31 33 29 29 35 35 39 39 39 33 23 23 28 28 25 20 20 22 18 18 10 10 15 7 7 6 6 6 6 6 6 2 2 1
 9 9 10 11 11 14 23 23 24 24 23 31 31 33 29 29 35 35 39 39 39 33 23 23 28 28 25 20 20 22 18 18 10 10 15 7 7 6 6 6 6 6 6 2 2 1
 6 6 7 14 14 17 18 18 18 18 12 20 20 24 28 28 21 21 22 11 11 15 21 21 22 22 21 18 18 17 19 19 15 15 13 9 9 6 4 4 5 5 5 2 2 2
 6 6 7 14 14 17 18 18 18 18 12 20 20 24 28 28 21 21 22 11 11 15 21 21 22 22 21 18 18 17 19 19 15 15 13 9 9 6 4 4 5 5 5 2 2 2
 4 4 4 15 15 23 16 16 12 12 13 16 16 21 12 12 16 16 15 10 10 12 18 18 19 19 20 21 21 17 19 19 15 15 13 9 9 6 5 5 5 5 4 3 3 1
 8 8 12 11 11 21 14 14 8 8 6 6 6 11 7 7 18 18 27 17 17 10 12 12 15 15 22 28 28 27 41 41 23 23 14 10 10 8 5 5 5 5 4 2 2 1
 8 8 12 11 11 21 14 14 8 8 6 6 6 11 7 7 18 18 27 17 17 10 12 12 15 15 22 28 28 27 41 41 23 23 14 10 10 8 5 5 5 5 4 2 2 1
 15 15 16 13 13 18 8 8 6 6 4 15 15 18 6 6 21 21 30 20 20 10 12 12 13 13 19 24 24 21 19 19 16 16 18 10 10 8 6 6 4 4 3 1 1 1
 15 15 11 8 8 9 6 6 6 6 12 17 17 28 19 19 34 34 32 22 22 15 9 9 14 14 14 18 18 20 14 14 12 12 9 8 8 6 6 6 5 5 3 2 2 1
 15 15 11 8 8 9 6 6 6 6 12 17 17 28 19 19 34 34 32 22 22 15 9 9 14 14 14 18 18 20 14 14 12 12 9 8 8 6 6 6 5 5 3 2 2 1
 15 15 14 6 6 6 2 2 6 6 7 8 8 12 25 25 31 31 23 21 21 11 7 7 10 10 11 13 13 13 12 12 9 9 7 7 7 8 10 10 6 6 4 2 2 1
 15 15 14 6 6 6 2 2 6 6 7 8 8 12 25 25 31 31 23 21 21 11 7 7 10 10 11 13 13 13 12 12 9 9 7 7 7 8 10 10 6 6 4 2 2 1
 8 8 10 8 8 9 9 9 11 11 6 7 7 8 11 11 22 22 15 15 15 7 6 6 7 7 8 8 8 12 9 9 7 7 7 6 6 9 8 8 4 4 2 2 2 0
 2 2 3 3 3 11 12 12 13 13 10 10 10 10 14 14 21 21 23 16 16 11 6 6 4 4 4 8 8 11 9 9 8 8 6 5 5 8 9 9 7 7 2 1 1 0
 2 2 3 3 3 11 12 12 13 13 10 10 10 10 14 14 21 21 23 16 16 11 6 6 4 4 4 8 8 11 9 9 8 8 6 5 5 8 9 9 7 7 2 1 1 0
 4 4 4 4 4 3 7 7 9 9 10 13 13 17 20 20 19 19 14 17 17 15 10 10 6 6 6 8 8 6 7 7 8 8 5 4 4 5 5 5 8 8 4 3 3 1
 6 6 5 5 5 4 4 4 5 5 10 13 13 20 25 25 21 21 11 19 19 36 22 22 16 16 16 13 13 4 4 4 7 7 6 4 4 5 5 5 10 10 6 6 6 1
 6 6 5 5 5 4 4 4 5 5 10 13 13 20 25 25 21 21 11 19 19 36 22 22 16 16 16 13 13 4 4 4 7 7 6 4 4 5 5 5 10 10 6 6 6 1
 5 5 5 4 4 3 2 2 2 2 5 8 8 11 14 14 14 14 13 22 22 35 30 30 20 20 12 13 13 6 5 5 2 2 5 3 3 3 5 5 7 7 6 6 6 3
 5 5 5 4 4 3 2 2 2 2 5 8 8 11 14 14 14 14 13 22 22 35 30 30 20 20 12 13 13 6 5 5 2 2 5 3 3 3 5 5 7 7 6 6 6 3
 3 3 3 3 3 2 2 2 2 2 3 6 6 8 7 7 9 9 15 30 30 52 37 37 19 19 9 8 8 3 1 1 2 2 6 2 2 3 3 3 4 4 4 3 3 4
 3 3 2 3 3 3 2 2 2 2 4 4 4 8 9 9 13 13 18 33 33 92 51 51 28 28 17 12 12 3 2 2 2 2 2 2 2 5 4 4 5 5 3 2 2 3
 3 3 2 3 3 3 2 2 2 2 4 4 4 8 9 9 13 13 18 33 33 92 51 51 28 28 17 12 12 3 2 2 2 2 2 2 2 5 4 4 5 5 3 2 2 3
 3 3 3 3 3 4 3 3 5 5 5 5 5 8 12 12 13 13 13 21 21 33 40 40 18 18 12 12 12 6 3 3 2 2 2 2 2 2 4 4 2 2 3 1 1 3
 5 5 5 4 4 6 5 5 6 6 6 5 5 5 8 8 9 9 13 15 15 23 20 20 12 12 7 5 5 7 5 5 2 2 1 1 1 1 2 2 1 1 4 0 0 1
