assets/RAT_results/precipitation/2020-11-08_IMERG.asc
ncols        46
nrows        77
xllcorner    74.800261325624
yllcorner    8.058333333333
cellsize     0.062500000000
NODATA_value -9999
 0 0 0 0 0 0 0 0 0 0 0 0 0 0 0 0 0 0 0 0 0 0 0 0 0 0 0 0 0 0 0 0 0 0 0 0 0 0 0 0 0 0 0 0 0 0
 0 0 0 0 0 0 0 0 0 0 0 0 0 0 0 0 0 0 0 0 0 0 0 0 0 0 0 0 0 0 0 0 0 0 0 0 0 0 0 0 0 0 0 0 0 0
 0 0 0 0 0 0 0 0 0 0 0 0 0 0 0 0 0 0 0 0 0 0 0 0 0 0 0 0 0 0 0 0 0 0 0 0 0 0 0 0 0 0 0 0 0 0
 0 0 0 0 0 0 0 0 0 0 0 0 0 0 0 0 0 0 0 0 0 0 0 0 0 0 0 0 0 0 0 0 0 0 0 0 0 0 0 0 0 0 0 0 0 0
 0 0 0 0 0 0 0 0 0 0 0 0 0 0 0 0 0 0 0 0 0 0 0 0 0 0 0 0 0 0 0 0 0 0 0 0 0 0 0 0 0 0 0 0 0 0
 0 0 0 0 0 0 0 0 0 0 0 0 0 0 0 0 0 0 0 0 0 0 0 0 0 0 0 0 0 0 0 0 0 0 0 0 0 0 0 0 0 0 0 0 0 0
 0 0 0 0 0 1 0 0 0 0 0 0 0 0 0 0 0 0 0 0 0 0 0 0 0 0 0 0 0 0 0 0 0 0 0 0 0 0 0 0 0 0 0 0 0 0
 0 0 0 0 0 1 0 0 0 0 0 0 0 0 0 0 0 0 0 0 0 0 0 0 0 0 0 0 0 0 0 0 0 0 0 0 0 0 0 0 0 0 0 0 0 0
 0 0 0 0 0 1 0 0 0 0 0 0 0 0 0 0 0 0 0 0 0 0 0 0 0 0 0 0 0 0 0 0 0 0 0 0 0 0 0 0 0 0 0 0 0 0
 0 0 0 0 0 0 0 0 1 1 0 0 0 1 0 0 0 0 0 0 0 0 0 0 0 0 0 0 0 0 0 0 0 0 0 0 0 0 0 0 0 0 0 0 0 2
 0 0 0 0 0 0 0 0 1 1 0 0 0 1 0 0 0 0 0 0 0 0 0 0 0 0 0 0 0 0 0 0 0 0 0 0 0 0 0 0 0 0 0 0 0 2
 0 0 0 0 0 1 0 0 0 0 0 2 2 0 0 0 0 0 0 0 0 0 0 0 0 0 0 0 0 0 0 0 0 0 0 0 0 0 0 0 0 0 0 0 0 3
 0 0 0 0 0 0 1 1 0 0 1 0 0 0 0 0 2 2 1 0 0 0 0 0 0 0 0 0 0 0 0 0 0 0 0 0 0 0 0 0 0 0 0 0 0 3
 0 0 0 0 0 0 1 1 0 0 1 0 0 0 0 0 2 2 1 0 0 0 0 0 0 0 0 0 0 0 0 0 0 0 0 0 0 0 0 0 0 0 0 0 0 3
 0 0 0 0 0 0 1 1 0 0 0 0 0 0 2 2 1 1 1 0 0 0 0 0 0 0 0 0 0 0 0 0 0 0 0 0 0 0 0 0 0 0 0 1 1 3
 0 0 0 0 0 0 1 1 0 0 0 0 0 0 2 2 1 1 1 0 0 0 0 0 0 0 0 0 0 0 0 0 0 0 0 0 0 0 0 0 0 0 0 1 1 3
 0 0 0 0 0 0 0 0 1 1 1 0 0 8 9 9 1 1 2 1 1 1 0 0 0 0 0 0 0 0 0 0 0 0 0 0 0 0 0 0 0 0 0 0 0 0
 0 0 0 0 0 0 0 0 0 0 0 0 0 10 9 9 9 9 2 3 3 1 0 0 0 0 0 0 0 0 0 0 0 0 0 0 0 0 0 0 0 0 0 0 0 2
 0 0 0 0 0 0 0 0 0 0 0 0 0 10 9 9 9 9 2 3 3 1 0 0 0 0 0 0 0 0 0 0 0 0 0 0 0 0 0 0 0 0 0 0 0 2
 0 0 0 0 0 0 0 0 0 0 0 1 1 10 7 7 4 4 5 2 2 3 0 0 0 0 0 0 0 0 0 0 0 0 0 0 0 0 0 0 0 0 0 0 0 3
 3 3 3 0 0 0 5 5 6 6 11 1 1 1 3 3 8 8 8 3 3 3 0 0 0 0 0 0 0 0 0 0 0 0 0 0 0 0 1 1 0 0 0 0 0 0
 3 3 3 0 0 0 5 5 6 6 11 1 1 1 3 3 8 8 8 3 3 3 0 0 0 0 0 0 0 0 0 0 0 0 0 0 0 0 1 1 0 0 0 0 0 0
 3 3 4 0 0 0 1 1 6 6 12 1 1 2 4 4 10 10 10 4 4 2 1 1 0 0 0 0 0 1 1 1 0 0 0 0 0 0 0 0 0 0 0 0 0 0
 3 3 4 0 0 0 1 1 6 6 12 1 1 2 4 4 10 10 10 4 4 2 1 1 0 0 0 0 0 1 1 1 0 0 0 0 0 0 0 0 0 0 0 0 0 0
 4 4 4 2 2 2 1 1 2 2 3 1 1 2 4 4 7 7 10 5 5 3 0 0 0 0 0 0 0 2 1 1 0 0 1 1 1 0 0 0 0 0 0 0 0 0
 5 5 5 3 3 1 2 2 3 3 4 3 3 2 3 3 5 5 5 8 8 3 0 0 0 0 0 0 0 1 2 2 0 0 4 2 2 0 0 0 0 0 3 2 2 2
 5 5 5 3 3 1 2 2 3 3 4 3 3 2 3 3 5 5 5 8 8 3 0 0 0 0 0 0 0 1 2 2 0 0 4 2 2 0 0 0 0 0 3 2 2 2
 7 7 8 6 6 5 2 2 4 4 6 5 5 3 3 3 3 3 16 10 10 1 0 0 0 0 0 0 0 1 0 0 2 2 6 2 2 0 0 0 0 0 5 5 5 2
 14 14 13 6 6 5 1 1 3 3 8 7 7 5 2 2 24 24 35 10 10 2 0 0 0 0 0 0 0 0 2 2 9 9 9 5 5 2 0 0 0 0 4 3 3 2
 14 14 13 6 6 5 1 1 3 3 8 7 7 5 2 2 24 24 35 10 10 2 0 0 0 0 0 0 0 0 2 2 9 9 9 5 5 2 0 0 0 0 4 3 3 2
 7 7 5 4 4 6 1 1 2 2 4 14 14 3 3 3 29 29 33 13 13 2 1 1 0 0 0 0 0 0 0 0 5 5 9 12 12 1 2 2 1 1 4 7 7 7
 7 7 5 4 4 6 1 1 2 2 4 14 14 3 3 3 29 29 33 13 13 2 1 1 0 0 0 0 0 0 0 0 5 5 9 12 12 1 2 2 1 1 4 7 7 7
 3 3 6 3 3 5 1 1 2 2 7 12 12 2 0 0 11 11 21 19 19 16 0 0 1 1 0 0 0 0 0 0 11 11 6 9 9 1 2 2 0 0 3 6 6 8
 6 6 5 3 3 1 1 1 2 2 4 5 5 1 0 0 2 2 5 12 12 5 1 1 1 1 0 0 0 0 0 0 6 6 0 2 2 0 0 0 0 0 4 11 11 3
 6 6 5 3 3 1 1 1 2 2 4 5 5 1 0 0 2 2 5 12 12 5 1 1 1 1 0 0 0 0 0 0 6 6 0 2 2 0 0 0 0 0 4 11 11 3
 5 5 3 8 8 8 1 1 1 1 4 1 1 0 0 0 0 0 1 3 3 1 1 1 2 2 1 0 0 0 0 0 0 0 1 0 0 3 0 0 0 0 4 6 6 0
 7 7 5 1 1 1 0 0 0 0 0 0 0 0 0 0 0 0 0 1 1 4 3 3 3 3 3 3 3 1 0 0 1 1 1 4 4 1 3 3 0 0 5 8 8 3
 7 7 5 1 1 1 0 0 0 0 0 0 0 0 0 0 0 0 0 1 1 4 3 3 3 3 3 3 3 1 0 0 1 1 1 4 4 1 3 3 0 0 5 8 8 3
 6 6 2 6 6 2 0 0 0 0 0 0 0 0 0 0 0 0 2 3 3 6 4 4 3 3 3 3 3 2 2 2 1 1 1 7 7 7 6 6 8 8 4 11 11 3
 6 6 2 6 6 2 0 0 0 0 0 0 0 0 0 0 0 0 2 3 3 6 4 4 3 3 3 3 3 2 2 2 1 1 1 7 7 7 6 6 8 8 4 11 11 3
 19 19 3 13 13 0 0 0 0 0 0 0 0 0 0 0 0 0 2 7 7 7 7 7 6 6 5 2 2 2 2 2 2 2 0 3 3 6 3 3 4 4 8 9 9 8
 43 43 19 13 13 0 0 0 0 0 0 0 0 0 0 0 2 2 15 97 97 40 23 23 8 8 9 7 7 7 5 5 4 4 5 3 3 5 6 6 12 12 6 6 6 6
 43 43 19 13 13 0 0 0 0 0 0 0 0 0 0 0 2 2 15 97 97 40 23 23 8 8 9 7 7 7 5 5 4 4 5 3 3 5 6 6 12 12 6 6 6 6
 33 33 10 7 7 0 0 0 0 0 0 0 0 0 1 1 14 14 13 13 13 32 44 44 11 11 13 15 15 23 21 21 10 10 6 5 5 5 5 5 5 5 6 4 4 6
 13 13 7 8 8 1 9 9 4 4 5 5 5 1 1 1 1 1 35 130 130 78 44 44 11 11 13 19 19 27 18 18 13 13 8 5 5 7 2 2 1 1 2 2 2 11
 13 13 7 8 8 1 9 9 4 4 5 5 5 1 1 1 1 1 35 130 130 78 44 44 11 11 13 19 19 27 18 18 13 13 8 5 5 7 2 2 1 1 2 2 2 11
 8 8 7 6 6 10 10 10 10 10 5 1 1 1 1 1 1 1 10 81 81 40 104 104 24 24 25 53 53 56 13 13 19 19 8 5 5 3 1 1 0 0 2 1 1 12
 8 8 7 6 6 10 10 10 10 10 5 1 1 1 1 1 1 1 10 81 81 40 104 104 24 24 25 53 53 56 13 13 19 19 8 5 5 3 1 1 0 0 2 1 1 12
 9 9 7 2 2 1 8 8 8 8 1 0 0 1 1 1 4 4 8 37 37 40 77 77 26 26 20 52 52 19 22 22 17 17 8 3 3 3 0 0 0 0 6 3 3 6
 2 2 2 1 1 0 8 8 6 6 0 0 0 1 1 1 1 1 2 20 20 20 25 25 27 27 20 21 21 23 22 22 18 18 13 8 8 6 2 2 2 2 0 1 1 7
 2 2 2 1 1 0 8 8 6 6 0 0 0 1 1 1 1 1 2 20 20 20 25 25 27 27 20 21 21 23 22 22 18 18 13 8 8 6 2 2 2 2 0 1 1 7
 1 1 1 12 12 12 6 6 6 6 0 0 0 0 1 1 1 1 2 2 2 10 8 8 16 16 13 19 19 17 37 37 22 22 14 10 10 7 7 7 4 4 2 3 3 6
 0 0 2 13 13 13 0 0 0 0 0 0 0 1 1 1 1 1 1 4 4 14 17 17 19 19 16 15 15 18 23 23 20 20 15 14 14 11 12 12 5 5 3 3 3 2
 0 0 2 13 13 13 0 0 0 0 0 0 0 1 1 1 1 1 1 4 4 14 17 17 19 19 16 15 15 18 23 23 20 20 15 14 14 11 12 12 5 5 3 3 3 2
 2 2 3 10 10 9 5 5 0 0 0 1 1 1 1 1 1 1 4 12 12 34 20 20 21 21 18 14 14 17 24 24 21 21 30 25 25 12 12 12 11 11 6 4 4 2
 2 2 3 10 10 9 5 5 0 0 0 1 1 1 1 1 1 1 4 12 12 34 20 20 21 21 18 14 14 17 24 24 21 21 30 25 25 12 12 12 11 11 6 4 4 2
 5 5 9 10 10 21 13 13 3 3 3 0 0 1 1 1 1 1 4 15 15 36 35 35 19 19 20 18 18 20 18 18 47 47 47 18 18 16 10 10 6 6 6 4 4 3
 5 5 9 10 10 16 13 13 2 2 2 1 1 1 1 1 2 2 9 10 10 31 33 33 19 19 21 18 18 22 20 20 27 27 45 17 17 8 7 7 7 7 6 4 4 3
 5 5 9 10 10 16 13 13 2 2 2 1 1 1 1 1 2 2 9 10 10 31 33 33 19 19 21 18 18 22 20 20 27 27 45 17 17 8 7 7 7 7 6 4 4 3
 4 4 7 6 6 4 1 1 2 2 2 2 2 6 8 8 3 3 4 14 14 51 34 34 27 27 24 18 18 19 18 18 22 22 25 15 15 5 12 12 8 8 7 4 4 2
 2 2 3 2 2 1 4 4 5 5 8 8 8 6 10 10 5 5 12 17 17 74 42 42 28 28 16 16 16 8 14 14 17 17 10 6 6 8 12 12 12 12 7 4 4 3
 2 2 3 2 2 1 4 4 5 5 8 8 8 6 10 10 5 5 12 17 17 74 42 42 28 28 16 16 16 8 14 14 17 17 10 6 6 8 12 12 12 12 7 4 4 3
 1 1 1 0 0 0 5 5 5 5 8 12 12 10 9 9 11 11 12 20 20 26 28 28 28 28 21 16 16 10 15 15 11 11 20 9 9 8 11 11 10 10 6 2 2 7
 1 1 1 0 0 0 5 5 5 5 8 12 12 10 9 9 11 11 12 20 20 26 28 28 28 28 21 16 16 10 15 15 11 11 20 9 9 8 11 11 10 10 6 2 2 7
 1 1 1 1 1 8 12 12 13 13 13 14 14 11 13 13 16 16 15 20 20 25 29 29 42 42 34 28 28 11 13 13 13 13 41 40 40 8 5 5 6 6 2 0 0 6
 2 2 3 8 8 9 14 14 28 28 20 21 21 20 13 13 16 16 15 15 15 23 34 34 42 42 39 24 24 12 16 16 21 21 20 19 19 10 6 6 4 4 3 2 2 2
 2 2 3 8 8 9 14 14 28 28 20 21 21 20 13 13 16 16 15 15 15 23 34 34 42 42 39 24 24 12 16 16 21 21 20 19 19 10 6 6 4 4 3 2 2 2
 3 3 16 43 43 51 30 30 31 31 31 24 24 25 19 19 17 17 17 16 16 28 30 30 49 49 41 25 25 10 10 10 9 9 16 11 11 9 8 8 3 3 3 2 2 3
 13 13 20 45 45 53 58 58 42 42 40 30 30 27 20 20 17 17 17 16 16 24 25 25 48 48 44 28 28 18 12 12 6 6 12 11 11 9 9 9 4 4 5 6 6 4
 13 13 20 45 45 53 58 58 42 42 40 30 30 27 20 20 17 17 17 16 16 24 25 25 48 48 44 28 28 18 12 12 6 6 12 11 11 9 9 9 4 4 5 6 6 4
 16 16 21 28 28 53 60 60 44 44 36 33 33 30 23 23 22 22 17 15 15 21 25 25 39 39 35 31 31 17 15 15 13 13 7 12 12 8 15 15 17 17 9 5 5 3
 16 16 21 28 28 53 60 60 44 44 36 33 33 30 23 23 22 22 17 15 15 21 25 25 39 39 35 31 31 17 15 15 13 13 7 12 12 8 15 15 17 17 9 5 5 3
 20 20 24 25 25 38 41 41 39 39 36 31 31 28 17 17 18 18 18 17 17 24 16 16 14 14 16 32 32 30 14 14 12 12 3 3 3 7 10 10 9 9 8 12 12 6
 11 11 18 23 23 36 37 37 30 30 27 24 24 17 16 16 17 17 17 13 13 12 11 11 9 9 14 10 10 4 1 1 1 1 1 3 3 7 11 11 11 11 6 5 5 4
 11 11 18 23 23 36 37 37 30 30 27 24 24 17 16 16 17 17 17 13 13 12 11 11 9 9 14 10 10 4 1 1 1 1 1 3 3 7 11 11 11 11 6 5 5 4
 9 9 10 12 12 22 24 24 25 25 25 24 24 22 23 23 23 23 21 17 17 14 9 9 5 5 6 5 5 3 1 1 1 1 1 8 8 13 8 8 9 9 8 5 5 5
 10 10 9 8 8 8 14 14 17 17 36 35 35 23 24 24 20 20 20 11 11 11 12 12 7 7 7 5 5 4 1 1 2 2 3 6 6 10 2 2 2 2 5 1 1 1
