assets/RAT_results/precipitation/2020-07-15_IMERG.asc
ncols        46
nrows        77
xllcorner    74.800261325624
yllcorner    8.058333333333
cellsize     0.062500000000
NODATA_value -9999
 69 69 79 68 68 59 62 62 37 37 27 18 18 15 20 20 22 22 24 19 19 22 19 19 14 14 14 7 7 5 5 5 5 5 4 5 5 7 10 10 16 16 15 24 24 18
 75 75 81 71 71 66 64 64 34 34 28 16 16 14 13 13 16 16 20 19 19 20 17 17 12 12 11 10 10 7 4 4 5 5 5 6 6 6 9 9 8 8 9 13 13 3
 75 75 81 71 71 66 64 64 34 34 28 16 16 14 13 13 16 16 20 19 19 20 17 17 12 12 11 10 10 7 4 4 5 5 5 6 6 6 9 9 8 8 9 13 13 3
 81 81 94 68 68 55 49 49 38 38 27 29 29 19 15 15 18 18 19 19 19 18 8 8 9 9 9 9 9 7 5 5 5 5 3 3 3 4 4 4 5 5 4 4 4 4
 64 64 81 63 63 44 49 49 36 36 35 37 37 31 28 28 23 23 19 16 16 14 8 8 7 7 7 7 7 7 7 7 5 5 4 2 2 1 3 3 2 2 3 3 3 3
 64 64 81 63 63 44 49 49 36 36 35 37 37 31 28 28 23 23 19 16 16 14 8 8 7 7 7 7 7 7 7 7 5 5 4 2 2 1 3 3 2 2 3 3 3 3
 60 60 57 58 58 45 37 37 34 34 44 46 46 48 42 42 32 32 21 18 18 14 9 9 9 9 8 8 8 6 9 9 5 5 4 6 6 3 3 3 3 3 4 5 5 4
 60 60 57 58 58 45 37 37 34 34 44 46 46 48 42 42 32 32 21 18 18 14 9 9 9 9 8 8 8 6 9 9 5 5 4 6 6 3 3 3 3 3 4 5 5 4
 83 83 51 43 43 51 44 44 41 41 39 44 44 40 43 43 34 34 26 17 17 16 8 8 12 12 8 6 6 6 8 8 6 6 8 5 5 4 4 4 2 2 2 3 3 3
 64 64 51 40 40 47 50 50 33 33 30 33 33 36 24 24 21 21 24 11 11 7 8 8 6 6 5 3 3 3 3 3 5 5 5 4 4 1 2 2 3 3 3 3 3 2
 64 64 51 40 40 47 50 50 33 33 30 33 33 36 24 24 21 21 24 11 11 7 8 8 6 6 5 3 3 3 3 3 5 5 5 4 4 1 2 2 3 3 3 3 3 2
 52 52 46 39 39 42 39 39 49 49 32 21 21 25 19 19 18 18 11 9 9 6 6 6 7 7 5 3 3 2 4 4 3 3 4 3 3 3 3 3 4 4 4 3 3 2
 40 40 30 34 34 57 44 44 37 37 19 29 29 24 19 19 15 15 16 8 8 7 5 5 7 7 4 2 2 1 2 2 3 3 4 5 5 6 7 7 6 6 5 3 3 3
 40 40 30 34 34 57 44 44 37 37 19 29 29 24 19 19 15 15 16 8 8 7 5 5 7 7 4 2 2 1 2 2 3 3 4 5 5 6 7 7 6 6 5 3 3 3
 25 25 43 58 58 59 43 43 34 34 22 30 30 18 18 18 10 10 16 9 9 7 6 6 5 5 3 2 2 2 3 3 4 4 5 5 5 6 6 6 8 8 4 4 4 4
 25 25 43 58 58 59 43 43 34 34 22 30 30 18 18 18 10 10 16 9 9 7 6 6 5 5 3 2 2 2 3 3 4 4 5 5 5 6 6 6 8 8 4 4 4 4
 22 22 35 40 40 35 22 22 24 24 21 20 20 17 16 16 12 12 10 11 11 7 6 6 5 5 4 3 3 3 3 3 4 4 5 5 5 3 3 3 3 3 3 2 2 4
 22 22 26 27 27 26 15 15 15 15 20 17 17 17 12 12 17 17 7 7 7 5 6 6 5 5 6 6 6 5 4 4 4 4 4 3 3 2 2 2 3 3 2 4 4 5
 22 22 26 27 27 26 15 15 15 15 20 17 17 17 12 12 17 17 7 7 7 5 6 6 5 5 6 6 6 5 4 4 4 4 4 3 3 2 2 2 3 3 2 4 4 5
 16 16 21 18 18 15 15 15 17 17 24 28 28 32 18 18 10 10 10 7 7 6 6 6 5 5 6 5 5 4 2 2 3 3 2 2 2 1 2 2 3 3 4 4 4 6
 16 16 17 21 21 24 20 20 21 21 27 33 33 31 25 25 20 20 21 10 10 10 7 7 6 6 7 3 3 5 4 4 2 2 3 3 3 4 5 5 7 7 6 5 5 7
 16 16 17 21 21 24 20 20 21 21 27 33 33 31 25 25 20 20 21 10 10 10 7 7 6 6 7 3 3 5 4 4 2 2 3 3 3 4 5 5 7 7 6 5 5 7
 19 19 23 23 23 27 28 28 28 28 32 48 48 41 27 27 20 20 12 13 13 13 6 6 6 6 4 4 4 5 4 4 4 4 6 10 10 10 7 7 7 7 9 7 7 6
 19 19 23 23 23 27 28 28 28 28 32 48 48 41 27 27 20 20 12 13 13 13 6 6 6 6 4 4 4 5 4 4 4 4 6 10 10 10 7 7 7 7 9 7 7 6
 16 16 21 20 20 27 30 30 27 27 34 45 45 29 28 28 27 27 9 13 13 15 7 7 5 5 3 4 4 5 5 5 5 5 5 6 6 9 11 11 14 14 8 5 5 5
 17 17 18 24 24 32 33 33 31 31 44 32 32 28 38 38 34 34 19 14 14 13 7 7 6 6 7 6 6 8 7 7 5 5 5 4 4 5 5 5 5 5 6 4 4 3
 17 17 18 24 24 32 33 33 31 31 44 32 32 28 38 38 34 34 19 14 14 13 7 7 6 6 7 6 6 8 7 7 5 5 5 4 4 5 5 5 5 5 6 4 4 3
 16 16 17 24 24 24 28 28 26 26 61 78 78 20 29 29 24 24 20 13 13 9 9 9 10 10 12 17 17 16 15 15 12 12 7 6 6 6 5 5 4 4 4 4 4 3
 16 16 20 23 23 27 23 23 22 22 64 67 67 20 20 20 14 14 27 17 17 18 18 18 18 18 18 17 17 29 29 29 16 16 9 6 6 5 4 4 3 3 3 2 2 2
 16 16 20 23 23 27 23 23 22 22 64 67 67 20 20 20 14 14 27 17 17 18 18 18 18 18 18 17 17 29 29 29 16 16 9 6 6 5 4 4 3 3 3 2 2 2
 18 18 19 18 18 20 28 28 27 27 72 65 65 17 16 16 10 10 16 28 28 19 31 31 21 21 18 15 15 29 20 20 15 15 9 9 9 4 4 4 2 2 1 1 1 1
 18 18 19 18 18 20 28 28 27 27 72 65 65 17 16 16 10 10 16 28 28 19 31 31 21 21 18 15 15 29 20 20 15 15 9 9 9 4 4 4 2 2 1 1 1 1
 15 15 16 14 14 19 22 22 27 27 47 62 62 23 14 14 9 9 8 20 20 23 25 25 15 15 14 15 15 20 19 19 17 17 9 6 6 3 2 2 1 1 1 1 1 1
 6 6 10 11 11 15 14 14 20 20 33 43 43 20 12 12 8 8 9 9 9 13 18 18 12 12 16 12 12 19 12 12 15 15 5 4 4 4 3 3 1 1 1 1 1 1
 6 6 10 11 11 15 14 14 20 20 33 43 43 20 12 12 8 8 9 9 9 13 18 18 12 12 16 12 12 19 12 12 15 15 5 4 4 4 3 3 1 1 1 1 1 1
 6 6 9 9 9 10 11 11 11 11 17 21 21 21 11 11 10 10 11 18 18 18 18 18 11 11 11 6 6 4 5 5 4 4 4 3 3 3 1 1 1 1 1 1 1 1
 8 8 11 11 11 11 9 9 8 8 7 16 16 9 11 11 14 14 8 14 14 8 7 7 6 6 5 5 5 5 2 2 1 1 2 1 1 1 2 2 1 1 2 2 2 2
 8 8 11 11 11 11 9 9 8 8 7 16 16 9 11 11 14 14 8 14 14 8 7 7 6 6 5 5 5 5 2 2 1 1 2 1 1 1 2 2 1 1 2 2 2 2
 11 11 12 12 12 11 8 8 7 7 10 15 15 6 12 12 14 14 8 9 9 6 5 5 5 5 3 5 5 13 3 3 2 2 1 1 1 2 4 4 1 1 1 1 1 1
 11 11 12 12 12 11 8 8 7 7 10 15 15 6 12 12 14 14 8 9 9 6 5 5 5 5 3 5 5 13 3 3 2 2 1 1 1 2 4 4 1 1 1 1 1 1
 15 15 11 16 16 13 8 8 11 11 13 10 10 8 9 9 8 8 4 8 8 7 5 5 3 3 2 3 3 13 8 8 7 7 5 5 5 6 5 5 2 2 1 1 1 1
 11 11 11 15 15 14 13 13 16 16 11 10 10 13 11 11 8 8 5 5 5 7 4 4 7 7 2 2 2 3 3 3 3 3 3 3 3 6 3 3 2 2 2 2 2 2
 11 11 11 15 15 14 13 13 16 16 11 10 10 13 11 11 8 8 5 5 5 7 4 4 7 7 2 2 2 3 3 3 3 3 3 3 3 6 3 3 2 2 2 2 2 2
 9 9 11 17 17 11 11 11 17 17 19 18 18 22 16 16 11 11 5 6 6 7 10 10 12 12 2 2 2 2 2 2 1 1 2 2 2 4 3 3 2 2 3 2 2 2
 12 12 9 14 14 11 11 11 14 14 22 21 21 28 24 24 22 22 8 7 7 10 12 12 15 15 5 4 4 2 2 2 2 2 2 3 3 4 3 3 3 3 4 3 3 3
 12 12 9 14 14 11 11 11 14 14 22 21 21 28 24 24 22 22 8 7 7 10 12 12 15 15 5 4 4 2 2 2 2 2 2 3 3 4 3 3 3 3 4 3 3 3
 13 13 12 17 17 13 14 14 16 16 25 19 19 22 21 21 20 20 8 8 8 9 10 10 15 15 14 11 11 9 3 3 3 3 3 4 4 5 4 4 4 4 5 5 5 6
 13 13 12 17 17 13 14 14 16 16 25 19 19 22 21 21 20 20 8 8 8 9 10 10 15 15 14 11 11 9 3 3 3 3 3 4 4 5 4 4 4 4 5 5 5 6
 13 13 15 28 28 11 13 13 16 16 25 37 37 36 16 16 7 7 8 12 12 9 14 14 14 14 13 10 10 4 4 4 5 5 5 5 5 6 6 6 10 10 6 7 7 8
 17 17 17 19 19 19 16 16 12 12 18 18 18 34 14 14 8 8 10 13 13 6 8 8 14 14 8 14 14 8 7 7 7 7 6 6 6 6 7 7 11 11 8 7 7 8
 17 17 17 19 19 19 16 16 12 12 18 18 18 34 14 14 8 8 10 13 13 6 8 8 14 14 8 14 14 8 7 7 7 7 6 6 6 6 7 7 11 11 8 7 7 8
 9 9 11 8 8 10 10 10 11 11 13 13 13 9 9 9 7 7 16 24 24 18 21 21 20 20 10 9 9 8 8 8 8 8 7 7 7 12 8 8 10 10 9 9 9 9
 5 5 6 7 7 9 8 8 9 9 15 9 9 8 7 7 16 16 19 20 20 24 23 23 15 15 12 11 11 10 9 9 9 9 9 8 8 8 11 11 9 9 10 10 10 12
 5 5 6 7 7 9 8 8 9 9 15 9 9 8 7 7 16 16 19 20 20 24 23 23 15 15 12 11 11 10 9 9 9 9 9 8 8 8 11 11 9 9 10 10 10 12
 7 7 8 7 7 7 7 7 10 10 21 15 15 7 6 6 14 14 19 18 18 19 12 12 16 16 12 11 11 9 9 9 9 9 9 8 8 8 8 8 8 8 9 9 9 8
 7 7 8 7 7 7 7 7 10 10 21 15 15 7 6 6 14 14 19 18 18 19 12 12 16 16 12 11 11 9 9 9 9 9 9 8 8 8 8 8 8 8 9 9 9 8
 9 9 10 9 9 9 9 9 14 14 28 10 10 8 8 8 13 13 13 14 14 19 14 14 16 16 12 9 9 9 8 8 8 8 8 8 8 8 9 9 10 10 10 8 8 7
 10 10 10 11 11 10 9 9 16 16 23 19 19 17 16 16 16 16 16 14 14 12 20 20 9 9 11 10 10 9 9 9 8 8 7 8 8 8 8 8 10 10 8 7 7 6
 10 10 10 11 11 10 9 9 16 16 23 19 19 17 16 16 16 16 16 14 14 12 20 20 9 9 11 10 10 9 9 9 8 8 7 8 8 8 8 8 10 10 8 7 7 6
 11 11 12 12 12 11 11 11 13 13 13 21 21 30 25 25 20 20 20 24 24 10 9 9 10 10 9 9 9 10 8 8 8 8 8 7 7 7 7 7 8 8 7 5 5 4
 11 11 11 12 12 10 11 11 12 12 14 20 20 37 27 27 20 20 20 19 19 14 8 8 9 9 7 7 7 9 7 7 7 7 8 7 7 6 6 6 6 6 5 4 4 3
 11 11 11 12 12 10 11 11 12 12 14 20 20 37 27 27 20 20 20 19 19 14 8 8 9 9 7 7 7 9 7 7 7 7 8 7 7 6 6 6 6 6 5 4 4 3
 8 8 8 8 8 9 11 11 11 11 13 16 16 30 28 28 21 21 19 16 16 13 9 9 9 9 8 8 8 7 6 6 6 6 6 9 9 5 4 4 4 4 3 2 2 2
 8 8 8 8 8 9 11 11 11 11 13 16 16 30 28 28 21 21 19 16 16 13 9 9 9 9 8 8 8 7 6 6 6 6 6 9 9 5 4 4 4 4 3 2 2 2
 7 7 7 8 8 9 14 14 15 15 13 15 15 20 18 18 18 18 15 14 14 13 10 10 9 9 7 5 5 6 5 5 5 5 5 4 4 4 3 3 3 3 2 2 2 1
 4 4 7 13 13 15 17 17 16 16 20 22 22 21 20 20 19 19 17 17 17 14 11 11 8 8 6 4 4 5 5 5 5 5 4 3 3 3 2 2 4 4 3 2 2 1
 4 4 7 13 13 15 17 17 16 16 20 22 22 21 20 20 19 19 17 17 17 14 11 11 8 8 6 4 4 5 5 5 5 5 4 3 3 3 2 2 4 4 3 2 2 1
 4 4 6 8 8 9 11 11 13 13 17 21 21 18 17 17 15 15 15 14 14 12 9 9 8 8 6 3 3 3 6 6 7 7 4 2 2 2 4 4 4 4 1 1 1 0
 7 7 6 8 8 9 10 10 10 10 11 12 12 11 9 9 9 9 7 7 7 6 5 5 4 4 4 3 3 2 3 3 4 4 3 2 2 3 2 2 3 3 2 0 0 0
 7 7 6 8 8 9 10 10 10 10 11 12 12 11 9 9 9 9 7 7 7 6 5 5 4 4 4 3 3 2 3 3 4 4 3 2 2 3 2 2 3 3 2 0 0 0
 8 8 8 9 9 10 11 11 12 12 11 11 11 8 7 7 5 5 4 4 4 4 4 4 3 3 3 2 2 1 1 1 2 2 2 2 2 2 1 1 1 1 3 1 1 0
 8 8 8 9 9 10 11 11 12 12 11 11 11 8 7 7 5 5 4 4 4 4 4 4 3 3 3 2 2 1 1 1 2 2 2 2 2 2 1 1 1 1 3 1 1 0
 8 8 9 10 10 11 12 12 12 12 10 8 8 6 6 6 5 5 4 4 4 4 4 4 3 3 2 1 1 1 1 1 2 2 3 2 2 2 1 1 0 0 0 0 0 0
 10 10 11 11 11 11 12 12 11 11 9 8 8 7 6 6 4 4 4 4 4 4 3 3 2 2 2 1 1 1 1 1 3 3 1 2 2 3 4 4 1 1 5 0 0 0
 10 10 11 11 11 11 12 12 11 11 9 8 8 7 6 6 4 4 4 4 4 4 3 3 2 2 2 1 1 1 1 1 3 3 1 2 2 3 4 4 1 1 5 0 0 0
 10 10 11 13 13 10 9 9 9 9 12 10 10 7 9 9 6 6 5 4 4 4 2 2 2 2 2 1 1 1 1 1 3 3 2 3 3 3 3 3 1 1 2 1 1 0
 9 9 10 13 13 9 7 7 7 7 10 11 11 11 12 12 9 9 6 5 5 5 4 4 3 3 2 2 2 1 1 1 1 1 1 1 1 1 2 2 1 1 1 1 1 0
