assets/RAT_results/precipitation/2020-12-05_IMERG.asc
ncols        46
nrows        77
xllcorner    74.800261325624
yllcorner    8.058333333333
cellsize     0.062500000000
NODATA_value -9999
 0 0 0 0 0 0 0 0 0 0 0 0 0 0 0 0 0 0 0 0 0 0 0 0 0 0 0 0 0 0 0 0 0 0 0 0 0 0 1 1 1 1 1 0 0 0
 0 0 0 0 0 0 0 0 0 0 0 0 0 0 0 0 0 0 0 0 0 0 0 0 0 0 0 0 0 0 0 0 0 0 0 0 0 0 1 1 1 1 0 0 0 0
 0 0 0 0 0 0 0 0 0 0 0 0 0 0 0 0 0 0 0 0 0 0 0 0 0 0 0 0 0 0 0 0 0 0 0 0 0 0 1 1 1 1 0 0 0 0
 0 0 0 0 0 0 0 0 0 0 0 0 0 0 0 0 0 0 0 0 0 0 0 0 0 0 0 0 0 0 0 0 0 0 0 0 0 0 1 1 1 1 0 0 0 0
 0 0 0 0 0 0 0 0 0 0 0 0 0 0 0 0 0 0 0 0 0 0 0 0 0 0 0 0 0 0 0 0 0 0 0 0 0 0 0 0 0 0 0 0 0 0
 0 0 0 0 0 0 0 0 0 0 0 0 0 0 0 0 0 0 0 0 0 0 0 0 0 0 0 0 0 0 0 0 0 0 0 0 0 0 0 0 0 0 0 0 0 0
 0 0 0 0 0 0 0 0 0 0 0 0 0 0 0 0 0 0 0 0 0 0 0 0 0 0 0 0 0 0 0 0 0 0 0 0 0 0 0 0 0 0 0 0 0 0
 0 0 0 0 0 0 0 0 0 0 0 0 0 0 0 0 0 0 0 0 0 0 0 0 0 0 0 0 0 0 0 0 0 0 0 0 0 0 0 0 0 0 0 0 0 0
 0 0 0 0 0 0 0 0 0 0 0 0 0 0 0 0 0 0 0 0 0 0 0 0 0 0 0 0 0 0 0 0 0 0 0 0 0 0 1 1 0 0 0 0 0 0
 0 0 0 0 0 0 0 0 0 0 0 0 0 0 0 0 0 0 0 0 0 0 0 0 0 0 0 0 0 0 0 0 0 0 0 0 0 0 0 0 0 0 1 1 1 1
 0 0 0 0 0 0 0 0 0 0 0 0 0 0 0 0 0 0 0 0 0 0 0 0 0 0 0 0 0 0 0 0 0 0 0 0 0 0 0 0 0 0 1 1 1 1
 0 0 0 0 0 0 0 0 0 0 0 0 0 0 0 0 0 0 0 0 0 0 0 0 0 0 0 0 0 0 0 0 0 0 0 0 0 1 0 0 0 0 1 1 1 0
 0 0 0 0 0 0 0 0 0 0 0 0 0 0 0 0 0 0 0 0 0 0 0 0 0 0 0 0 0 0 0 0 0 0 0 0 0 2 0 0 0 0 1 0 0 0
 0 0 0 0 0 0 0 0 0 0 0 0 0 0 0 0 0 0 0 0 0 0 0 0 0 0 0 0 0 0 0 0 0 0 0 0 0 2 0 0 0 0 1 0 0 0
 0 0 0 0 0 0 0 0 1 1 0 0 0 0 0 0 0 0 0 0 0 0 0 0 0 0 0 0 0 0 0 0 0 0 0 0 0 1 1 1 0 0 0 0 0 0
 0 0 0 0 0 0 0 0 1 1 0 0 0 0 0 0 0 0 0 0 0 0 0 0 0 0 0 0 0 0 0 0 0 0 0 0 0 1 1 1 0 0 0 0 0 0
 0 0 0 0 0 0 0 0 0 0 0 0 0 0 0 0 0 0 0 0 0 0 0 0 0 0 0 0 0 0 0 0 0 0 0 0 0 0 0 0 0 0 0 1 1 1
 0 0 0 0 0 0 0 0 0 0 1 1 1 0 0 0 0 0 0 0 0 0 0 0 0 0 0 0 0 0 0 0 0 0 0 0 0 0 0 0 0 0 0 1 1 1
 0 0 0 0 0 0 0 0 0 0 1 1 1 0 0 0 0 0 0 0 0 0 0 0 0 0 0 0 0 0 0 0 0 0 0 0 0 0 0 0 0 0 0 1 1 1
 0 0 0 0 0 0 0 0 0 0 0 1 1 1 0 0 0 0 0 0 0 0 0 0 0 0 0 0 0 0 0 0 0 0 0 0 0 1 1 1 0 0 0 0 0 0
 1 1 0 0 0 0 0 0 0 0 0 1 1 1 0 0 0 0 0 0 0 0 0 0 0 0 0 0 0 0 0 0 0 0 0 1 1 0 1 1 1 1 0 1 1 0
 1 1 0 0 0 0 0 0 0 0 0 1 1 1 0 0 0 0 0 0 0 0 0 0 0 0 0 0 0 0 0 0 0 0 0 1 1 0 1 1 1 1 0 1 1 0
 3 3 1 0 0 0 0 0 1 1 1 1 1 1 2 2 1 1 1 1 1 0 0 0 0 0 1 1 1 0 0 0 1 1 0 1 1 0 0 0 0 0 0 1 1 1
 3 3 1 0 0 0 0 0 1 1 1 1 1 1 2 2 1 1 1 1 1 0 0 0 0 0 1 1 1 0 0 0 1 1 0 1 1 0 0 0 0 0 0 1 1 1
 2 2 2 1 1 1 1 1 0 0 1 2 2 1 2 2 1 1 1 2 2 0 0 0 0 0 4 2 2 3 2 2 1 1 1 0 0 0 0 0 0 0 0 1 1 1
 3 3 2 2 2 2 2 2 1 1 2 6 6 4 6 6 3 3 2 6 6 6 8 8 8 8 1 3 3 3 1 1 0 0 0 0 0 0 0 0 1 1 0 1 1 1
 3 3 2 2 2 2 2 2 1 1 2 6 6 4 6 6 3 3 2 6 6 6 8 8 8 8 1 3 3 3 1 1 0 0 0 0 0 0 0 0 1 1 0 1 1 1
 4 4 2 2 2 2 2 2 1 1 4 4 4 3 1 1 3 3 3 1 1 1 4 4 0 0 2 3 3 2 2 2 1 1 1 0 0 0 0 0 0 0 0 1 1 1
 4 4 2 3 3 2 1 1 2 2 1 1 1 1 1 1 3 3 2 1 1 1 3 3 1 1 1 1 1 1 2 2 1 1 1 1 1 0 0 0 0 0 1 1 1 1
 4 4 2 3 3 2 1 1 2 2 1 1 1 1 1 1 3 3 2 1 1 1 3 3 1 1 1 1 1 1 2 2 1 1 1 1 1 0 0 0 0 0 1 1 1 1
 3 3 3 4 4 2 1 1 2 2 1 1 1 1 1 1 2 2 3 2 2 3 3 3 3 3 1 1 1 1 1 1 1 1 1 0 0 0 0 0 0 0 0 1 1 1
 3 3 3 4 4 2 1 1 2 2 1 1 1 1 1 1 2 2 3 2 2 3 3 3 3 3 1 1 1 1 1 1 1 1 1 0 0 0 0 0 0 0 0 1 1 1
 3 3 4 4 4 3 7 7 2 2 2 1 1 1 1 1 2 2 3 3 3 4 6 6 3 3 1 1 1 1 0 0 0 0 1 1 1 0 0 0 0 0 0 1 1 1
 3 3 3 4 4 8 7 7 1 1 1 1 1 1 0 0 0 0 3 4 4 6 5 5 2 2 1 1 1 1 2 2 0 0 1 1 1 1 1 1 1 1 1 1 1 2
 3 3 3 4 4 8 7 7 1 1 1 1 1 1 0 0 0 0 3 4 4 6 5 5 2 2 1 1 1 1 2 2 0 0 1 1 1 1 1 1 1 1 1 1 1 2
 3 3 4 3 3 2 4 4 3 3 1 1 1 1 2 2 2 2 2 3 3 3 4 4 2 2 2 1 1 1 2 2 2 2 4 4 4 2 1 1 2 2 1 2 2 2
 4 4 4 3 3 4 3 3 1 1 1 1 1 1 1 1 2 2 1 3 3 4 3 3 2 2 2 1 1 1 4 4 3 3 3 4 4 2 0 0 0 0 2 1 1 1
 4 4 4 3 3 4 3 3 1 1 1 1 1 1 1 1 2 2 1 3 3 4 3 3 2 2 2 1 1 1 4 4 3 3 3 4 4 2 0 0 0 0 2 1 1 1
 3 3 4 2 2 2 1 1 1 1 0 0 0 1 0 0 4 4 1 5 5 6 6 6 6 6 4 3 3 4 4 4 2 2 3 2 2 2 1 1 2 2 2 2 2 2
 3 3 4 2 2 2 1 1 1 1 0 0 0 1 0 0 4 4 1 5 5 6 6 6 6 6 4 3 3 4 4 4 2 2 3 2 2 2 1 1 2 2 2 2 2 2
 2 2 3 2 2 1 1 1 1 1 0 0 0 0 1 1 0 0 0 5 5 6 6 6 4 4 4 3 3 3 4 4 3 3 3 3 3 3 3 3 3 3 2 2 2 3
 1 1 1 1 1 1 1 1 1 1 1 1 1 1 1 1 2 2 4 4 4 10 7 7 3 3 3 0 0 2 2 2 2 2 2 3 3 5 5 5 4 4 4 4 4 3
 1 1 1 1 1 1 1 1 1 1 1 1 1 1 1 1 2 2 4 4 4 10 7 7 3 3 3 0 0 2 2 2 2 2 2 3 3 5 5 5 4 4 4 4 4 3
 1 1 1 1 1 1 1 1 1 1 1 2 2 2 1 1 1 1 4 9 9 11 7 7 3 3 1 1 1 2 2 2 1 1 9 5 5 8 6 6 5 5 3 2 2 2
 1 1 0 0 0 0 1 1 1 1 1 2 2 2 1 1 3 3 8 20 20 17 11 11 10 10 4 1 1 3 4 4 17 17 20 14 14 11 7 7 5 5 4 3 3 2
 1 1 0 0 0 0 1 1 1 1 1 2 2 2 1 1 3 3 8 20 20 17 11 11 10 10 4 1 1 3 4 4 17 17 20 14 14 11 7 7 5 5 4 3 3 2
 1 1 0 0 0 0 2 2 1 1 1 3 3 4 5 5 5 5 10 8 8 18 9 9 5 5 4 3 3 4 10 10 17 17 8 13 13 13 10 10 5 5 3 3 3 3
 1 1 0 0 0 0 2 2 1 1 1 3 3 4 5 5 5 5 10 8 8 18 9 9 5 5 4 3 3 4 10 10 17 17 8 13 13 13 10 10 5 5 3 3 3 3
 2 2 1 1 1 4 3 3 3 3 2 2 2 3 8 8 5 5 7 7 7 11 7 7 6 6 5 6 6 4 6 6 10 10 7 9 9 7 6 6 7 7 3 3 3 3
 4 4 2 2 2 3 5 5 3 3 3 5 5 8 8 8 9 9 7 8 8 7 9 9 13 13 19 20 20 18 13 13 7 7 9 8 8 5 4 4 5 5 6 4 4 4
 4 4 2 2 2 3 5 5 3 3 3 5 5 8 8 8 9 9 7 8 8 7 9 9 13 13 19 20 20 18 13 13 7 7 9 8 8 5 4 4 5 5 6 4 4 4
 2 2 2 2 2 4 2 2 3 3 2 5 5 8 7 7 7 7 6 7 7 6 8 8 8 8 20 18 18 18 13 13 7 7 7 9 9 7 7 7 8 8 8 9 9 9
 1 1 1 2 2 1 1 1 1 1 2 3 3 5 3 3 10 10 10 10 10 12 11 11 8 8 13 16 16 20 23 23 16 16 12 14 14 15 12 12 12 12 17 16 16 12
 1 1 1 2 2 1 1 1 1 1 2 3 3 5 3 3 10 10 10 10 10 12 11 11 8 8 13 16 16 20 23 23 16 16 12 14 14 15 12 12 12 12 17 16 16 12
 1 1 1 1 1 2 2 2 2 2 2 5 5 4 5 5 15 15 17 17 17 13 16 16 18 18 16 25 25 29 29 29 27 27 18 14 14 24 14 14 17 17 20 10 10 14
 1 1 1 1 1 2 2 2 2 2 2 5 5 4 5 5 15 15 17 17 17 13 16 16 18 18 16 25 25 29 29 29 27 27 18 14 14 24 14 14 17 17 20 10 10 14
 2 2 2 2 2 2 3 3 3 3 3 5 5 9 8 8 25 25 27 26 26 27 33 33 24 24 21 28 28 30 36 36 24 24 31 32 32 27 25 25 21 21 15 5 5 11
 2 2 2 3 3 3 3 3 5 5 4 6 6 12 27 27 27 27 40 26 26 25 28 28 42 42 30 33 33 27 34 34 25 25 22 20 20 29 28 28 24 24 14 9 9 4
 2 2 2 3 3 3 3 3 5 5 4 6 6 12 27 27 27 27 40 26 26 25 28 28 42 42 30 33 33 27 34 34 25 25 22 20 20 29 28 28 24 24 14 9 9 4
 3 3 3 3 3 4 5 5 7 7 6 9 9 19 36 36 34 34 30 30 30 24 23 23 29 29 29 29 29 34 31 31 31 31 27 23 23 26 23 23 26 26 9 11 11 1
 5 5 5 5 5 6 5 5 8 8 7 14 14 20 38 38 39 39 52 34 34 33 33 33 34 34 44 34 34 39 38 38 33 33 32 23 23 30 24 24 17 17 12 3 3 3
 5 5 5 5 5 6 5 5 8 8 7 14 14 20 38 38 39 39 52 34 34 33 33 33 34 34 44 34 34 39 38 38 33 33 32 23 23 30 24 24 17 17 12 3 3 3
 6 6 6 7 7 10 8 8 10 10 10 15 15 21 38 38 36 36 42 62 62 58 69 69 76 76 72 42 42 44 37 37 32 32 31 34 34 28 28 28 17 17 12 5 5 4
 6 6 6 7 7 10 8 8 10 10 10 15 15 21 38 38 36 36 42 62 62 58 69 69 76 76 72 42 42 44 37 37 32 32 31 34 34 28 28 28 17 17 12 5 5 4
 8 8 7 8 8 12 19 19 10 10 17 25 25 22 37 37 39 39 47 50 50 101 74 74 61 61 54 45 45 41 29 29 29 29 28 21 21 20 19 19 18 18 15 10 10 14
 10 10 13 15 15 24 19 19 23 23 19 26 26 38 38 38 44 44 46 87 87 70 72 72 80 80 56 45 45 34 32 32 34 34 20 18 18 19 18 18 15 15 13 10 10 9
 10 10 13 15 15 24 19 19 23 23 19 26 26 38 38 38 44 44 46 87 87 70 72 72 80 80 56 45 45 34 32 32 34 34 20 18 18 19 18 18 15 15 13 10 10 9
 12 12 19 17 17 19 22 22 15 15 18 26 26 44 40 40 56 56 83 85 85 88 60 60 58 58 40 47 47 38 29 29 29 29 22 14 14 16 14 14 16 16 18 12 12 9
 26 26 28 21 21 18 21 21 18 18 17 27 27 37 38 38 56 56 88 84 84 70 50 50 56 56 55 29 29 33 34 34 27 27 22 16 16 13 14 14 15 15 16 13 13 10
 26 26 28 21 21 18 21 21 18 18 17 27 27 37 38 38 56 56 88 84 84 70 50 50 56 56 55 29 29 33 34 34 27 27 22 16 16 13 14 14 15 15 16 13 13 10
 16 16 13 10 10 10 14 14 18 18 22 22 22 31 31 31 35 35 47 40 40 45 33 33 26 26 39 27 27 24 28 28 25 25 22 16 16 14 8 8 8 8 9 10 10 10
 16 16 13 10 10 10 14 14 18 18 22 22 22 31 31 31 35 35 47 40 40 45 33 33 26 26 39 27 27 24 28 28 25 25 22 16 16 14 8 8 8 8 9 10 10 10
 14 14 11 10 10 14 22 22 21 21 17 20 20 27 24 24 27 27 22 18 18 19 20 20 14 14 21 18 18 10 12 12 17 17 18 18 18 17 8 8 6 6 9 7 7 8
 9 9 10 9 9 9 13 13 10 10 8 18 18 21 21 21 18 18 8 12 12 11 11 11 13 13 8 11 11 7 8 8 15 15 16 18 18 18 12 12 9 9 7 8 8 10
 9 9 10 9 9 9 13 13 10 10 8 18 18 21 21 21 18 18 8 12 12 11 11 11 13 13 8 11 11 7 8 8 15 15 16 18 18 18 12 12 9 9 7 8 8 10
 7 7 8 7 7 7 7 7 5 5 7 6 6 7 10 10 14 14 5 6 6 5 6 6 8 8 7 6 6 7 7 7 14 14 17 18 18 16 16 16 16 16 13 8 8 10
 4 4 4 5 5 3 4 4 3 3 3 5 5 6 7 7 3 3 4 4 4 4 7 7 6 6 7 7 7 7 8 8 8 8 10 14 14 16 15 15 14 14 18 18 18 16
