assets/RAT_results/precipitation/2020-06-25_IMERG.asc
ncols        46
nrows        77
xllcorner    74.800261325624
yllcorner    8.058333333333
cellsize     0.062500000000
NODATA_value -9999
 2 2 1 1 1 1 2 2 2 2 1 2 2 3 5 5 8 8 10 12 12 14 19 19 22 22 28 32 32 29 40 40 17 17 14 16 16 20 28 28 38 38 29 25 25 25
 9 9 4 1 1 1 4 4 2 2 4 3 3 4 3 3 7 7 9 11 11 11 15 15 18 18 18 26 26 26 17 17 14 14 10 10 10 9 10 10 14 14 19 22 22 20
 9 9 4 1 1 1 4 4 2 2 4 3 3 4 3 3 7 7 9 11 11 11 15 15 18 18 18 26 26 26 17 17 14 14 10 10 10 9 10 10 14 14 19 22 22 20
 14 14 11 2 2 2 2 2 4 4 5 4 4 3 3 3 4 4 5 5 5 7 9 9 18 18 8 11 11 12 11 11 8 8 4 4 4 7 11 11 13 13 14 18 18 13
 3 3 6 3 3 2 2 2 3 3 8 8 8 5 3 3 2 2 2 3 3 3 4 4 4 4 4 7 7 6 7 7 9 9 6 5 5 7 7 7 7 7 11 13 13 26
 3 3 6 3 3 2 2 2 3 3 8 8 8 5 3 3 2 2 2 3 3 3 4 4 4 4 4 7 7 6 7 7 9 9 6 5 5 7 7 7 7 7 11 13 13 26
 2 2 1 2 2 3 1 1 3 3 2 2 2 1 4 4 1 1 2 2 2 2 2 2 2 2 3 5 5 7 4 4 4 4 3 4 4 6 7 7 9 9 12 12 12 22
 2 2 1 2 2 3 1 1 3 3 2 2 2 1 4 4 1 1 2 2 2 2 2 2 2 2 3 5 5 7 4 4 4 4 3 4 4 6 7 7 9 9 12 12 12 22
 1 1 1 2 2 3 1 1 1 1 1 2 2 2 3 3 1 1 1 1 1 1 2 2 1 1 2 1 1 1 1 1 3 3 3 4 4 6 1 1 5 5 5 21 21 60
 4 4 3 8 8 7 1 1 0 0 0 2 2 3 1 1 1 1 1 1 1 2 2 2 2 2 1 2 2 2 2 2 2 2 2 2 2 2 3 3 6 6 8 9 9 11
 4 4 3 8 8 7 1 1 0 0 0 2 2 3 1 1 1 1 1 1 1 2 2 2 2 2 1 2 2 2 2 2 2 2 2 2 2 2 3 3 6 6 8 9 9 11
 7 7 11 8 8 10 2 2 1 1 0 1 1 1 1 1 2 2 1 2 2 3 3 3 4 4 3 2 2 2 3 3 4 4 5 6 6 6 5 5 6 6 5 13 13 17
 11 11 13 11 11 10 13 13 10 10 0 0 0 0 0 0 1 1 0 1 1 2 3 3 3 3 3 3 3 5 3 3 6 6 6 7 7 6 8 8 7 7 6 10 10 18
 11 11 13 11 11 10 13 13 10 10 0 0 0 0 0 0 1 1 0 1 1 2 3 3 3 3 3 3 3 5 3 3 6 6 6 7 7 6 8 8 7 7 6 10 10 18
 9 9 12 12 12 9 13 13 9 9 1 1 1 0 0 0 0 0 0 2 2 1 1 1 3 3 3 3 3 5 5 5 6 6 6 6 6 7 12 12 16 16 9 12 12 10
 9 9 12 12 12 9 13 13 9 9 1 1 1 0 0 0 0 0 0 2 2 1 1 1 3 3 3 3 3 5 5 5 6 6 6 6 6 7 12 12 16 16 9 12 12 10
 5 5 8 11 11 11 8 8 7 7 1 1 1 1 1 1 1 1 2 2 2 2 1 1 1 1 2 2 2 4 4 4 4 4 6 6 6 7 11 11 11 11 8 8 8 4
 2 2 3 10 10 7 7 7 8 8 11 5 5 1 1 1 1 1 1 1 1 1 1 1 1 1 2 2 2 2 2 2 3 3 4 5 5 8 13 13 19 19 18 7 7 9
 2 2 3 10 10 7 7 7 8 8 11 5 5 1 1 1 1 1 1 1 1 1 1 1 1 1 2 2 2 2 2 2 3 3 4 5 5 8 13 13 19 19 18 7 7 9
 2 2 4 5 5 6 3 3 9 9 9 5 5 4 1 1 1 1 2 2 2 2 2 2 2 2 2 2 2 2 2 2 3 3 4 4 4 10 34 34 11 11 8 7 7 7
 3 3 2 4 4 3 1 1 3 3 5 7 7 8 2 2 1 1 1 1 1 2 2 2 2 2 3 2 2 5 4 4 5 5 8 7 7 7 8 8 7 7 11 9 9 10
 3 3 2 4 4 3 1 1 3 3 5 7 7 8 2 2 1 1 1 1 1 2 2 2 2 2 3 2 2 5 4 4 5 5 8 7 7 7 8 8 7 7 11 9 9 10
 5 5 7 5 5 2 1 1 1 1 5 1 1 9 3 3 2 2 1 2 2 1 1 1 1 1 2 4 4 7 7 7 7 7 5 12 12 9 10 10 13 13 14 10 10 28
 5 5 7 5 5 2 1 1 1 1 5 1 1 9 3 3 2 2 1 2 2 1 1 1 1 1 2 4 4 7 7 7 7 7 5 12 12 9 10 10 13 13 14 10 10 28
 7 7 7 8 8 2 2 2 0 0 1 3 3 4 6 6 3 3 2 2 2 2 0 0 1 1 3 4 4 6 5 5 7 7 7 17 17 16 11 11 7 7 13 16 16 21
 8 8 7 8 8 6 3 3 1 1 1 3 3 2 5 5 4 4 1 1 1 1 1 1 3 3 4 5 5 5 6 6 5 5 8 11 11 13 10 10 9 9 13 10 10 21
 8 8 7 8 8 6 3 3 1 1 1 3 3 2 5 5 4 4 1 1 1 1 1 1 3 3 4 5 5 5 6 6 5 5 8 11 11 13 10 10 9 9 13 10 10 21
 8 8 7 10 10 6 7 7 2 2 2 2 2 2 2 2 3 3 1 1 1 1 1 1 4 4 3 6 6 5 3 3 2 2 3 5 5 5 8 8 6 6 10 8 8 13
 8 8 6 10 10 9 9 9 7 7 3 2 2 2 2 2 4 4 2 1 1 1 2 2 3 3 3 4 4 3 3 3 4 4 3 4 4 4 4 4 10 10 8 7 7 11
 8 8 6 10 10 9 9 9 7 7 3 2 2 2 2 2 4 4 2 1 1 1 2 2 3 3 3 4 4 3 3 3 4 4 3 4 4 4 4 4 10 10 8 7 7 11
 12 12 11 10 10 14 10 10 4 4 4 2 2 1 2 2 4 4 10 1 1 1 2 2 2 2 3 2 2 3 3 3 3 3 5 6 6 6 9 9 10 10 7 7 7 18
 12 12 11 10 10 14 10 10 4 4 4 2 2 1 2 2 4 4 10 1 1 1 2 2 2 2 3 2 2 3 3 3 3 3 5 6 6 6 9 9 10 10 7 7 7 18
 14 14 12 11 11 14 14 14 6 6 3 2 2 2 3 3 5 5 9 2 2 3 3 3 3 3 3 3 3 3 4 4 3 3 6 7 7 7 13 13 20 20 20 22 22 15
 13 13 13 11 11 11 8 8 5 5 2 3 3 2 4 4 0 0 2 3 3 6 7 7 7 7 6 5 5 4 4 4 8 8 11 13 13 13 14 14 22 22 22 14 14 13
 13 13 13 11 11 11 8 8 5 5 2 3 3 2 4 4 0 0 2 3 3 6 7 7 7 7 6 5 5 4 4 4 8 8 11 13 13 13 14 14 22 22 22 14 14 13
 13 13 11 9 9 7 7 7 7 7 4 3 3 2 2 2 1 1 3 4 4 3 3 3 3 3 3 3 3 4 6 6 11 11 13 13 13 17 19 19 19 19 20 16 16 14
 22 22 12 11 11 9 9 9 7 7 12 8 8 5 5 5 4 4 8 8 8 7 5 5 4 4 2 2 2 3 4 4 8 8 11 11 11 14 18 18 19 19 21 22 22 23
 22 22 12 11 11 9 9 9 7 7 12 8 8 5 5 5 4 4 8 8 8 7 5 5 4 4 2 2 2 3 4 4 8 8 11 11 11 14 18 18 19 19 21 22 22 23
 26 26 19 12 12 14 10 10 12 12 16 9 9 6 6 6 9 9 10 12 12 8 7 7 7 7 6 4 4 3 4 4 8 8 5 9 9 12 13 13 16 16 21 22 22 17
 26 26 19 12 12 14 10 10 12 12 16 9 9 6 6 6 9 9 10 12 12 8 7 7 7 7 6 4 4 3 4 4 8 8 5 9 9 12 13 13 16 16 21 22 22 17
 36 36 27 19 19 26 15 15 14 14 16 10 10 9 7 7 8 8 9 13 13 10 8 8 7 7 14 11 11 10 4 4 6 6 6 10 10 11 14 14 20 20 22 24 24 17
 51 51 39 23 23 24 17 17 16 16 16 18 18 12 11 11 8 8 3 18 18 22 20 20 16 16 15 14 14 15 9 9 10 10 8 13 13 12 16 16 22 22 26 22 22 19
 51 51 39 23 23 24 17 17 16 16 16 18 18 12 11 11 8 8 3 18 18 22 20 20 16 16 15 14 14 15 9 9 10 10 8 13 13 12 16 16 22 22 26 22 22 19
 63 63 47 38 38 22 25 25 21 21 14 19 19 12 11 11 3 3 5 18 18 26 23 23 20 20 19 22 22 24 13 13 12 12 10 16 16 16 20 20 26 26 26 22 22 20
 63 63 50 43 43 35 31 31 27 27 17 15 15 10 5 5 4 4 6 20 20 20 28 28 22 22 19 19 19 22 23 23 13 13 10 15 15 14 20 20 19 19 28 21 21 23
 63 63 50 43 43 35 31 31 27 27 17 15 15 10 5 5 4 4 6 20 20 20 28 28 22 22 19 19 19 22 23 23 13 13 10 15 15 14 20 20 19 19 28 21 21 23
 75 75 68 70 70 55 33 33 25 25 23 16 16 13 6 6 6 6 7 20 20 10 18 18 23 23 21 20 20 25 25 25 12 12 9 9 9 12 17 17 18 18 28 22 22 14
 75 75 68 70 70 55 33 33 25 25 23 16 16 13 6 6 6 6 7 20 20 10 18 18 23 23 21 20 20 25 25 25 12 12 9 9 9 12 17 17 18 18 28 22 22 14
 62 62 74 77 77 69 57 57 47 47 24 23 23 17 7 7 5 5 7 6 6 9 19 19 14 14 19 20 20 23 32 32 17 17 9 7 7 10 10 10 15 15 22 13 13 13
 59 59 71 80 80 81 57 57 50 50 44 43 43 21 21 21 4 4 5 7 7 6 10 10 14 14 18 20 20 22 19 19 19 19 12 8 8 9 9 9 15 15 12 12 12 17
 59 59 71 80 80 81 57 57 50 50 44 43 43 21 21 21 4 4 5 7 7 6 10 10 14 14 18 20 20 22 19 19 19 19 12 8 8 9 9 9 15 15 12 12 12 17
 49 49 55 68 68 69 69 69 56 56 49 49 49 43 35 35 3 3 6 7 7 7 16 16 15 15 12 17 17 17 20 20 17 17 13 7 7 6 7 7 9 9 12 12 12 17
 43 43 49 49 49 58 76 76 68 68 55 53 53 48 38 38 28 28 22 21 21 15 17 17 14 14 10 10 10 9 10 10 9 9 8 7 7 5 6 6 3 3 3 3 3 2
 43 43 49 49 49 58 76 76 68 68 55 53 53 48 38 38 28 28 22 21 21 15 17 17 14 14 10 10 10 9 10 10 9 9 8 7 7 5 6 6 3 3 3 3 3 2
 40 40 46 50 50 55 63 63 61 61 56 66 66 60 55 55 25 25 24 22 22 10 12 12 20 20 9 9 9 8 9 9 4 4 4 5 5 3 2 2 3 3 3 3 3 1
 40 40 46 50 50 55 63 63 61 61 56 66 66 60 55 55 25 25 24 22 22 10 12 12 20 20 9 9 9 8 9 9 4 4 4 5 5 3 2 2 3 3 3 3 3 1
 33 33 37 47 47 57 58 58 64 64 59 60 60 54 62 62 55 55 26 12 12 12 19 19 18 18 9 8 8 5 6 6 2 2 3 5 5 2 2 2 2 2 1 0 0 0
 31 31 34 43 43 61 69 69 79 79 72 75 75 65 66 66 58 58 33 21 21 14 17 17 4 4 8 6 6 5 4 4 3 3 4 6 6 4 3 3 3 3 0 0 0 1
 31 31 34 43 43 61 69 69 79 79 72 75 75 65 66 66 58 58 33 21 21 14 17 17 4 4 8 6 6 5 4 4 3 3 4 6 6 4 3 3 3 3 0 0 0 1
 30 30 44 47 47 52 65 65 66 66 75 68 68 66 58 58 45 45 26 23 23 13 15 15 4 4 6 5 5 3 4 4 4 4 4 3 3 5 3 3 1 1 0 0 0 0
 29 29 36 43 43 50 54 54 54 54 61 67 67 67 57 57 39 39 21 12 12 8 7 7 5 5 2 5 5 3 2 2 5 5 7 6 6 3 3 3 2 2 0 0 0 0
 29 29 36 43 43 50 54 54 54 54 61 67 67 67 57 57 39 39 21 12 12 8 7 7 5 5 2 5 5 3 2 2 5 5 7 6 6 3 3 3 2 2 0 0 0 0
 24 24 30 41 41 43 48 48 49 49 50 49 49 44 43 43 37 37 22 14 14 8 6 6 5 5 3 4 4 4 3 3 5 5 7 9 9 6 4 4 1 1 1 0 0 0
 24 24 30 41 41 43 48 48 49 49 50 49 49 44 43 43 37 37 22 14 14 8 6 6 5 5 3 4 4 4 3 3 5 5 7 9 9 6 4 4 1 1 1 0 0 0
 29 29 37 48 48 49 52 52 49 49 48 36 36 38 45 45 38 38 30 20 20 10 6 6 5 5 6 5 5 5 3 3 3 3 2 6 6 12 6 6 2 2 2 1 1 0
 34 34 43 54 54 58 61 61 63 63 60 55 55 57 41 41 36 36 29 21 21 14 11 11 8 8 7 5 5 7 4 4 11 11 5 8 8 16 13 13 3 3 2 1 1 0
 34 34 43 54 54 58 61 61 63 63 60 55 55 57 41 41 36 36 29 21 21 14 11 11 8 8 7 5 5 7 4 4 11 11 5 8 8 16 13 13 3 3 2 1 1 0
 39 39 48 58 58 71 75 75 75 75 78 89 89 88 62 62 57 57 33 25 25 17 13 13 8 8 6 7 7 3 4 4 9 9 9 11 11 13 14 14 9 9 1 1 1 1
 42 42 50 58 58 70 81 81 92 92 104 94 94 92 71 71 45 45 33 28 28 23 17 17 12 12 9 5 5 4 4 4 8 8 12 6 6 9 7 7 7 7 6 5 5 4
 42 42 50 58 58 70 81 81 92 92 104 94 94 92 71 71 45 45 33 28 28 23 17 17 12 12 9 5 5 4 4 4 8 8 12 6 6 9 7 7 7 7 6 5 5 4
 44 44 51 56 56 64 67 67 74 74 71 78 78 73 68 68 44 44 30 29 29 25 20 20 15 15 12 7 7 6 6 6 5 5 10 9 9 6 7 7 15 15 12 7 7 10
 44 44 51 56 56 64 67 67 74 74 71 78 78 73 68 68 44 44 30 29 29 25 20 20 15 15 12 7 7 6 6 6 5 5 10 9 9 6 7 7 15 15 12 7 7 10
 38 38 44 48 48 52 52 52 54 54 55 62 62 40 35 35 31 31 29 26 26 26 22 22 17 17 13 10 10 7 6 6 8 8 14 14 14 16 13 13 10 10 10 5 5 9
 32 32 36 38 38 37 37 37 35 35 33 33 33 32 28 28 28 28 29 27 27 28 24 24 20 20 16 12 12 8 7 7 8 8 11 13 13 16 21 21 16 16 11 3 3 4
 32 32 36 38 38 37 37 37 35 35 33 33 33 32 28 28 28 28 29 27 27 28 24 24 20 20 16 12 12 8 7 7 8 8 11 13 13 16 21 21 16 16 11 3 3 4
 24 24 25 26 26 25 27 27 28 28 29 29 29 28 30 30 28 28 25 25 25 25 22 22 17 17 14 11 11 10 11 11 10 10 15 17 17 16 13 13 8 8 4 1 1 3
 15 15 17 19 19 20 22 22 26 26 26 26 26 27 28 28 34 34 36 27 27 24 23 23 19 19 15 14 14 12 13 13 13 13 16 18 18 16 9 9 7 7 5 3 3 2
