assets/RAT_results/precipitation/2020-11-16_IMERG.asc
ncols        46
nrows        77
xllcorner    74.800261325624
yllcorner    8.058333333333
cellsize     0.062500000000
NODATA_value -9999
 16 16 7 2 2 3 4 4 9 9 8 4 4 2 8 8 5 5 4 4 4 3 2 2 3 3 2 3 3 4 12 12 9 9 7 8 8 12 12 12 22 22 19 23 23 24
 14 14 4 5 5 11 5 5 8 8 6 6 6 3 6 6 8 8 4 2 2 1 1 1 1 1 2 2 2 4 8 8 15 15 10 14 14 13 14 14 15 15 22 23 23 41
 14 14 4 5 5 11 5 5 8 8 6 6 6 3 6 6 8 8 4 2 2 1 1 1 1 1 2 2 2 4 8 8 15 15 10 14 14 13 14 14 15 15 22 23 23 41
 16 16 13 18 18 14 3 3 4 4 3 3 3 2 3 3 7 7 6 3 3 1 1 1 1 1 1 2 2 4 8 8 11 11 11 11 11 14 16 16 13 13 12 5 5 23
 13 13 14 17 17 14 10 10 7 7 5 4 4 4 3 3 6 6 5 3 3 3 2 2 1 1 2 4 4 4 8 8 9 9 6 9 9 15 17 17 15 15 10 10 10 17
 13 13 14 17 17 14 10 10 7 7 5 4 4 4 3 3 6 6 5 3 3 3 2 2 1 1 2 4 4 4 8 8 9 9 6 9 9 15 17 17 15 15 10 10 10 17
 8 8 16 16 16 20 49 49 20 20 5 5 5 4 4 4 7 7 4 3 3 2 2 2 3 3 3 10 10 3 6 6 9 9 10 12 12 11 17 17 19 19 13 17 17 22
 8 8 16 16 16 20 49 49 20 20 5 5 5 4 4 4 7 7 4 3 3 2 2 2 3 3 3 10 10 3 6 6 9 9 10 12 12 11 17 17 19 19 13 17 17 22
 9 9 17 21 21 25 23 23 24 24 15 6 6 6 6 6 8 8 3 2 2 3 5 5 9 9 8 12 12 8 9 9 13 13 16 13 13 14 15 15 15 15 20 26 26 22
 10 10 17 26 26 27 24 24 16 16 22 15 15 18 7 7 5 5 7 5 5 6 4 4 8 8 10 13 13 14 18 18 20 20 23 20 20 19 16 16 17 17 24 27 27 28
 10 10 17 26 26 27 24 24 16 16 22 15 15 18 7 7 5 5 7 5 5 6 4 4 8 8 10 13 13 14 18 18 20 20 23 20 20 19 16 16 17 17 24 27 27 28
 10 10 22 30 30 19 18 18 14 14 15 16 16 16 7 7 11 11 10 7 7 8 10 10 11 11 13 19 19 15 28 28 24 24 26 26 26 24 17 17 17 17 18 20 20 27
 11 11 14 15 15 20 21 21 25 25 18 16 16 11 8 8 14 14 19 18 18 12 12 12 14 14 24 24 24 25 24 24 29 29 24 24 24 23 14 14 15 15 21 24 24 29
 11 11 14 15 15 20 21 21 25 25 18 16 16 11 8 8 14 14 19 18 18 12 12 12 14 14 24 24 24 25 24 24 29 29 24 24 24 23 14 14 15 15 21 24 24 29
 6 6 9 16 16 32 23 23 23 23 21 9 9 7 14 14 17 17 17 24 24 14 20 20 22 22 23 24 24 19 25 25 22 22 24 22 22 21 16 16 17 17 22 20 20 29
 6 6 9 16 16 32 23 23 23 23 21 9 9 7 14 14 17 17 17 24 24 14 20 20 22 22 23 24 24 19 25 25 22 22 24 22 22 21 16 16 17 17 22 20 20 29
 4 4 9 13 13 17 28 28 26 26 26 19 19 20 23 23 23 23 24 30 30 20 27 27 29 29 26 25 25 23 22 22 21 21 25 22 22 23 24 24 19 19 18 17 17 21
 6 6 9 11 11 14 22 22 19 19 32 30 30 30 24 24 36 36 34 33 33 34 48 48 30 30 30 21 21 23 26 26 26 26 31 23 23 23 29 29 25 25 25 22 22 32
 6 6 9 11 11 14 22 22 19 19 32 30 30 30 24 24 36 36 34 33 33 34 48 48 30 30 30 21 21 23 26 26 26 26 31 23 23 23 29 29 25 25 25 22 22 32
 6 6 6 10 10 12 30 30 27 27 19 35 35 39 38 38 33 33 37 46 46 47 50 50 83 83 26 21 21 22 25 25 27 27 23 26 26 25 27 27 20 20 24 26 26 29
 6 6 6 12 12 17 18 18 26 26 24 41 41 48 45 45 40 40 38 44 44 43 48 48 25 25 28 18 18 24 26 26 29 29 27 23 23 26 30 30 17 17 20 18 18 31
 6 6 6 12 12 17 18 18 26 26 24 41 41 48 45 45 40 40 38 44 44 43 48 48 25 25 28 18 18 24 26 26 29 29 27 23 23 26 30 30 17 17 20 18 18 31
 4 4 6 7 7 19 14 14 23 23 27 28 28 48 42 42 41 41 40 73 73 51 42 42 24 24 23 24 24 25 30 30 32 32 30 27 27 28 31 31 23 23 18 23 23 33
 4 4 6 7 7 19 14 14 23 23 27 28 28 48 42 42 41 41 40 73 73 51 42 42 24 24 23 24 24 25 30 30 32 32 30 27 27 28 31 31 23 23 18 23 23 33
 3 3 7 12 12 19 16 16 15 15 24 29 29 45 39 39 39 39 42 47 47 41 32 32 17 17 18 18 18 31 30 30 28 28 26 27 27 26 28 28 32 32 21 23 23 32
 3 3 6 9 9 11 17 17 3 3 17 17 17 20 32 32 33 33 28 23 23 30 13 13 15 15 17 13 13 25 26 26 23 23 26 20 20 24 23 23 27 27 23 20 20 31
 3 3 6 9 9 11 17 17 3 3 17 17 17 20 32 32 33 33 28 23 23 30 13 13 15 15 17 13 13 25 26 26 23 23 26 20 20 24 23 23 27 27 23 20 20 31
 1 1 3 9 9 6 4 4 4 4 6 5 5 17 14 14 20 20 19 16 16 11 11 11 9 9 11 12 12 20 17 17 24 24 22 27 27 27 24 24 25 25 20 22 22 25
 0 0 1 2 2 1 2 2 4 4 4 2 2 4 11 11 15 15 9 11 11 7 14 14 9 9 11 9 9 15 18 18 23 23 27 26 26 26 28 28 28 28 21 22 22 22
 0 0 1 2 2 1 2 2 4 4 4 2 2 4 11 11 15 15 9 11 11 7 14 14 9 9 11 9 9 15 18 18 23 23 27 26 26 26 28 28 28 28 21 22 22 22
 0 0 1 1 1 1 1 1 4 4 4 4 4 3 6 6 11 11 11 9 9 7 10 10 9 9 12 8 8 8 13 13 17 17 19 17 17 12 21 21 22 22 19 17 17 18
 0 0 1 1 1 1 1 1 4 4 4 4 4 3 6 6 11 11 11 9 9 7 10 10 9 9 12 8 8 8 13 13 17 17 19 17 17 12 21 21 22 22 19 17 17 18
 1 1 1 1 1 1 1 1 4 4 2 2 2 1 8 8 11 11 19 16 16 15 9 9 8 8 7 6 6 6 11 11 11 11 12 9 9 10 14 14 16 16 16 11 11 10
 1 1 1 1 1 1 1 1 1 1 2 3 3 3 5 5 8 8 17 15 15 29 10 10 5 5 7 4 4 4 8 8 10 10 8 10 10 9 8 8 5 5 10 6 6 4
 1 1 1 1 1 1 1 1 1 1 2 3 3 3 5 5 8 8 17 15 15 29 10 10 5 5 7 4 4 4 8 8 10 10 8 10 10 9 8 8 5 5 10 6 6 4
 1 1 1 1 1 1 1 1 1 1 2 3 3 2 2 2 11 11 19 13 13 24 9 9 13 13 6 5 5 5 8 8 5 5 6 9 9 7 6 6 5 5 8 5 5 6
 1 1 1 1 1 1 1 1 1 1 2 2 2 3 1 1 14 14 11 13 13 12 56 56 11 11 9 8 8 6 12 12 11 11 9 14 14 9 7 7 7 7 10 8 8 7
 1 1 1 1 1 1 1 1 1 1 2 2 2 3 1 1 14 14 11 13 13 12 56 56 11 11 9 8 8 6 12 12 11 11 9 14 14 9 7 7 7 7 10 8 8 7
 1 1 1 1 1 1 1 1 1 1 1 2 2 2 2 2 7 7 9 12 12 42 26 26 20 20 12 13 13 16 16 16 23 23 13 14 14 11 12 12 11 11 13 12 12 13
 1 1 1 1 1 1 1 1 1 1 1 2 2 2 2 2 7 7 9 12 12 42 26 26 20 20 12 13 13 16 16 16 23 23 13 14 14 11 12 12 11 11 13 12 12 13
 1 1 0 1 1 1 1 1 1 1 1 1 1 2 1 1 7 7 4 10 10 18 19 19 18 18 14 22 22 21 21 21 27 27 16 15 15 17 13 13 13 13 15 16 16 20
 0 0 0 0 0 1 1 1 1 1 1 1 1 1 0 0 0 0 5 9 9 16 18 18 18 18 17 23 23 28 16 16 27 27 18 17 17 18 14 14 13 13 18 18 18 20
 0 0 0 0 0 1 1 1 1 1 1 1 1 1 0 0 0 0 5 9 9 16 18 18 18 18 17 23 23 28 16 16 27 27 18 17 17 18 14 14 13 13 18 18 18 20
 0 0 0 0 0 1 1 1 1 1 1 1 1 0 0 0 1 1 5 3 3 17 16 16 19 19 19 23 23 15 11 11 18 18 23 20 20 20 19 19 23 23 23 21 21 30
 1 1 1 1 1 1 1 1 1 1 1 2 2 1 1 1 2 2 1 3 3 10 12 12 19 19 20 17 17 11 12 12 17 17 20 18 18 19 25 25 25 25 16 27 27 26
 1 1 1 1 1 1 1 1 1 1 1 2 2 1 1 1 2 2 1 3 3 10 12 12 19 19 20 17 17 11 12 12 17 17 20 18 18 19 25 25 25 25 16 27 27 26
 1 1 1 1 1 1 1 1 1 1 2 1 1 2 1 1 2 2 1 2 2 3 8 8 14 14 17 18 18 16 18 18 20 20 24 26 26 22 19 19 16 16 17 25 25 26
 1 1 1 1 1 1 1 1 1 1 2 1 1 2 1 1 2 2 1 2 2 3 8 8 14 14 17 18 18 16 18 18 20 20 24 26 26 22 19 19 16 16 17 25 25 26
 1 1 1 2 2 2 1 1 2 2 2 2 2 2 1 1 2 2 3 2 2 3 10 10 16 16 16 32 32 38 29 29 26 26 26 25 25 22 18 18 16 16 15 14 14 16
 1 1 1 3 3 3 4 4 3 3 2 3 3 3 2 2 1 1 2 3 3 3 12 12 17 17 22 34 34 28 24 24 32 32 28 33 33 32 29 29 27 27 17 15 15 16
 1 1 1 3 3 3 4 4 3 3 2 3 3 3 2 2 1 1 2 3 3 3 12 12 17 17 22 34 34 28 24 24 32 32 28 33 33 32 29 29 27 27 17 15 15 16
 2 2 2 4 4 3 4 4 3 3 3 3 3 3 3 3 2 2 2 4 4 8 11 11 19 19 22 26 26 30 32 32 31 31 31 37 37 32 29 29 26 26 21 20 20 17
 3 3 4 5 5 4 4 4 3 3 5 6 6 3 3 3 4 4 3 8 8 12 14 14 21 21 24 32 32 35 38 38 35 35 32 34 34 34 34 34 39 39 35 25 25 25
 3 3 4 5 5 4 4 4 3 3 5 6 6 3 3 3 4 4 3 8 8 12 14 14 21 21 24 32 32 35 38 38 35 35 32 34 34 34 34 34 39 39 35 25 25 25
 3 3 6 10 10 6 6 6 3 3 3 3 3 2 2 2 4 4 4 5 5 14 14 14 22 22 23 31 31 40 42 42 50 50 43 43 43 47 40 40 37 37 35 27 27 44
 3 3 6 10 10 6 6 6 3 3 3 3 3 2 2 2 4 4 4 5 5 14 14 14 22 22 23 31 31 40 42 42 50 50 43 43 43 47 40 40 37 37 35 27 27 44
 11 11 8 12 12 13 11 11 9 9 6 2 2 2 2 2 2 2 3 5 5 13 17 17 25 25 29 33 33 40 38 38 44 44 49 46 46 49 48 48 44 44 43 37 37 36
 16 16 17 20 20 20 13 13 12 12 6 7 7 2 2 2 2 2 5 5 5 12 16 16 22 22 32 41 41 41 47 47 49 49 55 51 51 45 53 53 52 52 56 49 49 51
 16 16 17 20 20 20 13 13 12 12 6 7 7 2 2 2 2 2 5 5 5 12 16 16 22 22 32 41 41 41 47 47 49 49 55 51 51 45 53 53 52 52 56 49 49 51
 19 19 15 22 22 25 15 15 13 13 9 8 8 3 2 2 3 3 4 6 6 13 15 15 26 26 32 37 37 52 54 54 63 63 61 62 62 58 65 65 60 60 54 50 50 49
 23 23 24 21 21 15 10 10 8 8 9 4 4 4 3 3 3 3 5 8 8 11 19 19 22 22 26 44 44 56 59 59 61 61 65 61 61 57 67 67 67 67 65 66 66 62
 23 23 24 21 21 15 10 10 8 8 9 4 4 4 3 3 3 3 5 8 8 11 19 19 22 22 26 44 44 56 59 59 61 61 65 61 61 57 67 67 67 67 65 66 66 62
 26 26 28 14 14 17 15 15 10 10 8 5 5 4 6 6 6 6 8 10 10 11 18 18 23 23 28 41 41 46 56 56 58 58 47 50 50 60 61 61 69 69 71 69 69 78
 26 26 28 14 14 17 15 15 10 10 8 5 5 4 6 6 6 6 8 10 10 11 18 18 23 23 28 41 41 46 56 56 58 58 47 50 50 60 61 61 69 69 71 69 69 78
 28 28 24 17 17 16 16 16 9 9 7 8 8 7 9 9 11 11 10 12 12 13 19 19 21 21 27 34 34 44 57 57 60 60 60 53 53 50 54 54 61 61 69 68 68 75
 23 23 20 20 20 17 13 13 9 9 9 11 11 12 12 12 14 14 14 15 15 13 19 19 20 20 27 40 40 49 56 56 65 65 68 64 64 56 50 50 48 48 48 47 47 54
 23 23 20 20 20 17 13 13 9 9 9 11 11 12 12 12 14 14 14 15 15 13 19 19 20 20 27 40 40 49 56 56 65 65 68 64 64 56 50 50 48 48 48 47 47 54
 20 20 18 19 19 17 13 13 12 12 10 9 9 13 15 15 13 13 11 11 11 12 15 15 28 28 25 35 35 28 58 58 61 61 58 64 64 57 50 50 48 48 45 46 46 51
 18 18 17 16 16 17 12 12 10 10 8 7 7 11 11 11 11 11 10 10 10 10 12 12 28 28 31 36 36 38 41 41 49 49 48 52 52 50 54 54 40 40 44 44 44 43
 18 18 17 16 16 17 12 12 10 10 8 7 7 11 11 11 11 11 10 10 10 10 12 12 28 28 31 36 36 38 41 41 49 49 48 52 52 50 54 54 40 40 44 44 44 43
 18 18 17 19 19 20 12 12 8 8 6 5 5 7 5 5 7 7 8 7 7 9 11 11 28 28 28 31 31 30 37 37 27 27 42 52 52 58 55 55 54 54 55 50 50 46
 18 18 17 19 19 20 12 12 8 8 6 5 5 7 5 5 7 7 8 7 7 9 11 11 28 28 28 31 31 30 37 37 27 27 42 52 52 58 55 55 54 54 55 50 50 46
 17 17 17 16 16 13 13 13 9 9 7 5 5 8 4 4 6 6 6 6 6 9 10 10 19 19 21 29 29 28 31 31 25 25 38 52 52 55 50 50 52 52 43 51 51 46
 14 14 14 12 12 12 13 13 7 7 6 7 7 8 4 4 6 6 5 6 6 7 8 8 9 9 21 21 21 22 22 22 22 22 26 31 31 52 47 47 47 47 47 55 55 64
 14 14 14 12 12 12 13 13 7 7 6 7 7 8 4 4 6 6 5 6 6 7 8 8 9 9 21 21 21 22 22 22 22 22 26 31 31 52 47 47 47 47 47 55 55 64
 13 13 11 10 10 11 11 11 9 9 11 10 10 8 6 6 7 7 8 10 10 8 8 8 7 7 16 18 18 18 21 21 25 25 23 29 29 27 47 47 57 57 60 67 67 67
 14 14 11 10 10 12 12 12 8 8 10 14 14 13 9 9 9 9 11 10 10 11 11 11 8 8 14 19 19 17 17 17 18 18 18 26 26 30 42 42 48 48 59 68 68 68
