assets/RAT_results/precipitation/2020-04-06_IMERG.asc
ncols        46
nrows        77
xllcorner    74.800261325624
yllcorner    8.058333333333
cellsize     0.062500000000
NODATA_value -9999
 1 1 2 0 0 0 0 0 0 0 0 1 1 1 0 0 0 0 0 6 6 5 8 8 22 22 13 12 12 9 13 13 60 60 59 33 33 97 53 53 41 41 43 60 60 89
 1 1 1 1 1 0 0 0 0 0 0 2 2 2 1 1 1 1 1 7 7 8 14 14 14 14 10 11 11 10 11 11 35 35 34 96 96 100 57 57 48 48 50 68 68 70
 1 1 1 1 1 0 0 0 0 0 0 2 2 2 1 1 1 1 1 7 7 8 14 14 14 14 10 11 11 10 11 11 35 35 34 96 96 100 57 57 48 48 50 68 68 70
 2 2 0 1 1 0 0 0 1 1 2 2 2 2 2 2 5 5 3 6 6 5 3 3 5 5 4 5 5 6 8 8 33 33 34 36 36 38 39 39 64 64 66 68 68 72
 1 1 1 1 1 0 1 1 2 2 5 5 5 4 4 4 13 13 12 10 10 7 7 7 3 3 4 1 1 3 6 6 6 6 14 40 40 46 41 41 23 23 22 36 36 41
 1 1 1 1 1 0 1 1 2 2 5 5 5 4 4 4 13 13 12 10 10 7 7 7 3 3 4 1 1 3 6 6 6 6 14 40 40 46 41 41 23 23 22 36 36 41
 1 1 1 1 1 1 1 1 3 3 5 9 9 9 12 12 17 17 15 17 17 12 4 4 2 2 2 2 2 5 5 5 8 8 22 22 22 105 32 32 34 34 29 29 29 36
 1 1 1 1 1 1 1 1 3 3 5 9 9 9 12 12 17 17 15 17 17 12 4 4 2 2 2 2 2 5 5 5 8 8 22 22 22 105 32 32 34 34 29 29 29 36
 2 2 1 1 1 1 0 0 2 2 4 10 10 6 27 27 17 17 12 14 14 10 8 8 6 6 5 5 5 6 6 6 4 4 17 23 23 102 34 34 35 35 41 33 33 35
 1 1 1 1 1 1 1 1 3 3 3 8 8 12 34 34 25 25 10 12 12 15 12 12 11 11 11 7 7 9 11 11 12 12 14 19 19 30 36 36 40 40 34 33 33 33
 1 1 1 1 1 1 1 1 3 3 3 8 8 12 34 34 25 25 10 12 12 15 12 12 11 11 11 7 7 9 11 11 12 12 14 19 19 30 36 36 40 40 34 33 33 33
 0 0 0 1 1 2 1 1 2 2 2 4 4 5 13 13 11 11 12 17 17 15 10 10 28 28 17 12 12 16 15 15 21 21 27 24 24 35 41 41 35 35 28 29 29 17
 0 0 0 1 1 2 3 3 2 2 2 3 3 3 7 7 12 12 17 34 34 36 35 35 32 32 20 19 19 25 21 21 33 33 37 33 33 50 46 46 40 40 31 24 24 37
 0 0 0 1 1 2 3 3 2 2 2 3 3 3 7 7 12 12 17 34 34 36 35 35 32 32 20 19 19 25 21 21 33 33 37 33 33 50 46 46 40 40 31 24 24 37
 0 0 1 2 2 2 4 4 4 4 2 4 4 4 12 12 20 20 18 27 27 42 29 29 28 28 41 35 35 34 30 30 46 46 39 36 36 36 41 41 30 30 22 15 15 32
 0 0 1 2 2 2 4 4 4 4 2 4 4 4 12 12 20 20 18 27 27 42 29 29 28 28 41 35 35 34 30 30 46 46 39 36 36 36 41 41 30 30 22 15 15 32
 0 0 1 4 4 4 5 5 7 7 5 5 5 13 9 9 17 17 16 22 22 28 40 40 37 37 35 34 34 22 45 45 32 32 31 28 28 28 33 33 26 26 27 14 14 25
 0 0 7 4 4 6 5 5 17 17 15 15 15 19 13 13 17 17 23 31 31 31 45 45 49 49 44 42 42 41 47 47 25 25 25 22 22 47 38 38 32 32 35 45 45 39
 0 0 7 4 4 6 5 5 17 17 15 15 15 19 13 13 17 17 23 31 31 31 45 45 49 49 44 42 42 41 47 47 25 25 25 22 22 47 38 38 32 32 35 45 45 39
 1 1 6 10 10 17 11 11 27 27 25 21 21 24 26 26 30 30 33 34 34 58 41 41 38 38 50 39 39 46 57 57 29 29 39 41 41 71 47 47 36 36 36 64 64 53
 3 3 8 45 45 27 36 36 67 67 50 37 37 30 45 45 18 18 27 31 31 24 30 30 31 31 55 31 31 43 48 48 39 39 45 66 66 58 33 33 21 21 47 61 61 58
 3 3 8 45 45 27 36 36 67 67 50 37 37 30 45 45 18 18 27 31 31 24 30 30 31 31 55 31 31 43 48 48 39 39 45 66 66 58 33 33 21 21 47 61 61 58
 3 3 8 54 54 60 37 37 46 46 62 47 47 31 29 29 30 30 21 20 20 10 9 9 9 9 20 38 38 41 15 15 19 19 17 41 41 17 22 22 10 10 67 49 49 43
 3 3 8 54 54 60 37 37 46 46 62 47 47 31 29 29 30 30 21 20 20 10 9 9 9 9 20 38 38 41 15 15 19 19 17 41 41 17 22 22 10 10 67 49 49 43
 3 3 4 27 27 43 60 60 41 41 24 37 37 24 26 26 25 25 8 7 7 8 8 8 13 13 17 38 38 19 11 11 2 2 1 0 0 7 6 6 5 5 9 21 21 5
 3 3 3 17 17 14 18 18 26 26 19 13 13 15 18 18 14 14 12 8 8 8 9 9 17 17 18 11 11 9 4 4 4 4 0 1 1 1 3 3 3 3 2 3 3 3
 3 3 3 17 17 14 18 18 26 26 19 13 13 15 18 18 14 14 12 8 8 8 9 9 17 17 18 11 11 9 4 4 4 4 0 1 1 1 3 3 3 3 2 3 3 3
 2 2 10 15 15 39 39 39 11 11 15 15 15 29 16 16 7 7 5 10 10 10 8 8 10 10 14 19 19 5 5 5 4 4 5 9 9 3 3 3 3 3 2 1 1 0
 3 3 9 13 13 30 19 19 20 20 18 19 19 24 21 21 22 22 23 18 18 12 7 7 10 10 13 7 7 10 7 7 7 7 12 7 7 6 6 6 2 2 2 0 0 0
 3 3 9 13 13 30 19 19 20 20 18 19 19 24 21 21 22 22 23 18 18 12 7 7 10 10 13 7 7 10 7 7 7 7 12 7 7 6 6 6 2 2 2 0 0 0
 10 10 11 17 17 38 58 58 35 35 20 21 21 44 18 18 28 28 31 21 21 18 10 10 9 9 8 19 19 12 10 10 8 8 11 13 13 8 7 7 5 5 4 2 2 1
 10 10 11 17 17 38 58 58 35 35 20 21 21 44 18 18 28 28 31 21 21 18 10 10 9 9 8 19 19 12 10 10 8 8 11 13 13 8 7 7 5 5 4 2 2 1
 13 13 21 25 25 31 51 51 42 42 57 43 43 23 36 36 17 17 28 22 22 19 14 14 8 8 7 18 18 43 15 15 21 21 17 16 16 8 9 9 7 7 3 3 3 2
 30 30 27 51 51 32 31 31 80 80 56 35 35 50 67 67 58 58 22 39 39 26 24 24 17 17 10 12 12 28 17 17 24 24 15 8 8 7 8 8 6 6 4 3 3 2
 30 30 27 51 51 32 31 31 80 80 56 35 35 50 67 67 58 58 22 39 39 26 24 24 17 17 10 12 12 28 17 17 24 24 15 8 8 7 8 8 6 6 4 3 3 2
 33 33 37 48 48 50 54 54 87 87 29 47 47 62 63 63 89 89 56 47 47 35 27 27 27 27 18 13 13 14 21 21 19 19 12 5 5 6 5 5 5 5 2 0 0 1
 34 34 40 55 55 47 44 44 91 91 114 65 65 103 129 129 85 85 50 40 40 31 30 30 17 17 22 27 27 26 12 12 17 17 5 4 4 4 3 3 3 3 1 0 0 0
 34 34 40 55 55 47 44 44 91 91 114 65 65 103 129 129 85 85 50 40 40 31 30 30 17 17 22 27 27 26 12 12 17 17 5 4 4 4 3 3 3 3 1 0 0 0
 32 32 47 30 30 32 35 35 42 42 38 97 97 136 94 94 73 73 38 33 33 30 26 26 29 29 25 31 31 34 9 9 4 4 3 0 0 1 3 3 5 5 0 0 0 0
 32 32 47 30 30 32 35 35 42 42 38 97 97 136 94 94 73 73 38 33 33 30 26 26 29 29 25 31 31 34 9 9 4 4 3 0 0 1 3 3 5 5 0 0 0 0
 30 30 31 23 23 20 18 18 16 16 16 19 19 80 70 70 51 51 43 27 27 28 33 33 22 22 48 20 20 26 4 4 2 2 2 1 1 1 2 2 4 4 0 0 0 1
 28 28 41 14 14 13 14 14 10 10 12 12 12 17 45 45 23 23 34 29 29 38 42 42 33 33 18 9 9 11 7 7 5 5 5 9 9 6 5 5 4 4 2 1 1 1
 28 28 41 14 14 13 14 14 10 10 12 12 12 17 45 45 23 23 34 29 29 38 42 42 33 33 18 9 9 11 7 7 5 5 5 9 9 6 5 5 4 4 2 1 1 1
 26 26 39 16 16 16 19 19 12 12 11 11 11 16 15 15 16 16 21 14 14 35 36 36 35 35 20 10 10 14 14 14 11 11 15 16 16 12 12 12 8 8 5 2 2 1
 12 12 14 8 8 9 8 8 7 7 7 12 12 10 15 15 13 13 29 24 24 30 29 29 23 23 20 17 17 8 10 10 15 15 15 12 12 11 9 9 7 7 7 4 4 2
 12 12 14 8 8 9 8 8 7 7 7 12 12 10 15 15 13 13 29 24 24 30 29 29 23 23 20 17 17 8 10 10 15 15 15 12 12 11 9 9 7 7 7 4 4 2
 2 2 3 3 3 3 3 3 6 6 6 15 15 27 19 19 24 24 36 20 20 31 26 26 12 12 11 9 9 13 10 10 14 14 13 11 11 9 8 8 7 7 4 3 3 2
 2 2 3 3 3 3 3 3 6 6 6 15 15 27 19 19 24 24 36 20 20 31 26 26 12 12 11 9 9 13 10 10 14 14 13 11 11 9 8 8 7 7 4 3 3 2
 2 2 2 2 2 2 2 2 5 5 6 16 16 27 12 12 36 36 40 46 46 31 8 8 8 8 8 9 9 5 6 6 7 7 8 31 31 30 8 8 5 5 5 2 2 1
 0 0 0 0 0 0 1 1 3 3 5 11 11 20 12 12 27 27 39 28 28 12 15 15 10 10 7 18 18 19 17 17 22 22 22 34 34 34 10 10 7 7 4 3 3 1
 0 0 0 0 0 0 1 1 3 3 5 11 11 20 12 12 27 27 39 28 28 12 15 15 10 10 7 18 18 19 17 17 22 22 22 34 34 34 10 10 7 7 4 3 3 1
 0 0 0 0 0 0 1 1 1 1 5 7 7 10 11 11 34 34 27 20 20 21 73 73 49 49 19 17 17 19 17 17 23 23 20 17 17 14 11 11 12 12 5 4 4 2
 0 0 0 0 0 0 1 1 1 1 3 5 5 7 8 8 14 14 15 27 27 29 75 75 47 47 37 20 20 14 15 15 22 22 22 14 14 11 16 16 9 9 5 4 4 2
 0 0 0 0 0 0 1 1 1 1 3 5 5 7 8 8 14 14 15 27 27 29 75 75 47 47 37 20 20 14 15 15 22 22 22 14 14 11 16 16 9 9 5 4 4 2
 0 0 0 0 0 0 0 0 1 1 2 3 3 3 10 10 12 12 19 12 12 21 52 52 41 41 39 20 20 13 9 9 20 20 27 8 8 7 9 9 6 6 4 4 4 2
 0 0 0 0 0 0 0 0 1 1 2 3 3 3 10 10 12 12 19 12 12 21 52 52 41 41 39 20 20 13 9 9 20 20 27 8 8 7 9 9 6 6 4 4 4 2
 0 0 0 0 0 0 0 0 0 0 2 2 2 3 5 5 24 24 14 16 16 8 50 50 3 3 3 1 1 2 6 6 10 10 9 11 11 3 4 4 2 2 1 1 1 0
 0 0 0 0 0 0 1 1 0 0 2 3 3 4 3 3 3 3 3 4 4 5 3 3 4 4 4 1 1 1 1 1 3 3 2 2 2 1 2 2 0 0 0 0 0 0
 0 0 0 0 0 0 1 1 0 0 2 3 3 4 3 3 3 3 3 4 4 5 3 3 4 4 4 1 1 1 1 1 3 3 2 2 2 1 2 2 0 0 0 0 0 0
 0 0 0 0 0 1 4 4 2 2 3 3 3 7 3 3 1 1 2 2 2 2 1 1 3 3 5 1 1 0 0 0 1 1 2 3 3 3 3 3 2 2 1 3 3 0
 0 0 0 0 0 2 4 4 7 7 4 6 6 4 2 2 1 1 1 3 3 3 8 8 10 10 1 3 3 3 0 0 0 0 1 5 5 9 12 12 9 9 4 1 1 0
 0 0 0 0 0 2 4 4 7 7 4 6 6 4 2 2 1 1 1 3 3 3 8 8 10 10 1 3 3 3 0 0 0 0 1 5 5 9 12 12 9 9 4 1 1 0
 0 0 0 0 0 1 5 5 2 2 8 8 8 9 1 1 1 1 1 1 1 3 8 8 3 3 2 2 2 0 0 0 0 0 0 3 3 6 10 10 7 7 4 2 2 3
 0 0 0 0 0 1 5 5 2 2 8 8 8 9 1 1 1 1 1 1 1 3 8 8 3 3 2 2 2 0 0 0 0 0 0 3 3 6 10 10 7 7 4 2 2 3
 0 0 0 0 0 1 2 2 2 2 2 5 5 10 2 2 0 0 0 0 0 2 3 3 0 0 2 0 0 1 1 1 0 0 0 1 1 2 4 4 4 4 3 1 1 1
 0 0 0 0 0 0 0 0 0 0 1 0 0 0 2 2 0 0 0 0 0 0 0 0 2 2 2 0 0 1 1 1 0 0 0 0 0 0 2 2 4 4 2 0 0 0
 0 0 0 0 0 0 0 0 0 0 1 0 0 0 2 2 0 0 0 0 0 0 0 0 2 2 2 0 0 1 1 1 0 0 0 0 0 0 2 2 4 4 2 0 0 0
 0 0 0 0 0 0 0 0 0 0 0 0 0 0 1 1 0 0 0 0 0 0 0 0 0 0 0 0 0 0 1 1 2 2 1 0 0 0 0 0 2 2 1 0 0 0
 0 0 0 0 0 0 0 0 0 0 0 0 0 0 0 0 0 0 0 0 0 0 0 0 0 0 0 0 0 0 0 0 1 1 1 0 0 0 0 0 0 0 1 0 0 0
 0 0 0 0 0 0 0 0 0 0 0 0 0 0 0 0 0 0 0 0 0 0 0 0 0 0 0 0 0 0 0 0 1 1 1 0 0 0 0 0 0 0 1 0 0 0
 0 0 0 0 0 0 0 0 0 0 0 0 0 0 0 0 0 0 0 0 0 0 0 0 0 0 0 1 1 2 0 0 2 2 1 0 0 0 0 0 0 0 0 1 1 0
 0 0 0 0 0 0 0 0 0 0 0 0 0 0 0 0 0 0 0 0 0 0 0 0 0 0 0 1 1 2 0 0 2 2 1 0 0 0 0 0 0 0 0 1 1 0
 0 0 0 0 0 0 0 0 0 0 0 0 0 0 0 0 0 0 0 0 0 0 0 0 0 0 0 0 0 0 1 1 1 1 2 1 1 0 0 0 7 7 0 0 0 0
 0 0 0 0 0 0 0 0 0 0 0 0 0 0 0 0 0 0 0 0 0 0 0 0 0 0 0 0 0 0 0 0 0 0 0 0 0 2 1 1 6 6 0 0 0 0
 0 0 0 0 0 0 0 0 0 0 0 0 0 0 0 0 0 0 0 0 0 0 0 0 0 0 0 0 0 0 0 0 0 0 0 0 0 2 1 1 6 6 0 0 0 0
 0 0 0 0 0 0 0 0 0 0 0 0 0 0 0 0 0 0 0 0 0 0 0 0 0 0 0 0 0 0 0 0 0 0 0 0 0 1 2 2 0 0 0 0 0 0
 0 0 0 0 0 0 0 0 0 0 0 0 0 0 0 0 0 0 0 0 0 0 0 0 1 1 0 0 0 0 0 0 0 0 0 0 0 0 0 0 1 1 1 0 0 0
