assets/RAT_results/precipitation/2020-05-07_IMERG.asc
ncols        46
nrows        77
xllcorner    74.800261325624
yllcorner    8.058333333333
cellsize     0.062500000000
NODATA_value -9999
 8 8 7 6 6 4 3 3 0 0 0 1 1 3 4 4 3 3 1 1 1 0 0 0 0 0 0 0 0 0 0 0 0 0 0 1 1 3 3 3 3 3 3 3 3 3
 8 8 6 5 5 4 3 3 0 0 1 2 2 1 1 1 1 1 1 0 0 0 0 0 0 0 1 1 1 1 1 1 0 0 0 2 2 3 3 3 3 3 16 10 10 10
 8 8 6 5 5 4 3 3 0 0 1 2 2 1 1 1 1 1 1 0 0 0 0 0 0 0 1 1 1 1 1 1 0 0 0 2 2 3 3 3 3 3 16 10 10 10
 6 6 5 4 4 3 1 1 1 1 1 1 1 1 1 1 1 1 1 0 0 1 0 0 1 1 1 4 4 3 1 1 1 1 1 3 3 5 4 4 16 16 16 10 10 10
 16 16 4 3 3 2 1 1 3 3 3 2 2 2 1 1 2 2 1 1 1 1 1 1 1 1 2 7 7 6 3 3 1 1 2 2 2 3 9 9 18 18 18 6 6 6
 16 16 4 3 3 2 1 1 3 3 3 2 2 2 1 1 2 2 1 1 1 1 1 1 1 1 2 7 7 6 3 3 1 1 2 2 2 3 9 9 18 18 18 6 6 6
 14 14 5 4 4 3 3 3 4 4 4 4 4 3 3 3 10 10 12 10 10 3 1 1 1 1 2 4 4 5 3 3 2 2 7 6 6 11 9 9 17 17 17 3 3 1
 14 14 5 4 4 3 3 3 4 4 4 4 4 3 3 3 10 10 12 10 10 3 1 1 1 1 2 4 4 5 3 3 2 2 7 6 6 11 9 9 17 17 17 3 3 1
 5 5 6 5 5 3 5 5 5 5 6 16 16 11 7 7 62 62 11 11 11 4 4 4 4 4 4 5 5 3 3 3 2 2 7 6 6 4 2 2 2 2 2 2 2 1
 14 14 6 7 7 4 5 5 7 7 11 13 13 16 67 67 61 61 56 55 55 21 6 6 6 6 7 6 6 4 7 7 6 6 21 21 21 4 3 3 3 3 0 1 1 0
 14 14 6 7 7 4 5 5 7 7 11 13 13 16 67 67 61 61 56 55 55 21 6 6 6 6 7 6 6 4 7 7 6 6 21 21 21 4 3 3 3 3 0 1 1 0
 13 13 16 9 9 10 9 9 8 8 15 14 14 7 27 27 27 27 58 57 57 24 10 10 11 11 11 9 9 6 8 8 6 6 4 4 4 5 2 2 1 1 1 0 0 0
 7 7 10 10 10 8 9 9 11 11 13 12 12 9 29 29 28 28 59 58 58 61 21 21 18 18 18 11 11 7 5 5 3 3 1 4 4 5 1 1 1 1 0 0 0 1
 7 7 10 10 10 8 9 9 11 11 13 12 12 9 29 29 28 28 59 58 58 61 21 21 18 18 18 11 11 7 5 5 3 3 1 4 4 5 1 1 1 1 0 0 0 1
 29 29 9 8 8 9 5 5 8 8 11 10 10 10 9 9 20 20 21 21 21 63 24 24 24 24 21 11 11 6 3 3 2 2 1 1 1 2 2 2 0 0 0 0 0 1
 29 29 9 8 8 9 5 5 8 8 11 10 10 10 9 9 20 20 21 21 21 63 24 24 24 24 21 11 11 6 3 3 2 2 1 1 1 2 2 2 0 0 0 0 0 1
 28 28 5 6 6 7 8 8 8 8 8 7 7 8 9 9 11 11 25 25 25 20 25 25 24 24 20 15 15 9 3 3 5 5 4 4 4 2 2 2 1 1 1 0 0 1
 9 9 5 4 4 4 7 7 8 8 8 7 7 8 13 13 16 16 18 14 14 26 36 36 24 24 17 30 30 10 3 3 5 5 4 3 3 2 3 3 1 1 0 0 0 1
 9 9 5 4 4 4 7 7 8 8 8 7 7 8 13 13 16 16 18 14 14 26 36 36 24 24 17 30 30 10 3 3 5 5 4 3 3 2 3 3 1 1 0 0 0 1
 3 3 3 3 3 2 5 5 9 9 10 11 11 12 16 16 29 29 27 21 21 18 23 23 20 20 13 19 19 12 10 10 3 3 5 6 6 3 4 4 2 2 1 1 1 1
 1 1 1 1 1 2 3 3 6 6 8 12 12 15 19 19 33 33 27 22 22 20 17 17 19 19 11 20 20 12 5 5 2 2 2 2 2 1 1 1 0 0 1 2 2 4
 1 1 1 1 1 2 3 3 6 6 8 12 12 15 19 19 33 33 27 22 22 20 17 17 19 19 11 20 20 12 5 5 2 2 2 2 2 1 1 1 0 0 1 2 2 4
 1 1 1 1 1 3 3 3 3 3 4 9 9 16 20 20 27 27 24 21 21 16 14 14 17 17 12 6 6 5 2 2 2 2 1 0 0 0 0 0 0 0 2 2 2 4
 1 1 1 1 1 3 3 3 3 3 4 9 9 16 20 20 27 27 24 21 21 16 14 14 17 17 12 6 6 5 2 2 2 2 1 0 0 0 0 0 0 0 2 2 2 4
 2 2 1 1 1 3 4 4 3 3 2 4 4 8 8 8 16 16 16 15 15 17 12 12 12 12 6 4 4 7 1 1 1 1 1 1 1 0 0 0 0 0 0 5 5 6
 2 2 1 15 15 16 20 20 35 35 33 22 22 2 2 2 2 2 10 5 5 6 40 40 6 6 4 4 4 7 1 1 1 1 1 1 1 0 0 0 0 0 0 5 5 5
 2 2 1 15 15 16 20 20 35 35 33 22 22 2 2 2 2 2 10 5 5 6 40 40 6 6 4 4 4 7 1 1 1 1 1 1 1 0 0 0 0 0 0 5 5 5
 3 3 2 4 4 17 20 20 36 36 34 22 22 8 8 8 4 4 7 6 6 6 13 13 6 6 8 8 8 10 3 3 5 5 1 1 1 1 1 1 1 1 1 0 0 0
 19 19 15 8 8 37 36 36 63 63 60 57 57 24 25 25 9 9 5 1 1 6 6 6 5 5 7 8 8 6 5 5 6 6 1 2 2 1 1 1 2 2 3 1 1 0
 19 19 15 8 8 37 36 36 63 63 60 57 57 24 25 25 9 9 5 1 1 6 6 6 5 5 7 8 8 6 5 5 6 6 1 2 2 1 1 1 2 2 3 1 1 0
 19 19 9 5 5 2 3 3 27 27 27 61 61 27 30 30 11 11 4 3 3 3 7 7 29 29 9 15 15 5 6 6 2 2 1 2 2 2 2 2 3 3 4 2 2 0
 19 19 9 5 5 2 3 3 27 27 27 61 61 27 30 30 11 11 4 3 3 3 7 7 29 29 9 15 15 5 6 6 2 2 1 2 2 2 2 2 3 3 4 2 2 0
 5 5 2 3 3 3 4 4 28 28 28 26 26 22 13 13 15 15 6 4 4 2 9 9 13 13 27 28 28 1 1 1 1 1 2 3 3 3 3 3 5 5 4 4 4 1
 5 5 4 3 3 4 5 5 6 6 21 28 28 29 27 27 11 11 7 5 5 5 11 11 19 19 25 14 14 1 1 1 2 2 3 4 4 3 3 3 4 4 5 5 5 1
 5 5 4 3 3 4 5 5 6 6 21 28 28 29 27 27 11 11 7 5 5 5 11 11 19 19 25 14 14 1 1 1 2 2 3 4 4 3 3 3 4 4 5 5 5 1
 8 8 4 4 4 4 5 5 7 7 22 29 29 29 26 26 8 8 11 5 5 5 1 1 1 1 2 2 2 1 2 2 2 2 3 4 4 4 4 4 4 4 4 4 4 4
 5 5 5 4 4 4 5 5 33 33 33 215 215 186 164 164 15 15 14 3 3 2 1 1 1 1 1 1 1 2 3 3 3 3 3 3 3 4 5 5 5 5 7 7 7 7
 5 5 5 4 4 4 5 5 33 33 33 215 215 186 164 164 15 15 14 3 3 2 1 1 1 1 1 1 1 2 3 3 3 3 3 3 3 4 5 5 5 5 7 7 7 7
 11 11 12 26 26 30 29 29 192 192 212 239 239 220 211 211 15 15 19 8 8 3 2 2 1 1 1 1 1 2 8 8 6 6 5 3 3 4 11 11 11 11 6 8 8 7
 11 11 12 26 26 30 29 29 192 192 212 239 239 220 211 211 15 15 19 8 8 3 2 2 1 1 1 1 1 2 8 8 6 6 5 3 3 4 11 11 11 11 6 8 8 7
 25 25 25 35 35 185 31 31 187 187 198 229 229 76 74 74 4 4 8 8 8 4 23 23 3 3 3 5 5 8 10 10 6 6 5 6 6 6 12 12 11 11 10 5 5 4
 27 27 26 36 36 187 194 194 196 196 34 31 31 7 73 73 17 17 36 37 37 27 26 26 4 4 6 6 6 16 11 11 12 12 11 10 10 8 12 12 12 12 12 5 5 1
 27 27 26 36 36 187 194 194 196 196 34 31 31 7 73 73 17 17 36 37 37 27 26 26 4 4 6 6 6 16 11 11 12 12 11 10 10 8 12 12 12 12 12 5 5 1
 34 34 170 178 178 247 174 174 178 178 34 29 29 5 3 3 16 16 29 233 233 30 33 33 8 8 12 14 14 22 15 15 14 14 8 11 11 12 10 10 7 7 6 3 3 2
 31 31 45 182 182 250 171 171 173 173 7 4 4 4 4 4 29 29 30 239 239 16 35 35 12 12 10 14 14 19 16 16 8 8 4 9 9 9 9 9 1 1 1 1 1 3
 31 31 45 182 182 250 171 171 173 173 7 4 4 4 4 4 29 29 30 239 239 16 35 35 12 12 10 14 14 19 16 16 8 8 4 9 9 9 9 9 1 1 1 1 1 3
 29 29 47 169 169 175 39 39 8 8 6 3 3 4 3 3 3 3 3 14 14 15 13 13 17 17 12 12 12 13 9 9 3 3 3 2 2 4 3 3 1 1 1 1 1 1
 29 29 47 169 169 175 39 39 8 8 6 3 3 4 3 3 3 3 3 14 14 15 13 13 17 17 12 12 12 13 9 9 3 3 3 2 2 4 3 3 1 1 1 1 1 1
 34 34 33 37 37 36 17 17 9 9 4 3 3 3 3 3 3 3 3 14 14 9 11 11 11 11 7 10 10 8 7 7 4 4 4 3 3 2 1 1 1 1 1 2 2 2
 9 9 29 30 30 30 14 14 6 6 3 3 3 4 6 6 6 6 4 9 9 10 5 5 8 8 6 9 9 12 12 12 13 13 13 9 9 3 1 1 1 1 1 2 2 2
 9 9 29 30 30 30 14 14 6 6 3 3 3 4 6 6 6 6 4 9 9 10 5 5 8 8 6 9 9 12 12 12 13 13 13 9 9 3 1 1 1 1 1 2 2 2
 7 7 7 6 6 8 22 22 16 16 12 12 12 13 7 7 7 7 4 4 4 8 8 8 8 8 6 6 6 14 14 14 66 66 32 21 21 7 2 2 1 1 2 2 2 2
 11 11 14 11 11 14 19 19 21 21 19 17 17 17 15 15 15 15 5 5 5 8 8 8 7 7 13 13 13 62 107 107 77 77 23 27 27 16 6 6 2 2 2 2 2 2
 11 11 14 11 11 14 19 19 21 21 19 17 17 17 15 15 15 15 5 5 5 8 8 8 7 7 13 13 13 62 107 107 77 77 23 27 27 16 6 6 2 2 2 2 2 2
 13 13 16 16 16 253 266 266 24 24 20 19 19 23 20 20 17 17 9 11 11 13 12 12 11 11 13 13 13 60 32 32 39 39 19 22 22 18 9 9 2 2 1 2 2 1
 13 13 16 16 16 253 266 266 24 24 20 19 19 23 20 20 17 17 9 11 11 13 12 12 11 11 13 13 13 60 32 32 39 39 19 22 22 18 9 9 2 2 1 2 2 1
 9 9 12 40 40 253 262 262 21 21 34 18 18 23 25 25 21 21 22 15 15 18 16 16 10 10 16 15 15 19 87 87 90 90 23 14 14 20 12 12 2 2 2 1 1 1
 9 9 14 247 247 253 262 262 39 39 38 19 19 31 25 25 25 25 24 19 19 21 16 16 18 18 17 180 180 181 14 14 24 24 24 128 128 13 6 6 2 2 1 1 1 1
 9 9 14 247 247 253 262 262 39 39 38 19 19 31 25 25 25 25 24 19 19 21 16 16 18 18 17 180 180 181 14 14 24 24 24 128 128 13 6 6 2 2 1 1 1 1
 11 11 12 251 251 248 150 150 43 43 43 33 33 33 24 24 23 23 23 21 21 32 30 30 32 32 200 179 179 178 28 28 74 74 24 29 29 10 8 8 1 1 1 0 0 1
 96 96 33 248 248 248 157 157 42 42 44 42 42 42 32 32 34 34 25 21 21 32 24 24 73 73 196 185 185 179 71 71 14 14 16 10 10 6 5 5 4 4 1 0 0 0
 96 96 33 248 248 248 157 157 42 42 44 42 42 42 32 32 34 34 25 21 21 32 24 24 73 73 196 185 185 179 71 71 14 14 16 10 10 6 5 5 4 4 1 0 0 0
 100 100 27 35 35 56 56 56 57 57 46 44 44 43 32 32 41 41 44 34 34 34 75 75 72 72 100 238 238 29 54 54 42 42 12 6 6 5 4 4 3 3 1 1 1 1
 100 100 27 35 35 56 56 56 57 57 46 44 44 43 32 32 41 41 44 34 34 34 75 75 72 72 100 238 238 29 54 54 42 42 12 6 6 5 4 4 3 3 1 1 1 1
 187 187 62 68 68 73 56 56 51 51 48 45 45 44 40 40 41 41 45 102 102 93 206 206 194 194 194 27 27 77 52 52 18 18 13 11 11 5 3 3 3 3 1 4 4 3
 175 175 76 76 76 63 52 52 50 50 48 45 45 48 47 47 43 43 108 103 103 95 205 205 198 198 40 20 20 20 47 47 19 19 19 15 15 8 4 4 4 4 2 5 5 3
 175 175 76 76 76 63 52 52 50 50 48 45 45 48 47 47 43 43 108 103 103 95 205 205 198 198 40 20 20 20 47 47 19 19 19 15 15 8 4 4 4 4 2 5 5 3
 232 232 77 87 87 74 29 29 40 40 50 44 44 49 65 65 61 61 91 52 52 45 51 51 39 39 39 26 26 22 42 42 25 25 30 32 32 18 7 7 9 9 9 8 8 5
 127 127 122 45 45 46 23 23 37 37 24 31 31 46 62 62 62 62 92 53 53 38 26 26 23 23 22 34 34 47 198 198 38 38 24 44 44 21 12 12 11 11 9 15 15 16
 127 127 122 45 45 46 23 23 37 37 24 31 31 46 62 62 62 62 92 53 53 38 26 26 23 23 22 34 34 47 198 198 38 38 24 44 44 21 12 12 11 11 9 15 15 16
 162 162 159 20 20 21 16 16 20 20 20 29 29 25 32 32 34 34 34 42 42 43 29 29 22 22 24 36 36 36 56 56 150 150 20 32 32 95 84 84 74 74 19 13 13 15
 162 162 159 20 20 21 16 16 20 20 20 29 29 25 32 32 34 34 34 42 42 43 29 29 22 22 24 36 36 36 56 56 150 150 20 32 32 95 84 84 74 74 19 13 13 15
 10 10 7 7 7 7 9 9 5 5 7 20 20 22 30 30 35 35 35 16 16 20 18 18 24 24 23 27 27 25 27 27 161 161 24 34 34 100 85 85 76 76 15 10 10 14
 16 16 15 13 13 13 6 6 5 5 8 22 22 9 9 9 12 12 15 18 18 17 21 21 27 27 31 18 18 16 46 46 157 157 94 27 27 26 23 23 27 27 15 9 9 11
 16 16 15 13 13 13 6 6 5 5 8 22 22 9 9 9 12 12 15 18 18 17 21 21 27 27 31 18 18 16 46 46 157 157 94 27 27 26 23 23 27 27 15 9 9 11
 13 13 16 18 18 18 11 11 10 10 8 8 8 9 9 9 19 19 26 24 24 20 23 23 21 21 30 22 22 20 42 42 41 41 11 8 8 17 5 5 9 9 3 2 2 0
 17 17 21 29 29 20 16 16 12 12 11 9 9 12 17 17 18 18 23 23 23 18 20 20 24 24 28 23 23 16 14 14 12 12 4 2 2 3 3 3 5 5 2 1 1 1
