assets/RAT_results/precipitation/2020-04-24_IMERG.asc
ncols        46
nrows        77
xllcorner    74.800261325624
yllcorner    8.058333333333
cellsize     0.062500000000
NODATA_value -9999
 8 8 6 3 3 0 0 0 0 0 0 0 0 1 8 8 12 12 14 17 17 5 2 2 1 1 0 0 0 0 0 0 0 0 0 1 1 2 3 3 2 2 2 4 4 4
 3 3 3 0 0 0 0 0 0 0 0 0 0 1 2 2 8 8 8 4 4 2 2 2 0 0 0 0 0 0 0 0 0 0 0 2 2 7 7 7 1 1 1 3 3 2
 3 3 3 0 0 0 0 0 0 0 0 0 0 1 2 2 8 8 8 4 4 2 2 2 0 0 0 0 0 0 0 0 0 0 0 2 2 7 7 7 1 1 1 3 3 2
 4 4 1 1 1 0 0 0 0 0 0 0 0 0 1 1 4 4 3 2 2 1 0 0 1 1 2 1 1 1 1 1 0 0 0 9 9 10 4 4 2 2 2 2 2 1
 1 1 2 1 1 1 0 0 0 0 0 1 1 0 1 1 2 2 3 2 2 0 0 0 2 2 2 1 1 1 1 1 1 1 2 9 9 0 0 0 1 1 1 1 1 0
 1 1 2 1 1 1 0 0 0 0 0 1 1 0 1 1 2 2 3 2 2 0 0 0 2 2 2 1 1 1 1 1 1 1 2 9 9 0 0 0 1 1 1 1 1 0
 3 3 1 1 1 0 1 1 0 0 1 1 1 2 5 5 8 8 12 4 4 3 1 1 1 1 2 1 1 2 3 3 1 1 0 0 0 0 0 0 0 0 0 0 0 0
 3 3 1 1 1 0 1 1 0 0 1 1 1 2 5 5 8 8 12 4 4 3 1 1 1 1 2 1 1 2 3 3 1 1 0 0 0 0 0 0 0 0 0 0 0 0
 3 3 1 1 1 3 3 3 3 3 5 5 5 5 11 11 16 16 14 9 9 5 3 3 2 2 3 2 2 1 0 0 1 1 0 0 0 0 0 0 0 0 1 1 1 1
 4 4 2 2 2 4 6 6 9 9 10 7 7 12 19 19 16 16 17 8 8 6 3 3 3 3 1 1 1 1 0 0 0 0 0 0 0 0 1 1 1 1 1 1 1 1
 4 4 2 2 2 4 6 6 9 9 10 7 7 12 19 19 16 16 17 8 8 6 3 3 3 3 1 1 1 1 0 0 0 0 0 0 0 0 1 1 1 1 1 1 1 1
 1 1 4 7 7 5 7 7 11 11 12 12 12 16 16 16 14 14 14 9 9 5 2 2 2 2 2 1 1 1 1 1 1 1 1 0 0 1 1 1 2 2 2 1 1 1
 2 2 4 6 6 5 8 8 15 15 16 16 16 16 18 18 12 12 7 5 5 4 4 4 4 4 3 2 2 2 2 2 1 1 1 0 0 3 2 2 2 2 3 1 1 1
 2 2 4 6 6 5 8 8 15 15 16 16 16 16 18 18 12 12 7 5 5 4 4 4 4 4 3 2 2 2 2 2 1 1 1 0 0 3 2 2 2 2 3 1 1 1
 2 2 3 12 12 10 6 6 16 16 13 17 17 15 15 15 10 10 7 8 8 6 5 5 4 4 6 4 4 6 6 6 5 5 5 6 6 6 5 5 5 5 5 1 1 1
 2 2 3 12 12 10 6 6 16 16 13 17 17 15 15 15 10 10 7 8 8 6 5 5 4 4 6 4 4 6 6 6 5 5 5 6 6 6 5 5 5 5 5 1 1 1
 5 5 7 9 9 10 8 8 10 10 15 18 18 15 14 14 13 13 12 14 14 8 5 5 5 5 5 7 7 8 11 11 13 13 21 6 6 7 6 6 6 6 7 1 1 1
 5 5 8 10 10 10 14 14 8 8 13 16 16 17 14 14 12 12 11 11 11 9 5 5 3 3 2 5 5 8 11 11 14 14 10 6 6 6 3 3 5 5 1 1 1 1
 5 5 8 10 10 10 14 14 8 8 13 16 16 17 14 14 12 12 11 11 11 9 5 5 3 3 2 5 5 8 11 11 14 14 10 6 6 6 3 3 5 5 1 1 1 1
 3 3 4 7 7 12 12 12 14 14 11 10 10 11 14 14 13 13 12 12 12 6 4 4 5 5 4 4 4 8 12 12 11 11 8 6 6 1 2 2 3 3 1 1 1 1
 1 1 1 3 3 7 8 8 9 9 5 9 9 10 13 13 10 10 10 10 10 7 7 7 4 4 2 3 3 7 8 8 7 7 4 1 1 1 1 1 2 2 1 1 1 3
 1 1 1 3 3 7 8 8 9 9 5 9 9 10 13 13 10 10 10 10 10 7 7 7 4 4 2 3 3 7 8 8 7 7 4 1 1 1 1 1 2 2 1 1 1 3
 1 1 1 1 1 4 5 5 7 7 13 6 6 15 14 14 11 11 10 8 8 9 7 7 6 6 3 3 3 7 6 6 4 4 2 0 0 0 1 1 2 2 1 2 2 7
 1 1 1 1 1 4 5 5 7 7 13 6 6 15 14 14 11 11 10 8 8 9 7 7 6 6 3 3 3 7 6 6 4 4 2 0 0 0 1 1 2 2 1 2 2 7
 1 1 2 3 3 3 5 5 9 9 11 11 11 13 11 11 9 9 8 11 11 8 6 6 4 4 5 3 3 4 2 2 0 0 0 1 1 1 2 2 2 2 1 1 1 5
 2 2 5 3 3 2 5 5 9 9 12 12 12 11 8 8 9 9 10 7 7 8 7 7 3 3 4 3 3 3 1 1 0 0 1 1 1 1 1 1 1 1 1 1 1 3
 2 2 5 3 3 2 5 5 9 9 12 12 12 11 8 8 9 9 10 7 7 8 7 7 3 3 4 3 3 3 1 1 0 0 1 1 1 1 1 1 1 1 1 1 1 3
 2 2 2 1 1 2 3 3 8 8 6 7 7 1 7 7 8 8 4 0 0 7 6 6 3 3 4 3 3 2 0 0 0 0 1 1 1 0 0 0 0 0 0 1 1 2
 1 1 1 2 2 3 4 4 6 6 5 5 5 4 2 2 4 4 1 1 1 6 7 7 3 3 2 1 1 1 1 1 1 1 0 0 0 0 1 1 1 1 1 1 1 2
 1 1 1 2 2 3 4 4 6 6 5 5 5 4 2 2 4 4 1 1 1 6 7 7 3 3 2 1 1 1 1 1 1 1 0 0 0 0 1 1 1 1 1 1 1 2
 2 2 1 1 1 2 3 3 1 1 1 2 2 3 1 1 2 2 1 1 1 2 4 4 2 2 3 1 1 1 1 1 1 1 1 0 0 0 1 1 1 1 1 1 1 2
 2 2 1 1 1 2 3 3 1 1 1 2 2 3 1 1 2 2 1 1 1 2 4 4 2 2 3 1 1 1 1 1 1 1 1 0 0 0 1 1 1 1 1 1 1 2
 2 2 1 1 1 1 1 1 1 1 0 1 1 2 1 1 1 1 0 2 2 3 3 3 2 2 1 0 0 1 1 1 2 2 2 1 1 1 1 1 1 1 1 1 1 2
 2 2 1 1 1 1 1 1 1 1 1 3 3 1 1 1 1 1 2 2 2 3 4 4 2 2 2 2 2 2 1 1 2 2 3 2 2 2 1 1 2 2 2 2 2 4
 2 2 1 1 1 1 1 1 1 1 1 3 3 1 1 1 1 1 2 2 2 3 4 4 2 2 2 2 2 2 1 1 2 2 3 2 2 2 1 1 2 2 2 2 2 4
 3 3 1 1 1 2 2 2 2 2 4 5 5 8 8 8 4 4 4 3 3 2 3 3 3 3 4 4 4 5 3 3 3 3 2 2 2 2 1 1 1 1 2 4 4 6
 4 4 2 1 1 2 3 3 4 4 5 5 5 6 8 8 6 6 12 3 3 1 3 3 4 4 7 14 14 11 7 7 3 3 2 2 2 2 4 4 2 2 3 6 6 8
 4 4 2 1 1 2 3 3 4 4 5 5 5 6 8 8 6 6 12 3 3 1 3 3 4 4 7 14 14 11 7 7 3 3 2 2 2 2 4 4 2 2 3 6 6 8
 3 3 2 2 2 3 6 6 9 9 7 7 7 7 7 7 9 9 1 2 2 2 4 4 7 7 9 15 15 15 7 7 6 6 5 2 2 3 5 5 5 5 6 8 8 8
 3 3 2 2 2 3 6 6 9 9 7 7 7 7 7 7 9 9 1 2 2 2 4 4 7 7 9 15 15 15 7 7 6 6 5 2 2 3 5 5 5 5 6 8 8 8
 4 4 2 2 2 4 8 8 12 12 12 11 11 9 4 4 2 2 2 3 3 4 7 7 12 12 20 33 33 31 13 13 6 6 5 7 7 11 10 10 5 5 6 8 8 7
 5 5 3 4 4 3 10 10 19 19 17 20 20 15 7 7 3 3 2 3 3 4 10 10 14 14 46 25 25 39 20 20 6 6 6 13 13 11 12 12 2 2 4 4 4 4
 5 5 3 4 4 3 10 10 19 19 17 20 20 15 7 7 3 3 2 3 3 4 10 10 14 14 46 25 25 39 20 20 6 6 6 13 13 11 12 12 2 2 4 4 4 4
 8 8 5 7 7 5 9 9 15 15 20 23 23 16 7 7 2 2 9 4 4 7 12 12 15 15 26 19 19 17 15 15 5 5 4 6 6 5 5 5 2 2 2 3 3 3
 8 8 8 9 9 9 9 9 16 16 18 17 17 12 6 6 3 3 6 12 12 6 11 11 15 15 17 15 15 12 6 6 3 3 4 4 4 7 11 11 4 4 3 3 3 4
 8 8 8 9 9 9 9 9 16 16 18 17 17 12 6 6 3 3 6 12 12 6 11 11 15 15 17 15 15 12 6 6 3 3 4 4 4 7 11 11 4 4 3 3 3 4
 11 11 11 11 11 11 10 10 14 14 21 17 17 11 7 7 7 7 6 7 7 5 8 8 12 12 14 8 8 9 7 7 5 5 4 5 5 12 10 10 9 9 6 7 7 5
 11 11 11 11 11 11 10 10 14 14 21 17 17 11 7 7 7 7 6 7 7 5 8 8 12 12 14 8 8 9 7 7 5 5 4 5 5 12 10 10 9 9 6 7 7 5
 12 12 15 14 14 11 12 12 16 16 31 25 25 10 10 10 14 14 13 10 10 7 9 9 12 12 16 12 12 15 14 14 8 8 6 7 7 8 12 12 10 10 9 9 9 5
 14 14 14 16 16 13 14 14 24 24 35 30 30 21 15 15 16 16 17 15 15 13 12 12 16 16 19 11 11 12 16 16 10 10 10 12 12 11 10 10 8 8 7 8 8 9
 14 14 14 16 16 13 14 14 24 24 35 30 30 21 15 15 16 16 17 15 15 13 12 12 16 16 19 11 11 12 16 16 10 10 10 12 12 11 10 10 8 8 7 8 8 9
 11 11 15 17 17 19 18 18 24 24 48 39 39 36 25 25 19 19 15 13 13 18 15 15 18 18 20 16 16 16 21 21 21 21 16 13 13 8 3 3 4 4 4 4 4 4
 13 13 13 15 15 18 23 23 38 38 48 45 45 45 36 36 29 29 21 13 13 16 14 14 17 17 16 18 18 18 26 26 36 36 29 4 4 2 2 2 3 3 3 3 3 3
 13 13 13 15 15 18 23 23 38 38 48 45 45 45 36 36 29 29 21 13 13 16 14 14 17 17 16 18 18 18 26 26 36 36 29 4 4 2 2 2 3 3 3 3 3 3
 31 31 30 30 30 19 22 22 20 20 26 44 44 42 41 41 41 41 36 17 17 16 15 15 16 16 16 18 18 18 23 23 24 24 18 4 4 2 1 1 1 1 1 1 1 2
 31 31 30 30 30 19 22 22 20 20 26 44 44 42 41 41 41 41 36 17 17 16 15 15 16 16 16 18 18 18 23 23 24 24 18 4 4 2 1 1 1 1 1 1 1 2
 40 40 36 33 33 24 20 20 17 17 22 29 29 32 33 33 34 34 34 26 26 23 16 16 17 17 19 21 21 20 25 25 25 25 20 8 8 2 4 4 1 1 1 1 1 2
 36 36 27 25 25 26 24 24 19 19 16 19 19 19 20 20 23 23 31 36 36 29 26 26 19 19 19 21 21 20 17 17 20 20 17 4 4 2 1 1 1 1 1 1 1 1
 36 36 27 25 25 26 24 24 19 19 16 19 19 19 20 20 23 23 31 36 36 29 26 26 19 19 19 21 21 20 17 17 20 20 17 4 4 2 1 1 1 1 1 1 1 1
 29 29 22 20 20 21 20 20 14 14 18 18 18 18 17 17 20 20 21 32 32 30 14 14 12 12 14 17 17 19 11 11 10 10 7 5 5 2 1 1 0 0 3 1 1 0
 22 22 16 15 15 13 10 10 12 12 14 15 15 15 13 13 15 15 21 31 31 27 22 22 20 20 10 12 12 12 8 8 7 7 4 1 1 4 0 0 0 0 1 1 1 1
 22 22 16 15 15 13 10 10 12 12 14 15 15 15 13 13 15 15 21 31 31 27 22 22 20 20 10 12 12 12 8 8 7 7 4 1 1 4 0 0 0 0 1 1 1 1
 14 14 9 8 8 8 7 7 7 7 12 8 8 8 10 10 12 12 19 28 28 27 28 28 21 21 8 11 11 9 5 5 4 4 2 1 1 0 0 0 1 1 1 1 1 1
 14 14 9 8 8 8 7 7 7 7 12 8 8 8 10 10 12 12 19 28 28 27 28 28 21 21 8 11 11 9 5 5 4 4 2 1 1 0 0 0 1 1 1 1 1 1
 11 11 8 6 6 7 6 6 5 5 5 4 4 6 8 8 10 10 14 21 21 25 19 19 5 5 12 6 6 7 3 3 3 3 2 1 1 0 0 0 1 1 1 1 1 1
 11 11 11 7 7 7 9 9 7 7 3 3 3 5 6 6 8 8 12 15 15 14 11 11 10 10 3 4 4 7 7 7 1 1 3 9 9 3 0 0 0 0 1 4 4 1
 11 11 11 7 7 7 9 9 7 7 3 3 3 5 6 6 8 8 12 15 15 14 11 11 10 10 3 4 4 7 7 7 1 1 3 9 9 3 0 0 0 0 1 4 4 1
 9 9 11 7 7 7 7 7 8 8 5 4 4 3 3 3 5 5 11 13 13 5 7 7 6 6 3 3 3 4 10 10 2 2 2 10 10 14 1 1 1 1 1 1 1 1
 3 3 8 7 7 8 8 8 8 8 7 7 7 2 3 3 3 3 3 5 5 4 4 4 6 6 3 3 3 3 4 4 3 3 3 4 4 3 1 1 2 2 1 1 1 1
 3 3 8 7 7 8 8 8 8 8 7 7 7 2 3 3 3 3 3 5 5 4 4 4 6 6 3 3 3 3 4 4 3 3 3 4 4 3 1 1 2 2 1 1 1 1
 5 5 6 7 7 9 9 9 9 9 7 7 7 2 3 3 3 3 4 3 3 2 3 3 4 4 4 4 4 4 5 5 4 4 5 4 4 2 1 1 7 7 6 2 2 2
 5 5 6 7 7 9 9 9 9 9 7 7 7 2 3 3 3 3 4 3 3 2 3 3 4 4 4 4 4 4 5 5 4 4 5 4 4 2 1 1 7 7 6 2 2 2
 4 4 6 8 8 9 8 8 7 7 6 3 3 3 3 3 2 2 2 2 2 1 2 2 3 3 7 11 11 10 8 8 4 4 5 12 12 2 1 1 0 0 0 1 1 2
 6 6 6 8 8 8 9 9 7 7 7 3 3 3 3 3 3 3 2 2 2 3 3 3 3 3 8 127 127 32 13 13 12 12 3 2 2 2 1 1 1 1 1 1 1 2
 6 6 6 8 8 8 9 9 7 7 7 3 3 3 3 3 3 3 2 2 2 3 3 3 3 3 8 127 127 32 13 13 12 12 3 2 2 2 1 1 1 1 1 1 1 2
 4 4 7 10 10 10 10 10 8 8 7 3 3 3 3 3 4 4 3 4 4 7 7 7 16 16 14 13 13 17 35 35 17 17 4 9 9 9 3 3 2 2 1 1 1 1
 2 2 3 10 10 10 10 10 7 7 9 8 8 3 4 4 7 7 5 6 6 11 13 13 19 19 16 13 13 4 5 5 3 3 3 1 1 1 1 1 1 1 2 1 1 1
