assets/RAT_results/precipitation/2020-06-07_IMERG.asc
ncols        46
nrows        77
xllcorner    74.800261325624
yllcorner    8.058333333333
cellsize     0.062500000000
NODATA_value -9999
 4 4 1 0 0 8 1 1 2 2 2 0 0 0 0 0 0 0 0 0 0 0 0 0 0 0 0 0 0 0 0 0 1 1 1 4 4 4 3 3 1 1 0 0 0 0
 4 4 5 3 3 7 7 7 4 4 3 0 0 0 0 0 0 0 0 0 0 0 0 0 0 0 0 0 0 0 0 0 0 0 0 0 0 4 1 1 1 1 0 0 0 1
 4 4 5 3 3 7 7 7 4 4 3 0 0 0 0 0 0 0 0 0 0 0 0 0 0 0 0 0 0 0 0 0 0 0 0 0 0 4 1 1 1 1 0 0 0 1
 13 13 11 9 9 12 12 12 12 12 13 1 1 0 0 0 0 0 0 0 0 0 0 0 0 0 0 0 0 0 0 0 0 0 0 0 0 1 0 0 0 0 0 1 1 1
 10 10 24 18 18 18 19 19 13 13 9 11 11 6 3 3 0 0 0 0 0 0 0 0 0 0 0 1 1 0 0 0 0 0 0 0 0 0 0 0 0 0 0 1 1 1
 10 10 24 18 18 18 19 19 13 13 9 11 11 6 3 3 0 0 0 0 0 0 0 0 0 0 0 1 1 0 0 0 0 0 0 0 0 0 0 0 0 0 0 1 1 1
 28 28 26 26 26 24 23 23 14 14 11 12 12 9 3 3 3 3 1 1 1 0 0 0 0 0 0 1 1 1 1 1 0 0 0 0 0 0 0 0 0 0 0 0 0 1
 28 28 26 26 26 24 23 23 14 14 11 12 12 9 3 3 3 3 1 1 1 0 0 0 0 0 0 1 1 1 1 1 0 0 0 0 0 0 0 0 0 0 0 0 0 1
 28 28 32 31 31 26 25 25 10 10 8 9 9 7 4 4 3 3 4 5 5 1 0 0 0 0 0 0 0 0 0 0 0 0 0 0 0 0 0 0 0 0 0 0 0 0
 29 29 39 28 28 35 37 37 27 27 13 10 10 9 7 7 10 10 9 5 5 1 0 0 0 0 0 0 0 0 0 0 0 0 0 0 0 0 0 0 0 0 0 0 0 0
 29 29 39 28 28 35 37 37 27 27 13 10 10 9 7 7 10 10 9 5 5 1 0 0 0 0 0 0 0 0 0 0 0 0 0 0 0 0 0 0 0 0 0 0 0 0
 36 36 30 35 35 37 38 38 34 34 17 11 11 12 4 4 13 13 8 3 3 0 0 0 0 0 0 1 1 0 0 0 0 0 0 0 0 0 0 0 0 0 0 0 0 0
 30 30 35 45 45 42 42 42 40 40 25 16 16 11 7 7 9 9 8 3 3 0 0 0 0 0 0 0 0 0 0 0 0 0 0 0 0 0 0 0 0 0 0 0 0 0
 30 30 35 45 45 42 42 42 40 40 25 16 16 11 7 7 9 9 8 3 3 0 0 0 0 0 0 0 0 0 0 0 0 0 0 0 0 0 0 0 0 0 0 0 0 0
 27 27 30 42 42 52 36 36 35 35 26 22 22 14 7 7 5 5 3 2 2 0 0 0 0 0 0 0 0 0 0 0 0 0 0 0 0 0 0 0 0 0 0 1 1 1
 27 27 30 42 42 52 36 36 35 35 26 22 22 14 7 7 5 5 3 2 2 0 0 0 0 0 0 0 0 0 0 0 0 0 0 0 0 0 0 0 0 0 0 1 1 1
 35 35 23 27 27 38 39 39 44 44 37 30 30 21 9 9 10 10 3 2 2 0 0 0 0 0 1 0 0 0 0 0 0 0 0 0 0 0 0 0 0 0 0 0 0 1
 32 32 36 23 23 32 39 39 42 42 33 30 30 22 17 17 18 18 10 9 9 2 2 2 0 0 1 0 0 0 0 0 0 0 0 0 0 0 0 0 0 0 0 0 0 0
 32 32 36 23 23 32 39 39 42 42 33 30 30 22 17 17 18 18 10 9 9 2 2 2 0 0 1 0 0 0 0 0 0 0 0 0 0 0 0 0 0 0 0 0 0 0
 33 33 30 31 31 40 51 51 43 43 26 26 26 20 26 26 15 15 12 4 4 3 2 2 1 1 1 1 1 1 0 0 0 0 0 0 0 0 0 0 0 0 0 0 0 0
 27 27 34 52 52 41 53 53 46 46 36 33 33 21 22 22 18 18 11 5 5 5 4 4 2 2 2 6 6 5 0 0 1 1 0 0 0 0 0 0 0 0 0 0 0 0
 27 27 34 52 52 41 53 53 46 46 36 33 33 21 22 22 18 18 11 5 5 5 4 4 2 2 2 6 6 5 0 0 1 1 0 0 0 0 0 0 0 0 0 0 0 0
 25 25 34 45 45 68 51 51 51 51 34 27 27 27 27 27 18 18 15 8 8 6 4 4 2 2 4 5 5 3 1 1 1 1 0 0 0 0 1 1 0 0 0 0 0 0
 25 25 34 45 45 68 51 51 51 51 34 27 27 27 27 27 18 18 15 8 8 6 4 4 2 2 4 5 5 3 1 1 1 1 0 0 0 0 1 1 0 0 0 0 0 0
 19 19 24 47 47 96 76 76 49 49 39 37 37 32 30 30 26 26 18 8 8 6 6 6 3 3 4 4 4 1 2 2 1 1 0 0 0 0 1 1 1 1 0 0 0 0
 17 17 18 50 50 79 96 96 52 52 38 36 36 26 30 30 27 27 16 14 14 12 6 6 6 6 2 2 2 2 0 0 0 0 0 0 0 0 1 1 0 0 0 0 0 0
 17 17 18 50 50 79 96 96 52 52 38 36 36 26 30 30 27 27 16 14 14 12 6 6 6 6 2 2 2 2 0 0 0 0 0 0 0 0 1 1 0 0 0 0 0 0
 15 15 13 40 40 84 91 91 70 70 40 37 37 33 22 22 30 30 20 15 15 13 9 9 7 7 4 5 5 1 0 0 0 0 0 1 1 0 0 0 0 0 1 0 0 0
 12 12 17 20 20 44 79 79 46 46 35 34 34 38 28 28 33 33 26 16 16 13 11 11 9 9 8 5 5 1 0 0 0 0 0 0 0 0 0 0 0 0 0 0 0 0
 12 12 17 20 20 44 79 79 46 46 35 34 34 38 28 28 33 33 26 16 16 13 11 11 9 9 8 5 5 1 0 0 0 0 0 0 0 0 0 0 0 0 0 0 0 0
 7 7 13 11 11 26 50 50 34 34 36 35 35 38 34 34 26 26 21 15 15 20 21 21 9 9 9 11 11 1 1 1 0 0 0 0 0 0 0 0 0 0 0 0 0 0
 7 7 13 11 11 26 50 50 34 34 36 35 35 38 34 34 26 26 21 15 15 20 21 21 9 9 9 11 11 1 1 1 0 0 0 0 0 0 0 0 0 0 0 0 0 0
 4 4 8 15 15 16 27 27 44 44 25 27 27 30 36 36 29 29 28 22 22 23 24 24 16 16 13 9 9 2 1 1 1 1 0 0 0 0 0 0 0 0 0 0 0 1
 3 3 5 11 11 8 20 20 28 28 29 19 19 28 35 35 35 35 34 23 23 23 20 20 11 11 13 11 11 4 2 2 1 1 0 1 1 0 0 0 0 0 0 0 0 0
 3 3 5 11 11 8 20 20 28 28 29 19 19 28 35 35 35 35 34 23 23 23 20 20 11 11 13 11 11 4 2 2 1 1 0 1 1 0 0 0 0 0 0 0 0 0
 3 3 2 15 15 8 14 14 19 19 16 18 18 29 37 37 33 33 34 39 39 24 19 19 14 14 15 19 19 5 2 2 3 3 0 1 1 0 0 0 0 0 0 0 0 0
 13 13 11 12 12 5 6 6 13 13 18 30 30 36 55 55 33 33 33 39 39 27 10 10 10 10 15 5 5 5 3 3 6 6 1 0 0 0 0 0 0 0 0 0 0 0
 13 13 11 12 12 5 6 6 13 13 18 30 30 36 55 55 33 33 33 39 39 27 10 10 10 10 15 5 5 5 3 3 6 6 1 0 0 0 0 0 0 0 0 0 0 0
 13 13 12 12 12 5 7 7 14 14 11 24 24 22 68 68 86 86 28 26 26 25 19 19 12 12 9 5 5 3 2 2 1 1 1 0 0 1 1 1 1 1 1 1 1 0
 13 13 12 12 12 5 7 7 14 14 11 24 24 22 68 68 86 86 28 26 26 25 19 19 12 12 9 5 5 3 2 2 1 1 1 0 0 1 1 1 1 1 1 1 1 0
 3 3 5 3 3 3 5 5 8 8 4 16 16 23 45 45 80 80 58 31 31 22 22 22 17 17 11 5 5 5 3 3 4 4 4 3 3 3 2 2 2 2 1 1 1 1
 4 4 4 3 3 9 8 8 6 6 3 6 6 10 24 24 31 31 32 26 26 25 18 18 16 16 14 4 4 7 7 7 4 4 5 5 5 5 4 4 4 4 3 2 2 2
 4 4 4 3 3 9 8 8 6 6 3 6 6 10 24 24 31 31 32 26 26 25 18 18 16 16 14 4 4 7 7 7 4 4 5 5 5 5 4 4 4 4 3 2 2 2
 9 9 9 10 10 10 9 9 6 6 2 18 18 15 17 17 30 30 32 25 25 31 25 25 23 23 16 8 8 10 5 5 7 7 8 9 9 5 5 5 3 3 2 2 2 2
 11 11 14 18 18 18 20 20 19 19 19 19 19 13 21 21 16 16 29 26 26 25 26 26 20 20 10 10 10 5 8 8 9 9 9 10 10 6 5 5 3 3 3 2 2 2
 11 11 14 18 18 18 20 20 19 19 19 19 19 13 21 21 16 16 29 26 26 25 26 26 20 20 10 10 10 5 8 8 9 9 9 10 10 6 5 5 3 3 3 2 2 2
 13 13 15 19 19 20 23 23 52 52 52 33 33 24 28 28 26 26 30 23 23 28 22 22 22 22 7 5 5 5 8 8 9 9 8 9 9 7 6 6 3 3 2 3 3 3
 13 13 15 19 19 20 23 23 52 52 52 33 33 24 28 28 26 26 30 23 23 28 22 22 22 22 7 5 5 5 8 8 9 9 8 9 9 7 6 6 3 3 2 3 3 3
 14 14 20 32 32 34 48 48 54 54 54 37 37 46 35 35 28 28 35 31 31 26 19 19 18 18 9 5 5 5 9 9 9 9 9 9 9 6 5 5 3 3 5 5 5 5
 15 15 21 23 23 29 72 72 73 73 74 52 52 65 48 48 59 59 58 43 43 26 15 15 17 17 12 7 7 6 8 8 8 8 9 9 9 6 6 6 4 4 6 4 4 3
 15 15 21 23 23 29 72 72 73 73 74 52 52 65 48 48 59 59 58 43 43 26 15 15 17 17 12 7 7 6 8 8 8 8 9 9 9 6 6 6 4 4 6 4 4 3
 13 13 21 22 22 29 71 71 73 73 46 47 47 60 54 54 60 60 55 35 35 36 14 14 19 19 12 9 9 7 9 9 8 8 8 8 8 7 4 4 5 5 5 3 3 1
 13 13 14 16 16 19 21 21 39 39 43 49 49 59 56 56 29 29 25 18 18 33 16 16 20 20 18 10 10 8 8 8 16 16 12 14 14 12 6 6 6 6 5 4 4 1
 13 13 14 16 16 19 21 21 39 39 43 49 49 59 56 56 29 29 25 18 18 33 16 16 20 20 18 10 10 8 8 8 16 16 12 14 14 12 6 6 6 6 5 4 4 1
 12 12 13 14 14 17 20 20 14 14 22 20 20 21 20 20 17 17 23 20 20 12 15 15 17 17 16 13 13 11 15 15 16 16 12 13 13 13 7 7 9 9 7 6 6 3
 12 12 13 14 14 17 20 20 14 14 22 20 20 21 20 20 17 17 23 20 20 12 15 15 17 17 16 13 13 11 15 15 16 16 12 13 13 13 7 7 9 9 7 6 6 3
 11 11 14 12 12 14 23 23 13 13 12 16 16 11 14 14 14 14 18 19 19 11 17 17 19 19 17 19 19 15 20 20 21 21 15 16 16 14 9 9 10 10 7 4 4 1
 14 14 15 22 22 24 27 27 16 16 12 11 11 10 13 13 13 13 9 10 10 12 13 13 15 15 19 20 20 17 20 20 20 20 16 20 20 19 20 20 10 10 6 2 2 2
 14 14 15 22 22 24 27 27 16 16 12 11 11 10 13 13 13 13 9 10 10 12 13 13 15 15 19 20 20 17 20 20 20 20 16 20 20 19 20 20 10 10 6 2 2 2
 22 22 30 24 24 29 39 39 21 21 17 15 15 14 18 18 14 14 9 11 11 10 11 11 18 18 23 18 18 18 15 15 23 23 19 19 19 19 21 21 12 12 13 3 3 3
 28 28 35 26 26 30 40 40 31 31 24 27 27 17 20 20 23 23 23 9 9 7 7 7 16 16 18 18 18 19 18 18 9 9 12 20 20 23 26 26 18 18 14 5 5 3
 28 28 35 26 26 30 40 40 31 31 24 27 27 17 20 20 23 23 23 9 9 7 7 7 16 16 18 18 18 19 18 18 9 9 12 20 20 23 26 26 18 18 14 5 5 3
 30 30 24 23 23 33 41 41 32 32 24 28 28 21 21 21 25 25 25 11 11 8 5 5 12 12 19 22 22 19 19 19 11 11 14 21 21 25 26 26 20 20 20 10 10 4
 30 30 24 23 23 33 41 41 32 32 24 28 28 21 21 21 25 25 25 11 11 8 5 5 12 12 19 22 22 19 19 19 11 11 14 21 21 25 26 26 20 20 20 10 10 4
 28 28 22 21 21 27 27 27 24 24 26 27 27 30 22 22 25 25 25 18 18 14 4 4 14 14 15 18 18 30 21 21 18 18 19 26 26 32 29 29 24 24 22 13 13 7
 29 29 30 23 23 22 17 17 18 18 29 26 26 31 29 29 28 28 23 19 19 14 11 11 11 11 16 16 16 30 24 24 26 26 23 24 24 31 36 36 30 30 26 16 16 8
 29 29 30 23 23 22 17 17 18 18 29 26 26 31 29 29 28 28 23 19 19 14 11 11 11 11 16 16 16 30 24 24 26 26 23 24 24 31 36 36 30 30 26 16 16 8
 32 32 31 31 31 40 35 35 31 31 28 21 21 25 21 21 18 18 15 15 15 11 12 12 13 13 13 15 15 23 29 29 32 32 26 30 30 34 37 37 26 26 23 21 21 8
 37 37 42 35 35 44 37 37 35 35 30 22 22 24 21 21 19 19 15 12 12 15 24 24 23 23 20 20 20 24 24 24 37 37 31 35 35 29 26 26 22 22 20 23 23 10
 37 37 42 35 35 44 37 37 35 35 30 22 22 24 21 21 19 19 15 12 12 15 24 24 23 23 20 20 20 24 24 24 37 37 31 35 35 29 26 26 22 22 20 23 23 10
 37 37 37 38 38 43 38 38 36 36 31 25 25 24 22 22 21 21 20 18 18 21 24 24 21 21 28 29 29 30 30 30 28 28 36 37 37 32 28 28 29 29 22 20 20 15
 37 37 37 38 38 43 38 38 36 36 31 25 25 24 22 22 21 21 20 18 18 21 24 24 21 21 28 29 29 30 30 30 28 28 36 37 37 32 28 28 29 29 22 20 20 15
 44 44 39 44 44 45 39 39 40 40 38 31 31 30 29 29 28 28 23 22 22 22 26 26 22 22 24 28 28 28 26 26 27 27 42 37 37 33 32 32 40 40 31 26 26 25
 56 56 48 57 57 44 52 52 48 48 48 41 41 44 42 42 50 50 42 39 39 34 34 34 28 28 26 26 26 29 27 27 43 43 30 40 40 42 49 49 44 44 45 36 36 31
 56 56 48 57 57 44 52 52 48 48 48 41 41 44 42 42 50 50 42 39 39 34 34 34 28 28 26 26 26 29 27 27 43 43 30 40 40 42 49 49 44 44 45 36 36 31
 54 54 53 59 59 47 54 54 49 49 59 60 60 54 55 55 56 56 52 56 56 50 45 45 39 39 31 32 32 33 30 30 27 27 32 33 33 32 44 44 39 39 44 41 41 28
 59 59 57 61 61 55 62 62 66 66 66 65 65 62 65 65 64 64 64 58 58 58 52 52 47 47 40 38 38 33 30 30 28 28 35 34 34 32 34 34 38 38 37 33 33 25
