assets/RAT_results/precipitation/2020-07-06_IMERG.asc
ncols        46
nrows        77
xllcorner    74.800261325624
yllcorner    8.058333333333
cellsize     0.062500000000
NODATA_value -9999
 3 3 5 4 4 4 2 2 4 4 5 3 3 3 5 5 3 3 3 3 3 3 4 4 4 4 4 3 3 2 2 2 2 2 2 3 3 3 2 2 2 2 2 2 2 1
 5 5 4 2 2 3 3 3 2 2 2 5 5 3 8 8 4 4 2 2 2 2 3 3 3 3 3 3 3 2 2 2 2 2 2 3 3 3 3 3 2 2 1 1 1 1
 5 5 4 2 2 3 3 3 2 2 2 5 5 3 8 8 4 4 2 2 2 2 3 3 3 3 3 3 3 2 2 2 2 2 2 3 3 3 3 3 2 2 1 1 1 1
 2 2 2 4 4 2 2 2 2 2 6 6 6 4 3 3 3 3 2 2 2 2 2 2 3 3 3 3 3 3 3 3 2 2 2 2 2 2 2 2 2 2 1 1 1 1
 1 1 4 4 4 5 5 5 4 4 8 11 11 6 6 6 6 6 4 3 3 2 2 2 3 3 3 3 3 2 2 2 2 2 2 1 1 1 1 1 1 1 1 1 1 1
 1 1 4 4 4 5 5 5 4 4 8 11 11 6 6 6 6 6 4 3 3 2 2 2 3 3 3 3 3 2 2 2 2 2 2 1 1 1 1 1 1 1 1 1 1 1
 2 2 3 5 5 8 10 10 12 12 19 25 25 14 13 13 7 7 6 4 4 3 3 3 3 3 4 5 5 3 2 2 2 2 2 1 1 1 1 1 1 1 1 1 1 1
 2 2 3 5 5 8 10 10 12 12 19 25 25 14 13 13 7 7 6 4 4 3 3 3 3 3 4 5 5 3 2 2 2 2 2 1 1 1 1 1 1 1 1 1 1 1
 4 4 7 13 13 15 12 12 17 17 27 24 24 21 13 13 9 9 7 5 5 4 3 3 3 3 4 3 3 4 1 1 2 2 3 2 2 2 2 2 2 2 1 1 1 1
 8 8 9 20 20 21 25 25 33 33 31 24 24 26 19 19 9 9 5 2 2 2 2 2 3 3 2 1 1 1 1 1 2 2 2 2 2 2 1 1 2 2 2 1 1 1
 8 8 9 20 20 21 25 25 33 33 31 24 24 26 19 19 9 9 5 2 2 2 2 2 3 3 2 1 1 1 1 1 2 2 2 2 2 2 1 1 2 2 2 1 1 1
 10 10 12 17 17 23 35 35 36 36 30 28 28 27 14 14 14 14 7 2 2 1 1 1 2 2 1 1 1 1 2 2 3 3 2 1 1 1 1 1 1 1 1 1 1 0
 8 8 9 16 16 23 24 24 33 33 36 21 21 15 13 13 13 13 6 4 4 2 2 2 3 3 2 1 1 2 4 4 2 2 1 1 1 1 1 1 1 1 1 0 0 0
 8 8 9 16 16 23 24 24 33 33 36 21 21 15 13 13 13 13 6 4 4 2 2 2 3 3 2 1 1 2 4 4 2 2 1 1 1 1 1 1 1 1 1 0 0 0
 9 9 8 12 12 13 18 18 24 24 25 28 28 19 12 12 16 16 8 5 5 2 3 3 3 3 2 4 4 2 2 2 1 1 1 0 0 1 1 1 1 1 0 0 0 0
 9 9 8 12 12 13 18 18 24 24 25 28 28 19 12 12 16 16 8 5 5 2 3 3 3 3 2 4 4 2 2 2 1 1 1 0 0 1 1 1 1 1 0 0 0 0
 11 11 10 9 9 11 12 12 18 18 19 50 50 35 12 12 10 10 8 8 8 5 2 2 2 2 1 1 1 1 1 1 1 1 1 1 1 1 1 1 1 1 1 0 0 0
 10 10 12 11 11 9 11 11 12 12 26 15 15 32 27 27 14 14 8 9 9 1 1 1 1 1 1 1 1 1 1 1 1 1 1 1 1 1 1 1 1 1 2 1 1 1
 10 10 12 11 11 9 11 11 12 12 26 15 15 32 27 27 14 14 8 9 9 1 1 1 1 1 1 1 1 1 1 1 1 1 1 1 1 1 1 1 1 1 2 1 1 1
 10 10 11 10 10 8 6 6 7 7 11 13 13 22 14 14 24 24 20 7 7 6 1 1 1 1 2 1 1 1 1 1 1 1 2 2 2 1 3 3 2 2 2 3 3 3
 4 4 5 4 4 4 4 4 8 8 12 12 12 17 18 18 14 14 21 10 10 7 10 10 2 2 3 2 2 1 2 2 2 2 2 2 2 1 1 1 2 2 1 1 1 3
 4 4 5 4 4 4 4 4 8 8 12 12 12 17 18 18 14 14 21 10 10 7 10 10 2 2 3 2 2 1 2 2 2 2 2 2 2 1 1 1 2 2 1 1 1 3
 3 3 3 3 3 3 4 4 6 6 9 5 5 8 19 19 16 16 17 16 16 4 8 8 3 3 8 2 2 2 2 2 2 2 2 2 2 2 1 1 2 2 1 1 1 3
 3 3 3 3 3 3 4 4 6 6 9 5 5 8 19 19 16 16 17 16 16 4 8 8 3 3 8 2 2 2 2 2 2 2 2 2 2 2 1 1 2 2 1 1 1 3
 2 2 2 3 3 3 3 3 5 5 12 5 5 10 16 16 17 17 21 24 24 11 8 8 4 4 3 3 3 3 4 4 2 2 2 2 2 2 1 1 1 1 1 1 1 0
 1 1 1 3 3 3 4 4 5 5 10 10 10 10 13 13 21 21 33 20 20 21 16 16 8 8 4 5 5 5 3 3 2 2 2 2 2 1 1 1 1 1 1 1 1 0
 1 1 1 3 3 3 4 4 5 5 10 10 10 10 13 13 21 21 33 20 20 21 16 16 8 8 4 5 5 5 3 3 2 2 2 2 2 1 1 1 1 1 1 1 1 0
 2 2 2 3 3 4 4 4 4 4 8 6 6 8 10 10 19 19 32 34 34 22 23 23 15 15 10 7 7 3 2 2 2 2 1 1 1 1 1 1 0 0 0 1 1 0
 5 5 4 5 5 4 4 4 4 4 7 10 10 9 11 11 18 18 21 20 20 30 31 31 27 27 21 16 16 7 5 5 3 3 1 0 0 0 0 0 0 0 0 0 0 0
 5 5 4 5 5 4 4 4 4 4 7 10 10 9 11 11 18 18 21 20 20 30 31 31 27 27 21 16 16 7 5 5 3 3 1 0 0 0 0 0 0 0 0 0 0 0
 7 7 7 7 7 5 5 5 5 5 9 13 13 8 8 8 13 13 19 23 23 15 25 25 18 18 14 11 11 7 3 3 5 5 4 1 1 1 0 0 0 0 0 0 0 0
 7 7 7 7 7 5 5 5 5 5 9 13 13 8 8 8 13 13 19 23 23 15 25 25 18 18 14 11 11 7 3 3 5 5 4 1 1 1 0 0 0 0 0 0 0 0
 7 7 7 9 9 8 7 7 8 8 13 16 16 9 6 6 8 8 7 9 9 16 29 29 12 12 12 10 10 10 4 4 1 1 6 2 2 0 0 0 0 0 0 0 0 0
 6 6 7 8 8 8 10 10 8 8 13 14 14 7 4 4 2 2 4 4 4 2 10 10 4 4 3 5 5 9 1 1 2 2 2 2 2 0 0 0 0 0 0 0 0 0
 6 6 7 8 8 8 10 10 8 8 13 14 14 7 4 4 2 2 4 4 4 2 10 10 4 4 3 5 5 9 1 1 2 2 2 2 2 0 0 0 0 0 0 0 0 0
 4 4 4 7 7 15 12 12 9 9 10 3 3 2 1 1 1 1 2 2 2 3 2 2 0 0 0 1 1 3 2 2 3 3 1 0 0 0 0 0 0 0 0 0 0 0
 3 3 3 5 5 10 14 14 9 9 2 0 0 0 0 0 0 0 1 5 5 4 1 1 1 1 0 0 0 0 0 0 0 0 0 0 0 0 0 0 0 0 0 0 0 0
 3 3 3 5 5 10 14 14 9 9 2 0 0 0 0 0 0 0 1 5 5 4 1 1 1 1 0 0 0 0 0 0 0 0 0 0 0 0 0 0 0 0 0 0 0 0
 2 2 2 2 2 5 8 8 2 2 1 0 0 0 0 0 1 1 1 4 4 3 1 1 1 1 4 8 8 7 0 0 1 1 0 0 0 0 0 0 0 0 0 0 0 0
 2 2 2 2 2 5 8 8 2 2 1 0 0 0 0 0 1 1 1 4 4 3 1 1 1 1 4 8 8 7 0 0 1 1 0 0 0 0 0 0 0 0 0 0 0 0
 2 2 1 1 1 1 1 1 1 1 2 1 1 0 0 0 1 1 1 3 3 4 4 4 3 3 3 4 4 7 1 1 1 1 1 3 3 2 0 0 0 0 0 0 0 0
 3 3 2 1 1 1 1 1 1 1 2 2 2 0 0 0 2 2 4 3 3 2 2 2 4 4 4 4 4 4 1 1 5 5 0 0 0 2 1 1 0 0 0 0 0 0
 3 3 2 1 1 1 1 1 1 1 2 2 2 0 0 0 2 2 4 3 3 2 2 2 4 4 4 4 4 4 1 1 5 5 0 0 0 2 1 1 0 0 0 0 0 0
 4 4 2 1 1 1 1 1 1 1 1 2 2 1 1 1 4 4 7 5 5 6 5 5 4 4 2 1 1 0 1 1 4 4 5 1 1 2 2 2 2 2 0 0 0 0
 3 3 3 2 2 2 1 1 3 3 1 1 1 1 1 1 4 4 11 4 4 5 7 7 8 8 5 10 10 2 3 3 9 9 4 2 2 2 2 2 1 1 0 0 0 0
 3 3 3 2 2 2 1 1 3 3 1 1 1 1 1 1 4 4 11 4 4 5 7 7 8 8 5 10 10 2 3 3 9 9 4 2 2 2 2 2 1 1 0 0 0 0
 4 4 4 3 3 3 3 3 6 6 4 1 1 1 1 1 1 1 2 2 2 3 8 8 13 13 15 13 13 6 4 4 5 5 4 3 3 2 2 2 0 0 0 0 0 1
 4 4 4 3 3 3 3 3 6 6 4 1 1 1 1 1 1 1 2 2 2 3 8 8 13 13 15 13 13 6 4 4 5 5 4 3 3 2 2 2 0 0 0 0 0 1
 2 2 2 5 5 7 4 4 7 7 2 0 0 0 0 0 1 1 1 1 1 1 4 4 6 6 12 23 23 7 6 6 4 4 3 3 3 2 2 2 1 1 0 0 0 1
 2 2 2 1 1 2 4 4 4 4 4 1 1 1 1 1 1 1 2 1 1 2 2 2 4 4 4 10 10 6 1 1 3 3 5 2 2 2 2 2 1 1 1 0 0 0
 2 2 2 1 1 2 4 4 4 4 4 1 1 1 1 1 1 1 2 1 1 2 2 2 4 4 4 10 10 6 1 1 3 3 5 2 2 2 2 2 1 1 1 0 0 0
 2 2 0 1 1 1 1 1 2 2 4 5 5 2 4 4 5 5 4 3 3 2 2 2 6 6 9 9 9 12 3 3 3 3 7 2 2 2 2 2 1 1 1 0 0 1
 1 1 0 1 1 2 2 2 1 1 2 8 8 4 6 6 6 6 7 4 4 9 5 5 9 9 12 21 21 14 6 6 2 2 2 6 6 2 2 2 1 1 1 0 0 1
 1 1 0 1 1 2 2 2 1 1 2 8 8 4 6 6 6 6 7 4 4 9 5 5 9 9 12 21 21 14 6 6 2 2 2 6 6 2 2 2 1 1 1 0 0 1
 2 2 0 1 1 2 1 1 1 1 1 4 4 5 6 6 6 6 6 6 6 9 8 8 9 9 12 13 13 11 10 10 2 2 2 2 2 4 2 2 2 2 1 0 0 0
 2 2 0 1 1 2 1 1 1 1 1 4 4 5 6 6 6 6 6 6 6 9 8 8 9 9 12 13 13 11 10 10 2 2 2 2 2 4 2 2 2 2 1 0 0 0
 1 1 1 2 2 2 3 3 2 2 3 5 5 7 6 6 4 4 4 2 2 3 10 10 21 21 16 20 20 13 11 11 6 6 3 3 3 3 2 2 2 2 1 0 0 0
 2 2 2 5 5 6 6 6 6 6 6 6 6 6 9 9 7 7 6 5 5 2 3 3 10 10 12 11 11 17 10 10 3 3 3 4 4 2 1 1 1 1 1 0 0 0
 2 2 2 5 5 6 6 6 6 6 6 6 6 6 9 9 7 7 6 5 5 2 3 3 10 10 12 11 11 17 10 10 3 3 3 4 4 2 1 1 1 1 1 0 0 0
 4 4 4 4 4 5 4 4 3 3 4 5 5 5 8 8 8 8 5 5 5 7 2 2 4 4 6 21 21 7 1 1 2 2 2 2 2 1 1 1 1 1 2 0 0 0
 4 4 4 3 3 3 4 4 3 3 3 3 3 5 6 6 8 8 5 4 4 6 3 3 4 4 2 9 9 8 3 3 7 7 1 2 2 3 0 0 0 0 0 0 0 0
 4 4 4 3 3 3 4 4 3 3 3 3 3 5 6 6 8 8 5 4 4 6 3 3 4 4 2 9 9 8 3 3 7 7 1 2 2 3 0 0 0 0 0 0 0 0
 4 4 5 3 3 4 4 4 4 4 4 4 4 5 6 6 7 7 6 4 4 2 2 2 2 2 2 3 3 4 3 3 1 1 2 2 2 1 1 1 0 0 0 0 0 0
 4 4 5 3 3 4 4 4 4 4 4 4 4 5 6 6 7 7 6 4 4 2 2 2 2 2 2 3 3 4 3 3 1 1 2 2 2 1 1 1 0 0 0 0 0 0
 5 5 5 2 2 5 4 4 4 4 3 4 4 4 5 5 4 4 4 3 3 2 2 2 2 2 2 2 2 2 1 1 0 0 1 1 1 1 1 1 1 1 0 0 0 0
 4 4 3 3 3 8 8 8 3 3 3 3 3 3 3 3 5 5 3 5 5 2 1 1 1 1 3 5 5 4 5 5 1 1 3 2 2 2 2 2 2 2 1 0 0 0
 4 4 3 3 3 8 8 8 3 3 3 3 3 3 3 3 5 5 3 5 5 2 1 1 1 1 3 5 5 4 5 5 1 1 3 2 2 2 2 2 2 2 1 0 0 0
 3 3 2 2 2 3 7 7 4 4 3 3 3 2 2 2 3 3 4 6 6 4 0 0 0 0 2 7 7 8 7 7 9 9 4 1 1 1 4 4 4 4 2 0 0 0
 4 4 1 2 2 2 3 3 3 3 3 3 3 2 2 2 1 1 3 3 3 7 8 8 1 1 2 7 7 13 13 13 10 10 9 1 1 0 2 2 1 1 2 2 2 1
 4 4 1 2 2 2 3 3 3 3 3 3 3 2 2 2 1 1 3 3 3 7 8 8 1 1 2 7 7 13 13 13 10 10 9 1 1 0 2 2 1 1 2 2 2 1
 4 4 2 2 2 2 2 2 3 3 2 2 2 2 1 1 1 1 1 2 2 3 10 10 6 6 1 3 3 10 23 23 15 15 9 2 2 0 0 0 1 1 5 3 3 2
 4 4 2 2 2 2 2 2 3 3 2 2 2 2 1 1 1 1 1 2 2 3 10 10 6 6 1 3 3 10 23 23 15 15 9 2 2 0 0 0 1 1 5 3 3 2
 2 2 2 1 1 1 1 1 2 2 2 1 1 1 1 1 1 1 0 1 1 1 4 4 9 9 6 4 4 6 7 7 16 16 6 4 4 1 0 0 2 2 4 3 3 3
 2 2 1 1 1 1 1 1 1 1 1 1 1 0 0 0 0 0 0 2 2 1 2 2 7 7 9 8 8 5 7 7 11 11 13 3 3 2 1 1 1 1 4 2 2 0
 2 2 1 1 1 1 1 1 1 1 1 1 1 0 0 0 0 0 0 2 2 1 2 2 7 7 9 8 8 5 7 7 11 11 13 3 3 2 1 1 1 1 4 2 2 0
 4 4 2 1 1 2 2 2 1 1 2 2 2 1 0 0 0 0 0 2 2 6 7 7 9 9 14 11 11 6 11 11 14 14 9 7 7 2 1 1 2 2 0 0 0 5
 6 6 4 2 2 2 1 1 1 1 2 2 2 1 1 1 0 0 0 0 0 0 1 1 6 6 11 8 8 15 11 11 11 11 14 10 10 2 2 2 1 1 1 0 0 1
