assets/RAT_results/precipitation/2020-06-26_IMERG.asc
ncols        46
nrows        77
xllcorner    74.800261325624
yllcorner    8.058333333333
cellsize     0.062500000000
NODATA_value -9999
 2 2 1 0 0 0 0 0 0 0 0 0 0 0 0 0 0 0 0 0 0 0 0 0 0 0 0 1 1 1 0 0 0 0 0 0 0 0 0 0 0 0 0 0 0 0
 1 1 1 0 0 1 0 0 0 0 0 0 0 0 0 0 1 1 0 0 0 0 0 0 0 0 0 0 0 0 0 0 0 0 0 0 0 0 0 0 0 0 0 0 0 0
 1 1 1 0 0 1 0 0 0 0 0 0 0 0 0 0 1 1 0 0 0 0 0 0 0 0 0 0 0 0 0 0 0 0 0 0 0 0 0 0 0 0 0 0 0 0
 1 1 1 1 1 0 1 1 0 0 0 0 0 0 0 0 1 1 0 0 0 0 0 0 0 0 0 0 0 0 0 0 0 0 0 0 0 0 0 0 0 0 0 0 0 0
 0 0 1 1 1 0 1 1 1 1 0 0 0 0 0 0 0 0 0 0 0 0 0 0 0 0 0 0 0 0 0 0 0 0 0 0 0 0 0 0 0 0 0 0 0 0
 0 0 1 1 1 0 1 1 1 1 0 0 0 0 0 0 0 0 0 0 0 0 0 0 0 0 0 0 0 0 0 0 0 0 0 0 0 0 0 0 0 0 0 0 0 0
 2 2 1 1 1 1 1 1 0 0 0 0 0 0 0 0 0 0 0 0 0 0 0 0 0 0 0 0 0 0 0 0 0 0 0 0 0 0 0 0 0 0 0 0 0 0
 2 2 1 1 1 1 1 1 0 0 0 0 0 0 0 0 0 0 0 0 0 0 0 0 0 0 0 0 0 0 0 0 0 0 0 0 0 0 0 0 0 0 0 0 0 0
 2 2 0 2 2 1 1 1 0 0 0 0 0 0 0 0 0 0 0 0 0 0 0 0 0 0 0 0 0 0 0 0 0 0 0 0 0 0 0 0 0 0 0 0 0 0
 4 4 1 2 2 1 1 1 0 0 0 0 0 0 0 0 0 0 0 0 0 0 0 0 0 0 0 0 0 0 0 0 0 0 0 0 0 0 0 0 0 0 0 0 0 0
 4 4 1 2 2 1 1 1 0 0 0 0 0 0 0 0 0 0 0 0 0 0 0 0 0 0 0 0 0 0 0 0 0 0 0 0 0 0 0 0 0 0 0 0 0 0
 4 4 0 0 0 1 1 1 0 0 0 0 0 0 0 0 0 0 0 0 0 0 0 0 0 0 0 0 0 0 0 0 0 0 1 1 1 0 1 1 1 1 1 0 0 0
 3 3 2 3 3 3 2 2 0 0 0 0 0 0 0 0 0 0 0 0 0 0 0 0 0 0 0 0 0 0 0 0 0 0 1 1 1 0 1 1 1 1 1 0 0 0
 3 3 2 3 3 3 2 2 0 0 0 0 0 0 0 0 0 0 0 0 0 0 0 0 0 0 0 0 0 0 0 0 0 0 1 1 1 0 1 1 1 1 1 0 0 0
 2 2 2 6 6 3 2 2 2 2 0 0 0 0 0 0 0 0 0 0 0 0 0 0 0 0 0 0 0 0 0 0 1 1 2 1 1 1 1 1 1 1 1 0 0 0
 2 2 2 6 6 3 2 2 2 2 0 0 0 0 0 0 0 0 0 0 0 0 0 0 0 0 0 0 0 0 0 0 1 1 2 1 1 1 1 1 1 1 1 0 0 0
 2 2 2 6 6 3 3 3 2 2 1 0 0 0 0 0 0 0 0 0 0 0 0 0 0 0 0 0 0 0 0 0 1 1 0 0 0 0 0 0 0 0 0 0 0 0
 4 4 7 6 6 3 2 2 0 0 1 1 1 0 0 0 0 0 0 0 0 0 0 0 0 0 0 0 0 0 0 0 0 0 0 0 0 0 0 0 0 0 0 0 0 0
 4 4 7 6 6 3 2 2 0 0 1 1 1 0 0 0 0 0 0 0 0 0 0 0 0 0 0 0 0 0 0 0 0 0 0 0 0 0 0 0 0 0 0 0 0 0
 3 3 7 6 6 2 2 2 1 1 0 1 1 1 1 1 0 0 0 0 0 0 0 0 0 0 0 0 0 0 0 0 0 0 0 0 0 0 0 0 0 0 0 0 0 0
 14 14 4 3 3 2 2 2 2 2 1 1 1 1 1 1 0 0 0 0 0 0 0 0 0 0 0 0 0 0 0 0 0 0 0 0 0 0 0 0 0 0 0 0 0 0
 14 14 4 3 3 2 2 2 2 2 1 1 1 1 1 1 0 0 0 0 0 0 0 0 0 0 0 0 0 0 0 0 0 0 0 0 0 0 0 0 0 0 0 0 0 0
 17 17 21 10 10 3 4 4 3 3 2 1 1 2 2 2 0 0 0 0 0 0 0 0 0 0 0 0 0 0 0 0 0 0 0 0 0 0 0 0 0 0 0 0 0 0
 17 17 21 10 10 3 4 4 3 3 2 1 1 2 2 2 0 0 0 0 0 0 0 0 0 0 0 0 0 0 0 0 0 0 0 0 0 0 0 0 0 0 0 0 0 0
 18 18 23 22 22 5 5 5 4 4 3 2 2 3 2 2 2 2 0 0 0 0 0 0 0 0 0 0 0 0 0 0 0 0 0 0 0 0 0 0 0 0 0 0 0 0
 25 25 23 16 16 13 4 4 4 4 6 5 5 3 5 5 4 4 1 0 0 0 0 0 0 0 0 0 0 0 0 0 0 0 0 0 0 0 0 0 0 0 0 0 0 0
 25 25 23 16 16 13 4 4 4 4 6 5 5 3 5 5 4 4 1 0 0 0 0 0 0 0 0 0 0 0 0 0 0 0 0 0 0 0 0 0 0 0 0 0 0 0
 29 29 26 15 15 15 9 9 6 6 8 9 9 9 6 6 5 5 1 0 0 0 0 0 0 0 0 0 0 0 0 0 0 0 0 0 0 0 0 0 0 0 0 0 0 0
 27 27 28 16 16 16 9 9 8 8 13 14 14 11 5 5 2 2 1 0 0 0 0 0 0 0 0 0 0 0 0 0 0 0 0 0 0 0 0 0 0 0 0 0 0 0
 27 27 28 16 16 16 9 9 8 8 13 14 14 11 5 5 2 2 1 0 0 0 0 0 0 0 0 0 0 0 0 0 0 0 0 0 0 0 0 0 0 0 0 0 0 0
 25 25 18 16 16 16 12 12 8 8 11 11 11 9 6 6 2 2 2 0 0 0 0 0 0 0 0 0 0 0 0 0 0 0 0 0 0 0 0 0 0 0 0 0 0 0
 25 25 18 16 16 16 12 12 8 8 11 11 11 9 6 6 2 2 2 0 0 0 0 0 0 0 0 0 0 0 0 0 0 0 0 0 0 0 0 0 0 0 0 0 0 0
 19 19 19 16 16 23 21 21 23 23 20 15 15 7 6 6 2 2 2 1 1 0 0 0 0 0 0 0 0 0 0 0 0 0 0 0 0 0 0 0 0 0 0 0 0 0
 18 18 18 20 20 28 23 23 21 21 19 7 7 5 2 2 1 1 2 1 1 0 0 0 0 0 0 0 0 0 0 0 0 0 0 0 0 0 0 0 0 0 0 0 0 0
 18 18 18 20 20 28 23 23 21 21 19 7 7 5 2 2 1 1 2 1 1 0 0 0 0 0 0 0 0 0 0 0 0 0 0 0 0 0 0 0 0 0 0 0 0 0
 12 12 15 14 14 25 27 27 19 19 20 8 8 5 4 4 1 1 3 2 2 1 1 1 0 0 0 0 0 0 0 0 0 0 0 0 0 0 0 0 0 0 0 0 0 0
 13 13 13 13 13 13 13 13 13 13 18 8 8 6 6 6 4 4 7 6 6 1 1 1 1 1 1 0 0 0 0 0 0 0 0 0 0 0 0 0 0 0 0 0 0 0
 13 13 13 13 13 13 13 13 13 13 18 8 8 6 6 6 4 4 7 6 6 1 1 1 1 1 1 0 0 0 0 0 0 0 0 0 0 0 0 0 0 0 0 0 0 0
 18 18 16 12 12 13 13 13 13 13 14 7 7 13 16 16 9 9 23 16 16 6 1 1 1 1 1 0 0 0 0 0 0 0 0 0 0 0 0 0 0 0 0 0 0 0
 18 18 16 12 12 13 13 13 13 13 14 7 7 13 16 16 9 9 23 16 16 6 1 1 1 1 1 0 0 0 0 0 0 0 0 0 0 0 0 0 0 0 0 0 0 0
 19 19 18 21 21 16 15 15 12 12 17 7 7 17 19 19 16 16 24 16 16 9 4 4 1 1 1 2 2 2 2 2 0 0 0 0 0 0 0 0 0 0 0 0 0 1
 19 19 19 25 25 18 18 18 15 15 18 20 20 13 30 30 31 31 38 28 28 9 2 2 1 1 1 2 2 3 2 2 0 0 1 0 0 0 1 1 0 0 1 1 1 1
 19 19 19 25 25 18 18 18 15 15 18 20 20 13 30 30 31 31 38 28 28 9 2 2 1 1 1 2 2 3 2 2 0 0 1 0 0 0 1 1 0 0 1 1 1 1
 22 22 21 21 21 20 20 20 16 16 29 27 27 21 12 12 12 12 30 12 12 8 3 3 2 2 1 2 2 4 4 4 2 2 1 1 1 1 1 1 1 1 1 1 1 1
 24 24 24 17 17 20 31 31 31 31 30 27 27 12 14 14 11 11 18 18 18 25 11 11 4 4 2 3 3 3 3 3 1 1 1 0 0 1 1 1 1 1 1 1 1 1
 24 24 24 17 17 20 31 31 31 31 30 27 27 12 14 14 11 11 18 18 18 25 11 11 4 4 2 3 3 3 3 3 1 1 1 0 0 1 1 1 1 1 1 1 1 1
 26 26 25 25 25 31 32 32 40 40 46 46 46 40 20 20 10 10 14 18 18 10 9 9 6 6 3 4 4 4 4 4 0 0 0 0 0 0 0 0 0 0 0 0 0 0
 26 26 25 25 25 31 32 32 40 40 46 46 46 40 20 20 10 10 14 18 18 10 9 9 6 6 3 4 4 4 4 4 0 0 0 0 0 0 0 0 0 0 0 0 0 0
 27 27 34 33 33 39 37 37 38 38 43 45 45 44 32 32 9 9 9 10 10 6 6 6 9 9 5 3 3 4 3 3 1 1 2 2 2 0 0 0 0 0 0 0 0 0
 31 31 39 38 38 41 47 47 53 53 54 53 53 45 40 40 7 7 6 9 9 9 9 9 9 9 6 3 3 1 2 2 1 1 2 2 2 0 0 0 0 0 0 0 0 0
 31 31 39 38 38 41 47 47 53 53 54 53 53 45 40 40 7 7 6 9 9 9 9 9 9 9 6 3 3 1 2 2 1 1 2 2 2 0 0 0 0 0 0 0 0 0
 37 37 49 50 50 57 54 54 58 58 51 43 43 44 37 37 7 7 9 9 9 14 13 13 13 13 9 8 8 4 2 2 2 2 3 2 2 2 0 0 0 0 0 0 0 0
 38 38 52 52 52 59 61 61 59 59 58 54 54 54 36 36 24 24 9 9 9 9 11 11 14 14 14 11 11 6 7 7 3 3 3 2 2 2 0 0 0 0 0 0 0 0
 38 38 52 52 52 59 61 61 59 59 58 54 54 54 36 36 24 24 9 9 9 9 11 11 14 14 14 11 11 6 7 7 3 3 3 2 2 2 0 0 0 0 0 0 0 0
 49 49 56 57 57 68 73 73 70 70 63 68 68 55 35 35 18 18 11 11 11 8 9 9 14 14 14 10 10 5 6 6 7 7 6 3 3 2 1 1 1 1 0 0 0 0
 49 49 56 57 57 68 73 73 70 70 63 68 68 55 35 35 18 18 11 11 11 8 9 9 14 14 14 10 10 5 6 6 7 7 6 3 3 2 1 1 1 1 0 0 0 0
 60 60 59 75 75 78 77 77 74 74 70 68 68 61 38 38 32 32 15 20 20 9 16 16 8 8 7 5 5 3 4 4 6 6 5 6 6 3 1 1 1 1 0 0 0 0
 68 68 68 80 80 90 94 94 91 91 84 75 75 50 37 37 34 34 31 23 23 20 29 29 11 11 7 5 5 5 7 7 6 6 5 3 3 2 2 2 1 1 0 0 0 0
 68 68 68 80 80 90 94 94 91 91 84 75 75 50 37 37 34 34 31 23 23 20 29 29 11 11 7 5 5 5 7 7 6 6 5 3 3 2 2 2 1 1 0 0 0 0
 66 66 73 79 79 76 85 85 74 74 70 56 56 39 36 36 30 30 26 30 30 29 14 14 13 13 13 9 9 9 8 8 9 9 6 5 5 2 1 1 1 1 0 0 0 0
 68 68 72 78 78 80 82 82 72 72 65 59 59 40 41 41 35 35 26 22 22 15 13 13 11 11 15 14 14 13 9 9 5 5 5 3 3 3 2 2 2 2 1 0 0 0
 68 68 72 78 78 80 82 82 72 72 65 59 59 40 41 41 35 35 26 22 22 15 13 13 11 11 15 14 14 13 9 9 5 5 5 3 3 3 2 2 2 2 1 0 0 0
 62 62 65 68 68 72 73 73 70 70 64 61 61 43 54 54 38 38 38 19 19 19 5 5 12 12 25 22 22 17 14 14 6 6 4 4 4 4 2 2 3 3 1 0 0 0
 62 62 65 68 68 72 73 73 70 70 64 61 61 43 54 54 38 38 38 19 19 19 5 5 12 12 25 22 22 17 14 14 6 6 4 4 4 4 2 2 3 3 1 0 0 0
 52 52 60 60 60 61 63 63 61 61 67 61 61 57 54 54 44 44 39 21 21 23 10 10 15 15 27 33 33 24 15 15 11 11 6 7 7 5 3 3 1 1 1 0 0 0
 48 48 54 61 61 64 63 63 63 63 65 51 51 52 49 49 51 51 45 31 31 32 34 34 31 31 34 43 43 27 19 19 15 15 11 6 6 5 3 3 1 1 0 1 1 0
 48 48 54 61 61 64 63 63 63 63 65 51 51 52 49 49 51 51 45 31 31 32 34 34 31 31 34 43 43 27 19 19 15 15 11 6 6 5 3 3 1 1 0 1 1 0
 46 46 48 52 52 57 57 57 59 59 62 58 58 57 59 59 60 60 49 45 45 36 33 33 32 32 38 43 43 30 26 26 19 19 14 8 8 5 5 5 3 3 2 2 2 1
 45 45 49 50 50 52 52 52 51 51 49 47 47 53 52 52 46 46 43 42 42 36 27 27 40 40 39 37 37 33 28 28 26 26 17 16 16 6 4 4 3 3 4 4 4 1
 45 45 49 50 50 52 52 52 51 51 49 47 47 53 52 52 46 46 43 42 42 36 27 27 40 40 39 37 37 33 28 28 26 26 17 16 16 6 4 4 3 3 4 4 4 1
 40 40 44 45 45 48 46 46 46 46 46 43 43 47 48 48 44 44 48 47 47 47 40 40 32 32 34 34 34 27 28 28 26 26 26 17 17 11 8 8 4 4 6 4 4 2
 40 40 44 45 45 48 46 46 46 46 46 43 43 47 48 48 44 44 48 47 47 47 40 40 32 32 34 34 34 27 28 28 26 26 26 17 17 11 8 8 4 4 6 4 4 2
 41 41 44 47 47 48 47 47 44 44 38 38 38 39 42 42 47 47 44 43 43 40 39 39 43 43 35 21 21 21 22 22 23 23 22 16 16 12 10 10 7 7 4 3 3 2
 34 34 37 38 38 39 37 37 35 35 33 34 34 36 39 39 43 43 45 45 45 48 47 47 40 40 38 26 26 26 23 23 21 21 17 17 17 13 12 12 8 8 6 3 3 2
 34 34 37 38 38 39 37 37 35 35 33 34 34 36 39 39 43 43 45 45 45 48 47 47 40 40 38 26 26 26 23 23 21 21 17 17 17 13 12 12 8 8 6 3 3 2
 30 30 32 34 34 35 33 33 31 31 29 31 31 31 32 32 37 37 39 38 38 40 50 50 55 55 52 49 49 42 41 41 29 29 23 21 21 10 13 13 9 9 9 6 6 5
 27 27 30 31 31 31 29 29 28 28 28 29 29 28 30 30 36 36 41 42 42 44 53 53 54 54 51 49 49 40 38 38 25 25 18 16 16 15 11 11 11 11 12 5 5 6
