assets/RAT_results/precipitation/2020-06-13_IMERG.asc
ncols        46
nrows        77
xllcorner    74.800261325624
yllcorner    8.058333333333
cellsize     0.062500000000
NODATA_value -9999
 10 10 9 5 5 1 1 1 0 0 0 4 4 3 3 3 1 1 1 0 0 0 0 0 0 0 0 0 0 0 1 1 1 1 0 0 0 0 0 0 0 0 0 0 0 0
 9 9 4 2 2 1 0 0 0 0 0 0 0 0 0 0 1 1 1 0 0 0 0 0 0 0 0 0 0 1 1 1 2 2 0 0 0 0 1 1 0 0 0 0 0 0
 9 9 4 2 2 1 0 0 0 0 0 0 0 0 0 0 1 1 1 0 0 0 0 0 0 0 0 0 0 1 1 1 2 2 0 0 0 0 1 1 0 0 0 0 0 0
 16 16 3 3 3 5 2 2 1 1 0 3 3 0 0 0 0 0 0 0 0 0 0 0 0 0 0 0 0 1 1 1 0 0 0 0 0 0 1 1 2 2 0 0 0 0
 9 9 13 12 12 7 3 3 1 1 2 3 3 0 1 1 0 0 0 0 0 0 1 1 0 0 0 1 1 1 5 5 1 1 2 2 2 1 0 0 0 0 0 0 0 0
 9 9 13 12 12 7 3 3 1 1 2 3 3 0 1 1 0 0 0 0 0 0 1 1 0 0 0 1 1 1 5 5 1 1 2 2 2 1 0 0 0 0 0 0 0 0
 30 30 20 13 13 5 2 2 1 1 0 3 3 3 2 2 5 5 0 2 2 2 3 3 3 3 4 1 1 0 2 2 2 2 1 0 0 0 0 0 0 0 0 0 0 0
 30 30 20 13 13 5 2 2 1 1 0 3 3 3 2 2 5 5 0 2 2 2 3 3 3 3 4 1 1 0 2 2 2 2 1 0 0 0 0 0 0 0 0 0 0 0
 34 34 36 15 15 9 3 3 3 3 1 3 3 5 6 6 7 7 6 2 2 2 2 2 1 1 2 2 2 1 1 1 1 1 1 0 0 0 0 0 0 0 0 0 0 0
 20 20 19 15 15 8 10 10 4 4 8 6 6 7 6 6 7 7 4 2 2 2 1 1 0 0 0 2 2 2 2 2 2 2 1 0 0 0 0 0 0 0 0 0 0 0
 20 20 19 15 15 8 10 10 4 4 8 6 6 7 6 6 7 7 4 2 2 2 1 1 0 0 0 2 2 2 2 2 2 2 1 0 0 0 0 0 0 0 0 0 0 0
 16 16 24 21 21 12 12 12 18 18 14 11 11 7 5 5 7 7 5 7 7 5 4 4 3 3 2 1 1 2 5 5 2 2 1 0 0 0 0 0 0 0 0 0 0 0
 20 20 22 20 20 16 17 17 21 21 21 10 10 18 6 6 8 8 7 10 10 6 2 2 3 3 2 2 2 1 1 1 0 0 0 0 0 0 0 0 0 0 0 0 0 0
 20 20 22 20 20 16 17 17 21 21 21 10 10 18 6 6 8 8 7 10 10 6 2 2 3 3 2 2 2 1 1 1 0 0 0 0 0 0 0 0 0 0 0 0 0 0
 31 31 35 24 24 24 21 21 19 19 23 20 20 19 15 15 5 5 10 5 5 5 7 7 2 2 1 0 0 0 0 0 0 0 0 0 0 0 0 0 0 0 0 0 0 0
 31 31 35 24 24 24 21 21 19 19 23 20 20 19 15 15 5 5 10 5 5 5 7 7 2 2 1 0 0 0 0 0 0 0 0 0 0 0 0 0 0 0 0 0 0 0
 49 49 58 20 20 44 34 34 18 18 15 17 17 24 23 23 6 6 3 0 0 2 0 0 0 0 0 0 0 0 0 0 0 0 0 0 0 0 0 0 0 0 0 0 0 0
 60 60 61 43 43 38 34 34 17 17 9 13 13 15 12 12 12 12 3 1 1 1 0 0 0 0 0 0 0 0 0 0 0 0 0 0 0 0 0 0 0 0 0 0 0 0
 60 60 61 43 43 38 34 34 17 17 9 13 13 15 12 12 12 12 3 1 1 1 0 0 0 0 0 0 0 0 0 0 0 0 0 0 0 0 0 0 0 0 0 0 0 0
 62 62 60 34 34 21 13 13 12 12 8 8 8 7 4 4 8 8 3 1 1 1 0 0 0 0 0 0 0 0 0 0 0 0 0 0 0 0 0 0 0 0 0 0 0 0
 39 39 23 21 21 12 14 14 11 11 5 6 6 12 9 9 6 6 9 5 5 5 0 0 0 0 0 1 1 0 0 0 0 0 0 0 0 0 0 0 0 0 0 0 0 0
 39 39 23 21 21 12 14 14 11 11 5 6 6 12 9 9 6 6 9 5 5 5 0 0 0 0 0 1 1 0 0 0 0 0 0 0 0 0 0 0 0 0 0 0 0 0
 20 20 18 25 25 21 10 10 8 8 12 13 13 15 19 19 17 17 6 7 7 13 1 1 6 6 0 1 1 0 0 0 0 0 0 0 0 0 0 0 0 0 0 0 0 0
 20 20 18 25 25 21 10 10 8 8 12 13 13 15 19 19 17 17 6 7 7 13 1 1 6 6 0 1 1 0 0 0 0 0 0 0 0 0 0 0 0 0 0 0 0 0
 25 25 23 19 19 12 7 7 8 8 8 18 18 25 20 20 61 61 32 13 13 7 1 1 3 3 10 0 0 0 0 0 0 0 0 0 0 0 0 0 0 0 0 0 0 0
 31 31 28 17 17 17 6 6 4 4 11 21 21 26 21 21 29 29 28 11 11 4 0 0 0 0 1 0 0 0 0 0 0 0 0 0 0 0 0 0 0 0 0 0 0 0
 31 31 28 17 17 17 6 6 4 4 11 21 21 26 21 21 29 29 28 11 11 4 0 0 0 0 1 0 0 0 0 0 0 0 0 0 0 0 0 0 0 0 0 0 0 0
 20 20 16 16 16 14 6 6 8 8 13 9 9 15 26 26 21 21 12 4 4 2 2 2 1 1 0 0 0 0 0 0 0 0 0 0 0 0 0 0 0 0 1 0 0 0
 22 22 16 14 14 11 11 11 9 9 14 16 16 11 13 13 12 12 24 8 8 3 2 2 1 1 1 0 0 0 1 1 0 0 0 0 0 0 0 0 0 0 0 0 0 0
 22 22 16 14 14 11 11 11 9 9 14 16 16 11 13 13 12 12 24 8 8 3 2 2 1 1 1 0 0 0 1 1 0 0 0 0 0 0 0 0 0 0 0 0 0 0
 29 29 29 21 21 8 8 8 9 9 9 12 12 17 17 17 14 14 10 5 5 2 1 1 1 1 1 1 1 0 1 1 0 0 0 0 0 1 0 0 1 1 0 0 0 0
 29 29 29 21 21 8 8 8 9 9 9 12 12 17 17 17 14 14 10 5 5 2 1 1 1 1 1 1 1 0 1 1 0 0 0 0 0 1 0 0 1 1 0 0 0 0
 38 38 58 43 43 16 15 15 9 9 8 11 11 10 13 13 14 14 14 5 5 6 2 2 1 1 2 1 1 0 0 0 1 1 1 2 2 3 2 2 1 1 1 0 0 0
 42 42 66 49 49 22 16 16 16 16 13 11 11 26 14 14 8 8 5 11 11 3 3 3 2 2 1 1 1 0 0 0 1 1 1 3 3 3 2 2 2 2 0 0 0 0
 42 42 66 49 49 22 16 16 16 16 13 11 11 26 14 14 8 8 5 11 11 3 3 3 2 2 1 1 1 0 0 0 1 1 1 3 3 3 2 2 2 2 0 0 0 0
 31 31 37 34 34 12 15 15 16 16 16 16 16 23 15 15 12 12 9 5 5 4 4 4 3 3 1 0 0 0 0 0 1 1 1 3 3 1 1 1 1 1 0 0 0 0
 21 21 23 13 13 17 19 19 25 25 31 37 37 45 34 34 20 20 13 9 9 11 5 5 5 5 2 2 2 1 3 3 2 2 4 3 3 1 0 0 0 0 0 0 0 0
 21 21 23 13 13 17 19 19 25 25 31 37 37 45 34 34 20 20 13 9 9 11 5 5 5 5 2 2 2 1 3 3 2 2 4 3 3 1 0 0 0 0 0 0 0 0
 16 16 13 16 16 25 31 31 45 45 39 52 52 57 48 48 27 27 22 13 13 10 9 9 8 8 4 3 3 4 8 8 8 8 5 5 5 2 1 1 0 0 0 0 0 0
 16 16 13 16 16 25 31 31 45 45 39 52 52 57 48 48 27 27 22 13 13 10 9 9 8 8 4 3 3 4 8 8 8 8 5 5 5 2 1 1 0 0 0 0 0 0
 16 16 17 20 20 32 32 32 54 54 58 74 74 67 32 32 35 35 24 16 16 13 9 9 8 8 4 3 3 4 5 5 6 6 6 5 5 2 2 2 1 1 0 0 0 0
 15 15 16 26 26 34 46 46 69 69 87 103 103 78 41 41 44 44 24 16 16 19 17 17 5 5 5 5 5 6 5 5 4 4 5 3 3 2 1 1 1 1 0 0 0 0
 15 15 16 26 26 34 46 46 69 69 87 103 103 78 41 41 44 44 24 16 16 19 17 17 5 5 5 5 5 6 5 5 4 4 5 3 3 2 1 1 1 1 0 0 0 0
 12 12 11 23 23 29 49 49 58 58 83 116 116 104 59 59 40 40 27 12 12 10 10 10 4 4 5 5 5 7 13 13 5 5 4 3 3 1 0 0 0 0 0 0 0 0
 8 8 9 15 15 18 35 35 45 45 92 119 119 96 76 76 48 48 32 9 9 11 9 9 6 6 5 8 8 12 9 9 9 9 5 3 3 1 0 0 0 0 0 0 0 0
 8 8 9 15 15 18 35 35 45 45 92 119 119 96 76 76 48 48 32 9 9 11 9 9 6 6 5 8 8 12 9 9 9 9 5 3 3 1 0 0 0 0 0 0 0 0
 6 6 7 9 9 11 16 16 47 47 49 104 104 95 50 50 36 36 30 13 13 24 10 10 6 6 3 6 6 8 7 7 6 6 3 2 2 1 0 0 0 0 0 0 0 0
 6 6 7 9 9 11 16 16 47 47 49 104 104 95 50 50 36 36 30 13 13 24 10 10 6 6 3 6 6 8 7 7 6 6 3 2 2 1 0 0 0 0 0 0 0 0
 6 6 8 8 8 9 16 16 16 16 25 89 89 60 53 53 39 39 36 25 25 20 7 7 4 4 3 3 3 14 9 9 5 5 3 1 1 0 0 0 0 0 0 0 0 0
 14 14 11 8 8 8 10 10 17 17 26 48 48 45 35 35 46 46 29 21 21 43 28 28 25 25 8 9 9 11 12 12 5 5 6 1 1 0 0 0 0 0 0 0 0 0
 14 14 11 8 8 8 10 10 17 17 26 48 48 45 35 35 46 46 29 21 21 43 28 28 25 25 8 9 9 11 12 12 5 5 6 1 1 0 0 0 0 0 0 0 0 0
 22 22 16 10 10 10 11 11 19 19 27 47 47 56 39 39 35 35 18 16 16 43 206 206 183 183 15 10 10 11 18 18 8 8 2 0 0 0 0 0 0 0 0 0 0 0
 23 23 19 12 12 9 12 12 22 22 26 37 37 49 38 38 57 57 50 22 22 216 207 207 185 185 15 16 16 12 13 13 7 7 2 1 1 0 0 0 0 0 0 0 0 0
 23 23 19 12 12 9 12 12 22 22 26 37 37 49 38 38 57 57 50 22 22 216 207 207 185 185 15 16 16 12 13 13 7 7 2 1 1 0 0 0 0 0 0 0 0 0
 15 15 11 10 10 9 10 10 13 13 18 19 19 22 32 32 57 57 50 25 25 10 10 10 13 13 19 19 19 5 4 4 6 6 3 2 2 0 0 0 0 0 0 0 0 0
 15 15 11 10 10 9 10 10 13 13 18 19 19 22 32 32 57 57 50 25 25 10 10 10 13 13 19 19 19 5 4 4 6 6 3 2 2 0 0 0 0 0 0 0 0 0
 8 8 8 10 10 10 10 10 15 15 15 17 17 18 20 20 22 22 17 19 19 11 14 14 14 14 13 15 15 6 5 5 14 14 9 7 7 0 0 0 0 0 0 0 0 0
 8 8 9 10 10 10 12 12 15 15 16 13 13 15 17 17 24 24 19 25 25 16 15 15 19 19 25 12 12 8 5 5 4 4 10 7 7 2 0 0 0 0 0 0 0 0
 8 8 9 10 10 10 12 12 15 15 16 13 13 15 17 17 24 24 19 25 25 16 15 15 19 19 25 12 12 8 5 5 4 4 10 7 7 2 0 0 0 0 0 0 0 0
 9 9 9 11 11 12 14 14 18 18 19 17 17 17 19 19 24 24 26 30 30 36 15 15 16 16 18 18 18 9 14 14 4 4 10 7 7 2 0 0 0 0 0 0 0 0
 7 7 8 9 9 11 12 12 13 13 18 20 20 24 24 24 28 28 28 24 24 42 18 18 26 26 26 10 10 9 4 4 4 4 2 4 4 1 1 1 0 0 0 0 0 0
 7 7 8 9 9 11 12 12 13 13 18 20 20 24 24 24 28 28 28 24 24 42 18 18 26 26 26 10 10 9 4 4 4 4 2 4 4 1 1 1 0 0 0 0 0 0
 9 9 10 11 11 12 13 13 12 12 17 19 19 18 26 26 30 30 26 24 24 24 35 35 37 37 21 12 12 6 6 6 3 3 1 0 0 0 0 0 0 0 0 0 0 0
 9 9 10 11 11 12 13 13 12 12 17 19 19 18 26 26 30 30 26 24 24 24 35 35 37 37 21 12 12 6 6 6 3 3 1 0 0 0 0 0 0 0 0 0 0 0
 9 9 9 8 8 10 12 12 15 15 20 20 20 24 26 26 32 32 37 24 24 27 28 28 32 32 15 21 21 11 10 10 2 2 1 0 0 0 0 0 1 1 1 0 0 0
 8 8 8 8 8 8 11 11 14 14 18 19 19 21 30 30 32 32 38 38 38 35 24 24 19 19 23 23 23 18 14 14 8 8 5 0 0 0 1 1 2 2 0 0 0 0
 8 8 8 8 8 8 11 11 14 14 18 19 19 21 30 30 32 32 38 38 38 35 24 24 19 19 23 23 23 18 14 14 8 8 5 0 0 0 1 1 2 2 0 0 0 0
 7 7 7 7 7 8 10 10 12 12 16 14 14 23 25 25 28 28 30 26 26 21 20 20 12 12 13 14 14 13 12 12 10 10 7 0 0 0 0 0 0 0 0 0 0 0
 3 3 4 5 5 6 8 8 9 9 10 12 12 17 17 17 17 17 25 16 16 13 11 11 8 8 11 9 9 9 10 10 8 8 7 6 6 5 0 0 0 0 0 0 0 0
 3 3 4 5 5 6 8 8 9 9 10 12 12 17 17 17 17 17 25 16 16 13 11 11 8 8 11 9 9 9 10 10 8 8 7 6 6 5 0 0 0 0 0 0 0 0
 2 2 3 3 3 4 5 5 6 6 8 9 9 13 16 16 13 13 21 9 9 6 7 7 5 5 7 9 9 14 9 9 8 8 2 3 3 7 4 4 0 0 0 0 0 0
 2 2 3 3 3 4 5 5 6 6 8 9 9 13 16 16 13 13 21 9 9 6 7 7 5 5 7 9 9 14 9 9 8 8 2 3 3 7 4 4 0 0 0 0 0 0
 2 2 2 2 2 3 3 3 4 4 5 6 6 11 12 12 9 9 13 7 7 4 4 4 9 9 3 5 5 8 7 7 6 6 5 3 3 1 0 0 0 0 0 0 0 0
 3 3 3 3 3 3 3 3 4 4 5 7 7 8 9 9 12 12 13 14 14 12 10 10 9 9 2 4 4 6 3 3 5 5 9 9 9 8 1 1 1 1 0 0 0 0
 3 3 3 3 3 3 3 3 4 4 5 7 7 8 9 9 12 12 13 14 14 12 10 10 9 9 2 4 4 6 3 3 5 5 9 9 9 8 1 1 1 1 0 0 0 0
 2 2 3 3 3 3 3 3 3 3 3 4 4 5 5 5 7 7 11 14 14 13 8 8 6 6 5 3 3 4 3 3 6 6 9 13 13 15 18 18 11 11 0 0 0 0
 4 4 4 4 4 5 5 5 5 5 5 5 5 5 5 5 5 5 6 8 8 10 9 9 6 6 6 5 5 5 3 3 2 2 5 6 6 11 17 17 12 12 10 0 0 0
