assets/RAT_results/precipitation/2020-06-27_IMERG.asc
ncols        46
nrows        77
xllcorner    74.800261325624
yllcorner    8.058333333333
cellsize     0.062500000000
NODATA_value -9999
 6 6 4 0 0 0 0 0 0 0 0 0 0 0 0 0 0 0 0 0 0 0 0 0 0 0 0 0 0 0 0 0 1 1 1 1 1 1 1 1 1 1 1 0 0 0
 1 1 1 0 0 0 0 0 0 0 0 0 0 0 0 0 0 0 0 0 0 0 0 0 0 0 0 0 0 0 1 1 1 1 1 1 1 1 1 1 1 1 0 0 0 0
 1 1 1 0 0 0 0 0 0 0 0 0 0 0 0 0 0 0 0 0 0 0 0 0 0 0 0 0 0 0 1 1 1 1 1 1 1 1 1 1 1 1 0 0 0 0
 6 6 8 0 0 0 0 0 0 0 0 0 0 0 1 1 0 0 0 0 0 0 0 0 0 0 0 0 0 1 2 2 1 1 1 0 0 0 0 0 0 0 0 0 0 0
 9 9 5 2 2 2 1 1 0 0 1 0 0 1 1 1 1 1 0 0 0 0 0 0 0 0 0 0 0 1 1 1 0 0 1 0 0 0 0 0 0 0 0 0 0 0
 9 9 5 2 2 2 1 1 0 0 1 0 0 1 1 1 1 1 0 0 0 0 0 0 0 0 0 0 0 1 1 1 0 0 1 0 0 0 0 0 0 0 0 0 0 0
 5 5 0 1 1 1 0 0 0 0 1 1 1 0 5 5 4 4 0 0 0 0 0 0 0 0 0 0 0 0 0 0 0 0 0 0 0 0 0 0 0 0 0 0 0 0
 5 5 0 1 1 1 0 0 0 0 1 1 1 0 5 5 4 4 0 0 0 0 0 0 0 0 0 0 0 0 0 0 0 0 0 0 0 0 0 0 0 0 0 0 0 0
 5 5 4 1 1 1 0 0 4 4 6 1 1 1 0 0 0 0 0 0 0 0 0 0 0 0 0 0 0 0 0 0 0 0 0 0 0 0 0 0 0 0 0 0 0 0
 2 2 5 4 4 1 2 2 8 8 18 9 9 4 0 0 0 0 0 0 0 0 0 0 0 0 0 0 0 0 0 0 0 0 0 0 0 1 1 1 1 1 0 0 0 0
 2 2 5 4 4 1 2 2 8 8 18 9 9 4 0 0 0 0 0 0 0 0 0 0 0 0 0 0 0 0 0 0 0 0 0 0 0 1 1 1 1 1 0 0 0 0
 5 5 10 5 5 5 1 1 5 5 1 4 4 1 1 1 0 0 0 0 0 0 0 0 0 0 0 0 0 0 0 0 0 0 0 1 1 0 1 1 0 0 0 0 0 4
 4 4 6 11 11 7 14 14 8 8 0 0 0 0 0 0 0 0 0 1 1 0 0 0 0 0 0 0 0 0 0 0 0 0 0 2 2 0 1 1 3 3 1 0 0 1
 4 4 6 11 11 7 14 14 8 8 0 0 0 0 0 0 0 0 0 1 1 0 0 0 0 0 0 0 0 0 0 0 0 0 0 2 2 0 1 1 3 3 1 0 0 1
 4 4 8 6 6 8 6 6 4 4 6 0 0 0 0 0 0 0 0 0 0 0 0 0 0 0 0 0 0 0 0 0 0 0 1 1 1 0 1 1 2 2 1 0 0 0
 4 4 8 6 6 8 6 6 4 4 6 0 0 0 0 0 0 0 0 0 0 0 0 0 0 0 0 0 0 0 0 0 0 0 1 1 1 0 1 1 2 2 1 0 0 0
 7 7 8 3 3 8 8 8 8 8 3 1 1 0 0 0 0 0 0 0 0 0 0 0 0 0 0 0 0 0 0 0 1 1 0 0 0 0 2 2 5 5 5 0 0 0
 7 7 5 21 21 23 34 34 11 11 4 3 3 1 0 0 0 0 0 0 0 0 0 0 0 0 0 0 0 0 0 0 0 0 0 0 0 1 1 1 5 5 5 0 0 0
 7 7 5 21 21 23 34 34 11 11 4 3 3 1 0 0 0 0 0 0 0 0 0 0 0 0 0 0 0 0 0 0 0 0 0 0 0 1 1 1 5 5 5 0 0 0
 4 4 6 19 19 22 33 33 7 7 8 6 6 1 0 0 0 0 1 0 0 0 0 0 0 0 0 0 0 0 0 0 0 0 0 0 0 0 0 0 0 0 0 0 0 0
 7 7 9 4 4 7 9 9 12 12 18 11 11 4 7 7 0 0 0 0 0 0 0 0 0 0 0 0 0 1 0 0 0 0 0 1 1 0 0 0 0 0 0 0 0 0
 7 7 9 4 4 7 9 9 12 12 18 11 11 4 7 7 0 0 0 0 0 0 0 0 0 0 0 0 0 1 0 0 0 0 0 1 1 0 0 0 0 0 0 0 0 0
 7 7 8 5 5 7 12 12 19 19 15 15 15 8 9 9 2 2 3 4 4 1 0 0 1 1 1 0 0 0 0 0 0 0 1 0 0 0 0 0 0 0 0 0 0 0
 7 7 8 5 5 7 12 12 19 19 15 15 15 8 9 9 2 2 3 4 4 1 0 0 1 1 1 0 0 0 0 0 0 0 1 0 0 0 0 0 0 0 0 0 0 0
 5 5 6 5 5 6 16 16 20 20 19 15 15 18 12 12 12 12 2 0 0 0 2 2 2 2 1 1 1 0 0 0 0 0 0 0 0 0 0 0 0 0 0 0 0 0
 6 6 4 6 6 7 13 13 14 14 19 8 8 15 14 14 14 14 7 0 0 0 2 2 3 3 4 1 1 1 0 0 0 0 0 0 0 0 0 0 0 0 0 0 0 0
 6 6 4 6 6 7 13 13 14 14 19 8 8 15 14 14 14 14 7 0 0 0 2 2 3 3 4 1 1 1 0 0 0 0 0 0 0 0 0 0 0 0 0 0 0 0
 7 7 7 5 5 6 7 7 8 8 18 15 15 17 21 21 15 15 14 0 0 4 6 6 1 1 0 0 0 0 0 0 0 0 0 0 0 0 0 0 0 0 0 0 0 0
 8 8 8 9 9 9 8 8 11 11 11 13 13 18 16 16 13 13 13 2 2 0 4 4 2 2 0 0 0 0 0 0 0 0 0 0 0 0 0 0 0 0 0 0 0 0
 8 8 8 9 9 9 8 8 11 11 11 13 13 18 16 16 13 13 13 2 2 0 4 4 2 2 0 0 0 0 0 0 0 0 0 0 0 0 0 0 0 0 0 0 0 0
 20 20 19 12 12 10 7 7 12 12 15 16 16 17 15 15 15 15 15 6 6 2 1 1 1 1 0 0 0 0 0 0 0 0 0 0 0 0 0 0 0 0 0 0 0 0
 20 20 19 12 12 10 7 7 12 12 15 16 16 17 15 15 15 15 15 6 6 2 1 1 1 1 0 0 0 0 0 0 0 0 0 0 0 0 0 0 0 0 0 0 0 0
 44 44 43 13 13 10 9 9 13 13 17 12 12 10 8 8 16 16 17 12 12 4 3 3 0 0 1 4 4 1 0 0 0 0 0 0 0 0 0 0 0 0 0 0 0 0
 54 54 54 52 52 40 38 38 13 13 13 9 9 10 16 16 13 13 20 14 14 8 3 3 1 1 3 4 4 1 0 0 0 0 0 0 0 0 0 0 0 0 0 0 0 0
 54 54 54 52 52 40 38 38 13 13 13 9 9 10 16 16 13 13 20 14 14 8 3 3 1 1 3 4 4 1 0 0 0 0 0 0 0 0 0 0 0 0 0 0 0 0
 32 32 29 29 29 26 39 39 14 14 12 9 9 10 17 17 12 12 20 14 14 14 9 9 2 2 2 3 3 0 0 0 0 0 0 0 0 0 0 0 0 0 0 0 0 0
 27 27 32 32 32 25 16 16 15 15 14 14 14 13 17 17 13 13 16 13 13 9 10 10 6 6 5 3 3 4 3 3 3 3 1 0 0 0 0 0 0 0 0 0 0 0
 27 27 32 32 32 25 16 16 15 15 14 14 14 13 17 17 13 13 16 13 13 9 10 10 6 6 5 3 3 4 3 3 3 3 1 0 0 0 0 0 0 0 0 0 0 0
 16 16 21 20 20 19 18 18 15 15 15 16 16 17 18 18 15 15 17 13 13 15 18 18 15 15 16 2 2 2 2 2 3 3 1 0 0 1 0 0 1 1 0 0 0 1
 16 16 21 20 20 19 18 18 15 15 15 16 16 17 18 18 15 15 17 13 13 15 18 18 15 15 16 2 2 2 2 2 3 3 1 0 0 1 0 0 1 1 0 0 0 1
 27 27 13 19 19 20 22 22 16 16 17 20 20 21 23 23 21 21 14 19 19 18 27 27 29 29 17 15 15 14 18 18 2 2 3 2 2 1 0 0 1 1 1 1 1 1
 22 22 13 21 21 23 22 22 24 24 26 19 19 21 27 27 33 33 24 17 17 20 22 22 27 27 17 21 21 13 17 17 4 4 2 1 1 1 0 0 0 0 0 0 0 0
 22 22 13 21 21 23 22 22 24 24 26 19 19 21 27 27 33 33 24 17 17 20 22 22 27 27 17 21 21 13 17 17 4 4 2 1 1 1 0 0 0 0 0 0 0 0
 10 10 11 16 16 20 20 20 20 20 21 12 12 13 17 17 21 21 28 17 17 23 20 20 28 28 17 20 20 21 21 21 6 6 6 1 1 1 0 0 0 0 0 0 0 0
 12 12 11 16 16 17 16 16 19 19 9 10 10 9 9 9 13 13 9 16 16 20 20 20 31 31 23 18 18 11 10 10 2 2 8 2 2 0 0 0 0 0 0 0 0 0
 12 12 11 16 16 17 16 16 19 19 9 10 10 9 9 9 13 13 9 16 16 20 20 20 31 31 23 18 18 11 10 10 2 2 8 2 2 0 0 0 0 0 0 0 0 0
 10 10 10 20 20 21 21 21 21 21 11 10 10 12 12 12 11 11 8 9 9 24 28 28 26 26 26 15 15 17 11 11 2 2 2 2 2 0 0 0 0 0 0 0 0 0
 10 10 10 20 20 21 21 21 21 21 11 10 10 12 12 12 11 11 8 9 9 24 28 28 26 26 26 15 15 17 11 11 2 2 2 2 2 0 0 0 0 0 0 0 0 0
 10 10 11 12 12 20 22 22 23 23 18 17 17 14 15 15 8 8 8 12 12 15 33 33 31 31 26 25 25 20 21 21 17 17 21 21 21 7 1 1 0 0 0 0 0 0
 12 12 12 13 13 22 24 24 30 30 26 22 22 21 20 20 10 10 10 15 15 17 23 23 28 28 26 24 24 20 30 30 19 19 22 21 21 7 3 3 0 0 0 0 0 0
 12 12 12 13 13 22 24 24 30 30 26 22 22 21 20 20 10 10 10 15 15 17 23 23 28 28 26 24 24 20 30 30 19 19 22 21 21 7 3 3 0 0 0 0 0 0
 10 10 11 11 11 15 17 17 21 21 24 22 22 22 18 18 23 23 21 13 13 24 27 27 33 33 32 29 29 24 30 30 25 25 37 22 22 19 4 4 1 1 0 0 0 0
 11 11 13 14 14 20 20 20 22 22 23 33 33 48 45 45 59 59 27 35 35 16 25 25 34 34 36 32 32 28 35 35 24 24 24 19 19 16 3 3 1 1 0 0 0 0
 11 11 13 14 14 20 20 20 22 22 23 33 33 48 45 45 59 59 27 35 35 16 25 25 34 34 36 32 32 28 35 35 24 24 24 19 19 16 3 3 1 1 0 0 0 0
 18 18 18 22 22 27 26 26 29 29 30 33 33 41 47 47 55 55 37 30 30 17 22 22 30 30 33 26 26 21 27 27 23 23 25 20 20 18 6 6 6 6 0 0 0 0
 18 18 18 22 22 27 26 26 29 29 30 33 33 41 47 47 55 55 37 30 30 17 22 22 30 30 33 26 26 21 27 27 23 23 25 20 20 18 6 6 6 6 0 0 0 0
 22 22 23 24 24 26 24 24 26 26 27 29 29 30 17 17 12 12 7 7 7 10 18 18 25 25 22 21 21 16 15 15 20 20 17 15 15 18 2 2 6 6 0 0 0 0
 24 24 26 25 25 23 18 18 18 18 14 19 19 16 9 9 8 8 7 8 8 8 17 17 17 17 21 19 19 19 18 18 19 19 16 15 15 2 2 2 0 0 1 0 0 0
 24 24 26 25 25 23 18 18 18 18 14 19 19 16 9 9 8 8 7 8 8 8 17 17 17 17 21 19 19 19 18 18 19 19 16 15 15 2 2 2 0 0 1 0 0 0
 24 24 29 30 30 29 22 22 21 21 23 21 21 17 10 10 8 8 7 7 7 10 14 14 12 12 18 16 16 20 18 18 19 19 10 10 10 0 0 0 0 0 0 0 0 0
 34 34 31 33 33 29 26 26 23 23 22 21 21 16 12 12 9 9 8 9 9 7 11 11 7 7 12 15 15 16 9 9 8 8 3 3 3 0 0 0 0 0 0 0 0 0
 34 34 31 33 33 29 26 26 23 23 22 21 21 16 12 12 9 9 8 9 9 7 11 11 7 7 12 15 15 16 9 9 8 8 3 3 3 0 0 0 0 0 0 0 0 0
 35 35 37 34 34 31 27 27 31 31 24 25 25 20 19 19 12 12 11 8 8 7 4 4 9 9 12 12 12 13 5 5 9 9 3 3 3 0 0 0 0 0 0 0 0 0
 35 35 37 34 34 31 27 27 31 31 24 25 25 20 19 19 12 12 11 8 8 7 4 4 9 9 12 12 12 13 5 5 9 9 3 3 3 0 0 0 0 0 0 0 0 0
 31 31 32 32 32 30 27 27 32 32 32 29 29 23 22 22 17 17 14 8 8 6 4 4 4 4 11 10 10 12 6 6 3 3 1 0 0 0 0 0 1 1 0 0 0 0
 31 31 31 31 31 33 33 33 32 32 35 29 29 29 29 29 23 23 17 12 12 5 4 4 5 5 3 3 3 8 8 8 4 4 0 0 0 0 0 0 1 1 0 0 0 0
 31 31 31 31 31 33 33 33 32 32 35 29 29 29 29 29 23 23 17 12 12 5 4 4 5 5 3 3 3 8 8 8 4 4 0 0 0 0 0 0 1 1 0 0 0 0
 30 30 32 31 31 32 32 32 32 32 34 35 35 42 27 27 22 22 18 15 15 6 5 5 3 3 1 1 1 8 7 7 4 4 0 1 1 1 1 1 2 2 2 0 0 0
 29 29 32 32 32 30 30 30 31 31 30 33 33 35 29 29 22 22 20 16 16 14 10 10 10 10 2 3 3 7 8 8 4 4 4 5 5 2 0 0 0 0 1 0 0 0
 29 29 32 32 32 30 30 30 31 31 30 33 33 35 29 29 22 22 20 16 16 14 10 10 10 10 2 3 3 7 8 8 4 4 4 5 5 2 0 0 0 0 1 0 0 0
 30 30 32 31 31 28 27 27 29 29 32 29 29 32 27 27 24 24 20 21 21 21 21 21 16 16 13 12 12 10 11 11 14 14 4 3 3 2 2 2 1 1 1 2 2 2
 30 30 32 31 31 28 27 27 29 29 32 29 29 32 27 27 24 24 20 21 21 21 21 21 16 16 13 12 12 10 11 11 14 14 4 3 3 2 2 2 1 1 1 2 2 2
 21 21 24 27 27 26 25 25 25 25 19 22 22 20 24 24 25 25 21 22 22 24 25 25 20 20 18 15 15 16 14 14 16 16 13 14 14 8 7 7 2 2 1 1 1 0
 17 17 19 19 19 19 16 16 15 15 15 18 18 20 20 20 22 22 18 21 21 24 25 25 23 23 21 24 24 24 21 21 24 24 24 29 29 13 7 7 2 2 0 0 0 0
 17 17 19 19 19 19 16 16 15 15 15 18 18 20 20 20 22 22 18 21 21 24 25 25 23 23 21 24 24 24 21 21 24 24 24 29 29 13 7 7 2 2 0 0 0 0
 14 14 14 12 12 12 12 12 11 11 11 13 13 13 16 16 16 16 17 17 17 20 24 24 24 24 23 22 22 22 21 21 24 24 25 31 31 26 24 24 18 18 3 1 1 1
 13 13 11 11 11 9 9 9 9 9 9 10 10 11 13 13 11 11 13 14 14 15 19 19 19 19 20 18 18 19 19 19 20 20 18 15 15 29 22 22 21 21 3 1 1 2
