assets/RAT_results/precipitation/2020-06-16_IMERG.asc
ncols        46
nrows        77
xllcorner    74.800261325624
yllcorner    8.058333333333
cellsize     0.062500000000
NODATA_value -9999
 32 32 29 31 31 37 19 19 12 12 13 15 15 9 8 8 7 7 1 1 1 1 0 0 0 0 1 0 0 0 0 0 0 0 0 0 0 0 0 0 1 1 1 2 2 1
 17 17 19 14 14 15 16 16 17 17 15 9 9 6 11 11 10 10 2 1 1 1 0 0 0 0 0 0 0 0 0 0 0 0 0 0 0 0 0 0 1 1 0 0 0 0
 17 17 19 14 14 15 16 16 17 17 15 9 9 6 11 11 10 10 2 1 1 1 0 0 0 0 0 0 0 0 0 0 0 0 0 0 0 0 0 0 1 1 0 0 0 0
 5 5 8 9 9 11 11 11 13 13 10 7 7 5 3 3 3 3 2 2 2 1 1 1 0 0 0 0 0 0 0 0 0 0 0 0 0 0 0 0 0 0 0 0 0 0
 4 4 7 9 9 8 6 6 9 9 8 10 10 8 8 8 5 5 2 2 2 1 1 1 0 0 0 0 0 0 0 0 0 0 0 0 0 0 0 0 0 0 0 0 0 0
 4 4 7 9 9 8 6 6 9 9 8 10 10 8 8 8 5 5 2 2 2 1 1 1 0 0 0 0 0 0 0 0 0 0 0 0 0 0 0 0 0 0 0 0 0 0
 8 8 7 9 9 14 16 16 28 28 23 13 13 12 10 10 5 5 3 2 2 1 1 1 1 1 0 0 0 0 0 0 0 0 0 0 0 0 0 0 0 0 0 0 0 0
 8 8 7 9 9 14 16 16 28 28 23 13 13 12 10 10 5 5 3 2 2 1 1 1 1 1 0 0 0 0 0 0 0 0 0 0 0 0 0 0 0 0 0 0 0 0
 7 7 8 13 13 24 16 16 23 23 15 14 14 11 8 8 4 4 2 1 1 1 1 1 1 1 0 0 0 0 0 0 0 0 0 0 0 0 0 0 0 0 0 0 0 0
 6 6 10 14 14 19 18 18 16 16 20 13 13 14 8 8 5 5 2 1 1 1 1 1 1 1 0 0 0 0 0 0 0 0 0 0 0 0 0 0 0 0 0 1 1 0
 6 6 10 14 14 19 18 18 16 16 20 13 13 14 8 8 5 5 2 1 1 1 1 1 1 1 0 0 0 0 0 0 0 0 0 0 0 0 0 0 0 0 0 1 1 0
 10 10 11 12 12 12 13 13 9 9 12 10 10 12 6 6 4 4 4 1 1 1 1 1 0 0 0 0 0 0 0 0 0 0 0 0 0 1 1 1 0 0 1 1 1 0
 16 16 21 15 15 13 12 12 10 10 11 10 10 7 7 7 5 5 2 3 3 2 0 0 0 0 1 0 0 0 0 0 1 1 0 1 1 1 0 0 0 0 1 1 1 0
 16 16 21 15 15 13 12 12 10 10 11 10 10 7 7 7 5 5 2 3 3 2 0 0 0 0 1 0 0 0 0 0 1 1 0 1 1 1 0 0 0 0 1 1 1 0
 17 17 21 19 19 26 26 26 17 17 16 8 8 9 4 4 2 2 2 2 2 2 1 1 1 1 1 1 1 1 1 1 1 1 1 1 1 1 0 0 0 0 1 1 1 0
 17 17 21 19 19 26 26 26 17 17 16 8 8 9 4 4 2 2 2 2 2 2 1 1 1 1 1 1 1 1 1 1 1 1 1 1 1 1 0 0 0 0 1 1 1 0
 20 20 32 32 32 53 29 29 22 22 21 8 8 5 4 4 3 3 1 1 1 1 1 1 1 1 1 1 1 1 1 1 1 1 1 1 1 1 0 0 0 0 0 1 1 0
 19 19 39 54 54 55 38 38 21 21 15 8 8 5 6 6 3 3 1 1 1 1 1 1 1 1 1 1 1 2 1 1 1 1 0 0 0 0 0 0 0 0 0 0 0 0
 19 19 39 54 54 55 38 38 21 21 15 8 8 5 6 6 3 3 1 1 1 1 1 1 1 1 1 1 1 2 1 1 1 1 0 0 0 0 0 0 0 0 0 0 0 0
 23 23 38 52 52 30 8 8 8 8 12 7 7 7 10 10 3 3 2 2 2 1 1 1 2 2 1 1 1 1 1 1 0 0 0 0 0 0 0 0 0 0 0 0 0 0
 12 12 15 24 24 19 12 12 8 8 6 9 9 10 6 6 5 5 2 8 8 2 1 1 1 1 1 0 0 0 0 0 1 1 1 0 0 0 0 0 0 0 0 0 0 0
 12 12 15 24 24 19 12 12 8 8 6 9 9 10 6 6 5 5 2 8 8 2 1 1 1 1 1 0 0 0 0 0 1 1 1 0 0 0 0 0 0 0 0 0 0 0
 12 12 13 18 18 13 10 10 8 8 10 7 7 16 9 9 8 8 3 2 2 1 1 1 2 2 2 2 2 2 1 1 1 1 1 0 0 0 0 0 0 0 0 0 0 0
 12 12 13 18 18 13 10 10 8 8 10 7 7 16 9 9 8 8 3 2 2 1 1 1 2 2 2 2 2 2 1 1 1 1 1 0 0 0 0 0 0 0 0 0 0 0
 13 13 24 21 21 20 17 17 14 14 14 17 17 16 11 11 7 7 5 2 2 1 3 3 3 3 3 4 4 2 1 1 2 2 1 0 0 0 0 0 0 0 0 0 0 0
 25 25 41 22 22 18 21 21 22 22 20 32 32 35 28 28 14 14 7 6 6 2 5 5 2 2 2 3 3 1 0 0 1 1 0 0 0 0 0 0 0 0 1 1 1 0
 25 25 41 22 22 18 21 21 22 22 20 32 32 35 28 28 14 14 7 6 6 2 5 5 2 2 2 3 3 1 0 0 1 1 0 0 0 0 0 0 0 0 1 1 1 0
 29 29 38 23 23 23 29 29 28 28 37 47 47 46 30 30 13 13 8 7 7 7 5 5 3 3 6 3 3 1 0 0 0 0 0 0 0 0 1 1 0 0 1 0 0 0
 35 35 29 23 23 20 23 23 33 33 46 53 53 56 39 39 14 14 15 8 8 10 7 7 6 6 4 2 2 0 0 0 1 1 0 0 0 0 1 1 0 0 0 0 0 0
 35 35 29 23 23 20 23 23 33 33 46 53 53 56 39 39 14 14 15 8 8 10 7 7 6 6 4 2 2 0 0 0 1 1 0 0 0 0 1 1 0 0 0 0 0 0
 27 27 18 19 19 19 27 27 30 30 32 33 33 14 15 15 16 16 14 9 9 9 5 5 5 5 3 2 2 0 1 1 1 1 1 0 0 1 0 0 0 0 0 0 0 0
 27 27 18 19 19 19 27 27 30 30 32 33 33 14 15 15 16 16 14 9 9 9 5 5 5 5 3 2 2 0 1 1 1 1 1 0 0 1 0 0 0 0 0 0 0 0
 20 20 14 17 17 18 29 29 35 35 30 17 17 12 12 12 14 14 14 13 13 7 5 5 5 5 4 2 2 1 1 1 2 2 1 0 0 0 0 0 0 0 0 0 0 0
 14 14 9 17 17 29 33 33 31 31 20 10 10 9 9 9 11 11 11 12 12 9 8 8 6 6 5 4 4 2 1 1 1 1 1 0 0 0 0 0 0 0 0 0 0 0
 14 14 9 17 17 29 33 33 31 31 20 10 10 9 9 9 11 11 11 12 12 9 8 8 6 6 5 4 4 2 1 1 1 1 1 0 0 0 0 0 0 0 0 0 0 0
 11 11 10 22 22 30 22 22 19 19 14 11 11 8 9 9 10 10 9 7 7 4 5 5 5 5 3 3 3 1 1 1 1 1 1 0 0 0 0 0 0 0 0 0 0 0
 8 8 12 20 20 28 20 20 12 12 12 10 10 12 13 13 10 10 9 7 7 5 5 5 2 2 2 2 2 1 1 1 2 2 2 2 2 0 0 0 0 0 0 0 0 0
 8 8 12 20 20 28 20 20 12 12 12 10 10 12 13 13 10 10 9 7 7 5 5 5 2 2 2 2 2 1 1 1 2 2 2 2 2 0 0 0 0 0 0 0 0 0
 20 20 18 21 21 21 17 17 14 14 16 8 8 8 8 8 10 10 5 6 6 6 4 4 3 3 1 3 3 4 2 2 5 5 5 5 5 0 0 0 0 0 0 0 0 0
 20 20 18 21 21 21 17 17 14 14 16 8 8 8 8 8 10 10 5 6 6 6 4 4 3 3 1 3 3 4 2 2 5 5 5 5 5 0 0 0 0 0 0 0 0 0
 20 20 21 19 19 22 16 16 22 22 16 14 14 8 7 7 10 10 10 8 8 8 8 8 6 6 3 3 3 3 5 5 12 12 5 2 2 2 2 2 0 0 0 0 0 0
 13 13 15 18 18 23 23 23 21 21 14 13 13 7 6 6 5 5 10 7 7 10 6 6 3 3 1 3 3 4 11 11 8 8 4 2 2 2 1 1 0 0 0 0 0 0
 13 13 15 18 18 23 23 23 21 21 14 13 13 7 6 6 5 5 10 7 7 10 6 6 3 3 1 3 3 4 11 11 8 8 4 2 2 2 1 1 0 0 0 0 0 0
 14 14 14 23 23 33 27 27 20 20 13 13 13 8 3 3 3 3 2 3 3 4 2 2 2 2 1 4 4 4 4 4 3 3 5 1 1 2 1 1 1 1 0 0 0 0
 17 17 18 28 28 38 26 26 21 21 15 13 13 10 3 3 2 2 1 3 3 4 4 4 3 3 2 2 2 2 4 4 4 4 6 2 2 2 1 1 0 0 0 0 0 0
 17 17 18 28 28 38 26 26 21 21 15 13 13 10 3 3 2 2 1 3 3 4 4 4 3 3 2 2 2 2 4 4 4 4 6 2 2 2 1 1 0 0 0 0 0 0
 18 18 26 28 28 30 29 29 27 27 20 15 15 9 6 6 3 3 3 3 3 3 2 2 4 4 2 1 1 1 4 4 4 4 2 2 2 2 0 0 0 0 0 0 0 0
 18 18 26 28 28 30 29 29 27 27 20 15 15 9 6 6 3 3 3 3 3 3 2 2 4 4 2 1 1 1 4 4 4 4 2 2 2 2 0 0 0 0 0 0 0 0
 14 14 27 18 18 26 32 32 22 22 22 11 11 6 4 4 4 4 6 4 4 6 7 7 7 7 5 5 5 1 4 4 4 4 2 2 2 3 0 0 0 0 0 0 0 0
 9 9 19 20 20 31 30 30 21 21 17 7 7 8 9 9 10 10 7 2 2 4 7 7 7 7 5 4 4 4 9 9 9 9 5 5 5 0 0 0 0 0 0 0 0 0
 9 9 19 20 20 31 30 30 21 21 17 7 7 8 9 9 10 10 7 2 2 4 7 7 7 7 5 4 4 4 9 9 9 9 5 5 5 0 0 0 0 0 0 0 0 0
 11 11 19 19 19 29 25 25 20 20 16 10 10 10 7 7 6 6 8 2 2 7 7 7 7 7 9 8 8 10 11 11 10 10 5 5 5 1 0 0 0 0 0 0 0 0
 14 14 14 14 14 19 18 18 19 19 20 13 13 15 10 10 8 8 7 8 8 9 8 8 9 9 9 9 9 12 11 11 11 11 6 5 5 1 0 0 0 0 0 0 0 0
 14 14 14 14 14 19 18 18 19 19 20 13 13 15 10 10 8 8 7 8 8 9 8 8 9 9 9 9 9 12 11 11 11 11 6 5 5 1 0 0 0 0 0 0 0 0
 10 10 10 14 14 16 17 17 15 15 13 13 13 11 13 13 9 9 6 7 7 5 8 8 10 10 10 9 9 5 4 4 1 1 1 6 6 0 0 0 0 0 0 0 0 0
 10 10 10 14 14 16 17 17 15 15 13 13 13 11 13 13 9 9 6 7 7 5 8 8 10 10 10 9 9 5 4 4 1 1 1 6 6 0 0 0 0 0 0 0 0 0
 7 7 8 12 12 10 13 13 11 11 14 12 12 10 13 13 7 7 6 7 7 5 6 6 5 5 6 3 3 2 3 3 1 1 1 0 0 0 0 0 0 0 0 0 0 0
 6 6 7 9 9 7 9 9 9 9 11 12 12 10 12 12 6 6 7 0 0 2 3 3 4 4 6 3 3 0 0 0 0 0 1 0 0 0 0 0 0 0 0 0 0 0
 6 6 7 9 9 7 9 9 9 9 11 12 12 10 12 12 6 6 7 0 0 2 3 3 4 4 6 3 3 0 0 0 0 0 1 0 0 0 0 0 0 0 0 0 0 0
 2 2 3 4 4 3 6 6 8 8 9 9 9 12 12 12 7 7 1 1 1 1 1 1 1 1 2 3 3 0 0 0 0 0 0 0 0 0 0 0 0 0 0 0 0 0
 1 1 3 3 3 3 4 4 6 6 6 7 7 7 13 13 7 7 4 2 2 1 1 1 1 1 1 3 3 1 0 0 0 0 0 0 0 0 0 0 0 0 0 0 0 0
 1 1 3 3 3 3 4 4 6 6 6 7 7 7 13 13 7 7 4 2 2 1 1 1 1 1 1 3 3 1 0 0 0 0 0 0 0 0 0 0 0 0 0 0 0 0
 1 1 3 3 3 3 3 3 4 4 5 7 7 4 7 7 5 5 5 2 2 2 0 0 0 0 1 3 3 3 1 1 0 0 0 0 0 0 0 0 0 0 0 0 0 0
 1 1 3 3 3 3 3 3 4 4 5 7 7 4 7 7 5 5 5 2 2 2 0 0 0 0 1 3 3 3 1 1 0 0 0 0 0 0 0 0 0 0 0 0 0 0
 1 1 1 1 1 4 3 3 4 4 1 3 3 2 6 6 13 13 4 5 5 0 0 0 0 0 0 2 2 2 2 2 0 0 0 0 0 0 0 0 0 0 1 0 0 0
 1 1 1 1 1 4 4 4 4 4 5 6 6 2 3 3 10 10 4 6 6 2 0 0 0 0 0 0 0 0 1 1 0 0 0 0 0 0 0 0 0 0 0 0 0 0
 1 1 1 1 1 4 4 4 4 4 5 6 6 2 3 3 10 10 4 6 6 2 0 0 0 0 0 0 0 0 1 1 0 0 0 0 0 0 0 0 0 0 0 0 0 0
 0 0 0 0 0 1 1 1 4 4 5 4 4 6 2 2 2 2 2 2 2 3 2 2 2 2 1 1 1 0 0 0 1 1 0 0 0 0 0 0 0 0 0 0 0 0
 4 4 4 1 1 1 1 1 1 1 1 0 0 0 0 0 1 1 1 2 2 1 1 1 0 0 1 1 1 1 1 1 1 1 1 0 0 0 0 0 0 0 0 0 0 0
 4 4 4 1 1 1 1 1 1 1 1 0 0 0 0 0 1 1 1 2 2 1 1 1 0 0 1 1 1 1 1 1 1 1 1 0 0 0 0 0 0 0 0 0 0 0
 4 4 4 4 4 3 4 4 0 0 0 0 0 0 0 0 1 1 0 1 1 0 0 0 1 1 0 0 0 0 0 0 0 0 0 0 0 0 0 0 0 0 0 0 0 0
 4 4 4 4 4 3 4 4 0 0 0 0 0 0 0 0 1 1 0 1 1 0 0 0 1 1 0 0 0 0 0 0 0 0 0 0 0 0 0 0 0 0 0 0 0 0
 0 0 1 0 0 1 3 3 0 0 0 0 0 0 0 0 0 0 0 0 0 0 0 0 0 0 0 0 0 0 0 0 0 0 0 1 1 0 0 0 0 0 0 0 0 0
 0 0 0 0 0 0 0 0 0 0 1 1 1 0 0 0 0 0 0 0 0 0 0 0 0 0 0 0 0 0 0 0 0 0 0 0 0 0 0 0 0 0 0 0 0 0
 0 0 0 0 0 0 0 0 0 0 1 1 1 0 0 0 0 0 0 0 0 0 0 0 0 0 0 0 0 0 0 0 0 0 0 0 0 0 0 0 0 0 0 0 0 0
 0 0 0 0 0 0 0 0 0 0 1 1 1 3 0 0 0 0 0 0 0 0 1 1 1 1 0 0 0 0 0 0 0 0 0 0 0 0 1 1 0 0 0 0 0 0
 0 0 0 0 0 0 0 0 0 0 0 0 0 2 0 0 0 0 0 0 0 0 1 1 1 1 0 0 0 0 0 0 0 0 0 0 0 0 0 0 0 0 0 0 0 0
