assets/RAT_results/precipitation/2020-09-29_IMERG.asc
ncols        46
nrows        77
xllcorner    74.800261325624
yllcorner    8.058333333333
cellsize     0.062500000000
NODATA_value -9999
 1 1 6 1 1 1 1 1 2 2 2 3 3 7 12 12 7 7 3 3 3 4 5 5 6 6 3 2 2 5 9 9 16 16 25 15 15 17 19 19 24 24 23 27 27 34
 1 1 1 0 0 1 5 5 6 6 2 4 4 5 5 5 3 3 2 2 2 3 3 3 3 3 3 6 6 6 14 14 15 15 24 23 23 29 28 28 40 40 30 24 24 19
 1 1 1 0 0 1 5 5 6 6 2 4 4 5 5 5 3 3 2 2 2 3 3 3 3 3 3 6 6 6 14 14 15 15 24 23 23 29 28 28 40 40 30 24 24 19
 0 0 1 1 1 3 1 1 3 3 1 2 2 2 3 3 2 2 2 2 2 3 2 2 3 3 4 5 5 16 14 14 17 17 22 26 26 29 48 48 62 62 46 36 36 33
 0 0 1 1 1 1 0 0 1 1 2 2 2 2 2 2 3 3 3 2 2 3 2 2 2 2 2 3 3 11 18 18 20 20 20 31 31 29 36 36 47 47 41 37 37 27
 0 0 1 1 1 1 0 0 1 1 2 2 2 2 2 2 3 3 3 2 2 3 2 2 2 2 2 3 3 11 18 18 20 20 20 31 31 29 36 36 47 47 41 37 37 27
 0 0 0 1 1 1 0 0 0 0 1 2 2 2 3 3 3 3 4 3 3 16 7 7 10 10 3 2 2 8 17 17 18 18 21 23 23 48 42 42 41 41 32 43 43 29
 0 0 0 1 1 1 0 0 0 0 1 2 2 2 3 3 3 3 4 3 3 16 7 7 10 10 3 2 2 8 17 17 18 18 21 23 23 48 42 42 41 41 32 43 43 29
 1 1 0 1 1 1 1 1 1 1 1 1 1 2 5 5 3 3 3 4 4 5 8 8 24 24 21 4 4 4 8 8 16 16 15 23 23 27 30 30 25 25 25 41 41 37
 1 1 1 1 1 2 1 1 2 2 1 1 1 5 5 5 2 2 3 4 4 6 13 13 20 20 25 15 15 7 7 7 8 8 16 23 23 40 36 36 20 20 27 24 24 22
 1 1 1 1 1 2 1 1 2 2 1 1 1 5 5 5 2 2 3 4 4 6 13 13 20 20 25 15 15 7 7 7 8 8 16 23 23 40 36 36 20 20 27 24 24 22
 0 0 1 1 1 2 2 2 2 2 7 2 2 7 11 11 12 12 3 4 4 5 6 6 13 13 23 15 15 12 11 11 10 10 8 9 9 15 20 20 32 32 32 20 20 37
 0 0 1 1 1 2 2 2 3 3 2 4 4 2 3 3 8 8 4 5 5 4 4 4 12 12 49 9 9 8 11 11 11 11 10 12 12 18 15 15 11 11 22 20 20 36
 0 0 1 1 1 2 2 2 3 3 2 4 4 2 3 3 8 8 4 5 5 4 4 4 12 12 49 9 9 8 11 11 11 11 10 12 12 18 15 15 11 11 22 20 20 36
 0 0 0 2 2 3 2 2 3 3 3 2 2 2 2 2 3 3 4 6 6 6 3 3 4 4 9 5 5 7 7 7 12 12 15 15 15 17 10 10 13 13 18 26 26 39
 0 0 0 2 2 3 2 2 3 3 3 2 2 2 2 2 3 3 4 6 6 6 3 3 4 4 9 5 5 7 7 7 12 12 15 15 15 17 10 10 13 13 18 26 26 39
 0 0 0 0 0 2 6 6 2 2 2 2 2 2 2 2 3 3 4 5 5 4 3 3 4 4 5 4 4 5 5 5 12 12 13 27 27 27 12 12 15 15 19 32 32 33
 0 0 0 0 0 1 1 1 1 1 2 2 2 2 1 1 3 3 5 10 10 6 4 4 3 3 5 5 5 4 5 5 6 6 19 20 20 21 16 16 14 14 19 36 36 38
 0 0 0 0 0 1 1 1 1 1 2 2 2 2 1 1 3 3 5 10 10 6 4 4 3 3 5 5 5 4 5 5 6 6 19 20 20 21 16 16 14 14 19 36 36 38
 0 0 0 0 0 0 1 1 1 1 1 2 2 2 2 2 1 1 8 16 16 9 8 8 8 8 4 5 5 5 5 5 5 5 14 16 16 17 25 25 16 16 22 33 33 38
 0 0 0 0 0 1 1 1 1 1 1 2 2 2 2 2 2 2 2 3 3 4 11 11 7 7 4 5 5 6 10 10 6 6 14 16 16 12 18 18 17 17 20 33 33 31
 0 0 0 0 0 1 1 1 1 1 1 2 2 2 2 2 2 2 2 3 3 4 11 11 7 7 4 5 5 6 10 10 6 6 14 16 16 12 18 18 17 17 20 33 33 31
 0 0 0 0 0 1 0 0 0 0 1 2 2 3 3 3 3 3 2 2 2 5 15 15 5 5 5 7 7 9 11 11 10 10 11 13 13 10 9 9 15 15 16 23 23 29
 0 0 0 0 0 1 0 0 0 0 1 2 2 3 3 3 3 3 2 2 2 5 15 15 5 5 5 7 7 9 11 11 10 10 11 13 13 10 9 9 15 15 16 23 23 29
 0 0 0 0 0 0 0 0 0 0 1 1 1 3 4 4 3 3 2 2 2 3 3 3 5 5 7 7 7 6 13 13 11 11 12 7 7 6 6 6 18 18 11 14 14 15
 0 0 0 0 0 0 0 0 0 0 0 0 0 0 3 3 15 15 3 2 2 2 3 3 3 3 5 5 5 5 5 5 4 4 6 5 5 7 5 5 13 13 6 9 9 12
 0 0 0 0 0 0 0 0 0 0 0 0 0 0 3 3 15 15 3 2 2 2 3 3 3 3 5 5 5 5 5 5 4 4 6 5 5 7 5 5 13 13 6 9 9 12
 0 0 0 0 0 0 0 0 0 0 0 0 0 0 1 1 2 2 2 1 1 1 1 1 3 3 4 9 9 5 3 3 2 2 3 5 5 4 5 5 9 9 8 8 8 14
 0 0 0 0 0 0 0 0 0 0 0 0 0 0 1 1 2 2 2 1 1 1 2 2 2 2 4 7 7 5 5 5 2 2 3 3 3 6 6 6 6 6 9 8 8 10
 0 0 0 0 0 0 0 0 0 0 0 0 0 0 1 1 2 2 2 1 1 1 2 2 2 2 4 7 7 5 5 5 2 2 3 3 3 6 6 6 6 6 9 8 8 10
 0 0 0 0 0 0 0 0 0 0 0 0 0 0 1 1 2 2 2 2 2 2 3 3 2 2 3 5 5 4 5 5 4 4 3 3 3 4 3 3 5 5 7 5 5 5
 0 0 0 0 0 0 0 0 0 0 0 0 0 0 1 1 2 2 2 2 2 2 3 3 2 2 3 5 5 4 5 5 4 4 3 3 3 4 3 3 5 5 7 5 5 5
 0 0 0 0 0 0 0 0 0 0 0 0 0 0 1 1 2 2 2 2 2 2 3 3 3 3 4 4 4 5 6 6 7 7 3 3 3 5 5 5 6 6 5 5 5 5
 0 0 0 0 0 0 0 0 0 0 0 0 0 1 1 1 1 1 2 2 2 2 2 2 2 2 2 3 3 6 4 4 5 5 3 3 3 4 3 3 5 5 5 6 6 5
 0 0 0 0 0 0 0 0 0 0 0 0 0 1 1 1 1 1 2 2 2 2 2 2 2 2 2 3 3 6 4 4 5 5 3 3 3 4 3 3 5 5 5 6 6 5
 0 0 0 0 0 0 0 0 0 0 0 0 0 0 1 1 2 2 2 2 2 1 2 2 1 1 1 1 1 2 3 3 3 3 3 2 2 2 3 3 3 3 3 4 4 5
 0 0 0 0 0 0 0 0 0 0 0 0 0 0 0 0 2 2 1 2 2 2 2 2 1 1 1 1 1 2 2 2 1 1 1 1 1 2 2 2 2 2 3 3 3 5
 0 0 0 0 0 0 0 0 0 0 0 0 0 0 0 0 2 2 1 2 2 2 2 2 1 1 1 1 1 2 2 2 1 1 1 1 1 2 2 2 2 2 3 3 3 5
 0 0 0 0 0 0 0 0 0 0 0 0 0 0 0 0 0 0 1 2 2 2 3 3 2 2 4 4 4 5 12 12 1 1 1 1 1 2 1 1 2 2 2 2 2 3
 0 0 0 0 0 0 0 0 0 0 0 0 0 0 0 0 0 0 1 2 2 2 3 3 2 2 4 4 4 5 12 12 1 1 1 1 1 2 1 1 2 2 2 2 2 3
 0 0 0 0 0 0 0 0 0 0 0 0 0 0 0 0 1 1 1 4 4 5 5 5 9 9 8 5 5 11 1 1 1 1 1 2 2 2 1 1 1 1 1 1 1 2
 0 0 0 0 0 0 0 0 0 0 0 0 0 0 0 0 1 1 2 2 2 4 4 4 17 17 23 15 15 3 3 3 1 1 5 5 5 2 1 1 1 1 1 1 1 2
 0 0 0 0 0 0 0 0 0 0 0 0 0 0 0 0 1 1 2 2 2 4 4 4 17 17 23 15 15 3 3 3 1 1 5 5 5 2 1 1 1 1 1 1 1 2
 0 0 0 0 0 0 0 0 0 0 0 0 0 0 1 1 1 1 5 2 2 3 4 4 4 4 6 3 3 2 3 3 1 1 5 2 2 1 1 1 1 1 1 1 1 1
 0 0 0 0 0 0 0 0 0 0 0 0 0 0 1 1 2 2 5 4 4 3 4 4 4 4 4 4 4 3 4 4 4 4 6 1 1 1 1 1 0 0 0 1 1 1
 0 0 0 0 0 0 0 0 0 0 0 0 0 0 1 1 2 2 5 4 4 3 4 4 4 4 4 4 4 3 4 4 4 4 6 1 1 1 1 1 0 0 0 1 1 1
 0 0 0 0 0 0 0 0 0 0 0 0 0 0 1 1 3 3 5 4 4 5 4 4 5 5 4 4 4 7 8 8 4 4 1 1 1 1 1 1 1 1 1 1 1 1
 0 0 0 0 0 0 0 0 0 0 0 0 0 0 1 1 3 3 5 4 4 5 4 4 5 5 4 4 4 7 8 8 4 4 1 1 1 1 1 1 1 1 1 1 1 1
 0 0 0 0 0 0 0 0 0 0 0 0 0 0 0 0 2 2 2 2 2 4 4 4 6 6 4 7 7 12 6 6 3 3 1 3 3 3 0 0 0 0 1 1 1 1
 0 0 0 0 0 0 1 1 0 0 0 1 1 0 0 0 0 0 1 1 1 4 3 3 4 4 4 13 13 8 4 4 7 7 3 4 4 11 0 0 1 1 1 1 1 1
 0 0 0 0 0 0 1 1 0 0 0 1 1 0 0 0 0 0 1 1 1 4 3 3 4 4 4 13 13 8 4 4 7 7 3 4 4 11 0 0 1 1 1 1 1 1
 0 0 0 0 0 0 0 0 0 0 0 0 0 0 0 0 0 0 0 1 1 2 1 1 9 9 9 4 4 4 5 5 6 6 12 1 1 0 1 1 1 1 1 1 1 1
 0 0 0 0 0 0 0 0 0 0 0 1 1 0 1 1 0 0 0 0 0 0 3 3 3 3 6 3 3 3 14 14 20 20 12 0 0 0 1 1 1 1 1 1 1 1
 0 0 0 0 0 0 0 0 0 0 0 1 1 0 1 1 0 0 0 0 0 0 3 3 3 3 6 3 3 3 14 14 20 20 12 0 0 0 1 1 1 1 1 1 1 1
 0 0 0 0 0 0 0 0 0 0 0 1 1 1 1 1 1 1 1 1 1 0 2 2 2 2 5 3 3 2 5 5 4 4 1 1 1 1 1 1 1 1 1 1 1 1
 0 0 0 0 0 0 0 0 0 0 0 1 1 1 1 1 1 1 1 1 1 0 2 2 2 2 5 3 3 2 5 5 4 4 1 1 1 1 1 1 1 1 1 1 1 1
 0 0 0 0 0 0 0 0 0 0 1 1 1 1 1 1 1 1 0 1 1 0 2 2 2 2 2 1 1 1 2 2 4 4 4 2 2 1 1 1 1 1 1 1 1 1
 0 0 0 0 0 0 0 0 0 0 0 2 2 2 1 1 1 1 0 1 1 1 2 2 2 2 1 1 1 2 2 2 5 5 6 2 2 1 1 1 1 1 1 1 1 1
 0 0 0 0 0 0 0 0 0 0 0 2 2 2 1 1 1 1 0 1 1 1 2 2 2 2 1 1 1 2 2 2 5 5 6 2 2 1 1 1 1 1 1 1 1 1
 0 0 0 0 0 0 0 0 0 0 0 0 0 1 1 1 2 2 1 0 0 0 2 2 2 2 2 2 2 2 3 3 2 2 5 3 3 3 1 1 1 1 1 1 1 1
 0 0 0 0 0 0 0 0 0 0 0 0 0 1 0 0 1 1 0 0 0 0 0 0 1 1 1 3 3 2 3 3 1 1 4 1 1 1 1 1 1 1 1 1 1 1
 0 0 0 0 0 0 0 0 0 0 0 0 0 1 0 0 1 1 0 0 0 0 0 0 1 1 1 3 3 2 3 3 1 1 4 1 1 1 1 1 1 1 1 1 1 1
 0 0 0 0 0 0 0 0 0 0 0 0 0 0 0 0 0 0 1 0 0 0 0 0 0 0 2 2 2 2 4 4 2 2 4 7 7 3 5 5 1 1 1 1 1 1
 0 0 0 0 0 0 0 0 0 0 0 0 0 0 0 0 0 0 1 0 0 0 0 0 0 0 2 2 2 2 4 4 2 2 4 7 7 3 5 5 1 1 1 1 1 1
 0 0 0 0 0 0 0 0 0 0 0 0 0 0 0 0 0 0 0 1 1 0 1 1 2 2 3 1 1 1 1 1 4 4 8 7 7 8 6 6 3 3 0 0 0 0
 0 0 0 0 0 0 0 0 0 0 0 0 0 0 0 0 0 0 0 0 0 0 1 1 3 3 8 2 2 3 2 2 2 2 6 0 0 18 0 0 0 0 0 0 0 0
 0 0 0 0 0 0 0 0 0 0 0 0 0 0 0 0 0 0 0 0 0 0 1 1 3 3 8 2 2 3 2 2 2 2 6 0 0 18 0 0 0 0 0 0 0 0
 0 0 0 0 0 0 0 0 0 0 0 0 0 0 0 0 0 0 0 0 0 0 0 0 0 0 2 2 2 2 2 2 1 1 1 0 0 0 0 0 0 0 0 1 1 0
 0 0 0 0 0 0 0 0 0 0 0 0 0 0 0 0 0 0 0 0 0 0 0 0 0 0 1 1 1 4 2 2 3 3 0 0 0 0 0 0 0 0 1 1 1 0
 0 0 0 0 0 0 0 0 0 0 0 0 0 0 0 0 0 0 0 0 0 0 0 0 0 0 1 1 1 4 2 2 3 3 0 0 0 0 0 0 0 0 1 1 1 0
 0 0 0 1 1 0 0 0 0 0 0 0 0 0 0 0 0 0 0 0 0 0 0 0 0 0 1 1 1 2 2 2 2 2 0 1 1 1 1 1 1 1 1 1 1 0
 0 0 0 1 1 0 0 0 0 0 0 0 0 0 0 0 0 0 0 0 0 0 0 0 0 0 1 1 1 2 2 2 2 2 0 1 1 1 1 1 1 1 1 1 1 0
 0 0 0 2 2 0 0 0 0 0 0 0 0 0 0 0 0 0 0 0 0 0 0 0 0 0 0 0 0 0 1 1 1 1 2 2 2 2 2 2 1 1 1 0 0 0
 0 0 0 1 1 1 0 0 1 1 0 0 0 1 0 0 0 0 0 0 0 0 0 0 0 0 0 0 0 0 0 0 1 1 1 1 1 2 2 2 1 1 1 0 0 0
 0 0 0 1 1 1 0 0 1 1 0 0 0 1 0 0 0 0 0 0 0 0 0 0 0 0 0 0 0 0 0 0 1 1 1 1 1 2 2 2 1 1 1 0 0 0
 1 1 1 1 1 1 1 1 1 1 1 1 1 2 1 1 0 0 0 0 0 0 0 0 0 0 0 0 0 0 0 0 1 1 1 1 1 1 3 3 2 2 2 1 1 2
 1 1 2 1 1 1 1 1 1 1 1 1 1 1 1 1 1 1 1 0 0 1 0 0 0 0 0 0 0 0 0 0 1 1 0 2 2 2 2 2 1 1 1 1 1 1
