assets/RAT_results/precipitation/2020-07-29_IMERG.asc
ncols        46
nrows        77
xllcorner    74.800261325624
yllcorner    8.058333333333
cellsize     0.062500000000
NODATA_value -9999
 21 21 24 44 44 34 43 43 23 23 15 15 15 7 5 5 5 5 7 5 5 7 16 16 14 14 7 1 1 1 2 2 3 3 3 3 3 3 3 3 3 3 2 2 2 2
 30 30 48 39 39 42 32 32 15 15 9 7 7 5 3 3 6 6 6 6 6 4 12 12 5 5 3 1 1 2 2 2 2 2 3 3 3 4 3 3 3 3 2 2 2 2
 30 30 48 39 39 42 32 32 15 15 9 7 7 5 3 3 6 6 6 6 6 4 12 12 5 5 3 1 1 2 2 2 2 2 3 3 3 4 3 3 3 3 2 2 2 2
 25 25 36 30 30 23 16 16 17 17 13 8 8 7 5 5 4 4 6 6 6 5 5 5 2 2 1 1 1 1 2 2 2 2 2 2 2 2 2 2 2 2 2 2 2 1
 39 39 20 36 36 24 19 19 20 20 18 13 13 4 6 6 2 2 4 5 5 3 4 4 1 1 1 1 1 1 1 1 1 1 1 1 1 1 1 1 1 1 2 2 2 1
 39 39 20 36 36 24 19 19 20 20 18 13 13 4 6 6 2 2 4 5 5 3 4 4 1 1 1 1 1 1 1 1 1 1 1 1 1 1 1 1 1 1 2 2 2 1
 35 35 22 21 21 23 21 21 25 25 16 5 5 1 9 9 4 4 11 5 5 2 2 2 3 3 2 0 0 1 0 0 0 0 1 0 0 1 1 1 1 1 1 1 1 1
 35 35 22 21 21 23 21 21 25 25 16 5 5 1 9 9 4 4 11 5 5 2 2 2 3 3 2 0 0 1 0 0 0 0 1 0 0 1 1 1 1 1 1 1 1 1
 29 29 25 24 24 22 22 22 13 13 28 12 12 9 6 6 5 5 7 3 3 2 6 6 6 6 3 3 3 0 1 1 1 1 1 1 1 1 1 1 1 1 1 1 1 1
 36 36 29 25 25 26 30 30 22 22 26 11 11 10 8 8 9 9 10 9 9 8 10 10 10 10 6 3 3 2 1 1 2 2 43 13 13 2 1 1 1 1 2 1 1 1
 36 36 29 25 25 26 30 30 22 22 26 11 11 10 8 8 9 9 10 9 9 8 10 10 10 10 6 3 3 2 1 1 2 2 43 13 13 2 1 1 1 1 2 1 1 1
 16 16 19 32 32 24 20 20 26 26 32 43 43 16 11 11 9 9 11 14 14 14 10 10 5 5 4 4 4 4 4 4 32 32 43 12 12 5 2 2 2 2 2 2 2 1
 19 19 26 18 18 19 25 25 44 44 38 11 11 13 9 9 10 10 11 10 10 20 7 7 1 1 2 6 6 5 12 12 12 12 20 5 5 6 3 3 3 3 2 1 1 3
 19 19 26 18 18 19 25 25 44 44 38 11 11 13 9 9 10 10 11 10 10 20 7 7 1 1 2 6 6 5 12 12 12 12 20 5 5 6 3 3 3 3 2 1 1 3
 28 28 42 16 16 20 34 34 36 36 31 16 16 16 16 16 22 22 15 12 12 5 1 1 2 2 5 6 6 10 11 11 14 14 25 29 29 8 1 1 3 3 3 3 3 3
 28 28 42 16 16 20 34 34 36 36 31 16 16 16 16 16 22 22 15 12 12 5 1 1 2 2 5 6 6 10 11 11 14 14 25 29 29 8 1 1 3 3 3 3 3 3
 39 39 97 106 106 88 42 42 39 39 51 43 43 37 21 21 23 23 11 9 9 8 6 6 4 4 3 3 3 3 3 3 18 18 29 29 29 7 1 1 2 2 5 3 3 3
 58 58 86 88 88 34 41 41 53 53 43 41 41 57 45 45 56 56 18 7 7 13 25 25 31 31 3 4 4 7 5 5 6 6 4 6 6 2 2 2 2 2 2 3 3 3
 58 58 86 88 88 34 41 41 53 53 43 41 41 57 45 45 56 56 18 7 7 13 25 25 31 31 3 4 4 7 5 5 6 6 4 6 6 2 2 2 2 2 2 3 3 3
 56 56 52 66 66 76 58 58 63 63 50 48 48 58 56 56 59 59 37 20 20 9 5 5 4 4 4 0 0 1 8 8 3 3 5 8 8 2 1 1 2 2 5 6 6 3
 65 65 63 86 86 78 78 78 66 66 53 53 53 50 43 43 44 44 38 26 26 18 11 11 6 6 1 3 3 5 12 12 3 3 5 4 4 3 2 2 3 3 3 3 3 4
 65 65 63 86 86 78 78 78 66 66 53 53 53 50 43 43 44 44 38 26 26 18 11 11 6 6 1 3 3 5 12 12 3 3 5 4 4 3 2 2 3 3 3 3 3 4
 54 54 70 84 84 84 85 85 59 59 34 56 56 46 37 37 27 27 24 27 27 16 15 15 22 22 14 10 10 8 8 8 5 5 4 6 6 3 2 2 2 2 3 3 3 4
 54 54 70 84 84 84 85 85 59 59 34 56 56 46 37 37 27 27 24 27 27 16 15 15 22 22 14 10 10 8 8 8 5 5 4 6 6 3 2 2 2 2 3 3 3 4
 68 68 93 86 86 101 77 77 65 65 48 45 45 33 39 39 33 33 34 23 23 20 11 11 12 12 14 7 7 4 3 3 2 2 2 3 3 2 2 2 2 2 2 2 2 3
 81 81 110 119 119 103 87 87 60 60 51 29 29 27 44 44 26 26 24 17 17 14 15 15 15 15 16 11 11 4 1 1 2 2 1 1 1 1 1 1 2 2 2 3 3 3
 81 81 110 119 119 103 87 87 60 60 51 29 29 27 44 44 26 26 24 17 17 14 15 15 15 15 16 11 11 4 1 1 2 2 1 1 1 1 1 1 2 2 2 3 3 3
 86 86 137 115 115 114 94 94 58 58 54 42 42 32 45 45 26 26 15 12 12 9 9 9 15 15 15 11 11 21 5 5 10 10 6 1 1 2 2 2 2 2 2 3 3 4
 101 101 124 123 123 151 138 138 55 55 41 46 46 33 25 25 20 20 26 18 18 29 20 20 20 20 18 20 20 22 15 15 5 5 1 1 1 2 2 2 2 2 3 3 3 4
 101 101 124 123 123 151 138 138 55 55 41 46 46 33 25 25 20 20 26 18 18 29 20 20 20 20 18 20 20 22 15 15 5 5 1 1 1 2 2 2 2 2 3 3 3 4
 95 95 96 127 127 143 88 88 68 68 55 38 38 37 38 38 17 17 22 22 22 26 25 25 24 24 19 12 12 14 4 4 5 5 2 1 1 3 4 4 3 3 5 4 4 5
 95 95 96 127 127 143 88 88 68 68 55 38 38 37 38 38 17 17 22 22 22 26 25 25 24 24 19 12 12 14 4 4 5 5 2 1 1 3 4 4 3 3 5 4 4 5
 82 82 89 110 110 112 95 95 77 77 75 40 40 40 37 37 18 18 18 16 16 19 21 21 24 24 19 11 11 9 4 4 4 4 2 1 1 2 4 4 4 4 4 6 6 5
 71 71 73 91 91 97 96 96 80 80 78 77 77 62 65 65 28 28 33 18 18 25 26 26 24 24 14 11 11 4 3 3 1 1 1 1 1 1 2 2 3 3 4 6 6 5
 71 71 73 91 91 97 96 96 80 80 78 77 77 62 65 65 28 28 33 18 18 25 26 26 24 24 14 11 11 4 3 3 1 1 1 1 1 1 2 2 3 3 4 6 6 5
 72 72 84 97 97 118 120 120 94 94 138 159 159 128 83 83 31 31 28 21 21 23 17 17 21 21 13 7 7 5 3 3 2 2 1 3 3 2 4 4 7 7 4 8 8 5
 93 93 95 120 120 127 139 139 121 121 145 144 144 134 71 71 60 60 24 21 21 31 20 20 26 26 12 7 7 9 4 4 3 3 1 1 1 6 7 7 10 10 12 8 8 7
 93 93 95 120 120 127 139 139 121 121 145 144 144 134 71 71 60 60 24 21 21 31 20 20 26 26 12 7 7 9 4 4 3 3 1 1 1 6 7 7 10 10 12 8 8 7
 99 99 126 114 114 145 143 143 146 146 86 86 86 78 37 37 53 53 32 27 27 33 34 34 18 18 13 8 8 7 6 6 4 4 2 7 7 10 9 9 14 14 13 15 15 12
 99 99 126 114 114 145 143 143 146 146 86 86 86 78 37 37 53 53 32 27 27 33 34 34 18 18 13 8 8 7 6 6 4 4 2 7 7 10 9 9 14 14 13 15 15 12
 117 117 126 122 122 129 128 128 140 140 134 84 84 79 35 35 33 33 33 26 26 22 22 22 9 9 13 11 11 9 6 6 8 8 8 9 9 19 11 11 12 12 13 17 17 12
 114 114 120 132 132 113 121 121 147 147 145 117 117 52 34 34 27 27 30 21 21 18 8 8 11 11 17 16 16 12 12 12 9 9 13 14 14 11 4 4 7 7 9 9 9 2
 114 114 120 132 132 113 121 121 147 147 145 117 117 52 34 34 27 27 30 21 21 18 8 8 11 11 17 16 16 12 12 12 9 9 13 14 14 11 4 4 7 7 9 9 9 2
 110 110 112 126 126 119 122 122 101 101 128 110 110 61 43 43 34 34 28 41 41 31 29 29 26 26 35 24 24 18 17 17 18 18 9 12 12 7 5 5 8 8 5 2 2 4
 87 87 115 106 106 109 115 115 109 109 83 101 101 62 57 57 53 53 43 59 59 52 53 53 34 34 36 44 44 32 23 23 22 22 17 12 12 8 9 9 5 5 1 1 1 2
 87 87 115 106 106 109 115 115 109 109 83 101 101 62 57 57 53 53 43 59 59 52 53 53 34 34 36 44 44 32 23 23 22 22 17 12 12 8 9 9 5 5 1 1 1 2
 77 77 87 100 100 100 110 110 76 76 70 90 90 116 65 65 62 62 56 85 85 71 74 74 52 52 53 43 43 43 44 44 27 27 17 18 18 10 7 7 8 8 5 2 2 3
 77 77 87 100 100 100 110 110 76 76 70 90 90 116 65 65 62 62 56 85 85 71 74 74 52 52 53 43 43 43 44 44 27 27 17 18 18 10 7 7 8 8 5 2 2 3
 72 72 69 89 89 70 76 76 65 65 54 73 73 73 90 90 59 59 62 89 89 76 80 80 66 66 68 49 49 45 37 37 25 25 18 12 12 11 4 4 4 4 8 2 2 3
 57 57 56 61 61 57 50 50 63 63 57 61 61 67 55 55 42 42 43 75 75 85 88 88 70 70 66 58 58 62 57 57 27 27 25 14 14 10 9 9 8 8 6 6 6 4
 57 57 56 61 61 57 50 50 63 63 57 61 61 67 55 55 42 42 43 75 75 85 88 88 70 70 66 58 58 62 57 57 27 27 25 14 14 10 9 9 8 8 6 6 6 4
 46 46 49 46 46 53 48 48 53 53 54 59 59 68 63 63 69 69 54 53 53 83 69 69 64 64 66 68 68 56 54 54 41 41 33 17 17 11 10 10 6 6 5 6 6 4
 48 48 53 47 47 54 50 50 50 50 59 63 63 71 96 96 60 60 77 58 58 101 72 72 67 67 71 67 67 70 71 71 48 48 35 24 24 16 11 11 8 8 7 5 5 4
 48 48 53 47 47 54 50 50 50 50 59 63 63 71 96 96 60 60 77 58 58 101 72 72 67 67 71 67 67 70 71 71 48 48 35 24 24 16 11 11 8 8 7 5 5 4
 45 45 36 36 36 50 49 49 53 53 55 64 64 66 76 76 52 52 77 82 82 58 96 96 59 59 68 62 62 56 52 52 37 37 36 25 25 18 15 15 11 11 7 4 4 2
 45 45 36 36 36 50 49 49 53 53 55 64 64 66 76 76 52 52 77 82 82 58 96 96 59 59 68 62 62 56 52 52 37 37 36 25 25 18 15 15 11 11 7 4 4 2
 34 34 31 43 43 43 36 36 41 41 42 54 54 59 84 84 54 54 46 48 48 64 49 49 45 45 56 60 60 54 41 41 30 30 22 18 18 16 18 18 14 14 11 6 6 3
 25 25 27 35 35 36 26 26 34 34 37 45 45 50 62 62 64 64 52 48 48 59 54 54 44 44 53 55 55 46 39 39 23 23 18 18 18 18 18 18 15 15 17 5 5 2
 25 25 27 35 35 36 26 26 34 34 37 45 45 50 62 62 64 64 52 48 48 59 54 54 44 44 53 55 55 46 39 39 23 23 18 18 18 18 18 18 15 15 17 5 5 2
 17 17 25 28 28 22 24 24 25 25 30 38 38 43 47 47 55 55 50 49 49 60 69 69 57 57 50 57 57 41 31 31 25 25 23 18 18 17 17 17 15 15 17 3 3 2
 17 17 20 21 21 18 23 23 28 28 28 36 36 40 50 50 49 49 47 47 47 50 69 69 63 63 62 48 48 49 29 29 26 26 31 23 23 16 15 15 14 14 15 3 3 3
 17 17 20 21 21 18 23 23 28 28 28 36 36 40 50 50 49 49 47 47 47 50 69 69 63 63 62 48 48 49 29 29 26 26 31 23 23 16 15 15 14 14 15 3 3 3
 17 17 16 15 15 19 21 21 28 28 31 29 29 35 41 41 44 44 52 45 45 50 48 48 64 64 77 63 63 60 51 51 37 37 32 24 24 24 14 14 14 14 11 6 6 2
 17 17 16 15 15 19 21 21 28 28 31 29 29 35 41 41 44 44 52 45 45 50 48 48 64 64 77 63 63 60 51 51 37 37 32 24 24 24 14 14 14 14 11 6 6 2
 16 16 16 16 16 19 21 21 25 25 34 34 34 39 49 49 50 50 59 51 51 49 52 52 66 66 67 74 74 52 56 56 46 46 33 24 24 26 14 14 16 16 11 3 3 1
 22 22 16 15 15 22 26 26 23 23 29 37 37 43 38 38 64 64 70 78 78 118 42 42 61 61 59 66 66 57 51 51 47 47 32 18 18 18 15 15 21 21 6 3 3 1
 22 22 16 15 15 22 26 26 23 23 29 37 37 43 38 38 64 64 70 78 78 118 42 42 61 61 59 66 66 57 51 51 47 47 32 18 18 18 15 15 21 21 6 3 3 1
 21 21 19 19 19 23 25 25 22 22 24 32 32 39 36 36 50 50 61 85 85 139 49 49 61 61 58 51 51 62 44 44 36 36 29 24 24 20 15 15 15 15 5 3 3 0
 15 15 19 16 16 21 22 22 22 22 21 24 24 35 34 34 46 46 49 82 82 135 144 144 64 64 56 47 47 49 43 43 36 36 32 34 34 18 12 12 16 16 5 6 6 0
 15 15 19 16 16 21 22 22 22 22 21 24 24 35 34 34 46 46 49 82 82 135 144 144 64 64 56 47 47 49 43 43 36 36 32 34 34 18 12 12 16 16 5 6 6 0
 14 14 14 13 13 13 15 15 16 16 18 28 28 31 32 32 40 40 47 75 75 86 128 128 39 39 35 27 27 17 35 35 36 36 27 24 24 15 13 13 14 14 4 6 6 0
 14 14 14 13 13 13 15 15 16 16 18 28 28 31 32 32 40 40 47 75 75 86 128 128 39 39 35 27 27 17 35 35 36 36 27 24 24 15 13 13 14 14 4 6 6 0
 10 10 11 11 11 10 12 12 12 12 17 21 21 30 27 27 30 30 41 72 72 76 84 84 71 71 21 17 17 14 24 24 30 30 28 27 27 17 14 14 10 10 7 4 4 0
 7 7 9 9 9 9 10 10 12 12 16 19 19 18 26 26 27 27 42 51 51 65 41 41 49 49 32 11 11 9 12 12 27 27 30 21 21 18 16 16 10 10 7 4 4 0
 7 7 9 9 9 9 10 10 12 12 16 19 19 18 26 26 27 27 42 51 51 65 41 41 49 49 32 11 11 9 12 12 27 27 30 21 21 18 16 16 10 10 7 4 4 0
 5 5 7 9 9 7 8 8 11 11 11 14 14 14 16 16 19 19 33 57 57 49 42 42 38 38 39 23 23 11 11 11 15 15 21 17 17 16 12 12 11 11 6 2 2 0
 6 6 6 9 9 9 9 9 9 9 13 14 14 12 14 14 21 21 35 61 61 42 32 32 30 30 30 23 23 13 12 12 16 16 16 12 12 14 11 11 7 7 5 2 2 0
