assets/RAT_results/precipitation/2020-05-29_IMERG.asc
ncols        46
nrows        77
xllcorner    74.800261325624
yllcorner    8.058333333333
cellsize     0.062500000000
NODATA_value -9999
 0 0 2 1 1 1 1 1 2 2 2 2 2 2 2 2 2 2 3 4 4 3 3 3 4 4 14 16 16 30 26 26 14 14 11 10 10 15 24 24 23 23 23 46 46 41
 0 0 1 1 1 1 1 1 1 1 1 3 3 3 2 2 2 2 2 2 2 3 4 4 10 10 11 13 13 24 25 25 12 12 9 9 9 9 8 8 13 13 13 19 19 19
 0 0 1 1 1 1 1 1 1 1 1 3 3 3 2 2 2 2 2 2 2 3 4 4 10 10 11 13 13 24 25 25 12 12 9 9 9 9 8 8 13 13 13 19 19 19
 0 0 1 1 1 2 2 2 2 2 2 2 2 3 1 1 1 1 2 2 2 3 4 4 10 10 6 6 6 9 10 10 7 7 8 6 6 8 7 7 8 8 11 14 14 14
 0 0 1 1 1 2 2 2 2 2 2 2 2 2 1 1 1 1 2 3 3 4 8 8 10 10 10 6 6 9 8 8 6 6 7 5 5 5 7 7 7 7 10 11 11 12
 0 0 1 1 1 2 2 2 2 2 2 2 2 2 1 1 1 1 2 3 3 4 8 8 10 10 10 6 6 9 8 8 6 6 7 5 5 5 7 7 7 7 10 11 11 12
 1 1 0 1 1 1 1 1 1 1 2 2 2 2 3 3 3 3 9 11 11 17 19 19 16 16 14 7 7 6 5 5 3 3 4 4 4 4 6 6 13 13 9 10 10 11
 1 1 0 1 1 1 1 1 1 1 2 2 2 2 3 3 3 3 9 11 11 17 19 19 16 16 14 7 7 6 5 5 3 3 4 4 4 4 6 6 13 13 9 10 10 11
 0 0 0 1 1 0 0 0 1 1 3 6 6 6 10 10 13 13 14 15 15 16 17 17 13 13 12 10 10 7 6 6 6 6 5 7 7 7 13 13 13 13 9 11 11 13
 0 0 1 1 1 1 1 1 4 4 6 13 13 6 10 10 12 12 11 13 13 14 15 15 12 12 7 7 7 20 8 8 6 6 5 18 18 45 32 32 32 32 12 16 16 13
 0 0 1 1 1 1 1 1 4 4 6 13 13 6 10 10 12 12 11 13 13 14 15 15 12 12 7 7 7 20 8 8 6 6 5 18 18 45 32 32 32 32 12 16 16 13
 1 1 1 1 1 1 1 1 5 5 6 17 17 14 19 19 7 7 7 7 7 10 12 12 12 12 7 7 7 20 13 13 12 12 18 18 18 44 33 33 31 31 30 9 9 7
 1 1 1 1 1 1 1 1 4 4 4 12 12 23 17 17 8 8 5 5 5 9 7 7 7 7 4 3 3 10 12 12 12 12 18 23 23 32 31 31 29 29 29 9 9 3
 1 1 1 1 1 1 1 1 4 4 4 12 12 23 17 17 8 8 5 5 5 9 7 7 7 7 4 3 3 10 12 12 12 12 18 23 23 32 31 31 29 29 29 9 9 3
 1 1 1 1 1 1 1 1 5 5 6 11 11 18 17 17 7 7 4 2 2 2 2 2 2 2 2 1 1 2 2 2 4 4 23 22 22 31 30 30 3 3 3 3 3 3
 1 1 1 1 1 1 1 1 5 5 6 11 11 18 17 17 7 7 4 2 2 2 2 2 2 2 2 1 1 2 2 2 4 4 23 22 22 31 30 30 3 3 3 3 3 3
 2 2 1 1 1 1 1 1 3 3 5 6 6 9 9 9 9 9 2 0 0 1 1 1 1 1 1 2 2 1 1 1 1 1 1 2 2 2 2 2 3 3 3 2 2 2
 3 3 2 2 2 1 2 2 3 3 3 5 5 5 24 24 37 37 2 0 0 0 1 1 1 1 1 1 1 0 0 0 0 0 1 2 2 0 0 0 0 0 0 2 2 2
 3 3 2 2 2 1 2 2 3 3 3 5 5 5 24 24 37 37 2 0 0 0 1 1 1 1 1 1 1 0 0 0 0 0 1 2 2 0 0 0 0 0 0 2 2 2
 3 3 3 3 3 2 1 1 3 3 4 5 5 31 17 17 33 33 14 0 0 2 1 1 1 1 1 0 0 0 0 0 0 0 0 0 0 0 0 0 0 0 0 0 0 0
 3 3 3 3 3 3 2 2 3 3 4 10 10 16 17 17 17 17 14 3 3 2 0 0 0 0 0 0 0 0 0 0 0 0 0 0 0 0 0 0 0 0 0 0 0 0
 3 3 3 3 3 3 2 2 3 3 4 10 10 16 17 17 17 17 14 3 3 2 0 0 0 0 0 0 0 0 0 0 0 0 0 0 0 0 0 0 0 0 0 0 0 0
 5 5 16 20 20 18 2 2 1 1 10 10 10 16 21 21 20 20 12 9 9 7 0 0 0 0 0 1 1 0 0 0 0 0 0 0 0 0 0 0 0 0 0 0 0 0
 5 5 16 20 20 18 2 2 1 1 10 10 10 16 21 21 20 20 12 9 9 7 0 0 0 0 0 1 1 0 0 0 0 0 0 0 0 0 0 0 0 0 0 0 0 0
 23 23 22 18 18 18 2 2 1 1 1 6 6 12 13 13 16 16 12 7 7 6 1 1 1 1 0 1 1 1 1 1 0 0 0 0 0 0 0 0 0 0 0 0 0 0
 23 23 24 20 20 2 1 1 2 2 1 6 6 2 3 3 3 3 6 9 9 9 2 2 2 2 1 1 1 1 0 0 0 0 0 0 0 0 0 0 0 0 0 0 0 0
 23 23 24 20 20 2 1 1 2 2 1 6 6 2 3 3 3 3 6 9 9 9 2 2 2 2 1 1 1 1 0 0 0 0 0 0 0 0 0 0 0 0 0 0 0 0
 3 3 4 1 1 2 3 3 2 2 2 2 2 1 3 3 4 4 6 2 2 2 2 2 2 2 1 1 1 0 0 0 0 0 0 0 0 0 0 0 0 0 0 0 0 0
 4 4 11 1 1 2 4 4 2 2 1 2 2 2 2 2 3 3 3 2 2 1 1 1 1 1 1 1 1 0 0 0 0 0 0 0 0 0 0 0 0 0 0 0 0 0
 4 4 11 1 1 2 4 4 2 2 1 2 2 2 2 2 3 3 3 2 2 1 1 1 1 1 1 1 1 0 0 0 0 0 0 0 0 0 0 0 0 0 0 0 0 0
 5 5 13 11 11 3 2 2 2 2 1 1 1 2 2 2 2 2 2 0 0 0 1 1 0 0 0 0 0 0 0 0 0 0 0 0 0 0 0 0 0 0 0 0 0 0
 5 5 13 11 11 3 2 2 2 2 1 1 1 2 2 2 2 2 2 0 0 0 1 1 0 0 0 0 0 0 0 0 0 0 0 0 0 0 0 0 0 0 0 0 0 0
 8 8 29 25 25 23 4 4 2 2 2 2 2 1 9 9 5 5 6 4 4 1 1 1 0 0 0 0 0 0 0 0 0 0 1 0 0 0 0 0 0 0 0 0 0 0
 9 9 29 24 24 23 4 4 2 2 2 3 3 10 10 10 11 11 7 4 4 1 1 1 0 0 0 0 0 0 0 0 0 0 0 0 0 0 0 0 0 0 0 0 0 0
 9 9 29 24 24 23 4 4 2 2 2 3 3 10 10 10 11 11 7 4 4 1 1 1 0 0 0 0 0 0 0 0 0 0 0 0 0 0 0 0 0 0 0 0 0 0
 35 35 32 29 29 19 19 19 12 12 2 3 3 10 10 10 11 11 10 9 9 5 1 1 0 0 0 0 0 0 0 0 0 0 0 0 0 0 0 0 0 0 0 0 0 0
 26 26 22 28 28 20 20 20 12 12 2 1 1 4 3 3 2 2 7 5 5 5 1 1 0 0 2 3 3 0 0 0 0 0 0 0 0 0 0 0 0 0 0 0 0 0
 26 26 22 28 28 20 20 20 12 12 2 1 1 4 3 3 2 2 7 5 5 5 1 1 0 0 2 3 3 0 0 0 0 0 0 0 0 0 0 0 0 0 0 0 0 0
 24 24 21 28 28 18 18 18 14 14 14 13 13 2 3 3 3 3 8 7 7 6 0 0 1 1 3 3 3 0 0 0 0 0 0 0 0 0 0 0 0 0 0 0 0 0
 24 24 21 28 28 18 18 18 14 14 14 13 13 2 3 3 3 3 8 7 7 6 0 0 1 1 3 3 3 0 0 0 0 0 0 0 0 0 0 0 0 0 0 0 0 0
 4 4 15 14 14 4 17 17 15 15 14 13 13 1 2 2 2 2 1 2 2 1 0 0 0 0 2 3 3 2 0 0 0 0 0 0 0 0 0 0 0 0 0 0 0 1
 4 4 14 13 13 4 3 3 3 3 10 6 6 4 2 2 2 2 3 2 2 2 1 1 0 0 0 0 0 1 0 0 0 0 1 1 1 1 0 0 0 0 1 2 2 1
 4 4 14 13 13 4 3 3 3 3 10 6 6 4 2 2 2 2 3 2 2 2 1 1 0 0 0 0 0 1 0 0 0 0 1 1 1 1 0 0 0 0 1 2 2 1
 3 3 4 3 3 20 20 20 5 5 5 4 4 4 2 2 2 2 2 2 2 2 1 1 0 0 0 1 1 1 0 0 0 0 1 1 1 1 0 0 1 1 1 1 1 1
 16 16 7 16 16 22 20 20 5 5 5 3 3 3 3 3 2 2 1 1 1 1 2 2 1 1 0 1 1 1 0 0 0 0 1 1 1 2 1 1 1 1 0 0 0 0
 16 16 7 16 16 22 20 20 5 5 5 3 3 3 3 3 2 2 1 1 1 1 2 2 1 1 0 1 1 1 0 0 0 0 1 1 1 2 1 1 1 1 0 0 0 0
 16 16 8 82 82 81 21 21 6 6 6 3 3 2 2 2 1 1 1 1 1 1 1 1 2 2 1 2 2 0 0 0 0 0 1 1 1 1 1 1 0 0 0 0 0 1
 16 16 8 82 82 81 21 21 6 6 6 3 3 2 2 2 1 1 1 1 1 1 1 1 2 2 1 2 2 0 0 0 0 0 1 1 1 1 1 1 0 0 0 0 0 1
 20 20 17 88 88 85 9 9 6 6 7 3 3 2 1 1 1 1 1 1 1 1 1 1 1 1 1 1 1 0 1 1 0 0 0 0 0 0 0 0 0 0 0 0 0 0
 13 13 22 14 14 11 11 11 8 8 7 6 6 3 2 2 2 2 1 0 0 1 2 2 2 2 1 1 1 1 1 1 0 0 0 0 0 1 0 0 0 0 0 0 0 0
 13 13 22 14 14 11 11 11 8 8 7 6 6 3 2 2 2 2 1 0 0 1 2 2 2 2 1 1 1 1 1 1 0 0 0 0 0 1 0 0 0 0 0 0 0 0
 11 11 12 15 15 13 13 13 11 11 10 7 7 6 3 3 3 3 2 1 1 2 2 2 3 3 1 1 1 1 1 1 0 0 0 0 0 1 1 1 0 0 0 0 0 0
 9 9 8 15 15 11 14 14 16 16 13 11 11 7 5 5 2 2 2 3 3 3 1 1 3 3 1 0 0 1 1 1 0 0 1 1 1 1 1 1 0 0 0 0 0 0
 9 9 8 15 15 11 14 14 16 16 13 11 11 7 5 5 2 2 2 3 3 3 1 1 3 3 1 0 0 1 1 1 0 0 1 1 1 1 1 1 0 0 0 0 0 0
 7 7 10 9 9 11 17 17 16 16 11 16 16 12 13 13 11 11 4 3 3 3 2 2 3 3 2 1 1 1 0 0 0 0 0 2 2 1 1 1 1 1 1 0 0 0
 7 7 10 9 9 11 17 17 16 16 11 16 16 12 13 13 11 11 4 3 3 3 2 2 3 3 2 1 1 1 0 0 0 0 0 2 2 1 1 1 1 1 1 0 0 0
 7 7 10 10 10 17 18 18 19 19 11 16 16 12 13 13 3 3 2 2 2 2 2 2 3 3 2 1 1 1 1 1 0 0 1 2 2 1 1 1 1 1 1 1 1 1
 10 10 19 18 18 16 19 19 20 20 16 16 16 7 4 4 4 4 2 2 2 2 2 2 2 2 2 3 3 3 5 5 4 4 1 2 2 1 1 1 1 1 1 2 2 2
 10 10 19 18 18 16 19 19 20 20 16 16 16 7 4 4 4 4 2 2 2 2 2 2 2 2 2 3 3 3 5 5 4 4 1 2 2 1 1 1 1 1 1 2 2 2
 10 10 23 22 22 17 24 24 25 25 18 14 14 7 3 3 3 3 3 3 3 1 2 2 2 2 4 4 4 3 5 5 5 5 1 6 6 6 2 2 1 1 1 2 2 3
 16 16 15 37 37 20 26 26 21 21 21 12 12 9 4 4 5 5 3 3 3 1 3 3 3 3 7 5 5 6 5 5 4 4 4 7 7 7 3 3 5 5 3 3 3 4
 16 16 15 37 37 20 26 26 21 21 21 12 12 9 4 4 5 5 3 3 3 1 3 3 3 3 7 5 5 6 5 5 4 4 4 7 7 7 3 3 5 5 3 3 3 4
 17 17 11 32 32 21 20 20 22 22 21 10 10 9 6 6 6 6 3 4 4 3 3 3 4 4 8 8 8 7 8 8 7 7 6 8 8 9 4 4 6 6 5 4 4 3
 17 17 11 32 32 21 20 20 22 22 21 10 10 9 6 6 6 6 3 4 4 3 3 3 4 4 8 8 8 7 8 8 7 7 6 8 8 9 4 4 6 6 5 4 4 3
 13 13 12 23 23 25 29 29 17 17 18 11 11 10 7 7 7 7 6 4 4 3 3 3 4 4 7 4 4 7 7 7 10 10 10 12 12 17 13 13 12 12 13 5 5 5
 16 16 17 27 27 18 24 24 21 21 18 13 13 12 8 8 7 7 8 5 5 3 4 4 3 3 4 5 5 8 11 11 21 21 14 20 20 23 21 21 15 15 15 8 8 9
 16 16 17 27 27 18 24 24 21 21 18 13 13 12 8 8 7 7 8 5 5 3 4 4 3 3 4 5 5 8 11 11 21 21 14 20 20 23 21 21 15 15 15 8 8 9
 21 21 24 24 24 34 34 34 35 35 23 16 16 13 12 12 8 8 6 4 4 5 6 6 6 6 5 7 7 6 15 15 19 19 15 18 18 27 22 22 16 16 13 8 8 9
 28 28 31 30 30 39 45 45 40 40 29 21 21 17 10 10 7 7 6 5 5 4 3 3 7 7 4 4 4 6 12 12 17 17 12 12 12 21 20 20 11 11 11 6 6 6
 28 28 31 30 30 39 45 45 40 40 29 21 21 17 10 10 7 7 6 5 5 4 3 3 7 7 4 4 4 6 12 12 17 17 12 12 12 21 20 20 11 11 11 6 6 6
 25 25 33 41 41 42 48 48 40 40 39 28 28 16 13 13 7 7 4 5 5 15 13 13 13 13 2 2 2 6 11 11 9 9 13 13 13 20 18 18 10 10 9 3 3 1
 25 25 33 41 41 42 48 48 40 40 39 28 28 16 13 13 7 7 4 5 5 15 13 13 13 13 2 2 2 6 11 11 9 9 13 13 13 20 18 18 10 10 9 3 3 1
 32 32 42 44 44 45 43 43 41 41 37 30 30 23 20 20 6 6 5 4 4 13 13 13 12 12 3 2 2 4 4 4 6 6 12 11 11 8 7 7 6 6 2 2 2 0
 54 54 56 52 52 45 46 46 40 40 31 30 30 21 18 18 11 11 5 4 4 5 11 11 11 11 8 2 2 1 1 1 3 3 6 7 7 8 6 6 5 5 1 0 0 0
 54 54 56 52 52 45 46 46 40 40 31 30 30 21 18 18 11 11 5 4 4 5 11 11 11 11 8 2 2 1 1 1 3 3 6 7 7 8 6 6 5 5 1 0 0 0
 74 74 54 46 46 50 39 39 38 38 34 27 27 18 12 12 14 14 6 5 5 4 11 11 10 10 9 9 9 9 1 1 2 2 5 7 7 6 7 7 6 6 0 0 0 0
 78 78 64 45 45 54 44 44 36 36 39 31 31 30 22 22 22 22 6 6 6 6 5 5 4 4 3 2 2 2 1 1 2 2 6 9 9 13 7 7 7 7 3 1 1 1
