assets/RAT_results/precipitation/2020-09-18_IMERG.asc
ncols        46
nrows        77
xllcorner    74.800261325624
yllcorner    8.058333333333
cellsize     0.062500000000
NODATA_value -9999
 40 40 37 33 33 26 13 13 8 8 8 2 2 1 1 1 1 1 0 0 0 0 0 0 1 1 1 0 0 0 0 0 0 0 1 1 1 1 1 1 1 1 1 1 1 1
 29 29 36 33 33 30 22 22 12 12 7 4 4 1 1 1 1 1 0 1 1 0 0 0 0 0 0 0 0 0 0 0 0 0 0 0 0 0 0 0 0 0 0 0 0 0
 29 29 36 33 33 30 22 22 12 12 7 4 4 1 1 1 1 1 0 1 1 0 0 0 0 0 0 0 0 0 0 0 0 0 0 0 0 0 0 0 0 0 0 0 0 0
 39 39 38 37 37 22 17 17 13 13 9 3 3 1 1 1 1 1 1 0 0 1 0 0 0 0 0 0 0 0 0 0 0 0 0 0 0 0 0 0 0 0 0 1 1 1
 70 70 48 36 36 21 11 11 13 13 6 4 4 1 1 1 1 1 1 0 0 1 0 0 0 0 0 0 0 0 0 0 0 0 0 0 0 0 0 0 0 0 0 1 1 1
 70 70 48 36 36 21 11 11 13 13 6 4 4 1 1 1 1 1 1 0 0 1 0 0 0 0 0 0 0 0 0 0 0 0 0 0 0 0 0 0 0 0 0 1 1 1
 70 70 82 38 38 23 15 15 9 9 6 4 4 1 2 2 1 1 1 1 1 1 1 1 0 0 0 0 0 0 0 0 0 0 0 0 0 0 0 0 0 0 0 1 1 1
 70 70 82 38 38 23 15 15 9 9 6 4 4 1 2 2 1 1 1 1 1 1 1 1 0 0 0 0 0 0 0 0 0 0 0 0 0 0 0 0 0 0 0 1 1 1
 66 66 64 38 38 36 27 27 11 11 7 4 4 1 2 2 2 2 1 0 0 0 0 0 0 0 0 0 0 0 0 0 0 0 0 0 0 0 0 0 0 0 0 1 1 1
 44 44 56 49 49 43 30 30 15 15 11 4 4 3 2 2 1 1 2 1 1 0 0 0 0 0 0 0 0 0 0 0 0 0 0 0 0 0 0 0 0 0 0 0 0 1
 44 44 56 49 49 43 30 30 15 15 11 4 4 3 2 2 1 1 2 1 1 0 0 0 0 0 0 0 0 0 0 0 0 0 0 0 0 0 0 0 0 0 0 0 0 1
 58 58 55 49 49 37 29 29 10 10 8 5 5 4 2 2 5 5 5 2 2 1 0 0 0 0 0 0 0 0 0 0 0 0 0 0 0 0 0 0 0 0 0 0 0 0
 58 58 57 58 58 36 23 23 17 17 11 6 6 6 6 6 6 6 4 3 3 1 1 1 1 1 0 0 0 0 0 0 0 0 0 0 0 0 0 0 0 0 0 0 0 0
 58 58 57 58 58 36 23 23 17 17 11 6 6 6 6 6 6 6 4 3 3 1 1 1 1 1 0 0 0 0 0 0 0 0 0 0 0 0 0 0 0 0 0 0 0 0
 45 45 48 34 34 35 28 28 18 18 11 9 9 6 9 9 7 7 3 1 1 1 0 0 0 0 0 0 0 0 0 0 0 0 0 0 0 0 0 0 0 0 0 0 0 0
 45 45 48 34 34 35 28 28 18 18 11 9 9 6 9 9 7 7 3 1 1 1 0 0 0 0 0 0 0 0 0 0 0 0 0 0 0 0 0 0 0 0 0 0 0 0
 41 41 40 39 39 34 35 35 18 18 18 14 14 12 10 10 6 6 4 1 1 1 0 0 0 0 0 0 0 0 0 0 0 0 0 0 0 0 0 0 0 0 0 0 0 0
 34 34 33 33 33 21 31 31 28 28 26 9 9 13 10 10 5 5 4 2 2 1 1 1 0 0 0 0 0 0 0 0 0 0 0 0 0 0 0 0 0 0 0 0 0 0
 34 34 33 33 33 21 31 31 28 28 26 9 9 13 10 10 5 5 4 2 2 1 1 1 0 0 0 0 0 0 0 0 0 0 0 0 0 0 0 0 0 0 0 0 0 0
 31 31 36 21 21 23 42 42 31 31 17 11 11 13 11 11 7 7 6 2 2 1 1 1 0 0 0 0 0 0 0 0 0 0 0 0 0 0 0 0 0 0 0 0 0 0
 28 28 26 39 39 38 32 32 19 19 14 24 24 25 23 23 6 6 7 3 3 6 1 1 0 0 0 0 0 0 0 0 0 0 0 0 0 0 0 0 0 0 0 0 0 0
 28 28 26 39 39 38 32 32 19 19 14 24 24 25 23 23 6 6 7 3 3 6 1 1 0 0 0 0 0 0 0 0 0 0 0 0 0 0 0 0 0 0 0 0 0 0
 21 21 26 33 33 38 29 29 13 13 10 25 25 24 31 31 25 25 14 8 8 8 2 2 0 0 0 0 0 1 1 1 0 0 0 0 0 0 0 0 0 0 0 0 0 0
 21 21 26 33 33 38 29 29 13 13 10 25 25 24 31 31 25 25 14 8 8 8 2 2 0 0 0 0 0 1 1 1 0 0 0 0 0 0 0 0 0 0 0 0 0 0
 21 21 23 29 29 27 17 17 25 25 27 28 28 29 31 31 29 29 15 14 14 14 3 3 1 1 0 1 1 1 1 1 1 1 1 0 0 0 0 0 0 0 0 0 0 0
 17 17 17 17 17 15 13 13 6 6 23 11 11 17 22 22 22 22 16 14 14 14 3 3 1 1 1 1 1 2 1 1 1 1 1 0 0 1 1 1 1 1 0 0 0 0
 17 17 17 17 17 15 13 13 6 6 23 11 11 17 22 22 22 22 16 14 14 14 3 3 1 1 1 1 1 2 1 1 1 1 1 0 0 1 1 1 1 1 0 0 0 0
 13 13 13 11 11 9 7 7 7 7 9 10 10 19 16 16 23 23 10 6 6 4 5 5 2 2 1 1 1 2 1 1 1 1 0 0 0 1 1 1 2 2 1 1 1 1
 11 11 11 10 10 9 10 10 6 6 6 5 5 8 16 16 23 23 8 5 5 2 3 3 1 1 1 1 1 2 1 1 0 0 0 0 0 0 0 0 0 0 0 0 0 0
 11 11 11 10 10 9 10 10 6 6 6 5 5 8 16 16 23 23 8 5 5 2 3 3 1 1 1 1 1 2 1 1 0 0 0 0 0 0 0 0 0 0 0 0 0 0
 9 9 12 7 7 7 8 8 5 5 4 6 6 8 18 18 8 8 4 3 3 1 1 1 2 2 1 1 1 2 1 1 1 1 0 0 0 0 0 0 0 0 0 0 0 0
 9 9 12 7 7 7 8 8 5 5 4 6 6 8 18 18 8 8 4 3 3 1 1 1 2 2 1 1 1 2 1 1 1 1 0 0 0 0 0 0 0 0 0 0 0 0
 7 7 7 4 4 5 2 2 3 3 5 5 5 8 4 4 5 5 4 2 2 1 2 2 2 2 3 3 3 2 2 2 1 1 0 0 0 0 0 0 0 0 0 0 0 0
 5 5 7 3 3 3 1 1 2 2 3 3 3 4 3 3 3 3 4 3 3 3 5 5 6 6 7 7 7 7 1 1 2 2 1 0 0 0 0 0 0 0 0 0 0 0
 5 5 7 3 3 3 1 1 2 2 3 3 3 4 3 3 3 3 4 3 3 3 5 5 6 6 7 7 7 7 1 1 2 2 1 0 0 0 0 0 0 0 0 0 0 0
 5 5 5 2 2 2 1 1 1 1 1 1 1 1 1 1 4 4 13 4 4 11 11 11 5 5 7 8 8 7 5 5 3 3 3 0 0 0 0 0 0 0 0 0 0 0
 4 4 1 1 1 1 0 0 1 1 0 0 0 0 1 1 5 5 9 9 9 10 11 11 18 18 16 20 20 12 12 12 2 2 3 0 0 0 0 0 0 0 0 0 0 0
 4 4 1 1 1 1 0 0 1 1 0 0 0 0 1 1 5 5 9 9 9 10 11 11 18 18 16 20 20 12 12 12 2 2 3 0 0 0 0 0 0 0 0 0 0 0
 3 3 2 2 2 1 0 0 0 0 0 0 0 0 0 0 2 2 7 15 15 17 14 14 10 10 9 20 20 11 13 13 3 3 0 0 0 0 0 0 0 0 0 0 0 0
 3 3 2 2 2 1 0 0 0 0 0 0 0 0 0 0 2 2 7 15 15 17 14 14 10 10 9 20 20 11 13 13 3 3 0 0 0 0 0 0 0 0 0 0 0 0
 3 3 1 2 2 0 0 0 0 0 0 0 0 0 0 0 1 1 2 5 5 18 13 13 10 10 9 11 11 2 1 1 2 2 1 1 1 1 1 1 0 0 0 0 0 0
 4 4 3 1 1 0 0 0 0 0 0 0 0 0 0 0 0 0 1 3 3 8 7 7 6 6 2 2 2 0 1 1 2 2 4 4 4 2 1 1 1 1 1 1 1 1
 4 4 3 1 1 0 0 0 0 0 0 0 0 0 0 0 0 0 1 3 3 8 7 7 6 6 2 2 2 0 1 1 2 2 4 4 4 2 1 1 1 1 1 1 1 1
 4 4 4 3 3 1 0 0 0 0 0 0 0 0 0 0 0 0 2 5 5 6 9 9 9 9 3 2 2 1 1 1 1 1 5 5 5 4 2 2 1 1 2 1 1 1
 5 5 5 5 5 1 0 0 0 0 0 0 0 0 0 0 1 1 2 6 6 5 10 10 7 7 7 5 5 4 4 4 2 2 4 5 5 3 2 2 1 1 1 1 1 1
 5 5 5 5 5 1 0 0 0 0 0 0 0 0 0 0 1 1 2 6 6 5 10 10 7 7 7 5 5 4 4 4 2 2 4 5 5 3 2 2 1 1 1 1 1 1
 9 9 6 3 3 2 1 1 0 0 0 0 0 0 0 0 1 1 1 4 4 7 8 8 7 7 8 4 4 4 6 6 5 5 1 2 2 1 1 1 1 1 0 0 0 0
 9 9 6 3 3 2 1 1 0 0 0 0 0 0 0 0 1 1 1 4 4 7 8 8 7 7 8 4 4 4 6 6 5 5 1 2 2 1 1 1 1 1 0 0 0 0
 8 8 8 4 4 2 0 0 0 0 0 0 0 1 0 0 1 1 1 2 2 4 9 9 8 8 7 6 6 8 9 9 5 5 1 2 2 1 0 0 0 0 0 0 0 0
 8 8 7 3 3 3 0 0 0 0 0 0 0 0 0 0 0 0 1 1 1 3 6 6 8 8 7 4 4 4 9 9 11 11 3 3 3 2 0 0 0 0 0 0 0 0
 8 8 7 3 3 3 0 0 0 0 0 0 0 0 0 0 0 0 1 1 1 3 6 6 8 8 7 4 4 4 9 9 11 11 3 3 3 2 0 0 0 0 0 0 0 0
 7 7 7 4 4 3 0 0 0 0 0 0 0 0 0 0 0 0 1 1 1 2 7 7 9 9 6 5 5 5 8 8 11 11 12 7 7 5 0 0 0 0 0 0 0 0
 6 6 6 3 3 3 0 0 0 0 0 0 0 0 0 0 0 0 1 3 3 5 6 6 9 9 7 7 7 5 9 9 10 10 11 6 6 8 1 1 0 0 0 0 0 0
 6 6 6 3 3 3 0 0 0 0 0 0 0 0 0 0 0 0 1 3 3 5 6 6 9 9 7 7 7 5 9 9 10 10 11 6 6 8 1 1 0 0 0 0 0 0
 5 5 3 3 3 3 0 0 0 0 0 0 0 0 0 0 0 0 1 3 3 4 5 5 9 9 7 7 7 7 6 6 10 10 11 7 7 8 1 1 0 0 0 0 0 0
 5 5 3 3 3 3 0 0 0 0 0 0 0 0 0 0 0 0 1 3 3 4 5 5 9 9 7 7 7 7 6 6 10 10 11 7 7 8 1 1 0 0 0 0 0 0
 4 4 2 2 2 0 0 0 0 0 0 0 0 0 0 0 1 1 1 3 3 1 4 4 7 7 9 9 9 6 6 6 10 10 11 4 4 4 5 5 1 1 0 0 0 0
 2 2 2 1 1 0 0 0 0 0 0 0 0 1 1 1 1 1 0 1 1 0 1 1 5 5 6 8 8 8 8 8 10 10 11 4 4 5 1 1 1 1 0 0 0 0
 2 2 2 1 1 0 0 0 0 0 0 0 0 1 1 1 1 1 0 1 1 0 1 1 5 5 6 8 8 8 8 8 10 10 11 4 4 5 1 1 1 1 0 0 0 0
 1 1 1 1 1 0 0 0 0 0 0 0 0 1 1 1 1 1 2 0 0 0 1 1 4 4 6 6 6 8 8 8 6 6 4 5 5 1 1 1 1 1 0 0 0 0
 1 1 1 1 1 0 0 0 0 0 0 0 0 1 1 1 1 1 0 0 0 0 1 1 4 4 4 7 7 9 7 7 6 6 4 1 1 1 1 1 1 1 0 0 0 0
 1 1 1 1 1 0 0 0 0 0 0 0 0 1 1 1 1 1 0 0 0 0 1 1 4 4 4 7 7 9 7 7 6 6 4 1 1 1 1 1 1 1 0 0 0 0
 0 0 0 0 0 0 0 0 0 0 0 0 0 1 0 0 0 0 1 1 1 2 1 1 3 3 4 6 6 6 4 4 3 3 3 1 1 0 0 0 0 0 0 0 0 0
 0 0 0 0 0 0 0 0 0 0 0 0 0 1 0 0 0 0 1 1 1 2 1 1 3 3 4 6 6 6 4 4 3 3 3 1 1 0 0 0 0 0 0 0 0 0
 0 0 0 0 0 0 0 0 0 0 0 0 0 0 0 0 0 0 0 1 1 1 1 1 1 1 3 3 3 8 4 4 3 3 2 0 0 0 2 2 2 2 0 0 0 0
 0 0 0 0 0 0 0 0 0 0 0 1 1 0 1 1 1 1 1 2 2 2 1 1 1 1 2 6 6 8 4 4 8 8 6 4 4 2 2 2 3 3 3 0 0 0
 0 0 0 0 0 0 0 0 0 0 0 1 1 0 1 1 1 1 1 2 2 2 1 1 1 1 2 6 6 8 4 4 8 8 6 4 4 2 2 2 3 3 3 0 0 0
 1 1 0 0 0 0 1 1 1 1 1 1 1 1 1 1 4 4 12 19 19 10 4 4 2 2 3 1 1 2 6 6 7 7 9 7 7 4 3 3 5 5 7 4 4 3
 2 2 2 1 1 2 2 2 2 2 3 4 4 9 10 10 20 20 19 29 29 11 9 9 6 6 14 12 12 11 13 13 10 10 5 5 5 5 4 4 3 3 5 7 7 8
 2 2 2 1 1 2 2 2 2 2 3 4 4 9 10 10 20 20 19 29 29 11 9 9 6 6 14 12 12 11 13 13 10 10 5 5 5 5 4 4 3 3 5 7 7 8
 9 9 6 4 4 4 4 4 5 5 7 9 9 12 16 16 23 23 23 42 42 38 48 48 29 29 22 17 17 15 14 14 19 19 19 6 6 3 3 3 3 3 6 6 6 10
 9 9 6 4 4 4 4 4 5 5 7 9 9 12 16 16 23 23 23 42 42 38 48 48 29 29 22 17 17 15 14 14 19 19 19 6 6 3 3 3 3 3 6 6 6 10
 13 13 9 6 6 4 4 4 6 6 7 10 10 13 17 17 24 24 25 44 44 54 49 49 35 35 36 33 33 30 22 22 22 22 23 26 26 10 7 7 6 6 7 12 12 12
 11 11 8 6 6 5 5 5 7 7 9 12 12 16 20 20 25 25 32 42 42 57 51 51 52 52 47 39 39 35 25 25 21 21 28 29 29 15 10 10 9 9 9 7 7 12
 11 11 8 6 6 5 5 5 7 7 9 12 12 16 20 20 25 25 32 42 42 57 51 51 52 52 47 39 39 35 25 25 21 21 28 29 29 15 10 10 9 9 9 7 7 12
 10 10 9 7 7 7 8 8 10 10 14 19 19 25 30 30 33 33 38 44 44 50 59 59 62 62 58 45 45 39 30 30 25 25 15 14 14 13 11 11 11 11 9 6 6 2
 10 10 9 8 8 7 8 8 10 10 14 19 19 26 33 33 39 39 45 50 50 54 55 55 56 56 48 46 46 28 29 29 16 16 12 11 11 9 13 13 12 12 16 14 14 14
