assets/RAT_results/precipitation/2020-05-26_IMERG.asc
ncols        46
nrows        77
xllcorner    74.800261325624
yllcorner    8.058333333333
cellsize     0.062500000000
NODATA_value -9999
 2 2 2 1 1 2 4 4 5 5 6 11 11 11 2 2 2 2 2 2 2 2 2 2 2 2 7 21 21 23 10 10 9 9 13 21 21 18 12 12 12 12 21 16 16 11
 1 1 2 2 2 2 2 2 5 5 11 11 11 10 2 2 2 2 2 2 2 1 2 2 3 3 5 14 14 19 12 12 15 15 10 41 41 21 28 28 22 22 21 16 16 10
 1 1 2 2 2 2 2 2 5 5 11 11 11 10 2 2 2 2 2 2 2 1 2 2 3 3 5 14 14 19 12 12 15 15 10 41 41 21 28 28 22 22 21 16 16 10
 4 4 3 3 3 2 2 2 4 4 10 9 9 9 2 2 2 2 1 2 2 1 1 1 2 2 4 13 13 8 13 13 13 13 15 32 32 28 24 24 10 10 10 12 12 7
 0 0 4 4 4 2 2 2 4 4 10 4 4 4 4 4 2 2 2 1 1 1 1 1 3 3 3 3 3 3 7 7 9 9 15 21 21 9 8 8 6 6 6 4 4 4
 0 0 4 4 4 2 2 2 4 4 10 4 4 4 4 4 2 2 2 1 1 1 1 1 3 3 3 3 3 3 7 7 9 9 15 21 21 9 8 8 6 6 6 4 4 4
 0 0 4 4 4 1 2 2 2 2 4 4 4 4 4 4 4 4 3 3 3 2 2 2 2 2 3 3 3 3 3 3 6 6 11 6 6 5 4 4 5 5 3 3 3 4
 0 0 4 4 4 1 2 2 2 2 4 4 4 4 4 4 4 4 3 3 3 2 2 2 2 2 3 3 3 3 3 3 6 6 11 6 6 5 4 4 5 5 3 3 3 4
 0 0 4 4 4 2 2 2 3 3 3 3 3 3 4 4 3 3 3 3 3 3 2 2 2 2 3 4 4 4 4 4 6 6 6 6 6 4 3 3 3 3 3 3 3 4
 0 0 1 2 2 1 2 2 2 2 3 3 3 2 3 3 2 2 2 2 2 2 2 2 2 2 2 3 3 3 3 3 4 4 5 8 8 6 8 8 4 4 9 12 12 13
 0 0 1 2 2 1 2 2 2 2 3 3 3 2 3 3 2 2 2 2 2 2 2 2 2 2 2 3 3 3 3 3 4 4 5 8 8 6 8 8 4 4 9 12 12 13
 0 0 0 1 1 1 1 1 1 1 1 3 3 3 3 3 3 3 1 1 1 1 1 1 1 1 1 1 1 4 4 4 4 4 5 5 5 6 7 7 4 4 8 12 12 12
 0 0 0 1 1 1 1 1 1 1 0 0 0 1 1 1 1 1 1 1 1 1 2 2 2 2 2 2 2 3 4 4 2 2 3 2 2 3 5 5 5 5 10 15 15 18
 0 0 0 1 1 1 1 1 1 1 0 0 0 1 1 1 1 1 1 1 1 1 2 2 2 2 2 2 2 3 4 4 2 2 3 2 2 3 5 5 5 5 10 15 15 18
 0 0 0 0 0 1 2 2 1 1 1 0 0 1 1 1 1 1 1 1 1 1 1 1 3 3 4 4 4 5 13 13 13 13 4 2 2 0 4 4 2 2 2 18 18 19
 0 0 0 0 0 1 2 2 1 1 1 0 0 1 1 1 1 1 1 1 1 1 1 1 3 3 4 4 4 5 13 13 13 13 4 2 2 0 4 4 2 2 2 18 18 19
 0 0 0 0 0 0 1 1 2 2 1 1 1 0 1 1 1 1 1 1 1 1 1 1 1 1 2 4 4 8 7 7 8 8 2 1 1 2 1 1 1 1 1 17 17 28
 0 0 0 1 1 1 1 1 1 1 1 0 0 1 0 0 1 1 1 1 1 1 1 1 1 1 2 2 2 3 9 9 9 9 1 2 2 3 3 3 1 1 0 0 0 23
 0 0 0 1 1 1 1 1 1 1 1 0 0 1 0 0 1 1 1 1 1 1 1 1 1 1 2 2 2 3 9 9 9 9 1 2 2 3 3 3 1 1 0 0 0 23
 0 0 0 1 1 0 0 0 2 2 0 1 1 1 0 0 0 0 0 1 1 0 0 0 1 1 1 1 1 3 8 8 4 4 1 1 1 2 1 1 0 0 0 0 0 0
 0 0 0 0 0 0 0 0 0 0 0 2 2 1 1 1 0 0 0 0 0 0 0 0 0 0 0 1 1 2 3 3 5 5 3 0 0 0 0 0 0 0 0 0 0 0
 0 0 0 0 0 0 0 0 0 0 0 2 2 1 1 1 0 0 0 0 0 0 0 0 0 0 0 1 1 2 3 3 5 5 3 0 0 0 0 0 0 0 0 0 0 0
 0 0 0 0 0 0 0 0 0 0 0 1 1 1 0 0 0 0 0 0 0 0 0 0 0 0 0 0 0 2 3 3 1 1 0 0 0 0 1 1 0 0 0 0 0 0
 0 0 0 0 0 0 0 0 0 0 0 1 1 1 0 0 0 0 0 0 0 0 0 0 0 0 0 0 0 2 3 3 1 1 0 0 0 0 1 1 0 0 0 0 0 0
 0 0 0 0 0 0 1 1 1 1 1 1 1 1 1 1 0 0 0 0 0 0 2 2 2 2 1 0 0 1 1 1 0 0 0 0 0 0 0 0 0 0 0 0 0 0
 1 1 1 1 1 1 1 1 1 1 1 3 3 0 1 1 1 1 0 0 0 0 0 0 2 2 0 0 0 2 0 0 0 0 0 0 0 0 0 0 0 0 0 0 0 0
 1 1 1 1 1 1 1 1 1 1 1 3 3 0 1 1 1 1 0 0 0 0 0 0 2 2 0 0 0 2 0 0 0 0 0 0 0 0 0 0 0 0 0 0 0 0
 1 1 1 1 1 0 0 0 0 0 1 7 7 9 4 4 1 1 0 0 0 0 0 0 0 0 0 0 0 1 0 0 0 0 0 0 0 0 0 0 0 0 0 0 0 0
 0 0 0 0 0 1 0 0 0 0 1 1 1 6 8 8 1 1 0 0 0 0 0 0 0 0 0 0 0 0 0 0 0 0 0 0 0 0 0 0 0 0 0 0 0 0
 0 0 0 0 0 1 0 0 0 0 1 1 1 6 8 8 1 1 0 0 0 0 0 0 0 0 0 0 0 0 0 0 0 0 0 0 0 0 0 0 0 0 0 0 0 0
 0 0 0 0 0 0 1 1 0 0 1 2 2 2 2 2 1 1 0 0 0 0 0 0 0 0 0 0 0 0 0 0 0 0 0 0 0 1 2 2 1 1 0 0 0 0
 0 0 0 0 0 0 1 1 0 0 1 2 2 2 2 2 1 1 0 0 0 0 0 0 0 0 0 0 0 0 0 0 0 0 0 0 0 1 2 2 1 1 0 0 0 0
 0 0 0 0 0 0 1 1 1 1 1 3 3 5 6 6 2 2 6 1 1 1 0 0 0 0 0 0 0 0 0 0 0 0 0 0 0 0 0 0 0 0 0 0 0 0
 0 0 0 0 0 0 0 0 1 1 5 3 3 3 140 140 15 15 4 3 3 5 1 1 0 0 0 0 0 0 0 0 0 0 0 0 0 0 0 0 0 0 0 0 0 0
 0 0 0 0 0 0 0 0 1 1 5 3 3 3 140 140 15 15 4 3 3 5 1 1 0 0 0 0 0 0 0 0 0 0 0 0 0 0 0 0 0 0 0 0 0 0
 0 0 0 0 0 0 0 0 1 1 1 4 4 1 9 9 8 8 5 5 5 7 2 2 0 0 0 0 0 0 0 0 0 0 0 0 0 0 0 0 0 0 0 0 0 0
 0 0 0 1 1 0 1 1 2 2 2 1 1 1 2 2 2 2 6 9 9 6 2 2 0 0 0 0 0 0 0 0 0 0 0 0 0 0 0 0 0 0 0 0 0 0
 0 0 0 1 1 0 1 1 2 2 2 1 1 1 2 2 2 2 6 9 9 6 2 2 0 0 0 0 0 0 0 0 0 0 0 0 0 0 0 0 0 0 0 0 0 0
 1 1 1 1 1 2 1 1 2 2 1 1 1 1 9 9 12 12 7 6 6 5 1 1 0 0 0 0 0 0 0 0 0 0 0 1 1 0 0 0 0 0 0 0 0 0
 1 1 1 1 1 2 1 1 2 2 1 1 1 1 9 9 12 12 7 6 6 5 1 1 0 0 0 0 0 0 0 0 0 0 0 1 1 0 0 0 0 0 0 0 0 0
 1 1 2 2 2 3 3 3 3 3 2 2 2 2 5 5 8 8 3 2 2 2 2 2 1 1 1 1 1 2 1 1 2 2 2 3 3 1 1 1 2 2 1 0 0 2
 1 1 2 3 3 3 4 4 4 4 3 3 3 2 6 6 2 2 3 3 3 6 6 6 4 4 4 4 4 3 2 2 1 1 3 5 5 3 2 2 1 1 1 0 0 0
 1 1 2 3 3 3 4 4 4 4 3 3 3 2 6 6 2 2 3 3 3 6 6 6 4 4 4 4 4 3 2 2 1 1 3 5 5 3 2 2 1 1 1 0 0 0
 1 1 1 3 3 3 3 3 3 3 3 3 3 3 4 4 3 3 3 5 5 12 8 8 7 7 7 6 6 5 2 2 2 2 0 2 2 4 2 2 1 1 0 0 0 0
 1 1 1 1 1 4 4 4 3 3 3 3 3 5 3 3 3 3 3 3 3 5 10 10 9 9 7 5 5 5 4 4 1 1 0 0 0 3 2 2 1 1 1 1 1 0
 1 1 1 1 1 4 4 4 3 3 3 3 3 5 3 3 3 3 3 3 3 5 10 10 9 9 7 5 5 5 4 4 1 1 0 0 0 3 2 2 1 1 1 1 1 0
 0 0 0 1 1 4 7 7 4 4 2 4 4 4 6 6 1 1 2 2 2 4 4 4 6 6 5 4 4 4 3 3 1 1 0 0 0 1 1 1 1 1 1 1 1 1
 0 0 0 1 1 4 7 7 4 4 2 4 4 4 6 6 1 1 2 2 2 4 4 4 6 6 5 4 4 4 3 3 1 1 0 0 0 1 1 1 1 1 1 1 1 1
 0 0 0 0 0 2 2 2 4 4 4 2 2 2 1 1 7 7 7 1 1 2 2 2 4 4 4 2 2 3 2 2 0 0 0 0 0 0 0 0 0 0 0 1 1 1
 0 0 0 0 0 0 1 1 1 1 2 1 1 1 1 1 19 19 19 2 2 3 4 4 4 4 8 5 5 4 1 1 2 2 0 0 0 0 0 0 0 0 0 0 0 0
 0 0 0 0 0 0 1 1 1 1 2 1 1 1 1 1 19 19 19 2 2 3 4 4 4 4 8 5 5 4 1 1 2 2 0 0 0 0 0 0 0 0 0 0 0 0
 0 0 0 0 0 0 1 1 2 2 1 1 1 1 1 1 19 19 19 1 1 2 3 3 6 6 14 10 10 3 4 4 2 2 0 0 0 0 0 0 0 0 0 0 0 1
 0 0 0 0 0 0 1 1 1 1 1 1 1 1 1 1 1 1 1 1 1 2 5 5 6 6 15 12 12 4 8 8 10 10 6 1 1 0 0 0 2 2 0 1 1 1
 0 0 0 0 0 0 1 1 1 1 1 1 1 1 1 1 1 1 1 1 1 2 5 5 6 6 15 12 12 4 8 8 10 10 6 1 1 0 0 0 2 2 0 1 1 1
 0 0 0 0 0 0 1 1 1 1 1 2 2 2 2 2 2 2 1 1 1 1 8 8 7 7 21 16 16 23 11 11 46 46 20 6 6 0 1 1 4 4 1 3 3 2
 0 0 0 0 0 0 1 1 1 1 1 2 2 2 2 2 2 2 1 1 1 1 8 8 7 7 21 16 16 23 11 11 46 46 20 6 6 0 1 1 4 4 1 3 3 2
 0 0 0 0 0 0 1 1 1 1 1 2 2 3 3 3 3 3 3 3 3 3 16 16 10 10 16 19 19 14 20 20 23 23 62 20 20 1 1 1 2 2 2 1 1 0
 0 0 0 0 0 0 1 1 1 1 1 2 2 3 4 4 4 4 4 5 5 7 19 19 14 14 24 51 51 22 16 16 19 19 22 21 21 20 2 2 0 0 1 0 0 0
 0 0 0 0 0 0 1 1 1 1 1 2 2 3 4 4 4 4 4 5 5 7 19 19 14 14 24 51 51 22 16 16 19 19 22 21 21 20 2 2 0 0 1 0 0 0
 0 0 0 0 0 0 1 1 1 1 1 1 1 2 4 4 2 2 3 7 7 11 18 18 11 11 18 16 16 16 17 17 22 22 19 20 20 3 0 0 0 0 0 0 0 0
 0 0 0 0 0 0 1 1 1 1 1 1 1 1 2 2 3 3 3 5 5 9 13 13 13 13 13 13 13 12 11 11 10 10 8 14 14 11 0 0 0 0 0 0 0 0
 0 0 0 0 0 0 1 1 1 1 1 1 1 1 2 2 3 3 3 5 5 9 13 13 13 13 13 13 13 12 11 11 10 10 8 14 14 11 0 0 0 0 0 0 0 0
 0 0 0 0 0 0 0 0 0 0 1 1 1 1 2 2 3 3 2 3 3 6 8 8 10 10 7 12 12 9 8 8 4 4 5 1 1 3 0 0 0 0 0 0 0 0
 0 0 0 0 0 0 0 0 0 0 1 1 1 1 2 2 3 3 2 3 3 6 8 8 10 10 7 12 12 9 8 8 4 4 5 1 1 3 0 0 0 0 0 0 0 0
 0 0 0 0 0 0 0 0 0 0 1 1 1 2 2 2 2 2 2 2 2 5 7 7 6 6 8 8 8 13 32 32 7 7 0 0 0 0 0 0 0 0 1 0 0 0
 0 0 0 1 1 1 0 0 0 0 1 1 1 1 1 1 1 1 1 2 2 2 3 3 4 4 7 6 6 9 17 17 14 14 0 0 0 0 0 0 0 0 1 0 0 0
 0 0 0 1 1 1 0 0 0 0 1 1 1 1 1 1 1 1 1 2 2 2 3 3 4 4 7 6 6 9 17 17 14 14 0 0 0 0 0 0 0 0 1 0 0 0
 0 0 0 0 0 0 0 0 0 0 0 0 0 1 1 1 1 1 1 1 1 2 4 4 5 5 4 8 8 5 7 7 8 8 1 0 0 1 0 0 0 0 1 0 0 0
 0 0 0 0 0 0 0 0 0 0 0 0 0 0 0 0 1 1 1 1 1 1 4 4 6 6 7 9 9 5 6 6 6 6 1 0 0 0 0 0 0 0 4 3 3 0
 0 0 0 0 0 0 0 0 0 0 0 0 0 0 0 0 1 1 1 1 1 1 4 4 6 6 7 9 9 5 6 6 6 6 1 0 0 0 0 0 0 0 4 3 3 0
 0 0 0 0 0 0 0 0 0 0 0 0 0 0 0 0 0 0 0 1 1 1 3 3 9 9 11 12 12 9 9 9 7 7 4 1 1 1 0 0 0 0 4 6 6 0
 0 0 0 0 0 0 0 0 0 0 0 0 0 0 0 0 0 0 0 1 1 1 3 3 9 9 11 12 12 9 9 9 7 7 4 1 1 1 0 0 0 0 4 6 6 0
 0 0 0 0 0 0 0 0 0 0 0 0 0 0 0 0 0 0 0 0 0 0 1 1 6 6 19 18 18 8 6 6 4 4 1 1 1 1 1 1 0 0 0 0 0 0
 0 0 0 0 0 0 0 0 0 0 0 0 0 0 0 0 0 0 0 0 0 0 2 2 2 2 12 29 29 12 5 5 3 3 0 0 0 1 1 1 0 0 0 0 0 0
 0 0 0 0 0 0 0 0 0 0 0 0 0 0 0 0 0 0 0 0 0 0 2 2 2 2 12 29 29 12 5 5 3 3 0 0 0 1 1 1 0 0 0 0 0 0
 0 0 0 0 0 0 0 0 1 1 0 0 0 1 1 1 0 0 1 1 1 0 1 1 0 0 12 15 15 6 3 3 3 3 0 0 0 0 1 1 0 0 1 0 0 1
 0 0 0 0 0 0 0 0 1 1 0 0 0 1 1 1 1 1 1 1 1 1 1 1 1 1 4 9 9 3 2 2 2 2 0 0 0 0 0 0 0 0 1 0 0 0
