assets/RAT_results/precipitation/2020-05-12_IMERG.asc
ncols        46
nrows        77
xllcorner    74.800261325624
yllcorner    8.058333333333
cellsize     0.062500000000
NODATA_value -9999
 1 1 1 0 0 0 0 0 0 0 0 0 0 0 0 0 0 0 0 0 0 0 0 0 0 0 0 0 0 0 0 0 0 0 0 0 0 0 0 0 0 0 0 0 0 0
 1 1 1 0 0 0 0 0 0 0 0 0 0 0 0 0 0 0 0 0 0 0 0 0 0 0 0 0 0 0 0 0 0 0 0 0 0 0 0 0 0 0 0 0 0 0
 1 1 1 0 0 0 0 0 0 0 0 0 0 0 0 0 0 0 0 0 0 0 0 0 0 0 0 0 0 0 0 0 0 0 0 0 0 0 0 0 0 0 0 0 0 0
 1 1 1 0 0 0 0 0 0 0 0 0 0 0 0 0 0 0 0 0 0 0 0 0 0 0 0 0 0 0 0 0 0 0 0 0 0 0 0 0 0 0 0 0 0 0
 0 0 1 0 0 0 0 0 0 0 0 0 0 0 0 0 0 0 0 0 0 0 0 0 0 0 0 0 0 0 0 0 0 0 0 0 0 0 0 0 0 0 0 0 0 0
 0 0 1 0 0 0 0 0 0 0 0 0 0 0 0 0 0 0 0 0 0 0 0 0 0 0 0 0 0 0 0 0 0 0 0 0 0 0 0 0 0 0 0 0 0 0
 1 1 0 0 0 1 0 0 0 0 0 1 1 0 0 0 0 0 0 0 0 1 0 0 0 0 0 0 0 0 0 0 0 0 0 0 0 0 0 0 0 0 0 0 0 0
 1 1 0 0 0 1 0 0 0 0 0 1 1 0 0 0 0 0 0 0 0 1 0 0 0 0 0 0 0 0 0 0 0 0 0 0 0 0 0 0 0 0 0 0 0 0
 0 0 0 0 0 0 0 0 1 1 2 1 1 1 1 1 0 0 1 1 1 1 0 0 0 0 0 0 0 0 0 0 0 0 0 0 0 0 0 0 0 0 0 0 0 0
 0 0 1 0 0 0 1 1 6 6 7 4 4 3 2 2 1 1 1 1 1 0 0 0 0 0 0 0 0 0 0 0 0 0 0 0 0 0 0 0 0 0 0 0 0 0
 0 0 1 0 0 0 1 1 6 6 7 4 4 3 2 2 1 1 1 1 1 0 0 0 0 0 0 0 0 0 0 0 0 0 0 0 0 0 0 0 0 0 0 0 0 0
 0 0 1 0 0 0 1 1 4 4 5 3 3 3 2 2 1 1 1 1 1 0 0 0 0 0 0 0 0 0 0 0 0 0 0 0 0 0 0 0 0 0 0 0 0 0
 0 0 0 0 0 0 1 1 1 1 2 2 2 1 1 1 1 1 0 0 0 0 0 0 0 0 0 0 0 0 0 0 0 0 0 0 0 0 0 0 0 0 0 0 0 0
 0 0 0 0 0 0 1 1 1 1 2 2 2 1 1 1 1 1 0 0 0 0 0 0 0 0 0 0 0 0 0 0 0 0 0 0 0 0 0 0 0 0 0 0 0 0
 0 0 0 0 0 0 0 0 1 1 1 1 1 1 1 1 0 0 0 0 0 0 0 0 0 0 0 0 0 0 0 0 0 0 0 0 0 0 0 0 0 0 0 0 0 0
 0 0 0 0 0 0 0 0 1 1 1 1 1 1 1 1 0 0 0 0 0 0 0 0 0 0 0 0 0 0 0 0 0 0 0 0 0 0 0 0 0 0 0 0 0 0
 0 0 0 0 0 0 0 0 0 0 1 0 0 0 0 0 0 0 0 0 0 0 0 0 0 0 0 0 0 0 0 0 0 0 0 0 0 0 0 0 0 0 0 0 0 0
 0 0 0 0 0 0 0 0 0 0 0 0 0 0 0 0 0 0 0 0 0 0 0 0 0 0 0 0 0 0 0 0 0 0 0 0 0 0 0 0 0 0 0 0 0 0
 0 0 0 0 0 0 0 0 0 0 0 0 0 0 0 0 0 0 0 0 0 0 0 0 0 0 0 0 0 0 0 0 0 0 0 0 0 0 0 0 0 0 0 0 0 0
 0 0 0 0 0 0 0 0 0 0 0 1 1 1 0 0 0 0 0 0 0 0 0 0 0 0 0 0 0 0 0 0 1 1 1 0 0 0 0 0 0 0 0 0 0 0
 0 0 0 0 0 0 0 0 0 0 0 0 0 1 0 0 0 0 0 0 0 0 0 0 0 0 0 0 0 1 1 1 1 1 0 0 0 0 0 0 0 0 0 0 0 0
 0 0 0 0 0 0 0 0 0 0 0 0 0 1 0 0 0 0 0 0 0 0 0 0 0 0 0 0 0 1 1 1 1 1 0 0 0 0 0 0 0 0 0 0 0 0
 0 0 0 0 0 1 0 0 0 0 0 0 0 0 0 0 0 0 0 0 0 0 0 0 0 0 1 1 1 2 1 1 1 1 0 0 0 0 0 0 0 0 0 0 0 0
 0 0 0 0 0 1 0 0 0 0 0 0 0 0 0 0 0 0 0 0 0 0 0 0 0 0 1 1 1 2 1 1 1 1 0 0 0 0 0 0 0 0 0 0 0 0
 0 0 0 0 0 0 0 0 0 0 0 0 0 0 0 0 0 0 0 1 1 1 1 1 2 2 3 3 3 1 1 1 1 1 1 1 1 1 1 1 0 0 0 0 0 0
 0 0 0 0 0 0 0 0 0 0 0 0 0 0 1 1 1 1 1 1 1 1 4 4 7 7 11 4 4 3 1 1 1 1 1 1 1 1 0 0 0 0 0 0 0 0
 0 0 0 0 0 0 0 0 0 0 0 0 0 0 1 1 1 1 1 1 1 1 4 4 7 7 11 4 4 3 1 1 1 1 1 1 1 1 0 0 0 0 0 0 0 0
 0 0 0 0 0 0 0 0 0 0 0 0 0 1 1 1 2 2 2 5 5 8 14 14 9 9 6 3 3 3 2 2 1 1 1 0 0 0 0 0 0 0 0 0 0 0
 0 0 0 0 0 0 0 0 0 0 0 0 0 0 1 1 2 2 1 5 5 10 9 9 6 6 2 1 1 2 0 0 0 0 0 0 0 0 0 0 0 0 0 0 0 0
 0 0 0 0 0 0 0 0 0 0 0 0 0 0 1 1 2 2 1 5 5 10 9 9 6 6 2 1 1 2 0 0 0 0 0 0 0 0 0 0 0 0 0 0 0 0
 0 0 0 0 0 0 0 0 0 0 0 0 0 0 0 0 1 1 1 4 4 6 6 6 2 2 0 0 0 0 0 0 0 0 0 0 0 0 0 0 0 0 0 0 0 0
 0 0 0 0 0 0 0 0 0 0 0 0 0 0 0 0 1 1 1 4 4 6 6 6 2 2 0 0 0 0 0 0 0 0 0 0 0 0 0 0 0 0 0 0 0 0
 0 0 0 0 0 0 1 1 1 1 0 0 0 0 0 0 1 1 1 1 1 2 1 1 1 1 0 2 2 0 0 0 0 0 0 0 0 0 0 0 0 0 0 0 0 0
 1 1 1 0 0 0 1 1 1 1 3 0 0 0 0 0 1 1 1 0 0 1 1 1 1 1 2 0 0 0 1 1 0 0 1 0 0 0 0 0 0 0 0 0 0 0
 1 1 1 0 0 0 1 1 1 1 3 0 0 0 0 0 1 1 1 0 0 1 1 1 1 1 2 0 0 0 1 1 0 0 1 0 0 0 0 0 0 0 0 0 0 0
 1 1 1 1 1 0 1 1 1 1 4 0 0 1 1 1 1 1 1 1 1 1 0 0 1 1 1 1 1 2 1 1 0 0 1 0 0 0 0 0 0 0 0 0 0 0
 3 3 2 2 2 2 2 2 3 3 2 1 1 1 1 1 1 1 1 1 1 2 4 4 2 2 6 3 3 2 2 2 2 2 1 0 0 0 0 0 0 0 0 0 0 1
 3 3 2 2 2 2 2 2 3 3 2 1 1 1 1 1 1 1 1 1 1 2 4 4 2 2 6 3 3 2 2 2 2 2 1 0 0 0 0 0 0 0 0 0 0 1
 12 12 13 10 10 7 16 16 15 15 3 3 3 1 11 11 20 20 5 6 6 4 4 4 14 14 9 9 9 3 2 2 1 1 1 1 1 1 1 1 2 2 1 1 1 1
 12 12 13 10 10 7 16 16 15 15 3 3 3 1 11 11 20 20 5 6 6 4 4 4 14 14 9 9 9 3 2 2 1 1 1 1 1 1 1 1 2 2 1 1 1 1
 13 13 12 14 14 28 146 146 15 15 8 16 16 9 16 16 15 15 9 10 10 6 10 10 16 16 17 7 7 4 2 2 1 1 1 1 1 1 1 1 2 2 2 2 2 4
 15 15 17 30 30 58 172 172 21 21 19 25 25 23 120 120 124 124 21 17 17 10 12 12 16 16 13 5 5 3 3 3 1 1 0 1 1 2 1 1 2 2 4 6 6 8
 15 15 17 30 30 58 172 172 21 21 19 25 25 23 120 120 124 124 21 17 17 10 12 12 16 16 13 5 5 3 3 3 1 1 0 1 1 2 1 1 2 2 4 6 6 8
 16 16 16 10 10 61 169 169 47 47 39 49 49 120 48 48 113 113 28 12 12 10 15 15 16 16 16 12 12 8 7 7 2 2 1 3 3 3 4 4 3 3 3 3 3 6
 16 16 17 27 27 155 70 70 55 55 41 38 38 36 36 36 24 24 21 19 19 20 17 17 27 27 25 21 21 15 7 7 25 25 1 3 3 9 4 4 3 3 1 2 2 2
 16 16 17 27 27 155 70 70 55 55 41 38 38 36 36 36 24 24 21 19 19 20 17 17 27 27 25 21 21 15 7 7 25 25 1 3 3 9 4 4 3 3 1 2 2 2
 14 14 31 144 144 30 49 49 25 25 29 27 27 28 23 23 12 12 17 22 22 15 11 11 15 15 13 18 18 28 30 30 26 26 8 9 9 9 9 9 2 2 4 7 7 5
 14 14 31 144 144 30 49 49 25 25 29 27 27 28 23 23 12 12 17 22 22 15 11 11 15 15 13 18 18 28 30 30 26 26 8 9 9 9 9 9 2 2 4 7 7 5
 22 22 20 27 27 38 112 112 54 54 30 27 27 20 12 12 8 8 12 14 14 15 9 9 7 7 15 34 34 30 29 29 27 27 9 14 14 15 8 8 7 7 13 11 11 12
 21 21 21 26 26 125 48 48 125 125 48 21 21 12 10 10 8 8 9 10 10 6 5 5 6 6 22 24 24 19 12 12 10 10 10 14 14 13 13 13 16 16 17 12 12 15
 21 21 21 26 26 125 48 48 125 125 48 21 21 12 10 10 8 8 9 10 10 6 5 5 6 6 22 24 24 19 12 12 10 10 10 14 14 13 13 13 16 16 17 12 12 15
 20 20 14 22 22 106 114 114 110 110 22 14 14 14 12 12 9 9 4 3 3 4 5 5 27 27 20 23 23 26 42 42 31 31 20 23 23 18 14 14 13 13 15 20 20 26
 23 23 22 32 32 45 108 108 17 17 13 12 12 13 12 12 11 11 6 3 3 6 6 6 29 29 32 25 25 49 50 50 39 39 40 34 34 32 22 22 28 28 29 23 23 25
 23 23 22 32 32 45 108 108 17 17 13 12 12 13 12 12 11 11 6 3 3 6 6 6 29 29 32 25 25 49 50 50 39 39 40 34 34 32 22 22 28 28 29 23 23 25
 35 35 21 62 62 51 23 23 18 18 11 14 14 15 13 13 10 10 9 7 7 14 15 15 37 37 42 35 35 125 112 112 64 64 51 38 38 34 26 26 30 30 35 24 24 16
 35 35 21 62 62 51 23 23 18 18 11 14 14 15 13 13 10 10 9 7 7 14 15 15 37 37 42 35 35 125 112 112 64 64 51 38 38 34 26 26 30 30 35 24 24 16
 35 35 18 48 48 27 33 33 31 31 25 20 20 12 15 15 18 18 16 10 10 12 23 23 49 49 48 57 57 126 131 131 63 63 46 43 43 46 45 45 42 42 38 16 16 8
 34 34 19 51 51 60 48 48 35 35 28 19 19 10 16 16 17 17 16 14 14 15 23 23 12 12 22 32 32 31 52 52 53 53 48 80 80 44 39 39 30 30 22 15 15 10
 34 34 19 51 51 60 48 48 35 35 28 19 19 10 16 16 17 17 16 14 14 15 23 23 12 12 22 32 32 31 52 52 53 53 48 80 80 44 39 39 30 30 22 15 15 10
 9 9 24 105 105 103 39 39 24 24 10 11 11 11 15 15 20 20 19 23 23 20 16 16 16 16 24 30 30 26 36 36 38 38 44 42 42 42 40 40 33 33 21 12 12 10
 4 4 24 117 117 115 17 17 12 12 12 13 13 13 21 21 26 26 27 30 30 32 26 26 25 25 23 24 24 29 48 48 43 43 40 35 35 39 39 39 24 24 11 14 14 11
 4 4 24 117 117 115 17 17 12 12 12 13 13 13 21 21 26 26 27 30 30 32 26 26 25 25 23 24 24 29 48 48 43 43 40 35 35 39 39 39 24 24 11 14 14 11
 3 3 18 115 115 27 19 19 19 19 20 13 13 15 24 24 28 28 34 34 34 36 33 33 28 28 24 23 23 43 50 50 38 38 39 56 56 76 47 47 27 27 16 16 16 13
 3 3 18 115 115 27 19 19 19 19 20 13 13 15 24 24 28 28 34 34 34 36 33 33 28 28 24 23 23 43 50 50 38 38 39 56 56 76 47 47 27 27 16 16 16 13
 1 1 25 54 54 20 22 22 21 21 18 13 13 15 24 24 30 30 38 37 37 33 28 28 24 24 41 40 40 31 32 32 20 20 45 76 76 63 50 50 25 25 17 15 15 12
 2 2 8 54 54 52 19 19 20 20 86 20 20 15 19 19 24 24 34 35 35 30 19 19 11 11 13 39 39 31 33 33 30 30 52 44 44 49 41 41 24 24 17 14 14 14
 2 2 8 54 54 52 19 19 20 20 86 20 20 15 19 19 24 24 34 35 35 30 19 19 11 11 13 39 39 31 33 33 30 30 52 44 44 49 41 41 24 24 17 14 14 14
 1 1 5 18 18 54 24 24 48 48 92 27 27 21 23 23 23 23 30 32 32 24 16 16 9 9 10 40 40 238 86 86 41 41 44 44 44 42 31 31 27 27 17 16 16 12
 1 1 2 58 58 84 28 28 50 50 128 31 31 27 24 24 26 26 26 30 30 25 19 19 10 10 9 245 245 254 239 239 51 51 59 50 50 38 32 32 30 30 26 16 16 11
 1 1 2 58 58 84 28 28 50 50 128 31 31 27 24 24 26 26 26 30 30 25 19 19 10 10 9 245 245 254 239 239 51 51 59 50 50 38 32 32 30 30 26 16 16 11
 4 4 5 81 81 131 104 104 137 137 135 37 37 25 27 27 32 32 33 32 32 27 24 24 8 8 15 53 53 57 69 69 63 63 41 45 45 35 30 30 25 25 17 18 18 7
 4 4 5 81 81 131 104 104 137 137 135 37 37 25 27 27 32 32 33 32 32 27 24 24 8 8 15 53 53 57 69 69 63 63 41 45 45 35 30 30 25 25 17 18 18 7
 8 8 8 33 33 129 126 126 115 115 141 40 40 31 30 30 29 29 27 28 28 30 25 25 21 21 15 53 53 56 68 68 23 23 38 41 41 28 23 23 21 21 18 16 16 5
 11 11 6 20 20 87 113 113 90 90 147 42 42 33 27 27 34 34 24 26 26 28 29 29 27 27 32 29 29 28 28 28 32 32 43 38 38 28 28 28 20 20 10 11 11 1
 11 11 6 20 20 87 113 113 90 90 147 42 42 33 27 27 34 34 24 26 26 28 29 29 27 27 32 29 29 28 28 28 32 32 43 38 38 28 28 28 20 20 10 11 11 1
 11 11 11 39 39 91 113 113 131 131 137 75 75 39 30 30 32 32 25 30 30 29 28 28 39 39 32 25 25 32 64 64 50 50 70 60 60 27 21 21 15 15 16 4 4 3
 10 10 45 27 27 25 39 39 132 132 149 136 136 103 50 50 36 36 29 38 38 36 31 31 50 50 64 57 57 62 66 66 49 49 72 51 51 29 21 21 17 17 16 7 7 2
