assets/RAT_results/precipitation/2020-05-09_IMERG.asc
ncols        46
nrows        77
xllcorner    74.800261325624
yllcorner    8.058333333333
cellsize     0.062500000000
NODATA_value -9999
 0 0 0 3 3 3 20 20 10 10 9 19 19 13 12 12 10 10 6 3 3 1 0 0 0 0 0 0 0 0 0 0 0 0 0 0 0 0 0 0 0 0 0 0 0 0
 0 0 0 0 0 10 19 19 20 20 11 9 9 10 9 9 7 7 4 1 1 0 0 0 0 0 0 0 0 0 0 0 0 0 0 0 0 0 0 0 0 0 0 0 0 0
 0 0 0 0 0 10 19 19 20 20 11 9 9 10 9 9 7 7 4 1 1 0 0 0 0 0 0 0 0 0 0 0 0 0 0 0 0 0 0 0 0 0 0 0 0 0
 0 0 1 0 0 1 2 2 2 2 8 5 5 7 5 5 3 3 1 1 1 0 0 0 0 0 0 0 0 0 0 0 0 0 0 0 0 0 0 0 0 0 0 0 0 0
 0 0 0 0 0 0 0 0 1 1 1 2 2 2 1 1 0 0 0 0 0 0 0 0 0 0 0 0 0 0 0 0 0 0 0 0 0 0 0 0 0 0 0 0 0 0
 0 0 0 0 0 0 0 0 1 1 1 2 2 2 1 1 0 0 0 0 0 0 0 0 0 0 0 0 0 0 0 0 0 0 0 0 0 0 0 0 0 0 0 0 0 0
 0 0 0 1 1 0 1 1 0 0 1 1 1 1 0 0 0 0 0 0 0 0 0 0 0 0 0 0 0 0 0 0 0 0 0 0 0 0 0 0 0 0 0 0 0 0
 0 0 0 1 1 0 1 1 0 0 1 1 1 1 0 0 0 0 0 0 0 0 0 0 0 0 0 0 0 0 0 0 0 0 0 0 0 0 0 0 0 0 0 0 0 0
 0 0 0 1 1 1 2 2 2 2 2 2 2 2 0 0 0 0 0 0 0 0 0 0 0 0 1 0 0 0 0 0 0 0 0 0 0 0 0 0 0 0 0 0 0 0
 0 0 0 1 1 1 0 0 0 0 1 2 2 2 1 1 0 0 0 0 0 0 1 1 4 4 1 0 0 0 0 0 0 0 0 0 0 0 0 0 0 0 0 0 0 0
 0 0 0 1 1 1 0 0 0 0 1 2 2 2 1 1 0 0 0 0 0 0 1 1 4 4 1 0 0 0 0 0 0 0 0 0 0 0 0 0 0 0 0 0 0 0
 0 0 0 0 0 1 0 0 0 0 0 1 1 2 1 1 0 0 0 0 0 0 5 5 6 6 1 1 1 0 0 0 0 0 0 0 0 0 0 0 0 0 0 0 0 0
 0 0 0 0 0 1 0 0 0 0 0 0 0 0 0 0 2 2 0 0 0 1 6 6 6 6 1 2 2 1 0 0 0 0 0 0 0 0 0 0 0 0 0 0 0 0
 0 0 0 0 0 1 0 0 0 0 0 0 0 0 0 0 2 2 0 0 0 1 6 6 6 6 1 2 2 1 0 0 0 0 0 0 0 0 0 0 0 0 0 0 0 0
 0 0 0 0 0 0 1 1 1 1 0 0 0 0 0 0 1 1 1 1 1 5 5 5 4 4 2 1 1 1 0 0 0 0 0 0 0 0 0 0 0 0 0 0 0 0
 0 0 0 0 0 0 1 1 1 1 0 0 0 0 0 0 1 1 1 1 1 5 5 5 4 4 2 1 1 1 0 0 0 0 0 0 0 0 0 0 0 0 0 0 0 0
 0 0 0 0 0 0 0 0 1 1 1 0 0 0 1 1 1 1 3 2 2 4 5 5 3 3 1 1 1 0 0 0 0 0 0 0 0 0 0 0 0 0 0 0 0 0
 0 0 0 0 0 0 0 0 0 0 0 1 1 1 1 1 8 8 8 6 6 5 4 4 2 2 1 0 0 0 0 0 0 0 0 0 0 0 0 0 0 0 0 0 0 0
 0 0 0 0 0 0 0 0 0 0 0 1 1 1 1 1 8 8 8 6 6 5 4 4 2 2 1 0 0 0 0 0 0 0 0 0 0 0 0 0 0 0 0 0 0 0
 0 0 0 0 0 0 0 0 0 0 0 1 1 1 1 1 4 4 3 6 6 4 2 2 1 1 0 0 0 0 0 0 0 0 0 0 0 0 0 0 0 0 0 0 0 0
 0 0 0 0 0 0 0 0 0 0 0 1 1 1 3 3 3 3 2 2 2 1 1 1 0 0 0 0 0 0 0 0 0 0 0 0 0 0 0 0 0 0 1 0 0 0
 0 0 0 0 0 0 0 0 0 0 0 1 1 1 3 3 3 3 2 2 2 1 1 1 0 0 0 0 0 0 0 0 0 0 0 0 0 0 0 0 0 0 1 0 0 0
 0 0 0 0 0 0 0 0 0 0 0 0 0 1 1 1 3 3 2 1 1 0 0 0 0 0 0 0 0 0 0 0 0 0 0 0 0 0 0 0 1 1 2 1 1 0
 0 0 0 0 0 0 0 0 0 0 0 0 0 1 1 1 3 3 2 1 1 0 0 0 0 0 0 0 0 0 0 0 0 0 0 0 0 0 0 0 1 1 2 1 1 0
 0 0 0 0 0 0 0 0 0 0 0 0 0 1 1 1 1 1 0 0 0 0 0 0 0 0 0 0 0 0 0 0 0 0 0 0 0 0 0 0 1 1 0 0 0 0
 0 0 0 0 0 0 0 0 0 0 0 1 1 1 1 1 0 0 0 0 0 0 0 0 0 0 0 0 0 0 0 0 0 0 0 0 0 0 0 0 0 0 0 0 0 0
 0 0 0 0 0 0 0 0 0 0 0 1 1 1 1 1 0 0 0 0 0 0 0 0 0 0 0 0 0 0 0 0 0 0 0 0 0 0 0 0 0 0 0 0 0 0
 0 0 0 0 0 0 0 0 0 0 0 0 0 0 1 1 1 1 0 0 0 0 0 0 0 0 0 0 0 0 0 0 0 0 0 0 0 0 0 0 0 0 0 0 0 0
 0 0 0 0 0 0 0 0 0 0 0 0 0 0 0 0 1 1 1 0 0 0 0 0 0 0 0 0 0 0 0 0 0 0 0 0 0 0 0 0 0 0 0 0 0 0
 0 0 0 0 0 0 0 0 0 0 0 0 0 0 0 0 1 1 1 0 0 0 0 0 0 0 0 0 0 0 0 0 0 0 0 0 0 0 0 0 0 0 0 0 0 0
 0 0 0 0 0 0 0 0 0 0 0 0 0 0 0 0 1 1 1 1 1 1 0 0 0 0 0 0 0 0 0 0 0 0 0 0 0 0 0 0 0 0 0 0 0 0
 0 0 0 0 0 0 0 0 0 0 0 0 0 0 0 0 1 1 1 1 1 1 0 0 0 0 0 0 0 0 0 0 0 0 0 0 0 0 0 0 0 0 0 0 0 0
 0 0 0 0 0 0 0 0 0 0 0 0 0 0 1 1 3 3 2 1 1 1 0 0 0 0 1 0 0 0 0 0 0 0 0 0 0 0 0 0 0 0 0 0 0 0
 0 0 0 0 0 0 0 0 0 0 0 0 0 2 2 2 2 2 3 3 3 1 1 1 1 1 1 1 1 0 0 0 0 0 0 0 0 0 0 0 0 0 0 0 0 0
 0 0 0 0 0 0 0 0 0 0 0 0 0 2 2 2 2 2 3 3 3 1 1 1 1 1 1 1 1 0 0 0 0 0 0 0 0 0 0 0 0 0 0 0 0 0
 0 0 0 0 0 0 0 0 0 0 0 0 0 2 2 2 3 3 6 4 4 3 2 2 3 3 2 2 2 2 5 5 1 1 1 0 0 0 0 0 0 0 0 0 0 0
 0 0 0 0 0 0 0 0 0 0 0 1 1 3 3 3 5 5 6 5 5 6 11 11 5 5 6 5 5 3 6 6 4 4 1 0 0 0 0 0 0 0 0 0 0 0
 0 0 0 0 0 0 0 0 0 0 0 1 1 3 3 3 5 5 6 5 5 6 11 11 5 5 6 5 5 3 6 6 4 4 1 0 0 0 0 0 0 0 0 0 0 0
 0 0 0 0 0 0 0 0 0 0 1 6 6 5 5 5 9 9 9 15 15 16 18 18 13 13 20 15 15 9 10 10 4 4 1 0 0 0 0 0 0 0 0 0 0 0
 0 0 0 0 0 0 0 0 0 0 1 6 6 5 5 5 9 9 9 15 15 16 18 18 13 13 20 15 15 9 10 10 4 4 1 0 0 0 0 0 0 0 0 0 0 0
 0 0 0 0 0 0 0 0 1 1 1 8 8 9 15 15 17 17 17 25 25 19 25 25 14 14 16 24 24 15 14 14 3 3 1 0 0 1 1 1 0 0 0 0 0 0
 0 0 0 0 0 0 1 1 1 1 4 9 9 9 12 12 14 14 14 29 29 30 20 20 27 27 23 28 28 22 19 19 13 13 4 2 2 3 1 1 1 1 0 0 0 0
 0 0 0 0 0 0 1 1 1 1 4 9 9 9 12 12 14 14 14 29 29 30 20 20 27 27 23 28 28 22 19 19 13 13 4 2 2 3 1 1 1 1 0 0 0 0
 1 1 0 0 0 1 1 1 2 2 12 8 8 10 14 14 15 15 18 68 68 38 19 19 27 27 26 20 20 20 11 11 11 11 9 3 3 1 0 0 0 0 0 0 0 0
 1 1 1 1 1 1 2 2 2 2 10 8 8 11 10 10 12 12 13 18 18 21 11 11 15 15 17 15 15 13 11 11 10 10 10 3 3 0 0 0 0 0 0 0 0 0
 1 1 1 1 1 1 2 2 2 2 10 8 8 11 10 10 12 12 13 18 18 21 11 11 15 15 17 15 15 13 11 11 10 10 10 3 3 0 0 0 0 0 0 0 0 0
 3 3 3 1 1 2 2 2 3 3 8 5 5 7 7 7 8 8 10 10 10 8 7 7 10 10 18 21 21 16 7 7 5 5 2 0 0 0 0 0 0 0 0 0 0 0
 3 3 3 1 1 2 2 2 3 3 8 5 5 7 7 7 8 8 10 10 10 8 7 7 10 10 18 21 21 16 7 7 5 5 2 0 0 0 0 0 0 0 0 0 0 0
 19 19 14 7 7 3 3 3 4 4 7 6 6 8 7 7 5 5 6 6 6 7 5 5 10 10 13 17 17 14 11 11 5 5 2 0 0 0 0 0 0 0 0 0 0 0
 41 41 28 18 18 4 5 5 8 8 7 6 6 7 5 5 4 4 5 6 6 4 6 6 14 14 14 18 18 13 12 12 11 11 3 1 1 0 0 0 0 0 0 0 0 0
 41 41 28 18 18 4 5 5 8 8 7 6 6 7 5 5 4 4 5 6 6 4 6 6 14 14 14 18 18 13 12 12 11 11 3 1 1 0 0 0 0 0 0 0 0 0
 28 28 25 18 18 10 9 9 11 11 9 7 7 7 7 7 6 6 4 5 5 4 9 9 8 8 13 17 17 176 14 14 9 9 3 1 1 0 0 0 0 0 0 0 0 0
 31 31 20 22 22 11 11 11 13 13 10 9 9 9 9 9 6 6 6 5 5 9 9 9 11 11 22 29 29 22 19 19 11 11 5 1 1 0 0 0 0 0 0 0 0 0
 31 31 20 22 22 11 11 11 13 13 10 9 9 9 9 9 6 6 6 5 5 9 9 9 11 11 22 29 29 22 19 19 11 11 5 1 1 0 0 0 0 0 0 0 0 0
 11 11 12 20 20 19 19 19 15 15 12 15 15 14 10 10 8 8 8 8 8 9 11 11 13 13 23 13 13 15 10 10 6 6 7 1 1 0 0 0 1 1 1 0 0 0
 11 11 12 20 20 19 19 19 15 15 12 15 15 14 10 10 8 8 8 8 8 9 11 11 13 13 23 13 13 15 10 10 6 6 7 1 1 0 0 0 1 1 1 0 0 0
 20 20 20 58 58 58 31 31 25 25 17 17 17 16 11 11 10 10 9 9 9 18 6 6 13 13 11 16 16 14 10 10 6 6 5 1 1 0 0 0 3 3 1 1 1 0
 104 104 19 60 60 61 35 35 27 27 28 21 21 20 12 12 12 12 10 9 9 7 7 7 9 9 17 13 13 11 10 10 8 8 7 2 2 1 1 1 4 4 6 4 4 3
 104 104 19 60 60 61 35 35 27 27 28 21 21 20 12 12 12 12 10 9 9 7 7 7 9 9 17 13 13 11 10 10 8 8 7 2 2 1 1 1 4 4 6 4 4 3
 112 112 115 81 81 85 132 132 170 170 103 27 27 22 17 17 16 16 13 10 10 10 9 9 9 9 15 11 11 11 11 11 11 11 11 3 3 2 4 4 7 7 6 4 4 5
 116 116 136 141 141 155 152 152 179 179 110 98 98 95 22 22 24 24 20 13 13 12 9 9 14 14 14 12 12 18 18 18 17 17 24 7 7 20 10 10 6 6 6 6 6 5
 116 116 136 141 141 155 152 152 179 179 110 98 98 95 22 22 24 24 20 13 13 12 9 9 14 14 14 12 12 18 18 18 17 17 24 7 7 20 10 10 6 6 6 6 6 5
 122 122 142 150 150 148 152 152 191 191 122 107 107 97 32 32 23 23 35 27 27 25 22 22 15 15 14 15 15 24 26 26 20 20 23 16 16 17 21 21 8 8 8 6 6 5
 122 122 142 150 150 148 152 152 191 191 122 107 107 97 32 32 23 23 35 27 27 25 22 22 15 15 14 15 15 24 26 26 20 20 23 16 16 17 21 21 8 8 8 6 6 5
 96 96 133 148 148 113 164 164 147 147 150 115 115 103 30 30 30 30 42 34 34 30 176 176 179 179 174 13 13 25 20 20 30 30 29 17 17 15 14 14 8 8 7 1 1 1
 81 81 132 141 141 116 136 136 151 151 151 133 133 110 41 41 34 34 37 38 38 183 180 180 184 184 182 183 183 39 49 49 30 30 33 23 23 18 18 18 13 13 5 3 3 1
 81 81 132 141 141 116 136 136 151 151 151 133 133 110 41 41 34 34 37 38 38 183 180 180 184 184 182 183 183 39 49 49 30 30 33 23 23 18 18 18 13 13 5 3 3 1
 130 130 132 136 136 164 177 177 138 138 135 185 185 125 40 40 33 33 39 29 29 175 172 172 291 291 321 301 301 34 41 41 28 28 32 34 34 26 25 25 15 15 9 3 3 2
 81 81 77 108 108 109 105 105 107 107 137 314 314 208 82 82 78 78 48 44 44 45 186 186 302 302 313 302 302 35 36 36 30 30 31 36 36 168 142 142 26 26 17 7 7 2
 81 81 77 108 108 109 105 105 107 107 137 314 314 208 82 82 78 78 48 44 44 45 186 186 302 302 313 302 302 35 36 36 30 30 31 36 36 168 142 142 26 26 17 7 7 2
 25 25 104 132 132 111 122 122 73 73 66 286 286 207 202 202 49 49 37 53 53 54 288 288 287 287 302 286 286 26 26 26 36 36 38 44 44 29 30 30 31 31 17 9 9 3
 25 25 104 132 132 111 122 122 73 73 66 286 286 207 202 202 49 49 37 53 53 54 288 288 287 287 302 286 286 26 26 26 36 36 38 44 44 29 30 30 31 31 17 9 9 3
 22 22 27 38 38 47 52 52 63 63 57 50 50 47 45 45 52 52 52 157 157 174 307 307 300 300 206 174 174 133 24 24 26 26 35 34 34 40 33 33 29 29 16 6 6 3
 17 17 21 31 31 43 48 48 49 49 49 49 49 51 50 50 53 53 63 87 87 76 209 209 231 231 118 87 87 80 24 24 19 19 20 21 21 35 39 39 30 30 14 5 5 3
 17 17 21 31 31 43 48 48 49 49 49 49 49 51 50 50 53 53 63 87 87 76 209 209 231 231 118 87 87 80 24 24 19 19 20 21 21 35 39 39 30 30 14 5 5 3
 12 12 25 27 27 38 40 40 39 39 48 51 51 53 55 55 58 58 64 101 101 90 220 220 245 245 249 89 89 84 16 16 24 24 25 20 20 17 34 34 31 31 18 6 6 6
 11 11 17 19 19 25 30 30 39 39 40 49 49 52 59 59 57 57 50 79 79 113 104 104 231 231 232 51 51 44 16 16 194 194 23 8 8 7 9 9 8 8 10 3 3 3
