assets/RAT_results/precipitation/2020-09-25_IMERG.asc
ncols        46
nrows        77
xllcorner    74.800261325624
yllcorner    8.058333333333
cellsize     0.062500000000
NODATA_value -9999
 3 3 1 1 1 0 0 0 0 0 0 0 0 0 0 0 0 0 0 0 0 0 0 0 1 1 1 1 1 1 1 1 1 1 1 2 2 2 5 5 7 7 15 10 10 9
 2 2 1 1 1 0 0 0 0 0 0 0 0 0 0 0 0 0 0 1 1 0 0 0 1 1 1 1 1 1 1 1 1 1 1 2 2 1 3 3 4 4 10 8 8 7
 2 2 1 1 1 0 0 0 0 0 0 0 0 0 0 0 0 0 0 1 1 0 0 0 1 1 1 1 1 1 1 1 1 1 1 2 2 1 3 3 4 4 10 8 8 7
 2 2 3 1 1 0 0 0 0 0 0 0 0 0 0 0 0 0 0 0 0 0 0 0 0 0 0 1 1 1 1 1 1 1 1 1 1 1 2 2 2 2 5 3 3 2
 3 3 4 3 3 1 1 1 0 0 0 0 0 0 0 0 0 0 0 0 0 0 0 0 1 1 0 1 1 1 1 1 1 1 1 1 1 1 2 2 3 3 4 2 2 1
 3 3 4 3 3 1 1 1 0 0 0 0 0 0 0 0 0 0 0 0 0 0 0 0 1 1 0 1 1 1 1 1 1 1 1 1 1 1 2 2 3 3 4 2 2 1
 6 6 3 3 3 1 1 1 1 1 0 0 0 0 0 0 1 1 0 0 0 0 0 0 1 1 1 1 1 2 1 1 1 1 1 2 2 1 2 2 2 2 2 1 1 1
 6 6 3 3 3 1 1 1 1 1 0 0 0 0 0 0 1 1 0 0 0 0 0 0 1 1 1 1 1 2 1 1 1 1 1 2 2 1 2 2 2 2 2 1 1 1
 4 4 4 6 6 5 3 3 2 2 1 1 1 0 2 2 1 1 1 0 0 1 1 1 1 1 1 1 1 1 1 1 1 1 1 2 2 1 1 1 1 1 2 1 1 2
 1 1 6 10 10 5 3 3 3 3 2 1 1 2 4 4 3 3 1 1 1 1 1 1 1 1 1 1 1 1 1 1 1 1 1 2 2 2 2 2 1 1 1 1 1 2
 1 1 6 10 10 5 3 3 3 3 2 1 1 2 4 4 3 3 1 1 1 1 1 1 1 1 1 1 1 1 1 1 1 1 1 2 2 2 2 2 1 1 1 1 1 2
 0 0 5 6 6 4 3 3 3 3 1 1 1 4 6 6 4 4 1 0 0 1 1 1 1 1 2 2 2 2 2 2 3 3 2 2 2 3 3 3 7 7 5 5 5 5
 0 0 1 4 4 3 3 3 3 3 2 1 1 2 2 2 1 1 1 1 1 1 2 2 2 2 3 3 3 3 4 4 5 5 5 9 9 11 7 7 9 9 8 14 14 18
 0 0 1 4 4 3 3 3 3 3 2 1 1 2 2 2 1 1 1 1 1 1 2 2 2 2 3 3 3 3 4 4 5 5 5 9 9 11 7 7 9 9 8 14 14 18
 0 0 0 2 2 3 3 3 2 2 2 1 1 1 1 1 1 1 1 1 1 1 2 2 4 4 3 5 5 3 4 4 7 7 11 9 9 13 12 12 10 10 14 21 21 19
 0 0 0 2 2 3 3 3 2 2 2 1 1 1 1 1 1 1 1 1 1 1 2 2 4 4 3 5 5 3 4 4 7 7 11 9 9 13 12 12 10 10 14 21 21 19
 0 0 0 2 2 3 2 2 2 2 3 2 2 2 2 2 2 2 2 2 2 2 3 3 5 5 5 4 4 5 5 5 6 6 14 14 14 18 24 24 26 26 16 18 18 16
 0 0 0 0 0 2 1 1 2 2 4 3 3 3 2 2 3 3 2 3 3 3 3 3 5 5 5 4 4 4 4 4 8 8 12 7 7 15 20 20 15 15 31 27 27 30
 0 0 0 0 0 2 1 1 2 2 4 3 3 3 2 2 3 3 2 3 3 3 3 3 5 5 5 4 4 4 4 4 8 8 12 7 7 15 20 20 15 15 31 27 27 30
 1 1 1 1 1 1 2 2 4 4 5 5 5 6 4 4 3 3 3 4 4 4 4 4 5 5 5 4 4 4 5 5 5 5 6 7 7 10 12 12 17 17 16 26 26 31
 0 0 0 0 0 1 1 1 1 1 5 9 9 7 4 4 3 3 3 4 4 5 7 7 5 5 7 6 6 7 5 5 5 5 5 7 7 10 16 16 12 12 14 14 14 15
 0 0 0 0 0 1 1 1 1 1 5 9 9 7 4 4 3 3 3 4 4 5 7 7 5 5 7 6 6 7 5 5 5 5 5 7 7 10 16 16 12 12 14 14 14 15
 0 0 0 0 0 0 1 1 0 0 7 7 7 6 7 7 5 5 4 4 4 5 7 7 10 10 9 10 10 8 8 8 8 8 7 7 7 7 12 12 13 13 14 15 15 12
 0 0 0 0 0 0 1 1 0 0 7 7 7 6 7 7 5 5 4 4 4 5 7 7 10 10 9 10 10 8 8 8 8 8 7 7 7 7 12 12 13 13 14 15 15 12
 0 0 0 0 0 0 0 0 0 0 0 6 6 7 7 7 5 5 3 3 3 5 6 6 7 7 13 12 12 12 12 12 7 7 5 6 6 8 8 8 8 8 8 8 8 10
 0 0 0 0 0 0 0 0 0 0 0 6 6 13 11 11 6 6 2 2 2 3 5 5 5 5 9 12 12 13 12 12 5 5 5 5 5 6 5 5 6 6 5 6 6 7
 0 0 0 0 0 0 0 0 0 0 0 6 6 13 11 11 6 6 2 2 2 3 5 5 5 5 9 12 12 13 12 12 5 5 5 5 5 6 5 5 6 6 5 6 6 7
 0 0 0 0 0 0 0 0 0 0 0 2 2 14 9 9 6 6 7 4 4 4 4 4 4 4 6 6 6 6 5 5 4 4 4 4 4 4 4 4 4 4 5 5 5 5
 0 0 0 0 0 0 0 0 0 0 1 1 1 3 15 15 8 8 8 6 6 6 5 5 6 6 7 5 5 6 5 5 4 4 4 3 3 4 3 3 3 3 3 5 5 5
 0 0 0 0 0 0 0 0 0 0 1 1 1 3 15 15 8 8 8 6 6 6 5 5 6 6 7 5 5 6 5 5 4 4 4 3 3 4 3 3 3 3 3 5 5 5
 0 0 0 0 0 0 0 0 0 0 1 3 3 1 6 6 9 9 8 6 6 4 7 7 8 8 12 16 16 6 4 4 2 2 2 2 2 2 3 3 3 3 4 5 5 5
 0 0 0 0 0 0 0 0 0 0 1 3 3 1 6 6 9 9 8 6 6 4 7 7 8 8 12 16 16 6 4 4 2 2 2 2 2 2 3 3 3 3 4 5 5 5
 1 1 1 1 1 0 1 1 1 1 1 1 1 1 5 5 7 7 7 5 5 3 6 6 8 8 8 3 3 2 2 2 3 3 3 3 3 3 5 5 5 5 4 4 4 6
 2 2 2 2 2 2 2 2 2 2 1 1 1 2 4 4 3 3 7 7 7 8 4 4 4 4 4 3 3 3 3 3 2 2 3 3 3 4 5 5 4 4 4 5 5 4
 2 2 2 2 2 2 2 2 2 2 1 1 1 2 4 4 3 3 7 7 7 8 4 4 4 4 4 3 3 3 3 3 2 2 3 3 3 4 5 5 4 4 4 5 5 4
 2 2 2 1 1 1 1 1 1 1 2 1 1 1 2 2 4 4 12 14 14 12 7 7 6 6 8 5 5 5 5 5 6 6 6 5 5 5 5 5 8 8 6 5 5 4
 2 2 1 1 1 1 1 1 1 1 2 1 1 1 1 1 3 3 4 7 7 8 8 8 12 12 10 7 7 7 9 9 12 12 13 12 12 11 11 11 11 11 8 6 6 7
 2 2 1 1 1 1 1 1 1 1 2 1 1 1 1 1 3 3 4 7 7 8 8 8 12 12 10 7 7 7 9 9 12 12 13 12 12 11 11 11 11 11 8 6 6 7
 1 1 1 0 0 0 0 0 0 0 1 0 0 1 1 1 2 2 3 6 6 12 11 11 10 10 11 11 11 11 14 14 15 15 18 16 16 18 16 16 8 8 10 7 7 8
 1 1 1 0 0 0 0 0 0 0 1 0 0 1 1 1 2 2 3 6 6 12 11 11 10 10 11 11 11 11 14 14 15 15 18 16 16 18 16 16 8 8 10 7 7 8
 1 1 0 0 0 0 0 0 1 1 1 1 1 1 1 1 2 2 3 17 17 15 10 10 11 11 12 12 12 15 23 23 28 28 32 26 26 19 12 12 15 15 23 21 21 13
 1 1 0 0 0 0 0 0 1 1 1 1 1 1 1 1 1 1 3 18 18 16 17 17 16 16 15 14 14 25 27 27 25 25 29 29 29 24 21 21 17 17 21 20 20 19
 1 1 0 0 0 0 0 0 1 1 1 1 1 1 1 1 1 1 3 18 18 16 17 17 16 16 15 14 14 25 27 27 25 25 29 29 29 24 21 21 17 17 21 20 20 19
 1 1 1 1 1 1 1 1 1 1 1 1 1 1 1 1 1 1 17 40 40 27 16 16 12 12 12 19 19 17 22 22 21 21 24 26 26 26 23 23 20 20 24 23 23 19
 1 1 1 1 1 1 1 1 1 1 1 1 1 1 2 2 2 2 18 24 24 31 27 27 19 19 18 18 18 20 22 22 19 19 18 18 18 20 22 22 26 26 22 26 26 23
 1 1 1 1 1 1 1 1 1 1 1 1 1 1 2 2 2 2 18 24 24 31 27 27 19 19 18 18 18 20 22 22 19 19 18 18 18 20 22 22 26 26 22 26 26 23
 1 1 1 1 1 1 1 1 1 1 1 1 1 2 3 3 4 4 8 26 26 25 29 29 31 31 22 20 20 19 17 17 15 15 19 19 19 17 17 17 18 18 21 26 26 25
 1 1 1 1 1 1 1 1 1 1 1 1 1 2 3 3 4 4 8 26 26 25 29 29 31 31 22 20 20 19 17 17 15 15 19 19 19 17 17 17 18 18 21 26 26 25
 1 1 1 1 1 1 1 1 1 1 1 2 2 2 2 2 4 4 7 15 15 23 29 29 39 39 35 26 26 23 25 25 20 20 18 19 19 21 19 19 16 16 22 27 27 24
 1 1 1 1 1 1 1 1 1 1 1 1 1 2 3 3 5 5 6 13 13 29 27 27 38 38 41 30 30 27 26 26 19 19 20 18 18 21 17 17 21 21 22 26 26 19
 1 1 1 1 1 1 1 1 1 1 1 1 1 2 3 3 5 5 6 13 13 29 27 27 38 38 41 30 30 27 26 26 19 19 20 18 18 21 17 17 21 21 22 26 26 19
 0 0 0 0 0 0 0 0 1 1 1 2 2 2 3 3 5 5 6 7 7 15 24 24 39 39 34 27 27 24 25 25 19 19 19 18 18 20 19 19 20 20 24 24 24 22
 0 0 0 0 0 0 0 0 0 0 0 0 0 1 4 4 4 4 5 6 6 13 20 20 28 28 20 20 20 24 24 24 20 20 15 19 19 19 19 19 22 22 24 24 24 19
 0 0 0 0 0 0 0 0 0 0 0 0 0 1 4 4 4 4 5 6 6 13 20 20 28 28 20 20 20 24 24 24 20 20 15 19 19 19 19 19 22 22 24 24 24 19
 0 0 0 0 0 0 0 0 0 0 0 0 0 1 2 2 2 2 5 5 5 6 20 20 24 24 20 21 21 20 24 24 22 22 26 26 26 18 19 19 21 21 22 22 22 11
 0 0 0 0 0 0 0 0 0 0 0 0 0 1 2 2 2 2 5 5 5 6 20 20 24 24 20 21 21 20 24 24 22 22 26 26 26 18 19 19 21 21 22 22 22 11
 0 0 0 0 0 0 0 0 0 0 0 0 0 1 2 2 2 2 5 1 1 2 21 21 22 22 18 17 17 18 17 17 18 18 24 24 24 18 19 19 21 21 18 19 19 8
 0 0 0 0 0 0 0 0 0 0 0 0 0 0 1 1 1 1 1 1 1 3 4 4 11 11 15 13 13 14 14 14 15 15 21 19 19 19 17 17 20 20 16 12 12 6
 0 0 0 0 0 0 0 0 0 0 0 0 0 0 1 1 1 1 1 1 1 3 4 4 11 11 15 13 13 14 14 14 15 15 21 19 19 19 17 17 20 20 16 12 12 6
 0 0 0 0 0 0 0 0 0 0 0 0 0 0 0 0 1 1 2 2 2 2 3 3 11 11 14 12 12 11 13 13 11 11 12 11 11 12 11 11 15 15 15 10 10 5
 0 0 0 0 0 0 0 0 0 0 0 0 0 0 0 0 0 0 1 3 3 3 3 3 6 6 7 13 13 15 16 16 10 10 10 8 8 8 8 8 7 7 6 4 4 4
 0 0 0 0 0 0 0 0 0 0 0 0 0 0 0 0 0 0 1 3 3 3 3 3 6 6 7 13 13 15 16 16 10 10 10 8 8 8 8 8 7 7 6 4 4 4
 0 0 0 0 0 0 0 0 1 1 0 1 1 1 1 1 1 1 1 2 2 2 2 2 5 5 9 11 11 11 10 10 12 12 13 12 12 11 9 9 3 3 2 1 1 2
 0 0 0 0 0 0 0 0 1 1 0 1 1 1 1 1 1 1 1 2 2 2 2 2 5 5 9 11 11 11 10 10 12 12 13 12 12 11 9 9 3 3 2 1 1 2
 0 0 0 0 0 1 0 0 1 1 1 1 1 1 1 1 2 2 3 3 3 2 2 2 4 4 9 9 9 11 8 8 13 13 9 11 11 9 6 6 4 4 1 1 1 1
 0 0 0 0 0 1 2 2 2 2 2 2 2 2 1 1 3 3 7 7 7 3 1 1 1 1 2 7 7 12 9 9 8 8 3 2 2 3 4 4 2 2 1 1 1 1
 0 0 0 0 0 1 2 2 2 2 2 2 2 2 1 1 3 3 7 7 7 3 1 1 1 1 2 7 7 12 9 9 8 8 3 2 2 3 4 4 2 2 1 1 1 1
 0 0 0 1 1 1 1 1 2 2 3 2 2 2 2 2 3 3 5 6 6 2 1 1 1 1 1 4 4 6 7 7 11 11 6 5 5 5 3 3 3 3 1 1 1 1
 1 1 1 3 3 1 2 2 2 2 3 2 2 2 2 2 5 5 2 2 2 1 1 1 1 1 1 2 2 7 6 6 12 12 7 5 5 4 5 5 3 3 3 1 1 1
 1 1 1 3 3 1 2 2 2 2 3 2 2 2 2 2 5 5 2 2 2 1 1 1 1 1 1 2 2 7 6 6 12 12 7 5 5 4 5 5 3 3 3 1 1 1
 1 1 1 3 3 3 12 12 2 2 19 3 3 2 4 4 4 4 3 3 3 2 2 2 1 1 1 1 1 3 6 6 12 12 10 8 8 4 4 4 2 2 2 1 1 0
 1 1 1 3 3 3 12 12 2 2 19 3 3 2 4 4 4 4 3 3 3 2 2 2 1 1 1 1 1 3 6 6 12 12 10 8 8 4 4 4 2 2 2 1 1 0
 7 7 7 11 11 11 18 18 20 20 20 2 2 1 3 3 3 3 2 2 2 2 2 2 2 2 1 1 1 1 2 2 3 3 11 7 7 6 3 3 1 1 1 0 0 0
 7 7 14 11 11 18 18 18 20 20 20 3 3 1 2 2 3 3 2 2 2 1 1 1 1 1 1 1 1 0 0 0 3 3 4 6 6 6 4 4 2 2 2 1 1 1
 7 7 14 11 11 18 18 18 20 20 20 3 3 1 2 2 3 3 2 2 2 1 1 1 1 1 1 1 1 0 0 0 3 3 4 6 6 6 4 4 2 2 2 1 1 1
 9 9 17 18 18 18 17 17 4 4 22 4 4 2 3 3 2 2 2 2 2 2 1 1 1 1 1 1 1 1 1 1 2 2 3 3 3 2 5 5 6 6 4 3 3 4
 7 7 12 13 13 14 25 25 16 16 14 10 10 7 7 7 4 4 4 3 3 2 1 1 1 1 1 1 1 1 1 1 1 1 1 3 3 4 4 4 4 4 7 6 6 5
