assets/RAT_results/precipitation/2020-09-11_IMERG.asc
ncols        46
nrows        77
xllcorner    74.800261325624
yllcorner    8.058333333333
cellsize     0.062500000000
NODATA_value -9999
 60 60 54 58 58 44 30 30 16 16 14 9 9 7 7 7 7 7 8 6 6 4 2 2 2 2 2 2 2 1 1 1 1 1 1 2 2 2 1 1 1 1 1 4 4 5
 57 57 60 58 58 47 31 31 29 29 16 9 9 7 7 7 7 7 7 5 5 3 1 1 1 1 1 2 2 1 2 2 1 1 1 2 2 2 2 2 2 2 3 5 5 5
 57 57 60 58 58 47 31 31 29 29 16 9 9 7 7 7 7 7 7 5 5 3 1 1 1 1 1 2 2 1 2 2 1 1 1 2 2 2 2 2 2 2 3 5 5 5
 53 53 55 43 43 32 34 34 35 35 23 20 20 9 9 9 11 11 9 5 5 3 2 2 2 2 2 2 2 2 1 1 1 1 1 3 3 3 3 3 3 3 6 6 6 4
 44 44 51 40 40 42 43 43 50 50 50 41 41 16 11 11 9 9 6 3 3 2 3 3 4 4 3 11 11 8 9 9 1 1 2 2 2 2 3 3 9 9 10 11 11 8
 44 44 51 40 40 42 43 43 50 50 50 41 41 16 11 11 9 9 6 3 3 2 3 3 4 4 3 11 11 8 9 9 1 1 2 2 2 2 3 3 9 9 10 11 11 8
 42 42 41 42 42 46 56 56 60 60 61 51 51 45 17 17 13 13 6 5 5 4 3 3 5 5 5 14 14 13 7 7 3 3 2 4 4 4 5 5 13 13 10 7 7 5
 42 42 41 42 42 46 56 56 60 60 61 51 51 45 17 17 13 13 6 5 5 4 3 3 5 5 5 14 14 13 7 7 3 3 2 4 4 4 5 5 13 13 10 7 7 5
 34 34 41 50 50 56 63 63 54 54 60 41 41 52 24 24 17 17 13 7 7 6 3 3 6 6 7 11 11 14 9 9 6 6 6 7 7 5 6 6 11 11 8 7 7 5
 34 34 48 59 59 58 56 56 48 48 50 46 46 30 22 22 16 16 11 8 8 7 3 3 4 4 4 6 6 8 13 13 11 11 13 10 10 6 7 7 6 6 6 5 5 4
 34 34 48 59 59 58 56 56 48 48 50 46 46 30 22 22 16 16 11 8 8 7 3 3 4 4 4 6 6 8 13 13 11 11 13 10 10 6 7 7 6 6 6 5 5 4
 34 34 48 51 51 48 53 53 46 46 37 33 33 26 21 21 21 21 15 14 14 6 3 3 3 3 5 7 7 13 12 12 13 13 14 9 9 6 6 6 7 7 5 4 4 4
 35 35 33 35 35 37 48 48 35 35 31 24 24 24 24 24 24 24 16 14 14 5 4 4 3 3 5 5 5 10 9 9 9 9 6 6 6 7 9 9 8 8 3 4 4 3
 35 35 33 35 35 37 48 48 35 35 31 24 24 24 24 24 24 24 16 14 14 5 4 4 3 3 5 5 5 10 9 9 9 9 6 6 6 7 9 9 8 8 3 4 4 3
 27 27 22 31 31 36 41 41 39 39 47 32 32 24 23 23 24 24 15 13 13 10 6 6 4 4 6 5 5 9 6 6 7 7 6 6 6 8 8 8 6 6 4 3 3 3
 27 27 22 31 31 36 41 41 39 39 47 32 32 24 23 23 24 24 15 13 13 10 6 6 4 4 6 5 5 9 6 6 7 7 6 6 6 8 8 8 6 6 4 3 3 3
 28 28 23 17 17 31 39 39 47 47 69 36 36 30 29 29 29 29 26 22 22 10 6 6 5 5 4 3 3 4 4 4 6 6 3 3 3 6 7 7 5 5 4 2 2 1
 32 32 31 35 35 44 42 42 40 40 38 36 36 36 39 39 40 40 31 28 28 17 9 9 6 6 5 3 3 5 6 6 4 4 3 3 3 5 6 6 3 3 2 2 2 1
 32 32 31 35 35 44 42 42 40 40 38 36 36 36 39 39 40 40 31 28 28 17 9 9 6 6 5 3 3 5 6 6 4 4 3 3 3 5 6 6 3 3 2 2 2 1
 40 40 35 43 43 45 33 33 41 41 47 50 50 51 55 55 43 43 45 30 30 19 9 9 5 5 5 5 5 12 13 13 6 6 3 3 3 3 3 3 2 2 2 1 1 1
 37 37 44 50 50 56 52 52 38 38 59 62 62 55 61 61 41 41 39 24 24 20 15 15 6 6 6 9 9 15 12 12 5 5 3 3 3 3 1 1 1 1 2 2 2 1
 37 37 44 50 50 56 52 52 38 38 59 62 62 55 61 61 41 41 39 24 24 20 15 15 6 6 6 9 9 15 12 12 5 5 3 3 3 3 1 1 1 1 2 2 2 1
 27 27 32 36 36 38 57 57 46 46 66 67 67 63 47 47 36 36 35 25 25 16 11 11 6 6 7 8 8 12 7 7 4 4 4 3 3 1 2 2 1 1 3 1 1 1
 27 27 32 36 36 38 57 57 46 46 66 67 67 63 47 47 36 36 35 25 25 16 11 11 6 6 7 8 8 12 7 7 4 4 4 3 3 1 2 2 1 1 3 1 1 1
 27 27 30 37 37 48 46 46 47 47 53 56 56 47 46 46 35 35 35 19 19 17 12 12 6 6 8 9 9 8 7 7 4 4 4 2 2 2 2 2 1 1 1 1 1 0
 39 39 37 40 40 36 42 42 45 45 45 34 34 37 37 37 36 36 26 20 20 14 14 14 9 9 9 9 9 7 6 6 4 4 3 2 2 2 2 2 1 1 1 1 1 0
 39 39 37 40 40 36 42 42 45 45 45 34 34 37 37 37 36 36 26 20 20 14 14 14 9 9 9 9 9 7 6 6 4 4 3 2 2 2 2 2 1 1 1 1 1 0
 32 32 35 45 45 31 37 37 45 45 41 29 29 36 38 38 36 36 27 23 23 16 13 13 9 9 8 8 8 6 5 5 3 3 2 2 2 2 1 1 0 0 0 0 0 0
 23 23 35 39 39 37 41 41 44 44 30 27 27 32 33 33 34 34 25 22 22 23 19 19 11 11 10 10 10 6 5 5 3 3 1 3 3 1 0 0 0 0 0 0 0 0
 23 23 35 39 39 37 41 41 44 44 30 27 27 32 33 33 34 34 25 22 22 23 19 19 11 11 10 10 10 6 5 5 3 3 1 3 3 1 0 0 0 0 0 0 0 0
 17 17 23 28 28 36 41 41 45 45 32 37 37 32 39 39 39 39 25 20 20 20 19 19 15 15 13 8 8 8 4 4 2 2 2 1 1 1 1 1 0 0 0 1 1 0
 17 17 23 28 28 36 41 41 45 45 32 37 37 32 39 39 39 39 25 20 20 20 19 19 15 15 13 8 8 8 4 4 2 2 2 1 1 1 1 1 0 0 0 1 1 0
 15 15 20 27 27 31 34 34 30 30 26 39 39 33 35 35 36 36 29 22 22 21 16 16 17 17 14 8 8 8 2 2 3 3 2 1 1 1 1 1 0 0 0 0 0 0
 19 19 19 20 20 24 25 25 28 28 31 29 29 36 29 29 37 37 36 27 27 20 15 15 13 13 11 5 5 3 2 2 2 2 1 1 1 1 1 1 0 0 0 0 0 0
 19 19 19 20 20 24 25 25 28 28 31 29 29 36 29 29 37 37 36 27 27 20 15 15 13 13 11 5 5 3 2 2 2 2 1 1 1 1 1 1 0 0 0 0 0 0
 14 14 21 20 20 23 25 25 30 30 33 31 31 31 24 24 35 35 39 28 28 22 14 14 12 12 9 8 8 4 2 2 1 1 2 1 1 1 0 0 0 0 0 0 0 0
 16 16 19 21 21 26 27 27 34 34 37 33 33 39 29 29 42 42 41 29 29 23 17 17 12 12 13 13 13 6 3 3 2 2 2 1 1 0 0 0 0 0 0 0 0 0
 16 16 19 21 21 26 27 27 34 34 37 33 33 39 29 29 42 42 41 29 29 23 17 17 12 12 13 13 13 6 3 3 2 2 2 1 1 0 0 0 0 0 0 0 0 0
 13 13 17 25 25 28 28 28 31 31 39 34 34 40 41 41 44 44 41 29 29 25 21 21 20 20 17 15 15 13 5 5 5 5 4 3 3 1 1 1 0 0 0 0 0 0
 13 13 17 25 25 28 28 28 31 31 39 34 34 40 41 41 44 44 41 29 29 25 21 21 20 20 17 15 15 13 5 5 5 5 4 3 3 1 1 1 0 0 0 0 0 0
 16 16 25 28 28 26 31 31 33 33 37 40 40 44 56 56 64 64 55 34 34 29 24 24 22 22 18 16 16 7 7 7 6 6 6 10 10 3 2 2 1 1 0 0 0 0
 17 17 27 27 27 25 30 30 34 34 36 35 35 44 53 53 66 66 42 42 42 35 30 30 22 22 16 19 19 16 16 16 16 16 14 11 11 3 2 2 1 1 0 0 0 0
 17 17 27 27 27 25 30 30 34 34 36 35 35 44 53 53 66 66 42 42 42 35 30 30 22 22 16 19 19 16 16 16 16 16 14 11 11 3 2 2 1 1 0 0 0 0
 18 18 22 24 24 24 24 24 26 26 29 34 34 37 53 53 52 52 32 36 36 30 31 31 20 20 20 18 18 18 17 17 18 18 8 7 7 2 1 1 1 1 1 0 0 0
 13 13 16 19 19 19 19 19 21 21 24 32 32 36 40 40 38 38 36 25 25 25 25 25 18 18 19 17 17 15 18 18 18 18 9 7 7 4 1 1 0 0 0 0 0 0
 13 13 16 19 19 19 19 19 21 21 24 32 32 36 40 40 38 38 36 25 25 25 25 25 18 18 19 17 17 15 18 18 18 18 9 7 7 4 1 1 0 0 0 0 0 0
 12 12 16 13 13 13 14 14 15 15 19 28 28 33 35 35 35 35 26 23 23 22 23 23 15 15 16 12 12 10 13 13 13 13 6 5 5 3 1 1 0 0 0 0 0 0
 12 12 16 13 13 13 14 14 15 15 19 28 28 33 35 35 35 35 26 23 23 22 23 23 15 15 16 12 12 10 13 13 13 13 6 5 5 3 1 1 0 0 0 0 0 0
 11 11 11 11 11 12 12 12 11 11 13 15 15 17 19 19 17 17 19 17 17 17 21 21 17 17 14 8 8 10 13 13 10 10 6 4 4 3 0 0 0 0 0 0 0 0
 9 9 7 5 5 6 8 8 7 7 8 11 11 14 12 12 10 10 8 14 14 13 14 14 15 15 8 6 6 8 9 9 7 7 5 3 3 2 0 0 0 0 0 0 0 0
 9 9 7 5 5 6 8 8 7 7 8 11 11 14 12 12 10 10 8 14 14 13 14 14 15 15 8 6 6 8 9 9 7 7 5 3 3 2 0 0 0 0 0 0 0 0
 8 8 6 4 4 6 7 7 5 5 6 5 5 7 7 7 6 6 6 10 10 10 7 7 12 12 10 7 7 8 8 8 4 4 3 2 2 1 0 0 0 0 0 0 0 0
 6 6 9 3 3 3 5 5 3 3 4 5 5 6 6 6 4 4 5 6 6 8 6 6 10 10 9 5 5 4 5 5 4 4 3 2 2 0 1 1 0 0 0 0 0 0
 6 6 9 3 3 3 5 5 3 3 4 5 5 6 6 6 4 4 5 6 6 8 6 6 10 10 9 5 5 4 5 5 4 4 3 2 2 0 1 1 0 0 0 0 0 0
 7 7 8 3 3 3 3 3 4 4 5 5 5 9 7 7 8 8 10 8 8 12 11 11 9 9 7 4 4 3 2 2 2 2 1 1 1 1 1 1 0 0 0 0 0 0
 7 7 8 3 3 3 3 3 4 4 5 5 5 9 7 7 8 8 10 8 8 12 11 11 9 9 7 4 4 3 2 2 2 2 1 1 1 1 1 1 0 0 0 0 0 0
 7 7 7 3 3 3 4 4 5 5 6 8 8 9 6 6 9 9 8 10 10 14 12 12 5 5 9 5 5 2 1 1 1 1 1 2 2 1 1 1 0 0 0 0 0 0
 8 8 7 4 4 4 4 4 6 6 8 9 9 11 7 7 8 8 7 16 16 17 6 6 4 4 4 3 3 2 1 1 1 1 0 1 1 1 1 1 0 0 0 0 0 0
 8 8 7 4 4 4 4 4 6 6 8 9 9 11 7 7 8 8 7 16 16 17 6 6 4 4 4 3 3 2 1 1 1 1 0 1 1 1 1 1 0 0 0 0 0 0
 7 7 5 2 2 1 3 3 4 4 8 10 10 9 6 6 7 7 5 9 9 11 4 4 3 3 3 5 5 3 5 5 3 3 1 1 1 0 0 0 0 0 0 0 0 0
 5 5 3 2 2 2 5 5 5 5 6 10 10 8 4 4 4 4 3 3 3 2 0 0 1 1 3 6 6 7 6 6 4 4 1 1 1 1 0 0 0 0 0 0 0 0
 5 5 3 2 2 2 5 5 5 5 6 10 10 8 4 4 4 4 3 3 3 2 0 0 1 1 3 6 6 7 6 6 4 4 1 1 1 1 0 0 0 0 0 0 0 0
 2 2 1 2 2 2 3 3 4 4 5 4 4 6 3 3 3 3 3 0 0 0 1 1 1 1 2 3 3 3 6 6 3 3 1 1 1 1 0 0 0 0 0 0 0 0
 2 2 1 2 2 2 3 3 4 4 5 4 4 6 3 3 3 3 3 0 0 0 1 1 1 1 2 3 3 3 6 6 3 3 1 1 1 1 0 0 0 0 0 0 0 0
 1 1 1 2 2 2 2 2 3 3 3 3 3 3 3 3 3 3 3 2 2 0 0 0 2 2 3 2 2 4 7 7 0 0 0 1 1 2 1 1 0 0 0 0 0 0
 0 0 0 1 1 2 1 1 2 2 3 3 3 3 2 2 2 2 2 2 2 0 1 1 1 1 1 0 0 2 1 1 1 1 0 1 1 1 1 1 0 0 0 0 0 0
 0 0 0 1 1 2 1 1 2 2 3 3 3 3 2 2 2 2 2 2 2 0 1 1 1 1 1 0 0 2 1 1 1 1 0 1 1 1 1 1 0 0 0 0 0 0
 0 0 0 1 1 1 1 1 1 1 1 1 1 2 1 1 1 1 1 1 1 1 1 1 3 3 2 0 0 0 4 4 1 1 0 0 0 0 1 1 0 0 0 0 0 0
 0 0 0 0 0 1 1 1 1 1 0 0 0 1 0 0 0 0 0 1 1 1 1 1 2 2 1 1 1 1 0 0 1 1 0 0 0 2 0 0 0 0 1 0 0 0
 0 0 0 0 0 1 1 1 1 1 0 0 0 1 0 0 0 0 0 1 1 1 1 1 2 2 1 1 1 1 0 0 1 1 0 0 0 2 0 0 0 0 1 0 0 0
 0 0 0 0 0 0 0 0 0 0 0 0 0 0 0 0 0 0 0 1 1 1 0 0 0 0 0 1 1 1 1 1 0 0 0 0 0 0 0 0 0 0 0 0 0 0
 0 0 0 0 0 0 0 0 0 0 0 0 0 0 0 0 0 0 0 1 1 1 0 0 0 0 0 1 1 1 1 1 0 0 0 0 0 0 0 0 0 0 0 0 0 0
 0 0 0 0 0 0 0 0 0 0 0 0 0 0 0 0 0 0 0 0 0 0 0 0 0 0 1 0 0 0 2 2 1 1 1 1 1 0 0 0 0 0 0 0 0 0
 0 0 0 0 0 0 0 0 0 0 0 0 0 0 0 0 0 0 0 0 0 0 0 0 0 0 1 1 1 1 3 3 4 4 7 4 4 1 0 0 0 0 0 0 0 0
 0 0 0 0 0 0 0 0 0 0 0 0 0 0 0 0 0 0 0 0 0 0 0 0 0 0 1 1 1 1 3 3 4 4 7 4 4 1 0 0 0 0 0 0 0 0
 0 0 0 1 1 2 0 0 0 0 0 0 0 0 0 0 0 0 0 0 0 1 0 0 0 0 1 9 9 3 1 1 4 4 2 0 0 0 0 0 1 1 0 1 1 0
 0 0 0 0 0 0 0 0 0 0 0 0 0 0 0 0 0 0 0 0 0 0 0 0 0 0 1 11 11 6 0 0 1 1 1 1 1 1 0 0 0 0 1 0 0 0
