assets/RAT_results/precipitation/2020-05-27_IMERG.asc
ncols        46
nrows        77
xllcorner    74.800261325624
yllcorner    8.058333333333
cellsize     0.062500000000
NODATA_value -9999
 1 1 1 1 1 1 1 1 1 1 1 2 2 2 2 2 2 2 2 3 3 3 4 4 8 8 4 25 25 21 20 20 61 61 17 26 26 22 16 16 11 11 11 16 16 13
 1 1 1 1 1 1 1 1 2 2 2 3 3 3 3 3 4 4 3 3 3 2 3 3 4 4 5 24 24 8 24 24 9 9 7 12 12 10 10 10 7 7 7 14 14 9
 1 1 1 1 1 1 1 1 2 2 2 3 3 3 3 3 4 4 3 3 3 2 3 3 4 4 5 24 24 8 24 24 9 9 7 12 12 10 10 10 7 7 7 14 14 9
 1 1 1 1 1 1 2 2 2 2 9 10 10 5 4 4 4 4 3 3 3 2 3 3 2 2 2 4 4 5 5 5 8 8 7 5 5 8 6 6 6 6 9 12 12 10
 1 1 1 1 1 2 3 3 5 5 9 10 10 6 4 4 4 4 5 4 4 4 2 2 1 1 1 2 2 2 3 3 2 2 2 2 2 4 3 3 11 11 3 10 10 8
 1 1 1 1 1 2 3 3 5 5 9 10 10 6 4 4 4 4 5 4 4 4 2 2 1 1 1 2 2 2 3 3 2 2 2 2 2 4 3 3 11 11 3 10 10 8
 1 1 1 2 2 2 3 3 12 12 12 28 28 23 5 5 5 5 4 3 3 3 1 1 1 1 1 1 1 2 2 2 1 1 1 2 2 3 3 3 9 9 5 10 10 26
 1 1 1 2 2 2 3 3 12 12 12 28 28 23 5 5 5 5 4 3 3 3 1 1 1 1 1 1 1 2 2 2 1 1 1 2 2 3 3 3 9 9 5 10 10 26
 1 1 1 2 2 2 3 3 12 12 12 17 17 13 13 13 6 6 2 2 2 2 2 2 1 1 1 1 1 1 1 1 1 1 1 2 2 2 2 2 5 5 5 11 11 27
 0 0 0 1 1 1 5 5 4 4 26 16 16 12 12 12 13 13 13 2 2 2 7 7 5 5 1 1 1 1 1 1 1 1 1 2 2 2 2 2 2 2 2 44 44 73
 0 0 0 1 1 1 5 5 4 4 26 16 16 12 12 12 13 13 13 2 2 2 7 7 5 5 1 1 1 1 1 1 1 1 1 2 2 2 2 2 2 2 2 44 44 73
 0 0 0 0 0 1 4 4 4 4 69 23 23 23 18 18 13 13 13 2 2 1 3 3 3 3 2 3 3 3 2 2 2 2 2 2 2 1 3 3 2 2 2 13 13 13
 0 0 0 0 0 3 3 3 13 13 67 23 23 23 20 20 21 21 16 2 2 1 1 1 2 2 2 2 2 2 2 2 2 2 2 2 2 2 2 2 2 2 2 13 13 14
 0 0 0 0 0 3 3 3 13 13 67 23 23 23 20 20 21 21 16 2 2 1 1 1 2 2 2 2 2 2 2 2 2 2 2 2 2 2 2 2 2 2 2 13 13 14
 0 0 0 1 1 3 1 1 6 6 17 16 16 17 21 21 22 22 10 2 2 2 2 2 2 2 2 2 2 2 3 3 2 2 3 3 3 3 2 2 2 2 2 3 3 6
 0 0 0 1 1 3 1 1 6 6 17 16 16 17 21 21 22 22 10 2 2 2 2 2 2 2 2 2 2 2 3 3 2 2 3 3 3 3 2 2 2 2 2 3 3 6
 1 1 1 1 1 1 1 1 7 7 18 17 17 13 13 13 11 11 10 3 3 3 3 3 4 4 4 3 3 3 3 3 2 2 2 3 3 3 2 2 2 2 2 3 3 6
 1 1 1 1 1 2 1 1 4 4 6 17 17 12 12 12 4 4 2 3 3 3 5 5 7 7 6 6 6 4 4 4 4 4 3 3 3 3 2 2 2 2 2 3 3 4
 1 1 1 1 1 2 1 1 4 4 6 17 17 12 12 12 4 4 2 3 3 3 5 5 7 7 6 6 6 4 4 4 4 4 3 3 3 3 2 2 2 2 2 3 3 4
 3 3 1 1 1 1 1 1 1 1 2 5 5 4 3 3 4 4 2 2 2 2 3 3 6 6 9 5 5 5 6 6 6 6 3 3 3 3 2 2 2 2 1 2 2 2
 3 3 2 1 1 1 1 1 1 1 1 4 4 3 2 2 1 1 1 2 2 2 2 2 3 3 5 7 7 25 7 7 7 7 6 5 5 4 3 3 6 6 1 1 1 1
 3 3 2 1 1 1 1 1 1 1 1 4 4 3 2 2 1 1 1 2 2 2 2 2 3 3 5 7 7 25 7 7 7 7 6 5 5 4 3 3 6 6 1 1 1 1
 2 2 2 2 2 1 1 1 1 1 1 1 1 2 3 3 2 2 2 2 2 2 3 3 3 3 4 11 11 16 12 12 12 12 11 10 10 7 32 32 6 6 6 1 1 1
 2 2 2 2 2 1 1 1 1 1 1 1 1 2 3 3 2 2 2 2 2 2 3 3 3 3 4 11 11 16 12 12 12 12 11 10 10 7 32 32 6 6 6 1 1 1
 1 1 2 2 2 2 1 1 2 2 1 2 2 2 2 2 2 2 3 2 2 2 3 3 2 2 2 4 4 5 10 10 22 22 15 13 13 13 13 13 7 7 11 3 3 2
 1 1 2 2 2 3 5 5 2 2 2 2 2 2 2 2 2 2 1 1 1 1 1 1 1 1 2 1 1 2 8 8 8 8 13 11 11 14 5 5 2 2 7 15 15 87
 1 1 2 2 2 3 5 5 2 2 2 2 2 2 2 2 2 2 1 1 1 1 1 1 1 1 2 1 1 2 8 8 8 8 13 11 11 14 5 5 2 2 7 15 15 87
 2 2 3 3 3 3 5 5 6 6 2 2 2 2 2 2 2 2 2 3 3 2 1 1 4 4 1 1 1 1 1 1 2 2 3 3 3 3 2 2 2 2 2 26 26 28
 25 25 8 7 7 3 4 4 8 8 4 4 4 8 7 7 6 6 3 4 4 2 4 4 4 4 1 1 1 2 1 1 1 1 1 2 2 2 2 2 2 2 3 88 88 33
 25 25 8 7 7 3 4 4 8 8 4 4 4 8 7 7 6 6 3 4 4 2 4 4 4 4 1 1 1 2 1 1 1 1 1 2 2 2 2 2 2 2 3 88 88 33
 29 29 23 43 43 5 7 7 6 6 6 21 21 9 7 7 6 6 3 2 2 2 4 4 4 4 2 2 2 2 3 3 3 3 1 1 1 2 2 2 2 2 5 9 9 7
 29 29 23 43 43 5 7 7 6 6 6 21 21 9 7 7 6 6 3 2 2 2 4 4 4 4 2 2 2 2 3 3 3 3 1 1 1 2 2 2 2 2 5 9 9 7
 26 26 28 46 46 6 9 9 7 7 8 20 20 25 37 37 5 5 4 4 4 2 5 5 5 5 2 2 2 2 3 3 3 3 1 1 1 1 2 2 2 2 2 3 3 1
 51 51 51 46 46 52 11 11 9 9 7 13 13 16 25 25 26 26 5 4 4 2 2 2 2 2 2 2 2 2 2 2 2 2 1 1 1 1 1 1 1 1 1 1 1 1
 51 51 51 46 46 52 11 11 9 9 7 13 13 16 25 25 26 26 5 4 4 2 2 2 2 2 2 2 2 2 2 2 2 2 1 1 1 1 1 1 1 1 1 1 1 1
 46 46 46 47 47 52 13 13 7 7 9 8 8 14 20 20 22 22 8 9 9 2 2 2 2 2 2 2 2 2 2 2 2 2 2 2 2 2 2 2 2 2 2 2 2 2
 20 20 21 11 11 13 18 18 13 13 11 12 12 8 10 10 19 19 7 5 5 7 2 2 2 2 2 2 2 2 2 2 2 2 2 2 2 2 2 2 2 2 3 3 3 2
 20 20 21 11 11 13 18 18 13 13 11 12 12 8 10 10 19 19 7 5 5 7 2 2 2 2 2 2 2 2 2 2 2 2 2 2 2 2 2 2 2 2 3 3 3 2
 19 19 21 11 11 15 19 19 21 21 14 16 16 13 7 7 13 13 17 10 10 7 6 6 2 2 2 2 2 2 3 3 2 2 3 3 3 2 1 1 1 1 2 2 2 2
 19 19 21 11 11 15 19 19 21 21 14 16 16 13 7 7 13 13 17 10 10 7 6 6 2 2 2 2 2 2 3 3 2 2 3 3 3 2 1 1 1 1 2 2 2 2
 0 0 1 4 4 9 11 11 20 20 19 20 20 20 12 12 10 10 14 17 17 8 9 9 7 7 6 2 2 2 1 1 1 1 3 3 3 2 2 2 2 2 2 2 2 2
 0 0 0 1 1 5 10 10 13 13 16 18 18 17 11 11 7 7 10 10 10 8 10 10 11 11 15 10 10 4 2 2 1 1 2 2 2 2 2 2 3 3 4 2 2 2
 0 0 0 1 1 5 10 10 13 13 16 18 18 17 11 11 7 7 10 10 10 8 10 10 11 11 15 10 10 4 2 2 1 1 2 2 2 2 2 2 3 3 4 2 2 2
 0 0 0 1 1 2 6 6 10 10 13 13 13 9 8 8 19 19 18 13 13 7 8 8 8 8 13 14 14 6 5 5 3 3 1 2 2 3 3 3 3 3 4 5 5 2
 0 0 0 0 0 1 2 2 4 4 4 5 5 9 9 9 60 60 60 50 50 9 8 8 11 11 12 15 15 13 12 12 5 5 1 2 2 1 2 2 2 2 4 5 5 1
 0 0 0 0 0 1 2 2 4 4 4 5 5 9 9 9 60 60 60 50 50 9 8 8 11 11 12 15 15 13 12 12 5 5 1 2 2 1 2 2 2 2 4 5 5 1
 1 1 1 1 1 1 1 1 1 1 2 1 1 1 2 2 48 48 48 43 43 8 13 13 8 8 12 12 12 9 11 11 4 4 1 1 1 1 1 1 2 2 4 5 5 7
 1 1 1 1 1 1 1 1 1 1 2 1 1 1 2 2 48 48 48 43 43 8 13 13 8 8 12 12 12 9 11 11 4 4 1 1 1 1 1 1 2 2 4 5 5 7
 0 0 1 1 1 1 1 1 1 1 2 2 2 2 2 2 3 3 3 10 10 13 15 15 12 12 8 10 10 9 7 7 1 1 1 1 1 1 1 1 1 1 4 10 10 9
 1 1 2 3 3 3 3 3 3 3 4 4 4 4 4 4 3 3 2 4 4 24 14 14 14 14 10 7 7 7 3 3 1 1 0 1 1 1 1 1 1 1 1 5 5 27
 1 1 2 3 3 3 3 3 3 3 4 4 4 4 4 4 3 3 2 4 4 24 14 14 14 14 10 7 7 7 3 3 1 1 0 1 1 1 1 1 1 1 1 5 5 27
 3 3 4 5 5 5 5 5 6 6 6 6 6 16 16 16 4 4 16 3 3 17 24 24 15 15 5 7 7 7 1 1 1 1 1 0 0 0 0 0 1 1 1 3 3 7
 4 4 5 6 6 6 6 6 6 6 5 5 5 16 24 24 31 31 30 9 9 24 17 17 27 27 23 24 24 8 8 8 3 3 5 4 4 0 1 1 1 1 2 2 2 3
 4 4 5 6 6 6 6 6 6 6 5 5 5 16 24 24 31 31 30 9 9 24 17 17 27 27 23 24 24 8 8 8 3 3 5 4 4 0 1 1 1 1 2 2 2 3
 4 4 6 6 6 6 6 6 6 6 10 10 10 20 29 29 23 23 43 43 43 27 19 19 30 30 28 29 29 19 19 19 2 2 1 1 1 1 1 1 2 2 2 3 3 3
 4 4 6 6 6 6 6 6 6 6 10 10 10 20 29 29 23 23 43 43 43 27 19 19 30 30 28 29 29 19 19 19 2 2 1 1 1 1 1 1 2 2 2 3 3 3
 4 4 5 4 4 5 6 6 10 10 12 12 12 21 33 33 26 26 45 47 47 30 23 23 77 77 84 129 129 23 18 18 1 1 1 1 1 1 1 1 2 2 2 3 3 3
 3 3 4 4 4 4 6 6 15 15 21 26 26 23 36 36 40 40 101 38 38 23 16 16 97 97 11 9 9 2 1 1 0 0 1 1 1 1 1 1 2 2 2 2 2 2
 3 3 4 4 4 4 6 6 15 15 21 26 26 23 36 36 40 40 101 38 38 23 16 16 97 97 11 9 9 2 1 1 0 0 1 1 1 1 1 1 2 2 2 2 2 2
 2 2 3 3 3 3 4 4 8 8 16 14 14 9 4 4 10 10 98 15 15 2 0 0 0 0 9 6 6 0 0 0 0 0 1 0 0 0 0 0 0 0 1 1 1 1
 1 1 2 2 2 3 3 3 4 4 6 9 9 9 4 4 3 3 3 3 3 2 0 0 0 0 0 1 1 0 0 0 0 0 0 0 0 0 0 0 0 0 0 0 0 0
 1 1 2 2 2 3 3 3 4 4 6 9 9 9 4 4 3 3 3 3 3 2 0 0 0 0 0 1 1 0 0 0 0 0 0 0 0 0 0 0 0 0 0 0 0 0
 1 1 1 2 2 2 3 3 3 3 3 3 3 4 3 3 3 3 2 6 6 6 2 2 1 1 0 1 1 0 0 0 0 0 0 0 0 0 0 0 0 0 0 0 0 0
 1 1 1 2 2 2 3 3 3 3 3 3 3 4 3 3 3 3 2 6 6 6 2 2 1 1 0 1 1 0 0 0 0 0 0 0 0 0 0 0 0 0 0 0 0 0
 0 0 1 2 2 2 2 2 2 2 3 3 3 3 3 3 2 2 2 4 4 16 11 11 2 2 0 0 0 1 0 0 0 0 0 0 0 0 0 0 0 0 0 0 0 0
 0 0 1 1 1 1 1 1 1 1 2 2 2 1 1 1 1 1 2 7 7 47 92 92 12 12 3 0 0 1 1 1 0 0 0 0 0 1 1 1 1 1 1 1 1 2
 0 0 1 1 1 1 1 1 1 1 2 2 2 1 1 1 1 1 2 7 7 47 92 92 12 12 3 0 0 1 1 1 0 0 0 0 0 1 1 1 1 1 1 1 1 2
 0 0 0 0 0 0 0 0 0 0 0 1 1 0 0 0 0 0 1 4 4 34 14 14 8 8 8 0 0 0 1 1 0 0 1 1 1 2 2 2 2 2 2 4 4 5
 1 1 1 0 0 0 0 0 0 0 0 0 0 0 0 0 0 0 0 3 3 22 0 0 1 1 0 0 0 0 0 0 1 1 0 1 1 2 2 2 3 3 3 4 4 5
 1 1 1 0 0 0 0 0 0 0 0 0 0 0 0 0 0 0 0 3 3 22 0 0 1 1 0 0 0 0 0 0 1 1 0 1 1 2 2 2 3 3 3 4 4 5
 1 1 1 0 0 1 1 1 0 0 0 0 0 0 0 0 0 0 0 0 0 18 0 0 7 7 8 12 12 0 0 0 0 0 1 1 1 1 1 1 2 2 2 2 2 4
 1 1 1 0 0 1 1 1 0 0 0 0 0 0 0 0 0 0 0 0 0 18 0 0 7 7 8 12 12 0 0 0 0 0 1 1 1 1 1 1 2 2 2 2 2 4
 0 0 0 1 1 3 3 3 1 1 0 0 0 0 0 0 0 0 0 0 0 2 0 0 0 0 7 12 12 0 0 0 0 0 2 0 0 1 1 1 0 0 1 0 0 1
 0 0 0 1 1 6 8 8 2 2 1 1 1 0 0 0 0 0 0 0 0 0 0 0 0 0 0 0 0 0 0 0 1 1 1 0 0 1 0 0 0 0 0 0 0 0
 0 0 0 1 1 6 8 8 2 2 1 1 1 0 0 0 0 0 0 0 0 0 0 0 0 0 0 0 0 0 0 0 1 1 1 0 0 1 0 0 0 0 0 0 0 0
 0 0 1 1 1 3 5 5 3 3 2 8 8 1 1 1 1 1 1 1 1 2 1 1 1 1 1 1 1 1 0 0 1 1 0 1 1 1 0 0 0 0 0 0 0 0
 0 0 1 1 1 2 4 4 11 11 11 8 8 2 2 2 1 1 1 2 2 2 5 5 3 3 2 8 8 6 5 5 0 0 0 1 1 1 0 0 1 1 0 0 0 0
