assets/RAT_results/precipitation/2020-08-06_IMERG.asc
ncols        46
nrows        77
xllcorner    74.800261325624
yllcorner    8.058333333333
cellsize     0.062500000000
NODATA_value -9999
 5 5 6 0 0 4 3 3 12 12 6 7 7 7 10 10 5 5 5 4 4 1 1 1 2 2 0 0 0 0 0 0 0 0 0 0 0 0 0 0 0 0 0 0 0 1
 9 9 9 3 3 3 5 5 13 13 16 11 11 13 9 9 4 4 3 3 3 3 2 2 2 2 0 0 0 1 0 0 0 0 1 0 0 2 0 0 0 0 0 0 0 0
 9 9 9 3 3 3 5 5 13 13 16 11 11 13 9 9 4 4 3 3 3 3 2 2 2 2 0 0 0 1 0 0 0 0 1 0 0 2 0 0 0 0 0 0 0 0
 9 9 9 4 4 4 4 4 12 12 15 20 20 14 13 13 8 8 5 4 4 2 1 1 3 3 1 0 0 1 1 1 1 1 0 0 0 2 0 0 0 0 0 0 0 0
 6 6 7 8 8 8 9 9 15 15 24 20 20 17 16 16 8 8 8 4 4 2 0 0 0 0 0 0 0 4 5 5 5 5 1 0 0 0 0 0 0 0 0 0 0 0
 6 6 7 8 8 8 9 9 15 15 24 20 20 17 16 16 8 8 8 4 4 2 0 0 0 0 0 0 0 4 5 5 5 5 1 0 0 0 0 0 0 0 0 0 0 0
 5 5 2 6 6 5 19 19 15 15 32 26 26 21 15 15 10 10 14 7 7 7 4 4 0 0 0 0 0 0 0 0 4 4 1 0 0 0 0 0 0 0 0 0 0 0
 5 5 2 6 6 5 19 19 15 15 32 26 26 21 15 15 10 10 14 7 7 7 4 4 0 0 0 0 0 0 0 0 4 4 1 0 0 0 0 0 0 0 0 0 0 0
 4 4 3 4 4 9 14 14 21 21 40 45 45 40 32 32 20 20 17 14 14 8 4 4 0 0 1 1 1 1 1 1 4 4 4 0 0 0 0 0 0 0 0 0 0 0
 4 4 4 7 7 16 15 15 18 18 41 42 42 43 31 31 27 27 19 20 20 13 11 11 2 2 5 2 2 1 4 4 3 3 4 6 6 1 0 0 3 3 0 0 0 0
 4 4 4 7 7 16 15 15 18 18 41 42 42 43 31 31 27 27 19 20 20 13 11 11 2 2 5 2 2 1 4 4 3 3 4 6 6 1 0 0 3 3 0 0 0 0
 2 2 5 10 10 14 22 22 26 26 31 53 53 24 22 22 25 25 21 18 18 14 13 13 14 14 10 3 3 3 2 2 1 1 3 4 4 3 2 2 1 1 0 0 0 0
 2 2 2 7 7 13 21 21 28 28 45 48 48 51 22 22 22 22 26 20 20 19 17 17 17 17 12 4 4 2 2 2 0 0 1 2 2 1 3 3 3 3 2 0 0 0
 2 2 2 7 7 13 21 21 28 28 45 48 48 51 22 22 22 22 26 20 20 19 17 17 17 17 12 4 4 2 2 2 0 0 1 2 2 1 3 3 3 3 2 0 0 0
 2 2 2 3 3 5 10 10 14 14 16 26 26 26 31 31 24 24 30 27 27 22 21 21 20 20 12 11 11 4 2 2 1 1 1 1 1 1 2 2 3 3 1 0 0 0
 2 2 2 3 3 5 10 10 14 14 16 26 26 26 31 31 24 24 30 27 27 22 21 21 20 20 12 11 11 4 2 2 1 1 1 1 1 1 2 2 3 3 1 0 0 0
 4 4 5 12 12 14 4 4 8 8 17 16 16 13 22 22 31 31 33 37 37 29 28 28 21 21 28 16 16 6 5 5 1 1 1 1 1 1 1 1 1 1 1 0 0 0
 5 5 10 28 28 3 3 3 7 7 14 9 9 13 20 20 21 21 32 56 56 62 50 50 31 31 29 15 15 8 6 6 4 4 2 1 1 1 2 2 2 2 1 0 0 0
 5 5 10 28 28 3 3 3 7 7 14 9 9 13 20 20 21 21 32 56 56 62 50 50 31 31 29 15 15 8 6 6 4 4 2 1 1 1 2 2 2 2 1 0 0 0
 6 6 14 20 20 11 5 5 3 3 1 6 6 13 17 17 13 13 27 51 51 54 50 50 33 33 32 18 18 14 11 11 6 6 2 1 1 1 1 1 1 1 1 0 0 0
 5 5 5 14 14 7 5 5 2 2 2 2 2 5 3 3 3 3 5 28 28 34 32 32 34 34 34 23 23 20 17 17 12 12 8 2 2 1 1 1 1 1 1 0 0 0
 5 5 5 14 14 7 5 5 2 2 2 2 2 5 3 3 3 3 5 28 28 34 32 32 34 34 34 23 23 20 17 17 12 12 8 2 2 1 1 1 1 1 1 0 0 0
 4 4 7 9 9 5 1 1 2 2 2 1 1 3 3 3 1 1 6 6 6 24 29 29 37 37 32 21 21 21 14 14 11 11 8 4 4 4 3 3 1 1 0 0 0 0
 4 4 7 9 9 5 1 1 2 2 2 1 1 3 3 3 1 1 6 6 6 24 29 29 37 37 32 21 21 21 14 14 11 11 8 4 4 4 3 3 1 1 0 0 0 0
 7 7 9 8 8 7 4 4 2 2 4 5 5 3 2 2 2 2 4 6 6 18 31 31 38 38 24 28 28 14 11 11 8 8 6 4 4 4 2 2 1 1 1 1 1 2
 6 6 9 10 10 7 10 10 6 6 14 18 18 7 7 7 5 5 5 6 6 20 21 21 37 37 25 25 25 12 7 7 2 2 2 1 1 1 1 1 1 1 1 3 3 3
 6 6 9 10 10 7 10 10 6 6 14 18 18 7 7 7 5 5 5 6 6 20 21 21 37 37 25 25 25 12 7 7 2 2 2 1 1 1 1 1 1 1 1 3 3 3
 9 9 10 12 12 17 16 16 18 18 23 17 17 19 8 8 8 8 5 8 8 9 30 30 36 36 36 26 26 11 9 9 4 4 3 2 2 2 1 1 2 2 3 4 4 3
 15 15 11 18 18 23 26 26 27 27 27 36 36 51 21 21 19 19 11 15 15 17 26 26 32 32 34 27 27 13 10 10 5 5 3 3 3 1 1 1 2 2 2 1 1 1
 15 15 11 18 18 23 26 26 27 27 27 36 36 51 21 21 19 19 11 15 15 17 26 26 32 32 34 27 27 13 10 10 5 5 3 3 3 1 1 1 2 2 2 1 1 1
 16 16 22 38 38 32 36 36 43 43 42 74 74 76 26 26 31 31 25 24 24 26 31 31 32 32 33 29 29 19 11 11 9 9 7 4 4 1 2 2 2 2 1 0 0 1
 16 16 22 38 38 32 36 36 43 43 42 74 74 76 26 26 31 31 25 24 24 26 31 31 32 32 33 29 29 19 11 11 9 9 7 4 4 1 2 2 2 2 1 0 0 1
 33 33 34 37 37 51 76 76 53 53 60 86 86 66 27 27 42 42 45 32 32 37 54 54 51 51 57 26 26 29 12 12 10 10 4 3 3 3 2 2 1 1 2 1 1 0
 27 27 28 44 44 71 73 73 95 95 100 87 87 43 22 22 35 35 44 39 39 34 52 52 56 56 57 52 52 54 35 35 28 28 19 6 6 3 1 1 2 2 3 4 4 3
 27 27 28 44 44 71 73 73 95 95 100 87 87 43 22 22 35 35 44 39 39 34 52 52 56 56 57 52 52 54 35 35 28 28 19 6 6 3 1 1 2 2 3 4 4 3
 13 13 28 47 47 97 118 118 102 102 46 52 52 10 9 9 60 60 33 36 36 33 38 38 38 38 39 39 39 27 31 31 26 26 14 10 10 6 7 7 7 7 6 4 4 4
 16 16 28 59 59 93 92 92 11 11 37 15 15 4 4 4 17 17 18 17 17 18 47 47 55 55 33 41 41 35 39 39 25 25 17 15 15 11 11 11 8 8 4 8 8 8
 16 16 28 59 59 93 92 92 11 11 37 15 15 4 4 4 17 17 18 17 17 18 47 47 55 55 33 41 41 35 39 39 25 25 17 15 15 11 11 11 8 8 4 8 8 8
 7 7 17 55 55 47 4 4 7 7 5 3 3 3 3 3 7 7 8 14 14 14 34 34 38 38 36 39 39 36 26 26 22 22 21 18 18 18 13 13 12 12 11 8 8 5
 7 7 17 55 55 47 4 4 7 7 5 3 3 3 3 3 7 7 8 14 14 14 34 34 38 38 36 39 39 36 26 26 22 22 21 18 18 18 13 13 12 12 11 8 8 5
 1 1 2 16 16 2 1 1 2 2 2 2 2 4 4 4 7 7 12 15 15 16 19 19 19 19 30 39 39 39 37 37 28 28 27 23 23 20 19 19 13 13 11 11 11 10
 0 0 1 0 0 2 2 2 2 2 2 2 2 3 4 4 5 5 13 19 19 24 24 24 23 23 17 38 38 37 39 39 34 34 45 43 43 29 23 23 15 15 12 12 12 10
 0 0 1 0 0 2 2 2 2 2 2 2 2 3 4 4 5 5 13 19 19 24 24 24 23 23 17 38 38 37 39 39 34 34 45 43 43 29 23 23 15 15 12 12 12 10
 0 0 0 0 0 2 2 2 1 1 2 1 1 2 1 1 2 2 5 7 7 24 26 26 16 16 29 38 38 36 35 35 32 32 48 49 49 37 34 34 27 27 19 12 12 10
 0 0 0 0 0 0 1 1 1 1 1 1 1 1 1 1 1 1 2 2 2 11 11 11 18 18 18 27 27 31 35 35 25 25 48 43 43 38 34 34 29 29 21 11 11 7
 0 0 0 0 0 0 1 1 1 1 1 1 1 1 1 1 1 1 2 2 2 11 11 11 18 18 18 27 27 31 35 35 25 25 48 43 43 38 34 34 29 29 21 11 11 7
 0 0 0 0 0 0 1 1 1 1 1 1 1 1 1 1 1 1 1 1 1 3 3 3 5 5 6 10 10 17 12 12 20 20 31 29 29 27 19 19 20 20 19 12 12 9
 0 0 0 0 0 0 1 1 1 1 1 1 1 1 1 1 1 1 1 1 1 3 3 3 5 5 6 10 10 17 12 12 20 20 31 29 29 27 19 19 20 20 19 12 12 9
 0 0 0 0 0 0 0 0 1 1 0 0 0 1 0 0 0 0 1 1 1 1 2 2 3 3 5 6 6 8 13 13 14 14 33 20 20 15 16 16 17 17 14 13 13 8
 1 1 1 1 1 0 1 1 1 1 2 1 1 1 1 1 0 0 1 1 1 1 2 2 4 4 3 4 4 9 15 15 17 17 18 22 22 15 14 14 10 10 14 13 13 5
 1 1 1 1 1 0 1 1 1 1 2 1 1 1 1 1 0 0 1 1 1 1 2 2 4 4 3 4 4 9 15 15 17 17 18 22 22 15 14 14 10 10 14 13 13 5
 2 2 2 2 2 3 1 1 2 2 1 1 1 2 0 0 0 0 0 1 1 1 1 1 5 5 4 4 4 7 10 10 16 16 29 71 71 44 30 30 14 14 12 9 9 7
 2 2 3 5 5 4 2 2 2 2 5 13 13 9 1 1 1 1 0 0 0 1 1 1 3 3 4 5 5 4 6 6 23 23 27 71 71 35 35 35 20 20 15 10 10 6
 2 2 3 5 5 4 2 2 2 2 5 13 13 9 1 1 1 1 0 0 0 1 1 1 3 3 4 5 5 4 6 6 23 23 27 71 71 35 35 35 20 20 15 10 10 6
 5 5 3 3 3 3 2 2 3 3 6 17 17 15 6 6 1 1 1 1 1 2 1 1 3 3 4 5 5 4 2 2 3 3 11 36 36 37 25 25 13 13 16 9 9 6
 5 5 3 3 3 3 2 2 3 3 6 17 17 15 6 6 1 1 1 1 1 2 1 1 3 3 4 5 5 4 2 2 3 3 11 36 36 37 25 25 13 13 16 9 9 6
 10 10 4 4 4 3 3 3 5 5 6 5 5 5 6 6 2 2 1 1 1 1 2 2 4 4 4 2 2 2 3 3 2 2 12 31 31 15 23 23 17 17 19 13 13 8
 13 13 8 5 5 5 6 6 7 7 11 8 8 6 16 16 9 9 1 1 1 1 2 2 2 2 5 8 8 8 4 4 1 1 3 13 13 16 24 24 5 5 4 7 7 3
 13 13 8 5 5 5 6 6 7 7 11 8 8 6 16 16 9 9 1 1 1 1 2 2 2 2 5 8 8 8 4 4 1 1 3 13 13 16 24 24 5 5 4 7 7 3
 7 7 6 6 6 6 6 6 7 7 8 9 9 16 23 23 18 18 2 1 1 1 6 6 1 1 6 14 14 9 8 8 5 5 7 6 6 6 3 3 2 2 2 3 3 3
 5 5 5 6 6 7 9 9 13 13 10 12 12 24 31 31 14 14 4 4 4 4 6 6 5 5 6 15 15 7 7 7 8 8 12 9 9 5 2 2 1 1 1 0 0 0
 5 5 5 6 6 7 9 9 13 13 10 12 12 24 31 31 14 14 4 4 4 4 6 6 5 5 6 15 15 7 7 7 8 8 12 9 9 5 2 2 1 1 1 0 0 0
 5 5 3 9 9 24 31 31 45 45 16 27 27 37 32 32 6 6 5 4 4 5 7 7 12 12 16 12 12 16 13 13 14 14 11 3 3 5 2 2 0 0 0 0 0 0
 5 5 3 9 9 24 31 31 45 45 16 27 27 37 32 32 6 6 5 4 4 5 7 7 12 12 16 12 12 16 13 13 14 14 11 3 3 5 2 2 0 0 0 0 0 0
 4 4 5 9 9 19 30 30 44 44 57 57 57 32 11 11 4 4 9 5 5 4 7 7 9 9 23 20 20 12 16 16 16 16 24 16 16 5 8 8 4 4 1 0 0 0
 3 3 3 2 2 3 28 28 40 40 37 19 19 6 3 3 5 5 9 9 9 4 5 5 6 6 6 18 18 14 18 18 22 22 17 31 31 15 9 9 4 4 1 0 0 0
 3 3 3 2 2 3 28 28 40 40 37 19 19 6 3 3 5 5 9 9 9 4 5 5 6 6 6 18 18 14 18 18 22 22 17 31 31 15 9 9 4 4 1 0 0 0
 2 2 2 2 2 4 3 3 2 2 2 2 2 6 3 3 7 7 7 9 9 7 9 9 4 4 7 8 8 16 16 16 20 20 20 19 19 14 14 14 4 4 2 1 1 0
 1 1 1 1 1 1 1 1 1 1 2 4 4 4 5 5 6 6 8 8 8 8 7 7 6 6 8 9 9 23 18 18 21 21 12 19 19 16 14 14 10 10 4 2 2 1
 1 1 1 1 1 1 1 1 1 1 2 4 4 4 5 5 6 6 8 8 8 8 7 7 6 6 8 9 9 23 18 18 21 21 12 19 19 16 14 14 10 10 4 2 2 1
 1 1 1 1 1 1 2 2 2 2 3 4 4 4 6 6 5 5 6 6 6 6 7 7 11 11 7 6 6 10 17 17 26 26 14 27 27 21 28 28 15 15 6 4 4 2
 1 1 1 1 1 1 2 2 2 2 3 4 4 4 6 6 5 5 6 6 6 6 7 7 11 11 7 6 6 10 17 17 26 26 14 27 27 21 28 28 15 15 6 4 4 2
 2 2 1 1 1 2 3 3 4 4 4 4 4 4 5 5 5 5 6 4 4 6 5 5 9 9 4 3 3 4 7 7 13 13 18 22 22 24 20 20 13 13 9 4 4 3
 1 1 1 1 1 1 2 2 2 2 3 3 3 3 5 5 4 4 6 2 2 3 4 4 2 2 5 2 2 2 5 5 10 10 8 13 13 21 23 23 22 22 19 13 13 8
 1 1 1 1 1 1 2 2 2 2 3 3 3 3 5 5 4 4 6 2 2 3 4 4 2 2 5 2 2 2 5 5 10 10 8 13 13 21 23 23 22 22 19 13 13 8
 1 1 1 1 1 1 1 1 1 1 2 2 2 2 4 4 2 2 4 2 2 2 2 2 3 3 3 4 4 2 2 2 7 7 7 4 4 8 14 14 24 24 18 18 18 10
 3 3 3 3 3 2 2 2 2 2 1 1 1 3 2 2 2 2 2 2 2 1 2 2 2 2 2 2 2 1 1 1 6 6 5 5 5 1 4 4 7 7 4 6 6 3
