assets/RAT_results/precipitation/2020-03-25_IMERG.asc
ncols        46
nrows        77
xllcorner    74.800261325624
yllcorner    8.058333333333
cellsize     0.062500000000
NODATA_value -9999
 1 1 0 0 0 0 0 0 0 0 0 0 0 0 0 0 0 0 0 1 1 0 0 0 0 0 0 0 0 0 0 0 0 0 0 0 0 0 0 0 0 0 0 0 0 0
 1 1 1 0 0 0 1 1 0 0 0 0 0 0 0 0 0 0 0 3 3 0 0 0 0 0 0 0 0 0 0 0 0 0 0 0 0 0 0 0 0 0 0 0 0 0
 1 1 1 0 0 0 1 1 0 0 0 0 0 0 0 0 0 0 0 3 3 0 0 0 0 0 0 0 0 0 0 0 0 0 0 0 0 0 0 0 0 0 0 0 0 0
 2 2 1 0 0 0 0 0 0 0 0 0 0 0 0 0 0 0 0 0 0 0 0 0 0 0 0 0 0 0 0 0 0 0 0 0 0 0 0 0 1 1 1 0 0 0
 0 0 1 1 1 0 0 0 0 0 0 0 0 0 0 0 0 0 0 0 0 0 0 0 0 0 0 0 0 0 0 0 0 0 0 0 0 0 0 0 1 1 1 0 0 0
 0 0 1 1 1 0 0 0 0 0 0 0 0 0 0 0 0 0 0 0 0 0 0 0 0 0 0 0 0 0 0 0 0 0 0 0 0 0 0 0 1 1 1 0 0 0
 0 0 0 0 0 0 0 0 0 0 0 0 0 0 0 0 6 6 0 0 0 1 0 0 0 0 0 0 0 0 0 0 0 0 0 0 0 0 1 1 1 1 1 0 0 0
 0 0 0 0 0 0 0 0 0 0 0 0 0 0 0 0 6 6 0 0 0 1 0 0 0 0 0 0 0 0 0 0 0 0 0 0 0 0 1 1 1 1 1 0 0 0
 0 0 0 0 0 0 0 0 0 0 0 1 1 0 12 12 4 4 3 1 1 1 0 0 0 0 0 0 0 0 0 0 0 0 0 0 0 0 1 1 0 0 1 0 0 0
 0 0 1 2 2 1 1 1 0 0 1 2 2 8 8 8 2 2 2 2 2 1 1 1 0 0 0 0 0 0 0 0 0 0 1 1 1 0 0 0 1 1 1 0 0 0
 0 0 1 2 2 1 1 1 0 0 1 2 2 8 8 8 2 2 2 2 2 1 1 1 0 0 0 0 0 0 0 0 0 0 1 1 1 0 0 0 1 1 1 0 0 0
 0 0 1 1 1 0 2 2 0 0 1 2 2 3 2 2 2 2 1 1 1 1 1 1 0 0 0 0 0 0 0 0 0 0 0 0 0 0 1 1 1 1 0 0 0 0
 1 1 1 1 1 0 1 1 1 1 2 3 3 3 2 2 2 2 1 7 7 0 0 0 0 0 3 0 0 0 0 0 0 0 0 0 0 0 1 1 1 1 0 0 0 1
 1 1 1 1 1 0 1 1 1 1 2 3 3 3 2 2 2 2 1 7 7 0 0 0 0 0 3 0 0 0 0 0 0 0 0 0 0 0 1 1 1 1 0 0 0 1
 1 1 1 0 0 1 1 1 2 2 3 3 3 3 10 10 9 9 2 1 1 1 0 0 0 0 0 0 0 0 0 0 0 0 0 0 0 0 1 1 1 1 1 1 1 1
 1 1 1 0 0 1 1 1 2 2 3 3 3 3 10 10 9 9 2 1 1 1 0 0 0 0 0 0 0 0 0 0 0 0 0 0 0 0 1 1 1 1 1 1 1 1
 2 2 1 1 1 0 0 0 2 2 2 2 2 3 3 3 17 17 2 7 7 0 0 0 0 0 0 0 0 0 0 0 1 1 1 1 1 0 1 1 1 1 1 1 1 1
 4 4 2 1 1 0 0 0 2 2 2 3 3 3 3 3 5 5 4 16 16 0 1 1 1 1 1 0 0 0 1 1 1 1 1 1 1 1 1 1 1 1 1 1 1 1
 4 4 2 1 1 0 0 0 2 2 2 3 3 3 3 3 5 5 4 16 16 0 1 1 1 1 1 0 0 0 1 1 1 1 1 1 1 1 1 1 1 1 1 1 1 1
 5 5 4 1 1 1 1 1 2 2 5 3 3 2 3 3 1 1 0 7 7 4 3 3 3 3 3 1 1 2 1 1 1 1 1 2 2 2 1 1 1 1 1 0 0 0
 8 8 6 3 3 3 3 3 5 5 7 4 4 2 1 1 1 1 1 2 2 2 4 4 4 4 6 3 3 2 1 1 1 1 2 2 2 3 3 3 1 1 1 1 1 1
 8 8 6 3 3 3 3 3 5 5 7 4 4 2 1 1 1 1 1 2 2 2 4 4 4 4 6 3 3 2 1 1 1 1 2 2 2 3 3 3 1 1 1 1 1 1
 9 9 7 6 6 6 6 6 7 7 9 8 8 4 3 3 2 2 14 3 3 3 2 2 3 3 3 2 2 3 1 1 1 1 2 2 2 2 3 3 1 1 2 3 3 2
 9 9 7 6 6 6 6 6 7 7 9 8 8 4 3 3 2 2 14 3 3 3 2 2 3 3 3 2 2 3 1 1 1 1 2 2 2 2 3 3 1 1 2 3 3 2
 11 11 11 10 10 10 11 11 12 12 10 7 7 4 3 3 2 2 4 5 5 5 3 3 3 3 2 2 2 9 3 3 2 2 2 3 3 3 1 1 1 1 1 1 1 1
 14 14 15 14 14 14 14 14 14 14 11 6 6 4 3 3 4 4 5 6 6 6 4 4 5 5 4 3 3 4 2 2 1 1 1 2 2 1 1 1 0 0 0 0 0 0
 14 14 15 14 14 14 14 14 14 14 11 6 6 4 3 3 4 4 5 6 6 6 4 4 5 5 4 3 3 4 2 2 1 1 1 2 2 1 1 1 0 0 0 0 0 0
 18 18 18 16 16 16 16 16 14 14 11 6 6 3 2 2 4 4 6 6 6 5 5 5 6 6 6 4 4 2 2 2 2 2 1 0 0 0 0 0 0 0 0 0 0 0
 18 18 18 16 16 16 14 14 12 12 8 4 4 3 4 4 5 5 5 4 4 5 5 5 6 6 6 4 4 3 2 2 1 1 1 0 0 0 0 0 0 0 0 0 0 0
 18 18 18 16 16 16 14 14 12 12 8 4 4 3 4 4 5 5 5 4 4 5 5 5 6 6 6 4 4 3 2 2 1 1 1 0 0 0 0 0 0 0 0 0 0 0
 18 18 17 20 20 14 11 11 12 12 9 7 7 6 5 5 4 4 4 4 4 5 7 7 7 7 5 3 3 2 1 1 1 1 1 0 0 0 0 0 0 0 0 0 0 0
 18 18 17 20 20 14 11 11 12 12 9 7 7 6 5 5 4 4 4 4 4 5 7 7 7 7 5 3 3 2 1 1 1 1 1 0 0 0 0 0 0 0 0 0 0 0
 19 19 15 17 17 13 11 11 7 7 6 4 4 7 6 6 5 5 5 4 4 6 8 8 7 7 5 3 3 1 1 1 0 0 0 0 0 0 0 0 0 0 0 0 0 0
 41 41 40 36 36 32 10 10 8 8 7 5 5 5 6 6 6 6 5 7 7 8 9 9 8 8 5 3 3 1 0 0 0 0 0 0 0 0 0 0 0 0 0 0 0 0
 41 41 40 36 36 32 10 10 8 8 7 5 5 5 6 6 6 6 5 7 7 8 9 9 8 8 5 3 3 1 0 0 0 0 0 0 0 0 0 0 0 0 0 0 0 0
 45 45 38 33 33 31 34 34 10 10 10 6 6 6 6 6 7 7 6 8 8 10 10 10 8 8 5 3 3 0 0 0 0 0 0 0 0 0 0 0 0 0 0 0 0 0
 43 43 17 13 13 8 35 35 11 11 10 8 8 8 8 8 28 28 23 24 24 11 9 9 6 6 4 2 2 0 0 0 1 1 0 1 1 1 0 0 0 0 0 0 0 0
 43 43 17 13 13 8 35 35 11 11 10 8 8 8 8 8 28 28 23 24 24 11 9 9 6 6 4 2 2 0 0 0 1 1 0 1 1 1 0 0 0 0 0 0 0 0
 46 46 16 14 14 8 10 10 11 11 13 11 11 5 8 8 16 16 24 24 24 17 7 7 5 5 3 2 2 1 0 0 0 0 1 2 2 2 0 0 0 0 0 0 0 0
 46 46 16 14 14 8 10 10 11 11 13 11 11 5 8 8 16 16 24 24 24 17 7 7 5 5 3 2 2 1 0 0 0 0 1 2 2 2 0 0 0 0 0 0 0 0
 45 45 15 8 8 6 6 6 8 8 11 9 9 5 23 23 24 24 41 40 40 35 21 21 4 4 3 2 2 2 1 1 2 2 2 2 2 4 0 0 0 0 0 0 0 0
 7 7 5 6 6 5 4 4 6 6 7 17 17 18 24 24 32 32 25 43 43 33 22 22 10 10 2 3 3 2 1 1 4 4 2 2 2 3 1 1 0 0 3 1 1 0
 7 7 5 6 6 5 4 4 6 6 7 17 17 18 24 24 32 32 25 43 43 33 22 22 10 10 2 3 3 2 1 1 4 4 2 2 2 3 1 1 0 0 3 1 1 0
 5 5 3 4 4 4 3 3 6 6 8 18 18 19 25 25 33 33 34 50 50 38 36 36 17 17 2 1 1 1 1 1 13 13 16 3 3 4 7 7 2 2 1 0 0 0
 11 11 32 32 32 10 3 3 6 6 8 10 10 11 8 8 23 23 41 51 51 28 36 36 17 17 2 1 1 2 2 2 2 2 3 1 1 4 2 2 1 1 0 0 0 0
 11 11 32 32 32 10 3 3 6 6 8 10 10 11 8 8 23 23 41 51 51 28 36 36 17 17 2 1 1 2 2 2 2 2 3 1 1 4 2 2 1 1 0 0 0 0
 13 13 36 35 35 10 9 9 4 4 7 5 5 16 13 13 14 14 39 50 50 29 29 29 6 6 4 4 4 2 18 18 5 5 3 3 3 3 1 1 0 0 0 0 0 0
 13 13 36 35 35 10 9 9 4 4 7 5 5 16 13 13 14 14 39 50 50 29 29 29 6 6 4 4 4 2 18 18 5 5 3 3 3 3 1 1 0 0 0 0 0 0
 14 14 22 5 5 4 10 10 3 3 4 4 4 12 12 12 13 13 6 21 21 3 2 2 5 5 4 3 3 13 22 22 10 10 7 7 7 4 1 1 0 0 0 0 0 0
 13 13 7 6 6 5 2 2 1 1 2 3 3 3 3 3 3 3 4 3 3 2 2 2 4 4 4 10 10 26 28 28 27 27 18 14 14 6 1 1 0 0 0 0 0 0
 13 13 7 6 6 5 2 2 1 1 2 3 3 3 3 3 3 3 4 3 3 2 2 2 4 4 4 10 10 26 28 28 27 27 18 14 14 6 1 1 0 0 0 0 0 0
 9 9 9 5 5 2 2 2 3 3 1 2 2 3 2 2 1 1 2 3 3 2 2 2 4 4 8 20 20 29 30 30 28 28 18 16 16 13 3 3 2 2 0 0 0 0
 13 13 10 3 3 2 3 3 3 3 3 2 2 2 0 0 0 0 2 3 3 2 2 2 5 5 8 14 14 27 27 27 38 38 35 36 36 19 10 10 3 3 0 0 0 0
 13 13 10 3 3 2 3 3 3 3 3 2 2 2 0 0 0 0 2 3 3 2 2 2 5 5 8 14 14 27 27 27 38 38 35 36 36 19 10 10 3 3 0 0 0 0
 14 14 8 1 1 1 3 3 3 3 3 2 2 2 0 0 0 0 0 2 2 2 2 2 5 5 15 15 15 29 40 40 48 48 48 36 36 22 6 6 2 2 0 0 0 0
 14 14 8 1 1 1 3 3 3 3 3 2 2 2 0 0 0 0 0 2 2 2 2 2 5 5 15 15 15 29 40 40 48 48 48 36 36 22 6 6 2 2 0 0 0 0
 11 11 6 1 1 1 1 1 0 0 1 1 1 2 1 1 0 0 0 1 1 2 2 2 5 5 15 15 15 28 33 33 44 44 54 21 21 20 6 6 1 1 0 0 0 0
 6 6 4 2 2 1 1 1 0 0 1 1 1 3 8 8 1 1 0 1 1 1 2 2 2 2 19 17 17 18 39 39 36 36 31 45 45 17 3 3 1 1 0 0 0 0
 6 6 4 2 2 1 1 1 0 0 1 1 1 3 8 8 1 1 0 1 1 1 2 2 2 2 19 17 17 18 39 39 36 36 31 45 45 17 3 3 1 1 0 0 0 0
 3 3 4 3 3 2 1 1 1 1 3 3 3 11 8 8 1 1 0 0 0 1 2 2 2 2 5 18 18 35 43 43 51 51 27 20 20 11 4 4 0 0 0 0 0 0
 3 3 5 5 5 3 2 2 2 2 8 9 9 4 3 3 0 0 0 0 0 0 1 1 2 2 2 13 13 36 37 37 32 32 23 20 20 12 3 3 0 0 0 0 0 0
 3 3 5 5 5 3 2 2 2 2 8 9 9 4 3 3 0 0 0 0 0 0 1 1 2 2 2 13 13 36 37 37 32 32 23 20 20 12 3 3 0 0 0 0 0 0
 3 3 5 5 5 4 3 3 3 3 7 7 7 3 1 1 0 0 0 0 0 0 1 1 2 2 2 3 3 12 16 16 15 15 8 2 2 3 0 0 0 0 0 0 0 0
 3 3 5 5 5 4 3 3 3 3 7 7 7 3 1 1 0 0 0 0 0 0 1 1 2 2 2 3 3 12 16 16 15 15 8 2 2 3 0 0 0 0 0 0 0 0
 5 5 5 5 5 4 4 4 3 3 5 4 4 2 1 1 0 0 0 0 0 0 1 1 2 2 2 1 1 3 5 5 2 2 1 1 1 0 0 0 0 0 0 0 0 0
 6 6 7 5 5 5 5 5 3 3 5 4 4 2 0 0 1 1 1 0 0 0 1 1 2 2 3 1 1 2 1 1 1 1 0 0 0 0 0 0 1 1 0 0 0 0
 6 6 7 5 5 5 5 5 3 3 5 4 4 2 0 0 1 1 1 0 0 0 1 1 2 2 3 1 1 2 1 1 1 1 0 0 0 0 0 0 1 1 0 0 0 0
 6 6 6 4 4 5 3 3 3 3 3 2 2 1 0 0 0 0 0 0 0 0 1 1 2 2 2 1 1 0 0 0 0 0 0 0 0 0 0 0 0 0 0 0 0 0
 6 6 5 4 4 4 5 5 15 15 5 1 1 0 0 0 0 0 0 0 0 0 1 1 1 1 1 0 0 0 0 0 0 0 0 0 0 0 0 0 0 0 0 0 0 0
 6 6 5 4 4 4 5 5 15 15 5 1 1 0 0 0 0 0 0 0 0 0 1 1 1 1 1 0 0 0 0 0 0 0 0 0 0 0 0 0 0 0 0 0 0 0
 5 5 3 3 3 2 14 14 23 23 6 1 1 0 0 0 0 0 2 0 0 0 0 0 0 0 0 0 0 0 0 0 0 0 0 0 0 0 0 0 0 0 0 0 0 0
 5 5 3 3 3 2 14 14 23 23 6 1 1 0 0 0 0 0 2 0 0 0 0 0 0 0 0 0 0 0 0 0 0 0 0 0 0 0 0 0 0 0 0 0 0 0
 5 5 5 7 7 3 5 5 13 13 6 1 1 0 0 0 1 1 3 0 0 0 0 0 0 0 0 0 0 0 0 0 0 0 0 0 0 0 0 0 0 0 0 0 0 0
 6 6 15 20 20 9 5 5 2 2 2 0 0 0 0 0 0 0 0 0 0 0 0 0 0 0 0 0 0 0 0 0 0 0 0 0 0 0 0 0 0 0 0 0 0 0
 6 6 15 20 20 9 5 5 2 2 2 0 0 0 0 0 0 0 0 0 0 0 0 0 0 0 0 0 0 0 0 0 0 0 0 0 0 0 0 0 0 0 0 0 0 0
 20 20 21 15 15 16 2 2 1 1 0 0 0 0 0 0 0 0 0 0 0 0 0 0 0 0 0 0 0 0 0 0 0 0 0 0 0 0 0 0 0 0 0 0 0 0
 23 23 14 4 4 4 1 1 0 0 0 0 0 1 0 0 0 0 0 0 0 0 0 0 0 0 0 0 0 0 0 0 0 0 0 0 0 0 0 0 0 0 0 0 0 0
