assets/RAT_results/precipitation/2020-04-26_IMERG.asc
ncols        46
nrows        77
xllcorner    74.800261325624
yllcorner    8.058333333333
cellsize     0.062500000000
NODATA_value -9999
 3 3 6 11 11 31 29 29 46 46 40 46 46 34 24 24 18 18 11 27 27 43 19 19 19 19 11 11 11 5 1 1 1 1 0 0 0 0 0 0 0 0 0 0 0 0
 3 3 3 7 7 30 29 29 42 42 43 44 44 21 27 27 18 18 11 14 14 39 30 30 18 18 12 11 11 3 1 1 1 1 0 0 0 0 0 0 0 0 0 0 0 0
 3 3 3 7 7 30 29 29 42 42 43 44 44 21 27 27 18 18 11 14 14 39 30 30 18 18 12 11 11 3 1 1 1 1 0 0 0 0 0 0 0 0 0 0 0 0
 4 4 4 10 10 8 16 16 25 25 38 41 41 39 23 23 28 28 14 13 13 20 11 11 13 13 6 6 6 3 2 2 1 1 0 0 0 0 0 0 0 0 0 0 0 0
 4 4 5 8 8 9 14 14 23 23 43 58 58 33 29 29 18 18 12 10 10 16 15 15 10 10 6 5 5 2 1 1 0 0 0 0 0 0 1 1 0 0 0 0 0 0
 4 4 5 8 8 9 14 14 23 23 43 58 58 33 29 29 18 18 12 10 10 16 15 15 10 10 6 5 5 2 1 1 0 0 0 0 0 0 1 1 0 0 0 0 0 0
 4 4 4 9 9 13 14 14 20 20 37 67 67 59 57 57 21 21 18 11 11 11 16 16 13 13 11 5 5 3 1 1 1 1 0 1 1 0 3 3 3 3 0 0 0 0
 4 4 4 9 9 13 14 14 20 20 37 67 67 59 57 57 21 21 18 11 11 11 16 16 13 13 11 5 5 3 1 1 1 1 0 1 1 0 3 3 3 3 0 0 0 0
 2 2 5 10 10 11 15 15 22 22 26 76 76 30 36 36 26 26 18 17 17 19 17 17 13 13 10 8 8 4 1 1 1 1 0 0 0 0 0 0 0 0 0 0 0 0
 2 2 4 9 9 15 18 18 24 24 30 42 42 29 31 31 25 25 20 27 27 23 26 26 17 17 15 11 11 5 2 2 1 1 1 0 0 0 0 0 0 0 0 0 0 0
 2 2 4 9 9 15 18 18 24 24 30 42 42 29 31 31 25 25 20 27 27 23 26 26 17 17 15 11 11 5 2 2 1 1 1 0 0 0 0 0 0 0 0 0 0 0
 2 2 4 8 8 18 22 22 26 26 39 45 45 29 33 33 20 20 24 27 27 26 25 25 20 20 20 12 12 8 3 3 2 2 1 1 1 0 0 0 0 0 0 0 0 0
 4 4 9 6 6 19 25 25 42 42 40 47 47 39 45 45 53 53 34 32 32 32 34 34 26 26 25 15 15 9 4 4 2 2 1 1 1 5 2 2 0 0 0 0 0 0
 4 4 9 6 6 19 25 25 42 42 40 47 47 39 45 45 53 53 34 32 32 32 34 34 26 26 25 15 15 9 4 4 2 2 1 1 1 5 2 2 0 0 0 0 0 0
 3 3 9 6 6 10 26 26 64 64 54 42 42 50 66 66 55 55 32 28 28 46 26 26 36 36 33 16 16 7 4 4 2 2 2 2 2 2 9 9 9 9 0 0 0 0
 3 3 9 6 6 10 26 26 64 64 54 42 42 50 66 66 55 55 32 28 28 46 26 26 36 36 33 16 16 7 4 4 2 2 2 2 2 2 9 9 9 9 0 0 0 0
 4 4 4 11 11 22 40 40 45 45 68 78 78 68 63 63 36 36 29 25 25 48 22 22 43 43 24 12 12 5 3 3 1 1 1 2 2 2 9 9 9 9 3 0 0 1
 4 4 4 13 13 11 37 37 49 49 77 60 60 62 96 96 74 74 27 24 24 26 47 47 28 28 21 8 8 5 23 23 0 0 1 1 1 1 1 1 4 4 3 1 1 3
 4 4 4 13 13 11 37 37 49 49 77 60 60 62 96 96 74 74 27 24 24 26 47 47 28 28 21 8 8 5 23 23 0 0 1 1 1 1 1 1 4 4 3 1 1 3
 4 4 33 21 21 20 89 89 102 102 116 42 42 65 94 94 78 78 50 9 9 15 20 20 38 38 21 8 8 7 3 3 0 0 0 0 0 0 1 1 1 1 1 4 4 5
 27 27 29 17 17 19 27 27 65 65 59 62 62 74 53 53 61 61 44 20 20 14 13 13 13 13 12 9 9 5 1 1 11 11 11 0 0 0 1 1 2 2 2 3 3 9
 27 27 29 17 17 19 27 27 65 65 59 62 62 74 53 53 61 61 44 20 20 14 13 13 13 13 12 9 9 5 1 1 11 11 11 0 0 0 1 1 2 2 2 3 3 9
 34 34 39 42 42 54 49 49 100 100 126 66 66 83 52 52 57 57 56 24 24 21 13 13 11 11 13 11 11 7 7 7 13 13 1 0 0 1 1 1 2 2 2 3 3 4
 34 34 39 42 42 54 49 49 100 100 126 66 66 83 52 52 57 57 56 24 24 21 13 13 11 11 13 11 11 7 7 7 13 13 1 0 0 1 1 1 2 2 2 3 3 4
 35 35 37 43 43 93 55 55 88 88 142 81 81 55 57 57 36 36 55 46 46 19 17 17 13 13 11 10 10 11 10 10 3 3 2 1 1 1 2 2 2 2 3 5 5 5
 39 39 35 44 44 45 44 44 80 80 68 75 75 73 49 49 36 36 40 46 46 20 23 23 16 16 33 14 14 35 8 8 4 4 2 2 2 3 3 3 3 3 3 5 5 6
 39 39 35 44 44 45 44 44 80 80 68 75 75 73 49 49 36 36 40 46 46 20 23 23 16 16 33 14 14 35 8 8 4 4 2 2 2 3 3 3 3 3 3 5 5 6
 38 38 35 33 33 32 56 56 64 64 69 64 64 75 152 152 61 61 41 29 29 50 23 23 28 28 30 46 46 43 38 38 6 6 4 3 3 4 4 4 4 4 6 7 7 7
 33 33 28 33 33 31 44 44 55 55 48 55 55 52 55 55 81 81 46 50 50 81 31 31 35 35 50 23 23 20 27 27 8 8 5 5 5 4 4 4 6 6 7 31 31 8
 33 33 28 33 33 31 44 44 55 55 48 55 55 52 55 55 81 81 46 50 50 81 31 31 35 35 50 23 23 20 27 27 8 8 5 5 5 4 4 4 6 6 7 31 31 8
 20 20 20 21 21 22 32 32 39 39 45 40 40 32 59 59 51 51 52 51 51 38 30 30 30 30 31 25 25 27 16 16 15 15 7 6 6 9 4 4 6 6 58 12 12 13
 20 20 20 21 21 22 32 32 39 39 45 40 40 32 59 59 51 51 52 51 51 38 30 30 30 30 31 25 25 27 16 16 15 15 7 6 6 9 4 4 6 6 58 12 12 13
 19 19 20 21 21 10 13 13 20 20 23 31 31 32 51 51 45 45 40 72 72 42 35 35 47 47 42 28 28 26 19 19 12 12 10 15 15 8 4 4 7 7 8 17 17 27
 6 6 8 15 15 11 22 22 21 21 23 25 25 25 43 43 42 42 44 50 50 46 39 39 69 69 76 39 39 37 28 28 17 17 12 9 9 9 6 6 6 6 5 7 7 7
 6 6 8 15 15 11 22 22 21 21 23 25 25 25 43 43 42 42 44 50 50 46 39 39 69 69 76 39 39 37 28 28 17 17 12 9 9 9 6 6 6 6 5 7 7 7
 5 5 8 22 22 28 27 27 24 24 35 35 35 48 37 37 38 38 45 52 52 61 50 50 222 222 47 43 43 31 30 30 23 23 17 10 10 7 8 8 5 5 9 9 9 19
 5 5 7 16 16 25 21 21 21 21 241 139 139 74 67 67 45 45 39 51 51 64 223 223 64 64 37 51 51 48 50 50 24 24 18 11 11 8 6 6 9 9 7 7 7 6
 5 5 7 16 16 25 21 21 21 21 241 139 139 74 67 67 45 45 39 51 51 64 223 223 64 64 37 51 51 48 50 50 24 24 18 11 11 8 6 6 9 9 7 7 7 6
 26 26 6 6 6 22 20 20 127 127 253 260 260 168 75 75 44 44 45 52 52 49 57 57 47 47 40 44 44 35 48 48 33 33 18 24 24 15 10 10 7 7 18 8 8 8
 26 26 6 6 6 22 20 20 127 127 253 260 260 168 75 75 44 44 45 52 52 49 57 57 47 47 40 44 44 35 48 48 33 33 18 24 24 15 10 10 7 7 18 8 8 8
 28 28 6 5 5 16 23 23 128 128 247 278 278 260 151 151 42 42 51 42 42 142 44 44 41 41 43 44 44 37 26 26 32 32 26 23 23 17 17 17 28 28 33 16 16 15
 29 29 8 17 17 15 15 15 139 139 143 268 268 273 39 39 44 44 53 56 56 154 60 60 61 61 73 40 40 33 28 28 26 26 27 39 39 35 15 15 20 20 9 13 13 13
 29 29 8 17 17 15 15 15 139 139 143 268 268 273 39 39 44 44 53 56 56 154 60 60 61 61 73 40 40 33 28 28 26 26 27 39 39 35 15 15 20 20 9 13 13 13
 28 28 9 20 20 20 14 14 51 51 71 172 172 152 37 37 43 43 51 55 55 55 66 66 56 56 42 42 42 32 20 20 24 24 32 34 34 45 20 20 5 5 4 2 2 1
 7 7 10 16 16 33 33 33 44 44 37 66 66 40 41 41 52 52 99 102 102 62 67 67 55 55 41 45 45 29 22 22 25 25 19 13 13 23 9 9 4 4 2 0 0 0
 7 7 10 16 16 33 33 33 44 44 37 66 66 40 41 41 52 52 99 102 102 62 67 67 55 55 41 45 45 29 22 22 25 25 19 13 13 23 9 9 4 4 2 0 0 0
 26 26 26 29 29 29 27 27 36 36 29 54 54 63 59 59 195 195 100 103 103 63 51 51 54 54 40 34 34 33 27 27 20 20 14 11 11 9 3 3 1 1 0 0 0 0
 26 26 26 29 29 29 27 27 36 36 29 54 54 63 59 59 195 195 100 103 103 63 51 51 54 54 40 34 34 33 27 27 20 20 14 11 11 9 3 3 1 1 0 0 0 0
 31 31 30 28 28 32 38 38 41 41 42 51 51 72 60 60 74 74 68 42 42 53 47 47 46 46 34 32 32 32 29 29 32 32 18 13 13 6 2 2 0 0 0 0 0 0
 34 34 37 33 33 34 30 30 40 40 39 157 157 62 202 202 67 67 66 38 38 34 36 36 34 34 36 31 31 31 36 36 35 35 24 14 14 6 3 3 2 2 0 0 0 0
 34 34 37 33 33 34 30 30 40 40 39 157 157 62 202 202 67 67 66 38 38 34 36 36 34 34 36 31 31 31 36 36 35 35 24 14 14 6 3 3 2 2 0 0 0 0
 35 35 28 28 28 33 31 31 34 34 33 156 156 158 220 220 188 188 35 33 33 33 37 37 31 31 35 28 28 31 30 30 37 37 22 13 13 4 2 2 0 0 0 1 1 1
 44 44 32 29 29 28 31 31 31 31 34 34 34 78 222 222 227 227 36 34 34 23 36 36 36 36 35 30 30 37 31 31 27 27 24 14 14 10 6 6 1 1 2 2 2 3
 44 44 32 29 29 28 31 31 31 31 34 34 34 78 222 222 227 227 36 34 34 23 36 36 36 36 35 30 30 37 31 31 27 27 24 14 14 10 6 6 1 1 2 2 2 3
 31 31 27 27 27 28 31 31 54 54 55 45 45 355 357 357 201 201 38 41 41 24 36 36 30 30 31 32 32 30 31 31 27 27 22 16 16 13 6 6 5 5 1 1 1 2
 31 31 27 27 27 28 31 31 54 54 55 45 45 355 357 357 201 201 38 41 41 24 36 36 30 30 31 32 32 30 31 31 27 27 22 16 16 13 6 6 5 5 1 1 1 2
 29 29 26 44 44 46 49 49 54 54 57 44 44 362 240 240 250 250 200 207 207 30 29 29 31 31 27 62 62 42 38 38 36 36 20 19 19 11 6 6 6 6 2 2 2 2
 25 25 26 44 44 46 45 45 46 46 42 46 46 216 206 206 220 220 41 39 39 29 27 27 30 30 34 34 34 41 42 42 47 47 20 23 23 11 7 7 6 6 4 3 3 4
 25 25 26 44 44 46 45 45 46 46 42 46 46 216 206 206 220 220 41 39 39 29 27 27 30 30 34 34 34 41 42 42 47 47 20 23 23 11 7 7 6 6 4 3 3 4
 25 25 27 45 45 45 44 44 29 29 42 24 24 12 17 17 29 29 33 35 35 25 28 28 30 30 160 166 166 188 186 186 33 33 20 17 17 9 10 10 5 5 3 4 4 4
 26 26 27 27 27 27 28 28 28 28 26 25 25 10 13 13 8 8 13 20 20 20 30 30 34 34 40 165 165 174 153 153 217 217 213 19 19 12 9 9 4 4 2 3 3 3
 26 26 27 27 27 27 28 28 28 28 26 25 25 10 13 13 8 8 13 20 20 20 30 30 34 34 40 165 165 174 153 153 217 217 213 19 19 12 9 9 4 4 2 3 3 3
 161 161 27 28 28 27 26 26 26 26 26 26 26 17 18 18 6 6 12 18 18 20 32 32 39 39 43 207 207 208 69 69 228 228 212 16 16 22 11 11 4 4 3 4 4 4
 161 161 27 28 28 27 26 26 26 26 26 26 26 17 18 18 6 6 12 18 18 20 32 32 39 39 43 207 207 208 69 69 228 228 212 16 16 22 11 11 4 4 3 4 4 4
 161 161 27 17 17 17 18 18 25 25 25 25 25 16 15 15 10 10 14 7 7 27 32 32 37 37 48 243 243 207 68 68 231 231 229 41 41 21 10 10 3 3 2 3 3 3
 23 23 17 16 16 17 16 16 13 13 13 17 17 17 15 15 21 21 11 15 15 11 20 20 25 25 48 246 246 201 69 69 195 195 248 38 38 45 11 11 3 3 4 5 5 5
 23 23 17 16 16 17 16 16 13 13 13 17 17 17 15 15 21 21 11 15 15 11 20 20 25 25 48 246 246 201 69 69 195 195 248 38 38 45 11 11 3 3 4 5 5 5
 21 21 3 2 2 4 4 4 11 11 12 14 14 17 19 19 19 19 14 14 14 7 13 13 10 10 30 35 35 184 203 203 198 198 221 28 28 35 10 10 11 11 11 14 14 11
 1 1 1 1 1 1 1 1 4 4 5 14 14 15 18 18 18 18 3 2 2 6 7 7 7 7 17 17 17 186 26 26 33 33 31 30 30 28 13 13 13 13 12 14 14 10
 1 1 1 1 1 1 1 1 4 4 5 14 14 15 18 18 18 18 3 2 2 6 7 7 7 7 17 17 17 186 26 26 33 33 31 30 30 28 13 13 13 13 12 14 14 10
 1 1 1 1 1 1 1 1 1 1 1 1 1 1 1 1 1 1 1 1 1 2 2 2 3 3 4 21 21 37 29 29 29 29 32 30 30 20 17 17 15 15 9 9 9 6
 1 1 1 1 1 1 1 1 1 1 1 1 1 1 1 1 1 1 1 1 1 2 2 2 3 3 4 21 21 37 29 29 29 29 32 30 30 20 17 17 15 15 9 9 9 6
 1 1 0 0 0 1 1 1 1 1 1 1 1 1 1 1 1 1 1 1 1 1 2 2 2 2 6 11 11 29 25 25 36 36 30 27 27 14 14 14 12 12 5 3 3 2
 0 0 0 0 0 0 0 0 1 1 1 1 1 1 1 1 1 1 1 1 1 1 1 1 1 1 5 10 10 2 22 22 32 32 35 31 31 12 11 11 4 4 2 1 1 0
 0 0 0 0 0 0 0 0 1 1 1 1 1 1 1 1 1 1 1 1 1 1 1 1 1 1 5 10 10 2 22 22 32 32 35 31 31 12 11 11 4 4 2 1 1 0
 0 0 0 0 0 0 0 0 1 1 1 1 1 1 1 1 0 0 1 1 1 1 0 0 1 1 1 1 1 1 5 5 33 33 32 30 30 10 6 6 2 2 1 0 0 0
 0 0 0 0 0 0 0 0 0 0 0 0 0 0 0 0 0 0 0 0 0 0 0 0 0 0 0 1 1 0 0 0 1 1 1 9 9 9 4 4 1 1 0 0 0 0
