assets/RAT_results/precipitation/2020-11-04_IMERG.asc
ncols        46
nrows        77
xllcorner    74.800261325624
yllcorner    8.058333333333
cellsize     0.062500000000
NODATA_value -9999
 1 1 1 5 5 14 28 28 46 46 29 20 20 12 7 7 3 3 1 0 0 0 0 0 0 0 0 0 0 0 0 0 0 0 0 0 0 0 0 0 0 0 0 0 0 0
 2 2 2 4 4 9 23 23 37 37 26 24 24 17 9 9 4 4 2 1 1 0 0 0 0 0 0 0 0 0 0 0 0 0 0 0 0 0 0 0 0 0 0 0 0 0
 2 2 2 4 4 9 23 23 37 37 26 24 24 17 9 9 4 4 2 1 1 0 0 0 0 0 0 0 0 0 0 0 0 0 0 0 0 0 0 0 0 0 0 0 0 0
 5 5 3 3 3 6 12 12 18 18 21 19 19 16 10 10 5 5 3 1 1 0 0 0 0 0 0 0 0 0 0 0 0 0 0 0 0 0 0 0 0 0 0 0 0 0
 8 8 11 5 5 4 4 4 7 7 10 10 10 9 6 6 3 3 1 0 0 0 0 0 0 0 0 0 0 0 0 0 0 0 0 0 0 0 0 0 0 0 0 0 0 0
 8 8 11 5 5 4 4 4 7 7 10 10 10 9 6 6 3 3 1 0 0 0 0 0 0 0 0 0 0 0 0 0 0 0 0 0 0 0 0 0 0 0 0 0 0 0
 8 8 4 4 4 2 1 1 2 2 3 4 4 4 3 3 1 1 1 0 0 0 0 0 0 0 0 0 0 0 0 0 0 0 0 0 0 0 0 0 0 0 0 0 0 0
 8 8 4 4 4 2 1 1 2 2 3 4 4 4 3 3 1 1 1 0 0 0 0 0 0 0 0 0 0 0 0 0 0 0 0 0 0 0 0 0 0 0 0 0 0 0
 3 3 1 1 1 1 0 0 0 0 1 1 1 0 0 0 0 0 0 0 0 0 0 0 0 0 0 0 0 0 0 0 0 0 0 0 0 0 0 0 0 0 0 0 0 0
 1 1 0 1 1 1 1 1 0 0 0 0 0 0 0 0 0 0 0 0 0 0 0 0 0 0 0 0 0 0 0 0 0 0 0 0 0 0 0 0 0 0 0 0 0 0
 1 1 0 1 1 1 1 1 0 0 0 0 0 0 0 0 0 0 0 0 0 0 0 0 0 0 0 0 0 0 0 0 0 0 0 0 0 0 0 0 0 0 0 0 0 0
 1 1 0 1 1 1 1 1 0 0 0 0 0 0 0 0 0 0 0 0 0 0 0 0 0 0 0 0 0 0 0 0 0 0 0 0 0 0 0 0 0 0 0 0 0 0
 0 0 0 0 0 1 1 1 3 3 0 0 0 0 0 0 0 0 0 0 0 0 0 0 0 0 0 1 1 1 0 0 0 0 0 0 0 0 0 0 0 0 0 0 0 0
 0 0 0 0 0 1 1 1 3 3 0 0 0 0 0 0 0 0 0 0 0 0 0 0 0 0 0 1 1 1 0 0 0 0 0 0 0 0 0 0 0 0 0 0 0 0
 0 0 0 0 0 0 1 1 1 1 2 0 0 0 0 0 0 0 0 0 0 0 0 0 0 0 1 3 3 2 0 0 0 0 0 0 0 0 0 0 0 0 0 0 0 0
 0 0 0 0 0 0 1 1 1 1 2 0 0 0 0 0 0 0 0 0 0 0 0 0 0 0 1 3 3 2 0 0 0 0 0 0 0 0 0 0 0 0 0 0 0 0
 0 0 0 0 0 0 0 0 1 1 1 0 0 0 0 0 0 0 0 0 0 0 0 0 0 0 1 1 1 1 0 0 0 0 0 0 0 0 0 0 0 0 0 0 0 0
 0 0 0 0 0 0 0 0 0 0 1 0 0 2 0 0 0 0 0 0 0 0 0 0 0 0 0 0 0 0 0 0 0 0 0 0 0 1 0 0 0 0 0 1 1 0
 0 0 0 0 0 0 0 0 0 0 1 0 0 2 0 0 0 0 0 0 0 0 0 0 0 0 0 0 0 0 0 0 0 0 0 0 0 1 0 0 0 0 0 1 1 0
 0 0 0 0 0 0 0 0 0 0 1 1 1 0 0 0 0 0 0 0 0 0 0 0 0 0 0 0 0 0 0 0 0 0 0 0 0 4 4 4 0 0 2 4 4 3
 1 1 0 0 0 0 0 0 1 1 1 1 1 1 0 0 0 0 0 0 0 0 0 0 0 0 0 0 0 0 0 0 0 0 1 1 1 9 3 3 5 5 6 4 4 3
 1 1 0 0 0 0 0 0 1 1 1 1 1 1 0 0 0 0 0 0 0 0 0 0 0 0 0 0 0 0 0 0 0 0 1 1 1 9 3 3 5 5 6 4 4 3
 1 1 1 3 3 3 4 4 1 1 0 1 1 0 1 1 0 0 0 0 0 0 0 0 0 0 0 0 0 3 2 2 2 2 12 7 7 8 3 3 14 14 16 11 11 6
 1 1 1 3 3 3 4 4 1 1 0 1 1 0 1 1 0 0 0 0 0 0 0 0 0 0 0 0 0 3 2 2 2 2 12 7 7 8 3 3 14 14 16 11 11 6
 1 1 4 7 7 5 6 6 4 4 1 1 1 1 0 0 0 0 0 0 0 0 0 0 0 0 0 1 1 6 6 6 15 15 17 10 10 11 10 10 18 18 19 17 17 14
 3 3 5 7 7 14 6 6 2 2 2 1 1 0 1 1 0 0 0 0 0 0 0 0 0 0 0 1 1 6 17 17 38 38 22 22 22 9 9 9 5 5 10 10 10 7
 3 3 5 7 7 14 6 6 2 2 2 1 1 0 1 1 0 0 0 0 0 0 0 0 0 0 0 1 1 6 17 17 38 38 22 22 22 9 9 9 5 5 10 10 10 7
 4 4 5 9 9 8 12 12 3 3 2 1 1 0 0 0 0 0 0 0 0 0 0 0 0 0 0 2 2 7 12 12 23 23 52 15 15 13 9 9 8 8 10 7 7 7
 3 3 6 9 9 15 7 7 4 4 3 0 0 1 0 0 1 1 0 0 0 0 0 0 1 1 6 6 6 6 12 12 16 16 9 11 11 11 12 12 16 16 17 13 13 7
 3 3 6 9 9 15 7 7 4 4 3 0 0 1 0 0 1 1 0 0 0 0 0 0 1 1 6 6 6 6 12 12 16 16 9 11 11 11 12 12 16 16 17 13 13 7
 2 2 6 8 8 16 8 8 6 6 5 0 0 0 0 0 1 1 0 0 0 0 1 1 5 5 6 11 11 11 11 11 9 9 4 8 8 10 17 17 22 22 23 29 29 21
 2 2 6 8 8 16 8 8 6 6 5 0 0 0 0 0 1 1 0 0 0 0 1 1 5 5 6 11 11 11 11 11 9 9 4 8 8 10 17 17 22 22 23 29 29 21
 1 1 5 11 11 10 5 5 10 10 1 0 0 0 0 0 1 1 0 2 2 0 1 1 4 4 5 17 17 4 3 3 3 3 4 8 8 14 21 21 31 31 34 35 35 46
 2 2 3 6 6 3 1 1 2 2 0 0 0 0 0 0 0 0 1 1 1 0 0 0 1 1 4 3 3 4 2 2 13 13 6 10 10 19 28 28 42 42 59 47 47 42
 2 2 3 6 6 3 1 1 2 2 0 0 0 0 0 0 0 0 1 1 1 0 0 0 1 1 4 3 3 4 2 2 13 13 6 10 10 19 28 28 42 42 59 47 47 42
 3 3 2 2 2 2 1 1 1 1 0 0 0 0 0 0 0 0 1 0 0 0 2 2 3 3 4 3 3 3 2 2 3 3 6 13 13 29 44 44 50 50 61 54 54 43
 8 8 7 2 2 0 0 0 0 0 0 0 0 0 0 0 0 0 0 2 2 1 11 11 5 5 5 5 5 4 10 10 5 5 13 26 26 43 45 45 70 70 61 64 64 63
 8 8 7 2 2 0 0 0 0 0 0 0 0 0 0 0 0 0 0 2 2 1 11 11 5 5 5 5 5 4 10 10 5 5 13 26 26 43 45 45 70 70 61 64 64 63
 6 6 6 1 1 0 0 0 0 0 0 0 0 0 0 0 1 1 0 1 1 4 11 11 12 12 7 3 3 4 10 10 5 5 16 29 29 50 65 65 67 67 65 70 70 97
 6 6 6 1 1 0 0 0 0 0 0 0 0 0 0 0 1 1 0 1 1 4 11 11 12 12 7 3 3 4 10 10 5 5 16 29 29 50 65 65 67 67 65 70 70 97
 5 5 6 0 0 0 0 0 0 0 0 0 0 0 3 3 2 2 1 2 2 5 10 10 9 9 9 9 9 7 8 8 7 7 20 24 24 42 52 52 58 58 56 85 85 95
 1 1 5 3 3 1 0 0 0 0 0 0 0 1 4 4 6 6 3 6 6 9 10 10 9 9 3 11 11 8 10 10 9 9 19 19 19 38 52 52 51 51 53 66 66 95
 1 1 5 3 3 1 0 0 0 0 0 0 0 1 4 4 6 6 3 6 6 9 10 10 9 9 3 11 11 8 10 10 9 9 19 19 19 38 52 52 51 51 53 66 66 95
 1 1 3 4 4 1 3 3 1 1 0 0 0 2 6 6 15 15 8 11 11 10 10 10 11 11 11 8 8 13 12 12 11 11 11 15 15 31 43 43 57 57 71 65 65 81
 3 3 3 5 5 4 3 3 2 2 1 0 0 1 10 10 54 54 23 66 66 23 16 16 18 18 15 10 10 16 13 13 14 14 12 22 22 43 62 62 56 56 57 47 47 66
 3 3 3 5 5 4 3 3 2 2 1 0 0 1 10 10 54 54 23 66 66 23 16 16 18 18 15 10 10 16 13 13 14 14 12 22 22 43 62 62 56 56 57 47 47 66
 4 4 2 2 2 4 1 1 1 1 0 0 0 2 52 52 55 55 104 116 116 25 21 21 20 20 8 7 7 10 11 11 14 14 19 28 28 44 58 58 59 59 51 43 43 51
 4 4 2 2 2 4 1 1 1 1 0 0 0 2 52 52 55 55 104 116 116 25 21 21 20 20 8 7 7 10 11 11 14 14 19 28 28 44 58 58 59 59 51 43 43 51
 4 4 2 1 1 0 1 1 0 0 0 0 0 1 10 10 54 54 54 53 53 16 12 12 9 9 7 10 10 11 16 16 18 18 22 32 32 38 63 63 69 69 66 58 58 47
 2 2 2 0 0 0 0 0 0 0 0 0 0 1 4 4 11 11 11 13 13 14 18 18 11 11 10 9 9 13 29 29 23 23 22 29 29 33 47 47 51 51 61 62 62 63
 2 2 2 0 0 0 0 0 0 0 0 0 0 1 4 4 11 11 11 13 13 14 18 18 11 11 10 9 9 13 29 29 23 23 22 29 29 33 47 47 51 51 61 62 62 63
 1 1 0 0 0 0 1 1 1 1 2 1 1 0 4 4 7 7 5 8 8 10 39 39 16 16 16 20 20 24 28 28 39 39 27 32 32 34 33 33 52 52 65 70 70 58
 1 1 0 0 0 0 0 0 1 1 3 1 1 0 1 1 3 3 4 10 10 13 17 17 18 18 21 23 23 26 77 77 44 44 30 29 29 27 28 28 57 57 65 76 76 56
 1 1 0 0 0 0 0 0 1 1 3 1 1 0 1 1 3 3 4 10 10 13 17 17 18 18 21 23 23 26 77 77 44 44 30 29 29 27 28 28 57 57 65 76 76 56
 0 0 0 0 0 0 1 1 2 2 2 1 1 1 1 1 2 2 5 9 9 14 18 18 19 19 23 28 28 41 77 77 33 33 28 26 26 23 29 29 53 53 61 73 73 43
 0 0 0 0 0 0 1 1 2 2 2 1 1 1 1 1 2 2 5 9 9 14 18 18 19 19 23 28 28 41 77 77 33 33 28 26 26 23 29 29 53 53 61 73 73 43
 0 0 0 0 0 0 1 1 1 1 5 7 7 1 1 1 4 4 5 9 9 11 19 19 26 26 28 50 50 42 32 32 35 35 29 25 25 22 22 22 32 32 37 41 41 29
 0 0 0 0 0 1 2 2 7 7 13 16 16 8 2 2 3 3 8 15 15 17 13 13 11 11 18 53 53 21 25 25 32 32 27 19 19 15 17 17 22 22 16 18 18 19
 0 0 0 0 0 1 2 2 7 7 13 16 16 8 2 2 3 3 8 15 15 17 13 13 11 11 18 53 53 21 25 25 32 32 27 19 19 15 17 17 22 22 16 18 18 19
 0 0 0 0 0 6 5 5 6 6 8 11 11 11 9 9 9 9 16 16 16 17 15 15 8 8 14 10 10 12 14 14 20 20 12 8 8 5 7 7 11 11 19 20 20 19
 0 0 0 0 0 3 7 7 5 5 3 8 8 10 6 6 13 13 16 19 19 18 16 16 7 7 9 8 8 14 14 14 20 20 15 5 5 5 5 5 10 10 25 35 35 31
 0 0 0 0 0 3 7 7 5 5 3 8 8 10 6 6 13 13 16 19 19 18 16 16 7 7 9 8 8 14 14 14 20 20 15 5 5 5 5 5 10 10 25 35 35 31
 0 0 0 0 0 0 3 3 0 0 2 2 2 2 2 2 12 12 14 15 15 17 9 9 9 9 12 13 13 17 25 25 20 20 15 5 5 2 6 6 9 9 17 27 27 29
 0 0 0 0 0 0 3 3 0 0 2 2 2 2 2 2 12 12 14 15 15 17 9 9 9 9 12 13 13 17 25 25 20 20 15 5 5 2 6 6 9 9 17 27 27 29
 0 0 0 0 0 0 0 0 0 0 1 2 2 2 2 2 2 2 4 8 8 8 7 7 12 12 8 6 6 9 12 12 26 26 4 1 1 1 3 3 6 6 16 16 16 35
 0 0 0 0 0 0 0 0 0 0 0 1 1 1 2 2 1 1 1 6 6 6 5 5 5 5 5 5 5 5 5 5 2 2 2 2 2 1 4 4 7 7 8 8 8 8
 0 0 0 0 0 0 0 0 0 0 0 1 1 1 2 2 1 1 1 6 6 6 5 5 5 5 5 5 5 5 5 5 2 2 2 2 2 1 4 4 7 7 8 8 8 8
 0 0 0 0 0 0 0 0 0 0 0 0 0 0 1 1 1 1 1 3 3 3 4 4 4 4 4 2 2 2 4 4 1 1 2 5 5 3 5 5 6 6 7 6 6 7
 0 0 0 0 0 0 0 0 0 0 0 0 0 1 0 0 1 1 2 4 4 6 6 6 5 5 5 4 4 14 13 13 10 10 1 3 3 4 5 5 7 7 10 10 10 9
 0 0 0 0 0 0 0 0 0 0 0 0 0 1 0 0 1 1 2 4 4 6 6 6 5 5 5 4 4 14 13 13 10 10 1 3 3 4 5 5 7 7 10 10 10 9
 0 0 0 0 0 0 0 0 0 0 0 0 0 0 0 0 1 1 2 4 4 7 6 6 6 6 7 9 9 16 14 14 14 14 1 2 2 3 6 6 11 11 18 15 15 17
 0 0 0 0 0 0 0 0 0 0 0 0 0 0 0 0 1 1 2 4 4 7 6 6 6 6 7 9 9 16 14 14 14 14 1 2 2 3 6 6 11 11 18 15 15 17
 0 0 0 0 0 0 0 0 0 0 0 0 0 0 0 0 1 1 1 2 2 4 6 6 5 5 6 8 8 11 10 10 9 9 1 1 1 3 7 7 12 12 17 15 15 17
 0 0 0 0 0 0 0 0 0 0 0 0 0 0 0 0 1 1 1 1 1 3 3 3 4 4 4 5 5 10 1 1 1 1 0 0 0 4 6 6 8 8 9 9 9 9
 0 0 0 0 0 0 0 0 0 0 0 0 0 0 0 0 1 1 1 1 1 3 3 3 4 4 4 5 5 10 1 1 1 1 0 0 0 4 6 6 8 8 9 9 9 9
 0 0 0 0 0 0 0 0 0 0 0 0 0 0 0 0 0 0 1 0 0 2 3 3 3 3 3 3 3 1 1 1 1 1 1 2 2 2 5 5 5 5 5 4 4 3
 0 0 0 0 0 0 0 0 0 0 0 0 0 0 0 0 0 0 0 0 0 2 2 2 2 2 2 2 2 2 1 1 0 0 0 2 2 2 2 2 1 1 3 1 1 0
