assets/RAT_results/precipitation/2020-07-20_IMERG.asc
ncols        46
nrows        77
xllcorner    74.800261325624
yllcorner    8.058333333333
cellsize     0.062500000000
NODATA_value -9999
 7 7 17 14 14 9 26 26 16 16 14 13 13 11 3 3 4 4 9 5 5 7 4 4 3 3 5 4 4 3 4 4 3 3 2 3 3 3 2 2 9 9 8 1 1 3
 13 13 18 15 15 17 18 18 23 23 18 12 12 12 3 3 1 1 2 3 3 3 3 3 4 4 4 3 3 2 3 3 2 2 2 3 3 4 4 4 4 4 3 0 0 2
 13 13 18 15 15 17 18 18 23 23 18 12 12 12 3 3 1 1 2 3 3 3 3 3 4 4 4 3 3 2 3 3 2 2 2 3 3 4 4 4 4 4 3 0 0 2
 17 17 13 18 18 16 17 17 14 14 6 2 2 1 4 4 1 1 1 2 2 3 3 3 5 5 4 3 3 2 3 3 3 3 1 4 4 3 3 3 3 3 1 1 1 2
 10 10 11 12 12 9 8 8 5 5 10 1 1 0 1 1 1 1 1 2 2 4 3 3 4 4 5 1 1 1 1 1 1 1 1 1 1 3 2 2 3 3 1 1 1 3
 10 10 11 12 12 9 8 8 5 5 10 1 1 0 1 1 1 1 1 2 2 4 3 3 4 4 5 1 1 1 1 1 1 1 1 1 1 3 2 2 3 3 1 1 1 3
 3 3 9 10 10 10 2 2 1 1 1 0 0 0 0 0 1 1 1 3 3 4 3 3 2 2 3 3 3 3 1 1 1 1 1 3 3 2 1 1 0 0 1 1 1 2
 3 3 9 10 10 10 2 2 1 1 1 0 0 0 0 0 1 1 1 3 3 4 3 3 2 2 3 3 3 3 1 1 1 1 1 3 3 2 1 1 0 0 1 1 1 2
 1 1 2 3 3 4 1 1 1 1 6 4 4 1 0 0 1 1 1 5 5 6 4 4 26 26 17 11 11 5 5 5 3 3 3 3 3 0 4 4 15 15 1 4 4 7
 0 0 2 3 3 5 1 1 0 0 6 5 5 4 9 9 7 7 4 7 7 12 10 10 10 10 8 7 7 5 4 4 3 3 4 3 3 2 5 5 53 53 14 4 4 6
 0 0 2 3 3 5 1 1 0 0 6 5 5 4 9 9 7 7 4 7 7 12 10 10 10 10 8 7 7 5 4 4 3 3 4 3 3 2 5 5 53 53 14 4 4 6
 0 0 1 2 2 5 9 9 2 2 1 3 3 15 8 8 7 7 9 8 8 8 9 9 8 8 5 3 3 5 7 7 5 5 5 2 2 3 6 6 25 25 3 7 7 7
 0 0 1 17 17 8 12 12 3 3 3 8 8 26 20 20 5 5 11 7 7 6 6 6 5 5 5 8 8 9 14 14 7 7 3 3 3 4 4 4 5 5 5 8 8 4
 0 0 1 17 17 8 12 12 3 3 3 8 8 26 20 20 5 5 11 7 7 6 6 6 5 5 5 8 8 9 14 14 7 7 3 3 3 4 4 4 5 5 5 8 8 4
 0 0 0 5 5 5 4 4 7 7 8 16 16 29 16 16 4 4 3 4 4 4 2 2 2 2 3 11 11 9 10 10 6 6 4 7 7 2 5 5 13 13 14 3 3 3
 0 0 0 5 5 5 4 4 7 7 8 16 16 29 16 16 4 4 3 4 4 4 2 2 2 2 3 11 11 9 10 10 6 6 4 7 7 2 5 5 13 13 14 3 3 3
 0 0 1 5 5 6 5 5 8 8 11 9 9 3 1 1 1 1 6 3 3 1 4 4 3 3 4 10 10 10 20 20 10 10 6 5 5 4 5 5 3 3 3 15 15 7
 0 0 0 1 1 1 2 2 3 3 7 3 3 2 4 4 6 6 6 7 7 3 2 2 3 3 4 9 9 11 9 9 10 10 6 17 17 11 10 10 14 14 16 16 16 26
 0 0 0 1 1 1 2 2 3 3 7 3 3 2 4 4 6 6 6 7 7 3 2 2 3 3 4 9 9 11 9 9 10 10 6 17 17 11 10 10 14 14 16 16 16 26
 0 0 0 0 0 1 1 1 2 2 1 3 3 3 4 4 6 6 7 9 9 2 7 7 9 9 5 7 7 5 6 6 7 7 13 10 10 12 13 13 42 42 47 36 36 16
 0 0 0 0 0 1 1 1 1 1 1 5 5 18 14 14 12 12 11 5 5 5 11 11 9 9 9 7 7 8 6 6 6 6 31 32 32 30 34 34 50 50 43 33 33 19
 0 0 0 0 0 1 1 1 1 1 1 5 5 18 14 14 12 12 11 5 5 5 11 11 9 9 9 7 7 8 6 6 6 6 31 32 32 30 34 34 50 50 43 33 33 19
 1 1 0 0 0 1 1 1 1 1 3 3 3 18 18 18 9 9 7 6 6 10 11 11 13 13 14 9 9 12 10 10 16 16 35 31 31 17 14 14 27 27 31 28 28 25
 1 1 0 0 0 1 1 1 1 1 3 3 3 18 18 18 9 9 7 6 6 10 11 11 13 13 14 9 9 12 10 10 16 16 35 31 31 17 14 14 27 27 31 28 28 25
 1 1 1 1 1 1 1 1 1 1 1 8 8 17 18 18 8 8 7 7 7 15 11 11 9 9 9 10 10 19 20 20 42 42 40 24 24 21 15 15 20 20 32 12 12 19
 0 0 1 1 1 1 1 1 1 1 1 8 8 6 13 13 11 11 11 11 11 16 15 15 10 10 14 12 12 21 24 24 45 45 38 24 24 22 22 22 19 19 16 11 11 14
 0 0 1 1 1 1 1 1 1 1 1 8 8 6 13 13 11 11 11 11 11 16 15 15 10 10 14 12 12 21 24 24 45 45 38 24 24 22 22 22 19 19 16 11 11 14
 1 1 1 1 1 2 2 2 2 2 2 6 6 7 12 12 12 12 16 21 21 21 21 21 16 16 14 14 14 14 19 19 27 27 29 25 25 20 18 18 16 16 9 11 11 17
 1 1 1 1 1 2 3 3 3 3 3 8 8 9 15 15 24 24 23 22 22 22 22 22 29 29 32 37 37 15 17 17 17 17 23 26 26 21 23 23 19 19 15 11 11 11
 1 1 1 1 1 2 3 3 3 3 3 8 8 9 15 15 24 24 23 22 22 22 22 22 29 29 32 37 37 15 17 17 17 17 23 26 26 21 23 23 19 19 15 11 11 11
 1 1 1 2 2 5 7 7 7 7 8 8 8 9 17 17 19 19 21 23 23 22 35 35 31 31 32 40 40 29 21 21 17 17 24 27 27 22 17 17 11 11 8 10 10 44
 1 1 1 2 2 5 7 7 7 7 8 8 8 9 17 17 19 19 21 23 23 22 35 35 31 31 32 40 40 29 21 21 17 17 24 27 27 22 17 17 11 11 8 10 10 44
 2 2 3 3 3 6 5 5 8 8 12 12 12 13 17 17 20 20 21 23 23 29 33 33 33 33 39 45 45 49 35 35 28 28 26 22 22 13 21 21 15 15 12 30 30 20
 6 6 6 7 7 13 11 11 11 11 13 13 13 14 14 14 22 22 28 26 26 30 32 32 34 34 45 29 29 31 31 31 29 29 27 18 18 7 15 15 30 30 15 78 78 51
 6 6 6 7 7 13 11 11 11 11 13 13 13 14 14 14 22 22 28 26 26 30 32 32 34 34 45 29 29 31 31 31 29 29 27 18 18 7 15 15 30 30 15 78 78 51
 5 5 5 6 6 10 12 12 15 15 15 14 14 13 13 13 19 19 32 33 33 29 26 26 24 24 38 45 45 46 39 39 32 32 35 16 16 12 12 12 25 25 38 108 108 72
 4 4 7 8 8 11 13 13 16 16 17 17 17 14 13 13 25 25 28 30 30 26 29 29 36 36 48 54 54 38 41 41 35 35 29 10 10 18 18 18 22 22 36 38 38 68
 4 4 7 8 8 11 13 13 16 16 17 17 17 14 13 13 25 25 28 30 30 26 29 29 36 36 48 54 54 38 41 41 35 35 29 10 10 18 18 18 22 22 36 38 38 68
 5 5 7 10 10 15 18 18 20 20 23 19 19 13 28 28 41 41 41 30 30 27 30 30 36 36 46 53 53 46 40 40 34 34 25 16 16 17 13 13 13 13 16 13 13 20
 5 5 7 10 10 15 18 18 20 20 23 19 19 13 28 28 41 41 41 30 30 27 30 30 36 36 46 53 53 46 40 40 34 34 25 16 16 17 13 13 13 13 16 13 13 20
 12 12 13 12 12 12 18 18 16 16 18 16 16 13 27 27 41 41 41 34 34 36 40 40 49 49 49 52 52 58 43 43 29 29 33 22 22 21 13 13 12 12 16 15 15 11
 13 13 12 11 11 12 14 14 15 15 16 14 14 11 22 22 21 21 33 34 34 36 42 42 48 48 40 59 59 59 47 47 30 30 27 17 17 14 41 41 71 71 15 6 6 3
 13 13 12 11 11 12 14 14 15 15 16 14 14 11 22 22 21 21 33 34 34 36 42 42 48 48 40 59 59 59 47 47 30 30 27 17 17 14 41 41 71 71 15 6 6 3
 11 11 10 11 11 9 10 10 11 11 10 9 9 12 13 13 16 16 30 31 31 37 39 39 39 39 39 55 55 55 50 50 31 31 30 24 24 58 53 53 14 14 6 2 2 8
 7 7 6 6 6 6 7 7 9 9 8 9 9 14 16 16 17 17 30 30 30 38 34 34 32 32 33 48 48 55 48 48 35 35 20 26 26 31 41 41 8 8 3 2 2 3
 7 7 6 6 6 6 7 7 9 9 8 9 9 14 16 16 17 17 30 30 30 38 34 34 32 32 33 48 48 55 48 48 35 35 20 26 26 31 41 41 8 8 3 2 2 3
 7 7 4 4 4 3 5 5 7 7 9 14 14 20 22 22 21 21 26 26 26 34 38 38 35 35 34 35 35 40 26 26 28 28 24 29 29 37 18 18 5 5 2 3 3 2
 7 7 4 4 4 3 5 5 7 7 9 14 14 20 22 22 21 21 26 26 26 34 38 38 35 35 34 35 35 40 26 26 28 28 24 29 29 37 18 18 5 5 2 3 3 2
 6 6 5 4 4 3 5 5 8 8 12 28 28 28 21 21 24 24 16 17 17 28 27 27 39 39 32 35 35 38 25 25 23 23 30 33 33 29 16 16 6 6 2 2 2 2
 7 7 6 5 5 5 7 7 15 15 21 36 36 26 15 15 16 16 15 19 19 28 27 27 24 24 24 20 20 12 10 10 8 8 12 21 21 13 9 9 13 13 19 2 2 2
 7 7 6 5 5 5 7 7 15 15 21 36 36 26 15 15 16 16 15 19 19 28 27 27 24 24 24 20 20 12 10 10 8 8 12 21 21 13 9 9 13 13 19 2 2 2
 7 7 6 5 5 5 9 9 12 12 20 20 20 26 11 11 11 11 7 9 9 8 17 17 25 25 26 20 20 12 8 8 10 10 10 11 11 10 8 8 18 18 2 1 1 1
 7 7 6 5 5 7 7 7 9 9 9 6 6 5 6 6 5 5 7 7 7 6 18 18 25 25 21 13 13 12 11 11 9 9 13 3 3 10 5 5 5 5 2 1 1 0
 7 7 6 5 5 7 7 7 9 9 9 6 6 5 6 6 5 5 7 7 7 6 18 18 25 25 21 13 13 12 11 11 9 9 13 3 3 10 5 5 5 5 2 1 1 0
 7 7 6 5 5 5 5 5 5 5 5 4 4 6 8 8 6 6 9 8 8 8 18 18 23 23 18 9 9 9 19 19 12 12 11 5 5 5 7 7 5 5 0 0 0 0
 7 7 6 5 5 5 5 5 5 5 5 4 4 6 8 8 6 6 9 8 8 8 18 18 23 23 18 9 9 9 19 19 12 12 11 5 5 5 7 7 5 5 0 0 0 0
 6 6 5 5 5 4 5 5 4 4 3 3 3 6 11 11 11 11 13 8 8 4 14 14 17 17 14 8 8 7 14 14 15 15 10 2 2 2 4 4 5 5 0 0 0 0
 5 5 3 3 3 3 3 3 3 3 3 5 5 9 11 11 8 8 9 9 9 5 4 4 15 15 13 11 11 10 15 15 14 14 8 1 1 1 2 2 3 3 0 0 0 0
 5 5 3 3 3 3 3 3 3 3 3 5 5 9 11 11 8 8 9 9 9 5 4 4 15 15 13 11 11 10 15 15 14 14 8 1 1 1 2 2 3 3 0 0 0 0
 7 7 4 3 3 3 3 3 5 5 5 6 6 6 6 6 7 7 6 8 8 4 3 3 15 15 13 12 12 6 6 6 3 3 1 6 6 8 0 0 0 0 0 0 0 0
 8 8 6 5 5 10 8 8 11 11 8 3 3 3 3 3 6 6 7 6 6 6 3 3 19 19 18 15 15 6 6 6 3 3 1 3 3 11 3 3 0 0 4 2 2 25
 8 8 6 5 5 10 8 8 11 11 8 3 3 3 3 3 6 6 7 6 6 6 3 3 19 19 18 15 15 6 6 6 3 3 1 3 3 11 3 3 0 0 4 2 2 25
 9 9 8 8 8 13 12 12 13 13 11 8 8 4 6 6 7 7 9 9 9 7 5 5 2 2 5 5 5 3 2 2 2 2 2 10 10 11 15 15 7 7 5 25 25 9
 9 9 8 8 8 13 12 12 13 13 11 8 8 4 6 6 7 7 9 9 9 7 5 5 2 2 5 5 5 3 2 2 2 2 2 10 10 11 15 15 7 7 5 25 25 9
 17 17 12 12 12 19 13 13 18 18 16 10 10 7 10 10 11 11 12 10 10 8 4 4 4 4 5 3 3 5 4 4 3 3 3 11 11 19 16 16 18 18 19 28 28 1
 18 18 18 17 17 17 15 15 20 20 15 15 15 16 16 16 12 12 11 9 9 8 5 5 4 4 5 3 3 5 4 4 4 4 9 17 17 25 27 27 18 18 15 11 11 2
 18 18 18 17 17 17 15 15 20 20 15 15 15 16 16 16 12 12 11 9 9 8 5 5 4 4 5 3 3 5 4 4 4 4 9 17 17 25 27 27 18 18 15 11 11 2
 34 34 31 26 26 18 20 20 24 24 20 18 18 20 16 16 11 11 11 8 8 4 2 2 2 2 4 2 2 5 6 6 8 8 10 10 10 13 17 17 20 20 15 5 5 6
 37 37 31 30 30 27 26 26 25 25 28 29 29 17 15 15 10 10 9 14 14 12 12 12 2 2 1 1 1 5 5 5 8 8 13 12 12 4 2 2 15 15 4 5 5 4
 37 37 31 30 30 27 26 26 25 25 28 29 29 17 15 15 10 10 9 14 14 12 12 12 2 2 1 1 1 5 5 5 8 8 13 12 12 4 2 2 15 15 4 5 5 4
 36 36 30 27 27 26 24 24 32 32 32 38 38 33 25 25 9 9 7 11 11 11 11 11 1 1 1 1 1 4 4 4 19 19 9 10 10 3 3 3 3 3 8 6 6 8
 36 36 30 27 27 26 24 24 32 32 32 38 38 33 25 25 9 9 7 11 11 11 11 11 1 1 1 1 1 4 4 4 19 19 9 10 10 3 3 3 3 3 8 6 6 8
 32 32 29 28 28 34 26 26 25 25 23 24 24 25 13 13 9 9 6 6 6 7 2 2 1 1 1 1 1 4 2 2 4 4 4 6 6 4 2 2 1 1 1 2 2 3
 36 36 29 31 31 27 32 32 30 30 26 20 20 18 9 9 6 6 8 1 1 1 1 1 1 1 1 2 2 2 2 2 4 4 3 2 2 3 2 2 1 1 1 1 1 1
 36 36 29 31 31 27 32 32 30 30 26 20 20 18 9 9 6 6 8 1 1 1 1 1 1 1 1 2 2 2 2 2 4 4 3 2 2 3 2 2 1 1 1 1 1 1
 40 40 39 43 43 39 37 37 34 34 24 18 18 16 8 8 8 8 4 2 2 1 1 1 1 1 1 1 1 2 1 1 2 2 2 2 2 2 3 3 2 2 2 1 1 1
 42 42 44 44 44 45 49 49 37 37 34 26 26 19 10 10 9 9 3 3 3 3 1 1 1 1 1 1 1 1 1 1 1 1 2 2 2 2 2 2 1 1 3 2 2 2
