assets/RAT_results/precipitation/2020-06-05_IMERG.asc
ncols        46
nrows        77
xllcorner    74.800261325624
yllcorner    8.058333333333
cellsize     0.062500000000
NODATA_value -9999
 2 2 0 1 1 0 0 0 0 0 0 0 0 0 0 0 0 0 0 0 0 0 0 0 0 0 0 0 0 0 0 0 1 1 4 5 5 4 0 0 0 0 0 0 0 0
 1 1 0 0 0 0 0 0 0 0 0 0 0 0 0 0 0 0 0 0 0 0 0 0 0 0 0 0 0 0 0 0 1 1 0 1 1 1 0 0 0 0 0 0 0 0
 1 1 0 0 0 0 0 0 0 0 0 0 0 0 0 0 0 0 0 0 0 0 0 0 0 0 0 0 0 0 0 0 1 1 0 1 1 1 0 0 0 0 0 0 0 0
 1 1 0 0 0 0 0 0 0 0 0 0 0 0 0 0 0 0 0 0 0 0 0 0 0 0 0 1 1 0 0 0 0 0 1 1 1 1 0 0 0 0 0 0 0 0
 2 2 1 0 0 0 0 0 0 0 0 0 0 0 0 0 0 0 0 0 0 0 0 0 0 0 0 1 1 0 0 0 0 0 0 0 0 1 0 0 0 0 0 0 0 0
 2 2 1 0 0 0 0 0 0 0 0 0 0 0 0 0 0 0 0 0 0 0 0 0 0 0 0 1 1 0 0 0 0 0 0 0 0 1 0 0 0 0 0 0 0 0
 2 2 1 2 2 0 0 0 0 0 0 0 0 0 0 0 0 0 0 0 0 0 0 0 0 0 0 0 0 0 0 0 0 0 0 0 0 0 0 0 0 0 0 0 0 0
 2 2 1 2 2 0 0 0 0 0 0 0 0 0 0 0 0 0 0 0 0 0 0 0 0 0 0 0 0 0 0 0 0 0 0 0 0 0 0 0 0 0 0 0 0 0
 3 3 3 3 3 2 1 1 0 0 0 0 0 0 0 0 0 0 0 0 0 0 0 0 0 0 0 0 0 0 0 0 0 0 0 0 0 0 0 0 0 0 0 0 0 0
 3 3 3 5 5 5 4 4 1 1 0 0 0 0 0 0 0 0 0 0 0 0 0 0 0 0 0 0 0 0 0 0 0 0 0 0 0 0 0 0 0 0 0 0 0 0
 3 3 3 5 5 5 4 4 1 1 0 0 0 0 0 0 0 0 0 0 0 0 0 0 0 0 0 0 0 0 0 0 0 0 0 0 0 0 0 0 0 0 0 0 0 0
 8 8 5 5 5 6 2 2 1 1 1 1 1 0 0 0 0 0 0 0 0 0 0 0 0 0 0 0 0 0 0 0 0 0 0 0 0 0 0 0 0 0 0 0 0 0
 8 8 8 8 8 9 5 5 3 3 3 3 3 0 0 0 0 0 0 0 0 0 0 0 0 0 0 0 0 0 0 0 0 0 0 0 0 0 0 0 0 0 0 1 1 0
 8 8 8 8 8 9 5 5 3 3 3 3 3 0 0 0 0 0 0 0 0 0 0 0 0 0 0 0 0 0 0 0 0 0 0 0 0 0 0 0 0 0 0 1 1 0
 7 7 7 5 5 9 15 15 4 4 3 3 3 0 0 0 0 0 1 2 2 0 0 0 0 0 0 0 0 0 0 0 0 0 0 0 0 1 1 1 1 1 1 1 1 3
 7 7 7 5 5 9 15 15 4 4 3 3 3 0 0 0 0 0 1 2 2 0 0 0 0 0 0 0 0 0 0 0 0 0 0 0 0 1 1 1 1 1 1 1 1 3
 4 4 5 4 4 9 12 12 14 14 9 8 8 2 0 0 0 0 0 1 1 0 0 0 1 1 0 0 0 0 1 1 1 1 1 1 1 1 1 1 1 1 1 2 2 6
 4 4 5 4 4 5 8 8 9 9 4 9 9 3 0 0 0 0 0 0 0 0 0 0 1 1 0 0 0 0 0 0 0 0 1 1 1 1 1 1 1 1 1 1 1 4
 4 4 5 4 4 5 8 8 9 9 4 9 9 3 0 0 0 0 0 0 0 0 0 0 1 1 0 0 0 0 0 0 0 0 1 1 1 1 1 1 1 1 1 1 1 4
 4 4 5 6 6 6 9 9 8 8 5 9 9 6 1 1 1 1 0 0 0 0 0 0 1 1 1 1 1 0 0 0 0 0 0 1 1 0 0 0 1 1 0 0 0 1
 6 6 5 6 6 6 8 8 7 7 6 9 9 7 2 2 1 1 0 0 0 0 0 0 0 0 0 0 0 0 0 0 0 0 0 0 0 0 0 0 0 0 0 0 0 0
 6 6 5 6 6 6 8 8 7 7 6 9 9 7 2 2 1 1 0 0 0 0 0 0 0 0 0 0 0 0 0 0 0 0 0 0 0 0 0 0 0 0 0 0 0 0
 7 7 8 3 3 4 6 6 6 6 7 7 7 7 3 3 1 1 1 1 1 0 0 0 0 0 0 0 0 0 0 0 0 0 0 0 0 0 0 0 0 0 0 0 0 0
 7 7 8 3 3 4 6 6 6 6 7 7 7 7 3 3 1 1 1 1 1 0 0 0 0 0 0 0 0 0 0 0 0 0 0 0 0 0 0 0 0 0 0 0 0 0
 12 12 8 3 3 3 3 3 3 3 6 6 6 16 7 7 3 3 1 1 1 0 0 0 0 0 0 0 0 1 0 0 0 0 0 0 0 0 0 0 0 0 0 0 0 0
 13 13 13 11 11 6 4 4 4 4 5 5 5 9 22 22 18 18 1 2 2 0 3 3 3 3 1 1 1 1 0 0 0 0 0 0 0 0 0 0 0 0 0 0 0 0
 13 13 13 11 11 6 4 4 4 4 5 5 5 9 22 22 18 18 1 2 2 0 3 3 3 3 1 1 1 1 0 0 0 0 0 0 0 0 0 0 0 0 0 0 0 0
 17 17 15 13 13 14 5 5 6 6 6 5 5 10 21 21 6 6 3 2 2 0 1 1 3 3 2 1 1 1 0 0 0 0 0 0 0 0 0 0 0 0 0 0 0 0
 16 16 12 15 15 16 5 5 7 7 6 6 6 7 22 22 9 9 8 3 3 2 2 2 2 2 2 1 1 1 1 1 0 0 0 0 0 0 0 0 0 0 0 0 0 0
 16 16 12 15 15 16 5 5 7 7 6 6 6 7 22 22 9 9 8 3 3 2 2 2 2 2 2 1 1 1 1 1 0 0 0 0 0 0 0 0 0 0 0 0 0 0
 14 14 12 12 12 12 16 16 9 9 7 4 4 11 12 12 10 10 10 5 5 3 4 4 5 5 3 2 2 0 0 0 0 0 0 0 0 1 1 1 1 1 1 0 0 0
 14 14 12 12 12 12 16 16 9 9 7 4 4 11 12 12 10 10 10 5 5 3 4 4 5 5 3 2 2 0 0 0 0 0 0 0 0 1 1 1 1 1 1 0 0 0
 11 11 43 16 16 12 14 14 3 3 5 5 5 20 23 23 25 25 13 6 6 6 4 4 6 6 8 6 6 0 0 0 0 0 0 0 0 0 0 0 1 1 1 1 1 0
 38 38 57 39 39 32 18 18 5 5 5 3 3 19 21 21 20 20 12 7 7 5 6 6 12 12 11 9 9 2 2 2 0 0 0 0 0 0 1 1 1 1 2 1 1 1
 38 38 57 39 39 32 18 18 5 5 5 3 3 19 21 21 20 20 12 7 7 5 6 6 12 12 11 9 9 2 2 2 0 0 0 0 0 0 1 1 1 1 2 1 1 1
 27 27 33 69 69 22 19 19 11 11 7 2 2 2 3 3 5 5 12 6 6 5 7 7 9 9 11 13 13 5 5 5 2 2 0 0 0 0 1 1 2 2 2 2 2 2
 20 20 27 64 64 24 32 32 26 26 9 2 2 1 1 1 1 1 3 3 3 4 8 8 9 9 13 19 19 9 2 2 2 2 1 0 0 0 1 1 1 1 1 1 1 2
 20 20 27 64 64 24 32 32 26 26 9 2 2 1 1 1 1 1 3 3 3 4 8 8 9 9 13 19 19 9 2 2 2 2 1 0 0 0 1 1 1 1 1 1 1 2
 11 11 14 19 19 27 50 50 97 97 58 1 1 1 2 2 1 1 1 3 3 3 5 5 7 7 6 15 15 5 4 4 2 2 1 1 1 1 1 1 1 1 1 0 0 1
 11 11 14 19 19 27 50 50 97 97 58 1 1 1 2 2 1 1 1 3 3 3 5 5 7 7 6 15 15 5 4 4 2 2 1 1 1 1 1 1 1 1 1 0 0 1
 14 14 17 19 19 29 97 97 104 104 87 14 14 2 1 1 2 2 2 2 2 4 7 7 12 12 5 4 4 5 5 5 2 2 2 2 2 1 1 1 1 1 4 0 0 0
 11 11 15 18 18 22 26 26 26 26 36 15 15 9 4 4 3 3 2 6 6 4 6 6 9 9 3 3 3 2 2 2 1 1 1 2 2 2 1 1 4 4 3 0 0 0
 11 11 15 18 18 22 26 26 26 26 36 15 15 9 4 4 3 3 2 6 6 4 6 6 9 9 3 3 3 2 2 2 1 1 1 2 2 2 1 1 4 4 3 0 0 0
 14 14 14 19 19 16 18 18 25 25 29 19 19 13 8 8 4 4 4 7 7 16 5 5 6 6 4 4 4 1 1 1 1 1 1 2 2 3 0 0 0 0 0 0 0 0
 17 17 16 21 21 24 24 24 23 23 28 22 22 16 14 14 10 10 7 12 12 10 8 8 4 4 6 4 4 2 2 2 1 1 2 2 2 3 0 0 0 0 0 0 0 0
 17 17 16 21 21 24 24 24 23 23 28 22 22 16 14 14 10 10 7 12 12 10 8 8 4 4 6 4 4 2 2 2 1 1 2 2 2 3 0 0 0 0 0 0 0 0
 17 17 19 22 22 33 30 30 30 30 28 28 28 26 19 19 10 10 7 10 10 10 9 9 9 9 10 9 9 11 3 3 2 2 2 3 3 2 0 0 0 0 0 0 0 0
 17 17 19 22 22 33 30 30 30 30 28 28 28 26 19 19 10 10 7 10 10 10 9 9 9 9 10 9 9 11 3 3 2 2 2 3 3 2 0 0 0 0 0 0 0 0
 14 14 14 16 16 21 24 24 25 25 25 29 29 21 16 16 10 10 8 10 10 20 20 20 14 14 14 17 17 13 5 5 2 2 2 2 2 2 0 0 0 0 0 0 0 0
 12 12 13 15 15 19 28 28 22 22 28 31 31 26 20 20 20 20 11 17 17 20 18 18 22 22 21 17 17 12 5 5 2 2 2 2 2 1 0 0 0 0 0 0 0 0
 12 12 13 15 15 19 28 28 22 22 28 31 31 26 20 20 20 20 11 17 17 20 18 18 22 22 21 17 17 12 5 5 2 2 2 2 2 1 0 0 0 0 0 0 0 0
 9 9 11 14 14 15 19 19 23 23 30 40 40 34 28 28 19 19 20 22 22 24 32 32 28 28 21 17 17 10 5 5 2 2 2 2 2 1 1 1 0 0 0 0 0 0
 10 10 10 14 14 14 22 22 27 27 34 31 31 31 30 30 22 22 22 27 27 35 28 28 28 28 34 21 21 19 10 10 11 11 11 3 3 1 1 1 0 0 0 0 0 0
 10 10 10 14 14 14 22 22 27 27 34 31 31 31 30 30 22 22 22 27 27 35 28 28 28 28 34 21 21 19 10 10 11 11 11 3 3 1 1 1 0 0 0 0 0 0
 11 11 14 17 17 20 21 21 29 29 27 33 33 23 29 29 26 26 25 30 30 30 28 28 32 32 32 26 26 12 10 10 8 8 1 1 1 1 1 1 1 1 0 0 0 0
 11 11 14 17 17 20 21 21 29 29 27 33 33 23 29 29 26 26 25 30 30 30 28 28 32 32 32 26 26 12 10 10 8 8 1 1 1 1 1 1 1 1 0 0 0 0
 11 11 14 17 17 19 21 21 23 23 26 31 31 27 26 26 18 18 21 20 20 26 29 29 29 29 33 19 19 11 10 10 8 8 1 2 2 1 1 1 1 1 0 0 0 0
 11 11 13 16 16 18 21 21 25 25 27 29 29 27 27 27 28 28 27 30 30 36 28 28 35 35 35 25 25 19 14 14 9 9 2 2 2 1 1 1 1 1 0 0 0 0
 11 11 13 16 16 18 21 21 25 25 27 29 29 27 27 27 28 28 27 30 30 36 28 28 35 35 35 25 25 19 14 14 9 9 2 2 2 1 1 1 1 1 0 0 0 0
 14 14 20 24 24 26 32 32 31 31 32 24 24 27 29 29 35 35 36 28 28 23 31 31 31 31 40 33 33 29 20 20 10 10 7 7 7 1 1 1 1 1 0 0 0 0
 19 19 27 22 22 23 31 31 32 32 25 21 21 21 22 22 25 25 28 24 24 22 33 33 33 33 43 34 34 35 32 32 25 25 10 7 7 1 1 1 1 1 0 0 0 0
 19 19 27 22 22 23 31 31 32 32 25 21 21 21 22 22 25 25 28 24 24 22 33 33 33 33 43 34 34 35 32 32 25 25 10 7 7 1 1 1 1 1 0 0 0 0
 23 23 17 15 15 20 27 27 24 24 25 27 27 26 20 20 30 30 24 32 32 27 20 20 20 20 26 39 39 44 23 23 21 21 26 8 8 2 2 2 1 1 0 0 0 0
 23 23 17 15 15 20 27 27 24 24 25 27 27 26 20 20 30 30 24 32 32 27 20 20 20 20 26 39 39 44 23 23 21 21 26 8 8 2 2 2 1 1 0 0 0 0
 14 14 13 15 15 21 23 23 20 20 23 24 24 32 32 32 32 32 26 25 25 25 22 22 24 24 17 25 25 33 30 30 26 26 36 21 21 17 1 1 1 1 0 0 0 0
 11 11 11 13 13 14 18 18 19 19 21 22 22 30 32 32 35 35 33 35 35 28 23 23 22 22 30 31 31 45 37 37 40 40 43 41 41 19 2 2 1 1 0 0 0 0
 11 11 11 13 13 14 18 18 19 19 21 22 22 30 32 32 35 35 33 35 35 28 23 23 22 22 30 31 31 45 37 37 40 40 43 41 41 19 2 2 1 1 0 0 0 0
 10 10 10 13 13 13 15 15 16 16 17 18 18 19 20 20 27 27 34 41 41 37 30 30 33 33 32 51 51 36 33 33 24 24 35 40 40 15 8 8 5 5 1 0 0 0
 9 9 10 11 11 12 14 14 16 16 18 19 19 20 21 21 22 22 24 27 27 30 31 31 35 35 36 43 43 50 47 47 28 28 24 19 19 16 8 8 6 6 1 0 0 0
 9 9 10 11 11 12 14 14 16 16 18 19 19 20 21 21 22 22 24 27 27 30 31 31 35 35 36 43 43 50 47 47 28 28 24 19 19 16 8 8 6 6 1 0 0 0
 7 7 9 10 10 11 13 13 15 15 16 15 15 17 19 19 22 22 24 28 28 33 34 34 39 39 38 44 44 40 45 45 22 22 18 20 20 21 16 16 13 13 7 3 3 3
 7 7 9 10 10 11 13 13 15 15 16 15 15 17 19 19 22 22 24 28 28 33 34 34 39 39 38 44 44 40 45 45 22 22 18 20 20 21 16 16 13 13 7 3 3 3
 7 7 9 10 10 12 14 14 17 17 15 15 15 17 20 20 23 23 24 25 25 30 32 32 39 39 38 41 41 29 39 39 30 30 21 14 14 18 14 14 13 13 15 6 6 1
 9 9 10 11 11 12 14 14 16 16 14 13 13 14 16 16 20 20 20 22 22 28 33 33 36 36 39 45 45 46 37 37 50 50 30 17 17 21 17 17 19 19 20 16 16 5
 9 9 10 11 11 12 14 14 16 16 14 13 13 14 16 16 20 20 20 22 22 28 33 33 36 36 39 45 45 46 37 37 50 50 30 17 17 21 17 17 19 19 20 16 16 5
 9 9 10 10 10 10 11 11 12 12 12 12 12 13 16 16 22 22 21 23 23 28 27 27 28 28 32 42 42 49 44 44 56 56 42 39 39 23 25 25 35 35 25 24 24 16
 10 10 11 11 11 10 10 10 10 10 11 13 13 16 15 15 17 17 22 21 21 21 21 21 25 25 31 41 41 51 45 45 60 60 67 62 62 58 36 36 22 22 29 19 19 11
