assets/RAT_results/precipitation/2020-07-10_IMERG.asc
ncols        46
nrows        77
xllcorner    74.800261325624
yllcorner    8.058333333333
cellsize     0.062500000000
NODATA_value -9999
 6 6 3 1 1 1 2 2 1 1 0 0 0 1 0 0 0 0 0 1 1 1 1 1 0 0 1 0 0 1 0 0 0 0 0 0 0 0 1 1 1 1 1 2 2 3
 5 5 6 3 3 1 1 1 1 1 0 0 0 0 0 0 1 1 0 0 0 1 0 0 0 0 1 0 0 0 0 0 0 0 0 0 0 0 0 0 1 1 2 3 3 4
 5 5 6 3 3 1 1 1 1 1 0 0 0 0 0 0 1 1 0 0 0 1 0 0 0 0 1 0 0 0 0 0 0 0 0 0 0 0 0 0 1 1 2 3 3 4
 5 5 6 2 2 1 1 1 0 0 0 0 0 0 1 1 0 0 0 0 0 0 0 0 0 0 1 1 1 0 0 0 0 0 0 0 0 0 1 1 2 2 2 4 4 5
 5 5 8 5 5 1 0 0 0 0 0 0 0 1 1 1 1 1 0 1 1 0 0 0 0 0 0 1 1 0 0 0 0 0 1 0 0 1 0 0 1 1 1 2 2 4
 5 5 8 5 5 1 0 0 0 0 0 0 0 1 1 1 1 1 0 1 1 0 0 0 0 0 0 1 1 0 0 0 0 0 1 0 0 1 0 0 1 1 1 2 2 4
 5 5 6 3 3 2 0 0 1 1 0 0 0 2 1 1 1 1 1 1 1 1 0 0 0 0 1 1 1 1 1 1 0 0 1 1 1 1 1 1 1 1 1 2 2 2
 5 5 6 3 3 2 0 0 1 1 0 0 0 2 1 1 1 1 1 1 1 1 0 0 0 0 1 1 1 1 1 1 0 0 1 1 1 1 1 1 1 1 1 2 2 2
 8 8 8 3 3 3 0 0 1 1 2 2 2 1 1 1 1 1 1 0 0 0 0 0 0 0 1 1 1 1 0 0 0 0 1 1 1 2 2 2 1 1 1 2 2 2
 7 7 7 4 4 3 2 2 1 1 1 2 2 2 1 1 1 1 0 0 0 0 0 0 0 0 0 0 0 0 0 0 1 1 1 1 1 2 3 3 2 2 3 4 4 4
 7 7 7 4 4 3 2 2 1 1 1 2 2 2 1 1 1 1 0 0 0 0 0 0 0 0 0 0 0 0 0 0 1 1 1 1 1 2 3 3 2 2 3 4 4 4
 1 1 6 1 1 4 3 3 1 1 2 2 2 2 1 1 1 1 0 0 0 0 0 0 0 0 0 0 0 0 1 1 2 2 2 2 2 2 2 2 3 3 4 5 5 7
 1 1 2 2 2 5 3 3 2 2 1 3 3 2 1 1 0 0 0 0 0 0 0 0 0 0 0 0 0 1 1 1 2 2 2 2 2 2 3 3 6 6 7 6 6 6
 1 1 2 2 2 5 3 3 2 2 1 3 3 2 1 1 0 0 0 0 0 0 0 0 0 0 0 0 0 1 1 1 2 2 2 2 2 2 3 3 6 6 7 6 6 6
 2 2 2 3 3 3 4 4 4 4 2 2 2 1 1 1 0 0 0 0 0 0 0 0 0 0 0 0 0 1 1 1 1 1 1 2 2 2 4 4 5 5 9 12 12 10
 2 2 2 3 3 3 4 4 4 4 2 2 2 1 1 1 0 0 0 0 0 0 0 0 0 0 0 0 0 1 1 1 1 1 1 2 2 2 4 4 5 5 9 12 12 10
 3 3 12 12 12 12 8 8 6 6 4 2 2 2 2 2 1 1 1 0 0 0 0 0 1 1 1 1 1 1 1 1 1 1 1 1 1 2 4 4 6 6 8 9 9 10
 4 4 11 12 12 10 8 8 9 9 16 3 3 6 4 4 2 2 2 1 1 1 1 1 2 2 1 1 1 1 1 1 1 1 2 2 2 5 8 8 7 7 9 4 4 6
 4 4 11 12 12 10 8 8 9 9 16 3 3 6 4 4 2 2 2 1 1 1 1 1 2 2 1 1 1 1 1 1 1 1 2 2 2 5 8 8 7 7 9 4 4 6
 20 20 18 18 18 18 20 20 8 8 8 6 6 5 3 3 3 3 3 2 2 2 3 3 3 3 2 2 2 2 2 2 2 2 4 5 5 10 12 12 13 13 10 8 8 3
 9 9 9 9 9 8 25 25 14 14 7 7 7 5 3 3 3 3 3 3 3 3 2 2 2 2 3 2 2 3 3 3 3 3 3 4 4 8 8 8 14 14 10 8 8 8
 9 9 9 9 9 8 25 25 14 14 7 7 7 5 3 3 3 3 3 3 3 3 2 2 2 2 3 2 2 3 3 3 3 3 3 4 4 8 8 8 14 14 10 8 8 8
 10 10 10 11 11 10 9 9 9 9 9 5 5 11 7 7 5 5 3 3 3 3 1 1 2 2 2 3 3 3 3 3 4 4 3 3 3 4 5 5 7 7 7 8 8 3
 10 10 10 11 11 10 9 9 9 9 9 5 5 11 7 7 5 5 3 3 3 3 1 1 2 2 2 3 3 3 3 3 4 4 3 3 3 4 5 5 7 7 7 8 8 3
 3 3 2 8 8 10 11 11 11 11 5 5 5 9 11 11 8 8 3 3 3 2 1 1 1 1 3 4 4 3 2 2 2 2 2 1 1 2 4 4 4 4 3 3 3 3
 8 8 17 2 2 6 7 7 6 6 3 9 9 9 15 15 9 9 6 3 3 4 5 5 2 2 3 3 3 5 2 2 2 2 3 2 2 1 2 2 2 2 3 2 2 4
 8 8 17 2 2 6 7 7 6 6 3 9 9 9 15 15 9 9 6 3 3 4 5 5 2 2 3 3 3 5 2 2 2 2 3 2 2 1 2 2 2 2 3 2 2 4
 10 10 17 19 19 17 18 18 19 19 19 3 3 9 10 10 11 11 10 7 7 7 6 6 10 10 7 10 10 8 7 7 3 3 3 1 1 1 1 1 2 2 3 2 2 4
 19 19 17 20 20 17 17 17 18 18 18 2 2 9 9 9 10 10 9 6 6 8 9 9 14 14 16 11 11 11 9 9 7 7 6 1 1 1 1 1 2 2 2 3 3 4
 19 19 17 20 20 17 17 17 18 18 18 2 2 9 9 9 10 10 9 6 6 8 9 9 14 14 16 11 11 11 9 9 7 7 6 1 1 1 1 1 2 2 2 3 3 4
 23 23 19 20 20 23 23 23 3 3 2 1 1 4 4 4 10 10 12 10 10 10 9 9 17 17 17 21 21 21 18 18 14 14 14 2 2 2 2 2 1 1 3 3 3 3
 23 23 19 20 20 23 23 23 3 3 2 1 1 4 4 4 10 10 12 10 10 10 9 9 17 17 17 21 21 21 18 18 14 14 14 2 2 2 2 2 1 1 3 3 3 3
 15 15 8 7 7 2 23 23 1 1 2 7 7 8 6 6 11 11 10 10 10 10 12 12 23 23 23 29 29 28 19 19 16 16 12 3 3 4 2 2 3 3 5 4 4 6
 10 10 10 11 11 5 5 5 6 6 6 7 7 7 6 6 11 11 13 11 11 13 14 14 25 25 27 34 34 40 24 24 19 19 4 3 3 3 3 3 3 3 5 6 6 4
 10 10 10 11 11 5 5 5 6 6 6 7 7 7 6 6 11 11 13 11 11 13 14 14 25 25 27 34 34 40 24 24 19 19 4 3 3 3 3 3 3 3 5 6 6 4
 16 16 15 9 9 9 9 9 8 8 9 9 9 10 10 10 12 12 19 15 15 17 21 21 25 25 23 25 25 31 20 20 27 27 13 3 3 3 3 3 3 3 4 4 4 4
 19 19 26 12 12 11 13 13 11 11 12 13 13 13 13 13 15 15 18 19 19 20 19 19 18 18 14 23 23 27 23 23 9 9 5 4 4 3 3 3 3 3 4 4 4 4
 19 19 26 12 12 11 13 13 11 11 12 13 13 13 13 13 15 15 18 19 19 20 19 19 18 18 14 23 23 27 23 23 9 9 5 4 4 3 3 3 3 3 4 4 4 4
 23 23 21 15 15 11 12 12 12 12 11 10 10 14 14 14 16 16 19 19 19 23 18 18 16 16 10 11 11 13 13 13 13 13 5 5 5 3 4 4 3 3 4 5 5 6
 23 23 21 15 15 11 12 12 12 12 11 10 10 14 14 14 16 16 19 19 19 23 18 18 16 16 10 11 11 13 13 13 13 13 5 5 5 3 4 4 3 3 4 5 5 6
 20 20 20 13 13 11 11 11 11 11 10 8 8 11 14 14 13 13 16 18 18 20 15 15 12 12 7 7 7 6 8 8 8 8 4 4 4 5 5 5 5 5 4 6 6 5
 17 17 10 12 12 14 11 11 10 10 8 5 5 12 12 12 14 14 15 15 15 15 16 16 13 13 6 6 6 4 2 2 4 4 5 5 5 5 6 6 5 5 5 4 4 4
 17 17 10 12 12 14 11 11 10 10 8 5 5 12 12 12 14 14 15 15 15 15 16 16 13 13 6 6 6 4 2 2 4 4 5 5 5 5 6 6 5 5 5 4 4 4
 17 17 9 10 10 11 8 8 11 11 6 4 4 1 4 4 5 5 9 12 12 14 16 16 12 12 7 4 4 3 3 3 4 4 4 4 4 5 5 5 5 5 4 3 3 2
 14 14 8 8 8 9 6 6 6 6 2 1 1 1 1 1 4 4 6 6 6 15 14 14 10 10 7 5 5 3 2 2 3 3 3 4 4 5 4 4 4 4 3 2 2 1
 14 14 8 8 8 9 6 6 6 6 2 1 1 1 1 1 4 4 6 6 6 15 14 14 10 10 7 5 5 3 2 2 3 3 3 4 4 5 4 4 4 4 3 2 2 1
 13 13 7 7 7 4 3 3 3 3 1 1 1 1 1 1 3 3 3 3 3 7 5 5 8 8 5 5 5 2 2 2 3 3 3 3 3 4 5 5 3 3 3 2 2 1
 13 13 7 7 7 4 3 3 3 3 1 1 1 1 1 1 3 3 3 3 3 7 5 5 8 8 5 5 5 2 2 2 3 3 3 3 3 4 5 5 3 3 3 2 2 1
 9 9 5 4 4 2 2 2 2 2 1 1 1 1 1 1 2 2 2 1 1 4 5 5 7 7 5 3 3 3 2 2 3 3 3 3 3 4 4 4 4 4 3 2 2 1
 4 4 4 4 4 2 5 5 2 2 3 2 2 1 1 1 1 1 1 2 2 3 4 4 6 6 5 3 3 2 3 3 4 4 4 5 5 3 3 3 3 3 3 2 2 2
 4 4 4 4 4 2 5 5 2 2 3 2 2 1 1 1 1 1 1 2 2 3 4 4 6 6 5 3 3 2 3 3 4 4 4 5 5 3 3 3 3 3 3 2 2 2
 7 7 3 4 4 7 5 5 3 3 3 2 2 2 2 2 1 1 1 1 1 3 4 4 6 6 6 4 4 4 4 4 3 3 3 3 3 3 3 3 2 2 3 2 2 2
 8 8 3 4 4 6 4 4 3 3 2 2 2 2 2 2 1 1 1 1 1 2 3 3 5 5 6 4 4 3 3 3 2 2 2 2 2 2 1 1 3 3 2 1 1 2
 8 8 3 4 4 6 4 4 3 3 2 2 2 2 2 2 1 1 1 1 1 2 3 3 5 5 6 4 4 3 3 3 2 2 2 2 2 2 1 1 3 3 2 1 1 2
 8 8 3 4 4 3 2 2 2 2 2 3 3 3 1 1 1 1 1 1 1 1 2 2 5 5 4 3 3 2 1 1 1 1 1 1 1 1 1 1 1 1 1 0 0 1
 8 8 3 4 4 3 2 2 2 2 2 3 3 3 1 1 1 1 1 1 1 1 2 2 5 5 4 3 3 2 1 1 1 1 1 1 1 1 1 1 1 1 1 0 0 1
 7 7 7 3 3 2 1 1 1 1 1 3 3 3 1 1 1 1 1 1 1 1 2 2 5 5 2 2 2 0 0 0 0 0 0 0 0 0 1 1 0 0 0 0 0 0
 16 16 10 3 3 3 2 2 11 11 1 1 1 3 1 1 1 1 1 1 1 1 1 1 2 2 2 2 2 0 0 0 0 0 0 0 0 0 0 0 0 0 0 0 0 0
 16 16 10 3 3 3 2 2 11 11 1 1 1 3 1 1 1 1 1 1 1 1 1 1 2 2 2 2 2 0 0 0 0 0 0 0 0 0 0 0 0 0 0 0 0 0
 19 19 11 4 4 3 12 12 12 12 1 1 1 3 3 3 1 1 0 0 0 1 2 2 2 2 2 1 1 0 0 0 0 0 0 0 0 0 0 0 0 0 0 0 0 0
 13 13 13 4 4 3 14 14 14 14 1 1 1 3 3 3 0 0 0 0 0 0 0 0 0 0 1 2 2 1 1 1 0 0 0 0 0 0 0 0 0 0 0 0 0 0
 13 13 13 4 4 3 14 14 14 14 1 1 1 3 3 3 0 0 0 0 0 0 0 0 0 0 1 2 2 1 1 1 0 0 0 0 0 0 0 0 0 0 0 0 0 0
 13 13 13 5 5 3 14 14 14 14 2 1 1 1 1 1 0 0 1 0 0 0 0 0 1 1 1 1 1 1 1 1 0 0 0 0 0 0 0 0 0 0 0 0 0 0
 13 13 13 5 5 3 14 14 14 14 2 1 1 1 1 1 0 0 1 0 0 0 0 0 1 1 1 1 1 1 1 1 0 0 0 0 0 0 0 0 0 0 0 0 0 0
 12 12 10 7 7 2 2 2 5 5 1 1 1 1 0 0 0 0 0 0 0 0 0 0 1 1 2 0 0 1 1 1 0 0 0 0 0 0 0 0 0 0 0 0 0 0
 8 8 7 4 4 4 4 4 6 6 1 1 1 0 0 0 0 0 0 0 0 0 0 0 0 0 1 0 0 1 1 1 1 1 1 0 0 0 0 0 1 1 0 0 0 0
 8 8 7 4 4 4 4 4 6 6 1 1 1 0 0 0 0 0 0 0 0 0 0 0 0 0 1 0 0 1 1 1 1 1 1 0 0 0 0 0 1 1 0 0 0 0
 7 7 7 3 3 3 3 3 3 3 1 1 1 0 0 0 0 0 0 0 0 0 0 0 0 0 0 1 1 0 0 0 1 1 1 0 0 0 0 0 1 1 1 1 1 0
 3 3 2 2 2 3 2 2 2 2 1 0 0 0 0 0 0 0 0 0 0 0 0 0 0 0 0 0 0 0 0 0 2 2 1 0 0 0 0 0 1 1 1 1 1 0
 3 3 2 2 2 3 2 2 2 2 1 0 0 0 0 0 0 0 0 0 0 0 0 0 0 0 0 0 0 0 0 0 2 2 1 0 0 0 0 0 1 1 1 1 1 0
 3 3 2 1 1 1 1 1 1 1 0 0 0 0 0 0 0 0 0 0 0 0 0 0 0 0 0 0 0 0 0 0 0 0 1 1 1 1 1 1 1 1 1 1 1 1
 3 3 2 1 1 1 1 1 1 1 0 0 0 0 0 0 0 0 0 0 0 0 0 0 0 0 0 0 0 0 0 0 0 0 1 1 1 1 1 1 1 1 1 1 1 1
 7 7 7 1 1 2 0 0 0 0 0 0 0 0 0 0 0 0 0 0 0 0 0 0 0 0 0 0 0 0 0 0 1 1 0 1 1 1 1 1 1 1 1 1 1 1
 5 5 5 2 2 2 0 0 0 0 0 0 0 0 0 0 0 0 0 0 0 0 0 0 0 0 0 0 0 0 0 0 1 1 0 0 0 1 1 1 0 0 1 1 1 1
 5 5 5 2 2 2 0 0 0 0 0 0 0 0 0 0 0 0 0 0 0 0 0 0 0 0 0 0 0 0 0 0 1 1 0 0 0 1 1 1 0 0 1 1 1 1
 5 5 5 1 1 2 3 3 0 0 0 0 0 1 1 1 1 1 1 1 1 0 0 0 0 0 0 0 0 0 0 0 0 0 1 1 1 1 1 1 1 1 1 1 1 1
 2 2 2 2 2 2 3 3 0 0 0 0 0 0 0 0 1 1 0 1 1 1 1 1 0 0 0 0 0 0 0 0 0 0 1 1 1 1 1 1 1 1 1 0 0 0
