assets/RAT_results/precipitation/2020-07-02_IMERG.asc
ncols        46
nrows        77
xllcorner    74.800261325624
yllcorner    8.058333333333
cellsize     0.062500000000
NODATA_value -9999
 56 56 68 71 71 57 37 37 20 20 20 12 12 9 14 14 11 11 4 2 2 2 0 0 0 0 0 0 0 0 0 0 0 0 0 0 0 0 2 2 5 5 5 3 3 2
 68 68 79 66 66 53 47 47 58 58 42 32 32 24 14 14 14 14 6 6 6 4 1 1 1 1 0 0 0 0 0 0 0 0 0 0 0 1 1 1 3 3 1 1 1 1
 68 68 79 66 66 53 47 47 58 58 42 32 32 24 14 14 14 14 6 6 6 4 1 1 1 1 0 0 0 0 0 0 0 0 0 0 0 1 1 1 3 3 1 1 1 1
 59 59 72 64 64 51 62 62 51 51 67 42 42 49 44 44 15 15 11 6 6 3 1 1 0 0 0 0 0 0 0 0 0 0 0 0 0 0 0 0 0 0 0 1 1 1
 39 39 63 51 51 47 52 52 75 75 72 68 68 50 40 40 21 21 8 2 2 2 1 1 0 0 0 1 1 1 1 1 1 1 0 0 0 1 0 0 0 0 1 1 1 1
 39 39 63 51 51 47 52 52 75 75 72 68 68 50 40 40 21 21 8 2 2 2 1 1 0 0 0 1 1 1 1 1 1 1 0 0 0 1 0 0 0 0 1 1 1 1
 42 42 41 52 52 58 58 58 44 44 47 28 28 19 13 13 10 10 5 4 4 1 1 1 1 1 2 3 3 1 1 1 1 1 1 1 1 1 5 5 6 6 5 1 1 2
 42 42 41 52 52 58 58 58 44 44 47 28 28 19 13 13 10 10 5 4 4 1 1 1 1 1 2 3 3 1 1 1 1 1 1 1 1 1 5 5 6 6 5 1 1 2
 55 55 48 56 56 46 41 41 38 38 40 27 27 22 13 13 9 9 7 4 4 2 2 2 1 1 1 1 1 2 2 2 2 2 3 4 4 6 8 8 10 10 13 2 2 4
 86 86 42 45 45 36 35 35 34 34 43 31 31 22 20 20 17 17 14 7 7 3 2 2 2 2 2 3 3 5 5 5 4 4 8 12 12 4 4 4 4 4 4 1 1 4
 86 86 42 45 45 36 35 35 34 34 43 31 31 22 20 20 17 17 14 7 7 3 2 2 2 2 2 3 3 5 5 5 4 4 8 12 12 4 4 4 4 4 4 1 1 4
 55 55 25 44 44 35 44 44 41 41 37 34 34 34 31 31 23 23 22 12 12 8 3 3 3 3 3 2 2 5 7 7 3 3 3 3 3 13 9 9 4 4 6 4 4 6
 16 16 15 40 40 37 45 45 41 41 30 34 34 34 30 30 23 23 22 19 19 9 5 5 8 8 6 6 6 5 3 3 3 3 2 2 2 6 11 11 5 5 5 10 10 12
 16 16 15 40 40 37 45 45 41 41 30 34 34 34 30 30 23 23 22 19 19 9 5 5 8 8 6 6 6 5 3 3 3 3 2 2 2 6 11 11 5 5 5 10 10 12
 11 11 12 27 27 27 37 37 30 30 39 37 37 32 32 32 22 22 20 18 18 15 10 10 8 8 9 8 8 5 4 4 3 3 2 2 2 6 10 10 9 9 6 7 7 17
 11 11 12 27 27 27 37 37 30 30 39 37 37 32 32 32 22 22 20 18 18 15 10 10 8 8 9 8 8 5 4 4 3 3 2 2 2 6 10 10 9 9 6 7 7 17
 15 15 13 14 14 19 26 26 46 46 40 38 38 61 41 41 30 30 22 22 22 13 11 11 11 11 8 13 13 9 6 6 4 4 1 2 2 5 8 8 10 10 6 11 11 12
 21 21 21 23 23 27 34 34 40 40 50 62 62 56 47 47 35 35 31 19 19 17 14 14 14 14 11 12 12 10 9 9 7 7 2 2 2 2 3 3 4 4 4 11 11 13
 21 21 21 23 23 27 34 34 40 40 50 62 62 56 47 47 35 35 31 19 19 17 14 14 14 14 11 12 12 10 9 9 7 7 2 2 2 2 3 3 4 4 4 11 11 13
 25 25 19 20 20 22 31 31 33 33 42 55 55 46 58 58 42 42 33 22 22 22 20 20 17 17 12 7 7 7 8 8 4 4 1 1 1 2 2 2 3 3 4 6 6 7
 24 24 20 18 18 20 20 20 23 23 34 49 49 48 52 52 48 48 32 28 28 19 19 19 16 16 13 12 12 6 5 5 3 3 2 3 3 2 2 2 2 2 2 3 3 3
 24 24 20 18 18 20 20 20 23 23 34 49 49 48 52 52 48 48 32 28 28 19 19 19 16 16 13 12 12 6 5 5 3 3 2 3 3 2 2 2 2 2 2 3 3 3
 24 24 21 16 16 18 17 17 25 25 33 36 36 49 44 44 40 40 28 22 22 30 23 23 20 20 14 10 10 6 5 5 5 5 5 7 7 3 3 3 2 2 2 3 3 5
 24 24 21 16 16 18 17 17 25 25 33 36 36 49 44 44 40 40 28 22 22 30 23 23 20 20 14 10 10 6 5 5 5 5 5 7 7 3 3 3 2 2 2 3 3 5
 24 24 23 24 24 17 18 18 18 18 25 37 37 47 41 41 41 41 45 34 34 29 20 20 20 20 13 10 10 6 4 4 4 4 5 6 6 4 4 4 3 3 2 4 4 3
 21 21 21 27 27 26 25 25 28 28 31 34 34 36 38 38 38 38 55 44 44 44 19 19 18 18 13 10 10 8 4 4 3 3 3 3 3 3 2 2 2 2 3 3 3 3
 21 21 21 27 27 26 25 25 28 28 31 34 34 36 38 38 38 38 55 44 44 44 19 19 18 18 13 10 10 8 4 4 3 3 3 3 3 3 2 2 2 2 3 3 3 3
 17 17 22 27 27 32 32 32 23 23 26 29 29 32 40 40 40 40 52 44 44 31 35 35 26 26 26 23 23 10 3 3 3 3 2 2 2 2 2 2 2 2 3 3 3 3
 15 15 20 22 22 16 16 16 15 15 18 28 28 29 38 38 41 41 44 44 44 36 37 37 26 26 28 20 20 10 5 5 3 3 3 3 3 2 2 2 2 2 2 2 2 2
 15 15 20 22 22 16 16 16 15 15 18 28 28 29 38 38 41 41 44 44 44 36 37 37 26 26 28 20 20 10 5 5 3 3 3 3 3 2 2 2 2 2 2 2 2 2
 13 13 12 11 11 15 17 17 16 16 23 22 22 43 32 32 39 39 41 48 48 40 25 25 13 13 23 18 18 8 7 7 4 4 2 3 3 2 1 1 1 1 1 1 1 1
 13 13 12 11 11 15 17 17 16 16 23 22 22 43 32 32 39 39 41 48 48 40 25 25 13 13 23 18 18 8 7 7 4 4 2 3 3 2 1 1 1 1 1 1 1 1
 11 11 9 13 13 17 19 19 22 22 21 20 20 33 24 24 31 31 31 35 35 32 29 29 20 20 21 10 10 9 7 7 7 7 4 3 3 1 1 1 1 1 0 0 0 0
 10 10 8 10 10 14 14 14 19 19 25 24 24 31 25 25 26 26 33 30 30 25 25 25 30 30 24 12 12 9 7 7 7 7 7 5 5 2 2 2 1 1 0 0 0 0
 10 10 8 10 10 14 14 14 19 19 25 24 24 31 25 25 26 26 33 30 30 25 25 25 30 30 24 12 12 9 7 7 7 7 7 5 5 2 2 2 1 1 0 0 0 0
 7 7 6 7 7 7 10 10 18 18 27 24 24 31 36 36 35 35 30 30 30 32 26 26 27 27 27 15 15 15 10 10 9 9 6 7 7 4 1 1 1 1 0 0 0 1
 7 7 5 6 6 8 21 21 26 26 26 25 25 30 38 38 35 35 47 52 52 37 36 36 35 35 28 19 19 13 13 13 12 12 5 5 5 3 2 2 1 1 0 1 1 2
 7 7 5 6 6 8 21 21 26 26 26 25 25 30 38 38 35 35 47 52 52 37 36 36 35 35 28 19 19 13 13 13 12 12 5 5 5 3 2 2 1 1 0 1 1 2
 7 7 4 5 5 7 19 19 5 5 15 22 22 26 25 25 38 38 41 47 47 38 30 30 23 23 20 12 12 11 10 10 10 10 5 6 6 4 3 3 1 1 2 1 1 2
 7 7 4 5 5 7 19 19 5 5 15 22 22 26 25 25 38 38 41 47 47 38 30 30 23 23 20 12 12 11 10 10 10 10 5 6 6 4 3 3 1 1 2 1 1 2
 5 5 6 5 5 3 4 4 9 9 21 26 26 16 22 22 35 35 41 38 38 37 31 31 15 15 15 12 12 10 8 8 7 7 6 6 6 5 3 3 2 2 2 2 2 3
 6 6 6 6 6 5 8 8 9 9 10 7 7 11 18 18 16 16 20 21 21 25 19 19 15 15 13 10 10 10 11 11 11 11 10 8 8 7 4 4 3 3 4 4 4 4
 6 6 6 6 6 5 8 8 9 9 10 7 7 11 18 18 16 16 20 21 21 25 19 19 15 15 13 10 10 10 11 11 11 11 10 8 8 7 4 4 3 3 4 4 4 4
 8 8 8 7 7 8 9 9 9 9 7 7 7 7 12 12 13 13 20 29 29 23 15 15 13 13 12 10 10 12 14 14 11 11 9 8 8 7 5 5 4 4 5 2 2 3
 9 9 10 8 8 9 9 9 10 10 7 7 7 7 11 11 14 14 18 21 21 14 15 15 18 18 18 20 20 22 16 16 12 12 11 7 7 4 3 3 3 3 2 1 1 1
 9 9 10 8 8 9 9 9 10 10 7 7 7 7 11 11 14 14 18 21 21 14 15 15 18 18 18 20 20 22 16 16 12 12 11 7 7 4 3 3 3 3 2 1 1 1
 8 8 11 9 9 10 8 8 9 9 8 7 7 8 12 12 15 15 15 17 17 9 10 10 18 18 25 17 17 15 15 15 14 14 10 9 9 5 2 2 2 2 2 1 1 1
 8 8 11 9 9 10 8 8 9 9 8 7 7 8 12 12 15 15 15 17 17 9 10 10 18 18 25 17 17 15 15 15 14 14 10 9 9 5 2 2 2 2 2 1 1 1
 10 10 11 10 10 12 11 11 11 11 10 12 12 13 14 14 15 15 14 17 17 9 10 10 16 16 17 15 15 15 18 18 13 13 8 8 8 5 2 2 1 1 1 1 1 1
 11 11 13 14 14 15 17 17 15 15 11 14 14 15 14 14 12 12 11 3 3 6 8 8 12 12 15 15 15 17 12 12 17 17 7 6 6 5 3 3 2 2 1 1 1 1
 11 11 13 14 14 15 17 17 15 15 11 14 14 15 14 14 12 12 11 3 3 6 8 8 12 12 15 15 15 17 12 12 17 17 7 6 6 5 3 3 2 2 1 1 1 1
 13 13 14 17 17 20 19 19 16 16 18 20 20 14 12 12 10 10 7 3 3 4 6 6 11 11 11 13 13 13 10 10 14 14 6 5 5 4 3 3 3 3 1 1 1 0
 13 13 15 23 23 23 20 20 17 17 17 21 21 15 10 10 6 6 3 3 3 4 3 3 6 6 7 9 9 10 9 9 6 6 6 6 6 4 4 4 3 3 2 1 1 0
 13 13 15 23 23 23 20 20 17 17 17 21 21 15 10 10 6 6 3 3 3 4 3 3 6 6 7 9 9 10 9 9 6 6 6 6 6 4 4 4 3 3 2 1 1 0
 12 12 17 24 24 23 19 19 13 13 14 20 20 18 7 7 3 3 2 2 2 4 3 3 5 5 6 5 5 5 6 6 3 3 4 6 6 6 4 4 3 3 2 2 2 1
 12 12 17 24 24 23 19 19 13 13 14 20 20 18 7 7 3 3 2 2 2 4 3 3 5 5 6 5 5 5 6 6 3 3 4 6 6 6 4 4 3 3 2 2 2 1
 13 13 17 19 19 17 15 15 14 14 12 15 15 12 6 6 2 2 1 2 2 2 3 3 6 6 7 5 5 4 7 7 4 4 5 7 7 5 4 4 3 3 2 2 2 1
 14 14 16 15 15 16 14 14 17 17 13 17 17 12 4 4 2 2 1 1 1 1 3 3 4 4 7 5 5 5 5 5 4 4 5 5 5 5 5 5 2 2 2 1 1 0
 14 14 16 15 15 16 14 14 17 17 13 17 17 12 4 4 2 2 1 1 1 1 3 3 4 4 7 5 5 5 5 5 4 4 5 5 5 5 5 5 2 2 2 1 1 0
 17 17 17 16 16 21 19 19 17 17 18 18 18 11 5 5 2 2 3 2 2 1 2 2 3 3 6 4 4 3 2 2 2 2 2 2 2 2 5 5 3 3 2 1 1 0
 22 22 19 19 19 22 24 24 20 20 19 15 15 11 5 5 6 6 8 5 5 1 2 2 2 2 2 4 4 3 1 1 2 2 2 2 2 2 3 3 2 2 2 1 1 0
 22 22 19 19 19 22 24 24 20 20 19 15 15 11 5 5 6 6 8 5 5 1 2 2 2 2 2 4 4 3 1 1 2 2 2 2 2 2 3 3 2 2 2 1 1 0
 21 21 21 21 21 22 20 20 22 22 17 14 14 14 9 9 11 11 9 5 5 3 2 2 4 4 4 5 5 3 2 2 2 2 1 2 2 2 3 3 2 2 2 1 1 0
 21 21 21 21 21 22 20 20 22 22 17 14 14 14 9 9 11 11 9 5 5 3 2 2 4 4 4 5 5 3 2 2 2 2 1 2 2 2 3 3 2 2 2 1 1 0
 25 25 28 28 28 27 23 23 20 20 17 17 17 19 17 17 18 18 13 7 7 8 4 4 4 4 2 2 2 3 3 3 2 2 3 3 3 5 3 3 1 1 1 1 1 1
 24 24 27 28 28 27 25 25 24 24 21 21 21 23 21 21 18 18 15 9 9 8 4 4 3 3 2 2 2 4 3 3 3 3 3 4 4 6 7 7 3 3 1 1 1 1
 24 24 27 28 28 27 25 25 24 24 21 21 21 23 21 21 18 18 15 9 9 8 4 4 3 3 2 2 2 4 3 3 3 3 3 4 4 6 7 7 3 3 1 1 1 1
 20 20 24 22 22 23 23 23 25 25 21 23 23 23 24 24 21 21 22 16 16 11 6 6 3 3 3 2 2 1 4 4 2 2 2 3 3 3 4 4 3 3 1 1 1 1
 17 17 16 17 17 18 18 18 18 18 18 20 20 19 21 21 20 20 19 18 18 18 13 13 5 5 3 1 1 2 2 2 4 4 3 2 2 3 3 3 4 4 2 1 1 1
 17 17 16 17 17 18 18 18 18 18 18 20 20 19 21 21 20 20 19 18 18 18 13 13 5 5 3 1 1 2 2 2 4 4 3 2 2 3 3 3 4 4 2 1 1 1
 15 15 11 11 11 11 12 12 13 13 14 13 13 14 16 16 15 15 15 16 16 17 18 18 10 10 7 3 3 3 2 2 2 2 4 2 2 3 4 4 4 4 2 1 1 1
 15 15 11 11 11 11 12 12 13 13 14 13 13 14 16 16 15 15 15 16 16 17 18 18 10 10 7 3 3 3 2 2 2 2 4 2 2 3 4 4 4 4 2 1 1 1
 10 10 10 9 9 9 8 8 7 7 7 7 7 10 10 10 11 11 12 14 14 17 19 19 16 16 9 5 5 4 3 3 3 3 5 5 5 4 4 4 4 4 3 1 1 1
 11 11 9 11 11 9 6 6 6 6 6 5 5 7 8 8 10 10 10 14 14 15 15 15 16 16 9 7 7 5 4 4 3 3 4 3 3 2 2 2 2 2 2 1 1 0
 11 11 9 11 11 9 6 6 6 6 6 5 5 7 8 8 10 10 10 14 14 15 15 15 16 16 9 7 7 5 4 4 3 3 4 3 3 2 2 2 2 2 2 1 1 0
 7 7 9 8 8 7 6 6 5 5 5 5 5 6 6 6 7 7 10 11 11 17 16 16 13 13 12 11 11 6 4 4 3 3 4 2 2 1 2 2 1 1 1 0 0 0
 6 6 6 7 7 6 6 6 6 6 7 7 7 5 5 5 6 6 7 7 7 9 9 9 9 9 10 12 12 6 6 6 3 3 2 1 1 1 0 0 0 0 1 0 0 0
