assets/RAT_results/precipitation/2020-06-06_IMERG.asc
ncols        46
nrows        77
xllcorner    74.800261325624
yllcorner    8.058333333333
cellsize     0.062500000000
NODATA_value -9999
 7 7 8 8 8 5 0 0 2 2 0 1 1 5 3 3 1 1 1 0 0 0 0 0 0 0 0 0 0 0 0 0 1 1 6 7 7 9 12 12 14 14 12 24 24 21
 9 9 9 3 3 0 0 0 0 0 2 0 0 2 1 1 1 1 0 0 0 0 0 0 0 0 0 0 0 0 0 0 1 1 3 5 5 16 15 15 15 15 20 28 28 21
 9 9 9 3 3 0 0 0 0 0 2 0 0 2 1 1 1 1 0 0 0 0 0 0 0 0 0 0 0 0 0 0 1 1 3 5 5 16 15 15 15 15 20 28 28 21
 6 6 5 2 2 0 0 0 1 1 2 3 3 4 2 2 0 0 0 0 0 0 0 0 0 0 0 0 0 0 0 0 1 1 1 3 3 13 8 8 14 14 18 18 18 9
 14 14 8 2 2 0 0 0 1 1 1 3 3 2 5 5 1 1 0 0 0 0 0 0 0 0 0 0 0 0 0 0 0 0 0 1 1 3 8 8 14 14 16 17 17 8
 14 14 8 2 2 0 0 0 1 1 1 3 3 2 5 5 1 1 0 0 0 0 0 0 0 0 0 0 0 0 0 0 0 0 0 1 1 3 8 8 14 14 16 17 17 8
 27 27 19 7 7 3 0 0 1 1 7 5 5 3 3 3 2 2 1 1 1 0 0 0 0 0 0 0 0 0 0 0 1 1 1 1 1 1 3 3 5 5 6 6 6 5
 27 27 19 7 7 3 0 0 1 1 7 5 5 3 3 3 2 2 1 1 1 0 0 0 0 0 0 0 0 0 0 0 1 1 1 1 1 1 3 3 5 5 6 6 6 5
 29 29 26 9 9 4 4 4 4 4 8 9 9 8 9 9 4 4 2 2 2 2 0 0 0 0 0 0 0 1 1 1 1 1 1 4 4 2 3 3 5 5 5 7 7 6
 33 33 27 8 8 7 7 7 6 6 12 12 12 14 20 20 13 13 9 4 4 2 0 0 0 0 0 0 0 1 1 1 4 4 5 5 5 4 4 4 4 4 5 9 9 12
 33 33 27 8 8 7 7 7 6 6 12 12 12 14 20 20 13 13 9 4 4 2 0 0 0 0 0 0 0 1 1 1 4 4 5 5 5 4 4 4 4 4 5 9 9 12
 29 29 21 15 15 9 8 8 8 8 11 17 17 18 24 24 27 27 20 12 12 10 2 2 2 2 0 0 0 1 2 2 1 1 3 4 4 5 7 7 7 7 7 13 13 14
 27 27 15 16 16 8 10 10 6 6 6 11 11 19 30 30 31 31 21 14 14 10 2 2 2 2 0 1 1 1 1 1 2 2 3 4 4 5 6 6 7 7 7 12 12 11
 27 27 15 16 16 8 10 10 6 6 6 11 11 19 30 30 31 31 21 14 14 10 2 2 2 2 0 1 1 1 1 1 2 2 3 4 4 5 6 6 7 7 7 12 12 11
 30 30 37 17 17 28 12 12 6 6 5 9 9 12 17 17 22 22 21 16 16 13 5 5 5 5 5 1 1 1 2 2 4 4 4 3 3 5 5 5 7 7 7 8 8 11
 30 30 37 17 17 28 12 12 6 6 5 9 9 12 17 17 22 22 21 16 16 13 5 5 5 5 5 1 1 1 2 2 4 4 4 3 3 5 5 5 7 7 7 8 8 11
 54 54 41 23 23 14 16 16 8 8 7 6 6 6 10 10 19 19 22 17 17 14 7 7 6 6 6 2 2 1 1 1 2 2 2 3 3 2 6 6 7 7 8 12 12 11
 34 34 32 21 21 15 19 19 16 16 6 5 5 7 8 8 15 15 19 20 20 16 15 15 8 8 6 2 2 2 1 1 1 1 1 2 2 3 5 5 7 7 6 10 10 11
 34 34 32 21 21 15 19 19 16 16 6 5 5 7 8 8 15 15 19 20 20 16 15 15 8 8 6 2 2 2 1 1 1 1 1 2 2 3 5 5 7 7 6 10 10 11
 19 19 14 18 18 20 15 15 18 18 7 5 5 7 14 14 21 21 21 28 28 30 25 25 7 7 6 3 3 2 2 2 1 1 1 2 2 3 7 7 8 8 7 10 10 6
 20 20 24 24 24 21 25 25 22 22 17 18 18 11 10 10 17 17 20 31 31 35 30 30 21 21 13 6 6 5 3 3 1 1 1 2 2 3 5 5 7 7 6 6 6 6
 20 20 24 24 24 21 25 25 22 22 17 18 18 11 10 10 17 17 20 31 31 35 30 30 21 21 13 6 6 5 3 3 1 1 1 2 2 3 5 5 7 7 6 6 6 6
 21 21 32 17 17 23 26 26 30 30 25 16 16 9 10 10 19 19 21 27 27 42 36 36 32 32 28 14 14 4 5 5 3 3 4 4 4 3 4 4 5 5 3 2 2 2
 21 21 32 17 17 23 26 26 30 30 25 16 16 9 10 10 19 19 21 27 27 42 36 36 32 32 28 14 14 4 5 5 3 3 4 4 4 3 4 4 5 5 3 2 2 2
 17 17 27 29 29 21 21 21 31 31 33 16 16 9 13 13 10 10 15 18 18 36 34 34 28 28 29 16 16 4 4 4 3 3 2 3 3 3 6 6 2 2 2 1 1 2
 25 25 32 40 40 32 20 20 34 34 39 28 28 6 8 8 8 8 12 13 13 26 29 29 29 29 21 11 11 6 2 2 1 1 1 1 1 2 2 2 2 2 2 3 3 2
 25 25 32 40 40 32 20 20 34 34 39 28 28 6 8 8 8 8 12 13 13 26 29 29 29 29 21 11 11 6 2 2 1 1 1 1 1 2 2 2 2 2 2 3 3 2
 32 32 29 38 38 49 45 45 40 40 26 9 9 9 8 8 6 6 9 5 5 11 14 14 15 15 11 12 12 7 3 3 2 2 1 2 2 1 1 1 1 1 1 2 2 2
 29 29 22 25 25 44 35 35 45 45 24 15 15 8 9 9 7 7 7 4 4 3 5 5 6 6 4 4 4 3 3 3 1 1 1 1 1 1 1 1 0 0 0 0 0 0
 29 29 22 25 25 44 35 35 45 45 24 15 15 8 9 9 7 7 7 4 4 3 5 5 6 6 4 4 4 3 3 3 1 1 1 1 1 1 1 1 0 0 0 0 0 0
 34 34 25 24 24 40 69 69 37 37 27 16 16 12 12 12 7 7 3 2 2 2 3 3 3 3 2 1 1 1 2 2 0 0 0 0 0 0 0 0 0 0 0 0 0 0
 34 34 25 24 24 40 69 69 37 37 27 16 16 12 12 12 7 7 3 2 2 2 3 3 3 3 2 1 1 1 2 2 0 0 0 0 0 0 0 0 0 0 0 0 0 0
 44 44 31 38 38 29 41 41 42 42 21 16 16 15 15 15 6 6 4 2 2 2 2 2 1 1 2 0 0 2 0 0 0 0 0 0 0 0 0 0 0 0 0 0 0 0
 46 46 44 45 45 23 33 33 29 29 32 13 13 14 12 12 15 15 5 2 2 2 2 2 1 1 1 1 1 2 1 1 0 0 0 0 0 0 0 0 0 0 0 0 0 0
 46 46 44 45 45 23 33 33 29 29 32 13 13 14 12 12 15 15 5 2 2 2 2 2 1 1 1 1 1 2 1 1 0 0 0 0 0 0 0 0 0 0 0 0 0 0
 69 69 62 54 54 27 28 28 30 30 21 17 17 13 13 13 13 13 5 5 5 4 4 4 2 2 2 1 1 1 0 0 0 0 1 0 0 0 0 0 0 0 0 0 0 1
 94 94 87 83 83 39 33 33 30 30 19 34 34 13 11 11 16 16 16 7 7 6 1 1 1 1 1 0 0 0 0 0 0 0 0 1 1 1 1 1 1 1 1 1 1 2
 94 94 87 83 83 39 33 33 30 30 19 34 34 13 11 11 16 16 16 7 7 6 1 1 1 1 1 0 0 0 0 0 0 0 0 1 1 1 1 1 1 1 1 1 1 2
 103 103 102 82 82 59 39 39 39 39 24 24 24 13 11 11 10 10 9 5 5 4 5 5 1 1 0 0 0 0 1 1 1 1 1 2 2 2 2 2 2 2 3 4 4 4
 103 103 102 82 82 59 39 39 39 39 24 24 24 13 11 11 10 10 9 5 5 4 5 5 1 1 0 0 0 0 1 1 1 1 1 2 2 2 2 2 2 2 3 4 4 4
 108 108 112 89 89 75 55 55 42 42 25 32 32 13 5 5 13 13 15 11 11 5 5 5 2 2 0 0 0 0 1 1 1 1 1 2 2 2 4 4 3 3 5 8 8 39
 109 109 108 105 105 75 60 60 35 35 24 21 21 11 4 4 9 9 16 22 22 13 7 7 3 3 1 0 0 0 0 0 1 1 1 1 1 3 1 1 2 2 5 8 8 6
 109 109 108 105 105 75 60 60 35 35 24 21 21 11 4 4 9 9 16 22 22 13 7 7 3 3 1 0 0 0 0 0 1 1 1 1 1 3 1 1 2 2 5 8 8 6
 98 98 113 112 112 105 60 60 35 35 30 17 17 12 4 4 5 5 15 20 20 12 11 11 6 6 7 10 10 6 3 3 1 1 3 3 3 3 2 2 3 3 3 1 1 1
 87 87 94 98 98 88 92 92 82 82 36 21 21 8 5 5 6 6 8 17 17 7 11 11 10 10 9 9 9 6 1 1 1 1 2 1 1 2 1 1 0 0 0 0 0 0
 87 87 94 98 98 88 92 92 82 82 36 21 21 8 5 5 6 6 8 17 17 7 11 11 10 10 9 9 9 6 1 1 1 1 2 1 1 2 1 1 0 0 0 0 0 0
 70 70 70 71 71 58 81 81 67 67 37 22 22 16 10 10 8 8 7 9 9 10 9 9 10 10 8 2 2 1 1 1 0 0 1 1 1 1 0 0 0 0 0 0 0 0
 70 70 70 71 71 58 81 81 67 67 37 22 22 16 10 10 8 8 7 9 9 10 9 9 10 10 8 2 2 1 1 1 0 0 1 1 1 1 0 0 0 0 0 0 0 0
 51 51 52 54 54 55 56 56 48 48 39 25 25 16 8 8 4 4 6 6 6 4 5 5 8 8 7 7 7 1 1 1 2 2 0 1 1 1 1 1 0 0 0 0 0 0
 42 42 40 39 39 38 41 41 41 41 37 34 34 22 9 9 4 4 3 3 3 4 3 3 8 8 13 11 11 3 3 3 4 4 4 2 2 1 0 0 0 0 0 0 0 0
 42 42 40 39 39 38 41 41 41 41 37 34 34 22 9 9 4 4 3 3 3 4 3 3 8 8 13 11 11 3 3 3 4 4 4 2 2 1 0 0 0 0 0 0 0 0
 33 33 34 33 33 33 35 35 37 37 31 34 34 28 26 26 4 4 3 5 5 5 7 7 10 10 12 7 7 5 4 4 4 4 4 3 3 0 0 0 0 0 1 0 0 1
 24 24 27 28 28 28 34 34 38 38 36 39 39 24 30 30 8 8 6 6 6 5 8 8 12 12 12 8 8 5 4 4 3 3 1 0 0 0 0 0 0 0 1 0 0 0
 24 24 27 28 28 28 34 34 38 38 36 39 39 24 30 30 8 8 6 6 6 5 8 8 12 12 12 8 8 5 4 4 3 3 1 0 0 0 0 0 0 0 1 0 0 0
 26 26 31 31 31 33 36 36 50 50 51 52 52 36 36 36 19 19 15 15 15 9 12 12 24 24 19 15 15 12 9 9 5 5 1 0 0 2 0 0 1 1 1 0 0 0
 26 26 31 31 31 33 36 36 50 50 51 52 52 36 36 36 19 19 15 15 15 9 12 12 24 24 19 15 15 12 9 9 5 5 1 0 0 2 0 0 1 1 1 0 0 0
 25 25 28 29 29 34 40 40 47 47 50 55 55 48 46 46 18 18 17 16 16 17 23 23 26 26 26 25 25 15 7 7 7 7 6 4 4 3 1 1 1 1 0 0 0 0
 28 28 30 31 31 34 40 40 43 43 45 48 48 45 47 47 46 46 36 34 34 30 27 27 18 18 17 19 19 17 24 24 6 6 19 2 2 2 1 1 0 0 0 0 0 0
 28 28 30 31 31 34 40 40 43 43 45 48 48 45 47 47 46 46 36 34 34 30 27 27 18 18 17 19 19 17 24 24 6 6 19 2 2 2 1 1 0 0 0 0 0 0
 41 41 40 41 41 44 49 49 51 51 50 52 52 51 51 51 53 53 66 49 49 34 31 31 33 33 32 24 24 11 27 27 17 17 20 5 5 2 1 1 1 1 0 0 0 0
 51 51 49 46 46 46 48 48 51 51 50 50 50 50 51 51 53 53 53 49 49 40 37 37 40 40 35 28 28 25 22 22 21 21 20 2 2 4 1 1 1 1 0 0 0 0
 51 51 49 46 46 46 48 48 51 51 50 50 50 50 51 51 53 53 53 49 49 40 37 37 40 40 35 28 28 25 22 22 21 21 20 2 2 4 1 1 1 1 0 0 0 0
 59 59 58 55 55 50 47 47 45 45 45 44 44 45 45 45 45 45 45 44 44 40 25 25 23 23 36 32 32 22 17 17 6 6 21 1 1 2 1 1 2 2 0 0 0 0
 59 59 58 55 55 50 47 47 45 45 45 44 44 45 45 45 45 45 45 44 44 40 25 25 23 23 36 32 32 22 17 17 6 6 21 1 1 2 1 1 2 2 0 0 0 0
 44 44 47 48 48 46 43 43 39 39 38 37 37 38 40 40 44 44 44 40 40 33 22 22 17 17 22 13 13 24 25 25 6 6 6 2 2 3 2 2 3 3 1 0 0 0
 42 42 42 42 42 41 37 37 34 34 34 33 33 34 34 34 36 36 33 29 29 25 22 22 19 19 13 12 12 11 20 20 7 7 3 4 4 4 4 4 3 3 0 0 0 0
 42 42 42 42 42 41 37 37 34 34 34 33 33 34 34 34 36 36 33 29 29 25 22 22 19 19 13 12 12 11 20 20 7 7 3 4 4 4 4 4 3 3 0 0 0 0
 29 29 30 32 32 31 28 28 28 28 28 28 28 29 29 29 27 27 24 20 20 16 13 13 12 12 9 8 8 9 9 9 9 9 8 7 7 6 4 4 4 4 0 0 0 0
 21 21 22 23 23 24 23 23 25 25 27 28 28 28 29 29 27 27 24 21 21 17 15 15 13 13 12 11 11 10 12 12 12 12 11 10 10 6 5 5 6 6 4 0 0 0
 21 21 22 23 23 24 23 23 25 25 27 28 28 28 29 29 27 27 24 21 21 17 15 15 13 13 12 11 11 10 12 12 12 12 11 10 10 6 5 5 6 6 4 0 0 0
 18 18 18 18 18 19 20 20 21 21 22 25 25 26 27 27 25 25 22 19 19 17 17 17 15 15 16 15 15 16 18 18 29 29 20 12 12 12 6 6 3 3 4 2 2 0
 18 18 18 18 18 19 20 20 21 21 22 25 25 26 27 27 25 25 22 19 19 17 17 17 15 15 16 15 15 16 18 18 29 29 20 12 12 12 6 6 3 3 4 2 2 0
 10 10 11 13 13 16 18 18 19 19 19 20 20 20 20 20 18 18 18 18 18 19 20 20 20 20 21 22 22 27 35 35 39 39 31 20 20 13 8 8 3 3 1 1 1 0
 9 9 10 11 11 13 14 14 15 15 16 16 16 17 16 16 16 16 17 19 19 21 22 22 23 23 27 28 28 32 34 34 35 35 31 26 26 17 8 8 2 2 1 1 1 0
 9 9 10 11 11 13 14 14 15 15 16 16 16 17 16 16 16 16 17 19 19 21 22 22 23 23 27 28 28 32 34 34 35 35 31 26 26 17 8 8 2 2 1 1 1 0
 7 7 9 11 11 12 13 13 14 14 14 15 15 16 16 16 17 17 18 19 19 21 23 23 23 23 26 32 32 32 35 35 32 32 32 28 28 25 19 19 10 10 5 4 4 1
 7 7 9 10 10 11 13 13 14 14 14 15 15 16 17 17 17 17 18 20 20 27 29 29 29 29 21 24 24 24 25 25 24 24 25 19 19 18 16 16 11 11 10 7 7 3
