assets/RAT_results/precipitation/2020-10-09_IMERG.asc
ncols        46
nrows        77
xllcorner    74.800261325624
yllcorner    8.058333333333
cellsize     0.062500000000
NODATA_value -9999
 18 18 17 15 15 14 21 21 21 21 19 19 19 13 14 14 6 6 13 33 33 36 43 43 33 33 34 33 33 35 27 27 34 34 36 59 59 62 47 47 43 43 16 20 20 21
 21 21 20 19 19 17 27 27 24 24 38 22 22 19 12 12 12 12 17 27 27 32 38 38 39 39 38 38 38 38 34 34 35 35 34 54 54 53 53 53 45 45 17 17 17 18
 21 21 20 19 19 17 27 27 24 24 38 22 22 19 12 12 12 12 17 27 27 32 38 38 39 39 38 38 38 38 34 34 35 35 34 54 54 53 53 53 45 45 17 17 17 18
 17 17 16 17 17 12 13 13 15 15 19 20 20 16 14 14 16 16 20 30 30 28 33 33 32 32 35 41 41 43 36 36 36 36 34 43 43 42 24 24 23 23 18 16 16 21
 18 18 18 19 19 19 14 14 16 16 13 20 20 17 15 15 18 18 20 20 20 24 31 31 39 39 46 32 32 39 36 36 35 35 36 36 36 38 45 45 32 32 25 27 27 23
 18 18 18 19 19 19 14 14 16 16 13 20 20 17 15 15 18 18 20 20 20 24 31 31 39 39 46 32 32 39 36 36 35 35 36 36 36 38 45 45 32 32 25 27 27 23
 11 11 13 18 18 15 13 13 13 13 12 14 14 18 17 17 21 21 19 19 19 27 28 28 33 33 36 36 36 39 31 31 37 37 42 49 49 35 45 45 36 36 49 26 26 29
 11 11 13 18 18 15 13 13 13 13 12 14 14 18 17 17 21 21 19 19 19 27 28 28 33 33 36 36 36 39 31 31 37 37 42 49 49 35 45 45 36 36 49 26 26 29
 11 11 12 15 15 18 14 14 15 15 18 16 16 15 18 18 19 19 20 20 20 22 25 25 32 32 28 34 34 42 36 36 30 30 43 42 42 33 53 53 46 46 34 16 16 19
 18 18 19 17 17 17 17 17 16 16 16 20 20 24 23 23 21 21 21 22 22 24 24 24 27 27 26 29 29 31 44 44 38 38 40 42 42 53 53 53 44 44 43 22 22 23
 18 18 19 17 17 17 17 17 16 16 16 20 20 24 23 23 21 21 21 22 22 24 24 24 27 27 26 29 29 31 44 44 38 38 40 42 42 53 53 53 44 44 43 22 22 23
 16 16 17 12 12 16 17 17 16 16 16 14 14 16 18 18 21 21 21 22 22 20 23 23 32 32 34 38 38 31 39 39 49 49 43 49 49 46 49 49 44 44 43 21 21 21
 18 18 10 10 10 14 15 15 13 13 12 11 11 13 16 16 16 16 18 19 19 20 22 22 34 34 34 36 36 35 46 46 61 61 53 47 47 47 49 49 50 50 50 51 51 22
 18 18 10 10 10 14 15 15 13 13 12 11 11 13 16 16 16 16 18 19 19 20 22 22 34 34 34 36 36 35 46 46 61 61 53 47 47 47 49 49 50 50 50 51 51 22
 14 14 12 12 12 11 16 16 13 13 12 10 10 10 11 11 13 13 14 18 18 17 21 21 19 19 25 31 31 32 45 45 55 55 51 58 58 53 51 51 52 52 51 52 52 38
 14 14 12 12 12 11 16 16 13 13 12 10 10 10 11 11 13 13 14 18 18 17 21 21 19 19 25 31 31 32 45 45 55 55 51 58 58 53 51 51 52 52 51 52 52 38
 16 16 13 13 13 14 14 14 13 13 13 11 11 11 11 11 12 12 13 16 16 15 18 18 18 18 19 17 17 24 42 42 44 44 52 38 38 46 59 59 50 50 49 50 50 41
 16 16 18 14 14 13 20 20 13 13 16 12 12 12 12 12 13 13 15 15 15 15 14 14 15 15 18 17 17 23 17 17 22 22 27 42 42 39 33 33 49 49 37 37 37 62
 16 16 18 14 14 13 20 20 13 13 16 12 12 12 12 12 13 13 15 15 15 15 14 14 15 15 18 17 17 23 17 17 22 22 27 42 42 39 33 33 49 49 37 37 37 62
 13 13 18 16 16 18 20 20 15 15 14 13 13 13 12 12 15 15 14 15 15 14 13 13 13 13 14 13 13 17 19 19 23 23 26 29 29 30 31 31 32 32 41 43 43 59
 8 8 11 10 10 13 11 11 10 10 13 14 14 13 12 12 11 11 12 11 11 11 10 10 11 11 11 13 13 17 17 17 25 25 25 26 26 29 30 30 37 37 39 58 58 61
 8 8 11 10 10 13 11 11 10 10 13 14 14 13 12 12 11 11 12 11 11 11 10 10 11 11 11 13 13 17 17 17 25 25 25 26 26 29 30 30 37 37 39 58 58 61
 6 6 7 8 8 8 8 8 9 9 12 13 13 13 11 11 10 10 9 9 9 9 9 9 9 9 10 10 10 15 14 14 16 16 18 24 24 28 29 29 36 36 37 61 61 40
 6 6 7 8 8 8 8 8 9 9 12 13 13 13 11 11 10 10 9 9 9 9 9 9 9 9 10 10 10 15 14 14 16 16 18 24 24 28 29 29 36 36 37 61 61 40
 7 7 5 5 5 7 8 8 8 8 10 12 12 12 10 10 9 9 8 8 8 8 8 8 8 8 8 8 8 10 9 9 14 14 16 22 22 26 37 37 41 41 44 35 35 36
 6 6 5 5 5 6 6 6 8 8 7 8 8 9 9 9 9 9 8 7 7 6 6 6 7 7 7 7 7 9 9 9 9 9 16 23 23 23 32 32 23 23 38 40 40 64
 6 6 5 5 5 6 6 6 8 8 7 8 8 9 9 9 9 9 8 7 7 6 6 6 7 7 7 7 7 9 9 9 9 9 16 23 23 23 32 32 23 23 38 40 40 64
 6 6 5 5 5 5 6 6 5 5 5 5 5 7 6 6 9 9 7 6 6 5 5 5 6 6 7 6 6 7 7 7 7 7 8 11 11 15 22 22 21 21 32 34 34 58
 4 4 4 4 4 4 5 5 4 4 3 3 3 5 6 6 7 7 6 5 5 4 5 5 6 6 6 5 5 6 6 6 8 8 9 9 9 12 7 7 6 6 6 6 6 21
 4 4 4 4 4 4 5 5 4 4 3 3 3 5 6 6 7 7 6 5 5 4 5 5 6 6 6 5 5 6 6 6 8 8 9 9 9 12 7 7 6 6 6 6 6 21
 4 4 4 3 3 3 5 5 4 4 4 3 3 3 5 5 7 7 5 4 4 4 5 5 6 6 5 4 4 4 5 5 6 6 6 6 6 8 7 7 6 6 7 6 6 7
 4 4 4 3 3 3 5 5 4 4 4 3 3 3 5 5 7 7 5 4 4 4 5 5 6 6 5 4 4 4 5 5 6 6 6 6 6 8 7 7 6 6 7 6 6 7
 5 5 5 4 4 4 6 6 5 5 4 4 4 3 5 5 7 7 6 3 3 3 3 3 3 3 4 3 3 4 4 4 5 5 5 5 5 5 5 5 5 5 5 6 6 7
 6 6 5 3 3 3 4 4 4 4 5 6 6 5 8 8 14 14 11 5 5 2 1 1 1 1 1 2 2 3 3 3 3 3 3 3 3 3 5 5 5 5 5 5 5 5
 6 6 5 3 3 3 4 4 4 4 5 6 6 5 8 8 14 14 11 5 5 2 1 1 1 1 1 2 2 3 3 3 3 3 3 3 3 3 5 5 5 5 5 5 5 5
 6 6 5 3 3 2 3 3 3 3 3 5 5 5 7 7 9 9 13 3 3 3 2 2 1 1 1 1 1 2 2 2 2 2 2 1 1 3 3 3 5 5 5 5 5 5
 5 5 4 2 2 2 1 1 3 3 3 6 6 5 6 6 17 17 15 2 2 3 2 2 2 2 1 2 2 2 2 2 2 2 2 1 1 1 2 2 3 3 4 4 4 4
 5 5 4 2 2 2 1 1 3 3 3 6 6 5 6 6 17 17 15 2 2 3 2 2 2 2 1 2 2 2 2 2 2 2 2 1 1 1 2 2 3 3 4 4 4 4
 5 5 5 3 3 2 2 2 4 4 4 5 5 4 7 7 10 10 4 5 5 3 3 3 2 2 2 5 5 3 6 6 3 3 4 3 3 3 3 3 3 3 3 7 7 9
 5 5 5 3 3 2 2 2 4 4 4 5 5 4 7 7 10 10 4 5 5 3 3 3 2 2 2 5 5 3 6 6 3 3 4 3 3 3 3 3 3 3 3 7 7 9
 5 5 5 4 4 4 3 3 4 4 7 6 6 6 6 6 6 6 4 7 7 5 3 3 2 2 4 8 8 21 8 8 5 5 5 5 5 6 6 6 5 5 6 10 10 14
 6 6 6 6 6 5 2 2 3 3 4 4 4 4 7 7 7 7 4 4 4 3 3 3 4 4 5 7 7 11 11 11 12 12 7 8 8 10 11 11 11 11 8 12 12 20
 6 6 6 6 6 5 2 2 3 3 4 4 4 4 7 7 7 7 4 4 4 3 3 3 4 4 5 7 7 11 11 11 12 12 7 8 8 10 11 11 11 11 8 12 12 20
 5 5 6 7 7 5 5 5 6 6 6 6 6 7 7 7 6 6 4 5 5 4 2 2 4 4 4 6 6 6 6 6 5 5 7 8 8 11 16 16 14 14 14 27 27 22
 4 4 5 5 5 5 5 5 5 5 6 5 5 6 7 7 6 6 1 3 3 2 2 2 4 4 3 1 1 3 2 2 5 5 6 9 9 11 10 10 12 12 14 21 21 33
 4 4 5 5 5 5 5 5 5 5 6 5 5 6 7 7 6 6 1 3 3 2 2 2 4 4 3 1 1 3 2 2 5 5 6 9 9 11 10 10 12 12 14 21 21 33
 3 3 3 5 5 4 4 4 4 4 6 6 6 5 6 6 0 0 0 2 2 3 2 2 2 2 1 1 1 1 2 2 5 5 5 6 6 7 7 7 8 8 13 13 13 22
 3 3 3 5 5 4 4 4 4 4 6 6 6 5 6 6 0 0 0 2 2 3 2 2 2 2 1 1 1 1 2 2 5 5 5 6 6 7 7 7 8 8 13 13 13 22
 2 2 2 2 2 4 4 4 5 5 5 5 5 5 5 5 0 0 0 2 2 3 2 2 3 3 3 3 3 3 8 8 4 4 4 5 5 5 5 5 6 6 9 12 12 18
 1 1 1 4 4 3 4 4 4 4 5 5 5 5 5 5 1 1 1 2 2 4 2 2 3 3 3 4 4 3 8 8 7 7 8 5 5 4 5 5 7 7 10 10 10 8
 1 1 1 4 4 3 4 4 4 4 5 5 5 5 5 5 1 1 1 2 2 4 2 2 3 3 3 4 4 3 8 8 7 7 8 5 5 4 5 5 7 7 10 10 10 8
 0 0 0 3 3 3 4 4 4 4 4 2 2 2 2 2 1 1 1 2 2 3 2 2 3 3 4 4 4 6 5 5 6 6 6 5 5 6 7 7 10 10 8 8 8 6
 0 0 0 1 1 1 1 1 0 0 0 1 1 2 0 0 0 0 0 1 1 2 4 4 6 6 10 12 12 14 9 9 7 7 9 9 9 5 7 7 7 7 7 5 5 4
 0 0 0 1 1 1 1 1 0 0 0 1 1 2 0 0 0 0 0 1 1 2 4 4 6 6 10 12 12 14 9 9 7 7 9 9 9 5 7 7 7 7 7 5 5 4
 0 0 1 0 0 1 0 0 1 1 1 2 2 1 1 1 1 1 0 0 0 2 8 8 6 6 10 13 13 14 17 17 10 10 11 13 13 13 15 15 12 12 8 6 6 5
 0 0 1 0 0 1 0 0 1 1 1 2 2 1 1 1 1 1 0 0 0 2 8 8 6 6 10 13 13 14 17 17 10 10 11 13 13 13 15 15 12 12 8 6 6 5
 1 1 1 1 1 1 1 1 1 1 2 3 3 1 3 3 1 1 1 0 0 1 8 8 9 9 10 12 12 12 12 12 9 9 11 14 14 14 12 12 9 9 6 6 6 6
 1 1 1 2 2 2 3 3 2 2 3 2 2 2 3 3 3 3 5 4 4 7 9 9 9 9 14 13 13 8 4 4 5 5 2 5 5 5 6 6 5 5 6 5 5 5
 1 1 1 2 2 2 3 3 2 2 3 2 2 2 3 3 3 3 5 4 4 7 9 9 9 9 14 13 13 8 4 4 5 5 2 5 5 5 6 6 5 5 6 5 5 5
 2 2 2 2 2 2 3 3 2 2 4 4 4 4 7 7 7 7 3 4 4 3 12 12 12 12 14 14 14 9 6 6 5 5 2 3 3 1 2 2 1 1 2 2 2 2
 1 1 1 2 2 2 2 2 2 2 4 3 3 6 6 6 6 6 5 5 5 3 6 6 10 10 10 10 10 8 3 3 7 7 3 3 3 0 0 0 0 0 0 1 1 0
 1 1 1 2 2 2 2 2 2 2 4 3 3 6 6 6 6 6 5 5 5 3 6 6 10 10 10 10 10 8 3 3 7 7 3 3 3 0 0 0 0 0 0 1 1 0
 1 1 0 1 1 1 1 1 3 3 5 3 3 6 7 7 3 3 3 4 4 3 2 2 4 4 9 10 10 7 4 4 3 3 3 2 2 1 1 1 1 1 1 1 1 0
 1 1 0 1 1 1 1 1 3 3 5 3 3 6 7 7 3 3 3 4 4 3 2 2 4 4 9 10 10 7 4 4 3 3 3 2 2 1 1 1 1 1 1 1 1 0
 0 0 0 0 0 1 1 1 2 2 1 2 2 2 2 2 5 5 3 1 1 2 1 1 4 4 5 10 10 9 8 8 10 10 10 12 12 1 1 1 2 2 1 1 1 0
 0 0 0 0 0 1 1 1 1 1 1 0 0 1 2 2 5 5 5 6 6 7 7 7 7 7 9 14 14 14 8 8 8 8 8 12 12 12 2 2 2 2 2 1 1 1
 0 0 0 0 0 1 1 1 1 1 1 0 0 1 2 2 5 5 5 6 6 7 7 7 7 7 9 14 14 14 8 8 8 8 8 12 12 12 2 2 2 2 2 1 1 1
 0 0 0 0 0 0 0 0 1 1 0 0 0 1 1 1 6 6 6 8 8 8 16 16 7 7 9 9 9 8 11 11 11 11 13 16 16 16 5 5 2 2 1 1 1 0
 1 1 0 0 0 0 0 0 0 0 0 0 0 1 6 6 6 6 6 8 8 8 17 17 16 16 20 9 9 12 8 8 12 12 12 17 17 17 5 5 0 0 0 0 0 0
 1 1 0 0 0 0 0 0 0 0 0 0 0 1 6 6 6 6 6 8 8 8 17 17 16 16 20 9 9 12 8 8 12 12 12 17 17 17 5 5 0 0 0 0 0 0
 0 0 0 0 0 0 0 0 0 0 1 1 1 1 6 6 6 6 8 8 8 8 15 15 13 13 15 19 19 13 15 15 17 17 15 13 13 4 1 1 0 0 0 0 0 0
 0 0 0 0 0 0 0 0 0 0 1 1 1 1 6 6 6 6 8 8 8 8 15 15 13 13 15 19 19 13 15 15 17 17 15 13 13 4 1 1 0 0 0 0 0 0
 0 0 0 0 0 0 0 0 0 0 1 1 1 1 3 3 2 2 6 6 6 8 14 14 15 15 17 17 17 18 14 14 19 19 16 13 13 7 2 2 0 0 0 0 0 0
 0 0 0 0 0 0 0 0 0 0 1 1 1 0 2 2 2 2 6 6 6 8 9 9 8 8 8 12 12 11 5 5 14 14 12 11 11 8 7 7 1 1 0 0 0 0
 0 0 0 0 0 0 0 0 0 0 1 1 1 0 2 2 2 2 6 6 6 8 9 9 8 8 8 12 12 11 5 5 14 14 12 11 11 8 7 7 1 1 0 0 0 0
 0 0 0 0 0 0 0 0 0 0 1 1 1 0 0 0 0 0 2 2 2 2 3 3 2 2 10 12 12 10 5 5 4 4 4 11 11 7 7 7 1 1 0 0 0 1
 0 0 0 0 0 0 1 1 0 0 1 1 1 1 0 0 0 0 2 2 2 3 3 3 2 2 1 1 1 9 2 2 5 5 3 2 2 6 2 2 2 2 2 0 0 0
