assets/RAT_results/precipitation/2020-05-14_IMERG.asc
ncols        46
nrows        77
xllcorner    74.800261325624
yllcorner    8.058333333333
cellsize     0.062500000000
NODATA_value -9999
 0 0 0 1 1 7 11 11 12 12 10 4 4 3 3 3 3 3 2 3 3 2 1 1 1 1 1 1 1 1 2 2 1 1 1 0 0 0 0 0 0 0 0 0 0 0
 0 0 0 0 0 2 6 6 7 7 8 22 22 7 7 7 47 47 47 5 5 3 1 1 1 1 1 1 1 2 2 2 1 1 0 0 0 0 0 0 0 0 0 0 0 0
 0 0 0 0 0 2 6 6 7 7 8 22 22 7 7 7 47 47 47 5 5 3 1 1 1 1 1 1 1 2 2 2 1 1 0 0 0 0 0 0 0 0 0 0 0 0
 1 1 0 0 0 0 1 1 3 3 8 25 25 14 9 9 11 11 11 4 4 4 2 2 1 1 1 1 1 1 1 1 0 0 0 0 0 0 0 0 0 0 0 0 0 0
 1 1 0 0 0 0 3 3 10 10 12 27 27 15 5 5 12 12 12 5 5 4 2 2 1 1 1 1 1 0 0 0 0 0 0 0 0 0 0 0 0 0 0 0 0 0
 1 1 0 0 0 0 3 3 10 10 12 27 27 15 5 5 12 12 12 5 5 4 2 2 1 1 1 1 1 0 0 0 0 0 0 0 0 0 0 0 0 0 0 0 0 0
 1 1 0 0 0 1 3 3 9 9 18 20 20 5 9 9 8 8 6 4 4 3 2 2 1 1 0 0 0 0 0 0 0 0 0 0 0 0 0 0 0 0 0 0 0 0
 1 1 0 0 0 1 3 3 9 9 18 20 20 5 9 9 8 8 6 4 4 3 2 2 1 1 0 0 0 0 0 0 0 0 0 0 0 0 0 0 0 0 0 0 0 0
 1 1 1 0 0 0 0 0 5 5 5 7 7 4 13 13 7 7 8 5 5 5 2 2 0 0 0 0 0 0 0 0 0 0 0 0 0 0 0 0 0 0 0 0 0 0
 1 1 1 2 2 0 0 0 0 0 1 3 3 2 6 6 6 6 8 3 3 6 2 2 0 0 0 1 1 1 0 0 0 0 0 0 0 0 0 0 0 0 0 0 0 0
 1 1 1 2 2 0 0 0 0 0 1 3 3 2 6 6 6 6 8 3 3 6 2 2 0 0 0 1 1 1 0 0 0 0 0 0 0 0 0 0 0 0 0 0 0 0
 1 1 2 1 1 0 0 0 1 1 1 1 1 1 2 2 2 2 7 5 5 5 3 3 0 0 0 0 0 0 0 0 0 0 0 0 0 0 0 0 0 0 0 0 0 0
 3 3 2 1 1 1 1 1 2 2 3 3 3 3 3 3 2 2 2 3 3 4 1 1 0 0 0 0 0 0 0 0 0 0 0 0 0 1 0 0 0 0 0 0 0 0
 3 3 2 1 1 1 1 1 2 2 3 3 3 3 3 3 2 2 2 3 3 4 1 1 0 0 0 0 0 0 0 0 0 0 0 0 0 1 0 0 0 0 0 0 0 0
 5 5 4 3 3 3 4 4 5 5 5 4 4 3 2 2 1 1 5 2 2 3 1 1 0 0 0 0 0 0 0 0 0 0 0 1 1 1 1 1 0 0 0 0 0 0
 5 5 4 3 3 3 4 4 5 5 5 4 4 3 2 2 1 1 5 2 2 3 1 1 0 0 0 0 0 0 0 0 0 0 0 1 1 1 1 1 0 0 0 0 0 0
 10 10 14 11 11 5 5 5 10 10 9 7 7 5 3 3 3 3 7 8 8 3 1 1 1 1 0 0 0 0 0 0 0 0 0 0 0 1 0 0 0 0 0 0 0 0
 19 19 14 11 11 12 15 15 6 6 10 6 6 3 2 2 2 2 4 9 9 8 7 7 0 0 1 1 1 1 1 1 1 1 1 0 0 0 1 1 0 0 0 0 0 0
 19 19 14 11 11 12 15 15 6 6 10 6 6 3 2 2 2 2 4 9 9 8 7 7 0 0 1 1 1 1 1 1 1 1 1 0 0 0 1 1 0 0 0 0 0 0
 9 9 13 12 12 12 4 4 4 4 3 4 4 3 2 2 0 0 1 2 2 2 1 1 1 1 1 1 1 1 1 1 1 1 1 0 0 1 0 0 0 0 0 0 0 0
 4 4 8 12 12 7 6 6 2 2 2 1 1 2 2 2 0 0 1 0 0 0 0 0 1 1 1 1 1 2 1 1 1 1 1 0 0 0 0 0 0 0 0 0 0 0
 4 4 8 12 12 7 6 6 2 2 2 1 1 2 2 2 0 0 1 0 0 0 0 0 1 1 1 1 1 2 1 1 1 1 1 0 0 0 0 0 0 0 0 0 0 0
 1 1 1 1 1 3 2 2 1 1 1 1 1 1 0 0 0 0 0 0 0 0 2 2 1 1 9 3 3 3 3 3 2 2 1 1 1 0 0 0 0 0 0 0 0 0
 1 1 1 1 1 3 2 2 1 1 1 1 1 1 0 0 0 0 0 0 0 0 2 2 1 1 9 3 3 3 3 3 2 2 1 1 1 0 0 0 0 0 0 0 0 0
 0 0 0 0 0 0 2 2 1 1 1 0 0 1 0 0 0 0 0 0 0 5 5 5 4 4 8 4 4 6 5 5 3 3 2 1 1 1 0 0 0 0 0 0 0 0
 0 0 0 0 0 0 0 0 0 0 0 0 0 0 0 0 0 0 0 0 0 0 8 8 7 7 8 9 9 6 4 4 3 3 2 1 1 1 0 0 0 0 0 0 0 0
 0 0 0 0 0 0 0 0 0 0 0 0 0 0 0 0 0 0 0 0 0 0 8 8 7 7 8 9 9 6 4 4 3 3 2 1 1 1 0 0 0 0 0 0 0 0
 0 0 0 0 0 0 0 0 0 0 0 0 0 0 1 1 1 1 1 1 1 1 3 3 4 4 8 8 8 6 5 5 4 4 2 1 1 1 0 0 0 0 0 0 0 0
 0 0 0 1 1 1 0 0 0 0 0 1 1 1 2 2 2 2 1 1 1 3 5 5 7 7 8 8 8 7 5 5 3 3 2 1 1 1 0 0 0 0 0 0 0 0
 0 0 0 1 1 1 0 0 0 0 0 1 1 1 2 2 2 2 1 1 1 3 5 5 7 7 8 8 8 7 5 5 3 3 2 1 1 1 0 0 0 0 0 0 0 0
 0 0 1 1 1 1 1 1 0 0 1 2 2 6 7 7 5 5 5 4 4 5 8 8 8 8 9 9 9 9 8 8 4 4 2 1 1 1 0 0 0 0 0 0 0 0
 0 0 1 1 1 1 1 1 0 0 1 2 2 6 7 7 5 5 5 4 4 5 8 8 8 8 9 9 9 9 8 8 4 4 2 1 1 1 0 0 0 0 0 0 0 0
 0 0 0 0 0 1 1 1 1 1 2 7 7 16 17 17 15 15 8 7 7 6 8 8 10 10 10 10 10 15 16 16 5 5 2 1 1 1 0 0 0 0 0 0 0 0
 0 0 0 1 1 2 2 2 2 2 7 16 16 21 27 27 27 27 15 10 10 7 8 8 19 19 21 35 35 24 18 18 5 5 3 2 2 1 0 0 0 0 0 0 0 0
 0 0 0 1 1 2 2 2 2 2 7 16 16 21 27 27 27 27 15 10 10 7 8 8 19 19 21 35 35 24 18 18 5 5 3 2 2 1 0 0 0 0 0 0 0 0
 0 0 0 1 1 2 3 3 5 5 16 21 21 26 31 31 34 34 20 14 14 11 8 8 19 19 30 43 43 29 22 22 13 13 4 2 2 1 1 1 0 0 0 0 0 0
 0 0 1 2 2 3 5 5 10 10 46 67 67 61 49 49 36 36 25 16 16 12 12 12 25 25 29 49 49 44 29 29 6 6 4 2 2 2 1 1 0 0 1 2 2 0
 0 0 1 2 2 3 5 5 10 10 46 67 67 61 49 49 36 36 25 16 16 12 12 12 25 25 29 49 49 44 29 29 6 6 4 2 2 2 1 1 0 0 1 2 2 0
 0 0 1 4 4 5 7 7 13 13 58 325 325 84 322 322 49 49 31 20 20 13 24 24 24 24 44 40 40 38 21 21 6 6 6 3 3 2 1 1 1 1 2 3 3 1
 0 0 1 4 4 5 7 7 13 13 58 325 325 84 322 322 49 49 31 20 20 13 24 24 24 24 44 40 40 38 21 21 6 6 6 3 3 2 1 1 1 1 2 3 3 1
 0 0 1 4 4 5 12 12 24 24 293 329 329 309 308 308 36 36 21 15 15 13 24 24 25 25 42 80 80 133 26 26 20 20 15 5 5 2 2 2 1 1 3 2 2 4
 0 0 2 3 3 5 17 17 25 25 271 315 315 50 43 43 21 21 16 11 11 11 21 21 21 21 99 83 83 18 24 24 21 21 8 6 6 4 4 4 5 5 6 9 9 10
 0 0 2 3 3 5 17 17 25 25 271 315 315 50 43 43 21 21 16 11 11 11 21 21 21 21 99 83 83 18 24 24 21 21 8 6 6 4 4 4 5 5 6 9 9 10
 0 0 1 3 3 4 10 10 46 46 56 51 51 40 33 33 25 25 23 16 16 14 13 13 9 9 9 6 6 3 4 4 8 8 20 12 12 6 11 11 13 13 8 10 10 8
 0 0 2 2 2 2 4 4 47 47 235 65 65 27 21 21 23 23 25 18 18 11 16 16 12 12 9 4 4 3 3 3 2 2 14 15 15 12 14 14 11 11 6 4 4 6
 0 0 2 2 2 2 4 4 47 47 235 65 65 27 21 21 23 23 25 18 18 11 16 16 12 12 9 4 4 3 3 3 2 2 14 15 15 12 14 14 11 11 6 4 4 6
 0 0 0 2 2 1 2 2 213 213 221 64 64 25 18 18 17 17 21 18 18 16 20 20 18 18 15 7 7 6 4 4 11 11 15 23 23 14 10 10 6 6 5 5 5 5
 0 0 0 2 2 1 2 2 213 213 221 64 64 25 18 18 17 17 21 18 18 16 20 20 18 18 15 7 7 6 4 4 11 11 15 23 23 14 10 10 6 6 5 5 5 5
 0 0 0 2 2 2 2 2 33 33 35 28 28 28 22 22 25 25 27 19 19 21 24 24 13 13 10 14 14 7 12 12 23 23 30 25 25 21 9 9 6 6 6 4 4 4
 0 0 0 1 1 2 2 2 32 32 36 25 25 21 17 17 23 23 23 22 22 24 19 19 11 11 11 8 8 7 16 16 30 30 26 145 145 49 12 12 7 7 8 5 5 4
 0 0 0 1 1 2 2 2 32 32 36 25 25 21 17 17 23 23 23 22 22 24 19 19 11 11 11 8 8 7 16 16 30 30 26 145 145 49 12 12 7 7 8 5 5 4
 0 0 0 2 2 1 2 2 6 6 30 23 23 19 15 15 24 24 17 19 19 18 23 23 23 23 17 12 12 19 57 57 31 31 31 33 33 53 19 19 13 13 8 6 6 5
 0 0 0 1 1 1 1 1 2 2 4 6 6 16 14 14 25 25 22 26 26 24 29 29 32 32 21 12 12 11 12 12 21 21 82 34 34 32 49 49 12 12 10 8 8 7
 0 0 0 1 1 1 1 1 2 2 4 6 6 16 14 14 25 25 22 26 26 24 29 29 32 32 21 12 12 11 12 12 21 21 82 34 34 32 49 49 12 12 10 8 8 7
 1 1 1 1 1 1 1 1 1 1 1 2 2 13 4 4 16 16 27 28 28 21 19 19 31 31 22 13 13 11 17 17 25 25 139 40 40 27 31 31 36 36 15 7 7 6
 1 1 1 1 1 1 1 1 1 1 1 2 2 13 4 4 16 16 27 28 28 21 19 19 31 31 22 13 13 11 17 17 25 25 139 40 40 27 31 31 36 36 15 7 7 6
 2 2 3 4 4 4 2 2 0 0 0 0 0 1 2 2 10 10 22 24 24 15 13 13 27 27 16 9 9 10 13 13 22 22 139 72 72 125 42 42 31 31 18 12 12 7
 3 3 8 12 12 10 5 5 2 2 1 1 1 2 3 3 10 10 18 22 22 15 19 19 19 19 20 10 10 10 15 15 20 20 39 41 41 45 41 41 21 21 15 13 13 8
 3 3 8 12 12 10 5 5 2 2 1 1 1 2 3 3 10 10 18 22 22 15 19 19 19 19 20 10 10 10 15 15 20 20 39 41 41 45 41 41 21 21 15 13 13 8
 6 6 12 14 14 13 9 9 5 5 3 4 4 19 8 8 16 16 30 34 34 29 27 27 21 21 22 15 15 16 19 19 22 22 25 41 41 29 24 24 19 19 16 15 15 12
 14 14 14 13 13 12 9 9 30 30 30 19 19 26 22 22 31 31 40 44 44 40 28 28 24 24 21 13 13 15 19 19 26 26 35 64 64 32 23 23 18 18 16 13 13 11
 14 14 14 13 13 12 9 9 30 30 30 19 19 26 22 22 31 31 40 44 44 40 28 28 24 24 21 13 13 15 19 19 26 26 35 64 64 32 23 23 18 18 16 13 13 11
 13 13 13 15 15 15 15 15 34 34 45 21 21 35 36 36 46 46 48 50 50 46 30 30 28 28 21 20 20 21 23 23 28 28 74 47 47 32 17 17 13 13 14 12 12 8
 13 13 13 15 15 15 15 15 34 34 45 21 21 35 36 36 46 46 48 50 50 46 30 30 28 28 21 20 20 21 23 23 28 28 74 47 47 32 17 17 13 13 14 12 12 8
 14 14 15 13 13 11 32 32 29 29 277 30 30 38 37 37 49 49 54 55 55 51 41 41 34 34 25 21 21 27 26 26 39 39 42 32 32 24 46 46 15 15 17 14 14 5
 18 18 18 13 13 12 33 33 32 32 265 21 21 30 39 39 47 47 46 51 51 50 54 54 44 44 36 33 33 41 46 46 34 34 49 44 44 20 18 18 12 12 14 7 7 2
 18 18 18 13 13 12 33 33 32 32 265 21 21 30 39 39 47 47 46 51 51 50 54 54 44 44 36 33 33 41 46 46 34 34 49 44 44 20 18 18 12 12 14 7 7 2
 19 19 21 20 20 22 21 21 20 20 28 30 30 28 61 61 50 50 51 53 53 52 45 45 33 33 42 43 43 35 40 40 27 27 38 56 56 30 14 14 13 13 11 7 7 3
 29 29 30 25 25 25 18 18 37 37 108 105 105 60 61 61 49 49 54 46 46 38 28 28 27 27 28 45 45 41 61 61 25 25 29 25 25 38 27 27 16 16 8 1 1 1
 29 29 30 25 25 25 18 18 37 37 108 105 105 60 61 61 49 49 54 46 46 38 28 28 27 27 28 45 45 41 61 61 25 25 29 25 25 38 27 27 16 16 8 1 1 1
 30 30 34 36 36 34 26 26 46 46 122 108 108 56 54 54 59 59 64 45 45 36 27 27 19 19 20 34 34 32 53 53 101 101 29 26 26 33 23 23 17 17 6 2 2 1
 30 30 34 36 36 34 26 26 46 46 122 108 108 56 54 54 59 59 64 45 45 36 27 27 19 19 20 34 34 32 53 53 101 101 29 26 26 33 23 23 17 17 6 2 2 1
 36 36 40 41 41 37 31 31 151 151 126 53 53 54 56 56 61 61 64 31 31 22 25 25 25 25 23 16 16 5 101 101 92 92 24 21 21 17 12 12 60 60 33 4 4 1
 43 43 41 38 38 34 31 31 154 154 38 55 55 56 44 44 67 67 70 39 39 36 40 40 43 43 34 17 17 15 5 5 5 5 14 15 15 5 4 4 9 9 10 3 3 0
 43 43 41 38 38 34 31 31 154 154 38 55 55 56 44 44 67 67 70 39 39 36 40 40 43 43 34 17 17 15 5 5 5 5 14 15 15 5 4 4 9 9 10 3 3 0
 39 39 41 35 35 33 30 30 44 44 43 56 56 55 29 29 33 33 35 54 54 49 67 67 60 60 44 19 19 10 8 8 6 6 8 7 7 3 3 3 0 0 0 0 0 0
 33 33 32 35 35 32 29 29 28 28 28 22 22 21 41 41 46 46 48 283 283 53 70 70 58 58 51 25 25 12 16 16 16 16 8 7 7 3 4 4 2 2 1 0 0 1
