assets/RAT_results/precipitation/2020-08-31_IMERG.asc
ncols        46
nrows        77
xllcorner    74.800261325624
yllcorner    8.058333333333
cellsize     0.062500000000
NODATA_value -9999
 4 4 2 1 1 2 2 2 2 2 3 2 2 3 9 9 8 8 11 12 12 14 13 13 10 10 18 14 14 14 18 18 12 12 8 7 7 7 9 9 10 10 13 14 14 11
 2 2 2 2 2 2 2 2 3 3 4 3 3 11 15 15 12 12 14 15 15 14 14 14 11 11 10 13 13 15 23 23 22 22 9 9 9 9 10 10 9 9 13 16 16 18
 2 2 2 2 2 2 2 2 3 3 4 3 3 11 15 15 12 12 14 15 15 14 14 14 11 11 10 13 13 15 23 23 22 22 9 9 9 9 10 10 9 9 13 16 16 18
 4 4 2 3 3 3 2 2 2 2 2 5 5 13 21 21 22 22 24 25 25 16 14 14 14 14 12 25 25 15 17 17 14 14 12 13 13 13 16 16 15 15 16 20 20 30
 2 2 4 4 4 5 4 4 3 3 2 3 3 12 13 13 13 13 16 25 25 18 15 15 15 15 27 27 27 35 42 42 23 23 20 23 23 22 34 34 18 18 19 20 20 33
 2 2 4 4 4 5 4 4 3 3 2 3 3 12 13 13 13 13 16 25 25 18 15 15 15 15 27 27 27 35 42 42 23 23 20 23 23 22 34 34 18 18 19 20 20 33
 2 2 2 4 4 6 6 6 4 4 3 11 11 13 11 11 12 12 15 22 22 27 21 21 16 16 34 35 35 57 59 59 46 46 20 23 23 22 34 34 38 38 39 38 38 49
 2 2 2 4 4 6 6 6 4 4 3 11 11 13 11 11 12 12 15 22 22 27 21 21 16 16 34 35 35 57 59 59 46 46 20 23 23 22 34 34 38 38 39 38 38 49
 1 1 2 4 4 5 5 5 5 5 5 11 11 14 12 12 14 14 13 18 18 21 31 31 22 22 27 38 38 58 53 53 44 44 43 37 37 67 68 68 67 67 68 61 61 60
 1 1 1 3 3 4 5 5 7 7 6 11 11 13 16 16 15 15 15 18 18 22 37 37 30 30 34 35 35 82 97 97 97 97 44 84 84 70 65 65 64 64 65 58 58 42
 1 1 1 3 3 4 5 5 7 7 6 11 11 13 16 16 15 15 15 18 18 22 37 37 30 30 34 35 35 82 97 97 97 97 44 84 84 70 65 65 64 64 65 58 58 42
 2 2 1 1 1 3 4 4 5 5 9 11 11 13 16 16 15 15 16 20 20 24 27 27 34 34 30 26 26 26 74 74 84 84 77 77 77 64 66 66 78 78 63 52 52 39
 2 2 2 2 2 4 4 4 4 4 8 9 9 12 18 18 20 20 15 17 17 19 20 20 23 23 23 30 30 25 74 74 73 73 81 80 80 54 62 62 75 75 40 50 50 29
 2 2 2 2 2 4 4 4 4 4 8 9 9 12 18 18 20 20 15 17 17 19 20 20 23 23 23 30 30 25 74 74 73 73 81 80 80 54 62 62 75 75 40 50 50 29
 4 4 1 2 2 2 5 5 4 4 9 8 8 10 14 14 22 22 15 17 17 18 19 19 22 22 21 19 19 18 31 31 31 31 62 80 80 52 70 70 70 70 36 35 35 11
 4 4 1 2 2 2 5 5 4 4 9 8 8 10 14 14 22 22 15 17 17 18 19 19 22 22 21 19 19 18 31 31 31 31 62 80 80 52 70 70 70 70 36 35 35 11
 7 7 3 2 2 2 3 3 6 6 10 10 10 10 11 11 12 12 14 13 13 15 17 17 19 19 20 20 20 20 34 34 31 31 61 54 54 52 29 29 28 28 17 33 33 3
 4 4 6 5 5 2 1 1 2 2 10 10 10 8 9 9 10 10 12 12 12 14 13 13 14 14 17 19 19 19 16 16 20 20 20 25 25 26 25 25 30 30 15 6 6 4
 4 4 6 5 5 2 1 1 2 2 10 10 10 8 9 9 10 10 12 12 12 14 13 13 14 14 17 19 19 19 16 16 20 20 20 25 25 26 25 25 30 30 15 6 6 4
 3 3 4 8 8 6 1 1 4 4 5 9 9 9 9 9 10 10 12 13 13 13 15 15 15 15 16 17 17 15 13 13 13 13 23 30 30 29 29 29 18 18 15 10 10 7
 4 4 3 3 3 7 2 2 4 4 4 9 9 8 8 8 9 9 10 13 13 14 20 20 23 23 17 12 12 12 13 13 14 14 15 20 20 25 29 29 27 27 27 25 25 12
 4 4 3 3 3 7 2 2 4 4 4 9 9 8 8 8 9 9 10 13 13 14 20 20 23 23 17 12 12 12 13 13 14 14 15 20 20 25 29 29 27 27 27 25 25 12
 3 3 3 2 2 4 3 3 4 4 4 4 4 7 7 7 8 8 8 8 8 10 13 13 19 19 22 15 15 14 14 14 15 15 15 25 25 13 21 21 23 23 30 24 24 12
 3 3 3 2 2 4 3 3 4 4 4 4 4 7 7 7 8 8 8 8 8 10 13 13 19 19 22 15 15 14 14 14 15 15 15 25 25 13 21 21 23 23 30 24 24 12
 3 3 2 3 3 3 7 7 5 5 4 4 4 7 8 8 8 8 8 8 8 9 12 12 13 13 20 24 24 15 14 14 14 14 22 22 22 10 11 11 30 30 20 18 18 12
 3 3 3 3 3 3 6 6 7 7 5 4 4 4 8 8 10 10 11 11 11 10 11 11 11 11 14 24 24 19 11 11 10 10 9 9 9 25 8 8 41 41 27 20 20 11
 3 3 3 3 3 3 6 6 7 7 5 4 4 4 8 8 10 10 11 11 11 10 11 11 11 11 14 24 24 19 11 11 10 10 9 9 9 25 8 8 41 41 27 20 20 11
 6 6 3 3 3 3 9 9 10 10 8 7 7 7 8 8 10 10 10 11 11 13 15 15 16 16 14 18 18 17 12 12 12 12 11 12 12 25 50 50 41 41 27 32 32 29
 5 5 4 3 3 3 9 9 12 12 10 9 9 10 10 10 14 14 16 17 17 22 22 22 23 23 19 14 14 14 13 13 12 12 12 27 27 21 68 68 57 57 41 32 32 46
 5 5 4 3 3 3 9 9 12 12 10 9 9 10 10 10 14 14 16 17 17 22 22 22 23 23 19 14 14 14 13 13 12 12 12 27 27 21 68 68 57 57 41 32 32 46
 4 4 5 4 4 4 12 12 12 12 10 10 10 10 11 11 16 16 19 20 20 21 20 20 23 23 22 16 16 17 13 13 12 12 11 14 14 13 24 24 56 56 39 41 41 40
 4 4 5 4 4 4 12 12 12 12 10 10 10 10 11 11 16 16 19 20 20 21 20 20 23 23 22 16 16 17 13 13 12 12 11 14 14 13 24 24 56 56 39 41 41 40
 8 8 9 7 7 8 10 10 11 11 10 9 9 9 10 10 14 14 17 21 21 18 18 18 19 19 24 15 15 16 11 11 9 9 11 13 13 11 22 22 22 22 21 24 24 29
 13 13 31 22 22 18 19 19 12 12 6 6 6 7 8 8 9 9 14 20 20 16 19 19 16 16 19 16 16 12 11 11 9 9 7 8 8 10 10 10 9 9 9 8 8 31
 13 13 31 22 22 18 19 19 12 12 6 6 6 7 8 8 9 9 14 20 20 16 19 19 16 16 19 16 16 12 11 11 9 9 7 8 8 10 10 10 9 9 9 8 8 31
 9 9 38 41 41 51 51 51 45 45 8 5 5 5 7 7 8 8 11 14 14 17 16 16 17 17 17 14 14 16 11 11 9 9 7 4 4 8 8 8 9 9 12 13 13 9
 9 9 11 36 36 54 59 59 55 55 43 6 6 3 3 3 5 5 6 10 10 12 10 10 11 11 14 14 14 17 18 18 12 12 6 4 4 5 6 6 7 7 10 17 17 17
 9 9 11 36 36 54 59 59 55 55 43 6 6 3 3 3 5 5 6 10 10 12 10 10 11 11 14 14 14 17 18 18 12 12 6 4 4 5 6 6 7 7 10 17 17 17
 7 7 10 39 39 15 25 25 53 53 53 23 23 6 3 3 4 4 4 8 8 7 8 8 6 6 8 9 9 16 32 32 16 16 15 10 10 8 8 8 6 6 10 15 15 24
 7 7 10 39 39 15 25 25 53 53 53 23 23 6 3 3 4 4 4 8 8 7 8 8 6 6 8 9 9 16 32 32 16 16 15 10 10 8 8 8 6 6 10 15 15 24
 5 5 5 8 8 13 24 24 17 17 53 57 57 22 6 6 5 5 6 9 9 10 7 7 7 7 6 7 7 9 24 24 26 26 19 17 17 12 11 11 11 11 13 17 17 24
 5 5 5 10 10 10 12 12 18 18 41 65 65 61 18 18 9 9 7 8 8 12 8 8 8 8 7 9 9 10 14 14 19 19 20 21 21 26 16 16 13 13 12 14 14 15
 5 5 5 10 10 10 12 12 18 18 41 65 65 61 18 18 9 9 7 8 8 12 8 8 8 8 7 9 9 10 14 14 19 19 20 21 21 26 16 16 13 13 12 14 14 15
 8 8 13 11 11 10 9 9 17 17 43 69 69 68 63 63 25 25 11 10 10 18 12 12 12 12 13 11 11 11 20 20 20 20 20 22 22 23 23 23 21 21 18 20 20 29
 15 15 21 22 22 20 14 14 19 19 24 66 66 72 68 68 80 80 25 11 11 17 17 17 14 14 17 16 16 14 20 20 21 21 25 20 20 20 20 20 20 20 30 32 32 26
 15 15 21 22 22 20 14 14 19 19 24 66 66 72 68 68 80 80 25 11 11 17 17 17 14 14 17 16 16 14 20 20 21 21 25 20 20 20 20 20 20 20 30 32 32 26
 35 35 65 64 64 60 18 18 11 11 23 58 58 66 68 68 84 84 71 16 16 16 15 15 13 13 16 18 18 18 22 22 23 23 23 24 24 22 25 25 25 25 28 28 28 29
 35 35 65 64 64 60 18 18 11 11 23 58 58 66 68 68 84 84 71 16 16 16 15 15 13 13 16 18 18 18 22 22 23 23 23 24 24 22 25 25 25 25 28 28 28 29
 62 62 84 78 78 33 16 16 12 12 14 25 25 43 72 72 76 76 57 38 38 20 11 11 14 14 16 18 18 18 19 19 33 33 23 23 23 25 21 21 21 21 21 21 21 19
 93 93 95 72 72 36 30 30 25 25 19 16 16 25 51 51 70 70 72 29 29 18 9 9 13 13 16 16 16 15 21 21 27 27 17 16 16 16 14 14 22 22 24 18 18 14
 93 93 95 72 72 36 30 30 25 25 19 16 16 25 51 51 70 70 72 29 29 18 9 9 13 13 16 16 16 15 21 21 27 27 17 16 16 16 14 14 22 22 24 18 18 14
 93 93 87 47 47 37 32 32 29 29 18 13 13 14 16 16 18 18 21 21 21 21 8 8 12 12 14 12 12 13 24 24 25 25 19 19 19 11 10 10 15 15 16 15 15 14
 62 62 44 37 37 32 35 35 34 34 17 12 12 8 10 10 8 8 9 9 9 11 9 9 11 11 12 13 13 11 12 12 19 19 18 34 34 13 10 10 14 14 10 10 10 9
 62 62 44 37 37 32 35 35 34 34 17 12 12 8 10 10 8 8 9 9 9 11 9 9 11 11 12 13 13 11 12 12 19 19 18 34 34 13 10 10 14 14 10 10 10 9
 14 14 15 26 26 25 26 26 27 27 15 11 11 8 6 6 5 5 4 4 4 6 9 9 11 11 13 12 12 11 10 10 11 11 15 19 19 14 12 12 11 11 10 25 25 11
 14 14 15 26 26 25 26 26 27 27 15 11 11 8 6 6 5 5 4 4 4 6 9 9 11 11 13 12 12 11 10 10 11 11 15 19 19 14 12 12 11 11 10 25 25 11
 7 7 8 20 20 21 19 19 20 20 21 14 14 9 5 5 3 3 3 2 2 3 8 8 10 10 12 12 12 11 12 12 13 13 16 16 16 17 15 15 14 14 14 19 19 9
 5 5 5 7 7 7 8 8 14 14 17 16 16 8 5 5 4 4 2 2 2 2 4 4 5 5 9 12 12 13 8 8 11 11 12 12 12 13 13 13 13 13 12 19 19 11
 5 5 5 7 7 7 8 8 14 14 17 16 16 8 5 5 4 4 2 2 2 2 4 4 5 5 9 12 12 13 8 8 11 11 12 12 12 13 13 13 13 13 12 19 19 11
 4 4 4 6 6 6 6 6 14 14 15 13 13 11 11 11 10 10 4 4 4 2 5 5 2 2 3 7 7 13 19 19 21 21 8 11 11 11 10 10 9 9 10 15 15 11
 11 11 7 6 6 7 6 6 8 8 9 18 18 16 17 17 11 11 4 4 4 3 3 3 2 2 1 2 2 5 6 6 11 11 5 5 5 10 19 19 7 7 5 5 5 6
 11 11 7 6 6 7 6 6 8 8 9 18 18 16 17 17 11 11 4 4 4 3 3 3 2 2 1 2 2 5 6 6 11 11 5 5 5 10 19 19 7 7 5 5 5 6
 7 7 6 7 7 6 6 6 6 6 7 16 16 15 15 15 6 6 5 2 2 2 3 3 1 1 1 3 3 4 3 3 2 2 3 3 3 11 7 7 2 2 2 2 2 2
 7 7 6 7 7 6 6 6 6 6 7 16 16 15 15 15 6 6 5 2 2 2 3 3 1 1 1 3 3 4 3 3 2 2 3 3 3 11 7 7 2 2 2 2 2 2
 6 6 5 6 6 7 7 7 7 7 8 6 6 4 4 4 3 3 2 1 1 1 1 1 1 1 1 1 1 4 2 2 3 3 2 2 2 10 8 8 5 5 2 1 1 1
 3 3 5 4 4 6 4 4 3 3 4 3 3 3 3 3 2 2 2 1 1 0 0 0 0 0 1 1 1 5 7 7 2 2 2 3 3 5 8 8 4 4 3 6 6 2
 3 3 5 4 4 6 4 4 3 3 4 3 3 3 3 3 2 2 2 1 1 0 0 0 0 0 1 1 1 5 7 7 2 2 2 3 3 5 8 8 4 4 3 6 6 2
 2 2 2 2 2 2 3 3 2 2 3 3 3 3 2 2 2 2 2 1 1 0 0 0 1 1 1 1 1 1 2 2 2 2 2 2 2 2 7 7 2 2 2 10 10 1
 1 1 1 1 1 1 2 2 1 1 2 2 2 2 2 2 1 1 1 1 1 1 1 1 1 1 1 1 1 1 1 1 2 2 2 2 2 1 4 4 1 1 3 1 1 0
 1 1 1 1 1 1 2 2 1 1 2 2 2 2 2 2 1 1 1 1 1 1 1 1 1 1 1 1 1 1 1 1 2 2 2 2 2 1 4 4 1 1 3 1 1 0
 0 0 0 0 0 0 1 1 1 1 1 1 1 1 1 1 1 1 1 1 1 0 0 0 0 0 0 0 0 0 1 1 0 0 1 1 1 1 1 1 0 0 0 0 0 0
 0 0 0 0 0 0 1 1 1 1 1 1 1 1 1 1 1 1 1 1 1 0 0 0 0 0 0 0 0 0 1 1 0 0 1 1 1 1 1 1 0 0 0 0 0 0
 0 0 0 0 0 0 0 0 0 0 0 0 0 1 0 0 0 0 0 0 0 0 0 0 0 0 0 0 0 0 0 0 0 0 0 0 0 0 0 0 0 0 0 0 0 0
 0 0 0 0 0 0 0 0 0 0 0 0 0 0 0 0 0 0 1 0 0 0 0 0 0 0 0 0 0 0 0 0 0 0 0 0 0 0 0 0 0 0 0 0 0 0
 0 0 0 0 0 0 0 0 0 0 0 0 0 0 0 0 0 0 1 0 0 0 0 0 0 0 0 0 0 0 0 0 0 0 0 0 0 0 0 0 0 0 0 0 0 0
 0 0 0 0 0 0 0 0 0 0 0 0 0 0 0 0 0 0 1 0 0 0 0 0 0 0 0 0 0 0 0 0 0 0 0 0 0 0 0 0 0 0 0 0 0 0
 1 1 5 4 4 1 3 3 3 3 0 0 0 0 0 0 2 2 3 1 1 0 0 0 0 0 0 0 0 0 0 0 0 0 0 0 0 0 0 0 0 0 0 0 0 0
