assets/RAT_results/precipitation/2020-09-12_IMERG.asc
ncols        46
nrows        77
xllcorner    74.800261325624
yllcorner    8.058333333333
cellsize     0.062500000000
NODATA_value -9999
 43 43 41 46 46 65 56 56 46 46 33 21 21 12 11 11 10 10 6 7 7 6 3 3 3 3 3 2 2 3 3 3 4 4 3 2 2 2 4 4 4 4 5 7 7 8
 53 53 57 57 57 43 53 53 47 47 37 16 16 9 13 13 12 12 9 9 9 5 4 4 4 4 5 3 3 2 2 2 3 3 3 3 3 3 7 7 7 7 7 9 9 10
 53 53 57 57 57 43 53 53 47 47 37 16 16 9 13 13 12 12 9 9 9 5 4 4 4 4 5 3 3 2 2 2 3 3 3 3 3 3 7 7 7 7 7 9 9 10
 50 50 50 45 45 60 55 55 78 78 44 37 37 23 12 12 9 9 8 8 8 7 5 5 5 5 5 3 3 3 3 3 3 3 2 4 4 6 5 5 6 6 6 8 8 10
 58 58 66 61 61 55 58 58 60 60 40 46 46 32 14 14 7 7 9 6 6 5 5 5 3 3 5 4 4 2 2 2 2 2 4 3 3 4 7 7 6 6 6 9 9 8
 58 58 66 61 61 55 58 58 60 60 40 46 46 32 14 14 7 7 9 6 6 5 5 5 3 3 5 4 4 2 2 2 2 2 4 3 3 4 7 7 6 6 6 9 9 8
 46 46 44 52 52 49 50 50 60 60 53 40 40 27 18 18 12 12 10 5 5 4 1 1 1 1 2 2 2 2 2 2 2 2 3 2 2 1 3 3 3 3 4 6 6 6
 46 46 44 52 52 49 50 50 60 60 53 40 40 27 18 18 12 12 10 5 5 4 1 1 1 1 2 2 2 2 2 2 2 2 3 2 2 1 3 3 3 3 4 6 6 6
 36 36 40 42 42 39 45 45 50 50 47 28 28 21 16 16 12 12 9 4 4 3 1 1 1 1 1 1 1 2 2 2 1 1 1 1 1 1 2 2 2 2 4 0 0 3
 29 29 34 39 39 39 37 37 42 42 43 23 23 17 15 15 8 8 5 3 3 2 1 1 1 1 1 2 2 3 2 2 2 2 1 1 1 0 0 0 0 0 0 0 0 1
 29 29 34 39 39 39 37 37 42 42 43 23 23 17 15 15 8 8 5 3 3 2 1 1 1 1 1 2 2 3 2 2 2 2 1 1 1 0 0 0 0 0 0 0 0 1
 24 24 33 40 40 33 41 41 40 40 36 28 28 32 18 18 9 9 8 4 4 3 2 2 2 2 1 2 2 3 2 2 2 2 1 1 1 1 0 0 0 0 0 0 0 1
 27 27 34 48 48 42 62 62 56 56 53 35 35 37 19 19 16 16 9 5 5 4 2 2 2 2 2 1 1 2 2 2 2 2 2 1 1 1 1 1 1 1 0 0 0 0
 27 27 34 48 48 42 62 62 56 56 53 35 35 37 19 19 16 16 9 5 5 4 2 2 2 2 2 1 1 2 2 2 2 2 2 1 1 1 1 1 1 1 0 0 0 0
 38 38 34 48 48 90 63 63 55 55 56 43 43 42 19 19 19 19 11 9 9 9 4 4 4 4 2 1 1 2 2 2 2 2 1 1 1 1 2 2 1 1 0 0 0 1
 38 38 34 48 48 90 63 63 55 55 56 43 43 42 19 19 19 19 11 9 9 9 4 4 4 4 2 1 1 2 2 2 2 2 1 1 1 1 2 2 1 1 0 0 0 1
 33 33 37 71 71 50 65 65 57 57 53 57 57 53 23 23 18 18 13 10 10 9 3 3 3 3 1 1 1 2 2 2 2 2 1 1 1 1 3 3 3 3 2 1 1 1
 38 38 42 55 55 49 59 59 90 90 54 49 49 43 30 30 18 18 13 9 9 8 4 4 4 4 3 3 3 1 1 1 2 2 2 1 1 2 4 4 3 3 2 2 2 2
 38 38 42 55 55 49 59 59 90 90 54 49 49 43 30 30 18 18 13 9 9 8 4 4 4 4 3 3 3 1 1 1 2 2 2 1 1 2 4 4 3 3 2 2 2 2
 38 38 42 58 58 54 57 57 55 55 46 38 38 34 31 31 22 22 15 9 9 6 6 6 4 4 3 4 4 2 2 2 2 2 2 2 2 1 3 3 2 2 2 1 1 2
 32 32 28 47 47 44 41 41 44 44 55 41 41 36 34 34 22 22 14 13 13 16 11 11 7 7 3 3 3 3 3 3 2 2 2 2 2 1 2 2 2 2 2 2 2 2
 32 32 28 47 47 44 41 41 44 44 55 41 41 36 34 34 22 22 14 13 13 16 11 11 7 7 3 3 3 3 3 3 2 2 2 2 2 1 2 2 2 2 2 2 2 2
 25 25 26 35 35 27 31 31 46 46 43 42 42 35 31 31 26 26 21 23 23 20 13 13 7 7 10 4 4 5 4 4 4 4 2 1 1 1 1 1 1 1 2 2 2 1
 25 25 26 35 35 27 31 31 46 46 43 42 42 35 31 31 26 26 21 23 23 20 13 13 7 7 10 4 4 5 4 4 4 4 2 1 1 1 1 1 1 1 2 2 2 1
 25 25 24 26 26 22 29 29 27 27 31 45 45 37 37 37 32 32 25 23 23 25 27 27 19 19 13 7 7 6 5 5 2 2 2 1 1 2 1 1 2 2 2 2 2 1
 16 16 23 27 27 33 23 23 22 22 35 39 39 32 32 32 24 24 24 24 24 30 31 31 25 25 16 8 8 7 3 3 1 1 1 1 1 1 2 2 1 1 1 1 1 1
 16 16 23 27 27 33 23 23 22 22 35 39 39 32 32 32 24 24 24 24 24 30 31 31 25 25 16 8 8 7 3 3 1 1 1 1 1 1 2 2 1 1 1 1 1 1
 17 17 20 24 24 30 24 24 26 26 26 26 26 36 26 26 19 19 26 27 27 24 27 27 28 28 17 10 10 7 4 4 1 1 1 1 1 2 1 1 1 1 1 0 0 1
 21 21 26 31 31 35 38 38 22 22 23 21 21 29 29 29 33 33 29 30 30 38 23 23 22 22 15 15 15 7 4 4 1 1 1 3 3 2 1 1 1 1 0 1 1 1
 21 21 26 31 31 35 38 38 22 22 23 21 21 29 29 29 33 33 29 30 30 38 23 23 22 22 15 15 15 7 4 4 1 1 1 3 3 2 1 1 1 1 0 1 1 1
 19 19 23 31 31 21 17 17 16 16 13 18 18 24 32 32 36 36 26 23 23 33 46 46 39 39 15 13 13 6 5 5 2 2 1 2 2 1 0 0 1 1 1 2 2 1
 19 19 23 31 31 21 17 17 16 16 13 18 18 24 32 32 36 36 26 23 23 33 46 46 39 39 15 13 13 6 5 5 2 2 1 2 2 1 0 0 1 1 1 2 2 1
 12 12 26 19 19 15 13 13 14 14 12 16 16 22 27 27 31 31 27 47 47 50 45 45 35 35 23 13 13 7 5 5 4 4 1 0 0 0 1 1 1 1 3 1 1 1
 14 14 11 12 12 10 11 11 11 11 9 10 10 15 23 23 23 23 36 40 40 43 41 41 17 17 13 9 9 6 5 5 2 2 1 1 1 0 0 0 1 1 0 1 1 0
 14 14 11 12 12 10 11 11 11 11 9 10 10 15 23 23 23 23 36 40 40 43 41 41 17 17 13 9 9 6 5 5 2 2 1 1 1 0 0 0 1 1 0 1 1 0
 10 10 14 11 11 11 12 12 12 12 12 12 12 15 16 16 24 24 41 42 42 39 22 22 14 14 13 8 8 6 3 3 1 1 1 1 1 1 0 0 0 0 0 0 0 1
 13 13 14 16 16 13 13 13 13 13 11 17 17 16 18 18 31 31 33 27 27 17 21 21 14 14 12 10 10 7 4 4 4 4 2 1 1 1 0 0 0 0 0 1 1 0
 13 13 14 16 16 13 13 13 13 13 11 17 17 16 18 18 31 31 33 27 27 17 21 21 14 14 12 10 10 7 4 4 4 4 2 1 1 1 0 0 0 0 0 1 1 0
 21 21 14 12 12 8 10 10 13 13 16 16 16 16 13 13 16 16 26 25 25 15 18 18 16 16 16 9 9 5 5 5 4 4 3 2 2 2 2 2 1 1 1 1 1 1
 21 21 14 12 12 8 10 10 13 13 16 16 16 16 13 13 16 16 26 25 25 15 18 18 16 16 16 9 9 5 5 5 4 4 3 2 2 2 2 2 1 1 1 1 1 1
 13 13 9 8 8 7 7 7 10 10 11 11 11 20 12 12 11 11 13 20 20 20 21 21 20 20 20 9 9 9 7 7 7 7 5 5 5 4 4 4 2 2 1 2 2 1
 10 10 6 7 7 5 6 6 6 6 5 6 6 13 12 12 12 12 13 18 18 21 23 23 27 27 24 17 17 13 10 10 11 11 6 6 6 5 5 5 3 3 3 2 2 2
 10 10 6 7 7 5 6 6 6 6 5 6 6 13 12 12 12 12 13 18 18 21 23 23 27 27 24 17 17 13 10 10 11 11 6 6 6 5 5 5 3 3 3 2 2 2
 7 7 3 5 5 4 4 4 4 4 6 10 10 13 15 15 19 19 13 15 15 20 24 24 27 27 23 22 22 16 18 18 16 16 8 6 6 5 4 4 4 4 3 2 2 2
 5 5 3 4 4 4 5 5 6 6 11 18 18 25 30 30 27 27 26 17 17 19 19 19 23 23 22 20 20 17 18 18 15 15 7 5 5 5 4 4 4 4 4 2 2 1
 5 5 3 4 4 4 5 5 6 6 11 18 18 25 30 30 27 27 26 17 17 19 19 19 23 23 22 20 20 17 18 18 15 15 7 5 5 5 4 4 4 4 4 2 2 1
 4 4 3 3 3 4 6 6 7 7 11 11 11 18 29 29 25 25 22 14 14 19 15 15 20 20 16 13 13 15 13 13 8 8 6 5 5 2 3 3 3 3 3 1 1 1
 4 4 3 3 3 4 6 6 7 7 11 11 11 18 29 29 25 25 22 14 14 19 15 15 20 20 16 13 13 15 13 13 8 8 6 5 5 2 3 3 3 3 3 1 1 1
 4 4 4 3 3 3 4 4 4 4 5 8 8 9 12 12 16 16 16 12 12 13 14 14 15 15 15 13 13 12 13 13 6 6 5 2 2 1 1 1 1 1 1 1 1 1
 4 4 3 4 4 5 5 5 4 4 6 7 7 7 7 7 7 7 12 14 14 16 15 15 15 15 16 15 15 12 13 13 8 8 5 2 2 1 1 1 1 1 2 2 2 1
 4 4 3 4 4 5 5 5 4 4 6 7 7 7 7 7 7 7 12 14 14 16 15 15 15 15 16 15 15 12 13 13 8 8 5 2 2 1 1 1 1 1 2 2 2 1
 6 6 11 9 9 11 17 17 13 13 12 6 6 6 5 5 5 5 6 6 6 8 14 14 16 16 16 17 17 25 18 18 12 12 9 2 2 2 1 1 1 1 2 2 2 1
 5 5 5 11 11 11 15 15 15 15 14 6 6 4 4 4 4 4 3 5 5 6 11 11 17 17 19 22 22 28 27 27 19 19 10 5 5 2 1 1 1 1 1 1 1 0
 5 5 5 11 11 11 15 15 15 15 14 6 6 4 4 4 4 4 3 5 5 6 11 11 17 17 19 22 22 28 27 27 19 19 10 5 5 2 1 1 1 1 1 1 1 0
 3 3 4 9 9 10 10 10 10 10 9 6 6 5 3 3 3 3 2 3 3 5 11 11 15 15 16 22 22 22 24 24 22 22 15 9 9 1 1 1 1 1 0 0 0 0
 3 3 4 9 9 10 10 10 10 10 9 6 6 5 3 3 3 3 2 3 3 5 11 11 15 15 16 22 22 22 24 24 22 22 15 9 9 1 1 1 1 1 0 0 0 0
 3 3 4 3 3 4 9 9 8 8 7 6 6 5 3 3 2 2 2 4 4 4 6 6 11 11 15 19 19 24 19 19 18 18 20 15 15 1 1 1 1 1 0 0 0 0
 3 3 4 4 4 3 7 7 6 6 3 5 5 3 1 1 2 2 2 3 3 3 8 8 10 10 13 14 14 26 18 18 14 14 10 8 8 3 2 2 1 1 1 0 0 0
 3 3 4 4 4 3 7 7 6 6 3 5 5 3 1 1 2 2 2 3 3 3 8 8 10 10 13 14 14 26 18 18 14 14 10 8 8 3 2 2 1 1 1 0 0 0
 3 3 3 3 3 3 3 3 2 2 2 0 0 1 1 1 2 2 2 3 3 6 8 8 6 6 11 12 12 13 12 12 10 10 7 5 5 4 4 4 3 3 1 0 0 0
 2 2 2 2 2 3 3 3 1 1 0 0 0 1 2 2 3 3 3 3 3 4 7 7 13 13 7 14 14 13 12 12 12 12 12 11 11 10 7 7 3 3 1 1 1 0
 2 2 2 2 2 3 3 3 1 1 0 0 0 1 2 2 3 3 3 3 3 4 7 7 13 13 7 14 14 13 12 12 12 12 12 11 11 10 7 7 3 3 1 1 1 0
 1 1 1 1 1 2 3 3 1 1 0 0 0 1 2 2 4 4 3 3 3 3 4 4 10 10 8 14 14 13 10 10 12 12 16 12 12 9 4 4 3 3 3 1 1 0
 1 1 1 1 1 2 3 3 1 1 0 0 0 1 2 2 4 4 3 3 3 3 4 4 10 10 8 14 14 13 10 10 12 12 16 12 12 9 4 4 3 3 3 1 1 0
 0 0 1 0 0 1 1 1 1 1 0 0 0 1 3 3 4 4 4 3 3 3 4 4 4 4 5 4 4 10 8 8 8 8 9 7 7 11 9 9 9 9 3 1 1 0
 0 0 0 0 0 1 0 0 0 0 0 0 0 1 3 3 4 4 5 4 4 2 3 3 7 7 5 4 4 7 6 6 8 8 7 8 8 8 10 10 9 9 2 1 1 1
 0 0 0 0 0 1 0 0 0 0 0 0 0 1 3 3 4 4 5 4 4 2 3 3 7 7 5 4 4 7 6 6 8 8 7 8 8 8 10 10 9 9 2 1 1 1
 0 0 0 0 0 0 0 0 0 0 1 1 1 2 4 4 6 6 6 4 4 2 2 2 3 3 6 4 4 6 6 6 6 6 6 5 5 9 11 11 6 6 3 1 1 1
 0 0 0 0 0 0 0 0 1 1 2 2 2 2 3 3 3 3 5 5 5 4 1 1 1 1 2 1 1 8 7 7 5 5 5 4 4 9 8 8 9 9 1 1 1 0
 0 0 0 0 0 0 0 0 1 1 2 2 2 2 3 3 3 3 5 5 5 4 1 1 1 1 2 1 1 8 7 7 5 5 5 4 4 9 8 8 9 9 1 1 1 0
 0 0 0 0 0 0 1 1 1 1 2 3 3 4 3 3 2 2 3 6 6 5 2 2 1 1 1 1 1 1 1 1 1 1 5 3 3 6 8 8 6 6 3 1 1 0
 0 0 0 0 0 0 1 1 1 1 2 3 3 4 3 3 2 2 3 6 6 5 2 2 1 1 1 1 1 1 1 1 1 1 5 3 3 6 8 8 6 6 3 1 1 0
 0 0 0 0 0 0 0 0 1 1 1 3 3 3 2 2 2 2 2 4 4 2 2 2 1 1 1 0 0 0 0 0 0 0 1 2 2 2 0 0 1 1 1 1 1 1
 0 0 0 0 0 0 0 0 0 0 0 1 1 1 1 1 2 2 3 2 2 1 1 1 1 1 1 0 0 0 0 0 0 0 0 0 0 1 1 1 1 1 1 1 1 1
 0 0 0 0 0 0 0 0 0 0 0 1 1 1 1 1 2 2 3 2 2 1 1 1 1 1 1 0 0 0 0 0 0 0 0 0 0 1 1 1 1 1 1 1 1 1
 0 0 0 0 0 0 0 0 0 0 0 1 1 2 1 1 1 1 1 1 1 0 0 0 0 0 0 0 0 0 0 0 0 0 1 0 0 0 1 1 1 1 1 1 1 2
 0 0 0 0 0 0 0 0 0 0 1 1 1 1 1 1 0 0 0 0 0 0 0 0 0 0 0 0 0 0 0 0 0 0 0 1 1 1 0 0 0 0 1 0 0 2
