assets/RAT_results/precipitation/2020-07-22_IMERG.asc
ncols        46
nrows        77
xllcorner    74.800261325624
yllcorner    8.058333333333
cellsize     0.062500000000
NODATA_value -9999
 0 0 1 1 1 1 0 0 0 0 0 1 1 0 1 1 1 1 1 1 1 1 1 1 0 0 0 0 0 0 0 0 0 0 0 0 0 0 0 0 1 1 1 0 0 0
 0 0 1 0 0 0 0 0 0 0 0 0 0 1 1 1 1 1 1 1 1 1 2 2 1 1 0 0 0 0 0 0 0 0 0 0 0 0 0 0 0 0 1 0 0 0
 0 0 1 0 0 0 0 0 0 0 0 0 0 1 1 1 1 1 1 1 1 1 2 2 1 1 0 0 0 0 0 0 0 0 0 0 0 0 0 0 0 0 1 0 0 0
 1 1 1 1 1 1 1 1 1 1 1 1 1 1 1 1 1 1 0 0 0 0 0 0 0 0 0 0 0 0 0 0 0 0 0 0 0 0 0 0 0 0 0 0 0 0
 1 1 1 1 1 1 1 1 1 1 1 1 1 2 1 1 1 1 1 0 0 0 0 0 0 0 0 0 0 5 0 0 0 0 0 0 0 0 0 0 0 0 0 0 0 0
 1 1 1 1 1 1 1 1 1 1 1 1 1 2 1 1 1 1 1 0 0 0 0 0 0 0 0 0 0 5 0 0 0 0 0 0 0 0 0 0 0 0 0 0 0 0
 3 3 1 1 1 1 1 1 1 1 1 1 1 1 1 1 2 2 4 2 2 1 1 1 0 0 0 23 23 37 0 0 0 0 0 0 0 0 0 0 0 0 0 0 0 0
 3 3 1 1 1 1 1 1 1 1 1 1 1 1 1 1 2 2 4 2 2 1 1 1 0 0 0 23 23 37 0 0 0 0 0 0 0 0 0 0 0 0 0 0 0 0
 3 3 1 1 1 1 1 1 1 1 1 4 4 1 3 3 3 3 2 2 2 0 1 1 1 1 3 16 16 25 1 1 0 0 0 0 0 1 0 0 0 0 0 0 0 0
 0 0 1 2 2 2 3 3 1 1 2 2 2 3 3 3 2 2 1 0 0 0 2 2 2 2 3 5 5 2 2 2 2 2 6 3 3 5 0 0 0 0 0 0 0 0
 0 0 1 2 2 2 3 3 1 1 2 2 2 3 3 3 2 2 1 0 0 0 2 2 2 2 3 5 5 2 2 2 2 2 6 3 3 5 0 0 0 0 0 0 0 0
 1 1 1 1 1 1 1 1 1 1 4 4 4 3 2 2 1 1 0 0 0 0 0 0 0 0 5 5 5 4 2 2 3 3 6 2 2 5 0 0 0 0 0 0 0 0
 4 4 2 1 1 2 1 1 2 2 4 3 3 2 1 1 1 1 0 0 0 0 1 1 1 1 2 2 2 0 0 0 0 0 6 2 2 0 0 0 0 0 0 0 0 0
 4 4 2 1 1 2 1 1 2 2 4 3 3 2 1 1 1 1 0 0 0 0 1 1 1 1 2 2 2 0 0 0 0 0 6 2 2 0 0 0 0 0 0 0 0 0
 9 9 3 1 1 1 2 2 1 1 1 2 2 1 1 1 1 1 1 0 0 0 7 7 6 6 2 0 0 0 0 0 0 0 0 0 0 0 0 0 0 0 0 0 0 0
 9 9 3 1 1 1 2 2 1 1 1 2 2 1 1 1 1 1 1 0 0 0 7 7 6 6 2 0 0 0 0 0 0 0 0 0 0 0 0 0 0 0 0 0 0 0
 13 13 5 2 2 2 1 1 2 2 1 1 1 1 2 2 1 1 0 0 0 1 14 14 23 23 5 1 1 1 0 0 0 0 0 0 0 0 0 0 0 0 0 0 0 0
 18 18 9 4 4 2 2 2 2 2 1 1 1 4 25 25 11 11 2 1 1 0 1 1 0 0 0 1 1 2 0 0 0 0 0 0 0 0 0 0 0 0 0 0 0 0
 18 18 9 4 4 2 2 2 2 2 1 1 1 4 25 25 11 11 2 1 1 0 1 1 0 0 0 1 1 2 0 0 0 0 0 0 0 0 0 0 0 0 0 0 0 0
 16 16 17 5 5 4 2 2 3 3 1 1 1 3 11 11 3 3 2 1 1 0 0 0 0 0 0 0 0 0 1 1 0 0 0 0 0 0 0 0 0 0 0 0 0 0
 15 15 15 8 8 4 4 4 3 3 1 1 1 2 3 3 1 1 1 1 1 1 2 2 1 1 5 0 0 0 0 0 0 0 0 0 0 0 0 0 0 0 0 0 0 0
 15 15 15 8 8 4 4 4 3 3 1 1 1 2 3 3 1 1 1 1 1 1 2 2 1 1 5 0 0 0 0 0 0 0 0 0 0 0 0 0 0 0 0 0 0 0
 20 20 16 6 6 4 4 4 0 0 0 0 0 2 2 2 1 1 0 0 0 2 2 2 1 1 0 0 0 1 1 1 1 1 0 0 0 0 0 0 0 0 3 1 1 0
 20 20 16 6 6 4 4 4 0 0 0 0 0 2 2 2 1 1 0 0 0 2 2 2 1 1 0 0 0 1 1 1 1 1 0 0 0 0 0 0 0 0 3 1 1 0
 13 13 12 10 10 4 4 4 0 0 0 0 0 0 2 2 1 1 0 0 0 3 6 6 3 3 4 1 1 4 7 7 23 23 3 1 1 1 1 1 3 3 3 1 1 0
 28 28 24 10 10 10 5 5 0 0 0 0 0 0 1 1 1 1 0 0 0 0 4 4 22 22 27 2 2 5 12 12 69 69 3 1 1 1 1 1 28 28 28 3 3 0
 28 28 24 10 10 10 5 5 0 0 0 0 0 0 1 1 1 1 0 0 0 0 4 4 22 22 27 2 2 5 12 12 69 69 3 1 1 1 1 1 28 28 28 3 3 0
 33 33 33 20 20 20 5 5 2 2 0 0 0 0 0 0 2 2 1 0 0 0 2 2 6 6 7 7 7 4 15 15 44 44 6 6 6 6 7 7 27 27 28 0 0 0
 26 26 25 30 30 29 19 19 9 9 2 0 0 0 1 1 5 5 1 1 1 2 3 3 3 3 10 9 9 10 9 9 9 9 9 8 8 15 7 7 6 6 4 0 0 0
 26 26 25 30 30 29 19 19 9 9 2 0 0 0 1 1 5 5 1 1 1 2 3 3 3 3 10 9 9 10 9 9 9 9 9 8 8 15 7 7 6 6 4 0 0 0
 14 14 21 20 20 26 21 21 12 12 2 1 1 1 3 3 3 3 2 6 6 3 4 4 8 8 8 20 20 9 8 8 10 10 14 15 15 23 12 12 10 10 6 1 1 0
 14 14 21 20 20 26 21 21 12 12 2 1 1 1 3 3 3 3 2 6 6 3 4 4 8 8 8 20 20 9 8 8 10 10 14 15 15 23 12 12 10 10 6 1 1 0
 6 6 13 10 10 20 14 14 10 10 2 2 2 7 8 8 10 10 5 5 5 3 4 4 7 7 8 14 14 8 8 8 11 11 13 16 16 13 12 12 11 11 7 3 3 0
 4 4 7 11 11 7 9 9 8 8 4 5 5 9 10 10 7 7 10 4 4 2 4 4 7 7 7 6 6 6 7 7 10 10 11 12 12 12 10 10 8 8 5 2 2 0
 4 4 7 11 11 7 9 9 8 8 4 5 5 9 10 10 7 7 10 4 4 2 4 4 7 7 7 6 6 6 7 7 10 10 11 12 12 12 10 10 8 8 5 2 2 0
 3 3 3 4 4 6 6 6 7 7 4 4 4 2 2 2 5 5 6 5 5 4 5 5 4 4 4 4 4 5 9 9 5 5 6 7 7 6 6 6 3 3 1 7 7 0
 1 1 4 3 3 2 3 3 4 4 3 4 4 3 2 2 2 2 3 5 5 6 7 7 7 7 8 13 13 12 28 28 14 14 37 6 6 4 3 3 5 5 0 7 7 0
 1 1 4 3 3 2 3 3 4 4 3 4 4 3 2 2 2 2 3 5 5 6 7 7 7 7 8 13 13 12 28 28 14 14 37 6 6 4 3 3 5 5 0 7 7 0
 1 1 4 8 8 6 8 8 4 4 3 5 5 3 4 4 3 3 3 7 7 7 9 9 7 7 17 14 14 57 105 105 51 51 15 1 1 8 2 2 16 16 2 0 0 0
 1 1 4 8 8 6 8 8 4 4 3 5 5 3 4 4 3 3 3 7 7 7 9 9 7 7 17 14 14 57 105 105 51 51 15 1 1 8 2 2 16 16 2 0 0 0
 4 4 4 4 4 6 6 6 7 7 3 4 4 3 4 4 13 13 16 12 12 7 9 9 15 15 28 26 26 24 60 60 78 78 11 5 5 1 3 3 4 4 9 2 2 2
 2 2 4 5 5 6 6 6 8 8 7 5 5 7 8 8 23 23 31 4 4 6 7 7 11 11 17 41 41 51 17 17 11 11 7 2 2 2 5 5 9 9 74 2 2 3
 2 2 4 5 5 6 6 6 8 8 7 5 5 7 8 8 23 23 31 4 4 6 7 7 11 11 17 41 41 51 17 17 11 11 7 2 2 2 5 5 9 9 74 2 2 3
 3 3 4 4 4 5 6 6 11 11 6 5 5 5 7 7 17 17 17 7 7 7 8 8 13 13 12 48 48 52 31 31 11 11 7 5 5 7 21 21 32 32 57 5 5 0
 4 4 4 4 4 4 6 6 10 10 6 4 4 5 12 12 16 16 11 6 6 6 8 8 12 12 11 18 18 29 43 43 12 12 7 6 6 16 13 13 27 27 2 0 0 0
 4 4 4 4 4 4 6 6 10 10 6 4 4 5 12 12 16 16 11 6 6 6 8 8 12 12 11 18 18 29 43 43 12 12 7 6 6 16 13 13 27 27 2 0 0 0
 4 4 3 3 3 3 4 4 5 5 4 4 4 10 16 16 14 14 8 7 7 6 7 7 7 7 10 16 16 22 14 14 12 12 12 13 13 16 8 8 13 13 2 0 0 0
 4 4 3 3 3 3 4 4 5 5 4 4 4 10 16 16 14 14 8 7 7 6 7 7 7 7 10 16 16 22 14 14 12 12 12 13 13 16 8 8 13 13 2 0 0 0
 5 5 7 3 3 3 4 4 5 5 4 3 3 5 14 14 14 14 9 5 5 3 3 3 4 4 8 10 10 9 10 10 8 8 10 11 11 26 13 13 6 6 10 0 0 0
 5 5 2 1 1 3 3 3 8 8 9 5 5 10 12 12 27 27 7 6 6 3 3 3 5 5 3 3 3 4 5 5 11 11 14 11 11 15 8 8 4 4 16 1 1 1
 5 5 2 1 1 3 3 3 8 8 9 5 5 10 12 12 27 27 7 6 6 3 3 3 5 5 3 3 3 4 5 5 11 11 14 11 11 15 8 8 4 4 16 1 1 1
 3 3 4 2 2 1 1 1 4 4 10 8 8 5 10 10 24 24 5 6 6 2 3 3 4 4 4 4 4 7 14 14 14 14 8 5 5 7 5 5 9 9 18 1 1 5
 2 2 3 2 2 2 1 1 1 1 7 8 8 7 4 4 4 4 2 2 2 2 1 1 6 6 6 6 6 10 10 10 12 12 8 8 8 13 16 16 22 22 24 31 31 6
 2 2 3 2 2 2 1 1 1 1 7 8 8 7 4 4 4 4 2 2 2 2 1 1 6 6 6 6 6 10 10 10 12 12 8 8 8 13 16 16 22 22 24 31 31 6
 1 1 1 3 3 3 1 1 0 0 1 5 5 7 2 2 1 1 2 2 2 2 2 2 3 3 7 6 6 8 5 5 5 5 4 6 6 15 11 11 15 15 47 115 115 34
 1 1 1 3 3 3 1 1 0 0 1 5 5 7 2 2 1 1 2 2 2 2 2 2 3 3 7 6 6 8 5 5 5 5 4 6 6 15 11 11 15 15 47 115 115 34
 6 6 2 5 5 6 2 2 1 1 0 2 2 6 4 4 1 1 2 1 1 2 2 2 3 3 3 5 5 3 5 5 3 3 4 3 3 3 10 10 9 9 42 43 43 2
 8 8 5 4 4 5 1 1 1 1 0 2 2 9 16 16 1 1 1 2 2 3 1 1 2 2 3 3 3 2 3 3 7 7 27 2 2 2 3 3 2 2 4 4 4 3
 8 8 5 4 4 5 1 1 1 1 0 2 2 9 16 16 1 1 1 2 2 3 1 1 2 2 3 3 3 2 3 3 7 7 27 2 2 2 3 3 2 2 4 4 4 3
 1 1 3 1 1 1 0 0 0 0 0 1 1 8 19 19 7 7 1 2 2 2 2 2 1 1 3 2 2 1 2 2 2 2 4 16 16 1 1 1 2 2 4 6 6 1
 0 0 1 1 1 0 0 0 0 0 0 0 0 7 14 14 2 2 1 2 2 1 1 1 1 1 0 2 2 1 0 0 1 1 0 8 8 9 0 0 0 0 2 2 2 0
 0 0 1 1 1 0 0 0 0 0 0 0 0 7 14 14 2 2 1 2 2 1 1 1 1 1 0 2 2 1 0 0 1 1 0 8 8 9 0 0 0 0 2 2 2 0
 0 0 0 0 0 0 0 0 0 0 0 0 0 1 6 6 1 1 1 1 1 0 0 0 0 0 0 1 1 1 1 1 0 0 2 8 8 0 0 0 0 0 1 1 1 0
 0 0 0 0 0 0 0 0 0 0 0 0 0 1 6 6 1 1 1 1 1 0 0 0 0 0 0 1 1 1 1 1 0 0 2 8 8 0 0 0 0 0 1 1 1 0
 0 0 0 0 0 0 0 0 0 0 0 0 0 0 1 1 0 0 0 0 0 0 0 0 0 0 0 0 0 1 1 1 0 0 3 17 17 23 0 0 0 0 0 2 2 1
 0 0 0 0 0 0 0 0 0 0 0 0 0 0 0 0 0 0 0 0 0 1 0 0 0 0 0 0 0 1 2 2 1 1 1 2 2 10 6 6 0 0 4 2 2 0
 0 0 0 0 0 0 0 0 0 0 0 0 0 0 0 0 0 0 0 0 0 1 0 0 0 0 0 0 0 1 2 2 1 1 1 2 2 10 6 6 0 0 4 2 2 0
 0 0 0 0 0 0 0 0 0 0 0 0 0 0 1 1 1 1 1 1 1 2 1 1 1 1 1 1 1 0 2 2 2 2 2 1 1 1 3 3 4 4 3 1 1 0
 0 0 0 0 0 0 0 0 0 0 0 0 0 0 0 0 0 0 0 0 0 1 0 0 0 0 0 0 0 0 0 0 1 1 1 1 1 1 2 2 4 4 1 0 0 0
 0 0 0 0 0 0 0 0 0 0 0 0 0 0 0 0 0 0 0 0 0 1 0 0 0 0 0 0 0 0 0 0 1 1 1 1 1 1 2 2 4 4 1 0 0 0
 0 0 0 0 0 0 0 0 0 0 0 0 0 1 1 1 0 0 0 0 0 0 0 0 0 0 0 3 3 1 0 0 0 0 1 1 1 0 0 0 0 0 0 0 0 0
 0 0 0 0 0 0 0 0 0 0 0 0 0 1 1 1 0 0 0 0 0 0 0 0 0 0 0 3 3 1 0 0 0 0 1 1 1 0 0 0 0 0 0 0 0 0
 0 0 0 0 0 0 0 0 0 0 0 0 0 0 1 1 0 0 0 0 0 0 0 0 0 0 1 4 4 2 1 1 0 0 1 1 1 0 0 0 0 0 0 0 0 0
 0 0 0 0 0 0 0 0 0 0 0 0 0 0 0 0 0 0 1 1 1 1 1 1 1 1 1 2 2 2 1 1 1 1 0 0 0 1 0 0 0 0 0 0 0 0
 0 0 0 0 0 0 0 0 0 0 0 0 0 0 0 0 0 0 1 1 1 1 1 1 1 1 1 2 2 2 1 1 1 1 0 0 0 1 0 0 0 0 0 0 0 0
 0 0 0 0 0 0 0 0 0 0 0 0 0 1 0 0 0 0 0 0 0 0 1 1 1 1 0 0 0 0 1 1 1 1 0 0 0 1 1 1 1 1 0 0 0 0
 0 0 0 0 0 0 0 0 0 0 0 0 0 0 0 0 0 0 0 0 0 0 0 0 0 0 0 0 0 0 0 0 0 0 0 1 1 3 0 0 0 0 1 0 0 0
