assets/RAT_results/precipitation/2020-12-08_IMERG.asc
ncols        46
nrows        77
xllcorner    74.800261325624
yllcorner    8.058333333333
cellsize     0.062500000000
NODATA_value -9999
 13 13 15 22 22 21 32 32 14 14 13 6 6 1 1 1 5 5 4 2 2 2 5 5 0 0 0 1 1 2 4 4 0 0 0 1 1 3 2 2 1 1 1 0 0 0
 10 10 12 14 14 20 15 15 14 14 6 2 2 2 4 4 7 7 1 1 1 1 1 1 0 0 0 0 0 2 1 1 0 0 0 0 0 0 1 1 1 1 1 0 0 0
 10 10 12 14 14 20 15 15 14 14 6 2 2 2 4 4 7 7 1 1 1 1 1 1 0 0 0 0 0 2 1 1 0 0 0 0 0 0 1 1 1 1 1 0 0 0
 11 11 11 11 11 12 9 9 12 12 2 13 13 5 9 9 6 6 1 1 1 1 0 0 0 0 0 0 0 1 3 3 4 4 3 3 3 2 0 0 1 1 1 2 2 0
 10 10 10 10 10 13 3 3 6 6 13 15 15 6 7 7 5 5 1 1 1 0 0 0 0 0 0 1 1 13 11 11 12 12 7 4 4 1 0 0 0 0 3 2 2 1
 10 10 10 10 10 13 3 3 6 6 13 15 15 6 7 7 5 5 1 1 1 0 0 0 0 0 0 1 1 13 11 11 12 12 7 4 4 1 0 0 0 0 3 2 2 1
 8 8 9 8 8 10 2 2 4 4 16 15 15 5 7 7 5 5 2 2 2 1 0 0 0 0 0 0 0 0 3 3 5 5 7 3 3 1 0 0 0 0 0 1 1 0
 8 8 9 8 8 10 2 2 4 4 16 15 15 5 7 7 5 5 2 2 2 1 0 0 0 0 0 0 0 0 3 3 5 5 7 3 3 1 0 0 0 0 0 1 1 0
 7 7 8 5 5 5 1 1 3 3 15 5 5 4 5 5 1 1 5 6 6 4 1 1 0 0 0 0 0 0 2 2 2 2 2 3 3 0 0 0 0 0 0 0 0 0
 6 6 7 5 5 5 2 2 3 3 15 4 4 0 0 0 0 0 1 5 5 7 3 3 1 1 0 0 0 0 2 2 2 2 2 0 0 0 0 0 0 0 0 0 0 0
 6 6 7 5 5 5 2 2 3 3 15 4 4 0 0 0 0 0 1 5 5 7 3 3 1 1 0 0 0 0 2 2 2 2 2 0 0 0 0 0 0 0 0 0 0 0
 0 0 1 2 2 1 3 3 2 2 6 4 4 3 0 0 0 0 0 1 1 5 6 6 1 1 3 3 3 6 6 6 2 2 0 1 1 3 3 3 2 2 1 1 1 2
 0 0 1 2 2 1 3 3 4 4 4 6 6 1 0 0 0 0 0 0 0 1 1 1 1 1 2 1 1 4 7 7 3 3 1 1 1 5 5 5 1 1 1 1 1 6
 0 0 1 2 2 1 3 3 4 4 4 6 6 1 0 0 0 0 0 0 0 1 1 1 1 1 2 1 1 4 7 7 3 3 1 1 1 5 5 5 1 1 1 1 1 6
 1 1 1 1 1 1 2 2 2 2 4 6 6 3 0 0 0 0 0 0 0 0 0 0 0 0 0 0 0 0 3 3 3 3 1 1 1 3 3 3 1 1 1 3 3 2
 1 1 1 1 1 1 2 2 2 2 4 6 6 3 0 0 0 0 0 0 0 0 0 0 0 0 0 0 0 0 3 3 3 3 1 1 1 3 3 3 1 1 1 3 3 2
 9 9 8 1 1 1 1 1 2 2 3 6 6 7 1 1 0 0 0 0 0 0 8 8 1 1 0 0 0 0 0 0 1 1 0 0 0 2 3 3 3 3 0 1 1 2
 19 19 10 8 8 4 4 4 1 1 3 6 6 9 8 8 2 2 3 4 4 5 7 7 8 8 1 1 1 1 1 1 1 1 0 1 1 1 7 7 5 5 1 1 1 4
 19 19 10 8 8 4 4 4 1 1 3 6 6 9 8 8 2 2 3 4 4 5 7 7 8 8 1 1 1 1 1 1 1 1 0 1 1 1 7 7 5 5 1 1 1 4
 23 23 17 7 7 7 4 4 1 1 1 6 6 5 8 8 3 3 1 5 5 11 3 3 14 14 9 2 2 1 1 1 5 5 2 2 2 6 12 12 4 4 2 1 1 3
 9 9 12 9 9 7 7 7 0 0 2 2 2 3 6 6 5 5 1 2 2 9 3 3 3 3 3 1 1 5 5 5 6 6 2 3 3 2 3 3 2 2 1 1 1 2
 9 9 12 9 9 7 7 7 0 0 2 2 2 3 6 6 5 5 1 2 2 9 3 3 3 3 3 1 1 5 5 5 6 6 2 3 3 2 3 3 2 2 1 1 1 2
 8 8 10 11 11 14 7 7 6 6 8 3 3 1 2 2 7 7 1 3 3 3 7 7 3 3 3 3 3 6 10 10 13 13 13 5 5 5 2 2 2 2 2 1 1 1
 8 8 10 11 11 14 7 7 6 6 8 3 3 1 2 2 7 7 1 3 3 3 7 7 3 3 3 3 3 6 10 10 13 13 13 5 5 5 2 2 2 2 2 1 1 1
 5 5 8 17 17 19 20 20 8 8 7 2 2 3 3 3 2 2 0 0 0 0 6 6 3 3 4 4 4 12 12 12 15 15 17 18 18 7 4 4 4 4 3 2 2 1
 5 5 8 12 12 40 28 28 34 34 14 3 3 3 3 3 1 1 0 0 0 0 0 0 4 4 4 4 4 5 8 8 11 11 12 15 15 20 18 18 5 5 4 2 2 1
 5 5 8 12 12 40 28 28 34 34 14 3 3 3 3 3 1 1 0 0 0 0 0 0 4 4 4 4 4 5 8 8 11 11 12 15 15 20 18 18 5 5 4 2 2 1
 8 8 10 17 17 20 24 24 10 10 1 2 2 3 1 1 1 1 1 0 0 0 0 0 0 0 0 3 3 2 7 7 10 10 10 10 10 11 16 16 5 5 5 1 1 1
 2 2 0 10 10 12 9 9 9 9 0 0 0 1 1 1 1 1 1 0 0 0 0 0 1 1 1 1 1 2 1 1 1 1 6 8 8 8 7 7 5 5 10 1 1 4
 2 2 0 10 10 12 9 9 9 9 0 0 0 1 1 1 1 1 1 0 0 0 0 0 1 1 1 1 1 2 1 1 1 1 6 8 8 8 7 7 5 5 10 1 1 4
 1 1 0 0 0 0 0 0 0 0 0 0 0 0 1 1 1 1 1 1 1 1 0 0 1 1 1 1 1 1 1 1 2 2 2 4 4 7 7 7 4 4 3 4 4 2
 1 1 0 0 0 0 0 0 0 0 0 0 0 0 1 1 1 1 1 1 1 1 0 0 1 1 1 1 1 1 1 1 2 2 2 4 4 7 7 7 4 4 3 4 4 2
 1 1 0 0 0 0 0 0 0 0 0 0 0 0 1 1 1 1 1 1 1 1 1 1 1 1 1 0 0 0 0 0 1 1 1 4 4 6 7 7 4 4 8 8 8 5
 0 0 0 0 0 0 0 0 0 0 0 0 0 0 1 1 1 1 0 1 1 1 1 1 1 1 1 0 0 0 0 0 0 0 0 2 2 4 3 3 3 3 2 3 3 6
 0 0 0 0 0 0 0 0 0 0 0 0 0 0 1 1 1 1 0 1 1 1 1 1 1 1 1 0 0 0 0 0 0 0 0 2 2 4 3 3 3 3 2 3 3 6
 2 2 0 0 0 0 0 0 0 0 0 0 0 0 0 0 1 1 0 1 1 1 1 1 1 1 1 0 0 5 5 5 1 1 0 0 0 1 0 0 1 1 1 1 1 1
 0 0 1 0 0 0 0 0 0 0 0 0 0 0 0 0 1 1 1 1 1 1 1 1 1 1 0 3 3 10 10 10 1 1 1 2 2 2 1 1 1 1 1 1 1 1
 0 0 1 0 0 0 0 0 0 0 0 0 0 0 0 0 1 1 1 1 1 1 1 1 1 1 0 3 3 10 10 10 1 1 1 2 2 2 1 1 1 1 1 1 1 1
 8 8 1 0 0 0 0 0 0 0 0 0 0 0 0 0 0 0 1 2 2 1 1 1 0 0 0 3 3 18 23 23 23 23 16 6 6 4 2 2 1 1 1 1 1 1
 8 8 1 0 0 0 0 0 0 0 0 0 0 0 0 0 0 0 1 2 2 1 1 1 0 0 0 3 3 18 23 23 23 23 16 6 6 4 2 2 1 1 1 1 1 1
 5 5 10 1 1 0 0 0 0 0 0 0 0 0 0 0 0 0 1 1 1 0 1 1 0 0 1 0 0 11 5 5 14 14 13 4 4 4 2 2 3 3 2 1 1 0
 0 0 1 0 0 0 0 0 0 0 0 0 0 0 0 0 0 0 0 0 0 0 1 1 0 0 1 1 1 0 0 0 0 0 2 2 2 2 4 4 2 2 2 2 2 12
 0 0 1 0 0 0 0 0 0 0 0 0 0 0 0 0 0 0 0 0 0 0 1 1 0 0 1 1 1 0 0 0 0 0 2 2 2 2 4 4 2 2 2 2 2 12
 0 0 0 0 0 0 0 0 0 0 0 0 0 0 0 0 0 0 0 0 0 0 1 1 0 0 0 0 0 0 0 0 0 0 0 1 1 2 4 4 4 4 2 2 2 2
 0 0 0 0 0 0 7 7 0 0 0 0 0 0 0 0 0 0 0 0 0 0 0 0 1 1 0 0 0 0 0 0 0 0 0 0 0 1 12 12 6 6 1 1 1 1
 0 0 0 0 0 0 7 7 0 0 0 0 0 0 0 0 0 0 0 0 0 0 0 0 1 1 0 0 0 0 0 0 0 0 0 0 0 1 12 12 6 6 1 1 1 1
 0 0 1 0 0 7 7 7 7 7 6 6 6 6 0 0 0 0 0 0 0 0 0 0 1 1 0 0 0 0 0 0 0 0 0 1 1 2 12 12 7 7 5 4 4 3
 0 0 1 0 0 7 7 7 7 7 6 6 6 6 0 0 0 0 0 0 0 0 0 0 1 1 0 0 0 0 0 0 0 0 0 1 1 2 12 12 7 7 5 4 4 3
 2 2 2 2 2 8 8 8 15 15 9 6 6 6 0 0 0 0 0 0 0 0 0 0 1 1 0 0 0 0 0 0 0 0 0 0 0 1 6 6 4 4 4 2 2 3
 9 9 9 3 3 14 12 12 23 23 30 11 11 9 1 1 1 1 1 0 0 0 0 0 1 1 1 0 0 0 0 0 0 0 0 0 0 1 2 2 4 4 3 2 2 1
 9 9 9 3 3 14 12 12 23 23 30 11 11 9 1 1 1 1 1 0 0 0 0 0 1 1 1 0 0 0 0 0 0 0 0 0 0 1 2 2 4 4 3 2 2 1
 9 9 9 16 16 18 17 17 22 22 34 15 15 9 1 1 1 1 1 0 0 0 1 1 0 0 1 4 4 0 0 0 0 0 0 0 0 0 2 2 3 3 3 3 3 1
 9 9 11 15 15 34 27 27 21 21 17 16 16 1 1 1 1 1 0 0 0 0 2 2 2 2 5 18 18 10 0 0 0 0 0 2 2 3 3 3 4 4 6 4 4 7
 9 9 11 15 15 34 27 27 21 21 17 16 16 1 1 1 1 1 0 0 0 0 2 2 2 2 5 18 18 10 0 0 0 0 0 2 2 3 3 3 4 4 6 4 4 7
 4 4 8 16 16 24 23 23 19 19 16 14 14 2 0 0 1 1 0 0 0 0 0 0 0 0 5 15 15 8 5 5 0 0 1 10 10 3 1 1 3 3 3 4 4 4
 4 4 8 16 16 24 23 23 19 19 16 14 14 2 0 0 1 1 0 0 0 0 0 0 0 0 5 15 15 8 5 5 0 0 1 10 10 3 1 1 3 3 3 4 4 4
 4 4 5 9 9 19 17 17 16 16 13 13 13 3 1 1 0 0 0 0 0 0 0 0 1 1 1 4 4 4 0 0 0 0 1 11 11 4 1 1 1 1 1 1 1 1
 2 2 2 2 2 10 17 17 12 12 10 9 9 2 1 1 0 0 0 0 0 0 0 0 0 0 1 0 0 0 0 0 0 0 3 5 5 1 0 0 1 1 0 1 1 2
 2 2 2 2 2 10 17 17 12 12 10 9 9 2 1 1 0 0 0 0 0 0 0 0 0 0 1 0 0 0 0 0 0 0 3 5 5 1 0 0 1 1 0 1 1 2
 2 2 3 9 9 8 7 7 0 0 0 0 0 1 0 0 0 0 0 0 0 0 0 0 0 0 0 0 0 0 0 0 0 0 0 0 0 0 0 0 0 0 0 0 0 2
 1 1 6 8 8 9 10 10 1 1 1 1 1 1 1 1 0 0 0 0 0 0 0 0 0 0 0 0 0 0 0 0 1 1 1 1 1 1 2 2 1 1 1 0 0 2
 1 1 6 8 8 9 10 10 1 1 1 1 1 1 1 1 0 0 0 0 0 0 0 0 0 0 0 0 0 0 0 0 1 1 1 1 1 1 2 2 1 1 1 0 0 2
 0 0 5 6 6 6 7 7 7 7 5 5 5 1 1 1 0 0 0 0 0 0 0 0 0 0 0 0 0 1 0 0 0 0 1 1 1 1 1 1 1 1 0 0 0 0
 0 0 5 6 6 6 7 7 7 7 5 5 5 1 1 1 0 0 0 0 0 0 0 0 0 0 0 0 0 1 0 0 0 0 1 1 1 1 1 1 1 1 0 0 0 0
 0 0 0 1 1 1 6 6 7 7 8 7 7 2 1 1 1 1 0 0 0 0 0 0 0 0 0 0 0 1 1 1 1 1 0 1 1 1 1 1 0 0 3 0 0 0
 0 0 0 0 0 0 0 0 7 7 7 8 8 6 3 3 2 2 1 1 1 0 0 0 0 0 0 0 0 0 1 1 0 0 0 1 1 1 1 1 2 2 2 1 1 1
 0 0 0 0 0 0 0 0 7 7 7 8 8 6 3 3 2 2 1 1 1 0 0 0 0 0 0 0 0 0 1 1 0 0 0 1 1 1 1 1 2 2 2 1 1 1
 0 0 0 0 0 0 0 0 0 0 1 5 5 5 2 2 2 2 1 0 0 0 0 0 0 0 0 0 0 0 0 0 0 0 0 0 0 1 1 1 2 2 3 2 2 3
 0 0 0 0 0 0 0 0 1 1 1 0 0 4 1 1 1 1 1 0 0 0 0 0 0 0 0 0 0 0 0 0 0 0 0 0 0 0 1 1 1 1 3 2 2 3
 0 0 0 0 0 0 0 0 1 1 1 0 0 4 1 1 1 1 1 0 0 0 0 0 0 0 0 0 0 0 0 0 0 0 0 0 0 0 1 1 1 1 3 2 2 3
 0 0 0 0 0 0 0 0 0 0 1 0 0 0 0 0 0 0 0 0 0 0 0 0 0 0 0 0 0 0 0 0 0 0 0 0 0 0 0 0 0 0 1 1 1 1
 0 0 0 0 0 0 0 0 0 0 1 0 0 0 0 0 0 0 0 0 0 0 0 0 0 0 0 0 0 0 0 0 0 0 0 0 0 0 0 0 0 0 1 1 1 1
 0 0 0 0 0 0 0 0 0 0 0 0 0 0 0 0 0 0 0 0 0 0 0 0 0 0 0 0 0 0 0 0 0 0 0 0 0 0 0 0 0 0 0 0 0 0
 1 1 1 0 0 0 0 0 1 1 1 1 1 0 0 0 0 0 0 0 0 0 0 0 0 0 0 0 0 0 0 0 1 1 1 0 0 0 1 1 1 1 0 0 0 0
 1 1 1 0 0 0 0 0 1 1 1 1 1 0 0 0 0 0 0 0 0 0 0 0 0 0 0 0 0 0 0 0 1 1 1 0 0 0 1 1 1 1 0 0 0 0
 2 2 2 3 3 2 2 2 2 2 1 1 1 0 0 0 0 0 0 0 0 0 0 0 0 0 0 0 0 0 0 0 1 1 2 1 1 0 1 1 1 1 2 2 2 1
 1 1 2 2 2 3 3 3 3 3 2 1 1 2 0 0 0 0 0 0 0 0 0 0 0 0 0 0 0 0 0 0 0 0 1 0 0 0 0 0 0 0 2 2 2 1
