assets/RAT_results/precipitation/2020-04-19_IMERG.asc
ncols        46
nrows        77
xllcorner    74.800261325624
yllcorner    8.058333333333
cellsize     0.062500000000
NODATA_value -9999
 9 9 0 0 0 0 0 0 0 0 1 1 1 0 0 0 0 0 0 0 0 0 0 0 0 0 0 0 0 0 0 0 0 0 0 0 0 0 0 0 0 0 0 0 0 0
 1 1 0 0 0 0 0 0 0 0 1 1 1 2 1 1 0 0 0 0 0 0 0 0 0 0 0 0 0 0 0 0 0 0 0 0 0 0 0 0 0 0 0 0 0 0
 1 1 0 0 0 0 0 0 0 0 1 1 1 2 1 1 0 0 0 0 0 0 0 0 0 0 0 0 0 0 0 0 0 0 0 0 0 0 0 0 0 0 0 0 0 0
 1 1 1 0 0 0 0 0 0 0 0 1 1 0 0 0 0 0 0 0 0 0 0 0 0 0 0 0 0 0 0 0 0 0 0 0 0 0 0 0 0 0 0 0 0 0
 0 0 1 0 0 0 0 0 0 0 0 0 0 0 0 0 0 0 0 0 0 0 0 0 0 0 0 0 0 0 0 0 0 0 0 0 0 0 0 0 0 0 0 0 0 0
 0 0 1 0 0 0 0 0 0 0 0 0 0 0 0 0 0 0 0 0 0 0 0 0 0 0 0 0 0 0 0 0 0 0 0 0 0 0 0 0 0 0 0 0 0 0
 0 0 0 0 0 0 0 0 0 0 0 0 0 0 0 0 0 0 0 0 0 0 0 0 0 0 0 0 0 0 0 0 0 0 0 0 0 0 0 0 0 0 0 0 0 0
 0 0 0 0 0 0 0 0 0 0 0 0 0 0 0 0 0 0 0 0 0 0 0 0 0 0 0 0 0 0 0 0 0 0 0 0 0 0 0 0 0 0 0 0 0 0
 0 0 0 0 0 0 0 0 0 0 0 0 0 0 0 0 0 0 0 0 0 0 0 0 0 0 0 0 0 0 0 0 0 0 0 0 0 0 0 0 0 0 0 0 0 0
 0 0 0 0 0 1 0 0 0 0 0 0 0 0 0 0 0 0 0 0 0 0 0 0 0 0 0 0 0 0 0 0 0 0 0 0 0 0 0 0 0 0 0 0 0 0
 0 0 0 0 0 1 0 0 0 0 0 0 0 0 0 0 0 0 0 0 0 0 0 0 0 0 0 0 0 0 0 0 0 0 0 0 0 0 0 0 0 0 0 0 0 0
 0 0 0 0 0 0 0 0 0 0 0 0 0 0 0 0 0 0 0 0 0 0 0 0 0 0 0 0 0 0 0 0 0 0 0 0 0 0 0 0 0 0 0 0 0 0
 0 0 0 0 0 0 0 0 0 0 0 0 0 0 0 0 0 0 0 0 0 0 0 0 0 0 2 0 0 0 0 0 0 0 0 0 0 0 0 0 0 0 0 0 0 0
 0 0 0 0 0 0 0 0 0 0 0 0 0 0 0 0 0 0 0 0 0 0 0 0 0 0 2 0 0 0 0 0 0 0 0 0 0 0 0 0 0 0 0 0 0 0
 0 0 0 0 0 0 0 0 1 1 0 0 0 0 0 0 0 0 0 0 0 0 0 0 0 0 0 0 0 0 0 0 0 0 0 0 0 0 0 0 0 0 0 0 0 0
 0 0 0 0 0 0 0 0 1 1 0 0 0 0 0 0 0 0 0 0 0 0 0 0 0 0 0 0 0 0 0 0 0 0 0 0 0 0 0 0 0 0 0 0 0 0
 0 0 0 0 0 0 0 0 0 0 0 0 0 0 0 0 0 0 10 6 6 2 1 1 1 1 0 0 0 0 0 0 0 0 1 0 0 0 0 0 0 0 0 0 0 1
 0 0 0 0 0 0 0 0 0 0 1 0 0 0 0 0 6 6 15 7 7 7 8 8 4 4 2 1 1 0 0 0 0 0 0 0 0 0 0 0 0 0 0 4 4 1
 0 0 0 0 0 0 0 0 0 0 1 0 0 0 0 0 6 6 15 7 7 7 8 8 4 4 2 1 1 0 0 0 0 0 0 0 0 0 0 0 0 0 0 4 4 1
 0 0 1 0 0 0 0 0 0 0 3 0 0 0 0 0 6 6 15 7 7 13 7 7 5 5 5 3 3 1 0 0 0 0 0 0 0 0 0 0 0 0 0 4 4 2
 0 0 1 0 0 0 1 1 1 1 0 0 0 5 5 5 6 6 6 18 18 16 6 6 3 3 4 3 3 3 2 2 2 2 0 0 0 0 0 0 0 0 0 3 3 2
 0 0 1 0 0 0 1 1 1 1 0 0 0 5 5 5 6 6 6 18 18 16 6 6 3 3 4 3 3 3 2 2 2 2 0 0 0 0 0 0 0 0 0 3 3 2
 1 1 0 0 0 1 0 0 0 0 1 1 1 0 5 5 6 6 13 16 16 15 7 7 6 6 10 3 3 4 5 5 2 2 0 0 0 2 1 1 0 0 0 1 1 3
 1 1 0 0 0 1 0 0 0 0 1 1 1 0 5 5 6 6 13 16 16 15 7 7 6 6 10 3 3 4 5 5 2 2 0 0 0 2 1 1 0 0 0 1 1 3
 0 0 1 1 1 1 0 0 3 3 1 2 2 1 6 6 6 6 6 14 14 16 6 6 6 6 4 5 5 5 3 3 0 0 0 0 0 0 0 0 0 0 0 0 0 0
 0 0 0 0 0 1 1 1 2 2 1 0 0 0 0 0 0 0 1 1 1 4 5 5 2 2 4 4 4 3 3 3 0 0 0 0 0 0 0 0 0 0 0 0 0 0
 0 0 0 0 0 1 1 1 2 2 1 0 0 0 0 0 0 0 1 1 1 4 5 5 2 2 4 4 4 3 3 3 0 0 0 0 0 0 0 0 0 0 0 0 0 0
 1 1 0 0 0 0 1 1 1 1 0 0 0 0 1 1 1 1 1 0 0 0 0 0 2 2 4 4 4 1 0 0 0 0 0 0 0 0 0 0 0 0 0 0 0 0
 1 1 0 0 0 0 0 0 2 2 0 0 0 0 1 1 1 1 0 0 0 0 0 0 2 2 6 1 1 0 0 0 0 0 0 0 0 0 0 0 0 0 0 0 0 0
 1 1 0 0 0 0 0 0 2 2 0 0 0 0 1 1 1 1 0 0 0 0 0 0 2 2 6 1 1 0 0 0 0 0 0 0 0 0 0 0 0 0 0 0 0 0
 0 0 0 0 0 0 0 0 0 0 0 0 0 1 1 1 1 1 0 1 1 0 0 0 0 0 1 1 1 2 1 1 1 1 1 1 1 0 0 0 0 0 0 1 1 0
 0 0 0 0 0 0 0 0 0 0 0 0 0 1 1 1 1 1 0 1 1 0 0 0 0 0 1 1 1 2 1 1 1 1 1 1 1 0 0 0 0 0 0 1 1 0
 0 0 0 0 0 0 1 1 0 0 0 0 0 1 5 5 1 1 13 1 1 0 0 0 13 13 0 1 1 1 1 1 1 1 1 1 1 0 0 0 0 0 0 0 0 0
 0 0 3 1 1 3 4 4 1 1 1 2 2 2 4 4 2 2 2 1 1 0 0 0 15 15 5 0 0 0 1 1 1 1 1 0 0 0 0 0 0 0 0 0 0 0
 0 0 3 1 1 3 4 4 1 1 1 2 2 2 4 4 2 2 2 1 1 0 0 0 15 15 5 0 0 0 1 1 1 1 1 0 0 0 0 0 0 0 0 0 0 0
 2 2 3 1 1 3 1 1 1 1 0 5 5 7 2 2 8 8 5 2 2 0 0 0 0 0 3 0 0 0 1 1 1 1 0 0 0 0 0 0 0 0 0 0 0 0
 1 1 0 0 0 1 1 1 1 1 2 7 7 9 2 2 7 7 3 1 1 0 0 0 0 0 0 0 0 0 0 0 0 0 0 0 0 0 0 0 0 0 0 0 0 0
 1 1 0 0 0 1 1 1 1 1 2 7 7 9 2 2 7 7 3 1 1 0 0 0 0 0 0 0 0 0 0 0 0 0 0 0 0 0 0 0 0 0 0 0 0 0
 0 0 0 1 1 1 1 1 1 1 2 5 5 2 1 1 5 5 1 1 1 0 0 0 2 2 2 2 2 4 7 7 3 3 1 2 2 2 0 0 0 0 0 0 0 0
 0 0 0 1 1 1 1 1 1 1 2 5 5 2 1 1 5 5 1 1 1 0 0 0 2 2 2 2 2 4 7 7 3 3 1 2 2 2 0 0 0 0 0 0 0 0
 0 0 0 1 1 1 2 2 2 2 2 1 1 4 1 1 1 1 2 4 4 6 8 8 4 4 7 9 9 18 9 9 7 7 8 6 6 5 2 2 3 3 3 2 2 0
 0 0 0 1 1 2 2 2 3 3 3 2 2 2 1 1 1 1 4 11 11 11 14 14 20 20 26 20 20 28 16 16 14 14 12 8 8 6 6 6 4 4 5 2 2 3
 0 0 0 1 1 2 2 2 3 3 3 2 2 2 1 1 1 1 4 11 11 11 14 14 20 20 26 20 20 28 16 16 14 14 12 8 8 6 6 6 4 4 5 2 2 3
 0 0 0 0 0 1 2 2 9 9 6 4 4 1 1 1 0 0 4 14 14 15 21 21 15 15 23 29 29 29 21 21 20 20 13 8 8 10 10 10 10 10 8 7 7 4
 0 0 0 1 1 2 7 7 13 13 11 5 5 3 3 3 1 1 15 3 3 20 21 21 11 11 21 30 30 88 18 18 21 21 12 9 9 12 9 9 8 8 7 6 6 2
 0 0 0 1 1 2 7 7 13 13 11 5 5 3 3 3 1 1 15 3 3 20 21 21 11 11 21 30 30 88 18 18 21 21 12 9 9 12 9 9 8 8 7 6 6 2
 0 0 0 1 1 2 8 8 11 11 6 6 6 4 5 5 7 7 20 19 19 3 8 8 11 11 25 10 10 14 15 15 29 29 17 10 10 7 9 9 7 7 5 3 3 2
 0 0 0 1 1 2 8 8 11 11 6 6 6 4 5 5 7 7 20 19 19 3 8 8 11 11 25 10 10 14 15 15 29 29 17 10 10 7 9 9 7 7 5 3 3 2
 1 1 1 1 1 2 5 5 6 6 5 4 4 5 5 5 9 9 9 7 7 2 2 2 4 4 7 18 18 27 22 22 21 21 21 13 13 11 8 8 7 7 5 7 7 3
 2 2 4 3 3 3 4 4 4 4 4 2 2 2 4 4 6 6 9 4 4 1 1 1 4 4 3 12 12 125 158 158 36 36 24 34 34 17 6 6 4 4 7 9 9 9
 2 2 4 3 3 3 4 4 4 4 4 2 2 2 4 4 6 6 9 4 4 1 1 1 4 4 3 12 12 125 158 158 36 36 24 34 34 17 6 6 4 4 7 9 9 9
 4 4 5 4 4 4 5 5 4 4 4 2 2 2 2 2 4 4 4 4 4 1 4 4 6 6 6 7 7 18 27 27 28 28 26 24 24 9 5 5 2 2 2 20 20 10
 6 6 6 7 7 7 5 5 5 5 6 3 3 2 2 2 2 2 4 10 10 1 6 6 4 4 5 10 10 23 24 24 17 17 14 13 13 12 3 3 2 2 2 5 5 3
 6 6 6 7 7 7 5 5 5 5 6 3 3 2 2 2 2 2 4 10 10 1 6 6 4 4 5 10 10 23 24 24 17 17 14 13 13 12 3 3 2 2 2 5 5 3
 37 37 35 24 24 6 4 4 4 4 2 1 1 1 1 1 1 1 1 7 7 1 6 6 7 7 4 10 10 16 13 13 8 8 9 12 12 5 4 4 5 5 4 2 2 2
 37 37 35 24 24 6 4 4 4 4 2 1 1 1 1 1 1 1 1 7 7 1 6 6 7 7 4 10 10 16 13 13 8 8 9 12 12 5 4 4 5 5 4 2 2 2
 39 39 30 29 29 28 7 7 3 3 2 1 1 1 1 1 1 1 2 4 4 10 11 11 6 6 3 4 4 14 12 12 17 17 27 25 25 8 7 7 6 6 2 2 2 2
 9 9 9 9 9 7 5 5 1 1 1 1 1 1 1 1 1 1 0 1 1 3 6 6 5 5 2 3 3 11 10 10 14 14 18 21 21 12 4 4 3 3 2 2 2 5
 9 9 9 9 9 7 5 5 1 1 1 1 1 1 1 1 1 1 0 1 1 3 6 6 5 5 2 3 3 11 10 10 14 14 18 21 21 12 4 4 3 3 2 2 2 5
 3 3 2 3 3 1 1 1 0 0 0 0 0 1 0 0 1 1 0 0 0 0 0 0 1 1 1 1 1 2 2 2 8 8 10 8 8 3 1 1 3 3 1 2 2 2
 3 3 3 1 1 1 0 0 0 0 0 0 0 0 0 0 0 0 0 0 0 0 3 3 2 2 1 2 2 1 1 1 7 7 2 2 2 1 1 1 4 4 4 3 3 2
 3 3 3 1 1 1 0 0 0 0 0 0 0 0 0 0 0 0 0 0 0 0 3 3 2 2 1 2 2 1 1 1 7 7 2 2 2 1 1 1 4 4 4 3 3 2
 7 7 5 2 2 1 1 1 0 0 0 0 0 0 0 0 0 0 0 0 0 0 5 5 1 1 1 2 2 1 0 0 0 0 1 1 1 0 4 4 8 8 5 7 7 2
 7 7 5 2 2 1 1 1 0 0 0 0 0 0 0 0 0 0 0 0 0 0 5 5 1 1 1 2 2 1 0 0 0 0 1 1 1 0 4 4 8 8 5 7 7 2
 8 8 6 3 3 4 5 5 0 0 0 0 0 1 1 1 1 1 0 1 1 0 3 3 0 0 0 1 1 1 0 0 0 0 0 0 0 3 6 6 7 7 3 6 6 1
 17 17 13 1 1 3 6 6 2 2 0 0 0 0 1 1 0 0 1 1 1 2 0 0 0 0 0 1 1 1 1 1 0 0 1 1 1 1 5 5 8 8 4 1 1 0
 17 17 13 1 1 3 6 6 2 2 0 0 0 0 1 1 0 0 1 1 1 2 0 0 0 0 0 1 1 1 1 1 0 0 1 1 1 1 5 5 8 8 4 1 1 0
 10 10 8 1 1 1 2 2 1 1 0 0 0 0 1 1 0 0 1 1 1 1 0 0 0 0 0 1 1 0 1 1 1 1 0 1 1 2 2 2 3 3 3 1 1 0
 9 9 1 1 1 2 1 1 1 1 0 0 0 1 1 1 1 1 1 0 0 1 1 1 0 0 1 1 1 0 0 0 1 1 1 0 0 1 1 1 1 1 3 8 8 0
 9 9 1 1 1 2 1 1 1 1 0 0 0 1 1 1 1 1 1 0 0 1 1 1 0 0 1 1 1 0 0 0 1 1 1 0 0 1 1 1 1 1 3 8 8 0
 1 1 1 1 1 2 1 1 1 1 0 0 0 0 0 0 0 0 0 0 0 1 0 0 1 1 1 0 0 0 0 0 1 1 1 0 0 1 0 0 8 8 5 6 6 1
 1 1 1 1 1 2 1 1 1 1 0 0 0 0 0 0 0 0 0 0 0 1 0 0 1 1 1 0 0 0 0 0 1 1 1 0 0 1 0 0 8 8 5 6 6 1
 0 0 0 1 1 1 1 1 0 0 0 0 0 0 0 0 0 0 0 0 0 0 1 1 3 3 10 8 8 7 0 0 0 0 0 1 1 1 1 1 1 1 16 7 7 2
 0 0 0 0 0 0 0 0 0 0 0 0 0 0 0 0 0 0 0 0 0 0 0 0 1 1 10 8 8 7 0 0 0 0 0 0 0 0 0 0 0 0 0 1 1 1
 0 0 0 0 0 0 0 0 0 0 0 0 0 0 0 0 0 0 0 0 0 0 0 0 1 1 10 8 8 7 0 0 0 0 0 0 0 0 0 0 0 0 0 1 1 1
 0 0 0 0 0 0 0 0 0 0 0 0 0 0 0 0 0 0 0 0 0 0 0 0 0 0 0 3 3 7 0 0 0 0 0 0 0 0 0 0 0 0 0 0 0 0
 0 0 0 0 0 0 0 0 0 0 0 0 0 0 0 0 0 0 0 0 0 0 0 0 0 0 0 2 2 2 7 7 0 0 0 0 0 0 0 0 0 0 0 0 0 0
