assets/RAT_results/precipitation/2020-05-25_IMERG.asc
ncols        46
nrows        77
xllcorner    74.800261325624
yllcorner    8.058333333333
cellsize     0.062500000000
NODATA_value -9999
 1 1 1 1 1 1 1 1 0 0 1 1 1 1 2 2 2 2 2 3 3 2 3 3 5 5 2 1 1 0 1 1 1 1 1 0 0 1 1 1 4 4 2 9 9 10
 1 1 1 1 1 1 1 1 2 2 2 4 4 3 4 4 3 3 4 7 7 5 11 11 14 14 7 3 3 2 2 2 2 2 0 0 0 0 0 0 2 2 3 8 8 6
 1 1 1 1 1 1 1 1 2 2 2 4 4 3 4 4 3 3 4 7 7 5 11 11 14 14 7 3 3 2 2 2 2 2 0 0 0 0 0 0 2 2 3 8 8 6
 2 2 1 2 2 2 3 3 4 4 5 6 6 6 5 5 4 4 4 3 3 3 5 5 17 17 7 9 9 2 23 23 16 16 16 1 1 0 0 0 2 2 2 2 2 2
 1 1 8 3 3 2 5 5 6 6 5 5 5 7 5 5 5 5 5 4 4 4 6 6 24 24 10 34 34 35 24 24 16 16 16 2 2 0 1 1 2 2 2 2 2 2
 1 1 8 3 3 2 5 5 6 6 5 5 5 7 5 5 5 5 5 4 4 4 6 6 24 24 10 34 34 35 24 24 16 16 16 2 2 0 1 1 2 2 2 2 2 2
 6 6 6 2 2 4 7 7 6 6 5 6 6 7 7 7 7 7 7 8 8 8 11 11 10 10 10 33 33 9 5 5 4 4 4 2 2 1 1 1 2 2 0 1 1 2
 6 6 6 2 2 4 7 7 6 6 5 6 6 7 7 7 7 7 7 8 8 8 11 11 10 10 10 33 33 9 5 5 4 4 4 2 2 1 1 1 2 2 0 1 1 2
 3 3 3 3 3 3 3 3 4 4 4 6 6 6 8 8 8 8 9 7 7 12 22 22 21 21 19 8 8 9 4 4 0 0 1 1 1 1 0 0 0 0 0 0 0 0
 3 3 3 2 2 2 2 2 3 3 4 4 4 4 5 5 6 6 8 7 7 11 20 20 19 19 76 69 69 16 1 1 0 0 1 0 0 0 0 0 0 0 0 0 0 1
 3 3 3 2 2 2 2 2 3 3 4 4 4 4 5 5 6 6 8 7 7 11 20 20 19 19 76 69 69 16 1 1 0 0 1 0 0 0 0 0 0 0 0 0 0 1
 0 0 0 1 1 2 2 2 1 1 2 3 3 3 3 3 4 4 4 5 5 4 3 3 27 27 75 67 67 14 18 18 0 0 0 0 0 0 0 0 0 0 0 1 1 2
 0 0 0 0 0 0 1 1 1 1 1 1 1 4 4 4 2 2 2 3 3 3 3 3 18 18 18 69 69 17 16 16 0 0 0 0 0 0 0 0 0 0 0 1 1 2
 0 0 0 0 0 0 1 1 1 1 1 1 1 4 4 4 2 2 2 3 3 3 3 3 18 18 18 69 69 17 16 16 0 0 0 0 0 0 0 0 0 0 0 1 1 2
 0 0 0 1 1 1 0 0 0 0 0 3 3 4 4 4 1 1 1 1 1 1 1 1 17 17 17 70 70 4 1 1 0 0 0 0 0 0 0 0 0 0 0 1 1 0
 0 0 0 1 1 1 0 0 0 0 0 3 3 4 4 4 1 1 1 1 1 1 1 1 17 17 17 70 70 4 1 1 0 0 0 0 0 0 0 0 0 0 0 1 1 0
 0 0 0 0 0 1 0 0 1 1 0 2 2 2 2 2 2 2 2 2 2 1 1 1 0 0 0 4 4 4 1 1 1 1 1 1 1 0 1 1 0 0 0 1 1 0
 0 0 0 0 0 0 1 1 2 2 2 2 2 2 2 2 3 3 4 3 3 2 1 1 1 1 1 1 1 0 0 0 1 1 1 1 1 2 2 2 2 2 1 2 2 1
 0 0 0 0 0 0 1 1 2 2 2 2 2 2 2 2 3 3 4 3 3 2 1 1 1 1 1 1 1 0 0 0 1 1 1 1 1 2 2 2 2 2 1 2 2 1
 0 0 0 0 0 0 1 1 3 3 2 2 2 2 2 2 3 3 3 3 3 2 3 3 3 3 3 2 2 1 3 3 4 4 5 1 1 2 2 2 1 1 0 0 0 0
 0 0 0 0 0 0 1 1 6 6 3 2 2 2 3 3 2 2 2 2 2 2 4 4 4 4 3 2 2 3 5 5 8 8 7 3 3 1 1 1 4 4 0 0 0 0
 0 0 0 0 0 0 1 1 6 6 3 2 2 2 3 3 2 2 2 2 2 2 4 4 4 4 3 2 2 3 5 5 8 8 7 3 3 1 1 1 4 4 0 0 0 0
 0 0 0 0 0 0 0 0 1 1 1 1 1 1 2 2 2 2 2 2 2 2 3 3 3 3 2 2 2 3 4 4 7 7 6 4 4 1 3 3 1 1 0 0 0 0
 0 0 0 0 0 0 0 0 1 1 1 1 1 1 2 2 2 2 2 2 2 2 3 3 3 3 2 2 2 3 4 4 7 7 6 4 4 1 3 3 1 1 0 0 0 0
 0 0 0 0 0 0 0 0 0 0 0 1 1 1 1 1 1 1 1 1 1 1 3 3 3 3 4 3 3 3 3 3 5 5 5 3 3 1 3 3 1 1 1 0 0 0
 0 0 0 1 1 1 1 1 1 1 1 1 1 1 1 1 1 1 1 1 1 1 1 1 3 3 4 4 4 4 4 4 4 4 3 5 5 6 1 1 0 0 3 2 2 0
 0 0 0 1 1 1 1 1 1 1 1 1 1 1 1 1 1 1 1 1 1 1 1 1 3 3 4 4 4 4 4 4 4 4 3 5 5 6 1 1 0 0 3 2 2 0
 0 0 0 1 1 1 1 1 1 1 1 1 1 1 1 1 1 1 1 1 1 1 1 1 1 1 2 2 2 2 3 3 4 4 3 5 5 3 2 2 2 2 14 9 9 0
 0 0 1 1 1 1 1 1 1 1 1 1 1 1 1 1 1 1 1 1 1 1 1 1 1 1 1 1 1 1 1 1 2 2 2 1 1 1 4 4 17 17 4 7 7 0
 0 0 1 1 1 1 1 1 1 1 1 1 1 1 1 1 1 1 1 1 1 1 1 1 1 1 1 1 1 1 1 1 2 2 2 1 1 1 4 4 17 17 4 7 7 0
 0 0 1 1 1 1 1 1 1 1 1 1 1 1 1 1 2 2 2 2 2 2 1 1 1 1 1 1 1 1 1 1 1 1 2 2 2 1 4 4 24 24 4 7 7 4
 0 0 1 1 1 1 1 1 1 1 1 1 1 1 1 1 2 2 2 2 2 2 1 1 1 1 1 1 1 1 1 1 1 1 2 2 2 1 4 4 24 24 4 7 7 4
 0 0 1 1 1 1 1 1 1 1 1 1 1 1 2 2 2 2 2 2 2 2 2 2 2 2 1 1 1 1 1 1 1 1 1 3 3 1 5 5 9 9 10 15 15 6
 0 0 0 1 1 2 2 2 1 1 1 1 1 1 1 1 1 1 3 2 2 2 2 2 2 2 1 1 1 1 1 1 1 1 1 2 2 1 6 6 5 5 5 58 58 8
 0 0 0 1 1 2 2 2 1 1 1 1 1 1 1 1 1 1 3 2 2 2 2 2 2 2 1 1 1 1 1 1 1 1 1 2 2 1 6 6 5 5 5 58 58 8
 0 0 0 0 0 1 1 1 1 1 1 2 2 2 2 2 1 1 2 2 2 2 2 2 2 2 1 1 1 1 1 1 1 1 1 2 2 3 3 3 11 11 26 19 19 8
 0 0 1 1 1 1 2 2 2 2 3 3 3 2 2 2 1 1 1 2 2 2 2 2 2 2 2 3 3 1 1 1 1 1 1 2 2 1 1 1 8 8 7 11 11 2
 0 0 1 1 1 1 2 2 2 2 3 3 3 2 2 2 1 1 1 2 2 2 2 2 2 2 2 3 3 1 1 1 1 1 1 2 2 1 1 1 8 8 7 11 11 2
 0 0 2 3 3 3 4 4 4 4 4 4 4 7 6 6 2 2 2 3 3 2 2 2 2 2 2 2 2 2 2 2 1 1 2 1 1 1 1 1 5 5 9 7 7 7
 0 0 2 3 3 3 4 4 4 4 4 4 4 7 6 6 2 2 2 3 3 2 2 2 2 2 2 2 2 2 2 2 1 1 2 1 1 1 1 1 5 5 9 7 7 7
 2 2 3 3 3 3 4 4 5 5 4 9 9 9 7 7 7 7 7 7 7 6 4 4 4 4 2 5 5 8 4 4 2 2 1 1 1 2 1 1 2 2 11 4 4 4
 2 2 2 3 3 3 3 3 4 4 5 12 12 12 13 13 9 9 6 7 7 6 7 7 9 9 4 9 9 13 16 16 9 9 2 2 2 2 2 2 14 14 5 3 3 8
 2 2 2 3 3 3 3 3 4 4 5 12 12 12 13 13 9 9 6 7 7 6 7 7 9 9 4 9 9 13 16 16 9 9 2 2 2 2 2 2 14 14 5 3 3 8
 2 2 2 3 3 5 7 7 7 7 5 10 10 10 13 13 13 13 12 9 9 14 11 11 11 11 7 3 3 10 14 14 11 11 5 3 3 3 3 3 6 6 8 6 6 7
 2 2 3 3 3 5 9 9 9 9 10 11 11 11 12 12 13 13 15 15 15 13 13 13 14 14 7 4 4 9 11 11 16 16 11 5 5 4 4 4 6 6 11 9 9 6
 2 2 3 3 3 5 9 9 9 9 10 11 11 11 12 12 13 13 15 15 15 13 13 13 14 14 7 4 4 9 11 11 16 16 11 5 5 4 4 4 6 6 11 9 9 6
 1 1 2 3 3 3 8 8 9 9 11 12 12 15 14 14 14 14 16 18 18 17 13 13 19 19 7 4 4 4 10 10 16 16 9 6 6 3 3 3 4 4 5 5 5 5
 1 1 2 3 3 3 8 8 9 9 11 12 12 15 14 14 14 14 16 18 18 17 13 13 19 19 7 4 4 4 10 10 16 16 9 6 6 3 3 3 4 4 5 5 5 5
 1 1 1 2 2 3 8 8 8 8 10 10 10 15 15 15 16 16 25 26 26 51 48 48 26 26 17 14 14 10 20 20 22 22 12 6 6 3 3 3 5 5 5 7 7 2
 0 0 1 2 2 6 7 7 9 9 8 10 10 12 12 12 20 20 23 25 25 51 49 49 65 65 18 15 15 14 14 14 14 14 12 5 5 6 5 5 7 7 7 7 7 4
 0 0 1 2 2 6 7 7 9 9 8 10 10 12 12 12 20 20 23 25 25 51 49 49 65 65 18 15 15 14 14 14 14 14 12 5 5 6 5 5 7 7 7 7 7 4
 0 0 1 2 2 6 7 7 8 8 8 8 8 10 11 11 17 17 18 19 19 21 23 23 28 28 30 22 22 20 13 13 12 12 4 6 6 5 5 5 7 7 5 6 6 3
 0 0 0 1 1 6 6 6 7 7 7 10 10 10 10 10 12 12 13 12 12 70 73 73 31 31 34 31 31 18 20 20 15 15 9 6 6 6 6 6 5 5 7 8 8 9
 0 0 0 1 1 6 6 6 7 7 7 10 10 10 10 10 12 12 13 12 12 70 73 73 31 31 34 31 31 18 20 20 15 15 9 6 6 6 6 6 5 5 7 8 8 9
 0 0 0 1 1 6 6 6 8 8 8 9 9 9 10 10 15 15 16 9 9 61 64 64 67 67 36 38 38 20 32 32 15 15 4 3 3 2 3 3 6 6 6 8 8 10
 0 0 0 1 1 6 6 6 8 8 8 9 9 9 10 10 15 15 16 9 9 61 64 64 67 67 36 38 38 20 32 32 15 15 4 3 3 2 3 3 6 6 6 8 8 10
 0 0 0 2 2 2 3 3 6 6 7 8 8 9 8 8 13 13 13 13 13 19 21 21 35 35 33 28 28 13 16 16 22 22 19 7 7 5 1 1 3 3 6 7 7 8
 0 0 0 2 2 2 6 6 4 4 4 6 6 7 7 7 10 10 12 11 11 15 27 27 23 23 32 18 18 7 12 12 8 8 21 20 20 6 2 2 4 4 9 5 5 3
 0 0 0 2 2 2 6 6 4 4 4 6 6 7 7 7 10 10 12 11 11 15 27 27 23 23 32 18 18 7 12 12 8 8 21 20 20 6 2 2 4 4 9 5 5 3
 0 0 0 0 0 0 0 0 1 1 1 1 1 4 6 6 5 5 11 10 10 11 16 16 23 23 30 17 17 8 5 5 6 6 18 22 22 7 3 3 3 3 3 2 2 3
 0 0 0 0 0 0 0 0 0 0 0 1 1 1 1 1 1 1 1 2 2 4 3 3 14 14 14 9 9 6 4 4 3 3 7 15 15 7 7 7 2 2 2 1 1 1
 0 0 0 0 0 0 0 0 0 0 0 1 1 1 1 1 1 1 1 2 2 4 3 3 14 14 14 9 9 6 4 4 3 3 7 15 15 7 7 7 2 2 2 1 1 1
 0 0 0 0 0 0 0 0 0 0 0 0 0 0 0 0 0 0 0 1 1 1 1 1 2 2 10 3 3 4 2 2 2 2 7 3 3 8 8 8 2 2 2 2 2 1
 0 0 0 0 0 0 0 0 0 0 0 0 0 0 0 0 0 0 0 1 1 1 1 1 2 2 10 3 3 4 2 2 2 2 7 3 3 8 8 8 2 2 2 2 2 1
 0 0 0 0 0 0 0 0 0 0 0 0 0 0 0 0 0 0 0 0 0 0 0 0 0 0 9 2 2 3 2 2 2 2 6 11 11 16 9 9 3 3 2 2 2 1
 0 0 0 0 0 0 0 0 0 0 0 0 0 0 0 0 0 0 0 0 0 1 1 1 1 1 6 6 6 3 3 3 7 7 7 9 9 9 3 3 1 1 7 2 2 0
 0 0 0 0 0 0 0 0 0 0 0 0 0 0 0 0 0 0 0 0 0 1 1 1 1 1 6 6 6 3 3 3 7 7 7 9 9 9 3 3 1 1 7 2 2 0
 0 0 0 0 0 0 0 0 0 0 0 0 0 0 1 1 1 1 1 1 1 2 2 2 2 2 7 12 12 4 5 5 12 12 5 11 11 17 7 7 3 3 5 2 2 0
 0 0 0 0 0 0 0 0 0 0 0 0 0 0 0 0 1 1 0 1 1 1 2 2 2 2 3 6 6 9 9 9 12 12 4 6 6 7 8 8 8 8 4 2 2 0
 0 0 0 0 0 0 0 0 0 0 0 0 0 0 0 0 1 1 0 1 1 1 2 2 2 2 3 6 6 9 9 9 12 12 4 6 6 7 8 8 8 8 4 2 2 0
 0 0 0 0 0 0 0 0 0 0 0 0 0 0 0 0 0 0 0 1 1 1 1 1 1 1 3 5 5 5 6 6 4 4 7 7 7 9 11 11 6 6 3 2 2 1
 0 0 0 0 0 0 0 0 0 0 0 0 0 0 0 0 0 0 0 1 1 1 1 1 1 1 3 5 5 5 6 6 4 4 7 7 7 9 11 11 6 6 3 2 2 1
 0 0 0 0 0 0 0 0 0 0 0 0 0 0 0 0 0 0 0 0 0 0 1 1 1 1 2 2 2 2 2 2 3 3 4 5 5 9 5 5 5 5 3 1 1 0
 0 0 0 0 0 0 0 0 0 0 0 0 0 0 0 0 0 0 0 0 0 0 0 0 0 0 0 0 0 1 1 1 1 1 1 1 1 5 5 5 5 5 2 0 0 0
 0 0 0 0 0 0 0 0 0 0 0 0 0 0 0 0 0 0 0 0 0 0 0 0 0 0 0 0 0 1 1 1 1 1 1 1 1 5 5 5 5 5 2 0 0 0
 0 0 0 0 0 0 0 0 0 0 0 0 0 0 0 0 0 0 0 0 0 0 0 0 0 0 0 0 0 0 0 0 0 0 0 0 0 0 1 1 0 0 0 0 0 0
 0 0 0 0 0 0 0 0 0 0 0 0 0 0 0 0 0 0 0 0 0 0 0 0 0 0 0 0 0 0 0 0 0 0 0 0 0 0 0 0 0 0 0 0 0 0
