assets/RAT_results/precipitation/2020-06-17_IMERG.asc
ncols        46
nrows        77
xllcorner    74.800261325624
yllcorner    8.058333333333
cellsize     0.062500000000
NODATA_value -9999
 45 45 46 37 37 33 32 32 22 22 11 7 7 6 9 9 7 7 7 6 6 5 3 3 3 3 3 3 3 2 2 2 1 1 1 1 1 1 2 2 3 3 1 1 1 0
 43 43 36 31 31 30 30 30 20 20 12 8 8 7 10 10 9 9 10 10 10 7 7 7 3 3 3 3 3 1 1 1 1 1 1 1 1 1 2 2 2 2 1 0 0 0
 43 43 36 31 31 30 30 30 20 20 12 8 8 7 10 10 9 9 10 10 10 7 7 7 3 3 3 3 3 1 1 1 1 1 1 1 1 1 2 2 2 2 1 0 0 0
 37 37 29 30 30 26 33 33 22 22 20 21 21 14 11 11 13 13 12 11 11 7 7 7 5 5 4 2 2 1 1 1 1 1 1 1 1 0 1 1 0 0 0 0 0 0
 56 56 44 28 28 28 32 32 41 41 32 25 25 16 16 16 9 9 10 10 10 9 7 7 5 5 3 3 3 3 3 3 2 2 2 1 1 0 1 1 0 0 1 1 1 1
 56 56 44 28 28 28 32 32 41 41 32 25 25 16 16 16 9 9 10 10 10 9 7 7 5 5 3 3 3 3 3 3 2 2 2 1 1 0 1 1 0 0 1 1 1 1
 54 54 45 36 36 27 32 32 38 38 25 24 24 16 15 15 12 12 14 12 12 10 10 10 5 5 5 4 4 3 3 3 3 3 2 2 2 0 0 0 0 0 1 1 1 1
 54 54 45 36 36 27 32 32 38 38 25 24 24 16 15 15 12 12 14 12 12 10 10 10 5 5 5 4 4 3 3 3 3 3 2 2 2 0 0 0 0 0 1 1 1 1
 27 27 43 38 38 24 35 35 25 25 26 20 20 14 14 14 11 11 12 10 10 10 6 6 6 6 5 5 5 5 6 6 6 6 2 2 2 0 0 0 0 0 1 1 1 1
 64 64 33 34 34 38 20 20 20 20 13 17 17 11 14 14 9 9 15 9 9 8 5 5 5 5 4 5 5 5 2 2 2 2 0 0 0 0 0 0 0 0 1 1 1 0
 64 64 33 34 34 38 20 20 20 20 13 17 17 11 14 14 9 9 15 9 9 8 5 5 5 5 4 5 5 5 2 2 2 2 0 0 0 0 0 0 0 0 1 1 1 0
 78 78 62 43 43 38 18 18 16 16 12 11 11 10 16 16 13 13 14 9 9 8 3 3 4 4 2 3 3 2 2 2 2 2 0 0 0 0 0 0 0 0 1 0 0 0
 38 38 40 24 24 25 23 23 19 19 12 14 14 9 12 12 11 11 8 8 8 6 3 3 3 3 2 1 1 1 1 1 0 0 0 0 0 0 0 0 0 0 0 0 0 0
 38 38 40 24 24 25 23 23 19 19 12 14 14 9 12 12 11 11 8 8 8 6 3 3 3 3 2 1 1 1 1 1 0 0 0 0 0 0 0 0 0 0 0 0 0 0
 17 17 17 28 28 28 27 27 28 28 19 12 12 8 10 10 10 10 8 7 7 4 3 3 1 1 1 1 1 1 1 1 0 0 0 0 0 0 0 0 0 0 0 0 0 0
 17 17 17 28 28 28 27 27 28 28 19 12 12 8 10 10 10 10 8 7 7 4 3 3 1 1 1 1 1 1 1 1 0 0 0 0 0 0 0 0 0 0 0 0 0 0
 21 21 21 18 18 22 24 24 32 32 22 16 16 9 8 8 10 10 8 7 7 5 2 2 1 1 1 0 0 0 0 0 0 0 0 0 0 0 0 0 0 0 0 0 0 0
 27 27 25 13 13 19 19 19 22 22 27 18 18 12 10 10 11 11 12 10 10 6 4 4 1 1 1 0 0 0 0 0 0 0 0 0 0 0 0 0 0 0 0 0 0 0
 27 27 25 13 13 19 19 19 22 22 27 18 18 12 10 10 11 11 12 10 10 6 4 4 1 1 1 0 0 0 0 0 0 0 0 0 0 0 0 0 0 0 0 0 0 0
 25 25 24 20 20 14 25 25 22 22 21 16 16 11 8 8 12 12 13 12 12 9 2 2 1 1 1 1 1 0 0 0 0 0 0 0 0 0 0 0 0 0 0 0 0 0
 11 11 12 11 11 11 15 15 31 31 17 14 14 14 15 15 12 12 14 14 14 14 1 1 1 1 1 1 1 0 1 1 1 1 0 1 1 0 0 0 0 0 0 0 0 0
 11 11 12 11 11 11 15 15 31 31 17 14 14 14 15 15 12 12 14 14 14 14 1 1 1 1 1 1 1 0 1 1 1 1 0 1 1 0 0 0 0 0 0 0 0 0
 14 14 13 12 12 10 10 10 21 21 20 11 11 13 13 13 5 5 8 11 11 4 1 1 2 2 1 1 1 0 4 4 3 3 2 2 2 1 0 0 0 0 0 0 0 0
 14 14 13 12 12 10 10 10 21 21 20 11 11 13 13 13 5 5 8 11 11 4 1 1 2 2 1 1 1 0 4 4 3 3 2 2 2 1 0 0 0 0 0 0 0 0
 9 9 9 8 8 6 9 9 12 12 11 4 4 7 7 7 5 5 4 2 2 4 1 1 3 3 9 6 6 2 3 3 2 2 1 1 1 0 0 0 0 0 0 0 0 0
 8 8 7 4 4 3 4 4 14 14 15 3 3 4 9 9 7 7 5 6 6 3 7 7 4 4 5 7 7 2 2 2 2 2 1 0 0 0 0 0 0 0 0 0 0 0
 8 8 7 4 4 3 4 4 14 14 15 3 3 4 9 9 7 7 5 6 6 3 7 7 4 4 5 7 7 2 2 2 2 2 1 0 0 0 0 0 0 0 0 0 0 0
 7 7 6 3 3 4 6 6 7 7 5 4 4 6 5 5 13 13 11 8 8 10 12 12 13 13 9 4 4 2 1 1 2 2 1 0 0 0 0 0 0 0 0 0 0 0
 7 7 6 3 3 3 6 6 6 6 4 6 6 11 13 13 15 15 9 7 7 9 6 6 7 7 8 5 5 4 1 1 1 1 1 0 0 0 0 0 0 0 0 0 0 0
 7 7 6 3 3 3 6 6 6 6 4 6 6 11 13 13 15 15 9 7 7 9 6 6 7 7 8 5 5 4 1 1 1 1 1 0 0 0 0 0 0 0 0 0 0 0
 3 3 4 5 5 3 5 5 11 11 5 6 6 11 11 11 10 10 17 10 10 10 10 10 6 6 7 7 7 4 2 2 1 1 1 1 1 0 0 0 0 0 1 0 0 0
 3 3 4 5 5 3 5 5 11 11 5 6 6 11 11 11 10 10 17 10 10 10 10 10 6 6 7 7 7 4 2 2 1 1 1 1 1 0 0 0 0 0 1 0 0 0
 1 1 2 2 2 2 8 8 16 16 6 9 9 12 12 12 19 19 25 19 19 14 13 13 11 11 7 4 4 3 6 6 2 2 2 1 1 0 0 0 1 1 1 1 1 0
 1 1 1 2 2 3 8 8 16 16 10 9 9 8 14 14 13 13 17 14 14 15 9 9 8 8 7 5 5 2 3 3 4 4 1 0 0 0 0 0 0 0 1 0 0 0
 1 1 1 2 2 3 8 8 16 16 10 9 9 8 14 14 13 13 17 14 14 15 9 9 8 8 7 5 5 2 3 3 4 4 1 0 0 0 0 0 0 0 1 0 0 0
 0 0 1 6 6 8 8 8 15 15 7 3 3 8 10 10 9 9 17 18 18 12 6 6 6 6 4 3 3 3 1 1 1 1 0 0 0 0 0 0 0 0 0 0 0 0
 0 0 2 5 5 14 8 8 7 7 5 4 4 7 7 7 12 12 15 11 11 10 5 5 3 3 3 6 6 4 1 1 1 1 1 1 1 1 0 0 0 0 0 0 0 0
 0 0 2 5 5 14 8 8 7 7 5 4 4 7 7 7 12 12 15 11 11 10 5 5 3 3 3 6 6 4 1 1 1 1 1 1 1 1 0 0 0 0 0 0 0 0
 0 0 2 7 7 9 3 3 3 3 3 2 2 2 4 4 8 8 11 11 11 13 6 6 5 5 5 6 6 7 3 3 3 3 3 3 3 2 1 1 0 0 0 0 0 0
 0 0 2 7 7 9 3 3 3 3 3 2 2 2 4 4 8 8 11 11 11 13 6 6 5 5 5 6 6 7 3 3 3 3 3 3 3 2 1 1 0 0 0 0 0 0
 1 1 2 8 8 9 3 3 2 2 2 2 2 1 2 2 6 6 7 7 7 7 6 6 8 8 6 6 6 7 4 4 5 5 4 6 6 4 2 2 0 0 0 0 0 0
 2 2 5 9 9 9 3 3 3 3 3 2 2 1 2 2 5 5 5 6 6 8 11 11 12 12 6 6 6 3 6 6 5 5 9 6 6 4 3 3 0 0 0 0 0 1
 2 2 5 9 9 9 3 3 3 3 3 2 2 1 2 2 5 5 5 6 6 8 11 11 12 12 6 6 6 3 6 6 5 5 9 6 6 4 3 3 0 0 0 0 0 1
 0 0 7 8 8 5 3 3 2 2 2 2 2 2 2 2 3 3 3 5 5 11 8 8 9 9 6 7 7 3 6 6 8 8 7 4 4 1 1 1 1 1 1 1 1 2
 0 0 6 8 8 2 2 2 2 2 3 3 3 4 4 4 6 6 6 5 5 9 11 11 14 14 11 11 11 9 2 2 4 4 6 1 1 1 1 1 1 1 2 2 2 3
 0 0 6 8 8 2 2 2 2 2 3 3 3 4 4 4 6 6 6 5 5 9 11 11 14 14 11 11 11 9 2 2 4 4 6 1 1 1 1 1 1 1 2 2 2 3
 0 0 2 3 3 2 2 2 2 2 3 4 4 5 5 5 8 8 6 12 12 17 9 9 12 12 8 10 10 11 2 2 2 2 2 2 2 1 1 1 2 2 3 3 3 3
 0 0 2 3 3 2 2 2 2 2 3 4 4 5 5 5 8 8 6 12 12 17 9 9 12 12 8 10 10 11 2 2 2 2 2 2 2 1 1 1 2 2 3 3 3 3
 1 1 1 1 1 2 2 2 2 2 2 2 2 2 5 5 8 8 6 5 5 13 11 11 13 13 6 7 7 5 5 5 6 6 6 2 2 1 1 1 1 1 1 1 1 0
 2 2 2 1 1 1 1 1 1 1 1 1 1 2 3 3 8 8 5 5 5 13 13 13 9 9 3 6 6 8 8 8 8 8 5 1 1 0 0 0 0 0 0 0 0 0
 2 2 2 1 1 1 1 1 1 1 1 1 1 2 3 3 8 8 5 5 5 13 13 13 9 9 3 6 6 8 8 8 8 8 5 1 1 0 0 0 0 0 0 0 0 0
 1 1 1 1 1 1 1 1 2 2 0 1 1 2 4 4 3 3 3 5 5 5 6 6 4 4 6 7 7 8 6 6 8 8 8 4 4 6 4 4 1 1 0 0 0 0
 1 1 1 1 1 2 2 2 2 2 1 1 1 4 4 4 4 4 3 6 6 6 2 2 5 5 7 8 8 10 6 6 7 7 7 4 4 3 4 4 6 6 5 0 0 0
 1 1 1 1 1 2 2 2 2 2 1 1 1 4 4 4 4 4 3 6 6 6 2 2 5 5 7 8 8 10 6 6 7 7 7 4 4 3 4 4 6 6 5 0 0 0
 1 1 1 1 1 2 2 2 1 1 1 2 2 6 4 4 3 3 2 2 2 4 4 4 5 5 4 6 6 9 2 2 1 1 4 4 4 4 3 3 6 6 2 0 0 0
 1 1 1 1 1 2 2 2 1 1 1 2 2 6 4 4 3 3 2 2 2 4 4 4 5 5 4 6 6 9 2 2 1 1 4 4 4 4 3 3 6 6 2 0 0 0
 0 0 0 0 0 1 1 1 0 0 0 3 3 2 2 2 2 2 2 1 1 2 0 0 2 2 3 1 1 2 3 3 2 2 8 2 2 1 0 0 1 1 1 0 0 0
 0 0 0 0 0 0 0 0 0 0 0 1 1 0 1 1 1 1 1 2 2 2 1 1 2 2 4 5 5 2 1 1 1 1 1 1 1 0 0 0 0 0 0 0 0 0
 0 0 0 0 0 0 0 0 0 0 0 1 1 0 1 1 1 1 1 2 2 2 1 1 2 2 4 5 5 2 1 1 1 1 1 1 1 0 0 0 0 0 0 0 0 0
 0 0 0 0 0 0 0 0 0 0 0 0 0 0 2 2 1 1 1 3 3 1 0 0 1 1 6 5 5 5 1 1 3 3 0 0 0 0 0 0 0 0 0 0 0 0
 0 0 0 0 0 0 0 0 0 0 0 0 0 0 1 1 2 2 5 7 7 2 0 0 1 1 13 8 8 6 1 1 1 1 1 0 0 0 0 0 0 0 0 0 0 0
 0 0 0 0 0 0 0 0 0 0 0 0 0 0 1 1 2 2 5 7 7 2 0 0 1 1 13 8 8 6 1 1 1 1 1 0 0 0 0 0 0 0 0 0 0 0
 0 0 0 0 0 0 0 0 0 0 0 0 0 0 0 0 1 1 9 6 6 4 2 2 1 1 5 6 6 5 1 1 1 1 0 0 0 0 0 0 0 0 0 0 0 0
 0 0 0 0 0 0 0 0 0 0 0 0 0 0 0 0 1 1 9 6 6 4 2 2 1 1 5 6 6 5 1 1 1 1 0 0 0 0 0 0 0 0 0 0 0 0
 0 0 0 0 0 0 0 0 0 0 0 0 0 0 0 0 1 1 1 1 1 1 3 3 3 3 1 8 8 5 3 3 2 2 1 1 1 1 0 0 0 0 0 0 0 0
 0 0 0 0 0 0 0 0 0 0 0 0 0 0 2 2 2 2 1 1 1 0 4 4 7 7 6 1 1 3 4 4 2 2 0 4 4 3 5 5 1 1 0 0 0 0
 0 0 0 0 0 0 0 0 0 0 0 0 0 0 2 2 2 2 1 1 1 0 4 4 7 7 6 1 1 3 4 4 2 2 0 4 4 3 5 5 1 1 0 0 0 0
 0 0 0 0 0 0 0 0 0 0 0 0 0 2 2 2 2 2 1 0 0 0 3 3 7 7 2 0 0 0 3 3 4 4 2 1 1 1 5 5 3 3 0 0 0 0
 0 0 0 0 0 0 0 0 0 0 0 0 0 2 2 2 1 1 1 0 0 1 4 4 3 3 0 0 0 1 1 1 2 2 2 0 0 3 3 3 1 1 0 0 0 0
 0 0 0 0 0 0 0 0 0 0 0 0 0 2 2 2 1 1 1 0 0 1 4 4 3 3 0 0 0 1 1 1 2 2 2 0 0 3 3 3 1 1 0 0 0 0
 0 0 0 0 0 0 0 0 0 0 0 0 0 2 2 2 1 1 0 0 0 0 1 1 4 4 1 0 0 0 1 1 1 1 2 0 0 0 0 0 0 0 0 1 1 0
 0 0 0 0 0 0 0 0 0 0 0 0 0 2 2 2 1 1 0 0 0 0 1 1 4 4 1 0 0 0 1 1 1 1 2 0 0 0 0 0 0 0 0 1 1 0
 0 0 0 0 0 0 0 0 0 0 0 1 1 1 1 1 0 0 1 1 1 1 1 1 2 2 2 0 0 0 0 0 0 0 0 0 0 0 0 0 0 0 0 0 0 0
 0 0 0 0 0 0 0 0 0 0 0 1 1 1 0 0 0 0 3 2 2 1 1 1 1 1 1 0 0 0 0 0 0 0 0 0 0 0 0 0 0 0 0 0 0 0
 0 0 0 0 0 0 0 0 0 0 0 1 1 1 0 0 0 0 3 2 2 1 1 1 1 1 1 0 0 0 0 0 0 0 0 0 0 0 0 0 0 0 0 0 0 0
 0 0 0 0 0 0 0 0 0 0 0 1 1 2 3 3 3 3 5 5 5 1 1 1 1 1 0 0 0 0 0 0 0 0 0 0 0 0 0 0 0 0 0 0 0 0
 0 0 0 0 0 0 0 0 0 0 0 0 0 2 11 11 14 14 7 3 3 1 1 1 0 0 0 0 0 0 1 1 0 0 0 0 0 0 0 0 0 0 0 0 0 0
