assets/RAT_results/precipitation/2020-05-31_IMERG.asc
ncols        46
nrows        77
xllcorner    74.800261325624
yllcorner    8.058333333333
cellsize     0.062500000000
NODATA_value -9999
 5 5 10 8 8 6 10 10 7 7 5 2 2 2 1 1 1 1 0 0 0 0 0 0 0 0 0 1 1 1 0 0 0 0 0 0 0 0 0 0 0 0 0 0 0 0
 5 5 10 5 5 8 16 16 8 8 5 2 2 2 1 1 1 1 0 0 0 0 0 0 0 0 0 0 0 0 0 0 0 0 0 0 0 0 0 0 0 0 1 0 0 0
 5 5 10 5 5 8 16 16 8 8 5 2 2 2 1 1 1 1 0 0 0 0 0 0 0 0 0 0 0 0 0 0 0 0 0 0 0 0 0 0 0 0 1 0 0 0
 5 5 16 25 25 22 20 20 16 16 9 2 2 1 0 0 1 1 0 0 0 0 0 0 0 0 0 0 0 0 1 1 0 0 0 0 0 1 0 0 0 0 2 1 1 0
 3 3 4 24 24 32 26 26 22 22 6 1 1 1 0 0 0 0 0 0 0 0 0 0 0 0 1 0 0 0 1 1 1 1 1 0 0 1 0 0 0 0 1 0 0 0
 3 3 4 24 24 32 26 26 22 22 6 1 1 1 0 0 0 0 0 0 0 0 0 0 0 0 1 0 0 0 1 1 1 1 1 0 0 1 0 0 0 0 1 0 0 0
 5 5 8 19 19 17 20 20 14 14 6 3 3 4 1 1 0 0 0 0 0 0 0 0 0 0 0 1 1 5 0 0 2 2 2 1 1 1 0 0 0 0 0 0 0 0
 5 5 8 19 19 17 20 20 14 14 6 3 3 4 1 1 0 0 0 0 0 0 0 0 0 0 0 1 1 5 0 0 2 2 2 1 1 1 0 0 0 0 0 0 0 0
 6 6 10 15 15 15 18 18 11 11 5 2 2 5 4 4 0 0 0 0 0 0 0 0 0 0 0 1 1 1 0 0 0 0 2 3 3 1 0 0 0 0 0 0 0 0
 6 6 22 25 25 21 40 40 103 103 64 5 5 3 4 4 0 0 0 0 0 0 0 0 0 0 0 0 0 0 0 0 0 0 2 5 5 4 0 0 0 0 0 0 0 0
 6 6 22 25 25 21 40 40 103 103 64 5 5 3 4 4 0 0 0 0 0 0 0 0 0 0 0 0 0 0 0 0 0 0 2 5 5 4 0 0 0 0 0 0 0 0
 9 9 19 24 24 12 19 19 85 85 46 4 4 1 2 2 0 0 0 0 0 0 0 0 0 0 0 0 0 0 0 0 0 0 3 5 5 5 5 5 0 0 0 0 0 0
 29 29 39 37 37 38 18 18 23 23 43 16 16 18 10 10 0 0 0 0 0 0 0 0 0 0 0 0 0 0 0 0 1 1 18 5 5 0 0 0 0 0 0 5 5 0
 29 29 39 37 37 38 18 18 23 23 43 16 16 18 10 10 0 0 0 0 0 0 0 0 0 0 0 0 0 0 0 0 1 1 18 5 5 0 0 0 0 0 0 5 5 0
 8 8 14 39 39 79 52 52 23 23 17 15 15 22 5 5 0 0 0 2 2 0 0 0 0 0 0 0 0 0 0 0 1 1 2 18 18 0 0 0 0 0 0 0 0 0
 8 8 14 39 39 79 52 52 23 23 17 15 15 22 5 5 0 0 0 2 2 0 0 0 0 0 0 0 0 0 0 0 1 1 2 18 18 0 0 0 0 0 0 0 0 0
 17 17 18 42 42 53 28 28 21 21 11 12 12 15 9 9 3 3 0 1 1 0 0 0 0 0 0 0 0 0 0 0 0 0 0 0 0 0 0 0 0 0 0 0 0 0
 61 61 34 17 17 44 38 38 28 28 10 7 7 17 41 41 19 19 14 2 2 1 0 0 0 0 0 0 0 0 0 0 0 0 0 0 0 0 0 0 0 0 0 0 0 0
 61 61 34 17 17 44 38 38 28 28 10 7 7 17 41 41 19 19 14 2 2 1 0 0 0 0 0 0 0 0 0 0 0 0 0 0 0 0 0 0 0 0 0 0 0 0
 36 36 27 26 26 35 37 37 24 24 9 6 6 41 42 42 8 8 9 5 5 6 0 0 0 0 0 0 0 0 0 0 0 0 0 0 0 0 0 0 0 0 0 0 0 0
 39 39 24 20 20 47 24 24 24 24 11 19 19 24 33 33 11 11 21 4 4 5 0 0 0 0 0 0 0 0 0 0 0 0 0 0 0 0 0 0 0 0 0 0 0 0
 39 39 24 20 20 47 24 24 24 24 11 19 19 24 33 33 11 11 21 4 4 5 0 0 0 0 0 0 0 0 0 0 0 0 0 0 0 0 0 0 0 0 0 0 0 0
 45 45 42 25 25 24 27 27 33 33 20 12 12 16 30 30 24 24 22 7 7 7 4 4 0 0 0 0 0 0 0 0 0 0 0 0 0 0 0 0 0 0 0 0 0 0
 45 45 42 25 25 24 27 27 33 33 20 12 12 16 30 30 24 24 22 7 7 7 4 4 0 0 0 0 0 0 0 0 0 0 0 0 0 0 0 0 0 0 0 0 0 0
 76 76 40 23 23 18 9 9 10 10 8 25 25 14 22 22 33 33 26 8 8 5 5 5 0 0 1 0 0 0 0 0 0 0 0 0 0 0 0 0 0 0 0 0 0 0
 74 74 41 22 22 19 8 8 12 12 9 20 20 13 14 14 16 16 31 18 18 2 3 3 0 0 0 1 1 0 0 0 0 0 0 0 0 0 0 0 0 0 0 0 0 1
 74 74 41 22 22 19 8 8 12 12 9 20 20 13 14 14 16 16 31 18 18 2 3 3 0 0 0 1 1 0 0 0 0 0 0 0 0 0 0 0 0 0 0 0 0 1
 42 42 43 19 19 16 12 12 13 13 9 21 21 18 5 5 19 19 15 3 3 8 4 4 3 3 0 0 0 0 0 0 0 0 0 0 0 0 0 0 0 0 0 0 0 3
 45 45 39 16 16 10 12 12 14 14 20 15 15 7 8 8 13 13 23 9 9 7 4 4 1 1 0 0 0 0 0 0 0 0 0 0 0 0 0 0 0 0 0 0 0 2
 45 45 39 16 16 10 12 12 14 14 20 15 15 7 8 8 13 13 23 9 9 7 4 4 1 1 0 0 0 0 0 0 0 0 0 0 0 0 0 0 0 0 0 0 0 2
 20 20 13 8 8 7 6 6 10 10 8 3 3 3 6 6 8 8 20 11 11 14 1 1 8 8 4 0 0 1 0 0 0 0 0 0 0 0 0 0 0 0 0 0 0 2
 20 20 13 8 8 7 6 6 10 10 8 3 3 3 6 6 8 8 20 11 11 14 1 1 8 8 4 0 0 1 0 0 0 0 0 0 0 0 0 0 0 0 0 0 0 2
 12 12 9 6 6 4 5 5 5 5 6 4 4 5 7 7 9 9 6 22 22 13 9 9 2 2 3 0 0 0 0 0 0 0 0 0 0 0 0 0 0 0 0 0 0 0
 8 8 7 5 5 3 4 4 4 4 4 3 3 6 4 4 8 8 20 12 12 9 11 11 0 0 1 0 0 1 1 1 1 1 0 0 0 0 0 0 0 0 0 0 0 0
 8 8 7 5 5 3 4 4 4 4 4 3 3 6 4 4 8 8 20 12 12 9 11 11 0 0 1 0 0 1 1 1 1 1 0 0 0 0 0 0 0 0 0 0 0 0
 2 2 4 3 3 1 2 2 3 3 2 6 6 7 9 9 7 7 11 14 14 7 11 11 1 1 1 0 0 1 1 1 0 0 0 0 0 0 1 1 0 0 0 0 0 0
 2 2 2 3 3 1 2 2 3 3 6 7 7 8 7 7 24 24 18 33 33 13 5 5 4 4 1 0 0 0 0 0 0 0 1 0 0 0 3 3 0 0 0 0 0 1
 2 2 2 3 3 1 2 2 3 3 6 7 7 8 7 7 24 24 18 33 33 13 5 5 4 4 1 0 0 0 0 0 0 0 1 0 0 0 3 3 0 0 0 0 0 1
 2 2 2 1 1 1 2 2 2 2 5 5 5 6 8 8 7 7 11 12 12 12 8 8 4 4 0 0 0 0 0 0 0 0 1 0 0 0 5 5 10 10 0 0 0 1
 2 2 2 1 1 1 2 2 2 2 5 5 5 6 8 8 7 7 11 12 12 12 8 8 4 4 0 0 0 0 0 0 0 0 1 0 0 0 5 5 10 10 0 0 0 1
 2 2 2 1 1 1 1 1 2 2 2 4 4 6 10 10 13 13 9 21 21 4 5 5 3 3 0 0 0 0 0 0 0 0 1 0 0 0 0 0 3 3 2 1 1 0
 3 3 1 1 1 0 1 1 1 1 2 2 2 5 4 4 9 9 1 2 2 4 2 2 1 1 0 0 0 0 0 0 0 0 1 1 1 0 0 0 0 0 0 0 0 0
 3 3 1 1 1 0 1 1 1 1 2 2 2 5 4 4 9 9 1 2 2 4 2 2 1 1 0 0 0 0 0 0 0 0 1 1 1 0 0 0 0 0 0 0 0 0
 2 2 2 1 1 0 1 1 2 2 1 2 2 2 1 1 3 3 1 2 2 3 1 1 1 1 0 1 1 0 0 0 0 0 0 0 0 0 0 0 0 0 0 0 0 0
 1 1 1 0 0 0 1 1 2 2 2 3 3 2 0 0 2 2 2 4 4 6 3 3 3 3 0 0 0 1 0 0 0 0 0 0 0 0 0 0 0 0 0 0 0 0
 1 1 1 0 0 0 1 1 2 2 2 3 3 2 0 0 2 2 2 4 4 6 3 3 3 3 0 0 0 1 0 0 0 0 0 0 0 0 0 0 0 0 0 0 0 0
 0 0 1 1 1 1 0 0 1 1 1 2 2 2 2 2 1 1 6 6 6 2 5 5 2 2 2 1 1 1 1 1 1 1 0 0 0 0 0 0 0 0 0 0 0 0
 0 0 1 1 1 1 0 0 1 1 1 2 2 2 2 2 1 1 6 6 6 2 5 5 2 2 2 1 1 1 1 1 1 1 0 0 0 0 0 0 0 0 0 0 0 0
 1 1 1 1 1 1 1 1 1 1 0 3 3 2 1 1 1 1 3 6 6 2 7 7 4 4 4 5 5 2 0 0 1 1 0 0 0 0 0 0 0 0 0 0 0 1
 1 1 1 1 1 1 1 1 1 1 0 1 1 1 3 3 1 1 1 4 4 2 6 6 3 3 5 3 3 2 1 1 0 0 3 0 0 0 0 0 0 0 0 0 0 0
 1 1 1 1 1 1 1 1 1 1 0 1 1 1 3 3 1 1 1 4 4 2 6 6 3 3 5 3 3 2 1 1 0 0 3 0 0 0 0 0 0 0 0 0 0 0
 1 1 0 0 0 1 0 0 0 0 0 1 1 2 3 3 1 1 0 3 3 4 2 2 2 2 5 4 4 2 2 2 0 0 0 1 1 1 0 0 0 0 0 0 0 0
 0 0 0 0 0 0 1 1 1 1 1 1 1 1 4 4 0 0 0 2 2 2 2 2 3 3 16 3 3 3 2 2 1 1 0 0 0 0 0 0 0 0 0 0 0 0
 0 0 0 0 0 0 1 1 1 1 1 1 1 1 4 4 0 0 0 2 2 2 2 2 3 3 16 3 3 3 2 2 1 1 0 0 0 0 0 0 0 0 0 0 0 0
 0 0 0 0 0 0 0 0 1 1 0 1 1 2 3 3 2 2 0 0 0 1 2 2 3 3 8 11 11 9 1 1 1 1 1 0 0 0 0 0 0 0 0 0 0 0
 0 0 0 0 0 0 0 0 1 1 0 1 1 2 3 3 2 2 0 0 0 1 2 2 3 3 8 11 11 9 1 1 1 1 1 0 0 0 0 0 0 0 0 0 0 0
 0 0 0 0 0 0 0 0 0 0 0 0 0 1 3 3 2 2 2 1 1 1 2 2 2 2 4 5 5 3 1 1 1 1 1 0 0 0 0 0 2 2 0 0 0 0
 0 0 0 0 0 0 0 0 0 0 0 0 0 3 3 3 4 4 3 3 3 2 3 3 2 2 3 5 5 4 2 2 2 2 1 0 0 0 0 0 0 0 0 1 1 0
 0 0 0 0 0 0 0 0 0 0 0 0 0 3 3 3 4 4 3 3 3 2 3 3 2 2 3 5 5 4 2 2 2 2 1 0 0 0 0 0 0 0 0 1 1 0
 0 0 0 0 0 0 0 0 0 0 0 0 0 1 2 2 4 4 5 3 3 2 6 6 5 5 2 9 9 9 3 3 2 2 1 1 1 0 0 0 0 0 0 0 0 0
 0 0 0 0 0 0 0 0 0 0 0 0 0 0 1 1 2 2 4 3 3 4 1 1 1 1 2 4 4 3 5 5 4 4 3 0 0 0 0 0 0 0 1 0 0 0
 0 0 0 0 0 0 0 0 0 0 0 0 0 0 1 1 2 2 4 3 3 4 1 1 1 1 2 4 4 3 5 5 4 4 3 0 0 0 0 0 0 0 1 0 0 0
 0 0 0 0 0 0 0 0 0 0 0 0 0 1 0 0 1 1 1 4 4 3 3 3 1 1 2 3 3 5 5 5 10 10 2 0 0 0 0 0 0 0 1 0 0 0
 0 0 0 0 0 0 0 0 0 0 0 0 0 1 0 0 1 1 1 4 4 3 3 3 1 1 2 3 3 5 5 5 10 10 2 0 0 0 0 0 0 0 1 0 0 0
 0 0 0 0 0 0 0 0 0 0 0 0 0 3 1 1 0 0 1 1 1 2 1 1 1 1 3 2 2 3 5 5 5 5 22 18 18 1 0 0 0 0 1 0 0 0
 0 0 0 0 0 0 0 0 0 0 0 1 1 5 1 1 0 0 0 0 0 0 2 2 1 1 1 2 2 10 10 10 10 10 23 17 17 7 5 5 0 0 1 0 0 1
 0 0 0 0 0 0 0 0 0 0 0 1 1 5 1 1 0 0 0 0 0 0 2 2 1 1 1 2 2 10 10 10 10 10 23 17 17 7 5 5 0 0 1 0 0 1
 1 1 0 0 0 0 0 0 0 0 0 1 1 1 0 0 1 1 1 0 0 0 1 1 1 1 4 4 4 7 4 4 6 6 8 20 20 8 12 12 15 15 2 0 0 0
 0 0 0 0 0 0 0 0 0 0 0 0 0 0 1 1 1 1 2 2 2 1 1 1 6 6 2 2 2 2 2 2 2 2 1 1 1 0 18 18 20 20 5 0 0 0
 0 0 0 0 0 0 0 0 0 0 0 0 0 0 1 1 1 1 2 2 2 1 1 1 6 6 2 2 2 2 2 2 2 2 1 1 1 0 18 18 20 20 5 0 0 0
 0 0 0 3 3 0 0 0 0 0 2 1 1 0 1 1 1 1 1 1 1 2 4 4 3 3 2 2 2 2 2 2 2 2 2 1 1 1 5 5 1 1 3 7 7 1
 0 0 0 3 3 0 0 0 0 0 2 1 1 0 1 1 1 1 1 1 1 2 4 4 3 3 2 2 2 2 2 2 2 2 2 1 1 1 5 5 1 1 3 7 7 1
 1 1 0 1 1 0 0 0 3 3 2 0 0 0 0 0 0 0 1 2 2 10 13 13 2 2 2 4 4 3 2 2 3 3 2 2 2 1 2 2 0 0 0 0 0 0
 1 1 1 0 0 1 5 5 4 4 0 0 0 0 0 0 0 0 2 1 1 7 5 5 2 2 2 5 5 8 3 3 3 3 3 10 10 3 1 1 11 11 4 0 0 0
 1 1 1 0 0 1 5 5 4 4 0 0 0 0 0 0 0 0 2 1 1 7 5 5 2 2 2 5 5 8 3 3 3 3 3 10 10 3 1 1 11 11 4 0 0 0
 1 1 1 0 0 2 6 6 2 2 1 0 0 0 0 0 1 1 2 2 2 2 2 2 3 3 3 7 7 10 5 5 6 6 7 22 22 10 3 3 9 9 5 1 1 0
 1 1 1 1 1 5 4 4 0 0 0 0 0 0 0 0 1 1 2 2 2 2 3 3 4 4 4 6 6 14 5 5 7 7 6 10 10 9 2 2 1 1 1 0 0 1
