assets/RAT_results/precipitation/2020-11-14_IMERG.asc
ncols        46
nrows        77
xllcorner    74.800261325624
yllcorner    8.058333333333
cellsize     0.062500000000
NODATA_value -9999
 1 1 1 1 1 1 1 1 1 1 0 0 0 0 0 0 0 0 0 0 0 0 0 0 0 0 0 0 0 0 0 0 0 0 0 0 0 0 0 0 0 0 0 0 0 0
 3 3 1 1 1 1 1 1 1 1 0 0 0 0 0 0 0 0 0 0 0 0 0 0 0 0 0 0 0 0 0 0 0 0 0 0 0 0 0 0 0 0 0 0 0 0
 3 3 1 1 1 1 1 1 1 1 0 0 0 0 0 0 0 0 0 0 0 0 0 0 0 0 0 0 0 0 0 0 0 0 0 0 0 0 0 0 0 0 0 0 0 0
 3 3 0 0 0 1 1 1 0 0 0 0 0 0 0 0 0 0 0 0 0 0 0 0 0 0 0 0 0 0 0 0 0 0 0 0 0 0 0 0 0 0 0 0 0 0
 3 3 2 0 0 0 1 1 0 0 0 0 0 0 0 0 0 0 0 0 0 0 0 0 0 0 0 0 0 0 0 0 0 0 0 0 0 0 0 0 0 0 0 0 0 0
 3 3 2 0 0 0 1 1 0 0 0 0 0 0 0 0 0 0 0 0 0 0 0 0 0 0 0 0 0 0 0 0 0 0 0 0 0 0 0 0 0 0 0 0 0 0
 1 1 3 0 0 1 1 1 0 0 0 0 0 0 0 0 0 0 0 0 0 0 0 0 0 0 0 0 0 0 0 0 0 0 0 0 0 0 0 0 0 0 0 0 0 0
 1 1 3 0 0 1 1 1 0 0 0 0 0 0 0 0 0 0 0 0 0 0 0 0 0 0 0 0 0 0 0 0 0 0 0 0 0 0 0 0 0 0 0 0 0 0
 1 1 4 2 2 1 1 1 1 1 0 0 0 0 0 0 0 0 0 0 0 0 0 0 0 0 0 0 0 0 0 0 0 0 0 0 0 0 0 0 0 0 0 0 0 0
 4 4 4 3 3 1 2 2 1 1 0 0 0 1 0 0 0 0 0 0 0 0 0 0 0 0 0 0 0 0 0 0 0 0 0 0 0 0 0 0 0 0 0 0 0 0
 4 4 4 3 3 1 2 2 1 1 0 0 0 1 0 0 0 0 0 0 0 0 0 0 0 0 0 0 0 0 0 0 0 0 0 0 0 0 0 0 0 0 0 0 0 0
 0 0 3 3 3 1 1 1 1 1 1 0 0 1 1 1 0 0 0 0 0 0 0 0 0 0 0 0 0 0 0 0 0 0 0 0 0 0 0 0 0 0 0 0 0 0
 0 0 0 0 0 3 3 3 1 1 1 0 0 0 0 0 0 0 0 0 0 0 0 0 0 0 0 0 0 0 0 0 0 0 0 0 0 0 0 0 0 0 0 0 0 0
 0 0 0 0 0 3 3 3 1 1 1 0 0 0 0 0 0 0 0 0 0 0 0 0 0 0 0 0 0 0 0 0 0 0 0 0 0 0 0 0 0 0 0 0 0 0
 0 0 0 0 0 3 2 2 3 3 1 0 0 0 0 0 1 1 0 0 0 0 0 0 0 0 0 0 0 0 0 0 0 0 0 0 0 0 0 0 0 0 0 0 0 0
 0 0 0 0 0 3 2 2 3 3 1 0 0 0 0 0 1 1 0 0 0 0 0 0 0 0 0 0 0 0 0 0 0 0 0 0 0 0 0 0 0 0 0 0 0 0
 0 0 0 2 2 3 2 2 3 3 3 1 1 1 0 0 1 1 1 0 0 0 0 0 0 0 0 0 0 0 0 0 0 0 0 0 0 0 0 0 0 0 0 0 0 0
 0 0 0 0 0 2 2 2 3 3 3 1 1 1 1 1 1 1 0 0 0 0 0 0 0 0 0 0 0 0 0 0 0 0 0 0 0 0 0 0 0 0 0 0 0 0
 0 0 0 0 0 2 2 2 3 3 3 1 1 1 1 1 1 1 0 0 0 0 0 0 0 0 0 0 0 0 0 0 0 0 0 0 0 0 0 0 0 0 0 0 0 0
 0 0 0 0 0 0 0 0 3 3 3 2 2 1 1 1 1 1 0 1 1 0 0 0 0 0 0 0 0 0 0 0 0 0 0 0 0 0 0 0 0 0 0 0 0 0
 0 0 0 0 0 0 0 0 1 1 3 3 3 1 1 1 1 1 0 1 1 0 0 0 0 0 0 0 0 1 1 1 0 0 0 0 0 0 0 0 0 0 0 0 0 0
 0 0 0 0 0 0 0 0 1 1 3 3 3 1 1 1 1 1 0 1 1 0 0 0 0 0 0 0 0 1 1 1 0 0 0 0 0 0 0 0 0 0 0 0 0 0
 0 0 0 0 0 2 0 0 0 0 3 3 3 4 1 1 1 1 0 1 1 0 0 0 0 0 0 0 0 1 1 1 1 1 0 0 0 0 0 0 0 0 0 0 0 0
 0 0 0 0 0 2 0 0 0 0 3 3 3 4 1 1 1 1 0 1 1 0 0 0 0 0 0 0 0 1 1 1 1 1 0 0 0 0 0 0 0 0 0 0 0 0
 0 0 0 0 0 0 0 0 0 0 0 3 3 4 1 1 1 1 1 0 0 0 0 0 0 0 0 0 0 1 1 1 1 1 0 0 0 0 0 0 0 0 0 0 0 0
 0 0 1 1 1 1 1 1 0 0 0 2 2 3 3 3 1 1 1 0 0 0 0 0 0 0 0 1 1 0 1 1 1 1 0 0 0 0 0 0 0 0 0 0 0 0
 0 0 1 1 1 1 1 1 0 0 0 2 2 3 3 3 1 1 1 0 0 0 0 0 0 0 0 1 1 0 1 1 1 1 0 0 0 0 0 0 0 0 0 0 0 0
 0 0 1 0 0 0 0 0 0 0 0 0 0 3 2 2 1 1 0 0 0 1 0 0 0 0 0 0 0 0 0 0 0 0 0 0 0 0 0 0 0 0 0 0 0 0
 0 0 0 0 0 0 0 0 0 0 0 0 0 3 2 2 3 3 1 1 1 1 0 0 0 0 0 0 0 0 0 0 0 0 0 0 0 0 0 0 0 0 0 0 0 0
 0 0 0 0 0 0 0 0 0 0 0 0 0 3 2 2 3 3 1 1 1 1 0 0 0 0 0 0 0 0 0 0 0 0 0 0 0 0 0 0 0 0 0 0 0 0
 0 0 0 0 0 0 0 0 0 0 0 0 0 0 3 3 3 3 0 1 1 1 1 1 0 0 0 1 1 0 0 0 0 0 0 0 0 0 0 0 0 0 0 0 0 0
 0 0 0 0 0 0 0 0 0 0 0 0 0 0 3 3 3 3 0 1 1 1 1 1 0 0 0 1 1 0 0 0 0 0 0 0 0 0 0 0 0 0 0 0 0 0
 0 0 0 0 0 0 0 0 0 0 1 0 0 1 4 4 3 3 2 2 2 1 1 1 0 0 1 1 1 0 0 0 0 0 0 0 0 0 0 0 1 1 0 0 0 0
 0 0 0 0 0 0 0 0 0 0 0 0 0 1 1 1 3 3 3 1 1 2 2 2 1 1 1 1 1 0 0 0 0 0 0 0 0 0 1 1 1 1 3 1 1 0
 0 0 0 0 0 0 0 0 0 0 0 0 0 1 1 1 3 3 3 1 1 2 2 2 1 1 1 1 1 0 0 0 0 0 0 0 0 0 1 1 1 1 3 1 1 0
 0 0 0 0 0 1 0 0 0 0 0 1 1 0 0 0 3 3 3 0 0 1 2 2 1 1 1 0 0 0 0 0 0 0 0 0 0 0 1 1 5 5 3 1 1 0
 0 0 0 1 1 1 1 1 0 0 0 0 0 0 0 0 3 3 4 3 3 1 2 2 1 1 1 0 0 0 0 0 0 0 0 0 0 0 2 2 6 6 5 2 2 2
 0 0 0 1 1 1 1 1 0 0 0 0 0 0 0 0 3 3 4 3 3 1 2 2 1 1 1 0 0 0 0 0 0 0 0 0 0 0 2 2 6 6 5 2 2 2
 1 1 1 1 1 2 1 1 0 0 0 0 0 0 0 0 0 0 4 3 3 1 1 1 1 1 1 1 1 0 0 0 0 0 1 0 0 0 4 4 3 3 3 2 2 0
 1 1 1 1 1 2 1 1 0 0 0 0 0 0 0 0 0 0 4 3 3 1 1 1 1 1 1 1 1 0 0 0 0 0 1 0 0 0 4 4 3 3 3 2 2 0
 3 3 4 2 2 2 1 1 0 0 0 0 0 0 0 0 0 0 4 3 3 3 1 1 1 1 1 0 0 1 0 0 0 0 1 1 1 1 0 0 2 2 2 1 1 1
 2 2 3 3 3 2 1 1 1 1 1 0 0 0 0 0 0 0 2 4 4 3 1 1 1 1 1 0 0 0 0 0 0 0 0 1 1 1 1 1 3 3 1 0 0 0
 2 2 3 3 3 2 1 1 1 1 1 0 0 0 0 0 0 0 2 4 4 3 1 1 1 1 1 0 0 0 0 0 0 0 0 1 1 1 1 1 3 3 1 0 0 0
 1 1 1 1 1 1 0 0 0 0 0 0 0 0 0 0 0 0 1 4 4 0 1 1 1 1 1 0 0 0 0 0 0 0 0 0 0 1 1 1 0 0 0 0 0 3
 1 1 1 1 1 1 0 0 0 0 0 0 0 0 0 0 0 0 0 4 4 3 0 0 1 1 1 0 0 0 0 0 0 0 0 0 0 0 0 0 0 0 0 0 0 4
 1 1 1 1 1 1 0 0 0 0 0 0 0 0 0 0 0 0 0 4 4 3 0 0 1 1 1 0 0 0 0 0 0 0 0 0 0 0 0 0 0 0 0 0 0 4
 1 1 1 1 1 0 0 0 0 0 0 0 0 0 0 0 0 0 0 3 3 3 3 3 1 1 1 0 0 0 0 0 0 0 0 0 0 0 0 0 0 0 0 1 1 6
 1 1 1 1 1 0 0 0 0 0 0 0 0 0 0 0 0 0 0 3 3 3 3 3 1 1 1 0 0 0 0 0 0 0 0 0 0 0 0 0 0 0 0 1 1 6
 0 0 1 1 1 0 0 0 0 0 0 0 0 0 0 0 0 0 0 1 1 3 3 3 3 3 1 1 1 1 0 0 0 0 0 0 0 0 0 0 0 0 0 0 0 3
 1 1 1 1 1 0 0 0 0 0 0 0 0 0 0 0 0 0 0 1 1 3 3 3 3 3 3 2 2 1 0 0 0 0 0 1 1 0 0 0 0 0 0 0 0 0
 1 1 1 1 1 0 0 0 0 0 0 0 0 0 0 0 0 0 0 1 1 3 3 3 3 3 3 2 2 1 0 0 0 0 0 1 1 0 0 0 0 0 0 0 0 0
 1 1 1 1 1 1 0 0 1 1 1 1 1 0 0 0 0 0 0 0 0 1 3 3 1 1 5 3 3 0 0 0 0 0 1 1 1 1 0 0 0 0 0 0 0 0
 1 1 1 2 2 2 1 1 2 2 2 2 2 1 1 1 1 1 1 1 1 1 3 3 1 1 6 4 4 1 0 0 0 0 1 1 1 1 2 2 0 0 0 0 0 0
 1 1 1 2 2 2 1 1 2 2 2 2 2 1 1 1 1 1 1 1 1 1 3 3 1 1 6 4 4 1 0 0 0 0 1 1 1 1 2 2 0 0 0 0 0 0
 1 1 2 2 2 2 2 2 3 3 3 2 2 2 2 2 2 2 2 2 2 5 4 4 3 3 5 4 4 1 1 1 0 0 1 1 1 3 5 5 0 0 0 0 0 0
 1 1 2 2 2 2 2 2 3 3 3 2 2 2 2 2 2 2 2 2 2 5 4 4 3 3 5 4 4 1 1 1 0 0 1 1 1 3 5 5 0 0 0 0 0 0
 1 1 2 2 2 3 3 3 3 3 3 3 3 4 4 4 4 4 5 6 6 5 4 4 7 7 3 2 2 1 1 1 0 0 1 0 0 4 6 6 0 0 0 0 0 0
 2 2 2 3 3 3 5 5 5 5 5 6 6 8 8 8 9 9 9 9 9 9 6 6 6 6 2 2 2 1 1 1 1 1 1 0 0 3 7 7 4 4 0 0 0 0
 2 2 2 3 3 3 5 5 5 5 5 6 6 8 8 8 9 9 9 9 9 9 6 6 6 6 2 2 2 1 1 1 1 1 1 0 0 3 7 7 4 4 0 0 0 0
 2 2 2 3 3 4 5 5 6 6 7 7 7 9 11 11 13 13 14 15 15 16 18 18 14 14 11 6 6 3 2 2 2 2 2 2 2 3 11 11 1 1 0 0 0 0
 2 2 3 3 3 4 5 5 8 8 11 12 12 14 17 17 19 19 19 19 19 19 18 18 16 16 14 7 7 3 2 2 3 3 4 7 7 11 8 8 10 10 7 0 0 0
 2 2 3 3 3 4 5 5 8 8 11 12 12 14 17 17 19 19 19 19 19 19 18 18 16 16 14 7 7 3 2 2 3 3 4 7 7 11 8 8 10 10 7 0 0 0
 2 2 3 5 5 6 6 6 9 9 11 12 12 15 18 18 19 19 19 20 20 21 21 21 21 21 18 14 14 5 4 4 3 3 4 7 7 14 11 11 16 16 19 4 4 3
 2 2 3 5 5 6 6 6 9 9 11 12 12 15 18 18 19 19 19 20 20 21 21 21 21 21 18 14 14 5 4 4 3 3 4 7 7 14 11 11 16 16 19 4 4 3
 3 3 4 5 5 7 7 7 8 8 10 13 13 16 18 18 33 33 47 45 45 44 39 39 41 41 32 15 15 5 5 5 3 3 5 8 8 15 8 8 5 5 8 5 5 3
 4 4 6 8 8 9 9 9 13 13 14 30 30 45 59 59 71 71 77 70 70 61 51 51 43 43 35 24 24 9 6 6 5 5 6 8 8 10 7 7 7 7 7 7 7 5
 4 4 6 8 8 9 9 9 13 13 14 30 30 45 59 59 71 71 77 70 70 61 51 51 43 43 35 24 24 9 6 6 5 5 6 8 8 10 7 7 7 7 7 7 7 5
 4 4 6 8 8 9 10 10 13 13 14 30 30 45 59 59 72 72 80 73 73 66 56 56 46 46 37 25 25 18 8 8 5 5 4 4 4 5 6 6 7 7 8 8 8 5
 3 3 5 7 7 9 13 13 16 16 16 25 25 33 48 48 62 62 62 57 57 53 46 46 38 38 31 23 23 16 14 14 6 6 3 2 2 2 2 2 4 4 5 7 7 5
 3 3 5 7 7 9 13 13 16 16 16 25 25 33 48 48 62 62 62 57 57 53 46 46 38 38 31 23 23 16 14 14 6 6 3 2 2 2 2 2 4 4 5 7 7 5
 3 3 4 5 5 7 10 10 13 13 12 23 23 34 41 41 58 58 59 56 56 52 45 45 36 36 29 22 22 16 13 13 8 8 2 2 2 1 1 1 1 1 2 5 5 4
 3 3 4 5 5 7 10 10 13 13 12 23 23 34 41 41 58 58 59 56 56 52 45 45 36 36 29 22 22 16 13 13 8 8 2 2 2 1 1 1 1 1 2 5 5 4
 3 3 4 5 5 7 10 10 12 12 25 38 38 49 56 56 60 60 55 52 52 44 35 35 27 27 20 15 15 11 8 8 6 6 2 2 2 2 1 1 1 1 2 6 6 8
 3 3 3 4 4 6 8 8 9 9 13 18 18 22 25 25 28 28 23 23 23 21 18 18 15 15 12 9 9 7 6 6 6 6 6 5 5 2 2 2 1 1 1 4 4 9
 3 3 3 4 4 6 8 8 9 9 13 18 18 22 25 25 28 28 23 23 23 21 18 18 15 15 12 9 9 7 6 6 6 6 6 5 5 2 2 2 1 1 1 4 4 9
 2 2 2 2 2 3 5 5 6 6 7 13 13 18 21 21 23 23 20 13 13 10 7 7 5 5 4 3 3 2 3 3 4 4 5 6 6 7 4 4 4 4 4 5 5 9
 1 1 1 2 2 2 3 3 4 4 5 6 6 6 6 6 4 4 1 1 1 1 1 1 1 1 0 1 1 1 3 3 4 4 5 6 6 8 11 11 14 14 8 9 9 7
