assets/RAT_results/precipitation/2021-05-16_IMERG.asc
ncols        46
nrows        77
xllcorner    74.800261325624
yllcorner    8.058333333333
cellsize     0.062500000000
NODATA_value -9999
 8 8 5 5 5 5 8 8 11 11 11 9 9 7 5 5 4 4 2 1 1 1 1 1 1 1 1 1 1 1 0 0 0 0 0 0 0 0 0 0 0 0 0 0 0 0
 7 7 5 7 7 7 6 6 13 13 11 8 8 9 3 3 2 2 3 3 3 3 1 1 1 1 1 1 1 1 1 1 1 1 1 1 1 0 0 0 0 0 0 0 0 0
 7 7 5 7 7 7 6 6 13 13 11 8 8 9 3 3 2 2 3 3 3 3 1 1 1 1 1 1 1 1 1 1 1 1 1 1 1 0 0 0 0 0 0 0 0 0
 5 5 9 10 10 8 6 6 12 12 11 12 12 5 4 4 10 10 10 6 6 3 1 1 1 1 1 2 2 1 1 1 4 4 2 0 0 0 1 1 1 1 1 0 0 0
 11 11 14 14 14 13 9 9 13 13 17 7 7 9 9 9 10 10 10 7 7 7 2 2 0 0 1 1 1 2 1 1 3 3 2 1 1 1 1 1 1 1 1 1 1 1
 11 11 14 14 14 13 9 9 13 13 17 7 7 9 9 9 10 10 10 7 7 7 2 2 0 0 1 1 1 2 1 1 3 3 2 1 1 1 1 1 1 1 1 1 1 1
 13 13 15 11 11 16 14 14 12 12 9 6 6 9 9 9 15 15 14 15 15 14 3 3 1 1 3 2 2 3 2 2 3 3 1 1 1 1 1 1 1 1 1 1 1 2
 13 13 15 11 11 16 14 14 12 12 9 6 6 9 9 9 15 15 14 15 15 14 3 3 1 1 3 2 2 3 2 2 3 3 1 1 1 1 1 1 1 1 1 1 1 2
 7 7 14 19 19 11 11 11 30 30 9 9 9 10 9 9 10 10 17 15 15 16 6 6 3 3 4 3 3 8 3 3 1 1 1 0 0 0 0 0 0 0 1 1 1 2
 16 16 15 17 17 15 10 10 11 11 11 12 12 8 11 11 10 10 14 13 13 9 10 10 6 6 6 9 9 4 3 3 0 0 0 0 0 0 0 0 1 1 1 2 2 5
 16 16 15 17 17 15 10 10 11 11 11 12 12 8 11 11 10 10 14 13 13 9 10 10 6 6 6 9 9 4 3 3 0 0 0 0 0 0 0 0 1 1 1 2 2 5
 12 12 23 23 23 20 14 14 10 10 13 10 10 10 17 17 17 17 15 15 15 11 11 11 8 8 11 19 19 10 6 6 1 1 1 2 2 1 3 3 6 6 6 4 4 5
 11 11 20 17 17 15 15 15 16 16 14 12 12 8 13 13 19 19 17 16 16 11 10 10 14 14 13 19 19 15 3 3 2 2 3 2 2 3 3 3 6 6 2 3 3 4
 11 11 20 17 17 15 15 15 16 16 14 12 12 8 13 13 19 19 17 16 16 11 10 10 14 14 13 19 19 15 3 3 2 2 3 2 2 3 3 3 6 6 2 3 3 4
 8 8 11 16 16 15 16 16 18 18 14 13 13 11 20 20 22 22 23 20 20 13 10 10 12 12 11 12 12 7 2 2 2 2 2 2 2 1 1 1 2 2 2 1 1 0
 8 8 11 16 16 15 16 16 18 18 14 13 13 11 20 20 22 22 23 20 20 13 10 10 12 12 11 12 12 7 2 2 2 2 2 2 2 1 1 1 2 2 2 1 1 0
 10 10 9 10 10 10 12 12 17 17 16 18 18 18 26 26 27 27 35 18 18 14 15 15 16 16 15 15 15 15 2 2 2 2 1 0 0 0 1 1 1 1 1 1 1 1
 21 21 12 11 11 13 16 16 20 20 24 26 26 33 39 39 42 42 41 24 24 18 22 22 21 21 18 17 17 16 3 3 3 3 1 0 0 0 1 1 0 0 1 1 1 1
 21 21 12 11 11 13 16 16 20 20 24 26 26 33 39 39 42 42 41 24 24 18 22 22 21 21 18 17 17 16 3 3 3 3 1 0 0 0 1 1 0 0 1 1 1 1
 17 17 13 20 20 22 25 25 27 27 35 33 33 39 45 45 34 34 29 31 31 20 24 24 27 27 15 18 18 7 5 5 3 3 2 1 1 1 2 2 1 1 0 0 0 0
 23 23 18 23 23 26 26 26 31 31 31 38 38 38 42 42 41 41 34 31 31 24 26 26 27 27 17 20 20 11 8 8 3 3 2 2 2 2 2 2 1 1 0 0 0 0
 23 23 18 23 23 26 26 26 31 31 31 38 38 38 42 42 41 41 34 31 31 24 26 26 27 27 17 20 20 11 8 8 3 3 2 2 2 2 2 2 1 1 0 0 0 0
 25 25 28 37 37 38 31 31 35 35 41 43 43 47 48 48 50 50 35 29 29 29 31 31 25 25 16 18 18 14 7 7 4 4 3 3 3 2 3 3 1 1 0 0 0 0
 25 25 28 37 37 38 31 31 35 35 41 43 43 47 48 48 50 50 35 29 29 29 31 31 25 25 16 18 18 14 7 7 4 4 3 3 3 2 3 3 1 1 0 0 0 0
 23 23 27 32 32 38 30 30 38 38 48 43 43 50 53 53 38 38 26 28 28 35 28 28 28 28 23 21 21 11 6 6 3 3 2 2 2 2 2 2 2 2 1 1 1 1
 24 24 26 34 34 38 35 35 45 45 47 46 46 56 53 53 48 48 29 23 23 32 26 26 23 23 23 11 11 9 7 7 4 4 6 5 5 2 2 2 1 1 1 1 1 1
 24 24 26 34 34 38 35 35 45 45 47 46 46 56 53 53 48 48 29 23 23 32 26 26 23 23 23 11 11 9 7 7 4 4 6 5 5 2 2 2 1 1 1 1 1 1
 29 29 31 36 36 45 37 37 44 44 35 53 53 58 56 56 48 48 29 24 24 31 24 24 21 21 22 17 17 16 9 9 6 6 5 5 5 4 4 4 4 4 3 2 2 2
 34 34 37 41 41 44 42 42 36 36 46 50 50 48 46 46 59 59 35 29 29 25 24 24 26 26 25 15 15 14 9 9 8 8 7 7 7 7 6 6 4 4 3 4 4 2
 34 34 37 41 41 44 42 42 36 36 46 50 50 48 46 46 59 59 35 29 29 25 24 24 26 26 25 15 15 14 9 9 8 8 7 7 7 7 6 6 4 4 3 4 4 2
 32 32 38 41 41 41 41 41 40 40 28 26 26 43 60 60 48 48 43 30 30 32 33 33 29 29 31 17 17 15 10 10 8 8 9 11 11 10 8 8 7 7 4 3 3 2
 32 32 38 41 41 41 41 41 40 40 28 26 26 43 60 60 48 48 43 30 30 32 33 33 29 29 31 17 17 15 10 10 8 8 9 11 11 10 8 8 7 7 4 3 3 2
 31 31 34 37 37 38 41 41 40 40 48 42 42 34 34 34 52 52 43 32 32 34 37 37 36 36 20 25 25 21 11 11 12 12 16 16 16 12 9 9 8 8 4 3 3 1
 45 45 51 35 35 37 39 39 49 49 44 45 45 34 31 31 41 41 43 46 46 41 35 35 40 40 28 32 32 21 20 20 17 17 14 15 15 12 7 7 6 6 4 4 4 1
 45 45 51 35 35 37 39 39 49 49 44 45 45 34 31 31 41 41 43 46 46 41 35 35 40 40 28 32 32 21 20 20 17 17 14 15 15 12 7 7 6 6 4 4 4 1
 39 39 42 44 44 29 34 34 41 41 38 47 47 46 50 50 44 44 36 32 32 22 37 37 44 44 30 27 27 26 23 23 13 13 16 19 19 12 6 6 5 5 2 2 2 3
 34 34 40 40 40 31 33 33 36 36 34 38 38 48 59 59 31 31 36 30 30 20 33 33 38 38 31 31 31 18 20 20 20 20 18 14 14 11 7 7 6 6 6 3 3 3
 34 34 40 40 40 31 33 33 36 36 34 38 38 48 59 59 31 31 36 30 30 20 33 33 38 38 31 31 31 18 20 20 20 20 18 14 14 11 7 7 6 6 6 3 3 3
 23 23 35 36 36 24 25 25 28 28 30 32 32 48 48 48 32 32 32 35 35 29 32 32 27 27 31 30 30 19 23 23 23 23 15 10 10 11 8 8 6 6 5 5 5 2
 23 23 35 36 36 24 25 25 28 28 30 32 32 48 48 48 32 32 32 35 35 29 32 32 27 27 31 30 30 19 23 23 23 23 15 10 10 11 8 8 6 6 5 5 5 2
 15 15 18 19 19 19 26 26 26 26 31 28 28 34 25 25 26 26 36 33 33 27 30 30 32 32 32 18 18 26 17 17 19 19 18 11 11 10 9 9 7 7 7 8 8 4
 12 12 15 18 18 18 22 22 28 28 30 28 28 30 26 26 27 27 21 21 21 25 23 23 24 24 33 22 22 34 24 24 23 23 19 11 11 8 7 7 8 8 5 6 6 2
 12 12 15 18 18 18 22 22 28 28 30 28 28 30 26 26 27 27 21 21 21 25 23 23 24 24 33 22 22 34 24 24 23 23 19 11 11 8 7 7 8 8 5 6 6 2
 10 10 12 16 16 17 19 19 20 20 23 27 27 24 20 20 16 16 13 13 13 22 19 19 23 23 27 33 33 33 25 25 13 13 10 9 9 8 8 8 8 8 8 9 9 1
 13 13 16 19 19 22 21 21 19 19 20 19 19 21 21 21 19 19 19 19 19 21 18 18 22 22 22 35 35 29 22 22 12 12 10 10 10 9 6 6 8 8 5 2 2 2
 13 13 16 19 19 22 21 21 19 19 20 19 19 21 21 21 19 19 19 19 19 21 18 18 22 22 22 35 35 29 22 22 12 12 10 10 10 9 6 6 8 8 5 2 2 2
 17 17 17 17 17 18 19 19 17 17 18 19 19 20 22 22 16 16 15 14 14 14 14 14 23 23 35 31 31 31 19 19 14 14 8 14 14 9 8 8 4 4 3 1 1 0
 17 17 17 17 17 18 19 19 17 17 18 19 19 20 22 22 16 16 15 14 14 14 14 14 23 23 35 31 31 31 19 19 14 14 8 14 14 9 8 8 4 4 3 1 1 0
 20 20 20 18 18 18 18 18 19 19 19 19 19 24 21 21 18 18 15 18 18 20 20 20 23 23 31 30 30 22 24 24 18 18 15 12 12 12 7 7 4 4 2 1 1 0
 14 14 16 18 18 19 19 19 20 20 19 21 21 23 24 24 21 21 19 18 18 20 18 18 20 20 24 28 28 25 28 28 23 23 25 19 19 14 5 5 3 3 1 0 0 0
 14 14 16 18 18 19 19 19 20 20 19 21 21 23 24 24 21 21 19 18 18 20 18 18 20 20 24 28 28 25 28 28 23 23 25 19 19 14 5 5 3 3 1 0 0 0
 16 16 19 21 21 23 25 25 26 26 24 24 24 25 26 26 23 23 28 19 19 19 21 21 15 15 21 24 24 30 29 29 28 28 29 23 23 20 4 4 4 4 2 0 0 0
 17 17 19 22 22 25 27 27 27 27 26 23 23 27 28 28 30 30 26 24 24 21 21 21 16 16 19 22 22 30 31 31 31 31 27 28 28 22 9 9 3 3 7 3 3 3
 17 17 19 22 22 25 27 27 27 27 26 23 23 27 28 28 30 30 26 24 24 21 21 21 16 16 19 22 22 30 31 31 31 31 27 28 28 22 9 9 3 3 7 3 3 3
 24 24 26 27 27 28 29 29 28 28 25 22 22 24 24 24 28 28 28 27 27 21 20 20 17 17 22 25 25 24 27 27 24 24 25 26 26 13 11 11 8 8 7 3 3 3
 24 24 26 27 27 28 29 29 28 28 25 22 22 24 24 24 28 28 28 27 27 21 20 20 17 17 22 25 25 24 27 27 24 24 25 26 26 13 11 11 8 8 7 3 3 3
 20 20 22 22 22 22 21 21 19 19 17 17 17 17 17 17 22 22 25 24 24 20 18 18 13 13 17 20 20 14 12 12 17 17 15 20 20 12 7 7 6 6 6 3 3 3
 18 18 18 18 18 17 17 17 15 15 14 12 12 12 11 11 9 9 14 15 15 20 17 17 17 17 12 16 16 10 16 16 11 11 14 21 21 10 7 7 6 6 5 9 9 4
 18 18 18 18 18 17 17 17 15 15 14 12 12 12 11 11 9 9 14 15 15 20 17 17 17 17 12 16 16 10 16 16 11 11 14 21 21 10 7 7 6 6 5 9 9 4
 8 8 9 10 10 11 11 11 11 11 11 9 9 7 4 4 5 5 12 16 16 13 10 10 16 16 16 20 20 18 20 20 14 14 16 21 21 13 12 12 10 10 11 10 10 4
 5 5 5 6 6 7 8 8 7 7 7 7 7 6 5 5 8 8 11 22 22 21 15 15 29 29 20 27 27 22 42 42 35 35 29 28 28 19 14 14 13 13 11 12 12 4
 5 5 5 6 6 7 8 8 7 7 7 7 7 6 5 5 8 8 11 22 22 21 15 15 29 29 20 27 27 22 42 42 35 35 29 28 28 19 14 14 13 13 11 12 12 4
 3 3 3 3 3 4 5 5 6 6 6 6 6 6 6 6 7 7 8 15 15 11 8 8 21 21 26 19 19 20 26 26 37 37 34 27 27 20 15 15 12 12 12 12 12 5
 3 3 3 3 3 4 5 5 6 6 6 6 6 6 6 6 7 7 8 15 15 11 8 8 21 21 26 19 19 20 26 26 37 37 34 27 27 20 15 15 12 12 12 12 12 5
 2 2 2 2 2 4 5 5 6 6 7 8 8 9 10 10 11 11 11 11 11 11 16 16 14 14 17 18 18 15 23 23 17 17 28 28 28 15 12 12 11 11 10 9 9 9
 1 1 1 1 1 3 4 4 5 5 7 8 8 9 9 9 9 9 10 12 12 10 13 13 8 8 10 12 12 14 12 12 16 16 14 16 16 15 14 14 13 13 6 2 2 2
 1 1 1 1 1 3 4 4 5 5 7 8 8 9 9 9 9 9 10 12 12 10 13 13 8 8 10 12 12 14 12 12 16 16 14 16 16 15 14 14 13 13 6 2 2 2
 3 3 2 3 3 3 3 3 4 4 5 5 5 5 6 6 6 6 7 8 8 6 5 5 4 4 4 7 7 7 8 8 10 10 9 8 8 9 9 9 7 7 7 5 5 4
 3 3 3 3 3 4 4 4 5 5 6 6 6 7 7 7 7 7 6 6 6 5 4 4 3 3 3 6 6 6 7 7 11 11 9 9 9 13 14 14 15 15 17 14 14 16
 3 3 3 3 3 4 4 4 5 5 6 6 6 7 7 7 7 7 6 6 6 5 4 4 3 3 3 6 6 6 7 7 11 11 9 9 9 13 14 14 15 15 17 14 14 16
 4 4 4 4 4 5 6 6 6 6 7 8 8 8 8 8 8 8 7 6 6 5 4 4 4 4 4 6 6 6 10 10 28 28 15 13 13 9 8 8 16 16 17 20 20 24
 4 4 4 4 4 5 6 6 6 6 7 8 8 8 8 8 8 8 7 6 6 5 4 4 4 4 4 6 6 6 10 10 28 28 15 13 13 9 8 8 16 16 17 20 20 24
 4 4 4 5 5 6 8 8 8 8 10 12 12 14 15 15 14 14 12 10 10 8 7 7 6 6 7 7 7 9 21 21 33 33 14 13 13 11 9 9 8 8 15 20 20 23
 5 5 6 6 6 7 8 8 8 8 10 12 12 12 13 13 12 12 11 9 9 8 7 7 8 8 8 8 8 14 15 15 10 10 10 11 11 13 13 13 11 11 9 15 15 16
 5 5 6 6 6 7 8 8 8 8 10 12 12 12 13 13 12 12 11 9 9 8 7 7 8 8 8 8 8 14 15 15 10 10 10 11 11 13 13 13 11 11 9 15 15 16
 7 7 9 12 12 13 13 13 13 13 13 12 12 12 11 11 8 8 7 7 7 7 7 7 7 7 8 8 8 7 7 7 6 6 6 8 8 9 15 15 15 15 13 10 10 10
 11 11 16 18 18 18 17 17 17 17 17 17 17 17 16 16 14 14 12 10 10 10 10 10 9 9 8 8 8 6 5 5 4 4 5 6 6 7 11 11 13 13 13 10 10 11
