assets/RAT_results/precipitation/2021-06-04_IMERG.asc
ncols        46
nrows        77
xllcorner    74.800261325624
yllcorner    8.058333333333
cellsize     0.062500000000
NODATA_value -9999
 23 23 15 3 3 2 2 2 3 3 3 4 4 2 1 1 1 1 1 1 1 3 3 3 2 2 7 7 7 5 10 10 8 8 8 9 9 12 30 30 36 36 37 32 32 45
 21 21 16 2 2 2 2 2 2 2 2 9 9 3 1 1 1 1 2 1 1 2 3 3 3 3 2 5 5 5 25 25 8 8 8 13 13 16 32 32 18 18 18 20 20 37
 21 21 16 2 2 2 2 2 2 2 2 9 9 3 1 1 1 1 2 1 1 2 3 3 3 3 2 5 5 5 25 25 8 8 8 13 13 16 32 32 18 18 18 20 20 37
 16 16 15 7 7 3 2 2 3 3 4 7 7 4 2 2 3 3 2 2 2 16 3 3 3 3 2 4 4 4 4 4 14 14 13 16 16 31 16 16 22 22 18 16 16 19
 43 43 37 13 13 4 3 3 5 5 5 6 6 3 3 3 5 5 3 3 3 3 3 3 3 3 3 4 4 5 6 6 19 19 14 10 10 11 10 10 11 11 16 12 12 11
 43 43 37 13 13 4 3 3 5 5 5 6 6 3 3 3 5 5 3 3 3 3 3 3 3 3 3 4 4 5 6 6 19 19 14 10 10 11 10 10 11 11 16 12 12 11
 22 22 41 15 15 7 3 3 5 5 7 6 6 5 8 8 7 7 5 4 4 3 6 6 4 4 3 6 6 11 11 11 18 18 13 18 18 4 6 6 8 8 12 9 9 9
 22 22 41 15 15 7 3 3 5 5 7 6 6 5 8 8 7 7 5 4 4 3 6 6 4 4 3 6 6 11 11 11 18 18 13 18 18 4 6 6 8 8 12 9 9 9
 21 21 27 38 38 18 7 7 5 5 3 3 3 6 9 9 7 7 5 3 3 3 4 4 3 3 3 7 7 14 13 13 18 18 19 20 20 9 5 5 6 6 6 6 6 5
 30 30 25 33 33 13 5 5 3 3 2 3 3 6 9 9 7 7 4 3 3 2 2 2 3 3 4 5 5 13 23 23 27 27 22 19 19 9 7 7 4 4 7 4 4 5
 30 30 25 33 33 13 5 5 3 3 2 3 3 6 9 9 7 7 4 3 3 2 2 2 3 3 4 5 5 13 23 23 27 27 22 19 19 9 7 7 4 4 7 4 4 5
 36 36 29 24 24 14 4 4 3 3 4 3 3 7 8 8 5 5 5 1 1 1 2 2 3 3 4 7 7 9 25 25 16 16 15 17 17 7 9 9 7 7 13 18 18 8
 41 41 34 31 31 17 7 7 4 4 4 2 2 8 8 8 7 7 3 3 3 1 2 2 3 3 5 6 6 7 13 13 12 12 12 6 6 9 10 10 7 7 10 19 19 12
 41 41 34 31 31 17 7 7 4 4 4 2 2 8 8 8 7 7 3 3 3 1 2 2 3 3 5 6 6 7 13 13 12 12 12 6 6 9 10 10 7 7 10 19 19 12
 42 42 42 32 32 23 13 13 6 6 5 4 4 8 8 8 6 6 4 4 4 2 4 4 6 6 7 7 7 9 11 11 10 10 10 12 12 7 13 13 14 14 13 8 8 12
 42 42 42 32 32 23 13 13 6 6 5 4 4 8 8 8 6 6 4 4 4 2 4 4 6 6 7 7 7 9 11 11 10 10 10 12 12 7 13 13 14 14 13 8 8 12
 32 32 34 26 26 27 13 13 5 5 6 7 7 7 7 7 8 8 8 5 5 4 4 4 7 7 7 7 7 7 9 9 8 8 8 8 8 9 11 11 9 9 7 8 8 11
 18 18 31 33 33 21 17 17 13 13 11 9 9 9 6 6 7 7 8 3 3 3 3 3 4 4 6 6 6 7 6 6 5 5 9 9 9 5 5 5 3 3 5 7 7 11
 18 18 31 33 33 21 17 17 13 13 11 9 9 9 6 6 7 7 8 3 3 3 3 3 4 4 6 6 6 7 6 6 5 5 9 9 9 5 5 5 3 3 5 7 7 11
 22 22 35 39 39 30 28 28 17 17 11 11 11 7 4 4 4 4 5 3 3 2 4 4 5 5 5 4 4 4 5 5 6 6 8 8 8 8 4 4 4 4 6 7 7 7
 21 21 23 27 27 38 35 35 15 15 17 17 17 12 3 3 2 2 3 9 9 3 4 4 4 4 6 4 4 4 4 4 7 7 7 6 6 4 4 4 4 4 6 5 5 3
 21 21 23 27 27 38 35 35 15 15 17 17 17 12 3 3 2 2 3 9 9 3 4 4 4 4 6 4 4 4 4 4 7 7 7 6 6 4 4 4 4 4 6 5 5 3
 23 23 24 28 28 35 31 31 21 21 22 13 13 13 4 4 3 3 3 3 3 4 6 6 5 5 5 5 5 5 4 4 8 8 13 13 13 11 11 11 10 10 11 7 7 2
 23 23 24 28 28 35 31 31 21 21 22 13 13 13 4 4 3 3 3 3 3 4 6 6 5 5 5 5 5 5 4 4 8 8 13 13 13 11 11 11 10 10 11 7 7 2
 31 31 30 29 29 28 25 25 22 22 20 17 17 20 10 10 9 9 5 4 4 4 6 6 7 7 7 8 8 7 7 7 7 7 10 17 17 19 14 14 12 12 13 7 7 3
 29 29 31 29 29 32 28 28 24 24 29 29 29 29 27 27 12 12 10 5 5 6 6 6 8 8 11 11 11 9 7 7 6 6 5 11 11 5 13 13 12 12 19 8 8 5
 29 29 31 29 29 32 28 28 24 24 29 29 29 29 27 27 12 12 10 5 5 6 6 6 8 8 11 11 11 9 7 7 6 6 5 11 11 5 13 13 12 12 19 8 8 5
 29 29 33 37 37 43 33 33 29 29 31 36 36 30 32 32 26 26 15 7 7 8 7 7 9 9 14 14 14 11 7 7 5 5 4 3 3 2 2 2 4 4 9 8 8 4
 31 31 31 29 29 30 35 35 31 31 32 26 26 29 31 31 29 29 18 8 8 7 7 7 8 8 11 12 12 11 6 6 4 4 3 3 3 3 5 5 6 6 6 4 4 4
 31 31 31 29 29 30 35 35 31 31 32 26 26 29 31 31 29 29 18 8 8 7 7 7 8 8 11 12 12 11 6 6 4 4 3 3 3 3 5 5 6 6 6 4 4 4
 23 23 24 25 25 24 22 22 21 21 25 18 18 24 28 28 26 26 14 14 14 10 8 8 6 6 7 7 7 7 6 6 4 4 4 4 4 4 7 7 7 7 6 5 5 4
 23 23 24 25 25 24 22 22 21 21 25 18 18 24 28 28 26 26 14 14 14 10 8 8 6 6 7 7 7 7 6 6 4 4 4 4 4 4 7 7 7 7 6 5 5 4
 20 20 11 22 22 22 21 21 19 19 23 19 19 25 31 31 24 24 11 12 12 9 10 10 8 8 5 5 5 5 3 3 3 3 3 4 4 5 9 9 9 9 9 7 7 5
 14 14 12 19 19 22 23 23 25 25 25 23 23 38 26 26 14 14 14 13 13 11 10 10 8 8 4 4 4 3 2 2 2 2 2 4 4 4 9 9 11 11 12 10 10 9
 14 14 12 19 19 22 23 23 25 25 25 23 23 38 26 26 14 14 14 13 13 11 10 10 8 8 4 4 4 3 2 2 2 2 2 4 4 4 9 9 11 11 12 10 10 9
 20 20 16 23 23 19 23 23 19 19 22 25 25 51 48 48 18 18 19 17 17 8 15 15 5 5 5 4 4 3 2 2 2 2 3 4 4 4 4 4 13 13 13 12 12 10
 23 23 18 20 20 17 17 17 17 17 14 18 18 23 21 21 16 16 18 12 12 9 7 7 4 4 6 4 4 4 3 3 4 4 4 5 5 5 6 6 13 13 11 11 11 10
 23 23 18 20 20 17 17 17 17 17 14 18 18 23 21 21 16 16 18 12 12 9 7 7 4 4 6 4 4 4 3 3 4 4 4 5 5 5 6 6 13 13 11 11 11 10
 23 23 19 18 18 14 17 17 13 13 10 11 11 17 14 14 14 14 18 17 17 11 7 7 5 5 7 5 5 13 8 8 8 8 9 13 13 20 11 11 15 15 13 13 13 17
 23 23 19 18 18 14 17 17 13 13 10 11 11 17 14 14 14 14 18 17 17 11 7 7 5 5 7 5 5 13 8 8 8 8 9 13 13 20 11 11 15 15 13 13 13 17
 19 19 15 14 14 12 14 14 12 12 11 12 12 11 15 15 21 21 18 20 20 14 13 13 14 14 12 12 12 13 11 11 10 10 11 14 14 28 21 21 29 29 19 15 15 18
 17 17 21 17 17 21 14 14 14 14 13 15 15 16 13 13 17 17 23 21 21 21 17 17 15 15 16 15 15 15 14 14 15 15 11 21 21 25 18 18 19 19 19 17 17 22
 17 17 21 17 17 21 14 14 14 14 13 15 15 16 13 13 17 17 23 21 21 21 17 17 15 15 16 15 15 15 14 14 15 15 11 21 21 25 18 18 19 19 19 17 17 22
 20 20 19 22 22 22 15 15 19 19 17 18 18 15 12 12 13 13 23 23 23 22 26 26 24 24 18 18 18 17 14 14 15 15 15 23 23 18 21 21 18 18 16 15 15 23
 20 20 17 22 22 21 20 20 17 17 16 14 14 13 12 12 7 7 15 20 20 18 21 21 26 26 24 19 19 13 15 15 15 15 19 21 21 18 15 15 17 17 15 22 22 30
 20 20 17 22 22 21 20 20 17 17 16 14 14 13 12 12 7 7 15 20 20 18 21 21 26 26 24 19 19 13 15 15 15 15 19 21 21 18 15 15 17 17 15 22 22 30
 18 18 17 20 20 20 21 21 21 21 16 15 15 13 21 21 13 13 12 19 19 16 19 19 33 33 22 26 26 19 14 14 16 16 19 17 17 14 13 13 16 16 12 18 18 21
 18 18 17 20 20 20 21 21 21 21 16 15 15 13 21 21 13 13 12 19 19 16 19 19 33 33 22 26 26 19 14 14 16 16 19 17 17 14 13 13 16 16 12 18 18 21
 16 16 23 16 16 27 23 23 21 21 28 28 28 23 23 23 23 23 19 21 21 28 32 32 30 30 23 25 25 20 11 11 22 22 14 15 15 15 14 14 24 24 17 17 17 20
 23 23 22 25 25 32 29 29 24 24 29 32 32 32 31 31 39 39 36 33 33 29 29 29 29 29 21 19 19 15 10 10 15 15 13 16 16 18 17 17 24 24 27 30 30 31
 23 23 22 25 25 32 29 29 24 24 29 32 32 32 31 31 39 39 36 33 33 29 29 29 29 29 21 19 19 15 10 10 15 15 13 16 16 18 17 17 24 24 27 30 30 31
 27 27 26 27 27 30 32 32 34 34 39 33 33 34 37 37 39 39 42 46 46 29 26 26 24 24 22 20 20 14 8 8 23 23 21 22 22 22 21 21 30 30 34 55 55 43
 35 35 32 49 49 48 50 50 41 41 41 34 34 34 47 47 45 45 37 47 47 27 21 21 22 22 18 12 12 14 17 17 26 26 21 23 23 20 26 26 33 33 40 51 51 37
 35 35 32 49 49 48 50 50 41 41 41 34 34 34 47 47 45 45 37 47 47 27 21 21 22 22 18 12 12 14 17 17 26 26 21 23 23 20 26 26 33 33 40 51 51 37
 49 49 45 59 59 58 38 38 49 49 39 49 49 31 42 42 36 36 32 35 35 29 26 26 24 24 14 13 13 13 22 22 29 29 27 32 32 27 26 26 32 32 43 35 35 30
 49 49 45 59 59 58 38 38 49 49 39 49 49 31 42 42 36 36 32 35 35 29 26 26 24 24 14 13 13 13 22 22 29 29 27 32 32 27 26 26 32 32 43 35 35 30
 41 41 56 61 61 59 40 40 49 49 39 32 32 29 32 32 32 32 31 30 30 13 17 17 20 20 15 12 12 10 17 17 27 27 31 26 26 31 28 28 28 28 30 37 37 22
 33 33 44 30 30 55 30 30 37 37 24 24 24 18 16 16 14 14 11 14 14 16 14 14 18 18 11 6 6 5 6 6 21 21 23 29 29 20 28 28 20 20 18 21 21 26
 33 33 44 30 30 55 30 30 37 37 24 24 24 18 16 16 14 14 11 14 14 16 14 14 18 18 11 6 6 5 6 6 21 21 23 29 29 20 28 28 20 20 18 21 21 26
 25 25 31 30 30 33 20 20 27 27 25 27 27 17 21 21 19 19 11 6 6 5 9 9 13 13 13 5 5 8 8 8 13 13 18 20 20 22 20 20 19 19 18 34 34 25
 30 30 31 28 28 31 21 21 23 23 29 32 32 19 20 20 18 18 18 7 7 6 10 10 10 10 11 11 11 9 14 14 18 18 32 36 36 17 23 23 14 14 14 17 17 25
 30 30 31 28 28 31 21 21 23 23 29 32 32 19 20 20 18 18 18 7 7 6 10 10 10 10 11 11 11 9 14 14 18 18 32 36 36 17 23 23 14 14 14 17 17 25
 16 16 18 20 20 34 20 20 29 29 34 30 30 25 15 15 18 18 21 8 8 9 5 5 10 10 14 14 14 14 18 18 10 10 25 25 25 23 22 22 10 10 14 14 14 22
 16 16 18 20 20 34 20 20 29 29 34 30 30 25 15 15 18 18 21 8 8 9 5 5 10 10 14 14 14 14 18 18 10 10 25 25 25 23 22 22 10 10 14 14 14 22
 15 15 17 19 19 24 26 26 32 32 33 24 24 15 13 13 12 12 15 15 15 8 10 10 8 8 10 20 20 16 14 14 13 13 17 14 14 18 17 17 8 8 13 14 14 31
 20 20 18 16 16 15 17 17 26 26 22 19 19 12 8 8 8 8 13 14 14 8 14 14 15 15 9 11 11 14 21 21 15 15 11 11 11 10 10 10 8 8 8 22 22 36
 20 20 18 16 16 15 17 17 26 26 22 19 19 12 8 8 8 8 13 14 14 8 14 14 15 15 9 11 11 14 21 21 15 15 11 11 11 10 10 10 8 8 8 22 22 36
 28 28 20 21 21 20 19 19 20 20 15 11 11 11 3 3 6 6 8 10 10 10 12 12 16 16 16 7 7 14 17 17 11 11 16 18 18 11 9 9 7 7 6 12 12 37
 25 25 15 19 19 16 17 17 17 17 11 12 12 14 12 12 9 9 11 9 9 10 12 12 16 16 17 12 12 14 12 12 9 9 5 5 5 7 6 6 8 8 10 10 10 33
 25 25 15 19 19 16 17 17 17 17 11 12 12 14 12 12 9 9 11 9 9 10 12 12 16 16 17 12 12 14 12 12 9 9 5 5 5 7 6 6 8 8 10 10 10 33
 13 13 8 16 16 16 14 14 16 16 16 11 11 10 13 13 8 8 9 10 10 9 9 9 12 12 13 16 16 13 14 14 6 6 7 6 6 3 4 4 5 5 4 6 6 10
 13 13 8 16 16 16 14 14 16 16 16 11 11 10 13 13 8 8 9 10 10 9 9 9 12 12 13 16 16 13 14 14 6 6 7 6 6 3 4 4 5 5 4 6 6 10
 11 11 6 9 9 9 10 10 7 7 12 8 8 9 10 10 4 4 5 6 6 7 6 6 8 8 11 14 14 20 17 17 8 8 6 6 6 5 3 3 4 4 4 2 2 1
 7 7 4 3 3 6 9 9 7 7 6 6 6 10 9 9 7 7 16 11 11 12 16 16 11 11 13 8 8 9 9 9 10 10 3 2 2 3 3 3 3 3 1 1 1 1
 7 7 4 3 3 6 9 9 7 7 6 6 6 10 9 9 7 7 16 11 11 12 16 16 11 11 13 8 8 9 9 9 10 10 3 2 2 3 3 3 3 3 1 1 1 1
 4 4 3 3 3 4 5 5 4 4 4 4 4 16 30 30 40 40 78 37 37 26 25 25 17 17 9 7 7 4 4 4 16 16 3 2 2 2 2 2 2 2 2 1 1 1
 3 3 2 3 3 3 4 4 5 5 9 7 7 9 50 50 58 58 81 78 78 37 28 28 15 15 13 7 7 4 3 3 5 5 2 1 1 1 1 1 1 1 2 0 0 0
