assets/RAT_results/precipitation/2021-08-10_IMERG.asc
ncols        46
nrows        77
xllcorner    74.800261325624
yllcorner    8.058333333333
cellsize     0.062500000000
NODATA_value -9999
 1 1 1 1 1 1 1 1 0 0 0 3 3 7 1 1 1 1 1 1 1 1 0 0 0 0 1 1 1 1 1 1 1 1 1 1 1 1 1 1 1 1 1 2 2 2
 1 1 2 2 2 2 2 2 5 5 1 1 1 5 2 2 2 2 2 2 2 2 2 2 1 1 1 1 1 2 1 1 1 1 1 1 1 1 1 1 1 1 2 2 2 2
 1 1 2 2 2 2 2 2 5 5 1 1 1 5 2 2 2 2 2 2 2 2 2 2 1 1 1 1 1 2 1 1 1 1 1 1 1 1 1 1 1 1 2 2 2 2
 5 5 6 5 5 3 3 3 3 3 3 4 4 4 3 3 4 4 4 4 4 4 4 4 4 4 3 2 2 2 1 1 1 1 1 2 2 2 1 1 1 1 1 1 1 1
 2 2 7 7 7 5 3 3 4 4 4 5 5 6 9 9 10 10 5 6 6 5 4 4 4 4 5 3 3 2 1 1 1 1 1 1 1 1 1 1 1 1 0 0 0 0
 2 2 7 7 7 5 3 3 4 4 4 5 5 6 9 9 10 10 5 6 6 5 4 4 4 4 5 3 3 2 1 1 1 1 1 1 1 1 1 1 1 1 0 0 0 0
 2 2 4 8 8 11 3 3 4 4 4 5 5 6 6 6 6 6 5 5 5 5 4 4 4 4 4 3 3 2 1 1 1 1 1 1 1 1 1 1 1 1 0 0 0 0
 2 2 4 8 8 11 3 3 4 4 4 5 5 6 6 6 6 6 5 5 5 5 4 4 4 4 4 3 3 2 1 1 1 1 1 1 1 1 1 1 1 1 0 0 0 0
 2 2 3 5 5 7 8 8 4 4 5 6 6 5 5 5 5 5 5 4 4 4 4 4 3 3 2 1 1 1 1 1 1 1 2 1 1 1 1 1 1 1 0 0 0 0
 1 1 2 4 4 4 6 6 4 4 5 5 5 4 3 3 3 3 3 3 3 3 2 2 2 2 1 1 1 1 1 1 1 1 1 1 1 1 1 1 1 1 1 0 0 0
 1 1 2 4 4 4 6 6 4 4 5 5 5 4 3 3 3 3 3 3 3 3 2 2 2 2 1 1 1 1 1 1 1 1 1 1 1 1 1 1 1 1 1 0 0 0
 2 2 3 3 3 7 6 6 7 7 5 2 2 2 6 6 2 2 1 1 1 1 1 1 1 1 0 0 0 0 0 0 1 1 1 1 1 1 1 1 1 1 0 0 0 0
 4 4 4 4 4 6 9 9 13 13 11 2 2 1 1 1 1 1 1 1 1 1 1 1 0 0 0 0 0 0 0 0 1 1 1 1 1 1 1 1 1 1 0 0 0 0
 4 4 4 4 4 6 9 9 13 13 11 2 2 1 1 1 1 1 1 1 1 1 1 1 0 0 0 0 0 0 0 0 1 1 1 1 1 1 1 1 1 1 0 0 0 0
 5 5 4 6 6 8 6 6 5 5 14 13 13 5 2 2 6 6 1 1 1 3 1 1 1 1 0 0 0 2 0 0 0 0 0 0 0 0 0 0 0 0 0 0 0 0
 5 5 4 6 6 8 6 6 5 5 14 13 13 5 2 2 6 6 1 1 1 3 1 1 1 1 0 0 0 2 0 0 0 0 0 0 0 0 0 0 0 0 0 0 0 0
 4 4 3 5 5 5 5 5 5 5 6 3 3 3 3 3 14 14 7 2 2 5 1 1 1 1 0 0 0 1 1 1 0 0 0 0 0 0 0 0 0 0 0 0 0 3
 2 2 1 1 1 0 2 2 2 2 3 4 4 8 8 8 3 3 7 5 5 2 4 4 1 1 0 0 0 0 0 0 0 0 0 0 0 0 0 0 0 0 0 0 0 1
 2 2 1 1 1 0 2 2 2 2 3 4 4 8 8 8 3 3 7 5 5 2 4 4 1 1 0 0 0 0 0 0 0 0 0 0 0 0 0 0 0 0 0 0 0 1
 3 3 3 7 7 2 2 2 2 2 5 6 6 11 18 18 3 3 4 1 1 6 4 4 1 1 4 0 0 0 0 0 0 0 0 0 0 1 1 1 1 1 0 0 0 1
 13 13 9 11 11 8 10 10 9 9 8 10 10 10 16 16 6 6 1 1 1 2 1 1 1 1 4 2 2 1 1 1 2 2 2 2 2 3 4 4 4 4 1 1 1 3
 13 13 9 11 11 8 10 10 9 9 8 10 10 10 16 16 6 6 1 1 1 2 1 1 1 1 4 2 2 1 1 1 2 2 2 2 2 3 4 4 4 4 1 1 1 3
 31 31 27 20 20 21 16 16 11 11 9 8 8 8 9 9 3 3 1 1 1 4 4 4 2 2 1 1 1 1 2 2 3 3 2 1 1 1 2 2 3 3 2 1 1 3
 31 31 27 20 20 21 16 16 11 11 9 8 8 8 9 9 3 3 1 1 1 4 4 4 2 2 1 1 1 1 2 2 3 3 2 1 1 1 2 2 3 3 2 1 1 3
 49 49 50 35 35 17 19 19 14 14 14 4 4 9 9 9 8 8 6 8 8 2 1 1 1 1 1 1 1 0 1 1 1 1 1 0 0 0 0 0 1 1 0 0 0 0
 54 54 58 50 50 40 31 31 10 10 5 5 5 5 3 3 2 2 1 1 1 7 2 2 0 0 0 1 1 2 0 0 0 0 0 0 0 0 0 0 0 0 1 0 0 0
 54 54 58 50 50 40 31 31 10 10 5 5 5 5 3 3 2 2 1 1 1 7 2 2 0 0 0 1 1 2 0 0 0 0 0 0 0 0 0 0 0 0 1 0 0 0
 58 58 57 48 48 42 27 27 11 11 10 10 10 10 4 4 7 7 2 1 1 14 7 7 7 7 1 1 1 0 0 0 0 0 0 0 0 0 0 0 0 0 0 0 0 0
 57 57 66 63 63 51 48 48 20 20 16 12 12 11 6 6 9 9 5 2 2 3 2 2 5 5 0 0 0 0 0 0 0 0 0 0 0 0 0 0 0 0 0 0 0 0
 57 57 66 63 63 51 48 48 20 20 16 12 12 11 6 6 9 9 5 2 2 3 2 2 5 5 0 0 0 0 0 0 0 0 0 0 0 0 0 0 0 0 0 0 0 0
 65 65 62 57 57 48 42 42 31 31 22 17 17 15 13 13 9 9 7 12 12 6 8 8 13 13 2 1 1 0 0 0 0 0 0 0 0 0 0 0 0 0 0 0 0 0
 65 65 62 57 57 48 42 42 31 31 22 17 17 15 13 13 9 9 7 12 12 6 8 8 13 13 2 1 1 0 0 0 0 0 0 0 0 0 0 0 0 0 0 0 0 0
 47 47 51 49 49 43 50 50 35 35 33 30 30 31 12 12 7 7 9 14 14 12 9 9 6 6 1 3 3 2 0 0 0 0 0 0 0 0 0 0 0 0 0 0 0 0
 50 50 46 33 33 36 22 22 18 18 15 29 29 17 9 9 5 5 5 7 7 5 5 5 7 7 4 1 1 0 0 0 0 0 0 0 0 0 0 0 0 0 0 0 0 0
 50 50 46 33 33 36 22 22 18 18 15 29 29 17 9 9 5 5 5 7 7 5 5 5 7 7 4 1 1 0 0 0 0 0 0 0 0 0 0 0 0 0 0 0 0 0
 29 29 37 27 27 25 17 17 19 19 7 6 6 5 8 8 5 5 7 4 4 8 4 4 3 3 1 0 0 0 0 0 0 0 0 0 0 0 0 0 0 0 0 0 0 0
 20 20 33 12 12 18 9 9 11 11 4 4 4 3 6 6 9 9 8 8 8 14 14 14 6 6 3 3 3 1 0 0 1 1 0 0 0 0 0 0 0 0 0 0 0 0
 20 20 33 12 12 18 9 9 11 11 4 4 4 3 6 6 9 9 8 8 8 14 14 14 6 6 3 3 3 1 0 0 1 1 0 0 0 0 0 0 0 0 0 0 0 0
 12 12 17 7 7 10 7 7 9 9 4 5 5 5 5 5 8 8 13 11 11 17 17 17 10 10 4 3 3 2 2 2 2 2 1 0 0 0 1 1 0 0 0 0 0 0
 12 12 17 7 7 10 7 7 9 9 4 5 5 5 5 5 8 8 13 11 11 17 17 17 10 10 4 3 3 2 2 2 2 2 1 0 0 0 1 1 0 0 0 0 0 0
 9 9 8 6 6 8 5 5 7 7 3 3 3 4 5 5 7 7 14 16 16 11 13 13 7 7 4 4 4 4 3 3 2 2 2 3 3 2 0 0 0 0 0 0 0 0
 6 6 5 4 4 4 5 5 6 6 3 2 2 4 3 3 9 9 15 22 22 10 13 13 8 8 6 4 4 8 4 4 2 2 2 1 1 2 1 1 0 0 0 1 1 0
 6 6 5 4 4 4 5 5 6 6 3 2 2 4 3 3 9 9 15 22 22 10 13 13 8 8 6 4 4 8 4 4 2 2 2 1 1 2 1 1 0 0 0 1 1 0
 4 4 2 3 3 3 9 9 6 6 3 2 2 5 5 5 6 6 6 14 14 9 9 9 8 8 5 6 6 6 5 5 2 2 2 3 3 3 3 3 1 1 0 0 0 0
 4 4 2 2 2 4 5 5 4 4 2 1 1 3 3 3 3 3 3 6 6 7 8 8 6 6 4 2 2 2 1 1 1 1 2 2 2 2 2 2 1 1 0 0 0 0
 4 4 2 2 2 4 5 5 4 4 2 1 1 3 3 3 3 3 3 6 6 7 8 8 6 6 4 2 2 2 1 1 1 1 2 2 2 2 2 2 1 1 0 0 0 0
 4 4 4 2 2 3 3 3 4 4 2 2 2 1 2 2 2 2 3 4 4 4 8 8 7 7 4 1 1 1 1 1 1 1 1 1 1 2 1 1 0 0 0 0 0 0
 4 4 4 2 2 3 3 3 4 4 2 2 2 1 2 2 2 2 3 4 4 4 8 8 7 7 4 1 1 1 1 1 1 1 1 1 1 2 1 1 0 0 0 0 0 0
 5 5 4 3 3 5 4 4 5 5 4 4 4 2 3 3 4 4 4 5 5 7 6 6 7 7 7 6 6 5 4 4 4 4 3 2 2 2 1 1 1 1 0 0 0 0
 6 6 4 4 4 5 4 4 4 4 5 5 5 4 3 3 6 6 6 7 7 7 7 7 10 10 17 20 20 22 21 21 20 20 13 8 8 6 5 5 4 4 3 3 3 3
 6 6 4 4 4 5 4 4 4 4 5 5 5 4 3 3 6 6 6 7 7 7 7 7 10 10 17 20 20 22 21 21 20 20 13 8 8 6 5 5 4 4 3 3 3 3
 5 5 5 5 5 5 5 5 4 4 5 4 4 4 1 1 2 2 2 2 2 3 3 3 7 7 11 12 12 16 19 19 21 21 16 11 11 9 7 7 6 6 5 6 6 6
 6 6 4 6 6 5 5 5 5 5 6 6 6 5 5 5 0 0 0 0 0 1 1 1 2 2 4 3 3 4 4 4 4 4 5 6 6 6 4 4 4 4 4 6 6 6
 6 6 4 6 6 5 5 5 5 5 6 6 6 5 5 5 0 0 0 0 0 1 1 1 2 2 4 3 3 4 4 4 4 4 5 6 6 6 4 4 4 4 4 6 6 6
 6 6 5 5 5 5 5 5 5 5 6 7 7 6 5 5 0 0 0 0 0 2 1 1 5 5 2 1 1 1 0 0 1 1 4 2 2 2 1 1 1 1 1 1 1 2
 6 6 5 5 5 5 5 5 5 5 6 7 7 6 5 5 0 0 0 0 0 2 1 1 5 5 2 1 1 1 0 0 1 1 4 2 2 2 1 1 1 1 1 1 1 2
 4 4 4 4 4 4 5 5 5 5 5 6 6 5 5 5 1 1 0 0 0 1 4 4 5 5 2 2 2 1 0 0 0 0 1 7 7 1 0 0 1 1 0 0 0 0
 4 4 3 4 4 6 4 4 4 4 4 4 4 4 5 5 3 3 1 0 0 0 1 1 0 0 2 2 2 1 0 0 0 0 0 2 2 6 1 1 6 6 0 0 0 0
 4 4 3 4 4 6 4 4 4 4 4 4 4 4 5 5 3 3 1 0 0 0 1 1 0 0 2 2 2 1 0 0 0 0 0 2 2 6 1 1 6 6 0 0 0 0
 4 4 3 3 3 5 4 4 3 3 3 3 3 3 2 2 2 2 1 1 1 0 1 1 1 1 1 2 2 1 0 0 0 0 1 1 1 1 1 1 2 2 0 0 0 0
 3 3 2 2 2 3 4 4 4 4 2 3 3 3 2 2 2 2 1 1 1 1 1 1 1 1 0 1 1 2 1 1 1 1 1 1 1 6 1 1 4 4 2 1 1 0
 3 3 2 2 2 3 4 4 4 4 2 3 3 3 2 2 2 2 1 1 1 1 1 1 1 1 0 1 1 2 1 1 1 1 1 1 1 6 1 1 4 4 2 1 1 0
 2 2 1 2 2 2 3 3 2 2 2 3 3 4 3 3 2 2 1 1 1 1 1 1 1 1 0 2 2 3 1 1 1 1 1 1 1 2 8 8 5 5 1 4 4 1
 2 2 1 2 2 2 3 3 2 2 2 3 3 4 3 3 2 2 1 1 1 1 1 1 1 1 0 2 2 3 1 1 1 1 1 1 1 2 8 8 5 5 1 4 4 1
 1 1 1 2 2 2 3 3 4 4 2 2 2 3 4 4 2 2 2 2 2 1 1 1 1 1 1 1 1 1 2 2 1 1 1 1 1 1 2 2 8 8 6 1 1 0
 1 1 1 2 2 2 4 4 6 6 4 4 4 3 3 3 3 3 2 1 1 1 2 2 1 1 1 1 1 2 3 3 3 3 2 1 1 2 2 2 1 1 0 1 1 0
 1 1 1 2 2 2 4 4 6 6 4 4 4 3 3 3 3 3 2 1 1 1 2 2 1 1 1 1 1 2 3 3 3 3 2 1 1 2 2 2 1 1 0 1 1 0
 2 2 2 2 2 2 4 4 8 8 5 4 4 4 5 5 4 4 2 1 1 1 1 1 1 1 1 1 1 1 3 3 2 2 2 2 2 2 1 1 2 2 1 1 1 2
 2 2 3 3 3 3 5 5 7 7 6 3 3 3 4 4 4 4 2 2 2 1 1 1 0 0 0 1 1 1 1 1 1 1 2 1 1 1 1 1 1 1 5 1 1 1
 2 2 3 3 3 3 5 5 7 7 6 3 3 3 4 4 4 4 2 2 2 1 1 1 0 0 0 1 1 1 1 1 1 1 2 1 1 1 1 1 1 1 5 1 1 1
 2 2 4 2 2 3 4 4 6 6 7 3 3 2 2 2 3 3 1 1 1 1 0 0 0 0 0 1 1 0 1 1 0 0 1 1 1 1 1 1 1 1 1 1 1 1
 2 2 4 2 2 3 4 4 6 6 7 3 3 2 2 2 3 3 1 1 1 1 0 0 0 0 0 1 1 0 1 1 0 0 1 1 1 1 1 1 1 1 1 1 1 1
 1 1 2 1 1 3 5 5 5 5 4 2 2 1 1 1 2 2 1 0 0 1 0 0 0 0 0 0 0 0 2 2 0 0 2 1 1 1 1 1 1 1 1 1 1 4
 1 1 1 1 1 2 4 4 3 3 2 2 2 1 1 1 0 0 0 0 0 0 0 0 0 0 0 0 0 0 1 1 1 1 1 1 1 2 1 1 1 1 1 1 1 2
 1 1 1 1 1 2 4 4 3 3 2 2 2 1 1 1 0 0 0 0 0 0 0 0 0 0 0 0 0 0 1 1 1 1 1 1 1 2 1 1 1 1 1 1 1 2
 0 0 0 1 1 2 3 3 2 2 2 2 2 2 1 1 1 1 1 1 1 0 0 0 0 0 1 0 0 0 0 0 0 0 2 1 1 1 1 1 1 1 1 0 0 1
 0 0 0 0 0 1 2 2 2 2 2 3 3 2 3 3 4 4 3 1 1 0 0 0 0 0 0 0 0 0 0 0 0 0 2 0 0 1 1 1 1 1 1 0 0 1
