assets/RAT_results/precipitation/2021-11-29_IMERG.asc
ncols        46
nrows        77
xllcorner    74.800261325624
yllcorner    8.058333333333
cellsize     0.062500000000
NODATA_value -9999
 20 20 20 2 2 0 0 0 1 1 1 0 0 0 0 0 0 0 0 0 0 0 0 0 0 0 0 0 0 0 0 0 0 0 1 1 1 1 1 1 2 2 3 3 3 3
 2 2 2 0 0 0 0 0 0 0 0 0 0 0 0 0 0 0 0 0 0 0 0 0 0 0 1 0 0 0 0 0 0 0 0 1 1 1 1 1 2 2 2 2 2 1
 2 2 2 0 0 0 0 0 0 0 0 0 0 0 0 0 0 0 0 0 0 0 0 0 0 0 1 0 0 0 0 0 0 0 0 1 1 1 1 1 2 2 2 2 2 1
 2 2 2 1 1 0 1 1 1 1 1 0 0 0 0 0 0 0 0 1 1 1 0 0 0 0 1 0 0 0 0 0 0 0 0 1 1 1 1 1 1 1 1 2 2 1
 1 1 2 0 0 1 3 3 1 1 1 0 0 0 0 0 0 0 0 0 0 0 0 0 0 0 0 0 0 0 0 0 0 0 0 1 1 1 1 1 0 0 1 1 1 1
 1 1 2 0 0 1 3 3 1 1 1 0 0 0 0 0 0 0 0 0 0 0 0 0 0 0 0 0 0 0 0 0 0 0 0 1 1 1 1 1 0 0 1 1 1 1
 3 3 0 1 1 2 3 3 0 0 0 0 0 0 0 0 0 0 0 0 0 0 0 0 0 0 0 0 0 0 0 0 0 0 0 0 0 0 0 0 0 0 1 1 1 1
 3 3 0 1 1 2 3 3 0 0 0 0 0 0 0 0 0 0 0 0 0 0 0 0 0 0 0 0 0 0 0 0 0 0 0 0 0 0 0 0 0 0 1 1 1 1
 1 1 1 1 1 1 1 1 0 0 0 0 0 0 0 0 0 0 0 0 0 0 0 0 0 0 0 0 0 0 0 0 0 0 0 0 0 0 0 0 0 0 1 1 1 1
 1 1 1 2 2 1 1 1 1 1 1 1 1 0 0 0 0 0 1 1 1 0 1 1 0 0 0 0 0 0 0 0 0 0 0 0 0 0 0 0 0 0 1 2 2 2
 1 1 1 2 2 1 1 1 1 1 1 1 1 0 0 0 0 0 1 1 1 0 1 1 0 0 0 0 0 0 0 0 0 0 0 0 0 0 0 0 0 0 1 2 2 2
 1 1 2 2 2 2 1 1 1 1 1 1 1 0 0 0 0 0 1 1 1 1 0 0 0 0 0 0 0 0 0 0 0 0 0 0 0 0 0 0 0 0 1 2 2 3
 1 1 1 1 1 10 2 2 1 1 1 1 1 1 0 0 0 0 0 1 1 1 1 1 0 0 0 0 0 0 0 0 0 0 0 0 0 0 0 0 0 0 0 2 2 3
 1 1 1 1 1 10 2 2 1 1 1 1 1 1 0 0 0 0 0 1 1 1 1 1 0 0 0 0 0 0 0 0 0 0 0 0 0 0 0 0 0 0 0 2 2 3
 1 1 2 10 10 10 9 9 1 1 1 1 1 1 1 1 0 0 0 0 0 1 1 1 1 1 1 0 0 0 0 0 0 0 0 1 1 1 1 1 1 1 1 2 2 8
 1 1 2 10 10 10 9 9 1 1 1 1 1 1 1 1 0 0 0 0 0 1 1 1 1 1 1 0 0 0 0 0 0 0 0 1 1 1 1 1 1 1 1 2 2 8
 1 1 1 0 0 23 11 11 13 13 2 2 2 1 1 1 0 0 0 0 0 0 1 1 1 1 1 1 1 1 0 0 0 0 0 1 1 1 1 1 1 1 1 1 1 2
 1 1 11 11 11 34 22 22 22 22 10 1 1 2 1 1 1 1 0 0 0 0 0 0 1 1 1 2 2 1 1 1 3 3 1 1 1 1 1 1 1 1 1 1 1 3
 1 1 11 11 11 34 22 22 22 22 10 1 1 2 1 1 1 1 0 0 0 0 0 0 1 1 1 2 2 1 1 1 3 3 1 1 1 1 1 1 1 1 1 1 1 3
 1 1 22 22 22 19 12 12 13 13 8 2 2 2 1 1 1 1 1 1 1 1 1 1 1 1 1 2 2 4 4 4 5 5 2 1 1 0 1 1 1 1 1 1 1 2
 6 6 22 21 21 19 25 25 15 15 14 3 3 3 4 4 2 2 2 2 2 1 1 1 1 1 2 3 3 5 3 3 3 3 2 1 1 1 1 1 1 1 1 1 1 3
 6 6 22 21 21 19 25 25 15 15 14 3 3 3 4 4 2 2 2 2 2 1 1 1 1 1 2 3 3 5 3 3 3 3 2 1 1 1 1 1 1 1 1 1 1 3
 6 6 3 0 0 0 0 0 16 16 18 4 4 5 6 6 7 7 3 2 2 3 2 2 2 2 3 4 4 4 3 3 2 2 1 1 1 1 1 1 1 1 2 2 2 2
 6 6 3 0 0 0 0 0 16 16 18 4 4 5 6 6 7 7 3 2 2 3 2 2 2 2 3 4 4 4 3 3 2 2 1 1 1 1 1 1 1 1 2 2 2 2
 5 5 3 0 0 0 0 0 16 16 19 12 12 3 8 8 9 9 3 3 3 3 2 2 2 2 2 2 2 2 1 1 2 2 2 1 1 1 1 1 1 1 2 2 2 3
 6 6 5 1 1 6 3 3 14 14 21 20 20 3 5 5 5 5 5 3 3 2 1 1 2 2 1 1 1 1 1 1 1 1 1 1 1 1 1 1 1 1 1 2 2 1
 6 6 5 1 1 6 3 3 14 14 21 20 20 3 5 5 5 5 5 3 3 2 1 1 2 2 1 1 1 1 1 1 1 1 1 1 1 1 1 1 1 1 1 2 2 1
 7 7 5 5 5 4 4 4 15 15 21 20 20 3 2 2 4 4 8 6 6 2 2 2 1 1 1 0 0 1 0 0 0 0 0 0 0 1 1 1 1 1 2 5 5 2
 8 8 7 6 6 4 4 4 1 1 0 0 0 4 4 4 3 3 5 3 3 1 1 1 1 1 1 0 0 1 0 0 0 0 0 0 0 0 0 0 0 0 1 2 2 2
 8 8 7 6 6 4 4 4 1 1 0 0 0 4 4 4 3 3 5 3 3 1 1 1 1 1 1 0 0 1 0 0 0 0 0 0 0 0 0 0 0 0 1 2 2 2
 10 10 7 6 6 19 6 6 4 4 0 0 0 4 4 4 4 4 2 2 2 1 1 1 0 0 0 0 0 0 1 1 1 1 0 0 0 0 1 1 1 1 1 0 0 0
 10 10 7 6 6 19 6 6 4 4 0 0 0 4 4 4 4 4 2 2 2 1 1 1 0 0 0 0 0 0 1 1 1 1 0 0 0 0 1 1 1 1 1 0 0 0
 9 9 8 25 25 19 7 7 5 5 0 0 0 1 4 4 4 4 2 2 2 1 1 1 0 0 0 1 1 1 1 1 1 1 1 1 1 1 1 1 1 1 1 1 1 0
 10 10 8 26 26 24 29 29 2 2 0 0 0 0 3 3 3 3 1 1 1 1 1 1 1 1 0 1 1 1 1 1 1 1 1 1 1 0 1 1 1 1 3 2 2 1
 10 10 8 26 26 24 29 29 2 2 0 0 0 0 3 3 3 3 1 1 1 1 1 1 1 1 0 1 1 1 1 1 1 1 1 1 1 0 1 1 1 1 3 2 2 1
 10 10 8 31 31 32 32 32 6 6 0 0 0 0 3 3 4 4 1 1 1 1 1 1 1 1 1 1 1 1 1 1 1 1 1 0 0 0 0 0 1 1 2 3 3 2
 9 9 7 32 32 32 32 32 6 6 31 30 30 24 4 4 4 4 12 2 2 1 1 1 1 1 1 2 2 2 1 1 1 1 1 1 1 0 1 1 0 0 1 2 2 3
 9 9 7 32 32 32 32 32 6 6 31 30 30 24 4 4 4 4 12 2 2 1 1 1 1 1 1 2 2 2 1 1 1 1 1 1 1 0 1 1 0 0 1 2 2 3
 10 10 7 7 7 5 6 6 6 6 24 31 31 27 2 2 3 3 10 4 4 4 1 1 2 2 2 1 1 1 1 1 1 1 1 1 1 1 1 1 2 2 3 3 3 6
 10 10 7 7 7 5 6 6 6 6 24 31 31 27 2 2 3 3 10 4 4 4 1 1 2 2 2 1 1 1 1 1 1 1 1 1 1 1 1 1 2 2 3 3 3 6
 9 9 6 4 4 4 11 11 6 6 24 27 27 27 14 14 5 5 5 3 3 3 1 1 2 2 2 3 3 1 1 1 1 1 1 2 2 4 3 3 4 4 11 11 11 5
 8 8 5 3 3 3 10 10 20 20 19 25 25 24 24 24 2 2 5 2 2 4 2 2 4 4 8 7 7 5 2 2 1 1 3 6 6 7 7 7 6 6 29 13 13 12
 8 8 5 3 3 3 10 10 20 20 19 25 25 24 24 24 2 2 5 2 2 4 2 2 4 4 8 7 7 5 2 2 1 1 3 6 6 7 7 7 6 6 29 13 13 12
 8 8 4 17 17 17 30 30 34 34 34 26 26 24 24 24 3 3 3 2 2 4 3 3 4 4 8 8 8 7 3 3 5 5 7 7 7 13 10 10 13 13 25 27 27 14
 7 7 5 12 12 17 30 30 34 34 34 35 35 33 33 33 28 28 1 2 2 3 4 4 4 4 5 5 5 8 5 5 7 7 7 12 12 18 13 13 25 25 15 13 13 14
 7 7 5 12 12 17 30 30 34 34 34 35 35 33 33 33 28 28 1 2 2 3 4 4 4 4 5 5 5 8 5 5 7 7 7 12 12 18 13 13 25 25 15 13 13 14
 5 5 5 12 12 37 37 37 42 42 38 40 40 29 34 34 31 31 3 2 2 2 7 7 8 8 5 5 5 8 6 6 8 8 12 11 11 15 16 16 19 19 28 12 12 32
 5 5 5 12 12 37 37 37 42 42 38 40 40 29 34 34 31 31 3 2 2 2 7 7 8 8 5 5 5 8 6 6 8 8 12 11 11 15 16 16 19 19 28 12 12 32
 5 5 5 3 3 24 38 38 43 43 39 40 40 30 23 23 25 25 5 6 6 8 7 7 9 9 5 8 8 6 6 6 10 10 17 18 18 19 24 24 48 48 24 13 13 74
 5 5 3 4 4 24 36 36 36 36 32 20 20 20 13 13 11 11 11 9 9 6 11 11 14 14 8 7 7 5 7 7 9 9 16 17 17 19 44 44 25 25 72 19 19 67
 5 5 3 4 4 24 36 36 36 36 32 20 20 20 13 13 11 11 11 9 9 6 11 11 14 14 8 7 7 5 7 7 9 9 16 17 17 19 44 44 25 25 72 19 19 67
 6 6 6 6 6 9 17 17 16 16 10 6 6 22 17 17 15 15 14 7 7 5 11 11 16 16 20 11 11 4 6 6 9 9 18 14 14 23 30 30 28 28 44 23 23 37
 5 5 7 8 8 8 18 18 17 17 9 5 5 8 13 13 22 22 22 15 15 14 9 9 18 18 18 13 13 5 9 9 10 10 12 12 12 20 25 25 24 24 26 22 22 31
 5 5 7 8 8 8 18 18 17 17 9 5 5 8 13 13 22 22 22 15 15 14 9 9 18 18 18 13 13 5 9 9 10 10 12 12 12 20 25 25 24 24 26 22 22 31
 6 6 8 11 11 10 9 9 7 7 6 4 4 5 7 7 10 10 18 14 14 15 4 4 7 7 5 8 8 7 11 11 11 11 10 16 16 18 23 23 27 27 28 35 35 35
 6 6 8 11 11 10 9 9 7 7 6 4 4 5 7 7 10 10 18 14 14 15 4 4 7 7 5 8 8 7 11 11 11 11 10 16 16 18 23 23 27 27 28 35 35 35
 7 7 7 15 15 15 14 14 9 9 6 3 3 3 3 3 3 3 5 3 3 2 6 6 11 11 6 7 7 8 9 9 11 11 14 17 17 18 29 29 24 24 33 37 37 35
 8 8 14 21 21 22 12 12 8 8 5 4 4 2 2 2 1 1 2 3 3 3 7 7 7 7 6 6 6 10 12 12 16 16 18 21 21 21 30 30 32 32 31 37 37 36
 8 8 14 21 21 22 12 12 8 8 5 4 4 2 2 2 1 1 2 3 3 3 7 7 7 7 6 6 6 10 12 12 16 16 18 21 21 21 30 30 32 32 31 37 37 36
 8 8 11 20 20 11 11 11 5 5 4 4 4 2 2 2 2 2 2 2 2 2 2 2 7 7 10 7 7 9 12 12 17 17 17 21 21 35 33 33 42 42 41 53 53 37
 2 2 6 7 7 6 6 6 4 4 4 2 2 2 2 2 1 1 0 0 0 0 1 1 4 4 7 7 7 8 14 14 16 16 25 23 23 40 40 40 60 60 43 55 55 58
 2 2 6 7 7 6 6 6 4 4 4 2 2 2 2 2 1 1 0 0 0 0 1 1 4 4 7 7 7 8 14 14 16 16 25 23 23 40 40 40 60 60 43 55 55 58
 1 1 1 3 3 2 4 4 2 2 3 1 1 2 1 1 1 1 0 0 0 0 0 0 4 4 4 8 8 8 12 12 15 15 20 24 24 39 41 41 62 62 57 54 54 68
 1 1 1 3 3 2 4 4 2 2 3 1 1 2 1 1 1 1 0 0 0 0 0 0 4 4 4 8 8 8 12 12 15 15 20 24 24 39 41 41 62 62 57 54 54 68
 1 1 1 2 2 2 2 2 2 2 2 2 2 1 1 1 1 1 1 0 0 0 1 1 1 1 4 4 4 8 9 9 15 15 21 19 19 37 49 49 49 49 56 55 55 54
 1 1 2 2 2 1 2 2 2 2 2 2 2 1 2 2 1 1 1 1 1 1 1 1 1 1 4 5 5 9 11 11 13 13 16 17 17 19 40 40 49 49 54 53 53 56
 1 1 2 2 2 1 2 2 2 2 2 2 2 1 2 2 1 1 1 1 1 1 1 1 1 1 4 5 5 9 11 11 13 13 16 17 17 19 40 40 49 49 54 53 53 56
 0 0 1 2 2 2 1 1 1 1 1 1 1 2 2 2 2 2 2 2 2 2 1 1 1 1 2 4 4 5 12 12 13 13 13 17 17 18 36 36 48 48 50 44 44 45
 0 0 1 2 2 2 2 2 1 1 2 1 1 3 2 2 2 2 2 2 2 1 1 1 1 1 1 3 3 5 6 6 11 11 11 15 15 19 17 17 28 28 29 43 43 44
 0 0 1 2 2 2 2 2 1 1 2 1 1 3 2 2 2 2 2 2 2 1 1 1 1 1 1 3 3 5 6 6 11 11 11 15 15 19 17 17 28 28 29 43 43 44
 0 0 1 1 1 1 1 1 1 1 1 1 1 1 2 2 2 2 2 1 1 1 3 3 2 2 1 1 1 4 5 5 11 11 11 13 13 16 18 18 28 28 29 31 31 37
 0 0 1 1 1 1 1 1 1 1 1 1 1 1 2 2 2 2 2 1 1 1 3 3 2 2 1 1 1 4 5 5 11 11 11 13 13 16 18 18 28 28 29 31 31 37
 0 0 1 2 2 1 1 1 1 1 1 1 1 1 2 2 2 2 1 2 2 1 2 2 1 1 0 0 0 20 23 23 11 11 13 14 14 14 12 12 14 14 28 17 17 35
 1 1 1 2 2 1 1 1 1 1 1 1 1 1 1 1 1 1 1 1 1 2 1 1 0 0 0 0 0 20 1 1 6 6 9 9 9 14 12 12 15 15 16 16 16 20
 1 1 1 2 2 1 1 1 1 1 1 1 1 1 1 1 1 1 1 1 1 2 1 1 0 0 0 0 0 20 1 1 6 6 9 9 9 14 12 12 15 15 16 16 16 20
 1 1 0 2 2 1 1 1 1 1 1 1 1 1 1 1 1 1 1 1 1 1 2 2 2 2 1 1 1 1 1 1 1 1 8 9 9 10 14 14 14 14 15 17 17 22
 0 0 0 2 2 2 1 1 2 2 2 0 0 1 1 1 1 1 1 1 1 2 2 2 3 3 2 1 1 1 2 2 1 1 1 7 7 9 16 16 26 26 30 24 24 29
