assets/RAT_results/precipitation/2021-10-21_IMERG.asc
ncols        46
nrows        77
xllcorner    74.800261325624
yllcorner    8.058333333333
cellsize     0.062500000000
NODATA_value -9999
 26 26 32 31 31 93 69 69 70 70 29 28 28 29 35 35 21 21 22 12 12 22 22 22 26 26 22 25 25 48 56 56 11 11 10 1 1 1 0 0 0 0 0 1 1 1
 25 25 27 25 25 26 66 66 64 64 26 27 27 27 21 21 17 17 13 11 11 21 19 19 20 20 20 34 34 36 15 15 10 10 9 1 1 1 2 2 2 2 1 1 1 1
 25 25 27 25 25 26 66 66 64 64 26 27 27 27 21 21 17 17 13 11 11 21 19 19 20 20 20 34 34 36 15 15 10 10 9 1 1 1 2 2 2 2 1 1 1 1
 26 26 26 16 16 14 15 15 13 13 11 14 14 15 14 14 10 10 4 2 2 1 6 6 19 19 19 31 31 4 2 2 1 1 1 0 0 1 2 2 2 2 1 0 0 1
 17 17 15 17 17 14 18 18 10 10 7 8 8 8 12 12 6 6 3 1 1 1 0 0 1 1 2 5 5 5 2 2 1 1 4 3 3 1 2 2 2 2 1 1 1 1
 17 17 15 17 17 14 18 18 10 10 7 8 8 8 12 12 6 6 3 1 1 1 0 0 1 1 2 5 5 5 2 2 1 1 4 3 3 1 2 2 2 2 1 1 1 1
 11 11 10 11 11 12 10 10 9 9 10 9 9 12 14 14 3 3 1 1 1 1 1 1 0 0 2 2 2 1 1 1 1 1 5 5 5 2 1 1 3 3 2 2 2 2
 11 11 10 11 11 12 10 10 9 9 10 9 9 12 14 14 3 3 1 1 1 1 1 1 0 0 2 2 2 1 1 1 1 1 5 5 5 2 1 1 3 3 2 2 2 2
 10 10 7 10 10 12 10 10 6 6 7 10 10 14 12 12 5 5 2 1 1 2 2 2 0 0 2 1 1 1 0 0 0 0 5 4 4 1 2 2 2 2 2 3 3 3
 6 6 6 11 11 7 5 5 5 5 5 8 8 8 7 7 6 6 2 0 0 10 2 2 12 12 1 1 1 0 0 0 0 0 4 3 3 3 2 2 1 1 1 2 2 2
 6 6 6 11 11 7 5 5 5 5 5 8 8 8 7 7 6 6 2 0 0 10 2 2 12 12 1 1 1 0 0 0 0 0 4 3 3 3 2 2 1 1 1 2 2 2
 2 2 3 5 5 3 4 4 5 5 3 6 6 5 9 9 8 8 4 31 31 7 1 1 1 1 1 3 3 2 2 2 2 2 1 2 2 3 2 2 1 1 1 1 1 2
 1 1 2 3 3 2 3 3 1 1 1 2 2 4 1 1 0 0 4 26 26 6 2 2 2 2 4 5 5 7 4 4 2 2 2 3 3 3 4 4 3 3 1 3 3 4
 1 1 2 3 3 2 3 3 1 1 1 2 2 4 1 1 0 0 4 26 26 6 2 2 2 2 4 5 5 7 4 4 2 2 2 3 3 3 4 4 3 3 1 3 3 4
 1 1 1 1 1 1 3 3 2 2 1 1 1 1 1 1 1 1 5 36 36 8 2 2 4 4 5 6 6 11 9 9 8 8 6 5 5 5 5 5 5 5 3 3 3 4
 1 1 1 1 1 1 3 3 2 2 1 1 1 1 1 1 1 1 5 36 36 8 2 2 4 4 5 6 6 11 9 9 8 8 6 5 5 5 5 5 5 5 3 3 3 4
 1 1 1 1 1 2 2 2 3 3 1 1 1 1 1 1 3 3 12 43 43 6 3 3 4 4 5 8 8 9 11 11 13 13 13 11 11 16 12 12 16 16 11 22 22 19
 1 1 1 1 1 2 2 2 2 2 3 1 1 1 0 0 1 1 9 21 21 10 3 3 4 4 6 5 5 8 8 8 13 13 13 17 17 18 29 29 27 27 33 22 22 18
 1 1 1 1 1 2 2 2 2 2 3 1 1 1 0 0 1 1 9 21 21 10 3 3 4 4 6 5 5 8 8 8 13 13 13 17 17 18 29 29 27 27 33 22 22 18
 1 1 1 1 1 2 4 4 2 2 1 2 2 1 1 1 0 0 3 2 2 1 2 2 7 7 6 6 6 5 6 6 10 10 10 12 12 13 18 18 28 28 53 49 49 42
 1 1 1 2 2 3 3 3 2 2 2 3 3 3 2 2 1 1 3 4 4 3 7 7 7 7 8 10 10 7 6 6 9 9 10 12 12 15 12 12 24 24 48 47 47 27
 1 1 1 2 2 3 3 3 2 2 2 3 3 3 2 2 1 1 3 4 4 3 7 7 7 7 8 10 10 7 6 6 9 9 10 12 12 15 12 12 24 24 48 47 47 27
 1 1 1 3 3 4 2 2 2 2 2 2 2 5 4 4 3 3 4 3 3 3 7 7 13 13 10 6 6 7 7 7 5 5 4 9 9 16 11 11 22 22 22 42 42 25
 1 1 1 3 3 4 2 2 2 2 2 2 2 5 4 4 3 3 4 3 3 3 7 7 13 13 10 6 6 7 7 7 5 5 4 9 9 16 11 11 22 22 22 42 42 25
 3 3 2 3 3 3 2 2 2 2 2 3 3 4 6 6 4 4 4 5 5 6 7 7 13 13 9 9 9 11 7 7 7 7 6 14 14 23 22 22 22 22 35 29 29 29
 4 4 3 5 5 4 3 3 2 2 3 5 5 6 8 8 7 7 7 5 5 10 10 10 18 18 15 14 14 13 10 10 4 4 6 18 18 18 34 34 35 35 34 28 28 28
 4 4 3 5 5 4 3 3 2 2 3 5 5 6 8 8 7 7 7 5 5 10 10 10 18 18 15 14 14 13 10 10 4 4 6 18 18 18 34 34 35 35 34 28 28 28
 4 4 3 5 5 6 5 5 6 6 4 4 4 7 10 10 8 8 9 6 6 10 8 8 15 15 24 14 14 16 11 11 5 5 8 17 17 18 29 29 37 37 26 16 16 16
 4 4 3 4 4 6 7 7 7 7 7 6 6 9 12 12 11 11 11 8 8 9 10 10 16 16 17 15 15 21 20 20 10 10 18 28 28 23 36 36 35 35 25 9 9 5
 4 4 3 4 4 6 7 7 7 7 7 6 6 9 12 12 11 11 11 8 8 9 10 10 16 16 17 15 15 21 20 20 10 10 18 28 28 23 36 36 35 35 25 9 9 5
 1 1 3 3 3 5 8 8 9 9 7 14 14 10 13 13 14 14 13 12 12 11 11 11 30 30 35 44 44 28 34 34 15 15 24 21 21 17 14 14 15 15 9 9 9 6
 1 1 3 3 3 5 8 8 9 9 7 14 14 10 13 13 14 14 13 12 12 11 11 11 30 30 35 44 44 28 34 34 15 15 24 21 21 17 14 14 15 15 9 9 9 6
 1 1 2 3 3 4 6 6 10 10 20 34 34 31 16 16 15 15 15 14 14 12 12 12 11 11 35 23 23 23 31 31 29 29 26 20 20 19 17 17 16 16 8 8 8 8
 1 1 2 4 4 5 7 7 11 11 20 29 29 26 26 26 19 19 15 16 16 15 10 10 11 11 19 19 19 18 18 18 23 23 21 15 15 15 12 12 12 12 9 9 9 9
 1 1 2 4 4 5 7 7 11 11 20 29 29 26 26 26 19 19 15 16 16 15 10 10 11 11 19 19 19 18 18 18 23 23 21 15 15 15 12 12 12 12 9 9 9 9
 1 1 2 3 3 4 5 5 9 9 11 20 20 19 26 26 27 27 25 16 16 8 8 8 8 8 10 10 10 17 19 19 21 21 22 17 17 17 12 12 11 11 11 9 9 25
 1 1 1 2 2 3 4 4 6 6 6 7 7 15 33 33 19 19 19 5 5 6 7 7 6 6 8 10 10 16 15 15 15 15 20 22 22 22 24 24 13 13 7 15 15 48
 1 1 1 2 2 3 4 4 6 6 6 7 7 15 33 33 19 19 19 5 5 6 7 7 6 6 8 10 10 16 15 15 15 15 20 22 22 22 24 24 13 13 7 15 15 48
 1 1 1 2 2 2 2 2 2 2 3 4 4 24 22 22 9 9 12 6 6 6 7 7 6 6 9 11 11 17 19 19 21 21 19 23 23 22 19 19 11 11 7 43 43 39
 1 1 1 2 2 2 2 2 2 2 3 4 4 24 22 22 9 9 12 6 6 6 7 7 6 6 9 11 11 17 19 19 21 21 19 23 23 22 19 19 11 11 7 43 43 39
 1 1 1 1 1 1 1 1 2 2 2 2 2 3 1 1 1 1 7 10 10 11 6 6 6 6 10 12 12 24 22 22 24 24 17 17 17 19 12 12 8 8 26 34 34 34
 0 0 0 1 1 1 1 1 1 1 1 0 0 2 0 0 2 2 7 8 8 9 7 7 7 7 6 7 7 16 28 28 30 30 25 20 20 15 20 20 35 35 29 34 34 34
 0 0 0 1 1 1 1 1 1 1 1 0 0 2 0 0 2 2 7 8 8 9 7 7 7 7 6 7 7 16 28 28 30 30 25 20 20 15 20 20 35 35 29 34 34 34
 0 0 0 0 0 1 1 1 1 1 0 0 0 1 1 1 1 1 2 6 6 9 8 8 7 7 8 8 8 11 24 24 20 20 20 19 19 18 14 14 13 13 5 6 6 5
 0 0 0 0 0 0 1 1 1 1 1 1 1 1 1 1 1 1 2 5 5 10 12 12 9 9 13 15 15 20 20 20 25 25 25 28 28 21 14 14 8 8 5 2 2 1
 0 0 0 0 0 0 1 1 1 1 1 1 1 1 1 1 1 1 2 5 5 10 12 12 9 9 13 15 15 20 20 20 25 25 25 28 28 21 14 14 8 8 5 2 2 1
 0 0 0 0 0 0 0 0 1 1 2 1 1 0 1 1 0 0 1 4 4 8 12 12 10 10 12 17 17 21 22 22 22 22 20 25 25 22 9 9 9 9 5 2 2 2
 0 0 0 0 0 0 0 0 1 1 2 1 1 0 1 1 0 0 1 4 4 8 12 12 10 10 12 17 17 21 22 22 22 22 20 25 25 22 9 9 9 9 5 2 2 2
 0 0 0 0 0 0 0 0 0 0 1 1 1 0 0 0 1 1 2 4 4 8 11 11 10 10 13 17 17 24 24 24 19 19 16 16 16 16 8 8 5 5 4 4 4 3
 0 0 0 0 0 0 0 0 0 0 0 0 0 1 1 1 1 1 1 4 4 6 8 8 11 11 14 16 16 21 20 20 12 12 8 9 9 8 6 6 6 6 5 5 5 5
 0 0 0 0 0 0 0 0 0 0 0 0 0 1 1 1 1 1 1 4 4 6 8 8 11 11 14 16 16 21 20 20 12 12 8 9 9 8 6 6 6 6 5 5 5 5
 0 0 0 0 0 0 0 0 0 0 0 0 0 0 1 1 1 1 1 1 1 2 5 5 9 9 10 13 13 16 15 15 10 10 9 6 6 7 7 7 7 7 7 6 6 6
 0 0 0 0 0 0 0 0 0 0 0 0 0 0 0 0 1 1 1 1 1 2 4 4 9 9 11 11 11 12 15 15 20 20 15 15 15 16 17 17 13 13 11 11 11 10
 0 0 0 0 0 0 0 0 0 0 0 0 0 0 0 0 1 1 1 1 1 2 4 4 9 9 11 11 11 12 15 15 20 20 15 15 15 16 17 17 13 13 11 11 11 10
 1 1 1 0 0 0 0 0 0 0 0 0 0 0 0 0 1 1 1 1 1 2 3 3 7 7 9 10 10 12 13 13 24 24 19 17 17 18 22 22 18 18 16 17 17 15
 1 1 1 0 0 0 0 0 0 0 0 0 0 0 0 0 1 1 1 1 1 2 3 3 7 7 9 10 10 12 13 13 24 24 19 17 17 18 22 22 18 18 16 17 17 15
 2 2 2 0 0 0 0 0 0 0 0 0 0 1 1 1 1 1 1 1 1 1 2 2 5 5 6 10 10 11 20 20 30 30 24 19 19 22 25 25 20 20 19 19 19 16
 4 4 3 1 1 0 1 1 1 1 0 1 1 1 1 1 1 1 1 1 1 2 3 3 4 4 11 11 11 10 18 18 24 24 21 30 30 21 25 25 27 27 19 16 16 14
 4 4 3 1 1 0 1 1 1 1 0 1 1 1 1 1 1 1 1 1 1 2 3 3 4 4 11 11 11 10 18 18 24 24 21 30 30 21 25 25 27 27 19 16 16 14
 3 3 2 2 2 2 2 2 1 1 0 1 1 1 2 2 2 2 2 3 3 4 7 7 8 8 11 16 16 14 16 16 16 16 25 26 26 14 28 28 28 28 16 11 11 10
 1 1 0 2 2 1 1 1 0 0 1 1 1 2 4 4 4 4 5 6 6 6 4 4 6 6 6 17 17 15 17 17 15 15 21 23 23 20 22 22 19 19 13 7 7 9
 1 1 0 2 2 1 1 1 0 0 1 1 1 2 4 4 4 4 5 6 6 6 4 4 6 6 6 17 17 15 17 17 15 15 21 23 23 20 22 22 19 19 13 7 7 9
 0 0 1 1 1 1 0 0 1 1 3 3 3 6 5 5 4 4 4 2 2 2 2 2 2 2 11 18 18 18 21 21 19 19 23 22 22 13 18 18 16 16 9 10 10 15
 0 0 1 1 1 1 0 0 1 1 3 3 3 6 5 5 4 4 4 2 2 2 2 2 2 2 11 18 18 18 21 21 19 19 23 22 22 13 18 18 16 16 9 10 10 15
 0 0 0 0 0 1 0 0 1 1 3 2 2 3 2 2 2 2 2 1 1 2 2 2 2 2 5 8 8 25 24 24 21 21 26 24 24 112 10 10 12 12 6 12 12 14
 0 0 0 0 0 1 1 1 1 1 3 2 2 2 1 1 1 1 1 2 2 2 3 3 4 4 8 8 8 24 23 23 25 25 28 107 107 104 26 26 24 24 9 10 10 7
 0 0 0 0 0 1 1 1 1 1 3 2 2 2 1 1 1 1 1 2 2 2 3 3 4 4 8 8 8 24 23 23 25 25 28 107 107 104 26 26 24 24 9 10 10 7
 0 0 0 0 0 0 1 1 1 1 2 2 2 1 1 1 1 1 1 2 2 3 5 5 6 6 7 7 7 7 12 12 27 27 27 110 110 107 28 28 27 27 26 12 12 12
 0 0 0 0 0 0 0 0 0 0 1 2 2 0 0 0 1 1 1 1 1 2 5 5 4 4 5 6 6 6 6 6 23 23 24 42 42 40 32 32 27 27 26 16 16 16
 0 0 0 0 0 0 0 0 0 0 1 2 2 0 0 0 1 1 1 1 1 2 5 5 4 4 5 6 6 6 6 6 23 23 24 42 42 40 32 32 27 27 26 16 16 16
 0 0 0 0 0 0 0 0 0 0 1 1 1 1 0 0 1 1 1 1 1 1 2 2 3 3 2 3 3 4 4 4 6 6 26 40 40 20 13 13 11 11 10 14 14 13
 0 0 0 0 0 0 0 0 0 0 1 1 1 1 0 0 1 1 1 1 1 1 2 2 3 3 2 3 3 4 4 4 6 6 26 40 40 20 13 13 11 11 10 14 14 13
 0 0 0 0 0 0 0 0 0 0 1 1 1 0 0 0 0 0 1 1 1 1 1 1 2 2 3 2 2 3 4 4 5 5 16 13 13 21 7 7 11 11 8 7 7 7
 0 0 0 0 0 0 0 0 0 0 1 0 0 0 0 0 1 1 1 1 1 1 1 1 1 1 2 3 3 2 3 3 3 3 4 4 4 10 7 7 11 11 9 7 7 8
 0 0 0 0 0 0 0 0 0 0 1 0 0 0 0 0 1 1 1 1 1 1 1 1 1 1 2 3 3 2 3 3 3 3 4 4 4 10 7 7 11 11 9 7 7 8
 0 0 0 0 0 2 0 0 0 0 1 0 0 0 0 0 0 0 0 0 0 1 1 1 1 1 2 1 1 1 1 1 1 1 2 2 2 2 2 2 2 2 2 2 2 2
 1 1 1 0 0 2 93 93 93 93 0 0 0 0 0 0 0 0 0 0 0 0 0 0 0 0 0 0 0 1 0 0 0 0 0 1 1 0 1 1 1 1 1 0 0 1
