assets/RAT_results/precipitation/2021-07-12_IMERG.asc
ncols        46
nrows        77
xllcorner    74.800261325624
yllcorner    8.058333333333
cellsize     0.062500000000
NODATA_value -9999
 58 58 42 37 37 29 31 31 28 28 8 15 15 11 8 8 9 9 5 4 4 3 3 3 2 2 1 1 1 0 1 1 0 0 0 0 0 0 0 0 0 0 1 1 1 0
 55 55 38 21 21 25 31 31 27 27 13 16 16 9 10 10 8 8 6 4 4 4 3 3 2 2 1 1 1 1 0 0 0 0 0 0 0 0 0 0 0 0 0 0 0 0
 55 55 38 21 21 25 31 31 27 27 13 16 16 9 10 10 8 8 6 4 4 4 3 3 2 2 1 1 1 1 0 0 0 0 0 0 0 0 0 0 0 0 0 0 0 0
 43 43 28 15 15 21 30 30 23 23 20 19 19 13 13 13 14 14 6 5 5 3 3 3 2 2 2 0 0 1 0 0 1 1 1 0 0 0 0 0 0 0 0 0 0 0
 27 27 26 25 25 22 17 17 18 18 11 16 16 10 13 13 11 11 8 4 4 5 3 3 3 3 2 2 2 1 0 0 0 0 0 0 0 0 0 0 0 0 0 1 1 0
 27 27 26 25 25 22 17 17 18 18 11 16 16 10 13 13 11 11 8 4 4 5 3 3 3 3 2 2 2 1 0 0 0 0 0 0 0 0 0 0 0 0 0 1 1 0
 28 28 30 33 33 27 23 23 24 24 18 16 16 10 12 12 7 7 8 3 3 4 4 4 1 1 0 1 1 1 1 1 1 1 0 0 0 0 0 0 0 0 0 0 0 0
 28 28 30 33 33 27 23 23 24 24 18 16 16 10 12 12 7 7 8 3 3 4 4 4 1 1 0 1 1 1 1 1 1 1 0 0 0 0 0 0 0 0 0 0 0 0
 25 25 34 32 32 29 21 21 21 21 6 12 12 8 7 7 4 4 4 2 2 2 1 1 0 0 0 1 1 2 1 1 1 1 0 0 0 0 0 0 0 0 0 0 0 0
 33 33 28 29 29 18 9 9 12 12 7 10 10 7 3 3 2 2 4 2 2 2 2 2 2 2 1 0 0 1 1 1 1 1 0 0 0 0 0 0 0 0 0 0 0 0
 33 33 28 29 29 18 9 9 12 12 7 10 10 7 3 3 2 2 4 2 2 2 2 2 2 2 1 0 0 1 1 1 1 1 0 0 0 0 0 0 0 0 0 0 0 0
 48 48 37 37 37 38 10 10 18 18 8 9 9 9 5 5 3 3 4 2 2 2 2 2 2 2 1 1 1 1 1 1 0 0 0 0 0 0 0 0 0 0 0 0 0 0
 34 34 33 33 33 36 29 29 29 29 15 14 14 11 6 6 3 3 4 2 2 2 2 2 1 1 1 1 1 1 0 0 0 0 0 0 0 0 1 1 0 0 0 0 0 0
 34 34 33 33 33 36 29 29 29 29 15 14 14 11 6 6 3 3 4 2 2 2 2 2 1 1 1 1 1 1 0 0 0 0 0 0 0 0 1 1 0 0 0 0 0 0
 37 37 50 49 49 43 36 36 45 45 22 17 17 13 11 11 6 6 5 3 3 2 1 1 1 1 2 1 1 1 0 0 0 0 0 0 0 1 1 1 1 1 1 0 0 0
 37 37 50 49 49 43 36 36 45 45 22 17 17 13 11 11 6 6 5 3 3 2 1 1 1 1 2 1 1 1 0 0 0 0 0 0 0 1 1 1 1 1 1 0 0 0
 40 40 46 62 62 55 46 46 45 45 20 16 16 8 6 6 10 10 4 2 2 1 1 1 2 2 2 1 1 1 0 0 0 0 0 0 0 0 1 1 2 2 1 0 0 0
 27 27 42 58 58 58 56 56 21 21 21 26 26 18 14 14 17 17 13 11 11 4 1 1 2 2 1 1 1 1 1 1 1 1 1 0 0 1 1 1 1 1 1 0 0 0
 27 27 42 58 58 58 56 56 21 21 21 26 26 18 14 14 17 17 13 11 11 4 1 1 2 2 1 1 1 1 1 1 1 1 1 0 0 1 1 1 1 1 1 0 0 0
 33 33 45 45 45 58 38 38 26 26 25 28 28 28 23 23 14 14 11 12 12 7 2 2 2 2 1 1 1 1 2 2 2 2 1 1 1 1 1 1 1 1 0 1 1 0
 19 19 38 36 36 34 37 37 30 30 33 31 31 24 24 24 17 17 10 10 10 9 4 4 3 3 2 3 3 3 2 2 2 2 1 1 1 0 1 1 1 1 0 0 0 0
 19 19 38 36 36 34 37 37 30 30 33 31 31 24 24 24 17 17 10 10 10 9 4 4 3 3 2 3 3 3 2 2 2 2 1 1 1 0 1 1 1 1 0 0 0 0
 24 24 25 22 22 12 15 15 20 20 25 26 26 26 19 19 15 15 16 17 17 14 8 8 5 5 5 5 5 5 3 3 2 2 1 0 0 0 0 0 0 0 0 0 0 0
 24 24 25 22 22 12 15 15 20 20 25 26 26 26 19 19 15 15 16 17 17 14 8 8 5 5 5 5 5 5 3 3 2 2 1 0 0 0 0 0 0 0 0 0 0 0
 14 14 17 17 17 15 14 14 18 18 19 29 29 32 32 32 25 25 21 9 9 14 8 8 6 6 7 8 8 5 4 4 2 2 1 1 1 0 0 0 0 0 0 0 0 0
 8 8 11 11 11 21 14 14 18 18 20 32 32 34 26 26 30 30 21 17 17 12 9 9 7 7 8 9 9 5 2 2 2 2 3 1 1 0 0 0 0 0 0 0 0 0
 8 8 11 11 11 21 14 14 18 18 20 32 32 34 26 26 30 30 21 17 17 12 9 9 7 7 8 9 9 5 2 2 2 2 3 1 1 0 0 0 0 0 0 0 0 0
 11 11 9 9 9 11 16 16 21 21 23 40 40 40 30 30 33 33 27 17 17 13 10 10 9 9 6 8 8 4 2 2 1 1 1 1 1 0 0 0 0 0 0 0 0 0
 4 4 5 6 6 8 20 20 18 18 10 21 21 29 27 27 37 37 32 19 19 21 14 14 11 11 5 8 8 5 5 5 3 3 2 3 3 0 0 0 1 1 1 1 1 1
 4 4 5 6 6 8 20 20 18 18 10 21 21 29 27 27 37 37 32 19 19 21 14 14 11 11 5 8 8 5 5 5 3 3 2 3 3 0 0 0 1 1 1 1 1 1
 5 5 6 5 5 9 16 16 19 19 6 11 11 16 28 28 36 36 29 20 20 16 18 18 22 22 11 12 12 6 5 5 4 4 3 3 3 4 5 5 3 3 4 2 2 1
 5 5 6 5 5 9 16 16 19 19 6 11 11 16 28 28 36 36 29 20 20 16 18 18 22 22 11 12 12 6 5 5 4 4 3 3 3 4 5 5 3 3 4 2 2 1
 5 5 5 7 7 6 8 8 11 11 8 4 4 9 13 13 31 31 28 25 25 18 20 20 24 24 22 21 21 9 8 8 6 6 3 4 4 2 1 1 2 2 0 0 0 1
 1 1 0 1 1 1 6 6 9 9 7 5 5 8 13 13 16 16 23 20 20 20 17 17 22 22 22 23 23 7 8 8 5 5 3 2 2 0 1 1 0 0 0 0 0 0
 1 1 0 1 1 1 6 6 9 9 7 5 5 8 13 13 16 16 23 20 20 20 17 17 22 22 22 23 23 7 8 8 5 5 3 2 2 0 1 1 0 0 0 0 0 0
 0 0 0 1 1 2 2 2 5 5 9 12 12 7 10 10 16 16 19 21 21 18 11 11 13 13 11 3 3 2 3 3 2 2 1 0 0 0 0 0 0 0 0 1 1 0
 1 1 0 0 0 2 2 2 4 4 6 6 6 6 10 10 9 9 10 12 12 12 8 8 5 5 1 2 2 1 1 1 0 0 0 0 0 0 0 0 0 0 0 0 0 0
 1 1 0 0 0 2 2 2 4 4 6 6 6 6 10 10 9 9 10 12 12 12 8 8 5 5 1 2 2 1 1 1 0 0 0 0 0 0 0 0 0 0 0 0 0 0
 0 0 0 0 0 2 3 3 3 3 5 4 4 4 7 7 7 7 9 6 6 8 5 5 5 5 1 4 4 5 4 4 1 1 0 1 1 0 0 0 0 0 0 0 0 0
 0 0 0 0 0 2 3 3 3 3 5 4 4 4 7 7 7 7 9 6 6 8 5 5 5 5 1 4 4 5 4 4 1 1 0 1 1 0 0 0 0 0 0 0 0 0
 0 0 0 0 0 0 1 1 2 2 6 5 5 4 4 4 3 3 6 4 4 4 5 5 11 11 5 5 5 7 20 20 13 13 12 2 2 0 0 0 0 0 0 0 0 0
 0 0 0 0 0 1 1 1 2 2 2 3 3 2 5 5 5 5 5 6 6 6 9 9 8 8 5 7 7 8 23 23 16 16 13 2 2 3 1 1 1 1 1 1 1 1
 0 0 0 0 0 1 1 1 2 2 2 3 3 2 5 5 5 5 5 6 6 6 9 9 8 8 5 7 7 8 23 23 16 16 13 2 2 3 1 1 1 1 1 1 1 1
 0 0 0 0 0 0 1 1 1 1 1 2 2 2 3 3 4 4 2 7 7 10 7 7 8 8 7 7 7 10 12 12 11 11 7 3 3 3 1 1 1 1 2 0 0 0
 0 0 0 1 1 0 0 0 0 0 1 1 1 1 2 2 2 2 2 4 4 12 8 8 9 9 2 4 4 9 10 10 6 6 3 1 1 2 1 1 0 0 1 0 0 0
 0 0 0 1 1 0 0 0 0 0 1 1 1 1 2 2 2 2 2 4 4 12 8 8 9 9 2 4 4 9 10 10 6 6 3 1 1 2 1 1 0 0 1 0 0 0
 0 0 0 0 0 0 0 0 0 0 0 1 1 1 1 1 2 2 2 2 2 8 8 8 6 6 6 7 7 10 7 7 4 4 0 0 0 2 2 2 0 0 0 0 0 0
 0 0 0 0 0 0 0 0 0 0 0 1 1 1 1 1 2 2 2 2 2 8 8 8 6 6 6 7 7 10 7 7 4 4 0 0 0 2 2 2 0 0 0 0 0 0
 0 0 0 0 0 0 0 0 0 0 1 1 1 1 1 1 1 1 1 3 3 6 4 4 4 4 2 2 2 1 1 1 1 1 0 0 0 0 0 0 0 0 0 0 0 0
 0 0 0 0 0 0 1 1 1 1 0 1 1 1 1 1 2 2 1 3 3 5 5 5 3 3 3 2 2 2 2 2 3 3 1 0 0 0 0 0 0 0 0 1 1 0
 0 0 0 0 0 0 1 1 1 1 0 1 1 1 1 1 2 2 1 3 3 5 5 5 3 3 3 2 2 2 2 2 3 3 1 0 0 0 0 0 0 0 0 1 1 0
 0 0 0 0 0 0 0 0 1 1 0 0 0 1 1 1 1 1 1 0 0 5 5 5 3 3 3 2 2 1 1 1 1 1 1 0 0 1 0 0 0 0 0 0 0 0
 0 0 0 0 0 0 0 0 0 0 0 0 0 0 0 0 1 1 2 1 1 1 1 1 2 2 2 1 1 1 2 2 2 2 1 0 0 1 0 0 0 0 0 0 0 0
 0 0 0 0 0 0 0 0 0 0 0 0 0 0 0 0 1 1 2 1 1 1 1 1 2 2 2 1 1 1 2 2 2 2 1 0 0 1 0 0 0 0 0 0 0 0
 0 0 0 0 0 0 0 0 0 0 0 0 0 0 0 0 0 0 0 0 0 1 1 1 1 1 1 1 1 1 1 1 1 1 1 1 1 1 1 1 1 1 0 0 0 0
 0 0 0 0 0 0 0 0 0 0 0 0 0 0 0 0 0 0 0 0 0 1 1 1 1 1 1 1 1 1 1 1 1 1 1 1 1 1 1 1 1 1 0 0 0 0
 0 0 0 0 0 0 0 0 0 0 0 0 0 0 0 0 0 0 0 0 0 1 1 1 2 2 1 0 0 0 0 0 1 1 1 0 0 1 0 0 0 0 0 0 0 0
 0 0 0 0 0 0 0 0 0 0 0 0 0 0 0 0 0 0 0 1 1 0 1 1 0 0 1 1 1 0 2 2 2 2 2 2 2 2 0 0 0 0 0 0 0 0
 0 0 0 0 0 0 0 0 0 0 0 0 0 0 0 0 0 0 0 1 1 0 1 1 0 0 1 1 1 0 2 2 2 2 2 2 2 2 0 0 0 0 0 0 0 0
 0 0 0 0 0 0 0 0 0 0 0 0 0 0 0 0 0 0 0 0 0 0 1 1 0 0 0 0 0 0 0 0 0 0 1 1 1 1 0 0 0 0 0 0 0 0
 0 0 0 0 0 0 0 0 0 0 0 0 0 0 0 0 0 0 0 0 0 0 0 0 0 0 0 1 1 0 0 0 0 0 0 0 0 1 0 0 0 0 0 0 0 0
 0 0 0 0 0 0 0 0 0 0 0 0 0 0 0 0 0 0 0 0 0 0 0 0 0 0 0 1 1 0 0 0 0 0 0 0 0 1 0 0 0 0 0 0 0 0
 0 0 0 0 0 0 0 0 0 0 0 0 0 0 0 0 0 0 0 0 0 0 0 0 0 0 0 1 1 0 0 0 0 0 0 0 0 0 0 0 0 0 0 0 0 0
 0 0 0 0 0 0 0 0 0 0 0 0 0 0 0 0 0 0 0 0 0 0 0 0 0 0 0 1 1 0 0 0 0 0 0 0 0 0 0 0 0 0 0 0 0 0
 0 0 0 0 0 0 0 0 0 0 0 0 0 0 0 0 0 0 0 0 0 0 0 0 0 0 0 0 0 0 0 0 0 0 0 0 0 0 0 0 0 0 0 0 0 0
 0 0 0 0 0 0 0 0 0 0 0 0 0 0 0 0 0 0 0 0 0 0 0 0 2 2 0 0 0 0 0 0 0 0 0 0 0 0 0 0 0 0 0 0 0 0
 0 0 0 0 0 0 0 0 0 0 0 0 0 0 0 0 0 0 0 0 0 0 0 0 2 2 0 0 0 0 0 0 0 0 0 0 0 0 0 0 0 0 0 0 0 0
 0 0 0 0 0 0 0 0 0 0 0 0 0 0 0 0 0 0 0 0 0 1 0 0 2 2 0 0 0 0 1 1 0 0 0 0 0 0 0 0 0 0 0 0 0 0
 0 0 0 0 0 0 0 0 0 0 0 0 0 0 0 0 0 0 0 0 0 1 2 2 2 2 0 0 0 0 0 0 0 0 0 0 0 0 0 0 0 0 0 0 0 0
 0 0 0 0 0 0 0 0 0 0 0 0 0 0 0 0 0 0 0 0 0 1 2 2 2 2 0 0 0 0 0 0 0 0 0 0 0 0 0 0 0 0 0 0 0 0
 0 0 0 0 0 0 0 0 0 0 0 0 0 0 0 0 0 0 0 0 0 0 0 0 0 0 0 0 0 0 0 0 0 0 0 0 0 0 0 0 0 0 0 0 0 0
 0 0 0 0 0 0 0 0 0 0 0 0 0 0 0 0 0 0 0 0 0 0 0 0 0 0 0 0 0 0 0 0 0 0 0 0 0 0 0 0 0 0 0 0 0 0
 0 0 0 0 0 0 0 0 0 0 0 0 0 0 0 0 0 0 1 0 0 0 0 0 0 0 0 0 0 0 0 0 0 0 0 0 0 0 0 0 0 0 0 0 0 0
 0 0 0 0 0 0 0 0 0 0 0 0 0 0 0 0 0 0 0 1 1 0 0 0 0 0 0 0 0 0 0 0 0 0 1 0 0 0 0 0 0 0 0 0 0 0
 0 0 0 0 0 0 0 0 0 0 0 0 0 0 0 0 0 0 0 1 1 0 0 0 0 0 0 0 0 0 0 0 0 0 1 0 0 0 0 0 0 0 0 0 0 0
 0 0 0 0 0 0 0 0 0 0 0 0 0 0 0 0 0 0 0 1 1 1 0 0 0 0 0 0 0 0 0 0 0 0 0 0 0 0 0 0 0 0 0 0 0 0
 0 0 0 0 0 0 0 0 0 0 0 0 0 0 0 0 0 0 0 1 1 1 1 1 1 1 1 1 1 0 0 0 0 0 0 0 0 0 0 0 0 0 0 0 0 0
