assets/RAT_results/precipitation/2021-05-06_IMERG.asc
ncols        46
nrows        77
xllcorner    74.800261325624
yllcorner    8.058333333333
cellsize     0.062500000000
NODATA_value -9999
 2 2 2 3 3 4 4 4 4 4 6 9 9 8 1 1 1 1 3 10 10 15 14 14 12 12 7 3 3 1 0 0 0 0 0 0 0 0 0 0 0 0 0 0 0 0
 2 2 4 7 7 9 7 7 6 6 23 8 8 8 4 4 2 2 2 5 5 9 10 10 8 8 5 3 3 0 0 0 0 0 0 0 0 0 0 0 0 0 0 0 0 0
 2 2 4 7 7 9 7 7 6 6 23 8 8 8 4 4 2 2 2 5 5 9 10 10 8 8 5 3 3 0 0 0 0 0 0 0 0 0 0 0 0 0 0 0 0 0
 4 4 4 6 6 5 17 17 17 17 18 10 10 7 4 4 3 3 1 3 3 5 6 6 5 5 3 2 2 0 0 0 0 0 0 0 0 0 0 0 0 0 0 0 0 0
 5 5 5 4 4 4 15 15 13 13 9 10 10 5 7 7 6 6 1 1 1 2 3 3 3 3 2 1 1 0 0 0 0 0 0 0 0 0 0 0 0 0 0 0 0 0
 5 5 5 4 4 4 15 15 13 13 9 10 10 5 7 7 6 6 1 1 1 2 3 3 3 3 2 1 1 0 0 0 0 0 0 0 0 0 0 0 0 0 0 0 0 0
 4 4 4 4 4 2 5 5 4 4 5 2 2 6 7 7 7 7 1 1 1 1 1 1 1 1 1 0 0 0 0 0 0 0 0 0 0 0 0 0 0 0 0 0 0 0
 4 4 4 4 4 2 5 5 4 4 5 2 2 6 7 7 7 7 1 1 1 1 1 1 1 1 1 0 0 0 0 0 0 0 0 0 0 0 0 0 0 0 0 0 0 0
 7 7 5 7 7 4 2 2 2 2 2 6 6 6 12 12 3 3 2 0 0 0 0 0 0 0 0 0 0 0 0 0 0 0 0 0 0 0 0 0 0 0 0 0 0 0
 2 2 5 6 6 4 1 1 3 3 2 2 2 3 3 3 4 4 1 0 0 0 0 0 0 0 0 0 0 0 0 0 0 0 0 0 0 0 0 0 0 0 0 0 0 0
 2 2 5 6 6 4 1 1 3 3 2 2 2 3 3 3 4 4 1 0 0 0 0 0 0 0 0 0 0 0 0 0 0 0 0 0 0 0 0 0 0 0 0 0 0 0
 2 2 0 1 1 2 3 3 3 3 3 2 2 2 1 1 1 1 0 0 0 0 1 1 0 0 0 0 0 0 0 0 0 0 0 0 0 0 0 0 0 0 0 0 0 0
 0 0 0 1 1 1 1 1 2 2 2 1 1 0 0 0 0 0 0 0 0 1 5 5 0 0 0 0 0 0 0 0 0 0 0 0 0 0 0 0 0 0 0 0 0 0
 0 0 0 1 1 1 1 1 2 2 2 1 1 0 0 0 0 0 0 0 0 1 5 5 0 0 0 0 0 0 0 0 0 0 0 0 0 0 0 0 0 0 0 0 0 0
 1 1 0 1 1 1 2 2 2 2 1 1 1 0 2 2 2 2 0 4 4 9 3 3 1 1 1 0 0 0 0 0 0 0 1 1 1 0 0 0 0 0 0 0 0 0
 1 1 0 1 1 1 2 2 2 2 1 1 1 0 2 2 2 2 0 4 4 9 3 3 1 1 1 0 0 0 0 0 0 0 1 1 1 0 0 0 0 0 0 0 0 0
 1 1 1 2 2 3 2 2 3 3 1 1 1 0 10 10 8 8 0 2 2 8 8 8 1 1 1 0 0 0 0 0 0 0 0 0 0 0 0 0 0 0 0 0 0 0
 2 2 1 2 2 2 3 3 3 3 2 1 1 2 38 38 7 7 1 9 9 13 16 16 1 1 0 0 0 0 0 0 0 0 0 0 0 0 0 0 0 0 0 0 0 0
 2 2 1 2 2 2 3 3 3 3 2 1 1 2 38 38 7 7 1 9 9 13 16 16 1 1 0 0 0 0 0 0 0 0 0 0 0 0 0 0 0 0 0 0 0 0
 3 3 2 3 3 4 3 3 1 1 1 1 1 5 36 36 6 6 1 3 3 11 12 12 11 11 0 0 0 0 0 0 0 0 0 0 0 0 0 0 0 0 0 0 0 0
 3 3 3 4 4 3 2 2 1 1 0 2 2 12 16 16 3 3 7 5 5 8 2 2 2 2 0 0 0 0 0 0 0 0 0 0 0 1 5 5 22 22 1 1 1 0
 3 3 3 4 4 3 2 2 1 1 0 2 2 12 16 16 3 3 7 5 5 8 2 2 2 2 0 0 0 0 0 0 0 0 0 0 0 1 5 5 22 22 1 1 1 0
 3 3 4 4 4 2 2 2 5 5 2 1 1 6 7 7 9 9 1 10 10 1 0 0 0 0 0 0 0 4 6 6 11 11 10 5 5 2 2 2 13 13 1 0 0 0
 3 3 4 4 4 2 2 2 5 5 2 1 1 6 7 7 9 9 1 10 10 1 0 0 0 0 0 0 0 4 6 6 11 11 10 5 5 2 2 2 13 13 1 0 0 0
 3 3 3 3 3 2 3 3 3 3 1 1 1 2 3 3 2 2 1 6 6 0 0 0 0 0 0 1 1 20 9 9 21 21 16 6 6 8 1 1 9 9 3 0 0 0
 4 4 4 6 6 3 3 3 1 1 1 1 1 0 1 1 1 1 0 6 6 6 0 0 0 0 0 8 8 13 17 17 12 12 11 17 17 4 0 0 0 0 0 0 0 0
 4 4 4 6 6 3 3 3 1 1 1 1 1 0 1 1 1 1 0 6 6 6 0 0 0 0 0 8 8 13 17 17 12 12 11 17 17 4 0 0 0 0 0 0 0 0
 6 6 6 3 3 5 3 3 2 2 2 1 1 1 0 0 0 0 0 0 0 0 0 0 0 0 1 2 2 5 15 15 9 9 10 12 12 0 0 0 0 0 0 0 0 0
 7 7 5 6 6 36 13 13 4 4 5 6 6 1 0 0 1 1 1 5 5 2 0 0 1 1 1 5 5 11 8 8 7 7 7 5 5 0 0 0 0 0 0 0 0 0
 7 7 5 6 6 36 13 13 4 4 5 6 6 1 0 0 1 1 1 5 5 2 0 0 1 1 1 5 5 11 8 8 7 7 7 5 5 0 0 0 0 0 0 0 0 0
 10 10 7 7 7 35 15 15 14 14 9 12 12 5 0 0 0 0 2 3 3 3 2 2 1 1 1 6 6 1 3 3 3 3 3 1 1 0 0 0 0 0 0 0 0 0
 10 10 7 7 7 35 15 15 14 14 9 12 12 5 0 0 0 0 2 3 3 3 2 2 1 1 1 6 6 1 3 3 3 3 3 1 1 0 0 0 0 0 0 0 0 0
 13 13 18 43 43 37 35 35 17 17 33 15 15 1 0 0 1 1 2 3 3 1 0 0 0 0 1 1 1 1 3 3 2 2 1 0 0 0 0 0 0 0 0 0 0 0
 46 46 37 42 42 39 33 33 17 17 33 12 12 15 1 1 1 1 1 2 2 0 0 0 0 0 0 0 0 1 3 3 2 2 0 0 0 0 0 0 0 0 0 0 0 0
 46 46 37 42 42 39 33 33 17 17 33 12 12 15 1 1 1 1 1 2 2 0 0 0 0 0 0 0 0 1 3 3 2 2 0 0 0 0 0 0 0 0 0 0 0 0
 53 53 39 46 46 43 38 38 70 70 36 30 30 14 2 2 1 1 0 1 1 0 0 0 0 0 3 0 0 0 0 0 0 0 0 0 0 0 0 0 0 0 0 0 0 0
 40 40 33 39 39 31 40 40 40 40 29 31 31 15 2 2 1 1 0 1 1 1 1 1 0 0 4 2 2 0 0 0 0 0 0 0 0 0 0 0 0 0 0 0 0 0
 40 40 33 39 39 31 40 40 40 40 29 31 31 15 2 2 1 1 0 1 1 1 1 1 0 0 4 2 2 0 0 0 0 0 0 0 0 0 0 0 0 0 0 0 0 0
 41 41 29 38 38 33 54 54 43 43 18 17 17 4 2 2 1 1 3 1 1 2 1 1 0 0 6 28 28 5 0 0 0 0 0 0 0 0 0 0 0 0 0 0 0 0
 41 41 29 38 38 33 54 54 43 43 18 17 17 4 2 2 1 1 3 1 1 2 1 1 0 0 6 28 28 5 0 0 0 0 0 0 0 0 0 0 0 0 0 0 0 0
 34 34 38 26 26 19 12 12 12 12 3 3 3 3 1 1 1 1 7 6 6 3 4 4 2 2 9 13 13 9 0 0 0 0 0 1 1 0 1 1 0 0 1 1 1 9
 25 25 63 84 84 77 34 34 14 14 4 3 3 3 1 1 6 6 11 12 12 8 7 7 5 5 7 10 10 1 2 2 0 0 6 4 4 2 3 3 3 3 3 19 19 9
 25 25 63 84 84 77 34 34 14 14 4 3 3 3 1 1 6 6 11 12 12 8 7 7 5 5 7 10 10 1 2 2 0 0 6 4 4 2 3 3 3 3 3 19 19 9
 25 25 56 82 82 77 34 34 5 5 5 3 3 2 1 1 11 11 16 17 17 28 10 10 8 8 10 15 15 3 2 2 8 8 12 7 7 6 5 5 4 4 2 25 25 25
 35 35 35 20 20 7 7 7 6 6 7 4 4 8 7 7 7 7 45 41 41 41 19 19 11 11 10 10 10 2 1 1 3 3 11 7 7 7 4 4 7 7 6 25 25 25
 35 35 35 20 20 7 7 7 6 6 7 4 4 8 7 7 7 7 45 41 41 41 19 19 11 11 10 10 10 2 1 1 3 3 11 7 7 7 4 4 7 7 6 25 25 25
 30 30 40 19 19 8 8 8 7 7 8 6 6 8 7 7 6 6 18 69 69 69 39 39 13 13 7 6 6 10 4 4 2 2 7 5 5 4 3 3 2 2 1 4 4 7
 30 30 40 19 19 8 8 8 7 7 8 6 6 8 7 7 6 6 18 69 69 69 39 39 13 13 7 6 6 10 4 4 2 2 7 5 5 4 3 3 2 2 1 4 4 7
 26 26 30 20 20 20 8 8 9 9 10 8 8 6 13 13 24 24 25 66 66 67 35 35 9 9 5 5 5 10 14 14 9 9 10 6 6 3 2 2 3 3 1 1 1 0
 19 19 21 22 22 8 8 8 8 8 10 9 9 7 14 14 47 47 47 78 78 78 37 37 8 8 4 8 8 18 17 17 22 22 3 2 2 9 15 15 14 14 3 1 1 1
 19 19 21 22 22 8 8 8 8 8 10 9 9 7 14 14 47 47 47 78 78 78 37 37 8 8 4 8 8 18 17 17 22 22 3 2 2 9 15 15 14 14 3 1 1 1
 19 19 22 23 23 7 9 9 7 7 9 10 10 8 14 14 51 51 49 79 79 15 16 16 9 9 12 11 11 19 24 24 14 14 4 4 4 4 14 14 15 15 14 5 5 0
 17 17 18 18 18 11 9 9 7 7 8 11 11 10 18 18 25 25 23 18 18 16 16 16 15 15 10 8 8 21 22 22 16 16 7 11 11 16 23 23 24 24 15 7 7 1
 17 17 18 18 18 11 9 9 7 7 8 11 11 10 18 18 25 25 23 18 18 16 16 16 15 15 10 8 8 21 22 22 16 16 7 11 11 16 23 23 24 24 15 7 7 1
 18 18 17 18 18 13 9 9 8 8 7 9 9 9 20 20 18 18 8 7 7 7 7 7 13 13 14 12 12 13 16 16 18 18 10 11 11 16 28 28 46 46 44 7 7 0
 18 18 17 18 18 13 9 9 8 8 7 9 9 9 20 20 18 18 8 7 7 7 7 7 13 13 14 12 12 13 16 16 18 18 10 11 11 16 28 28 46 46 44 7 7 0
 21 21 18 17 17 11 7 7 6 6 6 7 7 7 8 8 17 17 9 7 7 7 6 6 15 15 14 15 15 14 12 12 12 12 16 13 13 30 31 31 49 49 45 19 19 0
 20 20 15 7 7 8 6 6 5 5 6 6 6 6 7 7 9 9 4 2 2 14 14 14 16 16 14 21 21 11 12 12 16 16 21 19 19 28 8 8 15 15 15 21 21 1
 20 20 15 7 7 8 6 6 5 5 6 6 6 6 7 7 9 9 4 2 2 14 14 14 16 16 14 21 21 11 12 12 16 16 21 19 19 28 8 8 15 15 15 21 21 1
 8 8 4 5 5 5 4 4 4 4 4 4 4 5 4 4 3 3 2 2 2 10 11 11 11 11 12 10 10 10 11 11 20 20 31 27 27 8 8 8 3 3 14 17 17 0
 3 3 2 2 2 2 2 2 2 2 4 5 5 3 4 4 2 2 3 2 2 10 10 10 12 12 14 13 13 9 12 12 29 29 23 40 40 1 0 0 6 6 13 0 0 0
 3 3 2 2 2 2 2 2 2 2 4 5 5 3 4 4 2 2 3 2 2 10 10 10 12 12 14 13 13 9 12 12 29 29 23 40 40 1 0 0 6 6 13 0 0 0
 0 0 1 1 1 1 1 1 2 2 4 6 6 2 4 4 2 2 1 2 2 2 8 8 10 10 15 11 11 10 13 13 26 26 21 20 20 4 7 7 7 7 4 0 0 0
 0 0 1 1 1 1 1 1 2 2 4 6 6 2 4 4 2 2 1 2 2 2 8 8 10 10 15 11 11 10 13 13 26 26 21 20 20 4 7 7 7 7 4 0 0 0
 0 0 0 1 1 2 2 2 2 2 3 3 3 1 2 2 3 3 3 2 2 2 8 8 9 9 12 10 10 10 17 17 26 26 24 13 13 1 7 7 10 10 0 19 19 20
 0 0 0 0 0 1 2 2 1 1 2 11 11 4 4 4 7 7 3 4 4 4 6 6 10 10 11 13 13 12 29 29 27 27 38 18 18 9 10 10 9 9 4 0 0 10
 0 0 0 0 0 1 2 2 1 1 2 11 11 4 4 4 7 7 3 4 4 4 6 6 10 10 11 13 13 12 29 29 27 27 38 18 18 9 10 10 9 9 4 0 0 10
 0 0 0 0 0 0 1 1 1 1 3 16 16 16 5 5 4 4 3 4 4 5 15 15 17 17 18 17 17 11 9 9 25 25 18 17 17 6 7 7 5 5 2 10 10 1
 0 0 0 0 0 0 1 1 1 1 4 10 10 14 4 4 3 3 3 6 6 5 13 13 10 10 11 10 10 6 6 6 14 14 14 5 5 6 25 25 3 3 5 4 4 1
 0 0 0 0 0 0 1 1 1 1 4 10 10 14 4 4 3 3 3 6 6 5 13 13 10 10 11 10 10 6 6 6 14 14 14 5 5 6 25 25 3 3 5 4 4 1
 0 0 0 0 0 0 1 1 2 2 4 4 4 3 2 2 2 2 2 3 3 6 7 7 9 9 8 8 8 5 5 5 6 6 1 3 3 6 5 5 2 2 0 0 0 0
 0 0 0 0 0 0 1 1 2 2 4 4 4 3 2 2 2 2 2 3 3 6 7 7 9 9 8 8 8 5 5 5 6 6 1 3 3 6 5 5 2 2 0 0 0 0
 0 0 1 1 1 2 1 1 2 2 4 2 2 2 2 2 2 2 1 3 3 6 4 4 3 3 4 1 1 1 1 1 1 1 2 3 3 3 2 2 1 1 0 0 0 0
 2 2 1 0 0 1 1 1 2 2 2 2 2 1 2 2 2 2 1 1 1 2 2 2 1 1 1 1 1 1 0 0 0 0 0 1 1 2 1 1 15 15 0 0 0 0
 2 2 1 0 0 1 1 1 2 2 2 2 2 1 2 2 2 2 1 1 1 2 2 2 1 1 1 1 1 1 0 0 0 0 0 1 1 2 1 1 15 15 0 0 0 0
 1 1 1 0 0 0 1 1 1 1 2 2 2 1 1 1 1 1 1 1 1 1 1 1 1 1 0 0 0 0 0 0 0 0 0 0 0 0 2 2 1 1 1 1 1 1
 0 0 0 0 0 1 1 1 2 2 1 1 1 1 1 1 1 1 1 0 0 0 0 0 0 0 0 0 0 0 0 0 0 0 0 0 0 0 0 0 1 1 1 0 0 0
