assets/RAT_results/precipitation/2021-07-01_IMERG.asc
ncols        46
nrows        77
xllcorner    74.800261325624
yllcorner    8.058333333333
cellsize     0.062500000000
NODATA_value -9999
 7 7 9 1 1 3 5 5 2 2 6 5 5 5 5 5 3 3 2 2 2 2 2 2 3 3 5 3 3 3 3 3 3 3 3 3 3 4 4 4 3 3 4 4 4 4
 11 11 4 2 2 7 8 8 6 6 7 11 11 7 4 4 3 3 2 2 2 2 2 2 3 3 3 3 3 4 4 4 5 5 4 5 5 4 4 4 4 4 5 6 6 7
 11 11 4 2 2 7 8 8 6 6 7 11 11 7 4 4 3 3 2 2 2 2 2 2 3 3 3 3 3 4 4 4 5 5 4 5 5 4 4 4 4 4 5 6 6 7
 9 9 2 2 2 2 2 2 4 4 6 4 4 3 5 5 4 4 2 2 2 2 3 3 3 3 2 3 3 4 5 5 6 6 6 5 5 5 4 4 4 4 6 13 13 9
 20 20 8 7 7 2 5 5 4 4 4 5 5 5 5 5 4 4 3 3 3 3 3 3 4 4 3 4 4 4 5 5 5 5 7 6 6 5 4 4 5 5 5 7 7 12
 20 20 8 7 7 2 5 5 4 4 4 5 5 5 5 5 4 4 3 3 3 3 3 3 4 4 3 4 4 4 5 5 5 5 7 6 6 5 4 4 5 5 5 7 7 12
 22 22 14 8 8 7 5 5 7 7 5 4 4 3 3 3 3 3 3 3 3 3 4 4 5 5 5 6 6 4 4 4 4 4 5 5 5 5 5 5 5 5 4 8 8 10
 22 22 14 8 8 7 5 5 7 7 5 4 4 3 3 3 3 3 3 3 3 3 4 4 5 5 5 6 6 4 4 4 4 4 5 5 5 5 5 5 5 5 4 8 8 10
 31 31 16 9 9 12 7 7 7 7 5 4 4 4 3 3 3 3 4 3 3 3 4 4 5 5 5 5 5 4 3 3 3 3 3 3 3 4 4 4 6 6 9 10 10 10
 41 41 26 7 7 9 11 11 3 3 3 3 3 3 2 2 2 2 2 2 2 2 4 4 4 4 3 4 4 3 3 3 3 3 5 4 4 4 7 7 7 7 7 12 12 15
 41 41 26 7 7 9 11 11 3 3 3 3 3 3 2 2 2 2 2 2 2 2 4 4 4 4 3 4 4 3 3 3 3 3 5 4 4 4 7 7 7 7 7 12 12 15
 56 56 22 8 8 10 19 19 12 12 2 2 2 2 2 2 2 2 3 2 2 2 3 3 3 3 3 2 2 3 4 4 5 5 7 6 6 8 8 8 10 10 15 91 91 43
 45 45 26 21 21 19 28 28 17 17 5 2 2 2 4 4 4 4 3 6 6 3 3 3 4 4 5 6 6 6 5 5 5 5 5 10 10 8 9 9 11 11 12 18 18 57
 45 45 26 21 21 19 28 28 17 17 5 2 2 2 4 4 4 4 3 6 6 3 3 3 4 4 5 6 6 6 5 5 5 5 5 10 10 8 9 9 11 11 12 18 18 57
 33 33 23 22 22 16 21 21 14 14 4 2 2 4 6 6 7 7 9 9 9 3 5 5 6 6 5 5 5 4 5 5 5 5 6 11 11 9 18 18 23 23 43 26 26 28
 33 33 23 22 22 16 21 21 14 14 4 2 2 4 6 6 7 7 9 9 9 3 5 5 6 6 5 5 5 4 5 5 5 5 6 11 11 9 18 18 23 23 43 26 26 28
 26 26 30 18 18 17 10 10 8 8 9 6 6 4 4 4 6 6 8 8 8 10 7 7 6 6 6 4 4 4 7 7 8 8 8 16 16 14 42 42 41 41 34 36 36 20
 27 27 34 27 27 19 17 17 4 4 8 6 6 4 4 4 5 5 5 8 8 11 8 8 11 11 7 5 5 6 7 7 9 9 9 19 19 22 31 31 48 48 29 16 16 19
 27 27 34 27 27 19 17 17 4 4 8 6 6 4 4 4 5 5 5 8 8 11 8 8 11 11 7 5 5 6 7 7 9 9 9 19 19 22 31 31 48 48 29 16 16 19
 24 24 31 26 26 25 13 13 6 6 5 9 9 11 13 13 11 11 12 10 10 7 11 11 9 9 6 7 7 5 6 6 6 6 9 20 20 32 28 28 31 31 19 14 14 25
 24 24 28 29 29 19 14 14 8 8 8 15 15 17 22 22 18 18 9 10 10 13 12 12 6 6 10 12 12 10 9 9 9 9 14 25 25 32 33 33 26 26 34 28 28 21
 24 24 28 29 29 19 14 14 8 8 8 15 15 17 22 22 18 18 9 10 10 13 12 12 6 6 10 12 12 10 9 9 9 9 14 25 25 32 33 33 26 26 34 28 28 21
 21 21 25 17 17 18 10 10 11 11 10 12 12 17 20 20 19 19 14 18 18 14 12 12 8 8 7 8 8 14 12 12 15 15 17 30 30 21 37 37 33 33 37 40 40 35
 21 21 25 17 17 18 10 10 11 11 10 12 12 17 20 20 19 19 14 18 18 14 12 12 8 8 7 8 8 14 12 12 15 15 17 30 30 21 37 37 33 33 37 40 40 35
 17 17 22 24 24 18 12 12 15 15 12 15 15 15 19 19 19 19 18 23 23 22 20 20 14 14 14 11 11 14 12 12 12 12 11 10 10 20 10 10 23 23 16 21 21 17
 17 17 26 27 27 32 21 21 18 18 16 17 17 15 23 23 24 24 19 21 21 27 36 36 34 34 25 16 16 12 10 10 10 10 10 9 9 9 10 10 33 33 18 28 28 14
 17 17 26 27 27 32 21 21 18 18 16 17 17 15 23 23 24 24 19 21 21 27 36 36 34 34 25 16 16 12 10 10 10 10 10 9 9 9 10 10 33 33 18 28 28 14
 13 13 25 36 36 38 29 29 25 25 20 20 20 21 28 28 35 35 22 15 15 11 30 30 29 29 27 16 16 10 8 8 8 8 11 10 10 8 8 8 8 8 16 13 13 14
 15 15 14 25 25 26 26 26 18 18 14 26 26 28 13 13 31 31 24 20 20 10 11 11 15 15 17 12 12 6 7 7 7 7 9 9 9 8 11 11 13 13 13 10 10 14
 15 15 14 25 25 26 26 26 18 18 14 26 26 28 13 13 31 31 24 20 20 10 11 11 15 15 17 12 12 6 7 7 7 7 9 9 9 8 11 11 13 13 13 10 10 14
 11 11 11 19 19 18 29 29 22 22 22 25 25 28 14 14 23 23 23 11 11 7 13 13 14 14 12 10 10 6 6 6 8 8 10 10 10 11 12 12 17 17 18 18 18 22
 11 11 11 19 19 18 29 29 22 22 22 25 25 28 14 14 23 23 23 11 11 7 13 13 14 14 12 10 10 6 6 6 8 8 10 10 10 11 12 12 17 17 18 18 18 22
 7 7 8 17 17 14 17 17 22 22 30 32 32 33 16 16 23 23 25 17 17 18 12 12 8 8 4 2 2 4 4 4 6 6 9 10 10 12 15 15 15 15 21 20 20 12
 5 5 5 13 13 15 17 17 17 17 23 31 31 27 24 24 24 24 36 19 19 12 11 11 10 10 7 4 4 3 4 4 5 5 8 7 7 9 10 10 11 11 11 8 8 7
 5 5 5 13 13 15 17 17 17 17 23 31 31 27 24 24 24 24 36 19 19 12 11 11 10 10 7 4 4 3 4 4 5 5 8 7 7 9 10 10 11 11 11 8 8 7
 7 7 5 6 6 10 9 9 16 16 17 22 22 22 21 21 24 24 41 26 26 23 24 24 21 21 22 6 6 4 4 4 4 4 5 5 5 5 10 10 15 15 18 13 13 9
 4 4 4 5 5 8 7 7 13 13 11 16 16 25 29 29 43 43 57 47 47 35 24 24 19 19 26 20 20 8 4 4 5 5 5 5 5 6 13 13 15 15 17 14 14 15
 4 4 4 5 5 8 7 7 13 13 11 16 16 25 29 29 43 43 57 47 47 35 24 24 19 19 26 20 20 8 4 4 5 5 5 5 5 6 13 13 15 15 17 14 14 15
 3 3 3 3 3 5 8 8 12 12 21 16 16 28 42 42 34 34 31 46 46 38 40 40 27 27 19 24 24 7 3 3 7 7 6 7 7 9 16 16 21 21 19 19 19 19
 3 3 3 3 3 5 8 8 12 12 21 16 16 28 42 42 34 34 31 46 46 38 40 40 27 27 19 24 24 7 3 3 7 7 6 7 7 9 16 16 21 21 19 19 19 19
 2 2 3 3 3 6 9 9 14 14 20 26 26 36 43 43 91 91 88 100 100 50 36 36 27 27 19 19 19 8 8 8 7 7 9 11 11 13 27 27 23 23 26 25 25 23
 2 2 2 4 4 9 17 17 18 18 20 29 29 34 46 46 81 81 104 75 75 49 40 40 24 24 17 12 12 6 6 6 6 6 10 10 10 14 12 12 20 20 24 26 26 20
 2 2 2 4 4 9 17 17 18 18 20 29 29 34 46 46 81 81 104 75 75 49 40 40 24 24 17 12 12 6 6 6 6 6 10 10 10 14 12 12 20 20 24 26 26 20
 2 2 6 9 9 10 19 19 21 21 21 28 28 29 40 40 77 77 84 71 71 35 35 35 13 13 8 12 12 6 7 7 7 7 8 10 10 10 9 9 9 9 23 20 20 16
 7 7 7 7 7 9 14 14 22 22 27 30 30 28 32 32 33 33 19 16 16 26 16 16 14 14 8 7 7 6 6 6 7 7 7 7 7 8 5 5 8 8 16 15 15 15
 7 7 7 7 7 9 14 14 22 22 27 30 30 28 32 32 33 33 19 16 16 26 16 16 14 14 8 7 7 6 6 6 7 7 7 7 7 8 5 5 8 8 16 15 15 15
 8 8 9 11 11 11 14 14 16 16 12 13 13 28 30 30 15 15 19 19 19 34 20 20 18 18 11 9 9 5 6 6 6 6 7 7 7 4 6 6 7 7 7 15 15 13
 8 8 9 11 11 11 14 14 16 16 12 13 13 28 30 30 15 15 19 19 19 34 20 20 18 18 11 9 9 5 6 6 6 6 7 7 7 4 6 6 7 7 7 15 15 13
 5 5 5 5 5 10 12 12 15 15 12 11 11 9 6 6 7 7 11 29 29 32 20 20 23 23 16 11 11 6 4 4 6 6 7 8 8 5 9 9 10 10 5 14 14 12
 5 5 5 4 4 4 5 5 7 7 6 6 6 6 6 6 7 7 7 12 12 17 18 18 22 22 20 21 21 12 11 11 5 5 8 9 9 9 7 7 6 6 7 8 8 7
 5 5 5 4 4 4 5 5 7 7 6 6 6 6 6 6 7 7 7 12 12 17 18 18 22 22 20 21 21 12 11 11 5 5 8 9 9 9 7 7 6 6 7 8 8 7
 3 3 3 3 3 4 4 4 7 7 7 6 6 7 9 9 9 9 10 17 17 21 22 22 36 36 25 32 32 26 13 13 9 9 12 9 9 5 3 3 5 5 6 3 3 3
 2 2 1 2 2 5 4 4 3 3 7 5 5 6 10 10 10 10 11 19 19 27 27 27 45 45 21 27 27 28 28 28 20 20 25 19 19 6 2 2 4 4 3 1 1 2
 2 2 1 2 2 5 4 4 3 3 7 5 5 6 10 10 10 10 11 19 19 27 27 27 45 45 21 27 27 28 28 28 20 20 25 19 19 6 2 2 4 4 3 1 1 2
 1 1 1 2 2 3 2 2 4 4 5 4 4 5 8 8 17 17 16 18 18 19 21 21 26 26 28 33 33 36 34 34 27 27 35 23 23 20 2 2 1 1 1 1 1 2
 1 1 1 2 2 3 2 2 4 4 5 4 4 5 8 8 17 17 16 18 18 19 21 21 26 26 28 33 33 36 34 34 27 27 35 23 23 20 2 2 1 1 1 1 1 2
 1 1 1 3 3 3 2 2 3 3 3 4 4 6 7 7 13 13 13 13 13 18 19 19 31 31 47 48 48 52 60 60 40 40 55 46 46 46 5 5 2 2 2 1 1 0
 2 2 2 2 2 2 3 3 3 3 3 4 4 4 5 5 10 10 10 12 12 30 30 30 38 38 46 48 48 90 57 57 52 52 31 21 21 19 3 3 1 1 2 2 2 1
 2 2 2 2 2 2 3 3 3 3 3 4 4 4 5 5 10 10 10 12 12 30 30 30 38 38 46 48 48 90 57 57 52 52 31 21 21 19 3 3 1 1 2 2 2 1
 3 3 5 3 3 2 2 2 2 2 2 4 4 4 4 4 11 11 12 13 13 31 30 30 37 37 35 61 61 93 92 92 48 48 22 24 24 18 2 2 2 2 3 2 2 2
 7 7 6 4 4 2 1 1 2 2 2 3 3 6 6 6 8 8 13 12 12 14 32 32 32 32 31 64 64 94 93 93 41 41 22 27 27 17 3 3 2 2 3 1 1 2
 7 7 6 4 4 2 1 1 2 2 2 3 3 6 6 6 8 8 13 12 12 14 32 32 32 32 31 64 64 94 93 93 41 41 22 27 27 17 3 3 2 2 3 1 1 2
 7 7 8 4 4 2 4 4 3 3 2 4 4 3 11 11 10 10 13 12 12 13 18 18 20 20 18 65 65 63 85 85 41 41 27 43 43 9 3 3 1 1 1 2 2 3
 7 7 8 4 4 2 4 4 3 3 2 4 4 3 11 11 10 10 13 12 12 13 18 18 20 20 18 65 65 63 85 85 41 41 27 43 43 9 3 3 1 1 1 2 2 3
 11 11 6 6 6 8 6 6 3 3 3 4 4 5 10 10 9 9 11 10 10 11 15 15 15 15 14 15 15 21 20 20 12 12 21 33 33 19 10 10 2 2 2 0 0 1
 12 12 11 10 10 11 7 7 3 3 2 3 3 3 8 8 8 8 11 8 8 8 9 9 12 12 11 8 8 12 15 15 15 15 20 28 28 24 11 11 4 4 3 1 1 0
 12 12 11 10 10 11 7 7 3 3 2 3 3 3 8 8 8 8 11 8 8 8 9 9 12 12 11 8 8 12 15 15 15 15 20 28 28 24 11 11 4 4 3 1 1 0
 13 13 14 14 14 11 7 7 4 4 3 3 3 2 2 2 2 2 3 8 8 7 5 5 8 8 7 4 4 7 9 9 10 10 5 17 17 14 8 8 4 4 4 1 1 0
 11 11 11 12 12 12 8 8 7 7 2 2 2 0 1 1 1 1 3 3 3 1 1 1 3 3 5 2 2 3 3 3 3 3 3 9 9 9 6 6 5 5 5 2 2 0
 11 11 11 12 12 12 8 8 7 7 2 2 2 0 1 1 1 1 3 3 3 1 1 1 3 3 5 2 2 3 3 3 3 3 3 9 9 9 6 6 5 5 5 2 2 0
 7 7 10 12 12 10 7 7 6 6 3 1 1 0 1 1 1 1 3 2 2 2 2 2 2 2 4 3 3 4 1 1 3 3 3 7 7 5 4 4 4 4 4 2 2 0
 7 7 10 12 12 10 7 7 6 6 3 1 1 0 1 1 1 1 3 2 2 2 2 2 2 2 4 3 3 4 1 1 3 3 3 7 7 5 4 4 4 4 4 2 2 0
 6 6 9 9 9 6 5 5 3 3 3 2 2 1 1 1 1 1 2 1 1 3 3 3 5 5 7 8 8 9 2 2 4 4 3 4 4 3 2 2 2 2 2 1 1 0
 3 3 4 3 3 4 3 3 4 4 3 2 2 3 2 2 2 2 2 2 2 4 6 6 8 8 20 23 23 22 4 4 6 6 2 4 4 1 1 1 1 1 1 1 1 0
 3 3 4 3 3 4 3 3 4 4 3 2 2 3 2 2 2 2 2 2 2 4 6 6 8 8 20 23 23 22 4 4 6 6 2 4 4 1 1 1 1 1 1 1 1 0
 3 3 2 1 1 3 3 3 3 3 2 3 3 4 9 9 12 12 12 16 16 23 15 15 22 22 36 39 39 38 7 7 20 20 2 3 3 1 1 1 1 1 1 1 1 0
 3 3 3 4 4 4 2 2 4 4 5 8 8 9 9 9 12 12 13 16 16 12 20 20 39 39 46 63 63 62 21 21 32 32 1 2 2 0 0 0 0 0 0 1 1 0
