assets/RAT_results/precipitation/2021-07-15_IMERG.asc
ncols        46
nrows        77
xllcorner    74.800261325624
yllcorner    8.058333333333
cellsize     0.062500000000
NODATA_value -9999
 78 78 96 98 98 89 80 80 78 78 64 73 73 75 45 45 43 43 37 26 26 29 25 25 17 17 12 7 7 6 6 6 7 7 9 8 8 8 9 9 5 5 6 8 8 10
 86 86 85 104 104 84 62 62 60 60 49 69 69 52 37 37 36 36 44 47 47 42 34 34 22 22 13 9 9 9 9 9 6 6 7 11 11 13 14 14 9 9 9 9 9 12
 86 86 85 104 104 84 62 62 60 60 49 69 69 52 37 37 36 36 44 47 47 42 34 34 22 22 13 9 9 9 9 9 6 6 7 11 11 13 14 14 9 9 9 9 9 12
 72 72 69 71 71 66 76 76 68 68 55 54 54 49 32 32 33 33 49 50 50 49 35 35 38 38 35 23 23 13 12 12 9 9 10 14 14 16 18 18 13 13 15 17 17 15
 67 67 78 72 72 67 85 85 69 69 66 61 61 65 81 81 46 46 47 38 38 42 43 43 42 42 46 39 39 23 19 19 13 13 11 14 14 16 16 16 15 15 19 24 24 19
 67 67 78 72 72 67 85 85 69 69 66 61 61 65 81 81 46 46 47 38 38 42 43 43 42 42 46 39 39 23 19 19 13 13 11 14 14 16 16 16 15 15 19 24 24 19
 58 58 74 83 83 75 90 90 77 77 61 61 61 48 70 70 63 63 60 41 41 41 44 44 48 48 49 37 37 21 18 18 15 15 14 13 13 15 16 16 17 17 19 25 25 25
 58 58 74 83 83 75 90 90 77 77 61 61 61 48 70 70 63 63 60 41 41 41 44 44 48 48 49 37 37 21 18 18 15 15 14 13 13 15 16 16 17 17 19 25 25 25
 54 54 58 73 73 67 71 71 66 66 58 91 91 70 73 73 56 56 57 66 66 54 42 42 37 37 25 21 21 20 17 17 15 15 15 15 15 18 20 20 23 23 24 29 29 33
 64 64 52 70 70 64 66 66 63 63 68 90 90 82 77 77 80 80 74 58 58 53 36 36 33 33 24 19 19 19 20 20 17 17 19 18 18 20 23 23 27 27 28 28 28 39
 64 64 52 70 70 64 66 66 63 63 68 90 90 82 77 77 80 80 74 58 58 53 36 36 33 33 24 19 19 19 20 20 17 17 19 18 18 20 23 23 27 27 28 28 28 39
 57 57 54 49 49 73 75 75 83 83 78 103 103 101 77 77 81 81 58 54 54 34 31 31 25 25 28 25 25 20 22 22 19 19 25 24 24 22 31 31 34 34 37 40 40 46
 64 64 63 63 63 80 79 79 73 73 71 74 74 85 105 105 88 88 56 57 57 54 39 39 28 28 33 27 27 25 24 24 24 24 25 28 28 30 42 42 45 45 43 36 36 43
 64 64 63 63 63 80 79 79 73 73 71 74 74 85 105 105 88 88 56 57 57 54 39 39 28 28 33 27 27 25 24 24 24 24 25 28 28 30 42 42 45 45 43 36 36 43
 58 58 73 63 63 62 77 77 77 77 73 71 71 85 95 95 97 97 74 59 59 56 41 41 34 34 28 28 28 29 29 29 28 28 28 32 32 33 41 41 51 51 45 40 40 49
 58 58 73 63 63 62 77 77 77 77 73 71 71 85 95 95 97 97 74 59 59 56 41 41 34 34 28 28 28 29 29 29 28 28 28 32 32 33 41 41 51 51 45 40 40 49
 56 56 56 62 62 70 63 63 82 82 71 68 68 61 87 87 93 93 80 63 63 52 47 47 30 30 29 23 23 30 31 31 31 31 28 33 33 31 37 37 46 46 39 40 40 37
 49 49 58 60 60 57 59 59 61 61 70 68 68 64 61 61 48 48 51 69 69 51 34 34 33 33 28 30 30 31 33 33 30 30 32 32 32 29 35 35 35 35 41 35 35 40
 49 49 58 60 60 57 59 59 61 61 70 68 68 64 61 61 48 48 51 69 69 51 34 34 33 33 28 30 30 31 33 33 30 30 32 32 32 29 35 35 35 35 41 35 35 40
 46 46 49 49 49 55 70 70 53 53 57 75 75 67 56 56 46 46 51 75 75 68 46 46 43 43 38 33 33 30 26 26 29 29 25 24 24 22 21 21 33 33 38 38 38 37
 41 41 41 54 54 54 57 57 40 40 61 63 63 65 56 56 54 54 82 86 86 77 54 54 40 40 44 32 32 33 29 29 29 29 28 19 19 16 17 17 17 17 24 25 25 20
 41 41 41 54 54 54 57 57 40 40 61 63 63 65 56 56 54 54 82 86 86 77 54 54 40 40 44 32 32 33 29 29 29 29 28 19 19 16 17 17 17 17 24 25 25 20
 25 25 36 58 58 58 62 62 64 64 53 61 61 62 76 76 51 51 59 87 87 80 55 55 53 53 30 32 32 42 36 36 35 35 34 13 13 11 11 11 14 14 19 15 15 10
 25 25 36 58 58 58 62 62 64 64 53 61 61 62 76 76 51 51 59 87 87 80 55 55 53 53 30 32 32 42 36 36 35 35 34 13 13 11 11 11 14 14 19 15 15 10
 21 21 27 36 36 34 42 42 56 56 51 62 62 61 73 73 70 70 54 57 57 38 40 40 41 41 33 38 38 40 33 33 30 30 28 14 14 10 10 10 10 10 8 5 5 5
 16 16 21 37 37 52 50 50 55 55 54 63 63 60 60 60 64 64 45 39 39 31 40 40 41 41 37 34 34 36 41 41 28 28 17 14 14 8 8 8 7 7 5 3 3 4
 16 16 21 37 37 52 50 50 55 55 54 63 63 60 60 60 64 64 45 39 39 31 40 40 41 41 37 34 34 36 41 41 28 28 17 14 14 8 8 8 7 7 5 3 3 4
 15 15 17 34 34 48 60 60 67 67 67 48 48 50 53 53 54 54 48 41 41 33 35 35 36 36 39 45 45 44 36 36 30 30 21 18 18 9 7 7 4 4 5 3 3 4
 14 14 14 33 33 40 39 39 60 60 38 43 43 47 35 35 48 48 43 41 41 30 38 38 41 41 38 43 43 56 34 34 34 34 24 20 20 10 8 8 4 4 3 1 1 2
 14 14 14 33 33 40 39 39 60 60 38 43 43 47 35 35 48 48 43 41 41 30 38 38 41 41 38 43 43 56 34 34 34 34 24 20 20 10 8 8 4 4 3 1 1 2
 8 8 7 15 15 21 20 20 33 33 35 41 41 71 37 37 41 41 43 35 35 35 44 44 51 51 37 45 45 57 54 54 39 39 31 18 18 9 6 6 4 4 3 2 2 1
 8 8 7 15 15 21 20 20 33 33 35 41 41 71 37 37 41 41 43 35 35 35 44 44 51 51 37 45 45 57 54 54 39 39 31 18 18 9 6 6 4 4 3 2 2 1
 5 5 7 13 13 18 23 23 29 29 26 47 47 74 31 31 37 37 51 50 50 66 69 69 55 55 49 45 45 41 44 44 39 39 28 16 16 14 6 6 2 2 2 1 1 1
 6 6 9 11 11 14 22 22 15 15 14 44 44 85 64 64 37 37 47 54 54 61 74 74 43 43 49 42 42 32 35 35 38 38 26 14 14 12 5 5 2 2 2 2 2 1
 6 6 9 11 11 14 22 22 15 15 14 44 44 85 64 64 37 37 47 54 54 61 74 74 43 43 49 42 42 32 35 35 38 38 26 14 14 12 5 5 2 2 2 2 2 1
 5 5 6 7 7 8 10 10 7 7 15 23 23 32 31 31 32 32 38 41 41 43 49 49 44 44 50 43 43 45 46 46 25 25 18 16 16 7 2 2 1 1 1 1 1 1
 6 6 7 7 7 8 9 9 8 8 10 14 14 19 30 30 34 34 41 45 45 41 52 52 52 52 42 52 52 48 39 39 25 25 26 15 15 5 2 2 0 0 0 0 0 0
 6 6 7 7 7 8 9 9 8 8 10 14 14 19 30 30 34 34 41 45 45 41 52 52 52 52 42 52 52 48 39 39 25 25 26 15 15 5 2 2 0 0 0 0 0 0
 8 8 9 8 8 9 7 7 8 8 11 11 11 15 32 32 27 27 78 43 43 42 45 45 45 45 34 44 44 40 40 40 23 23 17 11 11 5 2 2 1 1 1 1 1 1
 8 8 9 8 8 9 7 7 8 8 11 11 11 15 32 32 27 27 78 43 43 42 45 45 45 45 34 44 44 40 40 40 23 23 17 11 11 5 2 2 1 1 1 1 1 1
 9 9 7 5 5 5 7 7 9 9 11 12 12 20 35 35 62 62 66 53 53 61 55 55 49 49 55 61 61 30 22 22 18 18 12 7 7 5 5 5 2 2 1 1 1 2
 6 6 5 5 5 8 9 9 7 7 7 12 12 14 21 21 53 53 71 72 72 56 60 60 47 47 54 43 43 39 41 41 43 43 27 12 12 12 5 5 6 6 3 2 2 1
 6 6 5 5 5 8 9 9 7 7 7 12 12 14 21 21 53 53 71 72 72 56 60 60 47 47 54 43 43 39 41 41 43 43 27 12 12 12 5 5 6 6 3 2 2 1
 4 4 4 5 5 7 8 8 6 6 8 11 11 11 19 19 28 28 24 69 69 58 53 53 41 41 35 30 30 39 60 60 42 42 17 16 16 12 4 4 4 4 4 2 2 1
 4 4 3 3 3 4 3 3 5 5 5 16 16 12 17 17 22 22 28 60 60 45 36 36 46 46 31 31 31 63 61 61 62 62 31 30 30 21 6 6 7 7 4 1 1 1
 4 4 3 3 3 4 3 3 5 5 5 16 16 12 17 17 22 22 28 60 60 45 36 36 46 46 31 31 31 63 61 61 62 62 31 30 30 21 6 6 7 7 4 1 1 1
 4 4 5 4 4 6 4 4 6 6 10 13 13 8 11 11 16 16 15 33 33 21 62 62 30 30 31 31 31 77 77 77 75 75 42 42 42 21 6 6 5 5 6 3 3 1
 4 4 5 4 4 6 4 4 6 6 10 13 13 8 11 11 16 16 15 33 33 21 62 62 30 30 31 31 31 77 77 77 75 75 42 42 42 21 6 6 5 5 6 3 3 1
 4 4 12 8 8 7 4 4 8 8 11 6 6 6 7 7 13 13 13 23 23 15 19 19 26 26 22 20 20 51 77 77 74 74 42 43 43 22 8 8 8 8 7 3 3 2
 6 6 10 9 9 8 6 6 7 7 4 5 5 6 8 8 13 13 14 15 15 14 12 12 19 19 21 18 18 45 44 44 59 59 58 60 60 19 14 14 9 9 5 2 2 2
 6 6 10 9 9 8 6 6 7 7 4 5 5 6 8 8 13 13 14 15 15 14 12 12 19 19 21 18 18 45 44 44 59 59 58 60 60 19 14 14 9 9 5 2 2 2
 2 2 2 4 4 6 6 6 3 3 3 3 3 4 8 8 9 9 11 12 12 13 11 11 18 18 16 23 23 27 28 28 45 45 44 65 65 18 16 16 15 15 3 2 2 2
 1 1 1 3 3 3 3 3 2 2 1 3 3 4 7 7 9 9 8 9 9 9 10 10 18 18 17 19 19 36 33 33 61 61 52 59 59 18 13 13 8 8 8 6 6 2
 1 1 1 3 3 3 3 3 2 2 1 3 3 4 7 7 9 9 8 9 9 9 10 10 18 18 17 19 19 36 33 33 61 61 52 59 59 18 13 13 8 8 8 6 6 2
 1 1 1 2 2 1 1 1 1 1 1 1 1 2 3 3 3 3 6 7 7 8 9 9 16 16 23 23 23 31 26 26 45 45 46 52 52 27 9 9 8 8 7 6 6 6
 1 1 1 2 2 1 1 1 1 1 1 1 1 2 3 3 3 3 6 7 7 8 9 9 16 16 23 23 23 31 26 26 45 45 46 52 52 27 9 9 8 8 7 6 6 6
 0 0 1 2 2 2 1 1 1 1 1 2 2 2 2 2 2 2 3 6 6 9 11 11 18 18 23 20 20 29 33 33 43 43 38 43 43 61 24 24 17 17 7 6 6 7
 0 0 2 2 2 2 3 3 1 1 1 1 1 1 1 1 1 1 3 5 5 7 10 10 11 11 20 20 20 26 30 30 29 29 28 19 19 29 24 24 7 7 8 7 7 7
 0 0 2 2 2 2 3 3 1 1 1 1 1 1 1 1 1 1 3 5 5 7 10 10 11 11 20 20 20 26 30 30 29 29 28 19 19 29 24 24 7 7 8 7 7 7
 1 1 2 2 2 3 3 3 3 3 3 1 1 1 1 1 1 1 1 5 5 6 14 14 14 14 21 23 23 36 21 21 33 33 17 18 18 18 32 32 9 9 10 7 7 7
 1 1 1 1 1 1 1 1 1 1 2 1 1 1 1 1 1 1 1 3 3 7 8 8 12 12 39 25 25 22 71 71 29 29 28 53 53 17 8 8 12 12 10 8 8 4
 1 1 1 1 1 1 1 1 1 1 2 1 1 1 1 1 1 1 1 3 3 7 8 8 12 12 39 25 25 22 71 71 29 29 28 53 53 17 8 8 12 12 10 8 8 4
 0 0 0 0 0 1 1 1 1 1 1 0 0 1 1 1 1 1 1 3 3 3 4 4 14 14 13 17 17 26 15 15 28 28 16 13 13 8 6 6 12 12 8 5 5 4
 0 0 0 0 0 1 1 1 1 1 1 0 0 1 1 1 1 1 1 3 3 3 4 4 14 14 13 17 17 26 15 15 28 28 16 13 13 8 6 6 12 12 8 5 5 4
 0 0 0 0 0 0 0 0 0 0 0 1 1 1 1 1 2 2 2 2 2 4 4 4 4 4 8 7 7 9 6 6 10 10 6 8 8 6 9 9 7 7 7 5 5 5
 0 0 0 0 0 0 0 0 0 0 1 1 1 2 2 2 2 2 2 1 1 2 3 3 2 2 4 4 4 6 7 7 7 7 5 6 6 6 5 5 6 6 6 6 6 4
 0 0 0 0 0 0 0 0 0 0 1 1 1 2 2 2 2 2 2 1 1 2 3 3 2 2 4 4 4 6 7 7 7 7 5 6 6 6 5 5 6 6 6 6 6 4
 0 0 0 0 0 1 1 1 0 0 1 1 1 2 1 1 1 1 2 1 1 1 1 1 1 1 1 2 2 3 5 5 5 5 7 8 8 6 5 5 5 5 5 5 5 2
 0 0 1 1 1 1 2 2 1 1 1 2 2 2 1 1 1 1 1 1 1 1 1 1 1 1 1 1 1 3 4 4 5 5 9 11 11 9 8 8 11 11 7 4 4 1
 0 0 1 1 1 1 2 2 1 1 1 2 2 2 1 1 1 1 1 1 1 1 1 1 1 1 1 1 1 3 4 4 5 5 9 11 11 9 8 8 11 11 7 4 4 1
 0 0 1 0 0 1 2 2 2 2 1 3 3 1 0 0 0 0 0 1 1 1 0 0 1 1 1 1 1 5 6 6 5 5 7 10 10 7 15 15 9 9 5 2 2 1
 0 0 1 0 0 1 2 2 2 2 1 3 3 1 0 0 0 0 0 1 1 1 0 0 1 1 1 1 1 5 6 6 5 5 7 10 10 7 15 15 9 9 5 2 2 1
 1 1 0 0 0 0 1 1 1 1 1 1 1 1 0 0 0 0 0 0 0 0 0 0 0 0 1 1 1 4 6 6 6 6 7 8 8 5 8 8 3 3 2 1 1 0
 0 0 1 1 1 0 0 0 1 1 1 0 0 0 0 0 0 0 0 0 0 0 0 0 1 1 1 2 2 3 4 4 4 4 5 2 2 4 3 3 2 2 1 1 1 0
 0 0 1 1 1 0 0 0 1 1 1 0 0 0 0 0 0 0 0 0 0 0 0 0 1 1 1 2 2 3 4 4 4 4 5 2 2 4 3 3 2 2 1 1 1 0
 0 0 1 1 1 0 0 0 1 1 0 0 0 0 0 0 0 0 0 0 0 0 1 1 1 1 2 2 2 2 4 4 4 4 4 3 3 3 3 3 1 1 1 1 1 1
 0 0 0 0 0 0 0 0 0 0 0 0 0 0 0 0 0 0 0 0 0 0 2 2 2 2 3 3 3 3 2 2 2 2 1 1 1 1 2 2 1 1 1 0 0 1
