assets/RAT_results/precipitation/2021-05-23_IMERG.asc
ncols        46
nrows        77
xllcorner    74.800261325624
yllcorner    8.058333333333
cellsize     0.062500000000
NODATA_value -9999
 1 1 1 0 0 1 0 0 0 0 0 0 0 0 3 3 3 3 4 2 2 0 0 0 0 0 0 0 0 0 0 0 0 0 0 0 0 0 0 0 0 0 0 0 0 0
 1 1 1 0 0 1 1 1 0 0 0 0 0 0 0 0 3 3 8 0 0 0 0 0 0 0 0 0 0 0 0 0 0 0 0 0 0 0 0 0 0 0 0 0 0 0
 1 1 1 0 0 1 1 1 0 0 0 0 0 0 0 0 3 3 8 0 0 0 0 0 0 0 0 0 0 0 0 0 0 0 0 0 0 0 0 0 0 0 0 0 0 0
 1 1 1 0 0 0 0 0 1 1 0 0 0 0 0 0 0 0 1 0 0 0 0 0 0 0 0 0 0 0 0 0 0 0 0 0 0 0 0 0 0 0 0 0 0 0
 1 1 1 0 0 0 0 0 0 0 0 0 0 0 0 0 0 0 0 0 0 0 0 0 0 0 0 0 0 0 0 0 0 0 2 0 0 0 0 0 0 0 0 0 0 0
 1 1 1 0 0 0 0 0 0 0 0 0 0 0 0 0 0 0 0 0 0 0 0 0 0 0 0 0 0 0 0 0 0 0 2 0 0 0 0 0 0 0 0 0 0 0
 1 1 1 1 1 0 0 0 0 0 0 2 2 5 1 1 0 0 0 0 0 0 0 0 0 0 0 0 0 0 0 0 0 0 1 0 0 0 0 0 0 0 0 0 0 0
 1 1 1 1 1 0 0 0 0 0 0 2 2 5 1 1 0 0 0 0 0 0 0 0 0 0 0 0 0 0 0 0 0 0 1 0 0 0 0 0 0 0 0 0 0 0
 1 1 1 2 2 1 0 0 0 0 0 6 6 13 2 2 0 0 1 1 1 0 0 0 0 0 0 0 0 0 0 0 0 0 1 0 0 0 0 0 0 0 0 0 0 0
 1 1 1 2 2 0 0 0 0 0 0 2 2 3 2 2 0 0 1 1 1 1 0 0 0 0 0 0 0 0 0 0 0 0 0 0 0 1 1 1 1 1 0 0 0 1
 1 1 1 2 2 0 0 0 0 0 0 2 2 3 2 2 0 0 1 1 1 1 0 0 0 0 0 0 0 0 0 0 0 0 0 0 0 1 1 1 1 1 0 0 0 1
 1 1 1 1 1 0 0 0 0 0 0 15 15 0 0 0 1 1 2 2 2 1 2 2 1 1 0 0 0 0 0 0 0 0 0 1 1 1 1 1 1 1 1 4 4 2
 1 1 1 1 1 0 0 0 0 0 0 0 0 0 0 0 1 1 10 9 9 6 2 2 2 2 0 0 0 0 0 0 0 0 0 1 1 1 1 1 1 1 1 5 5 3
 1 1 1 1 1 0 0 0 0 0 0 0 0 0 0 0 1 1 10 9 9 6 2 2 2 2 0 0 0 0 0 0 0 0 0 1 1 1 1 1 1 1 1 5 5 3
 1 1 1 1 1 1 0 0 1 1 1 1 1 0 1 1 2 2 8 4 4 1 1 1 1 1 0 0 0 0 0 0 0 0 0 1 1 2 2 2 4 4 3 4 4 4
 1 1 1 1 1 1 0 0 1 1 1 1 1 0 1 1 2 2 8 4 4 1 1 1 1 1 0 0 0 0 0 0 0 0 0 1 1 2 2 2 4 4 3 4 4 4
 0 0 1 1 1 1 0 0 1 1 2 0 0 0 0 0 0 0 0 0 0 0 2 2 5 5 5 3 3 0 0 0 0 0 0 1 1 1 2 2 4 4 2 4 4 4
 0 0 1 1 1 1 1 1 1 1 2 1 1 1 0 0 1 1 2 3 3 2 2 2 2 2 6 4 4 1 1 1 1 1 0 0 0 0 1 1 2 2 1 2 2 2
 0 0 1 1 1 1 1 1 1 1 2 1 1 1 0 0 1 1 2 3 3 2 2 2 2 2 6 4 4 1 1 1 1 1 0 0 0 0 1 1 2 2 1 2 2 2
 0 0 0 0 0 1 1 1 2 2 1 1 1 1 0 0 0 0 1 3 3 3 4 4 13 13 8 15 15 7 1 1 1 1 1 0 0 0 1 1 0 0 1 1 1 2
 0 0 0 0 0 1 0 0 2 2 1 2 2 1 1 1 1 1 1 4 4 6 10 10 8 8 11 7 7 21 22 22 1 1 1 1 1 0 0 0 0 0 0 1 1 1
 0 0 0 0 0 1 0 0 2 2 1 2 2 1 1 1 1 1 1 4 4 6 10 10 8 8 11 7 7 21 22 22 1 1 1 1 1 0 0 0 0 0 0 1 1 1
 0 0 0 1 1 1 1 1 1 1 1 2 2 2 2 2 1 1 1 1 1 4 7 7 8 8 11 8 8 7 20 20 2 2 0 1 1 1 1 1 0 0 0 1 1 1
 0 0 0 1 1 1 1 1 1 1 1 2 2 2 2 2 1 1 1 1 1 4 7 7 8 8 11 8 8 7 20 20 2 2 0 1 1 1 1 1 0 0 0 1 1 1
 1 1 1 1 1 1 1 1 1 1 1 2 2 3 4 4 2 2 1 1 1 1 4 4 3 3 13 15 15 20 17 17 3 3 0 0 0 0 1 1 1 1 0 0 0 0
 1 1 1 1 1 2 3 3 1 1 1 2 2 3 3 3 3 3 2 1 1 1 4 4 1 1 2 10 10 10 11 11 2 2 2 1 1 1 0 0 0 0 0 0 0 0
 1 1 1 1 1 2 3 3 1 1 1 2 2 3 3 3 3 3 2 1 1 1 4 4 1 1 2 10 10 10 11 11 2 2 2 1 1 1 0 0 0 0 0 0 0 0
 1 1 1 2 2 2 2 2 1 1 2 2 2 2 2 2 4 4 2 1 1 1 1 1 1 1 1 0 0 10 11 11 10 10 6 1 1 1 2 2 2 2 0 0 0 0
 2 2 2 3 3 3 3 3 3 3 1 2 2 4 4 4 6 6 5 1 1 1 0 0 0 0 0 0 0 3 2 2 4 4 8 1 1 1 2 2 2 2 0 0 0 0
 2 2 2 3 3 3 3 3 3 3 1 2 2 4 4 4 6 6 5 1 1 1 0 0 0 0 0 0 0 3 2 2 4 4 8 1 1 1 2 2 2 2 0 0 0 0
 1 1 2 2 2 3 3 3 3 3 1 2 2 2 14 14 4 4 5 1 1 0 0 0 0 0 0 0 0 1 1 1 4 4 0 0 0 0 1 1 1 1 0 0 0 0
 1 1 2 2 2 3 3 3 3 3 1 2 2 2 14 14 4 4 5 1 1 0 0 0 0 0 0 0 0 1 1 1 4 4 0 0 0 0 1 1 1 1 0 0 0 0
 1 1 2 2 2 4 3 3 3 3 1 1 1 2 15 15 19 19 18 1 1 0 0 0 0 0 0 0 0 0 0 0 0 0 0 0 0 0 0 0 0 0 0 0 0 0
 1 1 1 1 1 3 3 3 3 3 2 1 1 2 2 2 4 4 19 4 4 0 0 0 0 0 0 0 0 0 0 0 0 0 0 0 0 0 0 0 0 0 0 0 0 0
 1 1 1 1 1 3 3 3 3 3 2 1 1 2 2 2 4 4 19 4 4 0 0 0 0 0 0 0 0 0 0 0 0 0 0 0 0 0 0 0 0 0 0 0 0 0
 1 1 1 1 1 3 2 2 1 1 1 1 1 1 2 2 8 8 10 10 10 3 1 1 2 2 0 0 0 0 0 0 0 0 0 0 0 0 1 1 0 0 0 0 0 0
 1 1 1 1 1 1 1 1 1 1 1 1 1 1 5 5 16 16 16 12 12 5 4 4 2 2 0 0 0 0 2 2 6 6 10 2 2 1 0 0 0 0 0 0 0 0
 1 1 1 1 1 1 1 1 1 1 1 1 1 1 5 5 16 16 16 12 12 5 4 4 2 2 0 0 0 0 2 2 6 6 10 2 2 1 0 0 0 0 0 0 0 0
 1 1 1 1 1 1 1 1 1 1 1 1 1 1 5 5 8 8 9 8 8 6 5 5 4 4 1 0 0 0 1 1 10 10 18 5 5 2 0 0 0 0 0 0 0 0
 1 1 1 1 1 1 1 1 1 1 1 1 1 1 5 5 8 8 9 8 8 6 5 5 4 4 1 0 0 0 1 1 10 10 18 5 5 2 0 0 0 0 0 0 0 0
 1 1 1 1 1 1 1 1 1 1 1 1 1 1 2 2 3 3 2 2 2 3 2 2 3 3 1 1 1 1 2 2 15 15 15 2 2 3 0 0 0 0 0 1 1 0
 1 1 1 1 1 1 1 1 1 1 3 3 3 3 4 4 1 1 3 2 2 2 3 3 2 2 1 1 1 1 2 2 15 15 15 16 16 3 1 1 0 0 1 2 2 3
 1 1 1 1 1 1 1 1 1 1 3 3 3 3 4 4 1 1 3 2 2 2 3 3 2 2 1 1 1 1 2 2 15 15 15 16 16 3 1 1 0 0 1 2 2 3
 2 2 1 1 1 1 2 2 4 4 3 3 3 3 4 4 4 4 6 4 4 5 5 5 3 3 2 2 2 1 2 2 13 13 13 18 18 6 1 1 1 1 0 0 0 1
 1 1 1 1 1 1 2 2 4 4 5 4 4 4 1 1 2 2 6 4 4 5 5 5 3 3 1 1 1 1 0 0 1 1 7 17 17 16 2 2 1 1 0 0 0 0
 1 1 1 1 1 1 2 2 4 4 5 4 4 4 1 1 2 2 6 4 4 5 5 5 3 3 1 1 1 1 0 0 1 1 7 17 17 16 2 2 1 1 0 0 0 0
 0 0 0 0 0 0 0 0 1 1 0 0 0 1 1 1 1 1 2 2 2 4 4 4 3 3 2 1 1 1 1 1 1 1 4 17 17 16 16 16 0 0 0 0 0 0
 0 0 0 0 0 0 0 0 1 1 0 0 0 1 1 1 1 1 2 2 2 4 4 4 3 3 2 1 1 1 1 1 1 1 4 17 17 16 16 16 0 0 0 0 0 0
 0 0 0 0 0 0 0 0 0 0 0 0 0 0 0 0 0 0 0 1 1 1 1 1 3 3 2 1 1 1 1 1 0 0 2 7 7 7 3 3 0 0 0 0 0 0
 0 0 0 0 0 0 0 0 0 0 0 0 0 0 0 0 0 0 0 1 1 1 0 0 1 1 2 2 2 1 1 1 0 0 1 1 1 2 3 3 1 1 1 0 0 0
 0 0 0 0 0 0 0 0 0 0 0 0 0 0 0 0 0 0 0 1 1 1 0 0 1 1 2 2 2 1 1 1 0 0 1 1 1 2 3 3 1 1 1 0 0 0
 0 0 0 0 0 0 0 0 0 0 0 0 0 0 0 0 1 1 1 1 1 1 1 1 1 1 1 2 2 1 1 1 0 0 0 0 0 1 2 2 1 1 1 1 1 0
 0 0 0 0 0 0 0 0 0 0 0 0 0 0 0 0 0 0 1 1 1 1 1 1 1 1 3 2 2 1 1 1 1 1 0 0 0 3 7 7 4 4 4 0 0 0
 0 0 0 0 0 0 0 0 0 0 0 0 0 0 0 0 0 0 1 1 1 1 1 1 1 1 3 2 2 1 1 1 1 1 0 0 0 3 7 7 4 4 4 0 0 0
 0 0 0 0 0 0 0 0 0 0 0 0 0 0 0 0 0 0 1 1 1 2 2 2 3 3 4 3 3 2 3 3 2 2 1 1 1 1 1 1 6 6 3 0 0 0
 0 0 0 0 0 0 0 0 0 0 0 0 0 0 0 0 0 0 1 1 1 2 2 2 3 3 4 3 3 2 3 3 2 2 1 1 1 1 1 1 6 6 3 0 0 0
 1 1 1 0 0 0 1 1 0 0 0 0 0 0 0 0 0 0 0 1 1 1 2 2 3 3 6 6 6 4 5 5 2 2 1 1 1 0 0 0 0 0 0 0 0 0
 2 2 2 0 0 1 0 0 1 1 0 1 1 0 0 0 1 1 1 2 2 3 9 9 7 7 7 7 7 5 4 4 2 2 1 0 0 0 0 0 0 0 0 0 0 0
 2 2 2 0 0 1 0 0 1 1 0 1 1 0 0 0 1 1 1 2 2 3 9 9 7 7 7 7 7 5 4 4 2 2 1 0 0 0 0 0 0 0 0 0 0 0
 3 3 2 4 4 3 3 3 3 3 3 1 1 1 1 1 2 2 2 2 2 3 3 3 3 3 6 9 9 3 2 2 1 1 0 0 0 0 0 0 0 0 0 0 0 0
 6 6 5 5 5 5 5 5 4 4 3 4 4 4 3 3 2 2 3 2 2 1 2 2 2 2 2 4 4 2 0 0 0 0 0 1 1 1 1 1 0 0 0 0 0 0
 6 6 5 5 5 5 5 5 4 4 3 4 4 4 3 3 2 2 3 2 2 1 2 2 2 2 2 4 4 2 0 0 0 0 0 1 1 1 1 1 0 0 0 0 0 0
 5 5 6 8 8 8 6 6 5 5 6 6 6 8 9 9 4 4 4 3 3 2 2 2 3 3 3 7 7 4 3 3 6 6 7 7 7 1 1 1 0 0 0 0 0 0
 5 5 6 8 8 8 6 6 5 5 6 6 6 8 9 9 4 4 4 3 3 2 2 2 3 3 3 7 7 4 3 3 6 6 7 7 7 1 1 1 0 0 0 0 0 0
 4 4 5 7 7 7 6 6 6 6 6 6 6 5 4 4 3 3 4 3 3 2 1 1 2 2 3 5 5 7 12 12 10 10 24 12 12 6 4 4 4 4 4 0 0 0
 5 5 4 5 5 4 9 9 10 10 5 4 4 4 5 5 5 5 4 1 1 1 1 1 1 1 2 4 4 8 11 11 12 12 7 6 6 6 14 14 18 18 7 3 3 0
 5 5 4 5 5 4 9 9 10 10 5 4 4 4 5 5 5 5 4 1 1 1 1 1 1 1 2 4 4 8 11 11 12 12 7 6 6 6 14 14 18 18 7 3 3 0
 3 3 4 4 4 4 10 10 8 8 2 3 3 4 6 6 4 4 4 3 3 1 1 1 2 2 2 5 5 5 7 7 12 12 10 13 13 9 17 17 19 19 8 4 4 6
 5 5 7 2 2 3 4 4 3 3 3 3 3 2 3 3 1 1 3 2 2 2 1 1 1 1 1 7 7 8 8 8 13 13 10 10 10 21 18 18 26 26 28 26 26 12
 5 5 7 2 2 3 4 4 3 3 3 3 3 2 3 3 1 1 3 2 2 2 1 1 1 1 1 7 7 8 8 8 13 13 10 10 10 21 18 18 26 26 28 26 26 12
 4 4 7 2 2 2 3 3 2 2 2 1 1 1 1 1 1 1 2 1 1 2 3 3 2 2 3 7 7 6 8 8 11 11 23 29 29 35 35 35 35 35 27 27 27 31
 4 4 7 2 2 2 3 3 2 2 2 1 1 1 1 1 1 1 2 1 1 2 3 3 2 2 3 7 7 6 8 8 11 11 23 29 29 35 35 35 35 35 27 27 27 31
 3 3 7 3 3 5 2 2 1 1 2 2 2 2 2 2 2 2 2 2 2 2 5 5 3 3 3 7 7 7 13 13 14 14 25 23 23 38 37 37 32 32 31 18 18 17
 1 1 8 8 8 7 3 3 3 3 2 2 2 2 2 2 2 2 2 3 3 2 5 5 5 5 6 4 4 7 6 6 14 14 20 19 19 24 32 32 16 16 21 15 15 17
 1 1 8 8 8 7 3 3 3 3 2 2 2 2 2 2 2 2 2 3 3 2 5 5 5 5 6 4 4 7 6 6 14 14 20 19 19 24 32 32 16 16 21 15 15 17
 1 1 1 7 7 10 4 4 1 1 1 1 1 2 2 2 1 1 1 2 2 2 2 2 2 2 2 4 4 7 8 8 8 8 11 15 15 16 15 15 17 17 15 13 13 12
 3 3 3 1 1 8 11 11 4 4 1 2 2 2 2 2 3 3 3 5 5 8 8 8 9 9 8 4 4 5 6 6 8 8 10 13 13 14 13 13 12 12 12 12 12 7
