assets/RAT_results/precipitation/2021-10-28_IMERG.asc
ncols        46
nrows        77
xllcorner    74.800261325624
yllcorner    8.058333333333
cellsize     0.062500000000
NODATA_value -9999
 0 0 0 0 0 0 1 1 3 3 1 0 0 0 0 0 0 0 0 1 1 0 0 0 0 0 0 0 0 0 0 0 0 0 0 0 0 0 0 0 0 0 0 0 0 1
 1 1 1 0 0 1 4 4 12 12 12 1 1 0 0 0 0 0 0 0 0 0 0 0 0 0 0 0 0 0 0 0 0 0 0 0 0 0 0 0 0 0 0 0 0 0
 1 1 1 0 0 1 4 4 12 12 12 1 1 0 0 0 0 0 0 0 0 0 0 0 0 0 0 0 0 0 0 0 0 0 0 0 0 0 0 0 0 0 0 0 0 0
 1 1 1 1 1 1 4 4 11 11 11 0 0 0 0 0 0 0 0 0 0 0 0 0 0 0 0 0 0 0 0 0 0 0 0 0 0 0 0 0 0 0 0 0 0 0
 0 0 1 2 2 1 3 3 3 3 8 0 0 0 0 0 0 0 0 0 0 0 0 0 0 0 0 0 0 1 0 0 0 0 0 0 0 0 0 0 0 0 0 0 0 0
 0 0 1 2 2 1 3 3 3 3 8 0 0 0 0 0 0 0 0 0 0 0 0 0 0 0 0 0 0 1 0 0 0 0 0 0 0 0 0 0 0 0 0 0 0 0
 0 0 1 2 2 2 4 4 2 2 3 0 0 0 0 0 0 0 0 0 0 0 0 0 0 0 0 0 0 0 0 0 0 0 0 0 0 0 0 0 0 0 0 0 0 0
 0 0 1 2 2 2 4 4 2 2 3 0 0 0 0 0 0 0 0 0 0 0 0 0 0 0 0 0 0 0 0 0 0 0 0 0 0 0 0 0 0 0 0 0 0 0
 0 0 1 2 2 3 4 4 9 9 2 0 0 0 0 0 0 0 0 0 0 0 0 0 0 0 0 0 0 0 0 0 0 0 0 0 0 0 0 0 0 0 0 0 0 0
 2 2 0 1 1 2 4 4 2 2 5 7 7 0 0 0 0 0 0 1 1 1 1 1 0 0 0 0 0 0 0 0 0 0 0 0 0 0 0 0 0 0 0 0 0 0
 2 2 0 1 1 2 4 4 2 2 5 7 7 0 0 0 0 0 0 1 1 1 1 1 0 0 0 0 0 0 0 0 0 0 0 0 0 0 0 0 0 0 0 0 0 0
 2 2 0 0 0 1 2 2 1 1 1 5 5 0 0 0 0 0 0 1 1 1 1 1 1 1 0 0 0 0 0 0 0 0 0 0 0 0 0 0 0 0 0 0 0 0
 2 2 1 0 0 1 1 1 2 2 2 1 1 0 0 0 0 0 0 1 1 1 1 1 1 1 0 0 0 0 0 0 0 0 0 0 0 0 0 0 0 0 0 0 0 2
 2 2 1 0 0 1 1 1 2 2 2 1 1 0 0 0 0 0 0 1 1 1 1 1 1 1 0 0 0 0 0 0 0 0 0 0 0 0 0 0 0 0 0 0 0 2
 2 2 2 1 1 0 1 1 1 1 1 1 1 0 0 0 0 0 0 0 0 1 1 1 1 1 1 0 0 0 0 0 0 0 0 0 0 0 0 0 0 0 0 0 0 1
 2 2 2 1 1 0 1 1 1 1 1 1 1 0 0 0 0 0 0 0 0 1 1 1 1 1 1 0 0 0 0 0 0 0 0 0 0 0 0 0 0 0 0 0 0 1
 1 1 1 1 1 1 1 1 1 1 1 1 1 1 1 1 0 0 0 0 0 1 1 1 1 1 1 1 1 0 0 0 0 0 0 0 0 0 0 0 0 0 0 0 0 0
 1 1 0 1 1 1 1 1 1 1 1 1 1 2 1 1 1 1 0 0 0 0 1 1 1 1 1 1 1 0 0 0 0 0 0 0 0 0 0 0 0 0 0 0 0 0
 1 1 0 1 1 1 1 1 1 1 1 1 1 2 1 1 1 1 0 0 0 0 1 1 1 1 1 1 1 0 0 0 0 0 0 0 0 0 0 0 0 0 0 0 0 0
 0 0 1 1 1 1 1 1 1 1 1 1 1 2 2 2 1 1 2 4 4 1 1 1 1 1 1 1 1 0 0 0 0 0 0 0 0 0 0 0 0 0 0 0 0 1
 2 2 1 1 1 1 1 1 1 1 1 1 1 2 3 3 3 3 5 7 7 8 2 2 0 0 1 1 1 1 0 0 1 1 0 0 0 0 0 0 0 0 0 0 0 0
 2 2 1 1 1 1 1 1 1 1 1 1 1 2 3 3 3 3 5 7 7 8 2 2 0 0 1 1 1 1 0 0 1 1 0 0 0 0 0 0 0 0 0 0 0 0
 1 1 2 1 1 1 1 1 1 1 1 1 1 2 3 3 5 5 12 18 18 11 7 7 4 4 0 1 1 2 1 1 1 1 0 0 0 0 0 0 0 0 0 0 0 0
 1 1 2 1 1 1 1 1 1 1 1 1 1 2 3 3 5 5 12 18 18 11 7 7 4 4 0 1 1 2 1 1 1 1 0 0 0 0 0 0 0 0 0 0 0 0
 1 1 3 1 1 1 1 1 0 0 1 1 1 2 3 3 5 5 6 19 19 12 18 18 27 27 52 2 2 3 2 2 0 0 0 0 0 0 0 0 0 0 0 0 0 0
 2 2 3 7 7 0 0 0 1 1 1 1 1 3 5 5 4 4 5 7 7 5 54 54 52 52 26 7 7 3 1 1 1 1 0 0 0 0 0 0 0 0 0 0 0 0
 2 2 3 7 7 0 0 0 1 1 1 1 1 3 5 5 4 4 5 7 7 5 54 54 52 52 26 7 7 3 1 1 1 1 0 0 0 0 0 0 0 0 0 0 0 0
 8 8 4 10 10 6 1 1 1 1 1 1 1 5 6 6 6 6 4 6 6 6 8 8 4 4 9 17 17 5 1 1 1 1 0 0 0 0 0 0 0 0 0 0 0 0
 15 15 8 12 12 10 1 1 1 1 1 1 1 5 6 6 6 6 9 5 5 7 9 9 5 5 8 5 5 4 1 1 1 1 0 0 0 0 0 0 0 0 0 0 0 0
 15 15 8 12 12 10 1 1 1 1 1 1 1 5 6 6 6 6 9 5 5 7 9 9 5 5 8 5 5 4 1 1 1 1 0 0 0 0 0 0 0 0 0 0 0 0
 16 16 9 12 12 10 9 9 2 2 1 1 1 2 5 5 9 9 8 6 6 7 8 8 6 6 7 2 2 1 1 1 1 1 0 0 0 0 0 0 0 0 0 0 0 0
 16 16 9 12 12 10 9 9 2 2 1 1 1 2 5 5 9 9 8 6 6 7 8 8 6 6 7 2 2 1 1 1 1 1 0 0 0 0 0 0 0 0 0 0 0 0
 29 29 17 15 15 10 22 22 14 14 18 1 1 2 3 3 6 6 6 7 7 8 8 8 4 4 7 4 4 1 1 1 1 1 0 0 0 0 0 0 0 0 0 0 0 0
 13 13 12 13 13 7 17 17 16 16 20 3 3 1 4 4 3 3 5 6 6 6 5 5 5 5 5 2 2 1 1 1 1 1 1 0 0 0 0 0 0 0 0 0 0 0
 13 13 12 13 13 7 17 17 16 16 20 3 3 1 4 4 3 3 5 6 6 6 5 5 5 5 5 2 2 1 1 1 1 1 1 0 0 0 0 0 0 0 0 0 0 0
 11 11 8 12 12 6 12 12 26 26 24 26 26 2 3 3 3 3 4 3 3 2 4 4 7 7 6 2 2 1 1 1 1 1 0 0 0 0 0 0 0 0 0 1 1 0
 9 9 7 9 9 6 5 5 4 4 24 26 26 1 1 1 1 1 2 2 2 2 3 3 4 4 5 5 5 2 1 1 1 1 0 0 0 0 0 0 0 0 1 1 1 0
 9 9 7 9 9 6 5 5 4 4 24 26 26 1 1 1 1 1 2 2 2 2 3 3 4 4 5 5 5 2 1 1 1 1 0 0 0 0 0 0 0 0 1 1 1 0
 7 7 7 6 6 7 6 6 5 5 31 28 28 1 1 1 2 2 2 2 2 2 2 2 3 3 3 5 5 11 3 3 1 1 1 1 1 1 1 1 0 0 0 1 1 1
 7 7 7 6 6 7 6 6 5 5 31 28 28 1 1 1 2 2 2 2 2 2 2 2 3 3 3 5 5 11 3 3 1 1 1 1 1 1 1 1 0 0 0 1 1 1
 7 7 7 7 7 7 7 7 6 6 5 4 4 3 2 2 1 1 1 1 1 1 2 2 5 5 9 44 44 18 7 7 5 5 1 1 1 1 3 3 0 0 2 2 2 2
 5 5 6 7 7 8 7 7 6 6 7 3 3 3 2 2 1 1 1 1 1 2 2 2 4 4 3 9 9 6 11 11 8 8 4 4 4 4 3 3 3 3 2 3 3 2
 5 5 6 7 7 8 7 7 6 6 7 3 3 3 2 2 1 1 1 1 1 2 2 2 4 4 3 9 9 6 11 11 8 8 4 4 4 4 3 3 3 3 2 3 3 2
 4 4 5 8 8 7 7 7 7 7 8 8 8 2 2 2 1 1 1 1 1 1 1 1 1 1 3 5 5 5 10 10 8 8 4 4 4 4 5 5 4 4 4 2 2 4
 3 3 5 5 5 5 6 6 5 5 9 8 8 5 2 2 1 1 1 1 1 1 1 1 2 2 2 1 1 5 9 9 8 8 7 7 7 5 5 5 4 4 4 3 3 3
 3 3 5 5 5 5 6 6 5 5 9 8 8 5 2 2 1 1 1 1 1 1 1 1 2 2 2 1 1 5 9 9 8 8 7 7 7 5 5 5 4 4 4 3 3 3
 4 4 3 4 4 3 4 4 5 5 7 7 7 6 2 2 1 1 1 1 1 7 6 6 5 5 3 6 6 6 5 5 6 6 3 5 5 5 2 2 0 0 1 2 2 3
 4 4 3 4 4 3 4 4 5 5 7 7 7 6 2 2 1 1 1 1 1 7 6 6 5 5 3 6 6 6 5 5 6 6 3 5 5 5 2 2 0 0 1 2 2 3
 3 3 3 3 3 2 4 4 7 7 5 7 7 1 1 1 1 1 1 1 1 7 6 6 8 8 7 5 5 9 10 10 7 7 5 6 6 7 3 3 0 0 0 1 1 3
 8 8 8 3 3 2 4 4 5 5 6 6 6 4 1 1 1 1 1 4 4 28 28 28 8 8 8 5 5 6 8 8 10 10 15 6 6 5 2 2 0 0 0 1 1 3
 8 8 8 3 3 2 4 4 5 5 6 6 6 4 1 1 1 1 1 4 4 28 28 28 8 8 8 5 5 6 8 8 10 10 15 6 6 5 2 2 0 0 0 1 1 3
 3 3 8 4 4 2 5 5 6 6 4 5 5 4 4 4 2 2 1 3 3 2 6 6 5 5 6 8 8 9 14 14 26 26 32 10 10 6 4 4 1 1 1 4 4 3
 4 4 2 3 3 3 4 4 4 4 5 5 5 4 4 4 2 2 2 1 1 1 6 6 11 11 10 11 11 14 13 13 33 33 69 101 101 52 5 5 6 6 5 3 3 3
 4 4 2 3 3 3 4 4 4 4 5 5 5 4 4 4 2 2 2 1 1 1 6 6 11 11 10 11 11 14 13 13 33 33 69 101 101 52 5 5 6 6 5 3 3 3
 10 10 3 3 3 3 5 5 4 4 5 5 5 4 2 2 6 6 6 5 5 7 23 23 20 20 15 14 14 17 28 28 81 81 70 76 76 29 18 18 14 14 12 4 4 3
 10 10 3 3 3 3 5 5 4 4 5 5 5 4 2 2 6 6 6 5 5 7 23 23 20 20 15 14 14 17 28 28 81 81 70 76 76 29 18 18 14 14 12 4 4 3
 11 11 3 4 4 4 4 4 5 5 5 4 4 4 4 4 7 7 4 4 4 7 24 24 27 27 19 17 17 21 24 24 26 26 21 41 41 15 16 16 20 20 29 4 4 3
 5 5 4 4 4 5 5 5 4 4 5 6 6 4 5 5 9 9 9 9 9 10 22 22 23 23 17 27 27 23 20 20 24 24 27 27 27 20 28 28 14 14 15 4 4 11
 5 5 4 4 4 5 5 5 4 4 5 6 6 4 5 5 9 9 9 9 9 10 22 22 23 23 17 27 27 23 20 20 24 24 27 27 27 20 28 28 14 14 15 4 4 11
 4 4 3 3 3 4 5 5 6 6 5 6 6 6 7 7 4 4 5 13 13 14 10 10 18 18 20 20 20 24 22 22 31 31 30 24 24 18 25 25 29 29 14 6 6 6
 3 3 3 3 3 3 4 4 6 6 5 8 8 8 14 14 7 7 13 9 9 13 10 10 17 17 21 23 23 27 26 26 31 31 37 27 27 29 36 36 31 31 9 7 7 9
 3 3 3 3 3 3 4 4 6 6 5 8 8 8 14 14 7 7 13 9 9 13 10 10 17 17 21 23 23 27 26 26 31 31 37 27 27 29 36 36 31 31 9 7 7 9
 3 3 3 3 3 4 3 3 7 7 9 8 8 20 15 15 14 14 15 5 5 3 10 10 20 20 21 23 23 18 20 20 22 22 29 35 35 31 22 22 24 24 13 8 8 6
 3 3 3 3 3 4 3 3 7 7 9 8 8 20 15 15 14 14 15 5 5 3 10 10 20 20 21 23 23 18 20 20 22 22 29 35 35 31 22 22 24 24 13 8 8 6
 2 2 3 3 3 4 5 5 5 5 11 15 15 33 17 17 12 12 15 2 2 3 7 7 21 21 22 18 18 22 27 27 23 23 25 33 33 42 29 29 22 22 16 25 25 10
 4 4 4 4 4 4 5 5 5 5 9 17 17 33 16 16 8 8 15 1 1 1 6 6 20 20 22 14 14 13 15 15 28 28 75 31 31 23 32 32 30 30 19 20 20 20
 4 4 4 4 4 4 5 5 5 5 9 17 17 33 16 16 8 8 15 1 1 1 6 6 20 20 22 14 14 13 15 15 28 28 75 31 31 23 32 32 30 30 19 20 20 20
 2 2 2 4 4 3 4 4 5 5 7 8 8 9 9 9 6 6 11 6 6 13 8 8 9 9 5 11 11 13 21 21 23 23 30 39 39 46 28 28 27 27 15 22 22 18
 1 1 1 3 3 3 4 4 4 4 6 7 7 8 6 6 8 8 9 5 5 12 10 10 22 22 14 15 15 14 14 14 24 24 32 22 22 21 21 21 23 23 18 17 17 13
 1 1 1 3 3 3 4 4 4 4 6 7 7 8 6 6 8 8 9 5 5 12 10 10 22 22 14 15 15 14 14 14 24 24 32 22 22 21 21 21 23 23 18 17 17 13
 1 1 1 1 1 2 3 3 4 4 6 4 4 8 5 5 6 6 8 9 9 14 15 15 23 23 15 15 15 13 45 45 70 70 45 24 24 15 17 17 23 23 19 15 15 16
 1 1 1 1 1 2 3 3 4 4 6 4 4 8 5 5 6 6 8 9 9 14 15 15 23 23 15 15 15 13 45 45 70 70 45 24 24 15 17 17 23 23 19 15 15 16
 1 1 1 1 1 3 3 3 2 2 4 3 3 5 4 4 9 9 8 9 9 14 32 32 77 77 26 32 32 46 48 48 66 66 17 16 16 17 18 18 14 14 16 14 14 15
 1 1 1 1 1 2 3 3 2 2 3 3 3 4 4 4 11 11 10 12 12 32 32 32 80 80 84 59 59 33 32 32 57 57 16 17 17 8 15 15 13 13 14 13 13 12
 1 1 1 1 1 2 3 3 2 2 3 3 3 4 4 4 11 11 10 12 12 32 32 32 80 80 84 59 59 33 32 32 57 57 16 17 17 8 15 15 13 13 14 13 13 12
 0 0 1 1 1 1 2 2 2 2 2 3 3 3 4 4 12 12 11 13 13 14 21 21 87 87 86 53 53 62 32 32 53 53 7 8 8 6 16 16 15 15 14 13 13 12
 0 0 0 1 1 1 1 1 1 1 2 2 2 4 4 4 8 8 5 14 14 14 21 21 8 8 29 40 40 40 14 14 8 8 8 5 5 3 11 11 11 11 15 10 10 9
