assets/RAT_results/precipitation/2021-04-15_IMERG.asc
ncols        46
nrows        77
xllcorner    74.800261325624
yllcorner    8.058333333333
cellsize     0.062500000000
NODATA_value -9999
 4 4 4 3 3 4 6 6 0 0 1 3 3 1 1 1 0 0 1 2 2 2 2 2 2 2 2 2 2 3 3 3 3 3 3 2 2 5 5 5 6 6 10 17 17 15
 6 6 4 5 5 6 9 9 0 0 0 1 1 1 0 0 0 0 0 0 0 0 2 2 2 2 2 2 2 3 3 3 4 4 3 4 4 5 7 7 9 9 12 18 18 20
 6 6 4 5 5 6 9 9 0 0 0 1 1 1 0 0 0 0 0 0 0 0 2 2 2 2 2 2 2 3 3 3 4 4 3 4 4 5 7 7 9 9 12 18 18 20
 5 5 6 6 6 9 9 9 0 0 0 0 0 0 0 0 0 0 0 0 0 1 1 1 2 2 3 2 2 3 3 3 6 6 4 4 4 5 7 7 7 7 11 22 22 22
 6 6 7 6 6 6 9 9 0 0 0 0 0 0 0 0 0 0 0 1 1 2 3 3 4 4 3 4 4 4 4 4 4 4 3 2 2 5 8 8 10 10 17 18 18 22
 6 6 7 6 6 6 9 9 0 0 0 0 0 0 0 0 0 0 0 1 1 2 3 3 4 4 3 4 4 4 4 4 4 4 3 2 2 5 8 8 10 10 17 18 18 22
 32 32 64 10 10 5 0 0 0 0 0 0 0 0 0 0 0 0 1 2 2 3 2 2 4 4 4 4 4 3 5 5 2 2 1 1 1 4 7 7 6 6 9 14 14 19
 32 32 64 10 10 5 0 0 0 0 0 0 0 0 0 0 0 0 1 2 2 3 2 2 4 4 4 4 4 3 5 5 2 2 1 1 1 4 7 7 6 6 9 14 14 19
 33 33 34 6 6 2 0 0 0 0 0 0 0 0 1 1 2 2 2 5 5 6 4 4 3 3 4 4 4 3 6 6 1 1 1 1 1 13 13 13 14 14 17 12 12 11
 20 20 6 5 5 9 0 0 0 0 0 0 0 2 7 7 2 2 4 7 7 13 6 6 4 4 3 4 4 5 3 3 4 4 1 1 1 1 14 14 15 15 22 24 24 23
 20 20 6 5 5 9 0 0 0 0 0 0 0 2 7 7 2 2 4 7 7 13 6 6 4 4 3 4 4 5 3 3 4 4 1 1 1 1 14 14 15 15 22 24 24 23
 5 5 5 11 11 9 1 1 0 0 0 0 0 0 1 1 2 2 2 2 2 4 5 5 6 6 3 3 3 2 2 2 1 1 2 1 1 0 15 15 17 17 25 29 29 33
 2 2 16 15 15 0 5 5 0 0 0 0 0 1 0 0 0 0 5 3 3 3 10 10 2 2 2 0 0 0 0 0 2 2 3 4 4 2 8 8 11 11 14 27 27 28
 2 2 16 15 15 0 5 5 0 0 0 0 0 1 0 0 0 0 5 3 3 3 10 10 2 2 2 0 0 0 0 0 2 2 3 4 4 2 8 8 11 11 14 27 27 28
 2 2 1 5 5 1 2 2 1 1 0 0 0 0 0 0 0 0 1 1 1 1 6 6 8 8 1 1 1 1 1 1 1 1 2 0 0 2 6 6 22 22 26 26 26 37
 2 2 1 5 5 1 2 2 1 1 0 0 0 0 0 0 0 0 1 1 1 1 6 6 8 8 1 1 1 1 1 1 1 1 2 0 0 2 6 6 22 22 26 26 26 37
 2 2 2 0 0 3 1 1 1 1 1 1 1 1 1 1 0 0 0 2 2 2 2 2 2 2 8 2 2 1 1 1 1 1 0 0 0 1 3 3 19 19 18 6 6 26
 1 1 1 1 1 3 2 2 2 2 3 1 1 1 1 1 4 4 1 1 1 2 2 2 2 2 2 3 3 3 13 13 22 22 1 0 0 0 1 1 4 4 5 7 7 24
 1 1 1 1 1 3 2 2 2 2 3 1 1 1 1 1 4 4 1 1 1 2 2 2 2 2 2 3 3 3 13 13 22 22 1 0 0 0 1 1 4 4 5 7 7 24
 1 1 0 0 0 0 1 1 2 2 3 2 2 12 7 7 1 1 1 2 2 2 12 12 1 1 1 2 2 3 23 23 33 33 3 0 0 0 1 1 1 1 2 4 4 9
 0 0 0 0 0 0 1 1 2 2 3 4 4 2 2 2 2 2 2 2 2 5 3 3 1 1 0 0 0 1 14 14 13 13 0 0 0 0 0 0 1 1 2 8 8 8
 0 0 0 0 0 0 1 1 2 2 3 4 4 2 2 2 2 2 2 2 2 5 3 3 1 1 0 0 0 1 14 14 13 13 0 0 0 0 0 0 1 1 2 8 8 8
 0 0 0 0 0 0 0 0 1 1 2 3 3 3 3 3 2 2 2 2 2 4 2 2 1 1 3 1 1 1 7 7 2 2 0 0 0 0 0 0 4 4 12 15 15 21
 0 0 0 0 0 0 0 0 1 1 2 3 3 3 3 3 2 2 2 2 2 4 2 2 1 1 3 1 1 1 7 7 2 2 0 0 0 0 0 0 4 4 12 15 15 21
 0 0 0 0 0 0 0 0 1 1 1 2 2 3 3 3 3 3 3 2 2 2 1 1 1 1 5 1 1 2 3 3 3 3 0 1 1 1 9 9 9 9 20 19 19 22
 0 0 0 0 0 0 1 1 1 1 1 2 2 2 3 3 3 3 2 2 2 2 1 1 1 1 5 2 2 1 3 3 1 1 0 1 1 10 16 16 17 17 24 31 31 23
 0 0 0 0 0 0 1 1 1 1 1 2 2 2 3 3 3 3 2 2 2 2 1 1 1 1 5 2 2 1 3 3 1 1 0 1 1 10 16 16 17 17 24 31 31 23
 0 0 0 0 0 1 2 2 2 2 1 2 2 3 3 3 3 3 3 2 2 1 1 1 0 0 0 1 1 4 10 10 1 1 0 1 1 0 1 1 0 0 17 9 9 10
 2 2 1 1 1 2 4 4 2 2 3 3 3 3 3 3 4 4 3 2 2 1 1 1 0 0 0 1 1 6 13 13 4 4 5 4 4 0 0 0 1 1 0 10 10 9
 2 2 1 1 1 2 4 4 2 2 3 3 3 3 3 3 4 4 3 2 2 1 1 1 0 0 0 1 1 6 13 13 4 4 5 4 4 0 0 0 1 1 0 10 10 9
 3 3 3 3 3 3 4 4 3 3 4 5 5 4 4 4 4 4 3 2 2 1 0 0 0 0 0 1 1 10 11 11 12 12 9 7 7 3 3 3 5 5 5 14 14 12
 3 3 3 3 3 3 4 4 3 3 4 5 5 4 4 4 4 4 3 2 2 1 0 0 0 0 0 1 1 10 11 11 12 12 9 7 7 3 3 3 5 5 5 14 14 12
 7 7 6 5 5 5 4 4 5 5 5 6 6 5 3 3 4 4 2 2 2 0 0 0 0 0 0 0 0 4 8 8 9 9 7 9 9 13 5 5 2 2 3 16 16 14
 7 7 5 5 5 5 6 6 7 7 6 6 6 4 3 3 3 3 2 2 2 0 0 0 0 0 0 0 0 6 7 7 6 6 5 6 6 7 5 5 3 3 2 4 4 6
 7 7 5 5 5 5 6 6 7 7 6 6 6 4 3 3 3 3 2 2 2 0 0 0 0 0 0 0 0 6 7 7 6 6 5 6 6 7 5 5 3 3 2 4 4 6
 2 2 2 2 2 2 4 4 6 6 6 5 5 4 7 7 6 6 5 1 1 0 0 0 2 2 0 0 0 0 3 3 3 3 3 3 3 4 1 1 1 1 1 0 0 4
 1 1 0 1 1 1 3 3 5 5 6 4 4 3 3 3 5 5 4 1 1 0 0 0 2 2 5 6 6 3 5 5 4 4 1 1 1 0 1 1 1 1 2 0 0 2
 1 1 0 1 1 1 3 3 5 5 6 4 4 3 3 3 5 5 4 1 1 0 0 0 2 2 5 6 6 3 5 5 4 4 1 1 1 0 1 1 1 1 2 0 0 2
 1 1 0 0 0 1 2 2 5 5 5 4 4 3 2 2 8 8 7 2 2 0 0 0 2 2 13 6 6 10 12 12 3 3 4 4 4 4 4 4 6 6 3 3 3 2
 1 1 0 0 0 1 2 2 5 5 5 4 4 3 2 2 8 8 7 2 2 0 0 0 2 2 13 6 6 10 12 12 3 3 4 4 4 4 4 4 6 6 3 3 3 2
 0 0 1 2 2 1 2 2 5 5 5 4 4 3 2 2 1 1 7 0 0 0 1 1 19 19 3 5 5 6 14 14 11 11 5 14 14 13 7 7 10 10 11 5 5 4
 1 1 1 1 1 1 3 3 6 6 5 3 3 1 1 1 0 0 0 0 0 0 1 1 31 31 1 3 3 4 10 10 9 9 8 13 13 17 10 10 12 12 11 12 12 9
 1 1 1 1 1 1 3 3 6 6 5 3 3 1 1 1 0 0 0 0 0 0 1 1 31 31 1 3 3 4 10 10 9 9 8 13 13 17 10 10 12 12 11 12 12 9
 1 1 1 1 1 1 3 3 5 5 4 2 2 1 0 0 0 0 0 0 0 0 1 1 0 0 0 5 5 6 10 10 15 15 22 23 23 23 21 21 18 18 18 17 17 14
 0 0 0 0 0 9 2 2 2 2 2 1 1 0 0 0 0 0 0 0 0 0 1 1 7 7 4 9 9 14 10 10 26 26 19 18 18 23 32 32 32 32 15 18 18 23
 0 0 0 0 0 9 2 2 2 2 2 1 1 0 0 0 0 0 0 0 0 0 1 1 7 7 4 9 9 14 10 10 26 26 19 18 18 23 32 32 32 32 15 18 18 23
 0 0 0 0 0 8 8 8 1 1 0 0 0 0 0 0 0 0 0 1 1 0 0 0 1 1 4 20 20 14 19 19 25 25 18 12 12 19 29 29 42 42 19 20 20 24
 0 0 0 0 0 8 8 8 1 1 0 0 0 0 0 0 0 0 0 1 1 0 0 0 1 1 4 20 20 14 19 19 25 25 18 12 12 19 29 29 42 42 19 20 20 24
 0 0 0 0 0 0 0 0 0 0 0 0 0 0 0 0 0 0 0 0 0 0 0 0 1 1 2 22 22 30 26 26 16 16 18 12 12 13 17 17 22 22 20 19 19 16
 0 0 0 0 0 0 0 0 0 0 0 0 0 1 0 0 0 0 2 1 1 0 0 0 1 1 2 11 11 47 20 20 18 18 15 23 23 16 20 20 20 20 20 18 18 13
 0 0 0 0 0 0 0 0 0 0 0 0 0 1 0 0 0 0 2 1 1 0 0 0 1 1 2 11 11 47 20 20 18 18 15 23 23 16 20 20 20 20 20 18 18 13
 0 0 0 0 0 0 0 0 0 0 2 1 1 1 0 0 0 0 2 0 0 1 0 0 1 1 4 5 5 16 24 24 19 19 16 12 12 10 23 23 28 28 22 20 20 16
 0 0 0 0 0 0 0 0 0 0 1 1 1 1 0 0 0 0 0 0 0 1 0 0 1 1 3 6 6 13 20 20 24 24 14 15 15 12 16 16 21 21 24 24 24 13
 0 0 0 0 0 0 0 0 0 0 1 1 1 1 0 0 0 0 0 0 0 1 0 0 1 1 3 6 6 13 20 20 24 24 14 15 15 12 16 16 21 21 24 24 24 13
 0 0 0 0 0 0 0 0 0 0 0 0 0 1 0 0 0 0 1 3 3 2 1 1 1 1 3 11 11 12 26 26 22 22 12 11 11 10 23 23 19 19 17 12 12 20
 0 0 0 0 0 0 0 0 0 0 0 0 0 1 0 0 0 0 1 3 3 2 1 1 1 1 3 11 11 12 26 26 22 22 12 11 11 10 23 23 19 19 17 12 12 20
 1 1 1 2 2 1 0 0 0 0 0 0 0 0 0 0 2 2 3 2 2 3 3 3 2 2 2 4 4 11 6 6 15 15 14 11 11 15 12 12 34 34 16 15 15 25
 0 0 0 2 2 2 0 0 0 0 0 0 0 0 0 0 0 0 1 1 1 1 2 2 1 1 1 2 2 1 7 7 6 6 9 15 15 9 9 9 14 14 6 15 15 8
 0 0 0 2 2 2 0 0 0 0 0 0 0 0 0 0 0 0 1 1 1 1 2 2 1 1 1 2 2 1 7 7 6 6 9 15 15 9 9 9 14 14 6 15 15 8
 0 0 0 0 0 1 0 0 0 0 1 1 1 1 0 0 0 0 0 0 0 0 0 0 0 0 1 1 1 1 18 18 8 8 17 14 14 8 7 7 15 15 10 12 12 16
 0 0 0 0 0 0 0 0 0 0 0 1 1 0 1 1 1 1 2 2 2 1 0 0 0 0 1 0 0 0 1 1 3 3 9 9 9 7 5 5 6 6 13 18 18 14
 0 0 0 0 0 0 0 0 0 0 0 1 1 0 1 1 1 1 2 2 2 1 0 0 0 0 1 0 0 0 1 1 3 3 9 9 9 7 5 5 6 6 13 18 18 14
 0 0 1 0 0 0 0 0 0 0 0 0 0 0 1 1 3 3 10 9 9 3 1 1 4 4 5 1 1 1 0 0 1 1 1 13 13 13 12 12 7 7 6 15 15 10
 0 0 1 0 0 0 0 0 0 0 0 0 0 0 1 1 3 3 10 9 9 3 1 1 4 4 5 1 1 1 0 0 1 1 1 13 13 13 12 12 7 7 6 15 15 10
 1 1 2 1 1 0 0 0 0 0 0 0 0 0 0 0 2 2 8 8 8 3 1 1 3 3 8 1 1 2 1 1 1 1 2 16 16 15 23 23 57 57 16 11 11 17
 0 0 1 1 1 0 0 0 0 0 0 0 0 0 0 0 0 0 2 3 3 2 1 1 0 0 1 1 1 1 1 1 1 1 0 4 4 12 24 24 36 36 11 6 6 5
 0 0 1 1 1 0 0 0 0 0 0 0 0 0 0 0 0 0 2 3 3 2 1 1 0 0 1 1 1 1 1 1 1 1 0 4 4 12 24 24 36 36 11 6 6 5
 0 0 0 0 0 0 0 0 0 0 0 0 0 0 1 1 0 0 1 1 1 1 1 1 0 0 1 0 0 0 1 1 1 1 1 2 2 8 16 16 23 23 17 9 9 3
 0 0 0 0 0 0 1 1 1 1 1 1 1 2 3 3 2 2 1 0 0 1 1 1 2 2 0 0 0 0 0 0 1 1 1 1 1 4 22 22 26 26 32 8 8 3
 0 0 0 0 0 0 1 1 1 1 1 1 1 2 3 3 2 2 1 0 0 1 1 1 2 2 0 0 0 0 0 0 1 1 1 1 1 4 22 22 26 26 32 8 8 3
 0 0 0 0 0 1 2 2 3 3 1 1 1 2 3 3 2 2 1 1 1 2 5 5 11 11 8 1 1 1 2 2 2 2 3 3 3 3 7 7 12 12 13 10 10 6
 0 0 0 0 0 1 2 2 3 3 1 1 1 2 3 3 2 2 1 1 1 2 5 5 11 11 8 1 1 1 2 2 2 2 3 3 3 3 7 7 12 12 13 10 10 6
 0 0 0 0 0 1 2 2 4 4 3 1 1 1 1 1 1 1 1 3 3 3 3 3 18 18 9 6 6 1 3 3 4 4 6 3 3 2 0 0 0 0 5 7 7 4
 1 1 0 0 0 0 1 1 3 3 2 1 1 0 0 0 1 1 2 4 4 2 1 1 1 1 9 1 1 1 2 2 3 3 2 1 1 1 1 1 1 1 0 3 3 2
 1 1 0 0 0 0 1 1 3 3 2 1 1 0 0 0 1 1 2 4 4 2 1 1 1 1 9 1 1 1 2 2 3 3 2 1 1 1 1 1 1 1 0 3 3 2
 0 0 0 0 0 0 0 0 2 2 1 0 0 0 0 0 0 0 1 1 1 0 0 0 1 1 2 0 0 2 1 1 1 1 1 0 0 0 1 1 1 1 2 0 0 0
 0 0 0 0 0 0 0 0 0 0 0 0 0 0 0 0 0 0 0 0 0 0 0 0 0 0 1 1 1 1 0 0 0 0 3 0 0 0 0 0 0 0 1 0 0 0
