assets/RAT_results/precipitation/2021-10-29_IMERG.asc
ncols        46
nrows        77
xllcorner    74.800261325624
yllcorner    8.058333333333
cellsize     0.062500000000
NODATA_value -9999
 16 16 17 10 10 5 8 8 15 15 29 29 29 7 7 7 3 3 4 11 11 3 3 3 3 3 4 2 2 1 7 7 6 6 14 14 14 2 1 1 0 0 1 1 1 1
 15 15 15 16 16 15 25 25 16 16 29 28 28 6 9 9 8 8 6 5 5 5 6 6 8 8 3 2 2 1 1 1 1 1 3 3 3 1 1 1 0 0 0 1 1 1
 15 15 15 16 16 15 25 25 16 16 29 28 28 6 9 9 8 8 6 5 5 5 6 6 8 8 3 2 2 1 1 1 1 1 3 3 3 1 1 1 0 0 0 1 1 1
 23 23 21 17 17 15 21 21 20 20 18 17 17 8 9 9 5 5 7 10 10 9 3 3 7 7 3 1 1 1 4 4 3 3 1 1 1 0 0 0 1 1 1 1 1 1
 14 14 20 22 22 21 14 14 20 20 4 3 3 2 3 3 3 3 6 8 8 7 14 14 2 2 2 2 2 3 4 4 4 4 2 2 2 2 0 0 0 0 1 1 1 1
 14 14 20 22 22 21 14 14 20 20 4 3 3 2 3 3 3 3 6 8 8 7 14 14 2 2 2 2 2 3 4 4 4 4 2 2 2 2 0 0 0 0 1 1 1 1
 12 12 16 12 12 15 12 12 11 11 3 3 3 1 3 3 1 1 7 7 7 12 12 12 1 1 0 0 0 1 3 3 5 5 6 2 2 2 1 1 0 0 1 1 1 1
 12 12 16 12 12 15 12 12 11 11 3 3 3 1 3 3 1 1 7 7 7 12 12 12 1 1 0 0 0 1 3 3 5 5 6 2 2 2 1 1 0 0 1 1 1 1
 7 7 12 13 13 15 14 14 10 10 11 9 9 1 2 2 2 2 7 7 7 0 0 0 0 0 0 0 0 0 1 1 1 1 4 3 3 0 1 1 1 1 2 2 2 4
 9 9 10 13 13 17 14 14 12 12 10 8 8 17 2 2 1 1 1 2 2 1 0 0 0 0 0 0 0 0 0 0 0 0 0 0 0 0 1 1 1 1 1 2 2 4
 9 9 10 13 13 17 14 14 12 12 10 8 8 17 2 2 1 1 1 2 2 1 0 0 0 0 0 0 0 0 0 0 0 0 0 0 0 0 1 1 1 1 1 2 2 4
 10 10 11 10 10 20 25 25 44 44 43 17 17 17 2 2 0 0 1 1 1 1 1 1 1 1 0 0 0 0 0 0 0 0 0 0 0 0 1 1 1 1 1 1 1 2
 11 11 10 8 8 31 26 26 46 46 44 3 3 3 0 0 0 0 0 0 0 1 0 0 0 0 0 0 0 0 0 0 0 0 0 0 0 0 1 1 1 1 1 1 1 1
 11 11 10 8 8 31 26 26 46 46 44 3 3 3 0 0 0 0 0 0 0 1 0 0 0 0 0 0 0 0 0 0 0 0 0 0 0 0 1 1 1 1 1 1 1 1
 11 11 11 11 11 9 11 11 5 5 10 3 3 4 0 0 0 0 0 1 1 1 0 0 0 0 0 2 2 0 0 0 0 0 0 0 0 1 2 2 2 2 1 1 1 2
 11 11 11 11 11 9 11 11 5 5 10 3 3 4 0 0 0 0 0 1 1 1 0 0 0 0 0 2 2 0 0 0 0 0 0 0 0 1 2 2 2 2 1 1 1 2
 11 11 12 13 13 12 7 7 6 6 2 1 1 1 1 1 1 1 1 1 1 0 0 0 0 0 2 2 2 0 0 0 0 0 0 0 0 0 1 1 1 1 0 1 1 2
 13 13 14 13 13 12 10 10 6 6 5 1 1 1 2 2 1 1 1 0 0 0 0 0 1 1 1 2 2 0 0 0 0 0 0 0 0 0 0 0 0 0 0 1 1 2
 13 13 14 13 13 12 10 10 6 6 5 1 1 1 2 2 1 1 1 0 0 0 0 0 1 1 1 2 2 0 0 0 0 0 0 0 0 0 0 0 0 0 0 1 1 2
 18 18 14 12 12 11 8 8 5 5 2 2 2 1 1 1 1 1 1 0 0 0 0 0 1 1 1 3 3 1 1 1 0 0 0 0 0 0 0 0 0 0 0 1 1 2
 12 12 13 14 14 11 4 4 1 1 1 2 2 2 1 1 1 1 1 1 1 1 1 1 2 2 3 3 3 2 2 2 0 0 0 0 0 0 0 0 0 0 1 1 1 2
 12 12 13 14 14 11 4 4 1 1 1 2 2 2 1 1 1 1 1 1 1 1 1 1 2 2 3 3 3 2 2 2 0 0 0 0 0 0 0 0 0 0 1 1 1 2
 11 11 11 8 8 6 3 3 1 1 1 1 1 2 2 2 1 1 1 1 1 1 1 1 3 3 4 3 3 4 4 4 2 2 1 2 2 1 1 1 1 1 1 1 1 1
 11 11 11 8 8 6 3 3 1 1 1 1 1 2 2 2 1 1 1 1 1 1 1 1 3 3 4 3 3 4 4 4 2 2 1 2 2 1 1 1 1 1 1 1 1 1
 10 10 9 4 4 3 2 2 0 0 1 2 2 3 2 2 1 1 1 1 1 1 2 2 4 4 4 4 4 5 5 5 3 3 1 2 2 1 1 1 1 1 1 1 1 1
 8 8 6 4 4 2 1 1 1 1 1 1 1 1 1 1 1 1 1 1 1 2 4 4 4 4 4 4 4 5 4 4 2 2 1 1 1 1 1 1 1 1 1 2 2 1
 8 8 6 4 4 2 1 1 1 1 1 1 1 1 1 1 1 1 1 1 1 2 4 4 4 4 4 4 4 5 4 4 2 2 1 1 1 1 1 1 1 1 1 2 2 1
 6 6 4 4 4 3 1 1 1 1 1 1 1 1 1 1 4 4 3 2 2 3 3 3 2 2 3 4 4 5 4 4 3 3 1 0 0 0 0 0 0 0 0 2 2 3
 7 7 3 5 5 4 1 1 1 1 1 0 0 1 2 2 4 4 3 2 2 2 1 1 2 2 2 4 4 4 4 4 3 3 0 1 1 1 1 1 0 0 1 4 4 4
 7 7 3 5 5 4 1 1 1 1 1 0 0 1 2 2 4 4 3 2 2 2 1 1 2 2 2 4 4 4 4 4 3 3 0 1 1 1 1 1 0 0 1 4 4 4
 8 8 3 4 4 4 3 3 1 1 1 0 0 1 2 2 4 4 2 6 6 5 1 1 1 1 2 2 2 3 4 4 3 3 1 1 1 1 1 1 2 2 2 8 8 4
 8 8 3 4 4 4 3 3 1 1 1 0 0 1 2 2 4 4 2 6 6 5 1 1 1 1 2 2 2 3 4 4 3 3 1 1 1 1 1 1 2 2 2 8 8 4
 13 13 5 5 5 3 3 3 1 1 1 1 1 2 4 4 6 6 4 5 5 8 2 2 2 2 1 3 3 4 2 2 3 3 2 2 2 2 1 1 5 5 4 8 8 6
 8 8 4 4 4 3 4 4 2 2 1 1 1 2 2 2 5 5 5 4 4 3 2 2 2 2 1 3 3 4 4 4 3 3 2 2 2 1 5 5 6 6 11 13 13 8
 8 8 4 4 4 3 4 4 2 2 1 1 1 2 2 2 5 5 5 4 4 3 2 2 2 2 1 3 3 4 4 4 3 3 2 2 2 1 5 5 6 6 11 13 13 8
 5 5 3 5 5 4 6 6 4 4 2 2 2 1 2 2 3 3 5 5 5 3 2 2 2 2 3 4 4 5 6 6 3 3 3 17 17 11 8 8 9 9 14 16 16 13
 5 5 3 4 4 3 5 5 5 5 3 4 4 3 3 3 2 2 2 5 5 4 3 3 1 1 3 2 2 7 7 7 3 3 5 7 7 6 8 8 8 8 14 15 15 13
 5 5 3 4 4 3 5 5 5 5 3 4 4 3 3 3 2 2 2 5 5 4 3 3 1 1 3 2 2 7 7 7 3 3 5 7 7 6 8 8 8 8 14 15 15 13
 6 6 6 4 4 4 4 4 3 3 4 4 4 5 3 3 3 3 2 5 5 6 2 2 2 2 4 5 5 9 9 9 9 9 6 12 12 7 6 6 5 5 8 17 17 18
 6 6 6 4 4 4 4 4 3 3 4 4 4 5 3 3 3 3 2 5 5 6 2 2 2 2 4 5 5 9 9 9 9 9 6 12 12 7 6 6 5 5 8 17 17 18
 8 8 6 7 7 6 5 5 4 4 4 3 3 3 2 2 3 3 5 8 8 6 3 3 1 1 2 4 4 5 11 11 8 8 9 13 13 9 8 8 9 9 8 18 18 17
 7 7 9 10 10 8 7 7 6 6 6 3 3 2 2 2 3 3 10 8 8 4 3 3 3 3 4 4 4 9 15 15 7 7 8 7 7 12 6 6 8 8 8 15 15 15
 7 7 9 10 10 8 7 7 6 6 6 3 3 2 2 2 3 3 10 8 8 4 3 3 3 3 4 4 4 9 15 15 7 7 8 7 7 12 6 6 8 8 8 15 15 15
 9 9 10 9 9 10 9 9 9 9 10 7 7 7 5 5 6 6 5 7 7 12 11 11 4 4 5 4 4 5 10 10 9 9 6 7 7 10 7 7 6 6 6 8 8 13
 12 12 11 10 10 9 10 10 11 11 15 13 13 14 7 7 6 6 5 8 8 4 5 5 4 4 5 2 2 4 4 4 2 2 2 3 3 5 4 4 8 8 6 8 8 14
 12 12 11 10 10 9 10 10 11 11 15 13 13 14 7 7 6 6 5 8 8 4 5 5 4 4 5 2 2 4 4 4 2 2 2 3 3 5 4 4 8 8 6 8 8 14
 18 18 12 10 10 9 9 9 12 12 17 17 17 15 10 10 7 7 4 5 5 3 3 3 7 7 5 4 4 3 3 3 2 2 2 2 2 4 4 4 7 7 11 12 12 12
 18 18 12 10 10 9 9 9 12 12 17 17 17 15 10 10 7 7 4 5 5 3 3 3 7 7 5 4 4 3 3 3 2 2 2 2 2 4 4 4 7 7 11 12 12 12
 11 11 12 11 11 11 10 10 12 12 13 16 16 14 12 12 8 8 6 5 5 5 4 4 3 3 4 7 7 5 5 5 4 4 3 3 3 3 4 4 4 4 9 9 9 13
 11 11 11 12 12 14 12 12 14 14 14 26 26 18 27 27 7 7 5 9 9 12 5 5 7 7 9 9 9 7 6 6 5 5 5 5 5 5 5 5 6 6 14 12 12 11
 11 11 11 12 12 14 12 12 14 14 14 26 26 18 27 27 7 7 5 9 9 12 5 5 7 7 9 9 9 7 6 6 5 5 5 5 5 5 5 5 6 6 14 12 12 11
 11 11 11 14 14 23 19 19 17 17 19 27 27 31 33 33 13 13 11 17 17 11 5 5 7 7 7 9 9 10 12 12 6 6 8 9 9 9 9 9 9 9 11 9 9 14
 13 13 14 20 20 22 28 28 26 26 34 20 20 27 24 24 17 17 14 25 25 16 19 19 19 19 8 10 10 10 13 13 12 12 10 10 10 14 16 16 15 15 18 16 16 24
 13 13 14 20 20 22 28 28 26 26 34 20 20 27 24 24 17 17 14 25 25 16 19 19 19 19 8 10 10 10 13 13 12 12 10 10 10 14 16 16 15 15 18 16 16 24
 12 12 15 23 23 23 25 25 36 36 40 28 28 31 21 21 24 24 25 26 26 35 13 13 15 15 10 12 12 12 13 13 10 10 9 15 15 19 24 24 23 23 24 26 26 26
 12 12 15 23 23 23 25 25 36 36 40 28 28 31 21 21 24 24 25 26 26 35 13 13 15 15 10 12 12 12 13 13 10 10 9 15 15 19 24 24 23 23 24 26 26 26
 13 13 13 21 21 25 26 26 38 38 42 40 40 36 28 28 31 31 16 9 9 23 7 7 8 8 11 12 12 16 14 14 12 12 11 30 30 59 42 42 33 33 36 34 34 21
 19 19 20 20 20 20 24 24 34 34 43 31 31 27 31 31 26 26 34 28 28 9 7 7 10 10 15 17 17 19 21 21 20 20 28 27 27 39 37 37 39 39 38 47 47 26
 19 19 20 20 20 20 24 24 34 34 43 31 31 27 31 31 26 26 34 28 28 9 7 7 10 10 15 17 17 19 21 21 20 20 28 27 27 39 37 37 39 39 38 47 47 26
 23 23 24 24 24 18 23 23 25 25 29 26 26 26 35 35 46 46 55 32 32 14 15 15 23 23 22 18 18 22 22 22 19 19 31 32 32 75 73 73 62 62 69 48 48 32
 23 23 27 27 27 21 18 18 20 20 16 13 13 23 35 35 64 64 48 75 75 33 76 76 37 37 43 26 26 24 27 27 24 24 29 32 32 53 55 55 62 62 71 64 64 80
 23 23 27 27 27 21 18 18 20 20 16 13 13 23 35 35 64 64 48 75 75 33 76 76 37 37 43 26 26 24 27 27 24 24 29 32 32 53 55 55 62 62 71 64 64 80
 26 26 28 27 27 27 19 19 19 19 15 13 13 16 24 24 42 42 54 91 91 104 79 79 38 38 49 27 27 25 29 29 26 26 32 38 38 59 56 56 83 83 79 82 82 75
 26 26 28 27 27 27 19 19 19 19 15 13 13 16 24 24 42 42 54 91 91 104 79 79 38 38 49 27 27 25 29 29 26 26 32 38 38 59 56 56 83 83 79 82 82 75
 29 29 29 32 32 29 20 20 15 15 17 17 17 20 15 15 44 44 75 49 49 94 65 65 54 54 36 36 36 33 37 37 36 36 27 41 41 58 69 69 79 79 84 88 88 69
 27 27 28 28 28 26 19 19 17 17 16 18 18 21 14 14 38 38 52 50 50 41 73 73 72 72 68 38 38 33 39 39 35 35 29 42 42 53 57 57 82 82 62 114 114 92
 27 27 28 28 28 26 19 19 17 17 16 18 18 21 14 14 38 38 52 50 50 41 73 73 72 72 68 38 38 33 39 39 35 35 29 42 42 53 57 57 82 82 62 114 114 92
 20 20 27 27 27 22 19 19 14 14 14 13 13 14 15 15 41 41 55 57 57 65 62 62 59 59 112 66 66 59 75 75 39 39 45 43 43 46 56 56 63 63 61 97 97 95
 24 24 22 21 21 18 14 14 15 15 15 13 13 14 31 31 39 39 59 64 64 69 45 45 29 29 40 66 66 60 55 55 51 51 52 47 47 49 55 55 54 54 68 75 75 81
 24 24 22 21 21 18 14 14 15 15 15 13 13 14 31 31 39 39 59 64 64 69 45 45 29 29 40 66 66 60 55 55 51 51 52 47 47 49 55 55 54 54 68 75 75 81
 18 18 16 19 19 18 14 14 16 16 16 13 13 16 29 29 41 41 63 74 74 81 53 53 58 58 42 56 56 66 59 59 58 58 73 79 79 71 56 56 46 46 56 43 43 84
 18 18 16 19 19 18 14 14 16 16 16 13 13 16 29 29 41 41 63 74 74 81 53 53 58 58 42 56 56 66 59 59 58 58 73 79 79 71 56 56 46 46 56 43 43 84
 15 15 18 13 13 16 14 14 12 12 13 9 9 9 20 20 21 21 33 35 35 48 55 55 37 37 35 45 45 60 62 62 43 43 74 60 60 67 61 61 57 57 91 75 75 44
 8 8 12 11 11 12 11 11 10 10 12 12 12 8 9 9 10 10 16 18 18 31 44 44 38 38 45 48 48 50 57 57 57 57 33 39 39 55 59 59 60 60 73 81 81 36
 8 8 12 11 11 12 11 11 10 10 12 12 12 8 9 9 10 10 16 18 18 31 44 44 38 38 45 48 48 50 57 57 57 57 33 39 39 55 59 59 60 60 73 81 81 36
 5 5 9 7 7 7 7 7 10 10 9 11 11 10 12 12 13 13 18 15 15 27 35 35 35 35 41 38 38 45 101 101 117 117 53 58 58 52 33 33 39 39 42 42 42 36
 6 6 6 7 7 8 6 6 6 6 5 8 8 8 16 16 13 13 15 22 22 23 28 28 31 31 42 57 57 63 105 105 118 118 115 50 50 27 22 22 27 27 27 29 29 25
