assets/RAT_results/precipitation/2021-06-08_IMERG.asc
ncols        46
nrows        77
xllcorner    74.800261325624
yllcorner    8.058333333333
cellsize     0.062500000000
NODATA_value -9999
 0 0 0 0 0 0 0 0 0 0 0 0 0 0 0 0 0 0 0 0 0 0 0 0 0 0 0 0 0 0 0 0 0 0 0 0 0 0 0 0 0 0 0 0 0 0
 0 0 0 0 0 0 0 0 0 0 0 0 0 0 0 0 0 0 0 0 0 0 0 0 0 0 0 0 0 0 0 0 0 0 0 0 0 0 0 0 0 0 0 0 0 0
 0 0 0 0 0 0 0 0 0 0 0 0 0 0 0 0 0 0 0 0 0 0 0 0 0 0 0 0 0 0 0 0 0 0 0 0 0 0 0 0 0 0 0 0 0 0
 0 0 0 0 0 0 0 0 0 0 0 0 0 0 0 0 0 0 0 0 0 0 0 0 0 0 0 0 0 0 0 0 0 0 0 0 0 0 0 0 0 0 0 0 0 0
 0 0 1 0 0 0 0 0 0 0 0 0 0 0 0 0 0 0 0 0 0 0 0 0 0 0 0 0 0 0 0 0 0 0 0 0 0 0 0 0 0 0 0 0 0 0
 0 0 1 0 0 0 0 0 0 0 0 0 0 0 0 0 0 0 0 0 0 0 0 0 0 0 0 0 0 0 0 0 0 0 0 0 0 0 0 0 0 0 0 0 0 0
 0 0 0 0 0 0 0 0 0 0 0 0 0 0 0 0 0 0 0 0 0 0 0 0 0 0 0 0 0 0 0 0 0 0 0 0 0 0 0 0 0 0 0 0 0 0
 0 0 0 0 0 0 0 0 0 0 0 0 0 0 0 0 0 0 0 0 0 0 0 0 0 0 0 0 0 0 0 0 0 0 0 0 0 0 0 0 0 0 0 0 0 0
 0 0 0 1 1 0 0 0 0 0 0 0 0 0 0 0 0 0 0 0 0 0 0 0 0 0 0 0 0 0 0 0 0 0 0 0 0 0 0 0 0 0 0 0 0 0
 0 0 0 0 0 0 0 0 0 0 0 0 0 0 0 0 0 0 0 0 0 0 0 0 0 0 0 0 0 0 0 0 0 0 0 0 0 0 0 0 0 0 0 0 0 0
 0 0 0 0 0 0 0 0 0 0 0 0 0 0 0 0 0 0 0 0 0 0 0 0 0 0 0 0 0 0 0 0 0 0 0 0 0 0 0 0 0 0 0 0 0 0
 0 0 19 19 19 10 0 0 1 1 0 0 0 0 0 0 0 0 0 0 0 0 0 0 0 0 0 0 0 0 0 0 0 0 0 0 0 0 0 0 0 0 0 0 0 0
 0 0 3 19 19 10 1 1 2 2 0 0 0 0 0 0 0 0 0 0 0 0 0 0 0 0 0 0 0 0 0 0 0 0 0 0 0 0 0 0 0 0 0 0 0 0
 0 0 3 19 19 10 1 1 2 2 0 0 0 0 0 0 0 0 0 0 0 0 0 0 0 0 0 0 0 0 0 0 0 0 0 0 0 0 0 0 0 0 0 0 0 0
 0 0 3 11 11 12 0 0 0 0 0 0 0 0 0 0 0 0 0 0 0 0 0 0 0 0 0 0 0 0 0 0 0 0 0 0 0 0 0 0 0 0 0 0 0 0
 0 0 3 11 11 12 0 0 0 0 0 0 0 0 0 0 0 0 0 0 0 0 0 0 0 0 0 0 0 0 0 0 0 0 0 0 0 0 0 0 0 0 0 0 0 0
 0 0 0 0 0 0 0 0 0 0 0 0 0 0 0 0 0 0 0 0 0 0 0 0 0 0 0 0 0 0 0 0 0 0 0 0 0 0 0 0 0 0 0 0 0 0
 0 0 0 0 0 0 0 0 0 0 0 0 0 0 0 0 0 0 0 0 0 0 0 0 0 0 0 0 0 0 0 0 0 0 0 0 0 0 0 0 0 0 0 0 0 0
 0 0 0 0 0 0 0 0 0 0 0 0 0 0 0 0 0 0 0 0 0 0 0 0 0 0 0 0 0 0 0 0 0 0 0 0 0 0 0 0 0 0 0 0 0 0
 0 0 0 0 0 0 0 0 0 0 0 0 0 0 0 0 0 0 0 0 0 0 0 0 0 0 0 0 0 0 0 0 0 0 0 0 0 0 0 0 0 0 0 0 0 0
 0 0 0 0 0 0 0 0 0 0 0 0 0 0 0 0 0 0 0 0 0 0 0 0 0 0 0 0 0 0 0 0 1 1 0 0 0 1 1 1 1 1 1 1 1 1
 0 0 0 0 0 0 0 0 0 0 0 0 0 0 0 0 0 0 0 0 0 0 0 0 0 0 0 0 0 0 0 0 1 1 0 0 0 1 1 1 1 1 1 1 1 1
 0 0 0 0 0 0 0 0 0 0 0 0 0 0 0 0 0 0 0 0 0 0 0 0 0 0 1 1 1 1 1 1 1 1 1 1 1 1 1 1 1 1 2 2 2 2
 0 0 0 0 0 0 0 0 0 0 0 0 0 0 0 0 0 0 0 0 0 0 0 0 0 0 1 1 1 1 1 1 1 1 1 1 1 1 1 1 1 1 2 2 2 2
 0 0 0 0 0 0 0 0 0 0 0 0 0 0 0 0 0 0 0 0 0 0 0 0 1 1 1 1 1 1 1 1 1 1 1 1 1 1 2 2 2 2 2 4 4 5
 0 0 0 0 0 0 0 0 0 0 0 0 0 0 1 1 0 0 0 0 0 0 1 1 1 1 2 2 2 2 2 2 2 2 2 2 2 2 2 2 2 2 2 2 2 3
 0 0 0 0 0 0 0 0 0 0 0 0 0 0 1 1 0 0 0 0 0 0 1 1 1 1 2 2 2 2 2 2 2 2 2 2 2 2 2 2 2 2 2 2 2 3
 0 0 0 0 0 0 0 0 0 0 0 0 0 2 1 1 1 1 0 0 0 0 1 1 1 1 2 2 2 3 3 3 2 2 3 3 3 2 2 2 2 2 2 2 2 2
 0 0 0 0 0 0 0 0 0 0 1 1 1 1 1 1 0 0 0 0 0 0 0 0 1 1 1 1 1 1 1 1 2 2 2 2 2 2 3 3 3 3 3 3 3 3
 0 0 0 0 0 0 0 0 0 0 1 1 1 1 1 1 0 0 0 0 0 0 0 0 1 1 1 1 1 1 1 1 2 2 2 2 2 2 3 3 3 3 3 3 3 3
 0 0 0 0 0 0 0 0 0 0 1 1 1 1 1 1 0 0 0 0 0 0 0 0 0 0 0 0 0 1 1 1 1 1 1 1 1 2 2 2 2 2 3 3 3 2
 0 0 0 0 0 0 0 0 0 0 1 1 1 1 1 1 0 0 0 0 0 0 0 0 0 0 0 0 0 1 1 1 1 1 1 1 1 2 2 2 2 2 3 3 3 2
 0 0 0 0 0 0 0 0 0 0 0 0 0 0 0 0 0 0 0 0 0 0 0 0 0 0 0 0 0 0 1 1 1 1 1 1 1 1 1 1 1 1 1 1 1 1
 0 0 0 0 0 0 0 0 0 0 0 0 0 0 0 0 0 0 1 0 0 0 0 0 0 0 0 0 0 0 0 0 0 0 0 0 0 0 0 0 0 0 0 0 0 0
 0 0 0 0 0 0 0 0 0 0 0 0 0 0 0 0 0 0 1 0 0 0 0 0 0 0 0 0 0 0 0 0 0 0 0 0 0 0 0 0 0 0 0 0 0 0
 0 0 0 0 0 0 0 0 0 0 0 0 0 0 0 0 0 0 0 0 0 0 0 0 0 0 0 0 0 0 0 0 0 0 0 0 0 0 0 0 0 0 0 0 0 0
 0 0 0 0 0 0 0 0 0 0 0 0 0 0 0 0 0 0 0 0 0 1 0 0 0 0 0 0 0 0 0 0 0 0 0 0 0 0 0 0 0 0 1 1 1 1
 0 0 0 0 0 0 0 0 0 0 0 0 0 0 0 0 0 0 0 0 0 1 0 0 0 0 0 0 0 0 0 0 0 0 0 0 0 0 0 0 0 0 1 1 1 1
 0 0 0 0 0 0 0 0 0 0 0 0 0 0 0 0 0 0 0 0 0 1 0 0 0 0 1 0 0 0 0 0 1 1 4 1 1 1 1 1 1 1 2 2 2 2
 0 0 0 0 0 0 0 0 0 0 0 0 0 0 0 0 0 0 0 0 0 1 0 0 0 0 1 0 0 0 0 0 1 1 4 1 1 1 1 1 1 1 2 2 2 2
 0 0 0 0 0 0 0 0 0 0 0 0 0 0 0 0 0 0 0 0 0 1 0 0 0 0 0 0 0 0 2 2 4 4 13 3 3 1 1 1 1 1 2 2 2 1
 0 0 0 0 0 0 0 0 0 0 0 0 0 0 0 0 0 0 0 0 0 0 0 0 0 0 0 1 1 1 2 2 5 5 6 4 4 4 3 3 3 3 3 1 1 1
 0 0 0 0 0 0 0 0 0 0 0 0 0 0 0 0 0 0 0 0 0 0 0 0 0 0 0 1 1 1 2 2 5 5 6 4 4 4 3 3 3 3 3 1 1 1
 1 1 1 1 1 0 0 0 1 1 0 0 0 0 1 1 1 1 1 0 0 0 1 1 0 0 0 1 1 1 4 4 5 5 6 6 6 5 2 2 2 2 2 1 1 1
 1 1 1 1 1 1 1 1 1 1 1 0 0 1 2 2 1 1 1 0 0 0 1 1 2 2 0 1 1 5 7 7 3 3 5 5 5 4 2 2 1 1 1 1 1 1
 1 1 1 1 1 1 1 1 1 1 1 0 0 1 2 2 1 1 1 0 0 0 1 1 2 2 0 1 1 5 7 7 3 3 5 5 5 4 2 2 1 1 1 1 1 1
 1 1 1 2 2 2 1 1 2 2 3 2 2 2 3 3 1 1 0 0 0 0 0 0 7 7 4 1 1 2 1 1 1 1 2 3 3 2 1 1 1 1 1 2 2 2
 1 1 1 2 2 2 1 1 2 2 3 2 2 2 3 3 1 1 0 0 0 0 0 0 7 7 4 1 1 2 1 1 1 1 2 3 3 2 1 1 1 1 1 2 2 2
 1 1 1 1 1 2 3 3 3 3 3 4 4 3 3 3 1 1 0 0 0 0 0 0 2 2 8 8 8 1 0 0 3 3 4 2 2 2 2 2 2 2 2 2 2 2
 1 1 1 1 1 3 3 3 4 4 5 5 5 3 1 1 1 1 0 2 2 2 0 0 2 2 6 7 7 0 0 0 1 1 5 3 3 3 2 2 2 2 3 2 2 2
 1 1 1 1 1 3 3 3 4 4 5 5 5 3 1 1 1 1 0 2 2 2 0 0 2 2 6 7 7 0 0 0 1 1 5 3 3 3 2 2 2 2 3 2 2 2
 1 1 1 1 1 4 5 5 6 6 6 5 5 3 1 1 1 1 0 2 2 2 0 0 2 2 7 7 7 2 2 2 4 4 4 5 5 4 3 3 3 3 3 4 4 2
 1 1 1 1 1 4 5 5 6 6 6 5 5 4 6 6 1 1 1 1 1 0 1 1 3 3 3 6 6 3 3 3 8 8 10 12 12 3 3 3 3 3 3 4 4 5
 1 1 1 1 1 4 5 5 6 6 6 5 5 4 6 6 1 1 1 1 1 0 1 1 3 3 3 6 6 3 3 3 8 8 10 12 12 3 3 3 3 3 3 4 4 5
 2 2 2 2 2 3 5 5 6 6 6 5 5 5 6 6 1 1 1 1 1 1 1 1 4 4 5 9 9 10 13 13 24 24 22 8 8 4 3 3 4 4 3 3 3 15
 2 2 2 2 2 3 5 5 6 6 6 5 5 5 6 6 1 1 1 1 1 1 1 1 4 4 5 9 9 10 13 13 24 24 22 8 8 4 3 3 4 4 3 3 3 15
 3 3 4 4 4 4 5 5 6 6 7 7 7 7 6 6 3 3 3 4 4 5 3 3 5 5 5 8 8 10 20 20 35 35 16 11 11 5 4 4 6 6 4 6 6 4
 2 2 3 4 4 4 4 4 5 5 6 7 7 9 9 9 5 5 11 8 8 14 8 8 4 4 6 7 7 13 22 22 34 34 31 21 21 22 7 7 5 5 7 4 4 14
 2 2 3 4 4 4 4 4 5 5 6 7 7 9 9 9 5 5 11 8 8 14 8 8 4 4 6 7 7 13 22 22 34 34 31 21 21 22 7 7 5 5 7 4 4 14
 2 2 3 3 3 4 4 4 5 5 8 9 9 11 8 8 9 9 3 5 5 9 5 5 2 2 6 6 6 7 14 14 19 19 25 25 25 15 14 14 4 4 7 2 2 8
 4 4 4 4 4 5 4 4 6 6 9 8 8 9 9 9 9 9 2 2 2 2 1 1 4 4 2 5 5 7 8 8 12 12 21 46 46 22 14 14 2 2 1 1 1 1
 4 4 4 4 4 5 4 4 6 6 9 8 8 9 9 9 9 9 2 2 2 2 1 1 4 4 2 5 5 7 8 8 12 12 21 46 46 22 14 14 2 2 1 1 1 1
 5 5 4 5 5 4 6 6 7 7 10 8 8 10 8 8 8 8 2 2 2 2 2 2 5 5 3 7 7 7 7 7 8 8 10 20 20 27 7 7 1 1 2 2 2 1
 5 5 4 5 5 4 6 6 7 7 10 8 8 10 8 8 8 8 2 2 2 2 2 2 5 5 3 7 7 7 7 7 8 8 10 20 20 27 7 7 1 1 2 2 2 1
 8 8 5 5 5 5 7 7 7 7 8 10 10 9 8 8 7 7 7 2 2 3 3 3 2 2 4 6 6 6 5 5 7 7 9 16 16 21 9 9 3 3 1 1 1 1
 10 10 8 7 7 8 8 8 9 9 12 13 13 9 11 11 5 5 7 3 3 4 3 3 2 2 1 1 1 4 3 3 9 9 12 15 15 15 11 11 5 5 0 1 1 2
 10 10 8 7 7 8 8 8 9 9 12 13 13 9 11 11 5 5 7 3 3 4 3 3 2 2 1 1 1 4 3 3 9 9 12 15 15 15 11 11 5 5 0 1 1 2
 19 19 13 10 10 9 11 11 12 12 12 17 17 13 14 14 11 11 10 8 8 5 3 3 3 3 3 2 2 3 3 3 4 4 6 6 6 12 9 9 5 5 1 1 1 2
 20 20 15 10 10 9 11 11 13 13 18 18 18 14 14 14 11 11 11 9 9 10 3 3 5 5 8 6 6 8 3 3 26 26 26 10 10 16 11 11 10 10 5 6 6 3
 20 20 15 10 10 9 11 11 13 13 18 18 18 14 14 14 11 11 11 9 9 10 3 3 5 5 8 6 6 8 3 3 26 26 26 10 10 16 11 11 10 10 5 6 6 3
 26 26 22 26 26 22 18 18 13 13 14 16 16 12 14 14 15 15 14 12 12 12 9 9 3 3 5 9 9 5 3 3 17 17 26 27 27 25 26 26 11 11 6 4 4 6
 26 26 22 26 26 22 18 18 13 13 14 16 16 12 14 14 15 15 14 12 12 12 9 9 3 3 5 9 9 5 3 3 17 17 26 27 27 25 26 26 11 11 6 4 4 6
 28 28 28 28 28 25 17 17 32 32 13 14 14 13 13 13 13 13 15 17 17 15 11 11 6 6 5 3 3 6 3 3 3 3 6 27 27 22 21 21 7 7 6 2 2 4
 25 25 32 25 25 31 31 31 31 31 11 13 13 14 20 20 20 20 26 18 18 17 11 11 10 10 5 4 4 2 4 4 3 3 2 3 3 6 10 10 10 10 7 0 0 1
 25 25 32 25 25 31 31 31 31 31 11 13 13 14 20 20 20 20 26 18 18 17 11 11 10 10 5 4 4 2 4 4 3 3 2 3 3 6 10 10 10 10 7 0 0 1
 29 29 34 27 27 19 19 19 25 25 15 12 12 12 18 18 24 24 34 30 30 28 19 19 12 12 9 10 10 2 3 3 8 8 5 4 4 4 6 6 4 4 1 0 0 0
 30 30 22 16 16 18 21 21 25 25 15 11 11 14 14 14 21 21 23 29 29 34 45 45 21 21 13 12 12 6 3 3 3 3 4 2 2 0 3 3 0 0 1 0 0 0
