assets/RAT_results/precipitation/2021-10-13_IMERG.asc
ncols        46
nrows        77
xllcorner    74.800261325624
yllcorner    8.058333333333
cellsize     0.062500000000
NODATA_value -9999
 13 13 9 7 7 6 6 6 5 5 1 1 1 1 0 0 1 1 0 0 0 1 0 0 0 0 0 0 0 0 0 0 1 1 0 0 0 1 3 3 5 5 7 9 9 12
 21 21 22 16 16 12 5 5 4 4 2 2 2 1 1 1 1 1 0 0 0 0 0 0 0 0 0 0 0 0 0 0 0 0 0 0 0 0 0 0 0 0 4 3 3 4
 21 21 22 16 16 12 5 5 4 4 2 2 2 1 1 1 1 1 0 0 0 0 0 0 0 0 0 0 0 0 0 0 0 0 0 0 0 0 0 0 0 0 4 3 3 4
 24 24 19 18 18 19 18 18 7 7 1 1 1 0 1 1 2 2 0 0 0 0 0 0 0 0 0 0 0 0 0 0 0 0 0 0 0 0 0 0 0 0 0 0 0 1
 23 23 26 21 21 23 19 19 17 17 1 0 0 1 1 1 1 1 1 2 2 0 0 0 0 0 0 0 0 1 1 1 0 0 0 0 0 0 0 0 0 0 0 0 0 0
 23 23 26 21 21 23 19 19 17 17 1 0 0 1 1 1 1 1 1 2 2 0 0 0 0 0 0 0 0 1 1 1 0 0 0 0 0 0 0 0 0 0 0 0 0 0
 25 25 27 17 17 23 18 18 11 11 7 1 1 1 1 1 3 3 1 0 0 0 0 0 0 0 0 1 1 0 0 0 0 0 0 0 0 0 0 0 0 0 0 0 0 0
 25 25 27 17 17 23 18 18 11 11 7 1 1 1 1 1 3 3 1 0 0 0 0 0 0 0 0 1 1 0 0 0 0 0 0 0 0 0 0 0 0 0 0 0 0 0
 27 27 27 22 22 19 17 17 14 14 9 1 1 1 1 1 1 1 4 0 0 0 0 0 0 0 0 0 0 0 0 0 0 0 0 0 0 0 0 0 0 0 0 0 0 0
 15 15 24 22 22 18 17 17 12 12 5 1 1 1 1 1 0 0 0 0 0 0 3 3 0 0 0 0 0 1 0 0 0 0 0 0 0 0 0 0 0 0 0 0 0 0
 15 15 24 22 22 18 17 17 12 12 5 1 1 1 1 1 0 0 0 0 0 0 3 3 0 0 0 0 0 1 0 0 0 0 0 0 0 0 0 0 0 0 0 0 0 0
 12 12 21 24 24 14 13 13 11 11 3 1 1 1 4 4 0 0 0 0 0 3 0 0 0 0 0 0 0 0 1 1 0 0 0 0 0 0 0 0 0 0 0 0 0 0
 8 8 6 8 8 13 9 9 8 8 2 3 3 1 1 1 0 0 1 0 0 0 0 0 0 0 0 0 0 0 1 1 1 1 0 0 0 0 0 0 0 0 0 0 0 0
 8 8 6 8 8 13 9 9 8 8 2 3 3 1 1 1 0 0 1 0 0 0 0 0 0 0 0 0 0 0 1 1 1 1 0 0 0 0 0 0 0 0 0 0 0 0
 7 7 6 7 7 7 7 7 9 9 4 4 4 1 3 3 1 1 1 0 0 0 0 0 3 3 0 0 0 0 1 1 0 0 0 0 0 0 0 0 0 0 0 0 0 0
 7 7 6 7 7 7 7 7 9 9 4 4 4 1 3 3 1 1 1 0 0 0 0 0 3 3 0 0 0 0 1 1 0 0 0 0 0 0 0 0 0 0 0 0 0 0
 8 8 7 6 6 6 6 6 7 7 8 6 6 4 3 3 3 3 6 0 0 0 2 2 0 0 0 0 0 0 0 0 0 0 0 0 0 0 0 0 0 0 0 0 0 0
 18 18 11 10 10 9 7 7 5 5 6 4 4 4 4 4 0 0 5 1 1 0 0 0 0 0 0 0 0 0 0 0 0 0 0 0 0 0 0 0 0 0 0 0 0 0
 18 18 11 10 10 9 7 7 5 5 6 4 4 4 4 4 0 0 5 1 1 0 0 0 0 0 0 0 0 0 0 0 0 0 0 0 0 0 0 0 0 0 0 0 0 0
 18 18 17 14 14 10 7 7 7 7 4 4 4 3 2 2 3 3 2 2 2 0 1 1 0 0 0 0 0 0 0 0 0 0 0 1 1 1 0 0 1 1 1 1 1 1
 15 15 18 12 12 11 6 6 4 4 4 4 4 2 3 3 2 2 0 0 0 1 0 0 0 0 0 0 0 0 1 1 1 1 0 0 0 1 1 1 1 1 1 1 1 1
 15 15 18 12 12 11 6 6 4 4 4 4 4 2 3 3 2 2 0 0 0 1 0 0 0 0 0 0 0 0 1 1 1 1 0 0 0 1 1 1 1 1 1 1 1 1
 14 14 14 11 11 7 6 6 5 5 5 4 4 4 3 3 0 0 0 1 1 1 0 0 0 0 0 0 0 2 1 1 2 2 1 0 0 0 0 0 1 1 1 1 1 1
 14 14 14 11 11 7 6 6 5 5 5 4 4 4 3 3 0 0 0 1 1 1 0 0 0 0 0 0 0 2 1 1 2 2 1 0 0 0 0 0 1 1 1 1 1 1
 13 13 11 6 6 6 3 3 3 3 3 4 4 5 5 5 4 4 1 1 1 1 0 0 0 0 0 0 0 1 1 1 1 1 0 0 0 0 0 0 0 0 0 0 0 0
 21 21 7 6 6 5 3 3 2 2 2 4 4 6 4 4 11 11 5 2 2 1 0 0 0 0 0 1 1 1 0 0 0 0 0 0 0 0 0 0 0 0 0 0 0 0
 21 21 7 6 6 5 3 3 2 2 2 4 4 6 4 4 11 11 5 2 2 1 0 0 0 0 0 1 1 1 0 0 0 0 0 0 0 0 0 0 0 0 0 0 0 0
 15 15 11 6 6 5 4 4 5 5 7 11 11 11 10 10 17 17 9 5 5 1 1 1 0 0 0 0 0 0 0 0 0 0 0 0 0 0 0 0 0 0 0 0 0 0
 19 19 15 12 12 12 12 12 6 6 8 9 9 11 12 12 10 10 13 8 8 4 4 4 1 1 0 0 0 0 0 0 0 0 0 0 0 0 0 0 0 0 0 0 0 0
 19 19 15 12 12 12 12 12 6 6 8 9 9 11 12 12 10 10 13 8 8 4 4 4 1 1 0 0 0 0 0 0 0 0 0 0 0 0 0 0 0 0 0 0 0 0
 15 15 15 10 10 14 9 9 9 9 9 10 10 15 16 16 13 13 5 7 7 5 3 3 1 1 1 0 0 0 1 1 1 1 0 0 0 0 0 0 0 0 0 0 0 0
 15 15 15 10 10 14 9 9 9 9 9 10 10 15 16 16 13 13 5 7 7 5 3 3 1 1 1 0 0 0 1 1 1 1 0 0 0 0 0 0 0 0 0 0 0 0
 16 16 18 13 13 14 11 11 11 11 9 6 6 12 12 12 10 10 7 3 3 3 5 5 4 4 3 2 2 5 2 2 3 3 1 0 0 0 0 0 0 0 0 0 0 0
 15 15 17 15 15 15 7 7 13 13 10 6 6 6 5 5 5 5 6 4 4 6 6 6 4 4 4 1 1 1 2 2 1 1 0 0 0 0 0 0 0 0 0 0 0 0
 15 15 17 15 15 15 7 7 13 13 10 6 6 6 5 5 5 5 6 4 4 6 6 6 4 4 4 1 1 1 2 2 1 1 0 0 0 0 0 0 0 0 0 0 0 0
 12 12 23 21 21 16 12 12 15 15 16 12 12 8 7 7 6 6 11 16 16 6 9 9 9 9 11 3 3 1 2 2 2 2 0 0 0 0 0 0 0 0 0 0 0 0
 15 15 19 16 16 10 9 9 11 11 13 13 13 8 10 10 15 15 22 11 11 8 7 7 4 4 6 1 1 1 1 1 1 1 0 0 0 0 0 0 0 0 0 0 0 0
 15 15 19 16 16 10 9 9 11 11 13 13 13 8 10 10 15 15 22 11 11 8 7 7 4 4 6 1 1 1 1 1 1 1 0 0 0 0 0 0 0 0 0 0 0 0
 17 17 21 18 18 10 10 10 12 12 15 10 10 11 13 13 20 20 6 3 3 5 7 7 3 3 3 3 3 3 1 1 0 0 0 0 0 0 0 0 0 0 0 0 0 0
 17 17 21 18 18 10 10 10 12 12 15 10 10 11 13 13 20 20 6 3 3 5 7 7 3 3 3 3 3 3 1 1 0 0 0 0 0 0 0 0 0 0 0 0 0 0
 7 7 12 17 17 8 7 7 8 8 9 11 11 6 12 12 3 3 1 4 4 11 7 7 5 5 5 5 5 3 2 2 0 0 0 0 0 1 1 1 0 0 0 0 0 0
 4 4 9 11 11 10 9 9 9 9 10 7 7 9 6 6 5 5 5 6 6 23 6 6 5 5 5 5 5 5 5 5 2 2 1 0 0 1 1 1 1 1 1 0 0 0
 4 4 9 11 11 10 9 9 9 9 10 7 7 9 6 6 5 5 5 6 6 23 6 6 5 5 5 5 5 5 5 5 2 2 1 0 0 1 1 1 1 1 1 0 0 0
 4 4 9 9 9 10 10 10 9 9 9 11 11 14 14 14 10 10 4 5 5 7 22 22 8 8 9 6 6 6 5 5 5 5 2 3 3 4 1 1 2 2 1 0 0 0
 3 3 6 8 8 6 7 7 6 6 5 13 13 19 25 25 10 10 4 5 5 10 12 12 13 13 9 4 4 4 5 5 8 8 6 5 5 2 2 2 1 1 0 0 0 0
 3 3 6 8 8 6 7 7 6 6 5 13 13 19 25 25 10 10 4 5 5 10 12 12 13 13 9 4 4 4 5 5 8 8 6 5 5 2 2 2 1 1 0 0 0 0
 1 1 3 4 4 6 7 7 6 6 8 14 14 22 21 21 4 4 4 4 4 9 10 10 24 24 14 5 5 5 8 8 12 12 8 4 4 2 2 2 1 1 0 0 0 0
 1 1 3 4 4 6 7 7 6 6 8 14 14 22 21 21 4 4 4 4 4 9 10 10 24 24 14 5 5 5 8 8 12 12 8 4 4 2 2 2 1 1 0 0 0 0
 1 1 3 3 3 4 4 4 7 7 11 13 13 22 6 6 3 3 1 7 7 9 29 29 36 36 19 13 13 9 11 11 13 13 12 10 10 6 1 1 0 0 0 0 0 0
 5 5 6 6 6 9 4 4 5 5 8 7 7 8 6 6 3 3 1 3 3 6 35 35 18 18 12 14 14 8 7 7 8 8 7 9 9 3 2 2 0 0 0 0 0 0
 5 5 6 6 6 9 4 4 5 5 8 7 7 8 6 6 3 3 1 3 3 6 35 35 18 18 12 14 14 8 7 7 8 8 7 9 9 3 2 2 0 0 0 0 0 0
 7 7 6 11 11 14 14 14 17 17 14 6 6 5 2 2 7 7 7 6 6 3 5 5 6 6 18 18 18 7 6 6 3 3 2 2 2 1 1 1 2 2 1 0 0 0
 2 2 3 4 4 6 9 9 18 18 9 5 5 4 2 2 8 8 9 10 10 4 3 3 4 4 10 7 7 7 10 10 1 1 0 1 1 1 1 1 2 2 1 0 0 0
 2 2 3 4 4 6 9 9 18 18 9 5 5 4 2 2 8 8 9 10 10 4 3 3 4 4 10 7 7 7 10 10 1 1 0 1 1 1 1 1 2 2 1 0 0 0
 1 1 2 2 2 4 2 2 10 10 6 4 4 3 5 5 12 12 11 16 16 11 6 6 6 6 6 7 7 11 5 5 1 1 0 1 1 1 1 1 2 2 0 0 0 0
 1 1 2 2 2 4 2 2 10 10 6 4 4 3 5 5 12 12 11 16 16 11 6 6 6 6 6 7 7 11 5 5 1 1 0 1 1 1 1 1 2 2 0 0 0 0
 1 1 2 3 3 4 3 3 3 3 5 4 4 3 9 9 9 9 10 16 16 10 4 4 7 7 6 7 7 5 11 11 3 3 3 2 2 2 1 1 1 1 0 0 0 0
 1 1 1 1 1 3 3 3 3 3 3 4 4 3 3 3 2 2 5 10 10 6 2 2 2 2 5 7 7 8 9 9 8 8 7 6 6 2 2 2 3 3 0 0 0 0
 1 1 1 1 1 3 3 3 3 3 3 4 4 3 3 3 2 2 5 10 10 6 2 2 2 2 5 7 7 8 9 9 8 8 7 6 6 2 2 2 3 3 0 0 0 0
 1 1 1 2 2 3 2 2 3 3 2 2 2 1 2 2 2 2 7 5 5 8 3 3 3 3 6 8 8 9 10 10 19 19 7 8 8 3 3 3 2 2 0 0 0 0
 0 0 1 2 2 5 5 5 5 5 2 0 0 1 1 1 1 1 3 7 7 5 6 6 9 9 7 10 10 14 12 12 11 11 11 8 8 4 5 5 3 3 0 0 0 0
 0 0 1 2 2 5 5 5 5 5 2 0 0 1 1 1 1 1 3 7 7 5 6 6 9 9 7 10 10 14 12 12 11 11 11 8 8 4 5 5 3 3 0 0 0 0
 1 1 1 2 2 4 4 4 1 1 1 1 1 1 1 1 2 2 1 4 4 4 6 6 8 8 11 13 13 15 16 16 13 13 10 6 6 7 4 4 3 3 1 0 0 0
 1 1 1 2 2 4 4 4 1 1 1 1 1 1 1 1 2 2 1 4 4 4 6 6 8 8 11 13 13 15 16 16 13 13 10 6 6 7 4 4 3 3 1 0 0 0
 1 1 1 1 1 2 2 2 1 1 2 2 2 2 2 2 2 2 1 3 3 4 6 6 8 8 12 13 13 15 31 31 22 22 21 17 17 8 4 4 3 3 0 0 0 1
 2 2 1 1 1 3 0 0 1 1 2 0 0 1 1 1 1 1 1 0 0 1 1 1 4 4 9 13 13 17 22 22 29 29 26 19 19 14 10 10 6 6 2 1 1 2
 2 2 1 1 1 3 0 0 1 1 2 0 0 1 1 1 1 1 1 0 0 1 1 1 4 4 9 13 13 17 22 22 29 29 26 19 19 14 10 10 6 6 2 1 1 2
 2 2 1 2 2 1 0 0 0 0 0 0 0 1 1 1 1 1 0 1 1 1 1 1 3 3 4 7 7 8 8 8 11 11 10 11 11 21 18 18 9 9 4 3 3 2
 0 0 0 1 1 0 0 0 0 0 1 1 1 1 1 1 0 0 0 0 0 1 1 1 2 2 3 3 3 9 8 8 9 9 13 19 19 29 31 31 29 29 10 9 9 3
 0 0 0 1 1 0 0 0 0 0 1 1 1 1 1 1 0 0 0 0 0 1 1 1 2 2 3 3 3 9 8 8 9 9 13 19 19 29 31 31 29 29 10 9 9 3
 0 0 0 0 0 0 0 0 0 0 1 1 1 1 1 1 0 0 0 0 0 1 1 1 0 0 2 3 3 9 10 10 8 8 17 23 23 17 14 14 8 8 5 7 7 5
 0 0 0 0 0 0 0 0 0 0 1 1 1 1 1 1 0 0 0 0 0 1 1 1 0 0 2 3 3 9 10 10 8 8 17 23 23 17 14 14 8 8 5 7 7 5
 0 0 0 0 0 0 0 0 0 0 0 0 0 0 0 0 0 0 0 1 1 1 1 1 0 0 0 0 0 2 8 8 7 7 10 15 15 15 10 10 8 8 6 7 7 6
 1 1 0 0 0 0 0 0 0 0 0 1 1 1 0 0 0 0 0 4 4 5 2 2 0 0 0 0 0 1 3 3 9 9 4 5 5 5 6 6 2 2 6 12 12 3
 1 1 0 0 0 0 0 0 0 0 0 1 1 1 0 0 0 0 0 4 4 5 2 2 0 0 0 0 0 1 3 3 9 9 4 5 5 5 6 6 2 2 6 12 12 3
 1 1 0 0 0 1 1 1 0 0 0 1 1 2 10 10 6 6 5 4 4 8 6 6 1 1 0 1 1 1 2 2 4 4 3 0 0 1 2 2 2 2 1 6 6 3
 0 0 0 0 0 2 0 0 0 0 0 0 0 0 0 0 3 3 7 3 3 7 1 1 0 0 0 0 0 1 3 3 3 3 2 1 1 1 2 2 2 2 3 2 2 5
