assets/RAT_results/precipitation/2021-07-11_IMERG.asc
ncols        46
nrows        77
xllcorner    74.800261325624
yllcorner    8.058333333333
cellsize     0.062500000000
NODATA_value -9999
 31 31 21 16 16 26 29 29 21 21 17 8 8 6 4 4 3 3 2 1 1 1 0 0 0 0 1 1 1 0 1 1 0 0 0 0 0 0 0 0 0 0 0 0 0 0
 26 26 21 21 21 21 24 24 20 20 11 9 9 4 5 5 4 4 3 1 1 1 1 1 0 0 0 1 1 1 1 1 0 0 0 0 0 0 0 0 0 0 0 0 0 0
 26 26 21 21 21 21 24 24 20 20 11 9 9 4 5 5 4 4 3 1 1 1 1 1 0 0 0 1 1 1 1 1 0 0 0 0 0 0 0 0 0 0 0 0 0 0
 23 23 17 20 20 18 14 14 11 11 13 11 11 6 5 5 4 4 3 1 1 0 0 0 0 0 1 0 0 0 1 1 1 1 1 1 1 0 0 0 0 0 0 0 0 0
 13 13 15 16 16 14 7 7 9 9 10 8 8 7 4 4 6 6 6 2 2 0 0 0 0 0 0 0 0 1 1 1 1 1 1 1 1 1 0 0 0 0 0 0 0 0
 13 13 15 16 16 14 7 7 9 9 10 8 8 7 4 4 6 6 6 2 2 0 0 0 0 0 0 0 0 1 1 1 1 1 1 1 1 1 0 0 0 0 0 0 0 0
 11 11 15 18 18 17 11 11 8 8 7 7 7 7 7 7 5 5 2 1 1 0 0 0 0 0 0 0 0 1 1 1 1 1 1 0 0 0 0 0 0 0 0 0 0 0
 11 11 15 18 18 17 11 11 8 8 7 7 7 7 7 7 5 5 2 1 1 0 0 0 0 0 0 0 0 1 1 1 1 1 1 0 0 0 0 0 0 0 0 0 0 0
 17 17 19 13 13 18 15 15 8 8 10 6 6 6 5 5 4 4 2 0 0 0 0 0 0 0 0 0 0 1 1 1 1 1 0 0 0 0 0 0 0 0 0 0 0 0
 21 21 26 17 17 16 13 13 13 13 8 9 9 6 2 2 2 2 2 1 1 0 0 0 0 0 0 0 0 0 0 0 0 0 0 0 0 0 0 0 0 0 0 0 0 0
 21 21 26 17 17 16 13 13 13 13 8 9 9 6 2 2 2 2 2 1 1 0 0 0 0 0 0 0 0 0 0 0 0 0 0 0 0 0 0 0 0 0 0 0 0 0
 22 22 20 15 15 13 10 10 10 10 11 11 11 7 7 7 3 3 1 1 1 1 1 1 0 0 0 0 0 1 0 0 0 0 0 1 1 0 0 0 0 0 0 0 0 0
 23 23 18 16 16 16 10 10 10 10 4 5 5 4 3 3 3 3 2 1 1 1 0 0 0 0 0 0 0 1 0 0 0 0 0 0 0 0 0 0 0 0 0 0 0 0
 23 23 18 16 16 16 10 10 10 10 4 5 5 4 3 3 3 3 2 1 1 1 0 0 0 0 0 0 0 1 0 0 0 0 0 0 0 0 0 0 0 0 0 0 0 0
 26 26 21 17 17 19 17 17 12 12 11 4 4 7 4 4 4 4 4 4 4 2 1 1 1 1 0 0 0 0 1 1 0 0 0 0 0 0 0 0 0 0 0 0 0 0
 26 26 21 17 17 19 17 17 12 12 11 4 4 7 4 4 4 4 4 4 4 2 1 1 1 1 0 0 0 0 1 1 0 0 0 0 0 0 0 0 0 0 0 0 0 0
 38 38 16 17 17 20 24 24 16 16 14 9 9 6 3 3 5 5 6 5 5 3 1 1 2 2 0 0 0 1 2 2 1 1 0 0 0 0 1 1 0 0 0 0 0 0
 21 21 12 13 13 20 26 26 11 11 17 14 14 12 6 6 3 3 4 3 3 1 1 1 1 1 0 2 2 0 1 1 2 2 1 0 0 1 1 1 2 2 1 0 0 0
 21 21 12 13 13 20 26 26 11 11 17 14 14 12 6 6 3 3 4 3 3 1 1 1 1 1 0 2 2 0 1 1 2 2 1 0 0 1 1 1 2 2 1 0 0 0
 21 21 11 10 10 10 9 9 10 10 15 14 14 11 8 8 3 3 4 4 4 2 1 1 1 1 1 1 1 2 0 0 2 2 0 0 0 1 2 2 1 1 1 0 0 0
 10 10 15 13 13 10 11 11 6 6 12 14 14 18 12 12 4 4 2 3 3 5 3 3 2 2 0 0 0 1 2 2 3 3 3 1 1 0 0 0 1 1 0 0 0 0
 10 10 15 13 13 10 11 11 6 6 12 14 14 18 12 12 4 4 2 3 3 5 3 3 2 2 0 0 0 1 2 2 3 3 3 1 1 0 0 0 1 1 0 0 0 0
 14 14 19 11 11 12 11 11 8 8 8 12 12 14 16 16 4 4 4 5 5 5 9 9 4 4 2 1 1 7 3 3 3 3 2 1 1 2 0 0 0 0 0 0 0 0
 14 14 19 11 11 12 11 11 8 8 8 12 12 14 16 16 4 4 4 5 5 5 9 9 4 4 2 1 1 7 3 3 3 3 2 1 1 2 0 0 0 0 0 0 0 0
 26 26 20 18 18 21 16 16 11 11 8 10 10 11 7 7 4 4 11 3 3 7 4 4 3 3 1 2 2 6 5 5 4 4 6 5 5 2 0 0 0 0 0 0 0 0
 41 41 23 23 23 20 26 26 23 23 15 11 11 8 10 10 8 8 4 4 4 5 6 6 1 1 3 5 5 11 3 3 3 3 5 2 2 2 1 1 0 0 0 0 0 0
 41 41 23 23 23 20 26 26 23 23 15 11 11 8 10 10 8 8 4 4 4 5 6 6 1 1 3 5 5 11 3 3 3 3 5 2 2 2 1 1 0 0 0 0 0 0
 38 38 25 23 23 30 41 41 35 35 31 17 17 12 9 9 21 21 10 4 4 4 4 4 2 2 6 6 6 7 3 3 2 2 0 0 0 3 1 1 1 1 1 0 0 0
 22 22 21 18 18 37 38 38 36 36 35 37 37 20 24 24 14 14 11 1 1 4 3 3 2 2 6 4 4 7 4 4 7 7 1 3 3 1 1 1 1 1 2 1 1 3
 22 22 21 18 18 37 38 38 36 36 35 37 37 20 24 24 14 14 11 1 1 4 3 3 2 2 6 4 4 7 4 4 7 7 1 3 3 1 1 1 1 1 2 1 1 3
 21 21 19 20 20 32 34 34 27 27 21 30 30 24 9 9 15 15 15 7 7 5 3 3 4 4 5 6 6 11 13 13 17 17 11 2 2 2 6 6 1 1 0 0 0 1
 21 21 19 20 20 32 34 34 27 27 21 30 30 24 9 9 15 15 15 7 7 5 3 3 4 4 5 6 6 11 13 13 17 17 11 2 2 2 6 6 1 1 0 0 0 1
 12 12 16 20 20 32 31 31 24 24 20 19 19 16 9 9 16 16 20 14 14 19 17 17 7 7 10 13 13 13 16 16 17 17 10 3 3 7 8 8 2 2 2 0 0 2
 15 15 15 24 24 29 20 20 21 21 14 11 11 7 7 7 8 8 18 16 16 22 21 21 18 18 15 17 17 16 19 19 12 12 14 9 9 8 8 8 6 6 2 4 4 2
 15 15 15 24 24 29 20 20 21 21 14 11 11 7 7 7 8 8 18 16 16 22 21 21 18 18 15 17 17 16 19 19 12 12 14 9 9 8 8 8 6 6 2 4 4 2
 16 16 18 18 18 16 21 21 18 18 20 16 16 13 11 11 11 11 19 25 25 16 19 19 14 14 8 8 8 12 11 11 10 10 7 5 5 11 4 4 8 8 9 4 4 2
 13 13 14 14 14 18 21 21 28 28 20 20 20 18 14 14 16 16 15 22 22 19 16 16 12 12 6 4 4 7 7 7 10 10 8 4 4 7 7 7 8 8 9 8 8 4
 13 13 14 14 14 18 21 21 28 28 20 20 20 18 14 14 16 16 15 22 22 19 16 16 12 12 6 4 4 7 7 7 10 10 8 4 4 7 7 7 8 8 9 8 8 4
 7 7 8 14 14 17 15 15 23 23 23 30 30 22 18 18 15 15 14 34 34 15 18 18 9 9 8 4 4 8 11 11 11 11 8 7 7 7 7 7 9 9 10 9 9 4
 7 7 8 14 14 17 15 15 23 23 23 30 30 22 18 18 15 15 14 34 34 15 18 18 9 9 8 4 4 8 11 11 11 11 8 7 7 7 7 7 9 9 10 9 9 4
 7 7 7 9 9 9 18 18 22 22 25 30 30 23 15 15 16 16 16 17 17 13 14 14 8 8 14 6 6 8 7 7 8 8 7 9 9 14 15 15 16 16 15 10 10 9
 4 4 11 10 10 11 16 16 17 17 22 30 30 22 23 23 25 25 19 17 17 17 23 23 18 18 7 7 7 9 9 9 5 5 6 10 10 15 22 22 24 24 24 19 19 15
 4 4 11 10 10 11 16 16 17 17 22 30 30 22 23 23 25 25 19 17 17 17 23 23 18 18 7 7 7 9 9 9 5 5 6 10 10 15 22 22 24 24 24 19 19 15
 5 5 8 11 11 9 12 12 19 19 20 30 30 33 36 36 35 35 33 20 20 21 21 21 14 14 12 15 15 13 3 3 3 3 7 14 14 18 19 19 31 31 26 16 16 12
 3 3 6 4 4 8 7 7 10 10 17 17 17 21 22 22 25 25 19 15 15 15 25 25 15 15 15 10 10 5 6 6 16 16 16 13 13 13 14 14 21 21 23 13 13 11
 3 3 6 4 4 8 7 7 10 10 17 17 17 21 22 22 25 25 19 15 15 15 25 25 15 15 15 10 10 5 6 6 16 16 16 13 13 13 14 14 21 21 23 13 13 11
 3 3 3 3 3 4 5 5 5 5 6 10 10 10 8 8 8 8 12 20 20 21 25 25 18 18 16 11 11 8 8 8 9 9 9 10 10 13 14 14 21 21 19 8 8 4
 3 3 3 3 3 4 5 5 5 5 6 10 10 10 8 8 8 8 12 20 20 21 25 25 18 18 16 11 11 8 8 8 9 9 9 10 10 13 14 14 21 21 19 8 8 4
 3 3 2 2 2 4 3 3 4 4 5 4 4 4 6 6 8 8 17 19 19 28 27 27 36 36 16 12 12 10 11 11 8 8 7 10 10 11 12 12 15 15 21 9 9 4
 12 12 9 2 2 5 10 10 3 3 2 2 2 2 4 4 8 8 14 11 11 29 13 13 17 17 13 13 13 11 13 13 12 12 11 10 10 11 12 12 13 13 11 6 6 5
 12 12 9 2 2 5 10 10 3 3 2 2 2 2 4 4 8 8 14 11 11 29 13 13 17 17 13 13 13 11 13 13 12 12 11 10 10 11 12 12 13 13 11 6 6 5
 4 4 3 6 6 11 20 20 7 7 1 1 1 1 5 5 10 10 7 7 7 18 10 10 15 15 16 10 10 9 9 9 7 7 16 9 9 9 10 10 11 11 10 7 7 4
 6 6 6 9 9 15 10 10 9 9 2 2 2 1 5 5 13 13 5 4 4 7 8 8 12 12 14 10 10 10 8 8 11 11 9 11 11 11 11 11 11 11 9 8 8 4
 6 6 6 9 9 15 10 10 9 9 2 2 2 1 5 5 13 13 5 4 4 7 8 8 12 12 14 10 10 10 8 8 11 11 9 11 11 11 11 11 11 11 9 8 8 4
 7 7 3 2 2 4 6 6 8 8 5 2 2 3 9 9 9 9 3 6 6 8 8 8 11 11 9 19 19 9 7 7 7 7 6 6 6 6 7 7 8 8 8 7 7 3
 7 7 3 2 2 4 6 6 8 8 5 2 2 3 9 9 9 9 3 6 6 8 8 8 11 11 9 19 19 9 7 7 7 7 6 6 6 6 7 7 8 8 8 7 7 3
 3 3 1 0 0 1 4 4 6 6 4 5 5 16 14 14 6 6 3 2 2 6 6 6 10 10 10 8 8 7 6 6 4 4 5 5 5 6 7 7 7 7 8 7 7 4
 1 1 0 0 0 0 3 3 9 9 8 8 8 15 5 5 2 2 2 3 3 12 11 11 15 15 9 9 9 6 4 4 4 4 4 4 4 5 6 6 9 9 9 8 8 3
 1 1 0 0 0 0 3 3 9 9 8 8 8 15 5 5 2 2 2 3 3 12 11 11 15 15 9 9 9 6 4 4 4 4 4 4 4 5 6 6 9 9 9 8 8 3
 1 1 0 0 0 1 3 3 9 9 9 5 5 8 2 2 1 1 3 2 2 4 10 10 12 12 10 9 9 6 5 5 4 4 4 4 4 6 6 6 8 8 8 3 3 2
 2 2 1 1 1 1 4 4 4 4 5 5 5 4 3 3 2 2 2 2 2 1 2 2 3 3 3 4 4 13 4 4 4 4 4 4 4 5 6 6 10 10 6 3 3 2
 2 2 1 1 1 1 4 4 4 4 5 5 5 4 3 3 2 2 2 2 2 1 2 2 3 3 3 4 4 13 4 4 4 4 4 4 4 5 6 6 10 10 6 3 3 2
 6 6 4 3 3 2 2 2 1 1 3 2 2 1 2 2 2 2 3 4 4 1 0 0 1 1 2 10 10 13 10 10 2 2 3 4 4 5 6 6 6 6 4 2 2 1
 6 6 4 3 3 2 2 2 1 1 3 2 2 1 2 2 2 2 3 4 4 1 0 0 1 1 2 10 10 13 10 10 2 2 3 4 4 5 6 6 6 6 4 2 2 1
 8 8 5 4 4 2 1 1 1 1 1 1 1 1 1 1 1 1 1 4 4 2 1 1 3 3 2 1 1 12 5 5 2 2 3 4 4 5 6 6 5 5 3 2 2 1
 7 7 5 4 4 2 1 1 1 1 2 1 1 2 2 2 2 2 3 5 5 2 1 1 2 2 2 3 3 4 5 5 4 4 3 3 3 3 4 4 5 5 2 1 1 0
 7 7 5 4 4 2 1 1 1 1 2 1 1 2 2 2 2 2 3 5 5 2 1 1 2 2 2 3 3 4 5 5 4 4 3 3 3 3 4 4 5 5 2 1 1 0
 3 3 2 2 2 1 0 0 1 1 2 2 2 2 2 2 1 1 1 2 2 7 1 1 0 0 0 1 1 4 6 6 5 5 5 3 3 3 3 3 3 3 2 0 0 0
 2 2 2 2 2 3 1 1 1 1 2 2 2 1 1 1 1 1 1 3 3 6 0 0 0 0 0 1 1 4 4 4 6 6 5 1 1 2 2 2 2 2 2 0 0 0
 2 2 2 2 2 3 1 1 1 1 2 2 2 1 1 1 1 1 1 3 3 6 0 0 0 0 0 1 1 4 4 4 6 6 5 1 1 2 2 2 2 2 2 0 0 0
 3 3 2 2 2 2 2 2 1 1 1 1 1 1 0 0 1 1 1 1 1 2 1 1 0 0 2 4 4 4 3 3 2 2 2 2 2 1 1 1 2 2 2 0 0 0
 3 3 2 2 2 2 2 2 1 1 1 1 1 1 0 0 1 1 1 1 1 2 1 1 0 0 2 4 4 4 3 3 2 2 2 2 2 1 1 1 2 2 2 0 0 0
 3 3 2 2 2 1 1 1 1 1 1 1 1 1 1 1 1 1 1 2 2 2 2 2 1 1 4 5 5 1 2 2 2 2 2 2 2 1 1 1 5 5 1 0 0 0
 3 3 2 2 2 1 1 1 1 1 1 1 1 0 0 0 2 2 1 3 3 4 2 2 5 5 5 6 6 2 0 0 0 0 1 1 1 1 1 1 0 0 0 0 0 0
 3 3 2 2 2 1 1 1 1 1 1 1 1 0 0 0 2 2 1 3 3 4 2 2 5 5 5 6 6 2 0 0 0 0 1 1 1 1 1 1 0 0 0 0 0 0
 2 2 2 2 2 2 2 2 2 2 2 2 2 1 1 1 1 1 4 7 7 8 4 4 1 1 2 1 1 2 1 1 0 0 0 0 0 0 1 1 0 0 0 0 0 0
 2 2 3 3 3 4 4 4 5 5 4 3 3 2 2 2 4 4 5 5 5 8 2 2 1 1 1 0 0 0 1 1 0 0 0 0 0 0 0 0 0 0 1 0 0 0
