assets/RAT_results/precipitation/2021-07-04_IMERG.asc
ncols        46
nrows        77
xllcorner    74.800261325624
yllcorner    8.058333333333
cellsize     0.062500000000
NODATA_value -9999
 8 8 5 3 3 4 2 2 4 4 12 15 15 10 13 13 15 15 18 24 24 24 29 29 33 33 37 44 44 40 22 22 24 24 24 31 31 35 33 33 35 35 35 29 29 27
 10 10 8 6 6 6 8 8 13 13 14 14 14 11 20 20 17 17 21 22 22 30 42 42 40 40 49 66 66 43 34 34 32 32 27 30 30 35 30 30 35 35 33 33 33 31
 10 10 8 6 6 6 8 8 13 13 14 14 14 11 20 20 17 17 21 22 22 30 42 42 40 40 49 66 66 43 34 34 32 32 27 30 30 35 30 30 35 35 33 33 33 31
 11 11 10 8 8 7 7 7 12 12 16 21 21 16 19 19 17 17 19 29 29 35 51 51 55 55 55 58 58 43 35 35 23 23 31 19 19 27 27 27 36 36 38 34 34 34
 6 6 11 12 12 9 7 7 14 14 16 19 19 17 20 20 24 24 27 30 30 30 45 45 50 50 46 44 44 24 22 22 21 21 22 18 18 30 35 35 29 29 28 30 30 31
 6 6 11 12 12 9 7 7 14 14 16 19 19 17 20 20 24 24 27 30 30 30 45 45 50 50 46 44 44 24 22 22 21 21 22 18 18 30 35 35 29 29 28 30 30 31
 7 7 9 11 11 10 8 8 13 13 19 23 23 27 29 29 31 31 32 34 34 42 41 41 53 53 51 50 50 46 35 35 21 21 22 40 40 46 49 49 38 38 32 31 31 34
 7 7 9 11 11 10 8 8 13 13 19 23 23 27 29 29 31 31 32 34 34 42 41 41 53 53 51 50 50 46 35 35 21 21 22 40 40 46 49 49 38 38 32 31 31 34
 8 8 10 15 15 12 12 12 13 13 19 25 25 29 35 35 37 37 42 42 42 48 54 54 59 59 61 66 66 58 42 42 33 33 26 43 43 71 69 69 44 44 39 35 35 34
 10 10 10 17 17 14 15 15 15 15 23 29 29 31 39 39 35 35 38 45 45 46 52 52 80 80 65 71 71 63 48 48 51 51 49 48 48 73 73 73 41 41 48 45 45 39
 10 10 10 17 17 14 15 15 15 15 23 29 29 31 39 39 35 35 38 45 45 46 52 52 80 80 65 71 71 63 48 48 51 51 49 48 48 73 73 73 41 41 48 45 45 39
 7 7 11 8 8 17 15 15 17 17 20 22 22 28 36 36 35 35 37 39 39 36 43 43 56 56 59 74 74 63 48 48 50 50 62 68 68 53 56 56 44 44 43 37 37 30
 8 8 12 11 11 18 16 16 14 14 14 19 19 26 21 21 32 32 35 34 34 36 40 40 43 43 53 51 51 38 35 35 36 36 66 78 78 65 51 51 55 55 50 42 42 39
 8 8 12 11 11 18 16 16 14 14 14 19 19 26 21 21 32 32 35 34 34 36 40 40 43 43 53 51 51 38 35 35 36 36 66 78 78 65 51 51 55 55 50 42 42 39
 7 7 8 10 10 9 19 19 15 15 16 18 18 23 22 22 28 28 29 35 35 37 38 38 38 38 47 49 49 42 35 35 34 34 44 57 57 49 52 52 51 51 69 57 57 47
 7 7 8 10 10 9 19 19 15 15 16 18 18 23 22 22 28 28 29 35 35 37 38 38 38 38 47 49 49 42 35 35 34 34 44 57 57 49 52 52 51 51 69 57 57 47
 5 5 6 6 6 10 10 10 15 15 14 15 15 14 15 15 27 27 31 34 34 35 34 34 32 32 38 35 35 35 37 37 37 37 45 38 38 46 48 48 50 50 71 58 58 53
 2 2 3 3 3 7 8 8 9 9 17 18 18 13 14 14 23 23 24 30 30 33 32 32 36 36 47 37 37 35 33 33 35 35 38 41 41 47 48 48 66 66 62 63 63 74
 2 2 3 3 3 7 8 8 9 9 17 18 18 13 14 14 23 23 24 30 30 33 32 32 36 36 47 37 37 35 33 33 35 35 38 41 41 47 48 48 66 66 62 63 63 74
 3 3 4 4 4 4 6 6 7 7 12 18 18 19 18 18 21 21 21 38 38 35 36 36 52 52 45 39 39 41 37 37 37 37 41 48 48 49 45 45 45 45 64 79 79 83
 2 2 3 4 4 3 3 3 7 7 12 22 22 20 19 19 19 19 27 47 47 49 40 40 42 42 56 38 38 42 44 44 59 59 46 46 46 45 44 44 46 46 47 54 54 58
 2 2 3 4 4 3 3 3 7 7 12 22 22 20 19 19 19 19 27 47 47 49 40 40 42 42 56 38 38 42 44 44 59 59 46 46 46 45 44 44 46 46 47 54 54 58
 3 3 5 6 6 3 3 3 3 3 9 14 14 20 16 16 15 15 15 28 28 27 31 31 30 30 36 43 43 64 66 66 119 119 62 62 62 42 49 49 46 46 49 54 54 42
 3 3 5 6 6 3 3 3 3 3 9 14 14 20 16 16 15 15 15 28 28 27 31 31 30 30 36 43 43 64 66 66 119 119 62 62 62 42 49 49 46 46 49 54 54 42
 4 4 4 3 3 3 4 4 3 3 5 9 9 16 16 16 16 16 13 11 11 20 14 14 19 19 24 37 37 60 66 66 74 74 50 44 44 43 44 44 51 51 58 51 51 42
 3 3 3 3 3 3 5 5 3 3 3 3 3 8 15 15 15 15 12 5 5 8 11 11 13 13 20 28 28 41 35 35 37 37 34 35 35 36 31 31 65 65 59 39 39 59
 3 3 3 3 3 3 5 5 3 3 3 3 3 8 15 15 15 15 12 5 5 8 11 11 13 13 20 28 28 41 35 35 37 37 34 35 35 36 31 31 65 65 59 39 39 59
 2 2 3 4 4 4 4 4 4 4 3 2 2 6 8 8 11 11 6 6 6 6 9 9 12 12 15 24 24 17 19 19 21 21 29 30 30 17 21 21 46 46 57 50 50 33
 1 1 2 1 1 1 1 1 1 1 1 2 2 4 6 6 6 6 6 3 3 3 4 4 9 9 20 12 12 17 23 23 19 19 19 26 26 15 18 18 27 27 57 28 28 27
 1 1 2 1 1 1 1 1 1 1 1 2 2 4 6 6 6 6 6 3 3 3 4 4 9 9 20 12 12 17 23 23 19 19 19 26 26 15 18 18 27 27 57 28 28 27
 3 3 3 3 3 2 1 1 2 2 1 1 1 4 5 5 8 8 8 4 4 3 3 3 6 6 9 16 16 17 23 23 23 23 27 26 26 29 17 17 38 38 45 55 55 53
 3 3 3 3 3 2 1 1 2 2 1 1 1 4 5 5 8 8 8 4 4 3 3 3 6 6 9 16 16 17 23 23 23 23 27 26 26 29 17 17 38 38 45 55 55 53
 4 4 3 4 4 3 4 4 6 6 4 2 2 5 7 7 12 12 13 10 10 7 6 6 10 10 13 15 15 16 21 21 21 21 26 33 33 38 43 43 48 48 51 42 42 79
 6 6 6 7 7 8 10 10 6 6 6 10 10 12 13 13 14 14 20 17 17 10 12 12 10 10 14 15 15 19 23 23 23 23 31 32 32 35 38 38 46 46 48 60 60 53
 6 6 6 7 7 8 10 10 6 6 6 10 10 12 13 13 14 14 20 17 17 10 12 12 10 10 14 15 15 19 23 23 23 23 31 32 32 35 38 38 46 46 48 60 60 53
 8 8 14 10 10 11 14 14 12 12 12 24 24 20 16 16 15 15 18 21 21 20 13 13 14 14 18 16 16 17 23 23 24 24 29 34 34 39 41 41 45 45 49 106 106 78
 9 9 17 17 17 13 16 16 13 13 19 30 30 31 18 18 18 18 20 27 27 23 19 19 14 14 12 16 16 20 21 21 26 26 21 33 33 34 33 33 48 48 48 111 111 83
 9 9 17 17 17 13 16 16 13 13 19 30 30 31 18 18 18 18 20 27 27 23 19 19 14 14 12 16 16 20 21 21 26 26 21 33 33 34 33 33 48 48 48 111 111 83
 12 12 14 15 15 13 13 13 15 15 18 40 40 37 39 39 35 35 52 29 29 29 22 22 18 18 20 15 15 12 10 10 19 19 26 40 40 41 28 28 27 27 31 49 49 14
 12 12 14 15 15 13 13 13 15 15 18 40 40 37 39 39 35 35 52 29 29 29 22 22 18 18 20 15 15 12 10 10 19 19 26 40 40 41 28 28 27 27 31 49 49 14
 31 31 15 15 15 15 12 12 11 11 18 19 19 34 33 33 40 40 44 46 46 39 26 26 24 24 20 18 18 13 15 15 23 23 26 43 43 55 26 26 36 36 47 22 22 28
 34 34 15 15 15 18 13 13 11 11 19 18 18 24 35 35 37 37 45 40 40 43 33 33 27 27 31 16 16 18 17 17 28 28 26 37 37 43 31 31 40 40 28 27 27 15
 34 34 15 15 15 18 13 13 11 11 19 18 18 24 35 35 37 37 45 40 40 43 33 33 27 27 31 16 16 18 17 17 28 28 26 37 37 43 31 31 40 40 28 27 27 15
 94 94 36 17 17 18 16 16 17 17 22 22 22 22 26 26 34 34 39 27 27 37 40 40 30 30 28 21 21 29 26 26 25 25 26 32 32 35 35 35 39 39 25 24 24 22
 95 95 67 70 70 25 13 13 16 16 15 18 18 20 23 23 24 24 27 23 23 26 29 29 33 33 19 21 21 24 25 25 20 20 23 25 25 32 23 23 21 21 24 21 21 25
 95 95 67 70 70 25 13 13 16 16 15 18 18 20 23 23 24 24 27 23 23 26 29 29 33 33 19 21 21 24 25 25 20 20 23 25 25 32 23 23 21 21 24 21 21 25
 137 137 73 73 73 27 21 21 35 35 12 11 11 14 17 17 16 16 17 25 25 33 40 40 27 27 16 16 16 26 20 20 26 26 27 20 20 22 14 14 15 15 31 27 27 32
 137 137 73 73 73 27 21 21 35 35 12 11 11 14 17 17 16 16 17 25 25 33 40 40 27 27 16 16 16 26 20 20 26 26 27 20 20 22 14 14 15 15 31 27 27 32
 42 42 43 33 33 23 24 24 31 31 9 12 12 11 14 14 18 18 15 20 20 29 57 57 28 28 21 19 19 19 29 29 27 27 26 18 18 17 13 13 12 12 26 22 22 25
 43 43 41 19 19 20 17 17 11 11 12 12 12 10 19 19 12 12 15 24 24 27 23 23 28 28 19 10 10 11 21 21 25 25 26 25 25 24 29 29 28 28 30 25 25 24
 43 43 41 19 19 20 17 17 11 11 12 12 12 10 19 19 12 12 15 24 24 27 23 23 28 28 19 10 10 11 21 21 25 25 26 25 25 24 29 29 28 28 30 25 25 24
 22 22 23 22 22 22 16 16 13 13 12 12 12 17 17 17 8 8 11 12 12 16 19 19 20 20 22 25 25 15 23 23 24 24 22 28 28 29 29 29 25 25 33 12 12 12
 24 24 26 26 26 24 13 13 12 12 10 9 9 10 10 10 8 8 10 8 8 13 17 17 18 18 26 41 41 18 22 22 24 24 25 40 40 41 52 52 36 36 43 14 14 12
 24 24 26 26 26 24 13 13 12 12 10 9 9 10 10 10 8 8 10 8 8 13 17 17 18 18 26 41 41 18 22 22 24 24 25 40 40 41 52 52 36 36 43 14 14 12
 29 29 27 27 27 26 26 26 25 25 12 10 10 8 7 7 8 8 54 9 9 14 12 12 15 15 19 23 23 40 23 23 27 27 96 37 37 33 26 26 22 22 11 8 8 7
 29 29 27 27 27 26 26 26 25 25 12 10 10 8 7 7 8 8 54 9 9 14 12 12 15 15 19 23 23 40 23 23 27 27 96 37 37 33 26 26 22 22 11 8 8 7
 25 25 21 18 18 41 26 26 24 24 9 7 7 14 28 28 29 29 57 13 13 16 11 11 16 16 17 34 34 24 12 12 22 22 27 74 74 23 22 22 15 15 11 9 9 7
 29 29 22 20 20 20 9 9 8 8 8 6 6 14 48 48 48 48 52 6 6 7 6 6 10 10 13 14 14 27 17 17 42 42 21 68 68 25 44 44 19 19 12 10 10 8
 29 29 22 20 20 20 9 9 8 8 8 6 6 14 48 48 48 48 52 6 6 7 6 6 10 10 13 14 14 27 17 17 42 42 21 68 68 25 44 44 19 19 12 10 10 8
 33 33 25 27 27 17 12 12 8 8 4 3 3 8 47 47 46 46 51 7 7 6 6 6 8 8 12 10 10 18 14 14 21 21 20 26 26 22 21 21 16 16 12 10 10 8
 44 44 27 26 26 15 8 8 7 7 3 3 3 4 1 1 5 5 7 7 7 7 6 6 6 6 7 9 9 8 19 19 18 18 18 15 15 69 18 18 17 17 14 15 15 9
 44 44 27 26 26 15 8 8 7 7 3 3 3 4 1 1 5 5 7 7 7 7 6 6 6 6 7 9 9 8 19 19 18 18 18 15 15 69 18 18 17 17 14 15 15 9
 33 33 28 20 20 11 9 9 6 6 6 4 4 6 3 3 5 5 3 6 6 4 4 4 5 5 6 10 10 7 11 11 9 9 12 11 11 66 7 7 19 19 19 15 15 12
 33 33 28 20 20 11 9 9 6 6 6 4 4 6 3 3 5 5 3 6 6 4 4 4 5 5 6 10 10 7 11 11 9 9 12 11 11 66 7 7 19 19 19 15 15 12
 20 20 22 21 21 11 9 9 10 10 6 6 6 5 4 4 4 4 4 4 4 3 4 4 5 5 5 6 6 10 12 12 14 14 15 11 11 23 29 29 39 39 42 22 22 24
 17 17 17 13 13 12 12 12 15 15 12 7 7 4 5 5 8 8 9 5 5 5 5 5 6 6 7 5 5 11 12 12 15 15 18 15 15 27 21 21 21 21 18 24 24 21
 17 17 17 13 13 12 12 12 15 15 12 7 7 4 5 5 8 8 9 5 5 5 5 5 6 6 7 5 5 11 12 12 15 15 18 15 15 27 21 21 21 21 18 24 24 21
 13 13 14 12 12 15 21 21 20 20 16 16 16 6 7 7 10 10 9 6 6 5 3 3 3 3 5 5 5 7 13 13 13 13 12 16 16 19 21 21 11 11 14 7 7 14
 14 14 17 22 22 29 27 27 17 17 16 13 13 6 9 9 3 3 3 4 4 5 4 4 3 3 5 5 5 3 7 7 10 10 10 8 8 18 12 12 10 10 9 17 17 2
 14 14 17 22 22 29 27 27 17 17 16 13 13 6 9 9 3 3 3 4 4 5 4 4 3 3 5 5 5 3 7 7 10 10 10 8 8 18 12 12 10 10 9 17 17 2
 9 9 21 35 35 24 31 31 31 31 11 9 9 8 5 5 5 5 2 2 2 2 2 2 1 1 2 1 1 1 5 5 6 6 4 4 4 6 9 9 12 12 18 15 15 2
 9 9 21 35 35 24 31 31 31 31 11 9 9 8 5 5 5 5 2 2 2 2 2 2 1 1 2 1 1 1 5 5 6 6 4 4 4 6 9 9 12 12 18 15 15 2
 14 14 23 25 25 27 23 23 36 36 10 8 8 8 7 7 4 4 3 4 4 2 2 2 2 2 2 0 0 0 1 1 1 1 3 1 1 0 1 1 1 1 2 3 3 1
 9 9 17 16 16 16 29 29 18 18 9 8 8 6 5 5 3 3 4 3 3 2 2 2 1 1 2 0 0 0 0 0 0 0 0 0 0 1 1 1 1 1 1 1 1 1
 9 9 17 16 16 16 29 29 18 18 9 8 8 6 5 5 3 3 4 3 3 2 2 2 1 1 2 0 0 0 0 0 0 0 0 0 0 1 1 1 1 1 1 1 1 1
 13 13 11 8 8 8 15 15 10 10 9 4 4 4 4 4 2 2 1 2 2 1 1 1 1 1 2 0 0 0 0 0 0 0 0 0 0 0 1 1 1 1 1 1 1 1
 12 12 10 10 10 9 11 11 11 11 8 5 5 5 6 6 2 2 1 1 1 1 1 1 1 1 1 1 1 0 0 0 0 0 0 0 0 1 1 1 1 1 1 1 1 1
