assets/RAT_results/precipitation/2021-08-08_IMERG.asc
ncols        46
nrows        77
xllcorner    74.800261325624
yllcorner    8.058333333333
cellsize     0.062500000000
NODATA_value -9999
 2 2 1 0 0 0 0 0 0 0 0 1 1 1 0 0 0 0 0 1 1 0 4 4 1 1 1 1 1 0 1 1 1 1 0 0 0 0 0 0 0 0 0 0 0 0
 2 2 3 1 1 0 2 2 0 0 0 0 0 1 0 0 0 0 0 0 0 1 0 0 0 0 0 0 0 0 0 0 0 0 0 0 0 0 0 0 0 0 0 0 0 0
 2 2 3 1 1 0 2 2 0 0 0 0 0 1 0 0 0 0 0 0 0 1 0 0 0 0 0 0 0 0 0 0 0 0 0 0 0 0 0 0 0 0 0 0 0 0
 2 2 4 2 2 0 4 4 1 1 2 2 2 0 0 0 1 1 0 1 1 1 1 1 0 0 0 0 0 0 0 0 1 1 0 0 0 0 0 0 0 0 0 0 0 0
 0 0 3 2 2 1 3 3 2 2 3 2 2 1 1 1 1 1 0 1 1 4 2 2 2 2 0 0 0 0 0 0 1 1 0 0 0 0 0 0 0 0 0 0 0 0
 0 0 3 2 2 1 3 3 2 2 3 2 2 1 1 1 1 1 0 1 1 4 2 2 2 2 0 0 0 0 0 0 1 1 0 0 0 0 0 0 0 0 0 0 0 0
 1 1 1 3 3 4 2 2 3 3 6 5 5 5 2 2 1 1 0 1 1 1 1 1 1 1 1 0 0 0 0 0 1 1 0 0 0 0 0 0 0 0 0 0 0 0
 1 1 1 3 3 4 2 2 3 3 6 5 5 5 2 2 1 1 0 1 1 1 1 1 1 1 1 0 0 0 0 0 1 1 0 0 0 0 0 0 0 0 0 0 0 0
 2 2 2 2 2 2 1 1 0 0 3 7 7 13 6 6 2 2 1 0 0 0 0 0 0 0 0 0 0 0 0 0 0 0 1 0 0 0 0 0 0 0 0 0 0 0
 2 2 2 2 2 3 1 1 0 0 1 2 2 4 6 6 1 1 0 1 1 2 1 1 1 1 0 0 0 0 0 0 1 1 2 1 1 0 0 0 0 0 0 0 0 0
 2 2 2 2 2 3 1 1 0 0 1 2 2 4 6 6 1 1 0 1 1 2 1 1 1 1 0 0 0 0 0 0 1 1 2 1 1 0 0 0 0 0 0 0 0 0
 2 2 2 1 1 2 4 4 0 0 0 0 0 1 3 3 3 3 1 1 1 1 0 0 1 1 1 1 1 0 0 0 1 1 3 1 1 2 1 1 0 0 0 0 0 0
 2 2 2 0 0 3 3 3 4 4 0 0 0 0 0 0 1 1 2 2 2 2 1 1 0 0 1 0 0 0 0 0 2 2 2 2 2 1 1 1 0 0 0 0 0 0
 2 2 2 0 0 3 3 3 4 4 0 0 0 0 0 0 1 1 2 2 2 2 1 1 0 0 1 0 0 0 0 0 2 2 2 2 2 1 1 1 0 0 0 0 0 0
 2 2 2 2 2 1 3 3 5 5 1 0 0 1 1 1 1 1 1 1 1 0 1 1 1 1 0 0 0 0 0 0 1 1 1 1 1 0 0 0 0 0 0 0 0 0
 2 2 2 2 2 1 3 3 5 5 1 0 0 1 1 1 1 1 1 1 1 0 1 1 1 1 0 0 0 0 0 0 1 1 1 1 1 0 0 0 0 0 0 0 0 0
 3 3 2 3 3 3 1 1 4 4 6 2 2 16 1 1 4 4 1 2 2 2 2 2 1 1 0 0 0 0 0 0 0 0 0 1 1 1 1 1 2 2 0 1 1 5
 4 4 3 3 3 5 3 3 3 3 6 18 18 18 1 1 1 1 4 5 5 4 3 3 2 2 1 1 1 0 0 0 0 0 9 1 1 1 0 0 0 0 0 1 1 3
 4 4 3 3 3 5 3 3 3 3 6 18 18 18 1 1 1 1 4 5 5 4 3 3 2 2 1 1 1 0 0 0 0 0 9 1 1 1 0 0 0 0 0 1 1 3
 4 4 3 3 3 3 4 4 3 3 6 8 8 9 2 2 2 2 5 12 12 6 6 6 4 4 1 0 0 0 0 0 1 1 11 1 1 0 0 0 0 0 0 0 0 0
 9 9 4 4 4 4 5 5 4 4 3 5 5 6 4 4 4 4 6 9 9 5 4 4 4 4 2 0 0 2 1 1 1 1 0 1 1 0 0 0 1 1 3 0 0 0
 9 9 4 4 4 4 5 5 4 4 3 5 5 6 4 4 4 4 6 9 9 5 4 4 4 4 2 0 0 2 1 1 1 1 0 1 1 0 0 0 1 1 3 0 0 0
 10 10 6 4 4 3 4 4 3 3 3 3 3 6 7 7 3 3 5 4 4 11 7 7 6 6 4 1 1 2 2 2 1 1 1 1 1 1 1 1 2 2 1 2 2 1
 10 10 6 4 4 3 4 4 3 3 3 3 3 6 7 7 3 3 5 4 4 11 7 7 6 6 4 1 1 2 2 2 1 1 1 1 1 1 1 1 2 2 1 2 2 1
 12 12 7 5 5 3 3 3 2 2 2 2 2 2 4 4 2 2 3 2 2 5 9 9 11 11 7 5 5 3 2 2 2 2 2 3 3 3 3 3 2 2 2 1 1 1
 12 12 8 9 9 4 3 3 2 2 1 1 1 1 3 3 3 3 2 2 2 2 7 7 17 17 14 6 6 3 2 2 2 2 2 4 4 3 3 3 4 4 3 2 2 1
 12 12 8 9 9 4 3 3 2 2 1 1 1 1 3 3 3 3 2 2 2 2 7 7 17 17 14 6 6 3 2 2 2 2 2 4 4 3 3 3 4 4 3 2 2 1
 12 12 9 8 8 5 3 3 2 2 4 4 4 0 0 0 3 3 2 2 2 3 13 13 7 7 6 6 6 4 2 2 2 2 2 3 3 3 3 3 4 4 3 3 3 2
 15 15 12 10 10 7 7 7 4 4 4 4 4 4 1 1 4 4 4 2 2 1 2 2 6 6 4 6 6 3 2 2 2 2 2 2 2 2 3 3 3 3 3 2 2 2
 15 15 12 10 10 7 7 7 4 4 4 4 4 4 1 1 4 4 4 2 2 1 2 2 6 6 4 6 6 3 2 2 2 2 2 2 2 2 3 3 3 3 3 2 2 2
 19 19 17 12 12 10 7 7 5 5 5 5 5 5 1 1 3 3 5 4 4 2 1 1 3 3 6 4 4 2 2 2 1 1 1 2 2 2 3 3 3 3 2 2 2 2
 19 19 17 12 12 10 7 7 5 5 5 5 5 5 1 1 3 3 5 4 4 2 1 1 3 3 6 4 4 2 2 2 1 1 1 2 2 2 3 3 3 3 2 2 2 2
 24 24 19 19 19 14 4 4 7 7 5 4 4 4 1 1 3 3 5 4 4 3 3 3 2 2 1 2 2 1 0 0 1 1 1 1 1 2 2 2 2 2 2 2 2 1
 31 31 30 30 30 27 22 22 19 19 3 3 3 4 1 1 1 1 4 3 3 2 2 2 3 3 2 4 4 3 1 1 1 1 1 1 1 1 1 1 1 1 2 1 1 1
 31 31 30 30 30 27 22 22 19 19 3 3 3 4 1 1 1 1 4 3 3 2 2 2 3 3 2 4 4 3 1 1 1 1 1 1 1 1 1 1 1 1 2 1 1 1
 38 38 41 34 34 22 30 30 23 23 2 1 1 3 1 1 1 1 4 4 4 3 2 2 4 4 3 7 7 3 1 1 3 3 3 2 2 2 1 1 1 1 2 7 7 2
 39 39 38 30 30 26 27 27 14 14 14 1 1 3 4 4 1 1 1 5 5 4 3 3 4 4 3 8 8 6 5 5 6 6 5 4 4 3 7 7 8 8 7 8 8 2
 39 39 38 30 30 26 27 27 14 14 14 1 1 3 4 4 1 1 1 5 5 4 3 3 4 4 3 8 8 6 5 5 6 6 5 4 4 3 7 7 8 8 7 8 8 2
 36 36 44 40 40 40 33 33 18 18 17 5 5 4 4 4 2 2 2 5 5 6 5 5 5 5 4 13 13 16 19 19 14 14 6 6 6 5 5 5 7 7 7 6 6 4
 36 36 44 40 40 40 33 33 18 18 17 5 5 4 4 4 2 2 2 5 5 6 5 5 5 5 4 13 13 16 19 19 14 14 6 6 6 5 5 5 7 7 7 6 6 4
 30 30 38 43 43 45 32 32 27 27 16 5 5 3 4 4 2 2 2 6 6 7 5 5 4 4 11 16 16 23 28 28 18 18 12 5 5 5 6 6 8 8 19 6 6 5
 25 25 38 30 30 38 37 37 27 27 23 12 12 5 4 4 3 3 2 3 3 7 5 5 5 5 10 9 9 27 25 25 16 16 13 5 5 6 3 3 3 3 4 3 3 9
 25 25 38 30 30 38 37 37 27 27 23 12 12 5 4 4 3 3 2 3 3 7 5 5 5 5 10 9 9 27 25 25 16 16 13 5 5 6 3 3 3 3 4 3 3 9
 29 29 30 30 30 40 35 35 26 26 20 11 11 3 2 2 2 2 2 2 2 5 5 5 5 5 4 5 5 16 21 21 9 9 13 8 8 8 3 3 5 5 3 11 11 14
 35 35 30 32 32 44 32 32 25 25 17 13 13 11 1 1 1 1 1 1 1 2 5 5 4 4 3 3 3 4 13 13 10 10 9 6 6 5 4 4 5 5 7 13 13 19
 35 35 30 32 32 44 32 32 25 25 17 13 13 11 1 1 1 1 1 1 1 2 5 5 4 4 3 3 3 4 13 13 10 10 9 6 6 5 4 4 5 5 7 13 13 19
 49 49 31 32 32 32 28 28 27 27 24 20 20 13 4 4 1 1 1 1 1 2 1 1 4 4 2 3 3 2 9 9 5 5 5 4 4 4 3 3 4 4 5 4 4 1
 49 49 31 32 32 32 28 28 27 27 24 20 20 13 4 4 1 1 1 1 1 2 1 1 4 4 2 3 3 2 9 9 5 5 5 4 4 4 3 3 4 4 5 4 4 1
 31 31 34 34 34 32 28 28 24 24 18 21 21 14 1 1 2 2 2 1 1 1 1 1 4 4 3 2 2 3 9 9 10 10 5 2 2 2 2 2 4 4 6 4 4 1
 29 29 31 27 27 33 35 35 20 20 23 21 21 17 13 13 4 4 4 6 6 2 1 1 6 6 3 4 4 8 17 17 11 11 4 0 0 0 1 1 2 2 6 2 2 0
 29 29 31 27 27 33 35 35 20 20 23 21 21 17 13 13 4 4 4 6 6 2 1 1 6 6 3 4 4 8 17 17 11 11 4 0 0 0 1 1 2 2 6 2 2 0
 22 22 23 19 19 39 36 36 25 25 23 25 25 19 14 14 6 6 7 6 6 2 1 1 6 6 5 4 4 15 22 22 17 17 10 2 2 0 0 0 1 1 1 1 1 0
 20 20 16 23 23 37 42 42 26 26 23 24 24 21 16 16 5 5 5 4 4 1 2 2 15 15 9 8 8 8 16 16 22 22 31 16 16 1 0 0 0 0 0 0 0 0
 20 20 16 23 23 37 42 42 26 26 23 24 24 21 16 16 5 5 5 4 4 1 2 2 15 15 9 8 8 8 16 16 22 22 31 16 16 1 0 0 0 0 0 0 0 0
 14 14 12 15 15 26 36 36 29 29 23 20 20 22 19 19 10 10 5 11 11 8 11 11 14 14 9 9 9 12 18 18 24 24 25 17 17 4 0 0 0 0 0 0 0 0
 14 14 12 15 15 26 36 36 29 29 23 20 20 22 19 19 10 10 5 11 11 8 11 11 14 14 9 9 9 12 18 18 24 24 25 17 17 4 0 0 0 0 0 0 0 0
 6 6 9 15 15 21 33 33 30 30 23 22 22 22 21 21 12 12 5 2 2 8 1 1 10 10 5 5 5 17 17 17 26 26 10 7 7 9 1 1 2 2 0 0 0 0
 5 5 6 8 8 20 23 23 25 25 21 21 21 23 20 20 13 13 9 1 1 0 1 1 7 7 2 3 3 3 12 12 7 7 7 3 3 2 1 1 2 2 0 0 0 0
 5 5 6 8 8 20 23 23 25 25 21 21 21 23 20 20 13 13 9 1 1 0 1 1 7 7 2 3 3 3 12 12 7 7 7 3 3 2 1 1 2 2 0 0 0 0
 4 4 4 6 6 11 20 20 17 17 21 19 19 22 18 18 13 13 3 0 0 0 1 1 1 1 2 3 3 2 2 2 2 2 5 3 3 2 0 0 0 0 1 0 0 0
 4 4 4 7 7 10 17 17 18 18 19 23 23 29 24 24 16 16 6 1 1 1 1 1 1 1 1 2 2 1 0 0 1 1 3 5 5 5 1 1 0 0 0 0 0 0
 4 4 4 7 7 10 17 17 18 18 19 23 23 29 24 24 16 16 6 1 1 1 1 1 1 1 1 2 2 1 0 0 1 1 3 5 5 5 1 1 0 0 0 0 0 0
 5 5 5 8 8 11 20 20 20 20 22 26 26 35 27 27 18 18 10 4 4 3 2 2 2 2 1 2 2 2 2 2 1 1 0 1 1 4 0 0 0 0 0 0 0 0
 5 5 5 8 8 11 20 20 20 20 22 26 26 35 27 27 18 18 10 4 4 3 2 2 2 2 1 2 2 2 2 2 1 1 0 1 1 4 0 0 0 0 0 0 0 0
 5 5 9 11 11 14 21 21 19 19 19 23 23 28 31 31 24 24 19 12 12 3 2 2 1 1 1 1 1 3 1 1 1 1 0 2 2 2 1 1 0 0 2 0 0 0
 10 10 10 12 12 15 20 20 22 22 21 24 24 26 34 34 24 24 22 16 16 11 4 4 2 2 2 2 2 3 2 2 1 1 1 0 0 3 1 1 0 0 0 0 0 0
 10 10 10 12 12 15 20 20 22 22 21 24 24 26 34 34 24 24 22 16 16 11 4 4 2 2 2 2 2 3 2 2 1 1 1 0 0 3 1 1 0 0 0 0 0 0
 12 12 13 13 13 16 20 20 23 23 27 19 19 23 28 28 29 29 25 19 19 10 5 5 5 5 8 6 6 4 4 4 2 2 2 1 1 4 4 4 4 4 0 0 0 0
 16 16 17 20 20 22 21 21 29 29 25 27 27 37 29 29 34 34 32 22 22 15 10 10 9 9 10 8 8 6 4 4 5 5 2 1 1 0 5 5 7 7 2 0 0 0
 16 16 17 20 20 22 21 21 29 29 25 27 27 37 29 29 34 34 32 22 22 15 10 10 9 9 10 8 8 6 4 4 5 5 2 1 1 0 5 5 7 7 2 0 0 0
 16 16 20 20 20 21 23 23 34 34 34 41 41 43 32 32 27 27 26 20 20 20 9 9 8 8 8 3 3 3 0 0 1 1 3 2 2 1 0 0 3 3 3 1 1 0
 16 16 20 20 20 21 23 23 34 34 34 41 41 43 32 32 27 27 26 20 20 20 9 9 8 8 8 3 3 3 0 0 1 1 3 2 2 1 0 0 3 3 3 1 1 0
 21 21 25 23 23 22 23 23 31 31 36 64 64 36 36 36 54 54 55 50 50 43 13 13 15 15 5 2 2 1 0 0 0 0 2 2 2 2 1 1 1 1 0 0 0 0
 21 21 24 20 20 21 21 21 27 27 26 59 59 54 60 60 48 48 67 50 50 39 32 32 24 24 5 4 4 1 0 0 0 0 0 0 0 2 2 2 2 2 1 0 0 0
 21 21 24 20 20 21 21 21 27 27 26 59 59 54 60 60 48 48 67 50 50 39 32 32 24 24 5 4 4 1 0 0 0 0 0 0 0 2 2 2 2 2 1 0 0 0
 17 17 14 19 19 19 19 19 20 20 25 27 27 27 58 58 48 48 50 45 45 29 26 26 21 21 14 5 5 5 4 4 1 1 0 0 0 0 2 2 2 2 1 1 1 1
 16 16 16 15 15 13 15 15 14 14 23 30 30 30 40 40 41 41 41 28 28 25 24 24 22 22 19 11 11 7 3 3 3 3 1 1 1 0 0 0 0 0 1 0 0 0
