assets/RAT_results/precipitation/2021-10-02_IMERG.asc
ncols        46
nrows        77
xllcorner    74.800261325624
yllcorner    8.058333333333
cellsize     0.062500000000
NODATA_value -9999
 46 46 47 55 55 38 69 69 18 18 61 20 20 19 11 11 11 11 2 5 5 1 0 0 0 0 0 0 0 1 6 6 3 3 3 1 1 3 1 1 1 1 0 0 0 0
 53 53 33 63 63 33 26 26 52 52 51 33 33 25 19 19 17 17 2 2 2 0 0 0 0 0 0 1 1 3 9 9 6 6 4 1 1 18 18 18 12 12 1 1 1 0
 53 53 33 63 63 33 26 26 52 52 51 33 33 25 19 19 17 17 2 2 2 0 0 0 0 0 0 1 1 3 9 9 6 6 4 1 1 18 18 18 12 12 1 1 1 0
 69 69 58 38 38 64 49 49 36 36 31 23 23 23 21 21 18 18 4 2 2 1 3 3 1 1 1 0 0 0 8 8 8 8 8 1 1 18 18 18 12 12 4 1 1 1
 124 124 92 63 63 58 35 35 46 46 42 41 41 22 15 15 12 12 17 16 16 5 2 2 4 4 1 0 0 0 1 1 2 2 3 1 1 1 1 1 3 3 8 3 3 5
 124 124 92 63 63 58 35 35 46 46 42 41 41 22 15 15 12 12 17 16 16 5 2 2 4 4 1 0 0 0 1 1 2 2 3 1 1 1 1 1 3 3 8 3 3 5
 137 137 131 84 84 63 70 70 69 69 61 57 57 41 30 30 17 17 17 15 15 4 2 2 1 1 2 7 7 6 8 8 5 5 2 6 6 4 3 3 3 3 2 4 4 2
 137 137 131 84 84 63 70 70 69 69 61 57 57 41 30 30 17 17 17 15 15 4 2 2 1 1 2 7 7 6 8 8 5 5 2 6 6 4 3 3 3 3 2 4 4 2
 120 120 146 94 94 71 66 66 76 76 71 71 71 62 34 34 35 35 34 10 10 10 5 5 4 4 9 4 4 8 7 7 5 5 3 6 6 3 5 5 5 5 2 1 1 1
 132 132 103 45 45 46 63 63 70 70 67 77 77 63 41 41 40 40 23 9 9 13 7 7 16 16 16 13 13 12 6 6 1 1 1 2 2 1 1 1 1 1 3 1 1 0
 132 132 103 45 45 46 63 63 70 70 67 77 77 63 41 41 40 40 23 9 9 13 7 7 16 16 16 13 13 12 6 6 1 1 1 2 2 1 1 1 1 1 3 1 1 0
 112 112 44 46 46 50 69 69 53 53 50 66 66 68 43 43 35 35 24 11 11 10 9 9 18 18 12 6 6 8 4 4 0 0 1 1 1 1 2 2 0 0 0 0 0 1
 108 108 96 96 96 50 61 61 63 63 64 53 53 50 32 32 17 17 17 12 12 9 19 19 21 21 24 12 12 7 1 1 0 0 1 0 0 1 1 1 0 0 0 0 0 2
 108 108 96 96 96 50 61 61 63 63 64 53 53 50 32 32 17 17 17 12 12 9 19 19 21 21 24 12 12 7 1 1 0 0 1 0 0 1 1 1 0 0 0 0 0 2
 112 112 108 97 97 47 66 66 69 69 60 43 43 42 47 47 32 32 19 17 17 22 18 18 18 18 18 14 14 13 6 6 1 1 1 0 0 1 1 1 1 1 1 1 1 1
 112 112 108 97 97 47 66 66 69 69 60 43 43 42 47 47 32 32 19 17 17 22 18 18 18 18 18 14 14 13 6 6 1 1 1 0 0 1 1 1 1 1 1 1 1 1
 83 83 69 56 56 57 50 50 75 75 62 55 55 75 52 52 37 37 44 26 26 48 42 42 32 32 22 15 15 13 7 7 14 14 12 2 2 2 1 1 1 1 2 2 2 1
 70 70 50 61 61 86 61 61 58 58 53 55 55 57 65 65 60 60 66 47 47 48 41 41 33 33 46 43 43 41 17 17 18 18 15 4 4 9 3 3 9 9 3 10 10 10
 70 70 50 61 61 86 61 61 58 58 53 55 55 57 65 65 60 60 66 47 47 48 41 41 33 33 46 43 43 41 17 17 18 18 15 4 4 9 3 3 9 9 3 10 10 10
 41 41 47 43 43 64 82 82 50 50 58 75 75 76 59 59 65 65 64 46 46 40 20 20 21 21 46 43 43 45 45 45 40 40 24 17 17 15 11 11 11 11 14 11 11 11
 45 45 43 56 56 70 73 73 34 34 52 47 47 50 46 46 67 67 64 43 43 33 15 15 18 18 15 21 21 48 48 48 41 41 33 39 39 17 12 12 11 11 16 14 14 29
 45 45 43 56 56 70 73 73 34 34 52 47 47 50 46 46 67 67 64 43 43 33 15 15 18 18 15 21 21 48 48 48 41 41 33 39 39 17 12 12 11 11 16 14 14 29
 41 41 40 54 54 45 104 104 104 104 45 46 46 46 45 45 34 34 51 45 45 44 15 15 13 13 14 19 19 21 57 57 44 44 32 32 32 14 48 48 18 18 19 25 25 43
 41 41 40 54 54 45 104 104 104 104 45 46 46 46 45 45 34 34 51 45 45 44 15 15 13 13 14 19 19 21 57 57 44 44 32 32 32 14 48 48 18 18 19 25 25 43
 24 24 24 38 38 38 98 98 100 100 133 75 75 39 49 49 35 35 47 153 153 44 24 24 24 24 17 20 20 20 55 55 49 49 47 38 38 43 40 40 14 14 35 29 29 45
 22 22 19 29 29 30 56 56 125 125 129 76 76 37 42 42 85 85 159 152 152 40 38 38 24 24 18 20 20 16 28 28 48 48 45 36 36 32 46 46 16 16 6 26 26 25
 22 22 19 29 29 30 56 56 125 125 129 76 76 37 42 42 85 85 159 152 152 40 38 38 24 24 18 20 20 16 28 28 48 48 45 36 36 32 46 46 16 16 6 26 26 25
 22 22 21 30 30 30 28 28 30 30 41 34 34 35 35 35 37 37 38 43 43 40 40 40 26 26 18 14 14 12 15 15 12 12 31 30 30 30 46 46 19 19 8 23 23 13
 26 26 25 17 17 38 46 46 55 55 63 49 49 37 37 37 35 35 36 51 51 49 38 38 25 25 26 19 19 18 16 16 11 11 17 18 18 17 10 10 10 10 10 14 14 14
 26 26 25 17 17 38 46 46 55 55 63 49 49 37 37 37 35 35 36 51 51 49 38 38 25 25 26 19 19 18 16 16 11 11 17 18 18 17 10 10 10 10 10 14 14 14
 28 28 31 38 38 44 44 44 37 37 48 31 31 32 29 29 30 30 28 23 23 24 36 36 24 24 21 24 24 26 25 25 11 11 17 18 18 18 7 7 9 9 10 8 8 5
 28 28 31 38 38 44 44 44 37 37 48 31 31 32 29 29 30 30 28 23 23 24 36 36 24 24 21 24 24 26 25 25 11 11 17 18 18 18 7 7 9 9 10 8 8 5
 36 36 38 42 42 49 51 51 42 42 29 23 23 24 18 18 36 36 24 20 20 21 42 42 31 31 29 23 23 23 23 23 9 9 11 11 11 11 9 9 9 9 10 10 10 6
 37 37 29 23 23 37 26 26 19 19 20 16 16 12 36 36 37 37 33 22 22 31 40 40 10 10 12 17 17 18 14 14 9 9 8 9 9 5 10 10 15 15 13 14 14 7
 37 37 29 23 23 37 26 26 19 19 20 16 16 12 36 36 37 37 33 22 22 31 40 40 10 10 12 17 17 18 14 14 9 9 8 9 9 5 10 10 15 15 13 14 14 7
 36 36 18 21 21 20 16 16 16 16 12 10 10 12 12 12 36 36 25 32 32 26 47 47 31 31 18 16 16 18 17 17 9 9 6 3 3 7 11 11 12 12 10 10 10 7
 36 36 19 16 16 12 12 12 15 15 13 10 10 10 10 10 20 20 19 74 74 69 29 29 23 23 48 24 24 17 17 17 5 5 3 3 3 8 10 10 24 24 21 21 21 6
 36 36 19 16 16 12 12 12 15 15 13 10 10 10 10 10 20 20 19 74 74 69 29 29 23 23 48 24 24 17 17 17 5 5 3 3 3 8 10 10 24 24 21 21 21 6
 34 34 24 25 25 15 14 14 15 15 21 18 18 13 11 11 23 23 33 26 26 23 17 17 22 22 37 15 15 6 4 4 3 3 4 4 4 8 8 8 20 20 12 16 16 11
 34 34 24 25 25 15 14 14 15 15 21 18 18 13 11 11 23 23 33 26 26 23 17 17 22 22 37 15 15 6 4 4 3 3 4 4 4 8 8 8 20 20 12 16 16 11
 47 47 29 31 31 23 25 25 24 24 23 18 18 19 13 13 14 14 15 17 17 17 21 21 16 16 15 16 16 10 5 5 3 3 4 5 5 8 7 7 11 11 12 16 16 23
 30 30 29 36 36 32 27 27 22 22 15 18 18 14 12 12 10 10 11 12 12 21 25 25 19 19 21 24 24 14 11 11 4 4 5 9 9 6 5 5 8 8 8 20 20 19
 30 30 29 36 36 32 27 27 22 22 15 18 18 14 12 12 10 10 11 12 12 21 25 25 19 19 21 24 24 14 11 11 4 4 5 9 9 6 5 5 8 8 8 20 20 19
 34 34 31 34 34 34 28 28 21 21 15 21 21 21 21 21 21 21 26 17 17 20 22 22 22 22 21 22 22 25 13 13 5 5 6 6 6 5 5 5 3 3 7 19 19 2
 42 42 33 33 33 30 32 32 22 22 22 20 20 20 20 20 20 20 28 28 28 20 21 21 22 22 28 30 30 27 19 19 6 6 5 3 3 3 3 3 3 3 5 3 3 1
 42 42 33 33 33 30 32 32 22 22 22 20 20 20 20 20 20 20 28 28 28 20 21 21 22 22 28 30 30 27 19 19 6 6 5 3 3 3 3 3 3 3 5 3 3 1
 46 46 44 38 38 39 39 39 27 27 14 10 10 13 13 13 12 12 27 28 28 20 16 16 17 17 16 18 18 17 8 8 5 5 1 1 1 2 3 3 2 2 3 2 2 0
 46 46 44 38 38 39 39 39 27 27 14 10 10 13 13 13 12 12 27 28 28 20 16 16 17 17 16 18 18 17 8 8 5 5 1 1 1 2 3 3 2 2 3 2 2 0
 44 44 47 34 34 48 34 34 30 30 16 12 12 14 7 7 5 5 11 12 12 13 11 11 15 15 17 24 24 18 8 8 6 6 1 1 1 0 0 0 0 0 0 0 0 2
 40 40 55 62 62 57 51 51 18 18 13 8 8 9 8 8 5 5 3 12 12 9 7 7 9 9 11 14 14 14 12 12 6 6 1 2 2 0 0 0 0 0 0 0 0 2
 40 40 55 62 62 57 51 51 18 18 13 8 8 9 8 8 5 5 3 12 12 9 7 7 9 9 11 14 14 14 12 12 6 6 1 2 2 0 0 0 0 0 0 0 0 2
 40 40 59 74 74 71 71 71 15 15 14 11 11 11 9 9 5 5 4 4 4 6 9 9 10 10 16 25 25 24 19 19 12 12 8 3 3 0 0 0 0 0 0 0 0 0
 35 35 41 51 51 75 40 40 24 24 15 15 15 15 15 15 9 9 6 6 6 3 7 7 13 13 15 23 23 27 20 20 13 13 8 6 6 4 6 6 6 6 4 1 1 0
 35 35 41 51 51 75 40 40 24 24 15 15 15 15 15 15 9 9 6 6 6 3 7 7 13 13 15 23 23 27 20 20 13 13 8 6 6 4 6 6 6 6 4 1 1 0
 23 23 26 40 40 44 56 56 22 22 15 14 14 14 18 18 10 10 6 3 3 9 11 11 16 16 17 21 21 41 38 38 66 66 15 8 8 10 10 10 14 14 7 1 1 0
 23 23 26 40 40 44 56 56 22 22 15 14 14 14 18 18 10 10 6 3 3 9 11 11 16 16 17 21 21 41 38 38 66 66 15 8 8 10 10 10 14 14 7 1 1 0
 23 23 23 32 32 38 47 47 44 44 14 16 16 18 18 18 13 13 7 4 4 4 9 9 10 10 15 12 12 27 47 47 37 37 24 16 16 11 13 13 18 18 9 10 10 1
 16 16 15 20 20 24 44 44 48 48 41 17 17 17 21 21 18 18 11 10 10 3 6 6 8 8 13 12 12 18 15 15 10 10 28 10 10 6 5 5 4 4 11 3 3 0
 16 16 15 20 20 24 44 44 48 48 41 17 17 17 21 21 18 18 11 10 10 3 6 6 8 8 13 12 12 18 15 15 10 10 28 10 10 6 5 5 4 4 11 3 3 0
 14 14 14 16 16 23 43 43 46 46 49 22 22 22 24 24 21 21 12 9 9 4 5 5 5 5 10 14 14 15 7 7 9 9 7 7 7 6 1 1 3 3 5 0 0 0
 16 16 16 17 17 27 30 30 41 41 41 30 30 18 25 25 21 21 21 11 11 8 9 9 9 9 12 9 9 9 8 8 9 9 14 6 6 6 4 4 4 4 4 0 0 0
 16 16 16 17 17 27 30 30 41 41 41 30 30 18 25 25 21 21 21 11 11 8 9 9 9 9 12 9 9 9 8 8 9 9 14 6 6 6 4 4 4 4 4 0 0 0
 19 19 21 17 17 20 25 25 33 33 43 25 25 17 18 18 21 21 11 13 13 13 13 13 10 10 6 5 5 4 3 3 7 7 16 17 17 14 7 7 5 5 6 2 2 2
 19 19 21 17 17 20 25 25 33 33 43 25 25 17 18 18 21 21 11 13 13 13 13 13 10 10 6 5 5 4 3 3 7 7 16 17 17 14 7 7 5 5 6 2 2 2
 27 27 27 25 25 23 24 24 34 34 35 24 24 18 17 17 19 19 23 14 14 12 12 12 11 11 8 4 4 4 6 6 10 10 16 19 19 14 12 12 9 9 6 4 4 3
 31 31 30 25 25 24 19 19 21 21 22 29 29 17 15 15 13 13 20 21 21 11 9 9 11 11 9 9 9 4 6 6 10 10 10 11 11 13 21 21 17 17 12 13 13 3
 31 31 30 25 25 24 19 19 21 21 22 29 29 17 15 15 13 13 20 21 21 11 9 9 11 11 9 9 9 4 6 6 10 10 10 11 11 13 21 21 17 17 12 13 13 3
 27 27 35 28 28 24 17 17 15 15 15 23 23 19 18 18 16 16 19 17 17 11 9 9 6 6 2 4 4 2 3 3 7 7 9 11 11 12 13 13 16 16 13 14 14 10
 26 26 31 34 34 23 16 16 13 13 17 21 21 24 14 14 18 18 17 17 17 16 4 4 4 4 3 2 2 2 3 3 8 8 10 10 10 17 21 21 20 20 13 13 13 19
 26 26 31 34 34 23 16 16 13 13 17 21 21 24 14 14 18 18 17 17 17 16 4 4 4 4 3 2 2 2 3 3 8 8 10 10 10 17 21 21 20 20 13 13 13 19
 34 34 36 61 61 40 19 19 17 17 18 18 18 27 15 15 16 16 17 19 19 20 20 20 4 4 1 1 1 3 3 3 3 3 5 10 10 14 11 11 10 10 16 15 15 12
 34 34 36 61 61 40 19 19 17 17 18 18 18 27 15 15 16 16 17 19 19 20 20 20 4 4 1 1 1 3 3 3 3 3 5 10 10 14 11 11 10 10 16 15 15 12
 28 28 26 40 40 45 18 18 14 14 15 13 13 17 18 18 25 25 14 14 14 18 9 9 2 2 1 1 1 2 2 2 3 3 4 8 8 9 9 9 9 9 25 42 42 18
 22 22 23 26 26 24 20 20 16 16 16 19 19 11 14 14 16 16 15 13 13 13 7 7 12 12 12 1 1 1 2 2 4 4 2 3 3 8 10 10 8 8 10 13 13 21
 22 22 23 26 26 24 20 20 16 16 16 19 19 11 14 14 16 16 15 13 13 13 7 7 12 12 12 1 1 1 2 2 4 4 2 3 3 8 10 10 8 8 10 13 13 21
 23 23 17 16 16 19 21 21 13 13 15 22 22 18 15 15 13 13 14 14 14 15 11 11 9 9 2 1 1 1 1 1 2 2 2 3 3 4 8 8 6 6 8 8 8 17
 22 22 26 20 20 20 16 16 12 12 12 22 22 21 32 32 16 16 13 11 11 13 12 12 9 9 5 3 3 0 1 1 1 1 1 3 3 3 5 5 5 5 7 11 11 13
