assets/RAT_results/precipitation/2021-10-23_IMERG.asc
ncols        46
nrows        77
xllcorner    74.800261325624
yllcorner    8.058333333333
cellsize     0.062500000000
NODATA_value -9999
 17 17 19 10 10 4 4 4 8 8 6 11 11 4 3 3 3 3 3 5 5 13 22 22 28 28 27 15 15 14 8 8 11 11 8 7 7 8 16 16 16 16 15 12 12 3
 67 67 18 12 12 8 7 7 6 6 5 6 6 5 2 2 3 3 3 4 4 6 14 14 22 22 25 17 17 12 10 10 10 10 10 9 9 8 11 11 19 19 20 16 16 3
 67 67 18 12 12 8 7 7 6 6 5 6 6 5 2 2 3 3 3 4 4 6 14 14 22 22 25 17 17 12 10 10 10 10 10 9 9 8 11 11 19 19 20 16 16 3
 66 66 16 18 18 9 8 8 6 6 10 10 10 19 8 8 3 3 5 6 6 9 19 19 24 24 31 34 34 18 11 11 11 11 10 10 10 10 8 8 9 9 10 11 11 4
 195 195 15 16 16 5 6 6 6 6 11 17 17 5 10 10 3 3 5 7 7 16 24 24 29 29 39 49 49 28 16 16 9 9 9 8 8 7 7 7 9 9 11 7 7 2
 195 195 15 16 16 5 6 6 6 6 11 17 17 5 10 10 3 3 5 7 7 16 24 24 29 29 39 49 49 28 16 16 9 9 9 8 8 7 7 7 9 9 11 7 7 2
 169 169 13 13 13 7 4 4 6 6 16 11 11 8 13 13 6 6 5 9 9 17 26 26 36 36 41 51 51 38 14 14 8 8 7 6 6 6 10 10 12 12 10 8 8 3
 169 169 13 13 13 7 4 4 6 6 16 11 11 8 13 13 6 6 5 9 9 17 26 26 36 36 41 51 51 38 14 14 8 8 7 6 6 6 10 10 12 12 10 8 8 3
 30 30 9 6 6 8 4 4 5 5 11 14 14 21 18 18 13 13 12 6 6 18 21 21 30 30 33 42 42 27 25 25 22 22 15 13 13 7 15 15 17 17 8 7 7 4
 28 28 9 7 7 7 5 5 4 4 6 10 10 16 19 19 19 19 16 15 15 21 13 13 24 24 28 28 28 31 38 38 38 38 33 32 32 22 16 16 14 14 9 9 9 8
 28 28 9 7 7 7 5 5 4 4 6 10 10 16 19 19 19 19 16 15 15 21 13 13 24 24 28 28 28 31 38 38 38 38 33 32 32 22 16 16 14 14 9 9 9 8
 6 6 7 7 7 9 9 9 7 7 5 6 6 13 13 13 16 16 22 25 25 26 22 22 22 22 16 25 25 30 32 32 40 40 34 33 33 40 31 31 20 20 10 7 7 7
 5 5 6 10 10 10 9 9 9 9 6 4 4 5 9 9 21 21 30 26 26 26 25 25 22 22 13 15 15 8 8 8 13 13 14 24 24 35 35 35 15 15 9 5 5 4
 5 5 6 10 10 10 9 9 9 9 6 4 4 5 9 9 21 21 30 26 26 26 25 25 22 22 13 15 15 8 8 8 13 13 14 24 24 35 35 35 15 15 9 5 5 4
 6 6 8 11 11 11 16 16 16 16 11 10 10 10 8 8 22 22 24 17 17 9 22 22 20 20 11 3 3 2 3 3 9 9 7 10 10 9 34 34 18 18 13 6 6 6
 6 6 8 11 11 11 16 16 16 16 11 10 10 10 8 8 22 22 24 17 17 9 22 22 20 20 11 3 3 2 3 3 9 9 7 10 10 9 34 34 18 18 13 6 6 6
 21 21 8 9 9 14 17 17 14 14 12 13 13 13 18 18 10 10 10 14 14 11 21 21 20 20 12 3 3 3 2 2 3 3 3 7 7 12 14 14 17 17 14 9 9 10
 38 38 7 9 9 13 15 15 14 14 16 14 14 18 16 16 17 17 21 17 17 16 27 27 23 23 23 7 7 4 3 3 3 3 3 9 9 11 11 11 14 14 13 12 12 29
 38 38 7 9 9 13 15 15 14 14 16 14 14 18 16 16 17 17 21 17 17 16 27 27 23 23 23 7 7 4 3 3 3 3 3 9 9 11 11 11 14 14 13 12 12 29
 39 39 12 13 13 8 8 8 18 18 11 21 21 25 26 26 19 19 21 26 26 35 41 41 16 16 16 13 13 11 4 4 4 4 5 10 10 13 12 12 17 17 9 13 13 28
 47 47 29 13 13 9 6 6 22 22 16 19 19 27 29 29 32 32 55 57 57 39 39 39 15 15 16 16 16 12 5 5 5 5 8 9 9 10 11 11 19 19 19 20 20 53
 47 47 29 13 13 9 6 6 22 22 16 19 19 27 29 29 32 32 55 57 57 39 39 39 15 15 16 16 16 12 5 5 5 5 8 9 9 10 11 11 19 19 19 20 20 53
 45 45 26 7 7 8 5 5 5 5 14 13 13 15 22 22 28 28 52 54 54 34 35 35 18 18 16 16 16 17 18 18 14 14 10 8 8 9 8 8 18 18 19 19 19 22
 45 45 26 7 7 8 5 5 5 5 14 13 13 15 22 22 28 28 52 54 54 34 35 35 18 18 16 16 16 17 18 18 14 14 10 8 8 9 8 8 18 18 19 19 19 22
 26 26 24 14 14 14 5 5 4 4 12 12 12 13 15 15 15 15 11 19 19 16 18 18 19 19 15 13 13 10 14 14 13 13 12 5 5 4 2 2 1 1 7 7 7 13
 32 32 29 15 15 14 6 6 4 4 4 10 10 10 9 9 8 8 5 11 11 10 13 13 18 18 24 18 18 13 9 9 21 21 11 10 10 8 4 4 2 2 3 3 3 0
 32 32 29 15 15 14 6 6 4 4 4 10 10 10 9 9 8 8 5 11 11 10 13 13 18 18 24 18 18 13 9 9 21 21 11 10 10 8 4 4 2 2 3 3 3 0
 31 31 28 18 18 17 10 10 5 5 5 5 5 10 7 7 8 8 6 8 8 11 9 9 9 9 14 21 21 13 12 12 11 11 12 22 22 14 17 17 4 4 4 1 1 0
 31 31 28 17 17 17 9 9 5 5 5 4 4 5 9 9 8 8 8 9 9 11 11 11 11 11 16 31 31 23 13 13 13 13 12 19 19 14 27 27 10 10 4 3 3 0
 31 31 28 17 17 17 9 9 5 5 5 4 4 5 9 9 8 8 8 9 9 11 11 11 11 11 16 31 31 23 13 13 13 13 12 19 19 14 27 27 10 10 4 3 3 0
 30 30 19 18 18 13 13 13 7 7 7 7 7 15 14 14 10 10 10 10 10 10 7 7 11 11 22 28 28 30 14 14 12 12 8 12 12 15 8 8 9 9 37 17 17 2
 30 30 19 18 18 13 13 13 7 7 7 7 7 15 14 14 10 10 10 10 10 10 7 7 11 11 22 28 28 30 14 14 12 12 8 12 12 15 8 8 9 9 37 17 17 2
 25 25 10 10 10 7 6 6 5 5 7 6 6 12 20 20 13 13 9 9 9 9 15 15 18 18 25 25 25 8 8 8 7 7 10 18 18 16 14 14 25 25 35 5 5 25
 34 34 15 10 10 6 7 7 6 6 6 5 5 5 11 11 13 13 7 5 5 6 7 7 14 14 19 24 24 16 8 8 8 8 11 17 17 9 22 22 9 9 12 26 26 34
 34 34 15 10 10 6 7 7 6 6 6 5 5 5 11 11 13 13 7 5 5 6 7 7 14 14 19 24 24 16 8 8 8 8 11 17 17 9 22 22 9 9 12 26 26 34
 36 36 19 17 17 16 11 11 12 12 6 5 5 6 7 7 9 9 16 6 6 7 8 8 8 8 6 8 8 7 9 9 8 8 12 20 20 29 28 28 16 16 15 38 38 41
 44 44 43 36 36 40 21 21 12 12 7 7 7 7 5 5 6 6 12 8 8 13 12 12 11 11 12 11 11 13 50 50 15 15 16 15 15 15 19 19 21 21 10 14 14 29
 44 44 43 36 36 40 21 21 12 12 7 7 7 7 5 5 6 6 12 8 8 13 12 12 11 11 12 11 11 13 50 50 15 15 16 15 15 15 19 19 21 21 10 14 14 29
 63 63 43 38 38 41 25 25 22 22 10 8 8 6 7 7 8 8 16 13 13 13 13 13 22 22 36 23 23 20 30 30 11 11 10 7 7 11 14 14 11 11 8 9 9 10
 63 63 43 38 38 41 25 25 22 22 10 8 8 6 7 7 8 8 16 13 13 13 13 13 22 22 36 23 23 20 30 30 11 11 10 7 7 11 14 14 11 11 8 9 9 10
 65 65 74 74 74 63 60 60 39 39 28 8 8 7 9 9 14 14 14 16 16 16 15 15 23 23 26 18 18 32 31 31 11 11 11 10 10 9 6 6 11 11 11 9 9 7
 73 73 75 94 94 86 63 63 42 42 29 8 8 8 9 9 9 9 9 18 18 16 16 16 19 19 25 21 21 37 20 20 12 12 10 12 12 12 11 11 13 13 10 7 7 5
 73 73 75 94 94 86 63 63 42 42 29 8 8 8 9 9 9 9 9 18 18 16 16 16 19 19 25 21 21 37 20 20 12 12 10 12 12 12 11 11 13 13 10 7 7 5
 74 74 95 94 94 82 81 81 57 57 13 9 9 8 8 8 7 7 8 16 16 15 15 15 22 22 26 25 25 27 22 22 12 12 11 11 11 9 8 8 15 15 4 3 3 2
 58 58 102 101 101 85 95 95 44 44 14 12 12 6 7 7 9 9 13 13 13 14 15 15 23 23 36 23 23 24 25 25 12 12 12 8 8 9 7 7 4 4 2 1 1 0
 58 58 102 101 101 85 95 95 44 44 14 12 12 6 7 7 9 9 13 13 13 14 15 15 23 23 36 23 23 24 25 25 12 12 12 8 8 9 7 7 4 4 2 1 1 0
 65 65 56 101 101 84 42 42 42 42 12 9 9 8 8 8 9 9 6 7 7 10 20 20 28 28 35 28 28 31 33 33 22 22 13 6 6 6 7 7 6 6 3 1 1 0
 65 65 56 101 101 84 42 42 42 42 12 9 9 8 8 8 9 9 6 7 7 10 20 20 28 28 35 28 28 31 33 33 22 22 13 6 6 6 7 7 6 6 3 1 1 0
 72 72 70 56 56 40 35 35 39 39 13 21 21 6 5 5 5 5 4 4 4 8 10 10 19 19 28 32 32 38 28 28 20 20 19 9 9 5 7 7 6 6 13 7 7 3
 59 59 48 85 85 80 57 57 75 75 21 20 20 6 5 5 5 5 4 5 5 15 13 13 15 15 23 27 27 32 26 26 22 22 24 11 11 8 5 5 13 13 12 33 33 19
 59 59 48 85 85 80 57 57 75 75 21 20 20 6 5 5 5 5 4 5 5 15 13 13 15 15 23 27 27 32 26 26 22 22 24 11 11 8 5 5 13 13 12 33 33 19
 107 107 90 86 86 101 53 53 74 74 101 61 61 8 5 5 4 4 5 8 8 9 11 11 10 10 11 17 17 27 33 33 40 40 51 41 41 32 31 31 39 39 25 15 15 16
 98 98 46 111 111 73 101 101 112 112 110 60 60 34 4 4 6 6 11 6 6 17 12 12 10 10 10 18 18 28 38 38 66 66 81 41 41 23 18 18 17 17 10 7 7 7
 98 98 46 111 111 73 101 101 112 112 110 60 60 34 4 4 6 6 11 6 6 17 12 12 10 10 10 18 18 28 38 38 66 66 81 41 41 23 18 18 17 17 10 7 7 7
 34 34 49 55 55 45 89 89 73 73 67 37 37 37 13 13 26 26 24 19 19 16 24 24 10 10 7 16 16 19 36 36 45 45 84 87 87 22 9 9 3 3 4 1 1 6
 34 34 49 55 55 45 89 89 73 73 67 37 37 37 13 13 26 26 24 19 19 16 24 24 10 10 7 16 16 19 36 36 45 45 84 87 87 22 9 9 3 3 4 1 1 6
 33 33 47 48 48 35 49 49 33 33 96 79 79 73 37 37 45 45 59 45 45 21 11 11 13 13 9 8 8 14 61 61 30 30 68 19 19 5 2 2 1 1 1 0 0 1
 16 16 12 8 8 10 27 27 26 26 72 93 93 75 60 60 75 75 85 111 111 22 31 31 19 19 24 18 18 10 8 8 18 18 9 3 3 3 1 1 1 1 1 1 1 1
 16 16 12 8 8 10 27 27 26 26 72 93 93 75 60 60 75 75 85 111 111 22 31 31 19 19 24 18 18 10 8 8 18 18 9 3 3 3 1 1 1 1 1 1 1 1
 15 15 10 11 11 12 25 25 26 26 58 48 48 75 101 101 102 102 75 70 70 23 18 18 22 22 25 23 23 4 4 4 3 3 3 1 1 1 2 2 1 1 1 2 2 2
 8 8 24 45 45 46 25 25 43 43 48 59 59 52 69 69 90 90 45 36 36 21 6 6 16 16 7 4 4 3 4 4 7 7 4 1 1 1 1 1 2 2 1 2 2 3
 8 8 24 45 45 46 25 25 43 43 48 59 59 52 69 69 90 90 45 36 36 21 6 6 16 16 7 4 4 3 4 4 7 7 4 1 1 1 1 1 2 2 1 2 2 3
 14 14 18 36 36 54 26 26 40 40 45 59 59 36 46 46 48 48 46 30 30 57 8 8 4 4 2 4 4 4 7 7 14 14 14 8 8 6 3 3 2 2 4 5 5 5
 14 14 18 36 36 54 26 26 40 40 45 59 59 36 46 46 48 48 46 30 30 57 8 8 4 4 2 4 4 4 7 7 14 14 14 8 8 6 3 3 2 2 4 5 5 5
 13 13 16 37 37 27 28 28 38 38 16 19 19 9 12 12 12 12 46 59 59 53 52 52 42 42 40 30 30 4 4 4 6 6 5 6 6 7 2 2 2 2 3 3 3 4
 9 9 14 19 19 36 21 21 32 32 14 10 10 10 5 5 8 8 5 48 48 43 80 80 91 91 44 35 35 10 6 6 7 7 7 6 6 6 5 5 2 2 3 3 3 3
 9 9 14 19 19 36 21 21 32 32 14 10 10 10 5 5 8 8 5 48 48 43 80 80 91 91 44 35 35 10 6 6 7 7 7 6 6 6 5 5 2 2 3 3 3 3
 9 9 16 16 16 28 41 41 32 32 33 37 37 33 2 2 5 5 6 41 41 39 80 80 92 92 17 21 21 7 12 12 12 12 10 5 5 7 7 7 5 5 3 3 3 3
 17 17 25 21 21 26 38 38 36 36 38 38 38 36 2 2 4 4 5 6 6 3 5 5 4 4 2 4 4 4 8 8 15 15 11 5 5 5 4 4 2 2 3 3 3 3
 17 17 25 21 21 26 38 38 36 36 38 38 38 36 2 2 4 4 5 6 6 3 5 5 4 4 2 4 4 4 8 8 15 15 11 5 5 5 4 4 2 2 3 3 3 3
 26 26 25 24 24 27 29 29 27 27 20 18 18 15 9 9 6 6 5 4 4 2 3 3 22 22 1 3 3 5 2 2 14 14 23 11 11 3 7 7 3 3 3 5 5 5
 26 26 25 24 24 27 29 29 27 27 20 18 18 15 9 9 6 6 5 4 4 2 3 3 22 22 1 3 3 5 2 2 14 14 23 11 11 3 7 7 3 3 3 5 5 5
 26 26 26 23 23 31 24 24 28 28 23 14 14 10 5 5 8 8 4 5 5 5 3 3 21 21 1 1 1 3 2 2 13 13 17 10 10 9 6 6 4 4 4 5 5 5
 16 16 15 12 12 13 16 16 14 14 17 11 11 22 6 6 9 9 10 8 8 7 5 5 4 4 3 3 3 1 1 1 3 3 5 5 5 9 9 9 7 7 5 6 6 6
 16 16 15 12 12 13 16 16 14 14 17 11 11 22 6 6 9 9 10 8 8 7 5 5 4 4 3 3 3 1 1 1 3 3 5 5 5 9 9 9 7 7 5 6 6 6
 11 11 11 10 10 8 8 8 9 9 9 10 10 24 9 9 6 6 8 6 6 4 4 4 5 5 4 4 4 3 2 2 3 3 12 9 9 10 8 8 7 7 9 9 9 13
 7 7 8 9 9 9 8 8 12 12 11 10 10 10 14 14 9 9 8 7 7 5 9 9 43 43 45 9 9 12 22 22 10 10 13 29 29 9 14 14 15 15 15 10 10 16
