assets/RAT_results/precipitation/2021-04-12_IMERG.asc
ncols        46
nrows        77
xllcorner    74.800261325624
yllcorner    8.058333333333
cellsize     0.062500000000
NODATA_value -9999
 18 18 25 18 18 18 40 40 17 17 15 19 19 10 9 9 25 25 33 12 12 6 5 5 3 3 3 3 3 1 1 1 0 0 0 0 0 0 0 0 0 0 0 0 0 0
 22 22 24 19 19 22 38 38 24 24 16 13 13 12 17 17 24 24 16 11 11 8 7 7 8 8 5 5 5 1 0 0 0 0 0 0 0 0 0 0 0 0 0 0 0 0
 22 22 24 19 19 22 38 38 24 24 16 13 13 12 17 17 24 24 16 11 11 8 7 7 8 8 5 5 5 1 0 0 0 0 0 0 0 0 0 0 0 0 0 0 0 0
 21 21 25 28 28 22 28 28 15 15 13 20 20 16 18 18 22 22 13 13 13 11 9 9 8 8 5 6 6 1 1 1 0 0 0 0 0 0 0 0 0 0 0 0 0 0
 27 27 19 23 23 19 23 23 16 16 15 22 22 23 33 33 17 17 16 17 17 15 12 12 8 8 8 7 7 6 1 1 1 1 1 0 0 0 0 0 0 0 0 0 0 0
 27 27 19 23 23 19 23 23 16 16 15 22 22 23 33 33 17 17 16 17 17 15 12 12 8 8 8 7 7 6 1 1 1 1 1 0 0 0 0 0 0 0 0 0 0 0
 26 26 25 19 19 29 29 29 20 20 19 19 19 22 22 22 14 14 20 17 17 12 10 10 5 5 3 4 4 4 1 1 1 1 1 0 0 0 0 0 0 0 0 0 0 0
 26 26 25 19 19 29 29 29 20 20 19 19 19 22 22 22 14 14 20 17 17 12 10 10 5 5 3 4 4 4 1 1 1 1 1 0 0 0 0 0 0 0 0 0 0 0
 31 31 34 23 23 34 30 30 30 30 22 14 14 22 25 25 20 20 22 17 17 13 9 9 7 7 4 4 4 4 1 1 0 0 0 0 0 0 0 0 0 0 0 0 0 0
 27 27 20 19 19 27 16 16 18 18 9 14 14 24 22 22 16 16 15 13 13 6 4 4 3 3 2 2 2 3 1 1 0 0 0 0 0 0 0 0 0 0 0 0 0 0
 27 27 20 19 19 27 16 16 18 18 9 14 14 24 22 22 16 16 15 13 13 6 4 4 3 3 2 2 2 3 1 1 0 0 0 0 0 0 0 0 0 0 0 0 0 0
 11 11 9 11 11 14 10 10 13 13 14 16 16 18 15 15 9 9 8 4 4 4 3 3 3 3 3 3 3 3 0 0 0 0 0 0 0 0 0 0 0 0 0 0 0 0
 11 11 9 8 8 19 18 18 17 17 19 16 16 19 14 14 5 5 3 2 2 3 3 3 2 2 3 3 3 3 1 1 2 2 0 0 0 1 0 0 0 0 0 0 0 0
 11 11 9 8 8 19 18 18 17 17 19 16 16 19 14 14 5 5 3 2 2 3 3 3 2 2 3 3 3 3 1 1 2 2 0 0 0 1 0 0 0 0 0 0 0 0
 12 12 7 12 12 14 15 15 15 15 10 10 10 11 11 11 7 7 4 5 5 3 1 1 1 1 1 0 0 3 4 4 3 3 1 1 1 1 1 1 1 1 1 1 1 0
 12 12 7 12 12 14 15 15 15 15 10 10 10 11 11 11 7 7 4 5 5 3 1 1 1 1 1 0 0 3 4 4 3 3 1 1 1 1 1 1 1 1 1 1 1 0
 9 9 3 8 8 11 11 11 11 11 5 13 13 10 6 6 5 5 6 6 6 2 2 2 3 3 1 6 6 6 3 3 3 3 1 2 2 3 3 3 2 2 1 1 1 1
 7 7 1 7 7 8 11 11 1 1 3 10 10 9 4 4 4 4 4 4 4 2 6 6 4 4 5 4 4 3 3 3 1 1 2 2 2 2 2 2 1 1 1 1 1 1
 7 7 1 7 7 8 11 11 1 1 3 10 10 9 4 4 4 4 4 4 4 2 6 6 4 4 5 4 4 3 3 3 1 1 2 2 2 2 2 2 1 1 1 1 1 1
 14 14 13 10 10 11 11 11 1 1 2 2 2 2 7 7 8 8 4 6 6 5 8 8 6 6 4 3 3 3 2 2 2 2 2 2 2 2 2 2 1 1 1 1 1 1
 14 14 13 13 13 5 6 6 2 2 2 2 2 5 6 6 5 5 5 7 7 8 12 12 10 10 11 9 9 9 6 6 4 4 2 2 2 2 2 2 2 2 1 0 0 0
 14 14 13 13 13 5 6 6 2 2 2 2 2 5 6 6 5 5 5 7 7 8 12 12 10 10 11 9 9 9 6 6 4 4 2 2 2 2 2 2 2 2 1 0 0 0
 11 11 10 10 10 5 19 19 19 19 18 11 11 9 9 9 5 5 7 10 10 13 16 16 16 16 15 15 15 11 7 7 5 5 3 3 3 2 3 3 2 2 1 1 1 0
 11 11 10 10 10 5 19 19 19 19 18 11 11 9 9 9 5 5 7 10 10 13 16 16 16 16 15 15 15 11 7 7 5 5 3 3 3 2 3 3 2 2 1 1 1 0
 2 2 11 24 24 21 21 21 21 21 19 19 19 13 12 12 12 12 12 17 17 18 20 20 21 21 19 17 17 13 10 10 7 7 4 3 3 3 3 3 3 3 2 1 1 1
 3 3 14 12 12 28 33 33 27 27 21 20 20 15 14 14 14 14 19 25 25 28 27 27 24 24 27 17 17 14 13 13 8 8 5 4 4 4 4 4 3 3 2 2 2 1
 3 3 14 12 12 28 33 33 27 27 21 20 20 15 14 14 14 14 19 25 25 28 27 27 24 24 27 17 17 14 13 13 8 8 5 4 4 4 4 4 3 3 2 2 2 1
 26 26 32 30 30 47 37 37 49 49 37 38 38 17 16 16 18 18 18 28 28 32 29 29 29 29 27 24 24 14 16 16 10 10 9 6 6 6 5 5 4 4 4 3 3 3
 26 26 29 30 30 63 57 57 63 63 45 43 43 23 21 21 27 27 23 25 25 29 29 29 30 30 29 24 24 16 17 17 15 15 11 9 9 7 6 6 7 7 5 6 6 12
 26 26 29 30 30 63 57 57 63 63 45 43 43 23 21 21 27 27 23 25 25 29 29 29 30 30 29 24 24 16 17 17 15 15 11 9 9 7 6 6 7 7 5 6 6 12
 29 29 34 32 32 64 60 60 64 64 64 51 51 51 22 22 26 26 25 29 29 28 32 32 31 31 30 24 24 23 40 40 26 26 19 10 10 8 8 8 7 7 7 9 9 14
 29 29 34 32 32 64 60 60 64 64 64 51 51 51 22 22 26 26 25 29 29 28 32 32 31 31 30 24 24 23 40 40 26 26 19 10 10 8 8 8 7 7 7 9 9 14
 23 23 23 29 29 27 63 63 63 63 64 36 36 34 23 23 26 26 23 26 26 28 31 31 29 29 28 56 56 31 49 49 31 31 29 12 12 9 8 8 8 8 8 8 8 15
 22 22 23 43 43 28 54 54 54 54 52 32 32 33 23 23 23 23 22 27 27 27 28 28 27 27 30 56 56 54 47 47 46 46 27 12 12 10 8 8 8 8 7 8 8 14
 22 22 23 43 43 28 54 54 54 54 52 32 32 33 23 23 23 23 22 27 27 27 28 28 27 27 30 56 56 54 47 47 46 46 27 12 12 10 8 8 8 8 7 8 8 14
 3 3 19 29 29 27 46 46 47 47 40 22 22 22 22 22 21 21 21 24 24 26 23 23 20 20 27 72 72 42 38 38 36 36 24 16 16 10 9 9 8 8 9 8 8 8
 10 10 2 13 13 12 30 30 40 40 41 22 22 15 13 13 17 17 18 21 21 22 22 22 21 21 37 34 34 43 36 36 28 28 22 16 16 18 17 17 8 8 14 9 9 9
 10 10 2 13 13 12 30 30 40 40 41 22 22 15 13 13 17 17 18 21 21 22 22 22 21 21 37 34 34 43 36 36 28 28 22 16 16 18 17 17 8 8 14 9 9 9
 1 1 1 13 13 14 2 2 16 16 16 12 12 16 15 15 17 17 16 18 18 20 23 23 24 24 22 41 41 33 41 41 30 30 23 19 19 15 14 14 14 14 16 12 12 12
 1 1 1 13 13 14 2 2 16 16 16 12 12 16 15 15 17 17 16 18 18 20 23 23 24 24 22 41 41 33 41 41 30 30 23 19 19 15 14 14 14 14 16 12 12 12
 8 8 8 4 4 5 4 4 18 18 7 2 2 7 8 8 15 15 19 18 18 17 17 17 20 20 26 43 43 41 55 55 29 29 21 25 25 22 14 14 11 11 15 16 16 16
 11 11 9 4 4 6 5 5 5 5 6 7 7 8 16 16 15 15 21 17 17 18 16 16 19 19 36 58 58 32 32 32 38 38 22 26 26 19 18 18 13 13 15 16 16 19
 11 11 9 4 4 6 5 5 5 5 6 7 7 8 16 16 15 15 21 17 17 18 16 16 19 19 36 58 58 32 32 32 38 38 22 26 26 19 18 18 13 13 15 16 16 19
 21 21 10 10 10 4 3 3 6 6 8 8 8 16 15 15 16 16 19 24 24 24 18 18 24 24 32 34 34 36 46 46 35 35 21 18 18 19 15 15 16 16 15 11 11 11
 24 24 3 3 3 5 2 2 5 5 11 10 10 25 24 24 22 22 23 23 23 23 21 21 30 30 27 27 27 37 37 37 38 38 21 21 21 29 23 23 15 15 12 10 10 12
 24 24 3 3 3 5 2 2 5 5 11 10 10 25 24 24 22 22 23 23 23 23 21 21 30 30 27 27 27 37 37 37 38 38 21 21 21 29 23 23 15 15 12 10 10 12
 5 5 8 2 2 3 9 9 13 13 20 21 21 22 25 25 23 23 23 23 23 24 23 23 24 24 27 33 33 28 52 52 37 37 17 22 22 29 28 28 26 26 17 10 10 12
 5 5 8 2 2 3 9 9 13 13 20 21 21 22 25 25 23 23 23 23 23 24 23 23 24 24 27 33 33 28 52 52 37 37 17 22 22 29 28 28 26 26 17 10 10 12
 5 5 8 8 8 8 8 8 10 10 21 21 21 22 27 27 26 26 23 24 24 24 22 22 24 24 26 35 35 32 53 53 24 24 22 23 23 29 22 22 23 23 14 13 13 8
 23 23 19 19 19 0 6 6 6 6 17 16 16 18 15 15 12 12 12 20 20 22 19 19 22 22 25 65 65 32 58 58 28 28 25 16 16 14 11 11 17 17 12 11 11 6
 23 23 19 19 19 0 6 6 6 6 17 16 16 18 15 15 12 12 12 20 20 22 19 19 22 22 25 65 65 32 58 58 28 28 25 16 16 14 11 11 17 17 12 11 11 6
 25 25 20 19 19 0 6 6 0 0 0 1 1 1 8 8 9 9 10 7 7 6 11 11 18 18 22 69 69 20 59 59 55 55 51 17 17 11 10 10 8 8 6 5 5 11
 1 1 1 0 0 0 0 0 1 1 1 1 1 0 0 0 0 0 1 1 1 2 3 3 9 9 4 11 11 27 59 59 18 18 20 14 14 24 15 15 12 12 10 10 10 13
 1 1 1 0 0 0 0 0 1 1 1 1 1 0 0 0 0 0 1 1 1 2 3 3 9 9 4 11 11 27 59 59 18 18 20 14 14 24 15 15 12 12 10 10 10 13
 2 2 2 1 1 1 1 1 1 1 1 1 1 0 0 0 0 0 0 0 0 0 1 1 2 2 2 8 8 28 64 64 20 20 22 16 16 12 10 10 9 9 8 6 6 10
 2 2 2 1 1 1 1 1 1 1 1 1 1 0 0 0 0 0 0 0 0 0 1 1 2 2 2 8 8 28 64 64 20 20 22 16 16 12 10 10 9 9 8 6 6 10
 2 2 2 6 6 6 4 4 2 2 1 1 1 1 0 0 0 0 0 0 0 0 0 0 1 1 2 8 8 18 18 18 15 15 21 14 14 25 24 24 12 12 8 3 3 2
 2 2 3 4 4 10 6 6 2 2 1 1 1 2 1 1 0 0 0 0 0 0 0 0 0 0 2 9 9 10 12 12 13 13 8 9 9 24 22 22 23 23 14 7 7 4
 2 2 3 4 4 10 6 6 2 2 1 1 1 2 1 1 0 0 0 0 0 0 0 0 0 0 2 9 9 10 12 12 13 13 8 9 9 24 22 22 23 23 14 7 7 4
 1 1 2 3 3 10 7 7 2 2 1 0 0 2 2 2 1 1 0 0 0 0 0 0 0 0 8 7 7 6 5 5 8 8 10 22 22 25 57 57 23 23 14 14 14 8
 0 0 0 1 1 0 1 1 2 2 2 1 1 5 6 6 6 6 5 0 0 0 0 0 0 0 1 3 3 3 10 10 15 15 9 23 23 25 24 24 9 9 8 5 5 4
 0 0 0 1 1 0 1 1 2 2 2 1 1 5 6 6 6 6 5 0 0 0 0 0 0 0 1 3 3 3 10 10 15 15 9 23 23 25 24 24 9 9 8 5 5 4
 0 0 0 0 0 0 0 0 0 0 0 0 0 2 6 6 6 6 6 1 1 1 0 0 0 0 0 1 1 1 6 6 9 9 9 14 14 19 9 9 9 9 4 4 4 3
 0 0 0 0 0 0 0 0 0 0 0 0 0 2 6 6 6 6 6 1 1 1 0 0 0 0 0 1 1 1 6 6 9 9 9 14 14 19 9 9 9 9 4 4 4 3
 0 0 0 0 0 0 1 1 1 1 1 1 1 3 3 3 6 6 6 1 1 1 0 0 0 0 0 0 0 1 3 3 10 10 12 11 11 10 17 17 10 10 7 6 6 2
 0 0 0 0 0 0 0 0 1 1 1 2 2 2 1 1 1 1 5 1 1 0 0 0 0 0 0 0 0 2 4 4 5 5 6 14 14 32 21 21 15 15 9 6 6 10
 0 0 0 0 0 0 0 0 1 1 1 2 2 2 1 1 1 1 5 1 1 0 0 0 0 0 0 0 0 2 4 4 5 5 6 14 14 32 21 21 15 15 9 6 6 10
 0 0 0 0 0 0 0 0 0 0 0 1 1 1 1 1 1 1 0 0 0 0 0 0 0 0 0 2 2 5 11 11 9 9 10 18 18 37 32 32 28 28 12 15 15 27
 0 0 0 0 0 0 0 0 0 0 0 0 0 0 0 0 0 0 0 0 0 0 1 1 5 5 2 4 4 12 11 11 9 9 13 28 28 41 34 34 33 33 38 98 98 26
 0 0 0 0 0 0 0 0 0 0 0 0 0 0 0 0 0 0 0 0 0 0 1 1 5 5 2 4 4 12 11 11 9 9 13 28 28 41 34 34 33 33 38 98 98 26
 0 0 0 0 0 0 0 0 0 0 0 0 0 0 0 0 3 3 14 13 13 9 7 7 6 6 3 8 8 29 30 30 29 29 25 34 34 43 37 37 23 23 35 103 103 28
 0 0 0 0 0 0 0 0 0 0 0 0 0 0 0 0 3 3 14 13 13 9 7 7 6 6 3 8 8 29 30 30 29 29 25 34 34 43 37 37 23 23 35 103 103 28
 0 0 0 0 0 0 0 0 0 0 0 0 0 0 0 0 6 6 18 20 20 26 62 62 49 49 27 31 31 32 30 30 29 29 27 29 29 26 17 17 14 14 23 34 34 24
 0 0 0 0 0 0 0 0 0 0 0 4 4 12 34 34 51 51 100 97 97 89 64 64 50 50 30 33 33 34 37 37 35 35 28 31 31 33 25 25 14 14 23 35 35 7
 0 0 0 0 0 0 0 0 0 0 0 4 4 12 34 34 51 51 100 97 97 89 64 64 50 50 30 33 33 34 37 37 35 35 28 31 31 33 25 25 14 14 23 35 35 7
 0 0 0 0 0 0 0 0 1 1 1 4 4 12 35 35 52 52 89 39 39 39 41 41 43 43 41 32 32 35 30 30 34 34 34 34 34 29 24 24 13 13 14 8 8 2
 0 0 0 0 0 0 0 0 3 3 4 9 9 13 15 15 16 16 20 38 38 38 26 26 20 20 21 23 23 29 30 30 32 32 21 19 19 20 19 19 12 12 12 6 6 1
