assets/RAT_results/precipitation/2021-10-04_IMERG.asc
ncols        46
nrows        77
xllcorner    74.800261325624
yllcorner    8.058333333333
cellsize     0.062500000000
NODATA_value -9999
 30 30 28 26 26 27 24 24 16 16 12 11 11 30 18 18 8 8 12 12 12 21 27 27 19 19 7 7 7 8 7 7 5 5 6 5 5 1 0 0 0 0 1 2 2 3
 31 31 32 29 29 27 22 22 18 18 16 13 13 21 19 19 42 42 11 13 13 22 22 22 27 27 9 10 10 10 9 9 8 8 6 3 3 3 2 2 1 1 1 1 1 2
 31 31 32 29 29 27 22 22 18 18 16 13 13 21 19 19 42 42 11 13 13 22 22 22 27 27 9 10 10 10 9 9 8 8 6 3 3 3 2 2 1 1 1 1 1 2
 33 33 33 29 29 23 20 20 24 24 18 15 15 56 43 43 25 25 14 11 11 21 26 26 29 29 20 9 9 8 8 8 6 6 6 5 5 8 9 9 4 4 1 0 0 1
 17 17 35 28 28 23 21 21 21 21 20 21 21 27 25 25 6 6 5 12 12 12 19 19 20 20 32 16 16 5 4 4 3 3 3 3 3 7 8 8 3 3 0 0 0 1
 17 17 35 28 28 23 21 21 21 21 20 21 21 27 25 25 6 6 5 12 12 12 19 19 20 20 32 16 16 5 4 4 3 3 3 3 3 7 8 8 3 3 0 0 0 1
 14 14 12 21 21 18 19 19 27 27 23 16 16 26 24 24 5 5 7 10 10 12 14 14 5 5 12 5 5 6 2 2 1 1 1 1 1 3 2 2 1 1 0 3 3 0
 14 14 12 21 21 18 19 19 27 27 23 16 16 26 24 24 5 5 7 10 10 12 14 14 5 5 12 5 5 6 2 2 1 1 1 1 1 3 2 2 1 1 0 3 3 0
 10 10 8 15 15 16 18 18 18 18 40 26 26 25 27 27 22 22 10 15 15 19 14 14 2 2 2 5 5 3 3 3 6 6 2 0 0 0 0 0 11 11 0 0 0 0
 6 6 5 17 17 21 23 23 19 19 49 33 33 39 21 21 22 22 11 10 10 13 6 6 4 4 1 1 1 2 4 4 14 14 9 1 1 8 2 2 0 0 0 0 0 0
 6 6 5 17 17 21 23 23 19 19 49 33 33 39 21 21 22 22 11 10 10 13 6 6 4 4 1 1 1 2 4 4 14 14 9 1 1 8 2 2 0 0 0 0 0 0
 5 5 4 6 6 21 27 27 24 24 20 19 19 25 28 28 21 21 11 12 12 12 5 5 4 4 3 3 3 2 1 1 13 13 15 14 14 13 3 3 0 0 0 0 0 0
 5 5 4 5 5 18 18 18 12 12 9 28 28 21 24 24 17 17 14 13 13 17 11 11 7 7 7 8 8 5 2 2 3 3 14 17 17 13 0 0 0 0 0 0 0 0
 5 5 4 5 5 18 18 18 12 12 9 28 28 21 24 24 17 17 14 13 13 17 11 11 7 7 7 8 8 5 2 2 3 3 14 17 17 13 0 0 0 0 0 0 0 0
 7 7 7 6 6 5 8 8 8 8 11 13 13 24 17 17 15 15 15 18 18 16 18 18 15 15 13 10 10 6 7 7 5 5 2 4 4 7 1 1 0 0 0 2 2 1
 7 7 7 6 6 5 8 8 8 8 11 13 13 24 17 17 15 15 15 18 18 16 18 18 15 15 13 10 10 6 7 7 5 5 2 4 4 7 1 1 0 0 0 2 2 1
 17 17 12 5 5 5 5 5 10 10 13 14 14 23 16 16 18 18 23 20 20 46 24 24 22 22 15 13 13 8 7 7 8 8 7 10 10 17 14 14 5 5 1 1 1 1
 48 48 25 7 7 7 7 7 9 9 19 18 18 15 20 20 40 40 27 39 39 36 24 24 27 27 10 12 12 9 9 9 10 10 12 23 23 20 30 30 8 8 13 4 4 3
 48 48 25 7 7 7 7 7 9 9 19 18 18 15 20 20 40 40 27 39 39 36 24 24 27 27 10 12 12 9 9 9 10 10 12 23 23 20 30 30 8 8 13 4 4 3
 48 48 11 9 9 8 8 8 9 9 10 16 16 14 22 22 27 27 25 27 27 30 10 10 8 8 6 6 6 11 15 15 12 12 9 14 14 41 42 42 21 21 15 6 6 9
 17 17 6 5 5 6 6 6 6 6 7 13 13 14 15 15 15 15 20 22 22 14 8 8 10 10 5 4 4 10 10 10 16 16 12 13 13 36 30 30 25 25 21 10 10 8
 17 17 6 5 5 6 6 6 6 6 7 13 13 14 15 15 15 15 20 22 22 14 8 8 10 10 5 4 4 10 10 10 16 16 12 13 13 36 30 30 25 25 21 10 10 8
 7 7 4 5 5 7 5 5 5 5 10 8 8 9 13 13 12 12 13 23 23 13 16 16 12 12 10 11 11 15 23 23 22 22 34 56 56 43 45 45 24 24 16 10 10 28
 7 7 4 5 5 7 5 5 5 5 10 8 8 9 13 13 12 12 13 23 23 13 16 16 12 12 10 11 11 15 23 23 22 22 34 56 56 43 45 45 24 24 16 10 10 28
 6 6 13 12 12 7 7 7 6 6 12 16 16 12 10 10 12 12 9 8 8 9 9 9 15 15 13 9 9 31 26 26 22 22 25 30 30 17 41 41 32 32 49 37 37 27
 15 15 14 47 47 32 54 54 51 51 26 15 15 7 11 11 13 13 11 10 10 9 11 11 17 17 25 19 19 18 11 11 7 7 8 10 10 12 30 30 31 31 50 61 61 54
 15 15 14 47 47 32 54 54 51 51 26 15 15 7 11 11 13 13 11 10 10 9 11 11 17 17 25 19 19 18 11 11 7 7 8 10 10 12 30 30 31 31 50 61 61 54
 56 56 34 67 67 69 98 98 85 85 137 58 58 12 11 11 17 17 17 15 15 13 13 13 15 15 15 23 23 12 10 10 21 21 9 6 6 7 29 29 39 39 59 53 53 57
 58 58 37 61 61 68 120 120 151 151 131 66 66 20 21 21 24 24 29 25 25 20 15 15 15 15 14 12 12 15 18 18 22 22 15 7 7 6 3 3 2 2 14 26 26 59
 58 58 37 61 61 68 120 120 151 151 131 66 66 20 21 21 24 24 29 25 25 20 15 15 15 15 14 12 12 15 18 18 22 22 15 7 7 6 3 3 2 2 14 26 26 59
 31 31 27 60 60 61 93 93 54 54 46 35 35 34 25 25 43 43 69 43 43 40 22 22 19 19 15 9 9 10 24 24 31 31 12 9 9 6 6 6 3 3 3 2 2 6
 31 31 27 60 60 61 93 93 54 54 46 35 35 34 25 25 43 43 69 43 43 40 22 22 19 19 15 9 9 10 24 24 31 31 12 9 9 6 6 6 3 3 3 2 2 6
 29 29 20 24 24 33 47 47 48 48 45 33 33 25 34 34 55 55 80 71 71 50 44 44 30 30 16 9 9 9 20 20 16 16 18 14 14 9 7 7 4 4 3 2 2 5
 20 20 27 23 23 33 30 30 30 30 27 24 24 24 34 34 70 70 81 78 78 77 52 52 46 46 31 13 13 9 12 12 12 12 20 24 24 33 7 7 6 6 2 3 3 1
 20 20 27 23 23 33 30 30 30 30 27 24 24 24 34 34 70 70 81 78 78 77 52 52 46 46 31 13 13 9 12 12 12 12 20 24 24 33 7 7 6 6 2 3 3 1
 25 25 23 24 24 28 31 31 28 28 22 13 13 20 50 50 103 103 87 140 140 81 39 39 37 37 24 14 14 17 12 12 19 19 17 22 22 26 17 17 6 6 4 1 1 1
 30 30 25 24 24 32 28 28 19 19 20 11 11 17 28 28 45 45 85 75 75 61 21 21 21 21 16 17 17 12 12 12 12 12 21 24 24 18 24 24 3 3 0 0 0 0
 30 30 25 24 24 32 28 28 19 19 20 11 11 17 28 28 45 45 85 75 75 61 21 21 21 21 16 17 17 12 12 12 12 12 21 24 24 18 24 24 3 3 0 0 0 0
 26 26 23 38 38 34 40 40 27 27 30 28 28 32 51 51 92 92 56 17 17 14 14 14 14 14 19 20 20 15 9 9 13 13 10 20 20 7 14 14 3 3 1 1 1 0
 26 26 23 38 38 34 40 40 27 27 30 28 28 32 51 51 92 92 56 17 17 14 14 14 14 14 19 20 20 15 9 9 13 13 10 20 20 7 14 14 3 3 1 1 1 0
 35 35 35 38 38 41 24 24 32 32 40 24 24 71 77 77 45 45 21 16 16 14 12 12 15 15 17 15 15 15 8 8 6 6 11 4 4 5 2 2 2 2 2 1 1 1
 38 38 45 41 41 34 22 22 19 19 26 35 35 67 66 66 20 20 15 13 13 14 29 29 21 21 36 19 19 14 13 13 8 8 4 3 3 5 3 3 3 3 3 3 3 3
 38 38 45 41 41 34 22 22 19 19 26 35 35 67 66 66 20 20 15 13 13 14 29 29 21 21 36 19 19 14 13 13 8 8 4 3 3 5 3 3 3 3 3 3 3 3
 45 45 60 73 73 33 20 20 17 17 12 20 20 50 49 49 16 16 14 14 14 20 36 36 24 24 31 31 31 36 18 18 15 15 9 5 5 8 6 6 4 4 5 4 4 3
 58 58 68 59 59 36 20 20 18 18 14 23 23 27 105 105 55 55 28 16 16 20 29 29 29 29 33 34 34 38 22 22 17 17 15 8 8 7 7 7 6 6 6 5 5 5
 58 58 68 59 59 36 20 20 18 18 14 23 23 27 105 105 55 55 28 16 16 20 29 29 29 29 33 34 34 38 22 22 17 17 15 8 8 7 7 7 6 6 6 5 5 5
 54 54 62 42 42 26 16 16 24 24 37 75 75 108 84 84 54 54 27 20 20 29 22 22 23 23 30 36 36 33 34 34 28 28 18 10 10 10 9 9 7 7 7 6 6 6
 54 54 62 42 42 26 16 16 24 24 37 75 75 108 84 84 54 54 27 20 20 29 22 22 23 23 30 36 36 33 34 34 28 28 18 10 10 10 9 9 7 7 7 6 6 6
 43 43 49 33 33 22 19 19 21 21 36 40 40 43 45 45 27 27 24 21 21 28 20 20 25 25 27 38 38 40 38 38 32 32 16 16 16 15 13 13 8 8 8 7 7 7
 51 51 24 25 25 17 16 16 18 18 20 20 20 34 33 33 38 38 31 33 33 24 28 28 24 24 26 29 29 49 46 46 43 43 24 15 15 13 19 19 10 10 8 8 8 7
 51 51 24 25 25 17 16 16 18 18 20 20 20 34 33 33 38 38 31 33 33 24 28 28 24 24 26 29 29 49 46 46 43 43 24 15 15 13 19 19 10 10 8 8 8 7
 18 18 15 16 16 15 13 13 21 21 11 13 13 21 24 24 43 43 32 32 32 27 27 27 27 27 29 28 28 32 44 44 30 30 26 11 11 18 15 15 12 12 7 8 8 6
 17 17 17 15 15 12 12 12 14 14 20 27 27 24 32 32 29 29 23 30 30 24 25 25 26 26 27 36 36 34 54 54 65 65 35 15 15 29 26 26 12 12 10 10 10 6
 17 17 17 15 15 12 12 12 14 14 20 27 27 24 32 32 29 29 23 30 30 24 25 25 26 26 27 36 36 34 54 54 65 65 35 15 15 29 26 26 12 12 10 10 10 6
 17 17 18 18 18 15 12 12 13 13 17 30 30 25 29 29 22 22 25 18 18 26 23 23 23 23 28 26 26 39 51 51 45 45 52 41 41 28 19 19 16 16 13 8 8 5
 17 17 18 18 18 15 12 12 13 13 17 30 30 25 29 29 22 22 25 18 18 26 23 23 23 23 28 26 26 39 51 51 45 45 52 41 41 28 19 19 16 16 13 8 8 5
 18 18 17 19 19 15 12 12 11 11 17 27 27 28 29 29 36 36 57 13 13 25 22 22 16 16 23 22 22 40 48 48 68 68 57 48 48 36 28 28 26 26 16 30 30 40
 19 19 19 18 18 14 12 12 13 13 12 15 15 19 29 29 34 34 48 48 48 35 17 17 20 20 23 25 25 35 23 23 31 31 75 63 63 37 37 37 31 31 36 35 35 31
 19 19 19 18 18 14 12 12 13 13 12 15 15 19 29 29 34 34 48 48 48 35 17 17 20 20 23 25 25 35 23 23 31 31 75 63 63 37 37 37 31 31 36 35 35 31
 13 13 16 17 17 14 11 11 10 10 15 14 14 16 13 13 29 29 31 15 15 16 17 17 18 18 23 24 24 22 39 39 38 38 28 32 32 42 41 41 43 43 53 48 48 44
 10 10 11 12 12 11 11 11 12 12 14 17 17 19 16 16 16 16 30 16 16 17 16 16 20 20 22 23 23 20 21 21 35 35 30 27 27 31 41 41 37 37 47 21 21 13
 10 10 11 12 12 11 11 11 12 12 14 17 17 19 16 16 16 16 30 16 16 17 16 16 20 20 22 23 23 20 21 21 35 35 30 27 27 31 41 41 37 37 47 21 21 13
 9 9 9 10 10 11 11 11 14 14 22 11 11 16 14 14 13 13 11 11 11 15 17 17 16 16 27 22 22 27 29 29 24 24 26 30 30 32 29 29 26 26 31 24 24 15
 9 9 9 10 10 11 11 11 14 14 22 11 11 16 14 14 13 13 11 11 11 15 17 17 16 16 27 22 22 27 29 29 24 24 26 30 30 32 29 29 26 26 31 24 24 15
 12 12 12 11 11 8 6 6 10 10 18 5 5 8 9 9 18 18 17 14 14 14 13 13 13 13 20 29 29 23 29 29 26 26 29 31 31 35 22 22 22 22 27 22 22 14
 6 6 9 8 8 6 5 5 4 4 3 3 3 5 7 7 15 15 17 14 14 8 8 8 8 8 5 14 14 20 30 30 31 31 27 27 27 35 24 24 18 18 24 20 20 9
 6 6 9 8 8 6 5 5 4 4 3 3 3 5 7 7 15 15 17 14 14 8 8 8 8 8 5 14 14 20 30 30 31 31 27 27 27 35 24 24 18 18 24 20 20 9
 5 5 7 5 5 6 4 4 4 4 3 3 3 6 8 8 5 5 6 6 6 7 8 8 8 8 5 7 7 10 27 27 33 33 32 36 36 43 28 28 23 23 27 12 12 9
 2 2 5 5 5 5 4 4 4 4 3 2 2 4 5 5 4 4 5 5 5 6 9 9 9 9 5 6 6 8 12 12 33 33 33 29 29 26 24 24 20 20 19 12 12 5
 2 2 5 5 5 5 4 4 4 4 3 2 2 4 5 5 4 4 5 5 5 6 9 9 9 9 5 6 6 8 12 12 33 33 33 29 29 26 24 24 20 20 19 12 12 5
 2 2 4 4 4 3 3 3 3 3 2 1 1 4 5 5 5 5 3 2 2 2 2 2 2 2 4 6 6 6 8 8 9 9 21 19 19 15 17 17 17 17 23 5 5 2
 2 2 4 4 4 3 3 3 3 3 2 1 1 4 5 5 5 5 3 2 2 2 2 2 2 2 4 6 6 6 8 8 9 9 21 19 19 15 17 17 17 17 23 5 5 2
 2 2 2 5 5 6 7 7 2 2 2 1 1 3 4 4 3 3 2 2 2 2 2 2 2 2 2 3 3 3 4 4 4 4 9 10 10 10 9 9 13 13 10 11 11 1
 2 2 2 5 5 5 6 6 5 5 3 2 2 2 5 5 3 3 1 2 2 1 2 2 1 1 1 2 2 2 2 2 2 2 2 2 2 5 5 5 5 5 2 4 4 2
 2 2 2 5 5 5 6 6 5 5 3 2 2 2 5 5 3 3 1 2 2 1 2 2 1 1 1 2 2 2 2 2 2 2 2 2 2 5 5 5 5 5 2 4 4 2
 4 4 3 3 3 2 2 2 2 2 2 2 2 2 5 5 5 5 5 3 3 2 1 1 2 2 2 0 0 1 1 1 1 1 1 1 1 1 2 2 2 2 1 1 1 1
 4 4 3 3 3 3 2 2 3 3 2 1 1 2 2 2 2 2 9 5 5 5 1 1 2 2 2 2 2 0 0 0 0 0 0 0 0 0 0 0 0 0 1 0 0 1
