assets/RAT_results/precipitation/2021-05-31_IMERG.asc
ncols        46
nrows        77
xllcorner    74.800261325624
yllcorner    8.058333333333
cellsize     0.062500000000
NODATA_value -9999
 41 41 10 0 0 0 0 0 0 0 0 0 0 1 1 1 0 0 0 0 0 0 0 0 0 0 0 0 0 0 0 0 1 1 1 0 0 0 0 0 0 0 0 0 0 0
 43 43 10 4 4 0 0 0 0 0 0 0 0 2 1 1 0 0 0 0 0 0 0 0 0 0 0 0 0 0 0 0 1 1 1 1 1 0 0 0 0 0 0 0 0 0
 43 43 10 4 4 0 0 0 0 0 0 0 0 2 1 1 0 0 0 0 0 0 0 0 0 0 0 0 0 0 0 0 1 1 1 1 1 0 0 0 0 0 0 0 0 0
 25 25 16 10 10 2 1 1 0 0 0 0 0 0 0 0 0 0 0 0 0 0 0 0 0 0 0 0 0 0 0 0 0 0 0 0 0 0 0 0 0 0 0 0 0 0
 18 18 25 11 11 3 1 1 0 0 0 0 0 1 0 0 0 0 0 0 0 0 0 0 0 0 0 0 0 0 0 0 0 0 0 0 0 0 0 0 0 0 0 0 0 0
 18 18 25 11 11 3 1 1 0 0 0 0 0 1 0 0 0 0 0 0 0 0 0 0 0 0 0 0 0 0 0 0 0 0 0 0 0 0 0 0 0 0 0 0 0 0
 16 16 18 17 17 9 1 1 0 0 0 2 2 0 0 0 0 0 0 0 0 0 0 0 0 0 0 0 0 0 0 0 0 0 0 0 0 0 0 0 0 0 0 0 0 0
 16 16 18 17 17 9 1 1 0 0 0 2 2 0 0 0 0 0 0 0 0 0 0 0 0 0 0 0 0 0 0 0 0 0 0 0 0 0 0 0 0 0 0 0 0 0
 10 10 18 26 26 13 9 9 6 6 5 11 11 1 1 1 0 0 0 0 0 0 0 0 0 0 0 0 0 0 0 0 0 0 0 0 0 0 0 0 0 0 0 0 0 0
 8 8 22 27 27 23 12 12 6 6 14 32 32 8 3 3 1 1 1 0 0 0 0 0 0 0 0 0 0 0 0 0 0 0 0 0 0 0 0 0 0 0 0 0 0 0
 8 8 22 27 27 23 12 12 6 6 14 32 32 8 3 3 1 1 1 0 0 0 0 0 0 0 0 0 0 0 0 0 0 0 0 0 0 0 0 0 0 0 0 0 0 0
 9 9 8 9 9 6 7 7 1 1 3 3 3 7 4 4 6 6 1 0 0 0 0 0 0 0 0 0 0 0 0 0 0 0 0 0 0 0 1 1 0 0 0 0 0 1
 2 2 3 2 2 4 4 4 2 2 0 3 3 3 3 3 0 0 3 0 0 0 0 0 0 0 0 0 0 0 0 0 0 0 0 1 1 1 1 1 0 0 0 0 0 0
 2 2 3 2 2 4 4 4 2 2 0 3 3 3 3 3 0 0 3 0 0 0 0 0 0 0 0 0 0 0 0 0 0 0 0 1 1 1 1 1 0 0 0 0 0 0
 3 3 8 6 6 5 5 5 1 1 1 0 0 0 0 0 0 0 2 0 0 0 0 0 0 0 0 0 0 0 0 0 0 0 0 1 1 2 4 4 0 0 2 0 0 0
 3 3 8 6 6 5 5 5 1 1 1 0 0 0 0 0 0 0 2 0 0 0 0 0 0 0 0 0 0 0 0 0 0 0 0 1 1 2 4 4 0 0 2 0 0 0
 6 6 8 7 7 7 16 16 3 3 1 0 0 0 0 0 0 0 3 1 1 0 0 0 0 0 0 0 0 0 0 0 1 1 0 1 1 0 1 1 1 1 3 1 1 1
 4 4 4 4 4 8 11 11 2 2 7 4 4 1 0 0 0 0 4 0 0 0 0 0 0 0 0 0 0 0 0 0 1 1 0 1 1 1 1 1 0 0 0 3 3 0
 4 4 4 4 4 8 11 11 2 2 7 4 4 1 0 0 0 0 4 0 0 0 0 0 0 0 0 0 0 0 0 0 1 1 0 1 1 1 1 1 0 0 0 3 3 0
 5 5 2 5 5 8 10 10 11 11 13 4 4 5 1 1 1 1 4 0 0 0 2 2 0 0 0 0 0 0 1 1 1 1 0 0 0 1 1 1 0 0 0 0 0 0
 9 9 10 5 5 8 7 7 13 13 7 5 5 5 3 3 1 1 0 0 0 0 0 0 0 0 0 0 0 0 2 2 1 1 0 0 0 1 1 1 0 0 0 0 0 0
 9 9 10 5 5 8 7 7 13 13 7 5 5 5 3 3 1 1 0 0 0 0 0 0 0 0 0 0 0 0 2 2 1 1 0 0 0 1 1 1 0 0 0 0 0 0
 16 16 22 16 16 13 4 4 4 4 6 4 4 3 2 2 2 2 0 0 0 0 0 0 0 0 0 0 0 0 0 0 1 1 0 0 0 0 0 0 0 0 0 1 1 0
 16 16 22 16 16 13 4 4 4 4 6 4 4 3 2 2 2 2 0 0 0 0 0 0 0 0 0 0 0 0 0 0 1 1 0 0 0 0 0 0 0 0 0 1 1 0
 14 14 25 23 23 23 10 10 12 12 3 2 2 2 2 2 1 1 1 1 1 0 0 0 0 0 0 0 0 0 0 0 0 0 0 0 0 0 0 0 0 0 0 1 1 1
 8 8 19 31 31 32 35 35 19 19 5 4 4 1 2 2 2 2 4 0 0 0 0 0 0 0 0 0 0 0 0 0 0 0 0 0 0 0 0 0 0 0 0 0 0 0
 8 8 19 31 31 32 35 35 19 19 5 4 4 1 2 2 2 2 4 0 0 0 0 0 0 0 0 0 0 0 0 0 0 0 0 0 0 0 0 0 0 0 0 0 0 0
 5 5 10 29 29 28 22 22 10 10 7 6 6 3 1 1 1 1 1 0 0 0 0 0 0 0 0 1 1 0 0 0 0 0 0 0 0 0 0 0 0 0 0 0 0 0
 5 5 9 20 20 21 24 24 10 10 9 7 7 1 1 1 0 0 1 0 0 0 0 0 0 0 1 0 0 0 0 0 0 0 0 0 0 0 0 0 0 0 0 0 0 0
 5 5 9 20 20 21 24 24 10 10 9 7 7 1 1 1 0 0 1 0 0 0 0 0 0 0 1 0 0 0 0 0 0 0 0 0 0 0 0 0 0 0 0 0 0 0
 5 5 6 16 16 17 26 26 35 35 10 8 8 3 0 0 2 2 1 0 0 0 0 0 0 0 0 0 0 0 0 0 0 0 0 0 0 0 0 0 0 0 0 0 0 0
 5 5 6 16 16 17 26 26 35 35 10 8 8 3 0 0 2 2 1 0 0 0 0 0 0 0 0 0 0 0 0 0 0 0 0 0 0 0 0 0 0 0 0 0 0 0
 3 3 3 5 5 14 18 18 34 34 16 8 8 2 0 0 2 2 2 0 0 0 0 0 0 0 0 0 0 0 0 0 0 0 0 0 0 0 0 0 0 0 0 0 0 0
 3 3 3 3 3 9 13 13 28 28 17 11 11 2 1 1 0 0 2 2 2 2 0 0 0 0 0 0 0 0 0 0 0 0 0 0 0 0 0 0 0 0 0 0 0 0
 3 3 3 3 3 9 13 13 28 28 17 11 11 2 1 1 0 0 2 2 2 2 0 0 0 0 0 0 0 0 0 0 0 0 0 0 0 0 0 0 0 0 0 0 0 0
 1 1 2 1 1 5 7 7 16 16 15 12 12 11 2 2 1 1 2 1 1 3 0 0 0 0 0 0 0 0 0 0 0 0 0 0 0 0 0 0 0 0 0 0 0 0
 3 3 2 1 1 6 8 8 17 17 18 9 9 15 3 3 5 5 3 4 4 3 0 0 0 0 0 0 0 0 0 0 0 0 0 0 0 0 0 0 0 0 0 0 0 0
 3 3 2 1 1 6 8 8 17 17 18 9 9 15 3 3 5 5 3 4 4 3 0 0 0 0 0 0 0 0 0 0 0 0 0 0 0 0 0 0 0 0 0 0 0 0
 2 2 2 3 3 4 14 14 18 18 18 13 13 9 11 11 10 10 2 7 7 4 2 2 0 0 0 0 0 0 0 0 1 1 3 0 0 0 0 0 0 0 0 0 0 0
 2 2 2 3 3 4 14 14 18 18 18 13 13 9 11 11 10 10 2 7 7 4 2 2 0 0 0 0 0 0 0 0 1 1 3 0 0 0 0 0 0 0 0 0 0 0
 3 3 3 2 2 7 12 12 17 17 20 16 16 12 9 9 9 9 21 11 11 7 2 2 0 0 0 0 0 0 0 0 6 6 6 1 1 0 0 0 1 1 1 1 1 1
 2 2 3 2 2 5 11 11 17 17 20 20 20 14 11 11 19 19 18 4 4 10 9 9 0 0 0 0 0 0 0 0 2 2 6 1 1 1 0 0 0 0 0 1 1 0
 2 2 3 2 2 5 11 11 17 17 20 20 20 14 11 11 19 19 18 4 4 10 9 9 0 0 0 0 0 0 0 0 2 2 6 1 1 1 0 0 0 0 0 1 1 0
 2 2 4 5 5 9 10 10 15 15 21 18 18 19 16 16 27 27 25 14 14 9 3 3 1 1 0 0 0 1 1 1 0 0 1 3 3 0 0 0 0 0 0 0 0 0
 3 3 5 13 13 8 8 8 15 15 22 20 20 21 19 19 23 23 21 10 10 9 2 2 2 2 0 1 1 10 0 0 0 0 1 1 1 0 0 0 0 0 0 0 0 0
 3 3 5 13 13 8 8 8 15 15 22 20 20 21 19 19 23 23 21 10 10 9 2 2 2 2 0 1 1 10 0 0 0 0 1 1 1 0 0 0 0 0 0 0 0 0
 2 2 3 6 6 5 9 9 16 16 20 17 17 17 16 16 13 13 21 15 15 9 1 1 10 10 16 6 6 0 0 0 1 1 2 1 1 0 0 0 0 0 0 0 0 0
 2 2 3 6 6 5 9 9 16 16 20 17 17 17 16 16 13 13 21 15 15 9 1 1 10 10 16 6 6 0 0 0 1 1 2 1 1 0 0 0 0 0 0 0 0 0
 1 1 1 1 1 3 6 6 15 15 17 16 16 17 14 14 14 14 12 12 12 1 2 2 22 22 16 17 17 15 7 7 8 8 5 2 2 1 0 0 0 0 0 0 0 0
 0 0 1 2 2 4 6 6 10 10 12 11 11 15 25 25 15 15 8 7 7 5 3 3 10 10 16 11 11 13 6 6 10 10 6 2 2 0 0 0 0 0 0 0 0 0
 0 0 1 2 2 4 6 6 10 10 12 11 11 15 25 25 15 15 8 7 7 5 3 3 10 10 16 11 11 13 6 6 10 10 6 2 2 0 0 0 0 0 0 0 0 0
 1 1 1 3 3 5 5 5 8 8 10 12 12 16 19 19 8 8 5 3 3 4 1 1 15 15 13 5 5 6 6 6 6 6 1 1 1 0 0 0 0 0 0 0 0 0
 1 1 2 4 4 7 5 5 6 6 10 12 12 20 16 16 10 10 8 6 6 1 6 6 15 15 9 0 0 9 5 5 1 1 1 1 1 0 1 1 0 0 0 0 0 0
 1 1 2 4 4 7 5 5 6 6 10 12 12 20 16 16 10 10 8 6 6 1 6 6 15 15 9 0 0 9 5 5 1 1 1 1 1 0 1 1 0 0 0 0 0 0
 3 3 2 4 4 5 6 6 7 7 10 16 16 19 17 17 16 16 16 12 12 8 11 11 17 17 11 9 9 9 0 0 0 0 0 0 0 0 0 0 0 0 0 0 0 0
 3 3 2 4 4 5 6 6 7 7 10 16 16 19 17 17 16 16 16 12 12 8 11 11 17 17 11 9 9 9 0 0 0 0 0 0 0 0 0 0 0 0 0 0 0 0
 7 7 2 4 4 5 8 8 10 10 15 14 14 18 20 20 31 31 35 43 43 63 29 29 37 37 10 10 10 13 2 2 2 2 0 0 0 0 0 0 0 0 1 0 0 0
 3 3 3 4 4 5 8 8 14 14 13 12 12 17 24 24 49 49 73 86 86 88 44 44 54 54 44 62 62 22 2 2 2 2 0 0 0 0 0 0 0 0 0 0 0 0
 3 3 3 4 4 5 8 8 14 14 13 12 12 17 24 24 49 49 73 86 86 88 44 44 54 54 44 62 62 22 2 2 2 2 0 0 0 0 0 0 0 0 0 0 0 0
 2 2 5 5 5 5 9 9 11 11 11 10 10 14 39 39 61 61 76 67 67 70 49 49 28 28 45 20 20 16 13 13 0 0 0 0 0 0 0 0 0 0 0 0 0 0
 3 3 6 9 9 7 7 7 10 10 11 13 13 21 46 46 50 50 29 28 28 49 30 30 25 25 23 24 24 37 11 11 0 0 0 0 0 0 2 2 0 0 0 0 0 0
 3 3 6 9 9 7 7 7 10 10 11 13 13 21 46 46 50 50 29 28 28 49 30 30 25 25 23 24 24 37 11 11 0 0 0 0 0 0 2 2 0 0 0 0 0 0
 3 3 4 3 3 7 6 6 9 9 12 14 14 24 35 35 28 28 17 19 19 29 29 29 18 18 17 24 24 16 16 16 12 12 5 0 0 0 0 0 0 0 0 0 0 0
 3 3 4 3 3 7 6 6 9 9 12 14 14 24 35 35 28 28 17 19 19 29 29 29 18 18 17 24 24 16 16 16 12 12 5 0 0 0 0 0 0 0 0 0 0 0
 2 2 2 2 2 6 5 5 10 10 13 18 18 32 23 23 14 14 9 9 9 11 13 13 16 16 9 10 10 13 11 11 9 9 6 0 0 1 1 1 0 0 0 0 0 0
 0 0 1 2 2 5 4 4 7 7 11 11 11 23 12 12 5 5 5 7 7 7 7 7 6 6 7 4 4 10 10 10 2 2 0 0 0 0 0 0 0 0 0 0 0 0
 0 0 1 2 2 5 4 4 7 7 11 11 11 23 12 12 5 5 5 7 7 7 7 7 6 6 7 4 4 10 10 10 2 2 0 0 0 0 0 0 0 0 0 0 0 0
 1 1 0 1 1 0 3 3 3 3 6 3 3 4 5 5 4 4 4 8 8 5 5 5 4 4 4 7 7 6 3 3 3 3 1 2 2 1 0 0 0 0 0 0 0 0
 2 2 1 0 0 0 1 1 1 1 0 1 1 3 3 3 3 3 3 4 4 4 3 3 1 1 1 0 0 0 1 1 2 2 2 0 0 0 0 0 0 0 0 0 0 0
 2 2 1 0 0 0 1 1 1 1 0 1 1 3 3 3 3 3 3 4 4 4 3 3 1 1 1 0 0 0 1 1 2 2 2 0 0 0 0 0 0 0 0 0 0 0
 1 1 1 2 2 0 0 0 0 0 0 0 0 1 0 0 3 3 4 3 3 5 5 5 0 0 0 0 0 1 3 3 0 0 1 1 1 0 0 0 0 0 0 0 0 0
 1 1 1 2 2 0 0 0 0 0 0 0 0 1 0 0 3 3 4 3 3 5 5 5 0 0 0 0 0 1 3 3 0 0 1 1 1 0 0 0 0 0 0 0 0 0
 0 0 0 3 3 1 0 0 1 1 1 0 0 0 0 0 1 1 2 2 2 5 4 4 0 0 0 0 0 1 1 1 0 0 0 0 0 1 0 0 0 0 0 0 0 0
 0 0 0 0 0 0 0 0 0 0 0 0 0 0 0 0 1 1 1 2 2 5 4 4 1 1 1 3 3 2 3 3 0 0 0 0 0 1 1 1 0 0 0 0 0 0
 0 0 0 0 0 0 0 0 0 0 0 0 0 0 0 0 1 1 1 2 2 5 4 4 1 1 1 3 3 2 3 3 0 0 0 0 0 1 1 1 0 0 0 0 0 0
 0 0 0 0 0 0 0 0 0 0 0 2 2 1 1 1 0 0 0 2 2 3 4 4 2 2 2 6 6 3 2 2 0 0 0 0 0 0 0 0 0 0 0 0 0 0
 0 0 0 0 0 0 0 0 0 0 0 1 1 4 5 5 3 3 0 1 1 2 3 3 2 2 2 3 3 1 2 2 0 0 1 0 0 0 0 0 0 0 0 0 0 0
