assets/RAT_results/precipitation/2021-05-12_IMERG.asc
ncols        46
nrows        77
xllcorner    74.800261325624
yllcorner    8.058333333333
cellsize     0.062500000000
NODATA_value -9999
 39 39 24 10 10 21 17 17 18 18 26 24 24 5 3 3 2 2 2 4 4 4 7 7 8 8 8 28 28 53 52 52 19 19 17 5 5 22 9 9 34 34 34 39 39 39
 62 62 30 18 18 24 58 58 21 21 25 21 21 6 4 4 3 3 4 6 6 7 8 8 9 9 10 29 29 13 29 29 22 22 20 24 24 23 10 10 9 9 10 15 15 17
 62 62 30 18 18 24 58 58 21 21 25 21 21 6 4 4 3 3 4 6 6 7 8 8 9 9 10 29 29 13 29 29 22 22 20 24 24 23 10 10 9 9 10 15 15 17
 24 24 28 42 42 63 59 59 54 54 38 23 23 9 7 7 5 5 9 8 8 8 8 8 9 9 11 13 13 12 27 27 19 19 21 21 21 20 9 9 9 9 11 12 12 18
 31 31 31 50 50 82 72 72 181 181 183 29 29 14 9 9 9 9 11 9 9 10 11 11 8 8 14 14 14 14 18 18 19 19 18 21 21 20 9 9 6 6 5 6 6 8
 31 31 31 50 50 82 72 72 181 181 183 29 29 14 9 9 9 9 11 9 9 10 11 11 8 8 14 14 14 14 18 18 19 19 18 21 21 20 9 9 6 6 5 6 6 8
 39 39 54 85 85 82 78 78 190 190 183 49 49 20 17 17 13 13 10 14 14 16 11 11 12 12 23 20 20 13 18 18 11 11 10 9 9 9 6 6 6 6 5 6 6 10
 39 39 54 85 85 82 78 78 190 190 183 49 49 20 17 17 13 13 10 14 14 16 11 11 12 12 23 20 20 13 18 18 11 11 10 9 9 9 6 6 6 6 5 6 6 10
 38 38 55 44 44 86 75 75 75 75 45 43 43 23 22 22 11 11 8 7 7 10 7 7 11 11 7 7 7 7 8 8 8 8 8 9 9 9 7 7 10 10 6 6 6 9
 34 34 51 44 44 81 65 65 74 74 40 38 38 37 15 15 11 11 10 6 6 6 5 5 8 8 8 5 5 4 3 3 3 3 5 5 5 8 7 7 18 18 15 7 7 10
 34 34 51 44 44 81 65 65 74 74 40 38 38 37 15 15 11 11 10 6 6 6 5 5 8 8 8 5 5 4 3 3 3 3 5 5 5 8 7 7 18 18 15 7 7 10
 15 15 30 31 31 56 79 79 73 73 37 65 65 32 23 23 12 12 8 6 6 6 7 7 8 8 7 4 4 6 6 6 5 5 3 2 2 6 14 14 14 14 15 8 8 8
 13 13 22 20 20 25 28 28 49 49 42 47 47 23 13 13 10 10 7 3 3 4 14 14 14 14 47 33 33 34 6 6 6 6 3 2 2 3 6 6 10 10 9 7 7 7
 13 13 22 20 20 25 28 28 49 49 42 47 47 23 13 13 10 10 7 3 3 4 14 14 14 14 47 33 33 34 6 6 6 6 3 2 2 3 6 6 10 10 9 7 7 7
 8 8 11 16 16 24 29 29 56 56 42 26 26 13 11 11 2 2 2 2 2 3 14 14 15 15 47 33 33 37 7 7 8 8 5 4 4 4 8 8 4 4 5 2 2 3
 8 8 11 16 16 24 29 29 56 56 42 26 26 13 11 11 2 2 2 2 2 3 14 14 15 15 47 33 33 37 7 7 8 8 5 4 4 4 8 8 4 4 5 2 2 3
 7 7 7 8 8 14 32 32 43 43 43 40 40 12 9 9 4 4 3 2 2 3 4 4 6 6 28 34 34 39 6 6 4 4 4 7 7 4 3 3 3 3 1 1 1 2
 7 7 6 8 8 7 13 13 18 18 24 28 28 14 12 12 8 8 5 4 4 9 4 4 3 3 3 6 6 10 8 8 4 4 4 3 3 2 2 2 2 2 1 1 1 2
 7 7 6 8 8 7 13 13 18 18 24 28 28 14 12 12 8 8 5 4 4 9 4 4 3 3 3 6 6 10 8 8 4 4 4 3 3 2 2 2 2 2 1 1 1 2
 7 7 5 5 5 6 6 6 17 17 15 20 20 9 22 22 8 8 7 21 21 6 6 6 4 4 4 12 12 7 3 3 2 2 2 2 2 1 1 1 2 2 1 1 1 2
 9 9 6 4 4 3 3 3 12 12 14 19 19 7 11 11 15 15 38 22 22 15 12 12 6 6 13 20 20 11 3 3 2 2 2 1 1 1 1 1 1 1 1 1 1 2
 9 9 6 4 4 3 3 3 12 12 14 19 19 7 11 11 15 15 38 22 22 15 12 12 6 6 13 20 20 11 3 3 2 2 2 1 1 1 1 1 1 1 1 1 1 2
 12 12 9 3 3 2 2 2 2 2 2 5 5 11 8 8 10 10 25 16 16 15 23 23 22 22 15 18 18 9 5 5 3 3 2 1 1 1 1 1 1 1 1 1 1 1
 12 12 9 3 3 2 2 2 2 2 2 5 5 11 8 8 10 10 25 16 16 15 23 23 22 22 15 18 18 9 5 5 3 3 2 1 1 1 1 1 1 1 1 1 1 1
 12 12 4 3 3 3 2 2 1 1 2 3 3 12 5 5 24 24 53 48 48 29 22 22 13 13 18 3 3 6 1 1 1 1 1 1 1 2 1 1 1 1 1 1 1 1
 10 10 4 4 4 3 2 2 2 2 2 4 4 5 7 7 22 22 44 44 44 11 9 9 8 8 9 2 2 1 0 0 1 1 1 1 1 1 1 1 1 1 1 1 1 1
 10 10 4 4 4 3 2 2 2 2 2 4 4 5 7 7 22 22 44 44 44 11 9 9 8 8 9 2 2 1 0 0 1 1 1 1 1 1 1 1 1 1 1 1 1 1
 9 9 4 4 4 3 2 2 2 2 3 4 4 6 4 4 6 6 4 5 5 3 2 2 6 6 4 2 2 0 0 0 1 1 1 0 0 0 0 0 0 0 1 2 2 1
 8 8 4 2 2 3 2 2 2 2 4 6 6 7 3 3 4 4 3 2 2 3 2 2 2 2 2 0 0 0 0 0 1 1 1 1 1 0 0 0 0 0 1 2 2 1
 8 8 4 2 2 3 2 2 2 2 4 6 6 7 3 3 4 4 3 2 2 3 2 2 2 2 2 0 0 0 0 0 1 1 1 1 1 0 0 0 0 0 1 2 2 1
 6 6 4 3 3 2 4 4 4 4 4 8 8 5 2 2 3 3 2 1 1 2 2 2 1 1 0 2 2 0 0 0 0 0 1 1 1 0 1 1 1 1 1 1 1 1
 6 6 4 3 3 2 4 4 4 4 4 8 8 5 2 2 3 3 2 1 1 2 2 2 1 1 0 2 2 0 0 0 0 0 1 1 1 0 1 1 1 1 1 1 1 1
 3 3 2 2 2 2 3 3 3 3 4 3 3 1 3 3 3 3 1 2 2 2 2 2 1 1 1 1 1 1 2 2 1 1 1 1 1 0 1 1 1 1 1 2 2 2
 4 4 3 18 18 18 18 18 4 4 2 1 1 1 2 2 1 1 2 2 2 2 1 1 1 1 1 2 2 2 3 3 3 3 2 1 1 1 1 1 1 1 1 2 2 2
 4 4 3 18 18 18 18 18 4 4 2 1 1 1 2 2 1 1 2 2 2 2 1 1 1 1 1 2 2 2 3 3 3 3 2 1 1 1 1 1 1 1 1 2 2 2
 9 9 7 18 18 21 19 19 4 4 2 1 1 2 2 2 1 1 2 3 3 5 5 5 7 7 9 2 2 1 2 2 3 3 4 2 2 2 1 1 1 1 1 1 1 1
 20 20 12 20 20 23 23 23 20 20 18 18 18 1 2 2 2 2 2 9 9 17 16 16 11 11 20 13 13 3 1 1 1 1 2 2 2 1 2 2 2 2 1 1 1 1
 20 20 12 20 20 23 23 23 20 20 18 18 18 1 2 2 2 2 2 9 9 17 16 16 11 11 20 13 13 3 1 1 1 1 2 2 2 1 2 2 2 2 1 1 1 1
 24 24 25 22 22 23 23 23 20 20 18 18 18 1 2 2 1 1 2 30 30 37 24 24 20 20 21 18 18 25 3 3 1 1 1 1 1 1 1 1 2 2 1 1 1 1
 24 24 25 22 22 23 23 23 20 20 18 18 18 1 2 2 1 1 2 30 30 37 24 24 20 20 21 18 18 25 3 3 1 1 1 1 1 1 1 1 2 2 1 1 1 1
 30 30 21 20 20 24 25 25 21 21 14 3 3 2 1 1 1 1 2 28 28 27 23 23 31 31 39 41 41 37 16 16 1 1 1 1 1 1 1 1 2 2 2 1 1 0
 37 37 22 19 19 14 11 11 10 10 8 4 4 2 2 2 1 1 2 3 3 21 21 21 20 20 24 25 25 28 23 23 18 18 12 3 3 1 1 1 2 2 2 2 2 0
 37 37 22 19 19 14 11 11 10 10 8 4 4 2 2 2 1 1 2 3 3 21 21 21 20 20 24 25 25 28 23 23 18 18 12 3 3 1 1 1 2 2 2 2 2 0
 21 21 29 19 19 20 13 13 11 11 10 4 4 5 1 1 2 2 2 7 7 6 8 8 10 10 16 31 31 37 34 34 28 28 17 2 2 3 1 1 2 2 1 1 1 1
 17 17 27 19 19 21 18 18 12 12 7 10 10 3 2 2 2 2 2 7 7 6 3 3 10 10 10 24 24 30 27 27 28 28 16 2 2 2 2 2 3 3 2 1 1 1
 17 17 27 19 19 21 18 18 12 12 7 10 10 3 2 2 2 2 2 7 7 6 3 3 10 10 10 24 24 30 27 27 28 28 16 2 2 2 2 2 3 3 2 1 1 1
 15 15 17 12 12 16 16 16 14 14 12 14 14 12 4 4 3 3 2 6 6 5 2 2 18 18 6 8 8 27 21 21 19 19 7 6 6 5 4 4 3 3 2 4 4 1
 15 15 17 12 12 16 16 16 14 14 12 14 14 12 4 4 3 3 2 6 6 5 2 2 18 18 6 8 8 27 21 21 19 19 7 6 6 5 4 4 3 3 2 4 4 1
 9 9 8 12 12 20 18 18 16 16 11 19 19 15 7 7 4 4 6 10 10 10 11 11 18 18 9 17 17 13 6 6 2 2 4 6 6 7 5 5 2 2 1 2 2 1
 7 7 13 15 15 22 23 23 22 22 17 22 22 21 16 16 6 6 3 8 8 11 13 13 19 19 11 20 20 14 20 20 4 4 8 7 7 10 5 5 0 0 1 1 1 1
 7 7 13 15 15 22 23 23 22 22 17 22 22 21 16 16 6 6 3 8 8 11 13 13 19 19 11 20 20 14 20 20 4 4 8 7 7 10 5 5 0 0 1 1 1 1
 13 13 10 13 13 22 21 21 23 23 21 23 23 18 17 17 4 4 4 5 5 13 10 10 14 14 5 24 24 29 21 21 14 14 16 21 21 6 1 1 0 0 1 1 1 1
 34 34 19 11 11 17 20 20 35 35 35 18 18 13 16 16 7 7 5 6 6 13 11 11 12 12 14 18 18 21 25 25 39 39 35 18 18 5 0 0 0 0 1 1 1 2
 34 34 19 11 11 17 20 20 35 35 35 18 18 13 16 16 7 7 5 6 6 13 11 11 12 12 14 18 18 21 25 25 39 39 35 18 18 5 0 0 0 0 1 1 1 2
 40 40 23 13 13 17 36 36 46 46 28 18 18 8 14 14 8 8 8 12 12 27 11 11 16 16 16 15 15 18 27 27 24 24 18 3 3 1 0 0 0 0 1 2 2 3
 40 40 23 13 13 17 36 36 46 46 28 18 18 8 14 14 8 8 8 12 12 27 11 11 16 16 16 15 15 18 27 27 24 24 18 3 3 1 0 0 0 0 1 2 2 3
 38 38 28 24 24 13 31 31 39 39 29 35 35 28 30 30 28 28 10 7 7 36 34 34 11 11 37 12 12 4 9 9 12 12 3 1 1 0 0 0 0 0 2 3 3 3
 39 39 29 22 22 33 29 29 34 34 27 31 31 28 26 26 28 28 22 15 15 22 25 25 24 24 11 11 11 2 2 2 2 2 1 0 0 0 0 0 0 0 3 5 5 8
 39 39 29 22 22 33 29 29 34 34 27 31 31 28 26 26 28 28 22 15 15 22 25 25 24 24 11 11 11 2 2 2 2 2 1 0 0 0 0 0 0 0 3 5 5 8
 16 16 23 21 21 34 31 31 32 32 29 29 29 32 31 31 23 23 26 6 6 5 12 12 12 12 11 6 6 6 1 1 0 0 0 0 0 0 0 0 0 0 3 8 8 17
 32 32 24 28 28 36 26 26 24 24 27 28 28 28 19 19 26 26 23 7 7 6 3 3 8 8 18 4 4 8 5 5 0 0 1 0 0 0 0 0 1 1 3 6 6 13
 32 32 24 28 28 36 26 26 24 24 27 28 28 28 19 19 26 26 23 7 7 6 3 3 8 8 18 4 4 8 5 5 0 0 1 0 0 0 0 0 1 1 3 6 6 13
 35 35 25 26 26 21 34 34 24 24 36 29 29 29 20 20 30 30 7 5 5 10 4 4 9 9 20 14 14 16 16 16 0 0 0 0 0 1 0 0 1 1 2 2 2 11
 35 35 25 26 26 21 34 34 24 24 36 29 29 29 20 20 30 30 7 5 5 10 4 4 9 9 20 14 14 16 16 16 0 0 0 0 0 1 0 0 1 1 2 2 2 11
 48 48 22 16 16 19 33 33 37 37 36 29 29 31 32 32 72 72 8 8 8 13 7 7 3 3 18 22 22 29 15 15 9 9 0 0 0 1 1 1 1 1 2 2 2 4
 49 49 44 40 40 27 13 13 12 12 11 10 10 33 32 32 71 71 35 35 35 15 13 13 10 10 19 23 23 30 22 22 14 14 8 5 5 4 1 1 2 2 2 2 2 2
 49 49 44 40 40 27 13 13 12 12 11 10 10 33 32 32 71 71 35 35 35 15 13 13 10 10 19 23 23 30 22 22 14 14 8 5 5 4 1 1 2 2 2 2 2 2
 41 41 40 35 35 26 34 34 37 37 34 36 36 30 23 23 23 23 20 29 29 19 31 31 21 21 23 28 28 35 43 43 23 23 15 9 9 4 10 10 3 3 3 2 2 2
 40 40 40 38 38 36 34 34 36 36 34 34 34 31 9 9 23 23 19 30 30 39 145 145 52 52 35 42 42 36 45 45 39 39 18 9 9 7 13 13 16 16 11 2 2 2
 40 40 40 38 38 36 34 34 36 36 34 34 34 31 9 9 23 23 19 30 30 39 145 145 52 52 35 42 42 36 45 45 39 39 18 9 9 7 13 13 16 16 11 2 2 2
 48 48 52 49 49 47 45 45 45 45 38 35 35 33 8 8 11 11 13 39 39 52 58 58 118 118 56 56 56 48 46 46 53 53 27 9 9 16 15 15 14 14 13 6 6 1
 48 48 52 49 49 47 45 45 45 45 38 35 35 33 8 8 11 11 13 39 39 52 58 58 118 118 56 56 56 48 46 46 53 53 27 9 9 16 15 15 14 14 13 6 6 1
 82 82 82 79 79 47 45 45 49 49 44 38 38 35 35 35 32 32 13 37 37 47 48 48 47 47 99 47 47 59 49 49 53 53 36 20 20 11 12 12 8 8 6 6 6 5
 77 77 83 83 83 49 48 48 51 51 51 42 42 38 37 37 28 28 20 21 21 19 25 25 59 59 68 47 47 54 56 56 35 35 46 33 33 23 15 15 6 6 8 5 5 4
 77 77 83 83 83 49 48 48 51 51 51 42 42 38 37 37 28 28 20 21 21 19 25 25 59 59 68 47 47 54 56 56 35 35 46 33 33 23 15 15 6 6 8 5 5 4
 85 85 85 23 23 30 50 50 44 44 45 39 39 42 40 40 26 26 18 18 18 20 22 22 29 29 49 30 30 58 57 57 29 29 32 36 36 32 16 16 9 9 11 7 7 10
 37 37 32 23 23 30 53 53 53 53 52 25 25 27 27 27 20 20 20 16 16 21 70 70 100 100 102 51 51 50 38 38 34 34 18 26 26 20 20 20 11 11 15 9 9 6
