assets/RAT_results/precipitation/2021-09-02_IMERG.asc
ncols        46
nrows        77
xllcorner    74.800261325624
yllcorner    8.058333333333
cellsize     0.062500000000
NODATA_value -9999
 30 30 32 28 28 33 15 15 6 6 21 13 13 9 10 10 13 13 15 16 16 20 23 23 23 23 33 46 46 42 42 42 55 55 58 49 49 61 41 41 39 39 40 26 26 12
 29 29 32 55 55 26 8 8 10 10 15 15 15 16 15 15 15 15 17 16 16 21 24 24 26 26 40 52 52 53 56 56 69 69 70 47 47 55 47 47 53 53 38 29 29 19
 29 29 32 55 55 26 8 8 10 10 15 15 15 16 15 15 15 15 17 16 16 21 24 24 26 26 40 52 52 53 56 56 69 69 70 47 47 55 47 47 53 53 38 29 29 19
 33 33 30 37 37 37 36 36 39 39 9 21 21 18 19 19 20 20 20 21 21 23 24 24 27 27 53 47 47 56 63 63 56 56 72 55 55 44 46 46 46 46 48 26 26 15
 28 28 23 27 27 29 35 35 21 21 18 27 27 20 22 22 22 22 21 25 25 27 26 26 28 28 29 43 43 60 54 54 32 32 43 52 52 42 42 42 51 51 45 29 29 21
 28 28 23 27 27 29 35 35 21 21 18 27 27 20 22 22 22 22 21 25 25 27 26 26 28 28 29 43 43 60 54 54 32 32 43 52 52 42 42 42 51 51 45 29 29 21
 31 31 27 42 42 36 38 38 36 36 33 28 28 22 23 23 22 22 26 25 25 23 24 24 24 24 25 44 44 46 48 48 33 33 27 39 39 44 42 42 46 46 35 29 29 32
 31 31 27 42 42 36 38 38 36 36 33 28 28 22 23 23 22 22 26 25 25 23 24 24 24 24 25 44 44 46 48 48 33 33 27 39 39 44 42 42 46 46 35 29 29 32
 29 29 34 41 41 47 43 43 65 65 61 31 31 18 30 30 31 31 32 31 31 25 27 27 31 31 30 33 33 39 40 40 39 39 38 32 32 36 43 43 44 44 40 38 38 36
 42 42 38 52 52 45 41 41 32 32 36 16 16 17 15 15 31 31 32 18 18 20 23 23 22 22 20 20 20 31 37 37 31 31 37 36 36 41 47 47 42 42 43 36 36 27
 42 42 38 52 52 45 41 41 32 32 36 16 16 17 15 15 31 31 32 18 18 20 23 23 22 22 20 20 20 31 37 37 31 31 37 36 36 41 47 47 42 42 43 36 36 27
 43 43 40 46 46 44 39 39 35 35 23 28 28 17 13 13 20 20 18 18 18 23 26 26 24 24 20 22 22 33 32 32 31 31 48 45 45 37 54 54 49 49 54 40 40 31
 30 30 40 39 39 45 43 43 29 29 33 22 22 25 21 21 23 23 21 19 19 24 26 26 25 25 20 18 18 26 22 22 24 24 27 31 31 29 49 49 48 48 41 34 34 25
 30 30 40 39 39 45 43 43 29 29 33 22 22 25 21 21 23 23 21 19 19 24 26 26 25 25 20 18 18 26 22 22 24 24 27 31 31 29 49 49 48 48 41 34 34 25
 29 29 32 48 48 37 32 32 36 36 35 23 23 30 40 40 36 36 26 24 24 28 28 28 28 28 20 19 19 15 16 16 17 17 17 30 30 29 27 27 25 25 17 19 19 25
 29 29 32 48 48 37 32 32 36 36 35 23 23 30 40 40 36 36 26 24 24 28 28 28 28 28 20 19 19 15 16 16 17 17 17 30 30 29 27 27 25 25 17 19 19 25
 22 22 36 55 55 44 30 30 29 29 26 23 23 29 42 42 37 37 26 24 24 23 22 22 19 19 15 16 16 16 12 12 14 14 16 19 19 29 27 27 34 34 19 22 22 19
 29 29 51 55 55 35 30 30 20 20 19 16 16 21 28 28 28 28 29 24 24 23 20 20 21 21 18 13 13 15 7 7 11 11 12 16 16 26 33 33 31 31 19 17 17 32
 29 29 51 55 55 35 30 30 20 20 19 16 16 21 28 28 28 28 29 24 24 23 20 20 21 21 18 13 13 15 7 7 11 11 12 16 16 26 33 33 31 31 19 17 17 32
 36 36 54 50 50 32 17 17 11 11 15 13 13 22 24 24 21 21 27 22 22 22 18 18 17 17 19 17 17 19 14 14 9 9 7 6 6 14 19 19 18 18 14 15 15 41
 28 28 76 51 51 35 27 27 12 12 11 9 9 22 22 22 23 23 22 19 19 26 21 21 22 22 23 22 22 19 16 16 10 10 14 10 10 12 15 15 17 17 15 17 17 42
 28 28 76 51 51 35 27 27 12 12 11 9 9 22 22 22 23 23 22 19 19 26 21 21 22 22 23 22 22 19 16 16 10 10 14 10 10 12 15 15 17 17 15 17 17 42
 31 31 48 48 48 37 17 17 14 14 8 12 12 15 10 10 12 12 8 7 7 12 15 15 20 20 24 32 32 24 22 22 20 20 17 18 18 18 26 26 33 33 20 26 26 33
 31 31 48 48 48 37 17 17 14 14 8 12 12 15 10 10 12 12 8 7 7 12 15 15 20 20 24 32 32 24 22 22 20 20 17 18 18 18 26 26 33 33 20 26 26 33
 23 23 28 30 30 29 24 24 17 17 21 26 26 21 23 23 12 12 8 7 7 14 20 20 22 22 21 24 24 26 20 20 26 26 19 19 19 22 37 37 24 24 22 23 23 25
 13 13 18 15 15 17 19 19 21 21 18 28 28 42 22 22 16 16 17 16 16 19 18 18 20 20 19 20 20 23 20 20 21 21 25 25 25 21 24 24 21 21 23 29 29 30
 13 13 18 15 15 17 19 19 21 21 18 28 28 42 22 22 16 16 17 16 16 19 18 18 20 20 19 20 20 23 20 20 21 21 25 25 25 21 24 24 21 21 23 29 29 30
 14 14 13 11 11 11 14 14 13 13 8 15 15 36 29 29 19 19 18 19 19 22 17 17 17 17 22 17 17 17 18 18 20 20 23 26 26 24 23 23 24 24 32 31 31 30
 12 12 11 12 12 17 12 12 12 12 6 5 5 15 10 10 12 12 15 19 19 21 20 20 18 18 20 22 22 24 22 22 23 23 24 26 26 23 21 21 29 29 40 32 32 29
 12 12 11 12 12 17 12 12 12 12 6 5 5 15 10 10 12 12 15 19 19 21 20 20 18 18 20 22 22 24 22 22 23 23 24 26 26 23 21 21 29 29 40 32 32 29
 11 11 10 12 12 14 12 12 11 11 6 4 4 4 11 11 9 9 11 12 12 23 33 33 29 29 30 33 33 28 22 22 22 22 33 33 33 37 33 33 44 44 36 44 44 47
 11 11 10 12 12 14 12 12 11 11 6 4 4 4 11 11 9 9 11 12 12 23 33 33 29 29 30 33 33 28 22 22 22 22 33 33 33 37 33 33 44 44 36 44 44 47
 11 11 6 10 10 10 13 13 14 14 8 4 4 5 10 10 10 10 10 11 11 26 28 28 23 23 30 41 41 44 40 40 37 37 33 36 36 39 40 40 40 40 47 38 38 31
 9 9 13 15 15 10 12 12 6 6 9 6 6 5 9 9 7 7 13 11 11 11 13 13 22 22 33 38 38 51 36 36 29 29 29 39 39 44 42 42 39 39 43 35 35 30
 9 9 13 15 15 10 12 12 6 6 9 6 6 5 9 9 7 7 13 11 11 11 13 13 22 22 33 38 38 51 36 36 29 29 29 39 39 44 42 42 39 39 43 35 35 30
 8 8 8 12 12 12 6 6 5 5 7 7 7 5 6 6 6 6 7 10 10 8 9 9 23 23 34 34 34 44 43 43 38 38 34 29 29 30 30 30 36 36 42 34 34 23
 11 11 9 12 12 9 5 5 4 4 4 4 4 5 6 6 9 9 5 7 7 9 9 9 16 16 16 27 27 21 29 29 19 19 19 25 25 26 29 29 36 36 36 27 27 22
 11 11 9 12 12 9 5 5 4 4 4 4 4 5 6 6 9 9 5 7 7 9 9 9 16 16 16 27 27 21 29 29 19 19 19 25 25 26 29 29 36 36 36 27 27 22
 15 15 7 7 7 9 7 7 5 5 4 4 4 4 8 8 8 8 6 7 7 8 8 8 5 5 6 10 10 13 18 18 19 19 20 25 25 21 21 21 29 29 32 30 30 29
 15 15 7 7 7 9 7 7 5 5 4 4 4 4 8 8 8 8 6 7 7 8 8 8 5 5 6 10 10 13 18 18 19 19 20 25 25 21 21 21 29 29 32 30 30 29
 11 11 9 5 5 14 5 5 6 6 2 5 5 7 12 12 4 4 4 4 4 7 8 8 3 3 5 11 11 14 16 16 19 19 25 19 19 22 23 23 26 26 33 36 36 33
 19 19 12 15 15 17 6 6 4 4 9 11 11 6 7 7 4 4 5 4 4 8 9 9 5 5 7 9 9 10 16 16 16 16 21 22 22 23 23 23 26 26 37 40 40 40
 19 19 12 15 15 17 6 6 4 4 9 11 11 6 7 7 4 4 5 4 4 8 9 9 5 5 7 9 9 10 16 16 16 16 21 22 22 23 23 23 26 26 37 40 40 40
 15 15 11 18 18 19 19 19 18 18 10 11 11 4 2 2 4 4 8 9 9 6 8 8 6 6 6 8 8 10 12 12 16 16 17 20 20 21 19 19 26 26 34 33 33 30
 4 4 3 11 11 11 5 5 4 4 6 5 5 2 3 3 3 3 6 8 8 13 7 7 10 10 4 8 8 11 10 10 13 13 14 14 14 17 20 20 18 18 20 22 22 25
 4 4 3 11 11 11 5 5 4 4 6 5 5 2 3 3 3 3 6 8 8 13 7 7 10 10 4 8 8 11 10 10 13 13 14 14 14 17 20 20 18 18 20 22 22 25
 0 0 1 2 2 2 5 5 11 11 8 6 6 3 3 3 4 4 3 4 4 11 22 22 10 10 7 16 16 18 10 10 10 10 12 11 11 12 12 12 12 12 13 17 17 17
 0 0 1 2 2 2 5 5 11 11 8 6 6 3 3 3 4 4 3 4 4 11 22 22 10 10 7 16 16 18 10 10 10 10 12 11 11 12 12 12 12 12 13 17 17 17
 0 0 1 1 1 2 5 5 8 8 13 9 9 3 5 5 8 8 5 9 9 13 7 7 10 10 8 8 8 12 15 15 18 18 13 11 11 10 11 11 12 12 13 14 14 15
 0 0 1 1 1 1 3 3 4 4 10 5 5 2 5 5 7 7 9 16 16 23 8 8 11 11 9 9 9 22 21 21 25 25 21 11 11 10 12 12 15 15 13 12 12 17
 0 0 1 1 1 1 3 3 4 4 10 5 5 2 5 5 7 7 9 16 16 23 8 8 11 11 9 9 9 22 21 21 25 25 21 11 11 10 12 12 15 15 13 12 12 17
 1 1 1 0 0 1 1 1 3 3 4 2 2 2 3 3 2 2 5 16 16 2 8 8 20 20 27 19 19 23 15 15 14 14 11 9 9 9 13 13 19 19 13 13 13 10
 1 1 1 1 1 1 4 4 6 6 2 2 2 2 3 3 1 1 4 9 9 4 6 6 20 20 31 24 24 21 17 17 16 16 12 8 8 8 10 10 12 12 10 10 10 9
 1 1 1 1 1 1 4 4 6 6 2 2 2 2 3 3 1 1 4 9 9 4 6 6 20 20 31 24 24 21 17 17 16 16 12 8 8 8 10 10 12 12 10 10 10 9
 1 1 2 1 1 1 2 2 3 3 1 2 2 5 3 3 1 1 3 6 6 5 5 5 11 11 13 15 15 14 12 12 17 17 15 9 9 8 9 9 11 11 11 10 10 6
 1 1 2 1 1 1 2 2 3 3 1 2 2 5 3 3 1 1 3 6 6 5 5 5 11 11 13 15 15 14 12 12 17 17 15 9 9 8 9 9 11 11 11 10 10 6
 0 0 2 0 0 0 0 0 1 1 1 4 4 4 4 4 2 2 1 7 7 4 1 1 8 8 8 10 10 8 10 10 12 12 12 9 9 10 10 10 14 14 10 10 10 6
 0 0 0 0 0 0 0 0 1 1 1 6 6 6 4 4 6 6 3 2 2 4 1 1 4 4 6 10 10 11 9 9 7 7 6 9 9 9 11 11 10 10 7 7 7 4
 0 0 0 0 0 0 0 0 1 1 1 6 6 6 4 4 6 6 3 2 2 4 1 1 4 4 6 10 10 11 9 9 7 7 6 9 9 9 11 11 10 10 7 7 7 4
 0 0 0 1 1 0 1 1 1 1 1 3 3 3 3 3 8 8 7 2 2 1 3 3 4 4 7 9 9 7 6 6 7 7 11 14 14 18 10 10 5 5 6 6 6 3
 1 1 0 2 2 1 1 1 3 3 1 2 2 2 3 3 7 7 3 2 2 2 3 3 4 4 6 17 17 14 9 9 9 9 11 13 13 12 8 8 3 3 4 3 3 2
 1 1 0 2 2 1 1 1 3 3 1 2 2 2 3 3 7 7 3 2 2 2 3 3 4 4 6 17 17 14 9 9 9 9 11 13 13 12 8 8 3 3 4 3 3 2
 0 0 0 0 0 1 1 1 2 2 2 2 2 3 5 5 7 7 5 5 5 9 5 5 4 4 7 19 19 14 9 9 5 5 8 4 4 3 1 1 1 1 1 1 1 1
 0 0 0 0 0 1 1 1 2 2 2 2 2 3 5 5 7 7 5 5 5 9 5 5 4 4 7 19 19 14 9 9 5 5 8 4 4 3 1 1 1 1 1 1 1 1
 0 0 0 0 0 0 1 1 1 1 2 3 3 3 3 3 3 3 4 7 7 12 5 5 2 2 4 4 4 7 5 5 2 2 2 2 2 1 1 1 1 1 1 1 1 1
 0 0 0 1 1 1 1 1 1 1 1 2 2 2 2 2 2 2 4 12 12 10 4 4 1 1 1 3 3 4 4 4 3 3 2 1 1 1 1 1 3 3 1 0 0 0
 0 0 0 1 1 1 1 1 1 1 1 2 2 2 2 2 2 2 4 12 12 10 4 4 1 1 1 3 3 4 4 4 3 3 2 1 1 1 1 1 3 3 1 0 0 0
 0 0 1 1 1 1 1 1 0 0 0 1 1 3 4 4 4 4 11 14 14 11 6 6 2 2 0 2 2 2 3 3 3 3 1 0 0 1 0 0 4 4 0 0 0 0
 0 0 0 0 0 0 0 0 0 0 1 2 2 4 6 6 6 6 9 7 7 5 7 7 4 4 1 2 2 2 1 1 3 3 1 0 0 0 0 0 0 0 0 0 0 0
 0 0 0 0 0 0 0 0 0 0 1 2 2 4 6 6 6 6 9 7 7 5 7 7 4 4 1 2 2 2 1 1 3 3 1 0 0 0 0 0 0 0 0 0 0 0
 0 0 0 0 0 0 0 0 0 0 1 1 1 2 3 3 4 4 6 4 4 4 4 4 4 4 1 1 1 1 1 1 0 0 1 0 0 0 1 1 2 2 0 1 1 0
 0 0 0 0 0 0 0 0 0 0 1 1 1 2 3 3 4 4 6 4 4 4 4 4 4 4 1 1 1 1 1 1 0 0 1 0 0 0 1 1 2 2 0 1 1 0
 0 0 0 0 0 0 0 0 0 0 0 1 1 2 3 3 3 3 3 5 5 4 5 5 3 3 1 1 1 5 2 2 0 0 1 2 2 1 1 1 1 1 0 0 0 0
 0 0 0 0 0 0 0 0 0 0 1 1 1 1 2 2 2 2 3 3 3 4 3 3 2 2 1 0 0 2 10 10 0 0 0 0 0 1 1 1 1 1 1 1 1 1
 0 0 0 0 0 0 0 0 0 0 1 1 1 1 2 2 2 2 3 3 3 4 3 3 2 2 1 0 0 2 10 10 0 0 0 0 0 1 1 1 1 1 1 1 1 1
 0 0 0 0 0 0 0 0 0 0 1 1 1 1 1 1 2 2 2 3 3 2 1 1 1 1 0 0 0 0 0 0 0 0 0 0 0 0 1 1 1 1 1 0 0 0
 0 0 0 0 0 0 0 0 0 0 1 1 1 1 1 1 1 1 1 2 2 1 0 0 0 0 0 0 0 0 0 0 0 0 0 0 0 0 1 1 1 1 1 0 0 0
