assets/RAT_results/precipitation/2021-01-08_IMERG.asc
ncols        46
nrows        77
xllcorner    74.800261325624
yllcorner    8.058333333333
cellsize     0.062500000000
NODATA_value -9999
 19 19 12 16 16 24 25 25 32 32 34 31 31 32 24 24 12 12 9 0 0 0 0 0 0 0 0 0 0 0 0 0 0 0 0 0 0 0 0 0 0 0 0 0 0 0
 12 12 11 15 15 20 28 28 35 35 35 34 34 38 23 23 18 18 9 1 1 0 0 0 0 0 0 0 0 0 0 0 0 0 0 0 0 0 0 0 0 0 0 0 0 0
 12 12 11 15 15 20 28 28 35 35 35 34 34 38 23 23 18 18 9 1 1 0 0 0 0 0 0 0 0 0 0 0 0 0 0 0 0 0 0 0 0 0 0 0 0 0
 10 10 14 23 23 26 36 36 42 42 58 46 46 39 27 27 24 24 6 1 1 0 0 0 0 0 0 0 0 0 0 0 0 0 0 0 0 0 0 0 0 0 0 0 0 0
 8 8 17 24 24 25 40 40 59 59 59 51 51 46 35 35 25 25 23 0 0 0 0 0 0 0 0 0 0 0 0 0 0 0 0 0 0 0 0 0 0 0 0 0 0 0
 8 8 17 24 24 25 40 40 59 59 59 51 51 46 35 35 25 25 23 0 0 0 0 0 0 0 0 0 0 0 0 0 0 0 0 0 0 0 0 0 0 0 0 0 0 0
 7 7 14 28 28 35 48 48 65 65 67 64 64 43 34 34 32 32 9 1 1 0 0 0 0 0 0 0 0 0 0 0 0 0 0 0 0 0 0 0 0 0 0 0 0 0
 7 7 14 28 28 35 48 48 65 65 67 64 64 43 34 34 32 32 9 1 1 0 0 0 0 0 0 0 0 0 0 0 0 0 0 0 0 0 0 0 0 0 0 0 0 0
 7 7 7 24 24 35 39 39 63 63 64 62 62 47 33 33 18 18 8 0 0 0 0 0 0 0 0 0 0 0 0 0 0 0 0 0 0 0 0 0 0 0 0 0 0 0
 10 10 21 37 37 42 32 32 41 41 61 61 61 56 33 33 23 23 7 0 0 0 0 0 0 0 0 0 0 0 0 0 0 0 0 1 1 0 0 0 0 0 1 1 1 0
 10 10 21 37 37 42 32 32 41 41 61 61 61 56 33 33 23 23 7 0 0 0 0 0 0 0 0 0 0 0 0 0 0 0 0 1 1 0 0 0 0 0 1 1 1 0
 14 14 44 38 38 39 31 31 33 33 49 56 56 51 36 36 26 26 18 1 1 0 0 0 0 0 0 0 0 0 0 0 0 0 0 1 1 1 0 0 0 0 1 1 1 1
 41 41 51 64 64 60 36 36 30 30 34 37 37 49 36 36 33 33 24 2 2 5 1 1 0 0 0 0 0 0 0 0 0 0 0 1 1 1 0 0 0 0 0 1 1 1
 41 41 51 64 64 60 36 36 30 30 34 37 37 49 36 36 33 33 24 2 2 5 1 1 0 0 0 0 0 0 0 0 0 0 0 1 1 1 0 0 0 0 0 1 1 1
 55 55 47 38 38 42 39 39 25 25 27 22 22 33 36 36 42 42 33 7 7 19 5 5 0 0 0 0 0 0 0 0 0 0 0 0 0 1 2 2 2 2 2 1 1 1
 55 55 47 38 38 42 39 39 25 25 27 22 22 33 36 36 42 42 33 7 7 19 5 5 0 0 0 0 0 0 0 0 0 0 0 0 0 1 2 2 2 2 2 1 1 1
 30 30 28 32 32 36 32 32 19 19 23 22 22 31 39 39 51 51 35 23 23 18 7 7 2 2 1 0 0 0 0 0 0 0 0 2 2 3 2 2 9 9 5 2 2 2
 18 18 13 17 17 38 31 31 13 13 21 23 23 32 36 36 42 42 37 26 26 19 5 5 8 8 5 0 0 0 0 0 0 0 2 3 3 4 6 6 16 16 13 6 6 2
 18 18 13 17 17 38 31 31 13 13 21 23 23 32 36 36 42 42 37 26 26 19 5 5 8 8 5 0 0 0 0 0 0 0 2 3 3 4 6 6 16 16 13 6 6 2
 12 12 8 7 7 3 28 28 15 15 18 21 21 26 36 36 50 50 53 29 29 15 6 6 10 10 9 0 0 0 0 0 1 1 1 8 8 8 7 7 8 8 5 6 6 2
 6 6 7 13 13 10 2 2 9 9 15 23 23 26 38 38 45 45 48 49 49 29 7 7 15 15 9 0 0 0 1 1 1 1 1 6 6 1 1 1 3 3 2 0 0 0
 6 6 7 13 13 10 2 2 9 9 15 23 23 26 38 38 45 45 48 49 49 29 7 7 15 15 9 0 0 0 1 1 1 1 1 6 6 1 1 1 3 3 2 0 0 0
 5 5 5 3 3 10 4 4 9 9 16 28 28 32 36 36 42 42 48 63 63 42 17 17 11 11 18 10 10 0 1 1 1 1 1 2 2 0 0 0 0 0 0 0 0 0
 5 5 5 3 3 10 4 4 9 9 16 28 28 32 36 36 42 42 48 63 63 42 17 17 11 11 18 10 10 0 1 1 1 1 1 2 2 0 0 0 0 0 0 0 0 0
 27 27 2 2 2 3 6 6 5 5 21 18 18 27 31 31 43 43 50 67 67 61 27 27 7 7 3 2 2 2 2 2 1 1 1 1 1 0 0 0 0 0 1 0 0 0
 27 27 2 4 4 5 7 7 13 13 17 24 24 28 30 30 32 32 30 33 33 38 15 15 7 7 3 2 2 3 3 3 2 2 1 0 0 0 0 0 0 0 0 0 0 0
 27 27 2 4 4 5 7 7 13 13 17 24 24 28 30 30 32 32 30 33 33 38 15 15 7 7 3 2 2 3 3 3 2 2 1 0 0 0 0 0 0 0 0 0 0 0
 4 4 5 5 5 4 7 7 12 12 17 33 33 38 35 35 43 43 34 13 13 16 18 18 9 9 6 5 5 2 2 2 1 1 0 0 0 0 0 0 0 0 0 0 0 1
 3 3 5 6 6 5 4 4 20 20 18 39 39 35 35 35 43 43 32 5 5 2 7 7 6 6 0 0 0 0 0 0 0 0 0 0 0 0 0 0 0 0 0 1 1 1
 3 3 5 6 6 5 4 4 20 20 18 39 39 35 35 35 43 43 32 5 5 2 7 7 6 6 0 0 0 0 0 0 0 0 0 0 0 0 0 0 0 0 0 1 1 1
 4 4 4 6 6 4 5 5 22 22 36 44 44 39 37 37 28 28 30 1 1 0 0 0 14 14 6 0 0 0 0 0 0 0 0 0 0 0 0 0 0 0 3 1 1 1
 4 4 4 6 6 4 5 5 22 22 36 44 44 39 37 37 28 28 30 1 1 0 0 0 14 14 6 0 0 0 0 0 0 0 0 0 0 0 0 0 0 0 3 1 1 1
 2 2 20 22 22 5 9 9 19 19 36 44 44 39 31 31 20 20 20 1 1 1 10 10 11 11 0 0 0 0 0 0 0 0 0 0 0 0 1 1 3 3 11 5 5 1
 1 1 1 22 22 5 9 9 10 10 27 24 24 38 30 30 22 22 21 25 25 9 8 8 11 11 0 0 0 0 0 0 0 0 0 0 0 0 3 3 4 4 4 3 3 4
 1 1 1 22 22 5 9 9 10 10 27 24 24 38 30 30 22 22 21 25 25 9 8 8 11 11 0 0 0 0 0 0 0 0 0 0 0 0 3 3 4 4 4 3 3 4
 1 1 2 3 3 6 10 10 11 11 27 17 17 33 31 31 26 26 28 27 27 10 7 7 5 5 0 0 0 0 0 0 0 0 1 0 0 0 2 2 5 5 6 5 5 2
 10 10 11 3 3 6 9 9 6 6 18 15 15 31 32 32 26 26 25 25 25 10 9 9 8 8 7 0 0 0 0 0 1 1 4 1 1 3 3 3 3 3 2 1 1 2
 10 10 11 3 3 6 9 9 6 6 18 15 15 31 32 32 26 26 25 25 25 10 9 9 8 8 7 0 0 0 0 0 1 1 4 1 1 3 3 3 3 3 2 1 1 2
 13 13 15 2 2 4 5 5 5 5 6 14 14 28 28 28 28 28 24 25 25 5 7 7 9 9 10 2 2 2 1 1 3 3 12 4 4 4 7 7 5 5 2 3 3 2
 13 13 15 2 2 4 5 5 5 5 6 14 14 28 28 28 28 28 24 25 25 5 7 7 9 9 10 2 2 2 1 1 3 3 12 4 4 4 7 7 5 5 2 3 3 2
 17 17 17 2 2 3 4 4 5 5 5 16 16 28 17 17 17 17 20 23 23 16 6 6 13 13 12 20 20 17 10 10 9 9 9 7 7 7 14 14 8 8 7 4 4 10
 19 19 19 8 8 3 5 5 3 3 6 15 15 15 18 18 18 18 18 16 16 16 11 11 16 16 23 28 28 28 19 19 15 15 18 10 10 13 14 14 14 14 12 13 13 9
 19 19 19 8 8 3 5 5 3 3 6 15 15 15 18 18 18 18 18 16 16 16 11 11 16 16 23 28 28 28 19 19 15 15 18 10 10 13 14 14 14 14 12 13 13 9
 21 21 21 27 27 4 17 17 14 14 5 9 9 10 12 12 7 7 13 13 13 13 14 14 19 19 27 40 40 42 26 26 16 16 17 11 11 13 20 20 23 23 17 16 16 10
 18 18 15 40 40 21 22 22 14 14 4 6 6 10 14 14 9 9 9 9 9 12 21 21 19 19 21 35 35 36 39 39 16 16 8 11 11 13 18 18 20 20 19 15 15 12
 18 18 15 40 40 21 22 22 14 14 4 6 6 10 14 14 9 9 9 9 9 12 21 21 19 19 21 35 35 36 39 39 16 16 8 11 11 13 18 18 20 20 19 15 15 12
 19 19 18 21 21 22 24 24 7 7 7 10 10 27 29 29 10 10 10 11 11 19 25 25 26 26 25 30 30 31 34 34 18 18 21 7 7 10 14 14 18 18 19 13 13 13
 19 19 18 21 21 22 24 24 7 7 7 10 10 27 29 29 10 10 10 11 11 19 25 25 26 26 25 30 30 31 34 34 18 18 21 7 7 10 14 14 18 18 19 13 13 13
 6 6 9 24 24 21 35 35 22 22 21 13 13 29 30 30 13 13 12 17 17 20 30 30 29 29 34 38 38 39 36 36 18 18 16 13 13 9 12 12 11 11 14 16 16 14
 16 16 20 50 50 29 35 35 26 26 22 13 13 20 21 21 13 13 16 25 25 24 23 23 36 36 35 37 37 39 47 47 24 24 15 14 14 8 7 7 11 11 12 13 13 13
 16 16 20 50 50 29 35 35 26 26 22 13 13 20 21 21 13 13 16 25 25 24 23 23 36 36 35 37 37 39 47 47 24 24 15 14 14 8 7 7 11 11 12 13 13 13
 8 8 17 49 49 54 40 40 37 37 26 26 26 23 11 11 15 15 14 25 25 25 23 23 37 37 36 38 38 41 46 46 24 24 14 6 6 8 5 5 7 7 10 12 12 14
 13 13 30 32 32 47 33 33 37 37 23 23 23 24 13 13 24 24 23 24 24 24 23 23 33 33 37 34 34 35 34 34 38 38 10 3 3 5 6 6 7 7 9 11 11 13
 13 13 30 32 32 47 33 33 37 37 23 23 23 24 13 13 24 24 23 24 24 24 23 23 33 33 37 34 34 35 34 34 38 38 10 3 3 5 6 6 7 7 9 11 11 13
 11 11 12 24 24 46 34 34 34 34 20 13 13 15 14 14 23 23 23 25 25 21 20 20 23 23 29 37 37 48 49 49 38 38 29 11 11 7 9 9 5 5 7 9 9 11
 11 11 12 24 24 46 34 34 34 34 20 13 13 15 14 14 23 23 23 25 25 21 20 20 23 23 29 37 37 48 49 49 38 38 29 11 11 7 9 9 5 5 7 9 9 11
 10 10 7 13 13 39 32 32 25 25 15 14 14 20 21 21 21 21 24 24 24 20 22 22 28 28 48 49 49 48 50 50 48 48 33 14 14 16 10 10 5 5 5 6 6 8
 19 19 14 37 37 36 49 49 25 25 15 15 15 12 12 12 20 20 24 23 23 22 22 22 25 25 45 44 44 41 39 39 38 38 30 13 13 12 11 11 10 10 7 5 5 7
 19 19 14 37 37 36 49 49 25 25 15 15 15 12 12 12 20 20 24 23 23 22 22 22 25 25 45 44 44 41 39 39 38 38 30 13 13 12 11 11 10 10 7 5 5 7
 23 23 19 39 39 36 48 48 47 47 48 39 39 37 44 44 26 26 23 22 22 27 33 33 38 38 42 48 48 50 53 53 35 35 27 18 18 11 10 10 14 14 12 8 8 7
 19 19 10 26 26 39 38 38 51 51 47 38 38 36 46 46 28 28 24 24 24 23 33 33 70 70 76 86 86 89 48 48 29 29 32 22 22 21 11 11 7 7 10 16 16 7
 19 19 10 26 26 39 38 38 51 51 47 38 38 36 46 46 28 28 24 24 24 23 33 33 70 70 76 86 86 89 48 48 29 29 32 22 22 21 11 11 7 7 10 16 16 7
 23 23 17 13 13 41 39 39 51 51 53 41 41 41 51 51 60 60 25 57 57 57 136 136 137 137 129 86 86 79 35 35 23 23 23 19 19 13 14 14 10 10 10 12 12 10
 23 23 17 13 13 41 39 39 51 51 53 41 41 41 51 51 60 60 25 57 57 57 136 136 137 137 129 86 86 79 35 35 23 23 23 19 19 13 14 14 10 10 10 12 12 10
 30 30 23 18 18 32 44 44 41 41 49 85 85 85 44 44 50 50 23 57 57 57 104 104 66 66 71 27 27 34 30 30 27 27 32 28 28 21 18 18 25 25 22 13 13 12
 35 35 30 26 26 15 38 38 42 42 47 84 84 85 44 44 13 13 12 32 32 32 65 65 65 65 71 33 33 28 26 26 28 28 33 28 28 22 26 26 33 33 25 14 14 11
 35 35 30 26 26 15 38 38 42 42 47 84 84 85 44 44 13 13 12 32 32 32 65 65 65 65 71 33 33 28 26 26 28 28 33 28 28 22 26 26 33 33 25 14 14 11
 44 44 28 26 26 23 53 53 47 47 46 85 85 98 96 96 21 21 12 32 32 30 23 23 31 31 31 31 31 27 28 28 28 28 37 28 28 36 35 35 27 27 28 18 18 11
 42 42 39 29 29 44 35 35 79 79 64 141 141 100 98 98 21 21 10 20 20 20 20 20 27 27 27 29 29 27 27 27 32 32 32 42 42 38 43 43 45 45 37 19 19 16
 42 42 39 29 29 44 35 35 79 79 64 141 141 100 98 98 21 21 10 20 20 20 20 20 27 27 27 29 29 27 27 27 32 32 32 42 42 38 43 43 45 45 37 19 19 16
 60 60 58 48 48 51 40 40 80 80 64 144 144 157 165 165 141 141 1 1 1 1 1 1 23 23 24 27 27 24 35 35 32 32 40 37 37 37 35 35 45 45 27 22 22 17
 60 60 58 48 48 51 40 40 80 80 64 144 144 157 165 165 141 141 1 1 1 1 1 1 23 23 24 27 27 24 35 35 32 32 40 37 37 37 35 35 45 45 27 22 22 17
 60 60 62 60 60 70 47 47 43 43 81 73 73 118 117 117 109 109 4 2 2 1 0 0 11 11 12 13 13 23 25 25 32 32 39 34 34 26 28 28 24 24 34 23 23 17
 54 54 58 63 63 67 61 61 49 49 44 82 82 121 115 115 105 105 11 2 2 1 1 1 1 1 8 7 7 16 21 21 35 35 41 41 41 12 15 15 17 17 8 15 15 10
 54 54 58 63 63 67 61 61 49 49 44 82 82 121 115 115 105 105 11 2 2 1 1 1 1 1 8 7 7 16 21 21 35 35 41 41 41 12 15 15 17 17 8 15 15 10
 45 45 49 56 56 66 61 61 55 55 52 41 41 20 12 12 1 1 1 2 2 1 1 1 0 0 7 6 6 15 10 10 10 10 16 16 16 15 10 10 6 6 4 6 6 6
 27 27 45 48 48 64 64 64 50 50 42 26 26 15 3 3 2 2 2 1 1 1 0 0 0 0 0 0 0 0 0 0 1 1 14 14 14 7 3 3 3 3 3 3 3 21
