assets/RAT_results/precipitation/2021-11-11_IMERG.asc
ncols        46
nrows        77
xllcorner    74.800261325624
yllcorner    8.058333333333
cellsize     0.062500000000
NODATA_value -9999
 6 6 4 4 4 5 7 7 6 6 6 5 5 7 7 7 6 6 7 13 13 14 16 16 18 18 22 24 24 28 32 32 29 29 28 28 28 29 29 29 32 32 34 35 35 45
 5 5 4 5 5 5 5 5 7 7 5 5 5 5 7 7 7 7 7 6 6 7 8 8 11 11 20 20 20 26 27 27 27 27 29 28 28 30 31 31 39 39 36 31 31 40
 5 5 4 5 5 5 5 5 7 7 5 5 5 5 7 7 7 7 7 6 6 7 8 8 11 11 20 20 20 26 27 27 27 27 29 28 28 30 31 31 39 39 36 31 31 40
 3 3 2 2 2 2 6 6 7 7 6 4 4 4 7 7 7 7 7 6 6 6 8 8 11 11 12 17 17 24 21 21 22 22 27 26 26 24 26 26 32 32 25 21 21 26
 2 2 3 4 4 3 3 3 3 3 4 4 4 5 9 9 7 7 6 6 6 6 9 9 10 10 19 18 18 21 17 17 19 19 17 21 21 22 16 16 24 24 25 21 21 26
 2 2 3 4 4 3 3 3 3 3 4 4 4 5 9 9 7 7 6 6 6 6 9 9 10 10 19 18 18 21 17 17 19 19 17 21 21 22 16 16 24 24 25 21 21 26
 2 2 2 3 3 3 2 2 3 3 4 2 2 3 8 8 5 5 7 5 5 5 18 18 21 21 20 27 27 14 15 15 14 14 13 21 21 21 18 18 19 19 22 26 26 23
 2 2 2 3 3 3 2 2 3 3 4 2 2 3 8 8 5 5 7 5 5 5 18 18 21 21 20 27 27 14 15 15 14 14 13 21 21 21 18 18 19 19 22 26 26 23
 2 2 3 3 3 2 2 2 4 4 4 5 5 5 7 7 4 4 6 5 5 6 12 12 15 15 16 17 17 8 16 16 13 13 13 41 41 22 16 16 16 16 18 22 22 24
 0 0 3 2 2 2 3 3 4 4 4 6 6 5 7 7 6 6 5 5 5 5 13 13 14 14 13 15 15 15 14 14 17 17 31 55 55 20 16 16 15 15 17 21 21 19
 0 0 3 2 2 2 3 3 4 4 4 6 6 5 7 7 6 6 5 5 5 5 13 13 14 14 13 15 15 15 14 14 17 17 31 55 55 20 16 16 15 15 17 21 21 19
 1 1 2 3 3 2 5 5 6 6 6 5 5 7 7 7 5 5 5 6 6 5 5 5 12 12 6 20 20 14 15 15 17 17 41 52 52 23 20 20 14 14 13 17 17 16
 1 1 1 3 3 5 6 6 5 5 6 4 4 6 6 6 5 5 4 6 6 6 8 8 7 7 22 9 9 11 15 15 28 28 61 26 26 24 21 21 14 14 13 15 15 14
 1 1 1 3 3 5 6 6 5 5 6 4 4 6 6 6 5 5 4 6 6 6 8 8 7 7 22 9 9 11 15 15 28 28 61 26 26 24 21 21 14 14 13 15 15 14
 1 1 1 2 2 3 4 4 4 4 7 2 2 6 6 6 5 5 3 5 5 5 5 5 10 10 12 15 15 8 15 15 26 26 21 29 29 21 21 21 13 13 11 11 11 10
 1 1 1 2 2 3 4 4 4 4 7 2 2 6 6 6 5 5 3 5 5 5 5 5 10 10 12 15 15 8 15 15 26 26 21 29 29 21 21 21 13 13 11 11 11 10
 1 1 1 2 2 2 4 4 2 2 4 2 2 1 1 1 3 3 4 4 4 3 4 4 12 12 14 13 13 8 13 13 16 16 16 21 21 26 20 20 12 12 10 7 7 7
 1 1 1 1 1 1 3 3 2 2 3 2 2 1 1 1 3 3 4 3 3 6 5 5 18 18 11 4 4 7 10 10 15 15 16 21 21 20 26 26 20 20 11 8 8 7
 1 1 1 1 1 1 3 3 2 2 3 2 2 1 1 1 3 3 4 3 3 6 5 5 18 18 11 4 4 7 10 10 15 15 16 21 21 20 26 26 20 20 11 8 8 7
 0 0 1 1 1 2 2 2 2 2 1 2 2 2 2 2 3 3 3 3 3 2 2 2 8 8 19 8 8 8 6 6 18 18 8 13 13 15 18 18 18 18 27 16 16 14
 0 0 1 1 1 1 1 1 2 2 2 3 3 2 3 3 3 3 3 2 2 2 2 2 2 2 18 7 7 7 5 5 11 11 7 10 10 8 9 9 17 17 26 23 23 32
 0 0 1 1 1 1 1 1 2 2 2 3 3 2 3 3 3 3 3 2 2 2 2 2 2 2 18 7 7 7 5 5 11 11 7 10 10 8 9 9 17 17 26 23 23 32
 0 0 1 1 1 1 1 1 1 1 1 1 1 2 2 2 1 1 2 1 1 1 1 1 1 1 1 3 3 3 3 3 10 10 12 12 12 5 5 5 6 6 23 23 23 19
 0 0 1 1 1 1 1 1 1 1 1 1 1 2 2 2 1 1 2 1 1 1 1 1 1 1 1 3 3 3 3 3 10 10 12 12 12 5 5 5 6 6 23 23 23 19
 0 0 1 1 1 1 1 1 1 1 1 1 1 2 1 1 1 1 0 0 0 1 1 1 1 1 2 2 2 4 3 3 3 3 3 3 3 5 5 5 4 4 3 4 4 6
 0 0 0 1 1 0 0 0 0 0 0 1 1 1 2 2 1 1 1 0 0 1 0 0 1 1 1 2 2 2 1 1 1 1 4 3 3 5 3 3 2 2 1 2 2 1
 0 0 0 1 1 0 0 0 0 0 0 1 1 1 2 2 1 1 1 0 0 1 0 0 1 1 1 2 2 2 1 1 1 1 4 3 3 5 3 3 2 2 1 2 2 1
 0 0 0 0 0 0 0 0 0 0 0 0 0 1 1 1 1 1 2 0 0 0 0 0 0 0 0 1 1 0 0 0 0 0 0 2 2 4 2 2 1 1 1 1 1 1
 0 0 0 0 0 0 0 0 0 0 1 0 0 1 0 0 1 1 2 0 0 0 0 0 0 0 1 1 1 0 0 0 0 0 0 0 0 1 0 0 1 1 1 1 1 1
 0 0 0 0 0 0 0 0 0 0 1 0 0 1 0 0 1 1 2 0 0 0 0 0 0 0 1 1 1 0 0 0 0 0 0 0 0 1 0 0 1 1 1 1 1 1
 0 0 0 0 0 0 0 0 0 0 0 0 0 1 0 0 0 0 1 1 1 0 1 1 1 1 1 0 0 0 0 0 0 0 0 0 0 0 0 0 1 1 1 0 0 0
 0 0 0 0 0 0 0 0 0 0 0 0 0 1 0 0 0 0 1 1 1 0 1 1 1 1 1 0 0 0 0 0 0 0 0 0 0 0 0 0 1 1 1 0 0 0
 0 0 0 0 0 0 0 0 0 0 0 0 0 0 1 1 1 1 1 2 2 1 1 1 1 1 0 0 0 0 0 0 0 0 0 0 0 1 0 0 0 0 2 1 1 1
 0 0 0 0 0 0 0 0 0 0 0 0 0 0 0 0 0 0 1 2 2 2 2 2 1 1 1 1 1 0 1 1 0 0 0 0 0 1 0 0 0 0 0 0 0 0
 0 0 0 0 0 0 0 0 0 0 0 0 0 0 0 0 0 0 1 2 2 2 2 2 1 1 1 1 1 0 1 1 0 0 0 0 0 1 0 0 0 0 0 0 0 0
 0 0 0 0 0 0 0 0 0 0 0 0 0 0 0 0 0 0 0 2 2 2 1 1 2 2 1 1 1 1 1 1 1 1 0 2 2 1 0 0 0 0 0 0 0 1
 0 0 0 0 0 0 0 0 0 0 0 0 0 0 0 0 0 0 1 5 5 8 4 4 2 2 2 1 1 1 1 1 1 1 0 0 0 0 0 0 0 0 0 0 0 1
 0 0 0 0 0 0 0 0 0 0 0 0 0 0 0 0 0 0 1 5 5 8 4 4 2 2 2 1 1 1 1 1 1 1 0 0 0 0 0 0 0 0 0 0 0 1
 0 0 0 0 0 0 0 0 0 0 0 0 0 0 0 0 0 0 0 5 5 6 4 4 2 2 2 3 3 2 1 1 1 1 1 0 0 0 0 0 0 0 0 0 0 0
 0 0 0 0 0 0 0 0 0 0 0 0 0 0 0 0 0 0 0 5 5 6 4 4 2 2 2 3 3 2 1 1 1 1 1 0 0 0 0 0 0 0 0 0 0 0
 0 0 0 0 0 0 0 0 0 0 0 0 0 0 0 0 0 0 1 5 5 12 20 20 8 8 3 2 2 5 2 2 1 1 1 1 1 2 1 1 0 0 0 1 1 0
 0 0 0 0 0 0 0 0 0 0 0 0 0 0 0 0 0 0 0 1 1 5 16 16 6 6 2 2 2 6 3 3 1 1 1 1 1 3 2 2 2 2 1 1 1 0
 0 0 0 0 0 0 0 0 0 0 0 0 0 0 0 0 0 0 0 1 1 5 16 16 6 6 2 2 2 6 3 3 1 1 1 1 1 3 2 2 2 2 1 1 1 0
 0 0 0 0 0 0 0 0 0 0 0 0 0 0 0 0 0 0 1 3 3 6 7 7 4 4 6 8 8 5 7 7 1 1 1 2 2 3 2 2 2 2 1 1 1 1
 0 0 0 0 0 0 0 0 0 0 0 0 0 0 0 0 0 0 0 2 2 3 6 6 3 3 4 10 10 12 8 8 3 3 1 2 2 3 2 2 1 1 0 0 0 0
 0 0 0 0 0 0 0 0 0 0 0 0 0 0 0 0 0 0 0 2 2 3 6 6 3 3 4 10 10 12 8 8 3 3 1 2 2 3 2 2 1 1 0 0 0 0
 0 0 0 0 0 0 0 0 1 1 1 1 1 0 0 0 0 0 0 1 1 1 1 1 2 2 3 3 3 10 7 7 8 8 1 1 1 2 2 2 1 1 0 0 0 0
 0 0 0 0 0 0 0 0 1 1 1 1 1 0 0 0 0 0 0 1 1 1 1 1 2 2 3 3 3 10 7 7 8 8 1 1 1 2 2 2 1 1 0 0 0 0
 0 0 0 1 1 0 0 0 1 1 1 1 1 1 1 1 1 1 1 1 1 1 2 2 2 2 3 5 5 8 10 10 17 17 8 3 3 4 3 3 2 2 1 0 0 0
 0 0 1 0 0 0 0 0 1 1 1 1 1 2 1 1 2 2 1 1 1 2 1 1 1 1 3 3 3 4 15 15 13 13 10 7 7 6 2 2 1 1 1 0 0 0
 0 0 1 0 0 0 0 0 1 1 1 1 1 2 1 1 2 2 1 1 1 2 1 1 1 1 3 3 3 4 15 15 13 13 10 7 7 6 2 2 1 1 1 0 0 0
 0 0 0 0 0 0 0 0 0 0 2 2 2 2 1 1 1 1 1 2 2 2 1 1 2 2 3 2 2 1 3 3 9 9 5 3 3 3 3 3 2 2 2 1 1 0
 0 0 0 0 0 0 0 0 1 1 2 2 2 2 2 2 1 1 1 2 2 1 1 1 3 3 3 3 3 2 1 1 1 1 2 3 3 3 4 4 5 5 4 1 1 1
 0 0 0 0 0 0 0 0 1 1 2 2 2 2 2 2 1 1 1 2 2 1 1 1 3 3 3 3 3 2 1 1 1 1 2 3 3 3 4 4 5 5 4 1 1 1
 0 0 0 0 0 0 0 0 0 0 1 2 2 2 1 1 1 1 1 1 1 1 1 1 2 2 2 3 3 1 1 1 2 2 1 2 2 7 7 7 5 5 4 4 4 1
 0 0 0 0 0 0 0 0 0 0 1 2 2 2 1 1 1 1 1 1 1 1 1 1 2 2 2 3 3 1 1 1 2 2 1 2 2 7 7 7 5 5 4 4 4 1
 0 0 1 1 1 1 0 0 0 0 1 0 0 1 1 1 1 1 1 1 1 1 2 2 2 2 2 3 3 2 3 3 3 3 4 4 4 4 5 5 5 5 4 3 3 1
 0 0 0 1 1 1 1 1 1 1 0 0 0 0 1 1 1 1 1 1 1 1 2 2 2 2 4 3 3 2 0 0 2 2 4 5 5 3 3 3 3 3 4 4 4 0
 0 0 0 1 1 1 1 1 1 1 0 0 0 0 1 1 1 1 1 1 1 1 2 2 2 2 4 3 3 2 0 0 2 2 4 5 5 3 3 3 3 3 4 4 4 0
 0 0 0 0 0 1 1 1 1 1 0 0 0 0 0 0 1 1 1 1 1 2 2 2 2 2 4 2 2 1 2 2 0 0 4 5 5 5 3 3 3 3 3 1 1 0
 0 0 0 0 0 0 0 0 0 0 0 0 0 0 1 1 1 1 1 1 1 1 3 3 4 4 2 1 1 3 4 4 1 1 1 1 1 2 0 0 0 0 0 0 0 0
 0 0 0 0 0 0 0 0 0 0 0 0 0 0 1 1 1 1 1 1 1 1 3 3 4 4 2 1 1 3 4 4 1 1 1 1 1 2 0 0 0 0 0 0 0 0
 0 0 0 0 0 0 0 0 0 0 0 0 0 1 1 1 1 1 1 1 1 1 2 2 2 2 1 5 5 5 3 3 1 1 1 1 1 1 1 1 0 0 0 0 0 0
 0 0 0 0 0 0 0 0 0 0 0 0 0 1 1 1 1 1 1 1 1 1 2 2 2 2 1 5 5 5 3 3 1 1 1 1 1 1 1 1 0 0 0 0 0 0
 0 0 0 0 0 0 0 0 1 1 0 0 0 1 1 1 1 1 2 2 2 1 2 2 2 2 2 3 3 3 4 4 2 2 2 1 1 1 1 1 1 1 0 0 0 0
 3 3 2 1 1 1 1 1 1 1 1 1 1 1 1 1 2 2 1 1 1 1 1 1 2 2 3 2 2 4 4 4 3 3 5 0 0 0 0 0 1 1 0 0 0 0
 3 3 2 1 1 1 1 1 1 1 1 1 1 1 1 1 2 2 1 1 1 1 1 1 2 2 3 2 2 4 4 4 3 3 5 0 0 0 0 0 1 1 0 0 0 0
 8 8 5 2 2 2 2 2 3 3 2 1 1 1 1 1 2 2 1 4 4 4 4 4 5 5 2 2 2 3 7 7 8 8 2 2 2 0 4 4 1 1 1 1 1 1
 4 4 3 3 3 2 2 2 1 1 2 2 2 1 1 1 1 1 1 5 5 4 4 4 5 5 6 2 2 1 2 2 15 15 10 8 8 1 7 7 4 4 7 1 1 2
 4 4 3 3 3 2 2 2 1 1 2 2 2 1 1 1 1 1 1 5 5 4 4 4 5 5 6 2 2 1 2 2 15 15 10 8 8 1 7 7 4 4 7 1 1 2
 4 4 4 4 4 3 2 2 2 2 2 1 1 1 1 1 2 2 2 5 5 5 5 5 10 10 6 6 6 6 3 3 4 4 7 16 16 6 7 7 4 4 12 9 9 8
 4 4 4 4 4 3 2 2 2 2 2 1 1 1 1 1 2 2 2 5 5 5 5 5 10 10 6 6 6 6 3 3 4 4 7 16 16 6 7 7 4 4 12 9 9 8
 4 4 4 4 4 4 6 6 6 6 3 2 2 1 2 2 2 2 1 2 2 2 2 2 6 6 5 6 6 8 6 6 4 4 7 8 8 13 12 12 8 8 5 8 8 9
 4 4 4 4 4 11 6 6 4 4 3 1 1 1 2 2 2 2 2 2 2 2 2 2 5 5 5 6 6 6 6 6 7 7 6 5 5 7 11 11 26 26 12 15 15 9
 4 4 4 4 4 11 6 6 4 4 3 1 1 1 2 2 2 2 2 2 2 2 2 2 5 5 5 6 6 6 6 6 7 7 6 5 5 7 11 11 26 26 12 15 15 9
 11 11 6 3 3 5 3 3 2 2 2 1 1 2 2 2 2 2 1 1 1 1 1 1 1 1 2 1 1 6 6 6 12 12 9 5 5 5 4 4 5 5 12 3 3 5
 13 13 10 4 4 2 2 2 2 2 1 2 2 2 2 2 2 2 1 1 1 1 1 1 1 1 2 2 2 6 6 6 7 7 10 7 7 7 7 7 7 7 3 3 3 2
