assets/RAT_results/precipitation/2021-03-25_IMERG.asc
ncols        46
nrows        77
xllcorner    74.800261325624
yllcorner    8.058333333333
cellsize     0.062500000000
NODATA_value -9999
 1 1 0 0 0 0 0 0 0 0 0 0 0 1 3 3 2 2 1 0 0 1 0 0 0 0 1 1 1 1 0 0 0 0 0 0 0 0 0 0 0 0 0 0 0 0
 1 1 3 1 1 1 0 0 0 0 0 0 0 1 1 1 1 1 0 0 0 2 0 0 0 0 1 1 1 0 0 0 0 0 0 0 0 0 0 0 0 0 0 0 0 0
 1 1 3 1 1 1 0 0 0 0 0 0 0 1 1 1 1 1 0 0 0 2 0 0 0 0 1 1 1 0 0 0 0 0 0 0 0 0 0 0 0 0 0 0 0 0
 2 2 2 1 1 0 0 0 0 0 0 1 1 1 1 1 1 1 0 0 0 0 0 0 1 1 1 0 0 1 0 0 0 0 0 0 0 1 0 0 0 0 0 0 0 0
 2 2 1 0 0 0 0 0 0 0 0 0 0 0 1 1 0 0 0 0 0 0 0 0 0 0 1 1 1 1 0 0 0 0 1 2 2 0 0 0 0 0 0 0 0 0
 2 2 1 0 0 0 0 0 0 0 0 0 0 0 1 1 0 0 0 0 0 0 0 0 0 0 1 1 1 1 0 0 0 0 1 2 2 0 0 0 0 0 0 0 0 0
 2 2 0 0 0 0 0 0 1 1 1 1 1 1 0 0 0 0 0 0 0 0 0 0 0 0 5 6 6 3 0 0 1 1 1 2 2 1 0 0 0 0 0 1 1 1
 2 2 0 0 0 0 0 0 1 1 1 1 1 1 0 0 0 0 0 0 0 0 0 0 0 0 5 6 6 3 0 0 1 1 1 2 2 1 0 0 0 0 0 1 1 1
 2 2 2 1 1 1 0 0 1 1 1 1 1 0 0 0 0 0 0 0 0 0 1 1 1 1 5 7 7 3 0 0 1 1 1 1 1 1 0 0 0 0 0 0 0 0
 3 3 3 0 0 2 1 1 1 1 0 1 1 1 1 1 1 1 0 0 0 2 2 2 2 2 0 0 0 0 1 1 1 1 1 1 1 0 0 0 0 0 0 0 0 0
 3 3 3 0 0 2 1 1 1 1 0 1 1 1 1 1 1 1 0 0 0 2 2 2 2 2 0 0 0 0 1 1 1 1 1 1 1 0 0 0 0 0 0 0 0 0
 2 2 2 0 0 1 2 2 1 1 1 1 1 1 1 1 1 1 1 0 0 0 0 0 1 1 0 0 0 0 1 1 1 1 1 0 0 0 0 0 0 0 0 0 0 0
 0 0 0 2 2 2 2 2 1 1 1 1 1 1 1 1 1 1 1 0 0 0 1 1 1 1 1 0 0 0 1 1 0 0 0 0 0 0 0 0 0 0 0 0 0 0
 0 0 0 2 2 2 2 2 1 1 1 1 1 1 1 1 1 1 1 0 0 0 1 1 1 1 1 0 0 0 1 1 0 0 0 0 0 0 0 0 0 0 0 0 0 0
 0 0 0 3 3 3 1 1 2 2 1 1 1 0 1 1 1 1 2 1 1 0 0 0 1 1 1 2 2 1 0 0 0 0 0 0 0 1 1 1 0 0 0 0 0 1
 0 0 0 3 3 3 1 1 2 2 1 1 1 0 1 1 1 1 2 1 1 0 0 0 1 1 1 2 2 1 0 0 0 0 0 0 0 1 1 1 0 0 0 0 0 1
 0 0 0 1 1 3 0 0 2 2 3 1 1 0 1 1 1 1 2 3 3 2 1 1 0 0 0 0 0 0 0 0 0 0 1 1 1 1 0 0 0 0 0 4 4 1
 0 0 0 0 0 2 1 1 3 3 2 1 1 1 1 1 1 1 2 1 1 1 1 1 0 0 0 0 0 0 0 0 0 0 1 2 2 3 2 2 6 6 5 9 9 11
 0 0 0 0 0 2 1 1 3 3 2 1 1 1 1 1 1 1 2 1 1 1 1 1 0 0 0 0 0 0 0 0 0 0 1 2 2 3 2 2 6 6 5 9 9 11
 0 0 0 0 0 0 0 0 3 3 1 1 1 1 1 1 0 0 0 0 0 2 2 2 0 0 0 2 2 2 10 10 0 0 1 1 1 8 7 7 8 8 9 5 5 9
 0 0 0 0 0 0 0 0 1 1 1 1 1 1 1 1 0 0 0 0 0 0 1 1 0 0 0 1 1 7 18 18 10 10 8 2 2 6 2 2 0 0 0 0 0 0
 0 0 0 0 0 0 0 0 1 1 1 1 1 1 1 1 0 0 0 0 0 0 1 1 0 0 0 1 1 7 18 18 10 10 8 2 2 6 2 2 0 0 0 0 0 0
 0 0 0 0 0 0 0 0 0 0 1 2 2 1 1 1 0 0 0 0 0 1 1 1 0 0 0 5 5 9 17 17 22 22 9 1 1 1 0 0 0 0 0 0 0 0
 0 0 0 0 0 0 0 0 0 0 1 2 2 1 1 1 0 0 0 0 0 1 1 1 0 0 0 5 5 9 17 17 22 22 9 1 1 1 0 0 0 0 0 0 0 0
 0 0 0 0 0 1 1 1 0 0 1 2 2 2 1 1 0 0 0 0 0 0 0 0 0 0 1 6 6 12 19 19 7 7 5 0 0 0 0 0 0 0 0 0 0 0
 0 0 0 1 1 2 1 1 0 0 0 2 2 2 1 1 1 1 0 0 0 0 0 0 1 1 2 2 2 5 9 9 5 5 5 0 0 0 0 0 0 0 0 0 0 0
 0 0 0 1 1 2 1 1 0 0 0 2 2 2 1 1 1 1 0 0 0 0 0 0 1 1 2 2 2 5 9 9 5 5 5 0 0 0 0 0 0 0 0 0 0 0
 0 0 1 0 0 1 1 1 0 0 0 0 0 1 3 3 1 1 1 1 1 1 3 3 2 2 3 3 3 1 1 1 0 0 0 0 0 0 0 0 0 0 0 0 0 0
 0 0 0 0 0 0 0 0 0 0 0 0 0 1 3 3 4 4 2 4 4 3 3 3 4 4 6 5 5 2 1 1 0 0 0 0 0 0 0 0 0 0 0 0 0 0
 0 0 0 0 0 0 0 0 0 0 0 0 0 1 3 3 4 4 2 4 4 3 3 3 4 4 6 5 5 2 1 1 0 0 0 0 0 0 0 0 0 0 0 0 0 0
 0 0 0 0 0 0 0 0 0 0 0 0 0 0 4 4 7 7 3 4 4 6 4 4 5 5 11 12 12 5 1 1 1 1 0 0 0 0 0 0 0 0 0 0 0 0
 0 0 0 0 0 0 0 0 0 0 0 0 0 0 4 4 7 7 3 4 4 6 4 4 5 5 11 12 12 5 1 1 1 1 0 0 0 0 0 0 0 0 0 0 0 0
 0 0 0 0 0 0 0 0 0 0 0 0 0 0 3 3 6 6 5 6 6 9 5 5 7 7 9 8 8 9 5 5 1 1 1 0 0 0 0 0 0 0 0 0 0 0
 0 0 0 0 0 0 0 0 0 0 0 0 0 0 1 1 8 8 5 7 7 11 13 13 10 10 8 10 10 9 9 9 10 10 2 0 0 0 0 0 0 0 0 0 0 0
 0 0 0 0 0 0 0 0 0 0 0 0 0 0 1 1 8 8 5 7 7 11 13 13 10 10 8 10 10 9 9 9 10 10 2 0 0 0 0 0 0 0 0 0 0 0
 0 0 0 0 0 0 0 0 0 0 0 0 0 0 0 0 15 15 22 15 15 12 14 14 9 9 8 10 10 16 12 12 11 11 2 0 0 0 0 0 0 0 0 0 0 0
 0 0 0 0 0 0 0 0 0 0 0 0 0 0 0 0 15 15 21 37 37 10 10 10 13 13 8 9 9 16 11 11 11 11 3 0 0 0 0 0 0 0 0 0 0 0
 0 0 0 0 0 0 0 0 0 0 0 0 0 0 0 0 15 15 21 37 37 10 10 10 13 13 8 9 9 16 11 11 11 11 3 0 0 0 0 0 0 0 0 0 0 0
 0 0 0 0 0 0 0 0 0 0 0 0 0 1 2 2 12 12 22 27 27 54 11 11 8 8 10 8 8 16 11 11 7 7 3 1 1 2 1 1 0 0 0 0 0 1
 0 0 0 0 0 0 0 0 0 0 0 0 0 1 2 2 12 12 22 27 27 54 11 11 8 8 10 8 8 16 11 11 7 7 3 1 1 2 1 1 0 0 0 0 0 1
 0 0 1 1 1 1 1 1 0 0 0 0 0 2 14 14 20 20 21 35 35 37 19 19 13 13 14 9 9 10 12 12 9 9 5 6 6 9 3 3 2 2 1 3 3 0
 1 1 1 3 3 1 1 1 1 1 1 1 1 18 13 13 15 15 128 33 33 92 28 28 53 53 65 20 20 10 10 10 6 6 6 5 5 13 4 4 1 1 2 6 6 0
 1 1 1 3 3 1 1 1 1 1 1 1 1 18 13 13 15 15 128 33 33 92 28 28 53 53 65 20 20 10 10 10 6 6 6 5 5 13 4 4 1 1 2 6 6 0
 2 2 2 4 4 3 1 1 1 1 1 10 10 93 92 92 84 84 166 52 52 52 65 65 87 87 78 42 42 21 12 12 6 6 6 4 4 12 8 8 3 3 0 1 1 0
 3 3 3 4 4 4 2 2 2 2 2 23 23 152 85 85 120 120 143 128 128 109 80 80 61 61 39 71 71 22 12 12 5 5 3 2 2 5 4 4 1 1 0 0 0 0
 3 3 3 4 4 4 2 2 2 2 2 23 23 152 85 85 120 120 143 128 128 109 80 80 61 61 39 71 71 22 12 12 5 5 3 2 2 5 4 4 1 1 0 0 0 0
 13 13 24 31 31 27 14 14 3 3 3 8 8 29 80 80 70 70 108 169 169 114 44 44 41 41 35 89 89 95 10 10 5 5 4 0 0 0 0 0 0 0 0 0 0 0
 13 13 24 31 31 27 14 14 3 3 3 8 8 29 80 80 70 70 108 169 169 114 44 44 41 41 35 89 89 95 10 10 5 5 4 0 0 0 0 0 0 0 0 0 0 0
 72 72 33 10 10 5 4 4 5 5 5 14 14 32 111 111 159 159 137 106 106 64 35 35 35 35 18 82 82 69 7 7 3 3 2 0 0 0 0 0 0 0 0 0 0 0
 10 10 15 11 11 4 4 4 4 4 16 38 38 33 79 79 143 143 160 150 150 35 34 34 26 26 21 16 16 13 4 4 4 4 2 1 1 0 0 0 0 0 0 0 0 0
 10 10 15 11 11 4 4 4 4 4 16 38 38 33 79 79 143 143 160 150 150 35 34 34 26 26 21 16 16 13 4 4 4 4 2 1 1 0 0 0 0 0 0 0 0 0
 19 19 8 8 8 6 5 5 5 5 14 27 27 32 43 43 133 133 160 113 113 35 34 34 15 15 19 22 22 16 4 4 3 3 1 1 1 1 1 1 0 0 0 0 0 0
 14 14 9 9 9 9 8 8 9 9 11 19 19 25 35 35 116 116 110 78 78 61 18 18 15 15 16 13 13 19 11 11 1 1 0 0 0 3 4 4 1 1 1 0 0 0
 14 14 9 9 9 9 8 8 9 9 11 19 19 25 35 35 116 116 110 78 78 61 18 18 15 15 16 13 13 19 11 11 1 1 0 0 0 3 4 4 1 1 1 0 0 0
 10 10 9 10 10 10 8 8 10 10 6 8 8 22 21 21 92 92 73 41 41 38 7 7 9 9 7 11 11 11 6 6 1 1 0 1 1 8 4 4 2 2 1 0 0 0
 10 10 9 10 10 10 8 8 10 10 6 8 8 22 21 21 92 92 73 41 41 38 7 7 9 9 7 11 11 11 6 6 1 1 0 1 1 8 4 4 2 2 1 0 0 0
 8 8 8 9 9 8 8 8 8 8 8 9 9 8 14 14 32 32 45 37 37 38 12 12 10 10 8 10 10 9 8 8 0 0 1 8 8 3 1 1 2 2 2 0 0 0
 9 9 9 8 8 10 11 11 10 10 9 6 6 8 12 12 7 7 36 9 9 8 14 14 48 48 10 7 7 8 8 8 2 2 11 11 11 5 3 3 2 2 2 2 2 2
 9 9 9 8 8 10 11 11 10 10 9 6 6 8 12 12 7 7 36 9 9 8 14 14 48 48 10 7 7 8 8 8 2 2 11 11 11 5 3 3 2 2 2 2 2 2
 9 9 10 11 11 10 11 11 10 10 8 6 6 5 11 11 6 6 8 8 8 20 91 91 50 50 11 11 11 6 4 4 4 4 10 13 13 6 3 3 0 0 0 2 2 1
 9 9 10 11 11 13 28 28 47 47 51 62 62 16 8 8 5 5 10 10 10 14 91 91 21 21 20 17 17 27 19 19 7 7 5 5 5 3 3 3 0 0 0 1 1 0
 9 9 10 11 11 13 28 28 47 47 51 62 62 16 8 8 5 5 10 10 10 14 91 91 21 21 20 17 17 27 19 19 7 7 5 5 5 3 3 3 0 0 0 1 1 0
 10 10 9 12 12 23 28 28 44 44 47 48 48 9 5 5 5 5 9 48 48 81 70 70 19 19 15 21 21 29 13 13 12 12 5 6 6 3 2 2 1 1 0 0 0 0
 10 10 9 12 12 23 28 28 44 44 47 48 48 9 5 5 5 5 9 48 48 81 70 70 19 19 15 21 21 29 13 13 12 12 5 6 6 3 2 2 1 1 0 0 0 0
 9 9 9 6 6 40 27 27 40 40 39 49 49 9 8 8 7 7 9 41 41 43 75 75 45 45 12 15 15 21 14 14 8 8 10 4 4 3 1 1 1 1 0 0 0 0
 15 15 17 27 27 37 25 25 38 38 23 9 9 13 12 12 11 11 9 44 44 49 40 40 38 38 14 15 15 14 15 15 13 13 24 24 24 3 3 3 5 5 1 0 0 0
 15 15 17 27 27 37 25 25 38 38 23 9 9 13 12 12 11 11 9 44 44 49 40 40 38 38 14 15 15 14 15 15 13 13 24 24 24 3 3 3 5 5 1 0 0 0
 20 20 26 35 35 54 38 38 23 23 24 10 10 9 9 9 11 11 12 11 11 40 2 2 2 2 4 6 6 8 9 9 12 12 23 26 26 1 4 4 2 2 2 1 1 0
 47 47 51 53 53 51 23 23 2 2 2 4 4 7 9 9 11 11 10 8 8 4 3 3 4 4 2 1 1 4 4 4 10 10 8 8 8 1 1 1 1 1 2 2 2 0
 47 47 51 53 53 51 23 23 2 2 2 4 4 7 9 9 11 11 10 8 8 4 3 3 4 4 2 1 1 4 4 4 10 10 8 8 8 1 1 1 1 1 2 2 2 0
 39 39 47 48 48 41 25 25 1 1 1 2 2 2 4 4 6 6 7 5 5 2 4 4 1 1 0 0 0 3 2 2 9 9 2 2 2 1 1 1 1 1 2 1 1 0
 39 39 47 48 48 41 25 25 1 1 1 2 2 2 4 4 6 6 7 5 5 2 4 4 1 1 0 0 0 3 2 2 9 9 2 2 2 1 1 1 1 1 2 1 1 0
 36 36 43 40 40 31 23 23 11 11 0 3 3 2 3 3 2 2 4 3 3 2 2 2 0 0 0 0 0 0 1 1 4 4 3 2 2 1 1 1 1 1 1 1 1 1
 6 6 6 5 5 4 4 4 3 3 1 5 5 3 5 5 3 3 9 3 3 3 2 2 0 0 0 0 0 0 0 0 3 3 2 2 2 1 2 2 1 1 0 0 0 1
 6 6 6 5 5 4 4 4 3 3 1 5 5 3 5 5 3 3 9 3 3 3 2 2 0 0 0 0 0 0 0 0 3 3 2 2 2 1 2 2 1 1 0 0 0 1
 7 7 7 6 6 5 5 5 5 5 7 5 5 13 10 10 8 8 8 3 3 2 2 2 0 0 0 0 0 0 0 0 3 3 2 5 5 5 4 4 1 1 0 0 0 0
 8 8 9 9 9 9 13 13 12 12 15 13 13 16 14 14 12 12 8 3 3 3 1 1 1 1 0 0 0 0 0 0 0 0 4 6 6 7 6 6 4 4 4 2 2 1
