assets/RAT_results/precipitation/2021-09-03_IMERG.asc
ncols        46
nrows        77
xllcorner    74.800261325624
yllcorner    8.058333333333
cellsize     0.062500000000
NODATA_value -9999
 31 31 31 30 30 32 36 36 18 18 13 10 10 10 8 8 13 13 16 17 17 16 12 12 21 21 18 16 16 8 4 4 4 4 13 11 11 5 1 1 0 0 0 0 0 1
 35 35 45 36 36 36 35 35 20 20 17 16 16 15 12 12 18 18 20 23 23 25 21 21 19 19 24 22 22 10 8 8 6 6 3 3 3 2 2 2 1 1 1 1 1 1
 35 35 45 36 36 36 35 35 20 20 17 16 16 15 12 12 18 18 20 23 23 25 21 21 19 19 24 22 22 10 8 8 6 6 3 3 3 2 2 2 1 1 1 1 1 1
 38 38 46 42 42 25 19 19 27 27 26 25 25 15 16 16 18 18 17 19 19 21 25 25 22 22 28 28 28 25 19 19 8 8 7 6 6 3 4 4 3 3 3 1 1 1
 27 27 42 38 38 32 18 18 24 24 25 17 17 24 21 21 20 20 14 16 16 17 17 17 17 17 24 25 25 30 20 20 25 25 16 23 23 16 10 10 7 7 4 1 1 2
 27 27 42 38 38 32 18 18 24 24 25 17 17 24 21 21 20 20 14 16 16 17 17 17 17 17 24 25 25 30 20 20 25 25 16 23 23 16 10 10 7 7 4 1 1 2
 28 28 32 35 35 25 19 19 21 21 22 18 18 29 17 17 14 14 9 11 11 10 8 8 8 8 6 16 16 18 21 21 18 18 15 14 14 7 9 9 5 5 3 3 3 3
 28 28 32 35 35 25 19 19 21 21 22 18 18 29 17 17 14 14 9 11 11 10 8 8 8 8 6 16 16 18 21 21 18 18 15 14 14 7 9 9 5 5 3 3 3 3
 25 25 33 40 40 29 19 19 18 18 20 16 16 21 14 14 12 12 9 12 12 10 8 8 3 3 2 1 1 2 2 2 4 4 4 2 2 2 4 4 3 3 3 4 4 3
 17 17 23 32 32 37 30 30 29 29 26 25 25 24 14 14 10 10 9 13 13 10 9 9 5 5 2 1 1 1 1 1 2 2 4 6 6 4 2 2 3 3 2 2 2 3
 17 17 23 32 32 37 30 30 29 29 26 25 25 24 14 14 10 10 9 13 13 10 9 9 5 5 2 1 1 1 1 1 2 2 4 6 6 4 2 2 3 3 2 2 2 3
 20 20 33 35 35 31 26 26 24 24 22 22 22 21 17 17 10 10 8 9 9 10 8 8 7 7 3 2 2 4 4 4 8 8 6 7 7 5 8 8 13 13 13 18 18 9
 17 17 32 28 28 25 25 25 23 23 22 20 20 17 14 14 15 15 14 8 8 8 8 8 8 8 4 3 3 5 4 4 4 4 7 9 9 15 15 15 21 21 28 20 20 32
 17 17 32 28 28 25 25 25 23 23 22 20 20 17 14 14 15 15 14 8 8 8 8 8 8 8 4 3 3 5 4 4 4 4 7 9 9 15 15 15 21 21 28 20 20 32
 19 19 19 17 17 22 25 25 23 23 21 17 17 14 15 15 15 15 14 12 12 9 7 7 7 7 4 2 2 2 3 3 4 4 6 7 7 7 12 12 13 13 11 16 16 33
 19 19 19 17 17 22 25 25 23 23 21 17 17 14 15 15 15 15 14 12 12 9 7 7 7 7 4 2 2 2 3 3 4 4 6 7 7 7 12 12 13 13 11 16 16 33
 15 15 15 7 7 13 25 25 24 24 27 23 23 18 15 15 16 16 16 12 12 9 7 7 5 5 4 2 2 2 2 2 3 3 4 6 6 9 12 12 16 16 10 10 10 11
 15 15 17 7 7 20 29 29 28 28 30 18 18 21 15 15 13 13 20 16 16 10 8 8 5 5 4 1 1 2 2 2 3 3 7 15 15 21 21 21 29 29 22 31 31 16
 15 15 17 7 7 20 29 29 28 28 30 18 18 21 15 15 13 13 20 16 16 10 8 8 5 5 4 1 1 2 2 2 3 3 7 15 15 21 21 21 29 29 22 31 31 16
 15 15 16 17 17 22 26 26 35 35 38 31 31 27 15 15 14 14 18 18 18 14 14 14 6 6 6 4 4 2 3 3 4 4 7 8 8 12 12 12 14 14 29 16 16 18
 11 11 14 17 17 23 27 27 34 34 39 40 40 35 23 23 15 15 12 17 17 15 13 13 10 10 6 3 3 6 3 3 3 3 5 6 6 9 13 13 21 21 11 13 13 11
 11 11 14 17 17 23 27 27 34 34 39 40 40 35 23 23 15 15 12 17 17 15 13 13 10 10 6 3 3 6 3 3 3 3 5 6 6 9 13 13 21 21 11 13 13 11
 12 12 20 19 19 22 22 22 29 29 38 33 33 41 30 30 18 18 14 18 18 15 11 11 7 7 5 4 4 8 8 8 9 9 8 5 5 6 5 5 7 7 11 11 11 11
 12 12 20 19 19 22 22 22 29 29 38 33 33 41 30 30 18 18 14 18 18 15 11 11 7 7 5 4 4 8 8 8 9 9 8 5 5 6 5 5 7 7 11 11 11 11
 16 16 14 16 16 16 21 21 19 19 23 40 40 47 38 38 22 22 23 13 13 15 13 13 9 9 4 6 6 7 6 6 7 7 6 5 5 6 7 7 8 8 7 5 5 3
 10 10 16 19 19 19 20 20 19 19 31 27 27 37 41 41 24 24 23 14 14 15 8 8 5 5 7 7 7 7 5 5 3 3 3 9 9 5 9 9 9 9 7 4 4 3
 10 10 16 19 19 19 20 20 19 19 31 27 27 37 41 41 24 24 23 14 14 15 8 8 5 5 7 7 7 7 5 5 3 3 3 9 9 5 9 9 9 9 7 4 4 3
 8 8 10 8 8 7 6 6 5 5 13 13 13 32 35 35 28 28 28 15 15 14 7 7 5 5 5 10 10 6 1 1 2 2 2 9 9 9 11 11 9 9 8 4 4 4
 5 5 5 10 10 9 12 12 12 12 6 6 6 14 29 29 21 21 25 12 12 9 7 7 5 5 9 8 8 4 3 3 3 3 7 8 8 11 11 11 15 15 7 5 5 6
 5 5 5 10 10 9 12 12 12 12 6 6 6 14 29 29 21 21 25 12 12 9 7 7 5 5 9 8 8 4 3 3 3 3 7 8 8 11 11 11 15 15 7 5 5 6
 3 3 7 7 7 9 13 13 13 13 3 6 6 10 23 23 23 23 14 11 11 8 7 7 6 6 7 10 10 9 8 8 9 9 14 17 17 18 11 11 15 15 16 17 17 9
 3 3 7 7 7 9 13 13 13 13 3 6 6 10 23 23 23 23 14 11 11 8 7 7 6 6 7 10 10 9 8 8 9 9 14 17 17 18 11 11 15 15 16 17 17 9
 2 2 5 5 5 9 10 10 11 11 12 9 9 3 14 14 17 17 14 16 16 8 8 8 7 7 8 15 15 15 13 13 21 21 14 14 14 18 20 20 20 20 24 20 20 10
 1 1 1 1 1 3 3 3 3 3 14 11 11 12 25 25 33 33 22 21 21 10 7 7 6 6 8 10 10 14 25 25 22 22 20 15 15 16 15 15 21 21 25 20 20 15
 1 1 1 1 1 3 3 3 3 3 14 11 11 12 25 25 33 33 22 21 21 10 7 7 6 6 8 10 10 14 25 25 22 22 20 15 15 16 15 15 21 21 25 20 20 15
 1 1 1 1 1 3 3 3 2 2 5 11 11 10 12 12 22 22 23 20 20 12 9 9 9 9 11 15 15 15 21 21 17 17 20 14 14 14 14 14 18 18 22 18 18 16
 1 1 1 2 2 7 7 7 6 6 9 10 10 8 7 7 16 16 11 17 17 11 6 6 7 7 9 12 12 10 18 18 17 17 20 13 13 13 21 21 23 23 23 19 19 14
 1 1 1 2 2 7 7 7 6 6 9 10 10 8 7 7 16 16 11 17 17 11 6 6 7 7 9 12 12 10 18 18 17 17 20 13 13 13 21 21 23 23 23 19 19 14
 1 1 1 2 2 4 12 12 10 10 9 8 8 10 4 4 9 9 8 10 10 7 7 7 5 5 7 8 8 8 14 14 13 13 15 16 16 17 24 24 22 22 24 23 23 16
 1 1 1 2 2 4 12 12 10 10 9 8 8 10 4 4 9 9 8 10 10 7 7 7 5 5 7 8 8 8 14 14 13 13 15 16 16 17 24 24 22 22 24 23 23 16
 2 2 2 2 2 2 5 5 8 8 6 5 5 5 2 2 7 7 7 11 11 9 11 11 8 8 7 8 8 5 7 7 8 8 12 16 16 18 16 16 14 14 17 18 18 13
 3 3 3 2 2 2 2 2 3 3 3 4 4 3 3 3 10 10 11 16 16 16 14 14 10 10 7 7 7 6 4 4 9 9 19 22 22 16 15 15 10 10 11 14 14 10
 3 3 3 2 2 2 2 2 3 3 3 4 4 3 3 3 10 10 11 16 16 16 14 14 10 10 7 7 7 6 4 4 9 9 19 22 22 16 15 15 10 10 11 14 14 10
 3 3 3 2 2 2 2 2 1 1 2 2 2 2 2 2 12 12 11 21 21 20 16 16 12 12 10 4 4 6 4 4 5 5 5 6 6 16 11 11 10 10 13 10 10 10
 3 3 3 2 2 1 1 1 1 1 1 2 2 3 4 4 8 8 11 16 16 21 10 10 9 9 7 3 3 8 3 3 5 5 4 5 5 5 8 8 10 10 10 9 9 10
 3 3 3 2 2 1 1 1 1 1 1 2 2 3 4 4 8 8 11 16 16 21 10 10 9 9 7 3 3 8 3 3 5 5 4 5 5 5 8 8 10 10 10 9 9 10
 2 2 1 2 2 1 2 2 1 1 1 2 2 2 5 5 5 5 8 12 12 11 10 10 12 12 9 3 3 6 2 2 2 2 2 2 2 1 8 8 8 8 9 2 2 2
 2 2 1 2 2 1 2 2 1 1 1 2 2 2 5 5 5 5 8 12 12 11 10 10 12 12 9 3 3 6 2 2 2 2 2 2 2 1 8 8 8 8 9 2 2 2
 4 4 3 2 2 1 1 1 1 1 2 2 2 2 2 2 5 5 6 11 11 9 9 9 8 8 5 0 0 1 1 1 2 2 1 2 2 1 4 4 2 2 1 1 1 1
 3 3 3 1 1 2 2 2 1 1 2 2 2 1 2 2 3 3 2 7 7 9 9 9 4 4 5 1 1 1 2 2 2 2 1 1 1 1 2 2 1 1 1 1 1 1
 3 3 3 1 1 2 2 2 1 1 2 2 2 1 2 2 3 3 2 7 7 9 9 9 4 4 5 1 1 1 2 2 2 2 1 1 1 1 2 2 1 1 1 1 1 1
 2 2 2 2 2 2 1 1 1 1 1 2 2 2 2 2 3 3 4 1 1 8 7 7 4 4 5 2 2 2 2 2 1 1 3 3 3 3 2 2 1 1 2 2 2 1
 1 1 3 3 3 2 1 1 1 1 1 2 2 4 4 4 5 5 5 1 1 6 8 8 12 12 13 3 3 2 2 2 1 1 1 3 3 0 1 1 1 1 3 1 1 1
 1 1 3 3 3 2 1 1 1 1 1 2 2 4 4 4 5 5 5 1 1 6 8 8 12 12 13 3 3 2 2 2 1 1 1 3 3 0 1 1 1 1 3 1 1 1
 1 1 3 1 1 2 2 2 2 2 1 4 4 4 5 5 5 5 4 2 2 4 6 6 7 7 13 5 5 1 0 0 0 0 0 0 0 0 0 0 0 0 1 2 2 2
 1 1 3 1 1 2 2 2 2 2 1 4 4 4 5 5 5 5 4 2 2 4 6 6 7 7 13 5 5 1 0 0 0 0 0 0 0 0 0 0 0 0 1 2 2 2
 2 2 2 3 3 3 3 3 3 3 2 6 6 5 5 5 4 4 4 2 2 1 6 6 8 8 4 3 3 1 0 0 0 0 0 0 0 0 1 1 4 4 1 2 2 1
 1 1 1 1 1 2 2 2 4 4 6 5 5 7 7 7 5 5 5 5 5 10 5 5 6 6 4 4 4 2 0 0 0 0 0 0 0 1 2 2 3 3 2 2 2 3
 1 1 1 1 1 2 2 2 4 4 6 5 5 7 7 7 5 5 5 5 5 10 5 5 6 6 4 4 4 2 0 0 0 0 0 0 0 1 2 2 3 3 2 2 2 3
 0 0 2 1 1 1 2 2 3 3 7 9 9 10 8 8 13 13 4 8 8 12 5 5 4 4 5 5 5 2 2 2 3 3 4 2 2 4 5 5 6 6 7 7 7 8
 0 0 1 1 1 2 3 3 5 5 7 10 10 11 8 8 9 9 3 9 9 6 8 8 15 15 5 7 7 7 9 9 12 12 13 10 10 6 7 7 7 7 7 6 6 6
 0 0 1 1 1 2 3 3 5 5 7 10 10 11 8 8 9 9 3 9 9 6 8 8 15 15 5 7 7 7 9 9 12 12 13 10 10 6 7 7 7 7 7 6 6 6
 1 1 2 2 2 2 3 3 3 3 5 9 9 10 5 5 4 4 5 6 6 6 8 8 7 7 7 9 9 11 11 11 14 14 15 13 13 6 5 5 5 5 5 3 3 3
 1 1 2 2 2 2 3 3 3 3 5 9 9 10 5 5 4 4 5 6 6 6 8 8 7 7 7 9 9 11 11 11 14 14 15 13 13 6 5 5 5 5 5 3 3 3
 1 1 1 1 1 2 2 2 3 3 5 6 6 4 4 4 4 4 7 6 6 5 8 8 7 7 8 9 9 13 15 15 14 14 14 11 11 3 3 3 3 3 3 2 2 1
 0 0 0 0 0 0 2 2 3 3 4 8 8 4 4 4 3 3 7 7 7 6 3 3 6 6 4 5 5 8 8 8 6 6 4 2 2 1 3 3 3 3 1 1 1 0
 0 0 0 0 0 0 2 2 3 3 4 8 8 4 4 4 3 3 7 7 7 6 3 3 6 6 4 5 5 8 8 8 6 6 4 2 2 1 3 3 3 3 1 1 1 0
 0 0 0 0 0 0 1 1 1 1 1 4 4 3 3 3 4 4 6 6 6 6 3 3 4 4 3 3 3 4 1 1 2 2 1 1 1 2 2 2 2 2 0 0 0 0
 0 0 0 0 0 0 1 1 1 1 0 1 1 3 3 3 5 5 3 4 4 3 2 2 3 3 0 1 1 3 3 3 3 3 1 3 3 3 5 5 5 5 0 0 0 0
 0 0 0 0 0 0 1 1 1 1 0 1 1 3 3 3 5 5 3 4 4 3 2 2 3 3 0 1 1 3 3 3 3 3 1 3 3 3 5 5 5 5 0 0 0 0
 0 0 0 0 0 1 0 0 0 0 1 2 2 2 3 3 4 4 4 4 4 4 3 3 5 5 3 2 2 3 4 4 4 4 2 4 4 4 6 6 2 2 2 0 0 0
 0 0 0 0 0 1 0 0 0 0 1 2 2 2 3 3 4 4 4 4 4 4 3 3 5 5 3 2 2 3 4 4 4 4 2 4 4 4 6 6 2 2 2 0 0 0
 0 0 0 0 0 0 0 0 0 0 0 1 1 1 3 3 2 2 3 2 2 5 5 5 7 7 4 1 1 1 2 2 4 4 5 4 4 4 2 2 1 1 0 0 0 0
 0 0 0 0 0 0 0 0 0 0 0 1 1 1 2 2 2 2 1 2 2 3 4 4 3 3 2 2 2 1 1 1 3 3 4 6 6 7 4 4 2 2 1 0 0 0
 0 0 0 0 0 0 0 0 0 0 0 1 1 1 2 2 2 2 1 2 2 3 4 4 3 3 2 2 2 1 1 1 3 3 4 6 6 7 4 4 2 2 1 0 0 0
 0 0 0 0 0 0 0 0 0 0 0 0 0 1 1 1 1 1 1 1 1 2 4 4 3 3 5 8 8 3 1 1 1 1 3 4 4 3 2 2 1 1 2 1 1 1
 0 0 0 0 0 0 0 0 0 0 0 0 0 1 1 1 1 1 1 1 1 1 3 3 3 3 5 8 8 9 2 2 2 2 2 2 2 3 2 2 2 2 3 1 1 1
