assets/RAT_results/precipitation/2021-10-24_IMERG.asc
ncols        46
nrows        77
xllcorner    74.800261325624
yllcorner    8.058333333333
cellsize     0.062500000000
NODATA_value -9999
 9 9 10 9 9 15 21 21 33 33 38 27 27 15 9 9 3 3 3 8 8 9 12 12 9 9 9 7 7 10 8 8 3 3 3 4 4 2 2 2 4 4 6 6 6 7
 10 10 14 15 15 13 19 19 33 33 34 28 28 26 10 10 3 3 5 8 8 7 9 9 11 11 12 12 12 12 9 9 7 7 6 7 7 5 3 3 5 5 8 6 6 7
 10 10 14 15 15 13 19 19 33 33 34 28 28 26 10 10 3 3 5 8 8 7 9 9 11 11 12 12 12 12 9 9 7 7 6 7 7 5 3 3 5 5 8 6 6 7
 13 13 15 16 16 15 21 21 24 24 39 29 29 22 10 10 11 11 13 10 10 10 16 16 11 11 12 17 17 22 22 22 12 12 8 8 8 7 4 4 6 6 4 5 5 6
 14 14 20 22 22 18 24 24 30 30 47 42 42 33 12 12 12 12 10 12 12 10 32 32 32 32 28 29 29 24 24 24 13 13 9 9 9 8 6 6 3 3 3 4 4 5
 14 14 20 22 22 18 24 24 30 30 47 42 42 33 12 12 12 12 10 12 12 10 32 32 32 32 28 29 29 24 24 24 13 13 9 9 9 8 6 6 3 3 3 4 4 5
 10 10 18 21 21 17 19 19 24 24 33 45 45 46 15 15 12 12 21 19 19 39 32 32 34 34 26 32 32 31 24 24 14 14 11 13 13 9 6 6 3 3 2 3 3 4
 10 10 18 21 21 17 19 19 24 24 33 45 45 46 15 15 12 12 21 19 19 39 32 32 34 34 26 32 32 31 24 24 14 14 11 13 13 9 6 6 3 3 2 3 3 4
 10 10 11 17 17 15 15 15 17 17 18 25 25 28 14 14 21 21 27 21 21 43 47 47 50 50 36 36 36 39 29 29 41 41 24 15 15 11 7 7 3 3 2 2 2 3
 9 9 4 21 21 18 17 17 18 18 20 20 20 31 41 41 20 20 31 22 22 39 34 34 42 42 36 37 37 50 45 45 46 46 28 24 24 19 13 13 5 5 3 1 1 1
 9 9 4 21 21 18 17 17 18 18 20 20 20 31 41 41 20 20 31 22 22 39 34 34 42 42 36 37 37 50 45 45 46 46 28 24 24 19 13 13 5 5 3 1 1 1
 2 2 5 16 16 20 23 23 22 22 20 30 30 17 26 26 23 23 15 20 20 32 31 31 41 41 35 36 36 27 29 29 31 31 27 26 26 24 15 15 6 6 4 2 2 1
 2 2 3 16 16 19 21 21 22 22 22 18 18 17 18 18 14 14 18 21 21 21 28 28 31 31 27 22 22 23 27 27 28 28 22 23 23 26 14 14 7 7 4 2 2 6
 2 2 3 16 16 19 21 21 22 22 22 18 18 17 18 18 14 14 18 21 21 21 28 28 31 31 27 22 22 23 27 27 28 28 22 23 23 26 14 14 7 7 4 2 2 6
 2 2 2 13 13 11 21 21 21 21 18 19 19 18 19 19 22 22 14 20 20 21 29 29 33 33 26 11 11 12 14 14 15 15 18 20 20 23 15 15 10 10 6 6 6 6
 2 2 2 13 13 11 21 21 21 21 18 19 19 18 19 19 22 22 14 20 20 21 29 29 33 33 26 11 11 12 14 14 15 15 18 20 20 23 15 15 10 10 6 6 6 6
 2 2 2 6 6 12 19 19 12 12 17 16 16 15 23 23 21 21 14 11 11 18 21 21 22 22 18 10 10 12 17 17 13 13 13 12 12 14 15 15 9 9 7 6 6 10
 2 2 2 2 2 7 9 9 10 10 16 17 17 21 19 19 18 18 22 15 15 19 24 24 14 14 12 8 8 8 8 8 10 10 10 10 10 8 13 13 18 18 8 6 6 10
 2 2 2 2 2 7 9 9 10 10 16 17 17 21 19 19 18 18 22 15 15 19 24 24 14 14 12 8 8 8 8 8 10 10 10 10 10 8 13 13 18 18 8 6 6 10
 2 2 2 2 2 5 5 5 10 10 12 15 15 20 20 20 20 20 34 15 15 22 21 21 19 19 14 12 12 8 7 7 9 9 9 9 9 7 7 7 12 12 6 9 9 23
 2 2 2 4 4 5 5 5 9 9 8 15 15 17 19 19 18 18 16 24 24 26 24 24 27 27 21 19 19 16 13 13 13 13 12 11 11 7 6 6 7 7 7 12 12 10
 2 2 2 4 4 5 5 5 9 9 8 15 15 17 19 19 18 18 16 24 24 26 24 24 27 27 21 19 19 16 13 13 13 13 12 11 11 7 6 6 7 7 7 12 12 10
 1 1 2 4 4 5 5 5 6 6 6 7 7 12 14 14 13 13 19 19 19 25 31 31 27 27 24 25 25 33 22 22 29 29 16 14 14 10 9 9 8 8 11 13 13 12
 1 1 2 4 4 5 5 5 6 6 6 7 7 12 14 14 13 13 19 19 19 25 31 31 27 27 24 25 25 33 22 22 29 29 16 14 14 10 9 9 8 8 11 13 13 12
 1 1 2 3 3 3 4 4 6 6 6 7 7 11 12 12 11 11 10 11 11 13 26 26 33 33 22 24 24 30 19 19 28 28 18 16 16 14 12 12 9 9 13 15 15 14
 1 1 1 6 6 6 7 7 4 4 4 7 7 6 9 9 8 8 7 7 7 12 17 17 37 37 37 33 33 23 17 17 18 18 17 15 15 14 12 12 11 11 12 14 14 13
 1 1 1 6 6 6 7 7 4 4 4 7 7 6 9 9 8 8 7 7 7 12 17 17 37 37 37 33 33 23 17 17 18 18 17 15 15 14 12 12 11 11 12 14 14 13
 1 1 2 1 1 5 6 6 2 2 3 4 4 6 7 7 7 7 6 6 6 8 10 10 13 13 34 42 42 26 16 16 15 15 15 14 14 14 14 14 14 14 10 11 11 14
 4 4 1 0 0 1 1 1 1 1 1 2 2 2 3 3 5 5 5 5 5 5 6 6 7 7 28 38 38 23 15 15 14 14 13 13 13 12 11 11 13 13 11 12 12 9
 4 4 1 0 0 1 1 1 1 1 1 2 2 2 3 3 5 5 5 5 5 5 6 6 7 7 28 38 38 23 15 15 14 14 13 13 13 12 11 11 13 13 11 12 12 9
 3 3 1 0 0 0 0 0 0 0 1 3 3 2 4 4 6 6 11 11 11 7 4 4 5 5 5 19 19 19 10 10 9 9 9 9 9 9 8 8 7 7 8 10 10 14
 3 3 1 0 0 0 0 0 0 0 1 3 3 2 4 4 6 6 11 11 11 7 4 4 5 5 5 19 19 19 10 10 9 9 9 9 9 9 8 8 7 7 8 10 10 14
 1 1 0 0 0 0 0 0 1 1 1 1 1 2 3 3 7 7 6 5 5 7 8 8 12 12 4 6 6 6 7 7 7 7 8 8 8 8 8 8 9 9 8 11 11 14
 0 0 0 0 0 0 0 0 1 1 1 1 1 1 2 2 3 3 5 3 3 8 8 8 6 6 6 9 9 6 7 7 8 8 9 10 10 9 9 9 11 11 11 10 10 9
 0 0 0 0 0 0 0 0 1 1 1 1 1 1 2 2 3 3 5 3 3 8 8 8 6 6 6 9 9 6 7 7 8 8 9 10 10 9 9 9 11 11 11 10 10 9
 0 0 0 0 0 0 0 0 0 0 0 0 0 0 1 1 1 1 4 3 3 3 3 3 6 6 8 12 12 6 13 13 8 8 10 9 9 10 10 10 16 16 17 19 19 12
 1 1 0 0 0 0 0 0 0 0 0 0 0 0 0 0 1 1 1 3 3 4 3 3 4 4 10 25 25 10 19 19 13 13 9 9 9 11 12 12 18 18 20 22 22 22
 1 1 0 0 0 0 0 0 0 0 0 0 0 0 0 0 1 1 1 3 3 4 3 3 4 4 10 25 25 10 19 19 13 13 9 9 9 11 12 12 18 18 20 22 22 22
 3 3 0 0 0 0 0 0 0 0 0 0 0 0 0 0 1 1 1 2 2 3 5 5 6 6 7 23 23 25 14 14 17 17 11 9 9 15 14 14 18 18 20 21 21 23
 3 3 0 0 0 0 0 0 0 0 0 0 0 0 0 0 1 1 1 2 2 3 5 5 6 6 7 23 23 25 14 14 17 17 11 9 9 15 14 14 18 18 20 21 21 23
 0 0 0 0 0 0 0 0 0 0 0 0 0 0 0 0 1 1 2 3 3 3 4 4 5 5 7 9 9 12 9 9 13 13 20 16 16 14 16 16 20 20 20 24 24 36
 0 0 0 0 0 0 0 0 0 0 0 0 0 0 0 0 1 1 3 2 2 3 5 5 5 5 4 6 6 7 12 12 12 12 20 15 15 17 28 28 19 19 23 23 23 28
 0 0 0 0 0 0 0 0 0 0 0 0 0 0 0 0 1 1 3 2 2 3 5 5 5 5 4 6 6 7 12 12 12 12 20 15 15 17 28 28 19 19 23 23 23 28
 0 0 0 0 0 0 0 0 0 0 0 0 0 0 1 1 0 0 1 2 2 3 4 4 6 6 3 7 7 7 10 10 14 14 15 10 10 17 20 20 33 33 21 28 28 34
 0 0 0 0 0 0 0 0 0 0 0 0 0 2 5 5 0 0 0 1 1 1 3 3 3 3 4 4 4 7 8 8 11 11 11 10 10 11 14 14 16 16 17 19 19 23
 0 0 0 0 0 0 0 0 0 0 0 0 0 2 5 5 0 0 0 1 1 1 3 3 3 3 4 4 4 7 8 8 11 11 11 10 10 11 14 14 16 16 17 19 19 23
 0 0 0 0 0 0 1 1 1 1 0 0 0 0 3 3 2 2 0 1 1 1 1 1 1 1 2 4 4 4 10 10 7 7 6 6 6 8 9 9 10 10 15 17 17 20
 0 0 0 0 0 0 1 1 1 1 0 0 0 0 3 3 2 2 0 1 1 1 1 1 1 1 2 4 4 4 10 10 7 7 6 6 6 8 9 9 10 10 15 17 17 20
 0 0 0 0 0 1 1 1 1 1 1 0 0 0 0 0 0 0 0 1 1 1 1 1 2 2 2 1 1 4 9 9 16 16 7 4 4 5 6 6 8 8 8 13 13 13
 0 0 0 0 0 1 1 1 1 1 1 0 0 1 1 1 2 2 0 1 1 4 1 1 1 1 2 1 1 2 5 5 8 8 7 8 8 4 6 6 7 7 8 11 11 13
 0 0 0 0 0 1 1 1 1 1 1 0 0 1 1 1 2 2 0 1 1 4 1 1 1 1 2 1 1 2 5 5 8 8 7 8 8 4 6 6 7 7 8 11 11 13
 2 2 1 1 1 2 1 1 2 2 0 1 1 1 1 1 0 0 1 2 2 4 2 2 0 0 2 1 1 1 3 3 5 5 9 6 6 10 4 4 8 8 9 8 8 10
 4 4 4 3 3 2 1 1 2 2 1 1 1 1 1 1 1 1 1 2 2 2 0 0 0 0 1 1 1 1 1 1 2 2 3 3 3 4 3 3 4 4 8 6 6 2
 4 4 4 3 3 2 1 1 2 2 1 1 1 1 1 1 1 1 1 2 2 2 0 0 0 0 1 1 1 1 1 1 2 2 3 3 3 4 3 3 4 4 8 6 6 2
 5 5 4 5 5 2 2 2 2 2 1 1 1 2 2 2 3 3 2 2 2 3 2 2 1 1 1 1 1 0 1 1 1 1 1 1 1 1 2 2 6 6 4 3 3 1
 5 5 4 5 5 2 2 2 2 2 1 1 1 2 2 2 3 3 2 2 2 3 2 2 1 1 1 1 1 0 1 1 1 1 1 1 1 1 2 2 6 6 4 3 3 1
 6 6 5 6 6 3 3 3 2 2 1 1 1 1 2 2 2 2 3 3 3 2 2 2 4 4 4 2 2 2 2 2 0 0 0 0 0 0 1 1 7 7 2 4 4 1
 2 2 2 6 6 3 3 3 2 2 1 1 1 1 1 1 1 1 3 3 3 4 5 5 4 4 7 4 4 3 1 1 1 1 1 0 0 0 0 0 2 2 3 5 5 8
 2 2 2 6 6 3 3 3 2 2 1 1 1 1 1 1 1 1 3 3 3 4 5 5 4 4 7 4 4 3 1 1 1 1 1 0 0 0 0 0 2 2 3 5 5 8
 3 3 2 3 3 2 2 2 1 1 1 1 1 1 0 0 0 0 2 3 3 3 4 4 4 4 8 5 5 3 2 2 2 2 1 1 1 0 0 0 0 0 3 3 3 5
 8 8 9 3 3 2 2 2 0 0 0 0 0 0 0 0 1 1 0 1 1 2 3 3 2 2 2 2 2 2 2 2 2 2 1 1 1 0 0 0 0 0 0 1 1 3
 8 8 9 3 3 2 2 2 0 0 0 0 0 0 0 0 1 1 0 1 1 2 3 3 2 2 2 2 2 2 2 2 2 2 1 1 1 0 0 0 0 0 0 1 1 3
 6 6 9 3 3 3 2 2 0 0 0 0 0 0 0 0 0 0 0 1 1 1 1 1 0 0 1 1 1 1 2 2 2 2 1 1 1 1 0 0 0 0 0 1 1 3
 6 6 9 3 3 3 2 2 0 0 0 0 0 0 0 0 0 0 0 1 1 1 1 1 0 0 1 1 1 1 2 2 2 2 1 1 1 1 0 0 0 0 0 1 1 3
 7 7 7 3 3 3 1 1 0 0 0 0 0 0 0 0 0 0 0 0 0 0 0 0 0 0 1 1 1 1 1 1 2 2 1 1 1 1 1 1 2 2 2 1 1 2
 3 3 3 3 3 2 0 0 1 1 0 0 0 0 0 0 0 0 0 0 0 0 0 0 0 0 1 1 1 1 1 1 2 2 2 2 2 2 3 3 3 3 3 3 3 3
 3 3 3 3 3 2 0 0 1 1 0 0 0 0 0 0 0 0 0 0 0 0 0 0 0 0 1 1 1 1 1 1 2 2 2 2 2 2 3 3 3 3 3 3 3 3
 5 5 6 5 5 3 0 0 1 1 0 0 0 0 0 0 1 1 1 1 1 1 1 1 1 1 1 1 1 1 1 1 2 2 2 1 1 2 2 2 3 3 3 3 3 2
 2 2 4 5 5 6 3 3 2 2 1 0 0 0 0 0 0 0 0 1 1 1 1 1 2 2 2 1 1 1 2 2 2 2 2 1 1 1 2 2 2 2 2 3 3 2
 2 2 4 5 5 6 3 3 2 2 1 0 0 0 0 0 0 0 0 1 1 1 1 1 2 2 2 1 1 1 2 2 2 2 2 1 1 1 2 2 2 2 2 3 3 2
 4 4 2 3 3 2 4 4 3 3 1 1 1 0 0 0 0 0 1 1 1 1 1 1 3 3 3 3 3 2 4 4 2 2 2 2 2 2 2 2 1 1 2 2 2 2
 4 4 2 3 3 2 4 4 3 3 1 1 1 0 0 0 0 0 1 1 1 1 1 1 3 3 3 3 3 2 4 4 2 2 2 2 2 2 2 2 1 1 2 2 2 2
 2 2 3 1 1 1 1 1 1 1 1 0 0 1 0 0 0 0 1 1 1 1 1 1 2 2 3 6 6 5 4 4 4 4 6 6 6 7 6 6 6 6 4 3 3 4
 1 1 1 1 1 1 1 1 1 1 1 1 1 1 1 1 1 1 1 2 2 2 1 1 1 1 2 4 4 6 3 3 3 3 5 5 5 12 14 14 17 17 11 7 7 8
 1 1 1 1 1 1 1 1 1 1 1 1 1 1 1 1 1 1 1 2 2 2 1 1 1 1 2 4 4 6 3 3 3 3 5 5 5 12 14 14 17 17 11 7 7 8
 1 1 1 2 2 2 2 2 2 2 1 1 1 1 1 1 1 1 1 1 1 2 1 1 2 2 2 3 3 27 2 2 1 1 2 1 1 2 3 3 4 4 3 2 2 2
 1 1 3 2 2 3 2 2 3 3 1 1 1 3 1 1 1 1 1 2 2 2 4 4 3 3 2 1 1 24 1 1 0 0 1 1 1 1 0 0 1 1 1 1 1 0
