assets/RAT_results/precipitation/2021-07-13_IMERG.asc
ncols        46
nrows        77
xllcorner    74.800261325624
yllcorner    8.058333333333
cellsize     0.062500000000
NODATA_value -9999
 62 62 44 38 38 36 50 50 57 57 61 71 71 54 49 49 49 49 36 23 23 38 35 35 25 25 15 15 15 13 11 11 7 7 9 8 8 7 6 6 6 6 5 4 4 7
 59 59 48 45 45 43 58 58 63 63 65 69 69 61 51 51 52 52 36 24 24 27 16 16 12 12 7 15 15 8 8 8 4 4 5 5 5 6 2 2 2 2 2 2 2 1
 59 59 48 45 45 43 58 58 63 63 65 69 69 61 51 51 52 52 36 24 24 27 16 16 12 12 7 15 15 8 8 8 4 4 5 5 5 6 2 2 2 2 2 2 2 1
 68 68 52 45 45 39 54 54 63 63 74 72 72 58 43 43 30 30 28 16 16 15 7 7 11 11 9 9 9 9 5 5 4 4 3 2 2 3 3 3 2 2 1 1 1 1
 49 49 47 42 42 38 36 36 50 50 60 62 62 39 41 41 26 26 22 13 13 12 5 5 5 5 8 7 7 7 6 6 4 4 4 2 2 3 2 2 2 2 2 1 1 1
 49 49 47 42 42 38 36 36 50 50 60 62 62 39 41 41 26 26 22 13 13 12 5 5 5 5 8 7 7 7 6 6 4 4 4 2 2 3 2 2 2 2 2 1 1 1
 32 32 33 40 40 28 22 22 26 26 27 30 30 27 40 40 27 27 19 9 9 6 4 4 4 4 7 7 7 8 5 5 3 3 4 3 3 2 2 2 2 2 2 2 2 1
 32 32 33 40 40 28 22 22 26 26 27 30 30 27 40 40 27 27 19 9 9 6 4 4 4 4 7 7 7 8 5 5 3 3 4 3 3 2 2 2 2 2 2 2 2 1
 27 27 43 42 42 25 19 19 25 25 26 32 32 32 26 26 25 25 24 8 8 6 6 6 4 4 6 5 5 6 5 5 2 2 3 2 2 4 3 3 3 3 3 2 2 2
 22 22 40 40 40 31 20 20 18 18 34 46 46 37 38 38 28 28 17 12 12 9 9 9 8 8 8 9 9 5 7 7 5 5 5 11 11 13 4 4 4 4 4 1 1 1
 22 22 40 40 40 31 20 20 18 18 34 46 46 37 38 38 28 28 17 12 12 9 9 9 8 8 8 9 9 5 7 7 5 5 5 11 11 13 4 4 4 4 4 1 1 1
 19 19 21 27 27 38 18 18 25 25 27 37 37 42 35 35 21 21 21 13 13 13 9 9 11 11 9 6 6 4 6 6 7 7 4 4 4 5 6 6 4 4 2 1 1 1
 11 11 14 21 21 31 14 14 27 27 26 33 33 34 36 36 34 34 26 21 21 18 12 12 15 15 11 9 9 6 5 5 2 2 3 3 3 4 6 6 4 4 2 1 1 2
 11 11 14 21 21 31 14 14 27 27 26 33 33 34 36 36 34 34 26 21 21 18 12 12 15 15 11 9 9 6 5 5 2 2 3 3 3 4 6 6 4 4 2 1 1 2
 10 10 12 24 24 26 27 27 24 24 28 36 36 41 41 41 40 40 36 27 27 18 10 10 13 13 23 26 26 13 4 4 2 2 1 2 2 2 5 5 3 3 2 2 2 3
 10 10 12 24 24 26 27 27 24 24 28 36 36 41 41 41 40 40 36 27 27 18 10 10 13 13 23 26 26 13 4 4 2 2 1 2 2 2 5 5 3 3 2 2 2 3
 7 7 12 14 14 20 21 21 28 28 28 39 39 35 31 31 39 39 24 25 25 18 19 19 17 17 27 23 23 11 6 6 5 5 2 3 3 4 7 7 4 4 3 1 1 3
 7 7 5 13 13 21 22 22 26 26 26 40 40 39 38 38 42 42 39 37 37 23 16 16 17 17 26 24 24 23 18 18 17 17 3 2 2 5 3 3 6 6 6 5 5 1
 7 7 5 13 13 21 22 22 26 26 26 40 40 39 38 38 42 42 39 37 37 23 16 16 17 17 26 24 24 23 18 18 17 17 3 2 2 5 3 3 6 6 6 5 5 1
 11 11 4 9 9 15 13 13 16 16 20 28 28 20 43 43 31 31 32 42 42 38 26 26 15 15 11 15 15 10 17 17 18 18 3 3 3 4 4 4 6 6 5 3 3 3
 8 8 6 6 6 8 12 12 17 17 19 29 29 24 25 25 27 27 29 42 42 50 32 32 27 27 9 12 12 10 4 4 3 3 2 2 2 4 3 3 9 9 9 4 4 5
 8 8 6 6 6 8 12 12 17 17 19 29 29 24 25 25 27 27 29 42 42 50 32 32 27 27 9 12 12 10 4 4 3 3 2 2 2 4 3 3 9 9 9 4 4 5
 6 6 9 14 14 6 9 9 13 13 16 22 22 32 35 35 32 32 32 44 44 40 29 29 17 17 6 6 6 7 6 6 3 3 1 6 6 5 5 5 3 3 8 4 4 3
 6 6 9 14 14 6 9 9 13 13 16 22 22 32 35 35 32 32 32 44 44 40 29 29 17 17 6 6 6 7 6 6 3 3 1 6 6 5 5 5 3 3 8 4 4 3
 3 3 7 10 10 4 6 6 12 12 14 26 26 36 31 31 39 39 30 38 38 39 30 30 23 23 5 6 6 6 4 4 8 8 6 3 3 3 3 3 3 3 3 2 2 2
 3 3 3 13 13 11 5 5 11 11 19 20 20 31 40 40 44 44 33 31 31 41 26 26 31 31 13 8 8 5 3 3 4 4 6 3 3 3 2 2 1 1 3 3 3 5
 3 3 3 13 13 11 5 5 11 11 19 20 20 31 40 40 44 44 33 31 31 41 26 26 31 31 13 8 8 5 3 3 4 4 6 3 3 3 2 2 1 1 3 3 3 5
 3 3 1 13 13 15 25 25 12 12 21 34 34 24 31 31 36 36 34 28 28 33 26 26 29 29 20 9 9 8 8 8 4 4 3 0 0 0 0 0 3 3 3 2 2 3
 2 2 1 1 1 4 12 12 12 12 8 17 17 35 35 35 35 35 33 42 42 44 27 27 29 29 25 8 8 7 5 5 5 5 0 0 0 0 0 0 1 1 2 1 1 1
 2 2 1 1 1 4 12 12 12 12 8 17 17 35 35 35 35 35 33 42 42 44 27 27 29 29 25 8 8 7 5 5 5 5 0 0 0 0 0 0 1 1 2 1 1 1
 3 3 1 1 1 4 8 8 13 13 8 13 13 17 29 29 34 34 42 43 43 43 44 44 21 21 22 17 17 20 10 10 4 4 3 1 1 1 2 2 2 2 3 1 1 1
 3 3 1 1 1 4 8 8 13 13 8 13 13 17 29 29 34 34 42 43 43 43 44 44 21 21 22 17 17 20 10 10 4 4 3 1 1 1 2 2 2 2 3 1 1 1
 3 3 1 1 1 1 3 3 3 3 4 8 8 11 15 15 25 25 34 44 44 37 29 29 29 29 27 38 38 18 9 9 5 5 4 3 3 5 6 6 3 3 3 2 2 1
 3 3 1 1 1 1 1 1 1 1 5 9 9 11 15 15 24 24 31 47 47 36 36 36 26 26 27 43 43 21 21 21 6 6 5 4 4 1 2 2 3 3 3 2 2 2
 3 3 1 1 1 1 1 1 1 1 5 9 9 11 15 15 24 24 31 47 47 36 36 36 26 26 27 43 43 21 21 21 6 6 5 4 4 1 2 2 3 3 3 2 2 2
 3 3 3 3 3 2 1 1 2 2 3 8 8 6 9 9 16 16 29 42 42 38 36 36 31 31 36 33 33 9 16 16 6 6 8 11 11 10 7 7 3 3 5 4 4 2
 3 3 3 3 3 2 2 2 2 2 3 3 3 4 5 5 9 9 15 23 23 30 33 33 24 24 28 35 35 12 12 12 16 16 16 19 19 13 8 8 5 5 5 6 6 4
 3 3 3 3 3 2 2 2 2 2 3 3 3 4 5 5 9 9 15 23 23 30 33 33 24 24 28 35 35 12 12 12 16 16 16 19 19 13 8 8 5 5 5 6 6 4
 2 2 2 1 1 1 1 1 2 2 2 2 2 3 2 2 3 3 27 32 32 33 28 28 22 22 20 21 21 27 27 27 30 30 30 20 20 16 19 19 19 19 22 12 12 8
 2 2 2 1 1 1 1 1 2 2 2 2 2 3 2 2 3 3 27 32 32 33 28 28 22 22 20 21 21 27 27 27 30 30 30 20 20 16 19 19 19 19 22 12 12 8
 1 1 1 1 1 1 1 1 1 1 3 2 2 2 2 2 3 3 28 32 32 31 25 25 24 24 16 47 47 46 53 53 39 39 39 33 33 31 23 23 23 23 22 11 11 10
 0 0 0 0 0 1 1 1 2 2 2 2 2 2 10 10 16 16 26 36 36 46 28 28 22 22 25 49 49 45 61 61 48 48 51 43 43 24 18 18 14 14 16 6 6 6
 0 0 0 0 0 1 1 1 2 2 2 2 2 2 10 10 16 16 26 36 36 46 28 28 22 22 25 49 49 45 61 61 48 48 51 43 43 24 18 18 14 14 16 6 6 6
 0 0 0 0 0 1 1 1 1 1 2 2 2 2 2 2 2 2 9 34 34 42 32 32 21 21 19 36 36 46 56 56 42 42 40 39 39 27 17 17 12 12 7 5 5 3
 0 0 0 0 0 1 1 1 1 1 2 2 2 1 3 3 2 2 4 19 19 32 37 37 28 28 20 64 64 47 60 60 48 48 41 43 43 19 11 11 8 8 3 3 3 1
 0 0 0 0 0 1 1 1 1 1 2 2 2 1 3 3 2 2 4 19 19 32 37 37 28 28 20 64 64 47 60 60 48 48 41 43 43 19 11 11 8 8 3 3 3 1
 0 0 0 1 1 1 0 0 0 0 1 1 1 1 2 2 4 4 4 13 13 32 33 33 27 27 62 68 68 49 28 28 24 24 20 21 21 7 8 8 6 6 2 1 1 1
 0 0 0 1 1 1 0 0 0 0 1 1 1 1 2 2 4 4 4 13 13 32 33 33 27 27 62 68 68 49 28 28 24 24 20 21 21 7 8 8 6 6 2 1 1 1
 0 0 0 0 0 0 0 0 0 0 0 1 1 1 1 1 4 4 3 13 13 31 23 23 23 23 18 21 21 32 24 24 26 26 22 21 21 6 4 4 4 4 1 1 1 2
 0 0 0 0 0 0 0 0 0 0 1 1 1 1 1 1 2 2 1 5 5 26 28 28 26 26 20 16 16 14 10 10 11 11 20 20 20 6 3 3 1 1 1 1 1 1
 0 0 0 0 0 0 0 0 0 0 1 1 1 1 1 1 2 2 1 5 5 26 28 28 26 26 20 16 16 14 10 10 11 11 20 20 20 6 3 3 1 1 1 1 1 1
 0 0 0 1 1 1 1 1 1 1 1 1 1 1 0 0 0 0 1 1 1 25 24 24 21 21 15 3 3 3 9 9 16 16 16 15 15 6 6 6 1 1 1 1 1 0
 0 0 0 1 1 1 1 1 1 1 1 0 0 0 0 0 0 0 0 1 1 3 3 3 2 2 3 1 1 5 3 3 5 5 5 4 4 7 7 7 2 2 1 1 1 0
 0 0 0 1 1 1 1 1 1 1 1 0 0 0 0 0 0 0 0 1 1 3 3 3 2 2 3 1 1 5 3 3 5 5 5 4 4 7 7 7 2 2 1 1 1 0
 0 0 0 0 0 1 1 1 0 0 0 0 0 0 0 0 0 0 0 0 0 1 3 3 4 4 3 2 2 2 1 1 2 2 2 2 2 4 4 4 2 2 2 1 1 0
 0 0 0 0 0 1 1 1 0 0 0 0 0 0 0 0 0 0 0 0 0 1 3 3 4 4 3 2 2 2 1 1 2 2 2 2 2 4 4 4 2 2 2 1 1 0
 0 0 0 0 0 0 0 0 1 1 1 1 1 1 0 0 0 0 0 0 0 1 1 1 3 3 2 1 1 0 0 0 1 1 2 2 2 2 2 2 1 1 1 0 0 0
 0 0 0 0 0 0 1 1 1 1 2 2 2 1 1 1 0 0 0 0 0 0 0 0 1 1 2 1 1 0 0 0 0 0 0 0 0 2 0 0 0 0 0 0 0 0
 0 0 0 0 0 0 1 1 1 1 2 2 2 1 1 1 0 0 0 0 0 0 0 0 1 1 2 1 1 0 0 0 0 0 0 0 0 2 0 0 0 0 0 0 0 0
 0 0 1 1 1 1 1 1 2 2 2 2 2 1 1 1 0 0 0 0 0 0 0 0 0 0 1 0 0 0 0 0 0 0 0 0 0 0 1 1 1 1 0 0 0 0
 1 1 1 1 1 1 2 2 2 2 1 1 1 1 0 0 0 0 0 0 0 0 0 0 0 0 0 0 0 0 0 0 0 0 0 0 0 0 1 1 1 1 0 0 0 1
 1 1 1 1 1 1 2 2 2 2 1 1 1 1 0 0 0 0 0 0 0 0 0 0 0 0 0 0 0 0 0 0 0 0 0 0 0 0 1 1 1 1 0 0 0 1
 0 0 0 1 1 1 1 1 1 1 1 0 0 0 0 0 0 0 0 0 0 0 0 0 0 0 0 1 1 1 0 0 1 1 1 0 0 0 1 1 1 1 1 1 1 1
 0 0 0 1 1 1 1 1 1 1 1 0 0 0 0 0 0 0 0 0 0 0 0 0 0 0 0 1 1 1 0 0 1 1 1 0 0 0 1 1 1 1 1 1 1 1
 0 0 0 0 0 1 1 1 1 1 0 0 0 0 0 0 0 0 0 0 0 0 0 0 0 0 0 0 0 0 0 0 0 0 0 0 0 1 4 4 4 4 3 2 2 1
 0 0 0 0 0 0 1 1 1 1 1 0 0 0 0 0 0 0 0 0 0 0 0 0 0 0 0 0 0 1 0 0 0 0 0 1 1 2 3 3 2 2 1 0 0 0
 0 0 0 0 0 0 1 1 1 1 1 0 0 0 0 0 0 0 0 0 0 0 0 0 0 0 0 0 0 1 0 0 0 0 0 1 1 2 3 3 2 2 1 0 0 0
 0 0 0 1 1 1 0 0 0 0 1 0 0 1 1 1 1 1 0 0 0 0 0 0 0 0 0 0 0 0 0 0 0 0 0 1 1 1 1 1 0 0 0 0 0 0
 0 0 0 0 0 0 0 0 0 0 0 1 1 2 3 3 1 1 0 0 0 1 1 1 1 1 0 0 0 0 0 0 0 0 0 0 0 0 0 0 0 0 0 0 0 0
 0 0 0 0 0 0 0 0 0 0 0 1 1 2 3 3 1 1 0 0 0 1 1 1 1 1 0 0 0 0 0 0 0 0 0 0 0 0 0 0 0 0 0 0 0 0
 0 0 0 0 0 0 1 1 0 0 0 1 1 2 1 1 0 0 0 1 1 1 1 1 1 1 0 0 0 0 0 0 0 0 0 0 0 0 0 0 0 0 0 0 0 0
 0 0 0 0 0 0 1 1 0 0 0 1 1 2 1 1 0 0 0 1 1 1 1 1 1 1 0 0 0 0 0 0 0 0 0 0 0 0 0 0 0 0 0 0 0 0
 0 0 0 0 0 0 0 0 0 0 0 0 0 0 0 0 0 0 1 1 1 1 1 1 1 1 0 0 0 0 0 0 0 0 1 0 0 1 0 0 0 0 0 0 0 0
 0 0 1 1 1 0 0 0 0 0 0 0 0 0 0 0 0 0 0 0 0 0 0 0 0 0 0 0 0 0 0 0 0 0 0 0 0 0 0 0 0 0 0 0 0 0
 0 0 1 1 1 0 0 0 0 0 0 0 0 0 0 0 0 0 0 0 0 0 0 0 0 0 0 0 0 0 0 0 0 0 0 0 0 0 0 0 0 0 0 0 0 0
 0 0 0 0 0 0 1 1 1 1 1 1 1 0 0 0 0 0 0 0 0 0 0 0 0 0 0 0 0 0 0 0 0 0 0 0 0 0 1 1 0 0 0 0 0 0
 0 0 0 0 0 1 1 1 2 2 1 1 1 0 0 0 0 0 0 0 0 0 0 0 0 0 0 0 0 0 0 0 0 0 0 1 1 0 0 0 0 0 0 0 0 0
