assets/RAT_results/precipitation/2021-06-22_IMERG.asc
ncols        46
nrows        77
xllcorner    74.800261325624
yllcorner    8.058333333333
cellsize     0.062500000000
NODATA_value -9999
 10 10 4 2 2 2 4 4 8 8 4 3 3 3 2 2 3 3 1 1 1 1 2 2 1 1 1 1 1 1 1 1 0 0 0 0 0 0 0 0 0 0 0 0 0 1
 5 5 4 2 2 1 2 2 7 7 2 4 4 4 3 3 3 3 1 0 0 0 0 0 1 1 1 0 0 0 0 0 0 0 0 0 0 0 0 0 0 0 1 1 1 1
 5 5 4 2 2 1 2 2 7 7 2 4 4 4 3 3 3 3 1 0 0 0 0 0 1 1 1 0 0 0 0 0 0 0 0 0 0 0 0 0 0 0 1 1 1 1
 5 5 4 4 4 3 1 1 3 3 2 2 2 2 3 3 8 8 1 1 1 0 0 0 0 0 0 0 0 0 0 0 0 0 0 0 0 0 0 0 0 0 1 0 0 1
 3 3 4 7 7 11 14 14 9 9 12 12 12 4 4 4 3 3 1 1 1 1 0 0 0 0 0 0 0 0 0 0 0 0 0 0 0 0 0 0 0 0 0 0 0 0
 3 3 4 7 7 11 14 14 9 9 12 12 12 4 4 4 3 3 1 1 1 1 0 0 0 0 0 0 0 0 0 0 0 0 0 0 0 0 0 0 0 0 0 0 0 0
 3 3 2 4 4 9 13 13 17 17 13 15 15 13 9 9 4 4 1 1 1 1 1 1 1 1 1 0 0 0 0 0 0 0 0 0 0 1 0 0 0 0 0 0 0 0
 3 3 2 4 4 9 13 13 17 17 13 15 15 13 9 9 4 4 1 1 1 1 1 1 1 1 1 0 0 0 0 0 0 0 0 0 0 1 0 0 0 0 0 0 0 0
 3 3 1 6 6 6 7 7 6 6 9 14 14 12 8 8 2 2 1 1 1 1 1 1 1 1 1 2 2 1 0 0 0 0 0 0 0 0 0 0 0 0 0 0 0 0
 4 4 2 3 3 3 4 4 3 3 8 21 21 14 9 9 7 7 5 0 0 1 0 0 0 0 0 0 0 0 0 0 0 0 0 0 0 0 0 0 0 0 0 0 0 1
 4 4 2 3 3 3 4 4 3 3 8 21 21 14 9 9 7 7 5 0 0 1 0 0 0 0 0 0 0 0 0 0 0 0 0 0 0 0 0 0 0 0 0 0 0 1
 1 1 2 4 4 7 10 10 3 3 6 16 16 14 4 4 2 2 4 2 2 0 0 0 0 0 0 0 0 0 0 0 0 0 0 1 1 1 1 1 1 1 0 0 0 0
 2 2 2 4 4 10 10 10 3 3 3 6 6 9 4 4 2 2 8 5 5 0 0 0 0 0 0 0 0 0 0 0 0 0 1 1 1 2 1 1 1 1 0 0 0 0
 2 2 2 4 4 10 10 10 3 3 3 6 6 9 4 4 2 2 8 5 5 0 0 0 0 0 0 0 0 0 0 0 0 0 1 1 1 2 1 1 1 1 0 0 0 0
 2 2 3 4 4 4 3 3 5 5 9 11 11 13 10 10 10 10 9 8 8 2 2 2 3 3 1 0 0 0 0 0 0 0 1 1 1 1 1 1 0 0 0 0 0 0
 2 2 3 4 4 4 3 3 5 5 9 11 11 13 10 10 10 10 9 8 8 2 2 2 3 3 1 0 0 0 0 0 0 0 1 1 1 1 1 1 0 0 0 0 0 0
 1 1 1 2 2 9 2 2 3 3 5 11 11 9 9 9 7 7 5 4 4 5 7 7 14 14 5 3 3 4 1 1 1 1 1 2 2 2 2 2 2 2 1 1 1 1
 2 2 1 1 1 7 2 2 2 2 1 4 4 4 7 7 8 8 11 9 9 4 5 5 12 12 23 6 6 6 2 2 2 2 2 3 3 4 3 3 3 3 3 2 2 3
 2 2 1 1 1 7 2 2 2 2 1 4 4 4 7 7 8 8 11 9 9 4 5 5 12 12 23 6 6 6 2 2 2 2 2 3 3 4 3 3 3 3 3 2 2 3
 1 1 1 1 1 3 1 1 1 1 1 3 3 5 5 5 8 8 24 7 7 7 9 9 11 11 23 8 8 3 3 3 3 3 4 4 4 4 3 3 4 4 4 3 3 4
 1 1 1 3 3 3 0 0 1 1 1 2 2 2 2 2 3 3 4 17 17 6 11 11 7 7 13 12 12 4 3 3 3 3 3 5 5 7 7 7 4 4 3 3 3 4
 1 1 1 3 3 3 0 0 1 1 1 2 2 2 2 2 3 3 4 17 17 6 11 11 7 7 13 12 12 4 3 3 3 3 3 5 5 7 7 7 4 4 3 3 3 4
 1 1 1 1 1 38 38 38 37 37 0 1 1 1 2 2 1 1 4 3 3 3 8 8 5 5 6 15 15 6 4 4 3 3 2 2 2 3 3 3 3 3 2 2 2 2
 1 1 1 1 1 38 38 38 37 37 0 1 1 1 2 2 1 1 4 3 3 3 8 8 5 5 6 15 15 6 4 4 3 3 2 2 2 3 3 3 3 3 2 2 2 2
 1 1 3 1 1 38 39 39 38 38 1 1 1 1 2 2 2 2 1 1 1 1 3 3 1 1 3 5 5 5 3 3 12 12 13 1 1 1 2 2 2 2 2 1 1 1
 1 1 2 1 1 1 3 3 3 3 1 1 1 1 2 2 2 2 2 1 1 1 1 1 1 1 5 8 8 2 1 1 13 13 1 1 1 1 1 1 1 1 1 1 1 1
 1 1 2 1 1 1 3 3 3 3 1 1 1 1 2 2 2 2 2 1 1 1 1 1 1 1 5 8 8 2 1 1 13 13 1 1 1 1 1 1 1 1 1 1 1 1
 20 20 5 1 1 1 1 1 3 3 3 3 3 1 1 1 1 1 1 1 1 1 3 3 4 4 5 4 4 1 0 0 0 0 0 0 0 0 0 0 0 0 0 0 0 1
 21 21 7 4 4 4 1 1 3 3 1 2 2 12 12 12 3 3 1 0 0 0 0 0 0 0 2 6 6 4 5 5 0 0 0 0 0 0 0 0 0 0 1 0 0 1
 21 21 7 4 4 4 1 1 3 3 1 2 2 12 12 12 3 3 1 0 0 0 0 0 0 0 2 6 6 4 5 5 0 0 0 0 0 0 0 0 0 0 1 0 0 1
 6 6 7 8 8 3 1 1 2 2 1 2 2 12 12 12 2 2 2 0 0 0 0 0 1 1 1 1 1 4 13 13 1 1 0 0 0 0 0 0 1 1 1 1 1 1
 6 6 7 8 8 3 1 1 2 2 1 2 2 12 12 12 2 2 2 0 0 0 0 0 1 1 1 1 1 4 13 13 1 1 0 0 0 0 0 0 1 1 1 1 1 1
 5 5 5 6 6 7 2 2 2 2 1 1 1 0 0 0 2 2 3 1 1 0 1 1 0 0 0 0 0 1 1 1 6 6 7 1 1 1 1 1 1 1 1 1 1 1
 3 3 2 5 5 8 5 5 2 2 1 1 1 0 0 0 0 0 2 2 2 2 1 1 1 1 1 1 1 1 1 1 2 2 1 1 1 2 2 2 2 2 2 2 2 2
 3 3 2 5 5 8 5 5 2 2 1 1 1 0 0 0 0 0 2 2 2 2 1 1 1 1 1 1 1 1 1 1 2 2 1 1 1 2 2 2 2 2 2 2 2 2
 3 3 2 1 1 2 1 1 1 1 0 0 0 0 1 1 1 1 3 4 4 3 1 1 1 1 1 1 1 1 1 1 1 1 1 2 2 2 2 2 2 2 2 2 2 2
 1 1 1 0 0 0 0 0 0 0 0 2 2 1 1 1 1 1 3 3 3 3 3 3 2 2 1 1 1 1 1 1 1 1 2 2 2 2 2 2 2 2 2 2 2 2
 1 1 1 0 0 0 0 0 0 0 0 2 2 1 1 1 1 1 3 3 3 3 3 3 2 2 1 1 1 1 1 1 1 1 2 2 2 2 2 2 2 2 2 2 2 2
 2 2 1 1 1 0 0 0 1 1 1 2 2 1 2 2 1 1 3 3 3 3 2 2 1 1 1 1 1 1 1 1 1 1 2 2 2 2 1 1 1 1 1 1 1 1
 2 2 1 1 1 0 0 0 1 1 1 2 2 1 2 2 1 1 3 3 3 3 2 2 1 1 1 1 1 1 1 1 1 1 2 2 2 2 1 1 1 1 1 1 1 1
 0 0 0 1 1 1 0 0 0 0 1 1 1 1 2 2 2 2 2 2 2 4 5 5 3 3 2 1 1 1 1 1 1 1 1 2 2 2 1 1 1 1 2 1 1 2
 0 0 1 1 1 1 0 0 1 1 1 1 1 1 4 4 5 5 10 6 6 9 10 10 10 10 4 3 3 3 2 2 2 2 2 2 2 4 2 2 1 1 2 1 1 1
 0 0 1 1 1 1 0 0 1 1 1 1 1 1 4 4 5 5 10 6 6 9 10 10 10 10 4 3 3 3 2 2 2 2 2 2 2 4 2 2 1 1 2 1 1 1
 1 1 1 1 1 0 0 0 1 1 1 1 1 4 3 3 6 6 11 8 8 10 8 8 11 11 9 8 8 5 4 4 3 3 2 1 1 2 2 2 1 1 0 1 1 1
 1 1 1 1 1 0 1 1 1 1 1 1 1 3 3 3 2 2 2 3 3 15 13 13 13 13 4 3 3 5 4 4 6 6 3 1 1 1 1 1 1 1 1 1 1 1
 1 1 1 1 1 0 1 1 1 1 1 1 1 3 3 3 2 2 2 3 3 15 13 13 13 13 4 3 3 5 4 4 6 6 3 1 1 1 1 1 1 1 1 1 1 1
 15 15 16 2 2 5 1 1 1 1 1 1 1 2 1 1 6 6 1 2 2 14 7 7 12 12 3 2 2 2 3 3 1 1 4 4 4 0 2 2 1 1 1 1 1 1
 15 15 16 2 2 5 1 1 1 1 1 1 1 2 1 1 6 6 1 2 2 14 7 7 12 12 3 2 2 2 3 3 1 1 4 4 4 0 2 2 1 1 1 1 1 1
 27 27 16 3 3 6 6 6 2 2 7 7 7 3 6 6 6 6 0 7 7 7 8 8 3 3 3 1 1 2 2 2 1 1 5 6 6 1 1 1 1 1 1 1 1 1
 28 28 3 4 4 6 3 3 4 4 9 9 9 24 23 23 20 20 1 1 1 1 1 1 3 3 3 2 2 2 2 2 3 3 7 5 5 2 1 1 1 1 1 1 1 1
 28 28 3 4 4 6 3 3 4 4 9 9 9 24 23 23 20 20 1 1 1 1 1 1 3 3 3 2 2 2 2 2 3 3 7 5 5 2 1 1 1 1 1 1 1 1
 18 18 29 29 29 5 3 3 4 4 4 22 22 24 23 23 20 20 1 1 1 2 1 1 4 4 4 2 2 2 2 2 6 6 13 7 7 1 1 1 1 1 0 0 0 0
 19 19 30 30 30 40 3 3 4 4 4 2 2 29 28 28 39 39 2 2 2 2 12 12 5 5 5 4 4 2 2 2 4 4 10 14 14 1 1 1 0 0 0 0 0 0
 19 19 30 30 30 40 3 3 4 4 4 2 2 29 28 28 39 39 2 2 2 2 12 12 5 5 5 4 4 2 2 2 4 4 10 14 14 1 1 1 0 0 0 0 0 0
 5 5 4 4 4 3 5 5 5 5 5 4 4 3 4 4 6 6 6 9 9 13 13 13 5 5 5 5 5 12 13 13 17 17 13 14 14 2 1 1 0 0 0 1 1 1
 5 5 4 4 4 3 5 5 5 5 5 4 4 3 4 4 6 6 6 9 9 13 13 13 5 5 5 5 5 12 13 13 17 17 13 14 14 2 1 1 0 0 0 1 1 1
 5 5 4 5 5 3 6 6 6 6 8 5 5 4 4 4 6 6 6 2 2 3 13 13 4 4 4 12 12 12 14 14 14 14 7 4 4 2 2 2 2 2 2 2 2 1
 8 8 6 6 6 6 5 5 6 6 6 4 4 2 3 3 1 1 1 2 2 3 13 13 3 3 2 4 4 3 7 7 7 7 2 3 3 3 1 1 2 2 1 1 1 1
 8 8 6 6 6 6 5 5 6 6 6 4 4 2 3 3 1 1 1 2 2 3 13 13 3 3 2 4 4 3 7 7 7 7 2 3 3 3 1 1 2 2 1 1 1 1
 12 12 8 9 9 8 7 7 9 9 10 11 11 9 10 10 2 2 1 3 3 4 2 2 2 2 3 4 4 3 6 6 2 2 2 2 2 2 1 1 0 0 0 0 0 0
 13 13 19 16 16 14 17 17 16 16 16 22 22 28 16 16 8 8 7 6 6 8 5 5 18 18 1 2 2 1 1 1 1 1 1 2 2 1 1 1 0 0 0 0 0 0
 13 13 19 16 16 14 17 17 16 16 16 22 22 28 16 16 8 8 7 6 6 8 5 5 18 18 1 2 2 1 1 1 1 1 1 2 2 1 1 1 0 0 0 0 0 0
 20 20 31 26 26 38 38 38 19 19 21 38 38 36 25 25 9 9 8 7 7 5 5 5 17 17 25 20 20 2 0 0 0 0 1 2 2 2 1 1 1 1 0 0 0 0
 20 20 31 26 26 38 38 38 19 19 21 38 38 36 25 25 9 9 8 7 7 5 5 5 17 17 25 20 20 2 0 0 0 0 1 2 2 2 1 1 1 1 0 0 0 0
 15 15 28 35 35 48 52 52 52 52 52 62 62 53 45 45 17 17 16 7 7 4 5 5 5 5 20 26 26 2 1 1 1 1 1 1 1 2 2 2 1 1 1 0 0 0
 17 17 21 25 25 33 40 40 52 52 85 112 112 97 80 80 49 49 17 10 10 5 5 5 5 5 20 10 10 10 1 1 1 1 1 1 1 1 1 1 1 1 1 0 0 0
 17 17 21 25 25 33 40 40 52 52 85 112 112 97 80 80 49 49 17 10 10 5 5 5 5 5 20 10 10 10 1 1 1 1 1 1 1 1 1 1 1 1 1 0 0 0
 11 11 15 19 19 35 42 42 61 61 73 101 101 98 85 85 68 68 42 10 10 5 5 5 4 4 4 3 3 10 1 1 1 1 1 0 0 0 0 0 0 0 0 0 0 0
 11 11 14 20 20 25 37 37 55 55 51 85 85 98 80 80 72 72 39 24 24 9 4 4 5 5 4 3 3 0 1 1 1 1 1 0 0 0 0 0 0 0 0 0 0 0
 11 11 14 20 20 25 37 37 55 55 51 85 85 98 80 80 72 72 39 24 24 9 4 4 5 5 4 3 3 0 1 1 1 1 1 0 0 0 0 0 0 0 0 0 0 0
 12 12 12 16 16 20 41 41 39 39 45 61 61 51 43 43 38 38 22 21 21 10 5 5 5 5 4 3 3 0 0 0 1 1 1 1 1 0 0 0 0 0 0 0 0 0
 12 12 12 16 16 20 41 41 39 39 45 61 61 51 43 43 38 38 22 21 21 10 5 5 5 5 4 3 3 0 0 0 1 1 1 1 1 0 0 0 0 0 0 0 0 0
 13 13 11 13 13 15 25 25 34 34 45 60 60 62 47 47 41 41 24 22 22 9 5 5 5 5 3 3 3 0 0 0 0 0 1 1 1 1 1 1 6 6 1 0 0 0
 15 15 14 23 23 18 24 24 27 27 37 54 54 76 48 48 39 39 12 19 19 7 5 5 5 5 3 2 2 0 0 0 0 0 0 0 0 1 1 1 0 0 0 0 0 0
 15 15 14 23 23 18 24 24 27 27 37 54 54 76 48 48 39 39 12 19 19 7 5 5 5 5 3 2 2 0 0 0 0 0 0 0 0 1 1 1 0 0 0 0 0 0
 11 11 18 21 21 34 99 99 91 91 92 40 40 65 47 47 18 18 8 5 5 6 7 7 4 4 1 0 0 0 0 0 0 0 0 0 0 0 0 0 0 0 0 0 0 0
 19 19 11 25 25 29 96 96 18 18 17 22 22 40 43 43 15 15 7 4 4 5 2 2 3 3 0 0 0 0 0 0 0 0 0 0 0 0 0 0 0 0 0 0 0 0
