assets/RAT_results/precipitation/2021-07-03_IMERG.asc
ncols        46
nrows        77
xllcorner    74.800261325624
yllcorner    8.058333333333
cellsize     0.062500000000
NODATA_value -9999
 4 4 1 1 1 0 4 4 5 5 6 4 4 1 1 1 1 1 1 1 1 1 2 2 1 1 1 2 2 2 4 4 4 4 3 2 2 0 0 0 0 0 0 0 0 0
 3 3 1 0 0 0 1 1 8 8 3 1 1 3 2 2 2 2 1 1 1 1 1 1 1 1 1 1 1 3 1 1 1 1 2 1 1 0 0 0 0 0 0 0 0 0
 3 3 1 0 0 0 1 1 8 8 3 1 1 3 2 2 2 2 1 1 1 1 1 1 1 1 1 1 1 3 1 1 1 1 2 1 1 0 0 0 0 0 0 0 0 0
 3 3 2 0 0 0 0 0 0 0 3 7 7 16 7 7 2 2 1 1 1 1 1 1 1 1 0 1 1 1 1 1 1 1 1 0 0 0 0 0 0 0 0 0 0 0
 8 8 5 3 3 1 0 0 0 0 0 1 1 16 4 4 2 2 0 1 1 1 1 1 1 1 1 0 0 0 0 0 0 0 0 0 0 0 0 0 0 0 0 0 0 0
 8 8 5 3 3 1 0 0 0 0 0 1 1 16 4 4 2 2 0 1 1 1 1 1 1 1 1 0 0 0 0 0 0 0 0 0 0 0 0 0 0 0 0 0 0 0
 11 11 6 2 2 2 0 0 0 0 0 1 1 0 1 1 0 0 1 1 1 1 2 2 1 1 1 1 1 0 0 0 0 0 0 0 0 0 0 0 0 0 0 0 0 0
 11 11 6 2 2 2 0 0 0 0 0 1 1 0 1 1 0 0 1 1 1 1 2 2 1 1 1 1 1 0 0 0 0 0 0 0 0 0 0 0 0 0 0 0 0 0
 11 11 6 4 4 2 0 0 0 0 1 2 2 1 0 0 0 0 0 0 0 1 1 1 1 1 1 1 1 1 1 1 1 1 1 0 0 0 0 0 0 0 0 0 0 0
 12 12 6 6 6 3 1 1 1 1 2 4 4 5 1 1 0 0 0 0 0 1 1 1 1 1 1 1 1 1 1 1 1 1 1 1 1 1 1 1 1 1 1 1 1 1
 12 12 6 6 6 3 1 1 1 1 2 4 4 5 1 1 0 0 0 0 0 1 1 1 1 1 1 1 1 1 1 1 1 1 1 1 1 1 1 1 1 1 1 1 1 1
 8 8 6 4 4 5 3 3 4 4 5 4 4 5 3 3 5 5 0 1 1 1 1 1 1 1 1 1 1 1 1 1 1 1 1 1 1 1 1 1 1 1 1 1 1 1
 4 4 6 2 2 4 4 4 3 3 4 4 4 4 6 6 5 5 7 3 3 1 1 1 1 1 1 1 1 1 1 1 1 1 1 1 1 1 1 1 1 1 1 1 1 1
 4 4 6 2 2 4 4 4 3 3 4 4 4 4 6 6 5 5 7 3 3 1 1 1 1 1 1 1 1 1 1 1 1 1 1 1 1 1 1 1 1 1 1 1 1 1
 4 4 4 2 2 1 4 4 2 2 2 2 2 0 3 3 3 3 3 2 2 0 0 0 0 0 1 1 1 1 1 1 1 1 1 1 1 1 1 1 1 1 1 1 1 0
 4 4 4 2 2 1 4 4 2 2 2 2 2 0 3 3 3 3 3 2 2 0 0 0 0 0 1 1 1 1 1 1 1 1 1 1 1 1 1 1 1 1 1 1 1 0
 5 5 4 4 4 1 1 1 2 2 2 1 1 0 0 0 3 3 1 0 0 0 0 0 1 1 1 1 1 1 2 2 2 2 2 2 2 2 1 1 1 1 1 1 1 2
 5 5 6 5 5 4 2 2 1 1 2 3 3 0 1 1 1 1 1 0 0 1 1 1 1 1 1 1 1 2 3 3 2 2 2 2 2 2 1 1 1 1 1 10 10 2
 5 5 6 5 5 4 2 2 1 1 2 3 3 0 1 1 1 1 1 0 0 1 1 1 1 1 1 1 1 2 3 3 2 2 2 2 2 2 1 1 1 1 1 10 10 2
 7 7 6 6 6 5 3 3 2 2 1 3 3 1 0 0 0 0 1 0 0 1 1 1 2 2 2 2 2 2 2 2 3 3 2 1 1 1 1 1 1 1 1 1 1 1
 8 8 5 5 5 5 4 4 1 1 1 3 3 2 1 1 0 0 3 1 1 1 2 2 2 2 1 1 1 1 1 1 2 2 1 1 1 1 2 2 1 1 1 1 1 1
 8 8 5 5 5 5 4 4 1 1 1 3 3 2 1 1 0 0 3 1 1 1 2 2 2 2 1 1 1 1 1 1 2 2 1 1 1 1 2 2 1 1 1 1 1 1
 7 7 4 5 5 3 3 3 3 3 2 1 1 2 2 2 1 1 1 1 1 1 1 1 1 1 1 2 2 3 3 3 2 2 1 1 1 1 1 1 2 2 2 2 2 2
 7 7 4 5 5 3 3 3 3 3 2 1 1 2 2 2 1 1 1 1 1 1 1 1 1 1 1 2 2 3 3 3 2 2 1 1 1 1 1 1 2 2 2 2 2 2
 5 5 3 2 2 1 1 1 1 1 1 1 1 3 3 3 2 2 1 1 1 1 1 1 1 1 1 3 3 4 2 2 2 2 1 2 2 2 2 2 2 2 2 8 8 4
 3 3 5 1 1 2 1 1 1 1 1 1 1 1 3 3 1 1 1 1 1 1 2 2 2 2 2 3 3 2 2 2 2 2 1 1 1 1 1 1 2 2 3 2 2 4
 3 3 5 1 1 2 1 1 1 1 1 1 1 1 3 3 1 1 1 1 1 1 2 2 2 2 2 3 3 2 2 2 2 2 1 1 1 1 1 1 2 2 3 2 2 4
 4 4 4 1 1 1 0 0 0 0 0 0 0 1 0 0 2 2 1 1 1 1 1 1 1 1 1 2 2 2 1 1 1 1 1 2 2 2 2 2 2 2 2 1 1 5
 11 11 11 10 10 1 1 1 1 1 0 0 0 1 0 0 3 3 1 0 0 0 0 0 1 1 1 1 1 1 1 1 1 1 1 2 2 0 0 0 0 0 1 2 2 2
 11 11 11 10 10 1 1 1 1 1 0 0 0 1 0 0 3 3 1 0 0 0 0 0 1 1 1 1 1 1 1 1 1 1 1 2 2 0 0 0 0 0 1 2 2 2
 12 12 18 17 17 8 1 1 1 1 1 1 1 1 1 1 3 3 1 0 0 0 0 0 2 2 2 1 1 0 0 0 0 0 0 1 1 0 0 0 0 0 0 0 0 0
 12 12 18 17 17 8 1 1 1 1 1 1 1 1 1 1 3 3 1 0 0 0 0 0 2 2 2 1 1 0 0 0 0 0 0 1 1 0 0 0 0 0 0 0 0 0
 8 8 6 6 6 2 2 2 2 2 1 1 1 0 1 1 3 3 2 1 1 0 0 0 2 2 3 1 1 0 0 0 0 0 0 0 0 0 0 0 0 0 0 0 0 0
 8 8 4 3 3 2 2 2 2 2 1 1 1 0 0 0 0 0 1 1 1 0 0 0 0 0 3 3 3 0 0 0 0 0 0 0 0 0 0 0 0 0 0 0 0 0
 8 8 4 3 3 2 2 2 2 2 1 1 1 0 0 0 0 0 1 1 1 0 0 0 0 0 3 3 3 0 0 0 0 0 0 0 0 0 0 0 0 0 0 0 0 0
 9 9 4 3 3 2 2 2 1 1 1 1 1 1 0 0 1 1 2 2 2 0 0 0 0 0 0 2 2 0 0 0 0 0 0 0 0 0 0 0 0 0 0 0 0 0
 17 17 9 3 3 2 2 2 1 1 1 1 1 0 0 0 1 1 0 2 2 0 0 0 0 0 1 0 0 0 0 0 0 0 0 0 0 0 0 0 0 0 0 0 0 0
 17 17 9 3 3 2 2 2 1 1 1 1 1 0 0 0 1 1 0 2 2 0 0 0 0 0 1 0 0 0 0 0 0 0 0 0 0 0 0 0 0 0 0 0 0 0
 13 13 4 9 9 8 3 3 1 1 1 1 1 1 0 0 0 0 0 2 2 1 0 0 0 0 0 1 1 0 0 0 1 1 1 1 1 1 0 0 0 0 1 0 0 4
 13 13 4 9 9 8 3 3 1 1 1 1 1 1 0 0 0 0 0 2 2 1 0 0 0 0 0 1 1 0 0 0 1 1 1 1 1 1 0 0 0 0 1 0 0 4
 14 14 9 8 8 7 3 3 5 5 4 1 1 1 1 1 1 1 1 2 2 3 0 0 0 0 1 1 1 1 1 1 1 1 1 2 2 2 0 0 1 1 1 0 0 4
 10 10 9 7 7 6 5 5 4 4 5 1 1 1 1 1 1 1 1 3 3 4 3 3 1 1 2 4 4 5 4 4 2 2 2 1 1 1 1 1 5 5 4 3 3 2
 10 10 9 7 7 6 5 5 4 4 5 1 1 1 1 1 1 1 1 3 3 4 3 3 1 1 2 4 4 5 4 4 2 2 2 1 1 1 1 1 5 5 4 3 3 2
 13 13 25 21 21 8 4 4 3 3 3 2 2 1 1 1 2 2 4 4 4 5 3 3 4 4 3 5 5 2 3 3 4 4 9 2 2 2 2 2 2 2 2 1 1 1
 31 31 30 19 19 13 6 6 8 8 8 2 2 2 3 3 3 3 3 4 4 4 4 4 3 3 3 2 2 2 3 3 3 3 9 2 2 2 3 3 1 1 1 1 1 1
 31 31 30 19 19 13 6 6 8 8 8 2 2 2 3 3 3 3 3 4 4 4 4 4 3 3 3 2 2 2 3 3 3 3 9 2 2 2 3 3 1 1 1 1 1 1
 45 45 39 31 31 10 9 9 11 11 10 4 4 3 1 1 2 2 4 4 4 2 1 1 5 5 3 2 2 1 4 4 3 3 2 2 2 2 1 1 1 1 1 3 3 3
 45 45 39 31 31 10 9 9 11 11 10 4 4 3 1 1 2 2 4 4 4 2 1 1 5 5 3 2 2 1 4 4 3 3 2 2 2 2 1 1 1 1 1 3 3 3
 72 72 39 23 23 15 13 13 8 8 5 4 4 2 3 3 3 3 5 5 5 3 4 4 5 5 7 1 1 2 3 3 1 1 1 2 2 6 3 3 4 4 5 4 4 5
 70 70 29 25 25 19 14 14 10 10 9 6 6 3 4 4 6 6 18 7 7 5 4 4 10 10 13 6 6 2 2 2 4 4 3 7 7 7 4 4 4 4 39 39 39 29
 70 70 29 25 25 19 14 14 10 10 9 6 6 3 4 4 6 6 18 7 7 5 4 4 10 10 13 6 6 2 2 2 4 4 3 7 7 7 4 4 4 4 39 39 39 29
 67 67 41 29 29 16 18 18 10 10 7 6 6 5 6 6 6 6 6 7 7 9 8 8 10 10 13 12 12 5 6 6 3 3 6 7 7 6 8 8 8 8 38 40 40 7
 66 66 65 49 49 28 18 18 11 11 9 8 8 8 8 8 8 8 4 4 4 4 6 6 10 10 13 14 14 14 9 9 8 8 6 12 12 7 10 10 4 4 11 12 12 7
 66 66 65 49 49 28 18 18 11 11 9 8 8 8 8 8 8 8 4 4 4 4 6 6 10 10 13 14 14 14 9 9 8 8 6 12 12 7 10 10 4 4 11 12 12 7
 93 93 87 51 51 31 19 19 14 14 15 10 10 9 9 9 6 6 6 3 3 2 2 2 5 5 7 8 8 7 6 6 9 9 13 13 13 10 10 10 5 5 4 4 4 3
 93 93 87 51 51 31 19 19 14 14 15 10 10 9 9 9 6 6 6 3 3 2 2 2 5 5 7 8 8 7 6 6 9 9 13 13 13 10 10 10 5 5 4 4 4 3
 88 88 75 48 48 43 40 40 22 22 23 12 12 11 10 10 6 6 6 2 2 1 1 1 2 2 5 5 5 2 5 5 6 6 14 12 12 14 11 11 3 3 4 3 3 2
 87 87 84 70 70 70 32 32 23 23 22 14 14 10 10 10 4 4 0 1 1 1 0 0 0 0 1 3 3 1 1 1 1 1 3 2 2 10 10 10 2 2 2 2 2 2
 87 87 84 70 70 70 32 32 23 23 22 14 14 10 10 10 4 4 0 1 1 1 0 0 0 0 1 3 3 1 1 1 1 1 3 2 2 10 10 10 2 2 2 2 2 2
 53 53 82 71 71 69 41 41 36 36 26 25 25 14 13 13 8 8 3 2 2 1 0 0 0 0 2 1 1 0 1 1 1 1 1 1 1 1 1 1 1 1 1 1 1 1
 57 57 61 53 53 52 53 53 52 52 39 26 26 22 17 17 12 12 9 4 4 1 1 1 1 1 1 1 1 0 1 1 0 0 0 0 0 0 0 0 0 0 0 0 0 0
 57 57 61 53 53 52 53 53 52 52 39 26 26 22 17 17 12 12 9 4 4 1 1 1 1 1 1 1 1 0 1 1 0 0 0 0 0 0 0 0 0 0 0 0 0 0
 41 41 41 45 45 50 51 51 50 50 42 34 34 28 24 24 22 22 14 9 9 1 2 2 1 1 1 1 1 1 1 1 0 0 0 0 0 0 0 0 0 0 0 0 0 0
 41 41 41 45 45 50 51 51 50 50 42 34 34 28 24 24 22 22 14 9 9 1 2 2 1 1 1 1 1 1 1 1 0 0 0 0 0 0 0 0 0 0 0 0 0 0
 36 36 41 46 46 47 41 41 41 41 33 28 28 26 20 20 18 18 16 11 11 7 6 6 6 6 7 1 1 1 1 1 1 1 1 0 0 0 0 0 0 0 0 0 0 0
 30 30 32 34 34 23 31 31 32 32 25 24 24 19 15 15 11 11 9 4 4 5 7 7 6 6 4 3 3 3 0 0 0 0 0 0 0 0 0 0 0 0 0 0 0 0
 30 30 32 34 34 23 31 31 32 32 25 24 24 19 15 15 11 11 9 4 4 5 7 7 6 6 4 3 3 3 0 0 0 0 0 0 0 0 0 0 0 0 0 0 0 0
 17 17 20 21 21 25 24 24 27 27 23 20 20 19 17 17 7 7 7 9 9 7 6 6 5 5 3 4 4 2 1 1 0 0 0 0 0 0 0 0 0 0 0 0 0 0
 14 14 15 20 20 19 18 18 23 23 22 20 20 17 17 17 9 9 7 6 6 6 0 0 0 0 3 5 5 4 0 0 0 0 0 0 0 0 0 0 0 0 0 1 1 0
 14 14 15 20 20 19 18 18 23 23 22 20 20 17 17 17 9 9 7 6 6 6 0 0 0 0 3 5 5 4 0 0 0 0 0 0 0 0 0 0 0 0 0 1 1 0
 11 11 10 10 10 13 12 12 15 15 20 17 17 16 16 16 7 7 9 6 6 6 4 4 0 0 0 1 1 1 0 0 0 0 0 0 0 0 0 0 0 0 1 0 0 0
 11 11 10 10 10 13 12 12 15 15 20 17 17 16 16 16 7 7 9 6 6 6 4 4 0 0 0 1 1 1 0 0 0 0 0 0 0 0 0 0 0 0 1 0 0 0
 10 10 9 8 8 11 11 11 12 12 11 12 12 12 13 13 7 7 6 7 7 5 4 4 0 0 0 0 0 0 0 0 0 0 1 0 0 0 0 0 0 0 0 0 0 0
 18 18 15 10 10 8 7 7 8 8 12 11 11 12 11 11 12 12 14 8 8 8 5 5 5 5 1 0 0 0 0 0 0 0 0 0 0 0 1 1 0 0 0 0 0 0
 18 18 15 10 10 8 7 7 8 8 12 11 11 12 11 11 12 12 14 8 8 8 5 5 5 5 1 0 0 0 0 0 0 0 0 0 0 0 1 1 0 0 0 0 0 0
 21 21 20 13 13 11 9 9 8 8 8 8 8 8 7 7 7 7 10 9 9 9 6 6 6 6 2 0 0 0 0 0 0 0 0 0 0 0 1 1 0 0 0 0 0 0
 21 21 17 18 18 14 18 18 16 16 15 8 8 8 7 7 6 6 13 12 12 10 10 10 6 6 2 1 1 0 0 0 0 0 0 0 0 0 0 0 0 0 1 0 0 0
