assets/RAT_results/precipitation/2021-09-24_IMERG.asc
ncols        46
nrows        77
xllcorner    74.800261325624
yllcorner    8.058333333333
cellsize     0.062500000000
NODATA_value -9999
 2 2 2 0 0 0 1 1 2 2 2 1 1 2 3 3 2 2 1 2 2 1 1 1 1 1 0 0 0 0 0 0 0 0 0 0 0 0 0 0 0 0 0 1 1 2
 2 2 2 1 1 1 2 2 4 4 7 5 5 5 4 4 2 2 1 1 1 0 0 0 0 0 0 0 0 0 0 0 0 0 0 0 0 0 0 0 0 0 0 0 0 1
 2 2 2 1 1 1 2 2 4 4 7 5 5 5 4 4 2 2 1 1 1 0 0 0 0 0 0 0 0 0 0 0 0 0 0 0 0 0 0 0 0 0 0 0 0 1
 2 2 2 1 1 1 3 3 6 6 6 4 4 8 11 11 8 8 1 0 0 0 0 0 0 0 0 0 0 0 0 0 0 0 0 0 0 0 0 0 0 0 0 0 0 0
 2 2 2 2 2 1 1 1 3 3 5 9 9 10 12 12 7 7 1 0 0 0 0 0 3 3 1 0 0 0 0 0 0 0 0 0 0 0 0 0 0 0 0 0 0 0
 2 2 2 2 2 1 1 1 3 3 5 9 9 10 12 12 7 7 1 0 0 0 0 0 3 3 1 0 0 0 0 0 0 0 0 0 0 0 0 0 0 0 0 0 0 0
 2 2 1 2 2 1 0 0 1 1 7 7 7 2 6 6 1 1 1 0 0 0 0 0 2 2 2 0 0 1 0 0 0 0 0 0 0 0 0 0 0 0 0 0 0 0
 2 2 1 2 2 1 0 0 1 1 7 7 7 2 6 6 1 1 1 0 0 0 0 0 2 2 2 0 0 1 0 0 0 0 0 0 0 0 0 0 0 0 0 0 0 0
 0 0 2 1 1 1 0 0 0 0 2 2 2 1 0 0 0 0 0 0 0 0 0 0 0 0 0 1 1 1 1 1 0 0 0 0 0 0 0 0 0 0 0 0 0 1
 1 1 3 2 2 2 0 0 0 0 0 1 1 0 0 0 0 0 0 0 0 0 0 0 0 0 0 1 1 1 1 1 1 1 0 0 0 1 1 1 1 1 1 1 1 2
 1 1 3 2 2 2 0 0 0 0 0 1 1 0 0 0 0 0 0 0 0 0 0 0 0 0 0 1 1 1 1 1 1 1 0 0 0 1 1 1 1 1 1 1 1 2
 0 0 3 4 4 1 2 2 1 1 1 2 2 3 0 0 0 0 0 0 0 0 0 0 0 0 0 0 0 0 1 1 1 1 1 1 1 1 2 2 1 1 2 2 2 2
 0 0 1 2 2 1 3 3 2 2 2 4 4 6 2 2 4 4 0 0 0 0 0 0 0 0 0 0 0 0 0 0 1 1 1 1 1 1 2 2 2 2 5 19 19 4
 0 0 1 2 2 1 3 3 2 2 2 4 4 6 2 2 4 4 0 0 0 0 0 0 0 0 0 0 0 0 0 0 1 1 1 1 1 1 2 2 2 2 5 19 19 4
 0 0 0 2 2 2 3 3 3 3 2 2 2 4 5 5 4 4 1 1 1 1 1 1 1 1 1 0 0 1 1 1 1 1 1 3 3 6 6 6 8 8 38 31 31 3
 0 0 0 2 2 2 3 3 3 3 2 2 2 4 5 5 4 4 1 1 1 1 1 1 1 1 1 0 0 1 1 1 1 1 1 3 3 6 6 6 8 8 38 31 31 3
 0 0 0 1 1 2 2 2 3 3 3 2 2 4 1 1 2 2 2 1 1 2 2 2 2 2 2 2 2 2 2 2 2 2 2 1 1 7 7 7 20 20 6 4 4 0
 0 0 0 0 0 0 2 2 3 3 3 4 4 3 2 2 3 3 4 2 2 3 3 3 4 4 5 4 4 4 6 6 3 3 5 5 5 6 6 6 4 4 5 0 0 0
 0 0 0 0 0 0 2 2 3 3 3 4 4 3 2 2 3 3 4 2 2 3 3 3 4 4 5 4 4 4 6 6 3 3 5 5 5 6 6 6 4 4 5 0 0 0
 0 0 0 0 0 0 1 1 3 3 4 4 4 3 2 2 2 2 5 3 3 3 4 4 4 4 5 9 9 7 8 8 8 8 21 21 21 18 16 16 7 7 3 2 2 1
 0 0 0 0 0 0 1 1 3 3 4 8 8 5 5 5 5 5 5 5 5 5 8 8 7 7 7 11 11 9 14 14 19 19 30 22 22 20 10 10 10 10 9 11 11 7
 0 0 0 0 0 0 1 1 3 3 4 8 8 5 5 5 5 5 5 5 5 5 8 8 7 7 7 11 11 9 14 14 19 19 30 22 22 20 10 10 10 10 9 11 11 7
 1 1 1 0 0 0 1 1 1 1 5 6 6 7 9 9 9 9 7 8 8 8 13 13 15 15 15 17 17 20 24 24 25 25 35 31 31 26 16 16 14 14 13 12 12 11
 1 1 1 0 0 0 1 1 1 1 5 6 6 7 9 9 9 9 7 8 8 8 13 13 15 15 15 17 17 20 24 24 25 25 35 31 31 26 16 16 14 14 13 12 12 11
 1 1 1 1 1 1 1 1 1 1 4 6 6 9 9 9 9 9 7 6 6 15 10 10 14 14 17 19 19 26 38 38 42 42 46 37 37 27 19 19 14 14 21 20 20 15
 1 1 1 3 3 3 2 2 2 2 3 8 8 7 6 6 8 8 7 8 8 8 10 10 13 13 14 21 21 25 28 28 42 42 50 44 44 32 18 18 13 13 17 16 16 5
 1 1 1 3 3 3 2 2 2 2 3 8 8 7 6 6 8 8 7 8 8 8 10 10 13 13 14 21 21 25 28 28 42 42 50 44 44 32 18 18 13 13 17 16 16 5
 3 3 4 3 3 4 3 3 3 3 3 7 7 8 6 6 8 8 9 8 8 9 14 14 17 17 29 29 29 30 24 24 37 37 46 41 41 26 12 12 9 9 12 8 8 7
 2 2 4 2 2 2 3 3 2 2 3 3 3 6 8 8 10 10 10 10 10 9 9 9 14 14 27 45 45 35 29 29 23 23 27 38 38 25 12 12 7 7 6 11 11 4
 2 2 4 2 2 2 3 3 2 2 3 3 3 6 8 8 10 10 10 10 10 9 9 9 14 14 27 45 45 35 29 29 23 23 27 38 38 25 12 12 7 7 6 11 11 4
 2 2 2 2 2 2 2 2 2 2 2 3 3 5 6 6 10 10 11 10 10 8 11 11 11 11 23 43 43 37 25 25 17 17 15 26 26 23 14 14 13 13 12 15 15 5
 2 2 2 2 2 2 2 2 2 2 2 3 3 5 6 6 10 10 11 10 10 8 11 11 11 11 23 43 43 37 25 25 17 17 15 26 26 23 14 14 13 13 12 15 15 5
 2 2 2 2 2 2 2 2 2 2 1 2 2 2 5 5 8 8 7 9 9 15 14 14 13 13 25 27 27 21 17 17 14 14 12 13 13 13 11 11 10 10 10 13 13 11
 1 1 2 4 4 6 3 3 2 2 3 3 3 2 3 3 4 4 5 7 7 7 14 14 12 12 20 23 23 18 11 11 9 9 9 12 12 8 12 12 13 13 11 10 10 8
 1 1 2 4 4 6 3 3 2 2 3 3 3 2 3 3 4 4 5 7 7 7 14 14 12 12 20 23 23 18 11 11 9 9 9 12 12 8 12 12 13 13 11 10 10 8
 1 1 1 2 2 8 2 2 2 2 2 4 4 2 3 3 4 4 6 6 6 7 15 15 18 18 18 18 18 20 10 10 7 7 6 6 6 10 8 8 14 14 14 11 11 9
 1 1 1 1 1 3 2 2 3 3 3 5 5 5 8 8 6 6 5 7 7 9 14 14 13 13 14 13 13 13 11 11 4 4 7 4 4 5 8 8 8 8 14 18 18 14
 1 1 1 1 1 3 2 2 3 3 3 5 5 5 8 8 6 6 5 7 7 9 14 14 13 13 14 13 13 13 11 11 4 4 7 4 4 5 8 8 8 8 14 18 18 14
 2 2 1 1 1 1 2 2 3 3 3 4 4 4 8 8 5 5 4 6 6 6 8 8 13 13 13 10 10 12 13 13 8 8 4 5 5 8 7 7 9 9 11 20 20 14
 2 2 1 1 1 1 2 2 3 3 3 4 4 4 8 8 5 5 4 6 6 6 8 8 13 13 13 10 10 12 13 13 8 8 4 5 5 8 7 7 9 9 11 20 20 14
 2 2 1 1 1 1 1 1 2 2 3 4 4 3 2 2 3 3 3 5 5 6 7 7 7 7 9 10 10 9 12 12 11 11 17 11 11 16 9 9 12 12 22 21 21 20
 2 2 1 1 1 1 1 1 1 1 2 3 3 2 2 2 2 2 2 3 3 4 6 6 7 7 6 7 7 9 10 10 14 14 14 15 15 17 17 17 17 17 21 21 21 19
 2 2 1 1 1 1 1 1 1 1 2 3 3 2 2 2 2 2 2 3 3 4 6 6 7 7 6 7 7 9 10 10 14 14 14 15 15 17 17 17 17 17 21 21 21 19
 2 2 2 1 1 1 1 1 1 1 2 2 2 4 3 3 2 2 3 3 3 7 5 5 4 4 4 5 5 7 8 8 19 19 14 14 14 21 20 20 18 18 24 21 21 21
 1 1 1 1 1 1 1 1 1 1 1 3 3 4 13 13 4 4 8 3 3 5 3 3 4 4 4 6 6 8 16 16 16 16 16 20 20 21 22 22 13 13 11 17 17 14
 1 1 1 1 1 1 1 1 1 1 1 3 3 4 13 13 4 4 8 3 3 5 3 3 4 4 4 6 6 8 16 16 16 16 16 20 20 21 22 22 13 13 11 17 17 14
 1 1 1 1 1 1 1 1 1 1 1 3 3 4 15 15 13 13 10 3 3 2 2 2 3 3 4 3 3 5 14 14 16 16 13 12 12 13 11 11 11 11 12 15 15 16
 1 1 1 1 1 1 1 1 1 1 1 3 3 4 15 15 13 13 10 3 3 2 2 2 3 3 4 3 3 5 14 14 16 16 13 12 12 13 11 11 11 11 12 15 15 16
 1 1 1 1 1 1 6 6 7 7 2 3 3 7 13 13 13 13 8 2 2 2 3 3 6 6 5 2 2 5 12 12 26 26 8 24 24 19 15 15 15 15 16 18 18 14
 1 1 1 2 2 1 7 7 7 7 19 3 3 10 10 10 12 12 8 1 1 4 4 4 6 6 10 2 2 8 18 18 22 22 23 21 21 19 15 15 15 15 18 11 11 10
 1 1 1 2 2 1 7 7 7 7 19 3 3 10 10 10 12 12 8 1 1 4 4 4 6 6 10 2 2 8 18 18 22 22 23 21 21 19 15 15 15 15 18 11 11 10
 1 1 2 4 4 4 5 5 19 19 19 3 3 10 7 7 9 9 7 5 5 1 4 4 8 8 9 8 8 11 19 19 23 23 33 43 43 38 37 37 17 17 16 10 10 6
 1 1 1 5 5 4 6 6 20 20 20 4 4 7 9 9 17 17 19 9 9 2 4 4 7 7 14 20 20 22 32 32 31 31 31 45 45 42 23 23 18 18 15 13 13 5
 1 1 1 5 5 4 6 6 20 20 20 4 4 7 9 9 17 17 19 9 9 2 4 4 7 7 14 20 20 22 32 32 31 31 31 45 45 42 23 23 18 18 15 13 13 5
 1 1 1 4 4 6 7 7 8 8 9 5 5 5 11 11 22 22 15 5 5 1 4 4 6 6 14 14 14 22 20 20 25 25 23 24 24 19 19 19 15 15 9 7 7 2
 1 1 1 4 4 6 7 7 8 8 9 5 5 5 11 11 22 22 15 5 5 1 4 4 6 6 14 14 14 22 20 20 25 25 23 24 24 19 19 19 15 15 9 7 7 2
 1 1 1 1 1 2 4 4 5 5 10 6 6 6 6 6 7 7 5 3 3 2 8 8 9 9 11 13 13 14 18 18 19 19 11 10 10 12 10 10 6 6 1 5 5 0
 1 1 2 3 3 3 4 4 4 4 5 6 6 7 7 7 6 6 4 3 3 2 3 3 7 7 13 12 12 7 11 11 10 10 12 9 9 9 7 7 6 6 1 1 1 0
 1 1 2 3 3 3 4 4 4 4 5 6 6 7 7 7 6 6 4 3 3 2 3 3 7 7 13 12 12 7 11 11 10 10 12 9 9 9 7 7 6 6 1 1 1 0
 1 1 1 2 2 2 3 3 3 3 6 7 7 8 11 11 7 7 5 3 3 2 2 2 8 8 14 13 13 8 7 7 9 9 8 10 10 7 3 3 6 6 2 1 1 0
 0 0 0 1 1 1 1 1 3 3 4 7 7 9 10 10 9 9 5 2 2 2 2 2 6 6 6 6 6 8 8 8 9 9 7 7 7 4 5 5 5 5 6 2 2 1
 0 0 0 1 1 1 1 1 3 3 4 7 7 9 10 10 9 9 5 2 2 2 2 2 6 6 6 6 6 8 8 8 9 9 7 7 7 4 5 5 5 5 6 2 2 1
 0 0 0 0 0 0 0 0 0 0 1 3 3 2 5 5 7 7 3 2 2 2 1 1 4 4 6 5 5 5 5 5 7 7 6 5 5 3 8 8 8 8 9 3 3 1
 0 0 0 0 0 0 0 0 0 0 1 3 3 2 5 5 7 7 3 2 2 2 1 1 4 4 6 5 5 5 5 5 7 7 6 5 5 3 8 8 8 8 9 3 3 1
 0 0 0 0 0 0 0 0 0 0 0 0 0 1 1 1 1 1 1 2 2 2 1 1 2 2 4 1 1 3 5 5 6 6 2 2 2 2 7 7 24 24 10 6 6 3
 0 0 0 0 0 0 0 0 0 0 0 0 0 0 1 1 1 1 1 2 2 1 1 1 0 0 3 2 2 5 3 3 3 3 1 1 1 1 4 4 6 6 6 8 8 9
 0 0 0 0 0 0 0 0 0 0 0 0 0 0 1 1 1 1 1 2 2 1 1 1 0 0 3 2 2 5 3 3 3 3 1 1 1 1 4 4 6 6 6 8 8 9
 0 0 0 0 0 0 0 0 0 0 0 0 0 0 0 0 0 0 1 1 1 2 1 1 0 0 1 1 1 2 1 1 2 2 0 0 0 0 1 1 1 1 0 10 10 5
 1 1 0 0 0 0 0 0 0 0 0 0 0 0 0 0 0 0 0 0 0 1 1 1 0 0 0 0 0 2 1 1 3 3 3 1 1 0 0 0 1 1 0 0 0 0
 1 1 0 0 0 0 0 0 0 0 0 0 0 0 0 0 0 0 0 0 0 1 1 1 0 0 0 0 0 2 1 1 3 3 3 1 1 0 0 0 1 1 0 0 0 0
 0 0 0 0 0 0 0 0 0 0 0 0 0 0 0 0 0 0 0 0 0 0 0 0 0 0 0 1 1 0 0 0 1 1 2 2 2 1 0 0 0 0 0 0 0 0
 0 0 0 0 0 0 0 0 0 0 0 0 0 0 0 0 0 0 0 0 0 0 0 0 0 0 0 1 1 0 0 0 1 1 2 2 2 1 0 0 0 0 0 0 0 0
 0 0 0 0 0 0 0 0 0 0 0 0 0 0 0 0 0 0 0 0 0 0 0 0 0 0 0 0 0 1 1 1 1 1 2 2 2 3 0 0 0 0 0 0 0 0
 0 0 0 0 0 0 0 0 0 0 0 0 0 0 0 0 0 0 0 0 0 0 1 1 0 0 0 1 1 0 0 0 1 1 1 1 1 2 1 1 0 0 0 0 0 5
 0 0 0 0 0 0 0 0 0 0 0 0 0 0 0 0 0 0 0 0 0 0 1 1 0 0 0 1 1 0 0 0 1 1 1 1 1 2 1 1 0 0 0 0 0 5
 0 0 0 0 0 0 0 0 0 0 0 0 0 0 0 0 0 0 0 0 0 0 1 1 1 1 0 0 0 0 0 0 2 2 1 2 2 2 1 1 1 1 1 0 0 1
 0 0 0 1 1 0 0 0 0 0 0 0 0 0 0 0 0 0 0 0 0 0 0 0 1 1 0 0 0 0 0 0 0 0 1 1 1 2 1 1 1 1 1 0 0 0
