assets/RAT_results/precipitation/2021-03-29_IMERG.asc
ncols        46
nrows        77
xllcorner    74.800261325624
yllcorner    8.058333333333
cellsize     0.062500000000
NODATA_value -9999
 33 33 25 17 17 16 20 20 29 29 44 39 39 19 18 18 7 7 0 0 0 0 0 0 0 0 0 0 0 0 0 0 0 0 0 0 0 0 0 0 0 0 0 0 0 0
 20 20 20 15 15 17 19 19 38 38 40 22 22 19 1 1 0 0 0 0 0 0 0 0 0 0 0 2 2 0 0 0 0 0 0 0 0 0 0 0 0 0 0 0 0 0
 20 20 20 15 15 17 19 19 38 38 40 22 22 19 1 1 0 0 0 0 0 0 0 0 0 0 0 2 2 0 0 0 0 0 0 0 0 0 0 0 0 0 0 0 0 0
 28 28 27 15 15 16 14 14 14 14 12 3 3 2 1 1 0 0 0 0 0 0 0 0 0 0 0 0 0 0 0 0 0 0 0 0 0 0 1 1 0 0 0 0 0 0
 23 23 24 12 12 18 18 18 11 11 15 2 2 2 0 0 0 0 0 0 0 0 0 0 0 0 0 0 0 0 0 0 0 0 0 1 1 1 3 3 2 2 0 0 0 0
 23 23 24 12 12 18 18 18 11 11 15 2 2 2 0 0 0 0 0 0 0 0 0 0 0 0 0 0 0 0 0 0 0 0 0 1 1 1 3 3 2 2 0 0 0 0
 3 3 4 7 7 20 16 16 6 6 4 1 1 1 0 0 0 0 0 0 0 0 0 0 0 0 0 0 0 0 0 0 0 0 1 3 3 1 1 1 2 2 1 0 0 0
 3 3 4 7 7 20 16 16 6 6 4 1 1 1 0 0 0 0 0 0 0 0 0 0 0 0 0 0 0 0 0 0 0 0 1 3 3 1 1 1 2 2 1 0 0 0
 27 27 26 4 4 5 4 4 3 3 2 0 0 0 1 1 0 0 0 0 0 0 0 0 1 1 0 0 0 0 0 0 0 0 0 1 1 0 0 0 1 1 0 0 0 0
 39 39 38 3 3 1 1 1 0 0 1 0 0 0 0 0 0 0 0 0 0 0 1 1 1 1 0 0 0 0 0 0 0 0 0 10 10 0 0 0 0 0 0 0 0 0
 39 39 38 3 3 1 1 1 0 0 1 0 0 0 0 0 0 0 0 0 0 0 1 1 1 1 0 0 0 0 0 0 0 0 0 10 10 0 0 0 0 0 0 0 0 0
 41 41 40 2 2 1 0 0 0 0 0 0 0 0 0 0 0 0 0 0 0 0 0 0 0 0 0 0 0 0 0 0 0 0 0 0 0 0 0 0 0 0 0 0 0 0
 14 14 31 25 25 2 1 1 0 0 0 0 0 0 0 0 1 1 0 0 0 0 0 0 0 0 0 0 0 0 0 0 0 0 0 0 0 0 0 0 1 1 1 1 1 1
 14 14 31 25 25 2 1 1 0 0 0 0 0 0 0 0 1 1 0 0 0 0 0 0 0 0 0 0 0 0 0 0 0 0 0 0 0 0 0 0 1 1 1 1 1 1
 39 39 37 32 32 6 3 3 1 1 1 0 0 0 0 0 0 0 0 0 0 0 0 0 0 0 0 0 0 0 0 0 0 0 0 0 0 1 1 1 1 1 1 1 1 1
 39 39 37 32 32 6 3 3 1 1 1 0 0 0 0 0 0 0 0 0 0 0 0 0 0 0 0 0 0 0 0 0 0 0 0 0 0 1 1 1 1 1 1 1 1 1
 45 45 44 44 44 20 7 7 3 3 1 1 1 1 1 1 1 1 0 0 0 0 0 0 0 0 0 0 0 0 0 0 0 0 0 0 0 0 1 1 1 1 1 0 0 0
 61 61 53 45 45 42 18 18 8 8 3 2 2 3 16 16 1 1 0 0 0 0 0 0 0 0 0 0 0 0 0 0 0 0 0 0 0 0 0 0 0 0 0 0 0 0
 61 61 53 45 45 42 18 18 8 8 3 2 2 3 16 16 1 1 0 0 0 0 0 0 0 0 0 0 0 0 0 0 0 0 0 0 0 0 0 0 0 0 0 0 0 0
 62 62 53 48 48 43 19 19 13 13 10 40 40 21 16 16 1 1 0 0 0 0 0 0 0 0 0 0 0 1 0 0 0 0 0 0 0 0 0 0 0 0 0 0 0 0
 71 71 80 47 47 15 15 15 17 17 41 37 37 22 15 15 1 1 1 0 0 0 0 0 0 0 0 0 0 0 0 0 0 0 0 0 0 0 0 0 0 0 0 0 0 0
 71 71 80 47 47 15 15 15 17 17 41 37 37 22 15 15 1 1 1 0 0 0 0 0 0 0 0 0 0 0 0 0 0 0 0 0 0 0 0 0 0 0 0 0 0 0
 50 50 54 44 44 6 8 8 13 13 10 7 7 10 5 5 1 1 0 0 0 0 0 0 0 0 0 0 0 0 1 1 1 1 1 0 0 0 0 0 0 0 0 0 0 0
 50 50 54 44 44 6 8 8 13 13 10 7 7 10 5 5 1 1 0 0 0 0 0 0 0 0 0 0 0 0 1 1 1 1 1 0 0 0 0 0 0 0 0 0 0 0
 49 49 49 42 42 2 3 3 7 7 14 14 14 27 18 18 1 1 0 0 0 0 0 0 0 0 0 0 0 0 2 2 0 0 0 0 0 0 0 0 0 0 0 0 0 0
 2 2 3 3 3 3 3 3 7 7 15 30 30 25 17 17 10 10 3 3 3 0 0 0 5 5 0 1 1 0 0 0 0 0 0 0 0 0 0 0 0 0 0 0 0 0
 2 2 3 3 3 3 3 3 7 7 15 30 30 25 17 17 10 10 3 3 3 0 0 0 5 5 0 1 1 0 0 0 0 0 0 0 0 0 0 0 0 0 0 0 0 0
 8 8 8 11 11 12 8 8 10 10 44 46 46 43 17 17 11 11 3 3 3 1 0 0 4 4 14 4 4 1 0 0 0 0 0 0 0 0 0 0 0 0 0 0 0 0
 20 20 29 37 37 36 25 25 48 48 48 50 50 51 28 28 25 25 5 4 4 4 1 1 3 3 22 14 14 1 0 0 0 0 0 0 0 0 0 0 0 0 0 0 0 0
 20 20 29 37 37 36 25 25 48 48 48 50 50 51 28 28 25 25 5 4 4 4 1 1 3 3 22 14 14 1 0 0 0 0 0 0 0 0 0 0 0 0 0 0 0 0
 34 34 45 49 49 43 29 29 26 26 23 21 21 24 32 32 27 27 5 8 8 8 2 2 0 0 23 0 0 0 0 0 0 0 0 0 0 0 0 0 0 0 0 0 0 0
 34 34 45 49 49 43 29 29 26 26 23 21 21 24 32 32 27 27 5 8 8 8 2 2 0 0 23 0 0 0 0 0 0 0 0 0 0 0 0 0 0 0 0 0 0 0
 35 35 45 47 47 36 27 27 26 26 24 21 21 73 69 69 53 53 11 8 8 8 2 2 1 1 0 0 0 0 0 0 0 0 0 0 0 0 0 0 0 0 0 0 0 0
 22 22 24 24 24 21 23 23 24 24 25 23 23 80 70 70 64 64 63 3 3 2 0 0 0 0 0 0 0 0 0 0 0 0 0 0 0 0 0 0 0 0 0 0 0 0
 22 22 24 24 24 21 23 23 24 24 25 23 23 80 70 70 64 64 63 3 3 2 0 0 0 0 0 0 0 0 0 0 0 0 0 0 0 0 0 0 0 0 0 0 0 0
 8 8 11 15 15 18 23 23 25 25 40 37 37 105 95 95 88 88 82 3 3 2 0 0 0 0 0 0 0 0 0 0 0 0 0 0 0 0 0 0 0 0 0 0 0 0
 2 2 3 7 7 13 18 18 22 22 37 35 35 97 9 9 17 17 15 0 0 0 0 0 0 0 0 0 0 0 0 0 0 0 0 0 0 0 0 0 0 0 0 0 0 0
 2 2 3 7 7 13 18 18 22 22 37 35 35 97 9 9 17 17 15 0 0 0 0 0 0 0 0 0 0 0 0 0 0 0 0 0 0 0 0 0 0 0 0 0 0 0
 0 0 1 3 3 7 11 11 14 14 14 13 13 10 5 5 2 2 13 0 0 0 0 0 0 0 0 0 0 0 0 0 0 0 2 2 2 1 4 4 0 0 0 0 0 1
 0 0 1 3 3 7 11 11 14 14 14 13 13 10 5 5 2 2 13 0 0 0 0 0 0 0 0 0 0 0 0 0 0 0 2 2 2 1 4 4 0 0 0 0 0 1
 0 0 0 1 1 2 4 4 5 5 5 4 4 3 1 1 0 0 0 0 0 0 0 0 0 0 0 1 1 1 3 3 2 2 3 3 3 7 4 4 4 4 2 0 0 2
 0 0 0 0 0 1 1 1 1 1 1 1 1 1 0 0 0 0 0 0 0 0 1 1 1 1 1 3 3 16 37 37 15 15 6 6 6 7 3 3 4 4 5 2 2 1
 0 0 0 0 0 1 1 1 1 1 1 1 1 1 0 0 0 0 0 0 0 0 1 1 1 1 1 3 3 16 37 37 15 15 6 6 6 7 3 3 4 4 5 2 2 1
 0 0 0 0 0 0 1 1 0 0 0 0 0 0 0 0 0 0 0 0 0 1 2 2 3 3 3 8 8 17 76 76 67 67 11 8 8 6 7 7 13 13 2 0 0 0
 0 0 0 0 0 0 0 0 0 0 0 0 0 0 0 0 0 0 0 1 1 1 3 3 3 3 6 7 7 18 71 71 71 71 21 11 11 10 7 7 3 3 0 0 0 0
 0 0 0 0 0 0 0 0 0 0 0 0 0 0 0 0 0 0 0 1 1 1 3 3 3 3 6 7 7 18 71 71 71 71 21 11 11 10 7 7 3 3 0 0 0 0
 0 0 0 0 0 0 0 0 0 0 0 0 0 1 1 1 1 1 1 3 3 3 10 10 9 9 12 19 19 51 61 61 65 65 39 14 14 10 4 4 2 2 1 0 0 0
 0 0 0 0 0 0 0 0 0 0 0 0 0 1 1 1 1 1 1 3 3 3 10 10 9 9 12 19 19 51 61 61 65 65 39 14 14 10 4 4 2 2 1 0 0 0
 0 0 0 0 0 0 0 0 0 0 0 0 0 1 2 2 5 5 7 4 4 15 11 11 15 15 25 20 20 48 57 57 72 72 64 13 13 11 4 4 3 3 1 0 0 0
 0 0 0 0 0 0 0 0 0 0 1 0 0 2 3 3 9 9 11 14 14 29 16 16 19 19 22 43 43 49 74 74 84 84 72 47 47 27 12 12 3 3 1 0 0 0
 0 0 0 0 0 0 0 0 0 0 1 0 0 2 3 3 9 9 11 14 14 29 16 16 19 19 22 43 43 49 74 74 84 84 72 47 47 27 12 12 3 3 1 0 0 0
 0 0 0 0 0 0 0 0 0 0 0 1 1 4 4 4 14 14 13 25 25 30 40 40 63 63 22 47 47 29 68 68 47 47 52 73 73 28 13 13 2 2 1 0 0 0
 0 0 0 1 1 2 2 2 1 1 1 6 6 7 6 6 26 26 13 24 24 33 50 50 65 65 64 27 27 44 49 49 57 57 42 39 39 22 6 6 2 2 0 0 0 0
 0 0 0 1 1 2 2 2 1 1 1 6 6 7 6 6 26 26 13 24 24 33 50 50 65 65 64 27 27 44 49 49 57 57 42 39 39 22 6 6 2 2 0 0 0 0
 0 0 0 1 1 1 3 3 3 3 6 11 11 12 10 10 30 30 21 25 25 62 47 47 58 58 58 49 49 39 29 29 33 33 39 35 35 15 1 1 0 0 1 1 1 3
 0 0 0 1 1 1 3 3 3 3 6 11 11 12 10 10 30 30 21 25 25 62 47 47 58 58 58 49 49 39 29 29 33 33 39 35 35 15 1 1 0 0 1 1 1 3
 0 0 0 2 2 2 6 6 5 5 12 86 86 87 30 30 34 34 26 20 20 50 33 33 38 38 59 60 60 48 15 15 22 22 7 27 27 3 1 1 1 1 1 11 11 10
 0 0 2 6 6 5 43 43 42 42 108 91 91 87 32 32 47 47 23 10 10 26 27 27 27 27 63 33 33 59 14 14 8 8 7 0 0 0 11 11 8 8 12 6 6 7
 0 0 2 6 6 5 43 43 42 42 108 91 91 87 32 32 47 47 23 10 10 26 27 27 27 27 63 33 33 59 14 14 8 8 7 0 0 0 11 11 8 8 12 6 6 7
 1 1 3 7 7 6 41 41 7 7 109 110 110 84 44 44 43 43 27 12 12 24 15 15 21 21 28 38 38 46 16 16 0 0 0 6 6 10 12 12 9 9 8 6 6 1
 1 1 2 3 3 3 6 6 6 6 105 106 106 67 71 71 62 62 73 57 57 85 15 15 28 28 17 27 27 13 13 13 0 0 0 6 6 9 22 22 8 8 4 1 1 0
 1 1 2 3 3 3 6 6 6 6 105 106 106 67 71 71 62 62 73 57 57 85 15 15 28 28 17 27 27 13 13 13 0 0 0 6 6 9 22 22 8 8 4 1 1 0
 0 0 0 1 1 1 2 2 4 4 21 23 23 66 70 70 61 61 89 87 87 87 70 70 85 85 22 22 22 9 3 3 0 0 0 0 0 1 7 7 11 11 0 0 0 0
 0 0 0 1 1 1 2 2 4 4 21 23 23 66 70 70 61 61 89 87 87 87 70 70 85 85 22 22 22 9 3 3 0 0 0 0 0 1 7 7 11 11 0 0 0 0
 0 0 0 0 0 1 1 1 4 4 6 3 3 39 42 42 81 81 86 95 95 94 87 87 87 87 47 45 45 10 36 36 1 1 4 4 4 1 0 0 1 1 0 0 0 0
 0 0 0 0 0 2 2 2 5 5 5 2 2 7 4 4 50 50 55 90 90 88 88 88 89 89 75 80 80 45 44 44 11 11 4 6 6 0 3 3 2 2 0 0 0 0
 0 0 0 0 0 2 2 2 5 5 5 2 2 7 4 4 50 50 55 90 90 88 88 88 89 89 75 80 80 45 44 44 11 11 4 6 6 0 3 3 2 2 0 0 0 0
 0 0 0 0 0 2 2 2 5 5 5 6 6 6 3 3 7 7 51 7 7 7 81 81 77 77 67 84 84 75 39 39 15 15 9 11 11 4 3 3 1 1 0 0 0 0
 0 0 1 1 1 1 1 1 6 6 6 6 6 6 7 7 7 7 6 3 3 5 6 6 2 2 6 42 42 44 49 49 25 25 15 73 73 71 18 18 5 5 15 8 8 0
 0 0 1 1 1 1 1 1 6 6 6 6 6 6 7 7 7 7 6 3 3 5 6 6 2 2 6 42 42 44 49 49 25 25 15 73 73 71 18 18 5 5 15 8 8 0
 1 1 1 1 1 1 1 1 1 1 2 6 6 6 7 7 7 7 2 2 2 5 6 6 5 5 4 15 15 12 29 29 27 27 31 51 51 30 33 33 4 4 5 4 4 0
 1 1 1 1 1 1 1 1 1 1 2 6 6 6 7 7 7 7 2 2 2 5 6 6 5 5 4 15 15 12 29 29 27 27 31 51 51 30 33 33 4 4 5 4 4 0
 1 1 1 1 1 1 1 1 1 1 1 1 1 1 2 2 1 1 2 1 1 4 4 4 4 4 3 12 12 12 23 23 32 32 35 31 31 27 17 17 15 15 1 1 1 0
 1 1 1 1 1 1 1 1 1 1 1 1 1 1 2 2 2 2 2 2 2 3 3 3 5 5 8 8 8 7 8 8 13 13 10 17 17 19 3 3 3 3 7 3 3 0
 1 1 1 1 1 1 1 1 1 1 1 1 1 1 2 2 2 2 2 2 2 3 3 3 5 5 8 8 8 7 8 8 13 13 10 17 17 19 3 3 3 3 7 3 3 0
 0 0 1 1 1 1 1 1 1 1 1 1 1 1 1 1 2 2 2 3 3 4 4 4 5 5 5 5 5 0 0 0 2 2 6 6 6 8 5 5 3 3 3 0 0 0
 0 0 0 0 0 0 1 1 0 0 0 1 1 1 1 1 1 1 1 2 2 3 4 4 4 4 4 4 4 4 0 0 0 0 0 0 0 2 3 3 0 0 1 0 0 0
