assets/RAT_results/precipitation/2021-11-19_IMERG.asc
ncols        46
nrows        77
xllcorner    74.800261325624
yllcorner    8.058333333333
cellsize     0.062500000000
NODATA_value -9999
 25 25 26 3 3 2 1 1 1 1 1 1 1 1 1 1 1 1 2 2 2 3 2 2 4 4 3 3 3 2 1 1 1 1 1 1 1 1 1 1 2 2 2 2 2 3
 18 18 26 14 14 8 0 0 1 1 1 1 1 0 1 1 1 1 1 2 2 2 2 2 2 2 1 1 1 1 1 1 1 1 1 1 1 1 1 1 2 2 3 3 3 3
 18 18 26 14 14 8 0 0 1 1 1 1 1 0 1 1 1 1 1 2 2 2 2 2 2 2 1 1 1 1 1 1 1 1 1 1 1 1 1 1 2 2 3 3 3 3
 5 5 8 15 15 15 2 2 2 2 2 1 1 0 0 0 1 1 1 2 2 1 1 1 1 1 1 0 0 1 1 1 1 1 1 1 1 1 2 2 2 2 3 3 3 2
 1 1 5 12 12 21 16 16 3 3 1 0 0 2 0 0 1 1 1 1 1 1 0 0 0 0 1 1 1 0 1 1 1 1 1 1 1 2 2 2 2 2 2 2 2 2
 1 1 5 12 12 21 16 16 3 3 1 0 0 2 0 0 1 1 1 1 1 1 0 0 0 0 1 1 1 0 1 1 1 1 1 1 1 2 2 2 2 2 2 2 2 2
 1 1 1 4 4 9 6 6 13 13 1 0 0 3 1 1 1 1 1 1 1 1 0 0 0 0 1 1 1 0 1 1 1 1 1 1 1 1 1 1 1 1 1 1 1 1
 1 1 1 4 4 9 6 6 13 13 1 0 0 3 1 1 1 1 1 1 1 1 0 0 0 0 1 1 1 0 1 1 1 1 1 1 1 1 1 1 1 1 1 1 1 1
 2 2 1 2 2 4 6 6 9 9 8 0 0 1 1 1 0 0 0 1 1 1 0 0 0 0 0 1 1 0 1 1 1 1 1 1 1 0 1 1 1 1 0 1 1 1
 3 3 3 1 1 11 14 14 10 10 4 0 0 5 6 6 0 0 0 0 0 0 0 0 0 0 0 0 0 1 1 1 0 0 0 1 1 0 0 0 1 1 1 1 1 2
 3 3 3 1 1 11 14 14 10 10 4 0 0 5 6 6 0 0 0 0 0 0 0 0 0 0 0 0 0 1 1 1 0 0 0 1 1 0 0 0 1 1 1 1 1 2
 3 3 2 4 4 2 19 19 8 8 10 4 4 3 4 4 2 2 2 0 0 0 0 0 0 0 0 0 0 1 1 1 3 3 2 1 1 0 0 0 0 0 1 1 1 2
 3 3 4 3 3 2 4 4 3 3 0 1 1 2 5 5 3 3 2 0 0 1 0 0 0 0 0 0 0 1 1 1 2 2 2 0 0 0 1 1 0 0 1 1 1 2
 3 3 4 3 3 2 4 4 3 3 0 1 1 2 5 5 3 3 2 0 0 1 0 0 0 0 0 0 0 1 1 1 2 2 2 0 0 0 1 1 0 0 1 1 1 2
 2 2 11 6 6 0 1 1 4 4 6 1 1 1 6 6 2 2 0 0 0 0 0 0 0 0 0 0 0 1 0 0 2 2 2 1 1 1 1 1 1 1 1 1 1 2
 2 2 11 6 6 0 1 1 4 4 6 1 1 1 6 6 2 2 0 0 0 0 0 0 0 0 0 0 0 1 0 0 2 2 2 1 1 1 1 1 1 1 1 1 1 2
 5 5 18 11 11 1 0 0 1 1 1 1 1 1 2 2 4 4 1 1 1 0 0 0 1 1 0 0 0 1 1 1 2 2 2 2 2 2 2 2 2 2 2 2 2 2
 5 5 14 18 18 6 2 2 0 0 1 7 7 3 0 0 3 3 1 3 3 1 2 2 1 1 0 1 1 1 2 2 3 3 4 5 5 4 4 4 3 3 3 3 3 3
 5 5 14 18 18 6 2 2 0 0 1 7 7 3 0 0 3 3 1 3 3 1 2 2 1 1 0 1 1 1 2 2 3 3 4 5 5 4 4 4 3 3 3 3 3 3
 5 5 7 13 13 11 4 4 4 4 2 7 7 2 0 0 0 0 0 6 6 1 1 1 0 0 1 1 1 2 3 3 4 4 6 6 6 5 5 5 4 4 4 4 4 9
 4 4 9 11 11 8 3 3 2 2 4 2 2 15 1 1 0 0 0 0 0 2 0 0 0 0 1 1 1 2 3 3 4 4 4 5 5 4 5 5 6 6 7 6 6 11
 4 4 9 11 11 8 3 3 2 2 4 2 2 15 1 1 0 0 0 0 0 2 0 0 0 0 1 1 1 2 3 3 4 4 4 5 5 4 5 5 6 6 7 6 6 11
 5 5 10 7 7 5 5 5 1 1 2 14 14 16 4 4 1 1 1 0 0 2 2 2 2 2 1 0 0 1 2 2 2 2 3 3 3 4 4 4 6 6 8 7 7 7
 5 5 10 7 7 5 5 5 1 1 2 14 14 16 4 4 1 1 1 0 0 2 2 2 2 2 1 0 0 1 2 2 2 2 3 3 3 4 4 4 6 6 8 7 7 7
 2 2 8 8 8 5 15 15 9 9 5 2 2 3 2 2 4 4 2 0 0 1 2 2 4 4 1 0 0 1 1 1 1 1 2 2 2 3 3 3 4 4 5 4 4 5
 2 2 4 7 7 9 17 17 15 15 7 3 3 3 4 4 7 7 2 0 0 0 1 1 2 2 2 1 1 2 1 1 1 1 1 1 1 2 2 2 3 3 3 4 4 3
 2 2 4 7 7 9 17 17 15 15 7 3 3 3 4 4 7 7 2 0 0 0 1 1 2 2 2 1 1 2 1 1 1 1 1 1 1 2 2 2 3 3 3 4 4 3
 1 1 2 5 5 14 21 21 19 19 19 4 4 3 4 4 7 7 7 9 9 2 0 0 0 0 2 5 5 7 4 4 0 0 0 1 1 1 1 1 1 1 1 2 2 2
 1 1 1 6 6 10 10 10 17 17 15 7 7 7 6 6 9 9 13 13 13 10 0 0 0 0 1 0 0 5 3 3 4 4 3 1 1 0 0 0 0 0 1 1 1 3
 1 1 1 6 6 10 10 10 17 17 15 7 7 7 6 6 9 9 13 13 13 10 0 0 0 0 1 0 0 5 3 3 4 4 3 1 1 0 0 0 0 0 1 1 1 3
 1 1 3 3 3 4 7 7 10 10 16 12 12 10 9 9 13 13 14 10 10 11 4 4 1 1 2 3 3 2 1 1 1 1 7 3 3 0 0 0 0 0 0 0 0 1
 1 1 3 3 3 4 7 7 10 10 16 12 12 10 9 9 13 13 14 10 10 11 4 4 1 1 2 3 3 2 1 1 1 1 7 3 3 0 0 0 0 0 0 0 0 1
 1 1 3 4 4 3 4 4 11 11 13 19 19 12 10 10 14 14 20 8 8 7 9 9 5 5 5 4 4 5 7 7 5 5 5 2 2 0 0 0 0 0 0 0 0 1
 1 1 1 2 2 3 4 4 2 2 11 21 21 16 13 13 15 15 25 43 43 23 34 34 9 9 4 3 3 0 1 1 3 3 0 0 0 0 0 0 0 0 0 0 0 1
 1 1 1 2 2 3 4 4 2 2 11 21 21 16 13 13 15 15 25 43 43 23 34 34 9 9 4 3 3 0 1 1 3 3 0 0 0 0 0 0 0 0 0 0 0 1
 1 1 1 2 2 3 3 3 6 6 15 14 14 11 34 34 22 22 17 17 17 19 11 11 12 12 5 8 8 4 2 2 0 0 0 0 0 0 0 0 0 0 0 0 0 0
 3 3 0 1 1 5 5 5 10 10 14 16 16 20 15 15 12 12 17 14 14 16 18 18 30 30 23 8 8 3 0 0 2 2 2 0 0 1 0 0 0 0 0 0 0 0
 3 3 0 1 1 5 5 5 10 10 14 16 16 20 15 15 12 12 17 14 14 16 18 18 30 30 23 8 8 3 0 0 2 2 2 0 0 1 0 0 0 0 0 0 0 0
 3 3 1 1 1 5 8 8 7 7 8 17 17 19 19 19 10 10 6 8 8 18 23 23 28 28 23 10 10 5 5 5 2 2 2 1 1 1 1 1 0 0 0 0 0 0
 3 3 1 1 1 5 8 8 7 7 8 17 17 19 19 19 10 10 6 8 8 18 23 23 28 28 23 10 10 5 5 5 2 2 2 1 1 1 1 1 0 0 0 0 0 0
 1 1 0 0 0 2 3 3 5 5 7 13 13 11 17 17 3 3 6 11 11 15 20 20 33 33 24 1 1 2 2 2 2 2 5 4 4 2 2 2 1 1 1 1 1 1
 1 1 0 0 0 3 3 3 3 3 9 11 11 10 7 7 7 7 3 5 5 10 12 12 5 5 12 1 1 3 2 2 7 7 1 4 4 4 3 3 2 2 2 2 2 2
 1 1 0 0 0 3 3 3 3 3 9 11 11 10 7 7 7 7 3 5 5 10 12 12 5 5 12 1 1 3 2 2 7 7 1 4 4 4 3 3 2 2 2 2 2 2
 1 1 1 1 1 1 2 2 1 1 2 1 1 6 3 3 7 7 4 6 6 10 16 16 17 17 14 8 8 2 4 4 6 6 1 4 4 3 6 6 3 3 2 2 2 2
 1 1 2 2 2 1 1 1 1 1 1 1 1 2 2 2 4 4 7 10 10 9 18 18 22 22 17 8 8 6 3 3 1 1 3 2 2 3 1 1 1 1 1 2 2 2
 1 1 2 2 2 1 1 1 1 1 1 1 1 2 2 2 4 4 7 10 10 9 18 18 22 22 17 8 8 6 3 3 1 1 3 2 2 3 1 1 1 1 1 2 2 2
 1 1 3 3 3 1 1 1 1 1 1 0 0 1 1 1 1 1 3 5 5 3 25 25 50 50 37 11 11 5 6 6 5 5 11 5 5 3 2 2 2 2 1 2 2 1
 1 1 3 3 3 1 1 1 1 1 1 0 0 1 1 1 1 1 3 5 5 3 25 25 50 50 37 11 11 5 6 6 5 5 11 5 5 3 2 2 2 2 1 2 2 1
 1 1 3 2 2 1 1 1 1 1 1 1 1 2 2 2 0 0 2 3 3 1 5 5 18 18 26 27 27 23 17 17 16 16 13 9 9 8 4 4 3 3 2 2 2 2
 1 1 1 1 1 1 1 1 2 2 1 1 1 2 2 2 1 1 4 4 4 1 1 1 9 9 11 24 24 29 28 28 24 24 14 12 12 8 6 6 4 4 3 3 3 2
 1 1 1 1 1 1 1 1 2 2 1 1 1 2 2 2 1 1 4 4 4 1 1 1 9 9 11 24 24 29 28 28 24 24 14 12 12 8 6 6 4 4 3 3 3 2
 1 1 1 1 1 1 2 2 2 2 1 4 4 2 2 2 2 2 2 3 3 2 4 4 10 10 14 9 9 14 20 20 18 18 10 11 11 7 6 6 5 5 4 2 2 1
 1 1 1 1 1 1 1 1 2 2 2 6 6 7 3 3 1 1 3 3 3 8 9 9 11 11 16 11 11 16 18 18 13 13 9 10 10 10 12 12 7 7 5 3 3 2
 1 1 1 1 1 1 1 1 2 2 2 6 6 7 3 3 1 1 3 3 3 8 9 9 11 11 16 11 11 16 18 18 13 13 9 10 10 10 12 12 7 7 5 3 3 2
 0 0 1 1 1 1 1 1 1 1 3 5 5 6 3 3 9 9 10 7 7 6 17 17 15 15 18 15 15 12 5 5 3 3 6 5 5 9 5 5 8 8 5 5 5 3
 0 0 1 1 1 1 1 1 1 1 3 5 5 6 3 3 9 9 10 7 7 6 17 17 15 15 18 15 15 12 5 5 3 3 6 5 5 9 5 5 8 8 5 5 5 3
 0 0 0 0 0 1 0 0 1 1 1 2 2 3 3 3 9 9 12 7 7 2 12 12 12 12 15 54 54 21 5 5 3 3 3 1 1 6 6 6 7 7 4 4 4 3
 0 0 0 0 0 0 0 0 0 0 1 1 1 1 2 2 3 3 4 3 3 5 11 11 9 9 17 15 15 27 21 21 4 4 5 1 1 4 1 1 3 3 4 3 3 2
 0 0 0 0 0 0 0 0 0 0 1 1 1 1 2 2 3 3 4 3 3 5 11 11 9 9 17 15 15 27 21 21 4 4 5 1 1 4 1 1 3 3 4 3 3 2
 0 0 0 0 0 0 0 0 0 0 0 0 0 1 1 1 2 2 1 2 2 4 11 11 12 12 20 21 21 23 18 18 20 20 12 2 2 2 2 2 5 5 1 3 3 3
 0 0 0 0 0 0 0 0 0 0 0 0 0 0 0 0 1 1 1 1 1 2 2 2 3 3 5 16 16 18 47 47 32 32 26 4 4 3 3 3 2 2 2 1 1 2
 0 0 0 0 0 0 0 0 0 0 0 0 0 0 0 0 1 1 1 1 1 2 2 2 3 3 5 16 16 18 47 47 32 32 26 4 4 3 3 3 2 2 2 1 1 2
 0 0 0 0 0 0 0 0 0 0 0 0 0 0 0 0 0 0 1 2 2 1 1 1 1 1 5 8 8 17 19 19 45 45 13 3 3 5 2 2 2 2 1 0 0 0
 0 0 0 0 0 0 0 0 0 0 0 0 0 0 0 0 0 0 1 2 2 1 1 1 1 1 5 8 8 17 19 19 45 45 13 3 3 5 2 2 2 2 1 0 0 0
 0 0 0 0 0 0 0 0 0 0 0 0 0 0 0 0 0 0 1 1 1 0 1 1 2 2 2 1 1 9 20 20 20 20 3 1 1 4 2 2 1 1 0 0 0 0
 0 0 0 0 0 0 0 0 0 0 0 0 0 0 0 0 0 0 0 0 0 0 0 0 1 1 1 0 0 1 3 3 3 3 4 1 1 7 4 4 2 2 1 0 0 0
 0 0 0 0 0 0 0 0 0 0 0 0 0 0 0 0 0 0 0 0 0 0 0 0 1 1 1 0 0 1 3 3 3 3 4 1 1 7 4 4 2 2 1 0 0 0
 1 1 0 0 0 0 0 0 0 0 0 0 0 1 0 0 0 0 0 0 0 0 0 0 0 0 0 0 0 0 1 1 2 2 1 1 1 4 5 5 2 2 1 2 2 0
 1 1 1 1 1 0 1 1 1 1 0 1 1 1 0 0 0 0 0 0 0 0 0 0 0 0 0 0 0 0 0 0 1 1 1 1 1 1 1 1 0 0 1 3 3 0
 1 1 1 1 1 0 1 1 1 1 0 1 1 1 0 0 0 0 0 0 0 0 0 0 0 0 0 0 0 0 0 0 1 1 1 1 1 1 1 1 0 0 1 3 3 0
 1 1 1 0 0 0 0 0 0 0 1 0 0 0 0 0 0 0 0 0 0 0 0 0 0 0 0 2 2 3 1 1 0 0 2 1 1 0 0 0 0 0 0 0 0 0
 1 1 1 0 0 0 0 0 0 0 1 0 0 0 0 0 0 0 0 0 0 0 0 0 0 0 0 2 2 3 1 1 0 0 2 1 1 0 0 0 0 0 0 0 0 0
 1 1 1 0 0 0 0 0 0 0 0 0 0 1 1 1 0 0 0 0 0 0 0 0 0 0 2 2 2 2 1 1 0 0 3 2 2 2 1 1 1 1 1 1 1 1
 1 1 1 0 0 0 0 0 0 0 0 0 0 1 1 1 0 0 1 0 0 0 0 0 0 0 0 0 0 1 1 1 0 0 0 0 0 1 1 1 3 3 5 5 5 6
 1 1 1 0 0 0 0 0 0 0 0 0 0 1 1 1 0 0 1 0 0 0 0 0 0 0 0 0 0 1 1 1 0 0 0 0 0 1 1 1 3 3 5 5 5 6
 1 1 1 0 0 0 0 0 0 0 0 0 0 1 0 0 1 1 1 0 0 0 0 0 0 0 1 0 0 1 1 1 0 0 0 0 0 1 1 1 3 3 5 3 3 3
 1 1 0 0 0 0 0 0 0 0 0 0 0 1 1 1 1 1 1 0 0 0 0 0 1 1 1 2 2 2 0 0 0 0 0 1 1 4 0 0 0 0 1 0 0 1
