assets/RAT_results/precipitation/2021-09-18_IMERG.asc
ncols        46
nrows        77
xllcorner    74.800261325624
yllcorner    8.058333333333
cellsize     0.062500000000
NODATA_value -9999
 0 0 1 0 0 0 0 0 0 0 0 0 0 0 1 1 0 0 1 2 2 1 1 1 1 1 1 1 1 2 2 2 2 2 2 2 2 3 3 3 3 3 4 5 5 6
 0 0 1 0 0 0 0 0 0 0 0 0 0 0 1 1 1 1 1 2 2 2 2 2 2 2 2 2 2 2 3 3 3 3 3 3 3 4 4 4 5 5 6 7 7 9
 0 0 1 0 0 0 0 0 0 0 0 0 0 0 1 1 1 1 1 2 2 2 2 2 2 2 2 2 2 2 3 3 3 3 3 3 3 4 4 4 5 5 6 7 7 9
 1 1 0 1 1 0 0 0 0 0 0 0 0 0 1 1 1 1 1 1 1 2 2 2 3 3 3 3 3 4 5 5 5 5 5 4 4 4 5 5 6 6 6 7 7 9
 1 1 0 1 1 0 0 0 1 1 0 0 0 0 1 1 1 1 1 1 1 1 3 3 3 3 3 4 4 5 6 6 7 7 7 5 5 5 5 5 6 6 6 7 7 6
 1 1 0 1 1 0 0 0 1 1 0 0 0 0 1 1 1 1 1 1 1 1 3 3 3 3 3 4 4 5 6 6 7 7 7 5 5 5 5 5 6 6 6 7 7 6
 2 2 1 1 1 1 1 1 1 1 1 1 1 0 1 1 2 2 1 2 2 2 2 2 3 3 3 3 3 5 6 6 7 7 7 6 6 5 5 5 5 5 4 4 4 5
 2 2 1 1 1 1 1 1 1 1 1 1 1 0 1 1 2 2 1 2 2 2 2 2 3 3 3 3 3 5 6 6 7 7 7 6 6 5 5 5 5 5 4 4 4 5
 1 1 2 2 2 1 1 1 2 2 1 1 1 1 2 2 1 1 2 4 4 3 2 2 2 2 2 1 1 2 2 2 3 3 3 3 3 3 3 3 3 3 2 2 2 3
 0 0 1 1 1 2 1 1 1 1 1 1 1 0 1 1 1 1 1 1 1 1 1 1 1 1 0 1 1 0 0 0 1 1 1 1 1 1 1 1 1 1 1 1 1 1
 0 0 1 1 1 2 1 1 1 1 1 1 1 0 1 1 1 1 1 1 1 1 1 1 1 1 0 1 1 0 0 0 1 1 1 1 1 1 1 1 1 1 1 1 1 1
 0 0 0 1 1 1 2 2 0 0 1 1 1 1 2 2 1 1 1 0 0 0 0 0 0 0 0 0 0 0 0 0 1 1 0 1 1 1 1 1 0 0 0 0 0 0
 0 0 0 1 1 1 1 1 1 1 1 1 1 1 2 2 1 1 1 1 1 0 0 0 0 0 0 0 0 0 0 0 0 0 0 1 1 1 1 1 0 0 0 0 0 0
 0 0 0 1 1 1 1 1 1 1 1 1 1 1 2 2 1 1 1 1 1 0 0 0 0 0 0 0 0 0 0 0 0 0 0 1 1 1 1 1 0 0 0 0 0 0
 0 0 0 0 0 2 2 2 2 2 1 1 1 1 2 2 2 2 1 1 1 0 0 0 0 0 0 0 0 0 0 0 0 0 0 0 0 0 0 0 0 0 0 0 0 0
 0 0 0 0 0 2 2 2 2 2 1 1 1 1 2 2 2 2 1 1 1 0 0 0 0 0 0 0 0 0 0 0 0 0 0 0 0 0 0 0 0 0 0 0 0 0
 0 0 0 0 0 1 2 2 2 2 2 1 1 0 1 1 0 0 0 0 0 0 0 0 0 0 0 0 0 0 0 0 0 0 0 0 0 0 0 0 0 0 0 0 0 0
 0 0 0 0 0 1 3 3 2 2 3 1 1 1 0 0 0 0 0 0 0 0 0 0 0 0 0 0 0 1 1 1 1 1 1 1 1 2 1 1 0 0 0 0 0 1
 0 0 0 0 0 1 3 3 2 2 3 1 1 1 0 0 0 0 0 0 0 0 0 0 0 0 0 0 0 1 1 1 1 1 1 1 1 2 1 1 0 0 0 0 0 1
 0 0 0 0 0 0 2 2 2 2 2 1 1 1 1 1 1 1 0 0 0 0 0 0 0 0 0 0 0 0 0 0 0 0 1 2 2 3 2 2 1 1 0 0 0 0
 0 0 0 0 0 0 1 1 2 2 1 2 2 1 1 1 1 1 0 0 0 0 0 0 0 0 0 0 0 0 0 0 1 1 1 1 1 1 1 1 0 0 0 0 0 0
 0 0 0 0 0 0 1 1 2 2 1 2 2 1 1 1 1 1 0 0 0 0 0 0 0 0 0 0 0 0 0 0 1 1 1 1 1 1 1 1 0 0 0 0 0 0
 0 0 0 0 0 0 1 1 1 1 1 0 0 2 1 1 0 0 0 0 0 0 0 0 0 0 0 0 0 1 1 1 2 2 2 1 1 1 1 1 0 0 0 0 0 0
 0 0 0 0 0 0 1 1 1 1 1 0 0 2 1 1 0 0 0 0 0 0 0 0 0 0 0 0 0 1 1 1 2 2 2 1 1 1 1 1 0 0 0 0 0 0
 1 1 1 1 1 1 1 1 1 1 0 1 1 1 1 1 1 1 0 0 0 0 0 0 1 1 0 1 1 3 2 2 5 5 3 1 1 0 1 1 0 0 0 0 0 0
 0 0 0 0 0 1 1 1 1 1 0 1 1 1 1 1 1 1 0 0 0 0 1 1 1 1 1 1 1 3 1 1 2 2 2 1 1 1 1 1 1 1 0 0 0 0
 0 0 0 0 0 1 1 1 1 1 0 1 1 1 1 1 1 1 0 0 0 0 1 1 1 1 1 1 1 3 1 1 2 2 2 1 1 1 1 1 1 1 0 0 0 0
 0 0 0 0 0 0 1 1 0 0 0 1 1 1 1 1 1 1 1 1 1 1 0 0 1 1 1 1 1 1 1 1 1 1 1 2 2 2 2 2 2 2 1 1 1 1
 0 0 0 0 0 0 1 1 0 0 0 0 0 1 1 1 1 1 1 1 1 2 1 1 1 1 0 1 1 1 1 1 1 1 1 2 2 1 2 2 2 2 1 1 1 2
 0 0 0 0 0 0 1 1 0 0 0 0 0 1 1 1 1 1 1 1 1 2 1 1 1 1 0 1 1 1 1 1 1 1 1 2 2 1 2 2 2 2 1 1 1 2
 0 0 0 0 0 0 1 1 1 1 1 1 1 1 1 1 1 1 2 1 1 1 1 1 0 0 1 1 1 1 1 1 1 1 1 1 1 1 2 2 2 2 2 2 2 2
 0 0 0 0 0 0 1 1 1 1 1 1 1 1 1 1 1 1 2 1 1 1 1 1 0 0 1 1 1 1 1 1 1 1 1 1 1 1 2 2 2 2 2 2 2 2
 1 1 1 1 1 1 1 1 1 1 1 1 1 1 2 2 3 3 2 2 2 1 1 1 1 1 1 1 1 2 2 2 2 2 2 2 2 1 1 1 1 1 1 1 1 2
 1 1 1 1 1 1 1 1 1 1 1 1 1 1 2 2 2 2 3 4 4 2 3 3 2 2 2 2 2 1 1 1 1 1 1 3 3 2 1 1 1 1 1 2 2 3
 1 1 1 1 1 1 1 1 1 1 1 1 1 1 2 2 2 2 3 4 4 2 3 3 2 2 2 2 2 1 1 1 1 1 1 3 3 2 1 1 1 1 1 2 2 3
 2 2 2 1 1 1 1 1 1 1 1 1 1 1 1 1 1 1 3 3 3 3 5 5 5 5 4 2 2 2 1 1 1 1 1 2 2 3 2 2 1 1 1 1 1 2
 2 2 2 1 1 1 1 1 1 1 1 0 0 1 1 1 1 1 1 2 2 3 5 5 4 4 3 2 2 2 1 1 1 1 0 0 0 0 0 0 0 0 0 1 1 1
 2 2 2 1 1 1 1 1 1 1 1 0 0 1 1 1 1 1 1 2 2 3 5 5 4 4 3 2 2 2 1 1 1 1 0 0 0 0 0 0 0 0 0 1 1 1
 1 1 1 1 1 1 1 1 0 0 1 1 1 1 1 1 1 1 1 2 2 4 3 3 3 3 2 1 1 1 1 1 1 1 0 0 0 0 0 0 0 0 0 1 1 1
 1 1 1 1 1 1 1 1 0 0 1 1 1 1 1 1 1 1 1 2 2 4 3 3 3 3 2 1 1 1 1 1 1 1 0 0 0 0 0 0 0 0 0 1 1 1
 0 0 0 1 1 1 1 1 1 1 1 1 1 1 1 1 1 1 2 3 3 4 5 5 3 3 3 2 2 2 2 2 1 1 0 1 1 1 0 0 0 0 0 0 0 1
 0 0 0 1 1 1 2 2 2 2 2 2 2 2 2 2 2 2 3 4 4 6 5 5 4 4 3 3 3 2 2 2 2 2 5 7 7 5 4 4 2 2 1 2 2 4
 0 0 0 1 1 1 2 2 2 2 2 2 2 2 2 2 2 2 3 4 4 6 5 5 4 4 3 3 3 2 2 2 2 2 5 7 7 5 4 4 2 2 1 2 2 4
 1 1 1 1 1 1 2 2 2 2 2 2 2 2 2 2 2 2 4 4 4 7 8 8 6 6 4 3 3 7 7 7 9 9 8 11 11 10 10 10 8 8 6 7 7 6
 1 1 1 1 1 1 1 1 1 1 1 1 1 2 2 2 2 2 3 4 4 5 6 6 5 5 3 3 3 6 3 3 9 9 9 12 12 12 11 11 10 10 11 15 15 11
 1 1 1 1 1 1 1 1 1 1 1 1 1 2 2 2 2 2 3 4 4 5 6 6 5 5 3 3 3 6 3 3 9 9 9 12 12 12 11 11 10 10 11 15 15 11
 1 1 1 1 1 1 1 1 1 1 1 1 1 2 2 2 2 2 2 4 4 4 3 3 5 5 4 3 3 3 4 4 7 7 8 11 11 10 17 17 19 19 18 17 17 12
 1 1 1 1 1 1 1 1 1 1 1 1 1 2 2 2 2 2 2 4 4 4 3 3 5 5 4 3 3 3 4 4 7 7 8 11 11 10 17 17 19 19 18 17 17 12
 0 0 0 0 0 0 0 0 1 1 1 1 1 1 2 2 2 2 2 4 4 4 3 3 4 4 5 4 4 3 5 5 5 5 8 10 10 9 15 15 13 13 19 19 19 18
 0 0 1 1 1 1 1 1 1 1 1 1 1 1 1 1 1 1 2 3 3 6 5 5 6 6 6 3 3 3 5 5 5 5 5 5 5 6 7 7 13 13 19 21 21 15
 0 0 1 1 1 1 1 1 1 1 1 1 1 1 1 1 1 1 2 3 3 6 5 5 6 6 6 3 3 3 5 5 5 5 5 5 5 6 7 7 13 13 19 21 21 15
 0 0 1 1 1 1 1 1 1 1 1 1 1 1 1 1 2 2 2 2 2 4 11 11 10 10 6 5 5 5 5 5 5 5 6 6 6 8 7 7 13 13 19 22 22 15
 0 0 0 0 0 0 0 0 0 0 1 1 1 2 2 2 6 6 6 6 6 7 9 9 12 12 8 7 7 11 9 9 8 8 9 9 9 9 7 7 13 13 18 19 19 14
 0 0 0 0 0 0 0 0 0 0 1 1 1 2 2 2 6 6 6 6 6 7 9 9 12 12 8 7 7 11 9 9 8 8 9 9 9 9 7 7 13 13 18 19 19 14
 0 0 0 0 0 0 0 0 0 0 1 1 1 2 2 2 6 6 6 2 2 7 8 8 11 11 14 13 13 12 12 12 12 12 17 18 18 15 17 17 17 17 22 19 19 13
 0 0 0 0 0 0 0 0 0 0 1 1 1 2 2 2 6 6 6 2 2 7 8 8 11 11 14 13 13 12 12 12 12 12 17 18 18 15 17 17 17 17 22 19 19 13
 0 0 0 0 0 0 0 0 0 0 0 1 1 1 1 1 3 3 3 3 3 4 8 8 10 10 11 15 15 17 17 17 20 20 20 20 20 19 25 25 36 36 26 28 28 12
 0 0 0 0 0 0 0 0 0 0 0 1 1 1 1 1 3 3 3 4 4 4 7 7 7 7 13 16 16 17 17 17 22 22 22 23 23 23 26 26 34 34 23 31 31 19
 0 0 0 0 0 0 0 0 0 0 0 1 1 1 1 1 3 3 3 4 4 4 7 7 7 7 13 16 16 17 17 17 22 22 22 23 23 23 26 26 34 34 23 31 31 19
 0 0 0 0 0 0 0 0 0 0 1 1 1 1 2 2 3 3 3 4 4 8 10 10 10 10 17 18 18 19 19 19 24 24 24 23 23 23 25 25 25 25 28 25 25 23
 0 0 0 0 0 0 0 0 1 1 1 1 1 2 3 3 5 5 7 8 8 8 10 10 11 11 13 21 21 20 19 19 20 20 22 24 24 26 26 26 28 28 29 33 33 24
 0 0 0 0 0 0 0 0 1 1 1 1 1 2 3 3 5 5 7 8 8 8 10 10 11 11 13 21 21 20 19 19 20 20 22 24 24 26 26 26 28 28 29 33 33 24
 0 0 0 0 0 0 1 1 1 1 1 2 2 3 3 3 4 4 7 10 10 10 10 10 12 12 13 21 21 20 19 19 19 19 23 23 23 25 24 24 23 23 29 27 27 19
 0 0 0 0 0 0 1 1 1 1 1 2 2 3 3 3 4 4 7 10 10 10 10 10 12 12 13 21 21 20 19 19 19 19 23 23 23 25 24 24 23 23 29 27 27 19
 0 0 0 0 0 0 1 1 1 1 1 1 1 2 3 3 4 4 8 10 10 10 10 10 11 11 12 13 13 19 20 20 17 17 20 21 21 20 21 21 20 20 17 13 13 16
 0 0 0 0 0 0 0 0 0 0 0 1 1 2 2 2 3 3 3 8 8 8 8 8 10 10 10 10 10 15 15 15 15 15 15 16 16 17 18 18 18 18 17 13 13 19
 0 0 0 0 0 0 0 0 0 0 0 1 1 2 2 2 3 3 3 8 8 8 8 8 10 10 10 10 10 15 15 15 15 15 15 16 16 17 18 18 18 18 17 13 13 19
 0 0 0 0 0 0 0 0 0 0 0 0 0 1 1 1 2 2 2 6 6 7 7 7 8 8 8 8 8 8 12 12 12 12 14 13 13 14 14 14 16 16 19 18 18 20
 0 0 0 0 0 0 0 0 0 0 0 0 0 1 1 1 1 1 2 6 6 6 6 6 6 6 9 9 9 10 10 10 13 13 13 13 13 14 13 13 16 16 16 16 16 11
 0 0 0 0 0 0 0 0 0 0 0 0 0 1 1 1 1 1 2 6 6 6 6 6 6 6 9 9 9 10 10 10 13 13 13 13 13 14 13 13 16 16 16 16 16 11
 0 0 0 0 0 0 0 0 0 0 0 0 0 0 1 1 1 1 2 2 2 5 5 5 5 5 8 8 8 4 9 9 8 8 11 11 11 12 12 12 15 15 14 8 8 9
 0 0 0 0 0 0 0 0 0 0 0 0 0 0 1 1 1 1 2 2 2 5 5 5 5 5 8 8 8 4 9 9 8 8 11 11 11 12 12 12 15 15 14 8 8 9
 0 0 0 0 0 0 0 0 0 0 0 0 0 0 1 1 1 1 1 2 2 5 2 2 2 2 3 3 3 3 7 7 8 8 10 9 9 6 9 9 11 11 7 5 5 7
 0 0 0 0 0 0 0 0 0 0 0 0 0 0 1 1 1 1 1 1 1 1 1 1 1 1 2 1 1 1 1 1 2 2 2 2 2 4 4 4 3 3 2 2 2 1
 0 0 0 0 0 0 0 0 0 0 0 0 0 0 1 1 1 1 1 1 1 1 1 1 1 1 2 1 1 1 1 1 2 2 2 2 2 4 4 4 3 3 2 2 2 1
 0 0 0 0 0 0 0 0 0 0 0 0 0 1 0 0 0 0 0 0 0 0 0 0 0 0 0 0 0 1 0 0 1 1 0 0 0 0 1 1 1 1 1 1 1 1
 0 0 0 0 0 0 0 0 0 0 0 0 0 0 0 0 0 0 0 0 0 0 0 0 0 0 0 0 0 0 0 0 0 0 0 0 0 0 0 0 0 0 0 0 0 0
