assets/RAT_results/precipitation/2021-10-05_IMERG.asc
ncols        46
nrows        77
xllcorner    74.800261325624
yllcorner    8.058333333333
cellsize     0.062500000000
NODATA_value -9999
 40 40 36 30 30 26 28 28 46 46 45 29 29 17 16 16 20 20 27 32 32 29 8 8 8 8 8 9 9 11 10 10 12 12 15 15 15 19 24 24 24 24 25 23 23 29
 33 33 26 34 34 28 37 37 46 46 50 35 35 26 26 26 26 26 24 38 38 31 12 12 8 8 8 8 8 9 9 9 11 11 13 13 13 20 22 22 24 24 26 25 25 30
 33 33 26 34 34 28 37 37 46 46 50 35 35 26 26 26 26 26 24 38 38 31 12 12 8 8 8 8 8 9 9 9 11 11 13 13 13 20 22 22 24 24 26 25 25 30
 33 33 32 37 37 37 35 35 39 39 38 37 37 27 22 22 19 19 28 38 38 30 13 13 12 12 9 7 7 8 8 8 12 12 14 12 12 17 21 21 24 24 20 20 20 24
 28 28 40 45 45 47 41 41 42 42 38 36 36 23 15 15 31 31 39 30 30 15 25 25 15 15 7 8 8 7 8 8 12 12 26 16 16 15 13 13 18 18 17 20 20 22
 28 28 40 45 45 47 41 41 42 42 38 36 36 23 15 15 31 31 39 30 30 15 25 25 15 15 7 8 8 7 8 8 12 12 26 16 16 15 13 13 18 18 17 20 20 22
 27 27 28 41 41 49 39 39 36 36 42 40 40 27 21 21 29 29 26 11 11 11 14 14 9 9 4 4 4 5 8 8 13 13 29 41 41 15 14 14 13 13 13 19 19 18
 27 27 28 41 41 49 39 39 36 36 42 40 40 27 21 21 29 29 26 11 11 11 14 14 9 9 4 4 4 5 8 8 13 13 29 41 41 15 14 14 13 13 13 19 19 18
 34 34 29 34 34 37 25 25 23 23 27 28 28 17 11 11 13 13 10 9 9 7 8 8 5 5 2 2 2 4 7 7 8 8 11 16 16 17 10 10 14 14 12 15 15 14
 29 29 26 29 29 32 26 26 23 23 13 17 17 17 15 15 16 16 6 5 5 3 4 4 3 3 3 2 2 3 4 4 4 4 5 7 7 9 9 9 12 12 13 14 14 15
 29 29 26 29 29 32 26 26 23 23 13 17 17 17 15 15 16 16 6 5 5 3 4 4 3 3 3 2 2 3 4 4 4 4 5 7 7 9 9 9 12 12 13 14 14 15
 17 17 21 21 21 23 26 26 22 22 19 19 19 9 10 10 9 9 7 4 4 3 2 2 2 2 2 2 2 3 3 3 4 4 5 4 4 6 5 5 10 10 10 9 9 13
 18 18 22 21 21 26 23 23 19 19 23 18 18 19 12 12 5 5 5 8 8 4 5 5 5 5 2 2 2 3 2 2 4 4 4 4 4 3 4 4 8 8 10 8 8 13
 18 18 22 21 21 26 23 23 19 19 23 18 18 19 12 12 5 5 5 8 8 4 5 5 5 5 2 2 2 3 2 2 4 4 4 4 4 3 4 4 8 8 10 8 8 13
 17 17 21 21 21 41 34 34 22 22 23 17 17 17 12 12 17 17 8 7 7 10 5 5 5 5 2 2 2 2 2 2 3 3 4 3 3 3 6 6 7 7 6 6 6 15
 17 17 21 21 21 41 34 34 22 22 23 17 17 17 12 12 17 17 8 7 7 10 5 5 5 5 2 2 2 2 2 2 3 3 4 3 3 3 6 6 7 7 6 6 6 15
 11 11 40 42 42 43 43 43 23 23 20 19 19 18 18 18 17 17 7 17 17 19 19 19 11 11 2 2 2 2 1 1 2 2 3 3 3 4 5 5 5 5 5 4 4 10
 14 14 14 7 7 5 9 9 9 9 20 6 6 10 13 13 13 13 15 15 15 17 17 17 1 1 1 1 1 2 1 1 1 1 1 2 2 3 3 3 3 3 4 3 3 2
 14 14 14 7 7 5 9 9 9 9 20 6 6 10 13 13 13 13 15 15 15 17 17 17 1 1 1 1 1 2 1 1 1 1 1 2 2 3 3 3 3 3 4 3 3 2
 10 10 10 10 10 8 6 6 5 5 8 9 9 12 4 4 13 13 1 3 3 3 3 3 2 2 2 5 5 1 1 1 1 1 1 2 2 1 1 1 1 1 2 2 2 2
 10 10 10 13 13 9 9 9 9 9 11 15 15 11 9 9 7 7 3 8 8 13 11 11 6 6 5 4 4 2 1 1 1 1 2 5 5 5 0 0 1 1 1 2 2 2
 10 10 10 13 13 9 9 9 9 9 11 15 15 11 9 9 7 7 3 8 8 13 11 11 6 6 5 4 4 2 1 1 1 1 2 5 5 5 0 0 1 1 1 2 2 2
 9 9 13 14 14 10 11 11 12 12 12 12 12 20 17 17 21 21 13 11 11 12 11 11 12 12 10 10 10 4 3 3 3 3 3 2 2 1 0 0 0 0 0 1 1 1
 9 9 13 14 14 10 11 11 12 12 12 12 12 20 17 17 21 21 13 11 11 12 11 11 12 12 10 10 10 4 3 3 3 3 3 2 2 1 0 0 0 0 0 1 1 1
 9 9 13 10 10 11 14 14 18 18 17 17 17 25 22 22 30 30 25 17 17 11 12 12 13 13 12 13 13 6 6 6 9 9 9 3 3 0 0 0 0 0 1 1 1 2
 8 8 13 14 14 15 15 15 16 16 16 17 17 19 25 25 30 30 28 17 17 7 9 9 11 11 11 11 11 11 10 10 10 10 13 2 2 0 0 0 1 1 0 1 1 2
 8 8 13 14 14 15 15 15 16 16 16 17 17 19 25 25 30 30 28 17 17 7 9 9 11 11 11 11 11 11 10 10 10 10 13 2 2 0 0 0 1 1 0 1 1 2
 9 9 11 14 14 15 12 12 14 14 15 16 16 16 16 16 20 20 18 15 15 10 13 13 12 12 15 14 14 13 12 12 10 10 6 1 1 1 0 0 0 0 1 1 1 2
 9 9 7 15 15 14 10 10 11 11 14 16 16 17 17 17 17 17 14 14 14 15 16 16 10 10 9 12 12 12 15 15 5 5 3 3 3 0 0 0 0 0 0 1 1 1
 9 9 7 15 15 14 10 10 11 11 14 16 16 17 17 17 17 17 14 14 14 15 16 16 10 10 9 12 12 12 15 15 5 5 3 3 3 0 0 0 0 0 0 1 1 1
 7 7 4 9 9 9 9 9 12 12 14 14 14 15 20 20 22 22 20 23 23 22 24 24 19 19 16 14 14 13 6 6 1 1 1 0 0 0 0 0 0 0 0 0 0 1
 7 7 4 9 9 9 9 9 12 12 14 14 14 15 20 20 22 22 20 23 23 22 24 24 19 19 16 14 14 13 6 6 1 1 1 0 0 0 0 0 0 0 0 0 0 1
 9 9 5 9 9 9 9 9 15 15 18 14 14 13 17 17 28 28 24 25 25 29 35 35 32 32 24 12 12 8 4 4 2 2 1 3 3 3 0 0 0 0 1 2 2 1
 12 12 8 7 7 15 12 12 13 13 16 13 13 14 20 20 26 26 35 36 36 28 37 37 36 36 33 19 19 9 6 6 4 4 2 2 2 2 1 1 1 1 2 2 2 0
 12 12 8 7 7 15 12 12 13 13 16 13 13 14 20 20 26 26 35 36 36 28 37 37 36 36 33 19 19 9 6 6 4 4 2 2 2 2 1 1 1 1 2 2 2 0
 20 20 9 9 9 7 14 14 13 13 15 16 16 20 22 22 26 26 34 39 39 34 30 30 31 31 37 23 23 10 8 8 8 8 4 2 2 1 0 0 1 1 4 5 5 1
 22 22 10 9 9 8 12 12 11 11 12 14 14 18 21 21 23 23 27 32 32 28 29 29 32 32 32 29 29 11 11 11 6 6 3 1 1 1 0 0 1 1 4 13 13 4
 22 22 10 9 9 8 12 12 11 11 12 14 14 18 21 21 23 23 27 32 32 28 29 29 32 32 32 29 29 11 11 11 6 6 3 1 1 1 0 0 1 1 4 13 13 4
 18 18 16 14 14 14 18 18 10 10 11 13 13 17 19 19 18 18 20 26 26 29 32 32 30 30 32 24 24 11 10 10 5 5 2 1 1 3 3 3 3 3 4 14 14 9
 18 18 16 14 14 14 18 18 10 10 11 13 13 17 19 19 18 18 20 26 26 29 32 32 30 30 32 24 24 11 10 10 5 5 2 1 1 3 3 3 3 3 4 14 14 9
 22 22 16 6 6 11 18 18 10 10 11 17 17 19 16 16 13 13 15 24 24 21 24 24 22 22 22 26 26 18 17 17 9 9 7 8 8 6 5 5 6 6 9 26 26 24
 20 20 28 12 12 6 6 6 10 10 11 9 9 15 8 8 7 7 9 12 12 15 19 19 16 16 23 20 20 15 15 15 14 14 11 12 12 9 8 8 7 7 9 22 22 25
 20 20 28 12 12 6 6 6 10 10 11 9 9 15 8 8 7 7 9 12 12 15 19 19 16 16 23 20 20 15 15 15 14 14 11 12 12 9 8 8 7 7 9 22 22 25
 29 29 24 12 12 4 6 6 6 6 7 8 8 8 8 8 6 6 8 10 10 14 10 10 9 9 16 14 14 13 13 13 9 9 11 12 12 9 12 12 10 10 9 6 6 20
 26 26 18 5 5 6 3 3 5 5 7 9 9 18 18 18 8 8 57 9 9 21 10 10 10 10 8 16 16 4 9 9 9 9 10 12 12 12 12 12 10 10 10 7 7 15
 26 26 18 5 5 6 3 3 5 5 7 9 9 18 18 18 8 8 57 9 9 21 10 10 10 10 8 16 16 4 9 9 9 9 10 12 12 12 12 12 10 10 10 7 7 15
 15 15 17 4 4 4 5 5 6 6 9 10 10 21 40 40 57 57 57 22 22 22 6 6 16 16 11 9 9 7 11 11 12 12 14 14 14 15 16 16 18 18 18 15 15 15
 15 15 17 4 4 4 5 5 6 6 9 10 10 21 40 40 57 57 57 22 22 22 6 6 16 16 11 9 9 7 11 11 12 12 14 14 14 15 16 16 18 18 18 15 15 15
 7 7 6 5 5 7 5 5 7 7 14 14 14 46 40 40 59 59 56 26 26 27 12 12 18 18 16 11 11 7 10 10 11 11 16 18 18 19 20 20 22 22 18 16 16 14
 7 7 8 7 7 5 5 5 8 8 15 13 13 10 26 26 26 26 85 26 26 28 14 14 28 28 16 9 9 7 11 11 10 10 17 20 20 19 19 19 19 19 20 16 16 13
 7 7 8 7 7 5 5 5 8 8 15 13 13 10 26 26 26 26 85 26 26 28 14 14 28 28 16 9 9 7 11 11 10 10 17 20 20 19 19 19 19 19 20 16 16 13
 6 6 8 8 8 5 7 7 6 6 7 9 9 8 24 24 24 24 24 26 26 26 13 13 26 26 20 10 10 11 12 12 12 12 15 22 22 20 21 21 23 23 22 20 20 15
 7 7 8 8 8 6 6 6 6 6 6 6 6 6 13 13 12 12 24 5 5 10 12 12 32 32 22 13 13 14 15 15 14 14 15 19 19 18 22 22 21 21 21 29 29 27
 7 7 8 8 8 6 6 6 6 6 6 6 6 6 13 13 12 12 24 5 5 10 12 12 32 32 22 13 13 14 15 15 14 14 15 19 19 18 22 22 21 21 21 29 29 27
 8 8 8 9 9 6 6 6 9 9 6 5 5 6 6 6 7 7 5 5 5 10 13 13 35 35 22 15 15 14 13 13 13 13 12 14 14 13 13 13 16 16 18 26 26 25
 8 8 8 9 9 6 6 6 9 9 6 5 5 6 6 6 7 7 5 5 5 10 13 13 35 35 22 15 15 14 13 13 13 13 12 14 14 13 13 13 16 16 18 26 26 25
 9 9 8 8 8 7 6 6 5 5 8 6 6 6 7 7 8 8 5 5 5 8 12 12 33 33 25 18 18 15 12 12 10 10 10 11 11 10 11 11 15 15 12 12 12 12
 27 27 14 8 8 10 9 9 10 10 8 5 5 7 7 7 6 6 4 4 4 5 8 8 9 9 20 12 12 11 12 12 8 8 9 10 10 13 11 11 12 12 13 12 12 10
 27 27 14 8 8 10 9 9 10 10 8 5 5 7 7 7 6 6 4 4 4 5 8 8 9 9 20 12 12 11 12 12 8 8 9 10 10 13 11 11 12 12 13 12 12 10
 16 16 19 10 10 11 12 12 9 9 13 12 12 6 4 4 4 4 2 3 3 3 4 4 6 6 12 8 8 7 10 10 9 9 10 16 16 16 17 17 17 17 11 17 17 8
 17 17 17 15 15 11 15 15 31 31 16 12 12 5 2 2 2 2 2 2 2 2 3 3 5 5 4 7 7 8 10 10 9 9 11 20 20 24 43 43 19 19 14 15 15 8
 17 17 17 15 15 11 15 15 31 31 16 12 12 5 2 2 2 2 2 2 2 2 3 3 5 5 4 7 7 8 10 10 9 9 11 20 20 24 43 43 19 19 14 15 15 8
 16 16 29 21 21 24 14 14 21 21 20 9 9 4 3 3 3 3 2 2 2 3 4 4 5 5 12 15 15 17 20 20 14 14 10 19 19 30 58 58 23 23 21 23 23 11
 16 16 29 21 21 24 14 14 21 21 20 9 9 4 3 3 3 3 2 2 2 3 4 4 5 5 12 15 15 17 20 20 14 14 10 19 19 30 58 58 23 23 21 23 23 11
 23 23 22 35 35 31 26 26 15 15 14 7 7 5 4 4 2 2 2 3 3 5 6 6 5 5 15 15 15 16 22 22 29 29 25 37 37 40 39 39 32 32 33 29 29 17
 37 37 35 36 36 40 38 38 20 20 16 8 8 8 3 3 3 3 3 4 4 6 6 6 7 7 16 19 19 26 36 36 38 38 36 27 27 36 38 38 39 39 32 27 27 23
 37 37 35 36 36 40 38 38 20 20 16 8 8 8 3 3 3 3 3 4 4 6 6 6 7 7 16 19 19 26 36 36 38 38 36 27 27 36 38 38 39 39 32 27 27 23
 61 61 49 39 39 42 44 44 24 24 14 9 9 8 5 5 6 6 6 6 6 7 11 11 10 10 20 20 20 19 27 27 36 36 34 31 31 38 35 35 33 33 30 25 25 20
 68 68 59 53 53 52 45 45 34 34 21 24 24 10 8 8 6 6 9 9 9 8 16 16 18 18 21 20 20 21 21 21 38 38 39 36 36 31 27 27 28 28 26 27 27 12
 68 68 59 53 53 52 45 45 34 34 21 24 24 10 8 8 6 6 9 9 9 8 16 16 18 18 21 20 20 21 21 21 38 38 39 36 36 31 27 27 28 28 26 27 27 12
 57 57 56 53 53 53 47 47 43 43 30 20 20 11 11 11 9 9 11 11 11 12 11 11 17 17 17 19 19 19 25 25 26 26 37 31 31 27 20 20 19 19 14 18 18 10
 57 57 56 53 53 53 47 47 43 43 30 20 20 11 11 11 9 9 11 11 11 12 11 11 17 17 17 19 19 19 25 25 26 26 37 31 31 27 20 20 19 19 14 18 18 10
 48 48 58 50 50 53 47 47 46 46 39 32 32 14 13 13 15 15 11 10 10 10 9 9 6 6 7 9 9 19 23 23 22 22 23 24 24 17 25 25 18 18 15 16 16 10
 47 47 55 58 58 51 53 53 50 50 36 42 42 20 13 13 19 19 13 10 10 11 12 12 12 12 7 8 8 11 14 14 17 17 21 24 24 17 22 22 15 15 12 10 10 14
 47 47 55 58 58 51 53 53 50 50 36 42 42 20 13 13 19 19 13 10 10 11 12 12 12 12 7 8 8 11 14 14 17 17 21 24 24 17 22 22 15 15 12 10 10 14
 50 50 60 48 48 42 44 44 40 40 35 40 40 39 30 30 26 26 36 12 12 11 18 18 15 15 14 6 6 13 13 13 18 18 20 21 21 17 19 19 12 12 9 5 5 5
 50 50 52 46 46 44 42 42 42 42 29 36 36 44 59 59 47 47 41 31 31 23 23 23 24 24 17 15 15 13 12 12 13 13 13 13 13 15 8 8 9 9 7 3 3 1
