assets/RAT_results/precipitation/2021-04-11_IMERG.asc
ncols        46
nrows        77
xllcorner    74.800261325624
yllcorner    8.058333333333
cellsize     0.062500000000
NODATA_value -9999
 50 50 21 17 17 7 10 10 10 10 13 12 12 11 10 10 10 10 5 9 9 6 4 4 2 2 0 0 0 0 0 0 0 0 0 0 0 0 0 0 0 0 0 0 0 0
 19 19 21 16 16 6 7 7 8 8 13 13 13 17 15 15 14 14 6 6 6 6 1 1 0 0 0 0 0 0 0 0 0 0 0 0 0 0 0 0 0 0 0 0 0 0
 19 19 21 16 16 6 7 7 8 8 13 13 13 17 15 15 14 14 6 6 6 6 1 1 0 0 0 0 0 0 0 0 0 0 0 0 0 0 0 0 0 0 0 0 0 0
 3 3 4 3 3 4 4 4 6 6 4 4 4 10 12 12 6 6 6 2 2 0 0 0 0 0 0 0 0 0 0 0 0 0 0 0 0 0 0 0 0 0 1 1 1 0
 0 0 1 2 2 10 0 0 2 2 2 2 2 2 3 3 3 3 0 0 0 0 0 0 0 0 0 0 0 0 0 0 0 0 0 0 0 0 0 0 0 0 1 0 0 0
 0 0 1 2 2 10 0 0 2 2 2 2 2 2 3 3 3 3 0 0 0 0 0 0 0 0 0 0 0 0 0 0 0 0 0 0 0 0 0 0 0 0 1 0 0 0
 1 1 22 9 9 9 0 0 2 2 2 0 0 0 0 0 0 0 0 0 0 0 0 0 0 0 0 0 0 0 0 0 0 0 0 1 1 1 1 1 1 1 1 0 0 0
 1 1 22 9 9 9 0 0 2 2 2 0 0 0 0 0 0 0 0 0 0 0 0 0 0 0 0 0 0 0 0 0 0 0 0 1 1 1 1 1 1 1 1 0 0 0
 0 0 0 0 0 0 0 0 0 0 0 0 0 0 0 0 0 0 0 0 0 0 0 0 0 0 0 0 0 0 0 0 1 1 1 1 1 2 2 2 1 1 1 1 1 0
 0 0 0 0 0 0 0 0 0 0 0 0 0 0 0 0 0 0 0 1 1 0 0 0 0 0 0 0 0 1 1 1 1 1 1 2 2 2 3 3 2 2 1 1 1 0
 0 0 0 0 0 0 0 0 0 0 0 0 0 0 0 0 0 0 0 1 1 0 0 0 0 0 0 0 0 1 1 1 1 1 1 2 2 2 3 3 2 2 1 1 1 0
 0 0 0 0 0 0 0 0 0 0 0 0 0 0 3 3 1 1 0 1 1 0 0 0 0 0 0 1 1 1 1 1 1 1 2 2 2 2 2 2 1 1 0 0 0 0
 0 0 0 0 0 1 1 1 1 1 0 0 0 2 0 0 1 1 0 0 0 0 0 0 0 0 1 3 3 3 10 10 2 2 2 2 2 2 2 2 1 1 0 0 0 0
 0 0 0 0 0 1 1 1 1 1 0 0 0 2 0 0 1 1 0 0 0 0 0 0 0 0 1 3 3 3 10 10 2 2 2 2 2 2 2 2 1 1 0 0 0 0
 0 0 0 0 0 1 2 2 2 2 0 0 0 0 0 0 0 0 0 0 0 0 1 1 6 6 6 11 11 12 10 10 2 2 2 2 2 1 1 1 0 0 0 0 0 0
 0 0 0 0 0 1 2 2 2 2 0 0 0 0 0 0 0 0 0 0 0 0 1 1 6 6 6 11 11 12 10 10 2 2 2 2 2 1 1 1 0 0 0 0 0 0
 1 1 0 1 1 1 1 1 1 1 0 0 0 0 0 0 1 1 0 0 0 0 6 6 6 6 6 10 10 11 4 4 2 2 1 1 1 0 0 0 0 0 0 0 0 0
 1 1 0 0 0 0 0 0 0 0 0 0 0 0 0 0 1 1 4 1 1 0 2 2 2 2 3 4 4 4 4 4 1 1 0 0 0 0 0 0 0 0 0 0 0 0
 1 1 0 0 0 0 0 0 0 0 0 0 0 0 0 0 1 1 4 1 1 0 2 2 2 2 3 4 4 4 4 4 1 1 0 0 0 0 0 0 0 0 0 0 0 0
 0 0 0 0 0 0 0 0 0 0 0 0 0 0 2 2 4 4 6 1 1 0 2 2 2 2 0 1 1 1 0 0 0 0 0 0 0 0 0 0 0 0 0 0 0 0
 0 0 0 0 0 0 0 0 0 0 0 0 0 0 0 0 1 1 1 1 1 2 1 1 1 1 0 0 0 0 0 0 0 0 0 0 0 0 0 0 0 0 0 2 2 0
 0 0 0 0 0 0 0 0 0 0 0 0 0 0 0 0 1 1 1 1 1 2 1 1 1 1 0 0 0 0 0 0 0 0 0 0 0 0 0 0 0 0 0 2 2 0
 0 0 0 0 0 0 0 0 0 0 1 0 0 1 1 1 1 1 1 2 2 3 1 1 1 1 1 0 0 1 0 0 0 0 0 0 0 0 1 1 0 0 0 0 0 0
 0 0 0 0 0 0 0 0 0 0 1 0 0 1 1 1 1 1 1 2 2 3 1 1 1 1 1 0 0 1 0 0 0 0 0 0 0 0 1 1 0 0 0 0 0 0
 0 0 0 0 0 0 0 0 1 1 2 1 1 2 4 4 2 2 2 2 2 1 1 1 1 1 1 1 1 1 0 0 0 0 0 0 0 0 0 0 0 0 0 0 0 0
 0 0 0 0 0 0 0 0 3 3 1 1 1 2 3 3 2 2 2 1 1 1 1 1 1 1 1 0 0 0 0 0 0 0 0 0 0 0 0 0 0 0 0 0 0 0
 0 0 0 0 0 0 0 0 3 3 1 1 1 2 3 3 2 2 2 1 1 1 1 1 1 1 1 0 0 0 0 0 0 0 0 0 0 0 0 0 0 0 0 0 0 0
 0 0 0 0 0 0 1 1 8 8 13 7 7 4 3 3 8 8 11 11 11 23 7 7 1 1 1 1 1 0 0 0 0 0 0 0 0 0 0 0 0 0 0 0 0 0
 0 0 3 1 1 0 2 2 3 3 14 18 18 5 4 4 7 7 12 11 11 41 17 17 7 7 1 1 1 1 1 1 1 1 1 0 0 0 0 0 0 0 0 0 0 0
 0 0 3 1 1 0 2 2 3 3 14 18 18 5 4 4 7 7 12 11 11 41 17 17 7 7 1 1 1 1 1 1 1 1 1 0 0 0 0 0 0 0 0 0 0 0
 0 0 2 0 0 1 3 3 5 5 4 5 5 6 6 6 8 8 20 24 24 17 19 19 1 1 1 1 1 1 1 1 0 0 0 0 0 1 1 1 1 1 1 1 1 0
 0 0 2 0 0 1 3 3 5 5 4 5 5 6 6 6 8 8 20 24 24 17 19 19 1 1 1 1 1 1 1 1 0 0 0 0 0 1 1 1 1 1 1 1 1 0
 0 0 0 1 1 2 4 4 5 5 4 3 3 3 7 7 8 8 20 19 19 10 9 9 1 1 1 1 1 1 1 1 0 0 0 0 0 1 1 1 1 1 1 1 1 1
 0 0 1 1 1 2 3 3 5 5 4 3 3 3 18 18 24 24 14 14 14 5 2 2 2 2 1 1 1 2 1 1 0 0 2 0 0 0 0 0 1 1 1 1 1 1
 0 0 1 1 1 2 3 3 5 5 4 3 3 3 18 18 24 24 14 14 14 5 2 2 2 2 1 1 1 2 1 1 0 0 2 0 0 0 0 0 1 1 1 1 1 1
 0 0 1 2 2 2 2 2 3 3 3 2 2 2 15 15 19 19 27 14 14 9 3 3 3 3 2 5 5 2 1 1 1 1 6 1 1 1 1 1 1 1 1 2 2 2
 0 0 1 1 1 4 4 4 2 2 3 2 2 2 5 5 13 13 13 5 5 4 4 4 9 9 11 5 5 2 2 2 3 3 3 2 2 1 1 1 0 0 2 2 2 2
 0 0 1 1 1 4 4 4 2 2 3 2 2 2 5 5 13 13 13 5 5 4 4 4 9 9 11 5 5 2 2 2 3 3 3 2 2 1 1 1 0 0 2 2 2 2
 0 0 16 1 1 5 5 5 13 13 14 46 46 26 26 26 5 5 14 5 5 4 4 4 8 8 11 11 11 5 3 3 3 3 5 2 2 1 1 1 4 4 5 2 2 2
 0 0 16 1 1 5 5 5 13 13 14 46 46 26 26 26 5 5 14 5 5 4 4 4 8 8 11 11 11 5 3 3 3 3 5 2 2 1 1 1 4 4 5 2 2 2
 0 0 17 17 17 31 4 4 15 15 15 50 50 30 26 26 10 10 9 18 18 16 15 15 5 5 2 8 8 6 4 4 3 3 7 2 2 1 1 1 0 0 4 2 2 10
 41 41 41 17 17 31 15 15 16 16 65 70 70 61 53 53 21 21 20 27 27 15 14 14 1 1 12 9 9 8 4 4 3 3 2 2 2 2 1 1 2 2 20 9 9 8
 41 41 41 17 17 31 15 15 16 16 65 70 70 61 53 53 21 21 20 27 27 15 14 14 1 1 12 9 9 8 4 4 3 3 2 2 2 2 1 1 2 2 20 9 9 8
 42 42 42 79 79 77 27 27 28 28 17 16 16 7 51 51 21 21 14 13 13 41 50 50 11 11 8 11 11 7 16 16 18 18 3 4 4 3 7 7 3 3 21 16 16 5
 1 1 1 52 52 52 17 17 27 27 17 16 16 3 4 4 6 6 15 44 44 33 51 51 77 77 21 7 7 9 17 17 13 13 5 3 3 7 3 3 2 2 14 15 15 5
 1 1 1 52 52 52 17 17 27 27 17 16 16 3 4 4 6 6 15 44 44 33 51 51 77 77 21 7 7 9 17 17 13 13 5 3 3 7 3 3 2 2 14 15 15 5
 1 1 1 53 53 53 17 17 17 17 11 3 3 13 13 13 13 13 13 12 12 80 96 96 83 83 26 22 22 6 7 7 7 7 4 1 1 2 2 2 3 3 2 2 2 13
 1 1 1 53 53 53 17 17 17 17 11 3 3 13 13 13 13 13 13 12 12 80 96 96 83 83 26 22 22 6 7 7 7 7 4 1 1 2 2 2 3 3 2 2 2 13
 3 3 4 33 33 19 19 19 6 6 8 5 5 13 16 16 13 13 9 8 8 74 14 14 20 20 22 7 7 6 14 14 2 2 3 9 9 4 5 5 5 5 3 4 4 15
 3 3 5 2 2 4 19 19 8 8 7 4 4 6 9 9 11 11 8 2 2 5 5 5 12 12 40 28 28 17 14 14 14 14 13 13 13 14 5 5 5 5 4 8 8 8
 3 3 5 2 2 4 19 19 8 8 7 4 4 6 9 9 11 11 8 2 2 5 5 5 12 12 40 28 28 17 14 14 14 14 13 13 13 14 5 5 5 5 4 8 8 8
 2 2 3 2 2 3 7 7 8 8 7 3 3 3 4 4 6 6 7 5 5 5 5 5 22 22 37 28 28 23 16 16 10 10 14 16 16 11 7 7 7 7 6 7 7 7
 1 1 1 4 4 2 6 6 4 4 4 2 2 1 2 2 5 5 8 7 7 4 9 9 28 28 18 18 18 21 17 17 8 8 22 22 22 8 10 10 9 9 10 8 8 9
 1 1 1 4 4 2 6 6 4 4 4 2 2 1 2 2 5 5 8 7 7 4 9 9 28 28 18 18 18 21 17 17 8 8 22 22 22 8 10 10 9 9 10 8 8 9
 3 3 2 1 1 1 1 1 1 1 0 1 1 2 2 2 8 8 5 4 4 6 6 6 14 14 4 6 6 6 5 5 15 15 23 64 64 15 10 10 8 8 7 6 6 3
 3 3 2 1 1 1 1 1 1 1 0 1 1 2 2 2 8 8 5 4 4 6 6 6 14 14 4 6 6 6 5 5 15 15 23 64 64 15 10 10 8 8 7 6 6 3
 3 3 3 2 2 1 0 0 0 0 0 1 1 1 2 2 14 14 9 6 6 3 2 2 4 4 4 5 5 5 7 7 22 22 20 64 64 20 13 13 6 6 6 3 3 3
 6 6 3 2 2 1 1 1 1 1 1 0 0 1 5 5 6 6 15 7 7 3 4 4 4 4 4 5 5 6 14 14 22 22 43 20 20 19 10 10 18 18 7 5 5 4
 6 6 3 2 2 1 1 1 1 1 1 0 0 1 5 5 6 6 15 7 7 3 4 4 4 4 4 5 5 6 14 14 22 22 43 20 20 19 10 10 18 18 7 5 5 4
 7 7 3 3 3 3 2 2 1 1 1 1 1 1 0 0 2 2 13 6 6 2 7 7 6 6 7 6 6 4 5 5 24 24 45 68 68 40 19 19 8 8 5 6 6 4
 2 2 2 2 2 3 2 2 1 1 1 1 1 1 1 1 8 8 12 5 5 2 6 6 6 6 9 10 10 5 5 5 11 11 27 26 26 22 20 20 8 8 6 6 6 3
 2 2 2 2 2 3 2 2 1 1 1 1 1 1 1 1 8 8 12 5 5 2 6 6 6 6 9 10 10 5 5 5 11 11 27 26 26 22 20 20 8 8 6 6 6 3
 20 20 19 1 1 1 1 1 1 1 1 1 1 1 1 1 2 2 5 2 2 1 1 1 10 10 9 10 10 5 6 6 20 20 33 70 70 19 16 16 7 7 6 9 9 2
 20 20 19 1 1 1 1 1 1 1 1 1 1 1 1 1 2 2 5 2 2 1 1 1 10 10 9 10 10 5 6 6 20 20 33 70 70 19 16 16 7 7 6 9 9 2
 19 19 19 0 0 1 1 1 2 2 3 3 3 5 2 2 1 1 1 1 1 1 1 1 13 13 12 11 11 7 7 7 24 24 34 44 44 13 7 7 7 7 5 6 6 2
 24 24 3 3 3 19 18 18 5 5 4 4 4 5 2 2 1 1 2 2 2 2 4 4 13 13 15 22 22 17 11 11 19 19 38 46 46 11 8 8 8 8 4 3 3 2
 24 24 3 3 3 19 18 18 5 5 4 4 4 5 2 2 1 1 2 2 2 2 4 4 13 13 15 22 22 17 11 11 19 19 38 46 46 11 8 8 8 8 4 3 3 2
 1 1 12 4 4 20 19 19 9 9 3 4 4 2 1 1 1 1 2 4 4 2 6 6 24 24 23 23 23 21 12 12 21 21 18 10 10 5 9 9 13 13 6 5 5 4
 1 1 12 13 13 13 6 6 5 5 6 18 18 2 3 3 4 4 4 4 4 2 0 0 4 4 17 17 17 17 17 17 18 18 16 8 8 11 29 29 19 19 9 5 5 3
 1 1 12 13 13 13 6 6 5 5 6 18 18 2 3 3 4 4 4 4 4 2 0 0 4 4 17 17 17 17 17 17 18 18 16 8 8 11 29 29 19 19 9 5 5 3
 13 13 14 3 3 11 3 3 5 5 6 19 19 16 19 19 8 8 6 2 2 1 0 0 4 4 17 14 14 1 6 6 7 7 9 10 10 4 36 36 28 28 2 3 3 7
 13 13 14 3 3 11 3 3 5 5 6 19 19 16 19 19 8 8 6 2 2 1 0 0 4 4 17 14 14 1 6 6 7 7 9 10 10 4 36 36 28 28 2 3 3 7
 13 13 14 3 3 2 4 4 8 8 8 72 72 12 15 15 11 11 4 1 1 0 0 0 0 0 0 0 0 0 1 1 5 5 2 2 2 2 15 15 8 8 5 12 12 7
 9 9 9 2 2 2 1 1 35 35 8 69 69 11 11 11 5 5 1 0 0 0 0 0 1 1 1 0 0 0 0 0 0 0 0 0 0 0 5 5 7 7 0 2 2 7
 9 9 9 2 2 2 1 1 35 35 8 69 69 11 11 11 5 5 1 0 0 0 0 0 1 1 1 0 0 0 0 0 0 0 0 0 0 0 5 5 7 7 0 2 2 7
 0 0 9 1 1 1 1 1 34 34 76 76 76 23 3 3 3 3 1 0 0 1 1 1 3 3 1 1 1 0 0 0 0 0 0 0 0 0 1 1 1 1 0 0 0 0
 0 0 0 0 0 1 1 1 1 1 0 0 0 0 0 0 3 3 1 0 0 1 2 2 1 1 0 0 0 0 0 0 0 0 0 0 0 0 0 0 0 0 0 0 0 0
