assets/RAT_results/precipitation/2021-05-26_IMERG.asc
ncols        46
nrows        77
xllcorner    74.800261325624
yllcorner    8.058333333333
cellsize     0.062500000000
NODATA_value -9999
 16 16 5 1 1 1 0 0 0 0 0 0 0 1 1 1 0 0 0 0 0 0 0 0 0 0 0 0 0 2 3 3 1 1 0 0 0 1 1 1 1 1 1 1 1 0
 3 3 3 1 1 1 0 0 0 0 0 0 0 0 0 0 0 0 0 0 0 0 0 0 0 0 0 0 0 0 0 0 0 0 0 0 0 1 1 1 1 1 1 0 0 0
 3 3 3 1 1 1 0 0 0 0 0 0 0 0 0 0 0 0 0 0 0 0 0 0 0 0 0 0 0 0 0 0 0 0 0 0 0 1 1 1 1 1 1 0 0 0
 2 2 1 0 0 0 0 0 0 0 1 0 0 0 0 0 0 0 0 0 0 0 0 0 0 0 0 0 0 0 0 0 0 0 0 0 0 0 0 0 0 0 0 0 0 0
 1 1 2 1 1 0 0 0 0 0 0 0 0 1 0 0 0 0 0 0 0 0 0 0 0 0 0 0 0 0 0 0 0 0 0 0 0 0 0 0 0 0 0 0 0 0
 1 1 2 1 1 0 0 0 0 0 0 0 0 1 0 0 0 0 0 0 0 0 0 0 0 0 0 0 0 0 0 0 0 0 0 0 0 0 0 0 0 0 0 0 0 0
 6 6 5 1 1 1 0 0 0 0 0 0 0 0 0 0 0 0 0 0 0 0 0 0 0 0 0 0 0 0 0 0 0 0 0 0 0 0 0 0 0 0 0 0 0 0
 6 6 5 1 1 1 0 0 0 0 0 0 0 0 0 0 0 0 0 0 0 0 0 0 0 0 0 0 0 0 0 0 0 0 0 0 0 0 0 0 0 0 0 0 0 0
 2 2 1 1 1 1 0 0 1 1 0 0 0 2 0 0 0 0 0 0 0 0 0 0 0 0 0 0 0 0 0 0 0 0 0 0 0 0 0 0 0 0 0 0 0 0
 0 0 0 1 1 1 1 1 1 1 1 1 1 4 0 0 0 0 0 0 0 0 0 0 0 0 0 0 0 0 0 0 0 0 0 0 0 0 0 0 0 0 0 0 0 0
 0 0 0 1 1 1 1 1 1 1 1 1 1 4 0 0 0 0 0 0 0 0 0 0 0 0 0 0 0 0 0 0 0 0 0 0 0 0 0 0 0 0 0 0 0 0
 0 0 0 0 0 3 2 2 2 2 2 6 6 11 9 9 0 0 0 0 0 0 0 0 0 0 0 0 0 0 0 0 0 0 0 0 0 1 1 1 1 1 0 1 1 1
 0 0 0 0 0 1 0 0 1 1 12 12 12 20 7 7 0 0 0 0 0 0 0 0 0 0 0 0 0 0 0 0 0 0 0 0 0 0 2 2 1 1 1 1 1 1
 0 0 0 0 0 1 0 0 1 1 12 12 12 20 7 7 0 0 0 0 0 0 0 0 0 0 0 0 0 0 0 0 0 0 0 0 0 0 2 2 1 1 1 1 1 1
 0 0 1 1 1 0 0 0 1 1 6 14 14 6 3 3 0 0 0 0 0 0 0 0 0 0 0 0 0 0 0 0 0 0 0 0 0 0 1 1 1 1 1 1 1 1
 0 0 1 1 1 0 0 0 1 1 6 14 14 6 3 3 0 0 0 0 0 0 0 0 0 0 0 0 0 0 0 0 0 0 0 0 0 0 1 1 1 1 1 1 1 1
 0 0 0 1 1 0 0 0 1 1 1 4 4 0 3 3 0 0 0 0 0 0 0 0 0 0 0 0 0 0 0 0 0 0 0 0 0 0 0 0 0 0 1 1 1 1
 0 0 0 1 1 1 3 3 1 1 0 0 0 0 0 0 1 1 0 0 0 0 0 0 0 0 0 0 0 0 0 0 0 0 0 0 0 0 0 0 0 0 0 1 1 1
 0 0 0 1 1 1 3 3 1 1 0 0 0 0 0 0 1 1 0 0 0 0 0 0 0 0 0 0 0 0 0 0 0 0 0 0 0 0 0 0 0 0 0 1 1 1
 0 0 0 0 0 1 1 1 0 0 0 1 1 1 0 0 0 0 0 0 0 3 3 3 3 3 1 0 0 0 0 0 0 0 0 0 0 0 0 0 0 0 0 0 0 3
 0 0 0 0 0 1 1 1 0 0 4 7 7 3 1 1 1 1 4 4 4 3 9 9 6 6 3 0 0 0 0 0 0 0 0 0 0 0 0 0 0 0 0 0 0 3
 0 0 0 0 0 1 1 1 0 0 4 7 7 3 1 1 1 1 4 4 4 3 9 9 6 6 3 0 0 0 0 0 0 0 0 0 0 0 0 0 0 0 0 0 0 3
 0 0 0 1 1 1 0 0 0 0 11 9 9 7 6 6 5 5 8 10 10 8 12 12 7 7 7 5 5 3 1 1 0 0 0 0 0 0 0 0 0 0 0 0 0 0
 0 0 0 1 1 1 0 0 0 0 11 9 9 7 6 6 5 5 8 10 10 8 12 12 7 7 7 5 5 3 1 1 0 0 0 0 0 0 0 0 0 0 0 0 0 0
 0 0 1 2 2 1 1 1 2 2 5 7 7 11 12 12 12 12 11 15 15 13 13 13 12 12 4 5 5 6 1 1 1 1 0 0 0 0 0 0 0 0 0 0 0 0
 1 1 3 2 2 2 1 1 1 1 4 3 3 4 9 9 15 15 19 20 20 12 13 13 9 9 8 7 7 4 1 1 1 1 0 0 0 0 0 0 0 0 0 0 0 0
 1 1 3 2 2 2 1 1 1 1 4 3 3 4 9 9 15 15 19 20 20 12 13 13 9 9 8 7 7 4 1 1 1 1 0 0 0 0 0 0 0 0 0 0 0 0
 3 3 4 4 4 4 3 3 1 1 3 12 12 13 23 23 13 13 26 18 18 14 8 8 14 14 5 4 4 3 3 3 1 1 0 0 0 0 0 0 0 0 0 0 0 0
 11 11 9 7 7 7 3 3 4 4 5 5 5 13 22 22 16 16 27 25 25 14 7 7 14 14 9 6 6 5 4 4 2 2 0 0 0 0 0 0 0 0 0 0 0 0
 11 11 9 7 7 7 3 3 4 4 5 5 5 13 22 22 16 16 27 25 25 14 7 7 14 14 9 6 6 5 4 4 2 2 0 0 0 0 0 0 0 0 0 0 0 0
 14 14 10 9 9 8 9 9 7 7 7 7 7 14 13 13 17 17 16 23 23 12 11 11 9 9 3 4 4 4 2 2 0 0 0 0 0 0 0 0 0 0 0 0 0 0
 14 14 10 9 9 8 9 9 7 7 7 7 7 14 13 13 17 17 16 23 23 12 11 11 9 9 3 4 4 4 2 2 0 0 0 0 0 0 0 0 0 0 0 0 0 0
 14 14 8 15 15 17 15 15 9 9 9 6 6 6 16 16 13 13 18 24 24 26 22 22 13 13 8 3 3 1 1 1 1 1 0 0 0 1 0 0 0 0 0 0 0 0
 17 17 15 20 20 18 13 13 10 10 10 9 9 5 16 16 15 15 27 31 31 33 26 26 14 14 11 7 7 8 7 7 7 7 3 3 3 3 0 0 0 0 0 0 0 0
 17 17 15 20 20 18 13 13 10 10 10 9 9 5 16 16 15 15 27 31 31 33 26 26 14 14 11 7 7 8 7 7 7 7 3 3 3 3 0 0 0 0 0 0 0 0
 12 12 19 22 22 22 17 17 10 10 10 9 9 7 19 19 20 20 29 29 29 32 25 25 24 24 26 15 15 9 9 9 7 7 5 6 6 4 1 1 0 0 0 0 0 0
 13 13 19 16 16 10 17 17 8 8 7 6 6 23 20 20 25 25 22 33 33 25 28 28 31 31 24 16 16 9 8 8 10 10 9 8 8 5 2 2 2 2 0 0 0 0
 13 13 19 16 16 10 17 17 8 8 7 6 6 23 20 20 25 25 22 33 33 25 28 28 31 31 24 16 16 9 8 8 10 10 9 8 8 5 2 2 2 2 0 0 0 0
 11 11 15 11 11 12 9 9 8 8 8 7 7 12 25 25 36 36 26 32 32 24 24 24 30 30 21 23 23 16 13 13 13 13 9 7 7 5 2 2 2 2 0 1 1 1
 11 11 15 11 11 12 9 9 8 8 8 7 7 12 25 25 36 36 26 32 32 24 24 24 30 30 21 23 23 16 13 13 13 13 9 7 7 5 2 2 2 2 0 1 1 1
 10 10 14 14 14 18 17 17 7 7 7 8 8 8 14 14 19 19 23 28 28 19 17 17 23 23 25 34 34 20 13 13 18 18 10 11 11 7 5 5 3 3 6 7 7 2
 8 8 13 22 22 20 19 19 14 14 8 15 15 2 3 3 5 5 14 25 25 18 18 18 22 22 24 39 39 29 26 26 14 14 11 11 11 11 7 7 9 9 11 10 10 3
 8 8 13 22 22 20 19 19 14 14 8 15 15 2 3 3 5 5 14 25 25 18 18 18 22 22 24 39 39 29 26 26 14 14 11 11 11 11 7 7 9 9 11 10 10 3
 15 15 14 17 17 34 27 27 11 11 13 13 13 7 7 7 6 6 9 18 18 21 19 19 20 20 25 37 37 29 23 23 13 13 14 13 13 16 14 14 15 15 13 11 11 3
 7 7 10 10 10 29 25 25 26 26 24 25 25 21 10 10 9 9 12 13 13 24 24 24 24 24 32 33 33 24 28 28 11 11 19 14 14 11 15 15 17 17 13 10 10 5
 7 7 10 10 10 29 25 25 26 26 24 25 25 21 10 10 9 9 12 13 13 24 24 24 24 24 32 33 33 24 28 28 11 11 19 14 14 11 15 15 17 17 13 10 10 5
 9 9 23 22 22 23 9 9 7 7 28 33 33 25 11 11 11 11 14 21 21 21 22 22 24 24 34 36 36 41 24 24 29 29 14 11 11 12 12 12 23 23 20 12 12 5
 9 9 23 22 22 23 9 9 7 7 28 33 33 25 11 11 11 11 14 21 21 21 22 22 24 24 34 36 36 41 24 24 29 29 14 11 11 12 12 12 23 23 20 12 12 5
 9 9 8 10 10 9 9 9 8 8 17 30 30 31 29 29 43 43 14 20 20 25 30 30 33 33 40 42 42 46 47 47 38 38 21 18 18 17 15 15 29 29 19 12 12 11
 12 12 11 13 13 11 13 13 9 9 10 31 31 31 32 32 56 56 56 57 57 40 45 45 44 44 49 43 43 45 51 51 53 53 41 44 44 28 31 31 39 39 36 22 22 19
 12 12 11 13 13 11 13 13 9 9 10 31 31 31 32 32 56 56 56 57 57 40 45 45 44 44 49 43 43 45 51 51 53 53 41 44 44 28 31 31 39 39 36 22 22 19
 24 24 24 26 26 28 26 26 12 12 15 31 31 42 43 43 49 49 49 64 64 42 45 45 44 44 46 43 43 45 53 53 59 59 51 55 55 38 46 46 48 48 45 28 28 28
 34 34 30 25 25 28 28 28 21 21 21 30 30 48 48 48 51 51 51 49 49 48 55 55 47 47 42 48 48 51 64 64 61 61 58 54 54 48 55 55 53 53 58 55 55 42
 34 34 30 25 25 28 28 28 21 21 21 30 30 48 48 48 51 51 51 49 49 48 55 55 47 47 42 48 48 51 64 64 61 61 58 54 54 48 55 55 53 53 58 55 55 42
 36 36 28 14 14 11 27 27 17 17 23 31 31 45 46 46 28 28 24 28 28 31 63 63 51 51 45 48 48 62 73 73 67 67 67 55 55 47 46 46 46 46 53 54 54 35
 36 36 28 14 14 11 27 27 17 17 23 31 31 45 46 46 28 28 24 28 28 31 63 63 51 51 45 48 48 62 73 73 67 67 67 55 55 47 46 46 46 46 53 54 54 35
 20 20 8 8 8 11 26 26 27 27 28 24 24 32 21 21 22 22 25 28 28 34 41 41 43 43 40 48 48 53 52 52 60 60 56 55 55 46 45 45 56 56 58 51 51 31
 17 17 19 11 11 17 24 24 30 30 26 26 26 39 30 30 35 35 13 12 12 19 33 33 27 27 37 42 42 51 51 51 54 54 52 45 45 33 35 35 47 47 49 45 45 21
 17 17 19 11 11 17 24 24 30 30 26 26 26 39 30 30 35 35 13 12 12 19 33 33 27 27 37 42 42 51 51 51 54 54 52 45 45 33 35 35 47 47 49 45 45 21
 17 17 16 8 8 18 23 23 34 34 29 18 18 27 22 22 28 28 27 21 21 17 39 39 25 25 30 33 33 44 40 40 51 51 53 47 47 36 34 34 50 50 58 54 54 28
 13 13 13 7 7 9 13 13 31 31 30 18 18 25 28 28 27 27 32 27 27 15 25 25 37 37 15 39 39 45 31 31 45 45 48 38 38 41 40 40 47 47 60 57 57 39
 13 13 13 7 7 9 13 13 31 31 30 18 18 25 28 28 27 27 32 27 27 15 25 25 37 37 15 39 39 45 31 31 45 45 48 38 38 41 40 40 47 47 60 57 57 39
 14 14 14 13 13 14 9 9 15 15 27 19 19 17 21 21 22 22 34 31 31 38 41 41 29 29 9 19 19 24 25 25 26 26 32 42 42 64 63 63 59 59 74 54 54 43
 14 14 14 13 13 14 9 9 15 15 27 19 19 17 21 21 22 22 34 31 31 38 41 41 29 29 9 19 19 24 25 25 26 26 32 42 42 64 63 63 59 59 74 54 54 43
 16 16 18 21 21 21 16 16 14 14 18 20 20 17 22 22 24 24 35 33 33 38 35 35 26 26 20 26 26 31 32 32 35 35 40 36 36 48 61 61 56 56 77 62 62 46
 29 29 29 32 32 25 22 22 19 19 18 15 15 15 14 14 24 24 27 43 43 40 32 32 33 33 35 34 34 34 25 25 34 34 37 45 45 52 61 61 58 58 62 49 49 49
 29 29 29 32 32 25 22 22 19 19 18 15 15 15 14 14 24 24 27 43 43 40 32 32 33 33 35 34 34 34 25 25 34 34 37 45 45 52 61 61 58 58 62 49 49 49
 35 35 32 32 32 25 22 22 19 19 15 17 17 13 16 16 22 22 24 25 25 30 34 34 42 42 36 40 40 34 34 34 25 25 28 28 28 38 40 40 48 48 65 52 52 51
 34 34 28 26 26 23 21 21 21 21 33 30 30 28 15 15 15 15 16 14 14 28 36 36 35 35 22 36 36 31 25 25 28 28 37 32 32 38 37 37 39 39 54 63 63 56
 34 34 28 26 26 23 21 21 21 21 33 30 30 28 15 15 15 15 16 14 14 28 36 36 35 35 22 36 36 31 25 25 28 28 37 32 32 38 37 37 39 39 54 63 63 56
 39 39 27 24 24 21 19 19 18 18 21 24 24 27 13 13 14 14 13 13 13 17 21 21 19 19 29 32 32 32 25 25 23 23 40 36 36 38 42 42 38 38 45 57 57 63
 39 39 27 24 24 21 19 19 18 18 21 24 24 27 13 13 14 14 13 13 13 17 21 21 19 19 29 32 32 32 25 25 23 23 40 36 36 38 42 42 38 38 45 57 57 63
 23 23 22 20 20 19 17 17 16 16 20 15 15 14 12 12 10 10 9 12 12 19 18 18 20 20 25 26 26 24 20 20 20 20 32 35 35 42 57 57 37 37 47 55 55 62
 24 24 17 17 17 16 11 11 12 12 13 8 8 10 11 11 9 9 9 11 11 19 19 19 22 22 18 17 17 20 17 17 23 23 31 26 26 40 58 58 57 57 50 54 54 57
 24 24 17 17 17 16 11 11 12 12 13 8 8 10 11 11 9 9 9 11 11 19 19 19 22 22 18 17 17 20 17 17 23 23 31 26 26 40 58 58 57 57 50 54 54 57
 15 15 14 13 13 9 8 8 11 11 14 9 9 8 10 10 13 13 12 14 14 21 20 20 22 22 21 19 19 17 36 36 37 37 27 25 25 28 51 51 51 51 52 51 51 52
 11 11 12 12 12 10 9 9 9 9 10 10 10 12 12 12 14 14 14 14 14 19 19 19 18 18 20 21 21 19 34 34 52 52 53 28 28 18 31 31 35 35 47 46 46 57
