assets/RAT_results/precipitation/2021-11-08_IMERG.asc
ncols        46
nrows        77
xllcorner    74.800261325624
yllcorner    8.058333333333
cellsize     0.062500000000
NODATA_value -9999
 7 7 7 10 10 10 27 27 19 19 18 20 20 9 5 5 4 4 5 2 2 2 1 1 2 2 2 2 2 2 2 2 2 2 2 2 2 3 4 4 5 5 7 11 11 13
 5 5 5 6 6 11 13 13 14 14 28 12 12 9 6 6 5 5 5 1 1 1 1 1 2 2 2 2 2 2 2 2 2 2 2 2 2 3 4 4 5 5 7 11 11 13
 5 5 5 6 6 11 13 13 14 14 28 12 12 9 6 6 5 5 5 1 1 1 1 1 2 2 2 2 2 2 2 2 2 2 2 2 2 3 4 4 5 5 7 11 11 13
 4 4 4 4 4 5 5 5 7 7 13 11 11 4 10 10 6 6 6 4 4 1 1 1 1 1 2 2 2 3 3 3 3 3 3 3 3 3 4 4 5 5 6 9 9 11
 4 4 4 3 3 5 6 6 4 4 4 4 4 3 7 7 3 3 3 2 2 1 1 1 1 1 2 3 3 3 3 3 3 3 3 3 3 3 4 4 4 4 7 7 7 11
 4 4 4 3 3 5 6 6 4 4 4 4 4 3 7 7 3 3 3 2 2 1 1 1 1 1 2 3 3 3 3 3 3 3 3 3 3 3 4 4 4 4 7 7 7 11
 5 5 4 2 2 7 7 7 4 4 4 4 4 4 6 6 4 4 3 2 2 1 0 0 0 0 1 3 3 3 3 3 3 3 3 4 4 3 3 3 4 4 7 7 7 10
 5 5 4 2 2 7 7 7 4 4 4 4 4 4 6 6 4 4 3 2 2 1 0 0 0 0 1 3 3 3 3 3 3 3 3 4 4 3 3 3 4 4 7 7 7 10
 3 3 4 5 5 8 7 7 4 4 5 4 4 3 5 5 4 4 2 1 1 0 0 0 0 0 0 2 2 2 2 2 2 2 2 3 3 4 4 4 5 5 6 9 9 9
 3 3 4 8 8 11 12 12 7 7 6 4 4 4 3 3 2 2 2 1 1 1 0 0 0 0 0 1 1 1 2 2 2 2 3 3 3 4 4 4 5 5 7 8 8 10
 3 3 4 8 8 11 12 12 7 7 6 4 4 4 3 3 2 2 2 1 1 1 0 0 0 0 0 1 1 1 2 2 2 2 3 3 3 4 4 4 5 5 7 8 8 10
 2 2 4 4 4 12 12 12 8 8 6 6 6 4 3 3 4 4 2 1 1 3 0 0 0 0 1 1 1 1 2 2 2 2 4 5 5 5 6 6 7 7 8 9 9 11
 1 1 1 3 3 5 7 7 6 6 8 8 8 7 5 5 4 4 4 3 3 3 1 1 1 1 1 1 1 1 3 3 3 3 5 6 6 6 6 6 9 9 9 9 9 12
 1 1 1 3 3 5 7 7 6 6 8 8 8 7 5 5 4 4 4 3 3 3 1 1 1 1 1 1 1 1 3 3 3 3 5 6 6 6 6 6 9 9 9 9 9 12
 1 1 1 2 2 3 6 6 5 5 8 9 9 8 6 6 3 3 4 2 2 2 1 1 1 1 1 1 1 1 4 4 4 4 6 7 7 6 7 7 9 9 8 9 9 23
 1 1 1 2 2 3 6 6 5 5 8 9 9 8 6 6 3 3 4 2 2 2 1 1 1 1 1 1 1 1 4 4 4 4 6 7 7 6 7 7 9 9 8 9 9 23
 1 1 1 1 1 3 5 5 5 5 5 12 12 12 10 10 6 6 5 4 4 3 1 1 1 1 1 1 1 2 5 5 5 5 7 8 8 7 6 6 9 9 11 10 10 24
 2 2 1 2 2 2 5 5 4 4 5 10 10 12 12 12 7 7 5 3 3 2 2 2 2 2 1 2 2 3 4 4 4 4 6 7 7 7 7 7 8 8 10 10 10 23
 2 2 1 2 2 2 5 5 4 4 5 10 10 12 12 12 7 7 5 3 3 2 2 2 2 2 1 2 2 3 4 4 4 4 6 7 7 7 7 7 8 8 10 10 10 23
 3 3 2 2 2 2 3 3 3 3 6 10 10 8 12 12 12 12 9 4 4 5 4 4 2 2 2 2 2 2 5 5 5 5 8 9 9 7 7 7 7 7 10 13 13 23
 5 5 5 4 4 3 2 2 3 3 6 14 14 10 10 10 9 9 17 6 6 5 4 4 4 4 2 3 3 4 4 4 5 5 7 8 8 7 7 7 9 9 9 12 12 18
 5 5 5 4 4 3 2 2 3 3 6 14 14 10 10 10 9 9 17 6 6 5 4 4 4 4 2 3 3 4 4 4 5 5 7 8 8 7 7 7 9 9 9 12 12 18
 4 4 6 6 6 5 4 4 3 3 6 7 7 9 11 11 27 27 24 7 7 6 5 5 4 4 2 2 2 4 5 5 6 6 7 7 7 6 8 8 10 10 10 11 11 12
 4 4 6 6 6 5 4 4 3 3 6 7 7 9 11 11 27 27 24 7 7 6 5 5 4 4 2 2 2 4 5 5 6 6 7 7 7 6 8 8 10 10 10 11 11 12
 4 4 5 5 5 4 3 3 4 4 4 5 5 13 10 10 24 24 25 22 22 8 5 5 3 3 3 2 2 6 4 4 6 6 5 5 5 5 7 7 6 6 6 11 11 13
 3 3 3 3 3 3 3 3 3 3 3 5 5 12 13 13 17 17 15 28 28 9 6 6 6 6 5 6 6 8 5 5 4 4 5 5 5 6 6 6 6 6 8 8 8 9
 3 3 3 3 3 3 3 3 3 3 3 5 5 12 13 13 17 17 15 28 28 9 6 6 6 6 5 6 6 8 5 5 4 4 5 5 5 6 6 6 6 6 8 8 8 9
 3 3 2 2 2 2 2 2 2 2 2 4 4 7 14 14 12 12 15 15 15 13 8 8 8 8 8 6 6 6 6 6 6 6 5 6 6 6 7 7 5 5 7 8 8 9
 2 2 2 1 1 1 1 1 1 1 1 2 2 6 10 10 13 13 18 15 15 16 15 15 11 11 9 5 5 6 4 4 5 5 5 6 6 5 6 6 4 4 6 7 7 7
 2 2 2 1 1 1 1 1 1 1 1 2 2 6 10 10 13 13 18 15 15 16 15 15 11 11 9 5 5 6 4 4 5 5 5 6 6 5 6 6 4 4 6 7 7 7
 1 1 1 1 1 1 1 1 1 1 1 1 1 3 10 10 12 12 19 13 13 13 11 11 11 11 8 4 4 4 3 3 4 4 5 6 6 6 5 5 5 5 7 6 6 7
 1 1 1 1 1 1 1 1 1 1 1 1 1 3 10 10 12 12 19 13 13 13 11 11 11 11 8 4 4 4 3 3 4 4 5 6 6 6 5 5 5 5 7 6 6 7
 5 5 0 0 0 0 0 0 1 1 1 1 1 3 7 7 16 16 20 17 17 14 9 9 9 9 5 4 4 3 3 3 3 3 4 4 4 4 4 4 5 5 5 8 8 10
 3 3 0 0 0 0 0 0 1 1 1 1 1 3 7 7 14 14 15 17 17 15 10 10 7 7 4 4 4 3 3 3 3 3 3 4 4 4 4 4 2 2 4 4 4 7
 3 3 0 0 0 0 0 0 1 1 1 1 1 3 7 7 14 14 15 17 17 15 10 10 7 7 4 4 4 3 3 3 3 3 3 4 4 4 4 4 2 2 4 4 4 7
 4 4 0 0 0 0 0 0 1 1 0 0 0 1 4 4 8 8 14 14 14 12 10 10 7 7 5 7 7 4 2 2 1 1 2 2 2 2 1 1 2 2 2 4 4 4
 2 2 0 0 0 0 0 0 0 0 0 0 0 0 3 3 6 6 10 15 15 13 11 11 7 7 6 7 7 4 2 2 2 2 1 1 1 1 1 1 1 1 1 0 0 2
 2 2 0 0 0 0 0 0 0 0 0 0 0 0 3 3 6 6 10 15 15 13 11 11 7 7 6 7 7 4 2 2 2 2 1 1 1 1 1 1 1 1 1 0 0 2
 0 0 0 0 0 0 0 0 0 0 0 0 0 0 1 1 7 7 12 15 15 10 7 7 6 6 6 5 5 4 3 3 1 1 1 2 2 2 1 1 0 0 0 0 0 1
 0 0 0 0 0 0 0 0 0 0 0 0 0 0 1 1 7 7 12 15 15 10 7 7 6 6 6 5 5 4 3 3 1 1 1 2 2 2 1 1 0 0 0 0 0 1
 0 0 0 0 0 0 0 0 0 0 0 0 0 0 0 0 4 4 10 12 12 8 7 7 7 7 7 6 6 6 3 3 2 2 2 2 2 3 3 3 3 3 2 1 1 1
 0 0 0 0 0 0 0 0 0 0 0 0 0 0 0 0 3 3 3 11 11 10 15 15 11 11 8 6 6 7 4 4 2 2 2 2 2 2 2 2 3 3 4 2 2 1
 0 0 0 0 0 0 0 0 0 0 0 0 0 0 0 0 3 3 3 11 11 10 15 15 11 11 8 6 6 7 4 4 2 2 2 2 2 2 2 2 3 3 4 2 2 1
 0 0 1 0 0 0 0 0 0 0 0 0 0 0 1 1 2 2 2 6 6 14 6 6 10 10 7 4 4 6 3 3 3 3 3 3 3 3 3 3 4 4 4 3 3 1
 1 1 1 0 0 0 0 0 1 1 0 0 0 0 0 0 1 1 1 7 7 14 12 12 12 12 10 6 6 5 5 5 4 4 5 6 6 4 3 3 3 3 4 3 3 2
 1 1 1 0 0 0 0 0 1 1 0 0 0 0 0 0 1 1 1 7 7 14 12 12 12 12 10 6 6 5 5 5 4 4 5 6 6 4 3 3 3 3 4 3 3 2
 1 1 1 1 1 1 1 1 2 2 0 0 0 0 0 0 0 0 2 13 13 15 15 15 16 16 11 10 10 10 10 10 7 7 7 7 7 4 4 4 5 5 5 3 3 3
 1 1 1 1 1 1 1 1 2 2 0 0 0 0 0 0 0 0 2 13 13 15 15 15 16 16 11 10 10 10 10 10 7 7 7 7 7 4 4 4 5 5 5 3 3 3
 3 3 4 4 4 3 1 1 2 2 1 1 1 1 1 1 1 1 2 9 9 15 19 19 16 16 17 15 15 16 16 16 13 13 15 13 13 8 6 6 6 6 5 4 4 4
 4 4 4 4 4 3 4 4 4 4 1 2 2 7 7 7 10 10 1 3 3 16 23 23 14 14 15 17 17 22 19 19 20 20 17 13 13 13 14 14 12 12 14 5 5 6
 4 4 4 4 4 3 4 4 4 4 1 2 2 7 7 7 10 10 1 3 3 16 23 23 14 14 15 17 17 22 19 19 20 20 17 13 13 13 14 14 12 12 14 5 5 6
 4 4 5 5 5 4 4 4 4 4 2 3 3 8 2 2 2 2 3 6 6 18 25 25 14 14 16 20 20 25 26 26 22 22 19 19 19 18 19 19 19 19 15 8 8 9
 3 3 4 4 4 3 4 4 8 8 9 2 2 6 9 9 2 2 3 8 8 25 28 28 22 22 20 25 25 26 24 24 21 21 23 19 19 19 20 20 20 20 19 18 18 15
 3 3 4 4 4 3 4 4 8 8 9 2 2 6 9 9 2 2 3 8 8 25 28 28 22 22 20 25 25 26 24 24 21 21 23 19 19 19 20 20 20 20 19 18 18 15
 5 5 6 3 3 3 3 3 8 8 9 4 4 9 9 9 7 7 5 10 10 12 24 24 27 27 25 27 27 25 25 25 24 24 23 23 23 24 25 25 24 24 21 20 20 19
 5 5 6 3 3 3 3 3 8 8 9 4 4 9 9 9 7 7 5 10 10 12 24 24 27 27 25 27 27 25 25 25 24 24 23 23 23 24 25 25 24 24 21 20 20 19
 6 6 5 3 3 4 3 3 6 6 5 4 4 10 10 10 14 14 8 4 4 5 21 21 31 31 26 33 33 31 29 29 34 34 28 27 27 27 30 30 27 27 27 26 26 21
 7 7 7 4 4 4 4 4 5 5 11 5 5 8 11 11 14 14 11 9 9 10 25 25 33 33 28 28 28 28 26 26 32 32 28 30 30 33 33 33 34 34 34 32 32 30
 7 7 7 4 4 4 4 4 5 5 11 5 5 8 11 11 14 14 11 9 9 10 25 25 33 33 28 28 28 28 26 26 32 32 28 30 30 33 33 33 34 34 34 32 32 30
 7 7 6 3 3 3 3 3 11 11 10 5 5 5 8 8 12 12 10 7 7 12 20 20 24 24 29 28 28 25 24 24 24 24 29 32 32 34 35 35 38 38 39 35 35 37
 7 7 8 8 8 4 5 5 11 11 11 10 10 6 7 7 11 11 10 7 7 10 19 19 21 21 27 28 28 27 25 25 26 26 27 35 35 33 37 37 40 40 42 41 41 36
 7 7 8 8 8 4 5 5 11 11 11 10 10 6 7 7 11 11 10 7 7 10 19 19 21 21 27 28 28 27 25 25 26 26 27 35 35 33 37 37 40 40 42 41 41 36
 7 7 5 6 6 4 5 5 11 11 11 11 11 7 9 9 7 7 4 7 7 9 10 10 17 17 23 29 29 25 26 26 29 29 31 37 37 39 36 36 39 39 48 44 44 40
 7 7 5 6 6 4 5 5 11 11 11 11 11 7 9 9 7 7 4 7 7 9 10 10 17 17 23 29 29 25 26 26 29 29 31 37 37 39 36 36 39 39 48 44 44 40
 6 6 5 6 6 4 5 5 5 5 12 12 12 7 10 10 6 6 8 12 12 18 13 13 19 19 31 25 25 27 30 30 32 32 32 31 31 37 37 37 42 42 48 45 45 44
 6 6 4 5 5 6 6 6 7 7 10 10 10 9 9 9 13 13 12 14 14 23 25 25 28 28 29 31 31 30 30 30 29 29 28 30 30 41 39 39 44 44 50 45 45 45
 6 6 4 5 5 6 6 6 7 7 10 10 10 9 9 9 13 13 12 14 14 23 25 25 28 28 29 31 31 30 30 30 29 29 28 30 30 41 39 39 44 44 50 45 45 45
 5 5 5 9 9 8 9 9 9 9 11 11 11 12 8 8 11 11 13 12 12 22 42 42 43 43 29 23 23 36 33 33 30 30 35 39 39 38 39 39 40 40 39 46 46 44
 6 6 9 10 10 10 8 8 6 6 7 6 6 7 7 7 9 9 12 11 11 14 31 31 33 33 21 19 19 34 35 35 41 41 42 49 49 35 43 43 39 39 40 43 43 41
 6 6 9 10 10 10 8 8 6 6 7 6 6 7 7 7 9 9 12 11 11 14 31 31 33 33 21 19 19 34 35 35 41 41 42 49 49 35 43 43 39 39 40 43 43 41
 6 6 8 7 7 8 5 5 5 5 6 7 7 7 7 7 8 8 14 15 15 18 25 25 30 30 33 30 30 35 32 32 50 50 43 47 47 38 39 39 47 47 41 42 42 46
 6 6 8 7 7 8 5 5 5 5 6 7 7 7 7 7 8 8 14 15 15 18 25 25 30 30 33 30 30 35 32 32 50 50 43 47 47 38 39 39 47 47 41 42 42 46
 5 5 4 6 6 5 8 8 8 8 8 6 6 9 6 6 10 10 14 19 19 22 26 26 34 34 43 31 31 29 42 42 56 56 49 46 46 39 38 38 40 40 41 43 43 52
 5 5 5 4 4 5 7 7 9 9 9 6 6 8 8 8 10 10 13 18 18 22 25 25 27 27 42 36 36 43 41 41 45 45 45 43 43 40 37 37 36 36 39 43 43 51
 5 5 5 4 4 5 7 7 9 9 9 6 6 8 8 8 10 10 13 18 18 22 25 25 27 27 42 36 36 43 41 41 45 45 45 43 43 40 37 37 36 36 39 43 43 51
 4 4 4 4 4 5 6 6 9 9 8 5 5 7 7 7 10 10 11 16 16 19 21 21 24 24 22 22 22 36 41 41 42 42 55 39 39 32 40 40 43 43 40 44 44 55
 3 3 3 5 5 5 5 5 6 6 6 7 7 7 7 7 10 10 11 12 12 16 18 18 23 23 18 19 19 31 36 36 60 60 57 36 36 50 38 38 36 36 42 38 38 58
