assets/RAT_results/precipitation/2021-04-20_IMERG.asc
ncols        46
nrows        77
xllcorner    74.800261325624
yllcorner    8.058333333333
cellsize     0.062500000000
NODATA_value -9999
 4 4 2 2 2 1 1 1 1 1 1 1 1 2 1 1 1 1 1 4 4 4 8 8 6 6 1 3 3 1 3 3 1 1 3 2 2 2 10 10 14 14 13 10 10 4
 5 5 4 3 3 2 2 2 2 2 1 1 1 1 1 1 1 1 1 1 1 1 4 4 4 4 5 1 1 2 2 2 3 3 3 2 2 2 2 2 2 2 2 6 6 3
 5 5 4 3 3 2 2 2 2 2 1 1 1 1 1 1 1 1 1 1 1 1 4 4 4 4 5 1 1 2 2 2 3 3 3 2 2 2 2 2 2 2 2 6 6 3
 6 6 6 5 5 7 3 3 2 2 2 2 2 1 1 1 1 1 1 1 1 1 1 1 1 1 1 1 1 1 2 2 2 2 2 2 2 2 2 2 2 2 0 0 0 3
 7 7 10 9 9 7 6 6 4 4 3 2 2 2 1 1 1 1 1 1 1 1 1 1 1 1 1 1 1 1 1 1 1 1 0 0 0 0 0 0 0 0 0 0 0 0
 7 7 10 9 9 7 6 6 4 4 3 2 2 2 1 1 1 1 1 1 1 1 1 1 1 1 1 1 1 1 1 1 1 1 0 0 0 0 0 0 0 0 0 0 0 0
 12 12 14 12 12 11 7 7 6 6 4 3 3 2 2 2 1 1 1 1 1 0 0 0 0 0 0 0 0 0 1 1 0 0 0 0 0 0 0 0 0 0 0 0 0 0
 12 12 14 12 12 11 7 7 6 6 4 3 3 2 2 2 1 1 1 1 1 0 0 0 0 0 0 0 0 0 1 1 0 0 0 0 0 0 0 0 0 0 0 0 0 0
 14 14 15 13 13 11 8 8 7 7 6 4 4 3 2 2 2 2 1 1 1 0 0 0 1 1 0 0 0 0 1 1 1 1 1 0 0 0 0 0 0 0 0 0 0 0
 52 52 21 14 14 13 12 12 12 12 9 7 7 5 3 3 2 2 2 1 1 1 0 0 0 0 0 0 0 2 1 1 1 1 2 1 1 0 0 0 0 0 0 0 0 0
 52 52 21 14 14 13 12 12 12 12 9 7 7 5 3 3 2 2 2 1 1 1 0 0 0 0 0 0 0 2 1 1 1 1 2 1 1 0 0 0 0 0 0 0 0 0
 15 15 23 13 13 18 18 18 14 14 14 9 9 6 4 4 3 3 2 1 1 1 0 0 1 1 1 1 1 2 3 3 3 3 1 2 2 1 2 2 1 1 0 0 0 0
 16 16 16 26 26 30 30 30 23 23 15 10 10 6 4 4 2 2 2 1 1 1 1 1 1 1 2 1 1 2 1 1 3 3 1 1 1 1 1 1 0 0 0 4 4 4
 16 16 16 26 26 30 30 30 23 23 15 10 10 6 4 4 2 2 2 1 1 1 1 1 1 1 2 1 1 2 1 1 3 3 1 1 1 1 1 1 0 0 0 4 4 4
 53 53 89 90 90 30 30 30 22 22 12 8 8 4 3 3 2 2 1 1 1 0 1 1 1 1 2 3 3 1 0 0 1 1 1 0 0 0 0 0 0 0 0 4 4 4
 53 53 89 90 90 30 30 30 22 22 12 8 8 4 3 3 2 2 1 1 1 0 1 1 1 1 2 3 3 1 0 0 1 1 1 0 0 0 0 0 0 0 0 4 4 4
 51 51 88 90 90 36 15 15 15 15 11 6 6 3 2 2 1 1 1 0 0 0 2 2 2 2 2 3 3 1 0 0 1 1 0 0 0 0 0 0 0 0 0 1 1 1
 110 110 269 32 32 31 12 12 10 10 7 4 4 2 1 1 0 0 0 0 0 3 10 10 8 8 7 7 7 3 2 2 0 0 0 0 0 0 0 0 0 0 0 1 1 1
 110 110 269 32 32 31 12 12 10 10 7 4 4 2 1 1 0 0 0 0 0 3 10 10 8 8 7 7 7 3 2 2 0 0 0 0 0 0 0 0 0 0 0 1 1 1
 9 9 18 28 28 27 7 7 6 6 3 3 3 1 0 0 0 0 0 0 0 2 7 7 13 13 14 10 10 4 2 2 1 1 1 0 0 0 0 0 0 0 0 1 1 1
 3 3 12 3 3 2 3 3 2 2 1 1 1 1 0 0 0 0 0 0 0 3 8 8 14 14 5 3 3 2 2 2 1 1 1 0 0 0 0 0 0 0 0 0 0 0
 3 3 12 3 3 2 3 3 2 2 1 1 1 1 0 0 0 0 0 0 0 3 8 8 14 14 5 3 3 2 2 2 1 1 1 0 0 0 0 0 0 0 0 0 0 0
 1 1 1 1 1 0 0 0 0 0 1 1 1 1 0 0 1 1 2 2 2 2 6 6 9 9 7 5 5 1 1 1 1 1 1 1 1 1 2 2 0 0 0 0 0 0
 1 1 1 1 1 0 0 0 0 0 1 1 1 1 0 0 1 1 2 2 2 2 6 6 9 9 7 5 5 1 1 1 1 1 1 1 1 1 2 2 0 0 0 0 0 0
 0 0 0 0 0 0 0 0 0 0 1 1 1 3 3 3 5 5 4 4 4 2 4 4 2 2 2 1 1 2 1 1 1 1 1 3 3 1 1 1 0 0 0 0 0 0
 0 0 0 0 0 0 1 1 2 2 3 5 5 6 7 7 7 7 6 5 5 3 3 3 2 2 1 2 2 2 2 2 1 1 2 2 2 2 2 2 1 1 0 0 0 0
 0 0 0 0 0 0 1 1 2 2 3 5 5 6 7 7 7 7 6 5 5 3 3 3 2 2 1 2 2 2 2 2 1 1 2 2 2 2 2 2 1 1 0 0 0 0
 1 1 0 1 1 0 1 1 15 15 16 10 10 14 15 15 11 11 9 8 8 6 5 5 3 3 2 4 4 3 4 4 3 3 3 2 2 3 2 2 1 1 0 1 1 1
 1 1 0 0 0 1 2 2 30 30 33 8 8 10 14 14 11 11 13 8 8 9 8 8 6 6 5 4 4 4 4 4 4 4 3 2 2 2 2 2 1 1 1 2 2 1
 1 1 0 0 0 1 2 2 30 30 33 8 8 10 14 14 11 11 13 8 8 9 8 8 6 6 5 4 4 4 4 4 4 4 3 2 2 2 2 2 1 1 1 2 2 1
 0 0 0 2 2 2 3 3 27 27 30 24 24 21 16 16 18 18 15 11 11 14 9 9 7 7 7 6 6 5 5 5 3 3 3 3 3 2 3 3 2 2 1 1 1 2
 0 0 0 2 2 2 3 3 27 27 30 24 24 21 16 16 18 18 15 11 11 14 9 9 7 7 7 6 6 5 5 5 3 3 3 3 3 2 3 3 2 2 1 1 1 2
 1 1 1 4 4 8 9 9 24 24 22 28 28 13 23 23 18 18 17 18 18 15 13 13 11 11 12 11 11 6 6 6 5 5 3 3 3 3 2 2 3 3 2 2 2 2
 4 4 5 11 11 14 34 34 30 30 26 22 22 14 20 20 37 37 25 22 22 17 16 16 13 13 13 10 10 6 7 7 5 5 4 3 3 2 1 1 1 1 1 1 1 1
 4 4 5 11 11 14 34 34 30 30 26 22 22 14 20 20 37 37 25 22 22 17 16 16 13 13 13 10 10 6 7 7 5 5 4 3 3 2 1 1 1 1 1 1 1 1
 17 17 21 19 19 24 37 37 35 35 35 40 40 36 37 37 26 26 25 21 21 17 17 17 16 16 15 14 14 11 10 10 6 6 4 3 3 3 2 2 1 1 0 0 0 0
 23 23 24 24 24 38 55 55 59 59 122 43 43 39 37 37 35 35 37 38 38 32 24 24 19 19 15 15 15 17 12 12 10 10 6 4 4 3 2 2 1 1 0 1 1 0
 23 23 24 24 24 38 55 55 59 59 122 43 43 39 37 37 35 35 37 38 38 32 24 24 19 19 15 15 15 17 12 12 10 10 6 4 4 3 2 2 1 1 0 1 1 0
 40 40 37 36 36 44 62 62 66 66 122 55 55 44 69 69 54 54 57 42 42 35 34 34 21 21 17 14 14 15 12 12 11 11 9 6 6 4 0 0 0 0 1 0 0 0
 40 40 37 36 36 44 62 62 66 66 122 55 55 44 69 69 54 54 57 42 42 35 34 34 21 21 17 14 14 15 12 12 11 11 9 6 6 4 0 0 0 0 1 0 0 0
 34 34 34 40 40 63 64 64 66 66 64 39 39 41 78 78 45 45 58 49 49 43 33 33 22 22 17 17 17 12 15 15 8 8 7 4 4 3 1 1 0 0 0 0 0 0
 36 36 40 52 52 58 75 75 65 65 64 39 39 44 43 43 39 39 52 62 62 36 23 23 22 22 17 15 15 14 13 13 7 7 8 5 5 5 2 2 2 2 1 1 1 0
 36 36 40 52 52 58 75 75 65 65 64 39 39 44 43 43 39 39 52 62 62 36 23 23 22 22 17 15 15 14 13 13 7 7 8 5 5 5 2 2 2 2 1 1 1 0
 74 74 71 78 78 77 77 77 69 69 64 58 58 51 65 65 49 49 49 45 45 31 30 30 20 20 17 13 13 14 11 11 7 7 5 5 5 7 4 4 2 2 1 0 0 0
 75 75 74 78 78 82 83 83 75 75 68 69 69 51 52 52 48 48 35 47 47 33 27 27 18 18 17 13 13 13 12 12 6 6 4 4 4 6 4 4 1 1 0 0 0 0
 75 75 74 78 78 82 83 83 75 75 68 69 69 51 52 52 48 48 35 47 47 33 27 27 18 18 17 13 13 13 12 12 6 6 4 4 4 6 4 4 1 1 0 0 0 0
 91 91 69 60 60 56 79 79 59 59 54 48 48 33 25 25 22 22 30 40 40 23 27 27 19 19 14 9 9 12 6 6 4 4 3 2 2 1 0 0 0 0 0 0 0 0
 91 91 69 60 60 56 79 79 59 59 54 48 48 33 25 25 22 22 30 40 40 23 27 27 19 19 14 9 9 12 6 6 4 4 3 2 2 1 0 0 0 0 0 0 0 0
 67 67 64 58 58 52 49 49 57 57 72 69 69 45 26 26 30 30 26 26 26 38 22 22 29 29 13 10 10 12 6 6 6 6 2 1 1 0 0 0 0 0 0 0 0 0
 54 54 47 48 48 48 41 41 52 52 75 71 71 30 19 19 16 16 17 24 24 31 20 20 24 24 10 14 14 6 6 6 4 4 1 1 1 0 0 0 0 0 0 0 0 0
 54 54 47 48 48 48 41 41 52 52 75 71 71 30 19 19 16 16 17 24 24 31 20 20 24 24 10 14 14 6 6 6 4 4 1 1 1 0 0 0 0 0 0 0 0 0
 56 56 51 42 42 48 48 48 44 44 74 54 54 62 31 31 13 13 13 12 12 31 30 30 29 29 15 7 7 6 5 5 3 3 1 1 1 0 1 1 0 0 0 0 0 0
 57 57 55 43 43 39 41 41 46 46 80 81 81 65 58 58 15 15 10 11 11 8 19 19 24 24 13 7 7 6 4 4 3 3 1 0 0 0 0 0 0 0 0 0 0 0
 57 57 55 43 43 39 41 41 46 46 80 81 81 65 58 58 15 15 10 11 11 8 19 19 24 24 13 7 7 6 4 4 3 3 1 0 0 0 0 0 0 0 0 0 0 0
 87 87 90 49 49 52 43 43 48 48 85 88 88 85 68 68 20 20 14 7 7 6 13 13 14 14 14 8 8 6 2 2 1 1 1 0 0 0 0 0 1 1 0 0 0 0
 87 87 90 49 49 52 43 43 48 48 85 88 88 85 68 68 20 20 14 7 7 6 13 13 14 14 14 8 8 6 2 2 1 1 1 0 0 0 0 0 1 1 0 0 0 0
 92 92 93 50 50 53 84 84 57 57 55 62 62 58 34 34 36 36 13 6 6 12 11 11 12 12 11 7 7 2 1 1 1 1 1 0 0 0 0 0 1 1 0 0 0 0
 92 92 95 88 88 86 66 66 66 66 44 49 49 48 36 36 15 15 14 5 5 4 11 11 10 10 6 7 7 3 1 1 2 2 0 0 0 0 0 0 0 0 0 0 0 1
 92 92 95 88 88 86 66 66 66 66 44 49 49 48 36 36 15 15 14 5 5 4 11 11 10 10 6 7 7 3 1 1 2 2 0 0 0 0 0 0 0 0 0 0 0 1
 89 89 86 80 80 81 55 55 56 56 45 42 42 45 42 42 36 36 11 3 3 3 5 5 7 7 5 5 5 1 1 1 1 1 0 0 0 0 0 0 0 0 2 3 3 3
 83 83 82 76 76 84 47 47 41 41 37 37 37 36 37 37 35 35 24 24 24 6 4 4 7 7 3 1 1 1 0 0 0 0 0 0 0 0 0 0 0 0 0 1 1 2
 83 83 82 76 76 84 47 47 41 41 37 37 37 36 37 37 35 35 24 24 24 6 4 4 7 7 3 1 1 1 0 0 0 0 0 0 0 0 0 0 0 0 0 1 1 2
 55 55 51 53 53 53 44 44 38 38 36 34 34 32 31 31 32 32 33 25 25 10 6 6 1 1 5 1 1 1 0 0 0 0 0 0 0 0 0 0 0 0 0 0 0 1
 55 55 51 53 53 53 44 44 38 38 36 34 34 32 31 31 32 32 33 25 25 10 6 6 1 1 5 1 1 1 0 0 0 0 0 0 0 0 0 0 0 0 0 0 0 1
 46 46 39 46 46 37 34 34 35 35 27 26 26 27 30 30 30 30 30 4 4 4 5 5 3 3 3 0 0 1 0 0 0 0 1 0 0 0 0 0 1 1 2 1 1 0
 40 40 36 33 33 33 24 24 23 23 7 24 24 27 15 15 15 15 2 1 1 3 4 4 3 3 3 2 2 1 1 1 0 0 1 0 0 1 1 1 1 1 1 0 0 1
 40 40 36 33 33 33 24 24 23 23 7 24 24 27 15 15 15 15 2 1 1 3 4 4 3 3 3 2 2 1 1 1 0 0 1 0 0 1 1 1 1 1 1 0 0 1
 15 15 17 13 13 23 24 24 24 24 5 2 2 2 2 2 1 1 2 0 0 0 0 0 1 1 1 1 1 0 1 1 0 0 0 0 0 0 1 1 1 1 1 0 0 0
 16 16 16 12 12 24 16 16 16 16 3 2 2 1 1 1 1 1 1 0 0 0 0 0 0 0 1 1 1 1 0 0 1 1 1 0 0 0 0 0 1 1 1 0 0 0
 16 16 16 12 12 24 16 16 16 16 3 2 2 1 1 1 1 1 1 0 0 0 0 0 0 0 1 1 1 1 0 0 1 1 1 0 0 0 0 0 1 1 1 0 0 0
 12 12 11 11 11 9 6 6 17 17 3 2 2 1 1 1 1 1 0 0 0 0 0 0 1 1 0 1 1 1 0 0 0 0 0 0 0 0 0 0 1 1 1 4 4 0
 12 12 11 11 11 9 6 6 17 17 3 2 2 1 1 1 1 1 0 0 0 0 0 0 1 1 0 1 1 1 0 0 0 0 0 0 0 0 0 0 1 1 1 4 4 0
 10 10 11 10 10 10 6 6 5 5 3 2 2 2 1 1 1 1 1 0 0 1 2 2 3 3 2 1 1 0 1 1 1 1 1 0 0 0 0 0 1 1 0 0 0 0
 10 10 10 9 9 6 6 6 5 5 4 3 3 2 2 2 1 1 1 0 0 0 2 2 4 4 4 1 1 1 1 1 3 3 2 0 0 0 0 0 0 0 0 0 0 0
 10 10 10 9 9 6 6 6 5 5 4 3 3 2 2 2 1 1 1 0 0 0 2 2 4 4 4 1 1 1 1 1 3 3 2 0 0 0 0 0 0 0 0 0 0 0
 11 11 10 9 9 8 7 7 6 6 5 4 4 3 3 3 2 2 1 0 0 0 0 0 1 1 1 0 0 0 1 1 3 3 3 1 1 0 1 1 0 0 0 0 0 0
 9 9 8 7 7 5 4 4 4 4 3 2 2 2 3 3 3 3 2 1 1 1 0 0 0 0 0 0 0 0 1 1 1 1 0 0 0 0 0 0 0 0 1 0 0 0
