assets/RAT_results/precipitation/2021-10-01_IMERG.asc
ncols        46
nrows        77
xllcorner    74.800261325624
yllcorner    8.058333333333
cellsize     0.062500000000
NODATA_value -9999
 30 30 46 69 69 20 26 26 22 22 26 23 23 23 11 11 7 7 25 28 28 23 44 44 43 43 23 23 23 8 7 7 7 7 3 5 5 12 16 16 29 29 13 4 4 8
 30 30 26 33 33 31 24 24 19 19 54 14 14 28 12 12 9 9 21 23 23 26 43 43 42 42 22 22 22 14 4 4 3 3 2 2 2 11 10 10 12 12 11 4 4 10
 30 30 26 33 33 31 24 24 19 19 54 14 14 28 12 12 9 9 21 23 23 26 43 43 42 42 22 22 22 14 4 4 3 3 2 2 2 11 10 10 12 12 11 4 4 10
 35 35 34 39 39 39 35 35 63 63 61 29 29 27 14 14 10 10 5 13 13 13 26 26 23 23 13 13 13 13 4 4 4 4 3 3 3 2 10 10 8 8 10 9 9 17
 42 42 44 39 39 45 91 91 93 93 54 17 17 12 13 13 19 19 9 13 13 17 24 24 22 22 19 14 14 14 4 4 4 4 4 3 3 3 6 6 5 5 8 18 18 20
 42 42 44 39 39 45 91 91 93 93 54 17 17 12 13 13 19 19 9 13 13 17 24 24 22 22 19 14 14 14 4 4 4 4 4 3 3 3 6 6 5 5 8 18 18 20
 44 44 47 47 47 47 67 67 113 113 55 42 42 25 32 32 25 25 20 13 13 22 21 21 20 20 19 14 14 14 4 4 6 6 5 3 3 3 5 5 8 8 10 12 12 26
 44 44 47 47 47 47 67 67 113 113 55 42 42 25 32 32 25 25 20 13 13 22 21 21 20 20 19 14 14 14 4 4 6 6 5 3 3 3 5 5 8 8 10 12 12 26
 35 35 34 41 41 44 70 70 77 77 80 54 54 49 38 38 41 41 32 27 27 15 18 18 15 15 16 23 23 23 5 5 6 6 6 4 4 3 8 8 8 8 6 10 10 29
 20 20 33 54 54 47 76 76 67 67 74 52 52 47 41 41 32 32 22 25 25 21 24 24 17 17 14 23 23 8 6 6 3 3 3 3 3 3 10 10 9 9 6 9 9 13
 20 20 33 54 54 47 76 76 67 67 74 52 52 47 41 41 32 32 22 25 25 21 24 24 17 17 14 23 23 8 6 6 3 3 3 3 3 3 10 10 9 9 6 9 9 13
 22 22 29 53 53 39 46 46 46 46 66 130 130 34 44 44 31 31 20 28 28 21 15 15 6 6 3 6 6 6 7 7 2 2 2 2 2 3 3 3 13 13 10 9 9 15
 16 16 45 78 78 37 79 79 77 77 60 46 46 33 44 44 40 40 30 29 29 31 13 13 4 4 2 2 2 3 3 3 4 4 2 4 4 2 3 3 10 10 10 11 11 11
 16 16 45 78 78 37 79 79 77 77 60 46 46 33 44 44 40 40 30 29 29 31 13 13 4 4 2 2 2 3 3 3 4 4 2 4 4 2 3 3 10 10 10 11 11 11
 14 14 53 44 44 81 81 81 38 38 50 48 48 35 51 51 42 42 35 31 31 24 7 7 6 6 1 1 1 3 4 4 8 8 9 4 4 3 4 4 7 7 13 14 14 11
 14 14 53 44 44 81 81 81 38 38 50 48 48 35 51 51 42 42 35 31 31 24 7 7 6 6 1 1 1 3 4 4 8 8 9 4 4 3 4 4 7 7 13 14 14 11
 12 12 36 119 119 151 59 59 41 41 37 28 28 38 75 75 33 33 22 19 19 15 8 8 8 8 3 2 2 4 4 4 14 14 14 16 16 9 13 13 5 5 8 9 9 8
 13 13 27 93 93 122 70 70 30 30 33 35 35 44 44 44 43 43 36 10 10 12 7 7 8 8 4 3 3 3 6 6 15 15 18 41 41 41 36 36 9 9 6 4 4 6
 13 13 27 93 93 122 70 70 30 30 33 35 35 44 44 44 43 43 36 10 10 12 7 7 8 8 4 3 3 3 6 6 15 15 18 41 41 41 36 36 9 9 6 4 4 6
 16 16 19 33 33 88 85 85 65 65 35 39 39 38 37 37 19 19 15 10 10 10 8 8 8 8 4 3 3 4 5 5 7 7 15 20 20 32 39 39 18 18 15 13 13 7
 17 17 21 20 20 27 28 28 44 44 55 50 50 62 32 32 15 15 14 7 7 13 15 15 14 14 8 6 6 7 7 7 8 8 9 13 13 45 41 41 41 41 12 21 21 4
 17 17 21 20 20 27 28 28 44 44 55 50 50 62 32 32 15 15 14 7 7 13 15 15 14 14 8 6 6 7 7 7 8 8 9 13 13 45 41 41 41 41 12 21 21 4
 30 30 10 12 12 18 17 17 13 13 56 37 37 65 66 66 25 25 17 13 13 15 15 15 12 12 11 8 8 9 11 11 10 10 11 12 12 12 5 5 4 4 4 10 10 3
 30 30 10 12 12 18 17 17 13 13 56 37 37 65 66 66 25 25 17 13 13 15 15 15 12 12 11 8 8 9 11 11 10 10 11 12 12 12 5 5 4 4 4 10 10 3
 32 32 10 10 10 14 12 12 14 14 39 44 44 81 69 69 25 25 28 24 24 20 19 19 11 11 11 9 9 10 13 13 11 11 12 10 10 9 6 6 6 6 5 10 10 4
 37 37 11 10 10 12 24 24 33 33 78 86 86 99 63 63 51 51 28 21 21 19 24 24 16 16 16 12 12 15 17 17 16 16 16 15 15 9 7 7 7 7 6 2 2 3
 37 37 11 10 10 12 24 24 33 33 78 86 86 99 63 63 51 51 28 21 21 19 24 24 16 16 16 12 12 15 17 17 16 16 16 15 15 9 7 7 7 7 6 2 2 3
 37 37 11 15 15 14 23 23 46 46 138 109 109 63 39 39 46 46 29 27 27 22 26 26 18 18 19 16 16 22 23 23 13 13 13 20 20 34 25 25 21 21 13 5 5 2
 10 10 8 11 11 9 18 18 48 48 122 54 54 48 35 35 11 11 31 10 10 11 12 12 27 27 30 32 32 22 25 25 13 13 13 26 26 49 55 55 49 49 46 21 21 12
 10 10 8 11 11 9 18 18 48 48 122 54 54 48 35 35 11 11 31 10 10 11 12 12 27 27 30 32 32 22 25 25 13 13 13 26 26 49 55 55 49 49 46 21 21 12
 4 4 5 9 9 7 7 7 29 29 64 29 29 10 10 10 11 11 16 14 14 14 16 16 29 29 32 39 39 29 35 35 19 19 11 16 16 50 58 58 49 49 55 50 50 14
 4 4 5 9 9 7 7 7 29 29 64 29 29 10 10 10 11 11 16 14 14 14 16 16 29 29 32 39 39 29 35 35 19 19 11 16 16 50 58 58 49 49 55 50 50 14
 7 7 7 7 7 8 6 6 12 12 11 18 18 11 10 10 9 9 11 14 14 14 13 13 19 19 42 41 41 40 35 35 22 22 22 14 14 28 39 39 48 48 34 34 34 10
 34 34 6 5 5 6 4 4 8 8 7 4 4 4 11 11 10 10 13 17 17 16 16 16 17 17 19 24 24 26 32 32 29 29 22 14 14 27 12 12 22 22 24 20 20 7
 34 34 6 5 5 6 4 4 8 8 7 4 4 4 11 11 10 10 13 17 17 16 16 16 17 17 19 24 24 26 32 32 29 29 22 14 14 27 12 12 22 22 24 20 20 7
 34 34 6 5 5 5 5 5 8 8 7 3 3 4 5 5 10 10 12 15 15 14 21 21 18 18 19 21 21 25 31 31 33 33 34 13 13 15 12 12 10 10 23 13 13 6
 52 52 23 19 19 18 28 28 26 26 5 3 3 4 5 5 11 11 10 14 14 14 21 21 18 18 26 20 20 22 32 32 34 34 34 11 11 14 12 12 10 10 14 13 13 12
 52 52 23 19 19 18 28 28 26 26 5 3 3 4 5 5 11 11 10 14 14 14 21 21 18 18 26 20 20 22 32 32 34 34 34 11 11 14 12 12 10 10 14 13 13 12
 35 35 54 111 111 18 21 21 20 20 4 3 3 3 5 5 10 10 10 15 15 17 18 18 18 18 20 22 22 28 17 17 36 36 37 23 23 12 13 13 9 9 6 4 4 4
 35 35 54 111 111 18 21 21 20 20 4 3 3 3 5 5 10 10 10 15 15 17 18 18 18 18 20 22 22 28 17 17 36 36 37 23 23 12 13 13 9 9 6 4 4 4
 37 37 55 110 110 111 110 110 29 29 29 3 3 2 3 3 7 7 8 16 16 18 18 18 14 14 8 21 21 22 23 23 39 39 18 10 10 10 14 14 11 11 6 4 4 6
 60 60 59 85 85 87 84 84 30 30 29 3 3 3 3 3 6 6 3 3 3 9 9 9 7 7 7 16 16 22 21 21 22 22 21 10 10 9 11 11 12 12 9 10 10 8
 60 60 59 85 85 87 84 84 30 30 29 3 3 3 3 3 6 6 3 3 3 9 9 9 7 7 7 16 16 22 21 21 22 22 21 10 10 9 11 11 12 12 9 10 10 8
 28 28 61 88 88 94 87 87 53 53 3 2 2 3 2 2 2 2 3 3 3 9 9 9 11 11 15 7 7 19 18 18 18 18 8 8 8 7 8 8 11 11 11 8 8 8
 30 30 34 32 32 33 6 6 7 7 4 3 3 5 2 2 2 2 2 3 3 6 10 10 12 12 20 13 13 11 10 10 6 6 5 7 7 8 7 7 5 5 6 5 5 5
 30 30 34 32 32 33 6 6 7 7 4 3 3 5 2 2 2 2 2 3 3 6 10 10 12 12 20 13 13 11 10 10 6 6 5 7 7 8 7 7 5 5 6 5 5 5
 12 12 6 7 7 6 7 7 6 6 6 5 5 4 1 1 1 1 1 2 2 8 12 12 18 18 21 13 13 14 74 74 3 3 6 11 11 8 5 5 4 4 4 5 5 5
 12 12 6 7 7 6 7 7 6 6 6 5 5 4 1 1 1 1 1 2 2 8 12 12 18 18 21 13 13 14 74 74 3 3 6 11 11 8 5 5 4 4 4 5 5 5
 10 10 8 9 9 7 7 7 6 6 6 7 7 5 6 6 1 1 2 2 2 2 14 14 15 15 15 15 15 23 79 79 7 7 4 6 6 6 2 2 2 2 3 3 3 4
 32 32 11 8 8 16 13 13 7 7 8 8 8 8 8 8 2 2 2 2 2 6 13 13 15 15 18 25 25 74 49 49 10 10 5 8 8 7 4 4 3 3 4 4 4 4
 32 32 11 8 8 16 13 13 7 7 8 8 8 8 8 8 2 2 2 2 2 6 13 13 15 15 18 25 25 74 49 49 10 10 5 8 8 7 4 4 3 3 4 4 4 4
 35 35 11 15 15 19 17 17 11 11 11 10 10 9 11 11 6 6 4 2 2 3 7 7 12 12 20 24 24 27 47 47 18 18 11 10 10 7 7 7 6 6 4 4 4 4
 33 33 25 11 11 9 7 7 12 12 13 19 19 20 19 19 14 14 8 5 5 4 12 12 13 13 19 15 15 18 16 16 18 18 11 11 11 15 15 15 6 6 7 6 6 7
 33 33 25 11 11 9 7 7 12 12 13 19 19 20 19 19 14 14 8 5 5 4 12 12 13 13 19 15 15 18 16 16 18 18 11 11 11 15 15 15 6 6 7 6 6 7
 30 30 18 15 15 10 7 7 14 14 12 20 20 22 13 13 9 9 9 4 4 3 12 12 16 16 16 28 28 20 15 15 23 23 12 11 11 13 12 12 6 6 7 7 7 6
 30 30 18 15 15 10 7 7 14 14 12 20 20 22 13 13 9 9 9 4 4 3 12 12 16 16 16 28 28 20 15 15 23 23 12 11 11 13 12 12 6 6 7 7 7 6
 26 26 26 19 19 15 9 9 13 13 10 20 20 23 16 16 7 7 7 3 3 3 11 11 12 12 14 25 25 23 30 30 29 29 14 11 11 11 11 11 9 9 10 6 6 5
 29 29 24 23 23 18 13 13 12 12 12 19 19 20 17 17 24 24 8 3 3 3 6 6 9 9 14 21 21 19 32 32 36 36 18 11 11 13 11 11 10 10 9 6 6 6
 29 29 24 23 23 18 13 13 12 12 12 19 19 20 17 17 24 24 8 3 3 3 6 6 9 9 14 21 21 19 32 32 36 36 18 11 11 13 11 11 10 10 9 6 6 6
 30 30 22 21 21 13 16 16 13 13 25 25 25 23 18 18 23 23 6 5 5 3 2 2 6 6 10 10 10 14 16 16 20 20 17 6 6 10 12 12 11 11 10 10 10 9
 25 25 18 22 22 13 15 15 15 15 18 24 24 18 33 33 15 15 11 2 2 2 2 2 6 6 8 12 12 11 14 14 13 13 12 7 7 8 7 7 7 7 7 7 7 7
 25 25 18 22 22 13 15 15 15 15 18 24 24 18 33 33 15 15 11 2 2 2 2 2 6 6 8 12 12 11 14 14 13 13 12 7 7 8 7 7 7 7 7 7 7 7
 27 27 21 18 18 13 14 14 10 10 12 13 13 17 15 15 14 14 3 3 3 2 4 4 8 8 8 12 12 10 11 11 9 9 8 13 13 9 8 8 10 10 10 5 5 5
 27 27 21 18 18 13 14 14 10 10 12 13 13 17 15 15 14 14 3 3 3 2 4 4 8 8 8 12 12 10 11 11 9 9 8 13 13 9 8 8 10 10 10 5 5 5
 18 18 21 15 15 14 13 13 11 11 13 12 12 12 11 11 15 15 11 3 3 2 4 4 8 8 9 7 7 8 9 9 10 10 10 15 15 14 7 7 8 8 6 3 3 3
 17 17 17 17 17 11 14 14 11 11 10 8 8 10 11 11 13 13 13 5 5 4 1 1 1 1 5 6 6 9 8 8 11 11 9 8 8 9 6 6 7 7 6 2 2 2
 17 17 17 17 17 11 14 14 11 11 10 8 8 10 11 11 13 13 13 5 5 4 1 1 1 1 5 6 6 9 8 8 11 11 9 8 8 9 6 6 7 7 6 2 2 2
 11 11 11 9 9 9 9 9 10 10 9 9 9 9 9 9 16 16 13 11 11 6 3 3 1 1 1 4 4 5 9 9 13 13 11 6 6 4 2 2 4 4 2 2 2 2
 8 8 13 8 8 8 10 10 10 10 11 8 8 8 11 11 11 11 11 11 11 8 4 4 2 2 1 5 5 5 8 8 10 10 8 6 6 4 2 2 2 2 2 4 4 2
 8 8 13 8 8 8 10 10 10 10 11 8 8 8 11 11 11 11 11 11 11 8 4 4 2 2 1 5 5 5 8 8 10 10 8 6 6 4 2 2 2 2 2 4 4 2
 7 7 9 7 7 7 8 8 9 9 7 7 7 7 7 7 9 9 6 7 7 8 5 5 6 6 1 1 1 5 6 6 7 7 5 8 8 6 3 3 2 2 4 4 4 2
 7 7 9 7 7 7 8 8 9 9 7 7 7 7 7 7 9 9 6 7 7 8 5 5 6 6 1 1 1 5 6 6 7 7 5 8 8 6 3 3 2 2 4 4 4 2
 6 6 7 6 6 7 8 8 8 8 7 7 7 7 6 6 7 7 6 5 5 1 2 2 1 1 0 0 0 3 6 6 7 7 5 5 5 5 7 7 6 6 6 7 7 3
 6 6 5 4 4 6 9 9 9 9 9 6 6 6 6 6 6 6 6 6 6 3 1 1 2 2 0 1 1 1 1 1 2 2 2 6 6 8 10 10 6 6 5 6 6 11
 6 6 5 4 4 6 9 9 9 9 9 6 6 6 6 6 6 6 6 6 6 3 1 1 2 2 0 1 1 1 1 1 2 2 2 6 6 8 10 10 6 6 5 6 6 11
 4 4 5 5 5 5 8 8 7 7 8 7 7 8 8 8 8 8 6 6 6 3 3 3 1 1 1 2 2 1 1 1 2 2 3 8 8 7 9 9 10 10 7 7 7 8
 3 3 3 4 4 6 6 6 6 6 6 6 6 7 7 7 7 7 6 5 5 2 2 2 1 1 1 1 1 0 1 1 2 2 2 7 7 7 8 8 7 7 7 6 6 7
