assets/RAT_results/precipitation/2021-09-12_IMERG.asc
ncols        46
nrows        77
xllcorner    74.800261325624
yllcorner    8.058333333333
cellsize     0.062500000000
NODATA_value -9999
 6 6 6 2 2 0 0 0 0 0 1 0 0 0 0 0 0 0 1 0 0 0 0 0 0 0 0 0 0 0 0 0 0 0 0 0 0 1 5 5 9 9 2 0 0 0
 10 10 8 1 1 0 0 0 0 0 1 1 1 1 0 0 0 0 0 0 0 0 0 0 0 0 0 0 0 0 0 0 0 0 0 0 0 0 1 1 2 2 0 0 0 0
 10 10 8 1 1 0 0 0 0 0 1 1 1 1 0 0 0 0 0 0 0 0 0 0 0 0 0 0 0 0 0 0 0 0 0 0 0 0 1 1 2 2 0 0 0 0
 10 10 3 3 3 2 1 1 1 1 3 1 1 1 0 0 0 0 0 0 0 0 0 0 0 0 0 0 0 0 0 0 0 0 0 0 0 0 0 0 0 0 0 0 0 0
 11 11 13 8 8 6 3 3 1 1 2 1 1 1 0 0 0 0 0 0 0 0 0 0 0 0 0 0 0 0 0 0 0 0 0 0 0 0 0 0 0 0 0 0 0 0
 11 11 13 8 8 6 3 3 1 1 2 1 1 1 0 0 0 0 0 0 0 0 0 0 0 0 0 0 0 0 0 0 0 0 0 0 0 0 0 0 0 0 0 0 0 0
 6 6 11 8 8 6 4 4 3 3 3 0 0 0 0 0 0 0 0 0 0 0 0 0 0 0 0 0 0 0 0 0 0 0 2 0 0 3 3 3 0 0 0 0 0 0
 6 6 11 8 8 6 4 4 3 3 3 0 0 0 0 0 0 0 0 0 0 0 0 0 0 0 0 0 0 0 0 0 0 0 2 0 0 3 3 3 0 0 0 0 0 0
 7 7 7 9 9 9 5 5 3 3 1 2 2 2 1 1 0 0 0 0 0 0 0 0 0 0 0 0 0 0 0 0 2 2 2 2 2 3 3 3 0 0 0 0 0 0
 6 6 5 5 5 8 7 7 3 3 4 7 7 7 1 1 3 3 0 1 1 0 0 0 0 0 0 0 0 0 0 0 0 0 0 0 0 0 0 0 0 0 0 0 0 0
 6 6 5 5 5 8 7 7 3 3 4 7 7 7 1 1 3 3 0 1 1 0 0 0 0 0 0 0 0 0 0 0 0 0 0 0 0 0 0 0 0 0 0 0 0 0
 2 2 3 6 6 9 12 12 4 4 3 8 8 7 9 9 3 3 4 2 2 0 0 0 0 0 0 0 0 0 0 0 0 0 0 0 0 0 0 0 0 0 0 0 0 0
 1 1 3 7 7 14 15 15 7 7 3 4 4 5 7 7 8 8 5 4 4 2 2 2 1 1 0 0 0 0 0 0 0 0 0 0 0 0 0 0 0 0 1 1 1 1
 1 1 3 7 7 14 15 15 7 7 3 4 4 5 7 7 8 8 5 4 4 2 2 2 1 1 0 0 0 0 0 0 0 0 0 0 0 0 0 0 0 0 1 1 1 1
 3 3 3 9 9 9 11 11 7 7 7 8 8 8 9 9 10 10 4 3 3 4 2 2 1 1 0 0 0 0 0 0 0 0 0 0 0 0 0 0 1 1 2 4 4 3
 3 3 3 9 9 9 11 11 7 7 7 8 8 8 9 9 10 10 4 3 3 4 2 2 1 1 0 0 0 0 0 0 0 0 0 0 0 0 0 0 1 1 2 4 4 3
 5 5 7 11 11 10 7 7 8 8 9 8 8 15 8 8 5 5 5 6 6 6 2 2 2 2 0 0 0 0 0 0 0 0 0 0 0 0 1 1 1 1 1 2 2 2
 8 8 7 5 5 5 4 4 4 4 10 11 11 9 5 5 3 3 5 5 5 3 3 3 2 2 0 0 0 0 0 0 0 0 0 0 0 0 1 1 1 1 1 2 2 2
 8 8 7 5 5 5 4 4 4 4 10 11 11 9 5 5 3 3 5 5 5 3 3 3 2 2 0 0 0 0 0 0 0 0 0 0 0 0 1 1 1 1 1 2 2 2
 8 8 6 4 4 4 4 4 7 7 5 8 8 12 7 7 3 3 5 5 5 3 3 3 3 3 0 1 1 0 0 0 2 2 0 0 0 1 1 1 1 1 1 1 1 1
 6 6 7 6 6 6 9 9 7 7 19 23 23 14 3 3 1 1 6 7 7 10 4 4 7 7 1 1 1 2 2 2 3 3 0 2 2 1 1 1 1 1 1 1 1 1
 6 6 7 6 6 6 9 9 7 7 19 23 23 14 3 3 1 1 6 7 7 10 4 4 7 7 1 1 1 2 2 2 3 3 0 2 2 1 1 1 1 1 1 1 1 1
 6 6 7 4 4 8 10 10 14 14 24 11 11 12 17 17 11 11 13 7 7 12 8 8 5 5 3 2 2 5 3 3 3 3 1 0 0 2 1 1 0 0 0 0 0 1
 6 6 7 4 4 8 10 10 14 14 24 11 11 12 17 17 11 11 13 7 7 12 8 8 5 5 3 2 2 5 3 3 3 3 1 0 0 2 1 1 0 0 0 0 0 1
 6 6 5 4 4 2 4 4 13 13 12 1 1 6 16 16 17 17 18 15 15 17 9 9 4 4 1 2 2 3 0 0 1 1 0 0 0 0 0 0 0 0 0 0 0 0
 4 4 4 4 4 2 3 3 2 2 1 1 1 3 8 8 8 8 17 19 19 7 9 9 1 1 1 0 0 1 0 0 0 0 0 0 0 0 0 0 0 0 0 0 0 0
 4 4 4 4 4 2 3 3 2 2 1 1 1 3 8 8 8 8 17 19 19 7 9 9 1 1 1 0 0 1 0 0 0 0 0 0 0 0 0 0 0 0 0 0 0 0
 3 3 4 4 4 5 2 2 3 3 1 3 3 1 2 2 8 8 3 6 6 4 4 4 3 3 2 3 3 0 0 0 0 0 0 0 0 0 0 0 0 0 0 0 0 0
 3 3 4 6 6 6 3 3 3 3 3 3 3 3 6 6 10 10 11 4 4 9 14 14 5 5 4 1 1 1 0 0 0 0 0 0 0 0 0 0 0 0 0 0 0 0
 3 3 4 6 6 6 3 3 3 3 3 3 3 3 6 6 10 10 11 4 4 9 14 14 5 5 4 1 1 1 0 0 0 0 0 0 0 0 0 0 0 0 0 0 0 0
 3 3 4 7 7 5 4 4 5 5 6 5 5 8 11 11 15 15 7 7 7 9 8 8 2 2 2 1 1 1 1 1 0 0 0 0 0 0 2 2 0 0 0 0 0 0
 3 3 4 7 7 5 4 4 5 5 6 5 5 8 11 11 15 15 7 7 7 9 8 8 2 2 2 1 1 1 1 1 0 0 0 0 0 0 2 2 0 0 0 0 0 0
 4 4 5 7 7 12 12 12 16 16 20 21 21 19 14 14 13 13 15 12 12 16 2 2 1 1 1 1 1 1 1 1 0 0 0 0 0 0 0 0 0 0 0 0 0 0
 4 4 5 5 5 10 7 7 18 18 19 22 22 17 19 19 42 42 27 22 22 16 9 9 6 6 3 4 4 2 6 6 2 2 0 0 0 0 0 0 0 0 0 0 0 0
 4 4 5 5 5 10 7 7 18 18 19 22 22 17 19 19 42 42 27 22 22 16 9 9 6 6 3 4 4 2 6 6 2 2 0 0 0 0 0 0 0 0 0 0 0 0
 3 3 4 5 5 11 7 7 15 15 17 15 15 19 16 16 26 26 19 14 14 8 6 6 5 5 10 9 9 15 15 15 6 6 3 0 0 0 0 0 0 0 0 0 0 0
 5 5 5 5 5 3 2 2 6 6 17 9 9 14 15 15 19 19 6 8 8 12 8 8 18 18 26 28 28 22 13 13 8 8 3 0 0 0 0 0 0 0 0 0 0 0
 5 5 5 5 5 3 2 2 6 6 17 9 9 14 15 15 19 19 6 8 8 12 8 8 18 18 26 28 28 22 13 13 8 8 3 0 0 0 0 0 0 0 0 0 0 0
 5 5 5 6 6 4 4 4 4 4 6 8 8 4 7 7 9 9 6 9 9 8 12 12 13 13 24 30 30 34 19 19 24 24 12 9 9 3 0 0 2 2 0 0 0 0
 5 5 5 6 6 4 4 4 4 4 6 8 8 4 7 7 9 9 6 9 9 8 12 12 13 13 24 30 30 34 19 19 24 24 12 9 9 3 0 0 2 2 0 0 0 0
 6 6 5 3 3 1 1 1 3 3 4 6 6 7 7 7 9 9 14 9 9 10 8 8 13 13 14 20 20 22 22 22 22 22 12 9 9 6 2 2 2 2 1 0 0 0
 8 8 6 3 3 2 2 2 2 2 3 4 4 6 5 5 12 12 15 13 13 12 10 10 13 13 10 20 20 21 29 29 18 18 12 5 5 5 3 3 2 2 1 0 0 0
 8 8 6 3 3 2 2 2 2 2 3 4 4 6 5 5 12 12 15 13 13 12 10 10 13 13 10 20 20 21 29 29 18 18 12 5 5 5 3 3 2 2 1 0 0 0
 4 4 5 3 3 1 2 2 2 2 2 3 3 2 3 3 5 5 5 11 11 16 15 15 13 13 12 8 8 15 23 23 13 13 3 3 3 3 2 2 2 2 2 1 1 0
 5 5 4 2 2 3 3 3 3 3 4 3 3 3 3 3 3 3 8 15 15 13 12 12 17 17 11 14 14 11 13 13 8 8 3 4 4 2 2 2 2 2 2 0 0 0
 5 5 4 2 2 3 3 3 3 3 4 3 3 3 3 3 3 3 8 15 15 13 12 12 17 17 11 14 14 11 13 13 8 8 3 4 4 2 2 2 2 2 2 0 0 0
 9 9 10 10 10 10 8 8 7 7 5 5 5 4 5 5 5 5 7 13 13 22 25 25 37 37 20 14 14 14 13 13 12 12 13 3 3 1 0 0 0 0 0 0 0 0
 9 9 10 10 10 10 8 8 7 7 5 5 5 4 5 5 5 5 7 13 13 22 25 25 37 37 20 14 14 14 13 13 12 12 13 3 3 1 0 0 0 0 0 0 0 0
 16 16 18 12 12 14 12 12 9 9 7 9 9 9 9 9 8 8 11 13 13 23 18 18 36 36 20 15 15 24 27 27 13 13 11 3 3 1 0 0 0 0 0 0 0 0
 18 18 18 21 21 23 13 13 18 18 10 12 12 9 8 8 11 11 9 16 16 23 18 18 20 20 17 14 14 16 18 18 5 5 5 1 1 1 0 0 0 0 0 0 0 0
 18 18 18 21 21 23 13 13 18 18 10 12 12 9 8 8 11 11 9 16 16 23 18 18 20 20 17 14 14 16 18 18 5 5 5 1 1 1 0 0 0 0 0 0 0 0
 13 13 14 18 18 18 19 19 17 17 11 11 11 8 7 7 7 7 9 9 9 19 19 19 21 21 19 14 14 13 14 14 11 11 7 3 3 2 2 2 0 0 0 0 0 0
 12 12 12 13 13 30 24 24 8 8 6 5 5 6 3 3 4 4 5 10 10 24 14 14 26 26 30 28 28 21 14 14 13 13 11 6 6 7 2 2 0 0 0 0 0 1
 12 12 12 13 13 30 24 24 8 8 6 5 5 6 3 3 4 4 5 10 10 24 14 14 26 26 30 28 28 21 14 14 13 13 11 6 6 7 2 2 0 0 0 0 0 1
 8 8 6 7 7 6 7 7 7 7 4 3 3 3 3 3 2 2 3 7 7 9 12 12 29 29 29 32 32 23 14 14 12 12 11 7 7 6 2 2 0 0 1 1 1 1
 8 8 6 7 7 6 7 7 7 7 4 3 3 3 3 3 2 2 3 7 7 9 12 12 29 29 29 32 32 23 14 14 12 12 11 7 7 6 2 2 0 0 1 1 1 1
 5 5 7 9 9 7 6 6 4 4 5 3 3 2 2 2 1 1 1 6 6 3 15 15 21 21 29 27 27 20 26 26 28 28 25 0 0 1 0 0 1 1 1 1 1 1
 5 5 5 8 8 4 7 7 7 7 3 5 5 1 4 4 5 5 3 3 3 3 12 12 19 19 28 30 30 18 20 20 15 15 18 3 3 1 0 0 1 1 1 1 1 1
 5 5 5 8 8 4 7 7 7 7 3 5 5 1 4 4 5 5 3 3 3 3 12 12 19 19 28 30 30 18 20 20 15 15 18 3 3 1 0 0 1 1 1 1 1 1
 2 2 1 2 2 4 7 7 7 7 7 15 15 7 8 8 2 2 4 5 5 3 16 16 26 26 30 30 30 22 24 24 17 17 10 1 1 0 0 0 1 1 1 1 1 2
 1 1 1 2 2 3 3 3 5 5 9 20 20 23 22 22 12 12 9 5 5 8 22 22 18 18 43 50 50 30 21 21 10 10 9 11 11 5 1 1 1 1 1 1 1 1
 1 1 1 2 2 3 3 3 5 5 9 20 20 23 22 22 12 12 9 5 5 8 22 22 18 18 43 50 50 30 21 21 10 10 9 11 11 5 1 1 1 1 1 1 1 1
 2 2 1 2 2 2 2 2 3 3 2 15 15 13 21 21 10 10 7 11 11 25 20 20 26 26 31 32 32 21 25 25 17 17 17 14 14 5 1 1 1 1 2 1 1 1
 2 2 1 2 2 2 2 2 3 3 2 15 15 13 21 21 10 10 7 11 11 25 20 20 26 26 31 32 32 21 25 25 17 17 17 14 14 5 1 1 1 1 2 1 1 1
 7 7 5 4 4 1 1 1 2 2 3 2 2 8 4 4 2 2 8 5 5 20 6 6 19 19 20 24 24 26 30 30 30 30 23 18 18 13 2 2 2 2 2 2 2 2
 8 8 5 3 3 1 1 1 1 1 1 2 2 2 3 3 4 4 4 2 2 8 7 7 18 18 17 13 13 24 27 27 27 27 22 18 18 14 4 4 2 2 2 2 2 2
 8 8 5 3 3 1 1 1 1 1 1 2 2 2 3 3 4 4 4 2 2 8 7 7 18 18 17 13 13 24 27 27 27 27 22 18 18 14 4 4 2 2 2 2 2 2
 3 3 4 3 3 3 1 1 1 1 1 2 2 2 4 4 3 3 4 2 2 2 4 4 3 3 10 11 11 19 13 13 11 11 13 7 7 8 2 2 1 1 0 0 0 1
 3 3 3 3 3 3 4 4 4 4 2 3 3 3 4 4 4 4 4 2 2 2 4 4 2 2 2 13 13 13 5 5 12 12 11 9 9 5 1 1 1 1 1 1 1 1
 3 3 3 3 3 3 4 4 4 4 2 3 3 3 4 4 4 4 4 2 2 2 4 4 2 2 2 13 13 13 5 5 12 12 11 9 9 5 1 1 1 1 1 1 1 1
 3 3 4 4 4 5 4 4 5 5 2 2 2 2 3 3 3 3 3 2 2 2 3 3 3 3 3 7 7 14 4 4 4 4 7 6 6 6 1 1 1 1 1 1 1 1
 3 3 4 4 4 5 4 4 5 5 2 2 2 2 3 3 3 3 3 2 2 2 3 3 3 3 3 7 7 14 4 4 4 4 7 6 6 6 1 1 1 1 1 1 1 1
 3 3 5 5 5 5 5 5 4 4 3 3 3 2 3 3 2 2 1 1 1 2 2 2 3 3 8 8 8 8 11 11 11 11 12 12 12 12 3 3 1 1 1 1 1 0
 4 4 5 5 5 5 5 5 3 3 2 3 3 3 1 1 1 1 1 2 2 3 2 2 1 1 7 8 8 9 9 9 9 9 11 9 9 10 7 7 5 5 4 4 4 1
 4 4 5 5 5 5 5 5 3 3 2 3 3 3 1 1 1 1 1 2 2 3 2 2 1 1 7 8 8 9 9 9 9 9 11 9 9 10 7 7 5 5 4 4 4 1
 4 4 4 4 4 3 3 3 3 3 2 3 3 3 2 2 3 3 3 2 2 3 4 4 4 4 10 10 10 12 10 10 9 9 8 10 10 7 12 12 13 13 9 5 5 2
 4 4 4 4 4 2 2 2 3 3 2 4 4 4 4 4 4 4 5 3 3 9 5 5 4 4 11 13 13 12 12 12 5 5 8 11 11 10 14 14 16 16 11 5 5 4
