assets/RAT_results/precipitation/2021-06-01_IMERG.asc
ncols        46
nrows        77
xllcorner    74.800261325624
yllcorner    8.058333333333
cellsize     0.062500000000
NODATA_value -9999
 6 6 3 0 0 0 0 0 0 0 0 0 0 0 0 0 0 0 0 0 0 0 0 0 0 0 0 0 0 0 0 0 0 0 0 0 0 0 0 0 0 0 1 1 1 1
 14 14 5 1 1 0 0 0 0 0 0 0 0 0 0 0 0 0 0 0 0 0 0 0 0 0 0 0 0 0 0 0 0 0 0 0 0 0 0 0 0 0 0 0 0 0
 14 14 5 1 1 0 0 0 0 0 0 0 0 0 0 0 0 0 0 0 0 0 0 0 0 0 0 0 0 0 0 0 0 0 0 0 0 0 0 0 0 0 0 0 0 0
 17 17 9 3 3 0 0 0 0 0 0 0 0 0 0 0 0 0 0 0 0 0 0 0 0 0 0 0 0 0 0 0 0 0 0 0 0 0 0 0 0 0 0 0 0 0
 9 9 7 3 3 1 0 0 0 0 0 0 0 0 0 0 0 0 0 0 0 0 0 0 0 0 0 0 0 0 0 0 0 0 0 0 0 0 0 0 0 0 0 1 1 1
 9 9 7 3 3 1 0 0 0 0 0 0 0 0 0 0 0 0 0 0 0 0 0 0 0 0 0 0 0 0 0 0 0 0 0 0 0 0 0 0 0 0 0 1 1 1
 10 10 9 10 10 9 9 9 2 2 0 0 0 0 0 0 0 0 0 0 0 0 0 0 0 0 0 0 0 0 0 0 0 0 0 0 0 0 0 0 0 0 0 0 0 0
 10 10 9 10 10 9 9 9 2 2 0 0 0 0 0 0 0 0 0 0 0 0 0 0 0 0 0 0 0 0 0 0 0 0 0 0 0 0 0 0 0 0 0 0 0 0
 13 13 13 12 12 12 11 11 2 2 0 0 0 0 0 0 0 0 0 0 0 0 0 0 0 0 0 0 0 0 0 0 0 0 0 0 0 0 0 0 0 0 0 0 0 0
 13 13 13 17 17 17 16 16 4 4 1 1 1 1 0 0 0 0 0 0 0 0 0 0 0 0 0 0 0 0 0 0 0 0 0 2 2 6 0 0 0 0 0 0 0 0
 13 13 13 17 17 17 16 16 4 4 1 1 1 1 0 0 0 0 0 0 0 0 0 0 0 0 0 0 0 0 0 0 0 0 0 2 2 6 0 0 0 0 0 0 0 0
 5 5 7 11 11 18 18 18 1 1 1 1 1 1 0 0 0 0 0 0 0 0 0 0 0 0 0 0 0 0 0 0 1 1 6 7 7 9 2 2 0 0 1 0 0 0
 4 4 6 9 9 10 6 6 1 1 1 1 1 0 0 0 0 0 0 0 0 0 0 0 0 0 0 1 1 1 1 1 1 1 6 5 5 5 1 1 1 1 0 0 0 2
 4 4 6 9 9 10 6 6 1 1 1 1 1 0 0 0 0 0 0 0 0 0 0 0 0 0 0 1 1 1 1 1 1 1 6 5 5 5 1 1 1 1 0 0 0 2
 1 1 2 3 3 2 3 3 1 1 1 1 1 0 0 0 0 0 0 0 0 0 0 0 0 0 1 1 1 1 1 1 1 1 1 1 1 3 3 3 1 1 1 1 1 1
 1 1 2 3 3 2 3 3 1 1 1 1 1 0 0 0 0 0 0 0 0 0 0 0 0 0 1 1 1 1 1 1 1 1 1 1 1 3 3 3 1 1 1 1 1 1
 1 1 2 1 1 1 0 0 2 2 1 0 0 0 0 0 0 0 0 0 0 0 0 0 0 0 1 2 2 2 2 2 2 2 2 1 1 2 1 1 1 1 1 4 4 2
 2 2 0 1 1 0 0 0 0 0 1 1 1 0 0 0 0 0 0 0 0 0 0 0 0 0 1 1 1 2 2 2 2 2 2 2 2 2 1 1 1 1 1 4 4 0
 2 2 0 1 1 0 0 0 0 0 1 1 1 0 0 0 0 0 0 0 0 0 0 0 0 0 1 1 1 2 2 2 2 2 2 2 2 2 1 1 1 1 1 4 4 0
 2 2 1 2 2 1 3 3 1 1 1 1 1 0 0 0 0 0 0 0 0 0 0 0 0 0 0 1 1 1 1 1 1 1 1 1 1 1 1 1 1 1 1 0 0 0
 2 2 2 2 2 11 10 10 3 3 1 2 2 0 0 0 0 0 0 0 0 0 0 0 0 0 0 0 0 0 0 0 0 0 0 0 0 0 0 0 0 0 0 0 0 0
 2 2 2 2 2 11 10 10 3 3 1 2 2 0 0 0 0 0 0 0 0 0 0 0 0 0 0 0 0 0 0 0 0 0 0 0 0 0 0 0 0 0 0 0 0 0
 1 1 3 3 3 2 10 10 3 3 1 1 1 0 0 0 0 0 0 0 0 0 0 0 0 0 0 0 0 0 0 0 0 0 0 0 0 0 0 0 0 0 0 1 1 1
 1 1 3 3 3 2 10 10 3 3 1 1 1 0 0 0 0 0 0 0 0 0 0 0 0 0 0 0 0 0 0 0 0 0 0 0 0 0 0 0 0 0 0 1 1 1
 1 1 3 3 3 1 2 2 3 3 2 1 1 1 1 1 0 0 0 0 0 0 0 0 1 1 1 1 1 1 0 0 0 0 0 0 0 0 0 0 0 0 0 0 0 1
 1 1 3 3 3 5 4 4 4 4 4 3 3 0 1 1 1 1 0 0 0 0 1 1 1 1 1 2 2 1 0 0 0 0 0 0 0 0 0 0 0 0 0 0 0 0
 1 1 3 3 3 5 4 4 4 4 4 3 3 0 1 1 1 1 0 0 0 0 1 1 1 1 1 2 2 1 0 0 0 0 0 0 0 0 0 0 0 0 0 0 0 0
 1 1 4 3 3 5 4 4 4 4 4 3 3 2 0 0 0 0 0 0 0 0 0 0 0 0 0 0 0 0 0 0 0 0 0 0 0 0 0 0 0 0 0 0 0 0
 4 4 4 4 4 5 5 5 5 5 3 3 3 2 0 0 0 0 0 0 0 0 0 0 0 0 0 1 1 0 0 0 0 0 0 0 0 0 0 0 0 0 0 0 0 0
 4 4 4 4 4 5 5 5 5 5 3 3 3 2 0 0 0 0 0 0 0 0 0 0 0 0 0 1 1 0 0 0 0 0 0 0 0 0 0 0 0 0 0 0 0 0
 3 3 4 8 8 7 14 14 7 7 4 1 1 2 1 1 2 2 1 0 0 0 0 0 0 0 0 1 1 0 0 0 0 0 0 0 0 0 0 0 0 0 0 0 0 0
 3 3 4 8 8 7 14 14 7 7 4 1 1 2 1 1 2 2 1 0 0 0 0 0 0 0 0 1 1 0 0 0 0 0 0 0 0 0 0 0 0 0 0 0 0 0
 3 3 5 8 8 6 13 13 12 12 11 7 7 2 3 3 5 5 1 0 0 0 0 0 0 0 0 0 0 0 0 0 0 0 0 0 0 0 0 0 0 0 0 0 0 0
 4 4 13 15 15 18 20 20 15 15 10 4 4 3 3 3 4 4 4 3 3 0 0 0 0 0 0 0 0 0 0 0 0 0 0 0 0 0 0 0 0 0 0 0 0 0
 4 4 13 15 15 18 20 20 15 15 10 4 4 3 3 3 4 4 4 3 3 0 0 0 0 0 0 0 0 0 0 0 0 0 0 0 0 0 0 0 0 0 0 0 0 0
 16 16 20 22 22 24 20 20 18 18 29 11 11 7 7 7 5 5 3 1 1 0 0 0 0 0 0 0 0 0 0 0 0 0 0 0 0 0 0 0 0 0 0 0 0 0
 17 17 20 22 22 26 13 13 16 16 27 8 8 5 4 4 4 4 2 1 1 0 0 0 0 0 0 0 0 0 0 0 0 0 0 0 0 0 0 0 0 0 0 0 0 0
 17 17 20 22 22 26 13 13 16 16 27 8 8 5 4 4 4 4 2 1 1 0 0 0 0 0 0 0 0 0 0 0 0 0 0 0 0 0 0 0 0 0 0 0 0 0
 16 16 21 19 19 23 14 14 14 14 14 10 10 5 4 4 0 0 0 1 1 1 0 0 0 0 0 0 0 0 0 0 0 0 0 0 0 0 0 0 0 0 0 0 0 0
 16 16 21 19 19 23 14 14 14 14 14 10 10 5 4 4 0 0 0 1 1 1 0 0 0 0 0 0 0 0 0 0 0 0 0 0 0 0 0 0 0 0 0 0 0 0
 16 16 19 22 22 21 15 15 14 14 14 8 8 5 5 5 4 4 0 2 2 1 0 0 0 0 0 0 0 0 0 0 0 0 0 0 0 0 0 0 1 1 0 0 0 1
 17 17 19 16 16 10 16 16 15 15 14 13 13 4 5 5 5 5 0 0 0 1 1 1 0 0 0 0 0 0 0 0 0 0 0 0 0 0 1 1 1 1 0 0 0 0
 17 17 19 16 16 10 16 16 15 15 14 13 13 4 5 5 5 5 0 0 0 1 1 1 0 0 0 0 0 0 0 0 0 0 0 0 0 0 1 1 1 1 0 0 0 0
 7 7 11 13 13 15 22 22 16 16 18 13 13 13 4 4 4 4 1 0 0 1 1 1 0 0 0 0 0 0 0 0 0 0 0 0 0 1 1 1 1 1 0 0 0 0
 8 8 9 15 15 18 16 16 14 14 18 14 14 13 5 5 1 1 1 0 0 0 1 1 1 1 0 0 0 0 0 0 0 0 1 0 0 0 0 0 0 0 0 0 0 0
 8 8 9 15 15 18 16 16 14 14 18 14 14 13 5 5 1 1 1 0 0 0 1 1 1 1 0 0 0 0 0 0 0 0 1 0 0 0 0 0 0 0 0 0 0 0
 11 11 11 14 14 16 17 17 17 17 18 13 13 12 7 7 2 2 2 2 2 2 1 1 2 2 0 0 0 0 0 0 0 0 0 0 0 0 0 0 0 0 0 0 0 0
 11 11 11 14 14 16 17 17 17 17 18 13 13 12 7 7 2 2 2 2 2 2 1 1 2 2 0 0 0 0 0 0 0 0 0 0 0 0 0 0 0 0 0 0 0 0
 13 13 15 15 15 17 18 18 17 17 17 15 15 15 13 13 7 7 6 4 4 10 10 10 1 1 0 0 0 0 0 0 0 0 0 0 0 0 0 0 0 0 0 0 0 0
 15 15 15 24 24 35 25 25 22 22 17 20 20 23 19 19 8 8 7 5 5 3 3 3 1 1 0 0 0 0 0 0 0 0 0 0 0 0 0 0 0 0 0 0 0 0
 15 15 15 24 24 35 25 25 22 22 17 20 20 23 19 19 8 8 7 5 5 3 3 3 1 1 0 0 0 0 0 0 0 0 0 0 0 0 0 0 0 0 0 0 0 0
 20 20 29 35 35 32 24 24 28 28 17 25 25 33 19 19 13 13 8 8 8 4 3 3 3 3 0 0 0 0 0 0 0 0 0 0 0 0 0 0 0 0 0 0 0 0
 23 23 25 31 31 49 31 31 35 35 16 19 19 16 9 9 3 3 1 8 8 5 2 2 3 3 1 1 1 0 0 0 0 0 0 1 1 0 0 0 0 0 0 0 0 0
 23 23 25 31 31 49 31 31 35 35 16 19 19 16 9 9 3 3 1 8 8 5 2 2 3 3 1 1 1 0 0 0 0 0 0 1 1 0 0 0 0 0 0 0 0 0
 13 13 30 49 49 55 31 31 42 42 35 38 38 17 12 12 10 10 2 4 4 5 7 7 7 7 4 3 3 0 0 0 0 0 0 0 0 0 0 0 0 0 0 0 0 0
 13 13 30 49 49 55 31 31 42 42 35 38 38 17 12 12 10 10 2 4 4 5 7 7 7 7 4 3 3 0 0 0 0 0 0 0 0 0 0 0 0 0 0 0 0 0
 12 12 35 19 19 29 28 28 33 33 34 39 39 19 19 19 12 12 4 4 4 3 3 3 8 8 8 9 9 3 0 0 0 0 0 0 0 0 0 0 0 0 0 0 0 0
 12 12 20 21 21 30 38 38 54 54 77 67 67 39 23 23 13 13 7 8 8 2 1 1 2 2 3 4 4 4 0 0 0 0 0 0 0 0 0 0 0 0 0 0 0 0
 12 12 20 21 21 30 38 38 54 54 77 67 67 39 23 23 13 13 7 8 8 2 1 1 2 2 3 4 4 4 0 0 0 0 0 0 0 0 0 0 0 0 0 0 0 0
 12 12 18 26 26 32 42 42 62 62 52 50 50 37 24 24 17 17 13 8 8 3 1 1 0 0 1 2 2 2 0 0 0 0 0 0 0 0 0 0 0 0 0 0 0 0
 10 10 9 10 10 26 41 41 57 57 62 61 61 34 24 24 19 19 12 4 4 2 1 1 0 0 1 1 1 1 0 0 0 0 0 1 1 0 1 1 0 0 0 0 0 0
 10 10 9 10 10 26 41 41 57 57 62 61 61 34 24 24 19 19 12 4 4 2 1 1 0 0 1 1 1 1 0 0 0 0 0 1 1 0 1 1 0 0 0 0 0 0
 7 7 8 9 9 11 11 11 48 48 48 43 43 44 26 26 19 19 17 6 6 2 1 1 0 0 0 1 1 1 0 0 1 1 1 2 2 2 1 1 0 0 0 0 0 0
 7 7 8 9 9 11 11 11 48 48 48 43 43 44 26 26 19 19 17 6 6 2 1 1 0 0 0 1 1 1 0 0 1 1 1 2 2 2 1 1 0 0 0 0 0 0
 4 4 4 8 8 6 7 7 41 41 44 45 45 60 41 41 41 41 21 8 8 3 0 0 1 1 0 0 0 1 1 1 2 2 2 2 2 4 3 3 0 0 0 0 0 0
 2 2 3 6 6 4 6 6 12 12 29 34 34 62 44 44 44 44 27 13 13 10 2 2 1 1 1 1 1 4 2 2 1 1 1 2 2 2 0 0 0 0 0 0 0 0
 2 2 3 6 6 4 6 6 12 12 29 34 34 62 44 44 44 44 27 13 13 10 2 2 1 1 1 1 1 4 2 2 1 1 1 2 2 2 0 0 0 0 0 0 0 0
 2 2 3 5 5 3 3 3 5 5 16 30 30 54 41 41 35 35 25 20 20 16 12 12 3 3 1 2 2 2 3 3 1 1 0 0 0 0 0 0 0 0 0 0 0 0
 3 3 4 2 2 1 1 1 2 2 15 20 20 32 33 33 9 9 13 20 20 18 17 17 8 8 2 1 1 1 2 2 2 2 1 0 0 0 0 0 0 0 0 0 0 0
 3 3 4 2 2 1 1 1 2 2 15 20 20 32 33 33 9 9 13 20 20 18 17 17 8 8 2 1 1 1 2 2 2 2 1 0 0 0 0 0 0 0 0 0 0 0
 3 3 3 2 2 0 1 1 1 1 1 3 3 14 8 8 8 8 12 14 14 14 16 16 11 11 5 2 2 0 2 2 0 0 2 1 1 0 0 0 0 0 0 0 0 0
 3 3 3 2 2 0 1 1 1 1 1 3 3 14 8 8 8 8 12 14 14 14 16 16 11 11 5 2 2 0 2 2 0 0 2 1 1 0 0 0 0 0 0 0 0 0
 3 3 3 3 3 0 0 0 1 1 1 2 2 4 6 6 8 8 8 8 8 9 15 15 10 10 9 1 1 0 0 0 0 0 1 1 1 1 0 0 0 0 0 0 0 0
 2 2 2 2 2 0 1 1 1 1 1 1 1 3 4 4 4 4 6 7 7 8 6 6 11 11 9 3 3 1 0 0 0 0 0 0 0 0 0 0 0 0 0 0 0 0
 2 2 2 2 2 0 1 1 1 1 1 1 1 3 4 4 4 4 6 7 7 8 6 6 11 11 9 3 3 1 0 0 0 0 0 0 0 0 0 0 0 0 0 0 0 0
 2 2 2 1 1 1 0 0 1 1 2 1 1 3 3 3 3 3 3 5 5 6 5 5 7 7 6 3 3 0 0 0 0 0 0 0 0 0 1 1 0 0 0 0 0 0
 2 2 2 1 1 1 1 1 2 2 2 1 1 2 4 4 3 3 1 2 2 2 4 4 4 4 4 5 5 2 0 0 0 0 0 0 0 0 0 0 0 0 1 0 0 0
