assets/RAT_results/precipitation/2021-11-03_IMERG.asc
ncols        46
nrows        77
xllcorner    74.800261325624
yllcorner    8.058333333333
cellsize     0.062500000000
NODATA_value -9999
 6 6 5 7 7 18 7 7 4 4 1 7 7 7 7 7 4 4 5 3 3 1 0 0 1 1 3 1 1 2 1 1 1 1 0 0 0 0 0 0 0 0 2 3 3 4
 9 9 9 15 15 27 30 30 5 5 8 11 11 12 2 2 1 1 3 1 1 0 0 0 1 1 1 1 1 1 1 1 0 0 1 0 0 0 0 0 1 1 1 3 3 4
 9 9 9 15 15 27 30 30 5 5 8 11 11 12 2 2 1 1 3 1 1 0 0 0 1 1 1 1 1 1 1 1 0 0 1 0 0 0 0 0 1 1 1 3 3 4
 6 6 14 15 15 32 36 36 16 16 9 4 4 2 1 1 2 2 1 0 0 0 0 0 0 0 0 1 1 2 1 1 0 0 1 0 0 0 1 1 1 1 2 3 3 4
 6 6 8 17 17 34 54 54 17 17 9 1 1 1 1 1 3 3 1 1 1 0 0 0 0 0 0 0 0 1 1 1 1 1 0 0 0 1 1 1 1 1 2 3 3 3
 6 6 8 17 17 34 54 54 17 17 9 1 1 1 1 1 3 3 1 1 1 0 0 0 0 0 0 0 0 1 1 1 1 1 0 0 0 1 1 1 1 1 2 3 3 3
 8 8 9 17 17 22 20 20 25 25 22 1 1 1 1 1 1 1 1 2 2 1 0 0 0 0 0 0 0 1 1 1 1 1 0 2 2 0 1 1 1 1 2 2 2 4
 8 8 9 17 17 22 20 20 25 25 22 1 1 1 1 1 1 1 1 2 2 1 0 0 0 0 0 0 0 1 1 1 1 1 0 2 2 0 1 1 1 1 2 2 2 4
 15 15 14 11 11 20 19 19 11 11 7 4 4 3 2 2 1 1 2 1 1 1 2 2 0 0 0 1 1 1 1 1 0 0 1 0 0 0 0 0 1 1 2 2 2 2
 14 14 17 11 11 6 5 5 7 7 5 5 5 6 3 3 2 2 1 1 1 2 2 2 1 1 0 0 0 0 0 0 2 2 1 0 0 0 1 1 1 1 2 1 1 1
 14 14 17 11 11 6 5 5 7 7 5 5 5 6 3 3 2 2 1 1 1 2 2 2 1 1 0 0 0 0 0 0 2 2 1 0 0 0 1 1 1 1 2 1 1 1
 23 23 16 7 7 4 5 5 3 3 2 5 5 4 4 4 3 3 2 1 1 1 1 1 1 1 0 0 0 0 0 0 0 0 0 0 0 0 1 1 1 1 1 1 1 1
 29 29 19 7 7 4 6 6 4 4 3 3 3 5 4 4 5 5 3 0 0 1 2 2 1 1 0 0 0 0 1 1 0 0 0 0 0 1 0 0 1 1 1 1 1 0
 29 29 19 7 7 4 6 6 4 4 3 3 3 5 4 4 5 5 3 0 0 1 2 2 1 1 0 0 0 0 1 1 0 0 0 0 0 1 0 0 1 1 1 1 1 0
 32 32 21 14 14 5 10 10 7 7 6 6 6 11 19 19 8 8 10 8 8 1 1 1 1 1 0 0 0 0 1 1 1 1 1 0 0 0 1 1 1 1 1 1 1 0
 32 32 21 14 14 5 10 10 7 7 6 6 6 11 19 19 8 8 10 8 8 1 1 1 1 1 0 0 0 0 1 1 1 1 1 0 0 0 1 1 1 1 1 1 1 0
 19 19 16 16 16 10 11 11 13 13 11 11 11 12 28 28 31 31 15 9 9 2 1 1 1 1 1 0 0 0 0 0 0 0 0 0 0 1 1 1 1 1 0 0 0 0
 20 20 17 11 11 12 12 12 11 11 15 16 16 25 27 27 24 24 16 7 7 3 3 3 3 3 3 2 2 1 0 0 0 0 0 0 0 0 0 0 0 0 0 0 0 0
 20 20 17 11 11 12 12 12 11 11 15 16 16 25 27 27 24 24 16 7 7 3 3 3 3 3 3 2 2 1 0 0 0 0 0 0 0 0 0 0 0 0 0 0 0 0
 14 14 17 16 16 14 15 15 12 12 9 15 15 24 23 23 15 15 17 13 13 5 4 4 4 4 2 2 2 1 1 1 1 1 1 1 1 1 1 1 0 0 0 0 0 1
 7 7 11 15 15 20 23 23 19 19 11 15 15 14 17 17 17 17 31 24 24 7 4 4 3 3 5 1 1 1 1 1 2 2 3 3 3 2 1 1 1 1 1 1 1 1
 7 7 11 15 15 20 23 23 19 19 11 15 15 14 17 17 17 17 31 24 24 7 4 4 3 3 5 1 1 1 1 1 2 2 3 3 3 2 1 1 1 1 1 1 1 1
 5 5 8 17 17 23 36 36 37 37 28 15 15 16 14 14 16 16 21 23 23 21 6 6 5 5 2 2 2 1 2 2 1 1 2 2 2 2 1 1 1 1 1 1 1 2
 5 5 8 17 17 23 36 36 37 37 28 15 15 16 14 14 16 16 21 23 23 21 6 6 5 5 2 2 2 1 2 2 1 1 2 2 2 2 1 1 1 1 1 1 1 2
 5 5 6 14 14 18 38 38 35 35 27 23 23 18 12 12 17 17 30 26 26 28 16 16 7 7 2 2 2 2 1 1 1 1 0 1 1 2 1 1 1 1 1 1 1 2
 3 3 4 6 6 10 34 34 51 51 35 15 15 14 9 9 11 11 16 19 19 11 9 9 3 3 1 1 1 1 0 0 0 0 0 1 1 2 1 1 1 1 1 1 1 1
 3 3 4 6 6 10 34 34 51 51 35 15 15 14 9 9 11 11 16 19 19 11 9 9 3 3 1 1 1 1 0 0 0 0 0 1 1 2 1 1 1 1 1 1 1 1
 3 3 3 6 6 6 17 17 33 33 36 18 18 16 9 9 9 9 10 12 12 5 1 1 0 0 0 0 0 0 0 0 0 0 0 0 0 0 0 0 0 0 1 1 1 1
 2 2 3 4 4 5 6 6 17 17 24 18 18 15 7 7 6 6 6 5 5 2 1 1 0 0 0 0 0 0 0 0 0 0 0 1 1 0 0 0 0 0 1 1 1 1
 2 2 3 4 4 5 6 6 17 17 24 18 18 15 7 7 6 6 6 5 5 2 1 1 0 0 0 0 0 0 0 0 0 0 0 1 1 0 0 0 0 0 1 1 1 1
 2 2 2 3 3 4 3 3 7 7 8 10 10 10 9 9 7 7 8 3 3 2 1 1 0 0 0 0 0 0 0 0 1 1 0 2 2 0 0 0 1 1 1 1 1 2
 2 2 2 3 3 4 3 3 7 7 8 10 10 10 9 9 7 7 8 3 3 2 1 1 0 0 0 0 0 0 0 0 1 1 0 2 2 0 0 0 1 1 1 1 1 2
 3 3 2 2 2 2 2 2 2 2 4 2 2 4 3 3 6 6 6 9 9 3 2 2 1 1 1 1 1 1 1 1 2 2 1 4 4 2 0 0 1 1 1 1 1 2
 1 1 2 2 2 2 2 2 2 2 2 1 1 1 1 1 3 3 7 10 10 11 6 6 3 3 3 2 2 2 1 1 3 3 2 2 2 4 0 0 0 0 1 1 1 2
 1 1 2 2 2 2 2 2 2 2 2 1 1 1 1 1 3 3 7 10 10 11 6 6 3 3 3 2 2 2 1 1 3 3 2 2 2 4 0 0 0 0 1 1 1 2
 1 1 1 2 2 2 2 2 2 2 2 1 1 1 1 1 2 2 4 9 9 13 14 14 9 9 5 4 4 3 3 3 2 2 2 2 2 3 0 0 0 0 1 1 1 2
 2 2 1 1 1 2 2 2 2 2 1 1 1 1 1 1 2 2 3 6 6 14 19 19 21 21 18 12 12 8 17 17 4 4 2 3 3 4 3 3 0 0 1 1 1 4
 2 2 1 1 1 2 2 2 2 2 1 1 1 1 1 1 2 2 3 6 6 14 19 19 21 21 18 12 12 8 17 17 4 4 2 3 3 4 3 3 0 0 1 1 1 4
 2 2 2 2 2 2 2 2 2 2 2 1 1 1 2 2 2 2 3 9 9 13 22 22 24 24 57 59 59 28 25 25 11 11 10 4 4 2 1 1 0 0 1 1 1 4
 2 2 2 2 2 2 2 2 2 2 2 1 1 1 2 2 2 2 3 9 9 13 22 22 24 24 57 59 59 28 25 25 11 11 10 4 4 2 1 1 0 0 1 1 1 4
 2 2 2 3 3 3 3 3 3 3 2 6 6 5 3 3 11 11 2 9 9 13 20 20 34 34 63 57 57 24 19 19 20 20 17 12 12 4 5 5 4 4 1 2 2 4
 2 2 3 4 4 4 4 4 6 6 5 8 8 14 12 12 12 12 7 9 9 13 27 27 22 22 24 22 22 15 14 14 18 18 16 9 9 7 2 2 3 3 2 2 2 2
 2 2 3 4 4 4 4 4 6 6 5 8 8 14 12 12 12 12 7 9 9 13 27 27 22 22 24 22 22 15 14 14 18 18 16 9 9 7 2 2 3 3 2 2 2 2
 7 7 6 7 7 6 5 5 8 8 10 18 18 17 14 14 27 27 10 13 13 24 24 24 20 20 22 17 17 17 10 10 13 13 13 12 12 10 3 3 4 4 3 1 1 2
 5 5 5 7 7 7 6 6 7 7 11 10 10 17 17 17 29 29 13 15 15 46 43 43 55 55 24 31 31 35 31 31 14 14 19 16 16 20 7 7 4 4 3 1 1 2
 5 5 5 7 7 7 6 6 7 7 11 10 10 17 17 17 29 29 13 15 15 46 43 43 55 55 24 31 31 35 31 31 14 14 19 16 16 20 7 7 4 4 3 1 1 2
 3 3 3 5 5 5 6 6 11 11 15 10 10 18 34 34 46 46 14 19 19 30 71 71 50 50 39 39 39 63 56 56 30 30 20 26 26 35 30 30 10 10 7 1 1 1
 3 3 3 5 5 5 6 6 11 11 15 10 10 18 34 34 46 46 14 19 19 30 71 71 50 50 39 39 39 63 56 56 30 30 20 26 26 35 30 30 10 10 7 1 1 1
 2 2 3 4 4 7 9 9 14 14 18 13 13 34 33 33 46 46 41 44 44 46 35 35 46 46 64 34 34 32 48 48 22 22 30 24 24 22 21 21 16 16 20 2 2 2
 2 2 3 5 5 10 9 9 12 12 17 17 17 15 14 14 37 37 56 44 44 33 38 38 36 36 83 56 56 35 48 48 48 48 37 26 26 22 23 23 8 8 8 4 4 2
 2 2 3 5 5 10 9 9 12 12 17 17 17 15 14 14 37 37 56 44 44 33 38 38 36 36 83 56 56 35 48 48 48 48 37 26 26 22 23 23 8 8 8 4 4 2
 2 2 5 7 7 13 13 13 6 6 11 11 11 12 14 14 11 11 19 22 22 33 47 47 64 64 40 20 20 35 38 38 24 24 46 35 35 27 15 15 9 9 7 2 2 3
 2 2 3 8 8 13 15 15 10 10 5 7 7 12 15 15 14 14 17 7 7 11 30 30 28 28 32 28 28 26 54 54 38 38 25 58 58 38 33 33 10 10 9 3 3 3
 2 2 3 8 8 13 15 15 10 10 5 7 7 12 15 15 14 14 17 7 7 11 30 30 28 28 32 28 28 26 54 54 38 38 25 58 58 38 33 33 10 10 9 3 3 3
 2 2 1 3 3 7 9 9 12 12 7 7 7 8 8 8 9 9 9 9 9 9 27 27 25 25 31 29 29 37 40 40 37 37 38 40 40 29 16 16 9 9 7 5 5 6
 2 2 1 3 3 7 9 9 12 12 7 7 7 8 8 8 9 9 9 9 9 9 27 27 25 25 31 29 29 37 40 40 37 37 38 40 40 29 16 16 9 9 7 5 5 6
 1 1 2 3 3 5 4 4 6 6 7 5 5 4 6 6 6 6 6 5 5 7 6 6 13 13 16 19 19 31 43 43 43 43 34 36 36 28 21 21 15 15 9 6 6 9
 2 2 2 3 3 7 4 4 1 1 3 3 3 3 4 4 2 2 3 3 3 5 6 6 11 11 14 17 17 21 38 38 43 43 28 30 30 29 28 28 21 21 12 9 9 8
 2 2 2 3 3 7 4 4 1 1 3 3 3 3 4 4 2 2 3 3 3 5 6 6 11 11 14 17 17 21 38 38 43 43 28 30 30 29 28 28 21 21 12 9 9 8
 1 1 1 1 1 2 3 3 1 1 3 3 3 1 1 1 1 1 2 6 6 9 7 7 7 7 13 18 18 18 18 18 23 23 20 28 28 26 29 29 19 19 18 9 9 6
 1 1 0 1 1 1 1 1 1 1 1 2 2 1 1 1 1 1 2 8 8 11 13 13 4 4 10 15 15 16 18 18 20 20 26 31 31 31 31 31 16 16 16 7 7 5
 1 1 0 1 1 1 1 1 1 1 1 2 2 1 1 1 1 1 2 8 8 11 13 13 4 4 10 15 15 16 18 18 20 20 26 31 31 31 31 31 16 16 16 7 7 5
 1 1 1 1 1 1 1 1 1 1 1 2 2 1 1 1 2 2 2 8 8 9 14 14 6 6 11 15 15 15 19 19 17 17 33 40 40 37 37 37 23 23 21 20 20 22
 1 1 1 1 1 1 1 1 1 1 1 2 2 1 1 1 2 2 2 8 8 9 14 14 6 6 11 15 15 15 19 19 17 17 33 40 40 37 37 37 23 23 21 20 20 22
 1 1 1 1 1 1 1 1 1 1 1 1 1 2 3 3 3 3 5 3 3 9 13 13 8 8 16 12 12 18 22 22 25 25 31 67 67 33 36 36 31 31 30 56 56 36
 1 1 1 1 1 1 1 1 2 2 2 2 2 2 3 3 3 3 4 3 3 6 8 8 12 12 21 17 17 18 21 21 21 21 29 46 46 53 46 46 46 46 39 33 33 32
 1 1 1 1 1 1 1 1 2 2 2 2 2 2 3 3 3 3 4 3 3 6 8 8 12 12 21 17 17 18 21 21 21 21 29 46 46 53 46 46 46 46 39 33 33 32
 1 1 1 1 1 1 2 2 2 2 2 2 2 2 4 4 8 8 7 4 4 4 7 7 10 10 14 18 18 16 20 20 19 19 26 44 44 67 95 95 57 57 44 45 45 53
 1 1 1 1 1 1 1 1 1 1 2 2 2 3 4 4 5 5 5 4 4 3 5 5 9 9 10 15 15 15 12 12 19 19 25 27 27 39 51 51 40 40 60 40 40 39
 1 1 1 1 1 1 1 1 1 1 2 2 2 3 4 4 5 5 5 4 4 3 5 5 9 9 10 15 15 15 12 12 19 19 25 27 27 39 51 51 40 40 60 40 40 39
 4 4 1 0 0 1 1 1 2 2 2 2 2 3 4 4 4 4 3 3 3 2 2 2 6 6 6 12 12 12 12 12 14 14 27 24 24 32 118 118 48 48 38 32 32 42
 4 4 1 0 0 1 1 1 2 2 2 2 2 3 4 4 4 4 3 3 3 2 2 2 6 6 6 12 12 12 12 12 14 14 27 24 24 32 118 118 48 48 38 32 32 42
 3 3 1 1 1 1 1 1 4 4 5 2 2 3 3 3 3 3 3 3 3 3 3 3 6 6 6 13 13 5 9 9 11 11 25 28 28 31 26 26 26 26 22 27 27 29
 1 1 2 3 3 1 1 1 2 2 1 1 1 1 1 1 2 2 2 3 3 2 3 3 4 4 4 5 5 5 6 6 10 10 15 14 14 16 16 16 16 16 15 22 22 18
 1 1 2 3 3 1 1 1 2 2 1 1 1 1 1 1 2 2 2 3 3 2 3 3 4 4 4 5 5 5 6 6 10 10 15 14 14 16 16 16 16 16 15 22 22 18
 1 1 3 2 2 2 1 1 1 1 0 0 0 0 0 0 1 1 1 2 2 2 3 3 3 3 3 4 4 5 2 2 5 5 8 8 8 4 7 7 8 8 10 12 12 11
 1 1 4 2 2 4 3 3 2 2 0 0 0 0 0 0 0 0 1 1 1 1 4 4 4 4 2 3 3 5 3 3 4 4 2 2 2 1 3 3 3 3 5 4 4 3
