assets/RAT_results/precipitation/2021-05-19_IMERG.asc
ncols        46
nrows        77
xllcorner    74.800261325624
yllcorner    8.058333333333
cellsize     0.062500000000
NODATA_value -9999
 7 7 3 2 2 2 4 4 2 2 0 0 0 0 1 1 1 1 0 0 0 0 0 0 0 0 0 0 0 0 0 0 0 0 0 0 0 0 0 0 0 0 0 0 0 0
 8 8 3 2 2 1 0 0 0 0 0 0 0 0 1 1 0 0 0 0 0 0 0 0 0 0 0 0 0 0 0 0 0 0 0 0 0 0 0 0 0 0 0 2 2 2
 8 8 3 2 2 1 0 0 0 0 0 0 0 0 1 1 0 0 0 0 0 0 0 0 0 0 0 0 0 0 0 0 0 0 0 0 0 0 0 0 0 0 0 2 2 2
 10 10 4 3 3 1 0 0 0 0 0 0 0 1 0 0 0 0 0 0 0 0 0 0 0 0 0 0 0 1 1 1 2 2 0 0 0 0 0 0 0 0 1 2 2 2
 12 12 6 5 5 1 0 0 0 0 0 1 1 1 1 1 0 0 0 0 0 0 0 0 0 0 0 1 1 2 7 7 7 7 12 1 1 0 0 0 0 0 8 8 8 8
 12 12 6 5 5 1 0 0 0 0 0 1 1 1 1 1 0 0 0 0 0 0 0 0 0 0 0 1 1 2 7 7 7 7 12 1 1 0 0 0 0 0 8 8 8 8
 13 13 6 4 4 1 1 1 0 0 2 1 1 1 1 1 0 0 0 0 0 0 0 0 0 0 1 2 2 2 2 2 7 7 7 4 4 2 1 1 1 1 1 5 5 1
 13 13 6 4 4 1 1 1 0 0 2 1 1 1 1 1 0 0 0 0 0 0 0 0 0 0 1 2 2 2 2 2 7 7 7 4 4 2 1 1 1 1 1 5 5 1
 9 9 8 8 8 6 0 0 0 0 2 2 2 1 1 1 1 1 0 0 0 0 2 2 1 1 1 1 1 3 7 7 11 11 11 4 4 2 2 2 1 1 2 2 2 2
 42 42 25 19 19 17 9 9 0 0 2 2 2 3 3 3 4 4 1 2 2 2 2 2 0 0 1 1 1 1 7 7 9 9 11 4 4 4 3 3 1 1 2 2 2 1
 42 42 25 19 19 17 9 9 0 0 2 2 2 3 3 3 4 4 1 2 2 2 2 2 0 0 1 1 1 1 7 7 9 9 11 4 4 4 3 3 1 1 2 2 2 1
 55 55 29 18 18 16 7 7 7 7 0 3 3 5 4 4 4 4 1 4 4 3 2 2 0 0 0 1 1 1 1 1 2 2 4 4 4 1 1 1 1 1 2 2 2 2
 63 63 28 15 15 13 26 26 7 7 1 5 5 6 6 6 5 5 7 4 4 2 2 2 0 0 0 0 0 0 1 1 3 3 1 2 2 2 3 3 8 8 2 2 2 0
 63 63 28 15 15 13 26 26 7 7 1 5 5 6 6 6 5 5 7 4 4 2 2 2 0 0 0 0 0 0 1 1 3 3 1 2 2 2 3 3 8 8 2 2 2 0
 62 62 27 47 47 10 27 27 2 2 1 6 6 7 7 7 7 7 9 4 4 2 2 2 2 2 0 0 0 0 1 1 3 3 1 3 3 3 3 3 3 3 3 2 2 0
 62 62 27 47 47 10 27 27 2 2 1 6 6 7 7 7 7 7 9 4 4 2 2 2 2 2 0 0 0 0 1 1 3 3 1 3 3 3 3 3 3 3 3 2 2 0
 103 103 88 48 48 33 35 35 4 4 4 6 6 6 6 6 7 7 9 4 4 2 2 2 1 1 1 1 1 1 1 1 1 1 2 3 3 6 11 11 1 1 2 2 2 1
 102 102 69 28 28 22 23 23 8 8 7 4 4 6 7 7 7 7 7 3 3 3 2 2 2 2 1 1 1 1 3 3 13 13 10 3 3 2 1 1 2 2 2 1 1 1
 102 102 69 28 28 22 23 23 8 8 7 4 4 6 7 7 7 7 7 3 3 3 2 2 2 2 1 1 1 1 3 3 13 13 10 3 3 2 1 1 2 2 2 1 1 1
 97 97 96 30 30 23 22 22 6 6 7 5 5 9 9 9 9 9 10 6 6 6 5 5 5 5 2 2 2 3 3 3 4 4 3 3 3 2 1 1 1 1 1 1 1 1
 69 69 23 21 21 11 6 6 6 6 6 7 7 8 7 7 7 7 11 15 15 9 6 6 7 7 9 5 5 5 3 3 3 3 3 2 2 2 2 2 1 1 1 2 2 2
 69 69 23 21 21 11 6 6 6 6 6 7 7 8 7 7 7 7 11 15 15 9 6 6 7 7 9 5 5 5 3 3 3 3 3 2 2 2 2 2 1 1 1 2 2 2
 80 80 34 13 13 14 9 9 10 10 13 7 7 12 12 12 12 12 12 16 16 14 8 8 13 13 10 7 7 8 10 10 7 7 5 1 1 2 2 2 1 1 2 2 2 2
 80 80 34 13 13 14 9 9 10 10 13 7 7 12 12 12 12 12 12 16 16 14 8 8 13 13 10 7 7 8 10 10 7 7 5 1 1 2 2 2 1 1 2 2 2 2
 36 36 37 12 12 20 9 9 13 13 11 40 40 19 17 17 13 13 13 20 20 13 13 13 13 13 11 10 10 9 4 4 4 4 4 2 2 3 3 3 4 4 3 3 3 3
 33 33 42 13 13 9 8 8 6 6 17 19 19 16 22 22 15 15 15 16 16 13 9 9 8 8 7 7 7 7 5 5 1 1 1 2 2 2 3 3 2 2 2 2 2 2
 33 33 42 13 13 9 8 8 6 6 17 19 19 16 22 22 15 15 15 16 16 13 9 9 8 8 7 7 7 7 5 5 1 1 1 2 2 2 3 3 2 2 2 2 2 2
 30 30 32 13 13 11 10 10 8 8 18 19 19 15 14 14 13 13 11 12 12 14 9 9 11 11 11 5 5 4 4 4 1 1 1 1 1 2 3 3 2 2 2 3 3 3
 30 30 12 32 32 12 29 29 12 12 11 10 10 11 12 12 15 15 14 11 11 14 10 10 12 12 12 10 10 1 1 1 1 1 1 2 2 2 2 2 2 2 3 3 3 26
 30 30 12 32 32 12 29 29 12 12 11 10 10 11 12 12 15 15 14 11 11 14 10 10 12 12 12 10 10 1 1 1 1 1 1 2 2 2 2 2 2 2 3 3 3 26
 28 28 10 31 31 50 53 53 33 33 13 12 12 12 16 16 13 13 20 15 15 12 10 10 13 13 13 10 10 6 2 2 1 1 1 2 2 2 2 2 2 2 4 3 3 23
 28 28 10 31 31 50 53 53 33 33 13 12 12 12 16 16 13 13 20 15 15 12 10 10 13 13 13 10 10 6 2 2 1 1 1 2 2 2 2 2 2 2 4 3 3 23
 29 29 34 22 22 29 55 55 33 33 33 10 10 17 16 16 12 12 14 6 6 5 7 7 7 7 3 4 4 2 2 2 1 1 1 2 2 2 3 3 3 3 10 25 25 15
 29 29 27 40 40 40 35 35 36 36 33 12 12 10 8 8 8 8 8 5 5 3 4 4 4 4 1 0 0 3 2 2 1 1 1 2 2 2 3 3 3 3 11 20 20 16
 29 29 27 40 40 40 35 35 36 36 33 12 12 10 8 8 8 8 8 5 5 3 4 4 4 4 1 0 0 3 2 2 1 1 1 2 2 2 3 3 3 3 11 20 20 16
 30 30 28 28 28 25 18 18 20 20 19 12 12 15 21 21 22 22 25 15 15 14 5 5 3 3 2 1 1 10 3 3 3 3 1 1 1 2 2 2 3 3 11 11 11 11
 25 25 27 23 23 25 19 19 21 21 17 17 17 16 32 32 26 26 32 26 26 17 8 8 3 3 2 5 5 10 10 10 4 4 1 1 1 2 3 3 5 5 5 6 6 5
 25 25 27 23 23 25 19 19 21 21 17 17 17 16 32 32 26 26 32 26 26 17 8 8 3 3 2 5 5 10 10 10 4 4 1 1 1 2 3 3 5 5 5 6 6 5
 25 25 42 29 29 19 13 13 21 21 16 16 16 22 27 27 32 32 44 28 28 19 12 12 8 8 10 9 9 21 21 21 5 5 2 1 1 2 3 3 5 5 7 5 5 5
 25 25 42 29 29 19 13 13 21 21 16 16 16 22 27 27 32 32 44 28 28 19 12 12 8 8 10 9 9 21 21 21 5 5 2 1 1 2 3 3 5 5 7 5 5 5
 17 17 27 23 23 20 17 17 19 19 19 18 18 25 7 7 16 16 39 34 34 18 16 16 9 9 23 23 23 27 21 21 8 8 5 4 4 3 5 5 8 8 12 8 8 6
 13 13 15 11 11 10 11 11 11 11 12 24 24 64 63 63 57 57 41 35 35 20 16 16 9 9 33 34 34 18 13 13 9 9 9 10 10 6 6 6 8 8 11 11 11 6
 13 13 15 11 11 10 11 11 11 11 12 24 24 64 63 63 57 57 41 35 35 20 16 16 9 9 33 34 34 18 13 13 9 9 9 10 10 6 6 6 8 8 11 11 11 6
 17 17 18 23 23 15 16 16 18 18 23 25 25 71 68 68 49 49 50 31 31 15 19 19 9 9 34 21 21 15 15 15 15 15 11 12 12 11 6 6 10 10 10 14 14 11
 17 17 17 23 23 14 15 15 55 55 61 54 54 89 86 86 46 46 59 42 42 33 26 26 9 9 11 10 10 9 20 20 22 22 7 7 7 6 7 7 12 12 12 14 14 16
 17 17 17 23 23 14 15 15 55 55 61 54 54 89 86 86 46 46 59 42 42 33 26 26 9 9 11 10 10 9 20 20 22 22 7 7 7 6 7 7 12 12 12 14 14 16
 7 7 15 22 22 22 47 47 56 56 59 53 53 24 28 28 17 17 31 28 28 35 22 22 25 25 12 13 13 12 23 23 23 23 6 3 3 3 4 4 6 6 15 20 20 37
 7 7 15 22 22 22 47 47 56 56 59 53 53 24 28 28 17 17 31 28 28 35 22 22 25 25 12 13 13 12 23 23 23 23 6 3 3 3 4 4 6 6 15 20 20 37
 5 5 13 20 20 21 18 18 21 21 25 23 23 23 28 28 12 12 16 23 23 21 23 23 28 28 24 14 14 9 21 21 11 11 7 4 4 2 2 2 5 5 14 22 22 23
 4 4 5 6 6 6 17 17 18 18 6 6 6 6 11 11 10 10 16 7 7 15 12 12 16 16 16 18 18 26 23 23 34 34 5 6 6 3 3 3 3 3 9 19 19 22
 4 4 5 6 6 6 17 17 18 18 6 6 6 6 11 11 10 10 16 7 7 15 12 12 16 16 16 18 18 26 23 23 34 34 5 6 6 3 3 3 3 3 9 19 19 22
 5 5 6 23 23 17 5 5 6 6 4 4 4 4 5 5 5 5 7 31 31 12 20 20 19 19 38 43 43 40 39 39 41 41 10 5 5 2 2 2 2 2 7 10 10 10
 19 19 34 37 37 18 6 6 6 6 5 4 4 5 11 11 11 11 4 32 32 20 23 23 22 22 36 40 40 40 35 35 26 26 5 10 10 4 4 4 5 5 4 3 3 2
 19 19 34 37 37 18 6 6 6 6 5 4 4 5 11 11 11 11 4 32 32 20 23 23 22 22 36 40 40 40 35 35 26 26 5 10 10 4 4 4 5 5 4 3 3 2
 15 15 16 21 21 7 9 9 13 13 12 10 10 11 10 10 12 12 6 8 8 22 25 25 28 28 27 47 47 49 39 39 35 35 10 13 13 7 5 5 4 4 2 3 3 2
 15 15 16 21 21 7 9 9 13 13 12 10 10 11 10 10 12 12 6 8 8 22 25 25 28 28 27 47 47 49 39 39 35 35 10 13 13 7 5 5 4 4 2 3 3 2
 24 24 26 18 18 13 14 14 12 12 13 12 12 15 7 7 9 9 11 15 15 15 16 16 27 27 27 30 30 41 32 32 32 32 33 13 13 7 2 2 3 3 0 2 2 1
 10 10 19 18 18 13 13 13 17 17 11 29 29 18 12 12 15 15 19 26 26 18 25 25 31 31 34 46 46 46 31 31 27 27 33 11 11 4 1 1 2 2 1 0 0 1
 10 10 19 18 18 13 13 13 17 17 11 29 29 18 12 12 15 15 19 26 26 18 25 25 31 31 34 46 46 46 31 31 27 27 33 11 11 4 1 1 2 2 1 0 0 1
 11 11 19 19 19 25 31 31 30 30 20 45 45 30 26 26 17 17 25 8 8 18 17 17 21 21 38 66 66 72 63 63 39 39 23 7 7 5 1 1 1 1 1 0 0 0
 15 15 18 22 22 23 31 31 35 35 25 23 23 22 23 23 14 14 11 8 8 11 13 13 19 19 31 34 34 56 47 47 17 17 9 5 5 5 2 2 0 0 0 0 0 0
 15 15 18 22 22 23 31 31 35 35 25 23 23 22 23 23 14 14 11 8 8 11 13 13 19 19 31 34 34 56 47 47 17 17 9 5 5 5 2 2 0 0 0 0 0 0
 14 14 17 22 22 22 30 30 11 11 16 13 13 20 18 18 11 11 12 8 8 6 8 8 16 16 23 27 27 32 35 35 11 11 12 12 12 5 7 7 0 0 0 0 0 0
 14 14 17 22 22 22 30 30 11 11 16 13 13 20 18 18 11 11 12 8 8 6 8 8 16 16 23 27 27 32 35 35 11 11 12 12 12 5 7 7 0 0 0 0 0 0
 14 14 14 19 19 20 17 17 7 7 12 10 10 16 15 15 11 11 9 6 6 7 15 15 16 16 13 14 14 8 8 8 8 8 10 12 12 8 7 7 0 0 0 0 0 0
 2 2 3 19 19 20 15 15 8 8 8 12 12 13 12 12 8 8 6 16 16 44 37 37 14 14 15 14 14 7 7 7 6 6 6 3 3 2 4 4 3 3 0 1 1 0
 2 2 3 19 19 20 15 15 8 8 8 12 12 13 12 12 8 8 6 16 16 44 37 37 14 14 15 14 14 7 7 7 6 6 6 3 3 2 4 4 3 3 0 1 1 0
 2 2 3 3 3 5 6 6 12 12 9 14 14 12 17 17 39 39 58 51 51 43 35 35 18 18 45 28 28 28 48 48 7 7 10 10 10 11 3 3 0 0 0 0 0 0
 3 3 3 2 2 4 5 5 9 9 7 11 11 11 19 19 38 38 26 37 37 52 50 50 46 46 43 29 29 29 49 49 31 31 28 29 29 19 19 19 0 0 5 0 0 0
 3 3 3 2 2 4 5 5 9 9 7 11 11 11 19 19 38 38 26 37 37 52 50 50 46 46 43 29 29 29 49 49 31 31 28 29 29 19 19 19 0 0 5 0 0 0
 3 3 2 2 2 3 3 3 7 7 3 3 3 6 13 13 17 17 15 20 20 16 38 38 2 2 8 17 17 17 50 50 54 54 15 26 26 22 8 8 1 1 0 0 0 0
 3 3 2 2 2 3 3 3 7 7 3 3 3 6 13 13 17 17 15 20 20 16 38 38 2 2 8 17 17 17 50 50 54 54 15 26 26 22 8 8 1 1 0 0 0 0
 3 3 3 3 3 3 3 3 2 2 4 5 5 5 5 5 4 4 2 1 1 2 2 2 3 3 9 19 19 18 13 13 16 16 13 13 13 4 5 5 5 5 0 0 0 0
 2 2 3 3 3 3 2 2 3 3 5 2 2 1 2 2 2 2 7 17 17 12 9 9 11 11 20 19 19 18 16 16 19 19 12 11 11 6 6 6 5 5 1 0 0 0
 2 2 3 3 3 3 2 2 3 3 5 2 2 1 2 2 2 2 7 17 17 12 9 9 11 11 20 19 19 18 16 16 19 19 12 11 11 6 6 6 5 5 1 0 0 0
 2 2 3 3 3 4 3 3 3 3 4 1 1 4 12 12 16 16 19 16 16 11 8 8 7 7 8 10 10 15 19 19 21 21 20 15 15 27 11 11 8 8 2 2 2 1
 3 3 5 7 7 4 18 18 7 7 2 3 3 4 11 11 8 8 1 2 2 6 7 7 8 8 9 11 11 16 20 20 22 22 19 20 20 21 8 8 13 13 2 1 1 0
