assets/RAT_results/precipitation/2021-04-14_IMERG.asc
ncols        46
nrows        77
xllcorner    74.800261325624
yllcorner    8.058333333333
cellsize     0.062500000000
NODATA_value -9999
 0 0 2 2 2 2 2 2 3 3 7 29 29 43 37 37 21 21 15 20 20 15 14 14 13 13 8 5 5 6 3 3 9 9 7 18 18 21 12 12 12 12 12 8 8 11
 1 1 1 0 0 1 1 1 4 4 11 17 17 20 30 30 34 34 17 13 13 14 10 10 9 9 5 6 6 4 19 19 18 18 15 10 10 30 15 15 11 11 12 8 8 19
 1 1 1 0 0 1 1 1 4 4 11 17 17 20 30 30 34 34 17 13 13 14 10 10 9 9 5 6 6 4 19 19 18 18 15 10 10 30 15 15 11 11 12 8 8 19
 1 1 1 1 1 3 5 5 6 6 8 28 28 16 19 19 17 17 8 9 9 7 6 6 3 3 5 4 4 5 8 8 21 21 21 23 23 22 20 20 14 14 19 20 20 16
 1 1 2 3 3 6 7 7 7 7 9 9 9 14 13 13 11 11 8 9 9 6 4 4 1 1 1 2 2 4 7 7 14 14 22 18 18 16 18 18 17 17 19 35 35 8
 1 1 2 3 3 6 7 7 7 7 9 9 9 14 13 13 11 11 8 9 9 6 4 4 1 1 1 2 2 4 7 7 14 14 22 18 18 16 18 18 17 17 19 35 35 8
 3 3 7 5 5 6 4 4 3 3 3 6 6 6 10 10 8 8 8 6 6 4 3 3 1 1 3 4 4 4 11 11 19 19 21 28 28 27 27 27 18 18 19 32 32 50
 3 3 7 5 5 6 4 4 3 3 3 6 6 6 10 10 8 8 8 6 6 4 3 3 1 1 3 4 4 4 11 11 19 19 21 28 28 27 27 27 18 18 19 32 32 50
 3 3 4 3 3 3 1 1 1 1 1 5 5 8 11 11 8 8 6 5 5 3 3 3 6 6 4 6 6 13 18 18 19 19 13 26 26 23 20 20 18 18 46 52 52 49
 3 3 1 2 2 4 2 2 1 1 1 10 10 12 10 10 14 14 9 5 5 5 5 5 8 8 14 14 14 16 25 25 14 14 13 20 20 24 14 14 15 15 42 41 41 45
 3 3 1 2 2 4 2 2 1 1 1 10 10 12 10 10 14 14 9 5 5 5 5 5 8 8 14 14 14 16 25 25 14 14 13 20 20 24 14 14 15 15 42 41 41 45
 3 3 2 2 2 5 5 5 4 4 3 6 6 8 19 19 14 14 16 6 6 8 9 9 12 12 16 14 14 19 23 23 14 14 20 12 12 20 19 19 18 18 33 33 33 43
 1 1 3 3 3 4 4 4 3 3 2 2 2 7 16 16 11 11 18 14 14 9 13 13 11 11 14 18 18 17 17 17 22 22 17 15 15 17 19 19 12 12 23 29 29 12
 1 1 3 3 3 4 4 4 3 3 2 2 2 7 16 16 11 11 18 14 14 9 13 13 11 11 14 18 18 17 17 17 22 22 17 15 15 17 19 19 12 12 23 29 29 12
 1 1 1 10 10 3 4 4 4 4 3 2 2 6 7 7 13 13 15 30 30 15 15 15 12 12 13 18 18 15 13 13 19 19 19 16 16 17 13 13 20 20 21 28 28 17
 1 1 1 10 10 3 4 4 4 4 3 2 2 6 7 7 13 13 15 30 30 15 15 15 12 12 13 18 18 15 13 13 19 19 19 16 16 17 13 13 20 20 21 28 28 17
 2 2 1 10 10 10 3 3 3 3 2 1 1 0 1 1 11 11 16 16 16 17 11 11 10 10 10 9 9 18 17 17 21 21 18 14 14 11 13 13 38 38 38 35 35 25
 28 28 27 15 15 4 3 3 2 2 1 1 1 1 1 1 3 3 13 13 13 7 10 10 7 7 7 13 13 15 19 19 26 26 24 11 11 12 21 21 35 35 35 53 53 56
 28 28 27 15 15 4 3 3 2 2 1 1 1 1 1 1 3 3 13 13 13 7 10 10 7 7 7 13 13 15 19 19 26 26 24 11 11 12 21 21 35 35 35 53 53 56
 32 32 27 14 14 2 3 3 2 2 1 2 2 2 2 2 3 3 9 24 24 11 12 12 9 9 4 16 16 14 16 16 23 23 21 12 12 29 29 29 28 28 32 49 49 53
 32 32 1 2 2 3 5 5 3 3 2 5 5 6 6 6 5 5 6 12 12 9 10 10 8 8 9 19 19 18 27 27 24 24 37 26 26 29 32 32 31 31 30 37 37 29
 32 32 1 2 2 3 5 5 3 3 2 5 5 6 6 6 5 5 6 12 12 9 10 10 8 8 9 19 19 18 27 27 24 24 37 26 26 29 32 32 31 31 30 37 37 29
 1 1 0 1 1 3 4 4 4 4 6 11 11 11 7 7 6 6 9 14 14 13 6 6 12 12 17 17 17 9 26 26 26 26 32 11 11 14 20 20 24 24 36 37 37 31
 1 1 0 1 1 3 4 4 4 4 6 11 11 11 7 7 6 6 9 14 14 13 6 6 12 12 17 17 17 9 26 26 26 26 32 11 11 14 20 20 24 24 36 37 37 31
 1 1 0 0 0 2 4 4 7 7 12 15 15 14 11 11 9 9 7 1 1 1 1 1 10 10 13 22 22 16 6 6 4 4 7 8 8 13 11 11 16 16 34 38 38 38
 0 0 0 0 0 1 3 3 9 9 15 12 12 11 11 11 9 9 7 1 1 0 0 0 2 2 17 24 24 16 13 13 11 11 7 8 8 10 17 17 32 32 32 34 34 44
 0 0 0 0 0 1 3 3 9 9 15 12 12 11 11 11 9 9 7 1 1 0 0 0 2 2 17 24 24 16 13 13 11 11 7 8 8 10 17 17 32 32 32 34 34 44
 0 0 0 0 0 0 2 2 7 7 13 10 10 11 9 9 9 9 7 1 1 0 0 0 5 5 35 19 19 26 25 25 9 9 9 10 10 10 18 18 32 32 32 31 31 52
 0 0 1 1 1 1 2 2 5 5 8 7 7 5 4 4 4 4 2 1 1 0 0 0 4 4 15 18 18 24 11 11 7 7 7 9 9 14 16 16 22 22 30 36 36 35
 0 0 1 1 1 1 2 2 5 5 8 7 7 5 4 4 4 4 2 1 1 0 0 0 4 4 15 18 18 24 11 11 7 7 7 9 9 14 16 16 22 22 30 36 36 35
 0 0 3 5 5 4 2 2 2 2 3 3 3 2 3 3 3 3 2 1 1 0 0 0 1 1 12 12 12 13 11 11 2 2 4 7 7 11 15 15 17 17 18 36 36 29
 0 0 3 5 5 4 2 2 2 2 3 3 3 2 3 3 3 3 2 1 1 0 0 0 1 1 12 12 12 13 11 11 2 2 4 7 7 11 15 15 17 17 18 36 36 29
 0 0 2 4 4 8 8 8 4 4 3 1 1 1 1 1 1 1 1 1 1 0 0 0 0 0 0 9 9 11 7 7 1 1 7 7 7 12 31 31 32 32 23 22 22 22
 0 0 0 1 1 4 7 7 5 5 2 0 0 0 1 1 0 0 0 0 0 0 0 0 0 0 0 0 0 3 0 0 1 1 3 4 4 10 30 30 28 28 20 29 29 21
 0 0 0 1 1 4 7 7 5 5 2 0 0 0 1 1 0 0 0 0 0 0 0 0 0 0 0 0 0 3 0 0 1 1 3 4 4 10 30 30 28 28 20 29 29 21
 0 0 0 0 0 1 1 1 1 1 1 1 1 2 2 2 2 2 2 0 0 0 0 0 0 0 0 1 1 4 11 11 11 11 14 13 13 14 10 10 24 24 20 28 28 21
 0 0 0 0 0 0 4 4 5 5 5 9 9 9 8 8 6 6 6 1 1 0 0 0 0 0 3 8 8 5 11 11 15 15 19 14 14 15 11 11 24 24 16 21 21 19
 0 0 0 0 0 0 4 4 5 5 5 9 9 9 8 8 6 6 6 1 1 0 0 0 0 0 3 8 8 5 11 11 15 15 19 14 14 15 11 11 24 24 16 21 21 19
 0 0 0 0 0 1 19 19 19 19 5 2 2 0 6 6 6 6 6 0 0 0 1 1 1 1 14 12 12 8 14 14 24 24 24 29 29 26 21 21 23 23 21 26 26 36
 0 0 0 0 0 1 19 19 19 19 5 2 2 0 6 6 6 6 6 0 0 0 1 1 1 1 14 12 12 8 14 14 24 24 24 29 29 26 21 21 23 23 21 26 26 36
 0 0 1 4 4 9 28 28 21 21 21 6 6 4 0 0 0 0 1 1 1 1 2 2 4 4 17 17 17 13 17 17 28 28 25 32 32 24 23 23 26 26 26 40 40 40
 0 0 1 3 3 9 14 14 7 7 1 0 0 4 0 0 1 1 2 3 3 2 1 1 1 1 7 19 19 18 12 12 28 28 25 28 28 18 20 20 30 30 30 35 35 29
 0 0 1 3 3 9 14 14 7 7 1 0 0 4 0 0 1 1 2 3 3 2 1 1 1 1 7 19 19 18 12 12 28 28 25 28 28 18 20 20 30 30 30 35 35 29
 0 0 0 2 2 6 6 6 3 3 0 0 0 0 0 0 1 1 3 3 3 1 0 0 0 0 7 24 24 23 24 24 14 14 15 16 16 22 26 26 28 28 35 29 29 23
 0 0 0 3 3 3 4 4 1 1 0 0 0 0 0 0 1 1 1 1 1 0 0 0 0 0 11 21 21 31 17 17 16 16 17 24 24 26 26 26 32 32 23 27 27 19
 0 0 0 3 3 3 4 4 1 1 0 0 0 0 0 0 1 1 1 1 1 0 0 0 0 0 11 21 21 31 17 17 16 16 17 24 24 26 26 26 32 32 23 27 27 19
 0 0 0 0 0 1 1 1 0 0 0 0 0 0 0 0 0 0 0 0 0 0 0 0 4 4 14 32 32 15 11 11 23 23 20 20 20 26 25 25 23 23 17 27 27 8
 0 0 0 0 0 1 1 1 0 0 0 0 0 0 0 0 0 0 0 0 0 0 0 0 4 4 14 32 32 15 11 11 23 23 20 20 20 26 25 25 23 23 17 27 27 8
 0 0 0 0 0 0 0 0 0 0 0 0 0 0 0 0 0 0 0 0 0 0 0 0 3 3 17 31 31 10 10 10 20 20 20 18 18 27 11 11 13 13 17 21 21 15
 0 0 0 0 0 0 0 0 0 0 1 0 0 0 0 0 0 0 0 0 0 0 0 0 1 1 8 14 14 11 12 12 17 17 18 20 20 18 11 11 12 12 13 15 15 15
 0 0 0 0 0 0 0 0 0 0 1 0 0 0 0 0 0 0 0 0 0 0 0 0 1 1 8 14 14 11 12 12 17 17 18 20 20 18 11 11 12 12 13 15 15 15
 0 0 0 0 0 0 0 0 1 1 1 1 1 2 2 2 0 0 0 0 0 0 1 1 1 1 7 9 9 13 13 13 13 13 21 20 20 18 21 21 15 15 16 26 26 34
 0 0 0 0 0 0 0 0 6 6 1 1 1 2 2 2 2 2 2 1 1 1 1 1 1 1 3 6 6 9 15 15 14 14 20 33 33 22 16 16 18 18 21 22 22 35
 0 0 0 0 0 0 0 0 6 6 1 1 1 2 2 2 2 2 2 1 1 1 1 1 1 1 3 6 6 9 15 15 14 14 20 33 33 22 16 16 18 18 21 22 22 35
 0 0 0 0 0 0 6 6 6 6 6 6 6 9 9 9 9 9 1 1 1 1 0 0 0 0 2 4 4 12 14 14 16 16 22 22 22 23 22 22 19 19 20 21 21 20
 0 0 0 0 0 0 6 6 6 6 6 6 6 9 9 9 9 9 1 1 1 1 0 0 0 0 2 4 4 12 14 14 16 16 22 22 22 23 22 22 19 19 20 21 21 20
 0 0 0 0 0 0 3 3 3 3 4 10 10 8 9 9 10 10 1 0 0 0 0 0 0 0 0 1 1 7 16 16 13 13 31 36 36 38 26 26 24 24 22 20 20 8
 1 1 1 0 0 2 2 2 3 3 3 4 4 8 7 7 7 7 0 0 0 0 0 0 0 0 0 1 1 7 16 16 57 57 41 28 28 45 25 25 25 25 19 13 13 3
 1 1 1 0 0 2 2 2 3 3 3 4 4 8 7 7 7 7 0 0 0 0 0 0 0 0 0 1 1 7 16 16 57 57 41 28 28 45 25 25 25 25 19 13 13 3
 1 1 1 2 2 2 3 3 5 5 2 4 4 4 1 1 7 7 0 0 0 0 0 0 0 0 0 1 1 4 14 14 31 31 28 33 33 21 25 25 45 45 15 12 12 1
 1 1 1 1 1 2 4 4 7 7 4 1 1 1 1 1 1 1 1 0 0 0 0 0 0 0 0 1 1 6 17 17 20 20 27 18 18 26 19 19 34 34 7 4 4 1
 1 1 1 1 1 2 4 4 7 7 4 1 1 1 1 1 1 1 1 0 0 0 0 0 0 0 0 1 1 6 17 17 20 20 27 18 18 26 19 19 34 34 7 4 4 1
 1 1 2 1 1 2 0 0 0 0 0 0 0 1 3 3 1 1 1 1 1 0 0 0 0 0 0 0 0 3 12 12 32 32 15 23 23 24 10 10 12 12 5 5 5 2
 1 1 2 1 1 2 0 0 0 0 0 0 0 1 3 3 1 1 1 1 1 0 0 0 0 0 0 0 0 3 12 12 32 32 15 23 23 24 10 10 12 12 5 5 5 2
 1 1 2 0 0 0 0 0 0 0 0 0 0 1 3 3 3 3 2 2 2 1 0 0 1 1 0 4 4 1 12 12 10 10 14 8 8 11 9 9 6 6 6 5 5 3
 0 0 1 0 0 0 0 0 0 0 0 0 0 8 8 8 8 8 3 3 3 3 3 3 1 1 3 4 4 1 1 1 1 1 2 5 5 8 8 8 5 5 6 5 5 3
 0 0 1 0 0 0 0 0 0 0 0 0 0 8 8 8 8 8 3 3 3 3 3 3 1 1 3 4 4 1 1 1 1 1 2 5 5 8 8 8 5 5 6 5 5 3
 0 0 0 0 0 0 0 0 0 0 0 0 0 0 6 6 0 0 1 1 1 11 0 0 0 0 0 0 0 0 1 1 1 1 1 3 3 7 7 7 7 7 7 5 5 7
 0 0 0 0 0 0 1 1 0 0 0 1 1 0 0 0 0 0 0 0 0 9 9 9 9 9 1 1 1 1 1 1 1 1 1 2 2 8 8 8 7 7 8 5 5 6
 0 0 0 0 0 0 1 1 0 0 0 1 1 0 0 0 0 0 0 0 0 9 9 9 9 9 1 1 1 1 1 1 1 1 1 2 2 8 8 8 7 7 8 5 5 6
 1 1 0 0 0 2 4 4 1 1 0 2 2 1 1 1 1 1 1 1 1 14 17 17 16 16 8 4 4 3 2 2 0 0 1 2 2 5 10 10 10 10 9 9 9 6
 1 1 0 0 0 2 4 4 1 1 0 2 2 1 1 1 1 1 1 1 1 14 17 17 16 16 8 4 4 3 2 2 0 0 1 2 2 5 10 10 10 10 9 9 9 6
 2 2 0 1 1 5 5 5 1 1 0 1 1 5 1 1 0 0 1 0 0 14 17 17 15 15 9 3 3 1 1 1 0 0 1 2 2 1 5 5 13 13 6 8 8 9
 0 0 0 1 1 2 2 2 1 1 0 0 0 1 0 0 0 0 0 0 0 0 0 0 0 0 1 1 1 1 1 1 1 1 0 0 0 1 8 8 8 8 3 3 3 3
 0 0 0 1 1 2 2 2 1 1 0 0 0 1 0 0 0 0 0 0 0 0 0 0 0 0 1 1 1 1 1 1 1 1 0 0 0 1 8 8 8 8 3 3 3 3
 0 0 0 2 2 6 4 4 1 1 0 0 0 0 0 0 0 0 1 0 0 0 0 0 0 0 0 2 2 1 1 1 1 1 0 0 0 0 0 0 0 0 0 0 0 0
 0 0 0 1 1 2 1 1 0 0 0 1 1 0 0 0 1 1 2 1 1 0 0 0 0 0 0 1 1 1 0 0 0 0 0 2 2 2 6 6 0 0 1 0 0 0
