assets/RAT_results/precipitation/2021-04-13_IMERG.asc
ncols        46
nrows        77
xllcorner    74.800261325624
yllcorner    8.058333333333
cellsize     0.062500000000
NODATA_value -9999
 16 16 16 10 10 5 5 5 5 5 6 4 4 3 3 3 1 1 0 0 0 0 0 0 0 0 0 0 0 0 0 0 0 0 0 0 0 0 0 0 0 0 0 0 0 0
 17 17 14 10 10 10 5 5 5 5 4 2 2 4 2 2 0 0 0 0 0 0 0 0 0 0 0 0 0 0 0 0 0 0 0 0 0 0 0 0 0 0 0 0 0 0
 17 17 14 10 10 10 5 5 5 5 4 2 2 4 2 2 0 0 0 0 0 0 0 0 0 0 0 0 0 0 0 0 0 0 0 0 0 0 0 0 0 0 0 0 0 0
 22 22 11 9 9 8 5 5 4 4 2 1 1 3 1 1 0 0 0 0 0 0 0 0 0 0 0 0 0 0 0 0 0 0 0 0 0 0 0 0 0 0 0 0 0 0
 8 8 9 9 9 3 4 4 4 4 2 2 2 1 1 1 0 0 0 0 0 0 0 0 0 0 0 0 0 0 0 0 0 0 0 0 0 0 0 0 0 0 0 0 0 0
 8 8 9 9 9 3 4 4 4 4 2 2 2 1 1 1 0 0 0 0 0 0 0 0 0 0 0 0 0 0 0 0 0 0 0 0 0 0 0 0 0 0 0 0 0 0
 8 8 7 5 5 4 3 3 4 4 2 3 3 1 1 1 1 1 0 0 0 0 0 0 0 0 0 0 0 1 0 0 0 0 0 0 0 0 0 0 0 0 0 0 0 0
 8 8 7 5 5 4 3 3 4 4 2 3 3 1 1 1 1 1 0 0 0 0 0 0 0 0 0 0 0 1 0 0 0 0 0 0 0 0 0 0 0 0 0 0 0 0
 3 3 3 1 1 2 2 2 4 4 1 3 3 2 5 5 2 2 0 0 0 0 0 0 0 0 0 0 0 0 0 0 0 0 0 0 0 0 0 0 0 0 0 0 0 0
 2 2 2 2 2 2 2 2 1 1 1 1 1 1 3 3 2 2 0 0 0 0 0 0 0 0 0 0 0 0 0 0 0 0 0 0 0 0 0 0 0 0 0 1 1 1
 2 2 2 2 2 2 2 2 1 1 1 1 1 1 3 3 2 2 0 0 0 0 0 0 0 0 0 0 0 0 0 0 0 0 0 0 0 0 0 0 0 0 0 1 1 1
 1 1 2 1 1 1 1 1 0 0 0 1 1 1 0 0 0 0 0 0 0 0 0 0 4 4 1 0 0 2 0 0 1 1 1 1 1 0 1 1 0 0 1 1 1 2
 1 1 1 0 0 0 1 1 0 0 0 0 0 0 0 0 0 0 0 0 0 0 5 5 13 13 11 4 4 3 2 2 2 2 2 2 2 2 1 1 1 1 1 2 2 3
 1 1 1 0 0 0 1 1 0 0 0 0 0 0 0 0 0 0 0 0 0 0 5 5 13 13 11 4 4 3 2 2 2 2 2 2 2 2 1 1 1 1 1 2 2 3
 1 1 0 1 1 0 0 0 1 1 0 0 0 0 0 0 0 0 0 0 0 4 9 9 11 11 10 8 8 4 4 4 3 3 2 4 4 2 2 2 1 1 3 4 4 4
 1 1 0 1 1 0 0 0 1 1 0 0 0 0 0 0 0 0 0 0 0 4 9 9 11 11 10 8 8 4 4 4 3 3 2 4 4 2 2 2 1 1 3 4 4 4
 2 2 2 0 0 1 1 1 1 1 1 1 1 1 0 0 0 0 0 0 0 5 11 11 13 13 16 18 18 6 6 6 7 7 5 1 1 1 3 3 2 2 4 5 5 6
 0 0 2 0 0 1 2 2 2 2 2 1 1 1 0 0 1 1 0 3 3 4 13 13 14 14 13 8 8 7 5 5 1 1 1 1 1 3 4 4 6 6 8 8 8 10
 0 0 2 0 0 1 2 2 2 2 2 1 1 1 0 0 1 1 0 3 3 4 13 13 14 14 13 8 8 7 5 5 1 1 1 1 1 3 4 4 6 6 8 8 8 10
 1 1 0 0 0 0 1 1 1 1 1 1 1 0 0 0 0 0 0 2 2 4 12 12 3 3 6 1 1 1 1 1 1 1 1 1 1 3 4 4 14 14 20 8 8 9
 2 2 1 0 0 1 1 1 1 1 1 2 2 1 2 2 1 1 0 0 0 1 0 0 0 0 0 0 0 1 1 1 1 1 1 15 15 3 5 5 21 21 20 9 9 7
 2 2 1 0 0 1 1 1 1 1 1 2 2 1 2 2 1 1 0 0 0 1 0 0 0 0 0 0 0 1 1 1 1 1 1 15 15 3 5 5 21 21 20 9 9 7
 1 1 0 0 0 0 0 0 1 1 5 5 5 2 1 1 1 1 1 1 1 1 0 0 0 0 0 1 1 2 2 2 2 2 6 10 10 9 5 5 7 7 7 2 2 3
 1 1 0 0 0 0 0 0 1 1 5 5 5 2 1 1 1 1 1 1 1 1 0 0 0 0 0 1 1 2 2 2 2 2 6 10 10 9 5 5 7 7 7 2 2 3
 0 0 0 0 0 0 0 0 0 0 1 1 1 1 2 2 2 2 2 2 2 1 0 0 0 0 1 1 1 2 3 3 3 3 4 3 3 3 2 2 1 1 4 2 2 2
 0 0 0 0 0 0 0 0 0 0 0 0 0 2 2 2 2 2 1 1 1 0 0 0 0 0 5 3 3 4 5 5 8 8 2 2 2 2 1 1 3 3 2 2 2 2
 0 0 0 0 0 0 0 0 0 0 0 0 0 2 2 2 2 2 1 1 1 0 0 0 0 0 5 3 3 4 5 5 8 8 2 2 2 2 1 1 3 3 2 2 2 2
 0 0 0 0 0 0 0 0 1 1 3 1 1 3 3 3 2 2 1 0 0 0 0 0 3 3 6 8 8 4 6 6 2 2 2 2 2 2 2 2 2 2 3 2 2 2
 0 0 0 0 0 0 0 0 1 1 5 5 5 3 2 2 2 2 1 0 0 0 0 0 1 1 7 5 5 4 3 3 2 2 1 2 2 3 3 3 2 2 3 3 3 2
 0 0 0 0 0 0 0 0 1 1 5 5 5 3 2 2 2 2 1 0 0 0 0 0 1 1 7 5 5 4 3 3 2 2 1 2 2 3 3 3 2 2 3 3 3 2
 0 0 0 0 0 0 0 0 0 0 6 5 5 3 3 3 2 2 2 0 0 0 0 0 0 0 2 4 4 3 2 2 2 2 3 3 3 5 3 3 2 2 1 3 3 2
 0 0 0 0 0 0 0 0 0 0 6 5 5 3 3 3 2 2 2 0 0 0 0 0 0 0 2 4 4 3 2 2 2 2 3 3 3 5 3 3 2 2 1 3 3 2
 0 0 0 0 0 0 0 0 1 1 4 4 4 3 3 3 2 2 2 0 0 0 0 0 0 0 1 2 2 2 2 2 3 3 5 5 5 5 2 2 2 2 3 2 2 1
 0 0 0 0 0 0 0 0 0 0 1 2 2 2 2 2 2 2 1 1 1 0 0 0 0 0 0 1 1 2 6 6 8 8 7 6 6 4 3 3 2 2 1 2 2 1
 0 0 0 0 0 0 0 0 0 0 1 2 2 2 2 2 2 2 1 1 1 0 0 0 0 0 0 1 1 2 6 6 8 8 7 6 6 4 3 3 2 2 1 2 2 1
 0 0 0 0 0 0 0 0 1 1 1 1 1 0 1 1 1 1 1 0 0 0 0 0 1 1 10 20 20 20 17 17 8 8 9 4 4 3 2 2 2 2 1 2 2 1
 0 0 0 0 0 0 1 1 5 5 12 2 2 0 0 0 0 0 1 0 0 2 1 1 13 13 13 13 13 44 16 16 10 10 6 5 5 4 4 4 2 2 1 1 1 1
 0 0 0 0 0 0 1 1 5 5 12 2 2 0 0 0 0 0 1 0 0 2 1 1 13 13 13 13 13 44 16 16 10 10 6 5 5 4 4 4 2 2 1 1 1 1
 0 0 0 0 0 0 1 1 2 2 11 3 3 1 0 0 0 0 1 0 0 0 7 7 28 28 24 22 22 14 16 16 10 10 16 9 9 8 4 4 4 4 1 1 1 4
 0 0 0 0 0 0 1 1 2 2 11 3 3 1 0 0 0 0 1 0 0 0 7 7 28 28 24 22 22 14 16 16 10 10 16 9 9 8 4 4 4 4 1 1 1 4
 0 0 0 1 1 0 0 0 2 2 11 6 6 1 1 1 1 1 1 1 1 1 1 1 11 11 28 14 14 35 18 18 16 16 17 17 17 7 5 5 6 6 15 3 3 1
 0 0 0 0 0 0 0 0 4 4 13 16 16 2 2 2 2 2 1 2 2 1 1 1 8 8 26 38 38 27 26 26 21 21 16 16 16 8 5 5 10 10 4 2 2 5
 0 0 0 0 0 0 0 0 4 4 13 16 16 2 2 2 2 2 1 2 2 1 1 1 8 8 26 38 38 27 26 26 21 21 16 16 16 8 5 5 10 10 4 2 2 5
 0 0 0 0 0 0 1 1 6 6 20 12 12 4 4 4 3 3 2 2 2 2 2 2 5 5 27 41 41 20 40 40 25 25 16 27 27 24 8 8 5 5 4 1 1 1
 0 0 0 0 0 1 6 6 6 6 15 18 18 9 5 5 3 3 3 2 2 2 1 1 4 4 12 15 15 27 11 11 16 16 9 13 13 10 5 5 2 2 1 1 1 1
 0 0 0 0 0 1 6 6 6 6 15 18 18 9 5 5 3 3 3 2 2 2 1 1 4 4 12 15 15 27 11 11 16 16 9 13 13 10 5 5 2 2 1 1 1 1
 0 0 0 1 1 1 11 11 5 5 14 29 29 15 6 6 4 4 3 2 2 2 1 1 2 2 18 32 32 25 17 17 17 17 8 7 7 4 3 3 1 1 1 0 0 1
 0 0 0 1 1 1 11 11 5 5 14 29 29 15 6 6 4 4 3 2 2 2 1 1 2 2 18 32 32 25 17 17 17 17 8 7 7 4 3 3 1 1 1 0 0 1
 0 0 0 1 1 2 2 2 2 2 15 28 28 32 12 12 4 4 3 3 3 2 2 2 2 2 10 15 15 30 60 60 15 15 13 6 6 4 1 1 1 1 0 0 0 0
 1 1 0 0 0 0 1 1 0 0 3 3 3 26 15 15 5 5 4 4 4 3 2 2 2 2 8 47 47 12 19 19 5 5 12 5 5 4 1 1 1 1 0 1 1 0
 1 1 0 0 0 0 1 1 0 0 3 3 3 26 15 15 5 5 4 4 4 3 2 2 2 2 8 47 47 12 19 19 5 5 12 5 5 4 1 1 1 1 0 1 1 0
 12 12 12 1 1 1 0 0 0 0 1 1 1 2 7 7 4 4 4 3 3 2 1 1 2 2 13 52 52 50 11 11 7 7 29 4 4 3 2 2 1 1 0 0 0 0
 13 13 12 1 1 1 1 1 3 3 1 1 1 2 2 2 2 2 2 1 1 1 1 1 1 1 14 13 13 24 12 12 13 13 12 4 4 4 1 1 1 1 1 0 0 0
 13 13 12 1 1 1 1 1 3 3 1 1 1 2 2 2 2 2 2 1 1 1 1 1 1 1 14 13 13 24 12 12 13 13 12 4 4 4 1 1 1 1 1 0 0 0
 17 17 16 8 8 7 3 3 4 4 3 3 3 5 5 5 4 4 1 1 1 1 1 1 1 1 2 7 7 19 6 6 6 6 6 12 12 1 1 1 1 1 0 0 0 0
 17 17 16 8 8 7 3 3 4 4 3 3 3 5 5 5 4 4 1 1 1 1 1 1 1 1 2 7 7 19 6 6 6 6 6 12 12 1 1 1 1 1 0 0 0 0
 15 15 15 9 9 8 3 3 4 4 3 4 4 4 4 4 4 4 1 0 0 0 1 1 1 1 1 6 6 5 9 9 4 4 4 1 1 1 0 0 0 0 0 0 0 0
 14 14 9 9 9 9 3 3 5 5 4 3 3 3 3 3 3 3 0 0 0 0 1 1 0 0 1 1 1 12 9 9 8 8 5 3 3 2 1 1 1 1 0 0 0 0
 14 14 9 9 9 9 3 3 5 5 4 3 3 3 3 3 3 3 0 0 0 0 1 1 0 0 1 1 1 12 9 9 8 8 5 3 3 2 1 1 1 1 0 0 0 0
 1 1 1 1 1 2 11 11 1 1 1 1 1 1 1 1 3 3 0 1 1 1 2 2 2 2 3 8 8 7 7 7 11 11 8 4 4 2 1 1 0 0 0 2 2 4
 0 0 0 1 1 0 10 10 10 10 14 13 13 51 50 50 55 55 54 1 1 2 3 3 3 3 2 2 2 9 10 10 27 27 12 4 4 3 1 1 1 1 3 8 8 18
 0 0 0 1 1 0 10 10 10 10 14 13 13 51 50 50 55 55 54 1 1 2 3 3 3 3 2 2 2 9 10 10 27 27 12 4 4 3 1 1 1 1 3 8 8 18
 0 0 0 0 0 3 3 3 3 3 1 1 1 10 50 50 55 55 55 2 2 3 3 3 3 3 2 3 3 7 18 18 27 27 12 11 11 5 3 3 4 4 8 8 8 19
 0 0 0 0 0 3 3 3 3 3 1 1 1 10 50 50 55 55 55 2 2 3 3 3 3 3 2 3 3 7 18 18 27 27 12 11 11 5 3 3 4 4 8 8 8 19
 0 0 0 0 0 0 3 3 0 0 2 1 1 11 10 10 49 49 49 2 2 3 3 3 2 2 2 9 9 8 17 17 21 21 21 5 5 4 1 1 5 5 4 9 9 9
 0 0 0 0 0 0 0 0 1 1 1 1 1 1 0 0 1 1 49 3 3 3 2 2 2 2 1 6 6 9 4 4 5 5 11 3 3 1 1 1 2 2 5 6 6 8
 0 0 0 0 0 0 0 0 1 1 1 1 1 1 0 0 1 1 49 3 3 3 2 2 2 2 1 6 6 9 4 4 5 5 11 3 3 1 1 1 2 2 5 6 6 8
 0 0 0 0 0 0 0 0 1 1 1 0 0 0 0 0 0 0 1 1 1 5 1 1 1 1 3 10 10 4 6 6 6 6 4 2 2 1 0 0 1 1 5 5 5 4
 0 0 0 0 0 0 0 0 0 0 0 0 0 0 0 0 0 0 0 0 0 4 4 4 4 4 0 3 3 4 3 3 6 6 3 1 1 47 20 20 9 9 3 4 4 3
 0 0 0 0 0 0 0 0 0 0 0 0 0 0 0 0 0 0 0 0 0 4 4 4 4 4 0 3 3 4 3 3 6 6 3 1 1 47 20 20 9 9 3 4 4 3
 34 34 34 0 0 0 0 0 0 0 0 0 0 0 0 0 0 0 0 0 0 6 6 6 5 5 0 1 1 3 5 5 4 4 4 17 17 31 90 90 24 24 3 3 3 4
 34 34 34 0 0 0 0 0 0 0 0 0 0 0 0 0 0 0 0 0 0 6 6 6 5 5 0 1 1 3 5 5 4 4 4 17 17 31 90 90 24 24 3 3 3 4
 4 4 35 0 0 0 0 0 0 0 0 0 0 0 0 0 0 0 0 0 0 6 6 6 6 6 0 1 1 2 4 4 4 4 4 2 2 4 59 59 3 3 3 4 4 7
 1 1 1 1 1 0 0 0 0 0 0 0 0 0 0 0 0 0 0 0 0 0 0 0 1 1 1 0 0 1 1 1 2 2 2 0 0 4 5 5 1 1 1 35 35 11
 1 1 1 1 1 0 0 0 0 0 0 0 0 0 0 0 0 0 0 0 0 0 0 0 1 1 1 0 0 1 1 1 2 2 2 0 0 4 5 5 1 1 1 35 35 11
 1 1 1 1 1 0 0 0 0 0 0 1 1 1 0 0 0 0 0 0 0 0 0 0 1 1 1 0 0 0 0 0 0 0 1 0 0 0 1 1 1 1 1 1 1 6
 0 0 0 0 0 0 0 0 0 0 0 0 0 1 0 0 0 0 0 0 0 1 3 3 1 1 1 0 0 0 0 0 0 0 0 0 0 0 0 0 0 0 2 1 1 0
