assets/RAT_results/precipitation/2021-04-19_IMERG.asc
ncols        46
nrows        77
xllcorner    74.800261325624
yllcorner    8.058333333333
cellsize     0.062500000000
NODATA_value -9999
 0 0 0 0 0 0 0 0 0 0 0 0 0 0 0 0 0 0 0 1 1 1 1 1 1 1 1 0 0 0 0 0 0 0 0 0 0 0 0 0 0 0 0 0 0 0
 0 0 0 0 0 0 0 0 0 0 0 0 0 0 0 0 0 0 0 0 0 0 0 0 0 0 0 0 0 0 0 0 0 0 0 0 0 0 0 0 0 0 0 0 0 0
 0 0 0 0 0 0 0 0 0 0 0 0 0 0 0 0 0 0 0 0 0 0 0 0 0 0 0 0 0 0 0 0 0 0 0 0 0 0 0 0 0 0 0 0 0 0
 0 0 0 0 0 0 0 0 0 0 0 0 0 0 0 0 0 0 0 0 0 2 3 3 2 2 1 1 1 0 0 0 0 0 0 0 0 0 0 0 0 0 0 0 0 1
 0 0 0 0 0 0 0 0 0 0 0 2 2 0 0 0 0 0 0 1 1 3 5 5 2 2 1 0 0 0 1 1 0 0 0 0 0 0 0 0 7 7 6 7 7 5
 0 0 0 0 0 0 0 0 0 0 0 2 2 0 0 0 0 0 0 1 1 3 5 5 2 2 1 0 0 0 1 1 0 0 0 0 0 0 0 0 7 7 6 7 7 5
 0 0 0 0 0 0 0 0 3 3 3 12 12 9 1 1 0 0 0 1 1 2 1 1 1 1 0 0 0 0 3 3 0 0 0 0 0 0 0 0 7 7 6 7 7 6
 0 0 0 0 0 0 0 0 3 3 3 12 12 9 1 1 0 0 0 1 1 2 1 1 1 1 0 0 0 0 3 3 0 0 0 0 0 0 0 0 7 7 6 7 7 6
 0 0 0 0 0 0 0 0 3 3 6 17 17 10 10 10 3 3 2 2 2 2 1 1 1 1 1 1 1 1 3 3 3 3 6 0 0 0 3 3 4 4 7 3 3 2
 1 1 1 0 0 0 0 0 0 0 12 14 14 37 39 39 10 10 9 6 6 6 4 4 3 3 2 2 2 11 3 3 3 3 7 7 7 1 0 0 0 0 0 4 4 8
 1 1 1 0 0 0 0 0 0 0 12 14 14 37 39 39 10 10 9 6 6 6 4 4 3 3 2 2 2 11 3 3 3 3 7 7 7 1 0 0 0 0 0 4 4 8
 0 0 0 0 0 1 0 0 0 0 1 6 6 6 7 7 7 7 6 5 5 3 4 4 3 3 2 1 1 11 15 15 12 12 6 6 6 2 1 1 0 0 0 5 5 5
 0 0 0 0 0 0 0 0 0 0 1 1 1 2 0 0 4 4 8 2 2 1 2 2 1 1 1 1 1 5 5 5 14 14 6 2 2 2 8 8 3 3 3 4 4 4
 0 0 0 0 0 0 0 0 0 0 1 1 1 2 0 0 4 4 8 2 2 1 2 2 1 1 1 1 1 5 5 5 14 14 6 2 2 2 8 8 3 3 3 4 4 4
 1 1 1 1 1 0 0 0 0 0 0 0 0 0 0 0 4 4 2 0 0 0 0 0 0 0 0 0 0 1 2 2 7 7 8 3 3 8 8 8 3 3 2 1 1 2
 1 1 1 1 1 0 0 0 0 0 0 0 0 0 0 0 4 4 2 0 0 0 0 0 0 0 0 0 0 1 2 2 7 7 8 3 3 8 8 8 3 3 2 1 1 2
 1 1 1 1 1 0 0 0 0 0 0 0 0 0 0 0 0 0 0 0 0 0 0 0 0 0 0 0 0 0 1 1 3 3 3 11 11 10 11 11 3 3 3 3 3 3
 2 2 4 0 0 0 0 0 0 0 0 0 0 0 0 0 0 0 0 0 0 1 1 1 0 0 0 0 0 6 7 7 8 8 3 11 11 11 13 13 4 4 2 3 3 3
 2 2 4 0 0 0 0 0 0 0 0 0 0 0 0 0 0 0 0 0 0 1 1 1 0 0 0 0 0 6 7 7 8 8 3 11 11 11 13 13 4 4 2 3 3 3
 0 0 0 0 0 0 0 0 0 0 0 0 0 0 0 0 0 0 0 2 2 4 12 12 1 1 1 0 0 0 6 6 1 1 2 4 4 7 9 9 5 5 2 3 3 3
 0 0 0 0 0 0 0 0 0 0 0 0 0 0 0 0 1 1 0 10 10 13 7 7 4 4 0 0 0 0 2 2 2 2 2 3 3 5 9 9 11 11 8 7 7 8
 0 0 0 0 0 0 0 0 0 0 0 0 0 0 0 0 1 1 0 10 10 13 7 7 4 4 0 0 0 0 2 2 2 2 2 3 3 5 9 9 11 11 8 7 7 8
 0 0 0 1 1 1 0 0 0 0 0 0 0 0 1 1 3 3 2 14 14 14 0 0 0 0 1 1 1 1 1 1 2 2 5 13 13 17 31 31 27 27 18 8 8 9
 0 0 0 1 1 1 0 0 0 0 0 0 0 0 1 1 3 3 2 14 14 14 0 0 0 0 1 1 1 1 1 1 2 2 5 13 13 17 31 31 27 27 18 8 8 9
 0 0 0 1 1 1 1 1 0 0 2 0 0 1 4 4 6 6 10 9 9 2 6 6 1 1 2 1 1 2 2 2 3 3 4 20 20 18 30 30 21 21 16 48 48 30
 0 0 0 0 0 0 0 0 2 2 2 2 2 9 6 6 7 7 14 15 15 11 5 5 5 5 9 7 7 5 5 5 4 4 2 27 27 37 39 39 46 46 30 33 33 17
 0 0 0 0 0 0 0 0 2 2 2 2 2 9 6 6 7 7 14 15 15 11 5 5 5 5 9 7 7 5 5 5 4 4 2 27 27 37 39 39 46 46 30 33 33 17
 0 0 0 0 0 0 0 0 2 2 11 11 11 11 9 9 21 21 37 20 20 20 23 23 17 17 11 13 13 10 10 10 6 6 8 10 10 30 36 36 42 42 28 35 35 18
 0 0 0 0 0 0 0 0 3 3 10 16 16 9 28 28 31 31 34 21 21 23 21 21 40 40 26 29 29 19 14 14 12 12 12 8 8 27 40 40 39 39 19 31 31 15
 0 0 0 0 0 0 0 0 3 3 10 16 16 9 28 28 31 31 34 21 21 23 21 21 40 40 26 29 29 19 14 14 12 12 12 8 8 27 40 40 39 39 19 31 31 15
 0 0 0 0 0 0 0 0 2 2 3 16 16 24 28 28 18 18 12 10 10 27 37 37 41 41 53 24 24 17 13 13 13 13 10 10 10 11 14 14 14 14 21 26 26 17
 0 0 0 0 0 0 0 0 2 2 3 16 16 24 28 28 18 18 12 10 10 27 37 37 41 41 53 24 24 17 13 13 13 13 10 10 10 11 14 14 14 14 21 26 26 17
 0 0 0 0 0 1 0 0 6 6 3 9 9 16 35 35 16 16 18 12 12 25 37 37 38 38 49 29 29 29 19 19 20 20 9 13 13 11 13 13 15 15 24 14 14 15
 0 0 0 1 1 1 3 3 3 3 20 20 20 12 24 24 34 34 22 17 17 13 21 21 24 24 26 21 21 22 16 16 19 19 10 12 12 10 6 6 4 4 4 5 5 11
 0 0 0 1 1 1 3 3 3 3 20 20 20 12 24 24 34 34 22 17 17 13 21 21 24 24 26 21 21 22 16 16 19 19 10 12 12 10 6 6 4 4 4 5 5 11
 1 1 1 1 1 1 7 7 7 7 10 14 14 10 14 14 19 19 32 19 19 11 8 8 24 24 26 28 28 25 18 18 8 8 8 10 10 4 4 4 4 4 2 3 3 1
 1 1 1 1 1 2 6 6 6 6 12 20 20 14 16 16 17 17 21 12 12 9 8 8 8 8 12 10 10 15 11 11 10 10 7 4 4 4 4 4 2 2 2 2 2 0
 1 1 1 1 1 2 6 6 6 6 12 20 20 14 16 16 17 17 21 12 12 9 8 8 8 8 12 10 10 15 11 11 10 10 7 4 4 4 4 4 2 2 2 2 2 0
 2 2 1 2 2 2 7 7 7 7 25 11 11 14 21 21 37 37 13 12 12 9 9 9 16 16 15 7 7 9 9 9 10 10 7 4 4 2 1 1 1 1 2 1 1 0
 2 2 1 2 2 2 7 7 7 7 25 11 11 14 21 21 37 37 13 12 12 9 9 9 16 16 15 7 7 9 9 9 10 10 7 4 4 2 1 1 1 1 2 1 1 0
 1 1 2 1 1 6 7 7 10 10 9 14 14 20 38 38 20 20 10 14 14 11 9 9 11 11 11 8 8 7 10 10 3 3 4 2 2 1 0 0 0 0 0 1 1 0
 1 1 2 32 32 34 35 35 15 15 19 11 11 40 13 13 15 15 14 23 23 5 8 8 8 8 10 1 1 4 4 4 1 1 2 1 1 1 0 0 1 1 0 0 0 0
 1 1 2 32 32 34 35 35 15 15 19 11 11 40 13 13 15 15 14 23 23 5 8 8 8 8 10 1 1 4 4 4 1 1 2 1 1 1 0 0 1 1 0 0 0 0
 2 2 2 2 2 53 57 57 36 36 13 15 15 13 21 21 19 19 14 14 14 26 13 13 9 9 1 1 1 1 0 0 13 13 2 2 2 2 1 1 2 2 0 0 0 0
 2 2 3 3 3 52 55 55 34 34 12 13 13 9 16 16 40 40 39 8 8 21 11 11 10 10 1 1 1 1 5 5 11 11 11 11 11 5 7 7 2 2 0 0 0 1
 2 2 3 3 3 52 55 55 34 34 12 13 13 9 16 16 40 40 39 8 8 21 11 11 10 10 1 1 1 1 5 5 11 11 11 11 11 5 7 7 2 2 0 0 0 1
 1 1 1 1 1 2 4 4 3 3 3 9 9 3 5 5 39 39 14 11 11 3 3 3 2 2 1 0 0 1 4 4 15 15 12 12 12 6 11 11 10 10 0 1 1 5
 1 1 1 1 1 2 4 4 3 3 3 9 9 3 5 5 39 39 14 11 11 3 3 3 2 2 1 0 0 1 4 4 15 15 12 12 12 6 11 11 10 10 0 1 1 5
 1 1 1 1 1 2 2 2 3 3 5 7 7 4 6 6 10 10 7 35 35 4 19 19 2 2 1 1 1 1 10 10 12 12 22 17 17 9 12 12 5 5 0 1 1 6
 1 1 1 1 1 1 3 3 4 4 9 9 9 5 6 6 7 7 18 34 34 20 19 19 9 9 3 4 4 6 15 15 15 15 24 18 18 9 10 10 9 9 9 10 10 13
 1 1 1 1 1 1 3 3 4 4 9 9 9 5 6 6 7 7 18 34 34 20 19 19 9 9 3 4 4 6 15 15 15 15 24 18 18 9 10 10 9 9 9 10 10 13
 1 1 1 2 2 2 5 5 4 4 9 8 8 9 3 3 9 9 10 35 35 33 32 32 18 18 12 3 3 6 6 6 18 18 21 11 11 8 9 9 10 10 9 10 10 13
 1 1 1 2 2 2 5 5 5 5 10 10 10 12 12 12 24 24 42 42 42 34 32 32 16 16 10 10 10 1 8 8 6 6 6 0 0 0 14 14 14 14 15 10 10 11
 1 1 1 2 2 2 5 5 5 5 10 10 10 12 12 12 24 24 42 42 42 34 32 32 16 16 10 10 10 1 8 8 6 6 6 0 0 0 14 14 14 14 15 10 10 11
 1 1 1 3 3 3 5 5 5 5 10 10 10 9 12 12 21 21 41 43 43 38 14 14 18 18 14 2 2 2 1 1 1 1 0 0 0 2 14 14 2 2 4 2 2 2
 1 1 1 3 3 3 5 5 5 5 10 10 10 9 12 12 21 21 41 43 43 38 14 14 18 18 14 2 2 2 1 1 1 1 0 0 0 2 14 14 2 2 4 2 2 2
 2 2 3 2 2 5 8 8 6 6 7 7 7 7 6 6 8 8 1 34 34 35 30 30 22 22 17 5 5 2 1 1 0 0 8 2 2 4 0 0 2 2 3 2 2 2
 2 2 4 5 5 4 5 5 6 6 6 7 7 6 12 12 2 2 2 34 34 33 34 34 23 23 29 15 15 13 11 11 6 6 11 3 3 10 3 3 0 0 0 1 1 1
 2 2 4 5 5 4 5 5 6 6 6 7 7 6 12 12 2 2 2 34 34 33 34 34 23 23 29 15 15 13 11 11 6 6 11 3 3 10 3 3 0 0 0 1 1 1
 1 1 3 3 3 4 13 13 13 13 7 4 4 8 8 8 4 4 5 3 3 2 1 1 15 15 26 29 29 7 11 11 3 3 13 7 7 14 5 5 0 0 0 0 0 0
 1 1 3 3 3 5 15 15 13 13 9 22 22 22 8 8 9 9 5 4 4 4 4 4 15 15 20 25 25 5 6 6 2 2 9 8 8 10 3 3 1 1 1 0 0 0
 1 1 3 3 3 5 15 15 13 13 9 22 22 22 8 8 9 9 5 4 4 4 4 4 15 15 20 25 25 5 6 6 2 2 9 8 8 10 3 3 1 1 1 0 0 0
 1 1 4 3 3 7 7 7 4 4 6 7 7 9 9 9 10 10 10 7 7 6 4 4 15 15 7 8 8 2 1 1 3 3 3 3 3 4 4 4 1 1 1 0 0 0
 1 1 4 3 3 7 7 7 4 4 6 7 7 9 9 9 10 10 10 7 7 6 4 4 15 15 7 8 8 2 1 1 3 3 3 3 3 4 4 4 1 1 1 0 0 0
 6 6 4 6 6 6 5 5 9 9 4 5 5 1 2 2 21 21 30 35 35 34 11 11 10 10 16 8 8 4 2 2 2 2 2 1 1 18 4 4 1 1 0 0 0 0
 8 8 5 9 9 8 5 5 9 9 11 7 7 39 34 34 36 36 34 40 40 42 18 18 20 20 25 11 11 8 2 2 1 1 1 1 1 10 22 22 0 0 0 0 0 0
 8 8 5 9 9 8 5 5 9 9 11 7 7 39 34 34 36 36 34 40 40 42 18 18 20 20 25 11 11 8 2 2 1 1 1 1 1 10 22 22 0 0 0 0 0 0
 8 8 8 14 14 11 9 9 19 19 70 75 75 96 36 36 38 38 37 44 44 46 47 47 24 24 21 10 10 7 2 2 2 2 1 0 0 10 9 9 4 4 10 3 3 1
 12 12 11 19 19 15 10 10 20 20 75 79 79 100 98 98 78 78 77 85 85 84 71 71 16 16 16 7 7 4 3 3 1 1 1 0 0 0 5 5 9 9 12 4 4 3
 12 12 11 19 19 15 10 10 20 20 75 79 79 100 98 98 78 78 77 85 85 84 71 71 16 16 16 7 7 4 3 3 1 1 1 0 0 0 5 5 9 9 12 4 4 3
 16 16 16 22 22 18 14 14 11 11 75 108 108 104 113 113 122 122 78 74 74 82 63 63 21 21 19 5 5 2 1 1 1 1 1 0 0 1 13 13 15 15 18 5 5 2
 16 16 16 22 22 18 14 14 11 11 75 108 108 104 113 113 122 122 78 74 74 82 63 63 21 21 19 5 5 2 1 1 1 1 1 0 0 1 13 13 15 15 18 5 5 2
 11 11 22 25 25 25 10 10 10 10 4 106 106 104 112 112 122 122 118 40 40 120 115 115 59 59 14 5 5 3 2 2 3 3 4 6 6 8 9 9 18 18 24 20 20 2
 11 11 15 17 17 10 10 10 5 5 5 41 41 88 84 84 112 112 125 122 122 131 118 118 62 62 14 17 17 5 3 3 2 2 16 23 23 35 23 23 20 20 15 4 4 4
 11 11 15 17 17 10 10 10 5 5 5 41 41 88 84 84 112 112 125 122 122 131 118 118 62 62 14 17 17 5 3 3 2 2 16 23 23 35 23 23 20 20 15 4 4 4
 10 10 13 13 13 11 10 10 6 6 28 32 32 68 86 86 114 114 132 128 128 138 82 82 79 79 34 15 15 17 5 5 1 1 24 32 32 29 29 29 22 22 16 4 4 0
 13 13 14 15 15 11 10 10 7 7 29 32 32 70 118 118 119 119 127 101 101 111 81 81 80 80 34 15 15 15 3 3 1 1 11 9 9 18 18 18 18 18 16 1 1 0
