assets/RAT_results/precipitation/2021-01-13_IMERG.asc
ncols        46
nrows        77
xllcorner    74.800261325624
yllcorner    8.058333333333
cellsize     0.062500000000
NODATA_value -9999
 0 0 1 1 1 2 4 4 5 5 3 6 6 5 3 3 2 2 6 4 4 5 0 0 0 0 1 1 1 1 1 1 1 1 0 1 1 0 0 0 0 0 0 0 0 0
 1 1 1 2 2 4 5 5 3 3 4 2 2 7 7 7 2 2 3 5 5 5 0 0 0 0 0 0 0 1 1 1 1 1 1 1 1 0 1 1 0 0 0 0 0 0
 1 1 1 2 2 4 5 5 3 3 4 2 2 7 7 7 2 2 3 5 5 5 0 0 0 0 0 0 0 1 1 1 1 1 1 1 1 0 1 1 0 0 0 0 0 0
 14 14 2 3 3 16 14 14 4 4 3 3 3 8 6 6 7 7 2 2 2 2 1 1 0 0 1 1 1 1 1 1 1 1 1 1 1 0 1 1 1 1 1 1 1 0
 17 17 3 4 4 13 16 16 18 18 7 11 11 13 11 11 8 8 3 2 2 1 1 1 0 0 1 1 1 2 1 1 0 0 0 0 0 0 0 0 1 1 1 2 2 0
 17 17 3 4 4 13 16 16 18 18 7 11 11 13 11 11 8 8 3 2 2 1 1 1 0 0 1 1 1 2 1 1 0 0 0 0 0 0 0 0 1 1 1 2 2 0
 1 1 2 2 2 1 3 3 6 6 7 24 24 22 6 6 5 5 1 1 1 1 0 0 0 0 1 1 1 1 1 1 0 0 1 0 0 0 0 0 0 0 1 1 1 1
 1 1 2 2 2 1 3 3 6 6 7 24 24 22 6 6 5 5 1 1 1 1 0 0 0 0 1 1 1 1 1 1 0 0 1 0 0 0 0 0 0 0 1 1 1 1
 1 1 2 2 2 7 7 7 12 12 13 14 14 21 6 6 6 6 0 0 0 0 0 0 0 0 0 1 1 0 0 0 1 1 1 1 1 0 0 0 0 0 0 0 0 1
 6 6 6 11 11 6 8 8 13 13 8 9 9 13 2 2 1 1 0 0 0 0 0 0 0 0 0 0 0 1 1 1 1 1 1 1 1 1 0 0 0 0 0 0 0 0
 6 6 6 11 11 6 8 8 13 13 8 9 9 13 2 2 1 1 0 0 0 0 0 0 0 0 0 0 0 1 1 1 1 1 1 1 1 1 0 0 0 0 0 0 0 0
 1 1 3 15 15 7 6 6 21 21 27 28 28 16 6 6 7 7 0 0 0 0 0 0 0 0 0 0 0 0 1 1 1 1 1 1 1 2 1 1 1 1 0 0 0 0
 2 2 8 9 9 8 16 16 20 20 3 13 13 10 3 3 0 0 1 0 0 1 0 0 1 1 0 0 0 0 0 0 0 0 1 1 1 2 1 1 2 2 1 0 0 0
 2 2 8 9 9 8 16 16 20 20 3 13 13 10 3 3 0 0 1 0 0 1 0 0 1 1 0 0 0 0 0 0 0 0 1 1 1 2 1 1 2 2 1 0 0 0
 2 2 4 9 9 11 16 16 7 7 3 3 3 3 1 1 2 2 0 0 0 1 0 0 2 2 2 0 0 0 0 0 0 0 0 1 1 2 1 1 1 1 0 0 0 0
 2 2 4 9 9 11 16 16 7 7 3 3 3 3 1 1 2 2 0 0 0 1 0 0 2 2 2 0 0 0 0 0 0 0 0 1 1 2 1 1 1 1 0 0 0 0
 3 3 3 3 3 4 6 6 7 7 1 2 2 12 6 6 2 2 0 1 1 0 0 0 2 2 2 2 2 1 0 0 0 0 0 0 0 1 1 1 0 0 0 0 0 0
 2 2 2 5 5 0 3 3 3 3 0 0 0 0 1 1 1 1 0 1 1 1 0 0 1 1 2 2 2 2 1 1 0 0 0 0 0 0 0 0 0 0 0 0 0 0
 2 2 2 5 5 0 3 3 3 3 0 0 0 0 1 1 1 1 0 1 1 1 0 0 1 1 2 2 2 2 1 1 0 0 0 0 0 0 0 0 0 0 0 0 0 0
 2 2 2 2 2 2 2 2 2 2 2 1 1 0 0 0 3 3 2 1 1 1 0 0 0 0 1 2 2 1 1 1 0 0 0 0 0 0 0 0 0 0 0 0 0 0
 3 3 3 2 2 2 2 2 1 1 2 1 1 0 0 0 0 0 2 1 1 0 1 1 0 0 1 2 2 1 1 1 1 1 3 0 0 0 0 0 1 1 0 0 0 0
 3 3 3 2 2 2 2 2 1 1 2 1 1 0 0 0 0 0 2 1 1 0 1 1 0 0 1 2 2 1 1 1 1 1 3 0 0 0 0 0 1 1 0 0 0 0
 3 3 3 2 2 1 1 1 1 1 2 2 2 1 0 0 0 0 0 0 0 0 1 1 2 2 2 2 2 3 2 2 5 5 9 5 5 0 0 0 0 0 0 0 0 0
 3 3 3 2 2 1 1 1 1 1 2 2 2 1 0 0 0 0 0 0 0 0 1 1 2 2 2 2 2 3 2 2 5 5 9 5 5 0 0 0 0 0 0 0 0 0
 2 2 3 3 3 2 2 2 2 2 3 4 4 1 1 1 1 1 0 0 0 1 2 2 2 2 2 3 3 3 4 4 9 9 13 4 4 1 1 1 0 0 0 0 0 1
 2 2 1 2 2 1 2 2 2 2 2 3 3 1 1 1 0 0 0 0 0 0 1 1 2 2 3 1 1 3 4 4 4 4 12 9 9 2 0 0 1 1 1 1 1 1
 2 2 1 2 2 1 2 2 2 2 2 3 3 1 1 1 0 0 0 0 0 0 1 1 2 2 3 1 1 3 4 4 4 4 12 9 9 2 0 0 1 1 1 1 1 1
 2 2 2 3 3 3 3 3 2 2 2 2 2 3 2 2 2 2 1 0 0 0 0 0 1 1 1 2 2 2 5 5 3 3 9 9 9 3 3 3 1 1 1 2 2 1
 2 2 3 2 2 3 2 2 2 2 2 1 1 2 2 2 2 2 1 0 0 0 0 0 1 1 1 2 2 2 2 2 1 1 4 5 5 5 2 2 0 0 1 2 2 1
 2 2 3 2 2 3 2 2 2 2 2 1 1 2 2 2 2 2 1 0 0 0 0 0 1 1 1 2 2 2 2 2 1 1 4 5 5 5 2 2 0 0 1 2 2 1
 4 4 3 3 3 3 2 2 1 1 1 1 1 8 11 11 4 4 1 1 1 1 1 1 1 1 2 2 2 3 2 2 2 2 0 1 1 4 4 4 0 0 2 1 1 1
 4 4 3 3 3 3 2 2 1 1 1 1 1 8 11 11 4 4 1 1 1 1 1 1 1 1 2 2 2 3 2 2 2 2 0 1 1 4 4 4 0 0 2 1 1 1
 3 3 3 3 3 3 2 2 2 2 1 1 1 1 11 11 23 23 2 2 2 2 5 5 8 8 5 1 1 3 2 2 2 2 0 0 0 1 1 1 1 1 1 1 1 1
 2 2 2 2 2 2 2 2 3 3 1 3 3 3 11 11 21 21 3 3 3 3 8 8 3 3 3 2 2 1 1 1 1 1 0 1 1 1 1 1 2 2 1 1 1 1
 2 2 2 2 2 2 2 2 3 3 1 3 3 3 11 11 21 21 3 3 3 3 8 8 3 3 3 2 2 1 1 1 1 1 0 1 1 1 1 1 2 2 1 1 1 1
 3 3 2 2 2 2 2 2 4 4 3 9 9 10 24 24 20 20 9 2 2 4 6 6 8 8 3 3 3 1 1 1 0 0 1 1 1 1 7 7 7 7 7 3 3 2
 3 3 3 2 2 2 2 2 3 3 1 4 4 5 20 20 22 22 7 3 3 13 19 19 13 13 2 4 4 1 1 1 0 0 0 1 1 2 8 8 8 8 7 2 2 3
 3 3 3 2 2 2 2 2 3 3 1 4 4 5 20 20 22 22 7 3 3 13 19 19 13 13 2 4 4 1 1 1 0 0 0 1 1 2 8 8 8 8 7 2 2 3
 5 5 5 3 3 3 2 2 2 2 2 1 1 1 1 1 36 36 44 32 32 21 12 12 14 14 14 2 2 2 3 3 1 1 0 2 2 4 5 5 4 4 4 3 3 3
 5 5 5 3 3 3 2 2 2 2 2 1 1 1 1 1 36 36 44 32 32 21 12 12 14 14 14 2 2 2 3 3 1 1 0 2 2 4 5 5 4 4 4 3 3 3
 6 6 5 3 3 3 4 4 3 3 3 3 3 1 1 1 2 2 29 17 17 6 16 16 13 13 9 5 5 6 6 6 3 3 3 3 3 7 8 8 8 8 7 7 7 10
 6 6 5 4 4 4 4 4 6 6 3 4 4 3 2 2 3 3 8 8 8 6 11 11 14 14 8 6 6 7 7 7 2 2 10 3 3 6 7 7 10 10 8 10 10 10
 6 6 5 4 4 4 4 4 6 6 3 4 4 3 2 2 3 3 8 8 8 6 11 11 14 14 8 6 6 7 7 7 2 2 10 3 3 6 7 7 10 10 8 10 10 10
 6 6 8 7 7 8 6 6 6 6 6 4 4 3 1 1 3 3 16 18 18 12 12 12 14 14 11 10 10 15 16 16 12 12 16 11 11 8 7 7 12 12 12 12 12 14
 7 7 8 7 7 9 8 8 4 4 4 3 3 4 3 3 3 3 15 15 15 22 24 24 26 26 16 10 10 20 25 25 23 23 22 18 18 14 10 10 10 10 10 9 9 12
 7 7 8 7 7 9 8 8 4 4 4 3 3 4 3 3 3 3 15 15 15 22 24 24 26 26 16 10 10 20 25 25 23 23 22 18 18 14 10 10 10 10 10 9 9 12
 9 9 8 7 7 9 8 8 4 4 4 3 3 4 4 4 3 3 4 5 5 26 23 23 21 21 36 19 19 28 37 37 39 39 36 32 32 14 13 13 16 16 12 13 13 15
 9 9 8 7 7 9 8 8 4 4 4 3 3 4 4 4 3 3 4 5 5 26 23 23 21 21 36 19 19 28 37 37 39 39 36 32 32 14 13 13 16 16 12 13 13 15
 9 9 8 10 10 14 17 17 17 17 14 13 13 6 5 5 4 4 3 2 2 18 15 15 26 26 29 31 31 32 39 39 37 37 33 39 39 19 14 14 15 15 14 18 18 29
 17 17 17 11 11 18 22 22 22 22 27 27 27 23 23 23 13 13 11 2 2 9 15 15 26 26 38 28 28 36 39 39 40 40 33 38 38 20 14 14 22 22 22 21 21 28
 17 17 17 11 11 18 22 22 22 22 27 27 27 23 23 23 13 13 11 2 2 9 15 15 26 26 38 28 28 36 39 39 40 40 33 38 38 20 14 14 22 22 22 21 21 28
 29 29 32 29 29 29 33 33 31 31 31 32 32 37 25 25 23 23 16 2 2 3 19 19 21 21 25 46 46 43 38 38 36 36 36 39 39 23 17 17 16 16 16 20 20 24
 32 32 34 45 45 33 88 88 68 68 104 41 41 39 27 27 16 16 16 2 2 3 18 18 26 26 23 33 33 56 33 33 32 32 30 28 28 15 11 11 12 12 17 23 23 33
 32 32 34 45 45 33 88 88 68 68 104 41 41 39 27 27 16 16 16 2 2 3 18 18 26 26 23 33 33 56 33 33 32 32 30 28 28 15 11 11 12 12 17 23 23 33
 42 42 49 59 59 58 79 79 82 82 105 55 55 40 44 44 38 38 27 4 4 3 15 15 23 23 33 23 23 38 28 28 20 20 19 24 24 17 13 13 13 13 10 15 15 15
 42 42 49 59 59 58 79 79 82 82 105 55 55 40 44 44 38 38 27 4 4 3 15 15 23 23 33 23 23 38 28 28 20 20 19 24 24 17 13 13 13 13 10 15 15 15
 54 54 59 59 59 56 57 57 115 115 64 56 56 40 48 48 40 40 10 7 7 5 13 13 19 19 22 26 26 33 37 37 22 22 17 22 22 20 14 14 13 13 13 20 20 18
 54 54 57 61 61 58 59 59 36 36 28 26 26 23 24 24 15 15 17 12 12 6 4 4 7 7 24 24 24 31 31 31 29 29 26 18 18 19 17 17 14 14 14 18 18 18
 54 54 57 61 61 58 59 59 36 36 28 26 26 23 24 24 15 15 17 12 12 6 4 4 7 7 24 24 24 31 31 31 29 29 26 18 18 19 17 17 14 14 14 18 18 18
 54 54 45 33 33 31 29 29 37 37 31 30 30 21 21 21 14 14 16 10 10 4 3 3 16 16 20 32 32 37 38 38 35 35 29 14 14 19 25 25 31 31 31 30 30 25
 62 62 48 36 36 36 31 31 36 36 30 28 28 18 23 23 26 26 23 10 10 7 4 4 19 19 19 28 28 32 42 42 37 37 32 25 25 20 26 26 29 29 49 45 45 36
 62 62 48 36 36 36 31 31 36 36 30 28 28 18 23 23 26 26 23 10 10 7 4 4 19 19 19 28 28 32 42 42 37 37 32 25 25 20 26 26 29 29 49 45 45 36
 67 67 50 42 42 38 33 33 42 42 36 31 31 23 24 24 21 21 19 15 15 12 6 6 16 16 23 27 27 35 50 50 48 48 37 22 22 35 49 49 56 56 69 65 65 53
 67 67 50 42 42 38 33 33 42 42 36 31 31 23 24 24 21 21 19 15 15 12 6 6 16 16 23 27 27 35 50 50 48 48 37 22 22 35 49 49 56 56 69 65 65 53
 76 76 66 55 55 46 37 37 44 44 48 39 39 30 26 26 25 25 21 19 19 21 13 13 22 22 38 34 34 30 46 46 50 50 56 44 44 47 40 40 50 50 67 69 69 63
 95 95 90 73 73 58 46 46 49 49 49 51 51 31 32 32 28 28 25 23 23 24 22 22 40 40 61 39 39 33 47 47 51 51 54 51 51 46 43 43 54 54 64 60 60 61
 95 95 90 73 73 58 46 46 49 49 49 51 51 31 32 32 28 28 25 23 23 24 22 22 40 40 61 39 39 33 47 47 51 51 54 51 51 46 43 43 54 54 64 60 60 61
 114 114 105 88 88 66 65 65 59 59 56 50 50 46 45 45 38 38 30 29 29 23 27 27 42 42 62 51 51 52 50 50 49 49 50 35 35 41 39 39 41 41 61 61 61 51
 144 144 131 106 106 76 74 74 69 69 78 55 55 55 52 52 33 33 24 32 32 31 32 32 27 27 56 49 49 56 53 53 48 48 41 42 42 45 34 34 32 32 40 46 46 44
 144 144 131 106 106 76 74 74 69 69 78 55 55 55 52 52 33 33 24 32 32 31 32 32 27 27 56 49 49 56 53 53 48 48 41 42 42 45 34 34 32 32 40 46 46 44
 160 160 159 116 116 101 101 101 97 97 96 68 68 58 51 51 24 24 23 30 30 30 29 29 38 38 65 76 76 75 60 60 51 51 40 49 49 31 38 38 46 46 44 53 53 43
 160 160 159 116 116 101 101 101 97 97 96 68 68 58 51 51 24 24 23 30 30 30 29 29 38 38 65 76 76 75 60 60 51 51 40 49 49 31 38 38 46 46 44 53 53 43
 222 222 175 126 126 106 103 103 98 98 107 100 100 68 62 62 26 26 25 32 32 28 32 32 44 44 43 116 116 144 133 133 62 62 52 57 57 39 35 35 48 48 39 30 30 34
 301 301 256 217 217 179 138 138 101 101 106 86 86 60 68 68 21 21 25 29 29 22 38 38 56 56 57 101 101 77 61 61 86 86 68 61 61 38 32 32 32 32 36 27 27 33
 301 301 256 217 217 179 138 138 101 101 106 86 86 60 68 68 21 21 25 29 29 22 38 38 56 56 57 101 101 77 61 61 86 86 68 61 61 38 32 32 32 32 36 27 27 33
 325 325 290 229 229 180 145 145 141 141 124 104 104 57 55 55 51 51 19 31 31 28 40 40 56 56 60 70 70 69 52 52 57 57 83 62 62 49 42 42 35 35 36 34 34 33
 316 316 309 234 234 188 175 175 138 138 108 174 174 59 59 59 55 55 32 52 52 47 52 52 58 58 62 59 59 64 52 52 74 74 105 99 99 54 57 57 44 44 33 30 30 29
