assets/RAT_results/precipitation/2021-04-22_IMERG.asc
ncols        46
nrows        77
xllcorner    74.800261325624
yllcorner    8.058333333333
cellsize     0.062500000000
NODATA_value -9999
 5 5 11 6 6 5 9 9 8 8 35 3 3 8 6 6 6 6 5 5 5 5 5 5 4 4 4 8 8 10 11 11 22 22 32 36 36 23 26 26 22 22 25 31 31 29
 6 6 6 9 9 3 5 5 4 4 10 7 7 10 6 6 6 6 4 4 4 4 4 4 3 3 6 9 9 6 17 17 22 22 37 21 21 21 19 19 19 19 20 38 38 36
 6 6 6 9 9 3 5 5 4 4 10 7 7 10 6 6 6 6 4 4 4 4 4 4 3 3 6 9 9 6 17 17 22 22 37 21 21 21 19 19 19 19 20 38 38 36
 4 4 7 6 6 6 4 4 3 3 6 6 6 6 4 4 4 4 3 2 2 2 2 2 5 5 6 3 3 3 8 8 31 31 16 11 11 11 11 11 22 22 32 35 35 33
 1 1 2 4 4 8 3 3 3 3 6 8 8 4 4 4 4 4 3 1 1 1 6 6 5 5 4 2 2 4 10 10 10 10 8 9 9 13 13 13 48 48 42 49 49 47
 1 1 2 4 4 8 3 3 3 3 6 8 8 4 4 4 4 4 3 1 1 1 6 6 5 5 4 2 2 4 10 10 10 10 8 9 9 13 13 13 48 48 42 49 49 47
 1 1 1 1 1 4 4 4 1 1 4 3 3 9 14 14 20 20 10 10 10 22 13 13 4 4 8 2 2 2 12 12 11 11 5 4 4 5 36 36 64 64 77 37 37 30
 1 1 1 1 1 4 4 4 1 1 4 3 3 9 14 14 20 20 10 10 10 22 13 13 4 4 8 2 2 2 12 12 11 11 5 4 4 5 36 36 64 64 77 37 37 30
 1 1 0 0 0 1 0 0 0 0 0 0 0 5 10 10 5 5 6 7 7 23 29 29 4 4 7 4 4 10 8 8 8 8 4 4 4 7 18 18 46 46 23 21 21 17
 0 0 0 0 0 0 0 0 0 0 0 1 1 4 1 1 4 4 4 2 2 26 7 7 10 10 6 6 6 8 4 4 3 3 1 1 1 6 16 16 21 21 13 12 12 10
 0 0 0 0 0 0 0 0 0 0 0 1 1 4 1 1 4 4 4 2 2 26 7 7 10 10 6 6 6 8 4 4 3 3 1 1 1 6 16 16 21 21 13 12 12 10
 0 0 0 0 0 0 0 0 0 0 0 4 4 3 3 3 3 3 1 11 11 3 5 5 7 7 6 4 4 4 0 0 0 0 3 1 1 7 4 4 3 3 5 7 7 7
 0 0 0 0 0 0 1 1 0 0 1 4 4 1 2 2 3 3 7 6 6 3 7 7 10 10 4 3 3 2 1 1 0 0 0 0 0 1 4 4 4 4 6 1 1 1
 0 0 0 0 0 0 1 1 0 0 1 4 4 1 2 2 3 3 7 6 6 3 7 7 10 10 4 3 3 2 1 1 0 0 0 0 0 1 4 4 4 4 6 1 1 1
 0 0 1 1 1 1 1 1 0 0 1 4 4 5 7 7 8 8 3 5 5 7 7 7 6 6 4 3 3 2 1 1 1 1 1 0 0 0 0 0 4 4 4 0 0 1
 0 0 1 1 1 1 1 1 0 0 1 4 4 5 7 7 8 8 3 5 5 7 7 7 6 6 4 3 3 2 1 1 1 1 1 0 0 0 0 0 4 4 4 0 0 1
 1 1 0 1 1 1 0 0 1 1 2 24 24 24 26 26 42 42 4 4 4 5 5 5 6 6 14 2 2 1 1 1 0 0 0 0 0 0 0 0 0 0 0 0 0 0
 2 2 0 0 0 1 0 0 0 0 1 15 15 40 41 41 7 7 5 7 7 4 3 3 5 5 9 1 1 1 0 0 0 0 0 0 0 0 0 0 0 0 0 0 0 0
 2 2 0 0 0 1 0 0 0 0 1 15 15 40 41 41 7 7 5 7 7 4 3 3 5 5 9 1 1 1 0 0 0 0 0 0 0 0 0 0 0 0 0 0 0 0
 0 0 1 0 0 0 0 0 3 3 0 1 1 39 24 24 6 6 2 3 3 3 3 3 4 4 4 1 1 2 1 1 1 1 0 0 0 0 0 0 0 0 0 0 0 0
 0 0 0 1 1 0 0 0 0 0 0 0 0 1 0 0 0 0 0 1 1 1 4 4 4 4 0 0 0 1 1 1 1 1 0 0 0 0 0 0 0 0 0 0 0 0
 0 0 0 1 1 0 0 0 0 0 0 0 0 1 0 0 0 0 0 1 1 1 4 4 4 4 0 0 0 1 1 1 1 1 0 0 0 0 0 0 0 0 0 0 0 0
 0 0 0 0 0 0 0 0 0 0 0 0 0 0 1 1 0 0 0 0 0 0 3 3 1 1 1 3 3 2 2 2 1 1 0 0 0 1 2 2 0 0 0 0 0 0
 0 0 0 0 0 0 0 0 0 0 0 0 0 0 1 1 0 0 0 0 0 0 3 3 1 1 1 3 3 2 2 2 1 1 0 0 0 1 2 2 0 0 0 0 0 0
 0 0 0 0 0 0 0 0 0 0 0 0 0 1 0 0 0 0 0 0 0 0 0 0 0 0 1 1 1 3 0 0 0 0 0 0 0 0 0 0 0 0 0 0 0 2
 0 0 0 0 0 0 0 0 0 0 0 0 0 0 0 0 0 0 0 0 0 0 2 2 2 2 2 0 0 0 0 0 0 0 0 0 0 0 0 0 0 0 0 0 0 11
 0 0 0 0 0 0 0 0 0 0 0 0 0 0 0 0 0 0 0 0 0 0 2 2 2 2 2 0 0 0 0 0 0 0 0 0 0 0 0 0 0 0 0 0 0 11
 0 0 0 0 0 0 0 0 0 0 0 0 0 0 0 0 1 1 0 0 0 0 3 3 3 3 0 0 0 0 0 0 0 0 1 0 0 0 0 0 0 0 4 5 5 11
 0 0 0 0 0 0 0 0 0 0 0 0 0 0 0 0 0 0 0 0 0 0 0 0 0 0 0 0 0 0 0 0 0 0 0 0 0 0 0 0 0 0 4 2 2 2
 0 0 0 0 0 0 0 0 0 0 0 0 0 0 0 0 0 0 0 0 0 0 0 0 0 0 0 0 0 0 0 0 0 0 0 0 0 0 0 0 0 0 4 2 2 2
 0 0 0 0 0 0 0 0 0 0 0 0 0 0 0 0 0 0 0 0 0 0 0 0 0 0 0 0 0 0 0 0 0 0 0 0 0 0 0 0 0 0 1 2 2 2
 0 0 0 0 0 0 0 0 0 0 0 0 0 0 0 0 0 0 0 0 0 0 0 0 0 0 0 0 0 0 0 0 0 0 0 0 0 0 0 0 0 0 1 2 2 2
 0 0 0 0 0 0 0 0 0 0 0 0 0 0 0 0 0 0 0 0 0 1 1 1 0 0 0 0 0 0 0 0 0 0 0 10 10 0 0 0 0 0 0 0 0 0
 0 0 0 0 0 0 0 0 0 0 0 0 0 0 0 0 0 0 1 3 3 3 2 2 2 2 1 0 0 0 0 0 0 0 0 0 0 0 0 0 0 0 0 0 0 0
 0 0 0 0 0 0 0 0 0 0 0 0 0 0 0 0 0 0 1 3 3 3 2 2 2 2 1 0 0 0 0 0 0 0 0 0 0 0 0 0 0 0 0 0 0 0
 0 0 0 0 0 0 0 0 0 0 0 0 0 0 1 1 2 2 4 11 11 7 5 5 3 3 1 0 0 0 0 0 0 0 0 0 0 0 0 0 0 0 0 0 0 0
 0 0 0 0 0 0 0 0 0 0 0 0 0 1 2 2 7 7 11 26 26 27 5 5 3 3 3 1 1 1 1 1 0 0 3 3 3 1 0 0 0 0 0 0 0 0
 0 0 0 0 0 0 0 0 0 0 0 0 0 1 2 2 7 7 11 26 26 27 5 5 3 3 3 1 1 1 1 1 0 0 3 3 3 1 0 0 0 0 0 0 0 0
 0 0 0 0 0 0 0 0 1 1 1 1 1 1 4 4 13 13 17 18 18 18 14 14 4 4 4 3 3 11 4 4 8 8 9 5 5 4 2 2 0 0 0 0 0 0
 0 0 0 0 0 0 0 0 1 1 1 1 1 1 4 4 13 13 17 18 18 18 14 14 4 4 4 3 3 11 4 4 8 8 9 5 5 4 2 2 0 0 0 0 0 0
 1 1 1 1 1 2 2 2 5 5 7 8 8 4 13 13 20 20 17 20 20 28 25 25 11 11 12 11 11 12 24 24 14 14 11 7 7 5 2 2 3 3 5 2 2 0
 2 2 4 17 17 12 6 6 15 15 17 8 8 7 15 15 21 21 23 14 14 29 22 22 11 11 6 8 8 28 32 32 37 37 10 6 6 4 4 4 1 1 1 3 3 1
 2 2 4 17 17 12 6 6 15 15 17 8 8 7 15 15 21 21 23 14 14 29 22 22 11 11 6 8 8 28 32 32 37 37 10 6 6 4 4 4 1 1 1 3 3 1
 4 4 13 33 33 26 14 14 11 11 13 6 6 11 13 13 15 15 26 14 14 11 5 5 4 4 11 13 13 25 32 32 27 27 10 5 5 6 2 2 3 3 0 0 0 0
 13 13 33 25 25 12 9 9 7 7 22 25 25 15 16 16 12 12 12 13 13 18 7 7 12 12 24 20 20 10 29 29 26 26 17 6 6 5 2 2 0 0 0 0 0 0
 13 13 33 25 25 12 9 9 7 7 22 25 25 15 16 16 12 12 12 13 13 18 7 7 12 12 24 20 20 10 29 29 26 26 17 6 6 5 2 2 0 0 0 0 0 0
 3 3 20 7 7 6 7 7 9 9 28 30 30 33 11 11 5 5 12 17 17 18 6 6 10 10 20 20 20 17 13 13 20 20 12 4 4 3 1 1 0 0 0 0 0 0
 3 3 20 7 7 6 7 7 9 9 28 30 30 33 11 11 5 5 12 17 17 18 6 6 10 10 20 20 20 17 13 13 20 20 12 4 4 3 1 1 0 0 0 0 0 0
 1 1 2 3 3 8 8 8 13 13 35 38 38 42 8 8 5 5 12 15 15 23 12 12 8 8 11 9 9 17 32 32 18 18 6 6 6 7 1 1 0 0 0 0 0 0
 3 3 3 9 9 14 12 12 11 11 14 39 39 17 14 14 24 24 24 14 14 13 11 11 6 6 1 2 2 12 15 15 13 13 7 8 8 4 2 2 1 1 0 0 0 0
 3 3 3 9 9 14 12 12 11 11 14 39 39 17 14 14 24 24 24 14 14 13 11 11 6 6 1 2 2 12 15 15 13 13 7 8 8 4 2 2 1 1 0 0 0 0
 7 7 9 31 31 15 10 10 7 7 10 11 11 5 13 13 23 23 107 48 48 48 19 19 15 15 13 3 3 9 18 18 24 24 6 6 6 6 3 3 2 2 1 1 1 1
 7 7 25 29 29 7 3 3 3 3 4 10 10 25 37 37 110 110 107 48 48 56 65 65 11 11 10 6 6 21 43 43 16 16 24 13 13 3 2 2 2 2 1 1 1 1
 7 7 25 29 29 7 3 3 3 3 4 10 10 25 37 37 110 110 107 48 48 56 65 65 11 11 10 6 6 21 43 43 16 16 24 13 13 3 2 2 2 2 1 1 1 1
 7 7 22 14 14 3 1 1 1 1 6 7 7 25 24 24 91 91 89 83 83 77 76 76 22 22 20 17 17 25 21 21 74 74 24 13 13 6 3 3 3 3 1 0 0 0
 7 7 22 14 14 3 1 1 1 1 6 7 7 25 24 24 91 91 89 83 83 77 76 76 22 22 20 17 17 25 21 21 74 74 24 13 13 6 3 3 3 3 1 0 0 0
 3 3 6 5 5 0 0 0 0 0 1 2 2 3 23 23 22 22 89 99 99 37 36 36 23 23 21 18 18 26 52 52 36 36 38 22 22 5 1 1 1 1 1 0 0 0
 0 0 0 0 0 0 0 0 0 0 1 2 2 3 2 2 39 39 100 99 99 37 37 37 23 23 13 14 14 17 23 23 41 41 27 27 27 4 1 1 0 0 0 0 0 0
 0 0 0 0 0 0 0 0 0 0 1 2 2 3 2 2 39 39 100 99 99 37 37 37 23 23 13 14 14 17 23 23 41 41 27 27 27 4 1 1 0 0 0 0 0 0
 0 0 0 0 0 0 0 0 0 0 1 2 2 2 2 2 36 36 52 51 51 32 32 32 23 23 13 16 16 11 13 13 18 18 11 32 32 3 1 1 0 0 0 0 0 0
 0 0 0 0 0 0 0 0 0 0 0 1 1 1 1 1 35 35 51 51 51 24 18 18 18 18 15 14 14 9 11 11 5 5 8 5 5 5 0 0 0 0 0 0 0 0
 0 0 0 0 0 0 0 0 0 0 0 1 1 1 1 1 35 35 51 51 51 24 18 18 18 18 15 14 14 9 11 11 5 5 8 5 5 5 0 0 0 0 0 0 0 0
 0 0 0 0 0 0 0 0 0 0 0 0 0 0 0 0 6 6 6 6 6 6 17 17 17 17 12 15 15 9 11 11 6 6 6 2 2 1 0 0 0 0 0 0 0 0
 0 0 0 0 0 0 0 0 0 0 0 0 0 0 0 0 6 6 6 6 6 6 17 17 17 17 12 15 15 9 11 11 6 6 6 2 2 1 0 0 0 0 0 0 0 0
 0 0 0 0 0 0 0 0 1 1 0 0 0 0 0 0 0 0 6 0 0 0 4 4 4 4 11 13 13 6 4 4 9 9 12 13 13 11 3 3 2 2 0 0 0 0
 0 0 0 0 0 0 0 0 1 1 0 0 0 0 0 0 0 0 0 0 0 1 1 1 1 1 0 3 3 4 4 4 11 11 11 18 18 21 9 9 1 1 0 0 0 0
 0 0 0 0 0 0 0 0 1 1 0 0 0 0 0 0 0 0 0 0 0 1 1 1 1 1 0 3 3 4 4 4 11 11 11 18 18 21 9 9 1 1 0 0 0 0
 0 0 0 0 0 0 1 1 3 3 1 0 0 0 0 0 0 0 0 0 0 0 1 1 1 1 1 1 1 1 1 1 1 1 1 7 7 13 4 4 0 0 0 0 0 0
 0 0 0 0 0 0 1 1 3 3 1 0 0 0 0 0 0 0 0 0 0 1 0 0 2 2 1 0 0 1 0 0 0 0 0 1 1 6 0 0 3 3 0 0 0 0
 0 0 0 0 0 0 1 1 3 3 1 0 0 0 0 0 0 0 0 0 0 1 0 0 2 2 1 0 0 1 0 0 0 0 0 1 1 6 0 0 3 3 0 0 0 0
 0 0 0 0 0 0 0 0 1 1 0 0 0 0 0 0 0 0 0 1 1 1 0 0 1 1 1 1 1 2 1 1 0 0 0 1 1 0 0 0 2 2 0 0 0 0
 0 0 0 0 0 0 0 0 1 1 0 0 0 0 0 0 0 0 0 1 1 1 0 0 1 1 1 1 1 2 1 1 0 0 0 1 1 0 0 0 2 2 0 0 0 0
 0 0 0 0 0 0 0 0 0 0 0 0 0 0 0 0 0 0 2 3 3 1 0 0 0 0 2 1 1 0 1 1 1 1 1 4 4 1 0 0 0 0 0 0 0 0
 0 0 0 0 0 0 0 0 0 0 0 0 0 0 0 0 1 1 3 2 2 1 0 0 0 0 1 0 0 0 1 1 0 0 0 1 1 0 0 0 0 0 0 0 0 0
 0 0 0 0 0 0 0 0 0 0 0 0 0 0 0 0 1 1 3 2 2 1 0 0 0 0 1 0 0 0 1 1 0 0 0 1 1 0 0 0 0 0 0 0 0 0
 0 0 0 0 0 5 1 1 0 0 0 0 0 0 0 0 0 0 1 2 2 1 0 0 0 0 0 0 0 1 2 2 0 0 0 0 0 0 0 0 0 0 0 0 0 0
 0 0 0 1 1 5 0 0 0 0 0 0 0 0 0 0 0 0 1 1 1 1 0 0 0 0 0 0 0 0 0 0 0 0 0 0 0 0 0 0 0 0 0 0 0 0
