assets/RAT_results/precipitation/2021-08-06_IMERG.asc
ncols        46
nrows        77
xllcorner    74.800261325624
yllcorner    8.058333333333
cellsize     0.062500000000
NODATA_value -9999
 2 2 1 0 0 0 2 2 3 3 8 10 10 14 10 10 8 8 6 4 4 2 0 0 0 0 0 1 1 0 1 1 4 4 4 13 13 13 7 7 7 7 2 9 9 5
 1 1 2 1 1 2 3 3 6 6 6 7 7 14 10 10 5 5 7 5 5 2 1 1 0 0 0 0 0 0 1 1 0 0 3 0 0 0 3 3 6 6 5 9 9 7
 1 1 2 1 1 2 3 3 6 6 6 7 7 14 10 10 5 5 7 5 5 2 1 1 0 0 0 0 0 0 1 1 0 0 3 0 0 0 3 3 6 6 5 9 9 7
 3 3 2 1 1 4 4 4 6 6 4 5 5 14 12 12 6 6 8 6 6 2 2 2 0 0 0 0 0 0 0 0 0 0 0 0 0 0 3 3 6 6 0 1 1 5
 4 4 2 2 2 1 4 4 6 6 3 6 6 8 9 9 6 6 5 4 4 1 1 1 0 0 0 0 0 0 0 0 0 0 0 0 0 0 0 0 0 0 0 0 0 5
 4 4 2 2 2 1 4 4 6 6 3 6 6 8 9 9 6 6 5 4 4 1 1 1 0 0 0 0 0 0 0 0 0 0 0 0 0 0 0 0 0 0 0 0 0 5
 16 16 3 6 6 0 2 2 4 4 5 8 8 12 6 6 5 5 6 4 4 1 1 1 0 0 0 0 0 0 0 0 0 0 0 0 0 0 0 0 0 0 0 0 0 0
 16 16 3 6 6 0 2 2 4 4 5 8 8 12 6 6 5 5 6 4 4 1 1 1 0 0 0 0 0 0 0 0 0 0 0 0 0 0 0 0 0 0 0 0 0 0
 8 8 7 6 6 3 3 3 2 2 7 6 6 10 13 13 14 14 9 7 7 3 1 1 0 0 0 11 11 0 1 1 0 0 0 0 0 0 0 0 0 0 0 0 0 0
 10 10 9 7 7 6 4 4 4 4 6 5 5 9 12 12 9 9 8 8 8 2 1 1 0 0 1 11 11 0 2 2 2 2 0 0 0 0 0 0 0 0 0 0 0 0
 10 10 9 7 7 6 4 4 4 4 6 5 5 9 12 12 9 9 8 8 8 2 1 1 0 0 1 11 11 0 2 2 2 2 0 0 0 0 0 0 0 0 0 0 0 0
 7 7 8 10 10 8 4 4 5 5 6 4 4 4 3 3 10 10 9 6 6 3 1 1 1 1 1 0 0 0 1 1 2 2 1 0 0 0 0 0 0 0 0 0 0 0
 5 5 6 5 5 8 8 8 4 4 4 2 2 2 1 1 2 2 8 11 11 4 1 1 0 0 0 0 0 0 1 1 2 2 2 0 0 0 0 0 1 1 0 0 0 0
 5 5 6 5 5 8 8 8 4 4 4 2 2 2 1 1 2 2 8 11 11 4 1 1 0 0 0 0 0 0 1 1 2 2 2 0 0 0 0 0 1 1 0 0 0 0
 6 6 10 5 5 5 7 7 4 4 3 1 1 2 0 0 1 1 2 2 2 5 2 2 1 1 0 0 0 0 0 0 0 0 0 0 0 0 0 0 1 1 1 0 0 0
 6 6 10 5 5 5 7 7 4 4 3 1 1 2 0 0 1 1 2 2 2 5 2 2 1 1 0 0 0 0 0 0 0 0 0 0 0 0 0 0 1 1 1 0 0 0
 5 5 12 13 13 9 6 6 7 7 3 1 1 0 0 0 1 1 2 0 0 0 3 3 2 2 0 1 1 1 0 0 0 0 0 0 0 0 0 0 0 0 0 0 0 1
 9 9 11 16 16 14 5 5 5 5 6 3 3 0 0 0 0 0 2 1 1 1 0 0 0 0 0 0 0 0 0 0 0 0 0 0 0 0 0 0 0 0 0 0 0 1
 9 9 11 16 16 14 5 5 5 5 6 3 3 0 0 0 0 0 2 1 1 1 0 0 0 0 0 0 0 0 0 0 0 0 0 0 0 0 0 0 0 0 0 0 0 1
 9 9 8 19 19 22 16 16 5 5 5 7 7 5 1 1 0 0 0 1 1 3 1 1 1 1 0 0 0 0 0 0 0 0 0 0 0 0 0 0 0 0 0 0 0 0
 12 12 14 13 13 14 19 19 7 7 5 6 6 7 4 4 2 2 2 1 1 3 1 1 1 1 0 0 0 0 0 0 0 0 0 0 0 0 0 0 0 0 0 1 1 1
 12 12 14 13 13 14 19 19 7 7 5 6 6 7 4 4 2 2 2 1 1 3 1 1 1 1 0 0 0 0 0 0 0 0 0 0 0 0 0 0 0 0 0 1 1 1
 28 28 24 18 18 14 18 18 11 11 6 6 6 6 6 6 4 4 1 1 1 4 2 2 2 2 1 0 0 0 0 0 0 0 0 0 0 0 0 0 0 0 0 0 0 0
 28 28 24 18 18 14 18 18 11 11 6 6 6 6 6 6 4 4 1 1 1 4 2 2 2 2 1 0 0 0 0 0 0 0 0 0 0 0 0 0 0 0 0 0 0 0
 38 38 31 37 37 28 26 26 19 19 17 6 6 10 12 12 5 5 4 3 3 4 4 4 1 1 1 0 0 0 0 0 0 0 0 0 0 0 0 0 0 0 0 0 0 0
 31 31 30 42 42 39 35 35 23 23 20 17 17 11 12 12 8 8 8 4 4 3 0 0 0 0 1 1 1 0 0 0 0 0 0 0 0 0 1 1 0 0 0 0 0 0
 31 31 30 42 42 39 35 35 23 23 20 17 17 11 12 12 8 8 8 4 4 3 0 0 0 0 1 1 1 0 0 0 0 0 0 0 0 0 1 1 0 0 0 0 0 0
 24 24 19 36 36 50 43 43 20 20 15 15 15 15 11 11 7 7 9 8 8 3 0 0 0 0 1 1 1 0 0 0 0 0 0 0 0 0 1 1 0 0 0 0 0 1
 15 15 17 15 15 22 25 25 14 14 15 13 13 16 16 16 8 8 7 10 10 6 4 4 2 2 1 1 1 0 0 0 0 0 0 0 0 0 0 0 0 0 0 0 0 0
 15 15 17 15 15 22 25 25 14 14 15 13 13 16 16 16 8 8 7 10 10 6 4 4 2 2 1 1 1 0 0 0 0 0 0 0 0 0 0 0 0 0 0 0 0 0
 15 15 18 19 19 20 28 28 17 17 14 14 14 12 16 16 21 21 13 4 4 6 7 7 3 3 1 1 1 3 0 0 0 0 0 0 0 0 0 0 0 0 0 0 0 0
 15 15 18 19 19 20 28 28 17 17 14 14 14 12 16 16 21 21 13 4 4 6 7 7 3 3 1 1 1 3 0 0 0 0 0 0 0 0 0 0 0 0 0 0 0 0
 15 15 18 21 21 31 29 29 35 35 19 15 15 12 14 14 18 18 16 5 5 8 4 4 5 5 1 1 1 0 2 2 2 2 0 0 0 0 0 0 0 0 0 0 0 0
 12 12 16 25 25 27 46 46 38 38 19 18 18 16 15 15 12 12 12 11 11 5 2 2 3 3 0 0 0 0 2 2 2 2 2 0 0 0 0 0 0 0 0 0 0 0
 12 12 16 25 25 27 46 46 38 38 19 18 18 16 15 15 12 12 12 11 11 5 2 2 3 3 0 0 0 0 2 2 2 2 2 0 0 0 0 0 0 0 0 0 0 0
 10 10 12 23 23 27 46 46 54 54 55 44 44 24 25 25 10 10 12 11 11 7 2 2 0 0 0 0 0 0 1 1 0 0 0 1 1 1 0 0 0 0 0 0 0 0
 8 8 11 14 14 29 35 35 67 67 81 64 64 38 25 25 12 12 8 14 14 14 7 7 2 2 2 1 1 4 0 0 1 1 2 4 4 0 0 0 0 0 0 0 0 0
 8 8 11 14 14 29 35 35 67 67 81 64 64 38 25 25 12 12 8 14 14 14 7 7 2 2 2 1 1 4 0 0 1 1 2 4 4 0 0 0 0 0 0 0 0 0
 6 6 11 11 11 27 31 31 56 56 75 83 83 80 60 60 40 40 13 20 20 19 9 9 10 10 1 2 2 3 3 3 7 7 6 5 5 2 0 0 0 0 0 0 0 0
 6 6 11 11 11 27 31 31 56 56 75 83 83 80 60 60 40 40 13 20 20 19 9 9 10 10 1 2 2 3 3 3 7 7 6 5 5 2 0 0 0 0 0 0 0 0
 4 4 11 8 8 16 26 26 36 36 57 71 71 121 85 85 56 56 23 28 28 18 24 24 16 16 15 12 12 2 21 21 15 15 19 10 10 8 1 1 1 1 0 0 0 0
 3 3 9 8 8 14 16 16 28 28 43 82 82 116 94 94 83 83 49 35 35 36 26 26 31 31 20 20 20 30 32 32 27 27 31 24 24 19 5 5 5 5 0 0 0 0
 3 3 9 8 8 14 16 16 28 28 43 82 82 116 94 94 83 83 49 35 35 36 26 26 31 31 20 20 20 30 32 32 27 27 31 24 24 19 5 5 5 5 0 0 0 0
 5 5 6 11 11 13 14 14 22 22 37 74 74 68 89 89 91 91 78 62 62 55 51 51 47 47 33 24 24 38 57 57 32 32 40 32 32 22 14 14 5 5 1 0 0 0
 4 4 5 11 11 10 18 18 17 17 38 48 48 101 131 131 126 126 148 60 60 64 65 65 62 62 57 44 44 62 66 66 47 47 43 37 37 11 4 4 0 0 1 0 0 0
 4 4 5 11 11 10 18 18 17 17 38 48 48 101 131 131 126 126 148 60 60 64 65 65 62 62 57 44 44 62 66 66 47 47 43 37 37 11 4 4 0 0 1 0 0 0
 4 4 4 8 8 9 18 18 20 20 37 51 51 100 128 128 186 186 184 117 117 71 71 71 66 66 49 52 52 56 64 64 48 48 44 32 32 15 9 9 0 0 0 0 0 0
 4 4 4 8 8 9 18 18 20 20 37 51 51 100 128 128 186 186 184 117 117 71 71 71 66 66 49 52 52 56 64 64 48 48 44 32 32 15 9 9 0 0 0 0 0 0
 6 6 5 6 6 8 12 12 16 16 35 44 44 70 175 175 183 183 203 118 118 71 86 86 75 75 64 57 57 72 58 58 36 36 33 25 25 18 2 2 0 0 1 1 1 0
 15 15 9 10 10 9 10 10 20 20 29 44 44 55 98 98 161 161 195 206 206 77 75 75 76 76 68 54 54 53 55 55 51 51 38 21 21 15 2 2 2 2 2 2 2 0
 15 15 9 10 10 9 10 10 20 20 29 44 44 55 98 98 161 161 195 206 206 77 75 75 76 76 68 54 54 53 55 55 51 51 38 21 21 15 2 2 2 2 2 2 2 0
 28 28 16 15 15 12 13 13 19 19 24 34 34 42 69 69 51 51 75 174 174 145 52 52 64 64 63 58 58 59 62 62 47 47 33 21 21 13 2 2 2 2 1 2 2 1
 33 33 19 22 22 22 21 21 22 22 20 32 32 32 67 67 51 51 39 80 80 80 69 69 76 76 66 57 57 51 58 58 37 37 28 33 33 26 3 3 2 2 2 1 1 0
 33 33 19 22 22 22 21 21 22 22 20 32 32 32 67 67 51 51 39 80 80 80 69 69 76 76 66 57 57 51 58 58 37 37 28 33 33 26 3 3 2 2 2 1 1 0
 31 31 22 27 27 32 40 40 34 34 27 33 33 29 57 57 32 32 34 56 56 66 66 66 73 73 71 71 71 61 58 58 39 39 28 27 27 34 21 21 7 7 5 4 4 0
 31 31 22 27 27 32 40 40 34 34 27 33 33 29 57 57 32 32 34 56 56 66 66 66 73 73 71 71 71 61 58 58 39 39 28 27 27 34 21 21 7 7 5 4 4 0
 33 33 36 35 35 44 75 75 54 54 39 42 42 47 46 46 57 57 29 67 67 51 68 68 66 66 66 57 57 65 56 56 40 40 30 32 32 33 21 21 9 9 6 4 4 0
 41 41 50 60 60 83 89 89 52 52 45 42 42 47 42 42 61 61 43 64 64 39 44 44 81 81 73 47 47 50 47 47 40 40 32 28 28 26 20 20 10 10 5 3 3 0
 41 41 50 60 60 83 89 89 52 52 45 42 42 47 42 42 61 61 43 64 64 39 44 44 81 81 73 47 47 50 47 47 40 40 32 28 28 26 20 20 10 10 5 3 3 0
 61 61 61 65 65 78 61 61 65 65 52 50 50 52 44 44 46 46 50 39 39 60 60 60 64 64 98 45 45 46 30 30 40 40 35 20 20 16 16 16 6 6 4 3 3 0
 68 68 84 81 81 78 73 73 57 57 69 58 58 54 46 46 46 46 61 49 49 64 63 63 81 81 52 51 51 49 25 25 20 20 13 10 10 6 6 6 4 4 2 1 1 1
 68 68 84 81 81 78 73 73 57 57 69 58 58 54 46 46 46 46 61 49 49 64 63 63 81 81 52 51 51 49 25 25 20 20 13 10 10 6 6 6 4 4 2 1 1 1
 86 86 86 94 94 100 102 102 62 62 67 56 56 52 55 55 42 42 46 43 43 61 77 77 63 63 59 45 45 50 19 19 14 14 8 6 6 7 4 4 4 4 4 2 2 0
 86 86 86 94 94 100 102 102 62 62 67 56 56 52 55 55 42 42 46 43 43 61 77 77 63 63 59 45 45 50 19 19 14 14 8 6 6 7 4 4 4 4 4 2 2 0
 115 115 125 132 132 102 90 90 76 76 62 58 58 49 52 52 40 40 35 35 35 40 48 48 57 57 58 40 40 40 17 17 10 10 4 1 1 2 2 2 7 7 2 1 1 0
 106 106 126 115 115 92 90 90 88 88 61 60 60 54 47 47 45 45 37 25 25 20 29 29 28 28 46 55 55 29 20 20 11 11 4 5 5 6 1 1 1 1 0 0 0 0
 106 106 126 115 115 92 90 90 88 88 61 60 60 54 47 47 45 45 37 25 25 20 29 29 28 28 46 55 55 29 20 20 11 11 4 5 5 6 1 1 1 1 0 0 0 0
 105 105 107 106 106 88 67 67 63 63 51 61 61 60 56 56 45 45 44 37 37 23 12 12 15 15 25 25 25 22 22 22 9 9 4 4 4 4 2 2 1 1 0 0 0 0
 95 95 78 64 64 61 59 59 57 57 45 71 71 85 84 84 68 68 54 45 45 37 32 32 16 16 14 18 18 21 18 18 12 12 6 1 1 0 2 2 1 1 0 0 0 0
 95 95 78 64 64 61 59 59 57 57 45 71 71 85 84 84 68 68 54 45 45 37 32 32 16 16 14 18 18 21 18 18 12 12 6 1 1 0 2 2 1 1 0 0 0 0
 61 61 77 62 62 52 55 55 48 48 48 42 42 78 79 79 71 71 61 59 59 44 32 32 26 26 22 19 19 15 9 9 6 6 4 3 3 1 0 0 1 1 0 0 0 0
 61 61 77 62 62 52 55 55 48 48 48 42 42 78 79 79 71 71 61 59 59 44 32 32 26 26 22 19 19 15 9 9 6 6 4 3 3 1 0 0 1 1 0 0 0 0
 51 51 66 65 65 56 71 71 65 65 63 48 48 46 45 45 43 43 59 56 56 55 42 42 43 43 34 31 31 20 13 13 9 9 3 3 3 1 0 0 0 0 0 0 0 0
 33 33 42 39 39 40 56 56 69 69 77 45 45 41 43 43 34 34 57 65 65 59 59 59 57 57 51 28 28 18 18 18 20 20 3 1 1 1 0 0 0 0 0 0 0 0
 33 33 42 39 39 40 56 56 69 69 77 45 45 41 43 43 34 34 57 65 65 59 59 59 57 57 51 28 28 18 18 18 20 20 3 1 1 1 0 0 0 0 0 0 0 0
 42 42 43 38 38 28 32 32 34 34 44 33 33 38 38 38 30 30 43 58 58 63 60 60 64 64 51 38 38 24 20 20 21 21 21 4 4 1 2 2 1 1 0 0 0 0
 67 67 36 25 25 19 22 22 32 32 34 24 24 21 27 27 24 24 38 46 46 62 64 64 59 59 46 36 36 17 11 11 16 16 22 20 20 4 1 1 0 0 1 0 0 0
