assets/RAT_results/precipitation/2021-11-28_IMERG.asc
ncols        46
nrows        77
xllcorner    74.800261325624
yllcorner    8.058333333333
cellsize     0.062500000000
NODATA_value -9999
 3 3 2 0 0 0 0 0 0 0 0 0 0 1 1 1 1 1 2 0 0 1 0 0 0 0 0 0 0 0 0 0 0 0 0 0 0 0 0 0 0 0 0 0 0 0
 2 2 3 1 1 0 0 0 0 0 0 1 1 1 1 1 1 1 1 0 0 0 0 0 0 0 0 0 0 0 0 0 0 0 0 0 0 0 0 0 0 0 0 0 0 0
 2 2 3 1 1 0 0 0 0 0 0 1 1 1 1 1 1 1 1 0 0 0 0 0 0 0 0 0 0 0 0 0 0 0 0 0 0 0 0 0 0 0 0 0 0 0
 2 2 2 1 1 0 0 0 0 0 0 0 0 1 1 1 1 1 1 0 0 0 0 0 0 0 0 1 1 0 0 0 0 0 0 0 0 0 0 0 0 0 0 0 0 0
 2 2 3 3 3 1 1 1 0 0 0 0 0 2 1 1 1 1 1 0 0 0 0 0 0 0 0 1 1 0 0 0 0 0 0 0 0 0 0 0 0 0 0 0 0 0
 2 2 3 3 3 1 1 1 0 0 0 0 0 2 1 1 1 1 1 0 0 0 0 0 0 0 0 1 1 0 0 0 0 0 0 0 0 0 0 0 0 0 0 0 0 0
 2 2 2 2 2 1 1 1 1 1 0 0 0 1 1 1 2 2 1 1 1 0 0 0 0 0 0 1 1 0 0 0 0 0 0 0 0 0 0 0 0 0 0 0 0 0
 2 2 2 2 2 1 1 1 1 1 0 0 0 1 1 1 2 2 1 1 1 0 0 0 0 0 0 1 1 0 0 0 0 0 0 0 0 0 0 0 0 0 0 0 0 0
 1 1 1 3 3 1 1 1 2 2 1 2 2 2 3 3 2 2 1 1 1 1 0 0 0 0 0 0 0 0 0 0 0 0 0 0 0 0 0 0 0 0 0 0 0 0
 1 1 2 3 3 2 1 1 2 2 3 3 3 3 2 2 2 2 2 1 1 1 0 0 0 0 0 1 1 0 0 0 0 0 0 0 0 0 0 0 0 0 0 0 0 0
 1 1 2 3 3 2 1 1 2 2 3 3 3 3 2 2 2 2 2 1 1 1 0 0 0 0 0 1 1 0 0 0 0 0 0 0 0 0 0 0 0 0 0 0 0 0
 1 1 5 2 2 3 1 1 1 1 1 2 2 2 2 2 2 2 2 2 2 1 0 0 0 0 1 0 0 0 0 0 0 0 0 0 0 0 0 0 1 1 0 0 0 0
 2 2 1 2 2 4 3 3 2 2 1 1 1 2 2 2 2 2 2 1 1 1 1 1 1 1 1 1 1 1 0 0 0 0 0 0 0 0 0 0 0 0 0 0 0 0
 2 2 1 2 2 4 3 3 2 2 1 1 1 2 2 2 2 2 2 1 1 1 1 1 1 1 1 1 1 1 0 0 0 0 0 0 0 0 0 0 0 0 0 0 0 0
 3 3 1 2 2 3 5 5 5 5 4 1 1 1 2 2 1 1 1 1 1 1 1 1 1 1 1 1 1 0 0 0 0 0 0 0 0 0 0 0 0 0 0 0 0 0
 3 3 1 2 2 3 5 5 5 5 4 1 1 1 2 2 1 1 1 1 1 1 1 1 1 1 1 1 1 0 0 0 0 0 0 0 0 0 0 0 0 0 0 0 0 0
 5 5 4 5 5 8 8 8 6 6 5 3 3 1 1 1 1 1 1 1 1 1 1 1 1 1 1 1 1 1 0 0 0 0 0 0 0 0 0 0 0 0 0 0 0 0
 6 6 6 3 3 10 7 7 6 6 7 8 8 9 12 12 3 3 4 2 2 1 0 0 0 0 0 0 0 2 0 0 0 0 0 0 0 0 0 0 0 0 0 0 0 0
 6 6 6 3 3 10 7 7 6 6 7 8 8 9 12 12 3 3 4 2 2 1 0 0 0 0 0 0 0 2 0 0 0 0 0 0 0 0 0 0 0 0 0 0 0 0
 5 5 7 5 5 7 11 11 6 6 7 9 9 6 8 8 2 2 6 4 4 2 1 1 0 0 0 0 0 0 0 0 0 0 0 0 0 0 0 0 0 0 0 0 0 0
 4 4 4 3 3 3 4 4 9 9 8 11 11 5 3 3 4 4 6 5 5 5 1 1 0 0 0 0 0 1 0 0 1 1 0 0 0 0 0 0 0 0 0 0 0 0
 4 4 4 3 3 3 4 4 9 9 8 11 11 5 3 3 4 4 6 5 5 5 1 1 0 0 0 0 0 1 0 0 1 1 0 0 0 0 0 0 0 0 0 0 0 0
 3 3 3 3 3 3 6 6 8 8 13 8 8 7 5 5 4 4 5 6 6 6 5 5 1 1 1 0 0 1 1 1 1 1 0 0 0 0 0 0 0 0 0 0 0 0
 3 3 3 3 3 3 6 6 8 8 13 8 8 7 5 5 4 4 5 6 6 6 5 5 1 1 1 0 0 1 1 1 1 1 0 0 0 0 0 0 0 0 0 0 0 0
 4 4 4 4 4 4 7 7 7 7 9 14 14 10 8 8 7 7 8 8 8 9 5 5 2 2 2 1 1 1 0 0 0 0 0 0 0 0 0 0 0 0 0 0 0 0
 6 6 7 7 7 11 22 22 22 22 16 14 14 15 8 8 15 15 7 7 7 10 8 8 3 3 2 2 2 1 0 0 0 0 0 0 0 0 0 0 0 0 0 0 0 0
 6 6 7 7 7 11 22 22 22 22 16 14 14 15 8 8 15 15 7 7 7 10 8 8 3 3 2 2 2 1 0 0 0 0 0 0 0 0 0 0 0 0 0 0 0 0
 9 9 10 15 15 13 11 11 23 23 33 63 63 64 17 17 15 15 5 4 4 5 4 4 3 3 0 1 1 2 0 0 0 0 0 0 0 0 0 0 0 0 1 0 0 0
 9 9 10 20 20 20 19 19 36 36 34 64 64 59 34 34 27 27 3 1 1 1 3 3 3 3 0 1 1 2 2 2 1 1 0 0 0 0 0 0 0 0 1 0 0 1
 9 9 10 20 20 20 19 19 36 36 34 64 64 59 34 34 27 27 3 1 1 1 3 3 3 3 0 1 1 2 2 2 1 1 0 0 0 0 0 0 0 0 1 0 0 1
 7 7 7 8 8 19 9 9 7 7 6 44 44 40 35 35 27 27 2 3 3 1 1 1 1 1 1 1 1 0 3 3 2 2 1 0 0 0 0 0 1 1 1 1 1 1
 7 7 7 8 8 19 9 9 7 7 6 44 44 40 35 35 27 27 2 3 3 1 1 1 1 1 1 1 1 0 3 3 2 2 1 0 0 0 0 0 1 1 1 1 1 1
 7 7 6 6 6 6 6 6 6 6 5 11 11 10 5 5 7 7 10 6 6 2 2 2 1 1 1 2 2 1 3 3 2 2 2 1 1 1 1 1 1 1 3 2 2 2
 6 6 5 5 5 4 5 5 4 4 3 9 9 10 11 11 6 6 10 6 6 7 2 2 2 2 1 2 2 1 3 3 2 2 1 4 4 1 2 2 1 1 3 2 2 1
 6 6 5 5 5 4 5 5 4 4 3 9 9 10 11 11 6 6 10 6 6 7 2 2 2 2 1 2 2 1 3 3 2 2 1 4 4 1 2 2 1 1 3 2 2 1
 10 10 6 3 3 3 5 5 5 5 3 1 1 3 4 4 5 5 12 9 9 3 3 3 3 3 3 2 2 2 2 2 2 2 2 5 5 2 3 3 7 7 6 1 1 0
 9 9 6 3 3 2 4 4 4 4 3 1 1 3 5 5 6 6 9 10 10 13 12 12 4 4 5 2 2 2 2 2 1 1 2 2 2 3 1 1 6 6 3 1 1 1
 9 9 6 3 3 2 4 4 4 4 3 1 1 3 5 5 6 6 9 10 10 13 12 12 4 4 5 2 2 2 2 2 1 1 2 2 2 3 1 1 6 6 3 1 1 1
 3 3 3 3 3 3 2 2 1 1 1 2 2 2 4 4 8 8 9 10 10 13 15 15 7 7 6 2 2 2 2 2 2 2 2 2 2 2 2 2 5 5 1 1 1 1
 3 3 3 3 3 3 2 2 1 1 1 2 2 2 4 4 8 8 9 10 10 13 15 15 7 7 6 2 2 2 2 2 2 2 2 2 2 2 2 2 5 5 1 1 1 1
 1 1 1 3 3 5 3 3 1 1 1 1 1 3 5 5 7 7 7 10 10 9 15 15 20 20 11 3 3 3 2 2 2 2 3 3 3 3 2 2 3 3 1 1 1 1
 1 1 1 2 2 2 2 2 1 1 1 2 2 2 2 2 4 4 6 9 9 9 12 12 8 8 6 10 10 4 3 3 1 1 2 4 4 3 2 2 2 2 2 1 1 1
 1 1 1 2 2 2 2 2 1 1 1 2 2 2 2 2 4 4 6 9 9 9 12 12 8 8 6 10 10 4 3 3 1 1 2 4 4 3 2 2 2 2 2 1 1 1
 2 2 2 2 2 2 2 2 13 13 13 12 12 13 2 2 4 4 5 9 9 11 14 14 18 18 27 12 12 3 3 3 1 1 1 2 2 3 3 3 3 3 2 1 1 2
 3 3 2 3 3 3 14 14 14 14 13 11 11 12 5 5 6 6 4 8 8 10 9 9 17 17 27 25 25 5 2 2 0 0 0 1 1 2 3 3 4 4 4 2 2 2
 3 3 2 3 3 3 14 14 14 14 13 11 11 12 5 5 6 6 4 8 8 10 9 9 17 17 27 25 25 5 2 2 0 0 0 1 1 2 3 3 4 4 4 2 2 2
 3 3 3 2 2 5 4 4 12 12 12 11 11 13 5 5 6 6 6 5 5 8 8 8 11 11 17 27 27 19 5 5 0 0 0 0 0 0 1 1 2 2 3 2 2 3
 3 3 3 2 2 5 4 4 12 12 12 11 11 13 5 5 6 6 6 5 5 8 8 8 11 11 17 27 27 19 5 5 0 0 0 0 0 0 1 1 2 2 3 2 2 3
 3 3 3 3 3 5 5 5 13 13 16 18 18 18 10 10 11 11 13 7 7 10 15 15 15 15 15 18 18 17 16 16 6 6 0 1 1 0 0 0 1 1 1 2 2 1
 4 4 4 7 7 10 10 10 19 19 19 17 17 19 26 26 25 25 18 19 19 21 15 15 16 16 19 21 21 17 8 8 4 4 1 1 1 1 0 0 1 1 1 1 1 0
 4 4 4 7 7 10 10 10 19 19 19 17 17 19 26 26 25 25 18 19 19 21 15 15 16 16 19 21 21 17 8 8 4 4 1 1 1 1 0 0 1 1 1 1 1 0
 4 4 8 8 8 11 16 16 28 28 36 34 34 35 35 35 29 29 23 33 33 35 33 33 25 25 57 24 24 21 17 17 14 14 2 2 2 2 1 1 1 1 2 1 1 1
 4 4 4 11 11 18 17 17 19 19 37 36 36 43 59 59 53 53 50 41 41 42 29 29 30 30 62 39 39 27 19 19 19 19 17 4 4 4 4 4 4 4 4 3 3 3
 4 4 4 11 11 18 17 17 19 19 37 36 36 43 59 59 53 53 50 41 41 42 29 29 30 30 62 39 39 27 19 19 19 19 17 4 4 4 4 4 4 4 4 3 3 3
 3 3 4 12 12 12 17 17 16 16 41 40 40 45 62 62 59 59 36 48 48 68 69 69 35 35 40 44 44 33 28 28 37 37 24 8 8 4 7 7 7 7 7 6 6 4
 3 3 4 12 12 12 17 17 16 16 41 40 40 45 62 62 59 59 36 48 48 68 69 69 35 35 40 44 44 33 28 28 37 37 24 8 8 4 7 7 7 7 7 6 6 4
 3 3 3 10 10 10 17 17 16 16 41 28 28 45 51 51 35 35 35 63 63 53 55 55 29 29 32 31 31 33 43 43 28 28 23 13 13 6 8 8 8 8 7 6 6 7
 3 3 3 9 9 9 15 15 15 15 27 29 29 28 57 57 55 55 23 54 54 55 59 59 38 38 33 31 31 40 34 34 40 40 25 15 15 11 8 8 14 14 9 9 9 9
 3 3 3 9 9 9 15 15 15 15 27 29 29 28 57 57 55 55 23 54 54 55 59 59 38 38 33 31 31 40 34 34 40 40 25 15 15 11 8 8 14 14 9 9 9 9
 3 3 4 3 3 9 17 17 17 17 30 29 29 27 50 50 55 55 23 21 21 51 44 44 34 34 35 36 36 35 39 39 52 52 40 22 22 13 11 11 13 13 16 13 13 10
 2 2 4 4 4 11 13 13 20 20 16 24 24 22 29 29 33 33 21 22 22 35 39 39 49 49 45 60 60 50 39 39 39 39 38 29 29 20 19 19 14 14 14 12 12 10
 2 2 4 4 4 11 13 13 20 20 16 24 24 22 29 29 33 33 21 22 22 35 39 39 49 49 45 60 60 50 39 39 39 39 38 29 29 20 19 19 14 14 14 12 12 10
 2 2 3 4 4 11 15 15 20 20 17 26 26 23 30 30 32 32 31 30 30 46 47 47 53 53 59 45 45 46 52 52 40 40 39 38 38 57 89 89 20 20 17 12 12 14
 2 2 3 4 4 11 15 15 20 20 17 26 26 23 30 30 32 32 31 30 30 46 47 47 53 53 59 45 45 46 52 52 40 40 39 38 38 57 89 89 20 20 17 12 12 14
 3 3 3 4 4 11 15 15 17 17 16 23 23 21 33 33 35 35 35 31 31 60 52 52 64 64 64 63 63 60 91 91 54 54 57 50 50 71 118 118 29 29 28 26 26 21
 2 2 3 4 4 8 13 13 17 17 16 19 19 27 26 26 36 36 39 38 38 66 57 57 64 64 56 65 65 60 74 74 71 71 60 61 61 51 72 72 27 27 34 27 27 26
 2 2 3 4 4 8 13 13 17 17 16 19 19 27 26 26 36 36 39 38 38 66 57 57 64 64 56 65 65 60 74 74 71 71 60 61 61 51 72 72 27 27 34 27 27 26
 3 3 3 4 4 8 10 10 10 10 16 24 24 28 27 27 37 37 53 44 44 46 50 50 50 50 40 67 67 73 58 58 54 54 64 66 66 45 32 32 26 26 20 15 15 16
 2 2 2 2 2 7 9 9 9 9 16 19 19 44 44 44 51 51 54 45 45 44 54 54 54 54 46 38 38 44 51 51 39 39 45 69 69 68 42 42 33 33 21 13 13 11
 2 2 2 2 2 7 9 9 9 9 16 19 19 44 44 44 51 51 54 45 45 44 54 54 54 54 46 38 38 44 51 51 39 39 45 69 69 68 42 42 33 33 21 13 13 11
 2 2 1 2 2 6 7 7 8 8 21 18 18 52 54 54 37 37 41 52 52 52 66 66 47 47 47 36 36 43 50 50 54 54 46 74 74 54 69 69 37 37 29 15 15 10
 2 2 1 2 2 6 7 7 8 8 21 18 18 52 54 54 37 37 41 52 52 52 66 66 47 47 47 36 36 43 50 50 54 54 46 74 74 54 69 69 37 37 29 15 15 10
 2 2 2 3 3 6 8 8 10 10 16 14 14 23 22 22 22 22 42 43 43 56 67 67 45 45 46 32 32 32 46 46 68 68 48 48 48 67 42 42 34 34 25 18 18 15
 2 2 4 5 5 8 9 9 9 9 8 14 14 19 18 18 19 19 33 37 37 52 52 52 39 39 38 28 28 29 55 55 73 73 48 56 56 43 52 52 31 31 31 24 24 25
 2 2 4 5 5 8 9 9 9 9 8 14 14 19 18 18 19 19 33 37 37 52 52 52 39 39 38 28 28 29 55 55 73 73 48 56 56 43 52 52 31 31 31 24 24 25
 3 3 4 7 7 8 8 8 9 9 7 12 12 11 18 18 19 19 30 36 36 43 44 44 52 52 52 33 33 36 42 42 64 64 73 53 53 33 56 56 56 56 40 27 27 58
 4 4 3 6 6 7 7 7 8 8 7 11 11 10 18 18 18 18 30 37 37 44 50 50 59 59 57 54 54 45 51 51 52 52 52 67 67 46 54 54 33 33 44 35 35 26
