assets/RAT_results/precipitation/2021-09-30_IMERG.asc
ncols        46
nrows        77
xllcorner    74.800261325624
yllcorner    8.058333333333
cellsize     0.062500000000
NODATA_value -9999
 3 3 3 1 1 4 2 2 1 1 1 1 1 2 3 3 3 3 2 1 1 2 2 2 2 2 2 5 5 5 4 4 1 1 0 0 0 0 0 0 0 0 0 0 0 0
 3 3 6 4 4 7 1 1 8 8 6 4 4 4 3 3 4 4 4 18 18 12 5 5 6 6 6 5 5 5 2 2 0 0 0 0 0 0 0 0 0 0 0 0 0 0
 3 3 6 4 4 7 1 1 8 8 6 4 4 4 3 3 4 4 4 18 18 12 5 5 6 6 6 5 5 5 2 2 0 0 0 0 0 0 0 0 0 0 0 0 0 0
 4 4 8 4 4 4 8 8 10 10 11 12 12 9 9 9 10 10 16 19 19 14 18 18 10 10 16 16 16 13 3 3 2 2 3 3 3 0 0 0 0 0 0 0 0 0
 3 3 6 7 7 4 8 8 8 8 11 12 12 8 15 15 23 23 13 20 20 20 21 21 20 20 20 19 19 28 3 3 2 2 5 2 2 0 0 0 0 0 0 0 0 0
 3 3 6 7 7 4 8 8 8 8 11 12 12 8 15 15 23 23 13 20 20 20 21 21 20 20 20 19 19 28 3 3 2 2 5 2 2 0 0 0 0 0 0 0 0 0
 3 3 6 7 7 4 4 4 9 9 7 7 7 15 16 16 21 21 22 20 20 19 22 22 25 25 49 35 35 35 38 38 15 15 9 5 5 1 1 1 0 0 0 0 0 0
 3 3 6 7 7 4 4 4 9 9 7 7 7 15 16 16 21 21 22 20 20 19 22 22 25 25 49 35 35 35 38 38 15 15 9 5 5 1 1 1 0 0 0 0 0 0
 6 6 7 10 10 4 3 3 2 2 9 11 11 6 11 11 18 18 18 25 25 24 22 22 17 17 23 19 19 26 23 23 15 15 24 4 4 7 8 8 3 3 0 0 0 0
 7 7 9 11 11 4 3 3 3 3 9 10 10 10 15 15 21 21 22 17 17 18 13 13 19 19 23 26 26 15 8 8 20 20 20 30 30 9 13 13 5 5 1 0 0 0
 7 7 9 11 11 4 3 3 3 3 9 10 10 10 15 15 21 21 22 17 17 18 13 13 19 19 23 26 26 15 8 8 20 20 20 30 30 9 13 13 5 5 1 0 0 0
 5 5 5 6 6 9 9 9 6 6 10 17 17 28 18 18 18 18 20 19 19 21 21 21 21 21 21 18 18 9 9 9 10 10 18 30 30 34 27 27 9 9 4 1 1 0
 6 6 4 6 6 9 8 8 7 7 8 12 12 15 20 20 22 22 15 16 16 16 17 17 24 24 23 23 23 20 18 18 9 9 20 30 30 30 19 19 18 18 37 8 8 0
 6 6 4 6 6 9 8 8 7 7 8 12 12 15 20 20 22 22 15 16 16 16 17 17 24 24 23 23 23 20 18 18 9 9 20 30 30 30 19 19 18 18 37 8 8 0
 6 6 4 5 5 5 8 8 5 5 3 4 4 8 11 11 15 15 13 13 13 13 15 15 21 21 21 25 25 20 26 26 14 14 15 16 16 21 20 20 19 19 40 7 7 6
 6 6 4 5 5 5 8 8 5 5 3 4 4 8 11 11 15 15 13 13 13 13 15 15 21 21 21 25 25 20 26 26 14 14 15 16 16 21 20 20 19 19 40 7 7 6
 4 4 4 2 2 1 3 3 5 5 4 1 1 5 6 6 12 12 10 12 12 11 9 9 10 10 12 14 14 16 15 15 14 14 16 16 16 12 10 10 9 9 24 20 20 17
 3 3 3 2 2 2 4 4 4 4 6 8 8 7 9 9 8 8 9 11 11 10 7 7 8 8 9 15 15 14 13 13 11 11 16 15 15 14 13 13 12 12 13 20 20 18
 3 3 3 2 2 2 4 4 4 4 6 8 8 7 9 9 8 8 9 11 11 10 7 7 8 8 9 15 15 14 13 13 11 11 16 15 15 14 13 13 12 12 13 20 20 18
 7 7 6 2 2 2 5 5 5 5 7 8 8 11 12 12 9 9 12 13 13 9 9 9 9 9 9 13 13 16 14 14 13 13 17 9 9 13 14 14 29 29 17 20 20 19
 10 10 6 3 3 3 2 2 5 5 7 11 11 12 14 14 15 15 12 13 13 13 12 12 13 13 13 13 13 19 17 17 13 13 13 13 13 16 20 20 25 25 26 26 26 34
 10 10 6 3 3 3 2 2 5 5 7 11 11 12 14 14 15 15 12 13 13 13 12 12 13 13 13 13 13 19 17 17 13 13 13 13 13 16 20 20 25 25 26 26 26 34
 10 10 11 3 3 3 2 2 4 4 4 5 5 7 12 12 11 11 13 14 14 13 11 11 12 12 10 9 9 11 13 13 10 10 10 9 9 12 13 13 15 15 28 19 19 17
 10 10 11 3 3 3 2 2 4 4 4 5 5 7 12 12 11 11 13 14 14 13 11 11 12 12 10 9 9 11 13 13 10 10 10 9 9 12 13 13 15 15 28 19 19 17
 11 11 11 11 11 3 2 2 2 2 2 3 3 7 12 12 13 13 12 9 9 11 10 10 12 12 10 8 8 9 11 11 15 15 13 7 7 11 17 17 14 14 27 26 26 20
 13 13 14 12 12 2 2 2 2 2 2 2 2 3 7 7 8 8 6 6 6 11 9 9 10 10 11 14 14 12 9 9 13 13 9 14 14 13 14 14 10 10 38 43 43 20
 13 13 14 12 12 2 2 2 2 2 2 2 2 3 7 7 8 8 6 6 6 11 9 9 10 10 11 14 14 12 9 9 13 13 9 14 14 13 14 14 10 10 38 43 43 20
 25 25 21 17 17 10 2 2 2 2 2 2 2 3 3 3 5 5 3 3 3 4 5 5 7 7 12 12 12 12 9 9 14 14 12 11 11 10 11 11 14 14 14 38 38 22
 29 29 22 18 18 13 3 3 2 2 2 2 2 2 4 4 6 6 5 2 2 3 3 3 3 3 8 9 9 9 10 10 8 8 7 8 8 10 11 11 12 12 13 17 17 20
 29 29 22 18 18 13 3 3 2 2 2 2 2 2 4 4 6 6 5 2 2 3 3 3 3 3 8 9 9 9 10 10 8 8 7 8 8 10 11 11 12 12 13 17 17 20
 25 25 24 23 23 16 16 16 4 4 2 2 2 3 4 4 5 5 5 3 3 3 3 3 3 3 7 8 8 5 5 5 6 6 6 7 7 8 9 9 10 10 9 10 10 17
 25 25 24 23 23 16 16 16 4 4 2 2 2 3 4 4 5 5 5 3 3 3 3 3 3 3 7 8 8 5 5 5 6 6 6 7 7 8 9 9 10 10 9 10 10 17
 24 24 25 24 24 20 15 15 10 10 6 5 5 3 6 6 6 6 6 4 4 3 4 4 5 5 6 4 4 4 4 4 5 5 4 5 5 5 7 7 10 10 9 8 8 7
 27 27 25 29 29 25 25 25 17 17 10 9 9 5 5 5 3 3 5 5 5 4 4 4 4 4 4 3 3 6 5 5 6 6 4 4 4 5 5 5 10 10 9 9 9 8
 27 27 25 29 29 25 25 25 17 17 10 9 9 5 5 5 3 3 5 5 5 4 4 4 4 4 4 3 3 6 5 5 6 6 4 4 4 5 5 5 10 10 9 9 9 8
 27 27 31 39 39 33 27 27 19 19 12 12 12 6 3 3 4 4 5 5 5 2 2 2 2 2 5 7 7 6 5 5 5 5 10 11 11 9 6 6 8 8 9 11 11 13
 35 35 35 43 43 32 29 29 28 28 30 18 18 4 6 6 4 4 4 6 6 3 2 2 2 2 6 9 9 11 14 14 14 14 9 9 9 6 22 22 23 23 24 17 17 21
 35 35 35 43 43 32 29 29 28 28 30 18 18 4 6 6 4 4 4 6 6 3 2 2 2 2 6 9 9 11 14 14 14 14 9 9 9 6 22 22 23 23 24 17 17 21
 35 35 35 35 35 34 40 40 43 43 39 25 25 5 4 4 4 4 4 6 6 6 4 4 5 5 7 8 8 10 9 9 15 15 22 23 23 24 25 25 26 26 33 34 34 28
 35 35 35 35 35 34 40 40 43 43 39 25 25 5 4 4 4 4 4 6 6 6 4 4 5 5 7 8 8 10 9 9 15 15 22 23 23 24 25 25 26 26 33 34 34 28
 26 26 32 36 36 38 41 41 33 33 34 34 34 15 8 8 6 6 4 5 5 6 5 5 4 4 3 6 6 9 10 10 16 16 21 28 28 29 38 38 37 37 45 34 34 30
 33 33 36 37 37 42 55 55 48 48 50 41 41 32 8 8 7 7 3 3 3 7 7 7 6 6 6 8 8 6 12 12 22 22 23 33 33 29 40 40 43 43 56 60 60 30
 33 33 36 37 37 42 55 55 48 48 50 41 41 32 8 8 7 7 3 3 3 7 7 7 6 6 6 8 8 6 12 12 22 22 23 33 33 29 40 40 43 43 56 60 60 30
 27 27 36 34 34 30 40 40 44 44 60 58 58 33 12 12 5 5 4 5 5 7 7 7 6 6 6 6 6 6 11 11 10 10 20 33 33 44 49 49 44 44 63 57 57 48
 17 17 24 31 31 33 48 48 53 53 54 53 53 25 21 21 13 13 4 3 3 6 8 8 8 8 6 7 7 9 13 13 15 15 26 36 36 44 35 35 50 50 53 65 65 50
 17 17 24 31 31 33 48 48 53 53 54 53 53 25 21 21 13 13 4 3 3 6 8 8 8 8 6 7 7 9 13 13 15 15 26 36 36 44 35 35 50 50 53 65 65 50
 15 15 24 27 27 31 48 48 42 42 44 41 41 48 24 24 21 21 5 5 5 10 9 9 12 12 8 10 10 12 19 19 19 19 20 28 28 36 35 35 46 46 44 44 44 43
 15 15 24 27 27 31 48 48 42 42 44 41 41 48 24 24 21 21 5 5 5 10 9 9 12 12 8 10 10 12 19 19 19 19 20 28 28 36 35 35 46 46 44 44 44 43
 18 18 20 22 22 29 37 37 44 44 47 44 44 50 35 35 19 19 11 11 11 12 12 12 13 13 8 10 10 11 19 19 22 22 28 21 21 27 30 30 35 35 38 45 45 43
 22 22 24 21 21 24 34 34 34 34 42 39 39 42 33 33 22 22 14 14 14 12 11 11 12 12 11 8 8 8 17 17 18 18 25 20 20 25 30 30 40 40 46 50 50 39
 22 22 24 21 21 24 34 34 34 34 42 39 39 42 33 33 22 22 14 14 14 12 11 11 12 12 11 8 8 8 17 17 18 18 25 20 20 25 30 30 40 40 46 50 50 39
 22 22 26 28 28 30 36 36 37 37 37 27 27 27 20 20 18 18 14 14 14 15 9 9 15 15 16 10 10 12 18 18 17 17 25 25 25 27 30 30 38 38 47 47 47 40
 31 31 39 36 36 31 36 36 33 33 37 34 34 27 21 21 11 11 11 10 10 13 10 10 12 12 13 12 12 16 15 15 16 16 16 19 19 26 36 36 35 35 37 47 47 37
 31 31 39 36 36 31 36 36 33 33 37 34 34 27 21 21 11 11 11 10 10 13 10 10 12 12 13 12 12 16 15 15 16 16 16 19 19 26 36 36 35 35 37 47 47 37
 32 32 37 33 33 32 31 31 28 28 28 27 27 18 12 12 14 14 12 9 9 11 13 13 12 12 10 9 9 13 14 14 15 15 15 19 19 29 33 33 30 30 30 28 28 19
 32 32 37 33 33 32 31 31 28 28 28 27 27 18 12 12 14 14 12 9 9 11 13 13 12 12 10 9 9 13 14 14 15 15 15 19 19 29 33 33 30 30 30 28 28 19
 31 31 27 26 26 26 24 24 23 23 21 21 21 17 8 8 10 10 8 4 4 6 10 10 12 12 11 11 11 10 13 13 10 10 13 13 13 13 16 16 18 18 21 21 21 26
 18 18 17 19 19 25 22 22 17 17 15 15 15 12 11 11 11 11 7 2 2 3 10 10 10 10 10 9 9 5 8 8 6 6 10 10 10 15 12 12 11 11 14 10 10 10
 18 18 17 19 19 25 22 22 17 17 15 15 15 12 11 11 11 11 7 2 2 3 10 10 10 10 10 9 9 5 8 8 6 6 10 10 10 15 12 12 11 11 14 10 10 10
 17 17 12 13 13 11 14 14 13 13 11 12 12 13 11 11 11 11 8 5 5 2 7 7 7 7 11 8 8 4 8 8 6 6 7 8 8 6 5 5 6 6 8 3 3 2
 13 13 8 9 9 7 6 6 14 14 12 13 13 11 12 12 12 12 7 2 2 1 5 5 7 7 7 9 9 5 4 4 7 7 6 4 4 3 4 4 4 4 4 1 1 1
 13 13 8 9 9 7 6 6 14 14 12 13 13 11 12 12 12 12 7 2 2 1 5 5 7 7 7 9 9 5 4 4 7 7 6 4 4 3 4 4 4 4 4 1 1 1
 10 10 8 9 9 7 6 6 9 9 11 8 8 7 7 7 7 7 5 3 3 1 1 1 4 4 5 7 7 7 3 3 5 5 4 2 2 3 1 1 2 2 1 0 0 0
 10 10 8 9 9 7 6 6 9 9 11 8 8 7 7 7 7 7 5 3 3 1 1 1 4 4 5 7 7 7 3 3 5 5 4 2 2 3 1 1 2 2 1 0 0 0
 8 8 8 8 8 7 7 7 6 6 6 8 8 5 8 8 6 6 5 2 2 1 1 1 1 1 1 4 4 6 3 3 3 3 3 2 2 2 1 1 1 1 1 0 0 0
 7 7 7 8 8 6 8 8 6 6 5 4 4 5 6 6 8 8 5 1 1 1 1 1 1 1 1 3 3 3 3 3 3 3 1 0 0 0 1 1 1 1 0 0 0 0
 7 7 7 8 8 6 8 8 6 6 5 4 4 5 6 6 8 8 5 1 1 1 1 1 1 1 1 3 3 3 3 3 3 3 1 0 0 0 1 1 1 1 0 0 0 0
 4 4 5 4 4 5 5 5 5 5 5 4 4 4 6 6 7 7 6 2 2 1 1 1 1 1 1 2 2 1 3 3 3 3 1 0 0 0 0 0 0 0 0 0 0 0
 3 3 4 3 3 3 5 5 5 5 6 4 4 4 7 7 5 5 4 2 2 2 1 1 1 1 1 2 2 2 1 1 2 2 1 1 1 0 0 0 0 0 0 0 0 0
 3 3 4 3 3 3 5 5 5 5 6 4 4 4 7 7 5 5 4 2 2 2 1 1 1 1 1 2 2 2 1 1 2 2 1 1 1 0 0 0 0 0 0 0 0 0
 2 2 3 2 2 2 4 4 4 4 4 5 5 5 4 4 4 4 3 3 3 3 1 1 1 1 1 1 1 1 1 1 1 1 3 3 3 2 1 1 0 0 1 1 1 0
 2 2 3 2 2 2 4 4 4 4 4 5 5 5 4 4 4 4 3 3 3 3 1 1 1 1 1 1 1 1 1 1 1 1 3 3 3 2 1 1 0 0 1 1 1 0
 1 1 2 2 2 2 4 4 4 4 3 4 4 4 3 3 4 4 4 5 5 2 1 1 1 1 0 0 0 1 1 1 1 1 2 3 3 4 1 1 1 1 0 0 0 0
 1 1 1 1 1 1 3 3 3 3 3 4 4 4 4 4 4 4 5 5 5 2 1 1 1 1 0 0 0 1 0 0 0 0 0 2 2 4 1 1 0 0 0 0 0 0
 1 1 1 1 1 1 3 3 3 3 3 4 4 4 4 4 4 4 5 5 5 2 1 1 1 1 0 0 0 1 0 0 0 0 0 2 2 4 1 1 0 0 0 0 0 0
 1 1 1 1 1 1 2 2 3 3 2 3 3 3 3 3 3 3 3 3 3 2 1 1 1 1 0 0 0 0 0 0 0 0 0 0 0 0 1 1 1 1 0 0 0 0
 0 0 0 1 1 2 2 2 2 2 2 3 3 3 2 2 3 3 2 2 2 2 2 2 0 0 0 0 0 0 0 0 0 0 0 0 0 0 0 0 0 0 1 0 0 0
