assets/RAT_results/precipitation/2021-08-03_IMERG.asc
ncols        46
nrows        77
xllcorner    74.800261325624
yllcorner    8.058333333333
cellsize     0.062500000000
NODATA_value -9999
 10 10 9 11 11 15 15 15 28 28 21 26 26 39 46 46 34 34 24 6 6 5 2 2 2 2 1 1 1 0 1 1 1 1 1 1 1 1 1 1 1 1 1 1 1 0
 11 11 13 17 17 16 15 15 34 34 35 47 47 39 44 44 31 31 34 7 7 7 4 4 1 1 3 1 1 1 1 1 1 1 0 0 0 1 1 1 1 1 1 0 0 0
 11 11 13 17 17 16 15 15 34 34 35 47 47 39 44 44 31 31 34 7 7 7 4 4 1 1 3 1 1 1 1 1 1 1 0 0 0 1 1 1 1 1 1 0 0 0
 13 13 9 9 9 8 14 14 17 17 34 49 49 58 59 59 47 47 31 30 30 9 4 4 2 2 1 0 0 1 1 1 0 0 0 1 1 1 0 0 1 1 0 0 0 0
 7 7 10 12 12 7 6 6 16 16 27 34 34 56 40 40 28 28 18 11 11 5 2 2 1 1 1 0 0 0 0 0 0 0 0 0 0 1 0 0 0 0 0 0 0 0
 7 7 10 12 12 7 6 6 16 16 27 34 34 56 40 40 28 28 18 11 11 5 2 2 1 1 1 0 0 0 0 0 0 0 0 0 0 1 0 0 0 0 0 0 0 0
 13 13 16 22 22 14 12 12 7 7 25 31 31 23 33 33 30 30 11 6 6 1 1 1 0 0 1 0 0 0 0 0 0 0 0 0 0 0 0 0 0 0 0 0 0 0
 13 13 16 22 22 14 12 12 7 7 25 31 31 23 33 33 30 30 11 6 6 1 1 1 0 0 1 0 0 0 0 0 0 0 0 0 0 0 0 0 0 0 0 0 0 0
 19 19 32 27 27 29 26 26 8 8 11 8 8 9 12 12 9 9 6 6 6 0 0 0 0 0 0 0 0 0 0 0 0 0 0 0 0 0 0 0 0 0 0 0 0 0
 30 30 38 34 34 28 36 36 42 42 17 7 7 9 13 13 4 4 3 3 3 1 1 1 0 0 0 0 0 0 0 0 0 0 7 9 9 2 0 0 0 0 0 0 0 0
 30 30 38 34 34 28 36 36 42 42 17 7 7 9 13 13 4 4 3 3 3 1 1 1 0 0 0 0 0 0 0 0 0 0 7 9 9 2 0 0 0 0 0 0 0 0
 17 17 36 39 39 36 31 31 41 41 41 21 21 8 6 6 4 4 3 8 8 8 1 1 0 0 0 0 0 0 0 0 3 3 15 0 0 0 0 0 0 0 0 0 0 0
 12 12 19 23 23 26 22 22 13 13 15 21 21 13 7 7 5 5 4 3 3 4 4 4 1 1 2 0 0 2 0 0 0 0 1 0 0 0 0 0 0 0 0 0 0 0
 12 12 19 23 23 26 22 22 13 13 15 21 21 13 7 7 5 5 4 3 3 4 4 4 1 1 2 0 0 2 0 0 0 0 1 0 0 0 0 0 0 0 0 0 0 0
 10 10 22 27 27 35 29 29 14 14 12 18 18 8 3 3 11 11 5 8 8 5 1 1 1 1 0 0 0 1 0 0 0 0 0 0 0 0 0 0 0 0 0 0 0 0
 10 10 22 27 27 35 29 29 14 14 12 18 18 8 3 3 11 11 5 8 8 5 1 1 1 1 0 0 0 1 0 0 0 0 0 0 0 0 0 0 0 0 0 0 0 0
 29 29 47 51 51 45 15 15 14 14 11 3 3 2 15 15 12 12 10 5 5 7 2 2 1 1 0 0 0 1 1 1 0 0 0 0 0 0 0 0 0 0 0 0 0 0
 43 43 48 56 56 35 19 19 34 34 8 12 12 5 17 17 19 19 10 4 4 8 4 4 1 1 0 0 0 2 0 0 0 0 1 0 0 0 2 2 1 1 0 0 0 0
 43 43 48 56 56 35 19 19 34 34 8 12 12 5 17 17 19 19 10 4 4 8 4 4 1 1 0 0 0 2 0 0 0 0 1 0 0 0 2 2 1 1 0 0 0 0
 34 34 48 33 33 56 35 35 22 22 12 18 18 13 8 8 35 35 34 8 8 3 1 1 1 1 0 0 0 0 0 0 1 1 1 1 1 2 0 0 0 0 0 0 0 0
 90 90 82 62 62 50 32 32 17 17 13 15 15 16 15 15 9 9 13 8 8 5 3 3 1 1 1 1 1 0 0 0 0 0 1 1 1 1 0 0 1 1 0 0 0 0
 90 90 82 62 62 50 32 32 17 17 13 15 15 16 15 15 9 9 13 8 8 5 3 3 1 1 1 1 1 0 0 0 0 0 1 1 1 1 0 0 1 1 0 0 0 0
 76 76 65 46 46 44 38 38 33 33 13 13 13 7 12 12 14 14 19 20 20 9 10 10 0 0 0 1 1 3 4 4 0 0 3 1 1 1 0 0 0 0 0 0 0 0
 76 76 65 46 46 44 38 38 33 33 13 13 13 7 12 12 14 14 19 20 20 9 10 10 0 0 0 1 1 3 4 4 0 0 3 1 1 1 0 0 0 0 0 0 0 0
 53 53 47 38 38 25 34 34 10 10 12 18 18 13 16 16 17 17 26 22 22 13 7 7 12 12 5 1 1 1 1 1 0 0 1 1 1 0 0 0 0 0 0 0 0 0
 26 26 36 28 28 27 26 26 8 8 18 23 23 13 14 14 19 19 28 26 26 23 23 23 15 15 4 1 1 1 0 0 0 0 0 0 0 0 0 0 0 0 0 0 0 0
 26 26 36 28 28 27 26 26 8 8 18 23 23 13 14 14 19 19 28 26 26 23 23 23 15 15 4 1 1 1 0 0 0 0 0 0 0 0 0 0 0 0 0 0 0 0
 5 5 25 17 17 32 30 30 18 18 30 29 29 21 10 10 22 22 28 21 21 14 15 15 7 7 2 3 3 0 0 0 0 0 0 0 0 0 0 0 0 0 0 0 0 0
 2 2 17 19 19 30 31 31 20 20 27 18 18 17 9 9 14 14 14 8 8 6 7 7 6 6 1 1 1 0 0 0 0 0 0 0 0 0 0 0 0 0 0 0 0 0
 2 2 17 19 19 30 31 31 20 20 27 18 18 17 9 9 14 14 14 8 8 6 7 7 6 6 1 1 1 0 0 0 0 0 0 0 0 0 0 0 0 0 0 0 0 0
 2 2 2 8 8 9 8 8 16 16 15 5 5 13 3 3 7 7 7 8 8 6 0 0 1 1 0 0 0 0 0 0 0 0 0 0 0 0 0 0 0 0 0 0 0 0
 2 2 2 8 8 9 8 8 16 16 15 5 5 13 3 3 7 7 7 8 8 6 0 0 1 1 0 0 0 0 0 0 0 0 0 0 0 0 0 0 0 0 0 0 0 0
 1 1 3 13 13 12 10 10 5 5 6 3 3 3 3 3 8 8 7 2 2 6 14 14 15 15 2 0 0 2 3 3 0 0 0 0 0 0 0 0 0 0 0 0 0 0
 0 0 2 6 6 5 10 10 8 8 5 3 3 3 4 4 3 3 5 3 3 9 2 2 15 15 13 8 8 4 5 5 0 0 0 0 0 0 0 0 0 0 0 0 0 0
 0 0 2 6 6 5 10 10 8 8 5 3 3 3 4 4 3 3 5 3 3 9 2 2 15 15 13 8 8 4 5 5 0 0 0 0 0 0 0 0 0 0 0 0 0 0
 0 0 0 3 3 6 3 3 4 4 2 3 3 4 5 5 2 2 2 2 2 2 9 9 4 4 0 0 0 2 0 0 0 0 0 0 0 0 0 0 0 0 0 0 0 0
 0 0 0 4 4 1 2 2 3 3 0 3 3 3 4 4 1 1 0 2 2 3 3 3 0 0 0 0 0 0 0 0 0 0 0 0 0 0 0 0 0 0 0 0 0 0
 0 0 0 4 4 1 2 2 3 3 0 3 3 3 4 4 1 1 0 2 2 3 3 3 0 0 0 0 0 0 0 0 0 0 0 0 0 0 0 0 0 0 0 0 0 0
 0 0 0 0 0 0 2 2 2 2 1 4 4 3 3 3 4 4 2 4 4 4 2 2 0 0 0 0 0 0 0 0 0 0 0 0 0 0 0 0 0 0 0 0 0 0
 0 0 0 0 0 0 2 2 2 2 1 4 4 3 3 3 4 4 2 4 4 4 2 2 0 0 0 0 0 0 0 0 0 0 0 0 0 0 0 0 0 0 0 0 0 0
 0 0 1 1 1 0 1 1 6 6 2 7 7 8 4 4 4 4 0 1 1 2 3 3 0 0 0 1 1 0 0 0 0 0 0 0 0 0 0 0 0 0 0 0 0 0
 1 1 2 1 1 0 4 4 9 9 6 6 6 8 2 2 2 2 0 0 0 5 4 4 1 1 0 0 0 0 0 0 0 0 0 0 0 0 0 0 0 0 0 0 0 0
 1 1 2 1 1 0 4 4 9 9 6 6 6 8 2 2 2 2 0 0 0 5 4 4 1 1 0 0 0 0 0 0 0 0 0 0 0 0 0 0 0 0 0 0 0 0
 3 3 3 2 2 1 3 3 5 5 9 8 8 9 5 5 3 3 1 0 0 3 4 4 1 1 0 0 0 0 0 0 0 0 1 2 2 1 0 0 0 0 0 0 0 0
 10 10 10 4 4 1 2 2 2 2 8 7 7 8 6 6 5 5 9 2 2 2 2 2 4 4 0 0 0 1 1 1 1 1 1 1 1 1 1 1 0 0 0 0 0 0
 10 10 10 4 4 1 2 2 2 2 8 7 7 8 6 6 5 5 9 2 2 2 2 2 4 4 0 0 0 1 1 1 1 1 1 1 1 1 1 1 0 0 0 0 0 0
 13 13 17 3 3 2 2 2 2 2 7 6 6 7 5 5 4 4 10 8 8 8 1 1 2 2 1 0 0 0 1 1 0 0 0 0 0 0 0 0 0 0 0 0 0 0
 13 13 17 3 3 2 2 2 2 2 7 6 6 7 5 5 4 4 10 8 8 8 1 1 2 2 1 0 0 0 1 1 0 0 0 0 0 0 0 0 0 0 0 0 0 0
 9 9 13 10 10 3 2 2 2 2 4 5 5 3 2 2 3 3 9 14 14 2 9 9 2 2 1 0 0 1 1 1 0 0 0 0 0 0 0 0 0 0 0 0 0 0
 0 0 4 1 1 1 2 2 1 1 1 1 1 1 2 2 3 3 10 5 5 2 3 3 2 2 6 4 4 2 0 0 0 0 0 0 0 0 0 0 0 0 0 0 0 0
 0 0 4 1 1 1 2 2 1 1 1 1 1 1 2 2 3 3 10 5 5 2 3 3 2 2 6 4 4 2 0 0 0 0 0 0 0 0 0 0 0 0 0 0 0 0
 0 0 0 1 1 2 1 1 1 1 0 1 1 1 2 2 15 15 19 15 15 2 2 2 9 9 7 4 4 7 0 0 0 0 0 0 0 0 0 0 0 0 0 0 0 0
 0 0 0 0 0 0 0 0 1 1 0 0 0 0 5 5 10 10 8 8 8 0 1 1 2 2 5 2 2 7 0 0 0 0 1 0 0 0 0 0 0 0 0 0 0 0
 0 0 0 0 0 0 0 0 1 1 0 0 0 0 5 5 10 10 8 8 8 0 1 1 2 2 5 2 2 7 0 0 0 0 1 0 0 0 0 0 0 0 0 0 0 0
 1 1 0 0 0 0 0 0 0 0 0 0 0 0 0 0 3 3 3 2 2 0 1 1 3 3 6 3 3 1 0 0 0 0 0 0 0 0 1 1 1 1 0 0 0 0
 1 1 0 0 0 0 0 0 0 0 0 0 0 0 0 0 3 3 3 2 2 0 1 1 3 3 6 3 3 1 0 0 0 0 0 0 0 0 1 1 1 1 0 0 0 0
 5 5 0 0 0 0 0 0 0 0 0 0 0 0 0 0 0 0 1 1 1 3 1 1 2 2 3 2 2 0 0 0 0 0 0 0 0 0 0 0 0 0 0 0 0 0
 11 11 0 0 0 0 0 0 0 0 0 0 0 0 0 0 0 0 0 1 1 7 0 0 0 0 3 1 1 0 0 0 0 0 0 0 0 0 0 0 0 0 0 0 0 0
 11 11 0 0 0 0 0 0 0 0 0 0 0 0 0 0 0 0 0 1 1 7 0 0 0 0 3 1 1 0 0 0 0 0 0 0 0 0 0 0 0 0 0 0 0 0
 2 2 0 0 0 0 0 0 0 0 0 0 0 0 0 0 0 0 0 0 0 0 1 1 2 2 1 2 2 1 1 1 0 0 0 0 0 0 0 0 0 0 0 0 0 0
 2 2 0 0 0 0 0 0 0 0 1 0 0 0 0 0 0 0 0 0 0 0 0 0 0 0 0 1 1 0 0 0 0 0 0 0 0 0 0 0 0 0 0 0 0 0
 2 2 0 0 0 0 0 0 0 0 1 0 0 0 0 0 0 0 0 0 0 0 0 0 0 0 0 1 1 0 0 0 0 0 0 0 0 0 0 0 0 0 0 0 0 0
 2 2 0 0 0 0 0 0 0 0 0 0 0 0 0 0 0 0 1 3 3 0 0 0 0 0 0 1 1 1 0 0 0 0 0 0 0 0 0 0 0 0 0 0 0 0
 2 2 0 0 0 0 0 0 0 0 0 0 0 0 0 0 0 0 1 3 3 0 0 0 0 0 0 1 1 1 0 0 0 0 0 0 0 0 0 0 0 0 0 0 0 0
 2 2 1 0 0 0 0 0 0 0 0 0 0 0 0 0 0 0 0 0 0 0 1 1 0 0 0 0 0 2 1 1 0 0 0 0 0 0 0 0 1 1 1 0 0 0
 0 0 0 0 0 1 0 0 0 0 0 0 0 0 0 0 0 0 0 0 0 0 1 1 0 0 0 1 1 2 1 1 1 1 0 21 21 0 0 0 1 1 2 1 1 0
 0 0 0 0 0 1 0 0 0 0 0 0 0 0 0 0 0 0 0 0 0 0 1 1 0 0 0 1 1 2 1 1 1 1 0 21 21 0 0 0 1 1 2 1 1 0
 0 0 0 0 0 0 0 0 0 0 0 0 0 1 5 5 4 4 0 1 1 0 1 1 2 2 2 8 8 0 1 1 1 1 0 2 2 0 0 0 1 1 1 0 0 0
 0 0 0 0 0 0 0 0 0 0 0 3 3 8 14 14 6 6 1 1 1 1 1 1 0 0 0 0 0 0 0 0 1 1 0 0 0 0 0 0 0 0 1 1 1 0
 0 0 0 0 0 0 0 0 0 0 0 3 3 8 14 14 6 6 1 1 1 1 1 1 0 0 0 0 0 0 0 0 1 1 0 0 0 0 0 0 0 0 1 1 1 0
 0 0 0 0 0 0 0 0 0 0 0 0 0 3 3 3 1 1 1 1 1 1 0 0 0 0 0 0 0 6 0 0 1 1 1 0 0 0 0 0 0 0 0 1 1 0
 0 0 0 0 0 0 0 0 0 0 0 0 0 3 3 3 1 1 1 1 1 1 0 0 0 0 0 0 0 6 0 0 1 1 1 0 0 0 0 0 0 0 0 1 1 0
 0 0 0 0 0 0 1 1 0 0 0 1 1 2 1 1 1 1 1 1 1 0 1 1 0 0 0 0 0 1 0 0 0 0 2 2 2 16 0 0 0 0 0 0 0 0
 0 0 1 1 1 1 3 3 2 2 2 3 3 3 2 2 1 1 1 1 1 0 0 0 0 0 0 0 0 0 0 0 0 0 1 0 0 1 1 1 0 0 0 0 0 0
 0 0 1 1 1 1 3 3 2 2 2 3 3 3 2 2 1 1 1 1 1 0 0 0 0 0 0 0 0 0 0 0 0 0 1 0 0 1 1 1 0 0 0 0 0 0
 0 0 4 5 5 4 5 5 5 5 6 7 7 3 1 1 1 1 1 0 0 0 0 0 0 0 0 0 0 0 1 1 1 1 1 1 1 2 1 1 1 1 1 1 1 0
 0 0 2 4 4 3 3 3 6 6 7 8 8 3 1 1 1 1 1 0 0 0 0 0 0 0 0 0 0 1 1 1 1 1 0 0 0 1 1 1 1 1 1 0 0 0
