assets/RAT_results/precipitation/2021-07-18_IMERG.asc
ncols        46
nrows        77
xllcorner    74.800261325624
yllcorner    8.058333333333
cellsize     0.062500000000
NODATA_value -9999
 79 79 72 76 76 77 74 74 51 51 38 24 24 31 25 25 28 28 11 7 7 8 4 4 2 2 2 2 2 1 2 2 4 4 4 2 2 3 3 3 3 3 3 2 2 3
 76 76 61 69 69 53 49 49 52 52 35 23 23 20 15 15 18 18 16 9 9 7 4 4 4 4 5 2 2 5 2 2 3 3 2 2 2 3 4 4 4 4 2 2 2 2
 76 76 61 69 69 53 49 49 52 52 35 23 23 20 15 15 18 18 16 9 9 7 4 4 4 4 5 2 2 5 2 2 3 3 2 2 2 3 4 4 4 4 2 2 2 2
 66 66 57 68 68 65 65 65 48 48 40 36 36 19 31 31 17 17 18 27 27 24 27 27 4 4 11 7 7 5 4 4 5 5 3 3 3 4 4 4 3 3 2 1 1 2
 63 63 61 49 49 61 53 53 54 54 52 37 37 38 36 36 39 39 38 30 30 33 34 34 12 12 13 10 10 10 12 12 13 13 5 5 5 4 3 3 3 3 1 1 1 1
 63 63 61 49 49 61 53 53 54 54 52 37 37 38 36 36 39 39 38 30 30 33 34 34 12 12 13 10 10 10 12 12 13 13 5 5 5 4 3 3 3 3 1 1 1 1
 52 52 68 67 67 59 56 56 64 64 75 53 53 52 52 52 45 45 34 34 34 30 27 27 20 20 18 15 15 12 17 17 17 17 7 4 4 4 4 4 3 3 1 1 1 1
 52 52 68 67 67 59 56 56 64 64 75 53 53 52 52 52 45 45 34 34 34 30 27 27 20 20 18 15 15 12 17 17 17 17 7 4 4 4 4 4 3 3 1 1 1 1
 65 65 71 58 58 59 59 59 56 56 55 46 46 54 63 63 49 49 28 30 30 21 14 14 18 18 16 15 15 15 19 19 11 11 7 5 5 4 3 3 3 3 2 3 3 1
 67 67 64 52 52 52 54 54 50 50 53 59 59 58 47 47 43 43 22 33 33 23 16 16 13 13 8 12 12 17 16 16 11 11 8 4 4 5 3 3 2 2 5 4 4 2
 67 67 64 52 52 52 54 54 50 50 53 59 59 58 47 47 43 43 22 33 33 23 16 16 13 13 8 12 12 17 16 16 11 11 8 4 4 5 3 3 2 2 5 4 4 2
 48 48 62 58 58 48 54 54 50 50 40 56 56 47 31 31 43 43 19 33 33 33 18 18 15 15 7 19 19 17 14 14 10 10 8 4 4 3 2 2 3 3 1 3 3 2
 40 40 55 56 56 49 50 50 46 46 43 57 57 66 34 34 20 20 23 31 31 28 24 24 21 21 14 10 10 11 10 10 14 14 7 4 4 2 1 1 1 1 2 2 2 2
 40 40 55 56 56 49 50 50 46 46 43 57 57 66 34 34 20 20 23 31 31 28 24 24 21 21 14 10 10 11 10 10 14 14 7 4 4 2 1 1 1 1 2 2 2 2
 39 39 48 46 46 52 57 57 40 40 37 36 36 34 30 30 21 21 19 22 22 26 15 15 14 14 13 13 13 7 13 13 14 14 5 2 2 3 4 4 3 3 2 2 2 3
 39 39 48 46 46 52 57 57 40 40 37 36 36 34 30 30 21 21 19 22 22 26 15 15 14 14 13 13 13 7 13 13 14 14 5 2 2 3 4 4 3 3 2 2 2 3
 32 32 47 39 39 64 60 60 57 57 39 41 41 40 38 38 21 21 19 14 14 18 20 20 16 16 19 16 16 8 12 12 11 11 5 5 5 3 4 4 3 3 5 5 5 6
 29 29 40 38 38 42 60 60 58 58 41 36 36 34 29 29 25 25 23 25 25 24 24 24 23 23 23 21 21 16 8 8 12 12 9 6 6 10 8 8 8 8 8 6 6 6
 29 29 40 38 38 42 60 60 58 58 41 36 36 34 29 29 25 25 23 25 25 24 24 24 23 23 23 21 21 16 8 8 12 12 9 6 6 10 8 8 8 8 8 6 6 6
 20 20 26 36 36 49 58 58 56 56 43 40 40 32 31 31 32 32 30 29 29 35 33 33 26 26 30 21 21 19 10 10 12 12 9 8 8 12 10 10 8 8 8 7 7 6
 21 21 27 35 35 54 53 53 43 43 44 44 44 34 39 39 32 32 35 42 42 39 30 30 35 35 26 13 13 11 11 11 20 20 17 14 14 11 10 10 18 18 19 6 6 4
 21 21 27 35 35 54 53 53 43 43 44 44 44 34 39 39 32 32 35 42 42 39 30 30 35 35 26 13 13 11 11 11 20 20 17 14 14 11 10 10 18 18 19 6 6 4
 30 30 24 28 28 36 55 55 36 36 41 38 38 36 42 42 38 38 46 43 43 43 37 37 31 31 16 11 11 16 26 26 28 28 16 12 12 10 12 12 13 13 18 6 6 5
 30 30 24 28 28 36 55 55 36 36 41 38 38 36 42 42 38 38 46 43 43 43 37 37 31 31 16 11 11 16 26 26 28 28 16 12 12 10 12 12 13 13 18 6 6 5
 27 27 24 23 23 38 37 37 37 37 21 31 31 30 36 36 45 45 50 33 33 42 28 28 23 23 15 18 18 20 28 28 20 20 8 7 7 11 14 14 14 14 9 6 6 6
 18 18 12 12 12 29 31 31 35 35 14 23 23 36 37 37 34 34 28 20 20 39 22 22 19 19 16 16 16 22 12 12 8 8 8 9 9 10 14 14 16 16 18 7 7 7
 18 18 12 12 12 29 31 31 35 35 14 23 23 36 37 37 34 34 28 20 20 39 22 22 19 19 16 16 16 22 12 12 8 8 8 9 9 10 14 14 16 16 18 7 7 7
 8 8 5 5 5 22 34 34 29 29 14 13 13 33 28 28 26 26 27 14 14 21 21 21 14 14 16 12 12 11 8 8 7 7 12 20 20 18 16 16 17 17 33 30 30 12
 4 4 6 7 7 18 29 29 20 20 8 13 13 32 30 30 20 20 23 12 12 11 11 11 11 11 3 4 4 4 12 12 11 11 14 21 21 17 18 18 20 20 24 16 16 20
 4 4 6 7 7 18 29 29 20 20 8 13 13 32 30 30 20 20 23 12 12 11 11 11 11 11 3 4 4 4 12 12 11 11 14 21 21 17 18 18 20 20 24 16 16 20
 3 3 4 8 8 15 10 10 20 20 12 11 11 18 31 31 22 22 22 6 6 3 4 4 7 7 3 4 4 4 12 12 10 10 14 15 15 28 32 32 44 44 17 11 11 7
 3 3 4 8 8 15 10 10 20 20 12 11 11 18 31 31 22 22 22 6 6 3 4 4 7 7 3 4 4 4 12 12 10 10 14 15 15 28 32 32 44 44 17 11 11 7
 3 3 3 5 5 3 3 3 10 10 15 10 10 12 27 27 24 24 20 9 9 4 4 4 5 5 6 10 10 11 11 11 18 18 16 10 10 26 26 26 33 33 34 13 13 10
 3 3 2 2 2 3 2 2 5 5 8 7 7 14 25 25 27 27 23 10 10 4 4 4 5 5 18 12 12 10 15 15 13 13 10 4 4 16 18 18 25 25 26 8 8 10
 3 3 2 2 2 3 2 2 5 5 8 7 7 14 25 25 27 27 23 10 10 4 4 4 5 5 18 12 12 10 15 15 13 13 10 4 4 16 18 18 25 25 26 8 8 10
 2 2 2 2 2 5 2 2 4 4 9 6 6 10 26 26 36 36 26 9 9 5 6 6 7 7 9 16 16 17 4 4 12 12 7 1 1 3 4 4 25 25 24 14 14 6
 10 10 11 4 4 6 5 5 7 7 7 6 6 11 26 26 32 32 22 10 10 8 8 8 6 6 3 13 13 24 3 3 4 4 8 4 4 5 8 8 6 6 8 7 7 2
 10 10 11 4 4 6 5 5 7 7 7 6 6 11 26 26 32 32 22 10 10 8 8 8 6 6 3 13 13 24 3 3 4 4 8 4 4 5 8 8 6 6 8 7 7 2
 7 7 10 4 4 4 5 5 9 9 13 10 10 10 12 12 19 19 22 7 7 8 14 14 4 4 3 8 8 14 3 3 3 3 4 5 5 3 6 6 5 5 3 1 1 0
 7 7 10 4 4 4 5 5 9 9 13 10 10 10 12 12 19 19 22 7 7 8 14 14 4 4 3 8 8 14 3 3 3 3 4 5 5 3 6 6 5 5 3 1 1 0
 7 7 1 1 1 2 9 9 15 15 13 10 10 10 12 12 13 13 13 19 19 12 9 9 3 3 3 4 4 5 6 6 8 8 6 4 4 4 7 7 7 7 1 1 1 1
 2 2 1 1 1 3 8 8 15 15 14 8 8 9 10 10 12 12 18 7 7 7 10 10 6 6 7 12 12 5 4 4 5 5 5 4 4 9 10 10 7 7 5 2 2 1
 2 2 1 1 1 3 8 8 15 15 14 8 8 9 10 10 12 12 18 7 7 7 10 10 6 6 7 12 12 5 4 4 5 5 5 4 4 9 10 10 7 7 5 2 2 1
 1 1 1 2 2 5 10 10 11 11 13 12 12 17 17 17 19 19 5 5 5 6 10 10 11 11 3 6 6 5 5 5 3 3 6 7 7 8 9 9 8 8 5 5 5 3
 1 1 1 2 2 4 3 3 6 6 2 6 6 13 23 23 9 9 11 1 1 7 10 10 14 14 8 5 5 6 7 7 4 4 9 9 9 9 7 7 8 8 8 6 6 4
 1 1 1 2 2 4 3 3 6 6 2 6 6 13 23 23 9 9 11 1 1 7 10 10 14 14 8 5 5 6 7 7 4 4 9 9 9 9 7 7 8 8 8 6 6 4
 1 1 2 2 2 3 3 3 6 6 2 8 8 10 14 14 5 5 6 2 2 6 7 7 9 9 4 4 4 4 4 4 5 5 7 9 9 6 6 6 10 10 9 6 6 4
 1 1 2 2 2 3 3 3 6 6 2 8 8 10 14 14 5 5 6 2 2 6 7 7 9 9 4 4 4 4 4 4 5 5 7 9 9 6 6 6 10 10 9 6 6 4
 1 1 2 2 2 2 1 1 3 3 3 6 6 13 3 3 3 3 6 4 4 8 7 7 9 9 7 5 5 6 5 5 6 6 9 9 9 9 7 7 15 15 15 11 11 3
 2 2 2 2 2 1 1 1 3 3 2 3 3 8 3 3 2 2 4 6 6 6 3 3 6 6 7 3 3 6 5 5 9 9 10 10 10 12 10 10 13 13 14 2 2 2
 2 2 2 2 2 1 1 1 3 3 2 3 3 8 3 3 2 2 4 6 6 6 3 3 6 6 7 3 3 6 5 5 9 9 10 10 10 12 10 10 13 13 14 2 2 2
 3 3 3 1 1 1 1 1 2 2 2 2 2 5 3 3 3 3 3 6 6 7 7 7 8 8 6 4 4 5 6 6 9 9 12 20 20 20 22 22 13 13 11 1 1 1
 1 1 1 0 0 0 1 1 1 1 0 1 1 2 2 2 5 5 5 7 7 8 6 6 9 9 6 8 8 9 13 13 39 39 25 18 18 22 15 15 13 13 3 1 1 1
 1 1 1 0 0 0 1 1 1 1 0 1 1 2 2 2 5 5 5 7 7 8 6 6 9 9 6 8 8 9 13 13 39 39 25 18 18 22 15 15 13 13 3 1 1 1
 1 1 0 0 0 0 0 0 0 0 0 1 1 2 2 2 3 3 5 5 5 3 5 5 5 5 8 9 9 8 8 8 24 24 25 27 27 26 7 7 7 7 3 1 1 1
 1 1 0 0 0 0 0 0 0 0 0 1 1 2 2 2 3 3 5 5 5 3 5 5 5 5 8 9 9 8 8 8 24 24 25 27 27 26 7 7 7 7 3 1 1 1
 0 0 1 0 0 0 0 0 0 0 0 2 2 4 1 1 2 2 2 3 3 2 3 3 6 6 7 8 8 9 21 21 22 22 23 17 17 16 8 8 7 7 4 2 2 1
 0 0 0 0 0 0 0 0 0 0 0 4 4 4 0 0 0 0 1 1 1 1 3 3 4 4 7 7 7 9 12 12 12 12 17 16 16 5 5 5 4 4 3 2 2 1
 0 0 0 0 0 0 0 0 0 0 0 4 4 4 0 0 0 0 1 1 1 1 3 3 4 4 7 7 7 9 12 12 12 12 17 16 16 5 5 5 4 4 3 2 2 1
 0 0 0 0 0 1 0 0 0 0 1 0 0 0 4 4 0 0 1 1 1 2 7 7 7 7 7 5 5 8 13 13 12 12 8 7 7 3 3 3 3 3 2 2 2 1
 0 0 0 0 0 1 0 0 0 0 0 0 0 0 1 1 1 1 1 3 3 1 1 1 6 6 7 6 6 5 4 4 3 3 3 2 2 3 2 2 2 2 2 1 1 2
 0 0 0 0 0 1 0 0 0 0 0 0 0 0 1 1 1 1 1 3 3 1 1 1 6 6 7 6 6 5 4 4 3 3 3 2 2 3 2 2 2 2 2 1 1 2
 0 0 0 0 0 0 0 0 0 0 0 0 0 0 0 0 1 1 2 3 3 1 0 0 2 2 5 5 5 4 4 4 3 3 2 1 1 1 1 1 1 1 2 2 2 1
 0 0 0 0 0 0 0 0 0 0 0 0 0 0 0 0 1 1 2 3 3 1 0 0 2 2 5 5 5 4 4 4 3 3 2 1 1 1 1 1 1 1 2 2 2 1
 0 0 0 0 0 0 0 0 0 0 0 0 0 0 1 1 1 1 2 1 1 1 0 0 1 1 6 4 4 5 4 4 3 3 2 1 1 1 1 1 3 3 5 3 3 1
 0 0 0 0 0 0 0 0 0 0 0 0 0 0 1 1 1 1 0 0 0 0 0 0 1 1 6 6 6 6 5 5 3 3 3 2 2 2 2 2 6 6 6 3 3 2
 0 0 0 0 0 0 0 0 0 0 0 0 0 0 1 1 1 1 0 0 0 0 0 0 1 1 6 6 6 6 5 5 3 3 3 2 2 2 2 2 6 6 6 3 3 2
 0 0 0 0 0 0 0 0 0 0 1 1 1 0 0 0 0 0 0 0 0 0 0 0 0 0 1 2 2 4 5 5 3 3 3 2 2 3 3 3 5 5 4 3 3 2
 0 0 0 0 0 0 0 0 0 0 2 1 1 0 0 0 0 0 1 0 0 0 0 0 0 0 0 1 1 3 2 2 3 3 3 2 2 3 5 5 5 5 3 3 3 3
 0 0 0 0 0 0 0 0 0 0 2 1 1 0 0 0 0 0 1 0 0 0 0 0 0 0 0 1 1 3 2 2 3 3 3 2 2 3 5 5 5 5 3 3 3 3
 0 0 0 0 0 0 0 0 0 0 1 0 0 0 0 0 1 1 1 1 1 0 0 0 1 1 1 1 1 1 2 2 2 2 3 3 3 3 3 3 3 3 3 5 5 3
 0 0 0 0 0 0 0 0 0 0 1 0 0 0 0 0 1 1 1 1 1 0 0 0 1 1 1 1 1 1 2 2 2 2 3 3 3 3 3 3 3 3 3 5 5 3
 0 0 0 0 0 0 2 2 1 1 0 0 0 1 1 1 1 1 1 0 0 1 3 3 1 1 1 1 1 1 2 2 2 2 3 4 4 3 2 2 3 3 3 4 4 3
 0 0 0 0 0 0 1 1 0 0 0 0 0 0 0 0 0 0 0 0 0 2 4 4 3 3 1 1 1 1 1 1 1 1 1 3 3 1 2 2 4 4 3 3 3 3
 0 0 0 0 0 0 1 1 0 0 0 0 0 0 0 0 0 0 0 0 0 2 4 4 3 3 1 1 1 1 1 1 1 1 1 3 3 1 2 2 4 4 3 3 3 3
 0 0 0 0 0 0 0 0 0 0 0 0 0 0 0 0 0 0 0 0 0 0 3 3 1 1 1 1 1 1 1 1 0 0 1 1 1 2 4 4 3 3 3 3 3 2
 0 0 0 0 0 0 0 0 0 0 0 0 0 0 0 0 0 0 0 0 0 1 3 3 1 1 1 1 1 1 0 0 0 0 0 0 0 2 3 3 2 2 3 2 2 2
