assets/RAT_results/precipitation/2021-10-03_IMERG.asc
ncols        46
nrows        77
xllcorner    74.800261325624
yllcorner    8.058333333333
cellsize     0.062500000000
NODATA_value -9999
 0 0 2 1 1 1 1 1 1 1 2 3 3 4 6 6 7 7 9 12 12 14 15 15 18 18 21 21 21 18 17 17 18 18 20 10 10 8 6 6 8 8 17 6 6 3
 5 5 1 1 1 1 1 1 1 1 1 1 1 5 6 6 8 8 7 11 11 8 11 11 12 12 14 15 15 18 17 17 17 17 16 8 8 9 5 5 5 5 3 4 4 2
 5 5 1 1 1 1 1 1 1 1 1 1 1 5 6 6 8 8 7 11 11 8 11 11 12 12 14 15 15 18 17 17 17 17 16 8 8 9 5 5 5 5 3 4 4 2
 5 5 2 2 2 2 1 1 0 0 0 1 1 2 4 4 6 6 6 7 7 4 9 9 12 12 12 12 12 13 10 10 10 10 3 4 4 4 3 3 2 2 1 2 2 5
 4 4 4 3 3 3 1 1 1 1 1 1 1 1 4 4 3 3 5 7 7 5 5 5 7 7 5 5 5 3 3 3 9 9 1 3 3 3 1 1 1 1 1 1 1 15
 4 4 4 3 3 3 1 1 1 1 1 1 1 1 4 4 3 3 5 7 7 5 5 5 7 7 5 5 5 3 3 3 9 9 1 3 3 3 1 1 1 1 1 1 1 15
 5 5 3 4 4 4 5 5 2 2 2 2 2 2 2 2 5 5 4 1 1 1 1 1 2 2 4 5 5 3 3 3 3 3 1 1 1 1 1 1 1 1 0 0 0 13
 5 5 3 4 4 4 5 5 2 2 2 2 2 2 2 2 5 5 4 1 1 1 1 1 2 2 4 5 5 3 3 3 3 3 1 1 1 1 1 1 1 1 0 0 0 13
 8 8 6 7 7 7 5 5 4 4 4 9 9 12 7 7 6 6 5 2 2 3 4 4 1 1 1 1 1 1 1 1 1 1 0 1 1 1 0 0 0 0 0 0 0 1
 6 6 8 20 20 22 18 18 26 26 21 13 13 9 7 7 14 14 4 3 3 3 0 0 0 0 0 0 0 0 0 0 0 0 0 0 0 0 0 0 0 0 0 0 0 0
 6 6 8 20 20 22 18 18 26 26 21 13 13 9 7 7 14 14 4 3 3 3 0 0 0 0 0 0 0 0 0 0 0 0 0 0 0 0 0 0 0 0 0 0 0 0
 4 4 10 26 26 22 19 19 22 22 28 59 59 57 13 13 13 13 6 4 4 7 2 2 0 0 0 0 0 0 0 0 0 0 0 0 0 0 0 0 1 1 0 0 0 0
 4 4 7 13 13 31 22 22 23 23 28 9 9 9 40 40 40 40 28 29 29 16 2 2 3 3 4 4 4 1 0 0 0 0 0 0 0 0 0 0 1 1 1 1 1 1
 4 4 7 13 13 31 22 22 23 23 28 9 9 9 40 40 40 40 28 29 29 16 2 2 3 3 4 4 4 1 0 0 0 0 0 0 0 0 0 0 1 1 1 1 1 1
 4 4 9 14 14 23 18 18 22 22 12 8 8 9 40 40 40 40 28 41 41 3 2 2 5 5 11 7 7 1 0 0 2 2 0 0 0 0 0 0 1 1 1 1 1 1
 4 4 9 14 14 23 18 18 22 22 12 8 8 9 40 40 40 40 28 41 41 3 2 2 5 5 11 7 7 1 0 0 2 2 0 0 0 0 0 0 1 1 1 1 1 1
 4 4 5 12 12 21 22 22 23 23 17 8 8 6 3 3 41 41 41 41 41 4 4 4 1 1 1 0 0 0 0 0 2 2 3 0 0 1 1 1 1 1 2 3 3 2
 4 4 4 9 9 9 11 11 18 18 17 11 11 8 5 5 10 10 10 22 22 3 3 3 1 1 5 1 1 1 1 1 2 2 3 1 1 2 5 5 3 3 4 5 5 3
 4 4 4 9 9 9 11 11 18 18 17 11 11 8 5 5 10 10 10 22 22 3 3 3 1 1 5 1 1 1 1 1 2 2 3 1 1 2 5 5 3 3 4 5 5 3
 2 2 3 5 5 6 7 7 10 10 9 11 11 8 7 7 10 10 10 22 22 5 6 6 5 5 5 1 1 1 1 1 2 2 2 2 2 2 5 5 4 4 3 4 4 4
 10 10 8 1 1 2 2 2 8 8 10 13 13 5 4 4 4 4 5 8 8 10 4 4 2 2 1 1 1 1 1 1 2 2 2 2 2 2 2 2 3 3 3 4 4 3
 10 10 8 1 1 2 2 2 8 8 10 13 13 5 4 4 4 4 5 8 8 10 4 4 2 2 1 1 1 1 1 1 2 2 2 2 2 2 2 2 3 3 3 4 4 3
 10 10 2 1 1 1 1 1 2 2 4 4 4 7 6 6 2 2 2 3 3 7 11 11 11 11 1 1 1 1 1 1 1 1 1 2 2 2 2 2 2 2 3 4 4 2
 10 10 2 1 1 1 1 1 2 2 4 4 4 7 6 6 2 2 2 3 3 7 11 11 11 11 1 1 1 1 1 1 1 1 1 2 2 2 2 2 2 2 3 4 4 2
 28 28 17 16 16 1 1 1 1 1 3 4 4 3 5 5 1 1 1 1 1 5 10 10 0 0 0 1 1 1 1 1 0 0 1 1 1 1 1 1 1 1 2 2 2 1
 27 27 28 18 18 5 1 1 1 1 1 3 3 4 1 1 1 1 0 0 0 0 0 0 0 0 1 2 2 2 1 1 0 0 0 0 0 1 1 1 1 1 1 1 1 1
 27 27 28 18 18 5 1 1 1 1 1 3 3 4 1 1 1 1 0 0 0 0 0 0 0 0 1 2 2 2 1 1 0 0 0 0 0 1 1 1 1 1 1 1 1 1
 27 27 32 32 32 8 2 2 2 2 1 2 2 2 1 1 2 2 1 0 0 0 0 0 1 1 2 2 2 2 2 2 0 0 0 0 0 1 1 1 1 1 1 0 0 0
 24 24 24 23 23 7 6 6 1 1 1 1 1 2 2 2 2 2 2 1 1 0 0 0 2 2 4 3 3 3 2 2 0 0 1 1 1 1 1 1 1 1 1 0 0 0
 24 24 24 23 23 7 6 6 1 1 1 1 1 2 2 2 2 2 2 1 1 0 0 0 2 2 4 3 3 3 2 2 0 0 1 1 1 1 1 1 1 1 1 0 0 0
 8 8 24 7 7 7 7 7 7 7 1 1 1 1 3 3 4 4 4 2 2 1 2 2 3 3 4 1 1 1 0 0 0 0 0 0 0 0 0 0 1 1 1 1 1 0
 8 8 24 7 7 7 7 7 7 7 1 1 1 1 3 3 4 4 4 2 2 1 2 2 3 3 4 1 1 1 0 0 0 0 0 0 0 0 0 0 1 1 1 1 1 0
 9 9 9 7 7 11 7 7 4 4 5 1 1 2 6 6 6 6 7 3 3 3 5 5 6 6 2 1 1 1 2 2 3 3 0 0 0 5 2 2 1 1 2 1 1 3
 12 12 20 8 8 13 10 10 6 6 1 2 2 3 13 13 16 16 13 7 7 5 6 6 7 7 4 6 6 5 6 6 9 9 6 5 5 5 2 2 1 1 2 3 3 6
 12 12 20 8 8 13 10 10 6 6 1 2 2 3 13 13 16 16 13 7 7 5 6 6 7 7 4 6 6 5 6 6 9 9 6 5 5 5 2 2 1 1 2 3 3 6
 22 22 20 14 14 15 17 17 8 8 5 5 5 4 13 13 16 16 15 19 19 13 10 10 7 7 5 4 4 6 4 4 4 4 6 10 10 10 2 2 3 3 3 5 5 8
 30 30 22 20 20 32 20 20 9 9 12 4 4 4 5 5 25 25 21 19 19 14 14 14 7 7 25 26 26 26 16 16 16 16 6 10 10 11 3 3 2 2 6 16 16 13
 30 30 22 20 20 32 20 20 9 9 12 4 4 4 5 5 25 25 21 19 19 14 14 14 7 7 25 26 26 26 16 16 16 16 6 10 10 11 3 3 2 2 6 16 16 13
 28 28 21 38 38 24 22 22 15 15 18 5 5 6 5 5 11 11 10 19 19 14 15 15 10 10 30 26 26 27 20 20 16 16 4 5 5 3 4 4 5 5 10 16 16 14
 28 28 21 38 38 24 22 22 15 15 18 5 5 6 5 5 11 11 10 19 19 14 15 15 10 10 30 26 26 27 20 20 16 16 4 5 5 3 4 4 5 5 10 16 16 14
 36 36 28 26 26 29 19 19 25 25 23 5 5 5 6 6 8 8 10 19 19 21 15 15 50 50 31 34 34 26 26 26 22 22 12 10 10 11 10 10 10 10 7 14 14 12
 32 32 36 33 33 28 21 21 27 27 17 8 8 8 9 9 7 7 14 30 30 23 18 18 24 24 42 47 47 50 31 31 34 34 23 32 32 19 11 11 14 14 36 27 27 16
 32 32 36 33 33 28 21 21 27 27 17 8 8 8 9 9 7 7 14 30 30 23 18 18 24 24 42 47 47 50 31 31 34 34 23 32 32 19 11 11 14 14 36 27 27 16
 47 47 58 86 86 35 22 22 27 27 19 14 14 12 9 9 6 6 13 25 25 22 20 20 21 21 25 41 41 66 50 50 38 38 30 37 37 26 22 22 36 36 35 30 30 21
 65 65 70 64 64 39 23 23 24 24 17 17 17 8 8 8 9 9 16 24 24 18 24 24 31 31 27 53 53 46 26 26 21 21 23 36 36 26 38 38 27 27 26 19 19 14
 65 65 70 64 64 39 23 23 24 24 17 17 17 8 8 8 9 9 16 24 24 18 24 24 31 31 27 53 53 46 26 26 21 21 23 36 36 26 38 38 27 27 26 19 19 14
 50 50 65 36 36 21 28 28 29 29 15 14 14 12 7 7 7 7 12 9 9 25 21 21 29 29 39 44 44 76 66 66 53 53 47 49 49 41 43 43 50 50 27 37 37 37
 50 50 65 36 36 21 28 28 29 29 15 14 14 12 7 7 7 7 12 9 9 25 21 21 29 29 39 44 44 76 66 66 53 53 47 49 49 41 43 43 50 50 27 37 37 37
 39 39 52 38 38 19 26 26 22 22 15 12 12 12 12 12 7 7 9 11 11 28 22 22 32 32 31 27 27 49 78 78 45 45 51 49 49 45 55 55 50 50 37 33 33 33
 67 67 22 28 28 14 17 17 16 16 15 12 12 11 11 11 7 7 7 13 13 27 19 19 20 20 21 20 20 48 36 36 36 36 39 40 40 45 22 22 55 55 43 44 44 21
 67 67 22 28 28 14 17 17 16 16 15 12 12 11 11 11 7 7 7 13 13 27 19 19 20 20 21 20 20 48 36 36 36 36 39 40 40 45 22 22 55 55 43 44 44 21
 10 10 11 12 12 13 14 14 13 13 14 14 14 13 14 14 6 6 5 9 9 23 21 21 16 16 16 16 16 20 28 28 32 32 34 33 33 35 22 22 54 54 46 47 47 22
 7 7 7 6 6 10 11 11 13 13 14 17 17 16 14 14 13 13 8 11 11 15 18 18 16 16 15 17 17 20 35 35 47 47 37 33 33 36 35 35 34 34 23 27 27 19
 7 7 7 6 6 10 11 11 13 13 14 17 17 16 14 14 13 13 8 11 11 15 18 18 16 16 15 17 17 20 35 35 47 47 37 33 33 36 35 35 34 34 23 27 27 19
 10 10 9 10 10 11 9 9 11 11 10 14 14 14 11 11 13 13 12 12 12 15 19 19 15 15 16 13 13 12 25 25 34 34 31 30 30 33 28 28 30 30 28 27 27 6
 10 10 9 10 10 11 9 9 11 11 10 14 14 14 11 11 13 13 12 12 12 15 19 19 15 15 16 13 13 12 25 25 34 34 31 30 30 33 28 28 30 30 28 27 27 6
 16 16 8 9 9 10 11 11 7 7 9 12 12 15 14 14 15 15 14 14 14 12 15 15 13 13 12 13 13 14 35 35 28 28 21 25 25 29 36 36 34 34 25 24 24 3
 15 15 16 17 17 16 7 7 7 7 7 13 13 23 16 16 13 13 10 9 9 10 10 10 8 8 10 9 9 8 15 15 15 15 16 12 12 18 27 27 32 32 21 8 8 6
 15 15 16 17 17 16 7 7 7 7 7 13 13 23 16 16 13 13 10 9 9 10 10 10 8 8 10 9 9 8 15 15 15 15 16 12 12 18 27 27 32 32 21 8 8 6
 6 6 6 18 18 18 8 8 8 8 12 16 16 16 12 12 9 9 8 7 7 5 5 5 5 5 7 7 7 6 8 8 26 26 50 15 15 18 25 25 41 41 37 17 17 6
 7 7 8 5 5 6 6 6 7 7 9 9 9 10 9 9 12 12 7 5 5 4 3 3 8 8 4 6 6 9 10 10 18 18 25 12 12 13 11 11 28 28 26 23 23 19
 7 7 8 5 5 6 6 6 7 7 9 9 9 10 9 9 12 12 7 5 5 4 3 3 8 8 4 6 6 9 10 10 18 18 25 12 12 13 11 11 28 28 26 23 23 19
 8 8 7 5 5 5 5 5 6 6 6 5 5 8 8 8 7 7 4 3 3 2 2 2 8 8 4 5 5 7 4 4 4 4 8 9 9 9 17 17 18 18 22 22 22 10
 8 8 7 5 5 5 5 5 6 6 6 5 5 8 8 8 7 7 4 3 3 2 2 2 8 8 4 5 5 7 4 4 4 4 8 9 9 9 17 17 18 18 22 22 22 10
 7 7 7 6 6 6 5 5 4 4 3 4 4 6 5 5 4 4 2 2 2 2 2 2 7 7 5 2 2 5 4 4 4 4 4 5 5 10 16 16 12 12 7 5 5 4
 7 7 6 6 6 5 5 5 4 4 2 2 2 3 1 1 2 2 2 2 2 2 2 2 3 3 8 7 7 9 6 6 4 4 3 4 4 5 8 8 8 8 5 2 2 2
 7 7 6 6 6 5 5 5 4 4 2 2 2 3 1 1 2 2 2 2 2 2 2 2 3 3 8 7 7 9 6 6 4 4 3 4 4 5 8 8 8 8 5 2 2 2
 8 8 7 5 5 5 3 3 4 4 2 1 1 1 1 1 1 1 1 2 2 2 3 3 3 3 4 4 4 7 8 8 7 7 7 6 6 6 11 11 7 7 8 3 3 2
 6 6 5 6 6 4 2 2 3 3 2 1 1 1 1 1 1 1 1 2 2 2 2 2 2 2 3 3 3 6 6 6 10 10 7 7 7 6 6 6 4 4 3 2 2 1
 6 6 5 6 6 4 2 2 3 3 2 1 1 1 1 1 1 1 1 2 2 2 2 2 2 2 3 3 3 6 6 6 10 10 7 7 7 6 6 6 4 4 3 2 2 1
 5 5 4 3 3 3 2 2 2 2 2 1 1 1 1 1 1 1 1 1 1 1 2 2 2 2 2 2 2 3 3 3 5 5 6 6 6 3 3 3 3 3 2 1 1 1
 5 5 4 3 3 3 2 2 2 2 2 1 1 1 1 1 1 1 1 1 1 1 2 2 2 2 2 2 2 3 3 3 5 5 6 6 6 3 3 3 3 3 2 1 1 1
 5 5 3 3 3 2 2 2 1 1 1 1 1 1 1 1 1 1 1 1 1 1 2 2 3 3 3 2 2 2 2 2 3 3 5 4 4 3 2 2 1 1 1 0 0 0
 3 3 3 3 3 2 2 2 1 1 1 0 0 1 0 0 0 0 0 1 1 1 1 1 1 1 1 1 1 1 1 1 2 2 2 1 1 2 1 1 1 1 0 0 0 0
 3 3 3 3 3 2 2 2 1 1 1 0 0 1 0 0 0 0 0 1 1 1 1 1 1 1 1 1 1 1 1 1 2 2 2 1 1 2 1 1 1 1 0 0 0 0
 3 3 2 2 2 3 2 2 1 1 1 0 0 0 0 0 0 0 0 0 0 0 0 0 0 0 0 0 0 0 0 0 1 1 1 1 1 0 1 1 1 1 1 1 1 1
 2 2 2 3 3 3 2 2 1 1 1 0 0 0 0 0 0 0 0 0 0 0 0 0 0 0 0 0 0 0 0 0 0 0 0 0 0 1 0 0 0 0 1 0 0 0
