assets/RAT_results/precipitation/2021-11-01_IMERG.asc
ncols        46
nrows        77
xllcorner    74.800261325624
yllcorner    8.058333333333
cellsize     0.062500000000
NODATA_value -9999
 24 24 25 28 28 41 26 26 21 21 24 18 18 12 11 11 11 11 8 10 10 20 16 16 13 13 12 18 18 4 1 1 5 5 2 2 2 3 3 3 2 2 1 2 2 4
 24 24 26 24 24 23 29 29 21 21 23 18 18 10 9 9 5 5 7 9 9 10 16 16 16 16 16 12 12 6 1 1 2 2 1 1 1 2 4 4 2 2 3 3 3 4
 24 24 26 24 24 23 29 29 21 21 23 18 18 10 9 9 5 5 7 9 9 10 16 16 16 16 16 12 12 6 1 1 2 2 1 1 1 2 4 4 2 2 3 3 3 4
 23 23 22 22 22 20 17 17 19 19 17 10 10 8 6 6 4 4 5 6 6 3 5 5 16 16 16 11 11 3 1 1 1 1 1 2 2 5 4 4 2 2 8 9 9 6
 13 13 21 19 19 21 19 19 19 19 18 11 11 5 3 3 2 2 1 3 3 8 9 9 2 2 12 9 9 10 7 7 3 3 2 6 6 9 7 7 7 7 9 13 13 12
 13 13 21 19 19 21 19 19 19 19 18 11 11 5 3 3 2 2 1 3 3 8 9 9 2 2 12 9 9 10 7 7 3 3 2 6 6 9 7 7 7 7 9 13 13 12
 8 8 15 14 14 18 20 20 21 21 17 13 13 4 5 5 2 2 1 2 2 5 4 4 1 1 7 8 8 10 7 7 3 3 5 5 5 9 14 14 14 14 17 15 15 17
 8 8 15 14 14 18 20 20 21 21 17 13 13 4 5 5 2 2 1 2 2 5 4 4 1 1 7 8 8 10 7 7 3 3 5 5 5 9 14 14 14 14 17 15 15 17
 8 8 10 16 16 24 23 23 18 18 15 12 12 12 10 10 3 3 3 5 5 5 0 0 1 1 1 6 6 11 6 6 7 7 9 11 11 13 17 17 18 18 29 27 27 23
 6 6 11 17 17 27 26 26 24 24 18 18 18 18 15 15 10 10 3 2 2 1 0 0 0 0 1 4 4 6 10 10 11 11 4 11 11 14 19 19 16 16 20 21 21 22
 6 6 11 17 17 27 26 26 24 24 18 18 18 18 15 15 10 10 3 2 2 1 0 0 0 0 1 4 4 6 10 10 11 11 4 11 11 14 19 19 16 16 20 21 21 22
 10 10 15 24 24 25 28 28 32 32 29 36 36 23 22 22 11 11 4 2 2 1 1 1 0 0 2 8 8 11 10 10 5 5 5 12 12 7 17 17 4 4 7 5 5 8
 11 11 18 19 19 25 29 29 33 33 29 25 25 40 18 18 6 6 3 3 3 2 2 2 1 1 13 19 19 19 17 17 6 6 3 4 4 6 7 7 4 4 6 3 3 4
 11 11 18 19 19 25 29 29 33 33 29 25 25 40 18 18 6 6 3 3 3 2 2 2 1 1 13 19 19 19 17 17 6 6 3 4 4 6 7 7 4 4 6 3 3 4
 19 19 31 23 23 40 30 30 36 36 41 32 32 29 29 29 16 16 7 6 6 5 4 4 14 14 8 5 5 10 15 15 6 6 2 3 3 4 4 4 6 6 6 3 3 7
 19 19 31 23 23 40 30 30 36 36 41 32 32 29 29 29 16 16 7 6 6 5 4 4 14 14 8 5 5 10 15 15 6 6 2 3 3 4 4 4 6 6 6 3 3 7
 26 26 32 45 45 52 30 30 39 39 38 26 26 27 23 23 14 14 9 12 12 15 5 5 8 8 14 7 7 10 19 19 8 8 3 3 3 3 2 2 3 3 2 2 2 10
 25 25 48 55 55 49 30 30 27 27 36 31 31 25 28 28 18 18 17 21 21 29 26 26 14 14 18 15 15 20 18 18 16 16 5 4 4 4 3 3 4 4 3 3 3 6
 25 25 48 55 55 49 30 30 27 27 36 31 31 25 28 28 18 18 17 21 21 29 26 26 14 14 18 15 15 20 18 18 16 16 5 4 4 4 3 3 4 4 3 3 3 6
 31 31 36 25 25 25 41 41 15 15 22 30 30 27 32 32 24 24 20 17 17 14 13 13 17 17 18 20 20 23 14 14 11 11 6 5 5 6 4 4 5 5 4 4 4 3
 36 36 31 17 17 16 20 20 13 13 18 31 31 28 31 31 27 27 28 23 23 16 12 12 13 13 19 24 24 21 17 17 13 13 9 7 7 6 4 4 5 5 4 4 4 3
 36 36 31 17 17 16 20 20 13 13 18 31 31 28 31 31 27 27 28 23 23 16 12 12 13 13 19 24 24 21 17 17 13 13 9 7 7 6 4 4 5 5 4 4 4 3
 30 30 30 31 31 16 17 17 16 16 19 19 19 19 18 18 26 26 26 24 24 18 11 11 13 13 20 23 23 21 21 21 16 16 14 8 8 7 4 4 5 5 4 5 5 3
 30 30 30 31 31 16 17 17 16 16 19 19 19 19 18 18 26 26 26 24 24 18 11 11 13 13 20 23 23 21 21 21 16 16 14 8 8 7 4 4 5 5 4 5 5 3
 30 30 32 33 33 17 18 18 22 22 21 20 20 21 21 21 20 20 23 29 29 31 15 15 12 12 15 23 23 26 22 22 18 18 13 9 9 9 5 5 16 16 4 5 5 4
 43 43 22 24 24 22 23 23 27 27 21 20 20 14 24 24 29 29 28 39 39 30 27 27 15 15 15 14 14 28 23 23 15 15 12 9 9 15 16 16 15 15 5 5 5 4
 43 43 22 24 24 22 23 23 27 27 21 20 20 14 24 24 29 29 28 39 39 30 27 27 15 15 15 14 14 28 23 23 15 15 12 9 9 15 16 16 15 15 5 5 5 4
 26 26 27 27 27 26 28 28 35 35 32 31 31 21 15 15 29 29 28 30 30 27 58 58 14 14 16 14 14 21 21 21 15 15 15 17 17 19 20 20 21 21 8 8 8 5
 24 24 29 30 30 34 31 31 35 35 33 23 23 28 18 18 35 35 33 23 23 36 34 34 17 17 17 16 16 23 21 21 16 16 16 17 17 30 29 29 25 25 10 10 10 6
 24 24 29 30 30 34 31 31 35 35 33 23 23 28 18 18 35 35 33 23 23 36 34 34 17 17 17 16 16 23 21 21 16 16 16 17 17 30 29 29 25 25 10 10 10 6
 29 29 30 30 30 41 38 38 43 43 45 51 51 51 41 41 37 37 37 24 24 24 18 18 15 15 16 9 9 27 22 22 24 24 18 22 22 33 35 35 26 26 17 17 17 8
 29 29 30 30 30 41 38 38 43 43 45 51 51 51 41 41 37 37 37 24 24 24 18 18 15 15 16 9 9 27 22 22 24 24 18 22 22 33 35 35 26 26 17 17 17 8
 37 37 38 41 41 38 39 39 39 39 56 58 58 69 44 44 39 39 40 25 25 23 23 23 25 25 19 15 15 18 22 22 14 14 17 17 17 31 36 36 31 31 27 22 22 22
 33 33 27 56 56 59 62 62 61 61 62 57 57 58 67 67 26 26 38 30 30 25 18 18 23 23 18 11 11 6 12 12 12 12 16 15 15 29 35 35 31 31 29 24 24 26
 33 33 27 56 56 59 62 62 61 61 62 57 57 58 67 67 26 26 38 30 30 25 18 18 23 23 18 11 11 6 12 12 12 12 16 15 15 29 35 35 31 31 29 24 24 26
 27 27 28 57 57 57 68 68 94 94 91 68 68 69 68 68 28 28 44 44 44 31 20 20 17 17 18 12 12 6 11 11 4 4 14 17 17 25 28 28 23 23 33 14 14 17
 20 20 19 46 46 46 47 47 91 91 88 71 71 79 77 77 33 33 33 41 41 26 15 15 17 17 19 10 10 8 7 7 4 4 4 17 17 17 13 13 15 15 22 12 12 17
 20 20 19 46 46 46 47 47 91 91 88 71 71 79 77 77 33 33 33 41 41 26 15 15 17 17 19 10 10 8 7 7 4 4 4 17 17 17 13 13 15 15 22 12 12 17
 18 18 17 36 36 36 30 30 80 80 78 66 66 79 82 82 69 69 69 62 62 27 19 19 17 17 20 12 12 14 15 15 10 10 7 16 16 16 10 10 6 6 5 7 7 11
 18 18 17 36 36 36 30 30 80 80 78 66 66 79 82 82 69 69 69 62 62 27 19 19 17 17 20 12 12 14 15 15 10 10 7 16 16 16 10 10 6 6 5 7 7 11
 14 14 15 26 26 27 28 28 51 51 60 60 60 134 141 141 130 130 62 56 56 35 28 28 24 24 17 17 17 20 16 16 14 14 9 7 7 10 7 7 7 7 5 8 8 9
 13 13 13 13 13 19 19 19 28 28 60 61 61 137 136 136 141 141 98 100 100 33 32 32 29 29 23 21 21 24 21 21 17 17 11 9 9 9 7 7 6 6 7 8 8 8
 13 13 13 13 13 19 19 19 28 28 60 61 61 137 136 136 141 141 98 100 100 33 32 32 29 29 23 21 21 24 21 21 17 17 11 9 9 9 7 7 6 6 7 8 8 8
 13 13 13 14 14 18 14 14 13 13 30 29 29 130 134 134 136 136 76 96 96 40 38 38 35 35 22 21 21 20 17 17 19 19 12 9 9 9 8 8 8 8 8 7 7 12
 12 12 9 9 9 15 12 12 10 10 28 28 28 19 40 40 41 41 91 92 92 97 27 27 27 27 16 9 9 10 19 19 18 18 10 10 10 13 13 13 14 14 12 8 8 12
 12 12 9 9 9 15 12 12 10 10 28 28 28 19 40 40 41 41 91 92 92 97 27 27 27 27 16 9 9 10 19 19 18 18 10 10 10 13 13 13 14 14 12 8 8 12
 9 9 9 8 8 12 8 8 7 7 10 10 10 19 30 30 15 15 19 37 37 39 27 27 31 31 22 14 14 9 17 17 19 19 9 9 9 10 15 15 15 15 15 12 12 11
 9 9 9 8 8 12 8 8 7 7 10 10 10 19 30 30 15 15 19 37 37 39 27 27 31 31 22 14 14 9 17 17 19 19 9 9 9 10 15 15 15 15 15 12 12 11
 11 11 9 9 9 6 7 7 5 5 5 7 7 8 13 13 15 15 18 39 39 32 31 31 44 44 37 21 21 14 16 16 16 16 8 5 5 10 16 16 17 17 18 13 13 13
 11 11 13 12 12 8 8 8 6 6 4 7 7 7 14 14 16 16 14 30 30 32 30 30 45 45 56 35 35 46 40 40 25 25 9 6 6 6 11 11 19 19 20 15 15 11
 11 11 13 12 12 8 8 8 6 6 4 7 7 7 14 14 16 16 14 30 30 32 30 30 45 45 56 35 35 46 40 40 25 25 9 6 6 6 11 11 19 19 20 15 15 11
 12 12 16 12 12 10 7 7 5 5 6 6 6 8 11 11 17 17 15 40 40 43 45 45 50 50 59 50 50 53 43 43 43 43 10 4 4 4 9 9 18 18 25 22 22 15
 10 10 13 9 9 7 8 8 8 8 8 8 8 8 11 11 21 21 19 41 41 40 32 32 47 47 53 47 47 79 76 76 46 46 23 7 7 7 13 13 15 15 24 26 26 21
 10 10 13 9 9 7 8 8 8 8 8 8 8 8 11 11 21 21 19 41 41 40 32 32 47 47 53 47 47 79 76 76 46 46 23 7 7 7 13 13 15 15 24 26 26 21
 13 13 12 8 8 8 7 7 9 9 9 8 8 10 12 12 26 26 18 21 21 31 33 33 45 45 50 40 40 49 79 79 43 43 20 7 7 8 12 12 18 18 46 47 47 25
 13 13 12 8 8 8 7 7 9 9 9 8 8 10 12 12 26 26 18 21 21 31 33 33 45 45 50 40 40 49 79 79 43 43 20 7 7 8 12 12 18 18 46 47 47 25
 15 15 11 14 14 8 9 9 9 9 11 11 11 13 18 18 28 28 25 21 21 14 15 15 34 34 37 37 37 49 48 48 43 43 35 10 10 9 11 11 20 20 19 23 23 29
 23 23 16 18 18 13 9 9 9 9 12 13 13 13 15 15 15 15 14 12 12 15 16 16 11 11 27 27 27 34 40 40 36 36 30 21 21 11 12 12 13 13 19 29 29 31
 23 23 16 18 18 13 9 9 9 9 12 13 13 13 15 15 15 15 14 12 12 15 16 16 11 11 27 27 27 34 40 40 36 36 30 21 21 11 12 12 13 13 19 29 29 31
 34 34 28 28 28 16 15 15 13 13 14 13 13 12 16 16 14 14 18 13 13 10 10 10 11 11 23 23 23 22 20 20 19 19 25 23 23 16 15 15 14 14 18 31 31 30
 41 41 40 29 29 24 14 14 17 17 14 13 13 13 13 13 10 10 14 16 16 14 10 10 12 12 15 18 18 15 18 18 17 17 10 15 15 19 21 21 20 20 25 34 34 33
 41 41 40 29 29 24 14 14 17 17 14 13 13 13 13 13 10 10 14 16 16 14 10 10 12 12 15 18 18 15 18 18 17 17 10 15 15 19 21 21 20 20 25 34 34 33
 50 50 39 20 20 22 15 15 20 20 15 13 13 14 13 13 17 17 17 18 18 22 22 22 15 15 16 15 15 12 9 9 9 9 10 13 13 18 21 21 21 21 26 28 28 27
 50 50 39 20 20 22 15 15 20 20 15 13 13 14 13 13 17 17 17 18 18 22 22 22 15 15 16 15 15 12 9 9 9 9 10 13 13 18 21 21 21 21 26 28 28 27
 46 46 51 49 49 30 22 22 27 27 17 12 12 13 9 9 12 12 11 28 28 36 38 38 16 16 12 12 12 15 11 11 14 14 12 10 10 17 21 21 22 22 22 20 20 20
 73 73 56 70 70 32 26 26 26 26 23 15 15 14 10 10 12 12 11 44 44 59 60 60 27 27 30 19 19 14 21 21 19 19 14 11 11 16 16 16 20 20 17 17 17 16
 73 73 56 70 70 32 26 26 26 26 23 15 15 14 10 10 12 12 11 44 44 59 60 60 27 27 30 19 19 14 21 21 19 19 14 11 11 16 16 16 20 20 17 17 17 16
 70 70 62 72 72 61 38 38 31 31 24 18 18 13 12 12 12 12 7 23 23 22 45 45 24 24 26 15 15 10 15 15 15 15 10 7 7 8 10 10 19 19 20 21 21 16
 73 73 67 72 72 77 41 41 38 38 23 28 28 13 14 14 11 11 9 20 20 19 19 19 22 22 22 14 14 11 10 10 11 11 10 7 7 5 6 6 10 10 14 17 17 19
 73 73 67 72 72 77 41 41 38 38 23 28 28 13 14 14 11 11 9 20 20 19 19 19 22 22 22 14 14 11 10 10 11 11 10 7 7 5 6 6 10 10 14 17 17 19
 63 63 91 105 105 73 58 58 51 51 33 37 37 25 21 21 17 17 12 14 14 13 13 13 21 21 20 11 11 10 10 10 9 9 11 8 8 5 5 5 7 7 12 18 18 21
 63 63 91 105 105 73 58 58 51 51 33 37 37 25 21 21 17 17 12 14 14 13 13 13 21 21 20 11 11 10 10 10 9 9 11 8 8 5 5 5 7 7 12 18 18 21
 67 67 82 75 75 67 62 62 59 59 50 41 41 41 26 26 26 26 15 12 12 12 14 14 17 17 22 24 24 36 12 12 9 9 11 9 9 5 5 5 6 6 13 16 16 21
 81 81 84 83 83 76 69 69 54 54 52 48 48 48 31 31 24 24 17 15 15 12 14 14 15 15 26 23 23 38 36 36 12 12 12 12 12 10 7 7 6 6 10 13 13 18
 81 81 84 83 83 76 69 69 54 54 52 48 48 48 31 31 24 24 17 15 15 12 14 14 15 15 26 23 23 38 36 36 12 12 12 12 12 10 7 7 6 6 10 13 13 18
 92 92 86 84 84 76 71 71 68 68 60 60 60 33 50 50 22 22 27 15 15 16 21 21 20 20 45 43 43 42 11 11 11 11 13 12 12 9 9 9 7 7 10 12 12 16
 90 90 92 85 85 77 76 76 76 76 68 60 60 45 56 56 32 32 19 16 16 18 22 22 22 22 24 46 46 57 11 11 12 12 12 11 11 11 12 12 8 8 10 8 8 12
