assets/RAT_results/precipitation/2021-08-23_IMERG.asc
ncols        46
nrows        77
xllcorner    74.800261325624
yllcorner    8.058333333333
cellsize     0.062500000000
NODATA_value -9999
 5 5 4 5 5 8 14 14 14 14 31 8 8 3 2 2 1 1 3 3 3 4 11 11 8 8 5 1 1 2 2 2 5 5 7 8 8 3 1 1 1 1 1 1 1 2
 5 5 4 2 2 2 5 5 3 3 8 6 6 5 3 3 2 2 2 4 4 3 5 5 8 8 4 4 4 2 3 3 3 3 3 6 6 1 1 1 1 1 1 2 2 3
 5 5 4 2 2 2 5 5 3 3 8 6 6 5 3 3 2 2 2 4 4 3 5 5 8 8 4 4 4 2 3 3 3 3 3 6 6 1 1 1 1 1 1 2 2 3
 3 3 5 1 1 1 1 1 1 1 1 1 1 1 1 1 1 1 3 3 3 3 3 3 5 5 8 9 9 6 3 3 2 2 1 2 2 1 0 0 1 1 1 4 4 3
 3 3 6 4 4 4 4 4 3 3 2 0 0 1 1 1 2 2 1 2 2 2 3 3 3 3 5 14 14 13 4 4 2 2 1 1 1 1 0 0 0 0 0 2 2 2
 3 3 6 4 4 4 4 4 3 3 2 0 0 1 1 1 2 2 1 2 2 2 3 3 3 3 5 14 14 13 4 4 2 2 1 1 1 1 0 0 0 0 0 2 2 2
 4 4 6 6 6 5 10 10 8 8 4 1 1 2 2 2 3 3 2 2 2 2 3 3 4 4 3 12 12 4 5 5 3 3 2 1 1 1 1 1 1 1 0 0 0 1
 4 4 6 6 6 5 10 10 8 8 4 1 1 2 2 2 3 3 2 2 2 2 3 3 4 4 3 12 12 4 5 5 3 3 2 1 1 1 1 1 1 1 0 0 0 1
 3 3 6 6 6 8 10 10 12 12 4 3 3 2 2 2 2 2 2 3 3 3 6 6 5 5 10 10 10 4 6 6 3 3 2 1 1 1 1 1 1 1 1 2 2 1
 1 1 4 5 5 7 12 12 14 14 12 9 9 6 3 3 2 2 4 5 5 3 6 6 2 2 3 3 3 2 2 2 1 1 3 3 3 2 2 2 3 3 3 2 2 1
 1 1 4 5 5 7 12 12 14 14 12 9 9 6 3 3 2 2 4 5 5 3 6 6 2 2 3 3 3 2 2 2 1 1 3 3 3 2 2 2 3 3 3 2 2 1
 2 2 2 1 1 5 8 8 8 8 13 9 9 12 6 6 4 4 5 5 5 4 3 3 3 3 2 2 2 1 0 0 1 1 2 2 2 2 2 2 2 2 12 9 9 20
 3 3 3 2 2 5 6 6 7 7 4 6 6 12 9 9 5 5 6 4 4 4 3 3 3 3 1 0 0 2 2 2 3 3 5 7 7 11 19 19 19 19 13 9 9 18
 3 3 3 2 2 5 6 6 7 7 4 6 6 12 9 9 5 5 6 4 4 4 3 3 3 3 1 0 0 2 2 2 3 3 5 7 7 11 19 19 19 19 13 9 9 18
 4 4 3 3 3 3 6 6 7 7 3 4 4 6 8 8 6 6 4 4 4 4 2 2 1 1 3 2 2 2 4 4 4 4 5 6 6 13 11 11 19 19 8 5 5 4
 4 4 3 3 3 3 6 6 7 7 3 4 4 6 8 8 6 6 4 4 4 4 2 2 1 1 3 2 2 2 4 4 4 4 5 6 6 13 11 11 19 19 8 5 5 4
 3 3 2 2 2 1 1 1 6 6 5 2 2 4 5 5 4 4 6 22 22 3 2 2 2 2 2 3 3 4 5 5 9 9 10 7 7 9 11 11 15 15 11 6 6 5
 4 4 2 2 2 1 3 3 4 4 7 6 6 5 4 4 5 5 16 25 25 14 4 4 5 5 3 2 2 5 5 5 17 17 16 6 6 8 10 10 10 10 9 17 17 36
 4 4 2 2 2 1 3 3 4 4 7 6 6 5 4 4 5 5 16 25 25 14 4 4 5 5 3 2 2 5 5 5 17 17 16 6 6 8 10 10 10 10 9 17 17 36
 9 9 2 2 2 2 2 2 2 2 3 8 8 9 7 7 7 7 11 26 26 26 10 10 2 2 3 3 3 3 2 2 4 4 5 6 6 10 11 11 21 21 9 12 12 18
 6 6 6 4 4 3 1 1 5 5 1 9 9 9 12 12 12 12 10 8 8 6 3 3 1 1 3 5 5 6 7 7 6 6 16 5 5 5 7 7 6 6 9 13 13 7
 6 6 6 4 4 3 1 1 5 5 1 9 9 9 12 12 12 12 10 8 8 6 3 3 1 1 3 5 5 6 7 7 6 6 16 5 5 5 7 7 6 6 9 13 13 7
 5 5 2 5 5 2 1 1 4 4 3 4 4 8 14 14 14 14 15 13 13 7 3 3 3 3 4 6 6 12 10 10 11 11 10 5 5 6 7 7 7 7 8 12 12 12
 5 5 2 5 5 2 1 1 4 4 3 4 4 8 14 14 14 14 15 13 13 7 3 3 3 3 4 6 6 12 10 10 11 11 10 5 5 6 7 7 7 7 8 12 12 12
 4 4 4 5 5 2 3 3 3 3 3 2 2 11 11 11 15 15 12 12 12 9 9 9 4 4 4 4 4 10 9 9 15 15 13 12 12 5 6 6 9 9 9 13 13 17
 5 5 4 4 4 4 3 3 3 3 4 2 2 3 12 12 10 10 10 9 9 13 13 13 11 11 6 6 6 8 7 7 10 10 10 10 10 7 7 7 8 8 13 21 21 21
 5 5 4 4 4 4 3 3 3 3 4 2 2 3 12 12 10 10 10 9 9 13 13 13 11 11 6 6 6 8 7 7 10 10 10 10 10 7 7 7 8 8 13 21 21 21
 4 4 3 3 3 3 8 8 2 2 2 1 1 2 3 3 6 6 7 7 7 8 15 15 12 12 7 4 4 4 3 3 3 3 5 6 6 5 6 6 10 10 12 18 18 23
 11 11 12 11 11 2 4 4 3 3 2 3 3 2 2 2 3 3 5 5 5 5 10 10 9 9 8 5 5 4 3 3 3 3 3 5 5 5 5 5 8 8 9 12 12 16
 11 11 12 11 11 2 4 4 3 3 2 3 3 2 2 2 3 3 5 5 5 5 10 10 9 9 8 5 5 4 3 3 3 3 3 5 5 5 5 5 8 8 9 12 12 16
 11 11 2 10 10 4 4 4 2 2 5 5 5 9 12 12 9 9 9 4 4 5 7 7 9 9 7 5 5 3 2 2 2 2 3 3 3 4 5 5 5 5 5 8 8 6
 11 11 2 10 10 4 4 4 2 2 5 5 5 9 12 12 9 9 9 4 4 5 7 7 9 9 7 5 5 3 2 2 2 2 3 3 3 4 5 5 5 5 5 8 8 6
 3 3 2 2 2 4 5 5 8 8 8 10 10 15 23 23 12 12 13 8 8 8 5 5 6 6 5 1 1 1 2 2 2 2 3 3 3 3 6 6 9 9 6 9 9 3
 2 2 2 2 2 5 6 6 9 9 9 14 14 14 17 17 21 21 12 10 10 7 5 5 8 8 3 2 2 4 2 2 3 3 3 6 6 7 15 15 12 12 15 9 9 7
 2 2 2 2 2 5 6 6 9 9 9 14 14 14 17 17 21 21 12 10 10 7 5 5 8 8 3 2 2 4 2 2 3 3 3 6 6 7 15 15 12 12 15 9 9 7
 3 3 3 3 3 6 7 7 14 14 8 17 17 19 13 13 21 21 20 11 11 9 12 12 10 10 7 5 5 3 3 3 4 4 7 10 10 14 16 16 18 18 18 22 22 19
 4 4 3 7 7 7 12 12 19 19 12 14 14 20 19 19 23 23 18 20 20 16 18 18 11 11 7 5 5 5 4 4 9 9 11 18 18 19 25 25 30 30 27 26 26 20
 4 4 3 7 7 7 12 12 19 19 12 14 14 20 19 19 23 23 18 20 20 16 18 18 11 11 7 5 5 5 4 4 9 9 11 18 18 19 25 25 30 30 27 26 26 20
 6 6 6 17 17 7 13 13 16 16 24 29 29 28 43 43 43 43 34 27 27 15 10 10 13 13 11 9 9 11 10 10 8 8 12 16 16 15 19 19 25 25 28 31 31 29
 6 6 6 17 17 7 13 13 16 16 24 29 29 28 43 43 43 43 34 27 27 15 10 10 13 13 11 9 9 11 10 10 8 8 12 16 16 15 19 19 25 25 28 31 31 29
 5 5 5 17 17 16 18 18 28 28 26 40 40 22 17 17 46 46 33 28 28 15 15 15 8 8 9 9 9 11 12 12 9 9 13 14 14 15 18 18 20 20 20 26 26 20
 2 2 6 8 8 14 14 14 19 19 29 36 36 43 36 36 57 57 44 51 51 19 16 16 5 5 4 8 8 7 11 11 11 11 7 10 10 12 12 12 15 15 16 14 14 8
 2 2 6 8 8 14 14 14 19 19 29 36 36 43 36 36 57 57 44 51 51 19 16 16 5 5 4 8 8 7 11 11 11 11 7 10 10 12 12 12 15 15 16 14 14 8
 1 1 1 7 7 12 13 13 13 13 21 18 18 40 36 36 45 45 41 32 32 22 22 22 4 4 3 3 3 4 5 5 6 6 5 10 10 8 6 6 7 7 5 5 5 4
 1 1 1 1 1 1 11 11 1 1 16 15 15 22 25 25 24 24 30 25 25 31 11 11 7 7 5 5 5 5 3 3 2 2 3 5 5 4 3 3 1 1 2 2 2 6
 1 1 1 1 1 1 11 11 1 1 16 15 15 22 25 25 24 24 30 25 25 31 11 11 7 7 5 5 5 5 3 3 2 2 3 5 5 4 3 3 1 1 2 2 2 6
 1 1 1 1 1 0 0 0 1 1 5 5 5 13 11 11 23 23 29 34 34 31 23 23 12 12 10 9 9 7 4 4 4 4 3 3 3 2 1 1 1 1 1 2 2 9
 1 1 1 1 1 0 0 0 1 1 5 5 5 13 11 11 23 23 29 34 34 31 23 23 12 12 10 9 9 7 4 4 4 4 3 3 3 2 1 1 1 1 1 2 2 9
 1 1 1 1 1 1 0 0 1 1 1 1 1 5 8 8 17 17 27 35 35 35 20 20 19 19 16 14 14 12 12 12 6 6 3 3 3 4 1 1 1 1 0 2 2 5
 0 0 0 1 1 1 1 1 1 1 1 2 2 2 10 10 11 11 20 53 53 29 28 28 23 23 21 22 22 15 14 14 10 10 7 3 3 6 3 3 0 0 3 5 5 3
 0 0 0 1 1 1 1 1 1 1 1 2 2 2 10 10 11 11 20 53 53 29 28 28 23 23 21 22 22 15 14 14 10 10 7 3 3 6 3 3 0 0 3 5 5 3
 0 0 0 0 0 0 0 0 1 1 1 1 1 1 3 3 4 4 10 6 6 21 23 23 21 21 22 19 19 14 13 13 10 10 6 4 4 5 4 4 3 3 9 10 10 7
 0 0 0 0 0 0 0 0 0 0 0 0 0 0 1 1 5 5 6 7 7 13 35 35 18 18 12 13 13 8 9 9 5 5 6 5 5 6 7 7 9 9 7 12 12 5
 0 0 0 0 0 0 0 0 0 0 0 0 0 0 1 1 5 5 6 7 7 13 35 35 18 18 12 13 13 8 9 9 5 5 6 5 5 6 7 7 9 9 7 12 12 5
 1 1 1 2 2 1 1 1 0 0 1 1 1 1 2 2 5 5 6 7 7 13 18 18 21 21 17 18 18 9 13 13 7 7 6 5 5 5 7 7 8 8 10 10 10 4
 1 1 1 2 2 1 1 1 0 0 1 1 1 1 2 2 5 5 6 7 7 13 18 18 21 21 17 18 18 9 13 13 7 7 6 5 5 5 7 7 8 8 10 10 10 4
 3 3 5 6 6 4 1 1 1 1 4 3 3 2 7 7 6 6 7 8 8 16 17 17 20 20 11 12 12 10 12 12 10 10 7 8 8 7 7 7 7 7 8 12 12 8
 2 2 4 4 4 2 1 1 2 2 6 4 4 5 5 5 4 4 5 9 9 17 16 16 17 17 15 12 12 9 14 14 18 18 19 17 17 8 6 6 5 5 4 3 3 9
 2 2 4 4 4 2 1 1 2 2 6 4 4 5 5 5 4 4 5 9 9 17 16 16 17 17 15 12 12 9 14 14 18 18 19 17 17 8 6 6 5 5 4 3 3 9
 2 2 3 1 1 0 0 0 1 1 2 1 1 2 4 4 4 4 4 4 4 4 4 4 9 9 15 12 12 16 12 12 14 14 25 17 17 7 4 4 3 3 2 1 1 2
 0 0 1 0 0 0 0 0 0 0 0 1 1 1 2 2 1 1 2 1 1 2 5 5 8 8 10 13 13 18 17 17 15 15 18 16 16 9 4 4 1 1 2 1 1 1
 0 0 1 0 0 0 0 0 0 0 0 1 1 1 2 2 1 1 2 1 1 2 5 5 8 8 10 13 13 18 17 17 15 15 18 16 16 9 4 4 1 1 2 1 1 1
 0 0 0 0 0 0 0 0 0 0 0 0 0 1 2 2 2 2 1 2 2 2 2 2 3 3 8 14 14 22 20 20 18 18 11 10 10 3 2 2 2 2 2 1 1 1
 0 0 0 0 0 0 0 0 0 0 0 0 0 1 2 2 2 2 1 2 2 2 2 2 3 3 8 14 14 22 20 20 18 18 11 10 10 3 2 2 2 2 2 1 1 1
 0 0 0 0 0 0 0 0 1 1 1 1 1 2 3 3 2 2 2 2 2 3 3 3 4 4 9 8 8 11 17 17 10 10 7 10 10 4 2 2 2 2 0 1 1 1
 1 1 2 2 2 1 3 3 4 4 4 4 4 5 5 5 4 4 4 2 2 2 2 2 3 3 3 2 2 3 8 8 6 6 4 4 4 2 2 2 1 1 0 0 0 1
 1 1 2 2 2 1 3 3 4 4 4 4 4 5 5 5 4 4 4 2 2 2 2 2 3 3 3 2 2 3 8 8 6 6 4 4 4 2 2 2 1 1 0 0 0 1
 2 2 5 5 5 5 8 8 7 7 3 5 5 5 4 4 3 3 3 2 2 1 3 3 2 2 1 1 1 0 2 2 5 5 1 2 2 1 5 5 2 2 4 6 6 0
 1 1 2 5 5 5 5 5 3 3 1 1 1 1 1 1 2 2 0 1 1 2 3 3 0 0 0 0 0 0 0 0 0 0 0 0 0 0 4 4 4 4 2 0 0 0
 1 1 2 5 5 5 5 5 3 3 1 1 1 1 1 1 2 2 0 1 1 2 3 3 0 0 0 0 0 0 0 0 0 0 0 0 0 0 4 4 4 4 2 0 0 0
 0 0 1 1 1 1 1 1 1 1 1 0 0 0 1 1 1 1 0 0 0 2 0 0 0 0 0 0 0 0 0 0 0 0 0 0 0 0 0 0 0 0 0 0 0 0
 0 0 1 1 1 1 1 1 1 1 1 0 0 0 1 1 1 1 0 0 0 2 0 0 0 0 0 0 0 0 0 0 0 0 0 0 0 0 0 0 0 0 0 0 0 0
 0 0 0 0 0 0 0 0 0 0 1 0 0 0 0 0 0 0 0 0 0 1 0 0 0 0 0 0 0 0 0 0 0 0 0 1 1 1 0 0 0 0 0 0 0 0
 0 0 0 0 0 2 2 2 0 0 0 0 0 0 0 0 0 0 0 0 0 0 0 0 0 0 0 0 0 1 1 1 1 1 1 0 0 0 0 0 0 0 0 0 0 0
 0 0 0 0 0 2 2 2 0 0 0 0 0 0 0 0 0 0 0 0 0 0 0 0 0 0 0 0 0 1 1 1 1 1 1 0 0 0 0 0 0 0 0 0 0 0
 0 0 0 0 0 0 1 1 0 0 0 0 0 0 0 0 0 0 0 0 0 0 0 0 0 0 0 0 0 0 1 1 0 0 0 0 0 0 0 0 0 0 0 0 0 0
 0 0 0 0 0 0 0 0 0 0 0 0 0 0 0 0 0 0 0 0 0 0 0 0 0 0 0 0 0 0 0 0 0 0 0 0 0 0 0 0 0 0 0 0 0 0
