assets/RAT_results/precipitation/2021-08-22_IMERG.asc
ncols        46
nrows        77
xllcorner    74.800261325624
yllcorner    8.058333333333
cellsize     0.062500000000
NODATA_value -9999
 3 3 4 3 3 3 2 2 4 4 5 12 12 5 5 5 3 3 4 4 4 1 4 4 2 2 1 1 1 0 1 1 3 3 16 22 22 22 1 1 4 4 4 4 4 3
 3 3 2 1 1 2 3 3 5 5 5 11 11 9 4 4 4 4 7 6 6 5 6 6 7 7 1 1 1 0 0 0 3 3 14 15 15 26 6 6 4 4 3 2 2 3
 3 3 2 1 1 2 3 3 5 5 5 11 11 9 4 4 4 4 7 6 6 5 6 6 7 7 1 1 1 0 0 0 3 3 14 15 15 26 6 6 4 4 3 2 2 3
 2 2 1 1 1 5 5 5 4 4 2 8 8 8 5 5 5 5 5 8 8 7 9 9 9 9 3 1 1 1 1 1 1 1 14 14 14 26 5 5 6 6 10 5 5 5
 1 1 3 2 2 1 20 20 10 10 5 3 3 5 9 9 7 7 12 13 13 13 10 10 7 7 4 2 2 2 2 2 3 3 2 4 4 10 13 13 9 9 10 6 6 3
 1 1 3 2 2 1 20 20 10 10 5 3 3 5 9 9 7 7 12 13 13 13 10 10 7 7 4 2 2 2 2 2 3 3 2 4 4 10 13 13 9 9 10 6 6 3
 2 2 1 2 2 2 8 8 12 12 10 11 11 5 8 8 8 8 11 13 13 12 11 11 9 9 4 2 2 3 4 4 3 3 2 4 4 7 13 13 10 10 9 6 6 5
 2 2 1 2 2 2 8 8 12 12 10 11 11 5 8 8 8 8 11 13 13 12 11 11 9 9 4 2 2 3 4 4 3 3 2 4 4 7 13 13 10 10 9 6 6 5
 1 1 2 4 4 4 3 3 12 12 13 6 6 5 16 16 8 8 13 12 12 9 3 3 3 3 3 2 2 3 3 3 5 5 2 2 2 3 7 7 13 13 12 28 28 27
 1 1 4 6 6 6 5 5 5 5 9 10 10 8 7 7 6 6 6 5 5 6 4 4 3 3 2 2 2 5 9 9 13 13 8 5 5 3 4 4 8 8 12 27 27 26
 1 1 4 6 6 6 5 5 5 5 9 10 10 8 7 7 6 6 6 5 5 6 4 4 3 3 2 2 2 5 9 9 13 13 8 5 5 3 4 4 8 8 12 27 27 26
 1 1 3 2 2 8 5 5 8 8 11 17 17 12 11 11 9 9 14 6 6 5 2 2 2 2 2 3 3 4 9 9 11 11 5 2 2 3 7 7 8 8 9 9 9 7
 1 1 1 3 3 3 4 4 5 5 13 17 17 19 28 28 18 18 13 10 10 5 5 5 2 2 2 2 2 2 8 8 11 11 7 10 10 1 2 2 2 2 2 1 1 1
 1 1 1 3 3 3 4 4 5 5 13 17 17 19 28 28 18 18 13 10 10 5 5 5 2 2 2 2 2 2 8 8 11 11 7 10 10 1 2 2 2 2 2 1 1 1
 0 0 0 1 1 2 4 4 5 5 5 5 5 5 13 13 13 13 5 6 6 5 3 3 2 2 5 2 2 4 9 9 7 7 11 4 4 2 3 3 2 2 2 2 2 1
 0 0 0 1 1 2 4 4 5 5 5 5 5 5 13 13 13 13 5 6 6 5 3 3 2 2 5 2 2 4 9 9 7 7 11 4 4 2 3 3 2 2 2 2 2 1
 0 0 0 1 1 3 4 4 11 11 9 7 7 7 10 10 11 11 4 6 6 3 3 3 2 2 2 1 1 2 4 4 9 9 11 3 3 2 1 1 0 0 1 1 1 1
 0 0 0 0 0 0 4 4 6 6 6 15 15 8 9 9 22 22 23 6 6 3 1 1 1 1 3 2 2 3 3 3 0 0 0 0 0 0 1 1 1 1 0 0 0 0
 0 0 0 0 0 0 4 4 6 6 6 15 15 8 9 9 22 22 23 6 6 3 1 1 1 1 3 2 2 3 3 3 0 0 0 0 0 0 1 1 1 1 0 0 0 0
 0 0 0 1 1 1 3 3 4 4 4 12 12 12 10 10 5 5 17 5 5 1 1 1 2 2 10 13 13 3 2 2 2 2 2 1 1 1 1 1 1 1 1 1 1 0
 0 0 1 2 2 2 3 3 4 4 9 7 7 5 5 5 5 5 14 5 5 3 2 2 9 9 4 5 5 3 3 3 3 3 4 2 2 2 1 1 2 2 2 2 2 1
 0 0 1 2 2 2 3 3 4 4 9 7 7 5 5 5 5 5 14 5 5 3 2 2 9 9 4 5 5 3 3 3 3 3 4 2 2 2 1 1 2 2 2 2 2 1
 0 0 0 1 1 2 3 3 4 4 6 12 12 13 17 17 11 11 8 6 6 6 6 6 15 15 7 5 5 4 7 7 7 7 8 3 3 3 3 3 3 3 2 2 2 1
 0 0 0 1 1 2 3 3 4 4 6 12 12 13 17 17 11 11 8 6 6 6 6 6 15 15 7 5 5 4 7 7 7 7 8 3 3 3 3 3 3 3 2 2 2 1
 1 1 0 1 1 1 2 2 2 2 6 12 12 19 20 20 19 19 13 7 7 13 14 14 12 12 11 6 6 9 6 6 10 10 7 5 5 4 3 3 4 4 4 3 3 2
 2 2 2 0 0 0 1 1 2 2 3 6 6 8 17 17 16 16 7 5 5 8 11 11 16 16 13 8 8 10 9 9 25 25 16 17 17 9 4 4 8 8 8 2 2 3
 2 2 2 0 0 0 1 1 2 2 3 6 6 8 17 17 16 16 7 5 5 8 11 11 16 16 13 8 8 10 9 9 25 25 16 17 17 9 4 4 8 8 8 2 2 3
 1 1 2 1 1 0 1 1 2 2 3 5 5 9 12 12 20 20 5 5 5 4 7 7 11 11 13 14 14 18 7 7 16 16 16 12 12 6 9 9 9 9 7 3 3 5
 1 1 2 1 1 1 1 1 2 2 3 2 2 3 19 19 23 23 9 7 7 5 5 5 9 9 9 19 19 15 10 10 17 17 13 10 10 10 12 12 11 11 7 9 9 6
 1 1 2 1 1 1 1 1 2 2 3 2 2 3 19 19 23 23 9 7 7 5 5 5 9 9 9 19 19 15 10 10 17 17 13 10 10 10 12 12 11 11 7 9 9 6
 0 0 2 1 1 1 1 1 1 1 2 2 2 6 13 13 15 15 12 12 12 10 10 10 13 13 10 14 14 5 17 17 10 10 16 13 13 18 13 13 11 11 11 11 11 5
 0 0 2 1 1 1 1 1 1 1 2 2 2 6 13 13 15 15 12 12 12 10 10 10 13 13 10 14 14 5 17 17 10 10 16 13 13 18 13 13 11 11 11 11 11 5
 1 1 0 0 0 1 1 1 1 1 2 4 4 4 14 14 20 20 24 24 24 13 11 11 20 20 8 12 12 13 15 15 4 4 5 12 12 19 16 16 15 15 19 12 12 10
 0 0 0 0 0 0 0 0 1 1 1 2 2 3 9 9 11 11 15 15 15 11 10 10 11 11 11 5 5 4 6 6 5 5 6 11 11 14 14 14 11 11 21 18 18 13
 0 0 0 0 0 0 0 0 1 1 1 2 2 3 9 9 11 11 15 15 15 11 10 10 11 11 11 5 5 4 6 6 5 5 6 11 11 14 14 14 11 11 21 18 18 13
 0 0 0 0 0 0 0 0 0 0 1 1 1 2 3 3 14 14 15 18 18 9 12 12 13 13 7 5 5 9 10 10 13 13 6 7 7 9 9 9 7 7 20 14 14 16
 0 0 0 0 0 0 0 0 0 0 0 0 0 2 3 3 7 7 13 19 19 10 13 13 10 10 8 7 7 7 16 16 22 22 19 12 12 13 11 11 10 10 18 24 24 16
 0 0 0 0 0 0 0 0 0 0 0 0 0 2 3 3 7 7 13 19 19 10 13 13 10 10 8 7 7 7 16 16 22 22 19 12 12 13 11 11 10 10 18 24 24 16
 0 0 0 0 0 0 0 0 0 0 1 1 1 1 2 2 8 8 6 14 14 12 14 14 12 12 9 11 11 13 17 17 22 22 25 30 30 24 22 22 27 27 23 26 26 26
 0 0 0 0 0 0 0 0 0 0 1 1 1 1 2 2 8 8 6 14 14 12 14 14 12 12 9 11 11 13 17 17 22 22 25 30 30 24 22 22 27 27 23 26 26 26
 0 0 0 0 0 0 1 1 1 1 1 1 1 2 2 2 4 4 6 15 15 13 16 16 14 14 16 13 13 14 21 21 21 21 24 36 36 30 24 24 26 26 25 29 29 20
 0 0 1 1 1 1 0 0 1 1 1 1 1 2 2 2 3 3 7 9 9 15 17 17 21 21 22 21 21 28 31 31 29 29 33 37 37 29 24 24 27 27 26 41 41 40
 0 0 1 1 1 1 0 0 1 1 1 1 1 2 2 2 3 3 7 9 9 15 17 17 21 21 22 21 21 28 31 31 29 29 33 37 37 29 24 24 27 27 26 41 41 40
 0 0 0 0 0 0 0 0 0 0 0 1 1 2 3 3 4 4 7 21 21 31 23 23 26 26 34 56 56 112 40 40 29 29 30 31 31 29 28 28 32 32 39 28 28 30
 0 0 0 0 0 0 0 0 0 0 0 0 0 1 2 2 3 3 6 24 24 35 32 32 35 35 38 44 44 54 31 31 34 34 32 32 32 26 27 27 22 22 28 60 60 60
 0 0 0 0 0 0 0 0 0 0 0 0 0 1 2 2 3 3 6 24 24 35 32 32 35 35 38 44 44 54 31 31 34 34 32 32 32 26 27 27 22 22 28 60 60 60
 0 0 0 0 0 0 0 0 0 0 0 0 0 0 1 1 2 2 2 23 23 34 32 32 32 32 37 43 43 47 26 26 31 31 20 24 24 33 35 35 28 28 30 60 60 58
 0 0 0 0 0 0 0 0 0 0 0 0 0 0 1 1 2 2 2 23 23 34 32 32 32 32 37 43 43 47 26 26 31 31 20 24 24 33 35 35 28 28 30 60 60 58
 0 0 0 0 0 0 0 0 0 0 0 0 0 0 1 1 1 1 2 4 4 27 24 24 27 27 35 37 37 50 34 34 42 42 29 19 19 27 34 34 37 37 30 26 26 29
 0 0 0 0 0 0 0 0 0 0 1 1 1 1 1 1 1 1 1 3 3 9 13 13 21 21 26 28 28 30 24 24 44 44 29 19 19 20 26 26 28 28 36 38 38 25
 0 0 0 0 0 0 0 0 0 0 1 1 1 1 1 1 1 1 1 3 3 9 13 13 21 21 26 28 28 30 24 24 44 44 29 19 19 20 26 26 28 28 36 38 38 25
 0 0 0 0 0 0 0 0 1 1 1 1 1 1 1 1 2 2 2 2 2 5 9 9 10 10 15 14 14 16 21 21 29 29 29 31 31 23 27 27 27 27 34 29 29 20
 0 0 0 0 0 0 0 0 0 0 1 1 1 1 1 1 1 1 1 1 1 3 5 5 6 6 13 17 17 22 35 35 36 36 41 34 34 26 26 26 23 23 29 22 22 10
 0 0 0 0 0 0 0 0 0 0 1 1 1 1 1 1 1 1 1 1 1 3 5 5 6 6 13 17 17 22 35 35 36 36 41 34 34 26 26 26 23 23 29 22 22 10
 0 0 0 0 0 0 0 0 0 0 0 0 0 1 1 1 1 1 1 2 2 2 5 5 7 7 12 19 19 17 33 33 25 25 29 26 26 19 26 26 27 27 31 36 36 17
 0 0 0 0 0 0 0 0 0 0 0 0 0 1 1 1 1 1 1 2 2 2 5 5 7 7 12 19 19 17 33 33 25 25 29 26 26 19 26 26 27 27 31 36 36 17
 0 0 0 0 0 0 0 0 0 0 0 0 0 0 0 0 1 1 1 1 1 2 5 5 9 9 16 18 18 15 20 20 19 19 22 16 16 16 23 23 25 25 23 35 35 17
 0 0 0 0 0 0 0 0 0 0 0 0 0 0 1 1 1 1 2 3 3 3 6 6 6 6 12 19 19 17 18 18 16 16 14 20 20 19 24 24 19 19 20 37 37 17
 0 0 0 0 0 0 0 0 0 0 0 0 0 0 1 1 1 1 2 3 3 3 6 6 6 6 12 19 19 17 18 18 16 16 14 20 20 19 24 24 19 19 20 37 37 17
 0 0 0 0 0 0 0 0 0 0 0 0 0 0 1 1 1 1 3 5 5 6 7 7 11 11 18 24 24 23 24 24 24 24 25 21 21 15 16 16 15 15 22 36 36 5
 0 0 0 0 0 0 0 0 0 0 0 0 0 0 0 0 1 1 1 2 2 3 4 4 9 9 9 19 19 22 23 23 23 23 21 18 18 11 11 11 14 14 5 1 1 5
 0 0 0 0 0 0 0 0 0 0 0 0 0 0 0 0 1 1 1 2 2 3 4 4 9 9 9 19 19 22 23 23 23 23 21 18 18 11 11 11 14 14 5 1 1 5
 0 0 0 0 0 0 0 0 0 0 0 0 0 0 0 0 1 1 1 1 1 2 3 3 7 7 7 13 13 21 20 20 19 19 14 15 15 22 10 10 2 2 2 1 1 2
 0 0 0 0 0 0 0 0 0 0 0 0 0 0 0 0 1 1 1 1 1 2 3 3 7 7 7 13 13 21 20 20 19 19 14 15 15 22 10 10 2 2 2 1 1 2
 0 0 0 0 0 0 0 0 0 0 0 0 0 0 0 0 0 0 0 1 1 1 2 2 4 4 4 6 6 9 11 11 10 10 8 9 9 17 4 4 3 3 3 2 2 2
 0 0 0 0 0 0 0 0 0 0 0 0 0 0 0 0 0 0 0 0 0 0 1 1 1 1 2 4 4 4 3 3 4 4 3 2 2 2 2 2 3 3 2 2 2 1
 0 0 0 0 0 0 0 0 0 0 0 0 0 0 0 0 0 0 0 0 0 0 1 1 1 1 2 4 4 4 3 3 4 4 3 2 2 2 2 2 3 3 2 2 2 1
 0 0 0 0 0 0 0 0 2 2 1 0 0 0 0 0 0 0 0 0 0 0 1 1 0 0 0 2 2 2 4 4 2 2 2 0 0 1 1 1 2 2 4 2 2 1
 0 0 0 0 0 0 1 1 2 2 1 0 0 0 0 0 0 0 0 0 0 0 0 0 0 0 0 2 2 2 2 2 2 2 2 1 1 1 1 1 4 4 6 6 6 6
 0 0 0 0 0 0 1 1 2 2 1 0 0 0 0 0 0 0 0 0 0 0 0 0 0 0 0 2 2 2 2 2 2 2 2 1 1 1 1 1 4 4 6 6 6 6
 0 0 1 0 0 0 0 0 1 1 0 0 0 0 0 0 1 1 0 1 1 0 0 0 0 0 0 0 0 0 2 2 2 2 3 3 3 2 2 2 4 4 6 6 6 6
 0 0 1 0 0 0 0 0 1 1 0 0 0 0 0 0 1 1 0 1 1 0 0 0 0 0 0 0 0 0 2 2 2 2 3 3 3 2 2 2 4 4 6 6 6 6
 1 1 1 0 0 1 0 0 0 0 0 0 0 0 0 0 0 0 0 1 1 1 0 0 0 0 0 0 0 0 1 1 2 2 4 3 3 2 3 3 3 3 3 5 5 4
 4 4 3 1 1 1 0 0 0 0 0 0 0 0 0 0 0 0 0 0 0 0 0 0 0 0 0 0 0 0 0 0 1 1 2 2 2 2 2 2 1 1 1 3 3 3
 4 4 3 1 1 1 0 0 0 0 0 0 0 0 0 0 0 0 0 0 0 0 0 0 0 0 0 0 0 0 0 0 1 1 2 2 2 2 2 2 1 1 1 3 3 3
 1 1 2 0 0 0 0 0 0 0 0 0 0 0 0 0 0 0 0 0 0 0 0 0 0 0 0 0 0 0 0 0 0 0 2 1 1 2 1 1 1 1 0 2 2 2
 0 0 1 0 0 0 0 0 0 0 0 0 0 0 0 0 0 0 0 0 0 0 0 0 0 0 0 0 0 0 0 0 0 0 0 1 1 2 2 2 2 2 0 0 0 1
