assets/RAT_results/precipitation/2021-07-22_IMERG.asc
ncols        46
nrows        77
xllcorner    74.800261325624
yllcorner    8.058333333333
cellsize     0.062500000000
NODATA_value -9999
 29 29 27 26 26 36 38 38 40 40 41 49 49 36 35 35 40 40 43 40 40 48 46 46 43 43 41 35 35 11 10 10 9 9 11 10 10 11 8 8 7 7 7 7 7 6
 25 25 24 22 22 28 32 32 31 31 33 36 36 26 31 31 26 26 28 36 36 36 36 36 33 33 28 28 28 11 10 10 8 8 6 6 6 6 6 6 5 5 5 6 6 4
 25 25 24 22 22 28 32 32 31 31 33 36 36 26 31 31 26 26 28 36 36 36 36 36 33 33 28 28 28 11 10 10 8 8 6 6 6 6 6 6 5 5 5 6 6 4
 22 22 22 23 23 23 29 29 23 23 27 29 29 22 20 20 20 20 23 24 24 29 25 25 20 20 16 13 13 10 7 7 6 6 5 5 5 4 4 4 4 4 4 5 5 2
 9 9 19 21 21 17 25 25 21 21 23 20 20 21 17 17 17 17 18 16 16 15 19 19 17 17 12 12 12 8 4 4 3 3 3 3 3 3 4 4 4 4 2 2 2 2
 9 9 19 21 21 17 25 25 21 21 23 20 20 21 17 17 17 17 18 16 16 15 19 19 17 17 12 12 12 8 4 4 3 3 3 3 3 3 4 4 4 4 2 2 2 2
 10 10 17 20 20 16 12 12 19 19 13 19 19 21 15 15 14 14 16 9 9 8 12 12 11 11 11 7 7 6 4 4 3 3 3 3 3 3 4 4 2 2 1 1 1 1
 10 10 17 20 20 16 12 12 19 19 13 19 19 21 15 15 14 14 16 9 9 8 12 12 11 11 11 7 7 6 4 4 3 3 3 3 3 3 4 4 2 2 1 1 1 1
 11 11 14 20 20 17 9 9 12 12 12 14 14 16 15 15 13 13 9 8 8 10 11 11 9 9 11 10 10 4 4 4 2 2 3 4 4 3 3 3 2 2 1 1 1 1
 5 5 7 11 11 13 10 10 12 12 5 9 9 10 11 11 9 9 14 11 11 10 8 8 8 8 8 8 8 3 4 4 2 2 2 2 2 2 2 2 1 1 1 1 1 1
 5 5 7 11 11 13 10 10 12 12 5 9 9 10 11 11 9 9 14 11 11 10 8 8 8 8 8 8 8 3 4 4 2 2 2 2 2 2 2 2 1 1 1 1 1 1
 1 1 5 6 6 10 10 10 4 4 3 3 3 7 7 7 9 9 12 10 10 8 5 5 4 4 9 8 8 3 3 3 2 2 2 3 3 2 2 2 2 2 1 1 1 1
 3 3 7 6 6 9 10 10 6 6 4 2 2 3 4 4 9 9 9 8 8 10 7 7 4 4 4 4 4 4 2 2 2 2 2 3 3 2 2 2 2 2 2 1 1 1
 3 3 7 6 6 9 10 10 6 6 4 2 2 3 4 4 9 9 9 8 8 10 7 7 4 4 4 4 4 4 2 2 2 2 2 3 3 2 2 2 2 2 2 1 1 1
 8 8 9 2 2 8 8 8 7 7 6 5 5 4 3 3 7 7 8 5 5 5 6 6 9 9 5 2 2 3 2 2 2 2 2 2 2 2 3 3 2 2 2 1 1 1
 8 8 9 2 2 8 8 8 7 7 6 5 5 4 3 3 7 7 8 5 5 5 6 6 9 9 5 2 2 3 2 2 2 2 2 2 2 2 3 3 2 2 2 1 1 1
 6 6 5 3 3 4 5 5 9 9 7 7 7 5 4 4 4 4 7 12 12 8 5 5 3 3 3 1 1 2 2 2 2 2 1 2 2 1 1 1 1 1 1 1 1 1
 7 7 2 2 2 4 5 5 5 5 8 7 7 4 2 2 3 3 7 11 11 10 6 6 5 5 6 1 1 1 2 2 1 1 1 1 1 1 1 1 1 1 1 1 1 1
 7 7 2 2 2 4 5 5 5 5 8 7 7 4 2 2 3 3 7 11 11 10 6 6 5 5 6 1 1 1 2 2 1 1 1 1 1 1 1 1 1 1 1 1 1 1
 3 3 3 3 3 6 3 3 2 2 3 9 9 6 3 3 3 3 12 9 9 12 4 4 3 3 5 2 2 1 2 2 1 1 1 1 1 1 1 1 1 1 0 0 0 0
 2 2 2 3 3 6 2 2 2 2 4 9 9 7 5 5 8 8 20 9 9 12 4 4 3 3 2 2 2 3 2 2 2 2 1 1 1 1 0 0 0 0 1 0 0 0
 2 2 2 3 3 6 2 2 2 2 4 9 9 7 5 5 8 8 20 9 9 12 4 4 3 3 2 2 2 3 2 2 2 2 1 1 1 1 0 0 0 0 1 0 0 0
 3 3 3 4 4 8 3 3 2 2 4 7 7 11 30 30 29 29 23 22 22 9 4 4 5 5 5 6 6 5 2 2 3 3 3 3 3 2 1 1 1 1 1 0 0 1
 3 3 3 4 4 8 3 3 2 2 4 7 7 11 30 30 29 29 23 22 22 9 4 4 5 5 5 6 6 5 2 2 3 3 3 3 3 2 1 1 1 1 1 0 0 1
 3 3 3 6 6 8 2 2 2 2 2 8 8 15 17 17 15 15 16 9 9 6 2 2 3 3 2 2 2 4 4 4 3 3 2 2 2 2 2 2 2 2 1 2 2 1
 4 4 3 6 6 5 2 2 2 2 2 6 6 11 16 16 20 20 10 5 5 2 2 2 1 1 3 3 3 3 2 2 2 2 2 2 2 2 2 2 1 1 1 1 1 1
 4 4 3 6 6 5 2 2 2 2 2 6 6 11 16 16 20 20 10 5 5 2 2 2 1 1 3 3 3 3 2 2 2 2 2 2 2 2 2 2 1 1 1 1 1 1
 7 7 3 2 2 1 1 1 2 2 3 3 3 7 8 8 13 13 8 4 4 3 3 3 3 3 2 3 3 4 1 1 1 1 1 1 1 1 1 1 1 1 1 1 1 1
 7 7 1 1 1 1 2 2 2 2 3 3 3 4 6 6 18 18 9 2 2 3 3 3 2 2 3 6 6 5 1 1 1 1 1 2 2 1 1 1 1 1 1 1 1 1
 7 7 1 1 1 1 2 2 2 2 3 3 3 4 6 6 18 18 9 2 2 3 3 3 2 2 3 6 6 5 1 1 1 1 1 2 2 1 1 1 1 1 1 1 1 1
 4 4 1 2 2 2 2 2 3 3 3 3 3 3 4 4 15 15 9 2 2 2 2 2 2 2 2 2 2 5 1 1 1 1 1 1 1 1 2 2 2 2 1 1 1 0
 4 4 1 2 2 2 2 2 3 3 3 3 3 3 4 4 15 15 9 2 2 2 2 2 2 2 2 2 2 5 1 1 1 1 1 1 1 1 2 2 2 2 1 1 1 0
 3 3 2 3 3 3 2 2 3 3 3 3 3 5 4 4 11 11 10 7 7 9 4 4 6 6 2 2 2 2 2 2 2 2 1 1 1 1 2 2 2 2 1 1 1 0
 1 1 1 2 2 3 3 3 4 4 3 3 3 3 2 2 8 8 13 7 7 3 3 3 2 2 1 1 1 1 1 1 1 1 1 1 1 1 1 1 1 1 1 0 0 0
 1 1 1 2 2 3 3 3 4 4 3 3 3 3 2 2 8 8 13 7 7 3 3 3 2 2 1 1 1 1 1 1 1 1 1 1 1 1 1 1 1 1 1 0 0 0
 1 1 1 2 2 2 3 3 3 3 3 2 2 2 2 2 7 7 12 7 7 4 3 3 2 2 1 1 1 1 1 1 2 2 2 2 2 2 2 2 1 1 1 0 0 0
 1 1 1 2 2 3 3 3 3 3 2 2 2 2 2 2 4 4 5 6 6 6 3 3 2 2 1 5 5 1 2 2 2 2 2 3 3 2 2 2 1 1 0 0 0 0
 1 1 1 2 2 3 3 3 3 3 2 2 2 2 2 2 4 4 5 6 6 6 3 3 2 2 1 5 5 1 2 2 2 2 2 3 3 2 2 2 1 1 0 0 0 0
 1 1 1 1 1 2 3 3 2 2 2 2 2 3 2 2 5 5 5 7 7 7 7 7 7 7 2 3 3 3 3 3 2 2 3 3 3 3 2 2 1 1 0 0 0 0
 1 1 1 1 1 2 3 3 2 2 2 2 2 3 2 2 5 5 5 7 7 7 7 7 7 7 2 3 3 3 3 3 2 2 3 3 3 3 2 2 1 1 0 0 0 0
 1 1 1 1 1 1 1 1 1 1 2 3 3 3 3 3 1 1 2 8 8 7 8 8 8 8 4 4 4 3 2 2 3 3 4 3 3 2 2 2 1 1 1 0 0 0
 1 1 1 1 1 1 2 2 2 2 3 4 4 3 2 2 1 1 1 2 2 4 6 6 4 4 4 5 5 2 2 2 5 5 5 6 6 6 2 2 2 2 1 1 1 1
 1 1 1 1 1 1 2 2 2 2 3 4 4 3 2 2 1 1 1 2 2 4 6 6 4 4 4 5 5 2 2 2 5 5 5 6 6 6 2 2 2 2 1 1 1 1
 1 1 1 1 1 2 1 1 1 1 2 2 2 1 1 1 1 1 2 2 2 4 3 3 5 5 12 5 5 1 2 2 2 2 1 4 4 6 2 2 2 2 1 1 1 2
 1 1 1 1 1 2 1 1 1 1 1 1 1 1 1 1 1 1 2 3 3 3 5 5 14 14 17 5 5 1 1 1 1 1 4 3 3 2 1 1 1 1 1 1 1 1
 1 1 1 1 1 2 1 1 1 1 1 1 1 1 1 1 1 1 2 3 3 3 5 5 14 14 17 5 5 1 1 1 1 1 4 3 3 2 1 1 1 1 1 1 1 1
 0 0 1 1 1 1 1 1 1 1 2 2 2 1 2 2 1 1 2 2 2 2 6 6 6 6 5 2 2 1 2 2 2 2 2 1 1 1 1 1 1 1 1 0 0 0
 0 0 1 1 1 1 1 1 1 1 2 2 2 1 2 2 1 1 2 2 2 2 6 6 6 6 5 2 2 1 2 2 2 2 2 1 1 1 1 1 1 1 1 0 0 0
 0 0 1 1 1 1 1 1 2 2 3 2 2 3 3 3 2 2 1 1 1 2 8 8 8 8 5 1 1 1 2 2 3 3 1 1 1 1 1 1 1 1 1 0 0 0
 0 0 0 1 1 1 1 1 3 3 3 3 3 3 3 3 3 3 1 1 1 1 3 3 13 13 3 3 3 1 1 1 3 3 3 1 1 2 2 2 2 2 1 0 0 0
 0 0 0 1 1 1 1 1 3 3 3 3 3 3 3 3 3 3 1 1 1 1 3 3 13 13 3 3 3 1 1 1 3 3 3 1 1 2 2 2 2 2 1 0 0 0
 1 1 1 1 1 2 1 1 4 4 3 2 2 3 3 3 1 1 1 1 1 1 5 5 12 12 3 2 2 3 1 1 7 7 7 4 4 2 2 2 1 1 1 0 0 1
 1 1 1 1 1 1 1 1 5 5 3 2 2 3 2 2 0 0 2 2 2 1 6 6 9 9 3 1 1 1 1 1 1 1 3 3 3 5 5 5 2 2 1 1 1 3
 1 1 1 1 1 1 1 1 5 5 3 2 2 3 2 2 0 0 2 2 2 1 6 6 9 9 3 1 1 1 1 1 1 1 3 3 3 5 5 5 2 2 1 1 1 3
 1 1 1 1 1 1 2 2 2 2 2 2 2 2 2 2 3 3 3 3 3 4 2 2 2 2 3 1 1 1 1 1 1 1 1 2 2 2 1 1 1 1 1 2 2 4
 1 1 1 1 1 1 2 2 2 2 2 2 2 2 2 2 3 3 3 3 3 4 2 2 2 2 3 1 1 1 1 1 1 1 1 2 2 2 1 1 1 1 1 2 2 4
 1 1 1 1 1 1 2 2 2 2 2 2 2 3 2 2 3 3 1 3 3 1 1 1 1 1 1 1 1 0 11 11 12 12 5 1 1 2 1 1 1 1 1 1 1 2
 1 1 1 1 1 1 1 1 2 2 2 2 2 5 4 4 4 4 2 1 1 1 0 0 0 0 1 1 1 1 2 2 3 3 2 1 1 3 1 1 1 1 1 1 1 2
 1 1 1 1 1 1 1 1 2 2 2 2 2 5 4 4 4 4 2 1 1 1 0 0 0 0 1 1 1 1 2 2 3 3 2 1 1 3 1 1 1 1 1 1 1 2
 1 1 1 1 1 2 1 1 2 2 2 3 3 4 4 4 2 2 2 1 1 1 1 1 1 1 3 4 4 4 2 2 1 1 1 1 1 2 2 2 2 2 2 2 2 4
 3 3 1 1 1 2 1 1 2 2 2 1 1 6 2 2 2 2 2 1 1 2 2 2 3 3 3 3 3 2 2 2 1 1 1 1 1 1 2 2 3 3 4 3 3 3
 3 3 1 1 1 2 1 1 2 2 2 1 1 6 2 2 2 2 2 1 1 2 2 2 3 3 3 3 3 2 2 2 1 1 1 1 1 1 2 2 3 3 4 3 3 3
 5 5 3 3 3 2 1 1 1 1 1 1 1 2 3 3 5 5 5 4 4 2 2 2 3 3 2 3 3 11 1 1 1 1 1 1 1 2 3 3 4 4 4 2 2 1
 5 5 3 3 3 2 1 1 1 1 1 1 1 2 3 3 5 5 5 4 4 2 2 2 3 3 2 3 3 11 1 1 1 1 1 1 1 2 3 3 4 4 4 2 2 1
 2 2 3 5 5 2 1 1 1 1 1 1 1 1 2 2 4 4 3 3 3 3 2 2 1 1 1 1 1 7 2 2 1 1 1 2 2 4 3 3 3 3 3 1 1 0
 3 3 3 3 3 2 2 2 1 1 1 1 1 1 1 1 1 1 4 3 3 2 2 2 1 1 1 1 1 1 1 1 1 1 1 3 3 3 5 5 3 3 3 0 0 0
 3 3 3 3 3 2 2 2 1 1 1 1 1 1 1 1 1 1 4 3 3 2 2 2 1 1 1 1 1 1 1 1 1 1 1 3 3 3 5 5 3 3 3 0 0 0
 2 2 2 1 1 2 3 3 1 1 1 1 1 1 0 0 2 2 7 7 7 2 4 4 3 3 2 1 1 1 2 2 1 1 2 2 2 3 3 3 6 6 1 1 1 1
 1 1 1 1 1 1 1 1 1 1 0 0 0 0 0 0 2 2 4 5 5 1 2 2 3 3 2 3 3 2 2 2 2 2 3 3 3 2 2 2 2 2 3 3 3 1
 1 1 1 1 1 1 1 1 1 1 0 0 0 0 0 0 2 2 4 5 5 1 2 2 3 3 2 3 3 2 2 2 2 2 3 3 3 2 2 2 2 2 3 3 3 1
 1 1 1 0 0 0 0 0 0 0 0 0 0 0 0 0 2 2 5 0 0 0 1 1 1 1 0 2 2 1 1 1 2 2 4 4 4 3 3 3 4 4 3 3 3 1
 1 1 1 0 0 0 0 0 0 0 0 0 0 0 0 0 2 2 5 0 0 0 1 1 1 1 0 2 2 1 1 1 2 2 4 4 4 3 3 3 4 4 3 3 3 1
 1 1 1 0 0 0 0 0 0 0 1 0 0 0 0 0 0 0 1 0 0 0 1 1 1 1 0 2 2 7 3 3 3 3 7 7 7 6 6 6 3 3 3 6 6 2
 0 0 1 0 0 0 0 0 5 5 4 0 0 0 0 0 0 0 0 0 0 0 1 1 1 1 1 2 2 5 5 5 4 4 4 3 3 5 5 5 2 2 3 6 6 6
 0 0 1 0 0 0 0 0 5 5 4 0 0 0 0 0 0 0 0 0 0 0 1 1 1 1 1 2 2 5 5 5 4 4 4 3 3 5 5 5 2 2 3 6 6 6
 1 1 0 0 0 0 0 0 1 1 1 1 1 1 0 0 0 0 0 0 0 0 1 1 1 1 2 3 3 4 3 3 3 3 2 2 2 1 3 3 3 3 4 9 9 6
 2 2 1 0 0 0 1 1 1 1 4 16 16 4 1 1 0 0 0 1 1 2 2 2 3 3 3 3 3 3 2 2 1 1 2 2 2 1 1 1 1 1 2 2 2 2
