assets/RAT_results/precipitation/2021-10-09_IMERG.asc
ncols        46
nrows        77
xllcorner    74.800261325624
yllcorner    8.058333333333
cellsize     0.062500000000
NODATA_value -9999
 13 13 4 0 0 1 2 2 4 4 2 2 2 3 3 3 2 2 3 3 3 3 0 0 1 1 1 0 0 1 1 1 7 7 8 7 7 22 20 20 9 9 14 16 16 18
 13 13 5 1 1 2 4 4 4 4 2 2 2 1 3 3 2 2 3 2 2 2 4 4 7 7 3 1 1 1 3 3 7 7 7 6 6 10 7 7 14 14 14 14 14 18
 13 13 5 1 1 2 4 4 4 4 2 2 2 1 3 3 2 2 3 2 2 2 4 4 7 7 3 1 1 1 3 3 7 7 7 6 6 10 7 7 14 14 14 14 14 18
 23 23 18 6 6 2 2 2 3 3 2 1 1 1 2 2 4 4 2 1 1 1 1 1 5 5 2 0 0 1 1 1 7 7 6 10 10 7 8 8 8 8 5 3 3 8
 20 20 19 16 16 7 2 2 2 2 2 2 2 1 3 3 4 4 2 1 1 1 1 1 0 0 0 1 1 1 1 1 6 6 1 5 5 3 3 3 4 4 2 2 2 2
 20 20 19 16 16 7 2 2 2 2 2 2 2 1 3 3 4 4 2 1 1 1 1 1 0 0 0 1 1 1 1 1 6 6 1 5 5 3 3 3 4 4 2 2 2 2
 21 21 24 29 29 7 1 1 1 1 2 1 1 1 1 1 2 2 2 2 2 2 0 0 0 0 0 1 1 1 1 1 0 0 3 2 2 3 2 2 1 1 2 1 1 1
 21 21 24 29 29 7 1 1 1 1 2 1 1 1 1 1 2 2 2 2 2 2 0 0 0 0 0 1 1 1 1 1 0 0 3 2 2 3 2 2 1 1 2 1 1 1
 35 35 26 31 31 16 6 6 1 1 1 1 1 1 1 1 1 1 1 1 1 1 0 0 0 0 0 0 0 0 0 0 1 1 0 2 2 1 3 3 2 2 2 2 2 1
 9 9 25 31 31 35 9 9 1 1 1 1 1 1 1 1 0 0 0 0 0 0 0 0 0 0 0 0 0 0 0 0 0 0 1 1 1 2 2 2 8 8 8 4 4 3
 9 9 25 31 31 35 9 9 1 1 1 1 1 1 1 1 0 0 0 0 0 0 0 0 0 0 0 0 0 0 0 0 0 0 1 1 1 2 2 2 8 8 8 4 4 3
 9 9 10 7 7 33 11 11 2 2 1 1 1 1 1 1 0 0 0 1 1 0 0 0 0 0 0 0 0 0 1 1 0 0 0 1 1 2 4 4 4 4 7 7 7 4
 6 6 8 4 4 4 12 12 5 5 2 1 1 1 1 1 1 1 1 1 1 0 1 1 0 0 0 0 0 0 2 2 0 0 1 2 2 2 4 4 4 4 5 4 4 8
 6 6 8 4 4 4 12 12 5 5 2 1 1 1 1 1 1 1 1 1 1 0 1 1 0 0 0 0 0 0 2 2 0 0 1 2 2 2 4 4 4 4 5 4 4 8
 5 5 8 4 4 8 9 9 9 9 6 2 2 2 1 1 2 2 1 0 0 0 0 0 0 0 0 0 0 1 0 0 0 0 0 2 2 2 3 3 5 5 13 13 13 7
 5 5 8 4 4 8 9 9 9 9 6 2 2 2 1 1 2 2 1 0 0 0 0 0 0 0 0 0 0 1 0 0 0 0 0 2 2 2 3 3 5 5 13 13 13 7
 6 6 5 5 5 15 14 14 17 17 6 1 1 0 0 0 1 1 1 0 0 0 0 0 0 0 0 0 0 0 0 0 0 0 1 1 1 1 3 3 4 4 13 14 14 13
 10 10 8 9 9 18 19 19 16 16 17 6 6 1 0 0 0 0 0 0 0 0 0 0 0 0 0 0 0 0 0 0 0 0 1 1 1 1 3 3 4 4 3 5 5 6
 10 10 8 9 9 18 19 19 16 16 17 6 6 1 0 0 0 0 0 0 0 0 0 0 0 0 0 0 0 0 0 0 0 0 1 1 1 1 3 3 4 4 3 5 5 6
 13 13 9 10 10 9 17 17 23 23 23 9 9 4 0 0 0 0 0 0 0 0 0 0 0 0 0 0 0 0 0 0 0 0 0 1 1 1 1 1 1 1 2 2 2 3
 13 13 17 9 9 9 11 11 21 21 16 2 2 4 0 0 0 0 0 0 0 0 0 0 0 0 0 0 0 0 0 0 0 0 1 1 1 1 3 3 4 4 1 2 2 2
 13 13 17 9 9 9 11 11 21 21 16 2 2 4 0 0 0 0 0 0 0 0 0 0 0 0 0 0 0 0 0 0 0 0 1 1 1 1 3 3 4 4 1 2 2 2
 12 12 15 14 14 18 15 15 26 26 14 5 5 3 4 4 2 2 0 0 0 0 0 0 0 0 0 0 0 0 0 0 1 1 1 1 1 2 1 1 1 1 2 2 2 3
 12 12 15 14 14 18 15 15 26 26 14 5 5 3 4 4 2 2 0 0 0 0 0 0 0 0 0 0 0 0 0 0 1 1 1 1 1 2 1 1 1 1 2 2 2 3
 12 12 17 22 22 19 27 27 28 28 24 11 11 4 4 4 3 3 2 1 1 0 0 0 0 0 0 1 1 1 2 2 1 1 1 1 1 2 4 4 2 2 2 4 4 5
 13 13 16 20 20 22 22 22 46 46 28 19 19 11 9 9 9 9 4 2 2 1 0 0 6 6 2 0 0 2 0 0 0 0 0 0 0 2 3 3 2 2 4 3 3 4
 13 13 16 20 20 22 22 22 46 46 28 19 19 11 9 9 9 9 4 2 2 1 0 0 6 6 2 0 0 2 0 0 0 0 0 0 0 2 3 3 2 2 4 3 3 4
 18 18 19 33 33 33 16 16 29 29 37 35 35 25 24 24 13 13 10 4 4 4 5 5 8 8 10 3 3 2 1 1 0 0 0 0 0 2 2 2 1 1 4 3 3 3
 15 15 17 28 28 29 48 48 55 55 59 44 44 19 19 19 14 14 13 7 7 3 10 10 11 11 10 2 2 2 1 1 0 0 0 0 0 0 2 2 2 2 4 3 3 0
 15 15 17 28 28 29 48 48 55 55 59 44 44 19 19 19 14 14 13 7 7 3 10 10 11 11 10 2 2 2 1 1 0 0 0 0 0 0 2 2 2 2 4 3 3 0
 31 31 30 41 41 37 48 48 49 49 39 23 23 16 11 11 11 11 9 7 7 5 4 4 3 3 7 5 5 2 2 2 1 1 1 1 1 0 1 1 2 2 1 1 1 1
 31 31 30 41 41 37 48 48 49 49 39 23 23 16 11 11 11 11 9 7 7 5 4 4 3 3 7 5 5 2 2 2 1 1 1 1 1 0 1 1 2 2 1 1 1 1
 55 55 33 37 37 53 50 50 28 28 23 12 12 11 11 11 10 10 16 12 12 2 0 0 0 0 1 2 2 2 1 1 3 3 2 1 1 0 1 1 1 1 1 0 0 0
 39 39 36 48 48 31 24 24 31 31 20 9 9 9 18 18 15 15 11 10 10 2 1 1 0 0 0 1 1 1 2 2 2 2 1 2 2 1 2 2 1 1 0 0 0 0
 39 39 36 48 48 31 24 24 31 31 20 9 9 9 18 18 15 15 11 10 10 2 1 1 0 0 0 1 1 1 2 2 2 2 1 2 2 1 2 2 1 1 0 0 0 0
 25 25 29 39 39 31 21 21 29 29 19 14 14 14 16 16 21 21 9 10 10 5 2 2 0 0 0 0 0 1 1 1 2 2 2 2 2 2 1 1 1 1 0 0 0 0
 14 14 23 24 24 32 34 34 29 29 21 17 17 15 25 25 27 27 17 8 8 8 4 4 2 2 1 2 2 1 3 3 2 2 5 2 2 1 1 1 0 0 0 0 0 0
 14 14 23 24 24 32 34 34 29 29 21 17 17 15 25 25 27 27 17 8 8 8 4 4 2 2 1 2 2 1 3 3 2 2 5 2 2 1 1 1 0 0 0 0 0 0
 12 12 13 16 16 23 29 29 13 13 37 19 19 26 27 27 24 24 24 11 11 9 5 5 2 2 2 2 2 4 4 4 5 5 4 3 3 1 0 0 0 0 0 0 0 0
 12 12 13 16 16 23 29 29 13 13 37 19 19 26 27 27 24 24 24 11 11 9 5 5 2 2 2 2 2 4 4 4 5 5 4 3 3 1 0 0 0 0 0 0 0 0
 13 13 14 16 16 22 26 26 24 24 34 18 18 26 39 39 29 29 21 13 13 7 7 7 4 4 7 5 5 5 3 3 2 2 2 4 4 3 2 2 0 0 0 1 1 1
 19 19 21 22 22 23 28 28 24 24 31 20 20 26 31 31 42 42 33 38 38 11 10 10 5 5 5 6 6 4 4 4 3 3 1 3 3 3 3 3 2 2 1 1 1 1
 19 19 21 22 22 23 28 28 24 24 31 20 20 26 31 31 42 42 33 38 38 11 10 10 5 5 5 6 6 4 4 4 3 3 1 3 3 3 3 3 2 2 1 1 1 1
 22 22 23 33 33 35 36 36 29 29 35 52 52 50 41 41 43 43 33 38 38 16 9 9 7 7 6 5 5 5 5 5 4 4 2 3 3 5 4 4 4 4 2 1 1 0
 32 32 31 36 36 41 39 39 36 36 20 35 35 26 52 52 42 42 29 38 38 40 11 11 14 14 9 7 7 6 5 5 4 4 4 3 3 4 3 3 3 3 1 0 0 1
 32 32 31 36 36 41 39 39 36 36 20 35 35 26 52 52 42 42 29 38 38 40 11 11 14 14 9 7 7 6 5 5 4 4 4 3 3 4 3 3 3 3 1 0 0 1
 31 31 31 54 54 81 74 74 45 45 20 25 25 26 46 46 45 45 41 54 54 57 68 68 15 15 13 7 7 7 7 7 5 5 5 5 5 4 2 2 3 3 2 2 2 1
 31 31 31 54 54 81 74 74 45 45 20 25 25 26 46 46 45 45 41 54 54 57 68 68 15 15 13 7 7 7 7 7 5 5 5 5 5 4 2 2 3 3 2 2 2 1
 39 39 49 58 58 56 63 63 35 35 23 24 24 27 41 41 42 42 62 57 57 56 54 54 21 21 20 10 10 11 8 8 7 7 5 5 5 4 3 3 3 3 1 1 1 1
 46 46 45 46 46 52 49 49 49 49 40 38 38 28 31 31 35 35 51 48 48 63 47 47 27 27 22 13 13 13 12 12 6 6 8 6 6 6 5 5 4 4 3 2 2 1
 46 46 45 46 46 52 49 49 49 49 40 38 38 28 31 31 35 35 51 48 48 63 47 47 27 27 22 13 13 13 12 12 6 6 8 6 6 6 5 5 4 4 3 2 2 1
 44 44 48 58 58 49 119 119 45 45 41 36 36 38 39 39 55 55 54 72 72 58 42 42 26 26 22 18 18 18 18 18 16 16 13 12 12 9 6 6 6 6 5 2 2 2
 83 83 89 61 61 51 122 122 61 61 64 37 37 38 38 38 57 57 51 85 85 103 82 82 36 36 30 26 26 31 23 23 20 20 16 17 17 10 9 9 6 6 4 2 2 2
 83 83 89 61 61 51 122 122 61 61 64 37 37 38 38 38 57 57 51 85 85 103 82 82 36 36 30 26 26 31 23 23 20 20 16 17 17 10 9 9 6 6 4 2 2 2
 98 98 101 57 57 47 40 40 82 82 83 36 36 40 36 36 55 55 82 80 80 135 115 115 40 40 29 34 34 25 36 36 29 29 25 21 21 12 9 9 9 9 7 7 7 3
 98 98 101 57 57 47 40 40 82 82 83 36 36 40 36 36 55 55 82 80 80 135 115 115 40 40 29 34 34 25 36 36 29 29 25 21 21 12 9 9 9 9 7 7 7 3
 99 99 132 64 64 59 42 42 85 85 84 128 128 36 38 38 48 48 114 75 75 76 39 39 49 49 34 40 40 32 37 37 31 31 31 19 19 19 18 18 17 17 9 7 7 3
 87 87 132 63 63 41 28 28 32 32 37 37 37 37 44 44 53 53 108 67 67 75 102 102 69 69 46 39 39 39 44 44 35 35 26 25 25 22 21 21 20 20 11 4 4 2
 87 87 132 63 63 41 28 28 32 32 37 37 37 37 44 44 53 53 108 67 67 75 102 102 69 69 46 39 39 39 44 44 35 35 26 25 25 22 21 21 20 20 11 4 4 2
 99 99 99 51 51 50 33 33 38 38 39 41 41 36 82 82 84 84 139 75 75 68 43 43 47 47 44 40 40 42 44 44 37 37 32 29 29 27 20 20 20 20 13 7 7 3
 86 86 81 34 34 49 36 36 42 42 61 80 80 51 102 102 83 83 143 67 67 57 25 25 48 48 49 42 42 46 42 42 43 43 47 39 39 39 21 21 22 22 15 8 8 4
 86 86 81 34 34 49 36 36 42 42 61 80 80 51 102 102 83 83 143 67 67 57 25 25 48 48 49 42 42 46 42 42 43 43 47 39 39 39 21 21 22 22 15 8 8 4
 49 49 60 30 30 32 41 41 37 37 78 75 75 62 108 108 118 118 118 32 32 23 20 20 39 39 42 39 39 47 38 38 46 46 47 45 45 42 28 28 17 17 16 11 11 7
 49 49 60 30 30 32 41 41 37 37 78 75 75 62 108 108 118 118 118 32 32 23 20 20 39 39 42 39 39 47 38 38 46 46 47 45 45 42 28 28 17 17 16 11 11 7
 42 42 57 20 20 21 39 39 35 35 75 78 78 87 69 69 129 129 120 31 31 35 27 27 30 30 49 52 52 51 47 47 34 34 32 25 25 24 22 22 17 17 11 8 8 7
 20 20 18 18 18 20 20 20 18 18 23 58 58 49 69 69 129 129 54 57 57 26 39 39 33 33 45 38 38 50 41 41 37 37 28 23 23 22 16 16 14 14 9 8 8 7
 20 20 18 18 18 20 20 20 18 18 23 58 58 49 69 69 129 129 54 57 57 26 39 39 33 33 45 38 38 50 41 41 37 37 28 23 23 22 16 16 14 14 9 8 8 7
 14 14 17 18 18 6 9 9 10 10 17 47 47 44 38 38 22 22 21 29 29 25 37 37 32 32 37 48 48 62 42 42 35 35 22 20 20 18 14 14 12 12 8 5 5 3
 11 11 11 15 15 5 8 8 8 8 15 17 17 10 9 9 13 13 19 26 26 22 20 20 12 12 12 14 14 46 44 44 29 29 21 17 17 9 11 11 9 9 8 7 7 3
 11 11 11 15 15 5 8 8 8 8 15 17 17 10 9 9 13 13 19 26 26 22 20 20 12 12 12 14 14 46 44 44 29 29 21 17 17 9 11 11 9 9 8 7 7 3
 4 4 5 4 4 5 5 5 8 8 6 12 12 5 5 5 8 8 13 15 15 18 10 10 12 12 15 13 13 13 21 21 16 16 19 15 15 9 7 7 5 5 7 5 5 5
 4 4 5 4 4 5 5 5 8 8 6 12 12 5 5 5 8 8 13 15 15 18 10 10 12 12 15 13 13 13 21 21 16 16 19 15 15 9 7 7 5 5 7 5 5 5
 3 3 6 5 5 5 5 5 7 7 5 4 4 4 5 5 6 6 5 14 14 17 13 13 13 13 14 8 8 10 13 13 11 11 12 8 8 5 6 6 6 6 6 5 5 4
 2 2 3 3 3 5 5 5 6 6 5 4 4 4 4 4 6 6 5 10 10 6 14 14 14 14 16 10 10 10 6 6 6 6 6 8 8 6 9 9 6 6 6 4 4 4
 2 2 3 3 3 5 5 5 6 6 5 4 4 4 4 4 6 6 5 10 10 6 14 14 14 14 16 10 10 10 6 6 6 6 6 8 8 6 9 9 6 6 6 4 4 4
 1 1 1 3 3 4 4 4 5 5 4 3 3 3 2 2 2 2 1 6 6 5 14 14 14 14 11 10 10 5 5 5 4 4 5 7 7 6 8 8 7 7 7 6 6 5
 1 1 1 2 2 2 3 3 3 3 4 2 2 2 1 1 1 1 1 2 2 2 13 13 13 13 9 9 9 3 3 3 4 4 1 2 2 3 7 7 5 5 6 2 2 4
