assets/RAT_results/precipitation/2021-03-24_IMERG.asc
ncols        46
nrows        77
xllcorner    74.800261325624
yllcorner    8.058333333333
cellsize     0.062500000000
NODATA_value -9999
 7 7 8 8 8 8 1 1 24 24 45 88 88 26 24 24 4 4 1 0 0 0 0 0 0 0 0 0 0 0 0 0 0 0 0 0 0 0 0 0 0 0 0 0 0 0
 7 7 9 11 11 11 3 3 25 25 28 22 22 20 2 2 1 1 0 0 0 0 0 0 0 0 1 0 0 0 0 0 0 0 0 0 0 0 0 0 0 0 0 0 0 0
 7 7 9 11 11 11 3 3 25 25 28 22 22 20 2 2 1 1 0 0 0 0 0 0 0 0 1 0 0 0 0 0 0 0 0 0 0 0 0 0 0 0 0 0 0 0
 22 22 13 12 12 12 13 13 12 12 15 8 8 3 0 0 1 1 0 0 0 0 0 0 0 0 0 0 0 0 0 0 0 0 0 0 0 0 0 0 0 0 0 0 0 0
 24 24 5 4 4 4 6 6 6 6 8 9 9 2 0 0 0 0 0 0 0 0 0 0 0 0 0 0 0 0 0 0 0 0 0 0 0 0 0 0 0 0 0 0 0 0
 24 24 5 4 4 4 6 6 6 6 8 9 9 2 0 0 0 0 0 0 0 0 0 0 0 0 0 0 0 0 0 0 0 0 0 0 0 0 0 0 0 0 0 0 0 0
 23 23 22 6 6 7 5 5 8 8 14 5 5 1 0 0 0 0 0 0 0 0 0 0 0 0 0 0 0 0 0 0 0 0 0 0 0 0 0 0 0 0 0 0 0 0
 23 23 22 6 6 7 5 5 8 8 14 5 5 1 0 0 0 0 0 0 0 0 0 0 0 0 0 0 0 0 0 0 0 0 0 0 0 0 0 0 0 0 0 0 0 0
 1 1 1 3 3 6 7 7 7 7 15 4 4 0 0 0 0 0 0 0 0 1 0 0 0 0 0 0 0 1 0 0 0 0 0 0 0 0 0 0 0 0 0 0 0 0
 1 1 2 4 4 8 6 6 4 4 1 13 13 1 1 1 0 0 0 0 0 1 1 1 0 0 0 0 0 0 0 0 0 0 0 0 0 0 0 0 0 0 0 0 0 0
 1 1 2 4 4 8 6 6 4 4 1 13 13 1 1 1 0 0 0 0 0 1 1 1 0 0 0 0 0 0 0 0 0 0 0 0 0 0 0 0 0 0 0 0 0 0
 1 1 2 24 24 29 11 11 9 9 7 1 1 1 0 0 0 0 2 1 1 1 0 0 0 0 0 0 0 0 0 0 0 0 1 0 0 0 0 0 0 0 0 0 0 0
 1 1 13 14 14 28 26 26 15 15 14 4 4 4 19 19 5 5 5 9 9 3 0 0 0 0 0 0 0 0 0 0 0 0 0 0 0 0 0 0 0 0 0 0 0 0
 1 1 13 14 14 28 26 26 15 15 14 4 4 4 19 19 5 5 5 9 9 3 0 0 0 0 0 0 0 0 0 0 0 0 0 0 0 0 0 0 0 0 0 0 0 0
 35 35 35 35 35 22 37 37 28 28 18 5 5 27 23 23 19 19 15 19 19 2 0 0 1 1 0 0 0 0 0 0 0 0 0 0 0 0 0 0 0 0 0 0 0 0
 35 35 35 35 35 22 37 37 28 28 18 5 5 27 23 23 19 19 15 19 19 2 0 0 1 1 0 0 0 0 0 0 0 0 0 0 0 0 0 0 0 0 0 0 0 0
 96 96 68 68 68 37 37 37 34 34 40 7 7 47 47 47 80 80 23 24 24 3 3 3 1 1 0 0 0 0 0 0 0 0 0 2 2 0 0 0 0 0 0 0 0 0
 96 96 83 81 81 66 44 44 36 36 39 22 22 10 30 30 80 80 37 15 15 3 4 4 3 3 1 0 0 0 0 0 0 0 0 0 0 0 0 0 0 0 0 0 0 0
 96 96 83 81 81 66 44 44 36 36 39 22 22 10 30 30 80 80 37 15 15 3 4 4 3 3 1 0 0 0 0 0 0 0 0 0 0 0 0 0 0 0 0 0 0 0
 94 94 78 78 78 65 43 43 41 41 35 20 20 6 4 4 25 25 1 2 2 2 0 0 0 0 0 0 0 0 0 0 0 0 0 0 0 0 0 0 0 0 0 0 0 0
 97 97 65 65 65 65 18 18 18 18 20 4 4 3 2 2 1 1 0 0 0 0 0 0 0 0 0 0 0 2 4 4 5 5 1 0 0 0 0 0 0 0 0 0 0 0
 97 97 65 65 65 65 18 18 18 18 20 4 4 3 2 2 1 1 0 0 0 0 0 0 0 0 0 0 0 2 4 4 5 5 1 0 0 0 0 0 0 0 0 0 0 0
 54 54 64 64 64 32 0 0 0 0 1 1 1 1 1 1 1 1 0 0 0 0 0 0 0 0 0 0 0 3 6 6 6 6 1 1 1 1 0 0 0 0 0 0 0 0
 54 54 64 64 64 32 0 0 0 0 1 1 1 1 1 1 1 1 0 0 0 0 0 0 0 0 0 0 0 3 6 6 6 6 1 1 1 1 0 0 0 0 0 0 0 0
 56 56 0 33 33 0 0 0 0 0 0 0 0 1 0 0 1 1 0 0 0 0 0 0 0 0 0 0 0 3 6 6 2 2 1 0 0 0 0 0 0 0 0 0 0 0
 1 1 0 0 0 0 0 0 0 0 0 0 0 0 0 0 0 0 0 0 0 0 0 0 0 0 0 1 1 3 2 2 1 1 0 0 0 0 0 0 0 0 0 0 0 0
 1 1 0 0 0 0 0 0 0 0 0 0 0 0 0 0 0 0 0 0 0 0 0 0 0 0 0 1 1 3 2 2 1 1 0 0 0 0 0 0 0 0 0 0 0 0
 1 1 0 0 0 0 0 0 0 0 0 0 0 0 0 0 1 1 0 0 0 0 0 0 0 0 0 1 1 2 3 3 1 1 0 0 0 0 0 0 0 0 0 0 0 0
 1 1 0 0 0 0 0 0 0 0 0 0 0 0 0 0 0 0 1 0 0 0 0 0 0 0 0 2 2 0 1 1 2 2 1 0 0 0 0 0 0 0 0 0 0 0
 1 1 0 0 0 0 0 0 0 0 0 0 0 0 0 0 0 0 1 0 0 0 0 0 0 0 0 2 2 0 1 1 2 2 1 0 0 0 0 0 0 0 0 0 0 0
 0 0 1 0 0 0 0 0 0 0 0 0 0 0 0 0 0 0 1 0 0 0 0 0 0 0 0 0 0 0 1 1 0 0 0 0 0 0 0 0 0 0 0 0 0 0
 0 0 1 0 0 0 0 0 0 0 0 0 0 0 0 0 0 0 1 0 0 0 0 0 0 0 0 0 0 0 1 1 0 0 0 0 0 0 0 0 0 0 0 0 0 0
 0 0 1 0 0 0 0 0 0 0 0 0 0 0 0 0 0 0 1 1 1 0 0 0 0 0 0 2 2 2 1 1 0 0 0 0 0 0 0 0 0 0 0 0 0 0
 0 0 0 0 0 0 0 0 0 0 0 0 0 0 0 0 0 0 1 1 1 1 0 0 1 1 3 6 6 3 1 1 0 0 0 0 0 0 0 0 0 0 0 0 0 0
 0 0 0 0 0 0 0 0 0 0 0 0 0 0 0 0 0 0 1 1 1 1 0 0 1 1 3 6 6 3 1 1 0 0 0 0 0 0 0 0 0 0 0 0 0 0
 0 0 0 0 0 0 0 0 0 0 0 1 1 1 1 1 1 1 1 2 2 1 1 1 1 1 9 4 4 3 3 3 0 0 0 0 0 0 0 0 0 0 0 0 0 0
 0 0 0 0 0 0 0 0 0 0 0 1 1 2 2 2 2 2 1 2 2 2 1 1 3 3 9 4 4 6 5 5 1 1 0 2 2 0 0 0 0 0 0 0 0 0
 0 0 0 0 0 0 0 0 0 0 0 1 1 2 2 2 2 2 1 2 2 2 1 1 3 3 9 4 4 6 5 5 1 1 0 2 2 0 0 0 0 0 0 0 0 0
 0 0 0 0 0 0 0 0 0 0 1 2 2 2 2 2 2 2 2 3 3 2 1 1 12 12 11 27 27 8 5 5 3 3 1 2 2 2 1 1 0 0 2 2 2 1
 0 0 0 0 0 0 0 0 0 0 1 2 2 2 2 2 2 2 2 3 3 2 1 1 12 12 11 27 27 8 5 5 3 3 1 2 2 2 1 1 0 0 2 2 2 1
 0 0 0 2 2 1 2 2 1 1 1 2 2 3 3 3 10 10 9 31 31 35 14 14 3 3 22 49 49 10 17 17 4 4 2 1 1 3 5 5 2 2 2 2 2 0
 0 0 1 5 5 1 4 4 3 3 3 3 3 10 10 10 69 69 69 73 73 36 15 15 8 8 12 17 17 17 21 21 19 19 2 2 2 4 2 2 1 1 1 2 2 0
 0 0 1 5 5 1 4 4 3 3 3 3 3 10 10 10 69 69 69 73 73 36 15 15 8 8 12 17 17 17 21 21 19 19 2 2 2 4 2 2 1 1 1 2 2 0
 3 3 1 10 10 9 5 5 5 5 4 5 5 72 71 71 69 69 68 73 73 21 20 20 11 11 2 6 6 15 72 72 34 34 4 4 4 3 5 5 6 6 1 0 0 0
 8 8 7 11 11 15 9 9 10 10 7 7 7 73 73 73 108 108 81 90 90 64 21 21 17 17 3 2 2 2 16 16 6 6 4 0 0 2 1 1 0 0 0 0 0 0
 8 8 7 11 11 15 9 9 10 10 7 7 7 73 73 73 108 108 81 90 90 64 21 21 17 17 3 2 2 2 16 16 6 6 4 0 0 2 1 1 0 0 0 0 0 0
 37 37 7 33 33 17 16 16 14 14 79 79 79 132 129 129 119 119 107 125 125 69 14 14 16 16 7 6 6 2 1 1 0 0 0 0 0 0 0 0 0 0 0 0 0 0
 37 37 7 33 33 17 16 16 14 14 79 79 79 132 129 129 119 119 107 125 125 69 14 14 16 16 7 6 6 2 1 1 0 0 0 0 0 0 0 0 0 0 0 0 0 0
 15 15 43 32 32 17 14 14 31 31 48 84 84 129 149 149 124 124 108 112 112 82 25 25 33 33 14 8 8 2 1 1 0 0 0 0 0 0 0 0 0 0 0 0 0 0
 13 13 42 37 37 12 11 11 20 20 33 111 111 102 113 113 107 107 94 79 79 80 34 34 42 42 16 8 8 2 0 0 0 0 0 0 0 0 2 2 1 1 0 0 0 0
 13 13 42 37 37 12 11 11 20 20 33 111 111 102 113 113 107 107 94 79 79 80 34 34 42 42 16 8 8 2 0 0 0 0 0 0 0 0 2 2 1 1 0 0 0 0
 46 46 12 21 21 19 13 13 12 12 12 9 9 9 75 75 111 111 95 77 77 83 40 40 33 33 18 10 10 43 10 10 4 4 0 0 0 0 1 1 0 0 0 0 0 0
 10 10 11 12 12 16 17 17 11 11 10 10 10 11 76 76 75 75 79 80 80 45 49 49 34 34 22 7 7 2 6 6 1 1 0 0 0 0 0 0 0 0 0 0 0 0
 10 10 11 12 12 16 17 17 11 11 10 10 10 11 76 76 75 75 79 80 80 45 49 49 34 34 22 7 7 2 6 6 1 1 0 0 0 0 0 0 0 0 0 0 0 0
 13 13 11 12 12 13 16 16 12 12 9 25 25 30 28 28 64 64 66 82 82 29 46 46 28 28 18 4 4 2 2 2 1 1 0 0 0 0 1 1 1 1 0 0 0 0
 13 13 11 12 12 13 16 16 12 12 9 25 25 30 28 28 64 64 66 82 82 29 46 46 28 28 18 4 4 2 2 2 1 1 0 0 0 0 1 1 1 1 0 0 0 0
 16 16 14 14 14 12 13 13 51 51 59 59 59 60 30 30 65 65 67 83 83 25 27 27 25 25 15 2 2 1 1 1 1 1 0 0 0 0 1 1 1 1 0 0 0 3
 24 24 23 24 24 71 25 25 57 57 63 61 61 60 63 63 67 67 80 82 82 82 23 23 14 14 5 2 2 1 1 1 1 1 1 0 0 0 1 1 1 1 0 0 0 0
 24 24 23 24 24 71 25 25 57 57 63 61 61 60 63 63 67 67 80 82 82 82 23 23 14 14 5 2 2 1 1 1 1 1 1 0 0 0 1 1 1 1 0 0 0 0
 29 29 30 41 41 101 118 118 111 111 144 144 144 99 89 89 91 91 79 84 84 82 16 16 11 11 4 2 2 1 1 1 1 1 1 0 0 0 1 1 0 0 0 0 0 0
 43 43 69 113 113 100 171 171 166 166 163 138 138 98 88 88 89 89 76 78 78 78 12 12 9 9 5 2 2 1 1 1 1 1 1 0 0 0 0 0 0 0 0 0 0 0
 43 43 69 113 113 100 171 171 166 166 163 138 138 98 88 88 89 89 76 78 78 78 12 12 9 9 5 2 2 1 1 1 1 1 1 0 0 0 0 0 0 0 0 0 0 0
 66 66 77 181 181 135 178 178 159 159 155 151 151 152 106 106 106 106 76 76 76 76 10 10 9 9 2 1 1 1 1 1 1 1 1 1 1 1 0 0 0 0 0 0 0 0
 66 66 77 181 181 135 178 178 159 159 155 151 151 152 106 106 106 106 76 76 76 76 10 10 9 9 2 1 1 1 1 1 1 1 1 1 1 1 0 0 0 0 0 0 0 0
 95 95 104 119 119 146 163 163 155 155 153 150 150 149 94 94 107 107 73 72 72 71 69 69 15 15 11 1 1 2 3 3 2 2 1 1 1 1 1 1 1 1 0 0 0 0
 58 58 78 114 114 136 164 164 151 151 150 149 149 149 93 93 68 68 67 68 68 59 60 60 5 5 11 1 1 2 3 3 5 5 8 0 0 1 1 1 1 1 0 0 0 0
 58 58 78 114 114 136 164 164 151 151 150 149 149 149 93 93 68 68 67 68 68 59 60 60 5 5 11 1 1 2 3 3 5 5 8 0 0 1 1 1 1 1 0 0 0 0
 58 58 74 89 89 142 164 164 151 151 147 105 105 66 68 68 14 14 69 8 8 62 63 63 9 9 11 15 15 43 15 15 24 24 17 1 1 1 2 2 1 1 1 1 1 0
 33 33 75 88 88 114 86 86 80 80 31 30 30 12 72 72 24 24 12 13 13 12 12 12 16 16 30 72 72 63 58 58 21 21 17 8 8 1 2 2 1 1 1 1 1 0
 33 33 75 88 88 114 86 86 80 80 31 30 30 12 72 72 24 24 12 13 13 12 12 12 16 16 30 72 72 63 58 58 21 21 17 8 8 1 2 2 1 1 1 1 1 0
 31 31 56 52 52 42 50 50 76 76 45 60 60 33 20 20 32 32 50 34 34 15 9 9 14 14 14 68 68 61 48 48 58 58 57 10 10 4 4 4 3 3 2 0 0 0
 31 31 56 52 52 42 50 50 76 76 45 60 60 33 20 20 32 32 50 34 34 15 9 9 14 14 14 68 68 61 48 48 58 58 57 10 10 4 4 4 3 3 2 0 0 0
 52 52 77 60 60 41 31 31 8 8 9 48 48 48 32 32 37 37 47 58 58 17 10 10 6 6 10 13 13 11 15 15 26 26 25 32 32 12 6 6 0 0 0 0 0 0
 28 28 32 30 30 23 11 11 15 15 7 22 22 16 25 25 26 26 61 19 19 15 9 9 7 7 9 23 23 37 16 16 28 28 45 32 32 13 9 9 0 0 0 0 0 0
 28 28 32 30 30 23 11 11 15 15 7 22 22 16 25 25 26 26 61 19 19 15 9 9 7 7 9 23 23 37 16 16 28 28 45 32 32 13 9 9 0 0 0 0 0 0
 17 17 10 10 10 10 10 10 13 13 9 16 16 47 38 38 37 37 38 14 14 12 13 13 11 11 11 33 33 33 16 16 11 11 3 26 26 19 3 3 3 3 2 0 0 0
 9 9 8 8 8 9 14 14 18 18 24 56 56 58 54 54 48 48 35 12 12 13 6 6 13 13 37 12 12 8 4 4 2 2 2 0 0 0 0 0 2 2 3 0 0 0
