assets/RAT_results/precipitation/2021-11-27_IMERG.asc
ncols        46
nrows        77
xllcorner    74.800261325624
yllcorner    8.058333333333
cellsize     0.062500000000
NODATA_value -9999
 2 2 0 0 0 1 0 0 0 0 1 0 0 0 0 0 0 0 0 1 1 0 0 0 0 0 0 1 1 0 1 1 1 1 1 1 1 1 2 2 2 2 3 4 4 6
 1 1 1 1 1 1 0 0 0 0 1 0 0 1 1 1 1 1 1 0 0 0 1 1 1 1 1 1 1 1 1 1 2 2 1 1 1 3 3 3 3 3 2 4 4 6
 1 1 1 1 1 1 0 0 0 0 1 0 0 1 1 1 1 1 1 0 0 0 1 1 1 1 1 1 1 1 1 1 2 2 1 1 1 3 3 3 3 3 2 4 4 6
 1 1 1 1 1 0 0 0 0 0 1 0 0 1 1 1 1 1 1 1 1 1 1 1 2 2 1 0 0 2 1 1 1 1 1 3 3 2 3 3 3 3 4 5 5 6
 1 1 1 0 0 0 1 1 0 0 2 1 1 0 1 1 1 1 1 0 0 0 1 1 1 1 1 2 2 2 1 1 1 1 2 3 3 2 2 2 2 2 3 4 4 4
 1 1 1 0 0 0 1 1 0 0 2 1 1 0 1 1 1 1 1 0 0 0 1 1 1 1 1 2 2 2 1 1 1 1 2 3 3 2 2 2 2 2 3 4 4 4
 4 4 0 1 1 1 1 1 0 0 2 0 0 0 0 0 1 1 0 0 0 0 0 0 1 1 2 2 2 1 1 1 0 0 1 2 2 2 3 3 3 3 3 3 3 2
 4 4 0 1 1 1 1 1 0 0 2 0 0 0 0 0 1 1 0 0 0 0 0 0 1 1 2 2 2 1 1 1 0 0 1 2 2 2 3 3 3 3 3 3 3 2
 2 2 1 1 1 1 1 1 2 2 2 1 1 0 0 0 0 0 1 1 1 2 0 0 1 1 2 1 1 2 2 2 1 1 2 3 3 4 4 4 3 3 2 2 2 1
 2 2 1 1 1 1 1 1 1 1 1 1 1 1 1 1 1 1 1 1 1 2 2 2 1 1 2 2 2 1 1 1 1 1 1 3 3 3 3 3 3 3 4 3 3 2
 2 2 1 1 1 1 1 1 1 1 1 1 1 1 1 1 1 1 1 1 1 2 2 2 1 1 2 2 2 1 1 1 1 1 1 3 3 3 3 3 3 3 4 3 3 2
 0 0 2 3 3 5 2 2 1 1 0 1 1 0 0 0 1 1 3 1 1 2 2 2 2 2 2 1 1 0 1 1 1 1 2 3 3 3 2 2 3 3 2 2 2 4
 0 0 2 3 3 4 3 3 2 2 1 0 0 1 0 0 0 0 4 3 3 2 2 2 2 2 2 2 2 1 2 2 2 2 3 3 3 1 1 1 2 2 1 2 2 3
 0 0 2 3 3 4 3 3 2 2 1 0 0 1 0 0 0 0 4 3 3 2 2 2 2 2 2 2 2 1 2 2 2 2 3 3 3 1 1 1 2 2 1 2 2 3
 1 1 1 3 3 4 4 4 3 3 1 1 1 0 1 1 1 1 4 4 4 2 2 2 1 1 2 1 1 0 2 2 3 3 7 2 2 2 1 1 1 1 1 1 1 2
 1 1 1 3 3 4 4 4 3 3 1 1 1 0 1 1 1 1 4 4 4 2 2 2 1 1 2 1 1 0 2 2 3 3 7 2 2 2 1 1 1 1 1 1 1 2
 1 1 1 3 3 4 3 3 3 3 2 1 1 1 1 1 2 2 2 3 3 2 1 1 1 1 2 1 1 1 6 6 7 7 8 1 1 1 1 1 1 1 1 1 1 2
 1 1 1 1 1 2 4 4 4 4 3 1 1 2 4 4 4 4 3 2 2 1 0 0 2 2 2 2 2 2 2 2 2 2 2 1 1 0 1 1 1 1 1 1 1 2
 1 1 1 1 1 2 4 4 4 4 3 1 1 2 4 4 4 4 3 2 2 1 0 0 2 2 2 2 2 2 2 2 2 2 2 1 1 0 1 1 1 1 1 1 1 2
 2 2 2 2 2 3 4 4 4 4 3 2 2 2 2 2 2 2 2 2 2 3 1 1 3 3 3 2 2 2 2 2 1 1 1 1 1 0 1 1 1 1 1 1 1 1
 2 2 2 2 2 2 2 2 2 2 3 3 3 3 2 2 1 1 0 2 2 4 2 2 2 2 2 3 3 3 2 2 2 2 0 0 0 0 0 0 0 0 1 1 1 1
 2 2 2 2 2 2 2 2 2 2 3 3 3 3 2 2 1 1 0 2 2 4 2 2 2 2 2 3 3 3 2 2 2 2 0 0 0 0 0 0 0 0 1 1 1 1
 3 3 3 2 2 1 1 1 1 1 2 3 3 2 1 1 1 1 0 0 0 1 2 2 2 2 3 2 2 3 2 2 2 2 1 0 0 1 0 0 1 1 1 1 1 1
 3 3 3 2 2 1 1 1 1 1 2 3 3 2 1 1 1 1 0 0 0 1 2 2 2 2 3 2 2 3 2 2 2 2 1 0 0 1 0 0 1 1 1 1 1 1
 5 5 4 1 1 0 0 0 1 1 1 2 2 2 2 2 1 1 1 1 1 0 2 2 0 0 2 2 2 3 1 1 2 2 0 0 0 0 0 0 0 0 1 0 0 0
 8 8 5 4 4 0 0 0 0 0 0 1 1 1 1 1 2 2 1 1 1 1 2 2 1 1 3 2 2 2 0 0 0 0 0 0 0 0 0 0 0 0 0 0 0 0
 8 8 5 4 4 0 0 0 0 0 0 1 1 1 1 1 2 2 1 1 1 1 2 2 1 1 3 2 2 2 0 0 0 0 0 0 0 0 0 0 0 0 0 0 0 0
 9 9 8 7 7 0 0 0 0 0 0 0 0 1 1 1 2 2 2 1 1 3 3 3 2 2 2 1 1 1 1 1 0 0 2 0 0 0 0 0 0 0 1 0 0 0
 9 9 9 6 6 7 1 1 0 0 0 0 0 1 1 1 1 1 4 1 1 1 2 2 3 3 1 0 0 1 1 1 0 0 2 1 1 1 0 0 0 0 0 0 0 0
 9 9 9 6 6 7 1 1 0 0 0 0 0 1 1 1 1 1 4 1 1 1 2 2 3 3 1 0 0 1 1 1 0 0 2 1 1 1 0 0 0 0 0 0 0 0
 11 11 7 4 4 6 3 3 1 1 1 0 0 2 3 3 3 3 3 1 1 1 2 2 1 1 0 0 0 1 0 0 1 1 0 0 0 0 0 0 0 0 0 1 1 2
 11 11 7 4 4 6 3 3 1 1 1 0 0 2 3 3 3 3 3 1 1 1 2 2 1 1 0 0 0 1 0 0 1 1 0 0 0 0 0 0 0 0 0 1 1 2
 11 11 8 3 3 1 2 2 1 1 1 1 1 3 3 3 3 3 3 3 3 1 2 2 7 7 1 0 0 1 0 0 0 0 2 0 0 0 0 0 0 0 0 2 2 2
 8 8 6 2 2 2 3 3 2 2 2 2 2 2 2 2 3 3 3 2 2 2 1 1 3 3 2 0 0 2 1 1 0 0 0 0 0 0 0 0 0 0 0 2 2 3
 8 8 6 2 2 2 3 3 2 2 2 2 2 2 2 2 3 3 3 2 2 2 1 1 3 3 2 0 0 2 1 1 0 0 0 0 0 0 0 0 0 0 0 2 2 3
 8 8 7 2 2 2 3 3 3 3 2 2 2 2 2 2 3 3 3 2 2 3 2 2 3 3 3 4 4 1 1 1 1 1 0 1 1 1 1 1 1 1 0 2 2 8
 3 3 4 2 2 2 3 3 3 3 3 3 3 2 2 2 3 3 3 3 3 4 3 3 5 5 3 4 4 3 2 2 2 2 4 6 6 1 1 1 1 1 5 13 13 20
 3 3 4 2 2 2 3 3 3 3 3 3 3 2 2 2 3 3 3 3 3 4 3 3 5 5 3 4 4 3 2 2 2 2 4 6 6 1 1 1 1 1 5 13 13 20
 2 2 2 2 2 3 3 3 3 3 3 3 3 2 2 2 3 3 3 3 3 4 4 4 3 3 8 4 4 3 6 6 4 4 2 5 5 4 5 5 1 1 4 5 5 10
 2 2 2 2 2 3 3 3 3 3 3 3 3 2 2 2 3 3 3 3 3 4 4 4 3 3 8 4 4 3 6 6 4 4 2 5 5 4 5 5 1 1 4 5 5 10
 2 2 2 2 2 3 3 3 3 3 3 1 1 1 2 2 3 3 5 6 6 4 5 5 3 3 2 3 3 7 6 6 6 6 7 6 6 5 5 5 0 0 1 6 6 10
 3 3 2 3 3 3 4 4 3 3 3 1 1 1 2 2 2 2 5 5 5 4 4 4 2 2 3 8 8 8 8 8 8 8 9 10 10 4 1 1 1 1 3 5 5 9
 3 3 2 3 3 3 4 4 3 3 3 1 1 1 2 2 2 2 5 5 5 4 4 4 2 2 3 8 8 8 8 8 8 8 9 10 10 4 1 1 1 1 3 5 5 9
 3 3 2 3 3 3 4 4 3 3 4 1 1 9 10 10 8 8 9 10 10 5 3 3 6 6 15 20 20 22 20 20 8 8 10 8 8 4 2 2 1 1 0 1 1 2
 3 3 3 3 3 3 3 3 4 4 6 5 5 10 10 10 9 9 13 13 13 13 9 9 7 7 5 17 17 54 16 16 10 10 8 10 10 2 1 1 0 0 0 1 1 3
 3 3 3 3 3 3 3 3 4 4 6 5 5 10 10 10 9 9 13 13 13 13 9 9 7 7 5 17 17 54 16 16 10 10 8 10 10 2 1 1 0 0 0 1 1 3
 3 3 2 3 3 3 3 3 3 3 0 2 2 8 9 9 12 12 11 21 21 13 12 12 14 14 9 9 9 17 32 32 38 38 11 7 7 1 0 0 0 0 1 1 1 1
 3 3 2 3 3 3 3 3 3 3 0 2 2 8 9 9 12 12 11 21 21 13 12 12 14 14 9 9 9 17 32 32 38 38 11 7 7 1 0 0 0 0 1 1 1 1
 3 3 3 3 3 3 3 3 0 0 0 2 2 2 9 9 6 6 14 15 15 29 20 20 14 14 10 11 11 12 12 12 10 10 3 3 3 2 0 0 1 1 1 1 1 1
 2 2 3 5 5 6 3 3 2 2 0 1 1 2 6 6 6 6 14 86 86 64 18 18 17 17 12 12 12 7 11 11 9 9 2 2 2 1 0 0 1 1 1 1 1 1
 2 2 3 5 5 6 3 3 2 2 0 1 1 2 6 6 6 6 14 86 86 64 18 18 17 17 12 12 12 7 11 11 9 9 2 2 2 1 0 0 1 1 1 1 1 1
 3 3 3 6 6 5 2 2 2 2 0 2 2 1 8 8 8 8 84 86 86 58 17 17 14 14 12 14 14 9 11 11 6 6 1 1 1 1 1 1 1 1 1 1 1 1
 2 2 3 3 3 3 2 2 2 2 1 0 0 1 8 8 8 8 3 4 4 13 13 13 13 13 17 16 16 12 11 11 7 7 4 1 1 1 1 1 1 1 1 2 2 1
 2 2 3 3 3 3 2 2 2 2 1 0 0 1 8 8 8 8 3 4 4 13 13 13 13 13 17 16 16 12 11 11 7 7 4 1 1 1 1 1 1 1 1 2 2 1
 3 3 4 2 2 2 2 2 2 2 1 1 1 1 1 1 3 3 3 5 5 13 8 8 18 18 21 16 16 12 9 9 8 8 4 2 2 2 2 2 2 2 1 2 2 1
 3 3 4 2 2 2 2 2 2 2 1 1 1 1 1 1 3 3 3 5 5 13 8 8 18 18 21 16 16 12 9 9 8 8 4 2 2 2 2 2 2 2 1 2 2 1
 2 2 2 2 2 2 2 2 2 2 1 1 1 1 1 1 3 3 6 8 8 10 9 9 11 11 15 25 25 15 9 9 6 6 3 2 2 3 3 3 2 2 2 2 2 3
 1 1 2 1 1 2 2 2 1 1 1 2 2 2 1 1 2 2 9 14 14 14 11 11 12 12 15 16 16 15 22 22 10 10 3 3 3 4 3 3 3 3 2 3 3 5
 1 1 2 1 1 2 2 2 1 1 1 2 2 2 1 1 2 2 9 14 14 14 11 11 12 12 15 16 16 15 22 22 10 10 3 3 3 4 3 3 3 3 2 3 3 5
 2 2 0 1 1 2 1 1 1 1 1 2 2 1 2 2 2 2 2 7 7 15 12 12 7 7 9 8 8 10 11 11 14 14 9 6 6 6 4 4 4 4 3 3 3 3
 3 3 1 1 1 2 1 1 1 1 1 1 1 1 2 2 1 1 2 3 3 9 8 8 7 7 13 9 9 9 4 4 4 4 4 6 6 4 5 5 5 5 5 4 4 4
 3 3 1 1 1 2 1 1 1 1 1 1 1 1 2 2 1 1 2 3 3 9 8 8 7 7 13 9 9 9 4 4 4 4 4 6 6 4 5 5 5 5 5 4 4 4
 19 19 2 2 2 1 1 1 1 1 1 1 1 1 1 1 2 2 1 1 1 4 5 5 5 5 11 14 14 10 8 8 2 2 3 3 3 4 6 6 6 6 6 6 6 6
 19 19 2 2 2 1 1 1 1 1 1 1 1 1 1 1 2 2 1 1 1 4 5 5 5 5 11 14 14 10 8 8 2 2 3 3 3 4 6 6 6 6 6 6 6 6
 27 27 12 4 4 17 1 1 1 1 3 2 2 2 2 2 1 1 1 2 2 4 3 3 3 3 6 19 19 10 7 7 4 4 2 3 3 3 5 5 7 7 6 6 6 6
 47 47 34 21 21 20 3 3 2 2 2 4 4 2 2 2 2 2 2 2 2 3 2 2 2 2 3 7 7 10 9 9 10 10 5 3 3 4 4 4 6 6 6 6 6 7
 47 47 34 21 21 20 3 3 2 2 2 4 4 2 2 2 2 2 2 2 2 3 2 2 2 2 3 7 7 10 9 9 10 10 5 3 3 4 4 4 6 6 6 6 6 7
 47 47 34 6 6 6 3 3 5 5 3 4 4 9 4 4 3 3 1 1 1 1 1 1 2 2 5 6 6 5 8 8 8 8 12 7 7 4 4 4 5 5 7 7 7 7
 42 42 42 23 23 22 7 7 8 8 6 12 12 17 14 14 4 4 2 1 1 1 1 1 2 2 5 4 4 7 10 10 10 10 12 11 11 11 12 12 6 6 14 12 12 7
 42 42 42 23 23 22 7 7 8 8 6 12 12 17 14 14 4 4 2 1 1 1 1 1 2 2 5 4 4 7 10 10 10 10 12 11 11 11 12 12 6 6 14 12 12 7
 62 62 49 25 25 25 27 27 11 11 6 5 5 15 19 19 12 12 4 2 2 2 2 2 2 2 4 4 4 6 10 10 10 10 12 15 15 16 14 14 12 12 12 11 11 13
 62 62 49 25 25 25 27 27 11 11 6 5 5 15 19 19 12 12 4 2 2 2 2 2 2 2 4 4 4 6 10 10 10 10 12 15 15 16 14 14 12 12 12 11 11 13
 68 68 60 39 39 35 59 59 17 17 7 8 8 9 14 14 23 23 8 8 8 4 2 2 2 2 21 20 20 10 21 21 22 22 12 14 14 11 8 8 6 6 4 6 6 11
 120 120 86 44 44 39 47 47 42 42 25 20 20 16 59 59 29 29 24 11 11 19 42 42 40 40 20 18 18 11 25 25 23 23 30 24 24 9 6 6 6 6 4 4 4 5
 120 120 86 44 44 39 47 47 42 42 25 20 20 16 59 59 29 29 24 11 11 19 42 42 40 40 20 18 18 11 25 25 23 23 30 24 24 9 6 6 6 6 4 4 4 5
 79 79 95 81 81 36 39 39 46 46 30 14 14 18 36 36 62 62 52 22 22 19 29 29 39 39 2 1 1 3 3 3 5 5 8 7 7 9 6 6 5 5 3 4 4 5
 71 71 81 82 82 65 30 30 34 34 32 27 27 31 34 34 80 80 66 32 32 42 35 35 40 40 4 2 2 1 1 1 1 1 1 2 2 5 5 5 2 2 1 0 0 1
