assets/RAT_results/precipitation/2021-10-22_IMERG.asc
ncols        46
nrows        77
xllcorner    74.800261325624
yllcorner    8.058333333333
cellsize     0.062500000000
NODATA_value -9999
 10 10 8 9 9 15 18 18 19 19 17 11 11 9 6 6 4 4 5 6 6 9 5 5 11 11 0 0 0 1 1 1 1 1 4 0 0 1 0 0 0 0 0 0 0 0
 5 5 5 4 4 10 11 11 13 13 34 22 22 19 7 7 1 1 1 2 2 4 17 17 11 11 1 1 1 1 1 1 2 2 1 1 1 1 1 1 0 0 0 0 0 0
 5 5 5 4 4 10 11 11 13 13 34 22 22 19 7 7 1 1 1 2 2 4 17 17 11 11 1 1 1 1 1 1 2 2 1 1 1 1 1 1 0 0 0 0 0 0
 3 3 3 4 4 2 4 4 4 4 12 41 41 15 2 2 2 2 5 7 7 11 14 14 8 8 1 1 1 2 2 2 2 2 2 6 6 2 1 1 1 1 0 0 0 0
 1 1 2 2 2 1 1 1 21 21 8 3 3 8 6 6 5 5 10 14 14 18 1 1 1 1 1 1 1 2 2 2 2 2 3 3 3 2 2 2 2 2 1 0 0 0
 1 1 2 2 2 1 1 1 21 21 8 3 3 8 6 6 5 5 10 14 14 18 1 1 1 1 1 1 1 2 2 2 2 2 3 3 3 2 2 2 2 2 1 0 0 0
 0 0 1 2 2 2 1 1 4 4 8 2 2 4 11 11 5 5 12 7 7 17 1 1 1 1 8 2 2 2 2 2 2 2 3 3 3 2 3 3 3 3 2 1 1 0
 0 0 1 2 2 2 1 1 4 4 8 2 2 4 11 11 5 5 12 7 7 17 1 1 1 1 8 2 2 2 2 2 2 2 3 3 3 2 3 3 3 3 2 1 1 0
 1 1 1 2 2 2 1 1 1 1 3 6 6 7 17 17 10 10 25 11 11 15 6 6 1 1 2 2 2 8 3 3 3 3 3 3 3 3 3 3 3 3 2 2 2 17
 1 1 1 2 2 2 3 3 3 3 3 3 3 5 12 12 35 35 37 17 17 53 2 2 3 3 2 2 2 2 2 2 3 3 3 4 4 5 5 5 5 5 4 3 3 3
 1 1 1 2 2 2 3 3 3 3 3 3 3 5 12 12 35 35 37 17 17 53 2 2 3 3 2 2 2 2 2 2 3 3 3 4 4 5 5 5 5 5 4 3 3 3
 1 1 2 2 2 3 4 4 3 3 1 2 2 4 8 8 24 24 5 20 20 12 2 2 4 4 2 4 4 2 3 3 3 3 4 5 5 6 7 7 7 7 6 17 17 54
 1 1 2 2 2 3 1 1 2 2 2 4 4 4 10 10 13 13 11 9 9 7 7 7 3 3 3 4 4 2 2 2 3 3 4 5 5 10 10 10 14 14 26 65 65 31
 1 1 2 2 2 3 1 1 2 2 2 4 4 4 10 10 13 13 11 9 9 7 7 7 3 3 3 4 4 2 2 2 3 3 4 5 5 10 10 10 14 14 26 65 65 31
 1 1 2 2 2 2 1 1 4 4 8 4 4 5 5 5 8 8 9 14 14 15 9 9 4 4 3 3 3 2 2 2 4 4 8 12 12 15 13 13 26 26 23 17 17 16
 1 1 2 2 2 2 1 1 4 4 8 4 4 5 5 5 8 8 9 14 14 15 9 9 4 4 3 3 3 2 2 2 4 4 8 12 12 15 13 13 26 26 23 17 17 16
 5 5 2 2 2 2 2 2 3 3 5 6 6 5 5 5 6 6 8 21 21 14 9 9 6 6 5 4 4 4 3 3 7 7 8 10 10 15 17 17 27 27 29 20 20 11
 8 8 3 3 3 3 3 3 2 2 4 4 4 5 5 5 5 5 7 15 15 13 9 9 6 6 6 5 5 4 6 6 7 7 8 17 17 14 22 22 26 26 23 26 26 14
 8 8 3 3 3 3 3 3 2 2 4 4 4 5 5 5 5 5 7 15 15 13 9 9 6 6 6 5 5 4 6 6 7 7 8 17 17 14 22 22 26 26 23 26 26 14
 9 9 5 5 5 5 8 8 16 16 2 4 4 6 3 3 3 3 5 11 11 16 13 13 6 6 6 6 6 6 5 5 4 4 8 35 35 14 15 15 19 19 26 25 25 22
 11 11 9 6 6 9 14 14 8 8 4 5 5 20 4 4 3 3 4 7 7 17 19 19 10 10 8 14 14 8 8 8 10 10 31 88 88 13 12 12 21 21 36 66 66 41
 11 11 9 6 6 9 14 14 8 8 4 5 5 20 4 4 3 3 4 7 7 17 19 19 10 10 8 14 14 8 8 8 10 10 31 88 88 13 12 12 21 21 36 66 66 41
 11 11 9 6 6 9 11 11 10 10 6 13 13 10 2 2 3 3 4 7 7 8 5 5 3 3 6 5 5 9 8 8 14 14 74 49 49 35 7 7 20 20 16 46 46 33
 11 11 9 6 6 9 11 11 10 10 6 13 13 10 2 2 3 3 4 7 7 8 5 5 3 3 6 5 5 9 8 8 14 14 74 49 49 35 7 7 20 20 16 46 46 33
 8 8 8 7 7 9 6 6 7 7 8 5 5 3 3 3 2 2 1 6 6 6 3 3 5 5 1 2 2 6 7 7 12 12 24 5 5 8 8 8 10 10 9 80 80 23
 8 8 10 8 8 9 8 8 7 7 6 5 5 16 12 12 2 2 3 4 4 4 7 7 7 7 2 5 5 6 3 3 2 2 7 4 4 6 5 5 4 4 5 5 5 5
 8 8 10 8 8 9 8 8 7 7 6 5 5 16 12 12 2 2 3 4 4 4 7 7 7 7 2 5 5 6 3 3 2 2 7 4 4 6 5 5 4 4 5 5 5 5
 8 8 9 8 8 10 10 10 10 10 9 11 11 8 17 17 14 14 15 12 12 12 13 13 29 29 13 9 9 1 2 2 1 1 2 3 3 3 3 3 4 4 5 5 5 4
 7 7 8 8 8 9 11 11 10 10 10 14 14 21 31 31 31 31 19 8 8 16 28 28 38 38 18 10 10 6 4 4 5 5 4 2 2 2 2 2 2 2 4 4 4 4
 7 7 8 8 8 9 11 11 10 10 10 14 14 21 31 31 31 31 19 8 8 16 28 28 38 38 18 10 10 6 4 4 5 5 4 2 2 2 2 2 2 2 4 4 4 4
 8 8 7 8 8 7 10 10 9 9 9 10 10 28 32 32 28 28 27 14 14 17 25 25 34 34 10 4 4 29 6 6 2 2 1 1 1 1 1 1 1 1 2 2 2 2
 8 8 7 8 8 7 10 10 9 9 9 10 10 28 32 32 28 28 27 14 14 17 25 25 34 34 10 4 4 29 6 6 2 2 1 1 1 1 1 1 1 1 2 2 2 2
 7 7 5 5 5 5 6 6 6 6 6 8 8 12 24 24 32 32 33 30 30 26 24 24 18 18 7 2 2 37 26 26 0 0 2 0 0 0 0 0 0 0 1 1 1 1
 9 9 6 5 5 4 5 5 5 5 5 6 6 11 14 14 18 18 26 28 28 31 24 24 23 23 13 21 21 69 7 7 4 4 2 0 0 0 0 0 1 1 0 0 0 0
 9 9 6 5 5 4 5 5 5 5 5 6 6 11 14 14 18 18 26 28 28 31 24 24 23 23 13 21 21 69 7 7 4 4 2 0 0 0 0 0 1 1 0 0 0 0
 9 9 6 6 6 6 5 5 5 5 6 7 7 13 11 11 14 14 20 24 24 25 33 33 34 34 19 67 67 56 12 12 0 0 0 0 0 1 2 2 3 3 3 0 0 0
 9 9 10 9 9 9 6 6 5 5 9 11 11 20 22 22 11 11 13 18 18 36 43 43 35 35 36 52 52 18 12 12 11 11 1 1 1 2 2 2 3 3 1 0 0 0
 9 9 10 9 9 9 6 6 5 5 9 11 11 20 22 22 11 11 13 18 18 36 43 43 35 35 36 52 52 18 12 12 11 11 1 1 1 2 2 2 3 3 1 0 0 0
 12 12 9 8 8 8 7 7 7 7 13 11 11 22 39 39 13 13 14 22 22 34 38 38 31 31 34 92 92 29 24 24 75 75 2 1 1 1 1 1 1 1 1 0 0 1
 12 12 9 8 8 8 7 7 7 7 13 11 11 22 39 39 13 13 14 22 22 34 38 38 31 31 34 92 92 29 24 24 75 75 2 1 1 1 1 1 1 1 1 0 0 1
 11 11 11 11 11 10 11 11 13 13 16 16 16 35 79 79 14 14 24 37 37 38 45 45 34 34 29 14 14 19 33 33 20 20 5 3 3 2 1 1 1 1 2 1 1 1
 11 11 11 15 15 24 22 22 11 11 12 13 13 39 95 95 113 113 63 69 69 42 53 53 18 18 35 38 38 34 23 23 5 5 3 4 4 2 1 1 3 3 3 1 1 1
 11 11 11 15 15 24 22 22 11 11 12 13 13 39 95 95 113 113 63 69 69 42 53 53 18 18 35 38 38 34 23 23 5 5 3 4 4 2 1 1 3 3 3 1 1 1
 10 10 15 15 15 24 25 25 10 10 7 8 8 28 114 114 115 115 109 103 103 13 44 44 86 86 5 40 40 10 97 97 21 21 2 5 5 5 16 16 27 27 26 1 1 1
 6 6 15 15 15 13 15 15 7 7 7 8 8 12 26 26 99 99 123 29 29 8 31 31 17 17 4 5 5 22 81 81 39 39 11 7 7 6 20 20 3 3 1 0 0 1
 6 6 15 15 15 13 15 15 7 7 7 8 8 12 26 26 99 99 123 29 29 8 31 31 17 17 4 5 5 22 81 81 39 39 11 7 7 6 20 20 3 3 1 0 0 1
 3 3 5 14 14 12 5 5 8 8 7 7 7 12 23 23 114 114 83 25 25 6 10 10 9 9 14 16 16 33 94 94 18 18 9 5 5 4 5 5 3 3 1 0 0 1
 3 3 5 14 14 12 5 5 8 8 7 7 7 12 23 23 114 114 83 25 25 6 10 10 9 9 14 16 16 33 94 94 18 18 9 5 5 4 5 5 3 3 1 0 0 1
 3 3 5 6 6 6 4 4 7 7 5 6 6 11 10 10 25 25 28 5 5 5 5 5 10 10 15 25 25 33 53 53 24 24 4 4 4 5 1 1 1 1 1 1 1 2
 3 3 3 10 10 10 6 6 4 4 4 5 5 5 7 7 16 16 14 9 9 5 2 2 12 12 14 15 15 30 16 16 11 11 7 4 4 1 1 1 2 2 2 2 2 3
 3 3 3 10 10 10 6 6 4 4 4 5 5 5 7 7 16 16 14 9 9 5 2 2 12 12 14 15 15 30 16 16 11 11 7 4 4 1 1 1 2 2 2 2 2 3
 4 4 2 10 10 10 6 6 2 2 3 3 3 3 5 5 10 10 8 8 8 4 1 1 3 3 4 5 5 10 6 6 7 7 11 7 7 4 5 5 3 3 3 3 3 3
 4 4 4 16 16 9 9 9 3 3 3 2 2 2 3 3 6 6 7 6 6 5 2 2 5 5 4 5 5 5 5 5 8 8 6 8 8 5 5 5 11 11 10 2 2 2
 4 4 4 16 16 9 9 9 3 3 3 2 2 2 3 3 6 6 7 6 6 5 2 2 5 5 4 5 5 5 5 5 8 8 6 8 8 5 5 5 11 11 10 2 2 2
 3 3 4 4 4 3 10 10 3 3 4 3 3 2 3 3 6 6 6 4 4 6 3 3 8 8 22 18 18 7 6 6 5 5 8 12 12 14 20 20 12 12 10 2 2 2
 3 3 4 4 4 3 10 10 3 3 4 3 3 2 3 3 6 6 6 4 4 6 3 3 8 8 22 18 18 7 6 6 5 5 8 12 12 14 20 20 12 12 10 2 2 2
 2 2 4 4 4 3 3 3 3 3 5 8 8 2 3 3 7 7 7 5 5 7 14 14 19 19 34 8 8 8 7 7 9 9 9 14 14 16 86 86 85 85 7 3 3 2
 0 0 0 0 0 1 3 3 1 1 5 6 6 3 2 2 5 5 9 8 8 6 18 18 53 53 18 9 9 8 7 7 7 7 9 32 32 29 84 84 84 84 5 3 3 3
 0 0 0 0 0 1 3 3 1 1 5 6 6 3 2 2 5 5 9 8 8 6 18 18 53 53 18 9 9 8 7 7 7 7 9 32 32 29 84 84 84 84 5 3 3 3
 0 0 0 0 0 1 1 1 1 1 4 4 4 7 7 7 8 8 7 7 7 5 7 7 12 12 7 9 9 8 9 9 8 8 9 6 6 26 47 47 46 46 5 4 4 2
 0 0 0 0 0 1 1 1 1 1 2 4 4 5 8 8 8 8 5 6 6 6 3 3 6 6 6 11 11 16 11 11 10 10 4 3 3 21 4 4 3 3 7 5 5 3
 0 0 0 0 0 1 1 1 1 1 2 4 4 5 8 8 8 8 5 6 6 6 3 3 6 6 6 11 11 16 11 11 10 10 4 3 3 21 4 4 3 3 7 5 5 3
 1 1 0 1 1 2 2 2 3 3 3 5 5 5 7 7 3 3 4 4 4 5 4 4 3 3 9 11 11 14 34 34 9 9 3 3 3 3 4 4 5 5 6 5 5 5
 1 1 0 1 1 2 2 2 3 3 3 5 5 5 7 7 3 3 4 4 4 5 4 4 3 3 9 11 11 14 34 34 9 9 3 3 3 3 4 4 5 5 6 5 5 5
 0 0 1 1 1 2 2 2 3 3 12 13 13 2 2 2 2 2 3 3 3 3 3 3 3 3 9 7 7 35 35 35 74 74 1 2 2 1 2 2 3 3 5 3 3 5
 0 0 0 1 1 1 11 11 11 11 36 22 22 21 1 1 1 1 1 2 2 2 2 2 2 2 7 6 6 33 5 5 1 1 1 1 1 1 1 1 1 1 1 1 1 1
 0 0 0 1 1 1 11 11 11 11 36 22 22 21 1 1 1 1 1 2 2 2 2 2 2 2 7 6 6 33 5 5 1 1 1 1 1 1 1 1 1 1 1 1 1 1
 0 0 0 0 0 0 7 7 10 10 37 21 21 20 1 1 1 1 1 1 1 1 1 1 4 4 29 29 29 4 4 4 2 2 2 2 2 3 2 2 2 2 2 1 1 2
 0 0 0 0 0 0 7 7 7 7 12 4 4 1 0 0 0 0 0 0 0 0 1 1 4 4 0 29 29 1 2 2 2 2 2 3 3 2 4 4 6 6 6 3 3 1
 0 0 0 0 0 0 7 7 7 7 12 4 4 1 0 0 0 0 0 0 0 0 1 1 4 4 0 29 29 1 2 2 2 2 2 3 3 2 4 4 6 6 6 3 3 1
 0 0 0 0 0 0 0 0 0 0 3 3 3 4 0 0 0 0 0 0 0 0 0 0 0 0 0 0 0 0 1 1 0 0 1 1 1 1 2 2 3 3 16 2 2 1
 0 0 0 0 0 0 0 0 0 0 3 3 3 4 0 0 0 0 0 0 0 0 0 0 0 0 0 0 0 0 1 1 0 0 1 1 1 1 2 2 3 3 16 2 2 1
 0 0 0 0 0 0 0 0 0 0 1 3 3 1 0 0 0 0 0 0 0 0 0 0 0 0 0 0 0 0 0 0 0 0 1 1 1 2 2 2 1 1 1 11 11 1
 0 0 0 0 0 0 0 0 0 0 0 1 1 0 0 0 0 0 0 0 0 0 0 0 0 0 0 0 0 0 0 0 0 0 0 0 0 2 2 2 1 1 1 1 1 1
 0 0 0 0 0 0 0 0 0 0 0 1 1 0 0 0 0 0 0 0 0 0 0 0 0 0 0 0 0 0 0 0 0 0 0 0 0 2 2 2 1 1 1 1 1 1
 0 0 0 0 0 0 0 0 0 0 0 0 0 0 0 0 0 0 0 0 0 0 0 0 0 0 0 0 0 0 0 0 0 0 1 1 1 0 1 1 1 1 1 1 1 1
 1 1 0 0 0 0 0 0 0 0 0 0 0 0 0 0 0 0 0 3 3 0 0 0 0 0 0 0 0 0 0 0 1 1 1 1 1 0 0 0 0 0 1 1 1 2
