assets/RAT_results/precipitation/2021-08-13_IMERG.asc
ncols        46
nrows        77
xllcorner    74.800261325624
yllcorner    8.058333333333
cellsize     0.062500000000
NODATA_value -9999
 9 9 7 7 7 9 8 8 13 13 16 12 12 7 2 2 1 1 1 2 2 1 1 1 1 1 2 2 2 0 0 0 0 0 0 0 0 0 0 0 0 0 0 0 0 0
 7 7 11 8 8 7 8 8 25 25 26 18 18 12 4 4 1 1 1 1 1 2 1 1 2 2 4 6 6 2 1 1 0 0 0 0 0 1 1 1 1 1 0 0 0 0
 7 7 11 8 8 7 8 8 25 25 26 18 18 12 4 4 1 1 1 1 1 2 1 1 2 2 4 6 6 2 1 1 0 0 0 0 0 1 1 1 1 1 0 0 0 0
 6 6 12 12 12 10 9 9 20 20 21 23 23 12 5 5 1 1 0 0 0 1 1 1 1 1 2 6 6 4 3 3 1 1 1 1 1 2 2 2 2 2 1 1 1 1
 2 2 9 14 14 9 9 9 9 9 9 10 10 4 3 3 2 2 1 0 0 1 1 1 1 1 1 2 2 3 2 2 2 2 3 6 6 2 2 2 2 2 1 2 2 2
 2 2 9 14 14 9 9 9 9 9 9 10 10 4 3 3 2 2 1 0 0 1 1 1 1 1 1 2 2 3 2 2 2 2 3 6 6 2 2 2 2 2 1 2 2 2
 3 3 4 12 12 10 10 10 8 8 18 18 18 9 9 9 4 4 2 1 1 0 0 0 0 0 0 1 1 1 2 2 3 3 13 9 9 8 6 6 5 5 4 1 1 2
 3 3 4 12 12 10 10 10 8 8 18 18 18 9 9 9 4 4 2 1 1 0 0 0 0 0 0 1 1 1 2 2 3 3 13 9 9 8 6 6 5 5 4 1 1 2
 5 5 6 9 9 7 7 7 6 6 20 23 23 12 6 6 3 3 2 1 1 1 1 1 0 0 0 0 0 0 0 0 3 3 15 16 16 16 15 15 14 14 6 1 1 1
 3 3 5 10 10 7 9 9 5 5 6 13 13 10 6 6 5 5 3 1 1 2 1 1 1 1 1 1 1 1 1 1 1 1 3 6 6 24 23 23 10 10 11 4 4 3
 3 3 5 10 10 7 9 9 5 5 6 13 13 10 6 6 5 5 3 1 1 2 1 1 1 1 1 1 1 1 1 1 1 1 3 6 6 24 23 23 10 10 11 4 4 3
 3 3 4 13 13 15 13 13 15 15 10 12 12 7 11 11 5 5 6 2 2 2 1 1 2 2 1 1 1 1 1 1 2 2 2 3 3 3 8 8 8 8 5 5 5 3
 5 5 5 19 19 21 29 29 18 18 15 9 9 5 10 10 20 20 6 4 4 2 2 2 2 2 1 1 1 1 1 1 2 2 3 3 3 4 9 9 5 5 4 4 4 3
 5 5 5 19 19 21 29 29 18 18 15 9 9 5 10 10 20 20 6 4 4 2 2 2 2 2 1 1 1 1 1 1 2 2 3 3 3 4 9 9 5 5 4 4 4 3
 5 5 6 10 10 23 27 27 18 18 24 15 15 11 8 8 21 21 24 5 5 5 2 2 1 1 2 2 2 1 2 2 2 2 2 2 2 3 8 8 9 9 4 3 3 4
 5 5 6 10 10 23 27 27 18 18 24 15 15 11 8 8 21 21 24 5 5 5 2 2 1 1 2 2 2 1 2 2 2 2 2 2 2 3 8 8 9 9 4 3 3 4
 5 5 5 5 5 17 18 18 22 22 25 15 15 11 18 18 23 23 24 19 19 6 3 3 3 3 4 4 4 2 2 2 2 2 2 2 2 2 4 4 5 5 4 7 7 9
 5 5 3 5 5 11 12 12 22 22 28 35 35 22 18 18 10 10 17 16 16 9 5 5 10 10 5 5 5 4 3 3 3 3 3 2 2 3 4 4 4 4 2 5 5 13
 5 5 3 5 5 11 12 12 22 22 28 35 35 22 18 18 10 10 17 16 16 9 5 5 10 10 5 5 5 4 3 3 3 3 3 2 2 3 4 4 4 4 2 5 5 13
 5 5 5 5 5 10 9 9 9 9 24 20 20 26 26 26 22 22 28 19 19 12 10 10 11 11 7 9 9 7 7 7 10 10 6 4 4 3 4 4 3 3 3 7 7 10
 6 6 6 3 3 4 6 6 6 6 14 18 18 23 23 23 21 21 29 33 33 23 20 20 12 12 7 12 12 13 16 16 10 10 9 18 18 3 9 9 4 4 2 2 2 3
 6 6 6 3 3 4 6 6 6 6 14 18 18 23 23 23 21 21 29 33 33 23 20 20 12 12 7 12 12 13 16 16 10 10 9 18 18 3 9 9 4 4 2 2 2 3
 4 4 5 7 7 4 5 5 7 7 11 9 9 17 18 18 20 20 25 25 25 33 33 33 28 28 19 18 18 21 17 17 14 14 16 25 25 11 13 13 17 17 14 11 11 3
 4 4 5 7 7 4 5 5 7 7 11 9 9 17 18 18 20 20 25 25 25 33 33 33 28 28 19 18 18 21 17 17 14 14 16 25 25 11 13 13 17 17 14 11 11 3
 2 2 4 7 7 8 10 10 9 9 12 9 9 14 11 11 10 10 16 20 20 34 36 36 24 24 33 21 21 18 18 18 21 21 23 26 26 14 13 13 13 13 34 24 24 12
 2 2 4 5 5 8 11 11 11 11 14 12 12 9 18 18 11 11 8 13 13 32 30 30 30 30 31 20 20 31 23 23 15 15 20 13 13 9 24 24 16 16 19 8 8 12
 2 2 4 5 5 8 11 11 11 11 14 12 12 9 18 18 11 11 8 13 13 32 30 30 30 30 31 20 20 31 23 23 15 15 20 13 13 9 24 24 16 16 19 8 8 12
 3 3 4 4 4 9 15 15 15 15 18 16 16 16 14 14 12 12 10 12 12 29 28 28 23 23 27 23 23 21 13 13 13 13 23 22 22 14 9 9 2 2 1 4 4 1
 9 9 10 5 5 12 11 11 20 20 16 11 11 12 16 16 18 18 14 12 12 14 24 24 25 25 21 19 19 18 13 13 11 11 21 21 21 9 4 4 0 0 1 1 1 1
 9 9 10 5 5 12 11 11 20 20 16 11 11 12 16 16 18 18 14 12 12 14 24 24 25 25 21 19 19 18 13 13 11 11 21 21 21 9 4 4 0 0 1 1 1 1
 10 10 11 11 11 13 15 15 23 23 17 14 14 10 8 8 17 17 14 14 14 18 24 24 20 20 18 19 19 18 7 7 3 3 7 7 7 4 4 4 1 1 2 2 2 3
 10 10 11 11 11 13 15 15 23 23 17 14 14 10 8 8 17 17 14 14 14 18 24 24 20 20 18 19 19 18 7 7 3 3 7 7 7 4 4 4 1 1 2 2 2 3
 10 10 11 13 13 17 19 19 25 25 20 16 16 14 14 14 19 19 19 22 22 23 31 31 35 35 16 19 19 10 9 9 2 2 1 1 1 1 1 1 1 1 2 2 2 2
 10 10 12 14 14 18 23 23 26 26 31 33 33 19 16 16 18 18 22 25 25 29 36 36 37 37 19 21 21 10 7 7 7 7 3 2 2 1 1 1 2 2 2 2 2 1
 10 10 12 14 14 18 23 23 26 26 31 33 33 19 16 16 18 18 22 25 25 29 36 36 37 37 19 21 21 10 7 7 7 7 3 2 2 1 1 1 2 2 2 2 2 1
 11 11 11 13 13 15 20 20 28 28 31 23 23 31 29 29 24 24 27 24 24 25 28 28 34 34 34 23 23 16 20 20 16 16 7 3 3 2 3 3 3 3 2 2 2 2
 12 12 12 12 12 17 21 21 24 24 34 27 27 36 37 37 17 17 24 24 24 27 28 28 32 32 29 17 17 25 22 22 16 16 7 4 4 2 3 3 2 2 2 2 2 2
 12 12 12 12 12 17 21 21 24 24 34 27 27 36 37 37 17 17 24 24 24 27 28 28 32 32 29 17 17 25 22 22 16 16 7 4 4 2 3 3 2 2 2 2 2 2
 9 9 11 12 12 16 21 21 25 25 33 38 38 35 37 37 25 25 24 27 27 25 22 22 23 23 25 22 22 29 24 24 18 18 7 6 6 3 1 1 1 1 1 1 1 1
 9 9 11 12 12 16 21 21 25 25 33 38 38 35 37 37 25 25 24 27 27 25 22 22 23 23 25 22 22 29 24 24 18 18 7 6 6 3 1 1 1 1 1 1 1 1
 5 5 6 7 7 13 17 17 24 24 43 51 51 53 40 40 34 34 29 27 27 29 25 25 19 19 17 22 22 22 20 20 20 20 12 9 9 6 4 4 2 2 1 2 2 1
 5 5 6 7 7 13 17 17 26 26 54 47 47 58 35 35 29 29 21 18 18 23 16 16 19 19 17 21 21 16 16 16 16 16 14 11 11 7 6 6 4 4 2 2 2 2
 5 5 6 7 7 13 17 17 26 26 54 47 47 58 35 35 29 29 21 18 18 23 16 16 19 19 17 21 21 16 16 16 16 16 14 11 11 7 6 6 4 4 2 2 2 2
 7 7 9 11 11 13 17 17 21 21 35 33 33 32 32 32 32 32 17 18 18 26 16 16 14 14 10 11 11 13 11 11 13 13 13 14 14 13 9 9 4 4 3 2 2 1
 8 8 11 11 11 12 13 13 20 20 28 36 36 29 32 32 28 28 20 21 21 15 19 19 11 11 6 10 10 7 10 10 12 12 12 11 11 11 13 13 5 5 3 2 2 1
 8 8 11 11 11 12 13 13 20 20 28 36 36 29 32 32 28 28 20 21 21 15 19 19 11 11 6 10 10 7 10 10 12 12 12 11 11 11 13 13 5 5 3 2 2 1
 8 8 9 10 10 9 12 12 18 18 19 35 35 38 38 38 34 34 32 37 37 29 21 21 15 15 6 3 3 4 8 8 9 9 14 14 14 11 9 9 5 5 3 2 2 1
 8 8 9 10 10 9 12 12 18 18 19 35 35 38 38 38 34 34 32 37 37 29 21 21 15 15 6 3 3 4 8 8 9 9 14 14 14 11 9 9 5 5 3 2 2 1
 7 7 8 9 9 9 11 11 18 18 18 37 37 42 44 44 30 30 36 38 38 32 30 30 21 21 8 6 6 6 10 10 9 9 10 12 12 13 7 7 4 4 3 2 2 1
 8 8 8 8 8 8 9 9 11 11 15 26 26 37 41 41 25 25 30 25 25 28 25 25 22 22 14 8 8 8 7 7 7 7 9 10 10 11 5 5 3 3 2 1 1 1
 8 8 8 8 8 8 9 9 11 11 15 26 26 37 41 41 25 25 30 25 25 28 25 25 22 22 14 8 8 8 7 7 7 7 9 10 10 11 5 5 3 3 2 1 1 1
 6 6 7 6 6 9 10 10 10 10 17 11 11 24 29 29 25 25 26 25 25 24 24 24 23 23 18 15 15 10 8 8 6 6 7 12 12 14 6 6 2 2 1 1 1 1
 7 7 7 8 8 8 9 9 12 12 12 12 12 21 24 24 23 23 20 20 20 26 22 22 22 22 22 21 21 23 20 20 12 12 8 13 13 14 6 6 3 3 1 0 0 1
 7 7 7 8 8 8 9 9 12 12 12 12 12 21 24 24 23 23 20 20 20 26 22 22 22 22 22 21 21 23 20 20 12 12 8 13 13 14 6 6 3 3 1 0 0 1
 4 4 7 8 8 8 8 8 7 7 9 10 10 15 16 16 19 19 17 21 21 24 22 22 19 19 20 18 18 21 22 22 14 14 9 12 12 13 8 8 3 3 2 1 1 1
 4 4 7 8 8 8 8 8 7 7 9 10 10 15 16 16 19 19 17 21 21 24 22 22 19 19 20 18 18 21 22 22 14 14 9 12 12 13 8 8 3 3 2 1 1 1
 2 2 4 6 6 7 5 5 4 4 6 7 7 10 12 12 15 15 14 18 18 25 19 19 18 18 17 17 17 15 16 16 10 10 9 12 12 15 12 12 7 7 4 1 1 1
 2 2 4 6 6 7 5 5 5 5 5 6 6 6 11 11 13 13 12 14 14 13 13 13 15 15 19 18 18 13 9 9 5 5 7 7 7 9 19 19 13 13 6 3 3 3
 2 2 4 6 6 7 5 5 5 5 5 6 6 6 11 11 13 13 12 14 14 13 13 13 15 15 19 18 18 13 9 9 5 5 7 7 7 9 19 19 13 13 6 3 3 3
 3 3 4 4 4 4 4 4 4 4 5 5 5 5 5 5 7 7 7 7 7 7 8 8 10 10 16 15 15 13 12 12 7 7 8 8 8 9 16 16 8 8 6 3 3 3
 3 3 4 4 4 4 4 4 4 4 4 3 3 2 4 4 5 5 3 3 3 4 7 7 6 6 10 13 13 11 11 11 5 5 4 5 5 6 9 9 5 5 4 3 3 3
 3 3 4 4 4 4 4 4 4 4 4 3 3 2 4 4 5 5 3 3 3 4 7 7 6 6 10 13 13 11 11 11 5 5 4 5 5 6 9 9 5 5 4 3 3 3
 2 2 2 2 2 2 3 3 4 4 4 3 3 2 3 3 3 3 2 4 4 3 4 4 5 5 6 7 7 5 5 5 3 3 3 4 4 4 4 4 3 3 2 2 2 3
 2 2 2 2 2 2 3 3 4 4 4 3 3 2 3 3 3 3 2 4 4 3 4 4 5 5 6 7 7 5 5 5 3 3 3 4 4 4 4 4 3 3 2 2 2 3
 0 0 1 2 2 2 2 2 3 3 3 3 3 2 2 2 3 3 1 2 2 1 1 1 2 2 2 1 1 6 5 5 4 4 3 3 3 3 3 3 3 3 2 2 2 2
 0 0 1 1 1 1 2 2 2 2 2 3 3 3 2 2 3 3 0 1 1 0 0 0 0 0 1 3 3 7 3 3 3 3 3 2 2 2 2 2 2 2 2 1 1 1
 0 0 1 1 1 1 2 2 2 2 2 3 3 3 2 2 3 3 0 1 1 0 0 0 0 0 1 3 3 7 3 3 3 3 3 2 2 2 2 2 2 2 2 1 1 1
 1 1 1 0 0 1 1 1 1 1 2 2 2 2 2 2 2 2 0 1 1 0 0 0 0 0 1 1 1 2 4 4 3 3 3 2 2 1 1 1 2 2 1 1 1 1
 2 2 2 1 1 1 0 0 1 1 2 2 2 2 1 1 0 0 0 0 0 0 0 0 0 0 0 1 1 2 3 3 4 4 2 1 1 1 1 1 1 1 1 2 2 3
 2 2 2 1 1 1 0 0 1 1 2 2 2 2 1 1 0 0 0 0 0 0 0 0 0 0 0 1 1 2 3 3 4 4 2 1 1 1 1 1 1 1 1 2 2 3
 2 2 2 1 1 1 1 1 1 1 1 1 1 1 1 1 0 0 0 0 0 0 0 0 0 0 1 1 1 2 2 2 2 2 3 1 1 1 1 1 1 1 2 3 3 2
 2 2 2 1 1 1 1 1 1 1 1 1 1 1 1 1 0 0 0 0 0 0 0 0 0 0 1 1 1 2 2 2 2 2 3 1 1 1 1 1 1 1 2 3 3 2
 2 2 2 1 1 2 3 3 2 2 1 1 1 1 1 1 0 0 0 0 0 0 1 1 0 0 0 0 0 2 2 2 2 2 3 2 2 3 3 3 2 2 2 2 2 3
 1 1 1 0 0 1 2 2 1 1 1 1 1 1 0 0 0 0 0 0 0 1 0 0 1 1 1 0 0 1 1 1 2 2 2 1 1 4 4 4 3 3 3 4 4 2
 1 1 1 0 0 1 2 2 1 1 1 1 1 1 0 0 0 0 0 0 0 1 0 0 1 1 1 0 0 1 1 1 2 2 2 1 1 4 4 4 3 3 3 4 4 2
 1 1 0 0 0 0 0 0 0 0 0 0 0 1 1 1 1 1 1 1 1 1 1 1 1 1 1 1 1 1 1 1 2 2 3 3 3 2 5 5 3 3 3 2 2 1
 0 0 0 0 0 0 0 0 1 1 1 1 1 2 2 2 2 2 1 2 2 2 1 1 1 1 1 1 1 1 2 2 1 1 1 1 1 2 1 1 1 1 2 0 0 0
