assets/RAT_results/precipitation/2021-11-26_IMERG.asc
ncols        46
nrows        77
xllcorner    74.800261325624
yllcorner    8.058333333333
cellsize     0.062500000000
NODATA_value -9999
 1 1 1 1 1 1 1 1 0 0 0 0 0 0 0 0 0 0 1 0 0 2 0 0 0 0 0 0 0 0 0 0 0 0 0 0 0 0 1 1 1 1 1 2 2 4
 1 1 1 0 0 0 0 0 0 0 1 0 0 0 0 0 0 0 1 0 0 0 0 0 0 0 0 0 0 0 0 0 0 0 0 0 0 0 1 1 1 1 2 2 2 3
 1 1 1 0 0 0 0 0 0 0 1 0 0 0 0 0 0 0 1 0 0 0 0 0 0 0 0 0 0 0 0 0 0 0 0 0 0 0 1 1 1 1 2 2 2 3
 2 2 1 1 1 0 0 0 0 0 1 0 0 0 2 2 2 2 1 1 1 0 0 0 0 0 0 0 0 0 0 0 0 0 0 0 0 1 1 1 1 1 1 1 1 2
 2 2 1 2 2 0 0 0 0 0 1 1 1 1 1 1 2 2 1 1 1 0 0 0 0 0 0 1 1 0 0 0 0 0 0 0 0 1 1 1 1 1 2 2 2 5
 2 2 1 2 2 0 0 0 0 0 1 1 1 1 1 1 2 2 1 1 1 0 0 0 0 0 0 1 1 0 0 0 0 0 0 0 0 1 1 1 1 1 2 2 2 5
 2 2 1 1 1 1 0 0 1 1 0 1 1 2 2 2 2 2 1 1 1 0 0 0 0 0 0 0 0 1 0 0 0 0 0 0 0 1 1 1 2 2 2 2 2 4
 2 2 1 1 1 1 0 0 1 1 0 1 1 2 2 2 2 2 1 1 1 0 0 0 0 0 0 0 0 1 0 0 0 0 0 0 0 1 1 1 2 2 2 2 2 4
 1 1 1 2 2 2 1 1 0 0 0 0 0 1 2 2 1 1 1 0 0 0 0 0 0 0 0 0 0 0 0 0 0 0 0 2 2 1 1 1 1 1 2 2 2 3
 1 1 1 2 2 1 1 1 0 0 0 0 0 0 2 2 1 1 0 0 0 0 0 0 0 0 0 0 0 0 0 0 0 0 1 2 2 1 2 2 1 1 2 3 3 3
 1 1 1 2 2 1 1 1 0 0 0 0 0 0 2 2 1 1 0 0 0 0 0 0 0 0 0 0 0 0 0 0 0 0 1 2 2 1 2 2 1 1 2 3 3 3
 0 0 0 2 2 1 1 1 1 1 0 0 0 0 1 1 1 1 1 0 0 1 0 0 0 0 0 0 0 0 1 1 1 1 2 1 1 1 1 1 2 2 1 2 2 3
 0 0 0 2 2 1 0 0 1 1 1 0 0 0 1 1 1 1 0 0 0 0 0 0 0 0 0 0 0 0 2 2 0 0 2 1 1 1 1 1 2 2 1 2 2 2
 0 0 0 2 2 1 0 0 1 1 1 0 0 0 1 1 1 1 0 0 0 0 0 0 0 0 0 0 0 0 2 2 0 0 2 1 1 1 1 1 2 2 1 2 2 2
 0 0 0 1 1 1 2 2 1 1 2 1 1 0 0 0 0 0 0 0 0 0 0 0 0 0 1 1 1 0 2 2 2 2 2 2 2 1 1 1 1 1 1 3 3 3
 0 0 0 1 1 1 2 2 1 1 2 1 1 0 0 0 0 0 0 0 0 0 0 0 0 0 1 1 1 0 2 2 2 2 2 2 2 1 1 1 1 1 1 3 3 3
 0 0 0 1 1 2 2 2 1 1 4 2 2 1 0 0 0 0 0 0 0 0 0 0 0 0 0 0 0 1 2 2 1 1 1 1 1 1 1 1 1 1 1 3 3 3
 0 0 0 0 0 0 2 2 2 2 2 3 3 1 0 0 0 0 2 1 1 1 0 0 1 1 1 1 1 0 1 1 1 1 2 1 1 1 1 1 1 1 3 2 2 6
 0 0 0 0 0 0 2 2 2 2 2 3 3 1 0 0 0 0 2 1 1 1 0 0 1 1 1 1 1 0 1 1 1 1 2 1 1 1 1 1 1 1 3 2 2 6
 0 0 0 0 0 0 0 0 1 1 2 3 3 2 1 1 1 1 1 1 1 1 0 0 0 0 1 1 1 1 1 1 1 1 1 1 1 1 2 2 2 2 4 4 4 8
 0 0 0 0 0 0 0 0 1 1 1 2 2 1 1 1 1 1 0 0 0 0 0 0 0 0 0 1 1 2 1 1 2 2 1 1 1 2 2 2 2 2 4 4 4 8
 0 0 0 0 0 0 0 0 1 1 1 2 2 1 1 1 1 1 0 0 0 0 0 0 0 0 0 1 1 2 1 1 2 2 1 1 1 2 2 2 2 2 4 4 4 8
 0 0 0 0 0 0 0 0 0 0 1 1 1 1 2 2 2 2 1 0 0 0 0 0 0 0 0 1 1 2 3 3 2 2 2 1 1 1 2 2 2 2 4 5 5 10
 0 0 0 0 0 0 0 0 0 0 1 1 1 1 2 2 2 2 1 0 0 0 0 0 0 0 0 1 1 2 3 3 2 2 2 1 1 1 2 2 2 2 4 5 5 10
 0 0 0 0 0 0 0 0 0 0 0 1 1 2 1 1 2 2 0 0 0 0 0 0 0 0 0 0 0 1 2 2 1 1 1 1 1 2 2 2 2 2 3 7 7 10
 0 0 0 0 0 0 0 0 0 0 0 1 1 1 1 1 2 2 0 0 0 0 0 0 0 0 0 0 0 3 1 1 1 1 1 0 0 1 2 2 3 3 3 5 5 9
 0 0 0 0 0 0 0 0 0 0 0 1 1 1 1 1 2 2 0 0 0 0 0 0 0 0 0 0 0 3 1 1 1 1 1 0 0 1 2 2 3 3 3 5 5 9
 0 0 0 0 0 0 0 0 0 0 0 1 1 1 1 1 1 1 1 1 1 0 0 0 0 0 0 1 1 1 0 0 0 0 0 0 0 1 1 1 2 2 3 3 3 7
 0 0 0 0 0 0 0 0 0 0 0 0 0 1 1 1 0 0 2 1 1 0 0 0 0 0 0 0 0 0 0 0 0 0 1 0 0 0 1 1 1 1 2 3 3 6
 0 0 0 0 0 0 0 0 0 0 0 0 0 1 1 1 0 0 2 1 1 0 0 0 0 0 0 0 0 0 0 0 0 0 1 0 0 0 1 1 1 1 2 3 3 6
 0 0 0 0 0 0 0 0 0 0 0 0 0 0 1 1 3 3 2 1 1 1 0 0 1 1 0 0 0 0 0 0 0 0 0 0 0 0 1 1 1 1 2 2 2 3
 0 0 0 0 0 0 0 0 0 0 0 0 0 0 1 1 3 3 2 1 1 1 0 0 1 1 0 0 0 0 0 0 0 0 0 0 0 0 1 1 1 1 2 2 2 3
 0 0 0 0 0 0 0 0 0 0 0 0 0 0 1 1 3 3 2 2 2 1 1 1 1 1 0 0 0 0 0 0 0 0 1 0 0 1 1 1 1 1 1 1 1 2
 0 0 0 0 0 0 0 0 0 0 0 0 0 1 6 6 8 8 2 2 2 2 1 1 1 1 0 0 0 0 0 0 1 1 1 1 1 1 1 1 1 1 1 1 1 1
 0 0 0 0 0 0 0 0 0 0 0 0 0 1 6 6 8 8 2 2 2 2 1 1 1 1 0 0 0 0 0 0 1 1 1 1 1 1 1 1 1 1 1 1 1 1
 0 0 0 0 0 0 0 0 0 0 0 5 5 5 5 5 7 7 1 2 2 2 1 1 1 1 0 0 0 1 1 1 1 1 2 1 1 1 1 1 1 1 1 1 1 1
 0 0 0 0 0 0 0 0 0 0 3 7 7 5 4 4 4 4 1 2 2 2 2 2 2 2 1 1 1 1 1 1 1 1 1 2 2 1 1 1 1 1 2 2 2 1
 0 0 0 0 0 0 0 0 0 0 3 7 7 5 4 4 4 4 1 2 2 2 2 2 2 2 1 1 1 1 1 1 1 1 1 2 2 1 1 1 1 1 2 2 2 1
 0 0 0 0 0 0 0 0 0 0 2 3 3 1 1 1 1 1 1 2 2 2 3 3 2 2 1 1 1 1 1 1 1 1 2 3 3 3 2 2 2 2 3 3 3 2
 0 0 0 0 0 0 0 0 0 0 2 3 3 1 1 1 1 1 1 2 2 2 3 3 2 2 1 1 1 1 1 1 1 1 2 3 3 3 2 2 2 2 3 3 3 2
 0 0 0 0 0 0 0 0 0 0 3 4 4 0 0 0 1 1 1 2 2 2 2 2 2 2 2 2 2 1 1 1 1 1 2 2 2 3 3 3 2 2 4 5 5 4
 0 0 0 0 0 0 0 0 0 0 0 2 2 0 0 0 0 0 0 2 2 2 2 2 2 2 1 1 1 1 0 0 0 0 2 3 3 3 3 3 2 2 3 3 3 3
 0 0 0 0 0 0 0 0 0 0 0 2 2 0 0 0 0 0 0 2 2 2 2 2 2 2 1 1 1 1 0 0 0 0 2 3 3 3 3 3 2 2 3 3 3 3
 0 0 0 0 0 0 0 0 0 0 0 0 0 0 0 0 0 0 0 1 1 3 2 2 2 2 0 0 0 0 0 0 0 0 1 2 2 3 2 2 2 2 1 1 1 1
 0 0 0 0 0 0 0 0 0 0 0 0 0 0 0 0 0 0 0 1 1 1 1 1 3 3 2 0 0 0 0 0 0 0 0 1 1 2 2 2 1 1 0 0 0 0
 0 0 0 0 0 0 0 0 0 0 0 0 0 0 0 0 0 0 0 1 1 1 1 1 3 3 2 0 0 0 0 0 0 0 0 1 1 2 2 2 1 1 0 0 0 0
 0 0 0 0 0 0 0 0 0 0 0 0 0 0 0 0 0 0 0 1 1 1 1 1 1 1 2 1 1 1 1 1 2 2 1 0 0 1 1 1 1 1 0 0 0 0
 0 0 0 0 0 0 0 0 0 0 0 0 0 0 0 0 0 0 0 1 1 1 1 1 1 1 2 1 1 1 1 1 2 2 1 0 0 1 1 1 1 1 0 0 0 0
 0 0 0 0 0 0 0 0 0 0 0 0 0 0 0 0 0 0 0 0 0 1 1 1 1 1 3 1 1 1 1 1 1 1 0 0 0 1 1 1 1 1 0 0 0 0
 0 0 0 1 1 2 0 0 0 0 0 0 0 0 0 0 0 0 0 0 0 1 1 1 1 1 3 0 0 1 1 1 1 1 0 0 0 1 2 2 1 1 1 0 0 0
 0 0 0 1 1 2 0 0 0 0 0 0 0 0 0 0 0 0 0 0 0 1 1 1 1 1 3 0 0 1 1 1 1 1 0 0 0 1 2 2 1 1 1 0 0 0
 0 0 0 2 2 1 0 0 0 0 0 0 0 0 0 0 0 0 0 0 0 1 1 1 1 1 3 1 1 1 0 0 1 1 0 0 0 1 2 2 2 2 1 0 0 0
 0 0 0 0 0 0 0 0 0 0 0 0 0 0 0 0 0 0 0 0 0 1 1 1 1 1 2 2 2 1 0 0 0 0 0 0 0 1 2 2 2 2 2 0 0 0
 0 0 0 0 0 0 0 0 0 0 0 0 0 0 0 0 0 0 0 0 0 1 1 1 1 1 2 2 2 1 0 0 0 0 0 0 0 1 2 2 2 2 2 0 0 0
 0 0 0 0 0 0 0 0 0 0 0 0 0 0 0 0 0 0 0 0 0 1 1 1 1 1 2 2 2 1 0 0 0 0 0 0 0 1 2 2 2 2 1 0 0 0
 0 0 0 0 0 0 0 0 0 0 0 0 0 0 0 0 0 0 0 0 0 1 1 1 1 1 2 2 2 1 0 0 0 0 0 0 0 1 2 2 2 2 1 0 0 0
 0 0 0 0 0 0 0 0 0 0 0 0 0 0 0 0 0 0 0 0 0 1 2 2 3 3 2 2 2 1 0 0 0 0 0 0 0 1 1 1 2 2 1 0 0 0
 0 0 0 0 0 1 0 0 0 0 0 0 0 0 0 0 0 0 0 0 0 0 2 2 2 2 4 2 2 1 1 1 0 0 0 0 0 1 2 2 1 1 0 0 0 0
 0 0 0 0 0 1 0 0 0 0 0 0 0 0 0 0 0 0 0 0 0 0 2 2 2 2 4 2 2 1 1 1 0 0 0 0 0 1 2 2 1 1 0 0 0 0
 0 0 0 0 0 0 0 0 1 1 0 1 1 0 1 1 0 0 0 0 0 2 3 3 5 5 6 5 5 2 1 1 2 2 1 1 1 1 1 1 2 2 1 1 1 1
 0 0 0 0 0 0 0 0 1 1 1 1 1 1 1 1 0 0 0 1 1 3 3 3 8 8 12 8 8 3 2 2 3 3 2 6 6 7 7 7 9 9 2 1 1 1
 0 0 0 0 0 0 0 0 1 1 1 1 1 1 1 1 0 0 0 1 1 3 3 3 8 8 12 8 8 3 2 2 3 3 2 6 6 7 7 7 9 9 2 1 1 1
 0 0 1 0 0 0 0 0 0 0 1 1 1 1 1 1 1 1 2 10 10 11 8 8 8 8 17 12 12 9 11 11 8 8 17 16 16 7 7 7 10 10 8 7 7 6
 0 0 1 0 0 0 0 0 0 0 1 1 1 1 1 1 1 1 2 10 10 11 8 8 8 8 17 12 12 9 11 11 8 8 17 16 16 7 7 7 10 10 8 7 7 6
 1 1 3 2 2 1 0 0 0 0 1 1 1 1 1 1 2 2 3 5 5 11 8 8 5 5 13 21 21 21 17 17 9 9 15 17 17 19 22 22 23 23 21 15 15 9
 1 1 4 1 1 1 1 1 1 1 3 2 2 2 3 3 3 3 3 4 4 4 9 9 12 12 18 24 24 25 25 25 20 20 19 18 18 22 25 25 27 27 22 15 15 10
 1 1 4 1 1 1 1 1 1 1 3 2 2 2 3 3 3 3 3 4 4 4 9 9 12 12 18 24 24 25 25 25 20 20 19 18 18 22 25 25 27 27 22 15 15 10
 0 0 1 1 1 1 3 3 3 3 5 5 5 5 4 4 3 3 3 5 5 8 11 11 16 16 18 22 22 23 28 28 30 30 23 20 20 23 26 26 27 27 22 12 12 11
 0 0 0 1 1 1 3 3 3 3 3 6 6 7 5 5 3 3 3 5 5 9 13 13 16 16 18 24 24 27 26 26 30 30 24 31 31 25 38 38 31 31 28 15 15 13
 0 0 0 1 1 1 3 3 3 3 3 6 6 7 5 5 3 3 3 5 5 9 13 13 16 16 18 24 24 27 26 26 30 30 24 31 31 25 38 38 31 31 28 15 15 13
 1 1 1 1 1 2 4 4 2 2 3 4 4 6 7 7 3 3 2 3 3 4 8 8 9 9 19 22 22 21 24 24 28 28 27 39 39 29 64 64 33 33 30 17 17 10
 1 1 1 1 1 2 4 4 2 2 3 4 4 6 7 7 3 3 2 3 3 4 8 8 9 9 19 22 22 21 24 24 28 28 27 39 39 29 64 64 33 33 30 17 17 10
 1 1 1 6 6 4 6 6 4 4 3 3 3 5 6 6 5 5 2 4 4 5 10 10 11 11 20 20 20 31 32 32 42 42 28 41 41 41 39 39 35 35 31 23 23 10
 3 3 3 9 9 5 7 7 8 8 6 6 6 6 7 7 7 7 8 8 8 9 13 13 17 17 15 21 21 47 46 46 48 48 50 33 33 36 33 33 31 31 28 23 23 7
 3 3 3 9 9 5 7 7 8 8 6 6 6 6 7 7 7 7 8 8 8 9 13 13 17 17 15 21 21 47 46 46 48 48 50 33 33 36 33 33 31 31 28 23 23 7
 7 7 8 10 10 12 15 15 13 13 11 6 6 9 8 8 8 8 12 9 9 15 35 35 20 20 16 21 21 24 31 31 39 39 39 34 34 38 30 30 25 25 19 17 17 18
 9 9 13 12 12 16 16 16 16 16 14 10 10 9 10 10 6 6 9 8 8 12 32 32 39 39 40 14 14 15 31 31 18 18 18 21 21 21 20 20 18 18 18 16 16 16
