assets/RAT_results/precipitation/2021-07-05_IMERG.asc
ncols        46
nrows        77
xllcorner    74.800261325624
yllcorner    8.058333333333
cellsize     0.062500000000
NODATA_value -9999
 5 5 2 1 1 1 1 1 1 1 1 1 1 3 2 2 6 6 7 6 6 9 9 9 9 9 8 17 17 26 24 24 6 6 5 6 6 4 7 7 7 7 6 6 6 2
 9 9 3 0 0 0 4 4 5 5 8 1 1 4 8 8 6 6 7 9 9 8 11 11 12 12 17 9 9 12 6 6 10 10 6 8 8 9 9 9 7 7 9 6 6 2
 9 9 3 0 0 0 4 4 5 5 8 1 1 4 8 8 6 6 7 9 9 8 11 11 12 12 17 9 9 12 6 6 10 10 6 8 8 9 9 9 7 7 9 6 6 2
 7 7 2 0 0 0 4 4 4 4 8 10 10 9 8 8 8 8 7 8 8 8 11 11 10 10 16 17 17 12 13 13 13 13 13 11 11 24 12 12 17 17 9 5 5 5
 6 6 8 2 2 0 3 3 4 4 9 10 10 11 13 13 12 12 11 9 9 9 15 15 14 14 18 17 17 15 15 15 17 17 18 13 13 30 28 28 26 26 13 10 10 8
 6 6 8 2 2 0 3 3 4 4 9 10 10 11 13 13 12 12 11 9 9 9 15 15 14 14 18 17 17 15 15 15 17 17 18 13 13 30 28 28 26 26 13 10 10 8
 7 7 7 7 7 2 3 3 4 4 8 10 10 11 12 12 13 13 19 18 18 19 21 21 21 21 23 32 32 24 21 21 28 28 25 23 23 20 27 27 25 25 20 18 18 14
 7 7 7 7 7 2 3 3 4 4 8 10 10 11 12 12 13 13 19 18 18 19 21 21 21 21 23 32 32 24 21 21 28 28 25 23 23 20 27 27 25 25 20 18 18 14
 7 7 7 5 5 4 3 3 4 4 4 8 8 9 10 10 13 13 21 16 16 18 23 23 21 21 22 33 33 34 34 34 42 42 41 28 28 25 16 16 20 20 20 17 17 13
 2 2 4 4 4 4 2 2 0 0 4 2 2 5 14 14 17 17 18 18 18 21 23 23 19 19 25 28 28 22 22 22 42 42 32 21 21 21 18 18 10 10 10 5 5 5
 2 2 4 4 4 4 2 2 0 0 4 2 2 5 14 14 17 17 18 18 18 21 23 23 19 19 25 28 28 22 22 22 42 42 32 21 21 21 18 18 10 10 10 5 5 5
 0 0 1 2 2 4 5 5 1 1 0 2 2 7 10 10 23 23 7 10 10 11 21 21 17 17 19 23 23 24 23 23 45 45 16 18 18 7 9 9 16 16 7 3 3 5
 0 0 0 1 1 2 3 3 2 2 0 0 0 1 1 1 13 13 13 6 6 11 8 8 10 10 14 17 17 22 30 30 34 34 15 14 14 2 9 9 5 5 5 2 2 2
 0 0 0 1 1 2 3 3 2 2 0 0 0 1 1 1 13 13 13 6 6 11 8 8 10 10 14 17 17 22 30 30 34 34 15 14 14 2 9 9 5 5 5 2 2 2
 0 0 0 0 0 1 3 3 3 3 2 0 0 0 1 1 1 1 6 2 2 1 1 1 0 0 1 2 2 7 16 16 30 30 17 12 12 14 2 2 2 2 6 1 1 2
 0 0 0 0 0 1 3 3 3 3 2 0 0 0 1 1 1 1 6 2 2 1 1 1 0 0 1 2 2 7 16 16 30 30 17 12 12 14 2 2 2 2 6 1 1 2
 0 0 0 0 0 2 2 2 5 5 3 2 2 0 0 0 2 2 2 2 2 1 1 1 1 1 1 2 2 2 5 5 14 14 11 18 18 12 3 3 3 3 5 2 2 2
 0 0 0 0 0 0 2 2 2 2 6 4 4 1 1 1 1 1 0 0 0 1 1 1 1 1 2 1 1 2 7 7 8 8 12 0 0 2 1 1 1 1 3 2 2 3
 0 0 0 0 0 0 2 2 2 2 6 4 4 1 1 1 1 1 0 0 0 1 1 1 1 1 2 1 1 2 7 7 8 8 12 0 0 2 1 1 1 1 3 2 2 3
 0 0 0 0 0 0 0 0 1 1 3 5 5 3 1 1 5 5 4 4 4 1 2 2 4 4 3 10 10 3 2 2 1 1 1 1 1 2 0 0 1 1 1 1 1 3
 0 0 0 0 0 0 0 0 0 0 1 4 4 3 2 2 1 1 3 1 1 1 5 5 15 15 17 3 3 2 2 2 1 1 1 2 2 2 1 1 2 2 2 2 2 1
 0 0 0 0 0 0 0 0 0 0 1 4 4 3 2 2 1 1 3 1 1 1 5 5 15 15 17 3 3 2 2 2 1 1 1 2 2 2 1 1 2 2 2 2 2 1
 0 0 0 0 0 0 0 0 0 0 1 2 2 3 3 3 2 2 1 6 6 21 21 21 13 13 13 8 8 6 3 3 3 3 2 1 1 2 4 4 1 1 1 1 1 0
 0 0 0 0 0 0 0 0 0 0 1 2 2 3 3 3 2 2 1 6 6 21 21 21 13 13 13 8 8 6 3 3 3 3 2 1 1 2 4 4 1 1 1 1 1 0
 2 2 0 0 0 0 0 0 0 0 1 2 2 4 4 4 2 2 1 1 1 7 19 19 1 1 4 10 10 4 3 3 3 3 2 1 1 0 0 0 1 1 1 0 0 0
 2 2 0 0 0 0 0 0 0 0 0 2 2 2 4 4 2 2 0 0 0 0 0 0 0 0 3 3 3 7 5 5 5 5 1 1 1 0 0 0 0 0 0 0 0 0
 2 2 0 0 0 0 0 0 0 0 0 2 2 2 4 4 2 2 0 0 0 0 0 0 0 0 3 3 3 7 5 5 5 5 1 1 1 0 0 0 0 0 0 0 0 0
 2 2 0 0 0 0 0 0 0 0 0 1 1 2 3 3 4 4 0 0 0 0 0 0 1 1 2 2 2 0 0 0 2 2 1 1 1 0 0 0 0 0 0 0 0 0
 2 2 0 0 0 0 0 0 0 0 0 0 0 1 3 3 6 6 3 1 1 2 1 1 0 0 0 3 3 2 1 1 0 0 0 0 0 0 0 0 0 0 0 0 0 0
 2 2 0 0 0 0 0 0 0 0 0 0 0 1 3 3 6 6 3 1 1 2 1 1 0 0 0 3 3 2 1 1 0 0 0 0 0 0 0 0 0 0 0 0 0 0
 1 1 0 1 1 1 0 0 1 1 0 0 0 2 4 4 6 6 4 1 1 3 3 3 5 5 4 3 3 5 5 5 2 2 0 0 0 0 0 0 0 0 0 0 0 0
 1 1 0 1 1 1 0 0 1 1 0 0 0 2 4 4 6 6 4 1 1 3 3 3 5 5 4 3 3 5 5 5 2 2 0 0 0 0 0 0 0 0 0 0 0 0
 1 1 2 2 2 1 2 2 1 1 0 1 1 2 1 1 4 4 3 4 4 2 2 2 2 2 5 5 5 4 9 9 1 1 0 1 1 0 0 0 0 0 0 0 0 0
 5 5 3 2 2 1 2 2 2 2 1 1 1 1 2 2 1 1 2 2 2 1 1 1 0 0 0 0 0 0 2 2 0 0 0 0 0 0 0 0 0 0 1 0 0 0
 5 5 3 2 2 1 2 2 2 2 1 1 1 1 2 2 1 1 2 2 2 1 1 1 0 0 0 0 0 0 2 2 0 0 0 0 0 0 0 0 0 0 1 0 0 0
 4 4 3 3 3 2 2 2 2 2 2 0 0 0 1 1 2 2 3 2 2 0 0 0 0 0 0 0 0 0 0 0 0 0 0 0 0 0 0 0 0 0 0 0 0 0
 5 5 4 4 4 3 4 4 2 2 2 2 2 1 1 1 1 1 2 2 2 2 1 1 1 1 1 1 1 0 1 1 1 1 1 0 0 0 0 0 0 0 0 0 0 0
 5 5 4 4 4 3 4 4 2 2 2 2 2 1 1 1 1 1 2 2 2 2 1 1 1 1 1 1 1 0 1 1 1 1 1 0 0 0 0 0 0 0 0 0 0 0
 5 5 4 2 2 3 3 3 3 3 3 1 1 1 1 1 2 2 3 5 5 4 3 3 1 1 1 1 1 1 1 1 1 1 1 0 0 0 0 0 0 0 0 0 0 0
 5 5 4 2 2 3 3 3 3 3 3 1 1 1 1 1 2 2 3 5 5 4 3 3 1 1 1 1 1 1 1 1 1 1 1 0 0 0 0 0 0 0 0 0 0 0
 4 4 3 2 2 3 3 3 3 3 3 0 0 1 1 1 1 1 3 5 5 4 2 2 2 2 2 1 1 2 1 1 1 1 2 2 2 1 0 0 0 0 0 0 0 0
 4 4 4 3 3 3 3 3 2 2 3 0 0 0 1 1 1 1 2 1 1 3 2 2 1 1 1 0 0 0 0 0 0 0 2 5 5 2 1 1 1 1 1 1 1 1
 4 4 4 3 3 3 3 3 2 2 3 0 0 0 1 1 1 1 2 1 1 3 2 2 1 1 1 0 0 0 0 0 0 0 2 5 5 2 1 1 1 1 1 1 1 1
 6 6 5 3 3 3 3 3 2 2 2 0 0 0 1 1 1 1 1 1 1 3 3 3 2 2 1 0 0 0 0 0 0 0 2 5 5 3 2 2 2 2 2 1 1 1
 5 5 4 4 4 3 3 3 2 2 0 0 0 0 0 0 1 1 1 1 1 2 6 6 2 2 0 0 0 0 0 0 3 3 1 3 3 3 3 3 3 3 3 2 2 2
 5 5 4 4 4 3 3 3 2 2 0 0 0 0 0 0 1 1 1 1 1 2 6 6 2 2 0 0 0 0 0 0 3 3 1 3 3 3 3 3 3 3 3 2 2 2
 6 6 5 4 4 3 2 2 2 2 0 0 0 0 0 0 0 0 0 2 2 2 2 2 2 2 1 0 0 1 2 2 3 3 4 5 5 3 3 3 3 3 3 2 2 5
 6 6 5 4 4 3 2 2 2 2 0 0 0 0 0 0 0 0 0 2 2 2 2 2 2 2 1 0 0 1 2 2 3 3 4 5 5 3 3 3 3 3 3 2 2 5
 5 5 3 4 4 1 2 2 0 0 0 0 0 0 0 0 0 0 0 3 3 3 3 3 1 1 2 1 1 2 2 2 2 2 5 7 7 3 2 2 1 1 1 1 1 4
 7 7 2 2 2 1 2 2 0 0 0 0 0 0 0 0 0 0 1 2 2 3 3 3 2 2 2 3 3 3 3 3 3 3 5 6 6 2 2 2 2 2 1 1 1 2
 7 7 2 2 2 1 2 2 0 0 0 0 0 0 0 0 0 0 1 2 2 3 3 3 2 2 2 3 3 3 3 3 3 3 5 6 6 2 2 2 2 2 1 1 1 2
 8 8 2 1 1 2 1 1 0 0 0 0 0 0 0 0 0 0 0 1 1 3 3 3 2 2 3 3 3 3 6 6 5 5 4 5 5 3 2 2 2 2 1 0 0 2
 9 9 7 2 2 4 4 4 4 4 1 1 1 0 0 0 0 0 0 0 0 2 1 1 2 2 2 1 1 2 7 7 10 10 3 3 3 1 1 1 0 0 0 0 0 0
 9 9 7 2 2 4 4 4 4 4 1 1 1 0 0 0 0 0 0 0 0 2 1 1 2 2 2 1 1 2 7 7 10 10 3 3 3 1 1 1 0 0 0 0 0 0
 11 11 9 3 3 3 3 3 4 4 1 0 0 0 0 0 0 0 0 0 0 1 1 1 2 2 2 7 7 1 2 2 9 9 8 8 8 2 0 0 0 0 1 1 1 0
 11 11 9 3 3 3 3 3 4 4 1 0 0 0 0 0 0 0 0 0 0 1 1 1 2 2 2 7 7 1 2 2 9 9 8 8 8 2 0 0 0 0 1 1 1 0
 11 11 8 4 4 4 4 4 4 4 2 0 0 1 0 0 0 0 0 0 0 0 1 1 1 1 1 0 0 0 0 0 1 1 11 9 9 3 0 0 0 0 1 1 1 0
 8 8 8 7 7 6 4 4 4 4 1 0 0 1 1 1 0 0 0 0 0 0 0 0 0 0 0 0 0 0 0 0 0 0 3 10 10 1 0 0 0 0 1 1 1 1
 8 8 8 7 7 6 4 4 4 4 1 0 0 1 1 1 0 0 0 0 0 0 0 0 0 0 0 0 0 0 0 0 0 0 3 10 10 1 0 0 0 0 1 1 1 1
 7 7 6 7 7 6 4 4 4 4 1 0 0 0 0 0 0 0 0 0 0 0 0 0 1 1 2 0 0 0 0 0 0 0 0 2 2 0 1 1 1 1 1 1 1 1
 6 6 4 3 3 4 2 2 1 1 0 0 0 0 0 0 0 0 0 0 0 1 1 1 2 2 1 0 0 0 1 1 1 1 1 1 1 1 1 1 2 2 2 2 2 2
 6 6 4 3 3 4 2 2 1 1 0 0 0 0 0 0 0 0 0 0 0 1 1 1 2 2 1 0 0 0 1 1 1 1 1 1 1 1 1 1 2 2 2 2 2 2
 6 6 5 3 3 2 1 1 0 0 0 0 0 0 0 0 0 0 0 0 0 1 5 5 5 5 0 1 1 1 1 1 1 1 1 1 1 1 2 2 2 2 2 2 2 2
 6 6 5 3 3 2 1 1 0 0 0 0 0 0 0 0 0 0 0 0 0 1 5 5 5 5 0 1 1 1 1 1 1 1 1 1 1 1 2 2 2 2 2 2 2 2
 6 6 4 2 2 2 1 1 0 0 0 0 0 0 0 0 1 1 0 0 0 1 5 5 4 4 1 3 3 2 1 1 1 1 1 2 2 3 2 2 3 3 3 3 3 3
 5 5 4 3 3 3 2 2 0 0 0 0 0 0 0 0 0 0 2 1 1 0 1 1 1 1 1 1 1 2 2 2 2 2 2 2 2 4 5 5 4 4 4 3 3 3
 5 5 4 3 3 3 2 2 0 0 0 0 0 0 0 0 0 0 2 1 1 0 1 1 1 1 1 1 1 2 2 2 2 2 2 2 2 4 5 5 4 4 4 3 3 3
 5 5 4 3 3 3 1 1 0 0 1 1 1 0 0 0 0 0 0 0 0 0 0 0 0 0 0 1 1 2 3 3 2 2 3 3 3 3 5 5 4 4 5 5 5 5
 6 6 4 4 4 4 2 2 1 1 1 1 1 0 0 0 0 0 1 1 1 1 0 0 0 0 1 1 1 1 2 2 3 3 4 4 4 4 5 5 5 5 5 5 5 5
 6 6 4 4 4 4 2 2 1 1 1 1 1 0 0 0 0 0 1 1 1 1 0 0 0 0 1 1 1 1 2 2 3 3 4 4 4 4 5 5 5 5 5 5 5 5
 7 7 4 4 4 4 1 1 1 1 1 1 1 0 0 0 1 1 1 1 1 1 1 1 1 1 1 1 1 1 2 2 2 2 3 4 4 4 5 5 6 6 6 6 6 6
 7 7 4 4 4 4 1 1 1 1 1 1 1 0 0 0 1 1 1 1 1 1 1 1 1 1 1 1 1 1 2 2 2 2 3 4 4 4 5 5 6 6 6 6 6 6
 6 6 5 4 4 4 3 3 2 2 1 1 1 0 1 1 1 1 1 1 1 1 1 1 2 2 1 1 1 2 2 2 2 2 4 5 5 6 6 6 6 6 7 6 6 6
 6 6 4 4 4 3 3 3 3 3 2 1 1 0 1 1 1 1 1 1 1 1 1 1 1 1 1 2 2 2 2 2 3 3 4 4 4 7 6 6 7 7 6 6 6 5
 6 6 4 4 4 3 3 3 3 3 2 1 1 0 1 1 1 1 1 1 1 1 1 1 1 1 1 2 2 2 2 2 3 3 4 4 4 7 6 6 7 7 6 6 6 5
 6 6 6 5 5 5 4 4 3 3 3 1 1 1 1 1 1 1 1 0 0 1 1 1 1 1 1 2 2 2 2 2 3 3 4 5 5 5 6 6 6 6 6 5 5 5
 6 6 6 6 6 7 6 6 4 4 3 1 1 2 3 3 1 1 0 0 0 0 0 0 1 1 1 1 1 1 2 2 3 3 4 4 4 4 4 4 4 4 6 3 3 3
