assets/RAT_results/precipitation/2021-11-18_IMERG.asc
ncols        46
nrows        77
xllcorner    74.800261325624
yllcorner    8.058333333333
cellsize     0.062500000000
NODATA_value -9999
 2 2 2 1 1 0 1 1 5 5 3 2 2 13 18 18 24 24 30 31 31 34 35 35 39 39 38 39 39 45 46 46 44 44 42 47 47 43 42 42 42 42 47 58 58 45
 2 2 2 2 2 0 0 0 1 1 1 2 2 7 10 10 17 17 18 30 30 33 35 35 36 36 30 30 30 36 45 45 52 52 48 49 49 41 39 39 36 36 43 51 51 46
 2 2 2 2 2 0 0 0 1 1 1 2 2 7 10 10 17 17 18 30 30 33 35 35 36 36 30 30 30 36 45 45 52 52 48 49 49 41 39 39 36 36 43 51 51 46
 2 2 3 3 3 1 3 3 0 0 0 0 0 4 6 6 10 10 17 23 23 18 17 17 22 22 25 28 28 36 47 47 50 50 53 45 45 40 37 37 39 39 39 46 46 45
 1 1 2 3 3 1 1 1 3 3 1 3 3 1 3 3 4 4 7 12 12 16 16 16 19 19 24 27 27 31 44 44 46 46 47 43 43 43 46 46 44 44 43 70 70 64
 1 1 2 3 3 1 1 1 3 3 1 3 3 1 3 3 4 4 7 12 12 16 16 16 19 19 24 27 27 31 44 44 46 46 47 43 43 43 46 46 44 44 43 70 70 64
 2 2 1 3 3 2 2 2 7 7 0 3 3 2 3 3 5 5 5 10 10 14 15 15 22 22 25 29 29 29 31 31 32 32 44 43 43 40 41 41 48 48 41 48 48 65
 2 2 1 3 3 2 2 2 7 7 0 3 3 2 3 3 5 5 5 10 10 14 15 15 22 22 25 29 29 29 31 31 32 32 44 43 43 40 41 41 48 48 41 48 48 65
 1 1 1 3 3 2 3 3 2 2 4 1 1 1 4 4 4 4 4 7 7 9 15 15 19 19 19 25 25 24 28 28 28 28 34 36 36 33 40 40 45 45 39 51 51 60
 1 1 2 3 3 4 7 7 7 7 12 12 12 4 6 6 5 5 5 7 7 8 12 12 17 17 19 18 18 13 21 21 24 24 29 25 25 33 32 32 39 39 36 51 51 59
 1 1 2 3 3 4 7 7 7 7 12 12 12 4 6 6 5 5 5 7 7 8 12 12 17 17 19 18 18 13 21 21 24 24 29 25 25 33 32 32 39 39 36 51 51 59
 1 1 1 2 2 4 7 7 10 10 7 13 13 2 6 6 5 5 4 7 7 6 7 7 8 8 10 14 14 11 15 15 18 18 18 22 22 26 30 30 35 35 33 33 33 54
 1 1 2 2 2 4 4 4 7 7 6 6 6 1 1 1 5 5 5 6 6 6 7 7 8 8 7 8 8 9 10 10 16 16 19 21 21 20 25 25 26 26 29 32 32 44
 1 1 2 2 2 4 4 4 7 7 6 6 6 1 1 1 5 5 5 6 6 6 7 7 8 8 7 8 8 9 10 10 16 16 19 21 21 20 25 25 26 26 29 32 32 44
 0 0 2 1 1 1 3 3 6 6 6 8 8 6 2 2 4 4 6 5 5 5 5 5 5 5 5 6 6 7 7 7 8 8 13 19 19 21 26 26 27 27 29 32 32 46
 0 0 2 1 1 1 3 3 6 6 6 8 8 6 2 2 4 4 6 5 5 5 5 5 5 5 5 6 6 7 7 7 8 8 13 19 19 21 26 26 27 27 29 32 32 46
 0 0 1 1 1 1 1 1 3 3 4 8 8 8 9 9 5 5 6 4 4 5 4 4 3 3 2 4 4 8 6 6 9 9 14 20 20 20 23 23 26 26 29 38 38 45
 0 0 1 0 0 1 0 0 2 2 4 4 4 7 7 7 3 3 3 2 2 4 5 5 4 4 3 2 2 5 5 5 6 6 10 16 16 20 22 22 25 25 27 39 39 49
 0 0 1 0 0 1 0 0 2 2 4 4 4 7 7 7 3 3 3 2 2 4 5 5 4 4 3 2 2 5 5 5 6 6 10 16 16 20 22 22 25 25 27 39 39 49
 0 0 1 0 0 1 1 1 2 2 3 9 9 6 5 5 3 3 3 4 4 3 4 4 4 4 4 3 3 3 5 5 8 8 10 13 13 17 18 18 22 22 23 26 26 46
 0 0 1 1 1 0 1 1 2 2 3 9 9 13 11 11 11 11 4 4 4 5 4 4 3 3 4 3 3 4 5 5 5 5 10 10 10 14 16 16 18 18 18 21 21 43
 0 0 1 1 1 0 1 1 2 2 3 9 9 13 11 11 11 11 4 4 4 5 4 4 3 3 4 3 3 4 5 5 5 5 10 10 10 14 16 16 18 18 18 21 21 43
 1 1 1 0 0 0 0 0 0 0 2 2 2 5 8 8 11 11 12 7 7 7 3 3 2 2 2 4 4 4 6 6 8 8 8 10 10 10 12 12 13 13 13 17 17 25
 1 1 1 0 0 0 0 0 0 0 2 2 2 5 8 8 11 11 12 7 7 7 3 3 2 2 2 4 4 4 6 6 8 8 8 10 10 10 12 12 13 13 13 17 17 25
 1 1 1 1 1 1 0 0 0 0 1 1 1 4 4 4 12 12 12 15 15 5 4 4 1 1 1 2 2 3 5 5 5 5 6 6 6 6 7 7 9 9 8 10 10 15
 1 1 1 1 1 1 1 1 0 0 2 2 2 3 3 3 4 4 3 8 8 8 5 5 3 3 1 2 2 2 1 1 2 2 3 5 5 6 5 5 6 6 6 10 10 9
 1 1 1 1 1 1 1 1 0 0 2 2 2 3 3 3 4 4 3 8 8 8 5 5 3 3 1 2 2 2 1 1 2 2 3 5 5 6 5 5 6 6 6 10 10 9
 1 1 1 1 1 1 0 0 0 0 2 1 1 1 2 2 5 5 5 5 5 6 10 10 7 7 4 3 3 2 1 1 1 1 2 2 2 2 2 2 3 3 3 4 4 7
 1 1 1 1 1 1 0 0 0 0 0 0 0 1 3 3 6 6 8 6 6 6 9 9 10 10 7 3 3 1 1 1 1 1 1 1 1 1 2 2 2 2 3 4 4 5
 1 1 1 1 1 1 0 0 0 0 0 0 0 1 3 3 6 6 8 6 6 6 9 9 10 10 7 3 3 1 1 1 1 1 1 1 1 1 2 2 2 2 3 4 4 5
 0 0 1 1 1 1 1 1 0 0 1 1 1 1 2 2 6 6 7 5 5 4 5 5 7 7 6 3 3 3 1 1 0 0 1 1 1 1 1 1 1 1 2 4 4 5
 0 0 1 1 1 1 1 1 0 0 1 1 1 1 2 2 6 6 7 5 5 4 5 5 7 7 6 3 3 3 1 1 0 0 1 1 1 1 1 1 1 1 2 4 4 5
 0 0 1 1 1 1 1 1 1 1 1 1 1 1 3 3 5 5 5 3 3 2 2 2 2 2 4 5 5 3 0 0 0 0 1 1 1 1 1 1 1 1 2 2 2 3
 0 0 1 1 1 1 1 1 0 0 0 0 0 0 1 1 1 1 3 2 2 1 2 2 1 1 2 2 2 2 1 1 0 0 0 1 1 1 1 1 1 1 1 2 2 3
 0 0 1 1 1 1 1 1 0 0 0 0 0 0 1 1 1 1 3 2 2 1 2 2 1 1 2 2 2 2 1 1 0 0 0 1 1 1 1 1 1 1 1 2 2 3
 0 0 0 0 0 1 1 1 0 0 0 0 0 0 0 0 1 1 1 1 1 1 1 1 1 1 1 1 1 0 0 0 0 0 0 0 0 1 1 1 1 1 1 1 1 2
 0 0 0 1 1 1 1 1 1 1 1 0 0 0 0 0 0 0 0 1 1 2 1 1 1 1 1 1 1 0 0 0 0 0 0 0 0 1 1 1 1 1 1 1 1 1
 0 0 0 1 1 1 1 1 1 1 1 0 0 0 0 0 0 0 0 1 1 2 1 1 1 1 1 1 1 0 0 0 0 0 0 0 0 1 1 1 1 1 1 1 1 1
 0 0 0 0 0 0 1 1 1 1 1 0 0 0 0 0 0 0 0 2 2 2 1 1 1 1 0 1 1 0 0 0 0 0 0 1 1 2 1 1 1 1 1 1 1 1
 0 0 0 0 0 0 1 1 1 1 1 0 0 0 0 0 0 0 0 2 2 2 1 1 1 1 0 1 1 0 0 0 0 0 0 1 1 2 1 1 1 1 1 1 1 1
 0 0 0 0 0 0 1 1 1 1 1 0 0 0 0 0 0 0 1 2 2 3 3 3 1 1 0 0 0 0 0 0 1 1 0 1 1 3 2 2 1 1 1 1 1 2
 0 0 0 0 0 0 1 1 1 1 0 0 0 0 0 0 0 0 1 2 2 3 4 4 3 3 0 0 0 0 0 0 0 0 1 1 1 3 2 2 3 3 4 3 3 2
 0 0 0 0 0 0 1 1 1 1 0 0 0 0 0 0 0 0 1 2 2 3 4 4 3 3 0 0 0 0 0 0 0 0 1 1 1 3 2 2 3 3 4 3 3 2
 0 0 0 0 0 0 1 1 0 0 0 0 0 0 0 0 0 0 1 1 1 2 3 3 3 3 1 0 0 0 0 0 0 0 0 1 1 2 3 3 1 1 2 2 2 1
 0 0 0 0 0 0 0 0 0 0 0 0 0 0 0 0 0 0 1 1 1 2 1 1 2 2 0 0 0 0 0 0 0 0 0 1 1 1 1 1 1 1 1 1 1 1
 0 0 0 0 0 0 0 0 0 0 0 0 0 0 0 0 0 0 1 1 1 2 1 1 2 2 0 0 0 0 0 0 0 0 0 1 1 1 1 1 1 1 1 1 1 1
 0 0 0 0 0 0 0 0 0 0 0 0 0 0 0 0 1 1 1 1 1 1 1 1 1 1 1 0 0 0 2 2 0 0 0 0 0 0 0 0 0 0 0 0 0 1
 0 0 0 0 0 0 0 0 0 0 0 0 0 0 0 0 1 1 1 1 1 1 1 1 1 1 1 0 0 0 2 2 0 0 0 0 0 0 0 0 0 0 0 0 0 1
 0 0 0 0 0 0 0 0 0 0 0 0 0 0 0 0 0 0 0 0 0 0 1 1 2 2 2 3 3 3 4 4 1 1 0 0 0 0 0 0 0 0 0 0 0 0
 0 0 0 0 0 0 0 0 0 0 0 0 0 0 0 0 0 0 0 0 0 0 0 0 2 2 2 2 2 3 4 4 2 2 0 0 0 0 0 0 0 0 0 0 0 0
 0 0 0 0 0 0 0 0 0 0 0 0 0 0 0 0 0 0 0 0 0 0 0 0 2 2 2 2 2 3 4 4 2 2 0 0 0 0 0 0 0 0 0 0 0 0
 0 0 0 0 0 0 0 0 0 0 0 0 0 0 0 0 0 0 0 0 0 0 0 0 1 1 2 2 2 2 1 1 0 0 0 0 0 0 0 0 0 0 0 0 0 0
 1 1 0 1 1 0 0 0 0 0 1 1 1 0 0 0 0 0 0 0 0 0 0 0 1 1 3 3 3 3 1 1 0 0 0 0 0 0 1 1 1 1 0 0 0 0
 1 1 0 1 1 0 0 0 0 0 1 1 1 0 0 0 0 0 0 0 0 0 0 0 1 1 3 3 3 3 1 1 0 0 0 0 0 0 1 1 1 1 0 0 0 0
 1 1 0 0 0 0 0 0 1 1 1 1 1 0 0 0 0 0 0 0 0 0 0 0 1 1 2 2 2 5 1 1 0 0 0 0 0 0 0 0 1 1 0 0 0 0
 1 1 0 0 0 0 0 0 1 1 1 1 1 0 0 0 0 0 0 0 0 0 0 0 1 1 2 2 2 5 1 1 0 0 0 0 0 0 0 0 1 1 0 0 0 0
 1 1 1 1 1 1 1 1 1 1 0 0 0 0 0 0 0 0 0 0 0 0 0 0 0 0 1 2 2 1 0 0 0 0 0 0 0 0 1 1 1 1 0 0 0 0
 4 4 1 1 1 2 2 2 0 0 0 0 0 0 1 1 0 0 0 0 0 0 0 0 0 0 1 4 4 3 0 0 0 0 0 0 0 2 2 2 1 1 0 0 0 0
 4 4 1 1 1 2 2 2 0 0 0 0 0 0 1 1 0 0 0 0 0 0 0 0 0 0 1 4 4 3 0 0 0 0 0 0 0 2 2 2 1 1 0 0 0 0
 7 7 7 4 4 4 4 4 0 0 0 0 0 0 1 1 1 1 0 0 0 0 0 0 0 0 1 1 1 1 0 0 0 0 0 0 0 2 1 1 1 1 0 0 0 0
 12 12 12 9 9 6 9 9 0 0 0 0 0 0 1 1 1 1 1 0 0 0 0 0 0 0 0 1 1 1 0 0 0 0 0 0 0 0 0 0 0 0 0 0 0 0
 12 12 12 9 9 6 9 9 0 0 0 0 0 0 1 1 1 1 1 0 0 0 0 0 0 0 0 1 1 1 0 0 0 0 0 0 0 0 0 0 0 0 0 0 0 0
 13 13 12 10 10 9 9 9 4 4 0 0 0 0 1 1 1 1 1 0 0 0 0 0 1 1 1 1 1 1 1 1 0 0 0 0 0 0 0 0 0 0 0 0 0 0
 13 13 12 10 10 9 9 9 4 4 0 0 0 0 1 1 1 1 1 0 0 0 0 0 1 1 1 1 1 1 1 1 0 0 0 0 0 0 0 0 0 0 0 0 0 0
 8 8 9 10 10 10 10 10 5 5 1 3 3 3 1 1 1 1 1 0 0 0 0 0 0 0 1 0 0 1 1 1 0 0 0 0 0 0 0 0 0 0 0 0 0 0
 5 5 12 12 12 13 12 12 12 12 7 7 7 3 1 1 1 1 1 0 0 0 0 0 0 0 1 1 1 2 3 3 3 3 1 0 0 0 0 0 0 0 0 0 0 0
 5 5 12 12 12 13 12 12 12 12 7 7 7 3 1 1 1 1 1 0 0 0 0 0 0 0 1 1 1 2 3 3 3 3 1 0 0 0 0 0 0 0 0 0 0 0
 3 3 3 6 6 12 11 11 11 11 6 6 6 2 5 5 5 5 0 0 0 0 0 0 0 0 0 0 0 1 5 5 5 5 3 0 0 0 0 0 0 0 0 0 0 0
 3 3 3 2 2 3 4 4 4 4 6 6 6 5 5 5 5 5 0 0 0 0 0 0 0 0 0 0 0 1 1 1 4 4 3 0 0 0 0 0 0 0 0 0 0 0
 3 3 3 2 2 3 4 4 4 4 6 6 6 5 5 5 5 5 0 0 0 0 0 0 0 0 0 0 0 1 1 1 4 4 3 0 0 0 0 0 0 0 0 0 0 0
 0 0 0 1 1 2 2 2 3 3 6 1 1 1 6 6 6 6 1 1 1 0 0 0 1 1 0 0 0 0 0 0 0 0 1 2 2 1 0 0 0 0 0 0 0 0
 0 0 0 1 1 2 2 2 3 3 6 1 1 1 6 6 6 6 1 1 1 0 0 0 1 1 0 0 0 0 0 0 0 0 1 2 2 1 0 0 0 0 0 0 0 0
 0 0 0 0 0 1 2 2 1 1 2 1 1 2 6 6 1 1 1 2 2 1 0 0 0 0 0 0 0 0 0 0 1 1 2 1 1 0 1 1 0 0 0 0 0 0
 0 0 0 0 0 0 1 1 0 0 2 1 1 2 2 2 1 1 2 1 1 1 0 0 0 0 0 0 0 0 0 0 1 1 1 0 0 1 0 0 1 1 0 0 0 0
 0 0 0 0 0 0 1 1 0 0 2 1 1 2 2 2 1 1 2 1 1 1 0 0 0 0 0 0 0 0 0 0 1 1 1 0 0 1 0 0 1 1 0 0 0 0
 0 0 0 0 0 0 1 1 0 0 1 0 0 1 1 1 2 2 2 1 1 1 0 0 0 0 0 0 0 0 0 0 0 0 0 4 4 0 1 1 1 1 1 0 0 0
 0 0 0 0 0 1 0 0 0 0 0 1 1 2 1 1 2 2 2 2 2 2 0 0 1 1 0 0 0 0 0 0 0 0 0 0 0 1 1 1 0 0 1 0 0 0
