assets/RAT_results/precipitation/2021-06-02_IMERG.asc
ncols        46
nrows        77
xllcorner    74.800261325624
yllcorner    8.058333333333
cellsize     0.062500000000
NODATA_value -9999
 2 2 2 0 0 0 0 0 0 0 1 0 0 0 1 1 1 1 1 2 2 3 8 8 12 12 21 29 29 27 65 65 64 64 40 36 36 22 21 21 3 3 2 2 2 6
 1 1 0 0 0 0 0 0 1 1 0 0 0 0 0 0 1 1 1 1 1 2 6 6 9 9 19 22 22 26 55 55 55 55 32 34 34 18 11 11 3 3 2 1 1 4
 1 1 0 0 0 0 0 0 1 1 0 0 0 0 0 0 1 1 1 1 1 2 6 6 9 9 19 22 22 26 55 55 55 55 32 34 34 18 11 11 3 3 2 1 1 4
 2 2 3 0 0 0 0 0 0 0 0 0 0 0 0 0 0 0 0 1 1 2 4 4 5 5 13 14 14 18 22 22 26 26 27 27 27 23 11 11 3 3 2 0 0 0
 3 3 5 3 3 0 0 0 0 0 0 0 0 0 0 0 0 0 1 1 1 2 2 2 3 3 9 10 10 20 20 20 17 17 17 18 18 19 5 5 1 1 0 0 0 0
 3 3 5 3 3 0 0 0 0 0 0 0 0 0 0 0 0 0 1 1 1 2 2 2 3 3 9 10 10 20 20 20 17 17 17 18 18 19 5 5 1 1 0 0 0 0
 3 3 7 3 3 0 0 0 0 0 0 0 0 0 0 0 1 1 2 2 2 2 2 2 2 2 9 10 10 10 11 11 10 10 11 14 14 8 7 7 1 1 1 0 0 0
 3 3 7 3 3 0 0 0 0 0 0 0 0 0 0 0 1 1 2 2 2 2 2 2 2 2 9 10 10 10 11 11 10 10 11 14 14 8 7 7 1 1 1 0 0 0
 2 2 5 3 3 1 0 0 0 0 0 1 1 0 0 0 0 0 1 1 1 2 1 1 6 6 5 6 6 6 8 8 8 8 15 17 17 9 3 3 1 1 2 2 2 3
 1 1 1 1 1 0 1 1 0 0 0 1 1 1 1 1 0 0 0 1 1 2 3 3 3 3 8 11 11 7 6 6 4 4 5 10 10 6 4 4 2 2 5 2 2 3
 1 1 1 1 1 0 1 1 0 0 0 1 1 1 1 1 0 0 0 1 1 2 3 3 3 3 8 11 11 7 6 6 4 4 5 10 10 6 4 4 2 2 5 2 2 3
 0 0 0 0 0 1 1 1 0 0 0 0 0 0 0 0 1 1 1 3 3 4 5 5 8 8 7 6 6 2 1 1 2 2 6 10 10 13 9 9 9 9 5 3 3 2
 1 1 0 1 1 1 0 0 1 1 0 0 0 0 1 1 1 1 2 4 4 6 8 8 9 9 6 5 5 2 4 4 12 12 12 9 9 9 9 9 2 2 2 2 2 4
 1 1 0 1 1 1 0 0 1 1 0 0 0 0 1 1 1 1 2 4 4 6 8 8 9 9 6 5 5 2 4 4 12 12 12 9 9 9 9 9 2 2 2 2 2 4
 2 2 0 0 0 1 2 2 1 1 1 0 0 0 0 0 1 1 2 4 4 6 8 8 8 8 5 4 4 2 16 16 27 27 10 8 8 3 2 2 5 5 2 4 4 7
 2 2 0 0 0 1 2 2 1 1 1 0 0 0 0 0 1 1 2 4 4 6 8 8 8 8 5 4 4 2 16 16 27 27 10 8 8 3 2 2 5 5 2 4 4 7
 2 2 1 0 0 1 1 1 1 1 1 1 1 0 0 0 4 4 3 2 2 4 6 6 8 8 8 6 6 3 22 22 27 27 11 6 6 1 2 2 1 1 2 4 4 11
 2 2 1 0 0 0 0 0 1 1 2 1 1 1 3 3 9 9 7 1 1 2 3 3 6 6 9 7 7 5 22 22 29 29 8 3 3 3 3 3 4 4 4 4 4 11
 2 2 1 0 0 0 0 0 1 1 2 1 1 1 3 3 9 9 7 1 1 2 3 3 6 6 9 7 7 5 22 22 29 29 8 3 3 3 3 3 4 4 4 4 4 11
 5 5 6 3 3 0 0 0 2 2 1 1 1 1 3 3 12 12 12 10 10 4 2 2 3 3 5 4 4 6 14 14 18 18 3 3 3 4 3 3 4 4 5 5 5 10
 2 2 8 6 6 2 3 3 1 1 0 2 2 3 3 3 5 5 9 6 6 8 1 1 2 2 3 5 5 5 4 4 3 3 2 4 4 5 6 6 8 8 7 8 8 15
 2 2 8 6 6 2 3 3 1 1 0 2 2 3 3 3 5 5 9 6 6 8 1 1 2 2 3 5 5 5 4 4 3 3 2 4 4 5 6 6 8 8 7 8 8 15
 5 5 9 8 8 2 1 1 4 4 1 1 1 3 3 3 2 2 4 5 5 7 4 4 4 4 2 4 4 3 2 2 2 2 2 2 2 3 4 4 5 5 7 9 9 16
 5 5 9 8 8 2 1 1 4 4 1 1 1 3 3 3 2 2 4 5 5 7 4 4 4 4 2 4 4 3 2 2 2 2 2 2 2 3 4 4 5 5 7 9 9 16
 2 2 5 6 6 1 0 0 0 0 1 1 1 2 3 3 2 2 2 4 4 4 7 7 7 7 14 1 1 1 2 2 1 1 2 2 2 3 4 4 5 5 6 7 7 6
 0 0 1 1 1 2 0 0 0 0 1 0 0 0 2 2 0 0 1 1 1 1 1 1 10 10 8 0 0 0 1 1 1 1 1 1 1 2 2 2 3 3 3 5 5 4
 0 0 1 1 1 2 0 0 0 0 1 0 0 0 2 2 0 0 1 1 1 1 1 1 10 10 8 0 0 0 1 1 1 1 1 1 1 2 2 2 3 3 3 5 5 4
 2 2 2 2 2 2 2 2 0 0 0 0 0 0 1 1 1 1 1 0 0 0 0 0 3 3 0 0 0 0 0 0 0 0 0 1 1 1 2 2 2 2 3 3 3 3
 1 1 2 1 1 3 3 3 3 3 1 0 0 0 0 0 1 1 2 0 0 0 0 0 0 0 0 0 0 0 0 0 0 0 0 0 0 1 1 1 3 3 3 3 3 2
 1 1 2 1 1 3 3 3 3 3 1 0 0 0 0 0 1 1 2 0 0 0 0 0 0 0 0 0 0 0 0 0 0 0 0 0 0 1 1 1 3 3 3 3 3 2
 2 2 2 3 3 4 5 5 4 4 1 0 0 0 1 1 1 1 0 0 0 0 0 0 0 0 0 0 0 0 0 0 0 0 0 0 0 0 1 1 1 1 3 2 2 2
 2 2 2 3 3 4 5 5 4 4 1 0 0 0 1 1 1 1 0 0 0 0 0 0 0 0 0 0 0 0 0 0 0 0 0 0 0 0 1 1 1 1 3 2 2 2
 1 1 1 3 3 5 4 4 3 3 1 0 0 0 0 0 1 1 0 0 0 0 0 0 0 0 0 0 0 0 0 0 0 0 0 0 0 0 0 0 1 1 1 1 1 1
 1 1 1 1 1 2 1 1 2 2 1 1 1 0 0 0 0 0 1 1 1 0 0 0 0 0 0 0 0 0 0 0 0 0 0 0 0 0 0 0 0 0 1 1 1 1
 1 1 1 1 1 2 1 1 2 2 1 1 1 0 0 0 0 0 1 1 1 0 0 0 0 0 0 0 0 0 0 0 0 0 0 0 0 0 0 0 0 0 1 1 1 1
 1 1 1 2 2 2 2 2 1 1 1 1 1 0 0 0 0 0 1 1 1 1 0 0 0 0 0 0 0 0 0 0 0 0 0 0 0 0 0 0 0 0 0 1 1 1
 3 3 2 2 2 2 1 1 0 0 1 1 1 1 0 0 1 1 2 2 2 3 1 1 0 0 0 0 0 0 0 0 1 1 4 1 1 0 0 0 0 0 0 2 2 3
 3 3 2 2 2 2 1 1 0 0 1 1 1 1 0 0 1 1 2 2 2 3 1 1 0 0 0 0 0 0 0 0 1 1 4 1 1 0 0 0 0 0 0 2 2 3
 3 3 3 3 3 2 1 1 0 0 1 1 1 1 1 1 1 1 1 2 2 1 0 0 0 0 0 0 0 1 2 2 5 5 17 4 4 2 1 1 0 0 0 3 3 3
 3 3 3 3 3 2 1 1 0 0 1 1 1 1 1 1 1 1 1 2 2 1 0 0 0 0 0 0 0 1 2 2 5 5 17 4 4 2 1 1 0 0 0 3 3 3
 3 3 3 3 3 3 2 2 0 0 0 0 0 1 1 1 0 0 0 1 1 0 0 0 0 0 0 1 1 3 6 6 13 13 19 12 12 4 1 1 1 1 4 10 10 8
 6 6 5 4 4 3 2 2 1 1 1 0 0 2 1 1 0 0 1 1 1 1 0 0 0 0 0 1 1 3 12 12 15 15 12 7 7 6 3 3 3 3 3 4 4 5
 6 6 5 4 4 3 2 2 1 1 1 0 0 2 1 1 0 0 1 1 1 1 0 0 0 0 0 1 1 3 12 12 15 15 12 7 7 6 3 3 3 3 3 4 4 5
 5 5 7 4 4 2 1 1 1 1 1 0 0 2 2 2 3 3 1 0 0 1 1 1 0 0 0 2 2 3 10 10 13 13 8 5 5 3 1 1 2 2 2 3 3 4
 4 4 6 4 4 4 2 2 2 2 1 1 1 2 2 2 1 1 1 3 3 2 1 1 0 0 0 2 2 2 3 3 8 8 9 3 3 0 3 3 1 1 1 1 1 2
 4 4 6 4 4 4 2 2 2 2 1 1 1 2 2 2 1 1 1 3 3 2 1 1 0 0 0 2 2 2 3 3 8 8 9 3 3 0 3 3 1 1 1 1 1 2
 4 4 5 6 6 5 5 5 5 5 4 1 1 2 2 2 2 2 1 5 5 3 2 2 2 2 0 0 0 1 1 1 11 11 8 1 1 0 3 3 0 0 1 1 1 1
 4 4 5 6 6 5 5 5 5 5 4 1 1 2 2 2 2 2 1 5 5 3 2 2 2 2 0 0 0 1 1 1 11 11 8 1 1 0 3 3 0 0 1 1 1 1
 5 5 5 7 7 7 7 7 5 5 4 2 2 1 1 1 0 0 1 4 4 8 5 5 2 2 2 2 2 7 6 6 11 11 3 1 1 0 0 0 1 1 1 1 1 0
 4 4 3 8 8 8 7 7 4 4 2 2 2 2 1 1 0 0 3 4 4 4 2 2 5 5 4 2 2 7 2 2 1 1 0 1 1 2 2 2 3 3 1 2 2 3
 4 4 3 8 8 8 7 7 4 4 2 2 2 2 1 1 0 0 3 4 4 4 2 2 5 5 4 2 2 7 2 2 1 1 0 1 1 2 2 2 3 3 1 2 2 3
 4 4 7 7 7 7 6 6 4 4 2 2 2 1 1 1 0 0 3 3 3 3 3 3 6 6 1 1 1 2 2 2 1 1 1 9 9 10 3 3 2 2 0 0 0 1
 8 8 7 6 6 6 6 6 5 5 2 3 3 1 0 0 1 1 1 1 1 3 3 3 6 6 1 1 1 1 1 1 0 0 3 27 27 41 3 3 3 3 1 1 1 2
 8 8 7 6 6 6 6 6 5 5 2 3 3 1 0 0 1 1 1 1 1 3 3 3 6 6 1 1 1 1 1 1 0 0 3 27 27 41 3 3 3 3 1 1 1 2
 8 8 6 6 6 5 8 8 6 6 3 2 2 1 2 2 1 1 0 2 2 3 4 4 9 9 4 5 5 2 2 2 1 1 6 22 22 43 2 2 1 1 1 1 1 3
 8 8 6 6 6 5 8 8 6 6 3 2 2 1 2 2 1 1 0 2 2 3 4 4 9 9 4 5 5 2 2 2 1 1 6 22 22 43 2 2 1 1 1 1 1 3
 8 8 8 10 10 7 7 7 7 7 6 7 7 2 2 2 1 1 0 2 2 2 6 6 9 9 6 7 7 1 0 0 1 1 5 13 13 7 1 1 0 0 0 1 1 0
 9 9 14 12 12 9 6 6 4 4 6 3 3 4 3 3 0 0 0 2 2 6 7 7 7 7 6 5 5 1 0 0 0 0 5 11 11 3 0 0 0 0 0 0 0 0
 9 9 14 12 12 9 6 6 4 4 6 3 3 4 3 3 0 0 0 2 2 6 7 7 7 7 6 5 5 1 0 0 0 0 5 11 11 3 0 0 0 0 0 0 0 0
 10 10 14 10 10 11 7 7 4 4 5 2 2 1 3 3 1 1 0 0 0 2 4 4 1 1 0 0 0 0 0 0 0 0 0 0 0 0 0 0 0 0 1 0 0 1
 9 9 9 8 8 9 10 10 4 4 4 2 2 2 0 0 0 0 1 0 0 2 13 13 6 6 0 0 0 1 0 0 0 0 0 0 0 0 0 0 0 0 0 0 0 0
 9 9 9 8 8 9 10 10 4 4 4 2 2 2 0 0 0 0 1 0 0 2 13 13 6 6 0 0 0 1 0 0 0 0 0 0 0 0 0 0 0 0 0 0 0 0
 6 6 9 8 8 9 8 8 5 5 5 2 2 2 0 0 0 0 0 0 0 0 2 2 4 4 1 0 0 1 0 0 0 0 0 0 0 0 0 0 0 0 0 0 0 0
 6 6 9 8 8 9 8 8 5 5 5 2 2 2 0 0 0 0 0 0 0 0 2 2 4 4 1 0 0 1 0 0 0 0 0 0 0 0 0 0 0 0 0 0 0 0
 5 5 7 7 7 40 40 40 5 5 4 3 3 3 4 4 0 0 1 0 0 0 0 0 0 0 0 0 0 0 0 0 0 0 0 0 0 0 0 0 0 0 0 1 1 1
 2 2 4 5 5 43 46 46 41 41 5 6 6 6 5 5 2 2 1 0 0 0 0 0 0 0 0 0 0 0 0 0 0 0 0 0 0 0 0 0 0 0 0 1 1 1
 2 2 4 5 5 43 46 46 41 41 5 6 6 6 5 5 2 2 1 0 0 0 0 0 0 0 0 0 0 0 0 0 0 0 0 0 0 0 0 0 0 0 0 1 1 1
 2 2 3 4 4 8 15 15 24 24 10 11 11 8 6 6 2 2 3 2 2 0 0 0 0 0 0 0 0 0 0 0 0 0 0 0 0 0 0 0 0 0 0 1 1 0
 1 1 2 2 2 3 9 9 22 22 32 17 17 8 3 3 1 1 1 3 3 2 0 0 0 0 0 0 0 0 0 0 0 0 0 0 0 0 0 0 0 0 0 0 0 0
 1 1 2 2 2 3 9 9 22 22 32 17 17 8 3 3 1 1 1 3 3 2 0 0 0 0 0 0 0 0 0 0 0 0 0 0 0 0 0 0 0 0 0 0 0 0
 1 1 1 1 1 2 7 7 16 16 24 23 23 12 4 4 2 2 1 1 1 3 3 3 0 0 0 0 0 0 0 0 0 0 0 0 0 0 0 0 0 0 0 0 0 0
 1 1 1 1 1 2 7 7 16 16 24 23 23 12 4 4 2 2 1 1 1 3 3 3 0 0 0 0 0 0 0 0 0 0 0 0 0 0 0 0 0 0 0 0 0 0
 0 0 1 1 1 1 3 3 6 6 12 20 20 18 12 12 5 5 5 1 1 3 3 3 0 0 0 0 0 0 0 0 0 0 0 0 0 1 0 0 0 0 0 0 0 0
 0 0 0 1 1 1 2 2 3 3 6 7 7 23 30 30 16 16 2 2 2 2 2 2 1 1 0 0 0 0 0 0 0 0 0 0 0 0 0 0 0 0 0 0 0 0
 0 0 0 1 1 1 2 2 3 3 6 7 7 23 30 30 16 16 2 2 2 2 2 2 1 1 0 0 0 0 0 0 0 0 0 0 0 0 0 0 0 0 0 0 0 0
 0 0 0 0 0 0 1 1 2 2 2 2 2 3 18 18 19 19 11 3 3 2 2 2 1 1 1 0 0 0 0 0 0 0 0 0 0 0 0 0 0 0 1 0 0 0
 0 0 0 0 0 0 1 1 1 1 1 1 1 3 6 6 8 8 9 6 6 6 3 3 1 1 1 0 0 0 0 0 0 0 0 0 0 0 0 0 0 0 0 0 0 0
