assets/RAT_results/precipitation/2021-05-14_IMERG.asc
ncols        46
nrows        77
xllcorner    74.800261325624
yllcorner    8.058333333333
cellsize     0.062500000000
NODATA_value -9999
 32 32 23 21 21 14 13 13 11 11 9 7 7 4 4 4 5 5 6 3 3 2 3 3 3 3 2 2 2 1 0 0 0 0 0 0 0 0 0 0 0 0 0 0 0 0
 31 31 28 29 29 23 17 17 20 20 12 12 12 10 8 8 6 6 4 3 3 1 1 1 1 1 1 1 1 1 0 0 0 0 0 0 0 0 0 0 0 0 0 0 0 0
 31 31 28 29 29 23 17 17 20 20 12 12 12 10 8 8 6 6 4 3 3 1 1 1 1 1 1 1 1 1 0 0 0 0 0 0 0 0 0 0 0 0 0 0 0 0
 40 40 29 31 31 27 21 21 25 25 20 15 15 12 11 11 18 18 5 3 3 3 1 1 1 1 2 1 1 1 0 0 0 0 0 0 0 0 0 0 0 0 0 1 1 0
 50 50 46 33 33 32 32 32 30 30 25 17 17 14 18 18 11 11 10 4 4 3 1 1 0 0 1 1 1 0 0 0 0 0 0 0 0 1 0 0 0 0 0 0 0 1
 50 50 46 33 33 32 32 32 30 30 25 17 17 14 18 18 11 11 10 4 4 3 1 1 0 0 1 1 1 0 0 0 0 0 0 0 0 1 0 0 0 0 0 0 0 1
 59 59 46 38 38 39 36 36 34 34 26 16 16 15 13 13 10 10 12 15 15 4 1 1 1 1 0 1 1 0 0 0 0 0 0 0 0 0 0 0 0 0 0 0 0 0
 59 59 46 38 38 39 36 36 34 34 26 16 16 15 13 13 10 10 12 15 15 4 1 1 1 1 0 1 1 0 0 0 0 0 0 0 0 0 0 0 0 0 0 0 0 0
 49 49 54 43 43 43 37 37 38 38 30 26 26 23 10 10 11 11 18 24 24 8 2 2 1 1 1 1 1 1 0 0 0 0 0 0 0 0 0 0 0 0 0 0 0 0
 58 58 60 53 53 58 45 45 50 50 25 26 26 14 12 12 9 9 18 15 15 8 5 5 3 3 3 5 5 3 1 1 0 0 0 0 0 0 0 0 0 0 0 0 0 0
 58 58 60 53 53 58 45 45 50 50 25 26 26 14 12 12 9 9 18 15 15 8 5 5 3 3 3 5 5 3 1 1 0 0 0 0 0 0 0 0 0 0 0 0 0 0
 48 48 47 64 64 58 50 50 54 54 25 24 24 19 15 15 17 17 20 21 21 17 22 22 4 4 4 6 6 4 3 3 2 2 2 1 1 1 1 1 1 1 0 0 0 0
 66 66 57 56 56 53 61 61 53 53 30 27 27 31 17 17 25 25 14 20 20 19 23 23 22 22 22 26 26 8 4 4 7 7 2 2 2 1 1 1 1 1 1 0 0 0
 66 66 57 56 56 53 61 61 53 53 30 27 27 31 17 17 25 25 14 20 20 19 23 23 22 22 22 26 26 8 4 4 7 7 2 2 2 1 1 1 1 1 1 0 0 0
 68 68 98 89 89 78 62 62 56 56 34 31 31 34 34 34 28 28 27 29 29 20 34 34 23 23 40 27 27 9 7 7 7 7 5 5 5 2 2 2 1 1 1 1 1 1
 68 68 98 89 89 78 62 62 56 56 34 31 31 34 34 34 28 28 27 29 29 20 34 34 23 23 40 27 27 9 7 7 7 7 5 5 5 2 2 2 1 1 1 1 1 1
 66 66 79 79 79 82 72 72 45 45 41 50 50 35 32 32 38 38 37 44 44 48 35 35 41 41 41 24 24 23 14 14 14 14 7 7 7 4 3 3 1 1 1 1 1 1
 60 60 80 94 94 88 85 85 62 62 49 42 42 39 44 44 48 48 41 49 49 54 45 45 46 46 43 33 33 33 11 11 15 15 8 8 8 4 2 2 2 2 1 2 2 1
 60 60 80 94 94 88 85 85 62 62 49 42 42 39 44 44 48 48 41 49 49 54 45 45 46 46 43 33 33 33 11 11 15 15 8 8 8 4 2 2 2 2 1 2 2 1
 80 80 98 91 91 87 81 81 54 54 53 45 45 33 44 44 52 52 51 54 54 61 53 53 52 52 45 35 35 33 11 11 11 11 7 4 4 3 2 2 2 2 2 2 2 1
 82 82 99 91 91 85 83 83 65 65 63 43 43 38 36 36 38 38 29 57 57 63 58 58 53 53 47 38 38 11 11 11 12 12 11 3 3 4 1 1 1 1 2 2 2 2
 82 82 99 91 91 85 83 83 65 65 63 43 43 38 36 36 38 38 29 57 57 63 58 58 53 53 47 38 38 11 11 11 12 12 11 3 3 4 1 1 1 1 2 2 2 2
 86 86 100 97 97 94 78 78 69 69 68 51 51 48 51 51 53 53 42 64 64 63 64 64 64 64 54 39 39 17 14 14 14 14 13 3 3 3 1 1 1 1 2 2 2 2
 86 86 100 97 97 94 78 78 69 69 68 51 51 48 51 51 53 53 42 64 64 63 64 64 64 64 54 39 39 17 14 14 14 14 13 3 3 3 1 1 1 1 2 2 2 2
 82 82 89 104 104 103 85 85 78 78 72 83 83 76 54 54 62 62 62 40 40 39 67 67 70 70 52 41 41 18 12 12 7 7 4 2 2 3 1 1 1 1 2 2 2 2
 81 81 107 116 116 126 89 89 81 81 80 78 78 77 62 62 74 74 67 45 45 42 71 71 70 70 56 47 47 28 13 13 9 9 5 3 3 2 1 1 2 2 3 4 4 4
 81 81 107 116 116 126 89 89 81 81 80 78 78 77 62 62 74 74 67 45 45 42 71 71 70 70 56 47 47 28 13 13 9 9 5 3 3 2 1 1 2 2 3 4 4 4
 89 89 115 123 123 140 97 97 99 99 91 89 89 83 72 72 98 98 82 60 60 42 62 62 67 67 57 59 59 34 18 18 18 18 14 9 9 6 8 8 5 5 7 10 10 6
 92 92 116 118 118 124 88 88 102 102 118 101 101 84 99 99 96 96 81 89 89 64 68 68 62 62 56 43 43 70 31 31 39 39 32 28 28 6 4 4 10 10 10 8 8 8
 92 92 116 118 118 124 88 88 102 102 118 101 101 84 99 99 96 96 81 89 89 64 68 68 62 62 56 43 43 70 31 31 39 39 32 28 28 6 4 4 10 10 10 8 8 8
 89 89 108 112 112 116 101 101 106 106 122 94 94 79 72 72 98 98 104 88 88 83 87 87 86 86 68 53 53 72 67 67 22 22 28 15 15 9 8 8 7 7 7 7 7 9
 89 89 108 112 112 116 101 101 106 106 122 94 94 79 72 72 98 98 104 88 88 83 87 87 86 86 68 53 53 72 67 67 22 22 28 15 15 9 8 8 7 7 7 7 7 9
 92 92 102 101 101 104 106 106 129 129 139 133 133 123 109 109 92 92 126 124 124 127 127 127 96 96 84 68 68 77 71 71 36 36 24 7 7 9 17 17 12 12 11 6 6 8
 86 86 97 99 99 111 114 114 120 120 125 127 127 132 160 160 153 153 158 130 130 128 133 133 101 101 93 90 90 67 65 65 36 36 26 13 13 15 12 12 9 9 11 5 5 6
 86 86 97 99 99 111 114 114 120 120 125 127 127 132 160 160 153 153 158 130 130 128 133 133 101 101 93 90 90 67 65 65 36 36 26 13 13 15 12 12 9 9 11 5 5 6
 69 69 70 83 83 96 106 106 120 120 133 133 133 141 169 169 177 177 212 202 202 193 195 195 102 102 104 115 115 80 69 69 30 30 28 33 33 23 11 11 7 7 9 5 5 7
 63 63 64 80 80 82 100 100 111 111 132 140 140 165 179 179 173 173 236 223 223 185 196 196 104 104 122 122 122 78 68 68 61 61 42 44 44 27 17 17 9 9 8 5 5 6
 63 63 64 80 80 82 100 100 111 111 132 140 140 165 179 179 173 173 236 223 223 185 196 196 104 104 122 122 122 78 68 68 61 61 42 44 44 27 17 17 9 9 8 5 5 6
 67 67 64 78 78 80 99 99 112 112 128 131 131 164 210 210 257 257 233 218 218 200 127 127 117 117 137 121 121 103 93 93 69 69 47 46 46 32 20 20 11 11 10 11 11 11
 67 67 64 78 78 80 99 99 112 112 128 131 131 164 210 210 257 257 233 218 218 200 127 127 117 117 137 121 121 103 93 93 69 69 47 46 46 32 20 20 11 11 10 11 11 11
 71 71 76 93 93 93 114 114 126 126 127 132 132 147 240 240 269 269 256 248 248 229 170 170 166 166 116 111 111 89 73 73 72 72 51 46 46 26 26 26 17 17 13 17 17 12
 76 76 77 96 96 96 118 118 140 140 152 164 164 184 179 179 200 200 177 258 258 241 155 155 152 152 112 99 99 98 74 74 72 72 45 36 36 32 25 25 19 19 21 21 21 19
 76 76 77 96 96 96 118 118 140 140 152 164 164 184 179 179 200 200 177 258 258 241 155 155 152 152 112 99 99 98 74 74 72 72 45 36 36 32 25 25 19 19 21 21 21 19
 84 84 90 110 110 133 129 129 160 160 177 222 222 249 221 221 235 235 224 272 272 239 136 136 104 104 101 91 91 90 69 69 65 65 44 39 39 38 22 22 20 20 22 23 23 36
 86 86 85 101 101 130 145 145 178 178 208 268 268 280 257 257 293 293 231 272 272 308 131 131 122 122 101 89 89 84 73 73 71 71 63 46 46 45 27 27 23 23 18 18 18 33
 86 86 85 101 101 130 145 145 178 178 208 268 268 280 257 257 293 293 231 272 272 308 131 131 122 122 101 89 89 84 73 73 71 71 63 46 46 45 27 27 23 23 18 18 18 33
 81 81 91 99 99 104 142 142 146 146 173 249 249 227 259 259 294 294 296 216 216 196 151 151 129 129 130 117 117 100 95 95 75 75 71 51 51 49 28 28 27 27 27 28 28 29
 81 81 91 99 99 104 142 142 146 146 173 249 249 227 259 259 294 294 296 216 216 196 151 151 129 129 130 117 117 100 95 95 75 75 71 51 51 49 28 28 27 27 27 28 28 29
 72 72 81 91 91 96 134 134 161 161 184 245 245 208 228 228 221 221 251 213 213 164 130 130 125 125 130 137 137 111 101 101 81 81 76 56 56 60 44 44 51 51 45 38 38 28
 70 70 80 90 90 102 107 107 108 108 139 219 219 195 220 220 208 208 244 210 210 167 124 124 126 126 120 144 144 127 114 114 95 95 94 86 86 70 72 72 52 52 54 45 45 33
 70 70 80 90 90 102 107 107 108 108 139 219 219 195 220 220 208 208 244 210 210 167 124 124 126 126 120 144 144 127 114 114 95 95 94 86 86 70 72 72 52 52 54 45 45 33
 54 54 65 79 79 90 98 98 109 109 117 167 167 216 200 200 188 188 258 185 185 134 166 166 122 122 111 122 122 133 108 108 100 100 90 96 96 93 84 84 63 63 56 45 45 36
 57 57 71 65 65 75 80 80 94 94 113 140 140 170 174 174 197 197 156 175 175 161 161 161 126 126 111 117 117 122 130 130 109 109 99 104 104 95 72 72 49 49 64 43 43 36
 57 57 71 65 65 75 80 80 94 94 113 140 140 170 174 174 197 197 156 175 175 161 161 161 126 126 111 117 117 122 130 130 109 109 99 104 104 95 72 72 49 49 64 43 43 36
 55 55 58 68 68 69 77 77 100 100 107 124 124 145 166 166 178 178 174 173 173 183 135 135 136 136 120 114 114 124 133 133 107 107 107 99 99 73 64 64 54 54 51 35 35 19
 55 55 58 68 68 69 77 77 100 100 107 124 124 145 166 166 178 178 174 173 173 183 135 135 136 136 120 114 114 124 133 133 107 107 107 99 99 73 64 64 54 54 51 35 35 19
 64 64 54 62 62 62 72 72 92 92 98 121 121 135 209 209 174 174 166 183 183 142 137 137 137 137 134 129 129 126 126 126 115 115 115 94 94 63 50 50 46 46 44 34 34 21
 63 63 56 60 60 67 75 75 98 98 94 111 111 106 191 191 159 159 172 161 161 149 143 143 135 135 130 124 124 120 131 131 131 131 106 89 89 68 41 41 46 46 40 31 31 22
 63 63 56 60 60 67 75 75 98 98 94 111 111 106 191 191 159 159 172 161 161 149 143 143 135 135 130 124 124 120 131 131 131 131 106 89 89 68 41 41 46 46 40 31 31 22
 53 53 59 63 63 68 70 70 93 93 90 121 121 112 121 121 132 132 179 147 147 138 146 146 185 185 139 160 160 151 118 118 129 129 99 83 83 69 46 46 39 39 35 33 33 19
 54 54 60 66 66 73 80 80 89 89 93 124 124 116 122 122 122 122 132 141 141 135 247 247 255 255 167 161 161 115 103 103 112 112 89 78 78 71 43 43 44 44 42 47 47 22
 54 54 60 66 66 73 80 80 89 89 93 124 124 116 122 122 122 122 132 141 141 135 247 247 255 255 167 161 161 115 103 103 112 112 89 78 78 71 43 43 44 44 42 47 47 22
 62 62 64 74 74 69 84 84 87 87 90 117 117 124 121 121 135 135 141 156 156 153 226 226 217 217 188 162 162 117 98 98 92 92 83 74 74 73 61 61 54 54 50 58 58 47
 62 62 64 74 74 69 84 84 87 87 90 117 117 124 121 121 135 135 141 156 156 153 226 226 217 217 188 162 162 117 98 98 92 92 83 74 74 73 61 61 54 54 50 58 58 47
 65 65 64 69 69 65 84 84 85 85 108 128 128 144 134 134 147 147 152 152 152 204 197 197 188 188 169 197 197 114 108 108 72 72 65 69 69 67 65 65 75 75 80 68 68 56
 62 62 64 73 73 83 86 86 113 113 125 130 130 146 136 136 151 151 238 230 230 212 153 153 167 167 140 117 117 100 95 95 66 66 62 68 68 70 69 69 79 79 88 85 85 70
 62 62 64 73 73 83 86 86 113 113 125 130 130 146 136 136 151 151 238 230 230 212 153 153 167 167 140 117 117 100 95 95 66 66 62 68 68 70 69 69 79 79 88 85 85 70
 74 74 69 77 77 90 88 88 116 116 131 137 137 139 121 121 170 170 164 226 226 200 146 146 96 96 82 69 69 107 93 93 79 79 74 56 56 61 63 63 83 83 95 101 101 97
 78 78 79 85 85 93 97 97 106 106 130 126 126 135 134 134 165 165 159 212 212 148 134 134 111 111 87 68 68 86 82 82 79 79 79 71 71 65 76 76 85 85 90 101 101 97
 78 78 79 85 85 93 97 97 106 106 130 126 126 135 134 134 165 165 159 212 212 148 134 134 111 111 87 68 68 86 82 82 79 79 79 71 71 65 76 76 85 85 90 101 101 97
 92 92 95 101 101 107 119 119 126 126 136 114 114 126 136 136 146 146 166 166 166 184 162 162 134 134 104 84 84 71 97 97 121 121 93 76 76 78 74 74 89 89 79 91 91 82
 92 92 95 101 101 107 119 119 126 126 136 114 114 126 136 136 146 146 166 166 166 184 162 162 134 134 104 84 84 71 97 97 121 121 93 76 76 78 74 74 89 89 79 91 91 82
 97 97 103 111 111 119 129 129 141 141 148 146 146 133 131 131 142 142 159 181 181 181 161 161 151 151 140 122 122 84 88 88 101 101 91 94 94 80 77 77 66 66 65 68 68 73
 97 97 106 111 111 118 128 128 139 139 146 146 146 140 131 131 142 142 154 174 174 160 123 123 148 148 120 126 126 88 95 95 82 82 89 82 82 81 88 88 84 84 78 68 68 71
 97 97 106 111 111 118 128 128 139 139 146 146 146 140 131 131 142 142 154 174 174 160 123 123 148 148 120 126 126 88 95 95 82 82 89 82 82 81 88 88 84 84 78 68 68 71
 86 86 98 108 108 120 131 131 137 137 136 133 133 131 133 133 141 141 144 180 180 153 125 125 124 124 101 98 98 102 101 101 87 87 77 88 88 92 91 91 87 87 78 67 67 72
 85 85 96 110 110 121 127 127 131 131 129 132 132 131 142 142 145 145 162 155 155 145 120 120 111 111 98 101 101 99 101 101 84 84 88 79 79 86 86 86 87 87 88 64 64 64
