assets/RAT_results/precipitation/2021-08-18_IMERG.asc
ncols        46
nrows        77
xllcorner    74.800261325624
yllcorner    8.058333333333
cellsize     0.062500000000
NODATA_value -9999
 14 14 9 5 5 10 7 7 4 4 4 3 3 2 1 1 1 1 1 0 0 0 0 0 0 0 0 0 0 0 0 0 0 0 0 0 0 0 0 0 1 1 1 1 1 0
 16 16 14 10 10 11 9 9 6 6 7 7 7 6 1 1 1 1 1 1 1 0 0 0 0 0 0 0 0 0 0 0 0 0 0 0 0 0 0 0 0 0 0 0 0 0
 16 16 14 10 10 11 9 9 6 6 7 7 7 6 1 1 1 1 1 1 1 0 0 0 0 0 0 0 0 0 0 0 0 0 0 0 0 0 0 0 0 0 0 0 0 0
 14 14 15 13 13 14 14 14 12 12 7 7 7 7 1 1 1 1 1 0 0 0 1 1 2 2 2 1 1 0 0 0 0 0 0 0 0 0 0 0 0 0 0 0 0 0
 13 13 17 18 18 17 10 10 9 9 5 4 4 4 2 2 2 2 1 1 1 0 0 0 1 1 3 3 3 1 0 0 0 0 0 0 0 0 0 0 0 0 1 1 1 0
 13 13 17 18 18 17 10 10 9 9 5 4 4 4 2 2 2 2 1 1 1 0 0 0 1 1 3 3 3 1 0 0 0 0 0 0 0 0 0 0 0 0 1 1 1 0
 12 12 11 13 13 13 12 12 11 11 9 9 9 6 5 5 3 3 2 1 1 0 0 0 0 0 1 1 1 0 0 0 0 0 0 0 0 0 1 1 1 1 1 2 2 1
 12 12 11 13 13 13 12 12 11 11 9 9 9 6 5 5 3 3 2 1 1 0 0 0 0 0 1 1 1 0 0 0 0 0 0 0 0 0 1 1 1 1 1 2 2 1
 14 14 15 20 20 21 19 19 16 16 20 13 13 8 5 5 4 4 3 3 3 1 0 0 0 0 2 3 3 1 0 0 0 0 0 0 0 0 1 1 1 1 2 2 2 1
 16 16 18 23 23 26 22 22 23 23 34 28 28 14 12 12 3 3 2 9 9 3 2 2 0 0 1 1 1 1 1 1 1 1 1 1 1 1 1 1 1 1 2 2 2 2
 16 16 18 23 23 26 22 22 23 23 34 28 28 14 12 12 3 3 2 9 9 3 2 2 0 0 1 1 1 1 1 1 1 1 1 1 1 1 1 1 1 1 2 2 2 2
 8 8 17 20 20 27 25 25 26 26 30 29 29 33 33 33 24 24 14 13 13 9 2 2 0 0 1 1 1 1 1 1 2 2 2 2 2 2 3 3 3 3 3 2 2 3
 4 4 13 14 14 17 19 19 19 19 23 29 29 30 34 34 27 27 14 14 14 11 2 2 2 2 1 1 1 1 1 1 1 1 2 4 4 4 4 4 4 4 4 4 4 5
 4 4 13 14 14 17 19 19 19 19 23 29 29 30 34 34 27 27 14 14 14 11 2 2 2 2 1 1 1 1 1 1 1 1 2 4 4 4 4 4 4 4 4 4 4 5
 2 2 4 5 5 4 15 15 16 16 21 26 26 25 34 34 33 33 15 14 14 14 2 2 2 2 1 1 1 1 2 2 2 2 4 4 4 4 3 3 2 2 2 2 2 2
 2 2 4 5 5 4 15 15 16 16 21 26 26 25 34 34 33 33 15 14 14 14 2 2 2 2 1 1 1 1 2 2 2 2 4 4 4 4 3 3 2 2 2 2 2 2
 2 2 5 1 1 1 11 11 13 13 13 26 26 25 31 31 20 20 13 12 12 12 3 3 5 5 2 2 2 2 2 2 3 3 4 3 3 2 2 2 3 3 3 1 1 2
 3 3 3 2 2 2 11 11 10 10 11 12 12 18 21 21 21 21 18 17 17 21 15 15 5 5 3 3 3 3 3 3 3 3 2 2 2 1 1 1 3 3 3 1 1 2
 3 3 3 2 2 2 11 11 10 10 11 12 12 18 21 21 21 21 18 17 17 21 15 15 5 5 3 3 3 3 3 3 3 3 2 2 2 1 1 1 3 3 3 1 1 2
 4 4 3 3 3 3 8 8 12 12 12 15 15 18 16 16 18 18 21 22 22 21 15 15 3 3 2 1 1 1 1 1 2 2 1 2 2 1 1 1 1 1 2 2 2 2
 14 14 16 10 10 9 16 16 12 12 13 22 22 21 21 21 24 24 27 23 23 21 20 20 2 2 2 1 1 1 1 1 2 2 4 4 4 2 1 1 2 2 2 2 2 2
 14 14 16 10 10 9 16 16 12 12 13 22 22 21 21 21 24 24 27 23 23 21 20 20 2 2 2 1 1 1 1 1 2 2 4 4 4 2 1 1 2 2 2 2 2 2
 26 26 25 19 19 16 16 16 12 12 17 22 22 35 34 34 35 35 34 29 29 29 19 19 5 5 2 2 2 2 2 2 1 1 1 1 1 1 1 1 2 2 2 1 1 1
 26 26 25 19 19 16 16 16 12 12 17 22 22 35 34 34 35 35 34 29 29 29 19 19 5 5 2 2 2 2 2 2 1 1 1 1 1 1 1 1 2 2 2 1 1 1
 27 27 29 30 30 26 27 27 25 25 27 28 28 46 49 49 48 48 46 41 41 28 28 28 11 11 9 7 7 6 5 5 1 1 1 1 1 0 0 0 0 0 1 0 0 0
 32 32 30 33 33 33 33 33 41 41 40 39 39 43 55 55 51 51 44 57 57 44 51 51 38 38 17 17 17 7 3 3 3 3 2 1 1 1 1 1 1 1 1 0 0 0
 32 32 30 33 33 33 33 33 41 41 40 39 39 43 55 55 51 51 44 57 57 44 51 51 38 38 17 17 17 7 3 3 3 3 2 1 1 1 1 1 1 1 1 0 0 0
 39 39 47 53 53 44 44 44 45 45 45 49 49 61 64 64 61 61 54 57 57 46 41 41 48 48 20 19 19 9 10 10 8 8 3 4 4 2 2 2 2 2 1 1 1 1
 67 67 66 76 76 68 71 71 71 71 73 74 74 75 65 65 68 68 58 58 58 65 68 68 68 68 40 40 40 37 19 19 11 11 6 5 5 3 2 2 3 3 3 2 2 3
 67 67 66 76 76 68 71 71 71 71 73 74 74 75 65 65 68 68 58 58 58 65 68 68 68 68 40 40 40 37 19 19 11 11 6 5 5 3 2 2 3 3 3 2 2 3
 65 65 76 72 72 78 72 72 73 73 84 74 74 75 72 72 71 71 61 68 68 59 74 74 77 77 39 48 48 39 22 22 17 17 10 6 6 4 4 4 5 5 5 5 5 8
 65 65 76 72 72 78 72 72 73 73 84 74 74 75 72 72 71 71 61 68 68 59 74 74 77 77 39 48 48 39 22 22 17 17 10 6 6 4 4 4 5 5 5 5 5 8
 62 62 73 69 69 61 57 57 58 58 73 75 75 74 53 53 59 59 56 57 57 59 67 67 76 76 57 56 56 52 28 28 23 23 13 7 7 6 7 7 7 7 9 9 9 14
 40 40 44 46 46 61 44 44 34 34 36 52 52 51 51 51 53 53 55 59 59 59 59 59 66 66 64 46 46 49 23 23 14 14 11 9 9 10 11 11 12 12 13 14 14 17
 40 40 44 46 46 61 44 44 34 34 36 52 52 51 51 51 53 53 55 59 59 59 59 59 66 66 64 46 46 49 23 23 14 14 11 9 9 10 11 11 12 12 13 14 14 17
 33 33 25 30 30 34 32 32 33 33 32 41 41 35 35 35 46 46 58 55 55 53 54 54 53 53 51 39 39 29 18 18 14 14 13 12 12 12 14 14 15 15 15 16 16 15
 25 25 26 24 24 27 22 22 20 20 19 30 30 33 34 34 42 42 38 56 56 40 38 38 40 40 36 31 31 28 19 19 17 17 13 12 12 13 13 13 14 14 13 14 14 13
 25 25 26 24 24 27 22 22 20 20 19 30 30 33 34 34 42 42 38 56 56 40 38 38 40 40 36 31 31 28 19 19 17 17 13 12 12 13 13 13 14 14 13 14 14 13
 13 13 18 14 14 19 20 20 21 21 22 26 26 32 37 37 45 45 45 46 46 44 37 37 40 40 32 32 32 34 34 34 36 36 33 15 15 15 10 10 11 11 10 10 10 9
 13 13 18 14 14 19 20 20 21 21 22 26 26 32 37 37 45 45 45 46 46 44 37 37 40 40 32 32 32 34 34 34 36 36 33 15 15 15 10 10 11 11 10 10 10 9
 13 13 20 21 21 20 22 22 18 18 19 22 22 24 29 29 30 30 38 47 47 43 33 33 37 37 26 25 25 40 38 38 34 34 34 20 20 28 9 9 10 10 10 8 8 8
 22 22 23 28 28 21 21 21 14 14 14 16 16 13 24 24 18 18 27 30 30 34 30 30 28 28 27 30 30 45 30 30 40 40 40 36 36 28 17 17 10 10 10 7 7 7
 22 22 23 28 28 21 21 21 14 14 14 16 16 13 24 24 18 18 27 30 30 34 30 30 28 28 27 30 30 45 30 30 40 40 40 36 36 28 17 17 10 10 10 7 7 7
 27 27 31 29 29 22 20 20 20 20 14 14 14 13 13 13 12 12 21 27 27 32 27 27 20 20 20 22 22 30 29 29 36 36 48 40 40 30 30 30 12 12 10 6 6 8
 28 28 27 23 23 19 17 17 16 16 12 11 11 10 13 13 15 15 16 20 20 19 22 22 18 18 19 17 17 33 34 34 36 36 45 46 46 31 26 26 9 9 6 3 3 3
 28 28 27 23 23 19 17 17 16 16 12 11 11 10 13 13 15 15 16 20 20 19 22 22 18 18 19 17 17 33 34 34 36 36 45 46 46 31 26 26 9 9 6 3 3 3
 22 22 21 18 18 14 18 18 15 15 9 12 12 12 13 13 13 13 19 21 21 16 19 19 19 19 20 17 17 15 29 29 34 34 40 43 43 23 22 22 5 5 3 2 2 2
 22 22 21 18 18 14 18 18 15 15 9 12 12 12 13 13 13 13 19 21 21 16 19 19 19 19 20 17 17 15 29 29 34 34 40 43 43 23 22 22 5 5 3 2 2 2
 20 20 20 17 17 16 18 18 14 14 11 12 12 11 9 9 9 9 9 10 10 15 19 19 24 24 19 13 13 8 31 31 30 30 29 30 30 10 9 9 4 4 4 4 4 6
 21 21 20 19 19 18 17 17 15 15 14 10 10 11 8 8 9 9 10 12 12 17 23 23 28 28 22 11 11 7 21 21 21 21 24 24 24 14 11 11 15 15 10 10 10 13
 21 21 20 19 19 18 17 17 15 15 14 10 10 11 8 8 9 9 10 12 12 17 23 23 28 28 22 11 11 7 21 21 21 21 24 24 24 14 11 11 15 15 10 10 10 13
 23 23 21 21 21 20 18 18 17 17 15 18 18 24 22 22 10 10 11 17 17 24 24 24 26 26 21 12 12 13 20 20 20 20 22 24 24 24 18 18 21 21 16 17 17 24
 27 27 27 24 24 26 26 26 30 30 30 22 22 27 26 26 12 12 24 22 22 25 19 19 33 33 24 21 21 19 20 20 21 21 22 28 28 25 24 24 26 26 19 19 19 20
 27 27 27 24 24 26 26 26 30 30 30 22 22 27 26 26 12 12 24 22 22 25 19 19 33 33 24 21 21 19 20 20 21 21 22 28 28 25 24 24 26 26 19 19 19 20
 29 29 28 26 26 26 26 26 28 28 29 29 29 33 30 30 24 24 22 21 21 26 28 28 37 37 25 24 24 22 20 20 18 18 21 25 25 26 28 28 29 29 20 19 19 18
 29 29 28 26 26 26 26 26 28 28 29 29 29 33 30 30 24 24 22 21 21 26 28 28 37 37 25 24 24 22 20 20 18 18 21 25 25 26 28 28 29 29 20 19 19 18
 26 26 27 24 24 25 23 23 25 25 25 25 25 22 24 24 19 19 24 25 25 24 27 27 40 40 26 24 24 21 20 20 21 21 24 24 24 22 22 22 22 22 19 15 15 16
 25 25 25 21 21 21 21 21 17 17 18 16 16 19 21 21 17 17 23 12 12 16 24 24 24 24 22 21 21 17 18 18 19 19 20 20 20 18 19 19 15 15 14 10 10 11
 25 25 25 21 21 21 21 21 17 17 18 16 16 19 21 21 17 17 23 12 12 16 24 24 24 24 22 21 21 17 18 18 19 19 20 20 20 18 19 19 15 15 14 10 10 11
 19 19 18 18 18 20 20 20 11 11 11 10 10 9 9 9 12 12 11 12 12 13 8 8 14 14 20 18 18 18 16 16 17 17 16 15 15 13 11 11 8 8 6 3 3 3
 19 19 16 14 14 16 13 13 11 11 9 11 11 13 15 15 9 9 8 8 8 9 9 9 12 12 15 18 18 19 13 13 14 14 11 7 7 4 3 3 2 2 1 1 1 0
 19 19 16 14 14 16 13 13 11 11 9 11 11 13 15 15 9 9 8 8 8 9 9 9 12 12 15 18 18 19 13 13 14 14 11 7 7 4 3 3 2 2 1 1 1 0
 20 20 13 12 12 13 12 12 13 13 11 12 12 16 14 14 9 9 8 8 8 7 8 8 15 15 18 18 18 15 11 11 10 10 5 3 3 2 2 2 2 2 1 1 1 0
 20 20 13 12 12 13 12 12 13 13 11 12 12 16 14 14 9 9 8 8 8 7 8 8 15 15 18 18 18 15 11 11 10 10 5 3 3 2 2 2 2 2 1 1 1 0
 29 29 16 13 13 9 8 8 11 11 14 14 14 16 14 14 7 7 6 5 5 6 8 8 14 14 19 14 14 13 10 10 8 8 3 2 2 2 3 3 3 3 2 2 2 1
 30 30 20 20 20 14 15 15 11 11 11 10 10 8 9 9 9 9 10 10 10 7 6 6 6 6 6 13 13 13 9 9 8 8 1 2 2 2 4 4 3 3 2 1 1 1
 30 30 20 20 20 14 15 15 11 11 11 10 10 8 9 9 9 9 10 10 10 7 6 6 6 6 6 13 13 13 9 9 8 8 1 2 2 2 4 4 3 3 2 1 1 1
 27 27 27 27 27 16 15 15 17 17 17 13 13 12 11 11 10 10 11 10 10 10 6 6 5 5 5 8 8 14 11 11 9 9 3 2 2 2 2 2 2 2 1 1 1 0
 25 25 24 23 23 21 17 17 12 12 11 11 11 10 9 9 9 9 9 9 9 9 8 8 5 5 5 5 5 10 8 8 9 9 4 1 1 1 1 1 1 1 1 1 1 1
 25 25 24 23 23 21 17 17 12 12 11 11 11 10 9 9 9 9 9 9 9 9 8 8 5 5 5 5 5 10 8 8 9 9 4 1 1 1 1 1 1 1 1 1 1 1
 20 20 19 13 13 15 11 11 11 11 7 7 7 7 7 7 9 9 9 8 8 6 3 3 3 3 3 6 6 7 7 7 5 5 6 2 2 1 1 1 1 1 1 1 1 1
 20 20 19 13 13 15 11 11 11 11 7 7 7 7 7 7 9 9 9 8 8 6 3 3 3 3 3 6 6 7 7 7 5 5 6 2 2 1 1 1 1 1 1 1 1 1
 15 15 17 12 12 12 8 8 8 8 5 5 5 5 5 5 6 6 5 6 6 5 4 4 2 2 3 3 3 3 4 4 5 5 5 2 2 2 2 2 1 1 1 2 2 3
 12 12 12 11 11 9 7 7 6 6 6 5 5 4 3 3 4 4 4 4 4 4 3 3 3 3 3 2 2 2 2 2 5 5 4 2 2 2 3 3 2 2 4 3 3 3
 12 12 12 11 11 9 7 7 6 6 6 5 5 4 3 3 4 4 4 4 4 4 3 3 3 3 3 2 2 2 2 2 5 5 4 2 2 2 3 3 2 2 4 3 3 3
 10 10 10 9 9 8 5 5 4 4 5 5 5 3 3 3 3 3 3 4 4 4 2 2 3 3 1 1 1 1 1 1 2 2 3 3 3 2 4 4 3 3 4 3 3 3
 10 10 8 6 6 6 6 6 5 5 5 4 4 3 2 2 3 3 3 3 3 2 2 2 2 2 1 1 1 1 1 1 1 1 2 2 2 3 3 3 2 2 3 2 2 1
