assets/RAT_results/precipitation/2021-10-10_IMERG.asc
ncols        46
nrows        77
xllcorner    74.800261325624
yllcorner    8.058333333333
cellsize     0.062500000000
NODATA_value -9999
 14 14 12 11 11 9 10 10 15 15 22 32 32 11 9 9 4 4 5 6 6 6 5 5 10 10 18 13 13 24 20 20 30 30 16 14 14 15 5 5 9 9 9 3 3 9
 13 13 8 10 10 11 14 14 21 21 28 33 33 12 12 12 5 5 5 5 5 5 5 5 7 7 10 14 14 23 27 27 39 39 22 26 26 31 11 11 11 11 15 6 6 4
 13 13 8 10 10 11 14 14 21 21 28 33 33 12 12 12 5 5 5 5 5 5 5 5 7 7 10 14 14 23 27 27 39 39 22 26 26 31 11 11 11 11 15 6 6 4
 6 6 9 11 11 7 15 15 16 16 18 22 22 17 15 15 7 7 6 5 5 6 6 6 11 11 13 25 25 26 48 48 47 47 27 27 27 21 9 9 11 11 20 13 13 11
 4 4 9 7 7 6 13 13 13 13 20 21 21 17 27 27 21 21 8 7 7 10 11 11 14 14 14 14 14 23 25 25 44 44 52 39 39 15 16 16 14 14 19 18 18 15
 4 4 9 7 7 6 13 13 13 13 20 21 21 17 27 27 21 21 8 7 7 10 11 11 14 14 14 14 14 23 25 25 44 44 52 39 39 15 16 16 14 14 19 18 18 15
 5 5 7 9 9 8 9 9 9 9 19 26 26 31 26 26 24 24 8 12 12 12 13 13 17 17 18 20 20 25 35 35 56 56 51 40 40 17 16 16 17 17 13 12 12 11
 5 5 7 9 9 8 9 9 9 9 19 26 26 31 26 26 24 24 8 12 12 12 13 13 17 17 18 20 20 25 35 35 56 56 51 40 40 17 16 16 17 17 13 12 12 11
 6 6 12 10 10 15 13 13 7 7 12 16 16 24 28 28 21 21 13 13 13 11 13 13 21 21 21 24 24 27 32 32 39 39 47 30 30 24 19 19 17 17 14 19 19 10
 10 10 12 8 8 16 16 16 9 9 8 17 17 33 33 33 18 18 12 10 10 10 10 10 19 19 21 32 32 28 31 31 36 36 62 68 68 29 26 26 19 19 18 21 21 11
 10 10 12 8 8 16 16 16 9 9 8 17 17 33 33 33 18 18 12 10 10 10 10 10 19 19 21 32 32 28 31 31 36 36 62 68 68 29 26 26 19 19 18 21 21 11
 26 26 23 13 13 17 8 8 7 7 8 11 11 18 19 19 18 18 13 8 8 8 7 7 16 16 19 27 27 28 50 50 47 47 66 74 74 41 41 41 20 20 25 25 25 15
 18 18 24 18 18 18 14 14 4 4 2 8 8 18 15 15 20 20 20 8 8 9 6 6 12 12 16 20 20 32 58 58 56 56 68 82 82 46 43 43 25 25 25 25 25 22
 18 18 24 18 18 18 14 14 4 4 2 8 8 18 15 15 20 20 20 8 8 9 6 6 12 12 16 20 20 32 58 58 56 56 68 82 82 46 43 43 25 25 25 25 25 22
 13 13 25 24 24 24 28 28 23 23 8 6 6 14 15 15 16 16 21 12 12 11 8 8 6 6 13 12 12 25 26 26 57 57 58 56 56 45 38 38 29 29 30 29 29 28
 13 13 25 24 24 24 28 28 23 23 8 6 6 14 15 15 16 16 21 12 12 11 8 8 6 6 13 12 12 25 26 26 57 57 58 56 56 45 38 38 29 29 30 29 29 28
 16 16 24 35 35 39 45 45 30 30 18 4 4 1 5 5 14 14 14 10 10 10 4 4 4 4 12 11 11 24 25 25 45 45 46 51 51 45 38 38 28 28 33 32 32 34
 19 19 20 28 28 33 38 38 32 32 20 11 11 1 1 1 2 2 7 7 7 7 3 3 3 3 11 7 7 19 14 14 31 31 32 47 47 33 34 34 32 32 32 34 34 33
 19 19 20 28 28 33 38 38 32 32 20 11 11 1 1 1 2 2 7 7 7 7 3 3 3 3 11 7 7 19 14 14 31 31 32 47 47 33 34 34 32 32 32 34 34 33
 11 11 12 20 20 27 31 31 34 34 21 15 15 9 4 4 2 2 7 7 7 1 1 1 1 1 4 4 4 13 8 8 16 16 16 30 30 31 29 29 28 28 31 31 31 31
 9 9 9 21 21 20 25 25 26 26 18 17 17 4 4 4 2 2 2 1 1 2 2 2 2 2 1 1 1 2 3 3 2 2 12 8 8 20 12 12 24 24 20 29 29 29
 9 9 9 21 21 20 25 25 26 26 18 17 17 4 4 4 2 2 2 1 1 2 2 2 2 2 1 1 1 2 3 3 2 2 12 8 8 20 12 12 24 24 20 29 29 29
 7 7 11 11 11 12 13 13 17 17 13 13 13 9 2 2 1 1 1 0 0 1 1 1 2 2 2 2 2 2 3 3 1 1 2 0 0 8 3 3 11 11 13 22 22 26
 7 7 11 11 11 12 13 13 17 17 13 13 13 9 2 2 1 1 1 0 0 1 1 1 2 2 2 2 2 2 3 3 1 1 2 0 0 8 3 3 11 11 13 22 22 26
 9 9 14 12 12 7 11 11 13 13 11 12 12 14 4 4 1 1 1 0 0 0 0 0 1 1 1 1 1 3 3 3 7 7 1 0 0 3 3 3 3 3 0 5 5 11
 8 8 13 13 13 5 4 4 6 6 7 8 8 8 6 6 3 3 2 0 0 0 2 2 6 6 4 4 4 4 2 2 0 0 0 0 0 0 0 0 0 0 0 5 5 11
 8 8 13 13 13 5 4 4 6 6 7 8 8 8 6 6 3 3 2 0 0 0 2 2 6 6 4 4 4 4 2 2 0 0 0 0 0 0 0 0 0 0 0 5 5 11
 7 7 8 8 8 10 5 5 5 5 6 8 8 5 6 6 5 5 4 0 0 1 2 2 6 6 7 7 7 5 2 2 0 0 0 0 0 0 0 0 0 0 0 0 0 1
 8 8 13 9 9 11 9 9 6 6 7 4 4 5 8 8 5 5 4 2 2 1 2 2 4 4 6 6 6 5 3 3 2 2 2 2 2 0 1 1 0 0 0 0 0 1
 8 8 13 9 9 11 9 9 6 6 7 4 4 5 8 8 5 5 4 2 2 1 2 2 4 4 6 6 6 5 3 3 2 2 2 2 2 0 1 1 0 0 0 0 0 1
 8 8 15 15 15 18 13 13 9 9 7 10 10 18 15 15 8 8 8 5 5 5 4 4 3 3 5 5 5 2 3 3 3 3 4 2 2 0 0 0 0 0 0 0 0 1
 8 8 15 15 15 18 13 13 9 9 7 10 10 18 15 15 8 8 8 5 5 5 4 4 3 3 5 5 5 2 3 3 3 3 4 2 2 0 0 0 0 0 0 0 0 1
 11 11 17 19 19 34 15 15 15 15 14 10 10 40 41 41 18 18 10 13 13 6 6 6 5 5 4 1 1 2 3 3 3 3 3 0 0 0 0 0 0 0 0 0 0 1
 23 23 22 21 21 40 22 22 21 21 19 23 23 21 115 115 54 54 18 20 20 15 11 11 8 8 2 1 1 0 2 2 3 3 2 1 1 1 0 0 0 0 0 0 0 0
 23 23 22 21 21 40 22 22 21 21 19 23 23 21 115 115 54 54 18 20 20 15 11 11 8 8 2 1 1 0 2 2 3 3 2 1 1 1 0 0 0 0 0 0 0 0
 27 27 30 22 22 23 18 18 19 19 18 19 19 45 35 35 21 21 18 17 17 9 7 7 7 7 3 3 3 3 1 1 1 1 2 1 1 1 0 0 0 0 0 0 0 0
 18 18 24 21 21 25 16 16 18 18 21 29 29 26 26 26 17 17 20 17 17 9 7 7 6 6 1 3 3 7 1 1 0 0 0 0 0 0 0 0 0 0 0 0 0 0
 18 18 24 21 21 25 16 16 18 18 21 29 29 26 26 26 17 17 20 17 17 9 7 7 6 6 1 3 3 7 1 1 0 0 0 0 0 0 0 0 0 0 0 0 0 0
 14 14 18 17 17 20 15 15 16 16 19 18 18 48 10 10 9 9 14 14 14 7 8 8 5 5 1 1 1 6 5 5 1 1 0 0 0 0 0 0 0 0 0 0 0 0
 14 14 18 17 17 20 15 15 16 16 19 18 18 48 10 10 9 9 14 14 14 7 8 8 5 5 1 1 1 6 5 5 1 1 0 0 0 0 0 0 0 0 0 0 0 0
 8 8 14 14 14 12 14 14 21 21 18 37 37 42 11 11 10 10 15 14 14 13 7 7 5 5 3 2 2 0 0 0 0 0 0 0 0 0 0 0 0 0 1 1 1 1
 9 9 12 16 16 10 9 9 15 15 14 14 14 13 15 15 18 18 34 29 29 12 7 7 7 7 2 0 0 3 1 1 1 1 1 0 0 0 0 0 0 0 0 0 0 0
 9 9 12 16 16 10 9 9 15 15 14 14 14 13 15 15 18 18 34 29 29 12 7 7 7 7 2 0 0 3 1 1 1 1 1 0 0 0 0 0 0 0 0 0 0 0
 11 11 12 13 13 7 10 10 10 10 13 13 13 17 15 15 28 28 42 27 27 15 17 17 9 9 1 1 1 1 1 1 1 1 1 1 1 1 0 0 0 0 0 0 0 0
 8 8 9 9 9 13 13 13 17 17 13 17 17 17 26 26 40 40 28 27 27 30 20 20 7 7 2 0 0 0 1 1 2 2 2 2 2 1 1 1 1 1 0 0 0 0
 8 8 9 9 9 13 13 13 17 17 13 17 17 17 26 26 40 40 28 27 27 30 20 20 7 7 2 0 0 0 1 1 2 2 2 2 2 1 1 1 1 1 0 0 0 0
 7 7 6 6 6 9 12 12 12 12 8 15 15 22 24 24 30 30 17 18 18 17 17 17 7 7 4 0 0 0 0 0 3 3 3 2 2 1 0 0 0 0 0 0 0 0
 7 7 6 6 6 9 12 12 12 12 8 15 15 22 24 24 30 30 17 18 18 17 17 17 7 7 4 0 0 0 0 0 3 3 3 2 2 1 0 0 0 0 0 0 0 0
 8 8 8 8 8 11 15 15 14 14 20 34 34 27 16 16 9 9 8 7 7 26 26 26 3 3 3 0 0 1 0 0 5 5 4 1 1 4 0 0 0 0 0 0 0 0
 10 10 10 12 12 11 11 11 11 11 35 33 33 21 20 20 15 15 12 13 13 11 24 24 3 3 3 2 2 1 1 1 1 1 0 2 2 4 1 1 0 0 0 0 0 0
 10 10 10 12 12 11 11 11 11 11 35 33 33 21 20 20 15 15 12 13 13 11 24 24 3 3 3 2 2 1 1 1 1 1 0 2 2 4 1 1 0 0 0 0 0 0
 15 15 14 15 15 13 16 16 16 16 38 31 31 45 93 93 13 13 10 21 21 16 23 23 5 5 2 4 4 1 0 0 0 0 0 0 0 3 1 1 0 0 0 0 0 0
 18 18 17 17 17 15 33 33 46 46 51 55 55 44 90 90 12 12 19 23 23 20 20 20 30 30 7 7 7 2 0 0 0 0 2 0 0 1 0 0 0 0 0 0 0 0
 18 18 17 17 17 15 33 33 46 46 51 55 55 44 90 90 12 12 19 23 23 20 20 20 30 30 7 7 7 2 0 0 0 0 2 0 0 1 0 0 0 0 0 0 0 0
 28 28 33 31 31 37 38 38 51 51 64 42 42 26 16 16 22 22 41 54 54 38 32 32 30 30 10 12 12 4 3 3 1 1 0 0 0 0 0 0 0 0 0 0 0 0
 28 28 33 31 31 37 38 38 51 51 64 42 42 26 16 16 22 22 41 54 54 38 32 32 30 30 10 12 12 4 3 3 1 1 0 0 0 0 0 0 0 0 0 0 0 0
 28 28 36 36 36 43 45 45 47 47 47 26 26 14 26 26 16 16 19 63 63 41 105 105 86 86 15 13 13 4 3 3 1 1 1 0 0 0 0 0 0 0 0 0 0 0
 31 31 46 52 52 74 100 100 44 44 36 21 21 25 26 26 16 16 20 56 56 72 102 102 106 106 24 17 17 7 7 7 6 6 1 0 0 0 0 0 1 1 0 0 0 0
 31 31 46 52 52 74 100 100 44 44 36 21 21 25 26 26 16 16 20 56 56 72 102 102 106 106 24 17 17 7 7 7 6 6 1 0 0 0 0 0 1 1 0 0 0 0
 37 37 49 46 46 69 100 100 93 93 32 25 25 22 32 32 33 33 23 33 33 36 39 39 37 37 34 17 17 22 12 12 11 11 4 0 0 1 0 0 1 1 1 0 0 0
 37 37 45 53 53 55 60 60 59 59 53 25 25 34 37 37 45 45 47 47 47 48 29 29 17 17 18 22 22 20 12 12 15 15 4 1 1 0 0 0 0 0 0 0 0 0
 37 37 45 53 53 55 60 60 59 59 53 25 25 34 37 37 45 45 47 47 47 48 29 29 17 17 18 22 22 20 12 12 15 15 4 1 1 0 0 0 0 0 0 0 0 0
 49 49 55 56 56 53 59 59 46 46 30 26 26 28 36 36 53 53 71 79 79 60 53 53 19 19 31 34 34 36 8 8 7 7 4 4 4 1 1 1 0 0 0 0 0 0
 49 49 55 56 56 53 59 59 46 46 30 26 26 28 36 36 53 53 71 79 79 60 53 53 19 19 31 34 34 36 8 8 7 7 4 4 4 1 1 1 0 0 0 0 0 0
 36 36 41 66 66 74 77 77 38 38 28 24 24 29 35 35 34 34 50 71 71 47 49 49 35 35 42 28 28 37 19 19 24 24 16 16 16 4 3 3 0 0 0 0 0 0
 34 34 34 43 43 40 55 55 65 65 39 30 30 37 41 41 30 30 40 40 40 48 50 50 36 36 34 42 42 34 32 32 25 25 23 26 26 14 7 7 3 3 0 0 0 0
 34 34 34 43 43 40 55 55 65 65 39 30 30 37 41 41 30 30 40 40 40 48 50 50 36 36 34 42 42 34 32 32 25 25 23 26 26 14 7 7 3 3 0 0 0 0
 28 28 45 42 42 45 48 48 59 59 51 46 46 46 44 44 37 37 42 42 42 41 43 43 47 47 56 36 36 34 22 22 24 24 29 28 28 11 7 7 8 8 1 0 0 0
 27 27 45 45 45 47 65 65 65 65 53 51 51 45 41 41 43 43 38 43 43 47 54 54 75 75 161 144 144 36 36 36 24 24 18 15 15 12 12 12 7 7 6 1 1 0
 27 27 45 45 45 47 65 65 65 65 53 51 51 45 41 41 43 43 38 43 43 47 54 54 75 75 161 144 144 36 36 36 24 24 18 15 15 12 12 12 7 7 6 1 1 0
 24 24 39 40 40 92 92 92 103 103 94 123 123 62 39 39 40 40 42 41 41 76 133 133 181 181 167 150 150 39 35 35 31 31 20 16 16 14 9 9 8 8 2 2 2 0
 24 24 39 40 40 92 92 92 103 103 94 123 123 62 39 39 40 40 42 41 41 76 133 133 181 181 167 150 150 39 35 35 31 31 20 16 16 14 9 9 8 8 2 2 2 0
 45 45 35 37 37 101 102 102 165 165 182 171 171 152 85 85 54 54 55 176 176 182 205 205 239 239 220 167 167 125 40 40 39 39 28 17 17 17 9 9 8 8 1 0 0 0
 46 46 36 39 39 39 146 146 179 179 161 160 160 156 156 156 157 157 173 235 235 240 296 296 280 280 257 201 201 174 61 61 71 71 42 37 37 26 32 32 11 11 6 0 0 2
 46 46 36 39 39 39 146 146 179 179 161 160 160 156 156 156 157 157 173 235 235 240 296 296 280 280 257 201 201 174 61 61 71 71 42 37 37 26 32 32 11 11 6 0 0 2
 41 41 37 30 30 30 44 44 25 25 39 49 49 46 85 85 177 177 193 237 237 252 212 212 235 235 229 218 218 190 176 176 175 175 40 35 35 35 34 34 24 24 25 8 8 4
 16 16 13 29 29 29 25 25 16 16 14 18 18 23 27 27 97 97 36 85 85 35 83 83 121 121 44 74 74 174 97 97 169 169 111 36 36 38 39 39 44 44 15 16 16 2
