assets/RAT_results/precipitation/2021-10-30_IMERG.asc
ncols        46
nrows        77
xllcorner    74.800261325624
yllcorner    8.058333333333
cellsize     0.062500000000
NODATA_value -9999
 12 12 20 19 19 23 22 22 24 24 16 4 4 3 4 4 4 4 3 2 2 2 2 2 2 2 3 1 1 1 1 1 6 6 8 7 7 4 2 2 1 1 1 0 0 1
 12 12 20 18 18 18 19 19 15 15 10 7 7 2 2 2 5 5 5 3 3 1 1 1 0 0 1 1 1 2 1 1 2 2 3 4 4 2 5 5 5 5 2 1 1 1
 12 12 20 18 18 18 19 19 15 15 10 7 7 2 2 2 5 5 5 3 3 1 1 1 0 0 1 1 1 2 1 1 2 2 3 4 4 2 5 5 5 5 2 1 1 1
 11 11 6 13 13 12 12 12 8 8 8 1 1 1 1 1 1 1 1 1 1 0 0 0 0 0 1 1 1 1 1 1 1 1 1 2 2 3 3 3 3 3 1 0 0 0
 6 6 5 6 6 1 1 1 0 0 0 0 0 0 1 1 0 0 0 0 0 0 0 0 0 0 0 0 0 0 0 0 1 1 1 0 0 1 3 3 0 0 0 0 0 0
 6 6 5 6 6 1 1 1 0 0 0 0 0 0 1 1 0 0 0 0 0 0 0 0 0 0 0 0 0 0 0 0 1 1 1 0 0 1 3 3 0 0 0 0 0 0
 3 3 3 10 10 4 2 2 3 3 0 2 2 0 1 1 0 0 0 0 0 0 0 0 0 0 0 0 0 0 1 1 0 0 0 0 0 0 0 0 0 0 0 0 0 0
 3 3 3 10 10 4 2 2 3 3 0 2 2 0 1 1 0 0 0 0 0 0 0 0 0 0 0 0 0 0 1 1 0 0 0 0 0 0 0 0 0 0 0 0 0 0
 1 1 2 10 10 8 12 12 11 11 31 6 6 0 1 1 1 1 1 1 1 0 0 0 0 0 0 0 0 0 0 0 0 0 0 0 0 0 0 0 0 0 0 0 0 0
 0 0 1 5 5 9 7 7 15 15 19 4 4 3 2 2 1 1 0 1 1 0 0 0 0 0 0 0 0 0 0 0 0 0 0 0 0 0 0 0 0 0 0 0 0 0
 0 0 1 5 5 9 7 7 15 15 19 4 4 3 2 2 1 1 0 1 1 0 0 0 0 0 0 0 0 0 0 0 0 0 0 0 0 0 0 0 0 0 0 0 0 0
 0 0 0 1 1 3 4 4 7 7 3 4 4 1 0 0 0 0 0 1 1 0 0 0 0 0 0 0 0 0 0 0 0 0 0 0 0 0 0 0 0 0 0 0 0 0
 0 0 0 2 2 4 4 4 4 4 3 0 0 0 0 0 0 0 0 0 0 0 0 0 0 0 0 0 0 0 0 0 0 0 0 0 0 0 0 0 0 0 0 0 0 0
 0 0 0 2 2 4 4 4 4 4 3 0 0 0 0 0 0 0 0 0 0 0 0 0 0 0 0 0 0 0 0 0 0 0 0 0 0 0 0 0 0 0 0 0 0 0
 0 0 0 2 2 10 6 6 4 4 4 0 0 0 0 0 0 0 0 0 0 0 1 1 0 0 0 0 0 0 0 0 0 0 0 0 0 0 0 0 0 0 0 0 0 0
 0 0 0 2 2 10 6 6 4 4 4 0 0 0 0 0 0 0 0 0 0 0 1 1 0 0 0 0 0 0 0 0 0 0 0 0 0 0 0 0 0 0 0 0 0 0
 1 1 0 1 1 4 7 7 8 8 8 6 6 3 0 0 0 0 0 0 0 0 0 0 0 0 0 0 0 0 1 1 0 0 0 0 0 0 1 1 0 0 0 0 0 0
 3 3 2 4 4 6 3 3 3 3 9 10 10 14 5 5 0 0 0 0 0 0 0 0 0 0 0 0 0 0 0 0 0 0 0 0 0 1 3 3 1 1 0 0 0 1
 3 3 2 4 4 6 3 3 3 3 9 10 10 14 5 5 0 0 0 0 0 0 0 0 0 0 0 0 0 0 0 0 0 0 0 0 0 1 3 3 1 1 0 0 0 1
 8 8 7 7 7 5 4 4 4 4 14 11 11 15 6 6 2 2 2 0 0 0 0 0 0 0 0 0 0 0 0 0 0 0 0 0 0 1 3 3 1 1 1 1 1 2
 8 8 9 9 9 7 7 7 8 8 9 16 16 16 15 15 16 16 9 6 6 1 1 1 1 1 0 0 0 0 0 0 0 0 0 0 0 0 1 1 0 0 2 2 2 3
 8 8 9 9 9 7 7 7 8 8 9 16 16 16 15 15 16 16 9 6 6 1 1 1 1 1 0 0 0 0 0 0 0 0 0 0 0 0 1 1 0 0 2 2 2 3
 12 12 6 6 6 7 10 10 16 16 18 18 18 10 15 15 14 14 22 11 11 4 3 3 1 1 1 1 1 2 1 1 1 1 1 2 2 1 3 3 2 2 1 4 4 4
 12 12 6 6 6 7 10 10 16 16 18 18 18 10 15 15 14 14 22 11 11 4 3 3 1 1 1 1 1 2 1 1 1 1 1 2 2 1 3 3 2 2 1 4 4 4
 6 6 3 6 6 5 15 15 15 15 15 29 29 16 22 22 24 24 19 11 11 7 6 6 1 1 1 1 1 3 3 3 1 1 2 1 1 3 3 3 4 4 3 3 3 3
 2 2 3 4 4 4 16 16 31 31 24 24 24 19 30 30 21 21 15 9 9 9 8 8 6 6 5 5 5 3 3 3 2 2 1 1 1 2 4 4 4 4 3 2 2 3
 2 2 3 4 4 4 16 16 31 31 24 24 24 19 30 30 21 21 15 9 9 9 8 8 6 6 5 5 5 3 3 3 2 2 1 1 1 2 4 4 4 4 3 2 2 3
 2 2 2 4 4 9 4 4 13 13 10 12 12 10 39 39 17 17 17 6 6 3 6 6 7 7 11 8 8 5 4 4 2 2 1 1 1 2 3 3 3 3 2 2 2 3
 2 2 2 4 4 5 6 6 6 6 10 10 10 8 13 13 15 15 12 7 7 2 8 8 10 10 14 16 16 14 11 11 5 5 3 2 2 4 4 4 3 3 3 2 2 3
 2 2 2 4 4 5 6 6 6 6 10 10 10 8 13 13 15 15 12 7 7 2 8 8 10 10 14 16 16 14 11 11 5 5 3 2 2 4 4 4 3 3 3 2 2 3
 3 3 3 2 2 5 4 4 6 6 9 7 7 8 14 14 17 17 16 17 17 5 4 4 11 11 11 11 11 15 13 13 8 8 5 3 3 4 6 6 4 4 3 3 3 3
 3 3 3 2 2 5 4 4 6 6 9 7 7 8 14 14 17 17 16 17 17 5 4 4 11 11 11 11 11 15 13 13 8 8 5 3 3 4 6 6 4 4 3 3 3 3
 47 47 7 8 8 9 6 6 4 4 5 4 4 3 7 7 13 13 17 16 16 10 6 6 9 9 11 16 16 13 13 13 12 12 12 3 3 6 5 5 4 4 4 3 3 4
 51 51 66 54 54 8 4 4 3 3 3 3 3 2 5 5 7 7 11 15 15 8 7 7 7 7 7 13 13 12 12 12 10 10 11 6 6 4 4 4 4 4 5 5 5 5
 51 51 66 54 54 8 4 4 3 3 3 3 3 2 5 5 7 7 11 15 15 8 7 7 7 7 7 13 13 12 12 12 10 10 11 6 6 4 4 4 4 4 5 5 5 5
 7 7 53 54 54 17 16 16 7 7 3 2 2 2 2 2 6 6 9 9 9 11 8 8 6 6 4 5 5 11 11 11 10 10 5 7 7 7 4 4 5 5 4 7 7 6
 16 16 25 19 19 9 17 17 6 6 3 3 3 2 2 2 3 3 5 8 8 10 8 8 5 5 3 3 3 4 5 5 4 4 2 2 2 3 4 4 4 4 5 7 7 8
 16 16 25 19 19 9 17 17 6 6 3 3 3 2 2 2 3 3 5 8 8 10 8 8 5 5 3 3 3 4 5 5 4 4 2 2 2 3 4 4 4 4 5 7 7 8
 15 15 28 25 25 21 8 8 8 8 5 4 4 8 2 2 16 16 3 7 7 9 7 7 4 4 2 1 1 2 2 2 4 4 2 2 2 4 4 4 5 5 6 6 6 11
 15 15 28 25 25 21 8 8 8 8 5 4 4 8 2 2 16 16 3 7 7 9 7 7 4 4 2 1 1 2 2 2 4 4 2 2 2 4 4 4 5 5 6 6 6 11
 18 18 21 20 20 18 16 16 15 15 16 4 4 8 16 16 16 16 17 9 9 9 7 7 6 6 5 2 2 4 3 3 2 2 2 3 3 6 5 5 4 4 7 9 9 13
 16 16 26 28 28 25 23 23 20 20 21 20 20 15 17 17 18 18 18 12 12 8 5 5 4 4 3 3 3 3 3 3 4 4 4 5 5 7 5 5 7 7 10 11 11 15
 16 16 26 28 28 25 23 23 20 20 21 20 20 15 17 17 18 18 18 12 12 8 5 5 4 4 3 3 3 3 3 3 4 4 4 5 5 7 5 5 7 7 10 11 11 15
 19 19 26 26 26 27 28 28 24 24 24 11 11 11 5 5 17 17 14 12 12 6 6 6 7 7 4 2 2 2 2 2 3 3 5 7 7 9 7 7 9 9 12 12 12 14
 34 34 30 26 26 27 31 31 17 17 20 18 18 17 4 4 3 3 4 7 7 5 6 6 7 7 4 4 4 5 4 4 3 3 4 7 7 8 8 8 9 9 11 11 11 10
 34 34 30 26 26 27 31 31 17 17 20 18 18 17 4 4 3 3 4 7 7 5 6 6 7 7 4 4 4 5 4 4 3 3 4 7 7 8 8 8 9 9 11 11 11 10
 55 55 21 11 11 12 30 30 14 14 21 23 23 12 5 5 2 2 2 5 5 4 4 4 6 6 4 3 3 6 5 5 4 4 4 7 7 8 9 9 10 10 11 11 11 12
 55 55 21 11 11 12 30 30 14 14 21 23 23 12 5 5 2 2 2 5 5 4 4 4 6 6 4 3 3 6 5 5 4 4 4 7 7 8 9 9 10 10 11 11 11 12
 21 21 21 14 14 20 27 27 24 24 22 21 21 16 7 7 7 7 4 3 3 7 5 5 6 6 5 4 4 6 8 8 7 7 5 8 8 8 7 7 9 9 11 12 12 14
 22 22 13 13 13 12 13 13 27 27 22 23 23 20 25 25 13 13 5 4 4 7 5 5 5 5 3 5 5 6 7 7 7 7 7 10 10 10 11 11 10 10 12 11 11 14
 22 22 13 13 13 12 13 13 27 27 22 23 23 20 25 25 13 13 5 4 4 7 5 5 5 5 3 5 5 6 7 7 7 7 7 10 10 10 11 11 10 10 12 11 11 14
 17 17 12 11 11 13 11 11 13 13 24 22 22 21 24 24 11 11 3 4 4 5 4 4 6 6 5 6 6 6 7 7 9 9 8 11 11 11 9 9 11 11 13 12 12 17
 18 18 10 10 10 11 11 11 20 20 20 18 18 18 18 18 6 6 7 3 3 3 5 5 8 8 6 8 8 8 9 9 9 9 10 13 13 13 13 13 13 13 14 15 15 19
 18 18 10 10 10 11 11 11 20 20 20 18 18 18 18 18 6 6 7 3 3 3 5 5 8 8 6 8 8 8 9 9 9 9 10 13 13 13 13 13 13 13 14 15 15 19
 14 14 9 9 9 10 10 10 20 20 18 16 16 19 11 11 9 9 5 4 4 7 7 7 11 11 11 11 11 12 11 11 10 10 9 10 10 13 13 13 17 17 17 14 14 16
 14 14 9 9 9 10 10 10 20 20 18 16 16 19 11 11 9 9 5 4 4 7 7 7 11 11 11 11 11 12 11 11 10 10 9 10 10 13 13 13 17 17 17 14 14 16
 11 11 9 9 9 10 10 10 17 17 18 21 21 29 14 14 10 10 9 6 6 8 10 10 15 15 14 11 11 12 11 11 11 11 10 11 11 15 13 13 14 14 13 13 13 11
 11 11 13 11 11 10 10 10 13 13 14 20 20 33 16 16 11 11 11 9 9 9 10 10 14 14 15 12 12 15 12 12 9 9 11 8 8 9 10 10 10 10 10 9 9 9
 11 11 13 11 11 10 10 10 13 13 14 20 20 33 16 16 11 11 11 9 9 9 10 10 14 14 15 12 12 15 12 12 9 9 11 8 8 9 10 10 10 10 10 9 9 9
 11 11 11 11 11 11 11 11 14 14 11 11 11 11 12 12 15 15 15 13 13 13 13 13 18 18 19 17 17 16 12 12 8 8 9 7 7 12 11 11 10 10 8 8 8 8
 13 13 13 11 11 11 11 11 13 13 12 6 6 5 8 8 14 14 11 18 18 15 26 26 18 18 18 15 15 17 13 13 8 8 5 5 5 7 5 5 6 6 6 6 6 7
 13 13 13 11 11 11 11 11 13 13 12 6 6 5 8 8 14 14 11 18 18 15 26 26 18 18 18 15 15 17 13 13 8 8 5 5 5 7 5 5 6 6 6 6 6 7
 16 16 16 12 12 11 11 11 11 11 7 6 6 4 5 5 11 11 11 22 22 24 26 26 18 18 17 15 15 14 16 16 9 9 5 4 4 4 4 4 6 6 7 6 6 4
 16 16 16 12 12 11 11 11 11 11 7 6 6 4 5 5 11 11 11 22 22 24 26 26 18 18 17 15 15 14 16 16 9 9 5 4 4 4 4 4 6 6 7 6 6 4
 20 20 17 15 15 14 12 12 10 10 6 6 6 4 3 3 8 8 12 10 10 22 19 19 17 17 17 18 18 20 18 18 9 9 4 3 3 3 5 5 3 3 6 4 4 5
 20 20 17 14 14 11 11 11 11 11 5 5 5 3 3 3 8 8 10 11 11 11 19 19 17 17 15 20 20 24 21 21 13 13 7 5 5 5 6 6 4 4 2 8 8 4
 20 20 17 14 14 11 11 11 11 11 5 5 5 3 3 3 8 8 10 11 11 11 19 19 17 17 15 20 20 24 21 21 13 13 7 5 5 5 6 6 4 4 2 8 8 4
 21 21 19 17 17 11 10 10 7 7 6 3 3 2 2 2 8 8 10 11 11 13 14 14 16 16 23 16 16 22 22 22 18 18 8 6 6 10 11 11 11 11 12 10 10 7
 18 18 14 14 14 11 8 8 5 5 6 3 3 2 6 6 7 7 11 12 12 13 13 13 10 10 13 13 13 16 19 19 18 18 13 11 11 12 14 14 15 15 17 15 15 12
 18 18 14 14 14 11 8 8 5 5 6 3 3 2 6 6 7 7 11 12 12 13 13 13 10 10 13 13 13 16 19 19 18 18 13 11 11 12 14 14 15 15 17 15 15 12
 9 9 12 12 12 10 8 8 5 5 4 2 2 2 5 5 7 7 12 12 12 13 9 9 12 12 11 7 7 11 14 14 16 16 17 16 16 13 15 15 17 17 18 18 18 16
 9 9 12 12 12 10 8 8 5 5 4 2 2 2 5 5 7 7 12 12 12 13 9 9 12 12 11 7 7 11 14 14 16 16 17 16 16 13 15 15 17 17 18 18 18 16
 5 5 7 12 12 8 7 7 4 4 3 1 1 1 4 4 4 4 6 7 7 7 8 8 4 4 6 5 5 7 9 9 11 11 14 15 15 13 11 11 15 15 14 17 17 17
 7 7 6 6 6 7 3 3 2 2 2 1 1 1 2 2 2 2 3 4 4 5 5 5 4 4 4 4 4 5 6 6 7 7 6 12 12 12 12 12 13 13 13 11 11 13
 7 7 6 6 6 7 3 3 2 2 2 1 1 1 2 2 2 2 3 4 4 5 5 5 4 4 4 4 4 5 6 6 7 7 6 12 12 12 12 12 13 13 13 11 11 13
 4 4 3 2 2 4 3 3 2 2 1 1 1 2 2 2 2 2 2 3 3 2 3 3 3 3 3 2 2 3 3 3 3 3 4 12 12 11 12 12 11 11 10 12 12 13
 3 3 3 1 1 2 1 1 1 1 1 1 1 2 2 2 2 2 1 1 1 1 1 1 2 2 2 1 1 1 2 2 2 2 2 5 5 10 10 10 14 14 16 17 17 20
