assets/RAT_results/precipitation/2021-11-14_IMERG.asc
ncols        46
nrows        77
xllcorner    74.800261325624
yllcorner    8.058333333333
cellsize     0.062500000000
NODATA_value -9999
 35 35 30 29 29 44 44 44 36 36 34 35 35 36 29 29 17 17 17 11 11 5 3 3 3 3 10 8 8 10 4 4 2 2 1 8 8 7 5 5 5 5 5 1 1 5
 32 32 30 22 22 28 28 28 27 27 27 14 14 27 9 9 12 12 13 8 8 6 6 6 3 3 3 4 4 7 5 5 1 1 4 7 7 6 6 6 7 7 8 8 8 10
 32 32 30 22 22 28 28 28 27 27 27 14 14 27 9 9 12 12 13 8 8 6 6 6 3 3 3 4 4 7 5 5 1 1 4 7 7 6 6 6 7 7 8 8 8 10
 31 31 28 28 28 27 23 23 17 17 12 14 14 12 9 9 10 10 8 7 7 8 7 7 9 9 7 4 4 3 1 1 1 1 2 7 7 4 4 4 6 6 7 6 6 4
 39 39 37 33 33 36 35 35 23 23 18 11 11 8 9 9 8 8 4 6 6 9 9 9 7 7 9 1 1 0 0 0 0 0 0 1 1 2 2 2 3 3 2 2 2 4
 39 39 37 33 33 36 35 35 23 23 18 11 11 8 9 9 8 8 4 6 6 9 9 9 7 7 9 1 1 0 0 0 0 0 0 1 1 2 2 2 3 3 2 2 2 4
 52 52 46 37 37 35 36 36 32 32 19 9 9 4 4 4 6 6 3 2 2 2 4 4 2 2 2 1 1 1 1 1 1 1 1 1 1 1 1 1 1 1 1 1 1 1
 52 52 46 37 37 35 36 36 32 32 19 9 9 4 4 4 6 6 3 2 2 2 4 4 2 2 2 1 1 1 1 1 1 1 1 1 1 1 1 1 1 1 1 1 1 1
 71 71 62 38 38 44 45 45 37 37 19 8 8 9 5 5 1 1 1 1 1 2 2 2 2 2 2 3 3 1 1 1 1 1 1 1 1 1 1 1 1 1 1 1 1 1
 70 70 59 48 48 39 45 45 38 38 32 16 16 9 3 3 1 1 1 1 1 1 1 1 1 1 1 2 2 3 4 4 3 3 2 2 2 2 2 2 2 2 2 2 2 2
 70 70 59 48 48 39 45 45 38 38 32 16 16 9 3 3 1 1 1 1 1 1 1 1 1 1 1 2 2 3 4 4 3 3 2 2 2 2 2 2 2 2 2 2 2 2
 67 67 48 45 45 37 34 34 36 36 30 21 21 8 4 4 2 2 2 1 1 2 1 1 1 1 1 2 2 5 3 3 3 3 3 2 2 4 3 3 3 3 4 3 3 3
 45 45 34 32 32 34 34 34 38 38 37 13 13 12 3 3 4 4 2 3 3 3 2 2 3 3 3 5 5 4 4 4 6 6 11 3 3 4 3 3 5 5 3 4 4 9
 45 45 34 32 32 34 34 34 38 38 37 13 13 12 3 3 4 4 2 3 3 3 2 2 3 3 3 5 5 4 4 4 6 6 11 3 3 4 3 3 5 5 3 4 4 9
 26 26 25 17 17 25 30 30 33 33 27 12 12 6 7 7 7 7 7 7 7 4 6 6 3 3 5 6 6 6 4 4 4 4 6 5 5 3 3 3 3 3 5 6 6 11
 26 26 25 17 17 25 30 30 33 33 27 12 12 6 7 7 7 7 7 7 7 4 6 6 3 3 5 6 6 6 4 4 4 4 6 5 5 3 3 3 3 3 5 6 6 11
 24 24 16 20 20 24 28 28 30 30 25 14 14 5 7 7 7 7 7 10 10 11 9 9 3 3 4 4 4 3 3 3 2 2 5 4 4 4 4 4 5 5 7 6 6 8
 28 28 21 22 22 22 26 26 26 26 23 15 15 11 5 5 6 6 7 5 5 6 3 3 1 1 2 2 2 2 2 2 3 3 8 6 6 4 6 6 5 5 4 3 3 6
 28 28 21 22 22 22 26 26 26 26 23 15 15 11 5 5 6 6 7 5 5 6 3 3 1 1 2 2 2 2 2 2 3 3 8 6 6 4 6 6 5 5 4 3 3 6
 46 46 63 54 54 17 17 17 36 36 18 15 15 11 6 6 8 8 6 1 1 2 2 2 2 2 2 2 2 3 6 6 12 12 10 10 10 6 3 3 2 2 2 2 2 4
 26 26 60 55 55 18 25 25 42 42 35 20 20 13 12 12 9 9 4 2 2 2 3 3 3 3 3 4 4 4 5 5 11 11 9 17 17 4 2 2 1 1 1 0 0 1
 26 26 60 55 55 18 25 25 42 42 35 20 20 13 12 12 9 9 4 2 2 2 3 3 3 3 3 4 4 4 5 5 11 11 9 17 17 4 2 2 1 1 1 0 0 1
 17 17 21 21 21 24 33 33 39 39 41 30 30 17 13 13 6 6 3 1 1 1 4 4 1 1 2 2 2 4 3 3 7 7 7 5 5 5 3 3 1 1 0 0 0 0
 17 17 21 21 21 24 33 33 39 39 41 30 30 17 13 13 6 6 3 1 1 1 4 4 1 1 2 2 2 4 3 3 7 7 7 5 5 5 3 3 1 1 0 0 0 0
 17 17 17 19 19 25 29 29 34 34 33 28 28 13 10 10 7 7 2 0 0 1 0 0 1 1 2 2 2 3 3 3 5 5 3 3 3 3 2 2 1 1 0 0 0 0
 21 21 22 23 23 25 22 22 20 20 22 34 34 27 10 10 4 4 2 1 1 0 0 0 1 1 0 1 1 4 2 2 1 1 1 1 1 2 1 1 0 0 0 0 0 0
 21 21 22 23 23 25 22 22 20 20 22 34 34 27 10 10 4 4 2 1 1 0 0 0 1 1 0 1 1 4 2 2 1 1 1 1 1 2 1 1 0 0 0 0 0 0
 23 23 22 26 26 26 26 26 20 20 27 50 50 51 7 7 4 4 2 1 1 0 0 0 0 0 1 3 3 3 1 1 1 1 1 0 0 0 0 0 0 0 0 0 0 0
 20 20 27 25 25 26 26 26 24 24 24 38 38 43 17 17 5 5 6 7 7 4 3 3 5 5 3 1 1 0 0 0 0 0 0 0 0 0 0 0 0 0 0 0 0 1
 20 20 27 25 25 26 26 26 24 24 24 38 38 43 17 17 5 5 6 7 7 4 3 3 5 5 3 1 1 0 0 0 0 0 0 0 0 0 0 0 0 0 0 0 0 1
 32 32 25 25 25 28 30 30 28 28 28 38 38 60 16 16 9 9 14 12 12 9 9 9 9 9 8 4 4 0 0 0 0 0 0 0 0 0 0 0 0 0 1 1 1 2
 32 32 25 25 25 28 30 30 28 28 28 38 38 60 16 16 9 9 14 12 12 9 9 9 9 9 8 4 4 0 0 0 0 0 0 0 0 0 0 0 0 0 1 1 1 2
 28 28 23 28 28 33 35 35 31 31 42 42 42 37 11 11 15 15 21 28 28 32 18 18 15 15 7 3 3 0 0 0 0 0 0 0 0 2 0 0 1 1 1 2 2 3
 32 32 25 29 29 34 40 40 61 61 66 35 35 21 11 11 20 20 29 33 33 26 27 27 21 21 16 14 14 3 1 1 0 0 0 0 0 0 0 0 1 1 2 3 3 4
 32 32 25 29 29 34 40 40 61 61 66 35 35 21 11 11 20 20 29 33 33 26 27 27 21 21 16 14 14 3 1 1 0 0 0 0 0 0 0 0 1 1 2 3 3 4
 30 30 30 33 33 33 33 33 37 37 48 34 34 22 16 16 17 17 25 33 33 30 30 30 21 21 21 20 20 7 2 2 2 2 0 1 1 0 0 0 1 1 3 3 3 4
 40 40 28 30 30 30 32 32 33 33 32 25 25 27 26 26 28 28 28 38 38 31 32 32 27 27 21 20 20 12 8 8 7 7 2 0 0 0 0 0 1 1 2 3 3 3
 40 40 28 30 30 30 32 32 33 33 32 25 25 27 26 26 28 28 28 38 38 31 32 32 27 27 21 20 20 12 8 8 7 7 2 0 0 0 0 0 1 1 2 3 3 3
 38 38 34 30 30 29 33 33 37 37 28 29 29 28 31 31 30 30 39 42 42 33 30 30 27 27 22 16 16 12 10 10 3 3 3 1 1 1 0 0 1 1 2 2 2 3
 38 38 34 30 30 29 33 33 37 37 28 29 29 28 31 31 30 30 39 42 42 33 30 30 27 27 22 16 16 12 10 10 3 3 3 1 1 1 0 0 1 1 2 2 2 3
 41 41 43 31 31 29 37 37 39 39 42 36 36 36 44 44 43 43 66 34 34 58 38 38 31 31 21 14 14 16 12 12 9 9 5 3 3 4 2 2 1 1 1 2 2 3
 42 42 43 30 30 32 40 40 39 39 46 47 47 53 65 65 45 45 66 37 37 46 45 45 33 33 26 12 12 20 20 20 12 12 6 5 5 3 2 2 1 1 2 1 1 2
 42 42 43 30 30 32 40 40 39 39 46 47 47 53 65 65 45 45 66 37 37 46 45 45 33 33 26 12 12 20 20 20 12 12 6 5 5 3 2 2 1 1 2 1 1 2
 29 29 35 34 34 35 31 31 36 36 43 46 46 58 55 55 67 67 58 52 52 36 38 38 29 29 25 12 12 13 13 13 8 8 8 2 2 3 2 2 3 3 1 1 1 1
 17 17 22 29 29 30 36 36 40 40 40 40 40 41 37 37 38 38 65 63 63 73 31 31 28 28 22 20 20 10 7 7 12 12 6 3 3 2 3 3 3 3 1 0 0 0
 17 17 22 29 29 30 36 36 40 40 40 40 40 41 37 37 38 38 65 63 63 73 31 31 28 28 22 20 20 10 7 7 12 12 6 3 3 2 3 3 3 3 1 0 0 0
 22 22 18 21 21 33 32 32 43 43 35 41 41 40 55 55 53 53 23 16 16 18 39 39 31 31 44 15 15 10 7 7 8 8 7 5 5 4 5 5 4 4 0 0 0 0
 22 22 18 21 21 33 32 32 43 43 35 41 41 40 55 55 53 53 23 16 16 18 39 39 31 31 44 15 15 10 7 7 8 8 7 5 5 4 5 5 4 4 0 0 0 0
 21 21 20 24 24 28 26 26 34 34 35 38 38 38 36 36 29 29 21 19 19 24 40 40 27 27 37 19 19 18 8 8 8 8 8 7 7 6 4 4 4 4 2 0 0 0
 19 19 18 21 21 20 23 23 27 27 29 33 33 36 36 36 30 30 32 32 32 37 73 73 40 40 33 33 33 22 13 13 11 11 10 13 13 16 12 12 7 7 2 1 1 1
 19 19 18 21 21 20 23 23 27 27 29 33 33 36 36 36 30 30 32 32 32 37 73 73 40 40 33 33 33 22 13 13 11 11 10 13 13 16 12 12 7 7 2 1 1 1
 15 15 17 21 21 19 19 19 21 21 25 26 26 29 28 28 31 31 34 36 36 39 52 52 39 39 37 44 44 28 27 27 23 23 29 23 23 21 11 11 8 8 3 1 1 0
 18 18 15 16 16 14 18 18 16 16 21 24 24 32 32 32 30 30 34 35 35 37 44 44 38 38 43 40 40 39 35 35 30 30 25 28 28 15 11 11 9 9 3 1 1 0
 18 18 15 16 16 14 18 18 16 16 21 24 24 32 32 32 30 30 34 35 35 37 44 44 38 38 43 40 40 39 35 35 30 30 25 28 28 15 11 11 9 9 3 1 1 0
 19 19 24 18 18 14 17 17 18 18 21 23 23 30 26 26 31 31 29 28 28 34 47 47 43 43 46 47 47 41 56 56 39 39 33 27 27 22 9 9 7 7 5 2 2 0
 19 19 24 18 18 14 17 17 18 18 21 23 23 30 26 26 31 31 29 28 28 34 47 47 43 43 46 47 47 41 56 56 39 39 33 27 27 22 9 9 7 7 5 2 2 0
 40 40 19 15 15 16 20 20 21 21 25 22 22 26 27 27 30 30 33 25 25 25 38 38 34 34 46 49 49 73 37 37 38 38 42 32 32 22 10 10 9 9 5 3 3 1
 55 55 27 20 20 23 21 21 21 21 26 24 24 26 32 32 28 28 27 19 19 20 31 31 35 35 41 52 52 58 83 83 66 66 41 29 29 18 11 11 8 8 7 4 4 3
 55 55 27 20 20 23 21 21 21 21 26 24 24 26 32 32 28 28 27 19 19 20 31 31 35 35 41 52 52 58 83 83 66 66 41 29 29 18 11 11 8 8 7 4 4 3
 50 50 30 27 27 25 23 23 26 26 35 37 37 30 31 31 24 24 20 20 20 21 20 20 31 31 49 50 50 64 95 95 113 113 43 33 33 19 14 14 12 12 12 6 6 4
 55 55 46 37 37 34 36 36 37 37 42 46 46 49 30 30 22 22 22 19 19 18 20 20 34 34 32 36 36 65 89 89 102 102 46 42 42 23 14 14 15 15 12 5 5 1
 55 55 46 37 37 34 36 36 37 37 42 46 46 49 30 30 22 22 22 19 19 18 20 20 34 34 32 36 36 65 89 89 102 102 46 42 42 23 14 14 15 15 12 5 5 1
 100 100 94 68 68 53 55 55 55 55 48 61 61 51 35 35 30 30 25 24 24 19 17 17 23 23 26 40 40 85 47 47 68 68 185 44 44 33 16 16 9 9 6 1 1 0
 100 100 94 68 68 53 55 55 55 55 48 61 61 51 35 35 30 30 25 24 24 19 17 17 23 23 26 40 40 85 47 47 68 68 185 44 44 33 16 16 9 9 6 1 1 0
 114 114 115 97 97 87 68 68 54 54 49 67 67 52 52 52 47 47 28 22 22 18 14 14 23 23 20 22 22 35 65 65 66 66 65 56 56 31 18 18 12 12 7 1 1 2
 58 58 59 68 68 60 46 46 59 59 53 41 41 38 55 55 47 47 30 23 23 18 15 15 20 20 20 14 14 22 28 28 70 70 33 39 39 27 21 21 18 18 6 4 4 2
 58 58 59 68 68 60 46 46 59 59 53 41 41 38 55 55 47 47 30 23 23 18 15 15 20 20 20 14 14 22 28 28 70 70 33 39 39 27 21 21 18 18 6 4 4 2
 33 33 38 46 46 54 50 50 51 51 30 18 18 23 32 32 32 32 23 23 23 16 24 24 21 21 11 14 14 16 28 28 42 42 35 33 33 27 26 26 23 23 18 11 11 5
 22 22 30 43 43 51 57 57 47 47 25 20 20 15 19 19 16 16 14 18 18 24 20 20 20 20 13 21 21 18 17 17 23 23 35 27 27 28 29 29 24 24 21 17 17 5
 22 22 30 43 43 51 57 57 47 47 25 20 20 15 19 19 16 16 14 18 18 24 20 20 20 20 13 21 21 18 17 17 23 23 35 27 27 28 29 29 24 24 21 17 17 5
 18 18 23 33 33 45 50 50 38 38 24 19 19 16 14 14 12 12 11 20 20 21 23 23 15 15 18 19 19 13 15 15 19 19 34 28 28 38 44 44 40 40 26 15 15 5
 18 18 23 33 33 45 50 50 38 38 24 19 19 16 14 14 12 12 11 20 20 21 23 23 15 15 18 19 19 13 15 15 19 19 34 28 28 38 44 44 40 40 26 15 15 5
 23 23 30 31 31 27 28 28 23 23 22 16 16 16 13 13 13 13 15 17 17 18 26 26 30 30 18 19 19 24 12 12 15 15 22 26 26 30 37 37 39 39 27 19 19 9
 25 25 29 33 33 18 10 10 13 13 17 14 14 14 13 13 14 14 10 16 16 17 18 18 19 19 20 33 33 41 18 18 14 14 20 15 15 20 23 23 29 29 24 24 24 13
 25 25 29 33 33 18 10 10 13 13 17 14 14 14 13 13 14 14 10 16 16 17 18 18 19 19 20 33 33 41 18 18 14 14 20 15 15 20 23 23 29 29 24 24 24 13
 8 8 11 15 15 9 7 7 11 11 10 13 13 11 8 8 10 10 10 12 12 12 12 12 15 15 23 22 22 34 16 16 12 12 14 8 8 7 15 15 10 10 10 29 29 20
 4 4 5 6 6 7 8 8 11 11 10 11 11 9 6 6 10 10 12 15 15 12 16 16 19 19 19 12 12 8 9 9 11 11 6 5 5 7 6 6 2 2 6 3 3 13
