assets/RAT_results/precipitation/2021-11-13_IMERG.asc
ncols        46
nrows        77
xllcorner    74.800261325624
yllcorner    8.058333333333
cellsize     0.062500000000
NODATA_value -9999
 12 12 13 12 12 29 27 27 32 32 35 16 16 12 8 8 8 8 8 8 8 5 4 4 4 4 3 1 1 1 1 1 1 1 1 1 1 1 1 1 1 1 0 1 1 0
 21 21 21 34 34 32 34 34 33 33 31 16 16 26 12 12 12 12 15 18 18 12 13 13 11 11 7 5 5 2 1 1 1 1 2 2 2 2 2 2 2 2 2 2 2 3
 21 21 21 34 34 32 34 34 33 33 31 16 16 26 12 12 12 12 15 18 18 12 13 13 11 11 7 5 5 2 1 1 1 1 2 2 2 2 2 2 2 2 2 2 2 3
 21 21 22 22 22 30 28 28 33 33 37 27 27 28 12 12 15 15 19 21 21 20 25 25 19 19 19 16 16 18 2 2 2 2 2 4 4 5 4 4 4 4 21 22 22 12
 18 18 18 21 21 29 27 27 18 18 20 21 21 22 16 16 22 22 23 20 20 25 29 29 38 38 22 22 22 25 25 25 19 19 14 8 8 12 15 15 15 15 23 25 25 13
 18 18 18 21 21 29 27 27 18 18 20 21 21 22 16 16 22 22 23 20 20 25 29 29 38 38 22 22 22 25 25 25 19 19 14 8 8 12 15 15 15 15 23 25 25 13
 21 21 19 18 18 15 12 12 13 13 18 17 17 21 13 13 14 14 17 18 18 21 37 37 20 20 27 27 27 47 40 40 35 35 25 11 11 12 18 18 16 16 13 31 31 30
 21 21 19 18 18 15 12 12 13 13 18 17 17 21 13 13 14 14 17 18 18 21 37 37 20 20 27 27 27 47 40 40 35 35 25 11 11 12 18 18 16 16 13 31 31 30
 18 18 21 21 21 37 20 20 7 7 8 8 8 13 13 13 12 12 20 21 21 28 28 28 28 28 39 36 36 49 40 40 38 38 27 17 17 15 23 23 19 19 21 31 31 28
 5 5 14 30 30 32 21 21 6 6 5 7 7 5 6 6 7 7 15 19 19 28 24 24 26 26 34 44 44 46 42 42 33 33 32 30 30 17 24 24 21 21 22 26 26 33
 5 5 14 30 30 32 21 21 6 6 5 7 7 5 6 6 7 7 15 19 19 28 24 24 26 26 34 44 44 46 42 42 33 33 32 30 30 17 24 24 21 21 22 26 26 33
 3 3 9 10 10 11 8 8 9 9 6 7 7 7 7 7 6 6 16 27 27 27 19 19 25 25 23 28 28 44 32 32 28 28 40 31 31 22 22 22 24 24 18 18 18 19
 3 3 7 7 7 18 9 9 16 16 12 9 9 9 8 8 7 7 7 8 8 10 10 10 10 10 24 26 26 30 31 31 32 32 35 31 31 18 16 16 16 16 13 16 16 20
 3 3 7 7 7 18 9 9 16 16 12 9 9 9 8 8 7 7 7 8 8 10 10 10 10 10 24 26 26 30 31 31 32 32 35 31 31 18 16 16 16 16 13 16 16 20
 13 13 11 7 7 12 19 19 19 19 15 8 8 11 12 12 11 11 0 1 1 8 9 9 10 10 5 6 6 6 7 7 7 7 12 11 11 17 18 18 16 16 14 13 13 16
 13 13 11 7 7 12 19 19 19 19 15 8 8 11 12 12 11 11 0 1 1 8 9 9 10 10 5 6 6 6 7 7 7 7 12 11 11 17 18 18 16 16 14 13 13 16
 19 19 11 9 9 6 13 13 14 14 12 10 10 13 11 11 10 10 0 0 0 0 1 1 1 1 1 2 2 3 6 6 7 7 8 12 12 15 22 22 23 23 15 8 8 21
 10 10 7 6 6 4 13 13 12 12 12 10 10 10 10 10 6 6 0 0 0 0 0 0 0 0 1 1 1 2 4 4 6 6 10 12 12 12 10 10 19 19 11 8 8 7
 10 10 7 6 6 4 13 13 12 12 12 10 10 10 10 10 6 6 0 0 0 0 0 0 0 0 1 1 1 2 4 4 6 6 10 12 12 12 10 10 19 19 11 8 8 7
 4 4 3 3 3 3 3 3 10 10 10 10 10 8 8 8 9 9 0 0 0 0 0 0 0 0 0 1 1 1 2 2 5 5 5 7 7 7 7 7 5 5 7 3 3 4
 2 2 3 3 3 3 3 3 10 10 10 11 11 10 9 9 8 8 3 1 1 9 3 3 0 0 0 0 0 1 2 2 3 3 4 4 4 4 8 8 6 6 6 11 11 10
 2 2 3 3 3 3 3 3 10 10 10 11 11 10 9 9 8 8 3 1 1 9 3 3 0 0 0 0 0 1 2 2 3 3 4 4 4 4 8 8 6 6 6 11 11 10
 2 2 2 6 6 5 3 3 9 9 11 8 8 6 6 6 6 6 10 12 12 8 4 4 0 0 0 0 0 5 1 1 2 2 1 3 3 3 5 5 4 4 3 6 6 7
 2 2 2 6 6 5 3 3 9 9 11 8 8 6 6 6 6 6 10 12 12 8 4 4 0 0 0 0 0 5 1 1 2 2 1 3 3 3 5 5 4 4 3 6 6 7
 1 1 1 7 7 11 6 6 6 6 12 8 8 6 6 6 7 7 9 13 13 10 14 14 7 7 10 10 10 6 0 0 0 0 0 1 1 2 2 2 1 1 5 5 5 7
 6 6 6 8 8 8 6 6 4 4 5 7 7 6 9 9 9 9 11 12 12 13 22 22 22 22 26 11 11 9 1 1 0 0 0 0 0 0 0 0 0 0 1 1 1 2
 6 6 6 8 8 8 6 6 4 4 5 7 7 6 9 9 9 9 11 12 12 13 22 22 22 22 26 11 11 9 1 1 0 0 0 0 0 0 0 0 0 0 1 1 1 2
 4 4 6 8 8 11 14 14 11 11 5 4 4 7 12 12 14 14 12 14 14 17 21 21 26 26 33 16 16 10 3 3 2 2 1 1 1 0 0 0 0 0 0 0 0 1
 5 5 9 9 9 9 7 7 6 6 6 8 8 6 12 12 14 14 15 19 19 16 21 21 22 22 15 15 15 2 2 2 2 2 2 0 0 0 0 0 0 0 0 0 0 0
 5 5 9 9 9 9 7 7 6 6 6 8 8 6 12 12 14 14 15 19 19 16 21 21 22 22 15 15 15 2 2 2 2 2 2 0 0 0 0 0 0 0 0 0 0 0
 7 7 7 4 4 4 8 8 8 8 10 8 8 10 12 12 15 15 17 12 12 20 16 16 11 11 2 2 2 1 0 0 0 0 0 0 0 0 0 0 0 0 0 0 0 0
 7 7 7 4 4 4 8 8 8 8 10 8 8 10 12 12 15 15 17 12 12 20 16 16 11 11 2 2 2 1 0 0 0 0 0 0 0 0 0 0 0 0 0 0 0 0
 6 6 5 4 4 5 6 6 9 9 15 10 10 12 11 11 14 14 14 10 10 11 9 9 7 7 0 0 0 0 0 0 0 0 0 0 0 0 0 0 0 0 0 0 0 0
 8 8 5 7 7 9 14 14 21 21 24 16 16 12 14 14 14 14 15 15 15 15 6 6 3 3 2 0 0 0 0 0 0 0 0 0 0 0 0 0 0 0 0 0 0 0
 8 8 5 7 7 9 14 14 21 21 24 16 16 12 14 14 14 14 15 15 15 15 6 6 3 3 2 0 0 0 0 0 0 0 0 0 0 0 0 0 0 0 0 0 0 0
 8 8 14 14 14 13 19 19 20 20 59 68 68 34 25 25 28 28 26 19 19 16 7 7 3 3 2 0 0 0 0 0 0 0 0 0 0 0 0 0 0 0 0 0 0 1
 8 8 14 17 17 15 19 19 15 15 16 41 41 47 27 27 43 43 32 26 26 15 12 12 3 3 3 1 1 1 0 0 0 0 0 0 0 0 0 0 0 0 0 0 0 1
 8 8 14 17 17 15 19 19 15 15 16 41 41 47 27 27 43 43 32 26 26 15 12 12 3 3 3 1 1 1 0 0 0 0 0 0 0 0 0 0 0 0 0 0 0 1
 15 15 14 11 11 14 16 16 18 18 23 26 26 31 34 34 28 28 45 30 30 17 14 14 9 9 6 1 1 1 3 3 2 2 3 2 2 1 0 0 0 0 1 1 1 0
 15 15 14 11 11 14 16 16 18 18 23 26 26 31 34 34 28 28 45 30 30 17 14 14 9 9 6 1 1 1 3 3 2 2 3 2 2 1 0 0 0 0 1 1 1 0
 15 15 15 12 12 15 20 20 22 22 31 37 37 40 58 58 39 39 55 44 44 32 16 16 14 14 11 5 5 4 9 9 3 3 13 2 2 2 0 0 1 1 1 1 1 0
 10 10 10 9 9 12 15 15 24 24 35 34 34 36 51 51 42 42 56 58 58 33 28 28 23 23 13 12 12 3 9 9 14 14 13 5 5 5 0 0 1 1 1 1 1 0
 10 10 10 9 9 12 15 15 24 24 35 34 34 36 51 51 42 42 56 58 58 33 28 28 23 23 13 12 12 3 9 9 14 14 13 5 5 5 0 0 1 1 1 1 1 0
 8 8 10 10 10 13 18 18 24 24 34 36 36 53 52 52 57 57 59 48 48 39 32 32 23 23 11 10 10 13 12 12 11 11 11 4 4 5 0 0 1 1 3 2 2 1
 10 10 9 10 10 12 17 17 22 22 33 42 42 56 61 61 39 39 36 44 44 127 41 41 31 31 14 10 10 10 10 10 11 11 11 4 4 1 1 1 1 1 3 4 4 3
 10 10 9 10 10 12 17 17 22 22 33 42 42 56 61 61 39 39 36 44 44 127 41 41 31 31 14 10 10 10 10 10 11 11 11 4 4 1 1 1 1 1 3 4 4 3
 13 13 8 11 11 10 20 20 26 26 38 46 46 52 50 50 39 39 34 52 52 72 64 64 37 37 17 10 10 10 10 10 6 6 2 2 2 1 1 1 1 1 2 2 2 2
 13 13 8 11 11 10 20 20 26 26 38 46 46 52 50 50 39 39 34 52 52 72 64 64 37 37 17 10 10 10 10 10 6 6 2 2 2 1 1 1 1 1 2 2 2 2
 14 14 14 15 15 21 24 24 34 34 45 47 47 50 33 33 44 44 40 55 55 60 58 58 29 29 23 14 14 11 5 5 4 4 2 2 2 0 0 0 0 0 1 1 1 1
 14 14 18 18 18 27 28 28 44 44 49 46 46 43 56 56 34 34 43 64 64 67 81 81 37 37 28 21 21 19 9 9 9 9 2 1 1 1 0 0 0 0 0 0 0 1
 14 14 18 18 18 27 28 28 44 44 49 46 46 43 56 56 34 34 43 64 64 67 81 81 37 37 28 21 21 19 9 9 9 9 2 1 1 1 0 0 0 0 0 0 0 1
 13 13 19 23 23 26 29 29 39 39 36 45 45 54 39 39 46 46 35 46 46 50 46 46 29 29 23 11 11 10 10 10 6 6 3 2 2 1 3 3 1 1 1 0 0 0
 15 15 21 24 24 30 31 31 37 37 41 47 47 60 69 69 49 49 29 42 42 38 43 43 25 25 16 10 10 9 6 6 6 6 7 7 7 3 3 3 1 1 1 0 0 0
 15 15 21 24 24 30 31 31 37 37 41 47 47 60 69 69 49 49 29 42 42 38 43 43 25 25 16 10 10 9 6 6 6 6 7 7 7 3 3 3 1 1 1 0 0 0
 23 23 28 35 35 42 43 43 48 48 44 54 54 65 61 61 61 61 41 39 39 51 45 45 29 29 20 9 9 5 7 7 8 8 8 8 8 4 4 4 0 0 0 0 0 0
 23 23 28 35 35 42 43 43 48 48 44 54 54 65 61 61 61 61 41 39 39 51 45 45 29 29 20 9 9 5 7 7 8 8 8 8 8 4 4 4 0 0 0 0 0 0
 52 52 38 32 32 41 43 43 57 57 68 59 59 65 67 67 77 77 73 56 56 45 31 31 27 27 23 16 16 16 15 15 8 8 7 7 7 3 5 5 0 0 0 0 0 0
 50 50 34 31 31 43 40 40 73 73 87 77 77 67 81 81 76 76 83 29 29 26 19 19 18 18 20 16 16 14 15 15 7 7 6 4 4 3 1 1 0 0 0 0 0 0
 50 50 34 31 31 43 40 40 73 73 87 77 77 67 81 81 76 76 83 29 29 26 19 19 18 18 20 16 16 14 15 15 7 7 6 4 4 3 1 1 0 0 0 0 0 0
 25 25 31 28 28 27 25 25 65 65 72 80 80 58 63 63 45 45 38 25 25 25 16 16 18 18 25 12 12 15 13 13 9 9 5 2 2 2 0 0 0 0 0 0 0 0
 21 21 27 26 26 25 25 25 45 45 61 79 79 53 31 31 32 32 24 27 27 19 20 20 17 17 20 23 23 18 15 15 12 12 14 2 2 2 2 2 2 2 0 0 0 0
 21 21 27 26 26 25 25 25 45 45 61 79 79 53 31 31 32 32 24 27 27 19 20 20 17 17 20 23 23 18 15 15 12 12 14 2 2 2 2 2 2 2 0 0 0 0
 11 11 13 11 11 19 21 21 36 36 49 66 66 45 19 19 21 21 14 11 11 8 6 6 15 15 17 27 27 17 20 20 10 10 20 12 12 9 7 7 6 6 1 1 1 0
 11 11 13 11 11 19 21 21 36 36 49 66 66 45 19 19 21 21 14 11 11 8 6 6 15 15 17 27 27 17 20 20 10 10 20 12 12 9 7 7 6 6 1 1 1 0
 10 10 12 13 13 17 18 18 32 32 40 44 44 31 17 17 14 14 10 10 10 8 5 5 12 12 14 18 18 21 20 20 14 14 15 13 13 9 7 7 7 7 5 3 3 2
 12 12 14 14 14 15 27 27 23 23 29 11 11 13 11 11 8 8 9 7 7 7 6 6 11 11 13 18 18 21 22 22 20 20 21 18 18 25 23 23 13 13 10 6 6 5
 12 12 14 14 14 15 27 27 23 23 29 11 11 13 11 11 8 8 9 7 7 7 6 6 11 11 13 18 18 21 22 22 20 20 21 18 18 25 23 23 13 13 10 6 6 5
 22 22 21 19 19 18 14 14 22 22 24 9 9 7 7 7 7 7 8 7 7 7 10 10 9 9 15 11 11 30 31 31 28 28 28 24 24 19 24 24 18 18 15 12 12 11
 31 31 26 26 26 28 16 16 10 10 9 9 9 8 8 8 7 7 8 7 7 12 19 19 8 8 9 13 13 19 26 26 30 30 32 33 33 27 30 30 31 31 16 16 16 11
 31 31 26 26 26 28 16 16 10 10 9 9 9 8 8 8 7 7 8 7 7 12 19 19 8 8 9 13 13 19 26 26 30 30 32 33 33 27 30 30 31 31 16 16 16 11
 43 43 35 35 35 23 17 17 12 12 12 11 11 8 7 7 7 7 9 12 12 13 14 14 18 18 14 11 11 32 34 34 31 31 36 32 32 27 36 36 30 30 27 16 16 14
 43 43 35 35 35 23 17 17 12 12 12 11 11 8 7 7 7 7 9 12 12 13 14 14 18 18 14 11 11 32 34 34 31 31 36 32 32 27 36 36 30 30 27 16 16 14
 52 52 46 36 36 31 26 26 21 21 13 11 11 11 8 8 10 10 9 10 10 13 13 13 16 16 36 36 36 22 40 40 29 29 40 37 37 35 43 43 24 24 19 14 14 11
 70 70 53 37 37 32 26 26 20 20 15 12 12 13 9 9 9 9 8 7 7 11 12 12 14 14 11 14 14 17 19 19 26 26 31 24 24 33 36 36 32 32 20 14 14 11
 70 70 53 37 37 32 26 26 20 20 15 12 12 13 9 9 9 9 8 7 7 11 12 12 14 14 11 14 14 17 19 19 26 26 31 24 24 33 36 36 32 32 20 14 14 11
 64 64 45 39 39 37 41 41 35 35 18 12 12 13 9 9 11 11 7 7 7 7 7 7 10 10 13 12 12 9 10 10 24 24 22 21 21 23 32 32 26 26 18 14 14 9
 56 56 61 62 62 50 49 49 35 35 21 16 16 12 9 9 7 7 6 5 5 6 5 5 6 6 8 10 10 12 13 13 13 13 14 11 11 24 23 23 19 19 12 8 8 8
