assets/RAT_results/precipitation/2021-07-08_IMERG.asc
ncols        46
nrows        77
xllcorner    74.800261325624
yllcorner    8.058333333333
cellsize     0.062500000000
NODATA_value -9999
 42 42 31 15 15 8 2 2 3 3 3 4 4 2 2 2 2 2 4 6 6 4 4 4 3 3 3 3 3 2 2 2 2 2 3 4 4 5 5 5 5 5 6 7 7 10
 31 31 31 19 19 9 7 7 2 2 2 3 3 2 3 3 3 3 4 4 4 3 2 2 2 2 4 3 3 2 2 2 3 3 3 4 4 5 5 5 7 7 6 6 6 10
 31 31 31 19 19 9 7 7 2 2 2 3 3 2 3 3 3 3 4 4 4 3 2 2 2 2 4 3 3 2 2 2 3 3 3 4 4 5 5 5 7 7 6 6 6 10
 38 38 35 20 20 12 9 9 5 5 3 2 2 3 3 3 2 2 3 2 2 3 3 3 4 4 4 3 3 3 3 3 4 4 4 4 4 4 5 5 6 6 6 5 5 6
 29 29 45 41 41 21 9 9 11 11 7 6 6 2 1 1 1 1 2 1 1 2 3 3 3 3 2 2 2 3 5 5 4 4 4 4 4 4 5 5 6 6 5 6 6 5
 29 29 45 41 41 21 9 9 11 11 7 6 6 2 1 1 1 1 2 1 1 2 3 3 3 3 2 2 2 3 5 5 4 4 4 4 4 4 5 5 6 6 5 6 6 5
 20 20 20 31 31 22 8 8 8 8 2 2 2 1 0 0 1 1 2 1 1 2 2 2 2 2 2 2 2 3 4 4 4 4 3 4 4 4 8 8 12 12 10 13 13 9
 20 20 20 31 31 22 8 8 8 8 2 2 2 1 0 0 1 1 2 1 1 2 2 2 2 2 2 2 2 3 4 4 4 4 3 4 4 4 8 8 12 12 10 13 13 9
 27 27 17 27 27 22 14 14 13 13 7 1 1 1 1 1 1 1 1 1 1 2 4 4 4 4 3 3 3 3 2 2 4 4 4 4 4 4 4 4 6 6 8 8 8 10
 27 27 25 26 26 21 20 20 13 13 7 1 1 1 1 1 1 1 1 1 1 2 3 3 4 4 4 5 5 2 2 2 3 3 3 3 3 4 4 4 4 4 5 5 5 6
 27 27 25 26 26 21 20 20 13 13 7 1 1 1 1 1 1 1 1 1 1 2 3 3 4 4 4 5 5 2 2 2 3 3 3 3 3 4 4 4 4 4 5 5 5 6
 37 37 35 23 23 22 19 19 12 12 9 1 1 1 2 2 1 1 1 1 1 1 2 2 2 2 2 2 2 2 2 2 2 2 3 4 4 4 4 4 5 5 5 5 5 6
 41 41 31 29 29 28 25 25 10 10 2 2 2 1 2 2 2 2 1 1 1 2 2 2 2 2 1 1 1 2 2 2 3 3 3 4 4 6 6 6 7 7 6 7 7 7
 41 41 31 29 29 28 25 25 10 10 2 2 2 1 2 2 2 2 1 1 1 2 2 2 2 2 1 1 1 2 2 2 3 3 3 4 4 6 6 6 7 7 6 7 7 7
 39 39 40 24 24 26 28 28 14 14 3 2 2 1 1 1 1 1 1 1 1 2 2 2 2 2 2 2 2 2 3 3 3 3 4 6 6 8 8 8 9 9 7 7 7 8
 39 39 40 24 24 26 28 28 14 14 3 2 2 1 1 1 1 1 1 1 1 2 2 2 2 2 2 2 2 2 3 3 3 3 4 6 6 8 8 8 9 9 7 7 7 8
 44 44 43 27 27 28 17 17 14 14 6 3 3 3 2 2 2 2 2 2 2 3 3 3 4 4 5 3 3 3 3 3 4 4 4 6 6 8 9 9 9 9 9 8 8 9
 56 56 67 71 71 32 18 18 12 12 10 4 4 2 2 2 2 2 1 2 2 2 2 2 3 3 3 3 3 3 4 4 4 4 5 6 6 8 9 9 9 9 10 9 9 9
 56 56 67 71 71 32 18 18 12 12 10 4 4 2 2 2 2 2 1 2 2 2 2 2 3 3 3 3 3 3 4 4 4 4 5 6 6 8 9 9 9 9 10 9 9 9
 36 36 41 57 57 28 16 16 9 9 5 4 4 4 2 2 2 2 2 3 3 2 3 3 3 3 3 4 4 5 5 5 5 5 5 6 6 7 8 8 8 8 9 10 10 11
 32 32 36 24 24 29 17 17 11 11 9 6 6 6 5 5 4 4 4 4 4 4 4 4 4 4 4 6 6 7 7 7 5 5 4 5 5 6 7 7 7 7 8 7 7 8
 32 32 36 24 24 29 17 17 11 11 9 6 6 6 5 5 4 4 4 4 4 4 4 4 4 4 4 6 6 7 7 7 5 5 4 5 5 6 7 7 7 7 8 7 7 8
 25 25 20 16 16 17 17 17 12 12 11 5 5 6 6 6 2 2 3 3 3 3 3 3 3 3 4 5 5 6 5 5 4 4 4 4 4 4 5 5 6 6 7 6 6 6
 25 25 20 16 16 17 17 17 12 12 11 5 5 6 6 6 2 2 3 3 3 3 3 3 3 3 4 5 5 6 5 5 4 4 4 4 4 4 5 5 6 6 7 6 6 6
 23 23 19 26 26 17 16 16 6 6 6 5 5 7 5 5 4 4 2 2 2 3 2 2 2 2 2 4 4 4 3 3 3 3 3 4 4 4 4 4 5 5 4 4 4 5
 22 22 20 25 25 37 31 31 29 29 4 4 4 3 7 7 4 4 2 2 2 2 2 2 2 2 3 3 3 5 3 3 3 3 3 3 3 4 4 4 4 4 5 3 3 4
 22 22 20 25 25 37 31 31 29 29 4 4 4 3 7 7 4 4 2 2 2 2 2 2 2 2 3 3 3 5 3 3 3 3 3 3 3 4 4 4 4 4 5 3 3 4
 20 20 25 25 25 28 35 35 30 30 3 3 3 3 3 3 3 3 3 2 2 2 2 2 3 3 3 4 4 4 3 3 3 3 2 2 2 3 4 4 5 5 5 4 4 4
 22 22 26 27 27 32 50 50 46 46 27 2 2 3 3 3 6 6 4 2 2 2 2 2 3 3 3 4 4 5 4 4 3 3 3 3 3 3 5 5 7 7 9 6 6 7
 22 22 26 27 27 32 50 50 46 46 27 2 2 3 3 3 6 6 4 2 2 2 2 2 3 3 3 4 4 5 4 4 3 3 3 3 3 3 5 5 7 7 9 6 6 7
 23 23 27 38 38 35 47 47 56 56 32 7 7 8 4 4 9 9 6 4 4 2 3 3 4 4 6 6 6 5 4 4 4 4 4 4 4 4 6 6 9 9 10 7 7 8
 23 23 27 38 38 35 47 47 56 56 32 7 7 8 4 4 9 9 6 4 4 2 3 3 4 4 6 6 6 5 4 4 4 4 4 4 4 4 6 6 9 9 10 7 7 8
 26 26 31 38 38 37 52 52 54 54 45 7 7 9 4 4 7 7 9 5 5 5 6 6 6 6 7 7 7 7 5 5 5 5 5 5 5 5 6 6 8 8 8 9 9 10
 34 34 34 37 37 51 53 53 58 58 14 14 14 9 4 4 4 4 8 8 8 5 5 5 5 5 7 8 8 9 7 7 10 10 5 5 5 4 4 4 6 6 6 7 7 7
 34 34 34 37 37 51 53 53 58 58 14 14 14 9 4 4 4 4 8 8 8 5 5 5 5 5 7 8 8 9 7 7 10 10 5 5 5 4 4 4 6 6 6 7 7 7
 30 30 35 38 38 41 57 57 64 64 12 8 8 3 3 3 4 4 6 7 7 8 6 6 6 6 18 8 8 8 6 6 6 6 4 3 3 3 3 3 5 5 5 6 6 5
 28 28 48 41 41 45 44 44 38 38 12 4 4 4 3 3 4 4 3 8 8 10 6 6 6 6 18 17 17 13 12 12 4 4 4 3 3 2 2 2 5 5 5 5 5 5
 28 28 48 41 41 45 44 44 38 38 12 4 4 4 3 3 4 4 3 8 8 10 6 6 6 6 18 17 17 13 12 12 4 4 4 3 3 2 2 2 5 5 5 5 5 5
 23 23 33 28 28 34 32 32 22 22 14 6 6 4 3 3 4 4 6 9 9 10 9 9 9 9 8 22 22 13 10 10 5 5 6 11 11 6 7 7 6 6 19 8 8 7
 23 23 33 28 28 34 32 32 22 22 14 6 6 4 3 3 4 4 6 9 9 10 9 9 9 9 8 22 22 13 10 10 5 5 6 11 11 6 7 7 6 6 19 8 8 7
 39 39 49 47 47 34 32 32 24 24 20 9 9 4 4 4 3 3 6 10 10 10 8 8 7 7 14 15 15 19 6 6 18 18 10 22 22 21 26 26 16 16 22 21 21 31
 45 45 65 51 51 67 33 33 24 24 19 18 18 5 7 7 5 5 7 6 6 10 12 12 10 10 14 22 22 22 17 17 19 19 22 23 23 28 30 30 30 30 28 38 38 31
 45 45 65 51 51 67 33 33 24 24 19 18 18 5 7 7 5 5 7 6 6 10 12 12 10 10 14 22 22 22 17 17 19 19 22 23 23 28 30 30 30 30 28 38 38 31
 25 25 80 80 80 88 38 38 27 27 21 18 18 14 7 7 5 5 6 6 6 10 17 17 19 19 19 27 27 29 16 16 18 18 22 26 26 27 24 24 31 31 48 39 39 29
 24 24 33 85 85 90 44 44 44 44 19 20 20 16 7 7 9 9 11 12 12 13 20 20 20 20 19 31 31 33 19 19 20 20 20 25 25 25 23 23 33 33 21 24 24 29
 24 24 33 85 85 90 44 44 44 44 19 20 20 16 7 7 9 9 11 12 12 13 20 20 20 20 19 31 31 33 19 19 20 20 20 25 25 25 23 23 33 33 21 24 24 29
 27 27 33 45 45 47 45 45 34 34 28 18 18 24 13 13 11 11 14 21 21 30 15 15 23 23 20 19 19 38 18 18 18 18 18 20 20 16 16 16 21 21 23 24 24 54
 27 27 33 45 45 47 45 45 34 34 28 18 18 24 13 13 11 11 14 21 21 30 15 15 23 23 20 19 19 38 18 18 18 18 18 20 20 16 16 16 21 21 23 24 24 54
 19 19 18 26 26 48 34 34 28 28 27 28 28 28 31 31 25 25 21 16 16 17 15 15 23 23 19 15 15 11 13 13 17 17 17 17 17 16 16 16 20 20 20 29 29 45
 17 17 22 22 22 29 26 26 31 31 31 24 24 25 40 40 29 29 33 21 21 16 14 14 15 15 12 12 12 11 14 14 15 15 12 12 12 12 12 12 21 21 22 45 45 42
 17 17 22 22 22 29 26 26 31 31 31 24 24 25 40 40 29 29 33 21 21 16 14 14 15 15 12 12 12 11 14 14 15 15 12 12 12 12 12 12 21 21 22 45 45 42
 19 19 21 19 19 25 20 20 28 28 26 27 27 20 22 22 15 15 18 19 19 13 14 14 15 15 19 13 13 12 12 12 13 13 11 12 12 11 9 9 10 10 25 23 23 16
 16 16 19 18 18 21 19 19 26 26 24 26 26 18 17 17 16 16 7 12 12 20 21 21 14 14 18 13 13 8 9 9 9 9 12 11 11 11 7 7 5 5 18 16 16 8
 16 16 19 18 18 21 19 19 26 26 24 26 26 18 17 17 16 16 7 12 12 20 21 21 14 14 18 13 13 8 9 9 9 9 12 11 11 11 7 7 5 5 18 16 16 8
 11 11 16 17 17 22 31 31 32 32 35 25 25 16 12 12 14 14 6 7 7 8 23 23 14 14 16 15 15 9 5 5 2 2 4 5 5 5 5 5 5 5 10 7 7 6
 11 11 16 17 17 22 31 31 32 32 35 25 25 16 12 12 14 14 6 7 7 8 23 23 14 14 16 15 15 9 5 5 2 2 4 5 5 5 5 5 5 5 10 7 7 6
 10 10 15 26 26 20 29 29 33 33 36 33 33 17 10 10 5 5 6 4 4 15 22 22 24 24 25 16 16 4 3 3 3 3 4 6 6 7 3 3 1 1 7 1 1 1
 10 10 14 24 24 21 25 25 28 28 37 30 30 18 14 14 11 11 11 7 7 7 13 13 21 21 19 12 12 12 6 6 8 8 4 2 2 2 0 0 0 0 0 1 1 1
 10 10 14 24 24 21 25 25 28 28 37 30 30 18 14 14 11 11 11 7 7 7 13 13 21 21 19 12 12 12 6 6 8 8 4 2 2 2 0 0 0 0 0 1 1 1
 9 9 7 15 15 11 18 18 27 27 32 34 34 32 21 21 12 12 4 5 5 8 10 10 14 14 13 10 10 8 3 3 3 3 3 1 1 0 0 0 0 0 1 1 1 0
 7 7 5 10 10 17 15 15 23 23 25 27 27 19 20 20 14 14 13 2 2 2 3 3 10 10 7 9 9 8 1 1 0 0 0 0 0 0 0 0 1 1 1 1 1 1
 7 7 5 10 10 17 15 15 23 23 25 27 27 19 20 20 14 14 13 2 2 2 3 3 10 10 7 9 9 8 1 1 0 0 0 0 0 0 0 0 1 1 1 1 1 1
 5 5 6 4 4 11 7 7 28 28 30 26 26 21 22 22 16 16 17 5 5 5 3 3 5 5 4 4 4 1 0 0 0 0 0 0 0 0 0 0 0 0 0 0 0 0
 5 5 6 4 4 11 7 7 28 28 30 26 26 21 22 22 16 16 17 5 5 5 3 3 5 5 4 4 4 1 0 0 0 0 0 0 0 0 0 0 0 0 0 0 0 0
 8 8 6 4 4 9 13 13 24 24 38 27 27 27 23 23 18 18 15 14 14 8 6 6 5 5 2 2 2 1 1 1 0 0 0 0 0 0 0 0 0 0 0 0 0 0
 5 5 4 4 4 5 13 13 18 18 35 34 34 25 20 20 21 21 14 17 17 11 11 11 10 10 6 4 4 1 1 1 1 1 0 0 0 0 0 0 0 0 0 0 0 0
 5 5 4 4 4 5 13 13 18 18 35 34 34 25 20 20 21 21 14 17 17 11 11 11 10 10 6 4 4 1 1 1 1 1 0 0 0 0 0 0 0 0 0 0 0 0
 5 5 5 8 8 6 9 9 19 19 27 31 31 24 14 14 11 11 8 7 7 11 11 11 22 22 21 4 4 0 1 1 1 1 0 0 0 0 0 0 0 0 0 0 0 0
 1 1 3 5 5 5 12 12 12 12 11 34 34 23 14 14 11 11 8 7 7 7 8 8 7 7 5 3 3 0 0 0 1 1 1 1 1 0 0 0 0 0 0 0 0 0
 1 1 3 5 5 5 12 12 12 12 11 34 34 23 14 14 11 11 8 7 7 7 8 8 7 7 5 3 3 0 0 0 1 1 1 1 1 0 0 0 0 0 0 0 0 0
 1 1 2 2 2 2 5 5 6 6 5 16 16 19 10 10 7 7 6 7 7 6 6 6 2 2 0 2 2 1 0 0 0 0 0 0 0 0 0 0 0 0 1 1 1 0
 1 1 2 2 2 2 5 5 6 6 5 16 16 19 10 10 7 7 6 7 7 6 6 6 2 2 0 2 2 1 0 0 0 0 0 0 0 0 0 0 0 0 1 1 1 0
 1 1 1 2 2 3 3 3 4 4 9 6 6 11 9 9 10 10 10 7 7 7 8 8 6 6 4 1 1 1 0 0 0 0 1 1 1 1 1 1 0 0 0 0 0 0
 1 1 1 0 0 1 2 2 2 2 6 6 6 9 9 9 11 11 11 8 8 11 14 14 10 10 4 1 1 0 0 0 0 0 0 0 0 1 0 0 0 0 0 0 0 0
 1 1 1 0 0 1 2 2 2 2 6 6 6 9 9 9 11 11 11 8 8 11 14 14 10 10 4 1 1 0 0 0 0 0 0 0 0 1 0 0 0 0 0 0 0 0
 0 0 0 3 3 3 3 3 1 1 5 10 10 9 12 12 15 15 16 14 14 10 14 14 15 15 16 11 11 6 4 4 0 0 0 0 0 0 0 0 1 1 0 0 0 0
 1 1 0 3 3 1 1 1 1 1 4 9 9 9 12 12 18 18 17 21 21 17 17 17 14 14 13 9 9 7 6 6 3 3 0 0 0 0 0 0 0 0 0 0 0 0
