assets/RAT_results/precipitation/2021-08-19_IMERG.asc
ncols        46
nrows        77
xllcorner    74.800261325624
yllcorner    8.058333333333
cellsize     0.062500000000
NODATA_value -9999
 2 2 2 0 0 1 2 2 2 2 4 9 9 5 1 1 1 1 1 1 1 0 0 0 0 0 0 0 0 2 2 2 2 2 5 4 4 3 2 2 3 3 3 2 2 2
 2 2 2 2 2 2 2 2 3 3 4 8 8 9 1 1 1 1 1 0 0 0 0 0 0 0 0 0 0 1 1 1 1 1 3 3 3 2 3 3 3 3 2 1 1 1
 2 2 2 2 2 2 2 2 3 3 4 8 8 9 1 1 1 1 1 0 0 0 0 0 0 0 0 0 0 1 1 1 1 1 3 3 3 2 3 3 3 3 2 1 1 1
 4 4 2 1 1 1 1 1 2 2 3 4 4 5 1 1 0 0 1 0 0 0 0 0 0 0 0 0 0 1 1 1 0 0 0 1 1 1 1 1 1 1 1 0 0 0
 4 4 3 2 2 1 1 1 6 6 1 3 3 4 1 1 1 1 0 0 0 0 0 0 0 0 0 0 0 0 0 0 0 0 0 0 0 0 0 0 0 0 0 0 0 0
 4 4 3 2 2 1 1 1 6 6 1 3 3 4 1 1 1 1 0 0 0 0 0 0 0 0 0 0 0 0 0 0 0 0 0 0 0 0 0 0 0 0 0 0 0 0
 8 8 2 2 2 1 1 1 5 5 17 11 11 1 1 1 0 0 0 0 0 0 0 0 1 1 1 1 1 3 1 1 0 0 0 0 0 0 0 0 0 0 0 0 0 0
 8 8 2 2 2 1 1 1 5 5 17 11 11 1 1 1 0 0 0 0 0 0 0 0 1 1 1 1 1 3 1 1 0 0 0 0 0 0 0 0 0 0 0 0 0 0
 3 3 1 5 5 2 0 0 0 0 8 14 14 4 1 1 1 1 0 0 0 0 0 0 1 1 1 0 0 1 3 3 0 0 0 0 0 0 0 0 0 0 0 0 0 0
 1 1 2 6 6 2 1 1 9 9 11 60 60 5 0 0 1 1 0 0 0 1 1 1 1 1 1 1 1 1 1 1 1 1 0 0 0 0 0 0 0 0 0 0 0 0
 1 1 2 6 6 2 1 1 9 9 11 60 60 5 0 0 1 1 0 0 0 1 1 1 1 1 1 1 1 1 1 1 1 1 0 0 0 0 0 0 0 0 0 0 0 0
 2 2 2 2 2 3 3 3 1 1 2 9 9 15 4 4 1 1 1 1 1 1 1 1 1 1 0 1 1 2 1 1 1 1 0 1 1 1 1 1 0 0 1 0 0 1
 3 3 10 7 7 7 5 5 3 3 2 2 2 1 1 1 1 1 1 1 1 1 1 1 1 1 0 0 0 1 0 0 0 0 1 2 2 3 5 5 1 1 0 0 0 0
 3 3 10 7 7 7 5 5 3 3 2 2 2 1 1 1 1 1 1 1 1 1 1 1 1 1 0 0 0 1 0 0 0 0 1 2 2 3 5 5 1 1 0 0 0 0
 6 6 9 5 5 2 5 5 4 4 3 2 2 1 0 0 0 0 0 1 1 0 0 0 0 0 0 0 0 0 0 0 1 1 2 1 1 1 2 2 1 1 0 0 0 0
 6 6 9 5 5 2 5 5 4 4 3 2 2 1 0 0 0 0 0 1 1 0 0 0 0 0 0 0 0 0 0 0 1 1 2 1 1 1 2 2 1 1 0 0 0 0
 15 15 4 3 3 3 4 4 3 3 3 2 2 1 0 0 0 0 0 0 0 0 0 0 1 1 3 0 0 0 0 0 1 1 1 1 1 1 1 1 0 0 0 0 0 1
 15 15 16 1 1 2 2 2 1 1 3 3 3 1 1 1 1 1 2 0 0 1 2 2 2 2 2 1 1 1 1 1 1 1 1 1 1 1 1 1 1 1 1 1 1 1
 15 15 16 1 1 2 2 2 1 1 3 3 3 1 1 1 1 1 2 0 0 1 2 2 2 2 2 1 1 1 1 1 1 1 1 1 1 1 1 1 1 1 1 1 1 1
 21 21 1 2 2 2 3 3 1 1 3 8 8 8 1 1 2 2 5 2 2 2 3 3 3 3 3 2 2 1 2 2 2 2 1 2 2 1 3 3 3 3 2 1 1 1
 22 22 2 2 2 2 1 1 1 1 4 7 7 8 4 4 2 2 10 58 58 5 3 3 3 3 2 6 6 2 3 3 3 3 4 3 3 3 4 4 2 2 2 1 1 0
 22 22 2 2 2 2 1 1 1 1 4 7 7 8 4 4 2 2 10 58 58 5 3 3 3 3 2 6 6 2 3 3 3 3 4 3 3 3 4 4 2 2 2 1 1 0
 3 3 3 2 2 1 1 1 1 1 3 1 1 4 4 4 3 3 3 13 13 12 4 4 5 5 4 5 5 9 6 6 7 7 7 3 3 2 3 3 2 2 2 2 2 0
 3 3 3 2 2 1 1 1 1 1 3 1 1 4 4 4 3 3 3 13 13 12 4 4 5 5 4 5 5 9 6 6 7 7 7 3 3 2 3 3 2 2 2 2 2 0
 5 5 3 2 2 1 1 1 0 0 1 4 4 6 5 5 8 8 8 11 11 11 6 6 4 4 5 4 4 7 6 6 6 6 2 2 2 2 2 2 1 1 1 0 0 0
 3 3 9 3 3 5 2 2 1 1 4 5 5 6 14 14 12 12 12 14 14 11 6 6 5 5 6 5 5 5 2 2 2 2 1 1 1 1 0 0 0 0 0 0 0 0
 3 3 9 3 3 5 2 2 1 1 4 5 5 6 14 14 12 12 12 14 14 11 6 6 5 5 6 5 5 5 2 2 2 2 1 1 1 1 0 0 0 0 0 0 0 0
 9 9 19 10 10 7 5 5 3 3 4 9 9 9 9 9 20 20 16 16 16 14 6 6 4 4 5 6 6 5 1 1 0 0 3 2 2 0 0 0 0 0 0 0 0 0
 6 6 13 11 11 7 5 5 9 9 9 10 10 8 8 8 14 14 12 15 15 14 6 6 4 4 4 5 5 2 4 4 2 2 3 2 2 0 0 0 1 1 1 0 0 0
 6 6 13 11 11 7 5 5 9 9 9 10 10 8 8 8 14 14 12 15 15 14 6 6 4 4 4 5 5 2 4 4 2 2 3 2 2 0 0 0 1 1 1 0 0 0
 2 2 10 7 7 6 5 5 7 7 7 5 5 4 4 4 10 10 11 13 13 11 7 7 5 5 4 4 4 3 2 2 2 2 2 0 0 0 0 0 1 1 0 0 0 0
 2 2 10 7 7 6 5 5 7 7 7 5 5 4 4 4 10 10 11 13 13 11 7 7 5 5 4 4 4 3 2 2 2 2 2 0 0 0 0 0 1 1 0 0 0 0
 2 2 3 8 8 9 7 7 4 4 4 4 4 3 5 5 8 8 13 10 10 9 7 7 5 5 5 4 4 2 2 2 3 3 2 0 0 0 0 0 0 0 0 0 0 0
 3 3 6 7 7 9 8 8 10 10 6 4 4 4 6 6 8 8 5 6 6 7 7 7 7 7 8 4 4 2 1 1 1 1 1 1 1 1 0 0 0 0 0 0 0 0
 3 3 6 7 7 9 8 8 10 10 6 4 4 4 6 6 8 8 5 6 6 7 7 7 7 7 8 4 4 2 1 1 1 1 1 1 1 1 0 0 0 0 0 0 0 0
 3 3 10 7 7 7 13 13 14 14 10 7 7 9 33 33 7 7 11 10 10 7 9 9 8 8 6 2 2 2 1 1 1 1 1 1 1 1 1 1 1 1 0 0 0 0
 4 4 8 7 7 9 27 27 21 21 11 14 14 24 55 55 31 31 10 4 4 5 5 5 5 5 4 3 3 2 2 2 1 1 1 1 1 0 0 0 0 0 0 0 0 0
 4 4 8 7 7 9 27 27 21 21 11 14 14 24 55 55 31 31 10 4 4 5 5 5 5 5 4 3 3 2 2 2 1 1 1 1 1 0 0 0 0 0 0 0 0 0
 5 5 6 9 9 11 26 26 18 18 8 9 9 33 63 63 44 44 9 10 10 3 3 3 3 3 3 3 3 3 3 3 2 2 1 1 1 0 0 0 0 0 0 0 0 1
 5 5 6 9 9 11 26 26 18 18 8 9 9 33 63 63 44 44 9 10 10 3 3 3 3 3 3 3 3 3 3 3 2 2 1 1 1 0 0 0 0 0 0 0 0 1
 6 6 7 9 9 14 16 16 20 20 11 11 11 36 30 30 20 20 6 3 3 3 3 3 2 2 1 1 1 2 2 2 2 2 2 2 2 1 0 0 0 0 2 2 2 3
 9 9 12 13 13 15 16 16 27 27 20 17 17 32 17 17 15 15 3 7 7 3 4 4 1 1 2 1 1 1 2 2 2 2 2 2 2 1 0 0 0 0 1 3 3 3
 9 9 12 13 13 15 16 16 27 27 20 17 17 32 17 17 15 15 3 7 7 3 4 4 1 1 2 1 1 1 2 2 2 2 2 2 2 1 0 0 0 0 1 3 3 3
 6 6 8 12 12 10 13 13 19 19 23 13 13 16 15 15 18 18 15 7 7 11 4 4 3 3 3 3 3 3 2 2 1 1 2 1 1 2 1 1 1 1 1 1 1 0
 3 3 6 8 8 11 9 9 8 8 10 12 12 11 13 13 17 17 19 9 9 7 3 3 3 3 5 5 5 3 2 2 3 3 2 2 2 2 1 1 0 0 0 0 0 0
 3 3 6 8 8 11 9 9 8 8 10 12 12 11 13 13 17 17 19 9 9 7 3 3 3 3 5 5 5 3 2 2 3 3 2 2 2 2 1 1 0 0 0 0 0 0
 3 3 4 10 10 20 6 6 13 13 12 11 11 9 12 12 7 7 8 8 8 1 3 3 7 7 7 3 3 2 2 2 3 3 2 2 2 1 1 1 0 0 1 0 0 0
 3 3 4 10 10 20 6 6 13 13 12 11 11 9 12 12 7 7 8 8 8 1 3 3 7 7 7 3 3 2 2 2 3 3 2 2 2 1 1 1 0 0 1 0 0 0
 3 3 3 5 5 12 7 7 15 15 9 9 9 9 10 10 9 9 5 3 3 1 1 1 3 3 5 4 4 1 1 1 1 1 1 1 1 0 0 0 0 0 0 0 0 0
 3 3 3 5 5 9 15 15 11 11 9 9 9 11 14 14 8 8 2 1 1 1 1 1 3 3 4 1 1 0 0 0 0 0 1 0 0 1 0 0 0 0 0 0 0 0
 3 3 3 5 5 9 15 15 11 11 9 9 9 11 14 14 8 8 2 1 1 1 1 1 3 3 4 1 1 0 0 0 0 0 1 0 0 1 0 0 0 0 0 0 0 0
 2 2 3 4 4 10 19 19 12 12 4 10 10 18 12 12 6 6 3 1 1 1 1 1 4 4 5 3 3 1 1 1 0 0 1 1 1 0 0 0 0 0 0 0 0 0
 1 1 4 8 8 9 17 17 10 10 4 7 7 8 17 17 7 7 2 0 0 1 1 1 3 3 6 5 5 1 1 1 0 0 1 1 1 0 0 0 0 0 0 0 0 0
 1 1 4 8 8 9 17 17 10 10 4 7 7 8 17 17 7 7 2 0 0 1 1 1 3 3 6 5 5 1 1 1 0 0 1 1 1 0 0 0 0 0 0 0 0 0
 2 2 3 6 6 3 8 8 8 8 3 4 4 5 13 13 3 3 2 3 3 3 1 1 1 1 4 7 7 0 0 0 0 0 0 1 1 0 1 1 1 1 1 0 0 0
 2 2 3 6 6 3 8 8 8 8 3 4 4 5 13 13 3 3 2 3 3 3 1 1 1 1 4 7 7 0 0 0 0 0 0 1 1 0 1 1 1 1 1 0 0 0
 2 2 2 2 2 1 2 2 5 5 3 2 2 1 1 1 1 1 3 3 3 3 1 1 3 3 3 3 3 0 0 0 0 0 0 0 0 0 1 1 0 0 0 0 0 0
 1 1 1 0 0 1 1 1 4 4 0 1 1 0 2 2 1 1 1 0 0 0 0 0 2 2 4 2 2 1 0 0 1 1 2 1 1 0 0 0 0 0 0 0 0 0
 1 1 1 0 0 1 1 1 4 4 0 1 1 0 2 2 1 1 1 0 0 0 0 0 2 2 4 2 2 1 0 0 1 1 2 1 1 0 0 0 0 0 0 0 0 0
 1 1 0 0 0 0 2 2 0 0 0 1 1 1 1 1 1 1 0 0 0 0 1 1 2 2 4 3 3 1 1 1 0 0 1 2 2 1 0 0 0 0 0 0 0 0
 0 0 0 0 0 0 0 0 0 0 0 3 3 7 2 2 2 2 0 0 0 0 0 0 1 1 1 1 1 9 2 2 1 1 3 2 2 2 0 0 0 0 0 0 0 0
 0 0 0 0 0 0 0 0 0 0 0 3 3 7 2 2 2 2 0 0 0 0 0 0 1 1 1 1 1 9 2 2 1 1 3 2 2 2 0 0 0 0 0 0 0 0
 0 0 0 0 0 0 0 0 0 0 0 1 1 4 8 8 4 4 1 1 1 1 1 1 1 1 2 5 5 5 2 2 3 3 3 2 2 0 0 0 0 0 0 0 0 1
 0 0 0 0 0 0 0 0 0 0 0 1 1 4 8 8 4 4 1 1 1 1 1 1 1 1 2 5 5 5 2 2 3 3 3 2 2 0 0 0 0 0 0 0 0 1
 0 0 0 0 0 0 0 0 2 2 1 0 0 0 4 4 1 1 4 5 5 4 3 3 2 2 3 2 2 3 4 4 1 1 2 1 1 0 0 0 0 0 0 1 1 2
 0 0 1 0 0 0 0 0 4 4 6 2 2 0 0 0 1 1 5 5 5 4 2 2 2 2 2 2 2 4 4 4 3 3 1 1 1 0 0 0 0 0 0 0 0 0
 0 0 1 0 0 0 0 0 4 4 6 2 2 0 0 0 1 1 5 5 5 4 2 2 2 2 2 2 2 4 4 4 3 3 1 1 1 0 0 0 0 0 0 0 0 0
 1 1 1 1 1 0 1 1 3 3 9 3 3 2 0 0 1 1 2 2 2 2 1 1 1 1 1 2 2 2 3 3 1 1 1 0 0 0 0 0 0 0 0 0 0 0
 2 2 2 1 1 1 1 1 1 1 2 3 3 2 1 1 1 1 3 5 5 2 1 1 2 2 0 1 1 1 2 2 1 1 1 0 0 0 0 0 0 0 0 0 0 0
 2 2 2 1 1 1 1 1 1 1 2 3 3 2 1 1 1 1 3 5 5 2 1 1 2 2 0 1 1 1 2 2 1 1 1 0 0 0 0 0 0 0 0 0 0 0
 1 1 1 1 1 1 0 0 1 1 1 2 2 1 0 0 1 1 3 3 3 5 4 4 1 1 0 0 0 1 1 1 2 2 2 2 2 0 1 1 1 1 0 0 0 0
 1 1 1 1 1 1 0 0 1 1 1 2 2 1 0 0 1 1 3 3 3 5 4 4 1 1 0 0 0 1 1 1 2 2 2 2 2 0 1 1 1 1 0 0 0 0
 1 1 0 1 1 0 1 1 1 1 3 2 2 1 1 1 1 1 1 1 1 3 5 5 1 1 0 0 0 2 1 1 2 2 2 3 3 1 1 1 0 0 0 0 0 0
 1 1 0 0 0 0 0 0 0 0 1 1 1 0 1 1 1 1 1 1 1 2 2 2 1 1 0 0 0 0 0 0 0 0 1 1 1 1 1 1 0 0 0 0 0 0
 1 1 0 0 0 0 0 0 0 0 1 1 1 0 1 1 1 1 1 1 1 2 2 2 1 1 0 0 0 0 0 0 0 0 1 1 1 1 1 1 0 0 0 0 0 0
 0 0 0 0 0 2 0 0 0 0 0 0 0 0 0 0 0 0 0 0 0 0 0 0 1 1 0 0 0 0 0 0 0 0 1 2 2 2 3 3 1 1 0 0 0 0
 4 4 1 1 1 2 0 0 2 2 3 0 0 0 0 0 0 0 0 0 0 0 0 0 0 0 0 0 0 1 0 0 0 0 1 1 1 2 2 2 1 1 1 0 0 1
