assets/RAT_results/precipitation/2021-05-09_IMERG.asc
ncols        46
nrows        77
xllcorner    74.800261325624
yllcorner    8.058333333333
cellsize     0.062500000000
NODATA_value -9999
 0 0 0 0 0 1 5 5 5 5 1 0 0 0 0 0 0 0 1 1 1 0 1 1 2 2 3 9 9 14 5 5 2 2 1 1 1 0 0 0 0 0 0 0 0 0
 0 0 0 0 0 0 3 3 1 1 1 0 0 0 0 0 2 2 2 1 1 1 1 1 1 1 1 2 2 3 2 2 1 1 1 1 1 0 0 0 0 0 0 0 0 0
 0 0 0 0 0 0 3 3 1 1 1 0 0 0 0 0 2 2 2 1 1 1 1 1 1 1 1 2 2 3 2 2 1 1 1 1 1 0 0 0 0 0 0 0 0 0
 0 0 0 0 0 0 0 0 0 0 0 0 0 0 1 1 1 1 1 0 0 0 1 1 1 1 1 1 1 1 0 0 0 0 1 0 0 0 0 0 0 0 0 0 0 0
 0 0 0 0 0 1 1 1 1 1 1 3 3 1 1 1 2 2 0 0 0 0 0 0 0 0 0 0 0 0 0 0 0 0 0 0 0 0 0 0 0 0 0 0 0 0
 0 0 0 0 0 1 1 1 1 1 1 3 3 1 1 1 2 2 0 0 0 0 0 0 0 0 0 0 0 0 0 0 0 0 0 0 0 0 0 0 0 0 0 0 0 0
 0 0 0 1 1 2 3 3 3 3 27 6 6 3 4 4 2 2 1 0 0 0 0 0 0 0 0 0 0 0 1 1 0 0 0 0 0 0 0 0 0 0 0 0 0 0
 0 0 0 1 1 2 3 3 3 3 27 6 6 3 4 4 2 2 1 0 0 0 0 0 0 0 0 0 0 0 1 1 0 0 0 0 0 0 0 0 0 0 0 0 0 0
 0 0 0 2 2 2 3 3 2 2 2 18 18 3 11 11 3 3 1 0 0 0 0 0 0 0 0 0 0 0 1 1 0 0 0 2 2 0 0 0 0 0 0 0 0 0
 0 0 0 1 1 1 1 1 1 1 0 0 0 4 11 11 3 3 1 0 0 0 0 0 0 0 0 2 2 0 1 1 0 0 2 1 1 0 0 0 0 0 0 0 0 0
 0 0 0 1 1 1 1 1 1 1 0 0 0 4 11 11 3 3 1 0 0 0 0 0 0 0 0 2 2 0 1 1 0 0 2 1 1 0 0 0 0 0 0 0 0 0
 0 0 0 0 0 0 0 0 0 0 0 0 0 2 10 10 3 3 1 0 0 0 0 0 0 0 2 6 6 1 0 0 0 0 0 0 0 0 0 0 0 0 0 0 0 0
 0 0 0 0 0 1 1 1 0 0 0 0 0 2 6 6 1 1 1 1 1 1 0 0 1 1 6 8 8 1 1 1 0 0 0 0 0 0 0 0 0 0 0 0 0 0
 0 0 0 0 0 1 1 1 0 0 0 0 0 2 6 6 1 1 1 1 1 1 0 0 1 1 6 8 8 1 1 1 0 0 0 0 0 0 0 0 0 0 0 0 0 0
 0 0 0 0 0 0 1 1 1 1 0 0 0 1 4 4 4 4 2 2 2 2 1 1 6 6 4 2 2 2 0 0 0 0 0 0 0 0 0 0 0 0 0 0 0 0
 0 0 0 0 0 0 1 1 1 1 0 0 0 1 4 4 4 4 2 2 2 2 1 1 6 6 4 2 2 2 0 0 0 0 0 0 0 0 0 0 0 0 0 0 0 0
 1 1 0 0 0 1 2 2 1 1 8 3 3 2 1 1 1 1 1 7 7 4 5 5 6 6 1 1 1 0 2 2 0 0 0 0 0 0 0 0 0 0 0 0 0 0
 2 2 1 2 2 3 2 2 10 10 8 3 3 3 1 1 4 4 3 9 9 10 2 2 0 0 0 1 1 3 0 0 0 0 0 0 0 0 0 0 0 0 0 0 0 0
 2 2 1 2 2 3 2 2 10 10 8 3 3 3 1 1 4 4 3 9 9 10 2 2 0 0 0 1 1 3 0 0 0 0 0 0 0 0 0 0 0 0 0 0 0 0
 1 1 1 2 2 2 2 2 27 27 27 10 10 10 1 1 3 3 2 3 3 2 0 0 0 0 0 1 1 0 0 0 0 0 0 0 0 0 0 0 0 0 0 0 0 0
 2 2 3 1 1 1 2 2 27 27 26 1 1 1 2 2 2 2 1 0 0 1 0 0 0 0 0 0 0 0 0 0 0 0 0 0 0 0 0 0 0 0 0 0 0 0
 2 2 3 1 1 1 2 2 27 27 26 1 1 1 2 2 2 2 1 0 0 1 0 0 0 0 0 0 0 0 0 0 0 0 0 0 0 0 0 0 0 0 0 0 0 0
 3 3 3 2 2 1 2 2 2 2 1 1 1 1 1 1 4 4 2 0 0 0 0 0 0 0 0 0 0 0 0 0 0 0 0 0 0 0 0 0 0 0 0 0 0 0
 3 3 3 2 2 1 2 2 2 2 1 1 1 1 1 1 4 4 2 0 0 0 0 0 0 0 0 0 0 0 0 0 0 0 0 0 0 0 0 0 0 0 0 0 0 0
 2 2 5 4 4 2 2 2 2 2 2 2 2 1 2 2 1 1 0 0 0 0 0 0 0 0 0 0 0 0 0 0 0 0 0 0 0 0 0 0 0 0 0 0 0 0
 2 2 3 4 4 1 1 1 2 2 4 3 3 1 0 0 0 0 0 0 0 0 0 0 0 0 0 0 0 0 0 0 0 0 0 0 0 0 0 0 0 0 0 0 0 0
 2 2 3 4 4 1 1 1 2 2 4 3 3 1 0 0 0 0 0 0 0 0 0 0 0 0 0 0 0 0 0 0 0 0 0 0 0 0 0 0 0 0 0 0 0 0
 2 2 2 2 2 2 1 1 0 0 2 1 1 0 0 0 0 0 0 0 0 2 2 2 6 6 1 0 0 1 0 0 0 0 0 0 0 0 0 0 0 0 0 0 0 0
 2 2 1 1 1 1 2 2 1 1 0 0 0 0 0 0 0 0 0 0 0 0 0 0 2 2 0 0 0 0 0 0 0 0 0 0 0 0 0 0 0 0 0 0 0 0
 2 2 1 1 1 1 2 2 1 1 0 0 0 0 0 0 0 0 0 0 0 0 0 0 2 2 0 0 0 0 0 0 0 0 0 0 0 0 0 0 0 0 0 0 0 0
 0 0 1 1 1 1 2 2 3 3 3 1 1 1 0 0 1 1 0 0 0 0 0 0 0 0 0 0 0 0 0 0 0 0 0 0 0 0 0 0 0 0 0 0 0 0
 0 0 1 1 1 1 2 2 3 3 3 1 1 1 0 0 1 1 0 0 0 0 0 0 0 0 0 0 0 0 0 0 0 0 0 0 0 0 0 0 0 0 0 0 0 0
 1 1 1 1 1 1 2 2 4 4 4 5 5 6 1 1 3 3 2 0 0 0 0 0 2 2 4 0 0 0 0 0 0 0 0 0 0 0 0 0 0 0 0 0 0 0
 1 1 1 2 2 1 2 2 6 6 6 5 5 3 2 2 5 5 5 0 0 0 0 0 9 9 4 0 0 0 0 0 0 0 0 0 0 0 0 0 0 0 0 0 0 0
 1 1 1 2 2 1 2 2 6 6 6 5 5 3 2 2 5 5 5 0 0 0 0 0 9 9 4 0 0 0 0 0 0 0 0 0 0 0 0 0 0 0 0 0 0 0
 1 1 1 2 2 2 5 5 5 5 6 5 5 2 5 5 5 5 7 1 1 1 1 1 1 1 1 4 4 0 0 0 0 0 0 0 0 0 0 0 1 1 0 0 0 0
 2 2 6 3 3 3 6 6 5 5 6 6 6 6 3 3 3 3 3 3 3 2 2 2 1 1 2 6 6 4 2 2 0 0 0 0 0 0 0 0 1 1 2 3 3 0
 2 2 6 3 3 3 6 6 5 5 6 6 6 6 3 3 3 3 3 3 3 2 2 2 1 1 2 6 6 4 2 2 0 0 0 0 0 0 0 0 1 1 2 3 3 0
 3 3 8 9 9 9 9 9 10 10 10 10 10 9 8 8 3 3 4 5 5 4 4 4 3 3 7 5 5 6 6 6 0 0 0 0 0 0 0 0 0 0 5 7 7 3
 3 3 8 9 9 9 9 9 10 10 10 10 10 9 8 8 3 3 4 5 5 4 4 4 3 3 7 5 5 6 6 6 0 0 0 0 0 0 0 0 0 0 5 7 7 3
 7 7 12 13 13 14 14 14 14 14 14 11 11 11 9 9 9 9 5 8 8 11 9 9 32 32 7 9 9 22 7 7 4 4 4 2 2 1 0 0 0 0 2 9 9 7
 14 14 14 15 15 16 15 15 15 15 17 18 18 16 16 16 16 16 5 5 5 12 14 14 13 13 9 8 8 8 19 19 23 23 7 3 3 2 1 1 1 1 2 2 2 7
 14 14 14 15 15 16 15 15 15 15 17 18 18 16 16 16 16 16 5 5 5 12 14 14 13 13 9 8 8 8 19 19 23 23 7 3 3 2 1 1 1 1 2 2 2 7
 18 18 18 20 20 18 15 15 17 17 23 25 25 20 18 18 24 24 14 13 13 17 22 22 36 36 20 25 25 39 39 39 17 17 9 12 12 9 2 2 1 1 1 1 1 0
 19 19 20 21 21 26 17 17 18 18 24 27 27 22 21 21 19 19 13 13 13 13 23 23 26 26 26 32 32 41 43 43 47 47 12 17 17 6 1 1 0 0 1 1 1 0
 19 19 20 21 21 26 17 17 18 18 24 27 27 22 21 21 19 19 13 13 13 13 23 23 26 26 26 32 32 41 43 43 47 47 12 17 17 6 1 1 0 0 1 1 1 0
 19 19 20 22 22 25 25 25 27 27 29 32 32 25 33 33 20 20 77 75 75 17 20 20 20 20 25 24 24 44 40 40 43 43 23 11 11 6 1 1 0 0 0 0 0 0
 19 19 20 22 22 25 25 25 27 27 29 32 32 25 33 33 20 20 77 75 75 17 20 20 20 20 25 24 24 44 40 40 43 43 23 11 11 6 1 1 0 0 0 0 0 0
 21 21 25 27 27 22 22 22 23 23 26 29 29 26 34 34 19 19 80 119 119 30 27 27 33 33 17 35 35 63 35 35 25 25 16 18 18 11 1 1 0 0 0 0 0 0
 19 19 21 28 28 20 21 21 22 22 24 24 24 28 50 50 36 36 127 123 123 118 28 28 17 17 15 33 33 53 28 28 14 14 12 4 4 6 0 0 0 0 0 0 0 0
 19 19 21 28 28 20 21 21 22 22 24 24 24 28 50 50 36 36 127 123 123 118 28 28 17 17 15 33 33 53 28 28 14 14 12 4 4 6 0 0 0 0 0 0 0 0
 17 17 21 28 28 21 20 20 21 21 24 24 24 27 48 48 21 21 19 29 29 27 18 18 25 25 19 29 29 36 25 25 17 17 12 21 21 0 0 0 0 0 0 0 0 0
 15 15 19 20 20 17 56 56 26 26 24 30 30 26 25 25 24 24 26 27 27 38 15 15 19 19 18 42 42 35 58 58 13 13 10 3 3 0 0 0 2 2 2 0 0 0
 15 15 19 20 20 17 56 56 26 26 24 30 30 26 25 25 24 24 26 27 27 38 15 15 19 19 18 42 42 35 58 58 13 13 10 3 3 0 0 0 2 2 2 0 0 0
 18 18 18 18 18 18 58 58 59 59 61 26 26 38 28 28 56 56 57 44 44 45 16 16 23 23 20 42 42 52 31 31 12 12 12 2 2 0 0 0 2 2 2 0 0 0
 18 18 18 18 18 18 58 58 59 59 61 26 26 38 28 28 56 56 57 44 44 45 16 16 23 23 20 42 42 52 31 31 12 12 12 2 2 0 0 0 2 2 2 0 0 0
 13 13 20 18 18 18 32 32 33 33 40 31 31 35 26 26 50 50 68 65 65 70 31 31 21 21 23 75 75 67 28 28 35 35 4 3 3 1 0 0 0 0 3 2 2 2
 6 6 13 13 13 17 31 31 32 32 22 29 29 37 21 21 59 59 56 61 61 75 34 34 16 16 18 30 30 23 40 40 16 16 13 4 4 1 0 0 1 1 3 1 1 1
 6 6 13 13 13 17 31 31 32 32 22 29 29 37 21 21 59 59 56 61 61 75 34 34 16 16 18 30 30 23 40 40 16 16 13 4 4 1 0 0 1 1 3 1 1 1
 2 2 8 13 13 12 15 15 16 16 14 16 16 24 19 19 21 21 16 17 17 24 23 23 17 17 19 25 25 20 45 45 16 16 15 7 7 1 0 0 0 0 1 1 1 2
 1 1 0 4 4 4 4 4 4 4 4 12 12 9 12 12 14 14 16 9 9 3 7 7 9 9 10 22 22 16 14 14 11 11 37 8 8 0 3 3 0 0 0 0 0 0
 1 1 0 4 4 4 4 4 4 4 4 12 12 9 12 12 14 14 16 9 9 3 7 7 9 9 10 22 22 16 14 14 11 11 37 8 8 0 3 3 0 0 0 0 0 0
 1 1 1 1 1 1 4 4 3 3 3 4 4 8 8 8 8 8 11 11 11 2 4 4 7 7 8 11 11 11 14 14 11 11 8 3 3 3 3 3 0 0 1 0 0 0
 1 1 1 1 1 1 4 4 3 3 3 4 4 8 8 8 8 8 11 11 11 2 4 4 7 7 8 11 11 11 14 14 11 11 8 3 3 3 3 3 0 0 1 0 0 0
 1 1 1 1 1 1 1 1 0 0 0 0 0 1 5 5 9 9 9 11 11 1 4 4 3 3 7 8 8 10 12 12 10 10 9 3 3 7 9 9 4 4 3 1 1 1
 2 2 1 1 1 1 1 1 0 0 1 1 1 0 2 2 2 2 2 1 1 2 6 6 13 13 13 9 9 9 17 17 18 18 15 8 8 4 8 8 5 5 6 7 7 1
 2 2 1 1 1 1 1 1 0 0 1 1 1 0 2 2 2 2 2 1 1 2 6 6 13 13 13 9 9 9 17 17 18 18 15 8 8 4 8 8 5 5 6 7 7 1
 1 1 1 1 1 2 2 2 1 1 1 1 1 1 1 1 2 2 2 5 5 6 6 6 2 2 5 11 11 10 14 14 17 17 18 21 21 11 9 9 9 9 12 4 4 17
 1 1 2 3 3 4 1 1 1 1 2 3 3 3 1 1 1 1 1 3 3 2 2 2 2 2 3 9 9 14 14 14 19 19 19 23 23 15 13 13 18 18 24 22 22 72
 1 1 2 3 3 4 1 1 1 1 2 3 3 3 1 1 1 1 1 3 3 2 2 2 2 2 3 9 9 14 14 14 19 19 19 23 23 15 13 13 18 18 24 22 22 72
 4 4 5 6 6 4 1 1 3 3 11 4 4 4 3 3 1 1 4 3 3 2 2 2 2 2 2 4 4 4 4 4 18 18 22 21 21 21 18 18 19 19 25 31 31 26
 4 4 5 6 6 4 1 1 3 3 11 4 4 4 3 3 1 1 4 3 3 2 2 2 2 2 2 4 4 4 4 4 18 18 22 21 21 21 18 18 19 19 25 31 31 26
 11 11 10 6 6 3 3 3 6 6 14 3 3 3 4 4 4 4 2 1 1 2 2 2 1 1 4 1 1 2 3 3 11 11 19 27 27 52 53 53 52 52 28 40 40 13
 9 9 7 3 3 2 1 1 4 4 4 1 1 1 1 1 1 1 1 1 1 1 1 1 1 1 1 1 1 2 2 2 9 9 21 59 59 34 31 31 31 31 16 43 43 0
 9 9 7 3 3 2 1 1 4 4 4 1 1 1 1 1 1 1 1 1 1 1 1 1 1 1 1 1 1 2 2 2 9 9 21 59 59 34 31 31 31 31 16 43 43 0
 3 3 2 1 1 1 1 1 1 1 1 0 0 1 1 1 1 1 1 1 1 1 1 1 1 1 1 1 1 1 1 1 3 3 7 7 7 11 12 12 11 11 2 5 5 1
 1 1 1 1 1 1 1 1 1 1 1 0 0 1 1 1 1 1 1 2 2 3 10 10 13 13 13 8 8 8 2 2 1 1 1 1 1 1 1 1 0 0 2 1 1 1
