assets/RAT_results/precipitation/2021-07-02_IMERG.asc
ncols        46
nrows        77
xllcorner    74.800261325624
yllcorner    8.058333333333
cellsize     0.062500000000
NODATA_value -9999
 12 12 12 7 7 4 2 2 2 2 1 1 1 1 2 2 2 2 4 2 2 2 2 2 2 2 2 3 3 3 3 3 3 3 3 3 3 3 2 2 2 2 2 1 1 1
 11 11 11 18 18 12 11 11 2 2 1 1 1 0 2 2 2 2 3 3 3 2 2 2 2 2 2 3 3 3 2 2 2 2 3 3 3 3 2 2 1 1 1 0 0 1
 11 11 11 18 18 12 11 11 2 2 1 1 1 0 2 2 2 2 3 3 3 2 2 2 2 2 2 3 3 3 2 2 2 2 3 3 3 3 2 2 1 1 1 0 0 1
 20 20 20 18 18 12 12 12 2 2 2 0 0 0 1 1 2 2 2 3 3 2 2 2 2 2 2 2 2 2 1 1 1 1 1 1 1 1 1 1 0 0 0 0 0 0
 19 19 20 11 11 11 4 4 2 2 1 0 0 1 1 1 5 5 5 2 2 2 2 2 2 2 2 1 1 1 1 1 1 1 1 1 1 1 0 0 0 0 0 0 0 0
 19 19 20 11 11 11 4 4 2 2 1 0 0 1 1 1 5 5 5 2 2 2 2 2 2 2 2 1 1 1 1 1 1 1 1 1 1 1 0 0 0 0 0 0 0 0
 17 17 19 14 14 5 5 5 3 3 3 1 1 1 0 0 0 0 1 2 2 2 2 2 2 2 1 1 1 1 1 1 1 1 1 1 1 1 0 0 1 1 1 1 1 1
 17 17 19 14 14 5 5 5 3 3 3 1 1 1 0 0 0 0 1 2 2 2 2 2 2 2 1 1 1 1 1 1 1 1 1 1 1 1 0 0 1 1 1 1 1 1
 1 1 4 6 6 6 5 5 3 3 6 3 3 3 0 0 1 1 1 2 2 3 2 2 3 3 2 1 1 1 1 1 1 1 1 1 1 2 1 1 1 1 1 1 1 3
 27 27 2 2 2 3 5 5 5 5 6 3 3 3 2 2 1 1 2 2 2 2 2 2 2 2 2 2 2 1 1 1 1 1 1 2 2 2 2 2 2 2 2 1 1 3
 27 27 2 2 2 3 5 5 5 5 6 3 3 3 2 2 1 1 2 2 2 2 2 2 2 2 2 2 2 1 1 1 1 1 1 2 2 2 2 2 2 2 2 1 1 3
 27 27 5 1 1 6 3 3 0 0 0 0 0 1 0 0 1 1 2 2 2 2 3 3 2 2 2 2 2 2 2 2 2 2 2 2 2 2 2 2 4 4 5 4 4 3
 2 2 3 4 4 3 3 3 2 2 0 1 1 1 2 2 2 2 1 2 2 3 2 2 2 2 2 2 2 2 2 2 2 2 1 2 2 2 3 3 3 3 5 4 4 4
 2 2 3 4 4 3 3 3 2 2 0 1 1 1 2 2 2 2 1 2 2 3 2 2 2 2 2 2 2 2 2 2 2 2 1 2 2 2 3 3 3 3 5 4 4 4
 3 3 3 3 3 1 2 2 2 2 0 1 1 0 1 1 1 1 1 1 1 3 3 3 2 2 3 2 2 1 2 2 1 1 1 3 3 2 3 3 8 8 11 3 3 7
 3 3 3 3 3 1 2 2 2 2 0 1 1 0 1 1 1 1 1 1 1 3 3 3 2 2 3 2 2 1 2 2 1 1 1 3 3 2 3 3 8 8 11 3 3 7
 2 2 3 4 4 1 1 1 2 2 2 2 2 1 1 1 1 1 1 2 2 4 3 3 3 3 2 1 1 0 1 1 1 1 1 2 2 3 7 7 16 16 21 11 11 17
 3 3 2 3 3 4 1 1 1 1 3 1 1 1 0 0 1 1 1 1 1 1 1 1 1 1 1 1 1 1 4 4 2 2 1 2 2 3 5 5 8 8 13 9 9 10
 3 3 2 3 3 4 1 1 1 1 3 1 1 1 0 0 1 1 1 1 1 1 1 1 1 1 1 1 1 1 4 4 2 2 1 2 2 3 5 5 8 8 13 9 9 10
 2 2 2 3 3 4 0 0 2 2 1 2 2 3 2 2 2 2 1 1 1 1 1 1 1 1 2 1 1 2 2 2 2 2 2 2 2 2 1 1 1 1 2 2 2 2
 2 2 1 2 2 3 3 3 3 3 2 2 2 4 3 3 2 2 1 1 1 1 1 1 1 1 2 3 3 7 5 5 3 3 3 2 2 2 2 2 2 2 3 2 2 2
 2 2 1 2 2 3 3 3 3 3 2 2 2 4 3 3 2 2 1 1 1 1 1 1 1 1 2 3 3 7 5 5 3 3 3 2 2 2 2 2 2 2 3 2 2 2
 5 5 7 3 3 4 8 8 1 1 3 2 2 3 5 5 4 4 2 1 1 2 1 1 2 2 2 5 5 7 6 6 3 3 4 4 4 3 3 3 2 2 2 2 2 2
 5 5 7 3 3 4 8 8 1 1 3 2 2 3 5 5 4 4 2 1 1 2 1 1 2 2 2 5 5 7 6 6 3 3 4 4 4 3 3 3 2 2 2 2 2 2
 4 4 4 4 4 5 3 3 4 4 2 2 2 4 3 3 3 3 2 1 1 2 1 1 1 1 3 3 3 4 4 4 3 3 5 4 4 3 2 2 2 2 2 1 1 1
 5 5 5 5 5 6 8 8 1 1 2 1 1 2 3 3 4 4 3 3 3 3 3 3 3 3 2 4 4 3 3 3 3 3 6 4 4 1 1 1 1 1 1 0 0 0
 5 5 5 5 5 6 8 8 1 1 2 1 1 2 3 3 4 4 3 3 3 3 3 3 3 3 2 4 4 3 3 3 3 3 6 4 4 1 1 1 1 1 1 0 0 0
 5 5 9 10 10 8 7 7 9 9 2 1 1 3 3 3 4 4 2 2 2 1 3 3 2 2 1 3 3 2 1 1 1 1 2 2 2 1 1 1 1 1 0 0 0 0
 8 8 11 10 10 8 8 8 8 8 3 2 2 2 3 3 3 3 4 1 1 1 2 2 3 3 3 3 3 2 0 0 0 0 1 1 1 1 1 1 0 0 0 0 0 0
 8 8 11 10 10 8 8 8 8 8 3 2 2 2 3 3 3 3 4 1 1 1 2 2 3 3 3 3 3 2 0 0 0 0 1 1 1 1 1 1 0 0 0 0 0 0
 26 26 26 9 9 11 9 9 9 9 4 0 0 0 2 2 3 3 3 1 1 1 1 1 0 0 1 0 0 0 0 0 1 1 0 0 0 1 1 1 1 1 0 0 0 0
 26 26 26 9 9 11 9 9 9 9 4 0 0 0 2 2 3 3 3 1 1 1 1 1 0 0 1 0 0 0 0 0 1 1 0 0 0 1 1 1 1 1 0 0 0 0
 84 84 84 18 18 20 12 12 10 10 11 1 1 1 1 1 2 2 1 2 2 1 1 1 0 0 0 0 0 0 0 0 0 0 0 0 0 1 1 1 0 0 0 0 0 0
 126 126 128 25 25 8 6 6 12 12 11 4 4 1 0 0 1 1 3 1 1 0 1 1 1 1 0 0 0 0 1 1 1 1 0 0 0 0 0 0 0 0 0 0 0 0
 126 126 128 25 25 8 6 6 12 12 11 4 4 1 0 0 1 1 3 1 1 0 1 1 1 1 0 0 0 0 1 1 1 1 0 0 0 0 0 0 0 0 0 0 0 0
 100 100 69 15 15 2 3 3 4 4 3 3 3 0 0 0 1 1 3 2 2 3 0 0 0 0 0 0 0 0 0 0 0 0 0 0 0 0 0 0 0 0 0 0 0 0
 33 33 34 14 14 2 1 1 1 1 3 6 6 1 5 5 2 2 1 1 1 2 0 0 0 0 0 0 0 0 0 0 0 0 0 0 0 0 0 0 0 0 0 0 0 0
 33 33 34 14 14 2 1 1 1 1 3 6 6 1 5 5 2 2 1 1 1 2 0 0 0 0 0 0 0 0 0 0 0 0 0 0 0 0 0 0 0 0 0 0 0 0
 11 11 18 14 14 1 1 1 0 0 1 9 9 5 9 9 1 1 2 3 3 3 0 0 0 0 0 0 0 0 0 0 0 0 0 1 1 1 0 0 0 0 1 0 0 0
 11 11 18 14 14 1 1 1 0 0 1 9 9 5 9 9 1 1 2 3 3 3 0 0 0 0 0 0 0 0 0 0 0 0 0 1 1 1 0 0 0 0 1 0 0 0
 4 4 11 1 1 1 3 3 2 2 1 5 5 6 3 3 6 6 1 2 2 1 3 3 0 0 0 0 0 0 0 0 1 1 0 0 0 1 0 0 2 2 1 0 0 0
 5 5 5 1 1 1 3 3 4 4 0 6 6 7 4 4 2 2 0 1 1 1 4 4 0 0 0 1 1 1 0 0 0 0 0 1 1 2 1 1 0 0 0 0 0 0
 5 5 5 1 1 1 3 3 4 4 0 6 6 7 4 4 2 2 0 1 1 1 4 4 0 0 0 1 1 1 0 0 0 0 0 1 1 2 1 1 0 0 0 0 0 0
 6 6 6 2 2 1 2 2 3 3 1 2 2 11 5 5 1 1 0 1 1 3 2 2 1 1 1 2 2 2 1 1 0 0 0 1 1 2 0 0 0 0 1 1 1 0
 5 5 7 6 6 2 1 1 1 1 1 2 2 10 5 5 1 1 0 2 2 1 1 1 2 2 0 1 1 1 1 1 0 0 0 1 1 0 0 0 0 0 1 0 0 0
 5 5 7 6 6 2 1 1 1 1 1 2 2 10 5 5 1 1 0 2 2 1 1 1 2 2 0 1 1 1 1 1 0 0 0 1 1 0 0 0 0 0 1 0 0 0
 8 8 9 8 8 3 1 1 1 1 1 2 2 5 2 2 0 0 0 0 0 0 0 0 2 2 0 0 0 0 0 0 0 0 0 1 1 1 0 0 0 0 0 0 0 0
 8 8 9 8 8 3 1 1 1 1 1 2 2 5 2 2 0 0 0 0 0 0 0 0 2 2 0 0 0 0 0 0 0 0 0 1 1 1 0 0 0 0 0 0 0 0
 8 8 13 9 9 6 2 2 2 2 11 6 6 4 1 1 0 0 0 0 0 1 0 0 1 1 1 0 0 0 0 0 0 0 1 1 1 1 0 0 0 0 0 0 0 0
 8 8 12 12 12 8 3 3 6 6 12 8 8 7 5 5 0 0 0 0 0 1 1 1 1 1 1 0 0 0 0 0 0 0 0 1 1 0 0 0 0 0 0 0 0 0
 8 8 12 12 12 8 3 3 6 6 12 8 8 7 5 5 0 0 0 0 0 1 1 1 1 1 1 0 0 0 0 0 0 0 0 1 1 0 0 0 0 0 0 0 0 0
 10 10 9 15 15 5 7 7 7 7 7 11 11 3 9 9 2 2 0 0 0 1 1 1 1 1 1 1 1 0 0 0 0 0 0 1 1 0 0 0 0 0 0 0 0 0
 9 9 11 15 15 6 7 7 7 7 6 6 6 8 10 10 14 14 2 1 1 13 15 15 3 3 4 0 0 0 0 0 0 0 0 0 0 0 0 0 0 0 0 1 1 1
 9 9 11 15 15 6 7 7 7 7 6 6 6 8 10 10 14 14 2 1 1 13 15 15 3 3 4 0 0 0 0 0 0 0 0 0 0 0 0 0 0 0 0 1 1 1
 18 18 11 13 13 6 6 6 6 6 5 5 5 8 6 6 12 12 13 13 13 12 14 14 3 3 4 1 1 0 0 0 0 0 0 0 0 0 0 0 0 0 0 1 1 0
 18 18 11 13 13 6 6 6 6 6 5 5 5 8 6 6 12 12 13 13 13 12 14 14 3 3 4 1 1 0 0 0 0 0 0 0 0 0 0 0 0 0 0 1 1 0
 13 13 7 6 6 6 6 6 4 4 4 5 5 8 6 6 8 8 14 4 4 4 12 12 13 13 1 2 2 0 0 0 0 0 0 0 0 0 0 0 0 0 0 1 1 0
 13 13 13 8 8 7 5 5 5 5 7 7 7 5 5 5 2 2 5 2 2 3 11 11 11 11 1 1 1 0 0 0 0 0 0 0 0 0 0 0 0 0 1 1 1 1
 13 13 13 8 8 7 5 5 5 5 7 7 7 5 5 5 2 2 5 2 2 3 11 11 11 11 1 1 1 0 0 0 0 0 0 0 0 0 0 0 0 0 1 1 1 1
 10 10 13 7 7 7 6 6 5 5 5 5 5 4 5 5 3 3 1 1 1 0 0 0 3 3 1 0 0 0 0 0 0 0 0 0 0 0 1 1 1 1 2 0 0 0
 7 7 9 7 7 8 7 7 7 7 7 7 7 5 5 5 4 4 2 0 0 0 2 2 1 1 0 0 0 0 0 0 0 0 0 0 0 0 0 0 0 0 0 0 0 0
 7 7 9 7 7 8 7 7 7 7 7 7 7 5 5 5 4 4 2 0 0 0 2 2 1 1 0 0 0 0 0 0 0 0 0 0 0 0 0 0 0 0 0 0 0 0
 8 8 8 7 7 8 10 10 11 11 11 10 10 8 5 5 5 5 3 3 3 2 2 2 1 1 5 1 1 0 0 0 0 0 0 0 0 0 0 0 0 0 0 0 0 0
 8 8 8 7 7 8 10 10 11 11 11 10 10 8 5 5 5 5 3 3 3 2 2 2 1 1 5 1 1 0 0 0 0 0 0 0 0 0 0 0 0 0 0 0 0 0
 7 7 7 8 8 17 22 22 19 19 16 10 10 6 6 6 3 3 3 3 3 1 1 1 6 6 5 0 0 1 1 1 0 0 0 0 0 0 0 0 0 0 0 0 0 1
 7 7 8 12 12 13 16 16 18 18 16 13 13 7 6 6 4 4 4 1 1 4 1 1 0 0 2 0 0 1 1 1 1 1 0 0 0 0 0 0 0 0 0 0 0 1
 7 7 8 12 12 13 16 16 18 18 16 13 13 7 6 6 4 4 4 1 1 4 1 1 0 0 2 0 0 1 1 1 1 1 0 0 0 0 0 0 0 0 0 0 0 1
 7 7 7 9 9 10 13 13 13 13 14 10 10 6 7 7 6 6 4 3 3 2 4 4 0 0 1 0 0 1 1 1 0 0 0 0 0 0 0 0 0 0 0 0 0 0
 6 6 5 6 6 6 6 6 9 9 13 12 12 9 13 13 10 10 7 4 4 3 1 1 1 1 2 2 2 1 1 1 1 1 0 0 0 0 0 0 0 0 0 0 0 0
 6 6 5 6 6 6 6 6 9 9 13 12 12 9 13 13 10 10 7 4 4 3 1 1 1 1 2 2 2 1 1 1 1 1 0 0 0 0 0 0 0 0 0 0 0 0
 5 5 4 4 4 5 5 5 6 6 7 10 10 17 10 10 6 6 8 4 4 3 3 3 1 1 4 4 4 4 0 0 1 1 0 1 1 0 0 0 0 0 0 1 1 0
 5 5 4 4 4 5 5 5 6 6 7 10 10 17 10 10 6 6 8 4 4 3 3 3 1 1 4 4 4 4 0 0 1 1 0 1 1 0 0 0 0 0 0 1 1 0
 7 7 4 5 5 5 6 6 6 6 7 7 7 13 13 13 7 7 4 4 4 3 2 2 0 0 5 4 4 4 0 0 0 0 1 0 0 1 0 0 0 0 0 0 0 0
 6 6 4 4 4 5 5 5 6 6 6 4 4 14 14 14 5 5 4 3 3 3 2 2 2 2 1 2 2 0 0 0 0 0 0 0 0 0 0 0 0 0 0 0 0 0
 6 6 4 4 4 5 5 5 6 6 6 4 4 14 14 14 5 5 4 3 3 3 2 2 2 2 1 2 2 0 0 0 0 0 0 0 0 0 0 0 0 0 0 0 0 0
 4 4 4 3 3 4 4 4 4 4 4 3 3 7 11 11 5 5 4 4 4 4 3 3 3 3 1 2 2 1 1 1 1 1 0 0 0 0 0 0 0 0 0 0 0 0
 7 7 6 6 6 5 5 5 4 4 4 5 5 10 9 9 3 3 4 4 4 3 3 3 3 3 2 2 2 1 1 1 1 1 0 0 0 0 0 0 0 0 0 0 0 0
