assets/RAT_results/precipitation/2021-04-29_IMERG.asc
ncols        46
nrows        77
xllcorner    74.800261325624
yllcorner    8.058333333333
cellsize     0.062500000000
NODATA_value -9999
 0 0 0 0 0 0 0 0 1 1 1 11 11 11 10 10 6 6 4 3 3 16 13 13 7 7 6 2 2 3 3 3 5 5 8 23 23 27 16 16 16 16 16 9 9 5
 1 1 1 1 1 1 1 1 2 2 3 8 8 12 13 13 13 13 15 13 13 12 21 21 6 6 10 12 12 4 2 2 2 2 7 25 25 24 22 22 13 13 13 10 10 11
 1 1 1 1 1 1 1 1 2 2 3 8 8 12 13 13 13 13 15 13 13 12 21 21 6 6 10 12 12 4 2 2 2 2 7 25 25 24 22 22 13 13 13 10 10 11
 2 2 2 2 2 1 1 1 6 6 10 4 4 12 13 13 12 12 10 24 24 13 18 18 12 12 13 7 7 3 2 2 2 2 6 14 14 15 14 14 18 18 14 10 10 8
 2 2 2 2 2 2 2 2 11 11 11 11 11 17 11 11 14 14 11 12 12 14 14 14 12 12 9 4 4 2 2 2 2 2 4 6 6 12 13 13 17 17 16 10 10 8
 2 2 2 2 2 2 2 2 11 11 11 11 11 17 11 11 14 14 11 12 12 14 14 14 12 12 9 4 4 2 2 2 2 2 4 6 6 12 13 13 17 17 16 10 10 8
 3 3 2 4 4 8 15 15 7 7 14 7 7 11 5 5 6 6 23 22 22 14 26 26 4 4 3 1 1 1 3 3 3 3 5 8 8 12 12 12 9 9 15 16 16 8
 3 3 2 4 4 8 15 15 7 7 14 7 7 11 5 5 6 6 23 22 22 14 26 26 4 4 3 1 1 1 3 3 3 3 5 8 8 12 12 12 9 9 15 16 16 8
 3 3 3 2 2 1 4 4 26 26 13 20 20 14 8 8 4 4 2 2 2 8 4 4 2 2 2 3 3 4 4 4 9 9 9 13 13 9 13 13 16 16 5 9 9 5
 2 2 1 3 3 3 0 0 11 11 10 21 21 17 13 13 13 13 7 2 2 3 3 3 3 3 3 4 4 3 8 8 7 7 12 13 13 9 7 7 9 9 10 7 7 2
 2 2 1 3 3 3 0 0 11 11 10 21 21 17 13 13 13 13 7 2 2 3 3 3 3 3 3 4 4 3 8 8 7 7 12 13 13 9 7 7 9 9 10 7 7 2
 1 1 0 1 1 0 0 0 1 1 6 12 12 12 13 13 14 14 14 4 4 4 3 3 2 2 2 2 2 2 9 9 9 9 8 12 12 12 10 10 11 11 8 3 3 3
 1 1 0 0 0 0 0 0 0 0 0 0 0 14 11 11 14 14 14 5 5 4 3 3 2 2 5 2 2 1 2 2 15 15 9 13 13 11 11 11 11 11 8 2 2 2
 1 1 0 0 0 0 0 0 0 0 0 0 0 14 11 11 14 14 14 5 5 4 3 3 2 2 5 2 2 1 2 2 15 15 9 13 13 11 11 11 11 11 8 2 2 2
 1 1 0 0 0 0 0 0 1 1 0 0 0 0 11 11 8 8 9 10 10 3 2 2 2 2 4 7 7 3 3 3 1 1 12 8 8 7 4 4 3 3 2 2 2 2
 1 1 0 0 0 0 0 0 1 1 0 0 0 0 11 11 8 8 9 10 10 3 2 2 2 2 4 7 7 3 3 3 1 1 12 8 8 7 4 4 3 3 2 2 2 2
 0 0 0 0 0 1 0 0 0 0 0 0 0 0 9 9 8 8 16 15 15 3 3 3 1 1 1 4 4 4 7 7 5 5 4 4 4 2 4 4 3 3 2 5 5 1
 0 0 0 0 0 0 0 0 0 0 0 0 0 0 7 7 7 7 9 15 15 9 6 6 1 1 1 3 3 4 6 6 5 5 1 1 1 3 7 7 8 8 6 7 7 1
 0 0 0 0 0 0 0 0 0 0 0 0 0 0 7 7 7 7 9 15 15 9 6 6 1 1 1 3 3 4 6 6 5 5 1 1 1 3 7 7 8 8 6 7 7 1
 0 0 0 0 0 0 0 0 0 0 0 0 0 0 0 0 0 0 0 8 8 2 4 4 7 7 1 0 0 16 4 4 8 8 6 1 1 3 12 12 8 8 5 5 5 2
 0 0 0 0 0 0 0 0 0 0 0 0 0 0 0 0 0 0 0 0 0 1 1 1 0 0 3 1 1 0 3 3 12 12 10 7 7 5 13 13 3 3 4 2 2 2
 0 0 0 0 0 0 0 0 0 0 0 0 0 0 0 0 0 0 0 0 0 1 1 1 0 0 3 1 1 0 3 3 12 12 10 7 7 5 13 13 3 3 4 2 2 2
 0 0 0 0 0 0 0 0 0 0 0 0 0 0 0 0 0 0 0 0 0 0 0 0 4 4 2 3 3 5 7 7 13 13 20 7 7 4 3 3 1 1 1 1 1 0
 0 0 0 0 0 0 0 0 0 0 0 0 0 0 0 0 0 0 0 0 0 0 0 0 4 4 2 3 3 5 7 7 13 13 20 7 7 4 3 3 1 1 1 1 1 0
 0 0 0 0 0 0 0 0 0 0 0 0 0 0 0 0 0 0 0 0 0 0 0 0 8 8 4 6 6 3 2 2 1 1 4 6 6 3 0 0 0 0 0 0 0 0
 0 0 1 0 0 0 1 1 1 1 0 0 0 0 0 0 0 0 0 0 0 0 7 7 8 8 12 14 14 1 1 1 1 1 1 0 0 0 0 0 0 0 0 0 0 0
 0 0 1 0 0 0 1 1 1 1 0 0 0 0 0 0 0 0 0 0 0 0 7 7 8 8 12 14 14 1 1 1 1 1 1 0 0 0 0 0 0 0 0 0 0 0
 2 2 1 1 1 1 1 1 1 1 1 0 0 0 0 0 0 0 0 0 0 0 0 0 0 0 0 3 3 3 0 0 1 1 0 1 1 1 0 0 0 0 0 0 0 0
 7 7 5 2 2 2 1 1 1 1 1 1 1 0 0 0 0 0 0 0 0 0 0 0 0 0 0 5 5 3 0 0 1 1 0 0 0 0 0 0 0 0 0 0 0 0
 7 7 5 2 2 2 1 1 1 1 1 1 1 0 0 0 0 0 0 0 0 0 0 0 0 0 0 5 5 3 0 0 1 1 0 0 0 0 0 0 0 0 0 0 0 0
 5 5 5 3 3 3 2 2 2 2 2 1 1 1 0 0 1 1 0 0 0 0 0 0 0 0 0 1 1 2 2 2 1 1 0 0 0 0 0 0 0 0 0 0 0 0
 5 5 5 3 3 3 2 2 2 2 2 1 1 1 0 0 1 1 0 0 0 0 0 0 0 0 0 1 1 2 2 2 1 1 0 0 0 0 0 0 0 0 0 0 0 0
 4 4 4 5 5 6 2 2 4 4 1 1 1 2 0 0 1 1 0 0 0 0 0 0 0 0 0 0 0 0 0 0 0 0 0 0 0 0 0 0 0 0 0 0 0 0
 5 5 3 2 2 2 1 1 1 1 1 1 1 1 0 0 14 14 7 0 0 0 0 0 0 0 0 0 0 0 0 0 0 0 0 0 0 0 0 0 0 0 0 0 0 0
 5 5 3 2 2 2 1 1 1 1 1 1 1 1 0 0 14 14 7 0 0 0 0 0 0 0 0 0 0 0 0 0 0 0 0 0 0 0 0 0 0 0 0 0 0 0
 5 5 2 1 1 1 0 0 1 1 1 0 0 0 0 0 1 1 1 0 0 0 0 0 0 0 0 0 0 0 0 0 0 0 0 0 0 0 0 0 0 0 0 0 0 0
 5 5 1 0 0 0 0 0 0 0 0 0 0 0 0 0 0 0 0 0 0 0 0 0 0 0 0 0 0 0 0 0 0 0 0 0 0 0 0 0 0 0 0 0 0 0
 5 5 1 0 0 0 0 0 0 0 0 0 0 0 0 0 0 0 0 0 0 0 0 0 0 0 0 0 0 0 0 0 0 0 0 0 0 0 0 0 0 0 0 0 0 0
 1 1 0 0 0 0 0 0 0 0 0 0 0 0 0 0 0 0 1 1 1 0 0 0 0 0 0 0 0 0 0 0 3 3 0 0 0 0 0 0 5 5 0 0 0 0
 1 1 0 0 0 0 0 0 0 0 0 0 0 0 0 0 0 0 1 1 1 0 0 0 0 0 0 0 0 0 0 0 3 3 0 0 0 0 0 0 5 5 0 0 0 0
 0 0 2 2 2 0 0 0 0 0 0 0 0 0 1 1 0 0 2 1 1 0 0 0 0 0 0 0 0 11 8 8 14 14 5 0 0 1 0 0 0 0 0 0 0 0
 0 0 3 1 1 0 0 0 0 0 0 1 1 4 6 6 1 1 1 1 1 0 0 0 0 0 0 0 0 13 16 16 8 8 6 0 0 1 1 1 3 3 1 0 0 0
 0 0 3 1 1 0 0 0 0 0 0 1 1 4 6 6 1 1 1 1 1 0 0 0 0 0 0 0 0 13 16 16 8 8 6 0 0 1 1 1 3 3 1 0 0 0
 0 0 0 0 0 0 0 0 0 0 0 9 9 8 6 6 2 2 1 0 0 1 0 0 0 0 0 0 0 0 13 13 8 8 8 1 1 6 3 3 9 9 5 0 0 0
 0 0 0 0 0 0 0 0 0 0 0 3 3 1 0 0 0 0 0 0 0 1 1 1 0 0 0 1 1 0 15 15 13 13 8 1 1 3 1 1 1 1 0 0 0 0
 0 0 0 0 0 0 0 0 0 0 0 3 3 1 0 0 0 0 0 0 0 1 1 1 0 0 0 1 1 0 15 15 13 13 8 1 1 3 1 1 1 1 0 0 0 0
 0 0 0 0 0 0 0 0 0 0 0 0 0 0 1 1 1 1 1 0 0 0 0 0 1 1 0 18 18 0 3 3 5 5 8 1 1 2 0 0 0 0 0 0 0 0
 0 0 0 0 0 0 0 0 0 0 0 0 0 0 1 1 1 1 1 0 0 0 0 0 1 1 0 18 18 0 3 3 5 5 8 1 1 2 0 0 0 0 0 0 0 0
 0 0 0 0 0 0 0 0 0 0 0 0 0 0 2 2 5 5 8 3 3 15 1 1 1 1 1 1 1 0 0 0 15 15 6 9 9 7 7 7 1 1 2 0 0 1
 0 0 0 0 0 0 0 0 0 0 0 0 0 0 2 2 13 13 6 0 0 30 15 15 1 1 1 0 0 3 1 1 44 44 17 12 12 15 6 6 4 4 2 1 1 1
 0 0 0 0 0 0 0 0 0 0 0 0 0 0 2 2 13 13 6 0 0 30 15 15 1 1 1 0 0 3 1 1 44 44 17 12 12 15 6 6 4 4 2 1 1 1
 2 2 1 0 0 0 0 0 0 0 1 2 2 1 4 4 9 9 8 17 17 22 13 13 1 1 1 5 5 5 3 3 46 46 47 23 23 10 2 2 2 2 1 1 1 1
 1 1 0 0 0 0 0 0 0 0 6 14 14 4 16 16 7 7 8 9 9 19 5 5 2 2 0 0 0 0 0 0 3 3 32 18 18 5 0 0 1 1 0 0 0 0
 1 1 0 0 0 0 0 0 0 0 6 14 14 4 16 16 7 7 8 9 9 19 5 5 2 2 0 0 0 0 0 0 3 3 32 18 18 5 0 0 1 1 0 0 0 0
 0 0 0 0 0 0 0 0 1 1 14 23 23 15 12 12 7 7 5 2 2 3 0 0 1 1 0 0 0 2 1 1 0 0 14 17 17 2 1 1 1 1 1 0 0 1
 0 0 0 0 0 0 0 0 1 1 14 23 23 15 12 12 7 7 5 2 2 3 0 0 1 1 0 0 0 2 1 1 0 0 14 17 17 2 1 1 1 1 1 0 0 1
 0 0 0 0 0 0 0 0 1 1 13 6 6 9 3 3 0 0 0 0 0 0 0 0 0 0 1 0 0 6 0 0 5 5 9 15 15 2 2 2 1 1 1 0 0 0
 0 0 0 0 0 0 0 0 1 1 1 1 1 1 0 0 0 0 0 0 0 0 0 0 0 0 1 0 0 0 0 0 11 11 21 21 21 7 1 1 1 1 1 1 1 0
 0 0 0 0 0 0 0 0 1 1 1 1 1 1 0 0 0 0 0 0 0 0 0 0 0 0 1 0 0 0 0 0 11 11 21 21 21 7 1 1 1 1 1 1 1 0
 0 0 0 0 0 0 0 0 0 0 0 0 0 0 0 0 0 0 0 0 0 0 0 0 0 0 1 0 0 0 1 1 11 11 11 14 14 0 1 1 0 0 1 0 0 0
 0 0 0 0 0 0 0 0 0 0 0 0 0 0 0 0 0 0 0 0 0 8 1 1 1 1 1 1 1 0 0 0 4 4 0 0 0 0 0 0 1 1 1 0 0 0
 0 0 0 0 0 0 0 0 0 0 0 0 0 0 0 0 0 0 0 0 0 8 1 1 1 1 1 1 1 0 0 0 4 4 0 0 0 0 0 0 1 1 1 0 0 0
 0 0 0 0 0 0 0 0 0 0 0 0 0 0 0 0 0 0 0 1 1 6 9 9 11 11 1 1 1 1 0 0 0 0 0 0 0 0 0 0 0 0 0 0 0 0
 0 0 0 0 0 0 0 0 0 0 0 0 0 0 0 0 0 0 0 1 1 6 9 9 11 11 1 1 1 1 0 0 0 0 0 0 0 0 0 0 0 0 0 0 0 0
 0 0 0 0 0 0 0 0 0 0 0 0 0 0 0 0 1 1 1 0 0 0 8 8 0 0 0 0 0 0 0 0 0 0 1 3 3 0 1 1 2 2 27 4 4 2
 0 0 0 0 0 0 0 0 0 0 0 0 0 0 0 0 0 0 0 0 0 0 0 0 0 0 0 0 0 1 0 0 0 0 0 0 0 0 9 9 9 9 11 6 6 2
 0 0 0 0 0 0 0 0 0 0 0 0 0 0 0 0 0 0 0 0 0 0 0 0 0 0 0 0 0 1 0 0 0 0 0 0 0 0 9 9 9 9 11 6 6 2
 3 3 0 0 0 0 0 0 0 0 0 0 0 0 2 2 1 1 0 0 0 0 0 0 0 0 0 0 0 2 1 1 1 1 1 0 0 4 9 9 14 14 10 12 12 3
 11 11 3 1 1 0 0 0 0 0 1 3 3 2 5 5 1 1 0 1 1 1 0 0 0 0 0 1 1 3 4 4 5 5 2 2 2 5 10 10 15 15 15 12 12 6
 11 11 3 1 1 0 0 0 0 0 1 3 3 2 5 5 1 1 0 1 1 1 0 0 0 0 0 1 1 3 4 4 5 5 2 2 2 5 10 10 15 15 15 12 12 6
 16 16 9 5 5 3 1 1 1 1 2 3 3 7 7 7 1 1 1 6 6 8 1 1 1 1 2 5 5 9 9 9 9 9 10 3 3 2 3 3 4 4 16 15 15 1
 16 16 9 5 5 3 1 1 1 1 2 3 3 7 7 7 1 1 1 6 6 8 1 1 1 1 2 5 5 9 9 9 9 9 10 3 3 2 3 3 4 4 16 15 15 1
 8 8 8 4 4 7 0 0 1 1 1 1 1 3 2 2 1 1 0 10 10 9 2 2 3 3 3 6 6 8 10 10 13 13 6 3 3 1 2 2 3 3 9 1 1 0
 5 5 5 4 4 3 1 1 1 1 1 2 2 3 1 1 0 0 0 3 3 1 2 2 4 4 5 6 6 9 10 10 9 9 4 2 2 2 0 0 1 1 1 1 1 0
 5 5 5 4 4 3 1 1 1 1 1 2 2 3 1 1 0 0 0 3 3 1 2 2 4 4 5 6 6 9 10 10 9 9 4 2 2 2 0 0 1 1 1 1 1 0
 5 5 5 4 4 3 2 2 1 1 2 2 2 1 1 1 0 0 1 1 1 1 2 2 4 4 7 8 8 6 6 6 5 5 3 1 1 1 1 1 1 1 0 0 0 0
 4 4 5 4 4 3 2 2 2 2 3 2 2 1 1 1 0 0 1 2 2 1 1 1 3 3 8 11 11 8 7 7 3 3 2 1 1 0 0 0 0 0 2 0 0 0
