assets/RAT_results/precipitation/2021-06-05_IMERG.asc
ncols        46
nrows        77
xllcorner    74.800261325624
yllcorner    8.058333333333
cellsize     0.062500000000
NODATA_value -9999
 12 12 14 11 11 13 4 4 5 5 1 2 2 3 4 4 5 5 1 1 1 2 2 2 2 2 2 2 2 2 1 1 1 1 0 0 0 0 0 0 1 1 1 1 1 3
 9 9 9 7 7 21 3 3 1 1 1 2 2 2 4 4 5 5 1 1 1 2 2 2 3 3 2 1 1 2 2 2 2 2 1 0 0 0 1 1 1 1 1 1 1 2
 9 9 9 7 7 21 3 3 1 1 1 2 2 2 4 4 5 5 1 1 1 2 2 2 3 3 2 1 1 2 2 2 2 2 1 0 0 0 1 1 1 1 1 1 1 2
 8 8 8 11 11 8 3 3 2 2 1 1 1 1 3 3 4 4 3 1 1 0 1 1 2 2 2 2 2 2 2 2 2 2 1 0 0 0 1 1 1 1 1 2 2 3
 20 20 12 8 8 7 4 4 3 3 3 2 2 3 3 3 3 3 2 1 1 0 1 1 1 1 3 2 2 2 3 3 2 2 2 1 1 1 1 1 1 1 1 1 1 3
 20 20 12 8 8 7 4 4 3 3 3 2 2 3 3 3 3 3 2 1 1 0 1 1 1 1 3 2 2 2 3 3 2 2 2 1 1 1 1 1 1 1 1 1 1 3
 21 21 25 8 8 5 5 5 4 4 8 6 6 5 5 5 3 3 2 1 1 0 1 1 0 0 3 2 2 4 4 4 3 3 3 3 3 2 2 2 2 2 2 3 3 6
 21 21 25 8 8 5 5 5 4 4 8 6 6 5 5 5 3 3 2 1 1 0 1 1 0 0 3 2 2 4 4 4 3 3 3 3 3 2 2 2 2 2 2 3 3 6
 18 18 19 8 8 5 4 4 5 5 7 6 6 6 6 6 6 6 5 1 1 0 0 0 2 2 2 5 5 5 6 6 6 6 3 2 2 3 4 4 3 3 3 5 5 7
 5 5 11 6 6 6 7 7 3 3 5 6 6 6 11 11 11 11 6 1 1 1 0 0 3 3 5 9 9 7 7 7 8 8 5 10 10 16 5 5 5 5 5 9 9 7
 5 5 11 6 6 6 7 7 3 3 5 6 6 6 11 11 11 11 6 1 1 1 0 0 3 3 5 9 9 7 7 7 8 8 5 10 10 16 5 5 5 5 5 9 9 7
 4 4 6 7 7 10 9 9 6 6 4 2 2 7 12 12 11 11 9 3 3 1 2 2 5 5 5 10 10 8 9 9 14 14 6 20 20 13 5 5 4 4 6 8 8 11
 5 5 8 7 7 8 9 9 6 6 6 5 5 8 15 15 13 13 10 8 8 3 2 2 3 3 6 6 6 7 7 7 6 6 8 8 8 10 9 9 5 5 7 8 8 14
 5 5 8 7 7 8 9 9 6 6 6 5 5 8 15 15 13 13 10 8 8 3 2 2 3 3 6 6 6 7 7 7 6 6 8 8 8 10 9 9 5 5 7 8 8 14
 7 7 6 6 6 7 10 10 9 9 17 16 16 20 18 18 17 17 8 9 9 5 4 4 3 3 8 5 5 7 6 6 6 6 8 9 9 12 11 11 8 8 6 7 7 13
 7 7 6 6 6 7 10 10 9 9 17 16 16 20 18 18 17 17 8 9 9 5 4 4 3 3 8 5 5 7 6 6 6 6 8 9 9 12 11 11 8 8 6 7 7 13
 7 7 6 7 7 8 14 14 14 14 23 25 25 16 18 18 17 17 13 13 13 13 9 9 5 5 3 4 4 5 6 6 9 9 9 12 12 14 11 11 10 10 6 8 8 11
 4 4 5 7 7 10 17 17 27 27 30 30 30 28 29 29 29 29 22 16 16 16 15 15 9 9 3 3 3 5 6 6 10 10 16 17 17 11 9 9 9 9 9 13 13 12
 4 4 5 7 7 10 17 17 27 27 30 30 30 28 29 29 29 29 22 16 16 16 15 15 9 9 3 3 3 5 6 6 10 10 16 17 17 11 9 9 9 9 9 13 13 12
 6 6 7 8 8 11 17 17 29 29 28 30 30 47 34 34 35 35 36 26 26 20 16 16 9 9 6 6 6 9 9 9 8 8 12 15 15 8 10 10 9 9 8 7 7 11
 10 10 10 10 10 16 19 19 18 18 22 36 36 31 41 41 31 31 20 19 19 20 16 16 11 11 12 7 7 7 6 6 7 7 8 6 6 4 4 4 3 3 4 6 6 7
 10 10 10 10 10 16 19 19 18 18 22 36 36 31 41 41 31 31 20 19 19 20 16 16 11 11 12 7 7 7 6 6 7 7 8 6 6 4 4 4 3 3 4 6 6 7
 13 13 11 11 11 16 17 17 15 15 24 30 30 34 37 37 38 38 31 24 24 14 14 14 14 14 13 16 16 14 13 13 8 8 8 6 6 6 5 5 3 3 3 2 2 2
 13 13 11 11 11 16 17 17 15 15 24 30 30 34 37 37 38 38 31 24 24 14 14 14 14 14 13 16 16 14 13 13 8 8 8 6 6 6 5 5 3 3 3 2 2 2
 13 13 10 9 9 13 18 18 23 23 29 41 41 38 65 65 65 65 39 23 23 12 9 9 10 10 12 14 14 19 15 15 5 5 5 6 6 5 3 3 3 3 3 2 2 2
 10 10 8 9 9 12 16 16 26 26 33 44 44 45 57 57 22 22 29 17 17 11 12 12 11 11 9 12 12 18 12 12 4 4 3 4 4 3 3 3 3 3 3 3 3 4
 10 10 8 9 9 12 16 16 26 26 33 44 44 45 57 57 22 22 29 17 17 11 12 12 11 11 9 12 12 18 12 12 4 4 3 4 4 3 3 3 3 3 3 3 3 4
 8 8 9 9 9 15 23 23 29 29 38 48 48 51 68 68 18 18 17 18 18 18 15 15 11 11 11 13 13 19 17 17 8 8 3 2 2 2 2 2 2 2 4 5 5 6
 13 13 14 15 15 22 34 34 36 36 48 52 52 115 59 59 17 17 19 24 24 32 18 18 10 10 10 16 16 19 14 14 12 12 5 2 2 5 3 3 4 4 7 5 5 7
 13 13 14 15 15 22 34 34 36 36 48 52 52 115 59 59 17 17 19 24 24 32 18 18 10 10 10 16 16 19 14 14 12 12 5 2 2 5 3 3 4 4 7 5 5 7
 27 27 30 30 30 28 31 31 42 42 60 77 77 118 39 39 23 23 23 33 33 28 15 15 13 13 15 15 15 13 14 14 8 8 8 7 7 5 7 7 7 7 7 9 9 8
 27 27 30 30 30 28 31 31 42 42 60 77 77 118 39 39 23 23 23 33 33 28 15 15 13 13 15 15 15 13 14 14 8 8 8 7 7 5 7 7 7 7 7 9 9 8
 31 31 33 33 33 38 33 33 43 43 59 118 118 129 166 166 43 43 36 37 37 34 22 22 21 21 18 17 17 14 18 18 13 13 10 9 9 9 8 8 11 11 15 16 16 11
 37 37 32 33 33 46 36 36 37 37 40 45 45 83 136 136 45 45 34 36 36 32 37 37 38 38 23 20 20 18 17 17 14 14 11 6 6 10 9 9 13 13 18 23 23 11
 37 37 32 33 33 46 36 36 37 37 40 45 45 83 136 136 45 45 34 36 36 32 37 37 38 38 23 20 20 18 17 17 14 14 11 6 6 10 9 9 13 13 18 23 23 11
 59 59 39 32 32 53 52 52 38 38 34 32 32 52 67 67 42 42 40 36 36 36 35 35 42 42 30 26 26 22 21 21 16 16 10 12 12 13 16 16 15 15 23 29 29 15
 45 45 34 31 31 41 51 51 36 36 34 40 40 55 58 58 37 37 38 40 40 38 36 36 37 37 29 27 27 21 18 18 12 12 12 20 20 27 27 27 21 21 25 25 25 20
 45 45 34 31 31 41 51 51 36 36 34 40 40 55 58 58 37 37 38 40 40 38 36 36 37 37 29 27 27 21 18 18 12 12 12 20 20 27 27 27 21 21 25 25 25 20
 28 28 28 29 29 39 36 36 37 37 30 38 38 63 85 85 70 70 50 43 43 47 50 50 35 35 33 28 28 18 15 15 15 15 18 23 23 27 26 26 22 22 30 30 30 30
 28 28 28 29 29 39 36 36 37 37 30 38 38 63 85 85 70 70 50 43 43 47 50 50 35 35 33 28 28 18 15 15 15 15 18 23 23 27 26 26 22 22 30 30 30 30
 18 18 21 22 22 34 27 27 31 31 29 31 31 56 105 105 85 85 57 62 62 54 59 59 32 32 29 22 22 22 22 22 22 22 19 22 22 24 27 27 27 27 37 28 28 26
 14 14 16 22 22 28 30 30 30 30 40 51 51 48 92 92 123 123 57 69 69 65 59 59 33 33 26 27 27 25 23 23 22 22 21 28 28 25 25 25 32 32 36 34 34 30
 14 14 16 22 22 28 30 30 30 30 40 51 51 48 92 92 123 123 57 69 69 65 59 59 33 33 26 27 27 25 23 23 22 22 21 28 28 25 25 25 32 32 36 34 34 30
 18 18 17 20 20 27 34 34 29 29 40 55 55 60 94 94 129 129 92 77 77 67 46 46 36 36 26 22 22 25 27 27 24 24 22 28 28 27 29 29 38 38 33 33 33 31
 22 22 19 22 22 32 41 41 46 46 48 54 54 62 73 73 103 103 90 83 83 57 42 42 34 34 28 23 23 29 30 30 25 25 27 27 27 24 32 32 31 31 32 27 27 26
 22 22 19 22 22 32 41 41 46 46 48 54 54 62 73 73 103 103 90 83 83 57 42 42 34 34 28 23 23 29 30 30 25 25 27 27 27 24 32 32 31 31 32 27 27 26
 16 16 16 22 22 31 38 38 46 46 57 61 61 78 72 72 99 99 100 76 76 53 37 37 30 30 26 31 31 24 34 34 22 22 25 26 26 25 31 31 29 29 30 26 26 19
 16 16 16 22 22 31 38 38 46 46 57 61 61 78 72 72 99 99 100 76 76 53 37 37 30 30 26 31 31 24 34 34 22 22 25 26 26 25 31 31 29 29 30 26 26 19
 20 20 14 22 22 34 39 39 46 46 54 87 87 71 83 83 87 87 73 82 82 79 52 52 29 29 23 18 18 17 21 21 25 25 29 30 30 25 26 26 30 30 28 22 22 18
 20 20 12 17 17 29 31 31 29 29 40 86 86 122 83 83 109 109 97 82 82 68 46 46 21 21 17 22 22 23 26 26 29 29 39 44 44 28 23 23 25 25 23 20 20 11
 20 20 12 17 17 29 31 31 29 29 40 86 86 122 83 83 109 109 97 82 82 68 46 46 21 21 17 22 22 23 26 26 29 29 39 44 44 28 23 23 25 25 23 20 20 11
 22 22 19 26 26 32 36 36 27 27 28 53 53 81 66 66 99 99 84 175 175 82 81 81 19 19 19 21 21 21 27 27 30 30 44 40 40 60 18 18 23 23 23 18 18 18
 22 22 30 36 36 28 23 23 21 21 19 34 34 76 63 63 99 99 84 82 82 32 85 85 24 24 25 25 25 24 23 23 27 27 40 36 36 33 25 25 22 22 22 20 20 20
 22 22 30 36 36 28 23 23 21 21 19 34 34 76 63 63 99 99 84 82 82 32 85 85 24 24 25 25 25 24 23 23 27 27 40 36 36 33 25 25 22 22 22 20 20 20
 24 24 22 21 21 28 16 16 14 14 19 37 37 59 62 62 61 61 89 123 123 55 35 35 27 27 33 26 26 24 23 23 31 31 29 33 33 31 37 37 28 28 19 13 13 5
 24 24 22 21 21 28 16 16 14 14 19 37 37 59 62 62 61 61 89 123 123 55 35 35 27 27 33 26 26 24 23 23 31 31 29 33 33 31 37 37 28 28 19 13 13 5
 26 26 12 13 13 11 10 10 11 11 21 41 41 58 56 56 72 72 58 79 79 65 60 60 42 42 36 29 29 34 30 30 24 24 18 19 19 29 32 32 23 23 20 9 9 4
 11 11 8 6 6 7 8 8 10 10 18 40 40 44 35 35 74 74 100 115 115 105 77 77 73 73 58 35 35 31 26 26 19 19 16 16 16 24 27 27 24 24 15 5 5 3
 11 11 8 6 6 7 8 8 10 10 18 40 40 44 35 35 74 74 100 115 115 105 77 77 73 73 58 35 35 31 26 26 19 19 16 16 16 24 27 27 24 24 15 5 5 3
 8 8 6 5 5 5 8 8 9 9 18 33 33 31 39 39 82 82 111 119 119 105 112 112 78 78 62 37 37 36 27 27 18 18 15 16 16 17 27 27 24 24 10 5 5 2
 8 8 5 4 4 5 7 7 7 7 26 33 33 37 44 44 75 75 98 115 115 114 106 106 73 73 66 45 45 37 22 22 18 18 13 17 17 15 20 20 16 16 11 6 6 11
 8 8 5 4 4 5 7 7 7 7 26 33 33 37 44 44 75 75 98 115 115 114 106 106 73 73 66 45 45 37 22 22 18 18 13 17 17 15 20 20 16 16 11 6 6 11
 9 9 9 4 4 8 7 7 8 8 17 28 28 33 44 44 71 71 83 106 106 101 98 98 46 46 49 47 47 30 16 16 10 10 13 16 16 23 19 19 17 17 12 7 7 3
 9 9 9 4 4 8 7 7 8 8 17 28 28 33 44 44 71 71 83 106 106 101 98 98 46 46 49 47 47 30 16 16 10 10 13 16 16 23 19 19 17 17 12 7 7 3
 10 10 24 5 5 8 7 7 9 9 22 29 29 31 39 39 42 42 76 93 93 100 96 96 55 55 48 34 34 27 20 20 11 11 22 25 25 26 25 25 17 17 7 2 2 2
 3 3 15 15 15 19 17 17 17 17 26 35 35 34 33 33 38 38 68 75 75 88 92 92 57 57 33 18 18 21 20 20 19 19 19 23 23 27 22 22 13 13 3 1 1 1
 3 3 15 15 15 19 17 17 17 17 26 35 35 34 33 33 38 38 68 75 75 88 92 92 57 57 33 18 18 21 20 20 19 19 19 23 23 27 22 22 13 13 3 1 1 1
 3 3 3 5 5 10 17 17 19 19 26 31 31 29 33 33 35 35 63 69 69 76 75 75 72 72 48 19 19 18 20 20 16 16 18 14 14 16 15 15 8 8 2 2 2 1
 2 2 3 5 5 8 18 18 21 21 26 28 28 22 26 26 26 26 33 42 42 73 76 76 74 74 46 19 19 30 29 29 14 14 13 9 9 14 13 13 9 9 7 5 5 3
 2 2 3 5 5 8 18 18 21 21 26 28 28 22 26 26 26 26 33 42 42 73 76 76 74 74 46 19 19 30 29 29 14 14 13 9 9 14 13 13 9 9 7 5 5 3
 2 2 2 2 2 4 3 3 4 4 10 15 15 18 21 21 24 24 25 34 34 50 47 47 78 78 58 68 68 107 26 26 7 7 10 7 7 4 3 3 8 8 8 6 6 2
 2 2 2 2 2 4 3 3 4 4 10 15 15 18 21 21 24 24 25 34 34 50 47 47 78 78 58 68 68 107 26 26 7 7 10 7 7 4 3 3 8 8 8 6 6 2
 2 2 2 1 1 3 4 4 5 5 6 5 5 5 18 18 22 22 24 40 40 55 56 56 70 70 51 72 72 103 102 102 25 25 9 8 8 4 5 5 10 10 4 7 7 2
 1 1 1 1 1 2 2 2 3 3 4 5 5 7 12 12 21 21 37 47 47 44 46 46 64 64 125 116 116 97 6 6 25 25 6 5 5 6 7 7 8 8 2 1 1 1
 1 1 1 1 1 2 2 2 3 3 4 5 5 7 12 12 21 21 37 47 47 44 46 46 64 64 125 116 116 97 6 6 25 25 6 5 5 6 7 7 8 8 2 1 1 1
 1 1 1 1 1 2 2 2 4 4 7 8 8 10 14 14 21 21 36 39 39 34 42 42 45 45 92 111 111 98 11 11 8 8 5 4 4 2 4 4 3 3 1 1 1 0
 1 1 1 2 2 3 4 4 5 5 9 11 11 12 11 11 21 21 25 28 28 32 32 32 34 34 80 125 125 126 55 55 3 3 3 2 2 1 1 1 2 2 3 2 2 0
