assets/RAT_results/precipitation/2021-03-11_IMERG.asc
ncols        46
nrows        77
xllcorner    74.800261325624
yllcorner    8.058333333333
cellsize     0.062500000000
NODATA_value -9999
 1 1 1 2 2 9 4 4 12 12 4 1 1 0 2 2 14 14 21 19 19 16 9 9 8 8 6 4 4 1 0 0 0 0 0 0 0 0 0 0 0 0 0 0 0 0
 1 1 0 2 2 12 7 7 3 3 1 0 0 0 0 0 3 3 8 6 6 3 6 6 7 7 7 2 2 0 0 0 0 0 0 0 0 0 0 0 0 0 0 0 0 0
 1 1 0 2 2 12 7 7 3 3 1 0 0 0 0 0 3 3 8 6 6 3 6 6 7 7 7 2 2 0 0 0 0 0 0 0 0 0 0 0 0 0 0 0 0 0
 0 0 0 2 2 9 4 4 2 2 0 0 0 0 0 0 0 0 1 1 1 1 8 8 6 6 5 1 1 0 0 0 0 0 0 0 0 0 0 0 0 0 0 0 0 0
 1 1 2 2 2 1 3 3 0 0 0 0 0 0 0 0 0 0 0 0 0 1 3 3 1 1 1 2 2 0 0 0 0 0 0 0 0 0 0 0 0 0 0 0 0 0
 1 1 2 2 2 1 3 3 0 0 0 0 0 0 0 0 0 0 0 0 0 1 3 3 1 1 1 2 2 0 0 0 0 0 0 0 0 0 0 0 0 0 0 0 0 0
 2 2 4 4 4 5 11 11 1 1 0 0 0 0 0 0 0 0 0 0 0 0 0 0 0 0 2 5 5 0 0 0 0 0 0 0 0 0 0 0 0 0 0 0 0 0
 2 2 4 4 4 5 11 11 1 1 0 0 0 0 0 0 0 0 0 0 0 0 0 0 0 0 2 5 5 0 0 0 0 0 0 0 0 0 0 0 0 0 0 0 0 0
 4 4 4 17 17 33 32 32 4 4 3 3 3 2 0 0 0 0 0 0 0 0 0 0 0 0 0 0 0 0 0 0 0 0 0 0 0 0 0 0 0 0 0 0 0 0
 12 12 15 40 40 51 41 41 17 17 4 3 3 2 2 2 2 2 0 1 1 0 1 1 0 0 0 0 0 0 0 0 0 0 0 0 0 0 0 0 0 0 0 0 0 0
 12 12 15 40 40 51 41 41 17 17 4 3 3 2 2 2 2 2 0 1 1 0 1 1 0 0 0 0 0 0 0 0 0 0 0 0 0 0 0 0 0 0 0 0 0 0
 28 28 31 43 43 61 23 23 19 19 18 13 13 5 5 5 3 3 0 2 2 0 3 3 3 3 1 0 0 0 0 0 0 0 0 0 0 0 0 0 0 0 0 0 0 0
 39 39 42 50 50 70 39 39 40 40 37 16 16 17 5 5 5 5 2 2 2 4 6 6 5 5 4 0 0 0 0 0 0 0 0 0 0 0 0 0 0 0 0 0 0 0
 39 39 42 50 50 70 39 39 40 40 37 16 16 17 5 5 5 5 2 2 2 4 6 6 5 5 4 0 0 0 0 0 0 0 0 0 0 0 0 0 0 0 0 0 0 0
 51 51 58 75 75 69 58 58 46 46 40 36 36 19 18 18 14 14 3 3 3 7 10 10 10 10 3 1 1 0 0 0 0 0 0 0 0 0 0 0 0 0 0 0 0 0
 51 51 58 75 75 69 58 58 46 46 40 36 36 19 18 18 14 14 3 3 3 7 10 10 10 10 3 1 1 0 0 0 0 0 0 0 0 0 0 0 0 0 0 0 0 0
 51 51 67 71 71 91 61 61 58 58 56 32 32 27 20 20 16 16 7 19 19 14 11 11 7 7 2 0 0 0 0 0 0 0 0 0 0 0 0 0 0 0 0 0 0 0
 54 54 65 80 80 85 68 68 63 63 52 38 38 26 25 25 21 21 10 24 24 27 9 9 2 2 0 0 0 0 0 0 0 0 0 0 0 0 0 0 0 0 0 0 0 0
 54 54 65 80 80 85 68 68 63 63 52 38 38 26 25 25 21 21 10 24 24 27 9 9 2 2 0 0 0 0 0 0 0 0 0 0 0 0 0 0 0 0 0 0 0 0
 68 68 59 75 75 72 66 66 62 62 60 37 37 34 32 32 30 30 12 32 32 11 4 4 2 2 0 0 0 0 0 0 0 0 0 0 0 0 0 0 0 0 0 0 0 0
 53 53 63 77 77 69 66 66 63 63 63 43 43 42 33 33 15 15 14 10 10 10 1 1 0 0 0 0 0 0 1 1 0 0 0 0 0 0 0 0 0 0 0 0 0 0
 53 53 63 77 77 69 66 66 63 63 63 43 43 42 33 33 15 15 14 10 10 10 1 1 0 0 0 0 0 0 1 1 0 0 0 0 0 0 0 0 0 0 0 0 0 0
 78 78 75 45 45 65 53 53 59 59 63 40 40 43 43 43 15 15 14 10 10 2 1 1 0 0 0 0 0 2 3 3 2 2 1 0 0 0 0 0 0 0 0 0 0 0
 78 78 75 45 45 65 53 53 59 59 63 40 40 43 43 43 15 15 14 10 10 2 1 1 0 0 0 0 0 2 3 3 2 2 1 0 0 0 0 0 0 0 0 0 0 0
 42 42 69 59 59 63 58 58 49 49 38 40 40 42 42 42 16 16 16 12 12 4 1 1 0 0 0 0 0 1 1 1 1 1 0 0 0 0 0 0 0 0 0 0 0 0
 63 63 64 54 54 37 36 36 36 36 38 44 44 44 38 38 18 18 18 17 17 1 1 1 0 0 1 0 0 3 0 0 0 0 0 0 0 0 0 0 0 0 0 0 0 0
 63 63 64 54 54 37 36 36 36 36 38 44 44 44 38 38 18 18 18 17 17 1 1 1 0 0 1 0 0 3 0 0 0 0 0 0 0 0 0 0 0 0 0 0 0 0
 46 46 45 33 33 32 32 32 38 38 42 43 43 63 31 31 16 16 15 14 14 2 1 1 1 1 1 0 0 1 0 0 0 0 0 1 1 1 0 0 0 0 0 0 0 0
 60 60 57 34 34 31 32 32 27 27 31 42 42 67 34 34 19 19 15 14 14 4 2 2 1 1 0 0 0 0 0 0 0 0 1 1 1 1 0 0 0 0 0 0 0 0
 60 60 57 34 34 31 32 32 27 27 31 42 42 67 34 34 19 19 15 14 14 4 2 2 1 1 0 0 0 0 0 0 0 0 1 1 1 1 0 0 0 0 0 0 0 0
 43 43 40 36 36 45 48 48 36 36 43 37 37 32 18 18 13 13 12 8 8 7 4 4 1 1 1 1 1 10 3 3 0 0 0 0 0 0 0 0 0 0 0 0 0 0
 43 43 40 36 36 45 48 48 36 36 43 37 37 32 18 18 13 13 12 8 8 7 4 4 1 1 1 1 1 10 3 3 0 0 0 0 0 0 0 0 0 0 0 0 0 0
 35 35 40 50 50 48 69 69 63 63 42 47 47 43 21 21 17 17 12 12 12 10 6 6 3 3 15 14 14 10 9 9 1 1 0 0 0 0 0 0 0 0 0 0 0 0
 44 44 58 54 54 69 77 77 41 41 33 45 45 48 71 71 18 18 12 6 6 10 6 6 9 9 12 20 20 13 12 12 8 8 0 0 0 0 0 0 0 0 0 0 0 0
 44 44 58 54 54 69 77 77 41 41 33 45 45 48 71 71 18 18 12 6 6 10 6 6 9 9 12 20 20 13 12 12 8 8 0 0 0 0 0 0 0 0 0 0 0 0
 66 66 54 51 51 56 55 55 32 32 32 43 43 27 69 69 11 11 9 2 2 5 13 13 26 26 14 10 10 23 9 9 4 4 0 0 0 0 0 0 0 0 0 0 0 0
 63 63 37 51 51 55 58 58 28 28 26 26 26 12 5 5 2 2 6 2 2 67 80 80 121 121 56 11 11 16 11 11 9 9 0 0 0 0 0 0 0 0 0 0 0 0
 63 63 37 51 51 55 58 58 28 28 26 26 26 12 5 5 2 2 6 2 2 67 80 80 121 121 56 11 11 16 11 11 9 9 0 0 0 0 0 0 0 0 0 0 0 0
 69 69 38 38 38 39 16 16 13 13 9 24 24 9 4 4 1 1 1 1 1 69 95 95 76 76 46 25 25 11 9 9 9 9 3 0 0 1 0 0 0 0 0 0 0 0
 69 69 38 38 38 39 16 16 13 13 9 24 24 9 4 4 1 1 1 1 1 69 95 95 76 76 46 25 25 11 9 9 9 9 3 0 0 1 0 0 0 0 0 0 0 0
 33 33 31 28 28 26 8 8 7 7 4 4 4 2 1 1 1 1 0 2 2 1 20 20 29 29 33 27 27 20 18 18 9 9 11 7 7 6 4 4 4 4 10 1 1 1
 24 24 26 25 25 27 6 6 6 6 3 3 3 1 2 2 2 2 2 2 2 1 5 5 9 9 28 26 26 20 21 21 22 22 21 13 13 10 10 10 9 9 6 1 1 1
 24 24 26 25 25 27 6 6 6 6 3 3 3 1 2 2 2 2 2 2 2 1 5 5 9 9 28 26 26 20 21 21 22 22 21 13 13 10 10 10 9 9 6 1 1 1
 23 23 23 22 22 23 5 5 3 3 1 2 2 1 2 2 4 4 23 23 23 24 23 23 5 5 10 37 37 25 36 36 78 78 20 15 15 4 7 7 8 8 0 0 0 0
 14 14 14 21 21 22 4 4 2 2 1 1 1 1 2 2 3 3 6 24 24 23 25 25 5 5 8 22 22 9 36 36 29 29 78 0 0 2 0 0 0 0 0 0 0 0
 14 14 14 21 21 22 4 4 2 2 1 1 1 1 2 2 3 3 6 24 24 23 25 25 5 5 8 22 22 9 36 36 29 29 78 0 0 2 0 0 0 0 0 0 0 0
 14 14 14 13 13 2 5 5 3 3 2 1 1 1 2 2 4 4 7 8 8 13 13 13 19 19 1 9 9 0 0 0 0 0 0 0 0 0 0 0 0 0 0 0 0 0
 14 14 14 13 13 2 5 5 3 3 2 1 1 1 2 2 4 4 7 8 8 13 13 13 19 19 1 9 9 0 0 0 0 0 0 0 0 0 0 0 0 0 0 0 0 0
 4 4 2 1 1 1 2 2 2 2 5 2 2 1 2 2 5 5 7 9 9 28 13 13 21 21 1 2 2 1 1 1 1 1 1 0 0 0 0 0 0 0 0 0 0 0
 30 30 4 2 2 3 1 1 1 1 1 1 1 0 1 1 4 4 7 29 29 29 15 15 17 17 3 3 3 3 3 3 2 2 2 1 1 1 0 0 0 0 0 0 0 0
 30 30 4 2 2 3 1 1 1 1 1 1 1 0 1 1 4 4 7 29 29 29 15 15 17 17 3 3 3 3 3 3 2 2 2 1 1 1 0 0 0 0 0 0 0 0
 33 33 31 13 13 8 7 7 3 3 0 0 0 0 1 1 2 2 4 5 5 5 15 15 26 26 6 7 7 7 6 6 5 5 20 18 18 2 0 0 0 0 0 0 0 0
 63 63 53 37 37 35 34 34 7 7 4 4 4 0 1 1 1 1 3 3 3 14 14 14 16 16 8 8 8 19 18 18 11 11 20 24 24 5 1 1 0 0 0 0 0 0
 63 63 53 37 37 35 34 34 7 7 4 4 4 0 1 1 1 1 3 3 3 14 14 14 16 16 8 8 8 19 18 18 11 11 20 24 24 5 1 1 0 0 0 0 0 0
 122 122 51 69 69 47 32 32 32 32 3 0 0 0 1 1 1 1 3 4 4 15 55 55 36 36 39 18 18 18 19 19 12 12 77 11 11 7 2 2 1 1 0 8 8 3
 122 122 51 69 69 47 32 32 32 32 3 0 0 0 1 1 1 1 3 4 4 15 55 55 36 36 39 18 18 18 19 19 12 12 77 11 11 7 2 2 1 1 0 8 8 3
 115 115 105 65 65 67 56 56 32 32 0 0 0 1 1 1 2 2 2 6 6 54 56 56 36 36 43 32 32 33 18 18 13 13 15 15 15 12 4 4 1 1 0 7 7 4
 38 38 103 35 35 66 55 55 1 1 0 0 0 1 2 2 3 3 3 122 122 127 128 128 35 35 42 34 34 36 21 21 20 20 17 15 15 13 6 6 2 2 6 10 10 2
 38 38 103 35 35 66 55 55 1 1 0 0 0 1 2 2 3 3 3 122 122 127 128 128 35 35 42 34 34 36 21 21 20 20 17 15 15 13 6 6 2 2 6 10 10 2
 31 31 31 23 23 22 22 22 0 0 0 1 1 4 5 5 7 7 6 123 123 124 128 128 118 118 69 30 30 34 24 24 24 24 19 15 15 12 7 7 2 2 20 15 15 1
 17 17 13 12 12 12 12 12 0 0 0 2 2 5 7 7 7 7 9 114 114 114 115 115 119 119 49 93 93 40 25 25 24 24 21 14 14 10 4 4 4 4 89 20 20 3
 17 17 13 12 12 12 12 12 0 0 0 2 2 5 7 7 7 7 9 114 114 114 115 115 119 119 49 93 93 40 25 25 24 24 21 14 14 10 4 4 4 4 89 20 20 3
 12 12 4 4 4 12 12 12 0 0 0 1 1 3 5 5 8 8 10 5 5 4 63 63 67 67 100 95 95 38 53 53 29 29 19 26 26 7 2 2 1 1 18 8 8 3
 12 12 4 4 4 12 12 12 0 0 0 1 1 3 5 5 8 8 10 5 5 4 63 63 67 67 100 95 95 38 53 53 29 29 19 26 26 7 2 2 1 1 18 8 8 3
 12 12 4 3 3 3 0 0 0 0 0 0 0 1 3 3 7 7 17 5 5 4 159 159 65 65 106 113 113 49 51 51 27 27 14 11 11 9 2 2 7 7 12 3 3 3
 7 7 3 1 1 0 0 0 0 0 4 8 8 12 18 18 29 29 45 65 65 79 90 90 98 98 88 99 99 81 67 67 49 49 30 15 15 7 8 8 11 11 7 5 5 5
 7 7 3 1 1 0 0 0 0 0 4 8 8 12 18 18 29 29 45 65 65 79 90 90 98 98 88 99 99 81 67 67 49 49 30 15 15 7 8 8 11 11 7 5 5 5
 5 5 3 0 0 0 0 0 4 4 6 10 10 17 24 24 38 38 58 71 71 80 87 87 88 88 97 97 97 89 67 67 43 43 26 16 16 9 9 9 12 12 9 12 12 8
 2 2 1 0 0 0 0 0 1 1 4 8 8 12 16 16 25 25 38 55 55 68 73 73 71 71 64 64 64 54 41 41 19 19 10 4 4 2 8 8 8 8 10 10 10 8
 2 2 1 0 0 0 0 0 1 1 4 8 8 12 16 16 25 25 38 55 55 68 73 73 71 71 64 64 64 54 41 41 19 19 10 4 4 2 8 8 8 8 10 10 10 8
 3 3 1 0 0 5 6 6 2 2 6 4 4 5 7 7 12 12 16 20 20 19 17 17 20 20 23 27 27 17 16 16 13 13 10 5 5 8 22 22 15 15 7 9 9 14
 3 3 1 0 0 5 6 6 2 2 6 4 4 5 7 7 12 12 16 20 20 19 17 17 20 20 23 27 27 17 16 16 13 13 10 5 5 8 22 22 15 15 7 9 9 14
 5 5 3 1 1 0 0 0 1 1 1 1 1 2 2 2 3 3 3 2 2 2 1 1 1 1 2 1 1 1 3 3 3 3 1 1 1 4 19 19 3 3 11 9 9 33
 11 11 22 8 8 6 4 4 3 3 2 1 1 1 2 2 3 3 5 4 4 2 1 1 1 1 1 0 0 0 2 2 0 0 2 2 2 0 2 2 0 0 11 8 8 32
 11 11 22 8 8 6 4 4 3 3 2 1 1 1 2 2 3 3 5 4 4 2 1 1 1 1 1 0 0 0 2 2 0 0 2 2 2 0 2 2 0 0 11 8 8 32
 10 10 19 21 21 31 35 35 7 7 6 4 4 3 3 3 3 3 3 3 3 1 1 1 1 1 0 0 0 0 0 0 0 0 2 2 2 1 2 2 0 0 20 33 33 32
 5 5 4 15 15 9 28 28 2 2 5 6 6 6 5 5 5 5 3 2 2 0 0 0 0 0 1 2 2 2 1 1 0 0 1 1 1 1 1 1 2 2 0 1 1 18
