assets/RAT_results/precipitation/2022-10-05_IMERG.asc
ncols        46
nrows        77
xllcorner    74.800261325624
yllcorner    8.058333333333
cellsize     0.062500000000
NODATA_value -9999
 10 10 8 6 6 5 2 2 1 1 1 1 1 1 7 7 5 5 4 4 4 3 3 3 0 0 0 1 1 0 0 0 1 1 2 3 3 1 1 1 0 0 0 0 0 0
 4 4 5 8 8 5 7 7 5 5 5 4 4 2 3 3 2 2 3 2 2 1 3 3 2 2 3 0 0 0 1 1 1 1 1 2 2 2 2 2 1 1 0 0 0 0
 4 4 5 8 8 5 7 7 5 5 5 4 4 2 3 3 2 2 3 2 2 1 3 3 2 2 3 0 0 0 1 1 1 1 1 2 2 2 2 2 1 1 0 0 0 0
 2 2 3 12 12 13 19 19 17 17 18 16 16 8 9 9 2 2 3 1 1 1 1 1 3 3 2 3 3 0 0 0 2 2 1 2 2 7 4 4 1 1 0 0 0 0
 0 0 2 2 2 9 21 21 27 27 15 11 11 7 2 2 2 2 2 1 1 1 1 1 3 3 3 2 2 1 0 0 0 0 0 0 0 1 3 3 2 2 1 0 0 0
 0 0 2 2 2 9 21 21 27 27 15 11 11 7 2 2 2 2 2 1 1 1 1 1 3 3 3 2 2 1 0 0 0 0 0 0 0 1 3 3 2 2 1 0 0 0
 0 0 0 1 1 2 10 10 13 13 10 7 7 6 3 3 2 2 2 1 1 1 2 2 1 1 3 6 6 5 1 1 0 0 2 2 2 2 4 4 2 2 1 0 0 1
 0 0 0 1 1 2 10 10 13 13 10 7 7 6 3 3 2 2 2 1 1 1 2 2 1 1 3 6 6 5 1 1 0 0 2 2 2 2 4 4 2 2 1 0 0 1
 0 0 0 0 0 0 5 5 3 3 5 2 2 2 3 3 2 2 2 1 1 2 1 1 3 3 9 12 12 7 1 1 0 0 4 2 2 2 3 3 10 10 7 8 8 7
 1 1 1 1 1 2 3 3 6 6 4 2 2 2 2 2 3 3 4 4 4 6 5 5 5 5 4 5 5 4 1 1 1 1 2 3 3 4 5 5 8 8 11 15 15 13
 1 1 1 1 1 2 3 3 6 6 4 2 2 2 2 2 3 3 4 4 4 6 5 5 5 5 4 5 5 4 1 1 1 1 2 3 3 4 5 5 8 8 11 15 15 13
 2 2 3 3 3 6 8 8 8 8 6 5 5 4 3 3 5 5 12 18 18 20 20 20 16 16 12 7 7 4 2 2 1 1 1 2 2 7 7 7 7 7 13 11 11 14
 4 4 4 4 4 10 13 13 11 11 11 9 9 8 6 6 5 5 7 16 16 18 12 12 10 10 9 6 6 4 3 3 2 2 2 3 3 3 5 5 6 6 6 6 6 7
 4 4 4 4 4 10 13 13 11 11 11 9 9 8 6 6 5 5 7 16 16 18 12 12 10 10 9 6 6 4 3 3 2 2 2 3 3 3 5 5 6 6 6 6 6 7
 2 2 3 3 3 5 9 9 10 10 11 10 10 10 13 13 15 15 9 6 6 5 3 3 3 3 4 6 6 5 4 4 4 4 3 2 2 2 3 3 3 3 3 3 3 4
 2 2 3 3 3 5 9 9 10 10 11 10 10 10 13 13 15 15 9 6 6 5 3 3 3 3 4 6 6 5 4 4 4 4 3 2 2 2 3 3 3 3 3 3 3 4
 1 1 3 7 7 6 3 3 8 8 11 11 11 10 9 9 9 9 10 7 7 7 2 2 1 1 2 5 5 5 3 3 3 3 2 1 1 1 1 1 1 1 1 2 2 3
 1 1 3 5 5 4 3 3 3 3 12 16 16 11 5 5 6 6 12 6 6 5 4 4 3 3 3 3 3 3 4 4 3 3 3 2 2 1 1 1 1 1 1 1 1 1
 1 1 3 5 5 4 3 3 3 3 12 16 16 11 5 5 6 6 12 6 6 5 4 4 3 3 3 3 3 3 4 4 3 3 3 2 2 1 1 1 1 1 1 1 1 1
 2 2 3 4 4 4 6 6 6 6 7 25 25 16 9 9 7 7 11 8 8 6 6 6 8 8 8 6 6 7 6 6 5 5 4 4 4 3 2 2 1 1 0 0 0 1
 3 3 4 5 5 5 7 7 7 7 8 18 18 15 17 17 19 19 21 15 15 13 12 12 9 9 8 9 9 8 6 6 4 4 3 2 2 2 3 3 1 1 1 1 1 1
 3 3 4 5 5 5 7 7 7 7 8 18 18 15 17 17 19 19 21 15 15 13 12 12 9 9 8 9 9 8 6 6 4 4 3 2 2 2 3 3 1 1 1 1 1 1
 5 5 6 8 8 9 10 10 11 11 12 11 11 27 37 37 36 36 34 28 28 19 11 11 6 6 4 4 4 5 5 5 4 4 2 1 1 1 1 1 1 1 1 1 1 0
 5 5 6 8 8 9 10 10 11 11 12 11 11 27 37 37 36 36 34 28 28 19 11 11 6 6 4 4 4 5 5 5 4 4 2 1 1 1 1 1 1 1 1 1 1 0
 7 7 8 8 8 10 12 12 13 13 13 12 12 27 32 32 31 31 28 22 22 16 11 11 8 8 4 1 1 2 4 4 3 3 3 3 3 3 4 4 3 3 1 1 1 0
 7 7 8 8 8 9 11 11 13 13 13 11 11 12 24 24 27 27 25 21 21 17 17 17 18 18 6 1 1 1 1 1 2 2 2 3 3 1 1 1 1 1 1 1 1 0
 7 7 8 8 8 9 11 11 13 13 13 11 11 12 24 24 27 27 25 21 21 17 17 17 18 18 6 1 1 1 1 1 2 2 2 3 3 1 1 1 1 1 1 1 1 0
 4 4 6 5 5 6 7 7 8 8 9 8 8 8 10 10 23 23 24 22 22 19 16 16 11 11 3 2 2 0 1 1 1 1 2 0 0 0 0 0 0 0 1 0 0 1
 3 3 4 4 4 5 6 6 7 7 7 7 7 7 7 7 16 16 21 19 19 12 7 7 4 4 1 0 0 0 0 0 0 0 0 0 0 0 0 0 0 0 0 0 0 1
 3 3 4 4 4 5 6 6 7 7 7 7 7 7 7 7 16 16 21 19 19 12 7 7 4 4 1 0 0 0 0 0 0 0 0 0 0 0 0 0 0 0 0 0 0 1
 4 4 2 2 2 3 3 3 3 3 5 5 5 4 4 4 9 9 12 10 10 7 6 6 5 5 2 1 1 1 0 0 0 0 0 0 0 0 0 0 0 0 0 0 0 1
 4 4 2 2 2 3 3 3 3 3 5 5 5 4 4 4 9 9 12 10 10 7 6 6 5 5 2 1 1 1 0 0 0 0 0 0 0 0 0 0 0 0 0 0 0 1
 7 7 3 1 1 1 1 1 1 1 2 2 2 2 2 2 3 3 4 4 4 3 2 2 2 2 2 1 1 1 1 1 0 0 0 0 0 0 0 0 0 0 0 0 0 0
 7 7 10 4 4 1 1 1 0 0 0 1 1 1 1 1 1 1 2 2 2 2 2 2 2 2 1 1 1 0 0 0 0 0 1 0 0 0 0 0 0 0 0 0 0 0
 7 7 10 4 4 1 1 1 0 0 0 1 1 1 1 1 1 1 2 2 2 2 2 2 2 2 1 1 1 0 0 0 0 0 1 0 0 0 0 0 0 0 0 0 0 0
 6 6 6 7 7 4 2 2 0 0 0 0 0 0 0 0 1 1 1 1 1 1 0 0 1 1 1 1 1 1 1 1 0 0 0 0 0 0 0 0 0 0 0 0 0 0
 4 4 3 7 7 16 6 6 2 2 0 0 0 0 0 0 0 0 0 0 0 1 1 1 0 0 1 1 1 2 3 3 2 2 0 0 0 0 0 0 0 0 0 0 0 0
 4 4 3 7 7 16 6 6 2 2 0 0 0 0 0 0 0 0 0 0 0 1 1 1 0 0 1 1 1 2 3 3 2 2 0 0 0 0 0 0 0 0 0 0 0 0
 1 1 5 6 6 21 7 7 6 6 1 0 0 0 0 0 0 0 0 0 0 0 1 1 0 0 0 1 1 1 3 3 0 0 0 0 0 0 0 0 2 2 0 0 0 0
 1 1 5 6 6 21 7 7 6 6 1 0 0 0 0 0 0 0 0 0 0 0 1 1 0 0 0 1 1 1 3 3 0 0 0 0 0 0 0 0 2 2 0 0 0 0
 1 1 4 9 9 22 21 21 4 4 2 1 1 0 0 0 0 0 1 1 1 2 6 6 2 2 1 0 0 0 1 1 0 0 0 0 0 3 1 1 0 0 0 0 0 0
 5 5 4 7 7 13 8 8 6 6 3 2 2 1 0 0 0 0 1 1 1 3 9 9 4 4 1 0 0 1 0 0 0 0 0 1 1 2 1 1 1 1 1 1 1 0
 5 5 4 7 7 13 8 8 6 6 3 2 2 1 0 0 0 0 1 1 1 3 9 9 4 4 1 0 0 1 0 0 0 0 0 1 1 2 1 1 1 1 1 1 1 0
 1 1 3 3 3 4 11 11 5 5 3 3 3 4 2 2 1 1 1 1 1 1 2 2 2 2 1 1 1 1 0 0 2 2 1 2 2 3 3 3 1 1 1 1 1 0
 0 0 2 5 5 3 5 5 7 7 6 8 8 7 4 4 4 4 2 1 1 1 1 1 2 2 2 5 5 4 1 1 2 2 0 1 1 2 6 6 1 1 0 0 0 0
 0 0 2 5 5 3 5 5 7 7 6 8 8 7 4 4 4 4 2 1 1 1 1 1 2 2 2 5 5 4 1 1 2 2 0 1 1 2 6 6 1 1 0 0 0 0
 0 0 0 0 0 1 1 1 3 3 4 11 11 14 9 9 5 5 9 1 1 1 1 1 2 2 2 3 3 2 1 1 1 1 1 1 1 0 0 0 0 0 0 0 0 0
 0 0 0 0 0 1 1 1 3 3 4 11 11 14 9 9 5 5 9 1 1 1 1 1 2 2 2 3 3 2 1 1 1 1 1 1 1 0 0 0 0 0 0 0 0 0
 1 1 1 1 1 1 1 1 1 1 4 5 5 25 21 21 16 16 13 7 7 1 1 1 1 1 1 2 2 2 1 1 0 0 0 0 0 0 1 1 0 0 0 0 0 0
 2 2 2 2 2 2 2 2 4 4 5 6 6 23 38 38 34 34 25 9 9 2 1 1 1 1 1 1 1 1 1 1 0 0 1 0 0 0 0 0 0 0 0 0 0 0
 2 2 2 2 2 2 2 2 4 4 5 6 6 23 38 38 34 34 25 9 9 2 1 1 1 1 1 1 1 1 1 1 0 0 1 0 0 0 0 0 0 0 0 0 0 0
 1 1 1 1 1 1 1 1 4 4 3 5 5 9 114 114 38 38 18 9 9 3 5 5 1 1 1 1 1 1 1 1 0 0 0 0 0 0 0 0 0 0 0 0 0 0
 2 2 0 0 0 2 4 4 2 2 1 2 2 3 12 12 22 22 21 7 7 2 14 14 4 4 1 1 1 1 1 1 0 0 0 0 0 0 0 0 0 0 0 0 0 0
 2 2 0 0 0 2 4 4 2 2 1 2 2 3 12 12 22 22 21 7 7 2 14 14 4 4 1 1 1 1 1 1 0 0 0 0 0 0 0 0 0 0 0 0 0 0
 0 0 1 1 1 6 7 7 2 2 0 1 1 1 3 3 9 9 15 11 11 6 13 13 5 5 2 2 2 1 1 1 0 0 0 0 0 0 0 0 0 0 0 0 0 0
 0 0 1 1 1 6 7 7 2 2 0 1 1 1 3 3 9 9 15 11 11 6 13 13 5 5 2 2 2 1 1 1 0 0 0 0 0 0 0 0 0 0 0 0 0 0
 0 0 1 2 2 7 7 7 8 8 1 1 1 1 0 0 2 2 3 9 9 8 25 25 2 2 3 3 3 6 1 1 1 1 1 0 0 0 1 1 1 1 1 0 0 0
 1 1 0 1 1 3 6 6 8 8 4 1 1 1 0 0 0 0 1 4 4 6 10 10 5 5 6 4 4 4 2 2 3 3 1 1 1 1 1 1 1 1 1 1 1 1
 1 1 0 1 1 3 6 6 8 8 4 1 1 1 0 0 0 0 1 4 4 6 10 10 5 5 6 4 4 4 2 2 3 3 1 1 1 1 1 1 1 1 1 1 1 1
 0 0 0 1 1 1 3 3 6 6 2 1 1 1 1 1 1 1 1 1 1 3 2 2 3 3 7 4 4 2 2 2 3 3 1 2 2 1 1 1 1 1 1 1 1 2
 0 0 0 0 0 1 1 1 3 3 2 1 1 1 1 1 1 1 1 1 1 3 2 2 2 2 1 2 2 3 3 3 4 4 3 1 1 1 1 1 1 1 1 1 1 1
 0 0 0 0 0 1 1 1 3 3 2 1 1 1 1 1 1 1 1 1 1 3 2 2 2 2 1 2 2 3 3 3 4 4 3 1 1 1 1 1 1 1 1 1 1 1
 0 0 0 0 0 0 0 0 1 1 1 1 1 1 1 1 2 2 2 2 2 3 2 2 1 1 2 2 2 3 3 3 2 2 4 1 1 1 1 1 1 1 1 1 1 1
 0 0 0 0 0 0 0 0 1 1 1 1 1 1 1 1 2 2 2 2 2 3 2 2 1 1 2 2 2 3 3 3 2 2 4 1 1 1 1 1 1 1 1 1 1 1
 1 1 1 1 1 0 1 1 1 1 1 1 1 1 0 0 1 1 1 2 2 3 1 1 1 1 2 2 2 2 2 2 1 1 4 5 5 1 1 1 2 2 1 0 0 0
 3 3 1 1 1 1 1 1 1 1 1 1 1 1 2 2 1 1 1 3 3 3 1 1 1 1 1 1 1 2 2 2 2 2 1 6 6 6 3 3 1 1 0 0 0 1
 3 3 1 1 1 1 1 1 1 1 1 1 1 1 2 2 1 1 1 3 3 3 1 1 1 1 1 1 1 2 2 2 2 2 1 6 6 6 3 3 1 1 0 0 0 1
 4 4 1 2 2 2 2 2 1 1 2 1 1 1 2 2 1 1 2 3 3 3 1 1 1 1 1 1 1 1 1 1 1 1 1 1 1 3 3 3 0 0 0 0 0 0
 7 7 2 2 2 2 3 3 1 1 1 1 1 3 2 2 3 3 2 5 5 2 1 1 1 1 2 1 1 0 0 0 0 0 0 0 0 1 0 0 0 0 1 0 0 0
 7 7 2 2 2 2 3 3 1 1 1 1 1 3 2 2 3 3 2 5 5 2 1 1 1 1 2 1 1 0 0 0 0 0 0 0 0 1 0 0 0 0 1 0 0 0
 8 8 4 2 2 2 3 3 1 1 1 1 1 4 2 2 1 1 2 2 2 3 2 2 2 2 1 1 1 0 0 0 0 0 0 0 0 1 0 0 1 1 0 1 1 0
 8 8 4 2 2 2 3 3 1 1 1 1 1 4 2 2 1 1 2 2 2 3 2 2 2 2 1 1 1 0 0 0 0 0 0 0 0 1 0 0 1 1 0 1 1 0
 3 3 2 2 2 1 1 1 1 1 0 1 1 1 0 0 1 1 1 1 1 2 1 1 1 1 1 1 1 1 1 1 0 0 0 0 0 0 1 1 1 1 0 0 0 0
 4 4 3 3 3 2 3 3 3 3 1 1 1 0 0 0 0 0 0 0 0 1 1 1 1 1 1 0 0 0 1 1 0 0 0 0 0 1 1 1 1 1 1 0 0 0
 4 4 3 3 3 2 3 3 3 3 1 1 1 0 0 0 0 0 0 0 0 1 1 1 1 1 1 0 0 0 1 1 0 0 0 0 0 1 1 1 1 1 1 0 0 0
 3 3 2 3 3 3 4 4 7 7 2 1 1 1 1 1 0 0 0 0 0 0 1 1 1 1 1 1 1 0 0 0 0 0 0 0 0 0 1 1 1 1 1 1 1 0
 1 1 2 2 2 2 4 4 9 9 4 2 2 2 1 1 1 1 1 1 1 1 1 1 1 1 3 2 2 0 0 0 1 1 1 0 0 0 0 0 1 1 3 1 1 0
