assets/RAT_results/precipitation/2022-10-17_IMERG.asc
ncols        46
nrows        77
xllcorner    74.800261325624
yllcorner    8.058333333333
cellsize     0.062500000000
NODATA_value -9999
 17 17 19 22 22 21 17 17 13 13 6 7 7 4 4 4 7 7 5 1 1 1 3 3 3 3 2 1 1 0 0 0 0 0 0 0 0 0 0 0 0 0 0 0 0 0
 17 17 20 25 25 26 20 20 20 20 10 5 5 3 2 2 3 3 2 0 0 1 2 2 3 3 6 2 2 0 0 0 0 0 0 0 0 0 0 0 0 0 0 0 0 0
 17 17 20 25 25 26 20 20 20 20 10 5 5 3 2 2 3 3 2 0 0 1 2 2 3 3 6 2 2 0 0 0 0 0 0 0 0 0 0 0 0 0 0 0 0 0
 19 19 15 16 16 15 21 21 10 10 5 1 1 4 2 2 2 2 1 0 0 0 0 0 1 1 3 1 1 0 0 0 0 0 0 0 0 0 0 0 0 0 0 0 0 0
 4 4 4 5 5 15 13 13 6 6 2 2 2 5 1 1 0 0 0 1 1 1 1 1 0 0 0 0 0 0 0 0 0 0 0 1 1 1 1 1 0 0 0 0 0 0
 4 4 4 5 5 15 13 13 6 6 2 2 2 5 1 1 0 0 0 1 1 1 1 1 0 0 0 0 0 0 0 0 0 0 0 1 1 1 1 1 0 0 0 0 0 0
 3 3 3 5 5 14 30 30 13 13 12 6 6 3 1 1 1 1 1 3 3 4 2 2 1 1 0 0 0 0 0 0 0 0 1 2 2 2 1 1 0 0 0 0 0 0
 3 3 3 5 5 14 30 30 13 13 12 6 6 3 1 1 1 1 1 3 3 4 2 2 1 1 0 0 0 0 0 0 0 0 1 2 2 2 1 1 0 0 0 0 0 0
 4 4 5 16 16 18 34 34 18 18 15 6 6 5 2 2 1 1 1 1 1 2 2 2 2 2 1 2 2 1 0 0 0 0 1 1 1 1 1 1 0 0 0 0 0 0
 6 6 9 11 11 13 26 26 21 21 11 6 6 4 2 2 1 1 10 5 5 1 1 1 0 0 1 3 3 2 0 0 0 0 1 1 1 0 0 0 0 0 0 0 0 0
 6 6 9 11 11 13 26 26 21 21 11 6 6 4 2 2 1 1 10 5 5 1 1 1 0 0 1 3 3 2 0 0 0 0 1 1 1 0 0 0 0 0 0 0 0 0
 6 6 8 5 5 12 24 24 16 16 6 3 3 2 2 2 10 10 10 5 5 0 0 0 0 0 1 2 2 3 1 1 0 0 1 1 1 0 0 0 0 0 0 0 0 1
 85 85 9 9 9 9 14 14 13 13 8 8 8 4 2 2 1 1 5 3 3 3 1 1 2 2 2 1 1 4 1 1 0 0 1 4 4 2 0 0 0 0 0 0 0 0
 85 85 9 9 9 9 14 14 13 13 8 8 8 4 2 2 1 1 5 3 3 3 1 1 2 2 2 1 1 4 1 1 0 0 1 4 4 2 0 0 0 0 0 0 0 0
 111 111 77 12 12 7 17 17 18 18 21 17 17 13 6 6 2 2 6 1 1 2 1 1 1 1 2 1 1 3 2 2 0 0 1 4 4 4 1 1 0 0 0 0 0 0
 111 111 77 12 12 7 17 17 18 18 21 17 17 13 6 6 2 2 6 1 1 2 1 1 1 1 2 1 1 3 2 2 0 0 1 4 4 4 1 1 0 0 0 0 0 0
 113 113 80 80 80 12 14 14 24 24 25 25 25 19 12 12 3 3 2 3 3 4 4 4 13 13 4 1 1 1 1 1 1 1 2 3 3 2 1 1 0 0 0 0 0 2
 93 93 96 71 71 73 15 15 13 13 21 24 24 19 15 15 4 4 2 4 4 10 20 20 21 21 13 5 5 1 1 1 3 3 4 6 6 4 2 2 0 0 0 0 0 1
 93 93 96 71 71 73 15 15 13 13 21 24 24 19 15 15 4 4 2 4 4 10 20 20 21 21 13 5 5 1 1 1 3 3 4 6 6 4 2 2 0 0 0 0 0 1
 99 99 97 71 71 72 19 19 20 20 16 18 18 19 13 13 5 5 5 6 6 13 10 10 16 16 16 6 6 1 3 3 5 5 6 8 8 13 13 13 26 26 22 13 13 3
 98 98 97 87 87 73 94 94 32 32 60 52 52 22 10 10 5 5 5 12 12 22 23 23 15 15 13 12 12 1 3 3 6 6 17 22 22 19 19 19 27 27 23 25 25 28
 98 98 97 87 87 73 94 94 32 32 60 52 52 22 10 10 5 5 5 12 12 22 23 23 15 15 13 12 12 1 3 3 6 6 17 22 22 19 19 19 27 27 23 25 25 28
 100 100 109 105 105 90 92 92 31 31 71 56 56 25 51 51 14 14 19 23 23 23 23 23 40 40 11 9 9 6 8 8 16 16 20 19 19 32 36 36 28 28 70 27 27 32
 100 100 109 105 105 90 92 92 31 31 71 56 56 25 51 51 14 14 19 23 23 23 23 23 40 40 11 9 9 6 8 8 16 16 20 19 19 32 36 36 28 28 70 27 27 32
 100 100 104 104 104 104 105 105 100 100 149 73 73 54 50 50 18 18 22 35 35 43 41 41 40 40 13 10 10 6 10 10 31 31 35 33 33 31 34 34 27 27 25 23 23 18
 12 12 92 91 91 108 106 106 103 103 104 76 76 64 59 59 32 32 39 37 37 45 40 40 31 31 5 4 4 11 9 9 12 12 28 11 11 7 7 7 10 10 25 23 23 23
 12 12 92 91 91 108 106 106 103 103 104 76 76 64 59 59 32 32 39 37 37 45 40 40 31 31 5 4 4 11 9 9 12 12 28 11 11 7 7 7 10 10 25 23 23 23
 17 17 94 94 94 107 109 109 112 112 103 149 149 45 81 81 83 83 73 61 61 67 46 46 46 46 14 14 14 14 3 3 4 4 10 9 9 7 15 15 9 9 29 21 21 22
 14 14 13 109 109 107 119 119 122 122 119 131 131 47 104 104 92 92 74 64 64 64 76 76 66 66 50 13 13 13 5 5 3 3 2 2 2 13 12 12 9 9 10 3 3 9
 14 14 13 109 109 107 119 119 122 122 119 131 131 47 104 104 92 92 74 64 64 64 76 76 66 66 50 13 13 13 5 5 3 3 2 2 2 13 12 12 9 9 10 3 3 9
 17 17 18 111 111 113 123 123 125 125 123 150 150 134 173 173 94 94 71 80 80 65 70 70 41 41 41 24 24 18 7 7 6 6 6 4 4 2 1 1 0 0 7 3 3 1
 17 17 18 111 111 113 123 123 125 125 123 150 150 134 173 173 94 94 71 80 80 65 70 70 41 41 41 24 24 18 7 7 6 6 6 4 4 2 1 1 0 0 7 3 3 1
 18 18 20 114 114 114 138 138 152 152 146 132 132 129 175 175 91 91 68 57 57 48 42 42 50 50 45 32 32 19 7 7 7 7 9 8 8 8 5 5 2 2 7 6 6 0
 25 25 27 119 119 119 143 143 157 157 151 134 134 129 89 89 86 86 50 57 57 50 44 44 37 37 31 27 27 21 8 8 6 6 10 15 15 16 15 15 8 8 7 6 6 0
 25 25 27 119 119 119 143 143 157 157 151 134 134 129 89 89 86 86 50 57 57 50 44 44 37 37 31 27 27 21 8 8 6 6 10 15 15 16 15 15 8 8 7 6 6 0
 17 17 25 121 121 145 148 148 164 164 169 161 161 154 96 96 114 114 75 53 53 46 38 38 46 46 34 27 27 17 11 11 7 7 8 10 10 11 10 10 5 5 5 1 1 0
 28 28 125 113 113 125 133 133 154 154 162 163 163 157 99 99 114 114 65 69 69 53 50 50 43 43 36 29 29 17 22 22 5 5 5 6 6 6 8 8 5 5 5 2 2 1
 28 28 125 113 113 125 133 133 154 154 162 163 163 157 99 99 114 114 65 69 69 53 50 50 43 43 36 29 29 17 22 22 5 5 5 6 6 6 8 8 5 5 5 2 2 1
 32 32 39 23 23 113 133 133 154 154 160 167 167 143 137 137 151 151 138 84 84 49 49 49 39 39 57 54 54 36 27 27 7 7 5 15 15 6 6 6 2 2 3 3 3 2
 32 32 39 23 23 113 133 133 154 154 160 167 167 143 137 137 151 151 138 84 84 49 49 49 39 39 57 54 54 36 27 27 7 7 5 15 15 6 6 6 2 2 3 3 3 2
 25 25 31 22 22 112 128 128 131 131 148 153 153 142 139 139 127 127 136 73 73 41 49 49 40 40 66 64 64 58 61 61 39 39 17 15 15 6 7 7 4 4 5 4 4 2
 31 31 31 18 18 14 100 100 102 102 121 150 150 142 138 138 128 128 135 99 99 75 90 90 59 59 91 81 81 78 69 69 45 45 44 27 27 11 12 12 10 10 11 8 8 5
 31 31 31 18 18 14 100 100 102 102 121 150 150 142 138 138 128 128 135 99 99 75 90 90 59 59 91 81 81 78 69 69 45 45 44 27 27 11 12 12 10 10 11 8 8 5
 37 37 22 21 21 16 98 98 101 101 119 129 129 130 125 125 126 126 150 110 110 81 52 52 63 63 99 95 95 102 92 92 63 63 52 40 40 15 27 27 30 30 23 21 21 11
 28 28 29 27 27 18 14 14 100 100 11 127 127 18 129 129 129 129 150 116 116 102 73 73 75 75 66 104 104 92 93 93 86 86 72 53 53 42 32 32 31 31 28 38 38 25
 28 28 29 27 27 18 14 14 100 100 11 127 127 18 129 129 129 129 150 116 116 102 73 73 75 75 66 104 104 92 93 93 86 86 72 53 53 42 32 32 31 31 28 38 38 25
 38 38 33 28 28 17 12 12 15 15 10 17 17 17 78 78 82 82 133 131 131 97 60 60 63 63 52 80 80 81 92 92 87 87 65 59 59 51 44 44 39 39 38 37 37 29
 38 38 33 28 28 17 12 12 15 15 10 17 17 17 78 78 82 82 133 131 131 97 60 60 63 63 52 80 80 81 92 92 87 87 65 59 59 51 44 44 39 39 38 37 37 29
 59 59 45 39 39 34 13 13 15 15 12 8 8 8 34 34 37 37 94 110 110 105 46 46 59 59 48 59 59 57 63 63 59 59 53 54 54 49 48 48 44 44 37 37 37 39
 60 60 68 44 44 32 15 15 17 17 17 10 10 11 53 53 51 51 92 108 108 49 34 34 40 40 41 50 50 53 56 56 56 56 51 60 60 47 52 52 39 39 37 33 33 32
 60 60 68 44 44 32 15 15 17 17 17 10 10 11 53 53 51 51 92 108 108 49 34 34 40 40 41 50 50 53 56 56 56 56 51 60 60 47 52 52 39 39 37 33 33 32
 61 61 54 44 44 38 27 27 18 18 19 11 11 46 63 63 48 48 122 124 124 70 33 33 32 32 34 32 32 34 34 34 44 44 45 58 58 51 56 56 39 39 39 31 31 28
 43 43 48 27 27 28 34 34 29 29 25 13 13 68 75 75 133 133 131 124 124 72 66 66 31 31 33 19 19 26 29 29 39 39 37 54 54 51 47 47 60 60 48 33 33 36
 43 43 48 27 27 28 34 34 29 29 25 13 13 68 75 75 133 133 131 124 124 72 66 66 31 31 33 19 19 26 29 29 39 39 37 54 54 51 47 47 60 60 48 33 33 36
 40 40 42 30 30 31 43 43 38 38 33 20 20 64 64 64 132 132 142 135 135 133 131 131 41 41 33 20 20 23 17 17 20 20 25 22 22 40 58 58 63 63 57 35 35 45
 40 40 42 30 30 31 43 43 38 38 33 20 20 64 64 64 132 132 142 135 135 133 131 131 41 41 33 20 20 23 17 17 20 20 25 22 22 40 58 58 63 63 57 35 35 45
 70 70 92 86 86 23 32 32 30 30 37 23 23 116 114 114 139 139 144 157 157 151 146 146 52 52 45 21 21 29 8 8 8 8 13 19 19 31 29 29 37 37 52 39 39 42
 41 41 31 24 24 15 18 18 26 26 128 38 38 155 116 116 148 148 151 165 165 163 85 85 89 89 64 32 32 27 5 5 5 5 4 5 5 16 22 22 38 38 56 51 51 63
 41 41 31 24 24 15 18 18 26 26 128 38 38 155 116 116 148 148 151 165 165 163 85 85 89 89 64 32 32 27 5 5 5 5 4 5 5 16 22 22 38 38 56 51 51 63
 129 129 37 22 22 17 32 32 113 113 114 171 171 164 194 194 194 194 201 199 199 202 165 165 101 101 37 38 38 27 7 7 7 7 2 3 3 4 6 6 15 15 46 51 51 60
 123 123 41 32 32 48 52 52 150 150 139 197 197 198 242 242 246 246 211 207 207 286 201 201 165 165 66 74 74 40 20 20 7 7 3 2 2 4 7 7 12 12 16 43 43 56
 123 123 41 32 32 48 52 52 150 150 139 197 197 198 242 242 246 246 211 207 207 286 201 201 165 165 66 74 74 40 20 20 7 7 3 2 2 4 7 7 12 12 16 43 43 56
 193 193 173 160 160 130 133 133 159 159 150 199 199 194 236 236 262 262 263 322 322 343 251 251 242 242 147 73 73 38 22 22 22 22 15 10 10 11 7 7 11 11 15 39 39 28
 193 193 173 160 160 130 133 133 159 159 150 199 199 194 236 236 262 262 263 322 322 343 251 251 242 242 147 73 73 38 22 22 22 22 15 10 10 11 7 7 11 11 15 39 39 28
 187 187 178 165 165 133 134 134 168 168 151 178 178 176 232 232 257 257 287 354 354 308 261 261 253 253 161 165 165 82 81 81 22 22 28 11 11 21 31 31 27 27 33 37 37 25
 177 177 160 162 162 177 137 137 142 142 151 157 157 176 238 238 240 240 283 283 283 317 244 244 209 209 218 221 221 110 86 86 31 31 44 27 27 35 42 42 53 53 56 35 35 30
 177 177 160 162 162 177 137 137 142 142 151 157 157 176 238 238 240 240 283 283 283 317 244 244 209 209 218 221 221 110 86 86 31 31 44 27 27 35 42 42 53 53 56 35 35 30
 156 156 177 130 130 119 136 136 146 146 182 156 156 219 211 211 208 208 231 232 232 201 204 204 184 184 187 117 117 145 121 121 58 58 53 45 45 55 57 57 71 71 62 40 40 31
 53 53 160 124 124 138 142 142 150 150 166 159 159 186 177 177 185 185 176 234 234 202 223 223 184 184 184 139 139 146 162 162 106 106 66 51 51 55 39 39 68 68 59 44 44 31
 53 53 160 124 124 138 142 142 150 150 166 159 159 186 177 177 185 185 176 234 234 202 223 223 184 184 184 139 139 146 162 162 106 106 66 51 51 55 39 39 68 68 59 44 44 31
 68 68 70 67 67 68 61 61 126 126 153 150 150 193 188 188 181 181 169 147 147 145 167 167 162 162 172 168 168 170 136 136 114 114 80 45 45 52 36 36 62 62 52 53 53 23
 68 68 70 67 67 68 61 61 126 126 153 150 150 193 188 188 181 181 169 147 147 145 167 167 162 162 172 168 168 170 136 136 114 114 80 45 45 52 36 36 62 62 52 53 53 23
 34 34 67 39 39 66 56 56 114 114 122 146 146 152 146 146 125 125 138 77 77 97 169 169 170 170 186 184 184 158 84 84 46 46 54 47 47 47 32 32 45 45 49 51 51 17
 36 36 37 26 26 26 28 28 63 63 72 104 104 115 106 106 136 136 135 75 75 96 90 90 96 96 97 116 116 92 72 72 56 56 48 42 42 41 36 36 62 62 59 25 25 13
 36 36 37 26 26 26 28 28 63 63 72 104 104 115 106 106 136 136 135 75 75 96 90 90 96 96 97 116 116 92 72 72 56 56 48 42 42 41 36 36 62 62 59 25 25 13
 24 24 40 28 28 29 34 34 36 36 53 86 86 115 112 112 77 77 80 31 31 50 56 56 60 60 66 109 109 89 70 70 43 43 37 35 35 43 68 68 61 61 55 23 23 45
 24 24 23 24 24 30 69 69 67 67 75 71 71 70 66 66 53 53 52 31 31 39 48 48 64 64 74 75 75 72 72 72 32 32 29 32 32 76 73 73 118 118 66 38 38 38
