assets/RAT_results/precipitation/2022-07-10_IMERG.asc
ncols        46
nrows        77
xllcorner    74.800261325624
yllcorner    8.058333333333
cellsize     0.062500000000
NODATA_value -9999
 29 29 30 42 42 25 24 24 25 25 23 21 21 27 25 25 25 25 18 11 11 13 6 6 4 4 3 2 2 1 1 1 2 2 3 3 3 2 0 0 0 0 2 2 2 1
 37 37 32 45 45 35 28 28 20 20 13 10 10 16 21 21 26 26 17 19 19 13 10 10 4 4 3 4 4 3 2 2 2 2 3 2 2 1 0 0 0 0 2 1 1 1
 37 37 32 45 45 35 28 28 20 20 13 10 10 16 21 21 26 26 17 19 19 13 10 10 4 4 3 4 4 3 2 2 2 2 3 2 2 1 0 0 0 0 2 1 1 1
 35 35 38 38 38 36 21 21 21 21 15 12 12 18 24 24 20 20 22 31 31 12 9 9 8 8 7 5 5 4 4 4 2 2 1 1 1 1 1 1 0 0 0 0 0 1
 21 21 37 41 41 28 20 20 22 22 17 15 15 19 20 20 19 19 14 11 11 9 6 6 8 8 10 12 12 4 3 3 4 4 3 2 2 1 1 1 1 1 2 2 2 0
 21 21 37 41 41 28 20 20 22 22 17 15 15 19 20 20 19 19 14 11 11 9 6 6 8 8 10 12 12 4 3 3 4 4 3 2 2 1 1 1 1 1 2 2 2 0
 21 21 28 43 43 36 23 23 20 20 22 23 23 20 14 14 13 13 10 12 12 8 6 6 6 6 5 7 7 5 3 3 5 5 4 1 1 1 1 1 2 2 1 1 1 0
 21 21 28 43 43 36 23 23 20 20 22 23 23 20 14 14 13 13 10 12 12 8 6 6 6 6 5 7 7 5 3 3 5 5 4 1 1 1 1 1 2 2 1 1 1 0
 16 16 34 39 39 42 42 42 31 31 23 23 23 15 11 11 7 7 7 5 5 6 10 10 8 8 13 5 5 5 4 4 4 4 4 1 1 1 1 1 1 1 1 1 1 0
 9 9 21 29 29 34 36 36 38 38 28 21 21 19 11 11 9 9 10 7 7 8 4 4 7 7 11 5 5 5 2 2 3 3 3 3 3 2 1 1 1 1 1 1 1 1
 9 9 21 29 29 34 36 36 38 38 28 21 21 19 11 11 9 9 10 7 7 8 4 4 7 7 11 5 5 5 2 2 3 3 3 3 3 2 1 1 1 1 1 1 1 1
 7 7 21 20 20 31 35 35 34 34 20 16 16 13 16 16 10 10 9 7 7 8 5 5 4 4 5 2 2 0 2 2 2 2 2 1 1 1 1 1 1 1 1 1 1 1
 10 10 10 23 23 19 40 40 33 33 28 17 17 10 8 8 9 9 4 2 2 5 7 7 3 3 3 0 0 1 0 0 0 0 1 2 2 1 1 1 2 2 1 1 1 1
 10 10 10 23 23 19 40 40 33 33 28 17 17 10 8 8 9 9 4 2 2 5 7 7 3 3 3 0 0 1 0 0 0 0 1 2 2 1 1 1 2 2 1 1 1 1
 10 10 25 21 21 25 16 16 26 26 29 24 24 19 14 14 18 18 15 4 4 7 3 3 3 3 1 0 0 0 0 0 0 0 1 1 1 2 2 2 2 2 1 1 1 1
 10 10 25 21 21 25 16 16 26 26 29 24 24 19 14 14 18 18 15 4 4 7 3 3 3 3 1 0 0 0 0 0 0 0 1 1 1 2 2 2 2 2 1 1 1 1
 7 7 13 18 18 8 13 13 17 17 24 32 32 28 20 20 18 18 12 7 7 6 5 5 5 5 2 1 1 0 0 0 0 0 1 1 1 1 2 2 3 3 2 1 1 2
 3 3 6 7 7 7 11 11 11 11 27 33 33 16 13 13 11 11 10 6 6 5 6 6 7 7 4 2 2 1 0 0 0 0 1 1 1 2 3 3 4 4 2 1 1 1
 3 3 6 7 7 7 11 11 11 11 27 33 33 16 13 13 11 11 10 6 6 5 6 6 7 7 4 2 2 1 0 0 0 0 1 1 1 2 3 3 4 4 2 1 1 1
 2 2 7 5 5 5 7 7 8 8 8 14 14 17 13 13 15 15 7 8 8 8 8 8 5 5 3 1 1 1 0 0 1 1 1 1 1 2 2 2 2 2 1 0 0 0
 3 3 4 7 7 5 4 4 4 4 6 7 7 19 17 17 16 16 10 4 4 8 12 12 4 4 3 1 1 1 1 1 0 0 1 1 1 2 2 2 2 2 1 0 0 0
 3 3 4 7 7 5 4 4 4 4 6 7 7 19 17 17 16 16 10 4 4 8 12 12 4 4 3 1 1 1 1 1 0 0 1 1 1 2 2 2 2 2 1 0 0 0
 3 3 5 8 8 9 4 4 3 3 4 8 8 5 7 7 4 4 6 5 5 9 9 9 4 4 3 3 3 3 1 1 1 1 1 1 1 2 2 2 1 1 1 0 0 1
 3 3 5 8 8 9 4 4 3 3 4 8 8 5 7 7 4 4 6 5 5 9 9 9 4 4 3 3 3 3 1 1 1 1 1 1 1 2 2 2 1 1 1 0 0 1
 5 5 6 9 9 4 3 3 2 2 4 5 5 3 2 2 6 6 6 8 8 8 5 5 7 7 5 6 6 2 1 1 1 1 1 1 1 1 2 2 1 1 1 2 2 3
 1 1 2 5 5 2 2 2 2 2 1 1 1 12 10 10 6 6 5 4 4 14 8 8 9 9 10 7 7 5 1 1 2 2 2 4 4 2 2 2 2 2 3 2 2 2
 1 1 2 5 5 2 2 2 2 2 1 1 1 12 10 10 6 6 5 4 4 14 8 8 9 9 10 7 7 5 1 1 2 2 2 4 4 2 2 2 2 2 3 2 2 2
 1 1 1 2 2 1 1 1 1 1 1 1 1 11 11 11 12 12 14 8 8 7 5 5 7 7 7 4 4 2 3 3 3 3 3 3 3 1 2 2 2 2 3 2 2 2
 2 2 1 3 3 0 0 0 0 0 1 2 2 11 11 11 1 1 11 8 8 8 2 2 6 6 5 6 6 4 3 3 2 2 2 1 1 1 1 1 1 1 1 1 1 1
 2 2 1 3 3 0 0 0 0 0 1 2 2 11 11 11 1 1 11 8 8 8 2 2 6 6 5 6 6 4 3 3 2 2 2 1 1 1 1 1 1 1 1 1 1 1
 4 4 1 1 1 0 0 0 0 0 0 0 0 0 1 1 1 1 11 8 8 10 12 12 8 8 9 8 8 4 3 3 4 4 3 3 3 1 0 0 0 0 0 0 0 0
 4 4 1 1 1 0 0 0 0 0 0 0 0 0 1 1 1 1 11 8 8 10 12 12 8 8 9 8 8 4 3 3 4 4 3 3 3 1 0 0 0 0 0 0 0 0
 7 7 2 0 0 0 0 0 1 1 1 0 0 0 1 1 2 2 6 7 7 11 13 13 12 12 15 5 5 2 4 4 4 4 2 3 3 6 2 2 2 2 2 0 0 0
 1 1 0 0 0 0 2 2 4 4 2 0 0 1 2 2 3 3 6 8 8 9 10 10 13 13 12 3 3 6 3 3 5 5 5 6 6 5 0 0 0 0 0 0 0 0
 1 1 0 0 0 0 2 2 4 4 2 0 0 1 2 2 3 3 6 8 8 9 10 10 13 13 12 3 3 6 3 3 5 5 5 6 6 5 0 0 0 0 0 0 0 0
 0 0 0 1 1 1 4 4 7 7 2 1 1 1 1 1 3 3 4 5 5 9 11 11 11 11 11 7 7 7 3 3 5 5 5 2 2 1 0 0 0 0 0 0 0 0
 1 1 1 2 2 5 3 3 4 4 1 1 1 1 1 1 3 3 3 4 4 5 7 7 11 11 11 12 12 9 2 2 2 2 1 0 0 1 1 1 0 0 0 0 0 0
 1 1 1 2 2 5 3 3 4 4 1 1 1 1 1 1 3 3 3 4 4 5 7 7 11 11 11 12 12 9 2 2 2 2 1 0 0 1 1 1 0 0 0 0 0 0
 3 3 5 8 8 9 7 7 2 2 1 1 1 1 1 1 2 2 2 3 3 3 5 5 5 5 8 8 8 6 2 2 3 3 0 0 0 0 1 1 0 0 0 0 0 0
 3 3 5 8 8 9 7 7 2 2 1 1 1 1 1 1 2 2 2 3 3 3 5 5 5 5 8 8 8 6 2 2 3 3 0 0 0 0 1 1 0 0 0 0 0 0
 5 5 10 6 6 5 5 5 2 2 2 2 2 1 1 1 3 3 1 3 3 3 5 5 4 4 8 9 9 6 6 6 2 2 3 0 0 1 4 4 1 1 2 0 0 0
 4 4 7 4 4 2 1 1 1 1 2 3 3 2 2 2 4 4 3 4 4 9 9 9 6 6 8 8 8 7 8 8 2 2 1 1 1 1 1 1 1 1 1 2 2 4
 4 4 7 4 4 2 1 1 1 1 2 3 3 2 2 2 4 4 3 4 4 9 9 9 6 6 8 8 8 7 8 8 2 2 1 1 1 1 1 1 1 1 1 2 2 4
 1 1 7 5 5 1 2 2 1 1 1 1 1 2 2 2 7 7 6 3 3 6 4 4 6 6 5 7 7 6 7 7 2 2 2 4 4 3 3 3 3 3 4 2 2 2
 3 3 4 4 4 2 2 2 2 2 1 1 1 1 2 2 2 2 1 1 1 3 3 3 5 5 4 7 7 3 3 3 4 4 4 1 1 1 1 1 0 0 2 2 2 0
 3 3 4 4 4 2 2 2 2 2 1 1 1 1 2 2 2 2 1 1 1 3 3 3 5 5 4 7 7 3 3 3 4 4 4 1 1 1 1 1 0 0 2 2 2 0
 3 3 1 3 3 1 0 0 0 0 0 0 0 1 1 1 1 1 1 0 0 2 1 1 1 1 1 2 2 3 3 3 5 5 4 3 3 4 1 1 1 1 2 2 2 2
 3 3 1 3 3 1 0 0 0 0 0 0 0 1 1 1 1 1 1 0 0 2 1 1 1 1 1 2 2 3 3 3 5 5 4 3 3 4 1 1 1 1 2 2 2 2
 0 0 0 0 0 0 0 0 0 0 0 0 0 1 1 1 0 0 3 2 2 0 0 0 1 1 1 2 2 4 3 3 2 2 3 1 1 2 1 1 1 1 3 0 0 3
 0 0 0 0 0 0 0 0 0 0 0 0 0 0 0 0 1 1 3 5 5 1 0 0 1 1 1 1 1 1 0 0 1 1 4 5 5 3 1 1 0 0 1 2 2 3
 0 0 0 0 0 0 0 0 0 0 0 0 0 0 0 0 1 1 3 5 5 1 0 0 1 1 1 1 1 1 0 0 1 1 4 5 5 3 1 1 0 0 1 2 2 3
 0 0 0 0 0 0 0 0 0 0 0 0 0 1 1 1 1 1 3 1 1 0 1 1 0 0 2 1 1 1 1 1 1 1 1 1 1 3 0 0 0 0 2 2 2 3
 1 1 1 1 1 1 1 1 1 1 0 0 0 1 1 1 1 1 4 0 0 0 1 1 1 1 1 3 3 3 3 3 2 2 1 3 3 5 1 1 0 0 1 2 2 1
 1 1 1 1 1 1 1 1 1 1 0 0 0 1 1 1 1 1 4 0 0 0 1 1 1 1 1 3 3 3 3 3 2 2 1 3 3 5 1 1 0 0 1 2 2 1
 1 1 2 2 2 2 1 1 1 1 1 0 0 1 1 1 3 3 5 1 1 0 3 3 3 3 6 4 4 5 4 4 1 1 1 1 1 1 1 1 1 1 3 3 3 2
 1 1 2 2 2 2 1 1 1 1 1 0 0 1 1 1 3 3 5 1 1 0 3 3 3 3 6 4 4 5 4 4 1 1 1 1 1 1 1 1 1 1 3 3 3 2
 1 1 1 0 0 0 0 0 0 0 0 1 1 1 1 1 3 3 2 2 2 2 3 3 3 3 4 12 12 3 3 3 2 2 2 2 2 4 1 1 1 1 6 1 1 0
 0 0 0 0 0 0 0 0 0 0 0 1 1 4 4 4 1 1 6 5 5 4 7 7 4 4 5 4 4 10 2 2 3 3 2 1 1 1 5 5 7 7 5 2 2 0
 0 0 0 0 0 0 0 0 0 0 0 1 1 4 4 4 1 1 6 5 5 4 7 7 4 4 5 4 4 10 2 2 3 3 2 1 1 1 5 5 7 7 5 2 2 0
 0 0 0 0 0 0 0 0 0 0 0 1 1 4 5 5 4 4 4 4 4 5 9 9 8 8 5 11 11 15 8 8 6 6 6 3 3 3 2 2 4 4 4 2 2 0
 2 2 0 0 0 0 0 0 0 0 1 1 1 1 1 1 4 4 4 4 4 7 7 7 9 9 9 18 18 14 10 10 12 12 9 6 6 6 2 2 2 2 4 1 1 0
 2 2 0 0 0 0 0 0 0 0 1 1 1 1 1 1 4 4 4 4 4 7 7 7 9 9 9 18 18 14 10 10 12 12 9 6 6 6 2 2 2 2 4 1 1 0
 2 2 1 1 1 1 0 0 0 0 1 1 1 1 2 2 2 2 2 1 1 2 2 2 8 8 10 13 13 11 16 16 15 15 13 5 5 7 5 5 3 3 4 5 5 1
 2 2 1 1 1 1 0 0 0 0 1 1 1 1 2 2 2 2 2 1 1 2 2 2 8 8 10 13 13 11 16 16 15 15 13 5 5 7 5 5 3 3 4 5 5 1
 1 1 1 1 1 1 1 1 0 0 1 2 2 3 3 3 3 3 2 1 1 1 1 1 1 1 2 6 6 11 11 11 14 14 9 7 7 5 3 3 3 3 5 5 5 2
 2 2 2 1 1 1 1 1 1 1 1 1 1 2 1 1 1 1 1 1 1 0 1 1 1 1 1 2 2 3 8 8 13 13 11 11 11 11 5 5 5 5 10 7 7 2
 2 2 2 1 1 1 1 1 1 1 1 1 1 2 1 1 1 1 1 1 1 0 1 1 1 1 1 2 2 3 8 8 13 13 11 11 11 11 5 5 5 5 10 7 7 2
 3 3 2 1 1 1 1 1 1 1 1 1 1 1 2 2 2 2 1 2 2 1 1 1 1 1 1 1 1 1 4 4 2 2 9 6 6 6 6 6 3 3 12 9 9 2
 2 2 3 1 1 1 0 0 1 1 1 1 1 1 1 1 2 2 2 2 2 2 2 2 2 2 1 1 1 1 3 3 4 4 3 1 1 2 2 2 7 7 7 8 8 5
 2 2 3 1 1 1 0 0 1 1 1 1 1 1 1 1 2 2 2 2 2 2 2 2 2 2 1 1 1 1 3 3 4 4 3 1 1 2 2 2 7 7 7 8 8 5
 3 3 3 1 1 1 1 1 0 0 2 1 1 1 1 1 2 2 2 4 4 2 2 2 2 2 2 2 2 2 1 1 1 1 1 1 1 1 0 0 2 2 5 6 6 10
 3 3 3 1 1 1 1 1 0 0 2 1 1 1 1 1 2 2 2 4 4 2 2 2 2 2 2 2 2 2 1 1 1 1 1 1 1 1 0 0 2 2 5 6 6 10
 8 8 7 5 5 5 4 4 2 2 2 1 1 1 2 2 2 2 2 5 5 5 2 2 2 2 3 2 2 2 1 1 1 1 1 1 1 0 1 1 1 1 2 5 5 5
 7 7 6 5 5 5 4 4 4 4 5 7 7 7 6 6 4 4 4 4 4 3 4 4 4 4 6 5 5 4 3 3 1 1 1 1 1 1 1 1 1 1 1 1 1 2
 7 7 6 5 5 5 4 4 4 4 5 7 7 7 6 6 4 4 4 4 4 3 4 4 4 4 6 5 5 4 3 3 1 1 1 1 1 1 1 1 1 1 1 1 1 2
 5 5 5 4 4 4 3 3 4 4 5 6 6 7 5 5 5 5 4 2 2 3 3 3 5 5 8 9 9 9 4 4 2 2 6 2 2 1 1 1 1 1 1 1 1 1
 6 6 5 4 4 4 3 3 4 4 5 6 6 8 7 7 5 5 6 4 4 6 5 5 7 7 8 10 10 11 7 7 3 3 3 1 1 1 0 0 0 0 1 0 0 1
