assets/RAT_results/precipitation/2022-03-16_IMERG.asc
ncols        46
nrows        77
xllcorner    74.800261325624
yllcorner    8.058333333333
cellsize     0.062500000000
NODATA_value -9999
 1 1 0 0 0 0 0 0 0 0 0 0 0 0 0 0 0 0 0 0 0 0 0 0 0 0 0 0 0 0 0 0 0 0 0 0 0 0 0 0 0 0 0 0 0 0
 0 0 0 0 0 0 0 0 0 0 0 0 0 0 0 0 0 0 0 0 0 0 0 0 0 0 0 0 0 0 0 0 0 0 0 0 0 0 0 0 0 0 0 0 0 0
 0 0 0 0 0 0 0 0 0 0 0 0 0 0 0 0 0 0 0 0 0 0 0 0 0 0 0 0 0 0 0 0 0 0 0 0 0 0 0 0 0 0 0 0 0 0
 2 2 1 0 0 0 0 0 0 0 0 0 0 0 0 0 0 0 0 0 0 0 0 0 0 0 0 0 0 0 0 0 0 0 0 0 0 0 0 0 0 0 0 0 0 0
 1 1 2 0 0 0 0 0 0 0 0 0 0 0 0 0 0 0 0 0 0 0 0 0 0 0 0 0 0 0 0 0 0 0 0 0 0 0 0 0 0 0 0 0 0 0
 1 1 2 0 0 0 0 0 0 0 0 0 0 0 0 0 0 0 0 0 0 0 0 0 0 0 0 0 0 0 0 0 0 0 0 0 0 0 0 0 0 0 0 0 0 0
 0 0 0 0 0 0 0 0 0 0 0 0 0 0 0 0 0 0 0 0 0 0 0 0 0 0 0 4 4 0 0 0 0 0 0 0 0 0 0 0 0 0 0 0 0 0
 0 0 0 0 0 0 0 0 0 0 0 0 0 0 0 0 0 0 0 0 0 0 0 0 0 0 0 4 4 0 0 0 0 0 0 0 0 0 0 0 0 0 0 0 0 0
 0 0 0 2 2 1 0 0 0 0 0 0 0 0 0 0 0 0 0 0 0 0 0 0 0 0 0 3 3 0 0 0 0 0 0 0 0 0 0 0 0 0 0 0 0 0
 0 0 0 1 1 0 0 0 0 0 0 0 0 0 0 0 0 0 0 0 0 0 0 0 0 0 0 0 0 0 0 0 0 0 0 0 0 0 0 0 0 0 0 0 0 0
 0 0 0 1 1 0 0 0 0 0 0 0 0 0 0 0 0 0 0 0 0 0 0 0 0 0 0 0 0 0 0 0 0 0 0 0 0 0 0 0 0 0 0 0 0 0
 0 0 0 0 0 0 0 0 0 0 0 0 0 0 0 0 0 0 0 0 0 0 0 0 0 0 0 0 0 0 0 0 0 0 0 0 0 0 0 0 0 0 0 0 0 0
 0 0 0 0 0 1 1 1 0 0 0 0 0 0 0 0 0 0 0 0 0 0 0 0 0 0 0 0 0 0 0 0 0 0 0 0 0 0 0 0 0 0 0 0 0 0
 0 0 0 0 0 1 1 1 0 0 0 0 0 0 0 0 0 0 0 0 0 0 0 0 0 0 0 0 0 0 0 0 0 0 0 0 0 0 0 0 0 0 0 0 0 0
 0 0 0 0 0 1 1 1 0 0 0 0 0 0 0 0 0 0 0 0 0 0 0 0 0 0 0 0 0 0 0 0 0 0 0 0 0 0 0 0 0 0 0 0 0 0
 0 0 0 0 0 1 1 1 0 0 0 0 0 0 0 0 0 0 0 0 0 0 0 0 0 0 0 0 0 0 0 0 0 0 0 0 0 0 0 0 0 0 0 0 0 0
 0 0 0 0 0 0 0 0 0 0 0 0 0 0 0 0 0 0 0 0 0 0 0 0 0 0 0 0 0 0 0 0 0 0 0 0 0 0 0 0 0 0 0 0 0 0
 0 0 0 0 0 0 0 0 0 0 1 0 0 0 0 0 0 0 0 0 0 0 0 0 0 0 0 0 0 0 0 0 0 0 0 0 0 0 0 0 0 0 0 0 0 0
 0 0 0 0 0 0 0 0 0 0 1 0 0 0 0 0 0 0 0 0 0 0 0 0 0 0 0 0 0 0 0 0 0 0 0 0 0 0 0 0 0 0 0 0 0 0
 0 0 0 0 0 0 0 0 0 0 1 1 1 0 0 0 0 0 0 0 0 0 0 0 0 0 0 0 0 0 0 0 0 0 0 0 0 0 0 0 0 0 0 0 0 0
 0 0 0 1 1 0 0 0 0 0 1 0 0 0 0 0 0 0 0 0 0 0 0 0 0 0 0 0 0 0 0 0 0 0 0 0 0 0 0 0 0 0 0 0 0 0
 0 0 0 1 1 0 0 0 0 0 1 0 0 0 0 0 0 0 0 0 0 0 0 0 0 0 0 0 0 0 0 0 0 0 0 0 0 0 0 0 0 0 0 0 0 0
 0 0 0 0 0 0 0 0 1 1 1 0 0 1 0 0 0 0 0 0 0 0 0 0 0 0 0 0 0 0 0 0 0 0 0 0 0 0 0 0 0 0 0 0 0 0
 0 0 0 0 0 0 0 0 1 1 1 0 0 1 0 0 0 0 0 0 0 0 0 0 0 0 0 0 0 0 0 0 0 0 0 0 0 0 0 0 0 0 0 0 0 0
 0 0 1 1 1 0 2 2 4 4 5 2 2 2 1 1 1 1 0 0 0 0 0 0 0 0 0 0 0 0 0 0 0 0 0 0 0 0 0 0 0 0 0 0 0 0
 0 0 0 1 1 1 5 5 6 6 8 5 5 1 2 2 2 2 1 1 1 1 4 4 26 26 0 1 1 1 0 0 0 0 2 0 0 0 0 0 0 0 0 0 0 0
 0 0 0 1 1 1 5 5 6 6 8 5 5 1 2 2 2 2 1 1 1 1 4 4 26 26 0 1 1 1 0 0 0 0 2 0 0 0 0 0 0 0 0 0 0 0
 0 0 0 0 0 0 1 1 2 2 4 2 2 1 1 1 2 2 3 3 3 1 26 26 26 26 70 9 9 0 0 0 0 0 0 0 0 0 0 0 0 0 0 0 0 0
 0 0 0 0 0 0 0 0 0 0 1 0 0 1 1 1 3 3 8 9 9 4 1 1 14 14 19 0 0 0 0 0 0 0 0 0 0 0 0 0 0 0 0 1 1 0
 0 0 0 0 0 0 0 0 0 0 1 0 0 1 1 1 3 3 8 9 9 4 1 1 14 14 19 0 0 0 0 0 0 0 0 0 0 0 0 0 0 0 0 1 1 0
 0 0 0 0 0 0 0 0 0 0 0 0 0 0 1 1 3 3 7 12 12 8 8 8 4 4 1 0 0 0 2 2 1 1 0 0 0 0 0 0 0 0 0 0 0 0
 0 0 0 0 0 0 0 0 0 0 0 0 0 0 1 1 3 3 7 12 12 8 8 8 4 4 1 0 0 0 2 2 1 1 0 0 0 0 0 0 0 0 0 0 0 0
 0 0 0 0 0 0 0 0 0 0 1 0 0 0 0 0 1 1 2 3 3 5 14 14 11 11 2 0 0 1 2 2 1 1 1 0 0 0 0 0 0 0 0 0 0 0
 0 0 0 0 0 0 1 1 1 1 1 1 1 1 0 0 1 1 3 1 1 2 6 6 4 4 1 0 0 0 0 0 0 0 1 0 0 0 0 0 0 0 0 0 0 0
 0 0 0 0 0 0 1 1 1 1 1 1 1 1 0 0 1 1 3 1 1 2 6 6 4 4 1 0 0 0 0 0 0 0 1 0 0 0 0 0 0 0 0 0 0 0
 0 0 0 0 0 0 1 1 2 2 4 4 4 3 2 2 1 1 2 1 1 1 2 2 2 2 1 1 1 0 0 0 0 0 0 0 0 0 0 0 0 0 0 0 0 0
 0 0 0 0 0 0 1 1 2 2 6 8 8 9 10 10 2 2 1 0 0 0 1 1 2 2 2 1 1 1 0 0 0 0 0 0 0 0 0 0 0 0 0 0 0 0
 0 0 0 0 0 0 1 1 2 2 6 8 8 9 10 10 2 2 1 0 0 0 1 1 2 2 2 1 1 1 0 0 0 0 0 0 0 0 0 0 0 0 0 0 0 0
 0 0 1 1 1 2 2 2 3 3 3 2 2 3 5 5 2 2 1 0 0 0 0 0 0 0 1 1 1 1 1 1 1 1 1 0 0 0 0 0 0 0 0 0 0 1
 0 0 1 1 1 2 2 2 3 3 3 2 2 3 5 5 2 2 1 0 0 0 0 0 0 0 1 1 1 1 1 1 1 1 1 0 0 0 0 0 0 0 0 0 0 1
 1 1 2 3 3 3 4 4 3 3 2 1 1 1 2 2 2 2 2 2 2 2 1 1 1 1 1 1 1 0 1 1 1 1 1 1 1 2 0 0 0 0 0 0 0 0
 2 2 4 4 4 5 5 5 4 4 3 2 2 62 63 63 56 56 50 54 54 4 4 4 3 3 2 2 2 1 1 1 1 1 1 0 0 1 0 0 0 0 0 0 0 0
 2 2 4 4 4 5 5 5 4 4 3 2 2 62 63 63 56 56 50 54 54 4 4 4 3 3 2 2 2 1 1 1 1 1 1 0 0 1 0 0 0 0 0 0 0 0
 2 2 4 6 6 7 7 7 7 7 6 5 5 5 64 64 67 67 50 53 53 6 8 8 7 7 5 5 5 4 3 3 1 1 0 0 0 3 1 1 0 0 0 0 0 0
 2 2 5 7 7 8 10 10 11 11 11 9 9 8 68 68 66 66 4 4 4 5 7 7 16 16 9 8 8 8 7 7 4 4 1 10 10 0 0 0 0 0 0 0 0 0
 2 2 5 7 7 8 10 10 11 11 11 9 9 8 68 68 66 66 4 4 4 5 7 7 16 16 9 8 8 8 7 7 4 4 1 10 10 0 0 0 0 0 0 0 0 0
 3 3 4 6 6 7 9 9 12 12 13 11 11 10 7 7 4 4 4 5 5 6 6 6 14 14 11 12 12 11 11 11 6 6 6 3 3 0 0 0 2 2 1 1 1 1
 3 3 4 6 6 7 9 9 12 12 13 11 11 10 7 7 4 4 4 5 5 6 6 6 14 14 11 12 12 11 11 11 6 6 6 3 3 0 0 0 2 2 1 1 1 1
 3 3 5 6 6 6 7 7 13 13 13 7 7 5 4 4 4 4 4 6 6 8 9 9 14 14 12 9 9 6 7 7 4 4 6 3 3 0 0 0 1 1 1 1 1 1
 2 2 3 3 3 4 2 2 3 3 4 4 4 3 4 4 6 6 5 7 7 8 11 11 9 9 9 7 7 6 6 6 4 4 6 6 6 0 0 0 1 1 3 2 2 1
 2 2 3 3 3 4 2 2 3 3 4 4 4 3 4 4 6 6 5 7 7 8 11 11 9 9 9 7 7 6 6 6 4 4 6 6 6 0 0 0 1 1 3 2 2 1
 2 2 2 2 2 3 1 1 1 1 2 4 4 5 5 5 7 7 6 7 7 8 11 11 15 15 11 9 9 7 7 7 5 5 12 13 13 7 6 6 1 1 2 1 1 1
 2 2 2 3 3 3 2 2 2 2 2 3 3 4 4 4 6 6 7 28 28 29 15 15 16 16 9 10 10 10 10 10 8 8 37 32 32 31 11 11 4 4 1 0 0 1
 2 2 2 3 3 3 2 2 2 2 2 3 3 4 4 4 6 6 7 28 28 29 15 15 16 16 9 10 10 10 10 10 8 8 37 32 32 31 11 11 4 4 1 0 0 1
 2 2 3 4 4 3 3 3 3 3 3 4 4 5 6 6 9 9 10 27 27 33 52 52 28 28 30 13 13 11 11 11 8 8 6 14 14 35 10 10 9 9 1 1 1 1
 2 2 3 4 4 3 3 3 3 3 3 4 4 5 6 6 9 9 10 27 27 33 52 52 28 28 30 13 13 11 11 11 8 8 6 14 14 35 10 10 9 9 1 1 1 1
 3 3 4 4 4 4 4 4 6 6 7 7 7 7 16 16 14 14 63 65 65 56 56 56 32 32 33 14 14 11 11 11 10 10 12 36 36 31 2 2 1 1 0 0 0 1
 3 3 3 5 5 5 6 6 7 7 9 10 10 9 18 18 30 30 43 66 66 58 54 54 13 13 20 18 18 14 14 14 14 14 64 58 58 10 2 2 0 0 0 1 1 1
 3 3 3 5 5 5 6 6 7 7 9 10 10 9 18 18 30 30 43 66 66 58 54 54 13 13 20 18 18 14 14 14 14 14 64 58 58 10 2 2 0 0 0 1 1 1
 1 1 2 3 3 4 5 5 6 6 8 24 24 27 57 57 63 63 64 67 67 61 57 57 16 16 22 20 20 15 14 14 33 33 52 23 23 10 0 0 0 0 1 2 2 1
 1 1 2 2 2 3 4 4 6 6 11 14 14 30 60 60 65 65 62 75 75 51 17 17 14 14 10 15 15 16 15 15 28 28 48 103 103 21 0 0 0 0 0 0 0 0
 1 1 2 2 2 3 4 4 6 6 11 14 14 30 60 60 65 65 62 75 75 51 17 17 14 14 10 15 15 16 15 15 28 28 48 103 103 21 0 0 0 0 0 0 0 0
 1 1 1 2 2 3 8 8 6 6 10 13 13 32 35 35 72 72 104 97 97 62 17 17 13 13 9 12 12 9 11 11 25 25 53 55 55 55 0 0 0 0 0 0 0 0
 1 1 1 2 2 3 8 8 6 6 10 13 13 32 35 35 72 72 104 97 97 62 17 17 13 13 9 12 12 9 11 11 25 25 53 55 55 55 0 0 0 0 0 0 0 0
 1 1 1 2 2 2 8 8 10 10 12 10 10 34 35 35 102 102 78 101 101 72 27 27 16 16 10 6 6 9 10 10 8 8 79 59 59 56 0 0 0 0 0 0 0 0
 1 1 1 1 1 3 8 8 10 10 12 12 12 19 21 21 56 56 64 35 35 47 9 9 8 8 3 3 3 7 8 8 11 11 80 63 63 29 8 8 0 0 0 1 1 1
 1 1 1 1 1 3 8 8 10 10 12 12 12 19 21 21 56 56 64 35 35 47 9 9 8 8 3 3 3 7 8 8 11 11 80 63 63 29 8 8 0 0 0 1 1 1
 1 1 1 2 2 4 6 6 8 8 10 11 11 15 14 14 46 46 48 15 15 19 4 4 4 4 2 6 6 2 6 6 11 11 19 21 21 25 3 3 1 1 1 2 2 3
 1 1 1 1 1 3 4 4 5 5 6 7 7 10 8 8 23 23 26 7 7 9 2 2 2 2 3 4 4 1 2 2 9 9 9 4 4 8 5 5 1 1 4 2 2 1
 1 1 1 1 1 3 4 4 5 5 6 7 7 10 8 8 23 23 26 7 7 9 2 2 2 2 3 4 4 1 2 2 9 9 9 4 4 8 5 5 1 1 4 2 2 1
 1 1 1 1 1 1 2 2 3 3 3 4 4 6 4 4 15 15 14 5 5 5 0 0 1 1 0 0 0 1 1 1 7 7 7 9 9 9 5 5 1 1 3 5 5 1
 1 1 1 1 1 1 2 2 3 3 3 4 4 6 4 4 15 15 14 5 5 5 0 0 1 1 0 0 0 1 1 1 7 7 7 9 9 9 5 5 1 1 3 5 5 1
 0 0 0 1 1 0 1 1 0 0 0 0 0 0 1 1 6 6 6 3 3 3 0 0 0 0 1 1 1 1 1 1 1 1 2 7 7 10 5 5 2 2 1 2 2 1
 0 0 0 0 0 0 0 0 0 0 1 0 0 0 0 0 2 2 2 1 1 0 0 0 0 0 1 1 1 1 1 1 1 1 0 1 1 6 7 7 4 4 1 0 0 0
 0 0 0 0 0 0 0 0 0 0 1 0 0 0 0 0 2 2 2 1 1 0 0 0 0 0 1 1 1 1 1 1 1 1 0 1 1 6 7 7 4 4 1 0 0 0
 1 1 0 0 0 0 0 0 1 1 1 1 1 1 1 1 1 1 1 1 1 1 0 0 0 0 1 1 1 1 1 1 0 0 0 0 0 1 5 5 5 5 1 0 0 0
 1 1 0 0 0 0 0 0 1 1 2 2 2 2 2 2 1 1 2 3 3 2 1 1 1 1 0 0 0 0 0 0 0 0 0 0 0 0 0 0 0 0 2 1 1 1
