assets/RAT_results/precipitation/2022-06-28_IMERG.asc
ncols        46
nrows        77
xllcorner    74.800261325624
yllcorner    8.058333333333
cellsize     0.062500000000
NODATA_value -9999
 39 39 43 47 47 47 34 34 26 26 24 13 13 23 15 15 11 11 2 0 0 0 0 0 0 0 1 0 0 0 0 0 0 0 0 0 0 0 0 0 0 0 0 0 0 0
 41 41 43 47 47 41 32 32 24 24 18 19 19 23 6 6 5 5 1 1 1 1 1 1 1 1 1 1 1 0 1 1 1 1 1 1 1 0 0 0 0 0 0 0 0 0
 41 41 43 47 47 41 32 32 24 24 18 19 19 23 6 6 5 5 1 1 1 1 1 1 1 1 1 1 1 0 1 1 1 1 1 1 1 0 0 0 0 0 0 0 0 0
 40 40 44 44 44 35 28 28 23 23 15 12 12 14 8 8 4 4 1 1 1 0 1 1 0 0 0 0 0 0 0 0 0 0 0 0 0 0 0 0 0 0 0 0 0 0
 35 35 26 16 16 31 18 18 16 16 9 6 6 2 3 3 0 0 0 0 0 0 0 0 0 0 0 1 1 1 0 0 0 0 0 0 0 0 0 0 0 0 0 0 0 0
 35 35 26 16 16 31 18 18 16 16 9 6 6 2 3 3 0 0 0 0 0 0 0 0 0 0 0 1 1 1 0 0 0 0 0 0 0 0 0 0 0 0 0 0 0 0
 29 29 15 12 12 12 12 12 11 11 5 9 9 1 0 0 0 0 0 0 0 0 0 0 0 0 0 1 1 0 1 1 0 0 0 0 0 0 0 0 0 0 0 0 0 0
 29 29 15 12 12 12 12 12 11 11 5 9 9 1 0 0 0 0 0 0 0 0 0 0 0 0 0 1 1 0 1 1 0 0 0 0 0 0 0 0 0 0 0 0 0 0
 21 21 15 9 9 8 15 15 9 9 8 5 5 4 5 5 2 2 0 1 1 0 0 0 0 0 0 0 0 0 0 0 0 0 0 0 0 0 0 0 0 0 0 0 0 0
 26 26 16 9 9 3 6 6 7 7 2 1 1 2 0 0 1 1 1 0 0 0 0 0 0 0 0 0 0 0 0 0 0 0 0 0 0 0 0 0 0 0 0 0 0 0
 26 26 16 9 9 3 6 6 7 7 2 1 1 2 0 0 1 1 1 0 0 0 0 0 0 0 0 0 0 0 0 0 0 0 0 0 0 0 0 0 0 0 0 0 0 0
 24 24 11 9 9 3 5 5 6 6 5 1 1 2 1 1 0 0 0 1 1 0 0 0 0 0 0 0 0 0 0 0 0 0 0 0 0 0 0 0 0 0 0 0 0 0
 13 13 13 5 5 3 3 3 2 2 3 4 4 5 4 4 3 3 2 1 1 0 0 0 0 0 0 0 0 0 0 0 0 0 0 0 0 0 0 0 0 0 0 0 0 0
 13 13 13 5 5 3 3 3 2 2 3 4 4 5 4 4 3 3 2 1 1 0 0 0 0 0 0 0 0 0 0 0 0 0 0 0 0 0 0 0 0 0 0 0 0 0
 8 8 8 5 5 2 4 4 2 2 4 0 0 2 4 4 2 2 2 2 2 1 2 2 0 0 0 0 0 0 0 0 0 0 0 0 0 0 0 0 0 0 0 0 0 0
 8 8 8 5 5 2 4 4 2 2 4 0 0 2 4 4 2 2 2 2 2 1 2 2 0 0 0 0 0 0 0 0 0 0 0 0 0 0 0 0 0 0 0 0 0 0
 9 9 8 5 5 3 3 3 1 1 2 3 3 11 5 5 5 5 6 7 7 3 2 2 0 0 0 0 0 0 0 0 0 0 0 0 0 0 0 0 0 0 0 0 0 0
 39 39 45 17 17 19 8 8 5 5 7 10 10 16 13 13 5 5 4 5 5 1 1 1 0 0 0 0 0 0 0 0 0 0 0 0 0 0 0 0 0 0 0 0 0 0
 39 39 45 17 17 19 8 8 5 5 7 10 10 16 13 13 5 5 4 5 5 1 1 1 0 0 0 0 0 0 0 0 0 0 0 0 0 0 0 0 0 0 0 0 0 0
 38 38 45 11 11 12 13 13 11 11 17 14 14 20 21 21 13 13 7 3 3 1 0 0 1 1 0 0 0 0 0 0 1 1 0 0 0 0 0 0 0 0 0 0 0 0
 16 16 16 17 17 16 11 11 11 11 14 10 10 13 21 21 16 16 11 7 7 5 1 1 0 0 0 0 0 0 0 0 0 0 0 0 0 0 0 0 0 0 0 0 0 0
 16 16 16 17 17 16 11 11 11 11 14 10 10 13 21 21 16 16 11 7 7 5 1 1 0 0 0 0 0 0 0 0 0 0 0 0 0 0 0 0 0 0 0 0 0 0
 16 16 12 13 13 16 18 18 10 10 9 11 11 12 10 10 16 16 16 17 17 11 2 2 4 4 3 1 1 2 0 0 0 0 0 0 0 0 0 0 0 0 0 0 0 0
 16 16 12 13 13 16 18 18 10 10 9 11 11 12 10 10 16 16 16 17 17 11 2 2 4 4 3 1 1 2 0 0 0 0 0 0 0 0 0 0 0 0 0 0 0 0
 13 13 15 15 15 16 20 20 12 12 12 12 12 20 19 19 12 12 12 13 13 10 6 6 1 1 3 1 1 3 0 0 0 0 0 0 0 0 0 0 0 0 0 0 0 0
 10 10 14 15 15 18 16 16 12 12 11 14 14 16 17 17 9 9 7 5 5 4 5 5 2 2 1 1 1 3 1 1 1 1 0 0 0 0 0 0 0 0 0 0 0 0
 10 10 14 15 15 18 16 16 12 12 11 14 14 16 17 17 9 9 7 5 5 4 5 5 2 2 1 1 1 3 1 1 1 1 0 0 0 0 0 0 0 0 0 0 0 0
 9 9 11 15 15 15 14 14 12 12 12 14 14 14 13 13 9 9 8 4 4 0 0 0 0 0 2 1 1 4 1 1 1 1 1 0 0 0 0 0 0 0 0 0 0 0
 13 13 11 12 12 12 12 12 11 11 10 11 11 9 11 11 11 11 3 3 3 1 0 0 0 0 0 4 4 1 1 1 0 0 0 0 0 0 0 0 0 0 0 0 0 0
 13 13 11 12 12 12 12 12 11 11 10 11 11 9 11 11 11 11 3 3 3 1 0 0 0 0 0 4 4 1 1 1 0 0 0 0 0 0 0 0 0 0 0 0 0 0
 13 13 10 11 11 11 10 10 11 11 12 12 12 9 8 8 7 7 3 3 3 3 0 0 0 0 0 3 3 4 0 0 0 0 0 0 0 0 0 0 0 0 0 0 0 0
 13 13 10 11 11 11 10 10 11 11 12 12 12 9 8 8 7 7 3 3 3 3 0 0 0 0 0 3 3 4 0 0 0 0 0 0 0 0 0 0 0 0 0 0 0 0
 10 10 10 11 11 12 15 15 17 17 15 15 15 15 9 9 8 8 2 1 1 5 2 2 2 2 1 0 0 0 0 0 0 0 0 0 0 0 0 0 0 0 0 0 0 0
 9 9 11 12 12 14 19 19 21 21 19 25 25 19 14 14 10 10 5 6 6 5 2 2 3 3 2 7 7 7 5 5 4 4 0 0 0 0 0 0 0 0 0 0 0 0
 9 9 11 12 12 14 19 19 21 21 19 25 25 19 14 14 10 10 5 6 6 5 2 2 3 3 2 7 7 7 5 5 4 4 0 0 0 0 0 0 0 0 0 0 0 0
 10 10 13 14 14 16 20 20 20 20 20 22 22 19 18 18 15 15 17 11 11 11 11 11 11 11 11 8 8 7 5 5 4 4 0 0 0 0 0 0 0 0 0 0 0 0
 10 10 12 13 13 16 18 18 19 19 19 19 19 18 20 20 18 18 19 16 16 13 4 4 3 3 8 6 6 5 4 4 4 4 0 0 0 0 0 0 0 0 0 0 0 0
 10 10 12 13 13 16 18 18 19 19 19 19 19 18 20 20 18 18 19 16 16 13 4 4 3 3 8 6 6 5 4 4 4 4 0 0 0 0 0 0 0 0 0 0 0 0
 7 7 9 11 11 13 15 15 17 17 18 19 19 18 21 21 16 16 14 12 12 11 7 7 5 5 8 6 6 7 3 3 1 1 0 0 0 0 0 0 0 0 0 0 0 0
 7 7 9 11 11 13 15 15 17 17 18 19 19 18 21 21 16 16 14 12 12 11 7 7 5 5 8 6 6 7 3 3 1 1 0 0 0 0 0 0 0 0 0 0 0 0
 6 6 6 5 5 10 13 13 15 15 17 18 18 21 30 30 15 15 12 9 9 11 9 9 7 7 9 8 8 10 12 12 4 4 2 1 1 0 0 0 0 0 0 0 0 0
 6 6 5 7 7 9 12 12 12 12 13 14 14 22 34 34 32 32 18 9 9 11 10 10 8 8 10 7 7 8 10 10 12 12 2 0 0 0 0 0 0 0 0 0 0 0
 6 6 5 7 7 9 12 12 12 12 13 14 14 22 34 34 32 32 18 9 9 11 10 10 8 8 10 7 7 8 10 10 12 12 2 0 0 0 0 0 0 0 0 0 0 0
 7 7 5 6 6 9 11 11 10 10 11 12 12 26 24 24 27 27 16 13 13 8 3 3 7 7 5 6 6 5 3 3 2 2 1 0 0 1 1 1 2 2 1 0 0 0
 4 4 5 6 6 8 9 9 9 9 10 12 12 16 14 14 15 15 14 19 19 13 7 7 5 5 3 2 2 4 4 4 1 1 2 1 1 1 1 1 1 1 0 0 0 0
 4 4 5 6 6 8 9 9 9 9 10 12 12 16 14 14 15 15 14 19 19 13 7 7 5 5 3 2 2 4 4 4 1 1 2 1 1 1 1 1 1 1 0 0 0 0
 4 4 6 9 9 11 10 10 10 10 11 16 16 15 16 16 12 12 12 10 10 19 6 6 4 4 6 1 1 1 1 1 3 3 2 1 1 1 1 1 1 1 0 0 0 0
 4 4 6 9 9 11 10 10 10 10 11 16 16 15 16 16 12 12 12 10 10 19 6 6 4 4 6 1 1 1 1 1 3 3 2 1 1 1 1 1 1 1 0 0 0 0
 6 6 4 8 8 9 10 10 13 13 15 23 23 18 19 19 12 12 9 9 9 13 17 17 8 8 5 4 4 6 6 6 9 9 5 2 2 2 1 1 3 3 2 0 0 0
 8 8 7 8 8 8 9 9 12 12 18 34 34 32 24 24 17 17 10 10 10 23 22 22 14 14 4 3 3 4 6 6 3 3 3 2 2 2 2 2 3 3 2 1 1 0
 8 8 7 8 8 8 9 9 12 12 18 34 34 32 24 24 17 17 10 10 10 23 22 22 14 14 4 3 3 4 6 6 3 3 3 2 2 2 2 2 3 3 2 1 1 0
 3 3 4 7 7 7 8 8 11 11 16 30 30 22 23 23 17 17 11 11 11 18 29 29 8 8 4 3 3 3 1 1 7 7 5 3 3 3 4 4 5 5 3 1 1 1
 3 3 4 2 2 5 9 9 11 11 12 16 16 14 16 16 12 12 11 13 13 14 16 16 5 5 4 2 2 1 1 1 3 3 7 3 3 3 1 1 3 3 5 1 1 0
 3 3 4 2 2 5 9 9 11 11 12 16 16 14 16 16 12 12 11 13 13 14 16 16 5 5 4 2 2 1 1 1 3 3 7 3 3 3 1 1 3 3 5 1 1 0
 2 2 2 3 3 5 9 9 10 10 10 9 9 11 11 11 10 10 10 11 11 10 6 6 8 8 2 2 2 2 1 1 0 0 0 1 1 8 2 2 3 3 3 8 8 4
 2 2 2 3 3 5 9 9 10 10 10 9 9 11 11 11 10 10 10 11 11 10 6 6 8 8 2 2 2 2 1 1 0 0 0 1 1 8 2 2 3 3 3 8 8 4
 3 3 2 3 3 3 3 3 4 4 9 9 9 11 11 11 9 9 15 16 16 12 9 9 8 8 4 2 2 2 2 2 2 2 0 1 1 1 1 1 3 3 6 7 7 0
 6 6 4 4 4 3 3 3 7 7 7 8 8 10 11 11 18 18 14 16 16 11 10 10 9 9 11 6 6 7 6 6 2 2 1 1 1 1 1 1 4 4 4 10 10 0
 6 6 4 4 4 3 3 3 7 7 7 8 8 10 11 11 18 18 14 16 16 11 10 10 9 9 11 6 6 7 6 6 2 2 1 1 1 1 1 1 4 4 4 10 10 0
 8 8 7 9 9 7 7 7 6 6 7 9 9 12 13 13 9 9 10 13 13 12 11 11 18 18 14 14 14 5 7 7 5 5 3 1 1 1 0 0 0 0 0 0 0 0
 9 9 11 10 10 10 7 7 7 7 7 9 9 14 10 10 8 8 3 9 9 13 8 8 18 18 11 14 14 13 8 8 5 5 4 3 3 0 0 0 1 1 1 0 0 0
 9 9 11 10 10 10 7 7 7 7 7 9 9 14 10 10 8 8 3 9 9 13 8 8 18 18 11 14 14 13 8 8 5 5 4 3 3 0 0 0 1 1 1 0 0 0
 15 15 19 16 16 14 15 15 4 4 3 4 4 7 4 4 4 4 4 8 8 11 12 12 23 23 19 14 14 16 7 7 4 4 3 3 3 2 1 1 3 3 1 0 0 0
 15 15 19 16 16 14 15 15 4 4 3 4 4 7 4 4 4 4 4 8 8 11 12 12 23 23 19 14 14 16 7 7 4 4 3 3 3 2 1 1 3 3 1 0 0 0
 17 17 19 16 16 13 9 9 3 3 4 5 5 5 5 5 8 8 9 6 6 6 10 10 13 13 11 17 17 14 11 11 5 5 5 3 3 2 2 2 1 1 6 4 4 0
 11 11 13 12 12 12 4 4 5 5 5 6 6 5 5 5 10 10 10 5 5 5 12 12 13 13 15 14 14 14 12 12 6 6 0 1 1 0 1 1 3 3 4 5 5 0
 11 11 13 12 12 12 4 4 5 5 5 6 6 5 5 5 10 10 10 5 5 5 12 12 13 13 15 14 14 14 12 12 6 6 0 1 1 0 1 1 3 3 4 5 5 0
 10 10 8 8 8 6 8 8 16 16 8 7 7 6 6 6 8 8 7 5 5 6 11 11 19 19 15 13 13 20 12 12 13 13 9 0 0 0 1 1 5 5 2 2 2 0
 13 13 9 7 7 5 7 7 16 16 11 9 9 6 7 7 7 7 7 3 3 4 8 8 18 18 19 9 9 6 7 7 8 8 5 5 5 3 0 0 7 7 4 2 2 3
 13 13 9 7 7 5 7 7 16 16 11 9 9 6 7 7 7 7 7 3 3 4 8 8 18 18 19 9 9 6 7 7 8 8 5 5 5 3 0 0 7 7 4 2 2 3
 10 10 11 8 8 6 8 8 13 13 12 8 8 7 12 12 7 7 5 2 2 3 4 4 10 10 19 13 13 6 2 2 2 2 3 1 1 2 0 0 1 1 7 8 8 4
 10 10 11 8 8 6 8 8 13 13 12 8 8 7 12 12 7 7 5 2 2 3 4 4 10 10 19 13 13 6 2 2 2 2 3 1 1 2 0 0 1 1 7 8 8 4
 4 4 6 7 7 5 6 6 9 9 11 8 8 13 17 17 12 12 9 4 4 3 4 4 7 7 17 12 12 10 5 5 3 3 2 5 5 4 1 1 5 5 3 1 1 1
 3 3 3 4 4 5 4 4 4 4 9 10 10 19 24 24 21 21 18 6 6 5 5 5 5 5 9 8 8 7 4 4 2 2 0 2 2 2 7 7 1 1 0 4 4 1
 3 3 3 4 4 5 4 4 4 4 9 10 10 19 24 24 21 21 18 6 6 5 5 5 5 5 9 8 8 7 4 4 2 2 0 2 2 2 7 7 1 1 0 4 4 1
 2 2 2 3 3 4 4 4 2 2 5 6 6 17 21 21 29 29 25 7 7 8 8 8 5 5 8 8 8 7 5 5 2 2 1 2 2 1 1 1 1 1 5 6 6 1
 2 2 3 3 3 3 3 3 2 2 3 5 5 14 17 17 26 26 22 8 8 7 4 4 4 4 5 9 9 14 3 3 2 2 2 1 1 2 1 1 0 0 0 3 3 1
