assets/RAT_results/precipitation/2022-08-25_IMERG.asc
ncols        46
nrows        77
xllcorner    74.800261325624
yllcorner    8.058333333333
cellsize     0.062500000000
NODATA_value -9999
 3 3 9 11 11 15 14 14 16 16 13 12 12 12 11 11 6 6 8 9 9 15 23 23 17 17 9 12 12 12 30 30 15 15 11 13 13 19 19 19 47 47 51 19 19 21
 5 5 9 12 12 17 15 15 21 21 23 19 19 9 9 9 8 8 8 8 8 9 8 8 15 15 11 14 14 17 25 25 25 25 24 15 15 16 26 26 43 43 45 38 38 28
 5 5 9 12 12 17 15 15 21 21 23 19 19 9 9 9 8 8 8 8 8 9 8 8 15 15 11 14 14 17 25 25 25 25 24 15 15 16 26 26 43 43 45 38 38 28
 7 7 12 13 13 16 16 16 19 19 24 18 18 13 16 16 12 12 12 8 8 8 8 8 20 20 17 19 19 17 20 20 27 27 27 29 29 26 39 39 40 40 43 41 41 38
 2 2 12 17 17 16 16 16 16 16 23 21 21 12 13 13 13 13 15 13 13 13 15 15 16 16 19 20 20 32 37 37 41 41 32 29 29 36 42 42 37 37 40 38 38 39
 2 2 12 17 17 16 16 16 16 16 23 21 21 12 13 13 13 13 15 13 13 13 15 15 16 16 19 20 20 32 37 37 41 41 32 29 29 36 42 42 37 37 40 38 38 39
 6 6 8 13 13 14 14 14 20 20 18 10 10 12 10 10 12 12 17 15 15 16 17 17 20 20 29 26 26 28 29 29 35 35 37 27 27 29 47 47 52 52 50 61 61 66
 6 6 8 13 13 14 14 14 20 20 18 10 10 12 10 10 12 12 17 15 15 16 17 17 20 20 29 26 26 28 29 29 35 35 37 27 27 29 47 47 52 52 50 61 61 66
 6 6 8 15 15 17 19 19 22 22 17 11 11 10 12 12 13 13 21 21 21 21 21 21 22 22 30 32 32 32 28 28 37 37 43 35 35 42 44 44 47 47 46 62 62 64
 6 6 8 10 10 11 11 11 12 12 12 12 12 9 12 12 14 14 21 24 24 22 21 21 23 23 26 29 29 23 26 26 24 24 34 38 38 48 47 47 48 48 45 63 63 62
 6 6 8 10 10 11 11 11 12 12 12 12 12 9 12 12 14 14 21 24 24 22 21 21 23 23 26 29 29 23 26 26 24 24 34 38 38 48 47 47 48 48 45 63 63 62
 7 7 6 6 6 8 14 14 11 11 11 8 8 10 14 14 25 25 31 33 33 30 22 22 22 22 22 27 27 22 28 28 22 22 40 44 44 50 43 43 50 50 52 43 43 68
 8 8 5 5 5 8 8 8 11 11 9 8 8 11 12 12 19 19 20 21 21 22 16 16 20 20 18 18 18 19 26 26 25 25 34 35 35 40 35 35 44 44 52 49 49 70
 8 8 5 5 5 8 8 8 11 11 9 8 8 11 12 12 19 19 20 21 21 22 16 16 20 20 18 18 18 19 26 26 25 25 34 35 35 40 35 35 44 44 52 49 49 70
 6 6 5 5 5 7 14 14 19 19 19 16 16 11 13 13 12 12 12 17 17 22 16 16 15 15 16 16 16 20 27 27 30 30 35 39 39 36 43 43 48 48 53 53 53 13
 6 6 5 5 5 7 14 14 19 19 19 16 16 11 13 13 12 12 12 17 17 22 16 16 15 15 16 16 16 20 27 27 30 30 35 39 39 36 43 43 48 48 53 53 53 13
 3 3 3 4 4 13 14 14 16 16 19 16 16 17 15 15 15 15 12 10 10 20 21 21 14 14 16 19 19 25 28 28 32 32 37 61 61 59 55 55 42 42 34 45 45 40
 4 4 4 4 4 5 11 11 15 15 16 18 18 17 13 13 12 12 10 13 13 13 16 16 15 15 19 17 17 36 34 34 42 42 47 61 61 47 39 39 42 42 35 30 30 32
 4 4 4 4 4 5 11 11 15 15 16 18 18 17 13 13 12 12 10 13 13 13 16 16 15 15 19 17 17 36 34 34 42 42 47 61 61 47 39 39 42 42 35 30 30 32
 6 6 4 4 4 4 10 10 5 5 18 23 23 20 20 20 18 18 15 12 12 9 15 15 19 19 17 11 11 24 21 21 31 31 46 46 46 42 40 40 26 26 30 15 15 18
 13 13 6 6 6 4 6 6 6 6 18 20 20 24 21 21 23 23 15 15 15 8 10 10 39 39 12 12 12 22 19 19 37 37 47 49 49 48 44 44 38 38 36 17 17 15
 13 13 6 6 6 4 6 6 6 6 18 20 20 24 21 21 23 23 15 15 15 8 10 10 39 39 12 12 12 22 19 19 37 37 47 49 49 48 44 44 38 38 36 17 17 15
 20 20 11 6 6 5 7 7 10 10 20 20 20 29 21 21 23 23 14 16 16 10 13 13 12 12 14 14 14 16 20 20 21 21 28 27 27 36 49 49 41 41 36 19 19 19
 20 20 11 6 6 5 7 7 10 10 20 20 20 29 21 21 23 23 14 16 16 10 13 13 12 12 14 14 14 16 20 20 21 21 28 27 27 36 49 49 41 41 36 19 19 19
 15 15 13 8 8 8 10 10 10 10 6 12 12 20 19 19 22 22 18 17 17 18 16 16 12 12 10 12 12 14 15 15 21 21 25 23 23 37 26 26 28 28 36 20 20 18
 6 6 5 6 6 5 6 6 7 7 7 11 11 13 13 13 17 17 14 14 14 15 16 16 14 14 15 16 16 16 13 13 12 12 10 8 8 9 11 11 12 12 18 20 20 15
 6 6 5 6 6 5 6 6 7 7 7 11 11 13 13 13 17 17 14 14 14 15 16 16 14 14 15 16 16 16 13 13 12 12 10 8 8 9 11 11 12 12 18 20 20 15
 3 3 3 1 1 3 4 4 4 4 3 2 2 3 3 3 8 8 8 10 10 11 12 12 14 14 15 16 16 15 10 10 9 9 10 8 8 7 7 7 4 4 7 5 5 6
 2 2 2 1 1 1 1 1 1 1 1 1 1 1 1 1 3 3 5 7 7 6 6 6 7 7 6 15 15 7 5 5 5 5 5 4 4 4 1 1 1 1 2 2 2 2
 2 2 2 1 1 1 1 1 1 1 1 1 1 1 1 1 3 3 5 7 7 6 6 6 7 7 6 15 15 7 5 5 5 5 5 4 4 4 1 1 1 1 2 2 2 2
 2 2 2 1 1 0 1 1 0 0 0 0 0 1 1 1 1 1 3 4 4 2 2 2 4 4 5 18 18 2 2 2 2 2 2 2 2 1 1 1 1 1 1 0 0 2
 2 2 2 1 1 0 1 1 0 0 0 0 0 1 1 1 1 1 3 4 4 2 2 2 4 4 5 18 18 2 2 2 2 2 2 2 2 1 1 1 1 1 1 0 0 2
 3 3 2 1 1 1 1 1 0 0 0 1 1 1 1 1 1 1 3 3 3 3 1 1 1 1 1 3 3 5 1 1 1 1 1 0 0 0 0 0 1 1 1 3 3 3
 3 3 1 1 1 1 1 1 1 1 1 1 1 2 1 1 1 1 4 5 5 4 1 1 1 1 1 1 1 0 2 2 1 1 0 0 0 0 1 1 1 1 2 3 3 2
 3 3 1 1 1 1 1 1 1 1 1 1 1 2 1 1 1 1 4 5 5 4 1 1 1 1 1 1 1 0 2 2 1 1 0 0 0 0 1 1 1 1 2 3 3 2
 4 4 1 1 1 1 1 1 1 1 1 1 1 3 3 3 2 2 5 3 3 4 1 1 1 1 1 0 0 1 1 1 1 1 2 2 2 1 3 3 4 4 5 6 6 5
 4 4 3 2 2 2 1 1 1 1 1 1 1 4 5 5 4 4 0 0 0 2 2 2 2 2 1 1 1 1 2 2 2 2 3 4 4 4 5 5 6 6 8 8 8 16
 4 4 3 2 2 2 1 1 1 1 1 1 1 4 5 5 4 4 0 0 0 2 2 2 2 2 1 1 1 1 2 2 2 2 3 4 4 4 5 5 6 6 8 8 8 16
 3 3 4 4 4 2 2 2 1 1 1 1 1 3 4 4 4 4 1 1 1 1 2 2 1 1 1 2 2 1 4 4 2 2 3 4 4 7 11 11 12 12 13 13 13 16
 3 3 4 4 4 2 2 2 1 1 1 1 1 3 4 4 4 4 1 1 1 1 2 2 1 1 1 2 2 1 4 4 2 2 3 4 4 7 11 11 12 12 13 13 13 16
 4 4 4 4 4 1 1 1 0 0 0 0 0 1 2 2 3 3 1 1 1 1 2 2 1 1 1 2 2 3 5 5 4 4 4 4 4 10 10 10 11 11 14 16 16 18
 2 2 3 2 2 2 2 2 1 1 1 0 0 0 1 1 1 1 1 1 1 2 2 2 2 2 3 3 3 6 9 9 10 10 13 16 16 17 11 11 9 9 13 14 14 16
 2 2 3 2 2 2 2 2 1 1 1 0 0 0 1 1 1 1 1 1 1 2 2 2 2 2 3 3 3 6 9 9 10 10 13 16 16 17 11 11 9 9 13 14 14 16
 2 2 2 2 2 1 1 1 1 1 0 0 0 0 1 1 1 1 1 1 1 1 2 2 2 2 2 2 2 8 14 14 17 17 15 16 16 21 8 8 7 7 8 8 8 8
 1 1 2 2 2 1 1 1 0 0 0 0 0 0 0 0 0 0 1 1 1 1 1 1 1 1 2 1 1 4 8 8 13 13 6 19 19 18 12 12 16 16 7 1 1 1
 1 1 2 2 2 1 1 1 0 0 0 0 0 0 0 0 0 0 1 1 1 1 1 1 1 1 2 1 1 4 8 8 13 13 6 19 19 18 12 12 16 16 7 1 1 1
 1 1 1 1 1 1 0 0 1 1 0 0 0 0 0 0 1 1 1 1 1 1 1 1 2 2 2 1 1 1 2 2 5 5 4 6 6 7 1 1 2 2 2 2 2 1
 1 1 1 1 1 1 0 0 1 1 0 0 0 0 0 0 1 1 1 1 1 1 1 1 2 2 2 1 1 1 2 2 5 5 4 6 6 7 1 1 2 2 2 2 2 1
 1 1 1 1 1 1 1 1 1 1 0 0 0 1 1 1 3 3 3 3 3 1 1 1 2 2 3 3 3 3 4 4 5 5 3 3 3 2 2 2 2 2 2 1 1 1
 1 1 1 1 1 1 1 1 1 1 1 0 0 1 1 1 1 1 1 1 1 1 1 1 3 3 3 2 2 3 7 7 8 8 6 5 5 3 3 3 4 4 5 5 5 4
 1 1 1 1 1 1 1 1 1 1 1 0 0 1 1 1 1 1 1 1 1 1 1 1 3 3 3 2 2 3 7 7 8 8 6 5 5 3 3 3 4 4 5 5 5 4
 1 1 1 1 1 2 2 2 1 1 1 1 1 1 1 1 1 1 1 1 1 1 1 1 4 4 7 5 5 8 5 5 7 7 7 7 7 5 4 4 4 4 6 5 5 9
 5 5 3 2 2 3 3 3 3 3 5 7 7 4 2 2 2 2 2 2 2 2 3 3 5 5 12 11 11 13 12 12 7 7 4 3 3 2 2 2 4 4 4 2 2 4
 5 5 3 2 2 3 3 3 3 3 5 7 7 4 2 2 2 2 2 2 2 2 3 3 5 5 12 11 11 13 12 12 7 7 4 3 3 2 2 2 4 4 4 2 2 4
 5 5 2 3 3 3 4 4 5 5 11 12 12 6 5 5 5 5 5 5 5 5 6 6 14 14 17 12 12 15 12 12 8 8 8 3 3 2 2 2 3 3 3 2 2 2
 5 5 2 3 3 3 4 4 5 5 11 12 12 6 5 5 5 5 5 5 5 5 6 6 14 14 17 12 12 15 12 12 8 8 8 3 3 2 2 2 3 3 3 2 2 2
 6 6 3 3 3 3 4 4 6 6 7 10 10 6 6 6 6 6 6 7 7 7 9 9 20 20 20 17 17 17 14 14 13 13 12 7 7 7 4 4 4 4 4 2 2 1
 5 5 3 3 3 3 3 3 5 5 6 5 5 5 6 6 7 7 7 8 8 9 8 8 9 9 17 13 13 15 13 13 13 13 12 11 11 9 6 6 6 6 4 2 2 2
 5 5 3 3 3 3 3 3 5 5 6 5 5 5 6 6 7 7 7 8 8 9 8 8 9 9 17 13 13 15 13 13 13 13 12 11 11 9 6 6 6 6 4 2 2 2
 5 5 2 4 4 6 6 6 4 4 3 4 4 4 5 5 6 6 5 5 5 6 7 7 6 6 12 11 11 11 10 10 11 11 10 11 11 10 7 7 7 7 6 4 4 3
 2 2 1 3 3 5 5 5 2 2 3 2 2 2 3 3 3 3 3 4 4 4 5 5 4 4 4 7 7 7 8 8 10 10 9 8 8 9 7 7 5 5 5 4 4 3
 2 2 1 3 3 5 5 5 2 2 3 2 2 2 3 3 3 3 3 4 4 4 5 5 4 4 4 7 7 7 8 8 10 10 9 8 8 9 7 7 5 5 5 4 4 3
 2 2 1 4 4 4 4 4 2 2 2 1 1 1 2 2 3 3 2 2 2 2 2 2 2 2 3 5 5 5 6 6 7 7 7 7 7 5 4 4 4 4 4 3 3 3
 2 2 1 4 4 4 4 4 2 2 2 1 1 1 2 2 3 3 2 2 2 2 2 2 2 2 3 5 5 5 6 6 7 7 7 7 7 5 4 4 4 4 4 3 3 3
 2 2 2 4 4 4 4 4 2 2 2 2 2 1 3 3 3 3 2 1 1 1 1 1 1 1 1 1 1 2 3 3 4 4 5 7 7 6 5 5 3 3 4 3 3 2
 2 2 4 4 4 4 4 4 4 4 4 3 3 3 3 3 3 3 1 1 1 1 0 0 0 0 0 0 0 0 1 1 2 2 3 5 5 5 4 4 2 2 1 1 1 0
 2 2 4 4 4 4 4 4 4 4 4 3 3 3 3 3 3 3 1 1 1 1 0 0 0 0 0 0 0 0 1 1 2 2 3 5 5 5 4 4 2 2 1 1 1 0
 7 7 8 8 8 11 11 11 4 4 4 4 4 5 5 5 4 4 2 1 1 1 0 0 0 0 1 0 0 0 0 0 1 1 2 3 3 3 1 1 1 1 1 0 0 0
 16 16 16 10 10 14 14 14 12 12 7 8 8 10 6 6 5 5 5 2 2 1 0 0 1 1 0 0 0 1 1 1 2 2 2 2 2 5 3 3 2 2 2 2 2 2
 16 16 16 10 10 14 14 14 12 12 7 8 8 10 6 6 5 5 5 2 2 1 0 0 1 1 0 0 0 1 1 1 2 2 2 2 2 5 3 3 2 2 2 2 2 2
 20 20 19 17 17 17 17 17 15 15 11 10 10 12 11 11 9 9 8 2 2 1 0 0 0 0 0 0 0 1 1 1 2 2 2 2 2 3 3 3 5 5 3 5 5 4
 20 20 19 17 17 17 17 17 15 15 11 10 10 12 11 11 9 9 8 2 2 1 0 0 0 0 0 0 0 1 1 1 2 2 2 2 2 3 3 3 5 5 3 5 5 4
 17 17 16 14 14 16 21 21 20 20 14 14 14 15 14 14 12 12 5 1 1 1 1 1 0 0 0 0 0 1 1 1 1 1 1 1 1 2 3 3 3 3 3 8 8 9
 13 13 16 15 15 15 17 17 19 19 20 21 21 13 14 14 10 10 3 1 1 1 1 1 1 1 0 0 0 0 0 0 0 0 0 0 0 1 1 1 1 1 1 2 2 2
 13 13 16 15 15 15 17 17 19 19 20 21 21 13 14 14 10 10 3 1 1 1 1 1 1 1 0 0 0 0 0 0 0 0 0 0 0 1 1 1 1 1 1 2 2 2
 12 12 13 11 11 12 9 9 18 18 20 22 22 9 11 11 7 7 4 2 2 1 1 1 1 1 0 0 0 0 0 0 0 0 0 0 0 0 0 0 0 0 0 0 0 0
 9 9 8 8 8 9 8 8 18 18 17 15 15 17 19 19 6 6 6 2 2 2 1 1 1 1 0 0 0 0 0 0 0 0 0 0 0 0 0 0 0 0 0 0 0 0
