assets/RAT_results/precipitation/2022-10-11_IMERG.asc
ncols        46
nrows        77
xllcorner    74.800261325624
yllcorner    8.058333333333
cellsize     0.062500000000
NODATA_value -9999
 8 8 9 10 10 12 14 14 16 16 13 9 9 9 11 11 11 11 12 12 12 15 18 18 19 19 15 13 13 16 14 14 10 10 9 6 6 0 1 1 9 9 8 0 0 0
 12 12 15 18 18 19 19 19 22 22 22 14 14 9 10 10 12 12 12 14 14 13 16 16 20 20 14 14 14 11 11 11 15 15 16 9 9 8 1 1 1 1 8 0 0 0
 12 12 15 18 18 19 19 19 22 22 22 14 14 9 10 10 12 12 12 14 14 13 16 16 20 20 14 14 14 11 11 11 15 15 16 9 9 8 1 1 1 1 8 0 0 0
 14 14 16 20 20 19 17 17 20 20 23 16 16 10 10 10 15 15 14 13 13 11 9 9 15 15 11 13 13 13 15 15 15 15 17 7 7 6 1 1 1 1 0 0 0 1
 8 8 13 16 16 16 14 14 15 15 14 11 11 8 10 10 14 14 10 10 10 9 7 7 5 5 3 3 3 3 9 9 16 16 16 7 7 6 1 1 1 1 0 0 0 0
 8 8 13 16 16 16 14 14 15 15 14 11 11 8 10 10 14 14 10 10 10 9 7 7 5 5 3 3 3 3 9 9 16 16 16 7 7 6 1 1 1 1 0 0 0 0
 8 8 8 15 15 13 11 11 10 10 8 11 11 14 21 21 12 12 8 7 7 7 6 6 6 6 3 4 4 3 3 3 4 4 4 2 2 1 2 2 2 2 2 1 1 0
 8 8 8 15 15 13 11 11 10 10 8 11 11 14 21 21 12 12 8 7 7 7 6 6 6 6 3 4 4 3 3 3 4 4 4 2 2 1 2 2 2 2 2 1 1 0
 7 7 6 12 12 9 9 9 10 10 12 7 7 6 10 10 6 6 5 5 5 6 5 5 4 4 3 2 2 1 1 1 3 3 2 2 2 2 3 3 4 4 5 3 3 1
 4 4 4 8 8 8 10 10 13 13 10 12 12 5 5 5 5 5 4 4 4 4 3 3 2 2 2 1 1 1 2 2 2 2 3 3 3 9 9 9 5 5 5 12 12 10
 4 4 4 8 8 8 10 10 13 13 10 12 12 5 5 5 5 5 4 4 4 4 3 3 2 2 2 1 1 1 2 2 2 2 3 3 3 9 9 9 5 5 5 12 12 10
 5 5 5 4 4 7 10 10 13 13 11 6 6 4 3 3 2 2 2 2 2 2 1 1 2 2 2 1 1 1 2 2 3 3 3 4 4 9 9 9 20 20 14 21 21 15
 5 5 4 4 4 5 5 5 8 8 8 6 6 3 2 2 1 1 5 1 1 2 2 2 3 3 3 2 2 2 3 3 4 4 6 7 7 15 30 30 32 32 27 18 18 26
 5 5 4 4 4 5 5 5 8 8 8 6 6 3 2 2 1 1 5 1 1 2 2 2 3 3 3 2 2 2 3 3 4 4 6 7 7 15 30 30 32 32 27 18 18 26
 2 2 2 2 2 1 1 1 2 2 2 2 2 1 2 2 2 2 2 3 3 3 3 3 3 3 3 3 3 2 2 2 2 2 4 5 5 13 27 27 29 29 26 24 24 21
 2 2 2 2 2 1 1 1 2 2 2 2 2 1 2 2 2 2 2 3 3 3 3 3 3 3 3 3 3 2 2 2 2 2 4 5 5 13 27 27 29 29 26 24 24 21
 1 1 1 0 0 0 0 0 0 0 1 1 1 1 2 2 3 3 3 3 3 2 3 3 3 3 2 6 6 1 1 1 4 4 4 10 10 10 18 18 19 19 18 20 20 19
 0 0 0 0 0 0 0 0 0 0 1 1 1 2 2 2 2 2 4 4 4 4 5 5 4 4 3 5 5 2 2 2 6 6 6 13 13 13 12 12 19 19 22 24 24 19
 0 0 0 0 0 0 0 0 0 0 1 1 1 2 2 2 2 2 4 4 4 4 5 5 4 4 3 5 5 2 2 2 6 6 6 13 13 13 12 12 19 19 22 24 24 19
 0 0 0 0 0 0 1 1 1 1 1 3 3 4 4 4 3 3 4 6 6 5 4 4 4 4 3 2 2 3 3 3 6 6 7 15 15 15 13 13 9 9 14 23 23 18
 0 0 1 1 1 1 1 1 2 2 2 3 3 3 3 3 4 4 3 3 3 3 2 2 2 2 2 3 3 4 9 9 11 11 11 9 9 8 8 8 9 9 12 11 11 16
 0 0 1 1 1 1 1 1 2 2 2 3 3 3 3 3 4 4 3 3 3 3 2 2 2 2 2 3 3 4 9 9 11 11 11 9 9 8 8 8 9 9 12 11 11 16
 0 0 0 0 0 0 0 0 0 0 1 0 0 1 1 1 1 1 1 1 1 1 1 1 1 1 1 2 2 3 10 10 10 10 6 6 6 3 7 7 7 7 8 8 8 21
 0 0 0 0 0 0 0 0 0 0 1 0 0 1 1 1 1 1 1 1 1 1 1 1 1 1 1 2 2 3 10 10 10 10 6 6 6 3 7 7 7 7 8 8 8 21
 0 0 0 0 0 0 0 0 0 0 0 0 0 0 0 0 0 0 0 0 0 0 0 0 1 1 1 2 2 3 9 9 11 11 7 7 7 2 2 2 2 2 5 5 5 12
 0 0 0 0 0 0 0 0 0 0 0 0 0 0 0 0 0 0 0 0 0 1 0 0 1 1 1 1 1 2 2 2 3 3 3 4 4 1 1 1 1 1 5 4 4 10
 0 0 0 0 0 0 0 0 0 0 0 0 0 0 0 0 0 0 0 0 0 1 0 0 1 1 1 1 1 2 2 2 3 3 3 4 4 1 1 1 1 1 5 4 4 10
 0 0 0 0 0 0 0 0 0 0 0 0 0 0 0 0 0 0 1 1 1 2 2 2 3 3 3 3 3 3 4 4 4 4 3 3 3 3 2 2 1 1 5 4 4 10
 0 0 0 0 0 0 0 0 0 0 0 0 0 0 0 0 1 1 2 2 2 3 6 6 6 6 7 6 6 5 4 4 8 8 7 8 8 12 2 2 1 1 1 1 1 7
 0 0 0 0 0 0 0 0 0 0 0 0 0 0 0 0 1 1 2 2 2 3 6 6 6 6 7 6 6 5 4 4 8 8 7 8 8 12 2 2 1 1 1 1 1 7
 0 0 0 0 0 0 0 0 0 0 0 0 0 0 0 0 1 1 3 3 3 3 5 5 5 5 4 4 4 3 3 3 7 7 7 12 12 12 8 8 7 7 1 4 4 7
 0 0 0 0 0 0 0 0 0 0 0 0 0 0 0 0 1 1 3 3 3 3 5 5 5 5 4 4 4 3 3 3 7 7 7 12 12 12 8 8 7 7 1 4 4 7
 0 0 0 0 0 0 0 0 0 0 1 0 0 0 0 0 1 1 3 3 3 11 11 11 4 4 4 3 3 3 3 3 5 5 5 15 15 13 7 7 8 8 1 5 5 5
 0 0 0 0 0 0 0 0 1 1 1 0 0 0 0 0 2 2 3 3 3 11 12 12 12 12 13 14 14 8 8 8 10 10 10 14 14 14 8 8 9 9 3 4 4 4
 0 0 0 0 0 0 0 0 1 1 1 0 0 0 0 0 2 2 3 3 3 11 12 12 12 12 13 14 14 8 8 8 10 10 10 14 14 14 8 8 9 9 3 4 4 4
 0 0 0 0 0 0 1 1 2 2 1 0 0 0 0 0 2 2 12 13 13 26 27 27 27 27 26 18 18 11 12 12 17 17 16 19 19 16 10 10 5 5 6 5 5 4
 1 1 1 0 0 1 2 2 1 1 0 0 0 0 3 3 15 15 15 21 21 24 29 29 27 27 27 19 19 23 24 24 25 25 25 31 31 31 17 17 7 7 8 9 9 5
 1 1 1 0 0 1 2 2 1 1 0 0 0 0 3 3 15 15 15 21 21 24 29 29 27 27 27 19 19 23 24 24 25 25 25 31 31 31 17 17 7 7 8 9 9 5
 0 0 0 0 0 0 1 1 1 1 0 0 0 0 2 2 16 16 16 25 25 26 30 30 25 25 26 16 16 18 18 18 17 17 17 34 34 29 16 16 6 6 13 12 12 34
 0 0 0 0 0 0 1 1 1 1 0 0 0 0 2 2 16 16 16 25 25 26 30 30 25 25 26 16 16 18 18 18 17 17 17 34 34 29 16 16 6 6 13 12 12 34
 0 0 0 0 0 0 0 0 0 0 0 0 0 1 3 3 3 3 3 19 19 20 22 22 18 18 25 16 16 15 15 15 12 12 17 16 16 10 15 15 30 30 9 8 8 30
 0 0 0 0 0 0 0 0 0 0 0 0 0 2 3 3 3 3 3 14 14 19 18 18 17 17 14 8 8 7 6 6 8 8 7 4 4 5 8 8 4 4 5 3 3 1
 0 0 0 0 0 0 0 0 0 0 0 0 0 2 3 3 3 3 3 14 14 19 18 18 17 17 14 8 8 7 6 6 8 8 7 4 4 5 8 8 4 4 5 3 3 1
 0 0 0 0 0 0 0 0 0 0 0 0 0 0 2 2 4 4 5 9 9 10 11 11 10 10 6 5 5 6 7 7 9 9 6 4 4 5 6 6 4 4 2 1 1 0
 0 0 0 0 0 0 0 0 0 0 0 0 0 0 4 4 4 4 6 5 5 7 8 8 9 9 6 6 6 7 8 8 11 11 7 4 4 3 3 3 3 3 2 2 2 1
 0 0 0 0 0 0 0 0 0 0 0 0 0 0 4 4 4 4 6 5 5 7 8 8 9 9 6 6 6 7 8 8 11 11 7 4 4 3 3 3 3 3 2 2 2 1
 0 0 0 0 0 0 0 0 0 0 0 0 0 0 0 0 4 4 5 5 5 5 6 6 8 8 8 10 10 12 11 11 12 12 10 4 4 3 3 3 3 3 31 2 2 2
 0 0 0 0 0 0 0 0 0 0 0 0 0 0 0 0 4 4 5 5 5 5 6 6 8 8 8 10 10 12 11 11 12 12 10 4 4 3 3 3 3 3 31 2 2 2
 0 0 0 0 0 0 0 0 0 0 0 0 0 0 0 0 1 1 2 2 2 3 4 4 14 14 16 13 13 9 8 8 7 7 7 7 7 18 15 15 31 31 31 1 1 1
 0 0 0 0 0 0 0 0 0 0 0 0 0 0 1 1 2 2 3 3 3 6 7 7 11 11 13 14 14 13 12 12 6 6 4 2 2 11 5 5 5 5 5 0 0 0
 0 0 0 0 0 0 0 0 0 0 0 0 0 0 1 1 2 2 3 3 3 6 7 7 11 11 13 14 14 13 12 12 6 6 4 2 2 11 5 5 5 5 5 0 0 0
 0 0 0 0 0 0 0 0 0 0 1 1 1 1 2 2 3 3 3 3 3 6 7 7 12 12 10 14 14 12 10 10 10 10 9 7 7 7 9 9 21 21 4 0 0 0
 0 0 0 0 0 0 1 1 1 1 2 2 2 3 3 3 4 4 4 5 5 6 5 5 11 11 12 15 15 12 10 10 9 9 7 31 31 32 23 23 21 21 0 0 0 0
 0 0 0 0 0 0 1 1 1 1 2 2 2 3 3 3 4 4 4 5 5 6 5 5 11 11 12 15 15 12 10 10 9 9 7 31 31 32 23 23 21 21 0 0 0 0
 0 0 0 1 1 1 1 1 2 2 2 3 3 3 3 3 4 4 4 5 5 5 5 5 13 13 14 15 15 15 16 16 13 13 12 32 32 33 24 24 37 37 0 0 0 0
 0 0 0 1 1 1 1 1 2 2 2 3 3 3 3 3 4 4 4 5 5 5 5 5 13 13 14 15 15 15 16 16 13 13 12 32 32 33 24 24 37 37 0 0 0 0
 0 0 0 0 0 1 1 1 1 1 2 3 3 3 3 3 3 3 4 4 4 3 5 5 8 8 13 11 11 13 18 18 16 16 18 16 16 39 38 38 38 38 3 3 3 1
 0 0 0 0 0 0 1 1 1 1 1 1 1 2 2 2 2 2 2 2 2 2 3 3 4 4 15 14 14 11 15 15 16 16 21 20 20 45 15 15 10 10 13 7 7 3
 0 0 0 0 0 0 1 1 1 1 1 1 1 2 2 2 2 2 2 2 2 2 3 3 4 4 15 14 14 11 15 15 16 16 21 20 20 45 15 15 10 10 13 7 7 3
 0 0 0 0 0 0 0 0 0 0 1 1 1 1 1 1 1 1 1 1 1 1 1 1 11 11 12 12 12 9 11 11 14 14 15 13 13 17 14 14 7 7 8 2 2 1
 0 0 0 0 0 0 0 0 0 0 0 1 1 0 1 1 1 1 1 1 1 1 1 1 1 1 2 7 7 7 7 7 8 8 4 2 2 1 1 1 1 1 0 0 0 0
 0 0 0 0 0 0 0 0 0 0 0 1 1 0 1 1 1 1 1 1 1 1 1 1 1 1 2 7 7 7 7 7 8 8 4 2 2 1 1 1 1 1 0 0 0 0
 1 1 1 0 0 0 0 0 0 0 0 0 0 1 1 1 1 1 1 2 2 1 1 1 1 1 1 7 7 1 1 1 1 1 2 1 1 0 0 0 0 0 0 0 0 0
 1 1 1 0 0 0 0 0 0 0 0 0 0 1 1 1 1 1 1 2 2 1 1 1 1 1 1 7 7 1 1 1 1 1 2 1 1 0 0 0 0 0 0 0 0 0
 1 1 1 0 0 0 0 0 0 0 0 0 0 1 2 2 2 2 2 3 3 3 4 4 3 3 3 3 3 3 3 3 2 2 2 1 1 0 0 0 0 0 0 0 0 0
 1 1 1 1 1 1 0 0 1 1 0 0 0 2 4 4 4 4 5 6 6 8 7 7 7 7 7 5 5 6 7 7 8 8 8 4 4 1 0 0 0 0 0 1 1 2
 1 1 1 1 1 1 0 0 1 1 0 0 0 2 4 4 4 4 5 6 6 8 7 7 7 7 7 5 5 6 7 7 8 8 8 4 4 1 0 0 0 0 0 1 1 2
 2 2 1 1 1 1 1 1 1 1 1 1 1 1 2 2 3 3 4 5 5 7 8 8 9 9 9 5 5 5 5 5 5 5 7 4 4 1 0 0 0 0 0 0 0 1
 2 2 2 2 2 2 1 1 1 1 1 1 1 1 1 1 2 2 2 2 2 4 5 5 6 6 6 5 5 4 1 1 3 3 5 4 4 3 1 1 0 0 0 0 0 0
 2 2 2 2 2 2 1 1 1 1 1 1 1 1 1 1 2 2 2 2 2 4 5 5 6 6 6 5 5 4 1 1 3 3 5 4 4 3 1 1 0 0 0 0 0 0
 2 2 2 2 2 1 2 2 1 1 1 1 1 1 1 1 1 1 2 2 2 3 4 4 5 5 6 5 5 6 4 4 1 1 3 3 3 2 0 0 0 0 0 1 1 0
 2 2 2 2 2 1 2 2 1 1 1 1 1 1 1 1 1 1 2 2 2 3 4 4 5 5 6 5 5 6 4 4 1 1 3 3 3 2 0 0 0 0 0 1 1 0
 2 2 2 2 2 2 2 2 2 2 2 2 2 2 1 1 2 2 2 1 1 2 2 2 4 4 8 7 7 5 4 4 1 1 1 1 1 0 0 0 0 0 0 0 0 0
 1 1 2 2 2 2 3 3 3 3 3 3 3 3 2 2 3 3 2 3 3 2 3 3 3 3 5 3 3 2 2 2 0 0 0 0 0 0 0 0 0 0 0 0 0 0
 1 1 2 2 2 2 3 3 3 3 3 3 3 3 2 2 3 3 2 3 3 2 3 3 3 3 5 3 3 2 2 2 0 0 0 0 0 0 0 0 0 0 0 0 0 0
 1 1 2 2 2 3 3 3 4 4 5 5 5 5 7 7 4 4 3 3 3 4 3 3 5 5 4 4 4 1 1 1 1 1 1 0 0 0 0 0 0 0 0 0 0 0
 2 2 2 2 2 3 3 3 5 5 6 7 7 8 8 8 12 12 9 5 5 4 5 5 4 4 4 4 4 2 1 1 1 1 1 0 0 0 1 1 0 0 0 0 0 0
