assets/RAT_results/precipitation/2022-05-27_IMERG.asc
ncols        46
nrows        77
xllcorner    74.800261325624
yllcorner    8.058333333333
cellsize     0.062500000000
NODATA_value -9999
 0 0 0 0 0 0 0 0 0 0 0 1 1 1 0 0 0 0 0 0 0 0 0 0 0 0 0 0 0 0 0 0 0 0 0 0 0 0 0 0 0 0 0 0 0 0
 0 0 0 0 0 0 0 0 0 0 0 0 0 0 0 0 0 0 0 0 0 0 0 0 0 0 0 0 0 0 0 0 0 0 0 0 0 0 0 0 0 0 0 0 0 0
 0 0 0 0 0 0 0 0 0 0 0 0 0 0 0 0 0 0 0 0 0 0 0 0 0 0 0 0 0 0 0 0 0 0 0 0 0 0 0 0 0 0 0 0 0 0
 0 0 0 0 0 0 0 0 0 0 0 0 0 0 0 0 0 0 0 0 0 0 0 0 0 0 0 0 0 0 0 0 0 0 0 0 0 0 0 0 1 1 1 0 0 1
 0 0 0 0 0 0 0 0 0 0 0 0 0 0 0 0 1 1 0 0 0 0 0 0 0 0 0 0 0 0 0 0 0 0 0 0 0 0 0 0 0 0 0 0 0 0
 0 0 0 0 0 0 0 0 0 0 0 0 0 0 0 0 1 1 0 0 0 0 0 0 0 0 0 0 0 0 0 0 0 0 0 0 0 0 0 0 0 0 0 0 0 0
 0 0 0 1 1 1 1 1 1 1 0 1 1 0 0 0 0 0 0 0 0 0 0 0 0 0 0 0 0 0 0 0 0 0 0 0 0 0 0 0 0 0 0 0 0 0
 0 0 0 1 1 1 1 1 1 1 0 1 1 0 0 0 0 0 0 0 0 0 0 0 0 0 0 0 0 0 0 0 0 0 0 0 0 0 0 0 0 0 0 0 0 0
 1 1 2 4 4 2 2 2 2 2 1 1 1 1 0 0 0 0 0 0 0 0 0 0 0 0 0 0 0 0 0 0 0 0 0 0 0 0 0 0 0 0 0 0 0 0
 3 3 6 10 10 5 3 3 3 3 3 2 2 2 2 2 1 1 0 1 1 1 1 1 1 1 0 0 0 0 0 0 0 0 0 0 0 0 0 0 0 0 0 0 0 1
 3 3 6 10 10 5 3 3 3 3 3 2 2 2 2 2 1 1 0 1 1 1 1 1 1 1 0 0 0 0 0 0 0 0 0 0 0 0 0 0 0 0 0 0 0 1
 3 3 5 5 5 6 4 4 4 4 5 5 5 5 4 4 2 2 1 1 1 1 0 0 1 1 0 0 0 0 0 0 0 0 0 0 0 5 0 0 9 9 9 0 0 0
 2 2 3 4 4 14 4 4 4 4 6 7 7 7 5 5 3 3 2 2 2 2 1 1 0 0 0 0 0 0 0 0 1 1 1 5 5 5 14 14 9 9 9 0 0 0
 2 2 3 4 4 14 4 4 4 4 6 7 7 7 5 5 3 3 2 2 2 2 1 1 0 0 0 0 0 0 0 0 1 1 1 5 5 5 14 14 9 9 9 0 0 0
 2 2 3 2 2 2 3 3 3 3 4 6 6 5 5 5 4 4 4 3 3 3 2 2 1 1 0 0 0 0 0 0 1 1 2 6 6 5 10 10 10 10 5 0 0 0
 2 2 3 2 2 2 3 3 3 3 4 6 6 5 5 5 4 4 4 3 3 3 2 2 1 1 0 0 0 0 0 0 1 1 2 6 6 5 10 10 10 10 5 0 0 0
 1 1 2 3 3 3 3 3 2 2 2 2 2 2 4 4 3 3 3 1 1 1 1 1 1 1 0 0 0 0 0 0 1 1 1 5 5 5 10 10 10 10 5 1 1 0
 1 1 2 4 4 6 5 5 2 2 1 2 2 1 2 2 4 4 6 1 1 1 1 1 1 1 1 1 1 1 1 1 1 1 1 1 1 2 2 2 2 2 1 5 5 2
 1 1 2 4 4 6 5 5 2 2 1 2 2 1 2 2 4 4 6 1 1 1 1 1 1 1 1 1 1 1 1 1 1 1 1 1 1 2 2 2 2 2 1 5 5 2
 2 2 2 2 2 3 5 5 2 2 1 1 1 1 3 3 2 2 2 3 3 1 1 1 1 1 2 1 1 2 4 4 2 2 2 2 2 3 5 5 3 3 2 3 3 3
 1 1 1 1 1 1 2 2 2 2 2 3 3 2 1 1 2 2 2 2 2 2 1 1 1 1 1 1 1 4 9 9 6 6 6 3 3 5 5 5 3 3 3 2 2 4
 1 1 1 1 1 1 2 2 2 2 2 3 3 2 1 1 2 2 2 2 2 2 1 1 1 1 1 1 1 4 9 9 6 6 6 3 3 5 5 5 3 3 3 2 2 4
 1 1 1 2 2 2 7 7 1 1 4 3 3 5 5 5 3 3 2 2 2 2 2 2 1 1 2 1 1 2 3 3 4 4 4 5 5 3 5 5 6 6 6 3 3 2
 1 1 1 2 2 2 7 7 1 1 4 3 3 5 5 5 3 3 2 2 2 2 2 2 1 1 2 1 1 2 3 3 4 4 4 5 5 3 5 5 6 6 6 3 3 2
 3 3 8 4 4 8 10 10 15 15 3 5 5 5 5 5 9 9 2 2 2 3 3 3 3 3 5 2 2 2 2 2 2 2 2 4 4 5 6 6 6 6 5 4 4 3
 20 20 24 8 8 13 13 13 19 19 11 8 8 10 7 7 11 11 3 3 3 3 3 3 3 3 4 2 2 3 2 2 2 2 2 3 3 4 3 3 3 3 3 4 4 4
 20 20 24 8 8 13 13 13 19 19 11 8 8 10 7 7 11 11 3 3 3 3 3 3 3 3 4 2 2 3 2 2 2 2 2 3 3 4 3 3 3 3 3 4 4 4
 19 19 22 24 24 23 29 29 22 22 20 6 6 7 5 5 6 6 5 4 4 4 4 4 3 3 2 3 3 3 3 3 3 3 3 3 3 2 2 2 2 2 2 2 2 2
 28 28 24 28 28 27 34 34 19 19 6 6 6 6 4 4 5 5 3 4 4 4 4 4 3 3 2 3 3 3 4 4 3 3 5 4 4 1 1 1 1 1 1 1 1 1
 28 28 24 28 28 27 34 34 19 19 6 6 6 6 4 4 5 5 3 4 4 4 4 4 3 3 2 3 3 3 4 4 3 3 5 4 4 1 1 1 1 1 1 1 1 1
 28 28 26 32 32 25 31 31 31 31 16 16 16 16 2 2 4 4 3 3 3 2 2 2 2 2 1 1 1 1 1 1 1 1 1 1 1 0 0 0 0 0 0 0 0 1
 28 28 26 32 32 25 31 31 31 31 16 16 16 16 2 2 4 4 3 3 3 2 2 2 2 2 1 1 1 1 1 1 1 1 1 1 1 0 0 0 0 0 0 0 0 1
 29 29 26 27 27 17 18 18 18 18 13 15 15 1 2 2 4 4 4 3 3 2 1 1 1 1 0 0 0 0 0 0 0 0 0 0 0 0 0 0 0 0 0 0 0 0
 12 12 13 11 11 25 25 25 29 29 24 14 14 1 1 1 2 2 9 10 10 1 1 1 0 0 0 0 0 0 0 0 0 0 0 0 0 0 0 0 0 0 0 0 0 0
 12 12 13 11 11 25 25 25 29 29 24 14 14 1 1 1 2 2 9 10 10 1 1 1 0 0 0 0 0 0 0 0 0 0 0 0 0 0 0 0 0 0 0 0 0 0
 4 4 5 7 7 7 14 14 13 13 3 1 1 2 1 1 0 0 1 1 1 1 1 1 0 0 0 0 0 0 0 0 0 0 0 0 0 0 0 0 0 0 0 0 0 0
 2 2 3 5 5 6 5 5 5 5 4 3 3 3 2 2 0 0 0 0 0 0 0 0 0 0 0 0 0 0 0 0 0 0 0 0 0 0 0 0 0 0 0 0 0 0
 2 2 3 5 5 6 5 5 5 5 4 3 3 3 2 2 0 0 0 0 0 0 0 0 0 0 0 0 0 0 0 0 0 0 0 0 0 0 0 0 0 0 0 0 0 0
 3 3 3 2 2 3 3 3 3 3 4 4 4 4 4 4 2 2 0 0 0 0 0 0 0 0 1 0 0 0 0 0 0 0 0 1 1 0 0 0 2 2 4 9 9 2
 3 3 3 2 2 3 3 3 3 3 4 4 4 4 4 4 2 2 0 0 0 0 0 0 0 0 1 0 0 0 0 0 0 0 0 1 1 0 0 0 2 2 4 9 9 2
 3 3 3 2 2 4 4 4 4 4 3 2 2 3 4 4 1 1 1 1 1 1 1 1 1 1 1 2 2 2 1 1 2 2 2 2 2 2 3 3 11 11 8 10 10 3
 3 3 3 2 2 3 3 3 3 3 2 3 3 6 4 4 2 2 3 2 2 2 2 2 2 2 3 3 3 3 3 3 3 3 3 2 2 3 9 9 9 9 9 6 6 2
 3 3 3 2 2 3 3 3 3 3 2 3 3 6 4 4 2 2 3 2 2 2 2 2 2 2 3 3 3 3 3 3 3 3 3 2 2 3 9 9 9 9 9 6 6 2
 2 2 3 3 3 5 5 5 6 6 6 6 6 5 5 5 6 6 2 3 3 3 2 2 2 2 4 4 4 4 3 3 4 4 2 1 1 2 2 2 2 2 2 2 2 1
 3 3 3 4 4 5 5 5 7 7 8 8 8 7 10 10 6 6 2 3 3 2 3 3 3 3 3 4 4 3 3 3 2 2 1 1 1 1 2 2 0 0 0 0 0 0
 3 3 3 4 4 5 5 5 7 7 8 8 8 7 10 10 6 6 2 3 3 2 3 3 3 3 3 4 4 3 3 3 2 2 1 1 1 1 2 2 0 0 0 0 0 0
 3 3 5 5 5 6 6 6 8 8 8 11 11 9 6 6 2 2 2 2 2 3 2 2 3 3 4 4 4 4 4 4 5 5 2 0 0 0 0 0 0 0 0 0 0 0
 3 3 5 5 5 6 6 6 8 8 8 11 11 9 6 6 2 2 2 2 2 3 2 2 3 3 4 4 4 4 4 4 5 5 2 0 0 0 0 0 0 0 0 0 0 0
 3 3 4 5 5 5 6 6 7 7 7 7 7 7 8 8 2 2 2 2 2 4 2 2 3 3 4 3 3 3 3 3 3 3 2 0 0 0 0 0 0 0 1 1 1 1
 2 2 4 5 5 5 4 4 4 4 6 3 3 6 7 7 3 3 2 2 2 2 2 2 2 2 2 2 2 2 2 2 1 1 2 1 1 1 2 2 1 1 2 3 3 4
 2 2 4 5 5 5 4 4 4 4 6 3 3 6 7 7 3 3 2 2 2 2 2 2 2 2 2 2 2 2 2 2 1 1 2 1 1 1 2 2 1 1 2 3 3 4
 1 1 0 1 1 1 0 0 0 0 0 1 1 1 2 2 2 2 2 2 2 2 2 2 1 1 1 2 2 2 2 2 3 3 5 2 2 2 2 2 2 2 2 5 5 2
 1 1 1 1 1 1 0 0 0 0 0 1 1 0 0 0 1 1 1 2 2 2 1 1 2 2 2 2 2 2 2 2 6 6 5 2 2 1 2 2 2 2 2 2 2 1
 1 1 1 1 1 1 0 0 0 0 0 1 1 0 0 0 1 1 1 2 2 2 1 1 2 2 2 2 2 2 2 2 6 6 5 2 2 1 2 2 2 2 2 2 2 1
 1 1 1 1 1 1 1 1 0 0 1 1 1 0 0 0 0 0 0 1 1 1 1 1 1 1 1 1 1 1 1 1 2 2 1 0 0 0 1 1 1 1 2 2 2 1
 1 1 1 1 1 1 1 1 0 0 1 1 1 0 0 0 0 0 0 1 1 1 1 1 1 1 1 1 1 1 1 1 2 2 1 0 0 0 1 1 1 1 2 2 2 1
 1 1 1 1 1 1 0 0 0 0 0 0 0 0 0 0 0 0 0 0 0 0 0 0 1 1 1 0 0 0 0 0 0 0 0 0 0 0 0 0 1 1 1 1 1 1
 0 0 1 1 1 1 0 0 0 0 0 1 1 0 0 0 0 0 0 0 0 0 1 1 1 1 5 0 0 0 0 0 0 0 0 0 0 0 0 0 0 0 1 1 1 1
 0 0 1 1 1 1 0 0 0 0 0 1 1 0 0 0 0 0 0 0 0 0 1 1 1 1 5 0 0 0 0 0 0 0 0 0 0 0 0 0 0 0 1 1 1 1
 0 0 0 1 1 1 0 0 0 0 0 1 1 0 1 1 0 0 0 0 0 0 0 0 10 10 1 0 0 0 0 0 0 0 0 0 0 0 0 0 0 0 0 0 0 0
 0 0 0 0 0 0 0 0 1 1 2 1 1 1 1 1 0 0 0 0 0 0 0 0 1 1 1 0 0 0 0 0 0 0 0 0 0 0 0 0 0 0 0 0 0 0
 0 0 0 0 0 0 0 0 1 1 2 1 1 1 1 1 0 0 0 0 0 0 0 0 1 1 1 0 0 0 0 0 0 0 0 0 0 0 0 0 0 0 0 0 0 0
 0 0 0 0 0 0 0 0 0 0 1 1 1 1 1 1 1 1 1 1 1 0 1 1 1 1 1 0 0 0 0 0 0 0 0 0 0 0 0 0 0 0 0 0 0 0
 0 0 0 0 0 0 0 0 0 0 1 1 1 1 1 1 1 1 1 1 1 0 1 1 1 1 1 0 0 0 0 0 0 0 0 0 0 0 0 0 0 0 0 0 0 0
 0 0 0 0 0 0 0 0 0 0 1 1 1 1 1 1 1 1 1 1 1 1 1 1 1 1 0 1 1 0 0 0 0 0 0 0 0 0 0 0 0 0 0 0 0 0
 0 0 0 0 0 0 0 0 0 0 0 0 0 0 1 1 2 2 2 1 1 1 1 1 1 1 0 0 0 0 0 0 0 0 0 0 0 0 0 0 0 0 0 0 0 0
 0 0 0 0 0 0 0 0 0 0 0 0 0 0 1 1 2 2 2 1 1 1 1 1 1 1 0 0 0 0 0 0 0 0 0 0 0 0 0 0 0 0 0 0 0 0
 0 0 0 0 0 0 0 0 0 0 0 0 0 0 0 0 0 0 0 1 1 1 1 1 1 1 0 0 0 0 0 0 0 0 0 0 0 0 0 0 0 0 0 0 0 0
 0 0 0 0 0 0 0 0 0 0 0 0 0 0 0 0 0 0 0 2 2 3 2 2 2 2 1 1 1 0 0 0 0 0 0 0 0 0 0 0 0 0 0 0 0 0
 0 0 0 0 0 0 0 0 0 0 0 0 0 0 0 0 0 0 0 2 2 3 2 2 2 2 1 1 1 0 0 0 0 0 0 0 0 0 0 0 0 0 0 0 0 0
 1 1 0 0 0 0 0 0 0 0 0 0 0 0 0 0 0 0 0 0 0 2 1 1 1 1 0 0 0 0 0 0 0 0 0 0 0 0 0 0 0 0 0 1 1 0
 1 1 0 0 0 0 0 0 0 0 0 0 0 0 0 0 0 0 0 0 0 2 1 1 1 1 0 0 0 0 0 0 0 0 0 0 0 0 0 0 0 0 0 1 1 0
 2 2 0 0 0 0 0 0 0 0 0 1 1 1 1 1 0 0 0 0 0 0 0 0 0 0 0 0 0 0 0 0 0 0 0 0 0 0 0 0 0 0 0 0 0 0
 1 1 0 0 0 0 0 0 0 0 0 0 0 1 0 0 0 0 0 0 0 0 0 0 0 0 0 0 0 0 0 0 0 0 0 0 0 0 0 0 0 0 0 0 0 0
 1 1 0 0 0 0 0 0 0 0 0 0 0 1 0 0 0 0 0 0 0 0 0 0 0 0 0 0 0 0 0 0 0 0 0 0 0 0 0 0 0 0 0 0 0 0
 1 1 1 0 0 0 0 0 0 0 0 0 0 0 0 0 0 0 0 0 0 0 0 0 0 0 0 0 0 1 1 1 0 0 0 0 0 0 0 0 0 0 0 0 0 0
 2 2 2 2 2 1 1 1 0 0 0 0 0 0 0 0 0 0 0 0 0 0 1 1 1 1 1 1 1 1 2 2 1 1 0 0 0 0 0 0 0 0 0 0 0 0
