assets/RAT_results/precipitation/2022-04-17_IMERG.asc
ncols        46
nrows        77
xllcorner    74.800261325624
yllcorner    8.058333333333
cellsize     0.062500000000
NODATA_value -9999
 0 0 0 0 0 0 0 0 0 0 0 1 1 8 18 18 37 37 12 6 6 3 1 1 0 0 1 0 0 0 0 0 3 3 3 3 3 0 1 1 1 1 1 1 1 2
 1 1 0 0 0 0 0 0 0 0 0 2 2 7 15 15 26 26 13 2 2 1 1 1 0 0 0 0 0 0 0 0 3 3 2 2 2 2 1 1 2 2 1 1 1 3
 1 1 0 0 0 0 0 0 0 0 0 2 2 7 15 15 26 26 13 2 2 1 1 1 0 0 0 0 0 0 0 0 3 3 2 2 2 2 1 1 2 2 1 1 1 3
 18 18 1 0 0 0 0 0 0 0 0 1 1 6 17 17 6 6 8 3 3 1 0 0 1 1 0 0 0 0 0 0 2 2 2 2 2 0 1 1 2 2 2 3 3 4
 10 10 1 0 0 0 0 0 0 0 1 1 1 6 4 4 12 12 1 1 1 2 1 1 1 1 1 0 0 0 4 4 0 0 0 0 0 1 1 1 3 3 4 5 5 7
 10 10 1 0 0 0 0 0 0 0 1 1 1 6 4 4 12 12 1 1 1 2 1 1 1 1 1 0 0 0 4 4 0 0 0 0 0 1 1 1 3 3 4 5 5 7
 0 0 0 0 0 0 0 0 0 0 3 7 7 5 5 5 4 4 3 1 1 1 1 1 2 2 3 4 4 4 1 1 1 1 1 1 1 1 4 4 16 16 16 8 8 9
 0 0 0 0 0 0 0 0 0 0 3 7 7 5 5 5 4 4 3 1 1 1 1 1 2 2 3 4 4 4 1 1 1 1 1 1 1 1 4 4 16 16 16 8 8 9
 0 0 0 0 0 0 0 0 0 0 9 16 16 7 5 5 5 5 3 1 1 0 2 2 4 4 4 16 16 4 1 1 1 1 1 1 1 8 12 12 17 17 25 27 27 35
 0 0 0 0 0 0 0 0 0 0 13 14 14 10 10 10 4 4 1 0 0 0 0 0 0 0 7 13 13 9 3 3 1 1 2 3 3 10 23 23 23 23 46 50 50 36
 0 0 0 0 0 0 0 0 0 0 13 14 14 10 10 10 4 4 1 0 0 0 0 0 0 0 7 13 13 9 3 3 1 1 2 3 3 10 23 23 23 23 46 50 50 36
 0 0 0 0 0 0 0 0 0 0 5 11 11 14 3 3 1 1 1 0 0 0 0 0 2 2 4 7 7 8 6 6 6 6 3 2 2 13 24 24 34 34 57 32 32 32
 0 0 0 0 0 1 0 0 0 0 5 0 0 0 0 0 4 4 3 0 0 0 1 1 1 1 0 2 2 3 15 15 10 10 8 6 6 6 6 6 24 24 25 30 30 18
 0 0 0 0 0 1 0 0 0 0 5 0 0 0 0 0 4 4 3 0 0 0 1 1 1 1 0 2 2 3 15 15 10 10 8 6 6 6 6 6 24 24 25 30 30 18
 0 0 0 0 0 0 0 0 0 0 0 0 0 0 0 0 7 7 2 2 2 0 0 0 0 0 5 6 6 9 7 7 12 12 10 9 9 5 5 5 14 14 16 19 19 11
 0 0 0 0 0 0 0 0 0 0 0 0 0 0 0 0 7 7 2 2 2 0 0 0 0 0 5 6 6 9 7 7 12 12 10 9 9 5 5 5 14 14 16 19 19 11
 0 0 0 1 1 1 1 1 1 1 0 0 0 0 0 0 0 0 4 0 0 0 0 0 0 0 1 2 2 7 17 17 13 13 9 9 9 8 4 4 13 13 1 3 3 13
 0 0 1 2 2 2 2 2 1 1 1 0 0 0 0 0 0 0 4 0 0 0 0 0 0 0 0 0 0 0 4 4 13 13 16 8 8 3 3 3 2 2 2 4 4 4
 0 0 1 2 2 2 2 2 1 1 1 0 0 0 0 0 0 0 4 0 0 0 0 0 0 0 0 0 0 0 4 4 13 13 16 8 8 3 3 3 2 2 2 4 4 4
 0 0 0 2 2 4 2 2 1 1 1 0 0 0 0 0 1 1 2 1 1 2 2 2 1 1 1 0 0 0 2 2 3 3 16 6 6 3 1 1 3 3 3 13 13 14
 0 0 0 1 1 2 2 2 2 2 2 2 2 12 0 0 0 0 0 1 1 7 2 2 5 5 0 0 0 0 0 0 2 2 3 3 3 2 2 2 4 4 3 14 14 15
 0 0 0 1 1 2 2 2 2 2 2 2 2 12 0 0 0 0 0 1 1 7 2 2 5 5 0 0 0 0 0 0 2 2 3 3 3 2 2 2 4 4 3 14 14 15
 0 0 0 1 1 2 1 1 0 0 7 2 2 12 0 0 0 0 0 0 0 2 1 1 0 0 2 0 0 0 0 0 2 2 2 3 3 1 6 6 7 7 4 4 4 15
 0 0 0 1 1 2 1 1 0 0 7 2 2 12 0 0 0 0 0 0 0 2 1 1 0 0 2 0 0 0 0 0 2 2 2 3 3 1 6 6 7 7 4 4 4 15
 0 0 0 0 0 0 0 0 0 0 7 22 22 31 0 0 0 0 0 0 0 0 0 0 3 3 3 2 2 1 1 1 1 1 1 2 2 2 12 12 9 9 4 3 3 5
 0 0 0 0 0 0 0 0 6 6 6 0 0 0 0 0 0 0 0 0 0 0 0 0 0 0 9 5 5 3 1 1 0 0 5 6 6 5 11 11 8 8 3 3 3 8
 0 0 0 0 0 0 0 0 6 6 6 0 0 0 0 0 0 0 0 0 0 0 0 0 0 0 9 5 5 3 1 1 0 0 5 6 6 5 11 11 8 8 3 3 3 8
 0 0 0 0 0 0 6 6 6 6 6 10 10 10 1 1 1 1 1 0 0 0 0 0 0 0 10 4 4 3 0 0 0 0 2 4 4 8 8 8 1 1 0 4 4 6
 0 0 0 0 0 0 0 0 13 13 13 10 10 10 0 0 0 0 0 0 0 0 0 0 0 0 1 4 4 3 3 3 0 0 4 4 4 5 7 7 0 0 0 0 0 3
 0 0 0 0 0 0 0 0 13 13 13 10 10 10 0 0 0 0 0 0 0 0 0 0 0 0 1 4 4 3 3 3 0 0 4 4 4 5 7 7 0 0 0 0 0 3
 0 0 0 0 0 0 0 0 2 2 0 0 0 0 0 0 0 0 0 0 0 0 0 0 0 0 2 3 3 0 1 1 0 0 2 2 2 2 2 2 0 0 0 0 0 3
 0 0 0 0 0 0 0 0 2 2 0 0 0 0 0 0 0 0 0 0 0 0 0 0 0 0 2 3 3 0 1 1 0 0 2 2 2 2 2 2 0 0 0 0 0 3
 0 0 0 0 0 0 0 0 0 0 0 0 0 0 0 0 0 0 0 0 0 0 0 0 0 0 0 0 0 0 0 0 0 0 0 2 2 0 0 0 0 0 0 0 0 0
 0 0 0 0 0 0 0 0 0 0 0 0 0 0 1 1 1 1 0 0 0 1 1 1 0 0 0 0 0 5 5 5 6 6 7 0 0 0 0 0 0 0 0 0 0 0
 0 0 0 0 0 0 0 0 0 0 0 0 0 0 1 1 1 1 0 0 0 1 1 1 0 0 0 0 0 5 5 5 6 6 7 0 0 0 0 0 0 0 0 0 0 0
 0 0 0 0 0 0 0 0 0 0 0 0 0 0 2 2 2 2 0 0 0 2 2 2 0 0 0 0 0 0 5 5 6 6 7 7 7 2 0 0 0 0 0 5 5 6
 0 0 0 0 0 0 0 0 0 0 0 0 0 1 4 4 2 2 1 1 1 1 1 1 0 0 0 0 0 0 5 5 5 5 4 1 1 1 0 0 0 0 1 6 6 9
 0 0 0 0 0 0 0 0 0 0 0 0 0 1 4 4 2 2 1 1 1 1 1 1 0 0 0 0 0 0 5 5 5 5 4 1 1 1 0 0 0 0 1 6 6 9
 0 0 0 0 0 0 0 0 0 0 0 0 0 2 5 5 3 3 2 1 1 1 1 1 0 0 0 0 0 0 0 0 5 5 4 2 2 2 0 0 0 0 1 4 4 16
 0 0 0 0 0 0 0 0 0 0 0 0 0 2 5 5 3 3 2 1 1 1 1 1 0 0 0 0 0 0 0 0 5 5 4 2 2 2 0 0 0 0 1 4 4 16
 0 0 0 0 0 0 1 1 0 0 0 0 0 2 3 3 1 1 3 1 1 0 0 0 0 0 0 0 0 0 0 0 0 0 1 2 2 1 1 1 2 2 5 5 5 14
 0 0 0 0 0 1 2 2 1 1 1 1 1 1 1 1 0 0 1 0 0 0 0 0 0 0 0 0 0 0 0 0 1 1 6 13 13 8 3 3 3 3 3 3 3 6
 0 0 0 0 0 1 2 2 1 1 1 1 1 1 1 1 0 0 1 0 0 0 0 0 0 0 0 0 0 0 0 0 1 1 6 13 13 8 3 3 3 3 3 3 3 6
 0 0 0 0 0 0 0 0 0 0 1 1 1 1 2 2 1 1 1 1 1 3 2 2 1 1 1 0 0 0 1 1 5 5 6 19 19 18 5 5 4 4 3 5 5 6
 0 0 0 0 0 0 0 0 0 0 0 0 0 1 2 2 2 2 4 3 3 3 3 3 2 2 8 7 7 1 3 3 5 5 18 24 24 24 12 12 7 7 6 7 7 9
 0 0 0 0 0 0 0 0 0 0 0 0 0 1 2 2 2 2 4 3 3 3 3 3 2 2 8 7 7 1 3 3 5 5 18 24 24 24 12 12 7 7 6 7 7 9
 0 0 0 0 0 0 0 0 0 0 0 0 0 0 1 1 1 1 1 7 7 11 7 7 7 7 8 8 8 1 1 1 3 3 15 25 25 21 12 12 16 16 13 15 15 11
 0 0 0 0 0 0 0 0 0 0 0 0 0 0 1 1 1 1 1 7 7 11 7 7 7 7 8 8 8 1 1 1 3 3 15 25 25 21 12 12 16 16 13 15 15 11
 0 0 0 0 0 0 0 0 0 0 0 0 0 0 0 0 0 0 0 11 11 11 7 7 0 0 2 4 4 2 2 2 8 8 27 25 25 19 23 23 11 11 25 16 16 18
 0 0 0 0 0 0 0 0 0 0 0 0 0 0 1 1 1 1 0 9 9 9 9 9 1 1 1 2 2 4 7 7 11 11 25 50 50 23 19 19 22 22 22 21 21 17
 0 0 0 0 0 0 0 0 0 0 0 0 0 0 1 1 1 1 0 9 9 9 9 9 1 1 1 2 2 4 7 7 11 11 25 50 50 23 19 19 22 22 22 21 21 17
 0 0 0 0 0 0 0 0 0 0 0 0 0 0 0 0 0 0 0 9 9 16 11 11 12 12 3 4 4 3 3 3 15 15 24 30 30 27 20 20 19 19 21 21 21 15
 0 0 0 0 0 0 0 0 0 0 0 0 0 0 11 11 11 11 11 11 11 11 11 11 9 9 4 3 3 2 2 2 5 5 29 51 51 30 15 15 18 18 17 20 20 14
 0 0 0 0 0 0 0 0 0 0 0 0 0 0 11 11 11 11 11 11 11 11 11 11 9 9 4 3 3 2 2 2 5 5 29 51 51 30 15 15 18 18 17 20 20 14
 0 0 0 0 0 0 0 0 0 0 0 0 0 0 11 11 11 11 8 25 25 19 19 19 9 9 3 3 3 2 8 8 13 13 21 30 30 18 16 16 20 20 11 12 12 17
 0 0 0 0 0 0 0 0 0 0 0 0 0 0 11 11 11 11 8 25 25 19 19 19 9 9 3 3 3 2 8 8 13 13 21 30 30 18 16 16 20 20 11 12 12 17
 0 0 0 0 0 0 0 0 0 0 0 0 0 0 0 0 9 9 25 25 25 19 14 14 10 10 3 2 2 2 4 4 11 11 18 25 25 18 18 18 18 18 14 15 15 22
 0 0 0 0 0 0 0 0 0 0 0 0 0 0 0 0 0 0 11 11 11 6 6 6 6 6 2 7 7 6 8 8 9 9 24 25 25 25 15 15 17 17 17 17 17 25
 0 0 0 0 0 0 0 0 0 0 0 0 0 0 0 0 0 0 11 11 11 6 6 6 6 6 2 7 7 6 8 8 9 9 24 25 25 25 15 15 17 17 17 17 17 25
 0 0 0 0 0 0 0 0 0 0 0 0 0 0 0 0 0 0 11 11 11 11 4 4 6 6 11 11 11 6 10 10 9 9 12 18 18 19 10 10 11 11 17 20 20 24
 0 0 0 0 0 0 0 0 0 0 0 0 0 0 0 0 0 0 0 0 0 0 5 5 13 13 22 17 17 11 14 14 12 12 13 14 14 14 16 16 12 12 18 21 21 21
 0 0 0 0 0 0 0 0 0 0 0 0 0 0 0 0 0 0 0 0 0 0 5 5 13 13 22 17 17 11 14 14 12 12 13 14 14 14 16 16 12 12 18 21 21 21
 0 0 0 0 0 0 0 0 0 0 0 0 0 0 0 0 0 0 1 0 0 0 11 11 16 16 20 17 17 19 21 21 12 12 14 17 17 15 15 15 11 11 9 15 15 15
 0 0 0 0 0 0 0 0 0 0 0 0 0 0 0 0 0 0 1 0 0 0 11 11 16 16 20 17 17 19 21 21 12 12 14 17 17 15 15 15 11 11 9 15 15 15
 0 0 0 0 0 1 0 0 1 1 1 0 0 0 1 1 0 0 0 0 0 0 20 20 24 24 26 28 28 23 21 21 36 36 19 17 17 18 12 12 11 11 10 16 16 14
 0 0 1 1 1 1 0 0 1 1 1 0 0 1 1 1 1 1 0 0 0 0 3 3 21 21 16 18 18 37 37 37 34 34 18 19 19 15 12 12 9 9 9 13 13 11
 0 0 1 1 1 1 0 0 1 1 1 0 0 1 1 1 1 1 0 0 0 0 3 3 21 21 16 18 18 37 37 37 34 34 18 19 19 15 12 12 9 9 9 13 13 11
 0 0 1 0 0 0 0 0 0 0 2 2 2 2 2 2 1 1 0 1 1 2 1 1 26 26 26 22 22 37 44 44 39 39 18 13 13 13 12 12 10 10 10 14 14 10
 0 0 0 0 0 0 0 0 0 0 1 3 3 2 1 1 0 0 0 1 1 1 2 2 23 23 15 18 18 35 42 42 41 41 19 22 22 22 16 16 14 14 14 12 12 9
 0 0 0 0 0 0 0 0 0 0 1 3 3 2 1 1 0 0 0 1 1 1 2 2 23 23 15 18 18 35 42 42 41 41 19 22 22 22 16 16 14 14 14 12 12 9
 0 0 0 0 0 1 2 2 2 2 2 2 2 3 1 1 0 0 0 2 2 3 4 4 21 21 18 21 21 23 50 50 47 47 50 33 33 25 16 16 17 17 15 5 5 5
 0 0 0 0 0 1 2 2 2 2 2 2 2 3 1 1 0 0 0 2 2 3 4 4 21 21 18 21 21 23 50 50 47 47 50 33 33 25 16 16 17 17 15 5 5 5
 0 0 0 0 0 0 1 1 2 2 2 2 2 1 1 1 0 0 0 1 1 2 3 3 17 17 29 28 28 32 43 43 40 40 53 30 30 13 13 13 10 10 8 5 5 4
 0 0 0 0 0 0 1 1 1 1 1 2 2 0 1 1 0 0 0 0 0 0 1 1 14 14 23 25 25 25 41 41 54 54 46 34 34 15 13 13 11 11 6 5 5 4
 0 0 0 0 0 0 1 1 1 1 1 2 2 0 1 1 0 0 0 0 0 0 1 1 14 14 23 25 25 25 41 41 54 54 46 34 34 15 13 13 11 11 6 5 5 4
 0 0 0 0 0 0 0 0 0 0 1 1 1 0 0 0 0 0 0 0 0 0 1 1 1 1 11 11 11 25 19 19 10 10 16 21 21 23 15 15 13 13 9 7 7 7
 0 0 0 0 0 0 0 0 0 0 0 0 0 0 0 0 0 0 0 0 0 0 0 0 1 1 2 3 3 10 2 2 3 3 13 24 24 24 35 35 27 27 22 10 10 5
