assets/RAT_results/precipitation/2022-07-07_IMERG.asc
ncols        46
nrows        77
xllcorner    74.800261325624
yllcorner    8.058333333333
cellsize     0.062500000000
NODATA_value -9999
 42 42 42 33 33 30 26 26 22 22 19 23 23 33 29 29 17 17 14 10 10 17 13 13 16 16 12 11 11 10 9 9 8 8 10 14 14 16 11 11 4 4 4 1 1 3
 35 35 36 32 32 34 24 24 20 20 19 23 23 35 26 26 21 21 18 14 14 16 16 16 14 14 11 9 9 5 11 11 10 10 8 4 4 3 1 1 4 4 4 2 2 3
 35 35 36 32 32 34 24 24 20 20 19 23 23 35 26 26 21 21 18 14 14 16 16 16 14 14 11 9 9 5 11 11 10 10 8 4 4 3 1 1 4 4 4 2 2 3
 33 33 30 32 32 27 30 30 19 19 20 29 29 37 31 31 26 26 21 20 20 18 18 18 12 12 12 11 11 5 6 6 4 4 3 2 2 2 0 0 0 0 0 0 0 0
 47 47 37 35 35 25 27 27 21 21 17 26 26 31 34 34 34 34 31 28 28 24 19 19 11 11 12 8 8 7 7 7 3 3 4 3 3 1 0 0 0 0 0 0 0 0
 47 47 37 35 35 25 27 27 21 21 17 26 26 31 34 34 34 34 31 28 28 24 19 19 11 11 12 8 8 7 7 7 3 3 4 3 3 1 0 0 0 0 0 0 0 0
 47 47 54 35 35 30 29 29 25 25 18 24 24 28 35 35 31 31 28 25 25 19 18 18 13 13 13 12 12 11 4 4 5 5 4 3 3 1 0 0 0 0 1 0 0 0
 47 47 54 35 35 30 29 29 25 25 18 24 24 28 35 35 31 31 28 25 25 19 18 18 13 13 13 12 12 11 4 4 5 5 4 3 3 1 0 0 0 0 1 0 0 0
 42 42 47 36 36 38 38 38 31 31 35 36 36 26 28 28 27 27 25 28 28 25 17 17 14 14 13 11 11 12 4 4 4 4 3 3 3 1 0 0 1 1 0 0 0 0
 36 36 43 32 32 38 34 34 33 33 34 33 33 38 36 36 32 32 28 24 24 26 23 23 10 10 12 10 10 3 5 5 3 3 4 1 1 0 0 0 2 2 0 0 0 0
 36 36 43 32 32 38 34 34 33 33 34 33 33 38 36 36 32 32 28 24 24 26 23 23 10 10 12 10 10 3 5 5 3 3 4 1 1 0 0 0 2 2 0 0 0 0
 32 32 28 40 40 37 47 47 39 39 40 42 42 47 39 39 31 31 28 19 19 21 20 20 10 10 7 6 6 3 6 6 3 3 1 1 1 0 1 1 0 0 2 0 0 0
 37 37 24 25 25 32 34 34 39 39 39 36 36 42 33 33 28 28 24 23 23 18 11 11 13 13 10 5 5 2 5 5 2 2 2 1 1 1 3 3 1 1 0 0 0 2
 37 37 24 25 25 32 34 34 39 39 39 36 36 42 33 33 28 28 24 23 23 18 11 11 13 13 10 5 5 2 5 5 2 2 2 1 1 1 3 3 1 1 0 0 0 2
 35 35 30 34 34 35 40 40 49 49 40 32 32 26 26 26 24 24 15 15 15 15 13 13 10 10 6 4 4 1 1 1 2 2 2 1 1 1 4 4 5 5 0 0 0 0
 35 35 30 34 34 35 40 40 49 49 40 32 32 26 26 26 24 24 15 15 15 15 13 13 10 10 6 4 4 1 1 1 2 2 2 1 1 1 4 4 5 5 0 0 0 0
 30 30 29 41 41 30 29 29 35 35 30 29 29 32 32 32 24 24 15 16 16 9 5 5 4 4 5 4 4 3 3 3 1 1 3 2 2 5 5 5 1 1 0 3 3 0
 29 29 29 35 35 31 34 34 32 32 31 31 31 31 29 29 15 15 13 15 15 10 7 7 4 4 2 2 2 3 2 2 1 1 0 1 1 4 5 5 1 1 0 0 0 1
 29 29 29 35 35 31 34 34 32 32 31 31 31 31 29 29 15 15 13 15 15 10 7 7 4 4 2 2 2 3 2 2 1 1 0 1 1 4 5 5 1 1 0 0 0 1
 44 44 27 29 29 35 38 38 31 31 27 30 30 30 25 25 14 14 11 13 13 9 9 9 8 8 8 2 2 4 3 3 2 2 0 1 1 4 4 4 0 0 1 1 1 3
 42 42 22 21 21 29 32 32 27 27 30 29 29 28 27 27 23 23 20 16 16 13 14 14 12 12 11 7 7 13 6 6 4 4 1 1 1 1 2 2 1 1 1 3 3 5
 42 42 22 21 21 29 32 32 27 27 30 29 29 28 27 27 23 23 20 16 16 13 14 14 12 12 11 7 7 13 6 6 4 4 1 1 1 1 2 2 1 1 1 3 3 5
 14 14 21 19 19 27 26 26 23 23 26 25 25 35 31 31 24 24 19 15 15 17 14 14 13 13 11 10 10 10 5 5 2 2 3 1 1 2 0 0 1 1 1 1 1 2
 14 14 21 19 19 27 26 26 23 23 26 25 25 35 31 31 24 24 19 15 15 17 14 14 13 13 11 10 10 10 5 5 2 2 3 1 1 2 0 0 1 1 1 1 1 2
 11 11 9 12 12 12 19 19 17 17 27 23 23 25 33 33 30 30 29 20 20 18 13 13 12 12 13 15 15 15 11 11 9 9 2 0 0 3 3 3 0 0 0 1 1 1
 14 14 12 11 11 10 14 14 15 15 14 18 18 27 31 31 29 29 28 22 22 19 16 16 12 12 14 13 13 16 10 10 8 8 3 4 4 2 0 0 2 2 1 1 1 1
 14 14 12 11 11 10 14 14 15 15 14 18 18 27 31 31 29 29 28 22 22 19 16 16 12 12 14 13 13 16 10 10 8 8 3 4 4 2 0 0 2 2 1 1 1 1
 11 11 8 9 9 9 10 10 12 12 13 12 12 48 37 37 26 26 24 17 17 18 20 20 15 15 16 13 13 8 3 3 4 4 5 4 4 5 2 2 1 1 2 2 2 0
 13 13 6 6 6 5 5 5 7 7 9 11 11 39 38 38 20 20 22 22 22 18 21 21 18 18 18 7 7 8 1 1 5 5 6 5 5 4 1 1 1 1 1 1 1 0
 13 13 6 6 6 5 5 5 7 7 9 11 11 39 38 38 20 20 22 22 22 18 21 21 18 18 18 7 7 8 1 1 5 5 6 5 5 4 1 1 1 1 1 1 1 0
 15 15 6 4 4 4 3 3 4 4 5 9 9 9 16 16 22 22 18 24 24 19 17 17 16 16 10 6 6 4 3 3 4 4 5 6 6 4 1 1 1 1 1 0 0 0
 15 15 6 4 4 4 3 3 4 4 5 9 9 9 16 16 22 22 18 24 24 19 17 17 16 16 10 6 6 4 3 3 4 4 5 6 6 4 1 1 1 1 1 0 0 0
 15 15 4 4 4 6 4 4 3 3 8 6 6 9 11 11 19 19 17 16 16 19 17 17 15 15 10 10 10 5 1 1 5 5 6 5 5 2 1 1 1 1 1 1 1 2
 4 4 4 4 4 6 5 5 4 4 8 11 11 16 18 18 14 14 16 19 19 19 12 12 12 12 9 6 6 4 3 3 4 4 1 1 1 1 3 3 5 5 2 1 1 1
 4 4 4 4 4 6 5 5 4 4 8 11 11 16 18 18 14 14 16 19 19 19 12 12 12 12 9 6 6 4 3 3 4 4 1 1 1 1 3 3 5 5 2 1 1 1
 31 31 5 5 5 9 10 10 8 8 13 13 13 21 25 25 16 16 16 17 17 14 7 7 10 10 7 6 6 4 1 1 1 1 4 3 3 5 5 5 5 5 5 1 1 1
 34 34 8 7 7 9 30 30 34 34 14 14 14 23 21 21 23 23 16 16 16 12 9 9 5 5 7 6 6 4 4 4 4 4 4 6 6 7 5 5 3 3 1 3 3 1
 34 34 8 7 7 9 30 30 34 34 14 14 14 23 21 21 23 23 16 16 16 12 9 9 5 5 7 6 6 4 4 4 4 4 4 6 6 7 5 5 3 3 1 3 3 1
 67 67 65 67 67 70 32 32 32 32 10 10 10 11 10 10 19 19 19 15 15 10 14 14 10 10 10 8 8 7 6 6 4 4 5 4 4 4 4 4 3 3 4 4 4 1
 67 67 65 67 67 70 32 32 32 32 10 10 10 11 10 10 19 19 19 15 15 10 14 14 10 10 10 8 8 7 6 6 4 4 5 4 4 4 4 4 3 3 4 4 4 1
 171 171 63 66 66 65 60 60 61 61 47 8 8 9 10 10 13 13 13 18 18 10 10 10 9 9 3 5 5 5 5 5 8 8 5 5 5 3 3 3 3 3 4 5 5 5
 165 165 160 55 55 54 42 42 57 57 42 2 2 6 12 12 11 11 10 9 9 9 9 9 7 7 5 4 4 5 9 9 10 10 6 6 6 5 4 4 3 3 3 4 4 4
 165 165 160 55 55 54 42 42 57 57 42 2 2 6 12 12 11 11 10 9 9 9 9 9 7 7 5 4 4 5 9 9 10 10 6 6 6 5 4 4 3 3 3 4 4 4
 44 44 158 56 56 56 43 43 28 28 28 8 8 6 7 7 9 9 14 14 14 11 7 7 7 7 8 4 4 7 9 9 9 9 7 5 5 4 2 2 2 2 1 6 6 7
 48 48 38 37 37 38 34 34 6 6 5 5 5 6 8 8 9 9 15 13 13 9 6 6 7 7 10 10 10 10 7 7 5 5 5 4 4 1 2 2 4 4 5 4 4 4
 48 48 38 37 37 38 34 34 6 6 5 5 5 6 8 8 9 9 15 13 13 9 6 6 7 7 10 10 10 10 7 7 5 5 5 4 4 1 2 2 4 4 5 4 4 4
 19 19 17 15 15 15 38 38 10 10 6 6 6 6 9 9 11 11 12 14 14 10 7 7 8 8 12 14 14 10 5 5 6 6 5 1 1 1 0 0 3 3 4 3 3 4
 19 19 17 15 15 15 38 38 10 10 6 6 6 6 9 9 11 11 12 14 14 10 7 7 8 8 12 14 14 10 5 5 6 6 5 1 1 1 0 0 3 3 4 3 3 4
 20 20 26 23 23 22 15 15 14 14 9 8 8 6 9 9 11 11 13 14 14 12 11 11 13 13 11 14 14 14 11 11 7 7 5 1 1 1 1 1 1 1 4 3 3 2
 19 19 25 25 25 26 15 15 17 17 13 11 11 6 8 8 9 9 10 12 12 15 9 9 10 10 14 15 15 11 15 15 7 7 3 1 1 2 1 1 0 0 4 4 4 7
 19 19 25 25 25 26 15 15 17 17 13 11 11 6 8 8 9 9 10 12 12 15 9 9 10 10 14 15 15 11 15 15 7 7 3 1 1 2 1 1 0 0 4 4 4 7
 20 20 20 21 21 22 15 15 8 8 11 10 10 7 7 7 8 8 8 9 9 16 14 14 11 11 9 9 9 8 7 7 3 3 7 4 4 3 0 0 2 2 4 4 4 2
 15 15 9 10 10 10 11 11 8 8 9 7 7 7 7 7 7 7 6 6 6 8 9 9 8 8 13 8 8 8 9 9 8 8 10 3 3 3 0 0 1 1 5 5 5 7
 15 15 9 10 10 10 11 11 8 8 9 7 7 7 7 7 7 7 6 6 6 8 9 9 8 8 13 8 8 8 9 9 8 8 10 3 3 3 0 0 1 1 5 5 5 7
 9 9 9 9 9 9 9 9 8 8 11 8 8 8 5 5 5 5 2 6 6 8 13 13 12 12 17 13 13 12 11 11 16 16 17 13 13 13 3 3 8 8 11 9 9 4
 9 9 9 9 9 9 9 9 8 8 11 8 8 8 5 5 5 5 2 6 6 8 13 13 12 12 17 13 13 12 11 11 16 16 17 13 13 13 3 3 8 8 11 9 9 4
 6 6 6 9 9 7 7 7 5 5 6 9 9 9 7 7 6 6 3 4 4 3 10 10 15 15 20 21 21 24 18 18 15 15 14 12 12 9 6 6 13 13 13 9 9 2
 4 4 5 5 5 5 6 6 11 11 9 11 11 11 9 9 9 9 8 8 8 8 29 29 15 15 20 27 27 26 16 16 9 9 4 9 9 9 7 7 11 11 11 6 6 0
 4 4 5 5 5 5 6 6 11 11 9 11 11 11 9 9 9 9 8 8 8 8 29 29 15 15 20 27 27 26 16 16 9 9 4 9 9 9 7 7 11 11 11 6 6 0
 5 5 8 8 8 5 6 6 11 11 10 14 14 12 12 12 10 10 10 8 8 8 15 15 19 19 26 22 22 23 14 14 9 9 3 1 1 2 3 3 2 2 5 6 6 0
 5 5 8 8 8 10 10 10 12 12 8 10 10 10 12 12 10 10 11 8 8 5 17 17 19 19 16 13 13 7 6 6 3 3 2 1 1 1 1 1 2 2 0 0 0 0
 5 5 8 8 8 10 10 10 12 12 8 10 10 10 12 12 10 10 11 8 8 5 17 17 19 19 16 13 13 7 6 6 3 3 2 1 1 1 1 1 2 2 0 0 0 0
 3 3 7 9 9 10 10 10 11 11 10 9 9 10 10 10 6 6 9 2 2 3 3 3 12 12 12 14 14 7 6 6 3 3 1 1 1 0 0 0 0 0 0 0 0 0
 3 3 7 9 9 10 10 10 11 11 10 9 9 10 10 10 6 6 9 2 2 3 3 3 12 12 12 14 14 7 6 6 3 3 1 1 1 0 0 0 0 0 0 0 0 0
 5 5 6 10 10 8 8 8 8 8 8 9 9 10 8 8 5 5 2 1 1 2 1 1 3 3 5 5 5 6 6 6 3 3 1 4 4 3 8 8 1 1 0 0 0 0
 7 7 7 6 6 6 6 6 6 6 7 8 8 10 9 9 8 8 8 7 7 8 2 2 3 3 4 4 4 2 2 2 2 2 2 1 1 1 8 8 3 3 1 2 2 0
 7 7 7 6 6 6 6 6 6 6 7 8 8 10 9 9 8 8 8 7 7 8 2 2 3 3 4 4 4 2 2 2 2 2 2 1 1 1 8 8 3 3 1 2 2 0
 5 5 4 5 5 6 6 6 6 6 7 9 9 10 9 9 6 6 8 7 7 8 8 8 9 9 8 8 8 8 1 1 1 1 2 2 2 2 11 11 7 7 5 6 6 4
 3 3 3 5 5 5 8 8 7 7 7 8 8 9 6 6 5 5 4 7 7 7 9 9 10 10 8 8 8 8 8 8 1 1 2 3 3 2 9 9 7 7 10 7 7 7
 3 3 3 5 5 5 8 8 7 7 7 8 8 9 6 6 5 5 4 7 7 7 9 9 10 10 8 8 8 8 8 8 1 1 2 3 3 2 9 9 7 7 10 7 7 7
 6 6 6 5 5 5 8 8 7 7 7 6 6 6 4 4 4 4 4 6 6 9 10 10 8 8 7 8 8 8 8 8 8 8 2 4 4 6 7 7 9 9 11 11 11 7
 6 6 6 5 5 5 8 8 7 7 7 6 6 6 4 4 4 4 4 6 6 9 10 10 8 8 7 8 8 8 8 8 8 8 2 4 4 6 7 7 9 9 11 11 11 7
 7 7 6 5 5 8 7 7 7 7 7 6 6 5 5 5 4 4 4 7 7 7 9 9 9 9 7 8 8 8 9 9 9 9 9 3 3 6 13 13 13 13 14 12 12 11
 7 7 7 7 7 8 7 7 7 7 7 6 6 4 4 4 6 6 6 7 7 8 8 8 9 9 9 9 9 9 10 10 16 16 17 15 15 11 8 8 8 8 13 5 5 5
 7 7 7 7 7 8 7 7 7 7 7 6 6 4 4 4 6 6 6 7 7 8 8 8 9 9 9 9 9 9 10 10 16 16 17 15 15 11 8 8 8 8 13 5 5 5
 7 7 7 7 7 7 7 7 7 7 5 5 5 3 3 3 3 3 5 6 6 7 8 8 8 8 9 10 10 11 11 11 16 16 18 15 15 11 9 9 11 11 10 5 5 4
 7 7 7 7 7 6 6 6 6 6 4 4 4 4 3 3 2 2 6 6 6 6 7 7 8 8 8 10 10 11 12 12 13 13 17 18 18 17 15 15 9 9 8 3 3 2
