assets/RAT_results/precipitation/2022-06-14_IMERG.asc
ncols        46
nrows        77
xllcorner    74.800261325624
yllcorner    8.058333333333
cellsize     0.062500000000
NODATA_value -9999
 6 6 6 4 4 3 4 4 4 4 5 5 5 6 5 5 4 4 6 5 5 7 11 11 10 10 9 9 9 9 11 11 17 17 23 23 23 34 37 37 43 43 38 39 39 41
 7 7 3 4 4 5 5 5 6 6 6 6 6 7 7 7 6 6 9 9 9 9 12 12 12 12 11 13 13 12 17 17 19 19 18 19 19 33 36 36 45 45 40 39 39 57
 7 7 3 4 4 5 5 5 6 6 6 6 6 7 7 7 6 6 9 9 9 9 12 12 12 12 11 13 13 12 17 17 19 19 18 19 19 33 36 36 45 45 40 39 39 57
 6 6 3 5 5 5 6 6 7 7 9 7 7 6 7 7 7 7 8 10 10 9 11 11 11 11 11 12 12 10 11 11 14 14 16 18 18 27 38 38 50 50 50 56 56 42
 2 2 2 3 3 3 4 4 5 5 8 10 10 8 9 9 8 8 10 12 12 10 8 8 11 11 11 13 13 11 11 11 16 16 21 22 22 22 48 48 47 47 38 48 48 34
 2 2 2 3 3 3 4 4 5 5 8 10 10 8 9 9 8 8 10 12 12 10 8 8 11 11 11 13 13 11 11 11 16 16 21 22 22 22 48 48 47 47 38 48 48 34
 2 2 3 3 3 3 4 4 5 5 6 6 6 8 8 8 7 7 7 8 8 11 10 10 10 10 11 12 12 12 11 11 20 20 19 10 10 9 27 27 45 45 42 54 54 42
 2 2 3 3 3 3 4 4 5 5 6 6 6 8 8 8 7 7 7 8 8 11 10 10 10 10 11 12 12 12 11 11 20 20 19 10 10 9 27 27 45 45 42 54 54 42
 3 3 4 4 4 5 6 6 8 8 8 6 6 7 6 6 7 7 9 9 9 8 10 10 10 10 11 10 10 10 10 10 9 9 10 10 10 10 26 26 27 27 28 46 46 32
 11 11 11 10 10 6 7 7 9 9 9 7 7 7 6 6 7 7 10 10 10 10 12 12 13 13 12 9 9 8 7 7 7 7 7 8 8 11 20 20 28 28 21 21 21 42
 11 11 11 10 10 6 7 7 9 9 9 7 7 7 6 6 7 7 10 10 10 10 12 12 13 13 12 9 9 8 7 7 7 7 7 8 8 11 20 20 28 28 21 21 21 42
 60 60 11 6 6 5 5 5 5 5 6 6 6 6 5 5 5 5 6 8 8 9 8 8 9 9 6 5 5 6 6 6 6 6 8 9 9 13 13 13 24 24 24 23 23 48
 60 60 22 22 22 6 4 4 4 4 4 5 5 6 4 4 4 4 4 4 4 5 5 5 5 5 7 6 6 7 8 8 9 9 11 11 11 13 15 15 24 24 21 18 18 46
 60 60 22 22 22 6 4 4 4 4 4 5 5 6 4 4 4 4 4 4 4 5 5 5 5 5 7 6 6 7 8 8 9 9 11 11 11 13 15 15 24 24 21 18 18 46
 2 2 2 2 2 2 5 5 4 4 4 4 4 5 4 4 2 2 1 2 2 3 4 4 6 6 14 12 12 9 12 12 12 12 17 13 13 15 18 18 26 26 29 26 26 43
 2 2 2 2 2 2 5 5 4 4 4 4 4 5 4 4 2 2 1 2 2 3 4 4 6 6 14 12 12 9 12 12 12 12 17 13 13 15 18 18 26 26 29 26 26 43
 3 3 3 2 2 1 3 3 4 4 2 2 2 2 2 2 1 1 1 2 2 3 4 4 8 8 13 14 14 14 18 18 23 23 25 22 22 25 30 30 22 22 21 21 21 23
 4 4 5 7 7 5 6 6 4 4 6 2 2 2 2 2 2 2 3 3 3 4 5 5 8 8 14 15 15 23 27 27 29 29 30 29 29 49 35 35 31 31 34 44 44 42
 4 4 5 7 7 5 6 6 4 4 6 2 2 2 2 2 2 2 3 3 3 4 5 5 8 8 14 15 15 23 27 27 29 29 30 29 29 49 35 35 31 31 34 44 44 42
 9 9 10 12 12 8 6 6 5 5 5 5 5 7 5 5 4 4 7 7 7 6 7 7 8 8 13 15 15 20 33 33 34 34 49 55 55 57 40 40 40 40 39 29 29 26
 9 9 6 11 11 6 5 5 4 4 3 8 8 8 8 8 8 8 8 9 9 8 12 12 13 13 15 20 20 22 31 31 38 38 30 32 32 37 31 31 32 32 33 31 31 31
 9 9 6 11 11 6 5 5 4 4 3 8 8 8 8 8 8 8 8 9 9 8 12 12 13 13 15 20 20 22 31 31 38 38 30 32 32 37 31 31 32 32 33 31 31 31
 9 9 10 13 13 15 6 6 5 5 4 8 8 9 9 9 10 10 12 12 12 14 16 16 16 16 17 21 21 24 25 25 37 37 38 40 40 43 35 35 31 31 27 22 22 18
 9 9 10 13 13 15 6 6 5 5 4 8 8 9 9 9 10 10 12 12 12 14 16 16 16 16 17 21 21 24 25 25 37 37 38 40 40 43 35 35 31 31 27 22 22 18
 8 8 11 12 12 21 39 39 37 37 46 52 52 14 10 10 10 10 12 11 11 13 23 23 22 22 16 24 24 25 29 29 44 44 48 34 34 27 29 29 28 28 29 23 23 19
 7 7 11 13 13 24 12 12 9 9 18 49 49 10 10 10 10 10 9 9 9 11 20 20 20 20 15 28 28 28 27 27 34 34 36 27 27 21 23 23 23 23 22 21 21 14
 7 7 11 13 13 24 12 12 9 9 18 49 49 10 10 10 10 10 9 9 9 11 20 20 20 20 15 28 28 28 27 27 34 34 36 27 27 21 23 23 23 23 22 21 21 14
 8 8 11 14 14 15 18 18 8 8 29 8 8 9 7 7 10 10 12 8 8 10 14 14 12 12 11 23 23 21 21 21 26 26 24 19 19 9 9 9 8 8 10 14 14 11
 7 7 17 14 14 21 23 23 21 21 21 5 5 7 4 4 12 12 11 7 7 7 7 7 5 5 5 12 12 14 14 14 15 15 8 8 8 5 5 5 5 5 5 5 5 4
 7 7 17 14 14 21 23 23 21 21 21 5 5 7 4 4 12 12 11 7 7 7 7 7 5 5 5 12 12 14 14 14 15 15 8 8 8 5 5 5 5 5 5 5 5 4
 5 5 13 12 12 19 7 7 12 12 14 9 9 7 6 6 14 14 13 10 10 7 5 5 5 5 4 3 3 5 4 4 5 5 7 6 6 3 5 5 5 5 5 4 4 4
 5 5 13 12 12 19 7 7 12 12 14 9 9 7 6 6 14 14 13 10 10 7 5 5 5 5 4 3 3 5 4 4 5 5 7 6 6 3 5 5 5 5 5 4 4 4
 6 6 9 8 8 6 7 7 14 14 22 17 17 9 7 7 12 12 7 7 7 5 5 5 4 4 4 3 3 3 2 2 3 3 5 5 5 3 5 5 4 4 4 3 3 4
 7 7 7 7 7 5 6 6 8 8 18 18 18 18 8 8 8 8 6 5 5 3 2 2 3 3 3 2 2 2 2 2 2 2 3 3 3 3 6 6 5 5 3 4 4 5
 7 7 7 7 7 5 6 6 8 8 18 18 18 18 8 8 8 8 6 5 5 3 2 2 3 3 3 2 2 2 2 2 2 2 3 3 3 3 6 6 5 5 3 4 4 5
 4 4 3 4 4 5 5 5 6 6 14 13 13 10 8 8 8 8 9 5 5 8 3 3 1 1 1 1 1 1 1 1 1 1 2 2 2 2 3 3 4 4 4 4 4 7
 4 4 7 4 4 6 4 4 4 4 7 7 7 6 8 8 5 5 6 8 8 7 3 3 3 3 1 1 1 1 1 1 1 1 1 1 1 1 2 2 2 2 2 3 3 7
 4 4 7 4 4 6 4 4 4 4 7 7 7 6 8 8 5 5 6 8 8 7 3 3 3 3 1 1 1 1 1 1 1 1 1 1 1 1 2 2 2 2 2 3 3 7
 9 9 9 5 5 5 8 8 9 9 7 5 5 3 5 5 11 11 11 20 20 20 13 13 3 3 1 0 0 0 0 0 1 1 2 3 3 2 1 1 1 1 1 4 4 8
 9 9 9 5 5 5 8 8 9 9 7 5 5 3 5 5 11 11 11 20 20 20 13 13 3 3 1 0 0 0 0 0 1 1 2 3 3 2 1 1 1 1 1 4 4 8
 9 9 12 13 13 13 8 8 7 7 4 4 4 2 2 2 2 2 3 9 9 20 13 13 2 2 1 1 1 3 3 3 3 3 6 6 6 4 1 1 1 1 1 3 3 4
 9 9 12 14 14 16 7 7 4 4 3 2 2 1 1 1 2 2 3 7 7 15 14 14 5 5 5 9 9 10 6 6 6 6 11 8 8 4 2 2 2 2 2 1 1 2
 9 9 12 14 14 16 7 7 4 4 3 2 2 1 1 1 2 2 3 7 7 15 14 14 5 5 5 9 9 10 6 6 6 6 11 8 8 4 2 2 2 2 2 1 1 2
 7 7 4 7 7 4 3 3 3 3 2 2 2 2 2 2 2 2 6 9 9 20 15 15 12 12 5 8 8 9 6 6 9 9 12 10 10 4 4 4 3 3 3 2 2 1
 3 3 2 4 4 3 2 2 2 2 1 1 1 2 2 2 3 3 5 8 8 13 15 15 13 13 10 14 14 9 8 8 6 6 9 6 6 5 8 8 7 7 6 5 5 4
 3 3 2 4 4 3 2 2 2 2 1 1 1 2 2 2 3 3 5 8 8 13 15 15 13 13 10 14 14 9 8 8 6 6 9 6 6 5 8 8 7 7 6 5 5 4
 2 2 1 1 1 2 2 2 1 1 1 1 1 1 2 2 4 4 6 8 8 10 13 13 18 18 14 15 15 10 11 11 8 8 8 8 8 8 10 10 10 10 10 10 10 10
 2 2 1 1 1 2 2 2 1 1 1 1 1 1 2 2 4 4 6 8 8 10 13 13 18 18 14 15 15 10 11 11 8 8 8 8 8 8 10 10 10 10 10 10 10 10
 2 2 1 1 1 2 2 2 2 2 2 2 2 2 3 3 4 4 6 6 6 6 6 6 20 20 17 18 18 12 13 13 11 11 12 12 12 11 12 12 14 14 18 17 17 14
 6 6 4 3 3 4 6 6 6 6 4 5 5 4 4 4 6 6 7 7 7 6 7 7 9 9 10 10 10 11 14 14 12 12 14 14 14 12 13 13 16 16 20 19 19 16
 6 6 4 3 3 4 6 6 6 6 4 5 5 4 4 4 6 6 7 7 7 6 7 7 9 9 10 10 10 11 14 14 12 12 14 14 14 12 13 13 16 16 20 19 19 16
 9 9 6 5 5 5 6 6 7 7 4 3 3 5 5 5 5 5 6 6 6 5 5 5 8 8 7 8 8 9 9 9 9 9 10 11 11 11 11 11 12 12 15 15 15 15
 12 12 10 10 10 8 7 7 7 7 4 3 3 2 3 3 3 3 3 3 3 2 2 2 5 5 5 4 4 4 5 5 4 4 5 7 7 8 9 9 7 7 7 7 7 8
 12 12 10 10 10 8 7 7 7 7 4 3 3 2 3 3 3 3 3 3 3 2 2 2 5 5 5 4 4 4 5 5 4 4 5 7 7 8 9 9 7 7 7 7 7 8
 11 11 12 11 11 8 7 7 5 5 3 3 3 2 4 4 4 4 2 4 4 1 1 1 4 4 6 3 3 2 2 2 1 1 2 4 4 4 3 3 3 3 4 4 4 3
 11 11 12 11 11 8 7 7 5 5 3 3 3 2 4 4 4 4 2 4 4 1 1 1 4 4 6 3 3 2 2 2 1 1 2 4 4 4 3 3 3 3 4 4 4 3
 2 2 2 1 1 1 1 1 1 1 1 1 1 1 1 1 3 3 1 3 3 1 0 0 2 2 4 2 2 1 1 1 0 0 0 1 1 1 1 1 1 1 2 3 3 2
 3 3 2 2 2 1 1 1 0 0 0 0 0 1 1 1 1 1 0 0 0 0 0 0 1 1 1 1 1 1 0 0 0 0 0 0 0 0 0 0 0 0 1 1 1 1
 3 3 2 2 2 1 1 1 0 0 0 0 0 1 1 1 1 1 0 0 0 0 0 0 1 1 1 1 1 1 0 0 0 0 0 0 0 0 0 0 0 0 1 1 1 1
 2 2 3 2 2 2 2 2 1 1 1 3 3 3 5 5 3 3 0 0 0 0 0 0 1 1 0 0 0 0 0 0 0 0 0 0 0 0 0 0 0 0 0 0 0 0
 3 3 3 3 3 3 2 2 2 2 3 7 7 8 8 8 5 5 2 0 0 0 0 0 0 0 0 0 0 0 0 0 0 0 0 0 0 0 0 0 0 0 0 0 0 0
 3 3 3 3 3 3 2 2 2 2 3 7 7 8 8 8 5 5 2 0 0 0 0 0 0 0 0 0 0 0 0 0 0 0 0 0 0 0 0 0 0 0 0 0 0 0
 1 1 1 1 1 1 1 1 7 7 8 3 3 4 6 6 2 2 1 1 1 1 1 1 1 1 1 0 0 1 1 1 0 0 1 0 0 1 1 1 1 1 0 0 0 0
 1 1 1 1 1 1 1 1 7 7 8 3 3 4 6 6 2 2 1 1 1 1 1 1 1 1 1 0 0 1 1 1 0 0 1 0 0 1 1 1 1 1 0 0 0 0
 1 1 1 1 1 1 1 1 1 1 7 0 0 0 0 0 1 1 1 1 1 1 1 1 1 1 1 0 0 1 1 1 1 1 1 1 1 1 1 1 1 1 0 0 0 0
 1 1 2 1 1 2 2 2 1 1 1 0 0 0 0 0 1 1 1 1 1 1 1 1 1 1 1 1 1 1 1 1 0 0 1 1 1 0 1 1 1 1 0 0 0 0
 1 1 2 1 1 2 2 2 1 1 1 0 0 0 0 0 1 1 1 1 1 1 1 1 1 1 1 1 1 1 1 1 0 0 1 1 1 0 1 1 1 1 0 0 0 0
 1 1 1 1 1 2 1 1 1 1 0 1 1 0 0 0 1 1 0 0 0 0 0 0 0 0 0 0 0 0 0 0 0 0 0 0 0 0 0 0 0 0 0 0 0 0
 2 2 1 1 1 1 1 1 1 1 0 0 0 1 2 2 3 3 1 1 1 0 0 0 0 0 0 0 0 0 0 0 0 0 0 0 0 0 0 0 0 0 0 0 0 0
 2 2 1 1 1 1 1 1 1 1 0 0 0 1 2 2 3 3 1 1 1 0 0 0 0 0 0 0 0 0 0 0 0 0 0 0 0 0 0 0 0 0 0 0 0 0
 1 1 1 1 1 1 1 1 1 1 0 0 0 1 4 4 6 6 4 1 1 0 0 0 0 0 0 0 0 0 0 0 0 0 0 0 0 0 0 0 0 0 1 0 0 0
 1 1 1 1 1 1 1 1 1 1 0 0 0 1 4 4 6 6 4 1 1 0 0 0 0 0 0 0 0 0 0 0 0 0 0 0 0 0 0 0 0 0 1 0 0 0
 1 1 1 2 2 1 2 2 1 1 1 1 1 1 3 3 5 5 4 1 1 1 1 1 1 1 1 2 2 1 1 1 0 0 1 1 1 1 1 1 1 1 1 0 0 0
 2 2 2 2 2 3 3 3 2 2 1 1 1 1 1 1 1 1 1 1 1 1 1 1 1 1 1 2 2 3 2 2 1 1 1 1 1 1 1 1 1 1 1 0 0 1
 2 2 2 2 2 3 3 3 2 2 1 1 1 1 1 1 1 1 1 1 1 1 1 1 1 1 1 2 2 3 2 2 1 1 1 1 1 1 1 1 1 1 1 0 0 1
 1 1 1 2 2 2 3 3 2 2 1 1 1 2 1 1 1 1 0 0 0 0 0 0 0 0 0 1 1 1 1 1 1 1 0 0 0 0 0 0 0 0 0 0 0 0
 3 3 3 3 3 3 3 3 2 2 2 2 2 1 1 1 1 1 0 0 0 0 0 0 0 0 0 0 0 0 0 0 0 0 0 0 0 0 0 0 0 0 0 0 0 0
