assets/RAT_results/precipitation/2022-05-19_IMERG.asc
ncols        46
nrows        77
xllcorner    74.800261325624
yllcorner    8.058333333333
cellsize     0.062500000000
NODATA_value -9999
 29 29 43 36 36 27 14 14 10 10 12 13 13 13 12 12 8 8 2 1 1 3 3 3 0 0 0 0 0 0 1 1 1 1 1 1 1 0 0 0 0 0 0 0 0 0
 15 15 24 24 24 16 16 16 16 16 15 13 13 14 20 20 15 15 16 6 6 3 3 3 0 0 0 0 0 0 1 1 1 1 1 1 1 1 1 1 0 0 0 0 0 0
 15 15 24 24 24 16 16 16 16 16 15 13 13 14 20 20 15 15 16 6 6 3 3 3 0 0 0 0 0 0 1 1 1 1 1 1 1 1 1 1 0 0 0 0 0 0
 18 18 27 20 20 16 17 17 17 17 16 19 19 21 24 24 17 17 18 10 10 6 6 6 2 2 1 0 0 0 1 1 1 1 1 2 2 1 1 1 0 0 0 0 0 0
 14 14 20 27 27 29 20 20 19 19 20 23 23 24 29 29 28 28 21 12 12 7 3 3 2 2 1 1 1 1 2 2 1 1 1 2 2 2 1 1 1 1 0 0 0 0
 14 14 20 27 27 29 20 20 19 19 20 23 23 24 29 29 28 28 21 12 12 7 3 3 2 2 1 1 1 1 2 2 1 1 1 2 2 2 1 1 1 1 0 0 0 0
 25 25 24 28 28 32 24 24 24 24 23 22 22 26 24 24 15 15 10 6 6 4 3 3 1 1 1 1 1 1 1 1 1 1 1 1 1 2 1 1 1 1 0 0 0 0
 25 25 24 28 28 32 24 24 24 24 23 22 22 26 24 24 15 15 10 6 6 4 3 3 1 1 1 1 1 1 1 1 1 1 1 1 1 2 1 1 1 1 0 0 0 0
 29 29 27 35 35 38 27 27 26 26 24 20 20 22 20 20 13 13 8 7 7 5 5 5 2 2 1 1 1 1 1 1 1 1 1 1 1 2 2 2 1 1 0 0 0 0
 28 28 26 33 33 37 31 31 31 31 23 18 18 18 15 15 12 12 9 6 6 5 5 5 2 2 2 0 0 0 1 1 1 1 1 1 1 2 2 2 2 2 1 0 0 0
 28 28 26 33 33 37 31 31 31 31 23 18 18 18 15 15 12 12 9 6 6 5 5 5 2 2 2 0 0 0 1 1 1 1 1 1 1 2 2 2 2 2 1 0 0 0
 32 32 28 24 24 34 30 30 30 30 21 16 16 12 11 11 9 9 7 4 4 4 2 2 3 3 2 0 0 0 1 1 1 1 1 2 2 2 3 3 5 5 3 1 1 0
 31 31 22 17 17 23 20 20 22 22 20 12 12 12 9 9 6 6 6 3 3 3 2 2 3 3 1 1 1 1 1 1 1 1 1 1 1 2 3 3 4 4 5 1 1 0
 31 31 22 17 17 23 20 20 22 22 20 12 12 12 9 9 6 6 6 3 3 3 2 2 3 3 1 1 1 1 1 1 1 1 1 1 1 2 3 3 4 4 5 1 1 0
 24 24 24 21 21 22 18 18 19 19 16 10 10 8 8 8 5 5 3 4 4 4 2 2 1 1 1 1 1 1 1 1 0 0 0 0 0 1 1 1 2 2 2 1 1 0
 24 24 24 21 21 22 18 18 19 19 16 10 10 8 8 8 5 5 3 4 4 4 2 2 1 1 1 1 1 1 1 1 0 0 0 0 0 1 1 1 2 2 2 1 1 0
 22 22 20 22 22 17 16 16 17 17 17 11 11 8 7 7 7 7 4 3 3 3 2 2 2 2 2 2 2 1 1 1 0 0 0 0 0 1 2 2 2 2 1 0 0 0
 19 19 22 20 20 15 18 18 15 15 16 10 10 10 9 9 6 6 4 4 4 1 2 2 1 1 1 1 1 1 0 0 0 0 0 0 0 1 3 3 3 3 1 0 0 0
 19 19 22 20 20 15 18 18 15 15 16 10 10 10 9 9 6 6 4 4 4 1 2 2 1 1 1 1 1 1 0 0 0 0 0 0 0 1 3 3 3 3 1 0 0 0
 16 16 18 17 17 12 12 12 12 12 12 8 8 10 9 9 6 6 3 2 2 1 1 1 1 1 1 1 1 1 1 1 0 0 0 0 0 1 2 2 4 4 2 0 0 0
 9 9 8 9 9 10 8 8 8 8 7 7 7 9 8 8 7 7 4 3 3 2 2 2 1 1 0 1 1 1 0 0 0 0 0 0 0 1 2 2 4 4 2 0 0 0
 9 9 8 9 9 10 8 8 8 8 7 7 7 9 8 8 7 7 4 3 3 2 2 2 1 1 0 1 1 1 0 0 0 0 0 0 0 1 2 2 4 4 2 0 0 0
 8 8 7 6 6 7 6 6 6 6 7 8 8 8 8 8 4 4 3 3 3 1 1 1 1 1 1 3 3 4 4 4 1 1 1 1 1 1 3 3 4 4 3 1 1 0
 8 8 7 6 6 7 6 6 6 6 7 8 8 8 8 8 4 4 3 3 3 1 1 1 1 1 1 3 3 4 4 4 1 1 1 1 1 1 3 3 4 4 3 1 1 0
 6 6 6 5 5 8 8 8 5 5 3 5 5 5 6 6 5 5 4 3 3 3 3 3 2 2 3 3 3 4 4 4 3 3 3 1 1 1 3 3 4 4 3 1 1 0
 6 6 5 5 5 6 6 6 2 2 1 5 5 5 5 5 5 5 4 3 3 5 3 3 2 2 3 3 3 6 9 9 8 8 6 1 1 1 3 3 3 3 3 1 1 0
 6 6 5 5 5 6 6 6 2 2 1 5 5 5 5 5 5 5 4 3 3 5 3 3 2 2 3 3 3 6 9 9 8 8 6 1 1 1 3 3 3 3 3 1 1 0
 8 8 13 5 5 9 10 10 10 10 2 4 4 5 6 6 7 7 4 3 3 5 4 4 4 4 3 5 5 5 8 8 8 8 6 2 2 2 4 4 2 2 1 0 0 0
 7 7 11 13 13 11 18 18 12 12 4 6 6 5 6 6 7 7 7 8 8 9 11 11 11 11 8 5 5 5 9 9 10 10 12 11 11 3 6 6 2 2 1 0 0 0
 7 7 11 13 13 11 18 18 12 12 4 6 6 5 6 6 7 7 7 8 8 9 11 11 11 11 8 5 5 5 9 9 10 10 12 11 11 3 6 6 2 2 1 0 0 0
 19 19 16 11 11 15 10 10 6 6 4 6 6 6 15 15 14 14 15 13 13 9 11 11 11 11 10 9 9 9 9 9 9 9 15 10 10 4 4 4 2 2 0 0 0 0
 19 19 16 11 11 15 10 10 6 6 4 6 6 6 15 15 14 14 15 13 13 9 11 11 11 11 10 9 9 9 9 9 9 9 15 10 10 4 4 4 2 2 0 0 0 0
 31 31 26 15 15 14 13 13 14 14 6 18 18 11 26 26 14 14 15 16 16 14 11 11 9 9 13 13 13 15 9 9 10 10 9 10 10 5 5 5 1 1 0 0 0 0
 33 33 32 26 26 22 25 25 24 24 22 18 18 20 26 26 26 26 15 13 13 11 12 12 12 12 13 13 13 12 12 12 12 12 12 16 16 5 3 3 1 1 0 0 0 0
 33 33 32 26 26 22 25 25 24 24 22 18 18 20 26 26 26 26 15 13 13 11 12 12 12 12 13 13 13 12 12 12 12 12 12 16 16 5 3 3 1 1 0 0 0 0
 33 33 39 36 36 33 26 26 25 25 23 22 22 25 26 26 23 23 15 13 13 11 12 12 11 11 10 11 11 12 13 13 14 14 12 4 4 4 3 3 0 0 0 0 0 0
 36 36 46 43 43 44 27 27 25 25 22 19 19 24 26 26 19 19 19 13 13 13 13 13 10 10 9 11 11 12 12 12 12 12 13 6 6 5 5 5 0 0 0 0 0 0
 36 36 46 43 43 44 27 27 25 25 22 19 19 24 26 26 19 19 19 13 13 13 13 13 10 10 9 11 11 12 12 12 12 12 13 6 6 5 5 5 0 0 0 0 0 0
 52 52 65 47 47 47 27 27 26 26 24 18 18 18 18 18 17 17 17 10 10 13 13 13 10 10 9 11 11 11 11 11 12 12 12 5 5 5 0 0 0 0 0 0 0 0
 52 52 65 47 47 47 27 27 26 26 24 18 18 18 18 18 17 17 17 10 10 13 13 13 10 10 9 11 11 11 11 11 12 12 12 5 5 5 0 0 0 0 0 0 0 0
 70 70 62 67 67 90 96 96 47 47 30 18 18 19 18 18 13 13 17 12 12 15 11 11 10 10 9 10 10 11 11 11 15 15 14 5 5 4 0 0 0 0 0 0 0 0
 39 39 48 37 37 80 93 93 88 88 76 19 19 20 19 19 15 15 16 13 13 12 9 9 9 9 9 11 11 11 10 10 11 11 5 3 3 3 0 0 0 0 0 0 0 0
 39 39 48 37 37 80 93 93 88 88 76 19 19 20 19 19 15 15 16 13 13 12 9 9 9 9 9 11 11 11 10 10 11 11 5 3 3 3 0 0 0 0 0 0 0 0
 20 20 30 35 35 30 25 25 54 54 77 17 17 17 19 19 19 19 13 14 14 13 12 12 9 9 9 9 9 9 9 9 9 9 4 3 3 3 0 0 0 0 0 0 0 0
 22 22 25 22 22 28 11 11 12 12 39 31 31 34 15 15 22 22 19 14 14 14 14 14 12 12 8 7 7 7 9 9 8 8 3 3 3 0 0 0 0 0 0 0 0 0
 22 22 25 22 22 28 11 11 12 12 39 31 31 34 15 15 22 22 19 14 14 14 14 14 12 12 8 7 7 7 9 9 8 8 3 3 3 0 0 0 0 0 0 0 0 0
 14 14 19 24 24 23 14 14 15 15 38 37 37 37 17 17 33 33 28 26 26 16 6 6 8 8 14 10 10 7 6 6 2 2 2 2 2 0 0 0 0 0 0 0 0 0
 14 14 19 24 24 23 14 14 15 15 38 37 37 37 17 17 33 33 28 26 26 16 6 6 8 8 14 10 10 7 6 6 2 2 2 2 2 0 0 0 0 0 0 0 0 0
 18 18 17 28 28 28 19 19 20 20 20 16 16 22 18 18 32 32 55 49 49 10 7 7 6 6 11 5 5 6 4 4 3 3 2 2 2 0 0 0 0 0 0 0 0 0
 19 19 20 19 19 19 20 20 21 21 20 22 22 20 20 20 48 48 50 23 23 24 9 9 5 5 5 6 6 5 5 5 4 4 4 5 5 0 0 0 0 0 0 0 0 0
 19 19 20 19 19 19 20 20 21 21 20 22 22 20 20 20 48 48 50 23 23 24 9 9 5 5 5 6 6 5 5 5 4 4 4 5 5 0 0 0 0 0 0 0 0 0
 18 18 20 31 31 40 43 43 20 20 20 17 17 16 32 32 29 29 30 22 22 17 11 11 8 8 5 6 6 5 4 4 6 6 5 2 2 0 0 0 0 0 0 0 0 0
 21 21 21 32 32 43 44 44 17 17 18 16 16 13 15 15 15 15 15 21 21 16 15 15 8 8 6 6 6 4 8 8 7 7 7 2 2 3 0 0 0 0 0 0 0 0
 21 21 21 32 32 43 44 44 17 17 18 16 16 13 15 15 15 15 15 21 21 16 15 15 8 8 6 6 6 4 8 8 7 7 7 2 2 3 0 0 0 0 0 0 0 0
 22 22 26 27 27 43 20 20 17 17 17 17 17 13 13 13 14 14 13 13 13 8 11 11 14 14 8 8 8 5 8 8 8 8 9 2 2 4 1 1 1 1 1 1 1 0
 22 22 26 27 27 43 20 20 17 17 17 17 17 13 13 13 14 14 13 13 13 8 11 11 14 14 8 8 8 5 8 8 8 8 9 2 2 4 1 1 1 1 1 1 1 0
 28 28 31 25 25 41 26 26 16 16 18 18 18 13 13 13 16 16 14 13 13 10 12 12 18 18 10 10 10 6 3 3 2 2 7 0 0 1 0 0 0 0 1 1 1 0
 34 34 37 31 31 28 29 29 27 27 19 18 18 14 16 16 17 17 16 14 14 13 7 7 7 7 10 9 9 7 4 4 5 5 4 0 0 1 1 1 1 1 1 1 1 0
 34 34 37 31 31 28 29 29 27 27 19 18 18 14 16 16 17 17 16 14 14 13 7 7 7 7 10 9 9 7 4 4 5 5 4 0 0 1 1 1 1 1 1 1 1 0
 31 31 33 33 33 32 31 31 32 32 23 25 25 17 22 22 22 22 16 14 14 11 6 6 6 6 11 6 6 6 3 3 5 5 4 2 2 1 1 1 1 1 1 0 0 0
 24 24 29 33 33 33 31 31 29 29 24 21 21 18 20 20 22 22 16 14 14 11 8 8 8 8 7 5 5 5 3 3 3 3 4 2 2 3 1 1 1 1 1 0 0 0
 24 24 29 33 33 33 31 31 29 29 24 21 21 18 20 20 22 22 16 14 14 11 8 8 8 8 7 5 5 5 3 3 3 3 4 2 2 3 1 1 1 1 1 0 0 0
 20 20 23 30 30 24 26 26 23 23 22 21 21 20 17 17 14 14 15 10 10 9 6 6 4 4 4 4 4 3 3 3 3 3 2 2 2 2 0 0 1 1 1 4 4 3
 20 20 23 30 30 24 26 26 23 23 22 21 21 20 17 17 14 14 15 10 10 9 6 6 4 4 4 4 4 3 3 3 3 3 2 2 2 2 0 0 1 1 1 4 4 3
 11 11 11 22 22 11 15 15 16 16 17 16 16 10 11 11 7 7 8 4 4 5 5 5 4 4 3 2 2 6 2 2 2 2 2 2 2 1 1 1 4 4 1 4 4 3
 8 8 7 5 5 10 9 9 10 10 12 10 10 4 5 5 5 5 5 2 2 6 9 9 10 10 5 3 3 8 8 8 5 5 3 2 2 1 1 1 4 4 3 3 3 2
 8 8 7 5 5 10 9 9 10 10 12 10 10 4 5 5 5 5 5 2 2 6 9 9 10 10 5 3 3 8 8 8 5 5 3 2 2 1 1 1 4 4 3 3 3 2
 4 4 4 4 4 4 4 4 5 5 5 7 7 6 12 12 16 16 17 22 22 6 7 7 8 8 4 4 4 5 7 7 5 5 3 4 4 3 2 2 2 2 0 4 4 2
 3 3 3 4 4 4 5 5 3 3 3 2 2 3 3 3 17 17 17 22 22 5 7 7 7 7 7 3 3 6 4 4 11 11 8 8 8 7 5 5 6 6 0 0 0 0
 3 3 3 4 4 4 5 5 3 3 3 2 2 3 3 3 17 17 17 22 22 5 7 7 7 7 7 3 3 6 4 4 11 11 8 8 8 7 5 5 6 6 0 0 0 0
 3 3 3 4 4 4 5 5 6 6 6 4 4 4 4 4 18 18 30 30 30 4 6 6 6 6 9 8 8 10 9 9 6 6 10 13 13 11 12 12 7 7 4 4 4 0
 3 3 3 4 4 4 5 5 6 6 6 4 4 4 4 4 18 18 30 30 30 4 6 6 6 6 9 8 8 10 9 9 6 6 10 13 13 11 12 12 7 7 4 4 4 0
 10 10 10 5 5 5 6 6 8 8 7 6 6 6 6 6 6 6 29 28 28 3 6 6 7 7 8 6 6 7 10 10 7 7 10 11 11 14 8 8 8 8 4 0 0 0
 21 21 11 5 5 6 7 7 11 11 11 8 8 9 7 7 6 6 4 3 3 3 4 4 4 4 9 7 7 8 8 8 10 10 12 5 5 6 0 0 0 0 0 0 0 0
 21 21 11 5 5 6 7 7 11 11 11 8 8 9 7 7 6 6 4 3 3 3 4 4 4 4 9 7 7 8 8 8 10 10 12 5 5 6 0 0 0 0 0 0 0 0
 23 23 27 23 23 23 13 13 14 14 15 13 13 11 8 8 3 3 3 3 3 4 3 3 3 3 3 3 3 3 3 3 5 5 9 7 7 5 1 1 0 0 0 0 0 0
 9 9 24 10 10 20 11 11 11 11 11 10 10 9 7 7 3 3 3 4 4 3 2 2 2 2 2 2 2 2 5 5 5 5 6 5 5 6 2 2 0 0 0 0 0 0
