assets/RAT_results/precipitation/2022-06-18_IMERG.asc
ncols        46
nrows        77
xllcorner    74.800261325624
yllcorner    8.058333333333
cellsize     0.062500000000
NODATA_value -9999
 10 10 10 11 11 8 6 6 4 4 4 3 3 2 4 4 5 5 6 10 10 13 15 15 13 13 11 3 3 1 0 0 0 0 1 1 1 1 2 2 2 2 2 1 1 2
 15 15 8 8 8 7 7 7 10 10 10 5 5 3 5 5 5 5 7 9 9 9 7 7 4 4 2 1 1 0 0 0 1 1 2 0 0 0 1 1 1 1 2 3 3 3
 15 15 8 8 8 7 7 7 10 10 10 5 5 3 5 5 5 5 7 9 9 9 7 7 4 4 2 1 1 0 0 0 1 1 2 0 0 0 1 1 1 1 2 3 3 3
 7 7 8 8 8 5 9 9 13 13 12 7 7 4 5 5 6 6 6 6 6 5 2 2 1 1 1 0 0 1 1 1 1 1 1 1 1 1 1 1 1 1 3 4 4 3
 5 5 7 7 7 5 7 7 8 8 6 5 5 3 3 3 4 4 3 4 4 7 3 3 1 1 0 0 0 1 1 1 2 2 2 3 3 3 2 2 3 3 5 4 4 2
 5 5 7 7 7 5 7 7 8 8 6 5 5 3 3 3 4 4 3 4 4 7 3 3 1 1 0 0 0 1 1 1 2 2 2 3 3 3 2 2 3 3 5 4 4 2
 4 4 4 5 5 5 5 5 3 3 2 4 4 3 3 3 3 3 3 3 3 4 1 1 0 0 1 1 1 1 1 1 2 2 3 3 3 2 2 2 2 2 4 6 6 3
 4 4 4 5 5 5 5 5 3 3 2 4 4 3 3 3 3 3 3 3 3 4 1 1 0 0 1 1 1 1 1 1 2 2 3 3 3 2 2 2 2 2 4 6 6 3
 4 4 4 6 6 4 6 6 3 3 3 3 3 3 4 4 5 5 5 6 6 2 1 1 1 1 3 3 3 1 1 1 1 1 1 1 1 1 0 0 1 1 1 3 3 1
 7 7 6 9 9 6 7 7 3 3 4 7 7 4 4 4 3 3 3 3 3 2 1 1 1 1 4 3 3 0 0 0 0 0 0 0 0 0 0 0 0 0 1 1 1 0
 7 7 6 9 9 6 7 7 3 3 4 7 7 4 4 4 3 3 3 3 3 2 1 1 1 1 4 3 3 0 0 0 0 0 0 0 0 0 0 0 0 0 1 1 1 0
 4 4 6 9 9 8 8 8 4 4 9 9 9 5 4 4 2 2 2 1 1 1 1 1 1 1 2 1 1 1 1 1 1 1 1 1 1 2 2 2 2 2 3 2 2 2
 7 7 9 9 9 8 9 9 6 6 8 8 8 8 6 6 2 2 1 1 1 2 2 2 2 2 1 1 1 1 1 1 1 1 1 1 1 2 2 2 3 3 2 2 2 1
 7 7 9 9 9 8 9 9 6 6 8 8 8 8 6 6 2 2 1 1 1 2 2 2 2 2 1 1 1 1 1 1 1 1 1 1 1 2 2 2 3 3 2 2 2 1
 3 3 19 23 23 11 13 13 6 6 7 10 10 13 8 8 2 2 2 3 3 3 3 3 2 2 1 1 1 1 1 1 1 1 1 0 0 2 2 2 1 1 1 1 1 1
 3 3 19 23 23 11 13 13 6 6 7 10 10 13 8 8 2 2 2 3 3 3 3 3 2 2 1 1 1 1 1 1 1 1 1 0 0 2 2 2 1 1 1 1 1 1
 16 16 18 22 22 22 24 24 23 23 9 8 8 3 2 2 4 4 1 2 2 2 3 3 3 3 2 1 1 1 1 1 1 1 0 0 0 2 1 1 1 1 1 1 1 0
 7 7 8 19 19 28 24 24 24 24 12 15 15 4 5 5 5 5 3 2 2 3 4 4 3 3 2 1 1 1 1 1 1 1 0 0 0 0 1 1 1 1 1 0 0 0
 7 7 8 19 19 28 24 24 24 24 12 15 15 4 5 5 5 5 3 2 2 3 4 4 3 3 2 1 1 1 1 1 1 1 0 0 0 0 1 1 1 1 1 0 0 0
 2 2 10 25 25 23 37 37 37 37 16 15 15 11 6 6 5 5 3 2 2 2 2 2 1 1 1 0 0 0 1 1 1 1 1 1 1 1 1 1 1 1 1 1 1 1
 2 2 11 14 14 26 30 30 42 42 22 16 16 14 6 6 4 4 3 1 1 0 0 0 0 0 1 1 1 1 2 2 2 2 2 2 2 3 7 7 6 6 3 2 2 2
 2 2 11 14 14 26 30 30 42 42 22 16 16 14 6 6 4 4 3 1 1 0 0 0 0 0 1 1 1 1 2 2 2 2 2 2 2 3 7 7 6 6 3 2 2 2
 2 2 4 11 11 19 27 27 39 39 24 27 27 16 15 15 10 10 6 2 2 2 2 2 1 1 2 3 3 4 5 5 5 5 5 4 4 5 7 7 5 5 3 2 2 3
 2 2 4 11 11 19 27 27 39 39 24 27 27 16 15 15 10 10 6 2 2 2 2 2 1 1 2 3 3 4 5 5 5 5 5 4 4 5 7 7 5 5 3 2 2 3
 3 3 4 7 7 8 10 10 11 11 10 24 24 17 12 12 13 13 12 7 7 5 3 3 3 3 3 3 3 4 4 4 3 3 3 3 3 3 2 2 2 2 1 1 1 2
 11 11 6 8 8 12 15 15 19 19 10 10 10 9 21 21 8 8 10 9 9 5 3 3 3 3 2 2 2 3 2 2 2 2 1 1 1 1 1 1 0 0 0 1 1 1
 11 11 6 8 8 12 15 15 19 19 10 10 10 9 21 21 8 8 10 9 9 5 3 3 3 3 2 2 2 3 2 2 2 2 1 1 1 1 1 1 0 0 0 1 1 1
 14 14 8 21 21 32 28 28 14 14 13 11 11 10 9 9 13 13 11 4 4 3 2 2 2 2 1 1 1 2 1 1 1 1 1 1 1 1 1 1 1 1 2 3 3 2
 7 7 8 24 24 21 19 19 19 19 19 15 15 10 11 11 10 10 7 2 2 3 2 2 4 4 1 1 1 1 1 1 0 0 0 1 1 1 1 1 1 1 2 3 3 3
 7 7 8 24 24 21 19 19 19 19 19 15 15 10 11 11 10 10 7 2 2 3 2 2 4 4 1 1 1 1 1 1 0 0 0 1 1 1 1 1 1 1 2 3 3 3
 8 8 8 13 13 13 21 21 21 21 23 26 26 11 14 14 9 9 7 2 2 2 1 1 1 1 1 0 0 0 0 0 0 0 0 1 1 1 1 1 1 1 2 2 2 3
 8 8 8 13 13 13 21 21 21 21 23 26 26 11 14 14 9 9 7 2 2 2 1 1 1 1 1 0 0 0 0 0 0 0 0 1 1 1 1 1 1 1 2 2 2 3
 6 6 8 10 10 12 20 20 20 20 22 24 24 9 8 8 5 5 7 9 9 2 6 6 0 0 0 0 0 0 0 0 0 0 1 1 1 1 1 1 2 2 3 2 2 3
 7 7 7 10 10 8 7 7 7 7 8 8 8 5 4 4 4 4 16 10 10 7 8 8 0 0 0 0 0 0 0 0 1 1 1 2 2 2 2 2 5 5 4 3 3 3
 7 7 7 10 10 8 7 7 7 7 8 8 8 5 4 4 4 4 16 10 10 7 8 8 0 0 0 0 0 0 0 0 1 1 1 2 2 2 2 2 5 5 4 3 3 3
 8 8 8 9 9 8 8 8 9 9 8 9 9 7 6 6 6 6 18 17 17 15 15 15 2 2 2 4 4 0 1 1 1 1 3 4 4 3 4 4 5 5 4 3 3 7
 7 7 10 10 10 8 8 8 10 10 11 12 12 11 12 12 10 10 11 14 14 11 16 16 3 3 5 1 1 3 1 1 1 1 1 1 1 7 2 2 3 3 2 2 2 3
 7 7 10 10 10 8 8 8 10 10 11 12 12 11 12 12 10 10 11 14 14 11 16 16 3 3 5 1 1 3 1 1 1 1 1 1 1 7 2 2 3 3 2 2 2 3
 5 5 8 9 9 9 8 8 9 9 11 13 13 12 12 12 8 8 9 13 13 10 12 12 6 6 3 1 1 1 2 2 1 1 1 7 7 7 2 2 2 2 2 2 2 2
 5 5 8 9 9 9 8 8 9 9 11 13 13 12 12 12 8 8 9 13 13 10 12 12 6 6 3 1 1 1 2 2 1 1 1 7 7 7 2 2 2 2 2 2 2 2
 4 4 5 7 7 8 9 9 8 8 10 13 13 10 11 11 4 4 3 14 14 4 14 14 7 7 5 1 1 1 1 1 1 1 1 5 5 5 2 2 2 2 1 1 1 1
 4 4 6 6 6 7 7 7 7 7 6 7 7 7 15 15 13 13 11 8 8 4 6 6 10 10 11 9 9 2 1 1 1 1 0 5 5 5 2 2 1 1 1 1 1 1
 4 4 6 6 6 7 7 7 7 7 6 7 7 7 15 15 13 13 11 8 8 4 6 6 10 10 11 9 9 2 1 1 1 1 0 5 5 5 2 2 1 1 1 1 1 1
 5 5 6 6 6 4 4 4 5 5 5 5 5 8 15 15 16 16 14 7 7 10 2 2 3 3 7 8 8 1 0 0 0 0 0 1 1 2 2 2 2 2 3 2 2 2
 6 6 7 4 4 2 2 2 3 3 8 10 10 12 13 13 8 8 10 12 12 10 7 7 2 2 1 1 1 1 1 1 1 1 1 2 2 3 5 5 5 5 5 4 4 3
 6 6 7 4 4 2 2 2 3 3 8 10 10 12 13 13 8 8 10 12 12 10 7 7 2 2 1 1 1 1 1 1 1 1 1 2 2 3 5 5 5 5 5 4 4 3
 19 19 16 2 2 1 1 1 1 1 5 11 11 10 12 12 27 27 14 15 15 15 12 12 3 3 3 3 3 2 2 2 3 3 3 5 5 7 9 9 9 9 8 6 6 5
 19 19 16 2 2 1 1 1 1 1 5 11 11 10 12 12 27 27 14 15 15 15 12 12 3 3 3 3 3 2 2 2 3 3 3 5 5 7 9 9 9 9 8 6 6 5
 21 21 15 8 8 8 2 2 2 2 4 9 9 11 25 25 26 26 11 21 21 12 17 17 3 3 4 3 3 3 4 4 5 5 6 7 7 8 10 10 10 10 9 7 7 5
 19 19 17 14 14 14 7 7 3 3 6 8 8 7 25 25 26 26 12 18 18 13 4 4 2 2 3 3 3 3 4 4 6 6 7 8 8 7 7 7 7 7 6 5 5 3
 19 19 17 14 14 14 7 7 3 3 6 8 8 7 25 25 26 26 12 18 18 13 4 4 2 2 3 3 3 3 4 4 6 6 7 8 8 7 7 7 7 7 6 5 5 3
 18 18 16 14 14 14 8 8 6 6 7 11 11 10 27 27 27 27 15 18 18 28 5 5 1 1 2 1 1 2 2 2 3 3 4 4 4 4 4 4 4 4 4 3 3 1
 13 13 16 16 16 17 3 3 8 8 11 10 10 10 9 9 9 9 8 15 15 33 14 14 1 1 1 1 1 1 1 1 2 2 2 2 2 3 3 3 3 3 3 3 3 2
 13 13 16 16 16 17 3 3 8 8 11 10 10 10 9 9 9 9 8 15 15 33 14 14 1 1 1 1 1 1 1 1 2 2 2 2 2 3 3 3 3 3 3 3 3 2
 16 16 19 19 19 21 2 2 3 3 9 12 12 11 6 6 6 6 6 6 6 24 21 21 2 2 2 2 2 2 2 2 3 3 3 4 4 4 4 4 5 5 5 4 4 4
 16 16 19 19 19 21 2 2 3 3 9 12 12 11 6 6 6 6 6 6 6 24 21 21 2 2 2 2 2 2 2 2 3 3 3 4 4 4 4 4 5 5 5 4 4 4
 34 34 32 23 23 21 16 16 16 16 7 11 11 15 11 11 3 3 2 3 3 8 19 19 1 1 1 2 2 2 3 3 4 4 4 4 4 5 5 5 6 6 5 4 4 4
 35 35 35 23 23 22 25 25 8 8 8 5 5 13 23 23 8 8 2 2 2 2 5 5 1 1 2 2 2 3 4 4 5 5 5 5 5 5 5 5 5 5 4 3 3 3
 35 35 35 23 23 22 25 25 8 8 8 5 5 13 23 23 8 8 2 2 2 2 5 5 1 1 2 2 2 3 4 4 5 5 5 5 5 5 5 5 5 5 4 3 3 3
 28 28 34 20 20 26 25 25 16 16 19 13 13 24 35 35 13 13 3 1 1 2 1 1 1 1 2 2 2 4 4 4 4 4 4 4 4 4 4 4 4 4 4 4 4 4
 22 22 17 16 16 24 24 24 25 25 12 13 13 23 36 36 26 26 6 4 4 4 1 1 1 1 1 3 3 4 4 4 4 4 5 5 5 5 5 5 5 5 4 4 4 3
 22 22 17 16 16 24 24 24 25 25 12 13 13 23 36 36 26 26 6 4 4 4 1 1 1 1 1 3 3 4 4 4 4 4 5 5 5 5 5 5 5 5 4 4 4 3
 24 24 26 21 21 12 23 23 24 24 17 21 21 23 15 15 11 11 6 6 6 8 4 4 2 2 2 4 4 4 5 5 5 5 5 5 5 4 3 3 3 3 3 3 3 2
 24 24 26 21 21 12 23 23 24 24 17 21 21 23 15 15 11 11 6 6 6 8 4 4 2 2 2 4 4 4 5 5 5 5 5 5 5 4 3 3 3 3 3 3 3 2
 25 25 26 23 23 12 12 12 12 12 11 15 15 18 7 7 6 6 7 7 7 2 2 2 1 1 2 2 2 3 4 4 4 4 4 4 4 4 3 3 3 3 3 3 3 2
 21 21 21 12 12 7 6 6 12 12 9 12 12 12 3 3 3 3 4 5 5 2 1 1 1 1 1 1 1 3 3 3 4 4 4 3 3 4 4 4 4 4 3 3 3 2
 21 21 21 12 12 7 6 6 12 12 9 12 12 12 3 3 3 3 4 5 5 2 1 1 1 1 1 1 1 3 3 3 4 4 4 3 3 4 4 4 4 4 3 3 3 2
 16 16 11 7 7 8 7 7 3 3 3 6 6 9 3 3 2 2 2 8 8 5 1 1 1 1 1 1 1 1 2 2 2 2 3 3 3 4 3 3 3 3 3 2 2 1
 14 14 10 6 6 6 6 6 9 9 9 4 4 5 2 2 1 1 2 6 6 14 2 2 1 1 0 0 0 0 1 1 1 1 2 3 3 2 2 2 3 3 3 1 1 1
 14 14 10 6 6 6 6 6 9 9 9 4 4 5 2 2 1 1 2 6 6 14 2 2 1 1 0 0 0 0 1 1 1 1 2 3 3 2 2 2 3 3 3 1 1 1
 7 7 6 11 11 9 6 6 9 9 9 9 9 7 7 7 6 6 2 4 4 4 1 1 0 0 0 0 0 0 0 0 0 0 1 1 1 1 2 2 3 3 1 1 1 0
 7 7 6 11 11 9 6 6 9 9 9 9 9 7 7 7 6 6 2 4 4 4 1 1 0 0 0 0 0 0 0 0 0 0 1 1 1 1 2 2 3 3 1 1 1 0
 18 18 10 8 8 7 6 6 9 9 9 9 9 7 6 6 6 6 3 4 4 1 1 1 0 0 0 0 0 0 0 0 0 0 1 1 1 0 1 1 1 1 0 0 0 0
 18 18 9 9 9 9 6 6 5 5 8 8 8 9 10 10 10 10 2 1 1 1 1 1 1 1 0 0 0 0 0 0 0 0 0 0 0 0 0 0 0 0 0 0 0 0
 18 18 9 9 9 9 6 6 5 5 8 8 8 9 10 10 10 10 2 1 1 1 1 1 1 1 0 0 0 0 0 0 0 0 0 0 0 0 0 0 0 0 0 0 0 0
 42 42 18 18 18 10 7 7 5 5 4 2 2 2 2 2 9 9 1 1 1 1 1 1 1 1 1 0 0 0 0 0 0 0 1 1 1 1 1 1 0 0 1 1 1 1
 42 42 18 24 24 20 7 7 5 5 5 1 1 2 2 2 3 3 2 2 2 2 1 1 1 1 1 0 0 0 1 1 1 1 2 1 1 1 1 1 1 1 2 1 1 1
