assets/RAT_results/precipitation/2022-11-11_IMERG.asc
ncols        46
nrows        77
xllcorner    74.800261325624
yllcorner    8.058333333333
cellsize     0.062500000000
NODATA_value -9999
 2 2 2 2 2 0 0 0 1 1 1 1 1 1 1 1 1 1 1 1 1 1 2 2 3 3 4 7 7 11 11 11 15 15 20 19 19 21 27 27 30 30 25 27 27 30
 3 3 3 1 1 1 0 0 0 0 2 2 2 2 2 2 2 2 2 1 1 1 3 3 3 3 5 12 12 16 15 15 19 19 26 25 25 25 29 29 29 29 27 32 32 34
 3 3 3 1 1 1 0 0 0 0 2 2 2 2 2 2 2 2 2 1 1 1 3 3 3 3 5 12 12 16 15 15 19 19 26 25 25 25 29 29 29 29 27 32 32 34
 3 3 2 1 1 1 1 1 2 2 3 5 5 4 5 5 7 7 2 2 2 2 3 3 5 5 9 15 15 18 17 17 21 21 24 26 26 26 28 28 37 37 39 40 40 39
 2 2 1 1 1 1 1 1 4 4 5 5 5 4 5 5 8 8 9 8 8 7 7 7 6 6 12 18 18 23 24 24 24 24 28 37 37 28 30 30 40 40 42 47 47 46
 2 2 1 1 1 1 1 1 4 4 5 5 5 4 5 5 8 8 9 8 8 7 7 7 6 6 12 18 18 23 24 24 24 24 28 37 37 28 30 30 40 40 42 47 47 46
 2 2 1 1 1 1 2 2 5 5 5 7 7 10 9 9 22 22 21 22 22 17 15 15 11 11 17 18 18 23 29 29 28 28 36 39 39 33 35 35 43 43 45 48 48 54
 2 2 1 1 1 1 2 2 5 5 5 7 7 10 9 9 22 22 21 22 22 17 15 15 11 11 17 18 18 23 29 29 28 28 36 39 39 33 35 35 43 43 45 48 48 54
 1 1 1 1 1 2 3 3 8 8 15 17 17 21 15 15 25 25 25 26 26 20 17 17 16 16 20 23 23 27 34 34 33 33 37 45 45 39 40 40 48 48 48 54 54 64
 3 3 3 3 3 4 4 4 11 11 18 20 20 27 38 38 39 39 38 31 31 38 35 35 22 22 21 29 29 28 35 35 40 40 45 50 50 40 42 42 42 42 48 53 53 62
 3 3 3 3 3 4 4 4 11 11 18 20 20 27 38 38 39 39 38 31 31 38 35 35 22 22 21 29 29 28 35 35 40 40 45 50 50 40 42 42 42 42 48 53 53 62
 5 5 3 4 4 6 12 12 15 15 20 27 27 30 38 38 41 41 42 35 35 39 33 33 32 32 31 38 38 31 35 35 39 39 40 50 50 51 61 61 53 53 30 43 43 78
 5 5 6 8 8 17 16 16 19 19 23 27 27 31 40 40 41 41 45 45 45 49 47 47 47 47 30 42 42 41 40 40 46 46 43 53 53 61 51 51 51 51 33 83 83 84
 5 5 6 8 8 17 16 16 19 19 23 27 27 31 40 40 41 41 45 45 45 49 47 47 47 47 30 42 42 41 40 40 46 46 43 53 53 61 51 51 51 51 33 83 83 84
 6 6 7 17 17 19 20 20 19 19 24 28 28 29 37 37 40 40 40 41 41 41 47 47 50 50 35 50 50 45 47 47 52 52 57 60 60 70 37 37 23 23 54 83 83 86
 6 6 7 17 17 19 20 20 19 19 24 28 28 29 37 37 40 40 40 41 41 41 47 47 50 50 35 50 50 45 47 47 52 52 57 60 60 70 37 37 23 23 54 83 83 86
 6 6 7 9 9 12 22 22 30 30 31 33 33 33 33 33 42 42 47 49 49 45 46 46 51 51 51 65 65 67 58 58 61 61 58 61 61 72 40 40 42 42 44 95 95 99
 6 6 6 7 7 14 15 15 24 24 27 29 29 29 30 30 36 36 37 45 45 46 48 48 51 51 59 63 63 68 61 61 69 69 63 66 66 65 60 60 48 48 63 97 97 101
 6 6 6 7 7 14 15 15 24 24 27 29 29 29 30 30 36 36 37 45 45 46 48 48 51 51 59 63 63 68 61 61 69 69 63 66 66 65 60 60 48 48 63 97 97 101
 6 6 6 8 8 11 10 10 18 18 26 28 28 29 31 31 33 33 36 44 44 50 51 51 53 53 64 71 71 80 75 75 86 86 85 90 90 76 69 69 90 90 92 97 97 102
 7 7 7 8 8 11 9 9 11 11 19 26 26 25 33 33 30 30 38 43 43 55 59 59 61 61 59 71 71 81 92 92 91 91 94 99 99 77 87 87 102 102 98 96 96 100
 7 7 7 8 8 11 9 9 11 11 19 26 26 25 33 33 30 30 38 43 43 55 59 59 61 61 59 71 71 81 92 92 91 91 94 99 99 77 87 87 102 102 98 96 96 100
 6 6 8 8 8 11 9 9 12 12 17 22 22 25 19 19 32 32 32 43 43 48 59 59 64 64 62 74 74 88 98 98 103 103 108 108 108 104 107 107 86 86 102 95 95 99
 6 6 8 8 8 11 9 9 12 12 17 22 22 25 19 19 32 32 32 43 43 48 59 59 64 64 62 74 74 88 98 98 103 103 108 108 108 104 107 107 86 86 102 95 95 99
 7 7 8 8 8 9 8 8 8 8 7 11 11 17 19 19 26 26 26 38 38 45 56 56 64 64 56 88 88 94 98 98 103 103 102 110 110 112 112 112 100 100 86 113 113 95
 8 8 9 10 10 10 8 8 8 8 7 12 12 13 19 19 25 25 27 28 28 34 41 41 62 62 63 89 89 95 96 96 105 105 107 107 107 116 106 106 105 105 97 120 120 103
 8 8 9 10 10 10 8 8 8 8 7 12 12 13 19 19 25 25 27 28 28 34 41 41 62 62 63 89 89 95 96 96 105 105 107 107 107 116 106 106 105 105 97 120 120 103
 8 8 9 10 10 13 11 11 10 10 9 9 9 10 11 11 18 18 23 24 24 21 39 39 59 59 59 81 81 89 74 74 86 86 92 105 105 115 109 109 111 111 114 124 124 109
 7 7 7 5 5 6 8 8 11 11 8 8 8 10 12 12 22 22 22 26 26 23 39 39 47 47 48 49 49 65 68 68 83 83 90 104 104 109 112 112 130 130 115 130 130 114
 7 7 7 5 5 6 8 8 11 11 8 8 8 10 12 12 22 22 22 26 26 23 39 39 47 47 48 49 49 65 68 68 83 83 90 104 104 109 112 112 130 130 115 130 130 114
 4 4 4 3 3 4 5 5 6 6 7 8 8 16 16 16 21 21 20 24 24 26 26 26 42 42 44 39 39 57 61 61 81 81 86 92 92 102 108 108 131 131 138 122 122 106
 4 4 4 3 3 4 5 5 6 6 7 8 8 16 16 16 21 21 20 24 24 26 26 26 42 42 44 39 39 57 61 61 81 81 86 92 92 102 108 108 131 131 138 122 122 106
 3 3 3 3 3 5 7 7 7 7 10 8 8 12 16 16 23 23 24 22 22 27 30 30 35 35 31 37 37 67 66 66 72 72 91 94 94 96 102 102 123 123 134 111 111 113
 4 4 3 5 5 5 5 5 5 5 6 9 9 8 14 14 16 16 22 19 19 25 25 25 29 29 30 34 34 52 56 56 67 67 80 86 86 99 97 97 95 95 103 96 96 104
 4 4 3 5 5 5 5 5 5 5 6 9 9 8 14 14 16 16 22 19 19 25 25 25 29 29 30 34 34 52 56 56 67 67 80 86 86 99 97 97 95 95 103 96 96 104
 3 3 3 5 5 6 6 6 6 6 6 6 6 6 12 12 13 13 17 15 15 18 21 21 29 29 32 37 37 45 62 62 62 62 73 73 73 88 90 90 90 90 94 83 83 82
 4 4 4 5 5 7 6 6 5 5 5 5 5 5 6 6 6 6 10 15 15 16 19 19 19 19 27 37 37 38 67 67 73 73 83 79 79 75 69 69 68 68 77 85 85 86
 4 4 4 5 5 7 6 6 5 5 5 5 5 5 6 6 6 6 10 15 15 16 19 19 19 19 27 37 37 38 67 67 73 73 83 79 79 75 69 69 68 68 77 85 85 86
 5 5 4 5 5 7 9 9 10 10 6 6 6 5 6 6 6 6 4 15 15 14 16 16 17 17 31 36 36 35 69 69 77 77 77 84 84 75 90 90 83 83 77 78 78 60
 5 5 4 5 5 7 9 9 10 10 6 6 6 5 6 6 6 6 4 15 15 14 16 16 17 17 31 36 36 35 69 69 77 77 77 84 84 75 90 90 83 83 77 78 78 60
 8 8 8 6 6 6 8 8 8 8 8 5 5 4 3 3 5 5 5 16 16 11 11 11 17 17 19 27 27 29 48 48 74 74 73 78 78 82 78 78 65 65 60 60 60 71
 10 10 13 15 15 11 11 11 9 9 7 5 5 4 2 2 4 4 3 4 4 5 7 7 11 11 15 23 23 15 19 19 54 54 54 75 75 71 69 69 63 63 47 55 55 56
 10 10 13 15 15 11 11 11 9 9 7 5 5 4 2 2 4 4 3 4 4 5 7 7 11 11 15 23 23 15 19 19 54 54 54 75 75 71 69 69 63 63 47 55 55 56
 14 14 17 14 14 14 11 11 9 9 6 5 5 3 3 3 3 3 3 3 3 7 1 1 2 2 6 11 11 13 15 15 13 13 22 28 28 49 52 52 58 58 51 46 46 48
 17 17 19 18 18 17 16 16 12 12 10 9 9 7 7 7 5 5 7 2 2 3 4 4 4 4 8 9 9 8 6 6 6 6 8 28 28 46 52 52 52 52 46 32 32 36
 17 17 19 18 18 17 16 16 12 12 10 9 9 7 7 7 5 5 7 2 2 3 4 4 4 4 8 9 9 8 6 6 6 6 8 28 28 46 52 52 52 52 46 32 32 36
 14 14 17 19 19 16 15 15 11 11 9 9 9 6 7 7 10 10 8 3 3 8 12 12 11 11 16 12 12 5 4 4 2 2 4 9 9 14 32 32 41 41 42 40 40 30
 14 14 17 19 19 16 15 15 11 11 9 9 9 6 7 7 10 10 8 3 3 8 12 12 11 11 16 12 12 5 4 4 2 2 4 9 9 14 32 32 41 41 42 40 40 30
 13 13 16 19 19 21 17 17 10 10 9 7 7 8 8 8 9 9 6 6 6 3 4 4 5 5 7 7 7 6 11 11 2 2 2 2 2 6 5 5 36 36 38 37 37 51
 11 11 15 16 16 18 16 16 8 8 6 6 6 6 8 8 9 9 7 7 7 4 6 6 12 12 10 7 7 5 11 11 1 1 2 1 1 2 4 4 11 11 32 33 33 43
 11 11 15 16 16 18 16 16 8 8 6 6 6 6 8 8 9 9 7 7 7 4 6 6 12 12 10 7 7 5 11 11 1 1 2 1 1 2 4 4 11 11 32 33 33 43
 9 9 13 13 13 13 9 9 8 8 7 7 7 8 6 6 4 4 4 4 4 6 13 13 27 27 15 12 12 10 10 10 2 2 1 1 1 1 3 3 3 3 4 32 32 43
 6 6 9 10 10 7 7 7 8 8 7 8 8 7 5 5 4 4 4 4 4 4 12 12 19 19 23 17 17 13 13 13 3 3 0 0 0 1 2 2 3 3 4 26 26 29
 6 6 9 10 10 7 7 7 8 8 7 8 8 7 5 5 4 4 4 4 4 4 12 12 19 19 23 17 17 13 13 13 3 3 0 0 0 1 2 2 3 3 4 26 26 29
 8 8 7 9 9 7 9 9 8 8 10 8 8 7 5 5 5 5 10 9 9 9 16 16 25 25 23 17 17 18 12 12 2 2 2 1 1 1 1 1 2 2 2 3 3 5
 8 8 7 9 9 7 9 9 8 8 10 8 8 7 5 5 5 5 10 9 9 9 16 16 25 25 23 17 17 18 12 12 2 2 2 1 1 1 1 1 2 2 2 3 3 5
 12 12 7 5 5 8 8 8 10 10 7 5 5 4 3 3 3 3 5 7 7 2 12 12 16 16 16 22 22 19 13 13 9 9 4 2 2 2 1 1 1 1 2 3 3 4
 10 10 5 3 3 7 7 7 11 11 8 4 4 3 3 3 2 2 3 4 4 3 5 5 13 13 19 23 23 33 21 21 13 13 6 5 5 3 2 2 1 1 2 2 2 4
 10 10 5 3 3 7 7 7 11 11 8 4 4 3 3 3 2 2 3 4 4 3 5 5 13 13 19 23 23 33 21 21 13 13 6 5 5 3 2 2 1 1 2 2 2 4
 6 6 5 5 5 5 4 4 8 8 7 6 6 4 4 4 4 4 5 4 4 5 9 9 11 11 18 21 21 33 26 26 24 24 15 9 9 8 7 7 3 3 3 3 3 3
 9 9 9 9 9 8 9 9 12 12 12 12 12 9 12 12 13 13 10 6 6 7 6 6 10 10 5 13 13 17 21 21 15 15 19 12 12 17 15 15 6 6 2 3 3 2
 9 9 9 9 9 8 9 9 12 12 12 12 12 9 12 12 13 13 10 6 6 7 6 6 10 10 5 13 13 17 21 21 15 15 19 12 12 17 15 15 6 6 2 3 3 2
 11 11 10 7 7 7 10 10 11 11 13 14 14 15 14 14 10 10 8 6 6 5 4 4 4 4 2 5 5 7 6 6 12 12 8 7 7 7 6 6 3 3 2 3 3 2
 11 11 10 7 7 7 10 10 11 11 13 14 14 15 14 14 10 10 8 6 6 5 4 4 4 4 2 5 5 7 6 6 12 12 8 7 7 7 6 6 3 3 2 3 3 2
 9 9 8 6 6 6 10 10 10 10 11 11 11 16 15 15 11 11 11 8 8 7 4 4 3 3 2 1 1 8 7 7 10 10 13 13 13 4 4 4 2 2 2 3 3 2
 3 3 4 7 7 5 8 8 10 10 11 14 14 19 22 22 15 15 15 15 15 8 3 3 1 1 1 0 0 1 2 2 6 6 8 17 17 9 8 8 3 3 3 4 4 4
 3 3 4 7 7 5 8 8 10 10 11 14 14 19 22 22 15 15 15 15 15 8 3 3 1 1 1 0 0 1 2 2 6 6 8 17 17 9 8 8 3 3 3 4 4 4
 3 3 5 7 7 3 5 5 7 7 9 14 14 23 34 34 23 23 15 15 15 7 4 4 3 3 1 1 1 1 2 2 3 3 5 9 9 13 11 11 11 11 5 6 6 5
 4 4 6 7 7 18 19 19 22 22 10 16 16 35 42 42 21 21 13 14 14 6 4 4 2 2 3 1 1 1 1 1 2 2 6 6 6 10 14 14 13 13 5 6 6 6
 4 4 6 7 7 18 19 19 22 22 10 16 16 35 42 42 21 21 13 14 14 6 4 4 2 2 3 1 1 1 1 1 2 2 6 6 6 10 14 14 13 13 5 6 6 6
 2 2 3 4 4 21 21 21 21 21 9 9 9 14 36 36 22 22 10 11 11 4 4 4 1 1 1 1 1 1 1 1 10 10 5 7 7 9 15 15 12 12 5 5 5 5
 2 2 3 4 4 21 21 21 21 21 9 9 9 14 36 36 22 22 10 11 11 4 4 4 1 1 1 1 1 1 1 1 10 10 5 7 7 9 15 15 12 12 5 5 5 5
 1 1 2 2 2 3 3 3 4 4 10 9 9 7 27 27 13 13 8 7 7 5 4 4 1 1 1 1 1 2 2 2 11 11 13 26 26 19 20 20 12 12 7 5 5 4
 3 3 3 3 3 3 3 3 3 3 5 7 7 23 23 23 6 6 8 8 8 6 6 6 4 4 3 3 3 5 4 4 8 8 31 34 34 33 20 20 14 14 14 9 9 6
 3 3 3 3 3 3 3 3 3 3 5 7 7 23 23 23 6 6 8 8 8 6 6 6 4 4 3 3 3 5 4 4 8 8 31 34 34 33 20 20 14 14 14 9 9 6
 9 9 8 7 7 6 5 5 5 5 4 3 3 4 5 5 9 9 11 14 14 13 13 13 11 11 8 6 6 7 6 6 8 8 27 30 30 23 15 15 17 17 15 9 9 7
 17 17 19 15 15 9 7 7 6 6 5 4 4 4 5 5 9 9 10 15 15 15 12 12 13 13 10 6 6 6 5 5 4 4 6 6 6 9 7 7 8 8 8 3 3 3
