assets/RAT_results/precipitation/2022-05-11_IMERG.asc
ncols        46
nrows        77
xllcorner    74.800261325624
yllcorner    8.058333333333
cellsize     0.062500000000
NODATA_value -9999
 7 7 9 14 14 8 5 5 7 7 5 3 3 5 7 7 4 4 6 2 2 1 2 2 2 2 3 2 2 1 0 0 0 0 0 0 0 2 1 1 2 2 2 2 2 2
 6 6 8 15 15 8 5 5 5 5 5 4 4 5 5 5 6 6 4 2 2 2 2 2 3 3 3 2 2 1 1 1 1 1 0 0 0 0 0 0 2 2 1 2 2 3
 6 6 8 15 15 8 5 5 5 5 5 4 4 5 5 5 6 6 4 2 2 2 2 2 3 3 3 2 2 1 1 1 1 1 0 0 0 0 0 0 2 2 1 2 2 3
 5 5 5 11 11 12 4 4 5 5 3 3 3 7 5 5 4 4 5 4 4 3 2 2 2 2 3 4 4 2 1 1 0 0 0 0 0 0 1 1 1 1 0 0 0 1
 6 6 6 7 7 8 5 5 4 4 2 1 1 3 5 5 6 6 5 2 2 2 1 1 4 4 4 3 3 2 1 1 1 1 0 0 0 0 1 1 1 1 0 2 2 0
 6 6 6 7 7 8 5 5 4 4 2 1 1 3 5 5 6 6 5 2 2 2 1 1 4 4 4 3 3 2 1 1 1 1 0 0 0 0 1 1 1 1 0 2 2 0
 5 5 7 6 6 6 4 4 4 4 2 3 3 5 4 4 5 5 6 1 1 1 1 1 3 3 2 2 2 3 2 2 1 1 0 0 0 0 0 0 0 0 0 2 2 0
 5 5 7 6 6 6 4 4 4 4 2 3 3 5 4 4 5 5 6 1 1 1 1 1 3 3 2 2 2 3 2 2 1 1 0 0 0 0 0 0 0 0 0 2 2 0
 4 4 5 6 6 6 5 5 4 4 3 1 1 5 6 6 4 4 3 2 2 2 1 1 0 0 3 2 2 2 2 2 1 1 1 0 0 0 0 0 0 0 0 0 0 0
 3 3 5 5 5 5 5 5 4 4 1 0 0 1 1 1 2 2 3 2 2 2 1 1 0 0 0 1 1 2 2 2 1 1 1 1 1 0 0 0 0 0 0 0 0 0
 3 3 5 5 5 5 5 5 4 4 1 0 0 1 1 1 2 2 3 2 2 2 1 1 0 0 0 1 1 2 2 2 1 1 1 1 1 0 0 0 0 0 0 0 0 0
 4 4 4 4 4 3 6 6 5 5 3 1 1 4 1 1 3 3 4 1 1 2 0 0 0 0 0 0 0 0 2 2 3 3 1 1 1 0 0 0 0 0 0 1 1 1
 4 4 4 3 3 4 4 4 4 4 2 2 2 2 2 2 3 3 4 4 4 2 0 0 0 0 0 1 1 2 1 1 1 1 1 1 1 0 0 0 0 0 0 0 0 1
 4 4 4 3 3 4 4 4 4 4 2 2 2 2 2 2 3 3 4 4 4 2 0 0 0 0 0 1 1 2 1 1 1 1 1 1 1 0 0 0 0 0 0 0 0 1
 7 7 5 4 4 3 5 5 8 8 3 2 2 2 1 1 3 3 4 4 4 4 3 3 0 0 0 0 0 0 1 1 0 0 2 2 2 0 0 0 0 0 0 1 1 1
 7 7 5 4 4 3 5 5 8 8 3 2 2 2 1 1 3 3 4 4 4 4 3 3 0 0 0 0 0 0 1 1 0 0 2 2 2 0 0 0 0 0 0 1 1 1
 7 7 6 4 4 4 3 3 5 5 3 3 3 3 2 2 2 2 2 1 1 2 3 3 0 0 0 0 0 0 0 0 0 0 1 0 0 1 2 2 0 0 0 0 0 0
 8 8 5 4 4 4 2 2 9 9 6 1 1 2 2 2 3 3 3 1 1 2 1 1 0 0 0 0 0 0 0 0 0 0 0 0 0 2 1 1 1 1 1 0 0 0
 8 8 5 4 4 4 2 2 9 9 6 1 1 2 2 2 3 3 3 1 1 2 1 1 0 0 0 0 0 0 0 0 0 0 0 0 0 2 1 1 1 1 1 0 0 0
 8 8 5 4 4 3 4 4 6 6 11 1 1 2 4 4 2 2 2 1 1 0 0 0 0 0 0 0 0 0 0 0 0 0 1 1 1 1 1 1 2 2 2 0 0 0
 7 7 6 4 4 4 4 4 3 3 4 2 2 1 3 3 2 2 1 0 0 0 0 0 0 0 0 0 0 0 0 0 0 0 1 0 0 1 3 3 1 1 1 1 1 0
 7 7 6 4 4 4 4 4 3 3 4 2 2 1 3 3 2 2 1 0 0 0 0 0 0 0 0 0 0 0 0 0 0 0 1 0 0 1 3 3 1 1 1 1 1 0
 12 12 8 4 4 2 3 3 2 2 3 2 2 0 4 4 2 2 0 0 0 0 1 1 0 0 0 0 0 0 1 1 1 1 1 2 2 1 0 0 0 0 1 1 1 1
 12 12 8 4 4 2 3 3 2 2 3 2 2 0 4 4 2 2 0 0 0 0 1 1 0 0 0 0 0 0 1 1 1 1 1 2 2 1 0 0 0 0 1 1 1 1
 16 16 14 9 9 3 3 3 3 3 4 7 7 6 5 5 9 9 2 0 0 0 0 0 0 0 0 0 0 1 1 1 1 1 0 0 0 0 1 1 1 1 1 1 1 0
 19 19 21 24 24 16 14 14 14 14 13 12 12 11 10 10 6 6 6 2 2 2 0 0 0 0 0 1 1 2 0 0 0 0 0 1 1 1 1 1 1 1 1 1 1 2
 19 19 21 24 24 16 14 14 14 14 13 12 12 11 10 10 6 6 6 2 2 2 0 0 0 0 0 1 1 2 0 0 0 0 0 1 1 1 1 1 1 1 1 1 1 2
 11 11 23 22 22 18 17 17 24 24 21 21 21 20 19 19 7 7 6 2 2 2 2 2 0 0 0 0 0 1 0 0 0 0 1 1 1 2 1 1 2 2 2 1 1 2
 8 8 23 25 25 25 24 24 23 23 24 21 21 60 24 24 12 12 9 2 2 2 2 2 0 0 0 0 0 0 2 2 2 2 1 2 2 1 2 2 2 2 2 1 1 1
 8 8 23 25 25 25 24 24 23 23 24 21 21 60 24 24 12 12 9 2 2 2 2 2 0 0 0 0 0 0 2 2 2 2 1 2 2 1 2 2 2 2 2 1 1 1
 10 10 9 25 25 22 17 17 26 26 26 26 26 35 16 16 13 13 6 6 6 2 2 2 0 0 0 0 0 0 2 2 2 2 2 1 1 1 1 1 2 2 2 1 1 1
 10 10 9 25 25 22 17 17 26 26 26 26 26 35 16 16 13 13 6 6 6 2 2 2 0 0 0 0 0 0 2 2 2 2 2 1 1 1 1 1 2 2 2 1 1 1
 10 10 14 25 25 25 19 19 30 30 28 38 38 30 27 27 8 8 9 6 6 2 1 1 0 0 0 0 0 0 1 1 2 2 2 1 1 0 1 1 1 1 1 1 1 1
 5 5 10 24 24 23 20 20 34 34 32 26 26 34 31 31 21 21 6 1 1 2 1 1 1 1 0 0 0 0 2 2 1 1 0 2 2 0 0 0 0 0 0 1 1 1
 5 5 10 24 24 23 20 20 34 34 32 26 26 34 31 31 21 21 6 1 1 2 1 1 1 1 0 0 0 0 2 2 1 1 0 2 2 0 0 0 0 0 0 1 1 1
 5 5 10 26 26 22 18 18 39 39 40 35 35 15 13 13 15 15 4 2 2 2 1 1 3 3 1 1 1 2 0 0 1 1 0 0 0 0 1 1 1 1 0 0 0 0
 4 4 4 7 7 14 13 13 17 17 35 25 25 19 17 17 16 16 5 3 3 3 3 3 2 2 1 1 1 2 1 1 1 1 0 0 0 0 0 0 0 0 0 0 0 0
 4 4 4 7 7 14 13 13 17 17 35 25 25 19 17 17 16 16 5 3 3 3 3 3 2 2 1 1 1 2 1 1 1 1 0 0 0 0 0 0 0 0 0 0 0 0
 5 5 5 3 3 3 2 2 6 6 24 24 24 21 17 17 27 27 9 7 7 3 2 2 2 2 0 1 1 2 3 3 0 0 0 1 1 1 0 0 0 0 0 0 0 1
 5 5 5 3 3 3 2 2 6 6 24 24 24 21 17 17 27 27 9 7 7 3 2 2 2 2 0 1 1 2 3 3 0 0 0 1 1 1 0 0 0 0 0 0 0 1
 4 4 4 4 4 4 2 2 4 4 15 16 16 14 22 22 25 25 25 4 4 5 2 2 2 2 1 0 0 0 2 2 2 2 0 1 1 1 2 2 1 1 1 2 2 1
 3 3 3 19 19 2 1 1 1 1 14 13 13 2 6 6 8 8 7 3 3 3 2 2 2 2 1 0 0 0 1 1 0 0 0 0 0 3 2 2 2 2 1 3 3 4
 3 3 3 19 19 2 1 1 1 1 14 13 13 2 6 6 8 8 7 3 3 3 2 2 2 2 1 0 0 0 1 1 0 0 0 0 0 3 2 2 2 2 1 3 3 4
 1 1 1 1 1 1 1 1 1 1 2 11 11 12 8 8 8 8 7 1 1 1 1 1 1 1 1 0 0 0 0 0 0 0 0 0 0 3 2 2 1 1 2 4 4 3
 0 0 1 1 1 2 2 2 1 1 1 11 11 11 5 5 6 6 7 6 6 6 4 4 1 1 1 1 1 0 0 0 0 0 0 0 0 0 2 2 1 1 0 0 0 2
 0 0 1 1 1 2 2 2 1 1 1 11 11 11 5 5 6 6 7 6 6 6 4 4 1 1 1 1 1 0 0 0 0 0 0 0 0 0 2 2 1 1 0 0 0 2
 0 0 1 1 1 2 3 3 1 1 1 16 16 2 6 6 6 6 7 5 5 5 9 9 7 7 6 3 3 1 3 3 2 2 2 0 0 0 0 0 3 3 2 0 0 0
 0 0 1 1 1 2 3 3 1 1 1 16 16 2 6 6 6 6 7 5 5 5 9 9 7 7 6 3 3 1 3 3 2 2 2 0 0 0 0 0 3 3 2 0 0 0
 0 0 1 1 1 2 2 2 1 1 1 0 0 5 5 5 6 6 4 9 9 10 13 13 7 7 6 6 6 5 5 5 3 3 2 0 0 0 0 0 4 4 1 0 0 0
 0 0 0 1 1 1 2 2 1 1 1 1 1 4 3 3 6 6 4 8 8 6 7 7 8 8 9 7 7 4 4 4 3 3 0 1 1 0 2 2 2 2 0 0 0 0
 0 0 0 1 1 1 2 2 1 1 1 1 1 4 3 3 6 6 4 8 8 6 7 7 8 8 9 7 7 4 4 4 3 3 0 1 1 0 2 2 2 2 0 0 0 0
 0 0 1 2 2 1 1 1 1 1 1 1 1 3 2 2 3 3 2 1 1 19 19 19 10 10 7 7 7 5 4 4 3 3 2 1 1 1 1 1 0 0 2 2 2 0
 1 1 2 1 1 1 0 0 0 0 1 4 4 4 3 3 5 5 3 5 5 14 21 21 6 6 7 5 5 3 3 3 3 3 2 1 1 1 2 2 0 0 2 2 2 3
 1 1 2 1 1 1 0 0 0 0 1 4 4 4 3 3 5 5 3 5 5 14 21 21 6 6 7 5 5 3 3 3 3 3 2 1 1 1 2 2 0 0 2 2 2 3
 1 1 6 6 6 3 0 0 1 1 0 1 1 2 4 4 11 11 9 8 8 25 16 16 7 7 7 3 3 3 2 2 3 3 3 4 4 2 3 3 0 0 2 3 3 3
 1 1 6 6 6 3 0 0 1 1 0 1 1 2 4 4 11 11 9 8 8 25 16 16 7 7 7 3 3 3 2 2 3 3 3 4 4 2 3 3 0 0 2 3 3 3
 3 3 7 6 6 9 1 1 0 0 1 1 1 3 7 7 15 15 15 16 16 32 33 33 10 10 10 0 0 0 2 2 2 2 2 0 0 0 1 1 0 0 2 3 3 2
 1 1 3 10 10 7 1 1 0 0 0 1 1 3 6 6 10 10 14 17 17 37 21 21 17 17 6 0 0 0 0 0 0 0 0 0 0 0 0 0 1 1 4 4 4 0
 1 1 3 10 10 7 1 1 0 0 0 1 1 3 6 6 10 10 14 17 17 37 21 21 17 17 6 0 0 0 0 0 0 0 0 0 0 0 0 0 1 1 4 4 4 0
 0 0 1 5 5 1 1 1 0 0 0 3 3 2 3 3 5 5 10 12 12 31 9 9 12 12 7 1 1 0 0 0 0 0 0 0 0 0 2 2 0 0 0 1 1 0
 0 0 0 0 0 0 0 0 0 0 0 1 1 1 1 1 5 5 8 30 30 27 8 8 15 15 15 3 3 1 0 0 0 0 0 0 0 0 0 0 2 2 0 0 0 0
 0 0 0 0 0 0 0 0 0 0 0 1 1 1 1 1 5 5 8 30 30 27 8 8 15 15 15 3 3 1 0 0 0 0 0 0 0 0 0 0 2 2 0 0 0 0
 0 0 0 0 0 0 0 0 0 0 0 0 0 0 1 1 4 4 24 24 24 23 15 15 17 17 15 3 3 8 0 0 0 0 0 0 0 0 0 0 0 0 0 0 0 0
 0 0 0 0 0 0 0 0 0 0 0 0 0 0 1 1 4 4 24 24 24 23 15 15 17 17 15 3 3 8 0 0 0 0 0 0 0 0 0 0 0 0 0 0 0 0
 0 0 0 0 0 0 0 0 0 0 0 0 0 0 1 1 12 12 16 22 22 6 10 10 9 9 13 12 12 8 0 0 1 1 0 0 0 0 0 0 3 3 2 0 0 0
 0 0 0 0 0 0 0 0 0 0 0 0 0 0 1 1 1 1 4 1 1 2 1 1 5 5 0 3 3 1 0 0 0 0 0 0 0 0 0 0 5 5 0 0 0 0
 0 0 0 0 0 0 0 0 0 0 0 0 0 0 1 1 1 1 4 1 1 2 1 1 5 5 0 3 3 1 0 0 0 0 0 0 0 0 0 0 5 5 0 0 0 0
 0 0 0 0 0 0 0 0 0 0 0 0 0 0 0 0 1 1 0 0 0 1 1 1 1 1 1 0 0 0 0 0 0 0 0 0 0 0 0 0 1 1 3 5 5 0
 0 0 0 0 0 0 0 0 0 0 0 0 0 0 0 0 0 0 0 0 0 0 1 1 0 0 0 0 0 0 0 0 0 0 0 0 0 0 0 0 4 4 5 5 5 0
 0 0 0 0 0 0 0 0 0 0 0 0 0 0 0 0 0 0 0 0 0 0 1 1 0 0 0 0 0 0 0 0 0 0 0 0 0 0 0 0 4 4 5 5 5 0
 0 0 0 0 0 0 0 0 0 0 0 0 0 0 0 0 0 0 0 0 0 0 1 1 1 1 0 0 0 0 0 0 0 0 0 0 0 0 0 0 0 0 0 3 3 3
 0 0 0 0 0 0 0 0 0 0 0 0 0 0 0 0 0 0 0 0 0 0 1 1 1 1 0 0 0 0 0 0 0 0 0 0 0 0 0 0 0 0 0 3 3 3
 1 1 0 0 0 0 0 0 0 0 0 0 0 0 0 0 0 0 0 0 0 0 0 0 0 0 0 1 1 0 0 0 0 0 0 0 0 0 0 0 0 0 4 2 2 6
 0 0 0 0 0 0 0 0 0 0 0 0 0 0 0 0 0 0 0 0 0 0 0 0 0 0 0 1 1 1 0 0 0 0 0 0 0 0 0 0 0 0 0 0 0 1
 0 0 0 0 0 0 0 0 0 0 0 0 0 0 0 0 0 0 0 0 0 0 0 0 0 0 0 1 1 1 0 0 0 0 0 0 0 0 0 0 0 0 0 0 0 1
 0 0 0 0 0 0 0 0 0 0 0 0 0 0 0 0 0 0 0 0 0 0 0 0 0 0 0 0 0 0 0 0 0 0 0 0 0 0 0 0 0 0 0 0 0 0
 0 0 0 0 0 0 0 0 0 0 0 0 0 0 0 0 0 0 0 0 0 0 0 0 0 0 0 0 0 0 0 0 0 0 0 0 0 0 0 0 0 0 0 0 0 0
