assets/RAT_results/precipitation/2022-05-04_IMERG.asc
ncols        46
nrows        77
xllcorner    74.800261325624
yllcorner    8.058333333333
cellsize     0.062500000000
NODATA_value -9999
 17 17 19 19 19 27 46 46 44 44 36 21 21 23 21 21 24 24 27 24 24 21 25 25 45 45 27 28 28 19 10 10 14 14 13 18 18 18 11 11 13 13 33 64 64 49
 14 14 18 19 19 30 40 40 46 46 36 34 34 25 20 20 20 20 17 9 9 17 23 23 21 21 14 21 21 17 12 12 12 12 10 6 6 5 2 2 9 9 20 46 46 45
 14 14 18 19 19 30 40 40 46 46 36 34 34 25 20 20 20 20 17 9 9 17 23 23 21 21 14 21 21 17 12 12 12 12 10 6 6 5 2 2 9 9 20 46 46 45
 15 15 15 26 26 32 22 22 29 29 36 78 78 31 16 16 20 20 16 7 7 23 21 21 20 20 23 20 20 14 16 16 23 23 17 4 4 3 4 4 5 5 11 21 21 33
 20 20 17 25 25 25 30 30 72 72 37 36 36 18 19 19 13 13 17 14 14 16 15 15 15 15 32 21 21 10 13 13 21 21 18 9 9 31 7 7 8 8 16 18 18 23
 20 20 17 25 25 25 30 30 72 72 37 36 36 18 19 19 13 13 17 14 14 16 15 15 15 15 32 21 21 10 13 13 21 21 18 9 9 31 7 7 8 8 16 18 18 23
 15 15 18 31 31 32 26 26 75 75 29 25 25 19 17 17 11 11 21 19 19 20 22 22 22 22 22 17 17 12 18 18 13 13 19 10 10 14 8 8 10 10 14 19 19 17
 15 15 18 31 31 32 26 26 75 75 29 25 25 19 17 17 11 11 21 19 19 20 22 22 22 22 22 17 17 12 18 18 13 13 19 10 10 14 8 8 10 10 14 19 19 17
 17 17 51 36 36 40 32 32 75 75 33 22 22 16 21 21 10 10 16 19 19 20 11 11 16 16 20 21 21 13 16 16 13 13 42 20 20 16 7 7 8 8 13 11 11 7
 30 30 39 20 20 29 28 28 22 22 41 30 30 9 13 13 10 10 8 9 9 12 12 12 16 16 20 16 16 19 16 16 16 16 53 51 51 15 6 6 10 10 5 3 3 2
 30 30 39 20 20 29 28 28 22 22 41 30 30 9 13 13 10 10 8 9 9 12 12 12 16 16 20 16 16 19 16 16 16 16 53 51 51 15 6 6 10 10 5 3 3 2
 13 13 24 24 24 16 17 17 21 21 21 11 11 5 8 8 6 6 8 6 6 4 5 5 9 9 18 16 16 19 16 16 24 24 22 50 50 8 2 2 3 3 3 2 2 1
 11 11 9 9 9 9 9 9 10 10 8 6 6 5 4 4 3 3 3 4 4 4 6 6 11 11 16 14 14 16 24 24 24 24 38 44 44 8 1 1 1 1 1 1 1 1
 11 11 9 9 9 9 9 9 10 10 8 6 6 5 4 4 3 3 3 4 4 4 6 6 11 11 16 14 14 16 24 24 24 24 38 44 44 8 1 1 1 1 1 1 1 1
 6 6 6 4 4 4 5 5 6 6 5 3 3 7 6 6 5 5 3 3 3 5 8 8 10 10 10 14 14 23 30 30 30 30 21 9 9 9 5 5 1 1 1 3 3 7
 6 6 6 4 4 4 5 5 6 6 5 3 3 7 6 6 5 5 3 3 3 5 8 8 10 10 10 14 14 23 30 30 30 30 21 9 9 9 5 5 1 1 1 3 3 7
 3 3 5 5 5 3 3 3 4 4 4 4 4 4 10 10 8 8 3 3 3 6 20 20 23 23 22 23 23 23 31 31 31 31 14 7 7 11 6 6 1 1 1 1 1 16
 3 3 2 3 3 3 4 4 2 2 4 4 4 4 8 8 9 9 5 4 4 8 16 16 20 20 25 21 21 21 25 25 22 22 22 7 7 20 17 17 6 6 3 1 1 7
 3 3 2 3 3 3 4 4 2 2 4 4 4 4 8 8 9 9 5 4 4 8 16 16 20 20 25 21 21 21 25 25 22 22 22 7 7 20 17 17 6 6 3 1 1 7
 6 6 1 2 2 2 3 3 2 2 2 4 4 4 5 5 8 8 7 7 7 7 15 15 22 22 24 21 21 21 25 25 41 41 40 9 9 21 17 17 2 2 7 2 2 4
 7 7 4 3 3 2 2 2 3 3 3 5 5 4 5 5 8 8 7 7 7 7 9 9 18 18 16 21 21 21 40 40 41 41 40 20 20 18 27 27 7 7 6 2 2 4
 7 7 4 3 3 2 2 2 3 3 3 5 5 4 5 5 8 8 7 7 7 7 9 9 18 18 16 21 21 21 40 40 41 41 40 20 20 18 27 27 7 7 6 2 2 4
 8 8 8 6 6 6 7 7 3 3 4 3 3 4 5 5 8 8 9 8 8 9 8 8 16 16 16 24 24 21 21 21 23 23 23 22 22 19 17 17 35 35 25 25 25 4
 8 8 8 6 6 6 7 7 3 3 4 3 3 4 5 5 8 8 9 8 8 9 8 8 16 16 16 24 24 21 21 21 23 23 23 22 22 19 17 17 35 35 25 25 25 4
 6 6 7 7 7 3 7 7 3 3 3 4 4 5 6 6 8 8 6 6 6 6 5 5 9 9 17 15 15 21 21 21 23 23 14 13 13 12 10 10 28 28 26 18 18 6
 5 5 6 6 6 3 3 3 3 3 4 6 6 4 8 8 7 7 5 5 5 5 5 5 5 5 6 7 7 7 7 7 10 10 14 13 13 8 9 9 9 9 28 28 28 17
 5 5 6 6 6 3 3 3 3 3 4 6 6 4 8 8 7 7 5 5 5 5 5 5 5 5 6 7 7 7 7 7 10 10 14 13 13 8 9 9 9 9 28 28 28 17
 4 4 7 8 8 7 3 3 4 4 3 6 6 6 8 8 8 8 6 5 5 6 8 8 7 7 7 5 5 7 4 4 3 3 10 9 9 10 11 11 10 10 20 41 41 48
 4 4 3 5 5 7 6 6 5 5 4 5 5 7 10 10 9 9 7 6 6 7 8 8 7 7 8 6 6 5 5 5 5 5 12 8 8 7 32 32 30 30 35 41 41 41
 4 4 3 5 5 7 6 6 5 5 4 5 5 7 10 10 9 9 7 6 6 7 8 8 7 7 8 6 6 5 5 5 5 5 12 8 8 7 32 32 30 30 35 41 41 41
 9 9 3 6 6 8 7 7 6 6 5 6 6 8 10 10 10 10 9 10 10 9 10 10 10 10 10 9 9 10 6 6 5 5 9 8 8 8 33 33 28 28 33 51 51 50
 9 9 3 6 6 8 7 7 6 6 5 6 6 8 10 10 10 10 9 10 10 9 10 10 10 10 10 9 9 10 6 6 5 5 9 8 8 8 33 33 28 28 33 51 51 50
 13 13 2 11 11 14 14 14 7 7 5 7 7 6 10 10 11 11 11 12 12 11 11 11 12 12 12 12 12 11 12 12 12 12 12 6 6 6 28 28 27 27 26 44 44 31
 13 13 3 8 8 57 10 10 3 3 3 3 3 9 9 9 9 9 11 12 12 12 12 12 14 14 14 15 15 14 15 15 15 15 12 8 8 6 17 17 16 16 16 32 32 31
 13 13 3 8 8 57 10 10 3 3 3 3 3 9 9 9 9 9 11 12 12 12 12 12 14 14 14 15 15 14 15 15 15 15 12 8 8 6 17 17 16 16 16 32 32 31
 8 8 8 5 5 2 5 5 1 1 1 1 1 8 8 8 9 9 13 11 11 11 12 12 17 17 17 16 16 13 15 15 16 16 16 11 11 6 5 5 17 17 9 28 28 30
 8 8 7 3 3 0 5 5 1 1 1 0 0 8 8 8 9 9 10 13 13 13 14 14 17 17 17 16 16 19 24 24 17 17 18 11 11 6 4 4 9 9 9 16 16 30
 8 8 7 3 3 0 5 5 1 1 1 0 0 8 8 8 9 9 10 13 13 13 14 14 17 17 17 16 16 19 24 24 17 17 18 11 11 6 4 4 9 9 9 16 16 30
 11 11 11 5 5 1 0 0 0 0 0 0 0 11 9 9 10 10 10 14 14 16 20 20 16 16 15 17 17 19 20 20 21 21 17 8 8 6 4 4 18 18 20 30 30 28
 11 11 11 5 5 1 0 0 0 0 0 0 0 11 9 9 10 10 10 14 14 16 20 20 16 16 15 17 17 19 20 20 21 21 17 8 8 6 4 4 18 18 20 30 30 28
 15 15 13 2 2 1 1 1 0 0 0 3 3 11 12 12 12 12 12 17 17 26 30 30 17 17 18 17 17 21 18 18 12 12 7 5 5 9 7 7 20 20 19 29 29 17
 18 18 13 6 6 5 3 3 3 3 0 12 12 13 13 13 21 21 13 18 18 25 28 28 21 21 19 20 20 21 17 17 11 11 5 5 5 10 8 8 19 19 15 21 21 18
 18 18 13 6 6 5 3 3 3 3 0 12 12 13 13 13 21 21 13 18 18 25 28 28 21 21 19 20 20 21 17 17 11 11 5 5 5 10 8 8 19 19 15 21 21 18
 14 14 15 16 16 14 12 12 10 10 3 17 17 15 16 16 25 25 26 25 25 29 20 20 22 22 23 14 14 21 12 12 13 13 15 10 10 16 13 13 8 8 12 12 12 13
 14 14 14 20 20 19 17 17 15 15 13 19 19 19 28 28 29 29 30 25 25 23 21 21 24 24 24 9 9 14 9 9 23 23 15 10 10 15 11 11 6 6 11 13 13 12
 14 14 14 20 20 19 17 17 15 15 13 19 19 19 28 28 29 29 30 25 25 23 21 21 24 24 24 9 9 14 9 9 23 23 15 10 10 15 11 11 6 6 11 13 13 12
 12 12 13 20 20 21 25 25 24 24 23 21 21 20 32 32 33 33 34 26 26 28 9 9 16 16 19 8 8 10 9 9 17 17 16 9 9 7 8 8 3 3 10 10 10 15
 12 12 13 20 20 21 25 25 24 24 23 21 21 20 32 32 33 33 34 26 26 28 9 9 16 16 19 8 8 10 9 9 17 17 16 9 9 7 8 8 3 3 10 10 10 15
 16 16 41 43 43 50 44 44 26 26 28 25 25 24 31 31 30 30 20 19 19 19 15 15 21 21 20 6 6 12 14 14 12 12 8 6 6 3 4 4 4 4 10 8 8 8
 18 18 43 42 42 53 47 47 43 43 39 34 34 33 21 21 21 21 12 28 28 28 24 24 20 20 4 4 4 5 4 4 7 7 6 7 7 11 4 4 4 4 5 7 7 8
 18 18 43 42 42 53 47 47 43 43 39 34 34 33 21 21 21 21 12 28 28 28 24 24 20 20 4 4 4 5 4 4 7 7 6 7 7 11 4 4 4 4 5 7 7 8
 26 26 33 31 31 35 30 30 29 29 45 41 41 38 25 25 25 25 14 13 13 23 23 23 29 29 4 3 3 3 4 4 3 3 6 7 7 7 4 4 3 3 3 5 5 5
 25 25 39 39 39 73 33 33 35 35 46 43 43 15 15 15 18 18 16 14 14 16 15 15 17 17 4 3 3 2 6 6 7 7 11 10 10 8 6 6 6 6 3 6 6 6
 25 25 39 39 39 73 33 33 35 35 46 43 43 15 15 15 18 18 16 14 14 16 15 15 17 17 4 3 3 2 6 6 7 7 11 10 10 8 6 6 6 6 3 6 6 6
 27 27 44 60 60 96 93 93 87 87 69 61 61 31 30 30 15 15 13 13 13 13 14 14 17 17 7 2 2 5 11 11 19 19 29 15 15 9 8 8 11 11 6 7 7 8
 27 27 44 60 60 96 93 93 87 87 69 61 61 31 30 30 15 15 13 13 13 13 14 14 17 17 7 2 2 5 11 11 19 19 29 15 15 9 8 8 11 11 6 7 7 8
 45 45 39 43 43 94 89 89 96 96 82 68 68 33 31 31 15 15 10 16 16 21 21 21 6 6 8 5 5 10 9 9 39 39 30 23 23 12 5 5 9 9 5 4 4 10
 44 44 41 51 51 84 80 80 106 106 102 83 83 60 50 50 25 25 25 12 12 18 31 31 7 7 13 6 6 11 10 10 42 42 43 21 21 12 14 14 5 5 3 3 3 8
 44 44 41 51 51 84 80 80 106 106 102 83 83 60 50 50 25 25 25 12 12 18 31 31 7 7 13 6 6 11 10 10 42 42 43 21 21 12 14 14 5 5 3 3 3 8
 48 48 59 64 64 72 72 72 108 108 110 79 79 61 58 58 35 35 27 13 13 30 31 31 7 7 12 9 9 12 12 12 16 16 45 29 29 11 6 6 4 4 3 2 2 8
 54 54 55 72 72 70 85 85 112 112 111 58 58 56 52 52 28 28 30 16 16 10 6 6 2 2 6 6 6 7 10 10 10 10 23 40 40 13 12 12 6 6 6 5 5 7
 54 54 55 72 72 70 85 85 112 112 111 58 58 56 52 52 28 28 30 16 16 10 6 6 2 2 6 6 6 7 10 10 10 10 23 40 40 13 12 12 6 6 6 5 5 7
 52 52 55 74 74 72 64 64 61 61 77 44 44 49 45 45 26 26 24 14 14 14 4 4 2 2 8 10 10 6 10 10 12 12 25 21 21 21 9 9 8 8 8 7 7 10
 52 52 55 74 74 72 64 64 61 61 77 44 44 49 45 45 26 26 24 14 14 14 4 4 2 2 8 10 10 6 10 10 12 12 25 21 21 21 9 9 8 8 8 7 7 10
 48 48 50 62 62 54 40 40 40 40 39 32 32 43 26 26 26 26 25 11 11 14 14 14 14 14 13 6 6 6 11 11 15 15 19 24 24 16 8 8 7 7 12 9 9 15
 51 51 52 54 54 58 38 38 35 35 31 32 32 31 24 24 23 23 15 15 15 15 21 21 21 21 18 17 17 15 9 9 12 12 12 19 19 9 6 6 8 8 13 13 13 14
 51 51 52 54 54 58 38 38 35 35 31 32 32 31 24 24 23 23 15 15 15 15 21 21 21 21 18 17 17 15 9 9 12 12 12 19 19 9 6 6 8 8 13 13 13 14
 22 22 47 43 43 42 30 30 29 29 24 24 24 20 21 21 22 22 13 13 13 14 15 15 19 19 18 15 15 8 9 9 10 10 13 13 13 7 13 13 8 8 10 9 9 15
 18 18 20 19 19 22 21 21 30 30 22 21 21 19 17 17 14 14 8 11 11 3 4 4 1 1 2 8 8 9 4 4 8 8 11 12 12 5 6 6 7 7 7 13 13 13
 18 18 20 19 19 22 21 21 30 30 22 21 21 19 17 17 14 14 8 11 11 3 4 4 1 1 2 8 8 9 4 4 8 8 11 12 12 5 6 6 7 7 7 13 13 13
 18 18 24 21 21 24 24 24 19 19 20 19 19 16 15 15 12 12 4 4 4 1 1 1 0 0 1 1 1 2 3 3 4 4 10 9 9 8 4 4 1 1 3 8 8 12
 18 18 24 21 21 24 24 24 19 19 20 19 19 16 15 15 12 12 4 4 4 1 1 1 0 0 1 1 1 2 3 3 4 4 10 9 9 8 4 4 1 1 3 8 8 12
 18 18 24 16 16 16 14 14 10 10 11 10 10 6 12 12 11 11 3 4 4 0 0 0 1 1 1 1 1 1 2 2 3 3 8 8 8 5 3 3 1 1 2 6 6 4
 15 15 17 16 16 16 17 17 10 10 7 7 7 3 2 2 3 3 3 3 3 0 1 1 1 1 2 0 0 1 1 1 1 1 2 1 1 3 2 2 1 1 1 0 0 0
 15 15 17 16 16 16 17 17 10 10 7 7 7 3 2 2 3 3 3 3 3 0 1 1 1 1 2 0 0 1 1 1 1 1 2 1 1 3 2 2 1 1 1 0 0 0
 9 9 15 14 14 12 15 15 9 9 7 4 4 3 3 3 0 0 0 0 0 0 1 1 1 1 2 2 2 1 1 1 1 1 2 0 0 1 1 1 0 0 0 0 0 0
 11 11 9 12 12 11 11 11 7 7 6 4 4 4 1 1 1 1 1 0 0 0 1 1 1 1 3 2 2 2 1 1 1 1 1 0 0 0 0 0 0 0 0 0 0 0
