assets/RAT_results/precipitation/2022-08-02_IMERG.asc
ncols        46
nrows        77
xllcorner    74.800261325624
yllcorner    8.058333333333
cellsize     0.062500000000
NODATA_value -9999
 25 25 39 41 41 42 50 50 47 47 46 51 51 50 50 50 48 48 56 53 53 55 46 46 52 52 62 61 61 46 41 41 40 40 35 31 31 26 25 25 17 17 22 15 15 37
 28 28 34 40 40 43 49 49 57 57 53 54 54 43 33 33 34 34 32 33 33 44 46 46 51 51 50 52 52 52 43 43 33 33 34 28 28 22 13 13 16 16 15 19 19 21
 28 28 34 40 40 43 49 49 57 57 53 54 54 43 33 33 34 34 32 33 33 44 46 46 51 51 50 52 52 52 43 43 33 33 34 28 28 22 13 13 16 16 15 19 19 21
 32 32 36 38 38 39 41 41 50 50 50 51 51 31 26 26 21 21 22 24 24 26 36 36 57 57 52 52 52 49 45 45 99 99 67 61 61 34 8 8 13 13 14 11 11 13
 22 22 31 31 31 35 37 37 44 44 47 51 51 36 34 34 23 23 19 22 22 28 39 39 47 47 41 42 42 39 92 92 90 90 58 51 51 15 15 15 13 13 6 15 15 17
 22 22 31 31 31 35 37 37 44 44 47 51 51 36 34 34 23 23 19 22 22 28 39 39 47 47 41 42 42 39 92 92 90 90 58 51 51 15 15 15 13 13 6 15 15 17
 22 22 22 26 26 31 37 37 36 36 36 31 31 25 27 27 27 27 27 21 21 28 25 25 34 34 33 44 44 34 40 40 38 38 27 24 24 17 18 18 19 19 12 19 19 25
 22 22 22 26 26 31 37 37 36 36 36 31 31 25 27 27 27 27 27 21 21 28 25 25 34 34 33 44 44 34 40 40 38 38 27 24 24 17 18 18 19 19 12 19 19 25
 16 16 17 17 17 15 26 26 26 26 31 36 36 35 34 34 30 30 30 17 17 24 21 21 27 27 26 31 31 34 43 43 45 45 31 33 33 34 34 34 34 34 24 13 13 20
 24 24 15 17 17 11 21 21 22 22 26 28 28 21 28 28 30 30 19 12 12 19 22 22 24 24 25 29 29 34 38 38 37 37 37 35 35 37 30 30 38 38 30 18 18 29
 24 24 15 17 17 11 21 21 22 22 26 28 28 21 28 28 30 30 19 12 12 19 22 22 24 24 25 29 29 34 38 38 37 37 37 35 35 37 30 30 38 38 30 18 18 29
 30 30 14 10 10 15 22 22 24 24 31 33 33 39 32 32 27 27 13 7 7 10 18 18 20 20 27 28 28 29 34 34 37 37 38 37 37 37 28 28 27 27 22 20 20 41
 40 40 18 15 15 16 27 27 21 21 33 31 31 19 18 18 9 9 7 7 7 9 7 7 16 16 20 26 26 28 30 30 31 31 33 33 33 33 24 24 18 18 23 18 18 37
 40 40 18 15 15 16 27 27 21 21 33 31 31 19 18 18 9 9 7 7 7 9 7 7 16 16 20 26 26 28 30 30 31 31 33 33 33 33 24 24 18 18 23 18 18 37
 43 43 32 22 22 19 23 23 18 18 17 12 12 14 12 12 11 11 8 6 6 4 7 7 7 7 11 13 13 16 15 15 14 14 20 35 35 52 28 28 17 17 20 10 10 8
 43 43 32 22 22 19 23 23 18 18 17 12 12 14 12 12 11 11 8 6 6 4 7 7 7 7 11 13 13 16 15 15 14 14 20 35 35 52 28 28 17 17 20 10 10 8
 76 76 67 36 36 21 23 23 16 16 12 7 7 7 7 7 5 5 5 8 8 8 5 5 8 8 5 8 8 15 11 11 12 12 28 47 47 68 36 36 25 25 9 7 7 6
 102 102 98 53 53 35 29 29 16 16 11 11 11 6 6 6 6 6 4 4 4 4 4 4 6 6 4 3 3 3 6 6 5 5 14 9 9 28 55 55 31 31 24 1 1 1
 102 102 98 53 53 35 29 29 16 16 11 11 11 6 6 6 6 6 4 4 4 4 4 4 6 6 4 3 3 3 6 6 5 5 14 9 9 28 55 55 31 31 24 1 1 1
 182 182 131 101 101 111 56 56 51 51 24 18 18 12 8 8 6 6 3 2 2 2 2 2 3 3 3 3 3 2 2 2 2 2 7 7 7 28 36 36 19 19 13 6 6 5
 189 189 118 142 142 156 144 144 61 61 37 19 19 9 8 8 6 6 4 7 7 10 2 2 2 2 1 1 1 1 2 2 3 3 7 3 3 10 11 11 5 5 6 9 9 9
 189 189 118 142 142 156 144 144 61 61 37 19 19 9 8 8 6 6 4 7 7 10 2 2 2 2 1 1 1 1 2 2 3 3 7 3 3 10 11 11 5 5 6 9 9 9
 225 225 131 173 173 144 103 103 96 96 55 31 31 9 6 6 5 5 4 7 7 7 4 4 3 3 3 3 3 5 4 4 5 5 5 6 6 12 13 13 7 7 7 9 9 10
 225 225 131 173 173 144 103 103 96 96 55 31 31 9 6 6 5 5 4 7 7 7 4 4 3 3 3 3 3 5 4 4 5 5 5 6 6 12 13 13 7 7 7 9 9 10
 143 143 104 121 121 104 146 146 99 99 70 42 42 19 14 14 4 4 5 5 5 6 3 3 4 4 5 5 5 7 6 6 6 6 5 5 5 5 5 5 5 5 4 4 4 5
 82 82 112 105 105 117 109 109 84 84 76 45 45 33 25 25 12 12 6 6 6 9 6 6 6 6 6 5 5 6 5 5 4 4 3 2 2 2 3 3 2 2 2 3 3 3
 82 82 112 105 105 117 109 109 84 84 76 45 45 33 25 25 12 12 6 6 6 9 6 6 6 6 6 5 5 6 5 5 4 4 3 2 2 2 3 3 2 2 2 3 3 3
 83 83 91 89 89 106 99 99 63 63 60 60 60 43 29 29 10 10 6 5 5 6 9 9 6 6 10 4 4 1 1 1 1 1 1 1 1 1 1 1 1 1 1 1 1 1
 42 42 55 45 45 53 53 53 47 47 45 50 50 42 21 21 10 10 6 2 2 2 2 2 9 9 11 6 6 0 0 0 0 0 0 0 0 0 0 0 1 1 1 1 1 1
 42 42 55 45 45 53 53 53 47 47 45 50 50 42 21 21 10 10 6 2 2 2 2 2 9 9 11 6 6 0 0 0 0 0 0 0 0 0 0 0 1 1 1 1 1 1
 44 44 39 35 35 39 36 36 31 31 33 34 34 22 14 14 9 9 7 2 2 3 2 2 3 3 2 3 3 0 0 0 1 1 1 0 0 1 1 1 1 1 1 1 1 1
 44 44 39 35 35 39 36 36 31 31 33 34 34 22 14 14 9 9 7 2 2 3 2 2 3 3 2 3 3 0 0 0 1 1 1 0 0 1 1 1 1 1 1 1 1 1
 51 51 48 40 40 41 34 34 27 27 23 28 28 29 23 23 15 15 5 6 6 2 4 4 2 2 5 6 6 5 1 1 1 1 1 1 1 1 1 1 1 1 0 0 0 0
 47 47 46 33 33 39 31 31 27 27 28 28 28 30 16 16 15 15 9 8 8 3 2 2 2 2 3 4 4 4 1 1 1 1 1 0 0 0 0 0 0 0 0 0 0 0
 47 47 46 33 33 39 31 31 27 27 28 28 28 30 16 16 15 15 9 8 8 3 2 2 2 2 3 4 4 4 1 1 1 1 1 0 0 0 0 0 0 0 0 0 0 0
 46 46 28 30 30 32 29 29 24 24 22 26 26 23 23 23 12 12 6 5 5 1 2 2 1 1 1 1 1 4 3 3 1 1 1 0 0 0 0 0 0 0 0 0 0 0
 47 47 43 46 46 26 28 28 24 24 20 21 21 23 20 20 24 24 7 5 5 4 2 2 1 1 0 1 1 1 3 3 0 0 0 0 0 0 0 0 0 0 0 0 0 0
 47 47 43 46 46 26 28 28 24 24 20 21 21 23 20 20 24 24 7 5 5 4 2 2 1 1 0 1 1 1 3 3 0 0 0 0 0 0 0 0 0 0 0 0 0 0
 40 40 37 39 39 29 31 31 21 21 24 21 21 20 18 18 16 16 7 4 4 4 3 3 1 1 0 0 0 0 2 2 4 4 0 0 0 0 0 0 0 0 0 1 1 0
 40 40 37 39 39 29 31 31 21 21 24 21 21 20 18 18 16 16 7 4 4 4 3 3 1 1 0 0 0 0 2 2 4 4 0 0 0 0 0 0 0 0 0 1 1 0
 42 42 41 37 37 34 33 33 29 29 22 23 23 19 16 16 10 10 8 4 4 3 3 3 1 1 0 0 0 1 3 3 3 3 1 0 0 1 0 0 2 2 2 3 3 1
 45 45 42 40 40 29 31 31 23 23 27 20 20 16 15 15 14 14 14 8 8 3 4 4 3 3 0 1 1 1 2 2 2 2 1 1 1 1 1 1 2 2 8 7 7 7
 45 45 42 40 40 29 31 31 23 23 27 20 20 16 15 15 14 14 14 8 8 3 4 4 3 3 0 1 1 1 2 2 2 2 1 1 1 1 1 1 2 2 8 7 7 7
 57 57 49 37 37 33 34 34 26 26 28 19 19 18 21 21 16 16 12 6 6 4 3 3 4 4 1 1 1 1 2 2 2 2 2 3 3 3 2 2 2 2 6 7 7 12
 54 54 52 32 32 31 22 22 21 21 25 15 15 22 21 21 15 15 11 7 7 5 3 3 4 4 2 1 1 0 0 0 2 2 6 8 8 8 2 2 2 2 1 1 1 2
 54 54 52 32 32 31 22 22 21 21 25 15 15 22 21 21 15 15 11 7 7 5 3 3 4 4 2 1 1 0 0 0 2 2 6 8 8 8 2 2 2 2 1 1 1 2
 50 50 52 36 36 35 17 17 15 15 15 13 13 14 14 14 11 11 8 5 5 2 2 2 2 2 2 0 0 0 1 1 1 1 5 6 6 4 12 12 3 3 2 2 2 3
 50 50 52 36 36 35 17 17 15 15 15 13 13 14 14 14 11 11 8 5 5 2 2 2 2 2 2 0 0 0 1 1 1 1 5 6 6 4 12 12 3 3 2 2 2 3
 49 49 44 35 35 32 19 19 15 15 13 13 13 13 10 10 9 9 8 7 7 2 2 2 2 2 2 0 0 0 0 0 1 1 6 7 7 11 10 10 3 3 2 2 2 4
 39 39 40 31 31 32 22 22 18 18 14 14 14 14 13 13 9 9 8 6 6 3 4 4 3 3 3 2 2 1 1 1 1 1 1 7 7 2 2 2 4 4 4 1 1 1
 39 39 40 31 31 32 22 22 18 18 14 14 14 14 13 13 9 9 8 6 6 3 4 4 3 3 3 2 2 1 1 1 1 1 1 7 7 2 2 2 4 4 4 1 1 1
 32 32 30 27 27 18 21 21 22 22 16 16 16 16 17 17 14 14 11 12 12 6 4 4 3 3 2 1 1 2 1 1 1 1 1 1 1 1 1 1 1 1 3 0 0 0
 27 27 20 19 19 18 15 15 22 22 17 15 15 12 14 14 21 21 20 18 18 8 5 5 2 2 2 3 3 3 2 2 0 0 0 0 0 2 0 0 0 0 0 0 0 0
 27 27 20 19 19 18 15 15 22 22 17 15 15 12 14 14 21 21 20 18 18 8 5 5 2 2 2 3 3 3 2 2 0 0 0 0 0 2 0 0 0 0 0 0 0 0
 15 15 14 13 13 13 13 13 16 16 13 12 12 12 14 14 16 16 19 17 17 7 4 4 2 2 5 4 4 3 2 2 2 2 1 0 0 0 1 1 2 2 0 1 1 1
 15 15 14 13 13 13 13 13 16 16 13 12 12 12 14 14 16 16 19 17 17 7 4 4 2 2 5 4 4 3 2 2 2 2 1 0 0 0 1 1 2 2 0 1 1 1
 11 11 11 11 11 12 10 10 11 11 11 11 11 10 12 12 13 13 15 14 14 10 8 8 2 2 6 4 4 2 1 1 2 2 2 0 0 0 0 0 0 0 1 1 1 2
 8 8 10 9 9 8 8 8 9 9 9 12 12 13 13 13 17 17 16 13 13 10 7 7 3 3 4 4 4 4 3 3 3 3 2 1 1 1 1 1 2 2 3 3 3 3
 8 8 10 9 9 8 8 8 9 9 9 12 12 13 13 13 17 17 16 13 13 10 7 7 3 3 4 4 4 4 3 3 3 3 2 1 1 1 1 1 2 2 3 3 3 3
 9 9 8 9 9 8 8 8 7 7 8 8 8 10 14 14 15 15 16 14 14 12 7 7 5 5 5 4 4 4 5 5 6 6 3 2 2 2 2 2 2 2 3 3 3 3
 11 11 10 11 11 8 7 7 6 6 6 7 7 8 14 14 14 14 12 12 12 18 9 9 8 8 9 5 5 2 9 9 5 5 4 2 2 2 2 2 2 2 1 1 1 1
 11 11 10 11 11 8 7 7 6 6 6 7 7 8 14 14 14 14 12 12 12 18 9 9 8 8 9 5 5 2 9 9 5 5 4 2 2 2 2 2 2 2 1 1 1 1
 16 16 16 13 13 12 7 7 5 5 5 6 6 8 9 9 13 13 23 23 23 17 22 22 9 9 8 9 9 2 2 2 3 3 2 2 2 2 1 1 1 1 1 0 0 0
 16 16 16 13 13 12 7 7 5 5 5 6 6 8 9 9 13 13 23 23 23 17 22 22 9 9 8 9 9 2 2 2 3 3 2 2 2 2 1 1 1 1 1 0 0 0
 18 18 18 15 15 13 7 7 5 5 4 5 5 6 10 10 15 15 17 20 20 28 28 28 7 7 9 10 10 2 6 6 5 5 3 1 1 1 1 1 1 1 0 0 0 0
 16 16 18 17 17 16 11 11 6 6 4 5 5 7 11 11 14 14 21 22 22 34 32 32 26 26 20 29 29 12 7 7 2 2 2 0 0 0 0 0 0 0 0 0 0 0
 16 16 18 17 17 16 11 11 6 6 4 5 5 7 11 11 14 14 21 22 22 34 32 32 26 26 20 29 29 12 7 7 2 2 2 0 0 0 0 0 0 0 0 0 0 0
 15 15 16 16 16 15 14 14 10 10 7 7 7 8 7 7 10 10 11 15 15 13 16 16 23 23 22 31 31 12 10 10 4 4 3 1 1 1 0 0 0 0 0 0 0 0
 14 14 15 15 15 14 14 14 12 12 10 9 9 8 9 9 9 9 10 10 10 11 12 12 13 13 14 17 17 12 11 11 7 7 6 4 4 2 0 0 0 0 0 0 0 0
 14 14 15 15 15 14 14 14 12 12 10 9 9 8 9 9 9 9 10 10 10 11 12 12 13 13 14 17 17 12 11 11 7 7 6 4 4 2 0 0 0 0 0 0 0 0
 12 12 14 14 14 14 14 14 11 11 9 9 9 8 9 9 9 9 10 10 10 13 14 14 16 16 13 12 12 11 12 12 10 10 9 10 10 3 2 2 3 3 3 1 1 0
 12 12 14 14 14 14 14 14 11 11 9 9 9 8 9 9 9 9 10 10 10 13 14 14 16 16 13 12 12 11 12 12 10 10 9 10 10 3 2 2 3 3 3 1 1 0
 11 11 13 14 14 13 15 15 13 13 12 12 12 10 9 9 10 10 10 10 10 11 13 13 19 19 16 14 14 12 9 9 7 7 8 9 9 7 4 4 3 3 4 3 3 1
 11 11 12 13 13 13 13 13 12 12 12 11 11 11 11 11 10 10 9 10 10 9 11 11 12 12 18 17 17 14 12 12 8 8 7 7 7 4 7 7 6 6 6 2 2 2
 11 11 12 13 13 13 13 13 12 12 12 11 11 11 11 11 10 10 9 10 10 9 11 11 12 12 18 17 17 14 12 12 8 8 7 7 7 4 7 7 6 6 6 2 2 2
 10 10 11 12 12 12 10 10 11 11 11 11 11 11 11 11 10 10 10 10 10 11 9 9 8 8 7 9 9 13 13 13 12 12 6 6 6 4 6 6 2 2 3 4 4 2
 10 10 11 11 11 12 11 11 9 9 8 11 11 12 11 11 11 11 10 10 10 11 13 13 10 10 7 6 6 8 7 7 8 8 8 10 10 6 4 4 1 1 3 5 5 6
