assets/RAT_results/precipitation/2022-09-05_IMERG.asc
ncols        46
nrows        77
xllcorner    74.800261325624
yllcorner    8.058333333333
cellsize     0.062500000000
NODATA_value -9999
 7 7 8 8 8 13 12 12 11 11 10 12 12 13 17 17 23 23 32 30 30 31 22 22 19 19 30 25 25 35 36 36 31 31 26 26 26 35 32 32 26 26 27 28 28 35
 7 7 10 12 12 13 9 9 7 7 5 6 6 8 11 11 20 20 20 18 18 20 18 18 25 25 26 16 16 20 25 25 23 23 19 23 23 19 32 32 23 23 25 31 31 44
 7 7 10 12 12 13 9 9 7 7 5 6 6 8 11 11 20 20 20 18 18 20 18 18 25 25 26 16 16 20 25 25 23 23 19 23 23 19 32 32 23 23 25 31 31 44
 9 9 13 19 19 18 8 8 5 5 4 4 4 4 5 5 9 9 14 20 20 13 17 17 21 21 21 15 15 19 33 33 19 19 14 16 16 20 27 27 22 22 27 26 26 35
 12 12 17 16 16 15 7 7 3 3 1 2 2 3 2 2 6 6 9 13 13 15 14 14 20 20 18 19 19 18 20 20 21 21 20 19 19 16 18 18 16 16 21 29 29 34
 12 12 17 16 16 15 7 7 3 3 1 2 2 3 2 2 6 6 9 13 13 15 14 14 20 20 18 19 19 18 20 20 21 21 20 19 19 16 18 18 16 16 21 29 29 34
 9 9 8 17 17 16 9 9 3 3 1 3 3 1 1 1 2 2 3 7 7 9 9 9 7 7 10 14 14 14 13 13 12 12 17 22 22 25 27 27 26 26 25 23 23 31
 9 9 8 17 17 16 9 9 3 3 1 3 3 1 1 1 2 2 3 7 7 9 9 9 7 7 10 14 14 14 13 13 12 12 17 22 22 25 27 27 26 26 25 23 23 31
 11 11 11 18 18 20 23 23 14 14 4 3 3 2 1 1 1 1 1 3 3 4 4 4 4 4 6 7 7 5 6 6 8 8 14 19 19 23 28 28 31 31 27 23 23 33
 22 22 12 19 19 17 16 16 13 13 3 3 3 3 0 0 0 0 0 0 0 1 2 2 2 2 3 4 4 3 7 7 9 9 19 18 18 18 18 18 20 20 23 22 22 30
 22 22 12 19 19 17 16 16 13 13 3 3 3 3 0 0 0 0 0 0 0 1 2 2 2 2 3 4 4 3 7 7 9 9 19 18 18 18 18 18 20 20 23 22 22 30
 46 46 14 9 9 16 10 10 8 8 4 2 2 1 1 1 0 0 0 1 1 0 1 1 1 1 2 2 2 5 8 8 10 10 11 17 17 19 16 16 19 19 19 16 16 8
 46 46 9 6 6 11 8 8 8 8 10 5 5 2 2 2 1 1 1 1 1 1 1 1 2 2 2 2 2 5 5 5 6 6 5 11 11 17 13 13 12 12 9 7 7 4
 46 46 9 6 6 11 8 8 8 8 10 5 5 2 2 2 1 1 1 1 1 1 1 1 2 2 2 2 2 5 5 5 6 6 5 11 11 17 13 13 12 12 9 7 7 4
 20 20 11 5 5 5 6 6 8 8 10 9 9 5 7 7 4 4 2 2 2 2 2 2 1 1 2 1 1 1 3 3 3 3 3 11 11 19 18 18 8 8 8 3 3 1
 20 20 11 5 5 5 6 6 8 8 10 9 9 5 7 7 4 4 2 2 2 2 2 2 1 1 2 1 1 1 3 3 3 3 3 11 11 19 18 18 8 8 8 3 3 1
 11 11 7 5 5 3 3 3 5 5 6 7 7 7 11 11 9 9 4 3 3 3 1 1 1 1 1 1 1 1 1 1 3 3 4 7 7 12 10 10 4 4 5 3 3 2
 8 8 8 8 8 7 6 6 2 2 4 5 5 5 7 7 6 6 4 7 7 11 2 2 0 0 0 1 1 1 0 0 2 2 4 4 4 5 6 6 6 6 7 4 4 2
 8 8 8 8 8 7 6 6 2 2 4 5 5 5 7 7 6 6 4 7 7 11 2 2 0 0 0 1 1 1 0 0 2 2 4 4 4 5 6 6 6 6 7 4 4 2
 15 15 12 12 12 11 7 7 5 5 3 7 7 5 4 4 3 3 3 4 4 4 1 1 0 0 0 2 2 2 1 1 1 1 1 2 2 4 4 4 4 4 6 6 6 7
 26 26 25 25 25 19 15 15 10 10 7 10 10 8 5 5 3 3 2 1 1 1 0 0 0 0 1 4 4 4 2 2 1 1 1 2 2 5 5 5 9 9 5 7 7 7
 26 26 25 25 25 19 15 15 10 10 7 10 10 8 5 5 3 3 2 1 1 1 0 0 0 0 1 4 4 4 2 2 1 1 1 2 2 5 5 5 9 9 5 7 7 7
 37 37 33 34 34 19 14 14 13 13 13 6 6 8 5 5 3 3 3 1 1 1 2 2 1 1 2 3 3 3 2 2 1 1 1 1 1 4 4 4 9 9 4 5 5 5
 37 37 33 34 34 19 14 14 13 13 13 6 6 8 5 5 3 3 3 1 1 1 2 2 1 1 2 3 3 3 2 2 1 1 1 1 1 4 4 4 9 9 4 5 5 5
 40 40 35 36 36 32 24 24 17 17 9 7 7 8 6 6 3 3 3 2 2 1 1 1 2 2 2 2 2 2 2 2 1 1 1 1 1 1 2 2 2 2 11 3 3 15
 38 38 28 22 22 14 25 25 14 14 10 8 8 7 9 9 7 7 5 4 4 2 1 1 2 2 2 1 1 3 2 2 1 1 2 3 3 2 2 2 11 11 11 15 15 15
 38 38 28 22 22 14 25 25 14 14 10 8 8 7 9 9 7 7 5 4 4 2 1 1 2 2 2 1 1 3 2 2 1 1 2 3 3 2 2 2 11 11 11 15 15 15
 38 38 28 19 19 13 11 11 10 10 11 9 9 7 12 12 12 12 10 12 12 8 4 4 2 2 1 1 1 1 1 1 2 2 3 3 3 2 3 3 12 12 9 5 5 5
 32 32 23 17 17 12 11 11 11 11 11 10 10 10 10 10 13 13 15 15 15 14 15 15 11 11 5 2 2 1 1 1 2 2 3 3 3 4 5 5 11 11 12 8 8 7
 32 32 23 17 17 12 11 11 11 11 11 10 10 10 10 10 13 13 15 15 15 14 15 15 11 11 5 2 2 1 1 1 2 2 3 3 3 4 5 5 11 11 12 8 8 7
 28 28 15 15 15 11 10 10 10 10 10 11 11 11 7 7 11 11 36 35 35 19 18 18 18 18 19 13 13 3 2 2 2 2 3 3 3 4 7 7 7 7 9 8 8 10
 28 28 15 15 15 11 10 10 10 10 10 11 11 11 7 7 11 11 36 35 35 19 18 18 18 18 19 13 13 3 2 2 2 2 3 3 3 4 7 7 7 7 9 8 8 10
 22 22 16 15 15 12 12 12 12 12 11 12 12 44 40 40 46 46 37 36 36 27 19 19 20 20 22 18 18 9 6 6 4 4 4 4 4 5 9 9 8 8 8 8 8 30
 21 21 18 16 16 13 13 13 12 12 14 13 13 41 79 79 78 78 34 36 36 43 25 25 25 25 14 15 15 12 10 10 8 8 7 6 6 5 8 8 8 8 11 9 9 28
 21 21 18 16 16 13 13 13 12 12 14 13 13 41 79 79 78 78 34 36 36 43 25 25 25 25 14 15 15 12 10 10 8 8 7 6 6 5 8 8 8 8 11 9 9 28
 24 24 20 15 15 16 18 18 22 22 50 51 51 76 78 78 76 76 44 46 46 41 32 32 23 23 11 11 11 10 10 10 13 13 18 7 7 5 5 5 6 6 5 7 7 15
 24 24 21 19 19 21 27 27 27 27 67 180 180 175 64 64 47 47 65 61 61 58 35 35 23 23 22 7 7 8 10 10 17 17 15 7 7 4 3 3 5 5 6 10 10 9
 24 24 21 19 19 21 27 27 27 27 67 180 180 175 64 64 47 47 65 61 61 58 35 35 23 23 22 7 7 8 10 10 17 17 15 7 7 4 3 3 5 5 6 10 10 9
 24 24 22 20 20 35 36 36 60 60 215 197 197 194 64 64 72 72 65 59 59 61 86 86 48 48 43 24 24 22 14 14 12 12 10 8 8 7 6 6 4 4 5 7 7 11
 24 24 22 20 20 35 36 36 60 60 215 197 197 194 64 64 72 72 65 59 59 61 86 86 48 48 43 24 24 22 14 14 12 12 10 8 8 7 6 6 4 4 5 7 7 11
 30 30 27 24 24 37 43 43 64 64 75 63 63 52 77 77 95 95 89 64 64 97 94 94 57 57 55 32 32 29 17 17 14 14 14 24 24 13 10 10 10 10 11 8 8 8
 40 40 36 47 47 51 80 80 112 112 88 67 67 74 79 79 96 96 89 78 78 81 77 77 70 70 66 48 48 39 30 30 14 14 16 20 20 19 16 16 19 19 19 12 12 19
 40 40 36 47 47 51 80 80 112 112 88 67 67 74 79 79 96 96 89 78 78 81 77 77 70 70 66 48 48 39 30 30 14 14 16 20 20 19 16 16 19 19 19 12 12 19
 90 90 82 74 74 249 158 158 179 179 131 102 102 98 101 101 103 103 86 94 94 78 82 82 73 73 58 45 45 36 29 29 23 23 18 24 24 30 18 18 29 29 21 15 15 17
 233 233 365 284 284 275 165 165 172 172 132 129 129 98 98 98 82 82 85 86 86 61 80 80 70 70 56 47 47 38 28 28 26 26 22 28 28 37 23 23 26 26 15 13 13 10
 233 233 365 284 284 275 165 165 172 172 132 129 129 98 98 98 82 82 85 86 86 61 80 80 70 70 56 47 47 38 28 28 26 26 22 28 28 37 23 23 26 26 15 13 13 10
 264 264 398 151 151 160 235 235 223 223 92 119 119 106 86 86 67 67 74 95 95 67 51 51 52 52 46 37 37 34 26 26 25 25 24 26 26 22 16 16 15 15 14 6 6 4
 264 264 398 151 151 160 235 235 223 223 92 119 119 106 86 86 67 67 74 95 95 67 51 51 52 52 46 37 37 34 26 26 25 25 24 26 26 22 16 16 15 15 14 6 6 4
 394 394 336 348 348 328 115 115 106 106 81 112 112 78 65 65 54 54 62 80 80 41 32 32 47 47 42 30 30 30 19 19 11 11 12 13 13 12 6 6 15 15 14 4 4 3
 407 407 356 330 330 111 72 72 61 61 57 61 61 75 77 77 26 26 20 36 36 34 22 22 34 34 29 26 26 27 19 19 9 9 6 6 6 4 4 4 8 8 8 3 3 3
 407 407 356 330 330 111 72 72 61 61 57 61 61 75 77 77 26 26 20 36 36 34 22 22 34 34 29 26 26 27 19 19 9 9 6 6 6 4 4 4 8 8 8 3 3 3
 254 254 258 151 151 109 65 65 49 49 24 31 31 46 35 35 24 24 20 30 30 30 16 16 27 27 34 24 24 18 16 16 16 16 10 15 15 5 5 5 6 6 3 4 4 3
 270 270 148 98 98 71 50 50 24 24 19 17 17 34 15 15 11 11 10 23 23 23 24 24 31 31 33 24 24 22 22 22 17 17 12 12 12 10 8 8 8 8 7 5 5 5
 270 270 148 98 98 71 50 50 24 24 19 17 17 34 15 15 11 11 10 23 23 23 24 24 31 31 33 24 24 22 22 22 17 17 12 12 12 10 8 8 8 8 7 5 5 5
 149 149 125 80 80 213 33 33 16 16 8 9 9 6 8 8 6 6 8 21 21 14 17 17 29 29 33 26 26 27 28 28 21 21 17 14 14 14 14 14 15 15 10 6 6 6
 149 149 125 80 80 213 33 33 16 16 8 9 9 6 8 8 6 6 8 21 21 14 17 17 29 29 33 26 26 27 28 28 21 21 17 14 14 14 14 14 15 15 10 6 6 6
 188 188 270 209 209 196 27 27 12 12 6 6 6 5 6 6 5 5 7 7 7 12 14 14 23 23 36 44 44 33 24 24 18 18 18 19 19 18 10 10 9 9 7 5 5 4
 173 173 149 133 133 59 20 20 10 10 5 5 5 4 5 5 6 6 6 6 6 5 6 6 12 12 31 34 34 28 24 24 21 21 17 17 17 18 10 10 7 7 6 5 5 4
 173 173 149 133 133 59 20 20 10 10 5 5 5 4 5 5 6 6 6 6 6 5 6 6 12 12 31 34 34 28 24 24 21 21 17 17 17 18 10 10 7 7 6 5 5 4
 185 185 137 119 119 54 16 16 15 15 6 4 4 4 5 5 4 4 6 6 6 6 7 7 8 8 21 24 24 18 15 15 11 11 9 12 12 8 7 7 5 5 4 8 8 5
 146 146 129 78 78 38 19 19 15 15 7 8 8 6 6 6 5 5 5 5 5 4 5 5 6 6 12 11 11 7 7 7 6 6 5 6 6 5 6 6 4 4 5 3 3 3
 146 146 129 78 78 38 19 19 15 15 7 8 8 6 6 6 5 5 5 5 5 4 5 5 6 6 12 11 11 7 7 7 6 6 5 6 6 5 6 6 4 4 5 3 3 3
 147 147 144 93 93 38 33 33 26 26 12 9 9 9 8 8 4 4 5 6 6 6 8 8 5 5 8 5 5 4 3 3 3 3 2 5 5 9 4 4 4 4 4 4 4 3
 147 147 144 93 93 38 33 33 26 26 12 9 9 9 8 8 4 4 5 6 6 6 8 8 5 5 8 5 5 4 3 3 3 3 2 5 5 9 4 4 4 4 4 4 4 3
 132 132 94 91 91 53 60 60 52 52 19 19 19 14 23 23 10 10 12 10 10 13 11 11 8 8 9 4 4 4 3 3 2 2 2 5 5 8 18 18 5 5 3 1 1 1
 145 145 113 83 83 72 60 60 65 65 45 49 49 53 57 57 26 26 19 14 14 15 11 11 9 9 7 8 8 9 5 5 4 4 4 3 3 9 23 23 12 12 4 2 2 2
 145 145 113 83 83 72 60 60 65 65 45 49 49 53 57 57 26 26 19 14 14 15 11 11 9 9 7 8 8 9 5 5 4 4 4 3 3 9 23 23 12 12 4 2 2 2
 134 134 118 99 99 85 79 79 78 78 75 71 71 113 100 100 80 80 34 32 32 23 13 13 10 10 8 8 8 5 8 8 6 6 6 5 5 10 18 18 19 19 10 3 3 3
 104 104 103 99 99 94 86 86 86 86 104 99 99 309 119 119 98 98 43 33 33 28 17 17 11 11 12 10 10 7 5 5 7 7 7 4 4 7 3 3 4 4 7 2 2 1
 104 104 103 99 99 94 86 86 86 86 104 99 99 309 119 119 98 98 43 33 33 28 17 17 11 11 12 10 10 7 5 5 7 7 7 4 4 7 3 3 4 4 7 2 2 1
 89 89 90 90 90 91 89 89 94 94 112 97 97 298 307 307 87 87 63 60 60 25 19 19 13 13 11 11 11 9 8 8 4 4 4 2 2 3 3 3 2 2 4 1 1 1
 89 89 90 90 90 91 89 89 94 94 112 97 97 298 307 307 87 87 63 60 60 25 19 19 13 13 11 11 11 9 8 8 4 4 4 2 2 3 3 3 2 2 4 1 1 1
 81 81 82 81 81 79 84 84 86 86 84 94 94 100 97 97 83 83 97 23 23 28 15 15 11 11 10 9 9 10 5 5 2 2 2 1 1 1 1 1 1 1 1 0 0 0
 85 85 90 95 95 90 79 79 74 74 73 76 76 99 102 102 84 84 74 30 30 27 11 11 8 8 7 6 6 5 3 3 3 3 4 5 5 4 6 6 2 2 1 0 0 0
 85 85 90 95 95 90 79 79 74 74 73 76 76 99 102 102 84 84 74 30 30 27 11 11 8 8 7 6 6 5 3 3 3 3 4 5 5 4 6 6 2 2 1 0 0 0
 80 80 90 102 102 106 95 95 96 96 95 77 77 83 83 83 74 74 64 50 50 32 17 17 8 8 5 5 5 4 5 5 6 6 7 12 12 13 8 8 2 2 1 0 0 0
 83 83 88 94 94 102 97 97 118 118 114 111 111 115 122 122 80 80 64 51 51 32 33 33 12 12 8 10 10 8 7 7 4 4 5 3 3 11 5 5 3 3 1 0 0 0
