assets/RAT_results/precipitation/2022-12-08_IMERG.asc
ncols        46
nrows        77
xllcorner    74.800261325624
yllcorner    8.058333333333
cellsize     0.062500000000
NODATA_value -9999
 1 1 3 3 3 2 2 2 1 1 1 1 1 1 1 1 2 2 2 1 1 2 0 0 1 1 1 3 3 3 3 3 3 3 3 7 7 6 6 6 6 6 6 8 8 10
 0 0 1 2 2 2 2 2 1 1 1 2 2 1 1 1 1 1 1 1 1 1 1 1 1 1 3 3 3 3 4 4 2 2 3 3 3 4 5 5 7 7 7 9 9 10
 0 0 1 2 2 2 2 2 1 1 1 2 2 1 1 1 1 1 1 1 1 1 1 1 1 1 3 3 3 3 4 4 2 2 3 3 3 4 5 5 7 7 7 9 9 10
 0 0 0 0 0 0 1 1 2 2 3 4 4 2 2 2 1 1 1 2 2 2 2 2 2 2 2 3 3 6 6 6 6 6 4 2 2 4 4 4 8 8 9 4 4 7
 0 0 0 0 0 0 1 1 2 2 3 3 3 2 2 2 2 2 1 3 3 3 4 4 5 5 6 9 9 8 9 9 7 7 4 4 4 4 5 5 7 7 9 6 6 7
 0 0 0 0 0 0 1 1 2 2 3 3 3 2 2 2 2 2 1 3 3 3 4 4 5 5 6 9 9 8 9 9 7 7 4 4 4 4 5 5 7 7 9 6 6 7
 0 0 0 0 0 1 2 2 3 3 2 3 3 3 2 2 2 2 3 4 4 6 8 8 10 10 11 12 12 11 10 10 8 8 7 8 8 9 8 8 6 6 6 7 7 5
 0 0 0 0 0 1 2 2 3 3 2 3 3 3 2 2 2 2 3 4 4 6 8 8 10 10 11 12 12 11 10 10 8 8 7 8 8 9 8 8 6 6 6 7 7 5
 0 0 0 2 2 4 9 9 7 7 2 2 2 3 3 3 3 3 6 9 9 10 11 11 12 12 14 13 13 12 10 10 9 9 9 11 11 13 12 12 10 10 8 6 6 9
 0 0 0 4 4 6 8 8 6 6 2 2 2 3 3 3 5 5 8 8 8 9 10 10 10 10 11 11 11 11 11 11 12 12 15 15 15 14 14 14 14 14 12 11 11 14
 0 0 0 4 4 6 8 8 6 6 2 2 2 3 3 3 5 5 8 8 8 9 10 10 10 10 11 11 11 11 11 11 12 12 15 15 15 14 14 14 14 14 12 11 11 14
 0 0 0 1 1 4 5 5 5 5 3 2 2 1 2 2 4 4 6 7 7 9 14 14 12 12 12 14 14 14 14 14 12 12 13 14 14 14 14 14 13 13 15 14 14 17
 0 0 0 1 1 3 7 7 9 9 5 4 4 4 6 6 5 5 6 7 7 14 19 19 18 18 16 15 15 16 15 15 15 15 17 16 16 15 12 12 12 12 14 16 16 15
 0 0 0 1 1 3 7 7 9 9 5 4 4 4 6 6 5 5 6 7 7 14 19 19 18 18 16 15 15 16 15 15 15 15 17 16 16 15 12 12 12 12 14 16 16 15
 0 0 0 1 1 1 7 7 8 8 9 11 11 16 15 15 14 14 11 11 11 14 18 18 23 23 24 24 24 22 20 20 16 16 15 19 19 17 14 14 13 13 12 16 16 16
 0 0 0 1 1 1 7 7 8 8 9 11 11 16 15 15 14 14 11 11 11 14 18 18 23 23 24 24 24 22 20 20 16 16 15 19 19 17 14 14 13 13 12 16 16 16
 1 1 0 0 0 0 1 1 5 5 8 9 9 9 9 9 6 6 6 9 9 13 15 15 19 19 22 24 24 24 23 23 19 19 19 20 20 18 15 15 14 14 12 13 13 13
 0 0 0 0 0 0 0 0 0 0 1 1 1 2 2 2 2 2 4 6 6 9 10 10 13 13 17 21 21 23 21 21 19 19 17 16 16 17 16 16 14 14 12 10 10 10
 0 0 0 0 0 0 0 0 0 0 1 1 1 2 2 2 2 2 4 6 6 9 10 10 13 13 17 21 21 23 21 21 19 19 17 16 16 17 16 16 14 14 12 10 10 10
 0 0 0 0 0 0 0 0 0 0 0 0 0 2 2 2 3 3 5 6 6 7 9 9 9 9 16 19 19 20 19 19 18 18 17 16 16 17 17 17 15 15 13 10 10 10
 0 0 0 0 0 0 0 0 0 0 0 0 0 2 3 3 8 8 6 6 6 7 8 8 11 11 14 16 16 18 17 17 15 15 14 14 14 17 16 16 16 16 11 11 11 11
 0 0 0 0 0 0 0 0 0 0 0 0 0 2 3 3 8 8 6 6 6 7 8 8 11 11 14 16 16 18 17 17 15 15 14 14 14 17 16 16 16 16 11 11 11 11
 0 0 0 0 0 0 0 0 0 0 0 0 0 2 2 2 8 8 6 6 6 6 7 7 9 9 11 15 15 20 19 19 13 13 12 10 10 12 13 13 15 15 14 11 11 10
 0 0 0 0 0 0 0 0 0 0 0 0 0 2 2 2 8 8 6 6 6 6 7 7 9 9 11 15 15 20 19 19 13 13 12 10 10 12 13 13 15 15 14 11 11 10
 0 0 0 0 0 0 0 0 0 0 0 0 0 0 2 2 7 7 8 6 6 6 7 7 10 10 11 13 13 19 19 19 16 16 14 11 11 10 10 10 13 13 14 12 12 12
 0 0 0 0 0 0 0 0 0 0 0 0 0 0 2 2 6 6 8 7 7 6 7 7 7 7 11 13 13 13 16 16 15 15 13 10 10 9 10 10 12 12 15 11 11 13
 0 0 0 0 0 0 0 0 0 0 0 0 0 0 2 2 6 6 8 7 7 6 7 7 7 7 11 13 13 13 16 16 15 15 13 10 10 9 10 10 12 12 15 11 11 13
 0 0 0 0 0 0 0 0 0 0 0 0 0 0 2 2 6 6 8 7 7 6 7 7 7 7 10 10 10 11 12 12 11 11 14 12 12 9 8 8 9 9 10 10 10 11
 0 0 0 0 0 0 0 0 0 0 0 0 0 0 1 1 4 4 9 6 6 5 6 6 5 5 8 11 11 9 11 11 10 10 11 10 10 9 10 10 9 9 10 13 13 10
 0 0 0 0 0 0 0 0 0 0 0 0 0 0 1 1 4 4 9 6 6 5 6 6 5 5 8 11 11 9 11 11 10 10 11 10 10 9 10 10 9 9 10 13 13 10
 0 0 0 0 0 0 0 0 0 0 0 0 0 0 1 1 3 3 9 6 6 5 5 5 6 6 4 7 7 7 10 10 11 11 11 11 11 10 11 11 10 10 12 12 12 9
 0 0 0 0 0 0 0 0 0 0 0 0 0 0 1 1 3 3 9 6 6 5 5 5 6 6 4 7 7 7 10 10 11 11 11 11 11 10 11 11 10 10 12 12 12 9
 0 0 0 0 0 0 0 0 0 0 0 0 0 0 1 1 2 2 10 6 6 5 4 4 4 4 3 5 5 8 10 10 10 10 11 11 11 9 11 11 11 11 13 13 13 10
 0 0 0 0 0 0 0 0 0 0 0 0 0 0 1 1 3 3 9 6 6 5 3 3 3 3 5 5 5 9 10 10 13 13 12 11 11 9 10 10 11 11 14 14 14 11
 0 0 0 0 0 0 0 0 0 0 0 0 0 0 1 1 3 3 9 6 6 5 3 3 3 3 5 5 5 9 10 10 13 13 12 11 11 9 10 10 11 11 14 14 14 11
 0 0 0 0 0 0 0 0 1 1 1 1 1 1 2 2 3 3 6 6 6 5 7 7 6 6 6 6 6 9 10 10 12 12 14 10 10 10 9 9 10 10 11 9 9 12
 0 0 0 0 0 0 0 0 1 1 2 1 1 1 1 1 2 2 4 5 5 6 7 7 6 6 7 6 6 10 13 13 13 13 12 13 13 11 10 10 11 11 10 9 9 9
 0 0 0 0 0 0 0 0 1 1 2 1 1 1 1 1 2 2 4 5 5 6 7 7 6 6 7 6 6 10 13 13 13 13 12 13 13 11 10 10 11 11 10 9 9 9
 0 0 0 0 0 0 1 1 2 2 2 2 2 1 1 1 1 1 3 5 5 8 8 8 6 6 7 11 11 13 12 12 12 12 13 16 16 17 11 11 12 12 12 16 16 10
 0 0 0 0 0 0 1 1 2 2 2 2 2 1 1 1 1 1 3 5 5 8 8 8 6 6 7 11 11 13 12 12 12 12 13 16 16 17 11 11 12 12 12 16 16 10
 0 0 0 0 0 1 1 1 1 1 2 2 2 1 1 1 1 1 2 3 3 7 7 7 6 6 8 13 13 18 17 17 14 14 16 18 18 21 16 16 15 15 18 17 17 10
 0 0 0 0 0 1 1 1 1 1 1 1 1 1 1 1 1 1 1 2 2 3 5 5 7 7 8 10 10 12 11 11 14 14 17 17 17 19 19 19 23 23 24 23 23 12
 0 0 0 0 0 1 1 1 1 1 1 1 1 1 1 1 1 1 1 2 2 3 5 5 7 7 8 10 10 12 11 11 14 14 17 17 17 19 19 19 23 23 24 23 23 12
 0 0 0 1 1 1 1 1 1 1 1 1 1 1 1 1 1 1 2 2 2 3 5 5 4 4 6 7 7 8 8 8 10 10 11 11 11 19 24 24 23 23 23 22 22 17
 0 0 0 1 1 1 1 1 1 1 1 1 1 1 1 1 1 1 2 2 2 1 4 4 3 3 6 7 7 9 8 8 9 9 11 11 11 13 18 18 16 16 15 19 19 19
 0 0 0 1 1 1 1 1 1 1 1 1 1 1 1 1 1 1 2 2 2 1 4 4 3 3 6 7 7 9 8 8 9 9 11 11 11 13 18 18 16 16 15 19 19 19
 0 0 0 1 1 1 1 1 1 1 1 1 1 1 1 1 1 1 1 1 1 1 2 2 3 3 5 7 7 8 7 7 8 8 11 13 13 10 12 12 13 13 11 14 14 14
 0 0 0 1 1 1 1 1 1 1 1 1 1 1 1 1 1 1 1 1 1 1 2 2 3 3 5 7 7 8 7 7 8 8 11 13 13 10 12 12 13 13 11 14 14 14
 0 0 0 0 0 1 1 1 1 1 1 1 1 1 1 1 1 1 1 1 1 1 1 1 4 4 4 7 7 6 7 7 9 9 11 12 12 11 13 13 12 12 13 11 11 14
 0 0 0 1 1 1 1 1 1 1 1 1 1 1 1 1 1 1 1 1 1 1 3 3 5 5 5 8 8 6 6 6 7 7 6 11 11 12 12 12 15 15 19 16 16 15
 0 0 0 1 1 1 1 1 1 1 1 1 1 1 1 1 1 1 1 1 1 1 3 3 5 5 5 8 8 6 6 6 7 7 6 11 11 12 12 12 15 15 19 16 16 15
 0 0 0 1 1 3 3 3 1 1 0 1 1 1 1 1 1 1 1 1 1 1 2 2 6 6 6 8 8 5 5 5 6 6 7 12 12 12 14 14 16 16 23 15 15 15
 1 1 1 3 3 5 4 4 2 2 1 1 1 1 1 1 1 1 1 1 1 1 4 4 7 7 8 10 10 8 6 6 6 6 7 12 12 13 17 17 18 18 22 22 22 18
 1 1 1 3 3 5 4 4 2 2 1 1 1 1 1 1 1 1 1 1 1 1 4 4 7 7 8 10 10 8 6 6 6 6 7 12 12 13 17 17 18 18 22 22 22 18
 3 3 3 3 3 3 3 3 2 2 1 1 1 1 1 1 1 1 1 1 1 1 5 5 4 4 3 11 11 9 6 6 9 9 7 10 10 14 20 20 23 23 30 26 26 24
 3 3 3 3 3 3 3 3 2 2 1 1 1 1 1 1 1 1 1 1 1 1 5 5 4 4 3 11 11 9 6 6 9 9 7 10 10 14 20 20 23 23 30 26 26 24
 1 1 1 1 1 1 1 1 1 1 0 1 1 1 1 1 1 1 1 1 1 1 3 3 3 3 5 14 14 12 10 10 9 9 7 11 11 12 22 22 24 24 28 26 26 26
 0 0 0 0 0 1 1 1 0 0 0 0 0 1 1 1 1 1 1 1 1 1 1 1 3 3 4 5 5 15 15 15 15 15 10 13 13 15 21 21 28 28 28 30 30 31
 0 0 0 0 0 1 1 1 0 0 0 0 0 1 1 1 1 1 1 1 1 1 1 1 3 3 4 5 5 15 15 15 15 15 10 13 13 15 21 21 28 28 28 30 30 31
 0 0 0 0 0 0 0 0 0 0 0 0 0 0 1 1 1 1 1 1 1 1 0 0 0 0 0 6 6 15 15 15 17 17 18 19 19 16 20 20 23 23 25 29 29 31
 0 0 0 0 0 0 0 0 0 0 0 0 0 0 0 0 1 1 0 1 1 1 0 0 0 0 0 2 2 7 11 11 14 14 17 22 22 17 18 18 20 20 21 25 25 28
 0 0 0 0 0 0 0 0 0 0 0 0 0 0 0 0 1 1 0 1 1 1 0 0 0 0 0 2 2 7 11 11 14 14 17 22 22 17 18 18 20 20 21 25 25 28
 0 0 0 0 0 0 0 0 0 0 1 1 1 0 0 0 0 0 0 0 0 1 0 0 0 0 0 3 3 9 13 13 12 12 10 18 18 21 22 22 22 22 24 24 24 25
 0 0 0 0 0 0 0 0 0 0 1 1 1 0 0 0 0 0 0 0 0 1 0 0 0 0 0 3 3 9 13 13 12 12 10 18 18 21 22 22 22 22 24 24 24 25
 0 0 0 0 0 0 0 0 0 0 0 0 0 0 0 0 0 0 0 0 0 1 1 1 0 0 0 1 1 4 8 8 12 12 12 19 19 14 17 17 20 20 23 24 24 28
 0 0 0 0 0 0 0 0 0 0 0 0 0 0 0 0 0 0 0 0 0 0 0 0 0 0 0 1 1 2 6 6 10 10 11 14 14 13 14 14 17 17 21 26 26 25
 0 0 0 0 0 0 0 0 0 0 0 0 0 0 0 0 0 0 0 0 0 0 0 0 0 0 0 1 1 2 6 6 10 10 11 14 14 13 14 14 17 17 21 26 26 25
 0 0 1 0 0 0 0 0 0 0 0 0 0 0 0 0 0 0 0 0 0 0 0 0 0 0 0 0 0 1 5 5 9 9 13 12 12 11 13 13 18 18 18 21 21 27
 0 0 1 0 0 0 0 0 0 0 0 0 0 0 0 0 0 0 0 0 0 0 0 0 0 0 0 1 1 2 6 6 7 7 11 13 13 11 15 15 16 16 18 26 26 26
 0 0 1 0 0 0 0 0 0 0 0 0 0 0 0 0 0 0 0 0 0 0 0 0 0 0 0 1 1 2 6 6 7 7 11 13 13 11 15 15 16 16 18 26 26 26
 0 0 0 0 0 0 0 0 0 0 0 0 0 0 0 0 0 0 0 1 1 1 0 0 0 0 0 0 0 2 4 4 6 6 10 11 11 16 18 18 18 18 22 28 28 24
 0 0 0 0 0 0 0 0 0 0 0 0 0 0 0 0 0 0 0 1 1 1 0 0 0 0 0 0 0 2 4 4 6 6 10 11 11 16 18 18 18 18 22 28 28 24
 0 0 0 0 0 0 1 1 1 1 1 1 1 0 0 0 0 0 0 1 1 1 0 0 0 0 0 1 1 2 2 2 4 4 10 10 10 19 24 24 21 21 24 31 31 34
 1 1 1 1 1 2 3 3 3 3 3 2 2 2 1 1 1 1 1 3 3 3 3 3 4 4 4 2 2 1 2 2 4 4 5 6 6 16 23 23 24 24 25 29 29 35
 1 1 1 1 1 2 3 3 3 3 3 2 2 2 1 1 1 1 1 3 3 3 3 3 4 4 4 2 2 1 2 2 4 4 5 6 6 16 23 23 24 24 25 29 29 35
 2 2 1 1 1 2 2 2 3 3 4 4 4 4 4 4 3 3 2 2 2 3 7 7 7 7 6 4 4 3 1 1 3 3 4 6 6 7 15 15 28 28 33 31 31 44
 2 2 1 2 2 2 1 1 2 2 2 3 3 3 3 3 3 3 3 3 3 2 4 4 3 3 3 3 3 2 2 2 5 5 3 6 6 7 12 12 22 22 32 38 38 42
