assets/RAT_results/precipitation/2022-06-01_IMERG.asc
ncols        46
nrows        77
xllcorner    74.800261325624
yllcorner    8.058333333333
cellsize     0.062500000000
NODATA_value -9999
 1 1 0 0 0 0 0 0 0 0 0 0 0 0 0 0 0 0 0 0 0 0 0 0 0 0 0 0 0 1 0 0 0 0 0 0 0 0 0 0 0 0 0 0 0 0
 1 1 0 0 0 0 0 0 0 0 0 0 0 0 0 0 0 0 0 0 0 0 0 0 0 0 0 0 0 0 0 0 0 0 0 0 0 0 0 0 0 0 0 0 0 0
 1 1 0 0 0 0 0 0 0 0 0 0 0 0 0 0 0 0 0 0 0 0 0 0 0 0 0 0 0 0 0 0 0 0 0 0 0 0 0 0 0 0 0 0 0 0
 0 0 0 0 0 0 0 0 0 0 0 0 0 1 1 1 0 0 0 0 0 0 0 0 1 1 0 0 0 0 0 0 0 0 0 0 0 0 0 0 0 0 0 0 0 0
 7 7 0 2 2 1 2 2 2 2 0 2 2 1 0 0 0 0 3 0 0 0 0 0 6 6 0 0 0 0 0 0 0 0 0 0 0 0 0 0 0 0 0 0 0 0
 7 7 0 2 2 1 2 2 2 2 0 2 2 1 0 0 0 0 3 0 0 0 0 0 6 6 0 0 0 0 0 0 0 0 0 0 0 0 0 0 0 0 0 0 0 0
 1 1 0 3 3 3 8 8 8 8 6 3 3 2 3 3 0 0 1 0 0 0 0 0 2 2 0 0 0 0 0 0 0 0 0 0 0 0 0 0 0 0 0 0 0 0
 1 1 0 3 3 3 8 8 8 8 6 3 3 2 3 3 0 0 1 0 0 0 0 0 2 2 0 0 0 0 0 0 0 0 0 0 0 0 0 0 0 0 0 0 0 0
 3 3 6 5 5 4 3 3 2 2 5 5 5 4 2 2 0 0 0 0 0 0 0 0 0 0 0 0 0 0 0 0 0 0 0 0 0 0 0 0 0 0 0 0 0 0
 18 18 2 2 2 2 2 2 2 2 3 5 5 3 0 0 0 0 0 0 0 0 0 0 0 0 7 0 0 0 0 0 0 0 0 0 0 0 0 0 0 0 0 0 0 0
 18 18 2 2 2 2 2 2 2 2 3 5 5 3 0 0 0 0 0 0 0 0 0 0 0 0 7 0 0 0 0 0 0 0 0 0 0 0 0 0 0 0 0 0 0 0
 15 15 15 1 1 2 1 1 1 1 1 1 1 3 0 0 0 0 0 0 0 0 0 0 0 0 0 0 0 0 0 0 0 0 0 0 0 0 0 0 0 0 0 0 0 0
 23 23 24 7 7 2 1 1 1 1 1 1 1 0 0 0 3 3 0 0 0 0 0 0 0 0 0 0 0 0 0 0 0 0 0 0 0 0 0 0 0 0 0 0 0 0
 23 23 24 7 7 2 1 1 1 1 1 1 1 0 0 0 3 3 0 0 0 0 0 0 0 0 0 0 0 0 0 0 0 0 0 0 0 0 0 0 0 0 0 0 0 0
 23 23 23 6 6 7 1 1 1 1 1 0 0 0 0 0 0 0 0 0 0 0 0 0 0 0 0 0 0 0 0 0 0 0 0 0 0 0 0 0 0 0 0 0 0 0
 23 23 23 6 6 7 1 1 1 1 1 0 0 0 0 0 0 0 0 0 0 0 0 0 0 0 0 0 0 0 0 0 0 0 0 0 0 0 0 0 0 0 0 0 0 0
 29 29 23 23 23 23 1 1 1 1 1 1 1 1 1 1 1 1 0 0 0 0 0 0 0 0 0 2 2 0 0 0 0 0 0 0 0 0 0 0 0 0 0 0 0 0
 32 32 17 24 24 24 1 1 1 1 1 1 1 1 1 1 1 1 1 0 0 0 0 0 0 0 0 0 0 0 0 0 0 0 0 0 0 0 0 0 0 0 0 0 0 0
 32 32 17 24 24 24 1 1 1 1 1 1 1 1 1 1 1 1 1 0 0 0 0 0 0 0 0 0 0 0 0 0 0 0 0 0 0 0 0 0 0 0 0 0 0 0
 32 32 17 16 16 16 1 1 1 1 1 1 1 1 0 0 1 1 1 0 0 0 0 0 0 0 0 0 0 0 1 1 0 0 0 0 0 0 0 0 0 0 0 0 0 0
 27 27 3 2 2 2 1 1 1 1 1 1 1 1 1 1 1 1 1 0 0 0 0 0 0 0 0 0 0 0 2 2 5 5 0 0 0 0 0 0 0 0 0 0 0 0
 27 27 3 2 2 2 1 1 1 1 1 1 1 1 1 1 1 1 1 0 0 0 0 0 0 0 0 0 0 0 2 2 5 5 0 0 0 0 0 0 0 0 0 0 0 0
 24 24 3 3 3 3 2 2 1 1 1 1 1 1 1 1 1 1 0 0 0 0 0 0 0 0 2 0 0 1 6 6 11 11 3 5 5 0 0 0 0 0 0 0 0 0
 24 24 3 3 3 3 2 2 1 1 1 1 1 1 1 1 1 1 0 0 0 0 0 0 0 0 2 0 0 1 6 6 11 11 3 5 5 0 0 0 0 0 0 0 0 0
 2 2 2 2 2 1 1 1 1 1 1 1 1 1 1 1 1 1 0 0 0 0 0 0 0 0 0 0 0 1 1 1 0 0 0 0 0 0 0 0 0 0 0 0 0 0
 16 16 16 1 1 1 1 1 1 1 1 1 1 1 1 1 1 1 0 2 2 6 0 0 0 0 0 0 0 0 0 0 0 0 0 0 0 0 0 0 0 0 0 0 0 0
 16 16 16 1 1 1 1 1 1 1 1 1 1 1 1 1 1 1 0 2 2 6 0 0 0 0 0 0 0 0 0 0 0 0 0 0 0 0 0 0 0 0 0 0 0 0
 15 15 15 1 1 1 1 1 2 2 2 1 1 1 1 1 1 1 7 12 12 12 0 0 0 0 0 0 0 0 0 0 0 0 0 0 0 0 0 0 0 0 0 0 0 0
 7 7 8 2 2 1 1 1 2 2 2 1 1 1 1 1 5 5 5 5 5 8 8 8 8 8 7 0 0 0 0 0 0 0 0 0 0 0 0 0 0 0 0 0 0 0
 7 7 8 2 2 1 1 1 2 2 2 1 1 1 1 1 5 5 5 5 5 8 8 8 8 8 7 0 0 0 0 0 0 0 0 0 0 0 0 0 0 0 0 0 0 0
 1 1 8 2 2 1 1 1 1 1 1 1 1 1 1 1 1 1 3 2 2 5 5 5 2 2 1 0 0 0 0 0 0 0 0 0 0 0 0 0 0 0 0 0 0 0
 1 1 8 2 2 1 1 1 1 1 1 1 1 1 1 1 1 1 3 2 2 5 5 5 2 2 1 0 0 0 0 0 0 0 0 0 0 0 0 0 0 0 0 0 0 0
 1 1 1 1 1 1 1 1 1 1 2 1 1 1 1 1 1 1 3 2 2 1 1 1 0 0 0 0 0 0 0 0 0 0 0 0 0 0 0 0 0 0 0 0 0 0
 1 1 1 1 1 1 2 2 2 2 1 1 1 1 1 1 1 1 1 1 1 1 1 1 0 0 0 0 0 0 0 0 0 0 0 0 0 0 0 0 0 0 0 0 0 0
 1 1 1 1 1 1 2 2 2 2 1 1 1 1 1 1 1 1 1 1 1 1 1 1 0 0 0 0 0 0 0 0 0 0 0 0 0 0 0 0 0 0 0 0 0 0
 0 0 1 1 1 2 2 2 1 1 9 10 10 1 0 0 0 0 0 0 0 1 0 0 0 0 0 0 0 0 0 0 0 0 0 0 0 0 0 0 0 0 0 0 0 0
 1 1 1 1 1 1 1 1 1 1 10 10 10 1 0 0 0 0 0 0 0 0 0 0 0 0 0 0 0 0 0 0 0 0 0 0 0 0 0 0 0 0 0 0 0 0
 1 1 1 1 1 1 1 1 1 1 10 10 10 1 0 0 0 0 0 0 0 0 0 0 0 0 0 0 0 0 0 0 0 0 0 0 0 0 0 0 0 0 0 0 0 0
 2 2 1 1 1 1 1 1 2 2 19 20 20 9 7 7 0 0 0 0 0 0 0 0 0 0 0 0 0 0 0 0 0 0 0 0 0 0 0 0 0 0 0 5 5 8
 2 2 1 1 1 1 1 1 2 2 19 20 20 9 7 7 0 0 0 0 0 0 0 0 0 0 0 0 0 0 0 0 0 0 0 0 0 0 0 0 0 0 0 5 5 8
 1 1 1 1 1 6 7 7 9 9 5 22 22 13 10 10 2 2 1 1 1 0 0 0 0 0 0 0 0 0 0 0 0 0 0 0 0 0 0 0 0 0 3 16 16 30
 1 1 4 4 4 6 7 7 2 2 3 3 3 4 3 3 1 1 1 1 1 2 1 1 1 1 1 1 1 1 1 1 1 1 1 0 0 0 0 0 0 0 11 21 21 9
 1 1 4 4 4 6 7 7 2 2 3 3 3 4 3 3 1 1 1 1 1 2 1 1 1 1 1 1 1 1 1 1 1 1 1 0 0 0 0 0 0 0 11 21 21 9
 3 3 3 4 4 1 1 1 1 1 1 2 2 1 1 1 1 1 0 2 2 0 0 0 1 1 2 3 3 4 3 3 2 2 1 0 0 0 1 1 0 0 1 1 1 0
 2 2 3 4 4 4 1 1 1 1 2 2 2 2 3 3 2 2 0 5 5 0 0 0 1 1 3 8 8 7 3 3 1 1 0 0 0 0 0 0 0 0 0 0 0 0
 2 2 3 4 4 4 1 1 1 1 2 2 2 2 3 3 2 2 0 5 5 0 0 0 1 1 3 8 8 7 3 3 1 1 0 0 0 0 0 0 0 0 0 0 0 0
 8 8 13 16 16 10 4 4 4 4 2 8 8 11 9 9 5 5 4 0 0 0 0 0 1 1 3 9 9 8 3 3 1 1 0 0 0 0 0 0 0 0 0 0 0 0
 8 8 13 16 16 10 4 4 4 4 2 8 8 11 9 9 5 5 4 0 0 0 0 0 1 1 3 9 9 8 3 3 1 1 0 0 0 0 0 0 0 0 0 0 0 0
 10 10 13 23 23 18 5 5 22 22 19 11 11 15 15 15 11 11 4 0 0 1 1 1 1 1 1 2 2 2 1 1 0 0 0 0 0 0 0 0 0 0 0 0 0 0
 9 9 7 8 8 15 20 20 19 19 19 5 5 11 11 11 10 10 6 1 1 1 1 1 2 2 1 0 0 0 0 0 0 0 0 0 0 0 0 0 0 0 0 0 0 0
 9 9 7 8 8 15 20 20 19 19 19 5 5 11 11 11 10 10 6 1 1 1 1 1 2 2 1 0 0 0 0 0 0 0 0 0 0 0 0 0 0 0 0 0 0 0
 11 11 8 8 8 13 18 18 6 6 3 2 2 3 7 7 8 8 5 1 1 1 2 2 2 2 1 0 0 0 0 0 0 0 0 0 0 0 0 0 0 0 0 0 0 0
 14 14 16 19 19 21 28 28 14 14 4 1 1 2 3 3 10 10 5 3 3 0 1 1 1 1 1 0 0 0 0 0 0 0 0 0 0 0 0 0 0 0 0 0 0 0
 14 14 16 19 19 21 28 28 14 14 4 1 1 2 3 3 10 10 5 3 3 0 1 1 1 1 1 0 0 0 0 0 0 0 0 0 0 0 0 0 0 0 0 0 0 0
 15 15 29 26 26 24 29 29 22 22 7 3 3 2 5 5 22 22 18 9 9 1 0 0 0 0 0 0 0 0 0 0 0 0 0 0 0 0 0 0 0 0 0 0 0 0
 15 15 29 26 26 24 29 29 22 22 7 3 3 2 5 5 22 22 18 9 9 1 0 0 0 0 0 0 0 0 0 0 0 0 0 0 0 0 0 0 0 0 0 0 0 0
 16 16 24 25 25 22 23 23 22 22 13 10 10 7 9 9 21 21 30 20 20 1 2 2 0 0 0 0 0 0 0 0 0 0 0 0 0 0 0 0 0 0 0 0 0 0
 8 8 13 16 16 14 16 16 17 17 16 18 18 14 12 12 14 14 24 20 20 1 8 8 13 13 12 0 0 0 0 0 0 0 0 0 0 0 0 0 0 0 0 0 0 0
 8 8 13 16 16 14 16 16 17 17 16 18 18 14 12 12 14 14 24 20 20 1 8 8 13 13 12 0 0 0 0 0 0 0 0 0 0 0 0 0 0 0 0 0 0 0
 5 5 7 8 8 7 8 8 10 10 13 19 19 18 15 15 12 12 18 18 18 12 11 11 18 18 16 0 0 0 0 0 0 0 0 0 0 0 0 0 0 0 0 0 0 0
 6 6 7 5 5 4 6 6 8 8 13 18 18 20 16 16 11 11 9 5 5 11 17 17 3 3 6 8 8 1 0 0 0 0 0 0 0 0 0 0 0 0 0 0 0 0
 6 6 7 5 5 4 6 6 8 8 13 18 18 20 16 16 11 11 9 5 5 11 17 17 3 3 6 8 8 1 0 0 0 0 0 0 0 0 0 0 0 0 0 0 0 0
 15 15 19 17 17 6 9 9 9 9 10 14 14 18 15 15 13 13 14 9 9 6 14 14 17 17 4 1 1 0 3 3 0 0 0 0 0 0 0 0 0 0 0 0 0 0
 15 15 19 17 17 6 9 9 9 9 10 14 14 18 15 15 13 13 14 9 9 6 14 14 17 17 4 1 1 0 3 3 0 0 0 0 0 0 0 0 0 0 0 0 0 0
 17 17 18 7 7 9 12 12 11 11 10 13 13 16 12 12 14 14 11 9 9 8 10 10 20 20 19 5 5 0 0 0 0 0 0 0 0 0 0 0 0 0 0 0 0 0
 16 16 15 11 11 12 11 11 12 12 10 20 20 18 11 11 15 15 13 7 7 7 9 9 65 65 51 13 13 1 0 0 0 0 4 1 1 0 0 0 0 0 0 0 0 0
 16 16 15 11 11 12 11 11 12 12 10 20 20 18 11 11 15 15 13 7 7 7 9 9 65 65 51 13 13 1 0 0 0 0 4 1 1 0 0 0 0 0 0 0 0 0
 13 13 12 10 10 9 5 5 6 6 11 13 13 12 12 12 13 13 13 6 6 8 21 21 28 28 37 22 22 13 1 1 0 0 1 0 0 0 0 0 0 0 0 0 0 0
 13 13 11 8 8 7 4 4 5 5 4 7 7 11 16 16 13 13 7 6 6 11 23 23 23 23 19 14 14 13 14 14 8 8 7 7 7 0 0 0 0 0 0 0 0 0
 13 13 11 8 8 7 4 4 5 5 4 7 7 11 16 16 13 13 7 6 6 11 23 23 23 23 19 14 14 13 14 14 8 8 7 7 7 0 0 0 0 0 0 0 0 0
 11 11 9 7 7 6 4 4 4 4 3 6 6 9 13 13 13 13 7 8 8 14 21 21 17 17 9 11 11 8 19 19 8 8 7 11 11 0 0 0 0 0 0 0 0 0
 11 11 9 7 7 6 4 4 4 4 3 6 6 9 13 13 13 13 7 8 8 14 21 21 17 17 9 11 11 8 19 19 8 8 7 11 11 0 0 0 0 0 0 0 0 0
 10 10 7 7 7 7 4 4 3 3 3 3 3 4 6 6 10 10 11 13 13 15 21 21 12 12 6 4 4 3 10 10 16 16 6 2 2 0 0 0 0 0 0 0 0 0
 5 5 6 9 9 10 4 4 2 2 2 3 3 3 4 4 7 7 6 9 9 8 11 11 8 8 5 4 4 4 9 9 2 2 2 1 1 1 0 0 0 0 0 0 0 0
 5 5 6 9 9 10 4 4 2 2 2 3 3 3 4 4 7 7 6 9 9 8 11 11 8 8 5 4 4 4 9 9 2 2 2 1 1 1 0 0 0 0 0 0 0 0
 7 7 7 8 8 6 3 3 2 2 2 2 2 2 2 2 3 3 4 4 4 5 6 6 8 8 4 4 4 3 3 3 2 2 2 1 1 5 0 0 0 0 0 0 0 0
 9 9 8 8 8 6 4 4 5 5 3 2 2 1 2 2 2 2 2 2 2 2 3 3 3 3 2 3 3 3 2 2 2 2 2 1 1 1 0 0 0 0 0 0 0 0
