assets/RAT_results/precipitation/2022-08-22_IMERG.asc
ncols        46
nrows        77
xllcorner    74.800261325624
yllcorner    8.058333333333
cellsize     0.062500000000
NODATA_value -9999
 19 19 29 14 14 23 27 27 14 14 12 5 5 1 9 9 8 8 1 1 1 1 1 1 0 0 0 0 0 0 0 0 0 0 0 0 0 0 0 0 0 0 0 0 0 1
 28 28 17 16 16 14 20 20 19 19 19 9 9 4 2 2 4 4 1 1 1 0 0 0 0 0 0 0 0 0 0 0 0 0 0 0 0 0 0 0 0 0 0 1 1 1
 28 28 17 16 16 14 20 20 19 19 19 9 9 4 2 2 4 4 1 1 1 0 0 0 0 0 0 0 0 0 0 0 0 0 0 0 0 0 0 0 0 0 0 1 1 1
 43 43 24 23 23 20 19 19 19 19 23 16 16 16 5 5 8 8 4 1 1 0 0 0 0 0 0 0 0 0 0 0 0 0 0 0 0 0 1 1 0 0 1 2 2 1
 30 30 30 23 23 22 18 18 16 16 15 23 23 20 22 22 10 10 5 2 2 0 0 0 0 0 0 0 0 0 0 0 0 0 0 0 0 0 0 0 1 1 4 4 4 1
 30 30 30 23 23 22 18 18 16 16 15 23 23 20 22 22 10 10 5 2 2 0 0 0 0 0 0 0 0 0 0 0 0 0 0 0 0 0 0 0 1 1 4 4 4 1
 35 35 33 27 27 15 11 11 15 15 14 11 11 16 14 14 20 20 8 1 1 2 0 0 0 0 0 0 0 0 0 0 0 0 0 0 0 0 0 0 0 0 1 1 1 1
 35 35 33 27 27 15 11 11 15 15 14 11 11 16 14 14 20 20 8 1 1 2 0 0 0 0 0 0 0 0 0 0 0 0 0 0 0 0 0 0 0 0 1 1 1 1
 28 28 30 27 27 33 28 28 12 12 7 15 15 15 11 11 13 13 11 8 8 3 0 0 0 0 0 0 0 0 0 0 0 0 0 0 0 0 0 0 0 0 0 0 0 0
 22 22 23 35 35 35 36 36 14 14 22 24 24 19 17 17 10 10 9 5 5 0 1 1 0 0 0 0 0 0 0 0 0 0 0 0 0 0 0 0 0 0 0 0 0 0
 22 22 23 35 35 35 36 36 14 14 22 24 24 19 17 17 10 10 9 5 5 0 1 1 0 0 0 0 0 0 0 0 0 0 0 0 0 0 0 0 0 0 0 0 0 0
 30 30 26 38 38 27 41 41 33 33 24 24 24 21 10 10 6 6 2 1 1 0 1 1 0 0 0 0 0 0 0 0 0 0 0 0 0 0 0 0 0 0 0 0 0 0
 55 55 35 42 42 30 38 38 35 35 35 28 28 23 14 14 2 2 1 0 0 0 0 0 1 1 0 0 0 0 0 0 0 0 0 0 0 0 0 0 0 0 0 0 0 0
 55 55 35 42 42 30 38 38 35 35 35 28 28 23 14 14 2 2 1 0 0 0 0 0 1 1 0 0 0 0 0 0 0 0 0 0 0 0 0 0 0 0 0 0 0 0
 52 52 42 44 44 49 44 44 41 41 37 32 32 19 12 12 8 8 2 2 2 0 0 0 0 0 0 0 0 0 0 0 0 0 0 1 1 2 0 0 0 0 0 0 0 0
 52 52 42 44 44 49 44 44 41 41 37 32 32 19 12 12 8 8 2 2 2 0 0 0 0 0 0 0 0 0 0 0 0 0 0 1 1 2 0 0 0 0 0 0 0 0
 57 57 34 33 33 51 57 57 34 34 32 33 33 24 17 17 12 12 7 2 2 1 0 0 0 0 0 0 0 0 0 0 0 0 0 0 0 3 3 3 0 0 0 0 0 0
 53 53 44 44 44 37 55 55 43 43 27 36 36 30 25 25 19 19 10 4 4 3 0 0 0 0 0 0 0 0 0 0 0 0 0 0 0 0 2 2 2 2 0 0 0 0
 53 53 44 44 44 37 55 55 43 43 27 36 36 30 25 25 19 19 10 4 4 3 0 0 0 0 0 0 0 0 0 0 0 0 0 0 0 0 2 2 2 2 0 0 0 0
 50 50 58 60 60 50 37 37 52 52 45 40 40 32 24 24 15 15 11 9 9 7 9 9 3 3 1 1 1 2 1 1 1 1 1 1 1 3 4 4 4 4 3 1 1 1
 71 71 88 57 57 61 64 64 60 60 72 40 40 36 34 34 24 24 23 11 11 6 4 4 4 4 3 2 2 5 2 2 8 8 4 3 3 3 4 4 4 4 6 2 2 4
 71 71 88 57 57 61 64 64 60 60 72 40 40 36 34 34 24 24 23 11 11 6 4 4 4 4 3 2 2 5 2 2 8 8 4 3 3 3 4 4 4 4 6 2 2 4
 68 68 85 81 81 91 73 73 85 85 61 69 69 38 34 34 36 36 22 15 15 8 9 9 5 5 4 3 3 6 6 6 4 4 10 7 7 4 9 9 12 12 3 2 2 2
 68 68 85 81 81 91 73 73 85 85 61 69 69 38 34 34 36 36 22 15 15 8 9 9 5 5 4 3 3 6 6 6 4 4 10 7 7 4 9 9 12 12 3 2 2 2
 69 69 80 87 87 104 98 98 131 131 99 56 56 41 32 32 49 49 33 21 21 18 12 12 10 10 8 5 5 7 3 3 5 5 4 7 7 7 8 8 20 20 14 3 3 3
 82 82 86 95 95 111 101 101 117 117 82 60 60 108 54 54 47 47 36 23 23 23 18 18 9 9 3 2 2 8 8 8 1 1 3 5 5 4 4 4 6 6 4 5 5 8
 82 82 86 95 95 111 101 101 117 117 82 60 60 108 54 54 47 47 36 23 23 23 18 18 9 9 3 2 2 8 8 8 1 1 3 5 5 4 4 4 6 6 4 5 5 8
 116 116 109 92 92 126 118 118 75 75 71 76 76 78 72 72 48 48 40 27 27 18 23 23 15 15 10 6 6 4 2 2 2 2 2 3 3 3 5 5 6 6 8 7 7 9
 129 129 132 109 109 111 104 104 87 87 55 74 74 84 77 77 43 43 26 30 30 24 30 30 29 29 19 4 4 6 2 2 3 3 2 1 1 2 4 4 4 4 5 3 3 4
 129 129 132 109 109 111 104 104 87 87 55 74 74 84 77 77 43 43 26 30 30 24 30 30 29 29 19 4 4 6 2 2 3 3 2 1 1 2 4 4 4 4 5 3 3 4
 128 128 138 116 116 118 112 112 91 91 97 119 119 65 70 70 41 41 27 24 24 29 29 29 32 32 18 10 10 5 4 4 3 3 1 1 1 1 1 1 1 1 1 1 1 2
 128 128 138 116 116 118 112 112 91 91 97 119 119 65 70 70 41 41 27 24 24 29 29 29 32 32 18 10 10 5 4 4 3 3 1 1 1 1 1 1 1 1 1 1 1 2
 112 112 115 135 135 116 137 137 137 137 114 121 121 57 50 50 44 44 38 23 23 33 20 20 27 27 13 12 12 7 3 3 1 1 4 4 4 1 1 1 1 1 1 1 1 1
 84 84 83 113 113 124 139 139 110 110 96 87 87 89 66 66 44 44 39 32 32 20 11 11 17 17 16 12 12 8 5 5 1 1 1 2 2 1 1 1 1 1 1 1 1 2
 84 84 83 113 113 124 139 139 110 110 96 87 87 89 66 66 44 44 39 32 32 20 11 11 17 17 16 12 12 8 5 5 1 1 1 2 2 1 1 1 1 1 1 1 1 2
 84 84 80 90 90 104 106 106 109 109 99 102 102 95 68 68 47 47 45 25 25 18 21 21 11 11 14 12 12 12 3 3 3 3 4 2 2 2 2 2 2 2 2 2 2 2
 78 78 81 114 114 110 115 115 123 123 91 81 81 88 77 77 68 68 59 29 29 30 22 22 17 17 14 10 10 7 10 10 5 5 4 3 3 4 3 3 2 2 2 2 2 3
 78 78 81 114 114 110 115 115 123 123 91 81 81 88 77 77 68 68 59 29 29 30 22 22 17 17 14 10 10 7 10 10 5 5 4 3 3 4 3 3 2 2 2 2 2 3
 64 64 75 104 104 101 106 106 110 110 108 105 105 80 63 63 34 34 52 31 31 24 34 34 31 31 21 15 15 15 16 16 11 11 7 8 8 6 6 6 4 4 3 4 4 5
 64 64 75 104 104 101 106 106 110 110 108 105 105 80 63 63 34 34 52 31 31 24 34 34 31 31 21 15 15 15 16 16 11 11 7 8 8 6 6 6 4 4 3 4 4 5
 58 58 79 86 86 97 109 109 100 100 110 96 96 70 43 43 32 32 30 35 35 43 45 45 33 33 24 14 14 18 10 10 14 14 8 8 8 7 9 9 5 5 6 8 8 10
 58 58 76 84 84 83 86 86 84 84 89 79 79 74 32 32 35 35 35 39 39 40 37 37 41 41 28 18 18 12 8 8 11 11 10 11 11 14 11 11 10 10 17 20 20 20
 58 58 76 84 84 83 86 86 84 84 89 79 79 74 32 32 35 35 35 39 39 40 37 37 41 41 28 18 18 12 8 8 11 11 10 11 11 14 11 11 10 10 17 20 20 20
 106 106 89 104 104 115 107 107 80 80 77 78 78 70 33 33 30 30 31 33 33 24 29 29 28 28 30 19 19 18 13 13 10 10 11 12 12 17 16 16 12 12 15 15 15 13
 103 103 98 96 96 92 105 105 91 91 100 67 67 63 47 47 64 64 36 20 20 16 26 26 29 29 29 22 22 17 10 10 10 10 9 6 6 7 14 14 19 19 16 8 8 7
 103 103 98 96 96 92 105 105 91 91 100 67 67 63 47 47 64 64 36 20 20 16 26 26 29 29 29 22 22 17 10 10 10 10 9 6 6 7 14 14 19 19 16 8 8 7
 87 87 100 97 97 82 89 89 83 83 83 59 59 56 25 25 56 56 24 24 24 28 29 29 36 36 34 22 22 14 6 6 8 8 12 7 7 17 16 16 16 16 13 5 5 6
 87 87 100 97 97 82 89 89 83 83 83 59 59 56 25 25 56 56 24 24 24 28 29 29 36 36 34 22 22 14 6 6 8 8 12 7 7 17 16 16 16 16 13 5 5 6
 90 90 108 74 74 71 69 69 56 56 68 73 73 57 13 13 16 16 21 27 27 26 20 20 20 20 36 24 24 18 12 12 10 10 14 9 9 14 15 15 8 8 5 4 4 7
 66 66 72 79 79 80 73 73 52 52 49 52 52 36 29 29 16 16 18 27 27 30 27 27 11 11 29 21 21 17 13 13 16 16 11 15 15 11 11 11 12 12 5 2 2 3
 66 66 72 79 79 80 73 73 52 52 49 52 52 36 29 29 16 16 18 27 27 30 27 27 11 11 29 21 21 17 13 13 16 16 11 15 15 11 11 11 12 12 5 2 2 3
 56 56 56 80 80 83 74 74 67 67 47 48 48 19 21 21 20 20 26 26 26 19 27 27 23 23 27 17 17 12 15 15 11 11 8 10 10 10 4 4 2 2 3 2 2 1
 53 53 57 60 60 60 53 53 48 48 20 43 43 17 20 20 18 18 26 37 37 42 57 57 35 35 21 30 30 22 21 21 25 25 19 11 11 9 3 3 3 3 3 2 2 1
 53 53 57 60 60 60 53 53 48 48 20 43 43 17 20 20 18 18 26 37 37 42 57 57 35 35 21 30 30 22 21 21 25 25 19 11 11 9 3 3 3 3 3 2 2 1
 50 50 55 49 49 50 47 47 48 48 20 19 19 20 20 20 17 17 23 33 33 55 43 43 35 35 30 29 29 24 26 26 13 13 16 9 9 6 4 4 4 4 6 4 4 3
 50 50 55 49 49 50 47 47 48 48 20 19 19 20 20 20 17 17 23 33 33 55 43 43 35 35 30 29 29 24 26 26 13 13 16 9 9 6 4 4 4 4 6 4 4 3
 46 46 50 48 48 44 40 40 42 42 19 32 32 34 26 26 28 28 31 38 38 77 48 48 34 34 15 20 20 13 15 15 17 17 13 11 11 16 6 6 13 13 6 5 5 3
 47 47 39 40 40 33 33 33 21 21 24 36 36 39 54 54 62 62 47 56 56 72 45 45 36 36 23 24 24 23 20 20 13 13 13 11 11 14 9 9 12 12 7 5 5 2
 47 47 39 40 40 33 33 33 21 21 24 36 36 39 54 54 62 62 47 56 56 72 45 45 36 36 23 24 24 23 20 20 13 13 13 11 11 14 9 9 12 12 7 5 5 2
 33 33 35 43 43 40 39 39 38 38 35 28 28 31 42 42 76 76 90 58 58 100 102 102 43 43 28 31 31 39 25 25 12 12 8 6 6 8 12 12 8 8 2 3 3 2
 31 31 35 39 39 38 45 45 44 44 42 33 33 43 58 58 67 67 90 74 74 60 46 46 40 40 31 36 36 41 24 24 16 16 11 4 4 7 7 7 3 3 2 1 1 0
 31 31 35 39 39 38 45 45 44 44 42 33 33 43 58 58 67 67 90 74 74 60 46 46 40 40 31 36 36 41 24 24 16 16 11 4 4 7 7 7 3 3 2 1 1 0
 11 11 15 29 29 37 50 50 46 46 25 28 28 31 21 21 68 68 42 32 32 28 24 24 28 28 40 30 30 40 28 28 15 15 8 10 10 10 6 6 2 2 1 2 2 0
 11 11 15 29 29 37 50 50 46 46 25 28 28 31 21 21 68 68 42 32 32 28 24 24 28 28 40 30 30 40 28 28 15 15 8 10 10 10 6 6 2 2 1 2 2 0
 8 8 15 18 18 22 34 34 28 28 22 20 20 19 21 21 33 33 19 21 21 18 21 21 17 17 19 23 23 22 22 22 15 15 10 10 10 12 5 5 4 4 3 0 0 1
 6 6 7 9 9 9 22 22 17 17 16 19 19 20 22 22 26 26 20 16 16 15 17 17 23 23 13 21 21 23 16 16 18 18 19 15 15 11 7 7 3 3 2 0 0 1
 6 6 7 9 9 9 22 22 17 17 16 19 19 20 22 22 26 26 20 16 16 15 17 17 23 23 13 21 21 23 16 16 18 18 19 15 15 11 7 7 3 3 2 0 0 1
 5 5 5 6 6 9 11 11 13 13 23 19 19 22 23 23 20 20 13 12 12 16 21 21 33 33 14 14 14 15 15 15 17 17 20 9 9 6 6 6 7 7 6 0 0 1
 6 6 6 8 8 11 12 12 27 27 22 23 23 20 16 16 11 11 11 14 14 19 25 25 47 47 70 9 9 6 7 7 11 11 11 8 8 8 4 4 8 8 4 2 2 1
 6 6 6 8 8 11 12 12 27 27 22 23 23 20 16 16 11 11 11 14 14 19 25 25 47 47 70 9 9 6 7 7 11 11 11 8 8 8 4 4 8 8 4 2 2 1
 7 7 6 10 10 12 16 16 32 32 32 22 22 15 14 14 11 11 14 23 23 26 26 26 88 88 40 10 10 3 3 3 2 2 4 3 3 2 1 1 3 3 1 6 6 0
 7 7 6 10 10 12 16 16 32 32 32 22 22 15 14 14 11 11 14 23 23 26 26 26 88 88 40 10 10 3 3 3 2 2 4 3 3 2 1 1 3 3 1 6 6 0
 8 8 9 11 11 13 20 20 29 29 26 20 20 14 13 13 13 13 19 33 33 67 33 33 68 68 27 7 7 4 7 7 13 13 0 0 0 1 0 0 1 1 0 2 2 1
 10 10 12 12 12 12 19 19 21 21 22 21 21 14 14 14 14 14 18 33 33 70 65 65 28 28 18 10 10 8 8 8 20 20 17 1 1 1 1 1 1 1 0 1 1 1
 10 10 12 12 12 12 19 19 21 21 22 21 21 14 14 14 14 14 18 33 33 70 65 65 28 28 18 10 10 8 8 8 20 20 17 1 1 1 1 1 1 1 0 1 1 1
 8 8 10 11 11 15 18 18 17 17 18 18 18 15 16 16 20 20 16 37 37 39 38 38 27 27 13 9 9 9 9 9 15 15 8 18 18 6 1 1 1 1 2 2 2 1
 7 7 7 9 9 11 13 13 15 15 16 13 13 18 16 16 18 18 15 17 17 18 18 18 15 15 4 9 9 11 11 11 11 11 16 7 7 4 2 2 1 1 1 1 1 1
