assets/RAT_results/precipitation/2022-03-23_IMERG.asc
ncols        46
nrows        77
xllcorner    74.800261325624
yllcorner    8.058333333333
cellsize     0.062500000000
NODATA_value -9999
 50 50 47 47 47 45 45 45 60 60 58 37 37 12 10 10 30 30 26 4 4 3 0 0 0 0 0 0 0 0 0 0 0 0 0 0 0 0 0 0 0 0 0 0 0 0
 51 51 55 43 43 53 58 58 52 52 59 32 32 12 24 24 34 34 23 19 19 1 0 0 0 0 0 0 0 0 0 0 0 0 0 0 0 0 0 0 0 0 0 0 0 0
 51 51 55 43 43 53 58 58 52 52 59 32 32 12 24 24 34 34 23 19 19 1 0 0 0 0 0 0 0 0 0 0 0 0 0 0 0 0 0 0 0 0 0 0 0 0
 56 56 53 42 42 41 31 31 36 36 34 13 13 11 10 10 8 8 5 2 2 1 1 1 1 1 1 1 1 1 1 1 1 1 1 0 0 0 0 0 0 0 0 0 0 0
 49 49 51 39 39 41 28 28 31 31 13 11 11 10 8 8 5 5 4 3 3 4 4 4 4 4 4 6 6 7 5 5 4 4 0 0 0 0 1 1 0 0 0 0 0 0
 49 49 51 39 39 41 28 28 31 31 13 11 11 10 8 8 5 5 4 3 3 4 4 4 4 4 4 6 6 7 5 5 4 4 0 0 0 0 1 1 0 0 0 0 0 0
 45 45 44 24 24 25 28 28 26 26 34 12 12 10 16 16 2 2 2 3 3 5 6 6 5 5 4 3 3 1 1 1 0 0 0 2 2 1 1 1 0 0 0 0 0 0
 45 45 44 24 24 25 28 28 26 26 34 12 12 10 16 16 2 2 2 3 3 5 6 6 5 5 4 3 3 1 1 1 0 0 0 2 2 1 1 1 0 0 0 0 0 0
 15 15 19 24 24 24 23 23 21 21 49 61 61 20 31 31 18 18 18 4 4 5 5 5 4 4 3 1 1 0 0 0 0 0 1 2 2 1 0 0 0 0 0 0 0 0
 12 12 14 22 22 20 16 16 15 15 35 40 40 52 67 67 28 28 26 3 3 1 3 3 3 3 2 0 0 0 0 0 0 0 0 0 0 0 0 0 1 1 1 0 0 0
 12 12 14 22 22 20 16 16 15 15 35 40 40 52 67 67 28 28 26 3 3 1 3 3 3 3 2 0 0 0 0 0 0 0 0 0 0 0 0 0 1 1 1 0 0 0
 11 11 11 11 11 17 14 14 12 12 34 32 32 38 67 67 46 46 20 6 6 2 2 2 2 2 8 1 1 0 0 0 0 0 0 0 0 0 0 0 0 0 0 0 0 0
 10 10 11 11 11 20 15 15 13 13 10 7 7 36 41 41 28 28 28 13 13 2 1 1 2 2 2 2 2 2 0 0 0 0 0 1 1 0 0 0 0 0 0 0 0 0
 10 10 11 11 11 20 15 15 13 13 10 7 7 36 41 41 28 28 28 13 13 2 1 1 2 2 2 2 2 2 0 0 0 0 0 1 1 0 0 0 0 0 0 0 0 0
 11 11 13 9 9 10 15 15 14 14 10 6 6 1 4 4 20 20 6 4 4 2 0 0 3 3 5 3 3 5 1 1 0 0 1 1 1 0 1 1 0 0 0 0 0 0
 11 11 13 9 9 10 15 15 14 14 10 6 6 1 4 4 20 20 6 4 4 2 0 0 3 3 5 3 3 5 1 1 0 0 1 1 1 0 1 1 0 0 0 0 0 0
 12 12 8 4 4 6 4 4 9 9 8 6 6 3 21 21 11 11 10 9 9 4 4 4 4 4 5 5 5 2 1 1 1 1 1 0 0 1 1 1 0 0 0 1 1 1
 11 11 10 14 14 8 4 4 5 5 6 6 6 13 24 24 34 34 35 32 32 33 21 21 11 11 5 4 4 2 1 1 0 0 0 0 0 0 0 0 0 0 1 2 2 2
 11 11 10 14 14 8 4 4 5 5 6 6 6 13 24 24 34 34 35 32 32 33 21 21 11 11 5 4 4 2 1 1 0 0 0 0 0 0 0 0 0 0 1 2 2 2
 14 14 16 19 19 17 8 8 10 10 9 10 10 24 42 42 60 60 36 66 66 98 21 21 7 7 3 7 7 4 1 1 0 0 0 0 0 0 0 0 0 0 1 1 1 0
 24 24 27 25 25 27 23 23 19 19 12 17 17 22 26 26 40 40 46 57 57 47 31 31 11 11 2 1 1 0 0 0 1 1 0 0 0 0 0 0 0 0 0 0 0 0
 24 24 27 25 25 27 23 23 19 19 12 17 17 22 26 26 40 40 46 57 57 47 31 31 11 11 2 1 1 0 0 0 1 1 0 0 0 0 0 0 0 0 0 0 0 0
 26 26 29 28 28 29 25 25 22 22 15 14 14 41 11 11 12 12 13 49 49 58 42 42 28 28 16 1 1 2 9 9 14 14 5 0 0 0 0 0 0 0 0 0 0 0
 26 26 29 28 28 29 25 25 22 22 15 14 14 41 11 11 12 12 13 49 49 58 42 42 28 28 16 1 1 2 9 9 14 14 5 0 0 0 0 0 0 0 0 0 0 0
 27 27 28 28 28 30 23 23 20 20 19 37 37 43 22 22 9 9 11 75 75 34 42 42 20 20 4 2 2 1 0 0 1 1 1 2 2 2 1 1 0 0 0 0 0 0
 19 19 21 21 21 21 19 19 20 20 20 36 36 42 33 33 32 32 22 40 40 63 82 82 75 75 30 3 3 3 1 1 0 0 0 6 6 8 12 12 7 7 0 0 0 0
 19 19 21 21 21 21 19 19 20 20 20 36 36 42 33 33 32 32 22 40 40 63 82 82 75 75 30 3 3 3 1 1 0 0 0 6 6 8 12 12 7 7 0 0 0 0
 10 10 12 13 13 16 15 15 18 18 19 43 43 43 36 36 37 37 19 23 23 123 106 106 113 113 67 37 37 25 2 2 3 3 1 1 1 2 12 12 7 7 1 0 0 0
 9 9 11 12 12 14 15 15 16 16 18 19 19 46 42 42 37 37 20 28 28 55 46 46 74 74 66 57 57 49 15 15 25 25 24 10 10 5 7 7 7 7 4 0 0 0
 9 9 11 12 12 14 15 15 16 16 18 19 19 46 42 42 37 37 20 28 28 55 46 46 74 74 66 57 57 49 15 15 25 25 24 10 10 5 7 7 7 7 4 0 0 0
 7 7 9 12 12 13 14 14 16 16 18 19 19 45 44 44 64 64 24 23 23 46 23 23 55 55 65 120 120 43 11 11 17 17 20 40 40 13 16 16 13 13 5 1 1 1
 7 7 9 12 12 13 14 14 16 16 18 19 19 45 44 44 64 64 24 23 23 46 23 23 55 55 65 120 120 43 11 11 17 17 20 40 40 13 16 16 13 13 5 1 1 1
 5 5 7 10 10 11 12 12 14 14 16 18 18 42 43 43 63 63 48 29 29 19 22 22 49 49 19 25 25 28 4 4 16 16 13 43 43 10 9 9 5 5 2 1 1 1
 5 5 6 7 7 8 10 10 11 11 13 19 19 39 41 41 53 53 47 28 28 12 16 16 22 22 18 17 17 9 2 2 3 3 12 5 5 7 9 9 9 9 4 4 4 2
 5 5 6 7 7 8 10 10 11 11 13 19 19 39 41 41 53 53 47 28 28 12 16 16 22 22 18 17 17 9 2 2 3 3 12 5 5 7 9 9 9 9 4 4 4 2
 4 4 5 5 5 6 8 8 8 8 10 16 16 35 37 37 16 16 17 14 14 13 10 10 7 7 3 6 6 5 1 1 11 11 7 7 7 5 7 7 6 6 6 2 2 2
 3 3 4 4 4 5 6 6 6 6 7 8 8 9 10 10 11 11 3 7 7 5 5 5 3 3 6 27 27 28 10 10 3 3 5 6 6 6 4 4 7 7 4 1 1 1
 3 3 4 4 4 5 6 6 6 6 7 8 8 9 10 10 11 11 3 7 7 5 5 5 3 3 6 27 27 28 10 10 3 3 5 6 6 6 4 4 7 7 4 1 1 1
 1 1 2 2 2 3 4 4 4 4 5 6 6 6 6 6 6 6 7 6 6 4 4 4 6 6 14 26 26 19 14 14 8 8 9 10 10 11 8 8 8 8 7 2 2 1
 1 1 2 2 2 3 4 4 4 4 5 6 6 6 6 6 6 6 7 6 6 4 4 4 6 6 14 26 26 19 14 14 8 8 9 10 10 11 8 8 8 8 7 2 2 1
 0 0 1 1 1 1 2 2 3 3 3 4 4 3 3 3 3 3 4 5 5 5 5 5 7 7 16 26 26 15 13 13 7 7 7 10 10 16 12 12 12 12 9 6 6 1
 0 0 0 0 0 0 1 1 1 1 1 1 1 1 1 1 1 1 2 4 4 4 6 6 6 6 10 11 11 10 14 14 7 7 7 7 7 16 14 14 12 12 8 3 3 3
 0 0 0 0 0 0 1 1 1 1 1 1 1 1 1 1 1 1 2 4 4 4 6 6 6 6 10 11 11 10 14 14 7 7 7 7 7 16 14 14 12 12 8 3 3 3
 0 0 0 0 0 0 0 0 0 0 0 0 0 0 0 0 0 0 0 1 1 1 2 2 2 2 1 7 7 8 7 7 13 13 7 6 6 15 11 11 10 10 5 4 4 1
 0 0 0 0 0 0 0 0 0 0 0 0 0 0 0 0 0 0 0 0 0 1 1 1 0 0 1 2 2 2 2 2 6 6 10 7 7 5 5 5 6 6 5 7 7 2
 0 0 0 0 0 0 0 0 0 0 0 0 0 0 0 0 0 0 0 0 0 1 1 1 0 0 1 2 2 2 2 2 6 6 10 7 7 5 5 5 6 6 5 7 7 2
 0 0 0 0 0 0 0 0 0 0 0 0 0 0 0 0 0 0 1 1 1 1 1 1 2 2 2 2 2 2 2 2 2 2 4 9 9 6 5 5 8 8 4 5 5 1
 0 0 0 0 0 0 0 0 0 0 0 0 0 0 0 0 0 0 1 1 1 1 1 1 2 2 2 2 2 2 2 2 2 2 4 9 9 6 5 5 8 8 4 5 5 1
 0 0 0 0 0 0 0 0 0 0 0 0 0 0 1 1 1 1 2 2 2 2 3 3 4 4 4 3 3 4 5 5 5 5 5 6 6 15 18 18 13 13 10 16 16 11
 0 0 0 0 0 0 0 0 0 0 0 0 0 1 1 1 2 2 3 4 4 4 6 6 8 8 4 4 4 6 8 8 8 8 7 8 8 18 39 39 23 23 23 16 16 4
 0 0 0 0 0 0 0 0 0 0 0 0 0 1 1 1 2 2 3 4 4 4 6 6 8 8 4 4 4 6 8 8 8 8 7 8 8 18 39 39 23 23 23 16 16 4
 0 0 0 0 0 0 0 0 0 0 0 1 1 1 2 2 3 3 4 5 5 8 6 6 8 8 6 7 7 7 8 8 9 9 8 8 8 13 29 29 34 34 43 17 17 2
 1 1 1 0 0 0 0 0 0 0 0 1 1 1 2 2 3 3 6 5 5 5 4 4 12 12 22 8 8 7 9 9 9 9 9 9 9 9 22 22 23 23 12 3 3 0
 1 1 1 0 0 0 0 0 0 0 0 1 1 1 2 2 3 3 6 5 5 5 4 4 12 12 22 8 8 7 9 9 9 9 9 9 9 9 22 22 23 23 12 3 3 0
 2 2 2 1 1 0 0 0 0 0 0 1 1 1 2 2 3 3 4 4 4 5 4 4 5 5 6 7 7 8 9 9 10 10 11 11 11 11 10 10 14 14 10 4 4 1
 2 2 2 1 1 0 0 0 0 0 0 1 1 1 2 2 3 3 4 4 4 5 4 4 5 5 6 7 7 8 9 9 10 10 11 11 11 11 10 10 14 14 10 4 4 1
 3 3 3 2 2 1 0 0 0 0 0 1 1 1 2 2 3 3 3 3 3 4 5 5 4 4 5 6 6 7 7 7 9 9 10 10 10 11 11 11 8 8 7 4 4 1
 2 2 2 1 1 0 0 0 0 0 0 0 0 1 1 1 2 2 2 3 3 3 3 3 3 3 4 4 4 4 6 6 10 10 11 8 8 10 12 12 24 24 12 4 4 1
 2 2 2 1 1 0 0 0 0 0 0 0 0 1 1 1 2 2 2 3 3 3 3 3 3 3 4 4 4 4 6 6 10 10 11 8 8 10 12 12 24 24 12 4 4 1
 0 0 0 0 0 0 0 0 0 0 0 0 0 1 1 1 1 1 1 2 2 2 3 3 2 2 4 3 3 4 8 8 8 8 6 4 4 6 7 7 17 17 16 18 18 6
 0 0 0 0 0 0 0 0 0 0 0 0 0 1 1 1 1 1 1 2 2 2 3 3 2 2 2 5 5 4 5 5 6 6 7 5 5 13 10 10 19 19 41 12 12 12
 0 0 0 0 0 0 0 0 0 0 0 0 0 1 1 1 1 1 1 2 2 2 3 3 2 2 2 5 5 4 5 5 6 6 7 5 5 13 10 10 19 19 41 12 12 12
 0 0 0 0 0 0 0 0 0 0 0 0 0 1 1 1 1 1 1 2 2 3 3 3 4 4 2 5 5 4 3 3 3 3 5 6 6 7 19 19 24 24 15 2 2 0
 0 0 0 0 0 0 0 0 0 0 0 0 0 1 1 1 1 1 1 2 2 3 3 3 4 4 2 5 5 4 3 3 3 3 5 6 6 7 19 19 24 24 15 2 2 0
 0 0 0 0 0 0 0 0 0 0 0 0 0 1 1 1 1 1 1 2 2 3 3 3 5 5 1 1 1 4 3 3 3 3 3 3 3 2 1 1 8 8 5 0 0 0
 0 0 0 0 0 0 0 0 0 0 0 0 0 0 0 0 0 0 1 1 1 1 2 2 3 3 1 1 1 3 3 3 2 2 2 2 2 1 0 0 0 0 0 0 0 0
 0 0 0 0 0 0 0 0 0 0 0 0 0 0 0 0 0 0 1 1 1 1 2 2 3 3 1 1 1 3 3 3 2 2 2 2 2 1 0 0 0 0 0 0 0 0
 0 0 0 0 0 0 0 0 0 0 0 0 0 0 0 0 0 0 0 0 0 0 1 1 1 1 0 0 0 0 2 2 1 1 1 1 1 1 0 0 0 0 0 0 0 0
 0 0 0 0 0 0 0 0 0 0 0 0 0 0 0 0 0 0 0 0 0 0 0 0 0 0 0 0 0 0 0 0 1 1 0 0 0 0 0 0 0 0 0 0 0 0
 0 0 0 0 0 0 0 0 0 0 0 0 0 0 0 0 0 0 0 0 0 0 0 0 0 0 0 0 0 0 0 0 1 1 0 0 0 0 0 0 0 0 0 0 0 0
 0 0 0 0 0 0 0 0 0 0 0 0 0 0 0 0 0 0 0 0 0 0 0 0 0 0 0 0 0 0 0 0 0 0 0 0 0 0 0 0 0 0 0 0 0 0
 0 0 0 0 0 0 0 0 0 0 0 0 0 0 0 0 0 0 0 0 0 0 0 0 0 0 0 0 0 0 0 0 0 0 0 0 0 0 0 0 0 0 0 0 0 0
 0 0 0 0 0 0 0 0 0 0 0 0 0 0 0 0 0 0 0 0 0 0 0 0 0 0 0 0 0 0 0 0 0 0 1 1 1 0 0 0 0 0 0 0 0 0
 0 0 0 0 0 0 0 0 0 0 0 0 0 0 0 0 0 0 0 0 0 0 0 0 0 0 0 0 0 0 0 0 0 0 0 0 0 1 0 0 0 0 0 0 0 0
 0 0 0 0 0 0 0 0 0 0 0 0 0 0 0 0 0 0 0 0 0 0 0 0 0 0 0 0 0 0 0 0 0 0 0 0 0 1 0 0 0 0 0 0 0 0
 0 0 0 0 0 0 0 0 0 0 0 0 0 0 0 0 0 0 0 0 0 0 0 0 0 0 0 0 0 0 0 0 0 0 0 0 0 0 1 1 1 1 0 0 0 0
 0 0 0 0 0 0 0 0 0 0 0 0 0 0 0 0 0 0 0 0 0 0 0 0 0 0 0 0 0 0 0 0 0 0 0 0 0 0 0 0 0 0 0 0 0 0
