assets/RAT_results/precipitation/2022-06-20_IMERG.asc
ncols        46
nrows        77
xllcorner    74.800261325624
yllcorner    8.058333333333
cellsize     0.062500000000
NODATA_value -9999
 89 89 49 35 35 28 25 25 14 14 7 5 5 3 2 2 1 1 2 3 3 2 1 1 0 0 0 1 1 1 0 0 0 0 0 0 0 0 0 0 0 0 0 0 0 3
 92 92 51 34 34 27 25 25 17 17 10 3 3 1 1 1 2 2 3 4 4 2 1 1 0 0 0 0 0 0 0 0 0 0 1 1 1 0 0 0 0 0 0 1 1 1
 92 92 51 34 34 27 25 25 17 17 10 3 3 1 1 1 2 2 3 4 4 2 1 1 0 0 0 0 0 0 0 0 0 0 1 1 1 0 0 0 0 0 0 1 1 1
 75 75 44 32 32 29 15 15 8 8 9 6 6 3 2 2 3 3 3 1 1 1 0 0 0 0 0 0 0 0 0 0 1 1 1 0 0 0 0 0 0 0 0 1 1 1
 39 39 39 28 28 22 4 4 1 1 4 4 4 2 1 1 1 1 1 1 1 1 0 0 0 0 0 0 0 0 0 0 0 0 0 0 0 0 0 0 0 0 0 0 0 0
 39 39 39 28 28 22 4 4 1 1 4 4 4 2 1 1 1 1 1 1 1 1 0 0 0 0 0 0 0 0 0 0 0 0 0 0 0 0 0 0 0 0 0 0 0 0
 34 34 18 21 21 14 9 9 7 7 3 2 2 1 1 1 2 2 2 1 1 1 0 0 0 0 0 0 0 0 0 0 0 0 0 0 0 0 0 0 0 0 0 0 0 0
 34 34 18 21 21 14 9 9 7 7 3 2 2 1 1 1 2 2 2 1 1 1 0 0 0 0 0 0 0 0 0 0 0 0 0 0 0 0 0 0 0 0 0 0 0 0
 29 29 23 25 25 8 8 8 6 6 3 2 2 0 1 1 1 1 1 1 1 1 0 0 0 0 0 1 1 1 1 1 0 0 0 0 0 0 0 0 0 0 0 0 0 0
 18 18 23 22 22 16 11 11 12 12 5 1 1 2 1 1 1 1 1 1 1 1 1 1 0 0 1 2 2 1 1 1 0 0 0 0 0 0 0 0 0 0 0 1 1 0
 18 18 23 22 22 16 11 11 12 12 5 1 1 2 1 1 1 1 1 1 1 1 1 1 0 0 1 2 2 1 1 1 0 0 0 0 0 0 0 0 0 0 0 1 1 0
 13 13 12 9 9 9 3 3 11 11 6 2 2 6 5 5 1 1 1 1 1 1 1 1 0 0 0 0 0 0 0 0 0 0 0 1 1 1 0 0 1 1 1 1 1 1
 13 13 14 8 8 10 4 4 5 5 4 4 4 6 5 5 1 1 1 0 0 0 0 0 0 0 0 0 0 0 1 1 1 1 1 1 1 1 1 1 1 1 2 2 2 2
 13 13 14 8 8 10 4 4 5 5 4 4 4 6 5 5 1 1 1 0 0 0 0 0 0 0 0 0 0 0 1 1 1 1 1 1 1 1 1 1 1 1 2 2 2 2
 8 8 11 11 11 7 10 10 6 6 6 4 4 2 3 3 2 2 1 1 1 1 0 0 0 0 0 0 0 1 1 1 2 2 2 3 3 3 3 3 3 3 4 4 4 4
 8 8 11 11 11 7 10 10 6 6 6 4 4 2 3 3 2 2 1 1 1 1 0 0 0 0 0 0 0 1 1 1 2 2 2 3 3 3 3 3 3 3 4 4 4 4
 8 8 9 12 12 8 4 4 5 5 5 3 3 2 6 6 2 2 1 1 1 0 1 1 0 0 0 0 0 1 1 1 2 2 3 5 5 4 3 3 4 4 5 5 5 6
 10 10 8 12 12 14 11 11 12 12 16 19 19 15 5 5 3 3 0 0 0 0 1 1 1 1 1 0 0 1 1 1 2 2 2 3 3 4 4 4 8 8 9 18 18 6
 10 10 8 12 12 14 11 11 12 12 16 19 19 15 5 5 3 3 0 0 0 0 1 1 1 1 1 0 0 1 1 1 2 2 2 3 3 4 4 4 8 8 9 18 18 6
 15 15 18 16 16 26 25 25 25 25 30 17 17 22 20 20 21 21 2 0 0 0 0 0 0 0 1 1 1 1 1 1 1 1 2 2 2 4 6 6 8 8 4 4 4 5
 15 15 15 17 17 29 31 31 30 30 30 29 29 30 26 26 27 27 2 2 2 1 1 1 1 1 1 2 2 2 2 2 2 2 1 1 1 3 5 5 3 3 2 2 2 3
 15 15 15 17 17 29 31 31 30 30 30 29 29 30 26 26 27 27 2 2 2 1 1 1 1 1 1 2 2 2 2 2 2 2 1 1 1 3 5 5 3 3 2 2 2 3
 17 17 18 17 17 18 18 18 13 13 11 10 10 8 10 10 12 12 3 2 2 2 2 2 2 2 12 13 13 16 3 3 3 3 2 1 1 1 2 2 1 1 1 1 1 1
 17 17 18 17 17 18 18 18 13 13 11 10 10 8 10 10 12 12 3 2 2 2 2 2 2 2 12 13 13 16 3 3 3 3 2 1 1 1 2 2 1 1 1 1 1 1
 20 20 17 16 16 16 17 17 17 17 15 14 14 8 3 3 2 2 3 2 2 4 2 2 4 4 12 12 12 3 3 3 2 2 1 0 0 0 0 0 1 1 1 1 1 1
 23 23 19 18 18 17 15 15 15 15 15 17 17 9 4 4 4 4 5 3 3 4 3 3 4 4 5 2 2 2 2 2 1 1 1 1 1 1 1 1 1 1 1 0 0 0
 23 23 19 18 18 17 15 15 15 15 15 17 17 9 4 4 4 4 5 3 3 4 3 3 4 4 5 2 2 2 2 2 1 1 1 1 1 1 1 1 1 1 1 0 0 0
 26 26 21 15 15 15 13 13 13 13 12 20 20 13 4 4 4 4 4 6 6 6 5 5 5 5 3 2 2 2 2 2 1 1 1 1 1 0 0 0 0 0 0 0 0 0
 55 55 50 36 36 14 10 10 9 9 9 18 18 17 9 9 10 10 14 14 14 13 7 7 4 4 2 0 0 1 0 0 0 0 0 0 0 0 0 0 0 0 0 0 0 0
 55 55 50 36 36 14 10 10 9 9 9 18 18 17 9 9 10 10 14 14 14 13 7 7 4 4 2 0 0 1 0 0 0 0 0 0 0 0 0 0 0 0 0 0 0 0
 61 61 61 36 36 10 11 11 16 16 11 17 17 14 20 20 14 14 15 11 11 8 5 5 5 5 1 0 0 0 0 0 0 0 0 0 0 0 0 0 0 0 0 0 0 0
 61 61 61 36 36 10 11 11 16 16 11 17 17 14 20 20 14 14 15 11 11 8 5 5 5 5 1 0 0 0 0 0 0 0 0 0 0 0 0 0 0 0 0 0 0 0
 80 80 66 51 51 21 11 11 12 12 13 17 17 11 17 17 23 23 20 12 12 12 6 6 1 1 0 0 0 0 0 0 0 0 0 0 0 0 0 0 0 0 0 0 0 0
 43 43 31 45 45 21 10 10 13 13 12 9 9 7 7 7 8 8 12 11 11 10 4 4 0 0 0 0 0 0 0 0 0 0 0 0 0 0 0 0 0 0 0 0 0 0
 43 43 31 45 45 21 10 10 13 13 12 9 9 7 7 7 8 8 12 11 11 10 4 4 0 0 0 0 0 0 0 0 0 0 0 0 0 0 0 0 0 0 0 0 0 0
 34 34 23 8 8 7 7 7 9 9 9 5 5 6 6 6 11 11 11 11 11 9 9 9 2 2 0 0 0 0 0 0 0 0 0 0 0 0 0 0 0 0 0 0 0 0
 9 9 9 8 8 8 10 10 7 7 7 4 4 5 6 6 8 8 10 8 8 3 10 10 3 3 0 1 1 1 0 0 1 1 1 0 0 0 0 0 0 0 0 0 0 0
 9 9 9 8 8 8 10 10 7 7 7 4 4 5 6 6 8 8 10 8 8 3 10 10 3 3 0 1 1 1 0 0 1 1 1 0 0 0 0 0 0 0 0 0 0 0
 5 5 6 8 8 7 5 5 4 4 3 3 3 5 5 5 10 10 10 7 7 4 1 1 1 1 0 0 0 0 0 0 0 0 0 0 0 0 0 0 0 0 0 0 0 0
 5 5 6 8 8 7 5 5 4 4 3 3 3 5 5 5 10 10 10 7 7 4 1 1 1 1 0 0 0 0 0 0 0 0 0 0 0 0 0 0 0 0 0 0 0 0
 2 2 5 5 5 4 2 2 2 2 3 4 4 5 10 10 11 11 7 2 2 3 2 2 1 1 5 6 6 1 1 1 0 0 0 1 1 2 1 1 0 0 0 0 0 0
 2 2 2 0 0 1 1 1 1 1 1 1 1 5 5 5 6 6 10 10 10 12 3 3 6 6 5 6 6 1 2 2 2 2 1 3 3 4 4 4 1 1 0 1 1 0
 2 2 2 0 0 1 1 1 1 1 1 1 1 5 5 5 6 6 10 10 10 12 3 3 6 6 5 6 6 1 2 2 2 2 1 3 3 4 4 4 1 1 0 1 1 0
 1 1 2 0 0 1 1 1 1 1 1 1 1 3 3 3 1 1 9 10 10 12 5 5 7 7 3 2 2 2 1 1 3 3 4 3 3 2 2 2 1 1 1 0 0 0
 1 1 1 1 1 2 2 2 2 2 1 4 4 3 3 3 5 5 5 12 12 7 14 14 7 7 3 2 2 2 1 1 2 2 3 3 3 3 3 3 2 2 2 1 1 0
 1 1 1 1 1 2 2 2 2 2 1 4 4 3 3 3 5 5 5 12 12 7 14 14 7 7 3 2 2 2 1 1 2 2 3 3 3 3 3 3 2 2 2 1 1 0
 0 0 2 2 2 2 4 4 4 4 1 1 1 2 2 2 9 9 6 13 13 10 10 10 12 12 6 4 4 3 2 2 2 2 2 2 2 2 2 2 1 1 1 1 1 0
 0 0 2 2 2 2 4 4 4 4 1 1 1 2 2 2 9 9 6 13 13 10 10 10 12 12 6 4 4 3 2 2 2 2 2 2 2 2 2 2 1 1 1 1 1 0
 0 0 1 1 1 5 8 8 6 6 1 1 1 3 3 3 10 10 8 8 8 7 4 4 11 11 3 3 3 1 1 1 2 2 2 1 1 2 1 1 0 0 0 0 0 0
 0 0 0 1 1 4 11 11 7 7 2 2 2 2 7 7 10 10 5 3 3 2 2 2 4 4 2 2 2 1 1 1 1 1 2 2 2 0 1 1 0 0 1 1 1 2
 0 0 0 1 1 4 11 11 7 7 2 2 2 2 7 7 10 10 5 3 3 2 2 2 4 4 2 2 2 1 1 1 1 1 2 2 2 0 1 1 0 0 1 1 1 2
 0 0 0 1 1 2 2 2 5 5 3 2 2 3 10 10 10 10 8 4 4 2 2 2 4 4 4 2 2 3 3 3 1 1 1 1 1 1 2 2 2 2 2 3 3 7
 1 1 0 1 1 1 1 1 2 2 2 3 3 8 7 7 9 9 11 6 6 3 15 15 17 17 17 2 2 3 2 2 1 1 1 1 1 2 4 4 3 3 2 2 2 2
 1 1 0 1 1 1 1 1 2 2 2 3 3 8 7 7 9 9 11 6 6 3 15 15 17 17 17 2 2 3 2 2 1 1 1 1 1 2 4 4 3 3 2 2 2 2
 1 1 1 1 1 2 2 2 2 2 3 5 5 9 10 10 12 12 11 5 5 4 16 16 17 17 15 10 10 4 2 2 2 2 1 1 1 1 1 1 1 1 1 2 2 2
 1 1 1 1 1 2 2 2 2 2 3 5 5 9 10 10 12 12 11 5 5 4 16 16 17 17 15 10 10 4 2 2 2 2 1 1 1 1 1 1 1 1 1 2 2 2
 2 2 2 2 2 3 2 2 2 2 2 4 4 5 7 7 10 10 8 5 5 4 3 3 17 17 11 12 12 3 2 2 3 3 1 1 1 1 0 0 0 0 0 1 1 0
 4 4 3 3 3 2 2 2 2 2 2 3 3 3 3 3 3 3 3 5 5 4 4 4 17 17 11 11 11 3 1 1 2 2 1 1 1 0 0 0 0 0 0 0 0 0
 4 4 3 3 3 2 2 2 2 2 2 3 3 3 3 3 3 3 3 5 5 4 4 4 17 17 11 11 11 3 1 1 2 2 1 1 1 0 0 0 0 0 0 0 0 0
 3 3 2 2 2 1 1 1 3 3 3 1 1 2 1 1 1 1 1 3 3 3 4 4 1 1 4 4 4 2 0 0 0 0 1 1 1 0 0 0 0 0 0 0 0 0
 1 1 1 1 1 1 1 1 1 1 2 2 2 2 2 2 1 1 1 1 1 1 2 2 4 4 2 1 1 2 1 1 1 1 1 1 1 0 0 0 0 0 0 0 0 0
 1 1 1 1 1 1 1 1 1 1 2 2 2 2 2 2 1 1 1 1 1 1 2 2 4 4 2 1 1 2 1 1 1 1 1 1 1 0 0 0 0 0 0 0 0 0
 0 0 0 0 0 0 1 1 0 0 1 0 0 2 2 2 2 2 1 1 1 1 3 3 7 7 2 0 0 1 1 1 1 1 1 1 1 0 0 0 0 0 0 0 0 0
 0 0 0 0 0 0 1 1 0 0 1 0 0 2 2 2 2 2 1 1 1 1 3 3 7 7 2 0 0 1 1 1 1 1 1 1 1 0 0 0 0 0 0 0 0 0
 1 1 1 0 0 0 0 0 0 0 0 0 0 1 1 1 1 1 1 3 3 4 6 6 5 5 2 1 1 1 1 1 1 1 1 1 1 0 0 0 0 0 0 0 0 0
 1 1 2 1 1 0 0 0 0 0 1 1 1 1 1 1 1 1 3 4 4 5 9 9 4 4 2 2 2 1 1 1 1 1 1 1 1 0 0 0 0 0 0 0 0 0
 1 1 2 1 1 0 0 0 0 0 1 1 1 1 1 1 1 1 3 4 4 5 9 9 4 4 2 2 2 1 1 1 1 1 1 1 1 0 0 0 0 0 0 0 0 0
 1 1 1 1 1 1 0 0 1 1 1 1 1 2 1 1 2 2 5 4 4 5 7 7 6 6 2 2 2 2 2 2 1 1 1 1 1 0 0 0 0 0 0 0 0 0
 2 2 1 1 1 1 1 1 1 1 1 1 1 1 1 1 2 2 4 3 3 3 5 5 5 5 3 4 4 4 2 2 2 2 2 2 2 1 0 0 0 0 0 0 0 0
 2 2 1 1 1 1 1 1 1 1 1 1 1 1 1 1 2 2 4 3 3 3 5 5 5 5 3 4 4 4 2 2 2 2 2 2 2 1 0 0 0 0 0 0 0 0
 1 1 1 1 1 1 1 1 1 1 1 1 1 1 1 1 1 1 2 1 1 1 2 2 1 1 3 4 4 3 1 1 1 1 1 1 1 0 0 0 0 0 0 0 0 0
 1 1 1 1 1 1 1 1 1 1 1 1 1 1 1 1 1 1 2 1 1 1 2 2 1 1 3 4 4 3 1 1 1 1 1 1 1 0 0 0 0 0 0 0 0 0
 0 0 1 2 2 1 1 1 1 1 1 1 1 1 1 1 2 2 1 1 1 1 1 1 2 2 4 3 3 2 1 1 1 1 0 0 0 0 0 0 0 0 0 0 0 0
 0 0 0 1 1 1 1 1 1 1 0 1 1 1 1 1 1 1 1 1 1 0 0 0 3 3 3 2 2 1 1 1 1 1 0 0 0 0 0 0 0 0 0 0 0 0
 0 0 0 1 1 1 1 1 1 1 0 1 1 1 1 1 1 1 1 1 1 0 0 0 3 3 3 2 2 1 1 1 1 1 0 0 0 0 0 0 0 0 0 0 0 0
 0 0 0 1 1 2 2 2 2 2 1 2 2 2 1 1 1 1 0 1 1 1 1 1 3 3 2 1 1 0 1 1 0 0 0 0 0 0 0 0 0 0 0 0 0 0
 0 0 0 0 0 1 1 1 1 1 1 2 2 1 1 1 1 1 1 1 1 2 1 1 1 1 2 1 1 1 0 0 1 1 0 0 0 0 0 0 0 0 0 0 0 0
