assets/RAT_results/precipitation/2022-05-18_IMERG.asc
ncols        46
nrows        77
xllcorner    74.800261325624
yllcorner    8.058333333333
cellsize     0.062500000000
NODATA_value -9999
 33 33 26 19 19 15 14 14 21 21 19 24 24 23 57 57 44 44 30 12 12 13 14 14 8 8 12 12 12 16 13 13 34 34 11 10 10 6 2 2 2 2 3 3 3 2
 36 36 31 26 26 17 16 16 21 21 19 19 19 29 35 35 31 31 28 16 16 14 14 14 9 9 12 19 19 25 45 45 44 44 14 12 12 15 12 12 3 3 6 2 2 1
 36 36 31 26 26 17 16 16 21 21 19 19 19 29 35 35 31 31 28 16 16 14 14 14 9 9 12 19 19 25 45 45 44 44 14 12 12 15 12 12 3 3 6 2 2 1
 58 58 40 27 27 23 18 18 14 14 15 18 18 32 35 35 34 34 32 26 26 24 20 20 13 13 19 17 17 30 33 33 45 45 36 36 36 19 12 12 1 1 1 1 1 0
 47 47 36 28 28 27 26 26 18 18 18 16 16 27 20 20 32 32 22 25 25 24 15 15 15 15 17 18 18 46 50 50 42 42 36 27 27 10 7 7 1 1 1 1 1 0
 47 47 36 28 28 27 26 26 18 18 18 16 16 27 20 20 32 32 22 25 25 24 15 15 15 15 17 18 18 46 50 50 42 42 36 27 27 10 7 7 1 1 1 1 1 0
 51 51 49 43 43 37 34 34 24 24 17 13 13 15 10 10 18 18 13 15 15 19 18 18 16 16 17 17 17 22 27 27 43 43 42 33 33 5 3 3 1 1 1 1 1 1
 51 51 49 43 43 37 34 34 24 24 17 13 13 15 10 10 18 18 13 15 15 19 18 18 16 16 17 17 17 22 27 27 43 43 42 33 33 5 3 3 1 1 1 1 1 1
 54 54 50 45 45 40 35 35 27 27 16 16 16 13 9 9 9 9 9 12 12 13 14 14 14 14 19 15 15 21 25 25 13 13 17 18 18 15 4 4 4 4 2 5 5 2
 72 72 56 53 53 42 36 36 32 32 34 18 18 16 12 12 7 7 8 10 10 10 9 9 8 8 12 9 9 8 15 15 13 13 18 19 19 14 4 4 3 3 3 3 3 3
 72 72 56 53 53 42 36 36 32 32 34 18 18 16 12 12 7 7 8 10 10 10 9 9 8 8 12 9 9 8 15 15 13 13 18 19 19 14 4 4 3 3 3 3 3 3
 99 99 57 50 50 40 35 35 34 34 36 31 31 27 16 16 10 10 7 9 9 7 7 7 9 9 9 8 8 10 9 9 8 8 7 4 4 3 4 4 4 4 4 6 6 4
 100 100 60 65 65 58 40 40 39 39 36 27 27 26 22 22 10 10 9 9 9 6 8 8 7 7 5 7 7 11 8 8 7 7 4 2 2 2 2 2 3 3 3 2 2 2
 100 100 60 65 65 58 40 40 39 39 36 27 27 26 22 22 10 10 9 9 9 6 8 8 7 7 5 7 7 11 8 8 7 7 4 2 2 2 2 2 3 3 3 2 2 2
 115 115 102 67 67 62 44 44 42 42 42 30 30 22 21 21 17 17 9 9 9 9 9 9 5 5 5 7 7 7 4 4 3 3 2 1 1 1 1 1 1 1 1 1 1 3
 115 115 102 67 67 62 44 44 42 42 42 30 30 22 21 21 17 17 9 9 9 9 9 9 5 5 5 7 7 7 4 4 3 3 2 1 1 1 1 1 1 1 1 1 1 3
 144 144 116 96 96 65 60 60 51 51 43 28 28 22 16 16 18 18 13 8 8 10 10 10 5 5 5 4 4 5 3 3 3 3 2 1 1 1 1 1 0 0 0 0 0 1
 155 155 138 108 108 63 66 66 49 49 34 27 27 24 18 18 17 17 14 10 10 12 11 11 6 6 4 4 4 4 2 2 3 3 2 2 2 2 1 1 0 0 0 1 1 0
 155 155 138 108 108 63 66 66 49 49 34 27 27 24 18 18 17 17 14 10 10 12 11 11 6 6 4 4 4 4 2 2 3 3 2 2 2 2 1 1 0 0 0 1 1 0
 127 127 146 139 139 74 59 59 45 45 29 31 31 26 24 24 20 20 16 13 13 13 12 12 8 8 8 7 7 3 2 2 3 3 3 3 3 3 2 2 0 0 0 0 0 0
 116 116 133 113 113 61 74 74 32 32 31 35 35 31 27 27 26 26 19 12 12 12 11 11 10 10 5 4 4 4 2 2 4 4 5 4 4 3 2 2 1 1 0 0 0 0
 116 116 133 113 113 61 74 74 32 32 31 35 35 31 27 27 26 26 19 12 12 12 11 11 10 10 5 4 4 4 2 2 4 4 5 4 4 3 2 2 1 1 0 0 0 0
 104 104 107 96 96 74 69 69 42 42 49 38 38 34 34 34 27 27 18 10 10 9 11 11 7 7 7 6 6 4 6 6 5 5 4 3 3 2 1 1 1 1 0 0 0 1
 104 104 107 96 96 74 69 69 42 42 49 38 38 34 34 34 27 27 18 10 10 9 11 11 7 7 7 6 6 4 6 6 5 5 4 3 3 2 1 1 1 1 0 0 0 1
 99 99 75 89 89 83 75 75 54 54 52 36 36 37 29 29 29 29 17 9 9 6 6 6 7 7 7 11 11 8 6 6 4 4 4 2 2 1 1 1 1 1 1 1 1 2
 61 61 75 91 91 79 69 69 70 70 55 34 34 35 29 29 24 24 21 8 8 5 4 4 7 7 8 11 11 8 4 4 4 4 3 2 2 2 3 3 4 4 4 5 5 6
 61 61 75 91 91 79 69 69 70 70 55 34 34 35 29 29 24 24 21 8 8 5 4 4 7 7 8 11 11 8 4 4 4 4 3 2 2 2 3 3 4 4 4 5 5 6
 51 51 54 41 41 38 68 68 64 64 49 27 27 30 25 25 25 25 17 17 17 5 5 5 6 6 6 7 7 10 11 11 6 6 3 4 4 8 7 7 9 9 11 13 13 10
 42 42 33 40 40 32 23 23 25 25 26 23 23 30 20 20 20 20 17 18 18 7 5 5 5 5 6 5 5 9 10 10 11 11 5 8 8 8 10 10 12 12 14 16 16 12
 42 42 33 40 40 32 23 23 25 25 26 23 23 30 20 20 20 20 17 18 18 7 5 5 5 5 6 5 5 9 10 10 11 11 5 8 8 8 10 10 12 12 14 16 16 12
 49 49 29 39 39 41 27 27 24 24 22 23 23 26 21 21 20 20 15 13 13 9 7 7 7 7 7 4 4 4 7 7 10 10 9 10 10 11 9 9 12 12 14 13 13 14
 49 49 29 39 39 41 27 27 24 24 22 23 23 26 21 21 20 20 15 13 13 9 7 7 7 7 7 4 4 4 7 7 10 10 9 10 10 11 9 9 12 12 14 13 13 14
 63 63 32 35 35 36 23 23 23 23 23 18 18 23 25 25 24 24 18 15 15 22 15 15 10 10 6 5 5 8 12 12 9 9 9 10 10 9 8 8 10 10 11 11 11 12
 62 62 44 53 53 37 33 33 30 30 19 19 19 23 21 21 23 23 15 13 13 16 15 15 16 16 12 10 10 14 14 14 11 11 7 8 8 8 6 6 7 7 8 8 8 10
 62 62 44 53 53 37 33 33 30 30 19 19 19 23 21 21 23 23 15 13 13 16 15 15 16 16 12 10 10 14 14 14 11 11 7 8 8 8 6 6 7 7 8 8 8 10
 65 65 65 68 68 58 48 48 37 37 26 20 20 20 18 18 23 23 14 13 13 17 19 19 15 15 14 15 15 18 19 19 14 14 16 10 10 10 4 4 6 6 6 5 5 5
 74 74 86 91 91 105 88 88 54 54 37 26 26 16 15 15 15 15 14 12 12 18 22 22 18 18 15 17 17 15 21 21 17 17 17 15 15 10 5 5 2 2 4 2 2 1
 74 74 86 91 91 105 88 88 54 54 37 26 26 16 15 15 15 15 14 12 12 18 22 22 18 18 15 17 17 15 21 21 17 17 17 15 15 10 5 5 2 2 4 2 2 1
 101 101 139 119 119 142 152 152 64 64 52 25 25 15 14 14 14 14 13 11 11 13 19 19 19 19 17 14 14 14 17 17 18 18 20 15 15 10 5 5 5 5 2 1 1 1
 101 101 139 119 119 142 152 152 64 64 52 25 25 15 14 14 14 14 13 11 11 13 19 19 19 19 17 14 14 14 17 17 18 18 20 15 15 10 5 5 5 5 2 1 1 1
 146 146 151 159 159 234 266 266 155 155 74 35 35 16 14 14 13 13 14 14 14 14 19 19 24 24 16 17 17 8 14 14 21 21 12 11 11 17 4 4 1 1 6 1 1 0
 79 79 110 87 87 201 272 272 274 274 208 36 36 23 17 17 20 20 17 18 18 19 18 18 21 21 16 15 15 10 11 11 12 12 13 10 10 15 10 10 1 1 1 0 0 0
 79 79 110 87 87 201 272 272 274 274 208 36 36 23 17 17 20 20 17 18 18 19 18 18 21 21 16 15 15 10 11 11 12 12 13 10 10 15 10 10 1 1 1 0 0 0
 46 46 56 43 43 58 79 79 172 172 196 39 39 19 19 19 16 16 19 23 23 19 20 20 17 17 18 17 17 9 8 8 9 9 13 9 9 18 7 7 2 2 1 0 0 0
 40 40 35 29 29 29 33 33 56 56 49 31 31 23 20 20 19 19 21 26 26 31 25 25 26 26 18 16 16 12 10 10 7 7 8 8 8 18 10 10 2 2 0 3 3 0
 40 40 35 29 29 29 33 33 56 56 49 31 31 23 20 20 19 19 21 26 26 31 25 25 26 26 18 16 16 12 10 10 7 7 8 8 8 18 10 10 2 2 0 3 3 0
 39 39 35 31 31 24 27 27 39 39 24 23 23 23 21 21 21 21 18 18 18 22 22 22 24 24 23 17 17 9 9 9 7 7 8 10 10 7 6 6 4 4 1 4 4 0
 39 39 35 31 31 24 27 27 39 39 24 23 23 23 21 21 21 21 18 18 18 22 22 22 24 24 23 17 17 9 9 9 7 7 8 10 10 7 6 6 4 4 1 4 4 0
 32 32 31 28 28 25 26 26 30 30 27 18 18 25 29 29 18 18 12 18 18 18 22 22 23 23 22 20 20 10 6 6 4 4 5 9 9 6 4 4 3 3 0 3 3 0
 32 32 29 23 23 20 24 24 24 24 24 16 16 18 22 22 14 14 9 9 9 11 18 18 19 19 20 12 12 9 4 4 3 3 2 5 5 2 4 4 3 3 0 0 0 0
 32 32 29 23 23 20 24 24 24 24 24 16 16 18 22 22 14 14 9 9 9 11 18 18 19 19 20 12 12 9 4 4 3 3 2 5 5 2 4 4 3 3 0 0 0 0
 35 35 23 21 21 18 17 17 23 23 23 16 16 18 16 16 9 9 8 10 10 13 11 11 17 17 18 13 13 9 5 5 3 3 2 1 1 4 3 3 1 1 0 0 0 0
 45 45 39 34 34 20 17 17 14 14 11 14 14 19 9 9 6 6 7 10 10 13 10 10 11 11 14 15 15 7 2 2 1 1 1 1 1 5 2 2 1 1 2 0 0 0
 45 45 39 34 34 20 17 17 14 14 11 14 14 19 9 9 6 6 7 10 10 13 10 10 11 11 14 15 15 7 2 2 1 1 1 1 1 5 2 2 1 1 2 0 0 0
 42 42 40 35 35 18 16 16 12 12 9 7 7 12 7 7 6 6 4 9 9 10 9 9 9 9 12 14 14 7 2 2 2 2 1 1 1 6 5 5 1 1 3 0 0 0
 42 42 40 35 35 18 16 16 12 12 9 7 7 12 7 7 6 6 4 9 9 10 9 9 9 9 12 14 14 7 2 2 2 2 1 1 1 6 5 5 1 1 3 0 0 0
 38 38 30 31 31 16 12 12 11 11 8 4 4 5 4 4 5 5 4 7 7 9 9 9 10 10 9 12 12 4 3 3 2 2 1 1 1 4 5 5 3 3 3 3 3 0
 38 38 32 16 16 14 13 13 10 10 7 3 3 5 6 6 5 5 4 6 6 6 6 6 6 6 9 10 10 7 4 4 6 6 1 1 1 5 4 4 4 4 0 4 4 0
 38 38 32 16 16 14 13 13 10 10 7 3 3 5 6 6 5 5 4 6 6 6 6 6 6 6 9 10 10 7 4 4 6 6 1 1 1 5 4 4 4 4 0 4 4 0
 38 38 36 19 19 16 13 13 5 5 4 3 3 3 4 4 5 5 4 7 7 8 8 8 4 4 6 5 5 7 6 6 8 8 2 1 1 4 4 4 4 4 4 3 3 0
 29 29 29 20 20 20 15 15 6 6 6 2 2 2 4 4 5 5 5 6 6 7 5 5 3 3 3 2 2 5 7 7 3 3 2 3 3 5 1 1 5 5 6 3 3 0
 29 29 29 20 20 20 15 15 6 6 6 2 2 2 4 4 5 5 5 6 6 7 5 5 3 3 3 2 2 5 7 7 3 3 2 3 3 5 1 1 5 5 6 3 3 0
 24 24 27 18 18 14 12 12 3 3 2 3 3 2 3 3 4 4 3 4 4 4 2 2 1 1 1 2 2 3 4 4 5 5 4 3 3 6 5 5 6 6 6 5 5 3
 24 24 27 18 18 14 12 12 3 3 2 3 3 2 3 3 4 4 3 4 4 4 2 2 1 1 1 2 2 3 4 4 5 5 4 3 3 6 5 5 6 6 6 5 5 3
 18 18 16 14 14 14 9 9 4 4 4 6 6 6 5 5 3 3 3 3 3 3 1 1 1 1 1 1 1 2 3 3 5 5 7 7 7 9 10 10 10 10 7 5 5 3
 17 17 14 12 12 11 8 8 9 9 12 9 9 5 3 3 2 2 2 2 2 2 1 1 1 1 1 1 1 2 4 4 5 5 5 11 11 12 9 9 11 11 11 9 9 4
 17 17 14 12 12 11 8 8 9 9 12 9 9 5 3 3 2 2 2 2 2 2 1 1 1 1 1 1 1 2 4 4 5 5 5 11 11 12 9 9 11 11 11 9 9 4
 19 19 16 13 13 15 14 14 14 14 15 10 10 6 5 5 4 4 2 2 2 2 1 1 1 1 1 1 1 2 4 4 4 4 7 12 12 15 15 15 13 13 12 11 11 5
 21 21 19 19 19 17 15 15 14 14 14 8 8 8 9 9 8 8 2 2 2 2 2 2 1 1 4 5 5 4 3 3 9 9 11 17 17 14 15 15 16 16 11 11 11 10
 21 21 19 19 19 17 15 15 14 14 14 8 8 8 9 9 8 8 2 2 2 2 2 2 1 1 4 5 5 4 3 3 9 9 11 17 17 14 15 15 16 16 11 11 11 10
 23 23 21 20 20 19 16 16 17 17 17 10 10 11 7 7 3 3 2 2 2 2 2 2 2 2 5 6 6 6 10 10 13 13 17 16 16 15 17 17 17 17 18 12 12 12
 23 23 21 20 20 19 16 16 17 17 17 10 10 11 7 7 3 3 2 2 2 2 2 2 2 2 5 6 6 6 10 10 13 13 17 16 16 15 17 17 17 17 18 12 12 12
 22 22 19 18 18 18 16 16 15 15 14 11 11 11 10 10 4 4 3 4 4 4 4 4 6 6 8 8 8 13 12 12 13 13 16 17 17 18 23 23 23 23 10 11 11 12
 26 26 18 16 16 14 13 13 13 13 13 11 11 10 10 10 6 6 6 4 4 5 6 6 15 15 9 11 11 16 17 17 14 14 17 17 17 19 22 22 17 17 10 9 9 3
 26 26 18 16 16 14 13 13 13 13 13 11 11 10 10 10 6 6 6 4 4 5 6 6 15 15 9 11 11 16 17 17 14 14 17 17 17 19 22 22 17 17 10 9 9 3
 27 27 22 17 17 15 13 13 13 13 14 12 12 11 10 10 8 8 10 10 10 9 10 10 20 20 21 25 25 28 24 24 18 18 19 17 17 17 22 22 9 9 10 8 8 2
 35 35 25 19 19 16 13 13 13 13 12 14 14 13 12 12 11 11 13 13 13 13 21 21 22 22 21 32 32 28 27 27 17 17 13 18 18 18 21 21 14 14 7 5 5 1
