assets/RAT_results/precipitation/2022-05-03_IMERG.asc
ncols        46
nrows        77
xllcorner    74.800261325624
yllcorner    8.058333333333
cellsize     0.062500000000
NODATA_value -9999
 9 9 7 5 5 3 6 6 5 5 7 3 3 4 3 3 6 6 3 4 4 4 5 5 5 5 4 3 3 3 5 5 5 5 18 26 26 25 27 27 24 24 25 16 16 9
 12 12 35 17 17 14 16 16 15 15 13 5 5 5 5 5 5 5 4 5 5 5 6 6 5 5 5 3 3 3 4 4 3 3 3 27 27 31 31 31 29 29 35 10 10 9
 12 12 35 17 17 14 16 16 15 15 13 5 5 5 5 5 5 5 4 5 5 5 6 6 5 5 5 3 3 3 4 4 3 3 3 27 27 31 31 31 29 29 35 10 10 9
 13 13 52 128 128 18 19 19 16 16 14 8 8 9 10 10 7 7 7 4 4 9 6 6 5 5 4 3 3 4 4 4 3 3 4 3 3 15 29 29 30 30 15 9 9 11
 55 55 52 128 128 127 44 44 23 23 22 18 18 8 9 9 8 8 9 5 5 8 7 7 4 4 4 4 4 30 29 29 5 5 3 2 2 21 34 34 24 24 13 15 15 22
 55 55 52 128 128 127 44 44 23 23 22 18 18 8 9 9 8 8 9 5 5 8 7 7 4 4 4 4 4 30 29 29 5 5 3 2 2 21 34 34 24 24 13 15 15 22
 98 98 91 84 84 45 47 47 27 27 23 18 18 13 13 13 12 12 8 8 8 4 7 7 6 6 18 39 39 30 29 29 5 5 5 9 9 28 25 25 20 20 16 15 15 24
 98 98 91 84 84 45 47 47 27 27 23 18 18 13 13 13 12 12 8 8 8 4 7 7 6 6 18 39 39 30 29 29 5 5 5 9 9 28 25 25 20 20 16 15 15 24
 56 56 90 81 81 43 44 44 28 28 24 20 20 15 15 15 13 13 9 5 5 4 6 6 6 6 18 98 98 98 36 36 6 6 5 9 9 25 20 20 12 12 11 8 8 15
 55 55 93 79 79 107 20 20 24 24 18 14 14 16 16 16 14 14 9 3 3 3 6 6 9 9 38 101 101 98 90 90 90 90 6 4 4 4 15 15 8 8 7 5 5 10
 55 55 93 79 79 107 20 20 24 24 18 14 14 16 16 16 14 14 9 3 3 3 6 6 9 9 38 101 101 98 90 90 90 90 6 4 4 4 15 15 8 8 7 5 5 10
 48 48 92 89 89 70 21 21 24 24 17 14 14 23 24 24 21 21 11 4 4 3 2 2 9 9 38 39 39 107 91 91 90 90 6 5 5 4 7 7 14 14 10 9 9 12
 48 48 89 87 87 70 42 42 45 45 28 22 22 24 26 26 23 23 12 4 4 3 1 1 8 8 39 39 39 42 42 42 8 8 4 5 5 4 14 14 14 14 12 11 11 10
 48 48 89 87 87 70 42 42 45 45 28 22 22 24 26 26 23 23 12 4 4 3 1 1 8 8 39 39 39 42 42 42 8 8 4 5 5 4 14 14 14 14 12 11 11 10
 35 35 82 54 54 54 48 48 45 45 30 25 25 24 26 26 14 14 11 5 5 2 2 2 4 4 7 22 22 44 41 41 7 7 3 3 3 5 5 5 7 7 5 4 4 5
 35 35 82 54 54 54 48 48 45 45 30 25 25 24 26 26 14 14 11 5 5 2 2 2 4 4 7 22 22 44 41 41 7 7 3 3 3 5 5 5 7 7 5 4 4 5
 33 33 43 51 51 52 46 46 33 33 33 28 28 16 13 13 6 6 1 1 1 3 2 2 4 4 7 8 8 6 5 5 6 6 4 5 5 5 6 6 6 6 2 1 1 2
 39 39 40 73 73 84 82 82 28 28 27 8 8 9 10 10 4 4 1 2 2 6 1 1 3 3 5 6 6 12 14 14 9 9 3 5 5 7 7 7 5 5 2 1 1 1
 39 39 40 73 73 84 82 82 28 28 27 8 8 9 10 10 4 4 1 2 2 6 1 1 3 3 5 6 6 12 14 14 9 9 3 5 5 7 7 7 5 5 2 1 1 1
 4 4 5 5 5 4 79 79 26 26 4 7 7 68 49 49 49 49 1 2 2 5 4 4 15 15 15 18 18 16 13 13 10 10 5 6 6 8 8 8 4 4 1 1 1 1
 3 3 3 3 3 3 2 2 2 2 1 3 3 65 6 6 50 50 1 4 4 4 4 4 15 15 15 18 18 10 16 16 9 9 4 5 5 5 8 8 4 4 4 1 1 1
 3 3 3 3 3 3 2 2 2 2 1 3 3 65 6 6 50 50 1 4 4 4 4 4 15 15 15 18 18 10 16 16 9 9 4 5 5 5 8 8 4 4 4 1 1 1
 3 3 3 4 4 3 2 2 2 2 4 1 1 7 7 7 6 6 2 6 6 3 3 3 9 9 10 12 12 7 8 8 6 6 12 16 16 17 16 16 5 5 4 1 1 2
 3 3 3 4 4 3 2 2 2 2 4 1 1 7 7 7 6 6 2 6 6 3 3 3 9 9 10 12 12 7 8 8 6 6 12 16 16 17 16 16 5 5 4 1 1 2
 4 4 4 4 4 3 3 3 3 3 4 6 6 12 9 9 8 8 8 7 7 5 4 4 3 3 11 4 4 3 2 2 7 7 12 63 63 31 14 14 14 14 4 1 1 1
 4 4 4 4 4 3 3 3 9 9 9 51 51 8 40 40 10 10 11 10 10 11 9 9 6 6 5 4 4 4 7 7 34 34 66 63 63 31 14 14 14 14 1 0 0 0
 4 4 4 4 4 3 3 3 9 9 9 51 51 8 40 40 10 10 11 10 10 11 9 9 6 6 5 4 4 4 7 7 34 34 66 63 63 31 14 14 14 14 1 0 0 0
 5 5 4 3 3 3 85 85 86 86 11 51 51 40 42 42 32 32 19 20 20 17 14 14 11 11 6 4 4 7 6 6 33 33 2 3 3 2 2 2 1 1 1 0 0 0
 5 5 4 3 3 2 85 85 85 85 87 66 66 74 76 76 48 48 31 24 24 23 18 18 14 14 6 2 2 1 1 1 3 3 4 5 5 4 3 3 3 3 0 0 0 0
 5 5 4 3 3 2 85 85 85 85 87 66 66 74 76 76 48 48 31 24 24 23 18 18 14 14 6 2 2 1 1 1 3 3 4 5 5 4 3 3 3 3 0 0 0 0
 5 5 4 3 3 115 116 116 116 116 97 112 112 74 75 75 47 47 31 32 32 24 19 19 11 11 6 2 2 0 1 1 2 2 4 5 5 5 8 8 3 3 22 0 0 0
 5 5 4 3 3 115 116 116 116 116 97 112 112 74 75 75 47 47 31 32 32 24 19 19 11 11 6 2 2 0 1 1 2 2 4 5 5 5 8 8 3 3 22 0 0 0
 6 6 3 2 2 82 114 114 114 114 96 109 109 78 68 68 71 71 41 22 22 21 14 14 9 9 5 1 1 0 1 1 2 2 3 5 5 4 6 6 23 23 22 1 1 0
 6 6 3 2 2 81 113 113 112 112 83 6 6 7 3 3 67 67 36 18 18 17 9 9 4 4 2 0 0 0 1 1 1 1 2 4 4 3 5 5 1 1 0 0 0 0
 6 6 3 2 2 81 113 113 112 112 83 6 6 7 3 3 67 67 36 18 18 17 9 9 4 4 2 0 0 0 1 1 1 1 2 4 4 3 5 5 1 1 0 0 0 0
 8 8 6 4 4 1 45 45 44 44 3 6 6 6 1 1 6 6 7 12 12 3 2 2 1 1 0 0 0 1 2 2 1 1 1 1 1 1 1 1 0 0 0 0 0 0
 5 5 5 3 3 1 44 44 43 43 3 0 0 0 0 0 1 1 5 0 0 0 0 0 0 0 0 0 0 1 2 2 1 1 1 0 0 0 0 0 1 1 1 1 1 1
 5 5 5 3 3 1 44 44 43 43 3 0 0 0 0 0 1 1 5 0 0 0 0 0 0 0 0 0 0 1 2 2 1 1 1 0 0 0 0 0 1 1 1 1 1 1
 2 2 4 3 3 3 0 0 0 0 0 0 0 1 0 0 1 1 0 0 0 0 0 0 0 0 0 0 0 1 1 1 1 1 1 0 0 0 1 1 2 2 2 2 2 1
 2 2 4 3 3 3 0 0 0 0 0 0 0 1 0 0 1 1 0 0 0 0 0 0 0 0 0 0 0 1 1 1 1 1 1 0 0 0 1 1 2 2 2 2 2 1
 1 1 1 1 1 2 1 1 0 0 0 0 0 1 0 0 0 0 0 0 0 0 0 0 0 0 0 0 0 0 0 0 1 1 1 0 0 0 0 0 1 1 2 1 1 2
 0 0 1 1 1 1 1 1 0 0 0 0 0 0 0 0 0 0 0 0 0 0 0 0 0 0 0 0 0 0 1 1 1 1 2 0 0 0 1 1 2 2 4 3 3 1
 0 0 1 1 1 1 1 1 0 0 0 0 0 0 0 0 0 0 0 0 0 0 0 0 0 0 0 0 0 0 1 1 1 1 2 0 0 0 1 1 2 2 4 3 3 1
 0 0 0 0 0 0 0 0 0 0 0 0 0 1 1 1 0 0 0 0 0 0 0 0 0 0 0 0 0 1 1 1 1 1 1 4 4 4 3 3 5 5 5 4 4 2
 0 0 0 0 0 0 0 0 0 0 0 0 0 0 1 1 0 0 0 1 1 0 0 0 0 0 1 0 0 1 1 1 1 1 1 6 6 5 4 4 5 5 4 2 2 2
 0 0 0 0 0 0 0 0 0 0 0 0 0 0 1 1 0 0 0 1 1 0 0 0 0 0 1 0 0 1 1 1 1 1 1 6 6 5 4 4 5 5 4 2 2 2
 0 0 0 0 0 0 0 0 0 0 0 0 0 0 0 0 1 1 1 1 1 0 0 0 1 1 1 1 1 1 1 1 1 1 1 5 5 5 5 5 1 1 2 0 0 1
 0 0 0 0 0 0 0 0 0 0 0 0 0 0 0 0 1 1 1 1 1 0 0 0 1 1 1 1 1 1 1 1 1 1 1 5 5 5 5 5 1 1 2 0 0 1
 0 0 0 0 0 0 0 0 0 0 0 0 0 0 0 0 0 0 0 0 0 0 0 0 1 1 1 1 1 1 1 1 1 1 1 4 4 0 1 1 1 1 0 0 0 0
 0 0 0 0 0 0 0 0 0 0 0 0 0 0 0 0 0 0 0 0 0 0 0 0 0 0 0 1 1 1 1 1 2 2 1 0 0 0 0 0 0 0 0 0 0 2
 0 0 0 0 0 0 0 0 0 0 0 0 0 0 0 0 0 0 0 0 0 0 0 0 0 0 0 1 1 1 1 1 2 2 1 0 0 0 0 0 0 0 0 0 0 2
 0 0 0 0 0 0 0 0 0 0 0 0 0 0 0 0 1 1 1 1 1 0 0 0 1 1 0 1 1 1 1 1 2 2 1 1 1 0 0 0 0 0 0 0 0 1
 0 0 0 0 0 0 0 0 0 0 0 0 0 0 0 0 2 2 3 1 1 0 0 0 1 1 1 1 1 1 1 1 1 1 0 0 0 0 1 1 0 0 0 0 0 0
 0 0 0 0 0 0 0 0 0 0 0 0 0 0 0 0 2 2 3 1 1 0 0 0 1 1 1 1 1 1 1 1 1 1 0 0 0 0 1 1 0 0 0 0 0 0
 0 0 0 0 0 0 0 0 0 0 0 0 0 0 1 1 1 1 3 1 1 0 0 0 0 0 1 1 1 1 0 0 0 0 0 1 1 1 1 1 1 1 1 1 1 2
 0 0 0 0 0 0 0 0 0 0 0 0 0 0 1 1 1 1 3 1 1 0 0 0 0 0 1 1 1 1 0 0 0 0 0 1 1 1 1 1 1 1 1 1 1 2
 0 0 0 0 0 0 0 0 0 0 0 0 0 0 0 0 0 0 1 1 1 0 0 0 0 0 0 1 1 0 0 0 0 0 0 1 1 1 1 1 1 1 2 3 3 4
 0 0 0 0 0 0 0 0 0 0 0 0 0 0 0 0 0 0 0 0 0 0 0 0 0 0 1 1 1 0 0 0 0 0 1 1 1 1 1 1 1 1 2 1 1 4
 0 0 0 0 0 0 0 0 0 0 0 0 0 0 0 0 0 0 0 0 0 0 0 0 0 0 1 1 1 0 0 0 0 0 1 1 1 1 1 1 1 1 2 1 1 4
 0 0 0 0 0 0 0 0 0 0 0 0 0 0 0 0 0 0 0 0 0 0 0 0 0 0 0 1 1 0 0 0 0 0 0 1 1 1 1 1 1 1 1 3 3 8
 0 0 0 0 0 0 0 0 0 0 0 0 0 0 0 0 0 0 0 0 0 0 0 0 0 0 0 0 0 0 0 0 0 0 0 0 0 0 0 0 1 1 1 5 5 8
 0 0 0 0 0 0 0 0 0 0 0 0 0 0 0 0 0 0 0 0 0 0 0 0 0 0 0 0 0 0 0 0 0 0 0 0 0 0 0 0 1 1 1 5 5 8
 0 0 0 0 0 0 0 0 0 0 0 0 0 0 0 0 0 0 0 0 0 0 0 0 0 0 0 0 0 0 1 1 0 0 0 0 0 0 2 2 0 0 0 7 7 6
 0 0 0 0 0 0 0 0 0 0 0 0 0 0 0 0 0 0 0 0 0 0 0 0 0 0 0 0 0 0 1 1 0 0 0 0 0 0 2 2 0 0 0 7 7 6
 0 0 0 0 0 0 0 0 0 0 0 0 0 0 0 0 0 0 0 0 0 0 0 0 0 0 1 0 0 0 0 0 0 0 0 0 0 0 0 0 0 0 0 4 4 1
 0 0 0 0 0 0 0 0 0 0 0 0 0 0 0 0 0 0 0 0 0 0 0 0 1 1 2 0 0 0 0 0 0 0 0 0 0 0 0 0 0 0 0 0 0 1
 0 0 0 0 0 0 0 0 0 0 0 0 0 0 0 0 0 0 0 0 0 0 0 0 1 1 2 0 0 0 0 0 0 0 0 0 0 0 0 0 0 0 0 0 0 1
 0 0 0 0 0 0 0 0 0 0 1 1 1 1 1 1 0 0 0 0 0 0 0 0 0 0 0 0 0 0 0 0 1 1 0 0 0 0 0 0 0 0 0 0 0 0
 0 0 0 0 0 0 0 0 0 0 2 4 4 2 0 0 0 0 0 0 0 0 0 0 0 0 0 0 0 0 0 0 0 0 0 0 0 0 0 0 0 0 0 0 0 0
 0 0 0 0 0 0 0 0 0 0 2 4 4 2 0 0 0 0 0 0 0 0 0 0 0 0 0 0 0 0 0 0 0 0 0 0 0 0 0 0 0 0 0 0 0 0
 0 0 0 0 0 0 0 0 1 1 1 1 1 1 0 0 0 0 0 0 0 0 0 0 0 0 0 0 0 0 0 0 0 0 0 0 0 0 0 0 0 0 0 0 0 0
 0 0 0 0 0 0 0 0 1 1 1 1 1 1 0 0 0 0 0 0 0 0 0 0 0 0 0 0 0 0 0 0 0 0 0 0 0 0 0 0 0 0 0 0 0 0
 0 0 0 0 0 0 1 1 2 2 1 1 1 1 0 0 0 0 0 0 0 0 0 0 0 0 0 0 0 0 0 0 0 0 0 0 0 0 0 0 0 0 0 0 0 0
 0 0 0 0 0 0 1 1 2 2 1 0 0 0 0 0 0 0 0 0 0 0 0 0 0 0 0 0 0 1 2 2 2 2 0 1 1 1 0 0 0 0 0 0 0 0
 0 0 0 0 0 0 1 1 2 2 1 0 0 0 0 0 0 0 0 0 0 0 0 0 0 0 0 0 0 1 2 2 2 2 0 1 1 1 0 0 0 0 0 0 0 0
 0 0 0 0 0 1 1 1 0 0 0 0 0 0 0 0 0 0 0 0 0 0 0 0 0 0 0 0 0 2 2 2 2 2 0 0 0 0 1 1 0 0 0 0 0 0
 0 0 0 1 1 2 1 1 0 0 0 0 0 0 0 0 0 0 0 0 0 0 0 0 0 0 0 0 0 1 2 2 2 2 1 0 0 0 0 0 0 0 0 0 0 0
