assets/RAT_results/precipitation/2022-05-05_IMERG.asc
ncols        46
nrows        77
xllcorner    74.800261325624
yllcorner    8.058333333333
cellsize     0.062500000000
NODATA_value -9999
 4 4 5 7 7 6 5 5 5 5 4 5 5 4 5 5 7 7 7 5 5 4 8 8 8 8 22 25 25 12 12 12 32 32 18 20 20 15 18 18 14 14 13 17 17 19
 7 7 6 6 6 8 9 9 9 9 4 4 4 4 4 4 3 3 4 3 3 7 9 9 13 13 16 50 50 18 27 27 37 37 22 18 18 24 22 22 15 15 14 13 13 29
 7 7 6 6 6 8 9 9 9 9 4 4 4 4 4 4 3 3 4 3 3 7 9 9 13 13 16 50 50 18 27 27 37 37 22 18 18 24 22 22 15 15 14 13 13 29
 7 7 11 4 4 8 14 14 9 9 7 5 5 3 3 3 3 3 4 3 3 7 7 7 13 13 20 48 48 37 30 30 26 26 19 18 18 21 11 11 8 8 11 36 36 41
 9 9 11 4 4 8 11 11 10 10 7 5 5 2 2 2 3 3 3 4 4 8 7 7 14 14 29 52 52 33 49 49 23 23 19 17 17 12 9 9 6 6 17 32 32 28
 9 9 11 4 4 8 11 11 10 10 7 5 5 2 2 2 3 3 3 4 4 8 7 7 14 14 29 52 52 33 49 49 23 23 19 17 17 12 9 9 6 6 17 32 32 28
 16 16 16 6 6 8 10 10 8 8 8 5 5 4 1 1 3 3 3 4 4 6 12 12 27 27 29 47 47 29 19 19 19 19 10 11 11 5 4 4 9 9 30 22 22 27
 16 16 16 6 6 8 10 10 8 8 8 5 5 4 1 1 3 3 3 4 4 6 12 12 27 27 29 47 47 29 19 19 19 19 10 11 11 5 4 4 9 9 30 22 22 27
 8 8 16 8 8 9 10 10 12 12 8 4 4 3 3 3 3 3 2 3 3 3 12 12 31 31 15 20 20 9 9 9 9 9 3 2 2 3 2 2 6 6 6 11 11 14
 8 8 8 13 13 9 11 11 9 9 8 6 6 4 2 2 1 1 1 2 2 3 9 9 16 16 13 13 13 8 8 8 6 6 4 2 2 2 3 3 7 7 6 27 27 13
 8 8 8 13 13 9 11 11 9 9 8 6 6 4 2 2 1 1 1 2 2 3 9 9 16 16 13 13 13 8 8 8 6 6 4 2 2 2 3 3 7 7 6 27 27 13
 15 15 9 17 17 10 9 9 9 9 5 3 3 2 2 2 1 1 1 1 1 1 5 5 5 5 10 13 13 9 8 8 3 3 3 2 2 5 5 5 3 3 2 6 6 6
 16 16 18 16 16 14 12 12 6 6 3 2 2 3 2 2 2 2 3 2 2 3 4 4 5 5 9 9 9 8 5 5 5 5 4 3 3 5 5 5 4 4 2 3 3 1
 16 16 18 16 16 14 12 12 6 6 3 2 2 3 2 2 2 2 3 2 2 3 4 4 5 5 9 9 9 8 5 5 5 5 4 3 3 5 5 5 4 4 2 3 3 1
 28 28 11 16 16 16 11 11 6 6 3 2 2 1 2 2 2 2 3 3 3 4 2 2 3 3 10 6 6 5 24 24 6 6 4 6 6 7 9 9 9 9 4 2 2 1
 28 28 11 16 16 16 11 11 6 6 3 2 2 1 2 2 2 2 3 3 3 4 2 2 3 3 10 6 6 5 24 24 6 6 4 6 6 7 9 9 9 9 4 2 2 1
 27 27 26 23 23 25 11 11 10 10 8 1 1 1 2 2 2 2 3 3 3 3 3 3 2 2 4 13 13 12 10 10 8 8 9 9 9 8 13 13 7 7 7 1 1 0
 39 39 45 28 28 22 17 17 10 10 7 2 2 1 2 2 3 3 3 3 3 4 4 4 3 3 2 3 3 7 3 3 3 3 4 3 3 5 7 7 6 6 4 1 1 0
 39 39 45 28 28 22 17 17 10 10 7 2 2 1 2 2 3 3 3 3 3 4 4 4 3 3 2 3 3 7 3 3 3 3 4 3 3 5 7 7 6 6 4 1 1 0
 49 49 41 37 37 31 17 17 8 8 8 3 3 2 1 1 1 1 2 3 3 5 4 4 3 3 3 4 4 4 4 4 4 4 5 1 1 2 6 6 8 8 1 0 0 0
 66 66 66 72 72 46 15 15 9 9 4 3 3 1 1 1 0 0 1 1 1 2 2 2 3 3 5 6 6 3 3 3 3 3 2 1 1 1 1 1 0 0 0 0 0 0
 66 66 66 72 72 46 15 15 9 9 4 3 3 1 1 1 0 0 1 1 1 2 2 2 3 3 5 6 6 3 3 3 3 3 2 1 1 1 1 1 0 0 0 0 0 0
 80 80 78 79 79 63 97 97 14 14 9 4 4 2 2 2 0 0 0 0 0 1 2 2 2 2 4 5 5 8 5 5 4 4 3 3 3 1 1 1 0 0 0 0 0 0
 80 80 78 79 79 63 97 97 14 14 9 4 4 2 2 2 0 0 0 0 0 1 2 2 2 2 4 5 5 8 5 5 4 4 3 3 3 1 1 1 0 0 0 0 0 0
 61 61 77 69 69 61 96 96 12 12 4 4 4 1 1 1 1 1 0 0 0 1 1 1 2 2 5 7 7 7 5 5 1 1 0 0 0 0 0 0 0 0 0 0 0 0
 56 56 63 63 63 44 40 40 7 7 2 3 3 0 1 1 1 1 0 0 0 0 0 0 2 2 5 0 0 2 1 1 1 1 0 0 0 0 0 0 0 0 0 0 0 0
 56 56 63 63 63 44 40 40 7 7 2 3 3 0 1 1 1 1 0 0 0 0 0 0 2 2 5 0 0 2 1 1 1 1 0 0 0 0 0 0 0 0 0 0 0 0
 75 75 62 66 66 46 23 23 6 6 1 0 0 0 0 0 1 1 0 1 1 0 0 0 0 0 1 0 0 1 0 0 0 0 0 0 0 0 0 0 0 0 0 0 0 0
 67 67 43 64 64 65 14 14 9 9 2 0 0 0 0 0 1 1 1 1 1 0 0 0 0 0 0 0 0 0 0 0 0 0 0 0 0 0 0 0 0 0 0 0 0 0
 67 67 43 64 64 65 14 14 9 9 2 0 0 0 0 0 1 1 1 1 1 0 0 0 0 0 0 0 0 0 0 0 0 0 0 0 0 0 0 0 0 0 0 0 0 0
 60 60 36 57 57 60 19 19 6 6 2 1 1 0 0 0 1 1 1 1 1 1 0 0 0 0 0 0 0 0 0 0 0 0 0 0 0 0 0 0 0 0 0 0 0 0
 60 60 36 57 57 60 19 19 6 6 2 1 1 0 0 0 1 1 1 1 1 1 0 0 0 0 0 0 0 0 0 0 0 0 0 0 0 0 0 0 0 0 0 0 0 0
 36 36 30 31 31 33 21 21 13 13 7 2 2 2 0 0 1 1 1 1 1 0 1 1 0 0 0 0 0 0 0 0 0 0 0 0 0 0 0 0 0 0 0 0 0 0
 36 36 28 22 22 39 15 15 10 10 7 6 6 4 1 1 0 0 1 0 0 1 1 1 0 0 0 0 0 0 0 0 0 0 0 0 0 0 0 0 0 0 0 0 0 0
 36 36 28 22 22 39 15 15 10 10 7 6 6 4 1 1 0 0 1 0 0 1 1 1 0 0 0 0 0 0 0 0 0 0 0 0 0 0 0 0 0 0 0 0 0 0
 25 25 23 15 15 19 8 8 4 4 3 2 2 2 2 2 0 0 1 1 1 0 0 0 1 1 0 0 0 0 0 0 0 0 0 0 0 0 0 0 0 0 0 0 0 0
 25 25 22 11 11 7 5 5 4 4 3 2 2 3 6 6 4 4 0 1 1 1 0 0 0 0 0 0 0 1 1 1 1 1 0 0 0 0 0 0 0 0 0 0 0 0
 25 25 22 11 11 7 5 5 4 4 3 2 2 3 6 6 4 4 0 1 1 1 0 0 0 0 0 0 0 1 1 1 1 1 0 0 0 0 0 0 0 0 0 0 0 0
 21 21 8 6 6 6 4 4 4 4 3 3 3 2 8 8 6 6 3 1 1 1 0 0 0 0 0 1 1 1 1 1 0 0 0 0 0 0 0 0 0 0 0 0 0 0
 21 21 8 6 6 6 4 4 4 4 3 3 3 2 8 8 6 6 3 1 1 1 0 0 0 0 0 1 1 1 1 1 0 0 0 0 0 0 0 0 0 0 0 0 0 0
 16 16 10 9 9 7 5 5 11 11 29 28 28 62 9 9 11 11 6 3 3 1 1 1 1 1 0 1 1 1 1 1 0 0 0 1 1 0 0 0 0 0 0 0 0 0
 15 15 10 8 8 9 41 41 43 43 28 35 35 63 3 3 5 5 5 4 4 7 3 3 2 2 1 1 1 1 1 1 0 0 0 1 1 0 1 1 0 0 0 0 0 0
 15 15 10 8 8 9 41 41 43 43 28 35 35 63 3 3 5 5 5 4 4 7 3 3 2 2 1 1 1 1 1 1 0 0 0 1 1 0 1 1 0 0 0 0 0 0
 8 8 10 8 8 7 41 41 43 43 33 18 18 10 5 5 7 7 7 10 10 2 2 2 1 1 1 1 1 1 0 0 0 0 0 1 1 1 0 0 0 0 0 0 0 0
 6 6 5 6 6 6 7 7 10 10 11 16 16 17 6 6 10 10 10 10 10 1 1 1 1 1 1 0 0 0 0 0 0 0 0 0 0 2 0 0 0 0 0 0 0 0
 6 6 5 6 6 6 7 7 10 10 11 16 16 17 6 6 10 10 10 10 10 1 1 1 1 1 1 0 0 0 0 0 0 0 0 0 0 2 0 0 0 0 0 0 0 0
 11 11 8 7 7 7 7 7 8 8 13 13 13 15 10 10 11 11 10 4 4 1 1 1 1 1 1 0 0 0 0 0 0 0 0 0 0 0 0 0 0 0 0 0 0 0
 11 11 8 7 7 7 7 7 8 8 13 13 13 15 10 10 11 11 10 4 4 1 1 1 1 1 1 0 0 0 0 0 0 0 0 0 0 0 0 0 0 0 0 0 0 0
 11 11 8 8 8 11 8 8 9 9 8 17 17 10 10 10 8 8 33 25 25 3 2 2 1 1 0 0 0 0 0 0 0 0 0 0 0 0 0 0 0 0 0 0 0 0
 10 10 10 10 10 10 12 12 8 8 8 8 8 7 7 7 8 8 16 22 22 4 1 1 1 1 1 0 0 0 0 0 0 0 0 0 0 0 0 0 0 0 0 0 0 0
 10 10 10 10 10 10 12 12 8 8 8 8 8 7 7 7 8 8 16 22 22 4 1 1 1 1 1 0 0 0 0 0 0 0 0 0 0 0 0 0 0 0 0 0 0 0
 11 11 9 10 10 8 10 10 9 9 6 6 6 5 8 8 20 20 25 44 44 13 1 1 1 1 1 3 3 0 0 0 0 0 0 0 0 0 0 0 0 0 0 0 0 0
 13 13 9 10 10 9 10 10 9 9 5 5 5 3 5 5 11 11 57 56 56 10 1 1 5 5 1 0 0 0 0 0 0 0 0 0 0 0 0 0 0 0 0 0 0 0
 13 13 9 10 10 9 10 10 9 9 5 5 5 3 5 5 11 11 57 56 56 10 1 1 5 5 1 0 0 0 0 0 0 0 0 0 0 0 0 0 0 0 0 0 0 0
 11 11 8 11 11 9 10 10 5 5 4 4 4 3 4 4 12 12 12 3 3 3 1 1 1 1 1 1 1 0 0 0 0 0 0 0 0 0 0 0 0 0 0 0 0 0
 11 11 8 11 11 9 10 10 5 5 4 4 4 3 4 4 12 12 12 3 3 3 1 1 1 1 1 1 1 0 0 0 0 0 0 0 0 0 0 0 0 0 0 0 0 0
 11 11 9 10 10 8 10 10 6 6 4 4 4 3 3 3 3 3 2 2 2 2 1 1 2 2 1 1 1 0 0 0 0 0 0 0 0 0 0 0 0 0 0 1 1 0
 11 11 8 8 8 7 7 7 5 5 4 4 4 3 2 2 2 2 1 1 1 1 4 4 1 1 3 1 1 1 1 1 0 0 0 0 0 0 0 0 0 0 0 0 0 0
 11 11 8 8 8 7 7 7 5 5 4 4 4 3 2 2 2 2 1 1 1 1 4 4 1 1 3 1 1 1 1 1 0 0 0 0 0 0 0 0 0 0 0 0 0 0
 10 10 13 12 12 20 13 13 11 11 6 3 3 2 2 2 1 1 1 0 0 0 2 2 2 2 1 1 1 1 0 0 0 0 0 0 0 0 0 0 0 0 1 0 0 0
 13 13 17 15 15 20 19 19 12 12 12 3 3 2 0 0 1 1 0 0 0 0 0 0 0 0 1 0 0 1 0 0 0 0 0 0 0 0 0 0 0 0 1 0 0 0
 13 13 17 15 15 20 19 19 12 12 12 3 3 2 0 0 1 1 0 0 0 0 0 0 0 0 1 0 0 1 0 0 0 0 0 0 0 0 0 0 0 0 1 0 0 0
 15 15 14 19 19 23 24 24 17 17 12 7 7 2 1 1 1 1 1 0 0 2 1 1 0 0 1 0 0 1 1 1 0 0 0 0 0 0 0 0 0 0 0 0 0 0
 15 15 14 19 19 23 24 24 17 17 12 7 7 2 1 1 1 1 1 0 0 2 1 1 0 0 1 0 0 1 1 1 0 0 0 0 0 0 0 0 0 0 0 0 0 0
 19 19 18 26 26 21 19 19 17 17 12 8 8 2 1 1 2 2 2 1 1 0 1 1 0 0 1 1 1 1 0 0 0 0 0 0 0 0 0 0 0 0 0 0 0 0
 22 22 24 26 26 24 19 19 17 17 13 12 12 2 1 1 2 2 1 0 0 0 1 1 5 5 5 1 1 1 0 0 0 0 0 0 0 0 0 0 0 0 0 0 0 0
 22 22 24 26 26 24 19 19 17 17 13 12 12 2 1 1 2 2 1 0 0 0 1 1 5 5 5 1 1 1 0 0 0 0 0 0 0 0 0 0 0 0 0 0 0 0
 14 14 27 20 20 19 16 16 15 15 7 12 12 1 1 1 1 1 0 0 0 0 1 1 3 3 1 1 1 1 1 1 0 0 0 0 0 0 0 0 1 1 0 0 0 0
 13 13 14 7 7 11 15 15 16 16 8 2 2 1 0 0 0 0 0 0 0 0 0 0 0 0 0 1 1 8 2 2 1 1 1 0 0 0 0 0 0 0 1 0 0 0
 13 13 14 7 7 11 15 15 16 16 8 2 2 1 0 0 0 0 0 0 0 0 0 0 0 0 0 1 1 8 2 2 1 1 1 0 0 0 0 0 0 0 1 0 0 0
 12 12 16 8 8 9 8 8 9 9 7 3 3 1 0 0 0 0 0 0 0 0 0 0 0 0 0 1 1 8 8 8 4 4 1 1 1 0 1 1 1 1 1 1 1 0
 12 12 16 8 8 9 8 8 9 9 7 3 3 1 0 0 0 0 0 0 0 0 0 0 0 0 0 1 1 8 8 8 4 4 1 1 1 0 1 1 1 1 1 1 1 0
 9 9 9 6 6 6 4 4 3 3 7 2 2 1 0 0 0 0 0 0 0 0 0 0 0 0 0 0 0 3 3 3 1 1 1 1 1 1 1 1 1 1 0 0 0 0
 6 6 6 6 6 6 5 5 2 2 3 2 2 1 1 1 0 0 0 0 0 0 1 1 1 1 0 0 0 0 1 1 1 1 1 1 1 2 1 1 0 0 0 0 0 0
 6 6 6 6 6 6 5 5 2 2 3 2 2 1 1 1 0 0 0 0 0 0 1 1 1 1 0 0 0 0 1 1 1 1 1 1 1 2 1 1 0 0 0 0 0 0
 3 3 6 5 5 4 5 5 3 3 3 1 1 1 1 1 0 0 0 0 0 0 1 1 1 1 0 0 0 0 1 1 0 0 1 1 1 3 2 2 1 1 0 0 0 0
 4 4 3 4 4 4 4 4 3 3 3 2 2 2 0 0 0 0 0 0 0 0 1 1 1 1 0 0 0 0 0 0 0 0 0 0 0 3 1 1 0 0 1 0 0 0
