assets/RAT_results/precipitation/2022-05-01_IMERG.asc
ncols        46
nrows        77
xllcorner    74.800261325624
yllcorner    8.058333333333
cellsize     0.062500000000
NODATA_value -9999
 3 3 4 3 3 3 3 3 3 3 4 5 5 6 4 4 3 3 3 5 5 6 8 8 10 10 10 12 12 7 22 22 14 14 16 45 45 46 20 20 25 25 22 49 49 37
 3 3 4 4 4 3 3 3 3 3 4 13 13 9 5 5 3 3 2 3 3 5 7 7 11 11 12 15 15 14 25 25 17 17 16 35 35 64 93 93 30 30 21 37 37 41
 3 3 4 4 4 3 3 3 3 3 4 13 13 9 5 5 3 3 2 3 3 5 7 7 11 11 12 15 15 14 25 25 17 17 16 35 35 64 93 93 30 30 21 37 37 41
 5 5 6 5 5 5 4 4 4 4 4 16 16 9 4 4 3 3 3 4 4 5 9 9 12 12 21 20 20 14 12 12 8 8 24 31 31 34 27 27 62 62 31 35 35 29
 3 3 6 7 7 6 6 6 5 5 10 6 6 8 3 3 3 3 4 5 5 6 10 10 12 12 24 17 17 11 26 26 11 11 24 35 35 42 34 34 46 46 21 24 24 28
 3 3 6 7 7 6 6 6 5 5 10 6 6 8 3 3 3 3 4 5 5 6 10 10 12 12 24 17 17 11 26 26 11 11 24 35 35 42 34 34 46 46 21 24 24 28
 3 3 4 6 6 7 8 8 13 13 14 5 5 2 3 3 3 3 4 9 9 11 18 18 18 18 30 24 24 20 14 14 12 12 29 18 18 45 32 32 31 31 22 20 20 25
 3 3 4 6 6 7 8 8 13 13 14 5 5 2 3 3 3 3 4 9 9 11 18 18 18 18 30 24 24 20 14 14 12 12 29 18 18 45 32 32 31 31 22 20 20 25
 3 3 4 7 7 8 8 8 16 16 12 4 4 3 4 4 6 6 10 9 9 8 21 21 28 28 26 20 20 18 15 15 15 15 27 13 13 26 30 30 28 28 13 15 15 21
 2 2 4 5 5 6 5 5 9 9 9 4 4 4 5 5 10 10 9 8 8 7 10 10 14 14 12 12 12 2 14 14 14 14 13 14 14 16 18 18 17 17 8 8 8 12
 2 2 4 5 5 6 5 5 9 9 9 4 4 4 5 5 10 10 9 8 8 7 10 10 14 14 12 12 12 2 14 14 14 14 13 14 14 16 18 18 17 17 8 8 8 12
 1 1 2 4 4 5 4 4 5 5 5 4 4 4 5 5 10 10 9 8 8 4 1 1 3 3 5 4 4 0 5 5 3 3 13 9 9 18 19 19 15 15 8 15 15 15
 1 1 1 2 2 4 3 3 5 5 5 2 2 3 3 3 2 2 2 5 5 4 1 1 2 2 4 1 1 0 1 1 2 2 5 6 6 11 13 13 15 15 9 9 9 5
 1 1 1 2 2 4 3 3 5 5 5 2 2 3 3 3 2 2 2 5 5 4 1 1 2 2 4 1 1 0 1 1 2 2 5 6 6 11 13 13 15 15 9 9 9 5
 1 1 2 1 1 1 4 4 4 4 2 2 2 3 2 2 0 0 1 1 1 1 2 2 4 4 5 3 3 1 2 2 2 2 5 5 5 8 14 14 11 11 8 13 13 7
 1 1 2 1 1 1 4 4 4 4 2 2 2 3 2 2 0 0 1 1 1 1 2 2 4 4 5 3 3 1 2 2 2 2 5 5 5 8 14 14 11 11 8 13 13 7
 1 1 1 0 0 1 3 3 1 1 4 3 3 4 7 7 1 1 0 1 1 1 0 0 2 2 8 3 3 3 2 2 3 3 5 6 6 9 9 9 10 10 18 13 13 11
 1 1 1 0 0 1 2 2 1 1 3 2 2 2 0 0 1 1 0 0 0 0 0 0 1 1 2 2 2 3 3 3 3 3 4 5 5 7 9 9 12 12 18 13 13 14
 1 1 1 0 0 1 2 2 1 1 3 2 2 2 0 0 1 1 0 0 0 0 0 0 1 1 2 2 2 3 3 3 3 3 4 5 5 7 9 9 12 12 18 13 13 14
 1 1 1 1 1 1 1 1 1 1 1 1 1 0 0 0 0 0 0 0 0 0 0 0 1 1 2 3 3 4 5 5 5 5 4 5 5 5 8 8 18 18 22 25 25 23
 9 9 3 15 15 15 22 22 31 31 1 1 1 0 0 0 0 0 0 0 0 0 0 0 0 0 1 3 3 10 8 8 6 6 6 4 4 4 11 11 22 22 27 25 25 33
 9 9 3 15 15 15 22 22 31 31 1 1 1 0 0 0 0 0 0 0 0 0 0 0 0 0 1 3 3 10 8 8 6 6 6 4 4 4 11 11 22 22 27 25 25 33
 15 15 9 20 20 14 21 21 30 30 29 1 1 1 0 0 0 0 0 0 0 0 0 0 1 1 1 7 7 8 6 6 5 5 8 10 10 8 11 11 26 26 25 35 35 35
 15 15 9 20 20 14 21 21 30 30 29 1 1 1 0 0 0 0 0 0 0 0 0 0 1 1 1 7 7 8 6 6 5 5 8 10 10 8 11 11 26 26 25 35 35 35
 17 17 17 17 17 17 36 36 35 35 7 6 6 1 1 1 1 1 0 0 0 0 1 1 1 1 1 4 4 3 5 5 4 4 11 6 6 7 12 12 14 14 20 29 29 28
 9 9 9 22 22 23 34 34 37 37 8 7 7 0 1 1 1 1 0 0 0 0 1 1 2 2 2 2 2 3 1 1 1 1 6 7 7 9 9 9 8 8 14 23 23 22
 9 9 9 22 22 23 34 34 37 37 8 7 7 0 1 1 1 1 0 0 0 0 1 1 2 2 2 2 2 3 1 1 1 1 6 7 7 9 9 9 8 8 14 23 23 22
 9 9 9 23 23 24 35 35 34 34 12 10 10 2 2 2 2 2 1 0 0 0 1 1 2 2 3 3 3 2 1 1 1 1 8 7 7 3 5 5 4 4 40 23 23 23
 8 8 12 13 13 7 21 21 21 21 3 12 12 4 3 3 2 2 3 3 3 1 2 2 2 2 3 4 4 4 2 2 4 4 2 2 2 5 6 6 3 3 39 27 27 7
 8 8 12 13 13 7 21 21 21 21 3 12 12 4 3 3 2 2 3 3 3 1 2 2 2 2 3 4 4 4 2 2 4 4 2 2 2 5 6 6 3 3 39 27 27 7
 10 10 9 9 9 20 22 22 21 21 8 6 6 5 2 2 8 8 2 3 3 3 1 1 2 2 2 2 2 5 3 3 4 4 25 12 12 15 10 10 23 23 28 26 26 5
 10 10 9 9 9 20 22 22 21 21 8 6 6 5 2 2 8 8 2 3 3 3 1 1 2 2 2 2 2 5 3 3 4 4 25 12 12 15 10 10 23 23 28 26 26 5
 11 11 9 4 4 4 9 9 9 9 9 11 11 10 3 3 8 8 3 2 2 3 1 1 1 1 1 3 3 19 18 18 26 26 30 7 7 33 23 23 23 23 7 2 2 0
 15 15 14 7 7 6 8 8 9 9 10 11 11 11 9 9 10 10 8 7 7 1 1 1 1 1 1 1 1 17 18 18 56 56 55 51 51 52 20 20 21 21 7 2 2 0
 15 15 14 7 7 6 8 8 9 9 10 11 11 11 9 9 10 10 8 7 7 1 1 1 1 1 1 1 1 17 18 18 56 56 55 51 51 52 20 20 21 21 7 2 2 0
 33 33 21 10 10 8 9 9 11 11 12 6 6 7 9 9 8 8 14 7 7 1 1 1 1 1 1 1 1 17 15 15 55 55 54 20 20 20 4 4 5 5 1 1 1 1
 42 42 35 26 26 29 25 25 11 11 13 5 5 7 9 9 8 8 12 4 4 3 1 1 2 2 3 2 2 4 4 4 5 5 8 20 20 19 3 3 2 2 1 1 1 1
 42 42 35 26 26 29 25 25 11 11 13 5 5 7 9 9 8 8 12 4 4 3 1 1 2 2 3 2 2 4 4 4 5 5 8 20 20 19 3 3 2 2 1 1 1 1
 44 44 35 35 35 39 29 29 15 15 12 7 7 6 20 20 15 15 17 12 12 12 3 3 3 3 3 3 3 5 5 5 6 6 3 3 3 4 4 4 1 1 5 1 1 4
 44 44 35 35 35 39 29 29 15 15 12 7 7 6 20 20 15 15 17 12 12 12 3 3 3 3 3 3 3 5 5 5 6 6 3 3 3 4 4 4 1 1 5 1 1 4
 39 39 35 39 39 40 20 20 20 20 25 17 17 24 23 23 23 23 18 15 15 15 3 3 3 3 4 3 3 5 5 5 4 4 2 2 2 4 14 14 5 5 6 4 4 4
 42 42 35 36 36 36 35 35 31 31 30 18 18 26 24 24 25 25 27 25 25 30 5 5 4 4 2 4 4 4 5 5 5 5 4 4 4 14 14 14 5 5 6 6 6 7
 42 42 35 36 36 36 35 35 31 31 30 18 18 26 24 24 25 25 27 25 25 30 5 5 4 4 2 4 4 4 5 5 5 5 4 4 4 14 14 14 5 5 6 6 6 7
 29 29 23 29 29 32 33 33 29 29 31 24 24 33 29 29 36 36 30 40 40 36 7 7 4 4 4 4 4 4 1 1 1 1 1 1 1 1 5 5 7 7 6 6 6 6
 22 22 21 25 25 24 10 10 9 9 18 22 22 41 28 28 35 35 35 40 40 22 38 38 4 4 8 6 6 9 1 1 1 1 1 1 1 1 5 5 1 1 1 2 2 2
 22 22 21 25 25 24 10 10 9 9 18 22 22 41 28 28 35 35 35 40 40 22 38 38 4 4 8 6 6 9 1 1 1 1 1 1 1 1 5 5 1 1 1 2 2 2
 12 12 10 9 9 10 8 8 9 9 10 41 41 39 32 32 35 35 30 37 37 25 47 47 19 19 13 8 8 10 13 13 6 6 1 1 1 1 1 1 1 1 1 3 3 2
 12 12 10 9 9 10 8 8 9 9 10 41 41 39 32 32 35 35 30 37 37 25 47 47 19 19 13 8 8 10 13 13 6 6 1 1 1 1 1 1 1 1 1 3 3 2
 11 11 7 5 5 7 3 3 5 5 3 3 3 2 25 25 27 27 18 33 33 17 27 27 24 24 23 21 21 15 16 16 12 12 16 0 0 0 1 1 1 1 2 4 4 5
 10 10 6 4 4 4 2 2 2 2 4 4 4 2 25 25 25 25 16 19 19 12 23 23 23 23 19 5 5 3 12 12 14 14 8 1 1 0 0 0 1 1 1 3 3 7
 10 10 6 4 4 4 2 2 2 2 4 4 4 2 25 25 25 25 16 19 19 12 23 23 23 23 19 5 5 3 12 12 14 14 8 1 1 0 0 0 1 1 1 3 3 7
 9 9 5 3 3 3 2 2 2 2 3 2 2 2 14 14 1 1 0 16 16 2 5 5 10 10 7 26 26 11 10 10 13 13 14 1 1 0 1 1 1 1 1 3 3 7
 4 4 4 3 3 3 1 1 2 2 3 3 3 3 13 13 1 1 0 1 1 3 5 5 7 7 4 8 8 10 11 11 12 12 1 4 4 1 1 1 1 1 3 3 3 2
 4 4 4 3 3 3 1 1 2 2 3 3 3 3 13 13 1 1 0 1 1 3 5 5 7 7 4 8 8 10 11 11 12 12 1 4 4 1 1 1 1 1 3 3 3 2
 3 3 2 1 1 1 1 1 2 2 3 3 3 13 13 13 1 1 0 0 0 4 8 8 11 11 9 7 7 10 10 10 12 12 5 8 8 4 2 2 3 3 2 3 3 2
 3 3 2 1 1 1 1 1 2 2 3 3 3 13 13 13 1 1 0 0 0 4 8 8 11 11 9 7 7 10 10 10 12 12 5 8 8 4 2 2 3 3 2 3 3 2
 5 5 3 1 1 1 1 1 2 2 2 2 2 1 1 1 0 0 0 0 0 0 8 8 11 11 9 1 1 7 10 10 17 17 5 7 7 8 5 5 3 3 0 3 3 4
 16 16 15 3 3 1 1 1 1 1 1 1 1 1 0 0 0 0 0 0 0 0 1 1 1 1 2 2 2 8 8 8 11 11 11 13 13 10 3 3 1 1 0 0 0 1
 16 16 15 3 3 1 1 1 1 1 1 1 1 1 0 0 0 0 0 0 0 0 1 1 1 1 2 2 2 8 8 8 11 11 11 13 13 10 3 3 1 1 0 0 0 1
 12 12 12 4 4 1 1 1 1 1 1 0 0 0 0 0 0 0 0 0 0 0 1 1 1 1 1 2 2 3 5 5 7 7 9 4 4 2 1 1 0 0 1 1 1 1
 2 2 2 1 1 0 1 1 2 2 1 1 1 0 0 0 0 0 0 0 0 0 0 0 0 0 0 1 1 1 2 2 5 5 5 6 6 1 0 0 0 0 0 1 1 0
 2 2 2 1 1 0 1 1 2 2 1 1 1 0 0 0 0 0 0 0 0 0 0 0 0 0 0 1 1 1 2 2 5 5 5 6 6 1 0 0 0 0 0 1 1 0
 1 1 1 0 0 0 2 2 5 5 1 1 1 1 1 1 0 0 0 0 0 0 0 0 0 0 0 1 1 1 1 1 6 6 6 9 9 5 0 0 0 0 0 0 0 0
 1 1 1 0 0 0 2 2 5 5 1 1 1 1 1 1 0 0 0 0 0 0 0 0 0 0 0 1 1 1 1 1 6 6 6 9 9 5 0 0 0 0 0 0 0 0
 0 0 0 0 0 0 1 1 2 2 2 2 2 3 3 3 1 1 0 0 0 0 0 0 0 0 0 0 0 2 2 2 6 6 4 9 9 1 0 0 0 0 0 0 0 0
 0 0 0 0 0 0 1 1 1 1 3 3 3 2 2 2 0 0 0 0 0 0 0 0 0 0 0 0 0 1 1 1 3 3 1 1 1 1 0 0 0 0 0 0 0 0
 0 0 0 0 0 0 1 1 1 1 3 3 3 2 2 2 0 0 0 0 0 0 0 0 0 0 0 0 0 1 1 1 3 3 1 1 1 1 0 0 0 0 0 0 0 0
 0 0 0 0 0 0 1 1 1 1 1 1 1 1 1 1 0 0 0 0 0 0 1 1 0 0 0 1 1 1 2 2 1 1 1 0 0 1 0 0 0 0 0 0 0 0
 0 0 0 0 0 1 1 1 1 1 0 0 0 1 1 1 1 1 0 1 1 1 0 0 0 0 0 0 0 0 1 1 1 1 0 0 0 0 0 0 0 0 0 0 0 0
 0 0 0 0 0 1 1 1 1 1 0 0 0 1 1 1 1 1 0 1 1 1 0 0 0 0 0 0 0 0 1 1 1 1 0 0 0 0 0 0 0 0 0 0 0 0
 0 0 0 0 0 1 1 1 1 1 0 0 0 1 2 2 2 2 1 1 1 0 0 0 0 0 0 0 0 0 0 0 0 0 0 0 0 0 0 0 1 1 0 0 0 0
 0 0 0 0 0 1 1 1 1 1 0 0 0 1 2 2 2 2 1 1 1 0 0 0 0 0 0 0 0 0 0 0 0 0 0 0 0 0 0 0 1 1 0 0 0 0
 0 0 0 0 0 0 1 1 1 1 1 0 0 2 4 4 1 1 0 0 0 0 0 0 0 0 0 0 0 1 1 1 0 0 1 1 1 0 0 0 0 0 0 0 0 0
 1 1 0 0 0 0 0 0 0 0 0 0 0 2 3 3 1 1 0 0 0 0 1 1 1 1 1 1 1 1 1 1 0 0 0 0 0 0 0 0 0 0 0 0 0 0
 1 1 0 0 0 0 0 0 0 0 0 0 0 2 3 3 1 1 0 0 0 0 1 1 1 1 1 1 1 1 1 1 0 0 0 0 0 0 0 0 0 0 0 0 0 0
 1 1 1 0 0 0 0 0 0 0 0 0 0 0 1 1 0 0 0 1 1 1 2 2 2 2 2 2 2 2 1 1 1 1 1 1 1 0 1 1 1 1 1 0 0 0
 0 0 0 0 0 0 0 0 0 0 0 0 0 0 0 0 0 0 0 0 0 1 2 2 2 2 2 2 2 1 1 1 1 1 1 1 1 1 1 1 1 1 2 1 1 0
