assets/RAT_results/precipitation/2022-07-29_IMERG.asc
ncols        46
nrows        77
xllcorner    74.800261325624
yllcorner    8.058333333333
cellsize     0.062500000000
NODATA_value -9999
 63 63 67 73 73 70 65 65 59 59 51 40 40 32 30 30 34 34 35 30 30 19 16 16 12 12 13 21 21 20 19 19 40 40 41 31 31 7 6 6 10 10 2 1 1 1
 53 53 49 50 50 49 42 42 35 35 30 28 28 28 26 26 28 28 27 23 23 16 12 12 11 11 9 7 7 12 18 18 19 19 64 32 32 8 6 6 1 1 1 1 1 1
 53 53 49 50 50 49 42 42 35 35 30 28 28 28 26 26 28 28 27 23 23 16 12 12 11 11 9 7 7 12 18 18 19 19 64 32 32 8 6 6 1 1 1 1 1 1
 68 68 50 37 37 34 30 30 27 27 27 29 29 30 27 27 25 25 22 16 16 10 6 6 10 10 12 7 7 11 18 18 21 21 27 13 13 17 6 6 3 3 2 2 2 3
 90 90 52 33 33 27 25 25 23 23 24 27 27 27 23 23 25 25 21 16 16 12 8 8 13 13 11 6 6 6 5 5 13 13 29 12 12 13 3 3 2 2 2 2 2 2
 90 90 52 33 33 27 25 25 23 23 24 27 27 27 23 23 25 25 21 16 16 12 8 8 13 13 11 6 6 6 5 5 13 13 29 12 12 13 3 3 2 2 2 2 2 2
 87 87 49 27 27 22 23 23 23 23 23 23 23 25 20 20 23 23 24 25 25 22 15 15 20 20 16 8 8 5 4 4 4 4 4 2 2 3 4 4 2 2 3 4 4 6
 87 87 49 27 27 22 23 23 23 23 23 23 23 25 20 20 23 23 24 25 25 22 15 15 20 20 16 8 8 5 4 4 4 4 4 2 2 3 4 4 2 2 3 4 4 6
 75 75 40 19 19 18 19 19 33 33 34 29 29 30 27 27 22 22 20 23 23 23 23 23 31 31 18 6 6 3 2 2 2 2 1 1 1 3 4 4 4 4 4 8 8 10
 67 67 39 19 19 17 18 18 27 27 27 24 24 27 25 25 21 21 19 19 19 15 17 17 18 18 10 4 4 2 2 2 1 1 1 3 3 8 10 10 7 7 4 5 5 8
 67 67 39 19 19 17 18 18 27 27 27 24 24 27 25 25 21 21 19 19 19 15 17 17 18 18 10 4 4 2 2 2 1 1 1 3 3 8 10 10 7 7 4 5 5 8
 43 43 26 17 17 14 12 12 16 16 17 16 16 16 14 14 13 13 12 9 9 6 3 3 3 3 2 1 1 2 2 2 2 2 3 6 6 9 9 9 5 5 5 5 5 6
 29 29 15 16 16 13 8 8 13 13 14 13 13 10 10 10 10 10 8 6 6 4 3 3 1 1 1 1 1 1 1 1 2 2 3 3 3 5 7 7 6 6 7 7 7 9
 29 29 15 16 16 13 8 8 13 13 14 13 13 10 10 10 10 10 8 6 6 4 3 3 1 1 1 1 1 1 1 1 2 2 3 3 3 5 7 7 6 6 7 7 7 9
 10 10 7 9 9 10 9 9 8 8 10 10 10 10 11 11 10 10 9 9 9 9 9 9 10 10 8 4 4 3 2 2 3 3 3 2 2 5 7 7 6 6 6 8 8 9
 10 10 7 9 9 10 9 9 8 8 10 10 10 10 11 11 10 10 9 9 9 9 9 9 10 10 8 4 4 3 2 2 3 3 3 2 2 5 7 7 6 6 6 8 8 9
 5 5 6 11 11 10 11 11 13 13 16 18 18 23 24 24 21 21 19 17 17 19 21 21 26 26 18 9 9 11 9 9 8 8 7 3 3 4 5 5 5 5 7 7 7 7
 11 11 16 24 24 28 29 29 27 27 30 32 32 40 39 39 35 35 34 32 32 30 30 30 30 30 14 7 7 9 9 9 5 5 5 3 3 3 4 4 4 4 6 6 6 3
 11 11 16 24 24 28 29 29 27 27 30 32 32 40 39 39 35 35 34 32 32 30 30 30 30 30 14 7 7 9 9 9 5 5 5 3 3 3 4 4 4 4 6 6 6 3
 16 16 22 30 30 34 34 34 36 36 38 38 38 40 39 39 35 35 30 28 28 23 20 20 17 17 7 4 4 4 5 5 4 4 3 3 3 3 3 3 3 3 3 4 4 2
 17 17 18 20 20 22 22 22 22 22 25 24 24 23 19 19 13 13 9 10 10 11 9 9 5 5 2 2 2 2 3 3 3 3 4 4 4 4 3 3 3 3 3 2 2 2
 17 17 18 20 20 22 22 22 22 22 25 24 24 23 19 19 13 13 9 10 10 11 9 9 5 5 2 2 2 2 3 3 3 3 4 4 4 4 3 3 3 3 3 2 2 2
 7 7 8 10 10 10 10 10 10 10 10 9 9 8 7 7 4 4 3 3 3 2 2 2 1 1 1 1 1 1 2 2 2 2 2 2 2 2 2 2 2 2 2 3 3 2
 7 7 8 10 10 10 10 10 10 10 10 9 9 8 7 7 4 4 3 3 3 2 2 2 1 1 1 1 1 1 2 2 2 2 2 2 2 2 2 2 2 2 2 3 3 2
 4 4 5 5 5 5 5 5 5 5 3 2 2 3 2 2 2 2 2 3 3 3 3 3 2 2 3 3 3 3 3 3 3 3 2 2 2 2 1 1 2 2 2 2 2 2
 2 2 3 3 3 3 5 5 6 6 5 4 4 4 4 4 5 5 7 3 3 5 6 6 3 3 3 3 3 4 4 4 4 4 4 3 3 2 2 2 3 3 3 3 3 3
 2 2 3 3 3 3 5 5 6 6 5 4 4 4 4 4 5 5 7 3 3 5 6 6 3 3 3 3 3 4 4 4 4 4 4 3 3 2 2 2 3 3 3 3 3 3
 3 3 4 4 4 5 7 7 9 9 8 7 7 7 20 20 17 17 18 8 8 3 1 1 1 1 1 2 2 2 3 3 3 3 3 3 3 4 3 3 3 3 4 3 3 2
 4 4 6 8 8 7 6 6 6 6 5 4 4 4 5 5 8 8 8 4 4 1 1 1 1 1 2 1 1 2 3 3 1 1 1 2 2 2 3 3 3 3 2 2 2 2
 4 4 6 8 8 7 6 6 6 6 5 4 4 4 5 5 8 8 8 4 4 1 1 1 1 1 2 1 1 2 3 3 1 1 1 2 2 2 3 3 3 3 2 2 2 2
 7 7 18 21 21 10 6 6 8 8 6 3 3 4 3 3 4 4 4 3 3 3 5 5 8 8 8 3 3 2 3 3 2 2 2 1 1 1 4 4 2 2 2 1 1 1
 7 7 18 21 21 10 6 6 8 8 6 3 3 4 3 3 4 4 4 3 3 3 5 5 8 8 8 3 3 2 3 3 2 2 2 1 1 1 4 4 2 2 2 1 1 1
 7 7 17 20 20 16 21 21 23 23 16 8 8 9 9 9 9 9 7 6 6 8 13 13 18 18 15 5 5 2 3 3 4 4 4 2 2 1 2 2 1 1 2 1 1 1
 7 7 10 11 11 15 25 25 29 29 22 15 15 12 13 13 13 13 11 11 11 14 12 12 10 10 8 6 6 4 3 3 4 4 5 5 5 4 2 2 1 1 3 4 4 1
 7 7 10 11 11 15 25 25 29 29 22 15 15 12 13 13 13 13 11 11 11 14 12 12 10 10 8 6 6 4 3 3 4 4 5 5 5 4 2 2 1 1 3 4 4 1
 3 3 5 6 6 9 18 18 21 21 10 8 8 10 10 10 13 13 9 12 12 16 13 13 9 9 12 15 15 11 5 5 4 4 3 3 3 4 3 3 1 1 1 2 2 0
 2 2 2 2 2 3 4 4 6 6 4 4 4 6 8 8 7 7 7 12 12 13 10 10 7 7 7 11 11 6 3 3 3 3 2 2 2 3 2 2 1 1 2 1 1 0
 2 2 2 2 2 3 4 4 6 6 4 4 4 6 8 8 7 7 7 12 12 13 10 10 7 7 7 11 11 6 3 3 3 3 2 2 2 3 2 2 1 1 2 1 1 0
 1 1 1 1 1 1 2 2 3 3 4 5 5 5 7 7 6 6 6 6 6 5 4 4 3 3 3 5 5 4 4 4 3 3 2 2 2 2 2 2 1 1 1 0 0 0
 1 1 1 1 1 1 2 2 3 3 4 5 5 5 7 7 6 6 6 6 6 5 4 4 3 3 3 5 5 4 4 4 3 3 2 2 2 2 2 2 1 1 1 0 0 0
 1 1 1 1 1 1 1 1 2 2 5 7 7 8 6 6 3 3 4 6 6 6 3 3 2 2 4 3 3 3 4 4 5 5 5 4 4 5 3 3 2 2 2 1 1 2
 1 1 1 1 1 2 3 3 2 2 6 8 8 10 9 9 3 3 2 4 4 6 4 4 5 5 7 5 5 4 4 4 4 4 4 4 4 4 3 3 8 8 8 2 2 3
 1 1 1 1 1 2 3 3 2 2 6 8 8 10 9 9 3 3 2 4 4 6 4 4 5 5 7 5 5 4 4 4 4 4 4 4 4 4 3 3 8 8 8 2 2 3
 1 1 1 1 1 1 2 2 2 2 3 3 3 2 2 2 1 1 1 2 2 3 4 4 4 4 5 6 6 4 3 3 3 3 4 4 4 4 5 5 7 7 7 6 6 6
 0 0 1 0 0 0 1 1 1 1 3 2 2 1 0 0 1 1 1 1 1 2 4 4 6 6 13 13 13 10 7 7 6 6 10 9 9 7 8 8 7 7 7 6 6 2
 0 0 1 0 0 0 1 1 1 1 3 2 2 1 0 0 1 1 1 1 1 2 4 4 6 6 13 13 13 10 7 7 6 6 10 9 9 7 8 8 7 7 7 6 6 2
 0 0 0 0 0 0 0 0 0 0 1 1 1 1 2 2 3 3 2 2 2 3 4 4 5 5 9 16 16 19 11 11 7 7 8 9 9 8 3 3 3 3 8 7 7 3
 0 0 0 0 0 0 0 0 0 0 1 1 1 1 2 2 3 3 2 2 2 3 4 4 5 5 9 16 16 19 11 11 7 7 8 9 9 8 3 3 3 3 8 7 7 3
 0 0 0 0 0 0 0 0 1 1 2 4 4 4 3 3 3 3 2 2 2 3 4 4 6 6 6 8 8 12 9 9 5 5 5 5 5 5 5 5 5 5 5 4 4 4
 0 0 0 0 0 0 1 1 1 1 3 12 12 5 2 2 4 4 3 2 2 2 2 2 3 3 3 2 2 2 3 3 4 4 5 5 5 5 6 6 6 6 5 5 5 5
 0 0 0 0 0 0 1 1 1 1 3 12 12 5 2 2 4 4 3 2 2 2 2 2 3 3 3 2 2 2 3 3 4 4 5 5 5 5 6 6 6 6 5 5 5 5
 1 1 0 0 0 0 1 1 1 1 2 4 4 2 1 1 2 2 2 1 1 1 1 1 1 1 1 1 1 1 2 2 3 3 4 5 5 5 5 5 5 5 5 4 4 5
 3 3 1 1 1 1 1 1 1 1 0 0 0 0 1 1 1 1 2 1 1 1 0 0 0 0 0 0 0 0 1 1 3 3 3 4 4 4 4 4 4 4 4 4 4 4
 3 3 1 1 1 1 1 1 1 1 0 0 0 0 1 1 1 1 2 1 1 1 0 0 0 0 0 0 0 0 1 1 3 3 3 4 4 4 4 4 4 4 4 4 4 4
 4 4 1 1 1 0 0 0 0 0 0 0 0 0 0 0 0 0 2 1 1 1 0 0 0 0 0 0 0 0 1 1 2 2 2 3 3 3 3 3 3 3 3 2 2 2
 4 4 1 1 1 0 0 0 0 0 0 0 0 0 0 0 0 0 2 1 1 1 0 0 0 0 0 0 0 0 1 1 2 2 2 3 3 3 3 3 3 3 3 2 2 2
 3 3 2 0 0 0 0 0 0 0 0 0 0 0 0 0 0 0 0 0 0 0 0 0 1 1 1 0 0 0 0 0 1 1 1 1 1 1 1 1 1 1 1 1 1 1
 14 14 2 2 2 2 2 2 1 1 0 0 0 0 0 0 0 0 1 1 1 1 1 1 1 1 2 1 1 1 1 1 4 4 2 0 0 0 0 0 0 0 1 1 1 1
 14 14 2 2 2 2 2 2 1 1 0 0 0 0 0 0 0 0 1 1 1 1 1 1 1 1 2 1 1 1 1 1 4 4 2 0 0 0 0 0 0 0 1 1 1 1
 2 2 5 4 4 7 7 7 3 3 1 0 0 0 1 1 1 1 2 2 2 1 2 2 4 4 3 2 2 7 3 3 1 1 0 0 0 0 0 0 0 0 0 0 0 0
 2 2 7 12 12 3 3 3 1 1 0 0 0 0 1 1 1 1 1 1 1 1 2 2 5 5 2 3 3 7 3 3 1 1 0 0 0 0 0 0 0 0 0 0 0 0
 2 2 7 12 12 3 3 3 1 1 0 0 0 0 1 1 1 1 1 1 1 1 2 2 5 5 2 3 3 7 3 3 1 1 0 0 0 0 0 0 0 0 0 0 0 0
 0 0 3 10 10 18 1 1 1 1 1 2 2 3 2 2 1 1 1 2 2 3 2 2 2 2 1 1 1 2 2 2 1 1 0 0 0 0 0 0 0 0 0 0 0 0
 0 0 3 10 10 18 1 1 1 1 1 2 2 3 2 2 1 1 1 2 2 3 2 2 2 2 1 1 1 2 2 2 1 1 0 0 0 0 0 0 0 0 0 0 0 0
 0 0 0 4 4 18 1 1 1 1 3 4 4 4 3 3 4 4 4 4 4 7 4 4 3 3 3 2 2 2 2 2 1 1 0 0 0 0 0 0 0 0 0 0 0 0
 11 11 11 1 1 1 1 1 1 1 1 2 2 2 2 2 2 2 2 2 2 2 2 2 2 2 2 2 2 2 2 2 1 1 1 0 0 0 0 0 0 0 1 0 0 0
 11 11 11 1 1 1 1 1 1 1 1 2 2 2 2 2 2 2 2 2 2 2 2 2 2 2 2 2 2 2 2 2 1 1 1 0 0 0 0 0 0 0 1 0 0 0
 12 12 12 1 1 1 1 1 0 0 0 1 1 0 0 0 1 1 0 1 1 1 1 1 1 1 2 2 2 2 2 2 1 1 1 1 1 0 0 0 2 2 6 3 3 1
 20 20 2 1 1 1 1 1 1 1 3 2 2 1 0 0 1 1 1 2 2 2 1 1 3 3 6 6 6 2 1 1 3 3 2 1 1 1 1 1 1 1 5 6 6 3
 20 20 2 1 1 1 1 1 1 1 3 2 2 1 0 0 1 1 1 2 2 2 1 1 3 3 6 6 6 2 1 1 3 3 2 1 1 1 1 1 1 1 5 6 6 3
 5 5 6 2 2 2 20 20 20 20 13 13 13 2 0 0 1 1 2 4 4 4 2 2 4 4 8 8 8 4 4 4 4 4 3 1 1 1 1 1 1 1 2 2 2 1
 5 5 6 2 2 2 20 20 20 20 13 13 13 2 0 0 1 1 2 4 4 4 2 2 4 4 8 8 8 4 4 4 4 4 3 1 1 1 1 1 1 1 2 2 2 1
 3 3 2 2 2 4 6 6 5 5 7 5 5 1 0 0 0 0 0 1 1 1 0 0 1 1 1 2 2 6 8 8 5 5 2 2 2 5 5 5 2 2 2 6 6 2
 1 1 1 1 1 2 2 2 2 2 2 1 1 1 0 0 0 0 0 0 0 0 1 1 1 1 1 1 1 4 4 4 3 3 3 2 2 3 3 3 2 2 4 9 9 2
 1 1 1 1 1 2 2 2 2 2 2 1 1 1 0 0 0 0 0 0 0 0 1 1 1 1 1 1 1 4 4 4 3 3 3 2 2 3 3 3 2 2 4 9 9 2
 3 3 2 1 1 2 2 2 2 2 2 1 1 1 0 0 1 1 1 1 1 1 1 1 2 2 2 4 4 5 5 5 4 4 4 2 2 2 2 2 2 2 2 3 3 1
 8 8 4 1 1 7 7 7 4 4 3 2 2 1 1 1 1 1 1 1 1 2 2 2 2 2 2 3 3 4 3 3 2 2 2 1 1 1 0 0 0 0 0 0 0 0
