assets/RAT_results/precipitation/2022-04-24_IMERG.asc
ncols        46
nrows        77
xllcorner    74.800261325624
yllcorner    8.058333333333
cellsize     0.062500000000
NODATA_value -9999
 1 1 1 1 1 1 1 1 2 2 2 1 1 0 0 0 1 1 0 0 0 0 0 0 0 0 0 0 0 0 0 0 0 0 0 0 0 0 0 0 0 0 0 0 0 0
 1 1 1 2 2 3 3 3 3 3 2 1 1 1 1 1 1 1 0 0 0 0 0 0 0 0 0 0 0 0 0 0 0 0 0 0 0 0 0 0 0 0 0 0 0 0
 1 1 1 2 2 3 3 3 3 3 2 1 1 1 1 1 1 1 0 0 0 0 0 0 0 0 0 0 0 0 0 0 0 0 0 0 0 0 0 0 0 0 0 0 0 0
 1 1 2 4 4 4 4 4 3 3 5 2 2 3 3 3 1 1 0 0 0 0 0 0 0 0 0 0 0 0 0 0 0 0 0 0 0 1 0 0 0 0 0 1 1 0
 1 1 3 4 4 4 4 4 8 8 5 3 3 6 4 4 1 1 1 0 0 0 0 0 0 0 0 0 0 0 0 0 0 0 0 1 1 1 1 1 0 0 0 1 1 0
 1 1 3 4 4 4 4 4 8 8 5 3 3 6 4 4 1 1 1 0 0 0 0 0 0 0 0 0 0 0 0 0 0 0 0 1 1 1 1 1 0 0 0 1 1 0
 1 1 2 4 4 4 5 5 7 7 7 11 11 3 2 2 2 2 1 0 0 0 0 0 0 0 0 0 0 0 0 0 0 0 0 1 1 1 1 1 2 2 1 0 0 0
 1 1 2 4 4 4 5 5 7 7 7 11 11 3 2 2 2 2 1 0 0 0 0 0 0 0 0 0 0 0 0 0 0 0 0 1 1 1 1 1 2 2 1 0 0 0
 1 1 2 3 3 3 56 56 40 40 38 13 13 13 2 2 1 1 1 1 1 1 0 0 0 0 0 0 0 0 0 0 0 0 1 1 1 7 6 6 4 4 1 4 4 0
 1 1 1 3 3 2 55 55 40 40 29 29 29 8 3 3 2 2 2 1 1 1 0 0 0 0 1 0 0 0 0 0 1 1 1 2 2 3 5 5 6 6 1 1 1 0
 1 1 1 3 3 2 55 55 40 40 29 29 29 8 3 3 2 2 2 1 1 1 0 0 0 0 1 0 0 0 0 0 1 1 1 2 2 3 5 5 6 6 1 1 1 0
 0 0 0 0 0 4 13 13 16 16 19 11 11 3 3 3 3 3 7 7 7 2 2 2 2 2 1 0 0 1 1 1 1 1 1 4 4 3 4 4 6 6 1 0 0 0
 0 0 0 0 0 3 5 5 5 5 3 4 4 3 3 3 7 7 8 8 8 2 19 19 3 3 2 2 2 1 0 0 1 1 1 4 4 4 7 7 6 6 0 0 0 0
 0 0 0 0 0 3 5 5 5 5 3 4 4 3 3 3 7 7 8 8 8 2 19 19 3 3 2 2 2 1 0 0 1 1 1 4 4 4 7 7 6 6 0 0 0 0
 0 0 0 1 1 0 2 2 2 2 13 14 14 15 7 7 9 9 33 32 32 21 21 21 4 4 4 5 5 1 0 0 1 1 1 7 7 8 8 8 3 3 0 0 0 0
 0 0 0 1 1 0 2 2 2 2 13 14 14 15 7 7 9 9 33 32 32 21 21 21 4 4 4 5 5 1 0 0 1 1 1 7 7 8 8 8 3 3 0 0 0 0
 1 1 1 1 1 1 8 8 8 8 14 16 16 16 7 7 8 8 34 35 35 31 24 24 24 24 5 4 4 1 0 0 5 5 5 5 5 6 5 5 0 0 0 0 0 0
 1 1 1 1 1 1 4 4 5 5 5 12 12 12 8 8 9 9 35 34 34 30 24 24 11 11 7 6 6 1 0 0 0 0 4 5 5 3 1 1 0 0 0 0 0 0
 1 1 1 1 1 1 4 4 5 5 5 12 12 12 8 8 9 9 35 34 34 30 24 24 11 11 7 6 6 1 0 0 0 0 4 5 5 3 1 1 0 0 0 0 0 0
 1 1 2 1 1 1 4 4 5 5 5 7 7 9 6 6 8 8 11 22 22 22 9 9 11 11 6 5 5 0 0 0 2 2 3 6 6 1 0 0 0 0 0 0 0 0
 2 2 3 1 1 1 0 0 5 5 10 13 13 9 9 9 9 9 9 22 22 19 8 8 9 9 2 1 1 1 0 0 3 3 1 1 1 0 0 0 0 0 0 0 0 0
 2 2 3 1 1 1 0 0 5 5 10 13 13 9 9 9 9 9 9 22 22 19 8 8 9 9 2 1 1 1 0 0 3 3 1 1 1 0 0 0 0 0 0 0 0 0
 3 3 5 2 2 10 9 9 9 9 12 12 12 9 15 15 15 15 6 15 15 15 7 7 8 8 8 0 0 0 1 1 0 0 1 0 0 0 0 0 0 0 0 0 0 0
 3 3 5 2 2 10 9 9 9 9 12 12 12 9 15 15 15 15 6 15 15 15 7 7 8 8 8 0 0 0 1 1 0 0 1 0 0 0 0 0 0 0 0 0 0 0
 4 4 6 2 2 10 6 6 21 21 22 22 22 14 15 15 14 14 1 0 0 5 5 5 0 0 0 0 0 1 0 0 0 0 0 0 0 0 0 0 0 0 0 0 0 0
 3 3 5 3 3 6 6 6 6 6 16 13 13 10 10 10 5 5 0 0 0 5 5 5 0 0 0 0 0 1 0 0 0 0 0 0 0 0 0 0 0 0 0 0 0 0
 3 3 5 3 3 6 6 6 6 6 16 13 13 10 10 10 5 5 0 0 0 5 5 5 0 0 0 0 0 1 0 0 0 0 0 0 0 0 0 0 0 0 0 0 0 0
 1 1 3 2 2 1 0 0 0 0 13 12 12 13 4 4 1 1 0 0 0 0 0 0 0 0 0 0 0 0 0 0 0 0 0 0 0 0 0 0 0 0 0 0 0 0
 0 0 1 0 0 0 0 0 0 0 0 0 0 1 1 1 1 1 0 0 0 0 0 0 0 0 0 0 0 0 0 0 0 0 0 0 0 0 0 0 0 0 0 0 0 0
 0 0 1 0 0 0 0 0 0 0 0 0 0 1 1 1 1 1 0 0 0 0 0 0 0 0 0 0 0 0 0 0 0 0 0 0 0 0 0 0 0 0 0 0 0 0
 0 0 0 0 0 0 0 0 0 0 0 0 0 1 1 1 0 0 0 0 0 0 0 0 0 0 0 0 0 0 0 0 0 0 0 0 0 0 0 0 0 0 0 0 0 0
 0 0 0 0 0 0 0 0 0 0 0 0 0 1 1 1 0 0 0 0 0 0 0 0 0 0 0 0 0 0 0 0 0 0 0 0 0 0 0 0 0 0 0 0 0 0
 0 0 0 0 0 0 0 0 0 0 0 0 0 0 1 1 0 0 1 0 0 0 0 0 0 0 0 0 0 0 0 0 0 0 0 0 0 0 0 0 0 0 0 0 0 0
 0 0 7 0 0 0 0 0 0 0 0 0 0 0 1 1 0 0 1 0 0 0 0 0 0 0 0 0 0 0 0 0 0 0 0 0 0 0 0 0 0 0 0 0 0 0
 0 0 7 0 0 0 0 0 0 0 0 0 0 0 1 1 0 0 1 0 0 0 0 0 0 0 0 0 0 0 0 0 0 0 0 0 0 0 0 0 0 0 0 0 0 0
 0 0 7 4 4 4 0 0 0 0 0 0 0 0 1 1 1 1 1 0 0 0 0 0 0 0 0 0 0 0 0 0 0 0 0 0 0 0 0 0 0 0 0 0 0 0
 0 0 0 6 6 0 0 0 0 0 0 0 0 0 1 1 1 1 0 1 1 0 0 0 0 0 0 0 0 0 0 0 0 0 0 0 0 0 0 0 0 0 0 0 0 0
 0 0 0 6 6 0 0 0 0 0 0 0 0 0 1 1 1 1 0 1 1 0 0 0 0 0 0 0 0 0 0 0 0 0 0 0 0 0 0 0 0 0 0 0 0 0
 0 0 0 6 6 0 0 0 0 0 0 0 0 0 0 0 1 1 0 1 1 0 1 1 0 0 0 0 0 0 0 0 0 0 0 0 0 1 0 0 0 0 0 0 0 0
 0 0 0 6 6 0 0 0 0 0 0 0 0 0 0 0 1 1 0 1 1 0 1 1 0 0 0 0 0 0 0 0 0 0 0 0 0 1 0 0 0 0 0 0 0 0
 0 0 0 0 0 0 0 0 0 0 0 0 0 0 0 0 0 0 1 2 2 1 0 0 0 0 0 0 0 0 0 0 1 1 1 2 2 1 1 1 0 0 1 0 0 0
 0 0 0 0 0 0 0 0 0 0 0 0 0 0 0 0 0 0 0 1 1 1 0 0 0 0 0 0 0 0 1 1 1 1 1 3 3 2 1 1 2 2 2 1 1 0
 0 0 0 0 0 0 0 0 0 0 0 0 0 0 0 0 0 0 0 1 1 1 0 0 0 0 0 0 0 0 1 1 1 1 1 3 3 2 1 1 2 2 2 1 1 0
 0 0 0 1 1 1 0 0 0 0 0 0 0 0 0 0 0 0 0 1 1 1 1 1 0 0 0 0 0 0 1 1 1 1 2 4 4 3 3 3 1 1 1 0 0 0
 0 0 1 1 1 1 0 0 0 0 0 0 0 0 0 0 0 0 0 1 1 1 1 1 0 0 1 1 1 1 1 1 0 0 3 6 6 5 1 1 1 1 0 0 0 0
 0 0 1 1 1 1 0 0 0 0 0 0 0 0 0 0 0 0 0 1 1 1 1 1 0 0 1 1 1 1 1 1 0 0 3 6 6 5 1 1 1 1 0 0 0 0
 0 0 0 1 1 1 1 1 0 0 0 0 0 0 0 0 0 0 0 1 1 1 0 0 1 1 1 1 1 1 1 1 1 1 3 4 4 4 0 0 0 0 2 2 2 0
 0 0 0 1 1 1 1 1 0 0 0 0 0 0 0 0 0 0 0 1 1 1 0 0 1 1 1 1 1 1 1 1 1 1 3 4 4 4 0 0 0 0 2 2 2 0
 0 0 0 1 1 2 2 2 1 1 0 0 0 0 0 0 0 0 0 1 1 1 1 1 1 1 1 1 1 1 2 2 4 4 3 4 4 4 1 1 0 0 1 1 1 2
 0 0 0 0 0 0 1 1 0 0 0 0 0 0 0 0 0 0 0 0 0 1 1 1 2 2 2 2 2 3 4 4 4 4 6 5 5 4 7 7 3 3 1 2 2 4
 0 0 0 0 0 0 1 1 0 0 0 0 0 0 0 0 0 0 0 0 0 1 1 1 2 2 2 2 2 3 4 4 4 4 6 5 5 4 7 7 3 3 1 2 2 4
 0 0 0 0 0 0 0 0 0 0 0 0 0 0 0 0 0 0 0 0 0 1 1 1 2 2 2 2 2 4 5 5 7 7 7 8 8 10 9 9 2 2 10 5 5 8
 0 0 0 0 0 0 0 0 0 0 0 0 0 0 0 0 0 0 0 2 2 2 3 3 3 3 3 3 3 4 6 6 8 8 15 9 9 11 10 10 16 16 11 5 5 6
 0 0 0 0 0 0 0 0 0 0 0 0 0 0 0 0 0 0 0 2 2 2 3 3 3 3 3 3 3 4 6 6 8 8 15 9 9 11 10 10 16 16 11 5 5 6
 0 0 0 0 0 0 0 0 0 0 0 0 0 0 1 1 1 1 0 0 0 2 1 1 6 6 8 5 5 8 8 8 9 9 8 21 21 10 12 12 7 7 5 0 0 0
 0 0 0 0 0 0 0 0 0 0 0 0 0 0 1 1 1 1 0 0 0 2 1 1 6 6 8 5 5 8 8 8 9 9 8 21 21 10 12 12 7 7 5 0 0 0
 0 0 0 0 0 0 0 0 0 0 0 0 0 0 1 1 2 2 1 0 0 0 1 1 7 7 8 12 12 14 13 13 8 8 8 17 17 15 6 6 4 4 5 0 0 0
 0 0 0 1 1 1 1 1 0 0 0 0 0 0 0 0 1 1 0 0 0 3 4 4 5 5 9 12 12 15 14 14 10 10 8 4 4 5 2 2 4 4 2 1 1 0
 0 0 0 1 1 1 1 1 0 0 0 0 0 0 0 0 1 1 0 0 0 3 4 4 5 5 9 12 12 15 14 14 10 10 8 4 4 5 2 2 4 4 2 1 1 0
 0 0 1 1 1 2 2 2 1 1 1 0 0 0 0 0 0 0 0 0 0 3 4 4 2 2 8 10 10 14 14 14 10 10 6 4 4 1 0 0 3 3 1 0 0 0
 0 0 1 1 1 3 4 4 3 3 2 2 2 1 0 0 0 0 0 0 0 0 1 1 2 2 7 8 8 10 11 11 10 10 7 7 7 0 0 0 0 0 0 0 0 0
 0 0 1 1 1 3 4 4 3 3 2 2 2 1 0 0 0 0 0 0 0 0 1 1 2 2 7 8 8 10 11 11 10 10 7 7 7 0 0 0 0 0 0 0 0 0
 0 0 0 2 2 4 7 7 8 8 5 4 4 3 2 2 1 1 1 0 0 0 0 0 2 2 6 8 8 11 11 11 12 12 8 2 2 1 1 1 0 0 0 0 0 0
 0 0 0 2 2 4 7 7 8 8 5 4 4 3 2 2 1 1 1 0 0 0 0 0 2 2 6 8 8 11 11 11 12 12 8 2 2 1 1 1 0 0 0 0 0 0
 0 0 0 1 1 2 6 6 10 10 7 6 6 6 4 4 3 3 1 1 1 0 0 0 1 1 1 3 3 7 12 12 10 10 4 1 1 1 1 1 1 1 1 1 1 0
 0 0 0 1 1 1 3 3 6 6 7 6 6 7 7 7 5 5 4 2 2 1 0 0 0 0 0 2 2 3 7 7 5 5 3 1 1 1 1 1 1 1 1 2 2 1
 0 0 0 1 1 1 3 3 6 6 7 6 6 7 7 7 5 5 4 2 2 1 0 0 0 0 0 2 2 3 7 7 5 5 3 1 1 1 1 1 1 1 1 2 2 1
 0 0 0 0 0 0 1 1 2 2 3 4 4 4 4 4 3 3 4 3 3 1 0 0 0 0 5 6 6 1 3 3 3 3 2 1 1 3 1 1 2 2 2 2 2 1
 0 0 0 0 0 0 0 0 0 0 0 1 1 1 1 1 1 1 1 1 1 0 0 0 0 0 5 5 5 5 2 2 3 3 3 4 4 3 1 1 4 4 4 6 6 4
 0 0 0 0 0 0 0 0 0 0 0 1 1 1 1 1 1 1 1 1 1 0 0 0 0 0 5 5 5 5 2 2 3 3 3 4 4 3 1 1 4 4 4 6 6 4
 0 0 0 0 0 0 0 0 0 0 0 0 0 0 1 1 0 0 0 1 1 1 0 0 0 0 1 1 1 1 3 3 2 2 3 2 2 2 2 2 2 2 10 17 17 4
 0 0 0 0 0 0 0 0 0 0 0 0 0 0 1 1 0 0 0 1 1 1 0 0 0 0 1 1 1 1 3 3 2 2 3 2 2 2 2 2 2 2 10 17 17 4
 0 0 0 0 0 0 0 0 0 0 0 0 0 0 0 0 0 0 0 0 0 0 0 0 0 0 0 0 0 1 2 2 1 1 3 2 2 2 1 1 5 5 14 9 9 4
 0 0 0 0 0 0 0 0 0 0 0 0 0 0 0 0 0 0 0 0 0 0 0 0 0 0 0 0 0 0 0 0 0 0 1 0 0 1 1 1 1 1 4 10 10 4
 0 0 0 0 0 0 0 0 0 0 0 0 0 0 0 0 0 0 0 0 0 0 0 0 0 0 0 0 0 0 0 0 0 0 1 0 0 1 1 1 1 1 4 10 10 4
 0 0 0 0 0 0 0 0 0 0 0 0 0 0 0 0 0 0 0 0 0 0 0 0 0 0 0 0 0 0 0 0 0 0 1 1 1 1 1 1 2 2 1 1 1 1
 0 0 0 0 0 0 0 0 0 0 0 0 0 0 0 0 0 0 0 0 0 0 0 0 0 0 0 0 0 0 0 0 0 0 1 1 1 1 0 0 0 0 2 0 0 0
