assets/RAT_results/precipitation/2022-05-14_IMERG.asc
ncols        46
nrows        77
xllcorner    74.800261325624
yllcorner    8.058333333333
cellsize     0.062500000000
NODATA_value -9999
 2 2 1 2 2 10 3 3 0 0 0 0 0 0 0 0 0 0 0 0 0 0 0 0 0 0 1 1 1 3 3 3 2 2 2 4 4 9 13 13 33 33 38 40 40 59
 0 0 0 1 1 5 30 30 2 2 0 0 0 0 0 0 0 0 0 0 0 0 1 1 1 1 1 1 1 2 4 4 4 4 2 2 2 4 9 9 24 24 32 36 36 56
 0 0 0 1 1 5 30 30 2 2 0 0 0 0 0 0 0 0 0 0 0 0 1 1 1 1 1 1 1 2 4 4 4 4 2 2 2 4 9 9 24 24 32 36 36 56
 1 1 0 1 1 1 6 6 0 0 0 0 0 0 0 0 0 0 0 1 1 2 2 2 2 2 2 2 2 2 3 3 5 5 3 2 2 3 9 9 15 15 24 33 33 53
 2 2 1 1 1 0 0 0 0 0 0 0 0 0 0 0 0 0 0 1 1 3 6 6 6 6 5 3 3 2 2 2 2 2 2 2 2 3 7 7 8 8 15 29 29 38
 2 2 1 1 1 0 0 0 0 0 0 0 0 0 0 0 0 0 0 1 1 3 6 6 6 6 5 3 3 2 2 2 2 2 2 2 2 3 7 7 8 8 15 29 29 38
 3 3 2 1 1 1 1 1 1 1 0 0 0 0 0 0 0 0 0 0 0 2 9 9 13 13 10 5 5 4 3 3 2 2 2 2 2 5 7 7 7 7 16 43 43 48
 3 3 2 1 1 1 1 1 1 1 0 0 0 0 0 0 0 0 0 0 0 2 9 9 13 13 10 5 5 4 3 3 2 2 2 2 2 5 7 7 7 7 16 43 43 48
 4 4 3 3 3 3 2 2 2 2 1 0 0 0 0 0 0 0 0 0 0 1 4 4 8 8 10 7 7 7 5 5 3 3 2 2 2 4 5 5 5 5 37 40 40 42
 7 7 4 6 6 6 4 4 3 3 2 1 1 1 0 0 0 0 0 0 0 0 1 1 2 2 3 5 5 9 7 7 4 4 3 2 2 4 4 4 6 6 11 60 60 63
 7 7 4 6 6 6 4 4 3 3 2 1 1 1 0 0 0 0 0 0 0 0 1 1 2 2 3 5 5 9 7 7 4 4 3 2 2 4 4 4 6 6 11 60 60 63
 27 27 9 9 9 7 10 10 5 5 3 2 2 1 0 0 0 0 0 0 0 0 0 0 0 0 1 2 2 4 5 5 5 5 5 3 3 2 5 5 4 4 4 61 61 30
 22 22 10 9 9 6 6 6 7 7 5 3 3 2 1 1 0 0 0 0 0 0 0 0 0 0 1 1 1 1 3 3 6 6 8 4 4 3 3 3 2 2 1 28 28 28
 22 22 10 9 9 6 6 6 7 7 5 3 3 2 1 1 0 0 0 0 0 0 0 0 0 0 1 1 1 1 3 3 6 6 8 4 4 3 3 3 2 2 1 28 28 28
 25 25 15 15 15 6 6 6 9 9 7 5 5 4 2 2 0 0 0 0 0 0 0 0 0 0 0 1 1 1 2 2 6 6 8 8 8 6 5 5 3 3 2 14 14 14
 25 25 15 15 15 6 6 6 9 9 7 5 5 4 2 2 0 0 0 0 0 0 0 0 0 0 0 1 1 1 2 2 6 6 8 8 8 6 5 5 3 3 2 14 14 14
 19 19 26 18 18 22 6 6 10 10 12 12 12 10 9 9 2 2 0 0 0 0 0 0 0 0 0 0 0 1 2 2 4 4 6 10 10 6 4 4 5 5 7 11 11 9
 56 56 58 38 38 34 17 17 6 6 4 5 5 5 6 6 3 3 1 0 0 0 0 0 0 0 0 0 0 0 2 2 4 4 3 3 3 3 2 2 4 4 8 8 8 3
 56 56 58 38 38 34 17 17 6 6 4 5 5 5 6 6 3 3 1 0 0 0 0 0 0 0 0 0 0 0 2 2 4 4 3 3 3 3 2 2 4 4 8 8 8 3
 115 115 96 62 62 41 19 19 9 9 6 5 5 4 5 5 5 5 3 1 1 0 0 0 3 3 0 2 2 0 1 1 2 2 2 3 3 2 1 1 2 2 6 8 8 7
 43 43 71 57 57 56 31 31 12 12 10 7 7 2 4 4 5 5 4 3 3 1 0 0 2 2 2 2 2 1 0 0 0 0 0 0 0 0 1 1 2 2 6 6 6 9
 43 43 71 57 57 56 31 31 12 12 10 7 7 2 4 4 5 5 4 3 3 1 0 0 2 2 2 2 2 1 0 0 0 0 0 0 0 0 1 1 2 2 6 6 6 9
 62 62 43 45 45 38 41 41 24 24 11 15 15 3 3 3 4 4 4 6 6 2 0 0 0 0 2 1 1 3 2 2 0 0 0 2 2 1 0 0 1 1 5 2 2 3
 62 62 43 45 45 38 41 41 24 24 11 15 15 3 3 3 4 4 4 6 6 2 0 0 0 0 2 1 1 3 2 2 0 0 0 2 2 1 0 0 1 1 5 2 2 3
 53 53 36 34 34 34 30 30 26 26 14 19 19 11 6 6 3 3 4 7 7 7 1 1 0 0 0 1 1 3 1 1 1 1 0 0 0 0 2 2 3 3 1 0 0 2
 55 55 70 39 39 33 31 31 32 32 29 12 12 6 7 7 6 6 4 9 9 13 2 2 0 0 0 0 0 1 0 0 0 0 0 0 0 0 0 0 0 0 0 0 0 2
 55 55 70 39 39 33 31 31 32 32 29 12 12 6 7 7 6 6 4 9 9 13 2 2 0 0 0 0 0 1 0 0 0 0 0 0 0 0 0 0 0 0 0 0 0 2
 50 50 41 32 32 28 29 29 33 33 32 20 20 13 10 10 7 7 2 11 11 11 7 7 1 1 0 0 0 0 0 0 0 0 0 0 0 0 0 0 0 0 0 0 0 0
 32 32 34 32 32 25 29 29 28 28 27 17 17 12 8 8 8 8 5 8 8 4 7 7 2 2 0 3 3 0 0 0 0 0 0 0 0 0 0 0 0 0 0 0 0 0
 32 32 34 32 32 25 29 29 28 28 27 17 17 12 8 8 8 8 5 8 8 4 7 7 2 2 0 3 3 0 0 0 0 0 0 0 0 0 0 0 0 0 0 0 0 0
 36 36 32 37 37 26 30 30 25 25 22 16 16 14 9 9 9 9 6 4 4 3 5 5 3 3 1 0 0 0 0 0 0 0 0 0 0 0 0 0 0 0 0 0 0 0
 36 36 32 37 37 26 30 30 25 25 22 16 16 14 9 9 9 9 6 4 4 3 5 5 3 3 1 0 0 0 0 0 0 0 0 0 0 0 0 0 0 0 0 0 0 0
 40 40 36 40 40 38 48 48 47 47 42 37 37 36 21 21 8 8 3 4 4 3 5 5 3 3 1 0 0 0 0 0 0 0 0 0 0 0 0 0 0 0 0 0 0 0
 56 56 49 49 49 47 62 62 72 72 48 47 47 39 23 23 18 18 12 8 8 5 3 3 3 3 1 0 0 0 0 0 0 0 0 0 0 0 0 0 0 0 0 0 0 0
 56 56 49 49 49 47 62 62 72 72 48 47 47 39 23 23 18 18 12 8 8 5 3 3 3 3 1 0 0 0 0 0 0 0 0 0 0 0 0 0 0 0 0 0 0 0
 72 72 64 58 58 65 67 67 75 75 71 81 81 69 68 68 59 59 34 18 18 10 4 4 3 3 1 0 0 0 0 0 0 0 0 0 0 0 1 1 1 1 0 0 0 0
 131 131 77 83 83 82 86 86 96 96 80 101 101 116 110 110 68 68 67 21 21 12 9 9 4 4 2 1 1 0 0 0 0 0 0 0 0 0 2 2 3 3 1 0 0 0
 131 131 77 83 83 82 86 86 96 96 80 101 101 116 110 110 68 68 67 21 21 12 9 9 4 4 2 1 1 0 0 0 0 0 0 0 0 0 2 2 3 3 1 0 0 0
 128 128 99 94 94 99 96 96 105 105 102 124 124 130 146 146 105 105 100 49 49 24 13 13 5 5 3 1 1 0 0 0 0 0 0 0 0 0 1 1 1 1 1 0 0 1
 128 128 99 94 94 99 96 96 105 105 102 124 124 130 146 146 105 105 100 49 49 24 13 13 5 5 3 1 1 0 0 0 0 0 0 0 0 0 1 1 1 1 1 0 0 1
 179 179 134 117 117 115 121 121 117 117 119 127 127 173 165 165 153 153 98 50 50 30 21 21 15 15 4 1 1 0 0 0 0 0 0 0 0 1 2 2 3 3 3 3 3 3
 144 144 144 152 152 136 141 141 130 130 152 144 144 173 185 185 206 206 118 112 112 62 35 35 26 26 11 4 4 1 0 0 0 0 0 0 0 0 1 1 2 2 5 2 2 5
 144 144 144 152 152 136 141 141 130 130 152 144 144 173 185 185 206 206 118 112 112 62 35 35 26 26 11 4 4 1 0 0 0 0 0 0 0 0 1 1 2 2 5 2 2 5
 107 107 152 160 160 187 141 141 135 135 161 161 161 184 219 219 238 238 180 118 118 83 38 38 28 28 11 4 4 1 1 1 0 0 0 1 1 1 0 0 3 3 2 1 1 0
 103 103 132 149 149 194 198 198 203 203 195 183 183 185 220 220 289 289 199 136 136 100 69 69 28 28 23 5 5 3 1 1 0 0 0 1 1 1 0 0 0 0 0 0 0 1
 103 103 132 149 149 194 198 198 203 203 195 183 183 185 220 220 289 289 199 136 136 100 69 69 28 28 23 5 5 3 1 1 0 0 0 1 1 1 0 0 0 0 0 0 0 1
 100 100 117 127 127 166 150 150 176 176 217 233 233 221 250 250 272 272 293 215 215 89 78 78 35 35 32 4 4 3 3 3 2 2 1 0 0 0 0 0 0 0 0 0 0 1
 100 100 117 127 127 166 150 150 176 176 217 233 233 221 250 250 272 272 293 215 215 89 78 78 35 35 32 4 4 3 3 3 2 2 1 0 0 0 0 0 0 0 0 0 0 1
 100 100 102 123 123 187 186 186 252 252 215 266 266 257 388 388 419 419 283 260 260 86 70 70 29 29 30 8 8 6 6 6 5 5 1 1 1 0 0 0 0 0 0 0 0 0
 110 110 100 127 127 173 134 134 232 232 255 329 329 387 391 391 415 415 276 261 261 132 124 124 28 28 24 14 14 14 7 7 8 8 4 1 1 1 0 0 0 0 0 0 0 0
 110 110 100 127 127 173 134 134 232 232 255 329 329 387 391 391 415 415 276 261 261 132 124 124 28 28 24 14 14 14 7 7 8 8 4 1 1 1 0 0 0 0 0 0 0 0
 130 130 124 114 114 125 117 117 219 219 242 182 182 188 251 251 208 208 192 229 229 71 117 117 28 28 19 15 15 15 16 16 19 19 17 15 15 11 4 4 0 0 1 1 1 0
 125 125 118 100 100 114 114 114 118 118 125 149 149 159 244 244 134 134 119 103 103 67 28 28 26 26 21 23 23 14 16 16 19 19 23 18 18 17 12 12 5 5 5 2 2 0
 125 125 118 100 100 114 114 114 118 118 125 149 149 159 244 244 134 134 119 103 103 67 28 28 26 26 21 23 23 14 16 16 19 19 23 18 18 17 12 12 5 5 5 2 2 0
 103 103 107 106 106 109 103 103 96 96 110 94 94 98 129 129 101 101 100 85 85 75 33 33 28 28 16 19 19 13 18 18 18 18 22 26 26 30 30 30 17 17 7 4 4 1
 103 103 107 106 106 109 103 103 96 96 110 94 94 98 129 129 101 101 100 85 85 75 33 33 28 28 16 19 19 13 18 18 18 18 22 26 26 30 30 30 17 17 7 4 4 1
 101 101 101 106 106 112 102 102 98 98 89 77 77 72 65 65 67 67 72 78 78 72 34 34 24 24 15 18 18 20 17 17 17 17 26 29 29 39 29 29 15 15 4 3 3 2
 92 92 99 104 104 108 103 103 105 105 84 78 78 71 67 67 63 63 74 84 84 79 57 57 23 23 18 15 15 20 21 21 23 23 29 28 28 37 15 15 12 12 4 2 2 0
 92 92 99 104 104 108 103 103 105 105 84 78 78 71 67 67 63 63 74 84 84 79 57 57 23 23 18 15 15 20 21 21 23 23 29 28 28 37 15 15 12 12 4 2 2 0
 83 83 98 102 102 109 101 101 106 106 85 111 111 106 113 113 107 107 82 82 82 78 68 68 30 30 23 19 19 23 23 23 25 25 33 33 33 47 24 24 14 14 6 3 3 2
 77 77 65 100 100 97 98 98 101 101 109 103 103 93 96 96 72 72 86 81 81 74 68 68 33 33 23 23 23 27 23 23 22 22 21 32 32 65 23 23 10 10 7 3 3 2
 77 77 65 100 100 97 98 98 101 101 109 103 103 93 96 96 72 72 86 81 81 74 68 68 33 33 23 23 23 27 23 23 22 22 21 32 32 65 23 23 10 10 7 3 3 2
 56 56 66 92 92 98 95 95 94 94 95 65 65 70 71 71 67 67 63 54 54 48 35 35 46 46 37 21 21 29 27 27 27 27 28 30 30 29 19 19 6 6 5 4 4 4
 56 56 66 92 92 98 95 95 94 94 95 65 65 70 71 71 67 67 63 54 54 48 35 35 46 46 37 21 21 29 27 27 27 27 28 30 30 29 19 19 6 6 5 4 4 4
 48 48 61 78 78 78 92 92 95 95 78 49 49 57 63 63 43 43 49 41 41 36 31 31 30 30 20 29 29 28 34 34 30 30 29 22 22 17 15 15 5 5 5 5 5 4
 61 61 78 74 74 82 88 88 85 85 82 64 64 61 66 66 56 56 52 46 46 38 16 16 17 17 30 36 36 30 34 34 38 38 32 21 21 17 20 20 8 8 6 6 6 5
 61 61 78 74 74 82 88 88 85 85 82 64 64 61 66 66 56 56 52 46 46 38 16 16 17 17 30 36 36 30 34 34 38 38 32 21 21 17 20 20 8 8 6 6 6 5
 79 79 82 79 79 74 81 81 85 85 83 79 79 82 69 69 62 62 51 44 44 35 35 35 37 37 22 37 37 39 37 37 39 39 29 21 21 20 22 22 20 20 10 3 3 5
 63 63 71 86 86 72 69 69 68 68 77 75 75 80 88 88 73 73 69 63 63 46 34 34 38 38 23 53 53 39 38 38 33 33 27 23 23 22 17 17 19 19 9 6 6 4
 63 63 71 86 86 72 69 69 68 68 77 75 75 80 88 88 73 73 69 63 63 46 34 34 38 38 23 53 53 39 38 38 33 33 27 23 23 22 17 17 19 19 9 6 6 4
 80 80 79 78 78 63 37 37 50 50 54 68 68 70 101 101 92 92 83 65 65 40 39 39 40 40 51 56 56 47 41 41 37 37 30 27 27 24 17 17 21 21 11 11 11 4
 80 80 79 78 78 63 37 37 50 50 54 68 68 70 101 101 92 92 83 65 65 40 39 39 40 40 51 56 56 47 41 41 37 37 30 27 27 24 17 17 21 21 11 11 11 4
 74 74 45 40 40 41 38 38 51 51 57 62 62 63 84 84 83 83 67 52 52 48 40 40 27 27 36 53 53 41 38 38 38 38 31 30 30 31 22 22 13 13 12 12 12 5
 62 62 53 41 41 38 40 40 40 40 45 53 53 59 65 65 73 73 43 32 32 39 31 31 34 34 40 49 49 56 62 62 37 37 32 31 31 29 23 23 14 14 8 8 8 8
 62 62 53 41 41 38 40 40 40 40 45 53 53 59 65 65 73 73 43 32 32 39 31 31 34 34 40 49 49 56 62 62 37 37 32 31 31 29 23 23 14 14 8 8 8 8
 63 63 56 54 54 54 61 61 37 37 48 46 46 46 54 54 44 44 32 35 35 45 54 54 42 42 34 40 40 60 64 64 36 36 44 24 24 18 14 14 11 11 5 5 5 8
 52 52 52 49 49 49 47 47 43 43 50 46 46 38 28 28 28 28 25 32 32 51 51 51 51 51 51 32 32 35 44 44 36 36 49 24 24 30 35 35 13 13 17 7 7 6
