assets/RAT_results/precipitation/2022-04-30_IMERG.asc
ncols        46
nrows        77
xllcorner    74.800261325624
yllcorner    8.058333333333
cellsize     0.062500000000
NODATA_value -9999
 3 3 3 6 6 11 13 13 16 16 18 17 17 16 13 13 9 9 8 8 8 8 7 7 6 6 6 5 5 5 5 5 6 6 6 5 5 4 3 3 2 2 3 2 2 2
 5 5 5 7 7 11 13 13 17 17 20 20 20 20 16 16 9 9 7 9 9 8 6 6 6 6 5 5 5 5 5 5 6 6 6 5 5 4 3 3 2 2 3 2 2 1
 5 5 5 7 7 11 13 13 17 17 20 20 20 20 16 16 9 9 7 9 9 8 6 6 6 6 5 5 5 5 5 5 6 6 6 5 5 4 3 3 2 2 3 2 2 1
 4 4 6 9 9 13 14 14 17 17 22 22 22 22 15 15 9 9 9 15 15 15 10 10 10 10 6 4 4 4 6 6 6 6 12 10 10 4 3 3 2 2 3 2 2 2
 3 3 6 8 8 13 15 15 15 15 20 21 21 17 11 11 8 8 7 6 6 11 11 11 13 13 5 11 11 8 6 6 8 8 12 11 11 23 22 22 4 4 3 3 3 19
 3 3 6 8 8 13 15 15 15 15 20 21 21 17 11 11 8 8 7 6 6 11 11 11 13 13 5 11 11 8 6 6 8 8 12 11 11 23 22 22 4 4 3 3 3 19
 2 2 4 7 7 9 13 13 13 13 14 15 15 13 8 8 7 7 6 6 6 7 4 4 4 4 6 33 33 8 37 37 54 54 50 47 47 21 19 19 4 4 8 10 10 14
 2 2 4 7 7 9 13 13 13 13 14 15 15 13 8 8 7 7 6 6 6 7 4 4 4 4 6 33 33 8 37 37 54 54 50 47 47 21 19 19 4 4 8 10 10 14
 1 1 2 5 5 5 9 9 9 9 9 7 7 7 6 6 6 6 6 6 6 5 4 4 4 4 4 4 4 5 38 38 53 53 53 57 57 36 34 34 8 8 8 11 11 16
 1 1 2 4 4 4 4 4 4 4 5 5 5 5 5 5 6 6 6 6 6 5 4 4 4 4 4 3 3 3 11 11 42 42 47 43 43 102 36 36 24 24 25 25 25 26
 1 1 2 4 4 4 4 4 4 4 5 5 5 5 5 5 6 6 6 6 6 5 4 4 4 4 4 3 3 3 11 11 42 42 47 43 43 102 36 36 24 24 25 25 25 26
 1 1 2 3 3 2 6 6 6 6 5 5 5 5 5 5 8 8 8 5 5 5 5 5 5 5 4 3 3 4 11 11 39 39 37 103 103 104 36 36 4 4 25 14 14 18
 1 1 1 2 2 17 37 37 60 60 22 12 12 12 10 10 9 9 11 7 7 6 4 4 4 4 3 3 3 6 40 40 39 39 38 83 83 81 10 10 10 10 12 14 14 18
 1 1 1 2 2 17 37 37 60 60 22 12 12 12 10 10 9 9 11 7 7 6 4 4 4 4 3 3 3 6 40 40 39 39 38 83 83 81 10 10 10 10 12 14 14 18
 1 1 3 1 1 18 74 74 57 57 35 35 35 29 24 24 21 21 35 21 21 7 7 7 7 7 4 7 7 4 5 5 30 30 82 82 82 82 9 9 8 8 2 1 1 2
 1 1 3 1 1 18 74 74 57 57 35 35 35 29 24 24 21 21 35 21 21 7 7 7 7 7 4 7 7 4 5 5 30 30 82 82 82 82 9 9 8 8 2 1 1 2
 1 1 2 1 1 17 86 86 41 41 23 31 31 47 31 31 29 29 23 20 20 11 2 2 3 3 7 16 16 8 8 8 33 33 5 4 4 7 5 5 1 1 1 1 1 0
 2 2 1 5 5 10 79 79 43 43 22 21 21 45 51 51 51 51 22 28 28 19 7 7 2 2 4 6 6 8 9 9 7 7 6 10 10 8 2 2 1 1 0 0 0 0
 2 2 1 5 5 10 79 79 43 43 22 21 21 45 51 51 51 51 22 28 28 19 7 7 2 2 4 6 6 8 9 9 7 7 6 10 10 8 2 2 1 1 0 0 0 0
 2 2 2 6 6 37 25 25 38 38 25 21 21 31 44 44 40 40 28 23 23 20 15 15 11 11 10 11 11 9 8 8 7 7 6 3 3 1 1 1 0 0 0 0 0 0
 4 4 4 7 7 8 27 27 23 23 28 19 19 24 38 38 44 44 40 18 18 14 15 15 12 12 9 5 5 6 7 7 6 6 5 0 0 0 0 0 0 0 0 0 0 0
 4 4 4 7 7 8 27 27 23 23 28 19 19 24 38 38 44 44 40 18 18 14 15 15 12 12 9 5 5 6 7 7 6 6 5 0 0 0 0 0 0 0 0 0 0 0
 6 6 5 7 7 8 6 6 25 25 35 24 24 21 21 21 30 30 25 11 11 23 14 14 14 14 8 7 7 9 6 6 4 4 2 1 1 0 1 1 0 0 0 0 0 0
 6 6 5 7 7 8 6 6 25 25 35 24 24 21 21 21 30 30 25 11 11 23 14 14 14 14 8 7 7 9 6 6 4 4 2 1 1 0 1 1 0 0 0 0 0 0
 7 7 7 7 7 9 8 8 7 7 7 9 9 9 21 21 17 17 19 9 9 11 11 11 20 20 6 5 5 5 4 4 2 2 0 0 0 0 0 0 0 0 0 0 0 0
 10 10 8 10 10 10 11 11 10 10 10 7 7 6 8 8 12 12 22 9 9 18 9 9 9 9 7 2 2 3 0 0 0 0 0 0 0 0 0 0 0 0 0 0 0 0
 10 10 8 10 10 10 11 11 10 10 10 7 7 6 8 8 12 12 22 9 9 18 9 9 9 9 7 2 2 3 0 0 0 0 0 0 0 0 0 0 0 0 0 0 0 0
 13 13 11 11 11 11 12 12 18 18 22 9 9 4 3 3 3 3 2 10 10 15 8 8 10 10 5 3 3 0 0 0 0 0 0 0 0 0 0 0 0 0 0 0 0 0
 18 18 14 15 15 13 16 16 14 14 28 20 20 4 4 4 5 5 4 19 19 38 24 24 5 5 1 1 1 1 0 0 0 0 0 0 0 0 0 0 0 0 0 0 0 0
 18 18 14 15 15 13 16 16 14 14 28 20 20 4 4 4 5 5 4 19 19 38 24 24 5 5 1 1 1 1 0 0 0 0 0 0 0 0 0 0 0 0 0 0 0 0
 27 27 17 13 13 16 16 16 11 11 16 21 21 21 5 5 7 7 21 16 16 15 0 0 0 0 0 0 0 1 0 0 0 0 0 0 0 0 0 0 0 0 0 0 0 0
 27 27 17 13 13 16 16 16 11 11 16 21 21 21 5 5 7 7 21 16 16 15 0 0 0 0 0 0 0 1 0 0 0 0 0 0 0 0 0 0 0 0 0 0 0 0
 44 44 27 16 16 14 12 12 10 10 31 44 44 38 5 5 7 7 40 40 40 1 0 0 0 0 0 1 1 1 0 0 0 0 0 0 0 0 0 0 0 0 0 0 0 0
 35 35 25 18 18 15 12 12 14 14 24 49 49 74 17 17 5 5 4 1 1 0 0 0 0 0 0 0 0 0 0 0 0 0 0 0 0 0 0 0 0 0 0 0 0 0
 35 35 25 18 18 15 12 12 14 14 24 49 49 74 17 17 5 5 4 1 1 0 0 0 0 0 0 0 0 0 0 0 0 0 0 0 0 0 0 0 0 0 0 0 0 0
 32 32 25 17 17 16 18 18 27 27 29 43 43 90 47 47 24 24 38 62 62 11 0 0 0 0 0 0 0 0 0 0 0 0 0 0 0 0 0 0 0 0 0 0 0 0
 28 28 26 17 17 19 18 18 32 32 34 25 25 17 53 53 45 45 150 114 114 13 0 0 0 0 0 0 0 0 0 0 0 0 0 0 0 0 0 0 0 0 0 0 0 0
 28 28 26 17 17 19 18 18 32 32 34 25 25 17 53 53 45 45 150 114 114 13 0 0 0 0 0 0 0 0 0 0 0 0 0 0 0 0 0 0 0 0 0 0 0 0
 31 31 18 19 19 21 16 16 23 23 22 10 10 3 4 4 9 9 15 20 20 13 1 1 0 0 0 0 0 0 1 1 0 0 0 0 0 0 0 0 0 0 0 0 0 0
 31 31 18 19 19 21 16 16 23 23 22 10 10 3 4 4 9 9 15 20 20 13 1 1 0 0 0 0 0 0 1 1 0 0 0 0 0 0 0 0 0 0 0 0 0 0
 32 32 20 20 20 16 15 15 13 13 11 5 5 2 1 1 3 3 2 8 8 8 3 3 1 1 0 0 0 1 1 1 0 0 0 0 0 0 0 0 0 0 1 0 0 0
 29 29 21 17 17 13 12 12 10 10 7 3 3 2 1 1 1 1 2 2 2 4 4 4 2 2 0 1 1 1 1 1 0 0 0 0 0 1 0 0 0 0 0 0 0 0
 29 29 21 17 17 13 12 12 10 10 7 3 3 2 1 1 1 1 2 2 2 4 4 4 2 2 0 1 1 1 1 1 0 0 0 0 0 1 0 0 0 0 0 0 0 0
 25 25 15 13 13 9 8 8 6 6 4 3 3 2 1 1 0 0 2 2 2 9 11 11 4 4 1 0 0 6 0 0 0 0 0 0 0 2 0 0 0 0 0 0 0 0
 14 14 15 15 15 5 5 5 3 3 3 3 3 3 1 1 0 0 1 3 3 6 11 11 5 5 1 0 0 1 0 0 0 0 0 0 0 2 0 0 0 0 0 0 0 0
 14 14 15 15 15 5 5 5 3 3 3 3 3 3 1 1 0 0 1 3 3 6 11 11 5 5 1 0 0 1 0 0 0 0 0 0 0 2 0 0 0 0 0 0 0 0
 10 10 13 9 9 6 2 2 2 2 0 1 1 2 1 1 1 1 1 4 4 6 5 5 4 4 1 1 1 1 0 0 0 0 0 0 0 0 0 0 0 0 0 0 0 0
 10 10 13 9 9 6 2 2 2 2 0 1 1 2 1 1 1 1 1 4 4 6 5 5 4 4 1 1 1 1 0 0 0 0 0 0 0 0 0 0 0 0 0 0 0 0
 12 12 9 4 4 5 1 1 1 1 0 1 1 1 2 2 1 1 2 5 5 5 7 7 5 5 2 1 1 0 0 0 0 0 0 0 0 0 0 0 0 0 0 0 0 0
 12 12 7 6 6 3 0 0 0 0 0 0 0 1 2 2 1 1 2 9 9 8 8 8 6 6 4 1 1 0 0 0 0 0 0 0 0 0 0 0 0 0 0 0 0 0
 12 12 7 6 6 3 0 0 0 0 0 0 0 1 2 2 1 1 2 9 9 8 8 8 6 6 4 1 1 0 0 0 0 0 0 0 0 0 0 0 0 0 0 0 0 0
 11 11 7 5 5 3 0 0 0 0 0 1 1 2 2 2 1 1 3 10 10 7 6 6 6 6 4 0 0 0 0 0 0 0 0 0 0 0 0 0 0 0 0 0 0 0
 11 11 7 5 5 3 0 0 0 0 1 1 1 2 1 1 1 1 4 10 10 7 5 5 4 4 1 0 0 0 0 0 0 0 0 0 0 0 0 0 0 0 0 0 0 0
 11 11 7 5 5 3 0 0 0 0 1 1 1 2 1 1 1 1 4 10 10 7 5 5 4 4 1 0 0 0 0 0 0 0 0 0 0 0 0 0 0 0 0 0 0 0
 11 11 5 5 5 5 3 3 1 1 1 2 2 2 1 1 1 1 3 8 8 6 4 4 4 4 2 0 0 0 0 0 0 0 0 0 0 0 0 0 0 0 0 0 0 0
 11 11 5 5 5 5 3 3 1 1 1 2 2 2 1 1 1 1 3 8 8 6 4 4 4 4 2 0 0 0 0 0 0 0 0 0 0 0 0 0 0 0 0 0 0 0
 8 8 5 5 5 5 3 3 2 2 2 2 2 2 1 1 1 1 2 6 6 3 4 4 5 5 0 0 0 0 0 0 0 0 0 0 0 0 0 0 0 0 0 0 0 0
 8 8 5 5 5 5 4 4 3 3 2 2 2 2 2 2 1 1 2 4 4 3 4 4 2 2 1 0 0 0 0 0 0 0 0 0 0 0 0 0 0 0 1 1 1 0
 8 8 5 5 5 5 4 4 3 3 2 2 2 2 2 2 1 1 2 4 4 3 4 4 2 2 1 0 0 0 0 0 0 0 0 0 0 0 0 0 0 0 1 1 1 0
 6 6 5 5 5 5 4 4 2 2 2 3 3 4 3 3 3 3 3 4 4 2 2 2 1 1 0 0 0 0 0 0 0 0 0 0 0 0 0 0 0 0 0 1 1 0
 6 6 6 5 5 5 5 5 2 2 3 6 6 8 6 6 7 7 9 6 6 3 1 1 2 2 1 0 0 0 0 0 0 0 0 0 0 0 0 0 0 0 0 1 1 0
 6 6 6 5 5 5 5 5 2 2 3 6 6 8 6 6 7 7 9 6 6 3 1 1 2 2 1 0 0 0 0 0 0 0 0 0 0 0 0 0 0 0 0 1 1 0
 8 8 8 4 4 4 5 5 5 5 5 6 6 11 7 7 7 7 10 8 8 3 1 1 2 2 1 1 1 0 0 0 0 0 0 0 0 0 0 0 0 0 0 0 0 0
 8 8 8 4 4 4 5 5 5 5 5 6 6 11 7 7 7 7 10 8 8 3 1 1 2 2 1 1 1 0 0 0 0 0 0 0 0 0 0 0 0 0 0 0 0 0
 9 9 20 7 7 6 7 7 6 6 5 6 6 8 7 7 5 5 7 5 5 2 0 0 1 1 2 1 1 0 0 0 0 0 0 0 0 0 0 0 0 0 0 0 0 0
 22 22 23 23 23 6 7 7 6 6 6 6 6 11 6 6 3 3 2 1 1 1 2 2 3 3 3 2 2 3 0 0 0 0 0 0 0 0 0 0 0 0 0 0 0 0
 22 22 23 23 23 6 7 7 6 6 6 6 6 11 6 6 3 3 2 1 1 1 2 2 3 3 3 2 2 3 0 0 0 0 0 0 0 0 0 0 0 0 0 0 0 0
 17 17 17 17 17 5 6 6 6 6 6 5 5 4 5 5 2 2 1 1 1 2 6 6 4 4 2 2 2 2 0 0 0 0 0 0 0 0 0 0 0 0 0 0 0 1
 15 15 14 14 14 6 7 7 9 9 6 4 4 2 3 3 1 1 0 0 0 1 1 1 1 1 0 1 1 2 0 0 0 0 0 0 0 0 0 0 0 0 0 0 0 0
 15 15 14 14 14 6 7 7 9 9 6 4 4 2 3 3 1 1 0 0 0 1 1 1 1 1 0 1 1 2 0 0 0 0 0 0 0 0 0 0 0 0 0 0 0 0
 23 23 10 10 10 8 9 9 11 11 7 3 3 1 2 2 0 0 0 0 0 0 1 1 0 0 0 0 0 1 0 0 1 1 0 0 0 0 0 0 0 0 0 0 0 0
 23 23 10 10 10 8 9 9 11 11 7 3 3 1 2 2 0 0 0 0 0 0 1 1 0 0 0 0 0 1 0 0 1 1 0 0 0 0 0 0 0 0 0 0 0 0
 11 11 8 8 8 9 8 8 8 8 6 2 2 2 2 2 0 0 0 0 0 0 0 0 0 0 0 0 0 0 0 0 1 1 0 0 0 0 0 0 0 0 0 0 0 0
 9 9 7 7 7 7 6 6 5 5 5 1 1 1 1 1 0 0 0 0 0 0 0 0 0 0 0 0 0 0 0 0 2 2 1 0 0 1 0 0 0 0 0 0 0 0
 9 9 7 7 7 7 6 6 5 5 5 1 1 1 1 1 0 0 0 0 0 0 0 0 0 0 0 0 0 0 0 0 2 2 1 0 0 1 0 0 0 0 0 0 0 0
 7 7 6 6 6 5 3 3 2 2 2 1 1 0 0 0 0 0 0 0 0 0 0 0 0 0 0 0 0 0 0 0 1 1 1 1 1 0 1 1 0 0 0 0 0 0
 6 6 5 3 3 3 3 3 2 2 2 1 1 1 1 1 0 0 0 0 0 0 0 0 0 0 0 0 0 0 0 0 0 0 0 2 2 1 2 2 0 0 0 0 0 0
