assets/RAT_results/precipitation/2022-04-06_IMERG.asc
ncols        46
nrows        77
xllcorner    74.800261325624
yllcorner    8.058333333333
cellsize     0.062500000000
NODATA_value -9999
 1 1 0 0 0 0 0 0 0 0 0 0 0 0 0 0 0 0 0 0 0 0 0 0 0 0 0 0 0 0 0 0 0 0 0 0 0 0 0 0 0 0 0 0 0 0
 1 1 0 0 0 0 2 2 7 7 0 0 0 0 0 0 0 0 0 0 0 0 0 0 0 0 0 0 0 0 0 0 0 0 0 0 0 0 0 0 0 0 0 0 0 0
 1 1 0 0 0 0 2 2 7 7 0 0 0 0 0 0 0 0 0 0 0 0 0 0 0 0 0 0 0 0 0 0 0 0 0 0 0 0 0 0 0 0 0 0 0 0
 0 0 2 2 2 2 3 3 4 4 6 0 0 0 0 0 0 0 0 0 0 0 0 0 0 0 0 0 0 0 0 0 0 0 0 0 0 0 0 0 0 0 0 0 0 0
 1 1 3 2 2 7 3 3 5 5 11 1 1 0 0 0 0 0 0 0 0 0 0 0 0 0 0 0 0 0 0 0 0 0 0 0 0 0 0 0 0 0 0 0 0 0
 1 1 3 2 2 7 3 3 5 5 11 1 1 0 0 0 0 0 0 0 0 0 0 0 0 0 0 0 0 0 0 0 0 0 0 0 0 0 0 0 0 0 0 0 0 0
 2 2 3 4 4 12 4 4 4 4 10 1 1 0 0 0 0 0 0 0 0 0 0 0 0 0 0 0 0 0 0 0 0 0 0 0 0 0 0 0 0 0 0 0 0 0
 2 2 3 4 4 12 4 4 4 4 10 1 1 0 0 0 0 0 0 0 0 0 0 0 0 0 0 0 0 0 0 0 0 0 0 0 0 0 0 0 0 0 0 0 0 0
 2 2 2 3 3 14 15 15 17 17 11 6 6 1 1 1 0 0 0 0 0 0 0 0 0 0 0 0 0 0 0 0 0 0 0 0 0 0 0 0 0 0 0 0 0 0
 5 5 6 3 3 16 16 16 23 23 14 14 14 3 1 1 1 1 1 1 1 1 0 0 0 0 0 0 0 0 1 1 0 0 1 0 0 0 0 0 0 0 0 0 0 0
 5 5 6 3 3 16 16 16 23 23 14 14 14 3 1 1 1 1 1 1 1 1 0 0 0 0 0 0 0 0 1 1 0 0 1 0 0 0 0 0 0 0 0 0 0 0
 5 5 8 10 10 7 20 20 22 22 14 6 6 3 1 1 1 1 1 1 1 1 0 0 0 0 0 0 0 0 1 1 7 7 1 0 0 0 0 0 0 0 0 0 0 0
 5 5 6 7 7 17 19 19 12 12 11 8 8 7 3 3 2 2 1 1 1 1 0 0 0 0 0 1 1 1 1 1 1 1 1 0 0 0 0 0 0 0 0 0 0 0
 5 5 6 7 7 17 19 19 12 12 11 8 8 7 3 3 2 2 1 1 1 1 0 0 0 0 0 1 1 1 1 1 1 1 1 0 0 0 0 0 0 0 0 0 0 0
 7 7 8 7 7 21 27 27 27 27 19 29 29 24 3 3 2 2 2 1 1 1 0 0 0 0 0 3 3 5 2 2 2 2 2 0 0 0 0 0 0 0 0 0 0 0
 7 7 8 7 7 21 27 27 27 27 19 29 29 24 3 3 2 2 2 1 1 1 0 0 0 0 0 3 3 5 2 2 2 2 2 0 0 0 0 0 0 0 0 0 0 0
 6 6 10 14 14 26 28 28 26 26 23 34 34 16 13 13 10 10 6 3 3 2 0 0 1 1 2 3 3 4 2 2 1 1 0 0 0 0 0 0 0 0 0 0 0 0
 8 8 9 19 19 22 14 14 34 34 35 35 35 44 14 14 5 5 6 7 7 4 2 2 11 11 6 1 1 1 1 1 1 1 2 2 2 1 1 1 0 0 0 0 0 0
 8 8 9 19 19 22 14 14 34 34 35 35 35 44 14 14 5 5 6 7 7 4 2 2 11 11 6 1 1 1 1 1 1 1 2 2 2 1 1 1 0 0 0 0 0 0
 18 18 31 25 25 19 11 11 25 25 35 18 18 17 7 7 7 7 10 7 7 4 2 2 5 5 7 1 1 1 1 1 1 1 2 2 2 2 1 1 0 0 0 0 0 0
 15 15 33 26 26 22 22 22 19 19 30 7 7 7 8 8 16 16 20 6 6 3 1 1 2 2 5 7 7 2 1 1 2 2 2 3 3 2 1 1 1 1 0 0 0 0
 15 15 33 26 26 22 22 22 19 19 30 7 7 7 8 8 16 16 20 6 6 3 1 1 2 2 5 7 7 2 1 1 2 2 2 3 3 2 1 1 1 1 0 0 0 0
 13 13 22 12 12 29 9 9 10 10 6 5 5 7 9 9 12 12 9 6 6 3 1 1 4 4 1 2 2 1 1 1 1 1 1 1 1 2 2 2 1 1 0 0 0 0
 13 13 22 12 12 29 9 9 10 10 6 5 5 7 9 9 12 12 9 6 6 3 1 1 4 4 1 2 2 1 1 1 1 1 1 1 1 2 2 2 1 1 0 0 0 0
 16 16 8 12 12 4 5 5 6 6 2 3 3 5 11 11 28 28 16 10 10 2 2 2 1 1 0 0 0 0 0 0 0 0 0 0 0 2 1 1 0 0 0 0 0 0
 18 18 6 11 11 4 4 4 4 4 4 16 16 5 11 11 27 27 55 9 9 2 1 1 19 19 2 0 0 1 1 1 1 1 1 0 0 0 1 1 0 0 0 0 0 0
 18 18 6 11 11 4 4 4 4 4 4 16 16 5 11 11 27 27 55 9 9 2 1 1 19 19 2 0 0 1 1 1 1 1 1 0 0 0 1 1 0 0 0 0 0 0
 4 4 8 6 6 8 39 39 37 37 41 23 23 27 99 99 14 14 10 1 1 3 8 8 22 22 8 1 1 1 1 1 0 0 0 0 0 0 0 0 0 0 0 0 0 0
 5 5 7 6 6 7 40 40 111 111 89 20 20 18 12 12 7 7 0 1 1 6 46 46 10 10 10 1 1 0 0 0 0 0 0 0 0 0 0 0 0 0 0 0 0 0
 5 5 7 6 6 7 40 40 111 111 89 20 20 18 12 12 7 7 0 1 1 6 46 46 10 10 10 1 1 0 0 0 0 0 0 0 0 0 0 0 0 0 0 0 0 0
 6 6 9 29 29 23 107 107 108 108 64 12 12 3 3 3 4 4 3 1 1 3 23 23 14 14 4 5 5 0 0 0 1 1 1 0 0 0 0 0 0 0 0 0 0 0
 6 6 9 29 29 23 107 107 108 108 64 12 12 3 3 3 4 4 3 1 1 3 23 23 14 14 4 5 5 0 0 0 1 1 1 0 0 0 0 0 0 0 0 0 0 0
 11 11 10 32 32 26 80 80 37 37 19 16 16 4 8 8 20 20 30 17 17 13 13 13 10 10 11 5 5 2 1 1 1 1 1 0 0 0 0 0 0 0 0 0 0 0
 14 14 14 115 115 81 78 78 35 35 31 37 37 24 27 27 49 49 34 84 84 88 18 18 8 8 11 10 10 5 2 2 4 4 1 1 1 1 0 0 0 0 0 0 0 0
 14 14 14 115 115 81 78 78 35 35 31 37 37 24 27 27 49 49 34 84 84 88 18 18 8 8 11 10 10 5 2 2 4 4 1 1 1 1 0 0 0 0 0 0 0 0
 12 12 12 38 38 33 28 28 29 29 29 38 38 27 36 36 53 53 125 130 130 93 56 56 13 13 10 9 9 8 5 5 5 5 9 3 3 1 1 1 0 0 0 0 0 0
 11 11 10 33 33 33 24 24 25 25 33 36 36 29 45 45 42 42 128 86 86 69 37 37 51 51 29 22 22 16 12 12 13 13 6 8 8 3 1 1 0 0 0 0 0 0
 11 11 10 33 33 33 24 24 25 25 33 36 36 29 45 45 42 42 128 86 86 69 37 37 51 51 29 22 22 16 12 12 13 13 6 8 8 3 1 1 0 0 0 0 0 0
 9 9 37 36 36 22 25 25 26 26 42 42 42 38 28 28 33 33 125 75 75 99 45 45 142 142 25 34 34 37 21 21 15 15 11 11 11 6 1 1 0 0 0 0 0 1
 9 9 37 36 36 22 25 25 26 26 42 42 42 38 28 28 33 33 125 75 75 99 45 45 142 142 25 34 34 37 21 21 15 15 11 11 11 6 1 1 0 0 0 0 0 1
 31 31 35 36 36 21 24 24 25 25 39 28 28 54 42 42 27 27 64 62 62 37 49 49 58 58 114 38 38 49 47 47 22 22 18 13 13 12 7 7 5 5 3 2 2 3
 6 6 4 32 32 27 25 25 38 38 19 20 20 42 41 41 24 24 15 36 36 45 44 44 57 57 129 110 110 42 30 30 25 25 18 13 13 18 11 11 8 8 6 3 3 3
 6 6 4 32 32 27 25 25 38 38 19 20 20 42 41 41 24 24 15 36 36 45 44 44 57 57 129 110 110 42 30 30 25 25 18 13 13 18 11 11 8 8 6 3 3 3
 5 5 4 0 0 1 2 2 4 4 14 17 17 26 10 10 41 41 24 46 46 47 34 34 49 49 48 108 108 104 28 28 37 37 24 18 18 19 13 13 13 13 13 8 8 7
 2 2 0 2 2 2 2 2 5 5 12 18 18 24 29 29 40 40 59 27 27 116 35 35 51 51 46 100 100 104 25 25 29 29 19 11 11 11 9 9 6 6 6 7 7 17
 2 2 0 2 2 2 2 2 5 5 12 18 18 24 29 29 40 40 59 27 27 116 35 35 51 51 46 100 100 104 25 25 29 29 19 11 11 11 9 9 6 6 6 7 7 17
 0 0 0 2 2 2 2 2 2 2 6 7 7 36 35 35 15 15 46 24 24 118 45 45 44 44 120 115 115 52 30 30 32 32 18 10 10 9 6 6 8 8 7 12 12 10
 0 0 0 2 2 2 2 2 2 2 6 7 7 36 35 35 15 15 46 24 24 118 45 45 44 44 120 115 115 52 30 30 32 32 18 10 10 9 6 6 8 8 7 12 12 10
 0 0 2 2 2 3 2 2 4 4 8 16 16 29 34 34 20 20 41 46 46 58 112 112 48 48 39 42 42 51 38 38 29 29 16 10 10 6 6 6 8 8 8 10 10 5
 0 0 2 2 2 2 2 2 2 2 16 16 16 32 91 91 44 44 51 38 38 101 53 53 42 42 42 57 57 46 40 40 30 30 19 12 12 8 6 6 10 10 8 11 11 10
 0 0 2 2 2 2 2 2 2 2 16 16 16 32 91 91 44 44 51 38 38 101 53 53 42 42 42 57 57 46 40 40 30 30 19 12 12 8 6 6 10 10 8 11 11 10
 0 0 2 2 2 2 3 3 1 1 7 8 8 28 39 39 68 68 24 82 82 72 58 58 43 43 43 86 86 42 29 29 31 31 23 11 11 14 8 8 9 9 9 12 12 10
 0 0 0 2 2 2 3 3 2 2 6 11 11 20 24 24 41 41 58 61 61 71 81 81 42 42 47 37 37 45 40 40 22 22 24 22 22 15 9 9 6 6 11 7 7 3
 0 0 0 2 2 2 3 3 2 2 6 11 11 20 24 24 41 41 58 61 61 71 81 81 42 42 47 37 37 45 40 40 22 22 24 22 22 15 9 9 6 6 11 7 7 3
 0 0 0 4 4 4 8 8 8 8 3 9 9 7 23 23 29 29 57 55 55 39 49 49 30 30 27 32 32 39 40 40 33 33 24 32 32 20 11 11 9 9 1 2 2 3
 0 0 0 4 4 4 8 8 8 8 3 9 9 7 23 23 29 29 57 55 55 39 49 49 30 30 27 32 32 39 40 40 33 33 24 32 32 20 11 11 9 9 1 2 2 3
 0 0 0 2 2 4 7 7 6 6 1 12 12 12 25 25 29 29 61 27 27 21 32 32 32 32 64 27 27 42 35 35 24 24 26 22 22 13 8 8 5 5 0 1 1 3
 1 1 0 2 2 2 2 2 2 2 0 11 11 10 19 19 27 27 40 15 15 16 23 23 28 28 52 55 55 40 45 45 28 28 20 12 12 6 1 1 0 0 0 1 1 3
 1 1 0 2 2 2 2 2 2 2 0 11 11 10 19 19 27 27 40 15 15 16 23 23 28 28 52 55 55 40 45 45 28 28 20 12 12 6 1 1 0 0 0 1 1 3
 1 1 0 0 0 2 1 1 2 2 1 2 2 6 9 9 15 15 19 13 13 15 13 13 23 23 23 24 24 49 25 25 18 18 18 7 7 2 1 1 0 0 0 0 0 1
 1 1 0 0 0 1 1 1 2 2 1 1 1 8 8 8 16 16 7 4 4 6 12 12 16 16 18 14 14 19 23 23 20 20 18 10 10 3 0 0 0 0 1 1 1 1
 1 1 0 0 0 1 1 1 2 2 1 1 1 8 8 8 16 16 7 4 4 6 12 12 16 16 18 14 14 19 23 23 20 20 18 10 10 3 0 0 0 0 1 1 1 1
 2 2 1 1 1 0 0 0 2 2 2 2 2 7 8 8 13 13 10 2 2 3 5 5 12 12 15 13 13 12 11 11 11 11 11 7 7 4 0 0 0 0 0 0 0 1
 2 2 1 1 1 0 0 0 2 2 2 2 2 7 8 8 13 13 10 2 2 3 5 5 12 12 15 13 13 12 11 11 11 11 11 7 7 4 0 0 0 0 0 0 0 1
 1 1 1 1 1 0 0 0 2 2 0 2 2 2 11 11 9 9 8 4 4 0 2 2 8 8 12 16 16 10 10 10 10 10 8 1 1 0 0 0 0 0 0 1 1 1
 1 1 1 1 1 0 0 0 1 1 1 2 2 2 1 1 1 1 0 1 1 0 0 0 2 2 9 12 12 8 7 7 7 7 2 1 1 0 0 0 0 0 0 1 1 1
 1 1 1 1 1 0 0 0 1 1 1 2 2 2 1 1 1 1 0 1 1 0 0 0 2 2 9 12 12 8 7 7 7 7 2 1 1 0 0 0 0 0 0 1 1 1
 2 2 2 0 0 0 0 0 0 0 0 1 1 1 1 1 1 1 0 0 0 0 0 0 0 0 0 8 8 9 5 5 7 7 2 1 1 1 0 0 8 8 5 6 6 10
 2 2 2 0 0 0 0 0 0 0 0 0 0 0 0 0 0 0 0 0 0 0 0 0 0 0 0 4 4 7 5 5 18 18 14 9 9 9 9 9 12 12 6 5 5 11
 2 2 2 0 0 0 0 0 0 0 0 0 0 0 0 0 0 0 0 0 0 0 0 0 0 0 0 4 4 7 5 5 18 18 14 9 9 9 9 9 12 12 6 5 5 11
 2 2 1 0 0 0 0 0 0 0 0 0 0 1 0 0 0 0 0 0 0 0 0 0 0 0 0 0 0 3 8 8 8 8 18 15 15 12 12 12 8 8 9 10 10 11
 2 2 1 0 0 0 0 0 0 0 0 0 0 1 0 0 0 0 0 0 0 0 0 0 0 0 0 0 0 3 8 8 8 8 18 15 15 12 12 12 8 8 9 10 10 11
 2 2 2 0 0 0 0 0 0 0 0 0 0 0 0 0 0 0 0 0 0 0 0 0 0 0 0 0 0 0 7 7 8 8 16 17 17 13 12 12 8 8 12 12 12 12
 1 1 0 0 0 0 0 0 0 0 0 0 0 0 0 0 0 0 0 0 0 0 0 0 0 0 0 0 0 0 2 2 7 7 9 12 12 17 14 14 12 12 11 12 12 11
 1 1 0 0 0 0 0 0 0 0 0 0 0 0 0 0 0 0 0 0 0 0 0 0 0 0 0 0 0 0 2 2 7 7 9 12 12 17 14 14 12 12 11 12 12 11
 1 1 0 0 0 0 0 0 0 0 0 0 0 0 0 0 0 0 0 0 0 0 0 0 0 0 0 0 0 0 1 1 4 4 5 10 10 14 5 5 1 1 1 0 0 1
 0 0 0 0 0 0 0 0 0 0 0 0 0 0 0 0 0 0 0 0 0 0 0 0 0 0 0 0 0 1 2 2 1 1 0 4 4 8 6 6 7 7 4 2 2 0
