assets/RAT_results/precipitation/2022-05-13_IMERG.asc
ncols        46
nrows        77
xllcorner    74.800261325624
yllcorner    8.058333333333
cellsize     0.062500000000
NODATA_value -9999
 3 3 4 5 5 5 9 9 13 13 7 3 3 2 3 3 8 8 13 15 15 11 5 5 2 2 1 2 2 4 5 5 5 5 1 1 1 1 1 1 1 1 1 1 1 1
 4 4 3 5 5 5 5 5 6 6 6 5 5 4 4 4 7 7 10 11 11 10 6 6 2 2 1 1 1 2 3 3 1 1 0 0 0 0 1 1 1 1 1 1 1 1
 4 4 3 5 5 5 5 5 6 6 6 5 5 4 4 4 7 7 10 11 11 10 6 6 2 2 1 1 1 2 3 3 1 1 0 0 0 0 1 1 1 1 1 1 1 1
 4 4 1 1 1 2 2 2 2 2 1 1 1 1 1 1 2 2 3 4 4 5 4 4 1 1 0 0 0 2 2 2 0 0 0 0 0 1 1 1 2 2 1 1 1 2
 4 4 1 1 1 5 1 1 3 3 3 0 0 0 1 1 1 1 0 1 1 1 2 2 1 1 1 1 1 2 2 2 1 1 1 2 2 4 3 3 1 1 1 1 1 3
 4 4 1 1 1 5 1 1 3 3 3 0 0 0 1 1 1 1 0 1 1 1 2 2 1 1 1 1 1 2 2 2 1 1 1 2 2 4 3 3 1 1 1 1 1 3
 5 5 4 2 2 2 4 4 6 6 4 1 1 1 1 1 1 1 1 1 1 1 1 1 1 1 1 2 2 2 2 2 3 3 3 2 2 2 2 2 1 1 1 1 1 1
 5 5 4 2 2 2 4 4 6 6 4 1 1 1 1 1 1 1 1 1 1 1 1 1 1 1 1 2 2 2 2 2 3 3 3 2 2 2 2 2 1 1 1 1 1 1
 54 54 11 3 3 4 3 3 6 6 5 5 5 5 5 5 2 2 2 2 2 2 2 2 3 3 3 5 5 3 3 3 6 6 4 3 3 7 7 7 3 3 3 2 2 1
 20 20 18 9 9 10 7 7 5 5 6 6 6 9 10 10 10 10 9 8 8 8 8 8 5 5 5 6 6 6 7 7 13 13 8 9 9 10 10 10 4 4 4 1 1 1
 20 20 18 9 9 10 7 7 5 5 6 6 6 9 10 10 10 10 9 8 8 8 8 8 5 5 5 6 6 6 7 7 13 13 8 9 9 10 10 10 4 4 4 1 1 1
 19 19 17 12 12 16 15 15 7 7 7 7 7 15 16 16 17 17 11 11 11 11 11 11 11 11 9 10 10 10 11 11 11 11 9 12 12 13 13 13 9 9 6 3 3 3
 16 16 16 10 10 14 14 14 12 12 8 7 7 11 17 17 18 18 12 11 11 11 10 10 10 10 9 12 12 12 15 15 15 15 15 17 17 18 18 18 12 12 10 6 6 4
 16 16 16 10 10 14 14 14 12 12 8 7 7 11 17 17 18 18 12 11 11 11 10 10 10 10 9 12 12 12 15 15 15 15 15 17 17 18 18 18 12 12 10 6 6 4
 38 38 21 15 15 11 13 13 11 11 11 8 8 9 9 9 9 9 8 8 8 7 9 9 9 9 10 11 11 11 13 13 13 13 14 20 20 22 19 19 17 17 12 6 6 4
 38 38 21 15 15 11 13 13 11 11 11 8 8 9 9 9 9 9 8 8 8 7 9 9 9 9 10 11 11 11 13 13 13 13 14 20 20 22 19 19 17 17 12 6 6 4
 13 13 18 16 16 10 11 11 5 5 5 4 4 4 4 4 4 4 5 5 5 5 6 6 7 7 10 10 10 11 14 14 14 14 15 19 19 21 18 18 16 16 9 6 6 4
 24 24 12 9 9 10 9 9 3 3 3 2 2 2 2 2 2 2 3 3 3 4 4 4 5 5 9 9 9 10 11 11 12 12 11 14 14 17 18 18 14 14 8 5 5 3
 24 24 12 9 9 10 9 9 3 3 3 2 2 2 2 2 2 2 3 3 3 4 4 4 5 5 9 9 9 10 11 11 12 12 11 14 14 17 18 18 14 14 8 5 5 3
 33 33 18 12 12 10 8 8 10 10 11 3 3 1 1 1 2 2 2 2 2 3 4 4 5 5 7 8 8 9 9 9 10 10 12 15 15 17 15 15 11 11 6 4 4 2
 19 19 16 14 14 15 15 15 15 15 13 5 5 2 1 1 1 1 1 2 2 3 4 4 5 5 6 7 7 8 8 8 10 10 11 12 12 12 11 11 8 8 4 2 2 1
 19 19 16 14 14 15 15 15 15 15 13 5 5 2 1 1 1 1 1 2 2 3 4 4 5 5 6 7 7 8 8 8 10 10 11 12 12 12 11 11 8 8 4 2 2 1
 19 19 17 16 16 15 17 17 19 19 19 17 17 8 5 5 1 1 1 3 3 4 4 4 5 5 6 7 7 7 7 7 8 8 9 9 9 9 8 8 6 6 3 1 1 1
 19 19 17 16 16 15 17 17 19 19 19 17 17 8 5 5 1 1 1 3 3 4 4 4 5 5 6 7 7 7 7 7 8 8 9 9 9 9 8 8 6 6 3 1 1 1
 22 22 24 23 23 26 13 13 14 14 12 15 15 8 6 6 3 3 3 3 3 6 5 5 5 5 5 5 5 6 6 6 7 7 7 7 7 6 5 5 3 3 1 1 1 0
 33 33 47 28 28 51 16 16 15 15 10 10 10 12 11 11 5 5 4 3 3 4 4 4 4 4 4 4 4 4 4 4 5 5 6 5 5 4 2 2 1 1 1 1 1 0
 33 33 47 28 28 51 16 16 15 15 10 10 10 12 11 11 5 5 4 3 3 4 4 4 4 4 4 4 4 4 4 4 5 5 6 5 5 4 2 2 1 1 1 1 1 0
 39 39 48 43 43 42 42 42 24 24 22 11 11 8 15 15 9 9 8 3 3 3 2 2 2 2 2 2 2 3 3 3 3 3 3 3 3 2 1 1 1 1 1 0 0 1
 19 19 18 40 40 37 48 48 44 44 22 8 8 7 11 11 8 8 7 3 3 3 3 3 1 1 1 1 1 2 2 2 2 2 1 1 1 1 0 0 1 1 1 1 1 1
 19 19 18 40 40 37 48 48 44 44 22 8 8 7 11 11 8 8 7 3 3 3 3 3 1 1 1 1 1 2 2 2 2 2 1 1 1 1 0 0 1 1 1 1 1 1
 20 20 14 11 11 35 43 43 40 40 40 22 22 5 4 4 3 3 3 3 3 3 1 1 0 0 1 1 1 2 2 2 1 1 1 1 1 0 1 1 1 1 1 1 1 2
 20 20 14 11 11 35 43 43 40 40 40 22 22 5 4 4 3 3 3 3 3 3 1 1 0 0 1 1 1 2 2 2 1 1 1 1 1 0 1 1 1 1 1 1 1 2
 18 18 16 10 10 9 9 9 6 6 6 5 5 4 3 3 3 3 1 1 1 1 1 1 1 1 1 2 2 2 2 2 2 2 1 1 1 1 1 1 1 1 2 2 2 3
 32 32 15 15 15 11 8 8 6 6 7 6 6 8 7 7 6 6 5 4 4 1 2 2 2 2 2 1 1 1 1 1 1 1 1 1 1 1 1 1 1 1 2 2 2 2
 32 32 15 15 15 11 8 8 6 6 7 6 6 8 7 7 6 6 5 4 4 1 2 2 2 2 2 1 1 1 1 1 1 1 1 1 1 1 1 1 1 1 2 2 2 2
 25 25 30 23 23 21 15 15 9 9 8 8 8 7 5 5 3 3 6 5 5 4 4 4 7 7 3 1 1 1 0 0 0 0 0 0 0 1 1 1 1 1 1 1 1 1
 38 38 37 21 21 24 20 20 21 21 11 8 8 7 5 5 3 3 4 2 2 2 3 3 4 4 1 1 1 0 0 0 0 0 1 1 1 1 1 1 1 1 1 1 1 2
 38 38 37 21 21 24 20 20 21 21 11 8 8 7 5 5 3 3 4 2 2 2 3 3 4 4 1 1 1 0 0 0 0 0 1 1 1 1 1 1 1 1 1 1 1 2
 38 38 45 36 36 38 31 31 23 23 19 8 8 11 6 6 4 4 3 1 1 1 1 1 1 1 1 0 0 1 0 0 0 0 0 1 1 1 1 1 1 1 1 1 1 2
 38 38 45 36 36 38 31 31 23 23 19 8 8 11 6 6 4 4 3 1 1 1 1 1 1 1 1 0 0 1 0 0 0 0 0 1 1 1 1 1 1 1 1 1 1 2
 45 45 46 36 36 27 25 25 34 34 27 12 12 13 11 11 10 10 6 2 2 1 0 0 0 0 0 0 0 0 0 0 0 0 0 0 0 1 0 0 0 0 1 0 0 0
 29 29 28 28 28 28 30 30 34 34 10 11 11 14 14 14 13 13 14 9 9 2 2 2 0 0 0 0 0 0 0 0 0 0 0 1 1 1 0 0 0 0 0 0 0 0
 29 29 28 28 28 28 30 30 34 34 10 11 11 14 14 14 13 13 14 9 9 2 2 2 0 0 0 0 0 0 0 0 0 0 0 1 1 1 0 0 0 0 0 0 0 0
 27 27 25 18 18 19 19 19 16 16 13 12 12 22 21 21 30 30 10 9 9 3 2 2 0 0 0 0 0 0 0 0 0 0 0 0 0 1 0 0 0 0 0 0 0 0
 18 18 17 15 15 14 10 10 10 10 13 14 14 21 21 21 31 31 20 17 17 7 7 7 1 1 0 0 0 0 0 0 0 0 0 0 0 0 0 0 0 0 0 0 0 0
 18 18 17 15 15 14 10 10 10 10 13 14 14 21 21 21 31 31 20 17 17 7 7 7 1 1 0 0 0 0 0 0 0 0 0 0 0 0 0 0 0 0 0 0 0 0
 10 10 5 5 5 5 4 4 7 7 12 12 12 28 35 35 37 37 25 18 18 5 6 6 1 1 0 0 0 0 0 0 0 0 0 0 0 0 0 0 0 0 0 0 0 0
 10 10 5 5 5 5 4 4 7 7 12 12 12 28 35 35 37 37 25 18 18 5 6 6 1 1 0 0 0 0 0 0 0 0 0 0 0 0 0 0 0 0 0 0 0 0
 12 12 10 10 10 8 7 7 8 8 12 26 26 22 30 30 34 34 23 4 4 4 1 1 1 1 2 2 2 3 0 0 0 0 0 0 0 0 0 0 0 0 0 0 0 0
 17 17 16 9 9 7 7 7 8 8 8 25 25 21 27 27 26 26 25 2 2 2 1 1 1 1 5 2 2 3 0 0 0 0 0 0 0 0 0 0 0 0 0 0 0 0
 17 17 16 9 9 7 7 7 8 8 8 25 25 21 27 27 26 26 25 2 2 2 1 1 1 1 5 2 2 3 0 0 0 0 0 0 0 0 0 0 0 0 0 0 0 0
 19 19 17 9 9 5 4 4 7 7 6 4 4 3 1 1 2 2 2 2 2 2 1 1 1 1 5 4 4 4 1 1 1 1 0 0 0 0 0 0 0 0 0 0 0 0
 23 23 17 11 11 9 6 6 6 6 5 5 5 4 2 2 2 2 2 2 2 2 2 2 1 1 1 1 1 1 1 1 2 2 0 0 0 0 1 1 0 0 0 0 0 0
 23 23 17 11 11 9 6 6 6 6 5 5 5 4 2 2 2 2 2 2 2 2 2 2 1 1 1 1 1 1 1 1 2 2 0 0 0 0 1 1 0 0 0 0 0 0
 16 16 14 12 12 10 8 8 7 7 6 6 6 7 7 7 5 5 3 3 3 2 2 2 0 0 2 2 2 1 0 0 0 0 1 0 0 0 1 1 1 1 0 0 0 0
 16 16 14 12 12 10 8 8 7 7 6 6 6 7 7 7 5 5 3 3 3 2 2 2 0 0 2 2 2 1 0 0 0 0 1 0 0 0 1 1 1 1 0 0 0 0
 33 33 17 12 12 10 9 9 9 9 8 7 7 7 8 8 7 7 3 3 3 2 2 2 0 0 0 0 0 1 0 0 0 0 0 0 0 0 1 1 1 1 0 0 0 0
 36 36 18 16 16 9 8 8 8 8 8 9 9 8 8 8 7 7 4 5 5 4 1 1 1 1 0 0 0 0 0 0 0 0 0 0 0 0 0 0 0 0 0 0 0 0
 36 36 18 16 16 9 8 8 8 8 8 9 9 8 8 8 7 7 4 5 5 4 1 1 1 1 0 0 0 0 0 0 0 0 0 0 0 0 0 0 0 0 0 0 0 0
 22 22 17 21 21 13 13 13 10 10 10 10 10 11 7 7 9 9 5 7 7 6 1 1 1 1 1 0 0 0 0 0 0 0 0 0 0 0 0 0 0 0 0 0 0 0
 29 29 20 20 20 14 23 23 22 22 9 9 9 11 10 10 11 11 9 4 4 6 6 6 1 1 1 4 4 0 0 0 0 0 0 0 0 0 0 0 0 0 0 0 0 0
 29 29 20 20 20 14 23 23 22 22 9 9 9 11 10 10 11 11 9 4 4 6 6 6 1 1 1 4 4 0 0 0 0 0 0 0 0 0 0 0 0 0 0 0 0 0
 14 14 13 9 9 8 19 19 19 19 9 22 22 13 12 12 13 13 11 7 7 6 11 11 6 6 6 4 4 1 0 0 0 0 0 0 0 0 0 0 0 0 0 0 0 0
 14 14 13 9 9 8 19 19 19 19 9 22 22 13 12 12 13 13 11 7 7 6 11 11 6 6 6 4 4 1 0 0 0 0 0 0 0 0 0 0 0 0 0 0 0 0
 11 11 7 8 8 7 24 24 26 26 22 22 22 10 9 9 16 16 17 14 14 14 14 14 6 6 5 5 5 2 1 1 0 0 0 0 0 0 0 0 0 0 0 0 0 0
 9 9 10 4 4 6 24 24 23 23 22 23 23 26 10 10 9 9 17 16 16 13 14 14 9 9 7 6 6 1 0 0 2 2 0 0 0 0 1 1 0 0 0 0 0 0
 9 9 10 4 4 6 24 24 23 23 22 23 23 26 10 10 9 9 17 16 16 13 14 14 9 9 7 6 6 1 0 0 2 2 0 0 0 0 1 1 0 0 0 0 0 0
 7 7 8 5 5 6 14 14 16 16 20 21 21 8 6 6 7 7 13 14 14 11 9 9 8 8 8 2 2 1 1 1 4 4 1 0 0 0 1 1 0 0 0 0 0 0
 2 2 7 4 4 7 9 9 12 12 11 7 7 8 7 7 5 5 8 10 10 10 7 7 8 8 8 4 4 7 4 4 4 4 2 0 0 0 1 1 0 0 0 0 0 0
 2 2 7 4 4 7 9 9 12 12 11 7 7 8 7 7 5 5 8 10 10 10 7 7 8 8 8 4 4 7 4 4 4 4 2 0 0 0 1 1 0 0 0 0 0 0
 2 2 3 2 2 4 5 5 7 7 12 8 8 13 12 12 10 10 11 11 11 13 8 8 6 6 5 11 11 8 4 4 14 14 3 3 3 0 0 0 0 0 0 0 0 0
 2 2 3 2 2 4 5 5 7 7 12 8 8 13 12 12 10 10 11 11 11 13 8 8 6 6 5 11 11 8 4 4 14 14 3 3 3 0 0 0 0 0 0 0 0 0
 6 6 11 11 11 10 12 12 25 25 15 14 14 16 16 16 15 15 13 11 11 13 8 8 6 6 7 12 12 11 5 5 7 7 2 2 2 1 0 0 0 0 0 0 0 0
 14 14 16 15 15 15 18 18 30 30 20 29 29 31 26 26 27 27 11 7 7 6 7 7 8 8 9 19 19 8 1 1 1 1 2 2 2 1 1 1 0 0 0 0 0 0
 14 14 16 15 15 15 18 18 30 30 20 29 29 31 26 26 27 27 11 7 7 6 7 7 8 8 9 19 19 8 1 1 1 1 2 2 2 1 1 1 0 0 0 0 0 0
 18 18 20 22 22 23 25 25 28 28 30 40 40 30 28 28 18 18 5 6 6 5 9 9 3 3 20 19 19 8 28 28 1 1 1 1 1 0 4 4 1 1 1 0 0 0
 25 25 24 25 25 27 29 29 31 31 33 34 34 35 49 49 37 37 42 34 34 34 16 16 8 8 25 22 22 31 38 38 10 10 13 2 2 7 3 3 6 6 2 2 2 0
