assets/RAT_results/precipitation/2022-10-10_IMERG.asc
ncols        46
nrows        77
xllcorner    74.800261325624
yllcorner    8.058333333333
cellsize     0.062500000000
NODATA_value -9999
 4 4 10 10 10 11 17 17 19 19 24 25 25 29 31 31 33 33 28 25 25 27 22 22 20 20 16 11 11 9 7 7 6 6 6 4 4 3 4 4 5 5 5 6 6 2
 2 2 6 8 8 9 12 12 14 14 20 26 26 29 36 36 33 33 30 26 26 25 19 19 15 15 12 8 8 7 8 8 6 6 5 5 5 3 2 2 5 5 3 3 3 1
 2 2 6 8 8 9 12 12 14 14 20 26 26 29 36 36 33 33 30 26 26 25 19 19 15 15 12 8 8 7 8 8 6 6 5 5 5 3 2 2 5 5 3 3 3 1
 2 2 2 7 7 8 9 9 10 10 13 15 15 26 33 33 27 27 26 19 19 16 13 13 12 12 10 8 8 7 7 7 5 5 3 2 2 1 1 1 1 1 1 1 1 0
 2 2 4 9 9 7 8 8 9 9 11 13 13 23 22 22 23 23 21 15 15 12 11 11 10 10 9 9 9 9 8 8 6 6 3 1 1 2 1 1 1 1 1 0 0 0
 2 2 4 9 9 7 8 8 9 9 11 13 13 23 22 22 23 23 21 15 15 12 11 11 10 10 9 9 9 9 8 8 6 6 3 1 1 2 1 1 1 1 1 0 0 0
 2 2 2 7 7 7 8 8 8 8 8 10 10 14 14 14 16 16 17 13 13 12 13 13 12 12 11 11 11 11 11 11 8 8 4 5 5 4 3 3 4 4 3 1 1 1
 2 2 2 7 7 7 8 8 8 8 8 10 10 14 14 14 16 16 17 13 13 12 13 13 12 12 11 11 11 11 11 11 8 8 4 5 5 4 3 3 4 4 3 1 1 1
 2 2 2 5 5 10 12 12 9 9 9 10 10 14 16 16 19 19 17 16 16 16 15 15 15 15 14 9 9 11 11 11 9 9 7 7 7 5 5 5 5 5 4 3 3 2
 2 2 3 7 7 10 13 13 13 13 14 13 13 17 20 20 20 20 18 17 17 15 13 13 13 13 13 10 10 10 16 16 13 13 13 9 9 6 4 4 4 4 3 4 4 3
 2 2 3 7 7 10 13 13 13 13 14 13 13 17 20 20 20 20 18 17 17 15 13 13 13 13 13 10 10 10 16 16 13 13 13 9 9 6 4 4 4 4 3 4 4 3
 2 2 3 4 4 9 12 12 16 16 16 15 15 15 18 18 15 15 15 17 17 17 23 23 24 24 24 14 14 9 18 18 14 14 13 8 8 5 4 4 3 3 4 3 3 3
 2 2 4 4 4 9 11 11 14 14 14 13 13 13 13 13 11 11 11 12 12 11 13 13 14 14 24 14 14 15 15 15 16 16 8 7 7 4 3 3 2 2 3 2 2 2
 2 2 4 4 4 9 11 11 14 14 14 13 13 13 13 13 11 11 11 12 12 11 13 13 14 14 24 14 14 15 15 15 16 16 8 7 7 4 3 3 2 2 3 2 2 2
 3 3 3 4 4 4 9 9 12 12 13 11 11 12 13 13 12 12 12 14 14 13 13 13 13 13 13 9 9 7 7 7 11 11 6 5 5 2 2 2 2 2 2 1 1 1
 3 3 3 4 4 4 9 9 12 12 13 11 11 12 13 13 12 12 12 14 14 13 13 13 13 13 13 9 9 7 7 7 11 11 6 5 5 2 2 2 2 2 2 1 1 1
 3 3 3 3 3 3 4 4 9 9 10 10 10 11 13 13 13 13 12 11 11 10 8 8 7 7 7 5 5 6 6 6 9 9 4 2 2 1 1 1 2 2 2 1 1 1
 3 3 3 2 2 2 3 3 4 4 9 10 10 14 18 18 17 17 14 12 12 8 5 5 5 5 5 3 3 2 4 4 2 2 1 1 1 1 1 1 2 2 3 2 2 3
 3 3 3 2 2 2 3 3 4 4 9 10 10 14 18 18 17 17 14 12 12 8 5 5 5 5 5 3 3 2 4 4 2 2 1 1 1 1 1 1 2 2 3 2 2 3
 2 2 1 1 1 2 2 2 4 4 9 14 14 19 18 18 12 12 9 8 8 6 5 5 5 5 4 4 4 3 5 5 3 3 2 2 2 3 6 6 6 6 5 3 3 5
 1 1 1 1 1 1 2 2 8 8 8 10 10 11 13 13 10 10 8 8 8 8 6 6 5 5 3 4 4 4 6 6 3 3 4 5 5 7 9 9 9 9 6 4 4 6
 1 1 1 1 1 1 2 2 8 8 8 10 10 11 13 13 10 10 8 8 8 8 6 6 5 5 3 4 4 4 6 6 3 3 4 5 5 7 9 9 9 9 6 4 4 6
 1 1 1 1 1 2 7 7 7 7 6 7 7 8 7 7 9 9 10 12 12 12 9 9 7 7 4 4 4 6 6 6 5 5 4 7 7 7 25 25 25 25 24 6 6 5
 1 1 1 1 1 2 7 7 7 7 6 7 7 8 7 7 9 9 10 12 12 12 9 9 7 7 4 4 4 6 6 6 5 5 4 7 7 7 25 25 25 25 24 6 6 5
 1 1 1 1 1 2 5 5 4 4 5 7 7 10 9 9 8 8 7 7 7 6 5 5 5 5 3 2 2 3 6 6 6 6 6 6 6 5 4 4 4 4 24 6 6 4
 2 2 2 2 2 4 5 5 7 7 8 8 8 9 8 8 6 6 6 5 5 4 4 4 3 3 2 2 2 3 3 3 5 5 5 7 7 7 6 6 6 6 4 3 3 5
 2 2 2 2 2 4 5 5 7 7 8 8 8 9 8 8 6 6 6 5 5 4 4 4 3 3 2 2 2 3 3 3 5 5 5 7 7 7 6 6 6 6 4 3 3 5
 2 2 3 3 3 4 8 8 9 9 8 5 5 4 5 5 4 4 5 2 2 2 2 2 2 2 2 2 2 2 3 3 5 5 5 8 8 11 8 8 6 6 4 3 3 10
 3 3 3 3 3 3 5 5 6 6 6 5 5 2 2 2 1 1 1 2 2 2 4 4 3 3 3 3 3 2 3 3 4 4 5 8 8 11 7 7 4 4 4 2 2 8
 3 3 3 3 3 3 5 5 6 6 6 5 5 2 2 2 1 1 1 2 2 2 4 4 3 3 3 3 3 2 3 3 4 4 5 8 8 11 7 7 4 4 4 2 2 8
 3 3 3 4 4 1 2 2 2 2 2 1 1 2 1 1 1 1 1 4 4 6 7 7 5 5 4 4 4 3 2 2 3 3 4 6 6 6 6 6 5 5 10 12 12 12
 3 3 3 4 4 1 2 2 2 2 2 1 1 2 1 1 1 1 1 4 4 6 7 7 5 5 4 4 4 3 2 2 3 3 4 6 6 6 6 6 5 5 10 12 12 12
 3 3 4 3 3 2 1 1 1 1 1 1 1 4 3 3 2 2 2 6 6 6 6 6 5 5 4 4 4 3 3 3 4 4 5 6 6 5 9 9 6 6 11 13 13 13
 5 5 3 3 3 2 2 2 1 1 2 2 2 4 3 3 4 4 3 5 5 4 4 4 4 4 6 6 6 5 4 4 5 5 7 6 6 4 7 7 11 11 12 23 23 22
 5 5 3 3 3 2 2 2 1 1 2 2 2 4 3 3 4 4 3 5 5 4 4 4 4 4 6 6 6 5 4 4 5 5 7 6 6 4 7 7 11 11 12 23 23 22
 3 3 3 3 3 2 1 1 2 2 2 3 3 2 2 2 1 1 2 3 3 4 6 6 5 5 5 5 5 5 6 6 6 6 6 5 5 4 5 5 6 6 8 20 20 35
 2 2 1 1 1 2 3 3 3 3 4 2 2 2 3 3 1 1 1 2 2 5 8 8 6 6 4 5 5 5 4 4 4 4 5 4 4 4 10 10 8 8 17 18 18 31
 2 2 1 1 1 2 3 3 3 3 4 2 2 2 3 3 1 1 1 2 2 5 8 8 6 6 4 5 5 5 4 4 4 4 5 4 4 4 10 10 8 8 17 18 18 31
 2 2 1 2 2 3 4 4 4 4 3 1 1 1 2 2 1 1 1 3 3 3 7 7 5 5 3 3 3 3 2 2 3 3 4 4 4 5 9 9 8 8 14 9 9 8
 2 2 1 2 2 3 4 4 4 4 3 1 1 1 2 2 1 1 1 3 3 3 7 7 5 5 3 3 3 3 2 2 3 3 4 4 4 5 9 9 8 8 14 9 9 8
 1 1 2 2 2 2 2 2 2 2 2 2 2 2 3 3 2 2 3 4 4 4 5 5 3 3 3 3 3 3 2 2 4 4 3 6 6 8 7 7 6 6 8 10 10 10
 2 2 2 2 2 1 1 1 1 1 3 2 2 1 2 2 2 2 2 1 1 2 4 4 3 3 3 3 3 4 5 5 4 4 5 6 6 8 7 7 6 6 6 7 7 7
 2 2 2 2 2 1 1 1 1 1 3 2 2 1 2 2 2 2 2 1 1 2 4 4 3 3 3 3 3 4 5 5 4 4 5 6 6 8 7 7 6 6 6 7 7 7
 1 1 1 2 2 1 1 1 1 1 3 3 3 3 1 1 1 1 1 1 1 1 2 2 4 4 2 3 3 2 3 3 2 2 4 5 5 7 7 7 6 6 6 7 7 6
 1 1 1 1 1 1 2 2 2 2 2 1 1 1 1 1 1 1 0 0 0 1 2 2 2 2 1 1 1 1 1 1 2 2 2 3 3 6 6 6 5 5 5 9 9 9
 1 1 1 1 1 1 2 2 2 2 2 1 1 1 1 1 1 1 0 0 0 1 2 2 2 2 1 1 1 1 1 1 2 2 2 3 3 6 6 6 5 5 5 9 9 9
 1 1 1 1 1 0 1 1 1 1 1 1 1 1 0 0 0 0 0 1 1 1 1 1 2 2 2 1 1 1 1 1 2 2 3 5 5 6 6 6 7 7 7 9 9 11
 1 1 1 1 1 0 1 1 1 1 1 1 1 1 0 0 0 0 0 1 1 1 1 1 2 2 2 1 1 1 1 1 2 2 3 5 5 6 6 6 7 7 7 9 9 11
 1 1 1 1 1 0 1 1 1 1 1 0 0 0 1 1 1 1 1 1 1 3 2 2 2 2 3 2 2 1 2 2 3 3 3 6 6 7 9 9 7 7 7 6 6 8
 1 1 1 1 1 1 1 1 1 1 1 1 1 1 1 1 1 1 1 1 1 2 1 1 3 3 3 3 3 3 3 3 5 5 6 7 7 6 10 10 7 7 4 2 2 1
 1 1 1 1 1 1 1 1 1 1 1 1 1 1 1 1 1 1 1 1 1 2 1 1 3 3 3 3 3 3 3 3 5 5 6 7 7 6 10 10 7 7 4 2 2 1
 1 1 1 1 1 1 2 2 1 1 1 1 1 1 1 1 1 1 1 1 1 1 1 1 3 3 4 4 4 3 4 4 5 5 7 7 7 7 8 8 6 6 6 4 4 2
 1 1 2 2 2 3 2 2 1 1 1 1 1 1 1 1 1 1 1 1 1 1 1 1 3 3 4 6 6 5 7 7 7 7 7 12 12 22 20 20 10 10 6 6 6 3
 1 1 2 2 2 3 2 2 1 1 1 1 1 1 1 1 1 1 1 1 1 1 1 1 3 3 4 6 6 5 7 7 7 7 7 12 12 22 20 20 10 10 6 6 6 3
 5 5 2 2 2 4 3 3 2 2 1 1 1 0 1 1 1 1 1 1 1 2 2 2 5 5 6 6 6 7 11 11 12 12 13 18 18 22 17 17 9 9 4 3 3 2
 5 5 2 2 2 4 3 3 2 2 1 1 1 0 1 1 1 1 1 1 1 2 2 2 5 5 6 6 6 7 11 11 12 12 13 18 18 22 17 17 9 9 4 3 3 2
 5 5 4 4 4 3 4 4 1 1 1 0 0 0 0 0 1 1 1 1 1 1 2 2 7 7 9 8 8 8 10 10 13 13 11 11 11 9 8 8 7 7 4 2 2 1
 4 4 5 3 3 3 2 2 1 1 1 0 0 0 0 0 1 1 2 2 2 2 2 2 5 5 15 11 11 8 7 7 8 8 8 8 8 7 7 7 6 6 4 2 2 1
 4 4 5 3 3 3 2 2 1 1 1 0 0 0 0 0 1 1 2 2 2 2 2 2 5 5 15 11 11 8 7 7 8 8 8 8 8 7 7 7 6 6 4 2 2 1
 4 4 5 3 3 2 1 1 1 1 1 0 0 0 1 1 1 1 3 4 4 4 4 4 5 5 11 10 10 9 7 7 6 6 6 7 7 6 7 7 4 4 2 1 1 1
 1 1 1 0 0 0 1 1 1 1 1 0 0 2 2 2 3 3 4 4 4 4 5 5 4 4 4 8 8 10 9 9 10 10 7 6 6 5 4 4 2 2 1 6 6 6
 1 1 1 0 0 0 1 1 1 1 1 0 0 2 2 2 3 3 4 4 4 4 5 5 4 4 4 8 8 10 9 9 10 10 7 6 6 5 4 4 2 2 1 6 6 6
 1 1 1 1 1 1 1 1 1 1 1 1 1 2 1 1 2 2 3 2 2 3 5 5 6 6 6 7 7 6 6 6 8 8 7 7 7 6 3 3 1 1 1 6 6 7
 1 1 1 1 1 1 1 1 1 1 1 1 1 2 1 1 2 2 3 2 2 3 5 5 6 6 6 7 7 6 6 6 8 8 7 7 7 6 3 3 1 1 1 6 6 7
 1 1 1 1 1 1 1 1 1 1 2 2 2 2 1 1 1 1 1 1 1 2 4 4 7 7 8 6 6 6 3 3 2 2 3 4 4 6 5 5 2 2 2 7 7 6
 1 1 1 1 1 1 1 1 1 1 1 3 3 3 2 2 2 2 3 2 2 2 2 2 5 5 5 3 3 5 3 3 2 2 2 2 2 3 5 5 3 3 2 3 3 2
 1 1 1 1 1 1 1 1 1 1 1 3 3 3 2 2 2 2 3 2 2 2 2 2 5 5 5 3 3 5 3 3 2 2 2 2 2 3 5 5 3 3 2 3 3 2
 1 1 1 1 1 1 1 1 1 1 3 4 4 4 2 2 2 2 3 2 2 2 3 3 3 3 2 2 2 1 2 2 2 2 3 3 3 3 3 3 2 2 2 2 2 1
 3 3 1 1 1 1 2 2 1 1 2 3 3 2 2 2 1 1 1 1 1 1 1 1 1 1 1 1 1 1 2 2 3 3 4 4 4 2 2 2 3 3 4 2 2 1
 3 3 1 1 1 1 2 2 1 1 2 3 3 2 2 2 1 1 1 1 1 1 1 1 1 1 1 1 1 1 2 2 3 3 4 4 4 2 2 2 3 3 4 2 2 1
 4 4 1 1 1 1 1 1 2 2 1 2 2 3 2 2 1 1 1 1 1 1 1 1 1 1 1 2 2 2 2 2 1 1 3 3 3 3 2 2 1 1 2 1 1 0
 4 4 1 1 1 1 1 1 2 2 1 2 2 3 2 2 1 1 1 1 1 1 1 1 1 1 1 2 2 2 2 2 1 1 3 3 3 3 2 2 1 1 2 1 1 0
 2 2 1 1 1 1 2 2 2 2 1 1 1 1 1 1 0 0 0 1 1 1 1 1 1 1 1 2 2 2 1 1 1 1 1 1 1 1 3 3 2 2 1 1 1 0
 1 1 1 1 1 1 2 2 1 1 1 1 1 1 1 1 0 0 0 1 1 2 2 2 2 2 1 1 1 1 1 1 0 0 0 0 0 2 5 5 2 2 0 0 0 0
 1 1 1 1 1 1 2 2 1 1 1 1 1 1 1 1 0 0 0 1 1 2 2 2 2 2 1 1 1 1 1 1 0 0 0 0 0 2 5 5 2 2 0 0 0 0
 1 1 1 1 1 1 1 1 1 1 1 1 1 0 1 1 1 1 0 1 1 2 3 3 2 2 0 0 0 0 0 0 1 1 0 0 0 1 2 2 1 1 0 0 0 0
 1 1 1 1 1 1 1 1 1 1 1 1 1 1 1 1 2 2 2 1 1 1 0 0 0 0 0 0 0 0 0 0 1 1 0 0 0 0 0 0 0 0 0 0 0 0
