assets/RAT_results/precipitation/2022-06-17_IMERG.asc
ncols        46
nrows        77
xllcorner    74.800261325624
yllcorner    8.058333333333
cellsize     0.062500000000
NODATA_value -9999
 10 10 12 15 15 16 14 14 11 11 11 9 9 7 6 6 7 7 9 8 8 8 7 7 6 6 5 3 3 3 9 9 6 6 8 6 6 5 4 4 5 5 6 7 7 2
 17 17 22 28 28 34 33 33 32 32 13 9 9 5 7 7 7 7 6 5 5 4 3 3 2 2 2 2 2 2 2 2 3 3 2 2 2 2 2 2 2 2 4 7 7 6
 17 17 22 28 28 34 33 33 32 32 13 9 9 5 7 7 7 7 6 5 5 4 3 3 2 2 2 2 2 2 2 2 3 3 2 2 2 2 2 2 2 2 4 7 7 6
 20 20 27 36 36 37 33 33 22 22 17 6 6 6 7 7 8 8 5 4 4 3 8 8 9 9 5 2 2 3 3 3 3 3 2 2 2 3 4 4 4 4 4 5 5 4
 15 15 18 32 32 24 23 23 17 17 15 8 8 10 9 9 8 8 11 8 8 3 3 3 8 8 7 3 3 4 4 4 3 3 3 3 3 3 7 7 5 5 5 7 7 6
 15 15 18 32 32 24 23 23 17 17 15 8 8 10 9 9 8 8 11 8 8 3 3 3 8 8 7 3 3 4 4 4 3 3 3 3 3 3 7 7 5 5 5 7 7 6
 16 16 17 25 25 14 14 14 13 13 7 7 7 7 6 6 5 5 5 3 3 2 2 2 4 4 5 3 3 7 4 4 4 4 3 3 3 2 8 8 3 3 6 6 6 7
 16 16 17 25 25 14 14 14 13 13 7 7 7 7 6 6 5 5 5 3 3 2 2 2 4 4 5 3 3 7 4 4 4 4 3 3 3 2 8 8 3 3 6 6 6 7
 12 12 12 14 14 13 14 14 12 12 9 9 9 7 3 3 3 3 1 1 1 1 1 1 2 2 3 3 3 3 4 4 3 3 3 5 5 6 19 19 6 6 4 6 6 6
 19 19 13 13 13 15 15 15 15 15 10 6 6 8 2 2 2 2 2 2 2 1 1 1 2 2 2 2 2 5 2 2 4 4 2 4 4 5 13 13 22 22 18 16 16 5
 19 19 13 13 13 15 15 15 15 15 10 6 6 8 2 2 2 2 2 2 2 1 1 1 2 2 2 2 2 5 2 2 4 4 2 4 4 5 13 13 22 22 18 16 16 5
 12 12 5 5 5 17 6 6 6 6 4 3 3 7 2 2 2 2 2 1 1 1 1 1 1 1 1 1 1 5 19 19 21 21 2 1 1 3 9 9 12 12 22 3 3 4
 4 4 4 3 3 7 8 8 10 10 6 9 9 2 3 3 2 2 1 1 1 2 0 0 0 0 1 3 3 5 11 11 10 10 1 0 0 0 0 0 3 3 2 0 0 4
 4 4 4 3 3 7 8 8 10 10 6 9 9 2 3 3 2 2 1 1 1 2 0 0 0 0 1 3 3 5 11 11 10 10 1 0 0 0 0 0 3 3 2 0 0 4
 8 8 4 3 3 4 10 10 17 17 17 15 15 5 4 4 4 4 4 1 1 1 1 1 1 1 2 6 6 8 3 3 3 3 6 1 1 0 0 0 0 0 0 0 0 1
 8 8 4 3 3 4 10 10 17 17 17 15 15 5 4 4 4 4 4 1 1 1 1 1 1 1 2 6 6 8 3 3 3 3 6 1 1 0 0 0 0 0 0 0 0 1
 5 5 4 4 4 5 8 8 17 17 26 24 24 23 15 15 9 9 7 3 3 3 4 4 3 3 2 2 2 2 1 1 1 1 1 0 0 0 2 2 0 0 1 1 1 3
 8 8 8 13 13 10 26 26 28 28 35 37 37 37 24 24 18 18 13 9 9 8 8 8 6 6 4 4 4 4 2 2 1 1 1 1 1 1 5 5 6 6 1 7 7 3
 8 8 8 13 13 10 26 26 28 28 35 37 37 37 24 24 18 18 13 9 9 8 8 8 6 6 4 4 4 4 2 2 1 1 1 1 1 1 5 5 6 6 1 7 7 3
 8 8 8 13 13 12 32 32 36 36 34 37 37 29 22 22 47 47 24 12 12 12 8 8 8 8 6 4 4 3 2 2 2 2 2 1 1 2 4 4 5 5 10 9 9 12
 7 7 8 11 11 15 30 30 32 32 23 44 44 30 43 43 47 47 28 14 14 18 7 7 7 7 7 4 4 8 3 3 2 2 1 1 1 0 2 2 4 4 0 3 3 6
 7 7 8 11 11 15 30 30 32 32 23 44 44 30 43 43 47 47 28 14 14 18 7 7 7 7 7 4 4 8 3 3 2 2 1 1 1 0 2 2 4 4 0 3 3 6
 9 9 6 7 7 6 8 8 11 11 52 51 51 28 17 17 23 23 18 11 11 7 11 11 5 5 8 8 8 17 6 6 6 6 3 1 1 0 1 1 0 0 0 0 0 0
 9 9 6 7 7 6 8 8 11 11 52 51 51 28 17 17 23 23 18 11 11 7 11 11 5 5 8 8 8 17 6 6 6 6 3 1 1 0 1 1 0 0 0 0 0 0
 9 9 4 4 4 5 7 7 9 9 16 15 15 19 16 16 21 21 18 26 26 22 13 13 8 8 8 9 9 26 16 16 9 9 3 2 2 1 1 1 1 1 0 0 0 1
 11 11 5 8 8 11 13 13 15 15 17 14 14 12 13 13 18 18 12 15 15 24 12 12 7 7 9 14 14 19 19 19 17 17 5 3 3 2 2 2 1 1 3 1 1 1
 11 11 5 8 8 11 13 13 15 15 17 14 14 12 13 13 18 18 12 15 15 24 12 12 7 7 9 14 14 19 19 19 17 17 5 3 3 2 2 2 1 1 3 1 1 1
 16 16 12 17 17 22 23 23 28 28 22 12 12 10 13 13 18 18 22 19 19 15 17 17 12 12 11 11 11 17 15 15 22 22 7 5 5 5 4 4 4 4 7 6 6 7
 19 19 13 12 12 13 18 18 22 22 20 15 15 8 7 7 13 13 16 14 14 11 13 13 16 16 14 14 14 9 12 12 10 10 9 8 8 7 10 10 10 10 11 8 8 8
 19 19 13 12 12 13 18 18 22 22 20 15 15 8 7 7 13 13 16 14 14 11 13 13 16 16 14 14 14 9 12 12 10 10 9 8 8 7 10 10 10 10 11 8 8 8
 16 16 14 8 8 12 18 18 19 19 14 17 17 20 27 27 15 15 9 11 11 12 17 17 14 14 13 16 16 16 9 9 8 8 10 9 9 9 8 8 10 10 9 16 16 20
 16 16 14 8 8 12 18 18 19 19 14 17 17 20 27 27 15 15 9 11 11 12 17 17 14 14 13 16 16 16 9 9 8 8 10 9 9 9 8 8 10 10 9 16 16 20
 13 13 21 12 12 20 26 26 22 22 18 30 30 26 29 29 11 11 12 13 13 15 13 13 12 12 12 11 11 15 10 10 8 8 9 9 9 8 7 7 9 9 8 15 15 6
 14 14 14 19 19 20 22 22 20 20 27 37 37 25 17 17 19 19 11 14 14 15 15 15 13 13 12 9 9 8 8 8 9 9 9 8 8 8 7 7 6 6 4 7 7 11
 14 14 14 19 19 20 22 22 20 20 27 37 37 25 17 17 19 19 11 14 14 15 15 15 13 13 12 9 9 8 8 8 9 9 9 8 8 8 7 7 6 6 4 7 7 11
 17 17 15 17 17 15 19 19 16 16 23 30 30 9 9 9 4 4 5 6 6 7 7 7 7 7 9 7 7 6 7 7 7 7 7 6 6 5 7 7 7 7 5 4 4 6
 12 12 11 9 9 10 15 15 14 14 17 16 16 6 1 1 1 1 1 2 2 2 6 6 5 5 15 10 10 10 10 10 10 10 7 6 6 6 15 15 11 11 8 7 7 3
 12 12 11 9 9 10 15 15 14 14 17 16 16 6 1 1 1 1 1 2 2 2 6 6 5 5 15 10 10 10 10 10 10 10 7 6 6 6 15 15 11 11 8 7 7 3
 5 5 5 7 7 11 14 14 14 14 17 13 13 4 3 3 1 1 1 4 4 5 8 8 7 7 18 19 19 17 17 17 15 15 13 7 7 10 13 13 8 8 5 10 10 8
 5 5 5 7 7 11 14 14 14 14 17 13 13 4 3 3 1 1 1 4 4 5 8 8 7 7 18 19 19 17 17 17 15 15 13 7 7 10 13 13 8 8 5 10 10 8
 5 5 6 8 8 15 18 18 9 9 8 7 7 5 4 4 3 3 2 7 7 8 11 11 10 10 16 17 17 24 25 25 20 20 13 11 11 13 17 17 19 19 16 11 11 4
 4 4 6 6 6 12 19 19 10 10 6 6 6 6 6 6 4 4 3 6 6 8 13 13 21 21 17 26 26 26 16 16 18 18 16 16 16 16 19 19 10 10 9 7 7 3
 4 4 6 6 6 12 19 19 10 10 6 6 6 6 6 6 4 4 3 6 6 8 13 13 21 21 17 26 26 26 16 16 18 18 16 16 16 16 19 19 10 10 9 7 7 3
 4 4 5 4 4 13 21 21 16 16 6 6 6 8 9 9 7 7 6 12 12 16 21 21 27 27 20 26 26 21 17 17 13 13 21 15 15 20 15 15 12 12 7 1 1 1
 4 4 4 5 5 8 17 17 15 15 11 11 11 13 16 16 9 9 8 16 16 17 25 25 31 31 22 18 18 19 12 12 11 11 11 15 15 20 13 13 5 5 1 0 0 1
 4 4 4 5 5 8 17 17 15 15 11 11 11 13 16 16 9 9 8 16 16 17 25 25 31 31 22 18 18 19 12 12 11 11 11 15 15 20 13 13 5 5 1 0 0 1
 6 6 4 6 6 12 20 20 17 17 19 18 18 18 18 18 11 11 11 9 9 12 22 22 28 28 25 13 13 13 11 11 7 7 4 5 5 5 5 5 3 3 1 1 1 1
 6 6 4 6 6 12 20 20 17 17 19 18 18 18 18 18 11 11 11 9 9 12 22 22 28 28 25 13 13 13 11 11 7 7 4 5 5 5 5 5 3 3 1 1 1 1
 9 9 9 9 9 12 22 22 22 22 27 23 23 19 19 19 15 15 13 11 11 11 17 17 19 19 20 15 15 15 11 11 12 12 10 9 9 7 6 6 7 7 3 1 1 2
 8 8 14 13 13 8 16 16 16 16 18 24 24 19 16 16 13 13 14 9 9 10 9 9 16 16 21 15 15 18 12 12 17 17 27 23 23 18 12 12 12 12 5 2 2 3
 8 8 14 13 13 8 16 16 16 16 18 24 24 19 16 16 13 13 14 9 9 10 9 9 16 16 21 15 15 18 12 12 17 17 27 23 23 18 12 12 12 12 5 2 2 3
 9 9 13 13 13 14 7 7 10 10 15 19 19 21 20 20 16 16 11 11 11 17 12 12 18 18 22 16 16 17 19 19 22 22 25 25 25 22 13 13 11 11 7 1 1 1
 7 7 7 6 6 12 6 6 9 9 12 14 14 17 24 24 16 16 9 9 9 16 18 18 18 18 22 19 19 19 23 23 27 27 18 15 15 17 8 8 5 5 2 1 1 1
 7 7 7 6 6 12 6 6 9 9 12 14 14 17 24 24 16 16 9 9 9 16 18 18 18 18 22 19 19 19 23 23 27 27 18 15 15 17 8 8 5 5 2 1 1 1
 9 9 6 6 6 7 5 5 6 6 9 12 12 15 19 19 11 11 6 6 6 13 19 19 15 15 15 14 14 19 23 23 23 23 21 14 14 22 5 5 6 6 3 3 3 5
 9 9 6 6 6 7 5 5 6 6 9 12 12 15 19 19 11 11 6 6 6 13 19 19 15 15 15 14 14 19 23 23 23 23 21 14 14 22 5 5 6 6 3 3 3 5
 6 6 3 3 3 3 3 3 3 3 5 9 9 13 16 16 14 14 6 5 5 7 18 18 12 12 12 11 11 14 17 17 22 22 18 19 19 18 6 6 7 7 6 6 6 10
 5 5 6 6 6 5 3 3 4 4 5 5 5 9 15 15 6 6 5 5 5 4 12 12 14 14 11 12 12 10 17 17 19 19 18 19 19 31 8 8 8 8 7 6 6 6
 5 5 6 6 6 5 3 3 4 4 5 5 5 9 15 15 6 6 5 5 5 4 12 12 14 14 11 12 12 10 17 17 19 19 18 19 19 31 8 8 8 8 7 6 6 6
 3 3 3 5 5 5 3 3 3 3 5 5 5 9 14 14 8 8 8 7 7 6 12 12 20 20 16 12 12 8 10 10 16 16 17 11 11 15 9 9 7 7 6 5 5 4
 3 3 1 2 2 2 3 3 4 4 3 4 4 7 11 11 12 12 7 9 9 8 9 9 8 8 10 5 5 6 7 7 9 9 14 12 12 14 7 7 6 6 6 4 4 3
 3 3 1 2 2 2 3 3 4 4 3 4 4 7 11 11 12 12 7 9 9 8 9 9 8 8 10 5 5 6 7 7 9 9 14 12 12 14 7 7 6 6 6 4 4 3
 3 3 3 2 2 1 2 2 3 3 2 3 3 4 6 6 5 5 4 9 9 12 6 6 7 7 10 14 14 8 3 3 3 3 4 6 6 11 5 5 4 4 4 3 3 3
 3 3 3 2 2 1 2 2 3 3 2 3 3 4 6 6 5 5 4 9 9 12 6 6 7 7 10 14 14 8 3 3 3 3 4 6 6 11 5 5 4 4 4 3 3 3
 3 3 3 2 2 1 1 1 2 2 3 5 5 4 3 3 3 3 3 7 7 11 8 8 4 4 10 8 8 7 1 1 5 5 9 5 5 3 3 3 5 5 4 3 3 3
 2 2 2 2 2 1 2 2 2 2 6 6 6 3 2 2 2 2 4 7 7 12 12 12 6 6 2 1 1 1 1 1 2 2 2 7 7 7 7 7 6 6 4 3 3 2
 2 2 2 2 2 1 2 2 2 2 6 6 6 3 2 2 2 2 4 7 7 12 12 12 6 6 2 1 1 1 1 1 2 2 2 7 7 7 7 7 6 6 4 3 3 2
 3 3 2 2 2 3 4 4 5 5 7 8 8 6 5 5 5 5 4 7 7 11 12 12 4 4 2 1 1 2 4 4 6 6 5 7 7 9 10 10 9 9 4 2 2 1
 5 5 5 6 6 4 5 5 9 9 15 13 13 7 8 8 12 12 12 12 12 18 19 19 14 14 4 3 3 3 3 3 7 7 9 16 16 14 11 11 9 9 4 7 7 0
 5 5 5 6 6 4 5 5 9 9 15 13 13 7 8 8 12 12 12 12 12 18 19 19 14 14 4 3 3 3 3 3 7 7 9 16 16 14 11 11 9 9 4 7 7 0
 4 4 2 7 7 6 7 7 8 8 13 15 15 8 7 7 13 13 11 18 18 20 23 23 14 14 7 5 5 5 4 4 4 4 9 11 11 13 8 8 4 4 1 5 5 0
 4 4 2 7 7 6 7 7 8 8 13 15 15 8 7 7 13 13 11 18 18 20 23 23 14 14 7 5 5 5 4 4 4 4 9 11 11 13 8 8 4 4 1 5 5 0
 1 1 1 6 6 5 4 4 7 7 8 4 4 4 5 5 10 10 16 21 21 20 14 14 16 16 11 9 9 10 9 9 6 6 10 11 11 11 9 9 6 6 3 1 1 6
 1 1 2 7 7 7 7 7 8 8 10 9 9 11 10 10 17 17 18 20 20 10 13 13 14 14 12 8 8 11 14 14 8 8 5 5 5 8 6 6 4 4 2 1 1 0
 1 1 2 7 7 7 7 7 8 8 10 9 9 11 10 10 17 17 18 20 20 10 13 13 14 14 12 8 8 11 14 14 8 8 5 5 5 8 6 6 4 4 2 1 1 0
 2 2 3 7 7 11 12 12 14 14 17 15 15 17 15 15 13 13 13 9 9 8 8 8 8 8 7 4 4 5 6 6 7 7 4 4 4 2 3 3 2 2 1 1 1 1
 4 4 5 7 7 9 10 10 9 9 14 14 14 18 14 14 10 10 6 7 7 4 4 4 4 4 3 2 2 2 2 2 1 1 1 3 3 1 1 1 1 1 1 1 1 1
