assets/RAT_results/precipitation/2022-08-21_IMERG.asc
ncols        46
nrows        77
xllcorner    74.800261325624
yllcorner    8.058333333333
cellsize     0.062500000000
NODATA_value -9999
 6 6 6 5 5 5 7 7 7 7 7 2 2 4 3 3 2 2 1 3 3 1 0 0 1 1 0 0 0 0 0 0 0 0 0 0 0 0 0 0 0 0 0 0 0 0
 2 2 4 3 3 6 6 6 9 9 10 3 3 3 2 2 1 1 0 1 1 0 0 0 0 0 0 1 1 0 0 0 0 0 0 0 0 0 0 0 0 0 1 0 0 0
 2 2 4 3 3 6 6 6 9 9 10 3 3 3 2 2 1 1 0 1 1 0 0 0 0 0 0 1 1 0 0 0 0 0 0 0 0 0 0 0 0 0 1 0 0 0
 3 3 2 3 3 6 8 8 5 5 5 3 3 2 1 1 0 0 0 0 0 0 0 0 0 0 0 0 0 0 1 1 1 1 1 1 1 1 1 1 1 1 1 1 1 1
 3 3 6 6 6 13 5 5 3 3 4 2 2 1 0 0 0 0 0 0 0 0 0 0 0 0 0 0 0 1 2 2 2 2 2 2 2 2 2 2 3 3 2 1 1 1
 3 3 6 6 6 13 5 5 3 3 4 2 2 1 0 0 0 0 0 0 0 0 0 0 0 0 0 0 0 1 2 2 2 2 2 2 2 2 2 2 3 3 2 1 1 1
 4 4 5 8 8 17 7 7 4 4 4 2 2 2 1 1 0 0 0 0 0 0 1 1 1 1 1 1 1 1 2 2 3 3 3 3 3 3 4 4 7 7 6 3 3 2
 4 4 5 8 8 17 7 7 4 4 4 2 2 2 1 1 0 0 0 0 0 0 1 1 1 1 1 1 1 1 2 2 3 3 3 3 3 3 4 4 7 7 6 3 3 2
 5 5 5 8 8 12 9 9 6 6 4 2 2 3 1 1 1 1 0 0 0 1 1 1 2 2 2 2 2 2 2 2 3 3 4 5 5 4 4 4 7 7 7 7 7 5
 7 7 7 6 6 4 7 7 7 7 6 4 4 3 1 1 1 1 0 0 0 1 1 1 2 2 3 3 3 3 3 3 2 2 2 2 2 2 4 4 3 3 3 3 3 2
 7 7 7 6 6 4 7 7 7 7 6 4 4 3 1 1 1 1 0 0 0 1 1 1 2 2 3 3 3 3 3 3 2 2 2 2 2 2 4 4 3 3 3 3 3 2
 11 11 5 3 3 3 4 4 2 2 5 2 2 2 3 3 4 4 1 1 1 1 1 1 2 2 3 3 3 2 1 1 1 1 1 1 1 1 1 1 2 2 3 2 2 1
 14 14 6 4 4 5 2 2 1 1 2 2 2 2 4 4 4 4 6 6 6 2 1 1 2 2 2 3 3 3 2 2 2 2 1 0 0 0 0 0 1 1 1 1 1 1
 14 14 6 4 4 5 2 2 1 1 2 2 2 2 4 4 4 4 6 6 6 2 1 1 2 2 2 3 3 3 2 2 2 2 1 0 0 0 0 0 1 1 1 1 1 1
 9 9 8 9 9 3 3 3 2 2 2 2 2 1 4 4 4 4 5 6 6 5 4 4 2 2 2 2 2 2 2 2 3 3 2 1 1 1 1 1 1 1 1 1 1 1
 9 9 8 9 9 3 3 3 2 2 2 2 2 1 4 4 4 4 5 6 6 5 4 4 2 2 2 2 2 2 2 2 3 3 2 1 1 1 1 1 1 1 1 1 1 1
 9 9 9 9 9 6 3 3 2 2 2 3 3 4 2 2 2 2 2 3 3 2 3 3 2 2 1 1 1 1 1 1 2 2 5 4 4 2 1 1 1 1 1 1 1 2
 9 9 10 9 9 14 7 7 4 4 4 8 8 12 3 3 2 2 2 2 2 4 1 1 1 1 1 1 1 1 1 1 2 2 4 3 3 2 1 1 2 2 2 2 2 2
 9 9 10 9 9 14 7 7 4 4 4 8 8 12 3 3 2 2 2 2 2 4 1 1 1 1 1 1 1 1 1 1 2 2 4 3 3 2 1 1 2 2 2 2 2 2
 14 14 15 14 14 13 7 7 4 4 3 4 4 6 6 6 4 4 4 3 3 4 1 1 2 2 2 1 1 2 2 2 1 1 2 1 1 1 2 2 2 2 2 1 1 1
 10 10 12 11 11 13 13 13 5 5 4 2 2 4 6 6 2 2 2 3 3 3 2 2 2 2 2 2 2 2 1 1 1 1 2 3 3 2 2 2 1 1 0 0 0 0
 10 10 12 11 11 13 13 13 5 5 4 2 2 4 6 6 2 2 2 3 3 3 2 2 2 2 2 2 2 2 1 1 1 1 2 3 3 2 2 2 1 1 0 0 0 0
 6 6 6 8 8 10 10 10 8 8 6 2 2 2 2 2 2 2 3 1 1 4 2 2 2 2 2 2 2 3 3 3 3 3 4 4 4 5 5 5 2 2 1 0 0 0
 6 6 6 8 8 10 10 10 8 8 6 2 2 2 2 2 2 2 3 1 1 4 2 2 2 2 2 2 2 3 3 3 3 3 4 4 4 5 5 5 2 2 1 0 0 0
 4 4 5 9 9 9 10 10 9 9 5 2 2 2 1 1 2 2 5 1 1 4 3 3 3 3 3 4 4 5 5 5 6 6 7 7 7 8 7 7 7 7 7 3 3 1
 2 2 3 3 3 7 6 6 6 6 5 6 6 5 2 2 1 1 4 4 4 2 3 3 3 3 3 4 4 7 8 8 8 8 6 6 6 6 7 7 11 11 11 6 6 4
 2 2 3 3 3 7 6 6 6 6 5 6 6 5 2 2 1 1 4 4 4 2 3 3 3 3 3 4 4 7 8 8 8 8 6 6 6 6 7 7 11 11 11 6 6 4
 2 2 2 3 3 5 7 7 8 8 7 9 9 8 5 5 1 1 0 1 1 3 5 5 4 4 3 3 3 5 6 6 6 6 5 4 4 4 4 4 5 5 5 5 5 5
 2 2 2 5 5 5 10 10 6 6 8 6 6 6 7 7 2 2 1 1 1 1 2 2 3 3 3 3 3 5 5 5 3 3 4 4 4 3 3 3 4 4 4 5 5 5
 2 2 2 5 5 5 10 10 6 6 8 6 6 6 7 7 2 2 1 1 1 1 2 2 3 3 3 3 3 5 5 5 3 3 4 4 4 3 3 3 4 4 4 5 5 5
 2 2 3 5 5 6 7 7 6 6 7 5 5 5 6 6 1 1 0 0 0 0 1 1 1 1 2 3 3 4 4 4 3 3 5 4 4 3 3 3 3 3 3 3 3 2
 2 2 3 5 5 6 7 7 6 6 7 5 5 5 6 6 1 1 0 0 0 0 1 1 1 1 2 3 3 4 4 4 3 3 5 4 4 3 3 3 3 3 3 3 3 2
 3 3 3 6 6 5 6 6 5 5 5 5 5 5 5 5 1 1 0 0 0 0 2 2 1 1 1 2 2 2 2 2 1 1 1 1 1 1 1 1 1 1 1 2 2 1
 5 5 7 6 6 6 6 6 5 5 6 5 5 5 2 2 2 2 1 0 0 0 0 0 0 0 0 1 1 0 0 0 0 0 0 0 0 0 0 0 0 0 0 1 1 1
 5 5 7 6 6 6 6 6 5 5 6 5 5 5 2 2 2 2 1 0 0 0 0 0 0 0 0 1 1 0 0 0 0 0 0 0 0 0 0 0 0 0 0 1 1 1
 8 8 7 5 5 6 5 5 5 5 8 6 6 4 2 2 2 2 0 0 0 0 0 0 0 0 0 0 0 0 0 0 0 0 0 0 0 0 0 0 1 1 1 1 1 2
 10 10 13 15 15 16 16 16 6 6 10 9 9 5 2 2 2 2 2 2 2 1 1 1 1 1 1 0 0 0 0 0 1 1 0 0 0 0 1 1 1 1 1 1 1 2
 10 10 13 15 15 16 16 16 6 6 10 9 9 5 2 2 2 2 2 2 2 1 1 1 1 1 1 0 0 0 0 0 1 1 0 0 0 0 1 1 1 1 1 1 1 2
 10 10 10 15 15 14 15 15 6 6 6 6 6 4 3 3 2 2 2 2 2 1 1 1 1 1 1 1 1 1 1 1 1 1 1 1 1 1 1 1 1 1 2 1 1 2
 10 10 10 15 15 14 15 15 6 6 6 6 6 4 3 3 2 2 2 2 2 1 1 1 1 1 1 1 1 1 1 1 1 1 1 1 1 1 1 1 1 1 2 1 1 2
 6 6 9 9 9 22 20 20 9 9 8 7 7 9 4 4 2 2 1 2 2 2 1 1 1 1 1 1 1 1 1 1 1 1 1 1 1 1 1 1 2 2 2 3 3 2
 6 6 8 8 8 7 23 23 12 12 9 9 9 9 6 6 2 2 2 1 1 2 1 1 1 1 0 0 0 1 1 1 1 1 2 1 1 2 2 2 3 3 3 2 2 3
 6 6 8 8 8 7 23 23 12 12 9 9 9 9 6 6 2 2 2 1 1 2 1 1 1 1 0 0 0 1 1 1 1 1 2 1 1 2 2 2 3 3 3 2 2 3
 9 9 9 10 10 8 10 10 10 10 12 13 13 12 9 9 2 2 2 2 2 2 1 1 1 1 1 0 0 1 1 1 2 2 2 2 2 2 2 2 1 1 1 1 1 2
 15 15 26 11 11 9 13 13 15 15 20 20 20 17 13 13 9 9 3 1 1 1 1 1 2 2 1 1 1 2 3 3 2 2 2 2 2 2 2 2 2 2 2 1 1 1
 15 15 26 11 11 9 13 13 15 15 20 20 20 17 13 13 9 9 3 1 1 1 1 1 2 2 1 1 1 2 3 3 2 2 2 2 2 2 2 2 2 2 2 1 1 1
 24 24 30 27 27 17 15 15 19 19 21 20 20 19 16 16 13 13 8 4 4 1 1 1 2 2 2 2 2 5 10 10 6 6 4 3 3 5 5 5 4 4 2 1 1 1
 24 24 30 27 27 17 15 15 19 19 21 20 20 19 16 16 13 13 8 4 4 1 1 1 2 2 2 2 2 5 10 10 6 6 4 3 3 5 5 5 4 4 2 1 1 1
 26 26 32 31 31 37 16 16 17 17 17 17 17 18 14 14 13 13 11 9 9 1 1 1 1 1 1 1 1 3 6 6 4 4 2 1 1 1 2 2 2 2 2 2 2 1
 22 22 25 30 30 14 12 12 13 13 12 15 15 19 13 13 16 16 15 10 10 5 3 3 0 0 0 0 0 1 1 1 3 3 3 0 0 0 0 0 0 0 1 1 1 1
 22 22 25 30 30 14 12 12 13 13 12 15 15 19 13 13 16 16 15 10 10 5 3 3 0 0 0 0 0 1 1 1 3 3 3 0 0 0 0 0 0 0 1 1 1 1
 9 9 17 27 27 10 10 10 12 12 7 11 11 12 12 12 14 14 16 11 11 7 3 3 1 1 1 0 0 1 3 3 2 2 2 0 0 0 0 0 0 0 0 0 0 0
 13 13 20 20 20 25 21 21 16 16 16 10 10 10 10 10 10 10 17 14 14 8 3 3 4 4 1 1 1 0 1 1 0 0 0 0 0 0 0 0 0 0 0 0 0 0
 13 13 20 20 20 25 21 21 16 16 16 10 10 10 10 10 10 10 17 14 14 8 3 3 4 4 1 1 1 0 1 1 0 0 0 0 0 0 0 0 0 0 0 0 0 0
 14 14 14 21 21 22 22 22 16 16 12 7 7 8 8 8 8 8 10 11 11 9 7 7 4 4 1 1 1 1 0 0 0 0 0 0 0 0 0 0 0 0 0 0 0 0
 14 14 14 21 21 22 22 22 16 16 12 7 7 8 8 8 8 8 10 11 11 9 7 7 4 4 1 1 1 1 0 0 0 0 0 0 0 0 0 0 0 0 0 0 0 0
 11 11 12 20 20 19 12 12 10 10 4 7 7 7 8 8 10 10 9 7 7 9 6 6 2 2 1 1 1 2 1 1 0 0 0 0 0 0 0 0 0 0 0 0 0 0
 10 10 6 14 14 8 5 5 7 7 7 4 4 5 6 6 11 11 10 9 9 9 8 8 2 2 2 1 1 1 1 1 0 0 0 0 0 0 0 0 0 0 1 1 1 1
 10 10 6 14 14 8 5 5 7 7 7 4 4 5 6 6 11 11 10 9 9 9 8 8 2 2 2 1 1 1 1 1 0 0 0 0 0 0 0 0 0 0 1 1 1 1
 5 5 6 8 8 4 5 5 10 10 10 7 7 6 4 4 9 9 8 9 9 8 4 4 1 1 1 1 1 1 0 0 1 1 0 0 0 0 0 0 0 0 0 0 0 0
 4 4 5 6 6 5 6 6 12 12 12 11 11 6 5 5 6 6 6 8 8 7 5 5 2 2 1 0 0 0 0 0 1 1 0 1 1 0 0 0 0 0 0 0 0 0
 4 4 5 6 6 5 6 6 12 12 12 11 11 6 5 5 6 6 6 8 8 7 5 5 2 2 1 0 0 0 0 0 1 1 0 1 1 0 0 0 0 0 0 0 0 0
 3 3 6 9 9 7 8 8 7 7 12 12 12 8 3 3 3 3 2 3 3 2 5 5 1 1 2 0 0 0 0 0 0 0 0 0 0 0 0 0 0 0 0 0 0 0
 3 3 6 9 9 7 8 8 7 7 12 12 12 8 3 3 3 3 2 3 3 2 5 5 1 1 2 0 0 0 0 0 0 0 0 0 0 0 0 0 0 0 0 0 0 0
 5 5 7 8 8 10 8 8 14 14 17 24 24 20 29 29 29 29 34 2 2 2 2 2 1 1 1 1 1 0 0 0 0 0 0 0 0 0 0 0 0 0 0 0 0 0
 8 8 9 10 10 18 18 18 29 29 27 36 36 18 28 28 30 30 34 34 34 1 3 3 3 3 1 4 4 2 1 1 1 1 0 0 0 0 0 0 0 0 0 0 0 0
 8 8 9 10 10 18 18 18 29 29 27 36 36 18 28 28 30 30 34 34 34 1 3 3 3 3 1 4 4 2 1 1 1 1 0 0 0 0 0 0 0 0 0 0 0 0
 15 15 14 12 12 30 21 21 35 35 42 51 51 36 41 41 42 42 43 29 29 32 3 3 3 3 3 4 4 2 3 3 2 2 1 0 0 0 0 0 0 0 0 0 0 0
 17 17 20 20 20 37 35 35 49 49 32 70 70 38 56 56 43 43 46 32 32 32 2 2 2 2 3 2 2 3 1 1 1 1 0 0 0 0 0 0 0 0 0 0 0 0
 17 17 20 20 20 37 35 35 49 49 32 70 70 38 56 56 43 43 46 32 32 32 2 2 2 2 3 2 2 3 1 1 1 1 0 0 0 0 0 0 0 0 0 0 0 0
 21 21 22 23 23 44 42 42 71 71 121 62 62 61 66 66 45 45 45 9 9 8 3 3 3 3 3 3 3 2 0 0 0 0 0 0 0 0 0 0 0 0 0 0 0 0
 21 21 22 23 23 44 42 42 71 71 121 62 62 61 66 66 45 45 45 9 9 8 3 3 3 3 3 3 3 2 0 0 0 0 0 0 0 0 0 0 0 0 0 0 0 0
 32 32 33 43 43 42 85 85 78 78 129 135 135 52 52 52 12 12 10 4 4 10 5 5 5 5 4 3 3 2 1 1 0 0 0 0 0 0 0 0 0 0 0 0 0 0
 30 30 30 41 41 41 85 85 79 79 93 108 108 49 47 47 7 7 6 5 5 6 6 6 6 6 4 3 3 1 1 1 1 1 0 0 0 0 0 0 0 0 0 0 0 0
 30 30 30 41 41 41 85 85 79 79 93 108 108 49 47 47 7 7 6 5 5 6 6 6 6 6 4 3 3 1 1 1 1 1 0 0 0 0 0 0 0 0 0 0 0 0
 31 31 36 46 46 46 84 84 91 91 100 113 113 47 10 10 9 9 12 11 11 6 5 5 5 5 4 3 3 1 1 1 1 1 1 0 0 0 0 0 0 0 0 0 0 0
 33 33 39 47 47 47 91 91 96 96 87 57 57 30 6 6 5 5 6 10 10 5 5 5 5 5 3 4 4 3 3 3 3 3 2 2 2 0 0 0 0 0 0 0 0 0
