assets/RAT_results/precipitation/2022-09-04_IMERG.asc
ncols        46
nrows        77
xllcorner    74.800261325624
yllcorner    8.058333333333
cellsize     0.062500000000
NODATA_value -9999
 8 8 8 10 10 12 16 16 18 18 25 28 28 32 36 36 37 37 44 31 31 27 42 42 43 43 54 45 45 49 57 57 56 56 62 35 35 32 44 44 41 41 37 59 59 38
 12 12 12 14 14 16 19 19 22 22 25 36 36 41 39 39 35 35 38 34 34 28 31 31 33 33 35 34 34 33 35 35 21 21 23 23 23 27 27 27 25 25 24 27 27 31
 12 12 12 14 14 16 19 19 22 22 25 36 36 41 39 39 35 35 38 34 34 28 31 31 33 33 35 34 34 33 35 35 21 21 23 23 23 27 27 27 25 25 24 27 27 31
 11 11 14 16 16 16 18 18 24 24 26 37 37 41 37 37 33 33 38 34 34 29 30 30 28 28 26 23 23 22 22 22 20 20 24 23 23 19 22 22 22 22 22 26 26 40
 10 10 15 19 19 19 21 21 24 24 26 31 31 40 36 36 28 28 29 27 27 24 23 23 26 26 24 23 23 24 23 23 21 21 23 30 30 27 25 25 20 20 22 25 25 33
 10 10 15 19 19 19 21 21 24 24 26 31 31 40 36 36 28 28 29 27 27 24 23 23 26 26 24 23 23 24 23 23 21 21 23 30 30 27 25 25 20 20 22 25 25 33
 10 10 13 18 18 20 22 22 25 25 29 28 28 32 30 30 29 29 28 28 28 26 22 22 25 25 24 23 23 23 24 24 23 23 25 30 30 31 32 32 25 25 25 31 31 33
 10 10 13 18 18 20 22 22 25 25 29 28 28 32 30 30 29 29 28 28 28 26 22 22 25 25 24 23 23 23 24 24 23 23 25 30 30 31 32 32 25 25 25 31 31 33
 14 14 17 25 25 24 27 27 32 32 34 33 33 32 32 32 31 31 30 29 29 28 27 27 28 28 27 33 33 35 34 34 35 35 33 31 31 31 31 31 28 28 31 46 46 40
 19 19 23 30 30 30 32 32 37 37 39 37 37 37 36 36 35 35 34 34 34 35 36 36 40 40 38 35 35 33 37 37 28 28 29 28 28 26 26 26 21 21 17 17 17 16
 19 19 23 30 30 30 32 32 37 37 39 37 37 37 36 36 35 35 34 34 34 35 36 36 40 40 38 35 35 33 37 37 28 28 29 28 28 26 26 26 21 21 17 17 17 16
 20 20 21 23 23 32 33 33 35 35 35 35 35 36 39 39 41 41 41 41 41 41 41 41 41 41 37 32 32 31 32 32 29 29 29 32 32 27 25 25 20 20 11 16 16 19
 20 20 22 24 24 33 34 34 34 34 33 31 31 32 36 36 39 39 39 40 40 37 38 38 39 39 41 40 40 35 35 35 32 32 28 22 22 23 21 21 21 21 14 18 18 19
 20 20 22 24 24 33 34 34 34 34 33 31 31 32 36 36 39 39 39 40 40 37 38 38 39 39 41 40 40 35 35 35 32 32 28 22 22 23 21 21 21 21 14 18 18 19
 21 21 22 24 24 25 32 32 33 33 34 31 31 30 30 30 33 33 33 32 32 30 30 30 34 34 35 32 32 35 37 37 34 34 27 19 19 17 14 14 15 15 26 24 24 27
 21 21 22 24 24 25 32 32 33 33 34 31 31 30 30 30 33 33 33 32 32 30 30 30 34 34 35 32 32 35 37 37 34 34 27 19 19 17 14 14 15 15 26 24 24 27
 21 21 22 24 24 24 25 25 30 30 30 29 29 28 28 28 29 29 30 30 30 30 29 29 29 29 28 27 27 29 29 29 25 25 19 13 13 13 10 10 25 25 24 24 24 10
 18 18 19 21 21 22 23 23 24 24 29 31 31 35 36 36 36 36 36 38 38 34 27 27 25 25 23 20 20 19 19 19 18 18 13 9 9 9 6 6 5 5 6 6 6 6
 18 18 19 21 21 22 23 23 24 24 29 31 31 35 36 36 36 36 36 38 38 34 27 27 25 25 23 20 20 19 19 19 18 18 13 9 9 9 6 6 5 5 6 6 6 6
 15 15 17 21 21 24 27 27 27 27 26 35 35 40 41 41 39 39 37 38 38 32 23 23 21 21 19 15 15 14 14 14 13 13 9 7 7 5 6 6 6 6 6 15 15 23
 13 13 15 18 18 22 26 26 26 26 25 31 31 30 31 31 32 32 31 28 28 22 18 18 16 16 14 13 13 11 10 10 10 10 8 7 7 5 8 8 9 9 18 19 19 31
 13 13 15 18 18 22 26 26 26 26 25 31 31 30 31 31 32 32 31 28 28 22 18 18 16 16 14 13 13 11 10 10 10 10 8 7 7 5 8 8 9 9 18 19 19 31
 8 8 9 11 11 15 17 17 19 19 19 19 19 23 23 23 22 22 21 20 20 19 18 18 15 15 13 11 11 10 9 9 9 9 8 8 8 7 11 11 11 11 33 35 35 38
 8 8 9 11 11 15 17 17 19 19 19 19 19 23 23 23 22 22 21 20 20 19 18 18 15 15 13 11 11 10 9 9 9 9 8 8 8 7 11 11 11 11 33 35 35 38
 4 4 4 6 6 7 9 9 12 12 13 14 14 17 19 19 18 18 17 10 10 18 20 20 16 16 13 13 13 15 16 16 21 21 19 12 12 6 12 12 12 12 18 38 38 19
 2 2 3 4 4 5 7 7 9 9 11 11 11 11 16 16 17 17 17 10 10 12 13 13 18 18 17 15 15 28 28 28 26 26 29 19 19 23 26 26 18 18 18 20 20 19
 2 2 3 4 4 5 7 7 9 9 11 11 11 11 16 16 17 17 17 10 10 12 13 13 18 18 17 15 15 28 28 28 26 26 29 19 19 23 26 26 18 18 18 20 20 19
 1 1 1 2 2 4 6 6 8 8 10 10 10 11 14 14 20 20 9 11 11 15 17 17 14 14 17 15 15 28 29 29 41 41 43 38 38 23 21 21 13 13 14 16 16 23
 1 1 1 2 2 3 4 4 6 6 8 9 9 11 13 13 17 17 9 9 9 10 11 11 12 12 11 13 13 11 12 12 19 19 19 36 36 14 10 10 12 12 14 17 17 19
 1 1 1 2 2 3 4 4 6 6 8 9 9 11 13 13 17 17 9 9 9 10 11 11 12 12 11 13 13 11 12 12 19 19 19 36 36 14 10 10 12 12 14 17 17 19
 1 1 1 2 2 2 3 3 5 5 8 7 7 8 8 8 7 7 7 7 7 7 7 7 7 7 7 6 6 8 8 8 15 15 16 16 16 11 8 8 15 15 16 13 13 13
 1 1 1 2 2 2 3 3 5 5 8 7 7 8 8 8 7 7 7 7 7 7 7 7 7 7 7 6 6 8 8 8 15 15 16 16 16 11 8 8 15 15 16 13 13 13
 1 1 1 2 2 2 3 3 4 4 5 5 5 5 6 6 6 6 6 6 6 7 7 7 7 7 7 6 6 4 4 4 6 6 6 7 7 10 9 9 11 11 10 12 12 15
 1 1 1 1 1 1 2 2 2 2 3 2 2 3 3 3 2 2 4 5 5 5 4 4 4 4 5 3 3 3 3 3 3 3 6 7 7 5 8 8 11 11 20 18 18 16
 1 1 1 1 1 1 2 2 2 2 3 2 2 3 3 3 2 2 4 5 5 5 4 4 4 4 5 3 3 3 3 3 3 3 6 7 7 5 8 8 11 11 20 18 18 16
 2 2 1 1 1 1 1 1 1 1 1 1 1 1 1 1 2 2 2 3 3 3 3 3 3 3 4 4 4 4 4 4 4 4 4 4 4 5 11 11 9 9 17 23 23 38
 3 3 2 1 1 1 1 1 1 1 1 1 1 2 2 2 2 2 2 3 3 3 4 4 6 6 6 4 4 3 4 4 4 4 3 4 4 5 7 7 6 6 21 22 22 27
 3 3 2 1 1 1 1 1 1 1 1 1 1 2 2 2 2 2 2 3 3 3 4 4 6 6 6 4 4 3 4 4 4 4 3 4 4 5 7 7 6 6 21 22 22 27
 2 2 3 3 3 3 3 3 4 4 5 4 4 4 4 4 4 4 5 7 7 6 5 5 5 5 5 5 5 4 6 6 6 6 5 6 6 6 6 6 7 7 11 28 28 31
 2 2 3 3 3 3 3 3 4 4 5 4 4 4 4 4 4 4 5 7 7 6 5 5 5 5 5 5 5 4 6 6 6 6 5 6 6 6 6 6 7 7 11 28 28 31
 2 2 3 4 4 5 7 7 10 10 10 6 6 5 5 5 5 5 6 9 9 9 7 7 8 8 10 10 10 7 8 8 10 10 9 9 9 13 13 13 14 14 14 38 38 46
 5 5 6 7 7 5 7 7 18 18 17 6 6 2 3 3 3 3 4 4 4 5 5 5 9 9 10 7 7 6 6 6 6 6 9 8 8 18 17 17 19 19 21 43 43 48
 5 5 6 7 7 5 7 7 18 18 17 6 6 2 3 3 3 3 4 4 4 5 5 5 9 9 10 7 7 6 6 6 6 6 9 8 8 18 17 17 19 19 21 43 43 48
 11 11 8 8 8 7 6 6 6 6 5 2 2 1 2 2 2 2 2 2 2 4 5 5 6 6 6 5 5 6 8 8 8 8 7 7 7 18 13 13 12 12 16 34 34 47
 8 8 9 6 6 6 5 5 2 2 1 1 1 1 3 3 3 3 3 3 3 3 6 6 8 8 10 9 9 10 9 9 10 10 9 7 7 14 12 12 13 13 15 14 14 43
 8 8 9 6 6 6 5 5 2 2 1 1 1 1 3 3 3 3 3 3 3 3 6 6 8 8 10 9 9 10 9 9 10 10 9 7 7 14 12 12 13 13 15 14 14 43
 6 6 6 2 2 3 3 3 2 2 2 2 2 3 4 4 5 5 5 5 5 5 6 6 16 16 19 18 18 16 19 19 17 17 15 12 12 19 17 17 17 17 14 12 12 22
 6 6 6 2 2 3 3 3 2 2 2 2 2 3 4 4 5 5 5 5 5 5 6 6 16 16 19 18 18 16 19 19 17 17 15 12 12 19 17 17 17 17 14 12 12 22
 5 5 1 1 1 2 2 2 2 2 2 2 2 2 3 3 4 4 6 5 5 6 6 6 17 17 22 23 23 24 33 33 36 36 26 24 24 25 21 21 20 20 20 25 25 24
 4 4 4 5 5 1 1 1 1 1 1 1 1 2 2 2 3 3 4 5 5 4 6 6 13 13 17 19 19 22 34 34 35 35 29 30 30 30 25 25 24 24 25 36 36 38
 4 4 4 5 5 1 1 1 1 1 1 1 1 2 2 2 3 3 4 5 5 4 6 6 13 13 17 19 19 22 34 34 35 35 29 30 30 30 25 25 24 24 25 36 36 38
 1 1 1 5 5 1 1 1 1 1 1 1 1 1 2 2 2 2 3 4 4 4 5 5 11 11 14 14 14 20 26 26 27 27 25 24 24 23 22 22 20 20 25 42 42 49
 1 1 1 1 1 2 1 1 1 1 1 1 1 2 2 2 3 3 4 4 4 5 10 10 13 13 10 11 11 17 17 17 19 19 19 19 19 18 18 18 19 19 24 20 20 39
 1 1 1 1 1 2 1 1 1 1 1 1 1 2 2 2 3 3 4 4 4 5 10 10 13 13 10 11 11 17 17 17 19 19 19 19 19 18 18 18 19 19 24 20 20 39
 1 1 1 1 1 1 1 1 2 2 2 2 2 3 4 4 4 4 4 4 4 5 5 5 8 8 8 11 11 13 20 20 25 25 27 22 22 17 16 16 20 20 17 16 16 15
 1 1 1 1 1 1 1 1 2 2 2 2 2 3 4 4 4 4 4 4 4 5 5 5 8 8 8 11 11 13 20 20 25 25 27 22 22 17 16 16 20 20 17 16 16 15
 3 3 1 1 1 1 2 2 1 1 2 2 2 2 3 3 4 4 3 2 2 2 5 5 8 8 9 6 6 7 10 10 17 17 22 26 26 12 11 11 10 10 12 8 8 5
 3 3 2 2 2 2 2 2 2 2 2 2 2 2 2 2 2 2 2 2 2 2 5 5 5 5 3 4 4 5 5 5 11 11 10 18 18 16 8 8 7 7 7 3 3 1
 3 3 2 2 2 2 2 2 2 2 2 2 2 2 2 2 2 2 2 2 2 2 5 5 5 5 3 4 4 5 5 5 11 11 10 18 18 16 8 8 7 7 7 3 3 1
 3 3 2 2 2 1 2 2 2 2 3 2 2 2 2 2 2 2 2 2 2 3 3 3 4 4 3 3 3 4 4 4 7 7 6 14 14 14 3 3 3 3 5 2 2 0
 4 4 4 2 2 2 1 1 2 2 2 2 2 2 2 2 2 2 4 4 4 4 6 6 8 8 3 3 3 7 10 10 9 9 7 3 3 4 6 6 6 6 5 2 2 1
 4 4 4 2 2 2 1 1 2 2 2 2 2 2 2 2 2 2 4 4 4 4 6 6 8 8 3 3 3 7 10 10 9 9 7 3 3 4 6 6 6 6 5 2 2 1
 6 6 5 2 2 2 4 4 4 4 2 2 2 2 2 2 3 3 4 4 4 4 5 5 5 5 4 6 6 7 10 10 14 14 12 7 7 4 6 6 8 8 5 3 3 1
 6 6 5 2 2 2 4 4 4 4 2 2 2 2 2 2 3 3 4 4 4 4 5 5 5 5 4 6 6 7 10 10 14 14 12 7 7 4 6 6 8 8 5 3 3 1
 8 8 3 3 3 3 5 5 6 6 3 3 3 3 5 5 4 4 4 5 5 4 4 4 4 4 4 5 5 10 11 11 12 12 12 10 10 7 7 7 9 9 8 4 4 1
 23 23 12 8 8 8 9 9 15 15 5 4 4 4 5 5 6 6 4 5 5 5 5 5 5 5 4 6 6 14 14 14 13 13 11 11 11 11 13 13 14 14 12 5 5 1
 23 23 12 8 8 8 9 9 15 15 5 4 4 4 5 5 6 6 4 5 5 5 5 5 5 5 4 6 6 14 14 14 13 13 11 11 11 11 13 13 14 14 12 5 5 1
 29 29 24 14 14 15 19 19 13 13 12 9 9 13 13 13 13 13 6 7 7 7 7 7 7 7 7 7 7 8 17 17 17 17 15 13 13 12 15 15 14 14 11 5 5 2
 27 27 24 15 15 19 22 22 11 11 16 13 13 46 15 15 15 15 8 9 9 8 10 10 12 12 13 11 11 12 13 13 22 22 19 16 16 14 11 11 7 7 5 6 6 4
 27 27 24 15 15 19 22 22 11 11 16 13 13 46 15 15 15 15 8 9 9 8 10 10 12 12 13 11 11 12 13 13 22 22 19 16 16 14 11 11 7 7 5 6 6 4
 20 20 18 13 13 15 15 15 9 9 13 14 14 52 54 54 13 13 12 12 12 6 8 8 9 9 10 10 10 12 13 13 13 13 19 17 17 17 12 12 6 6 3 3 3 1
 20 20 18 13 13 15 15 15 9 9 13 14 14 52 54 54 13 13 12 12 12 6 8 8 9 9 10 10 10 12 13 13 13 13 19 17 17 17 12 12 6 6 3 3 3 1
 15 15 17 13 13 13 15 15 11 11 11 15 15 21 20 20 12 12 11 4 4 4 5 5 6 6 7 7 7 9 7 7 7 7 11 11 11 9 7 7 5 5 1 0 0 0
 16 16 25 19 19 17 15 15 9 9 10 10 10 16 14 14 8 8 7 3 3 3 3 3 4 4 4 3 3 7 4 4 3 3 4 2 2 2 2 2 1 1 0 0 0 0
 16 16 25 19 19 17 15 15 9 9 10 10 10 16 14 14 8 8 7 3 3 3 3 3 4 4 4 3 3 7 4 4 3 3 4 2 2 2 2 2 1 1 0 0 0 0
 14 14 16 16 16 20 16 16 8 8 6 5 5 5 5 5 4 4 4 3 3 2 2 2 2 2 3 2 2 2 2 2 5 5 2 2 2 1 1 1 0 0 0 0 0 0
 21 21 15 11 11 13 9 9 9 9 8 6 6 5 4 4 2 2 2 2 2 2 2 2 2 2 2 2 2 1 1 1 1 1 1 1 1 2 1 1 0 0 0 0 0 0
