assets/RAT_results/precipitation/2022-10-13_IMERG.asc
ncols        46
nrows        77
xllcorner    74.800261325624
yllcorner    8.058333333333
cellsize     0.062500000000
NODATA_value -9999
 55 55 55 47 47 54 62 62 70 70 81 90 90 78 77 77 74 74 58 62 62 35 40 40 48 48 69 84 84 86 62 62 63 63 55 53 53 51 37 37 35 35 8 3 3 10
 47 47 53 42 42 49 54 54 83 83 88 81 81 76 71 71 69 69 41 55 55 27 38 38 44 44 74 47 47 83 86 86 58 58 52 47 47 48 22 22 34 34 9 2 2 5
 47 47 53 42 42 49 54 54 83 83 88 81 81 76 71 71 69 69 41 55 55 27 38 38 44 44 74 47 47 83 86 86 58 58 52 47 47 48 22 22 34 34 9 2 2 5
 43 43 33 32 32 34 35 35 67 67 72 87 87 95 78 78 66 66 38 22 22 22 23 23 57 57 57 54 54 54 71 71 56 56 57 52 52 48 22 22 6 6 5 2 2 4
 24 24 25 25 25 29 30 30 53 53 74 88 88 93 76 76 34 34 32 36 36 35 37 37 55 55 54 45 45 43 56 56 50 50 51 51 51 23 21 21 3 3 3 2 2 2
 24 24 25 25 25 29 30 30 53 53 74 88 88 93 76 76 34 34 32 36 36 35 37 37 55 55 54 45 45 43 56 56 50 50 51 51 51 23 21 21 3 3 3 2 2 2
 6 6 25 32 32 28 34 34 43 43 49 47 47 30 27 27 40 40 43 62 62 27 27 27 45 45 42 33 33 37 33 33 19 19 22 40 40 42 21 21 4 4 1 1 1 1
 6 6 25 32 32 28 34 34 43 43 49 47 47 30 27 27 40 40 43 62 62 27 27 27 45 45 42 33 33 37 33 33 19 19 22 40 40 42 21 21 4 4 1 1 1 1
 7 7 14 16 16 20 20 20 32 32 37 15 15 25 27 27 39 39 41 43 43 46 55 55 45 45 45 11 11 15 15 15 18 18 15 36 36 42 42 42 7 7 0 0 0 1
 7 7 9 17 17 14 15 15 15 15 22 18 18 18 15 15 28 28 43 40 40 44 46 46 16 16 13 9 9 12 13 13 6 6 6 5 5 14 2 2 2 2 0 0 0 0
 7 7 9 17 17 14 15 15 15 15 22 18 18 18 15 15 28 28 43 40 40 44 46 46 16 16 13 9 9 12 13 13 6 6 6 5 5 14 2 2 2 2 0 0 0 0
 4 4 6 6 6 7 7 7 14 14 14 8 8 18 13 13 8 8 39 39 39 42 42 42 23 23 7 7 7 21 19 19 19 19 2 6 6 15 3 3 4 4 1 0 0 0
 5 5 6 5 5 5 7 7 6 6 13 5 5 3 8 8 10 10 15 15 15 17 9 9 9 9 3 7 7 22 20 20 20 20 5 4 4 4 5 5 4 4 4 5 5 1
 5 5 6 5 5 5 7 7 6 6 13 5 5 3 8 8 10 10 15 15 15 17 9 9 9 9 3 7 7 22 20 20 20 20 5 4 4 4 5 5 4 4 4 5 5 1
 4 4 4 3 3 3 6 6 9 9 9 10 10 10 10 10 11 11 4 15 15 19 10 10 11 11 4 4 4 7 8 8 6 6 6 8 8 9 12 12 7 7 6 7 7 32
 4 4 4 3 3 3 6 6 9 9 9 10 10 10 10 10 11 11 4 15 15 19 10 10 11 11 4 4 4 7 8 8 6 6 6 8 8 9 12 12 7 7 6 7 7 32
 4 4 4 9 9 23 23 23 17 17 18 15 15 15 10 10 12 12 4 5 5 5 3 3 4 4 6 6 6 8 10 10 9 9 6 7 7 7 13 13 13 13 20 20 20 40
 3 3 5 5 5 18 19 19 15 15 19 15 15 18 7 7 3 3 2 3 3 3 3 3 4 4 7 7 7 7 10 10 9 9 6 15 15 20 21 21 18 18 12 19 19 40
 3 3 5 5 5 18 19 19 15 15 19 15 15 18 7 7 3 3 2 3 3 3 3 3 4 4 7 7 7 7 10 10 9 9 6 15 15 20 21 21 18 18 12 19 19 40
 4 4 5 6 6 19 20 20 19 19 18 8 8 2 2 2 1 1 2 1 1 1 2 2 3 3 4 5 5 6 6 6 9 9 23 23 23 37 19 19 14 14 10 10 10 18
 3 3 3 3 3 4 20 20 3 3 19 9 9 3 3 3 2 2 1 1 1 1 1 1 2 2 3 3 3 4 3 3 8 8 22 22 22 36 36 36 37 37 24 34 34 32
 3 3 3 3 3 4 20 20 3 3 19 9 9 3 3 3 2 2 1 1 1 1 1 1 2 2 3 3 3 4 3 3 8 8 22 22 22 36 36 36 37 37 24 34 34 32
 2 2 1 2 2 3 3 3 3 3 4 4 4 4 4 4 5 5 3 4 4 3 1 1 1 1 2 2 2 4 12 12 15 15 24 23 23 22 22 22 37 37 24 35 35 33
 2 2 1 2 2 3 3 3 3 3 4 4 4 4 4 4 5 5 3 4 4 3 1 1 1 1 2 2 2 4 12 12 15 15 24 23 23 22 22 22 37 37 24 35 35 33
 0 0 0 0 0 0 2 2 2 2 3 3 3 2 2 2 7 7 9 19 19 4 3 3 2 2 2 4 4 3 4 4 8 8 7 23 23 23 22 22 18 18 17 12 12 3
 1 1 1 0 0 1 2 2 3 3 3 2 2 2 4 4 7 7 14 22 22 8 4 4 2 2 2 5 5 3 8 8 6 6 7 8 8 5 12 12 13 13 12 7 7 8
 1 1 1 0 0 1 2 2 3 3 3 2 2 2 4 4 7 7 14 22 22 8 4 4 2 2 2 5 5 3 8 8 6 6 7 8 8 5 12 12 13 13 12 7 7 8
 1 1 1 1 1 1 2 2 3 3 2 2 2 4 6 6 8 8 14 13 13 10 11 11 9 9 8 5 5 7 7 7 4 4 4 2 2 3 12 12 12 12 12 8 8 10
 1 1 1 0 0 0 1 1 2 2 2 2 2 3 8 8 13 13 17 18 18 12 15 15 8 8 6 2 2 5 5 5 1 1 2 2 2 5 5 5 2 2 1 1 1 3
 1 1 1 0 0 0 1 1 2 2 2 2 2 3 8 8 13 13 17 18 18 12 15 15 8 8 6 2 2 5 5 5 1 1 2 2 2 5 5 5 2 2 1 1 1 3
 1 1 0 0 0 0 1 1 1 1 1 1 1 2 8 8 7 7 14 7 7 6 10 10 4 4 4 2 2 5 4 4 0 0 1 2 2 1 1 1 0 0 0 1 1 3
 1 1 0 0 0 0 1 1 1 1 1 1 1 2 8 8 7 7 14 7 7 6 10 10 4 4 4 2 2 5 4 4 0 0 1 2 2 1 1 1 0 0 0 1 1 3
 2 2 1 1 1 0 0 0 1 1 51 52 52 51 59 59 15 15 7 7 7 4 3 3 1 1 1 1 1 0 0 0 0 0 0 1 1 1 1 1 1 1 1 0 0 0
 1 1 1 1 1 2 1 1 1 1 14 52 52 51 59 59 8 8 2 2 2 2 2 2 0 0 0 0 0 0 0 0 0 0 0 0 0 0 1 1 3 3 1 0 0 0
 1 1 1 1 1 2 1 1 1 1 14 52 52 51 59 59 8 8 2 2 2 2 2 2 0 0 0 0 0 0 0 0 0 0 0 0 0 0 1 1 3 3 1 0 0 0
 1 1 1 2 2 2 0 0 1 1 14 14 14 0 2 2 2 2 7 7 7 4 2 2 0 0 0 0 0 0 0 0 0 0 0 0 0 0 0 0 1 1 0 0 0 0
 1 1 1 1 1 1 0 0 0 0 0 14 14 0 1 1 2 2 7 7 7 4 0 0 0 0 0 0 0 0 0 0 0 0 0 0 0 0 0 0 1 1 0 0 0 0
 1 1 1 1 1 1 0 0 0 0 0 14 14 0 1 1 2 2 7 7 7 4 0 0 0 0 0 0 0 0 0 0 0 0 0 0 0 0 0 0 1 1 0 0 0 0
 0 0 0 2 2 4 1 1 0 0 0 0 0 0 0 0 1 1 7 6 6 6 1 1 0 0 0 0 0 1 0 0 0 0 0 0 0 1 1 1 1 1 1 0 0 0
 0 0 0 2 2 4 1 1 0 0 0 0 0 0 0 0 1 1 7 6 6 6 1 1 0 0 0 0 0 1 0 0 0 0 0 0 0 1 1 1 1 1 1 0 0 0
 0 0 0 2 2 4 1 1 0 0 0 0 0 0 0 0 1 1 12 4 4 6 5 5 4 4 3 3 3 4 10 10 2 2 1 1 1 1 1 1 1 1 1 0 0 2
 0 0 0 1 1 2 1 1 1 1 1 0 0 0 0 0 12 12 12 7 7 9 7 7 5 5 5 10 10 16 25 25 9 9 1 1 1 2 3 3 4 4 7 2 2 1
 0 0 0 1 1 2 1 1 1 1 1 0 0 0 0 0 12 12 12 7 7 9 7 7 5 5 5 10 10 16 25 25 9 9 1 1 1 2 3 3 4 4 7 2 2 1
 1 1 1 1 1 2 0 0 0 0 0 0 0 0 0 0 2 2 2 2 2 7 8 8 8 8 10 11 11 20 29 29 4 4 2 3 3 5 3 3 6 6 7 2 2 1
 1 1 2 1 1 2 1 1 0 0 0 1 1 2 2 2 3 3 2 1 1 6 7 7 7 7 11 15 15 21 19 19 16 16 2 2 2 2 4 4 7 7 6 4 4 0
 1 1 2 1 1 2 1 1 0 0 0 1 1 2 2 2 3 3 2 1 1 6 7 7 7 7 11 15 15 21 19 19 16 16 2 2 2 2 4 4 7 7 6 4 4 0
 2 2 3 4 4 5 2 2 1 1 1 1 1 2 2 2 3 3 3 3 3 3 4 4 9 9 11 10 10 21 22 22 8 8 5 4 4 7 2 2 4 4 4 0 0 0
 2 2 3 4 4 5 2 2 1 1 1 1 1 2 2 2 3 3 3 3 3 3 4 4 9 9 11 10 10 21 22 22 8 8 5 4 4 7 2 2 4 4 4 0 0 0
 4 4 6 4 4 4 2 2 2 2 9 9 9 4 4 4 4 4 7 3 3 3 7 7 9 9 12 11 11 12 11 11 9 9 4 9 9 5 2 2 1 1 0 0 0 0
 6 6 9 8 8 6 6 6 5 5 66 9 9 70 5 5 5 5 7 2 2 6 8 8 9 9 14 22 22 20 22 22 31 31 15 12 12 3 1 1 0 0 0 0 0 0
 6 6 9 8 8 6 6 6 5 5 66 9 9 70 5 5 5 5 7 2 2 6 8 8 9 9 14 22 22 20 22 22 31 31 15 12 12 3 1 1 0 0 0 0 0 0
 11 11 13 11 11 8 41 41 6 6 62 68 68 69 7 7 7 7 8 10 10 9 16 16 15 15 25 25 25 22 22 22 20 20 18 13 13 8 4 4 1 1 0 0 0 0
 12 12 12 10 10 9 41 41 70 70 68 68 68 70 71 71 42 42 43 10 10 10 17 17 15 15 19 22 22 22 19 19 25 25 28 23 23 21 23 23 15 15 5 1 1 1
 12 12 12 10 10 9 41 41 70 70 68 68 68 70 71 71 42 42 43 10 10 10 17 17 15 15 19 22 22 22 19 19 25 25 28 23 23 21 23 23 15 15 5 1 1 1
 10 10 9 7 7 4 4 4 39 39 39 57 57 70 69 69 40 40 41 12 12 9 19 19 17 17 20 23 23 26 23 23 25 25 19 16 16 17 31 31 21 21 32 6 6 1
 10 10 9 7 7 4 4 4 39 39 39 57 57 70 69 69 40 40 41 12 12 9 19 19 17 17 20 23 23 26 23 23 25 25 19 16 16 17 31 31 21 21 32 6 6 1
 10 10 11 7 7 5 4 4 33 33 33 59 59 67 67 67 70 70 25 25 25 11 23 23 22 22 22 19 19 24 22 22 29 29 25 24 24 26 31 31 11 11 6 8 8 6
 10 10 10 10 10 7 5 5 7 7 23 23 23 39 39 39 71 71 24 26 26 11 12 12 21 21 24 24 24 25 29 29 31 31 31 25 25 32 19 19 10 10 7 6 6 7
 10 10 10 10 10 7 5 5 7 7 23 23 23 39 39 39 71 71 24 26 26 11 12 12 21 21 24 24 24 25 29 29 31 31 31 25 25 32 19 19 10 10 7 6 6 7
 5 5 8 9 9 6 5 5 7 7 25 25 25 41 40 40 70 70 6 7 7 11 7 7 19 19 24 26 26 28 31 31 28 28 32 35 35 23 13 13 12 12 4 3 3 3
 2 2 6 7 7 5 6 6 6 6 10 8 8 5 68 68 70 70 46 10 10 13 8 8 21 21 24 39 39 41 45 45 35 35 30 29 29 19 16 16 11 11 4 3 3 2
 2 2 6 7 7 5 6 6 6 6 10 8 8 5 68 68 70 70 46 10 10 13 8 8 21 21 24 39 39 41 45 45 35 35 30 29 29 19 16 16 11 11 4 3 3 2
 2 2 4 5 5 6 7 7 8 8 10 8 8 9 68 68 71 71 45 12 12 12 10 10 22 22 26 40 40 52 61 61 49 49 50 38 38 17 15 15 11 11 4 3 3 3
 2 2 4 5 5 6 7 7 8 8 10 8 8 9 68 68 71 71 45 12 12 12 10 10 22 22 26 40 40 52 61 61 49 49 50 38 38 17 15 15 11 11 4 3 3 3
 4 4 5 6 6 8 7 7 6 6 9 15 15 16 47 47 7 7 7 8 8 10 13 13 26 26 33 41 41 54 67 67 52 52 34 37 37 15 10 10 8 8 4 4 4 3
 5 5 6 5 5 6 4 4 4 4 3 14 14 17 7 7 5 5 3 4 4 10 10 10 10 10 23 38 38 34 36 36 31 31 29 21 21 11 6 6 6 6 5 4 4 4
 5 5 6 5 5 6 4 4 4 4 3 14 14 17 7 7 5 5 3 4 4 10 10 10 10 10 23 38 38 34 36 36 31 31 29 21 21 11 6 6 6 6 5 4 4 4
 5 5 5 4 4 4 4 4 5 5 4 12 12 8 8 8 4 4 4 3 3 2 9 9 12 12 24 32 32 30 23 23 26 26 28 19 19 11 7 7 7 7 9 9 9 9
 4 4 4 4 4 3 4 4 5 5 7 8 8 7 8 8 5 5 3 3 3 1 8 8 7 7 10 10 10 21 18 18 20 20 20 27 27 18 11 11 8 8 11 10 10 8
 4 4 4 4 4 3 4 4 5 5 7 8 8 7 8 8 5 5 3 3 3 1 8 8 7 7 10 10 10 21 18 18 20 20 20 27 27 18 11 11 8 8 11 10 10 8
 4 4 4 4 4 4 5 5 6 6 9 10 10 7 9 9 8 8 5 4 4 2 2 2 7 7 9 12 12 14 27 27 27 27 29 38 38 50 17 17 17 17 12 9 9 9
 4 4 4 4 4 4 5 5 6 6 9 10 10 7 9 9 8 8 5 4 4 2 2 2 7 7 9 12 12 14 27 27 27 27 29 38 38 50 17 17 17 17 12 9 9 9
 2 2 3 3 3 3 4 4 6 6 9 11 11 11 14 14 11 11 6 3 3 2 1 1 2 2 7 9 9 10 19 19 28 28 28 32 32 28 16 16 16 16 10 6 6 10
 1 1 2 3 3 3 3 3 4 4 8 8 8 6 4 4 3 3 3 5 5 2 2 2 3 3 6 8 8 13 30 30 36 36 36 27 27 24 14 14 11 11 8 6 6 5
 1 1 2 3 3 3 3 3 4 4 8 8 8 6 4 4 3 3 3 5 5 2 2 2 3 3 6 8 8 13 30 30 36 36 36 27 27 24 14 14 11 11 8 6 6 5
 0 0 1 2 2 2 2 2 2 2 4 5 5 3 1 1 1 1 2 3 3 2 2 2 2 2 6 7 7 10 12 12 16 16 14 29 29 8 6 6 6 6 6 6 6 6
 1 1 1 2 2 2 2 2 2 2 2 4 4 5 3 3 3 3 2 2 2 3 3 3 3 3 3 3 3 3 5 5 6 6 9 5 5 2 1 1 1 1 5 6 6 6
