assets/RAT_results/precipitation/2022-07-31_IMERG.asc
ncols        46
nrows        77
xllcorner    74.800261325624
yllcorner    8.058333333333
cellsize     0.062500000000
NODATA_value -9999
 54 54 52 50 50 49 44 44 35 35 12 7 7 9 12 12 12 12 14 15 15 16 16 16 18 18 23 17 17 15 16 16 19 19 18 17 17 20 26 26 29 29 30 27 27 27
 57 57 56 60 60 62 56 56 49 49 23 12 12 8 10 10 11 11 12 12 12 12 13 13 15 15 22 15 15 15 16 16 18 18 16 17 17 19 25 25 28 28 29 25 25 25
 57 57 56 60 60 62 56 56 49 49 23 12 12 8 10 10 11 11 12 12 12 12 13 13 15 15 22 15 15 15 16 16 18 18 16 17 17 19 25 25 28 28 29 25 25 25
 55 55 54 57 57 57 59 59 50 50 22 15 15 17 18 18 15 15 15 16 16 15 15 15 15 15 20 15 15 14 15 15 15 15 13 13 13 17 20 20 22 22 23 22 22 22
 31 31 53 51 51 43 42 42 35 35 32 27 27 32 35 35 20 20 18 18 18 18 17 17 18 18 23 17 17 14 16 16 14 14 12 14 14 20 23 23 22 22 22 22 22 21
 31 31 53 51 51 43 42 42 35 35 32 27 27 32 35 35 20 20 18 18 18 18 17 17 18 18 23 17 17 14 16 16 14 14 12 14 14 20 23 23 22 22 22 22 22 21
 23 23 26 39 39 42 46 46 42 42 37 26 26 28 20 20 18 18 16 16 16 15 15 15 15 15 20 15 15 16 16 16 15 15 13 13 13 23 25 25 25 25 24 24 24 19
 23 23 26 39 39 42 46 46 42 42 37 26 26 28 20 20 18 18 16 16 16 15 15 15 15 15 20 15 15 16 16 16 15 15 13 13 13 23 25 25 25 25 24 24 24 19
 11 11 17 27 27 39 42 42 40 40 36 29 29 51 17 17 15 15 18 20 20 13 12 12 13 13 16 12 12 11 12 12 11 11 12 12 12 24 26 26 26 26 27 26 26 21
 20 20 8 14 14 29 37 37 34 34 34 38 38 42 15 15 22 22 21 23 23 11 8 8 8 8 9 7 7 8 7 7 9 9 20 35 35 32 22 22 22 22 23 19 19 15
 20 20 8 14 14 29 37 37 34 34 34 38 38 42 15 15 22 22 21 23 23 11 8 8 8 8 9 7 7 8 7 7 9 9 20 35 35 32 22 22 22 22 23 19 19 15
 19 19 5 5 5 14 23 23 25 25 39 56 56 45 21 21 20 20 12 15 15 9 6 6 5 5 5 4 4 5 6 6 8 8 19 31 31 19 20 20 19 19 19 16 16 14
 6 6 7 4 4 9 12 12 29 29 44 49 49 36 30 30 11 11 8 10 10 8 6 6 5 5 10 4 4 5 6 6 8 8 8 19 19 21 21 21 22 22 25 22 22 18
 6 6 7 4 4 9 12 12 29 29 44 49 49 36 30 30 11 11 8 10 10 8 6 6 5 5 10 4 4 5 6 6 8 8 8 19 19 21 21 21 22 22 25 22 22 18
 10 10 10 9 9 3 8 8 14 14 17 27 27 20 32 32 11 11 13 13 13 14 12 12 12 12 12 7 7 7 8 8 9 9 10 23 23 23 27 27 28 28 32 28 28 26
 10 10 10 9 9 3 8 8 14 14 17 27 27 20 32 32 11 11 13 13 13 14 12 12 12 12 12 7 7 7 8 8 9 9 10 23 23 23 27 27 28 28 32 28 28 26
 11 11 12 9 9 7 4 4 14 14 20 24 24 8 10 10 10 10 12 11 11 14 12 12 12 12 16 12 12 14 14 14 15 15 17 21 21 21 25 25 28 28 31 26 26 29
 14 14 14 10 10 8 5 5 4 4 12 10 10 17 11 11 12 12 14 16 16 15 14 14 17 17 19 12 12 12 12 12 13 13 16 17 17 19 21 21 21 21 22 20 20 22
 14 14 14 10 10 8 5 5 4 4 12 10 10 17 11 11 12 12 14 16 16 15 14 14 17 17 19 12 12 12 12 12 13 13 16 17 17 19 21 21 21 21 22 20 20 22
 14 14 12 12 12 11 8 8 6 6 7 13 13 13 9 9 14 14 13 15 15 14 12 12 14 14 16 12 12 12 10 10 13 13 16 21 21 21 28 28 28 28 25 18 18 19
 15 15 16 16 16 13 13 13 10 10 8 15 15 19 15 15 15 15 12 14 14 12 11 11 11 11 11 10 10 8 9 9 15 15 19 20 20 19 27 27 28 28 34 19 19 19
 15 15 16 16 16 13 13 13 10 10 8 15 15 19 15 15 15 15 12 14 14 12 11 11 11 11 11 10 10 8 9 9 15 15 19 20 20 19 27 27 28 28 34 19 19 19
 12 12 15 15 15 14 15 15 14 14 13 17 17 24 22 22 24 24 18 16 16 13 13 13 10 10 6 8 8 9 10 10 18 18 16 19 19 27 25 25 24 24 30 32 32 15
 12 12 15 15 15 14 15 15 14 14 13 17 17 24 22 22 24 24 18 16 16 13 13 13 10 10 6 8 8 9 10 10 18 18 16 19 19 27 25 25 24 24 30 32 32 15
 9 9 9 11 11 11 13 13 11 11 13 13 13 26 34 34 38 38 22 18 18 14 7 7 5 5 4 6 6 9 7 7 9 9 10 14 14 24 20 20 32 32 31 32 32 14
 6 6 6 9 9 9 10 10 9 9 8 9 9 14 16 16 24 24 18 15 15 8 5 5 3 3 5 3 3 8 7 7 8 8 8 8 8 12 16 16 31 31 19 47 47 25
 6 6 6 9 9 9 10 10 9 9 8 9 9 14 16 16 24 24 18 15 15 8 5 5 3 3 5 3 3 8 7 7 8 8 8 8 8 12 16 16 31 31 19 47 47 25
 8 8 6 7 7 7 7 7 6 6 5 6 6 5 8 8 16 16 12 12 12 8 6 6 5 5 5 5 5 6 7 7 9 9 7 8 8 9 11 11 14 14 14 44 44 26
 7 7 6 6 6 6 6 6 5 5 5 5 5 6 6 6 13 13 12 13 13 12 10 10 7 7 6 5 5 7 9 9 9 9 9 9 9 11 12 12 11 11 10 9 9 9
 7 7 6 6 6 6 6 6 5 5 5 5 5 6 6 6 13 13 12 13 13 12 10 10 7 7 6 5 5 7 9 9 9 9 9 9 9 11 12 12 11 11 10 9 9 9
 7 7 7 6 6 6 9 9 5 5 5 5 5 5 4 4 9 9 8 7 7 8 8 8 8 8 6 6 6 6 9 9 11 11 12 13 13 16 17 17 16 16 12 9 9 8
 7 7 7 6 6 6 9 9 5 5 5 5 5 5 4 4 9 9 8 7 7 8 8 8 8 8 6 6 6 6 9 9 11 11 12 13 13 16 17 17 16 16 12 9 9 8
 8 8 7 6 6 6 6 6 5 5 5 4 4 3 2 2 4 4 5 4 4 5 7 7 6 6 4 3 3 4 6 6 8 8 10 12 12 15 16 16 24 24 20 10 10 10
 10 10 9 8 8 7 6 6 6 6 5 4 4 4 3 3 2 2 4 4 4 4 8 8 4 4 3 2 2 2 3 3 5 5 7 12 12 23 19 19 13 13 17 13 13 16
 10 10 9 8 8 7 6 6 6 6 5 4 4 4 3 3 2 2 4 4 4 4 8 8 4 4 3 2 2 2 3 3 5 5 7 12 12 23 19 19 13 13 17 13 13 16
 18 18 12 9 9 9 12 12 12 12 11 10 10 14 13 13 3 3 5 5 5 5 6 6 5 5 6 4 4 3 4 4 4 4 5 9 9 5 10 10 11 11 14 12 12 15
 23 23 20 21 21 21 20 20 26 26 15 14 14 17 16 16 16 16 15 21 21 21 18 18 6 6 6 8 8 8 9 9 10 10 10 7 7 5 10 10 10 10 20 16 16 13
 23 23 20 21 21 21 20 20 26 26 15 14 14 17 16 16 16 16 15 21 21 21 18 18 6 6 6 8 8 8 9 9 10 10 10 7 7 5 10 10 10 10 20 16 16 13
 20 20 18 22 22 25 31 31 29 29 29 45 45 42 39 39 36 36 35 22 22 23 20 20 19 19 21 20 20 12 10 10 14 14 23 21 21 21 21 21 17 17 21 17 17 28
 20 20 18 22 22 25 31 31 29 29 29 45 45 42 39 39 36 36 35 22 22 23 20 20 19 19 21 20 20 12 10 10 14 14 23 21 21 21 21 21 17 17 21 17 17 28
 16 16 19 20 20 22 34 34 34 34 35 54 54 52 39 39 39 39 42 45 45 37 35 35 35 35 24 17 17 17 24 24 24 24 25 29 29 23 34 34 35 35 41 39 39 52
 15 15 17 15 15 16 26 26 30 30 34 55 55 53 49 49 71 71 75 72 72 38 37 37 39 39 40 21 21 25 25 25 28 28 27 27 27 26 28 28 34 34 29 48 48 52
 15 15 17 15 15 16 26 26 30 30 34 55 55 53 49 49 71 71 75 72 72 38 37 37 39 39 40 21 21 25 25 25 28 28 27 27 27 26 28 28 34 34 29 48 48 52
 25 25 36 46 46 47 28 28 27 27 28 46 46 44 50 50 54 54 71 71 71 41 45 45 47 47 46 26 26 27 28 28 28 28 21 18 18 23 25 25 29 29 29 47 47 47
 34 34 37 49 49 61 40 40 55 55 48 46 46 45 58 58 58 58 56 57 57 31 43 43 52 52 55 27 27 31 26 26 20 20 15 19 19 23 19 19 27 27 29 41 41 40
 34 34 37 49 49 61 40 40 55 55 48 46 46 45 58 58 58 58 56 57 57 31 43 43 52 52 55 27 27 31 26 26 20 20 15 19 19 23 19 19 27 27 29 41 41 40
 45 45 36 33 33 50 60 60 61 61 56 48 48 50 61 61 61 61 57 32 32 34 37 37 59 59 40 34 34 36 31 31 27 27 24 22 22 17 16 16 24 24 29 39 39 38
 45 45 36 33 33 50 60 60 61 61 56 48 48 50 61 61 61 61 57 32 32 34 37 37 59 59 40 34 34 36 31 31 27 27 24 22 22 17 16 16 24 24 29 39 39 38
 52 52 38 34 34 44 84 84 88 88 101 99 99 54 84 84 59 59 56 29 29 32 37 37 61 61 45 41 41 37 33 33 31 31 40 23 23 17 15 15 17 17 16 41 41 44
 66 66 55 43 43 48 50 50 112 112 136 73 73 71 92 92 82 82 78 43 43 44 35 35 53 53 38 35 35 41 43 43 39 39 39 24 24 18 15 15 17 17 17 13 13 36
 66 66 55 43 43 48 50 50 112 112 136 73 73 71 92 92 82 82 78 43 43 44 35 35 53 53 38 35 35 41 43 43 39 39 39 24 24 18 15 15 17 17 17 13 13 36
 60 60 62 65 65 77 76 76 103 103 109 155 155 157 117 117 107 107 84 45 45 44 44 44 54 54 32 32 32 40 45 45 41 41 29 22 22 8 7 7 7 7 11 13 13 14
 81 81 68 70 70 76 81 81 152 152 180 223 223 158 118 118 112 112 98 92 92 88 91 91 37 37 38 43 43 52 50 50 37 37 26 17 17 7 7 7 4 4 4 6 6 6
 81 81 68 70 70 76 81 81 152 152 180 223 223 158 118 118 112 112 98 92 92 88 91 91 37 37 38 43 43 52 50 50 37 37 26 17 17 7 7 7 4 4 4 6 6 6
 73 73 78 86 86 83 81 81 162 162 166 284 284 223 192 192 119 119 96 90 90 92 95 95 35 35 32 42 42 57 55 55 56 56 25 8 8 3 6 6 8 8 6 5 5 6
 73 73 78 86 86 83 81 81 162 162 166 284 284 223 192 192 119 119 96 90 90 92 95 95 35 35 32 42 42 57 55 55 56 56 25 8 8 3 6 6 8 8 6 5 5 6
 74 74 82 82 82 77 68 68 121 121 141 221 221 168 70 70 120 120 92 107 107 104 109 109 44 44 41 44 44 52 60 60 49 49 25 18 18 6 14 14 6 6 4 5 5 5
 73 73 74 71 71 71 62 62 41 41 52 60 60 75 69 69 62 62 51 69 69 69 112 112 63 63 45 45 45 53 61 61 60 60 34 21 21 14 14 14 6 6 7 4 4 2
 73 73 74 71 71 71 62 62 41 41 52 60 60 75 69 69 62 62 51 69 69 69 112 112 63 63 45 45 45 53 61 61 60 60 34 21 21 14 14 14 6 6 7 4 4 2
 90 90 73 51 51 40 37 37 35 35 44 56 56 47 43 43 34 34 28 49 49 59 55 55 63 63 45 45 45 50 53 53 56 56 38 27 27 15 14 14 16 16 19 14 14 5
 83 83 63 39 39 30 29 29 30 30 43 48 48 38 36 36 26 26 25 27 27 29 19 19 35 35 41 39 39 46 47 47 49 49 38 26 26 29 19 19 26 26 30 20 20 5
 83 83 63 39 39 30 29 29 30 30 43 48 48 38 36 36 26 26 25 27 27 29 19 19 35 35 41 39 39 46 47 47 49 49 38 26 26 29 19 19 26 26 30 20 20 5
 66 66 45 35 35 29 33 33 40 40 36 41 41 40 28 28 18 18 17 21 21 23 16 16 32 32 25 29 29 37 42 42 40 40 37 37 37 29 19 19 37 37 28 20 20 4
 66 66 45 35 35 29 33 33 40 40 36 41 41 40 28 28 18 18 17 21 21 23 16 16 32 32 25 29 29 37 42 42 40 40 37 37 37 29 19 19 37 37 28 20 20 4
 53 53 35 34 34 38 35 35 28 28 26 31 31 37 33 33 18 18 15 18 18 16 14 14 24 24 30 55 55 34 36 36 34 34 32 39 39 39 23 23 26 26 14 9 9 3
 26 26 28 23 23 27 26 26 22 22 22 23 23 27 22 22 16 16 14 17 17 15 20 20 21 21 32 61 61 41 38 38 44 44 45 48 48 40 22 22 19 19 14 12 12 4
 26 26 28 23 23 27 26 26 22 22 22 23 23 27 22 22 16 16 14 17 17 15 20 20 21 21 32 61 61 41 38 38 44 44 45 48 48 40 22 22 19 19 14 12 12 4
 34 34 34 27 27 26 24 24 21 21 22 21 21 20 17 17 15 15 12 14 14 15 21 21 17 17 29 53 53 60 50 50 52 52 53 46 46 36 30 30 19 19 14 10 10 3
 28 28 28 88 88 26 27 27 27 27 22 18 18 16 13 13 15 15 12 11 11 13 11 11 12 12 24 26 26 36 37 37 36 36 42 37 37 29 28 28 13 13 11 7 7 2
 28 28 28 88 88 26 27 27 27 27 22 18 18 16 13 13 15 15 12 11 11 13 11 11 12 12 24 26 26 36 37 37 36 36 42 37 37 29 28 28 13 13 11 7 7 2
 113 113 83 83 83 22 23 23 23 23 22 16 16 12 10 10 10 10 10 11 11 23 21 21 18 18 16 15 15 21 28 28 26 26 33 27 27 22 19 19 14 14 7 2 2 0
 113 113 83 83 83 22 23 23 23 23 22 16 16 12 10 10 10 10 10 11 11 23 21 21 18 18 16 15 15 21 28 28 26 26 33 27 27 22 19 19 14 14 7 2 2 0
 105 105 82 82 82 38 39 39 20 20 16 13 13 8 10 10 11 11 12 33 33 46 53 53 44 44 25 20 20 21 23 23 27 27 33 26 26 20 15 15 6 6 5 1 1 0
 118 118 83 84 84 37 36 36 23 23 22 20 20 12 12 12 14 14 15 48 48 46 46 46 44 44 29 24 24 26 21 21 19 19 16 17 17 16 10 10 6 6 3 0 0 0
 118 118 83 84 84 37 36 36 23 23 22 20 20 12 12 12 14 14 15 48 48 46 46 46 44 44 29 24 24 26 21 21 19 19 16 17 17 16 10 10 6 6 3 0 0 0
 102 102 93 69 69 37 46 46 36 36 30 22 22 20 19 19 18 18 17 38 38 33 24 24 20 20 20 19 19 17 13 13 8 8 5 3 3 4 5 5 4 4 2 0 0 0
 90 90 89 84 84 131 75 75 38 38 40 25 25 23 22 22 19 19 17 30 30 32 24 24 18 18 16 14 14 12 10 10 6 6 3 1 1 3 1 1 1 1 0 0 0 0
