assets/RAT_results/precipitation/2022-07-02_IMERG.asc
ncols        46
nrows        77
xllcorner    74.800261325624
yllcorner    8.058333333333
cellsize     0.062500000000
NODATA_value -9999
 16 16 14 12 12 10 19 19 18 18 10 7 7 11 22 22 13 13 8 8 8 2 2 2 2 2 1 3 3 4 1 1 0 0 0 0 0 1 1 1 0 0 0 0 0 0
 17 17 12 11 11 9 20 20 19 19 23 27 27 28 28 28 24 24 13 12 12 2 2 2 2 2 0 0 0 1 0 0 0 0 0 1 1 4 3 3 1 1 0 0 0 0
 17 17 12 11 11 9 20 20 19 19 23 27 27 28 28 28 24 24 13 12 12 2 2 2 2 2 0 0 0 1 0 0 0 0 0 1 1 4 3 3 1 1 0 0 0 0
 20 20 12 12 12 12 21 21 25 25 29 34 34 33 29 29 24 24 14 12 12 3 2 2 0 0 0 0 0 0 0 0 0 0 0 0 0 1 1 1 0 0 0 0 0 0
 11 11 16 15 15 15 21 21 23 23 32 38 38 39 37 37 13 13 10 8 8 1 0 0 0 0 0 0 0 0 0 0 0 0 1 1 1 0 0 0 0 0 0 0 0 0
 11 11 16 15 15 15 21 21 23 23 32 38 38 39 37 37 13 13 10 8 8 1 0 0 0 0 0 0 0 0 0 0 0 0 1 1 1 0 0 0 0 0 0 0 0 0
 12 12 14 21 21 20 26 26 23 23 31 36 36 28 22 22 7 7 8 1 1 0 0 0 0 0 0 0 0 0 0 0 0 0 0 0 0 0 0 0 0 0 0 0 0 0
 12 12 14 21 21 20 26 26 23 23 31 36 36 28 22 22 7 7 8 1 1 0 0 0 0 0 0 0 0 0 0 0 0 0 0 0 0 0 0 0 0 0 0 0 0 0
 14 14 14 18 18 23 23 23 25 25 26 27 27 21 16 16 5 5 4 1 1 0 0 0 0 0 0 0 0 0 0 0 0 0 0 0 0 0 0 0 0 0 0 0 0 0
 11 11 14 20 20 17 24 24 24 24 20 16 16 13 12 12 4 4 4 1 1 0 0 0 0 0 0 0 0 0 0 0 0 0 0 0 0 0 0 0 0 0 0 0 0 0
 11 11 14 20 20 17 24 24 24 24 20 16 16 13 12 12 4 4 4 1 1 0 0 0 0 0 0 0 0 0 0 0 0 0 0 0 0 0 0 0 0 0 0 0 0 0
 13 13 8 9 9 16 15 15 16 16 14 8 8 7 3 3 4 4 4 1 1 1 0 0 0 0 0 0 0 0 0 0 0 0 0 0 0 0 0 0 0 0 0 0 0 0
 12 12 9 9 9 13 9 9 8 8 15 11 11 9 6 6 4 4 2 1 1 1 0 0 0 0 0 0 0 0 0 0 0 0 0 0 0 0 0 0 0 0 0 0 0 0
 12 12 9 9 9 13 9 9 8 8 15 11 11 9 6 6 4 4 2 1 1 1 0 0 0 0 0 0 0 0 0 0 0 0 0 0 0 0 0 0 0 0 0 0 0 0
 6 6 7 8 8 7 10 10 13 13 12 15 15 13 14 14 8 8 4 1 1 1 1 1 1 1 0 0 0 0 0 0 0 0 0 0 0 0 0 0 0 0 0 0 0 0
 6 6 7 8 8 7 10 10 13 13 12 15 15 13 14 14 8 8 4 1 1 1 1 1 1 1 0 0 0 0 0 0 0 0 0 0 0 0 0 0 0 0 0 0 0 0
 4 4 6 6 6 6 8 8 12 12 8 11 11 12 10 10 7 7 5 4 4 1 2 2 2 2 1 0 0 0 0 0 0 0 0 0 0 0 0 0 0 0 0 0 0 0
 2 2 2 3 3 4 7 7 9 9 9 5 5 9 6 6 4 4 6 5 5 6 3 3 1 1 1 1 1 0 1 1 0 0 0 0 0 0 0 0 0 0 0 0 0 0
 2 2 2 3 3 4 7 7 9 9 9 5 5 9 6 6 4 4 6 5 5 6 3 3 1 1 1 1 1 0 1 1 0 0 0 0 0 0 0 0 0 0 0 0 0 0
 1 1 1 2 2 4 8 8 7 7 5 5 5 5 3 3 5 5 6 6 6 6 6 6 3 3 4 3 3 1 1 1 1 1 0 0 0 0 0 0 0 0 0 0 0 0
 0 0 1 1 1 9 10 10 13 13 10 5 5 3 3 3 6 6 6 6 6 4 4 4 1 1 1 3 3 1 1 1 0 0 0 0 0 0 0 0 1 1 0 0 0 0
 0 0 1 1 1 9 10 10 13 13 10 5 5 3 3 3 6 6 6 6 6 4 4 4 1 1 1 3 3 1 1 1 0 0 0 0 0 0 0 0 1 1 0 0 0 0
 0 0 0 1 1 1 2 2 6 6 10 6 6 2 2 2 3 3 4 3 3 5 5 5 4 4 3 2 2 1 1 1 1 1 1 0 0 0 0 0 0 0 0 0 0 0
 0 0 0 1 1 1 2 2 6 6 10 6 6 2 2 2 3 3 4 3 3 5 5 5 4 4 3 2 2 1 1 1 1 1 1 0 0 0 0 0 0 0 0 0 0 0
 0 0 0 1 1 1 1 1 2 2 4 3 3 3 2 2 3 3 4 4 4 4 5 5 3 3 2 1 1 1 1 1 1 1 1 1 1 0 0 0 0 0 0 0 0 0
 6 6 3 2 2 2 1 1 2 2 2 2 2 2 2 2 2 2 3 3 3 3 2 2 1 1 1 1 1 1 0 0 0 0 1 2 2 1 0 0 0 0 0 0 0 0
 6 6 3 2 2 2 1 1 2 2 2 2 2 2 2 2 2 2 3 3 3 3 2 2 1 1 1 1 1 1 0 0 0 0 1 2 2 1 0 0 0 0 0 0 0 0
 6 6 3 7 7 1 1 1 1 1 2 3 3 2 5 5 6 6 2 3 3 3 1 1 1 1 1 1 1 1 0 0 0 0 1 1 1 0 0 0 0 0 0 1 1 0
 6 6 7 6 6 1 1 1 1 1 3 4 4 4 6 6 6 6 5 5 5 5 1 1 1 1 1 1 1 1 0 0 0 0 0 0 0 0 0 0 0 0 0 0 0 0
 6 6 7 6 6 1 1 1 1 1 3 4 4 4 6 6 6 6 5 5 5 5 1 1 1 1 1 1 1 1 0 0 0 0 0 0 0 0 0 0 0 0 0 0 0 0
 6 6 3 3 3 1 1 1 1 1 3 5 5 4 3 3 2 2 5 5 5 4 1 1 1 1 0 1 1 0 0 0 0 0 0 0 0 0 0 0 0 0 0 0 0 0
 6 6 3 3 3 1 1 1 1 1 3 5 5 4 3 3 2 2 5 5 5 4 1 1 1 1 0 1 1 0 0 0 0 0 0 0 0 0 0 0 0 0 0 0 0 0
 6 6 3 3 3 1 1 1 3 3 3 6 6 2 6 6 2 2 5 5 5 3 2 2 2 2 0 0 0 0 0 0 0 0 0 0 0 0 0 0 0 0 0 0 0 0
 5 5 6 1 1 1 1 1 3 3 4 9 9 7 6 6 1 1 1 1 1 1 1 1 2 2 0 0 0 0 0 0 0 0 0 0 0 0 0 0 0 0 0 0 0 0
 5 5 6 1 1 1 1 1 3 3 4 9 9 7 6 6 1 1 1 1 1 1 1 1 2 2 0 0 0 0 0 0 0 0 0 0 0 0 0 0 0 0 0 0 0 0
 6 6 5 1 1 1 1 1 1 1 5 9 9 15 10 10 2 2 2 1 1 3 5 5 4 4 2 1 1 0 0 0 0 0 0 0 0 0 0 0 0 0 1 1 1 1
 48 48 7 1 1 1 2 2 2 2 9 12 12 14 10 10 2 2 2 2 2 3 4 4 5 5 3 3 3 2 0 0 0 0 0 0 0 0 0 0 0 0 0 0 0 0
 48 48 7 1 1 1 2 2 2 2 9 12 12 14 10 10 2 2 2 2 2 3 4 4 5 5 3 3 3 2 0 0 0 0 0 0 0 0 0 0 0 0 0 0 0 0
 57 57 35 31 31 7 2 2 2 2 3 12 12 14 15 15 5 5 3 2 2 2 2 2 3 3 3 4 4 2 2 2 1 1 0 0 0 0 0 0 0 0 0 0 0 3
 57 57 35 31 31 7 2 2 2 2 3 12 12 14 15 15 5 5 3 2 2 2 2 2 3 3 3 4 4 2 2 2 1 1 0 0 0 0 0 0 0 0 0 0 0 3
 60 60 30 31 31 7 8 8 8 8 8 5 5 7 9 9 6 6 3 2 2 0 1 1 3 3 3 7 7 6 6 6 1 1 0 0 0 0 0 0 0 0 0 0 0 1
 7 7 18 16 16 8 8 8 8 8 7 9 9 11 11 11 6 6 3 1 1 0 1 1 2 2 4 4 4 7 6 6 2 2 2 1 1 0 0 0 0 0 0 0 0 0
 7 7 18 16 16 8 8 8 8 8 7 9 9 11 11 11 6 6 3 1 1 0 1 1 2 2 4 4 4 7 6 6 2 2 2 1 1 0 0 0 0 0 0 0 0 0
 6 6 7 6 6 6 5 5 8 8 7 9 9 11 5 5 8 8 5 3 3 1 3 3 3 3 1 4 4 4 3 3 3 3 3 1 1 0 0 0 0 0 0 0 0 0
 8 8 8 6 6 6 7 7 8 8 8 8 8 9 5 5 8 8 5 5 5 2 2 2 2 2 1 2 2 6 4 4 3 3 3 1 1 0 0 0 0 0 0 0 0 0
 8 8 8 6 6 6 7 7 8 8 8 8 8 9 5 5 8 8 5 5 5 2 2 2 2 2 1 2 2 6 4 4 3 3 3 1 1 0 0 0 0 0 0 0 0 0
 10 10 8 8 8 5 7 7 9 9 8 4 4 3 4 4 7 7 8 5 5 5 4 4 4 4 4 5 5 9 12 12 9 9 7 1 1 0 0 0 0 0 0 0 0 0
 10 10 8 8 8 5 7 7 9 9 8 4 4 3 4 4 7 7 8 5 5 5 4 4 4 4 4 5 5 9 12 12 9 9 7 1 1 0 0 0 0 0 0 0 0 0
 9 9 7 7 7 5 7 7 6 6 6 4 4 3 4 4 4 4 6 4 4 3 2 2 3 3 2 3 3 6 11 11 8 8 6 10 10 1 2 2 0 0 0 0 0 0
 7 7 7 7 7 5 7 7 11 11 11 10 10 9 4 4 4 4 6 3 3 3 2 2 2 2 2 1 1 3 3 3 3 3 10 15 15 7 2 2 0 0 0 0 0 0
 7 7 7 7 7 5 7 7 11 11 11 10 10 9 4 4 4 4 6 3 3 3 2 2 2 2 2 1 1 3 3 3 3 3 10 15 15 7 2 2 0 0 0 0 0 0
 18 18 16 4 4 20 11 11 13 13 11 15 15 12 10 10 5 5 3 3 3 3 2 2 2 2 2 1 1 1 4 4 9 9 10 4 4 10 4 4 0 0 0 0 0 0
 17 17 16 4 4 21 23 23 25 25 28 27 27 21 16 16 9 9 5 4 4 3 4 4 1 1 1 2 2 1 4 4 9 9 10 4 4 10 4 4 0 0 0 0 0 0
 17 17 16 4 4 21 23 23 25 25 28 27 27 21 16 16 9 9 5 4 4 3 4 4 1 1 1 2 2 1 4 4 9 9 10 4 4 10 4 4 0 0 0 0 0 0
 9 9 15 9 9 25 27 27 39 39 45 38 38 30 34 34 29 29 7 3 3 3 7 7 1 1 1 2 2 1 2 2 3 3 3 4 4 3 0 0 0 0 0 0 0 0
 9 9 15 9 9 25 27 27 39 39 45 38 38 30 34 34 29 29 7 3 3 3 7 7 1 1 1 2 2 1 2 2 3 3 3 4 4 3 0 0 0 0 0 0 0 0
 15 15 13 22 22 27 29 29 42 42 47 63 63 56 40 40 55 55 25 15 15 9 9 9 1 1 1 2 2 6 5 5 2 2 0 0 0 0 0 0 0 0 0 0 0 0
 19 19 18 23 23 23 39 39 45 45 46 71 71 71 62 62 50 50 33 16 16 10 9 9 8 8 2 2 2 2 2 2 4 4 1 1 1 0 0 0 0 0 0 0 0 0
 19 19 18 23 23 23 39 39 45 45 46 71 71 71 62 62 50 50 33 16 16 10 9 9 8 8 2 2 2 2 2 2 4 4 1 1 1 0 0 0 0 0 0 0 0 0
 23 23 22 12 12 10 37 37 43 43 59 72 72 68 65 65 46 46 38 27 27 23 11 11 9 9 1 2 2 2 4 4 1 1 1 2 2 1 0 0 0 0 0 0 0 0
 18 18 15 10 10 8 31 31 32 32 54 70 70 70 85 85 63 63 44 39 39 20 8 8 7 7 1 1 1 1 1 1 1 1 1 1 1 4 0 0 0 0 0 2 2 0
 18 18 15 10 10 8 31 31 32 32 54 70 70 70 85 85 63 63 44 39 39 20 8 8 7 7 1 1 1 1 1 1 1 1 1 1 1 4 0 0 0 0 0 2 2 0
 14 14 14 12 12 13 9 9 12 12 44 55 55 55 70 70 70 70 49 45 45 33 11 11 9 9 8 1 1 0 0 0 0 0 1 1 1 3 0 0 0 0 3 3 3 0
 14 14 14 12 12 13 9 9 12 12 44 55 55 55 70 70 70 70 49 45 45 33 11 11 9 9 8 1 1 0 0 0 0 0 1 1 1 3 0 0 0 0 3 3 3 0
 13 13 14 16 16 13 12 12 11 11 33 35 35 45 47 47 50 50 49 34 34 32 18 18 9 9 5 1 1 0 1 1 1 1 1 1 1 0 0 0 0 0 4 0 0 0
 10 10 12 15 15 15 18 18 19 19 25 20 20 29 40 40 49 49 46 32 32 20 20 20 9 9 2 2 2 2 3 3 2 2 1 0 0 0 0 0 1 1 0 0 0 0
 10 10 12 15 15 15 18 18 19 19 25 20 20 29 40 40 49 49 46 32 32 20 20 20 9 9 2 2 2 2 3 3 2 2 1 0 0 0 0 0 1 1 0 0 0 0
 9 9 9 12 12 13 12 12 21 21 21 17 17 25 30 30 30 30 41 30 30 26 26 26 8 8 8 3 3 3 1 1 1 1 0 0 0 0 3 3 4 4 0 0 0 0
 23 23 23 14 14 14 15 15 20 20 19 17 17 23 28 28 42 42 40 30 30 23 17 17 17 17 10 7 7 8 1 1 1 1 1 1 1 0 0 0 3 3 3 0 0 0
 23 23 23 14 14 14 15 15 20 20 19 17 17 23 28 28 42 42 40 30 30 23 17 17 17 17 10 7 7 8 1 1 1 1 1 1 1 0 0 0 3 3 3 0 0 0
 24 24 24 27 27 24 25 25 45 45 21 24 24 23 25 25 34 34 27 26 26 31 32 32 16 16 17 17 17 5 2 2 1 1 1 4 4 1 0 0 0 0 0 0 0 0
 24 24 24 27 27 24 25 25 45 45 21 24 24 23 25 25 34 34 27 26 26 31 32 32 16 16 17 17 17 5 2 2 1 1 1 4 4 1 0 0 0 0 0 0 0 0
 32 32 34 34 34 36 49 49 48 48 41 27 27 29 31 31 36 36 34 41 41 37 32 32 17 17 14 23 23 11 3 3 3 3 0 0 0 0 0 0 0 0 0 0 0 0
 27 27 34 36 36 40 28 28 33 33 97 92 92 25 33 33 33 33 33 52 52 51 41 41 20 20 19 21 21 7 6 6 3 3 1 1 1 0 0 0 0 0 0 1 1 0
 27 27 34 36 36 40 28 28 33 33 97 92 92 25 33 33 33 33 33 52 52 51 41 41 20 20 19 21 21 7 6 6 3 3 1 1 1 0 0 0 0 0 0 1 1 0
 25 25 29 35 35 37 32 32 33 33 96 92 92 89 41 41 40 40 39 43 43 31 21 21 21 21 19 28 28 8 6 6 9 9 4 1 1 1 0 0 0 0 0 0 0 1
 16 16 18 23 23 31 33 33 34 34 32 58 58 88 42 42 41 41 41 43 43 36 34 34 33 33 19 18 18 19 10 10 3 3 2 1 1 2 0 0 0 0 0 0 0 0
