assets/RAT_results/precipitation/2022-06-21_IMERG.asc
ncols        46
nrows        77
xllcorner    74.800261325624
yllcorner    8.058333333333
cellsize     0.062500000000
NODATA_value -9999
 42 42 31 22 22 17 21 21 12 12 13 14 14 12 14 14 7 7 6 3 3 3 3 3 2 2 1 1 1 1 1 1 1 1 1 1 1 1 1 1 1 1 1 2 2 2
 38 38 28 28 28 24 20 20 23 23 13 9 9 12 11 11 16 16 9 4 4 3 2 2 2 2 2 1 1 1 2 2 2 2 2 2 2 2 2 2 2 2 1 1 1 1
 38 38 28 28 28 24 20 20 23 23 13 9 9 12 11 11 16 16 9 4 4 3 2 2 2 2 2 1 1 1 2 2 2 2 2 2 2 2 2 2 2 2 1 1 1 1
 42 42 26 23 23 19 15 15 20 20 22 29 29 26 21 21 20 20 8 4 4 4 4 4 2 2 3 3 3 3 4 4 5 5 6 6 6 4 3 3 2 2 2 2 2 2
 42 42 21 21 21 22 22 22 17 17 17 15 15 17 15 15 10 10 7 3 3 4 4 4 3 3 3 3 3 4 5 5 5 5 7 7 7 5 5 5 4 4 2 2 2 3
 42 42 21 21 21 22 22 22 17 17 17 15 15 17 15 15 10 10 7 3 3 4 4 4 3 3 3 3 3 4 5 5 5 5 7 7 7 5 5 5 4 4 2 2 2 3
 34 34 31 34 34 24 20 20 20 20 12 12 12 10 10 10 8 8 5 1 1 2 2 2 3 3 3 3 3 3 3 3 4 4 4 4 4 4 3 3 3 3 2 2 2 2
 34 34 31 34 34 24 20 20 20 20 12 12 12 10 10 10 8 8 5 1 1 2 2 2 3 3 3 3 3 3 3 3 4 4 4 4 4 4 3 3 3 3 2 2 2 2
 36 36 29 31 31 19 17 17 15 15 10 8 8 10 6 6 5 5 4 1 1 2 1 1 1 1 2 2 2 1 1 1 2 2 2 1 1 1 1 1 1 1 1 1 1 1
 45 45 40 28 28 23 15 15 14 14 9 10 10 5 4 4 2 2 2 2 2 2 1 1 1 1 1 1 1 1 1 1 1 1 1 1 1 1 1 1 1 1 1 1 1 1
 45 45 40 28 28 23 15 15 14 14 9 10 10 5 4 4 2 2 2 2 2 2 1 1 1 1 1 1 1 1 1 1 1 1 1 1 1 1 1 1 1 1 1 1 1 1
 48 48 19 19 19 24 13 13 13 13 10 4 4 4 3 3 2 2 2 2 2 2 4 4 4 4 2 2 2 1 3 3 4 4 2 2 2 1 1 1 1 1 1 1 1 1
 48 48 12 17 17 25 16 16 15 15 13 6 6 3 2 2 2 2 3 2 2 5 2 2 2 2 4 2 2 2 2 2 2 2 1 1 1 1 1 1 1 1 1 2 2 2
 48 48 12 17 17 25 16 16 15 15 13 6 6 3 2 2 2 2 3 2 2 5 2 2 2 2 4 2 2 2 2 2 2 2 1 1 1 1 1 1 1 1 1 2 2 2
 27 27 17 9 9 6 16 16 21 21 11 6 6 3 4 4 3 3 6 5 5 3 2 2 3 3 6 3 3 2 1 1 1 1 1 2 2 2 3 3 3 3 3 4 4 4
 27 27 17 9 9 6 16 16 21 21 11 6 6 3 4 4 3 3 6 5 5 3 2 2 3 3 6 3 3 2 1 1 1 1 1 2 2 2 3 3 3 3 3 4 4 4
 18 18 12 7 7 5 7 7 11 11 8 6 6 7 7 7 4 4 6 3 3 2 5 5 4 4 3 2 2 1 1 1 2 2 2 3 3 4 4 4 4 4 6 6 6 7
 10 10 5 4 4 3 4 4 4 4 4 2 2 7 2 2 2 2 2 3 3 2 2 2 2 2 4 2 2 2 2 2 3 3 3 5 5 6 5 5 6 6 6 5 5 8
 10 10 5 4 4 3 4 4 4 4 4 2 2 7 2 2 2 2 2 3 3 2 2 2 2 2 4 2 2 2 2 2 3 3 3 5 5 6 5 5 6 6 6 5 5 8
 8 8 5 6 6 9 4 4 2 2 1 2 2 2 3 3 1 1 2 2 2 1 2 2 2 2 4 4 4 3 3 3 4 4 4 7 7 8 7 7 6 6 6 5 5 6
 12 12 10 9 9 10 9 9 3 3 1 2 2 1 2 2 2 2 3 3 3 3 3 3 3 3 4 6 6 5 4 4 4 4 5 5 5 6 7 7 6 6 5 6 6 6
 12 12 10 9 9 10 9 9 3 3 1 2 2 1 2 2 2 2 3 3 3 3 3 3 3 3 4 6 6 5 4 4 4 4 5 5 5 6 7 7 6 6 5 6 6 6
 19 19 17 13 13 11 13 13 12 12 2 1 1 2 2 2 3 3 4 4 4 3 4 4 3 3 3 5 5 7 5 5 5 5 5 4 4 4 5 5 5 5 5 6 6 6
 19 19 17 13 13 11 13 13 12 12 2 1 1 2 2 2 3 3 4 4 4 3 4 4 3 3 3 5 5 7 5 5 5 5 5 4 4 4 5 5 5 5 5 6 6 6
 24 24 28 17 17 12 16 16 10 10 5 5 5 3 3 3 3 3 5 6 6 6 5 5 4 4 4 5 5 6 5 5 4 4 3 3 3 3 5 5 5 5 5 5 5 4
 26 26 22 19 19 13 11 11 7 7 7 9 9 8 2 2 2 2 5 4 4 4 5 5 5 5 7 5 5 5 5 5 3 3 4 3 3 3 6 6 5 5 4 4 4 3
 26 26 22 19 19 13 11 11 7 7 7 9 9 8 2 2 2 2 5 4 4 4 5 5 5 5 7 5 5 5 5 5 3 3 4 3 3 3 6 6 5 5 4 4 4 3
 20 20 20 13 13 9 7 7 6 6 6 13 13 9 2 2 3 3 4 5 5 4 3 3 3 3 4 5 5 5 5 5 4 4 4 4 4 4 5 5 5 5 4 3 3 3
 20 20 18 15 15 15 9 9 7 7 6 12 12 12 5 5 7 7 5 6 6 6 7 7 6 6 6 5 5 6 5 5 4 4 4 4 4 4 3 3 5 5 5 4 4 4
 20 20 18 15 15 15 9 9 7 7 6 12 12 12 5 5 7 7 5 6 6 6 7 7 6 6 6 5 5 6 5 5 4 4 4 4 4 4 3 3 5 5 5 4 4 4
 22 22 26 14 14 11 14 14 12 12 7 9 9 8 8 8 6 6 5 7 7 6 6 6 6 6 6 6 6 7 6 6 5 5 4 4 4 4 3 3 4 4 4 5 5 4
 22 22 26 14 14 11 14 14 12 12 7 9 9 8 8 8 6 6 5 7 7 6 6 6 6 6 6 6 6 7 6 6 5 5 4 4 4 4 3 3 4 4 4 5 5 4
 31 31 29 18 18 11 16 16 13 13 8 8 8 7 8 8 11 11 12 8 8 9 7 7 5 5 6 6 6 7 7 7 6 6 6 5 5 3 2 2 3 3 4 5 5 4
 23 23 22 11 11 6 8 8 7 7 7 4 4 4 8 8 11 11 12 8 8 8 8 8 5 5 5 7 7 8 6 6 5 5 5 4 4 3 2 2 3 3 5 6 6 3
 23 23 22 11 11 6 8 8 7 7 7 4 4 4 8 8 11 11 12 8 8 8 8 8 5 5 5 7 7 8 6 6 5 5 5 4 4 3 2 2 3 3 5 6 6 3
 10 10 17 11 11 8 4 4 4 4 6 4 4 5 7 7 10 10 12 7 7 7 8 8 4 4 4 4 4 4 3 3 2 2 2 2 2 2 2 2 3 3 4 4 4 2
 7 7 13 17 17 12 6 6 4 4 5 5 5 6 9 9 8 8 8 6 6 7 7 7 4 4 3 3 3 3 1 1 2 2 2 1 1 2 3 3 1 1 2 2 2 2
 7 7 13 17 17 12 6 6 4 4 5 5 5 6 9 9 8 8 8 6 6 7 7 7 4 4 3 3 3 3 1 1 2 2 2 1 1 2 3 3 1 1 2 2 2 2
 6 6 10 20 20 17 6 6 5 5 6 5 5 7 9 9 8 8 5 6 6 4 3 3 2 2 2 2 2 2 1 1 1 1 1 1 1 2 2 2 1 1 1 1 1 2
 6 6 10 20 20 17 6 6 5 5 6 5 5 7 9 9 8 8 5 6 6 4 3 3 2 2 2 2 2 2 1 1 1 1 1 1 1 2 2 2 1 1 1 1 1 2
 8 8 19 18 18 13 6 6 8 8 8 7 7 8 10 10 9 9 5 4 4 3 3 3 2 2 1 2 2 1 1 1 1 1 1 1 1 2 0 0 0 0 1 2 2 3
 9 9 19 24 24 9 6 6 4 4 5 6 6 6 5 5 6 6 5 2 2 3 5 5 3 3 2 2 2 0 1 1 1 1 1 3 3 4 2 2 1 1 2 7 7 4
 9 9 19 24 24 9 6 6 4 4 5 6 6 6 5 5 6 6 5 2 2 3 5 5 3 3 2 2 2 0 1 1 1 1 1 3 3 4 2 2 1 1 2 7 7 4
 13 13 15 19 19 8 5 5 4 4 4 5 5 4 4 4 6 6 5 4 4 8 5 5 4 4 4 1 1 0 5 5 7 7 8 4 4 4 4 4 2 2 2 2 2 2
 10 10 7 6 6 8 5 5 4 4 3 3 3 2 4 4 4 4 4 4 4 6 4 4 4 4 6 3 3 4 4 4 7 7 7 11 11 5 3 3 1 1 1 1 1 1
 10 10 7 6 6 8 5 5 4 4 3 3 3 2 4 4 4 4 4 4 4 6 4 4 4 4 6 3 3 4 4 4 7 7 7 11 11 5 3 3 1 1 1 1 1 1
 4 4 6 6 6 6 8 8 7 7 3 3 3 2 5 5 5 5 4 4 4 7 5 5 5 5 6 2 2 2 4 4 3 3 7 8 8 5 2 2 2 2 0 0 0 0
 4 4 6 6 6 6 8 8 7 7 3 3 3 2 5 5 5 5 4 4 4 7 5 5 5 5 6 2 2 2 4 4 3 3 7 8 8 5 2 2 2 2 0 0 0 0
 3 3 4 3 3 7 10 10 9 9 3 2 2 3 5 5 8 8 16 16 16 18 15 15 13 13 6 1 1 1 0 0 0 0 1 0 0 1 0 0 0 0 0 0 0 0
 1 1 1 1 1 5 12 12 9 9 8 2 2 1 5 5 6 6 13 20 20 16 16 16 18 18 11 6 6 1 1 1 0 0 3 2 2 1 1 1 0 0 0 0 0 0
 1 1 1 1 1 5 12 12 9 9 8 2 2 1 5 5 6 6 13 20 20 16 16 16 18 18 11 6 6 1 1 1 0 0 3 2 2 1 1 1 0 0 0 0 0 0
 1 1 1 1 1 3 3 3 10 10 14 16 16 5 4 4 6 6 17 18 18 14 13 13 11 11 2 2 2 1 1 1 1 1 2 1 1 0 0 0 0 0 0 0 0 0
 1 1 1 1 1 2 1 1 5 5 14 17 17 9 6 6 6 6 15 14 14 13 14 14 10 10 2 1 1 1 1 1 0 0 1 0 0 0 1 1 0 0 0 0 0 0
 1 1 1 1 1 2 1 1 5 5 14 17 17 9 6 6 6 6 15 14 14 13 14 14 10 10 2 1 1 1 1 1 0 0 1 0 0 0 1 1 0 0 0 0 0 0
 1 1 0 1 1 3 3 3 8 8 15 17 17 13 10 10 8 8 14 12 12 13 10 10 9 9 9 3 3 3 1 1 0 0 0 0 0 0 1 1 1 1 0 0 0 0
 1 1 0 1 1 3 3 3 8 8 15 17 17 13 10 10 8 8 14 12 12 13 10 10 9 9 9 3 3 3 1 1 0 0 0 0 0 0 1 1 1 1 0 0 0 0
 0 0 0 0 0 1 3 3 6 6 4 9 9 11 8 8 11 11 10 14 14 14 9 9 13 13 13 11 11 3 0 0 1 1 2 7 7 6 1 1 1 1 0 0 0 0
 1 1 0 0 0 0 0 0 2 2 1 4 4 5 9 9 9 9 6 11 11 14 11 11 19 19 13 11 11 10 3 3 2 2 3 1 1 1 2 2 1 1 0 0 0 0
 1 1 0 0 0 0 0 0 2 2 1 4 4 5 9 9 9 9 6 11 11 14 11 11 19 19 13 11 11 10 3 3 2 2 3 1 1 1 2 2 1 1 0 0 0 0
 2 2 0 0 0 1 2 2 2 2 2 2 2 2 2 2 10 10 7 9 9 9 11 11 11 11 11 15 15 13 6 6 1 1 1 0 0 1 1 1 0 0 0 0 0 0
 2 2 2 1 1 3 5 5 5 5 2 2 2 1 1 1 3 3 7 8 8 8 4 4 5 5 2 12 12 6 6 6 1 1 1 0 0 0 0 0 0 0 0 0 0 0
 2 2 2 1 1 3 5 5 5 5 2 2 2 1 1 1 3 3 7 8 8 8 4 4 5 5 2 12 12 6 6 6 1 1 1 0 0 0 0 0 0 0 0 0 0 0
 1 1 1 1 1 3 2 2 5 5 1 1 1 1 2 2 3 3 6 8 8 7 10 10 7 7 2 2 2 1 1 1 1 1 1 0 0 0 0 0 0 0 0 0 0 0
 1 1 1 1 1 3 2 2 5 5 1 1 1 1 2 2 3 3 6 8 8 7 10 10 7 7 2 2 2 1 1 1 1 1 1 0 0 0 0 0 0 0 0 0 0 0
 1 1 0 1 1 1 1 1 0 0 0 0 0 0 2 2 3 3 7 9 9 8 12 12 4 4 1 0 0 1 1 1 1 1 1 0 0 0 0 0 0 0 0 0 0 0
 0 0 0 0 0 1 0 0 0 0 0 0 0 0 2 2 2 2 8 14 14 16 11 11 2 2 1 0 0 1 1 1 1 1 0 0 0 0 0 0 0 0 0 0 0 0
 0 0 0 0 0 1 0 0 0 0 0 0 0 0 2 2 2 2 8 14 14 16 11 11 2 2 1 0 0 1 1 1 1 1 0 0 0 0 0 0 0 0 0 0 0 0
 1 1 0 0 0 0 0 0 0 0 5 2 2 2 4 4 5 5 8 8 8 20 20 20 5 5 2 1 1 1 0 0 0 0 0 0 0 0 0 0 0 0 0 0 0 0
 1 1 1 1 1 1 5 5 6 6 8 2 2 2 6 6 5 5 6 1 1 6 8 8 7 7 7 3 3 2 1 1 0 0 0 0 0 0 0 0 0 0 0 0 0 0
 1 1 1 1 1 1 5 5 6 6 8 2 2 2 6 6 5 5 6 1 1 6 8 8 7 7 7 3 3 2 1 1 0 0 0 0 0 0 0 0 0 0 0 0 0 0
 3 3 2 1 1 1 5 5 3 3 2 3 3 6 9 9 7 7 5 0 0 0 3 3 3 3 8 7 7 3 3 3 0 0 0 0 0 0 0 0 0 0 0 0 0 0
 3 3 2 1 1 1 5 5 3 3 2 3 3 6 9 9 7 7 5 0 0 0 3 3 3 3 8 7 7 3 3 3 0 0 0 0 0 0 0 0 0 0 0 0 0 0
 2 2 1 1 1 1 2 2 3 3 2 2 2 5 2 2 3 3 2 2 2 2 1 1 2 2 7 4 4 5 3 3 0 0 0 0 0 0 0 0 0 0 0 0 0 0
 1 1 1 1 1 1 3 3 2 2 1 1 1 1 2 2 1 1 1 1 1 2 1 1 4 4 8 4 4 4 3 3 2 2 0 0 0 0 0 0 0 0 0 0 0 0
 1 1 1 1 1 1 3 3 2 2 1 1 1 1 2 2 1 1 1 1 1 2 1 1 4 4 8 4 4 4 3 3 2 2 0 0 0 0 0 0 0 0 0 0 0 0
 0 0 0 0 0 0 0 0 0 0 0 1 1 1 1 1 1 1 1 1 1 1 1 1 2 2 5 4 4 3 3 3 1 1 0 0 0 0 0 0 0 0 0 0 0 0
 0 0 0 0 0 0 0 0 0 0 0 1 1 1 0 0 0 0 0 0 0 0 1 1 4 4 4 2 2 2 1 1 1 1 0 0 0 0 0 0 0 0 0 0 0 0
