assets/RAT_results/precipitation/2022-06-02_IMERG.asc
ncols        46
nrows        77
xllcorner    74.800261325624
yllcorner    8.058333333333
cellsize     0.062500000000
NODATA_value -9999
 8 8 7 6 6 6 5 5 5 5 4 2 2 1 1 1 0 0 0 1 1 1 0 0 0 0 0 0 0 0 0 0 0 0 0 0 0 0 0 0 0 0 0 0 0 0
 9 9 11 6 6 5 4 4 4 4 4 4 4 2 1 1 3 3 0 1 1 1 0 0 0 0 0 0 0 0 0 0 0 0 0 0 0 0 0 0 0 0 0 0 0 0
 9 9 11 6 6 5 4 4 4 4 4 4 4 2 1 1 3 3 0 1 1 1 0 0 0 0 0 0 0 0 0 0 0 0 0 0 0 0 0 0 0 0 0 0 0 0
 3 3 4 3 3 3 2 2 2 2 3 2 2 1 3 3 3 3 9 5 5 5 10 10 0 0 0 0 0 0 0 0 0 0 0 0 0 0 0 0 0 0 0 0 0 0
 2 2 2 1 1 1 2 2 2 2 1 2 2 1 3 3 3 3 11 11 11 10 10 10 0 0 0 0 0 0 0 0 0 0 0 0 0 0 0 0 0 0 0 0 0 0
 2 2 2 1 1 1 2 2 2 2 1 2 2 1 3 3 3 3 11 11 11 10 10 10 0 0 0 0 0 0 0 0 0 0 0 0 0 0 0 0 0 0 0 0 0 0
 0 0 0 1 1 2 3 3 3 3 2 6 6 6 9 9 9 9 12 11 11 10 10 10 0 0 0 0 0 0 0 0 0 0 0 0 0 0 0 0 0 0 0 0 0 0
 0 0 0 1 1 2 3 3 3 3 2 6 6 6 9 9 9 9 12 11 11 10 10 10 0 0 0 0 0 0 0 0 0 0 0 0 0 0 0 0 0 0 0 0 0 0
 0 0 0 1 1 2 3 3 3 3 3 1 1 1 5 5 5 5 9 9 9 6 6 6 0 0 0 0 0 0 0 0 0 0 0 0 0 0 0 0 0 0 0 0 0 0
 1 1 1 2 2 2 3 3 3 3 3 1 1 1 1 1 5 5 2 10 10 1 1 1 0 0 0 0 0 0 0 0 0 0 0 0 0 0 0 0 0 0 0 0 0 0
 1 1 1 2 2 2 3 3 3 3 3 1 1 1 1 1 5 5 2 10 10 1 1 1 0 0 0 0 0 0 0 0 0 0 0 0 0 0 0 0 0 0 0 0 0 0
 2 2 3 4 4 4 4 4 4 4 3 1 1 1 1 1 1 1 1 1 1 1 1 1 0 0 0 0 0 0 0 0 0 0 1 1 1 0 0 0 0 0 0 0 0 0
 3 3 2 2 2 4 4 4 3 3 2 1 1 0 0 0 0 0 1 1 1 1 1 1 1 1 1 0 0 1 1 1 1 1 2 2 2 1 0 0 0 0 0 0 0 0
 3 3 2 2 2 4 4 4 3 3 2 1 1 0 0 0 0 0 1 1 1 1 1 1 1 1 1 0 0 1 1 1 1 1 2 2 2 1 0 0 0 0 0 0 0 0
 4 4 2 2 2 3 3 3 2 2 1 2 2 2 2 2 2 2 3 4 4 5 5 5 4 4 3 2 2 2 2 2 1 1 1 1 1 0 0 0 0 0 0 0 0 0
 4 4 2 2 2 3 3 3 2 2 1 2 2 2 2 2 2 2 3 4 4 5 5 5 4 4 3 2 2 2 2 2 1 1 1 1 1 0 0 0 0 0 0 0 0 0
 1 1 2 0 0 0 1 1 2 2 3 4 4 4 4 4 4 4 5 4 4 5 5 5 4 4 2 1 1 1 1 1 1 1 1 1 1 1 0 0 0 0 0 0 0 0
 1 1 0 0 0 1 1 1 3 3 5 5 5 4 4 4 4 4 4 3 3 3 2 2 2 2 2 1 1 1 1 1 0 0 1 2 2 1 1 1 1 1 0 0 0 0
 1 1 0 0 0 1 1 1 3 3 5 5 5 4 4 4 4 4 4 3 3 3 2 2 2 2 2 1 1 1 1 1 0 0 1 2 2 1 1 1 1 1 0 0 0 0
 1 1 1 1 1 2 1 1 3 3 3 3 3 2 2 2 2 2 2 1 1 2 2 2 2 2 2 1 1 1 2 2 2 2 1 3 3 2 2 2 2 2 1 0 0 0
 1 1 1 1 1 1 1 1 1 1 1 1 1 1 1 1 1 1 1 1 1 1 1 1 1 1 1 1 1 1 1 1 3 3 3 1 1 1 1 1 1 1 1 1 1 1
 1 1 1 1 1 1 1 1 1 1 1 1 1 1 1 1 1 1 1 1 1 1 1 1 1 1 1 1 1 1 1 1 3 3 3 1 1 1 1 1 1 1 1 1 1 1
 1 1 1 1 1 2 1 1 3 3 1 1 1 2 2 2 2 2 1 1 1 0 0 0 0 0 0 0 0 1 1 1 4 4 5 2 2 2 1 1 1 1 1 1 1 1
 1 1 1 1 1 2 1 1 3 3 1 1 1 2 2 2 2 2 1 1 1 0 0 0 0 0 0 0 0 1 1 1 4 4 5 2 2 2 1 1 1 1 1 1 1 1
 0 0 1 2 2 5 4 4 2 2 1 1 1 2 2 2 2 2 2 1 1 1 1 1 1 1 1 1 1 7 7 7 2 2 3 4 4 5 2 2 1 1 1 1 1 1
 0 0 0 1 1 2 4 4 1 1 1 1 1 1 1 1 1 1 1 1 1 2 2 2 2 2 2 1 1 6 6 6 2 2 2 2 2 3 1 1 0 0 0 1 1 1
 0 0 0 1 1 2 4 4 1 1 1 1 1 1 1 1 1 1 1 1 1 2 2 2 2 2 2 1 1 6 6 6 2 2 2 2 2 3 1 1 0 0 0 1 1 1
 0 0 0 0 0 1 1 1 0 0 0 0 0 0 0 0 1 1 1 1 1 1 1 1 1 1 1 1 1 1 1 1 1 1 1 0 0 0 0 0 0 0 0 0 0 1
 5 5 5 19 19 0 0 0 0 0 0 0 0 0 0 0 1 1 0 0 0 0 0 0 0 0 0 0 0 0 0 0 0 0 0 0 0 0 0 0 0 0 0 0 0 0
 5 5 5 19 19 0 0 0 0 0 0 0 0 0 0 0 1 1 0 0 0 0 0 0 0 0 0 0 0 0 0 0 0 0 0 0 0 0 0 0 0 0 0 0 0 0
 5 5 1 0 0 0 11 11 7 7 8 0 0 0 0 0 0 0 0 0 0 0 0 0 0 0 0 0 0 0 0 0 0 0 0 0 0 0 0 0 0 0 0 0 0 0
 5 5 1 0 0 0 11 11 7 7 8 0 0 0 0 0 0 0 0 0 0 0 0 0 0 0 0 0 0 0 0 0 0 0 0 0 0 0 0 0 0 0 0 0 0 0
 1 1 1 1 1 0 11 11 1 1 2 0 0 0 0 0 0 0 0 0 0 0 0 0 0 0 0 0 0 0 0 0 0 0 0 0 0 0 0 0 0 0 0 0 0 0
 1 1 0 1 1 3 2 2 1 1 0 0 0 0 0 0 0 0 0 0 0 0 0 0 0 0 0 0 0 0 0 0 0 0 0 0 0 0 0 0 0 0 0 0 0 0
 1 1 0 1 1 3 2 2 1 1 0 0 0 0 0 0 0 0 0 0 0 0 0 0 0 0 0 0 0 0 0 0 0 0 0 0 0 0 0 0 0 0 0 0 0 0
 1 1 0 1 1 1 1 1 2 2 0 0 0 0 0 0 0 0 0 0 0 0 0 0 0 0 0 0 0 0 0 0 0 0 0 0 0 0 0 0 0 0 0 1 1 1
 0 0 2 0 0 1 3 3 3 3 0 0 0 1 0 0 0 0 0 0 0 0 0 0 0 0 0 0 0 0 0 0 0 0 0 0 0 0 0 0 0 0 0 1 1 1
 0 0 2 0 0 1 3 3 3 3 0 0 0 1 0 0 0 0 0 0 0 0 0 0 0 0 0 0 0 0 0 0 0 0 0 0 0 0 0 0 0 0 0 1 1 1
 1 1 3 1 1 0 1 1 3 3 1 1 1 1 0 0 0 0 0 0 0 0 0 0 0 0 0 0 0 0 0 0 0 0 0 0 0 0 1 1 1 1 1 1 1 1
 1 1 3 1 1 0 1 1 3 3 1 1 1 1 0 0 0 0 0 0 0 0 0 0 0 0 0 0 0 0 0 0 0 0 0 0 0 0 1 1 1 1 1 1 1 1
 4 4 3 1 1 1 1 1 1 1 1 2 2 1 0 0 0 0 0 0 0 0 0 0 0 0 0 0 0 0 0 0 0 0 0 0 0 1 1 1 1 1 2 1 1 2
 0 0 1 1 1 1 1 1 1 1 2 1 1 1 1 1 0 0 0 0 0 0 0 0 0 0 0 0 0 0 0 0 1 1 1 1 1 1 2 2 2 2 2 2 2 3
 0 0 1 1 1 1 1 1 1 1 2 1 1 1 1 1 0 0 0 0 0 0 0 0 0 0 0 0 0 0 0 0 1 1 1 1 1 1 2 2 2 2 2 2 2 3
 1 1 0 2 2 3 1 1 3 3 9 4 4 2 1 1 0 0 0 0 0 0 0 0 0 0 0 0 0 0 0 0 1 1 1 1 1 1 1 1 5 5 5 2 2 2
 1 1 2 2 2 4 3 3 20 20 22 12 12 5 2 2 2 2 1 1 1 0 0 0 0 0 0 0 0 0 0 0 1 1 1 2 2 3 3 3 6 6 6 2 2 2
 1 1 2 2 2 4 3 3 20 20 22 12 12 5 2 2 2 2 1 1 1 0 0 0 0 0 0 0 0 0 0 0 1 1 1 2 2 3 3 3 6 6 6 2 2 2
 4 4 2 3 3 5 5 5 22 22 23 9 9 9 3 3 5 5 3 0 0 0 0 0 0 0 0 0 0 0 1 1 1 1 2 2 2 2 2 2 2 2 1 1 1 1
 4 4 2 3 3 5 5 5 22 22 23 9 9 9 3 3 5 5 3 0 0 0 0 0 0 0 0 0 0 0 1 1 1 1 2 2 2 2 2 2 2 2 1 1 1 1
 10 10 11 11 11 6 5 5 7 7 3 7 7 7 5 5 3 3 5 1 1 0 0 0 0 0 0 0 0 0 0 0 0 0 0 0 0 0 0 0 0 0 0 0 0 0
 15 15 30 21 21 25 7 7 6 6 1 2 2 6 6 6 4 4 2 1 1 1 1 1 1 1 6 0 0 0 0 0 0 0 0 0 0 0 0 0 0 0 0 0 0 2
 15 15 30 21 21 25 7 7 6 6 1 2 2 6 6 6 4 4 2 1 1 1 1 1 1 1 6 0 0 0 0 0 0 0 0 0 0 0 0 0 0 0 0 0 0 2
 18 18 45 22 22 28 8 8 6 6 3 3 3 3 6 6 3 3 2 0 0 1 2 2 1 1 6 0 0 1 1 1 1 1 1 1 1 1 1 1 1 1 1 1 1 3
 15 15 32 38 38 36 11 11 5 5 4 4 4 5 7 7 6 6 1 1 1 0 1 1 1 1 1 1 1 2 2 2 2 2 2 2 2 3 2 2 2 2 2 2 2 2
 15 15 32 38 38 36 11 11 5 5 4 4 4 5 7 7 6 6 1 1 1 0 1 1 1 1 1 1 1 2 2 2 2 2 2 2 2 3 2 2 2 2 2 2 2 2
 4 4 8 7 7 34 8 8 10 10 8 3 3 6 7 7 9 9 4 2 2 0 0 0 1 1 1 1 1 1 1 1 2 2 2 2 2 2 2 2 2 2 1 1 1 1
 4 4 8 7 7 34 8 8 10 10 8 3 3 6 7 7 9 9 4 2 2 0 0 0 1 1 1 1 1 1 1 1 2 2 2 2 2 2 2 2 2 2 1 1 1 1
 3 3 5 4 4 5 8 8 8 8 10 13 13 6 5 5 7 7 4 4 4 0 0 0 0 0 0 0 0 0 0 0 1 1 1 1 1 1 1 1 1 1 1 1 1 1
 2 2 3 2 2 2 2 2 4 4 10 6 6 8 3 3 3 3 4 6 6 3 2 2 5 5 2 1 1 0 0 0 0 0 0 0 0 0 0 0 0 0 0 0 0 0
 2 2 3 2 2 2 2 2 4 4 10 6 6 8 3 3 3 3 4 6 6 3 2 2 5 5 2 1 1 0 0 0 0 0 0 0 0 0 0 0 0 0 0 0 0 0
 2 2 1 1 1 1 1 1 1 1 2 2 2 2 3 3 2 2 4 6 6 6 5 5 11 11 6 2 2 0 0 0 0 0 0 0 0 0 0 0 1 1 1 1 1 1
 3 3 1 1 1 1 1 1 1 1 1 1 1 2 2 2 2 2 2 1 1 6 7 7 4 4 4 2 2 1 0 0 0 0 0 0 0 0 1 1 1 1 1 1 1 1
 3 3 1 1 1 1 1 1 1 1 1 1 1 2 2 2 2 2 2 1 1 6 7 7 4 4 4 2 2 1 0 0 0 0 0 0 0 0 1 1 1 1 1 1 1 1
 3 3 4 8 8 7 2 2 2 2 1 1 1 2 2 2 2 2 2 1 1 2 6 6 9 9 4 3 3 3 0 0 0 0 0 0 0 0 0 0 0 0 0 0 0 0
 3 3 4 8 8 7 2 2 2 2 1 1 1 2 2 2 2 2 2 1 1 2 6 6 9 9 4 3 3 3 0 0 0 0 0 0 0 0 0 0 0 0 0 0 0 0
 2 2 2 10 10 9 2 2 2 2 3 2 2 2 2 2 2 2 1 0 0 1 3 3 6 6 5 1 1 1 0 0 0 0 0 0 0 0 0 0 0 0 0 0 0 0
 2 2 2 2 2 2 4 4 2 2 4 3 3 3 2 2 2 2 2 1 1 0 1 1 12 12 9 2 2 0 0 0 0 0 0 0 0 0 0 0 0 0 0 0 0 0
 2 2 2 2 2 2 4 4 2 2 4 3 3 3 2 2 2 2 2 1 1 0 1 1 12 12 9 2 2 0 0 0 0 0 0 0 0 0 0 0 0 0 0 0 0 0
 1 1 1 1 1 2 3 3 3 3 4 3 3 3 2 2 2 2 2 0 0 1 3 3 4 4 6 4 4 2 0 0 0 0 0 0 0 0 0 0 0 0 0 0 0 0
 3 3 2 2 2 2 3 3 4 4 4 7 7 3 3 3 2 2 1 1 1 2 4 4 3 3 3 2 2 2 2 2 0 0 0 0 0 0 0 0 0 0 0 0 0 0
 3 3 2 2 2 2 3 3 4 4 4 7 7 3 3 3 2 2 1 1 1 2 4 4 3 3 3 2 2 2 2 2 0 0 0 0 0 0 0 0 0 0 0 0 0 0
 9 9 5 4 4 4 3 3 4 4 4 7 7 16 17 17 2 2 1 1 1 2 3 3 3 3 1 1 1 1 3 3 1 1 0 0 0 0 0 0 0 0 0 1 1 0
 9 9 5 4 4 4 3 3 4 4 4 7 7 16 17 17 2 2 1 1 1 2 3 3 3 3 1 1 1 1 3 3 1 1 0 0 0 0 0 0 0 0 0 1 1 0
 13 13 11 6 6 4 3 3 2 2 2 1 1 2 2 2 2 2 2 2 2 3 3 3 2 2 1 0 0 0 1 1 3 3 0 0 0 0 0 0 0 0 0 0 0 0
 5 5 5 2 2 1 1 1 1 1 1 1 1 1 1 1 2 2 1 2 2 1 2 2 1 1 1 0 0 0 1 1 0 0 0 0 0 0 0 0 0 0 0 0 0 0
 5 5 5 2 2 1 1 1 1 1 1 1 1 1 1 1 2 2 1 2 2 1 2 2 1 1 1 0 0 0 1 1 0 0 0 0 0 0 0 0 0 0 0 0 0 0
 1 1 2 2 2 1 0 0 0 0 0 1 1 1 1 1 1 1 1 1 1 1 1 1 2 2 1 1 1 0 0 0 0 0 0 0 0 1 0 0 0 0 0 0 0 0
 2 2 2 2 2 1 1 1 1 1 1 0 0 0 0 0 0 0 0 0 0 1 1 1 1 1 1 1 1 1 0 0 0 0 0 0 0 0 0 0 0 0 0 0 0 0
