assets/RAT_results/precipitation/2022-07-18_IMERG.asc
ncols        46
nrows        77
xllcorner    74.800261325624
yllcorner    8.058333333333
cellsize     0.062500000000
NODATA_value -9999
 15 15 17 15 15 14 16 16 13 13 14 13 13 10 9 9 10 10 10 8 8 4 5 5 4 4 5 3 3 2 2 2 1 1 0 0 0 1 1 1 1 1 4 2 2 2
 16 16 16 16 16 17 17 17 12 12 14 12 12 10 9 9 8 8 6 4 4 4 5 5 5 5 4 2 2 4 1 1 2 2 1 1 1 1 1 1 1 1 2 2 2 2
 16 16 16 16 16 17 17 17 12 12 14 12 12 10 9 9 8 8 6 4 4 4 5 5 5 5 4 2 2 4 1 1 2 2 1 1 1 1 1 1 1 1 2 2 2 2
 12 12 13 14 14 13 11 11 11 11 15 11 11 11 9 9 7 7 4 4 4 2 4 4 5 5 7 4 4 4 1 1 2 2 3 2 2 1 1 1 1 1 1 2 2 2
 21 21 9 12 12 9 8 8 11 11 14 9 9 8 6 6 6 6 4 3 3 2 4 4 5 5 8 16 16 14 5 5 4 4 3 3 3 3 2 2 3 3 1 2 2 3
 21 21 9 12 12 9 8 8 11 11 14 9 9 8 6 6 6 6 4 3 3 2 4 4 5 5 8 16 16 14 5 5 4 4 3 3 3 3 2 2 3 3 1 2 2 3
 19 19 8 12 12 9 9 9 10 10 10 10 10 9 7 7 5 5 3 2 2 3 4 4 9 9 17 17 17 16 5 5 5 5 4 4 4 3 3 3 4 4 2 3 3 5
 19 19 8 12 12 9 9 9 10 10 10 10 10 9 7 7 5 5 3 2 2 3 4 4 9 9 17 17 17 16 5 5 5 5 4 4 4 3 3 3 4 4 2 3 3 5
 8 8 11 13 13 12 11 11 12 12 13 11 11 10 9 9 7 7 4 3 3 5 5 5 22 22 28 28 28 18 6 6 6 6 6 4 4 2 2 2 2 2 4 2 2 3
 21 21 19 11 11 14 15 15 16 16 15 14 14 13 13 13 11 11 9 6 6 8 10 10 24 24 30 30 30 20 14 14 11 11 8 5 5 3 2 2 2 2 2 1 1 1
 21 21 19 11 11 14 15 15 16 16 15 14 14 13 13 13 11 11 9 6 6 8 10 10 24 24 30 30 30 20 14 14 11 11 8 5 5 3 2 2 2 2 2 1 1 1
 22 22 21 12 12 17 20 20 20 20 20 18 18 17 18 18 14 14 10 9 9 9 17 17 38 38 40 31 31 14 15 15 10 10 6 4 4 4 3 3 2 2 1 1 1 0
 36 36 36 12 12 16 19 19 22 22 19 18 18 19 20 20 18 18 16 15 15 10 16 16 21 21 30 17 17 14 7 7 6 6 5 4 4 3 3 3 2 2 3 1 1 1
 36 36 36 12 12 16 19 19 22 22 19 18 18 19 20 20 18 18 16 15 15 10 16 16 21 21 30 17 17 14 7 7 6 6 5 4 4 3 3 3 2 2 3 1 1 1
 16 16 36 13 13 15 20 20 21 21 20 20 20 22 27 27 23 23 20 12 12 8 14 14 14 14 25 14 14 13 5 5 5 5 5 4 4 4 5 5 3 3 2 0 0 1
 16 16 36 13 13 15 20 20 21 21 20 20 20 22 27 27 23 23 20 12 12 8 14 14 14 14 25 14 14 13 5 5 5 5 5 4 4 4 5 5 3 3 2 0 0 1
 19 19 33 31 31 28 17 17 25 25 25 21 21 20 19 19 18 18 18 9 9 6 5 5 10 10 16 13 13 11 4 4 5 5 5 4 4 4 2 2 3 3 2 1 1 1
 19 19 27 30 30 23 20 20 21 21 23 16 16 12 11 11 12 12 12 10 10 11 6 6 9 9 14 8 8 8 4 4 6 6 6 4 4 2 4 4 4 4 3 2 2 2
 19 19 27 30 30 23 20 20 21 21 23 16 16 12 11 11 12 12 12 10 10 11 6 6 9 9 14 8 8 8 4 4 6 6 6 4 4 2 4 4 4 4 3 2 2 2
 17 17 24 29 29 25 23 23 18 18 14 11 11 7 7 7 6 6 6 10 10 11 6 6 7 7 8 7 7 10 5 5 8 8 6 5 5 2 3 3 3 3 2 1 1 1
 14 14 11 13 13 19 23 23 18 18 8 8 8 9 8 8 6 6 6 9 9 6 6 6 7 7 6 5 5 8 8 8 9 9 5 5 5 2 1 1 3 3 2 1 1 1
 14 14 11 13 13 19 23 23 18 18 8 8 8 9 8 8 6 6 6 9 9 6 6 6 7 7 6 5 5 8 8 8 9 9 5 5 5 2 1 1 3 3 2 1 1 1
 12 12 11 13 13 15 22 22 20 20 13 15 15 13 11 11 11 11 8 9 9 7 6 6 5 5 5 5 5 4 6 6 5 5 3 4 4 2 1 1 2 2 3 3 3 3
 12 12 11 13 13 15 22 22 20 20 13 15 15 13 11 11 11 11 8 9 9 7 6 6 5 5 5 5 5 4 6 6 5 5 3 4 4 2 1 1 2 2 3 3 3 3
 12 12 12 15 15 15 15 15 15 15 19 15 15 11 10 10 9 9 8 10 10 7 6 6 5 5 4 2 2 3 4 4 6 6 3 2 2 3 2 2 2 2 3 3 3 5
 7 7 8 10 10 10 11 11 10 10 11 11 11 11 12 12 11 11 9 9 9 8 7 7 6 6 4 3 3 3 4 4 4 4 5 6 6 6 4 4 2 2 2 3 3 6
 7 7 8 10 10 10 11 11 10 10 11 11 11 11 12 12 11 11 9 9 9 8 7 7 6 6 4 3 3 3 4 4 4 4 5 6 6 6 4 4 2 2 2 3 3 6
 5 5 10 6 6 9 10 10 9 9 12 13 13 17 9 9 9 9 8 9 9 6 7 7 7 7 7 6 6 7 8 8 8 8 11 13 13 9 3 3 2 2 2 2 2 3
 7 7 10 6 6 11 13 13 15 15 13 18 18 17 10 10 15 15 11 9 9 10 9 9 8 8 8 9 9 12 12 12 10 10 10 9 9 6 2 2 2 2 2 1 1 1
 7 7 10 6 6 11 13 13 15 15 13 18 18 17 10 10 15 15 11 9 9 10 9 9 8 8 8 9 9 12 12 12 10 10 10 9 9 6 2 2 2 2 2 1 1 1
 9 9 8 7 7 10 13 13 15 15 13 13 13 13 14 14 16 16 13 13 13 12 10 10 12 12 17 13 13 10 9 9 7 7 5 3 3 1 1 1 1 1 2 1 1 1
 9 9 8 7 7 10 13 13 15 15 13 13 13 13 14 14 16 16 13 13 13 12 10 10 12 12 17 13 13 10 9 9 7 7 5 3 3 1 1 1 1 1 2 1 1 1
 12 12 10 10 10 10 11 11 14 14 16 13 13 13 14 14 24 24 16 14 14 13 12 12 15 15 15 11 11 7 7 7 5 5 4 3 3 1 1 1 2 2 2 2 2 1
 9 9 8 8 8 8 11 11 17 17 18 19 19 22 19 19 23 23 22 19 19 15 9 9 9 9 13 10 10 7 7 7 6 6 4 2 2 1 2 2 2 2 2 1 1 1
 9 9 8 8 8 8 11 11 17 17 18 19 19 22 19 19 23 23 22 19 19 15 9 9 9 9 13 10 10 7 7 7 6 6 4 2 2 1 2 2 2 2 2 1 1 1
 7 7 9 10 10 10 14 14 16 16 21 25 25 28 27 27 24 24 26 18 18 17 15 15 14 14 13 11 11 6 4 4 4 4 3 1 1 2 2 2 2 2 3 2 2 1
 9 9 11 10 10 13 15 15 16 16 19 26 26 30 29 29 21 21 16 15 15 16 16 16 14 14 13 10 10 8 2 2 3 3 2 2 2 2 2 2 4 4 4 2 2 1
 9 9 11 10 10 13 15 15 16 16 19 26 26 30 29 29 21 21 16 15 15 16 16 16 14 14 13 10 10 8 2 2 3 3 2 2 2 2 2 2 4 4 4 2 2 1
 15 15 16 16 16 13 14 14 15 15 15 20 20 23 29 29 32 32 31 15 15 17 20 20 14 14 14 9 9 8 3 3 3 3 3 2 2 3 3 3 4 4 2 1 1 1
 15 15 16 16 16 13 14 14 15 15 15 20 20 23 29 29 32 32 31 15 15 17 20 20 14 14 14 9 9 8 3 3 3 3 3 2 2 3 3 3 4 4 2 1 1 1
 13 13 16 15 15 13 14 14 13 13 13 17 17 20 25 25 28 28 29 16 16 15 17 17 15 15 12 10 10 8 5 5 4 4 4 3 3 3 3 3 3 3 2 2 2 2
 10 10 11 12 12 12 14 14 14 14 13 13 13 18 22 22 24 24 24 17 17 14 15 15 16 16 15 14 14 10 8 8 4 4 3 3 3 3 3 3 3 3 3 3 3 3
 10 10 11 12 12 12 14 14 14 14 13 13 13 18 22 22 24 24 24 17 17 14 15 15 16 16 15 14 14 10 8 8 4 4 3 3 3 3 3 3 3 3 3 3 3 3
 8 8 5 9 9 12 13 13 13 13 13 13 13 19 21 21 22 22 23 23 23 21 16 16 17 17 16 17 17 13 10 10 5 5 4 4 4 5 5 5 4 4 3 2 2 2
 2 2 3 8 8 12 12 12 13 13 14 15 15 19 19 19 22 22 24 24 24 16 18 18 14 14 14 15 15 14 9 9 5 5 4 5 5 5 4 4 2 2 1 1 1 1
 2 2 3 8 8 12 12 12 13 13 14 15 15 19 19 19 22 22 24 24 24 16 18 18 14 14 14 15 15 14 9 9 5 5 4 5 5 5 4 4 2 2 1 1 1 1
 5 5 6 8 8 9 11 11 14 14 15 19 19 20 19 19 20 20 19 19 19 15 9 9 10 10 13 16 16 16 11 11 6 6 4 3 3 3 2 2 1 1 1 1 1 0
 5 5 6 8 8 9 11 11 14 14 15 19 19 20 19 19 20 20 19 19 19 15 9 9 10 10 13 16 16 16 11 11 6 6 4 3 3 3 2 2 1 1 1 1 1 0
 7 7 7 5 5 5 11 11 14 14 14 18 18 17 15 15 15 15 13 17 17 13 4 4 7 7 9 12 12 14 11 11 14 14 12 4 4 4 1 1 0 0 1 0 0 0
 8 8 6 5 5 6 5 5 9 9 12 13 13 12 13 13 13 13 12 13 13 13 13 13 7 7 8 10 10 15 17 17 14 14 12 4 4 3 0 0 0 0 0 0 0 0
 8 8 6 5 5 6 5 5 9 9 12 13 13 12 13 13 13 13 12 13 13 13 13 13 7 7 8 10 10 15 17 17 14 14 12 4 4 3 0 0 0 0 0 0 0 0
 9 9 4 3 3 4 5 5 8 8 11 12 12 13 12 12 12 12 12 14 14 14 10 10 7 7 8 9 9 13 13 13 9 9 4 1 1 1 1 1 0 0 0 0 0 1
 11 11 4 2 2 4 4 4 9 9 11 11 11 12 11 11 12 12 13 11 11 12 10 10 9 9 9 9 9 13 12 12 10 10 4 2 2 2 1 1 1 1 1 1 1 2
 11 11 4 2 2 4 4 4 9 9 11 11 11 12 11 11 12 12 13 11 11 12 10 10 9 9 9 9 9 13 12 12 10 10 4 2 2 2 1 1 1 1 1 1 1 2
 12 12 6 5 5 5 6 6 11 11 11 12 12 12 12 12 12 12 13 11 11 12 14 14 10 10 9 9 9 11 9 9 6 6 3 3 3 2 1 1 1 1 1 2 2 2
 12 12 6 5 5 5 6 6 11 11 11 12 12 12 12 12 12 12 13 11 11 12 14 14 10 10 9 9 9 11 9 9 6 6 3 3 3 2 1 1 1 1 1 2 2 2
 14 14 11 8 8 6 6 6 12 12 14 13 13 13 12 12 12 12 13 11 11 12 12 12 12 12 8 7 7 10 11 11 5 5 3 2 2 2 2 2 2 2 2 2 2 2
 16 16 17 13 13 7 9 9 10 10 13 13 13 12 13 13 13 13 14 14 14 15 12 12 7 7 7 8 8 9 7 7 9 9 6 2 2 2 2 2 2 2 2 1 1 2
 16 16 17 13 13 7 9 9 10 10 13 13 13 12 13 13 13 13 14 14 14 15 12 12 7 7 7 8 8 9 7 7 9 9 6 2 2 2 2 2 2 2 2 1 1 2
 36 36 38 13 13 9 11 11 11 11 13 13 13 12 13 13 13 13 13 13 13 15 13 13 8 8 8 7 7 8 4 4 5 5 5 2 2 1 1 1 2 2 1 1 1 1
 32 32 36 13 13 11 9 9 8 8 10 10 10 9 13 13 12 12 13 14 14 15 18 18 13 13 8 5 5 7 4 4 3 3 2 1 1 1 1 1 1 1 1 1 1 1
 32 32 36 13 13 11 9 9 8 8 10 10 10 9 13 13 12 12 13 14 14 15 18 18 13 13 8 5 5 7 4 4 3 3 2 1 1 1 1 1 1 1 1 1 1 1
 28 28 33 20 20 13 40 40 7 7 8 8 8 8 12 12 12 12 13 14 14 17 19 19 17 17 14 11 11 6 2 2 2 2 2 1 1 1 0 0 0 0 1 0 0 0
 28 28 33 20 20 13 40 40 7 7 8 8 8 8 12 12 12 12 13 14 14 17 19 19 17 17 14 11 11 6 2 2 2 2 2 1 1 1 0 0 0 0 1 0 0 0
 29 29 31 34 34 48 42 42 51 51 62 8 8 7 10 10 11 11 13 14 14 16 17 17 15 15 13 13 13 5 5 5 3 3 2 1 1 1 0 0 0 0 0 0 0 0
 29 29 32 32 32 47 43 43 65 65 62 6 6 6 10 10 10 10 12 7 7 13 16 16 17 17 11 11 11 10 5 5 1 1 1 1 1 0 0 0 0 0 0 0 0 0
 29 29 32 32 32 47 43 43 65 65 62 6 6 6 10 10 10 10 12 7 7 13 16 16 17 17 11 11 11 10 5 5 1 1 1 1 1 0 0 0 0 0 0 0 0 0
 26 26 26 23 23 41 43 43 65 65 64 6 6 3 6 6 5 5 6 7 7 10 13 13 11 11 12 7 7 7 5 5 1 1 1 0 0 0 0 0 0 0 0 0 0 0
 21 21 21 19 19 16 16 16 50 50 50 7 7 3 3 3 2 2 1 2 2 3 8 8 9 9 11 6 6 8 5 5 3 3 0 0 0 0 0 0 0 0 1 0 0 0
 21 21 21 19 19 16 16 16 50 50 50 7 7 3 3 3 2 2 1 2 2 3 8 8 9 9 11 6 6 8 5 5 3 3 0 0 0 0 0 0 0 0 1 0 0 0
 17 17 17 15 15 14 16 16 11 11 36 5 5 4 2 2 1 1 1 2 2 4 7 7 8 8 6 6 6 6 5 5 3 3 0 0 0 0 0 0 0 0 0 0 0 0
 17 17 17 15 15 14 16 16 11 11 36 5 5 4 2 2 1 1 1 2 2 4 7 7 8 8 6 6 6 6 5 5 3 3 0 0 0 0 0 0 0 0 0 0 0 0
 17 17 16 14 14 17 17 17 13 13 37 9 9 7 3 3 1 1 1 3 3 3 7 7 8 8 5 9 9 9 5 5 5 5 0 0 0 3 0 0 0 0 0 0 0 0
 16 16 16 17 17 18 17 17 20 20 22 18 18 10 4 4 1 1 3 6 6 6 6 6 8 8 8 9 9 9 8 8 6 6 3 2 2 3 0 0 0 0 0 0 0 0
 16 16 16 17 17 18 17 17 20 20 22 18 18 10 4 4 1 1 3 6 6 6 6 6 8 8 8 9 9 9 8 8 6 6 3 2 2 3 0 0 0 0 0 0 0 0
 17 17 18 18 18 20 21 21 24 24 29 33 33 26 16 16 7 7 4 3 3 6 4 4 8 8 8 9 9 9 8 8 7 7 3 1 1 1 0 0 0 0 0 0 0 0
 13 13 17 20 20 23 24 24 26 26 31 35 35 37 30 30 18 18 8 7 7 4 4 4 7 7 8 9 9 10 10 10 9 9 5 1 1 1 0 0 0 0 0 0 0 0
