assets/RAT_results/precipitation/2022-08-28_IMERG.asc
ncols        46
nrows        77
xllcorner    74.800261325624
yllcorner    8.058333333333
cellsize     0.062500000000
NODATA_value -9999
 11 11 9 9 9 6 8 8 6 6 4 2 2 0 0 0 1 1 1 1 1 1 1 1 0 0 0 0 0 0 0 0 0 0 0 0 0 0 0 0 0 0 0 0 0 2
 11 11 11 11 11 9 6 6 5 5 3 2 2 1 0 0 0 0 1 1 1 1 1 1 1 1 1 1 1 2 2 2 2 2 2 1 1 1 1 1 1 1 1 0 0 1
 11 11 11 11 11 9 6 6 5 5 3 2 2 1 0 0 0 0 1 1 1 1 1 1 1 1 1 1 1 2 2 2 2 2 2 1 1 1 1 1 1 1 1 0 0 1
 14 14 15 16 16 14 11 11 10 10 9 5 5 1 1 1 1 1 2 1 1 2 1 1 2 2 3 1 1 2 2 2 2 2 3 5 5 5 3 3 2 2 1 2 2 2
 11 11 20 19 19 19 18 18 17 17 18 13 13 4 4 4 3 3 4 2 2 2 2 2 3 3 4 4 4 7 10 10 10 10 15 24 24 23 4 4 3 3 3 9 9 7
 11 11 20 19 19 19 18 18 17 17 18 13 13 4 4 4 3 3 4 2 2 2 2 2 3 3 4 4 4 7 10 10 10 10 15 24 24 23 4 4 3 3 3 9 9 7
 13 13 17 23 23 25 28 28 24 24 19 20 20 11 4 4 3 3 3 2 2 3 5 5 6 6 9 14 14 14 18 18 11 11 15 21 21 20 16 16 5 5 5 7 7 9
 13 13 17 23 23 25 28 28 24 24 19 20 20 11 4 4 3 3 3 2 2 3 5 5 6 6 9 14 14 14 18 18 11 11 15 21 21 20 16 16 5 5 5 7 7 9
 12 12 15 18 18 21 22 22 26 26 19 21 21 13 13 13 6 6 6 4 4 4 7 7 7 7 10 15 15 16 21 21 29 29 28 34 34 40 40 40 27 27 6 8 8 9
 11 11 13 10 10 17 19 19 24 24 20 19 19 13 9 9 8 8 6 5 5 6 8 8 11 11 11 14 14 18 18 18 31 31 29 35 35 41 40 40 26 26 8 15 15 17
 11 11 13 10 10 17 19 19 24 24 20 19 19 13 9 9 8 8 6 5 5 6 8 8 11 11 11 14 14 18 18 18 31 31 29 35 35 41 40 40 26 26 8 15 15 17
 9 9 9 8 8 13 15 15 13 13 10 18 18 11 8 8 9 9 5 6 6 7 8 8 9 9 9 9 9 18 18 18 30 30 43 44 44 46 30 30 31 31 14 20 20 21
 9 9 10 10 10 13 14 14 14 14 11 8 8 4 3 3 3 3 3 6 6 6 7 7 9 9 9 9 9 15 15 15 29 29 42 43 43 46 61 61 32 32 21 29 29 32
 9 9 10 10 10 13 14 14 14 14 11 8 8 4 3 3 3 3 3 6 6 6 7 7 9 9 9 9 9 15 15 15 29 29 42 43 43 46 61 61 32 32 21 29 29 32
 10 10 11 11 11 10 16 16 19 19 18 14 14 10 6 6 4 4 6 6 6 7 8 8 6 6 9 8 8 13 22 22 23 23 43 46 46 51 65 65 65 65 48 25 25 42
 10 10 11 11 11 10 16 16 19 19 18 14 14 10 6 6 4 4 6 6 6 7 8 8 6 6 9 8 8 13 22 22 23 23 43 46 46 51 65 65 65 65 48 25 25 42
 9 9 9 9 9 11 13 13 22 22 18 20 20 20 18 18 10 10 11 9 9 10 8 8 9 9 10 9 9 14 24 24 25 25 35 54 54 54 70 70 66 66 70 57 57 64
 11 11 11 11 11 11 13 13 13 13 21 22 22 21 14 14 14 14 14 17 17 20 18 18 14 14 14 10 10 6 22 22 32 32 31 58 58 57 56 56 66 66 73 42 42 47
 11 11 11 11 11 11 13 13 13 13 21 22 22 21 14 14 14 14 14 17 17 20 18 18 14 14 14 10 10 6 22 22 32 32 31 58 58 57 56 56 66 66 73 42 42 47
 9 9 10 9 9 10 11 11 12 12 13 20 20 20 19 19 17 17 20 17 17 21 22 22 19 19 17 14 14 6 22 22 32 32 33 54 54 63 60 60 57 57 41 52 52 52
 5 5 6 6 6 6 7 7 9 9 12 17 17 15 15 15 16 16 20 19 19 20 20 20 18 18 14 12 12 14 17 17 33 33 37 40 40 50 45 45 42 42 39 48 48 36
 5 5 6 6 6 6 7 7 9 9 12 17 17 15 15 15 16 16 20 19 19 20 20 20 18 18 14 12 12 14 17 17 33 33 37 40 40 50 45 45 42 42 39 48 48 36
 4 4 5 5 5 6 7 7 9 9 11 12 12 15 14 14 19 19 16 11 11 11 11 11 11 11 11 9 9 11 10 10 10 10 13 32 32 40 39 39 45 45 39 44 44 39
 4 4 5 5 5 6 7 7 9 9 11 12 12 15 14 14 19 19 16 11 11 11 11 11 11 11 11 9 9 11 10 10 10 10 13 32 32 40 39 39 45 45 39 44 44 39
 4 4 4 5 5 7 7 7 10 10 11 10 10 16 13 13 13 13 10 7 7 7 7 7 7 7 7 7 7 8 7 7 9 9 11 11 11 19 14 14 23 23 27 39 39 34
 3 3 3 5 5 9 8 8 6 6 6 7 7 7 9 9 7 7 7 9 9 7 5 5 5 5 6 6 6 5 5 5 5 5 6 9 9 11 14 14 13 13 25 25 25 33
 3 3 3 5 5 9 8 8 6 6 6 7 7 7 9 9 7 7 7 9 9 7 5 5 5 5 6 6 6 5 5 5 5 5 6 9 9 11 14 14 13 13 25 25 25 33
 2 2 3 3 3 4 3 3 3 3 3 3 3 3 3 3 5 5 6 6 6 6 5 5 5 5 6 5 5 5 5 5 8 8 12 14 14 16 12 12 10 10 20 21 21 13
 1 1 2 2 2 2 2 2 2 2 2 2 2 2 1 1 4 4 6 5 5 4 4 4 5 5 4 3 3 3 4 4 4 4 5 9 9 15 11 11 10 10 10 12 12 12
 1 1 2 2 2 2 2 2 2 2 2 2 2 2 1 1 4 4 6 5 5 4 4 4 5 5 4 3 3 3 4 4 4 4 5 9 9 15 11 11 10 10 10 12 12 12
 1 1 1 1 1 1 1 1 1 1 2 2 2 2 1 1 3 3 6 6 6 4 3 3 4 4 3 1 1 2 2 2 2 2 2 6 6 8 8 8 8 8 9 11 11 14
 1 1 1 1 1 1 1 1 1 1 2 2 2 2 1 1 3 3 6 6 6 4 3 3 4 4 3 1 1 2 2 2 2 2 2 6 6 8 8 8 8 8 9 11 11 14
 1 1 1 1 1 1 1 1 1 1 1 2 2 2 2 2 2 2 4 5 5 4 3 3 3 3 2 1 1 1 1 1 1 1 2 3 3 5 5 5 9 9 11 10 10 10
 0 0 1 1 1 1 1 1 1 1 1 2 2 2 2 2 3 3 4 7 7 4 3 3 3 3 2 1 1 1 1 1 1 1 2 2 2 4 5 5 8 8 10 13 13 15
 0 0 1 1 1 1 1 1 1 1 1 2 2 2 2 2 3 3 4 7 7 4 3 3 3 3 2 1 1 1 1 1 1 1 2 2 2 4 5 5 8 8 10 13 13 15
 0 0 1 1 1 1 2 2 2 2 2 3 3 3 5 5 4 4 7 10 10 10 8 8 5 5 5 4 4 4 2 2 2 2 3 2 2 4 5 5 8 8 8 14 14 14
 0 0 1 2 2 2 2 2 2 2 4 5 5 9 9 9 9 9 8 13 13 16 13 13 12 12 20 10 10 7 3 3 2 2 1 2 2 3 4 4 5 5 9 9 9 18
 0 0 1 2 2 2 2 2 2 2 4 5 5 9 9 9 9 9 8 13 13 16 13 13 12 12 20 10 10 7 3 3 2 2 1 2 2 3 4 4 5 5 9 9 9 18
 0 0 1 1 1 2 3 3 4 4 5 7 7 10 10 10 11 11 7 11 11 13 11 11 13 13 19 29 29 26 9 9 2 2 1 3 3 3 3 3 5 5 10 5 5 19
 0 0 1 1 1 2 3 3 4 4 5 7 7 10 10 10 11 11 7 11 11 13 11 11 13 13 19 29 29 26 9 9 2 2 1 3 3 3 3 3 5 5 10 5 5 19
 0 0 1 1 1 2 3 3 4 4 5 6 6 7 8 8 9 9 6 9 9 10 8 8 8 8 7 12 12 9 8 8 3 3 3 4 4 5 5 5 7 7 8 8 8 21
 0 0 0 1 1 1 2 2 3 3 5 5 5 6 6 6 5 5 7 6 6 8 7 7 9 9 9 9 9 7 7 7 7 7 6 3 3 4 6 6 8 8 9 7 7 9
 0 0 0 1 1 1 2 2 3 3 5 5 5 6 6 6 5 5 7 6 6 8 7 7 9 9 9 9 9 7 7 7 7 7 6 3 3 4 6 6 8 8 9 7 7 9
 1 1 1 1 1 2 2 2 3 3 3 3 3 4 4 4 4 4 7 5 5 8 10 10 12 12 13 15 15 10 13 13 13 13 17 10 10 6 6 6 6 6 5 4 4 4
 1 1 1 1 1 2 3 3 3 3 3 3 3 4 4 4 4 4 5 5 5 7 16 16 21 21 13 22 22 12 13 13 14 14 16 5 5 4 4 4 4 4 4 3 3 4
 1 1 1 1 1 2 3 3 3 3 3 3 3 4 4 4 4 4 5 5 5 7 16 16 21 21 13 22 22 12 13 13 14 14 16 5 5 4 4 4 4 4 4 3 3 4
 1 1 1 1 1 1 2 2 2 2 2 4 4 5 4 4 4 4 4 6 6 8 8 8 21 21 23 21 21 34 35 35 35 35 19 5 5 4 4 4 2 2 2 1 1 2
 1 1 1 1 1 1 2 2 2 2 2 4 4 5 4 4 4 4 4 6 6 8 8 8 21 21 23 21 21 34 35 35 35 35 19 5 5 4 4 4 2 2 2 1 1 2
 1 1 1 1 1 1 1 1 2 2 2 3 3 4 4 4 5 5 7 7 7 12 17 17 28 28 34 31 31 27 35 35 33 33 16 3 3 4 6 6 5 5 2 1 1 1
 1 1 2 1 1 2 2 2 3 3 4 5 5 5 5 5 6 6 8 8 8 13 19 19 24 24 29 27 27 24 32 32 33 33 20 6 6 9 14 14 13 13 5 4 4 2
 1 1 2 1 1 2 2 2 3 3 4 5 5 5 5 5 6 6 8 8 8 13 19 19 24 24 29 27 27 24 32 32 33 33 20 6 6 9 14 14 13 13 5 4 4 2
 2 2 2 2 2 2 3 3 4 4 5 5 5 5 5 5 6 6 8 10 10 13 20 20 21 21 25 25 25 23 26 26 8 8 9 3 3 5 6 6 7 7 5 4 4 2
 4 4 5 3 3 2 3 3 3 3 4 4 4 5 6 6 7 7 9 12 12 12 17 17 28 28 29 28 28 24 26 26 7 7 8 1 1 1 1 1 3 3 3 4 4 4
 4 4 5 3 3 2 3 3 3 3 4 4 4 5 6 6 7 7 9 12 12 12 17 17 28 28 29 28 28 24 26 26 7 7 8 1 1 1 1 1 3 3 3 4 4 4
 4 4 4 4 4 2 2 2 2 2 3 3 3 4 6 6 8 8 9 14 14 17 21 21 34 34 31 31 31 29 27 27 12 12 1 2 2 1 2 2 4 4 8 8 8 8
 4 4 4 4 4 2 2 2 2 2 3 3 3 4 6 6 8 8 9 14 14 17 21 21 34 34 31 31 31 29 27 27 12 12 1 2 2 1 2 2 4 4 8 8 8 8
 1 1 2 2 2 1 1 1 1 1 3 4 4 5 6 6 8 8 11 17 17 19 16 16 21 21 22 17 17 12 27 27 6 6 2 2 2 1 2 2 4 4 8 8 8 8
 1 1 1 2 2 2 1 1 1 1 2 3 3 5 6 6 6 6 8 14 14 16 13 13 9 9 8 14 14 12 7 7 7 7 4 4 4 2 2 2 2 2 2 2 2 1
 1 1 1 2 2 2 1 1 1 1 2 3 3 5 6 6 6 6 8 14 14 16 13 13 9 9 8 14 14 12 7 7 7 7 4 4 4 2 2 2 2 2 2 2 2 1
 1 1 1 1 1 1 1 1 1 1 1 2 2 3 4 4 5 5 7 7 7 9 8 8 6 6 3 2 2 3 4 4 5 5 4 5 5 4 4 4 3 3 3 2 2 1
 0 0 0 0 0 0 1 1 1 1 1 0 0 1 2 2 2 2 3 5 5 5 5 5 5 5 2 2 2 1 3 3 4 4 3 3 3 4 5 5 4 4 2 2 2 2
 0 0 0 0 0 0 1 1 1 1 1 0 0 1 2 2 2 2 3 5 5 5 5 5 5 5 2 2 2 1 3 3 4 4 3 3 3 4 5 5 4 4 2 2 2 2
 0 0 0 0 0 1 0 0 0 0 0 0 0 0 1 1 1 1 2 2 2 2 3 3 1 1 1 0 0 0 1 1 3 3 3 3 3 2 5 5 4 4 3 3 3 7
 0 0 0 0 0 1 0 0 0 0 0 0 0 0 1 1 1 1 2 2 2 2 3 3 1 1 1 0 0 0 1 1 3 3 3 3 3 2 5 5 4 4 3 3 3 7
 0 0 0 0 0 1 0 0 0 0 0 0 0 0 0 0 0 0 0 0 0 2 3 3 2 2 2 1 1 0 0 0 3 3 3 2 2 1 2 2 2 2 2 2 2 3
 0 0 0 0 0 0 0 0 0 0 0 0 0 0 0 0 0 0 0 0 0 0 0 0 1 1 1 1 1 0 1 1 4 4 4 3 3 1 2 2 2 2 1 1 1 1
 0 0 0 0 0 0 0 0 0 0 0 0 0 0 0 0 0 0 0 0 0 0 0 0 1 1 1 1 1 0 1 1 4 4 4 3 3 1 2 2 2 2 1 1 1 1
 0 0 0 0 0 0 0 0 0 0 0 0 0 0 0 0 0 0 0 0 0 0 0 0 0 0 0 0 0 0 0 0 1 1 1 1 1 0 1 1 1 1 0 1 1 0
 1 1 1 0 0 0 0 0 0 0 0 0 0 0 0 0 0 0 0 0 0 0 0 0 0 0 0 0 0 0 0 0 0 0 1 1 1 0 0 0 0 0 0 0 0 0
 1 1 1 0 0 0 0 0 0 0 0 0 0 0 0 0 0 0 0 0 0 0 0 0 0 0 0 0 0 0 0 0 0 0 1 1 1 0 0 0 0 0 0 0 0 0
 1 1 1 0 0 0 0 0 0 0 0 0 0 0 0 0 0 0 0 0 0 0 0 0 0 0 0 0 0 0 0 0 0 0 0 0 0 0 0 0 0 0 0 0 0 0
 1 1 1 0 0 0 0 0 0 0 0 0 0 0 0 0 0 0 0 0 0 0 0 0 0 0 0 0 0 0 0 0 0 0 0 0 0 0 0 0 0 0 0 0 0 0
 0 0 1 0 0 0 0 0 0 0 0 0 0 0 0 0 0 0 0 0 0 0 0 0 0 0 0 0 0 0 0 0 1 1 0 0 0 0 0 0 0 0 0 0 0 0
 0 0 0 0 0 0 0 0 0 0 0 0 0 0 0 0 0 0 0 0 0 0 0 0 0 0 0 0 0 0 0 0 1 1 1 0 0 0 0 0 0 0 0 0 0 0
 0 0 0 0 0 0 0 0 0 0 0 0 0 0 0 0 0 0 0 0 0 0 0 0 0 0 0 0 0 0 0 0 1 1 1 0 0 0 0 0 0 0 0 0 0 0
 2 2 0 0 0 0 0 0 0 0 1 0 0 0 1 1 1 1 1 0 0 0 0 0 0 0 0 0 0 0 0 0 1 1 1 0 0 0 0 0 0 0 0 0 0 0
 2 2 0 0 0 0 0 0 0 0 1 3 3 3 3 3 1 1 1 0 0 0 0 0 0 0 0 0 0 0 0 0 0 0 0 0 0 0 0 0 0 0 0 0 0 0
