assets/RAT_results/precipitation/2022-09-01_IMERG.asc
ncols        46
nrows        77
xllcorner    74.800261325624
yllcorner    8.058333333333
cellsize     0.062500000000
NODATA_value -9999
 41 41 43 45 45 48 51 51 51 51 38 31 31 32 31 31 18 18 19 25 25 27 17 17 17 17 14 11 11 11 18 18 19 19 22 14 14 10 10 10 8 8 7 6 6 4
 37 37 49 53 53 48 46 46 43 43 49 41 41 37 37 37 22 22 22 18 18 17 18 18 20 20 24 21 21 13 7 7 10 10 9 10 10 7 7 7 5 5 11 15 15 14
 37 37 49 53 53 48 46 46 43 43 49 41 41 37 37 37 22 22 22 18 18 17 18 18 20 20 24 21 21 13 7 7 10 10 9 10 10 7 7 7 5 5 11 15 15 14
 39 39 49 48 48 47 42 42 35 35 36 37 37 39 40 40 23 23 21 24 24 14 20 20 18 18 16 18 18 12 7 7 4 4 4 5 5 7 6 6 10 10 10 14 14 14
 27 27 44 49 49 49 49 49 45 45 40 46 46 45 41 41 25 25 18 19 19 12 15 15 13 13 11 12 12 11 10 10 9 9 8 6 6 7 10 10 8 8 12 11 11 11
 27 27 44 49 49 49 49 49 45 45 40 46 46 45 41 41 25 25 18 19 19 12 15 15 13 13 11 12 12 11 10 10 9 9 8 6 6 7 10 10 8 8 12 11 11 11
 36 36 36 49 49 51 55 55 52 52 47 55 55 57 40 40 20 20 16 14 14 14 12 12 12 12 11 10 10 8 7 7 6 6 6 6 6 6 10 10 10 10 15 9 9 11
 36 36 36 49 49 51 55 55 52 52 47 55 55 57 40 40 20 20 16 14 14 14 12 12 12 12 11 10 10 8 7 7 6 6 6 6 6 6 10 10 10 10 15 9 9 11
 40 40 41 45 45 46 50 50 52 52 49 43 43 41 32 32 24 24 15 19 19 18 13 13 15 15 18 11 11 7 6 6 6 6 6 7 7 7 9 9 9 9 12 12 12 15
 36 36 40 44 44 47 50 50 57 57 52 50 50 48 40 40 29 29 17 18 18 17 13 13 14 14 12 8 8 7 8 8 8 8 8 7 7 7 11 11 8 8 8 7 7 11
 36 36 40 44 44 47 50 50 57 57 52 50 50 48 40 40 29 29 17 18 18 17 13 13 14 14 12 8 8 7 8 8 8 8 8 7 7 7 11 11 8 8 8 7 7 11
 30 30 35 37 37 48 52 52 49 49 46 43 43 44 39 39 24 24 14 11 11 12 8 8 9 9 9 8 8 7 7 7 8 8 6 5 5 5 7 7 7 7 6 5 5 8
 25 25 27 33 33 40 37 37 44 44 33 28 28 26 25 25 21 21 9 10 10 14 14 14 11 11 12 10 10 5 4 4 4 4 4 7 7 8 8 8 4 4 3 3 3 5
 25 25 27 33 33 40 37 37 44 44 33 28 28 26 25 25 21 21 9 10 10 14 14 14 11 11 12 10 10 5 4 4 4 4 4 7 7 8 8 8 4 4 3 3 3 5
 12 12 12 17 17 17 24 24 25 25 24 26 26 18 13 13 19 19 9 7 7 9 14 14 16 16 9 11 11 6 4 4 5 5 7 7 7 8 7 7 2 2 2 2 2 3
 12 12 12 17 17 17 24 24 25 25 24 26 26 18 13 13 19 19 9 7 7 9 14 14 16 16 9 11 11 6 4 4 5 5 7 7 7 8 7 7 2 2 2 2 2 3
 9 9 4 3 3 5 5 5 11 11 16 22 22 20 27 27 21 21 18 12 12 9 10 10 8 8 7 6 6 7 5 5 14 14 15 14 14 7 7 7 5 5 4 2 2 3
 3 3 3 3 3 6 6 6 4 4 9 13 13 21 29 29 17 17 16 11 11 9 21 21 12 12 10 5 5 12 12 12 15 15 15 14 14 7 6 6 5 5 4 4 4 4
 3 3 3 3 3 6 6 6 4 4 9 13 13 21 29 29 17 17 16 11 11 9 21 21 12 12 10 5 5 12 12 12 15 15 15 14 14 7 6 6 5 5 4 4 4 4
 3 3 3 3 3 3 4 4 4 4 4 10 10 18 29 29 25 25 27 24 24 19 20 20 10 10 9 5 5 7 10 10 12 12 11 9 9 8 6 6 5 5 5 4 4 4
 3 3 2 2 2 3 3 3 3 3 5 10 10 15 27 27 33 33 24 19 19 19 12 12 5 5 5 6 6 7 12 12 7 7 13 7 7 9 8 8 17 17 5 3 3 3
 3 3 2 2 2 3 3 3 3 3 5 10 10 15 27 27 33 33 24 19 19 19 12 12 5 5 5 6 6 7 12 12 7 7 13 7 7 9 8 8 17 17 5 3 3 3
 2 2 2 2 2 2 2 2 4 4 5 14 14 16 26 26 35 35 32 28 28 18 10 10 4 4 5 6 6 9 9 9 8 8 8 7 7 9 8 8 17 17 18 9 9 5
 2 2 2 2 2 2 2 2 4 4 5 14 14 16 26 26 35 35 32 28 28 18 10 10 4 4 5 6 6 9 9 9 8 8 8 7 7 9 8 8 17 17 18 9 9 5
 2 2 2 2 2 2 6 6 8 8 11 17 17 15 15 15 15 15 22 16 16 7 7 7 7 7 8 9 9 10 8 8 10 10 10 6 6 20 19 19 26 26 18 26 26 11
 2 2 2 2 2 5 12 12 27 27 29 43 43 51 32 32 18 18 22 13 13 5 7 7 13 13 13 10 10 11 9 9 16 16 14 30 30 29 19 19 27 27 27 26 26 10
 2 2 2 2 2 5 12 12 27 27 29 43 43 51 32 32 18 18 22 13 13 5 7 7 13 13 13 10 10 11 9 9 16 16 14 30 30 29 19 19 27 27 27 26 26 10
 3 3 3 3 3 6 21 21 30 30 31 55 55 57 50 50 48 48 33 29 29 13 20 20 18 18 16 11 11 11 12 12 17 17 14 30 30 30 33 33 34 34 36 34 34 16
 5 5 5 8 8 11 23 23 26 26 30 66 66 67 67 67 51 51 38 39 39 17 22 22 25 25 25 15 15 16 20 20 25 25 20 9 9 8 9 9 32 32 32 31 31 15
 5 5 5 8 8 11 23 23 26 26 30 66 66 67 67 67 51 51 38 39 39 17 22 22 25 25 25 15 15 16 20 20 25 25 20 9 9 8 9 9 32 32 32 31 31 15
 7 7 7 12 12 11 13 13 23 23 30 47 47 56 52 52 52 52 41 40 40 38 26 26 28 28 26 18 18 17 20 20 22 22 20 18 18 6 8 8 32 32 31 13 13 13
 7 7 7 12 12 11 13 13 23 23 30 47 47 56 52 52 52 52 41 40 40 38 26 26 28 28 26 18 18 17 20 20 22 22 20 18 18 6 8 8 32 32 31 13 13 13
 9 9 7 10 10 11 12 12 22 22 37 39 39 50 53 53 41 41 35 28 28 28 23 23 24 24 24 17 17 15 15 15 17 17 15 15 15 14 19 19 13 13 14 6 6 4
 11 11 9 11 11 8 10 10 19 19 38 40 40 24 24 24 22 22 33 33 33 22 20 20 17 17 15 12 12 13 12 12 10 10 7 6 6 4 5 5 4 4 14 6 6 4
 11 11 9 11 11 8 10 10 19 19 38 40 40 24 24 24 22 22 33 33 33 22 20 20 17 17 15 12 12 13 12 12 10 10 7 6 6 4 5 5 4 4 14 6 6 4
 13 13 10 8 8 9 10 10 18 18 22 16 16 18 20 20 19 19 25 26 26 21 14 14 13 13 11 8 8 8 7 7 6 6 5 7 7 5 4 4 3 3 4 3 3 3
 8 8 8 8 8 8 8 8 9 9 10 10 10 14 16 16 16 16 17 18 18 16 12 12 9 9 8 8 8 8 8 8 10 10 6 5 5 2 2 2 2 2 4 3 3 3
 8 8 8 8 8 8 8 8 9 9 10 10 10 14 16 16 16 16 17 18 18 16 12 12 9 9 8 8 8 8 8 8 10 10 6 5 5 2 2 2 2 2 4 3 3 3
 12 12 5 6 6 7 6 6 6 6 8 9 9 11 13 13 13 13 11 13 13 16 18 18 12 12 10 8 8 7 9 9 8 8 4 3 3 2 2 2 2 2 5 4 4 6
 12 12 5 6 6 7 6 6 6 6 8 9 9 11 13 13 13 13 11 13 13 16 18 18 12 12 10 8 8 7 9 9 8 8 4 3 3 2 2 2 2 2 5 4 4 6
 12 12 13 4 4 5 6 6 7 7 9 10 10 11 12 12 12 12 10 11 11 13 14 14 13 13 9 6 6 8 8 8 16 16 11 11 11 3 3 3 3 3 3 5 5 4
 42 42 29 30 30 4 7 7 8 8 9 7 7 7 8 8 7 7 6 5 5 6 7 7 7 7 5 4 4 7 6 6 14 14 4 5 5 3 5 5 3 3 2 4 4 4
 42 42 29 30 30 4 7 7 8 8 9 7 7 7 8 8 7 7 6 5 5 6 7 7 7 7 5 4 4 7 6 6 14 14 4 5 5 3 5 5 3 3 2 4 4 4
 43 43 31 31 31 31 14 14 14 14 13 8 8 4 5 5 3 3 3 6 6 6 4 4 5 5 3 2 2 1 1 1 4 4 4 5 5 3 5 5 4 4 2 2 2 2
 46 46 45 43 43 41 27 27 11 11 11 7 7 7 2 2 2 2 2 10 10 5 2 2 2 2 2 1 1 1 2 2 2 2 3 8 8 5 6 6 5 5 4 3 3 2
 46 46 45 43 43 41 27 27 11 11 11 7 7 7 2 2 2 2 2 10 10 5 2 2 2 2 2 1 1 1 2 2 2 2 3 8 8 5 6 6 5 5 4 3 3 2
 30 30 27 41 41 39 26 26 26 26 25 28 28 28 29 29 4 4 11 10 10 9 2 2 3 3 3 2 2 1 2 2 3 3 3 9 9 5 4 4 6 6 5 4 4 3
 30 30 27 41 41 39 26 26 26 26 25 28 28 28 29 29 4 4 11 10 10 9 2 2 3 3 3 2 2 1 2 2 3 3 3 9 9 5 4 4 6 6 5 4 4 3
 27 27 25 24 24 19 18 18 19 19 27 28 28 28 30 30 38 38 26 22 22 11 11 11 4 4 3 2 2 1 2 2 2 2 2 2 2 2 4 4 8 8 6 4 4 5
 18 18 17 18 18 20 19 19 19 19 27 31 31 36 38 38 44 44 62 23 23 11 11 11 10 10 3 2 2 1 1 1 1 1 1 2 2 2 5 5 13 13 6 3 3 2
 18 18 17 18 18 20 19 19 19 19 27 31 31 36 38 38 44 44 62 23 23 11 11 11 10 10 3 2 2 1 1 1 1 1 1 2 2 2 5 5 13 13 6 3 3 2
 12 12 17 18 18 24 21 21 22 22 29 31 31 43 37 37 39 39 59 59 59 42 41 41 8 8 7 3 3 2 1 1 1 1 1 1 1 2 3 3 5 5 4 3 3 1
 11 11 12 12 12 28 25 25 35 35 30 32 32 45 49 49 140 140 141 135 135 44 42 42 7 7 6 2 2 2 1 1 1 1 2 2 2 2 2 2 3 3 4 5 5 2
 11 11 12 12 12 28 25 25 35 35 30 32 32 45 49 49 140 140 141 135 135 44 42 42 7 7 6 2 2 2 1 1 1 1 2 2 2 2 2 2 3 3 4 5 5 2
 11 11 11 13 13 23 24 24 34 34 36 38 38 65 73 73 120 120 138 132 132 41 41 41 4 4 4 1 1 1 1 1 1 1 2 3 3 4 5 5 6 6 6 4 4 2
 11 11 11 13 13 23 24 24 34 34 36 38 38 65 73 73 120 120 138 132 132 41 41 41 4 4 4 1 1 1 1 1 1 1 2 3 3 4 5 5 6 6 6 4 4 2
 12 12 12 20 20 21 23 23 27 27 28 31 31 68 75 75 113 113 111 31 31 30 29 29 3 3 4 1 1 1 1 1 2 2 4 6 6 6 5 5 4 4 3 2 2 2
 15 15 32 34 34 17 26 26 30 30 30 34 34 35 46 46 26 26 28 13 13 31 3 3 2 2 2 1 1 1 2 2 5 5 5 5 5 6 6 6 4 4 3 3 3 4
 15 15 32 34 34 17 26 26 30 30 30 34 34 35 46 46 26 26 28 13 13 31 3 3 2 2 2 1 1 1 2 2 5 5 5 5 5 6 6 6 4 4 3 3 3 4
 29 29 33 34 34 20 24 24 20 20 18 13 13 24 42 42 32 32 33 21 21 32 8 8 9 9 6 7 7 8 9 9 7 7 6 17 17 11 7 7 7 7 5 4 4 7
 28 28 26 28 28 17 18 18 15 15 15 11 11 29 32 32 43 43 46 50 50 38 26 26 11 11 7 11 11 10 11 11 13 13 19 19 19 12 7 7 7 7 6 5 5 6
 28 28 26 28 28 17 18 18 15 15 15 11 11 29 32 32 43 43 46 50 50 38 26 26 11 11 7 11 11 10 11 11 13 13 19 19 19 12 7 7 7 7 6 5 5 6
 28 28 26 18 18 23 18 18 14 14 9 7 7 26 28 28 38 38 29 48 48 51 51 51 13 13 11 13 13 11 8 8 12 12 12 12 12 9 8 8 7 7 8 6 6 9
 28 28 26 18 18 23 18 18 14 14 9 7 7 26 28 28 38 38 29 48 48 51 51 51 13 13 11 13 13 11 8 8 12 12 12 12 12 9 8 8 7 7 8 6 6 9
 18 18 15 19 19 22 20 20 14 14 11 10 10 9 14 14 29 29 29 46 46 47 44 44 20 20 17 10 10 9 9 9 9 9 11 12 12 10 9 9 13 13 15 14 14 13
 19 19 13 16 16 19 16 16 13 13 8 12 12 13 18 18 19 19 17 24 24 31 39 39 19 19 18 11 11 10 9 9 10 10 9 11 11 14 16 16 18 18 20 15 15 15
 19 19 13 16 16 19 16 16 13 13 8 12 12 13 18 18 19 19 17 24 24 31 39 39 19 19 18 11 11 10 9 9 10 10 9 11 11 14 16 16 18 18 20 15 15 15
 19 19 13 17 17 19 24 24 22 22 19 23 23 25 30 30 18 18 16 17 17 27 31 31 10 10 9 8 8 7 7 7 10 10 11 12 12 9 12 12 16 16 19 17 17 15
 17 17 20 28 28 26 34 34 26 26 16 22 22 22 22 22 17 17 14 15 15 22 23 23 8 8 6 4 4 4 4 4 8 8 9 9 9 8 11 11 8 8 15 22 22 21
 17 17 20 28 28 26 34 34 26 26 16 22 22 22 22 22 17 17 14 15 15 22 23 23 8 8 6 4 4 4 4 4 8 8 9 9 9 8 11 11 8 8 15 22 22 21
 22 22 26 26 26 30 27 27 23 23 21 21 21 18 15 15 12 12 10 10 10 14 13 13 7 7 5 5 5 5 4 4 4 4 7 7 7 7 8 8 8 8 17 17 17 16
 22 22 26 26 26 30 27 27 23 23 21 21 21 18 15 15 12 12 10 10 10 14 13 13 7 7 5 5 5 5 4 4 4 4 7 7 7 7 8 8 8 8 17 17 17 16
 19 19 17 16 16 16 17 17 18 18 14 16 16 12 12 12 9 9 10 8 8 8 7 7 5 5 4 4 4 5 4 4 4 4 7 6 6 7 6 6 6 6 7 6 6 7
 14 14 13 13 13 13 13 13 12 12 10 11 11 11 11 11 11 11 9 6 6 6 4 4 4 4 4 4 4 4 3 3 3 3 3 3 3 4 4 4 5 5 5 4 4 3
 14 14 13 13 13 13 13 13 12 12 10 11 11 11 11 11 11 11 9 6 6 6 4 4 4 4 4 4 4 4 3 3 3 3 3 3 3 4 4 4 5 5 5 4 4 3
 14 14 16 14 14 15 14 14 13 13 11 11 11 11 11 11 9 9 9 7 7 5 6 6 5 5 5 3 3 5 6 6 5 5 4 4 4 1 3 3 3 3 3 2 2 2
 26 26 17 16 16 18 22 22 16 16 17 13 13 12 10 10 11 11 10 7 7 6 7 7 8 8 4 3 3 4 4 4 5 5 5 5 5 1 1 1 1 1 1 0 0 0
