assets/RAT_results/precipitation/2022-11-15_IMERG.asc
ncols        46
nrows        77
xllcorner    74.800261325624
yllcorner    8.058333333333
cellsize     0.062500000000
NODATA_value -9999
 3 3 6 15 15 25 21 21 13 13 11 3 3 0 0 0 0 0 0 0 0 0 0 0 0 0 0 0 0 0 0 0 0 0 0 0 0 0 0 0 0 0 0 0 0 0
 1 1 1 4 4 11 11 11 12 12 17 7 7 1 0 0 0 0 0 0 0 0 0 0 0 0 0 0 0 0 0 0 0 0 0 0 0 0 0 0 0 0 0 0 0 0
 1 1 1 4 4 11 11 11 12 12 17 7 7 1 0 0 0 0 0 0 0 0 0 0 0 0 0 0 0 0 0 0 0 0 0 0 0 0 0 0 0 0 0 0 0 0
 2 2 0 1 1 1 2 2 3 3 4 2 2 0 0 0 0 0 0 0 0 0 0 0 0 0 0 0 0 0 0 0 0 0 0 0 0 0 0 0 0 0 0 0 0 0
 0 0 0 0 0 0 0 0 0 0 0 0 0 2 0 0 0 0 0 0 0 0 0 0 0 0 0 0 0 0 0 0 0 0 0 1 1 1 0 0 0 0 0 0 0 0
 0 0 0 0 0 0 0 0 0 0 0 0 0 2 0 0 0 0 0 0 0 0 0 0 0 0 0 0 0 0 0 0 0 0 0 1 1 1 0 0 0 0 0 0 0 0
 3 3 0 0 0 0 0 0 1 1 4 0 0 0 0 0 0 0 0 0 0 0 0 0 0 0 0 0 0 0 0 0 0 0 0 1 1 1 0 0 0 0 0 0 0 0
 3 3 0 0 0 0 0 0 1 1 4 0 0 0 0 0 0 0 0 0 0 0 0 0 0 0 0 0 0 0 0 0 0 0 0 1 1 1 0 0 0 0 0 0 0 0
 3 3 3 2 2 1 1 1 1 1 1 5 5 0 0 0 0 0 0 0 0 0 0 0 0 0 0 0 0 0 0 0 0 0 0 0 0 0 0 0 0 0 0 0 0 0
 3 3 2 2 2 2 4 4 1 1 0 7 7 0 0 0 0 0 0 0 0 0 0 0 0 0 0 0 0 0 0 0 0 0 0 0 0 0 0 0 0 0 0 0 0 0
 3 3 2 2 2 2 4 4 1 1 0 7 7 0 0 0 0 0 0 0 0 0 0 0 0 0 0 0 0 0 0 0 0 0 0 0 0 0 0 0 0 0 0 0 0 0
 16 16 43 4 4 1 1 1 0 0 0 0 0 0 0 0 0 0 0 0 0 0 0 0 0 0 0 0 0 0 0 0 0 0 0 0 0 0 0 0 0 0 0 0 0 0
 5 5 20 14 14 2 1 1 0 0 0 0 0 0 0 0 2 2 0 0 0 0 0 0 0 0 0 0 0 0 0 0 0 0 0 0 0 0 0 0 0 0 0 0 0 0
 5 5 20 14 14 2 1 1 0 0 0 0 0 0 0 0 2 2 0 0 0 0 0 0 0 0 0 0 0 0 0 0 0 0 0 0 0 0 0 0 0 0 0 0 0 0
 3 3 23 32 32 4 1 1 0 0 0 0 0 0 0 0 0 0 0 0 0 0 0 0 0 0 0 0 0 0 0 0 0 0 0 0 0 0 0 0 0 0 0 0 0 0
 3 3 23 32 32 4 1 1 0 0 0 0 0 0 0 0 0 0 0 0 0 0 0 0 0 0 0 0 0 0 0 0 0 0 0 0 0 0 0 0 0 0 0 0 0 0
 4 4 7 15 15 17 1 1 1 1 1 1 1 0 0 0 0 0 0 0 0 0 0 0 0 0 0 0 0 0 0 0 0 0 0 0 0 0 0 0 0 0 0 0 0 0
 1 1 4 8 8 6 7 7 1 1 3 4 4 2 1 1 0 0 0 0 0 0 0 0 0 0 0 0 0 0 0 0 0 0 0 0 0 0 0 0 0 0 0 0 0 0
 1 1 4 8 8 6 7 7 1 1 3 4 4 2 1 1 0 0 0 0 0 0 0 0 0 0 0 0 0 0 0 0 0 0 0 0 0 0 0 0 0 0 0 0 0 0
 1 1 2 5 5 2 1 1 2 2 4 8 8 5 2 2 1 1 1 0 0 0 0 0 0 0 0 0 0 0 0 0 0 0 0 0 0 0 0 0 0 0 0 0 0 0
 3 3 3 1 1 1 1 1 2 2 3 8 8 9 7 7 4 4 3 1 1 0 0 0 0 0 0 2 2 0 0 0 0 0 0 0 0 0 0 0 0 0 0 0 0 0
 3 3 3 1 1 1 1 1 2 2 3 8 8 9 7 7 4 4 3 1 1 0 0 0 0 0 0 2 2 0 0 0 0 0 0 0 0 0 0 0 0 0 0 0 0 0
 4 4 3 1 1 2 2 2 1 1 1 2 2 4 5 5 6 6 4 2 2 0 0 0 0 0 0 2 2 1 0 0 1 1 0 0 0 0 0 0 0 0 0 0 0 0
 4 4 3 1 1 2 2 2 1 1 1 2 2 4 5 5 6 6 4 2 2 0 0 0 0 0 0 2 2 1 0 0 1 1 0 0 0 0 0 0 0 0 0 0 0 0
 4 4 4 3 3 1 2 2 2 2 3 1 1 2 2 2 2 2 2 1 1 0 1 1 0 0 0 1 1 2 0 0 1 1 0 0 0 0 0 0 0 0 0 0 0 0
 4 4 3 5 5 4 4 4 6 6 7 6 6 4 4 4 3 3 1 1 1 1 1 1 1 1 1 1 1 1 0 0 0 0 0 0 0 0 0 0 0 0 0 0 0 0
 4 4 3 5 5 4 4 4 6 6 7 6 6 4 4 4 3 3 1 1 1 1 1 1 1 1 1 1 1 1 0 0 0 0 0 0 0 0 0 0 0 0 0 0 0 0
 5 5 4 6 6 4 5 5 5 5 9 11 11 8 9 9 13 13 10 10 10 5 3 3 3 3 1 1 1 1 0 0 0 0 0 3 3 0 0 0 0 0 0 0 0 0
 6 6 4 7 7 3 3 3 3 3 7 9 9 10 13 13 25 25 23 20 20 14 10 10 12 12 5 1 1 0 0 0 0 0 0 0 0 0 0 0 0 0 0 0 0 0
 6 6 4 7 7 3 3 3 3 3 7 9 9 10 13 13 25 25 23 20 20 14 10 10 12 12 5 1 1 0 0 0 0 0 0 0 0 0 0 0 0 0 0 0 0 0
 7 7 4 6 6 2 1 1 1 1 2 4 4 7 11 11 22 22 22 23 23 31 27 27 21 21 9 2 2 0 0 0 0 0 0 0 0 0 0 0 0 0 0 0 0 0
 7 7 4 6 6 2 1 1 1 1 2 4 4 7 11 11 22 22 22 23 23 31 27 27 21 21 9 2 2 0 0 0 0 0 0 0 0 0 0 0 0 0 0 0 0 0
 8 8 4 4 4 3 1 1 1 1 0 1 1 2 3 3 14 14 17 20 20 27 26 26 18 18 4 1 1 0 0 0 0 0 0 0 0 0 0 0 0 0 0 0 0 0
 1 1 1 2 2 2 1 1 1 1 0 0 0 0 1 1 2 2 5 7 7 7 13 13 4 4 1 0 0 0 0 0 0 0 0 0 0 0 0 0 0 0 0 0 0 0
 1 1 1 2 2 2 1 1 1 1 0 0 0 0 1 1 2 2 5 7 7 7 13 13 4 4 1 0 0 0 0 0 0 0 0 0 0 0 0 0 0 0 0 0 0 0
 0 0 0 1 1 1 1 1 0 0 0 0 0 0 1 1 1 1 2 1 1 1 2 2 0 0 0 0 0 0 0 0 0 0 0 0 0 0 0 0 0 0 0 0 0 0
 0 0 0 0 0 0 0 0 0 0 0 0 0 0 0 0 0 0 1 1 1 1 0 0 0 0 0 0 0 0 0 0 0 0 0 0 0 0 0 0 0 0 0 0 0 0
 0 0 0 0 0 0 0 0 0 0 0 0 0 0 0 0 0 0 1 1 1 1 0 0 0 0 0 0 0 0 0 0 0 0 0 0 0 0 0 0 0 0 0 0 0 0
 0 0 0 0 0 0 1 1 0 0 0 0 0 0 0 0 0 0 1 1 1 1 0 0 0 0 0 0 0 0 0 0 0 0 0 0 0 0 1 1 0 0 0 0 0 0
 0 0 0 0 0 0 1 1 0 0 0 0 0 0 0 0 0 0 1 1 1 1 0 0 0 0 0 0 0 0 0 0 0 0 0 0 0 0 1 1 0 0 0 0 0 0
 0 0 0 0 0 0 1 1 1 1 1 0 0 0 0 0 1 1 0 1 1 1 0 0 0 0 0 0 0 0 0 0 0 0 0 2 2 1 1 1 0 0 0 0 0 0
 3 3 2 2 2 0 0 0 1 1 1 0 0 0 1 1 1 1 1 1 1 1 1 1 1 1 1 1 1 1 1 1 1 1 0 0 0 2 0 0 1 1 1 1 1 1
 3 3 2 2 2 0 0 0 1 1 1 0 0 0 1 1 1 1 1 1 1 1 1 1 1 1 1 1 1 1 1 1 1 1 0 0 0 2 0 0 1 1 1 1 1 1
 4 4 3 2 2 0 0 0 0 0 0 0 0 0 0 0 1 1 1 1 1 2 3 3 3 3 3 4 4 3 2 2 3 3 2 0 0 2 1 1 1 1 2 2 2 2
 4 4 3 0 0 0 0 0 0 0 0 0 0 0 0 0 1 1 1 1 1 1 3 3 4 4 5 6 6 4 2 2 4 4 4 1 1 0 0 0 0 0 1 2 2 4
 4 4 3 0 0 0 0 0 0 0 0 0 0 0 0 0 1 1 1 1 1 1 3 3 4 4 5 6 6 4 2 2 4 4 4 1 1 0 0 0 0 0 1 2 2 4
 0 0 0 0 0 0 0 0 0 0 0 0 0 0 0 0 0 0 1 1 1 1 1 1 4 4 6 8 8 9 3 3 1 1 1 0 0 0 0 0 2 2 1 1 1 1
 0 0 0 0 0 0 0 0 0 0 0 0 0 0 0 0 0 0 1 1 1 1 1 1 4 4 6 8 8 9 3 3 1 1 1 0 0 0 0 0 2 2 1 1 1 1
 1 1 0 0 0 0 0 0 0 0 0 0 0 0 1 1 1 1 1 0 0 1 1 1 2 2 3 4 4 6 2 2 1 1 0 0 0 1 1 1 1 1 0 0 0 0
 1 1 1 0 0 1 1 1 0 0 0 0 0 0 1 1 1 1 2 2 2 1 1 1 3 3 3 3 3 4 3 3 2 2 1 0 0 2 1 1 1 1 1 2 2 1
 1 1 1 0 0 1 1 1 0 0 0 0 0 0 1 1 1 1 2 2 2 1 1 1 3 3 3 3 3 4 3 3 2 2 1 0 0 2 1 1 1 1 1 2 2 1
 3 3 1 3 3 3 2 2 1 1 1 0 0 0 1 1 2 2 3 4 4 3 4 4 12 12 7 5 5 4 5 5 3 3 1 1 1 0 0 0 1 1 4 2 2 3
 3 3 3 3 3 4 6 6 5 5 4 3 3 2 1 1 2 2 2 3 3 4 8 8 18 18 16 11 11 13 14 14 11 11 3 1 1 1 1 1 1 1 11 3 3 13
 3 3 3 3 3 4 6 6 5 5 4 3 3 2 1 1 2 2 2 3 3 4 8 8 18 18 16 11 11 13 14 14 11 11 3 1 1 1 1 1 1 1 11 3 3 13
 2 2 4 4 4 5 5 5 5 5 11 11 11 9 5 5 3 3 3 4 4 5 6 6 11 11 15 19 19 23 28 28 25 25 11 5 5 4 2 2 5 5 22 50 50 49
 2 2 4 4 4 5 5 5 5 5 11 11 11 9 5 5 3 3 3 4 4 5 6 6 11 11 15 19 19 23 28 28 25 25 11 5 5 4 2 2 5 5 22 50 50 49
 1 1 2 4 4 5 1 1 3 3 6 11 11 17 12 12 6 6 5 6 6 7 8 8 7 7 8 8 8 11 20 20 21 21 12 16 16 12 11 11 10 10 14 5 5 14
 1 1 2 2 2 2 1 1 1 1 5 11 11 12 7 7 5 5 6 6 6 6 8 8 5 5 5 6 6 8 9 9 9 9 9 12 12 16 28 28 27 27 12 6 6 3
 1 1 2 2 2 2 1 1 1 1 5 11 11 12 7 7 5 5 6 6 6 6 8 8 5 5 5 6 6 8 9 9 9 9 9 12 12 16 28 28 27 27 12 6 6 3
 0 0 0 0 0 0 0 0 1 1 3 4 4 4 3 3 3 3 3 4 4 5 5 5 4 4 4 5 5 7 9 9 11 11 21 13 13 18 43 43 30 30 13 9 9 10
 0 0 0 0 0 0 0 0 3 3 4 7 7 8 9 9 4 4 2 2 2 2 4 4 15 15 3 3 3 3 4 4 7 7 28 29 29 36 37 37 40 40 18 10 10 3
 0 0 0 0 0 0 0 0 3 3 4 7 7 8 9 9 4 4 2 2 2 2 4 4 15 15 3 3 3 3 4 4 7 7 28 29 29 36 37 37 40 40 18 10 10 3
 0 0 0 0 0 1 1 1 5 5 7 8 8 10 12 12 7 7 4 2 2 2 10 10 10 10 3 5 5 4 3 3 4 4 12 19 19 37 41 41 60 60 56 22 22 4
 0 0 0 0 0 1 1 1 5 5 7 8 8 10 12 12 7 7 4 2 2 2 10 10 10 10 3 5 5 4 3 3 4 4 12 19 19 37 41 41 60 60 56 22 22 4
 0 0 0 1 1 1 1 1 5 5 6 10 10 11 14 14 16 16 8 5 5 2 3 3 7 7 4 5 5 11 9 9 4 4 7 11 11 26 33 33 48 48 46 10 10 6
 0 0 1 2 2 2 1 1 3 3 7 8 8 9 10 10 10 10 5 6 6 5 5 5 6 6 4 4 4 10 9 9 9 9 12 8 8 13 24 24 29 29 22 17 17 10
 0 0 1 2 2 2 1 1 3 3 7 8 8 9 10 10 10 10 5 6 6 5 5 5 6 6 4 4 4 10 9 9 9 9 12 8 8 13 24 24 29 29 22 17 17 10
 0 0 1 1 1 0 0 0 2 2 7 8 8 9 8 8 8 8 3 5 5 4 4 4 4 4 5 5 5 6 11 11 10 10 10 7 7 8 12 12 14 14 25 11 11 7
 0 0 0 0 0 0 0 0 0 0 0 0 0 1 7 7 6 6 6 3 3 3 3 3 4 4 5 7 7 10 10 10 16 16 14 9 9 7 7 7 8 8 6 3 3 3
 0 0 0 0 0 0 0 0 0 0 0 0 0 1 7 7 6 6 6 3 3 3 3 3 4 4 5 7 7 10 10 10 16 16 14 9 9 7 7 7 8 8 6 3 3 3
 0 0 1 0 0 0 0 0 0 0 0 0 0 1 7 7 7 7 6 7 7 9 3 3 4 4 5 7 7 9 9 9 8 8 25 14 14 8 6 6 6 6 11 11 11 3
 0 0 1 0 0 0 0 0 0 0 0 0 0 1 7 7 7 7 6 7 7 9 3 3 4 4 5 7 7 9 9 9 8 8 25 14 14 8 6 6 6 6 11 11 11 3
 0 0 0 0 0 0 0 0 0 0 0 0 0 0 0 0 5 5 4 7 7 7 4 4 5 5 7 6 6 6 6 6 6 6 23 20 20 11 7 7 6 6 8 9 9 5
 0 0 0 0 0 0 0 0 0 0 0 0 0 0 0 0 0 0 4 7 7 2 3 3 4 4 5 6 6 4 3 3 4 4 5 5 5 12 7 7 5 5 6 8 8 10
 0 0 0 0 0 0 0 0 0 0 0 0 0 0 0 0 0 0 4 7 7 2 3 3 4 4 5 6 6 4 3 3 4 4 5 5 5 12 7 7 5 5 6 8 8 10
 0 0 0 0 0 0 0 0 0 0 0 0 0 0 0 0 0 0 0 2 2 1 1 1 1 1 2 3 3 3 3 3 4 4 5 5 5 5 6 6 4 4 12 14 14 29
 0 0 0 0 0 0 0 0 0 0 0 0 0 2 2 2 0 0 1 2 2 1 2 2 2 2 2 2 2 2 2 2 2 2 12 6 6 6 4 4 6 6 18 26 26 18
