assets/RAT_results/precipitation/2022-06-11_IMERG.asc
ncols        46
nrows        77
xllcorner    74.800261325624
yllcorner    8.058333333333
cellsize     0.062500000000
NODATA_value -9999
 24 24 24 29 29 26 29 29 10 10 9 8 8 10 8 8 2 2 0 0 0 0 0 0 0 0 0 0 0 0 0 0 0 0 0 0 0 0 0 0 0 0 0 0 0 0
 24 24 25 30 30 29 28 28 10 10 9 5 5 6 5 5 2 2 0 0 0 1 2 2 1 1 0 0 0 0 0 0 0 0 0 0 0 0 0 0 0 0 0 0 0 0
 24 24 25 30 30 29 28 28 10 10 9 5 5 6 5 5 2 2 0 0 0 1 2 2 1 1 0 0 0 0 0 0 0 0 0 0 0 0 0 0 0 0 0 0 0 0
 71 71 31 17 17 12 5 5 7 7 9 10 10 11 4 4 2 2 0 0 0 0 1 1 1 1 0 0 0 1 0 0 0 0 0 0 0 0 0 0 0 0 0 0 0 0
 101 101 30 13 13 11 3 3 5 5 5 2 2 1 1 1 0 0 0 0 0 0 2 2 2 2 1 0 0 0 0 0 0 0 0 0 0 0 0 0 0 0 0 0 0 0
 101 101 30 13 13 11 3 3 5 5 5 2 2 1 1 1 0 0 0 0 0 0 2 2 2 2 1 0 0 0 0 0 0 0 0 0 0 0 0 0 0 0 0 0 0 0
 88 88 34 21 21 11 2 2 2 2 1 1 1 0 0 0 0 0 0 0 0 1 3 3 2 2 1 0 0 0 0 0 0 0 0 0 0 0 0 0 0 0 0 0 0 0
 88 88 34 21 21 11 2 2 2 2 1 1 1 0 0 0 0 0 0 0 0 1 3 3 2 2 1 0 0 0 0 0 0 0 0 0 0 0 0 0 0 0 0 0 0 0
 95 95 48 21 21 17 17 17 8 8 2 1 1 0 0 0 0 0 0 0 0 0 1 1 1 1 0 0 0 0 0 0 0 0 0 0 0 0 0 0 0 0 0 0 0 0
 39 39 18 13 13 22 27 27 8 8 2 0 0 0 0 0 0 0 0 0 0 0 0 0 0 0 0 0 0 0 0 0 0 0 0 0 0 0 0 0 0 0 0 0 0 0
 39 39 18 13 13 22 27 27 8 8 2 0 0 0 0 0 0 0 0 0 0 0 0 0 0 0 0 0 0 0 0 0 0 0 0 0 0 0 0 0 0 0 0 0 0 0
 15 15 15 9 9 9 9 9 2 2 1 0 0 0 0 0 0 0 0 0 0 0 0 0 0 0 0 0 0 0 0 0 0 0 0 0 0 0 0 0 0 0 0 0 0 0
 11 11 10 5 5 3 3 3 1 1 1 0 0 0 0 0 0 0 0 0 0 0 0 0 0 0 0 0 0 0 0 0 0 0 0 0 0 0 0 0 0 0 0 0 0 0
 11 11 10 5 5 3 3 3 1 1 1 0 0 0 0 0 0 0 0 0 0 0 0 0 0 0 0 0 0 0 0 0 0 0 0 0 0 0 0 0 0 0 0 0 0 0
 7 7 5 3 3 1 2 2 1 1 0 0 0 0 0 0 0 0 0 0 0 0 0 0 0 0 0 0 0 0 0 0 0 0 0 0 0 0 0 0 0 0 0 0 0 0
 7 7 5 3 3 1 2 2 1 1 0 0 0 0 0 0 0 0 0 0 0 0 0 0 0 0 0 0 0 0 0 0 0 0 0 0 0 0 0 0 0 0 0 0 0 0
 6 6 4 3 3 2 1 1 1 1 0 0 0 2 0 0 0 0 0 0 0 0 0 0 0 0 0 0 0 0 0 0 0 0 0 0 0 0 0 0 0 0 0 0 0 0
 5 5 4 10 10 5 1 1 0 0 0 0 0 0 0 0 0 0 0 0 0 0 0 0 0 0 0 0 0 0 0 0 0 0 0 0 0 0 1 1 2 2 1 0 0 0
 5 5 4 10 10 5 1 1 0 0 0 0 0 0 0 0 0 0 0 0 0 0 0 0 0 0 0 0 0 0 0 0 0 0 0 0 0 0 1 1 2 2 1 0 0 0
 4 4 4 6 6 3 1 1 0 0 0 0 0 0 0 0 0 0 0 0 0 0 0 0 0 0 0 0 0 0 0 0 0 0 0 0 0 0 1 1 1 1 1 1 1 0
 8 8 7 3 3 3 4 4 3 3 1 1 1 0 0 0 0 0 0 0 0 0 0 0 0 0 0 0 0 0 0 0 0 0 0 0 0 0 0 0 0 0 0 0 0 0
 8 8 7 3 3 3 4 4 3 3 1 1 1 0 0 0 0 0 0 0 0 0 0 0 0 0 0 0 0 0 0 0 0 0 0 0 0 0 0 0 0 0 0 0 0 0
 7 7 6 4 4 4 5 5 3 3 5 1 1 0 0 0 0 0 0 0 0 0 1 1 1 1 0 0 0 0 0 0 0 0 0 0 0 0 0 0 1 1 1 0 0 0
 7 7 6 4 4 4 5 5 3 3 5 1 1 0 0 0 0 0 0 0 0 0 1 1 1 1 0 0 0 0 0 0 0 0 0 0 0 0 0 0 1 1 1 0 0 0
 5 5 6 7 7 8 8 8 6 6 5 1 1 1 0 0 0 0 0 0 0 0 0 0 0 0 0 0 0 0 0 0 0 0 0 0 0 0 0 0 0 0 0 0 0 0
 5 5 7 7 7 7 7 7 6 6 2 1 1 2 0 0 0 0 0 0 0 0 0 0 1 1 1 0 0 0 0 0 0 0 0 0 0 0 0 0 0 0 0 0 0 0
 5 5 7 7 7 7 7 7 6 6 2 1 1 2 0 0 0 0 0 0 0 0 0 0 1 1 1 0 0 0 0 0 0 0 0 0 0 0 0 0 0 0 0 0 0 0
 10 10 12 6 6 7 7 7 7 7 4 3 3 2 0 0 0 0 0 1 1 1 1 1 1 1 0 0 0 0 0 0 0 0 0 0 0 0 0 0 0 0 0 0 0 0
 19 19 18 54 54 12 15 15 16 16 7 8 8 5 0 0 0 0 0 0 0 0 0 0 0 0 0 0 0 0 0 0 0 0 0 0 0 0 0 0 0 0 0 0 0 0
 19 19 18 54 54 12 15 15 16 16 7 8 8 5 0 0 0 0 0 0 0 0 0 0 0 0 0 0 0 0 0 0 0 0 0 0 0 0 0 0 0 0 0 0 0 0
 32 32 32 33 33 12 11 11 15 15 16 12 12 8 4 4 6 6 1 0 0 0 0 0 0 0 0 0 0 0 0 0 0 0 0 0 0 0 0 0 0 0 0 0 0 0
 32 32 32 33 33 12 11 11 15 15 16 12 12 8 4 4 6 6 1 0 0 0 0 0 0 0 0 0 0 0 0 0 0 0 0 0 0 0 0 0 0 0 0 0 0 0
 15 15 13 25 25 15 12 12 8 8 11 14 14 7 9 9 7 7 1 1 1 0 0 0 0 0 1 1 1 1 0 0 0 0 1 1 1 0 0 0 0 0 0 0 0 0
 15 15 6 19 19 9 7 7 16 16 16 45 45 11 10 10 3 3 0 0 0 0 0 0 0 0 0 0 0 1 0 0 0 0 0 0 0 0 0 0 0 0 0 0 0 0
 15 15 6 19 19 9 7 7 16 16 16 45 45 11 10 10 3 3 0 0 0 0 0 0 0 0 0 0 0 1 0 0 0 0 0 0 0 0 0 0 0 0 0 0 0 0
 10 10 8 3 3 3 3 3 13 13 16 42 42 58 48 48 0 0 1 0 0 0 0 0 0 0 1 0 0 0 0 0 0 0 0 0 0 0 1 1 0 0 1 0 0 1
 7 7 2 2 2 1 3 3 23 23 24 54 54 54 47 47 1 1 2 0 0 0 5 5 6 6 3 0 0 0 1 1 1 1 0 0 0 1 6 6 1 1 0 0 0 1
 7 7 2 2 2 1 3 3 23 23 24 54 54 54 47 47 1 1 2 0 0 0 5 5 6 6 3 0 0 0 1 1 1 1 0 0 0 1 6 6 1 1 0 0 0 1
 21 21 2 2 2 2 2 2 1 1 3 11 11 10 1 1 1 1 4 5 5 7 7 7 6 6 0 0 0 1 3 3 2 2 1 1 1 1 4 4 1 1 0 0 0 1
 21 21 2 2 2 2 2 2 1 1 3 11 11 10 1 1 1 1 4 5 5 7 7 7 6 6 0 0 0 1 3 3 2 2 1 1 1 1 4 4 1 1 0 0 0 1
 24 24 5 5 5 5 3 3 2 2 2 2 2 10 5 5 4 4 6 13 13 6 8 8 4 4 2 0 0 0 1 1 2 2 1 1 1 1 1 1 0 0 0 0 0 0
 7 7 6 8 8 7 7 7 4 4 4 4 4 4 16 16 15 15 14 19 19 12 8 8 4 4 2 1 1 1 1 1 1 1 1 0 0 0 0 0 0 0 1 0 0 0
 7 7 6 8 8 7 7 7 4 4 4 4 4 4 16 16 15 15 14 19 19 12 8 8 4 4 2 1 1 1 1 1 1 1 1 0 0 0 0 0 0 0 1 0 0 0
 9 9 10 11 11 9 8 8 6 6 10 10 10 10 12 12 14 14 15 11 11 7 5 5 2 2 4 1 1 1 1 1 0 0 0 0 0 0 0 0 0 0 0 0 0 0
 7 7 7 6 6 5 4 4 3 3 3 8 8 10 10 10 4 4 7 8 8 3 2 2 2 2 2 2 2 2 1 1 1 1 1 0 0 0 0 0 0 0 0 0 0 0
 7 7 7 6 6 5 4 4 3 3 3 8 8 10 10 10 4 4 7 8 8 3 2 2 2 2 2 2 2 2 1 1 1 1 1 0 0 0 0 0 0 0 0 0 0 0
 4 4 3 3 3 2 1 1 1 1 1 1 1 3 3 3 3 3 3 6 6 2 3 3 1 1 1 2 2 2 2 2 2 2 1 1 1 0 0 0 0 0 0 0 0 0
 4 4 3 3 3 2 1 1 1 1 1 1 1 3 3 3 3 3 3 6 6 2 3 3 1 1 1 2 2 2 2 2 2 2 1 1 1 0 0 0 0 0 0 0 0 0
 3 3 3 1 1 1 1 1 1 1 1 2 2 2 2 2 2 2 2 4 4 5 4 4 0 0 0 1 1 1 1 1 1 1 1 1 1 0 0 0 0 0 0 0 0 0
 10 10 10 3 3 1 0 0 1 1 1 2 2 2 2 2 2 2 3 18 18 18 9 9 5 5 1 2 2 3 3 3 2 2 1 1 1 0 0 0 0 0 0 0 0 0
 10 10 10 3 3 1 0 0 1 1 1 2 2 2 2 2 2 2 3 18 18 18 9 9 5 5 1 2 2 3 3 3 2 2 1 1 1 0 0 0 0 0 0 0 0 0
 6 6 6 4 4 2 1 1 0 0 1 1 1 1 3 3 3 3 4 19 19 19 9 9 2 2 1 3 3 3 3 3 2 2 2 1 1 1 0 0 0 0 0 0 0 0
 6 6 5 5 5 3 1 1 0 0 1 1 1 2 5 5 5 5 7 6 6 2 1 1 1 1 2 3 3 2 2 2 2 2 2 2 2 1 1 1 0 0 0 0 0 0
 6 6 5 5 5 3 1 1 0 0 1 1 1 2 5 5 5 5 7 6 6 2 1 1 1 1 2 3 3 2 2 2 2 2 2 2 2 1 1 1 0 0 0 0 0 0
 6 6 6 5 5 4 2 2 1 1 1 1 1 3 6 6 7 7 10 8 8 6 2 2 2 2 2 3 3 3 3 3 3 3 3 3 3 2 1 1 1 1 0 0 0 0
 6 6 6 5 5 4 2 2 1 1 1 1 1 3 6 6 7 7 10 8 8 6 2 2 2 2 2 3 3 3 3 3 3 3 3 3 3 2 1 1 1 1 0 0 0 0
 6 6 5 3 3 2 1 1 1 1 1 2 2 6 7 7 6 6 9 6 6 3 3 3 3 3 5 3 3 3 2 2 2 2 2 2 2 2 1 1 0 0 0 0 0 0
 4 4 3 1 1 1 1 1 2 2 2 3 3 5 5 5 5 5 8 8 8 8 7 7 8 8 5 2 2 2 1 1 2 2 2 1 1 1 1 1 0 0 0 0 0 0
 4 4 3 1 1 1 1 1 2 2 2 3 3 5 5 5 5 5 8 8 8 8 7 7 8 8 5 2 2 2 1 1 2 2 2 1 1 1 1 1 0 0 0 0 0 0
 3 3 2 2 2 2 3 3 3 3 3 3 3 3 3 3 4 4 4 5 5 6 5 5 5 5 2 2 2 2 3 3 4 4 4 2 2 1 0 0 0 0 0 0 0 0
 4 4 3 3 3 4 5 5 5 5 4 3 3 4 5 5 6 6 6 7 7 7 3 3 2 2 5 7 7 3 5 5 7 7 7 3 3 1 0 0 0 0 0 0 0 0
 4 4 3 3 3 4 5 5 5 5 4 3 3 4 5 5 6 6 6 7 7 7 3 3 2 2 5 7 7 3 5 5 7 7 7 3 3 1 0 0 0 0 0 0 0 0
 3 3 3 4 4 5 6 6 6 6 5 6 6 7 8 8 7 7 8 8 8 9 15 15 3 3 5 6 6 3 4 4 6 6 4 1 1 1 1 1 1 1 0 0 0 0
 3 3 3 4 4 5 6 6 6 6 5 6 6 7 8 8 7 7 8 8 8 9 15 15 3 3 5 6 6 3 4 4 6 6 4 1 1 1 1 1 1 1 0 0 0 0
 3 3 3 5 5 7 7 7 7 7 7 9 9 12 11 11 9 9 8 8 8 7 13 13 16 16 11 10 10 2 2 2 2 2 1 1 1 2 1 1 1 1 1 0 0 0
 4 4 3 5 5 6 7 7 7 7 7 9 9 11 10 10 10 10 11 7 7 6 6 6 4 4 3 12 12 1 0 0 1 1 0 0 0 1 1 1 0 0 0 0 0 0
 4 4 3 5 5 6 7 7 7 7 7 9 9 11 10 10 10 10 11 7 7 6 6 6 4 4 3 12 12 1 0 0 1 1 0 0 0 1 1 1 0 0 0 0 0 0
 4 4 3 4 4 4 5 5 6 6 6 8 8 10 11 11 11 11 12 7 7 4 5 5 8 8 6 7 7 2 0 0 0 0 0 0 0 0 0 0 0 0 0 0 0 0
 3 3 3 3 3 4 5 5 5 5 6 8 8 8 11 11 13 13 9 8 8 7 5 5 4 4 7 8 8 3 2 2 1 1 0 0 0 0 0 0 0 0 0 0 0 0
 3 3 3 3 3 4 5 5 5 5 6 8 8 8 11 11 13 13 9 8 8 7 5 5 4 4 7 8 8 3 2 2 1 1 0 0 0 0 0 0 0 0 0 0 0 0
 2 2 5 5 5 3 3 3 3 3 4 5 5 5 7 7 9 9 9 10 10 11 10 10 10 10 9 8 8 5 2 2 3 3 1 0 0 0 0 0 0 0 0 0 0 0
 2 2 5 5 5 3 3 3 3 3 4 5 5 5 7 7 9 9 9 10 10 11 10 10 10 10 9 8 8 5 2 2 3 3 1 0 0 0 0 0 0 0 0 0 0 0
 2 2 4 5 5 3 2 2 2 2 5 5 5 4 5 5 6 6 7 11 11 14 15 15 16 16 13 14 14 11 6 6 5 5 3 2 2 2 1 1 1 1 1 1 1 1
 1 1 2 3 3 3 2 2 2 2 3 6 6 5 5 5 7 7 6 7 7 12 14 14 11 11 9 11 11 8 7 7 5 5 3 11 11 2 2 2 1 1 1 1 1 1
 1 1 2 3 3 3 2 2 2 2 3 6 6 5 5 5 7 7 6 7 7 12 14 14 11 11 9 11 11 8 7 7 5 5 3 11 11 2 2 2 1 1 1 1 1 1
 1 1 1 1 1 1 1 1 1 1 2 4 4 3 4 4 6 6 6 8 8 8 6 6 4 4 5 6 6 5 5 5 6 6 4 2 2 2 2 2 1 1 1 1 1 1
 1 1 1 1 1 1 0 0 0 0 1 2 2 2 3 3 4 4 6 7 7 6 4 4 3 3 4 5 5 5 5 5 5 5 4 4 4 5 3 3 3 3 2 1 1 1
