assets/RAT_results/precipitation/2022-06-22_IMERG.asc
ncols        46
nrows        77
xllcorner    74.800261325624
yllcorner    8.058333333333
cellsize     0.062500000000
NODATA_value -9999
 25 25 19 17 17 12 11 11 11 11 10 8 8 7 7 7 4 4 1 0 0 0 0 0 0 0 0 1 1 1 1 1 1 1 1 1 1 2 3 3 2 2 2 2 2 1
 28 28 23 13 13 13 18 18 15 15 13 5 5 4 4 4 1 1 1 1 1 1 1 1 0 0 1 1 1 1 1 1 1 1 1 0 0 1 4 4 4 4 4 3 3 2
 28 28 23 13 13 13 18 18 15 15 13 5 5 4 4 4 1 1 1 1 1 1 1 1 0 0 1 1 1 1 1 1 1 1 1 0 0 1 4 4 4 4 4 3 3 2
 28 28 22 18 18 11 9 9 9 9 6 4 4 6 2 2 3 3 1 1 1 1 0 0 0 0 0 1 1 1 1 1 2 2 1 1 1 1 3 3 3 3 3 3 3 4
 26 26 16 15 15 14 8 8 9 9 6 4 4 4 3 3 2 2 1 1 1 0 1 1 1 1 1 1 1 1 1 1 2 2 2 1 1 1 2 2 2 2 2 3 3 3
 26 26 16 15 15 14 8 8 9 9 6 4 4 4 3 3 2 2 1 1 1 0 1 1 1 1 1 1 1 1 1 1 2 2 2 1 1 1 2 2 2 2 2 3 3 3
 13 13 12 14 14 12 6 6 4 4 4 1 1 0 1 1 2 2 2 1 1 1 1 1 1 1 1 2 2 2 2 2 3 3 2 2 2 2 3 3 3 3 4 5 5 5
 13 13 12 14 14 12 6 6 4 4 4 1 1 0 1 1 2 2 2 1 1 1 1 1 1 1 1 2 2 2 2 2 3 3 2 2 2 2 3 3 3 3 4 5 5 5
 19 19 12 10 10 7 11 11 6 6 6 1 1 1 1 1 2 2 1 2 2 1 1 1 1 1 1 2 2 2 3 3 3 3 3 3 3 2 4 4 5 5 6 6 6 7
 10 10 6 5 5 7 9 9 1 1 1 0 0 1 1 1 1 1 1 2 2 2 1 1 2 2 2 1 1 2 2 2 3 3 4 4 4 4 6 6 5 5 4 3 3 5
 10 10 6 5 5 7 9 9 1 1 1 0 0 1 1 1 1 1 1 2 2 2 1 1 2 2 2 1 1 2 2 2 3 3 4 4 4 4 6 6 5 5 4 3 3 5
 15 15 7 9 9 5 4 4 2 2 1 0 0 0 1 1 0 0 1 1 1 2 2 2 2 2 1 1 1 1 2 2 2 2 3 3 3 3 3 3 3 3 2 2 2 3
 19 19 10 4 4 3 2 2 1 1 1 0 0 1 1 1 1 1 1 1 1 2 2 2 2 2 1 1 1 2 2 2 2 2 3 3 3 3 3 3 4 4 6 5 5 4
 19 19 10 4 4 3 2 2 1 1 1 0 0 1 1 1 1 1 1 1 1 2 2 2 2 2 1 1 1 2 2 2 2 2 3 3 3 3 3 3 4 4 6 5 5 4
 24 24 11 2 2 1 0 0 1 1 1 1 1 3 3 3 3 3 2 3 3 3 3 3 4 4 2 2 2 3 3 3 4 4 5 5 5 5 6 6 7 7 11 10 10 6
 24 24 11 2 2 1 0 0 1 1 1 1 1 3 3 3 3 3 2 3 3 3 3 3 4 4 2 2 2 3 3 3 4 4 5 5 5 5 6 6 7 7 11 10 10 6
 24 24 13 6 6 1 1 1 2 2 4 3 3 2 3 3 3 3 2 4 4 6 3 3 5 5 5 4 4 4 4 4 4 4 5 5 5 7 8 8 7 7 7 7 7 6
 18 18 17 11 11 7 7 7 1 1 3 2 2 3 7 7 3 3 2 3 3 6 5 5 3 3 3 3 3 4 4 4 4 4 4 5 5 7 6 6 4 4 3 3 3 4
 18 18 17 11 11 7 7 7 1 1 3 2 2 3 7 7 3 3 2 3 3 6 5 5 3 3 3 3 3 4 4 4 4 4 4 5 5 7 6 6 4 4 3 3 3 4
 27 27 15 18 18 19 14 14 17 17 17 11 11 10 9 9 5 5 9 15 15 10 6 6 2 2 3 5 5 5 5 5 5 5 4 4 4 6 4 4 3 3 2 2 2 3
 28 28 24 36 36 25 22 22 22 22 18 11 11 12 13 13 7 7 11 19 19 7 4 4 2 2 3 3 3 3 3 3 3 3 3 4 4 5 7 7 5 5 2 1 1 2
 28 28 24 36 36 25 22 22 22 22 18 11 11 12 13 13 7 7 11 19 19 7 4 4 2 2 3 3 3 3 3 3 3 3 3 4 4 5 7 7 5 5 2 1 1 2
 23 23 27 45 45 21 21 21 22 22 8 8 8 8 9 9 5 5 7 5 5 6 5 5 10 10 8 3 3 8 3 3 6 6 4 2 2 2 2 2 2 2 1 1 1 1
 23 23 27 45 45 21 21 21 22 22 8 8 8 8 9 9 5 5 7 5 5 6 5 5 10 10 8 3 3 8 3 3 6 6 4 2 2 2 2 2 2 2 1 1 1 1
 22 22 28 42 42 22 19 19 18 18 7 9 9 8 4 4 4 4 5 5 5 4 8 8 10 10 13 18 18 17 2 2 2 2 2 1 1 1 4 4 2 2 1 1 1 1
 22 22 22 24 24 22 20 20 18 18 8 9 9 11 11 11 11 11 8 6 6 5 7 7 17 17 22 22 22 11 1 1 1 1 1 1 1 0 1 1 1 1 1 1 1 2
 22 22 22 24 24 22 20 20 18 18 8 9 9 11 11 11 11 11 8 6 6 5 7 7 17 17 22 22 22 11 1 1 1 1 1 1 1 0 1 1 1 1 1 1 1 2
 14 14 12 15 15 16 12 12 8 8 8 10 10 12 15 15 21 21 16 15 15 18 22 22 24 24 26 16 16 15 5 5 0 0 0 1 1 0 1 1 3 3 3 2 2 1
 16 16 17 43 43 16 18 18 11 11 10 37 37 21 21 21 25 25 16 18 18 22 23 23 21 21 19 15 15 17 2 2 1 1 1 1 1 1 1 1 2 2 1 1 1 0
 16 16 17 43 43 16 18 18 11 11 10 37 37 21 21 21 25 25 16 18 18 22 23 23 21 21 19 15 15 17 2 2 1 1 1 1 1 1 1 1 2 2 1 1 1 0
 16 16 14 50 50 57 59 59 46 46 47 43 43 18 19 19 18 18 21 18 18 15 16 16 11 11 2 1 1 1 3 3 3 3 2 2 2 1 1 1 1 1 1 1 1 1
 16 16 14 50 50 57 59 59 46 46 47 43 43 18 19 19 18 18 21 18 18 15 16 16 11 11 2 1 1 1 3 3 3 3 2 2 2 1 1 1 1 1 1 1 1 1
 35 35 42 47 47 52 58 58 46 46 48 51 51 15 19 19 17 17 15 16 16 8 9 9 2 2 3 2 2 2 3 3 4 4 2 1 1 1 1 1 2 2 2 1 1 1
 32 32 19 21 21 36 53 53 45 45 44 44 44 10 12 12 9 9 8 12 12 7 4 4 4 4 5 4 4 2 2 2 2 2 1 0 0 1 2 2 3 3 1 1 1 1
 32 32 19 21 21 36 53 53 45 45 44 44 44 10 12 12 9 9 8 12 12 7 4 4 4 4 5 4 4 2 2 2 2 2 1 0 0 1 2 2 3 3 1 1 1 1
 22 22 18 23 23 43 39 39 16 16 11 9 9 10 11 11 8 8 8 7 7 7 7 7 6 6 4 2 2 1 2 2 1 1 0 0 0 1 1 1 1 1 0 0 0 1
 6 6 6 10 10 15 25 25 12 12 11 7 7 7 8 8 5 5 4 7 7 10 7 7 3 3 2 1 1 1 2 2 1 1 0 0 0 0 0 0 0 0 0 0 0 0
 6 6 6 10 10 15 25 25 12 12 11 7 7 7 8 8 5 5 4 7 7 10 7 7 3 3 2 1 1 1 2 2 1 1 0 0 0 0 0 0 0 0 0 0 0 0
 6 6 7 8 8 14 13 13 11 11 9 9 9 9 11 11 12 12 7 5 5 7 4 4 2 2 1 1 1 1 1 1 4 4 4 0 0 0 0 0 0 0 0 0 0 0
 6 6 7 8 8 14 13 13 11 11 9 9 9 9 11 11 12 12 7 5 5 7 4 4 2 2 1 1 1 1 1 1 4 4 4 0 0 0 0 0 0 0 0 0 0 0
 8 8 8 10 10 18 15 15 13 13 10 9 9 12 12 12 12 12 6 8 8 3 3 3 2 2 1 1 1 1 3 3 4 4 7 3 3 1 1 1 1 1 1 0 0 2
 3 3 6 10 10 16 13 13 12 12 7 8 8 10 10 10 9 9 7 6 6 2 3 3 3 3 1 1 1 1 1 1 4 4 5 3 3 1 1 1 1 1 1 2 2 5
 3 3 6 10 10 16 13 13 12 12 7 8 8 10 10 10 9 9 7 6 6 2 3 3 3 3 1 1 1 1 1 1 4 4 5 3 3 1 1 1 1 1 1 2 2 5
 3 3 6 12 12 16 12 12 9 9 8 7 7 8 8 8 10 10 10 6 6 2 2 2 2 2 2 0 0 0 1 1 4 4 5 1 1 3 3 3 1 1 1 5 5 6
 11 11 8 10 10 10 9 9 4 4 5 8 8 8 11 11 14 14 15 9 9 2 2 2 2 2 1 0 0 0 0 0 1 1 3 4 4 2 3 3 1 1 1 1 1 1
 11 11 8 10 10 10 9 9 4 4 5 8 8 8 11 11 14 14 15 9 9 2 2 2 2 2 1 0 0 0 0 0 1 1 3 4 4 2 3 3 1 1 1 1 1 1
 14 14 8 5 5 4 7 7 6 6 8 12 12 10 10 10 10 10 13 7 7 2 1 1 2 2 2 1 1 2 3 3 2 2 3 3 3 1 1 1 1 1 1 1 1 1
 14 14 8 5 5 4 7 7 6 6 8 12 12 10 10 10 10 10 13 7 7 2 1 1 2 2 2 1 1 2 3 3 2 2 3 3 3 1 1 1 1 1 1 1 1 1
 7 7 4 3 3 2 4 4 5 5 6 7 7 12 10 10 10 10 13 8 8 7 1 1 1 1 2 2 2 2 3 3 2 2 3 3 3 1 1 1 0 0 0 0 0 0
 6 6 3 2 2 1 2 2 3 3 5 11 11 10 13 13 8 8 13 12 12 11 2 2 2 2 2 2 2 1 1 1 1 1 0 3 3 1 1 1 0 0 0 0 0 0
 6 6 3 2 2 1 2 2 3 3 5 11 11 10 13 13 8 8 13 12 12 11 2 2 2 2 2 2 2 1 1 1 1 1 0 3 3 1 1 1 0 0 0 0 0 0
 7 7 3 2 2 1 2 2 3 3 5 9 9 10 15 15 11 11 16 13 13 7 1 1 1 1 1 2 2 1 1 1 0 0 0 0 0 1 0 0 0 0 0 0 0 0
 5 5 3 1 1 1 1 1 2 2 4 7 7 10 9 9 6 6 12 16 16 1 1 1 2 2 2 2 2 1 1 1 6 6 6 4 4 4 1 1 2 2 0 0 0 0
 5 5 3 1 1 1 1 1 2 2 4 7 7 10 9 9 6 6 12 16 16 1 1 1 2 2 2 2 2 1 1 1 6 6 6 4 4 4 1 1 2 2 0 0 0 0
 2 2 2 1 1 1 1 1 1 1 2 3 3 7 8 8 10 10 15 11 11 2 0 0 1 1 2 2 2 2 0 0 0 0 0 4 4 4 1 1 1 1 1 0 0 0
 2 2 2 1 1 1 1 1 1 1 2 3 3 7 8 8 10 10 15 11 11 2 0 0 1 1 2 2 2 2 0 0 0 0 0 4 4 4 1 1 1 1 1 0 0 0
 1 1 1 1 1 1 1 1 1 1 1 3 3 5 7 7 9 9 7 11 11 1 1 1 1 1 5 7 7 3 0 0 1 1 0 1 1 1 1 1 1 1 0 0 0 1
 1 1 2 2 2 1 1 1 0 0 1 1 1 2 3 3 4 4 7 6 6 1 0 0 0 0 2 6 6 7 0 0 0 0 0 0 0 1 0 0 0 0 0 1 1 2
 1 1 2 2 2 1 1 1 0 0 1 1 1 2 3 3 4 4 7 6 6 1 0 0 0 0 2 6 6 7 0 0 0 0 0 0 0 1 0 0 0 0 0 1 1 2
 2 2 4 2 2 4 2 2 0 0 0 0 0 1 3 3 4 4 6 2 2 1 0 0 0 0 1 1 1 5 1 1 0 0 0 0 0 0 0 0 0 0 1 3 3 3
 2 2 3 7 7 11 6 6 2 2 0 0 0 0 1 1 3 3 4 1 1 0 0 0 0 0 1 2 2 3 0 0 0 0 0 1 1 1 1 1 1 1 1 3 3 2
 2 2 3 7 7 11 6 6 2 2 0 0 0 0 1 1 3 3 4 1 1 0 0 0 0 0 1 2 2 3 0 0 0 0 0 1 1 1 1 1 1 1 1 3 3 2
 3 3 3 10 10 13 19 19 5 5 2 0 0 1 1 1 4 4 2 0 0 0 0 0 0 0 0 0 0 0 0 0 0 0 0 1 1 1 1 1 1 1 1 1 1 1
 3 3 3 10 10 13 19 19 5 5 2 0 0 1 1 1 4 4 2 0 0 0 0 0 0 0 0 0 0 0 0 0 0 0 0 1 1 1 1 1 1 1 1 1 1 1
 4 4 4 8 8 13 14 14 15 15 2 1 1 1 1 1 5 5 3 2 2 1 1 1 0 0 1 0 0 0 0 0 0 0 1 2 2 2 1 1 1 1 1 1 1 1
 7 7 3 4 4 5 8 8 6 6 3 1 1 2 4 4 4 4 3 2 2 1 1 1 1 1 1 0 0 1 3 3 0 0 1 1 1 2 1 1 2 2 1 1 1 1
 7 7 3 4 4 5 8 8 6 6 3 1 1 2 4 4 4 4 3 2 2 1 1 1 1 1 1 0 0 1 3 3 0 0 1 1 1 2 1 1 2 2 1 1 1 1
 3 3 2 4 4 4 4 4 4 4 2 1 1 1 5 5 4 4 2 2 2 5 6 6 2 2 0 1 1 1 4 4 4 4 1 1 1 1 1 1 1 1 1 0 0 1
 5 5 1 1 1 2 3 3 2 2 1 1 1 2 2 2 2 2 1 1 1 5 6 6 2 2 1 0 0 1 1 1 1 1 0 0 0 0 0 0 0 0 0 0 0 0
 5 5 1 1 1 2 3 3 2 2 1 1 1 2 2 2 2 2 1 1 1 5 6 6 2 2 1 0 0 1 1 1 1 1 0 0 0 0 0 0 0 0 0 0 0 0
 3 3 1 0 0 1 2 2 1 1 1 1 1 3 1 1 0 0 0 0 0 2 5 5 1 1 1 0 0 0 0 0 0 0 0 0 0 0 0 0 0 0 0 2 2 0
 3 3 1 0 0 1 2 2 1 1 1 1 1 3 1 1 0 0 0 0 0 2 5 5 1 1 1 0 0 0 0 0 0 0 0 0 0 0 0 0 0 0 0 2 2 0
 5 5 2 1 1 1 1 1 1 1 1 3 3 4 3 3 0 0 0 0 0 2 1 1 1 1 0 0 0 0 1 1 0 0 0 0 0 0 0 0 0 0 0 0 0 0
 3 3 3 1 1 1 0 0 1 1 1 3 3 3 4 4 2 2 2 0 0 0 0 0 0 0 2 2 2 0 0 0 0 0 0 0 0 0 0 0 0 0 0 0 0 0
 3 3 3 1 1 1 0 0 1 1 1 3 3 3 4 4 2 2 2 0 0 0 0 0 0 0 2 2 2 0 0 0 0 0 0 0 0 0 0 0 0 0 0 0 0 0
 1 1 1 0 0 0 0 0 1 1 3 5 5 7 7 7 7 7 5 1 1 0 0 0 1 1 2 2 2 0 0 0 0 0 0 0 0 0 0 0 0 0 0 0 0 0
 1 1 0 0 0 0 0 0 2 2 5 3 3 7 9 9 8 8 9 3 3 0 0 0 0 0 0 0 0 0 0 0 0 0 0 0 0 0 0 0 0 0 0 0 0 0
