assets/RAT_results/precipitation/2022-05-06_IMERG.asc
ncols        46
nrows        77
xllcorner    74.800261325624
yllcorner    8.058333333333
cellsize     0.062500000000
NODATA_value -9999
 4 4 11 18 18 15 7 7 16 16 6 3 3 0 0 0 0 0 0 0 0 1 3 3 5 5 4 3 3 3 3 3 2 2 2 1 1 1 2 2 5 5 5 5 5 11
 3 3 3 3 3 3 1 1 0 0 0 0 0 0 0 0 1 1 1 0 0 1 2 2 2 2 3 2 2 2 3 3 2 2 2 1 1 1 2 2 3 3 3 4 4 8
 3 3 3 3 3 3 1 1 0 0 0 0 0 0 0 0 1 1 1 0 0 1 2 2 2 2 3 2 2 2 3 3 2 2 2 1 1 1 2 2 3 3 3 4 4 8
 1 1 2 3 3 2 1 1 0 0 0 0 0 0 0 0 1 1 1 0 0 1 1 1 2 2 3 3 3 2 2 2 2 2 2 1 1 1 1 1 2 2 2 3 3 8
 1 1 2 2 2 2 3 3 2 2 1 0 0 0 1 1 1 1 0 1 1 1 1 1 1 1 2 2 2 1 1 1 1 1 1 1 1 1 1 1 1 1 2 3 3 7
 1 1 2 2 2 2 3 3 2 2 1 0 0 0 1 1 1 1 0 1 1 1 1 1 1 1 2 2 2 1 1 1 1 1 1 1 1 1 1 1 1 1 2 3 3 7
 1 1 1 2 2 2 3 3 6 6 9 9 9 3 3 3 3 3 1 1 1 0 0 0 1 1 1 1 1 1 1 1 2 2 2 1 1 1 1 1 2 2 3 4 4 6
 1 1 1 2 2 2 3 3 6 6 9 9 9 3 3 3 3 3 1 1 1 0 0 0 1 1 1 1 1 1 1 1 2 2 2 1 1 1 1 1 2 2 3 4 4 6
 7 7 7 27 27 27 6 6 6 6 12 8 8 10 3 3 3 3 2 2 2 0 0 0 0 0 0 0 0 0 1 1 1 1 2 1 1 1 1 1 3 3 4 4 4 6
 7 7 7 27 27 21 29 29 28 28 28 10 10 10 3 3 3 3 2 2 2 0 0 0 0 0 0 0 0 0 0 0 1 1 1 1 1 1 2 2 3 3 4 5 5 7
 7 7 7 27 27 21 29 29 28 28 28 10 10 10 3 3 3 3 2 2 2 0 0 0 0 0 0 0 0 0 0 0 1 1 1 1 1 1 2 2 3 3 4 5 5 7
 23 23 23 16 16 22 25 25 28 28 16 2 2 2 0 0 0 0 1 1 1 0 0 0 0 0 0 0 0 0 0 0 1 1 0 1 1 1 2 2 3 3 4 6 6 7
 22 22 21 21 21 14 18 18 19 19 17 1 1 1 0 0 0 0 0 0 0 0 0 0 0 0 0 0 0 0 0 0 1 1 0 1 1 1 1 1 2 2 3 5 5 8
 22 22 21 21 21 14 18 18 19 19 17 1 1 1 0 0 0 0 0 0 0 0 0 0 0 0 0 0 0 0 0 0 1 1 0 1 1 1 1 1 2 2 3 5 5 8
 5 5 21 19 19 9 11 11 3 3 2 0 0 0 0 0 0 0 0 1 1 1 1 1 0 0 0 0 0 0 0 0 0 0 0 1 1 0 0 0 1 1 2 3 3 6
 5 5 21 19 19 9 11 11 3 3 2 0 0 0 0 0 0 0 0 1 1 1 1 1 0 0 0 0 0 0 0 0 0 0 0 1 1 0 0 0 1 1 2 3 3 6
 5 5 1 0 0 7 7 7 2 2 2 0 0 0 0 0 0 0 0 0 0 1 0 0 0 0 0 0 0 0 0 0 1 1 1 1 1 1 0 0 0 0 1 2 2 4
 5 5 1 1 1 2 2 2 0 0 1 1 1 0 0 0 0 0 0 0 0 0 0 0 0 0 0 0 0 0 1 1 8 8 1 0 0 0 1 1 0 0 1 1 1 3
 5 5 1 1 1 2 2 2 0 0 1 1 1 0 0 0 0 0 0 0 0 0 0 0 0 0 0 0 0 0 1 1 8 8 1 0 0 0 1 1 0 0 1 1 1 3
 2 2 2 1 1 1 2 2 0 0 0 1 1 1 1 1 0 0 0 0 0 0 0 0 0 0 0 0 0 0 0 0 5 5 2 0 0 0 0 0 0 0 1 1 1 2
 2 2 2 1 1 1 1 1 1 1 12 14 14 4 2 2 0 0 0 0 0 0 0 0 0 0 0 0 0 0 0 0 1 1 0 0 0 0 0 0 0 0 0 0 0 1
 2 2 2 1 1 1 1 1 1 1 12 14 14 4 2 2 0 0 0 0 0 0 0 0 0 0 0 0 0 0 0 0 1 1 0 0 0 0 0 0 0 0 0 0 0 1
 3 3 5 4 4 7 9 9 27 27 27 11 11 43 37 37 3 3 3 0 0 0 0 0 0 0 0 0 0 1 1 1 0 0 0 0 0 0 0 0 0 0 0 0 0 0
 3 3 5 4 4 7 9 9 27 27 27 11 11 43 37 37 3 3 3 0 0 0 0 0 0 0 0 0 0 1 1 1 0 0 0 0 0 0 0 0 0 0 0 0 0 0
 8 8 9 5 5 10 10 10 45 45 45 49 49 49 48 48 15 15 15 0 0 0 0 0 0 0 0 3 3 6 1 1 1 1 0 0 0 0 0 0 0 0 0 0 0 0
 18 18 19 7 7 11 13 13 55 55 56 62 62 52 21 21 21 21 13 0 0 0 0 0 0 0 2 2 2 2 0 0 0 0 0 0 0 0 0 0 0 0 0 0 0 0
 18 18 19 7 7 11 13 13 55 55 56 62 62 52 21 21 21 21 13 0 0 0 0 0 0 0 2 2 2 2 0 0 0 0 0 0 0 0 0 0 0 0 0 0 0 0
 18 18 19 7 7 11 27 27 53 53 58 77 77 70 48 48 39 39 19 0 0 0 0 0 0 0 1 1 1 0 0 0 1 1 2 3 3 0 0 0 0 0 0 0 0 0
 36 36 37 22 22 26 45 45 47 47 49 76 76 72 50 50 27 27 1 0 0 1 0 0 0 0 0 0 0 0 0 0 0 0 1 0 0 0 0 0 0 0 0 0 0 0
 36 36 37 22 22 26 45 45 47 47 49 76 76 72 50 50 27 27 1 0 0 1 0 0 0 0 0 0 0 0 0 0 0 0 1 0 0 0 0 0 0 0 0 0 0 0
 34 34 41 35 35 50 81 81 69 69 82 81 81 60 34 34 20 20 1 1 1 0 0 0 0 0 0 0 0 0 0 0 0 0 0 0 0 0 0 0 0 0 0 0 0 0
 34 34 41 35 35 50 81 81 69 69 82 81 81 60 34 34 20 20 1 1 1 0 0 0 0 0 0 0 0 0 0 0 0 0 0 0 0 0 0 0 0 0 0 0 0 0
 38 38 35 35 35 51 79 79 81 81 71 68 68 37 25 25 20 20 3 1 1 0 0 0 0 0 0 0 0 0 0 0 0 0 0 0 0 0 0 0 0 0 0 0 0 0
 22 22 34 39 39 69 95 95 100 100 76 87 87 59 18 18 6 6 4 1 1 0 0 0 0 0 0 0 0 0 0 0 0 0 0 0 0 0 0 0 0 0 0 0 0 0
 22 22 34 39 39 69 95 95 100 100 76 87 87 59 18 18 6 6 4 1 1 0 0 0 0 0 0 0 0 0 0 0 0 0 0 0 0 0 0 0 0 0 0 0 0 0
 29 29 55 74 74 95 94 94 95 95 84 69 69 46 13 13 5 5 6 4 4 3 3 3 5 5 4 0 0 0 0 0 0 0 0 0 0 0 0 0 0 0 0 0 0 0
 53 53 43 63 63 85 98 98 122 122 87 71 71 47 30 30 18 18 7 3 3 4 3 3 8 8 10 7 7 3 0 0 0 0 0 0 0 0 0 0 0 0 0 0 0 0
 53 53 43 63 63 85 98 98 122 122 87 71 71 47 30 30 18 18 7 3 3 4 3 3 8 8 10 7 7 3 0 0 0 0 0 0 0 0 0 0 0 0 0 0 0 0
 51 51 61 62 62 96 97 97 88 88 87 50 50 38 38 38 17 17 13 5 5 7 8 8 22 22 30 8 8 5 0 0 0 0 0 0 0 0 0 0 0 0 0 0 0 0
 51 51 61 62 62 96 97 97 88 88 87 50 50 38 38 38 17 17 13 5 5 7 8 8 22 22 30 8 8 5 0 0 0 0 0 0 0 0 0 0 0 0 0 0 0 0
 61 61 53 75 75 105 121 121 97 97 83 53 53 28 22 22 20 20 13 16 16 6 8 8 12 12 14 5 5 5 0 0 0 0 0 0 0 0 0 0 0 0 0 0 0 0
 53 53 52 80 80 109 134 134 103 103 80 65 65 37 25 25 21 21 15 12 12 31 11 11 9 9 8 3 3 1 1 1 1 1 0 0 0 1 0 0 0 0 0 2 2 0
 53 53 52 80 80 109 134 134 103 103 80 65 65 37 25 25 21 21 15 12 12 31 11 11 9 9 8 3 3 1 1 1 1 1 0 0 0 1 0 0 0 0 0 2 2 0
 55 55 69 70 70 96 100 100 108 108 80 75 75 46 20 20 18 18 12 18 18 6 2 2 4 4 2 2 2 1 1 1 1 1 0 0 0 1 3 3 3 3 1 0 0 0
 68 68 48 60 60 92 90 90 103 103 78 77 77 44 20 20 17 17 11 10 10 4 1 1 2 2 1 1 1 1 1 1 1 1 0 0 0 1 1 1 0 0 0 0 0 0
 68 68 48 60 60 92 90 90 103 103 78 77 77 44 20 20 17 17 11 10 10 4 1 1 2 2 1 1 1 1 1 1 1 1 0 0 0 1 1 1 0 0 0 0 0 0
 73 73 68 75 75 78 80 80 80 80 60 41 41 33 21 21 21 21 12 3 3 4 3 3 1 1 2 1 1 0 1 1 1 1 0 0 0 0 0 0 0 0 0 0 0 0
 73 73 68 75 75 78 80 80 80 80 60 41 41 33 21 21 21 21 12 3 3 4 3 3 1 1 2 1 1 0 1 1 1 1 0 0 0 0 0 0 0 0 0 0 0 0
 90 90 87 69 69 63 59 59 48 48 54 44 44 30 20 20 8 8 12 7 7 3 7 7 5 5 1 1 1 1 1 1 1 1 1 0 0 0 0 0 0 0 0 0 0 0
 105 105 80 65 65 63 51 51 39 39 37 36 36 27 21 21 9 9 9 7 7 6 4 4 2 2 1 1 1 1 0 0 1 1 1 0 0 0 0 0 0 0 0 0 0 0
 105 105 80 65 65 63 51 51 39 39 37 36 36 27 21 21 9 9 9 7 7 6 4 4 2 2 1 1 1 1 0 0 1 1 1 0 0 0 0 0 0 0 0 0 0 0
 63 63 55 42 42 37 46 46 35 35 32 36 36 21 24 24 20 20 46 9 9 5 2 2 2 2 1 0 0 0 0 0 2 2 1 0 0 0 0 0 0 0 0 0 0 0
 52 52 46 40 40 41 38 38 39 39 35 36 36 28 31 31 16 16 17 17 17 6 5 5 1 1 1 0 0 0 0 0 0 0 0 0 0 0 0 0 0 0 0 0 0 0
 52 52 46 40 40 41 38 38 39 39 35 36 36 28 31 31 16 16 17 17 17 6 5 5 1 1 1 0 0 0 0 0 0 0 0 0 0 0 0 0 0 0 0 0 0 0
 35 35 36 38 38 38 37 37 36 36 36 36 36 28 21 21 15 15 16 14 14 14 3 3 1 1 2 1 1 0 1 1 0 0 0 0 0 0 0 0 0 0 0 0 0 0
 35 35 36 38 38 38 37 37 36 36 36 36 36 28 21 21 15 15 16 14 14 14 3 3 1 1 2 1 1 0 1 1 0 0 0 0 0 0 0 0 0 0 0 0 0 0
 23 23 25 24 24 30 45 45 45 45 47 50 50 32 19 19 16 16 9 12 12 14 9 9 7 7 4 1 1 0 0 0 0 0 0 0 0 0 0 0 0 0 0 0 0 0
 11 11 13 22 22 23 42 42 41 41 42 35 35 25 19 19 20 20 17 25 25 23 12 12 11 11 18 1 1 1 0 0 0 0 0 0 0 0 0 0 0 0 0 0 0 0
 11 11 13 22 22 23 42 42 41 41 42 35 35 25 19 19 20 20 17 25 25 23 12 12 11 11 18 1 1 1 0 0 0 0 0 0 0 0 0 0 0 0 0 0 0 0
 4 4 7 6 6 17 35 35 35 35 24 33 33 24 28 28 22 22 20 27 27 30 32 32 34 34 18 3 3 2 2 2 0 0 0 0 0 0 0 0 0 0 0 0 0 0
 3 3 4 4 4 11 4 4 14 14 17 15 15 21 28 28 30 30 38 40 40 49 55 55 49 49 29 5 5 2 2 2 0 0 0 0 0 0 0 0 0 0 0 0 0 0
 3 3 4 4 4 11 4 4 14 14 17 15 15 21 28 28 30 30 38 40 40 49 55 55 49 49 29 5 5 2 2 2 0 0 0 0 0 0 0 0 0 0 0 0 0 0
 1 1 0 1 1 1 2 2 8 8 8 5 5 14 15 15 23 23 27 31 31 48 54 54 46 46 31 10 10 6 0 0 0 0 0 0 0 0 0 0 0 0 0 0 0 0
 1 1 0 1 1 1 2 2 8 8 8 5 5 14 15 15 23 23 27 31 31 48 54 54 46 46 31 10 10 6 0 0 0 0 0 0 0 0 0 0 0 0 0 0 0 0
 0 0 0 0 0 0 0 0 0 0 0 4 4 4 9 9 22 22 28 31 31 32 32 32 28 28 13 10 10 7 1 1 0 0 0 0 0 0 0 0 1 1 0 0 0 0
 0 0 0 0 0 0 0 0 1 1 1 2 2 3 3 3 11 11 13 22 22 21 21 21 27 27 15 12 12 3 1 1 1 1 0 0 0 0 0 0 1 1 0 0 0 0
 0 0 0 0 0 0 0 0 1 1 1 2 2 3 3 3 11 11 13 22 22 21 21 21 27 27 15 12 12 3 1 1 1 1 0 0 0 0 0 0 1 1 0 0 0 0
 0 0 0 0 0 0 0 0 0 0 0 0 0 1 2 2 6 6 6 13 13 16 17 17 12 12 10 10 10 2 1 1 0 0 0 0 0 1 0 0 0 0 0 0 0 0
 0 0 0 0 0 0 0 0 0 0 0 0 0 0 1 1 2 2 2 6 6 6 7 7 4 4 9 5 5 3 2 2 1 1 0 0 0 0 0 0 0 0 0 0 0 0
 0 0 0 0 0 0 0 0 0 0 0 0 0 0 1 1 2 2 2 6 6 6 7 7 4 4 9 5 5 3 2 2 1 1 0 0 0 0 0 0 0 0 0 0 0 0
 0 0 0 0 0 0 0 0 0 0 0 0 0 0 0 0 0 0 0 3 3 7 4 4 5 5 4 4 4 1 2 2 1 1 2 2 2 0 0 0 0 0 0 0 0 0
 0 0 0 0 0 0 0 0 0 0 0 0 0 0 0 0 0 0 0 3 3 7 4 4 5 5 4 4 4 1 2 2 1 1 2 2 2 0 0 0 0 0 0 0 0 0
 0 0 0 0 0 0 0 0 0 0 0 0 0 0 0 0 0 0 0 4 4 4 5 5 5 5 4 4 4 2 3 3 3 3 4 0 0 1 1 1 0 0 0 0 0 0
 0 0 0 0 0 0 0 0 0 0 0 0 0 2 2 2 1 1 0 4 4 4 4 4 4 4 4 4 4 4 2 2 2 2 4 0 0 1 0 0 0 0 0 0 0 0
 0 0 0 0 0 0 0 0 0 0 0 0 0 2 2 2 1 1 0 4 4 4 4 4 4 4 4 4 4 4 2 2 2 2 4 0 0 1 0 0 0 0 0 0 0 0
 1 1 0 0 0 0 0 0 0 0 0 1 1 2 1 1 0 0 0 4 4 4 4 4 5 5 5 4 4 4 4 4 4 4 4 0 0 0 1 1 1 1 1 1 1 0
 0 0 0 0 0 0 0 0 0 0 0 0 0 0 0 0 0 0 0 2 2 2 2 2 3 3 5 4 4 4 3 3 3 3 3 0 0 1 0 0 0 0 0 0 0 0
