assets/RAT_results/precipitation/2022-09-07_IMERG.asc
ncols        46
nrows        77
xllcorner    74.800261325624
yllcorner    8.058333333333
cellsize     0.062500000000
NODATA_value -9999
 18 18 14 9 9 14 8 8 14 14 20 17 17 22 15 15 9 9 4 7 7 8 13 13 10 10 9 11 11 10 12 12 13 13 16 16 16 19 20 20 22 22 24 22 22 16
 12 12 17 13 13 15 17 17 18 18 15 13 13 9 15 15 6 6 5 10 10 7 9 9 10 10 15 11 11 12 13 13 13 13 15 17 17 19 24 24 27 27 23 20 20 19
 12 12 17 13 13 15 17 17 18 18 15 13 13 9 15 15 6 6 5 10 10 7 9 9 10 10 15 11 11 12 13 13 13 13 15 17 17 19 24 24 27 27 23 20 20 19
 15 15 14 19 19 24 16 16 19 19 16 11 11 8 8 8 8 8 11 12 12 16 13 13 12 12 12 11 11 11 13 13 11 11 13 15 15 19 22 22 24 24 24 20 20 21
 20 20 17 20 20 16 15 15 22 22 18 14 14 9 7 7 12 12 9 8 8 7 5 5 7 7 6 11 11 11 14 14 14 14 13 17 17 16 19 19 21 21 22 19 19 12
 20 20 17 20 20 16 15 15 22 22 18 14 14 9 7 7 12 12 9 8 8 7 5 5 7 7 6 11 11 11 14 14 14 14 13 17 17 16 19 19 21 21 22 19 19 12
 15 15 14 15 15 16 14 14 13 13 14 14 14 4 6 6 6 6 5 4 4 4 3 3 4 4 7 6 6 10 18 18 14 14 9 13 13 12 17 17 18 18 16 12 12 14
 15 15 14 15 15 16 14 14 13 13 14 14 14 4 6 6 6 6 5 4 4 4 3 3 4 4 7 6 6 10 18 18 14 14 9 13 13 12 17 17 18 18 16 12 12 14
 17 17 12 14 14 14 13 13 8 8 12 14 14 7 7 7 5 5 3 1 1 2 2 2 4 4 3 5 5 6 22 22 14 14 9 8 8 11 10 10 11 11 10 9 9 10
 14 14 18 9 9 9 9 9 14 14 9 14 14 9 10 10 3 3 10 2 2 1 1 1 2 2 5 7 7 8 11 11 9 9 6 7 7 6 8 8 9 9 11 10 10 9
 14 14 18 9 9 9 9 9 14 14 9 14 14 9 10 10 3 3 10 2 2 1 1 1 2 2 5 7 7 8 11 11 9 9 6 7 7 6 8 8 9 9 11 10 10 9
 20 20 21 8 8 9 8 8 6 6 6 10 10 9 13 13 9 9 6 3 3 3 3 3 2 2 3 6 6 9 11 11 7 7 4 4 4 4 7 7 10 10 9 8 8 8
 12 12 12 10 10 9 5 5 7 7 13 8 8 11 7 7 6 6 3 4 4 2 1 1 2 2 5 3 3 4 3 3 3 3 2 1 1 2 5 5 5 5 6 6 6 9
 12 12 12 10 10 9 5 5 7 7 13 8 8 11 7 7 6 6 3 4 4 2 1 1 2 2 5 3 3 4 3 3 3 3 2 1 1 2 5 5 5 5 6 6 6 9
 9 9 11 12 12 10 7 7 12 12 13 10 10 12 10 10 7 7 12 13 13 10 5 5 6 6 4 3 3 1 1 1 1 1 1 2 2 4 6 6 8 8 9 6 6 7
 9 9 11 12 12 10 7 7 12 12 13 10 10 12 10 10 7 7 12 13 13 10 5 5 6 6 4 3 3 1 1 1 1 1 1 2 2 4 6 6 8 8 9 6 6 7
 11 11 10 15 15 11 10 10 13 13 18 18 18 20 11 11 12 12 17 24 24 11 4 4 2 2 2 2 2 2 2 2 2 2 3 5 5 8 9 9 12 12 9 7 7 6
 11 11 10 14 14 13 17 17 13 13 21 16 16 17 13 13 16 16 16 16 16 14 13 13 5 5 2 3 3 4 5 5 6 6 7 10 10 14 15 15 19 19 16 20 20 16
 11 11 10 14 14 13 17 17 13 13 21 16 16 17 13 13 16 16 16 16 16 14 13 13 5 5 2 3 3 4 5 5 6 6 7 10 10 14 15 15 19 19 16 20 20 16
 9 9 13 16 16 15 18 18 18 18 15 13 13 16 18 18 16 16 14 14 14 13 14 14 8 8 7 5 5 6 8 8 9 9 12 16 16 21 23 23 25 25 30 33 33 26
 7 7 12 17 17 14 21 21 24 24 19 17 17 30 34 34 28 28 17 13 13 13 9 9 11 11 18 17 17 9 14 14 18 18 16 20 20 22 25 25 24 24 30 27 27 23
 7 7 12 17 17 14 21 21 24 24 19 17 17 30 34 34 28 28 17 13 13 13 9 9 11 11 18 17 17 9 14 14 18 18 16 20 20 22 25 25 24 24 30 27 27 23
 6 6 10 25 25 20 19 19 21 21 28 36 36 27 28 28 21 21 15 9 9 11 9 9 14 14 12 10 10 18 20 20 20 20 19 16 16 19 18 18 22 22 27 21 21 21
 6 6 10 25 25 20 19 19 21 21 28 36 36 27 28 28 21 21 15 9 9 11 9 9 14 14 12 10 10 18 20 20 20 20 19 16 16 19 18 18 22 22 27 21 21 21
 6 6 9 14 14 24 15 15 19 19 30 27 27 25 22 22 24 24 14 13 13 10 12 12 17 17 18 15 15 19 21 21 18 18 18 18 18 18 16 16 16 16 14 14 14 12
 4 4 10 13 13 18 16 16 14 14 16 28 28 32 29 29 36 36 32 21 21 12 14 14 20 20 19 14 14 19 20 20 17 17 13 12 12 5 6 6 7 7 5 6 6 7
 4 4 10 13 13 18 16 16 14 14 16 28 28 32 29 29 36 36 32 21 21 12 14 14 20 20 19 14 14 19 20 20 17 17 13 12 12 5 6 6 7 7 5 6 6 7
 5 5 8 10 10 10 10 10 13 13 18 21 21 19 42 42 23 23 24 21 21 22 16 16 13 13 17 12 12 23 18 18 8 8 7 3 3 2 4 4 4 4 3 2 2 2
 4 4 5 4 4 5 8 8 8 8 12 16 16 10 20 20 16 16 26 27 27 17 21 21 19 19 18 19 19 20 16 16 6 6 9 7 7 4 4 4 2 2 2 1 1 1
 4 4 5 4 4 5 8 8 8 8 12 16 16 10 20 20 16 16 26 27 27 17 21 21 19 19 18 19 19 20 16 16 6 6 9 7 7 4 4 4 2 2 2 1 1 1
 3 3 2 5 5 5 8 8 9 9 11 14 14 16 18 18 23 23 22 21 21 12 28 28 27 27 26 12 12 22 16 16 11 11 7 7 7 3 1 1 0 0 1 1 1 1
 3 3 2 5 5 5 8 8 9 9 11 14 14 16 18 18 23 23 22 21 21 12 28 28 27 27 26 12 12 22 16 16 11 11 7 7 7 3 1 1 0 0 1 1 1 1
 5 5 6 5 5 6 8 8 9 9 13 12 12 12 21 21 18 18 22 18 18 23 18 18 19 19 16 19 19 4 18 18 4 4 4 6 6 2 0 0 0 0 1 1 1 0
 3 3 4 7 7 8 18 18 15 15 16 12 12 9 21 21 9 9 9 18 18 12 11 11 7 7 7 2 2 4 7 7 9 9 5 3 3 1 0 0 0 0 2 0 0 0
 3 3 4 7 7 8 18 18 15 15 16 12 12 9 21 21 9 9 9 18 18 12 11 11 7 7 7 2 2 4 7 7 9 9 5 3 3 1 0 0 0 0 2 0 0 0
 4 4 6 11 11 10 15 15 11 11 9 6 6 7 10 10 8 8 9 12 12 8 12 12 7 7 2 2 2 0 0 0 1 1 1 0 0 1 1 1 1 1 1 1 1 0
 2 2 3 6 6 7 7 7 4 4 3 3 3 6 11 11 7 7 6 4 4 4 4 4 1 1 2 6 6 6 1 1 3 3 4 1 1 1 5 5 4 4 1 1 1 1
 2 2 3 6 6 7 7 7 4 4 3 3 3 6 11 11 7 7 6 4 4 4 4 4 1 1 2 6 6 6 1 1 3 3 4 1 1 1 5 5 4 4 1 1 1 1
 1 1 1 2 2 3 2 2 1 1 2 2 2 38 32 32 28 28 25 2 2 3 2 2 2 2 2 6 6 6 3 3 5 5 5 5 5 11 8 8 7 7 3 3 3 5
 1 1 1 2 2 3 2 2 1 1 2 2 2 38 32 32 28 28 25 2 2 3 2 2 2 2 2 6 6 6 3 3 5 5 5 5 5 11 8 8 7 7 3 3 3 5
 5 5 3 2 2 3 4 4 28 28 28 37 37 37 31 31 25 25 26 3 3 5 6 6 4 4 3 7 7 6 3 3 6 6 8 6 6 11 7 7 6 6 4 9 9 11
 11 11 11 7 7 7 6 6 29 29 29 3 3 4 2 2 6 6 8 7 7 5 5 5 7 7 3 4 4 3 1 1 1 1 7 6 6 9 10 10 7 7 8 10 10 10
 11 11 11 7 7 7 6 6 29 29 29 3 3 4 2 2 6 6 8 7 7 5 5 5 7 7 3 4 4 3 1 1 1 1 7 6 6 9 10 10 7 7 8 10 10 10
 12 12 15 8 8 7 6 6 6 6 5 4 4 4 6 6 6 6 10 10 10 7 3 3 7 7 9 1 1 1 1 1 3 3 3 4 4 5 9 9 10 10 9 6 6 8
 10 10 10 8 8 8 6 6 4 4 4 4 4 3 5 5 6 6 11 10 10 12 7 7 2 2 6 2 2 1 3 3 3 3 7 7 7 16 5 5 6 6 8 5 5 3
 10 10 10 8 8 8 6 6 4 4 4 4 4 3 5 5 6 6 11 10 10 12 7 7 2 2 6 2 2 1 3 3 3 3 7 7 7 16 5 5 6 6 8 5 5 3
 9 9 18 9 9 12 4 4 4 4 4 4 4 4 4 4 2 2 3 8 8 12 5 5 2 2 4 4 4 4 3 3 7 7 7 7 7 3 4 4 5 5 5 3 3 4
 9 9 18 9 9 12 4 4 4 4 4 4 4 4 4 4 2 2 3 8 8 12 5 5 2 2 4 4 4 4 3 3 7 7 7 7 7 3 4 4 5 5 5 3 3 4
 9 9 12 14 14 6 5 5 4 4 4 2 2 2 4 4 2 2 4 5 5 2 1 1 2 2 8 7 7 14 3 3 5 5 5 4 4 3 2 2 4 4 4 1 1 1
 9 9 13 17 17 13 5 5 1 1 4 2 2 2 1 1 2 2 1 2 2 0 0 0 3 3 5 3 3 4 8 8 1 1 2 3 3 1 1 1 2 2 3 1 1 1
 9 9 13 17 17 13 5 5 1 1 4 2 2 2 1 1 2 2 1 2 2 0 0 0 3 3 5 3 3 4 8 8 1 1 2 3 3 1 1 1 2 2 3 1 1 1
 10 10 9 17 17 8 6 6 0 0 0 0 0 0 0 0 0 0 0 0 0 0 0 0 4 4 2 1 1 1 6 6 4 4 1 2 2 2 2 2 2 2 3 3 3 4
 8 8 8 7 7 3 6 6 1 1 0 0 0 0 0 0 0 0 0 0 0 0 1 1 1 1 4 8 8 5 6 6 3 3 1 2 2 3 3 3 3 3 3 4 4 2
 8 8 8 7 7 3 6 6 1 1 0 0 0 0 0 0 0 0 0 0 0 0 1 1 1 1 4 8 8 5 6 6 3 3 1 2 2 3 3 3 3 3 3 4 4 2
 5 5 4 4 4 2 5 5 0 0 0 0 0 0 0 0 0 0 0 1 1 0 1 1 2 2 2 8 8 5 4 4 4 4 3 3 3 6 5 5 4 4 3 1 1 1
 5 5 4 4 4 2 5 5 0 0 0 0 0 0 0 0 0 0 0 1 1 0 1 1 2 2 2 8 8 5 4 4 4 4 3 3 3 6 5 5 4 4 3 1 1 1
 3 3 3 3 3 3 3 3 3 3 3 1 1 0 0 0 0 0 0 1 1 9 5 5 7 7 6 7 7 9 9 9 5 5 6 5 5 6 4 4 5 5 4 1 1 1
 3 3 3 3 3 4 1 1 0 0 0 1 1 0 1 1 1 1 1 2 2 12 7 7 7 7 9 8 8 11 12 12 9 9 3 4 4 5 4 4 5 5 2 1 1 0
 3 3 3 3 3 4 1 1 0 0 0 1 1 0 1 1 1 1 1 2 2 12 7 7 7 7 9 8 8 11 12 12 9 9 3 4 4 5 4 4 5 5 2 1 1 0
 2 2 4 8 8 1 1 1 1 1 1 1 1 1 2 2 3 3 3 4 4 7 6 6 6 6 4 3 3 2 4 4 5 5 3 4 4 5 6 6 4 4 2 0 0 0
 6 6 7 2 2 1 1 1 2 2 3 3 3 2 2 2 2 2 2 2 2 2 1 1 1 1 1 1 1 1 2 2 2 2 3 10 10 12 9 9 8 8 3 1 1 0
 6 6 7 2 2 1 1 1 2 2 3 3 3 2 2 2 2 2 2 2 2 2 1 1 1 1 1 1 1 1 2 2 2 2 3 10 10 12 9 9 8 8 3 1 1 0
 4 4 2 1 1 2 2 2 3 3 4 3 3 2 1 1 2 2 2 3 3 2 2 2 1 1 1 2 2 1 2 2 2 2 4 11 11 6 3 3 7 7 4 2 2 2
 4 4 2 1 1 2 2 2 3 3 4 3 3 2 1 1 2 2 2 3 3 2 2 2 1 1 1 2 2 1 2 2 2 2 4 11 11 6 3 3 7 7 4 2 2 2
 3 3 2 3 3 3 3 3 3 3 4 3 3 2 2 2 3 3 3 5 5 4 3 3 10 10 8 2 2 4 2 2 3 3 4 7 7 3 5 5 6 6 5 6 6 4
 2 2 2 2 2 2 3 3 2 2 4 2 2 3 3 3 3 3 4 4 4 3 4 4 8 8 11 13 13 4 4 4 3 3 4 3 3 4 4 4 7 7 2 5 5 2
 2 2 2 2 2 2 3 3 2 2 4 2 2 3 3 3 3 3 4 4 4 3 4 4 8 8 11 13 13 4 4 4 3 3 4 3 3 4 4 4 7 7 2 5 5 2
 1 1 3 2 2 2 1 1 1 1 3 3 3 3 3 3 3 3 3 2 2 4 3 3 14 14 14 13 13 8 6 6 5 5 5 6 6 4 5 5 7 7 6 4 4 4
 3 3 5 7 7 3 1 1 3 3 4 13 13 13 3 3 3 3 5 4 4 5 4 4 6 6 8 15 15 16 3 3 3 3 4 4 4 3 3 3 6 6 6 7 7 15
 3 3 5 7 7 3 1 1 3 3 4 13 13 13 3 3 3 3 5 4 4 5 4 4 6 6 8 15 15 16 3 3 3 3 4 4 4 3 3 3 6 6 6 7 7 15
 2 2 4 5 5 5 6 6 4 4 3 4 4 11 2 2 2 2 5 5 5 4 5 5 4 4 3 11 11 16 10 10 2 2 1 2 2 2 3 3 3 3 7 15 15 13
 2 2 4 5 5 5 6 6 4 4 3 4 4 11 2 2 2 2 5 5 5 4 5 5 4 4 3 11 11 16 10 10 2 2 1 2 2 2 3 3 3 3 7 15 15 13
 1 1 1 2 2 4 8 8 5 5 2 3 3 4 4 4 4 4 2 1 1 2 2 2 2 2 4 4 4 9 5 5 4 4 4 3 3 4 8 8 9 9 12 12 12 10
 1 1 0 0 0 1 11 11 7 7 3 1 1 1 4 4 1 1 1 3 3 2 2 2 2 2 6 6 6 9 10 10 7 7 3 4 4 7 12 12 15 15 10 6 6 7
 1 1 0 0 0 1 11 11 7 7 3 1 1 1 4 4 1 1 1 3 3 2 2 2 2 2 6 6 6 9 10 10 7 7 3 4 4 7 12 12 15 15 10 6 6 7
 0 0 0 1 1 2 11 11 10 10 5 2 2 1 1 1 1 1 1 2 2 2 2 2 4 4 7 6 6 8 11 11 8 8 5 9 9 9 12 12 10 10 5 6 6 7
 0 0 1 1 1 2 4 4 7 7 5 3 3 2 2 2 3 3 2 3 3 3 4 4 3 3 8 9 9 12 16 16 11 11 10 9 9 10 7 7 7 7 2 0 0 1
