assets/RAT_results/precipitation/2022-06-30_IMERG.asc
ncols        46
nrows        77
xllcorner    74.800261325624
yllcorner    8.058333333333
cellsize     0.062500000000
NODATA_value -9999
 146 146 144 114 114 52 48 48 38 38 27 27 27 26 19 19 15 15 5 3 3 4 1 1 0 0 0 0 0 2 1 1 1 1 1 1 1 2 2 2 8 8 2 0 0 4
 96 96 98 79 79 66 58 58 44 44 29 30 30 31 32 32 18 18 11 6 6 2 0 0 0 0 0 0 0 0 0 0 0 0 1 1 1 2 0 0 2 2 5 10 10 5
 96 96 98 79 79 66 58 58 44 44 29 30 30 31 32 32 18 18 11 6 6 2 0 0 0 0 0 0 0 0 0 0 0 0 1 1 1 2 0 0 2 2 5 10 10 5
 82 82 81 154 154 146 73 73 57 57 37 37 37 37 30 30 25 25 16 5 5 0 1 1 0 0 0 0 0 0 1 1 0 0 0 0 0 1 3 3 13 13 17 15 15 8
 87 87 67 155 155 153 80 80 57 57 46 35 35 43 34 34 26 26 15 5 5 2 1 1 0 0 0 0 0 0 1 1 0 0 0 0 0 1 0 0 1 1 3 21 21 3
 87 87 67 155 155 153 80 80 57 57 46 35 35 43 34 34 26 26 15 5 5 2 1 1 0 0 0 0 0 0 1 1 0 0 0 0 0 1 0 0 1 1 3 21 21 3
 71 71 65 43 43 77 64 64 46 46 45 31 31 30 16 16 11 11 10 4 4 2 1 1 0 0 1 1 1 2 2 2 2 2 1 1 1 1 2 2 8 8 3 2 2 1
 71 71 65 43 43 77 64 64 46 46 45 31 31 30 16 16 11 11 10 4 4 2 1 1 0 0 1 1 1 2 2 2 2 2 1 1 1 1 2 2 8 8 3 2 2 1
 89 89 83 51 51 40 39 39 37 37 45 28 28 29 16 16 17 17 7 4 4 3 4 4 0 0 0 1 1 2 4 4 2 2 2 2 2 4 4 4 4 4 3 1 1 0
 85 85 77 56 56 48 55 55 34 34 29 19 19 24 16 16 9 9 10 8 8 4 2 2 0 0 1 1 1 1 3 3 3 3 2 1 1 2 2 2 1 1 0 0 0 1
 85 85 77 56 56 48 55 55 34 34 29 19 19 24 16 16 9 9 10 8 8 4 2 2 0 0 1 1 1 1 3 3 3 3 2 1 1 2 2 2 1 1 0 0 0 1
 102 102 104 97 97 63 45 45 28 28 34 18 18 17 14 14 8 8 7 7 7 6 4 4 2 2 1 1 1 1 1 1 1 1 1 1 1 0 3 3 0 0 1 2 2 3
 91 91 89 72 72 53 33 33 29 29 30 22 22 15 9 9 7 7 8 5 5 3 1 1 3 3 1 2 2 0 0 0 0 0 0 0 0 2 3 3 4 4 0 1 1 3
 91 91 89 72 72 53 33 33 29 29 30 22 22 15 9 9 7 7 8 5 5 3 1 1 3 3 1 2 2 0 0 0 0 0 0 0 0 2 3 3 4 4 0 1 1 3
 72 72 76 56 56 34 29 29 18 18 12 18 18 17 11 11 8 8 11 7 7 4 3 3 2 2 0 1 1 0 0 0 2 2 2 2 2 3 8 8 2 2 1 0 0 2
 72 72 76 56 56 34 29 29 18 18 12 18 18 17 11 11 8 8 11 7 7 4 3 3 2 2 0 1 1 0 0 0 2 2 2 2 2 3 8 8 2 2 1 0 0 2
 40 40 37 41 41 23 22 22 23 23 16 18 18 10 10 10 8 8 8 5 5 5 1 1 1 1 0 1 1 0 0 0 2 2 4 5 5 3 6 6 2 2 0 0 0 1
 22 22 30 32 32 24 21 21 25 25 14 20 20 21 19 19 14 14 11 6 6 6 3 3 2 2 1 1 1 2 0 0 1 1 2 1 1 0 4 4 0 0 1 1 1 1
 22 22 30 32 32 24 21 21 25 25 14 20 20 21 19 19 14 14 11 6 6 6 3 3 2 2 1 1 1 2 0 0 1 1 2 1 1 0 4 4 0 0 1 1 1 1
 18 18 25 26 26 40 22 22 22 22 21 23 23 20 19 19 18 18 18 10 10 8 6 6 9 9 4 3 3 3 1 1 1 1 0 1 1 0 0 0 0 0 2 7 7 10
 39 39 39 33 33 36 27 27 21 21 30 30 30 26 20 20 20 20 15 14 14 10 7 7 9 9 4 4 4 2 1 1 2 2 0 2 2 0 0 0 0 0 1 4 4 0
 39 39 39 33 33 36 27 27 21 21 30 30 30 26 20 20 20 20 15 14 14 10 7 7 9 9 4 4 4 2 1 1 2 2 0 2 2 0 0 0 0 0 1 4 4 0
 42 42 48 43 43 54 45 45 55 55 57 54 54 39 21 21 21 21 14 10 10 13 7 7 8 8 6 3 3 4 2 2 1 1 1 4 4 1 0 0 0 0 0 0 0 0
 42 42 48 43 43 54 45 45 55 55 57 54 54 39 21 21 21 21 14 10 10 13 7 7 8 8 6 3 3 4 2 2 1 1 1 4 4 1 0 0 0 0 0 0 0 0
 51 51 58 47 47 52 53 53 65 65 64 67 67 66 32 32 29 29 27 17 17 19 18 18 12 12 9 10 10 2 4 4 1 1 4 4 4 1 1 1 1 1 1 2 2 0
 65 65 68 50 50 79 65 65 58 58 89 73 73 69 52 52 35 35 38 23 23 27 21 21 15 15 12 13 13 15 10 10 4 4 3 2 2 1 1 1 1 1 3 1 1 3
 65 65 68 50 50 79 65 65 58 58 89 73 73 69 52 52 35 35 38 23 23 27 21 21 15 15 12 13 13 15 10 10 4 4 3 2 2 1 1 1 1 1 3 1 1 3
 88 88 88 82 82 75 58 58 47 47 77 76 76 61 50 50 27 27 25 26 26 27 18 18 17 17 17 11 11 18 10 10 5 5 4 5 5 2 4 4 4 4 3 10 10 5
 48 48 76 65 65 40 38 38 38 38 48 55 55 66 52 52 50 50 33 24 24 23 24 24 19 19 15 17 17 15 11 11 9 9 9 2 2 3 4 4 7 7 3 4 4 5
 48 48 76 65 65 40 38 38 38 38 48 55 55 66 52 52 50 50 33 24 24 23 24 24 19 19 15 17 17 15 11 11 9 9 9 2 2 3 4 4 7 7 3 4 4 5
 36 36 44 52 52 38 40 40 44 44 46 48 48 45 49 49 49 49 30 28 28 20 28 28 21 21 19 18 18 13 7 7 12 12 7 3 3 6 6 6 6 6 4 4 4 0
 36 36 44 52 52 38 40 40 44 44 46 48 48 45 49 49 49 49 30 28 28 20 28 28 21 21 19 18 18 13 7 7 12 12 7 3 3 6 6 6 6 6 4 4 4 0
 46 46 19 27 27 33 31 31 45 45 50 46 46 47 54 54 51 51 30 33 33 20 23 23 29 29 16 24 24 19 15 15 16 16 7 6 6 5 4 4 4 4 5 2 2 2
 46 46 40 44 44 44 34 34 40 40 39 40 40 46 58 58 69 69 37 39 39 41 26 26 27 27 26 30 30 26 19 19 22 22 17 15 15 9 6 6 6 6 5 5 5 3
 46 46 40 44 44 44 34 34 40 40 39 40 40 46 58 58 69 69 37 39 39 41 26 26 27 27 26 30 30 26 19 19 22 22 17 15 15 9 6 6 6 6 5 5 5 3
 64 64 62 45 45 35 41 41 44 44 32 43 43 54 67 67 61 61 37 34 34 43 42 42 27 27 35 37 37 29 28 28 22 22 24 20 20 15 10 10 9 9 5 5 5 2
 57 57 61 65 65 48 36 36 58 58 43 49 49 50 54 54 52 52 39 32 32 37 45 45 30 30 30 29 29 27 24 24 25 25 19 19 19 14 14 14 7 7 5 3 3 1
 57 57 61 65 65 48 36 36 58 58 43 49 49 50 54 54 52 52 39 32 32 37 45 45 30 30 30 29 29 27 24 24 25 25 19 19 19 14 14 14 7 7 5 3 3 1
 36 36 55 62 62 67 40 40 48 48 54 55 55 58 57 57 43 43 37 31 31 37 45 45 36 36 32 40 40 29 27 27 20 20 16 17 17 12 8 8 6 6 4 4 4 1
 36 36 55 62 62 67 40 40 48 48 54 55 55 58 57 57 43 43 37 31 31 37 45 45 36 36 32 40 40 29 27 27 20 20 16 17 17 12 8 8 6 6 4 4 4 1
 55 55 92 84 84 97 53 53 40 40 50 54 54 65 65 65 51 51 47 42 42 48 48 48 40 40 35 30 30 29 25 25 18 18 20 18 18 14 8 8 4 4 4 3 3 4
 43 43 68 58 58 80 70 70 56 56 66 62 62 74 75 75 76 76 55 49 49 49 55 55 42 42 31 30 30 34 29 29 24 24 20 21 21 19 13 13 5 5 6 4 4 4
 43 43 68 58 58 80 70 70 56 56 66 62 62 74 75 75 76 76 55 49 49 49 55 55 42 42 31 30 30 34 29 29 24 24 20 21 21 19 13 13 5 5 6 4 4 4
 43 43 42 44 44 59 57 57 65 65 67 73 73 77 83 83 90 90 53 51 51 45 58 58 43 43 30 29 29 31 27 27 27 27 21 18 18 17 10 10 5 5 1 4 4 4
 34 34 34 39 39 48 45 45 72 72 68 77 77 57 57 57 66 66 48 35 35 37 34 34 35 35 31 18 18 28 30 30 23 23 16 21 21 13 6 6 6 6 6 2 2 1
 34 34 34 39 39 48 45 45 72 72 68 77 77 57 57 57 66 66 48 35 35 37 34 34 35 35 31 18 18 28 30 30 23 23 16 21 21 13 6 6 6 6 6 2 2 1
 30 30 33 36 36 38 41 41 53 53 57 81 81 70 66 66 75 75 50 22 22 19 22 22 16 16 17 20 20 29 26 26 20 20 17 10 10 5 3 3 5 5 1 0 0 0
 30 30 33 36 36 38 41 41 53 53 57 81 81 70 66 66 75 75 50 22 22 19 22 22 16 16 17 20 20 29 26 26 20 20 17 10 10 5 3 3 5 5 1 0 0 0
 22 22 25 39 39 36 38 38 46 46 52 60 60 61 67 67 64 64 31 19 19 24 21 21 15 15 17 13 13 14 15 15 9 9 8 6 6 5 0 0 1 1 1 0 0 0
 24 24 34 49 49 50 54 54 43 43 54 58 58 59 61 61 99 99 51 45 45 24 16 16 11 11 12 13 13 18 19 19 9 9 9 6 6 3 2 2 0 0 0 1 1 1
 24 24 34 49 49 50 54 54 43 43 54 58 58 59 61 61 99 99 51 45 45 24 16 16 11 11 12 13 13 18 19 19 9 9 9 6 6 3 2 2 0 0 0 1 1 1
 51 51 42 57 57 56 57 57 52 52 54 54 54 65 81 81 100 100 64 48 48 23 20 20 14 14 12 16 16 15 19 19 9 9 6 3 3 4 0 0 0 0 1 1 1 0
 64 64 62 59 59 63 73 73 72 72 54 49 49 40 55 55 58 58 73 16 16 16 9 9 10 10 10 12 12 11 15 15 15 15 12 5 5 4 1 1 0 0 1 5 5 2
 64 64 62 59 59 63 73 73 72 72 54 49 49 40 55 55 58 58 73 16 16 16 9 9 10 10 10 12 12 11 15 15 15 15 12 5 5 4 1 1 0 0 1 5 5 2
 59 59 76 73 73 76 92 92 95 95 51 49 49 44 43 43 20 20 27 14 14 11 8 8 9 9 12 10 10 9 10 10 8 8 9 4 4 3 0 0 1 1 10 6 6 2
 59 59 76 73 73 76 92 92 95 95 51 49 49 44 43 43 20 20 27 14 14 11 8 8 9 9 12 10 10 9 10 10 8 8 9 4 4 3 0 0 1 1 10 6 6 2
 55 55 59 47 47 69 72 72 82 82 83 57 57 50 45 45 17 17 19 26 26 5 10 10 5 5 5 8 8 7 9 9 8 8 7 3 3 4 5 5 5 5 9 6 6 0
 24 24 25 27 27 43 44 44 48 48 77 49 49 50 49 49 31 31 30 31 31 21 13 13 13 13 5 11 11 14 7 7 9 9 10 7 7 5 5 5 3 3 7 0 0 0
 24 24 25 27 27 43 44 44 48 48 77 49 49 50 49 49 31 31 30 31 31 21 13 13 13 13 5 11 11 14 7 7 9 9 10 7 7 5 5 5 3 3 7 0 0 0
 17 17 20 18 18 39 38 38 40 40 42 50 50 48 38 38 39 39 31 25 25 27 10 10 14 14 6 5 5 10 8 8 8 8 8 7 7 4 5 5 8 8 2 0 0 0
 16 16 19 34 34 36 37 37 38 38 37 41 41 33 33 33 32 32 28 31 31 15 9 9 10 10 9 7 7 5 6 6 6 6 6 6 6 3 4 4 9 9 4 5 5 1
 16 16 19 34 34 36 37 37 38 38 37 41 41 33 33 33 32 32 28 31 31 15 9 9 10 10 9 7 7 5 6 6 6 6 6 6 6 3 4 4 9 9 4 5 5 1
 20 20 25 33 33 34 39 39 38 38 50 40 40 39 35 35 35 35 27 31 31 15 9 9 2 2 4 7 7 2 3 3 8 8 8 10 10 10 8 8 5 5 8 7 7 2
 20 20 25 33 33 34 39 39 38 38 50 40 40 39 35 35 35 35 27 31 31 15 9 9 2 2 4 7 7 2 3 3 8 8 8 10 10 10 8 8 5 5 8 7 7 2
 16 16 23 31 31 31 35 35 34 34 42 40 40 40 22 22 34 34 27 30 30 15 8 8 7 7 4 12 12 2 4 4 7 7 7 11 11 11 7 7 7 7 5 4 4 2
 15 15 17 22 22 20 31 31 32 32 32 43 43 21 22 22 18 18 21 29 29 17 12 12 5 5 4 2 2 5 5 5 2 2 4 6 6 9 9 9 7 7 5 1 1 1
 15 15 17 22 22 20 31 31 32 32 32 43 43 21 22 22 18 18 21 29 29 17 12 12 5 5 4 2 2 5 5 5 2 2 4 6 6 9 9 9 7 7 5 1 1 1
 11 11 13 14 14 17 29 29 29 29 30 33 33 27 29 29 30 30 36 35 35 13 11 11 6 6 7 16 16 14 12 12 4 4 2 4 4 5 7 7 7 7 3 3 3 1
 9 9 10 12 12 13 13 13 16 16 17 21 21 17 38 38 31 31 35 36 36 28 21 21 18 18 14 9 9 15 11 11 9 9 8 6 6 6 7 7 4 4 9 9 9 4
 9 9 10 12 12 13 13 13 16 16 17 21 21 17 38 38 31 31 35 36 36 28 21 21 18 18 14 9 9 15 11 11 9 9 8 6 6 6 7 7 4 4 9 9 9 4
 7 7 7 7 7 7 8 8 8 8 8 15 15 17 20 20 28 28 27 35 35 27 15 15 17 17 14 8 8 9 14 14 14 14 11 12 12 7 7 7 6 6 8 8 8 3
 7 7 7 7 7 7 8 8 8 8 8 15 15 17 20 20 28 28 27 35 35 27 15 15 17 17 14 8 8 9 14 14 14 14 11 12 12 7 7 7 6 6 8 8 8 3
 7 7 7 7 7 7 7 7 7 7 6 5 5 10 18 18 28 28 26 36 36 31 14 14 3 3 4 5 5 6 9 9 11 11 12 9 9 12 2 2 1 1 2 6 6 6
 7 7 8 8 8 7 8 8 7 7 8 7 7 7 21 21 29 29 22 9 9 8 4 4 6 6 4 5 5 5 5 5 3 3 15 15 15 13 6 6 0 0 0 1 1 3
 7 7 8 8 8 7 8 8 7 7 8 7 7 7 21 21 29 29 22 9 9 8 4 4 6 6 4 5 5 5 5 5 3 3 15 15 15 13 6 6 0 0 0 1 1 3
 7 7 6 7 7 6 5 5 6 6 7 6 6 8 12 12 21 21 11 8 8 5 5 5 6 6 6 6 6 7 7 7 3 3 9 15 15 14 7 7 7 7 0 0 0 1
 8 8 8 6 6 6 4 4 4 4 5 5 5 7 13 13 19 19 17 6 6 6 7 7 7 7 5 6 6 6 6 6 4 4 9 8 8 10 10 10 8 8 2 1 1 1
