assets/RAT_results/precipitation/2022-03-30_IMERG.asc
ncols        46
nrows        77
xllcorner    74.800261325624
yllcorner    8.058333333333
cellsize     0.062500000000
NODATA_value -9999
 2 2 1 1 1 2 8 8 7 7 7 21 21 21 15 15 23 23 10 10 10 3 4 4 1 1 1 0 0 0 3 3 3 3 4 4 4 3 1 1 1 1 0 0 0 0
 4 4 2 1 1 3 3 3 9 9 12 16 16 15 15 15 11 11 38 24 24 13 3 3 5 5 1 0 0 0 2 2 2 2 2 2 2 2 0 0 0 0 0 0 0 0
 4 4 2 1 1 3 3 3 9 9 12 16 16 15 15 15 11 11 38 24 24 13 3 3 5 5 1 0 0 0 2 2 2 2 2 2 2 2 0 0 0 0 0 0 0 0
 2 2 3 2 2 3 4 4 12 12 11 16 16 16 4 4 9 9 11 14 14 12 10 10 10 10 10 0 0 0 0 0 0 0 0 1 1 1 0 0 0 0 0 0 0 0
 1 1 19 14 14 3 2 2 7 7 7 5 5 4 4 4 3 3 9 36 36 15 10 10 6 6 5 1 1 0 0 0 0 0 0 2 2 2 1 1 0 0 0 0 0 0
 1 1 19 14 14 3 2 2 7 7 7 5 5 4 4 4 3 3 9 36 36 15 10 10 6 6 5 1 1 0 0 0 0 0 0 2 2 2 1 1 0 0 0 0 0 0
 16 16 15 13 13 24 2 2 7 7 6 17 17 17 17 17 24 24 42 40 40 16 16 16 5 5 0 0 0 0 0 0 0 0 1 2 2 3 2 2 1 1 2 2 2 0
 16 16 15 13 13 24 2 2 7 7 6 17 17 17 17 17 24 24 42 40 40 16 16 16 5 5 0 0 0 0 0 0 0 0 1 2 2 3 2 2 1 1 2 2 2 0
 3 3 22 26 26 26 4 4 3 3 17 15 15 17 18 18 47 47 51 59 59 20 26 26 8 8 0 0 0 0 0 0 2 2 2 2 2 3 3 3 2 2 2 2 2 0
 3 3 24 29 29 30 11 11 22 22 16 14 14 14 40 40 49 49 50 61 61 32 17 17 8 8 0 0 0 0 0 0 3 3 3 4 4 7 4 4 2 2 1 0 0 0
 3 3 24 29 29 30 11 11 22 22 16 14 14 14 40 40 49 49 50 61 61 32 17 17 8 8 0 0 0 0 0 0 3 3 3 4 4 7 4 4 2 2 1 0 0 0
 4 4 25 24 24 30 26 26 20 20 16 14 14 4 26 26 35 35 33 33 33 46 17 17 3 3 1 1 1 1 1 1 2 2 3 4 4 6 4 4 3 3 1 0 0 0
 3 3 10 9 9 25 23 23 22 22 17 3 3 4 26 26 26 26 27 18 18 14 10 10 2 2 3 2 2 2 3 3 7 7 3 5 5 4 3 3 3 3 1 0 0 0
 3 3 10 9 9 25 23 23 22 22 17 3 3 4 26 26 26 26 27 18 18 14 10 10 2 2 3 2 2 2 3 3 7 7 3 5 5 4 3 3 3 3 1 0 0 0
 2 2 9 8 8 22 41 41 18 18 15 12 12 12 17 17 17 17 19 16 16 16 3 3 3 3 4 4 4 4 4 4 3 3 6 5 5 4 36 36 8 8 2 1 1 0
 2 2 9 8 8 22 41 41 18 18 15 12 12 12 17 17 17 17 19 16 16 16 3 3 3 3 4 4 4 4 4 4 3 3 6 5 5 4 36 36 8 8 2 1 1 0
 1 1 1 1 1 22 33 33 15 15 16 11 11 11 2 2 11 11 11 14 14 11 3 3 4 4 4 4 4 12 10 10 10 10 6 50 50 36 34 34 6 6 1 1 1 0
 1 1 0 0 0 0 6 6 1 1 1 2 2 2 2 2 12 12 13 4 4 3 3 3 4 4 4 5 5 8 10 10 5 5 5 48 48 1 21 21 0 0 0 0 0 0
 1 1 0 0 0 0 6 6 1 1 1 2 2 2 2 2 12 12 13 4 4 3 3 3 4 4 4 5 5 8 10 10 5 5 5 48 48 1 21 21 0 0 0 0 0 0
 0 0 0 0 0 0 5 5 0 0 1 1 1 2 1 1 2 2 4 4 4 13 3 3 4 4 4 4 4 4 4 4 4 4 3 1 1 1 21 21 0 0 0 0 0 0
 1 1 1 1 1 1 1 1 1 1 0 1 1 2 12 12 2 2 9 11 11 12 4 4 2 2 3 2 2 2 2 2 2 2 2 1 1 0 0 0 0 0 0 0 0 0
 1 1 1 1 1 1 1 1 1 1 0 1 1 2 12 12 2 2 9 11 11 12 4 4 2 2 3 2 2 2 2 2 2 2 2 1 1 0 0 0 0 0 0 0 0 0
 1 1 1 1 1 1 2 2 1 1 0 0 0 3 4 4 7 7 7 26 26 34 1 1 1 1 1 1 1 2 1 1 1 1 0 0 0 0 0 0 0 0 0 0 0 0
 1 1 1 1 1 1 2 2 1 1 0 0 0 3 4 4 7 7 7 26 26 34 1 1 1 1 1 1 1 2 1 1 1 1 0 0 0 0 0 0 0 0 0 0 0 0
 1 1 1 1 1 2 4 4 3 3 2 0 0 22 21 21 3 3 15 3 3 9 1 1 1 1 0 0 0 14 6 6 1 1 0 0 0 0 0 0 0 0 0 0 0 0
 4 4 3 3 3 5 5 5 5 5 9 6 6 20 21 21 3 3 1 0 0 2 3 3 2 2 1 6 6 14 6 6 4 4 0 0 0 0 0 0 0 0 0 0 0 0
 4 4 3 3 3 5 5 5 5 5 9 6 6 20 21 21 3 3 1 0 0 2 3 3 2 2 1 6 6 14 6 6 4 4 0 0 0 0 0 0 0 0 0 0 0 0
 4 4 3 3 3 12 7 7 6 6 11 8 8 21 19 19 16 16 3 3 3 2 2 2 2 2 1 3 3 8 0 0 0 0 0 0 0 0 0 0 0 0 0 0 0 0
 8 8 7 11 11 17 11 11 10 10 9 8 8 5 4 4 4 4 4 3 3 5 4 4 0 0 0 0 0 0 0 0 0 0 0 0 0 0 0 0 0 0 0 0 0 0
 8 8 7 11 11 17 11 11 10 10 9 8 8 5 4 4 4 4 4 3 3 5 4 4 0 0 0 0 0 0 0 0 0 0 0 0 0 0 0 0 0 0 0 0 0 0
 13 13 12 14 14 27 14 14 14 14 13 11 11 7 5 5 4 4 0 1 1 10 1 1 0 0 0 9 9 12 0 0 0 0 0 0 0 0 0 0 0 0 0 0 0 0
 13 13 12 14 14 27 14 14 14 14 13 11 11 7 5 5 4 4 0 1 1 10 1 1 0 0 0 9 9 12 0 0 0 0 0 0 0 0 0 0 0 0 0 0 0 0
 28 28 20 19 19 23 15 15 15 15 12 10 10 7 23 23 1 1 1 0 0 0 0 0 0 0 0 0 0 4 0 0 0 0 0 0 0 0 0 0 0 0 0 0 0 0
 28 28 38 30 30 12 11 11 12 12 11 9 9 6 3 3 0 0 1 0 0 0 0 0 0 0 0 0 0 0 0 0 0 0 0 0 0 0 0 0 0 0 0 0 0 0
 28 28 38 30 30 12 11 11 12 12 11 9 9 6 3 3 0 0 1 0 0 0 0 0 0 0 0 0 0 0 0 0 0 0 0 0 0 0 0 0 0 0 0 0 0 0
 67 67 38 31 31 10 10 10 10 10 8 6 6 4 2 2 0 0 0 0 0 0 0 0 0 0 0 0 0 0 0 0 0 0 0 0 0 0 0 0 0 0 0 0 0 0
 88 88 69 41 41 9 8 8 7 7 4 2 2 1 1 1 0 0 0 1 1 0 0 0 0 0 0 0 0 0 0 0 0 0 0 0 0 0 0 0 0 0 14 0 0 0
 88 88 69 41 41 9 8 8 7 7 4 2 2 1 1 1 0 0 0 1 1 0 0 0 0 0 0 0 0 0 0 0 0 0 0 0 0 0 0 0 0 0 14 0 0 0
 92 92 107 15 15 6 5 5 6 6 4 3 3 0 0 0 0 0 3 2 2 0 2 2 3 3 6 10 10 11 0 0 0 0 0 0 0 0 0 0 0 0 0 0 0 0
 92 92 107 15 15 6 5 5 6 6 4 3 3 0 0 0 0 0 3 2 2 0 2 2 3 3 6 10 10 11 0 0 0 0 0 0 0 0 0 0 0 0 0 0 0 0
 56 56 59 15 15 6 5 5 8 8 5 2 2 1 0 0 1 1 2 2 2 2 5 5 6 6 6 31 31 35 0 0 16 16 9 3 3 0 0 0 0 0 0 0 0 0
 58 58 43 10 10 7 6 6 7 7 6 1 1 1 1 1 1 1 2 4 4 3 6 6 6 6 40 20 20 16 12 12 16 16 8 0 0 0 0 0 0 0 0 0 0 0
 58 58 43 10 10 7 6 6 7 7 6 1 1 1 1 1 1 1 2 4 4 3 6 6 6 6 40 20 20 16 12 12 16 16 8 0 0 0 0 0 0 0 0 0 0 0
 14 14 28 27 27 9 9 9 14 14 17 5 5 4 2 2 2 2 0 2 2 0 0 0 12 12 21 14 14 14 23 23 15 15 7 0 0 1 1 1 1 1 0 0 0 0
 16 16 5 13 13 6 7 7 32 32 33 8 8 9 8 8 3 3 1 5 5 2 2 2 9 9 17 14 14 24 23 23 16 16 12 1 1 2 1 1 0 0 0 0 0 0
 16 16 5 13 13 6 7 7 32 32 33 8 8 9 8 8 3 3 1 5 5 2 2 2 9 9 17 14 14 24 23 23 16 16 12 1 1 2 1 1 0 0 0 0 0 0
 5 5 5 3 3 1 3 3 5 5 35 13 13 8 6 6 8 8 3 1 1 4 4 4 13 13 12 15 15 23 37 37 14 14 7 2 2 4 4 4 0 0 0 0 0 0
 5 5 5 3 3 1 3 3 5 5 35 13 13 8 6 6 8 8 3 1 1 4 4 4 13 13 12 15 15 23 37 37 14 14 7 2 2 4 4 4 0 0 0 0 0 0
 5 5 6 4 4 2 2 2 2 2 3 4 4 2 2 2 1 1 1 0 0 0 2 2 5 5 8 13 13 16 15 15 14 14 2 2 2 0 3 3 0 0 0 0 0 0
 6 6 5 3 3 0 2 2 1 1 0 0 0 1 2 2 2 2 2 5 5 6 8 8 6 6 8 5 5 5 12 12 0 0 0 1 1 0 0 0 0 0 0 0 0 0
 6 6 5 3 3 0 2 2 1 1 0 0 0 1 2 2 2 2 2 5 5 6 8 8 6 6 8 5 5 5 12 12 0 0 0 1 1 0 0 0 0 0 0 0 0 0
 3 3 2 0 0 0 1 1 0 0 0 0 0 0 1 1 3 3 7 5 5 4 12 12 5 5 17 31 31 3 0 0 13 13 15 16 16 8 0 0 0 0 0 0 0 0
 1 1 1 0 0 0 0 0 0 0 0 0 0 0 1 1 15 15 22 20 20 12 13 13 6 6 17 50 50 16 5 5 10 10 43 23 23 9 2 2 0 0 3 18 18 18
 1 1 1 0 0 0 0 0 0 0 0 0 0 0 1 1 15 15 22 20 20 12 13 13 6 6 17 50 50 16 5 5 10 10 43 23 23 9 2 2 0 0 3 18 18 18
 1 1 1 0 0 0 0 0 0 0 0 0 0 1 1 1 3 3 16 25 25 18 19 19 18 18 15 24 24 31 36 36 38 38 31 21 21 7 3 3 3 3 10 18 18 43
 1 1 1 0 0 0 0 0 0 0 0 0 0 1 1 1 3 3 16 25 25 18 19 19 18 18 15 24 24 31 36 36 38 38 31 21 21 7 3 3 3 3 10 18 18 43
 1 1 1 1 1 1 0 0 2 2 6 6 6 7 9 9 10 10 23 28 28 20 19 19 20 20 10 15 15 19 12 12 12 12 29 7 7 1 4 4 2 2 26 40 40 43
 1 1 1 1 1 2 1 1 2 2 5 6 6 7 9 9 15 15 22 29 29 28 27 27 91 91 18 51 51 14 0 0 0 0 8 7 7 4 5 5 9 9 37 43 43 43
 1 1 1 1 1 2 1 1 2 2 5 6 6 7 9 9 15 15 22 29 29 28 27 27 91 91 18 51 51 14 0 0 0 0 8 7 7 4 5 5 9 9 37 43 43 43
 1 1 1 1 1 2 27 27 37 37 44 47 47 1 11 11 14 14 23 26 26 33 37 37 10 10 21 10 10 0 11 11 8 8 16 9 9 10 11 11 9 9 28 14 14 0
 1 1 1 1 1 27 26 26 36 36 38 51 51 1 8 8 10 10 11 23 23 29 22 22 10 10 2 0 0 0 2 2 8 8 5 10 10 10 15 15 18 18 1 0 0 0
 1 1 1 1 1 27 26 26 36 36 38 51 51 1 8 8 10 10 11 23 23 29 22 22 10 10 2 0 0 0 2 2 8 8 5 10 10 10 15 15 18 18 1 0 0 0
 1 1 1 1 1 0 28 28 38 38 38 51 51 0 8 8 10 10 4 2 2 1 3 3 4 4 2 1 1 0 0 0 6 6 0 0 0 0 12 12 12 12 0 0 0 0
 1 1 1 1 1 0 28 28 38 38 38 51 51 0 8 8 10 10 4 2 2 1 3 3 4 4 2 1 1 0 0 0 6 6 0 0 0 0 12 12 12 12 0 0 0 0
 1 1 0 0 0 0 28 28 0 0 0 0 0 0 0 0 0 0 1 1 1 0 0 0 1 1 0 0 0 0 0 0 0 0 0 0 0 0 0 0 0 0 0 0 0 0
 0 0 0 0 0 0 0 0 0 0 0 0 0 0 0 0 0 0 0 0 0 0 0 0 0 0 0 0 0 1 0 0 0 0 0 0 0 0 0 0 0 0 0 0 0 0
 0 0 0 0 0 0 0 0 0 0 0 0 0 0 0 0 0 0 0 0 0 0 0 0 0 0 0 0 0 1 0 0 0 0 0 0 0 0 0 0 0 0 0 0 0 0
 0 0 0 0 0 0 0 0 0 0 0 0 0 0 0 0 0 0 0 0 0 0 9 9 6 6 0 0 0 0 0 0 0 0 0 0 0 0 0 0 0 0 0 0 0 0
 1 1 0 0 0 0 0 0 0 0 0 0 0 0 0 0 0 0 0 0 0 1 10 10 3 3 0 0 0 0 0 0 0 0 0 0 0 0 0 0 0 0 0 0 0 0
 1 1 0 0 0 0 0 0 0 0 0 0 0 0 0 0 0 0 0 0 0 1 10 10 3 3 0 0 0 0 0 0 0 0 0 0 0 0 0 0 0 0 0 0 0 0
 1 1 0 0 0 0 0 0 0 0 0 0 0 0 0 0 0 0 0 0 0 0 0 0 0 0 0 0 0 0 0 0 0 0 0 0 0 0 0 0 0 0 0 0 0 0
 1 1 0 0 0 0 0 0 0 0 0 0 0 0 0 0 0 0 0 0 0 0 0 0 0 0 0 0 0 0 0 0 0 0 0 0 0 0 0 0 0 0 0 0 0 0
 0 0 0 0 0 0 0 0 0 0 0 0 0 0 0 0 0 0 0 0 0 0 0 0 0 0 1 0 0 0 0 0 0 0 1 0 0 0 0 0 0 0 0 0 0 0
 0 0 0 0 0 0 0 0 0 0 0 0 0 0 0 0 0 0 0 0 0 0 0 0 0 0 0 0 0 0 0 0 0 0 0 0 0 0 0 0 0 0 0 0 0 0
 0 0 0 0 0 0 0 0 0 0 0 0 0 0 0 0 0 0 0 0 0 0 0 0 0 0 0 0 0 0 0 0 0 0 0 0 0 0 0 0 0 0 0 0 0 0
 0 0 0 0 0 0 0 0 0 0 0 0 0 0 0 0 0 0 0 0 0 0 0 0 0 0 0 0 0 0 0 0 0 0 0 0 0 0 1 1 0 0 0 0 0 0
 0 0 0 0 0 0 0 0 0 0 0 0 0 0 0 0 0 0 0 0 0 0 0 0 0 0 0 0 0 0 0 0 0 0 0 0 0 0 0 0 0 0 0 0 0 0
