assets/RAT_results/precipitation/2022-05-31_IMERG.asc
ncols        46
nrows        77
xllcorner    74.800261325624
yllcorner    8.058333333333
cellsize     0.062500000000
NODATA_value -9999
 2 2 1 1 1 1 1 1 1 1 0 0 0 0 0 0 0 0 0 0 0 0 0 0 0 0 2 2 2 2 13 13 14 14 15 17 17 13 11 11 7 7 6 4 4 7
 1 1 1 1 1 3 4 4 3 3 0 0 0 0 0 0 0 0 0 0 0 0 0 0 0 0 0 1 1 2 11 11 12 12 20 21 21 9 6 6 7 7 6 6 6 3
 1 1 1 1 1 3 4 4 3 3 0 0 0 0 0 0 0 0 0 0 0 0 0 0 0 0 0 1 1 2 11 11 12 12 20 21 21 9 6 6 7 7 6 6 6 3
 3 3 3 2 2 4 3 3 2 2 0 0 0 0 0 0 0 0 0 0 0 0 0 0 0 0 0 0 0 0 11 11 11 11 19 5 5 5 2 2 2 2 2 2 2 1
 0 0 3 2 2 4 4 4 4 4 0 0 0 0 0 0 0 0 0 0 0 0 0 0 0 0 0 1 1 1 1 1 1 1 1 5 5 4 1 1 0 0 0 0 0 0
 0 0 3 2 2 4 4 4 4 4 0 0 0 0 0 0 0 0 0 0 0 0 0 0 0 0 0 1 1 1 1 1 1 1 1 5 5 4 1 1 0 0 0 0 0 0
 1 1 0 0 0 0 0 0 0 0 0 0 0 0 0 0 0 0 0 0 0 0 0 0 0 0 1 1 1 1 1 1 1 1 0 1 1 1 0 0 0 0 0 0 0 0
 1 1 0 0 0 0 0 0 0 0 0 0 0 0 0 0 0 0 0 0 0 0 0 0 0 0 1 1 1 1 1 1 1 1 0 1 1 1 0 0 0 0 0 0 0 0
 2 2 19 14 14 7 0 0 3 3 3 1 1 1 0 0 0 0 0 0 0 0 0 0 0 0 1 1 1 1 0 0 0 0 0 1 1 0 0 0 0 0 0 0 0 0
 3 3 19 31 31 19 23 23 4 4 4 2 2 2 1 1 0 0 0 0 0 0 0 0 0 0 1 1 1 1 0 0 0 0 0 0 0 0 0 0 0 0 0 0 0 0
 3 3 19 31 31 19 23 23 4 4 4 2 2 2 1 1 0 0 0 0 0 0 0 0 0 0 1 1 1 1 0 0 0 0 0 0 0 0 0 0 0 0 0 0 0 0
 5 5 5 17 17 21 24 24 20 20 13 14 14 4 3 3 2 2 0 0 0 0 0 0 0 0 0 0 0 0 0 0 0 0 0 0 0 0 0 0 0 0 0 0 0 0
 10 10 22 20 20 29 24 24 20 20 15 15 15 13 2 2 2 2 1 1 1 1 0 0 1 1 0 0 0 0 0 0 0 0 0 0 0 0 0 0 0 0 0 0 0 0
 10 10 22 20 20 29 24 24 20 20 15 15 15 13 2 2 2 2 1 1 1 1 0 0 1 1 0 0 0 0 0 0 0 0 0 0 0 0 0 0 0 0 0 0 0 0
 6 6 8 7 7 23 25 25 21 21 17 17 17 14 13 13 5 5 6 5 5 3 3 3 3 3 2 2 2 2 2 2 2 2 1 1 1 0 0 0 0 0 0 0 0 0
 6 6 8 7 7 23 25 25 21 21 17 17 17 14 13 13 5 5 6 5 5 3 3 3 3 3 2 2 2 2 2 2 2 2 1 1 1 0 0 0 0 0 0 0 0 0
 5 5 5 5 5 17 19 19 17 17 27 29 29 32 31 31 14 14 7 3 3 4 5 5 6 6 7 7 7 7 8 8 8 8 8 6 6 3 2 2 1 1 0 0 0 0
 28 28 35 37 37 55 47 47 48 48 30 30 30 33 32 32 15 15 11 3 3 4 5 5 6 6 7 9 9 9 10 10 13 13 15 15 15 10 7 7 5 5 4 2 2 1
 28 28 35 37 37 55 47 47 48 48 30 30 30 33 32 32 15 15 11 3 3 4 5 5 6 6 7 9 9 9 10 10 13 13 15 15 15 10 7 7 5 5 4 2 2 1
 28 28 41 53 53 56 48 48 47 47 71 66 66 50 23 23 21 21 13 5 5 4 5 5 6 6 7 7 7 9 10 10 13 13 17 19 19 15 12 12 12 12 13 9 9 5
 43 43 41 41 41 68 102 102 109 109 85 68 68 50 64 64 28 28 15 7 7 6 7 7 8 8 7 8 8 9 10 10 13 13 14 15 15 14 14 14 18 18 19 16 16 12
 43 43 41 41 41 68 102 102 109 109 85 68 68 50 64 64 28 28 15 7 7 6 7 7 8 8 7 8 8 9 10 10 13 13 14 15 15 14 14 14 18 18 19 16 16 12
 35 35 34 42 42 62 44 44 60 60 118 109 109 82 61 61 31 31 31 15 15 11 7 7 7 7 6 8 8 11 12 12 13 13 15 15 15 14 15 15 19 19 19 15 15 13
 35 35 34 42 42 62 44 44 60 60 118 109 109 82 61 61 31 31 31 15 15 11 7 7 7 7 6 8 8 11 12 12 13 13 15 15 15 14 15 15 19 19 19 15 15 13
 31 31 34 42 42 45 60 60 67 67 71 75 75 88 70 70 40 40 34 17 17 10 5 5 5 5 4 6 6 9 8 8 9 9 12 16 16 13 14 14 17 17 17 16 16 19
 31 31 31 36 36 36 49 49 63 63 65 75 75 73 68 68 58 58 44 23 23 16 4 4 4 4 4 4 4 6 5 5 6 6 13 14 14 10 9 9 13 13 14 15 15 18
 31 31 31 36 36 36 49 49 63 63 65 75 75 73 68 68 58 58 44 23 23 16 4 4 4 4 4 4 4 6 5 5 6 6 13 14 14 10 9 9 13 13 14 15 15 18
 16 16 16 30 30 35 47 47 71 71 74 82 82 59 104 104 61 61 53 30 30 36 10 10 7 7 2 2 2 2 2 2 3 3 8 6 6 4 4 4 7 7 10 9 9 7
 16 16 30 29 29 29 34 34 57 57 58 65 65 72 71 71 51 51 65 40 40 36 16 16 10 10 5 2 2 0 0 0 1 1 2 1 1 1 2 2 3 3 3 2 2 2
 16 16 30 29 29 29 34 34 57 57 58 65 65 72 71 71 51 51 65 40 40 36 16 16 10 10 5 2 2 0 0 0 1 1 2 1 1 1 2 2 3 3 3 2 2 2
 6 6 28 26 26 27 27 27 28 28 39 68 68 70 77 77 56 56 45 38 38 29 23 23 13 13 3 2 2 0 0 0 0 0 0 0 0 0 1 1 2 2 2 3 3 2
 6 6 28 26 26 27 27 27 28 28 39 68 68 70 77 77 56 56 45 38 38 29 23 23 13 13 3 2 2 0 0 0 0 0 0 0 0 0 1 1 2 2 2 3 3 2
 5 5 3 25 25 26 26 26 26 26 32 31 31 31 36 36 35 35 44 38 38 22 19 19 13 13 8 1 1 1 0 0 0 0 0 0 0 0 0 0 1 1 1 1 1 1
 3 3 3 1 1 1 1 1 1 1 1 21 21 29 21 21 26 26 41 37 37 20 13 13 13 13 7 1 1 0 0 0 0 0 0 0 0 0 0 0 0 0 0 0 0 0
 3 3 3 1 1 1 1 1 1 1 1 21 21 29 21 21 26 26 41 37 37 20 13 13 13 13 7 1 1 0 0 0 0 0 0 0 0 0 0 0 0 0 0 0 0 0
 2 2 1 1 1 1 0 0 0 0 1 21 21 19 13 13 20 20 17 27 27 22 7 7 10 10 7 1 1 1 0 0 0 0 0 0 0 0 0 0 0 0 0 0 0 0
 1 1 1 1 1 1 1 1 1 1 1 2 2 1 2 2 9 9 14 22 22 18 7 7 13 13 5 1 1 1 0 0 0 0 0 0 0 0 0 0 0 0 0 0 0 0
 1 1 1 1 1 1 1 1 1 1 1 2 2 1 2 2 9 9 14 22 22 18 7 7 13 13 5 1 1 1 0 0 0 0 0 0 0 0 0 0 0 0 0 0 0 0
 1 1 1 1 1 0 1 1 1 1 2 2 2 1 2 2 2 2 2 9 9 7 7 7 7 7 4 19 19 10 10 10 1 1 0 0 0 0 0 0 0 0 0 0 0 0
 1 1 1 1 1 0 1 1 1 1 2 2 2 1 2 2 2 2 2 9 9 7 7 7 7 7 4 19 19 10 10 10 1 1 0 0 0 0 0 0 0 0 0 0 0 0
 1 1 1 1 1 1 1 1 1 1 1 1 1 1 1 1 1 1 1 7 7 7 19 19 20 20 19 21 21 11 13 13 5 5 2 1 1 1 1 1 1 1 1 0 0 1
 1 1 1 1 1 1 1 1 1 1 1 0 0 0 0 0 0 0 0 12 12 10 19 19 22 22 23 21 21 23 26 26 12 12 7 2 2 2 1 1 2 2 3 2 2 0
 1 1 1 1 1 1 1 1 1 1 1 0 0 0 0 0 0 0 0 12 12 10 19 19 22 22 23 21 21 23 26 26 12 12 7 2 2 2 1 1 2 2 3 2 2 0
 1 1 1 1 1 2 1 1 2 2 2 2 2 1 0 0 0 0 0 1 1 2 3 3 8 8 21 23 23 31 32 32 16 16 7 4 4 2 1 1 1 1 3 0 0 0
 0 0 0 1 1 1 2 2 4 4 3 3 3 2 1 1 1 1 1 2 2 3 6 6 9 9 10 13 13 20 20 20 12 12 6 4 4 4 1 1 0 0 2 0 0 1
 0 0 0 1 1 1 2 2 4 4 3 3 3 2 1 1 1 1 1 2 2 3 6 6 9 9 10 13 13 20 20 20 12 12 6 4 4 4 1 1 0 0 2 0 0 1
 1 1 1 1 1 2 5 5 7 7 4 3 3 2 1 1 2 2 2 3 3 4 6 6 12 12 13 14 14 23 36 36 30 30 12 2 2 1 0 0 0 0 0 0 0 0
 1 1 1 1 1 2 5 5 7 7 4 3 3 2 1 1 2 2 2 3 3 4 6 6 12 12 13 14 14 23 36 36 30 30 12 2 2 1 0 0 0 0 0 0 0 0
 1 1 1 1 1 1 2 2 3 3 3 2 2 2 2 2 2 2 2 2 2 4 6 6 13 13 14 18 18 20 32 32 27 27 4 2 2 0 0 0 0 0 0 0 0 0
 0 0 1 1 1 0 1 1 1 1 2 1 1 1 1 1 1 1 1 1 1 2 3 3 7 7 11 13 13 11 12 12 8 8 4 2 2 0 1 1 0 0 0 0 0 0
 0 0 1 1 1 0 1 1 1 1 2 1 1 1 1 1 1 1 1 1 1 2 3 3 7 7 11 13 13 11 12 12 8 8 4 2 2 0 1 1 0 0 0 0 0 0
 0 0 0 0 0 0 0 0 0 0 1 1 1 1 2 2 1 1 0 0 0 1 2 2 4 4 7 9 9 7 6 6 5 5 2 1 1 0 1 1 1 1 0 0 0 0
 19 19 19 9 9 0 0 0 0 0 0 0 0 0 0 0 0 0 0 1 1 1 1 1 3 3 6 7 7 6 4 4 3 3 2 1 1 1 1 1 0 0 0 1 1 1
 19 19 19 9 9 0 0 0 0 0 0 0 0 0 0 0 0 0 0 1 1 1 1 1 3 3 6 7 7 6 4 4 3 3 2 1 1 1 1 1 0 0 0 1 1 1
 19 19 18 9 9 9 0 0 0 0 0 0 0 0 0 0 0 0 0 1 1 1 2 2 4 4 5 5 5 4 3 3 2 2 2 2 2 1 1 1 1 1 0 1 1 2
 19 19 18 9 9 9 0 0 0 0 0 0 0 0 0 0 0 0 0 1 1 1 2 2 4 4 5 5 5 4 3 3 2 2 2 2 2 1 1 1 1 1 0 1 1 2
 21 21 21 15 15 15 0 0 0 0 0 1 1 1 1 1 0 0 0 0 0 1 2 2 4 4 3 2 2 1 1 1 1 1 2 1 1 1 1 1 1 1 1 1 1 1
 22 22 16 15 15 15 0 0 0 0 0 1 1 1 1 1 1 1 0 1 1 1 2 2 3 3 2 1 1 0 0 0 0 0 1 1 1 4 1 1 2 2 4 2 2 1
 22 22 16 15 15 15 0 0 0 0 0 1 1 1 1 1 1 1 0 1 1 1 2 2 3 3 2 1 1 0 0 0 0 0 1 1 1 4 1 1 2 2 4 2 2 1
 22 22 15 15 15 2 1 1 1 1 1 1 1 1 1 1 1 1 1 1 1 2 2 2 2 2 2 1 1 1 0 0 0 0 0 0 0 1 1 1 2 2 3 2 2 2
 9 9 5 8 8 4 3 3 2 2 2 2 2 1 3 3 3 3 2 2 2 2 1 1 1 1 1 1 1 1 1 1 1 1 1 1 1 1 1 1 1 1 1 1 1 2
 9 9 5 8 8 4 3 3 2 2 2 2 2 1 3 3 3 3 2 2 2 2 1 1 1 1 1 1 1 1 1 1 1 1 1 1 1 1 1 1 1 1 1 1 1 2
 20 20 15 12 12 12 11 11 8 8 6 8 8 3 2 2 3 3 2 1 1 1 0 0 0 0 1 1 1 1 1 1 1 1 1 1 1 2 1 1 0 0 0 0 0 1
 20 20 15 12 12 12 11 11 8 8 6 8 8 3 2 2 3 3 2 1 1 1 0 0 0 0 1 1 1 1 1 1 1 1 1 1 1 2 1 1 0 0 0 0 0 1
 26 26 17 16 16 13 8 8 4 4 7 9 9 3 3 3 3 3 2 1 1 1 0 0 0 0 0 0 0 0 0 0 0 0 0 1 1 2 1 1 0 0 0 0 0 0
 25 25 20 21 21 16 7 7 4 4 4 6 6 4 4 4 4 4 2 2 2 0 0 0 0 0 0 0 0 0 0 0 0 0 1 1 1 1 1 1 0 0 0 0 0 0
 25 25 20 21 21 16 7 7 4 4 4 6 6 4 4 4 4 4 2 2 2 0 0 0 0 0 0 0 0 0 0 0 0 0 1 1 1 1 1 1 0 0 0 0 0 0
 15 15 13 16 16 16 7 7 5 5 4 4 4 3 4 4 6 6 6 3 3 0 1 1 0 0 0 0 0 0 1 1 1 1 1 1 1 1 0 0 0 0 0 0 0 0
 17 17 14 11 11 13 11 11 8 8 3 3 3 2 5 5 5 5 5 3 3 2 1 1 0 0 0 0 0 0 0 0 0 0 0 0 0 0 0 0 0 0 0 0 0 0
 17 17 14 11 11 13 11 11 8 8 3 3 3 2 5 5 5 5 5 3 3 2 1 1 0 0 0 0 0 0 0 0 0 0 0 0 0 0 0 0 0 0 0 0 0 0
 18 18 17 11 11 9 10 10 8 8 7 10 10 7 4 4 5 5 5 4 4 3 1 1 0 0 1 1 1 0 0 0 0 0 0 0 0 2 0 0 0 0 0 0 0 0
 18 18 17 11 11 9 10 10 8 8 7 10 10 7 4 4 5 5 5 4 4 3 1 1 0 0 1 1 1 0 0 0 0 0 0 0 0 2 0 0 0 0 0 0 0 0
 18 18 14 11 11 11 12 12 11 11 10 11 11 8 3 3 4 4 5 4 4 3 1 1 1 1 1 1 1 0 0 0 0 0 0 0 0 4 4 4 1 1 0 0 0 0
 24 24 21 17 17 14 14 14 12 12 10 9 9 8 8 8 8 8 3 3 3 3 3 3 2 2 1 0 0 1 1 1 1 1 0 0 0 0 4 4 0 0 0 0 0 0
 24 24 21 17 17 14 14 14 12 12 10 9 9 8 8 8 8 8 3 3 3 3 3 3 2 2 1 0 0 1 1 1 1 1 0 0 0 0 4 4 0 0 0 0 0 0
 29 29 28 26 26 22 19 19 19 19 17 14 14 12 10 10 9 9 7 3 3 6 10 10 6 6 3 2 2 2 1 1 1 1 0 0 0 2 2 2 6 6 4 1 1 1
 28 28 27 23 23 21 17 17 16 16 15 14 14 11 10 10 10 10 9 9 9 8 11 11 8 8 4 6 6 4 2 2 1 1 1 1 1 0 0 0 0 0 1 1 1 1
