assets/RAT_results/precipitation/2022-11-06_IMERG.asc
ncols        46
nrows        77
xllcorner    74.800261325624
yllcorner    8.058333333333
cellsize     0.062500000000
NODATA_value -9999
 2 2 1 1 1 2 0 0 1 1 1 2 2 0 0 0 0 0 0 0 0 0 0 0 0 0 0 0 0 0 0 0 0 0 0 0 0 1 0 0 0 0 0 0 0 0
 2 2 2 3 3 4 3 3 1 1 2 5 5 1 0 0 0 0 0 0 0 0 0 0 0 0 0 0 0 0 0 0 0 0 0 1 1 4 1 1 0 0 0 0 0 0
 2 2 2 3 3 4 3 3 1 1 2 5 5 1 0 0 0 0 0 0 0 0 0 0 0 0 0 0 0 0 0 0 0 0 0 1 1 4 1 1 0 0 0 0 0 0
 2 2 2 10 10 17 13 13 6 6 2 2 2 0 0 0 0 0 0 0 0 1 0 0 0 0 0 0 0 0 0 0 0 0 0 2 2 4 1 1 0 0 0 0 0 0
 7 7 11 27 27 28 17 17 13 13 5 3 3 0 0 0 0 0 1 1 1 1 0 0 0 0 0 0 0 0 0 0 0 0 0 1 1 3 2 2 0 0 0 0 0 0
 7 7 11 27 27 28 17 17 13 13 5 3 3 0 0 0 0 0 1 1 1 1 0 0 0 0 0 0 0 0 0 0 0 0 0 1 1 3 2 2 0 0 0 0 0 0
 9 9 11 31 31 34 27 27 12 12 3 3 3 0 0 0 0 0 0 0 0 0 0 0 0 0 0 0 0 0 0 0 0 0 0 0 0 2 2 2 0 0 0 0 0 0
 9 9 11 31 31 34 27 27 12 12 3 3 3 0 0 0 0 0 0 0 0 0 0 0 0 0 0 0 0 0 0 0 0 0 0 0 0 2 2 2 0 0 0 0 0 0
 37 37 32 33 33 46 18 18 11 11 2 1 1 1 1 1 0 0 0 0 0 0 0 0 0 0 0 0 0 0 0 0 0 0 0 0 0 0 0 0 0 0 0 0 0 0
 31 31 32 12 12 9 8 8 8 8 4 2 2 1 1 1 0 0 0 0 0 0 0 0 0 0 0 0 0 0 0 0 0 0 0 0 0 0 0 0 0 0 0 0 0 0
 31 31 32 12 12 9 8 8 8 8 4 2 2 1 1 1 0 0 0 0 0 0 0 0 0 0 0 0 0 0 0 0 0 0 0 0 0 0 0 0 0 0 0 0 0 0
 15 15 12 21 21 4 5 5 12 12 11 4 4 4 1 1 0 0 0 0 0 0 0 0 0 0 0 0 0 0 0 0 0 0 0 0 0 0 0 0 0 0 0 0 0 0
 4 4 5 8 8 8 7 7 10 10 13 7 7 6 2 2 0 0 0 0 0 0 0 0 0 0 0 0 0 0 0 0 0 0 0 0 0 0 0 0 0 0 0 0 0 0
 4 4 5 8 8 8 7 7 10 10 13 7 7 6 2 2 0 0 0 0 0 0 0 0 0 0 0 0 0 0 0 0 0 0 0 0 0 0 0 0 0 0 0 0 0 0
 3 3 4 8 8 11 12 12 12 12 20 13 13 8 3 3 1 1 0 0 0 0 0 0 0 0 0 0 0 0 0 0 0 0 0 0 0 0 0 0 0 0 0 0 0 0
 3 3 4 8 8 11 12 12 12 12 20 13 13 8 3 3 1 1 0 0 0 0 0 0 0 0 0 0 0 0 0 0 0 0 0 0 0 0 0 0 0 0 0 0 0 0
 4 4 3 11 11 11 16 16 15 15 21 13 13 8 4 4 2 2 1 1 1 0 0 0 0 0 0 0 0 0 0 0 0 0 0 0 0 0 0 0 0 0 0 0 0 0
 12 12 10 8 8 18 17 17 12 12 18 7 7 8 6 6 7 7 2 1 1 0 0 0 0 0 0 0 0 0 0 0 0 0 0 0 0 0 0 0 0 0 0 0 0 0
 12 12 10 8 8 18 17 17 12 12 18 7 7 8 6 6 7 7 2 1 1 0 0 0 0 0 0 0 0 0 0 0 0 0 0 0 0 0 0 0 0 0 0 0 0 0
 12 12 11 8 8 23 24 24 18 18 20 11 11 7 5 5 4 4 7 2 2 1 1 1 0 0 0 0 0 0 0 0 0 0 0 0 0 1 0 0 0 0 0 0 0 0
 10 10 18 17 17 26 25 25 24 24 26 24 24 9 11 11 17 17 5 5 5 5 3 3 3 3 0 0 0 0 0 0 0 0 1 1 1 1 0 0 0 0 0 0 0 0
 10 10 18 17 17 26 25 25 24 24 26 24 24 9 11 11 17 17 5 5 5 5 3 3 3 3 0 0 0 0 0 0 0 0 1 1 1 1 0 0 0 0 0 0 0 0
 11 11 32 31 31 43 46 46 36 36 34 36 36 19 17 17 15 15 18 12 12 8 4 4 1 1 0 4 4 0 0 0 0 0 3 1 1 1 0 0 0 0 0 0 0 0
 11 11 32 31 31 43 46 46 36 36 34 36 36 19 17 17 15 15 18 12 12 8 4 4 1 1 0 4 4 0 0 0 0 0 3 1 1 1 0 0 0 0 0 0 0 0
 10 10 37 38 38 44 58 58 39 39 36 39 39 28 26 26 22 22 22 19 19 14 6 6 1 1 0 0 0 0 1 1 2 2 3 0 0 0 0 0 0 0 0 0 0 0
 6 6 32 51 51 53 57 57 40 40 29 33 33 21 30 30 29 29 28 25 25 21 9 9 2 2 0 0 0 1 1 1 0 0 0 0 0 0 0 0 1 1 0 0 0 0
 6 6 32 51 51 53 57 57 40 40 29 33 33 21 30 30 29 29 28 25 25 21 9 9 2 2 0 0 0 1 1 1 0 0 0 0 0 0 0 0 1 1 0 0 0 0
 2 2 4 52 52 31 23 23 21 21 26 27 27 27 19 19 33 33 30 33 33 28 9 9 2 2 0 1 1 0 0 0 0 0 0 0 0 3 2 2 7 7 1 0 0 0
 1 1 4 18 18 20 24 24 25 25 22 21 21 19 17 17 30 30 33 38 38 28 8 8 3 3 0 0 0 0 0 0 0 0 0 3 3 7 3 3 4 4 1 0 0 0
 1 1 4 18 18 20 24 24 25 25 22 21 21 19 17 17 30 30 33 38 38 28 8 8 3 3 0 0 0 0 0 0 0 0 0 3 3 7 3 3 4 4 1 0 0 0
 2 2 2 11 11 15 19 19 26 26 24 22 22 20 17 17 29 29 32 31 31 20 7 7 3 3 1 0 0 0 0 0 0 0 0 0 0 3 2 2 0 0 0 0 0 0
 2 2 2 11 11 15 19 19 26 26 24 22 22 20 17 17 29 29 32 31 31 20 7 7 3 3 1 0 0 0 0 0 0 0 0 0 0 3 2 2 0 0 0 0 0 0
 1 1 2 3 3 13 17 17 25 25 26 23 23 22 19 19 36 36 36 31 31 19 8 8 4 4 4 0 0 0 0 0 3 3 3 1 1 0 0 0 0 0 0 0 0 0
 1 1 1 2 2 9 15 15 23 23 24 24 24 24 22 22 20 20 40 37 37 26 13 13 5 5 2 0 0 0 4 4 10 10 10 4 4 1 3 3 0 0 0 0 0 0
 1 1 1 2 2 9 15 15 23 23 24 24 24 24 22 22 20 20 40 37 37 26 13 13 5 5 2 0 0 0 4 4 10 10 10 4 4 1 3 3 0 0 0 0 0 0
 1 1 1 1 1 8 11 11 17 17 23 20 20 25 22 22 20 20 42 47 47 35 16 16 9 9 5 2 2 0 3 3 3 3 5 6 6 1 2 2 1 1 2 1 1 0
 0 0 1 2 2 8 9 9 5 5 10 13 13 20 20 20 20 20 19 46 46 36 19 19 15 15 12 5 5 4 1 1 4 4 4 5 5 11 11 11 6 6 4 3 3 1
 0 0 1 2 2 8 9 9 5 5 10 13 13 20 20 20 20 20 19 46 46 36 19 19 15 15 12 5 5 4 1 1 4 4 4 5 5 11 11 11 6 6 4 3 3 1
 0 0 1 4 4 3 3 3 4 4 6 7 7 13 14 14 15 15 14 32 32 29 24 24 19 19 21 7 7 6 1 1 6 6 8 10 10 14 17 17 20 20 3 3 3 2
 0 0 1 4 4 3 3 3 4 4 6 7 7 13 14 14 15 15 14 32 32 29 24 24 19 19 21 7 7 6 1 1 6 6 8 10 10 14 17 17 20 20 3 3 3 2
 1 1 2 5 5 5 4 4 5 5 5 6 6 12 13 13 13 13 12 27 27 28 26 26 29 29 30 11 11 4 6 6 6 6 5 7 7 12 16 16 13 13 12 4 4 3
 11 11 1 3 3 3 5 5 7 7 9 9 9 12 14 14 15 15 15 16 16 28 36 36 39 39 33 17 17 6 5 5 4 4 4 2 2 4 10 10 20 20 21 14 14 1
 11 11 1 3 3 3 5 5 7 7 9 9 9 12 14 14 15 15 15 16 16 28 36 36 39 39 33 17 17 6 5 5 4 4 4 2 2 4 10 10 20 20 21 14 14 1
 11 11 1 3 3 10 5 5 6 6 10 11 11 12 12 12 16 16 17 11 11 22 29 29 36 36 30 17 17 10 7 7 4 4 3 1 1 3 7 7 20 20 22 12 12 2
 24 24 23 10 10 11 3 3 5 5 8 11 11 10 8 8 12 12 17 8 8 9 21 21 24 24 22 18 18 16 12 12 7 7 4 1 1 1 3 3 10 10 7 3 3 6
 24 24 23 10 10 11 3 3 5 5 8 11 11 10 8 8 12 12 17 8 8 9 21 21 24 24 22 18 18 16 12 12 7 7 4 1 1 1 3 3 10 10 7 3 3 6
 25 25 13 19 19 21 3 3 3 3 4 15 15 5 6 6 8 8 9 6 6 8 14 14 20 20 25 26 26 26 22 22 14 14 7 2 2 0 3 3 8 8 1 5 5 8
 25 25 13 19 19 21 3 3 3 3 4 15 15 5 6 6 8 8 9 6 6 8 14 14 20 20 25 26 26 26 22 22 14 14 7 2 2 0 3 3 8 8 1 5 5 8
 14 14 14 8 8 21 16 16 15 15 16 14 14 15 7 7 13 13 11 10 10 11 14 14 21 21 32 37 37 43 34 34 20 20 12 4 4 1 0 0 0 0 0 5 5 15
 1 1 2 4 4 11 12 12 15 15 21 17 17 17 10 10 11 11 11 10 10 16 18 18 24 24 34 39 39 49 43 43 27 27 15 4 4 1 1 1 0 0 0 5 5 13
 1 1 2 4 4 11 12 12 15 15 21 17 17 17 10 10 11 11 11 10 10 16 18 18 24 24 34 39 39 49 43 43 27 27 15 4 4 1 1 1 0 0 0 5 5 13
 1 1 1 4 4 36 38 38 34 34 29 16 16 20 16 16 17 17 18 15 15 17 19 19 31 31 36 44 44 50 45 45 35 35 22 7 7 3 3 3 2 2 0 5 5 10
 2 2 2 1 1 36 37 37 33 33 27 19 19 20 16 16 18 18 29 33 33 26 28 28 35 35 40 40 40 54 53 53 44 44 31 12 12 7 7 7 3 3 1 3 3 11
 2 2 2 1 1 36 37 37 33 33 27 19 19 20 16 16 18 18 29 33 33 26 28 28 35 35 40 40 40 54 53 53 44 44 31 12 12 7 7 7 3 3 1 3 3 11
 4 4 4 2 2 28 28 28 22 22 27 17 17 18 21 21 28 28 32 40 40 30 35 35 43 43 42 41 41 59 63 63 53 53 35 12 12 7 6 6 3 3 1 1 1 5
 4 4 4 2 2 28 28 28 22 22 27 17 17 18 21 21 28 28 32 40 40 30 35 35 43 43 42 41 41 59 63 63 53 53 35 12 12 7 6 6 3 3 1 1 1 5
 2 2 2 3 3 15 1 1 1 1 16 17 17 17 19 19 34 34 38 53 53 43 46 46 47 47 41 44 44 52 66 66 53 53 25 6 6 4 4 4 3 3 3 2 2 3
 1 1 2 2 2 4 3 3 3 3 1 14 14 23 25 25 44 44 47 52 52 56 53 53 51 51 56 47 47 53 59 59 32 32 16 3 3 1 1 1 3 3 4 4 4 4
 1 1 2 2 2 4 3 3 3 3 1 14 14 23 25 25 44 44 47 52 52 56 53 53 51 51 56 47 47 53 59 59 32 32 16 3 3 1 1 1 3 3 4 4 4 4
 2 2 0 1 1 2 4 4 4 4 3 15 15 21 22 22 44 44 47 51 51 59 58 58 62 62 70 58 58 52 51 51 26 26 17 4 4 0 0 0 1 1 3 4 4 4
 2 2 0 2 2 1 2 2 2 2 2 12 12 24 25 25 26 26 52 55 55 63 65 65 73 73 67 58 58 51 48 48 27 27 20 5 5 1 0 0 0 0 1 2 2 3
 2 2 0 2 2 1 2 2 2 2 2 12 12 24 25 25 26 26 52 55 55 63 65 65 73 73 67 58 58 51 48 48 27 27 20 5 5 1 0 0 0 0 1 2 2 3
 0 0 0 0 0 1 1 1 3 3 2 16 16 32 33 33 34 34 58 60 60 62 68 68 73 73 71 59 59 50 47 47 39 39 28 8 8 1 0 0 0 0 0 1 1 2
 0 0 0 0 0 1 1 1 3 3 2 16 16 32 33 33 34 34 58 60 60 62 68 68 73 73 71 59 59 50 47 47 39 39 28 8 8 1 0 0 0 0 0 1 1 2
 1 1 1 1 1 1 2 2 6 6 4 2 2 17 44 44 45 45 124 126 126 129 129 129 72 72 64 68 68 53 42 42 33 33 16 4 4 3 2 2 2 2 1 0 0 0
 2 2 3 2 2 0 1 1 2 2 5 2 2 36 43 43 47 47 125 135 135 134 133 133 62 62 61 62 62 42 31 31 21 21 8 4 4 4 5 5 10 10 3 1 1 0
 2 2 3 2 2 0 1 1 2 2 5 2 2 36 43 43 47 47 125 135 135 134 133 133 62 62 61 62 62 42 31 31 21 21 8 4 4 4 5 5 10 10 3 1 1 0
 2 2 2 1 1 1 1 1 1 1 1 2 2 35 39 39 39 39 57 156 156 142 131 131 49 49 46 48 48 28 23 23 17 17 8 3 3 3 2 2 3 3 3 1 1 0
 5 5 3 2 2 2 2 2 1 1 0 1 1 33 37 37 39 39 35 115 115 113 112 112 46 46 44 31 31 24 23 23 18 18 7 2 2 2 0 0 1 1 1 1 1 0
 5 5 3 2 2 2 2 2 1 1 0 1 1 33 37 37 39 39 35 115 115 113 112 112 46 46 44 31 31 24 23 23 18 18 7 2 2 2 0 0 1 1 1 1 1 0
 7 7 4 2 2 2 1 1 1 1 0 1 1 1 20 20 20 20 30 118 118 55 55 55 57 57 36 33 33 31 25 25 28 28 18 10 10 9 9 9 0 0 7 5 5 2
 7 7 4 2 2 2 1 1 1 1 0 1 1 1 20 20 20 20 30 118 118 55 55 55 57 57 36 33 33 31 25 25 28 28 18 10 10 9 9 9 0 0 7 5 5 2
 14 14 7 3 3 2 2 2 1 1 1 1 1 1 13 13 13 13 23 52 52 53 54 54 55 55 51 47 47 48 34 34 31 31 27 25 25 15 13 13 2 2 5 12 12 7
 18 18 11 10 10 12 12 12 20 20 1 1 1 1 13 13 13 13 23 25 25 50 50 50 52 52 47 46 46 47 34 34 32 32 35 26 26 24 20 20 10 10 4 4 4 9
 18 18 11 10 10 12 12 12 20 20 1 1 1 1 13 13 13 13 23 25 25 50 50 50 52 52 47 46 46 47 34 34 32 32 35 26 26 24 20 20 10 10 4 4 4 9
 11 11 9 6 6 5 5 5 19 19 2 1 1 1 8 8 8 8 9 15 15 47 40 40 42 42 46 44 44 44 31 31 29 29 26 13 13 10 17 17 14 14 4 1 1 17
 7 7 7 6 6 6 5 5 6 6 1 1 1 1 1 1 2 2 2 2 2 28 32 32 36 36 42 25 25 24 23 23 23 23 23 21 21 4 2 2 2 2 1 8 8 1
