assets/RAT_results/precipitation/2022-05-25_IMERG.asc
ncols        46
nrows        77
xllcorner    74.800261325624
yllcorner    8.058333333333
cellsize     0.062500000000
NODATA_value -9999
 0 0 0 0 0 0 0 0 0 0 0 0 0 0 0 0 0 0 0 0 0 0 0 0 0 0 0 0 0 0 0 0 0 0 0 0 0 0 1 1 1 1 1 1 1 0
 0 0 0 0 0 0 0 0 0 0 0 0 0 0 0 0 0 0 0 0 0 0 0 0 0 0 0 0 0 0 0 0 0 0 0 0 0 0 1 1 1 1 0 0 0 0
 0 0 0 0 0 0 0 0 0 0 0 0 0 0 0 0 0 0 0 0 0 0 0 0 0 0 0 0 0 0 0 0 0 0 0 0 0 0 1 1 1 1 0 0 0 0
 0 0 0 0 0 0 0 0 0 0 0 0 0 0 0 0 0 0 0 0 0 0 0 0 0 0 0 0 0 0 0 0 0 0 0 0 0 0 0 0 0 0 0 0 0 0
 0 0 0 0 0 0 0 0 0 0 0 0 0 0 0 0 0 0 0 0 0 0 0 0 0 0 0 0 0 0 0 0 0 0 0 0 0 0 0 0 0 0 0 0 0 1
 0 0 0 0 0 0 0 0 0 0 0 0 0 0 0 0 0 0 0 0 0 0 0 0 0 0 0 0 0 0 0 0 0 0 0 0 0 0 0 0 0 0 0 0 0 1
 0 0 0 1 1 1 0 0 0 0 0 0 0 0 0 0 0 0 0 0 0 0 0 0 0 0 0 0 0 0 0 0 0 0 0 0 0 0 0 0 0 0 0 0 0 0
 0 0 0 1 1 1 0 0 0 0 0 0 0 0 0 0 0 0 0 0 0 0 0 0 0 0 0 0 0 0 0 0 0 0 0 0 0 0 0 0 0 0 0 0 0 0
 1 1 1 1 1 2 1 1 2 2 1 1 1 1 1 1 0 0 0 0 0 0 0 0 0 0 0 0 0 0 0 0 0 0 0 0 0 0 0 0 0 0 0 0 0 0
 0 0 0 1 1 1 4 4 6 6 3 6 6 2 0 0 0 0 0 0 0 0 0 0 0 0 0 0 0 0 0 0 0 0 0 1 1 1 1 1 1 1 1 1 1 0
 0 0 0 1 1 1 4 4 6 6 3 6 6 2 0 0 0 0 0 0 0 0 0 0 0 0 0 0 0 0 0 0 0 0 0 1 1 1 1 1 1 1 1 1 1 0
 0 0 0 0 0 0 1 1 1 1 1 0 0 0 0 0 0 0 0 0 0 0 0 0 0 0 0 0 0 0 0 0 0 0 0 1 1 2 3 3 3 3 3 4 4 2
 0 0 0 0 0 0 0 0 0 0 0 0 0 1 0 0 0 0 0 0 0 0 0 0 0 0 0 0 0 0 0 0 0 0 0 1 1 3 7 7 5 5 4 4 4 1
 0 0 0 0 0 0 0 0 0 0 0 0 0 1 0 0 0 0 0 0 0 0 0 0 0 0 0 0 0 0 0 0 0 0 0 1 1 3 7 7 5 5 4 4 4 1
 0 0 0 0 0 0 0 0 0 0 0 0 0 0 0 0 0 0 0 0 0 0 0 0 0 0 0 0 0 0 0 0 0 0 0 1 1 2 7 7 5 5 2 2 2 1
 0 0 0 0 0 0 0 0 0 0 0 0 0 0 0 0 0 0 0 0 0 0 0 0 0 0 0 0 0 0 0 0 0 0 0 1 1 2 7 7 5 5 2 2 2 1
 0 0 0 0 0 0 0 0 0 0 0 0 0 0 0 0 1 1 0 0 0 0 0 0 0 0 0 0 0 0 0 0 0 0 0 0 0 1 1 1 1 1 1 1 1 0
 2 2 1 1 1 1 1 1 0 0 1 1 1 1 3 3 6 6 2 1 1 1 0 0 0 0 0 0 0 0 0 0 1 1 1 1 1 1 1 1 1 1 2 2 2 1
 2 2 1 1 1 1 1 1 0 0 1 1 1 1 3 3 6 6 2 1 1 1 0 0 0 0 0 0 0 0 0 0 1 1 1 1 1 1 1 1 1 1 2 2 2 1
 2 2 1 1 1 1 1 1 1 1 1 1 1 1 4 4 9 9 4 2 2 4 1 1 0 0 1 1 1 1 1 1 1 1 2 3 3 2 2 2 2 2 3 4 4 2
 1 1 1 1 1 1 1 1 1 1 1 2 2 2 2 2 3 3 2 1 1 1 0 0 0 0 1 7 7 3 3 3 1 1 2 3 3 4 4 4 4 4 3 3 3 3
 1 1 1 1 1 1 1 1 1 1 1 2 2 2 2 2 3 3 2 1 1 1 0 0 0 0 1 7 7 3 3 3 1 1 2 3 3 4 4 4 4 4 3 3 3 3
 1 1 2 2 2 2 2 2 2 2 2 2 2 5 6 6 5 5 12 1 1 1 1 1 0 0 0 10 10 5 1 1 1 1 1 2 2 3 3 3 3 3 3 3 3 3
 1 1 2 2 2 2 2 2 2 2 2 2 2 5 6 6 5 5 12 1 1 1 1 1 0 0 0 10 10 5 1 1 1 1 1 2 2 3 3 3 3 3 3 3 3 3
 1 1 2 3 3 3 4 4 3 3 4 4 4 7 10 10 16 16 7 6 6 3 2 2 1 1 2 1 1 1 0 0 0 0 1 1 1 2 2 2 2 2 2 3 3 3
 2 2 2 4 4 3 4 4 5 5 5 10 10 10 22 22 22 22 25 25 25 22 4 4 1 1 0 0 0 1 0 0 0 0 0 1 1 1 1 1 1 1 2 2 2 3
 2 2 2 4 4 3 4 4 5 5 5 10 10 10 22 22 22 22 25 25 25 22 4 4 1 1 0 0 0 1 0 0 0 0 0 1 1 1 1 1 1 1 2 2 2 3
 2 2 3 4 4 4 5 5 5 5 6 6 6 6 19 19 21 21 37 35 35 43 23 23 10 10 2 2 2 1 1 1 0 0 0 0 0 0 0 0 1 1 1 1 1 1
 3 3 5 9 9 9 6 6 8 8 7 6 6 8 18 18 39 39 48 34 34 38 28 28 21 21 14 4 4 4 2 2 0 0 0 0 0 0 0 0 0 0 0 0 0 1
 3 3 5 9 9 9 6 6 8 8 7 6 6 8 18 18 39 39 48 34 34 38 28 28 21 21 14 4 4 4 2 2 0 0 0 0 0 0 0 0 0 0 0 0 0 1
 4 4 9 9 9 9 10 10 8 8 8 7 7 7 8 8 18 18 22 31 31 30 21 21 24 24 29 20 20 3 1 1 0 0 0 0 0 0 0 0 0 0 0 0 0 0
 4 4 9 9 9 9 10 10 8 8 8 7 7 7 8 8 18 18 22 31 31 30 21 21 24 24 29 20 20 3 1 1 0 0 0 0 0 0 0 0 0 0 0 0 0 0
 4 4 10 10 10 12 13 13 10 10 10 8 8 6 6 6 22 22 22 24 24 32 15 15 30 30 39 18 18 5 1 1 0 0 0 0 0 0 0 0 0 0 0 0 0 0
 5 5 11 12 12 14 15 15 16 16 16 13 13 8 8 8 10 10 28 23 23 12 14 14 13 13 11 11 11 5 1 1 0 0 0 0 0 0 0 0 1 1 2 3 3 3
 5 5 11 12 12 14 15 15 16 16 16 13 13 8 8 8 10 10 28 23 23 12 14 14 13 13 11 11 11 5 1 1 0 0 0 0 0 0 0 0 1 1 2 3 3 3
 5 5 12 12 12 12 14 14 16 16 15 13 13 8 7 7 6 6 25 16 16 7 15 15 2 2 2 1 1 1 1 1 0 0 0 0 0 0 1 1 1 1 3 4 4 7
 7 7 9 10 10 10 12 12 15 15 15 10 10 9 6 6 5 5 4 13 13 6 11 11 3 3 2 2 2 1 1 1 1 1 0 0 0 0 0 0 2 2 4 6 6 7
 7 7 9 10 10 10 12 12 15 15 15 10 10 9 6 6 5 5 4 13 13 6 11 11 3 3 2 2 2 1 1 1 1 1 0 0 0 0 0 0 2 2 4 6 6 7
 5 5 6 9 9 9 11 11 11 11 14 9 9 9 9 9 7 7 7 12 12 8 5 5 4 4 4 3 3 2 1 1 1 1 1 0 0 3 7 7 2 2 5 5 5 12
 5 5 6 9 9 9 11 11 11 11 14 9 9 9 9 9 7 7 7 12 12 8 5 5 4 4 4 3 3 2 1 1 1 1 1 0 0 3 7 7 2 2 5 5 5 12
 4 4 4 5 5 9 9 9 10 10 14 8 8 9 11 11 10 10 10 14 14 21 8 8 6 6 6 6 6 6 5 5 2 2 1 3 3 5 4 4 4 4 4 8 8 13
 2 2 2 2 2 4 5 5 9 9 12 6 6 7 9 9 10 10 15 21 21 19 11 11 9 9 8 8 8 10 8 8 4 4 1 3 3 3 4 4 10 10 15 13 13 12
 2 2 2 2 2 4 5 5 9 9 12 6 6 7 9 9 10 10 15 21 21 19 11 11 9 9 8 8 8 10 8 8 4 4 1 3 3 3 4 4 10 10 15 13 13 12
 1 1 2 2 2 4 5 5 5 5 5 5 5 6 8 8 9 9 7 14 14 26 16 16 11 11 11 12 12 12 11 11 7 7 2 3 3 6 7 7 7 7 8 6 6 8
 0 0 1 1 1 2 3 3 3 3 4 5 5 7 8 8 8 8 10 17 17 19 37 37 21 21 13 14 14 12 14 14 10 10 3 0 0 1 4 4 4 4 5 4 4 4
 0 0 1 1 1 2 3 3 3 3 4 5 5 7 8 8 8 8 10 17 17 19 37 37 21 21 13 14 14 12 14 14 10 10 3 0 0 1 4 4 4 4 5 4 4 4
 1 1 1 2 2 3 4 4 6 6 24 24 24 9 9 9 9 9 9 17 17 18 40 40 23 23 14 14 14 15 17 17 13 13 3 1 1 1 4 4 4 4 2 1 1 5
 1 1 1 2 2 3 4 4 6 6 24 24 24 9 9 9 9 9 9 17 17 18 40 40 23 23 14 14 14 15 17 17 13 13 3 1 1 1 4 4 4 4 2 1 1 5
 1 1 1 3 3 15 16 16 29 29 25 25 25 24 25 25 24 24 8 19 19 22 61 61 37 37 26 12 12 15 17 17 12 12 3 1 1 1 1 1 1 1 2 2 2 3
 1 1 4 8 8 14 15 15 28 28 29 30 30 24 25 25 22 22 8 9 9 26 25 25 28 28 29 15 15 14 14 14 11 11 4 2 2 1 1 1 1 1 2 1 1 1
 1 1 4 8 8 14 15 15 28 28 29 30 30 24 25 25 22 22 8 9 9 26 25 25 28 28 29 15 15 14 14 14 11 11 4 2 2 1 1 1 1 1 2 1 1 1
 3 3 3 9 9 9 10 10 21 21 21 29 29 23 24 24 22 22 6 6 6 9 16 16 24 24 43 24 24 12 10 10 7 7 4 3 3 2 1 1 1 1 4 1 1 0
 7 7 6 8 8 10 16 16 26 26 24 15 15 15 15 15 4 4 4 5 5 6 8 8 15 15 28 17 17 10 11 11 11 11 8 3 3 2 1 1 1 1 1 0 0 0
 7 7 6 8 8 10 16 16 26 26 24 15 15 15 15 15 4 4 4 5 5 6 8 8 15 15 28 17 17 10 11 11 11 11 8 3 3 2 1 1 1 1 1 0 0 0
 9 9 7 10 10 11 16 16 16 16 15 8 8 16 14 14 4 4 4 6 6 6 7 7 12 12 16 12 12 11 12 12 15 15 15 6 6 3 2 2 7 7 1 1 1 0
 9 9 7 10 10 11 16 16 16 16 15 8 8 16 14 14 4 4 4 6 6 6 7 7 12 12 16 12 12 11 12 12 15 15 15 6 6 3 2 2 7 7 1 1 1 0
 7 7 6 9 9 10 10 10 10 10 14 8 8 8 5 5 3 3 3 6 6 7 6 6 11 11 13 12 12 11 13 13 16 16 16 8 8 5 4 4 14 14 4 3 3 1
 6 6 10 10 10 9 8 8 9 9 8 6 6 6 4 4 3 3 3 5 5 6 6 6 7 7 14 14 14 12 15 15 16 16 16 9 9 6 5 5 14 14 7 5 5 3
 6 6 10 10 10 9 8 8 9 9 8 6 6 6 4 4 3 3 3 5 5 6 6 6 7 7 14 14 14 12 15 15 16 16 16 9 9 6 5 5 14 14 7 5 5 3
 6 6 14 10 10 10 6 6 8 8 5 4 4 4 3 3 4 4 4 5 5 5 6 6 6 6 12 12 12 13 15 15 14 14 14 13 13 7 7 7 8 8 9 6 6 4
 6 6 4 3 3 4 3 3 5 5 3 2 2 2 3 3 5 5 7 5 5 5 5 5 5 5 6 9 9 10 10 10 9 9 8 11 11 8 9 9 9 9 9 7 7 4
 6 6 4 3 3 4 3 3 5 5 3 2 2 2 3 3 5 5 7 5 5 5 5 5 5 5 6 9 9 10 10 10 9 9 8 11 11 8 9 9 9 9 9 7 7 4
 1 1 1 2 2 2 3 3 2 2 1 1 1 1 3 3 4 4 5 5 5 5 5 5 5 5 5 6 6 7 8 8 7 7 6 16 16 10 10 10 10 10 8 7 7 5
 1 1 1 2 2 2 3 3 2 2 1 1 1 1 3 3 4 4 5 5 5 5 5 5 5 5 5 6 6 7 8 8 7 7 6 16 16 10 10 10 10 10 8 7 7 5
 0 0 1 4 4 4 2 2 2 2 1 1 1 1 2 2 1 1 2 3 3 4 5 5 5 5 4 5 5 6 7 7 7 7 7 7 7 6 9 9 10 10 9 6 6 5
 1 1 2 4 4 3 2 2 5 5 4 2 2 1 1 1 0 0 1 2 2 2 4 4 4 4 6 4 4 7 8 8 8 8 8 7 7 7 8 8 15 15 8 7 7 5
 1 1 2 4 4 3 2 2 5 5 4 2 2 1 1 1 0 0 1 2 2 2 4 4 4 4 6 4 4 7 8 8 8 8 8 7 7 7 8 8 15 15 8 7 7 5
 6 6 4 5 5 7 6 6 4 4 2 1 1 1 0 0 0 0 0 1 1 2 3 3 3 3 5 5 5 5 10 10 10 10 9 8 8 6 9 9 22 22 3 6 6 2
 13 13 13 22 22 23 18 18 1 1 0 0 0 1 0 0 1 1 1 1 1 2 3 3 3 3 4 5 5 4 4 4 9 9 8 5 5 3 1 1 12 12 13 0 0 0
 13 13 13 22 22 23 18 18 1 1 0 0 0 1 0 0 1 1 1 1 1 2 3 3 3 3 4 5 5 4 4 4 9 9 8 5 5 3 1 1 12 12 13 0 0 0
 16 16 15 27 27 18 16 16 11 11 11 12 12 1 1 1 1 1 1 2 2 2 3 3 3 3 3 4 4 4 3 3 3 3 5 3 3 2 1 1 6 6 0 0 0 0
 16 16 15 27 27 18 16 16 11 11 11 12 12 1 1 1 1 1 1 2 2 2 3 3 3 3 3 4 4 4 3 3 3 3 5 3 3 2 1 1 6 6 0 0 0 0
 18 18 15 24 24 21 14 14 5 5 12 2 2 1 0 0 1 1 2 3 3 3 2 2 2 2 2 3 3 2 2 2 1 1 4 1 1 1 0 0 0 0 0 0 0 0
 17 17 14 12 12 19 7 7 6 6 6 1 1 0 0 0 1 1 2 2 2 2 2 2 2 2 1 1 1 1 1 1 0 0 1 0 0 0 0 0 0 0 0 0 0 0
 17 17 14 12 12 19 7 7 6 6 6 1 1 0 0 0 1 1 2 2 2 2 2 2 2 2 1 1 1 1 1 1 0 0 1 0 0 0 0 0 0 0 0 0 0 0
 21 21 16 13 13 5 2 2 0 0 0 0 0 0 0 0 1 1 1 1 1 1 1 1 1 1 1 0 0 0 0 0 0 0 0 0 0 0 0 0 0 0 0 0 0 0
 26 26 13 11 11 8 1 1 0 0 0 0 0 0 0 0 1 1 2 2 2 2 2 2 1 1 0 0 0 0 0 0 0 0 0 0 0 0 0 0 0 0 0 0 0 0
