assets/RAT_results/precipitation/2022-12-14_IMERG.asc
ncols        46
nrows        77
xllcorner    74.800261325624
yllcorner    8.058333333333
cellsize     0.062500000000
NODATA_value -9999
 0 0 0 0 0 0 1 1 2 2 0 0 0 0 0 0 0 0 0 0 0 1 0 0 0 0 0 0 0 0 0 0 0 0 0 0 0 0 0 0 0 0 0 0 0 1
 0 0 0 0 0 0 0 0 0 0 0 0 0 0 0 0 0 0 0 0 0 0 0 0 0 0 0 0 0 0 0 0 0 0 1 1 1 0 1 1 1 1 1 1 1 1
 0 0 0 0 0 0 0 0 0 0 0 0 0 0 0 0 0 0 0 0 0 0 0 0 0 0 0 0 0 0 0 0 0 0 1 1 1 0 1 1 1 1 1 1 1 1
 0 0 0 0 0 0 0 0 0 0 0 0 0 0 0 0 0 0 0 0 0 0 0 0 0 0 0 0 0 0 0 0 0 0 0 0 0 0 1 1 1 1 2 2 2 1
 0 0 0 0 0 0 0 0 0 0 0 0 0 0 0 0 0 0 0 0 0 0 0 0 0 0 0 0 0 0 0 0 0 0 0 0 0 0 0 0 0 0 0 1 1 1
 0 0 0 0 0 0 0 0 0 0 0 0 0 0 0 0 0 0 0 0 0 0 0 0 0 0 0 0 0 0 0 0 0 0 0 0 0 0 0 0 0 0 0 1 1 1
 0 0 0 0 0 0 0 0 0 0 0 1 1 0 0 0 0 0 0 0 0 0 0 0 0 0 0 0 0 0 0 0 0 0 0 0 0 1 0 0 0 0 0 0 0 0
 0 0 0 0 0 0 0 0 0 0 0 1 1 0 0 0 0 0 0 0 0 0 0 0 0 0 0 0 0 0 0 0 0 0 0 0 0 1 0 0 0 0 0 0 0 0
 1 1 1 1 1 0 0 0 0 0 0 0 0 0 0 0 0 0 0 0 0 0 0 0 0 0 0 0 0 0 0 0 0 0 0 2 2 2 1 1 0 0 0 0 0 0
 1 1 1 1 1 1 1 1 1 1 1 0 0 0 0 0 0 0 0 0 0 0 0 0 0 0 0 0 0 0 0 0 0 0 0 1 1 1 0 0 0 0 0 0 0 0
 1 1 1 1 1 1 1 1 1 1 1 0 0 0 0 0 0 0 0 0 0 0 0 0 0 0 0 0 0 0 0 0 0 0 0 1 1 1 0 0 0 0 0 0 0 0
 1 1 1 1 1 2 2 2 3 3 4 3 3 1 1 1 0 0 0 0 0 0 0 0 0 0 0 0 0 0 0 0 0 0 0 0 0 0 0 0 0 0 0 0 0 0
 1 1 2 3 3 3 3 3 5 5 9 9 9 6 2 2 1 1 1 0 0 0 0 0 0 0 0 0 0 0 0 0 0 0 0 0 0 0 0 0 0 0 0 0 0 0
 1 1 2 3 3 3 3 3 5 5 9 9 9 6 2 2 1 1 1 0 0 0 0 0 0 0 0 0 0 0 0 0 0 0 0 0 0 0 0 0 0 0 0 0 0 0
 1 1 2 3 3 4 5 5 7 7 11 11 11 11 8 8 2 2 0 0 0 0 0 0 0 0 0 0 0 0 0 0 0 0 0 0 0 0 0 0 0 0 0 0 0 0
 1 1 2 3 3 4 5 5 7 7 11 11 11 11 8 8 2 2 0 0 0 0 0 0 0 0 0 0 0 0 0 0 0 0 0 0 0 0 0 0 0 0 0 0 0 0
 0 0 1 2 2 2 3 3 4 4 7 8 8 10 12 12 6 6 2 0 0 0 0 0 0 0 0 0 0 0 0 0 0 0 0 0 0 0 0 0 0 0 0 0 0 0
 0 0 0 1 1 1 2 2 3 3 5 4 4 3 5 5 4 4 1 0 0 0 0 0 0 0 0 0 0 0 0 0 0 0 0 0 0 0 0 0 0 0 0 0 0 0
 0 0 0 1 1 1 2 2 3 3 5 4 4 3 5 5 4 4 1 0 0 0 0 0 0 0 0 0 0 0 0 0 0 0 0 0 0 0 0 0 0 0 0 0 0 0
 0 0 0 0 0 1 1 1 1 1 2 5 5 1 1 1 1 1 0 0 0 0 0 0 0 0 0 0 0 0 0 0 0 0 0 0 0 0 0 0 0 0 0 0 0 1
 0 0 0 1 1 1 1 1 1 1 2 7 7 3 1 1 0 0 1 0 0 0 0 0 0 0 0 0 0 0 0 0 0 0 0 0 0 0 0 0 0 0 0 0 0 0
 0 0 0 1 1 1 1 1 1 1 2 7 7 3 1 1 0 0 1 0 0 0 0 0 0 0 0 0 0 0 0 0 0 0 0 0 0 0 0 0 0 0 0 0 0 0
 0 0 0 0 0 1 1 1 2 2 4 5 5 9 3 3 0 0 0 0 0 1 0 0 0 0 0 0 0 0 0 0 0 0 0 0 0 0 0 0 0 0 0 0 0 0
 0 0 0 0 0 1 1 1 2 2 4 5 5 9 3 3 0 0 0 0 0 1 0 0 0 0 0 0 0 0 0 0 0 0 0 0 0 0 0 0 0 0 0 0 0 0
 0 0 0 0 0 0 0 0 1 1 3 5 5 14 6 6 1 1 0 0 0 0 0 0 0 0 0 0 0 0 0 0 0 0 0 0 0 0 0 0 0 0 0 0 0 0
 1 1 1 0 0 1 1 1 1 1 1 2 2 4 3 3 0 0 0 0 0 0 0 0 0 0 0 0 0 0 0 0 0 0 0 0 0 0 0 0 0 0 0 0 0 0
 1 1 1 0 0 1 1 1 1 1 1 2 2 4 3 3 0 0 0 0 0 0 0 0 0 0 0 0 0 0 0 0 0 0 0 0 0 0 0 0 0 0 0 0 0 0
 0 0 0 0 0 0 0 0 1 1 1 1 1 1 1 1 0 0 0 0 0 0 0 0 0 0 0 0 0 0 0 0 0 0 0 0 0 0 0 0 0 0 0 0 0 0
 0 0 0 0 0 0 1 1 1 1 1 1 1 2 2 2 0 0 0 0 0 0 0 0 0 0 0 0 0 0 0 0 0 0 0 0 0 0 0 0 0 0 0 0 0 0
 0 0 0 0 0 0 1 1 1 1 1 1 1 2 2 2 0 0 0 0 0 0 0 0 0 0 0 0 0 0 0 0 0 0 0 0 0 0 0 0 0 0 0 0 0 0
 0 0 0 0 0 1 1 1 1 1 2 2 2 2 2 2 1 1 0 0 0 0 0 0 0 0 0 0 0 0 0 0 0 0 0 0 0 0 0 0 0 0 0 0 0 0
 0 0 0 0 0 1 1 1 1 1 2 2 2 2 2 2 1 1 0 0 0 0 0 0 0 0 0 0 0 0 0 0 0 0 0 0 0 0 0 0 0 0 0 0 0 0
 0 0 0 0 0 1 1 1 1 1 1 2 2 2 2 2 1 1 0 0 0 0 0 0 0 0 0 0 0 0 0 0 0 0 0 0 0 0 0 0 0 0 0 0 0 0
 0 0 0 0 0 0 1 1 1 1 1 1 1 1 2 2 2 2 1 1 1 0 0 0 0 0 0 0 0 0 0 0 0 0 0 0 0 0 0 0 0 0 0 0 0 0
 0 0 0 0 0 0 1 1 1 1 1 1 1 1 2 2 2 2 1 1 1 0 0 0 0 0 0 0 0 0 0 0 0 0 0 0 0 0 0 0 0 0 0 0 0 0
 1 1 1 0 0 0 1 1 1 1 1 1 1 1 2 2 2 2 1 1 1 0 0 0 0 0 1 1 1 0 0 0 0 0 0 0 0 0 0 0 0 0 0 0 0 0
 1 1 1 1 1 1 1 1 1 1 1 1 1 1 2 2 2 2 2 2 2 1 1 1 1 1 5 9 9 2 0 0 0 0 0 0 0 0 0 0 0 0 0 0 0 0
 1 1 1 1 1 1 1 1 1 1 1 1 1 1 2 2 2 2 2 2 2 1 1 1 1 1 5 9 9 2 0 0 0 0 0 0 0 0 0 0 0 0 0 0 0 0
 1 1 1 2 2 2 1 1 1 1 1 2 2 2 2 2 2 2 2 3 3 3 2 2 1 1 4 9 9 3 0 0 0 0 0 0 0 0 0 0 0 0 0 0 0 0
 1 1 1 2 2 2 1 1 1 1 1 2 2 2 2 2 2 2 2 3 3 3 2 2 1 1 4 9 9 3 0 0 0 0 0 0 0 0 0 0 0 0 0 0 0 0
 1 1 3 4 4 5 4 4 3 3 3 3 3 3 3 3 3 3 4 6 6 11 9 9 5 5 2 2 2 0 0 0 0 0 3 1 1 1 0 0 0 0 0 1 1 0
 2 2 3 5 5 5 6 6 5 5 5 6 6 7 9 9 11 11 11 10 10 10 11 11 18 18 18 13 13 2 1 1 0 0 0 0 0 0 1 1 1 1 1 2 2 1
 2 2 3 5 5 5 6 6 5 5 5 6 6 7 9 9 11 11 11 10 10 10 11 11 18 18 18 13 13 2 1 1 0 0 0 0 0 0 1 1 1 1 1 2 2 1
 1 1 2 4 4 5 6 6 7 7 8 10 10 14 17 17 21 21 24 25 25 25 20 20 20 20 18 15 15 4 2 2 0 0 0 0 0 0 0 0 0 0 1 4 4 2
 0 0 1 3 3 5 7 7 10 10 14 20 20 27 35 35 35 35 30 39 39 72 50 50 40 40 37 25 25 21 6 6 2 2 0 0 0 0 0 0 0 0 0 1 1 2
 0 0 1 3 3 5 7 7 10 10 14 20 20 27 35 35 35 35 30 39 39 72 50 50 40 40 37 25 25 21 6 6 2 2 0 0 0 0 0 0 0 0 0 1 1 2
 0 0 1 2 2 3 6 6 9 9 14 20 20 28 38 38 40 40 60 59 59 81 86 86 42 42 39 26 26 23 9 9 4 4 1 0 0 0 0 0 0 0 0 1 1 2
 0 0 1 2 2 3 6 6 9 9 14 20 20 28 38 38 40 40 60 59 59 81 86 86 42 42 39 26 26 23 9 9 4 4 1 0 0 0 0 0 0 0 0 1 1 2
 0 0 1 2 2 4 6 6 10 10 16 23 23 32 44 44 43 43 69 75 75 105 115 115 56 56 44 32 32 26 14 14 8 8 2 0 0 1 0 0 0 0 0 0 0 1
 0 0 1 1 1 3 5 5 7 7 11 18 18 25 34 34 32 32 61 76 76 107 133 133 89 89 43 38 38 29 15 15 10 10 3 2 2 3 2 2 2 2 1 1 1 0
 0 0 1 1 1 3 5 5 7 7 11 18 18 25 34 34 32 32 61 76 76 107 133 133 89 89 43 38 38 29 15 15 10 10 3 2 2 3 2 2 2 2 1 1 1 0
 0 0 1 1 1 2 4 4 6 6 10 16 16 22 31 31 36 36 40 66 66 74 111 111 81 81 45 39 39 25 25 25 17 17 4 2 2 4 6 6 7 7 7 5 5 2
 0 0 1 1 1 2 5 5 7 7 12 18 18 24 34 34 36 36 51 109 109 132 117 117 56 56 38 37 37 25 25 25 16 16 5 1 1 2 5 5 8 8 16 14 14 11
 0 0 1 1 1 2 5 5 7 7 12 18 18 24 34 34 36 36 51 109 109 132 117 117 56 56 38 37 37 25 25 25 16 16 5 1 1 2 5 5 8 8 16 14 14 11
 0 0 0 1 1 2 3 3 5 5 9 13 13 19 25 25 47 47 56 113 113 135 119 119 61 61 32 30 30 32 18 18 9 9 2 0 0 1 3 3 5 5 10 11 11 14
 0 0 0 1 1 2 3 3 5 5 9 13 13 19 25 25 47 47 56 113 113 135 119 119 61 61 32 30 30 32 18 18 9 9 2 0 0 1 3 3 5 5 10 11 11 14
 0 0 0 1 1 1 3 3 5 5 8 12 12 17 24 24 33 33 33 62 62 68 102 102 62 62 56 31 31 22 13 13 6 6 1 0 0 0 1 1 1 1 3 4 4 5
 1 1 0 0 0 1 2 2 3 3 4 7 7 10 14 14 19 19 22 54 54 55 44 44 42 42 27 17 17 20 14 14 6 6 1 0 0 0 0 0 0 0 1 1 1 1
 1 1 0 0 0 1 2 2 3 3 4 7 7 10 14 14 19 19 22 54 54 55 44 44 42 42 27 17 17 20 14 14 6 6 1 0 0 0 0 0 0 0 1 1 1 1
 1 1 0 0 0 1 1 1 2 2 2 3 3 4 6 6 7 7 6 4 4 23 31 31 34 34 11 6 6 8 7 7 4 4 2 2 2 1 0 0 0 0 0 0 0 0
 0 0 0 0 0 0 1 1 0 0 0 1 1 1 1 1 2 2 3 4 4 5 3 3 9 9 12 3 3 2 2 2 2 2 6 6 6 3 2 2 1 1 0 0 0 0
 0 0 0 0 0 0 1 1 0 0 0 1 1 1 1 1 2 2 3 4 4 5 3 3 9 9 12 3 3 2 2 2 2 2 6 6 6 3 2 2 1 1 0 0 0 0
 0 0 0 1 1 1 1 1 1 1 1 0 0 0 1 1 1 1 1 2 2 2 3 3 3 3 4 4 4 2 1 1 2 2 8 6 6 5 9 9 3 3 0 0 0 0
 0 0 0 1 1 1 1 1 1 1 1 0 0 0 1 1 1 1 1 2 2 2 3 3 3 3 4 4 4 2 1 1 2 2 8 6 6 5 9 9 3 3 0 0 0 0
 2 2 1 1 1 1 1 1 1 1 2 1 1 0 1 1 1 1 1 1 1 2 2 2 3 3 4 3 3 2 1 1 1 1 3 2 2 2 5 5 3 3 0 0 0 0
 3 3 2 1 1 0 1 1 1 1 1 0 0 0 0 0 1 1 1 1 1 1 3 3 1 1 1 1 1 1 1 1 0 0 0 0 0 0 1 1 0 0 0 0 0 0
 3 3 2 1 1 0 1 1 1 1 1 0 0 0 0 0 1 1 1 1 1 1 3 3 1 1 1 1 1 1 1 1 0 0 0 0 0 0 1 1 0 0 0 0 0 0
 2 2 2 1 1 1 1 1 1 1 1 2 2 2 0 0 0 0 1 1 1 3 4 4 1 1 2 2 2 1 1 1 0 0 0 0 0 0 0 0 0 0 0 0 0 4
 0 0 0 1 1 2 6 6 2 2 1 2 2 2 0 0 0 0 1 1 1 1 2 2 2 2 4 4 4 3 1 1 2 2 1 0 0 0 0 0 0 0 0 0 0 6
 0 0 0 1 1 2 6 6 2 2 1 2 2 2 0 0 0 0 1 1 1 1 2 2 2 2 4 4 4 3 1 1 2 2 1 0 0 0 0 0 0 0 0 0 0 6
 0 0 0 0 0 2 6 6 5 5 1 1 1 1 1 1 1 1 3 1 1 1 1 1 2 2 5 3 3 3 1 1 1 1 3 2 2 1 1 1 0 0 5 0 0 8
 0 0 0 0 0 2 6 6 5 5 1 1 1 1 1 1 1 1 3 1 1 1 1 1 2 2 5 3 3 3 1 1 1 1 3 2 2 1 1 1 0 0 5 0 0 8
 0 0 0 0 0 0 1 1 1 1 0 0 0 0 0 0 0 0 1 1 1 3 3 3 4 4 4 3 3 3 0 0 1 1 2 3 3 3 2 2 2 2 1 1 1 11
 0 0 0 0 0 0 0 0 0 0 0 0 0 0 1 1 1 1 1 1 1 1 4 4 3 3 3 2 2 2 0 0 0 0 0 0 0 2 2 2 3 3 2 13 13 11
 0 0 0 0 0 0 0 0 0 0 0 0 0 0 1 1 1 1 1 1 1 1 4 4 3 3 3 2 2 2 0 0 0 0 0 0 0 2 2 2 3 3 2 13 13 11
 0 0 0 0 0 0 0 0 0 0 0 0 0 0 0 0 1 1 0 1 1 1 1 1 2 2 1 1 1 1 1 1 0 0 0 0 0 0 0 0 0 0 1 9 9 5
 0 0 0 0 0 0 0 0 0 0 0 0 0 0 0 0 0 0 0 1 1 1 1 1 4 4 1 1 1 1 0 0 0 0 0 0 0 0 0 0 0 0 0 0 0 3
