assets/RAT_results/precipitation/2022-08-06_IMERG.asc
ncols        46
nrows        77
xllcorner    74.800261325624
yllcorner    8.058333333333
cellsize     0.062500000000
NODATA_value -9999
 39 39 40 32 32 20 29 29 19 19 13 17 17 22 18 18 15 15 9 3 3 2 5 5 2 2 2 2 2 1 1 1 1 1 0 1 1 0 1 1 3 3 3 2 2 4
 42 42 44 40 40 31 30 30 20 20 14 21 21 15 21 21 13 13 11 7 7 5 4 4 3 3 2 1 1 1 1 1 1 1 1 2 2 1 2 2 2 2 3 4 4 5
 42 42 44 40 40 31 30 30 20 20 14 21 21 15 21 21 13 13 11 7 7 5 4 4 3 3 2 1 1 1 1 1 1 1 1 2 2 1 2 2 2 2 3 4 4 5
 44 44 42 43 43 50 36 36 23 23 21 13 13 9 10 10 12 12 13 6 6 6 5 5 4 4 4 3 3 2 1 1 2 2 2 1 1 1 1 1 1 1 1 1 1 2
 43 43 37 45 45 51 41 41 31 31 24 19 19 11 12 12 12 12 11 9 9 9 4 4 4 4 4 2 2 1 1 1 1 1 1 1 1 1 1 1 0 0 3 1 1 1
 43 43 37 45 45 51 41 41 31 31 24 19 19 11 12 12 12 12 11 9 9 9 4 4 4 4 4 2 2 1 1 1 1 1 1 1 1 1 1 1 0 0 3 1 1 1
 62 62 48 43 43 50 40 40 22 22 27 21 21 18 15 15 12 12 10 9 9 5 3 3 3 3 2 2 2 1 1 1 1 1 1 1 1 1 1 1 1 1 1 1 1 2
 62 62 48 43 43 50 40 40 22 22 27 21 21 18 15 15 12 12 10 9 9 5 3 3 3 3 2 2 2 1 1 1 1 1 1 1 1 1 1 1 1 1 1 1 1 2
 66 66 65 61 61 43 36 36 21 21 19 14 14 13 12 12 14 14 9 5 5 3 2 2 1 1 0 1 1 0 0 0 0 0 0 0 0 0 0 0 2 2 2 0 0 0
 77 77 38 48 48 32 35 35 23 23 10 11 11 12 6 6 7 7 8 2 2 2 1 1 1 1 0 0 0 0 0 0 0 0 1 0 0 0 0 0 0 0 0 0 0 0
 77 77 38 48 48 32 35 35 23 23 10 11 11 12 6 6 7 7 8 2 2 2 1 1 1 1 0 0 0 0 0 0 0 0 1 0 0 0 0 0 0 0 0 0 0 0
 88 88 39 39 39 32 24 24 22 22 12 8 8 8 3 3 4 4 3 3 3 2 1 1 0 0 0 0 0 0 0 0 0 0 0 0 0 0 0 0 0 0 0 0 0 0
 56 56 34 42 42 30 18 18 17 17 16 11 11 11 11 11 6 6 7 1 1 1 0 0 0 0 1 0 0 0 0 0 0 0 0 0 0 0 0 0 0 0 0 1 1 1
 56 56 34 42 42 30 18 18 17 17 16 11 11 11 11 11 6 6 7 1 1 1 0 0 0 0 1 0 0 0 0 0 0 0 0 0 0 0 0 0 0 0 0 1 1 1
 38 38 47 46 46 33 19 19 20 20 17 11 11 10 8 8 6 6 7 7 7 2 1 1 0 0 0 0 0 0 0 0 0 0 0 0 0 0 1 1 1 1 1 2 2 2
 38 38 47 46 46 33 19 19 20 20 17 11 11 10 8 8 6 6 7 7 7 2 1 1 0 0 0 0 0 0 0 0 0 0 0 0 0 0 1 1 1 1 1 2 2 2
 19 19 28 18 18 13 17 17 18 18 10 11 11 10 9 9 7 7 7 6 6 1 1 1 0 0 0 0 0 0 1 1 0 0 0 0 0 0 1 1 1 1 1 2 2 3
 6 6 8 7 7 5 6 6 5 5 6 10 10 9 8 8 1 1 1 2 2 5 4 4 1 1 0 0 0 0 1 1 0 0 0 0 0 0 0 0 0 0 1 1 1 1
 6 6 8 7 7 5 6 6 5 5 6 10 10 9 8 8 1 1 1 2 2 5 4 4 1 1 0 0 0 0 1 1 0 0 0 0 0 0 0 0 0 0 1 1 1 1
 3 3 4 5 5 4 5 5 4 4 3 5 5 4 4 4 4 4 2 3 3 1 1 1 0 0 0 2 2 0 0 0 0 0 0 0 0 0 0 0 0 0 0 0 0 0
 1 1 2 3 3 2 3 3 5 5 6 6 6 4 5 5 7 7 5 6 6 1 4 4 1 1 1 0 0 0 0 0 0 0 0 0 0 0 0 0 0 0 0 0 0 0
 1 1 2 3 3 2 3 3 5 5 6 6 6 4 5 5 7 7 5 6 6 1 4 4 1 1 1 0 0 0 0 0 0 0 0 0 0 0 0 0 0 0 0 0 0 0
 3 3 2 3 3 2 1 1 5 5 7 3 3 3 3 3 2 2 2 2 2 5 1 1 1 1 0 1 1 1 1 1 1 1 0 0 0 0 0 0 0 0 0 0 0 0
 3 3 2 3 3 2 1 1 5 5 7 3 3 3 3 3 2 2 2 2 2 5 1 1 1 1 0 1 1 1 1 1 1 1 0 0 0 0 0 0 0 0 0 0 0 0
 4 4 3 2 2 2 1 1 2 2 3 2 2 1 1 1 1 1 2 2 2 2 0 0 0 0 1 3 3 1 1 1 0 0 0 0 0 0 0 0 0 0 0 0 0 1
 1 1 1 2 2 1 1 1 1 1 1 2 2 1 2 2 1 1 1 2 2 2 0 0 1 1 3 2 2 0 0 0 0 0 0 0 0 0 0 0 1 1 0 1 1 1
 1 1 1 2 2 1 1 1 1 1 1 2 2 1 2 2 1 1 1 2 2 2 0 0 1 1 3 2 2 0 0 0 0 0 0 0 0 0 0 0 1 1 0 1 1 1
 1 1 5 5 5 1 3 3 6 6 6 5 5 2 1 1 2 2 1 2 2 2 2 2 0 0 1 1 1 0 0 0 0 0 0 1 1 1 1 1 1 1 1 0 0 0
 2 2 2 4 4 7 7 7 3 3 0 1 1 0 1 1 1 1 2 8 8 3 2 2 0 0 1 0 0 1 0 0 0 0 1 1 1 1 2 2 1 1 0 0 0 0
 2 2 2 4 4 7 7 7 3 3 0 1 1 0 1 1 1 1 2 8 8 3 2 2 0 0 1 0 0 1 0 0 0 0 1 1 1 1 2 2 1 1 0 0 0 0
 1 1 1 2 2 5 4 4 4 4 0 1 1 1 0 0 1 1 1 1 1 1 1 1 0 0 1 1 1 1 1 1 1 1 1 2 2 2 1 1 0 0 0 0 0 0
 1 1 1 2 2 5 4 4 4 4 0 1 1 1 0 0 1 1 1 1 1 1 1 1 0 0 1 1 1 1 1 1 1 1 1 2 2 2 1 1 0 0 0 0 0 0
 1 1 2 4 4 12 13 13 6 6 1 1 1 1 0 0 0 0 0 0 0 1 1 1 1 1 1 1 1 2 2 2 2 2 2 2 2 1 0 0 0 0 0 0 0 0
 0 0 1 7 7 10 14 14 3 3 1 1 1 1 1 1 0 0 1 2 2 2 1 1 1 1 3 3 3 3 3 3 2 2 2 1 1 0 0 0 0 0 0 0 0 0
 0 0 1 7 7 10 14 14 3 3 1 1 1 1 1 1 0 0 1 2 2 2 1 1 1 1 3 3 3 3 3 3 2 2 2 1 1 0 0 0 0 0 0 0 0 0
 0 0 8 11 11 10 7 7 4 4 4 1 1 1 1 1 1 1 1 1 1 2 6 6 8 8 5 4 4 2 2 2 1 1 1 0 0 0 0 0 0 0 0 0 0 0
 3 3 9 8 8 4 7 7 3 3 3 1 1 1 1 1 2 2 1 2 2 6 7 7 9 9 5 5 5 4 1 1 1 1 1 0 0 0 0 0 0 0 0 0 0 0
 3 3 9 8 8 4 7 7 3 3 3 1 1 1 1 1 2 2 1 2 2 6 7 7 9 9 5 5 5 4 1 1 1 1 1 0 0 0 0 0 0 0 0 0 0 0
 1 1 2 4 4 4 4 4 1 1 2 4 4 4 2 2 1 1 1 3 3 2 2 2 1 1 4 4 4 0 0 0 0 0 0 0 0 0 0 0 0 0 0 0 0 0
 1 1 2 4 4 4 4 4 1 1 2 4 4 4 2 2 1 1 1 3 3 2 2 2 1 1 4 4 4 0 0 0 0 0 0 0 0 0 0 0 0 0 0 0 0 0
 3 3 1 1 1 1 1 1 1 1 2 4 4 4 2 2 3 3 1 2 2 0 0 0 0 0 0 0 0 0 0 0 0 0 0 0 0 0 0 0 1 1 0 0 0 0
 6 6 2 1 1 1 1 1 1 1 1 4 4 4 1 1 1 1 1 0 0 0 0 0 0 0 0 0 0 0 1 1 1 1 2 1 1 0 0 0 0 0 0 0 0 0
 6 6 2 1 1 1 1 1 1 1 1 4 4 4 1 1 1 1 1 0 0 0 0 0 0 0 0 0 0 0 1 1 1 1 2 1 1 0 0 0 0 0 0 0 0 0
 4 4 2 0 0 0 1 1 1 1 1 3 3 3 0 0 0 0 0 0 0 0 0 0 0 0 0 1 1 1 1 1 1 1 2 4 4 0 0 0 0 0 0 0 0 0
 0 0 1 0 0 0 0 0 1 1 0 3 3 1 1 1 0 0 0 0 0 0 0 0 0 0 1 0 0 0 0 0 0 0 3 0 0 0 0 0 0 0 0 0 0 0
 0 0 1 0 0 0 0 0 1 1 0 3 3 1 1 1 0 0 0 0 0 0 0 0 0 0 1 0 0 0 0 0 0 0 3 0 0 0 0 0 0 0 0 0 0 0
 0 0 0 0 0 0 0 0 0 0 1 1 1 0 0 0 0 0 0 0 0 0 0 0 0 0 0 0 0 0 0 0 0 0 0 0 0 0 0 0 0 0 0 0 0 0
 0 0 0 0 0 0 0 0 0 0 1 1 1 0 0 0 0 0 0 0 0 0 0 0 0 0 0 0 0 0 0 0 0 0 0 0 0 0 0 0 0 0 0 0 0 0
 1 1 0 0 0 0 0 0 0 0 0 1 1 0 0 0 0 0 0 0 0 0 0 0 0 0 0 0 0 0 0 0 0 0 0 0 0 0 0 0 0 0 0 0 0 0
 2 2 1 2 2 1 1 1 1 1 0 0 0 0 0 0 0 0 0 0 0 0 0 0 0 0 0 0 0 0 0 0 0 0 4 2 2 0 0 0 0 0 0 0 0 0
 2 2 1 2 2 1 1 1 1 1 0 0 0 0 0 0 0 0 0 0 0 0 0 0 0 0 0 0 0 0 0 0 0 0 4 2 2 0 0 0 0 0 0 0 0 0
 1 1 3 5 5 3 1 1 0 0 0 0 0 0 0 0 0 0 0 0 0 0 0 0 0 0 0 1 1 0 0 0 0 0 0 2 2 0 0 0 0 0 0 0 0 0
 1 1 1 1 1 1 0 0 0 0 0 0 0 0 1 1 0 0 0 0 0 0 0 0 0 0 1 0 0 0 0 0 0 0 0 0 0 0 0 0 0 0 0 0 0 0
 1 1 1 1 1 1 0 0 0 0 0 0 0 0 1 1 0 0 0 0 0 0 0 0 0 0 1 0 0 0 0 0 0 0 0 0 0 0 0 0 0 0 0 0 0 0
 1 1 0 0 0 0 0 0 0 0 0 0 0 1 3 3 1 1 1 1 1 0 0 0 0 0 1 1 1 2 1 1 0 0 0 0 0 1 0 0 0 0 0 0 0 0
 1 1 0 0 0 0 0 0 0 0 0 0 0 1 3 3 1 1 1 1 1 0 0 0 0 0 1 1 1 2 1 1 0 0 0 0 0 1 0 0 0 0 0 0 0 0
 0 0 0 0 0 0 1 1 3 3 2 1 1 3 8 8 5 5 6 4 4 1 1 1 1 1 2 2 2 4 3 3 1 1 0 0 0 0 0 0 0 0 0 0 0 0
 0 0 0 0 0 1 4 4 8 8 5 2 2 4 3 3 6 6 4 1 1 1 0 0 0 0 1 2 2 2 2 2 1 1 0 0 0 0 0 0 0 0 0 0 0 0
 0 0 0 0 0 1 4 4 8 8 5 2 2 4 3 3 6 6 4 1 1 1 0 0 0 0 1 2 2 2 2 2 1 1 0 0 0 0 0 0 0 0 0 0 0 0
 1 1 2 0 0 1 5 5 7 7 2 1 1 1 0 0 0 0 1 1 1 1 0 0 0 0 1 1 1 1 1 1 0 0 0 0 0 0 0 0 0 0 0 0 0 0
 2 2 1 1 1 0 1 1 1 1 0 0 0 0 0 0 0 0 0 1 1 1 0 0 0 0 0 2 2 1 1 1 0 0 0 0 0 0 0 0 0 0 0 0 0 0
 2 2 1 1 1 0 1 1 1 1 0 0 0 0 0 0 0 0 0 1 1 1 0 0 0 0 0 2 2 1 1 1 0 0 0 0 0 0 0 0 0 0 0 0 0 0
 1 1 0 0 0 0 0 0 0 0 0 0 0 0 0 0 0 0 0 1 1 4 2 2 0 0 0 2 2 1 1 1 1 1 0 0 0 0 0 0 0 0 0 0 0 0
 1 1 0 0 0 0 0 0 0 0 0 0 0 0 0 0 0 0 0 1 1 4 2 2 0 0 0 2 2 1 1 1 1 1 0 0 0 0 0 0 0 0 0 0 0 0
 0 0 0 0 0 0 0 0 0 0 1 0 0 0 0 0 0 0 1 2 2 5 1 1 1 1 0 0 0 0 1 1 0 0 0 1 1 0 0 0 0 0 0 0 0 0
 0 0 0 0 0 0 0 0 0 0 0 0 0 0 3 3 2 2 1 1 1 1 0 0 0 0 0 0 0 0 0 0 0 0 0 0 0 1 1 1 1 1 0 0 0 0
 0 0 0 0 0 0 0 0 0 0 0 0 0 0 3 3 2 2 1 1 1 1 0 0 0 0 0 0 0 0 0 0 0 0 0 0 0 1 1 1 1 1 0 0 0 0
 0 0 0 0 0 0 0 0 0 0 0 0 0 2 2 2 1 1 0 0 0 1 1 1 0 0 0 0 0 0 1 1 1 1 1 1 1 1 1 1 1 1 0 0 0 0
 0 0 0 0 0 0 0 0 1 1 1 0 0 0 0 0 0 0 0 0 0 1 1 1 1 1 1 1 1 0 0 0 0 0 0 0 0 0 0 0 0 0 0 0 0 0
 0 0 0 0 0 0 0 0 1 1 1 0 0 0 0 0 0 0 0 0 0 1 1 1 1 1 1 1 1 0 0 0 0 0 0 0 0 0 0 0 0 0 0 0 0 0
 0 0 0 0 0 0 0 0 0 0 0 0 0 1 1 1 0 0 1 0 0 1 1 1 1 1 1 1 1 0 0 0 0 0 0 0 0 0 0 0 0 0 0 0 0 0
 0 0 0 0 0 0 0 0 0 0 0 0 0 1 1 1 0 0 1 0 0 1 1 1 1 1 1 1 1 0 0 0 0 0 0 0 0 0 0 0 0 0 0 0 0 0
 0 0 0 0 0 0 0 0 0 0 0 0 0 0 0 0 0 0 0 0 0 0 0 0 0 0 0 0 0 0 0 0 0 0 0 0 0 0 0 0 1 1 1 1 1 1
 0 0 0 0 0 0 0 0 0 0 0 0 0 0 0 0 0 0 0 0 0 0 0 0 0 0 0 0 0 0 0 0 0 0 0 0 0 1 1 1 2 2 2 2 2 1
 0 0 0 0 0 0 0 0 0 0 0 0 0 0 0 0 0 0 0 0 0 0 0 0 0 0 0 0 0 0 0 0 0 0 0 0 0 1 1 1 2 2 2 2 2 1
 0 0 0 0 0 0 0 0 0 0 0 0 0 0 0 0 0 0 0 0 0 0 0 0 0 0 0 0 0 0 0 0 1 1 1 1 1 1 2 2 3 3 2 2 2 2
 0 0 0 0 0 0 0 0 0 0 0 0 0 0 0 0 0 0 0 0 0 0 0 0 0 0 0 0 0 0 1 1 2 2 4 2 2 1 1 1 1 1 2 1 1 1
