assets/RAT_results/precipitation/2022-05-16_IMERG.asc
ncols        46
nrows        77
xllcorner    74.800261325624
yllcorner    8.058333333333
cellsize     0.062500000000
NODATA_value -9999
 78 78 68 56 56 38 29 29 23 23 17 11 11 12 19 19 20 20 31 29 29 9 10 10 10 10 16 33 33 29 38 38 47 47 37 51 51 47 37 37 34 34 33 24 24 25
 52 52 36 27 27 19 24 24 25 25 16 8 8 8 14 14 14 14 15 11 11 12 7 7 9 9 12 29 29 28 32 32 43 43 36 46 46 44 41 41 27 27 28 20 20 22
 52 52 36 27 27 19 24 24 25 25 16 8 8 8 14 14 14 14 15 11 11 12 7 7 9 9 12 29 29 28 32 32 43 43 36 46 46 44 41 41 27 27 28 20 20 22
 48 48 32 27 27 17 14 14 17 17 9 3 3 4 16 16 22 22 13 6 6 6 6 6 10 10 21 34 34 33 27 27 26 26 25 23 23 21 25 25 23 23 21 17 17 19
 42 42 36 30 30 23 13 13 16 16 7 3 3 6 6 6 15 15 11 7 7 10 12 12 16 16 19 23 23 23 17 17 14 14 17 32 32 27 27 27 21 21 20 11 11 16
 42 42 36 30 30 23 13 13 16 16 7 3 3 6 6 6 15 15 11 7 7 10 12 12 16 16 19 23 23 23 17 17 14 14 17 32 32 27 27 27 21 21 20 11 11 16
 48 48 34 36 36 31 24 24 15 15 10 4 4 3 10 10 14 14 14 10 10 10 10 10 12 12 13 13 13 17 23 23 25 25 32 29 29 30 21 21 16 16 15 8 8 10
 48 48 34 36 36 31 24 24 15 15 10 4 4 3 10 10 14 14 14 10 10 10 10 10 12 12 13 13 13 17 23 23 25 25 32 29 29 30 21 21 16 16 15 8 8 10
 50 50 53 32 32 26 17 17 12 12 9 6 6 17 19 19 22 22 23 20 20 14 18 18 15 15 8 13 13 14 20 20 25 25 44 46 46 41 13 13 14 14 10 11 11 8
 50 50 44 36 36 20 15 15 15 15 10 8 8 19 21 21 30 30 23 21 21 20 20 20 9 9 6 14 14 22 18 18 18 18 46 48 48 29 23 23 9 9 7 8 8 6
 50 50 44 36 36 20 15 15 15 15 10 8 8 19 21 21 30 30 23 21 21 20 20 20 9 9 6 14 14 22 18 18 18 18 46 48 48 29 23 23 9 9 7 8 8 6
 40 40 30 22 22 18 14 14 16 16 16 11 11 18 24 24 26 26 22 19 19 18 15 15 10 10 3 4 4 7 6 6 6 6 14 24 24 23 21 21 9 9 8 7 7 11
 42 42 30 21 21 18 16 16 22 22 16 12 12 21 19 19 20 20 18 19 19 19 11 11 7 7 1 1 1 2 5 5 6 6 8 12 12 10 5 5 6 6 3 7 7 6
 42 42 30 21 21 18 16 16 22 22 16 12 12 21 19 19 20 20 18 19 19 19 11 11 7 7 1 1 1 2 5 5 6 6 8 12 12 10 5 5 6 6 3 7 7 6
 41 41 29 17 17 12 6 6 13 13 14 12 12 13 16 16 12 12 13 15 15 15 11 11 7 7 2 1 1 1 2 2 5 5 5 11 11 7 4 4 18 18 18 17 17 3
 41 41 29 17 17 12 6 6 13 13 14 12 12 13 16 16 12 12 13 15 15 15 11 11 7 7 2 1 1 1 2 2 5 5 5 11 11 7 4 4 18 18 18 17 17 3
 43 43 26 15 15 11 9 9 12 12 11 12 12 12 15 15 10 10 12 12 12 14 8 8 8 8 4 2 2 1 0 0 2 2 5 5 5 6 4 4 20 20 19 14 14 14
 56 56 27 17 17 10 9 9 11 11 12 15 15 21 16 16 12 12 11 9 9 13 10 10 12 12 7 4 4 2 1 1 2 2 4 4 4 4 2 2 4 4 18 15 15 15
 56 56 27 17 17 10 9 9 11 11 12 15 15 21 16 16 12 12 11 9 9 13 10 10 12 12 7 4 4 2 1 1 2 2 4 4 4 4 2 2 4 4 18 15 15 15
 66 66 48 22 22 16 9 9 12 12 8 11 11 16 14 14 13 13 12 13 13 13 12 12 12 12 10 10 10 7 6 6 5 5 6 4 4 3 2 2 7 7 6 7 7 2
 67 67 48 39 39 27 26 26 9 9 13 12 12 14 14 14 17 17 21 21 21 19 18 18 12 12 12 13 13 13 10 10 8 8 9 8 8 6 3 3 1 1 2 2 2 2
 67 67 48 39 39 27 26 26 9 9 13 12 12 14 14 14 17 17 21 21 21 19 18 18 12 12 12 13 13 13 10 10 8 8 9 8 8 6 3 3 1 1 2 2 2 2
 43 43 42 36 36 34 33 33 33 33 14 13 13 21 22 22 26 26 21 13 13 12 15 15 10 10 10 13 13 15 15 15 13 13 10 14 14 9 5 5 2 2 1 1 1 1
 43 43 42 36 36 34 33 33 33 33 14 13 13 21 22 22 26 26 21 13 13 12 15 15 10 10 10 13 13 15 15 15 13 13 10 14 14 9 5 5 2 2 1 1 1 1
 48 48 37 33 33 30 44 44 40 40 17 15 15 21 22 22 31 31 32 9 9 8 8 8 4 4 5 5 5 12 13 13 11 11 13 14 14 9 4 4 2 2 1 1 1 0
 31 31 32 32 32 33 44 44 48 48 36 13 13 19 24 24 24 24 24 13 13 8 7 7 3 3 7 5 5 7 10 10 9 9 10 7 7 4 2 2 1 1 1 0 0 0
 31 31 32 32 32 33 44 44 48 48 36 13 13 19 24 24 24 24 24 13 13 8 7 7 3 3 7 5 5 7 10 10 9 9 10 7 7 4 2 2 1 1 1 0 0 0
 24 24 29 32 32 30 34 34 51 51 49 27 27 19 21 21 30 30 27 17 17 8 5 5 2 2 6 6 6 4 6 6 4 4 4 2 2 1 1 1 1 1 0 0 0 0
 43 43 25 28 28 27 33 33 53 53 88 53 53 20 21 21 21 21 19 11 11 10 7 7 0 0 1 5 5 3 3 3 2 2 1 1 1 3 2 2 1 1 0 0 0 0
 43 43 25 28 28 27 33 33 53 53 88 53 53 20 21 21 21 21 19 11 11 10 7 7 0 0 1 5 5 3 3 3 2 2 1 1 1 3 2 2 1 1 0 0 0 0
 31 31 25 23 23 28 39 39 48 48 63 60 60 21 14 14 17 17 13 10 10 22 11 11 4 4 1 1 1 1 3 3 1 1 0 1 1 3 2 2 1 1 0 0 0 0
 31 31 25 23 23 28 39 39 48 48 63 60 60 21 14 14 17 17 13 10 10 22 11 11 4 4 1 1 1 1 3 3 1 1 0 1 1 3 2 2 1 1 0 0 0 0
 35 35 32 27 27 29 34 34 39 39 47 40 40 32 18 18 17 17 14 11 11 13 8 8 4 4 2 0 0 0 0 0 0 0 0 1 1 2 3 3 1 1 0 0 0 1
 46 46 30 38 38 33 31 31 39 39 42 36 36 28 21 21 22 22 14 18 18 17 10 10 4 4 2 1 1 0 0 0 0 0 0 0 0 1 3 3 1 1 0 1 1 1
 46 46 30 38 38 33 31 31 39 39 42 36 36 28 21 21 22 22 14 18 18 17 10 10 4 4 2 1 1 0 0 0 0 0 0 0 0 1 3 3 1 1 0 1 1 1
 44 44 39 43 43 48 41 41 50 50 45 42 42 40 33 33 30 30 19 24 24 19 13 13 5 5 3 2 2 0 0 0 0 0 0 0 0 1 3 3 1 1 0 1 1 2
 66 66 86 88 88 67 53 53 55 55 53 39 39 52 42 42 40 40 29 25 25 16 19 19 4 4 4 1 1 0 0 0 0 0 0 0 0 0 1 1 2 2 0 1 1 2
 66 66 86 88 88 67 53 53 55 55 53 39 39 52 42 42 40 40 29 25 25 16 19 19 4 4 4 1 1 0 0 0 0 0 0 0 0 0 1 1 2 2 0 1 1 2
 44 44 72 84 84 79 86 86 90 90 87 55 55 50 46 46 37 37 33 22 22 19 18 18 5 5 3 0 0 0 0 0 0 0 0 2 2 1 1 1 1 1 0 0 0 1
 44 44 72 84 84 79 86 86 90 90 87 55 55 50 46 46 37 37 33 22 22 19 18 18 5 5 3 0 0 0 0 0 0 0 0 2 2 1 1 1 1 1 0 0 0 1
 44 44 69 60 60 67 91 91 88 88 91 77 77 63 52 52 47 47 29 28 28 29 17 17 12 12 5 1 1 0 0 0 0 0 0 2 2 3 1 1 1 1 0 1 1 1
 40 40 42 50 50 68 69 69 89 89 88 91 91 90 81 81 62 62 51 24 24 19 11 11 9 9 5 1 1 0 0 0 0 0 0 0 0 4 1 1 0 0 0 1 1 1
 40 40 42 50 50 68 69 69 89 89 88 91 91 90 81 81 62 62 51 24 24 19 11 11 9 9 5 1 1 0 0 0 0 0 0 0 0 4 1 1 0 0 0 1 1 1
 30 30 34 48 48 65 71 71 83 83 87 83 83 89 85 85 87 87 69 26 26 13 7 7 10 10 6 3 3 0 0 0 0 0 0 0 0 1 1 1 0 0 1 5 5 0
 25 25 26 28 28 54 58 58 69 69 86 101 101 90 72 72 77 77 40 16 16 10 3 3 6 6 9 5 5 6 1 1 1 1 0 1 1 1 1 1 0 0 0 0 0 0
 25 25 26 28 28 54 58 58 69 69 86 101 101 90 72 72 77 77 40 16 16 10 3 3 6 6 9 5 5 6 1 1 1 1 0 1 1 1 1 1 0 0 0 0 0 0
 21 21 21 20 20 33 42 42 58 58 79 81 81 77 76 76 46 46 23 12 12 4 3 3 3 3 4 7 7 11 1 1 1 1 3 1 1 1 1 1 0 0 0 0 0 2
 21 21 21 20 20 33 42 42 58 58 79 81 81 77 76 76 46 46 23 12 12 4 3 3 3 3 4 7 7 11 1 1 1 1 3 1 1 1 1 1 0 0 0 0 0 2
 22 22 19 15 15 17 28 28 31 31 46 50 50 40 39 39 28 28 16 9 9 4 6 6 3 3 3 4 4 4 0 0 4 4 0 1 1 1 1 1 1 1 0 0 0 4
 21 21 18 16 16 19 22 22 23 23 26 39 39 37 34 34 28 28 15 8 8 5 6 6 3 3 4 6 6 7 2 2 3 3 2 1 1 1 1 1 1 1 1 1 1 3
 21 21 18 16 16 19 22 22 23 23 26 39 39 37 34 34 28 28 15 8 8 5 6 6 3 3 4 6 6 7 2 2 3 3 2 1 1 1 1 1 1 1 1 1 1 3
 18 18 15 14 14 17 16 16 16 16 28 37 37 38 34 34 26 26 15 14 14 5 6 6 3 3 3 4 4 3 3 3 3 3 4 1 1 1 2 2 2 2 1 1 1 0
 18 18 12 12 12 12 13 13 16 16 24 38 38 40 43 43 22 22 18 12 12 3 1 1 3 3 3 3 3 0 0 0 3 3 1 2 2 1 4 4 4 4 1 0 0 0
 18 18 12 12 12 12 13 13 16 16 24 38 38 40 43 43 22 22 18 12 12 3 1 1 3 3 3 3 3 0 0 0 3 3 1 2 2 1 4 4 4 4 1 0 0 0
 21 21 19 11 11 11 10 10 10 10 15 24 24 20 24 24 30 30 25 7 7 3 3 3 3 3 2 1 1 0 4 4 3 3 3 0 0 0 1 1 1 1 0 0 0 0
 21 21 19 11 11 11 10 10 10 10 15 24 24 20 24 24 30 30 25 7 7 3 3 3 3 3 2 1 1 0 4 4 3 3 3 0 0 0 1 1 1 1 0 0 0 0
 23 23 20 12 12 11 10 10 9 9 9 8 8 8 12 12 21 21 13 9 9 7 4 4 2 2 2 0 0 1 4 4 5 5 0 0 0 0 0 0 0 0 0 0 0 0
 20 20 15 13 13 13 14 14 11 11 10 9 9 9 9 9 18 18 14 11 11 8 5 5 3 3 3 2 2 3 2 2 0 0 1 0 0 0 0 0 0 0 0 0 0 0
 20 20 15 13 13 13 14 14 11 11 10 9 9 9 9 9 18 18 14 11 11 8 5 5 3 3 3 2 2 3 2 2 0 0 1 0 0 0 0 0 0 0 0 0 0 0
 23 23 21 13 13 11 14 14 13 13 10 10 10 9 7 7 20 20 12 10 10 8 7 7 4 4 2 3 3 2 0 0 0 0 0 0 0 1 0 0 0 0 0 0 0 0
 24 24 32 14 14 13 13 13 14 14 12 11 11 10 15 15 18 18 11 10 10 10 9 9 4 4 5 5 5 5 2 2 0 0 0 0 0 1 0 0 0 0 0 0 0 0
 24 24 32 14 14 13 13 13 14 14 12 11 11 10 15 15 18 18 11 10 10 10 9 9 4 4 5 5 5 5 2 2 0 0 0 0 0 1 0 0 0 0 0 0 0 0
 36 36 32 17 17 13 12 12 13 13 12 12 12 10 10 10 11 11 9 7 7 7 10 10 5 5 4 7 7 1 3 3 4 4 1 1 1 0 0 0 0 0 0 0 0 0
 36 36 32 17 17 13 12 12 13 13 12 12 12 10 10 10 11 11 9 7 7 7 10 10 5 5 4 7 7 1 3 3 4 4 1 1 1 0 0 0 0 0 0 0 0 0
 40 40 32 16 16 14 14 14 14 14 13 10 10 11 10 10 14 14 14 13 13 13 12 12 7 7 6 5 5 1 3 3 5 5 2 1 1 2 0 0 0 0 0 1 1 1
 41 41 32 21 21 19 18 18 15 15 12 10 10 10 11 11 11 11 14 14 14 16 13 13 15 15 9 6 6 4 4 4 3 3 5 1 1 1 0 0 1 1 1 4 4 3
 41 41 32 21 21 19 18 18 15 15 12 10 10 10 11 11 11 11 14 14 14 16 13 13 15 15 9 6 6 4 4 4 3 3 5 1 1 1 0 0 1 1 1 4 4 3
 42 42 35 28 28 25 24 24 20 20 15 13 13 11 9 9 14 14 17 15 15 16 15 15 17 17 8 7 7 7 4 4 6 6 7 3 3 0 0 0 1 1 1 2 2 2
 45 45 43 39 39 32 31 31 25 25 21 18 18 20 12 12 15 15 14 15 15 18 20 20 15 15 11 9 9 7 2 2 2 2 6 3 3 2 1 1 1 1 0 1 1 1
 45 45 43 39 39 32 31 31 25 25 21 18 18 20 12 12 15 15 14 15 15 18 20 20 15 15 11 9 9 7 2 2 2 2 6 3 3 2 1 1 1 1 0 1 1 1
 46 46 46 48 48 44 38 38 35 35 31 25 25 21 17 17 17 17 17 18 18 19 16 16 16 16 16 14 14 11 9 9 8 8 8 6 6 4 2 2 1 1 1 1 1 1
 46 46 46 48 48 44 38 38 35 35 31 25 25 21 17 17 17 17 17 18 18 19 16 16 16 16 16 14 14 11 9 9 8 8 8 6 6 4 2 2 1 1 1 1 1 1
 50 50 51 55 55 58 57 57 47 47 38 31 31 25 18 18 17 17 17 20 20 24 15 15 17 17 18 16 16 11 11 11 8 8 9 4 4 4 2 2 2 2 1 1 1 2
 50 50 55 58 58 62 66 66 59 59 42 33 33 28 21 21 18 18 18 27 27 28 15 15 15 15 17 15 15 11 11 11 9 9 12 7 7 6 1 1 1 1 2 2 2 3
 50 50 55 58 58 62 66 66 59 59 42 33 33 28 21 21 18 18 18 27 27 28 15 15 15 15 17 15 15 11 11 11 9 9 12 7 7 6 1 1 1 1 2 2 2 3
 57 57 55 57 57 59 57 57 55 55 44 31 31 29 23 23 21 21 22 28 28 29 16 16 14 14 16 15 15 15 14 14 17 17 14 9 9 5 3 3 3 3 3 3 3 3
 70 70 61 59 59 57 57 57 50 50 45 38 38 31 26 26 26 26 26 30 30 32 16 16 14 14 21 22 22 23 17 17 14 14 11 10 10 5 4 4 4 4 5 2 2 2
