assets/RAT_results/precipitation/2022-12-12_IMERG.asc
ncols        46
nrows        77
xllcorner    74.800261325624
yllcorner    8.058333333333
cellsize     0.062500000000
NODATA_value -9999
 24 24 17 10 10 5 2 2 1 1 1 0 0 0 1 1 0 0 1 1 1 3 3 3 2 2 2 0 0 10 0 0 1 1 3 11 11 14 26 26 27 27 18 19 19 16
 28 28 14 10 10 7 2 2 3 3 5 3 3 1 2 2 0 0 3 5 5 2 2 2 4 4 2 1 1 9 10 10 3 3 3 5 5 8 3 3 5 5 6 8 8 14
 28 28 14 10 10 7 2 2 3 3 5 3 3 1 2 2 0 0 3 5 5 2 2 2 4 4 2 1 1 9 10 10 3 3 3 5 5 8 3 3 5 5 6 8 8 14
 35 35 26 17 17 8 3 3 3 3 6 4 4 2 3 3 1 1 1 3 3 3 4 4 4 4 2 0 0 0 3 3 13 13 4 2 2 1 2 2 4 4 3 8 8 12
 19 19 22 14 14 10 5 5 3 3 5 4 4 4 2 2 1 1 1 2 2 2 1 1 1 1 0 0 0 0 0 0 0 0 7 0 0 1 2 2 2 2 2 5 5 6
 19 19 22 14 14 10 5 5 3 3 5 4 4 4 2 2 1 1 1 2 2 2 1 1 1 1 0 0 0 0 0 0 0 0 7 0 0 1 2 2 2 2 2 5 5 6
 20 20 14 17 17 10 10 10 5 5 4 3 3 5 3 3 1 1 2 4 4 3 1 1 1 1 0 0 0 0 2 2 0 0 1 0 0 0 0 0 1 1 4 12 12 5
 20 20 14 17 17 10 10 10 5 5 4 3 3 5 3 3 1 1 2 4 4 3 1 1 1 1 0 0 0 0 2 2 0 0 1 0 0 0 0 0 1 1 4 12 12 5
 16 16 17 16 16 12 8 8 6 6 4 2 2 4 5 5 6 6 8 5 5 4 1 1 1 1 0 0 0 0 3 3 1 1 1 1 1 0 3 3 0 0 2 6 6 3
 13 13 13 21 21 17 14 14 12 12 6 3 3 2 6 6 15 15 12 5 5 2 1 1 0 0 0 0 0 0 0 0 1 1 2 4 4 4 4 4 0 0 0 4 4 3
 13 13 13 21 21 17 14 14 12 12 6 3 3 2 6 6 15 15 12 5 5 2 1 1 0 0 0 0 0 0 0 0 1 1 2 4 4 4 4 4 0 0 0 4 4 3
 12 12 12 19 19 20 14 14 10 10 4 4 4 2 10 10 14 14 9 3 3 2 0 0 0 0 0 0 0 0 0 0 2 2 2 5 5 5 5 5 3 3 0 4 4 6
 12 12 12 20 20 23 16 16 15 15 5 5 5 6 12 12 10 10 7 2 2 0 0 0 0 0 0 0 0 0 0 0 1 1 2 6 6 6 4 4 3 3 0 0 0 5
 12 12 12 20 20 23 16 16 15 15 5 5 5 6 12 12 10 10 7 2 2 0 0 0 0 0 0 0 0 0 0 0 1 1 2 6 6 6 4 4 3 3 0 0 0 5
 16 16 14 19 19 26 16 16 14 14 5 10 10 13 14 14 12 12 7 2 2 0 0 0 0 0 0 0 0 0 0 0 1 1 4 4 4 5 3 3 0 0 0 0 0 0
 16 16 14 19 19 26 16 16 14 14 5 10 10 13 14 14 12 12 7 2 2 0 0 0 0 0 0 0 0 0 0 0 1 1 4 4 4 5 3 3 0 0 0 0 0 0
 28 28 23 28 28 26 20 20 10 10 4 4 4 14 8 8 8 8 3 1 1 0 0 0 0 0 0 0 0 0 0 0 0 0 2 4 4 7 5 5 0 0 0 0 0 0
 35 35 29 33 33 34 29 29 18 18 6 8 8 8 5 5 2 2 1 0 0 0 0 0 0 0 0 0 0 0 0 0 0 0 0 1 1 2 4 4 0 0 0 0 0 0
 35 35 29 33 33 34 29 29 18 18 6 8 8 8 5 5 2 2 1 0 0 0 0 0 0 0 0 0 0 0 0 0 0 0 0 1 1 2 4 4 0 0 0 0 0 0
 46 46 26 35 35 32 26 26 17 17 17 15 15 17 11 11 1 1 1 0 0 0 0 0 0 0 0 0 0 0 0 0 0 0 0 1 1 2 0 0 0 0 0 0 0 0
 30 30 19 32 32 29 18 18 13 13 14 16 16 15 16 16 8 8 5 2 2 0 0 0 0 0 0 1 1 1 0 0 0 0 0 0 0 0 0 0 0 0 0 0 0 0
 30 30 19 32 32 29 18 18 13 13 14 16 16 15 16 16 8 8 5 2 2 0 0 0 0 0 0 1 1 1 0 0 0 0 0 0 0 0 0 0 0 0 0 0 0 0
 13 13 12 24 24 26 21 21 19 19 23 20 20 15 16 16 11 11 2 2 2 2 0 0 0 0 0 0 0 1 1 1 1 1 0 1 1 0 0 0 0 0 0 1 1 1
 13 13 12 24 24 26 21 21 19 19 23 20 20 15 16 16 11 11 2 2 2 2 0 0 0 0 0 0 0 1 1 1 1 1 0 1 1 0 0 0 0 0 0 1 1 1
 11 11 14 20 20 27 25 25 20 20 21 23 23 33 24 24 17 17 13 13 13 1 1 1 0 0 0 0 0 1 1 1 1 1 0 0 0 0 0 0 1 1 0 0 0 2
 12 12 12 12 12 23 16 16 19 19 19 32 32 31 22 22 10 10 10 12 12 1 1 1 0 0 0 1 1 2 0 0 1 1 1 1 1 0 0 0 0 0 0 1 1 1
 12 12 12 12 12 23 16 16 19 19 19 32 32 31 22 22 10 10 10 12 12 1 1 1 0 0 0 1 1 2 0 0 1 1 1 1 1 0 0 0 0 0 0 1 1 1
 13 13 10 8 8 17 11 11 11 11 16 33 33 27 24 24 11 11 10 10 10 2 2 2 0 0 0 0 0 1 0 0 0 0 0 1 1 0 0 0 0 0 1 2 2 2
 11 11 12 11 11 16 16 16 14 14 12 39 39 17 14 14 11 11 11 2 2 2 2 2 0 0 0 0 0 0 0 0 0 0 0 0 0 0 0 0 0 0 1 2 2 5
 11 11 12 11 11 16 16 16 14 14 12 39 39 17 14 14 11 11 11 2 2 2 2 2 0 0 0 0 0 0 0 0 0 0 0 0 0 0 0 0 0 0 1 2 2 5
 8 8 16 12 12 16 10 10 7 7 10 30 30 15 4 4 1 1 2 1 1 0 0 0 0 0 0 0 0 0 0 0 0 0 0 0 0 0 0 0 1 1 3 4 4 15
 8 8 16 12 12 16 10 10 7 7 10 30 30 15 4 4 1 1 2 1 1 0 0 0 0 0 0 0 0 0 0 0 0 0 0 0 0 0 0 0 1 1 3 4 4 15
 6 6 18 21 21 20 6 6 8 8 11 17 17 11 4 4 0 0 0 0 0 0 0 0 0 0 0 0 0 0 0 0 0 0 0 0 0 0 0 0 2 2 6 8 8 14
 25 25 15 18 18 21 7 7 6 6 7 11 11 7 3 3 1 1 0 0 0 0 0 0 0 0 0 0 0 0 0 0 0 0 0 0 0 0 0 0 3 3 7 12 12 21
 25 25 15 18 18 21 7 7 6 6 7 11 11 7 3 3 1 1 0 0 0 0 0 0 0 0 0 0 0 0 0 0 0 0 0 0 0 0 0 0 3 3 7 12 12 21
 33 33 28 18 18 20 16 16 5 5 8 9 9 4 1 1 1 1 0 1 1 2 2 2 1 1 0 0 0 0 0 0 0 0 0 0 0 0 0 0 1 1 4 9 9 17
 34 34 20 19 19 15 10 10 4 4 4 11 11 9 7 7 3 3 5 2 2 2 1 1 1 1 0 0 0 0 0 0 0 0 0 0 0 0 1 1 1 1 4 5 5 10
 34 34 20 19 19 15 10 10 4 4 4 11 11 9 7 7 3 3 5 2 2 2 1 1 1 1 0 0 0 0 0 0 0 0 0 0 0 0 1 1 1 1 4 5 5 10
 49 49 19 27 27 23 22 22 5 5 6 25 25 6 4 4 1 1 5 3 3 1 1 1 1 1 0 0 0 1 1 1 1 1 1 0 0 0 0 0 1 1 3 4 4 9
 49 49 19 27 27 23 22 22 5 5 6 25 25 6 4 4 1 1 5 3 3 1 1 1 1 1 0 0 0 1 1 1 1 1 1 0 0 0 0 0 1 1 3 4 4 9
 32 32 37 29 29 17 19 19 6 6 16 29 29 16 2 2 0 0 9 4 4 2 2 2 1 1 0 0 0 0 1 1 1 1 1 0 0 1 1 1 0 0 2 4 4 7
 56 56 36 23 23 12 13 13 6 6 14 18 18 37 36 36 31 31 12 6 6 3 3 3 1 1 1 0 0 0 0 0 1 1 1 1 1 1 1 1 0 0 2 5 5 2
 56 56 36 23 23 12 13 13 6 6 14 18 18 37 36 36 31 31 12 6 6 3 3 3 1 1 1 0 0 0 0 0 1 1 1 1 1 1 1 1 0 0 2 5 5 2
 65 65 54 26 26 15 9 9 11 11 4 10 10 21 15 15 25 25 12 11 11 3 5 5 4 4 2 1 1 0 0 0 0 0 1 1 1 1 0 0 1 1 1 1 1 0
 23 23 53 20 20 11 8 8 5 5 3 6 6 10 9 9 3 3 4 1 1 0 5 5 5 5 4 3 3 0 0 0 0 0 0 1 1 1 1 1 0 0 0 0 0 0
 23 23 53 20 20 11 8 8 5 5 3 6 6 10 9 9 3 3 4 1 1 0 5 5 5 5 4 3 3 0 0 0 0 0 0 1 1 1 1 1 0 0 0 0 0 0
 14 14 15 10 10 15 8 8 6 6 7 9 9 18 21 21 18 18 5 2 2 1 0 0 4 4 2 3 3 0 0 0 0 0 0 0 0 0 0 0 0 0 0 0 0 1
 14 14 15 10 10 15 8 8 6 6 7 9 9 18 21 21 18 18 5 2 2 1 0 0 4 4 2 3 3 0 0 0 0 0 0 0 0 0 0 0 0 0 0 0 0 1
 11 11 14 14 14 18 14 14 10 10 16 25 25 35 33 33 33 33 24 24 24 4 2 2 0 0 0 0 0 0 0 0 0 0 0 0 0 0 0 0 0 0 0 0 0 0
 8 8 11 16 16 24 27 27 18 18 34 53 53 33 35 35 45 45 33 23 23 27 6 6 2 2 2 1 1 1 0 0 0 0 1 0 0 0 0 0 0 0 0 0 0 0
 8 8 11 16 16 24 27 27 18 18 34 53 53 33 35 35 45 45 33 23 23 27 6 6 2 2 2 1 1 1 0 0 0 0 1 0 0 0 0 0 0 0 0 0 0 0
 4 4 7 15 15 21 28 28 38 38 56 53 53 40 32 32 47 47 47 36 36 20 10 10 4 4 7 3 3 4 1 1 1 1 0 0 0 0 0 0 0 0 0 1 1 1
 2 2 3 7 7 13 24 24 26 26 28 49 49 28 37 37 73 73 63 48 48 28 9 9 4 4 4 5 5 8 5 5 2 2 0 0 0 0 0 0 0 0 0 1 1 2
 2 2 3 7 7 13 24 24 26 26 28 49 49 28 37 37 73 73 63 48 48 28 9 9 4 4 4 5 5 8 5 5 2 2 0 0 0 0 0 0 0 0 0 1 1 2
 2 2 2 2 2 4 6 6 14 14 21 20 20 22 43 43 91 91 102 43 43 3 4 4 3 3 3 3 3 12 9 9 6 6 3 2 2 0 0 0 0 0 0 0 0 1
 2 2 2 2 2 4 6 6 14 14 21 20 20 22 43 43 91 91 102 43 43 3 4 4 3 3 3 3 3 12 9 9 6 6 3 2 2 0 0 0 0 0 0 0 0 1
 3 3 2 1 1 2 2 2 4 4 4 4 4 6 9 9 33 33 34 31 31 4 0 0 1 1 5 1 1 0 3 3 9 9 8 2 2 0 0 0 0 0 0 0 0 0
 4 4 3 2 2 1 1 1 2 2 1 1 1 1 1 1 17 17 39 15 15 3 1 1 0 0 3 0 0 0 1 1 2 2 2 0 0 0 0 0 0 0 0 0 0 0
 4 4 3 2 2 1 1 1 2 2 1 1 1 1 1 1 17 17 39 15 15 3 1 1 0 0 3 0 0 0 1 1 2 2 2 0 0 0 0 0 0 0 0 0 0 0
 6 6 6 5 5 3 2 2 1 1 1 1 1 0 0 0 4 4 12 6 6 4 2 2 1 1 0 0 0 0 0 0 0 0 0 0 0 0 0 0 0 0 0 0 0 0
 3 3 5 6 6 6 4 4 2 2 2 2 2 1 0 0 0 0 2 1 1 2 2 2 0 0 0 0 0 0 0 0 0 0 0 0 0 0 0 0 0 0 0 0 0 0
 3 3 5 6 6 6 4 4 2 2 2 2 2 1 0 0 0 0 2 1 1 2 2 2 0 0 0 0 0 0 0 0 0 0 0 0 0 0 0 0 0 0 0 0 0 0
 1 1 1 3 3 4 4 4 2 2 1 1 1 1 0 0 0 0 0 0 0 2 2 2 1 1 0 0 0 0 0 0 0 0 0 0 0 0 0 0 0 0 0 0 0 0
 1 1 1 3 3 4 4 4 2 2 1 1 1 1 0 0 0 0 0 0 0 2 2 2 1 1 0 0 0 0 0 0 0 0 0 0 0 0 0 0 0 0 0 0 0 0
 1 1 0 1 1 2 2 2 1 1 1 1 1 0 0 0 0 0 0 0 0 0 2 2 0 0 0 0 0 0 0 0 0 0 0 0 0 0 0 0 0 0 0 0 0 0
 0 0 0 0 0 1 1 1 1 1 1 1 1 0 0 0 0 0 0 0 0 0 0 0 0 0 0 0 0 0 0 0 0 0 0 0 0 0 0 0 1 1 0 0 0 0
 0 0 0 0 0 1 1 1 1 1 1 1 1 0 0 0 0 0 0 0 0 0 0 0 0 0 0 0 0 0 0 0 0 0 0 0 0 0 0 0 1 1 0 0 0 0
 0 0 2 2 2 1 0 0 0 0 0 0 0 0 0 0 0 0 0 0 0 0 0 0 0 0 0 0 0 0 0 0 0 0 0 0 0 0 0 0 3 3 0 0 0 0
 0 0 0 2 2 1 0 0 0 0 0 0 0 0 0 0 0 0 0 0 0 0 0 0 0 0 0 0 0 0 0 0 0 0 0 0 0 0 0 0 1 1 3 0 0 0
 0 0 0 2 2 1 0 0 0 0 0 0 0 0 0 0 0 0 0 0 0 0 0 0 0 0 0 0 0 0 0 0 0 0 0 0 0 0 0 0 1 1 3 0 0 0
 0 0 0 0 0 0 0 0 0 0 0 0 0 0 0 0 0 0 0 0 0 0 0 0 1 1 0 0 0 0 0 0 0 0 0 0 0 0 0 0 0 0 0 3 3 0
 0 0 0 0 0 0 0 0 0 0 0 0 0 0 0 0 0 0 0 0 0 0 0 0 1 1 0 0 0 0 0 0 0 0 0 0 0 0 0 0 0 0 0 3 3 0
 0 0 0 0 0 0 0 0 0 0 0 0 0 0 0 0 0 0 0 0 0 0 0 0 0 0 0 0 0 0 0 0 0 0 0 0 0 0 0 0 0 0 0 0 0 0
 0 0 0 1 1 0 0 0 0 0 0 0 0 0 0 0 0 0 0 0 0 0 0 0 0 0 0 0 0 0 0 0 0 0 0 0 0 0 0 0 1 1 0 0 0 0
 0 0 0 1 1 0 0 0 0 0 0 0 0 0 0 0 0 0 0 0 0 0 0 0 0 0 0 0 0 0 0 0 0 0 0 0 0 0 0 0 1 1 0 0 0 0
 0 0 0 0 0 0 0 0 0 0 0 0 0 0 0 0 1 1 0 1 1 0 0 0 0 0 0 0 0 0 0 0 0 0 0 0 0 0 0 0 0 0 0 0 0 0
 0 0 0 0 0 0 0 0 0 0 0 0 0 0 0 0 1 1 0 0 0 0 0 0 0 0 0 0 0 0 0 0 0 0 0 0 0 0 0 0 0 0 0 0 0 0
