assets/RAT_results/precipitation/2022-11-28_IMERG.asc
ncols        46
nrows        77
xllcorner    74.800261325624
yllcorner    8.058333333333
cellsize     0.062500000000
NODATA_value -9999
 0 0 0 0 0 0 0 0 1 1 5 13 13 14 3 3 0 0 0 0 0 0 0 0 0 0 0 0 0 0 0 0 0 0 0 0 0 0 0 0 0 0 0 0 0 0
 2 2 0 0 0 0 0 0 1 1 4 6 6 4 2 2 1 1 0 0 0 0 0 0 0 0 0 0 0 0 0 0 0 0 0 0 0 0 0 0 0 0 0 0 0 0
 2 2 0 0 0 0 0 0 1 1 4 6 6 4 2 2 1 1 0 0 0 0 0 0 0 0 0 0 0 0 0 0 0 0 0 0 0 0 0 0 0 0 0 0 0 0
 5 5 0 0 0 0 0 0 2 2 2 4 4 4 4 4 1 1 0 0 0 0 0 0 0 0 0 0 0 0 0 0 0 0 0 0 0 0 0 0 0 0 0 0 0 0
 7 7 0 0 0 0 1 1 5 5 2 6 6 8 10 10 3 3 1 0 0 0 0 0 0 0 0 0 0 0 0 0 0 0 0 0 0 0 0 0 0 0 0 0 0 0
 7 7 0 0 0 0 1 1 5 5 2 6 6 8 10 10 3 3 1 0 0 0 0 0 0 0 0 0 0 0 0 0 0 0 0 0 0 0 0 0 0 0 0 0 0 0
 6 6 1 0 0 0 1 1 3 3 4 8 8 10 8 8 4 4 1 0 0 0 0 0 0 0 0 0 0 0 0 0 0 0 0 0 0 0 0 0 0 0 0 0 0 0
 6 6 1 0 0 0 1 1 3 3 4 8 8 10 8 8 4 4 1 0 0 0 0 0 0 0 0 0 0 0 0 0 0 0 0 0 0 0 0 0 0 0 0 0 0 0
 7 7 1 0 0 0 2 2 6 6 10 10 10 14 12 12 4 4 0 0 0 0 0 0 0 0 0 0 0 0 0 0 0 0 0 0 0 0 0 0 0 0 0 0 0 0
 4 4 3 1 1 0 1 1 5 5 9 11 11 21 16 16 4 4 0 0 0 0 0 0 0 0 0 0 0 0 0 0 0 0 0 0 0 0 0 0 0 0 0 0 0 0
 4 4 3 1 1 0 1 1 5 5 9 11 11 21 16 16 4 4 0 0 0 0 0 0 0 0 0 0 0 0 0 0 0 0 0 0 0 0 0 0 0 0 0 0 0 0
 7 7 3 1 1 0 0 0 1 1 3 14 14 27 17 17 3 3 1 0 0 0 0 0 0 0 0 0 0 0 0 0 0 0 0 0 0 0 0 0 0 0 0 0 0 0
 7 7 2 1 1 0 0 0 0 0 4 14 14 29 19 19 3 3 1 0 0 0 0 0 0 0 0 0 0 0 0 0 0 0 0 0 0 0 0 0 0 0 0 0 0 0
 7 7 2 1 1 0 0 0 0 0 4 14 14 29 19 19 3 3 1 0 0 0 0 0 0 0 0 0 0 0 0 0 0 0 0 0 0 0 0 0 0 0 0 0 0 0
 1 1 2 2 2 1 1 1 0 0 2 9 9 21 12 12 2 2 0 0 0 0 0 0 0 0 0 0 0 0 0 0 0 0 0 0 0 1 1 1 1 1 0 0 0 0
 1 1 2 2 2 1 1 1 0 0 2 9 9 21 12 12 2 2 0 0 0 0 0 0 0 0 0 0 0 0 0 0 0 0 0 0 0 1 1 1 1 1 0 0 0 0
 3 3 3 2 2 1 1 1 0 0 1 5 5 15 10 10 4 4 1 0 0 0 0 0 0 0 0 0 0 0 0 0 1 1 0 1 1 3 4 4 4 4 1 2 2 0
 8 8 6 2 2 2 0 0 0 0 1 6 6 19 21 21 5 5 1 1 1 1 0 0 0 0 0 0 0 0 1 1 1 1 1 3 3 4 6 6 8 8 6 3 3 1
 8 8 6 2 2 2 0 0 0 0 1 6 6 19 21 21 5 5 1 1 1 1 0 0 0 0 0 0 0 0 1 1 1 1 1 3 3 4 6 6 8 8 6 3 3 1
 5 5 3 1 1 1 0 0 2 2 1 6 6 20 32 32 3 3 0 0 0 1 0 0 0 0 0 0 0 0 0 0 2 2 2 2 2 5 7 7 7 7 7 2 2 1
 1 1 1 1 1 2 4 4 4 4 2 3 3 11 16 16 6 6 1 0 0 0 0 0 0 0 0 0 0 1 2 2 3 3 3 1 1 4 9 9 11 11 9 5 5 1
 1 1 1 1 1 2 4 4 4 4 2 3 3 11 16 16 6 6 1 0 0 0 0 0 0 0 0 0 0 1 2 2 3 3 3 1 1 4 9 9 11 11 9 5 5 1
 1 1 1 0 0 0 3 3 4 4 3 3 3 3 2 2 11 11 1 1 1 1 0 0 0 0 0 0 0 4 7 7 8 8 3 0 0 2 6 6 7 7 3 1 1 0
 1 1 1 0 0 0 3 3 4 4 3 3 3 3 2 2 11 11 1 1 1 1 0 0 0 0 0 0 0 4 7 7 8 8 3 0 0 2 6 6 7 7 3 1 1 0
 6 6 2 1 1 0 0 0 2 2 1 1 1 0 1 1 5 5 2 4 4 2 0 0 0 0 0 0 0 3 10 10 11 11 3 0 0 0 1 1 1 1 0 0 0 0
 10 10 6 6 6 3 1 1 1 1 0 1 1 0 0 0 2 2 7 8 8 5 1 1 0 0 0 0 0 3 7 7 9 9 2 0 0 0 0 0 0 0 0 0 0 0
 10 10 6 6 6 3 1 1 1 1 0 1 1 0 0 0 2 2 7 8 8 5 1 1 0 0 0 0 0 3 7 7 9 9 2 0 0 0 0 0 0 0 0 0 0 0
 14 14 6 6 6 5 1 1 1 1 0 1 1 0 0 0 2 2 7 14 14 9 2 2 0 0 0 0 0 0 1 1 1 1 0 0 0 0 0 0 0 0 0 0 0 0
 16 16 10 6 6 5 1 1 0 0 1 1 1 1 1 1 1 1 7 22 22 14 3 3 1 1 0 0 0 1 1 1 0 0 0 0 0 0 0 0 0 0 0 0 0 0
 16 16 10 6 6 5 1 1 0 0 1 1 1 1 1 1 1 1 7 22 22 14 3 3 1 1 0 0 0 1 1 1 0 0 0 0 0 0 0 0 0 0 0 0 0 0
 12 12 11 7 7 2 1 1 1 1 1 1 1 1 0 0 1 1 3 11 11 9 6 6 2 2 1 1 1 4 4 4 1 1 0 0 0 0 0 0 0 0 0 0 0 0
 12 12 11 7 7 2 1 1 1 1 1 1 1 1 0 0 1 1 3 11 11 9 6 6 2 2 1 1 1 4 4 4 1 1 0 0 0 0 0 0 0 0 0 0 0 0
 9 9 11 7 7 2 2 2 1 1 1 0 0 0 0 0 0 0 1 3 3 7 9 9 3 3 0 1 1 4 6 6 1 1 0 0 0 0 0 0 0 0 0 0 0 0
 6 6 8 6 6 2 1 1 1 1 2 1 1 0 0 0 0 0 0 1 1 5 10 10 3 3 0 0 0 1 1 1 0 0 0 0 0 0 0 0 0 0 0 0 0 0
 6 6 8 6 6 2 1 1 1 1 2 1 1 0 0 0 0 0 0 1 1 5 10 10 3 3 0 0 0 1 1 1 0 0 0 0 0 0 0 0 0 0 0 0 0 0
 6 6 3 3 3 1 1 1 1 1 1 2 2 2 0 0 0 0 0 0 0 1 4 4 2 2 1 0 0 1 0 0 0 0 0 0 0 0 0 0 0 0 0 0 0 0
 6 6 3 3 3 0 0 0 0 0 0 4 4 4 2 2 0 0 1 0 0 0 0 0 1 1 2 1 1 0 1 1 1 1 1 0 0 0 0 0 0 0 0 0 0 0
 6 6 3 3 3 0 0 0 0 0 0 4 4 4 2 2 0 0 1 0 0 0 0 0 1 1 2 1 1 0 1 1 1 1 1 0 0 0 0 0 0 0 0 0 0 0
 6 6 2 1 1 0 0 0 0 0 0 3 3 7 4 4 1 1 1 0 0 0 0 0 1 1 4 2 2 0 0 0 0 0 0 0 0 1 1 1 0 0 0 0 0 0
 6 6 2 1 1 0 0 0 0 0 0 3 3 7 4 4 1 1 1 0 0 0 0 0 1 1 4 2 2 0 0 0 0 0 0 0 0 1 1 1 0 0 0 0 0 0
 4 4 3 2 2 0 0 0 0 0 2 4 4 7 5 5 3 3 3 0 0 0 1 1 4 4 5 4 4 2 4 4 0 0 0 0 0 1 2 2 2 2 0 0 0 0
 3 3 3 3 3 4 5 5 5 5 6 3 3 4 4 4 3 3 4 2 2 0 3 3 7 7 9 8 8 5 1 1 0 0 0 1 1 1 2 2 3 3 1 0 0 0
 3 3 3 3 3 4 5 5 5 5 6 3 3 4 4 4 3 3 4 2 2 0 3 3 7 7 9 8 8 5 1 1 0 0 0 1 1 1 2 2 3 3 1 0 0 0
 1 1 3 12 12 13 16 16 9 9 10 7 7 5 5 5 4 4 1 1 1 0 2 2 7 7 14 13 13 9 3 3 0 0 0 0 0 0 0 0 1 1 0 0 0 0
 3 3 6 14 14 23 17 17 6 6 7 5 5 3 1 1 2 2 1 1 1 1 3 3 7 7 16 22 22 19 7 7 1 1 0 0 0 0 0 0 0 0 0 0 0 0
 3 3 6 14 14 23 17 17 6 6 7 5 5 3 1 1 2 2 1 1 1 1 3 3 7 7 16 22 22 19 7 7 1 1 0 0 0 0 0 0 0 0 0 0 0 0
 3 3 3 10 10 8 7 7 4 4 2 4 4 3 1 1 5 5 5 7 7 7 1 1 7 7 20 28 28 25 10 10 1 1 0 0 0 0 0 0 0 0 0 0 0 0
 3 3 3 10 10 8 7 7 4 4 2 4 4 3 1 1 5 5 5 7 7 7 1 1 7 7 20 28 28 25 10 10 1 1 0 0 0 0 0 0 0 0 0 0 0 0
 2 2 1 3 3 2 2 2 1 1 2 2 2 1 0 0 5 5 5 7 7 7 1 1 4 4 15 19 19 13 7 7 1 1 0 0 0 0 0 0 0 0 0 0 0 1
 1 1 1 1 1 1 1 1 1 1 1 1 1 0 12 12 11 11 12 18 18 19 5 5 6 6 6 9 9 8 2 2 1 1 0 0 0 0 0 0 0 0 0 1 1 2
 1 1 1 1 1 1 1 1 1 1 1 1 1 0 12 12 11 11 12 18 18 19 5 5 6 6 6 9 9 8 2 2 1 1 0 0 0 0 0 0 0 0 0 1 1 2
 0 0 0 1 1 1 1 1 1 1 1 0 0 0 1 1 0 0 1 2 2 19 6 6 7 7 3 7 7 8 3 3 3 3 2 1 1 0 0 0 0 0 0 1 1 3
 0 0 0 0 0 1 1 1 1 1 0 1 1 1 1 1 0 0 0 1 1 1 5 5 6 6 4 15 15 13 8 8 7 7 3 1 1 2 2 2 0 0 0 1 1 2
 0 0 0 0 0 1 1 1 1 1 0 1 1 1 1 1 0 0 0 1 1 1 5 5 6 6 4 15 15 13 8 8 7 7 3 1 1 2 2 2 0 0 0 1 1 2
 0 0 0 0 0 0 0 0 1 1 1 1 1 1 1 1 0 0 1 1 1 1 4 4 6 6 4 14 14 18 18 18 33 33 17 10 10 5 5 5 0 0 0 1 1 3
 0 0 0 0 0 0 0 0 1 1 1 1 1 1 1 1 0 0 1 1 1 1 4 4 6 6 4 14 14 18 18 18 33 33 17 10 10 5 5 5 0 0 0 1 1 3
 0 0 0 0 0 0 0 0 1 1 1 1 1 1 1 1 2 2 2 1 1 1 2 2 4 4 3 11 11 15 31 31 41 41 18 16 16 4 4 4 0 0 0 2 2 2
 0 0 0 0 0 0 0 0 1 1 1 0 0 2 1 1 1 1 3 1 1 2 2 2 3 3 3 9 9 13 18 18 33 33 28 11 11 5 4 4 0 0 1 3 3 2
 0 0 0 0 0 0 0 0 1 1 1 0 0 2 1 1 1 1 3 1 1 2 2 2 3 3 3 9 9 13 18 18 33 33 28 11 11 5 4 4 0 0 1 3 3 2
 0 0 0 0 0 0 0 0 1 1 0 0 0 2 1 1 1 1 1 1 1 2 2 2 2 2 3 3 3 8 14 14 25 25 15 8 8 0 0 0 0 0 1 4 4 5
 0 0 0 0 0 0 0 0 0 0 0 0 0 0 1 1 1 1 0 1 1 2 2 2 1 1 1 0 0 7 8 8 11 11 12 2 2 0 0 0 0 0 0 2 2 4
 0 0 0 0 0 0 0 0 0 0 0 0 0 0 1 1 1 1 0 1 1 2 2 2 1 1 1 0 0 7 8 8 11 11 12 2 2 0 0 0 0 0 0 2 2 4
 0 0 0 0 0 0 0 0 0 0 0 0 0 0 1 1 1 1 0 1 1 1 1 1 1 1 1 0 0 1 1 1 2 2 2 2 2 2 0 0 0 0 0 0 0 1
 0 0 0 0 0 0 0 0 0 0 0 0 0 0 1 1 1 1 0 1 1 1 1 1 1 1 1 0 0 1 1 1 2 2 2 2 2 2 0 0 0 0 0 0 0 1
 0 0 0 0 0 0 0 0 0 0 0 0 0 0 0 0 0 0 0 0 0 1 1 1 1 1 1 1 1 2 1 1 3 3 2 2 2 1 0 0 0 0 0 0 0 0
 0 0 0 0 0 0 0 0 0 0 0 0 0 0 0 0 0 0 0 0 0 0 0 0 0 0 0 0 0 0 2 2 3 3 5 5 5 5 1 1 0 0 0 0 0 0
 0 0 0 0 0 0 0 0 0 0 0 0 0 0 0 0 0 0 0 0 0 0 0 0 0 0 0 0 0 0 2 2 3 3 5 5 5 5 1 1 0 0 0 0 0 0
 0 0 0 0 0 0 0 0 0 0 0 0 0 0 0 0 0 0 0 0 0 0 0 0 0 0 0 0 0 0 0 0 1 1 4 8 8 6 3 3 1 1 0 0 0 0
 0 0 2 2 2 0 0 0 0 0 0 0 0 0 0 0 0 0 0 0 0 0 0 0 0 0 0 0 0 0 0 0 0 0 2 7 7 8 6 6 3 3 2 0 0 0
 0 0 2 2 2 0 0 0 0 0 0 0 0 0 0 0 0 0 0 0 0 0 0 0 0 0 0 0 0 0 0 0 0 0 2 7 7 8 6 6 3 3 2 0 0 0
 0 0 0 0 0 0 0 0 0 0 0 0 0 0 0 0 0 0 0 0 0 0 0 0 0 0 0 0 0 0 0 0 0 0 1 4 4 7 13 13 7 7 5 1 1 0
 0 0 0 0 0 0 0 0 0 0 0 0 0 0 0 0 0 0 0 0 0 0 0 0 0 0 0 0 0 0 0 0 0 0 1 4 4 7 13 13 7 7 5 1 1 0
 0 0 0 0 0 0 0 0 0 0 0 0 0 0 0 0 0 0 0 0 0 0 0 0 0 0 0 0 0 0 0 0 0 0 0 1 1 10 11 11 6 6 5 1 1 0
 0 0 0 0 0 0 0 0 0 0 0 0 0 0 0 0 0 0 0 0 0 0 0 0 0 0 0 0 0 0 0 0 0 0 0 0 0 1 2 2 2 2 2 0 0 0
 0 0 0 0 0 0 0 0 0 0 0 0 0 0 0 0 0 0 0 0 0 0 0 0 0 0 0 0 0 0 0 0 0 0 0 0 0 1 2 2 2 2 2 0 0 0
 0 0 0 0 0 0 0 0 0 0 0 0 0 0 0 0 0 0 0 0 0 0 0 0 0 0 0 0 0 0 0 0 0 0 0 0 0 0 0 0 0 0 0 0 0 0
 0 0 0 0 0 0 0 0 0 0 0 0 0 0 0 0 0 0 0 0 0 0 0 0 0 0 0 0 0 0 0 0 0 0 0 0 0 0 0 0 0 0 0 0 0 0
