assets/RAT_results/precipitation/2022-11-13_IMERG.asc
ncols        46
nrows        77
xllcorner    74.800261325624
yllcorner    8.058333333333
cellsize     0.062500000000
NODATA_value -9999
 1 1 3 3 3 2 4 4 4 4 1 0 0 0 0 0 0 0 0 0 0 0 0 0 0 0 0 0 0 0 0 0 0 0 0 1 1 1 2 2 4 4 8 9 9 7
 5 5 3 3 3 1 5 5 3 3 2 2 2 2 0 0 0 0 0 0 0 0 0 0 0 0 0 0 0 0 0 0 0 0 0 0 0 1 3 3 4 4 8 10 10 9
 5 5 3 3 3 1 5 5 3 3 2 2 2 2 0 0 0 0 0 0 0 0 0 0 0 0 0 0 0 0 0 0 0 0 0 0 0 1 3 3 4 4 8 10 10 9
 14 14 11 7 7 3 2 2 3 3 0 0 0 0 0 0 0 0 0 0 0 0 0 0 0 0 0 0 0 0 0 0 2 2 0 0 0 0 3 3 4 4 7 11 11 10
 11 11 21 15 15 8 4 4 2 2 0 0 0 0 0 0 0 0 0 0 0 0 0 0 0 0 0 0 0 0 0 0 0 0 2 0 0 0 0 0 2 2 1 3 3 9
 11 11 21 15 15 8 4 4 2 2 0 0 0 0 0 0 0 0 0 0 0 0 0 0 0 0 0 0 0 0 0 0 0 0 2 0 0 0 0 0 2 2 1 3 3 9
 9 9 11 22 22 15 9 9 5 5 2 0 0 1 0 0 0 0 0 0 0 0 0 0 0 0 0 0 0 1 0 0 0 0 0 0 0 0 0 0 1 1 2 6 6 2
 9 9 11 22 22 15 9 9 5 5 2 0 0 1 0 0 0 0 0 0 0 0 0 0 0 0 0 0 0 1 0 0 0 0 0 0 0 0 0 0 1 1 2 6 6 2
 7 7 8 23 23 22 16 16 12 12 7 3 3 0 0 0 0 0 0 0 0 0 0 0 0 0 0 0 0 0 0 0 0 0 0 0 0 0 0 0 1 1 1 4 4 1
 15 15 8 22 22 22 22 22 22 22 17 13 13 1 0 0 0 0 0 0 0 0 0 0 0 0 0 0 0 0 0 0 0 0 0 0 0 0 0 0 0 0 1 2 2 2
 15 15 8 22 22 22 22 22 22 22 17 13 13 1 0 0 0 0 0 0 0 0 0 0 0 0 0 0 0 0 0 0 0 0 0 0 0 0 0 0 0 0 1 2 2 2
 25 25 9 7 7 20 20 20 26 26 22 14 14 3 0 0 0 0 0 0 0 0 0 0 0 0 0 0 0 2 2 2 0 0 0 0 0 0 0 0 0 0 0 2 2 2
 61 61 14 24 24 25 22 22 19 19 15 10 10 4 3 3 0 0 0 0 0 0 0 0 0 0 0 0 0 1 2 2 2 2 2 0 0 1 2 2 0 0 0 2 2 2
 61 61 14 24 24 25 22 22 19 19 15 10 10 4 3 3 0 0 0 0 0 0 0 0 0 0 0 0 0 1 2 2 2 2 2 0 0 1 2 2 0 0 0 2 2 2
 71 71 72 52 52 7 24 24 19 19 14 11 11 7 5 5 1 1 1 0 0 0 0 0 0 0 0 0 0 1 1 1 0 0 1 0 0 1 3 3 1 1 1 2 2 2
 71 71 72 52 52 7 24 24 19 19 14 11 11 7 5 5 1 1 1 0 0 0 0 0 0 0 0 0 0 1 1 1 0 0 1 0 0 1 3 3 1 1 1 2 2 2
 68 68 98 76 76 19 7 7 27 27 19 14 14 10 8 8 5 5 5 1 1 1 0 0 0 0 0 0 0 0 1 1 0 0 0 0 0 4 2 2 0 0 1 2 2 1
 28 28 27 19 19 9 8 8 8 8 25 17 17 12 10 10 15 15 22 7 7 2 1 1 0 0 0 0 0 0 0 0 0 0 0 1 1 2 2 2 1 1 1 2 2 0
 28 28 27 19 19 9 8 8 8 8 25 17 17 12 10 10 15 15 22 7 7 2 1 1 0 0 0 0 0 0 0 0 0 0 0 1 1 2 2 2 1 1 1 2 2 0
 18 18 17 22 22 17 18 18 11 11 8 27 27 16 13 13 14 14 24 21 21 14 2 2 1 1 0 0 0 0 0 0 0 0 0 1 1 2 5 5 3 3 2 3 3 1
 13 13 12 18 18 16 16 16 16 16 14 35 35 21 17 17 7 7 16 22 22 18 9 9 5 5 1 0 0 1 1 1 2 2 2 2 2 4 8 8 5 5 3 2 2 1
 13 13 12 18 18 16 16 16 16 16 14 35 35 21 17 17 7 7 16 22 22 18 9 9 5 5 1 0 0 1 1 1 2 2 2 2 2 4 8 8 5 5 3 2 2 1
 7 7 7 6 6 13 13 13 13 13 13 8 8 16 13 13 6 6 7 9 9 17 14 14 6 6 3 1 1 1 1 1 2 2 2 4 4 6 11 11 8 8 4 3 3 3
 7 7 7 6 6 13 13 13 13 13 13 8 8 16 13 13 6 6 7 9 9 17 14 14 6 6 3 1 1 1 1 1 2 2 2 4 4 6 11 11 8 8 4 3 3 3
 7 7 7 5 5 6 5 5 5 5 4 5 5 8 9 9 5 5 6 6 6 12 10 10 6 6 2 1 1 1 1 1 1 1 2 2 2 3 5 5 4 4 3 6 6 5
 10 10 7 5 5 5 4 4 4 4 3 3 3 4 7 7 4 4 5 5 5 9 6 6 4 4 2 1 1 1 1 1 1 1 1 1 1 1 1 1 1 1 1 3 3 3
 10 10 7 5 5 5 4 4 4 4 3 3 3 4 7 7 4 4 5 5 5 9 6 6 4 4 2 1 1 1 1 1 1 1 1 1 1 1 1 1 1 1 1 3 3 3
 11 11 10 6 6 5 4 4 4 4 3 3 3 4 5 5 5 5 4 4 4 4 4 4 4 4 4 2 2 2 1 1 1 1 0 0 0 0 0 0 0 0 0 1 1 2
 10 10 13 7 7 6 7 7 4 4 4 3 3 4 4 4 7 7 6 4 4 4 4 4 5 5 5 2 2 2 1 1 1 1 1 1 1 1 1 1 1 1 1 2 2 2
 10 10 13 7 7 6 7 7 4 4 4 3 3 4 4 4 7 7 6 4 4 4 4 4 5 5 5 2 2 2 1 1 1 1 1 1 1 1 1 1 1 1 1 2 2 2
 4 4 6 7 7 8 7 7 6 6 5 3 3 3 3 3 7 7 6 5 5 5 6 6 8 8 6 3 3 2 2 2 2 2 3 3 3 5 6 6 5 5 3 3 3 3
 4 4 6 7 7 8 7 7 6 6 5 3 3 3 3 3 7 7 6 5 5 5 6 6 8 8 6 3 3 2 2 2 2 2 3 3 3 5 6 6 5 5 3 3 3 3
 3 3 4 6 6 8 8 8 7 7 7 5 5 3 2 2 3 3 3 3 3 3 9 9 11 11 7 3 3 2 2 2 2 2 3 5 5 7 8 8 7 7 5 5 5 4
 7 7 8 10 10 12 11 11 8 8 7 5 5 4 4 4 3 3 3 2 2 1 3 3 8 8 8 5 5 4 7 7 9 9 12 14 14 7 4 4 3 3 2 5 5 4
 7 7 8 10 10 12 11 11 8 8 7 5 5 4 4 4 3 3 3 2 2 1 3 3 8 8 8 5 5 4 7 7 9 9 12 14 14 7 4 4 3 3 2 5 5 4
 8 8 16 15 15 12 12 12 10 10 9 7 7 7 9 9 4 4 7 4 4 2 3 3 13 13 6 5 5 8 18 18 21 21 28 21 21 10 6 6 4 4 2 4 4 4
 9 9 17 19 19 17 19 19 20 20 19 18 18 13 12 12 8 8 6 9 9 4 4 4 11 11 5 5 5 7 12 12 30 30 34 22 22 11 8 8 8 8 3 4 4 6
 9 9 17 19 19 17 19 19 20 20 19 18 18 13 12 12 8 8 6 9 9 4 4 4 11 11 5 5 5 7 12 12 30 30 34 22 22 11 8 8 8 8 3 4 4 6
 8 8 12 14 14 18 22 22 26 26 28 26 26 23 18 18 12 12 10 18 18 11 12 12 14 14 7 8 8 8 11 11 22 22 28 19 19 10 8 8 7 7 2 5 5 4
 8 8 12 14 14 18 22 22 26 26 28 26 26 23 18 18 12 12 10 18 18 11 12 12 14 14 7 8 8 8 11 11 22 22 28 19 19 10 8 8 7 7 2 5 5 4
 7 7 8 11 11 14 20 20 30 30 34 32 32 31 26 26 20 20 18 43 43 34 27 27 19 19 17 18 18 18 15 15 16 16 14 12 12 6 4 4 3 3 1 1 1 1
 6 6 7 9 9 11 19 19 31 31 38 37 37 37 33 33 29 29 24 22 22 56 49 49 32 32 24 35 35 28 22 22 19 19 14 9 9 9 7 7 4 4 1 1 1 1
 6 6 7 9 9 11 19 19 31 31 38 37 37 37 33 33 29 29 24 22 22 56 49 49 32 32 24 35 35 28 22 22 19 19 14 9 9 9 7 7 4 4 1 1 1 1
 7 7 6 7 7 10 15 15 27 27 38 44 44 43 36 36 32 32 28 24 24 64 66 66 40 40 41 47 47 25 22 22 19 19 14 11 11 14 11 11 7 7 3 3 3 1
 5 5 6 8 8 9 13 13 19 19 34 41 41 44 35 35 32 32 29 28 28 24 61 61 42 42 41 41 41 37 17 17 17 17 13 11 11 11 10 10 8 8 5 4 4 2
 5 5 6 8 8 9 13 13 19 19 34 41 41 44 35 35 32 32 29 28 28 24 61 61 42 42 41 41 41 37 17 17 17 17 13 11 11 11 10 10 8 8 5 4 4 2
 4 4 5 8 8 11 15 15 18 18 26 31 31 33 31 31 27 27 26 26 26 25 24 24 60 60 51 47 47 34 18 18 12 12 11 14 14 11 10 10 10 10 9 8 8 5
 4 4 5 8 8 11 15 15 18 18 26 31 31 33 31 31 27 27 26 26 26 25 24 24 60 60 51 47 47 34 18 18 12 12 11 14 14 11 10 10 10 10 9 8 8 5
 2 2 4 6 6 8 13 13 17 17 19 18 18 20 20 20 20 20 22 21 21 19 20 20 69 69 60 45 45 37 33 33 13 13 13 10 10 10 14 14 14 14 13 12 12 8
 2 2 3 4 4 6 8 8 10 10 12 12 12 14 15 15 15 15 17 17 17 15 14 14 53 53 60 62 62 45 36 36 13 13 9 7 7 9 12 12 15 15 18 18 18 16
 2 2 3 4 4 6 8 8 10 10 12 12 12 14 15 15 15 15 17 17 17 15 14 14 53 53 60 62 62 45 36 36 13 13 9 7 7 9 12 12 15 15 18 18 18 16
 1 1 2 4 4 5 7 7 7 7 9 9 9 11 12 12 13 13 15 15 15 13 11 11 49 49 47 52 52 44 35 35 20 20 16 13 13 11 12 12 14 14 17 18 18 21
 2 2 2 3 3 5 11 11 8 8 7 7 7 11 12 12 14 14 11 13 13 11 10 10 46 46 41 40 40 42 32 32 27 27 24 24 24 19 19 19 18 18 17 17 17 17
 2 2 2 3 3 5 11 11 8 8 7 7 7 11 12 12 14 14 11 13 13 11 10 10 46 46 41 40 40 42 32 32 27 27 24 24 24 19 19 19 18 18 17 17 17 17
 3 3 3 3 3 4 12 12 13 13 11 7 7 7 9 9 8 8 9 13 13 9 8 8 37 37 34 31 31 34 29 29 27 27 21 27 27 25 28 28 23 23 18 15 15 16
 3 3 3 3 3 4 12 12 13 13 11 7 7 7 9 9 8 8 9 13 13 9 8 8 37 37 34 31 31 34 29 29 27 27 21 27 27 25 28 28 23 23 18 15 15 16
 5 5 3 3 3 4 5 5 6 6 13 13 13 9 8 8 6 6 6 8 8 6 5 5 19 19 18 20 20 24 22 22 20 20 17 17 17 24 35 35 20 20 17 14 14 14
 5 5 4 5 5 5 5 5 6 6 12 18 18 15 8 8 6 6 4 5 5 4 4 4 4 4 12 13 13 14 15 15 20 20 19 23 23 22 19 19 17 17 16 15 15 15
 5 5 4 5 5 5 5 5 6 6 12 18 18 15 8 8 6 6 4 5 5 4 4 4 4 4 12 13 13 14 15 15 20 20 19 23 23 22 19 19 17 17 16 15 15 15
 6 6 7 9 9 9 11 11 11 11 13 18 18 16 12 12 10 10 6 5 5 5 4 4 4 4 15 13 13 13 17 17 26 26 17 23 23 21 23 23 18 18 19 21 21 27
 5 5 5 10 10 8 14 14 20 20 20 14 14 15 9 9 7 7 7 7 7 7 8 8 5 5 5 20 20 15 31 31 25 25 14 17 17 20 22 22 23 23 28 33 33 39
 5 5 5 10 10 8 14 14 20 20 20 14 14 15 9 9 7 7 7 7 7 7 8 8 5 5 5 20 20 15 31 31 25 25 14 17 17 20 22 22 23 23 28 33 33 39
 2 2 3 7 7 10 11 11 15 15 16 13 13 10 9 9 10 10 12 10 10 7 6 6 7 7 5 22 22 26 30 30 29 29 29 25 25 23 28 28 31 31 30 25 25 34
 2 2 3 7 7 10 11 11 15 15 16 13 13 10 9 9 10 10 12 10 10 7 6 6 7 7 5 22 22 26 30 30 29 29 29 25 25 23 28 28 31 31 30 25 25 34
 1 1 1 5 5 7 8 8 11 11 13 12 12 11 12 12 11 11 13 14 14 10 6 6 5 5 4 4 4 19 33 33 30 30 40 38 38 54 45 45 26 26 22 21 21 29
 0 0 1 4 4 6 4 4 4 4 7 8 8 10 13 13 15 15 16 17 17 16 10 10 14 14 6 6 6 27 36 36 22 22 24 17 17 27 34 34 36 36 18 15 15 10
 0 0 1 4 4 6 4 4 4 4 7 8 8 10 13 13 15 15 16 17 17 16 10 10 14 14 6 6 6 27 36 36 22 22 24 17 17 27 34 34 36 36 18 15 15 10
 0 0 1 1 1 3 3 3 2 2 3 3 3 5 9 9 13 13 15 18 18 22 22 22 24 24 12 6 6 4 25 25 21 21 22 19 19 26 33 33 32 32 19 17 17 11
 2 2 1 1 1 4 6 6 2 2 2 2 2 2 4 4 6 6 8 13 13 18 23 23 25 25 18 12 12 8 6 6 28 28 22 17 17 23 35 35 34 34 24 25 25 17
 2 2 1 1 1 4 6 6 2 2 2 2 2 2 4 4 6 6 8 13 13 18 23 23 25 25 18 12 12 8 6 6 28 28 22 17 17 23 35 35 34 34 24 25 25 17
 4 4 3 0 0 2 3 3 3 3 1 1 1 1 2 2 3 3 4 6 6 12 16 16 24 24 20 16 16 13 11 11 8 8 29 23 23 23 27 27 29 29 37 23 23 14
 4 4 3 0 0 2 3 3 3 3 1 1 1 1 2 2 3 3 4 6 6 12 16 16 24 24 20 16 16 13 11 11 8 8 29 23 23 23 27 27 29 29 37 23 23 14
 2 2 0 0 0 0 1 1 1 1 1 1 1 3 2 2 3 3 2 3 3 10 9 9 18 18 20 16 16 13 13 13 11 11 41 39 39 35 28 28 17 17 14 15 15 15
 1 1 0 0 0 1 2 2 2 2 1 4 4 4 4 4 3 3 2 2 2 8 7 7 12 12 14 13 13 11 7 7 5 5 8 9 9 39 33 33 17 17 15 15 15 14
 1 1 0 0 0 1 2 2 2 2 1 4 4 4 4 4 3 3 2 2 2 8 7 7 12 12 14 13 13 11 7 7 5 5 8 9 9 39 33 33 17 17 15 15 15 14
 0 0 0 1 1 1 3 3 4 4 35 86 86 84 6 6 5 5 5 13 13 12 13 13 13 13 14 12 12 7 3 3 1 1 2 4 4 5 14 14 12 12 20 21 21 29
 3 3 4 3 3 4 6 6 7 7 37 95 95 82 86 86 1 1 5 7 7 7 8 8 10 10 13 8 8 2 1 1 1 1 1 2 2 3 4 4 13 13 24 18 18 25
