assets/RAT_results/precipitation/2022-08-29_IMERG.asc
ncols        46
nrows        77
xllcorner    74.800261325624
yllcorner    8.058333333333
cellsize     0.062500000000
NODATA_value -9999
 16 16 20 16 16 16 23 23 24 24 20 23 23 26 37 37 39 39 41 49 49 49 50 50 58 58 58 66 66 78 65 65 68 68 58 68 68 96 88 88 119 119 89 79 79 57
 25 25 21 16 16 26 31 31 36 36 36 29 29 23 31 31 37 37 45 51 51 53 55 55 62 62 63 74 74 77 86 86 76 76 64 70 70 90 99 99 102 102 99 86 86 72
 25 25 21 16 16 26 31 31 36 36 36 29 29 23 31 31 37 37 45 51 51 53 55 55 62 62 63 74 74 77 86 86 76 76 64 70 70 90 99 99 102 102 99 86 86 72
 33 33 41 31 31 34 34 34 26 26 24 26 26 29 32 32 35 35 44 46 46 50 54 54 63 63 63 64 64 74 85 85 78 78 57 60 60 65 80 80 93 93 83 72 72 46
 33 33 45 32 32 33 29 29 24 24 23 24 24 26 27 27 29 29 37 37 37 44 50 50 55 55 65 67 67 59 62 62 48 48 40 38 38 34 32 32 44 44 39 42 42 42
 33 33 45 32 32 33 29 29 24 24 23 24 24 26 27 27 29 29 37 37 37 44 50 50 55 55 65 67 67 59 62 62 48 48 40 38 38 34 32 32 44 44 39 42 42 42
 23 23 32 39 39 33 25 25 16 16 15 13 13 16 21 21 25 25 31 33 33 40 45 45 54 54 57 59 59 47 46 46 36 36 33 26 26 23 25 25 24 24 21 17 17 18
 23 23 32 39 39 33 25 25 16 16 15 13 13 16 21 21 25 25 31 33 33 40 45 45 54 54 57 59 59 47 46 46 36 36 33 26 26 23 25 25 24 24 21 17 17 18
 27 27 31 29 29 30 19 19 12 12 9 13 13 15 20 20 22 22 25 32 32 39 39 39 52 52 44 47 47 51 52 52 34 34 25 19 19 14 11 11 11 11 12 11 11 13
 32 32 34 28 28 23 11 11 9 9 8 7 7 7 8 8 10 10 16 26 26 41 45 45 51 51 46 51 51 54 65 65 66 66 48 32 32 18 9 9 11 11 12 13 13 13
 32 32 34 28 28 23 11 11 9 9 8 7 7 7 8 8 10 10 16 26 26 41 45 45 51 51 46 51 51 54 65 65 66 66 48 32 32 18 9 9 11 11 12 13 13 13
 26 26 39 36 36 24 21 21 21 21 11 6 6 7 7 7 10 10 14 23 23 40 41 41 43 43 44 55 55 46 61 61 50 50 51 42 42 28 9 9 11 11 11 10 10 5
 23 23 37 41 41 31 33 33 29 29 12 5 5 5 6 6 8 8 14 19 19 35 29 29 40 40 38 40 40 42 47 47 56 56 69 59 59 34 9 9 9 9 10 21 21 7
 23 23 37 41 41 31 33 33 29 29 12 5 5 5 6 6 8 8 14 19 19 35 29 29 40 40 38 40 40 42 47 47 56 56 69 59 59 34 9 9 9 9 10 21 21 7
 20 20 28 36 36 29 28 28 21 21 15 6 6 4 5 5 8 8 10 15 15 27 28 28 27 27 39 36 36 39 53 53 55 55 67 43 43 28 11 11 21 21 23 20 20 7
 20 20 28 36 36 29 28 28 21 21 15 6 6 4 5 5 8 8 10 15 15 27 28 28 27 27 39 36 36 39 53 53 55 55 67 43 43 28 11 11 21 21 23 20 20 7
 8 8 9 9 9 16 13 13 11 11 11 7 7 4 4 4 4 4 4 6 6 9 13 13 11 11 21 24 24 34 44 44 35 35 45 36 36 46 13 13 30 30 16 13 13 13
 5 5 5 5 5 6 4 4 2 2 4 5 5 4 2 2 2 2 3 7 7 3 4 4 8 8 7 3 3 11 26 26 27 27 38 25 25 29 33 33 45 45 17 14 14 2
 5 5 5 5 5 6 4 4 2 2 4 5 5 4 2 2 2 2 3 7 7 3 4 4 8 8 7 3 3 11 26 26 27 27 38 25 25 29 33 33 45 45 17 14 14 2
 5 5 5 5 5 5 5 5 3 3 3 3 3 5 5 5 4 4 5 5 5 4 3 3 4 4 4 7 7 8 18 18 12 12 29 18 18 32 32 32 32 32 6 7 7 2
 7 7 7 7 7 8 7 7 7 7 6 9 9 11 13 13 12 12 9 7 7 8 6 6 7 7 5 8 8 13 14 14 17 17 16 15 15 14 14 14 29 29 8 5 5 1
 7 7 7 7 7 8 7 7 7 7 6 9 9 11 13 13 12 12 9 7 7 8 6 6 7 7 5 8 8 13 14 14 17 17 16 15 15 14 14 14 29 29 8 5 5 1
 8 8 8 9 9 10 11 11 11 11 12 12 12 21 22 22 22 22 17 16 16 18 14 14 8 8 4 4 4 5 13 13 11 11 2 2 2 14 14 14 30 30 2 2 2 3
 8 8 8 9 9 10 11 11 11 11 12 12 12 21 22 22 22 22 17 16 16 18 14 14 8 8 4 4 4 5 13 13 11 11 2 2 2 14 14 14 30 30 2 2 2 3
 8 8 10 13 13 13 14 14 18 18 20 16 16 26 37 37 44 44 33 23 23 28 27 27 14 14 7 5 5 5 4 4 2 2 2 2 2 3 3 3 4 4 5 5 5 5
 7 7 9 10 10 11 13 13 16 16 16 15 15 14 33 33 37 37 32 23 23 25 25 25 19 19 12 9 9 8 5 5 4 4 4 4 4 5 5 5 5 5 6 5 5 5
 7 7 9 10 10 11 13 13 16 16 16 15 15 14 33 33 37 37 32 23 23 25 25 25 19 19 12 9 9 8 5 5 4 4 4 4 4 5 5 5 5 5 6 5 5 5
 7 7 8 9 9 11 12 12 13 13 13 13 13 13 18 18 28 28 29 31 31 38 42 42 38 38 24 17 17 16 15 15 10 10 9 6 6 4 3 3 4 4 5 5 5 5
 9 9 10 11 11 12 13 13 14 14 15 14 14 15 18 18 27 27 29 28 28 33 38 38 38 38 31 29 29 27 27 27 17 17 11 7 7 6 5 5 6 6 8 8 8 8
 9 9 10 11 11 12 13 13 14 14 15 14 14 15 18 18 27 27 29 28 28 33 38 38 38 38 31 29 29 27 27 27 17 17 11 7 7 6 5 5 6 6 8 8 8 8
 11 11 12 13 13 14 15 15 15 15 16 16 16 17 18 18 25 25 25 28 28 28 30 30 32 32 32 29 29 25 22 22 12 12 9 10 10 8 7 7 8 8 9 9 9 9
 11 11 12 13 13 14 15 15 15 15 16 16 16 17 18 18 25 25 25 28 28 28 30 30 32 32 32 29 29 25 22 22 12 12 9 10 10 8 7 7 8 8 9 9 9 9
 10 10 11 12 12 13 14 14 15 15 16 18 18 17 15 15 19 19 22 25 25 23 25 25 27 27 23 18 18 16 15 15 13 13 8 11 11 9 9 9 11 11 12 11 11 10
 7 7 10 10 10 8 8 8 10 10 13 13 13 12 10 10 9 9 16 18 18 16 17 17 17 17 15 12 12 10 10 10 11 11 7 7 7 11 15 15 11 11 10 10 10 9
 7 7 10 10 10 8 8 8 10 10 13 13 13 12 10 10 9 9 16 18 18 16 17 17 17 17 15 12 12 10 10 10 11 11 7 7 7 11 15 15 11 11 10 10 10 9
 5 5 11 11 11 5 4 4 6 6 12 12 12 9 9 9 7 7 18 18 18 14 13 13 13 13 13 10 10 8 8 8 12 12 10 9 9 8 10 10 13 13 9 13 13 7
 3 3 6 6 6 6 5 5 5 5 8 8 8 5 6 6 6 6 6 9 9 9 7 7 6 6 7 6 6 5 7 7 8 8 7 7 7 16 16 16 43 43 21 13 13 16
 3 3 6 6 6 6 5 5 5 5 8 8 8 5 6 6 6 6 6 9 9 9 7 7 6 6 7 6 6 5 7 7 8 8 7 7 7 16 16 16 43 43 21 13 13 16
 2 2 3 5 5 6 5 5 4 4 7 6 6 5 6 6 5 5 4 7 7 7 9 9 6 6 6 5 5 7 6 6 11 11 8 6 6 16 17 17 20 20 32 26 26 26
 2 2 3 5 5 6 5 5 4 4 7 6 6 5 6 6 5 5 4 7 7 7 9 9 6 6 6 5 5 7 6 6 11 11 8 6 6 16 17 17 20 20 32 26 26 26
 2 2 4 7 7 6 7 7 6 6 19 21 21 25 33 33 8 8 6 15 15 20 22 22 18 18 19 13 13 10 15 15 18 18 20 7 7 12 13 13 14 14 29 26 26 34
 3 3 6 8 8 5 6 6 7 7 17 23 23 31 41 41 30 30 10 13 13 20 27 27 23 23 21 23 23 17 25 25 29 29 25 9 9 14 9 9 13 13 38 33 33 31
 3 3 6 8 8 5 6 6 7 7 17 23 23 31 41 41 30 30 10 13 13 20 27 27 23 23 21 23 23 17 25 25 29 29 25 9 9 14 9 9 13 13 38 33 33 31
 4 4 6 8 8 7 7 7 8 8 21 20 20 30 24 24 37 37 21 12 12 15 20 20 19 19 17 17 17 15 12 12 20 20 23 12 12 12 11 11 15 15 39 10 10 12
 3 3 6 10 10 10 10 10 11 11 12 13 13 14 25 25 36 36 29 19 19 22 18 18 23 23 20 17 17 13 12 12 21 21 16 17 17 6 7 7 7 7 11 10 10 13
 3 3 6 10 10 10 10 10 11 11 12 13 13 14 25 25 36 36 29 19 19 22 18 18 23 23 20 17 17 13 12 12 21 21 16 17 17 6 7 7 7 7 11 10 10 13
 4 4 7 10 10 11 13 13 15 15 13 14 14 14 22 22 33 33 33 27 27 25 20 20 23 23 21 19 19 12 10 10 9 9 7 10 10 5 4 4 6 6 7 11 11 13
 4 4 7 10 10 11 13 13 15 15 13 14 14 14 22 22 33 33 33 27 27 25 20 20 23 23 21 19 19 12 10 10 9 9 7 10 10 5 4 4 6 6 7 11 11 13
 4 4 7 9 9 9 11 11 15 15 15 16 16 14 17 17 20 20 33 19 19 18 58 58 30 30 20 18 18 13 10 10 12 12 8 8 8 6 8 8 6 6 25 28 28 17
 3 3 4 5 5 6 9 9 15 15 14 15 15 13 15 15 18 18 25 29 29 31 67 67 37 37 27 21 21 16 13 13 18 18 11 10 10 9 11 11 9 9 19 10 10 9
 3 3 4 5 5 6 9 9 15 15 14 15 15 13 15 15 18 18 25 29 29 31 67 67 37 37 27 21 21 16 13 13 18 18 11 10 10 9 11 11 9 9 19 10 10 9
 2 2 3 4 4 6 10 10 14 14 15 15 15 15 14 14 24 24 30 55 55 56 77 77 35 35 29 29 29 21 18 18 19 19 16 15 15 17 15 15 11 11 12 19 19 29
 2 2 3 5 5 9 13 13 15 15 18 20 20 23 21 21 25 25 33 60 60 69 99 99 50 50 49 32 32 26 22 22 24 24 37 28 28 28 26 26 20 20 17 19 19 28
 2 2 3 5 5 9 13 13 15 15 18 20 20 23 21 21 25 25 33 60 60 69 99 99 50 50 49 32 32 26 22 22 24 24 37 28 28 28 26 26 20 20 17 19 19 28
 2 2 4 7 7 8 11 11 15 15 19 22 22 23 23 23 31 31 35 65 65 81 92 92 95 95 91 63 63 34 28 28 40 40 48 43 43 36 26 26 23 23 19 17 17 20
 2 2 4 7 7 8 11 11 15 15 19 22 22 23 23 23 31 31 35 65 65 81 92 92 95 95 91 63 63 34 28 28 40 40 48 43 43 36 26 26 23 23 19 17 17 20
 4 4 7 12 12 11 13 13 16 16 18 22 22 24 27 27 36 36 45 76 76 95 92 92 96 96 79 51 51 35 30 30 33 33 39 38 38 35 29 29 21 21 15 14 14 18
 4 4 7 11 11 12 13 13 16 16 16 19 19 25 28 28 36 36 55 74 74 80 90 90 78 78 63 55 55 36 31 31 33 33 39 35 35 32 28 28 21 21 13 14 14 23
 4 4 7 11 11 12 13 13 16 16 16 19 19 25 28 28 36 36 55 74 74 80 90 90 78 78 63 55 55 36 31 31 33 33 39 35 35 32 28 28 21 21 13 14 14 23
 6 6 7 9 9 10 12 12 13 13 15 16 16 24 28 28 31 31 62 60 60 72 78 78 83 83 59 60 60 33 29 29 25 25 33 32 32 31 25 25 17 17 23 20 20 28
 4 4 6 7 7 9 10 10 11 11 11 13 13 17 25 25 26 26 36 52 52 63 70 70 78 78 51 57 57 29 23 23 20 20 24 26 26 27 23 23 17 17 19 22 22 26
 4 4 6 7 7 9 10 10 11 11 11 13 13 17 25 25 26 26 36 52 52 63 70 70 78 78 51 57 57 29 23 23 20 20 24 26 26 27 23 23 17 17 19 22 22 26
 2 2 4 5 5 9 7 7 8 8 8 8 8 9 13 13 19 19 29 36 36 38 44 44 41 41 36 33 33 24 23 23 19 19 20 21 21 23 19 19 16 16 16 17 17 18
 2 2 4 5 5 9 7 7 8 8 8 8 8 9 13 13 19 19 29 36 36 38 44 44 41 41 36 33 33 24 23 23 19 19 20 21 21 23 19 19 16 16 16 17 17 18
 2 2 3 3 3 8 6 6 6 6 4 5 5 6 7 7 8 8 8 9 9 19 25 25 34 34 30 19 19 28 23 23 19 19 17 21 21 27 19 19 13 13 10 8 8 8
 1 1 2 2 2 6 5 5 4 4 3 3 3 4 5 5 5 5 6 8 8 8 8 8 8 8 13 16 16 21 21 21 18 18 16 19 19 20 17 17 15 15 11 13 13 10
 1 1 2 2 2 6 5 5 4 4 3 3 3 4 5 5 5 5 6 8 8 8 8 8 8 8 13 16 16 21 21 21 18 18 16 19 19 20 17 17 15 15 11 13 13 10
 2 2 2 3 3 3 5 5 4 4 3 3 3 2 3 3 4 4 5 6 6 7 6 6 7 7 9 9 9 8 15 15 16 16 15 19 19 20 22 22 19 19 14 14 14 11
 4 4 4 1 1 2 2 2 6 6 4 3 3 2 2 2 3 3 4 5 5 7 7 7 7 7 9 9 9 11 9 9 23 23 22 23 23 25 26 26 22 22 19 14 14 11
 4 4 4 1 1 2 2 2 6 6 4 3 3 2 2 2 3 3 4 5 5 7 7 7 7 7 9 9 9 11 9 9 23 23 22 23 23 25 26 26 22 22 19 14 14 11
 3 3 3 1 1 3 3 3 4 4 5 2 2 1 2 2 3 3 4 5 5 6 6 6 7 7 7 10 10 12 15 15 10 10 24 20 20 19 22 22 20 20 13 8 8 6
 3 3 3 1 1 3 3 3 4 4 5 2 2 1 2 2 3 3 4 5 5 6 6 6 7 7 7 10 10 12 15 15 10 10 24 20 20 19 22 22 20 20 13 8 8 6
 1 1 1 1 1 3 2 2 3 3 7 10 10 2 2 2 3 3 3 4 4 6 5 5 6 6 6 6 6 6 9 9 9 9 16 9 9 9 9 9 11 11 6 1 1 1
 1 1 2 2 2 1 1 1 2 2 6 11 11 4 3 3 5 5 3 2 2 4 2 2 2 2 2 1 1 2 2 2 5 5 5 1 1 2 2 2 2 2 0 1 1 0
 1 1 2 2 2 1 1 1 2 2 6 11 11 4 3 3 5 5 3 2 2 4 2 2 2 2 2 1 1 2 2 2 5 5 5 1 1 2 2 2 2 2 0 1 1 0
 2 2 5 6 6 4 3 3 3 3 7 5 5 5 3 3 10 10 7 2 2 2 2 2 1 1 1 1 1 1 1 1 4 4 4 4 4 0 0 0 0 0 0 0 0 0
 4 4 4 7 7 4 3 3 3 3 3 3 3 6 4 4 11 11 16 6 6 5 3 3 1 1 0 0 0 0 0 0 1 1 4 3 3 2 0 0 0 0 0 0 0 0
