assets/RAT_results/precipitation/2022-11-08_IMERG.asc
ncols        46
nrows        77
xllcorner    74.800261325624
yllcorner    8.058333333333
cellsize     0.062500000000
NODATA_value -9999
 0 0 0 0 0 0 0 0 0 0 0 0 0 0 0 0 0 0 0 0 0 0 0 0 0 0 0 0 0 0 0 0 0 0 0 0 0 0 0 0 0 0 0 0 0 0
 0 0 0 0 0 0 0 0 0 0 0 0 0 0 0 0 0 0 0 0 0 0 0 0 0 0 0 0 0 0 0 0 0 0 0 0 0 0 0 0 0 0 0 0 0 0
 0 0 0 0 0 0 0 0 0 0 0 0 0 0 0 0 0 0 0 0 0 0 0 0 0 0 0 0 0 0 0 0 0 0 0 0 0 0 0 0 0 0 0 0 0 0
 0 0 0 0 0 0 0 0 0 0 0 0 0 0 0 0 0 0 0 0 0 0 0 0 0 0 0 0 0 0 0 0 0 0 0 0 0 0 0 0 0 0 0 0 0 0
 0 0 0 0 0 0 0 0 0 0 0 0 0 0 0 0 0 0 0 0 0 0 0 0 0 0 0 0 0 0 0 0 0 0 0 0 0 0 0 0 0 0 0 0 0 0
 0 0 0 0 0 0 0 0 0 0 0 0 0 0 0 0 0 0 0 0 0 0 0 0 0 0 0 0 0 0 0 0 0 0 0 0 0 0 0 0 0 0 0 0 0 0
 0 0 0 0 0 0 0 0 0 0 0 0 0 0 0 0 0 0 0 0 0 0 0 0 0 0 0 0 0 0 0 0 0 0 0 0 0 0 0 0 0 0 0 0 0 0
 0 0 0 0 0 0 0 0 0 0 0 0 0 0 0 0 0 0 0 0 0 0 0 0 0 0 0 0 0 0 0 0 0 0 0 0 0 0 0 0 0 0 0 0 0 0
 0 0 0 0 0 0 0 0 0 0 0 0 0 0 0 0 0 0 0 0 0 0 0 0 0 0 0 0 0 0 0 0 0 0 0 0 0 0 0 0 0 0 0 0 0 0
 0 0 0 0 0 0 0 0 0 0 0 0 0 0 0 0 0 0 0 0 0 0 0 0 0 0 0 0 0 0 0 0 0 0 0 0 0 0 0 0 0 0 0 0 0 0
 0 0 0 0 0 0 0 0 0 0 0 0 0 0 0 0 0 0 0 0 0 0 0 0 0 0 0 0 0 0 0 0 0 0 0 0 0 0 0 0 0 0 0 0 0 0
 0 0 0 0 0 0 0 0 0 0 0 0 0 0 0 0 0 0 0 0 0 0 0 0 0 0 0 0 0 0 0 0 0 0 0 0 0 0 0 0 0 0 0 0 0 0
 0 0 0 0 0 0 0 0 0 0 0 0 0 0 0 0 0 0 0 0 0 0 0 0 0 0 0 0 0 0 0 0 0 0 0 0 0 0 0 0 0 0 0 0 0 0
 0 0 0 0 0 0 0 0 0 0 0 0 0 0 0 0 0 0 0 0 0 0 0 0 0 0 0 0 0 0 0 0 0 0 0 0 0 0 0 0 0 0 0 0 0 0
 0 0 0 0 0 0 0 0 0 0 0 0 0 0 0 0 0 0 0 0 0 0 0 0 0 0 0 0 0 0 0 0 0 0 0 0 0 0 0 0 0 0 0 0 0 0
 0 0 0 0 0 0 0 0 0 0 0 0 0 0 0 0 0 0 0 0 0 0 0 0 0 0 0 0 0 0 0 0 0 0 0 0 0 0 0 0 0 0 0 0 0 0
 0 0 0 0 0 0 0 0 0 0 0 0 0 0 0 0 0 0 0 0 0 0 0 0 0 0 0 0 0 0 0 0 0 0 0 0 0 0 0 0 0 0 0 0 0 0
 0 0 0 0 0 0 0 0 0 0 0 0 0 0 0 0 0 0 0 0 0 0 0 0 0 0 0 0 0 0 0 0 0 0 0 0 0 0 0 0 0 0 0 0 0 0
 0 0 0 0 0 0 0 0 0 0 0 0 0 0 0 0 0 0 0 0 0 0 0 0 0 0 0 0 0 0 0 0 0 0 0 0 0 0 0 0 0 0 0 0 0 0
 0 0 0 0 0 0 1 1 1 1 0 0 0 0 0 0 0 0 0 0 0 0 0 0 0 0 0 0 0 0 0 0 0 0 0 0 0 0 0 0 0 0 0 0 0 0
 0 0 0 0 0 0 0 0 1 1 0 0 0 0 0 0 0 0 0 0 0 0 0 0 0 0 0 0 0 0 0 0 0 0 0 0 0 0 0 0 0 0 0 0 0 0
 0 0 0 0 0 0 0 0 1 1 0 0 0 0 0 0 0 0 0 0 0 0 0 0 0 0 0 0 0 0 0 0 0 0 0 0 0 0 0 0 0 0 0 0 0 0
 1 1 0 0 0 0 1 1 1 1 0 0 0 0 0 0 0 0 0 0 0 0 0 0 0 0 0 0 0 0 0 0 0 0 0 0 0 1 0 0 0 0 0 0 0 0
 1 1 0 0 0 0 1 1 1 1 0 0 0 0 0 0 0 0 0 0 0 0 0 0 0 0 0 0 0 0 0 0 0 0 0 0 0 1 0 0 0 0 0 0 0 0
 1 1 1 1 1 2 3 3 1 1 0 0 0 0 0 0 0 0 0 0 0 0 0 0 0 0 0 0 0 0 0 0 0 0 0 1 1 2 1 1 0 0 0 1 1 1
 1 1 1 1 1 2 4 4 1 1 0 0 0 0 0 0 0 0 0 0 0 0 0 0 0 0 0 0 0 3 0 0 0 0 0 1 1 1 2 2 1 1 0 1 1 2
 1 1 1 1 1 2 4 4 1 1 0 0 0 0 0 0 0 0 0 0 0 0 0 0 0 0 0 0 0 3 0 0 0 0 0 1 1 1 2 2 1 1 0 1 1 2
 1 1 1 1 1 3 7 7 2 2 0 0 0 0 0 0 0 0 0 0 0 0 0 0 0 0 2 1 1 1 1 1 0 0 0 0 0 2 4 4 3 3 1 0 0 2
 1 1 1 2 2 2 5 5 2 2 0 0 0 0 0 0 0 0 0 0 0 0 0 0 1 1 1 1 1 0 1 1 2 2 1 1 1 3 8 8 7 7 2 1 1 2
 1 1 1 2 2 2 5 5 2 2 0 0 0 0 0 0 0 0 0 0 0 0 0 0 1 1 1 1 1 0 1 1 2 2 1 1 1 3 8 8 7 7 2 1 1 2
 2 2 2 3 3 2 3 3 1 1 0 0 0 0 0 0 0 0 0 0 0 1 1 1 3 3 1 0 0 0 2 2 10 10 6 1 1 1 7 7 9 9 4 2 2 2
 2 2 2 3 3 2 3 3 1 1 0 0 0 0 0 0 0 0 0 0 0 1 1 1 3 3 1 0 0 0 2 2 10 10 6 1 1 1 7 7 9 9 4 2 2 2
 1 1 1 2 2 1 1 1 1 1 1 0 0 0 1 1 0 0 0 0 0 0 1 1 2 2 1 0 0 0 1 1 4 4 4 1 1 1 5 5 12 12 5 2 2 3
 1 1 1 1 1 1 2 2 3 3 1 0 0 0 1 1 0 0 0 1 1 1 1 1 2 2 0 0 0 0 0 0 1 1 2 1 1 1 3 3 7 7 5 3 3 5
 1 1 1 1 1 1 2 2 3 3 1 0 0 0 1 1 0 0 0 1 1 1 1 1 2 2 0 0 0 0 0 0 1 1 2 1 1 1 3 3 7 7 5 3 3 5
 2 2 5 4 4 1 1 1 5 5 1 1 1 2 2 2 1 1 1 1 1 1 0 0 1 1 0 0 0 0 0 0 0 0 1 2 2 1 2 2 4 4 4 2 2 1
 3 3 7 3 3 1 1 1 2 2 2 1 1 2 3 3 1 1 1 2 2 2 1 1 0 0 0 0 0 0 0 0 0 0 0 0 0 1 2 2 3 3 3 1 1 2
 3 3 7 3 3 1 1 1 2 2 2 1 1 2 3 3 1 1 1 2 2 2 1 1 0 0 0 0 0 0 0 0 0 0 0 0 0 1 2 2 3 3 3 1 1 2
 4 4 7 4 4 2 2 2 2 2 2 2 2 3 3 3 2 2 2 3 3 3 3 3 1 1 1 1 1 1 1 1 1 1 1 0 0 1 2 2 2 2 3 1 1 1
 4 4 7 4 4 2 2 2 2 2 2 2 2 3 3 3 2 2 2 3 3 3 3 3 1 1 1 1 1 1 1 1 1 1 1 0 0 1 2 2 2 2 3 1 1 1
 5 5 6 5 5 4 4 4 3 3 5 4 4 4 4 4 3 3 3 5 5 6 9 9 5 5 2 2 2 2 1 1 2 2 2 1 1 1 1 1 2 2 3 3 3 2
 6 6 7 6 6 8 8 8 5 5 10 7 7 5 5 5 3 3 2 3 3 9 16 16 15 15 9 7 7 2 1 1 1 1 2 3 3 3 2 2 2 2 3 3 3 5
 6 6 7 6 6 8 8 8 5 5 10 7 7 5 5 5 3 3 2 3 3 9 16 16 15 15 9 7 7 2 1 1 1 1 2 3 3 3 2 2 2 2 3 3 3 5
 7 7 7 6 6 9 10 10 17 17 20 15 15 10 6 6 4 4 6 6 6 13 19 19 20 20 14 9 9 3 2 2 2 2 2 4 4 5 4 4 2 2 2 2 2 5
 7 7 6 5 5 6 10 10 19 19 72 30 30 12 5 5 3 3 8 8 8 12 21 21 33 33 26 20 20 5 3 3 2 2 4 4 4 6 6 6 3 3 2 2 2 4
 7 7 6 5 5 6 10 10 19 19 72 30 30 12 5 5 3 3 8 8 8 12 21 21 33 33 26 20 20 5 3 3 2 2 4 4 4 6 6 6 3 3 2 2 2 4
 8 8 5 4 4 9 9 9 25 25 74 90 90 14 8 8 4 4 9 20 20 20 17 17 29 29 22 29 29 9 5 5 3 3 4 4 4 7 9 9 9 9 4 3 3 3
 8 8 5 4 4 9 9 9 25 25 74 90 90 14 8 8 4 4 9 20 20 20 17 17 29 29 22 29 29 9 5 5 3 3 4 4 4 7 9 9 9 9 4 3 3 3
 8 8 4 8 8 16 21 21 47 47 28 12 12 20 15 15 5 5 3 19 19 19 15 15 23 23 26 31 31 24 15 15 5 5 8 6 6 5 7 7 14 14 8 5 5 5
 5 5 5 8 8 29 40 40 54 54 54 21 21 16 10 10 6 6 3 16 16 19 17 17 21 21 24 27 27 31 21 21 14 14 11 8 8 5 6 6 13 13 8 6 6 4
 5 5 5 8 8 29 40 40 54 54 54 21 21 16 10 10 6 6 3 16 16 19 17 17 21 21 24 27 27 31 21 21 14 14 11 8 8 5 6 6 13 13 8 6 6 4
 4 4 6 11 11 49 28 28 20 20 12 14 14 15 12 12 6 6 3 18 18 18 21 21 21 21 24 21 21 28 25 25 17 17 14 11 11 8 5 5 4 4 4 3 3 2
 3 3 8 81 81 34 14 14 11 11 10 15 15 19 14 14 7 7 5 13 13 19 23 23 31 31 31 26 26 29 36 36 46 46 15 12 12 10 8 8 2 2 1 1 1 2
 3 3 8 81 81 34 14 14 11 11 10 15 15 19 14 14 7 7 5 13 13 19 23 23 31 31 31 26 26 29 36 36 46 46 15 12 12 10 8 8 2 2 1 1 1 2
 4 4 67 111 111 25 8 8 9 9 8 9 9 9 6 6 5 5 13 13 13 22 24 24 32 32 31 33 33 46 75 75 38 38 33 16 16 13 9 9 2 2 2 1 1 2
 4 4 67 111 111 25 8 8 9 9 8 9 9 9 6 6 5 5 13 13 13 22 24 24 32 32 31 33 33 46 75 75 38 38 33 16 16 13 9 9 2 2 2 1 1 2
 26 26 64 38 38 7 6 6 12 12 9 4 4 3 3 3 4 4 20 22 22 34 33 33 39 39 32 36 36 45 46 46 41 41 24 27 27 15 10 10 3 3 1 1 1 3
 27 27 41 15 15 5 3 3 9 9 8 4 4 3 4 4 13 13 21 29 29 33 33 33 38 38 37 49 49 57 50 50 37 37 30 30 30 18 13 13 9 9 3 1 1 1
 27 27 41 15 15 5 3 3 9 9 8 4 4 3 4 4 13 13 21 29 29 33 33 33 38 38 37 49 49 57 50 50 37 37 30 30 30 18 13 13 9 9 3 1 1 1
 16 16 18 19 19 8 3 3 9 9 13 10 10 6 8 8 17 17 26 28 28 41 50 50 55 55 44 54 54 58 55 55 46 46 41 38 38 22 18 18 13 13 6 4 4 3
 8 8 15 18 18 9 4 4 5 5 8 11 11 10 13 13 22 22 20 25 25 36 66 66 78 78 132 87 87 89 62 62 48 48 45 45 45 39 25 25 21 21 12 8 8 4
 8 8 15 18 18 9 4 4 5 5 8 11 11 10 13 13 22 22 20 25 25 36 66 66 78 78 132 87 87 89 62 62 48 48 45 45 45 39 25 25 21 21 12 8 8 4
 4 4 9 13 13 7 2 2 3 3 6 12 12 11 13 13 19 19 22 55 55 52 78 78 86 86 142 151 151 100 101 101 45 45 46 50 50 40 25 25 22 22 14 10 10 6
 4 4 9 13 13 7 2 2 3 3 6 12 12 11 13 13 19 19 22 55 55 52 78 78 86 86 142 151 151 100 101 101 45 45 46 50 50 40 25 25 22 22 14 10 10 6
 3 3 7 10 10 2 2 2 3 3 7 10 10 12 13 13 21 21 25 62 62 61 130 130 131 131 246 214 214 102 101 101 54 54 28 29 29 28 24 24 24 24 14 9 9 5
 1 1 5 4 4 3 4 4 3 3 4 7 7 11 13 13 21 21 30 63 63 83 148 148 108 108 177 145 145 76 77 77 47 47 23 18 18 19 19 19 14 14 12 6 6 4
 1 1 5 4 4 3 4 4 3 3 4 7 7 11 13 13 21 21 30 63 63 83 148 148 108 108 177 145 145 76 77 77 47 47 23 18 18 19 19 19 14 14 12 6 6 4
 2 2 6 10 10 8 8 8 5 5 4 5 5 10 13 13 22 22 45 41 41 52 79 79 80 80 57 139 139 61 52 52 25 25 12 8 8 7 8 8 7 7 6 4 4 10
 2 2 6 13 13 10 7 7 6 6 5 8 8 18 18 18 14 14 26 25 25 34 33 33 44 44 45 63 63 105 33 33 27 27 12 14 14 9 6 6 5 5 4 4 4 6
 2 2 6 13 13 10 7 7 6 6 5 8 8 18 18 18 14 14 26 25 25 34 33 33 44 44 45 63 63 105 33 33 27 27 12 14 14 9 6 6 5 5 4 4 4 6
 4 4 4 8 8 11 9 9 10 10 8 13 13 27 19 19 21 21 28 27 27 32 32 32 40 40 46 104 104 98 29 29 22 22 17 14 14 8 5 5 5 5 7 5 5 5
 4 4 4 8 8 11 9 9 10 10 8 13 13 27 19 19 21 21 28 27 27 32 32 32 40 40 46 104 104 98 29 29 22 22 17 14 14 8 5 5 5 5 7 5 5 5
 8 8 6 6 6 12 9 9 10 10 12 21 21 25 20 20 16 16 20 23 23 26 29 29 53 53 49 102 102 96 27 27 17 17 26 25 25 15 7 7 3 3 7 8 8 7
 21 21 12 8 8 11 10 10 21 21 24 20 20 22 19 19 19 19 19 21 21 20 27 27 28 28 20 50 50 52 24 24 23 23 19 10 10 15 6 6 4 4 4 4 4 4
 21 21 12 8 8 11 10 10 21 21 24 20 20 22 19 19 19 19 19 21 21 20 27 27 28 28 20 50 50 52 24 24 23 23 19 10 10 15 6 6 4 4 4 4 4 4
 46 46 32 15 15 11 14 14 25 25 19 21 21 26 25 25 19 19 13 18 18 19 20 20 18 18 11 7 7 19 18 18 12 12 9 1 1 2 4 4 5 5 6 4 4 3
 28 28 34 27 27 13 14 14 19 19 19 22 22 26 26 26 18 18 17 12 12 12 13 13 13 13 8 5 5 10 15 15 10 10 9 1 1 1 1 1 2 2 9 6 6 4
