assets/RAT_results/precipitation/2022-11-04_IMERG.asc
ncols        46
nrows        77
xllcorner    74.800261325624
yllcorner    8.058333333333
cellsize     0.062500000000
NODATA_value -9999
 60 60 78 80 80 77 66 66 59 59 50 28 28 11 2 2 0 0 0 0 0 0 1 1 1 1 0 0 0 0 0 0 0 0 0 0 0 0 0 0 0 0 0 0 0 0
 59 59 82 85 85 80 62 62 58 58 51 25 25 5 1 1 0 0 0 0 0 2 4 4 1 1 0 0 0 0 0 0 0 0 0 0 0 0 0 0 0 0 0 0 0 0
 59 59 82 85 85 80 62 62 58 58 51 25 25 5 1 1 0 0 0 0 0 2 4 4 1 1 0 0 0 0 0 0 0 0 0 0 0 0 0 0 0 0 0 0 0 0
 41 41 61 77 77 72 60 60 51 51 33 19 19 9 1 1 0 0 0 0 0 1 1 1 0 0 0 0 0 0 0 0 0 0 0 0 0 0 0 0 0 0 0 0 0 0
 18 18 37 55 55 53 48 48 36 36 14 11 11 9 4 4 4 4 0 0 0 0 0 0 0 0 0 0 0 0 0 0 0 0 0 0 0 0 0 0 1 1 1 0 0 0
 18 18 37 55 55 53 48 48 36 36 14 11 11 9 4 4 4 4 0 0 0 0 0 0 0 0 0 0 0 0 0 0 0 0 0 0 0 0 0 0 1 1 1 0 0 0
 17 17 14 34 34 40 32 32 20 20 14 15 15 12 5 5 3 3 0 0 0 0 0 0 0 0 0 0 0 0 0 0 0 0 0 0 0 0 0 0 0 0 2 0 0 0
 17 17 14 34 34 40 32 32 20 20 14 15 15 12 5 5 3 3 0 0 0 0 0 0 0 0 0 0 0 0 0 0 0 0 0 0 0 0 0 0 0 0 2 0 0 0
 12 12 9 28 28 30 32 32 26 26 19 15 15 12 5 5 1 1 0 0 0 0 0 0 0 0 0 0 0 0 0 0 0 0 0 0 0 0 1 1 1 1 1 0 0 0
 7 7 5 17 17 26 38 38 34 34 24 19 19 16 10 10 2 2 0 0 0 0 0 0 0 0 0 0 0 0 0 0 0 0 0 0 0 0 1 1 1 1 0 0 0 0
 7 7 5 17 17 26 38 38 34 34 24 19 19 16 10 10 2 2 0 0 0 0 0 0 0 0 0 0 0 0 0 0 0 0 0 0 0 0 1 1 1 1 0 0 0 0
 7 7 2 6 6 22 31 31 35 35 29 21 21 17 10 10 1 1 0 0 0 0 0 0 0 0 0 0 0 0 0 0 0 0 0 0 0 0 0 0 0 0 0 0 0 0
 14 14 2 3 3 10 18 18 23 23 13 13 13 13 9 9 1 1 0 0 0 0 0 0 0 0 0 0 0 0 0 0 0 0 0 0 0 0 0 0 0 0 0 0 0 0
 14 14 2 3 3 10 18 18 23 23 13 13 13 13 9 9 1 1 0 0 0 0 0 0 0 0 0 0 0 0 0 0 0 0 0 0 0 0 0 0 0 0 0 0 0 0
 13 13 10 7 7 4 8 8 8 8 4 4 4 5 3 3 1 1 0 0 0 0 0 0 0 0 0 0 0 0 0 0 0 0 0 0 0 0 0 0 0 0 0 0 0 0
 13 13 10 7 7 4 8 8 8 8 4 4 4 5 3 3 1 1 0 0 0 0 0 0 0 0 0 0 0 0 0 0 0 0 0 0 0 0 0 0 0 0 0 0 0 0
 17 17 19 10 10 3 3 3 4 4 4 2 2 1 1 1 0 0 0 0 0 0 0 0 0 0 0 0 0 0 0 0 0 0 0 0 0 0 0 0 0 0 0 0 0 0
 18 18 20 12 12 12 8 8 3 3 7 6 6 3 1 1 9 9 2 0 0 0 0 0 0 0 0 0 0 0 0 0 0 0 0 0 0 0 0 0 0 0 0 0 0 0
 18 18 20 12 12 12 8 8 3 3 7 6 6 3 1 1 9 9 2 0 0 0 0 0 0 0 0 0 0 0 0 0 0 0 0 0 0 0 0 0 0 0 0 0 0 0
 25 25 27 19 19 19 11 11 9 9 8 14 14 8 12 12 12 12 3 0 0 0 0 0 0 0 0 0 0 0 0 0 0 0 0 0 0 0 0 0 0 0 0 0 0 0
 45 45 26 20 20 22 24 24 11 11 8 9 9 6 10 10 15 15 4 1 1 0 0 0 0 0 0 0 0 0 0 0 0 0 0 0 0 0 0 0 0 0 0 0 0 1
 45 45 26 20 20 22 24 24 11 11 8 9 9 6 10 10 15 15 4 1 1 0 0 0 0 0 0 0 0 0 0 0 0 0 0 0 0 0 0 0 0 0 0 0 0 1
 54 54 50 32 32 32 37 37 22 22 12 2 2 3 11 11 20 20 16 8 8 1 0 0 0 0 0 0 0 0 0 0 0 0 0 0 0 0 0 0 0 0 0 0 0 1
 54 54 50 32 32 32 37 37 22 22 12 2 2 3 11 11 20 20 16 8 8 1 0 0 0 0 0 0 0 0 0 0 0 0 0 0 0 0 0 0 0 0 0 0 0 1
 65 65 67 44 44 44 27 27 22 22 15 5 5 3 8 8 18 18 18 9 9 1 0 0 0 0 0 0 0 0 0 0 0 0 0 1 1 0 0 0 0 0 0 0 0 2
 65 65 50 51 51 45 26 26 27 27 22 6 6 2 3 3 9 9 13 5 5 1 0 0 0 0 0 0 0 0 0 0 0 0 0 1 1 0 0 0 0 0 0 0 0 2
 65 65 50 51 51 45 26 26 27 27 22 6 6 2 3 3 9 9 13 5 5 1 0 0 0 0 0 0 0 0 0 0 0 0 0 1 1 0 0 0 0 0 0 0 0 2
 33 33 33 32 32 29 25 25 24 24 23 5 5 2 2 2 10 10 16 5 5 1 0 0 0 0 1 1 1 0 0 0 0 0 0 0 0 0 0 0 0 0 0 0 0 2
 13 13 15 25 25 29 26 26 22 22 11 6 6 28 21 21 23 23 17 4 4 1 0 0 0 0 0 0 0 0 0 0 0 0 0 0 0 0 0 0 0 0 0 0 0 2
 13 13 15 25 25 29 26 26 22 22 11 6 6 28 21 21 23 23 17 4 4 1 0 0 0 0 0 0 0 0 0 0 0 0 0 0 0 0 0 0 0 0 0 0 0 2
 10 10 10 12 12 10 10 10 37 37 37 31 31 30 23 23 62 62 22 5 5 2 0 0 0 0 0 0 0 0 0 0 0 0 0 0 0 0 0 0 0 0 0 0 0 1
 10 10 10 12 12 10 10 10 37 37 37 31 31 30 23 23 62 62 22 5 5 2 0 0 0 0 0 0 0 0 0 0 0 0 0 0 0 0 0 0 0 0 0 0 0 1
 7 7 8 6 6 5 9 9 12 12 173 158 158 158 110 110 55 55 15 14 14 1 0 0 0 0 0 0 0 0 0 0 0 0 0 0 0 0 0 0 0 0 1 5 5 0
 7 7 8 7 7 6 10 10 12 12 179 164 164 162 86 86 83 83 15 13 13 1 0 0 0 0 0 0 0 0 0 0 0 0 0 0 0 0 4 4 4 4 5 11 11 11
 7 7 8 7 7 6 10 10 12 12 179 164 164 162 86 86 83 83 15 13 13 1 0 0 0 0 0 0 0 0 0 0 0 0 0 0 0 0 4 4 4 4 5 11 11 11
 9 9 10 10 10 10 12 12 16 16 111 116 116 135 83 83 82 82 15 8 8 3 2 2 1 1 0 0 0 0 0 0 0 0 0 0 0 1 7 7 7 7 15 21 21 21
 16 16 19 14 14 19 18 18 15 15 114 118 118 170 168 168 48 48 12 12 12 7 8 8 5 5 3 1 1 0 0 0 0 0 0 1 1 1 7 7 18 18 20 25 25 24
 16 16 19 14 14 19 18 18 15 15 114 118 118 170 168 168 48 48 12 12 12 7 8 8 5 5 3 1 1 0 0 0 0 0 0 1 1 1 7 7 18 18 20 25 25 24
 22 22 25 27 27 28 24 24 11 11 160 161 161 180 182 182 52 52 15 14 14 13 15 15 13 13 10 4 4 1 0 0 0 0 0 1 1 1 7 7 12 12 16 20 20 20
 22 22 25 27 27 28 24 24 11 11 160 161 161 180 182 182 52 52 15 14 14 13 15 15 13 13 10 4 4 1 0 0 0 0 0 1 1 1 7 7 12 12 16 20 20 20
 36 36 44 44 44 83 79 79 17 17 7 25 25 74 77 77 21 21 21 27 27 30 33 33 34 34 26 11 11 4 1 1 0 0 0 1 1 3 2 2 5 5 13 9 9 14
 60 60 50 71 71 115 60 60 20 20 14 30 30 13 22 22 27 27 27 19 19 42 48 48 47 47 38 31 31 12 5 5 1 1 1 1 1 3 8 8 1 1 1 1 1 2
 60 60 50 71 71 115 60 60 20 20 14 30 30 13 22 22 27 27 27 19 19 42 48 48 47 47 38 31 31 12 5 5 1 1 1 1 1 3 8 8 1 1 1 1 1 2
 56 56 69 78 78 90 46 46 21 21 17 12 12 19 30 30 33 33 35 30 30 52 54 54 63 63 54 40 40 21 10 10 3 3 17 16 16 8 7 7 1 1 1 1 1 2
 44 44 64 57 57 79 20 20 20 20 22 18 18 27 38 38 41 41 46 44 44 35 68 68 68 68 66 46 46 30 17 17 6 6 17 17 17 7 1 1 3 3 3 1 1 1
 44 44 64 57 57 79 20 20 20 20 22 18 18 27 38 38 41 41 46 44 44 35 68 68 68 68 66 46 46 30 17 17 6 6 17 17 17 7 1 1 3 3 3 1 1 1
 44 44 51 44 44 29 13 13 21 21 22 19 19 28 41 41 46 46 55 61 61 54 36 36 79 79 76 64 64 43 30 30 21 21 15 11 11 1 1 1 2 2 2 1 1 0
 44 44 51 44 44 29 13 13 21 21 22 19 19 28 41 41 46 46 55 61 61 54 36 36 79 79 76 64 64 43 30 30 21 21 15 11 11 1 1 1 2 2 2 1 1 0
 15 15 25 24 24 18 13 13 34 34 36 21 21 30 37 37 41 41 51 60 60 67 53 53 95 95 88 83 83 60 41 41 25 25 10 1 1 1 2 2 4 4 2 1 1 0
 7 7 21 23 23 25 24 24 49 49 48 34 34 34 31 31 34 34 44 51 51 53 53 53 102 102 102 93 93 73 47 47 22 22 12 3 3 2 2 2 1 1 1 1 1 1
 7 7 21 23 23 25 24 24 49 49 48 34 34 34 31 31 34 34 44 51 51 53 53 53 102 102 102 93 93 73 47 47 22 22 12 3 3 2 2 2 1 1 1 1 1 1
 9 9 19 29 29 32 32 32 67 67 57 46 46 45 35 35 33 33 35 40 40 43 44 44 95 95 104 99 99 75 42 42 16 16 7 5 5 5 6 6 5 5 2 1 1 1
 9 9 11 27 27 26 26 26 42 42 34 42 42 34 37 37 31 31 30 34 34 34 37 37 93 93 103 98 98 69 33 33 13 13 7 7 7 5 7 7 10 10 8 4 4 6
 9 9 11 27 27 26 26 26 42 42 34 42 42 34 37 37 31 31 30 34 34 34 37 37 93 93 103 98 98 69 33 33 13 13 7 7 7 5 7 7 10 10 8 4 4 6
 5 5 4 10 10 12 15 15 17 17 19 24 24 28 34 34 32 32 28 33 33 36 34 34 82 82 93 84 84 63 31 31 13 13 4 6 6 6 11 11 17 17 16 12 12 12
 5 5 4 10 10 12 15 15 17 17 19 24 24 28 34 34 32 32 28 33 33 36 34 34 82 82 93 84 84 63 31 31 13 13 4 6 6 6 11 11 17 17 16 12 12 12
 3 3 3 4 4 4 5 5 6 6 10 14 14 19 28 28 31 31 34 33 33 38 37 37 69 69 68 58 58 45 27 27 12 12 6 5 5 8 17 17 21 21 22 19 19 25
 3 3 3 4 4 5 7 7 5 5 8 9 9 11 25 25 33 33 31 29 29 36 30 30 42 42 77 62 62 48 29 29 13 13 15 5 5 6 21 21 22 22 27 17 17 22
 3 3 3 4 4 5 7 7 5 5 8 9 9 11 25 25 33 33 31 29 29 36 30 30 42 42 77 62 62 48 29 29 13 13 15 5 5 6 21 21 22 22 27 17 17 22
 4 4 5 6 6 8 12 12 5 5 5 6 6 6 15 15 19 19 12 28 28 40 45 45 28 28 37 31 31 32 26 26 17 17 13 7 7 13 27 27 28 28 33 23 23 17
 10 10 9 7 7 6 7 7 4 4 3 3 3 3 6 6 7 7 7 23 23 38 72 72 67 67 29 26 26 20 17 17 16 16 16 14 14 20 41 41 45 45 34 29 29 25
 10 10 9 7 7 6 7 7 4 4 3 3 3 3 6 6 7 7 7 23 23 38 72 72 67 67 29 26 26 20 17 17 16 16 16 14 14 20 41 41 45 45 34 29 29 25
 2 2 3 4 4 3 2 2 2 2 4 5 5 7 14 14 14 14 16 30 30 77 63 63 68 68 41 24 24 10 17 17 11 11 15 17 17 24 64 64 65 65 43 31 31 14
 2 2 3 4 4 3 2 2 2 2 4 5 5 7 14 14 14 14 16 30 30 77 63 63 68 68 41 24 24 10 17 17 11 11 15 17 17 24 64 64 65 65 43 31 31 14
 0 0 2 3 3 4 4 4 3 3 10 19 19 20 9 9 15 15 20 35 35 41 13 13 36 36 33 15 15 13 22 22 23 23 22 22 22 25 58 58 52 52 34 18 18 12
 0 0 1 5 5 10 11 11 7 7 7 13 13 24 21 21 7 7 22 28 28 36 18 18 22 22 18 16 16 19 25 25 27 27 26 30 30 33 35 35 52 52 37 14 14 13
 0 0 1 5 5 10 11 11 7 7 7 13 13 24 21 21 7 7 22 28 28 36 18 18 22 22 18 16 16 19 25 25 27 27 26 30 30 33 35 35 52 52 37 14 14 13
 0 0 2 10 10 13 13 13 10 10 6 4 4 16 26 26 7 7 7 13 13 26 16 16 21 21 21 23 23 49 26 26 20 20 38 37 37 35 32 32 44 44 26 14 14 13
 1 1 1 3 3 5 7 7 12 12 8 5 5 9 24 24 7 7 6 11 11 23 19 19 11 11 11 44 44 52 21 21 28 28 39 56 56 35 26 26 25 25 22 11 11 12
 1 1 1 3 3 5 7 7 12 12 8 5 5 9 24 24 7 7 6 11 11 23 19 19 11 11 11 44 44 52 21 21 28 28 39 56 56 35 26 26 25 25 22 11 11 12
 0 0 0 1 1 2 4 4 11 11 6 9 9 7 7 7 12 12 8 6 6 12 12 12 11 11 9 12 12 21 37 37 38 38 51 50 50 38 29 29 18 18 17 10 10 7
 0 0 0 1 1 2 4 4 11 11 6 9 9 7 7 7 12 12 8 6 6 12 12 12 11 11 9 12 12 21 37 37 38 38 51 50 50 38 29 29 18 18 17 10 10 7
 0 0 0 1 1 1 2 2 5 5 6 11 11 7 11 11 51 51 18 7 7 6 12 12 10 10 7 9 9 16 20 20 37 37 58 61 61 52 34 34 23 23 13 15 15 9
 0 0 0 0 0 0 2 2 8 8 10 11 11 4 7 7 25 25 23 11 11 7 3 3 4 4 6 7 7 14 16 16 33 33 41 33 33 46 41 41 37 37 18 11 11 11
 0 0 0 0 0 0 2 2 8 8 10 11 11 4 7 7 25 25 23 11 11 7 3 3 4 4 6 7 7 14 16 16 33 33 41 33 33 46 41 41 37 37 18 11 11 11
 0 0 0 0 0 0 2 2 6 6 8 7 7 4 5 5 14 14 7 6 6 9 5 5 5 5 14 14 14 8 11 11 19 19 24 26 26 26 39 39 42 42 41 19 19 13
 0 0 0 0 0 0 1 1 2 2 3 3 3 2 4 4 8 8 10 6 6 16 9 9 4 4 12 13 13 8 13 13 19 19 20 17 17 23 25 25 26 26 43 21 21 23
