assets/RAT_results/precipitation/2022-04-14_IMERG.asc
ncols        46
nrows        77
xllcorner    74.800261325624
yllcorner    8.058333333333
cellsize     0.062500000000
NODATA_value -9999
 25 25 30 19 19 12 14 14 21 21 27 30 30 24 20 20 35 35 41 31 31 32 28 28 20 20 21 6 6 6 9 9 9 9 40 51 51 50 33 33 31 31 57 57 57 63
 29 29 28 14 14 14 12 12 26 26 30 29 29 24 21 21 33 33 37 33 33 33 37 37 35 35 26 6 6 4 8 8 8 8 41 12 12 34 27 27 25 25 24 25 25 37
 29 29 28 14 14 14 12 12 26 26 30 29 29 24 21 21 33 33 37 33 33 33 37 37 35 35 26 6 6 4 8 8 8 8 41 12 12 34 27 27 25 25 24 25 25 37
 31 31 33 22 22 21 22 22 25 25 44 43 43 25 32 32 52 52 53 36 36 35 36 36 37 37 28 10 10 4 4 4 4 4 12 11 11 32 36 36 36 36 31 31 31 36
 34 34 33 29 29 26 21 21 24 24 39 48 48 47 49 49 59 59 58 57 57 35 31 31 31 31 22 14 14 12 6 6 16 16 23 23 23 37 36 36 36 36 32 25 25 10
 34 34 33 29 29 26 21 21 24 24 39 48 48 47 49 49 59 59 58 57 57 35 31 31 31 31 22 14 14 12 6 6 16 16 23 23 23 37 36 36 36 36 32 25 25 10
 24 24 27 24 24 27 21 21 27 27 40 50 50 49 66 66 60 60 61 66 66 34 27 27 27 27 14 13 13 13 14 14 24 24 21 20 20 24 25 25 34 34 25 26 26 23
 24 24 27 24 24 27 21 21 27 27 40 50 50 49 66 66 60 60 61 66 66 34 27 27 27 27 14 13 13 13 14 14 24 24 21 20 20 24 25 25 34 34 25 26 26 23
 25 25 28 26 26 27 27 27 27 27 32 53 53 57 63 63 80 80 56 42 42 28 27 27 23 23 20 12 12 13 12 12 21 21 10 19 19 24 25 25 33 33 24 58 58 30
 27 27 26 28 28 27 27 27 23 23 42 33 33 40 47 47 52 52 39 38 38 30 28 28 20 20 14 7 7 8 11 11 15 15 10 29 29 29 28 28 37 37 56 56 56 42
 27 27 26 28 28 27 27 27 23 23 42 33 33 40 47 47 52 52 39 38 38 30 28 28 20 20 14 7 7 8 11 11 15 15 10 29 29 29 28 28 37 37 56 56 56 42
 29 29 28 27 27 27 29 29 22 22 32 40 40 42 40 40 43 43 36 33 33 36 24 24 18 18 15 3 3 8 7 7 13 13 13 27 27 28 28 28 43 43 52 35 35 20
 28 28 27 26 26 29 24 24 24 24 39 33 33 46 41 41 35 35 48 48 48 29 43 43 26 26 17 3 3 5 3 3 11 11 8 30 30 32 29 29 65 65 52 21 21 3
 28 28 27 26 26 29 24 24 24 24 39 33 33 46 41 41 35 35 48 48 48 29 43 43 26 26 17 3 3 5 3 3 11 11 8 30 30 32 29 29 65 65 52 21 21 3
 23 23 25 28 28 28 25 25 22 22 26 33 33 69 61 61 39 39 50 43 43 35 46 46 25 25 18 16 16 24 26 26 11 11 8 21 21 12 8 8 10 10 10 7 7 4
 23 23 25 28 28 28 25 25 22 22 26 33 33 69 61 61 39 39 50 43 43 35 46 46 25 25 18 16 16 24 26 26 11 11 8 21 21 12 8 8 10 10 10 7 7 4
 21 21 19 27 27 26 22 22 23 23 26 32 32 28 61 61 49 49 73 44 44 42 27 27 25 25 41 38 38 36 32 32 22 22 21 21 21 12 21 21 15 15 10 8 8 8
 20 20 19 22 22 21 18 18 20 20 21 28 28 26 46 46 29 29 33 45 45 35 23 23 27 27 48 46 46 40 29 29 24 24 20 32 32 27 30 30 19 19 17 11 11 16
 20 20 19 22 22 21 18 18 20 20 21 28 28 26 46 46 29 29 33 45 45 35 23 23 27 27 48 46 46 40 29 29 24 24 20 32 32 27 30 30 19 19 17 11 11 16
 26 26 19 16 16 15 16 16 13 13 14 10 10 13 17 17 26 26 12 29 29 42 25 25 34 34 38 38 38 43 42 42 31 31 23 32 32 33 35 35 35 35 27 30 30 13
 22 22 23 19 19 13 12 12 11 11 15 24 24 25 31 31 23 23 8 14 14 25 49 49 63 63 37 39 39 41 38 38 48 48 40 50 50 36 44 44 26 26 20 59 59 62
 22 22 23 19 19 13 12 12 11 11 15 24 24 25 31 31 23 23 8 14 14 25 49 49 63 63 37 39 39 41 38 38 48 48 40 50 50 36 44 44 26 26 20 59 59 62
 21 21 21 15 15 13 11 11 10 10 16 15 15 23 22 22 21 21 8 11 11 20 36 36 48 48 33 29 29 27 33 33 35 35 30 35 35 29 22 22 18 18 19 59 59 63
 21 21 21 15 15 13 11 11 10 10 16 15 15 23 22 22 21 21 8 11 11 20 36 36 48 48 33 29 29 27 33 33 35 35 30 35 35 29 22 22 18 18 19 59 59 63
 21 21 18 13 13 12 11 11 11 11 13 13 13 22 21 21 21 21 7 6 6 10 21 21 28 28 34 35 35 87 42 42 72 72 73 29 29 15 18 18 14 14 34 67 67 62
 20 20 17 14 14 14 13 13 10 10 10 9 9 8 10 10 9 9 6 5 5 6 8 8 20 20 85 96 96 88 36 36 26 26 15 15 15 17 44 44 27 27 36 17 17 11
 20 20 17 14 14 14 13 13 10 10 10 9 9 8 10 10 9 9 6 5 5 6 8 8 20 20 85 96 96 88 36 36 26 26 15 15 15 17 44 44 27 27 36 17 17 11
 19 19 16 13 13 14 14 14 12 12 9 7 7 10 8 8 10 10 7 7 7 5 10 10 15 15 51 45 45 30 25 25 21 21 15 15 15 17 44 44 60 60 17 14 14 11
 17 17 14 14 14 14 12 12 9 9 8 8 8 8 7 7 9 9 10 7 7 6 5 5 10 10 35 35 35 27 78 78 77 77 20 19 19 15 60 60 56 56 10 5 5 2
 17 17 14 14 14 14 12 12 9 9 8 8 8 8 7 7 9 9 10 7 7 6 5 5 10 10 35 35 35 27 78 78 77 77 20 19 19 15 60 60 56 56 10 5 5 2
 13 13 11 12 12 12 11 11 9 9 9 8 8 8 6 6 11 11 10 10 10 7 6 6 7 7 5 17 17 86 83 83 76 76 23 21 21 10 12 12 9 9 7 5 5 2
 13 13 11 12 12 12 11 11 9 9 9 8 8 8 6 6 11 11 10 10 10 7 6 6 7 7 5 17 17 86 83 83 76 76 23 21 21 10 12 12 9 9 7 5 5 2
 11 11 10 9 9 10 9 9 7 7 10 7 7 7 6 6 10 10 9 10 10 9 8 8 8 8 8 13 13 13 19 19 26 26 28 22 22 12 12 12 15 15 14 8 8 5
 11 11 10 9 9 8 8 8 7 7 7 6 6 4 3 3 5 5 7 9 9 8 8 8 7 7 11 12 12 14 15 15 16 16 17 14 14 10 5 5 14 14 16 13 13 8
 11 11 10 9 9 8 8 8 7 7 7 6 6 4 3 3 5 5 7 9 9 8 8 8 7 7 11 12 12 14 15 15 16 16 17 14 14 10 5 5 14 14 16 13 13 8
 8 8 7 6 6 5 6 6 6 6 8 7 7 4 3 3 4 4 6 10 10 7 8 8 8 8 15 18 18 12 20 20 15 15 16 14 14 10 5 5 10 10 13 12 12 6
 5 5 5 5 5 5 6 6 5 5 5 4 4 4 4 4 4 4 8 8 8 7 8 8 9 9 11 11 11 12 20 20 19 19 20 18 18 8 5 5 8 8 11 5 5 7
 5 5 5 5 5 5 6 6 5 5 5 4 4 4 4 4 4 4 8 8 8 7 8 8 9 9 11 11 11 12 20 20 19 19 20 18 18 8 5 5 8 8 11 5 5 7
 5 5 4 4 4 4 3 3 3 3 5 4 4 4 4 4 4 4 6 7 7 10 8 8 8 8 6 8 8 18 31 31 20 20 21 24 24 12 11 11 11 11 6 3 3 6
 5 5 4 4 4 4 3 3 3 3 5 4 4 4 4 4 4 4 6 7 7 10 8 8 8 8 6 8 8 18 31 31 20 20 21 24 24 12 11 11 11 11 6 3 3 6
 5 5 6 6 6 3 3 3 3 3 3 2 2 5 4 4 5 5 5 5 5 9 8 8 7 7 8 12 12 28 65 65 22 22 20 20 20 27 12 12 10 10 8 2 2 6
 4 4 4 5 5 2 2 2 6 6 4 2 2 3 4 4 3 3 5 5 5 8 11 11 8 8 11 16 16 28 63 63 18 18 11 15 15 15 16 16 9 9 9 3 3 1
 4 4 4 5 5 2 2 2 6 6 4 2 2 3 4 4 3 3 5 5 5 8 11 11 8 8 11 16 16 28 63 63 18 18 11 15 15 15 16 16 9 9 9 3 3 1
 4 4 4 2 2 3 4 4 9 9 8 2 2 4 4 4 3 3 4 4 4 8 8 8 8 8 9 9 9 25 11 11 10 10 11 11 11 16 18 18 11 11 9 6 6 1
 3 3 3 3 3 7 10 10 7 7 2 1 1 2 3 3 2 2 3 5 5 5 7 7 10 10 9 8 8 6 7 7 8 8 9 13 13 13 14 14 7 7 9 4 4 2
 3 3 3 3 3 7 10 10 7 7 2 1 1 2 3 3 2 2 3 5 5 5 7 7 10 10 9 8 8 6 7 7 8 8 9 13 13 13 14 14 7 7 9 4 4 2
 2 2 2 2 2 6 7 7 3 3 2 1 1 1 3 3 2 2 2 3 3 4 8 8 9 9 9 7 7 7 6 6 6 6 11 14 14 13 12 12 8 8 7 6 6 1
 2 2 2 2 2 6 7 7 3 3 2 1 1 1 3 3 2 2 2 3 3 4 8 8 9 9 9 7 7 7 6 6 6 6 11 14 14 13 12 12 8 8 7 6 6 1
 2 2 2 2 2 2 4 4 1 1 1 1 1 1 1 1 2 2 1 2 2 2 6 6 9 9 9 7 7 7 11 11 5 5 9 12 12 11 10 10 6 6 3 3 3 2
 2 2 2 1 1 1 1 1 1 1 1 1 1 1 1 1 1 1 2 2 2 3 4 4 7 7 8 8 8 10 10 10 9 9 6 5 5 8 5 5 4 4 6 3 3 2
 2 2 2 1 1 1 1 1 1 1 1 1 1 1 1 1 1 1 2 2 2 3 4 4 7 7 8 8 8 10 10 10 9 9 6 5 5 8 5 5 4 4 6 3 3 2
 2 2 2 2 2 2 1 1 1 1 1 1 1 1 1 1 1 1 2 2 2 3 5 5 7 7 8 7 7 10 13 13 7 7 3 2 2 6 4 4 6 6 8 3 3 1
 2 2 2 2 2 1 1 1 1 1 1 1 1 3 1 1 1 1 2 2 2 3 5 5 7 7 6 7 7 7 12 12 6 6 4 2 2 1 3 3 7 7 4 3 3 5
 2 2 2 2 2 1 1 1 1 1 1 1 1 3 1 1 1 1 2 2 2 3 5 5 7 7 6 7 7 7 12 12 6 6 4 2 2 1 3 3 7 7 4 3 3 5
 2 2 2 1 1 1 1 1 1 1 1 0 0 1 1 1 1 1 2 2 2 5 6 6 8 8 9 6 6 8 8 8 7 7 7 6 6 2 2 2 4 4 2 4 4 5
 2 2 2 1 1 1 1 1 1 1 1 0 0 1 1 1 1 1 2 2 2 5 6 6 8 8 9 6 6 8 8 8 7 7 7 6 6 2 2 2 4 4 2 4 4 5
 3 3 3 2 2 2 1 1 1 1 1 0 0 0 0 0 0 0 1 1 1 6 4 4 7 7 6 7 7 7 6 6 12 12 13 9 9 3 2 2 4 4 1 3 3 5
 3 3 3 3 3 2 1 1 1 1 0 0 0 0 0 0 0 0 1 1 1 2 2 2 3 3 5 8 8 7 5 5 7 7 10 9 9 2 2 2 2 2 2 4 4 3
 3 3 3 3 3 2 1 1 1 1 0 0 0 0 0 0 0 0 1 1 1 2 2 2 3 3 5 8 8 7 5 5 7 7 10 9 9 2 2 2 2 2 2 4 4 3
 3 3 3 3 3 3 2 2 1 1 0 0 0 0 0 0 1 1 1 1 1 2 2 2 2 2 5 11 11 6 6 6 7 7 8 7 7 2 2 2 2 2 2 1 1 2
 3 3 3 3 3 3 1 1 1 1 0 0 0 0 0 0 0 0 1 1 1 1 1 1 3 3 6 11 11 9 8 8 9 9 8 4 4 3 2 2 5 5 5 3 3 3
 3 3 3 3 3 3 1 1 1 1 0 0 0 0 0 0 0 0 1 1 1 1 1 1 3 3 6 11 11 9 8 8 9 9 8 4 4 3 2 2 5 5 5 3 3 3
 3 3 2 3 3 3 1 1 1 1 1 1 1 0 0 0 0 0 0 0 0 0 1 1 3 3 7 10 10 10 8 8 8 8 6 4 4 3 3 3 11 11 11 4 4 3
 3 3 2 3 3 3 1 1 1 1 1 1 1 0 0 0 0 0 0 0 0 0 1 1 3 3 7 10 10 10 8 8 8 8 6 4 4 3 3 3 11 11 11 4 4 3
 3 3 2 3 3 1 1 1 1 1 1 1 1 1 1 1 0 0 0 0 0 0 2 2 2 2 6 8 8 9 11 11 7 7 6 4 4 6 6 6 12 12 10 4 4 3
 3 3 2 1 1 1 1 1 1 1 1 1 1 1 1 1 2 2 1 2 2 0 2 2 2 2 7 8 8 13 10 10 11 11 6 7 7 5 8 8 11 11 15 7 7 3
 3 3 2 1 1 1 1 1 1 1 1 1 1 1 1 1 2 2 1 2 2 0 2 2 2 2 7 8 8 13 10 10 11 11 6 7 7 5 8 8 11 11 15 7 7 3
 1 1 2 1 1 1 1 1 1 1 0 1 1 1 1 1 3 3 0 3 3 3 1 1 3 3 5 10 10 13 11 11 15 15 7 8 8 6 9 9 7 7 6 7 7 6
 1 1 1 1 1 0 0 0 1 1 1 1 1 1 1 1 1 1 0 1 1 1 2 2 2 2 4 9 9 10 15 15 15 15 12 6 6 7 6 6 7 7 6 13 13 8
 1 1 1 1 1 0 0 0 1 1 1 1 1 1 1 1 1 1 0 1 1 1 2 2 2 2 4 9 9 10 15 15 15 15 12 6 6 7 6 6 7 7 6 13 13 8
 2 2 1 1 1 1 1 1 1 1 0 0 0 1 1 1 1 1 1 2 2 2 2 2 2 2 4 9 9 7 15 15 12 12 11 9 9 4 3 3 7 7 6 4 4 3
 2 2 1 1 1 1 1 1 1 1 0 0 0 1 1 1 1 1 1 2 2 2 2 2 2 2 4 9 9 7 15 15 12 12 11 9 9 4 3 3 7 7 6 4 4 3
 2 2 1 1 1 1 1 1 1 1 0 0 0 1 1 1 1 1 2 2 2 2 2 2 3 3 3 6 6 7 10 10 10 10 7 8 8 3 3 3 4 4 4 2 2 1
 3 3 1 1 1 1 1 1 1 1 0 0 0 0 1 1 1 1 3 3 3 1 2 2 2 2 6 6 6 9 10 10 10 10 7 7 7 5 5 5 5 5 3 3 3 0
 3 3 1 1 1 1 1 1 1 1 0 0 0 0 1 1 1 1 3 3 3 1 2 2 2 2 6 6 6 9 10 10 10 10 7 7 7 5 5 5 5 5 3 3 3 0
 3 3 1 1 1 1 1 1 1 1 0 0 0 0 1 1 1 1 4 3 3 2 2 2 3 3 6 8 8 9 7 7 8 8 6 7 7 3 3 3 5 5 6 2 2 2
 2 2 1 1 1 1 1 1 1 1 1 1 1 1 1 1 1 1 2 1 1 1 1 1 2 2 3 5 5 7 7 7 4 4 4 2 2 1 2 2 2 2 3 0 0 0
