assets/RAT_results/precipitation/2022-08-05_IMERG.asc
ncols        46
nrows        77
xllcorner    74.800261325624
yllcorner    8.058333333333
cellsize     0.062500000000
NODATA_value -9999
 41 41 34 33 33 28 26 26 25 25 18 11 11 14 15 15 11 11 6 3 3 2 2 2 4 4 4 3 3 2 2 2 1 1 3 4 4 3 8 8 7 7 3 4 4 5
 41 41 44 40 40 31 34 34 26 26 21 23 23 17 21 21 14 14 11 9 9 8 5 5 7 7 6 2 2 2 2 2 1 1 0 1 1 1 2 2 3 3 5 5 5 4
 41 41 44 40 40 31 34 34 26 26 21 23 23 17 21 21 14 14 11 9 9 8 5 5 7 7 6 2 2 2 2 2 1 1 0 1 1 1 2 2 3 3 5 5 5 4
 41 41 42 38 38 38 34 34 31 31 29 25 25 22 27 27 19 19 19 14 14 11 7 7 6 6 2 1 1 0 1 1 1 1 0 1 1 2 2 2 1 1 2 3 3 5
 31 31 45 43 43 40 38 38 33 33 35 27 27 24 27 27 20 20 21 15 15 13 6 6 3 3 1 0 0 0 1 1 1 1 0 0 0 0 1 1 1 1 1 2 2 5
 31 31 45 43 43 40 38 38 33 33 35 27 27 24 27 27 20 20 21 15 15 13 6 6 3 3 1 0 0 0 1 1 1 1 0 0 0 0 1 1 1 1 1 2 2 5
 41 41 36 34 34 34 31 31 29 29 32 26 26 17 18 18 15 15 9 9 9 7 4 4 3 3 1 1 1 1 0 0 0 0 0 0 0 0 1 1 1 1 1 3 3 5
 41 41 36 34 34 34 31 31 29 29 32 26 26 17 18 18 15 15 9 9 9 7 4 4 3 3 1 1 1 1 0 0 0 0 0 0 0 0 1 1 1 1 1 3 3 5
 36 36 34 31 31 31 25 25 20 20 19 11 11 8 9 9 8 8 8 8 8 6 4 4 2 2 1 0 0 0 0 0 0 0 0 0 0 0 1 1 1 1 1 2 2 5
 14 14 17 19 19 20 26 26 22 22 21 14 14 12 14 14 17 17 13 10 10 6 2 2 1 1 0 0 0 1 1 1 0 0 0 0 0 1 1 1 1 1 1 3 3 6
 14 14 17 19 19 20 26 26 22 22 21 14 14 12 14 14 17 17 13 10 10 6 2 2 1 1 0 0 0 1 1 1 0 0 0 0 0 1 1 1 1 1 1 3 3 6
 17 17 17 12 12 19 30 30 19 19 13 14 14 17 18 18 19 19 11 11 11 5 2 2 1 1 0 0 0 1 1 1 1 1 0 0 0 1 1 1 1 1 1 2 2 5
 14 14 15 12 12 19 24 24 29 29 23 20 20 21 17 17 15 15 7 9 9 6 5 5 4 4 2 0 0 1 1 1 1 1 0 0 0 1 1 1 4 4 3 2 2 5
 14 14 15 12 12 19 24 24 29 29 23 20 20 21 17 17 15 15 7 9 9 6 5 5 4 4 2 0 0 1 1 1 1 1 0 0 0 1 1 1 4 4 3 2 2 5
 20 20 19 28 28 42 40 40 31 31 25 13 13 17 13 13 13 13 6 7 7 8 5 5 2 2 1 0 0 0 1 1 1 1 1 2 2 3 5 5 10 10 8 6 6 4
 20 20 19 28 28 42 40 40 31 31 25 13 13 17 13 13 13 13 6 7 7 8 5 5 2 2 1 0 0 0 1 1 1 1 1 2 2 3 5 5 10 10 8 6 6 4
 20 20 16 11 11 12 43 43 27 27 22 13 13 15 10 10 11 11 7 8 8 4 1 1 1 1 1 1 1 0 0 0 0 0 1 1 1 3 4 4 10 10 9 7 7 4
 9 9 9 10 10 9 12 12 7 7 14 6 6 12 8 8 10 10 8 4 4 1 1 1 1 1 0 0 0 1 1 1 0 0 0 1 1 1 3 3 9 9 6 3 3 2
 9 9 9 10 10 9 12 12 7 7 14 6 6 12 8 8 10 10 8 4 4 1 1 1 1 1 0 0 0 1 1 1 0 0 0 1 1 1 3 3 9 9 6 3 3 2
 9 9 10 11 11 12 15 15 15 15 13 7 7 8 12 12 10 10 7 3 3 1 1 1 1 1 0 0 0 1 1 1 0 0 0 1 1 1 1 1 2 2 2 2 2 2
 5 5 9 11 11 13 17 17 17 17 16 12 12 12 13 13 7 7 5 2 2 2 1 1 1 1 1 1 1 1 1 1 0 0 0 0 0 1 1 1 3 3 1 1 1 1
 5 5 9 11 11 13 17 17 17 17 16 12 12 12 13 13 7 7 5 2 2 2 1 1 1 1 1 1 1 1 1 1 0 0 0 0 0 1 1 1 3 3 1 1 1 1
 5 5 7 12 12 17 20 20 20 20 18 13 13 9 7 7 6 6 4 2 2 2 1 1 2 2 3 2 2 1 1 1 1 1 1 1 1 1 1 1 2 2 3 4 4 2
 5 5 7 12 12 17 20 20 20 20 18 13 13 9 7 7 6 6 4 2 2 2 1 1 2 2 3 2 2 1 1 1 1 1 1 1 1 1 1 1 2 2 3 4 4 2
 7 7 9 14 14 16 14 14 18 18 15 15 15 7 5 5 4 4 4 2 2 2 2 2 3 3 2 1 1 1 1 1 1 1 1 1 1 1 1 1 2 2 3 2 2 1
 9 9 10 12 12 11 12 12 16 16 14 14 14 8 7 7 5 5 3 3 3 1 2 2 2 2 2 2 2 1 1 1 1 1 1 1 1 1 1 1 2 2 3 3 3 1
 9 9 10 12 12 11 12 12 16 16 14 14 14 8 7 7 5 5 3 3 3 1 2 2 2 2 2 2 2 1 1 1 1 1 1 1 1 1 1 1 2 2 3 3 3 1
 9 9 8 8 8 8 7 7 14 14 14 9 9 8 2 2 3 3 4 4 4 2 2 2 2 2 2 1 1 1 1 1 1 1 2 1 1 2 2 2 3 3 3 3 3 1
 6 6 7 3 3 5 6 6 5 5 5 4 4 3 3 3 3 3 4 4 4 2 2 2 1 1 1 1 1 1 1 1 2 2 2 2 2 4 6 6 4 4 3 2 2 2
 6 6 7 3 3 5 6 6 5 5 5 4 4 3 3 3 3 3 4 4 4 2 2 2 1 1 1 1 1 1 1 1 2 2 2 2 2 4 6 6 4 4 3 2 2 2
 4 4 2 3 3 2 3 3 3 3 4 4 4 3 3 3 3 3 2 3 3 2 3 3 3 3 3 2 2 1 1 1 2 2 2 4 4 6 8 8 3 3 2 1 1 2
 4 4 2 3 3 2 3 3 3 3 4 4 4 3 3 3 3 3 2 3 3 2 3 3 3 3 3 2 2 1 1 1 2 2 2 4 4 6 8 8 3 3 2 1 1 2
 3 3 2 2 2 2 2 2 2 2 3 3 3 5 4 4 4 4 1 3 3 3 4 4 4 4 4 3 3 2 1 1 2 2 3 3 3 4 3 3 2 2 1 1 1 2
 1 1 2 2 2 3 3 3 3 3 5 5 5 5 4 4 2 2 2 4 4 5 4 4 4 4 3 2 2 2 1 1 3 3 3 3 3 3 2 2 1 1 1 1 1 2
 1 1 2 2 2 3 3 3 3 3 5 5 5 5 4 4 2 2 2 4 4 5 4 4 4 4 3 2 2 2 1 1 3 3 3 3 3 3 2 2 1 1 1 1 1 2
 1 1 1 2 2 3 3 3 6 6 12 7 7 5 4 4 3 3 4 6 6 5 3 3 4 4 2 2 2 2 2 2 3 3 3 2 2 3 2 2 1 1 1 1 1 1
 1 1 1 1 1 2 4 4 7 7 7 5 5 3 3 3 3 3 3 7 7 5 3 3 3 3 3 3 3 5 2 2 4 4 3 2 2 1 3 3 2 2 5 4 4 2
 1 1 1 1 1 2 4 4 7 7 7 5 5 3 3 3 3 3 3 7 7 5 3 3 3 3 3 3 3 5 2 2 4 4 3 2 2 1 3 3 2 2 5 4 4 2
 1 1 1 2 2 2 4 4 7 7 4 3 3 3 2 2 3 3 7 6 6 5 4 4 4 4 3 3 3 4 3 3 5 5 5 3 3 4 5 5 7 7 7 5 5 3
 1 1 1 2 2 2 4 4 7 7 4 3 3 3 2 2 3 3 7 6 6 5 4 4 4 4 3 3 3 4 3 3 5 5 5 3 3 4 5 5 7 7 7 5 5 3
 1 1 2 3 3 3 4 4 5 5 3 2 2 2 2 2 2 2 3 3 3 4 4 4 4 4 3 2 2 2 3 3 3 3 3 3 3 10 12 12 15 15 16 17 17 12
 2 2 6 4 4 3 2 2 2 2 2 2 2 2 3 3 3 3 3 3 3 4 4 4 3 3 2 2 2 1 3 3 2 2 2 4 4 15 22 22 22 22 19 10 10 6
 2 2 6 4 4 3 2 2 2 2 2 2 2 2 3 3 3 3 3 3 3 4 4 4 3 3 2 2 2 1 3 3 2 2 2 4 4 15 22 22 22 22 19 10 10 6
 2 2 6 6 6 6 2 2 2 2 2 2 2 2 2 2 2 2 3 4 4 5 3 3 3 3 4 5 5 2 2 2 2 2 2 5 5 14 20 20 23 23 28 15 15 11
 2 2 7 7 7 7 2 2 2 2 2 3 3 3 2 2 3 3 2 2 2 2 3 3 5 5 5 6 6 5 7 7 2 2 3 5 5 12 17 17 20 20 18 16 16 11
 2 2 7 7 7 7 2 2 2 2 2 3 3 3 2 2 3 3 2 2 2 2 3 3 5 5 5 6 6 5 7 7 2 2 3 5 5 12 17 17 20 20 18 16 16 11
 2 2 3 3 3 1 1 1 2 2 2 4 4 3 2 2 2 2 3 2 2 3 7 7 8 8 7 5 5 7 11 11 6 6 8 9 9 12 15 15 16 16 16 9 9 6
 2 2 3 3 3 1 1 1 2 2 2 4 4 3 2 2 2 2 3 2 2 3 7 7 8 8 7 5 5 7 11 11 6 6 8 9 9 12 15 15 16 16 16 9 9 6
 2 2 2 2 2 2 1 1 2 2 2 2 2 2 2 2 2 2 2 1 1 2 7 7 8 8 9 10 10 7 10 10 6 6 10 14 14 18 18 18 18 18 15 11 11 5
 2 2 4 1 1 2 2 2 2 2 2 2 2 2 2 2 2 2 2 1 1 7 6 6 8 8 9 9 9 10 10 10 8 8 10 18 18 20 17 17 20 20 16 16 16 12
 2 2 4 1 1 2 2 2 2 2 2 2 2 2 2 2 2 2 2 1 1 7 6 6 8 8 9 9 9 10 10 10 8 8 10 18 18 20 17 17 20 20 16 16 16 12
 3 3 3 2 2 2 2 2 2 2 2 3 3 4 3 3 2 2 2 5 5 7 8 8 10 10 10 10 10 7 9 9 11 11 15 17 17 20 18 18 17 17 21 14 14 13
 1 1 2 1 1 1 2 2 2 2 5 3 3 3 3 3 2 2 1 1 1 2 3 3 9 9 8 6 6 9 11 11 13 13 15 14 14 21 20 20 25 25 24 17 17 15
 1 1 2 1 1 1 2 2 2 2 5 3 3 3 3 3 2 2 1 1 1 2 3 3 9 9 8 6 6 9 11 11 13 13 15 14 14 21 20 20 25 25 24 17 17 15
 2 2 2 2 2 2 2 2 2 2 3 6 6 2 2 2 2 2 1 2 2 5 4 4 8 8 6 7 7 6 12 12 18 18 18 20 20 19 19 19 25 25 20 15 15 7
 2 2 2 2 2 2 2 2 2 2 3 6 6 2 2 2 2 2 1 2 2 5 4 4 8 8 6 7 7 6 12 12 18 18 18 20 20 19 19 19 25 25 20 15 15 7
 6 6 4 6 6 10 10 10 9 9 6 6 6 3 2 2 2 2 3 3 3 5 4 4 4 4 3 7 7 10 18 18 21 21 24 19 19 17 21 21 21 21 18 11 11 7
 5 5 5 4 4 9 9 9 8 8 1 2 2 3 4 4 3 3 3 4 4 4 3 3 2 2 3 6 6 10 18 18 26 26 30 29 29 23 13 13 13 13 12 6 6 5
 5 5 5 4 4 9 9 9 8 8 1 2 2 3 4 4 3 3 3 4 4 4 3 3 2 2 3 6 6 10 18 18 26 26 30 29 29 23 13 13 13 13 12 6 6 5
 5 5 5 3 3 2 2 2 2 2 2 3 3 4 5 5 3 3 3 3 3 4 3 3 2 2 4 4 4 8 12 12 17 17 21 19 19 16 13 13 12 12 8 8 8 8
 4 4 4 3 3 2 4 4 7 7 5 4 4 6 6 6 5 5 5 4 4 4 3 3 3 3 4 8 8 14 15 15 15 15 16 16 16 13 12 12 8 8 9 9 9 8
 4 4 4 3 3 2 4 4 7 7 5 4 4 6 6 6 5 5 5 4 4 4 3 3 3 3 4 8 8 14 15 15 15 15 16 16 16 13 12 12 8 8 9 9 9 8
 1 1 1 2 2 2 7 7 8 8 7 6 6 7 7 7 7 7 8 7 7 6 5 5 4 4 4 8 8 15 16 16 16 16 15 16 16 16 13 13 13 13 11 8 8 9
 1 1 1 2 2 2 7 7 8 8 7 6 6 7 7 7 7 7 8 7 7 6 5 5 4 4 4 8 8 15 16 16 16 16 15 16 16 16 13 13 13 13 11 8 8 9
 1 1 1 2 2 3 8 8 8 8 7 7 7 8 9 9 15 15 16 10 10 10 7 7 6 6 6 8 8 14 15 15 16 16 14 15 15 13 13 13 14 14 10 6 6 7
 2 2 3 3 3 4 5 5 6 6 8 9 9 14 15 15 19 19 21 12 12 10 9 9 8 8 9 10 10 12 18 18 20 20 17 17 17 13 12 12 14 14 13 6 6 4
 2 2 3 3 3 4 5 5 6 6 8 9 9 14 15 15 19 19 21 12 12 10 9 9 8 8 9 10 10 12 18 18 20 20 17 17 17 13 12 12 14 14 13 6 6 4
 3 3 4 5 5 5 6 6 8 8 11 11 11 10 10 10 13 13 12 11 11 11 11 11 10 10 11 11 11 11 17 17 20 20 16 18 18 16 15 15 12 12 9 4 4 2
 4 4 6 8 8 9 13 13 21 21 19 13 13 10 9 9 10 10 11 12 12 12 13 13 14 14 18 20 20 17 17 17 19 19 17 16 16 13 11 11 8 8 7 5 5 2
 4 4 6 8 8 9 13 13 21 21 19 13 13 10 9 9 10 10 11 12 12 12 13 13 14 14 18 20 20 17 17 17 19 19 17 16 16 13 11 11 8 8 7 5 5 2
 6 6 9 14 14 12 16 16 24 24 23 16 16 11 10 10 13 13 14 13 13 15 17 17 19 19 25 31 31 27 24 24 17 17 15 11 11 11 8 8 7 7 8 7 7 4
 6 6 9 14 14 12 16 16 24 24 23 16 16 11 10 10 13 13 14 13 13 15 17 17 19 19 25 31 31 27 24 24 17 17 15 11 11 11 8 8 7 7 8 7 7 4
 8 8 9 12 12 13 18 18 24 24 23 20 20 14 13 13 16 16 20 17 17 18 20 20 20 20 25 28 28 19 16 16 13 13 14 10 10 10 11 11 11 11 8 5 5 4
 6 6 7 10 10 11 13 13 17 17 23 16 16 16 15 15 14 14 16 17 17 19 22 22 23 23 23 20 20 17 14 14 12 12 9 6 6 8 11 11 12 12 9 5 5 4
 6 6 7 10 10 11 13 13 17 17 23 16 16 16 15 15 14 14 16 17 17 19 22 22 23 23 23 20 20 17 14 14 12 12 9 6 6 8 11 11 12 12 9 5 5 4
 3 3 4 7 7 8 9 9 11 11 18 13 13 14 15 15 15 15 14 13 13 13 13 13 13 13 12 12 12 15 12 12 9 9 8 6 6 5 7 7 6 6 6 3 3 3
 3 3 4 6 6 8 11 11 12 12 11 12 12 12 11 11 11 11 11 10 10 9 9 9 8 8 8 6 6 7 6 6 6 6 6 5 5 4 3 3 3 3 4 2 2 2
