assets/RAT_results/precipitation/2022-05-30_IMERG.asc
ncols        46
nrows        77
xllcorner    74.800261325624
yllcorner    8.058333333333
cellsize     0.062500000000
NODATA_value -9999
 0 0 0 0 0 3 7 7 7 7 5 7 7 6 7 7 9 9 9 9 9 9 6 6 6 6 6 2 2 1 1 1 5 5 3 3 3 3 2 2 2 2 3 1 1 1
 0 0 0 0 0 1 2 2 3 3 5 5 5 7 5 5 5 5 6 7 7 8 10 10 10 10 10 6 6 5 9 9 10 10 7 8 8 9 5 5 4 4 3 1 1 1
 0 0 0 0 0 1 2 2 3 3 5 5 5 7 5 5 5 5 6 7 7 8 10 10 10 10 10 6 6 5 9 9 10 10 7 8 8 9 5 5 4 4 3 1 1 1
 0 0 0 1 1 1 2 2 3 3 6 6 6 7 6 6 6 6 6 9 9 8 10 10 11 11 13 5 5 6 10 10 16 16 15 16 16 23 14 14 12 12 6 2 2 1
 1 1 2 1 1 1 1 1 2 2 4 5 5 6 4 4 4 4 4 4 4 6 6 6 9 9 7 4 4 2 3 3 9 9 7 14 14 17 16 16 17 17 9 4 4 2
 1 1 2 1 1 1 1 1 2 2 4 5 5 6 4 4 4 4 4 4 4 6 6 6 9 9 7 4 4 2 3 3 9 9 7 14 14 17 16 16 17 17 9 4 4 2
 1 1 1 1 1 1 1 1 1 1 3 5 5 8 9 9 5 5 4 5 5 11 7 7 6 6 4 2 2 1 2 2 4 4 6 9 9 12 11 11 17 17 19 9 9 4
 1 1 1 1 1 1 1 1 1 1 3 5 5 8 9 9 5 5 4 5 5 11 7 7 6 6 4 2 2 1 2 2 4 4 6 9 9 12 11 11 17 17 19 9 9 4
 1 1 1 2 2 2 2 2 2 2 5 9 9 11 12 12 6 6 5 8 8 31 6 6 6 6 3 2 2 1 0 0 0 0 0 1 1 15 9 9 3 3 15 16 16 8
 1 1 1 4 4 4 4 4 4 4 3 10 10 20 1 1 2 2 8 16 16 31 9 9 7 7 6 6 6 2 0 0 0 0 0 1 1 1 2 2 4 4 6 7 7 4
 1 1 1 4 4 4 4 4 4 4 3 10 10 20 1 1 2 2 8 16 16 31 9 9 7 7 6 6 6 2 0 0 0 0 0 1 1 1 2 2 4 4 6 7 7 4
 1 1 2 3 3 8 5 5 8 8 7 7 7 1 3 3 1 1 6 5 5 11 9 9 4 4 3 3 3 1 1 1 1 1 1 0 0 1 2 2 4 4 7 6 6 5
 1 1 3 4 4 9 11 11 11 11 11 14 14 7 5 5 2 2 1 4 4 7 13 13 3 3 2 2 2 2 4 4 5 5 4 1 1 1 1 1 4 4 4 4 4 4
 1 1 3 4 4 9 11 11 11 11 11 14 14 7 5 5 2 2 1 4 4 7 13 13 3 3 2 2 2 2 4 4 5 5 4 1 1 1 1 1 4 4 4 4 4 4
 1 1 3 5 5 7 13 13 15 15 19 19 19 15 13 13 8 8 0 3 3 2 3 3 2 2 2 2 2 3 7 7 13 13 14 5 5 2 2 2 1 1 1 2 2 2
 1 1 3 5 5 7 13 13 15 15 19 19 19 15 13 13 8 8 0 3 3 2 3 3 2 2 2 2 2 3 7 7 13 13 14 5 5 2 2 2 1 1 1 2 2 2
 0 0 1 1 1 3 15 15 17 17 20 22 22 29 26 26 12 12 2 1 1 0 1 1 1 1 1 1 1 2 3 3 7 7 8 6 6 3 3 3 1 1 1 1 1 2
 0 0 0 0 0 1 2 2 4 4 13 22 22 39 19 19 16 16 13 4 4 0 1 1 1 1 2 1 1 3 2 2 4 4 4 4 4 2 2 2 2 2 2 2 2 7
 0 0 0 0 0 1 2 2 4 4 13 22 22 39 19 19 16 16 13 4 4 0 1 1 1 1 2 1 1 3 2 2 4 4 4 4 4 2 2 2 2 2 2 2 2 7
 0 0 0 0 0 0 1 1 2 2 6 14 14 17 21 21 24 24 18 5 5 1 4 4 2 2 10 3 3 5 1 1 2 2 3 3 3 3 5 5 3 3 3 7 7 6
 0 0 0 0 0 0 0 0 1 1 2 5 5 9 14 14 16 16 32 10 10 7 5 5 5 5 15 14 14 2 0 0 1 1 2 3 3 3 5 5 5 5 3 4 4 5
 0 0 0 0 0 0 0 0 1 1 2 5 5 9 14 14 16 16 32 10 10 7 5 5 5 5 15 14 14 2 0 0 1 1 2 3 3 3 5 5 5 5 3 4 4 5
 0 0 0 0 0 0 0 0 0 0 1 1 1 4 13 13 16 16 15 10 10 11 9 9 19 19 29 24 24 3 2 2 3 3 3 2 2 2 3 3 3 3 3 3 3 4
 0 0 0 0 0 0 0 0 0 0 1 1 1 4 13 13 16 16 15 10 10 11 9 9 19 19 29 24 24 3 2 2 3 3 3 2 2 2 3 3 3 3 3 3 3 4
 0 0 0 0 0 0 0 0 0 0 0 0 0 1 2 2 6 6 6 12 12 12 8 8 21 21 30 25 25 11 1 1 3 3 2 1 1 1 2 2 2 2 2 2 2 2
 0 0 0 0 0 0 0 0 0 0 0 0 0 1 2 2 1 1 3 5 5 11 7 7 21 21 30 30 30 12 1 1 0 0 0 3 3 2 1 1 2 2 1 1 1 1
 0 0 0 0 0 0 0 0 0 0 0 0 0 1 2 2 1 1 3 5 5 11 7 7 21 21 30 30 30 12 1 1 0 0 0 3 3 2 1 1 2 2 1 1 1 1
 0 0 0 0 0 0 0 0 0 0 0 0 0 1 1 1 1 1 1 2 2 2 13 13 14 14 21 16 16 1 0 0 0 0 3 4 4 9 0 0 0 0 0 0 0 0
 0 0 0 0 0 0 0 0 0 0 0 0 0 0 0 0 0 0 1 1 1 1 3 3 15 15 15 15 15 3 1 1 1 1 0 0 0 1 1 1 0 0 1 1 1 1
 0 0 0 0 0 0 0 0 0 0 0 0 0 0 0 0 0 0 1 1 1 1 3 3 15 15 15 15 15 3 1 1 1 1 0 0 0 1 1 1 0 0 1 1 1 1
 0 0 0 0 0 0 0 0 0 0 0 0 0 0 0 0 0 0 0 0 0 0 0 0 1 1 0 0 0 0 5 5 0 0 0 0 0 0 0 0 0 0 1 2 2 2
 0 0 0 0 0 0 0 0 0 0 0 0 0 0 0 0 0 0 0 0 0 0 0 0 1 1 0 0 0 0 5 5 0 0 0 0 0 0 0 0 0 0 1 2 2 2
 0 0 0 0 0 0 0 0 0 0 0 0 0 0 0 0 0 0 0 0 0 0 0 0 0 0 0 0 0 0 0 0 0 0 0 0 0 0 0 0 0 0 1 1 1 2
 0 0 0 0 0 0 0 0 0 0 0 0 0 0 0 0 0 0 0 0 0 0 0 0 0 0 0 0 0 0 0 0 0 0 0 0 0 0 0 0 0 0 0 1 1 1
 0 0 0 0 0 0 0 0 0 0 0 0 0 0 0 0 0 0 0 0 0 0 0 0 0 0 0 0 0 0 0 0 0 0 0 0 0 0 0 0 0 0 0 1 1 1
 0 0 0 0 0 0 0 0 0 0 0 0 0 0 0 0 0 0 0 0 0 0 0 0 0 0 0 0 0 0 0 0 0 0 0 0 0 0 0 0 0 0 0 0 0 0
 0 0 0 0 0 0 0 0 0 0 0 0 0 0 0 0 0 0 0 0 0 0 0 0 0 0 0 0 0 0 0 0 0 0 0 0 0 0 0 0 0 0 0 0 0 0
 0 0 0 0 0 0 0 0 0 0 0 0 0 0 0 0 0 0 0 0 0 0 0 0 0 0 0 0 0 0 0 0 0 0 0 0 0 0 0 0 0 0 0 0 0 0
 0 0 0 0 0 0 0 0 0 0 0 0 0 0 0 0 0 0 0 0 0 0 0 0 0 0 0 0 0 0 0 0 0 0 0 0 0 0 0 0 0 0 0 0 0 0
 0 0 0 0 0 0 0 0 0 0 0 0 0 0 0 0 0 0 0 0 0 0 0 0 0 0 0 0 0 0 0 0 0 0 0 0 0 0 0 0 0 0 0 0 0 0
 0 0 0 0 0 0 0 0 0 0 0 0 0 0 0 0 0 0 0 0 0 0 0 0 0 0 0 0 0 0 0 0 0 0 0 0 0 0 0 0 0 0 0 2 2 1
 0 0 0 0 0 0 0 0 0 0 0 0 0 0 0 0 0 0 0 0 0 0 0 0 0 0 0 0 0 0 0 0 1 1 1 0 0 1 0 0 3 3 2 3 3 3
 0 0 0 0 0 0 0 0 0 0 0 0 0 0 0 0 0 0 0 0 0 0 0 0 0 0 0 0 0 0 0 0 1 1 1 0 0 1 0 0 3 3 2 3 3 3
 0 0 0 0 0 0 0 0 0 0 0 0 0 0 0 0 0 0 0 0 0 0 0 0 0 0 0 0 0 0 1 1 2 2 1 0 0 0 0 0 0 0 3 2 2 0
 1 1 0 0 0 0 0 0 0 0 0 0 0 0 0 0 0 0 0 0 0 0 0 0 0 0 0 0 0 0 1 1 2 2 1 0 0 0 0 0 0 0 0 0 0 0
 1 1 0 0 0 0 0 0 0 0 0 0 0 0 0 0 0 0 0 0 0 0 0 0 0 0 0 0 0 0 1 1 2 2 1 0 0 0 0 0 0 0 0 0 0 0
 0 0 0 0 0 0 0 0 0 0 0 0 0 0 0 0 0 0 0 0 0 0 0 0 0 0 0 0 0 0 1 1 3 3 2 1 1 1 1 1 1 1 1 0 0 0
 0 0 0 0 0 0 0 0 0 0 0 0 0 0 0 0 0 0 0 0 0 0 0 0 0 0 0 0 0 0 1 1 3 3 2 1 1 1 1 1 1 1 1 0 0 0
 0 0 0 0 0 0 0 0 0 0 0 0 0 0 0 0 0 0 0 0 0 0 0 0 0 0 0 0 0 0 0 0 1 1 1 1 1 2 2 2 2 2 2 1 1 1
 0 0 0 0 0 0 0 0 0 0 0 0 0 0 0 0 0 0 0 0 0 0 0 0 0 0 0 0 0 0 0 0 0 0 1 2 2 2 2 2 3 3 4 2 2 4
 0 0 0 0 0 0 0 0 0 0 0 0 0 0 0 0 0 0 0 0 0 0 0 0 0 0 0 0 0 0 0 0 0 0 1 2 2 2 2 2 3 3 4 2 2 4
 0 0 0 0 0 0 0 0 0 0 0 0 0 0 0 0 0 0 0 0 0 0 0 0 0 0 0 0 0 0 0 0 0 0 1 1 1 2 2 2 3 3 3 3 3 5
 0 0 0 0 0 0 0 0 0 0 0 0 0 0 0 0 0 0 0 0 0 0 0 0 0 0 0 0 0 0 0 0 0 0 0 1 1 1 1 1 2 2 2 2 2 3
 0 0 0 0 0 0 0 0 0 0 0 0 0 0 0 0 0 0 0 0 0 0 0 0 0 0 0 0 0 0 0 0 0 0 0 1 1 1 1 1 2 2 2 2 2 3
 0 0 0 0 0 0 0 0 0 0 0 0 0 0 0 0 0 0 0 0 0 0 0 0 0 0 0 0 0 0 0 0 0 0 0 0 0 0 0 0 1 1 1 1 1 1
 0 0 0 0 0 0 0 0 0 0 0 0 0 0 0 0 0 0 0 0 0 0 0 0 0 0 0 0 0 0 0 0 0 0 0 0 0 0 0 0 1 1 1 1 1 1
 0 0 0 0 0 0 0 0 0 0 0 0 0 0 1 1 2 2 3 1 1 1 1 1 0 0 0 0 0 0 0 0 0 0 0 0 0 0 1 1 1 1 1 1 1 0
 0 0 1 0 0 0 0 0 0 0 0 0 0 0 0 0 1 1 1 1 1 1 0 0 0 0 0 0 0 0 0 0 0 0 0 0 0 0 0 0 1 1 1 0 0 1
 0 0 1 0 0 0 0 0 0 0 0 0 0 0 0 0 1 1 1 1 1 1 0 0 0 0 0 0 0 0 0 0 0 0 0 0 0 0 0 0 1 1 1 0 0 1
 0 0 0 1 1 0 0 0 0 0 0 0 0 0 0 0 0 0 0 0 0 0 0 0 0 0 0 0 0 0 0 0 0 0 0 0 0 0 0 0 0 0 0 0 0 0
 0 0 0 1 1 1 0 0 0 0 0 0 0 0 1 1 1 1 3 1 1 0 0 0 0 0 0 0 0 0 0 0 0 0 0 0 0 0 0 0 0 0 0 0 0 0
 0 0 0 1 1 1 0 0 0 0 0 0 0 0 1 1 1 1 3 1 1 0 0 0 0 0 0 0 0 0 0 0 0 0 0 0 0 0 0 0 0 0 0 0 0 0
 1 1 0 1 1 0 0 0 0 0 0 0 0 0 0 0 1 1 3 0 0 0 0 0 0 0 0 0 0 0 0 0 0 0 1 2 2 1 0 0 0 0 0 0 0 0
 1 1 0 1 1 0 0 0 0 0 0 0 0 0 0 0 1 1 3 0 0 0 0 0 0 0 0 0 0 0 0 0 0 0 1 2 2 1 0 0 0 0 0 0 0 0
 1 1 1 0 0 1 0 0 0 0 0 0 0 0 0 0 0 0 0 0 0 0 0 0 0 0 0 0 0 0 0 0 0 0 2 4 4 1 3 3 0 0 0 0 0 0
 4 4 3 5 5 1 0 0 0 0 0 0 0 0 0 0 0 0 0 0 0 0 0 0 0 0 0 0 0 1 1 1 1 1 1 1 1 0 4 4 0 0 0 0 0 0
 4 4 3 5 5 1 0 0 0 0 0 0 0 0 0 0 0 0 0 0 0 0 0 0 0 0 0 0 0 1 1 1 1 1 1 1 1 0 4 4 0 0 0 0 0 0
 6 6 4 6 6 4 2 2 3 3 1 0 0 0 0 0 0 0 0 0 0 0 0 0 0 0 0 0 0 2 9 9 5 5 2 1 1 1 0 0 0 0 0 0 0 0
 10 10 5 4 4 5 4 4 4 4 4 4 4 3 3 3 2 2 1 1 1 1 1 1 0 0 0 0 0 0 1 1 2 2 2 2 2 2 0 0 0 0 0 0 0 0
 10 10 5 4 4 5 4 4 4 4 4 4 4 3 3 3 2 2 1 1 1 1 1 1 0 0 0 0 0 0 1 1 2 2 2 2 2 2 0 0 0 0 0 0 0 0
 14 14 11 8 8 8 7 7 4 4 3 2 2 3 4 4 3 3 3 2 2 1 1 1 0 0 0 0 0 0 1 1 2 2 4 2 2 3 1 1 0 0 2 2 2 0
 14 14 11 8 8 8 7 7 4 4 3 2 2 3 4 4 3 3 3 2 2 1 1 1 0 0 0 0 0 0 1 1 2 2 4 2 2 3 1 1 0 0 2 2 2 0
 8 8 9 9 9 8 7 7 4 4 2 2 2 3 3 3 4 4 4 5 5 2 1 1 0 0 0 1 1 1 3 3 3 3 7 7 7 3 1 1 0 0 0 2 2 0
 3 3 5 4 4 5 7 7 4 4 3 3 3 4 2 2 2 2 2 3 3 2 3 3 3 3 3 1 1 2 2 2 3 3 3 3 3 4 2 2 1 1 0 0 0 0
 3 3 5 4 4 5 7 7 4 4 3 3 3 4 2 2 2 2 2 3 3 2 3 3 3 3 3 1 1 2 2 2 3 3 3 3 3 4 2 2 1 1 0 0 0 0
 4 4 3 3 3 5 7 7 7 7 5 4 4 3 2 2 2 2 2 2 2 4 4 4 4 4 3 3 3 3 3 3 3 3 2 5 5 1 0 0 1 1 0 0 0 0
 4 4 4 5 5 7 9 9 10 10 8 5 5 2 3 3 3 3 3 3 3 4 5 5 4 4 3 3 3 8 5 5 4 4 2 1 1 1 0 0 0 0 0 0 0 0
