assets/RAT_results/precipitation/2022-08-27_IMERG.asc
ncols        46
nrows        77
xllcorner    74.800261325624
yllcorner    8.058333333333
cellsize     0.062500000000
NODATA_value -9999
 44 44 35 14 14 10 7 7 6 6 7 11 11 14 14 14 17 17 19 35 35 33 36 36 28 28 44 49 49 43 46 46 45 45 41 34 34 30 27 27 28 28 28 24 24 28
 42 42 44 39 39 20 21 21 17 17 16 10 10 10 12 12 20 20 26 33 33 36 36 36 39 39 46 41 41 37 49 49 43 43 41 31 31 29 36 36 35 35 36 22 22 30
 42 42 44 39 39 20 21 21 17 17 16 10 10 10 12 12 20 20 26 33 33 36 36 36 39 39 46 41 41 37 49 49 43 43 41 31 31 29 36 36 35 35 36 22 22 30
 41 41 42 38 38 33 31 31 37 37 33 25 25 13 15 15 17 17 22 26 26 36 28 28 30 30 32 35 35 43 43 43 39 39 27 22 22 22 36 36 31 31 29 22 22 26
 48 48 43 45 45 42 42 42 38 38 34 28 28 15 19 19 16 16 18 15 15 20 22 22 28 28 40 33 33 33 31 31 26 26 23 19 19 20 19 19 18 18 16 20 20 22
 48 48 43 45 45 42 42 42 38 38 34 28 28 15 19 19 16 16 18 15 15 20 22 22 28 28 40 33 33 33 31 31 26 26 23 19 19 20 19 19 18 18 16 20 20 22
 50 50 57 44 44 40 38 38 26 26 19 17 17 18 24 24 21 21 16 13 13 14 17 17 27 27 34 24 24 21 19 19 18 18 16 16 16 17 19 19 17 17 18 15 15 14
 50 50 57 44 44 40 38 38 26 26 19 17 17 18 24 24 21 21 16 13 13 14 17 17 27 27 34 24 24 21 19 19 18 18 16 16 16 17 19 19 17 17 18 15 15 14
 56 56 54 37 37 38 36 36 22 22 15 14 14 17 18 18 15 15 14 12 12 12 12 12 16 16 22 12 12 11 8 8 8 8 11 9 9 9 9 9 11 11 10 11 11 12
 60 60 45 42 42 34 34 34 19 19 15 14 14 24 14 14 16 16 20 12 12 10 11 11 14 14 16 10 10 6 6 6 6 6 5 5 5 5 6 6 9 9 8 6 6 7
 60 60 45 42 42 34 34 34 19 19 15 14 14 24 14 14 16 16 20 12 12 10 11 11 14 14 16 10 10 6 6 6 6 6 5 5 5 5 6 6 9 9 8 6 6 7
 48 48 40 42 42 27 23 23 25 25 17 15 15 24 16 16 14 14 16 13 13 15 14 14 15 15 12 6 6 3 2 2 3 3 3 3 3 4 5 5 7 7 5 3 3 3
 31 31 29 27 27 20 21 21 23 23 20 15 15 21 20 20 18 18 19 16 16 15 13 13 12 12 6 3 3 2 2 2 3 3 2 2 2 3 5 5 6 6 3 2 2 2
 31 31 29 27 27 20 21 21 23 23 20 15 15 21 20 20 18 18 19 16 16 15 13 13 12 12 6 3 3 2 2 2 3 3 2 2 2 3 5 5 6 6 3 2 2 2
 18 18 26 24 24 17 19 19 21 21 25 23 23 19 17 17 20 20 11 6 6 10 11 11 3 3 3 3 3 3 2 2 1 1 1 2 2 2 3 3 3 3 2 1 1 2
 18 18 26 24 24 17 19 19 21 21 25 23 23 19 17 17 20 20 11 6 6 10 11 11 3 3 3 3 3 3 2 2 1 1 1 2 2 2 3 3 3 3 2 1 1 2
 18 18 16 17 17 17 25 25 18 18 20 16 16 24 22 22 12 12 9 7 7 7 2 2 1 1 1 2 2 4 4 4 2 2 2 2 2 3 6 6 2 2 2 1 1 0
 13 13 15 19 19 16 13 13 11 11 15 18 18 21 17 17 14 14 24 11 11 7 6 6 1 1 1 1 1 2 2 2 1 1 2 3 3 3 6 6 2 2 1 0 0 1
 13 13 15 19 19 16 13 13 11 11 15 18 18 21 17 17 14 14 24 11 11 7 6 6 1 1 1 1 1 2 2 2 1 1 2 3 3 3 6 6 2 2 1 0 0 1
 27 27 14 14 14 15 10 10 9 9 10 17 17 25 21 21 22 22 29 11 11 8 3 3 5 5 7 6 6 1 1 1 1 1 1 2 2 3 3 3 2 2 1 0 0 0
 26 26 11 13 13 12 11 11 10 10 15 21 21 23 22 22 20 20 19 15 15 17 10 10 3 3 8 3 3 3 3 3 2 2 3 2 2 2 2 2 1 1 1 0 0 0
 26 26 11 13 13 12 11 11 10 10 15 21 21 23 22 22 20 20 19 15 15 17 10 10 3 3 8 3 3 3 3 3 2 2 3 2 2 2 2 2 1 1 1 0 0 0
 24 24 10 10 10 10 10 10 13 13 13 11 11 30 30 30 28 28 19 18 18 31 19 19 9 9 5 4 4 6 4 4 5 5 4 3 3 2 1 1 2 2 2 1 1 1
 24 24 10 10 10 10 10 10 13 13 13 11 11 30 30 30 28 28 19 18 18 31 19 19 9 9 5 4 4 6 4 4 5 5 4 3 3 2 1 1 2 2 2 1 1 1
 27 27 6 8 8 8 9 9 11 11 12 11 11 19 20 20 20 20 19 21 21 35 28 28 15 15 5 3 3 4 5 5 6 6 5 5 5 3 3 3 2 2 4 1 1 1
 6 6 6 7 7 9 10 10 10 10 10 7 7 5 11 11 12 12 11 15 15 18 14 14 8 8 4 3 3 4 3 3 6 6 11 11 11 3 3 3 1 1 1 1 1 1
 6 6 6 7 7 9 10 10 10 10 10 7 7 5 11 11 12 12 11 15 15 18 14 14 8 8 4 3 3 4 3 3 6 6 11 11 11 3 3 3 1 1 1 1 1 1
 4 4 5 5 5 7 7 7 6 6 6 5 5 3 3 3 7 7 9 7 7 8 6 6 5 5 5 4 4 4 3 3 6 6 10 9 9 4 3 3 3 3 1 0 0 0
 5 5 4 6 6 6 5 5 4 4 6 4 4 4 3 3 8 8 9 5 5 6 5 5 5 5 5 5 5 6 5 5 9 9 12 4 4 4 5 5 3 3 1 1 1 1
 5 5 4 6 6 6 5 5 4 4 6 4 4 4 3 3 8 8 9 5 5 6 5 5 5 5 5 5 5 6 5 5 9 9 12 4 4 4 5 5 3 3 1 1 1 1
 4 4 3 5 5 5 5 5 3 3 3 2 2 3 1 1 3 3 3 2 2 2 2 2 3 3 3 4 4 6 4 4 4 4 2 3 3 2 3 3 2 2 2 0 0 1
 4 4 3 5 5 5 5 5 3 3 3 2 2 3 1 1 3 3 3 2 2 2 2 2 3 3 3 4 4 6 4 4 4 4 2 3 3 2 3 3 2 2 2 0 0 1
 2 2 3 4 4 4 5 5 2 2 2 2 2 1 1 1 2 2 3 2 2 2 2 2 2 2 3 1 1 1 3 3 1 1 1 1 1 1 1 1 1 1 1 0 0 0
 1 1 3 3 3 4 5 5 2 2 2 2 2 2 1 1 0 0 2 2 2 2 2 2 2 2 2 1 1 1 1 1 1 1 1 1 1 1 1 1 1 1 1 0 0 0
 1 1 3 3 3 4 5 5 2 2 2 2 2 2 1 1 0 0 2 2 2 2 2 2 2 2 2 1 1 1 1 1 1 1 1 1 1 1 1 1 1 1 1 0 0 0
 2 2 3 5 5 3 5 5 2 2 3 3 3 2 2 2 0 0 2 2 2 2 2 2 1 1 1 1 1 1 1 1 1 1 1 0 0 1 1 1 1 1 1 0 0 0
 3 3 4 7 7 5 5 5 3 3 4 5 5 4 3 3 1 1 1 3 3 4 4 4 2 2 1 1 1 1 1 1 1 1 2 1 1 1 2 2 1 1 1 0 0 0
 3 3 4 7 7 5 5 5 3 3 4 5 5 4 3 3 1 1 1 3 3 4 4 4 2 2 1 1 1 1 1 1 1 1 2 1 1 1 2 2 1 1 1 0 0 0
 2 2 2 4 4 4 4 4 3 3 3 5 5 5 5 5 3 3 2 4 4 6 5 5 3 3 2 1 1 1 2 2 1 1 4 3 3 2 4 4 3 3 7 2 2 1
 2 2 2 4 4 4 4 4 3 3 3 5 5 5 5 5 3 3 2 4 4 6 5 5 3 3 2 1 1 1 2 2 1 1 4 3 3 2 4 4 3 3 7 2 2 1
 2 2 2 2 2 3 3 3 3 3 4 3 3 3 3 3 2 2 3 4 4 4 4 4 3 3 2 1 1 1 2 2 4 4 2 11 11 12 6 6 8 8 6 2 2 1
 2 2 1 1 1 1 2 2 1 1 2 1 1 1 1 1 2 2 3 2 2 2 2 2 3 3 2 1 1 1 5 5 8 8 11 14 14 14 13 13 20 20 10 4 4 2
 2 2 1 1 1 1 2 2 1 1 2 1 1 1 1 1 2 2 3 2 2 2 2 2 3 3 2 1 1 1 5 5 8 8 11 14 14 14 13 13 20 20 10 4 4 2
 3 3 2 2 2 1 1 1 1 1 0 0 0 0 1 1 2 2 2 3 3 2 4 4 6 6 5 6 6 5 7 7 11 11 26 21 21 37 25 25 20 20 13 12 12 3
 2 2 2 2 2 1 1 1 1 1 0 0 0 0 0 0 0 0 0 2 2 2 14 14 18 18 20 13 13 19 20 20 20 20 30 23 23 30 36 36 29 29 18 14 14 7
 2 2 2 2 2 1 1 1 1 1 0 0 0 0 0 0 0 0 0 2 2 2 14 14 18 18 20 13 13 19 20 20 20 20 30 23 23 30 36 36 29 29 18 14 14 7
 3 3 3 3 3 3 2 2 2 2 1 1 1 1 0 0 2 2 2 10 10 15 18 18 23 23 20 13 13 19 17 17 28 28 26 23 23 25 28 28 25 25 9 6 6 6
 3 3 3 3 3 3 2 2 2 2 1 1 1 1 0 0 2 2 2 10 10 15 18 18 23 23 20 13 13 19 17 17 28 28 26 23 23 25 28 28 25 25 9 6 6 6
 3 3 4 5 5 5 6 6 4 4 4 5 5 5 5 5 3 3 3 16 16 18 19 19 24 24 27 14 14 26 27 27 25 25 15 14 14 14 14 14 7 7 6 3 3 3
 7 7 8 12 12 14 14 14 9 9 7 7 7 7 6 6 5 5 7 6 6 21 27 27 30 30 31 12 12 19 24 24 20 20 16 16 16 6 2 2 2 2 1 1 1 1
 7 7 8 12 12 14 14 14 9 9 7 7 7 7 6 6 5 5 7 6 6 21 27 27 30 30 31 12 12 19 24 24 20 20 16 16 16 6 2 2 2 2 1 1 1 1
 17 17 13 16 16 17 14 14 12 12 11 10 10 9 10 10 9 9 8 8 8 13 21 21 28 28 30 24 24 20 23 23 17 17 9 9 9 8 4 4 3 3 2 1 1 2
 29 29 14 14 14 14 13 13 13 13 14 15 15 16 19 19 16 16 14 14 14 13 22 22 32 32 34 17 17 13 15 15 14 14 14 13 13 13 14 14 8 8 5 4 4 3
 29 29 14 14 14 14 13 13 13 13 14 15 15 16 19 19 16 16 14 14 14 13 22 22 32 32 34 17 17 13 15 15 14 14 14 13 13 13 14 14 8 8 5 4 4 3
 18 18 13 9 9 10 10 10 12 12 15 16 16 21 27 27 25 25 22 21 21 16 16 16 30 30 28 25 25 22 21 21 22 22 23 22 22 24 22 22 20 20 16 13 13 10
 18 18 13 9 9 10 10 10 12 12 15 16 16 21 27 27 25 25 22 21 21 16 16 16 30 30 28 25 25 22 21 21 22 22 23 22 22 24 22 22 20 20 16 13 13 10
 6 6 6 5 5 6 7 7 9 9 13 14 14 19 27 27 30 30 30 26 26 29 29 29 23 23 21 20 20 19 20 20 21 21 22 23 23 24 23 23 21 21 17 14 14 12
 30 30 18 3 3 5 5 5 9 9 11 12 12 14 21 21 30 30 32 27 27 24 21 21 20 20 16 15 15 15 14 14 15 15 17 17 17 15 16 16 16 16 12 9 9 7
 30 30 18 3 3 5 5 5 9 9 11 12 12 14 21 21 30 30 32 27 27 24 21 21 20 20 16 15 15 15 14 14 15 15 17 17 17 15 16 16 16 16 12 9 9 7
 30 30 17 3 3 5 7 7 11 11 15 16 16 19 18 18 29 29 33 39 39 42 27 27 26 26 19 11 11 11 10 10 10 10 11 11 11 11 11 11 11 11 9 6 6 5
 31 31 16 3 3 4 5 5 10 10 13 13 13 17 19 19 29 29 32 41 41 39 38 38 20 20 20 18 18 12 9 9 9 9 9 9 9 9 8 8 9 9 7 5 5 4
 31 31 16 3 3 4 5 5 10 10 13 13 13 17 19 19 29 29 32 41 41 39 38 38 20 20 20 18 18 12 9 9 9 9 9 9 9 9 8 8 9 9 7 5 5 4
 20 20 17 5 5 5 4 4 7 7 8 12 12 19 28 28 30 30 37 41 41 39 44 44 30 30 26 23 23 13 12 12 10 10 9 8 8 8 8 8 6 6 5 3 3 3
 20 20 17 5 5 5 4 4 7 7 8 12 12 19 28 28 30 30 37 41 41 39 44 44 30 30 26 23 23 13 12 12 10 10 9 8 8 8 8 8 6 6 5 3 3 3
 28 28 26 26 26 19 15 15 15 15 14 12 12 14 24 24 24 24 33 37 37 43 39 39 33 33 27 21 21 13 13 13 12 12 8 8 8 8 7 7 5 5 3 1 1 1
 33 33 35 24 24 20 16 16 17 17 17 19 19 17 17 17 19 19 25 28 28 36 35 35 33 33 29 23 23 13 13 13 11 11 6 5 5 4 4 4 3 3 2 1 1 0
 33 33 35 24 24 20 16 16 17 17 17 19 19 17 17 17 19 19 25 28 28 36 35 35 33 33 29 23 23 13 13 13 11 11 6 5 5 4 4 4 3 3 2 1 1 0
 37 37 38 37 37 38 37 37 37 37 31 21 21 19 17 17 16 16 19 18 18 31 39 39 33 33 23 7 7 6 8 8 8 8 3 2 2 2 2 2 2 2 1 1 1 1
 46 46 45 43 43 39 34 34 32 32 20 21 21 20 17 17 18 18 18 17 17 29 34 34 38 38 23 7 7 5 5 5 1 1 3 3 3 3 2 2 1 1 1 0 0 0
 46 46 45 43 43 39 34 34 32 32 20 21 21 20 17 17 18 18 18 17 17 29 34 34 38 38 23 7 7 5 5 5 1 1 3 3 3 3 2 2 1 1 1 0 0 0
 42 42 46 43 43 38 27 27 18 18 16 15 15 14 15 15 16 16 17 18 18 17 28 28 29 29 19 8 8 6 6 6 2 2 4 4 4 3 2 2 1 1 1 2 2 0
 42 42 46 43 43 38 27 27 18 18 16 15 15 14 15 15 16 16 17 18 18 17 28 28 29 29 19 8 8 6 6 6 2 2 4 4 4 3 2 2 1 1 1 2 2 0
 40 40 34 36 36 40 39 39 23 23 19 15 15 14 15 15 15 15 16 16 16 19 24 24 25 25 19 7 7 7 9 9 2 2 4 5 5 5 2 2 1 1 1 1 1 1
 34 34 36 34 34 36 41 41 28 28 28 26 26 26 27 27 20 20 22 23 23 18 15 15 25 25 7 6 6 6 7 7 6 6 5 2 2 3 2 2 2 2 2 2 2 4
 34 34 36 34 34 36 41 41 28 28 28 26 26 26 27 27 20 20 22 23 23 18 15 15 25 25 7 6 6 6 7 7 6 6 5 2 2 3 2 2 2 2 2 2 2 4
 41 41 40 42 42 43 42 42 40 40 39 31 31 34 34 34 37 37 36 24 24 19 18 18 18 18 8 7 7 7 8 8 6 6 5 5 5 1 3 3 6 6 5 3 3 3
 46 46 44 44 44 38 37 37 37 37 37 35 35 38 38 38 39 39 39 26 26 19 19 19 18 18 7 8 8 6 8 8 9 9 10 10 10 4 3 3 2 2 4 1 1 1
