assets/RAT_results/precipitation/2022-11-02_IMERG.asc
ncols        46
nrows        77
xllcorner    74.800261325624
yllcorner    8.058333333333
cellsize     0.062500000000
NODATA_value -9999
 0 0 0 0 0 1 0 0 0 0 0 0 0 0 0 0 0 0 0 0 0 0 0 0 0 0 0 0 0 0 0 0 0 0 1 0 0 0 1 1 1 1 1 1 1 1
 13 13 2 1 1 2 1 1 1 1 1 0 0 0 0 0 0 0 0 0 0 0 0 0 0 0 0 0 0 0 0 0 0 0 2 2 2 1 1 1 0 0 1 1 1 1
 13 13 2 1 1 2 1 1 1 1 1 0 0 0 0 0 0 0 0 0 0 0 0 0 0 0 0 0 0 0 0 0 0 0 2 2 2 1 1 1 0 0 1 1 1 1
 13 13 2 2 2 4 4 4 2 2 2 1 1 0 0 0 0 0 0 0 0 0 0 0 0 0 0 0 0 0 0 0 0 0 1 1 1 1 1 1 1 1 1 1 1 1
 30 30 4 4 4 12 8 8 4 4 4 3 3 1 0 0 0 0 0 0 0 0 0 0 0 0 0 0 0 0 0 0 0 0 0 1 1 1 3 3 1 1 1 1 1 1
 30 30 4 4 4 12 8 8 4 4 4 3 3 1 0 0 0 0 0 0 0 0 0 0 0 0 0 0 0 0 0 0 0 0 0 1 1 1 3 3 1 1 1 1 1 1
 28 28 3 4 4 7 3 3 2 2 3 2 2 6 1 1 1 1 0 0 0 0 0 0 0 0 0 0 0 0 0 0 0 0 0 0 0 1 1 1 1 1 1 1 1 0
 28 28 3 4 4 7 3 3 2 2 3 2 2 6 1 1 1 1 0 0 0 0 0 0 0 0 0 0 0 0 0 0 0 0 0 0 0 1 1 1 1 1 1 1 1 0
 21 21 5 5 5 2 2 2 4 4 4 6 6 6 2 2 1 1 0 0 0 0 0 0 0 0 0 0 0 0 0 0 0 0 0 0 0 1 1 1 1 1 1 2 2 2
 41 41 44 3 3 2 2 2 4 4 4 9 9 9 2 2 1 1 0 0 0 0 0 0 0 0 0 0 0 0 0 0 0 0 0 0 0 0 1 1 1 1 5 2 2 3
 41 41 44 3 3 2 2 2 4 4 4 9 9 9 2 2 1 1 0 0 0 0 0 0 0 0 0 0 0 0 0 0 0 0 0 0 0 0 1 1 1 1 5 2 2 3
 44 44 46 6 6 4 5 5 9 9 11 12 12 10 2 2 2 2 0 0 0 0 0 0 0 0 0 0 0 0 0 0 0 0 0 0 0 0 0 0 0 0 1 1 1 1
 15 15 12 6 6 13 4 4 14 14 23 22 22 18 6 6 3 3 3 0 0 0 0 0 0 0 0 0 0 0 0 0 0 0 0 0 0 0 0 0 0 0 1 1 1 1
 15 15 12 6 6 13 4 4 14 14 23 22 22 18 6 6 3 3 3 0 0 0 0 0 0 0 0 0 0 0 0 0 0 0 0 0 0 0 0 0 0 0 1 1 1 1
 11 11 9 17 17 17 11 11 17 17 28 33 33 44 29 29 9 9 4 0 0 0 0 0 0 0 0 0 0 0 0 0 0 0 0 0 0 0 0 0 0 0 0 0 0 1
 11 11 9 17 17 17 11 11 17 17 28 33 33 44 29 29 9 9 4 0 0 0 0 0 0 0 0 0 0 0 0 0 0 0 0 0 0 0 0 0 0 0 0 0 0 1
 7 7 6 18 18 30 35 35 28 28 40 47 47 40 25 25 7 7 2 0 0 0 0 0 0 0 0 0 0 0 0 0 0 0 0 0 0 0 0 0 0 0 0 0 0 1
 10 10 9 10 10 28 32 32 35 35 43 50 50 37 23 23 4 4 2 1 1 0 0 0 0 0 0 0 0 0 0 0 0 0 0 0 0 0 0 0 0 0 0 0 0 1
 10 10 9 10 10 28 32 32 35 35 43 50 50 37 23 23 4 4 2 1 1 0 0 0 0 0 0 0 0 0 0 0 0 0 0 0 0 0 0 0 0 0 0 0 0 1
 7 7 10 9 9 28 64 64 66 66 37 42 42 33 23 23 20 20 4 2 2 1 1 1 0 0 0 0 0 0 0 0 0 0 0 0 0 1 0 0 0 0 1 0 0 0
 6 6 8 7 7 27 4 4 27 27 30 22 22 26 23 23 23 23 7 15 15 9 11 11 2 2 0 0 0 0 0 0 0 0 0 1 1 1 0 0 0 0 0 0 0 0
 6 6 8 7 7 27 4 4 27 27 30 22 22 26 23 23 23 23 7 15 15 9 11 11 2 2 0 0 0 0 0 0 0 0 0 1 1 1 0 0 0 0 0 0 0 0
 2 2 8 9 9 4 5 5 24 24 27 12 12 10 15 15 16 16 19 17 17 9 9 9 2 2 2 0 0 0 0 0 0 0 0 1 1 2 1 1 0 0 0 0 0 0
 2 2 8 9 9 4 5 5 24 24 27 12 12 10 15 15 16 16 19 17 17 9 9 9 2 2 2 0 0 0 0 0 0 0 0 1 1 2 1 1 0 0 0 0 0 0
 2 2 13 12 12 6 4 4 4 4 4 8 8 8 8 8 15 15 32 40 40 25 20 20 3 3 2 0 0 0 0 0 1 1 0 0 0 1 1 1 0 0 1 1 1 0
 2 2 8 15 15 9 5 5 1 1 3 3 3 4 9 9 24 24 25 46 46 29 16 16 8 8 8 9 9 9 1 1 1 1 0 0 0 0 1 1 0 0 0 2 2 1
 2 2 8 15 15 9 5 5 1 1 3 3 3 4 9 9 24 24 25 46 46 29 16 16 8 8 8 9 9 9 1 1 1 1 0 0 0 0 1 1 0 0 0 2 2 1
 1 1 5 11 11 9 4 4 3 3 4 4 4 5 11 11 20 20 27 44 44 25 16 16 1 1 12 12 12 17 4 4 4 4 0 0 0 0 0 0 0 0 0 0 0 0
 0 0 3 9 9 11 5 5 7 7 5 39 39 35 10 10 19 19 28 41 41 28 11 11 5 5 13 12 12 22 2 2 4 4 1 0 0 0 0 0 0 0 0 0 0 0
 0 0 3 9 9 11 5 5 7 7 5 39 39 35 10 10 19 19 28 41 41 28 11 11 5 5 13 12 12 22 2 2 4 4 1 0 0 0 0 0 0 0 0 0 0 0
 1 1 3 9 9 11 8 8 6 6 5 10 10 68 47 47 33 33 20 28 28 25 11 11 7 7 12 7 7 8 3 3 2 2 4 1 1 0 0 0 0 0 0 0 0 0
 1 1 3 9 9 11 8 8 6 6 5 10 10 68 47 47 33 33 20 28 28 25 11 11 7 7 12 7 7 8 3 3 2 2 4 1 1 0 0 0 0 0 0 0 0 0
 3 3 5 10 10 6 4 4 6 6 8 9 9 69 47 47 32 32 8 10 10 10 8 8 7 7 13 7 7 17 16 16 2 2 6 4 4 1 0 0 1 1 0 0 0 0
 5 5 4 4 4 6 4 4 6 6 2 5 5 8 8 8 5 5 9 9 9 10 11 11 11 11 20 33 33 29 15 15 1 1 3 2 2 4 0 0 0 0 0 0 0 1
 5 5 4 4 4 6 4 4 6 6 2 5 5 8 8 8 5 5 9 9 9 10 11 11 11 11 20 33 33 29 15 15 1 1 3 2 2 4 0 0 0 0 0 0 0 1
 5 5 3 3 3 4 4 4 3 3 2 5 5 8 7 7 1 1 4 4 4 4 12 12 12 12 26 45 45 40 23 23 23 23 2 4 4 4 1 1 0 0 0 0 0 0
 2 2 3 4 4 11 5 5 5 5 4 2 2 3 6 6 1 1 2 5 5 5 5 5 16 16 28 46 46 41 26 26 13 13 1 1 1 1 1 1 1 1 1 1 1 1
 2 2 3 4 4 11 5 5 5 5 4 2 2 3 6 6 1 1 2 5 5 5 5 5 16 16 28 46 46 41 26 26 13 13 1 1 1 1 1 1 1 1 1 1 1 1
 2 2 5 7 7 12 6 6 7 7 5 4 4 4 4 4 3 3 2 6 6 7 7 7 14 14 17 31 31 29 19 19 12 12 3 0 0 0 0 0 9 9 9 1 1 1
 2 2 5 7 7 12 6 6 7 7 5 4 4 4 4 4 3 3 2 6 6 7 7 7 14 14 17 31 31 29 19 19 12 12 3 0 0 0 0 0 9 9 9 1 1 1
 2 2 6 7 7 13 9 9 10 10 8 6 6 7 7 7 7 7 7 11 11 11 12 12 17 17 19 38 38 38 30 30 5 5 4 0 0 1 4 4 12 12 13 18 18 25
 2 2 3 4 4 5 4 4 10 10 7 6 6 8 10 10 12 12 12 10 10 18 27 27 27 27 40 46 46 41 35 35 12 12 13 1 1 1 20 20 28 28 29 31 31 38
 2 2 3 4 4 5 4 4 10 10 7 6 6 8 10 10 12 12 12 10 10 18 27 27 27 27 40 46 46 41 35 35 12 12 13 1 1 1 20 20 28 28 29 31 31 38
 1 1 2 3 3 4 4 4 4 4 4 5 5 7 11 11 12 12 9 7 7 19 26 26 25 25 57 58 58 61 51 51 32 32 23 3 3 7 11 11 26 26 37 37 37 44
 1 1 2 5 5 5 6 6 6 6 4 4 4 5 8 8 9 9 9 14 14 13 49 49 47 47 47 64 64 61 49 49 51 51 36 8 8 6 10 10 13 13 20 23 23 59
 1 1 2 5 5 5 6 6 6 6 4 4 4 5 8 8 9 9 9 14 14 13 49 49 47 47 47 64 64 61 49 49 51 51 36 8 8 6 10 10 13 13 20 23 23 59
 1 1 1 3 3 3 6 6 6 6 3 3 3 3 4 4 7 7 6 4 4 4 11 11 23 23 27 45 45 52 58 58 68 68 34 14 14 14 7 7 12 12 10 22 22 45
 1 1 1 3 3 3 6 6 6 6 3 3 3 3 4 4 7 7 6 4 4 4 11 11 23 23 27 45 45 52 58 58 68 68 34 14 14 14 7 7 12 12 10 22 22 45
 0 0 1 3 3 3 6 6 6 6 3 3 3 2 3 3 8 8 7 3 3 2 4 4 13 13 17 29 29 29 48 48 49 49 35 27 27 19 7 7 11 11 12 20 20 48
 0 0 0 1 1 2 2 2 6 6 2 2 2 1 2 2 6 6 9 7 7 2 1 1 3 3 3 21 21 26 43 43 43 43 15 27 27 14 6 6 4 4 5 14 14 19
 0 0 0 1 1 2 2 2 6 6 2 2 2 1 2 2 6 6 9 7 7 2 1 1 3 3 3 21 21 26 43 43 43 43 15 27 27 14 6 6 4 4 5 14 14 19
 0 0 0 0 0 2 2 2 2 2 2 1 1 1 1 1 2 2 5 8 8 4 1 1 3 3 1 14 14 30 33 33 21 21 13 19 19 12 7 7 7 7 4 13 13 16
 0 0 0 0 0 0 1 1 1 1 1 1 1 1 1 1 1 1 1 1 1 1 0 0 1 1 1 14 14 1 3 3 4 4 3 3 3 4 8 8 12 12 6 9 9 9
 0 0 0 0 0 0 1 1 1 1 1 1 1 1 1 1 1 1 1 1 1 1 0 0 1 1 1 14 14 1 3 3 4 4 3 3 3 4 8 8 12 12 6 9 9 9
 1 1 1 1 1 0 1 1 1 1 2 1 1 1 1 1 1 1 1 1 1 0 1 1 1 1 2 1 1 2 3 3 5 5 6 5 5 5 5 5 10 10 8 16 16 17
 1 1 1 1 1 0 1 1 1 1 2 1 1 1 1 1 1 1 1 1 1 0 1 1 1 1 2 1 1 2 3 3 5 5 6 5 5 5 5 5 10 10 8 16 16 17
 4 4 4 7 7 3 1 1 1 1 1 2 2 2 1 1 1 1 1 1 1 0 1 1 2 2 2 4 4 3 3 3 4 4 6 8 8 7 6 6 5 5 4 8 8 8
 4 4 8 11 11 8 2 2 1 1 1 1 1 3 3 3 1 1 1 2 2 4 3 3 2 2 6 6 6 9 8 8 8 8 7 10 10 17 17 17 9 9 4 3 3 3
 4 4 8 11 11 8 2 2 1 1 1 1 1 3 3 3 1 1 1 2 2 4 3 3 2 2 6 6 6 9 8 8 8 8 7 10 10 17 17 17 9 9 4 3 3 3
 5 5 9 13 13 11 4 4 2 2 3 2 2 1 1 1 3 3 6 6 6 6 5 5 3 3 7 7 7 11 18 18 21 21 8 11 11 21 26 26 21 21 11 6 6 5
 5 5 12 13 13 8 6 6 3 3 3 3 3 1 1 1 5 5 7 6 6 7 5 5 5 5 5 9 9 19 19 19 22 22 9 10 10 11 20 20 21 21 14 11 11 9
 5 5 12 13 13 8 6 6 3 3 3 3 3 1 1 1 5 5 7 6 6 7 5 5 5 5 5 9 9 19 19 19 22 22 9 10 10 11 20 20 21 21 14 11 11 9
 3 3 5 7 7 5 3 3 3 3 3 3 3 3 1 1 4 4 9 6 6 5 7 7 6 6 5 11 11 26 25 25 25 25 11 8 8 5 8 8 12 12 14 15 15 12
 3 3 5 7 7 5 3 3 3 3 3 3 3 3 1 1 4 4 9 6 6 5 7 7 6 6 5 11 11 26 25 25 25 25 11 8 8 5 8 8 12 12 14 15 15 12
 3 3 3 4 4 4 2 2 4 4 3 3 3 3 1 1 4 4 10 7 7 6 10 10 11 11 6 6 6 29 28 28 26 26 24 9 9 5 5 5 8 8 12 15 15 11
 3 3 3 2 2 2 1 1 1 1 2 3 3 0 1 1 2 2 7 8 8 8 7 7 8 8 4 5 5 12 15 15 29 29 27 14 14 9 6 6 6 6 7 8 8 8
 3 3 3 2 2 2 1 1 1 1 2 3 3 0 1 1 2 2 7 8 8 8 7 7 8 8 4 5 5 12 15 15 29 29 27 14 14 9 6 6 6 6 7 8 8 8
 6 6 8 3 3 2 1 1 1 1 1 1 1 0 2 2 2 2 2 3 3 3 4 4 5 5 3 3 3 5 12 12 16 16 15 14 14 13 9 9 6 6 5 4 4 4
 7 7 8 3 3 1 1 1 1 1 1 1 1 1 2 2 2 2 1 1 1 1 2 2 1 1 1 1 1 1 4 4 18 18 19 15 15 14 11 11 12 12 10 5 5 2
 7 7 8 3 3 1 1 1 1 1 1 1 1 1 2 2 2 2 1 1 1 1 2 2 1 1 1 1 1 1 4 4 18 18 19 15 15 14 11 11 12 12 10 5 5 2
 4 4 4 3 3 3 1 1 1 1 2 3 3 2 1 1 1 1 4 1 1 1 1 1 1 1 0 0 0 0 1 1 12 12 19 14 14 13 10 10 10 10 9 18 18 17
 4 4 4 3 3 3 1 1 1 1 2 3 3 2 1 1 1 1 4 1 1 1 1 1 1 1 0 0 0 0 1 1 12 12 19 14 14 13 10 10 10 10 9 18 18 17
 8 8 2 3 3 3 1 1 1 1 3 7 7 4 2 2 1 1 4 2 2 0 1 1 3 3 1 0 0 0 0 0 1 1 3 6 6 8 11 11 8 8 14 17 17 16
 2 2 1 1 1 1 1 1 1 1 1 2 2 2 2 2 5 5 8 7 7 7 8 8 11 11 3 1 1 0 2 2 0 0 0 1 1 2 3 3 4 4 11 10 10 15
 2 2 1 1 1 1 1 1 1 1 1 2 2 2 2 2 5 5 8 7 7 7 8 8 11 11 3 1 1 0 2 2 0 0 0 1 1 2 3 3 4 4 11 10 10 15
 1 1 1 3 3 2 1 1 1 1 1 1 1 0 0 0 0 0 1 3 3 1 3 3 5 5 2 2 2 2 4 4 1 1 0 1 1 1 1 1 2 2 10 9 9 4
 2 2 4 9 9 4 2 2 2 2 2 1 1 0 0 0 0 0 1 1 1 1 1 1 1 1 2 3 3 4 5 5 6 6 4 1 1 1 0 0 0 0 0 0 0 3
