assets/RAT_results/precipitation/2022-08-31_IMERG.asc
ncols        46
nrows        77
xllcorner    74.800261325624
yllcorner    8.058333333333
cellsize     0.062500000000
NODATA_value -9999
 16 16 13 14 14 12 13 13 19 19 13 10 10 5 2 2 3 3 4 6 6 6 5 5 5 5 4 2 2 1 1 1 1 1 2 3 3 1 1 1 2 2 3 1 1 1
 21 21 18 14 14 12 16 16 15 15 6 2 2 2 4 4 5 5 6 8 8 7 8 8 10 10 9 9 9 8 6 6 5 5 3 2 2 1 0 0 1 1 1 1 1 1
 21 21 18 14 14 12 16 16 15 15 6 2 2 2 4 4 5 5 6 8 8 7 8 8 10 10 9 9 9 8 6 6 5 5 3 2 2 1 0 0 1 1 1 1 1 1
 29 29 26 21 21 19 22 22 13 13 4 2 2 3 4 4 6 6 7 8 8 9 10 10 13 13 14 17 17 23 22 22 19 19 10 4 4 2 1 1 1 1 1 0 0 1
 25 25 36 30 30 27 24 24 19 19 8 3 3 3 4 4 6 6 6 9 9 8 9 9 14 14 14 16 16 25 25 25 25 25 15 7 7 4 3 3 3 3 4 1 1 0
 25 25 36 30 30 27 24 24 19 19 8 3 3 3 4 4 6 6 6 9 9 8 9 9 14 14 14 16 16 25 25 25 25 25 15 7 7 4 3 3 3 3 4 1 1 0
 27 27 25 36 36 32 25 25 20 20 10 3 3 2 3 3 4 4 5 6 6 7 8 8 11 11 11 11 11 13 17 17 17 17 12 7 7 5 7 7 5 5 4 1 1 1
 27 27 25 36 36 32 25 25 20 20 10 3 3 2 3 3 4 4 5 6 6 7 8 8 11 11 11 11 11 13 17 17 17 17 12 7 7 5 7 7 5 5 4 1 1 1
 23 23 21 27 27 27 30 30 24 24 10 6 6 6 9 9 6 6 5 6 6 6 7 7 8 8 10 10 10 11 13 13 13 13 11 8 8 6 6 6 6 6 4 2 2 1
 16 16 16 27 27 26 30 30 27 27 15 9 9 12 19 19 16 16 8 7 7 8 8 8 9 9 11 12 12 13 14 14 14 14 14 16 16 12 10 10 8 8 5 4 4 3
 16 16 16 27 27 26 30 30 27 27 15 9 9 12 19 19 16 16 8 7 7 8 8 8 9 9 11 12 12 13 14 14 14 14 14 16 16 12 10 10 8 8 5 4 4 3
 17 17 17 16 16 23 29 29 31 31 22 13 13 12 28 28 25 25 12 10 10 10 10 10 11 11 12 13 13 15 15 15 15 15 16 17 17 15 14 14 13 13 12 10 10 7
 14 14 15 14 14 23 29 29 32 32 26 20 20 15 24 24 25 25 18 12 12 10 10 10 11 11 13 13 13 15 15 15 14 14 15 16 16 16 17 17 18 18 17 16 16 11
 14 14 15 14 14 23 29 29 32 32 26 20 20 15 24 24 25 25 18 12 12 10 10 10 11 11 13 13 13 15 15 15 14 14 15 16 16 16 17 17 18 18 17 16 16 11
 10 10 12 14 14 16 27 27 32 32 38 32 32 26 25 25 20 20 18 13 13 9 9 9 10 10 16 13 13 16 16 16 21 21 13 15 15 16 23 23 20 20 22 19 19 15
 10 10 12 14 14 16 27 27 32 32 38 32 32 26 25 25 20 20 18 13 13 9 9 9 10 10 16 13 13 16 16 16 21 21 13 15 15 16 23 23 20 20 22 19 19 15
 12 12 14 15 15 17 20 20 41 41 45 41 41 30 20 20 11 11 14 17 17 21 8 8 9 9 13 10 10 15 17 17 16 16 16 14 14 18 24 24 33 33 23 22 22 19
 20 20 18 19 19 23 27 27 28 28 32 28 28 16 12 12 10 10 10 11 11 12 16 16 18 18 20 10 10 9 9 9 10 10 15 12 12 14 17 17 20 20 19 17 17 18
 20 20 18 19 19 23 27 27 28 28 32 28 28 16 12 12 10 10 10 11 11 12 16 16 18 18 20 10 10 9 9 9 10 10 15 12 12 14 17 17 20 20 19 17 17 18
 32 32 30 28 28 28 28 28 25 25 22 24 24 17 15 15 12 12 10 9 9 9 14 14 17 17 23 16 16 17 14 14 8 8 8 10 10 14 14 14 14 14 16 17 17 14
 26 26 27 29 29 33 39 39 33 33 30 35 35 28 25 25 15 15 10 9 9 13 17 17 14 14 13 15 15 12 14 14 9 9 10 11 11 11 11 11 11 11 12 11 11 11
 26 26 27 29 29 33 39 39 33 33 30 35 35 28 25 25 15 15 10 9 9 13 17 17 14 14 13 15 15 12 14 14 9 9 10 11 11 11 11 11 11 11 12 11 11 11
 38 38 40 44 44 32 35 35 36 36 37 31 31 41 45 45 27 27 14 11 11 14 6 6 4 4 3 5 5 5 7 7 6 6 8 9 9 10 9 9 10 10 11 10 10 11
 38 38 40 44 44 32 35 35 36 36 37 31 31 41 45 45 27 27 14 11 11 14 6 6 4 4 3 5 5 5 7 7 6 6 8 9 9 10 9 9 10 10 11 10 10 11
 33 33 36 42 42 43 49 49 42 42 39 33 33 52 54 54 47 47 25 14 14 6 1 1 1 1 1 2 2 5 4 4 5 5 6 10 10 8 10 10 10 10 11 10 10 9
 61 61 64 52 52 38 47 47 43 43 44 37 37 34 44 44 44 44 26 15 15 5 2 2 1 1 1 1 1 3 2 2 2 2 3 5 5 8 8 8 8 8 9 8 8 7
 61 61 64 52 52 38 47 47 43 43 44 37 37 34 44 44 44 44 26 15 15 5 2 2 1 1 1 1 1 3 2 2 2 2 3 5 5 8 8 8 8 8 9 8 8 7
 65 65 76 67 67 42 48 48 44 44 37 28 28 68 67 67 55 55 38 29 29 16 8 8 6 6 8 5 5 5 3 3 3 3 3 3 3 4 5 5 6 6 6 4 4 4
 86 86 82 72 72 35 52 52 63 63 68 67 67 79 78 78 70 70 78 60 60 40 28 28 20 20 23 18 18 10 5 5 2 2 2 3 3 10 12 12 14 14 13 7 7 5
 86 86 82 72 72 35 52 52 63 63 68 67 67 79 78 78 70 70 78 60 60 40 28 28 20 20 23 18 18 10 5 5 2 2 2 3 3 10 12 12 14 14 13 7 7 5
 74 74 28 38 38 40 58 58 78 78 88 104 104 103 91 91 81 81 87 74 74 60 53 53 47 47 32 29 29 23 10 10 2 2 2 5 5 11 5 5 4 4 8 12 12 13
 74 74 28 38 38 40 58 58 78 78 88 104 104 103 91 91 81 81 87 74 74 60 53 53 47 47 32 29 29 23 10 10 2 2 2 5 5 11 5 5 4 4 8 12 12 13
 67 67 23 33 33 46 80 80 91 91 101 104 104 104 95 95 95 95 73 63 63 63 67 67 64 64 45 34 34 26 13 13 3 3 1 3 3 4 2 2 3 3 4 5 5 7
 24 24 27 27 27 40 73 73 58 58 86 88 88 90 83 83 84 84 69 56 56 52 51 51 46 46 39 32 32 30 20 20 7 7 3 4 4 4 4 4 6 6 8 6 6 7
 24 24 27 27 27 40 73 73 58 58 86 88 88 90 83 83 84 84 69 56 56 52 51 51 46 46 39 32 32 30 20 20 7 7 3 4 4 4 4 4 6 6 8 6 6 7
 22 22 25 25 25 28 47 47 51 51 78 83 83 82 73 73 72 72 49 38 38 35 34 34 44 44 33 26 26 27 22 22 12 12 8 8 8 8 8 8 9 9 12 12 12 12
 19 19 21 21 21 22 25 25 38 38 69 74 74 75 65 65 64 64 24 30 30 29 30 30 39 39 37 30 30 29 28 28 21 21 17 15 15 14 11 11 10 10 11 16 16 15
 19 19 21 21 21 22 25 25 38 38 69 74 74 75 65 65 64 64 24 30 30 29 30 30 39 39 37 30 30 29 28 28 21 21 17 15 15 14 11 11 10 10 11 16 16 15
 18 18 16 17 17 19 23 23 35 35 39 72 72 65 65 65 37 37 23 34 34 33 39 39 39 39 36 31 31 32 32 32 35 35 23 22 22 19 15 15 13 13 11 10 10 14
 18 18 16 17 17 19 23 23 35 35 39 72 72 65 65 65 37 37 23 34 34 33 39 39 39 39 36 31 31 32 32 32 35 35 23 22 22 19 15 15 13 13 11 10 10 14
 14 14 15 17 17 21 23 23 36 36 38 70 70 68 70 70 68 68 67 67 67 46 47 47 43 43 52 37 37 30 29 29 38 38 27 17 17 18 17 17 15 15 12 8 8 9
 12 12 14 18 18 21 23 23 30 30 32 46 46 49 59 59 72 72 71 77 77 73 59 59 52 52 49 32 32 33 21 21 17 17 15 10 10 12 19 19 13 13 9 8 8 8
 12 12 14 18 18 21 23 23 30 30 32 46 46 49 59 59 72 72 71 77 77 73 59 59 52 52 49 32 32 33 21 21 17 17 15 10 10 12 19 19 13 13 9 8 8 8
 11 11 11 15 15 19 24 24 29 29 32 45 45 35 45 45 66 66 65 75 75 67 47 47 38 38 37 27 27 24 17 17 13 13 20 23 23 21 22 22 15 15 11 11 11 11
 8 8 11 13 13 15 18 18 22 22 27 33 33 33 41 41 48 48 56 59 59 57 37 37 37 37 45 30 30 31 32 32 30 30 19 16 16 14 15 15 16 16 15 14 14 13
 8 8 11 13 13 15 18 18 22 22 27 33 33 33 41 41 48 48 56 59 59 57 37 37 37 37 45 30 30 31 32 32 30 30 19 16 16 14 15 15 16 16 15 14 14 13
 7 7 6 7 7 9 14 14 18 18 21 22 22 34 44 44 43 43 53 53 53 52 35 35 38 38 49 44 44 46 40 40 27 27 16 14 14 14 16 16 18 18 19 15 15 14
 7 7 6 7 7 9 14 14 18 18 21 22 22 34 44 44 43 43 53 53 53 52 35 35 38 38 49 44 44 46 40 40 27 27 16 14 14 14 16 16 18 18 19 15 15 14
 7 7 7 6 6 6 7 7 9 9 14 19 19 28 14 14 27 27 43 42 42 46 37 37 52 52 49 45 45 35 33 33 27 27 14 16 16 16 18 18 21 21 21 15 15 13
 23 23 12 10 10 7 6 6 4 4 5 7 7 9 11 11 26 26 43 26 26 35 41 41 29 29 28 34 34 31 26 26 16 16 14 16 16 17 17 17 18 18 17 15 15 13
 23 23 12 10 10 7 6 6 4 4 5 7 7 9 11 11 26 26 43 26 26 35 41 41 29 29 28 34 34 31 26 26 16 16 14 16 16 17 17 17 18 18 17 15 15 13
 44 44 14 7 7 4 6 6 4 4 4 6 6 6 8 8 21 21 30 30 30 38 45 45 22 22 24 25 25 22 24 24 15 15 17 19 19 16 16 16 16 16 17 16 16 15
 45 45 27 5 5 4 4 4 4 4 4 7 7 7 9 9 25 25 19 20 20 24 29 29 20 20 22 22 22 14 16 16 17 17 20 15 15 16 15 15 16 16 15 15 15 14
 45 45 27 5 5 4 4 4 4 4 4 7 7 7 9 9 25 25 19 20 20 24 29 29 20 20 22 22 22 14 16 16 17 17 20 15 15 16 15 15 16 16 15 15 15 14
 27 27 9 4 4 4 3 3 5 5 5 10 10 11 11 11 17 17 16 18 18 12 13 13 13 13 17 17 17 16 18 18 15 15 15 15 15 15 16 16 14 14 12 10 10 10
 27 27 9 4 4 4 3 3 5 5 5 10 10 11 11 11 17 17 16 18 18 12 13 13 13 13 17 17 17 16 18 18 15 15 15 15 15 15 16 16 14 14 12 10 10 10
 20 20 11 6 6 5 4 4 5 5 5 9 9 11 10 10 12 12 12 11 11 9 11 11 9 9 11 16 16 16 12 12 12 12 12 12 12 13 10 10 10 10 9 7 7 6
 18 18 14 7 7 6 11 11 11 11 13 11 11 8 7 7 6 6 9 8 8 7 7 7 8 8 12 13 13 12 10 10 10 10 9 10 10 11 9 9 9 9 8 6 6 4
 18 18 14 7 7 6 11 11 11 11 13 11 11 8 7 7 6 6 9 8 8 7 7 7 8 8 12 13 13 12 10 10 10 10 9 10 10 11 9 9 9 9 8 6 6 4
 15 15 15 14 14 12 13 13 12 12 13 8 8 7 5 5 5 5 7 8 8 6 6 6 5 5 11 9 9 8 7 7 8 8 8 9 9 10 10 10 10 10 10 7 7 4
 28 28 30 16 16 17 16 16 14 14 13 10 10 5 4 4 4 4 5 5 5 4 5 5 5 5 6 6 6 5 6 6 6 6 6 8 8 10 13 13 14 14 13 10 10 4
 28 28 30 16 16 17 16 16 14 14 13 10 10 5 4 4 4 4 5 5 5 4 5 5 5 5 6 6 6 5 6 6 6 6 6 8 8 10 13 13 14 14 13 10 10 4
 40 40 36 67 67 58 43 43 40 40 14 12 12 14 8 8 5 5 5 4 4 8 5 5 4 4 5 4 4 9 5 5 5 5 6 9 9 10 10 10 16 16 16 7 7 2
 40 40 36 67 67 58 43 43 40 40 14 12 12 14 8 8 5 5 5 4 4 8 5 5 4 4 5 4 4 9 5 5 5 5 6 9 9 10 10 10 16 16 16 7 7 2
 57 57 91 110 110 63 75 75 46 46 66 86 86 54 43 43 21 21 10 8 8 8 13 13 30 30 32 33 33 8 6 6 6 6 7 11 11 13 10 10 13 13 17 7 7 2
 62 62 119 126 126 163 139 139 77 77 102 68 68 153 140 140 53 53 30 52 52 56 58 58 67 67 34 18 18 15 8 8 10 10 7 12 12 19 22 22 20 20 19 25 25 6
 62 62 119 126 126 163 139 139 77 77 102 68 68 153 140 140 53 53 30 52 52 56 58 58 67 67 34 18 18 15 8 8 10 10 7 12 12 19 22 22 20 20 19 25 25 6
 80 80 90 132 132 134 134 134 83 83 115 72 72 88 125 125 75 75 72 65 65 59 64 64 72 72 84 48 48 40 18 18 8 8 7 7 7 14 21 21 18 18 11 13 13 3
 94 94 95 95 95 122 86 86 86 86 79 77 77 90 79 79 109 109 90 81 81 67 69 69 67 67 113 110 110 103 29 29 8 8 6 6 6 5 8 8 10 10 7 5 5 4
 94 94 95 95 95 122 86 86 86 86 79 77 77 90 79 79 109 109 90 81 81 67 69 69 67 67 113 110 110 103 29 29 8 8 6 6 6 5 8 8 10 10 7 5 5 4
 92 92 93 91 91 85 92 92 87 87 85 85 85 87 86 86 93 93 84 74 74 63 62 62 175 175 103 169 169 154 20 20 9 9 4 5 5 4 5 5 4 4 4 4 4 2
 92 92 93 91 91 85 92 92 87 87 85 85 85 87 86 86 93 93 84 74 74 63 62 62 175 175 103 169 169 154 20 20 9 9 4 5 5 4 5 5 4 4 4 4 4 2
 73 73 76 77 77 79 80 80 75 75 82 74 74 69 56 56 33 33 61 56 56 54 32 32 40 40 52 36 36 42 24 24 19 19 4 6 6 4 4 4 4 4 4 3 3 4
 58 58 69 69 69 68 64 64 64 64 41 42 42 63 26 26 16 16 10 8 8 5 7 7 8 8 23 10 10 6 11 11 13 13 3 4 4 4 3 3 4 4 6 5 5 5
 58 58 69 69 69 68 64 64 64 64 41 42 42 63 26 26 16 16 10 8 8 5 7 7 8 8 23 10 10 6 11 11 13 13 3 4 4 4 3 3 4 4 6 5 5 5
 48 48 45 47 47 41 49 49 47 47 28 20 20 18 17 17 7 7 6 3 3 4 5 5 5 5 3 2 2 4 3 3 4 4 2 2 2 2 3 3 5 5 6 6 6 9
 71 71 50 38 38 39 27 27 25 25 17 20 20 19 27 27 16 16 10 7 7 6 6 6 7 7 5 3 3 3 4 4 4 4 3 3 3 3 4 4 2 2 4 3 3 6
