assets/RAT_results/precipitation/2022-11-12_IMERG.asc
ncols        46
nrows        77
xllcorner    74.800261325624
yllcorner    8.058333333333
cellsize     0.062500000000
NODATA_value -9999
 0 0 0 1 1 1 1 1 1 1 1 3 3 1 1 1 2 2 2 3 3 3 4 4 4 4 5 6 6 8 9 9 11 11 15 13 13 12 17 17 19 19 29 40 40 44
 1 1 1 1 1 2 3 3 1 1 2 2 2 3 3 3 3 3 4 3 3 4 4 4 5 5 5 7 7 13 18 18 19 19 26 19 19 19 21 21 18 18 29 44 44 49
 1 1 1 1 1 2 3 3 1 1 2 2 2 3 3 3 3 3 4 3 3 4 4 4 5 5 5 7 7 13 18 18 19 19 26 19 19 19 21 21 18 18 29 44 44 49
 2 2 2 4 4 4 3 3 3 3 4 4 4 5 1 1 3 3 4 5 5 5 8 8 7 7 6 10 10 16 22 22 23 23 25 20 20 21 21 21 22 22 27 30 30 51
 1 1 1 1 1 2 3 3 4 4 4 4 4 7 2 2 3 3 5 7 7 8 8 8 6 6 7 9 9 10 15 15 19 19 17 21 21 31 26 26 24 24 30 35 35 25
 1 1 1 1 1 2 3 3 4 4 4 4 4 7 2 2 3 3 5 7 7 8 8 8 6 6 7 9 9 10 15 15 19 19 17 21 21 31 26 26 24 24 30 35 35 25
 1 1 1 2 2 3 3 3 2 2 6 6 6 4 5 5 7 7 10 11 11 10 10 10 8 8 11 12 12 9 13 13 18 18 23 22 22 32 27 27 27 27 24 28 28 22
 1 1 1 2 2 3 3 3 2 2 6 6 6 4 5 5 7 7 10 11 11 10 10 10 8 8 11 12 12 9 13 13 18 18 23 22 22 32 27 27 27 27 24 28 28 22
 1 1 1 3 3 8 6 6 3 3 3 5 5 2 5 5 8 8 10 17 17 16 16 16 13 13 10 10 10 10 14 14 12 12 15 13 13 23 21 21 19 19 26 25 25 27
 2 2 3 6 6 5 9 9 3 3 1 1 1 1 4 4 4 4 7 17 17 14 15 15 22 22 16 17 17 11 11 11 11 11 19 18 18 19 21 21 26 26 20 14 14 12
 2 2 3 6 6 5 9 9 3 3 1 1 1 1 4 4 4 4 7 17 17 14 15 15 22 22 16 17 17 11 11 11 11 11 19 18 18 19 21 21 26 26 20 14 14 12
 6 6 10 3 3 5 6 6 3 3 3 3 3 7 6 6 8 8 6 9 9 14 14 14 22 22 19 20 20 13 11 11 15 15 23 20 20 20 16 16 23 23 12 12 12 11
 9 9 7 9 9 11 7 7 8 8 6 10 10 12 12 12 13 13 11 9 9 9 13 13 27 27 28 25 25 14 16 16 16 16 21 21 21 19 24 24 20 20 8 12 12 9
 9 9 7 9 9 11 7 7 8 8 6 10 10 12 12 12 13 13 11 9 9 9 13 13 27 27 28 25 25 14 16 16 16 16 21 21 21 19 24 24 20 20 8 12 12 9
 9 9 8 7 7 5 9 9 3 3 7 5 5 12 15 15 14 14 13 13 13 12 14 14 29 29 16 22 22 16 16 16 15 15 21 17 17 24 24 24 8 8 7 8 8 9
 9 9 8 7 7 5 9 9 3 3 7 5 5 12 15 15 14 14 13 13 13 12 14 14 29 29 16 22 22 16 16 16 15 15 21 17 17 24 24 24 8 8 7 8 8 9
 4 4 5 5 5 4 4 4 2 2 8 6 6 14 14 14 11 11 14 14 14 14 15 15 15 15 17 23 23 30 29 29 29 29 26 24 24 25 20 20 6 6 6 6 6 8
 5 5 4 3 3 5 4 4 2 2 1 6 6 5 14 14 13 13 14 18 18 20 20 20 18 18 18 18 18 32 30 30 34 34 30 14 14 6 4 4 6 6 7 7 7 5
 5 5 4 3 3 5 4 4 2 2 1 6 6 5 14 14 13 13 14 18 18 20 20 20 18 18 18 18 18 32 30 30 34 34 30 14 14 6 4 4 6 6 7 7 7 5
 7 7 6 4 4 7 5 5 5 5 2 5 5 5 10 10 11 11 15 16 16 20 20 20 21 21 22 22 22 19 37 37 35 35 33 12 12 4 6 6 7 7 7 9 9 6
 10 10 10 5 5 5 6 6 5 5 3 6 6 9 12 12 11 11 11 17 17 19 24 24 25 25 25 28 28 28 36 36 34 34 28 19 19 8 5 5 5 5 3 5 5 7
 10 10 10 5 5 5 6 6 5 5 3 6 6 9 12 12 11 11 11 17 17 19 24 24 25 25 25 28 28 28 36 36 34 34 28 19 19 8 5 5 5 5 3 5 5 7
 15 15 8 4 4 7 8 8 9 9 5 4 4 9 12 12 10 10 11 14 14 17 22 22 24 24 33 45 45 43 44 44 46 46 38 24 24 14 5 5 4 4 4 16 16 17
 15 15 8 4 4 7 8 8 9 9 5 4 4 9 12 12 10 10 11 14 14 17 22 22 24 24 33 45 45 43 44 44 46 46 38 24 24 14 5 5 4 4 4 16 16 17
 5 5 4 4 4 7 12 12 12 12 9 8 8 7 8 8 9 9 9 14 14 15 19 19 23 23 32 46 46 52 50 50 49 49 43 25 25 22 11 11 11 11 9 16 16 15
 5 5 5 10 10 12 12 12 11 11 8 7 7 2 7 7 9 9 10 11 11 12 19 19 22 22 29 41 41 42 44 44 45 45 41 40 40 31 14 14 22 22 10 16 16 17
 5 5 5 10 10 12 12 12 11 11 8 7 7 2 7 7 9 9 10 11 11 12 19 19 22 22 29 41 41 42 44 44 45 45 41 40 40 31 14 14 22 22 10 16 16 17
 5 5 4 9 9 11 11 11 7 7 7 9 9 4 4 4 5 5 7 10 10 14 21 21 24 24 31 39 39 41 41 41 42 42 40 44 44 37 35 35 22 22 12 20 20 29
 4 4 5 9 9 11 11 11 11 11 6 6 6 4 4 4 5 5 5 16 16 17 23 23 24 24 33 35 35 44 36 36 43 43 44 42 42 41 36 36 25 25 25 22 22 30
 4 4 5 9 9 11 11 11 11 11 6 6 6 4 4 4 5 5 5 16 16 17 23 23 24 24 33 35 35 44 36 36 43 43 44 42 42 41 36 36 25 25 25 22 22 30
 5 5 5 5 5 11 12 12 10 10 5 5 5 8 6 6 6 6 7 9 9 21 22 22 26 26 30 32 32 35 32 32 33 33 41 42 42 36 39 39 35 35 31 18 18 24
 5 5 5 5 5 11 12 12 10 10 5 5 5 8 6 6 6 6 7 9 9 21 22 22 26 26 30 32 32 35 32 32 33 33 41 42 42 36 39 39 35 35 31 18 18 24
 6 6 8 7 7 12 7 7 11 11 9 8 8 8 6 6 5 5 6 11 11 18 30 30 36 36 40 35 35 30 29 29 37 37 40 43 43 40 37 37 32 32 25 35 35 24
 10 10 9 10 10 11 9 9 11 11 9 7 7 4 4 4 3 3 5 11 11 14 15 15 23 23 23 25 25 33 34 34 35 35 37 38 38 28 26 26 23 23 27 34 34 3
 10 10 9 10 10 11 9 9 11 11 9 7 7 4 4 4 3 3 5 11 11 14 15 15 23 23 23 25 25 33 34 34 35 35 37 38 38 28 26 26 23 23 27 34 34 3
 8 8 9 10 10 18 15 15 11 11 7 8 8 5 4 4 9 9 5 6 6 7 9 9 14 14 13 17 17 25 31 31 31 31 28 34 34 22 23 23 32 32 28 18 18 2
 13 13 13 15 15 11 11 11 11 11 11 10 10 12 11 11 9 9 4 15 15 14 10 10 12 12 13 14 14 28 34 34 29 29 29 20 20 18 25 25 31 31 42 13 13 2
 13 13 13 15 15 11 11 11 11 11 11 10 10 12 11 11 9 9 4 15 15 14 10 10 12 12 13 14 14 28 34 34 29 29 29 20 20 18 25 25 31 31 42 13 13 2
 49 49 27 17 17 13 11 11 12 12 13 10 10 3 5 5 8 8 8 11 11 11 11 11 13 13 26 14 14 28 27 27 24 24 23 18 18 17 18 18 27 27 35 30 30 2
 49 49 27 17 17 13 11 11 12 12 13 10 10 3 5 5 8 8 8 11 11 11 11 11 13 13 26 14 14 28 27 27 24 24 23 18 18 17 18 18 27 27 35 30 30 2
 48 48 28 15 15 12 13 13 14 14 6 2 2 4 5 5 10 10 5 10 10 15 16 16 15 15 14 13 13 15 23 23 23 23 24 24 24 17 18 18 20 20 10 33 33 3
 100 100 74 59 59 37 15 15 14 14 6 3 3 6 6 6 6 6 7 8 8 17 18 18 15 15 12 11 11 15 22 22 19 19 23 30 30 34 20 20 31 31 17 12 12 7
 100 100 74 59 59 37 15 15 14 14 6 3 3 6 6 6 6 6 7 8 8 17 18 18 15 15 12 11 11 15 22 22 19 19 23 30 30 34 20 20 31 31 17 12 12 7
 109 109 80 72 72 85 84 84 64 64 8 6 6 12 11 11 7 7 7 9 9 17 19 19 22 22 13 14 14 21 24 24 22 22 28 48 48 54 48 48 31 31 38 24 24 17
 73 73 72 108 108 95 86 86 89 89 13 8 8 8 11 11 10 10 10 11 11 12 22 22 24 24 14 15 15 19 22 22 23 23 30 43 43 51 46 46 38 38 39 27 27 29
 73 73 72 108 108 95 86 86 89 89 13 8 8 8 11 11 10 10 10 11 11 12 22 22 24 24 14 15 15 19 22 22 23 23 30 43 43 51 46 46 38 38 39 27 27 29
 75 75 54 107 107 263 253 253 91 91 8 6 6 8 11 11 13 13 15 14 14 17 18 18 27 27 19 18 18 18 22 22 22 22 22 23 23 30 31 31 28 28 24 26 26 16
 75 75 54 107 107 263 253 253 91 91 8 6 6 8 11 11 13 13 15 14 14 17 18 18 27 27 19 18 18 18 22 22 22 22 22 23 23 30 31 31 28 28 24 26 26 16
 52 52 49 110 110 77 92 92 74 74 69 6 6 4 5 5 6 6 7 8 8 9 11 11 17 17 14 16 16 14 14 14 14 14 13 12 12 13 17 17 11 11 13 16 16 14
 65 65 62 73 73 73 87 87 71 71 68 7 7 2 2 2 2 2 2 2 2 2 3 3 5 5 7 8 8 10 10 10 9 9 12 9 9 7 6 6 5 5 7 20 20 11
 65 65 62 73 73 73 87 87 71 71 68 7 7 2 2 2 2 2 2 2 2 2 3 3 5 5 7 8 8 10 10 10 9 9 12 9 9 7 6 6 5 5 7 20 20 11
 67 67 61 82 82 80 20 20 18 18 13 8 8 4 2 2 1 1 1 1 1 1 1 1 2 2 4 6 6 8 11 11 10 10 11 10 10 10 9 9 20 20 18 7 7 7
 83 83 88 89 89 86 26 26 19 19 14 10 10 9 7 7 2 2 2 2 2 2 2 2 3 3 7 7 7 10 9 9 9 9 16 14 14 11 12 12 30 30 15 12 12 19
 83 83 88 89 89 86 26 26 19 19 14 10 10 9 7 7 2 2 2 2 2 2 2 2 3 3 7 7 7 10 9 9 9 9 16 14 14 11 12 12 30 30 15 12 12 19
 91 91 66 84 84 121 109 109 27 27 18 12 12 12 8 8 6 6 5 6 6 7 6 6 10 10 19 18 18 16 14 14 19 19 31 23 23 18 17 17 27 27 17 11 11 23
 91 91 66 84 84 121 109 109 27 27 18 12 12 12 8 8 6 6 5 6 6 7 6 6 10 10 19 18 18 16 14 14 19 19 31 23 23 18 17 17 27 27 17 11 11 23
 57 57 54 77 77 117 33 33 21 21 15 11 11 12 12 12 10 10 7 10 10 12 11 11 17 17 30 35 35 23 23 23 32 32 45 36 36 30 42 42 45 45 33 23 23 27
 78 78 44 44 44 42 32 32 23 23 18 19 19 11 13 13 12 12 9 13 13 14 12 12 13 13 31 34 34 25 26 26 36 36 44 38 38 38 51 51 58 58 46 24 24 21
 78 78 44 44 44 42 32 32 23 23 18 19 19 11 13 13 12 12 9 13 13 14 12 12 13 13 31 34 34 25 26 26 36 36 44 38 38 38 51 51 58 58 46 24 24 21
 33 33 63 25 25 22 26 26 19 19 15 14 14 9 8 8 10 10 12 13 13 12 11 11 14 14 24 26 26 23 25 25 33 33 39 43 43 47 50 50 57 57 53 42 42 33
 10 10 6 11 11 10 14 14 11 11 8 6 6 5 5 5 7 7 6 7 7 9 11 11 12 12 11 22 22 23 25 25 27 27 35 45 45 47 48 48 48 48 56 54 54 45
 10 10 6 11 11 10 14 14 11 11 8 6 6 5 5 5 7 7 6 7 7 9 11 11 12 12 11 22 22 23 25 25 27 27 35 45 45 47 48 48 48 48 56 54 54 45
 53 53 28 4 4 5 5 5 8 8 6 3 3 3 3 3 4 4 5 5 5 7 9 9 10 10 10 15 15 22 22 22 27 27 29 39 39 45 47 47 47 47 48 43 43 29
 53 53 28 4 4 5 5 5 8 8 6 3 3 3 3 3 4 4 5 5 5 7 9 9 10 10 10 15 15 22 22 22 27 27 29 39 39 45 47 47 47 47 48 43 43 29
 47 47 27 7 7 9 7 7 10 10 12 5 5 4 4 4 5 5 6 6 6 7 11 11 12 12 11 12 12 25 15 15 21 21 27 32 32 34 34 34 34 34 32 26 26 19
 16 16 15 29 29 6 8 8 10 10 10 7 7 6 6 6 7 7 8 9 9 9 14 14 14 14 14 15 15 31 10 10 14 14 22 26 26 26 21 21 20 20 27 18 18 12
 16 16 15 29 29 6 8 8 10 10 10 7 7 6 6 6 7 7 8 9 9 9 14 14 14 14 14 15 15 31 10 10 14 14 22 26 26 26 21 21 20 20 27 18 18 12
 10 10 17 29 29 22 3 3 4 4 7 6 6 7 5 5 6 6 7 8 8 8 12 12 13 13 13 16 16 20 9 9 11 11 17 21 21 23 23 23 20 20 22 22 22 8
 3 3 16 16 16 92 94 94 95 95 8 9 9 6 3 3 2 2 2 3 3 4 6 6 8 8 9 10 10 14 15 15 9 9 13 18 18 17 15 15 14 14 13 10 10 7
 3 3 16 16 16 92 94 94 95 95 8 9 9 6 3 3 2 2 2 3 3 4 6 6 8 8 9 10 10 14 15 15 9 9 13 18 18 17 15 15 14 14 13 10 10 7
 2 2 2 2 2 105 105 105 105 105 7 5 5 2 3 3 1 1 1 1 1 1 2 2 3 3 3 4 4 4 5 5 4 4 15 10 10 6 3 3 3 3 2 1 1 2
 2 2 2 2 2 105 105 105 105 105 7 5 5 2 3 3 1 1 1 1 1 1 2 2 3 3 3 4 4 4 5 5 4 4 15 10 10 6 3 3 3 3 2 1 1 2
 2 2 2 1 1 3 12 12 5 5 33 2 2 1 2 2 3 3 2 1 1 1 0 0 0 0 0 0 0 0 1 1 1 1 4 4 4 1 0 0 0 0 0 1 1 1
 5 5 4 4 4 3 10 10 31 31 32 2 2 2 1 1 1 1 4 2 2 1 0 0 0 0 0 0 0 0 0 0 1 1 11 13 13 4 0 0 0 0 1 1 1 1
 5 5 4 4 4 3 10 10 31 31 32 2 2 2 1 1 1 1 4 2 2 1 0 0 0 0 0 0 0 0 0 0 1 1 11 13 13 4 0 0 0 0 1 1 1 1
 13 13 8 6 6 4 5 5 5 5 9 15 15 14 1 1 1 1 2 2 2 2 0 0 0 0 0 0 0 1 1 1 1 1 2 14 14 7 0 0 0 0 1 1 1 1
 20 20 15 8 8 6 4 4 5 5 8 18 18 23 22 22 1 1 1 5 5 1 1 1 1 1 0 0 0 1 1 1 1 1 1 1 1 1 0 0 0 0 0 0 0 0
