assets/RAT_results/precipitation/2022-05-26_IMERG.asc
ncols        46
nrows        77
xllcorner    74.800261325624
yllcorner    8.058333333333
cellsize     0.062500000000
NODATA_value -9999
 0 0 0 0 0 0 1 1 1 1 2 2 2 2 1 1 1 1 2 12 12 13 13 13 7 7 6 3 3 1 1 1 1 1 1 2 2 3 3 3 5 5 5 5 5 4
 0 0 1 1 1 1 2 2 3 3 4 3 3 3 2 2 1 1 3 11 11 11 12 12 7 7 4 5 5 2 1 1 2 2 2 3 3 3 4 4 5 5 5 5 5 6
 0 0 1 1 1 1 2 2 3 3 4 3 3 3 2 2 1 1 3 11 11 11 12 12 7 7 4 5 5 2 1 1 2 2 2 3 3 3 4 4 5 5 5 5 5 6
 1 1 1 1 1 2 4 4 4 4 4 4 4 4 3 3 2 2 4 5 5 7 7 7 8 8 6 3 3 2 1 1 2 2 2 3 3 4 5 5 4 4 4 3 3 5
 2 2 2 2 2 2 4 4 4 4 3 4 4 4 3 3 4 4 6 6 6 9 8 8 4 4 5 3 3 1 1 1 1 1 1 2 2 2 3 3 2 2 2 3 3 3
 2 2 2 2 2 2 4 4 4 4 3 4 4 4 3 3 4 4 6 6 6 9 8 8 4 4 5 3 3 1 1 1 1 1 1 2 2 2 3 3 2 2 2 3 3 3
 2 2 2 3 3 3 5 5 4 4 2 3 3 3 3 3 4 4 4 4 4 9 8 8 4 4 2 2 2 1 1 1 1 1 1 1 1 1 1 1 1 1 1 1 1 1
 2 2 2 3 3 3 5 5 4 4 2 3 3 3 3 3 4 4 4 4 4 9 8 8 4 4 2 2 2 1 1 1 1 1 1 1 1 1 1 1 1 1 1 1 1 1
 2 2 2 3 3 3 3 3 17 17 3 3 3 3 3 3 4 4 4 3 3 4 4 4 3 3 1 1 1 1 1 1 1 1 0 0 0 0 0 0 0 0 0 0 0 1
 2 2 2 4 4 5 5 5 11 11 4 4 4 4 5 5 5 5 5 6 6 6 9 9 6 6 2 2 2 2 3 3 2 2 1 1 1 0 0 0 0 0 1 1 1 8
 2 2 2 4 4 5 5 5 11 11 4 4 4 4 5 5 5 5 5 6 6 6 9 9 6 6 2 2 2 2 3 3 2 2 1 1 1 0 0 0 0 0 1 1 1 8
 3 3 4 3 3 5 5 5 6 6 6 7 7 6 6 6 5 5 5 4 4 5 8 8 7 7 3 2 2 1 2 2 2 2 1 1 1 0 0 0 0 0 0 1 1 3
 3 3 3 4 4 6 7 7 12 12 10 8 8 8 6 6 4 4 4 4 4 4 4 4 3 3 2 1 1 1 1 1 1 1 1 11 11 2 1 1 0 0 1 1 1 4
 3 3 3 4 4 6 7 7 12 12 10 8 8 8 6 6 4 4 4 4 4 4 4 4 3 3 2 1 1 1 1 1 1 1 1 11 11 2 1 1 0 0 1 1 1 4
 3 3 15 4 4 6 6 6 13 13 19 13 13 9 8 8 3 3 3 4 4 4 3 3 2 2 1 6 6 16 16 16 20 20 12 12 12 2 1 1 1 1 1 1 1 1
 3 3 15 4 4 6 6 6 13 13 19 13 13 9 8 8 3 3 3 4 4 4 3 3 2 2 1 6 6 16 16 16 20 20 12 12 12 2 1 1 1 1 1 1 1 1
 5 5 26 38 38 26 35 35 17 17 16 12 12 7 5 5 7 7 2 3 3 3 2 2 1 1 1 7 7 16 16 16 37 37 7 7 7 1 1 1 1 1 1 1 1 1
 9 9 25 27 27 37 66 66 18 18 9 18 18 23 22 22 10 10 3 3 3 3 2 2 1 1 3 20 20 20 36 36 37 37 7 7 7 3 1 1 1 1 2 1 1 1
 9 9 25 27 27 37 66 66 18 18 9 18 18 23 22 22 10 10 3 3 3 3 2 2 1 1 3 20 20 20 36 36 37 37 7 7 7 3 1 1 1 1 2 1 1 1
 31 31 30 17 17 14 11 11 19 19 18 17 17 12 7 7 10 10 4 3 3 2 1 1 1 1 3 20 20 12 12 12 4 4 4 1 1 2 2 2 2 2 3 1 1 1
 17 17 16 9 9 8 8 8 16 16 21 9 9 6 6 6 9 9 2 1 1 1 1 1 1 1 1 12 12 12 13 13 4 4 4 2 2 2 2 2 2 2 2 2 2 2
 17 17 16 9 9 8 8 8 16 16 21 9 9 6 6 6 9 9 2 1 1 1 1 1 1 1 1 12 12 12 13 13 4 4 4 2 2 2 2 2 2 2 2 2 2 2
 10 10 9 9 9 7 9 9 12 12 38 26 26 7 10 10 4 4 2 2 2 2 1 1 1 1 3 3 3 12 8 8 7 7 2 3 3 3 3 3 3 3 3 3 3 4
 10 10 9 9 9 7 9 9 12 12 38 26 26 7 10 10 4 4 2 2 2 2 1 1 1 1 3 3 3 12 8 8 7 7 2 3 3 3 3 3 3 3 3 3 3 4
 8 8 8 15 15 16 18 18 13 13 30 74 74 23 13 13 10 10 4 4 4 3 3 3 2 2 3 4 4 12 2 2 3 3 3 4 4 13 11 11 4 4 4 4 4 4
 12 12 13 20 20 17 18 18 19 19 13 57 57 30 26 26 27 27 6 7 7 8 9 9 3 3 2 2 2 4 3 3 5 5 5 6 6 8 7 7 6 6 4 4 4 4
 12 12 13 20 20 17 18 18 19 19 13 57 57 30 26 26 27 27 6 7 7 8 9 9 3 3 2 2 2 4 3 3 5 5 5 6 6 8 7 7 6 6 4 4 4 4
 18 18 12 22 22 22 25 25 21 21 21 24 24 25 39 39 29 29 12 10 10 11 10 10 6 6 3 3 3 4 4 4 5 5 5 6 6 8 6 6 5 5 4 3 3 3
 45 45 19 52 52 54 27 27 32 32 19 19 19 22 24 24 28 28 26 38 38 14 10 10 6 6 3 4 4 3 2 2 3 3 3 3 3 3 3 3 2 2 3 3 3 2
 45 45 19 52 52 54 27 27 32 32 19 19 19 22 24 24 28 28 26 38 38 14 10 10 6 6 3 4 4 3 2 2 3 3 3 3 3 3 3 3 2 2 3 3 3 2
 44 44 79 62 62 64 77 77 36 36 33 33 33 14 10 10 23 23 35 49 49 21 21 21 10 10 9 2 2 2 1 1 1 1 1 1 1 1 1 1 1 1 2 2 2 2
 44 44 79 62 62 64 77 77 36 36 33 33 33 14 10 10 23 23 35 49 49 21 21 21 10 10 9 2 2 2 1 1 1 1 1 1 1 1 1 1 1 1 2 2 2 2
 45 45 86 69 69 70 81 81 49 49 48 32 32 11 10 10 18 18 16 38 38 15 22 22 20 20 7 2 2 1 0 0 0 0 2 2 2 1 1 1 1 1 1 2 2 2
 41 41 72 69 69 82 69 69 51 51 46 47 47 12 9 9 5 5 5 5 5 2 5 5 5 5 6 1 1 0 0 0 0 0 2 2 2 1 1 1 1 1 1 2 2 1
 41 41 72 69 69 82 69 69 51 51 46 47 47 12 9 9 5 5 5 5 5 2 5 5 5 5 6 1 1 0 0 0 0 0 2 2 2 1 1 1 1 1 1 2 2 1
 62 62 93 71 71 69 64 64 46 46 40 43 43 9 14 14 12 12 8 2 2 1 1 1 0 0 0 0 0 0 0 0 0 0 1 1 1 1 1 1 1 1 1 1 1 0
 52 52 79 56 56 56 59 59 59 59 47 25 25 23 14 14 11 11 6 1 1 3 0 0 0 0 0 0 0 0 2 2 5 5 3 4 4 3 3 3 2 2 2 1 1 0
 52 52 79 56 56 56 59 59 59 59 47 25 25 23 14 14 11 11 6 1 1 3 0 0 0 0 0 0 0 0 2 2 5 5 3 4 4 3 3 3 2 2 2 1 1 0
 37 37 39 50 50 51 61 61 57 57 50 26 26 25 43 43 26 26 26 5 5 2 1 1 0 0 1 1 1 2 5 5 7 7 5 5 5 5 6 6 7 7 12 11 11 9
 37 37 39 50 50 51 61 61 57 57 50 26 26 25 43 43 26 26 26 5 5 2 1 1 0 0 1 1 1 2 5 5 7 7 5 5 5 5 6 6 7 7 12 11 11 9
 25 25 33 39 39 66 64 64 62 62 63 49 49 53 50 50 27 27 27 9 9 5 3 3 2 2 3 6 6 17 23 23 24 24 22 15 15 7 6 6 8 8 13 10 10 4
 16 16 25 24 24 30 33 33 64 64 64 49 49 55 51 51 39 39 4 5 5 8 6 6 6 6 10 15 15 18 25 25 26 26 27 30 30 23 10 10 8 8 8 8 8 4
 16 16 25 24 24 30 33 33 64 64 64 49 49 55 51 51 39 39 4 5 5 8 6 6 6 6 10 15 15 18 25 25 26 26 27 30 30 23 10 10 8 8 8 8 8 4
 6 6 10 12 12 27 31 31 34 34 47 48 48 56 63 63 62 62 5 6 6 11 9 9 11 11 17 20 20 29 32 32 33 33 32 31 31 24 10 10 7 7 4 2 2 2
 1 1 5 7 7 16 17 17 27 27 39 43 43 52 62 62 62 62 5 5 5 5 9 9 11 11 17 20 20 26 23 23 16 16 14 12 12 10 5 5 3 3 3 2 2 2
 1 1 5 7 7 16 17 17 27 27 39 43 43 52 62 62 62 62 5 5 5 5 9 9 11 11 17 20 20 26 23 23 16 16 14 12 12 10 5 5 3 3 3 2 2 2
 1 1 1 2 2 6 8 8 8 8 38 42 42 53 57 57 57 57 5 4 4 3 4 4 5 5 10 20 20 24 21 21 13 13 9 8 8 8 3 3 3 3 3 3 3 3
 1 1 1 2 2 6 8 8 8 8 38 42 42 53 57 57 57 57 5 4 4 3 4 4 5 5 10 20 20 24 21 21 13 13 9 8 8 8 3 3 3 3 3 3 3 3
 3 3 2 2 2 6 8 8 9 9 23 53 53 54 69 69 55 55 3 2 2 1 5 5 4 4 8 11 11 5 5 5 4 4 3 2 2 2 3 3 3 3 4 4 4 4
 3 3 2 1 1 2 5 5 12 12 12 42 42 51 67 67 2 2 1 1 1 1 1 1 2 2 3 4 4 4 5 5 3 3 3 2 2 3 4 4 5 5 6 6 6 6
 3 3 2 1 1 2 5 5 12 12 12 42 42 51 67 67 2 2 1 1 1 1 1 1 2 2 3 4 4 4 5 5 3 3 3 2 2 3 4 4 5 5 6 6 6 6
 4 4 2 1 1 1 1 1 13 13 12 40 40 71 72 72 2 2 1 1 1 1 1 1 1 1 3 2 2 1 2 2 2 2 2 3 3 4 5 5 7 7 8 7 7 7
 4 4 4 1 1 1 1 1 4 4 4 3 3 39 72 72 2 2 1 1 1 1 1 1 1 1 2 2 2 2 2 2 3 3 3 4 4 5 6 6 7 7 8 8 8 8
 4 4 4 1 1 1 1 1 4 4 4 3 3 39 72 72 2 2 1 1 1 1 1 1 1 1 2 2 2 2 2 2 3 3 3 4 4 5 6 6 7 7 8 8 8 8
 5 5 4 2 2 1 1 1 2 2 2 1 1 35 37 37 4 4 2 2 2 1 1 1 2 2 1 2 2 2 2 2 3 3 6 7 7 8 6 6 7 7 7 7 7 7
 5 5 4 2 2 1 1 1 2 2 2 1 1 35 37 37 4 4 2 2 2 1 1 1 2 2 1 2 2 2 2 2 3 3 6 7 7 8 6 6 7 7 7 7 7 7
 2 2 2 2 2 1 2 2 2 2 2 2 2 3 4 4 4 4 3 3 3 3 3 3 4 4 5 3 3 3 3 3 4 4 7 7 7 8 6 6 6 6 6 6 6 5
 2 2 2 2 2 2 3 3 2 2 2 3 3 4 5 5 4 4 4 5 5 5 4 4 4 4 8 5 5 3 4 4 6 6 6 5 5 5 5 5 5 5 4 4 4 3
 2 2 2 2 2 2 3 3 2 2 2 3 3 4 5 5 4 4 4 5 5 5 4 4 4 4 8 5 5 3 4 4 6 6 6 5 5 5 5 5 5 5 4 4 4 3
 22 22 32 32 32 26 3 3 2 2 3 4 4 5 5 5 8 8 9 5 5 5 6 6 6 6 12 10 10 7 7 7 6 6 6 4 4 3 3 3 3 3 3 3 3 2
 9 9 9 31 31 48 3 3 6 6 6 4 4 4 37 37 40 40 37 5 5 5 5 5 6 6 6 9 9 6 4 4 3 3 3 3 3 2 2 2 2 2 2 2 2 2
 9 9 9 31 31 48 3 3 6 6 6 4 4 4 37 37 40 40 37 5 5 5 5 5 6 6 6 9 9 6 4 4 3 3 3 3 3 2 2 2 2 2 2 2 2 2
 9 9 10 5 5 7 2 2 2 2 7 4 4 26 36 36 36 36 33 57 57 47 5 5 4 4 4 7 7 5 3 3 2 2 2 3 3 3 4 4 4 4 4 4 4 4
 9 9 10 5 5 7 2 2 2 2 7 4 4 26 36 36 36 36 33 57 57 47 5 5 4 4 4 7 7 5 3 3 2 2 2 3 3 3 4 4 4 4 4 4 4 4
 25 25 3 3 3 7 2 2 3 3 3 27 27 41 41 41 51 51 56 56 56 45 4 4 4 4 4 4 4 5 5 5 4 4 5 5 5 5 6 6 6 6 6 6 6 6
 26 26 2 2 2 1 1 1 4 4 25 25 25 39 39 39 48 48 48 51 51 54 57 57 46 46 5 5 5 9 10 10 8 8 9 8 8 7 7 7 6 6 6 6 6 6
 26 26 2 2 2 1 1 1 4 4 25 25 25 39 39 39 48 48 48 51 51 54 57 57 46 46 5 5 5 9 10 10 8 8 9 8 8 7 7 7 6 6 6 6 6 6
 5 5 3 2 2 1 1 1 2 2 2 15 15 34 35 35 47 47 47 51 51 6 6 6 7 7 7 6 6 7 10 10 9 9 8 7 7 7 6 6 5 5 5 4 4 3
 4 4 3 2 2 2 1 1 1 1 2 14 14 3 15 15 27 27 27 6 6 6 5 5 5 5 5 4 4 4 4 4 7 7 6 5 5 6 5 5 4 4 3 2 2 1
 4 4 3 2 2 2 1 1 1 1 2 14 14 3 15 15 27 27 27 6 6 6 5 5 5 5 5 4 4 4 4 4 7 7 6 5 5 6 5 5 4 4 3 2 2 1
 4 4 3 3 3 3 3 3 3 3 3 3 3 3 15 15 3 3 28 4 4 4 6 6 6 6 6 4 4 2 3 3 3 3 4 3 3 4 4 4 7 7 2 1 1 0
 4 4 3 3 3 3 3 3 3 3 3 3 3 3 15 15 3 3 28 4 4 4 6 6 6 6 6 4 4 2 3 3 3 3 4 3 3 4 4 4 7 7 2 1 1 0
 10 10 12 12 12 3 3 3 3 3 1 1 1 2 2 2 2 2 2 3 3 3 4 4 2 2 2 2 2 2 2 2 1 1 1 1 1 2 1 1 2 2 0 0 0 0
 8 8 11 11 11 1 1 1 1 1 1 1 1 1 1 1 0 0 1 0 0 0 0 0 1 1 1 1 1 2 2 2 2 2 1 0 0 0 0 0 1 1 0 0 0 0
 8 8 11 11 11 1 1 1 1 1 1 1 1 1 1 1 0 0 1 0 0 0 0 0 1 1 1 1 1 2 2 2 2 2 1 0 0 0 0 0 1 1 0 0 0 0
 1 1 1 1 1 1 0 0 0 0 0 0 0 0 0 0 0 0 0 0 0 0 0 0 0 0 0 0 0 1 1 1 1 1 0 0 0 0 0 0 0 0 0 0 0 0
 1 1 0 1 1 0 0 0 0 0 0 0 0 0 0 0 0 0 0 0 0 0 0 0 0 0 0 0 0 0 1 1 0 0 0 0 0 0 0 0 0 0 0 0 0 0
