assets/RAT_results/precipitation/2022-10-14_IMERG.asc
ncols        46
nrows        77
xllcorner    74.800261325624
yllcorner    8.058333333333
cellsize     0.062500000000
NODATA_value -9999
 1 1 4 4 4 3 4 4 5 5 6 8 8 11 11 11 8 8 8 7 7 12 10 10 5 5 9 12 12 13 18 18 16 16 11 15 15 5 10 10 12 12 21 24 24 27
 2 2 3 5 5 4 5 5 6 6 7 10 10 11 10 10 10 10 6 6 6 12 10 10 13 13 14 30 30 36 35 35 37 37 15 33 33 19 21 21 23 23 25 22 22 26
 2 2 3 5 5 4 5 5 6 6 7 10 10 11 10 10 10 10 6 6 6 12 10 10 13 13 14 30 30 36 35 35 37 37 15 33 33 19 21 21 23 23 25 22 22 26
 3 3 3 6 6 6 7 7 8 8 9 12 12 11 11 11 12 12 11 7 7 17 15 15 18 18 35 38 38 42 72 72 78 78 80 39 39 29 31 31 31 31 20 26 26 23
 2 2 3 6 6 7 7 7 8 8 9 12 12 8 8 8 9 9 12 22 22 19 20 20 17 17 38 50 50 46 82 82 102 102 93 57 57 49 38 38 34 34 31 20 20 17
 2 2 3 6 6 7 7 7 8 8 9 12 12 8 8 8 9 9 12 22 22 19 20 20 17 17 38 50 50 46 82 82 102 102 93 57 57 49 38 38 34 34 31 20 20 17
 1 1 2 6 6 7 7 7 8 8 8 8 8 7 10 10 13 13 8 23 23 25 24 24 20 20 36 40 40 50 76 76 108 108 105 58 58 38 35 35 24 24 21 19 19 20
 1 1 2 6 6 7 7 7 8 8 8 8 8 7 10 10 13 13 8 23 23 25 24 24 20 20 36 40 40 50 76 76 108 108 105 58 58 38 35 35 24 24 21 19 19 20
 2 2 4 10 10 12 11 11 10 10 8 7 7 7 10 10 10 10 11 23 23 22 25 25 25 25 40 43 43 50 80 80 66 66 93 56 56 50 28 28 31 31 32 29 29 31
 4 4 7 16 16 14 10 10 11 11 9 7 7 7 11 11 9 9 8 18 18 20 21 21 26 26 40 39 39 42 57 57 52 52 85 68 68 61 34 34 29 29 25 26 26 27
 4 4 7 16 16 14 10 10 11 11 9 7 7 7 11 11 9 9 8 18 18 20 21 21 26 26 40 39 39 42 57 57 52 52 85 68 68 61 34 34 29 29 25 26 26 27
 4 4 5 5 5 8 6 6 7 7 7 4 4 5 6 6 8 8 7 19 19 19 18 18 35 35 43 34 34 44 43 43 52 52 68 71 71 65 37 37 35 35 25 21 21 25
 3 3 2 2 2 5 10 10 6 6 7 5 5 4 5 5 6 6 13 15 15 18 17 17 36 36 45 36 36 39 42 42 49 49 53 51 51 66 46 46 44 44 35 25 25 22
 3 3 2 2 2 5 10 10 6 6 7 5 5 4 5 5 6 6 13 15 15 18 17 17 36 36 45 36 36 39 42 42 49 49 53 51 51 66 46 46 44 44 35 25 25 22
 2 2 2 1 1 5 6 6 8 8 6 5 5 6 4 4 7 7 11 14 14 15 17 17 33 33 34 32 32 36 37 37 43 43 52 51 51 69 40 40 40 40 36 38 38 33
 2 2 2 1 1 5 6 6 8 8 6 5 5 6 4 4 7 7 11 14 14 15 17 17 33 33 34 32 32 36 37 37 43 43 52 51 51 69 40 40 40 40 36 38 38 33
 1 1 1 1 1 5 4 4 3 3 4 7 7 5 4 4 6 6 12 13 13 19 16 16 32 32 35 31 31 36 39 39 41 41 40 40 40 43 40 40 43 43 44 41 41 30
 1 1 1 0 0 2 1 1 3 3 3 5 5 5 8 8 8 8 14 14 14 21 18 18 30 30 33 26 26 37 37 37 41 41 41 38 38 39 44 44 44 44 41 38 38 32
 1 1 1 0 0 2 1 1 3 3 3 5 5 5 8 8 8 8 14 14 14 21 18 18 30 30 33 26 26 37 37 37 41 41 41 38 38 39 44 44 44 44 41 38 38 32
 0 0 1 1 1 1 1 1 1 1 1 4 4 7 13 13 13 13 15 14 14 16 24 24 24 24 24 33 33 33 38 38 41 41 37 37 37 38 41 41 42 42 35 31 31 31
 0 0 1 1 1 1 1 1 1 1 2 3 3 5 14 14 15 15 13 14 14 15 17 17 20 20 23 31 31 33 36 36 40 40 39 36 36 35 38 38 36 36 32 31 31 23
 0 0 1 1 1 1 1 1 1 1 2 3 3 5 14 14 15 15 13 14 14 15 17 17 20 20 23 31 31 33 36 36 40 40 39 36 36 35 38 38 36 36 32 31 31 23
 0 0 0 0 0 1 1 1 1 1 1 1 1 4 7 7 11 11 12 13 13 13 17 17 16 16 18 25 25 27 30 30 35 35 34 36 36 37 38 38 32 32 31 31 31 21
 0 0 0 0 0 1 1 1 1 1 1 1 1 4 7 7 11 11 12 13 13 13 17 17 16 16 18 25 25 27 30 30 35 35 34 36 36 37 38 38 32 32 31 31 31 21
 0 0 0 0 0 1 1 1 1 1 1 1 1 3 4 4 7 7 7 7 7 8 8 8 7 7 7 14 14 29 28 28 36 36 34 34 34 33 33 33 22 22 19 16 16 17
 0 0 1 0 0 1 1 1 1 1 1 0 0 0 0 0 3 3 4 2 2 3 3 3 7 7 5 16 16 16 21 21 23 23 25 16 16 19 18 18 21 21 28 15 15 18
 0 0 1 0 0 1 1 1 1 1 1 0 0 0 0 0 3 3 4 2 2 3 3 3 7 7 5 16 16 16 21 21 23 23 25 16 16 19 18 18 21 21 28 15 15 18
 0 0 0 0 0 0 1 1 0 0 0 0 0 0 0 0 2 2 3 2 2 2 2 2 2 2 3 7 7 4 8 8 7 7 17 11 11 14 10 10 12 12 12 4 4 6
 0 0 0 0 0 0 2 2 1 1 0 0 0 0 1 1 2 2 3 2 2 2 3 3 4 4 4 3 3 3 9 9 13 13 8 7 7 7 6 6 6 6 16 13 13 15
 0 0 0 0 0 0 2 2 1 1 0 0 0 0 1 1 2 2 3 2 2 2 3 3 4 4 4 3 3 3 9 9 13 13 8 7 7 7 6 6 6 6 16 13 13 15
 1 1 1 0 0 0 1 1 0 0 0 0 0 0 1 1 1 1 2 3 3 6 7 7 5 5 4 7 7 6 6 6 6 6 10 10 10 14 15 15 14 14 16 14 14 16
 1 1 1 0 0 0 1 1 0 0 0 0 0 0 1 1 1 1 2 3 3 6 7 7 5 5 4 7 7 6 6 6 6 6 10 10 10 14 15 15 14 14 16 14 14 16
 2 2 1 1 1 1 1 1 0 0 2 2 2 2 3 3 2 2 2 4 4 5 6 6 4 4 6 9 9 4 4 4 8 8 21 23 23 20 18 18 18 18 20 27 27 37
 2 2 1 1 1 1 1 1 2 2 1 2 2 2 3 3 1 1 2 4 4 3 3 3 5 5 5 3 3 4 7 7 11 11 23 17 17 26 29 29 29 29 26 24 24 26
 2 2 1 1 1 1 1 1 2 2 1 2 2 2 3 3 1 1 2 4 4 3 3 3 5 5 5 3 3 4 7 7 11 11 23 17 17 26 29 29 29 29 26 24 24 26
 0 0 0 0 0 0 0 0 2 2 4 1 1 0 1 1 1 1 1 2 2 2 1 1 2 2 2 3 3 2 5 5 4 4 15 15 15 24 16 16 21 21 19 19 19 27
 0 0 1 0 0 0 0 0 1 1 2 3 3 1 1 1 1 1 1 1 1 2 1 1 1 1 1 2 2 2 2 2 6 6 3 8 8 12 11 11 14 14 18 18 18 19
 0 0 1 0 0 0 0 0 1 1 2 3 3 1 1 1 1 1 1 1 1 2 1 1 1 1 1 2 2 2 2 2 6 6 3 8 8 12 11 11 14 14 18 18 18 19
 2 2 3 1 1 0 0 0 0 0 0 0 0 1 1 1 1 1 2 1 1 2 1 1 1 1 1 1 1 2 2 2 3 3 3 9 9 14 16 16 16 16 15 18 18 15
 2 2 3 1 1 0 0 0 0 0 0 0 0 1 1 1 1 1 2 1 1 2 1 1 1 1 1 1 1 2 2 2 3 3 3 9 9 14 16 16 16 16 15 18 18 15
 4 4 4 2 2 1 0 0 0 0 0 0 0 1 2 2 2 2 2 1 1 2 2 2 1 1 2 2 2 2 5 5 7 7 7 12 12 17 19 19 16 16 20 23 23 24
 2 2 2 2 2 5 1 1 0 0 0 0 0 1 1 1 4 4 2 1 1 2 2 2 3 3 2 2 2 3 5 5 7 7 7 16 16 28 35 35 32 32 38 31 31 26
 2 2 2 2 2 5 1 1 0 0 0 0 0 1 1 1 4 4 2 1 1 2 2 2 3 3 2 2 2 3 5 5 7 7 7 16 16 28 35 35 32 32 38 31 31 26
 1 1 1 1 1 2 0 0 0 0 0 0 0 1 1 1 1 1 1 1 1 1 3 3 4 4 3 1 1 3 3 3 6 6 9 23 23 35 35 35 39 39 51 31 31 32
 1 1 1 0 0 0 0 0 0 0 0 1 1 1 1 1 1 1 1 1 1 1 6 6 8 8 8 6 6 5 4 4 7 7 12 18 18 29 32 32 32 32 36 30 30 36
 1 1 1 0 0 0 0 0 0 0 0 1 1 1 1 1 1 1 1 1 1 1 6 6 8 8 8 6 6 5 4 4 7 7 12 18 18 29 32 32 32 32 36 30 30 36
 6 6 1 0 0 0 0 0 0 0 0 1 1 1 1 1 1 1 1 1 1 1 5 5 9 9 10 9 9 9 10 10 12 12 15 17 17 27 23 23 29 29 33 37 37 41
 6 6 1 0 0 0 0 0 0 0 0 1 1 1 1 1 1 1 1 1 1 1 5 5 9 9 10 9 9 9 10 10 12 12 15 17 17 27 23 23 29 29 33 37 37 41
 6 6 3 0 0 0 0 0 0 0 0 1 1 1 1 1 1 1 1 1 1 1 5 5 8 8 10 10 10 10 12 12 14 14 17 19 19 26 27 27 33 33 39 39 39 41
 13 13 5 3 3 0 0 0 1 1 2 1 1 4 2 2 2 2 2 1 1 1 5 5 10 10 10 8 8 8 14 14 14 14 16 15 15 18 21 21 26 26 40 39 39 46
 13 13 5 3 3 0 0 0 1 1 2 1 1 4 2 2 2 2 2 1 1 1 5 5 10 10 10 8 8 8 14 14 14 14 16 15 15 18 21 21 26 26 40 39 39 46
 20 20 14 7 7 4 5 5 4 4 5 5 5 4 2 2 1 1 1 1 1 5 6 6 13 13 11 13 13 17 17 17 17 17 18 16 16 18 19 19 22 22 32 39 39 40
 19 19 20 11 11 11 14 14 16 16 10 6 6 5 4 4 3 3 3 2 2 3 16 16 17 17 17 19 19 20 20 20 15 15 18 17 17 18 19 19 25 25 31 37 37 34
 19 19 20 11 11 11 14 14 16 16 10 6 6 5 4 4 3 3 3 2 2 3 16 16 17 17 17 19 19 20 20 20 15 15 18 17 17 18 19 19 25 25 31 37 37 34
 19 19 16 18 18 11 16 16 23 23 8 6 6 5 5 5 3 3 3 2 2 3 16 16 18 18 17 18 18 20 21 21 21 21 23 23 23 20 20 20 19 19 24 28 28 30
 19 19 16 18 18 11 16 16 23 23 8 6 6 5 5 5 3 3 3 2 2 3 16 16 18 18 17 18 18 20 21 21 21 21 23 23 23 20 20 20 19 19 24 28 28 30
 21 21 21 9 9 7 8 8 7 7 8 9 9 8 9 9 5 5 4 3 3 2 14 14 17 17 17 17 17 15 14 14 17 17 20 21 21 22 22 22 23 23 19 17 17 18
 6 6 18 11 11 6 5 5 4 4 4 4 4 8 5 5 8 8 8 6 6 2 5 5 9 9 10 12 12 14 13 13 11 11 16 14 14 17 16 16 18 18 12 10 10 12
 6 6 18 11 11 6 5 5 4 4 4 4 4 8 5 5 8 8 8 6 6 2 5 5 9 9 10 12 12 14 13 13 11 11 16 14 14 17 16 16 18 18 12 10 10 12
 5 5 12 17 17 8 7 7 6 6 5 3 3 5 4 4 6 6 9 10 10 5 2 2 8 8 6 8 8 9 7 7 7 7 8 10 10 11 11 11 8 8 8 3 3 3
 3 3 5 15 15 22 11 11 6 6 7 3 3 2 4 4 5 5 7 17 17 15 5 5 3 3 3 7 7 8 6 6 4 4 2 3 3 3 3 3 2 2 3 2 2 1
 3 3 5 15 15 22 11 11 6 6 7 3 3 2 4 4 5 5 7 17 17 15 5 5 3 3 3 7 7 8 6 6 4 4 2 3 3 3 3 3 2 2 3 2 2 1
 3 3 3 9 9 20 28 28 8 8 6 4 4 2 4 4 4 4 8 7 7 14 7 7 1 1 1 4 4 5 4 4 5 5 3 2 2 6 3 3 5 5 1 2 2 1
 3 3 3 9 9 20 28 28 8 8 6 4 4 2 4 4 4 4 8 7 7 14 7 7 1 1 1 4 4 5 4 4 5 5 3 2 2 6 3 3 5 5 1 2 2 1
 8 8 6 9 9 13 23 23 8 8 9 3 3 8 5 5 1 1 2 4 4 7 5 5 2 2 1 0 0 2 2 2 3 3 2 3 3 5 6 6 6 6 8 4 4 2
 16 16 11 15 15 19 25 25 18 18 13 10 10 8 3 3 2 2 1 2 2 2 4 4 3 3 4 1 1 2 1 1 2 2 3 5 5 8 11 11 13 13 12 20 20 7
 16 16 11 15 15 19 25 25 18 18 13 10 10 8 3 3 2 2 1 2 2 2 4 4 3 3 4 1 1 2 1 1 2 2 3 5 5 8 11 11 13 13 12 20 20 7
 25 25 24 20 20 28 28 28 29 29 29 26 26 15 6 6 6 6 4 4 4 1 2 2 3 3 7 1 1 1 1 1 1 1 3 4 4 6 9 9 10 10 15 7 7 6
 35 35 33 25 25 29 34 34 40 40 38 33 33 18 8 8 10 10 4 4 4 1 1 1 1 1 2 2 2 2 1 1 1 1 4 5 5 5 8 8 7 7 11 7 7 4
 35 35 33 25 25 29 34 34 40 40 38 33 33 18 8 8 10 10 4 4 4 1 1 1 1 1 2 2 2 2 1 1 1 1 4 5 5 5 8 8 7 7 11 7 7 4
 21 21 25 23 23 25 36 36 43 43 43 31 31 19 16 16 15 15 5 4 4 3 2 2 2 2 2 2 2 2 1 1 0 0 1 1 1 1 0 0 0 0 8 7 7 2
 21 21 25 23 23 25 36 36 43 43 43 31 31 19 16 16 15 15 5 4 4 3 2 2 2 2 2 2 2 2 1 1 0 0 1 1 1 1 0 0 0 0 8 7 7 2
 11 11 12 16 16 18 34 34 28 28 25 26 26 21 22 22 22 22 14 7 7 4 4 4 2 2 2 1 1 2 1 1 2 2 0 0 0 1 1 1 1 1 1 0 0 1
 13 13 12 15 15 19 28 28 30 30 31 22 22 30 19 19 26 26 20 15 15 11 6 6 3 3 3 1 1 1 1 1 2 2 0 0 0 0 0 0 0 0 1 1 1 2
 13 13 12 15 15 19 28 28 30 30 31 22 22 30 19 19 26 26 20 15 15 11 6 6 3 3 3 1 1 1 1 1 2 2 0 0 0 0 0 0 0 0 1 1 1 2
 17 17 13 17 17 27 29 29 32 32 33 27 27 29 22 22 22 22 24 20 20 13 8 8 5 5 3 1 1 1 1 1 3 3 3 0 0 0 0 0 1 1 3 2 2 1
 20 20 18 21 21 28 32 32 31 31 36 31 31 27 27 27 29 29 15 11 11 11 8 8 12 12 12 11 11 2 1 1 2 2 7 8 8 1 0 0 0 0 1 0 0 0
