assets/RAT_results/precipitation/2022-05-10_IMERG.asc
ncols        46
nrows        77
xllcorner    74.800261325624
yllcorner    8.058333333333
cellsize     0.062500000000
NODATA_value -9999
 1 1 2 7 7 6 7 7 7 7 9 15 15 15 14 14 5 5 6 7 7 7 12 12 9 9 13 11 11 10 11 11 17 17 19 21 21 23 32 32 37 37 39 26 26 29
 1 1 2 7 7 6 5 5 5 5 5 4 4 8 8 8 6 6 6 8 8 11 9 9 9 9 9 11 11 14 13 13 21 21 26 31 31 24 26 26 27 27 26 21 21 24
 1 1 2 7 7 6 5 5 5 5 5 4 4 8 8 8 6 6 6 8 8 11 9 9 9 9 9 11 11 14 13 13 21 21 26 31 31 24 26 26 27 27 26 21 21 24
 1 1 1 2 2 4 3 3 3 3 5 4 4 10 8 8 8 8 7 8 8 9 7 7 5 5 7 11 11 12 19 19 24 24 25 29 29 24 24 24 25 25 21 15 15 14
 1 1 1 1 1 2 3 3 2 2 5 4 4 9 9 9 9 9 5 5 5 5 4 4 7 7 10 10 10 13 18 18 11 11 16 21 21 23 20 20 22 22 19 13 13 14
 1 1 1 1 1 2 3 3 2 2 5 4 4 9 9 9 9 9 5 5 5 5 4 4 7 7 10 10 10 13 18 18 11 11 16 21 21 23 20 20 22 22 19 13 13 14
 0 0 1 3 3 3 3 3 3 3 3 4 4 6 9 9 8 8 4 4 4 4 6 6 9 9 11 13 13 17 18 18 14 14 18 16 16 18 13 13 12 12 10 9 9 11
 0 0 1 3 3 3 3 3 3 3 3 4 4 6 9 9 8 8 4 4 4 4 6 6 9 9 11 13 13 17 18 18 14 14 18 16 16 18 13 13 12 12 10 9 9 11
 0 0 0 1 1 1 3 3 3 3 3 3 3 6 8 8 9 9 10 11 11 8 9 9 11 11 17 18 18 17 15 15 11 11 14 21 21 15 10 10 10 10 10 9 9 10
 1 1 0 1 1 1 3 3 3 3 3 4 4 4 7 7 7 7 12 13 13 9 11 11 12 12 14 17 17 16 13 13 15 15 18 19 19 19 15 15 15 15 15 9 9 8
 1 1 0 1 1 1 3 3 3 3 3 4 4 4 7 7 7 7 12 13 13 9 11 11 12 12 14 17 17 16 13 13 15 15 18 19 19 19 15 15 15 15 15 9 9 8
 1 1 1 1 1 2 3 3 4 4 5 4 4 3 7 7 8 8 15 17 17 12 11 11 11 11 8 8 8 8 10 10 13 13 12 13 13 17 24 24 23 23 15 10 10 8
 2 2 2 3 3 3 3 3 4 4 5 5 5 4 5 5 9 9 12 12 12 10 9 9 8 8 7 6 6 9 12 12 12 12 10 10 10 12 29 29 21 21 15 9 9 9
 2 2 2 3 3 3 3 3 4 4 5 5 5 4 5 5 9 9 12 12 12 10 9 9 8 8 7 6 6 9 12 12 12 12 10 10 10 12 29 29 21 21 15 9 9 9
 3 3 3 3 3 3 7 7 6 6 8 8 8 12 10 10 8 8 11 10 10 8 7 7 6 6 5 5 5 9 8 8 9 9 8 8 8 9 24 24 23 23 20 12 12 11
 3 3 3 3 3 3 7 7 6 6 8 8 8 12 10 10 8 8 11 10 10 8 7 7 6 6 5 5 5 9 8 8 9 9 8 8 8 9 24 24 23 23 20 12 12 11
 4 4 4 4 4 5 5 5 9 9 10 8 8 15 13 13 10 10 15 6 6 5 4 4 4 4 3 5 5 9 7 7 6 6 6 8 8 9 18 18 23 23 20 11 11 8
 5 5 5 4 4 4 4 4 9 9 12 8 8 21 19 19 11 11 10 6 6 4 3 3 3 3 3 3 3 8 7 7 6 6 9 11 11 10 16 16 16 16 14 11 11 10
 5 5 5 4 4 4 4 4 9 9 12 8 8 21 19 19 11 11 10 6 6 4 3 3 3 3 3 3 3 8 7 7 6 6 9 11 11 10 16 16 16 16 14 11 11 10
 4 4 5 5 5 5 6 6 7 7 9 11 11 16 20 20 10 10 6 6 6 4 2 2 2 2 2 3 3 6 8 8 6 6 9 10 10 9 11 11 13 13 18 14 14 11
 4 4 5 5 5 5 5 5 5 5 6 13 13 15 17 17 18 18 14 9 9 3 2 2 2 2 2 3 3 5 8 8 6 6 6 6 6 6 8 8 10 10 18 17 17 17
 4 4 5 5 5 5 5 5 5 5 6 13 13 15 17 17 18 18 14 9 9 3 2 2 2 2 2 3 3 5 8 8 6 6 6 6 6 6 8 8 10 10 18 17 17 17
 4 4 4 4 4 4 4 4 5 5 6 6 6 12 12 12 15 15 12 15 15 6 2 2 2 2 2 3 3 4 5 5 4 4 4 5 5 5 6 6 7 7 12 13 13 12
 4 4 4 4 4 4 4 4 5 5 6 6 6 12 12 12 15 15 12 15 15 6 2 2 2 2 2 3 3 4 5 5 4 4 4 5 5 5 6 6 7 7 12 13 13 12
 2 2 2 3 3 3 3 3 4 4 6 6 6 12 11 11 14 14 13 17 17 19 9 9 8 8 2 2 2 4 4 4 4 4 6 6 6 5 5 5 4 4 8 8 8 9
 1 1 1 2 2 2 2 2 4 4 6 9 9 11 9 9 14 14 19 20 20 25 11 11 10 10 3 2 2 3 4 4 6 6 6 5 5 9 7 7 5 5 4 4 4 5
 1 1 1 2 2 2 2 2 4 4 6 9 9 11 9 9 14 14 19 20 20 25 11 11 10 10 3 2 2 3 4 4 6 6 6 5 5 9 7 7 5 5 4 4 4 5
 1 1 1 2 2 2 3 3 4 4 6 10 10 10 11 11 13 13 14 24 24 25 22 22 11 11 4 3 3 4 4 4 5 5 5 3 3 6 6 6 4 4 3 3 3 4
 1 1 1 1 1 2 3 3 4 4 6 8 8 24 12 12 11 11 11 28 28 30 25 25 17 17 7 4 4 5 4 4 4 4 5 5 5 4 6 6 5 5 3 3 3 3
 1 1 1 1 1 2 3 3 4 4 6 8 8 24 12 12 11 11 11 28 28 30 25 25 17 17 7 4 4 5 4 4 4 4 5 5 5 4 6 6 5 5 3 3 3 3
 5 5 5 2 2 2 4 4 6 6 6 6 6 11 7 7 6 6 11 25 25 25 25 25 17 17 13 7 7 5 4 4 3 3 3 3 3 3 3 3 4 4 2 2 2 3
 5 5 5 2 2 2 4 4 6 6 6 6 6 11 7 7 6 6 11 25 25 25 25 25 17 17 13 7 7 5 4 4 3 3 3 3 3 3 3 3 4 4 2 2 2 3
 3 3 3 4 4 4 6 6 8 8 6 7 7 7 8 8 6 6 20 25 25 21 25 25 22 22 15 9 9 6 4 4 4 4 2 3 3 3 3 3 2 2 3 3 3 4
 4 4 5 6 6 7 9 9 9 9 8 9 9 13 9 9 5 5 15 16 16 17 23 23 26 26 9 10 10 7 4 4 6 6 5 4 4 3 3 3 2 2 3 4 4 4
 4 4 5 6 6 7 9 9 9 9 8 9 9 13 9 9 5 5 15 16 16 17 23 23 26 26 9 10 10 7 4 4 6 6 5 4 4 3 3 3 2 2 3 4 4 4
 5 5 6 7 7 8 9 9 10 10 11 10 10 12 25 25 21 21 37 13 13 18 23 23 17 17 8 6 6 6 7 7 6 6 5 3 3 5 3 3 2 2 2 4 4 3
 6 6 8 9 9 10 10 10 14 14 17 16 16 14 27 27 22 22 35 39 39 29 23 23 14 14 12 10 10 5 5 5 5 5 6 6 6 5 3 3 2 2 2 2 2 2
 6 6 8 9 9 10 10 10 14 14 17 16 16 14 27 27 22 22 35 39 39 29 23 23 14 14 12 10 10 5 5 5 5 5 6 6 6 5 3 3 2 2 2 2 2 2
 6 6 8 10 10 12 12 12 15 15 16 17 17 18 16 16 31 31 30 41 41 31 27 27 14 14 12 20 20 10 9 9 9 9 7 6 6 7 7 7 3 3 2 3 3 3
 6 6 8 10 10 12 12 12 15 15 16 17 17 18 16 16 31 31 30 41 41 31 27 27 14 14 12 20 20 10 9 9 9 9 7 6 6 7 7 7 3 3 2 3 3 3
 5 5 6 8 8 10 12 12 12 12 13 14 14 12 10 10 12 12 31 31 31 31 33 33 23 23 28 22 22 14 25 25 12 12 6 6 6 7 7 7 6 6 4 3 3 6
 4 4 5 7 7 8 9 9 10 10 12 13 13 13 10 10 11 11 10 19 19 25 18 18 19 19 20 17 17 27 28 28 16 16 9 9 9 5 6 6 6 6 4 3 3 6
 4 4 5 7 7 8 9 9 10 10 12 13 13 13 10 10 11 11 10 19 19 25 18 18 19 19 20 17 17 27 28 28 16 16 9 9 9 5 6 6 6 6 4 3 3 6
 3 3 3 4 4 5 6 6 7 7 8 8 8 9 8 8 7 7 11 13 13 23 19 19 20 20 19 21 21 19 23 23 17 17 15 9 9 2 1 1 3 3 2 3 3 7
 1 1 1 2 2 2 3 3 4 4 4 5 5 6 8 8 6 6 10 13 13 14 19 19 22 22 26 26 26 22 33 33 17 17 18 7 7 3 2 2 4 4 4 2 2 5
 1 1 1 2 2 2 3 3 4 4 4 5 5 6 8 8 6 6 10 13 13 14 19 19 22 22 26 26 26 22 33 33 17 17 18 7 7 3 2 2 4 4 4 2 2 5
 1 1 1 1 1 1 1 1 2 2 2 3 3 4 6 6 5 5 6 6 6 11 14 14 26 26 28 27 27 37 42 42 25 25 23 8 8 11 4 4 2 2 3 4 4 5
 1 1 1 1 1 1 1 1 2 2 2 3 3 4 6 6 5 5 6 6 6 11 14 14 26 26 28 27 27 37 42 42 25 25 23 8 8 11 4 4 2 2 3 4 4 5
 1 1 1 1 1 1 1 1 1 1 2 2 2 3 4 4 4 4 5 6 6 6 10 10 21 21 32 31 31 47 53 53 45 45 33 24 24 17 6 6 4 4 5 2 2 2
 0 0 1 1 1 1 1 1 1 1 2 2 2 2 2 2 3 3 4 5 5 6 7 7 22 22 25 26 26 34 48 48 37 37 39 34 34 25 12 12 7 7 4 1 1 1
 0 0 1 1 1 1 1 1 1 1 2 2 2 2 2 2 3 3 4 5 5 6 7 7 22 22 25 26 26 34 48 48 37 37 39 34 34 25 12 12 7 7 4 1 1 1
 0 0 1 4 4 3 2 2 2 2 2 5 5 2 2 2 3 3 3 7 7 12 13 13 21 21 23 23 23 21 13 13 26 26 39 37 37 26 12 12 9 9 5 1 1 1
 1 1 1 3 3 6 6 6 4 4 6 6 6 6 5 5 5 5 5 5 5 9 14 14 13 13 12 13 13 15 13 13 26 26 22 38 38 21 14 14 13 13 8 3 3 1
 1 1 1 3 3 6 6 6 4 4 6 6 6 6 5 5 5 5 5 5 5 9 14 14 13 13 12 13 13 15 13 13 26 26 22 38 38 21 14 14 13 13 8 3 3 1
 1 1 2 2 2 2 3 3 2 2 2 3 3 2 5 5 5 5 5 5 5 10 9 9 13 13 9 13 13 14 12 12 22 22 23 39 39 17 1 1 12 12 3 3 3 3
 1 1 2 2 2 2 3 3 2 2 2 3 3 2 5 5 5 5 5 5 5 10 9 9 13 13 9 13 13 14 12 12 22 22 23 39 39 17 1 1 12 12 3 3 3 3
 2 2 3 3 3 2 2 2 3 3 4 3 3 2 5 5 5 5 7 4 4 5 8 8 12 12 15 19 19 6 7 7 14 14 12 11 11 2 2 2 3 3 1 1 1 3
 3 3 4 4 4 3 3 3 5 5 6 4 4 2 2 2 3 3 3 3 3 5 4 4 4 4 8 17 17 10 7 7 9 9 12 6 6 3 3 3 2 2 4 2 2 2
 3 3 4 4 4 3 3 3 5 5 6 4 4 2 2 2 3 3 3 3 3 5 4 4 4 4 8 17 17 10 7 7 9 9 12 6 6 3 3 3 2 2 4 2 2 2
 5 5 6 8 8 7 7 7 8 8 9 6 6 3 2 2 2 2 3 5 5 5 3 3 3 3 7 4 4 10 7 7 6 6 10 5 5 3 3 3 5 5 6 5 5 2
 9 9 9 11 11 10 11 11 12 12 12 8 8 3 2 2 3 3 3 7 7 9 5 5 3 3 3 3 3 6 6 6 6 6 9 5 5 3 3 3 3 3 3 3 3 2
 9 9 9 11 11 10 11 11 12 12 12 8 8 3 2 2 3 3 3 7 7 9 5 5 3 3 3 3 3 6 6 6 6 6 9 5 5 3 3 3 3 3 3 3 3 2
 9 9 10 12 12 11 11 11 13 13 9 6 6 4 3 3 3 3 3 5 5 9 6 6 4 4 3 6 6 9 10 10 6 6 5 2 2 3 2 2 1 1 2 3 3 3
 9 9 10 12 12 11 11 11 13 13 9 6 6 4 3 3 3 3 3 5 5 9 6 6 4 4 3 6 6 9 10 10 6 6 5 2 2 3 2 2 1 1 2 3 3 3
 7 7 8 9 9 9 11 11 11 11 7 5 5 4 5 5 4 4 3 3 3 5 8 8 4 4 3 10 10 11 12 12 6 6 3 2 2 2 1 1 1 1 2 3 3 4
 5 5 7 5 5 4 5 5 6 6 4 4 4 5 8 8 7 7 6 5 5 9 8 8 8 8 8 8 8 11 13 13 5 5 3 4 4 3 2 2 2 2 2 3 3 3
 5 5 7 5 5 4 5 5 6 6 4 4 4 5 8 8 7 7 6 5 5 9 8 8 8 8 8 8 8 11 13 13 5 5 3 4 4 3 2 2 2 2 2 3 3 3
 4 4 4 3 3 3 3 3 4 4 5 5 5 9 10 10 8 8 9 9 9 13 9 9 9 9 6 6 6 9 12 12 6 6 2 3 3 5 3 3 2 2 3 4 4 5
 3 3 4 3 3 3 3 3 3 3 4 6 6 9 8 8 9 9 10 11 11 9 7 7 9 9 10 6 6 5 5 5 6 6 2 3 3 4 3 3 4 4 5 4 4 4
 3 3 4 3 3 3 3 3 3 3 4 6 6 9 8 8 9 9 10 11 11 9 7 7 9 9 10 6 6 5 5 5 6 6 2 3 3 4 3 3 4 4 5 4 4 4
 2 2 3 3 3 3 3 3 4 4 5 9 9 9 13 13 14 14 11 9 9 8 7 7 11 11 14 10 10 8 6 6 6 6 4 5 5 5 4 4 6 6 6 4 4 4
 2 2 3 3 3 3 3 3 4 4 5 9 9 9 13 13 14 14 11 9 9 8 7 7 11 11 14 10 10 8 6 6 6 6 4 5 5 5 4 4 6 6 6 4 4 4
 1 1 2 3 3 8 8 8 12 12 7 8 8 7 10 10 11 11 9 7 7 5 3 3 4 4 3 8 8 7 4 4 5 5 6 6 6 7 6 6 6 6 7 5 5 4
 1 1 2 3 3 7 9 9 12 12 6 6 6 5 8 8 8 8 9 10 10 8 6 6 4 4 2 1 1 1 1 1 1 1 1 2 2 4 4 4 5 5 6 6 6 6
 1 1 2 3 3 7 9 9 12 12 6 6 6 5 8 8 8 8 9 10 10 8 6 6 4 4 2 1 1 1 1 1 1 1 1 2 2 4 4 4 5 5 6 6 6 6
 1 1 3 3 3 6 7 7 8 8 19 17 17 20 8 8 6 6 6 7 7 6 3 3 2 2 2 2 2 2 1 1 1 1 1 1 1 1 2 2 3 3 5 6 6 5
 2 2 4 4 4 2 3 3 4 4 4 17 17 7 9 9 8 8 6 6 6 5 3 3 3 3 2 1 1 1 1 1 1 1 0 0 0 1 1 1 2 2 4 3 3 3
