assets/RAT_results/precipitation/2022-10-15_IMERG.asc
ncols        46
nrows        77
xllcorner    74.800261325624
yllcorner    8.058333333333
cellsize     0.062500000000
NODATA_value -9999
 13 13 20 18 18 17 26 26 30 30 28 45 45 51 51 51 52 52 53 53 53 56 46 46 47 47 44 30 30 34 23 23 19 19 18 17 17 13 23 23 8 8 15 22 22 16
 13 13 21 19 19 21 24 24 28 28 47 42 42 56 51 51 52 52 54 55 55 56 59 59 58 58 55 44 44 47 31 31 27 27 17 16 16 19 25 25 31 31 25 15 15 14
 13 13 21 19 19 21 24 24 28 28 47 42 42 56 51 51 52 52 54 55 55 56 59 59 58 58 55 44 44 47 31 31 27 27 17 16 16 19 25 25 31 31 25 15 15 14
 26 26 30 24 24 19 20 20 26 26 44 42 42 56 65 65 67 67 68 76 76 77 68 68 55 55 54 46 46 49 50 50 34 34 37 41 41 54 57 57 56 56 26 8 8 9
 10 10 33 27 27 22 20 20 25 25 36 35 35 51 66 66 66 66 68 75 75 75 70 70 62 62 61 58 58 55 70 70 72 72 30 37 37 60 55 55 51 51 44 42 42 22
 10 10 33 27 27 22 20 20 25 25 36 35 35 51 66 66 66 66 68 75 75 75 70 70 62 62 61 58 58 55 70 70 72 72 30 37 37 60 55 55 51 51 44 42 42 22
 8 8 11 19 19 24 21 21 19 19 24 46 46 50 66 66 66 66 68 77 77 75 76 76 58 58 53 58 58 56 60 60 69 69 34 37 37 32 37 37 24 24 37 44 44 53
 8 8 11 19 19 24 21 21 19 19 24 46 46 50 66 66 66 66 68 77 77 75 76 76 58 58 53 58 58 56 60 60 69 69 34 37 37 32 37 37 24 24 37 44 44 53
 7 7 7 16 16 17 20 20 21 21 26 47 47 45 50 50 52 52 52 97 97 98 97 97 58 58 55 58 58 52 39 39 66 66 47 23 23 24 34 34 22 22 36 47 47 50
 6 6 6 14 14 17 20 20 20 20 18 26 26 49 50 50 53 53 54 98 98 99 99 99 60 60 77 82 82 65 48 48 49 49 37 25 25 20 21 21 20 20 36 47 47 50
 6 6 6 14 14 17 20 20 20 20 18 26 26 49 50 50 53 53 54 98 98 99 99 99 60 60 77 82 82 65 48 48 49 49 37 25 25 20 21 21 20 20 36 47 47 50
 4 4 4 5 5 10 14 14 15 15 14 25 25 48 47 47 52 52 96 102 102 103 61 61 70 70 78 80 80 61 61 61 52 52 50 11 11 17 18 18 43 43 43 38 38 45
 3 3 3 6 6 7 12 12 13 13 16 15 15 31 48 48 49 49 58 96 96 81 66 66 73 73 97 69 69 81 57 57 45 45 45 29 29 6 18 18 42 42 43 60 60 21
 3 3 3 6 6 7 12 12 13 13 16 15 15 31 48 48 49 49 58 96 96 81 66 66 73 73 97 69 69 81 57 57 45 45 45 29 29 6 18 18 42 42 43 60 60 21
 3 3 4 11 11 12 11 11 16 16 17 16 16 20 29 29 48 48 57 69 69 77 61 61 43 43 86 43 43 40 37 37 32 32 29 29 29 21 31 31 54 54 65 62 62 12
 3 3 4 11 11 12 11 11 16 16 17 16 16 20 29 29 48 48 57 69 69 77 61 61 43 43 86 43 43 40 37 37 32 32 29 29 29 21 31 31 54 54 65 62 62 12
 2 2 5 7 7 8 9 9 13 13 14 14 14 18 28 28 50 50 50 50 50 50 51 51 32 32 61 42 42 38 38 38 14 14 16 24 24 38 60 60 57 57 63 66 66 43
 1 1 4 4 4 6 10 10 9 9 17 18 18 18 21 21 26 26 27 50 50 50 50 50 31 31 36 34 34 27 18 18 19 19 29 21 21 37 70 70 71 71 74 85 85 54
 1 1 4 4 4 6 10 10 9 9 17 18 18 18 21 21 26 26 27 50 50 50 50 50 31 31 36 34 34 27 18 18 19 19 29 21 21 37 70 70 71 71 74 85 85 54
 1 1 1 2 2 2 4 4 10 10 10 15 15 18 22 22 27 27 26 40 40 46 46 46 47 47 42 54 54 43 22 22 20 20 28 34 34 40 43 43 56 56 72 62 62 43
 1 1 1 2 2 3 4 4 10 10 10 16 16 16 18 18 19 19 23 23 23 47 51 51 53 53 46 43 43 34 42 42 43 43 47 38 38 50 42 42 56 56 51 43 43 39
 1 1 1 2 2 3 4 4 10 10 10 16 16 16 18 18 19 19 23 23 23 47 51 51 53 53 46 43 43 34 42 42 43 43 47 38 38 50 42 42 56 56 51 43 43 39
 1 1 1 1 1 2 2 2 3 3 6 6 6 12 17 17 19 19 22 25 25 49 53 53 51 51 37 41 41 42 49 49 42 42 47 38 38 42 35 35 20 20 21 11 11 6
 1 1 1 1 1 2 2 2 3 3 6 6 6 12 17 17 19 19 22 25 25 49 53 53 51 51 37 41 41 42 49 49 42 42 47 38 38 42 35 35 20 20 21 11 11 6
 0 0 0 1 1 1 2 2 2 2 6 6 6 11 11 11 12 12 11 21 21 21 26 26 28 28 25 40 40 41 50 50 48 48 51 34 34 14 16 16 9 9 24 5 5 6
 0 0 0 1 1 0 1 1 1 1 1 1 1 3 6 6 5 5 8 9 9 19 27 27 26 26 28 37 37 39 36 36 34 34 23 24 24 24 10 10 5 5 5 5 5 5
 0 0 0 1 1 0 1 1 1 1 1 1 1 3 6 6 5 5 8 9 9 19 27 27 26 26 28 37 37 39 36 36 34 34 23 24 24 24 10 10 5 5 5 5 5 5
 1 1 1 1 1 1 1 1 1 1 2 3 3 3 3 3 4 4 8 10 10 12 15 15 17 17 16 17 17 33 49 49 37 37 28 33 33 28 17 17 4 4 3 3 3 3
 2 2 3 3 3 2 3 3 1 1 2 4 4 4 4 4 6 6 8 10 10 12 14 14 30 30 46 21 21 39 29 29 33 33 22 24 24 23 15 15 3 3 2 2 2 2
 2 2 3 3 3 2 3 3 1 1 2 4 4 4 4 4 6 6 8 10 10 12 14 14 30 30 46 21 21 39 29 29 33 33 22 24 24 23 15 15 3 3 2 2 2 2
 4 4 5 5 5 4 4 4 5 5 4 5 5 5 6 6 14 14 16 22 22 22 27 27 51 51 78 35 35 21 22 22 20 20 19 23 23 9 1 1 2 2 2 2 2 1
 4 4 5 5 5 4 4 4 5 5 4 5 5 5 6 6 14 14 16 22 22 22 27 27 51 51 78 35 35 21 22 22 20 20 19 23 23 9 1 1 2 2 2 2 2 1
 6 6 5 64 64 64 28 28 9 9 7 8 8 8 11 11 16 16 25 34 34 38 46 46 45 45 38 41 41 22 17 17 32 32 9 2 2 2 1 1 1 1 2 1 1 2
 9 9 8 63 63 63 28 28 9 9 68 75 75 8 24 24 28 28 31 40 40 43 50 50 54 54 55 52 52 48 25 25 39 39 33 0 0 1 0 0 1 1 1 1 1 1
 9 9 8 63 63 63 28 28 9 9 68 75 75 8 24 24 28 28 31 40 40 43 50 50 54 54 55 52 52 48 25 25 39 39 33 0 0 1 0 0 1 1 1 1 1 1
 9 9 8 63 63 76 76 76 91 91 97 103 103 107 85 85 30 30 34 32 32 48 45 45 47 47 47 45 45 37 15 15 13 13 5 0 0 0 0 0 1 1 2 1 1 4
 4 4 85 83 83 95 75 75 88 88 90 96 96 99 80 80 94 94 39 31 31 50 41 41 45 45 38 28 28 31 10 10 5 5 2 0 0 0 1 1 1 1 1 1 1 3
 4 4 85 83 83 95 75 75 88 88 90 96 96 99 80 80 94 94 39 31 31 50 41 41 45 45 38 28 28 31 10 10 5 5 2 0 0 0 1 1 1 1 1 1 1 3
 4 4 64 76 76 87 96 96 93 93 89 90 90 96 94 94 50 50 49 21 21 39 40 40 20 20 17 15 15 9 4 4 1 1 1 1 1 1 2 2 1 1 4 1 1 3
 4 4 64 76 76 87 96 96 93 93 89 90 90 96 94 94 50 50 49 21 21 39 40 40 20 20 17 15 15 9 4 4 1 1 1 1 1 1 2 2 1 1 4 1 1 3
 4 4 65 75 75 74 75 75 81 81 82 88 88 99 95 95 42 42 42 10 10 15 17 17 16 16 9 19 19 7 13 13 2 2 1 2 2 6 3 3 2 2 6 7 7 4
 7 7 4 4 4 4 75 75 81 81 81 90 90 5 4 4 5 5 10 9 9 12 8 8 9 9 8 12 12 10 34 34 16 16 5 7 7 10 10 10 11 11 11 13 13 7
 7 7 4 4 4 4 75 75 81 81 81 90 90 5 4 4 5 5 10 9 9 12 8 8 9 9 8 12 12 10 34 34 16 16 5 7 7 10 10 10 11 11 11 13 13 7
 7 7 5 4 4 4 4 4 4 4 5 5 5 4 2 2 2 2 5 8 8 17 11 11 14 14 15 12 12 20 23 23 10 10 8 10 10 16 20 20 25 25 24 25 25 27
 7 7 5 4 4 4 3 3 3 3 3 4 4 2 1 1 1 1 3 12 12 17 16 16 18 18 20 14 14 16 20 20 14 14 13 17 17 28 26 26 28 28 38 28 28 44
 7 7 5 4 4 4 3 3 3 3 3 4 4 2 1 1 1 1 3 12 12 17 16 16 18 18 20 14 14 16 20 20 14 14 13 17 17 28 26 26 28 28 38 28 28 44
 6 6 4 3 3 2 2 2 2 2 1 1 1 1 1 1 1 1 2 4 4 11 13 13 17 17 17 15 15 18 18 18 20 20 16 18 18 21 34 34 39 39 38 34 34 38
 6 6 4 3 3 2 2 2 2 2 1 1 1 1 1 1 1 1 2 4 4 11 13 13 17 17 17 15 15 18 18 18 20 20 16 18 18 21 34 34 39 39 38 34 34 38
 4 4 4 3 3 1 1 1 1 1 0 0 0 1 1 1 1 1 1 3 3 15 19 19 26 26 30 18 18 19 16 16 22 22 24 24 24 25 32 32 33 33 32 36 36 41
 6 6 6 5 5 2 2 2 0 0 0 0 0 0 0 0 1 1 1 70 70 108 114 114 56 56 30 20 20 22 24 24 19 19 28 18 18 21 27 27 32 32 31 33 33 37
 6 6 6 5 5 2 2 2 0 0 0 0 0 0 0 0 1 1 1 70 70 108 114 114 56 56 30 20 20 22 24 24 19 19 28 18 18 21 27 27 32 32 31 33 33 37
 8 8 7 7 7 2 1 1 0 0 0 0 0 0 1 1 1 1 2 70 70 107 113 113 56 56 35 37 37 19 17 17 11 11 15 16 16 17 21 21 17 17 16 20 20 21
 9 9 7 3 3 2 2 2 1 1 0 0 0 1 2 2 4 4 69 68 68 72 51 51 43 43 26 27 27 11 8 8 14 14 13 15 15 13 16 16 14 14 10 11 11 6
 9 9 7 3 3 2 2 2 1 1 0 0 0 1 2 2 4 4 69 68 68 72 51 51 43 43 26 27 27 11 8 8 14 14 13 15 15 13 16 16 14 14 10 11 11 6
 4 4 4 3 3 1 2 2 1 1 1 1 1 1 2 2 3 3 3 62 62 4 47 47 42 42 26 8 8 8 7 7 10 10 15 9 9 9 7 7 5 5 6 3 3 2
 4 4 4 3 3 1 2 2 1 1 1 1 1 1 2 2 3 3 3 62 62 4 47 47 42 42 26 8 8 8 7 7 10 10 15 9 9 9 7 7 5 5 6 3 3 2
 2 2 2 1 1 0 0 0 1 1 1 1 1 1 3 3 3 3 1 4 4 4 22 22 12 12 13 7 7 8 7 7 8 8 9 8 8 7 4 4 2 2 0 0 0 0
 1 1 1 0 0 0 0 0 1 1 1 1 1 2 2 2 2 2 1 2 2 4 7 7 5 5 14 9 9 8 6 6 6 6 7 7 7 7 6 6 1 1 0 0 0 0
 1 1 1 0 0 0 0 0 1 1 1 1 1 2 2 2 2 2 1 2 2 4 7 7 5 5 14 9 9 8 6 6 6 6 7 7 7 7 6 6 1 1 0 0 0 0
 0 0 1 1 1 0 1 1 1 1 1 1 1 1 1 1 1 1 2 4 4 5 7 7 6 6 9 9 9 8 6 6 7 7 7 9 9 7 6 6 4 4 1 0 0 0
 0 0 1 2 2 1 1 1 1 1 1 1 1 1 1 1 1 1 2 5 5 7 6 6 5 5 6 10 10 7 7 7 8 8 7 9 9 10 10 10 7 7 4 2 2 1
 0 0 1 2 2 1 1 1 1 1 1 1 1 1 1 1 1 1 2 5 5 7 6 6 5 5 6 10 10 7 7 7 8 8 7 9 9 10 10 10 7 7 4 2 2 1
 1 1 1 1 1 1 2 2 1 1 0 0 0 0 1 1 1 1 2 3 3 4 5 5 6 6 7 8 8 7 8 8 7 7 7 8 8 9 9 9 6 6 2 1 1 1
 1 1 1 1 1 1 2 2 1 1 0 0 0 0 1 1 1 1 2 3 3 4 5 5 6 6 7 8 8 7 8 8 7 7 7 8 8 9 9 9 6 6 2 1 1 1
 1 1 1 1 1 1 1 1 0 0 0 0 0 0 1 1 2 2 2 3 3 4 6 6 6 6 7 4 4 6 7 7 7 7 7 7 7 5 4 4 2 2 1 0 0 0
 3 3 2 1 1 2 2 2 2 2 2 1 1 1 3 3 3 3 4 4 4 5 8 8 10 10 18 12 12 7 8 8 12 12 10 11 11 3 1 1 1 1 0 0 0 0
 3 3 2 1 1 2 2 2 2 2 2 1 1 1 3 3 3 3 4 4 4 5 8 8 10 10 18 12 12 7 8 8 12 12 10 11 11 3 1 1 1 1 0 0 0 0
 8 8 3 2 2 3 4 4 4 4 3 2 2 2 4 4 4 4 5 5 5 6 9 9 10 10 16 14 14 12 9 9 14 14 17 18 18 3 1 1 1 1 0 0 0 0
 12 12 7 4 4 4 4 4 6 6 4 3 3 3 4 4 4 4 5 5 5 6 7 7 7 7 7 13 13 8 8 8 11 11 12 12 12 6 4 4 1 1 1 1 1 0
 12 12 7 4 4 4 4 4 6 6 4 3 3 3 4 4 4 4 5 5 5 6 7 7 7 7 7 13 13 8 8 8 11 11 12 12 12 6 4 4 1 1 1 1 1 0
 16 16 8 5 5 5 4 4 6 6 4 3 3 3 4 4 6 6 5 9 9 6 6 6 5 5 7 11 11 9 9 9 6 6 9 9 9 12 26 26 4 4 1 1 1 0
 16 16 8 5 5 5 4 4 6 6 4 3 3 3 4 4 6 6 5 9 9 6 6 6 5 5 7 11 11 9 9 9 6 6 9 9 9 12 26 26 4 4 1 1 1 0
 7 7 6 4 4 13 10 10 5 5 4 2 2 2 3 3 4 4 6 9 9 5 5 5 4 4 5 6 6 7 7 7 6 6 9 10 10 14 10 10 4 4 2 1 1 0
 2 2 2 3 3 7 15 15 5 5 1 2 2 3 3 3 3 3 3 3 3 3 3 3 3 3 3 4 4 5 4 4 5 5 5 6 6 6 5 5 2 2 0 1 1 1
 2 2 2 3 3 7 15 15 5 5 1 2 2 3 3 3 3 3 3 3 3 3 3 3 3 3 3 4 4 5 4 4 5 5 5 6 6 6 5 5 2 2 0 1 1 1
 2 2 2 2 2 6 4 4 2 2 1 1 1 2 2 2 2 2 2 2 2 2 2 2 1 1 1 2 2 2 2 2 3 3 2 2 2 1 1 1 0 0 0 1 1 1
 2 2 2 2 2 2 3 3 1 1 1 1 1 1 2 2 2 2 2 1 1 1 1 1 1 1 2 1 1 1 1 1 1 1 1 1 1 0 1 1 1 1 0 0 0 0
