assets/RAT_results/precipitation/2022-06-15_IMERG.asc
ncols        46
nrows        77
xllcorner    74.800261325624
yllcorner    8.058333333333
cellsize     0.062500000000
NODATA_value -9999
 5 5 9 7 7 8 7 7 11 11 6 10 10 5 5 5 6 6 6 7 7 6 5 5 4 4 3 3 3 3 2 2 1 1 1 1 1 1 1 1 2 2 2 2 2 3
 7 7 11 8 8 11 6 6 4 4 4 6 6 5 4 4 4 4 3 3 3 3 2 2 2 2 1 1 1 2 1 1 1 1 1 1 1 2 2 2 2 2 2 3 3 3
 7 7 11 8 8 11 6 6 4 4 4 6 6 5 4 4 4 4 3 3 3 3 2 2 2 2 1 1 1 2 1 1 1 1 1 1 1 2 2 2 2 2 2 3 3 3
 8 8 7 7 7 5 3 3 2 2 2 2 2 4 2 2 2 2 1 1 1 1 1 1 1 1 1 1 1 1 1 1 1 1 1 1 1 1 2 2 2 2 2 4 4 4
 7 7 7 6 6 3 2 2 1 1 0 1 1 1 3 3 1 1 1 1 1 0 0 0 0 0 1 1 1 1 1 1 1 1 1 1 1 1 2 2 3 3 4 6 6 7
 7 7 7 6 6 3 2 2 1 1 0 1 1 1 3 3 1 1 1 1 1 0 0 0 0 0 1 1 1 1 1 1 1 1 1 1 1 1 2 2 3 3 4 6 6 7
 10 10 9 4 4 7 4 4 3 3 3 2 2 3 3 3 0 0 0 0 0 0 0 0 0 0 1 1 1 1 1 1 1 1 2 2 2 2 2 2 2 2 4 7 7 8
 10 10 9 4 4 7 4 4 3 3 3 2 2 3 3 3 0 0 0 0 0 0 0 0 0 0 1 1 1 1 1 1 1 1 2 2 2 2 2 2 2 2 4 7 7 8
 15 15 7 3 3 3 7 7 10 10 8 5 5 4 1 1 0 0 0 0 0 0 0 0 0 0 1 1 1 1 1 1 1 1 2 2 2 2 2 2 2 2 3 3 3 3
 29 29 7 3 3 4 6 6 13 13 6 9 9 7 4 4 5 5 0 0 0 0 1 1 0 0 1 1 1 1 1 1 1 1 1 1 1 1 1 1 1 1 1 1 1 2
 29 29 7 3 3 4 6 6 13 13 6 9 9 7 4 4 5 5 0 0 0 0 1 1 0 0 1 1 1 1 1 1 1 1 1 1 1 1 1 1 1 1 1 1 1 2
 27 27 55 7 7 7 2 2 2 2 5 4 4 5 7 7 7 7 3 0 0 1 1 1 1 1 0 1 1 1 1 1 1 1 1 1 1 0 0 0 0 0 1 1 1 1
 81 81 56 7 7 6 1 1 1 1 1 2 2 4 5 5 8 8 4 4 4 1 1 1 1 1 0 0 0 0 1 1 0 0 0 0 0 0 0 0 0 0 1 1 1 1
 81 81 56 7 7 6 1 1 1 1 1 2 2 4 5 5 8 8 4 4 4 1 1 1 1 1 0 0 0 0 1 1 0 0 0 0 0 0 0 0 0 0 1 1 1 1
 76 76 68 68 68 11 1 1 1 1 1 2 2 1 1 1 2 2 1 1 1 1 1 1 1 1 0 0 0 1 1 1 0 0 0 0 0 0 1 1 1 1 1 1 1 1
 76 76 68 68 68 11 1 1 1 1 1 2 2 1 1 1 2 2 1 1 1 1 1 1 1 1 0 0 0 1 1 1 0 0 0 0 0 0 1 1 1 1 1 1 1 1
 127 127 60 4 4 10 6 6 6 6 1 1 1 1 2 2 4 4 1 1 1 1 1 1 1 1 1 0 0 1 1 1 1 1 1 1 1 1 1 1 1 1 1 1 1 1
 116 116 62 6 6 11 7 7 7 7 2 3 3 6 3 3 6 6 1 0 0 0 1 1 1 1 1 1 1 1 1 1 2 2 3 2 2 1 3 3 3 3 4 3 3 3
 116 116 62 6 6 11 7 7 7 7 2 3 3 6 3 3 6 6 1 0 0 0 1 1 1 1 1 1 1 1 1 1 2 2 3 2 2 1 3 3 3 3 4 3 3 3
 15 15 19 27 27 27 26 26 8 8 2 3 3 5 11 11 11 11 11 6 6 3 1 1 2 2 4 1 1 1 1 1 1 1 2 2 2 1 2 2 6 6 5 4 4 5
 19 19 17 26 26 28 12 12 7 7 7 4 4 7 9 9 12 12 9 11 11 14 16 16 4 4 9 5 5 2 2 2 2 2 4 2 2 3 5 5 7 7 4 3 3 2
 19 19 17 26 26 28 12 12 7 7 7 4 4 7 9 9 12 12 9 11 11 14 16 16 4 4 9 5 5 2 2 2 2 2 4 2 2 3 5 5 7 7 4 3 3 2
 23 23 17 12 12 13 14 14 12 12 13 8 8 14 8 8 8 8 11 12 12 13 21 21 6 6 4 5 5 5 5 5 4 4 7 9 9 10 13 13 8 8 6 4 4 2
 23 23 17 12 12 13 14 14 12 12 13 8 8 14 8 8 8 8 11 12 12 13 21 21 6 6 4 5 5 5 5 5 4 4 7 9 9 10 13 13 8 8 6 4 4 2
 28 28 29 24 24 13 13 13 14 14 14 10 10 16 9 9 6 6 6 8 8 9 11 11 7 7 7 9 9 9 11 11 12 12 18 16 16 11 15 15 12 12 9 6 6 3
 40 40 28 25 25 14 10 10 12 12 13 8 8 3 5 5 4 4 5 6 6 6 6 6 6 6 7 9 9 12 10 10 10 10 19 38 38 9 10 10 7 7 6 3 3 3
 40 40 28 25 25 14 10 10 12 12 13 8 8 3 5 5 4 4 5 6 6 6 6 6 6 6 7 9 9 12 10 10 10 10 19 38 38 9 10 10 7 7 6 3 3 3
 41 41 54 16 16 16 12 12 9 9 8 10 10 5 7 7 8 8 4 4 4 4 4 4 3 3 10 18 18 13 13 13 13 13 17 12 12 57 39 39 4 4 3 2 2 3
 60 60 54 15 15 18 13 13 12 12 11 10 10 6 7 7 8 8 9 4 4 5 7 7 7 7 9 21 21 11 14 14 6 6 6 2 2 2 2 2 2 2 2 1 1 2
 60 60 54 15 15 18 13 13 12 12 11 10 10 6 7 7 8 8 9 4 4 5 7 7 7 7 9 21 21 11 14 14 6 6 6 2 2 2 2 2 2 2 2 1 1 2
 22 22 22 18 18 22 15 15 15 15 19 6 6 4 4 4 14 14 10 6 6 4 7 7 7 7 7 9 9 6 8 8 6 6 6 2 2 2 2 2 3 3 3 3 3 3
 22 22 22 18 18 22 15 15 15 15 19 6 6 4 4 4 14 14 10 6 6 4 7 7 7 7 7 9 9 6 8 8 6 6 6 2 2 2 2 2 3 3 3 3 3 3
 53 53 22 22 22 24 17 17 20 20 36 33 33 9 4 4 7 7 7 8 8 4 4 4 3 3 7 7 7 3 3 3 3 3 3 3 3 3 3 3 6 6 8 8 8 7
 52 52 56 39 39 42 41 41 44 44 44 62 62 58 12 12 4 4 9 8 8 3 3 3 4 4 4 3 3 3 3 3 3 3 4 4 4 4 4 4 7 7 10 14 14 13
 52 52 56 39 39 42 41 41 44 44 44 62 62 58 12 12 4 4 9 8 8 3 3 3 4 4 4 3 3 3 3 3 3 3 4 4 4 4 4 4 7 7 10 14 14 13
 69 69 62 70 70 77 62 62 58 58 63 56 56 54 27 27 31 31 38 19 19 6 4 4 8 8 8 4 4 4 4 4 5 5 6 7 7 7 7 7 8 8 14 16 16 16
 72 72 83 89 89 76 86 86 69 69 55 55 55 50 39 39 22 22 32 11 11 8 14 14 12 12 16 7 7 6 6 6 7 7 8 12 12 9 10 10 9 9 13 16 16 19
 72 72 83 89 89 76 86 86 69 69 55 55 55 50 39 39 22 22 32 11 11 8 14 14 12 12 16 7 7 6 6 6 7 7 8 12 12 9 10 10 9 9 13 16 16 19
 57 57 70 69 69 73 76 76 74 74 56 59 59 45 37 37 26 26 16 13 13 16 26 26 22 22 21 20 20 10 9 9 9 9 10 10 10 10 12 12 12 12 15 20 20 24
 57 57 70 69 69 73 76 76 74 74 56 59 59 45 37 37 26 26 16 13 13 16 26 26 22 22 21 20 20 10 9 9 9 9 10 10 10 10 12 12 12 12 15 20 20 24
 26 26 56 60 60 57 57 57 57 57 45 49 49 53 54 54 54 54 29 26 26 23 37 37 42 42 31 38 38 22 12 12 15 15 15 14 14 14 13 13 17 17 17 22 22 24
 22 22 56 62 62 53 50 50 46 46 55 41 41 49 67 67 45 45 28 18 18 20 36 36 40 40 30 33 33 22 17 17 16 16 16 17 17 15 16 16 19 19 16 13 13 23
 22 22 56 62 62 53 50 50 46 46 55 41 41 49 67 67 45 45 28 18 18 20 36 36 40 40 30 33 33 22 17 17 16 16 16 17 17 15 16 16 19 19 16 13 13 23
 19 19 24 48 48 56 51 51 48 48 43 43 43 46 67 67 64 64 61 13 13 23 30 30 39 39 29 30 30 19 20 20 19 19 19 21 21 26 18 18 22 22 13 12 12 24
 14 14 20 41 41 49 55 55 43 43 45 67 67 70 74 74 55 55 82 18 18 18 27 27 31 31 28 20 20 18 18 18 20 20 27 23 23 26 23 23 30 30 27 15 15 18
 14 14 20 41 41 49 55 55 43 43 45 67 67 70 74 74 55 55 82 18 18 18 27 27 31 31 28 20 20 18 18 18 20 20 27 23 23 26 23 23 30 30 27 15 15 18
 15 15 20 31 31 48 63 63 45 45 44 61 61 99 91 91 86 86 82 32 32 28 20 20 18 18 28 22 22 23 20 20 21 21 23 21 21 21 18 18 23 23 13 14 14 21
 15 15 20 31 31 48 63 63 45 45 44 61 61 99 91 91 86 86 82 32 32 28 20 20 18 18 28 22 22 23 20 20 21 21 23 21 21 21 18 18 23 23 13 14 14 21
 15 15 15 22 22 24 52 52 42 42 40 55 55 76 74 74 74 74 61 22 22 17 15 15 23 23 29 35 35 42 36 36 31 31 32 25 25 24 21 21 17 17 17 15 15 18
 21 21 18 18 18 19 19 19 64 64 71 80 80 33 39 39 43 43 62 19 19 15 13 13 23 23 28 29 29 31 36 36 42 42 40 40 40 32 26 26 21 21 25 27 27 25
 21 21 18 18 18 19 19 19 64 64 71 80 80 33 39 39 43 43 62 19 19 15 13 13 23 23 28 29 29 31 36 36 42 42 40 40 40 32 26 26 21 21 25 27 27 25
 14 14 12 17 17 18 43 43 58 58 61 81 81 74 76 76 38 38 22 16 16 13 14 14 23 23 28 34 34 34 38 38 43 43 33 33 33 29 22 22 19 19 23 23 23 20
 12 12 10 14 14 8 38 38 58 58 61 68 68 60 60 60 30 30 12 12 12 9 11 11 21 21 25 29 29 35 33 33 30 30 28 28 28 23 20 20 17 17 15 18 18 15
 12 12 10 14 14 8 38 38 58 58 61 68 68 60 60 60 30 30 12 12 12 9 11 11 21 21 25 29 29 35 33 33 30 30 28 28 28 23 20 20 17 17 15 18 18 15
 19 19 10 8 8 7 33 33 20 20 50 66 66 67 67 67 23 23 8 7 7 7 7 7 17 17 16 19 19 24 27 27 29 29 23 25 25 34 21 21 18 18 12 11 11 10
 19 19 10 8 8 7 33 33 20 20 50 66 66 67 67 67 23 23 8 7 7 7 7 7 17 17 16 19 19 24 27 27 29 29 23 25 25 34 21 21 18 18 12 11 11 10
 13 13 8 11 11 8 16 16 15 15 46 67 67 66 54 54 80 80 81 4 4 5 5 5 14 14 15 21 21 12 15 15 26 26 24 25 25 27 29 29 24 24 18 14 14 11
 15 15 11 12 12 9 12 12 9 9 12 12 12 27 56 56 83 83 82 4 4 3 14 14 17 17 18 26 26 20 17 17 19 19 17 20 20 25 23 23 13 13 12 12 12 11
 15 15 11 12 12 9 12 12 9 9 12 12 12 27 56 56 83 83 82 4 4 3 14 14 17 17 18 26 26 20 17 17 19 19 17 20 20 25 23 23 13 13 12 12 12 11
 11 11 13 11 11 12 12 12 12 12 15 8 8 12 52 52 53 53 72 6 6 5 17 17 14 14 21 20 20 27 21 21 23 23 19 20 20 19 10 10 8 8 8 8 8 7
 9 9 11 11 11 7 7 7 12 12 10 10 10 14 9 9 12 12 16 11 11 9 17 17 17 17 13 11 11 16 21 21 22 22 15 16 16 18 14 14 8 8 5 5 5 4
 9 9 11 11 11 7 7 7 12 12 10 10 10 14 9 9 12 12 16 11 11 9 17 17 17 17 13 11 11 16 21 21 22 22 15 16 16 18 14 14 8 8 5 5 5 4
 6 6 7 6 6 6 5 5 10 10 14 16 16 20 10 10 13 13 16 10 10 12 13 13 13 13 10 10 10 11 10 10 12 12 14 7 7 10 24 24 11 11 3 2 2 2
 6 6 7 6 6 6 5 5 10 10 14 16 16 20 10 10 13 13 16 10 10 12 13 13 13 13 10 10 10 11 10 10 12 12 14 7 7 10 24 24 11 11 3 2 2 2
 5 5 5 4 4 4 4 4 4 4 14 16 16 20 13 13 13 13 8 6 6 8 7 7 15 15 14 5 5 6 11 11 16 16 14 10 10 8 13 13 10 10 2 2 2 1
 4 4 4 4 4 3 4 4 4 4 6 7 7 4 4 4 4 4 4 5 5 3 3 3 7 7 16 9 9 9 1 1 2 2 10 6 6 6 2 2 2 2 2 3 3 4
 4 4 4 4 4 3 4 4 4 4 6 7 7 4 4 4 4 4 4 5 5 3 3 3 7 7 16 9 9 9 1 1 2 2 10 6 6 6 2 2 2 2 2 3 3 4
 4 4 2 3 3 8 4 4 4 4 4 7 7 2 2 2 2 2 2 2 2 1 2 2 6 6 12 17 17 17 7 7 8 8 5 7 7 4 4 4 4 4 4 5 5 7
 8 8 5 7 7 9 11 11 4 4 3 2 2 1 1 1 2 2 1 2 2 2 3 3 6 6 8 13 13 16 17 17 10 10 3 4 4 3 3 3 4 4 4 4 4 7
 8 8 5 7 7 9 11 11 4 4 3 2 2 1 1 1 2 2 1 2 2 2 3 3 6 6 8 13 13 16 17 17 10 10 3 4 4 3 3 3 4 4 4 4 4 7
 10 10 9 8 8 9 4 4 6 6 2 2 2 2 3 3 3 3 2 4 4 6 3 3 3 3 3 5 5 10 28 28 9 9 8 4 4 4 4 4 4 4 4 5 5 4
 10 10 9 8 8 9 4 4 6 6 2 2 2 2 3 3 3 3 2 4 4 6 3 3 3 3 3 5 5 10 28 28 9 9 8 4 4 4 4 4 4 4 4 5 5 4
 8 8 6 8 8 4 5 5 4 4 5 4 4 5 6 6 7 7 7 5 5 5 4 4 4 4 2 3 3 5 18 18 25 25 5 8 8 9 10 10 8 8 6 6 6 3
 4 4 7 6 6 6 6 6 7 7 7 10 10 10 9 9 10 10 13 11 11 7 2 2 3 3 2 2 2 6 13 13 14 14 5 5 5 8 6 6 4 4 3 3 3 1
 4 4 7 6 6 6 6 6 7 7 7 10 10 10 9 9 10 10 13 11 11 7 2 2 3 3 2 2 2 6 13 13 14 14 5 5 5 8 6 6 4 4 3 3 3 1
 5 5 7 7 7 6 7 7 6 6 6 8 8 14 10 10 7 7 10 12 12 10 5 5 3 3 3 2 2 6 11 11 4 4 11 2 2 1 1 1 1 1 1 1 1 1
 4 4 5 4 4 4 4 4 4 4 2 4 4 6 7 7 4 4 3 6 6 11 11 11 4 4 3 2 2 5 5 5 11 11 11 1 1 1 1 1 0 0 1 0 0 0
