assets/RAT_results/precipitation/2022-08-24_IMERG.asc
ncols        46
nrows        77
xllcorner    74.800261325624
yllcorner    8.058333333333
cellsize     0.062500000000
NODATA_value -9999
 8 8 11 17 17 6 9 9 2 2 2 3 3 4 5 5 7 7 10 10 10 11 14 14 17 17 16 13 13 8 5 5 3 3 2 3 3 2 4 4 4 4 5 6 6 7
 8 8 6 5 5 5 5 5 6 6 5 4 4 5 6 6 7 7 10 11 11 14 16 16 18 18 21 16 16 11 10 10 8 8 4 4 4 4 6 6 5 5 7 10 10 11
 8 8 6 5 5 5 5 5 6 6 5 4 4 5 6 6 7 7 10 11 11 14 16 16 18 18 21 16 16 11 10 10 8 8 4 4 4 4 6 6 5 5 7 10 10 11
 15 15 5 8 8 7 12 12 5 5 5 4 4 5 6 6 8 8 9 13 13 14 15 15 18 18 20 20 20 14 13 13 9 9 5 6 6 6 5 5 6 6 5 9 9 9
 23 23 18 13 13 16 15 15 8 8 4 3 3 4 5 5 6 6 7 8 8 9 13 13 20 20 22 23 23 18 17 17 12 12 6 5 5 7 5 5 4 4 3 4 4 5
 23 23 18 13 13 16 15 15 8 8 4 3 3 4 5 5 6 6 7 8 8 9 13 13 20 20 22 23 23 18 17 17 12 12 6 5 5 7 5 5 4 4 3 4 4 5
 17 17 18 16 16 14 17 17 11 11 7 2 2 2 2 2 3 3 4 5 5 7 10 10 20 20 21 22 22 18 15 15 12 12 5 5 5 6 5 5 2 2 2 2 2 2
 17 17 18 16 16 14 17 17 11 11 7 2 2 2 2 2 3 3 4 5 5 7 10 10 20 20 21 22 22 18 15 15 12 12 5 5 5 6 5 5 2 2 2 2 2 2
 16 16 19 12 12 16 15 15 6 6 4 1 1 0 1 1 1 1 1 2 2 3 5 5 19 19 17 18 18 20 15 15 11 11 6 5 5 5 4 4 2 2 1 2 2 4
 10 10 11 17 17 13 10 10 5 5 4 1 1 1 1 1 2 2 1 1 1 2 4 4 4 4 13 12 12 11 14 14 14 14 11 5 5 5 6 6 3 3 2 2 2 3
 10 10 11 17 17 13 10 10 5 5 4 1 1 1 1 1 2 2 1 1 1 2 4 4 4 4 13 12 12 11 14 14 14 14 11 5 5 5 6 6 3 3 2 2 2 3
 25 25 10 8 8 14 10 10 10 10 5 2 2 2 1 1 1 1 1 2 2 1 3 3 4 4 8 6 6 7 12 12 12 12 9 5 5 7 7 7 7 7 3 1 1 1
 41 41 6 6 6 11 8 8 10 10 7 5 5 10 2 2 2 2 2 2 2 2 3 3 3 3 5 4 4 5 9 9 14 14 14 13 13 8 6 6 5 5 3 3 3 3
 41 41 6 6 6 11 8 8 10 10 7 5 5 10 2 2 2 2 2 2 2 2 3 3 3 3 5 4 4 5 9 9 14 14 14 13 13 8 6 6 5 5 3 3 3 3
 37 37 9 14 14 12 12 12 12 12 11 18 18 11 9 9 9 9 11 3 3 3 3 3 3 3 3 2 2 4 9 9 16 16 18 22 22 22 16 16 16 16 4 3 3 3
 37 37 9 14 14 12 12 12 12 12 11 18 18 11 9 9 9 9 11 3 3 3 3 3 3 3 3 2 2 4 9 9 16 16 18 22 22 22 16 16 16 16 4 3 3 3
 39 39 39 6 6 4 15 15 11 11 13 12 12 17 13 13 13 13 12 6 6 5 4 4 5 5 6 5 5 7 15 15 18 18 19 26 26 25 25 25 21 21 6 5 5 4
 8 8 7 6 6 6 15 15 13 13 19 18 18 18 28 28 16 16 16 10 10 8 5 5 5 5 7 6 6 9 10 10 20 20 21 19 19 28 25 25 21 21 6 10 10 6
 8 8 7 6 6 6 15 15 13 13 19 18 18 18 28 28 16 16 16 10 10 8 5 5 5 5 7 6 6 9 10 10 20 20 21 19 19 28 25 25 21 21 6 10 10 6
 8 8 5 7 7 8 7 7 15 15 14 18 18 19 19 19 18 18 16 15 15 13 7 7 6 6 6 7 7 11 13 13 21 21 13 10 10 15 14 14 12 12 5 11 11 56
 9 9 8 8 8 7 7 7 13 13 11 15 15 15 16 16 16 16 18 19 19 20 9 9 7 7 7 7 7 8 10 10 12 12 10 8 8 14 13 13 4 4 5 1 1 4
 9 9 8 8 8 7 7 7 13 13 11 15 15 15 16 16 16 16 18 19 19 20 9 9 7 7 7 7 7 8 10 10 12 12 10 8 8 14 13 13 4 4 5 1 1 4
 9 9 7 6 6 5 9 9 9 9 12 15 15 10 8 8 12 12 12 16 16 18 11 11 9 9 10 7 7 6 10 10 10 10 8 4 4 4 2 2 2 2 8 3 3 2
 9 9 7 6 6 5 9 9 9 9 12 15 15 10 8 8 12 12 12 16 16 18 11 11 9 9 10 7 7 6 10 10 10 10 8 4 4 4 2 2 2 2 8 3 3 2
 9 9 7 8 8 6 8 8 8 8 9 10 10 9 7 7 6 6 9 10 10 8 7 7 9 9 10 6 6 6 6 6 6 6 4 2 2 2 6 6 9 9 5 8 8 5
 8 8 9 10 10 8 8 8 7 7 7 8 8 8 7 7 4 4 6 5 5 5 5 5 6 6 4 3 3 3 3 3 2 2 3 1 1 1 1 1 2 2 4 6 6 19
 8 8 9 10 10 8 8 8 7 7 7 8 8 8 7 7 4 4 6 5 5 5 5 5 6 6 4 3 3 3 3 3 2 2 3 1 1 1 1 1 2 2 4 6 6 19
 9 9 8 7 7 6 6 6 6 6 5 8 8 8 6 6 4 4 5 3 3 3 3 3 4 4 2 1 1 1 1 1 1 1 1 3 3 0 0 0 1 1 1 6 6 3
 7 7 6 7 7 5 6 6 7 7 5 6 6 5 5 5 4 4 4 3 3 2 2 2 2 2 2 1 1 1 0 0 0 0 8 3 3 0 0 0 0 0 0 1 1 0
 7 7 6 7 7 5 6 6 7 7 5 6 6 5 5 5 4 4 4 3 3 2 2 2 2 2 2 1 1 1 0 0 0 0 8 3 3 0 0 0 0 0 0 1 1 0
 6 6 6 6 6 8 8 8 7 7 5 3 3 3 8 8 5 5 4 5 5 2 3 3 2 2 1 1 1 1 1 1 0 0 3 0 0 0 0 0 0 0 0 0 0 0
 6 6 6 6 6 8 8 8 7 7 5 3 3 3 8 8 5 5 4 5 5 2 3 3 2 2 1 1 1 1 1 1 0 0 3 0 0 0 0 0 0 0 0 0 0 0
 9 9 11 10 10 10 10 10 5 5 5 4 4 4 3 3 5 5 6 7 7 5 3 3 3 3 1 0 0 0 0 0 0 0 1 0 0 0 1 1 0 0 0 0 0 0
 9 9 11 10 10 10 9 9 6 6 5 4 4 2 1 1 3 3 5 8 8 9 5 5 3 3 1 0 0 1 1 1 0 0 0 0 0 1 1 1 1 1 0 0 0 0
 9 9 11 10 10 10 9 9 6 6 5 4 4 2 1 1 3 3 5 8 8 9 5 5 3 3 1 0 0 1 1 1 0 0 0 0 0 1 1 1 1 1 0 0 0 0
 10 10 12 10 10 13 13 13 11 11 5 3 3 2 1 1 2 2 4 5 5 6 4 4 2 2 2 1 1 1 1 1 1 1 0 0 0 0 1 1 1 1 1 0 0 0
 36 36 11 11 11 10 11 11 10 10 4 2 2 2 2 2 2 2 2 4 4 3 4 4 2 2 1 1 1 1 1 1 1 1 0 0 0 0 0 0 0 0 0 0 0 0
 36 36 11 11 11 10 11 11 10 10 4 2 2 2 2 2 2 2 2 4 4 3 4 4 2 2 1 1 1 1 1 1 1 1 0 0 0 0 0 0 0 0 0 0 0 0
 33 33 10 10 10 9 8 8 6 6 6 4 4 2 1 1 1 1 1 4 4 4 3 3 3 3 2 1 1 1 1 1 1 1 1 1 1 0 0 0 0 0 0 0 0 0
 33 33 10 10 10 9 8 8 6 6 6 4 4 2 1 1 1 1 1 4 4 4 3 3 3 3 2 1 1 1 1 1 1 1 1 1 1 0 0 0 0 0 0 0 0 0
 10 10 10 9 9 8 7 7 7 7 5 3 3 3 3 3 4 4 3 4 4 5 4 4 4 4 2 1 1 1 1 1 1 1 1 1 1 2 2 2 1 1 1 1 1 3
 10 10 10 10 10 8 7 7 7 7 7 5 5 5 3 3 5 5 3 4 4 6 7 7 7 7 6 4 4 1 1 1 1 1 1 4 4 7 5 5 5 5 4 4 4 5
 10 10 10 10 10 8 7 7 7 7 7 5 5 5 3 3 5 5 3 4 4 6 7 7 7 7 6 4 4 1 1 1 1 1 1 4 4 7 5 5 5 5 4 4 4 5
 15 15 14 15 15 17 15 15 15 15 9 7 7 7 8 8 8 8 8 8 8 8 9 9 8 8 7 5 5 2 2 2 2 2 2 3 3 5 7 7 7 7 6 7 7 1
 26 26 39 39 39 25 23 23 22 22 18 13 13 12 14 14 13 13 7 11 11 8 9 9 7 7 6 3 3 5 6 6 2 2 3 4 4 3 7 7 10 10 4 4 4 1
 26 26 39 39 39 25 23 23 22 22 18 13 13 12 14 14 13 13 7 11 11 8 9 9 7 7 6 3 3 5 6 6 2 2 3 4 4 3 7 7 10 10 4 4 4 1
 44 44 54 46 46 33 35 35 30 30 30 33 33 31 19 19 17 17 10 39 39 18 17 17 11 11 5 3 3 4 7 7 5 5 4 4 4 4 5 5 6 6 3 2 2 0
 44 44 54 46 46 33 35 35 30 30 30 33 33 31 19 19 17 17 10 39 39 18 17 17 11 11 5 3 3 4 7 7 5 5 4 4 4 4 5 5 6 6 3 2 2 0
 43 43 54 65 65 70 51 51 35 35 36 45 45 40 34 34 37 37 35 16 16 32 17 17 10 10 7 6 6 8 6 6 6 6 5 3 3 3 4 4 3 3 3 2 2 0
 19 19 23 29 29 67 51 51 42 42 36 40 40 39 30 30 29 29 33 14 14 33 30 30 18 18 15 7 7 8 7 7 5 5 8 6 6 5 4 4 4 4 3 1 1 0
 19 19 23 29 29 67 51 51 42 42 36 40 40 39 30 30 29 29 33 14 14 33 30 30 18 18 15 7 7 8 7 7 5 5 8 6 6 5 4 4 4 4 3 1 1 0
 18 18 19 23 23 25 40 40 44 44 28 21 21 23 20 20 24 24 19 18 18 23 20 20 16 16 15 9 9 7 4 4 5 5 5 10 10 8 5 5 5 5 2 1 1 0
 19 19 20 21 21 33 42 42 39 39 33 16 16 11 10 10 4 4 5 17 17 21 16 16 14 14 16 19 19 15 17 17 6 6 5 8 8 8 8 8 7 7 2 1 1 0
 19 19 20 21 21 33 42 42 39 39 33 16 16 11 10 10 4 4 5 17 17 21 16 16 14 14 16 19 19 15 17 17 6 6 5 8 8 8 8 8 7 7 2 1 1 0
 25 25 25 22 22 31 33 33 49 49 38 24 24 33 10 10 4 4 5 11 11 9 8 8 10 10 11 21 21 15 17 17 12 12 11 11 11 9 9 9 8 8 4 2 2 1
 25 25 25 22 22 31 33 33 49 49 38 24 24 33 10 10 4 4 5 11 11 9 8 8 10 10 11 21 21 15 17 17 12 12 11 11 11 9 9 9 8 8 4 2 2 1
 21 21 23 24 24 34 38 38 42 42 35 33 33 37 50 50 48 48 5 7 7 13 11 11 9 9 13 14 14 14 15 15 21 21 22 12 12 9 9 9 10 10 3 2 2 0
 20 20 21 23 23 27 34 34 31 31 24 23 23 22 11 11 9 9 9 12 12 21 12 12 10 10 9 9 9 18 17 17 22 22 23 20 20 17 10 10 6 6 2 1 1 0
 20 20 21 23 23 27 34 34 31 31 24 23 23 22 11 11 9 9 9 12 12 21 12 12 10 10 9 9 9 18 17 17 22 22 23 20 20 17 10 10 6 6 2 1 1 0
 22 22 25 28 28 30 29 29 25 25 25 21 21 24 20 20 14 14 10 15 15 11 13 13 14 14 9 12 12 18 16 16 13 13 10 11 11 20 12 12 5 5 5 5 5 1
 27 27 28 30 30 30 30 30 25 25 25 22 22 19 22 22 29 29 19 17 17 9 13 13 13 13 9 10 10 14 19 19 19 19 16 18 18 14 17 17 17 17 10 9 9 3
 27 27 28 30 30 30 30 30 25 25 25 22 22 19 22 22 29 29 19 17 17 9 13 13 13 13 9 10 10 14 19 19 19 19 16 18 18 14 17 17 17 17 10 9 9 3
 27 27 27 27 27 26 27 27 27 27 24 21 21 16 14 14 21 21 19 15 15 7 9 9 10 10 11 14 14 14 22 22 21 21 17 18 18 24 21 21 19 19 16 14 14 13
 27 27 27 27 27 26 27 27 27 27 24 21 21 16 14 14 21 21 19 15 15 7 9 9 10 10 11 14 14 14 22 22 21 21 17 18 18 24 21 21 19 19 16 14 14 13
 22 22 22 25 25 27 26 26 24 24 21 19 19 14 12 12 11 11 9 6 6 6 7 7 9 9 10 12 12 13 21 21 26 26 23 21 21 22 16 16 12 12 13 12 12 9
 16 16 17 16 16 20 20 20 19 19 18 16 16 10 7 7 4 4 4 4 4 4 5 5 7 7 10 11 11 17 23 23 25 25 21 15 15 17 11 11 9 9 4 4 4 6
 16 16 17 16 16 20 20 20 19 19 18 16 16 10 7 7 4 4 4 4 4 4 5 5 7 7 10 11 11 17 23 23 25 25 21 15 15 17 11 11 9 9 4 4 4 6
 17 17 17 15 15 19 19 19 13 13 10 8 8 6 4 4 2 2 3 3 3 2 2 2 4 4 9 13 13 13 20 20 15 15 13 9 9 7 8 8 6 6 3 4 4 2
 15 15 15 13 13 15 10 10 8 8 6 5 5 4 2 2 2 2 2 3 3 2 3 3 5 5 10 14 14 11 8 8 12 12 12 7 7 5 4 4 3 3 3 4 4 1
 15 15 15 13 13 15 10 10 8 8 6 5 5 4 2 2 2 2 2 3 3 2 3 3 5 5 10 14 14 11 8 8 12 12 12 7 7 5 4 4 3 3 3 4 4 1
 12 12 12 13 13 15 9 9 7 7 5 2 2 1 1 1 2 2 2 3 3 3 4 4 6 6 8 14 14 14 9 9 4 4 9 6 6 5 5 5 3 3 5 6 6 2
 12 12 12 13 13 15 9 9 7 7 5 2 2 1 1 1 2 2 2 3 3 3 4 4 6 6 8 14 14 14 9 9 4 4 9 6 6 5 5 5 3 3 5 6 6 2
 9 9 10 12 12 13 7 7 6 6 7 7 7 2 2 2 4 4 3 5 5 6 10 10 11 11 12 10 10 8 5 5 3 3 7 8 8 7 6 6 4 4 5 5 5 2
 8 8 6 6 6 9 4 4 3 3 5 6 6 6 5 5 6 6 5 8 8 13 18 18 14 14 10 7 7 5 5 5 5 5 4 4 4 9 5 5 5 5 5 3 3 2
 8 8 6 6 6 9 4 4 3 3 5 6 6 6 5 5 6 6 5 8 8 13 18 18 14 14 10 7 7 5 5 5 5 5 4 4 4 9 5 5 5 5 5 3 3 2
 8 8 4 4 4 5 6 6 2 2 2 3 3 6 5 5 8 8 7 9 9 13 18 18 16 16 14 7 7 6 5 5 5 5 4 4 4 4 5 5 4 4 4 3 3 2
 8 8 6 6 6 3 3 3 5 5 9 5 5 7 6 6 8 8 10 9 9 10 14 14 14 14 12 9 9 9 8 8 6 6 2 3 3 4 4 4 3 3 4 1 1 1
