assets/RAT_results/precipitation/2022-04-28_IMERG.asc
ncols        46
nrows        77
xllcorner    74.800261325624
yllcorner    8.058333333333
cellsize     0.062500000000
NODATA_value -9999
 0 0 0 0 0 0 0 0 0 0 1 1 1 0 0 0 0 0 0 0 0 0 0 0 0 0 0 0 0 0 0 0 0 0 0 0 0 0 0 0 0 0 0 0 0 0
 1 1 0 0 0 0 0 0 0 0 0 0 0 0 0 0 1 1 0 0 0 0 0 0 0 0 0 0 0 0 0 0 0 0 0 1 1 1 0 0 0 0 0 0 0 0
 1 1 0 0 0 0 0 0 0 0 0 0 0 0 0 0 1 1 0 0 0 0 0 0 0 0 0 0 0 0 0 0 0 0 0 1 1 1 0 0 0 0 0 0 0 0
 0 0 0 0 0 0 0 0 0 0 0 0 0 3 5 5 4 4 0 0 0 0 0 0 0 0 0 0 0 0 0 0 0 0 0 1 1 1 0 0 0 0 0 0 0 0
 1 1 1 0 0 0 1 1 1 1 0 0 0 3 5 5 4 4 0 0 0 0 0 0 0 0 0 0 0 0 0 0 0 0 0 3 3 6 1 1 1 1 0 0 0 0
 1 1 1 0 0 0 1 1 1 1 0 0 0 3 5 5 4 4 0 0 0 0 0 0 0 0 0 0 0 0 0 0 0 0 0 3 3 6 1 1 1 1 0 0 0 0
 1 1 1 1 1 0 0 0 1 1 0 0 0 5 5 5 5 5 0 0 0 0 0 0 0 0 0 0 0 0 2 2 0 0 0 2 2 12 6 6 5 5 0 0 0 0
 1 1 1 1 1 0 0 0 1 1 0 0 0 5 5 5 5 5 0 0 0 0 0 0 0 0 0 0 0 0 2 2 0 0 0 2 2 12 6 6 5 5 0 0 0 0
 0 0 1 1 1 1 0 0 0 0 0 0 0 0 1 1 0 0 0 0 0 0 0 0 0 0 0 0 0 0 1 1 2 2 2 5 5 0 0 0 0 0 0 0 0 0
 1 1 1 2 2 1 0 0 0 0 0 0 0 0 0 0 0 0 0 0 0 0 0 0 0 0 0 0 0 1 2 2 2 2 3 0 0 0 0 0 0 0 0 0 0 0
 1 1 1 2 2 1 0 0 0 0 0 0 0 0 0 0 0 0 0 0 0 0 0 0 0 0 0 0 0 1 2 2 2 2 3 0 0 0 0 0 0 0 0 0 0 0
 1 1 0 0 0 2 0 0 0 0 0 0 0 0 0 0 0 0 0 0 0 0 0 0 0 0 0 0 0 0 0 0 0 0 0 0 0 0 0 0 0 0 0 0 0 0
 2 2 1 0 0 2 1 1 0 0 0 0 0 0 0 0 0 0 0 0 0 0 0 0 0 0 1 1 1 0 0 0 0 0 0 0 0 0 0 0 0 0 0 0 0 0
 2 2 1 0 0 2 1 1 0 0 0 0 0 0 0 0 0 0 0 0 0 0 0 0 0 0 1 1 1 0 0 0 0 0 0 0 0 0 0 0 0 0 0 0 0 0
 2 2 3 0 0 0 1 1 0 0 0 0 0 0 0 0 0 0 0 0 0 2 0 0 1 1 0 2 2 1 0 0 0 0 0 0 0 0 0 0 0 0 0 0 0 0
 2 2 3 0 0 0 1 1 0 0 0 0 0 0 0 0 0 0 0 0 0 2 0 0 1 1 0 2 2 1 0 0 0 0 0 0 0 0 0 0 0 0 0 0 0 0
 3 3 22 17 17 13 0 0 1 1 1 0 0 0 0 0 0 0 0 0 0 2 1 1 2 2 0 0 0 0 0 0 0 0 0 0 0 0 0 0 0 0 0 0 0 0
 4 4 9 3 3 14 1 1 0 0 1 0 0 0 1 1 3 3 0 0 0 0 2 2 1 1 1 0 0 0 0 0 0 0 0 0 0 0 0 0 0 0 0 0 0 0
 4 4 9 3 3 14 1 1 0 0 1 0 0 0 1 1 3 3 0 0 0 0 2 2 1 1 1 0 0 0 0 0 0 0 0 0 0 0 0 0 0 0 0 0 0 0
 10 10 9 3 3 6 8 8 7 7 4 1 1 0 0 0 1 1 1 0 0 0 0 0 0 0 0 0 0 0 0 0 0 0 0 0 0 0 0 0 0 0 0 0 0 0
 8 8 1 2 2 7 9 9 16 16 5 6 6 1 0 0 0 0 1 0 0 0 0 0 0 0 1 0 0 0 0 0 0 0 0 0 0 0 0 0 0 0 0 0 0 0
 8 8 1 2 2 7 9 9 16 16 5 6 6 1 0 0 0 0 1 0 0 0 0 0 0 0 1 0 0 0 0 0 0 0 0 0 0 0 0 0 0 0 0 0 0 0
 7 7 1 1 1 2 8 8 10 10 16 12 12 1 0 0 0 0 0 0 0 0 0 0 0 0 0 0 0 0 0 0 0 0 0 0 0 0 0 0 0 0 0 0 0 0
 7 7 1 1 1 2 8 8 10 10 16 12 12 1 0 0 0 0 0 0 0 0 0 0 0 0 0 0 0 0 0 0 0 0 0 0 0 0 0 0 0 0 0 0 0 0
 3 3 3 2 2 1 2 2 5 5 2 8 8 5 1 1 0 0 0 0 0 0 8 8 0 0 0 0 0 0 0 0 0 0 0 0 0 0 0 0 0 0 0 0 0 0
 2 2 5 4 4 2 1 1 1 1 1 0 0 1 1 1 0 0 0 0 0 0 16 16 2 2 2 0 0 0 0 0 0 0 0 0 0 0 0 0 0 0 0 0 0 0
 2 2 5 4 4 2 1 1 1 1 1 0 0 1 1 1 0 0 0 0 0 0 16 16 2 2 2 0 0 0 0 0 0 0 0 0 0 0 0 0 0 0 0 0 0 0
 2 2 4 7 7 5 2 2 1 1 2 1 1 1 1 1 1 1 0 0 0 0 0 0 0 0 0 0 0 0 0 0 0 0 0 0 0 0 0 0 0 0 0 0 0 0
 3 3 2 3 3 3 2 2 1 1 2 2 2 1 3 3 0 0 0 0 0 0 0 0 0 0 0 0 0 0 0 0 0 0 0 0 0 0 0 0 0 0 0 0 0 0
 3 3 2 3 3 3 2 2 1 1 2 2 2 1 3 3 0 0 0 0 0 0 0 0 0 0 0 0 0 0 0 0 0 0 0 0 0 0 0 0 0 0 0 0 0 0
 0 0 1 1 1 1 0 0 0 0 1 1 1 1 1 1 0 0 0 0 0 0 0 0 0 0 0 0 0 0 0 0 0 0 0 0 0 0 0 0 0 0 0 0 0 0
 0 0 1 1 1 1 0 0 0 0 1 1 1 1 1 1 0 0 0 0 0 0 0 0 0 0 0 0 0 0 0 0 0 0 0 0 0 0 0 0 0 0 0 0 0 0
 0 0 0 0 0 0 0 0 0 0 0 1 1 0 11 11 1 1 0 0 0 0 0 0 0 0 0 0 0 0 0 0 0 0 0 0 0 0 0 0 0 0 0 0 0 0
 0 0 0 0 0 0 0 0 0 0 0 1 1 1 11 11 11 11 0 0 0 0 0 0 0 0 1 1 1 0 0 0 0 0 0 0 0 0 0 0 0 0 0 0 0 0
 0 0 0 0 0 0 0 0 0 0 0 1 1 1 11 11 11 11 0 0 0 0 0 0 0 0 1 1 1 0 0 0 0 0 0 0 0 0 0 0 0 0 0 0 0 0
 0 0 0 0 0 0 0 0 0 0 0 0 0 1 1 1 5 5 7 3 3 0 0 0 3 3 1 1 1 1 1 1 0 0 0 0 0 0 0 0 0 0 0 0 0 0
 0 0 0 0 0 0 0 0 0 0 0 0 0 0 2 2 12 12 9 3 3 0 2 2 9 9 5 5 5 7 3 3 0 0 0 0 0 0 0 0 0 0 0 0 0 0
 0 0 0 0 0 0 0 0 0 0 0 0 0 0 2 2 12 12 9 3 3 0 2 2 9 9 5 5 5 7 3 3 0 0 0 0 0 0 0 0 0 0 0 0 0 0
 0 0 0 0 0 0 0 0 1 1 0 0 0 0 1 1 2 2 0 7 7 2 4 4 9 9 7 17 17 5 2 2 0 0 0 0 0 0 0 0 0 0 0 0 0 0
 0 0 0 0 0 0 0 0 1 1 0 0 0 0 1 1 2 2 0 7 7 2 4 4 9 9 7 17 17 5 2 2 0 0 0 0 0 0 0 0 0 0 0 0 0 0
 0 0 0 0 0 0 0 0 0 0 0 0 0 0 0 0 3 3 1 1 1 3 5 5 11 11 15 21 21 8 2 2 1 1 1 2 2 1 1 1 0 0 0 0 0 0
 0 0 0 0 0 0 0 0 0 0 0 0 0 0 1 1 2 2 1 0 0 2 4 4 6 6 13 17 17 13 6 6 6 6 3 3 3 3 1 1 1 1 0 0 0 0
 0 0 0 0 0 0 0 0 0 0 0 0 0 0 1 1 2 2 1 0 0 2 4 4 6 6 13 17 17 13 6 6 6 6 3 3 3 3 1 1 1 1 0 0 0 0
 0 0 0 0 0 0 0 0 0 0 0 0 0 1 1 1 0 0 0 0 0 3 3 3 6 6 15 22 22 17 20 20 7 7 6 5 5 2 1 1 0 0 0 0 0 0
 0 0 0 0 0 0 0 0 0 0 0 0 0 0 0 0 0 0 2 1 1 1 4 4 6 6 13 48 48 14 8 8 13 13 4 2 2 1 0 0 0 0 0 0 0 0
 0 0 0 0 0 0 0 0 0 0 0 0 0 0 0 0 0 0 2 1 1 1 4 4 6 6 13 48 48 14 8 8 13 13 4 2 2 1 0 0 0 0 0 0 0 0
 0 0 0 0 0 0 0 0 0 0 0 0 0 0 0 0 1 1 2 2 2 1 1 1 4 4 7 10 10 42 10 10 11 11 5 3 3 3 0 0 0 0 0 0 0 0
 0 0 0 0 0 0 0 0 0 0 0 0 0 0 0 0 1 1 2 2 2 1 1 1 4 4 7 10 10 42 10 10 11 11 5 3 3 3 0 0 0 0 0 0 0 0
 0 0 0 0 0 0 0 0 0 0 0 0 0 0 1 1 1 1 4 3 3 2 1 1 4 4 5 4 4 3 10 10 1 1 0 5 5 4 0 0 0 0 0 0 0 0
 0 0 0 0 0 19 20 20 22 22 22 1 1 1 1 1 2 2 4 3 3 6 5 5 3 3 4 4 4 3 4 4 1 1 2 0 0 0 0 0 0 0 0 0 0 0
 0 0 0 0 0 19 20 20 22 22 22 1 1 1 1 1 2 2 4 3 3 6 5 5 3 3 4 4 4 3 4 4 1 1 2 0 0 0 0 0 0 0 0 0 0 0
 0 0 2 2 2 16 22 22 25 25 26 4 4 3 3 3 2 2 4 3 3 7 6 6 2 2 4 8 8 6 6 6 5 5 4 3 3 2 0 0 0 0 0 0 0 0
 1 1 2 3 3 18 20 20 23 23 26 24 24 5 5 5 4 4 2 2 2 5 9 9 11 11 4 9 9 7 6 6 14 14 13 9 9 5 0 0 2 2 0 0 0 0
 1 1 2 3 3 18 20 20 23 23 26 24 24 5 5 5 4 4 2 2 2 5 9 9 11 11 4 9 9 7 6 6 14 14 13 9 9 5 0 0 2 2 0 0 0 0
 1 1 1 2 2 7 21 21 23 23 24 23 23 5 5 5 3 3 2 7 7 7 11 11 18 18 7 8 8 8 8 8 39 39 12 9 9 4 0 0 0 0 0 0 0 0
 1 1 1 2 2 7 21 21 23 23 24 23 23 5 5 5 3 3 2 7 7 7 11 11 18 18 7 8 8 8 8 8 39 39 12 9 9 4 0 0 0 0 0 0 0 0
 1 1 1 1 1 5 22 22 21 21 18 18 18 4 4 4 5 5 3 2 2 6 12 12 17 17 8 8 8 14 12 12 14 14 36 9 9 3 3 3 0 0 0 0 0 0
 1 1 0 1 1 1 2 2 4 4 7 3 3 3 3 3 5 5 7 11 11 13 15 15 5 5 7 6 6 4 16 16 22 22 24 17 17 15 3 3 0 0 0 0 0 0
 1 1 0 1 1 1 2 2 4 4 7 3 3 3 3 3 5 5 7 11 11 13 15 15 5 5 7 6 6 4 16 16 22 22 24 17 17 15 3 3 0 0 0 0 0 0
 0 0 0 0 0 1 2 2 2 2 6 2 2 3 3 3 5 5 7 13 13 35 18 18 5 5 9 2 2 3 4 4 21 21 19 12 12 11 0 0 0 0 0 0 0 0
 0 0 0 0 0 2 4 4 1 1 1 2 2 2 3 3 4 4 7 18 18 34 34 34 32 32 4 42 42 6 2 2 1 1 4 3 3 3 1 1 1 1 1 0 0 0
 0 0 0 0 0 2 4 4 1 1 1 2 2 2 3 3 4 4 7 18 18 34 34 34 32 32 4 42 42 6 2 2 1 1 4 3 3 3 1 1 1 1 1 0 0 0
 0 0 0 0 0 1 3 3 1 1 1 2 2 3 3 3 3 3 4 5 5 32 16 16 52 52 28 41 41 6 2 2 1 1 1 1 1 1 1 1 0 0 1 0 0 0
 0 0 0 0 0 1 3 3 1 1 1 2 2 3 3 3 3 3 4 5 5 32 16 16 52 52 28 41 41 6 2 2 1 1 1 1 1 1 1 1 0 0 1 0 0 0
 0 0 0 0 0 0 1 1 1 1 2 4 4 6 7 7 4 4 4 5 5 18 16 16 51 51 41 50 50 7 5 5 2 2 2 6 6 1 1 1 1 1 1 0 0 0
 0 0 0 1 1 1 1 1 1 1 7 5 5 3 7 7 5 5 4 4 4 9 20 20 42 42 40 48 48 8 9 9 5 5 4 2 2 4 1 1 1 1 1 0 0 0
 0 0 0 1 1 1 1 1 1 1 7 5 5 3 7 7 5 5 4 4 4 9 20 20 42 42 40 48 48 8 9 9 5 5 4 2 2 4 1 1 1 1 1 0 0 0
 0 0 0 1 1 1 1 1 2 2 5 3 3 3 4 4 4 4 3 3 3 6 17 17 5 5 8 11 11 13 4 4 9 9 18 4 4 8 3 3 4 4 1 0 0 0
 0 0 0 1 1 1 3 3 3 3 3 4 4 4 4 4 3 3 3 4 4 5 8 8 11 11 13 12 12 12 9 9 6 6 18 14 14 14 9 9 10 10 6 4 4 0
 0 0 0 1 1 1 3 3 3 3 3 4 4 4 4 4 3 3 3 4 4 5 8 8 11 11 13 12 12 12 9 9 6 6 18 14 14 14 9 9 10 10 6 4 4 0
 0 0 1 1 1 1 1 1 5 5 4 4 4 6 8 8 6 6 4 3 3 1 4 4 9 9 18 17 17 16 11 11 21 21 10 11 11 6 1 1 5 5 4 2 2 0
 0 0 1 1 1 1 1 1 5 5 4 4 4 6 8 8 6 6 4 3 3 1 4 4 9 9 18 17 17 16 11 11 21 21 10 11 11 6 1 1 5 5 4 2 2 0
 1 1 1 1 1 2 2 2 4 4 4 4 4 8 8 8 3 3 2 1 1 1 1 1 10 10 18 12 12 26 24 24 22 22 10 5 5 2 1 1 1 1 0 0 0 0
 1 1 1 2 2 2 4 4 5 5 4 3 3 5 3 3 2 2 2 1 1 0 0 0 2 2 6 7 7 22 11 11 23 23 14 5 5 8 2 2 0 0 0 0 0 0
 1 1 1 2 2 2 4 4 5 5 4 3 3 5 3 3 2 2 2 1 1 0 0 0 2 2 6 7 7 22 11 11 23 23 14 5 5 8 2 2 0 0 0 0 0 0
 1 1 2 2 2 3 5 5 6 6 4 2 2 2 2 2 1 1 1 1 1 1 0 0 2 2 2 0 0 5 7 7 21 21 13 3 3 6 9 9 10 10 1 2 2 2
 1 1 2 2 2 2 2 2 2 2 1 1 1 2 1 1 1 1 0 1 1 1 1 1 3 3 0 0 0 0 0 0 0 0 2 2 2 6 7 7 1 1 3 1 1 1
