assets/RAT_results/precipitation/2023-10-31_IMERG.asc
ncols        46
nrows        77
xllcorner    74.800261325624
yllcorner    8.058333333333
cellsize     0.062500000000
NODATA_value -9999
 5 5 6 5 5 2 3 3 3 3 8 11 11 15 15 15 20 20 14 9 9 6 4 4 2 2 2 2 2 2 1 1 1 1 1 1 1 1 1 1 1 1 0 0 0 0
 6 6 7 6 6 5 6 6 9 9 21 23 23 24 20 20 18 18 10 7 7 4 4 4 3 3 7 4 4 2 2 2 2 2 2 1 1 2 1 1 1 1 1 1 1 0
 6 6 7 6 6 5 6 6 9 9 21 23 23 24 20 20 18 18 10 7 7 4 4 4 3 3 7 4 4 2 2 2 2 2 2 1 1 2 1 1 1 1 1 1 1 0
 6 6 7 8 8 6 9 9 28 28 36 32 32 29 24 24 22 22 10 6 6 4 7 7 7 7 9 4 4 1 1 1 1 1 1 1 1 1 1 1 1 1 1 0 0 0
 16 16 18 27 27 26 38 38 53 53 51 36 36 29 24 24 22 22 14 11 11 8 6 6 5 5 4 1 1 2 1 1 1 1 0 0 0 0 0 0 0 0 0 0 0 0
 16 16 18 27 27 26 38 38 53 53 51 36 36 29 24 24 22 22 14 11 11 8 6 6 5 5 4 1 1 2 1 1 1 1 0 0 0 0 0 0 0 0 0 0 0 0
 23 23 21 37 37 38 40 40 52 52 34 36 36 29 27 27 18 18 16 10 10 7 3 3 3 3 1 1 1 1 0 0 0 0 0 0 0 0 0 0 0 0 0 0 0 0
 23 23 21 37 37 38 40 40 52 52 34 36 36 29 27 27 18 18 16 10 10 7 3 3 3 3 1 1 1 1 0 0 0 0 0 0 0 0 0 0 0 0 0 0 0 0
 28 28 26 52 52 51 50 50 39 39 34 35 35 33 28 28 18 18 13 11 11 7 3 3 2 2 1 0 0 0 0 0 0 0 0 0 0 0 0 0 0 0 0 0 0 0
 25 25 34 42 42 39 38 38 33 33 34 37 37 31 32 32 24 24 19 13 13 9 4 4 2 2 1 1 1 0 0 0 0 0 0 0 0 0 0 0 0 0 0 0 0 0
 25 25 34 42 42 39 38 38 33 33 34 37 37 31 32 32 24 24 19 13 13 9 4 4 2 2 1 1 1 0 0 0 0 0 0 0 0 0 0 0 0 0 0 0 0 0
 26 26 28 28 28 35 37 37 33 33 35 38 38 37 39 39 40 40 29 17 17 11 6 6 4 4 2 1 1 0 0 0 0 0 1 1 1 0 1 1 1 1 1 0 0 0
 30 30 34 33 33 36 37 37 31 31 31 32 32 37 42 42 45 45 33 17 17 11 6 6 4 4 3 1 1 0 0 0 0 0 1 1 1 1 1 1 2 2 1 1 1 0
 30 30 34 33 33 36 37 37 31 31 31 32 32 37 42 42 45 45 33 17 17 11 6 6 4 4 3 1 1 0 0 0 0 0 1 1 1 1 1 1 2 2 1 1 1 0
 38 38 35 36 36 32 43 43 40 40 39 39 39 42 47 47 44 44 29 20 20 10 7 7 5 5 3 2 2 0 0 0 0 0 3 0 0 0 0 0 1 1 1 0 0 0
 38 38 35 36 36 32 43 43 40 40 39 39 39 42 47 47 44 44 29 20 20 10 7 7 5 5 3 2 2 0 0 0 0 0 3 0 0 0 0 0 1 1 1 0 0 0
 38 38 35 40 40 35 36 36 40 40 43 42 42 44 39 39 31 31 20 17 17 9 6 6 4 4 3 2 2 1 0 0 0 0 0 0 0 0 0 0 0 0 0 0 0 0
 75 75 31 43 43 98 72 72 40 40 43 30 30 34 29 29 23 23 21 14 14 7 6 6 4 4 4 4 4 1 1 1 0 0 0 0 0 0 0 0 0 0 0 0 0 0
 75 75 31 43 43 98 72 72 40 40 43 30 30 34 29 29 23 23 21 14 14 7 6 6 4 4 4 4 4 1 1 1 0 0 0 0 0 0 0 0 0 0 0 0 0 0
 69 69 151 88 88 93 61 61 59 59 48 25 25 26 23 23 21 21 13 11 11 7 8 8 6 6 12 10 10 3 2 2 0 0 0 0 0 0 0 0 0 0 0 0 0 0
 130 130 155 144 144 113 54 54 55 55 43 20 20 19 15 15 13 13 6 9 9 14 9 9 10 10 12 13 13 5 1 1 0 0 0 0 0 0 0 0 0 0 0 0 0 0
 130 130 155 144 144 113 54 54 55 55 43 20 20 19 15 15 13 13 6 9 9 14 9 9 10 10 12 13 13 5 1 1 0 0 0 0 0 0 0 0 0 0 0 0 0 0
 127 127 166 162 162 133 85 85 37 37 42 20 20 16 11 11 9 9 5 10 10 13 13 13 13 13 14 10 10 6 1 1 0 0 0 0 0 0 0 0 0 0 0 0 0 0
 127 127 166 162 162 133 85 85 37 37 42 20 20 16 11 11 9 9 5 10 10 13 13 13 13 13 14 10 10 6 1 1 0 0 0 0 0 0 0 0 0 0 0 0 0 0
 20 20 27 77 77 87 86 86 46 46 37 40 40 16 13 13 10 10 7 11 11 13 14 14 13 13 10 9 9 9 3 3 1 1 0 0 0 0 0 0 0 0 0 0 0 1
 15 15 14 15 15 27 27 27 43 43 45 19 19 9 7 7 9 9 9 10 10 10 11 11 13 13 16 19 19 20 8 8 3 3 0 0 0 0 0 0 0 0 0 0 0 1
 15 15 14 15 15 27 27 27 43 43 45 19 19 9 7 7 9 9 9 10 10 10 11 11 13 13 16 19 19 20 8 8 3 3 0 0 0 0 0 0 0 0 0 0 0 1
 14 14 15 17 17 15 8 8 39 39 39 7 7 3 4 4 7 7 10 12 12 14 12 12 16 16 20 21 21 19 5 5 6 6 0 0 0 1 1 1 6 6 6 0 0 1
 8 8 16 11 11 10 6 6 6 6 7 6 6 6 9 9 15 15 21 16 16 20 21 21 26 26 26 23 23 19 6 6 3 3 0 0 0 0 2 2 6 6 6 1 1 0
 8 8 16 11 11 10 6 6 6 6 7 6 6 6 9 9 15 15 21 16 16 20 21 21 26 26 26 23 23 19 6 6 3 3 0 0 0 0 2 2 6 6 6 1 1 0
 6 6 9 8 8 6 4 4 17 17 17 31 31 11 20 20 27 27 30 34 34 39 45 45 47 47 32 27 27 19 6 6 2 2 0 0 0 0 0 0 0 0 5 1 1 0
 6 6 9 8 8 6 4 4 17 17 17 31 31 11 20 20 27 27 30 34 34 39 45 45 47 47 32 27 27 19 6 6 2 2 0 0 0 0 0 0 0 0 5 1 1 0
 3 3 4 6 6 6 7 7 19 19 21 49 49 44 37 37 36 36 53 52 52 105 55 55 54 54 39 26 26 11 6 6 2 2 0 0 0 0 0 0 0 0 4 0 0 0
 3 3 5 26 26 32 31 31 57 57 49 74 74 63 82 82 68 68 64 66 66 83 69 69 60 60 41 23 23 11 5 5 1 1 0 0 0 0 0 0 0 0 0 0 0 0
 3 3 5 26 26 32 31 31 57 57 49 74 74 63 82 82 68 68 64 66 66 83 69 69 60 60 41 23 23 11 5 5 1 1 0 0 0 0 0 0 0 0 0 0 0 0
 11 11 12 50 50 62 107 107 82 82 77 90 90 85 92 92 73 73 77 72 72 81 70 70 49 49 26 14 14 8 3 3 0 0 0 0 0 0 0 0 0 0 0 0 0 0
 12 12 15 64 64 67 127 127 133 133 134 144 144 101 96 96 68 68 68 67 67 79 55 55 41 41 29 18 18 8 1 1 0 0 1 0 0 0 0 0 0 0 0 0 0 0
 12 12 15 64 64 67 127 127 133 133 134 144 144 101 96 96 68 68 68 67 67 79 55 55 41 41 29 18 18 8 1 1 0 0 1 0 0 0 0 0 0 0 0 0 0 0
 33 33 54 67 67 50 60 60 82 82 74 76 76 74 88 88 113 113 111 81 81 71 48 48 31 31 26 12 12 4 2 2 1 1 1 0 0 0 0 0 0 0 0 0 0 0
 33 33 54 67 67 50 60 60 82 82 74 76 76 74 88 88 113 113 111 81 81 71 48 48 31 31 26 12 12 4 2 2 1 1 1 0 0 0 0 0 0 0 0 0 0 0
 26 26 24 28 28 34 46 46 48 48 55 58 58 51 37 37 96 96 72 69 69 47 44 44 32 32 18 12 12 5 5 5 4 4 2 1 1 0 0 0 0 0 0 1 1 0
 31 31 34 34 34 32 40 40 33 33 38 38 38 36 126 126 173 173 182 141 141 35 42 42 37 37 32 22 22 11 8 8 7 7 4 1 1 0 0 0 0 0 0 2 2 0
 31 31 34 34 34 32 40 40 33 33 38 38 38 36 126 126 173 173 182 141 141 35 42 42 37 37 32 22 22 11 8 8 7 7 4 1 1 0 0 0 0 0 0 2 2 0
 41 41 51 63 63 43 45 45 19 19 20 34 34 31 126 126 171 171 123 129 129 64 40 40 39 39 43 34 34 17 9 9 9 9 8 3 3 4 0 0 2 2 3 0 0 0
 38 38 111 65 65 58 55 55 26 26 18 5 5 10 58 58 58 58 152 115 115 118 30 30 30 30 32 27 27 20 13 13 15 15 16 8 8 3 1 1 1 1 0 1 1 2
 38 38 111 65 65 58 55 55 26 26 18 5 5 10 58 58 58 58 152 115 115 118 30 30 30 30 32 27 27 20 13 13 15 15 16 8 8 3 1 1 1 1 0 1 1 2
 27 27 116 119 119 116 114 114 10 10 18 4 4 7 5 5 6 6 5 3 3 16 17 17 20 20 20 28 28 31 28 28 31 31 29 16 16 7 2 2 1 1 1 1 1 2
 27 27 116 119 119 116 114 114 10 10 18 4 4 7 5 5 6 6 5 3 3 16 17 17 20 20 20 28 28 31 28 28 31 31 29 16 16 7 2 2 1 1 1 1 1 2
 41 41 44 57 57 59 106 106 12 12 5 4 4 3 3 3 2 2 2 1 1 5 2 2 8 8 25 61 61 74 66 66 63 63 57 34 34 16 5 5 2 2 2 1 1 1
 15 15 48 46 46 53 62 62 25 25 31 32 32 27 4 4 2 2 1 3 3 3 3 3 13 13 35 67 67 93 92 92 89 89 82 50 50 22 8 8 3 3 3 2 2 2
 15 15 48 46 46 53 62 62 25 25 31 32 32 27 4 4 2 2 1 3 3 3 3 3 13 13 35 67 67 93 92 92 89 89 82 50 50 22 8 8 3 3 3 2 2 2
 16 16 17 22 22 43 60 60 45 45 46 38 38 54 18 18 12 12 10 7 7 6 5 5 17 17 44 71 71 91 102 102 100 100 91 59 59 26 10 10 3 3 1 0 0 8
 13 13 14 15 15 28 104 104 105 105 112 123 123 66 60 60 71 71 47 8 8 6 6 6 21 21 48 73 73 91 101 101 103 103 92 58 58 23 8 8 2 2 0 0 0 0
 13 13 14 15 15 28 104 104 105 105 112 123 123 66 60 60 71 71 47 8 8 6 6 6 21 21 48 73 73 91 101 101 103 103 92 58 58 23 8 8 2 2 0 0 0 0
 11 11 11 9 9 10 20 20 18 18 101 103 103 64 63 63 67 67 64 11 11 6 8 8 21 21 38 58 58 76 93 93 94 94 69 26 26 12 6 6 2 2 0 0 0 0
 11 11 11 9 9 10 20 20 18 18 101 103 103 64 63 63 67 67 64 11 11 6 8 8 21 21 38 58 58 76 93 93 94 94 69 26 26 12 6 6 2 2 0 0 0 0
 14 14 12 6 6 5 6 6 10 10 9 17 17 64 47 47 46 46 28 4 4 2 6 6 11 11 16 26 26 51 59 59 47 47 23 8 8 8 5 5 1 1 0 0 0 0
 16 16 18 8 8 4 4 4 5 5 6 8 8 8 16 16 12 12 9 11 11 8 2 2 4 4 8 10 10 18 21 21 15 15 8 4 4 2 2 2 0 0 0 0 0 0
 16 16 18 8 8 4 4 4 5 5 6 8 8 8 16 16 12 12 9 11 11 8 2 2 4 4 8 10 10 18 21 21 15 15 8 4 4 2 2 2 0 0 0 0 0 0
 21 21 18 8 8 4 5 5 8 8 11 6 6 8 6 6 5 5 13 20 20 11 2 2 3 3 5 5 5 6 6 6 4 4 3 1 1 0 0 0 0 0 0 0 0 0
 17 17 12 4 4 3 5 5 8 8 14 17 17 9 15 15 16 16 21 13 13 5 2 2 1 1 2 4 4 3 3 3 1 1 1 1 1 0 0 0 2 2 0 0 0 1
 17 17 12 4 4 3 5 5 8 8 14 17 17 9 15 15 16 16 21 13 13 5 2 2 1 1 2 4 4 3 3 3 1 1 1 1 1 0 0 0 2 2 0 0 0 1
 6 6 3 2 2 3 4 4 6 6 23 24 24 46 53 53 70 70 69 44 44 11 2 2 1 1 2 5 5 4 3 3 2 2 1 3 3 6 5 5 5 5 0 2 2 0
 6 6 3 2 2 3 4 4 6 6 23 24 24 46 53 53 70 70 69 44 44 11 2 2 1 1 2 5 5 4 3 3 2 2 1 3 3 6 5 5 5 5 0 2 2 0
 2 2 2 2 2 3 6 6 10 10 12 10 10 115 73 73 87 87 83 48 48 46 10 10 1 1 3 5 5 10 8 8 5 5 5 3 3 6 2 2 7 7 2 2 2 0
 1 1 1 2 2 4 9 9 35 35 27 13 13 136 136 136 143 143 145 121 121 54 54 54 4 4 4 9 9 20 17 17 10 10 8 2 2 6 7 7 14 14 9 2 2 1
 1 1 1 2 2 4 9 9 35 35 27 13 13 136 136 136 143 143 145 121 121 54 54 54 4 4 4 9 9 20 17 17 10 10 8 2 2 6 7 7 14 14 9 2 2 1
 1 1 1 3 3 3 6 6 94 94 30 13 13 132 137 137 144 144 149 141 141 72 70 70 46 46 43 135 135 139 25 25 21 21 18 10 10 12 14 14 17 17 11 3 3 1
 1 1 1 2 2 3 3 3 23 23 105 14 14 116 124 124 141 141 128 129 129 100 89 89 50 50 72 222 222 224 31 31 54 54 29 24 24 21 9 9 8 8 3 2 2 1
 1 1 1 2 2 3 3 3 23 23 105 14 14 116 124 124 141 141 128 129 129 100 89 89 50 50 72 222 222 224 31 31 54 54 29 24 24 21 9 9 8 8 3 2 2 1
 0 0 1 3 3 2 2 2 5 5 15 24 24 19 50 50 62 62 54 58 58 64 94 94 23 23 203 212 212 219 98 98 99 99 29 22 22 24 6 6 4 4 3 0 0 0
 0 0 1 3 3 2 2 2 5 5 15 24 24 19 50 50 62 62 54 58 58 64 94 94 23 23 203 212 212 219 98 98 99 99 29 22 22 24 6 6 4 4 3 0 0 0
 1 1 1 3 3 2 2 2 3 3 4 5 5 3 5 5 44 44 44 45 45 39 65 65 69 69 202 206 206 214 121 121 91 91 10 12 12 11 4 4 1 1 1 1 1 1
 2 2 3 2 2 2 3 3 3 3 2 3 3 4 5 5 10 10 15 12 12 9 7 7 124 124 122 244 244 195 193 193 84 84 9 5 5 3 2 2 1 1 1 1 1 0
 2 2 3 2 2 2 3 3 3 3 2 3 3 4 5 5 10 10 15 12 12 9 7 7 124 124 122 244 244 195 193 193 84 84 9 5 5 3 2 2 1 1 1 1 1 0
 1 1 1 2 2 2 3 3 3 3 3 3 3 3 6 6 11 11 11 10 10 9 5 5 117 117 115 159 159 103 103 103 6 6 5 4 4 2 2 2 2 2 1 0 0 0
 1 1 1 1 1 1 3 3 2 2 4 3 3 5 7 7 14 14 16 16 16 17 12 12 6 6 32 93 93 94 96 96 3 3 3 4 4 3 2 2 1 1 1 7 7 0
