assets/RAT_results/precipitation/2023-11-24_IMERG.asc
ncols        46
nrows        77
xllcorner    74.800261325624
yllcorner    8.058333333333
cellsize     0.062500000000
NODATA_value -9999
 11 11 7 4 4 3 2 2 1 1 0 0 0 0 0 0 0 0 0 0 0 0 0 0 1 1 1 1 1 1 0 0 0 0 0 1 1 2 3 3 2 2 1 1 1 0
 13 13 4 4 4 5 2 2 1 1 1 1 1 0 0 0 0 0 0 0 0 0 1 1 2 2 1 1 1 2 1 1 1 1 1 1 1 1 1 1 2 2 2 2 2 1
 13 13 4 4 4 5 2 2 1 1 1 1 1 0 0 0 0 0 0 0 0 0 1 1 2 2 1 1 1 2 1 1 1 1 1 1 1 1 1 1 2 2 2 2 2 1
 6 6 6 8 8 11 4 4 2 2 2 2 2 1 1 1 0 0 0 0 0 0 1 1 1 1 1 1 1 2 1 1 1 1 1 1 1 1 1 1 2 2 1 1 1 1
 7 7 16 12 12 8 7 7 5 5 3 3 3 2 2 2 1 1 1 0 0 0 0 0 0 0 0 2 2 2 1 1 1 1 1 1 1 1 1 1 1 1 0 1 1 1
 7 7 16 12 12 8 7 7 5 5 3 3 3 2 2 2 1 1 1 0 0 0 0 0 0 0 0 2 2 2 1 1 1 1 1 1 1 1 1 1 1 1 0 1 1 1
 7 7 13 16 16 10 10 10 8 8 6 4 4 4 3 3 2 2 1 1 1 0 0 0 0 0 0 2 2 2 1 1 2 2 2 2 2 1 1 1 1 1 1 1 1 1
 7 7 13 16 16 10 10 10 8 8 6 4 4 4 3 3 2 2 1 1 1 0 0 0 0 0 0 2 2 2 1 1 2 2 2 2 2 1 1 1 1 1 1 1 1 1
 12 12 15 19 19 15 13 13 12 12 10 8 8 7 5 5 4 4 2 1 1 0 0 0 0 0 0 1 1 3 3 3 3 3 2 1 1 0 0 0 1 1 2 1 1 0
 26 26 27 33 33 28 20 20 14 14 11 10 10 8 7 7 6 6 4 2 2 1 0 0 0 0 0 1 1 2 1 1 1 1 1 0 0 0 0 0 0 0 0 0 0 0
 26 26 27 33 33 28 20 20 14 14 11 10 10 8 7 7 6 6 4 2 2 1 0 0 0 0 0 1 1 2 1 1 1 1 1 0 0 0 0 0 0 0 0 0 0 0
 32 32 31 28 28 32 23 23 20 20 13 12 12 12 11 11 8 8 5 3 3 2 1 1 1 1 0 0 0 0 0 0 0 0 0 0 0 0 0 0 0 0 0 0 0 0
 30 30 30 27 27 28 24 24 23 23 16 16 16 17 13 13 10 10 7 4 4 3 1 1 1 1 0 0 0 0 0 0 0 0 0 0 0 0 0 0 0 0 0 0 0 0
 30 30 30 27 27 28 24 24 23 23 16 16 16 17 13 13 10 10 7 4 4 3 1 1 1 1 0 0 0 0 0 0 0 0 0 0 0 0 0 0 0 0 0 0 0 0
 21 21 21 16 16 16 24 24 23 23 20 18 18 15 11 11 9 9 7 5 5 3 1 1 1 1 0 1 1 1 0 0 0 0 0 0 0 0 0 0 0 0 0 0 0 0
 21 21 21 16 16 16 24 24 23 23 20 18 18 15 11 11 9 9 7 5 5 3 1 1 1 1 0 1 1 1 0 0 0 0 0 0 0 0 0 0 0 0 0 0 0 0
 33 33 16 12 12 13 16 16 23 23 18 15 15 12 9 9 8 8 7 5 5 3 1 1 0 0 1 1 1 1 0 0 0 0 0 0 0 1 1 1 1 1 1 0 0 0
 31 31 18 21 21 18 22 22 16 16 17 15 15 12 9 9 8 8 6 5 5 3 1 1 0 0 0 0 0 0 0 0 0 0 0 1 1 2 4 4 4 4 2 1 1 0
 31 31 18 21 21 18 22 22 16 16 17 15 15 12 9 9 8 8 6 5 5 3 1 1 0 0 0 0 0 0 0 0 0 0 0 1 1 2 4 4 4 4 2 1 1 0
 86 86 28 23 23 22 24 24 18 18 12 14 14 12 9 9 7 7 6 4 4 2 1 1 0 0 0 0 0 0 0 0 0 0 0 2 2 4 5 5 5 5 4 8 8 1
 85 85 28 19 19 23 17 17 15 15 11 12 12 9 7 7 4 4 3 3 3 2 1 1 1 1 1 0 0 1 1 1 0 0 0 1 1 3 5 5 5 5 3 8 8 1
 85 85 28 19 19 23 17 17 15 15 11 12 12 9 7 7 4 4 3 3 3 2 1 1 1 1 1 0 0 1 1 1 0 0 0 1 1 3 5 5 5 5 3 8 8 1
 40 40 27 18 18 20 11 11 9 9 7 6 6 6 5 5 3 3 2 2 2 2 1 1 1 1 1 1 1 1 1 1 0 0 1 1 1 1 1 1 1 1 0 0 0 0
 40 40 27 18 18 20 11 11 9 9 7 6 6 6 5 5 3 3 2 2 2 2 1 1 1 1 1 1 1 1 1 1 0 0 1 1 1 1 1 1 1 1 0 0 0 0
 34 34 27 19 19 19 8 8 6 6 5 5 5 10 10 10 6 6 3 3 3 3 2 2 1 1 0 0 0 1 0 0 0 0 0 0 0 0 0 0 0 0 0 0 0 1
 35 35 37 33 33 34 8 8 7 7 6 6 6 8 14 14 17 17 13 5 5 1 0 0 0 0 0 1 1 0 0 0 0 0 0 0 0 0 1 1 1 1 1 1 1 2
 35 35 37 33 33 34 8 8 7 7 6 6 6 8 14 14 17 17 13 5 5 1 0 0 0 0 0 1 1 0 0 0 0 0 0 0 0 0 1 1 1 1 1 1 1 2
 51 51 39 33 33 30 7 7 6 6 6 7 7 6 3 3 5 5 7 8 8 2 0 0 0 0 0 1 1 2 1 1 1 1 0 0 0 2 4 4 2 2 1 1 1 1
 51 51 31 30 30 8 7 7 4 4 3 3 3 5 2 2 3 3 3 3 3 1 0 0 0 0 0 2 2 3 2 2 2 2 1 1 1 2 1 1 1 1 1 1 1 1
 51 51 31 30 30 8 7 7 4 4 3 3 3 5 2 2 3 3 3 3 3 1 0 0 0 0 0 2 2 3 2 2 2 2 1 1 1 2 1 1 1 1 1 1 1 1
 81 81 32 31 31 15 14 14 5 5 4 3 3 5 4 4 4 4 3 2 2 1 0 0 0 0 0 2 2 2 1 1 1 1 2 2 2 2 2 2 2 2 2 1 1 1
 81 81 32 31 31 15 14 14 5 5 4 3 3 5 4 4 4 4 3 2 2 1 0 0 0 0 0 2 2 2 1 1 1 1 2 2 2 2 2 2 2 2 2 1 1 1
 75 75 35 32 32 16 16 16 18 18 17 12 12 10 6 6 6 6 5 4 4 2 0 0 0 0 0 1 1 2 2 2 1 1 2 1 1 1 1 1 2 2 2 1 1 1
 85 85 36 37 37 21 21 21 22 22 16 10 10 7 5 5 4 4 7 4 4 2 0 0 0 0 0 0 0 2 3 3 2 2 1 0 0 0 0 0 1 1 1 1 1 1
 85 85 36 37 37 21 21 21 22 22 16 10 10 7 5 5 4 4 7 4 4 2 0 0 0 0 0 0 0 2 3 3 2 2 1 0 0 0 0 0 1 1 1 1 1 1
 82 82 51 41 41 27 26 26 24 24 25 20 20 16 12 12 7 7 8 5 5 3 1 1 0 0 0 0 0 1 1 1 1 1 0 0 0 0 0 0 0 0 0 0 0 1
 65 65 60 53 53 60 32 32 33 33 21 20 20 18 13 13 6 6 4 3 3 1 0 0 0 0 0 0 0 0 0 0 0 0 0 0 0 0 0 0 0 0 0 1 1 1
 65 65 60 53 53 60 32 32 33 33 21 20 20 18 13 13 6 6 4 3 3 1 0 0 0 0 0 0 0 0 0 0 0 0 0 0 0 0 0 0 0 0 0 1 1 1
 60 60 78 74 74 70 41 41 42 42 27 23 23 15 8 8 5 5 3 3 3 1 1 1 0 0 0 0 0 0 0 0 1 1 1 1 1 1 0 0 0 0 1 1 1 0
 60 60 78 74 74 70 41 41 42 42 27 23 23 15 8 8 5 5 3 3 3 1 1 1 0 0 0 0 0 0 0 0 1 1 1 1 1 1 0 0 0 0 1 1 1 0
 57 57 56 58 58 67 44 44 49 49 31 19 19 13 8 8 6 6 5 5 5 4 3 3 2 2 1 1 1 2 5 5 5 5 6 5 5 4 3 3 2 2 1 1 1 1
 37 37 33 37 37 41 35 35 36 36 17 13 13 9 6 6 4 4 3 6 6 7 3 3 4 4 3 3 3 6 10 10 12 12 12 11 11 9 7 7 4 4 2 1 1 1
 37 37 33 37 37 41 35 35 36 36 17 13 13 9 6 6 4 4 3 6 6 7 3 3 4 4 3 3 3 6 10 10 12 12 12 11 11 9 7 7 4 4 2 1 1 1
 25 25 32 13 13 38 30 30 9 9 8 6 6 5 2 2 1 1 1 3 3 4 3 3 3 3 3 4 4 11 17 17 18 18 14 12 12 11 8 8 5 5 3 1 1 1
 29 29 16 18 18 11 8 8 6 6 3 4 4 5 2 2 1 1 1 1 1 1 1 1 2 2 3 4 4 7 19 19 22 22 15 12 12 9 6 6 3 3 2 1 1 0
 29 29 16 18 18 11 8 8 6 6 3 4 4 5 2 2 1 1 1 1 1 1 1 1 2 2 3 4 4 7 19 19 22 22 15 12 12 9 6 6 3 3 2 1 1 0
 41 41 25 29 29 14 11 11 4 4 2 4 4 3 1 1 1 1 2 2 2 3 1 1 1 1 1 2 2 2 5 5 8 8 9 8 8 6 4 4 2 2 1 0 0 0
 41 41 25 29 29 14 11 11 4 4 2 4 4 3 1 1 1 1 2 2 2 3 1 1 1 1 1 2 2 2 5 5 8 8 9 8 8 6 4 4 2 2 1 0 0 0
 19 19 14 27 27 11 9 9 4 4 2 2 2 2 2 2 4 4 10 4 4 2 1 1 1 1 2 2 2 3 3 3 4 4 4 3 3 2 1 1 0 0 0 0 0 0
 12 12 10 13 13 10 6 6 4 4 3 4 4 4 4 4 6 6 5 4 4 1 0 0 2 2 7 11 11 10 8 8 6 6 4 1 1 0 0 0 0 0 0 0 0 0
 12 12 10 13 13 10 6 6 4 4 3 4 4 4 4 4 6 6 5 4 4 1 0 0 2 2 7 11 11 10 8 8 6 6 4 1 1 0 0 0 0 0 0 0 0 0
 12 12 8 12 12 12 7 7 5 5 3 3 3 3 3 3 4 4 4 10 10 3 1 1 5 5 19 31 31 26 13 13 5 5 2 1 1 0 0 0 0 0 0 0 0 0
 9 9 7 8 8 9 8 8 6 6 5 2 2 2 2 2 4 4 5 3 3 1 0 0 3 3 11 14 14 14 8 8 3 3 3 3 3 2 1 1 0 0 0 0 0 0
 9 9 7 8 8 9 8 8 6 6 5 2 2 2 2 2 4 4 5 3 3 1 0 0 3 3 11 14 14 14 8 8 3 3 3 3 3 2 1 1 0 0 0 0 0 0
 8 8 7 5 5 5 5 5 5 5 4 2 2 1 3 3 6 6 6 2 2 0 0 0 1 1 2 5 5 8 6 6 4 4 8 7 7 4 2 2 1 1 1 1 1 0
 8 8 7 5 5 5 5 5 5 5 4 2 2 1 3 3 6 6 6 2 2 0 0 0 1 1 2 5 5 8 6 6 4 4 8 7 7 4 2 2 1 1 1 1 1 0
 6 6 4 4 4 4 4 4 6 6 4 4 4 3 2 2 1 1 1 0 0 0 0 0 0 0 0 1 1 2 1 1 1 1 2 2 2 1 1 1 1 1 2 2 2 1
 6 6 3 5 5 6 6 6 5 5 5 2 2 4 1 1 0 0 0 0 0 0 0 0 0 0 0 0 0 0 0 0 0 0 1 0 0 0 0 0 0 0 0 0 0 1
 6 6 3 5 5 6 6 6 5 5 5 2 2 4 1 1 0 0 0 0 0 0 0 0 0 0 0 0 0 0 0 0 0 0 1 0 0 0 0 0 0 0 0 0 0 1
 7 7 3 4 4 6 5 5 5 5 3 3 3 5 5 5 2 2 2 0 0 0 0 0 0 0 1 0 0 0 0 0 0 0 0 0 0 0 0 0 0 0 1 1 1 2
 5 5 4 6 6 5 6 6 8 8 6 5 5 4 6 6 3 3 2 0 0 0 1 1 1 1 1 1 1 0 0 0 0 0 0 0 0 0 0 0 1 1 5 7 7 4
 5 5 4 6 6 5 6 6 8 8 6 5 5 4 6 6 3 3 2 0 0 0 1 1 1 1 1 1 1 0 0 0 0 0 0 0 0 0 0 0 1 1 5 7 7 4
 5 5 3 3 3 3 16 16 12 12 8 6 6 4 4 4 2 2 0 0 0 0 0 0 1 1 1 0 0 0 0 0 0 0 0 0 0 0 0 0 2 2 16 15 15 5
 5 5 3 3 3 3 16 16 12 12 8 6 6 4 4 4 2 2 0 0 0 0 0 0 1 1 1 0 0 0 0 0 0 0 0 0 0 0 0 0 2 2 16 15 15 5
 8 8 10 13 13 18 22 22 14 14 9 7 7 6 4 4 2 2 1 0 0 0 0 0 0 0 0 0 0 0 0 0 0 0 0 0 0 0 0 0 0 0 3 4 4 4
 5 5 10 11 11 11 14 14 13 13 8 7 7 5 4 4 2 2 1 0 0 0 0 0 0 0 0 0 0 0 0 0 0 0 0 0 0 0 0 0 0 0 0 1 1 2
 5 5 10 11 11 11 14 14 13 13 8 7 7 5 4 4 2 2 1 0 0 0 0 0 0 0 0 0 0 0 0 0 0 0 0 0 0 0 0 0 0 0 0 1 1 2
 6 6 11 11 11 11 13 13 12 12 9 7 7 5 4 4 2 2 1 0 0 0 0 0 0 0 0 0 0 0 0 0 0 0 0 0 0 0 0 0 0 0 0 0 0 2
 16 16 17 17 17 14 12 12 11 11 8 6 6 5 4 4 3 3 1 1 1 0 0 0 0 0 0 0 0 0 0 0 0 0 0 0 0 0 0 0 0 0 0 1 1 3
 16 16 17 17 17 14 12 12 11 11 8 6 6 5 4 4 3 3 1 1 1 0 0 0 0 0 0 0 0 0 0 0 0 0 0 0 0 0 0 0 0 0 0 1 1 3
 20 20 20 19 19 17 13 13 14 14 14 11 11 9 8 8 5 5 3 1 1 1 0 0 1 1 0 0 0 0 0 0 0 0 0 0 0 0 0 0 0 0 1 1 1 1
 20 20 20 19 19 17 13 13 14 14 14 11 11 9 8 8 5 5 3 1 1 1 0 0 1 1 0 0 0 0 0 0 0 0 0 0 0 0 0 0 0 0 1 1 1 1
 18 18 16 14 14 10 8 8 10 10 10 9 9 7 6 6 5 5 3 1 1 1 1 1 1 1 1 1 1 1 0 0 0 0 0 0 0 0 0 0 0 0 1 0 0 0
 15 15 15 12 12 9 8 8 9 9 10 8 8 8 6 6 5 5 3 1 1 1 1 1 1 1 1 1 1 1 1 1 1 1 1 1 1 1 1 1 1 1 1 0 0 0
 15 15 15 12 12 9 8 8 9 9 10 8 8 8 6 6 5 5 3 1 1 1 1 1 1 1 1 1 1 1 1 1 1 1 1 1 1 1 1 1 1 1 1 0 0 0
 14 14 15 13 13 10 10 10 12 12 13 13 13 11 9 9 7 7 5 3 3 2 1 1 1 1 0 0 0 0 0 0 0 0 1 1 1 1 1 1 1 1 1 0 0 1
 8 8 10 11 11 10 11 11 11 11 15 18 18 20 21 21 21 21 11 6 6 6 4 4 2 2 1 0 0 0 0 0 0 0 0 1 1 1 1 1 1 1 1 2 2 3
