assets/RAT_results/precipitation/2023-04-28_IMERG.asc
ncols        46
nrows        77
xllcorner    74.800261325624
yllcorner    8.058333333333
cellsize     0.062500000000
NODATA_value -9999
 0 0 0 0 0 0 0 0 0 0 0 0 0 0 0 0 0 0 0 0 0 0 0 0 0 0 0 0 0 0 0 0 0 0 0 0 0 0 0 0 0 0 0 0 0 0
 0 0 0 0 0 0 0 0 0 0 0 0 0 0 0 0 0 0 0 1 1 0 0 0 0 0 0 0 0 0 0 0 0 0 0 0 0 0 0 0 0 0 0 0 0 0
 0 0 0 0 0 0 0 0 0 0 0 0 0 0 0 0 0 0 0 1 1 0 0 0 0 0 0 0 0 0 0 0 0 0 0 0 0 0 0 0 0 0 0 0 0 0
 0 0 0 0 0 0 0 0 0 0 0 0 0 1 3 3 2 2 2 2 2 0 0 0 0 0 0 0 0 0 0 0 0 0 0 0 0 0 0 0 0 0 0 0 0 0
 3 3 1 1 1 0 0 0 0 0 0 1 1 8 14 14 5 5 2 1 1 0 0 0 0 0 0 0 0 0 0 0 0 0 0 0 0 0 0 0 0 0 0 0 0 0
 3 3 1 1 1 0 0 0 0 0 0 1 1 8 14 14 5 5 2 1 1 0 0 0 0 0 0 0 0 0 0 0 0 0 0 0 0 0 0 0 0 0 0 0 0 0
 3 3 2 1 1 0 0 0 0 0 0 1 1 8 14 14 5 5 1 0 0 0 0 0 0 0 0 0 0 0 0 0 0 0 0 0 0 0 0 0 0 0 0 0 0 0
 3 3 2 1 1 0 0 0 0 0 0 1 1 8 14 14 5 5 1 0 0 0 0 0 0 0 0 0 0 0 0 0 0 0 0 0 0 0 0 0 0 0 0 0 0 0
 3 3 2 0 0 0 0 0 1 1 1 0 0 2 3 3 1 1 1 0 0 0 0 0 0 0 0 0 0 0 0 0 0 0 0 0 0 0 0 0 0 0 0 0 0 0
 5 5 4 1 1 0 0 0 0 0 0 0 0 1 1 1 0 0 0 0 0 0 0 0 0 0 0 0 0 0 0 0 0 0 0 0 0 0 0 0 0 0 0 0 0 0
 5 5 4 1 1 0 0 0 0 0 0 0 0 1 1 1 0 0 0 0 0 0 0 0 0 0 0 0 0 0 0 0 0 0 0 0 0 0 0 0 0 0 0 0 0 0
 7 7 5 4 4 0 0 0 0 0 0 0 0 0 0 0 0 0 0 0 0 0 0 0 0 0 1 1 1 1 0 0 0 0 0 0 0 0 0 0 0 0 0 0 0 0
 11 11 8 5 5 0 0 0 0 0 0 0 0 1 1 1 1 1 0 0 0 0 0 0 2 2 3 3 3 2 2 2 1 1 1 1 1 0 0 0 0 0 0 0 0 0
 11 11 8 5 5 0 0 0 0 0 0 0 0 1 1 1 1 1 0 0 0 0 0 0 2 2 3 3 3 2 2 2 1 1 1 1 1 0 0 0 0 0 0 0 0 0
 15 15 14 6 6 3 0 0 1 1 3 3 3 2 3 3 2 2 1 0 0 1 2 2 7 7 9 7 7 6 6 6 5 5 5 2 2 1 0 0 0 0 0 0 0 1
 15 15 14 6 6 3 0 0 1 1 3 3 3 2 3 3 2 2 1 0 0 1 2 2 7 7 9 7 7 6 6 6 5 5 5 2 2 1 0 0 0 0 0 0 0 1
 19 19 16 9 9 5 3 3 6 6 7 5 5 2 2 2 3 3 3 2 2 3 5 5 10 10 12 9 9 8 7 7 6 6 4 1 1 0 0 0 0 0 0 1 1 3
 19 19 13 10 10 7 3 3 2 2 4 3 3 1 1 1 3 3 4 3 3 4 5 5 10 10 11 10 10 7 5 5 3 3 2 0 0 0 0 0 0 0 2 10 10 9
 19 19 13 10 10 7 3 3 2 2 4 3 3 1 1 1 3 3 4 3 3 4 5 5 10 10 11 10 10 7 5 5 3 3 2 0 0 0 0 0 0 0 2 10 10 9
 12 12 9 11 11 10 5 5 3 3 1 1 1 0 0 0 1 1 1 2 2 3 4 4 9 9 11 6 6 3 2 2 1 1 0 0 0 0 0 0 1 1 4 27 27 3
 7 7 7 10 10 9 7 7 5 5 3 1 1 0 0 0 0 0 0 1 1 2 1 1 1 1 3 2 2 0 0 0 1 1 2 1 1 0 0 0 0 0 1 7 7 8
 7 7 7 10 10 9 7 7 5 5 3 1 1 0 0 0 0 0 0 1 1 2 1 1 1 1 3 2 2 0 0 0 1 1 2 1 1 0 0 0 0 0 1 7 7 8
 3 3 3 5 5 6 5 5 7 7 5 3 3 1 0 0 0 0 0 0 0 0 0 0 0 0 0 0 0 0 1 1 2 2 3 1 1 0 0 0 0 0 0 0 0 0
 3 3 3 5 5 6 5 5 7 7 5 3 3 1 0 0 0 0 0 0 0 0 0 0 0 0 0 0 0 0 1 1 2 2 3 1 1 0 0 0 0 0 0 0 0 0
 1 1 2 2 2 2 5 5 11 11 8 5 5 3 1 1 0 0 0 0 0 1 1 1 1 1 1 0 0 1 2 2 2 2 2 1 1 1 1 1 1 1 1 0 0 0
 1 1 2 1 1 1 5 5 12 12 10 6 6 4 1 1 1 1 1 2 2 3 3 3 2 2 1 1 1 1 2 2 2 2 1 0 0 1 1 1 2 2 2 1 1 1
 1 1 2 1 1 1 5 5 12 12 10 6 6 4 1 1 1 1 1 2 2 3 3 3 2 2 1 1 1 1 2 2 2 2 1 0 0 1 1 1 2 2 2 1 1 1
 2 2 2 2 2 5 6 6 9 9 25 6 6 5 2 2 4 4 6 8 8 8 6 6 4 4 3 3 3 3 2 2 1 1 1 1 1 1 2 2 5 5 2 2 2 1
 4 4 2 3 3 15 25 25 47 47 40 24 24 4 5 5 16 16 24 12 12 10 7 7 6 6 9 10 10 8 5 5 3 3 1 1 1 1 1 1 3 3 4 7 7 2
 4 4 2 3 3 15 25 25 47 47 40 24 24 4 5 5 16 16 24 12 12 10 7 7 6 6 9 10 10 8 5 5 3 3 1 1 1 1 1 1 3 3 4 7 7 2
 2 2 4 6 6 50 131 131 128 128 52 41 41 5 7 7 47 47 50 23 23 11 8 8 7 7 12 15 15 14 9 9 5 5 2 1 1 1 1 1 3 3 9 7 7 2
 2 2 4 6 6 50 131 131 128 128 52 41 41 5 7 7 47 47 50 23 23 11 8 8 7 7 12 15 15 14 9 9 5 5 2 1 1 1 1 1 3 3 9 7 7 2
 2 2 4 18 18 86 207 207 111 111 41 18 18 14 2 2 28 28 49 22 22 18 7 7 5 5 6 9 9 12 8 8 6 6 3 1 1 1 2 2 4 4 5 3 3 1
 3 3 3 77 77 116 117 117 25 25 25 8 8 8 3 3 29 29 14 15 15 17 5 5 10 10 2 2 2 3 3 3 3 3 2 1 1 1 4 4 3 3 1 0 0 0
 3 3 3 77 77 116 117 117 25 25 25 8 8 8 3 3 29 29 14 15 15 17 5 5 10 10 2 2 2 3 3 3 3 3 2 1 1 1 4 4 3 3 1 0 0 0
 3 3 3 41 41 103 91 91 25 25 12 7 7 7 15 15 4 4 10 6 6 4 12 12 12 12 12 11 11 5 4 4 4 4 3 2 2 2 7 7 3 3 0 0 0 0
 3 3 7 46 46 92 51 51 26 26 8 7 7 6 6 6 15 15 17 4 4 16 15 15 11 11 48 14 14 10 10 10 7 7 4 2 2 2 2 2 1 1 0 0 0 0
 3 3 7 46 46 92 51 51 26 26 8 7 7 6 6 6 15 15 17 4 4 16 15 15 11 11 48 14 14 10 10 10 7 7 4 2 2 2 2 2 1 1 0 0 0 0
 3 3 6 45 45 112 51 51 25 25 8 5 5 6 5 5 25 25 29 63 63 21 38 38 25 25 16 15 15 17 14 14 10 10 4 4 4 1 4 4 6 6 0 0 0 0
 3 3 6 45 45 112 51 51 25 25 8 5 5 6 5 5 25 25 29 63 63 21 38 38 25 25 16 15 15 17 14 14 10 10 4 4 4 1 4 4 6 6 0 0 0 0
 5 5 6 116 116 117 77 77 39 39 7 7 7 9 19 19 35 35 110 68 68 33 32 32 30 30 38 24 24 27 19 19 12 12 5 2 2 6 10 10 9 9 4 14 14 7
 10 10 10 145 145 175 76 76 11 11 9 9 9 22 31 31 37 37 102 78 78 61 46 46 36 36 44 30 30 28 20 20 12 12 8 5 5 3 0 0 6 6 15 14 14 7
 10 10 10 145 145 175 76 76 11 11 9 9 9 22 31 31 37 37 102 78 78 61 46 46 36 36 44 30 30 28 20 20 12 12 8 5 5 3 0 0 6 6 15 14 14 7
 24 24 97 112 112 46 11 11 8 8 8 8 8 15 12 12 37 37 132 55 55 75 47 47 45 45 45 30 30 23 50 50 44 44 10 6 6 5 1 1 3 3 2 8 8 3
 26 26 41 111 111 42 10 10 7 7 6 5 5 6 13 13 34 34 110 63 63 59 50 50 57 57 50 53 53 66 57 57 48 48 11 6 6 3 3 3 1 1 1 5 5 1
 26 26 41 111 111 42 10 10 7 7 6 5 5 6 13 13 34 34 110 63 63 59 50 50 57 57 50 53 53 66 57 57 48 48 11 6 6 3 3 3 1 1 1 5 5 1
 9 9 51 44 44 26 12 12 6 6 5 5 5 6 12 12 90 90 101 60 60 63 52 52 47 47 52 52 52 49 48 48 36 36 11 5 5 2 1 1 0 0 0 0 0 0
 9 9 51 44 44 26 12 12 6 6 5 5 5 6 12 12 90 90 101 60 60 63 52 52 47 47 52 52 52 49 48 48 36 36 11 5 5 2 1 1 0 0 0 0 0 0
 11 11 12 47 47 20 14 14 9 9 6 3 3 6 36 36 96 96 87 55 55 91 71 71 80 80 54 42 42 43 34 34 24 24 12 8 8 3 0 0 0 0 0 0 0 0
 10 10 10 9 9 13 11 11 19 19 4 3 3 14 33 33 84 84 43 34 34 69 73 73 79 79 67 36 36 27 25 25 19 19 9 7 7 3 2 2 0 0 0 0 0 0
 10 10 10 9 9 13 11 11 19 19 4 3 3 14 33 33 84 84 43 34 34 69 73 73 79 79 67 36 36 27 25 25 19 19 9 7 7 3 2 2 0 0 0 0 0 0
 8 8 9 9 9 8 10 10 19 19 9 4 4 8 17 17 19 19 26 17 17 9 55 55 59 59 64 41 41 30 24 24 17 17 13 9 9 4 2 2 0 0 0 0 0 1
 6 6 10 11 11 9 16 16 19 19 11 3 3 3 4 4 14 14 13 10 10 5 43 43 39 39 43 29 29 32 26 26 16 16 15 8 8 4 2 2 0 0 0 0 0 3
 6 6 10 11 11 9 16 16 19 19 11 3 3 3 4 4 14 14 13 10 10 5 43 43 39 39 43 29 29 32 26 26 16 16 15 8 8 4 2 2 0 0 0 0 0 3
 14 14 10 17 17 13 7 7 7 7 5 4 4 3 4 4 3 3 8 12 12 6 41 41 36 36 41 63 63 30 26 26 20 20 16 9 9 8 2 2 1 1 0 1 1 7
 14 14 10 17 17 13 7 7 7 7 5 4 4 3 4 4 3 3 8 12 12 6 41 41 36 36 41 63 63 30 26 26 20 20 16 9 9 8 2 2 1 1 0 1 1 7
 26 26 41 27 27 14 13 13 13 13 12 7 7 3 3 3 2 2 8 8 8 36 51 51 63 63 55 64 64 25 22 22 18 18 14 8 8 7 2 2 1 1 0 2 2 10
 10 10 37 31 31 12 13 13 22 22 17 7 7 5 6 6 3 3 4 9 9 40 38 38 60 60 26 31 31 15 17 17 18 18 13 8 8 4 1 1 0 0 0 2 2 11
 10 10 37 31 31 12 13 13 22 22 17 7 7 5 6 6 3 3 4 9 9 40 38 38 60 60 26 31 31 15 17 17 18 18 13 8 8 4 1 1 0 0 0 2 2 11
 6 6 9 5 5 7 8 8 17 17 14 10 10 9 7 7 5 5 7 14 14 23 3 3 44 44 21 21 21 10 12 12 12 12 9 5 5 3 0 0 0 0 0 1 1 8
 1 1 2 1 1 2 4 4 15 15 9 7 7 8 8 8 8 8 8 43 43 23 3 3 2 2 1 7 7 5 7 7 11 11 1 0 0 0 0 0 0 0 0 2 2 10
 1 1 2 1 1 2 4 4 15 15 9 7 7 8 8 8 8 8 8 43 43 23 3 3 2 2 1 7 7 5 7 7 11 11 1 0 0 0 0 0 0 0 0 2 2 10
 2 2 1 1 1 1 4 4 11 11 9 8 8 8 9 9 9 9 11 44 44 24 2 2 2 2 1 0 0 1 1 1 1 1 1 0 0 0 0 0 0 0 1 2 2 8
 2 2 1 1 1 1 4 4 11 11 9 8 8 8 9 9 9 9 11 44 44 24 2 2 2 2 1 0 0 1 1 1 1 1 1 0 0 0 0 0 0 0 1 2 2 8
 2 2 1 1 1 1 4 4 7 7 8 9 9 10 13 13 15 15 18 28 28 14 9 9 1 1 1 0 0 1 1 1 1 1 1 1 1 1 1 1 0 0 1 2 2 2
 2 2 2 3 3 4 7 7 10 10 8 8 8 11 15 15 16 16 14 11 11 12 14 14 2 2 0 0 0 0 1 1 1 1 3 4 4 3 1 1 1 1 2 3 3 1
 2 2 2 3 3 4 7 7 10 10 8 8 8 11 15 15 16 16 14 11 11 12 14 14 2 2 0 0 0 0 1 1 1 1 3 4 4 3 1 1 1 1 2 3 3 1
 2 2 5 10 10 7 12 12 12 12 10 10 10 12 13 13 11 11 8 4 4 3 9 9 2 2 1 1 1 1 0 0 2 2 7 10 10 6 3 3 1 1 1 1 1 0
 8 8 10 16 16 16 11 11 9 9 8 9 9 9 8 8 5 5 2 1 1 2 2 2 4 4 1 2 2 2 1 1 2 2 10 13 13 11 7 7 3 3 1 1 1 1
 8 8 10 16 16 16 11 11 9 9 8 9 9 9 8 8 5 5 2 1 1 2 2 2 4 4 1 2 2 2 1 1 2 2 10 13 13 11 7 7 3 3 1 1 1 1
 19 19 16 16 16 17 13 13 7 7 5 4 4 4 3 3 2 2 0 1 1 5 13 13 4 4 0 1 1 1 0 0 2 2 6 13 13 15 11 11 6 6 3 2 2 1
 19 19 16 16 16 17 13 13 7 7 5 4 4 4 3 3 2 2 0 1 1 5 13 13 4 4 0 1 1 1 0 0 2 2 6 13 13 15 11 11 6 6 3 2 2 1
 22 22 12 14 14 11 6 6 5 5 3 2 2 1 0 0 0 0 0 1 1 5 4 4 2 2 0 1 1 1 1 1 1 1 3 12 12 18 17 17 11 11 5 2 2 2
 11 11 5 3 3 2 1 1 2 2 3 2 2 0 0 0 0 0 0 1 1 1 3 3 1 1 0 0 0 0 0 0 1 1 2 7 7 20 19 19 15 15 8 5 5 10
 11 11 5 3 3 2 1 1 2 2 3 2 2 0 0 0 0 0 0 1 1 1 3 3 1 1 0 0 0 0 0 0 1 1 2 7 7 20 19 19 15 15 8 5 5 10
 7 7 1 2 2 2 0 0 0 0 0 1 1 1 0 0 0 0 0 0 0 1 0 0 0 0 0 0 0 1 1 1 2 2 1 5 5 11 21 21 17 17 10 11 11 15
 15 15 6 1 1 1 0 0 0 0 0 0 0 1 1 1 0 0 0 0 0 1 0 0 0 0 0 0 0 1 1 1 1 1 1 5 5 10 14 14 15 15 11 11 11 18
