assets/RAT_results/precipitation/2023-09-17_IMERG.asc
ncols        46
nrows        77
xllcorner    74.800261325624
yllcorner    8.058333333333
cellsize     0.062500000000
NODATA_value -9999
 28 28 22 13 13 2 1 1 1 1 1 1 1 0 0 0 0 0 0 1 1 1 0 0 0 0 0 0 0 0 0 0 1 1 1 2 2 2 2 2 3 3 5 5 5 13
 16 16 18 14 14 5 3 3 1 1 0 1 1 0 0 0 0 0 0 0 0 0 0 0 0 0 0 0 0 1 1 1 1 1 2 3 3 3 4 4 4 4 5 5 5 12
 16 16 18 14 14 5 3 3 1 1 0 1 1 0 0 0 0 0 0 0 0 0 0 0 0 0 0 0 0 1 1 1 1 1 2 3 3 3 4 4 4 4 5 5 5 12
 21 21 19 15 15 10 6 6 2 2 0 0 0 2 2 2 0 0 0 0 0 0 0 0 0 0 0 1 1 1 1 1 2 2 4 5 5 5 6 6 7 7 9 9 9 9
 22 22 14 14 14 15 13 13 5 5 3 3 3 0 3 3 0 0 0 0 0 0 0 0 0 0 0 1 1 1 2 2 3 3 4 5 5 6 8 8 10 10 10 12 12 11
 22 22 14 14 14 15 13 13 5 5 3 3 3 0 3 3 0 0 0 0 0 0 0 0 0 0 0 1 1 1 2 2 3 3 4 5 5 6 8 8 10 10 10 12 12 11
 22 22 15 14 14 16 13 13 13 13 10 5 5 3 2 2 1 1 0 0 0 0 0 0 0 0 0 1 1 1 2 2 3 3 4 5 5 6 8 8 9 9 11 13 13 15
 22 22 15 14 14 16 13 13 13 13 10 5 5 3 2 2 1 1 0 0 0 0 0 0 0 0 0 1 1 1 2 2 3 3 4 5 5 6 8 8 9 9 11 13 13 15
 20 20 14 13 13 18 19 19 17 17 11 7 7 5 6 6 1 1 0 0 0 0 0 0 0 0 1 1 1 1 2 2 3 3 4 6 6 7 8 8 10 10 12 12 12 14
 13 13 9 12 12 11 16 16 11 11 15 8 8 6 3 3 1 1 0 0 0 0 0 0 0 0 1 2 2 2 2 2 2 2 4 5 5 5 7 7 10 10 13 13 13 14
 13 13 9 12 12 11 16 16 11 11 15 8 8 6 3 3 1 1 0 0 0 0 0 0 0 0 1 2 2 2 2 2 2 2 4 5 5 5 7 7 10 10 13 13 13 14
 10 10 8 8 8 8 9 9 9 9 13 20 20 7 1 1 0 0 0 0 0 0 0 0 0 0 1 1 1 2 2 2 3 3 4 5 5 5 6 6 9 9 11 11 11 13
 5 5 3 7 7 9 2 2 4 4 2 14 14 5 1 1 0 0 1 0 0 0 0 0 1 1 1 2 2 2 3 3 3 3 3 4 4 5 6 6 7 7 9 8 8 10
 5 5 3 7 7 9 2 2 4 4 2 14 14 5 1 1 0 0 1 0 0 0 0 0 1 1 1 2 2 2 3 3 3 3 3 4 4 5 6 6 7 7 9 8 8 10
 4 4 4 3 3 4 1 1 1 1 0 4 4 12 5 5 5 5 4 3 3 0 0 0 1 1 1 2 2 2 3 3 4 4 4 5 5 6 7 7 8 8 8 8 8 8
 4 4 4 3 3 4 1 1 1 1 0 4 4 12 5 5 5 5 4 3 3 0 0 0 1 1 1 2 2 2 3 3 4 4 4 5 5 6 7 7 8 8 8 8 8 8
 4 4 3 3 3 9 7 7 7 7 3 5 5 4 5 5 10 10 11 1 1 1 0 0 1 1 2 2 2 3 4 4 5 5 5 6 6 9 9 9 9 9 11 11 11 7
 3 3 5 8 8 6 7 7 6 6 4 3 3 3 4 4 5 5 6 2 2 1 1 1 2 2 3 2 2 4 5 5 5 5 5 7 7 9 8 8 9 9 11 9 9 5
 3 3 5 8 8 6 7 7 6 6 4 3 3 3 4 4 5 5 6 2 2 1 1 1 2 2 3 2 2 4 5 5 5 5 5 7 7 9 8 8 9 9 11 9 9 5
 5 5 7 9 9 12 10 10 5 5 3 6 6 12 4 4 3 3 1 2 2 3 2 2 2 2 3 4 4 5 7 7 8 8 8 9 9 11 9 9 8 8 10 7 7 5
 7 7 8 10 10 12 10 10 5 5 4 5 5 6 16 16 7 7 5 3 3 3 4 4 4 4 3 5 5 7 9 9 8 8 8 8 8 10 12 12 11 11 10 11 11 12
 7 7 8 10 10 12 10 10 5 5 4 5 5 6 16 16 7 7 5 3 3 3 4 4 4 4 3 5 5 7 9 9 8 8 8 8 8 10 12 12 11 11 10 11 11 12
 6 6 8 24 24 13 10 10 8 8 8 9 9 13 17 17 11 11 13 6 6 8 10 10 9 9 7 5 5 5 8 8 10 10 13 6 6 6 6 6 7 7 9 14 14 16
 6 6 8 24 24 13 10 10 8 8 8 9 9 13 17 17 11 11 13 6 6 8 10 10 9 9 7 5 5 5 8 8 10 10 13 6 6 6 6 6 7 7 9 14 14 16
 22 22 22 24 24 13 12 12 12 12 9 16 16 21 39 39 31 31 19 10 10 10 11 11 8 8 7 5 5 6 7 7 7 7 9 7 7 5 3 3 3 3 5 8 8 12
 8 8 7 9 9 11 10 10 19 19 19 8 8 21 24 24 33 33 15 11 11 12 12 12 12 12 5 4 4 6 7 7 6 6 6 8 8 5 4 4 3 3 3 3 3 4
 8 8 7 9 9 11 10 10 19 19 19 8 8 21 24 24 33 33 15 11 11 12 12 12 12 12 5 4 4 6 7 7 6 6 6 8 8 5 4 4 3 3 3 3 3 4
 10 10 11 11 11 11 10 10 15 15 19 13 13 11 15 15 23 23 22 13 13 11 15 15 14 14 7 5 5 5 5 5 4 4 4 4 4 4 6 6 6 6 9 13 13 13
 7 7 10 11 11 10 13 13 17 17 20 20 20 21 21 21 32 32 42 28 28 22 20 20 15 15 10 7 7 7 6 6 5 5 5 5 5 7 7 7 7 7 10 8 8 14
 7 7 10 11 11 10 13 13 17 17 20 20 20 21 21 21 32 32 42 28 28 22 20 20 15 15 10 7 7 7 6 6 5 5 5 5 5 7 7 7 7 7 10 8 8 14
 9 9 11 11 11 13 16 16 21 21 23 25 25 28 28 28 45 45 37 33 33 28 21 21 18 18 17 16 16 9 8 8 7 7 6 6 6 10 8 8 8 8 10 9 9 15
 9 9 11 11 11 13 16 16 21 21 23 25 25 28 28 28 45 45 37 33 33 28 21 21 18 18 17 16 16 9 8 8 7 7 6 6 6 10 8 8 8 8 10 9 9 15
 7 7 10 12 12 15 18 18 22 22 24 24 24 28 29 29 46 46 42 32 32 25 19 19 18 18 22 15 15 8 7 7 7 7 10 9 9 10 6 6 8 8 8 8 8 9
 5 5 7 11 11 16 18 18 19 19 21 24 24 31 29 29 27 27 30 22 22 16 15 15 14 14 13 9 9 6 6 6 6 6 5 5 5 6 6 6 7 7 6 8 8 9
 5 5 7 11 11 16 18 18 19 19 21 24 24 31 29 29 27 27 30 22 22 16 15 15 14 14 13 9 9 6 6 6 6 6 5 5 5 6 6 6 7 7 6 8 8 9
 3 3 5 8 8 11 16 16 19 19 19 25 25 33 31 31 24 24 27 18 18 14 10 10 9 9 8 13 13 8 7 7 5 5 5 5 5 4 4 4 5 5 5 7 7 7
 2 2 3 3 3 11 12 12 14 14 15 18 18 26 23 23 18 18 17 14 14 11 8 8 9 9 10 11 11 13 6 6 3 3 3 3 3 3 3 3 4 4 4 4 4 4
 2 2 3 3 3 11 12 12 14 14 15 18 18 26 23 23 18 18 17 14 14 11 8 8 9 9 10 11 11 13 6 6 3 3 3 3 3 3 3 3 4 4 4 4 4 4
 4 4 3 2 2 8 9 9 9 9 9 9 9 13 23 23 16 16 15 11 11 8 6 6 9 9 11 11 11 11 6 6 3 3 3 3 3 5 6 6 3 3 2 4 4 4
 4 4 3 2 2 8 9 9 9 9 9 9 9 13 23 23 16 16 15 11 11 8 6 6 9 9 11 11 11 11 6 6 3 3 3 3 3 5 6 6 3 3 2 4 4 4
 5 5 3 5 5 4 5 5 5 5 5 6 6 7 16 16 17 17 11 10 10 8 7 7 7 7 9 3 3 2 2 2 3 3 3 4 4 12 5 5 4 4 2 2 2 3
 7 7 6 2 2 2 3 3 3 3 2 4 4 4 7 7 13 13 12 11 11 7 7 7 6 6 2 2 2 2 2 2 4 4 8 10 10 10 5 5 5 5 5 4 4 3
 7 7 6 2 2 2 3 3 3 3 2 4 4 4 7 7 13 13 12 11 11 7 7 7 6 6 2 2 2 2 2 2 4 4 8 10 10 10 5 5 5 5 5 4 4 3
 5 5 6 1 1 1 2 2 1 1 1 2 2 3 5 5 12 12 10 8 8 9 11 11 7 7 3 1 1 1 2 2 6 6 13 7 7 8 4 4 5 5 7 4 4 2
 2 2 1 1 1 1 1 1 1 1 1 3 3 3 7 7 15 15 17 11 11 6 12 12 12 12 6 4 4 5 2 2 3 3 8 18 18 9 13 13 6 6 6 6 6 3
 2 2 1 1 1 1 1 1 1 1 1 3 3 3 7 7 15 15 17 11 11 6 12 12 12 12 6 4 4 5 2 2 3 3 8 18 18 9 13 13 6 6 6 6 6 3
 2 2 1 1 1 1 1 1 1 1 1 2 2 3 4 4 5 5 8 10 10 12 10 10 12 12 14 9 9 9 4 4 3 3 5 10 10 14 12 12 10 10 9 9 9 7
 2 2 1 1 1 1 1 1 1 1 1 2 2 3 4 4 5 5 8 10 10 12 10 10 12 12 14 9 9 9 4 4 3 3 5 10 10 14 12 12 10 10 9 9 9 7
 1 1 1 2 2 1 1 1 1 1 2 2 2 2 2 2 2 2 8 10 10 13 11 11 14 14 15 9 9 8 6 6 11 11 6 6 6 7 7 7 8 8 8 7 7 9
 1 1 2 1 1 2 1 1 1 1 1 2 2 2 1 1 2 2 6 5 5 3 10 10 17 17 16 18 18 6 6 6 17 17 4 5 5 4 6 6 7 7 8 7 7 9
 1 1 2 1 1 2 1 1 1 1 1 2 2 2 1 1 2 2 6 5 5 3 10 10 17 17 16 18 18 6 6 6 17 17 4 5 5 4 6 6 7 7 8 7 7 9
 1 1 1 2 2 5 3 3 2 2 1 3 3 2 3 3 7 7 4 3 3 2 2 2 8 8 19 12 12 13 13 13 7 7 2 2 2 4 5 5 8 8 8 5 5 5
 1 1 1 2 2 4 2 2 1 1 2 3 3 3 3 3 5 5 2 2 2 2 2 2 3 3 4 5 5 6 6 6 3 3 2 4 4 4 6 6 9 9 10 7 7 7
 1 1 1 2 2 4 2 2 1 1 2 3 3 3 3 3 5 5 2 2 2 2 2 2 3 3 4 5 5 6 6 6 3 3 2 4 4 4 6 6 9 9 10 7 7 7
 0 0 0 1 1 1 1 1 2 2 2 6 6 3 5 5 2 2 2 3 3 4 26 26 12 12 11 6 6 8 11 11 7 7 5 6 6 6 6 6 11 11 17 16 16 17
 0 0 0 1 1 1 1 1 2 2 2 6 6 3 5 5 2 2 2 3 3 4 26 26 12 12 11 6 6 8 11 11 7 7 5 6 6 6 6 6 11 11 17 16 16 17
 0 0 0 0 0 1 1 1 2 2 2 3 3 8 7 7 5 5 5 6 6 24 15 15 14 14 7 7 7 7 9 9 9 9 9 11 11 10 9 9 11 11 13 13 13 16
 1 1 1 2 2 2 2 2 2 2 3 3 3 10 10 10 7 7 8 7 7 22 31 31 22 22 10 8 8 11 14 14 13 13 11 14 14 12 12 12 14 14 13 12 12 12
 1 1 1 2 2 2 2 2 2 2 3 3 3 10 10 10 7 7 8 7 7 22 31 31 22 22 10 8 8 11 14 14 13 13 11 14 14 12 12 12 14 14 13 12 12 12
 1 1 2 3 3 2 2 2 2 2 2 2 2 6 14 14 30 30 13 7 7 15 20 20 8 8 5 7 7 13 13 13 14 14 10 14 14 15 12 12 11 11 10 8 8 8
 0 0 1 1 1 1 2 2 2 2 2 3 3 9 32 32 36 36 21 6 6 4 8 8 2 2 10 15 15 6 6 6 9 9 13 10 10 10 9 9 7 7 7 5 5 4
 0 0 1 1 1 1 2 2 2 2 2 3 3 9 32 32 36 36 21 6 6 4 8 8 2 2 10 15 15 6 6 6 9 9 13 10 10 10 9 9 7 7 7 5 5 4
 1 1 1 1 1 1 1 1 2 2 2 4 4 8 15 15 25 25 28 9 9 5 6 6 4 4 17 12 12 3 3 3 2 2 1 5 5 2 8 8 6 6 3 2 2 1
 1 1 1 1 1 1 1 1 2 2 2 4 4 8 15 15 25 25 28 9 9 5 6 6 4 4 17 12 12 3 3 3 2 2 1 5 5 2 8 8 6 6 3 2 2 1
 1 1 1 1 1 1 1 1 2 2 2 3 3 4 8 8 20 20 24 22 22 9 8 8 2 2 21 24 24 7 4 4 3 3 2 0 0 0 0 0 1 1 1 1 1 0
 2 2 2 2 2 2 1 1 3 3 3 3 3 4 8 8 14 14 39 30 30 26 13 13 5 5 17 25 25 16 9 9 10 10 8 1 1 0 4 4 1 1 1 3 3 1
 2 2 2 2 2 2 1 1 3 3 3 3 3 4 8 8 14 14 39 30 30 26 13 13 5 5 17 25 25 16 9 9 10 10 8 1 1 0 4 4 1 1 1 3 3 1
 2 2 3 2 2 2 2 2 5 5 4 4 4 7 5 5 10 10 14 25 25 37 24 24 6 6 12 16 16 11 10 10 9 9 4 2 2 2 3 3 3 3 3 4 4 5
 2 2 2 3 3 3 4 4 4 4 4 4 4 8 8 8 7 7 20 28 28 34 30 30 24 24 11 15 15 11 3 3 4 4 3 3 3 6 7 7 8 8 6 8 8 10
 2 2 2 3 3 3 4 4 4 4 4 4 4 8 8 8 7 7 20 28 28 34 30 30 24 24 11 15 15 11 3 3 4 4 3 3 3 6 7 7 8 8 6 8 8 10
 3 3 6 21 21 21 10 10 6 6 4 5 5 8 9 9 8 8 12 21 21 25 24 24 15 15 7 9 9 10 15 15 7 7 5 8 8 10 9 9 10 10 5 6 6 9
 3 3 6 21 21 21 10 10 6 6 4 5 5 8 9 9 8 8 12 21 21 25 24 24 15 15 7 9 9 10 15 15 7 7 5 8 8 10 9 9 10 10 5 6 6 9
 6 6 8 25 25 27 30 30 32 32 10 9 9 11 14 14 13 13 16 19 19 16 20 20 11 11 7 9 9 15 14 14 18 18 18 8 8 11 9 9 9 9 7 6 6 5
 19 19 21 15 15 17 19 19 33 33 18 13 13 17 18 18 18 18 24 25 25 17 13 13 10 10 8 11 11 21 12 12 14 14 13 7 7 12 9 9 8 8 7 7 7 5
 19 19 21 15 15 17 19 19 33 33 18 13 13 17 18 18 18 18 24 25 25 17 13 13 10 10 8 11 11 21 12 12 14 14 13 7 7 12 9 9 8 8 7 7 7 5
 21 21 26 19 19 19 17 17 18 18 18 14 14 16 19 19 15 15 28 36 36 19 21 21 22 22 21 33 33 28 14 14 14 14 11 17 17 12 7 7 7 7 7 6 6 5
 19 19 15 14 14 14 11 11 12 12 13 17 17 18 17 17 12 12 18 29 29 14 15 15 30 30 89 117 117 57 22 22 19 19 25 18 18 17 3 3 2 2 5 2 2 2
