assets/RAT_results/precipitation/2023-05-03_IMERG.asc
ncols        46
nrows        77
xllcorner    74.800261325624
yllcorner    8.058333333333
cellsize     0.062500000000
NODATA_value -9999
 1 1 0 0 0 0 0 0 1 1 4 3 3 1 1 1 2 2 4 7 7 10 6 6 6 6 5 6 6 6 7 7 4 4 6 9 9 14 20 20 32 32 47 42 42 39
 2 2 2 1 1 0 0 0 0 0 1 1 1 1 1 1 1 1 3 5 5 5 7 7 8 8 9 9 9 9 11 11 11 11 10 11 11 13 17 17 21 21 28 36 36 41
 2 2 2 1 1 0 0 0 0 0 1 1 1 1 1 1 1 1 3 5 5 5 7 7 8 8 9 9 9 9 11 11 11 11 10 11 11 13 17 17 21 21 28 36 36 41
 1 1 0 0 0 0 0 0 0 0 0 1 1 1 1 1 2 2 3 3 3 4 6 6 8 8 10 10 10 10 11 11 16 16 16 17 17 15 12 12 16 16 23 28 28 30
 1 1 0 0 0 0 1 1 2 2 0 1 1 0 1 1 1 1 1 2 2 3 5 5 6 6 7 9 9 11 12 12 15 15 17 17 17 19 18 18 18 18 18 17 17 20
 1 1 0 0 0 0 1 1 2 2 0 1 1 0 1 1 1 1 1 2 2 3 5 5 6 6 7 9 9 11 12 12 15 15 17 17 17 19 18 18 18 18 18 17 17 20
 1 1 0 0 0 0 1 1 1 1 1 1 1 0 0 0 1 1 0 1 1 1 3 3 4 4 5 8 8 9 10 10 12 12 13 15 15 18 19 19 19 19 15 13 13 13
 1 1 0 0 0 0 1 1 1 1 1 1 1 0 0 0 1 1 0 1 1 1 3 3 4 4 5 8 8 9 10 10 12 12 13 15 15 18 19 19 19 19 15 13 13 13
 1 1 0 0 0 0 1 1 1 1 3 2 2 2 1 1 1 1 0 0 0 1 1 1 2 2 3 6 6 7 7 7 8 8 8 10 10 14 16 16 17 17 15 13 13 9
 1 1 0 0 0 0 0 0 1 1 1 1 1 1 4 4 3 3 1 1 1 1 0 0 1 1 2 4 4 4 5 5 5 5 4 6 6 8 10 10 12 12 13 13 13 12
 1 1 0 0 0 0 0 0 1 1 1 1 1 1 4 4 3 3 1 1 1 1 0 0 1 1 2 4 4 4 5 5 5 5 4 6 6 8 10 10 12 12 13 13 13 12
 0 0 0 0 0 0 0 0 0 0 0 0 0 1 4 4 4 4 3 2 2 1 1 1 1 1 1 2 2 2 4 4 3 3 2 3 3 4 6 6 8 8 9 12 12 14
 0 0 0 0 0 0 0 0 0 0 0 0 0 0 2 2 3 3 6 5 5 2 2 2 1 1 1 1 1 1 2 2 1 1 1 1 1 2 4 4 5 5 6 6 6 7
 0 0 0 0 0 0 0 0 0 0 0 0 0 0 2 2 3 3 6 5 5 2 2 2 1 1 1 1 1 1 2 2 1 1 1 1 1 2 4 4 5 5 6 6 6 7
 0 0 0 0 0 0 0 0 0 0 0 0 0 0 0 0 1 1 2 3 3 3 3 3 1 1 1 1 1 0 1 1 1 1 1 1 1 2 2 2 4 4 4 4 4 5
 0 0 0 0 0 0 0 0 0 0 0 0 0 0 0 0 1 1 2 3 3 3 3 3 1 1 1 1 1 0 1 1 1 1 1 1 1 2 2 2 4 4 4 4 4 5
 0 0 0 0 0 0 0 0 0 0 0 0 0 0 0 0 0 0 0 1 1 1 1 1 1 1 1 1 1 1 1 1 1 1 1 1 1 2 2 2 3 3 3 3 3 5
 0 0 0 0 0 0 0 0 0 0 0 0 0 0 0 0 0 0 0 0 0 0 0 0 1 1 1 1 1 1 1 1 1 1 1 2 2 3 2 2 3 3 3 3 3 5
 0 0 0 0 0 0 0 0 0 0 0 0 0 0 0 0 0 0 0 0 0 0 0 0 1 1 1 1 1 1 1 1 1 1 1 2 2 3 2 2 3 3 3 3 3 5
 0 0 0 0 0 0 0 0 0 0 0 0 0 0 0 0 0 0 0 0 0 0 0 0 1 1 1 1 1 1 0 0 0 0 1 1 1 3 2 2 3 3 4 4 4 5
 0 0 0 0 0 0 0 0 0 0 0 0 0 0 0 0 0 0 0 0 0 0 0 0 0 0 0 0 0 0 0 0 0 0 1 1 1 2 3 3 3 3 3 4 4 5
 0 0 0 0 0 0 0 0 0 0 0 0 0 0 0 0 0 0 0 0 0 0 0 0 0 0 0 0 0 0 0 0 0 0 1 1 1 2 3 3 3 3 3 4 4 5
 0 0 0 0 0 0 0 0 0 0 0 0 0 0 0 0 0 0 0 0 0 0 0 0 0 0 1 1 1 1 0 0 2 2 1 1 1 1 2 2 3 3 3 4 4 5
 0 0 0 0 0 0 0 0 0 0 0 0 0 0 0 0 0 0 0 0 0 0 0 0 0 0 1 1 1 1 0 0 2 2 1 1 1 1 2 2 3 3 3 4 4 5
 0 0 0 1 1 1 0 0 0 0 0 0 0 0 0 0 0 0 0 0 0 0 0 0 0 0 1 3 3 3 1 1 3 3 3 1 1 2 2 2 3 3 4 5 5 6
 0 0 0 0 0 0 0 0 0 0 0 0 0 0 0 0 0 0 0 0 0 0 0 0 0 0 1 4 4 6 2 2 2 2 7 2 2 3 3 3 4 4 4 5 5 6
 0 0 0 0 0 0 0 0 0 0 0 0 0 0 0 0 0 0 0 0 0 0 0 0 0 0 1 4 4 6 2 2 2 2 7 2 2 3 3 3 4 4 4 5 5 6
 0 0 0 0 0 0 0 0 0 0 0 0 0 0 0 0 0 0 0 0 0 0 0 0 0 0 1 2 2 2 2 2 1 1 3 2 2 3 3 3 3 3 4 5 5 5
 0 0 0 0 0 0 0 0 0 0 0 0 0 0 0 0 0 0 0 0 0 0 0 0 1 1 1 2 2 2 2 2 2 2 2 3 3 3 3 3 4 4 4 5 5 6
 0 0 0 0 0 0 0 0 0 0 0 0 0 0 0 0 0 0 0 0 0 0 0 0 1 1 1 2 2 2 2 2 2 2 2 3 3 3 3 3 4 4 4 5 5 6
 0 0 0 0 0 0 0 0 0 0 0 0 0 0 0 0 1 1 0 0 0 0 1 1 1 1 2 3 3 3 5 5 3 3 3 4 4 4 5 5 5 5 5 7 7 9
 0 0 0 0 0 0 0 0 0 0 0 0 0 0 0 0 1 1 0 0 0 0 1 1 1 1 2 3 3 3 5 5 3 3 3 4 4 4 5 5 5 5 5 7 7 9
 0 0 0 0 0 0 0 0 0 0 0 0 0 0 0 0 1 1 0 1 1 1 1 1 1 1 3 3 3 4 4 4 3 3 4 5 5 5 6 6 7 7 7 9 9 12
 0 0 0 0 0 0 0 0 0 0 0 0 0 0 0 0 0 0 1 1 1 1 2 2 2 2 4 3 3 3 4 4 4 4 5 5 5 7 8 8 9 9 10 12 12 17
 0 0 0 0 0 0 0 0 0 0 0 0 0 0 0 0 0 0 1 1 1 1 2 2 2 2 4 3 3 3 4 4 4 4 5 5 5 7 8 8 9 9 10 12 12 17
 0 0 0 0 0 0 0 0 0 0 0 0 0 0 0 0 0 0 1 1 1 2 2 2 2 2 3 5 5 4 4 4 5 5 6 8 8 9 11 11 13 13 14 16 16 18
 0 0 0 0 0 0 0 0 0 0 0 0 0 1 1 1 1 1 1 1 1 2 2 2 2 2 2 3 3 4 5 5 6 6 7 9 9 11 13 13 14 14 16 19 19 20
 0 0 0 0 0 0 0 0 0 0 0 0 0 1 1 1 1 1 1 1 1 2 2 2 2 2 2 3 3 4 5 5 6 6 7 9 9 11 13 13 14 14 16 19 19 20
 1 1 0 0 0 0 0 0 0 0 0 0 0 1 1 1 1 1 1 1 1 2 2 2 1 1 2 2 2 3 4 4 5 5 6 8 8 10 14 14 15 15 18 21 21 24
 1 1 0 0 0 0 0 0 0 0 0 0 0 1 1 1 1 1 1 1 1 2 2 2 1 1 2 2 2 3 4 4 5 5 6 8 8 10 14 14 15 15 18 21 21 24
 3 3 1 0 0 0 0 0 0 0 1 2 2 2 1 1 2 2 2 1 1 1 1 1 1 1 2 3 3 4 3 3 3 3 5 7 7 11 12 12 15 15 19 21 21 29
 4 4 2 1 1 0 0 0 0 0 7 2 2 2 2 2 2 2 2 1 1 1 1 1 1 1 1 4 4 3 4 4 3 3 4 9 9 13 15 15 18 18 23 31 31 33
 4 4 2 1 1 0 0 0 0 0 7 2 2 2 2 2 2 2 2 1 1 1 1 1 1 1 1 4 4 3 4 4 3 3 4 9 9 13 15 15 18 18 23 31 31 33
 4 4 4 3 3 3 4 4 9 9 17 15 15 9 7 7 3 3 2 2 2 1 1 1 1 1 2 3 3 5 3 3 5 5 7 11 11 17 22 22 26 26 28 32 32 32
 2 2 4 5 5 11 15 15 23 23 21 18 18 8 8 8 7 7 6 2 2 4 3 3 5 5 7 8 8 10 13 13 16 16 19 24 24 29 30 30 33 33 34 35 35 24
 2 2 4 5 5 11 15 15 23 23 21 18 18 8 8 8 7 7 6 2 2 4 3 3 5 5 7 8 8 10 13 13 16 16 19 24 24 29 30 30 33 33 34 35 35 24
 2 2 3 4 4 15 13 13 17 17 21 19 19 10 11 11 10 10 7 3 3 4 6 6 10 10 14 17 17 21 25 25 30 30 35 43 43 49 50 50 54 54 50 39 39 38
 2 2 3 4 4 15 13 13 17 17 21 19 19 10 11 11 10 10 7 3 3 4 6 6 10 10 14 17 17 21 25 25 30 30 35 43 43 49 50 50 54 54 50 39 39 38
 1 1 1 1 1 4 13 13 16 16 13 13 13 8 11 11 10 10 8 4 4 4 6 6 9 9 13 17 17 22 28 28 35 35 43 52 52 61 64 64 67 67 69 62 62 56
 1 1 2 3 3 2 5 5 10 10 8 11 11 7 8 8 7 7 4 4 4 5 6 6 7 7 9 11 11 16 21 21 26 26 34 44 44 56 62 62 68 68 74 72 72 66
 1 1 2 3 3 2 5 5 10 10 8 11 11 7 8 8 7 7 4 4 4 5 6 6 7 7 9 11 11 16 21 21 26 26 34 44 44 56 62 62 68 68 74 72 72 66
 0 0 1 1 1 1 3 3 3 3 3 8 8 9 10 10 10 10 6 5 5 4 6 6 6 6 7 9 9 12 16 16 20 20 25 34 34 43 50 50 55 55 59 63 63 66
 0 0 1 2 2 2 3 3 4 4 6 12 12 14 16 16 16 16 13 10 10 5 4 4 5 5 6 7 7 10 12 12 14 14 19 26 26 31 34 34 39 39 43 49 49 51
 0 0 1 2 2 2 3 3 4 4 6 12 12 14 16 16 16 16 13 10 10 5 4 4 5 5 6 7 7 10 12 12 14 14 19 26 26 31 34 34 39 39 43 49 49 51
 0 0 1 2 2 3 5 5 6 6 8 13 13 15 18 18 21 21 20 18 18 7 3 3 3 3 4 4 4 7 9 9 9 9 12 17 17 19 22 22 25 25 29 32 32 32
 0 0 1 2 2 3 5 5 6 6 8 13 13 15 18 18 21 21 20 18 18 7 3 3 3 3 4 4 4 7 9 9 9 9 12 17 17 19 22 22 25 25 29 32 32 32
 0 0 0 1 1 3 4 4 5 5 6 14 14 17 16 16 20 20 21 18 18 8 2 2 2 2 3 4 4 5 8 8 10 10 12 14 14 17 19 19 21 21 25 26 26 27
 0 0 0 0 0 1 2 2 3 3 8 12 12 13 15 15 14 14 15 14 14 10 3 3 4 4 6 6 6 7 12 12 14 14 16 18 18 21 26 26 27 27 29 31 31 34
 0 0 0 0 0 1 2 2 3 3 8 12 12 13 15 15 14 14 15 14 14 10 3 3 4 4 6 6 6 7 12 12 14 14 16 18 18 21 26 26 27 27 29 31 31 34
 1 1 1 0 0 0 1 1 2 2 8 8 8 9 11 11 14 14 15 12 12 8 3 3 5 5 9 7 7 11 12 12 14 14 19 20 20 22 30 30 33 33 29 27 27 31
 1 1 0 0 0 0 1 1 1 1 3 3 3 7 8 8 9 9 9 7 7 3 2 2 3 3 4 5 5 9 10 10 11 11 15 18 18 20 25 25 29 29 30 26 26 27
 1 1 0 0 0 0 1 1 1 1 3 3 3 7 8 8 9 9 9 7 7 3 2 2 3 3 4 5 5 9 10 10 11 11 15 18 18 20 25 25 29 29 30 26 26 27
 0 0 0 0 0 0 1 1 1 1 1 2 2 2 12 12 11 11 9 8 8 2 3 3 3 3 3 2 2 4 6 6 7 7 9 12 12 16 19 19 22 22 26 23 23 21
 0 0 0 0 0 0 1 1 1 1 1 2 2 2 12 12 11 11 9 8 8 2 3 3 3 3 3 2 2 4 6 6 7 7 9 12 12 16 19 19 22 22 26 23 23 21
 1 1 1 1 1 1 1 1 6 6 6 5 5 5 28 28 14 14 12 6 6 3 2 2 2 2 2 1 1 2 3 3 4 4 5 6 6 9 12 12 14 14 15 17 17 17
 1 1 2 2 2 2 2 2 7 7 8 7 7 5 26 26 26 26 25 5 5 6 6 6 4 4 3 2 2 3 4 4 1 1 1 2 2 2 4 4 6 6 7 7 7 8
 1 1 2 2 2 2 2 2 7 7 8 7 7 5 26 26 26 26 25 5 5 6 6 6 4 4 3 2 2 3 4 4 1 1 1 2 2 2 4 4 6 6 7 7 7 8
 1 1 1 2 2 3 3 3 7 7 6 5 5 10 11 11 11 11 11 5 5 7 7 7 4 4 3 2 2 2 5 5 1 1 1 1 1 1 1 1 2 2 2 2 2 3
 0 0 1 1 1 3 2 2 1 1 1 1 1 1 10 10 10 10 11 6 6 7 6 6 4 4 7 4 4 3 4 4 3 3 3 2 2 2 1 1 1 1 2 2 2 4
 0 0 1 1 1 3 2 2 1 1 1 1 1 1 10 10 10 10 11 6 6 7 6 6 4 4 7 4 4 3 4 4 3 3 3 2 2 2 1 1 1 1 2 2 2 4
 0 0 0 1 1 2 1 1 1 1 1 1 1 1 1 1 2 2 3 6 6 9 8 8 6 6 6 5 5 4 3 3 3 3 5 6 6 7 5 5 3 3 3 4 4 6
 0 0 0 1 1 2 1 1 1 1 1 1 1 1 1 1 2 2 3 6 6 9 8 8 6 6 6 5 5 4 3 3 3 3 5 6 6 7 5 5 3 3 3 4 4 6
 0 0 0 4 4 2 1 1 1 1 1 1 1 2 2 2 3 3 5 9 9 11 11 11 10 10 8 5 5 5 5 5 4 4 6 8 8 9 9 9 8 8 7 7 7 9
 0 0 0 2 2 1 1 1 1 1 1 2 2 2 2 2 3 3 6 7 7 10 14 14 16 16 15 11 11 10 11 11 8 8 6 7 7 11 14 14 15 15 16 19 19 22
 0 0 0 2 2 1 1 1 1 1 1 2 2 2 2 2 3 3 6 7 7 10 14 14 16 16 15 11 11 10 11 11 8 8 6 7 7 11 14 14 15 15 16 19 19 22
 0 0 1 1 1 1 1 1 1 1 1 2 2 3 6 6 4 4 9 11 11 14 21 21 23 23 21 18 18 18 16 16 12 12 11 8 8 8 13 13 15 15 17 22 22 29
 1 1 2 2 2 2 5 5 5 5 3 4 4 6 11 11 13 13 14 16 16 18 26 26 27 27 25 23 23 21 21 21 20 20 19 13 13 10 10 10 9 9 15 14 14 17
