assets/RAT_results/precipitation/2023-09-11_IMERG.asc
ncols        46
nrows        77
xllcorner    74.800261325624
yllcorner    8.058333333333
cellsize     0.062500000000
NODATA_value -9999
 10 10 7 6 6 7 9 9 7 7 6 1 1 1 1 1 0 0 0 0 0 0 1 1 0 0 1 0 0 0 0 0 0 0 0 1 1 1 0 0 0 0 0 0 0 0
 8 8 9 12 12 13 10 10 11 11 8 2 2 2 1 1 0 0 0 1 1 0 2 2 1 1 0 0 0 0 1 1 0 0 1 2 2 2 2 2 2 2 4 4 4 4
 8 8 9 12 12 13 10 10 11 11 8 2 2 2 1 1 0 0 0 1 1 0 2 2 1 1 0 0 0 0 1 1 0 0 1 2 2 2 2 2 2 2 4 4 4 4
 22 22 24 13 13 11 7 7 9 9 8 5 5 4 4 4 0 0 0 0 0 0 0 0 0 0 0 0 0 0 0 0 1 1 2 4 4 4 5 5 9 9 18 19 19 19
 23 23 17 7 7 5 3 3 6 6 5 5 5 4 1 1 1 1 0 0 0 0 0 0 0 0 0 0 0 0 0 0 1 1 3 4 4 7 7 7 9 9 19 22 22 19
 23 23 17 7 7 5 3 3 6 6 5 5 5 4 1 1 1 1 0 0 0 0 0 0 0 0 0 0 0 0 0 0 1 1 3 4 4 7 7 7 9 9 19 22 22 19
 20 20 12 16 16 12 4 4 4 4 2 1 1 1 1 1 1 1 0 0 0 0 0 0 0 0 0 0 0 0 0 0 1 1 2 2 2 3 3 3 4 4 9 10 10 6
 20 20 12 16 16 12 4 4 4 4 2 1 1 1 1 1 1 1 0 0 0 0 0 0 0 0 0 0 0 0 0 0 1 1 2 2 2 3 3 3 4 4 9 10 10 6
 7 7 18 22 22 14 12 12 5 5 2 1 1 0 0 0 0 0 0 0 0 0 0 0 0 0 0 0 0 0 0 0 0 0 1 1 1 1 1 1 1 1 2 2 2 2
 7 7 19 20 20 13 12 12 4 4 3 1 1 1 1 1 0 0 0 0 0 0 0 0 1 1 0 1 1 2 1 1 0 0 0 0 0 0 0 0 0 0 1 2 2 4
 7 7 19 20 20 13 12 12 4 4 3 1 1 1 1 1 0 0 0 0 0 0 0 0 1 1 0 1 1 2 1 1 0 0 0 0 0 0 0 0 0 0 1 2 2 4
 17 17 18 16 16 14 13 13 8 8 7 4 4 3 1 1 0 0 0 0 0 0 0 0 1 1 1 1 1 1 0 0 0 0 0 0 0 0 0 0 0 0 1 1 1 2
 38 38 36 18 18 19 19 19 14 14 11 7 7 10 4 4 1 1 1 0 0 0 0 0 0 0 0 0 0 0 0 0 0 0 0 0 0 0 0 0 0 0 0 1 1 1
 38 38 36 18 18 19 19 19 14 14 11 7 7 10 4 4 1 1 1 0 0 0 0 0 0 0 0 0 0 0 0 0 0 0 0 0 0 0 0 0 0 0 0 1 1 1
 35 35 35 23 23 22 26 26 27 27 27 20 20 19 7 7 1 1 0 0 0 0 0 0 0 0 0 0 0 0 0 0 0 0 0 0 0 0 0 0 0 0 0 0 0 0
 35 35 35 23 23 22 26 26 27 27 27 20 20 19 7 7 1 1 0 0 0 0 0 0 0 0 0 0 0 0 0 0 0 0 0 0 0 0 0 0 0 0 0 0 0 0
 58 58 58 56 56 57 45 45 30 30 42 20 20 18 11 11 9 9 5 1 1 1 0 0 0 0 1 0 0 0 0 0 0 0 0 0 0 0 0 0 0 0 0 0 0 0
 40 40 54 52 52 53 43 43 45 45 43 44 44 32 26 26 26 26 13 20 20 3 0 0 0 0 1 0 0 0 0 0 0 0 0 1 1 1 1 1 0 0 0 0 0 1
 40 40 54 52 52 53 43 43 45 45 43 44 44 32 26 26 26 26 13 20 20 3 0 0 0 0 1 0 0 0 0 0 0 0 0 1 1 1 1 1 0 0 0 0 0 1
 40 40 40 26 26 26 30 30 32 32 39 31 31 44 40 40 40 40 28 27 27 5 2 2 0 0 1 0 0 0 0 0 0 0 0 1 1 1 1 1 1 1 1 1 1 1
 37 37 34 33 33 17 28 28 28 28 30 29 29 46 40 40 37 37 39 38 38 8 6 6 1 1 1 0 0 0 0 0 0 0 0 0 0 1 1 1 1 1 1 1 1 1
 37 37 34 33 33 17 28 28 28 28 30 29 29 46 40 40 37 37 39 38 38 8 6 6 1 1 1 0 0 0 0 0 0 0 0 0 0 1 1 1 1 1 1 1 1 1
 36 36 33 32 32 18 18 18 3 3 2 1 1 20 19 19 27 27 37 37 37 9 15 15 12 12 12 1 1 1 0 0 0 0 0 0 0 1 1 1 0 0 0 0 0 1
 36 36 33 32 32 18 18 18 3 3 2 1 1 20 19 19 27 27 37 37 37 9 15 15 12 12 12 1 1 1 0 0 0 0 0 0 0 1 1 1 0 0 0 0 0 1
 22 22 23 20 20 13 12 12 3 3 3 2 2 17 15 15 19 19 19 20 20 16 21 21 14 14 15 2 2 2 1 1 1 1 0 0 0 0 0 0 0 0 0 1 1 3
 16 16 21 28 28 16 15 15 5 5 3 4 4 4 8 8 12 12 12 18 18 18 23 23 13 13 7 2 2 1 1 1 1 1 0 0 0 0 0 0 0 0 1 2 2 3
 16 16 21 28 28 16 15 15 5 5 3 4 4 4 8 8 12 12 12 18 18 18 23 23 13 13 7 2 2 1 1 1 1 1 0 0 0 0 0 0 0 0 1 2 2 3
 19 19 14 16 16 8 6 6 3 3 4 2 2 2 5 5 13 13 13 23 23 21 25 25 13 13 1 4 4 4 3 3 3 3 0 0 0 0 0 0 0 0 1 1 1 1
 12 12 12 12 12 2 3 3 3 3 4 3 3 3 4 4 7 7 7 4 4 13 13 13 13 13 1 1 1 4 3 3 0 0 0 0 0 0 0 0 1 1 1 1 1 0
 12 12 12 12 12 2 3 3 3 3 4 3 3 3 4 4 7 7 7 4 4 13 13 13 13 13 1 1 1 4 3 3 0 0 0 0 0 0 0 0 1 1 1 1 1 0
 14 14 13 13 13 3 3 3 3 3 3 3 3 3 6 6 8 8 10 4 4 6 5 5 4 4 3 3 3 2 0 0 0 0 0 0 0 0 0 0 0 0 0 0 0 0
 14 14 13 13 13 3 3 3 3 3 3 3 3 3 6 6 8 8 10 4 4 6 5 5 4 4 3 3 3 2 0 0 0 0 0 0 0 0 0 0 0 0 0 0 0 0
 5 5 4 4 4 3 3 3 3 3 3 2 2 3 5 5 7 7 11 11 11 16 15 15 12 12 19 20 20 1 0 0 0 0 0 0 0 0 0 0 0 0 0 0 0 0
 8 8 6 5 5 3 3 3 3 3 2 2 2 2 3 3 4 4 12 11 11 16 12 12 12 12 18 19 19 19 5 5 5 5 0 0 0 0 0 0 0 0 0 0 0 0
 8 8 6 5 5 3 3 3 3 3 2 2 2 2 3 3 4 4 12 11 11 16 12 12 12 12 18 19 19 19 5 5 5 5 0 0 0 0 0 0 0 0 0 0 0 0
 7 7 5 4 4 3 3 3 2 2 2 1 1 2 2 2 2 2 10 9 9 14 14 14 13 13 20 21 21 11 11 11 5 5 0 0 0 0 0 0 0 0 0 0 0 0
 11 11 7 5 5 3 2 2 2 2 2 2 2 1 2 2 1 1 2 3 3 11 11 11 10 10 8 21 21 11 11 11 11 11 0 0 0 0 0 0 0 0 0 0 0 0
 11 11 7 5 5 3 2 2 2 2 2 2 2 1 2 2 1 1 2 3 3 11 11 11 10 10 8 21 21 11 11 11 11 11 0 0 0 0 0 0 0 0 0 0 0 0
 12 12 7 7 7 4 2 2 2 2 2 1 1 1 2 2 2 2 2 3 3 11 12 12 10 10 8 8 8 4 3 3 0 0 0 0 0 0 0 0 0 0 0 0 0 0
 12 12 7 7 7 4 2 2 2 2 2 1 1 1 2 2 2 2 2 3 3 11 12 12 10 10 8 8 8 4 3 3 0 0 0 0 0 0 0 0 0 0 0 0 0 0
 16 16 10 9 9 7 3 3 2 2 1 1 1 1 2 2 2 2 2 3 3 3 5 5 6 6 3 2 2 1 4 4 0 0 0 0 0 0 1 1 1 1 1 0 0 0
 21 21 16 11 11 8 4 4 2 2 1 1 1 1 1 1 1 1 1 1 1 1 2 2 1 1 4 0 0 1 1 1 0 0 0 0 0 0 0 0 1 1 0 0 0 0
 21 21 16 11 11 8 4 4 2 2 1 1 1 1 1 1 1 1 1 1 1 1 2 2 1 1 4 0 0 1 1 1 0 0 0 0 0 0 0 0 1 1 0 0 0 0
 18 18 13 8 8 6 4 4 2 2 2 1 1 1 1 1 1 1 1 0 0 0 0 0 0 0 0 0 0 1 1 1 1 1 0 0 0 0 0 0 0 0 0 0 0 0
 10 10 9 6 6 4 3 3 2 2 1 1 1 1 1 1 1 1 0 0 0 0 0 0 0 0 0 0 0 1 1 1 1 1 0 0 0 0 0 0 0 0 0 0 0 0
 10 10 9 6 6 4 3 3 2 2 1 1 1 1 1 1 1 1 0 0 0 0 0 0 0 0 0 0 0 1 1 1 1 1 0 0 0 0 0 0 0 0 0 0 0 0
 8 8 7 3 3 3 2 2 1 1 1 1 1 1 1 1 1 1 1 1 1 0 0 0 0 0 0 0 0 1 1 1 0 0 0 0 0 0 0 0 0 0 0 0 0 0
 8 8 7 3 3 3 2 2 1 1 1 1 1 1 1 1 1 1 1 1 1 0 0 0 0 0 0 0 0 1 1 1 0 0 0 0 0 0 0 0 0 0 0 0 0 0
 7 7 7 3 3 3 2 2 3 3 1 1 1 1 1 1 1 1 1 1 1 1 0 0 1 1 1 1 1 1 0 0 0 0 0 0 0 0 0 0 0 0 0 0 0 0
 5 5 6 5 5 4 3 3 3 3 1 1 1 1 1 1 1 1 1 1 1 0 0 0 0 0 1 1 1 1 0 0 0 0 0 0 0 0 0 0 0 0 0 0 0 0
 5 5 6 5 5 4 3 3 3 3 1 1 1 1 1 1 1 1 1 1 1 0 0 0 0 0 1 1 1 1 0 0 0 0 0 0 0 0 0 0 0 0 0 0 0 0
 5 5 6 6 6 5 2 2 2 2 1 1 1 0 0 0 0 0 0 2 2 1 0 0 0 0 1 1 1 0 1 1 1 1 0 2 2 0 0 0 0 0 0 0 0 0
 5 5 3 3 3 2 2 2 2 2 1 1 1 0 0 0 0 0 0 2 2 2 1 1 1 1 0 3 3 4 8 8 6 6 2 2 2 0 0 0 0 0 0 0 0 0
 5 5 3 3 3 2 2 2 2 2 1 1 1 0 0 0 0 0 0 2 2 2 1 1 1 1 0 3 3 4 8 8 6 6 2 2 2 0 0 0 0 0 0 0 0 0
 4 4 2 1 1 2 3 3 2 2 2 1 1 0 1 1 0 0 0 1 1 1 1 1 0 0 3 3 3 5 10 10 8 8 4 2 2 1 0 0 0 0 0 0 0 0
 4 4 2 1 1 2 3 3 2 2 2 1 1 0 1 1 0 0 0 1 1 1 1 1 0 0 3 3 3 5 10 10 8 8 4 2 2 1 0 0 0 0 0 0 0 0
 2 2 2 1 1 1 2 2 2 2 1 0 0 0 1 1 1 1 0 1 1 1 0 0 2 2 7 7 7 6 8 8 8 8 2 2 2 1 1 1 1 1 1 0 0 0
 6 6 1 1 1 1 1 1 1 1 2 0 0 0 1 1 1 1 2 1 1 1 1 1 3 3 6 6 6 5 4 4 1 1 1 0 0 0 1 1 1 1 1 0 0 0
 6 6 1 1 1 1 1 1 1 1 2 0 0 0 1 1 1 1 2 1 1 1 1 1 3 3 6 6 6 5 4 4 1 1 1 0 0 0 1 1 1 1 1 0 0 0
 6 6 1 1 1 1 1 1 1 1 1 0 0 1 2 2 2 2 2 3 3 2 2 2 2 2 1 5 5 3 3 3 1 1 0 0 0 0 0 0 0 0 0 0 0 0
 4 4 1 1 1 1 1 1 1 1 1 1 1 3 3 3 2 2 2 4 4 4 3 3 3 3 1 2 2 1 4 4 1 1 1 1 1 0 0 0 0 0 0 0 0 0
 4 4 1 1 1 1 1 1 1 1 1 1 1 3 3 3 2 2 2 4 4 4 3 3 3 3 1 2 2 1 4 4 1 1 1 1 1 0 0 0 0 0 0 0 0 0
 3 3 2 1 1 1 1 1 1 1 1 2 2 4 4 4 3 3 2 3 3 4 6 6 5 5 2 2 2 1 4 4 8 8 2 1 1 1 1 1 1 1 0 0 0 0
 3 3 2 1 1 1 1 1 1 1 1 2 2 4 4 4 3 3 2 3 3 4 6 6 5 5 2 2 2 1 4 4 8 8 2 1 1 1 1 1 1 1 0 0 0 0
 2 2 2 1 1 1 2 2 2 2 2 3 3 4 4 4 3 3 3 5 5 7 7 7 5 5 4 8 8 6 8 8 8 8 2 2 2 2 2 2 1 1 0 0 0 0
 2 2 2 1 1 2 3 3 3 3 3 4 4 4 4 4 4 4 5 6 6 7 8 8 19 19 16 8 8 7 8 8 7 7 2 2 2 2 2 2 1 1 1 0 0 0
 2 2 2 1 1 2 3 3 3 3 3 4 4 4 4 4 4 4 5 6 6 7 8 8 19 19 16 8 8 7 8 8 7 7 2 2 2 2 2 2 1 1 1 0 0 0
 2 2 2 2 2 2 2 2 3 3 3 3 3 4 3 3 4 4 4 5 5 6 6 6 6 6 17 9 9 8 7 7 7 7 2 2 2 1 1 1 1 1 1 0 0 0
 2 2 2 1 1 1 1 1 2 2 2 3 3 3 5 5 6 6 5 5 5 7 4 4 4 4 4 6 6 5 2 2 2 2 2 1 1 1 1 1 2 2 3 1 1 1
 2 2 2 1 1 1 1 1 2 2 2 3 3 3 5 5 6 6 5 5 5 7 4 4 4 4 4 6 6 5 2 2 2 2 2 1 1 1 1 1 2 2 3 1 1 1
 2 2 2 2 2 1 1 1 2 2 2 2 2 3 3 3 4 4 4 4 4 5 3 3 2 2 4 9 9 7 3 3 1 1 1 2 2 2 1 1 3 3 4 3 3 1
 2 2 2 2 2 1 1 1 2 2 2 2 2 3 3 3 4 4 4 4 4 5 3 3 2 2 4 9 9 7 3 3 1 1 1 2 2 2 1 1 3 3 4 3 3 1
 2 2 1 1 1 1 2 2 2 2 3 1 1 2 1 1 2 2 2 1 1 2 2 2 3 3 3 3 3 3 2 2 2 2 1 2 2 1 2 2 2 2 2 2 2 2
 1 1 1 1 1 1 2 2 2 2 4 1 1 3 1 1 2 2 2 1 1 2 2 2 3 3 3 3 3 3 3 3 2 2 2 2 2 2 2 2 3 3 3 4 4 4
 1 1 1 1 1 1 2 2 2 2 4 1 1 3 1 1 2 2 2 1 1 2 2 2 3 3 3 3 3 3 3 3 2 2 2 2 2 2 2 2 3 3 3 4 4 4
 1 1 1 1 1 1 1 1 1 1 2 2 2 4 2 2 2 2 2 2 2 2 2 2 2 2 3 3 3 3 3 3 44 44 10 6 6 3 2 2 3 3 3 4 4 5
 1 1 1 1 1 1 2 2 2 2 2 2 2 4 5 5 4 4 3 3 3 2 2 2 4 4 4 3 3 5 45 45 48 48 14 24 24 6 7 7 10 10 9 6 6 3
