assets/RAT_results/precipitation/2023-07-02_IMERG.asc
ncols        46
nrows        77
xllcorner    74.800261325624
yllcorner    8.058333333333
cellsize     0.062500000000
NODATA_value -9999
 37 37 43 34 34 18 9 9 8 8 6 2 2 3 4 4 1 1 0 0 0 0 0 0 0 0 0 0 0 0 0 0 0 0 0 0 0 0 0 0 0 0 0 0 0 0
 39 39 34 27 27 23 9 9 11 11 7 5 5 6 5 5 0 0 0 0 0 0 0 0 0 0 0 0 0 0 0 0 0 0 0 0 0 0 0 0 0 0 0 0 0 1
 39 39 34 27 27 23 9 9 11 11 7 5 5 6 5 5 0 0 0 0 0 0 0 0 0 0 0 0 0 0 0 0 0 0 0 0 0 0 0 0 0 0 0 0 0 1
 38 38 21 20 20 21 13 13 10 10 9 5 5 4 5 5 3 3 0 0 0 0 0 0 0 0 0 0 0 0 0 0 0 0 0 0 0 0 0 0 0 0 0 0 0 1
 49 49 32 22 22 15 15 15 10 10 8 6 6 4 4 4 2 2 0 0 0 0 0 0 0 0 0 0 0 0 0 0 0 0 0 0 0 0 0 0 0 0 0 0 0 1
 49 49 32 22 22 15 15 15 10 10 8 6 6 4 4 4 2 2 0 0 0 0 0 0 0 0 0 0 0 0 0 0 0 0 0 0 0 0 0 0 0 0 0 0 0 1
 49 49 34 26 26 21 23 23 11 11 11 8 8 4 1 1 1 1 0 0 0 0 0 0 0 0 0 0 0 0 0 0 0 0 0 0 0 0 0 0 0 0 1 1 1 1
 49 49 34 26 26 21 23 23 11 11 11 8 8 4 1 1 1 1 0 0 0 0 0 0 0 0 0 0 0 0 0 0 0 0 0 0 0 0 0 0 0 0 1 1 1 1
 50 50 30 33 33 30 14 14 9 9 8 8 8 5 2 2 0 0 0 0 0 0 0 0 0 0 0 0 0 0 0 0 0 0 0 0 0 0 0 0 0 0 1 1 1 1
 41 41 30 28 28 26 14 14 8 8 6 4 4 3 2 2 1 1 0 0 0 0 0 0 0 0 0 0 0 0 0 0 0 0 0 0 0 0 0 0 0 0 1 1 1 1
 41 41 30 28 28 26 14 14 8 8 6 4 4 3 2 2 1 1 0 0 0 0 0 0 0 0 0 0 0 0 0 0 0 0 0 0 0 0 0 0 0 0 1 1 1 1
 21 21 42 47 47 16 17 17 9 9 8 5 5 2 2 2 1 1 0 0 0 0 0 0 0 0 0 0 0 0 0 0 0 0 0 0 0 0 0 0 0 0 1 1 1 1
 10 10 13 43 43 15 18 18 10 10 8 5 5 2 2 2 1 1 1 0 0 0 0 0 0 0 0 0 0 0 0 0 0 0 0 0 0 0 0 0 0 0 0 0 0 1
 10 10 13 43 43 15 18 18 10 10 8 5 5 2 2 2 1 1 1 0 0 0 0 0 0 0 0 0 0 0 0 0 0 0 0 0 0 0 0 0 0 0 0 0 0 1
 4 4 10 10 10 11 17 17 15 15 12 7 7 6 5 5 1 1 1 0 0 0 0 0 0 0 0 0 0 0 0 0 0 0 0 0 0 0 0 0 0 0 0 0 0 1
 4 4 10 10 10 11 17 17 15 15 12 7 7 6 5 5 1 1 1 0 0 0 0 0 0 0 0 0 0 0 0 0 0 0 0 0 0 0 0 0 0 0 0 0 0 1
 4 4 7 10 10 9 13 13 17 17 14 12 12 10 4 4 2 2 1 0 0 0 0 0 0 0 0 0 0 0 0 0 0 0 0 0 0 0 0 0 0 0 0 0 0 0
 7 7 8 7 7 7 8 8 12 12 12 9 9 6 5 5 3 3 3 2 2 1 1 1 0 0 0 0 0 0 0 0 0 0 0 0 0 0 0 0 0 0 0 0 0 0
 7 7 8 7 7 7 8 8 12 12 12 9 9 6 5 5 3 3 3 2 2 1 1 1 0 0 0 0 0 0 0 0 0 0 0 0 0 0 0 0 0 0 0 0 0 0
 6 6 7 6 6 6 10 10 9 9 12 14 14 11 11 11 4 4 3 3 3 1 1 1 1 1 0 0 0 0 0 0 0 0 0 0 0 0 0 0 0 0 0 0 0 0
 4 4 7 6 6 7 9 9 8 8 11 10 10 11 7 7 9 9 7 7 7 6 1 1 1 1 0 0 0 0 0 0 0 0 0 0 0 0 0 0 0 0 0 0 0 0
 4 4 7 6 6 7 9 9 8 8 11 10 10 11 7 7 9 9 7 7 7 6 1 1 1 1 0 0 0 0 0 0 0 0 0 0 0 0 0 0 0 0 0 0 0 0
 7 7 9 9 9 11 8 8 7 7 7 17 17 11 12 12 13 13 9 9 9 7 9 9 1 1 4 5 5 2 2 2 3 3 0 0 0 0 0 0 0 0 0 0 0 0
 7 7 9 9 9 11 8 8 7 7 7 17 17 11 12 12 13 13 9 9 9 7 9 9 1 1 4 5 5 2 2 2 3 3 0 0 0 0 0 0 0 0 0 0 0 0
 9 9 13 10 10 12 7 7 5 5 5 11 11 13 13 13 13 13 13 14 14 11 11 11 3 3 3 3 3 2 2 2 2 2 1 1 1 1 2 2 1 1 0 0 0 0
 13 13 18 11 11 9 8 8 7 7 9 9 9 14 13 13 10 10 8 11 11 10 13 13 3 3 4 3 3 3 3 3 5 5 4 6 6 4 4 4 3 3 1 0 0 0
 13 13 18 11 11 9 8 8 7 7 9 9 9 14 13 13 10 10 8 11 11 10 13 13 3 3 4 3 3 3 3 3 5 5 4 6 6 4 4 4 3 3 1 0 0 0
 9 9 10 8 8 9 9 9 8 8 8 9 9 10 9 9 11 11 7 11 11 9 10 10 2 2 2 2 2 3 3 3 3 3 5 10 10 5 6 6 4 4 2 1 1 0
 8 8 8 10 10 14 10 10 11 11 9 10 10 10 9 9 9 9 8 7 7 5 4 4 2 2 2 1 1 1 1 1 1 1 2 2 2 2 2 2 1 1 1 0 0 0
 8 8 8 10 10 14 10 10 11 11 9 10 10 10 9 9 9 9 8 7 7 5 4 4 2 2 2 1 1 1 1 1 1 1 2 2 2 2 2 2 1 1 1 0 0 0
 4 4 8 9 9 11 11 11 12 12 10 11 11 11 12 12 12 12 13 7 7 7 4 4 2 2 1 1 1 0 0 0 0 0 0 0 0 0 0 0 0 0 0 0 0 0
 4 4 8 9 9 11 11 11 12 12 10 11 11 11 12 12 12 12 13 7 7 7 4 4 2 2 1 1 1 0 0 0 0 0 0 0 0 0 0 0 0 0 0 0 0 0
 4 4 5 6 6 8 10 10 11 11 11 14 14 17 12 12 13 13 13 9 9 9 8 8 5 5 5 1 1 0 0 0 0 0 0 0 0 0 0 0 0 0 0 0 0 0
 2 2 3 3 3 4 7 7 14 14 14 17 17 16 13 13 15 15 25 21 21 13 9 9 6 6 7 4 4 1 0 0 0 0 0 0 0 0 0 0 0 0 0 0 0 0
 2 2 3 3 3 4 7 7 14 14 14 17 17 16 13 13 15 15 25 21 21 13 9 9 6 6 7 4 4 1 0 0 0 0 0 0 0 0 0 0 0 0 0 0 0 0
 3 3 4 3 3 5 6 6 8 8 10 14 14 17 20 20 23 23 26 30 30 17 12 12 14 14 17 4 4 1 0 0 0 0 0 0 0 0 0 0 0 0 1 1 1 1
 8 8 8 5 5 6 7 7 8 8 13 14 14 19 19 19 25 25 23 26 26 20 14 14 15 15 16 5 5 9 7 7 0 0 0 0 0 0 0 0 1 1 2 1 1 1
 8 8 8 5 5 6 7 7 8 8 13 14 14 19 19 19 25 25 23 26 26 20 14 14 15 15 16 5 5 9 7 7 0 0 0 0 0 0 0 0 1 1 2 1 1 1
 13 13 11 8 8 8 7 7 9 9 13 15 15 17 21 21 24 24 25 26 26 18 27 27 25 25 15 10 10 8 7 7 1 1 1 0 0 0 0 0 0 0 0 0 0 0
 13 13 11 8 8 8 7 7 9 9 13 15 15 17 21 21 24 24 25 26 26 18 27 27 25 25 15 10 10 8 7 7 1 1 1 0 0 0 0 0 0 0 0 0 0 0
 16 16 14 9 9 8 9 9 8 8 15 13 13 15 19 19 24 24 28 33 33 25 25 25 22 22 7 18 18 9 9 9 7 7 2 1 1 1 1 1 1 1 1 1 1 1
 21 21 21 16 16 16 17 17 14 14 12 10 10 13 16 16 22 22 25 27 27 26 37 37 25 25 19 17 17 10 26 26 2 2 2 2 2 2 2 2 2 2 2 2 2 2
 21 21 21 16 16 16 17 17 14 14 12 10 10 13 16 16 22 22 25 27 27 26 37 37 25 25 19 17 17 10 26 26 2 2 2 2 2 2 2 2 2 2 2 2 2 2
 27 27 26 26 26 21 18 18 19 19 18 13 13 16 17 17 21 21 31 39 39 33 39 39 26 26 27 25 25 21 21 21 6 6 5 9 9 2 3 3 2 2 2 2 2 2
 22 22 29 34 34 33 29 29 22 22 24 18 18 17 23 23 29 29 31 36 36 31 34 34 34 34 32 29 29 13 11 11 9 9 22 23 23 6 4 4 3 3 2 1 1 1
 22 22 29 34 34 33 29 29 22 22 24 18 18 17 23 23 29 29 31 36 36 31 34 34 34 34 32 29 29 13 11 11 9 9 22 23 23 6 4 4 3 3 2 1 1 1
 10 10 16 26 26 40 32 32 33 33 30 27 27 25 28 28 28 28 29 32 32 38 27 27 40 40 34 20 20 14 10 10 10 10 5 6 6 10 7 7 2 2 2 1 1 1
 10 10 16 26 26 40 32 32 33 33 30 27 27 25 28 28 28 28 29 32 32 38 27 27 40 40 34 20 20 14 10 10 10 10 5 6 6 10 7 7 2 2 2 1 1 1
 6 6 11 14 14 25 33 33 32 32 36 29 29 25 27 27 28 28 29 31 31 36 29 29 31 31 26 19 19 13 12 12 10 10 6 5 5 3 7 7 1 1 1 0 0 0
 9 9 10 12 12 14 21 21 27 27 25 28 28 20 21 21 27 27 32 39 39 42 37 37 23 23 16 23 23 13 17 17 18 18 3 3 3 3 3 3 0 0 0 0 0 0
 9 9 10 12 12 14 21 21 27 27 25 28 28 20 21 21 27 27 32 39 39 42 37 37 23 23 16 23 23 13 17 17 18 18 3 3 3 3 3 3 0 0 0 0 0 0
 11 11 11 12 12 13 12 12 18 18 21 18 18 20 18 18 22 22 26 32 32 35 42 42 31 31 29 24 24 20 17 17 16 16 15 3 3 0 3 3 0 0 0 0 0 0
 14 14 12 11 11 12 10 10 11 11 16 17 17 15 21 21 25 25 32 39 39 39 40 40 33 33 40 33 33 29 30 30 26 26 24 5 5 0 0 0 0 0 0 0 0 0
 14 14 12 11 11 12 10 10 11 11 16 17 17 15 21 21 25 25 32 39 39 39 40 40 33 33 40 33 33 29 30 30 26 26 24 5 5 0 0 0 0 0 0 0 0 0
 11 11 11 11 11 11 10 10 11 11 14 19 19 20 21 21 23 23 27 32 32 32 34 34 34 34 35 33 33 29 36 36 18 18 22 11 11 6 1 1 1 1 0 0 0 0
 11 11 11 11 11 11 10 10 11 11 14 19 19 20 21 21 23 23 27 32 32 32 34 34 34 34 35 33 33 29 36 36 18 18 22 11 11 6 1 1 1 1 0 0 0 0
 10 10 12 14 14 15 15 15 15 15 17 20 20 24 26 26 26 26 27 25 25 26 33 33 35 35 25 25 25 27 26 26 30 30 31 23 23 17 10 10 1 1 0 1 1 0
 10 10 12 14 14 17 16 16 16 16 17 23 23 28 29 29 32 32 29 28 28 23 22 22 24 24 25 21 21 22 24 24 25 25 33 28 28 21 10 10 6 6 2 0 0 0
 10 10 12 14 14 17 16 16 16 16 17 23 23 28 29 29 32 32 29 28 28 23 22 22 24 24 25 21 21 22 24 24 25 25 33 28 28 21 10 10 6 6 2 0 0 0
 8 8 9 12 12 14 16 16 16 16 19 25 25 32 35 35 44 44 41 39 39 28 24 24 27 27 24 16 16 15 18 18 25 25 33 23 23 31 35 35 6 6 20 0 0 0
 10 10 9 10 10 12 12 12 16 16 25 33 33 35 45 45 56 56 62 51 51 52 22 22 31 31 27 9 9 14 15 15 20 20 27 27 27 31 35 35 20 20 20 0 0 0
 10 10 9 10 10 12 12 12 16 16 25 33 33 35 45 45 56 56 62 51 51 52 22 22 31 31 27 9 9 14 15 15 20 20 27 27 27 31 35 35 20 20 20 0 0 0
 14 14 12 12 12 13 13 13 17 17 27 34 34 40 47 47 56 56 63 64 64 55 38 38 36 36 36 24 24 22 24 24 17 17 32 30 30 31 30 30 24 24 24 5 5 5
 14 14 12 12 12 13 13 13 17 17 27 34 34 40 47 47 56 56 63 64 64 55 38 38 36 36 36 24 24 22 24 24 17 17 32 30 30 31 30 30 24 24 24 5 5 5
 18 18 15 13 13 14 15 15 17 17 20 29 29 34 44 44 45 45 60 53 53 47 44 44 41 41 41 16 16 24 29 29 35 35 38 34 34 31 31 31 29 29 24 5 5 7
 17 17 17 15 15 16 14 14 16 16 18 20 20 21 32 32 37 37 55 44 44 38 38 38 36 36 34 38 38 18 29 29 42 42 42 39 39 40 32 32 30 30 9 9 9 1
 17 17 17 15 15 16 14 14 16 16 18 20 20 21 32 32 37 37 55 44 44 38 38 38 36 36 34 38 38 18 29 29 42 42 42 39 39 40 32 32 30 30 9 9 9 1
 17 17 17 16 16 16 16 16 18 18 22 24 24 21 23 23 28 28 46 39 39 32 25 25 33 33 34 34 34 13 25 25 39 39 39 38 38 33 30 30 30 30 10 10 10 1
 23 23 18 14 14 13 14 14 17 17 22 23 23 17 17 17 17 17 28 29 29 34 22 22 16 16 12 15 15 8 8 8 32 32 34 37 37 31 20 20 30 30 11 11 11 2
 23 23 18 14 14 13 14 14 17 17 22 23 23 17 17 17 17 17 28 29 29 34 22 22 16 16 12 15 15 8 8 8 32 32 34 37 37 31 20 20 30 30 11 11 11 2
 26 26 22 16 16 12 11 11 13 13 18 29 29 24 18 18 12 12 15 26 26 26 30 30 31 31 31 17 17 12 8 8 16 16 29 32 32 31 19 19 19 19 10 9 9 1
 26 26 22 16 16 12 11 11 13 13 18 29 29 24 18 18 12 12 15 26 26 26 30 30 31 31 31 17 17 12 8 8 16 16 29 32 32 31 19 19 19 19 10 9 9 1
 24 24 18 14 14 11 10 10 11 11 14 12 12 19 21 21 17 17 11 15 15 24 35 35 40 40 50 44 44 56 9 9 13 13 14 20 20 19 12 12 18 18 3 8 8 0
 23 23 18 14 14 11 10 10 10 10 9 9 9 8 15 15 22 22 15 12 12 15 22 22 33 33 44 56 56 47 58 58 19 19 13 7 7 17 11 11 2 2 2 1 1 1
 23 23 18 14 14 11 10 10 10 10 9 9 9 8 15 15 22 22 15 12 12 15 22 22 33 33 44 56 56 47 58 58 19 19 13 7 7 17 11 11 2 2 2 1 1 1
 19 19 24 26 26 22 15 15 9 9 12 14 14 11 10 10 16 16 20 17 17 14 17 17 20 20 36 34 34 46 55 55 26 26 16 7 7 8 6 6 0 0 0 0 0 1
 18 18 25 23 23 15 14 14 14 14 15 16 16 19 16 16 16 16 18 18 18 16 14 14 16 16 25 28 28 25 38 38 20 20 16 30 30 5 0 0 2 2 3 0 0 0
