assets/RAT_results/precipitation/2023-05-22_IMERG.asc
ncols        46
nrows        77
xllcorner    74.800261325624
yllcorner    8.058333333333
cellsize     0.062500000000
NODATA_value -9999
 0 0 0 0 0 1 5 5 12 12 22 7 7 5 0 0 16 16 6 6 6 0 0 0 0 0 2 3 3 3 3 3 3 3 2 3 3 16 46 46 40 40 32 58 58 60
 0 0 0 0 0 1 4 4 9 9 12 4 4 9 25 25 25 25 9 0 0 0 0 0 0 0 1 2 2 4 1 1 1 1 3 3 3 17 40 40 40 40 26 45 45 24
 0 0 0 0 0 1 4 4 9 9 12 4 4 9 25 25 25 25 9 0 0 0 0 0 0 0 1 2 2 4 1 1 1 1 3 3 3 17 40 40 40 40 26 45 45 24
 0 0 0 0 0 0 1 1 2 2 3 5 5 9 16 16 27 27 2 0 0 0 0 0 0 0 0 1 1 1 1 1 1 1 1 26 26 47 46 46 24 24 15 19 19 22
 0 0 0 0 0 0 0 0 0 0 1 5 5 20 16 16 2 2 2 0 0 0 0 0 0 0 0 0 0 1 1 1 1 1 1 26 26 46 22 22 31 31 2 2 2 2
 0 0 0 0 0 0 0 0 0 0 1 5 5 20 16 16 2 2 2 0 0 0 0 0 0 0 0 0 0 1 1 1 1 1 1 26 26 46 22 22 31 31 2 2 2 2
 0 0 0 0 0 0 0 0 1 1 2 3 3 1 1 1 5 5 0 0 0 2 1 1 0 0 0 0 0 0 0 0 0 0 0 3 3 3 23 23 20 20 5 2 2 2
 0 0 0 0 0 0 0 0 1 1 2 3 3 1 1 1 5 5 0 0 0 2 1 1 0 0 0 0 0 0 0 0 0 0 0 3 3 3 23 23 20 20 5 2 2 2
 0 0 0 0 0 0 1 1 1 1 3 6 6 4 10 10 1 1 0 0 0 1 2 2 0 0 0 0 0 0 0 0 0 0 0 3 3 2 16 16 3 3 3 0 0 0
 0 0 0 0 0 0 8 8 8 8 23 3 3 8 4 4 2 2 0 0 0 0 0 0 0 0 0 0 0 0 0 0 0 0 0 1 1 5 16 16 4 4 0 0 0 1
 0 0 0 0 0 0 8 8 8 8 23 3 3 8 4 4 2 2 0 0 0 0 0 0 0 0 0 0 0 0 0 0 0 0 0 1 1 5 16 16 4 4 0 0 0 1
 0 0 0 0 0 1 8 8 7 7 22 1 1 3 1 1 1 1 0 0 0 0 0 0 0 0 0 0 0 0 0 0 0 0 0 0 0 0 0 0 1 1 2 2 2 1
 0 0 0 0 0 0 0 0 0 0 1 1 1 1 4 4 2 2 1 0 0 0 0 0 0 0 0 0 0 0 0 0 0 0 0 0 0 0 1 1 6 6 1 1 1 0
 0 0 0 0 0 0 0 0 0 0 1 1 1 1 4 4 2 2 1 0 0 0 0 0 0 0 0 0 0 0 0 0 0 0 0 0 0 0 1 1 6 6 1 1 1 0
 0 0 0 0 0 0 0 0 0 0 1 2 2 2 7 7 8 8 2 1 1 2 0 0 0 0 1 1 1 0 0 0 1 1 0 0 0 1 14 14 1 1 0 1 1 1
 0 0 0 0 0 0 0 0 0 0 1 2 2 2 7 7 8 8 2 1 1 2 0 0 0 0 1 1 1 0 0 0 1 1 0 0 0 1 14 14 1 1 0 1 1 1
 0 0 0 0 0 0 0 0 1 1 1 2 2 4 9 9 12 12 34 8 8 1 0 0 0 0 0 1 1 1 1 1 1 1 1 2 2 5 2 2 0 0 1 2 2 3
 0 0 0 1 1 1 0 0 0 0 2 3 3 5 19 19 36 36 1 31 31 1 1 1 0 0 0 2 2 4 5 5 5 5 1 7 7 2 0 0 0 0 0 1 1 2
 0 0 0 1 1 1 0 0 0 0 2 3 3 5 19 19 36 36 1 31 31 1 1 1 0 0 0 2 2 4 5 5 5 5 1 7 7 2 0 0 0 0 0 1 1 2
 0 0 0 0 0 0 0 0 0 0 1 3 3 6 13 13 14 14 38 6 6 4 1 1 1 1 0 2 2 7 4 4 1 1 1 1 1 0 0 0 0 0 0 0 0 1
 0 0 0 0 0 0 0 0 1 1 1 4 4 7 10 10 18 18 11 8 8 5 6 6 3 3 3 6 6 9 2 2 1 1 0 1 1 1 0 0 2 2 6 0 0 1
 0 0 0 0 0 0 0 0 1 1 1 4 4 7 10 10 18 18 11 8 8 5 6 6 3 3 3 6 6 9 2 2 1 1 0 1 1 1 0 0 2 2 6 0 0 1
 0 0 0 0 0 0 0 0 1 1 1 2 2 6 8 8 10 10 10 10 10 6 6 6 3 3 4 3 3 3 1 1 0 0 0 1 1 2 2 2 28 28 5 0 0 0
 0 0 0 0 0 0 0 0 1 1 1 2 2 6 8 8 10 10 10 10 10 6 6 6 3 3 4 3 3 3 1 1 0 0 0 1 1 2 2 2 28 28 5 0 0 0
 0 0 0 0 0 0 0 0 0 0 1 2 2 6 6 6 6 6 6 11 11 7 4 4 3 3 3 2 2 2 1 1 0 0 0 4 4 1 1 1 0 0 0 0 0 0
 0 0 21 21 21 14 2 2 0 0 1 1 1 2 5 5 6 6 8 8 8 5 5 5 2 2 2 3 3 2 1 1 1 1 23 4 4 0 0 0 0 0 0 0 0 0
 0 0 21 21 21 14 2 2 0 0 1 1 1 2 5 5 6 6 8 8 8 5 5 5 2 2 2 3 3 2 1 1 1 1 23 4 4 0 0 0 0 0 0 0 0 0
 17 17 27 14 14 14 3 3 1 1 0 0 0 1 3 3 5 5 5 8 8 15 23 23 16 16 11 1 1 1 2 2 15 15 23 11 11 0 0 0 0 0 0 0 0 0
 18 18 30 15 15 15 3 3 1 1 0 0 0 1 3 3 5 5 6 4 4 9 90 90 30 30 11 5 5 2 2 2 14 14 6 0 0 0 0 0 0 0 0 0 0 0
 18 18 30 15 15 15 3 3 1 1 0 0 0 1 3 3 5 5 6 4 4 9 90 90 30 30 11 5 5 2 2 2 14 14 6 0 0 0 0 0 0 0 0 0 0 0
 21 21 23 18 18 6 3 3 1 1 0 1 1 1 1 1 3 3 5 5 5 6 6 6 30 30 25 57 57 11 1 1 0 0 0 0 0 1 0 0 1 1 0 0 0 0
 21 21 23 18 18 6 3 3 1 1 0 1 1 1 1 1 3 3 5 5 5 6 6 6 30 30 25 57 57 11 1 1 0 0 0 0 0 1 0 0 1 1 0 0 0 0
 4 4 5 18 18 5 3 3 1 1 1 0 0 4 0 0 1 1 4 6 6 5 5 5 6 6 3 56 56 68 1 1 0 0 0 0 0 1 1 1 2 2 1 0 0 0
 2 2 3 3 3 2 1 1 1 1 1 2 2 6 2 2 1 1 2 4 4 3 3 3 4 4 3 1 1 0 0 0 0 0 0 0 0 1 1 1 1 1 1 1 1 1
 2 2 3 3 3 2 1 1 1 1 1 2 2 6 2 2 1 1 2 4 4 3 3 3 4 4 3 1 1 0 0 0 0 0 0 0 0 1 1 1 1 1 1 1 1 1
 1 1 1 1 1 1 1 1 1 1 2 3 3 4 4 4 1 1 1 1 1 1 1 1 2 2 3 1 1 0 0 0 0 0 0 0 0 1 1 1 0 0 1 8 8 4
 0 0 0 0 0 0 0 0 1 1 2 3 3 3 3 3 1 1 0 0 0 0 1 1 1 1 1 3 3 3 2 2 0 0 0 0 0 1 1 1 3 3 2 8 8 5
 0 0 0 0 0 0 0 0 1 1 2 3 3 3 3 3 1 1 0 0 0 0 1 1 1 1 1 3 3 3 2 2 0 0 0 0 0 1 1 1 3 3 2 8 8 5
 0 0 0 0 0 0 0 0 1 1 2 2 2 3 2 2 1 1 0 0 0 1 1 1 1 1 1 4 4 3 5 5 4 4 5 5 5 7 3 3 3 3 3 4 4 2
 0 0 0 0 0 0 0 0 1 1 2 2 2 3 2 2 1 1 0 0 0 1 1 1 1 1 1 4 4 3 5 5 4 4 5 5 5 7 3 3 3 3 3 4 4 2
 0 0 0 0 0 0 0 0 0 0 1 2 2 2 2 2 0 0 0 1 1 2 2 2 2 2 2 2 2 3 3 3 4 4 5 9 9 10 3 3 10 10 2 0 0 2
 0 0 0 0 0 0 0 0 0 0 1 1 1 1 2 2 2 2 11 7 7 7 3 3 3 3 2 2 2 1 3 3 4 4 4 8 8 9 4 4 4 4 2 2 2 1
 0 0 0 0 0 0 0 0 0 0 1 1 1 1 2 2 2 2 11 7 7 7 3 3 3 3 2 2 2 1 3 3 4 4 4 8 8 9 4 4 4 4 2 2 2 1
 0 0 0 0 0 0 0 0 1 1 1 1 1 1 2 2 2 2 12 7 7 23 8 8 1 1 3 3 3 3 1 1 4 4 3 10 10 11 4 4 3 3 3 0 0 0
 3 3 1 0 0 0 0 0 1 1 2 2 2 1 1 1 50 50 113 26 26 25 8 8 9 9 4 10 10 10 8 8 4 4 3 10 10 11 0 0 0 0 0 1 1 1
 3 3 1 0 0 0 0 0 1 1 2 2 2 1 1 1 50 50 113 26 26 25 8 8 9 9 4 10 10 10 8 8 4 4 3 10 10 11 0 0 0 0 0 1 1 1
 2 2 1 0 0 0 1 1 1 1 2 2 2 2 1 1 51 51 116 93 93 34 10 10 9 9 4 7 7 10 8 8 23 23 11 0 0 0 2 2 4 4 0 2 2 2
 2 2 1 0 0 0 1 1 1 1 2 2 2 2 1 1 51 51 116 93 93 34 10 10 9 9 4 7 7 10 8 8 23 23 11 0 0 0 2 2 4 4 0 2 2 2
 0 0 0 0 0 0 4 4 3 3 2 2 2 47 48 48 125 125 92 94 94 36 31 31 18 18 12 13 13 23 47 47 125 125 5 2 2 7 2 2 0 0 0 1 1 1
 0 0 0 0 0 1 2 2 2 2 3 3 3 47 48 48 91 91 93 53 53 33 34 34 23 23 15 18 18 20 9 9 16 16 8 16 16 7 2 2 1 1 1 1 1 1
 0 0 0 0 0 1 2 2 2 2 3 3 3 47 48 48 91 91 93 53 53 33 34 34 23 23 15 18 18 20 9 9 16 16 8 16 16 7 2 2 1 1 1 1 1 1
 0 0 0 0 0 1 3 3 3 3 4 9 9 9 69 69 91 91 94 55 55 101 34 34 26 26 17 19 19 24 8 8 35 35 34 29 29 12 1 1 1 1 2 1 1 1
 0 0 0 1 1 2 3 3 4 4 4 9 9 9 38 38 38 38 68 99 99 103 37 37 28 28 34 33 33 25 30 30 35 35 31 15 15 1 1 1 2 2 3 3 3 6
 0 0 0 1 1 2 3 3 4 4 4 9 9 9 38 38 38 38 68 99 99 103 37 37 28 28 34 33 33 25 30 30 35 35 31 15 15 1 1 1 2 2 3 3 3 6
 0 0 0 1 1 1 2 2 3 3 3 3 3 4 36 36 37 37 60 53 53 56 35 35 33 33 36 36 36 36 31 31 23 23 44 29 29 3 2 2 3 3 4 3 3 9
 0 0 0 1 1 1 2 2 3 3 3 3 3 4 36 36 37 37 60 53 53 56 35 35 33 33 36 36 36 36 31 31 23 23 44 29 29 3 2 2 3 3 4 3 3 9
 0 0 0 0 0 1 2 2 2 2 3 3 3 3 36 36 37 37 89 53 53 56 46 46 47 47 35 36 36 37 36 36 21 21 37 18 18 9 2 2 2 2 3 3 3 11
 0 0 0 0 0 1 1 1 2 2 2 3 3 3 3 3 3 3 16 17 17 52 45 45 46 46 35 41 41 39 38 38 25 25 21 19 19 21 6 6 2 2 2 1 1 1
 0 0 0 0 0 1 1 1 2 2 2 3 3 3 3 3 3 3 16 17 17 52 45 45 46 46 35 41 41 39 38 38 25 25 21 19 19 21 6 6 2 2 2 1 1 1
 0 0 0 0 0 1 1 1 1 1 2 2 2 2 3 3 3 3 16 19 19 12 14 14 44 44 34 41 41 54 52 52 49 49 33 18 18 80 3 3 3 3 5 24 24 3
 0 0 1 1 1 3 3 3 3 3 2 1 1 2 2 2 4 4 4 6 6 11 13 13 43 43 28 53 53 48 46 46 46 46 37 35 35 30 11 11 4 4 23 30 30 1
 0 0 1 1 1 3 3 3 3 3 2 1 1 2 2 2 4 4 4 6 6 11 13 13 43 43 28 53 53 48 46 46 46 46 37 35 35 30 11 11 4 4 23 30 30 1
 28 28 42 1 1 3 3 3 3 3 2 1 1 1 2 2 3 3 8 8 8 4 44 44 39 39 27 31 31 46 45 45 43 43 14 13 13 11 9 9 3 3 12 3 3 1
 28 28 42 1 1 3 3 3 3 3 2 1 1 1 2 2 3 3 8 8 8 4 44 44 39 39 27 31 31 46 45 45 43 43 14 13 13 11 9 9 3 3 12 3 3 1
 29 29 36 43 43 40 45 45 44 44 1 1 1 1 2 2 2 2 3 4 4 4 22 22 26 26 27 13 13 41 28 28 27 27 24 11 11 19 7 7 12 12 9 1 1 1
 62 62 42 30 30 40 45 45 43 43 1 1 1 1 1 1 1 1 2 3 3 3 21 21 26 26 26 6 6 22 23 23 26 26 16 9 9 11 7 7 9 9 2 2 2 2
 62 62 42 30 30 40 45 45 43 43 1 1 1 1 1 1 1 1 2 3 3 3 21 21 26 26 26 6 6 22 23 23 26 26 16 9 9 11 7 7 9 9 2 2 2 2
 54 54 42 30 30 25 3 3 4 4 3 1 1 1 1 1 1 1 1 2 2 3 4 4 5 5 6 6 6 10 14 14 15 15 17 11 11 11 6 6 7 7 15 1 1 1
 48 48 27 3 3 25 2 2 3 3 2 1 1 1 1 1 1 1 1 1 1 2 3 3 4 4 5 5 5 5 11 11 13 13 11 4 4 8 5 5 12 12 10 1 1 1
 48 48 27 3 3 25 2 2 3 3 2 1 1 1 1 1 1 1 1 1 1 2 3 3 4 4 5 5 5 5 11 11 13 13 11 4 4 8 5 5 12 12 10 1 1 1
 32 32 28 4 4 3 2 2 1 1 1 1 1 1 0 0 1 1 1 1 1 2 2 2 3 3 3 4 4 5 8 8 8 8 10 4 4 5 7 7 6 6 13 4 4 0
 32 32 28 4 4 3 2 2 1 1 1 1 1 1 0 0 1 1 1 1 1 2 2 2 3 3 3 4 4 5 8 8 8 8 10 4 4 5 7 7 6 6 13 4 4 0
 33 33 13 5 5 4 2 2 1 1 1 2 2 2 1 1 1 1 1 1 1 1 1 1 1 1 2 2 2 5 3 3 3 3 17 24 24 14 2 2 1 1 5 5 5 0
 10 10 8 5 5 3 2 2 1 1 1 2 2 2 2 2 3 3 1 2 2 1 1 1 1 1 1 2 2 5 4 4 11 11 22 12 12 6 2 2 4 4 0 2 2 0
 10 10 8 5 5 3 2 2 1 1 1 2 2 2 2 2 3 3 1 2 2 1 1 1 1 1 1 2 2 5 4 4 11 11 22 12 12 6 2 2 4 4 0 2 2 0
 12 12 9 3 3 1 1 1 2 2 2 2 2 5 5 5 7 7 5 4 4 2 1 1 1 1 1 1 1 3 3 3 14 14 11 2 2 1 1 1 0 0 0 0 0 0
 11 11 7 2 2 1 2 2 3 3 4 6 6 18 13 13 17 17 14 3 3 1 1 1 1 1 7 7 7 1 1 1 3 3 2 1 1 1 0 0 0 0 0 0 0 0
