assets/RAT_results/precipitation/2023-09-07_IMERG.asc
ncols        46
nrows        77
xllcorner    74.800261325624
yllcorner    8.058333333333
cellsize     0.062500000000
NODATA_value -9999
 15 15 12 8 8 6 4 4 4 4 1 2 2 2 2 2 2 2 1 1 1 0 0 0 0 0 0 0 0 0 0 0 0 0 0 0 0 0 0 0 0 0 0 0 0 1
 11 11 14 8 8 5 2 2 2 2 1 0 0 1 1 1 1 1 1 1 1 1 0 0 0 0 0 1 1 0 0 0 0 0 0 0 0 0 0 0 0 0 1 1 1 1
 11 11 14 8 8 5 2 2 2 2 1 0 0 1 1 1 1 1 1 1 1 1 0 0 0 0 0 1 1 0 0 0 0 0 0 0 0 0 0 0 0 0 1 1 1 1
 7 7 7 7 7 4 3 3 2 2 1 1 1 1 2 2 2 2 2 1 1 2 1 1 1 1 1 0 0 0 0 0 0 0 0 0 0 0 1 1 1 1 1 2 2 2
 3 3 8 4 4 3 4 4 2 2 1 1 1 1 2 2 2 2 2 2 2 2 1 1 1 1 1 0 0 0 0 0 0 0 0 0 0 0 1 1 1 1 1 2 2 3
 3 3 8 4 4 3 4 4 2 2 1 1 1 1 2 2 2 2 2 2 2 2 1 1 1 1 1 0 0 0 0 0 0 0 0 0 0 0 1 1 1 1 1 2 2 3
 8 8 7 3 3 3 3 3 1 1 2 2 2 2 1 1 2 2 1 1 1 1 1 1 2 2 1 1 1 0 0 0 0 0 0 1 1 1 1 1 1 1 1 2 2 3
 8 8 7 3 3 3 3 3 1 1 2 2 2 2 1 1 2 2 1 1 1 1 1 1 2 2 1 1 1 0 0 0 0 0 0 1 1 1 1 1 1 1 1 2 2 3
 9 9 10 5 5 4 8 8 2 2 2 2 2 2 3 3 2 2 2 1 1 1 2 2 1 1 1 1 1 1 2 2 2 2 2 3 3 2 1 1 1 1 1 2 2 2
 11 11 7 8 8 7 23 23 33 33 6 3 3 3 4 4 2 2 2 1 1 1 1 1 2 2 1 1 1 2 2 2 3 3 3 2 2 2 1 1 1 1 1 2 2 2
 11 11 7 8 8 7 23 23 33 33 6 3 3 3 4 4 2 2 2 1 1 1 1 1 2 2 1 1 1 2 2 2 3 3 3 2 2 2 1 1 1 1 1 2 2 2
 8 8 15 20 20 18 24 24 33 33 7 17 17 13 8 8 5 5 3 2 2 0 0 0 1 1 1 1 1 1 2 2 4 4 4 2 2 2 1 1 1 1 1 1 1 1
 19 19 17 21 21 28 21 21 22 22 17 18 18 13 25 25 19 19 4 3 3 0 0 0 0 0 0 0 0 1 1 1 1 1 1 1 1 1 1 1 1 1 1 2 2 1
 19 19 17 21 21 28 21 21 22 22 17 18 18 13 25 25 19 19 4 3 3 0 0 0 0 0 0 0 0 1 1 1 1 1 1 1 1 1 1 1 1 1 1 2 2 1
 22 22 22 47 47 23 10 10 13 13 26 22 22 31 25 25 19 19 10 4 4 3 1 1 1 1 1 1 1 1 1 1 1 1 1 1 1 1 1 1 2 2 2 1 1 0
 22 22 22 47 47 23 10 10 13 13 26 22 22 31 25 25 19 19 10 4 4 3 1 1 1 1 1 1 1 1 1 1 1 1 1 1 1 1 1 1 2 2 2 1 1 0
 36 36 31 54 54 25 18 18 14 14 27 22 22 15 15 15 11 11 10 4 4 3 1 1 3 3 2 3 3 2 1 1 2 2 3 3 3 3 3 3 4 4 7 4 4 1
 42 42 47 45 45 29 27 27 25 25 22 46 46 17 24 24 15 15 10 7 7 7 3 3 3 3 2 2 2 1 1 1 1 1 2 2 2 2 3 3 6 6 6 5 5 1
 42 42 47 45 45 29 27 27 25 25 22 46 46 17 24 24 15 15 10 7 7 7 3 3 3 3 2 2 2 1 1 1 1 1 2 2 2 2 3 3 6 6 6 5 5 1
 35 35 27 32 32 24 29 29 36 36 42 55 55 25 18 18 13 13 15 12 12 10 7 7 8 8 6 3 3 1 1 1 2 2 2 2 2 2 2 2 2 2 5 4 4 3
 25 25 24 23 23 28 35 35 43 43 40 48 48 17 20 20 20 20 26 22 22 11 6 6 7 7 5 4 4 2 2 2 4 4 3 3 3 2 2 2 3 3 5 4 4 3
 25 25 24 23 23 28 35 35 43 43 40 48 48 17 20 20 20 20 26 22 22 11 6 6 7 7 5 4 4 2 2 2 4 4 3 3 3 2 2 2 3 3 5 4 4 3
 24 24 24 22 22 27 37 37 41 41 52 55 55 34 13 13 12 12 19 23 23 15 13 13 4 4 11 2 2 2 1 1 2 2 2 2 2 1 1 1 1 1 2 2 2 2
 24 24 24 22 22 27 37 37 41 41 52 55 55 34 13 13 12 12 19 23 23 15 13 13 4 4 11 2 2 2 1 1 2 2 2 2 2 1 1 1 1 1 2 2 2 2
 20 20 21 27 27 31 40 40 43 43 44 32 32 34 21 21 18 18 19 18 18 14 13 13 10 10 10 2 2 2 1 1 1 1 1 1 1 1 1 1 0 0 1 1 1 2
 28 28 30 41 41 45 53 53 46 46 29 25 25 24 26 26 20 20 16 18 18 25 24 24 15 15 11 2 2 2 1 1 1 1 0 1 1 1 1 1 0 0 0 1 1 1
 28 28 30 41 41 45 53 53 46 46 29 25 25 24 26 26 20 20 16 18 18 25 24 24 15 15 11 2 2 2 1 1 1 1 0 1 1 1 1 1 0 0 0 1 1 1
 25 25 30 40 40 44 35 35 43 43 26 20 20 17 25 25 15 15 14 19 19 12 12 12 10 10 9 2 2 2 1 1 1 1 0 0 0 0 0 0 0 0 0 0 0 0
 18 18 21 24 24 27 26 26 26 26 24 19 19 17 19 19 14 14 11 9 9 9 13 13 8 8 5 2 2 1 1 1 1 1 0 0 0 0 0 0 0 0 0 0 0 0
 18 18 21 24 24 27 26 26 26 26 24 19 19 17 19 19 14 14 11 9 9 9 13 13 8 8 5 2 2 1 1 1 1 1 0 0 0 0 0 0 0 0 0 0 0 0
 12 12 15 16 16 20 18 18 20 20 14 12 12 14 16 16 14 14 7 6 6 6 5 5 5 5 4 3 3 1 1 1 1 1 1 1 1 0 0 0 0 0 1 1 1 0
 12 12 15 16 16 20 18 18 20 20 14 12 12 14 16 16 14 14 7 6 6 6 5 5 5 5 4 3 3 1 1 1 1 1 1 1 1 0 0 0 0 0 1 1 1 0
 12 12 15 14 14 14 13 13 14 14 10 9 9 11 20 20 13 13 7 10 10 4 4 4 4 4 2 1 1 1 2 2 3 3 2 1 1 1 1 1 1 1 3 2 2 1
 51 51 31 31 31 28 26 26 13 13 11 10 10 10 34 34 43 43 39 16 16 18 9 9 4 4 1 1 1 2 2 2 2 2 2 2 2 2 3 3 2 2 4 4 4 2
 51 51 31 31 31 28 26 26 13 13 11 10 10 10 34 34 43 43 39 16 16 18 9 9 4 4 1 1 1 2 2 2 2 2 2 2 2 2 3 3 2 2 4 4 4 2
 60 60 35 32 32 25 27 27 14 14 12 11 11 13 20 20 31 31 30 25 25 22 16 16 4 4 3 1 1 1 1 1 1 1 2 3 3 1 1 1 1 1 1 1 1 1
 59 59 54 35 35 34 19 19 17 17 13 8 8 11 14 14 23 23 31 18 18 23 16 16 10 10 7 4 4 3 2 2 2 2 2 2 2 0 0 0 0 0 0 0 0 0
 59 59 54 35 35 34 19 19 17 17 13 8 8 11 14 14 23 23 31 18 18 23 16 16 10 10 7 4 4 3 2 2 2 2 2 2 2 0 0 0 0 0 0 0 0 0
 40 40 53 27 27 24 14 14 16 16 14 9 9 9 11 11 18 18 25 24 24 25 19 19 14 14 7 2 2 3 1 1 1 1 0 0 0 0 0 0 0 0 0 0 0 0
 40 40 53 27 27 24 14 14 16 16 14 9 9 9 11 11 18 18 25 24 24 25 19 19 14 14 7 2 2 3 1 1 1 1 0 0 0 0 0 0 0 0 0 0 0 0
 22 22 34 29 29 24 15 15 14 14 14 10 10 10 12 12 18 18 26 34 34 25 20 20 6 6 5 3 3 1 1 1 1 1 0 1 1 1 0 0 1 1 0 0 0 0
 14 14 15 19 19 15 16 16 18 18 14 12 12 13 15 15 26 26 30 50 50 15 13 13 8 8 5 9 9 8 2 2 3 3 1 1 1 2 1 1 3 3 1 1 1 3
 14 14 15 19 19 15 16 16 18 18 14 12 12 13 15 15 26 26 30 50 50 15 13 13 8 8 5 9 9 8 2 2 3 3 1 1 1 2 1 1 3 3 1 1 1 3
 8 8 9 17 17 22 26 26 22 22 21 17 17 20 15 15 23 23 32 28 28 39 42 42 33 33 25 16 16 10 24 24 6 6 4 4 4 4 4 4 3 3 1 1 1 3
 7 7 7 12 12 15 29 29 22 22 22 17 17 15 13 13 31 31 33 35 35 44 45 45 41 41 33 30 30 28 27 27 8 8 13 5 5 11 11 11 12 12 5 4 4 3
 7 7 7 12 12 15 29 29 22 22 22 17 17 15 13 13 31 31 33 35 35 44 45 45 41 41 33 30 30 28 27 27 8 8 13 5 5 11 11 11 12 12 5 4 4 3
 5 5 7 14 14 18 27 27 36 36 32 12 12 12 11 11 11 11 14 21 21 21 29 29 28 28 36 33 33 27 25 25 13 13 12 13 13 12 14 14 12 12 4 2 2 2
 5 5 7 14 14 18 27 27 36 36 32 12 12 12 11 11 11 11 14 21 21 21 29 29 28 28 36 33 33 27 25 25 13 13 12 13 13 12 14 14 12 12 4 2 2 2
 8 8 7 11 11 16 23 23 31 31 25 10 10 8 12 12 16 16 16 24 24 20 22 22 18 18 21 16 16 22 21 21 11 11 10 4 4 4 5 5 5 5 5 3 3 4
 13 13 10 10 10 12 15 15 29 29 14 7 7 11 12 12 10 10 11 33 33 32 28 28 18 18 12 8 8 8 6 6 3 3 3 2 2 4 4 4 3 3 3 2 2 1
 13 13 10 10 10 12 15 15 29 29 14 7 7 11 12 12 10 10 11 33 33 32 28 28 18 18 12 8 8 8 6 6 3 3 3 2 2 4 4 4 3 3 3 2 2 1
 24 24 12 9 9 8 14 14 10 10 9 9 9 9 9 9 8 8 21 26 26 22 20 20 23 23 19 10 10 5 7 7 5 5 4 2 2 8 2 2 3 3 4 2 2 1
 23 23 18 16 16 16 13 13 9 9 9 12 12 13 13 13 12 12 12 11 11 17 14 14 17 17 19 12 12 11 11 11 11 11 8 8 8 8 3 3 2 2 3 3 3 1
 23 23 18 16 16 16 13 13 9 9 9 12 12 13 13 13 12 12 12 11 11 17 14 14 17 17 19 12 12 11 11 11 11 11 8 8 8 8 3 3 2 2 3 3 3 1
 33 33 25 24 24 21 18 18 15 15 14 15 15 13 14 14 14 14 13 11 11 14 13 13 19 19 16 15 15 11 5 5 4 4 7 8 8 5 3 3 3 3 3 2 2 2
 33 33 25 24 24 21 18 18 15 15 14 15 15 13 14 14 14 14 13 11 11 14 13 13 19 19 16 15 15 11 5 5 4 4 7 8 8 5 3 3 3 3 3 2 2 2
 19 19 26 27 27 21 18 18 22 22 18 15 15 17 13 13 15 15 14 13 13 9 4 4 4 4 6 10 10 8 7 7 4 4 4 4 4 4 3 3 4 4 3 3 3 1
 18 18 21 17 17 18 18 18 32 32 29 23 23 19 15 15 16 16 15 11 11 11 14 14 13 13 9 11 11 12 7 7 5 5 3 4 4 4 5 5 6 6 8 4 4 1
 18 18 21 17 17 18 18 18 32 32 29 23 23 19 15 15 16 16 15 11 11 11 14 14 13 13 9 11 11 12 7 7 5 5 3 4 4 4 5 5 6 6 8 4 4 1
 31 31 22 19 19 22 26 26 37 37 44 23 23 23 17 17 18 18 15 13 13 12 9 9 15 15 10 11 11 13 11 11 10 10 9 7 7 7 7 7 7 7 6 4 4 1
 32 32 24 22 22 26 30 30 38 38 35 29 29 26 22 22 22 22 19 15 15 14 12 12 10 10 11 8 8 16 13 13 11 11 12 6 6 6 6 6 6 6 8 3 3 1
 32 32 24 22 22 26 30 30 38 38 35 29 29 26 22 22 22 22 19 15 15 14 12 12 10 10 11 8 8 16 13 13 11 11 12 6 6 6 6 6 6 6 8 3 3 1
 32 32 20 21 21 26 31 31 30 30 37 40 40 33 49 49 43 43 36 27 27 26 23 23 10 10 9 7 7 8 7 7 7 7 6 4 4 4 3 3 4 4 6 1 1 0
 32 32 20 21 21 26 31 31 30 30 37 40 40 33 49 49 43 43 36 27 27 26 23 23 10 10 9 7 7 8 7 7 7 7 6 4 4 4 3 3 4 4 6 1 1 0
 20 20 21 22 22 28 28 28 25 25 27 37 37 31 60 60 43 43 36 25 25 28 16 16 13 13 11 9 9 6 7 7 10 10 5 7 7 5 3 3 5 5 3 1 1 0
 20 20 17 17 17 18 18 18 19 19 25 34 34 24 22 22 21 21 20 18 18 25 17 17 16 16 18 17 17 7 8 8 13 13 10 7 7 5 4 4 5 5 2 0 0 0
 20 20 17 17 17 18 18 18 19 19 25 34 34 24 22 22 21 21 20 18 18 25 17 17 16 16 18 17 17 7 8 8 13 13 10 7 7 5 4 4 5 5 2 0 0 0
 15 15 15 16 16 14 13 13 19 19 25 33 33 29 17 17 13 13 12 16 16 15 10 10 13 13 19 19 19 17 11 11 13 13 14 8 8 2 4 4 5 5 1 0 0 0
 9 9 10 11 11 13 13 13 21 21 22 39 39 26 16 16 13 13 10 10 10 9 7 7 8 8 10 10 10 10 17 17 9 9 9 4 4 2 3 3 3 3 1 1 1 1
 9 9 10 11 11 13 13 13 21 21 22 39 39 26 16 16 13 13 10 10 10 9 7 7 8 8 10 10 10 10 17 17 9 9 9 4 4 2 3 3 3 3 1 1 1 1
 13 13 12 11 11 9 14 14 33 33 22 25 25 21 11 11 10 10 6 8 8 5 5 5 5 5 5 5 5 5 4 4 8 8 8 7 7 4 3 3 2 2 2 2 2 2
 13 13 12 11 11 9 14 14 33 33 22 25 25 21 11 11 10 10 6 8 8 5 5 5 5 5 5 5 5 5 4 4 8 8 8 7 7 4 3 3 2 2 2 2 2 2
 16 16 13 10 10 10 30 30 32 32 16 14 14 11 9 9 9 9 5 3 3 2 2 2 2 2 1 4 4 4 3 3 9 9 9 10 10 4 7 7 2 2 1 1 1 1
 25 25 14 13 13 12 30 30 18 18 8 6 6 4 7 7 5 5 4 2 2 2 3 3 2 2 1 2 2 3 4 4 5 5 9 20 20 5 4 4 3 3 3 6 6 3
 25 25 14 13 13 12 30 30 18 18 8 6 6 4 7 7 5 5 4 2 2 2 3 3 2 2 1 2 2 3 4 4 5 5 9 20 20 5 4 4 3 3 3 6 6 3
 18 18 13 10 10 14 17 17 6 6 8 6 6 6 2 2 2 2 4 2 2 2 2 2 1 1 2 2 2 3 4 4 6 6 10 5 5 6 5 5 7 7 6 6 6 5
 47 47 31 9 9 8 5 5 2 2 2 2 2 5 2 2 1 1 1 1 1 1 2 2 2 2 3 3 3 4 5 5 6 6 9 8 8 5 11 11 7 7 6 7 7 3
