assets/RAT_results/precipitation/2023-08-31_IMERG.asc
ncols        46
nrows        77
xllcorner    74.800261325624
yllcorner    8.058333333333
cellsize     0.062500000000
NODATA_value -9999
 4 4 5 6 6 5 5 5 4 4 3 2 2 1 1 1 2 2 2 3 3 5 7 7 8 8 9 11 11 17 13 13 34 34 45 39 39 34 34 34 37 37 34 34 34 24
 4 4 6 8 8 8 9 9 9 9 8 6 6 4 3 3 3 3 3 3 3 5 9 9 9 9 9 11 11 18 18 18 35 35 37 33 33 25 14 14 43 43 37 22 22 23
 4 4 6 8 8 8 9 9 9 9 8 6 6 4 3 3 3 3 3 3 3 5 9 9 9 9 9 11 11 18 18 18 35 35 37 33 33 25 14 14 43 43 37 22 22 23
 5 5 7 8 8 9 10 10 12 12 13 11 11 9 6 6 4 4 3 4 4 5 8 8 10 10 7 7 7 9 12 12 18 18 22 31 31 34 19 19 16 16 18 23 23 30
 3 3 6 7 7 8 9 9 11 11 11 10 10 10 8 8 5 5 4 5 5 5 5 5 8 8 5 4 4 5 8 8 17 17 25 24 24 25 22 22 14 14 7 25 25 26
 3 3 6 7 7 8 9 9 11 11 11 10 10 10 8 8 5 5 4 5 5 5 5 5 8 8 5 4 4 5 8 8 17 17 25 24 24 25 22 22 14 14 7 25 25 26
 1 1 1 4 4 5 7 7 9 9 9 9 9 9 8 8 6 6 6 6 6 5 5 5 5 5 4 3 3 5 5 5 6 6 18 20 20 16 57 57 29 29 15 14 14 9
 1 1 1 4 4 5 7 7 9 9 9 9 9 9 8 8 6 6 6 6 6 5 5 5 5 5 4 3 3 5 5 5 6 6 18 20 20 16 57 57 29 29 15 14 14 9
 2 2 1 4 4 5 6 6 8 8 8 7 7 6 7 7 7 7 8 6 6 4 5 5 6 6 2 1 1 2 2 2 4 4 10 9 9 22 63 63 50 50 31 21 21 26
 2 2 1 3 3 4 6 6 8 8 9 6 6 4 4 4 5 5 6 6 6 5 5 5 8 8 6 1 1 1 1 1 4 4 18 14 14 10 23 23 65 65 29 15 15 30
 2 2 1 3 3 4 6 6 8 8 9 6 6 4 4 4 5 5 6 6 6 5 5 5 8 8 6 1 1 1 1 1 4 4 18 14 14 10 23 23 65 65 29 15 15 30
 2 2 1 2 2 3 4 4 6 6 6 4 4 3 3 3 3 3 3 3 3 3 5 5 5 5 5 1 1 1 1 1 2 2 6 12 12 11 10 10 5 5 15 11 11 25
 2 2 1 1 1 2 4 4 4 4 4 3 3 2 2 2 2 2 2 3 3 3 3 3 3 3 2 1 1 1 1 1 1 1 2 9 9 6 11 11 16 16 15 6 6 19
 2 2 1 1 1 2 4 4 4 4 4 3 3 2 2 2 2 2 2 3 3 3 3 3 3 3 2 1 1 1 1 1 1 1 2 9 9 6 11 11 16 16 15 6 6 19
 2 2 2 2 2 1 2 2 2 2 2 1 1 2 2 2 2 2 2 4 4 4 2 2 2 2 1 1 1 1 1 1 1 1 2 8 8 9 11 11 13 13 35 11 11 10
 2 2 2 2 2 1 2 2 2 2 2 1 1 2 2 2 2 2 2 4 4 4 2 2 2 2 1 1 1 1 1 1 1 1 2 8 8 9 11 11 13 13 35 11 11 10
 1 1 1 1 1 1 0 0 1 1 1 1 1 2 2 2 2 2 3 3 3 4 4 4 4 4 2 1 1 1 1 1 1 1 1 2 2 8 14 14 13 13 17 26 26 14
 2 2 1 1 1 1 1 1 1 1 1 1 1 2 2 2 3 3 4 5 5 5 5 5 3 3 2 2 2 4 6 6 4 4 3 2 2 4 9 9 20 20 19 36 36 33
 2 2 1 1 1 1 1 1 1 1 1 1 1 2 2 2 3 3 4 5 5 5 5 5 3 3 2 2 2 4 6 6 4 4 3 2 2 4 9 9 20 20 19 36 36 33
 2 2 2 2 2 2 1 1 0 0 0 1 1 2 2 2 3 3 3 3 3 3 4 4 4 4 2 2 2 4 5 5 10 10 4 4 4 6 9 9 16 16 26 30 30 44
 3 3 2 2 2 2 2 2 0 0 1 1 1 1 2 2 3 3 3 2 2 4 5 5 5 5 3 2 2 8 12 12 13 13 7 6 6 5 26 26 30 30 30 22 22 29
 3 3 2 2 2 2 2 2 0 0 1 1 1 1 2 2 3 3 3 2 2 4 5 5 5 5 3 2 2 8 12 12 13 13 7 6 6 5 26 26 30 30 30 22 22 29
 1 1 1 1 1 1 1 1 2 2 2 1 1 1 1 1 1 1 1 1 1 2 4 4 4 4 4 4 4 10 16 16 18 18 17 15 15 18 26 26 21 21 18 14 14 18
 1 1 1 1 1 1 1 1 2 2 2 1 1 1 1 1 1 1 1 1 1 2 4 4 4 4 4 4 4 10 16 16 18 18 17 15 15 18 26 26 21 21 18 14 14 18
 1 1 1 1 1 2 1 1 1 1 1 0 0 0 0 0 1 1 1 1 1 1 2 2 2 2 6 5 5 15 16 16 25 25 20 17 17 21 23 23 18 18 15 7 7 6
 1 1 1 1 1 2 1 1 2 2 2 0 0 0 0 0 1 1 1 1 1 1 1 1 1 1 1 3 3 7 14 14 14 14 20 16 16 21 22 22 16 16 4 4 4 7
 1 1 1 1 1 2 1 1 2 2 2 0 0 0 0 0 1 1 1 1 1 1 1 1 1 1 1 3 3 7 14 14 14 14 20 16 16 21 22 22 16 16 4 4 4 7
 1 1 1 1 1 1 1 1 2 2 2 0 0 0 0 0 1 1 1 1 1 0 1 1 1 1 1 3 3 3 6 6 5 5 5 6 6 8 10 10 10 10 8 7 7 8
 2 2 2 1 1 1 1 1 1 1 2 1 1 1 0 0 0 0 0 1 1 0 0 0 1 1 0 0 0 1 2 2 2 2 2 2 2 3 6 6 7 7 6 8 8 13
 2 2 2 1 1 1 1 1 1 1 2 1 1 1 0 0 0 0 0 1 1 0 0 0 1 1 0 0 0 1 2 2 2 2 2 2 2 3 6 6 7 7 6 8 8 13
 2 2 2 2 2 1 1 1 1 1 1 1 1 1 1 1 0 0 0 1 1 1 1 1 1 1 1 0 0 0 1 1 1 1 1 1 1 2 3 3 5 5 5 8 8 11
 2 2 2 2 2 1 1 1 1 1 1 1 1 1 1 1 0 0 0 1 1 1 1 1 1 1 1 0 0 0 1 1 1 1 1 1 1 2 3 3 5 5 5 8 8 11
 2 2 2 1 1 2 1 1 1 1 1 1 1 1 1 1 1 1 1 1 1 1 1 1 1 1 1 0 0 0 1 1 1 1 1 1 1 1 2 2 3 3 6 12 12 11
 2 2 3 3 3 2 1 1 1 1 2 1 1 1 1 1 1 1 1 1 1 1 1 1 1 1 1 1 1 1 1 1 1 1 1 1 1 1 2 2 3 3 4 6 6 9
 2 2 3 3 3 2 1 1 1 1 2 1 1 1 1 1 1 1 1 1 1 1 1 1 1 1 1 1 1 1 1 1 1 1 1 1 1 1 2 2 3 3 4 6 6 9
 1 1 2 3 3 4 1 1 2 2 2 3 3 2 1 1 1 1 2 1 1 1 1 1 1 1 1 2 2 2 3 3 2 2 2 2 2 2 3 3 5 5 5 6 6 8
 1 1 2 3 3 4 3 3 3 3 3 4 4 4 4 4 4 4 4 3 3 2 1 1 1 1 2 2 2 3 2 2 5 5 5 3 3 2 2 2 3 3 4 6 6 6
 1 1 2 3 3 4 3 3 3 3 3 4 4 4 4 4 4 4 4 3 3 2 1 1 1 1 2 2 2 3 2 2 5 5 5 3 3 2 2 2 3 3 4 6 6 6
 1 1 1 2 2 3 2 2 3 3 2 3 3 4 4 4 5 5 5 6 6 5 2 2 2 2 2 2 2 2 2 2 5 5 5 3 3 3 2 2 2 2 4 4 4 5
 1 1 1 2 2 3 2 2 3 3 2 3 3 4 4 4 5 5 5 6 6 5 2 2 2 2 2 2 2 2 2 2 5 5 5 3 3 3 2 2 2 2 4 4 4 5
 1 1 1 1 1 2 2 2 2 2 3 2 2 4 4 4 4 4 4 7 7 9 5 5 3 3 2 2 2 1 2 2 3 3 2 5 5 6 4 4 2 2 4 5 5 10
 1 1 1 2 2 2 3 3 2 2 2 2 2 3 2 2 2 2 2 4 4 7 5 5 4 4 4 3 3 2 3 3 4 4 2 3 3 4 3 3 4 4 5 6 6 8
 1 1 1 2 2 2 3 3 2 2 2 2 2 3 2 2 2 2 2 4 4 7 5 5 4 4 4 3 3 2 3 3 4 4 2 3 3 4 3 3 4 4 5 6 6 8
 1 1 1 2 2 3 3 3 2 2 2 3 3 2 2 2 1 1 2 2 2 3 3 3 3 3 4 5 5 4 5 5 5 5 4 5 5 4 4 4 5 5 5 4 4 5
 1 1 1 1 1 1 1 1 2 2 1 2 2 2 2 2 1 1 1 2 2 2 3 3 3 3 4 4 4 4 4 4 6 6 7 4 4 5 7 7 7 7 6 6 6 5
 1 1 1 1 1 1 1 1 2 2 1 2 2 2 2 2 1 1 1 2 2 2 3 3 3 3 4 4 4 4 4 4 6 6 7 4 4 5 7 7 7 7 6 6 6 5
 1 1 1 1 1 1 1 1 1 1 1 2 2 2 1 1 2 2 2 1 1 1 2 2 3 3 4 5 5 6 6 6 8 8 8 8 8 9 11 11 9 9 8 8 8 7
 1 1 1 1 1 1 1 1 1 1 1 2 2 2 1 1 2 2 2 1 1 1 2 2 3 3 4 5 5 6 6 6 8 8 8 8 8 9 11 11 9 9 8 8 8 7
 1 1 1 1 1 1 1 1 1 1 2 2 2 2 2 2 2 2 2 1 1 1 1 1 2 2 6 8 8 9 10 10 10 10 12 12 12 12 13 13 12 12 12 13 13 12
 3 3 2 2 2 2 1 1 1 1 2 2 2 2 3 3 2 2 2 1 1 2 2 2 2 2 4 5 5 8 8 8 7 7 10 15 15 15 15 15 14 14 15 19 19 17
 3 3 2 2 2 2 1 1 1 1 2 2 2 2 3 3 2 2 2 1 1 2 2 2 2 2 4 5 5 8 8 8 7 7 10 15 15 15 15 15 14 14 15 19 19 17
 2 2 2 2 2 2 1 1 1 1 2 3 3 2 3 3 3 3 2 2 2 2 3 3 3 3 4 7 7 6 7 7 7 7 9 14 14 16 15 15 17 17 17 23 23 20
 2 2 3 4 4 4 3 3 3 3 3 2 2 2 3 3 3 3 3 3 3 3 3 3 4 4 2 6 6 3 4 4 5 5 5 7 7 16 18 18 20 20 21 18 18 16
 2 2 3 4 4 4 3 3 3 3 3 2 2 2 3 3 3 3 3 3 3 3 3 3 4 4 2 6 6 3 4 4 5 5 5 7 7 16 18 18 20 20 21 18 18 16
 2 2 2 2 2 4 3 3 4 4 4 4 4 3 3 3 4 4 4 3 3 3 3 3 7 7 6 12 12 6 3 3 8 8 6 5 5 8 13 13 16 16 12 5 5 3
 2 2 2 2 2 4 3 3 4 4 4 4 4 3 3 3 4 4 4 3 3 3 3 3 7 7 6 12 12 6 3 3 8 8 6 5 5 8 13 13 16 16 12 5 5 3
 2 2 2 2 2 2 2 2 4 4 4 4 4 3 4 4 4 4 4 3 3 3 3 3 11 11 9 12 12 11 7 7 7 7 5 5 5 7 11 11 12 12 4 1 1 0
 4 4 4 2 2 2 3 3 4 4 5 4 4 4 3 3 4 4 6 4 4 3 3 3 5 5 16 17 17 17 16 16 8 8 3 3 3 5 6 6 4 4 1 1 1 0
 4 4 4 2 2 2 3 3 4 4 5 4 4 4 3 3 4 4 6 4 4 3 3 3 5 5 16 17 17 17 16 16 8 8 3 3 3 5 6 6 4 4 1 1 1 0
 3 3 3 2 2 2 3 3 4 4 5 5 5 5 5 5 5 5 5 4 4 5 5 5 17 17 10 7 7 7 5 5 6 6 8 6 6 5 9 9 8 8 4 3 3 2
 2 2 2 2 2 2 4 4 4 4 4 5 5 5 5 5 5 5 6 5 5 5 6 6 3 3 4 4 4 3 6 6 3 3 4 10 10 6 8 8 10 10 13 15 15 9
 2 2 2 2 2 2 4 4 4 4 4 5 5 5 5 5 5 5 6 5 5 5 6 6 3 3 4 4 4 3 6 6 3 3 4 10 10 6 8 8 10 10 13 15 15 9
 2 2 2 2 2 2 4 4 4 4 4 4 4 5 5 5 6 6 6 5 5 6 5 5 3 3 3 4 4 4 7 7 6 6 2 3 3 6 3 3 5 5 7 10 10 8
 2 2 2 2 2 2 4 4 4 4 4 4 4 5 5 5 6 6 6 5 5 6 5 5 3 3 3 4 4 4 7 7 6 6 2 3 3 6 3 3 5 5 7 10 10 8
 2 2 2 2 2 2 4 4 4 4 4 3 3 4 5 5 6 6 7 7 7 7 6 6 4 4 6 6 6 7 6 6 5 5 2 2 2 2 2 2 2 2 5 5 5 3
 3 3 4 4 4 4 4 4 4 4 3 3 3 3 4 4 4 4 5 6 6 7 5 5 5 5 20 20 20 8 8 8 5 5 6 3 3 2 4 4 3 3 2 3 3 2
 3 3 4 4 4 4 4 4 4 4 3 3 3 3 4 4 4 4 5 6 6 7 5 5 5 5 20 20 20 8 8 8 5 5 6 3 3 2 4 4 3 3 2 3 3 2
 4 4 6 5 5 5 7 7 7 7 4 4 4 3 3 3 3 3 5 6 6 6 9 9 5 5 22 19 19 5 6 6 4 4 5 5 5 5 6 6 10 10 4 1 1 1
 9 9 9 7 7 12 9 9 8 8 5 4 4 4 4 4 4 4 4 5 5 5 5 5 5 5 4 3 3 48 14 14 8 8 11 6 6 10 11 11 5 5 6 1 1 1
 9 9 9 7 7 12 9 9 8 8 5 4 4 4 4 4 4 4 4 5 5 5 5 5 5 5 4 3 3 48 14 14 8 8 11 6 6 10 11 11 5 5 6 1 1 1
 10 10 11 10 10 12 10 10 8 8 6 5 5 5 5 5 4 4 5 5 5 5 6 6 6 6 5 5 5 3 41 41 39 39 16 12 12 14 10 10 9 9 11 8 8 0
 10 10 11 10 10 12 10 10 8 8 6 5 5 5 5 5 4 4 5 5 5 5 6 6 6 6 5 5 5 3 41 41 39 39 16 12 12 14 10 10 9 9 11 8 8 0
 9 9 10 11 11 14 13 13 12 12 10 8 8 8 7 7 7 7 6 6 6 6 7 7 7 7 5 6 6 4 7 7 5 5 4 5 5 4 11 11 9 9 6 7 7 0
 8 8 9 13 13 14 14 14 14 14 12 10 10 11 11 11 10 10 8 7 7 5 7 7 9 9 9 6 6 4 3 3 5 5 6 5 5 1 3 3 9 9 6 7 7 0
 8 8 9 13 13 14 14 14 14 14 12 10 10 11 11 11 10 10 8 7 7 5 7 7 9 9 9 6 6 4 3 3 5 5 6 5 5 1 3 3 9 9 6 7 7 0
 11 11 7 16 16 14 13 13 14 14 14 14 14 13 14 14 12 12 11 9 9 8 10 10 9 9 10 9 9 5 4 4 5 5 0 0 0 0 0 0 0 0 0 0 0 0
 16 16 10 12 12 14 13 13 12 12 15 16 16 16 16 16 15 15 14 11 11 11 14 14 12 12 9 10 10 12 10 10 5 5 2 2 2 0 1 1 0 0 0 0 0 0
