assets/RAT_results/precipitation/2023-03-24_IMERG.asc
ncols        46
nrows        77
xllcorner    74.800261325624
yllcorner    8.058333333333
cellsize     0.062500000000
NODATA_value -9999
 0 0 0 0 0 0 0 0 0 0 0 0 0 0 0 0 1 1 1 1 1 1 1 1 0 0 0 0 0 0 3 3 2 2 1 1 1 1 1 1 0 0 0 0 0 0
 0 0 0 0 0 0 0 0 0 0 0 0 0 0 2 2 3 3 1 1 1 1 0 0 0 0 0 0 0 0 0 0 0 0 0 0 0 0 0 0 0 0 0 0 0 1
 0 0 0 0 0 0 0 0 0 0 0 0 0 0 2 2 3 3 1 1 1 1 0 0 0 0 0 0 0 0 0 0 0 0 0 0 0 0 0 0 0 0 0 0 0 1
 0 0 0 0 0 0 0 0 0 0 0 0 0 1 3 3 3 3 2 2 2 2 1 1 0 0 1 1 1 0 0 0 0 0 0 1 1 1 0 0 0 0 1 1 1 1
 0 0 0 0 0 0 0 0 0 0 1 3 3 4 3 3 4 4 5 3 3 1 1 1 1 1 1 1 1 0 0 0 1 1 1 1 1 1 0 0 0 0 1 1 1 1
 0 0 0 0 0 0 0 0 0 0 1 3 3 4 3 3 4 4 5 3 3 1 1 1 1 1 1 1 1 0 0 0 1 1 1 1 1 1 0 0 0 0 1 1 1 1
 0 0 0 0 0 0 0 0 1 1 3 6 6 6 4 4 4 4 4 2 2 1 0 0 1 1 2 1 1 0 0 0 1 1 1 1 1 1 0 0 0 0 0 0 0 1
 0 0 0 0 0 0 0 0 1 1 3 6 6 6 4 4 4 4 4 2 2 1 0 0 1 1 2 1 1 0 0 0 1 1 1 1 1 1 0 0 0 0 0 0 0 1
 0 0 0 0 0 0 1 1 3 3 5 5 5 5 5 5 3 3 1 1 1 1 0 0 0 0 1 1 1 0 0 0 1 1 3 4 4 3 1 1 1 1 0 0 0 0
 0 0 0 0 0 0 2 2 4 4 4 3 3 2 2 2 1 1 0 0 0 0 0 0 1 1 1 1 1 0 0 0 1 1 5 12 12 10 2 2 1 1 0 0 0 0
 0 0 0 0 0 0 2 2 4 4 4 3 3 2 2 2 1 1 0 0 0 0 0 0 1 1 1 1 1 0 0 0 1 1 5 12 12 10 2 2 1 1 0 0 0 0
 0 0 0 0 0 0 1 1 2 2 1 0 0 1 1 1 0 0 0 0 0 0 0 0 0 0 0 0 0 0 0 0 1 1 5 14 14 17 11 11 6 6 1 0 0 0
 0 0 0 0 0 0 0 0 1 1 0 0 0 0 0 0 0 0 0 0 0 0 0 0 0 0 0 0 0 0 0 0 0 0 1 8 8 15 20 20 12 12 4 1 1 0
 0 0 0 0 0 0 0 0 1 1 0 0 0 0 0 0 0 0 0 0 0 0 0 0 0 0 0 0 0 0 0 0 0 0 1 8 8 15 20 20 12 12 4 1 1 0
 0 0 0 0 0 0 1 1 1 1 1 0 0 0 0 0 0 0 0 0 0 1 1 1 0 0 0 0 0 0 0 0 0 0 0 4 4 11 19 19 15 15 9 4 4 2
 0 0 0 0 0 0 1 1 1 1 1 0 0 0 0 0 0 0 0 0 0 1 1 1 0 0 0 0 0 0 0 0 0 0 0 4 4 11 19 19 15 15 9 4 4 2
 0 0 0 0 0 1 1 1 0 0 0 0 0 0 0 0 0 0 0 0 0 2 3 3 2 2 1 1 1 1 1 1 1 1 1 1 1 5 14 14 21 21 14 8 8 11
 1 1 2 2 2 1 1 1 0 0 0 0 0 1 2 2 1 1 1 0 0 1 2 2 3 3 3 3 3 4 3 3 3 3 2 1 1 2 9 9 17 17 15 12 12 15
 1 1 2 2 2 1 1 1 0 0 0 0 0 1 2 2 1 1 1 0 0 1 2 2 3 3 3 3 3 4 3 3 3 3 2 1 1 2 9 9 17 17 15 12 12 15
 0 0 1 1 1 0 0 0 0 0 1 1 1 2 5 5 6 6 5 3 3 1 2 2 3 3 5 6 6 7 7 7 6 6 4 3 3 2 4 4 6 6 11 13 13 19
 0 0 0 0 0 0 0 0 1 1 2 3 3 5 8 8 13 13 18 17 17 5 2 2 3 3 6 9 9 10 10 10 10 10 9 7 7 5 4 4 4 4 8 12 12 14
 0 0 0 0 0 0 0 0 1 1 2 3 3 5 8 8 13 13 18 17 17 5 2 2 3 3 6 9 9 10 10 10 10 10 9 7 7 5 4 4 4 4 8 12 12 14
 0 0 0 0 0 0 1 1 1 1 3 4 4 6 8 8 11 11 16 20 20 10 4 4 5 5 10 13 13 13 14 14 16 16 15 13 13 10 7 7 4 4 4 7 7 10
 0 0 0 0 0 0 1 1 1 1 3 4 4 6 8 8 11 11 16 20 20 10 4 4 5 5 10 13 13 13 14 14 16 16 15 13 13 10 7 7 4 4 4 7 7 10
 0 0 0 0 0 1 1 1 1 1 3 4 4 6 8 8 10 10 17 19 19 13 8 8 8 8 13 17 17 19 17 17 18 18 20 18 18 15 10 10 6 6 3 5 5 6
 0 0 0 1 1 2 2 2 2 2 2 4 4 4 5 5 6 6 12 17 17 16 12 12 12 12 14 15 15 21 24 24 20 20 19 19 19 20 17 17 9 9 4 4 4 4
 0 0 0 1 1 2 2 2 2 2 2 4 4 4 5 5 6 6 12 17 17 16 12 12 12 12 14 15 15 21 24 24 20 20 19 19 19 20 17 17 9 9 4 4 4 4
 0 0 0 1 1 1 1 1 2 2 3 5 5 5 3 3 4 4 6 12 12 18 17 17 16 16 13 11 11 14 16 16 18 18 19 19 19 20 18 18 11 11 12 12 12 7
 0 0 0 1 1 1 1 1 1 1 3 6 6 6 5 5 6 6 6 10 10 17 22 22 18 18 12 8 8 11 10 10 10 10 13 16 16 16 17 17 13 13 13 13 13 11
 0 0 0 1 1 1 1 1 1 1 3 6 6 6 5 5 6 6 6 10 10 17 22 22 18 18 12 8 8 11 10 10 10 10 13 16 16 16 17 17 13 13 13 13 13 11
 0 0 0 0 0 1 0 0 0 0 1 3 3 3 4 4 5 5 6 7 7 13 22 22 27 27 23 12 12 7 7 7 6 6 8 12 12 16 11 11 12 12 14 22 22 22
 0 0 0 0 0 1 0 0 0 0 1 3 3 3 4 4 5 5 6 7 7 13 22 22 27 27 23 12 12 7 7 7 6 6 8 12 12 16 11 11 12 12 14 22 22 22
 1 1 2 1 1 1 0 0 0 0 0 2 2 2 2 2 4 4 5 5 5 9 19 19 33 33 40 25 25 9 7 7 7 7 9 10 10 14 12 12 14 14 15 18 18 18
 4 4 6 5 5 2 0 0 0 0 1 2 2 2 3 3 5 5 7 7 7 9 17 17 31 31 57 56 56 29 15 15 10 10 11 13 13 16 14 14 7 7 6 16 16 16
 4 4 6 5 5 2 0 0 0 0 1 2 2 2 3 3 5 5 7 7 7 9 17 17 31 31 57 56 56 29 15 15 10 10 11 13 13 16 14 14 7 7 6 16 16 16
 2 2 3 4 4 3 1 1 1 1 1 1 1 2 5 5 8 8 12 11 11 12 17 17 25 25 40 61 61 64 44 44 20 20 12 13 13 17 16 16 8 8 3 1 1 0
 1 1 2 3 3 5 4 4 4 4 4 2 2 3 6 6 12 12 15 20 20 18 21 21 26 26 35 50 50 82 86 86 56 56 26 11 11 10 12 12 7 7 1 0 0 0
 1 1 2 3 3 5 4 4 4 4 4 2 2 3 6 6 12 12 15 20 20 18 21 21 26 26 35 50 50 82 86 86 56 56 26 11 11 10 12 12 7 7 1 0 0 0
 1 1 1 1 1 3 5 5 7 7 14 8 8 7 8 8 13 13 18 27 27 26 26 26 29 29 36 46 46 61 70 70 65 65 41 12 12 7 14 14 10 10 2 0 0 0
 1 1 1 1 1 3 5 5 7 7 14 8 8 7 8 8 13 13 18 27 27 26 26 26 29 29 36 46 46 61 70 70 65 65 41 12 12 7 14 14 10 10 2 0 0 0
 1 1 1 1 1 1 1 1 4 4 10 10 10 10 12 12 15 15 18 30 30 36 39 39 38 38 44 49 49 57 59 59 62 62 50 17 17 9 10 10 8 8 2 0 0 0
 1 1 2 1 1 0 0 0 2 2 5 8 8 11 14 14 20 20 23 26 26 41 51 51 55 55 55 52 52 60 73 73 71 71 55 24 24 26 13 13 8 8 2 1 1 0
 1 1 2 1 1 0 0 0 2 2 5 8 8 11 14 14 20 20 23 26 26 41 51 51 55 55 55 52 52 60 73 73 71 71 55 24 24 26 13 13 8 8 2 1 1 0
 1 1 1 1 1 0 0 0 2 2 3 5 5 9 15 15 22 22 26 33 33 48 61 61 66 66 61 56 56 61 76 76 83 83 64 33 33 23 16 16 5 5 5 1 1 1
 0 0 1 1 1 0 0 0 1 1 3 5 5 8 14 14 23 23 29 40 40 54 80 80 79 79 69 57 57 54 65 65 78 78 78 57 57 36 17 17 8 8 8 4 4 3
 0 0 1 1 1 0 0 0 1 1 3 5 5 8 14 14 23 23 29 40 40 54 80 80 79 79 69 57 57 54 65 65 78 78 78 57 57 36 17 17 8 8 8 4 4 3
 0 0 0 0 0 0 1 1 2 2 3 5 5 7 12 12 19 19 27 41 41 58 73 73 95 95 90 77 77 70 73 73 81 81 81 67 67 45 19 19 9 9 9 7 7 8
 0 0 0 0 0 0 1 1 2 2 3 5 5 7 12 12 19 19 27 41 41 58 73 73 95 95 90 77 77 70 73 73 81 81 81 67 67 45 19 19 9 9 9 7 7 8
 0 0 0 0 0 1 1 1 2 2 3 4 4 8 13 13 19 19 26 35 35 45 66 66 92 92 96 102 102 112 123 123 114 114 91 67 67 33 21 21 9 9 16 10 10 10
 0 0 0 1 1 1 2 2 3 3 3 4 4 7 12 12 20 20 27 33 33 42 54 54 76 76 88 104 104 118 137 137 137 137 116 76 76 36 22 22 8 8 15 18 18 12
 0 0 0 1 1 1 2 2 3 3 3 4 4 7 12 12 20 20 27 33 33 42 54 54 76 76 88 104 104 118 137 137 137 137 116 76 76 36 22 22 8 8 15 18 18 12
 0 0 0 0 0 1 2 2 4 4 4 5 5 6 10 10 19 19 26 34 34 42 46 46 62 62 73 87 87 107 130 130 145 145 148 110 110 62 21 21 9 9 13 14 14 15
 0 0 0 0 0 0 1 1 3 3 6 5 5 7 10 10 15 15 23 32 32 40 44 44 58 58 64 66 66 85 96 96 117 117 137 128 128 84 31 31 12 12 12 5 5 3
 0 0 0 0 0 0 1 1 3 3 6 5 5 7 10 10 15 15 23 32 32 40 44 44 58 58 64 66 66 85 96 96 117 117 137 128 128 84 31 31 12 12 12 5 5 3
 0 0 0 0 0 0 0 0 1 1 3 3 3 6 9 9 13 13 20 25 25 34 40 40 56 56 67 66 66 65 72 72 87 87 109 110 110 77 30 30 14 14 9 5 5 1
 0 0 0 0 0 0 0 0 1 1 3 3 3 6 9 9 13 13 20 25 25 34 40 40 56 56 67 66 66 65 72 72 87 87 109 110 110 77 30 30 14 14 9 5 5 1
 0 0 0 0 0 0 0 0 0 0 1 2 2 5 9 9 16 16 19 23 23 32 37 37 52 52 67 72 72 76 77 77 86 86 93 70 70 49 32 32 22 22 14 6 6 2
 0 0 1 1 1 0 0 0 0 0 0 1 1 4 8 8 15 15 18 21 21 30 36 36 40 40 63 68 68 77 81 81 91 91 89 53 53 34 28 28 29 29 22 10 10 4
 0 0 1 1 1 0 0 0 0 0 0 1 1 4 8 8 15 15 18 21 21 30 36 36 40 40 63 68 68 77 81 81 91 91 89 53 53 34 28 28 29 29 22 10 10 4
 1 1 1 1 1 1 0 0 1 1 0 1 1 2 4 4 10 10 16 19 19 27 32 32 34 34 50 58 58 67 75 75 81 81 80 49 49 25 21 21 31 31 30 17 17 6
 1 1 1 1 1 1 2 2 2 2 2 2 2 2 3 3 6 6 11 14 14 18 23 23 28 28 31 41 41 47 54 54 57 57 54 31 31 18 15 15 22 22 27 18 18 5
 1 1 1 1 1 1 2 2 2 2 2 2 2 2 3 3 6 6 11 14 14 18 23 23 28 28 31 41 41 47 54 54 57 57 54 31 31 18 15 15 22 22 27 18 18 5
 3 3 3 2 2 3 2 2 2 2 4 5 5 5 5 5 7 7 9 9 9 7 10 10 14 14 17 21 21 20 24 24 24 24 22 18 18 16 16 16 16 16 16 10 10 2
 3 3 3 2 2 3 2 2 2 2 4 5 5 5 5 5 7 7 9 9 9 7 10 10 14 14 17 21 21 20 24 24 24 24 22 18 18 16 16 16 16 16 16 10 10 2
 4 4 4 3 3 3 1 1 2 2 3 7 7 7 9 9 12 12 11 7 7 3 2 2 3 3 5 5 5 6 6 6 7 7 9 12 12 12 14 14 16 16 10 3 3 0
 6 6 4 3 3 2 1 1 2 2 5 9 9 11 14 14 13 13 6 2 2 1 0 0 1 1 1 1 1 1 1 1 2 2 3 5 5 7 7 7 5 5 2 0 0 0
 6 6 4 3 3 2 1 1 2 2 5 9 9 11 14 14 13 13 6 2 2 1 0 0 1 1 1 1 1 1 1 1 2 2 3 5 5 7 7 7 5 5 2 0 0 0
 4 4 3 2 2 1 1 1 2 2 5 8 8 11 10 10 5 5 2 1 1 1 1 1 1 1 2 2 2 3 3 3 6 6 8 9 9 7 5 5 2 2 0 0 0 0
 1 1 1 1 1 1 1 1 3 3 5 7 7 8 4 4 2 2 1 1 1 1 1 1 1 1 2 4 4 5 8 8 15 15 25 26 26 21 17 17 7 7 1 0 0 0
 1 1 1 1 1 1 1 1 3 3 5 7 7 8 4 4 2 2 1 1 1 1 1 1 1 1 2 4 4 5 8 8 15 15 25 26 26 21 17 17 7 7 1 0 0 0
 1 1 1 1 1 2 2 2 3 3 3 3 3 2 1 1 0 0 0 0 0 1 0 0 1 1 1 2 2 5 9 9 10 10 19 22 22 22 23 23 14 14 2 0 0 0
 1 1 1 1 1 2 2 2 3 3 3 3 3 2 1 1 0 0 0 0 0 1 0 0 1 1 1 2 2 5 9 9 10 10 19 22 22 22 23 23 14 14 2 0 0 0
 2 2 3 4 4 5 4 4 3 3 1 1 1 0 0 0 0 0 0 0 0 0 0 0 0 0 0 1 1 2 3 3 3 3 4 5 5 5 7 7 4 4 1 0 0 0
 6 6 8 9 9 9 7 7 3 3 1 0 0 0 0 0 0 0 0 0 0 0 0 0 0 0 0 0 0 0 0 0 0 0 1 1 1 1 1 1 1 1 0 0 0 0
 6 6 8 9 9 9 7 7 3 3 1 0 0 0 0 0 0 0 0 0 0 0 0 0 0 0 0 0 0 0 0 0 0 0 1 1 1 1 1 1 1 1 0 0 0 0
 7 7 10 11 11 9 4 4 2 2 0 0 0 0 0 0 0 0 0 0 0 0 1 1 0 0 0 0 0 0 0 0 0 0 0 0 0 0 0 0 0 0 0 0 0 0
 6 6 6 5 5 3 1 1 0 0 0 0 0 0 0 0 0 0 0 0 0 0 0 0 0 0 0 0 0 0 0 0 0 0 0 0 0 0 0 0 0 0 0 0 0 0
