assets/RAT_results/precipitation/2023-05-11_IMERG.asc
ncols        46
nrows        77
xllcorner    74.800261325624
yllcorner    8.058333333333
cellsize     0.062500000000
NODATA_value -9999
 62 62 45 50 50 37 28 28 39 39 33 67 67 55 31 31 30 30 36 37 37 36 25 25 22 22 20 17 17 16 10 10 13 13 28 29 29 24 23 23 11 11 4 2 2 1
 61 61 50 57 57 34 33 33 31 31 39 38 38 32 28 28 23 23 35 33 33 35 32 32 33 33 22 26 26 23 22 22 19 19 29 32 32 33 34 34 18 18 9 2 2 0
 61 61 50 57 57 34 33 33 31 31 39 38 38 32 28 28 23 23 35 33 33 35 32 32 33 33 22 26 26 23 22 22 19 19 29 32 32 33 34 34 18 18 9 2 2 0
 72 72 64 72 72 43 33 33 34 34 34 26 26 35 36 36 31 31 29 24 24 26 24 24 26 26 24 21 21 28 28 28 27 27 35 40 40 51 37 37 24 24 17 6 6 1
 78 78 81 70 70 69 45 45 42 42 37 32 32 43 48 48 53 53 55 41 41 31 25 25 23 23 20 21 21 23 28 28 38 38 45 49 49 43 28 28 15 15 15 5 5 1
 78 78 81 70 70 69 45 45 42 42 37 32 32 43 48 48 53 53 55 41 41 31 25 25 23 23 20 21 21 23 28 28 38 38 45 49 49 43 28 28 15 15 15 5 5 1
 79 79 120 80 80 84 48 48 53 53 49 42 42 37 52 52 67 67 59 87 87 28 25 25 15 15 18 22 22 26 30 30 41 41 54 57 57 52 24 24 17 17 7 3 3 1
 79 79 120 80 80 84 48 48 53 53 49 42 42 37 52 52 67 67 59 87 87 28 25 25 15 15 18 22 22 26 30 30 41 41 54 57 57 52 24 24 17 17 7 3 3 1
 72 72 95 63 63 73 49 49 51 51 61 52 52 46 59 59 130 130 136 68 68 40 15 15 13 13 18 23 23 20 24 24 39 39 58 52 52 47 28 28 18 18 2 1 1 0
 72 72 83 59 59 41 38 38 50 50 58 53 53 48 45 45 36 36 41 74 74 31 18 18 19 19 13 13 13 16 22 22 25 25 34 36 36 37 26 26 17 17 4 1 1 1
 72 72 83 59 59 41 38 38 50 50 58 53 53 48 45 45 36 36 41 74 74 31 18 18 19 19 13 13 13 16 22 22 25 25 34 36 36 37 26 26 17 17 4 1 1 1
 97 97 98 40 40 32 44 44 44 44 56 59 59 57 46 46 26 26 25 20 20 25 39 39 10 10 7 9 9 8 8 8 9 9 10 14 14 23 22 22 18 18 12 13 13 4
 87 87 89 27 27 26 38 38 40 40 55 61 61 62 47 47 24 24 15 17 17 14 7 7 4 4 3 9 9 12 10 10 9 9 6 9 9 12 28 28 25 25 21 17 17 6
 87 87 89 27 27 26 38 38 40 40 55 61 61 62 47 47 24 24 15 17 17 14 7 7 4 4 3 9 9 12 10 10 9 9 6 9 9 12 28 28 25 25 21 17 17 6
 88 88 90 87 87 27 35 35 32 32 41 47 47 52 40 40 22 22 14 15 15 13 12 12 9 9 6 10 10 14 15 15 12 12 7 9 9 8 12 12 18 18 17 19 19 3
 88 88 90 87 87 27 35 35 32 32 41 47 47 52 40 40 22 22 14 15 15 13 12 12 9 9 6 10 10 14 15 15 12 12 7 9 9 8 12 12 18 18 17 19 19 3
 78 78 144 146 146 20 30 30 18 18 21 27 27 21 19 19 16 16 12 15 15 14 15 15 12 12 18 24 24 23 14 14 11 11 8 8 8 9 10 10 20 20 16 14 14 3
 79 79 148 84 84 25 27 27 15 15 17 22 22 21 17 17 14 14 12 13 13 12 12 12 13 13 19 13 13 18 16 16 15 15 10 10 10 10 10 10 9 9 7 6 6 0
 79 79 148 84 84 25 27 27 15 15 17 22 22 21 17 17 14 14 12 13 13 12 12 12 13 13 19 13 13 18 16 16 15 15 10 10 10 10 10 10 9 9 7 6 6 0
 27 27 82 88 88 25 26 26 7 7 9 16 16 22 19 19 13 13 8 5 5 5 6 6 9 9 7 4 4 24 10 10 9 9 8 7 7 10 7 7 8 8 6 5 5 0
 15 15 21 19 19 7 8 8 6 6 8 12 12 21 28 28 26 26 14 4 4 2 2 2 3 3 4 9 9 74 20 20 12 12 9 9 9 7 1 1 1 1 0 0 0 0
 15 15 21 19 19 7 8 8 6 6 8 12 12 21 28 28 26 26 14 4 4 2 2 2 3 3 4 9 9 74 20 20 12 12 9 9 9 7 1 1 1 1 0 0 0 0
 17 17 20 20 20 14 8 8 4 4 4 6 6 14 18 18 24 24 20 6 6 3 6 6 4 4 4 2 2 6 12 12 11 11 17 10 10 7 6 6 2 2 2 1 1 1
 17 17 20 20 20 14 8 8 4 4 4 6 6 14 18 18 24 24 20 6 6 3 6 6 4 4 4 2 2 6 12 12 11 11 17 10 10 7 6 6 2 2 2 1 1 1
 39 39 20 13 13 16 6 6 3 3 4 4 4 5 12 12 16 16 12 7 7 4 6 6 3 3 3 2 2 3 5 5 11 11 17 12 12 4 1 1 1 1 2 1 1 1
 44 44 92 38 38 39 31 31 25 25 22 9 9 5 22 22 24 24 25 9 9 8 5 5 2 2 2 3 3 6 8 8 13 13 24 16 16 4 1 1 1 1 1 1 1 0
 44 44 92 38 38 39 31 31 25 25 22 9 9 5 22 22 24 24 25 9 9 8 5 5 2 2 2 3 3 6 8 8 13 13 24 16 16 4 1 1 1 1 1 1 1 0
 111 111 129 39 39 40 41 41 19 19 19 23 23 21 21 21 20 20 29 7 7 15 12 12 3 3 1 2 2 7 12 12 13 13 14 7 7 2 1 1 1 1 1 2 2 2
 74 74 85 93 93 49 34 34 23 23 16 19 19 19 42 42 40 40 39 3 3 6 5 5 5 5 3 2 2 4 7 7 12 12 8 3 3 2 2 2 2 2 3 4 4 8
 74 74 85 93 93 49 34 34 23 23 16 19 19 19 42 42 40 40 39 3 3 6 5 5 5 5 3 2 2 4 7 7 12 12 8 3 3 2 2 2 2 2 3 4 4 8
 56 56 82 132 132 89 90 90 20 20 18 19 19 18 18 18 9 9 10 2 2 5 9 9 9 9 8 6 6 9 2 2 3 3 2 2 2 2 3 3 3 3 7 11 11 10
 56 56 82 132 132 89 90 90 20 20 18 19 19 18 18 18 9 9 10 2 2 5 9 9 9 9 8 6 6 9 2 2 3 3 2 2 2 2 3 3 3 3 7 11 11 10
 24 24 24 24 24 85 89 89 16 16 15 3 3 5 1 1 9 9 9 2 2 6 14 14 16 16 9 6 6 11 2 2 1 1 2 2 2 2 4 4 8 8 12 17 17 21
 1 1 1 1 1 21 24 24 16 16 18 22 22 9 9 9 31 31 16 6 6 4 6 6 5 5 4 3 3 5 1 1 2 2 2 3 3 3 9 9 13 13 16 23 23 28
 1 1 1 1 1 21 24 24 16 16 18 22 22 9 9 9 31 31 16 6 6 4 6 6 5 5 4 3 3 5 1 1 2 2 2 3 3 3 9 9 13 13 16 23 23 28
 1 1 1 1 1 21 3 3 3 3 5 10 10 25 23 23 18 18 13 9 9 2 2 2 3 3 1 1 1 2 2 2 2 2 2 3 3 3 9 9 15 15 14 28 28 37
 1 1 1 1 1 1 1 1 2 2 2 10 10 11 12 12 10 10 10 8 8 2 1 1 1 1 2 1 1 1 2 2 2 2 3 3 3 4 11 11 16 16 13 21 21 26
 1 1 1 1 1 1 1 1 2 2 2 10 10 11 12 12 10 10 10 8 8 2 1 1 1 1 2 1 1 1 2 2 2 2 3 3 3 4 11 11 16 16 13 21 21 26
 0 0 1 0 0 1 1 1 1 1 1 5 5 6 6 6 4 4 2 3 3 2 2 2 2 2 2 2 2 2 2 2 3 3 5 5 5 12 4 4 16 16 16 17 17 32
 0 0 1 0 0 1 1 1 1 1 1 5 5 6 6 6 4 4 2 3 3 2 2 2 2 2 2 2 2 2 2 2 3 3 5 5 5 12 4 4 16 16 16 17 17 32
 0 0 0 0 0 0 1 1 0 0 0 0 0 1 1 1 2 2 3 3 3 3 4 4 5 5 6 6 6 5 4 4 4 4 6 6 6 13 12 12 21 21 23 25 25 32
 0 0 0 0 0 0 0 0 0 0 0 0 0 1 1 1 2 2 3 5 5 4 5 5 7 7 12 15 15 13 9 9 5 5 4 5 5 12 19 19 26 26 22 20 20 32
 0 0 0 0 0 0 0 0 0 0 0 0 0 1 1 1 2 2 3 5 5 4 5 5 7 7 12 15 15 13 9 9 5 5 4 5 5 12 19 19 26 26 22 20 20 32
 0 0 0 0 0 0 0 0 0 0 0 0 0 0 1 1 1 1 2 3 3 4 7 7 13 13 24 29 29 23 16 16 6 6 4 6 6 14 20 20 28 28 24 12 12 27
 0 0 0 0 0 0 0 0 0 0 0 0 0 1 1 1 1 1 2 2 2 3 9 9 17 17 28 31 31 25 18 18 7 7 5 6 6 6 9 9 13 13 12 10 10 14
 0 0 0 0 0 0 0 0 0 0 0 0 0 1 1 1 1 1 2 2 2 3 9 9 17 17 28 31 31 25 18 18 7 7 5 6 6 6 9 9 13 13 12 10 10 14
 0 0 1 1 1 1 1 1 0 0 0 1 1 1 1 1 2 2 2 3 3 5 8 8 14 14 22 26 26 21 13 13 6 6 5 6 6 5 8 8 6 6 7 5 5 7
 0 0 1 1 1 1 1 1 0 0 0 1 1 1 1 1 2 2 2 3 3 5 8 8 14 14 22 26 26 21 13 13 6 6 5 6 6 5 8 8 6 6 7 5 5 7
 0 0 1 2 2 2 1 1 0 0 0 1 1 1 1 1 2 2 3 5 5 7 8 8 11 11 16 17 17 17 10 10 6 6 5 4 4 3 3 3 2 2 2 3 3 3
 0 0 0 1 1 1 1 1 0 0 0 0 0 1 1 1 1 1 2 4 4 6 9 9 13 13 18 22 22 22 13 13 4 4 2 2 2 3 2 2 2 2 1 1 1 3
 0 0 0 1 1 1 1 1 0 0 0 0 0 1 1 1 1 1 2 4 4 6 9 9 13 13 18 22 22 22 13 13 4 4 2 2 2 3 2 2 2 2 1 1 1 3
 1 1 1 1 1 2 1 1 0 0 0 0 0 0 1 1 1 1 2 3 3 4 7 7 11 11 18 23 23 26 18 18 5 5 1 1 1 2 4 4 4 4 1 2 2 11
 1 1 1 1 1 2 1 1 0 0 0 0 0 1 1 1 1 1 1 3 3 4 8 8 11 11 20 26 26 30 25 25 11 11 2 1 1 2 3 3 3 3 2 3 3 2
 1 1 1 1 1 2 1 1 0 0 0 0 0 1 1 1 1 1 1 3 3 4 8 8 11 11 20 26 26 30 25 25 11 11 2 1 1 2 3 3 3 3 2 3 3 2
 1 1 1 1 1 1 1 1 1 1 1 0 0 1 1 1 2 2 3 3 3 4 8 8 12 12 22 24 24 28 23 23 14 14 4 2 2 3 4 4 3 3 3 2 2 1
 1 1 1 1 1 1 1 1 1 1 1 0 0 1 1 1 2 2 3 3 3 4 8 8 12 12 22 24 24 28 23 23 14 14 4 2 2 3 4 4 3 3 3 2 2 1
 0 0 1 1 1 1 1 1 1 1 0 1 1 1 2 2 2 2 3 4 4 5 12 12 13 13 27 21 21 19 16 16 12 12 7 2 2 1 3 3 3 3 2 2 2 1
 0 0 1 3 3 3 6 6 1 1 2 1 1 1 1 1 1 1 2 3 3 4 7 7 10 10 9 14 14 16 16 16 15 15 13 3 3 1 1 1 2 2 2 2 2 2
 0 0 1 3 3 3 6 6 1 1 2 1 1 1 1 1 1 1 2 3 3 4 7 7 10 10 9 14 14 16 16 16 15 15 13 3 3 1 1 1 2 2 2 2 2 2
 0 0 0 1 1 3 6 6 2 2 2 1 1 1 1 1 1 1 1 2 2 4 4 4 6 6 5 9 9 16 15 15 17 17 13 4 4 0 1 1 2 2 2 1 1 1
 0 0 0 1 1 5 5 5 4 4 4 1 1 1 1 1 1 1 1 1 1 2 3 3 3 3 6 7 7 12 10 10 11 11 9 1 1 1 1 1 1 1 1 1 1 1
 0 0 0 1 1 5 5 5 4 4 4 1 1 1 1 1 1 1 1 1 1 2 3 3 3 3 6 7 7 12 10 10 11 11 9 1 1 1 1 1 1 1 1 1 1 1
 0 0 0 1 1 2 2 2 4 4 4 3 3 2 2 2 2 2 2 1 1 1 3 3 3 3 7 9 9 11 11 11 8 8 5 0 0 0 0 0 0 0 1 1 1 1
 0 0 0 1 1 2 2 2 4 4 4 3 3 2 2 2 2 2 2 1 1 1 3 3 3 3 7 9 9 11 11 11 8 8 5 0 0 0 0 0 0 0 1 1 1 1
 0 0 0 0 0 1 2 2 1 1 2 3 3 2 2 2 3 3 2 2 2 2 3 3 3 3 3 13 13 15 12 12 10 10 7 0 0 0 0 0 0 0 0 0 0 1
 0 0 0 0 0 0 1 1 0 0 1 1 1 1 2 2 1 1 2 3 3 3 3 3 3 3 4 22 22 23 17 17 10 10 8 1 1 0 0 0 0 0 0 0 0 0
 0 0 0 0 0 0 1 1 0 0 1 1 1 1 2 2 1 1 2 3 3 3 3 3 3 3 4 22 22 23 17 17 10 10 8 1 1 0 0 0 0 0 0 0 0 0
 0 0 0 0 0 0 0 0 0 0 0 0 0 1 1 1 1 1 1 2 2 3 3 3 5 5 6 9 9 8 9 9 11 11 10 2 2 0 0 0 2 2 1 0 0 0
 0 0 0 0 0 0 0 0 0 0 0 0 0 0 0 0 1 1 1 1 1 2 2 2 3 3 4 6 6 8 11 11 12 12 10 4 4 1 0 0 1 1 0 0 0 0
 0 0 0 0 0 0 0 0 0 0 0 0 0 0 0 0 1 1 1 1 1 2 2 2 3 3 4 6 6 8 11 11 12 12 10 4 4 1 0 0 1 1 0 0 0 0
 0 0 0 0 0 0 0 0 0 0 0 0 0 0 0 0 0 0 0 1 1 2 2 2 2 2 2 3 3 4 6 6 6 6 6 4 4 2 1 1 0 0 0 0 0 0
 0 0 0 0 0 0 0 0 0 0 0 0 0 0 0 0 0 0 0 1 1 2 2 2 2 2 2 3 3 4 6 6 6 6 6 4 4 2 1 1 0 0 0 0 0 0
 0 0 0 0 0 0 0 0 0 0 0 0 0 0 0 0 0 0 1 0 0 1 1 1 1 1 1 3 3 3 2 2 2 2 1 1 1 1 1 1 0 0 0 0 0 0
 0 0 0 1 1 0 0 0 0 0 0 0 0 0 0 0 0 0 0 0 0 1 1 1 1 1 1 1 1 1 1 1 1 1 1 1 1 1 1 1 1 1 0 0 0 0
 0 0 0 1 1 0 0 0 0 0 0 0 0 0 0 0 0 0 0 0 0 1 1 1 1 1 1 1 1 1 1 1 1 1 1 1 1 1 1 1 1 1 0 0 0 0
 0 0 0 0 0 0 0 0 0 0 0 0 0 0 0 0 0 0 0 0 0 1 0 0 1 1 1 2 2 2 1 1 1 1 0 0 0 1 0 0 0 0 0 0 0 0
 0 0 0 0 0 0 1 1 1 1 1 1 1 1 0 0 4 4 1 2 2 3 1 1 1 1 1 2 2 1 1 1 1 1 1 0 0 1 0 0 0 0 0 0 0 0
