assets/RAT_results/precipitation/2023-09-14_IMERG.asc
ncols        46
nrows        77
xllcorner    74.800261325624
yllcorner    8.058333333333
cellsize     0.062500000000
NODATA_value -9999
 25 25 21 17 17 6 3 3 3 3 4 3 3 3 5 5 3 3 1 1 1 1 0 0 0 0 0 0 0 0 0 0 0 0 0 0 0 0 0 0 0 0 0 0 0 0
 43 43 40 25 25 16 6 6 4 4 3 3 3 7 5 5 5 5 6 2 2 3 1 1 0 0 0 0 0 0 0 0 0 0 0 0 0 0 0 0 0 0 0 0 0 0
 43 43 40 25 25 16 6 6 4 4 3 3 3 7 5 5 5 5 6 2 2 3 1 1 0 0 0 0 0 0 0 0 0 0 0 0 0 0 0 0 0 0 0 0 0 0
 65 65 46 36 36 13 7 7 6 6 13 17 17 15 14 14 12 12 13 3 3 3 0 0 0 0 0 0 0 0 0 0 0 0 0 0 0 1 2 2 1 1 0 0 0 0
 32 32 49 36 36 23 17 17 13 13 12 19 19 19 17 17 14 14 12 4 4 3 3 3 0 0 0 0 0 0 0 0 0 0 0 1 1 1 1 1 0 0 0 0 0 0
 32 32 49 36 36 23 17 17 13 13 12 19 19 19 17 17 14 14 12 4 4 3 3 3 0 0 0 0 0 0 0 0 0 0 0 1 1 1 1 1 0 0 0 0 0 0
 23 23 24 20 20 21 20 20 18 18 19 27 27 25 24 24 15 15 10 3 3 3 2 2 1 1 0 0 0 0 0 0 0 0 0 1 1 1 1 1 1 1 0 0 0 0
 23 23 24 20 20 21 20 20 18 18 19 27 27 25 24 24 15 15 10 3 3 3 2 2 1 1 0 0 0 0 0 0 0 0 0 1 1 1 1 1 1 1 0 0 0 0
 24 24 31 29 29 28 27 27 20 20 25 21 21 19 18 18 7 7 5 1 1 1 2 2 1 1 0 0 0 0 0 0 0 0 0 0 0 0 0 0 0 0 0 0 0 0
 21 21 30 29 29 28 31 31 20 20 21 17 17 10 10 10 6 6 5 6 6 1 1 1 0 0 0 0 0 0 0 0 0 0 0 0 0 0 0 0 0 0 0 0 0 0
 21 21 30 29 29 28 31 31 20 20 21 17 17 10 10 10 6 6 5 6 6 1 1 1 0 0 0 0 0 0 0 0 0 0 0 0 0 0 0 0 0 0 0 0 0 0
 21 21 22 26 26 28 29 29 25 25 16 11 11 9 8 8 6 6 6 6 6 1 0 0 0 0 0 0 0 0 0 0 0 0 0 0 0 0 0 0 0 0 0 0 0 0
 23 23 25 22 22 17 23 23 21 21 16 10 10 8 8 8 7 7 4 4 4 0 0 0 0 0 0 0 0 0 0 0 0 0 0 0 0 0 0 0 0 0 0 0 0 0
 23 23 25 22 22 17 23 23 21 21 16 10 10 8 8 8 7 7 4 4 4 0 0 0 0 0 0 0 0 0 0 0 0 0 0 0 0 0 0 0 0 0 0 0 0 0
 27 27 17 24 24 23 33 33 31 31 22 13 13 13 8 8 8 8 4 4 4 0 0 0 0 0 0 0 0 0 0 0 0 0 0 0 0 0 1 1 0 0 0 0 0 1
 27 27 17 24 24 23 33 33 31 31 22 13 13 13 8 8 8 8 4 4 4 0 0 0 0 0 0 0 0 0 0 0 0 0 0 0 0 0 1 1 0 0 0 0 0 1
 22 22 20 39 39 37 41 41 34 34 37 25 25 24 13 13 13 13 1 1 1 0 0 0 0 0 0 0 0 0 0 0 0 0 0 0 0 0 0 0 0 0 0 0 0 0
 38 38 36 70 70 68 61 61 59 59 34 27 27 23 12 12 14 14 1 1 1 1 0 0 0 0 0 0 0 0 0 0 0 0 0 0 0 0 0 0 0 0 0 0 0 0
 38 38 36 70 70 68 61 61 59 59 34 27 27 23 12 12 14 14 1 1 1 1 0 0 0 0 0 0 0 0 0 0 0 0 0 0 0 0 0 0 0 0 0 0 0 0
 36 36 38 51 51 71 60 60 61 61 40 29 29 25 15 15 12 12 1 1 1 2 0 0 1 1 0 0 0 0 0 0 0 0 0 0 0 0 0 0 0 0 0 0 0 0
 18 18 17 32 32 60 43 43 45 45 43 39 39 27 12 12 12 12 11 2 2 2 2 2 0 0 0 0 0 0 0 0 0 0 0 0 0 0 0 0 0 0 0 0 0 0
 18 18 17 32 32 60 43 43 45 45 43 39 39 27 12 12 12 12 11 2 2 2 2 2 0 0 0 0 0 0 0 0 0 0 0 0 0 0 0 0 0 0 0 0 0 0
 11 11 13 13 13 15 19 19 42 42 41 38 38 26 25 25 15 15 10 2 2 1 1 1 0 0 0 0 0 0 0 0 0 0 0 0 0 0 0 0 1 1 1 0 0 1
 11 11 13 13 13 15 19 19 42 42 41 38 38 26 25 25 15 15 10 2 2 1 1 1 0 0 0 0 0 0 0 0 0 0 0 0 0 0 0 0 1 1 1 0 0 1
 8 8 7 12 12 17 17 17 43 43 14 15 15 28 24 24 21 21 17 8 8 6 2 2 0 0 0 0 0 0 0 0 0 0 1 1 1 1 2 2 2 2 2 1 1 0
 8 8 7 8 8 8 9 9 14 14 12 10 10 28 26 26 26 26 22 10 10 8 3 3 1 1 1 1 1 1 0 0 1 1 2 2 2 3 5 5 4 4 3 1 1 0
 8 8 7 8 8 8 9 9 14 14 12 10 10 28 26 26 26 26 22 10 10 8 3 3 1 1 1 1 1 1 0 0 1 1 2 2 2 3 5 5 4 4 3 1 1 0
 6 6 6 9 9 7 9 9 10 10 9 9 9 23 25 25 13 13 13 9 9 7 5 5 1 1 0 0 0 0 1 1 3 3 3 2 2 3 3 3 2 2 1 0 0 0
 7 7 6 8 8 7 7 7 5 5 5 8 8 6 17 17 7 7 7 4 4 1 1 1 0 0 0 0 0 0 0 0 2 2 2 1 1 1 1 1 0 0 0 0 0 1
 7 7 6 8 8 7 7 7 5 5 5 8 8 6 17 17 7 7 7 4 4 1 1 1 0 0 0 0 0 0 0 0 2 2 2 1 1 1 1 1 0 0 0 0 0 1
 4 4 4 5 5 5 7 7 7 7 7 8 8 7 6 6 3 3 2 1 1 0 0 0 0 0 0 1 1 1 0 0 1 1 1 0 0 0 0 0 0 0 0 0 0 1
 4 4 4 5 5 5 7 7 7 7 7 8 8 7 6 6 3 3 2 1 1 0 0 0 0 0 0 1 1 1 0 0 1 1 1 0 0 0 0 0 0 0 0 0 0 1
 4 4 4 5 5 5 7 7 9 9 8 9 9 16 6 6 4 4 3 2 2 2 0 0 0 0 0 1 1 1 0 0 0 0 0 0 0 0 0 0 0 0 0 0 0 0
 7 7 4 6 6 7 8 8 10 10 22 18 18 20 8 8 4 4 2 5 5 3 1 1 1 1 1 1 1 1 0 0 0 0 0 0 0 0 0 0 0 0 0 0 0 0
 7 7 4 6 6 7 8 8 10 10 22 18 18 20 8 8 4 4 2 5 5 3 1 1 1 1 1 1 1 1 0 0 0 0 0 0 0 0 0 0 0 0 0 0 0 0
 8 8 4 7 7 7 7 7 12 12 12 32 32 30 8 8 5 5 4 6 6 5 2 2 1 1 1 0 0 1 0 0 0 0 0 0 0 0 0 0 0 0 0 0 0 0
 33 33 8 5 5 7 8 8 8 8 13 11 11 18 6 6 6 6 7 6 6 7 6 6 3 3 2 1 1 1 1 1 0 0 0 0 0 0 0 0 0 0 0 0 0 0
 33 33 8 5 5 7 8 8 8 8 13 11 11 18 6 6 6 6 7 6 6 7 6 6 3 3 2 1 1 1 1 1 0 0 0 0 0 0 0 0 0 0 0 0 0 0
 32 32 51 48 48 68 50 50 50 50 8 20 20 11 8 8 6 6 5 7 7 8 8 8 6 6 5 3 3 1 0 0 0 0 0 0 0 0 0 0 0 0 0 0 0 0
 32 32 51 48 48 68 50 50 50 50 8 20 20 11 8 8 6 6 5 7 7 8 8 8 6 6 5 3 3 1 0 0 0 0 0 0 0 0 0 0 0 0 0 0 0 0
 45 45 64 61 61 74 61 61 52 52 7 28 28 11 9 9 7 7 10 9 9 9 10 10 5 5 4 1 1 0 0 0 0 0 0 0 0 0 0 0 1 1 1 1 1 1
 46 46 60 61 61 70 68 68 63 63 9 38 38 11 11 11 8 8 10 15 15 11 11 11 4 4 4 0 0 0 0 0 0 0 0 0 0 0 1 1 1 1 1 2 2 2
 46 46 60 61 61 70 68 68 63 63 9 38 38 11 11 11 8 8 10 15 15 11 11 11 4 4 4 0 0 0 0 0 0 0 0 0 0 0 1 1 1 1 1 2 2 2
 39 39 42 27 27 31 21 21 15 15 16 16 16 11 9 9 8 8 16 15 15 10 10 10 4 4 4 3 3 0 0 0 1 1 1 1 1 1 1 1 1 1 1 1 1 1
 11 11 20 27 27 22 15 15 17 17 23 14 14 12 10 10 9 9 8 8 8 9 9 9 9 9 4 3 3 0 1 1 1 1 1 1 1 1 0 0 0 0 0 0 0 0
 11 11 20 27 27 22 15 15 17 17 23 14 14 12 10 10 9 9 8 8 8 9 9 9 9 9 4 3 3 0 1 1 1 1 1 1 1 1 0 0 0 0 0 0 0 0
 14 14 12 11 11 10 15 15 18 18 22 19 19 15 11 11 9 9 3 7 7 7 17 17 8 8 5 4 4 1 2 2 1 1 0 0 0 0 0 0 0 0 0 0 0 0
 14 14 12 11 11 10 15 15 18 18 22 19 19 15 11 11 9 9 3 7 7 7 17 17 8 8 5 4 4 1 2 2 1 1 0 0 0 0 0 0 0 0 0 0 0 0
 14 14 8 10 10 8 11 11 24 24 19 15 15 17 15 15 20 20 18 14 14 13 18 18 9 9 3 2 2 1 1 1 0 0 0 0 0 0 0 0 0 0 0 0 0 0
 5 5 9 8 8 7 10 10 21 21 16 16 16 19 24 24 23 23 19 15 15 18 15 15 4 4 3 2 2 0 0 0 0 0 0 0 0 0 0 0 0 0 0 0 0 0
 5 5 9 8 8 7 10 10 21 21 16 16 16 19 24 24 23 23 19 15 15 18 15 15 4 4 3 2 2 0 0 0 0 0 0 0 0 0 0 0 0 0 0 0 0 0
 3 3 4 4 4 8 11 11 18 18 18 11 11 9 18 18 19 19 19 18 18 17 16 16 2 2 2 1 1 0 0 0 0 0 0 0 0 0 0 0 0 0 0 0 0 0
 3 3 13 3 3 3 4 4 7 7 16 12 12 10 18 18 18 18 8 5 5 3 3 3 2 2 2 2 2 0 0 0 0 0 0 0 0 0 0 0 1 1 1 1 1 3
 3 3 13 3 3 3 4 4 7 7 16 12 12 10 18 18 18 18 8 5 5 3 3 3 2 2 2 2 2 0 0 0 0 0 0 0 0 0 0 0 1 1 1 1 1 3
 4 4 14 12 12 12 10 10 10 10 33 17 17 9 13 13 6 6 6 8 8 9 5 5 2 2 2 2 2 0 0 0 1 1 1 1 1 1 1 1 1 1 1 2 2 7
 4 4 14 12 12 12 10 10 10 10 33 17 17 9 13 13 6 6 6 8 8 9 5 5 2 2 2 2 2 0 0 0 1 1 1 1 1 1 1 1 1 1 1 2 2 7
 7 7 7 5 5 4 5 5 34 34 32 21 21 12 6 6 5 5 7 5 5 8 5 5 1 1 1 1 1 1 1 1 1 1 1 1 1 0 0 0 0 0 0 0 0 1
 4 4 7 4 4 4 6 6 6 6 7 14 14 10 10 10 8 8 10 7 7 5 5 5 2 2 1 1 1 1 1 1 2 2 2 1 1 0 0 0 0 0 0 0 0 0
 4 4 7 4 4 4 6 6 6 6 7 14 14 10 10 10 8 8 10 7 7 5 5 5 2 2 1 1 1 1 1 1 2 2 2 1 1 0 0 0 0 0 0 0 0 0
 4 4 3 3 3 3 3 3 2 2 3 5 5 9 13 13 16 16 14 13 13 9 7 7 4 4 3 2 2 1 1 1 1 1 2 1 1 1 0 0 0 0 0 0 0 0
 4 4 4 3 3 3 2 2 2 2 4 5 5 10 7 7 7 7 12 13 13 17 14 14 4 4 5 2 2 1 1 1 1 1 1 0 0 0 0 0 0 0 0 0 0 0
 4 4 4 3 3 3 2 2 2 2 4 5 5 10 7 7 7 7 12 13 13 17 14 14 4 4 5 2 2 1 1 1 1 1 1 0 0 0 0 0 0 0 0 0 0 0
 3 3 3 2 2 2 3 3 5 5 5 7 7 12 7 7 4 4 5 13 13 11 10 10 14 14 11 4 4 3 2 2 1 1 1 0 0 0 1 1 0 0 0 0 0 0
 3 3 3 2 2 2 3 3 5 5 5 7 7 12 7 7 4 4 5 13 13 11 10 10 14 14 11 4 4 3 2 2 1 1 1 0 0 0 1 1 0 0 0 0 0 0
 1 1 2 3 3 3 6 6 3 3 2 3 3 11 6 6 3 3 2 6 6 12 11 11 15 15 12 8 8 1 1 1 0 0 0 0 0 0 0 0 0 0 0 0 0 0
 1 1 1 1 1 4 5 5 2 2 1 1 1 3 2 2 2 2 2 4 4 9 5 5 19 19 11 6 6 1 1 1 1 1 1 1 1 1 0 0 0 0 0 0 0 0
 1 1 1 1 1 4 5 5 2 2 1 1 1 3 2 2 2 2 2 4 4 9 5 5 19 19 11 6 6 1 1 1 1 1 1 1 1 1 0 0 0 0 0 0 0 0
 1 1 1 1 1 4 4 4 1 1 1 1 1 1 2 2 2 2 2 4 4 2 4 4 7 7 9 2 2 2 1 1 1 1 4 3 3 0 0 0 0 0 0 0 0 0
 1 1 5 2 2 2 2 2 1 1 2 2 2 2 2 2 2 2 1 1 1 1 3 3 11 11 9 6 6 6 5 5 6 6 5 3 3 0 0 0 0 0 0 0 0 0
 1 1 5 2 2 2 2 2 1 1 2 2 2 2 2 2 2 2 1 1 1 1 3 3 11 11 9 6 6 6 5 5 6 6 5 3 3 0 0 0 0 0 0 0 0 0
 4 4 5 3 3 1 1 1 1 1 1 1 1 1 2 2 1 1 1 1 1 1 3 3 6 6 5 7 7 7 7 7 5 5 5 3 3 1 0 0 0 0 0 0 0 0
 4 4 5 3 3 1 1 1 1 1 1 1 1 1 2 2 1 1 1 1 1 1 3 3 6 6 5 7 7 7 7 7 5 5 5 3 3 1 0 0 0 0 0 0 0 0
 2 2 5 1 1 0 0 0 1 1 1 1 1 1 1 1 1 1 1 1 1 2 4 4 3 3 4 7 7 7 7 7 8 8 6 5 5 5 3 3 2 2 0 0 0 0
 3 3 2 0 0 0 0 0 0 0 1 1 1 1 1 1 1 1 1 1 1 1 1 1 1 1 2 3 3 4 6 6 11 11 10 8 8 8 5 5 5 5 1 2 2 0
 3 3 2 0 0 0 0 0 0 0 1 1 1 1 1 1 1 1 1 1 1 1 1 1 1 1 2 3 3 4 6 6 11 11 10 8 8 8 5 5 5 5 1 2 2 0
 0 0 1 1 1 1 1 1 1 1 1 1 1 1 2 2 1 1 1 0 0 1 1 1 1 1 1 2 2 4 8 8 10 10 6 7 7 5 6 6 7 7 2 2 2 0
 0 0 0 1 1 1 1 1 1 1 1 1 1 1 2 2 1 1 1 0 0 1 1 1 1 1 1 1 1 3 5 5 12 12 9 7 7 6 5 5 4 4 1 1 1 0
