assets/RAT_results/precipitation/2023-04-21_IMERG.asc
ncols        46
nrows        77
xllcorner    74.800261325624
yllcorner    8.058333333333
cellsize     0.062500000000
NODATA_value -9999
 0 0 0 0 0 0 0 0 0 0 0 0 0 0 0 0 0 0 0 0 0 1 1 1 2 2 4 4 4 4 4 4 5 5 5 6 6 7 8 8 5 5 4 9 9 8
 0 0 0 0 0 0 0 0 0 0 0 0 0 0 0 0 0 0 0 0 0 0 1 1 1 1 1 1 1 1 1 1 2 2 2 2 2 3 2 2 1 1 1 8 8 7
 0 0 0 0 0 0 0 0 0 0 0 0 0 0 0 0 0 0 0 0 0 0 1 1 1 1 1 1 1 1 1 1 2 2 2 2 2 3 2 2 1 1 1 8 8 7
 0 0 0 0 0 0 0 0 0 0 0 0 0 0 0 0 0 0 0 0 0 0 3 3 3 3 2 1 1 0 0 0 0 0 0 1 1 0 0 0 0 0 0 0 0 0
 0 0 0 0 0 0 0 0 0 0 0 0 0 0 0 0 0 0 0 0 0 1 5 5 6 6 5 3 3 1 1 1 1 1 0 0 0 0 0 0 0 0 0 0 0 0
 0 0 0 0 0 0 0 0 0 0 0 0 0 0 0 0 0 0 0 0 0 1 5 5 6 6 5 3 3 1 1 1 1 1 0 0 0 0 0 0 0 0 0 0 0 0
 0 0 0 0 0 0 0 0 0 0 0 0 0 0 0 0 0 0 0 0 0 0 2 2 4 4 5 4 4 3 3 3 2 2 1 0 0 0 0 0 0 0 0 0 0 0
 0 0 0 0 0 0 0 0 0 0 0 0 0 0 0 0 0 0 0 0 0 0 2 2 4 4 5 4 4 3 3 3 2 2 1 0 0 0 0 0 0 0 0 0 0 0
 0 0 0 0 0 0 0 0 0 0 0 0 0 0 1 1 11 11 1 0 0 1 1 1 1 1 1 1 1 2 2 2 2 2 1 1 1 0 0 0 0 0 0 0 0 0
 0 0 0 0 0 0 0 0 0 0 0 0 0 1 4 4 5 5 3 2 2 3 2 2 1 1 1 1 1 1 1 1 1 1 0 0 0 0 0 0 0 0 0 0 0 0
 0 0 0 0 0 0 0 0 0 0 0 0 0 1 4 4 5 5 3 2 2 3 2 2 1 1 1 1 1 1 1 1 1 1 0 0 0 0 0 0 0 0 0 0 0 0
 0 0 0 0 0 0 0 0 0 0 0 0 0 0 1 1 1 1 1 4 4 5 2 2 1 1 1 1 1 1 1 1 2 2 1 0 0 0 1 1 1 1 0 0 0 0
 0 0 0 0 0 0 0 0 0 0 0 0 0 0 0 0 0 0 0 1 1 2 1 1 1 1 1 1 1 0 0 0 1 1 1 0 0 0 1 1 1 1 1 0 0 0
 0 0 0 0 0 0 0 0 0 0 0 0 0 0 0 0 0 0 0 1 1 2 1 1 1 1 1 1 1 0 0 0 1 1 1 0 0 0 1 1 1 1 1 0 0 0
 0 0 0 0 0 0 0 0 0 0 0 0 0 0 0 0 0 0 0 0 0 1 1 1 1 1 1 2 2 1 1 1 1 1 1 0 0 0 10 10 1 1 3 1 1 0
 0 0 0 0 0 0 0 0 0 0 0 0 0 0 0 0 0 0 0 0 0 1 1 1 1 1 1 2 2 1 1 1 1 1 1 0 0 0 10 10 1 1 3 1 1 0
 0 0 0 0 0 0 0 0 0 0 0 0 0 0 0 0 0 0 0 0 0 1 2 2 1 1 3 5 5 5 6 6 6 6 3 1 1 5 21 21 34 34 4 2 2 1
 0 0 0 0 0 0 0 0 0 0 0 0 0 0 0 0 0 0 0 0 0 0 1 1 1 1 1 3 3 34 9 9 9 9 6 3 3 2 6 6 0 0 1 1 1 0
 0 0 0 0 0 0 0 0 0 0 0 0 0 0 0 0 0 0 0 0 0 0 1 1 1 1 1 3 3 34 9 9 9 9 6 3 3 2 6 6 0 0 1 1 1 0
 0 0 0 0 0 0 0 0 0 0 0 0 0 0 0 0 0 0 0 0 0 0 1 1 1 1 2 4 4 9 12 12 6 6 5 4 4 2 0 0 0 0 0 0 0 0
 0 0 0 0 0 0 0 0 0 0 0 0 0 0 0 0 0 0 0 0 0 0 1 1 4 4 4 4 4 4 12 12 3 3 3 3 3 1 0 0 0 0 0 0 0 0
 0 0 0 0 0 0 0 0 0 0 0 0 0 0 0 0 0 0 0 0 0 0 1 1 4 4 4 4 4 4 12 12 3 3 3 3 3 1 0 0 0 0 0 0 0 0
 0 0 0 0 0 0 0 0 1 1 1 1 1 0 0 0 0 0 0 0 0 0 0 0 1 1 5 5 5 6 15 15 8 8 1 1 1 1 1 1 1 1 2 2 2 2
 0 0 0 0 0 0 0 0 1 1 1 1 1 0 0 0 0 0 0 0 0 0 0 0 1 1 5 5 5 6 15 15 8 8 1 1 1 1 1 1 1 1 2 2 2 2
 0 0 0 1 1 1 1 1 1 1 1 1 1 0 0 0 0 0 0 0 0 0 0 0 0 0 0 0 0 0 0 0 0 0 1 5 5 4 3 3 6 6 9 6 6 4
 0 0 1 1 1 1 1 1 1 1 1 1 1 1 0 0 0 0 0 0 0 0 0 0 0 0 0 4 4 0 0 0 0 0 3 8 8 8 6 6 12 12 16 11 11 7
 0 0 1 1 1 1 1 1 1 1 1 1 1 1 0 0 0 0 0 0 0 0 0 0 0 0 0 4 4 0 0 0 0 0 3 8 8 8 6 6 12 12 16 11 11 7
 0 0 0 0 0 0 0 0 1 1 1 2 2 2 0 0 0 0 0 0 0 0 0 0 0 0 0 0 0 0 0 0 0 0 1 3 3 4 4 4 5 5 8 9 9 8
 0 0 0 0 0 0 0 0 1 1 1 1 1 1 1 1 0 0 0 0 0 0 0 0 0 0 0 0 0 0 0 0 0 0 0 1 1 1 1 1 2 2 6 8 8 8
 0 0 0 0 0 0 0 0 1 1 1 1 1 1 1 1 0 0 0 0 0 0 0 0 0 0 0 0 0 0 0 0 0 0 0 1 1 1 1 1 2 2 6 8 8 8
 0 0 0 0 0 0 0 0 0 0 1 1 1 0 0 0 0 0 0 0 0 0 0 0 0 0 0 0 0 1 2 2 1 1 0 0 0 0 0 0 1 1 4 6 6 6
 0 0 0 0 0 0 0 0 0 0 1 1 1 0 0 0 0 0 0 0 0 0 0 0 0 0 0 0 0 1 2 2 1 1 0 0 0 0 0 0 1 1 4 6 6 6
 0 0 0 0 0 0 0 0 0 0 1 1 1 0 0 0 0 0 0 0 0 0 0 0 0 0 0 0 0 1 1 1 1 1 1 1 1 0 0 0 0 0 2 3 3 4
 0 0 0 0 0 0 0 0 0 0 0 0 0 1 1 1 0 0 0 0 0 0 0 0 0 0 0 0 0 0 0 0 0 0 1 1 1 1 0 0 0 0 0 1 1 1
 0 0 0 0 0 0 0 0 0 0 0 0 0 1 1 1 0 0 0 0 0 0 0 0 0 0 0 0 0 0 0 0 0 0 1 1 1 1 0 0 0 0 0 1 1 1
 0 0 0 0 0 0 0 0 1 1 1 0 0 1 1 1 1 1 0 0 0 0 0 0 0 0 0 0 0 0 0 0 0 0 0 0 0 0 0 0 0 0 0 0 0 0
 0 0 0 0 0 0 0 0 1 1 1 1 1 1 1 1 1 1 1 0 0 0 2 2 0 0 0 0 0 0 0 0 0 0 0 0 0 3 0 0 1 1 0 1 1 1
 0 0 0 0 0 0 0 0 1 1 1 1 1 1 1 1 1 1 1 0 0 0 2 2 0 0 0 0 0 0 0 0 0 0 0 0 0 3 0 0 1 1 0 1 1 1
 0 0 0 0 0 0 0 0 0 0 0 1 1 0 0 0 0 0 0 0 0 0 2 2 2 2 2 0 0 0 0 0 0 0 0 0 0 16 1 1 2 2 1 1 1 2
 0 0 0 0 0 0 0 0 0 0 0 1 1 0 0 0 0 0 0 0 0 0 2 2 2 2 2 0 0 0 0 0 0 0 0 0 0 16 1 1 2 2 1 1 1 2
 0 0 0 0 0 0 0 0 0 0 0 1 1 1 1 1 1 1 1 0 0 0 0 0 0 0 2 2 2 0 0 0 1 1 2 7 7 1 1 1 2 2 1 1 1 6
 0 0 0 0 0 0 0 0 0 0 0 1 1 3 2 2 1 1 1 0 0 0 0 0 0 0 0 0 0 0 1 1 6 6 8 19 19 15 21 21 41 41 2 1 1 1
 0 0 0 0 0 0 0 0 0 0 0 1 1 3 2 2 1 1 1 0 0 0 0 0 0 0 0 0 0 0 1 1 6 6 8 19 19 15 21 21 41 41 2 1 1 1
 0 0 0 0 0 0 0 0 0 0 0 1 1 1 2 2 1 1 1 1 1 0 0 0 0 0 0 1 1 1 1 1 6 6 7 2 2 16 9 9 3 3 4 2 2 1
 0 0 0 0 0 0 0 0 0 0 0 1 1 1 1 1 1 1 1 1 1 0 0 0 0 0 0 0 0 0 0 0 2 2 2 1 1 1 1 1 2 2 3 2 2 1
 0 0 0 0 0 0 0 0 0 0 0 1 1 1 1 1 1 1 1 1 1 0 0 0 0 0 0 0 0 0 0 0 2 2 2 1 1 1 1 1 2 2 3 2 2 1
 0 0 0 0 0 0 0 0 0 0 1 3 3 2 0 0 0 0 1 1 1 0 0 0 0 0 0 0 0 0 0 0 2 2 4 3 3 3 2 2 2 2 2 2 2 3
 0 0 0 0 0 0 0 0 0 0 1 3 3 2 0 0 0 0 1 1 1 0 0 0 0 0 0 0 0 0 0 0 2 2 4 3 3 3 2 2 2 2 2 2 2 3
 0 0 0 0 0 0 0 0 0 0 0 1 1 1 1 1 0 0 0 0 0 0 0 0 0 0 0 0 0 0 1 1 7 7 11 8 8 6 5 5 3 3 3 3 3 4
 0 0 0 0 0 0 0 0 0 0 0 0 0 0 1 1 1 1 0 0 0 0 0 0 0 0 0 0 0 0 1 1 5 5 9 9 9 11 11 11 6 6 3 3 3 4
 0 0 0 0 0 0 0 0 0 0 0 0 0 0 1 1 1 1 0 0 0 0 0 0 0 0 0 0 0 0 1 1 5 5 9 9 9 11 11 11 6 6 3 3 3 4
 0 0 0 0 0 0 0 0 0 0 0 0 0 0 0 0 0 0 0 0 0 0 0 0 0 0 0 0 0 0 3 3 10 10 13 11 11 11 8 8 6 6 2 2 2 2
 0 0 0 0 0 0 0 0 0 0 0 0 0 0 0 0 0 0 1 0 0 0 0 0 0 0 0 0 0 1 5 5 14 14 16 13 13 12 12 12 11 11 2 1 1 2
 0 0 0 0 0 0 0 0 0 0 0 0 0 0 0 0 0 0 1 0 0 0 0 0 0 0 0 0 0 1 5 5 14 14 16 13 13 12 12 12 11 11 2 1 1 2
 0 0 0 0 0 0 0 0 0 0 0 0 0 0 0 0 0 0 0 0 0 0 0 0 0 0 0 0 0 0 3 3 13 13 18 17 17 14 10 10 7 7 2 2 2 2
 0 0 0 0 0 0 0 0 0 0 0 0 0 0 0 0 0 0 0 0 0 0 0 0 0 0 0 0 0 0 3 3 13 13 18 17 17 14 10 10 7 7 2 2 2 2
 0 0 0 0 0 0 0 0 0 0 0 0 0 0 1 1 1 1 0 1 1 1 0 0 0 0 0 0 0 0 4 4 18 18 24 27 27 24 17 17 12 12 8 7 7 6
 0 0 1 1 1 0 0 0 0 0 0 0 0 0 1 1 1 1 1 1 1 0 0 0 0 0 0 0 0 0 4 4 18 18 26 26 26 21 20 20 9 9 6 6 6 4
 0 0 1 1 1 0 0 0 0 0 0 0 0 0 1 1 1 1 1 1 1 0 0 0 0 0 0 0 0 0 4 4 18 18 26 26 26 21 20 20 9 9 6 6 6 4
 3 3 3 2 2 0 0 0 0 0 0 0 0 1 1 1 1 1 1 1 1 2 0 0 1 1 0 0 0 0 2 2 11 11 15 15 15 14 11 11 8 8 6 9 9 7
 31 31 31 3 3 0 0 0 0 0 0 0 0 1 3 3 2 2 1 1 1 1 2 2 1 1 0 0 0 0 1 1 5 5 7 8 8 8 7 7 7 7 10 12 12 13
 31 31 31 3 3 0 0 0 0 0 0 0 0 1 3 3 2 2 1 1 1 1 2 2 1 1 0 0 0 0 1 1 5 5 7 8 8 8 7 7 7 7 10 12 12 13
 21 21 40 6 6 1 0 0 1 1 1 1 1 1 5 5 1 1 0 1 1 0 0 0 2 2 2 0 0 0 0 0 1 1 3 3 3 6 10 10 13 13 15 13 13 13
 21 21 40 6 6 1 0 0 1 1 1 1 1 1 5 5 1 1 0 1 1 0 0 0 2 2 2 0 0 0 0 0 1 1 3 3 3 6 10 10 13 13 15 13 13 13
 14 14 7 4 4 1 1 1 1 1 2 1 1 2 2 2 1 1 0 0 0 0 0 0 2 2 1 0 0 0 0 0 0 0 2 3 3 7 10 10 9 9 11 13 13 14
 3 3 3 2 2 1 1 1 1 1 2 1 1 1 1 1 0 0 0 0 0 0 0 0 0 0 0 1 1 2 1 1 0 0 1 3 3 12 12 12 8 8 16 25 25 24
 3 3 3 2 2 1 1 1 1 1 2 1 1 1 1 1 0 0 0 0 0 0 0 0 0 0 0 1 1 2 1 1 0 0 1 3 3 12 12 12 8 8 16 25 25 24
 1 1 1 1 1 1 1 1 1 1 1 1 1 1 2 2 1 1 0 1 1 0 1 1 1 1 1 3 3 3 4 4 1 1 0 2 2 10 10 10 14 14 25 30 30 30
 1 1 1 1 1 1 3 3 2 2 1 2 2 1 1 1 1 1 1 1 1 0 1 1 2 2 2 2 2 3 3 3 1 1 0 0 0 3 5 5 5 5 16 20 20 22
 1 1 1 1 1 1 3 3 2 2 1 2 2 1 1 1 1 1 1 1 1 0 1 1 2 2 2 2 2 3 3 3 1 1 0 0 0 3 5 5 5 5 16 20 20 22
 1 1 1 2 2 2 3 3 2 2 2 2 2 2 2 2 1 1 1 1 1 1 2 2 2 2 1 1 1 1 1 1 1 1 0 0 0 1 2 2 2 2 4 8 8 12
 1 1 1 2 2 2 3 3 2 2 2 2 2 2 2 2 1 1 1 1 1 1 2 2 2 2 1 1 1 1 1 1 1 1 0 0 0 1 2 2 2 2 4 8 8 12
 1 1 2 3 3 3 2 2 2 2 2 2 2 2 0 0 1 1 1 1 1 1 1 1 2 2 1 0 0 1 1 1 0 0 0 0 0 0 0 0 0 0 1 1 1 4
 2 2 1 2 2 2 3 3 2 2 2 1 1 0 1 1 1 1 3 1 1 1 1 1 1 1 0 0 0 1 2 2 0 0 1 1 1 0 0 0 0 0 0 0 0 1
 2 2 1 2 2 2 3 3 2 2 2 1 1 0 1 1 1 1 3 1 1 1 1 1 1 1 0 0 0 1 2 2 0 0 1 1 1 0 0 0 0 0 0 0 0 1
 1 1 1 1 1 2 2 2 2 2 2 1 1 0 1 1 1 1 2 1 1 1 1 1 1 1 1 1 1 2 3 3 1 1 1 1 1 1 1 1 0 0 0 0 0 0
 1 1 0 1 1 1 1 1 1 1 1 0 0 0 0 0 1 1 1 1 1 2 2 2 1 1 1 1 1 1 1 1 1 1 1 1 1 1 1 1 0 0 0 0 0 0
