assets/RAT_results/precipitation/2023-07-04_IMERG.asc
ncols        46
nrows        77
xllcorner    74.800261325624
yllcorner    8.058333333333
cellsize     0.062500000000
NODATA_value -9999
 45 45 46 38 38 29 28 28 23 23 18 13 13 11 9 9 8 8 7 5 5 4 2 2 2 2 0 0 0 1 1 1 0 0 1 0 0 0 0 0 0 0 0 0 0 1
 45 45 49 32 32 31 25 25 21 21 21 19 19 16 13 13 9 9 7 5 5 2 2 2 0 0 0 0 0 0 0 0 0 0 0 1 1 0 0 0 0 0 1 0 0 0
 45 45 49 32 32 31 25 25 21 21 21 19 19 16 13 13 9 9 7 5 5 2 2 2 0 0 0 0 0 0 0 0 0 0 0 1 1 0 0 0 0 0 1 0 0 0
 42 42 42 32 32 27 20 20 15 15 14 11 11 14 9 9 8 8 11 6 6 3 1 1 1 1 0 0 0 0 0 0 0 0 0 0 0 0 0 0 0 0 0 0 0 0
 89 89 37 41 41 34 18 18 17 17 16 15 15 14 9 9 9 9 11 5 5 4 2 2 2 2 0 0 0 0 1 1 0 0 0 1 1 1 1 1 0 0 0 0 0 0
 89 89 37 41 41 34 18 18 17 17 16 15 15 14 9 9 9 9 11 5 5 4 2 2 2 2 0 0 0 0 1 1 0 0 0 1 1 1 1 1 0 0 0 0 0 0
 44 44 36 38 38 35 25 25 18 18 15 9 9 8 4 4 7 7 4 4 4 3 2 2 2 2 2 0 0 1 1 1 1 1 1 1 1 1 0 0 1 1 1 1 1 0
 44 44 36 38 38 35 25 25 18 18 15 9 9 8 4 4 7 7 4 4 4 3 2 2 2 2 2 0 0 1 1 1 1 1 1 1 1 1 0 0 1 1 1 1 1 0
 49 49 39 38 38 36 35 35 25 25 16 14 14 10 7 7 5 5 8 6 6 5 5 5 3 3 2 2 2 2 2 2 2 2 2 1 1 1 1 1 0 0 1 0 0 0
 61 61 39 38 38 45 46 46 31 31 19 18 18 17 10 10 9 9 10 7 7 5 4 4 4 4 2 1 1 1 1 1 1 1 2 1 1 1 1 1 1 1 1 1 1 0
 61 61 39 38 38 45 46 46 31 31 19 18 18 17 10 10 9 9 10 7 7 5 4 4 4 4 2 1 1 1 1 1 1 1 2 1 1 1 1 1 1 1 1 1 1 0
 66 66 40 61 61 50 44 44 33 33 23 13 13 13 13 13 10 10 7 8 8 9 5 5 2 2 2 2 2 1 1 1 1 1 2 2 2 2 2 2 2 2 3 2 2 1
 58 58 81 60 60 63 45 45 36 36 34 16 16 12 13 13 11 11 9 11 11 9 5 5 6 6 6 4 4 6 5 5 1 1 2 2 2 2 4 4 5 5 7 3 3 2
 58 58 81 60 60 63 45 45 36 36 34 16 16 12 13 13 11 11 9 11 11 9 5 5 6 6 6 4 4 6 5 5 1 1 2 2 2 2 4 4 5 5 7 3 3 2
 54 54 68 74 74 71 42 42 38 38 29 26 26 20 17 17 15 15 13 11 11 11 9 9 7 7 7 5 5 5 4 4 2 2 2 2 2 3 4 4 5 5 8 3 3 2
 54 54 68 74 74 71 42 42 38 38 29 26 26 20 17 17 15 15 13 11 11 11 9 9 7 7 7 5 5 5 4 4 2 2 2 2 2 3 4 4 5 5 8 3 3 2
 44 44 60 73 73 72 51 51 38 38 38 32 32 28 18 18 16 16 10 8 8 11 9 9 7 7 5 4 4 4 5 5 4 4 3 2 2 5 4 4 6 6 7 3 3 2
 56 56 57 69 69 79 57 57 59 59 40 41 41 34 21 21 16 16 13 10 10 10 7 7 7 7 5 3 3 3 5 5 4 4 3 2 2 3 2 2 4 4 5 3 3 1
 56 56 57 69 69 79 57 57 59 59 40 41 41 34 21 21 16 16 13 10 10 10 7 7 7 7 5 3 3 3 5 5 4 4 3 2 2 3 2 2 4 4 5 3 3 1
 53 53 50 59 59 78 75 75 60 60 57 30 30 27 23 23 20 20 13 10 10 9 8 8 6 6 5 5 5 4 4 4 4 4 3 3 3 3 3 3 4 4 6 4 4 3
 62 62 58 48 48 76 67 67 60 60 60 27 27 25 27 27 21 21 15 15 15 15 10 10 11 11 9 6 6 3 6 6 7 7 5 5 5 6 4 4 6 6 8 10 10 10
 62 62 58 48 48 76 67 67 60 60 60 27 27 25 27 27 21 21 15 15 15 15 10 10 11 11 9 6 6 3 6 6 7 7 5 5 5 6 4 4 6 6 8 10 10 10
 69 69 70 81 81 81 84 84 77 77 66 34 34 32 34 34 29 29 27 26 26 22 20 20 26 26 18 12 12 13 8 8 8 8 6 5 5 6 7 7 8 8 11 14 14 17
 69 69 70 81 81 81 84 84 77 77 66 34 34 32 34 34 29 29 27 26 26 22 20 20 26 26 18 12 12 13 8 8 8 8 6 5 5 6 7 7 8 8 11 14 14 17
 72 72 70 82 82 87 102 102 100 100 91 47 47 48 40 40 47 47 44 28 28 23 24 24 23 23 17 13 13 13 6 6 8 8 7 7 7 6 13 13 12 12 18 16 16 13
 67 67 67 105 105 104 131 131 147 147 142 114 114 44 43 43 46 46 39 34 34 33 24 24 25 25 21 16 16 13 9 9 8 8 10 14 14 13 11 11 11 11 14 11 11 7
 67 67 67 105 105 104 131 131 147 147 142 114 114 44 43 43 46 46 39 34 34 33 24 24 25 25 21 16 16 13 9 9 8 8 10 14 14 13 11 11 11 11 14 11 11 7
 66 66 94 93 93 92 88 88 94 94 103 108 108 100 67 67 57 57 44 42 42 31 25 25 26 26 24 24 24 13 9 9 8 8 11 11 11 12 11 11 7 7 5 5 5 5
 74 74 121 117 117 110 85 85 89 89 84 100 100 62 79 79 71 71 55 48 48 35 38 38 37 37 26 18 18 17 12 12 11 11 13 7 7 5 6 6 5 5 4 4 4 4
 74 74 121 117 117 110 85 85 89 89 84 100 100 62 79 79 71 71 55 48 48 35 38 38 37 37 26 18 18 17 12 12 11 11 13 7 7 5 6 6 5 5 4 4 4 4
 73 73 96 74 74 78 91 91 79 79 84 127 127 90 71 71 49 49 49 45 45 33 32 32 37 37 25 21 21 20 13 13 15 15 13 10 10 6 2 2 2 2 4 3 3 3
 73 73 96 74 74 78 91 91 79 79 84 127 127 90 71 71 49 49 49 45 45 33 32 32 37 37 25 21 21 20 13 13 15 15 13 10 10 6 2 2 2 2 4 3 3 3
 69 69 121 91 91 90 91 91 88 88 81 94 94 72 49 49 47 47 46 40 40 32 32 32 26 26 24 19 19 17 21 21 20 20 15 11 11 6 1 1 2 2 3 3 3 2
 71 71 125 137 137 123 121 121 81 81 62 67 67 48 32 32 33 33 39 35 35 35 31 31 29 29 29 22 22 24 24 24 18 18 12 10 10 3 3 3 3 3 3 3 3 3
 71 71 125 137 137 123 121 121 81 81 62 67 67 48 32 32 33 33 39 35 35 35 31 31 29 29 29 22 22 24 24 24 18 18 12 10 10 3 3 3 3 3 3 3 3 3
 86 86 128 124 124 144 95 95 104 104 98 66 66 79 48 48 38 38 37 43 43 42 36 36 32 32 28 31 31 26 25 25 15 15 11 12 12 5 7 7 6 6 5 4 4 4
 104 104 125 122 122 151 145 145 121 121 106 90 90 138 94 94 43 43 47 46 46 49 41 41 36 36 35 33 33 28 27 27 12 12 10 10 10 5 5 5 5 5 6 6 6 7
 104 104 125 122 122 151 145 145 121 121 106 90 90 138 94 94 43 43 47 46 46 49 41 41 36 36 35 33 33 28 27 27 12 12 10 10 10 5 5 5 5 5 6 6 6 7
 94 94 124 123 123 127 113 113 147 147 127 124 124 109 94 94 48 48 53 49 49 55 49 49 47 47 45 44 44 35 31 31 21 21 15 13 13 12 10 10 10 10 11 6 6 8
 94 94 124 123 123 127 113 113 147 147 127 124 124 109 94 94 48 48 53 49 49 55 49 49 47 47 45 44 44 35 31 31 21 21 15 13 13 12 10 10 10 10 11 6 6 8
 111 111 109 108 108 105 83 83 97 97 123 124 124 120 101 101 60 60 66 65 65 68 68 68 52 52 43 42 42 29 29 29 25 25 18 16 16 13 14 14 17 17 15 12 12 18
 95 95 95 82 82 70 79 79 87 87 101 119 119 118 150 150 87 87 70 61 61 71 72 72 54 54 42 37 37 31 23 23 23 23 18 19 19 21 19 19 21 21 17 17 17 10
 95 95 95 82 82 70 79 79 87 87 101 119 119 118 150 150 87 87 70 61 61 71 72 72 54 54 42 37 37 31 23 23 23 23 18 19 19 21 19 19 21 21 17 17 17 10
 63 63 94 100 100 99 95 95 95 95 99 99 99 117 134 134 75 75 82 76 76 72 72 72 61 61 36 39 39 29 27 27 21 21 21 19 19 19 18 18 20 20 19 17 17 10
 89 89 80 85 85 99 99 99 104 104 104 106 106 126 113 113 122 122 124 123 123 81 55 55 60 60 40 32 32 35 35 35 35 35 25 13 13 14 17 17 17 17 15 15 15 14
 89 89 80 85 85 99 99 99 104 104 104 106 106 126 113 113 122 122 124 123 123 81 55 55 60 60 40 32 32 35 35 35 35 35 25 13 13 14 17 17 17 17 15 15 15 14
 106 106 114 93 93 94 104 104 126 126 153 145 145 141 117 117 110 110 119 106 106 96 62 62 59 59 48 47 47 36 35 35 32 32 31 17 17 13 8 8 15 15 19 17 17 11
 106 106 114 93 93 94 104 104 126 126 153 145 145 141 117 117 110 110 119 106 106 96 62 62 59 59 48 47 47 36 35 35 32 32 31 17 17 13 8 8 15 15 19 17 17 11
 101 101 100 89 89 96 101 101 118 118 133 139 139 128 115 115 91 91 76 60 60 64 57 57 51 51 49 50 50 59 56 56 36 36 29 16 16 11 11 11 14 14 16 15 15 5
 103 103 105 115 115 90 99 99 116 116 113 112 112 100 96 96 84 84 51 59 59 63 55 55 55 55 55 56 56 61 53 53 32 32 30 26 26 18 11 11 16 16 19 18 18 9
 103 103 105 115 115 90 99 99 116 116 113 112 112 100 96 96 84 84 51 59 59 63 55 55 55 55 55 56 56 61 53 53 32 32 30 26 26 18 11 11 16 16 19 18 18 9
 103 103 103 65 65 94 77 77 82 82 79 86 86 85 71 71 44 44 46 34 34 34 40 40 44 44 59 55 55 55 46 46 37 37 32 27 27 26 18 18 28 28 29 13 13 12
 49 49 67 78 78 86 88 88 75 75 77 83 83 80 70 70 60 60 46 45 45 49 55 55 44 44 46 47 47 47 52 52 45 45 44 35 35 34 24 24 41 41 35 21 21 20
 49 49 67 78 78 86 88 88 75 75 77 83 83 80 70 70 60 60 46 45 45 49 55 55 44 44 46 47 47 47 52 52 45 45 44 35 35 34 24 24 41 41 35 21 21 20
 39 39 41 46 46 57 60 60 66 66 55 70 70 73 61 61 59 59 46 46 46 51 66 66 61 61 57 54 54 55 62 62 54 54 53 40 40 43 43 43 41 41 47 34 34 25
 39 39 41 46 46 57 60 60 66 66 55 70 70 73 61 61 59 59 46 46 46 51 66 66 61 61 57 54 54 55 62 62 54 54 53 40 40 43 43 43 41 41 47 34 34 25
 23 23 27 45 45 44 47 47 52 52 50 59 59 59 65 65 61 61 60 57 57 56 68 68 70 70 61 66 66 60 64 64 52 52 54 45 45 45 51 51 44 44 39 38 38 25
 20 20 22 25 25 24 29 29 30 30 29 38 38 57 57 57 55 55 68 64 64 59 65 65 72 72 62 66 66 57 58 58 63 63 51 48 48 58 44 44 46 46 41 27 27 16
 20 20 22 25 25 24 29 29 30 30 29 38 38 57 57 57 55 55 68 64 64 59 65 65 72 72 62 66 66 57 58 58 63 63 51 48 48 58 44 44 46 46 41 27 27 16
 18 18 13 20 20 22 24 24 24 24 25 27 27 28 44 44 45 45 55 46 46 45 57 57 68 68 60 60 60 67 63 63 62 62 53 53 53 65 37 37 48 48 44 18 18 12
 15 15 15 19 19 21 24 24 24 24 27 28 28 31 32 32 30 30 29 36 36 39 52 52 65 65 82 61 61 63 61 61 55 55 48 38 38 42 46 46 45 45 28 16 16 13
 15 15 15 19 19 21 24 24 24 24 27 28 28 31 32 32 30 30 29 36 36 39 52 52 65 65 82 61 61 63 61 61 55 55 48 38 38 42 46 46 45 45 28 16 16 13
 20 20 21 22 22 19 20 20 22 22 28 30 30 29 26 26 30 30 26 40 40 42 59 59 74 74 85 61 61 59 56 56 51 51 35 38 38 38 44 44 40 40 19 10 10 9
 20 20 21 22 22 19 20 20 22 22 28 30 30 29 26 26 30 30 26 40 40 42 59 59 74 74 85 61 61 59 56 56 51 51 35 38 38 38 44 44 40 40 19 10 10 9
 23 23 22 21 21 17 18 18 22 22 28 25 25 24 22 22 29 29 26 32 32 50 60 60 72 72 64 64 64 52 55 55 57 57 39 37 37 32 37 37 31 31 29 16 16 7
 24 24 20 20 20 16 18 18 19 19 22 22 22 22 19 19 24 24 18 22 22 33 42 42 59 59 59 48 48 51 44 44 46 46 37 32 32 30 31 31 24 24 27 13 13 4
 24 24 20 20 20 16 18 18 19 19 22 22 22 22 19 19 24 24 18 22 22 33 42 42 59 59 59 48 48 51 44 44 46 46 37 32 32 30 31 31 24 24 27 13 13 4
 26 26 21 19 19 19 24 24 15 15 18 20 20 28 23 23 21 21 20 18 18 31 39 39 46 46 50 30 30 32 44 44 42 42 34 31 31 24 31 31 23 23 18 15 15 7
 17 17 17 19 19 21 21 21 24 24 16 23 23 30 23 23 16 16 19 15 15 17 21 21 25 25 40 36 36 45 43 43 30 30 33 32 32 28 22 22 21 21 23 16 16 17
 17 17 17 19 19 21 21 21 24 24 16 23 23 30 23 23 16 16 19 15 15 17 21 21 25 25 40 36 36 45 43 43 30 30 33 32 32 28 22 22 21 21 23 16 16 17
 18 18 20 18 18 18 21 21 21 21 24 26 26 26 14 14 16 16 15 15 15 16 14 14 16 16 10 10 10 49 53 53 28 28 22 24 24 29 24 24 24 24 25 25 25 22
 18 18 20 18 18 18 21 21 21 21 24 26 26 26 14 14 16 16 15 15 15 16 14 14 16 16 10 10 10 49 53 53 28 28 22 24 24 29 24 24 24 24 25 25 25 22
 21 21 17 15 15 19 22 22 23 23 23 26 26 24 15 15 18 18 12 13 13 12 11 11 9 9 7 8 8 7 15 15 20 20 19 20 20 25 24 24 22 22 19 25 25 24
 20 20 18 18 18 17 19 19 22 22 25 31 31 30 31 31 29 29 19 13 13 11 10 10 10 10 12 14 14 13 11 11 19 19 13 14 14 18 21 21 22 22 17 19 19 25
 20 20 18 18 18 17 19 19 22 22 25 31 31 30 31 31 29 29 19 13 13 11 10 10 10 10 12 14 14 13 11 11 19 19 13 14 14 18 21 21 22 22 17 19 19 25
 24 24 23 22 22 23 24 24 26 26 28 32 32 34 32 32 29 29 20 13 13 12 11 11 11 11 15 18 18 16 16 16 18 18 17 11 11 19 17 17 19 19 16 17 17 19
 26 26 27 26 26 25 25 25 26 26 31 33 33 31 30 30 28 28 25 25 25 23 19 19 16 16 16 17 17 12 12 12 12 12 14 17 17 18 13 13 17 17 19 12 12 17
