assets/RAT_results/precipitation/2023-11-02_IMERG.asc
ncols        46
nrows        77
xllcorner    74.800261325624
yllcorner    8.058333333333
cellsize     0.062500000000
NODATA_value -9999
 15 15 22 13 13 20 37 37 141 141 138 118 118 46 28 28 19 19 11 9 9 7 4 4 2 2 0 0 0 0 0 0 0 0 0 0 0 1 26 26 1 1 0 0 0 1
 22 22 40 26 26 24 43 43 139 139 145 96 96 33 29 29 19 19 10 8 8 6 4 4 2 2 1 0 0 1 1 1 1 1 1 0 0 0 0 0 1 1 0 0 0 2
 22 22 40 26 26 24 43 43 139 139 145 96 96 33 29 29 19 19 10 8 8 6 4 4 2 2 1 0 0 1 1 1 1 1 1 0 0 0 0 0 1 1 0 0 0 2
 23 23 33 34 34 30 61 61 149 149 153 99 99 25 14 14 10 10 9 7 7 5 3 3 2 2 1 1 1 1 1 1 1 1 1 0 0 0 0 0 1 1 1 0 0 1
 24 24 36 38 38 35 49 49 49 49 53 32 32 26 13 13 10 10 8 6 6 5 4 4 3 3 2 0 0 0 0 0 0 0 0 0 0 0 0 0 1 1 1 1 1 2
 24 24 36 38 38 35 49 49 49 49 53 32 32 26 13 13 10 10 8 6 6 5 4 4 3 3 2 0 0 0 0 0 0 0 0 0 0 0 0 0 1 1 1 1 1 2
 22 22 22 33 33 43 63 63 61 61 60 28 28 20 13 13 10 10 8 7 7 6 3 3 2 2 0 0 0 0 0 0 0 0 0 0 0 0 0 0 0 0 1 1 1 4
 22 22 22 33 33 43 63 63 61 61 60 28 28 20 13 13 10 10 8 7 7 6 3 3 2 2 0 0 0 0 0 0 0 0 0 0 0 0 0 0 0 0 1 1 1 4
 28 28 18 37 37 45 52 52 46 46 43 29 29 19 12 12 9 9 7 5 5 3 1 1 1 1 1 0 0 0 0 0 0 0 0 0 0 1 0 0 0 0 1 1 1 1
 21 21 17 26 26 38 42 42 39 39 39 25 25 16 10 10 6 6 4 3 3 2 1 1 1 1 3 1 1 0 0 0 1 1 1 1 1 1 0 0 0 0 1 1 1 1
 21 21 17 26 26 38 42 42 39 39 39 25 25 16 10 10 6 6 4 3 3 2 1 1 1 1 3 1 1 0 0 0 1 1 1 1 1 1 0 0 0 0 1 1 1 1
 13 13 17 17 17 24 45 45 30 30 32 24 24 18 8 8 3 3 2 1 1 0 0 0 1 1 1 0 0 0 0 0 1 1 1 2 2 1 0 0 0 0 0 0 0 1
 7 7 10 11 11 14 40 40 23 23 21 12 12 10 5 5 1 1 0 0 0 0 0 0 0 0 0 0 0 0 0 0 1 1 1 1 1 1 1 1 0 0 0 0 0 1
 7 7 10 11 11 14 40 40 23 23 21 12 12 10 5 5 1 1 0 0 0 0 0 0 0 0 0 0 0 0 0 0 1 1 1 1 1 1 1 1 0 0 0 0 0 1
 4 4 4 9 9 16 30 30 13 13 13 4 4 2 1 1 0 0 0 0 0 0 0 0 0 0 0 0 0 0 0 0 0 0 1 1 1 1 1 1 0 0 0 0 0 1
 4 4 4 9 9 16 30 30 13 13 13 4 4 2 1 1 0 0 0 0 0 0 0 0 0 0 0 0 0 0 0 0 0 0 1 1 1 1 1 1 0 0 0 0 0 1
 1 1 3 3 3 3 3 3 2 2 3 2 2 1 1 1 0 0 0 0 0 0 0 0 0 0 0 0 0 0 0 0 0 0 1 1 1 1 0 0 0 0 3 2 2 1
 1 1 2 2 2 1 3 3 2 2 1 1 1 1 1 1 1 1 0 0 0 0 0 0 0 0 0 0 0 0 0 0 1 1 2 3 3 1 1 1 1 1 3 4 4 0
 1 1 2 2 2 1 3 3 2 2 1 1 1 1 1 1 1 1 0 0 0 0 0 0 0 0 0 0 0 0 0 0 1 1 2 3 3 1 1 1 1 1 3 4 4 0
 1 1 1 1 1 1 1 1 2 2 0 0 0 1 2 2 2 2 1 1 1 0 0 0 0 0 0 0 0 0 1 1 2 2 3 4 4 3 2 2 1 1 4 4 4 1
 1 1 1 1 1 1 1 1 2 2 2 1 1 0 2 2 3 3 6 5 5 1 1 1 1 1 1 0 0 0 1 1 2 2 4 7 7 10 6 6 2 2 2 2 2 3
 1 1 1 1 1 1 1 1 2 2 2 1 1 0 2 2 3 3 6 5 5 1 1 1 1 1 1 0 0 0 1 1 2 2 4 7 7 10 6 6 2 2 2 2 2 3
 0 0 0 1 1 1 1 1 2 2 3 1 1 0 1 1 3 3 6 5 5 2 1 1 2 2 2 1 1 6 8 8 9 9 18 20 20 18 14 14 5 5 3 5 5 3
 0 0 0 1 1 1 1 1 2 2 3 1 1 0 1 1 3 3 6 5 5 2 1 1 2 2 2 1 1 6 8 8 9 9 18 20 20 18 14 14 5 5 3 5 5 3
 1 1 1 2 2 8 10 10 4 4 5 1 1 1 1 1 2 2 7 11 11 3 1 1 2 2 1 6 6 8 11 11 15 15 24 28 28 23 15 15 10 10 6 4 4 3
 0 0 2 2 2 8 10 10 5 5 2 1 1 1 2 2 2 2 3 4 4 3 2 2 1 1 1 6 6 13 18 18 18 18 35 32 32 27 18 18 10 10 8 4 4 3
 0 0 2 2 2 8 10 10 5 5 2 1 1 1 2 2 2 2 3 4 4 3 2 2 1 1 1 6 6 13 18 18 18 18 35 32 32 27 18 18 10 10 8 4 4 3
 0 0 0 2 2 6 5 5 6 6 3 2 2 2 2 2 4 4 4 4 4 4 3 3 2 2 1 7 7 11 17 17 20 20 23 24 24 18 9 9 5 5 4 2 2 3
 0 0 0 2 2 6 1 1 1 1 3 4 4 4 4 4 8 8 9 10 10 11 10 10 7 7 4 9 9 21 20 20 22 22 17 20 20 10 7 7 3 3 2 1 1 1
 0 0 0 2 2 6 1 1 1 1 3 4 4 4 4 4 8 8 9 10 10 11 10 10 7 7 4 9 9 21 20 20 22 22 17 20 20 10 7 7 3 3 2 1 1 1
 0 0 0 1 1 1 1 1 1 1 3 4 4 5 6 6 16 16 18 20 20 21 19 19 18 18 11 12 12 16 16 16 18 18 14 13 13 8 12 12 12 12 2 1 1 1
 0 0 0 1 1 1 1 1 1 1 3 4 4 5 6 6 16 16 18 20 20 21 19 19 18 18 11 12 12 16 16 16 18 18 14 13 13 8 12 12 12 12 2 1 1 1
 3 3 3 4 4 3 3 3 2 2 4 6 6 8 9 9 25 25 25 27 27 26 30 30 25 25 15 20 20 16 14 14 18 18 11 10 10 14 29 29 19 19 4 2 2 1
 3 3 3 3 3 1 4 4 3 3 5 9 9 14 19 19 17 17 31 30 30 37 34 34 27 27 17 13 13 7 6 6 2 2 5 10 10 26 53 53 8 8 3 2 2 4
 3 3 3 3 3 1 4 4 3 3 5 9 9 14 19 19 17 17 31 30 30 37 34 34 27 27 17 13 13 7 6 6 2 2 5 10 10 26 53 53 8 8 3 2 2 4
 3 3 3 3 3 1 3 3 4 4 8 15 15 17 32 32 40 40 49 45 45 40 103 103 34 34 18 12 12 4 3 3 2 2 5 9 9 7 1 1 3 3 4 5 5 3
 3 3 2 2 2 1 2 2 5 5 12 19 19 19 24 24 28 28 32 54 54 59 72 72 41 41 22 13 13 3 2 2 2 2 1 1 1 0 0 0 1 1 3 3 3 2
 3 3 2 2 2 1 2 2 5 5 12 19 19 19 24 24 28 28 32 54 54 59 72 72 41 41 22 13 13 3 2 2 2 2 1 1 1 0 0 0 1 1 3 3 3 2
 3 3 3 2 2 1 2 2 5 5 11 15 15 19 24 24 25 25 26 53 53 80 155 155 38 38 45 15 15 2 5 5 2 2 1 0 0 0 0 0 0 0 1 2 2 2
 3 3 3 2 2 1 2 2 5 5 11 15 15 19 24 24 25 25 26 53 53 80 155 155 38 38 45 15 15 2 5 5 2 2 1 0 0 0 0 0 0 0 1 2 2 2
 3 3 3 0 0 0 1 1 4 4 7 13 13 20 22 22 21 21 17 78 78 73 122 122 55 55 40 24 24 5 5 5 1 1 2 0 0 1 0 0 0 0 1 2 2 2
 3 3 3 0 0 0 0 0 3 3 5 10 10 15 18 18 13 13 9 6 6 18 23 23 61 61 27 24 24 17 4 4 2 2 2 1 1 0 0 0 1 1 6 6 6 3
 3 3 3 0 0 0 0 0 3 3 5 10 10 15 18 18 13 13 9 6 6 18 23 23 61 61 27 24 24 17 4 4 2 2 2 1 1 0 0 0 1 1 6 6 6 3
 3 3 3 0 0 0 0 0 1 1 2 5 5 6 6 6 4 4 2 2 2 12 19 19 12 12 23 16 16 21 5 5 4 4 4 2 2 2 1 1 8 8 7 6 6 3
 0 0 1 1 1 0 0 0 0 0 1 1 1 2 2 2 1 1 0 1 1 3 7 7 8 8 24 2 2 3 4 4 6 6 7 5 5 4 2 2 19 19 19 13 13 5
 0 0 1 1 1 0 0 0 0 0 1 1 1 2 2 2 1 1 0 1 1 3 7 7 8 8 24 2 2 3 4 4 6 6 7 5 5 4 2 2 19 19 19 13 13 5
 5 5 2 3 3 2 1 1 1 1 2 3 3 5 1 1 1 1 0 1 1 1 2 2 7 7 17 10 10 4 4 4 6 6 9 8 8 11 10 10 19 19 16 14 14 14
 5 5 2 3 3 2 1 1 1 1 2 3 3 5 1 1 1 1 0 1 1 1 2 2 7 7 17 10 10 4 4 4 6 6 9 8 8 11 10 10 19 19 16 14 14 14
 7 7 7 6 6 4 3 3 4 4 7 5 5 14 20 20 3 3 2 1 1 1 2 2 11 11 32 29 29 8 4 4 10 10 6 10 10 22 16 16 12 12 26 15 15 17
 12 12 9 8 8 4 7 7 27 27 18 13 13 19 22 22 6 6 3 3 3 1 2 2 8 8 22 30 30 11 3 3 7 7 2 3 3 6 14 14 17 17 34 23 23 26
 12 12 9 8 8 4 7 7 27 27 18 13 13 19 22 22 6 6 3 3 3 1 2 2 8 8 22 30 30 11 3 3 7 7 2 3 3 6 14 14 17 17 34 23 23 26
 13 13 10 8 8 3 5 5 13 13 16 8 8 20 13 13 6 6 2 6 6 3 2 2 12 12 20 17 17 9 3 3 1 1 2 1 1 3 15 15 11 11 35 10 10 29
 4 4 7 6 6 4 5 5 10 10 12 9 9 5 11 11 3 3 2 4 4 4 7 7 13 13 18 16 16 14 13 13 5 5 3 3 3 6 15 15 11 11 14 14 14 36
 4 4 7 6 6 4 5 5 10 10 12 9 9 5 11 11 3 3 2 4 4 4 7 7 13 13 18 16 16 14 13 13 5 5 3 3 3 6 15 15 11 11 14 14 14 36
 2 2 2 3 3 3 2 2 3 3 7 5 5 4 8 8 4 4 3 4 4 3 3 3 4 4 16 11 11 14 20 20 14 14 6 2 2 3 8 8 15 15 19 15 15 20
 2 2 2 3 3 3 2 2 3 3 7 5 5 4 8 8 4 4 3 4 4 3 3 3 4 4 16 11 11 14 20 20 14 14 6 2 2 3 8 8 15 15 19 15 15 20
 1 1 1 2 2 3 2 2 2 2 2 3 3 4 5 5 5 5 9 10 10 4 3 3 3 3 13 15 15 18 15 15 9 9 6 2 2 3 5 5 8 8 12 15 15 18
 2 2 3 4 4 6 5 5 4 4 3 4 4 6 4 4 9 9 28 18 18 5 1 1 2 2 13 14 14 18 15 15 8 8 5 2 2 4 6 6 11 11 14 15 15 17
 2 2 3 4 4 6 5 5 4 4 3 4 4 6 4 4 9 9 28 18 18 5 1 1 2 2 13 14 14 18 15 15 8 8 5 2 2 4 6 6 11 11 14 15 15 17
 6 6 7 7 7 7 7 7 6 6 4 4 4 6 11 11 23 23 26 17 17 3 1 1 5 5 10 10 10 7 9 9 7 7 2 5 5 5 10 10 21 21 19 13 13 10
 8 8 7 6 6 7 6 6 5 5 4 4 4 5 7 7 9 9 14 6 6 3 3 3 6 6 0 0 0 6 6 6 5 5 3 2 2 3 9 9 12 12 12 8 8 6
 8 8 7 6 6 7 6 6 5 5 4 4 4 5 7 7 9 9 14 6 6 3 3 3 6 6 0 0 0 6 6 6 5 5 3 2 2 3 9 9 12 12 12 8 8 6
 9 9 6 7 7 6 4 4 3 3 2 2 2 4 3 3 3 3 6 3 3 2 2 2 2 2 1 1 1 6 6 6 1 1 1 1 1 2 4 4 5 5 6 5 5 6
 9 9 6 7 7 6 4 4 3 3 2 2 2 4 3 3 3 3 6 3 3 2 2 2 2 2 1 1 1 6 6 6 1 1 1 1 1 2 4 4 5 5 6 5 5 6
 6 6 7 12 12 7 3 3 2 2 3 3 3 1 1 1 2 2 3 3 3 2 2 2 2 2 4 2 2 1 2 2 2 2 1 2 2 6 8 8 4 4 4 6 6 8
 1 1 2 3 3 2 1 1 3 3 14 11 11 2 1 1 2 2 2 7 7 2 3 3 4 4 5 6 6 4 2 2 3 3 4 8 8 4 9 9 5 5 5 6 6 9
 1 1 2 3 3 2 1 1 3 3 14 11 11 2 1 1 2 2 2 7 7 2 3 3 4 4 5 6 6 4 2 2 3 3 4 8 8 4 9 9 5 5 5 6 6 9
 0 0 0 0 0 0 0 0 2 2 6 7 7 3 1 1 0 0 1 2 2 4 5 5 6 6 9 12 12 6 4 4 4 4 6 10 10 7 7 7 7 7 5 7 7 7
 0 0 0 0 0 0 0 0 0 0 1 1 1 0 1 1 1 1 0 2 2 5 7 7 8 8 8 7 7 3 3 3 4 4 8 15 15 13 11 11 8 8 3 4 4 6
 0 0 0 0 0 0 0 0 0 0 1 1 1 0 1 1 1 1 0 2 2 5 7 7 8 8 8 7 7 3 3 3 4 4 8 15 15 13 11 11 8 8 3 4 4 6
 0 0 0 1 1 1 0 0 0 0 0 1 1 1 0 0 1 1 2 4 4 7 14 14 14 14 10 5 5 2 2 2 2 2 5 11 11 19 15 15 11 11 3 1 1 7
 0 0 0 1 1 1 0 0 0 0 0 1 1 1 0 0 1 1 2 4 4 7 14 14 14 14 10 5 5 2 2 2 2 2 5 11 11 19 15 15 11 11 3 1 1 7
 2 2 2 1 1 0 0 0 0 0 0 1 1 1 0 0 1 1 3 5 5 12 20 20 26 26 15 5 5 2 2 2 2 2 3 6 6 11 13 13 17 17 5 5 5 7
 1 1 1 1 1 1 1 1 0 0 0 0 0 1 0 0 1 1 1 5 5 12 19 19 23 23 15 5 5 4 4 4 2 2 2 2 2 5 9 9 16 16 9 3 3 6
 1 1 1 1 1 1 1 1 0 0 0 0 0 1 0 0 1 1 1 5 5 12 19 19 23 23 15 5 5 4 4 4 2 2 2 2 2 5 9 9 16 16 9 3 3 6
 2 2 2 2 2 2 1 1 1 1 1 6 6 1 1 1 0 0 2 3 3 4 8 8 14 14 11 3 3 1 2 2 2 2 2 2 2 4 15 15 28 28 14 4 4 5
 3 3 3 2 2 2 1 1 1 1 8 8 8 7 1 1 1 1 1 2 2 1 3 3 7 7 4 1 1 1 1 1 2 2 2 2 2 4 8 8 10 10 9 2 2 8
