assets/RAT_results/precipitation/2023-05-24_IMERG.asc
ncols        46
nrows        77
xllcorner    74.800261325624
yllcorner    8.058333333333
cellsize     0.062500000000
NODATA_value -9999
 19 19 4 0 0 0 0 0 0 0 0 0 0 0 0 0 0 0 0 0 0 0 0 0 0 0 1 0 0 0 1 1 4 4 2 0 0 1 1 1 2 2 1 0 0 1
 11 11 2 0 0 0 0 0 0 0 1 1 1 2 1 1 1 1 1 0 0 0 1 1 2 2 1 0 0 1 1 1 2 2 1 0 0 0 0 0 0 0 0 0 0 0
 11 11 2 0 0 0 0 0 0 0 1 1 1 2 1 1 1 1 1 0 0 0 1 1 2 2 1 0 0 1 1 1 2 2 1 0 0 0 0 0 0 0 0 0 0 0
 2 2 0 0 0 0 0 0 1 1 5 9 9 8 5 5 3 3 3 5 5 2 1 1 3 3 2 1 1 1 2 2 2 2 2 0 0 0 0 0 0 0 1 1 1 1
 0 0 0 0 0 0 0 0 2 2 10 19 19 18 12 12 7 7 5 11 11 22 2 2 5 5 2 1 1 1 2 2 4 4 4 1 1 0 0 0 0 0 0 1 1 1
 0 0 0 0 0 0 0 0 2 2 10 19 19 18 12 12 7 7 5 11 11 22 2 2 5 5 2 1 1 1 2 2 4 4 4 1 1 0 0 0 0 0 0 1 1 1
 0 0 0 0 0 0 0 0 2 2 8 19 19 25 23 23 21 21 18 13 13 5 11 11 7 7 4 3 3 2 3 3 6 6 5 1 1 0 0 0 0 0 0 0 0 0
 0 0 0 0 0 0 0 0 2 2 8 19 19 25 23 23 21 21 18 13 13 5 11 11 7 7 4 3 3 2 3 3 6 6 5 1 1 0 0 0 0 0 0 0 0 0
 0 0 0 0 0 0 0 0 1 1 5 11 11 17 44 44 24 24 11 6 6 2 11 11 8 8 7 8 8 7 6 6 9 9 5 1 1 1 1 1 0 0 1 1 1 2
 0 0 0 0 0 0 0 0 1 1 4 8 8 10 31 31 11 11 8 2 2 7 8 8 10 10 12 11 11 7 6 6 10 10 4 2 2 2 1 1 1 1 2 3 3 5
 0 0 0 0 0 0 0 0 1 1 4 8 8 10 31 31 11 11 8 2 2 7 8 8 10 10 12 11 11 7 6 6 10 10 4 2 2 2 1 1 1 1 2 3 3 5
 0 0 0 0 0 0 0 0 0 0 2 6 6 6 8 8 2 2 2 2 2 8 11 11 8 8 9 11 11 11 11 11 10 10 6 4 4 3 2 2 3 3 4 5 5 12
 0 0 0 0 0 0 0 0 0 0 1 3 3 3 1 1 2 2 3 4 4 15 20 20 15 15 14 12 12 10 13 13 13 13 9 5 5 4 4 4 5 5 8 6 6 11
 0 0 0 0 0 0 0 0 0 0 1 3 3 3 1 1 2 2 3 4 4 15 20 20 15 15 14 12 12 10 13 13 13 13 9 5 5 4 4 4 5 5 8 6 6 11
 0 0 0 0 0 0 0 0 0 0 0 0 0 0 0 0 1 1 3 7 7 18 23 23 20 20 19 16 16 15 14 14 12 12 9 7 7 6 7 7 8 8 7 8 8 8
 0 0 0 0 0 0 0 0 0 0 0 0 0 0 0 0 1 1 3 7 7 18 23 23 20 20 19 16 16 15 14 14 12 12 9 7 7 6 7 7 8 8 7 8 8 8
 0 0 0 1 1 1 1 1 1 1 1 0 0 0 0 0 1 1 2 7 7 15 19 19 18 18 16 12 12 14 11 11 8 8 9 11 11 9 9 9 14 14 7 7 7 7
 0 0 0 3 3 3 3 3 2 2 7 5 5 0 0 0 1 1 4 11 11 18 15 15 13 13 13 7 7 5 5 5 8 8 9 13 13 9 8 8 9 9 6 5 5 5
 0 0 0 3 3 3 3 3 2 2 7 5 5 0 0 0 1 1 4 11 11 18 15 15 13 13 13 7 7 5 5 5 8 8 9 13 13 9 8 8 9 9 6 5 5 5
 0 0 0 1 1 5 4 4 2 2 10 2 2 1 1 1 3 3 8 13 13 18 12 12 9 9 6 3 3 2 2 2 2 2 5 10 10 10 9 9 10 10 5 3 3 2
 1 1 0 1 1 2 3 3 2 2 3 4 4 5 3 3 8 8 24 19 19 16 11 11 8 8 4 2 2 1 1 1 4 4 4 8 8 6 18 18 3 3 2 1 1 0
 1 1 0 1 1 2 3 3 2 2 3 4 4 5 3 3 8 8 24 19 19 16 11 11 8 8 4 2 2 1 1 1 4 4 4 8 8 6 18 18 3 3 2 1 1 0
 3 3 1 1 1 2 2 2 4 4 3 9 9 3 3 3 17 17 28 27 27 19 12 12 8 8 4 5 5 4 5 5 4 4 3 4 4 4 5 5 4 4 2 1 1 2
 3 3 1 1 1 2 2 2 4 4 3 9 9 3 3 3 17 17 28 27 27 19 12 12 8 8 4 5 5 4 5 5 4 4 3 4 4 4 5 5 4 4 2 1 1 2
 4 4 1 1 1 1 4 4 4 4 3 8 8 6 10 10 13 13 24 21 21 16 13 13 11 11 5 6 6 6 11 11 1 1 0 2 2 3 4 4 5 5 5 5 5 3
 1 1 1 0 0 1 2 2 4 4 4 1 1 7 11 11 11 11 16 10 10 9 12 12 16 16 8 3 3 2 0 0 0 0 1 6 6 9 9 9 11 11 8 6 6 4
 1 1 1 0 0 1 2 2 4 4 4 1 1 7 11 11 11 11 16 10 10 9 12 12 16 16 8 3 3 2 0 0 0 0 1 6 6 9 9 9 11 11 8 6 6 4
 1 1 1 0 0 1 2 2 2 2 2 1 1 1 5 5 12 12 12 2 2 5 16 16 24 24 14 5 5 1 0 0 0 0 2 9 9 10 9 9 9 9 9 7 7 6
 2 2 1 1 1 2 3 3 4 4 2 1 1 2 1 1 3 3 3 1 1 6 15 15 21 21 14 6 6 2 1 1 0 0 2 4 4 5 5 5 6 6 6 5 5 3
 2 2 1 1 1 2 3 3 4 4 2 1 1 2 1 1 3 3 3 1 1 6 15 15 21 21 14 6 6 2 1 1 0 0 2 4 4 5 5 5 6 6 6 5 5 3
 1 1 1 1 1 2 2 2 5 5 18 2 2 2 1 1 1 1 0 1 1 4 7 7 11 11 10 4 4 3 0 0 0 0 0 0 0 1 1 1 1 1 1 1 1 1
 1 1 1 1 1 2 2 2 5 5 18 2 2 2 1 1 1 1 0 1 1 4 7 7 11 11 10 4 4 3 0 0 0 0 0 0 0 1 1 1 1 1 1 1 1 1
 1 1 0 0 0 1 0 0 3 3 17 14 14 15 3 3 3 3 1 2 2 2 3 3 7 7 9 6 6 1 0 0 0 0 0 0 0 0 0 0 0 0 0 0 0 0
 0 0 0 1 1 1 0 0 3 3 3 2 2 2 1 1 2 2 1 4 4 3 3 3 8 8 8 3 3 0 0 0 0 0 0 0 0 0 0 0 0 0 0 1 1 1
 0 0 0 1 1 1 0 0 3 3 3 2 2 2 1 1 2 2 1 4 4 3 3 3 8 8 8 3 3 0 0 0 0 0 0 0 0 0 0 0 0 0 0 1 1 1
 0 0 0 1 1 0 0 0 1 1 1 1 1 2 2 2 2 2 1 5 5 6 4 4 4 4 4 2 2 0 0 0 0 0 0 0 0 0 1 1 1 1 2 4 4 5
 0 0 0 0 0 0 0 0 1 1 3 4 4 2 2 2 2 2 1 5 5 5 5 5 2 2 1 1 1 0 0 0 0 0 0 0 0 1 4 4 4 4 7 11 11 13
 0 0 0 0 0 0 0 0 1 1 3 4 4 2 2 2 2 2 1 5 5 5 5 5 2 2 1 1 1 0 0 0 0 0 0 0 0 1 4 4 4 4 7 11 11 13
 0 0 0 0 0 0 0 0 1 1 6 5 5 2 1 1 1 1 1 0 0 1 0 0 0 0 1 2 2 0 0 0 1 1 1 0 0 0 2 2 6 6 10 15 15 16
 0 0 0 0 0 0 0 0 1 1 6 5 5 2 1 1 1 1 1 0 0 1 0 0 0 0 1 2 2 0 0 0 1 1 1 0 0 0 2 2 6 6 10 15 15 16
 0 0 0 0 0 0 0 0 2 2 4 4 4 2 1 1 1 1 1 3 3 2 1 1 0 0 1 3 3 2 3 3 5 5 3 1 1 2 1 1 3 3 7 9 9 13
 0 0 0 0 0 0 0 0 2 2 2 1 1 2 2 2 1 1 2 1 1 1 0 0 0 0 1 2 2 6 9 9 11 11 7 3 3 3 3 3 5 5 6 11 11 14
 0 0 0 0 0 0 0 0 2 2 2 1 1 2 2 2 1 1 2 1 1 1 0 0 0 0 1 2 2 6 9 9 11 11 7 3 3 3 3 3 5 5 6 11 11 14
 0 0 0 0 0 0 0 0 0 0 0 0 0 1 1 1 1 1 0 0 0 0 0 0 0 0 1 5 5 10 14 14 16 16 11 6 6 6 5 5 5 5 7 2 2 4
 0 0 0 0 0 0 0 0 0 0 0 0 0 0 0 0 0 0 0 1 1 0 0 0 0 0 1 5 5 10 13 13 13 13 9 5 5 4 4 4 2 2 2 6 6 8
 0 0 0 0 0 0 0 0 0 0 0 0 0 0 0 0 0 0 0 1 1 0 0 0 0 0 1 5 5 10 13 13 13 13 9 5 5 4 4 4 2 2 2 6 6 8
 0 0 0 0 0 0 0 0 0 0 0 0 0 0 0 0 0 0 0 1 1 0 0 0 0 0 0 2 2 5 7 7 7 7 4 2 2 1 1 1 1 1 4 10 10 13
 0 0 0 0 0 0 0 0 0 0 0 0 0 0 0 0 0 0 0 1 1 0 0 0 0 0 0 2 2 5 7 7 7 7 4 2 2 1 1 1 1 1 4 10 10 13
 0 0 0 0 0 0 0 0 0 0 0 0 0 0 0 0 0 0 0 0 0 0 1 1 1 1 0 1 1 2 4 4 5 5 5 3 3 0 0 0 1 1 5 10 10 12
 0 0 0 0 0 0 3 3 3 3 0 0 0 0 0 0 0 0 0 0 0 1 2 2 2 2 0 1 1 4 10 10 7 7 5 3 3 0 0 0 0 0 3 5 5 6
 0 0 0 0 0 0 3 3 3 3 0 0 0 0 0 0 0 0 0 0 0 1 2 2 2 2 0 1 1 4 10 10 7 7 5 3 3 0 0 0 0 0 3 5 5 6
 0 0 0 0 0 1 1 1 3 3 1 0 0 0 0 0 0 0 0 0 0 0 2 2 7 7 4 5 5 6 10 10 6 6 5 1 1 0 0 0 0 0 1 2 2 2
 0 0 0 0 0 0 0 0 0 0 1 0 0 0 0 0 0 0 1 0 0 0 0 0 0 0 1 2 2 6 3 3 3 3 3 2 2 0 0 0 2 2 3 1 1 0
 0 0 0 0 0 0 0 0 0 0 1 0 0 0 0 0 0 0 1 0 0 0 0 0 0 0 1 2 2 6 3 3 3 3 3 2 2 0 0 0 2 2 3 1 1 0
 1 1 0 0 0 0 0 0 0 0 1 1 1 0 0 0 0 0 0 1 1 0 0 0 0 0 0 1 1 1 1 1 1 1 2 4 4 1 1 1 2 2 5 1 1 0
 1 1 0 0 0 0 0 0 0 0 1 1 1 0 0 0 0 0 0 1 1 0 0 0 0 0 0 1 1 1 1 1 1 1 2 4 4 1 1 1 2 2 5 1 1 0
 0 0 0 0 0 0 0 0 0 0 1 1 1 0 0 0 1 1 1 1 1 0 0 0 0 0 0 0 0 0 0 0 0 0 0 1 1 1 0 0 0 0 1 1 1 0
 0 0 0 0 0 0 0 0 0 0 1 1 1 0 0 0 1 1 1 0 0 0 0 0 0 0 0 0 0 0 0 0 0 0 0 0 0 0 0 0 0 0 0 0 0 0
 0 0 0 0 0 0 0 0 0 0 1 1 1 0 0 0 1 1 1 0 0 0 0 0 0 0 0 0 0 0 0 0 0 0 0 0 0 0 0 0 0 0 0 0 0 0
 0 0 0 0 0 0 0 0 0 0 1 2 2 1 0 0 0 0 1 1 1 1 1 1 0 0 0 0 0 0 0 0 0 0 0 0 0 0 0 0 0 0 0 0 0 0
 0 0 0 0 0 1 0 0 1 1 1 3 3 3 1 1 1 1 0 1 1 3 2 2 1 1 0 0 0 0 0 0 0 0 0 0 0 0 0 0 0 0 0 0 0 0
 0 0 0 0 0 1 0 0 1 1 1 3 3 3 1 1 1 1 0 1 1 3 2 2 1 1 0 0 0 0 0 0 0 0 0 0 0 0 0 0 0 0 0 0 0 0
 2 2 1 0 0 1 1 1 0 0 0 0 0 1 2 2 1 1 1 1 1 3 3 3 2 2 1 0 0 0 1 1 0 0 0 0 0 0 0 0 0 0 0 0 0 0
 2 2 1 0 0 1 1 1 0 0 0 0 0 1 2 2 1 1 1 1 1 3 3 3 2 2 1 0 0 0 1 1 0 0 0 0 0 0 0 0 0 0 0 0 0 0
 0 0 1 0 0 0 0 0 0 0 0 0 0 0 0 0 0 0 1 1 1 1 1 1 0 0 1 0 0 0 1 1 1 1 1 0 0 0 0 0 0 0 0 0 0 0
 1 1 2 2 2 1 0 0 0 0 0 0 0 1 1 1 0 0 0 2 2 1 1 1 0 0 0 0 0 0 0 0 0 0 0 1 1 2 7 7 1 1 0 0 0 0
 1 1 2 2 2 1 0 0 0 0 0 0 0 1 1 1 0 0 0 2 2 1 1 1 0 0 0 0 0 0 0 0 0 0 0 1 1 2 7 7 1 1 0 0 0 0
 1 1 4 7 7 2 0 0 0 0 0 1 1 3 1 1 2 2 2 1 1 1 1 1 0 0 0 0 0 0 0 0 0 0 0 1 1 4 11 11 2 2 0 0 0 0
 1 1 3 11 11 8 2 2 0 0 1 1 1 2 2 2 8 8 5 2 2 2 2 2 0 0 0 1 1 1 0 0 0 0 0 0 0 2 4 4 1 1 0 0 0 0
 1 1 3 11 11 8 2 2 0 0 1 1 1 2 2 2 8 8 5 2 2 2 2 2 0 0 0 1 1 1 0 0 0 0 0 0 0 2 4 4 1 1 0 0 0 0
 1 1 2 6 6 4 1 1 0 0 0 0 0 1 1 1 4 4 7 3 3 3 1 1 0 0 0 0 0 0 1 1 0 0 0 0 0 0 1 1 0 0 0 0 0 0
 1 1 2 6 6 4 1 1 0 0 0 0 0 1 1 1 4 4 7 3 3 3 1 1 0 0 0 0 0 0 1 1 0 0 0 0 0 0 1 1 0 0 0 0 0 0
 0 0 0 2 2 1 0 0 0 0 0 0 0 0 1 1 2 2 3 2 2 2 2 2 1 1 1 1 1 1 0 0 1 1 0 0 0 0 0 0 0 0 0 0 0 0
 0 0 0 0 0 0 0 0 0 0 0 0 0 0 0 0 0 0 0 0 0 0 0 0 0 0 1 0 0 1 0 0 0 0 0 0 0 0 0 0 0 0 0 0 0 0
 0 0 0 0 0 0 0 0 0 0 0 0 0 0 0 0 0 0 0 0 0 0 0 0 0 0 1 0 0 1 0 0 0 0 0 0 0 0 0 0 0 0 0 0 0 0
 0 0 0 0 0 0 0 0 0 0 0 0 0 0 0 0 0 0 0 0 0 0 0 0 0 0 0 0 0 0 0 0 0 0 0 0 0 0 0 0 0 0 0 0 0 0
 0 0 0 0 0 0 0 0 0 0 0 0 0 0 0 0 0 0 0 0 0 0 0 0 0 0 0 0 0 0 0 0 0 0 0 0 0 0 0 0 0 0 0 0 0 0
