assets/RAT_results/precipitation/2023-07-06_IMERG.asc
ncols        46
nrows        77
xllcorner    74.800261325624
yllcorner    8.058333333333
cellsize     0.062500000000
NODATA_value -9999
 110 110 112 132 132 92 80 80 68 68 52 44 44 48 47 47 41 41 27 21 21 21 15 15 11 11 9 7 7 6 4 4 5 5 4 2 2 1 2 2 1 1 2 0 0 0
 99 99 88 79 79 85 79 79 64 64 54 45 45 40 39 39 43 43 28 24 24 16 9 9 9 9 10 8 8 5 2 2 3 3 2 2 2 0 1 1 1 1 0 0 0 0
 99 99 88 79 79 85 79 79 64 64 54 45 45 40 39 39 43 43 28 24 24 16 9 9 9 9 10 8 8 5 2 2 3 3 2 2 2 0 1 1 1 1 0 0 0 0
 80 80 77 69 69 74 63 63 53 53 42 34 34 35 46 46 29 29 29 18 18 8 7 7 10 10 11 9 9 6 3 3 3 3 1 0 0 0 0 0 1 1 0 0 0 0
 41 41 59 57 57 58 45 45 49 49 36 30 30 36 38 38 28 28 28 17 17 13 12 12 11 11 11 7 7 5 3 3 2 2 1 0 0 0 0 0 0 0 0 0 0 0
 41 41 59 57 57 58 45 45 49 49 36 30 30 36 38 38 28 28 28 17 17 13 12 12 11 11 11 7 7 5 3 3 2 2 1 0 0 0 0 0 0 0 0 0 0 0
 30 30 46 58 58 48 36 36 31 31 35 34 34 31 25 25 17 17 15 11 11 11 11 11 10 10 9 9 9 6 6 6 3 3 2 0 0 0 0 0 0 0 0 0 0 0
 30 30 46 58 58 48 36 36 31 31 35 34 34 31 25 25 17 17 15 11 11 11 11 11 10 10 9 9 9 6 6 6 3 3 2 0 0 0 0 0 0 0 0 0 0 0
 36 36 51 67 67 49 38 38 37 37 33 34 34 35 31 31 21 21 14 15 15 15 9 9 9 9 9 8 8 6 6 6 3 3 3 0 0 0 0 0 0 0 0 0 0 0
 43 43 47 77 77 67 50 50 37 37 39 35 35 36 30 30 26 26 14 15 15 14 10 10 6 6 7 6 6 5 6 6 2 2 2 0 0 0 0 0 1 1 0 0 0 0
 43 43 47 77 77 67 50 50 37 37 39 35 35 36 30 30 26 26 14 15 15 14 10 10 6 6 7 6 6 5 6 6 2 2 2 0 0 0 0 0 1 1 0 0 0 0
 40 40 40 41 41 60 49 49 45 45 44 33 33 29 23 23 22 22 22 17 17 17 9 9 6 6 4 3 3 4 6 6 4 4 3 0 0 0 0 0 2 2 2 0 0 0
 36 36 36 32 32 48 47 47 44 44 39 32 32 27 21 21 15 15 16 14 14 17 9 9 5 5 5 4 4 5 4 4 5 5 2 2 2 2 1 1 2 2 2 0 0 0
 36 36 36 32 32 48 47 47 44 44 39 32 32 27 21 21 15 15 16 14 14 17 9 9 5 5 5 4 4 5 4 4 5 5 2 2 2 2 1 1 2 2 2 0 0 0
 38 38 33 29 29 33 41 41 39 39 37 33 33 28 23 23 14 14 15 12 12 11 10 10 7 7 7 4 4 4 3 3 2 2 1 3 3 2 3 3 4 4 2 1 1 1
 38 38 33 29 29 33 41 41 39 39 37 33 33 28 23 23 14 14 15 12 12 11 10 10 7 7 7 4 4 4 3 3 2 2 1 3 3 2 3 3 4 4 2 1 1 1
 28 28 24 28 28 33 31 31 31 31 25 31 31 25 22 22 17 17 13 14 14 9 11 11 8 8 5 3 3 3 3 3 2 2 3 4 4 4 4 4 4 4 4 2 2 2
 21 21 31 40 40 27 23 23 21 21 21 24 24 25 27 27 21 21 12 11 11 12 11 11 9 9 5 3 3 3 2 2 3 3 5 6 6 4 5 5 6 6 4 4 4 1
 21 21 31 40 40 27 23 23 21 21 21 24 24 25 27 27 21 21 12 11 11 12 11 11 9 9 5 3 3 3 2 2 3 3 5 6 6 4 5 5 6 6 4 4 4 1
 32 32 40 44 44 22 20 20 26 26 33 25 25 25 28 28 21 21 14 13 13 14 13 13 10 10 7 3 3 2 3 3 4 4 5 6 6 4 5 5 5 5 7 7 7 6
 39 39 35 31 31 24 22 22 20 20 30 25 25 24 21 21 18 18 14 16 16 14 14 14 15 15 15 9 9 18 19 19 7 7 5 4 4 4 5 5 9 9 8 11 11 7
 39 39 35 31 31 24 22 22 20 20 30 25 25 24 21 21 18 18 14 16 16 14 14 14 15 15 15 9 9 18 19 19 7 7 5 4 4 4 5 5 9 9 8 11 11 7
 40 40 39 32 32 27 22 22 19 19 20 20 20 24 21 21 21 21 16 20 20 19 23 23 24 24 21 10 10 20 20 20 12 12 11 5 5 4 3 3 8 8 7 10 10 4
 40 40 39 32 32 27 22 22 19 19 20 20 20 24 21 21 21 21 16 20 20 19 23 23 24 24 21 10 10 20 20 20 12 12 11 5 5 4 3 3 8 8 7 10 10 4
 31 31 31 31 31 30 29 29 26 26 19 20 20 26 23 23 16 16 16 18 18 21 21 21 27 27 26 15 15 21 21 21 12 12 10 4 4 2 1 1 1 1 1 1 1 3
 26 26 27 32 32 30 33 33 29 29 19 10 10 22 23 23 15 15 17 20 20 19 19 19 25 25 24 16 16 10 20 20 10 10 5 4 4 3 1 1 0 0 1 1 1 2
 26 26 27 32 32 30 33 33 29 29 19 10 10 22 23 23 15 15 17 20 20 19 19 19 25 25 24 16 16 10 20 20 10 10 5 4 4 3 1 1 0 0 1 1 1 2
 23 23 25 36 36 29 28 28 30 30 22 22 22 33 30 30 21 21 26 21 21 14 16 16 19 19 25 18 18 9 3 3 4 4 4 3 3 2 1 1 0 0 1 0 0 0
 21 21 32 35 35 23 34 34 38 38 37 53 53 53 38 38 33 33 31 22 22 14 15 15 14 14 13 7 7 5 3 3 3 3 3 2 2 1 0 0 0 0 0 0 0 1
 21 21 32 35 35 23 34 34 38 38 37 53 53 53 38 38 33 33 31 22 22 14 15 15 14 14 13 7 7 5 3 3 3 3 3 2 2 1 0 0 0 0 0 0 0 1
 26 26 40 35 35 30 34 34 36 36 43 55 55 41 41 41 35 35 32 28 28 14 15 15 9 9 6 5 5 5 4 4 4 4 4 2 2 1 0 0 0 0 0 0 0 0
 26 26 40 35 35 30 34 34 36 36 43 55 55 41 41 41 35 35 32 28 28 14 15 15 9 9 6 5 5 5 4 4 4 4 4 2 2 1 0 0 0 0 0 0 0 0
 27 27 39 33 33 25 28 28 31 31 34 31 31 41 37 37 34 34 34 22 22 14 11 11 11 11 10 4 4 4 3 3 3 3 3 3 3 1 0 0 0 0 0 0 0 0
 25 25 33 37 37 26 24 24 27 27 26 23 23 24 21 21 19 19 26 21 21 18 12 12 11 11 8 4 4 3 2 2 2 2 1 1 1 0 0 0 0 0 0 0 0 0
 25 25 33 37 37 26 24 24 27 27 26 23 23 24 21 21 19 19 26 21 21 18 12 12 11 11 8 4 4 3 2 2 2 2 1 1 1 0 0 0 0 0 0 0 0 0
 31 31 34 32 32 31 35 35 30 30 23 20 20 19 18 18 21 21 22 19 19 21 16 16 12 12 8 4 4 1 1 1 1 1 1 0 0 0 0 0 0 0 0 1 1 3
 30 30 32 35 35 32 40 40 38 38 26 22 22 26 20 20 24 24 28 29 29 26 23 23 20 20 13 4 4 2 1 1 1 1 1 0 0 0 0 0 1 1 2 3 3 5
 30 30 32 35 35 32 40 40 38 38 26 22 22 26 20 20 24 24 28 29 29 26 23 23 20 20 13 4 4 2 1 1 1 1 1 0 0 0 0 0 1 1 2 3 3 5
 27 27 34 37 37 40 53 53 50 50 36 34 34 36 33 33 41 41 38 34 34 33 33 33 29 29 16 5 5 3 1 1 1 1 1 0 0 1 2 2 4 4 5 6 6 7
 27 27 34 37 37 40 53 53 50 50 36 34 34 36 33 33 41 41 38 34 34 33 33 33 29 29 16 5 5 3 1 1 1 1 1 0 0 1 2 2 4 4 5 6 6 7
 43 43 44 47 47 48 53 53 41 41 37 36 36 38 35 35 41 41 36 45 45 44 48 48 39 39 20 13 13 7 5 5 3 3 3 3 3 4 6 6 7 7 9 8 8 8
 42 42 47 50 50 46 47 47 43 43 35 40 40 37 33 33 34 34 25 33 33 40 39 39 31 31 17 13 13 8 6 6 4 4 4 7 7 9 10 10 12 12 12 10 10 11
 42 42 47 50 50 46 47 47 43 43 35 40 40 37 33 33 34 34 25 33 33 40 39 39 31 31 17 13 13 8 6 6 4 4 4 7 7 9 10 10 12 12 12 10 10 11
 41 41 43 44 44 38 37 37 31 31 37 61 61 53 33 33 22 22 22 23 23 23 24 24 19 19 16 12 12 10 6 6 6 6 7 9 9 9 12 12 14 14 14 12 12 12
 32 32 32 33 33 31 32 32 36 36 43 57 57 50 25 25 21 21 17 15 15 23 20 20 18 18 17 19 19 16 10 10 10 10 9 12 12 12 14 14 17 17 15 13 13 13
 32 32 32 33 33 31 32 32 36 36 43 57 57 50 25 25 21 21 17 15 15 23 20 20 18 18 17 19 19 16 10 10 10 10 9 12 12 12 14 14 17 17 15 13 13 13
 30 30 30 30 30 29 31 31 46 46 46 43 43 38 42 42 28 28 24 20 20 19 14 14 17 17 26 23 23 21 15 15 8 8 10 13 13 14 15 15 16 16 16 12 12 11
 30 30 30 30 30 29 31 31 46 46 46 43 43 38 42 42 28 28 24 20 20 19 14 14 17 17 26 23 23 21 15 15 8 8 10 13 13 14 15 15 16 16 16 12 12 11
 28 28 29 28 28 32 33 33 47 47 65 29 29 36 32 32 16 16 20 21 21 13 12 12 12 12 18 21 21 21 17 17 16 16 12 14 14 14 13 13 14 14 13 9 9 9
 32 32 33 31 31 32 34 34 36 36 45 36 36 19 17 17 16 16 18 20 20 13 6 6 9 9 17 19 19 16 9 9 13 13 13 13 13 12 11 11 10 10 10 7 7 7
 32 32 33 31 31 32 34 34 36 36 45 36 36 19 17 17 16 16 18 20 20 13 6 6 9 9 17 19 19 16 9 9 13 13 13 13 13 12 11 11 10 10 10 7 7 7
 38 38 33 30 30 30 32 32 32 32 43 25 25 22 23 23 21 21 16 12 12 15 8 8 11 11 12 15 15 11 8 8 9 9 11 11 11 10 9 9 9 9 9 8 8 8
 37 37 27 24 24 22 24 24 24 24 28 28 28 27 30 30 27 27 22 16 16 18 16 16 24 24 27 22 22 16 10 10 9 9 8 8 8 8 8 8 9 9 11 11 11 11
 37 37 27 24 24 22 24 24 24 24 28 28 28 27 30 30 27 27 22 16 16 18 16 16 24 24 27 22 22 16 10 10 9 9 8 8 8 8 8 8 9 9 11 11 11 11
 34 34 29 29 29 21 25 25 25 25 30 29 29 32 36 36 33 33 23 23 23 29 28 28 30 30 36 32 32 22 17 17 12 12 10 10 10 11 11 11 11 11 13 12 12 10
 34 34 29 29 29 21 25 25 25 25 30 29 29 32 36 36 33 33 23 23 23 29 28 28 30 30 36 32 32 22 17 17 12 12 10 10 10 11 11 11 11 11 13 12 12 10
 29 29 27 28 28 23 22 22 21 21 25 24 24 24 32 32 44 44 36 30 30 35 30 30 34 34 35 37 37 27 19 19 16 16 15 12 12 13 13 13 13 13 14 12 12 9
 27 27 28 28 28 25 22 22 16 16 18 20 20 22 30 30 34 34 31 26 26 26 25 25 26 26 32 28 28 32 24 24 20 20 19 18 18 19 19 19 15 15 16 11 11 7
 27 27 28 28 28 25 22 22 16 16 18 20 20 22 30 30 34 34 31 26 26 26 25 25 26 26 32 28 28 32 24 24 20 20 19 18 18 19 19 19 15 15 16 11 11 7
 24 24 20 21 21 23 20 20 18 18 18 18 18 20 21 21 22 22 20 21 21 22 20 20 23 23 40 33 33 30 27 27 21 21 24 19 19 26 19 19 14 14 10 5 5 3
 18 18 16 18 18 11 11 11 14 14 15 16 16 18 18 18 20 20 20 21 21 22 22 22 25 25 25 39 39 34 31 31 25 25 28 24 24 24 16 16 12 12 6 4 4 3
 18 18 16 18 18 11 11 11 14 14 15 16 16 18 18 18 20 20 20 21 21 22 22 22 25 25 25 39 39 34 31 31 25 25 28 24 24 24 16 16 12 12 6 4 4 3
 16 16 13 17 17 9 9 9 11 11 11 12 12 16 17 17 17 17 21 22 22 22 22 22 22 22 25 43 43 37 31 31 28 28 23 18 18 15 12 12 11 11 7 6 6 5
 16 16 13 17 17 9 9 9 11 11 11 12 12 16 17 17 17 17 21 22 22 22 22 22 22 22 25 43 43 37 31 31 28 28 23 18 18 15 12 12 11 11 7 6 6 5
 15 15 14 15 15 10 7 7 7 7 8 10 10 14 15 15 17 17 19 21 21 20 23 23 22 22 21 21 21 37 28 28 23 23 17 14 14 15 15 15 15 15 9 9 9 5
 18 18 18 18 18 10 8 8 8 8 9 11 11 16 17 17 20 20 22 21 21 22 25 25 26 26 23 21 21 28 16 16 17 17 15 14 14 18 16 16 14 14 6 4 4 1
 18 18 18 18 18 10 8 8 8 8 9 11 11 16 17 17 20 20 22 21 21 22 25 25 26 26 23 21 21 28 16 16 17 17 15 14 14 18 16 16 14 14 6 4 4 1
 24 24 24 24 24 17 13 13 13 13 18 21 21 22 24 24 27 27 28 26 26 25 24 24 23 23 22 19 19 13 15 15 13 13 16 14 14 10 7 7 7 7 4 2 2 1
 29 29 28 26 26 25 26 26 25 25 32 36 36 32 34 34 38 38 34 29 29 25 21 21 16 16 14 14 14 11 11 11 9 9 7 7 7 5 3 3 2 2 2 3 3 1
 29 29 28 26 26 25 26 26 25 25 32 36 36 32 34 34 38 38 34 29 29 25 21 21 16 16 14 14 14 11 11 11 9 9 7 7 7 5 3 3 2 2 2 3 3 1
 32 32 27 27 27 29 30 30 34 34 43 45 45 33 40 40 41 41 34 26 26 19 14 14 15 15 15 11 11 10 13 13 8 8 4 2 2 2 2 2 3 3 2 3 3 3
 32 32 27 27 27 29 30 30 34 34 43 45 45 33 40 40 41 41 34 26 26 19 14 14 15 15 15 11 11 10 13 13 8 8 4 2 2 2 2 2 3 3 2 3 3 3
 29 29 24 27 27 31 38 38 39 39 45 38 38 34 40 40 37 37 27 19 19 12 14 14 15 15 13 19 19 18 18 18 6 6 7 7 7 3 3 3 4 4 4 4 4 7
 26 26 25 26 26 36 45 45 45 45 43 36 36 33 33 33 27 27 20 14 14 14 13 13 12 12 10 13 13 16 6 6 7 7 13 9 9 3 5 5 8 8 11 10 10 9
 26 26 25 26 26 36 45 45 45 45 43 36 36 33 33 33 27 27 20 14 14 14 13 13 12 12 10 13 13 16 6 6 7 7 13 9 9 3 5 5 8 8 11 10 10 9
 21 21 20 24 24 32 41 41 41 41 43 34 34 27 23 23 18 18 14 11 11 11 11 11 8 8 9 9 9 7 4 4 4 4 4 4 4 5 14 14 11 11 14 9 9 5
 19 19 18 22 22 26 28 28 36 36 36 32 32 19 16 16 12 12 9 8 8 9 9 9 8 8 5 4 4 3 4 4 5 5 8 6 6 8 17 17 17 17 12 4 4 4
