assets/RAT_results/precipitation/2023-09-12_IMERG.asc
ncols        46
nrows        77
xllcorner    74.800261325624
yllcorner    8.058333333333
cellsize     0.062500000000
NODATA_value -9999
 8 8 6 6 6 11 8 8 3 3 2 3 3 9 6 6 1 1 1 0 0 0 0 0 0 0 0 0 0 0 0 0 0 0 0 0 0 0 0 0 0 0 0 0 0 0
 7 7 6 6 6 6 6 6 5 5 2 3 3 2 0 0 0 0 0 0 0 0 0 0 0 0 0 0 0 0 0 0 0 0 0 0 0 0 0 0 0 0 0 0 0 0
 7 7 6 6 6 6 6 6 5 5 2 3 3 2 0 0 0 0 0 0 0 0 0 0 0 0 0 0 0 0 0 0 0 0 0 0 0 0 0 0 0 0 0 0 0 0
 6 6 6 6 6 7 7 7 7 7 4 1 1 1 0 0 0 0 0 0 0 0 1 1 1 1 1 1 1 1 2 2 2 2 2 1 1 1 0 0 0 0 0 0 0 0
 5 5 4 4 4 6 7 7 7 7 6 2 2 0 0 0 0 0 0 0 0 0 0 0 0 0 0 0 0 0 1 1 1 1 1 1 1 1 1 1 0 0 0 0 0 2
 5 5 4 4 4 6 7 7 7 7 6 2 2 0 0 0 0 0 0 0 0 0 0 0 0 0 0 0 0 0 1 1 1 1 1 1 1 1 1 1 0 0 0 0 0 2
 4 4 2 2 2 3 3 3 4 4 4 2 2 1 0 0 0 0 0 0 0 0 0 0 0 0 0 0 0 0 0 0 0 0 0 1 1 1 1 1 0 0 0 1 1 2
 4 4 2 2 2 3 3 3 4 4 4 2 2 1 0 0 0 0 0 0 0 0 0 0 0 0 0 0 0 0 0 0 0 0 0 1 1 1 1 1 0 0 0 1 1 2
 1 1 1 2 2 1 1 1 1 1 1 1 1 1 0 0 0 0 0 0 0 0 0 0 0 0 0 0 0 0 0 0 0 0 0 0 0 0 0 0 0 0 1 2 2 1
 2 2 2 4 4 3 3 3 3 3 1 1 1 2 1 1 0 0 0 0 0 0 0 0 0 0 0 0 0 0 0 0 1 1 0 0 0 0 0 0 0 0 1 3 3 3
 2 2 2 4 4 3 3 3 3 3 1 1 1 2 1 1 0 0 0 0 0 0 0 0 0 0 0 0 0 0 0 0 1 1 0 0 0 0 0 0 0 0 1 3 3 3
 6 6 4 6 6 8 6 6 6 6 5 5 5 6 5 5 2 2 0 0 0 0 0 0 0 0 0 0 0 0 0 0 0 0 0 0 0 0 0 0 1 1 1 1 1 1
 2 2 2 2 2 5 3 3 3 3 2 4 4 4 5 5 3 3 1 2 2 0 0 0 0 0 0 0 0 0 0 0 0 0 0 0 0 0 1 1 1 1 1 1 1 2
 2 2 2 2 2 5 3 3 3 3 2 4 4 4 5 5 3 3 1 2 2 0 0 0 0 0 0 0 0 0 0 0 0 0 0 0 0 0 1 1 1 1 1 1 1 2
 3 3 3 3 3 4 6 6 2 2 1 1 1 2 3 3 3 3 2 4 4 0 0 0 0 0 0 0 0 0 0 0 0 0 0 0 0 1 1 1 2 2 3 2 2 2
 3 3 3 3 3 4 6 6 2 2 1 1 1 2 3 3 3 3 2 4 4 0 0 0 0 0 0 0 0 0 0 0 0 0 0 0 0 1 1 1 2 2 3 2 2 2
 4 4 4 3 3 3 5 5 2 2 5 9 9 7 3 3 3 3 2 0 0 0 0 0 0 0 0 0 0 0 0 0 0 0 0 1 1 1 2 2 2 2 2 1 1 1
 2 2 3 3 3 2 3 3 6 6 3 5 5 5 4 4 3 3 3 1 1 0 0 0 0 0 0 0 0 0 0 0 0 0 0 1 1 1 1 1 2 2 1 1 1 1
 2 2 3 3 3 2 3 3 6 6 3 5 5 5 4 4 3 3 3 1 1 0 0 0 0 0 0 0 0 0 0 0 0 0 0 1 1 1 1 1 2 2 1 1 1 1
 3 3 3 3 3 2 2 2 1 1 4 5 5 4 4 4 3 3 2 1 1 0 0 0 0 0 0 0 0 0 0 0 0 0 1 2 2 2 2 2 2 2 2 1 1 1
 4 4 4 3 3 1 2 2 1 1 1 1 1 2 2 2 2 2 2 2 2 2 1 1 0 0 0 0 0 0 0 0 0 0 1 3 3 3 2 2 2 2 3 2 2 2
 4 4 4 3 3 1 2 2 1 1 1 1 1 2 2 2 2 2 2 2 2 2 1 1 0 0 0 0 0 0 0 0 0 0 1 3 3 3 2 2 2 2 3 2 2 2
 2 2 3 2 2 1 1 1 0 0 0 0 0 1 2 2 3 3 4 6 6 4 2 2 1 1 1 1 1 1 1 1 1 1 1 1 1 1 1 1 2 2 2 2 2 3
 2 2 3 2 2 1 1 1 0 0 0 0 0 1 2 2 3 3 4 6 6 4 2 2 1 1 1 1 1 1 1 1 1 1 1 1 1 1 1 1 2 2 2 2 2 3
 5 5 2 1 1 1 0 0 0 0 1 0 0 0 1 1 1 1 1 3 3 3 1 1 1 1 0 0 0 1 1 1 2 2 3 1 1 2 2 2 4 4 6 3 3 2
 2 2 1 1 1 1 0 0 0 0 1 1 1 0 0 0 1 1 0 1 1 1 0 0 0 0 0 0 0 1 1 1 1 1 5 2 2 3 3 3 4 4 7 4 4 3
 2 2 1 1 1 1 0 0 0 0 1 1 1 0 0 0 1 1 0 1 1 1 0 0 0 0 0 0 0 1 1 1 1 1 5 2 2 3 3 3 4 4 7 4 4 3
 1 1 1 1 1 1 0 0 0 0 0 0 0 0 1 1 1 1 1 2 2 1 0 0 0 0 0 0 0 0 0 0 0 0 1 2 2 3 3 3 3 3 3 3 3 5
 2 2 2 1 1 1 1 1 0 0 0 0 0 0 0 0 0 0 1 1 1 1 4 4 0 0 0 0 0 1 1 1 1 1 2 5 5 6 6 6 6 6 5 5 5 6
 2 2 2 1 1 1 1 1 0 0 0 0 0 0 0 0 0 0 1 1 1 1 4 4 0 0 0 0 0 1 1 1 1 1 2 5 5 6 6 6 6 6 5 5 5 6
 1 1 2 2 2 1 1 1 1 1 1 1 1 1 1 1 1 1 1 1 1 1 2 2 2 2 1 1 1 1 2 2 2 2 3 4 4 5 6 6 6 6 5 2 2 2
 1 1 2 2 2 1 1 1 1 1 1 1 1 1 1 1 1 1 1 1 1 1 2 2 2 2 1 1 1 1 2 2 2 2 3 4 4 5 6 6 6 6 5 2 2 2
 2 2 2 2 2 3 1 1 1 1 1 1 1 1 1 1 1 1 0 0 0 1 1 1 0 0 1 1 1 1 1 1 1 1 1 1 1 2 2 2 2 2 2 1 1 1
 3 3 4 5 5 4 3 3 2 2 1 1 1 1 1 1 1 1 0 1 1 1 0 0 0 0 1 0 0 0 0 0 0 0 0 0 0 0 0 0 0 0 0 0 0 0
 3 3 4 5 5 4 3 3 2 2 1 1 1 1 1 1 1 1 0 1 1 1 0 0 0 0 1 0 0 0 0 0 0 0 0 0 0 0 0 0 0 0 0 0 0 0
 4 4 4 3 3 3 2 2 1 1 1 1 1 1 1 1 0 0 0 1 1 1 1 1 1 1 0 0 0 1 0 0 0 0 0 0 0 0 0 0 0 0 0 0 0 0
 3 3 4 4 4 3 2 2 2 2 1 2 2 2 2 2 1 1 1 0 0 0 0 0 0 0 0 0 0 0 0 0 0 0 0 0 0 0 0 0 0 0 0 0 0 0
 3 3 4 4 4 3 2 2 2 2 1 2 2 2 2 2 1 1 1 0 0 0 0 0 0 0 0 0 0 0 0 0 0 0 0 0 0 0 0 0 0 0 0 0 0 0
 2 2 4 6 6 6 8 8 8 8 6 6 6 2 2 2 1 1 1 1 1 1 0 0 0 0 0 0 0 0 0 0 0 0 0 0 0 0 0 0 0 0 0 0 0 0
 2 2 4 6 6 6 8 8 8 8 6 6 6 2 2 2 1 1 1 1 1 1 0 0 0 0 0 0 0 0 0 0 0 0 0 0 0 0 0 0 0 0 0 0 0 0
 29 29 42 9 9 12 12 12 12 12 12 7 7 6 2 2 2 2 2 2 2 1 1 1 1 1 0 0 0 0 0 0 0 0 0 0 0 0 0 0 0 0 0 1 1 1
 34 34 79 79 79 11 9 9 10 10 8 7 7 7 4 4 4 4 2 2 2 1 1 1 1 1 0 0 0 0 0 0 0 0 0 0 0 0 0 0 0 0 0 0 0 1
 34 34 79 79 79 11 9 9 10 10 8 7 7 7 4 4 4 4 2 2 2 1 1 1 1 1 0 0 0 0 0 0 0 0 0 0 0 0 0 0 0 0 0 0 0 1
 78 78 82 81 81 10 11 11 9 9 6 9 9 10 6 6 5 5 5 4 4 3 1 1 1 1 0 0 0 0 0 0 0 0 0 0 0 1 1 1 1 1 0 0 0 0
 6 6 9 10 10 13 16 16 13 13 8 10 10 10 7 7 6 6 5 7 7 5 2 2 1 1 0 0 0 0 0 0 0 0 0 0 0 0 0 0 0 0 0 0 0 0
 6 6 9 10 10 13 16 16 13 13 8 10 10 10 7 7 6 6 5 7 7 5 2 2 1 1 0 0 0 0 0 0 0 0 0 0 0 0 0 0 0 0 0 0 0 0
 5 5 4 8 8 16 14 14 13 13 7 8 8 10 8 8 7 7 7 6 6 6 4 4 2 2 0 0 0 0 0 0 0 0 0 0 0 0 0 0 0 0 0 0 0 0
 5 5 4 8 8 16 14 14 13 13 7 8 8 10 8 8 7 7 7 6 6 6 4 4 2 2 0 0 0 0 0 0 0 0 0 0 0 0 0 0 0 0 0 0 0 0
 6 6 6 6 6 10 9 9 11 11 5 11 11 12 7 7 7 7 6 7 7 7 8 8 3 3 1 0 0 0 0 0 0 0 0 0 0 0 0 0 0 0 0 0 0 0
 2 2 2 7 7 6 12 12 4 4 2 4 4 3 3 3 2 2 3 3 3 7 9 9 8 8 4 1 1 0 0 0 0 0 0 0 0 0 0 0 0 0 0 0 0 0
 2 2 2 7 7 6 12 12 4 4 2 4 4 3 3 3 2 2 3 3 3 7 9 9 8 8 4 1 1 0 0 0 0 0 0 0 0 0 0 0 0 0 0 0 0 0
 3 3 4 4 4 5 4 4 3 3 2 1 1 1 1 1 1 1 1 2 2 5 6 6 8 8 3 1 1 0 0 0 0 0 0 0 0 0 0 0 0 0 0 0 0 0
 4 4 7 7 7 4 3 3 2 2 2 1 1 47 1 1 0 0 5 2 2 2 1 1 1 1 0 1 1 1 0 0 0 0 0 0 0 0 0 0 0 0 0 0 0 0
 4 4 7 7 7 4 3 3 2 2 2 1 1 47 1 1 0 0 5 2 2 2 1 1 1 1 0 1 1 1 0 0 0 0 0 0 0 0 0 0 0 0 0 0 0 0
 2 2 3 4 4 3 3 3 3 3 2 1 1 49 1 1 0 0 2 2 2 1 1 1 0 0 1 1 1 0 0 0 0 0 0 0 0 0 0 0 0 0 0 0 0 0
 2 2 3 4 4 3 3 3 3 3 2 1 1 49 1 1 0 0 2 2 2 1 1 1 0 0 1 1 1 0 0 0 0 0 0 0 0 0 0 0 0 0 0 0 0 0
 1 1 1 2 2 2 3 3 3 3 3 3 3 2 2 2 2 2 2 3 3 1 0 0 0 0 0 0 0 0 0 0 0 0 0 0 0 0 0 0 0 0 0 0 0 0
 1 1 1 3 3 3 3 3 4 4 5 5 5 3 2 2 1 1 1 1 1 1 0 0 0 0 0 0 0 0 0 0 0 0 0 0 0 0 0 0 0 0 0 0 0 0
 1 1 1 3 3 3 3 3 4 4 5 5 5 3 2 2 1 1 1 1 1 1 0 0 0 0 0 0 0 0 0 0 0 0 0 0 0 0 0 0 0 0 0 0 0 0
 1 1 1 3 3 7 7 7 7 7 8 7 7 4 5 5 3 3 1 1 1 1 0 0 0 0 0 1 1 1 0 0 1 1 1 1 1 1 1 1 1 1 0 0 0 0
 3 3 3 4 4 7 6 6 10 10 7 6 6 5 4 4 3 3 1 1 1 1 1 1 0 0 0 0 0 1 1 1 1 1 1 1 1 1 2 2 2 2 1 1 1 0
 3 3 3 4 4 7 6 6 10 10 7 6 6 5 4 4 3 3 1 1 1 1 1 1 0 0 0 0 0 1 1 1 1 1 1 1 1 1 2 2 2 2 1 1 1 0
 7 7 9 9 9 11 9 9 9 9 7 7 7 6 4 4 3 3 1 1 1 1 0 0 0 0 0 0 0 0 1 1 1 1 2 1 1 1 1 1 1 1 1 1 1 0
 7 7 9 9 9 11 9 9 9 9 7 7 7 6 4 4 3 3 1 1 1 1 0 0 0 0 0 0 0 0 1 1 1 1 2 1 1 1 1 1 1 1 1 1 1 0
 10 10 10 34 34 38 7 7 11 11 8 8 8 8 6 6 4 4 3 3 3 1 0 0 0 0 0 0 0 0 1 1 1 1 1 1 1 1 1 1 1 1 0 0 0 0
 6 6 29 32 32 36 8 8 15 15 10 9 9 8 8 8 7 7 5 4 4 1 0 0 0 0 0 0 0 0 0 0 1 1 0 0 0 0 0 0 1 1 0 0 0 0
 6 6 29 32 32 36 8 8 15 15 10 9 9 8 8 8 7 7 5 4 4 1 0 0 0 0 0 0 0 0 0 0 1 1 0 0 0 0 0 0 1 1 0 0 0 0
 4 4 8 11 11 9 12 12 13 13 12 14 14 8 9 9 18 18 18 18 18 13 0 0 0 0 0 0 0 0 0 0 0 0 0 0 0 0 0 0 0 0 0 0 0 0
 8 8 9 9 9 8 8 8 12 12 9 9 9 5 5 5 10 10 18 30 30 15 1 1 0 0 0 0 0 0 0 0 0 0 0 0 0 0 0 0 0 0 0 0 0 0
 8 8 9 9 9 8 8 8 12 12 9 9 9 5 5 5 10 10 18 30 30 15 1 1 0 0 0 0 0 0 0 0 0 0 0 0 0 0 0 0 0 0 0 0 0 0
 8 8 4 5 5 6 8 8 12 12 7 8 8 8 8 8 4 4 4 28 28 37 64 64 63 63 32 34 34 0 0 0 0 0 0 0 0 0 0 0 0 0 0 0 0 0
 8 8 4 5 5 6 8 8 12 12 7 8 8 8 8 8 4 4 4 28 28 37 64 64 63 63 32 34 34 0 0 0 0 0 0 0 0 0 0 0 0 0 0 0 0 0
 3 3 4 4 4 4 4 4 6 6 6 10 10 12 11 11 6 6 6 16 16 20 44 44 64 64 33 37 37 0 0 0 0 0 0 0 0 1 1 1 0 0 0 0 0 0
 4 4 5 6 6 5 5 5 10 10 10 13 13 9 6 6 6 6 6 13 13 15 44 44 43 43 59 0 0 12 0 0 0 0 1 0 0 0 0 0 0 0 1 0 0 0
 4 4 5 6 6 5 5 5 10 10 10 13 13 9 6 6 6 6 6 13 13 15 44 44 43 43 59 0 0 12 0 0 0 0 1 0 0 0 0 0 0 0 1 0 0 0
 18 18 20 12 12 11 11 11 11 11 11 16 16 16 18 18 15 15 18 18 18 18 27 27 40 40 41 12 12 12 0 0 1 1 1 0 0 0 0 0 0 0 1 1 1 0
 19 19 21 18 18 17 19 19 19 19 11 23 23 17 22 22 22 22 22 16 16 27 28 28 49 49 49 76 76 76 46 46 0 0 1 1 1 2 1 1 0 0 1 7 7 0
