assets/RAT_results/precipitation/2023-05-29_IMERG.asc
ncols        46
nrows        77
xllcorner    74.800261325624
yllcorner    8.058333333333
cellsize     0.062500000000
NODATA_value -9999
 0 0 0 0 0 0 0 0 17 17 19 52 52 20 21 21 18 18 10 9 9 5 3 3 2 2 1 2 2 5 7 7 6 6 2 1 1 3 2 2 2 2 1 2 2 4
 0 0 0 0 0 0 1 1 2 2 5 9 9 20 20 20 18 18 10 7 7 5 3 3 2 2 6 4 4 5 5 5 3 3 1 0 0 1 2 2 2 2 2 1 1 1
 0 0 0 0 0 0 1 1 2 2 5 9 9 20 20 20 18 18 10 7 7 5 3 3 2 2 6 4 4 5 5 5 3 3 1 0 0 1 2 2 2 2 2 1 1 1
 0 0 0 0 0 0 1 1 3 3 7 11 11 21 21 21 20 20 12 9 9 6 4 4 3 3 6 3 3 3 3 3 1 1 0 0 0 1 1 1 3 3 3 2 2 0
 0 0 0 0 0 0 1 1 5 5 10 12 12 21 21 21 19 19 11 10 10 7 5 5 5 5 10 3 3 3 2 2 0 0 0 0 0 0 1 1 3 3 4 2 2 0
 0 0 0 0 0 0 1 1 5 5 10 12 12 21 21 21 19 19 11 10 10 7 5 5 5 5 10 3 3 3 2 2 0 0 0 0 0 0 1 1 3 3 4 2 2 0
 0 0 0 0 0 0 2 2 6 6 9 11 11 13 14 14 14 14 13 10 10 7 5 5 4 4 3 2 2 2 1 1 0 0 0 0 0 0 1 1 4 4 5 4 4 1
 0 0 0 0 0 0 2 2 6 6 9 11 11 13 14 14 14 14 13 10 10 7 5 5 4 4 3 2 2 2 1 1 0 0 0 0 0 0 1 1 4 4 5 4 4 1
 0 0 0 0 0 0 2 2 6 6 12 16 16 19 18 18 17 17 15 10 10 8 7 7 6 6 4 2 2 1 1 1 2 2 1 0 0 0 1 1 6 6 6 4 4 1
 0 0 0 0 0 0 2 2 7 7 15 21 21 26 21 21 18 18 15 11 11 10 9 9 7 7 4 2 2 1 2 2 2 2 2 1 1 0 1 1 4 4 2 1 1 0
 0 0 0 0 0 0 2 2 7 7 15 21 21 26 21 21 18 18 15 11 11 10 9 9 7 7 4 2 2 1 2 2 2 2 2 1 1 0 1 1 4 4 2 1 1 0
 0 0 0 0 0 1 3 3 7 7 15 21 21 26 25 25 17 17 16 14 14 14 11 11 8 8 3 1 1 2 5 5 5 5 2 1 1 1 1 1 2 2 1 0 0 0
 0 0 0 0 0 1 3 3 8 8 16 24 24 27 27 27 20 20 15 15 15 14 11 11 6 6 2 1 1 1 1 1 2 2 2 1 1 1 1 1 1 1 0 0 0 0
 0 0 0 0 0 1 3 3 8 8 16 24 24 27 27 27 20 20 15 15 15 14 11 11 6 6 2 1 1 1 1 1 2 2 2 1 1 1 1 1 1 1 0 0 0 0
 0 0 0 0 0 1 4 4 8 8 14 23 23 26 27 27 25 25 18 17 17 15 10 10 5 5 2 1 1 0 0 0 1 1 3 1 1 1 0 0 0 0 0 0 0 0
 0 0 0 0 0 1 4 4 8 8 14 23 23 26 27 27 25 25 18 17 17 15 10 10 5 5 2 1 1 0 0 0 1 1 3 1 1 1 0 0 0 0 0 0 0 0
 0 0 0 0 0 1 3 3 9 9 11 14 14 15 18 18 19 19 18 17 17 14 7 7 3 3 1 0 0 0 0 0 1 1 2 0 0 0 0 0 0 0 0 0 0 0
 0 0 1 0 0 1 2 2 4 4 6 7 7 8 12 12 16 16 16 14 14 11 5 5 2 2 1 0 0 0 1 1 2 2 1 0 0 0 0 0 0 0 0 0 0 0
 0 0 1 0 0 1 2 2 4 4 6 7 7 8 12 12 16 16 16 14 14 11 5 5 2 2 1 0 0 0 1 1 2 2 1 0 0 0 0 0 0 0 0 0 0 0
 0 0 1 0 0 0 0 0 1 1 1 2 2 3 8 8 13 13 14 12 12 8 3 3 12 12 11 3 3 0 1 1 2 2 2 1 1 0 0 0 0 0 0 0 0 0
 1 1 1 1 1 0 0 0 0 0 0 0 0 1 5 5 11 11 12 8 8 4 10 10 11 11 11 4 4 1 1 1 2 2 2 2 2 1 0 0 0 0 0 0 0 0
 1 1 1 1 1 0 0 0 0 0 0 0 0 1 5 5 11 11 12 8 8 4 10 10 11 11 11 4 4 1 1 1 2 2 2 2 2 1 0 0 0 0 0 0 0 0
 1 1 1 1 1 0 0 0 0 0 0 0 0 0 3 3 7 7 6 4 4 1 0 0 1 1 2 2 2 1 1 1 2 2 3 3 3 2 1 1 1 1 1 1 1 0
 1 1 1 1 1 0 0 0 0 0 0 0 0 0 3 3 7 7 6 4 4 1 0 0 1 1 2 2 2 1 1 1 2 2 3 3 3 2 1 1 1 1 1 1 1 0
 1 1 1 1 1 0 0 0 0 0 0 0 0 0 0 0 1 1 1 1 1 0 1 1 2 2 4 6 6 5 3 3 3 3 5 5 5 3 2 2 2 2 2 1 1 1
 0 0 1 1 1 0 0 0 0 0 0 0 0 0 0 0 0 0 0 0 0 0 1 1 3 3 5 7 7 7 4 4 5 5 6 6 6 4 3 3 3 3 3 2 2 2
 0 0 1 1 1 0 0 0 0 0 0 0 0 0 0 0 0 0 0 0 0 0 1 1 3 3 5 7 7 7 4 4 5 5 6 6 6 4 3 3 3 3 3 2 2 2
 0 0 1 1 1 0 0 0 0 0 0 0 0 0 0 0 0 0 0 0 0 1 2 2 5 5 7 7 7 9 6 6 6 6 7 8 8 6 5 5 4 4 4 3 3 3
 0 0 0 0 0 0 0 0 0 0 0 0 0 0 0 0 0 0 0 0 0 1 4 4 7 7 10 12 12 10 8 8 7 7 8 8 8 8 8 8 7 7 5 4 4 4
 0 0 0 0 0 0 0 0 0 0 0 0 0 0 0 0 0 0 0 0 0 1 4 4 7 7 10 12 12 10 8 8 7 7 8 8 8 8 8 8 7 7 5 4 4 4
 0 0 0 0 0 0 0 0 0 0 0 0 0 0 0 0 0 0 0 0 0 1 4 4 8 8 14 18 18 15 12 12 8 8 8 9 9 9 9 9 8 8 7 6 6 5
 0 0 0 0 0 0 0 0 0 0 0 0 0 0 0 0 0 0 0 0 0 1 4 4 8 8 14 18 18 15 12 12 8 8 8 9 9 9 9 9 8 8 7 6 6 5
 0 0 0 0 0 0 0 0 0 0 0 0 0 0 0 0 0 0 0 0 0 1 4 4 8 8 16 20 20 16 12 12 9 9 10 10 10 8 8 8 9 9 9 7 7 6
 0 0 0 0 0 0 0 0 0 0 0 0 0 0 0 0 0 0 0 0 0 0 2 2 5 5 9 16 16 16 12 12 11 11 12 11 11 8 9 9 10 10 10 8 8 7
 0 0 0 0 0 0 0 0 0 0 0 0 0 0 0 0 0 0 0 0 0 0 2 2 5 5 9 16 16 16 12 12 11 11 12 11 11 8 9 9 10 10 10 8 8 7
 0 0 0 0 0 0 0 0 0 0 0 0 0 0 0 0 0 0 0 0 0 0 1 1 3 3 7 14 14 18 14 14 11 11 11 12 12 9 11 11 11 11 11 9 9 8
 0 0 0 0 0 0 0 0 0 0 0 0 0 0 0 0 0 0 0 0 0 0 0 0 1 1 4 8 8 13 13 13 8 8 6 9 9 10 13 13 13 13 11 10 10 9
 0 0 0 0 0 0 0 0 0 0 0 0 0 0 0 0 0 0 0 0 0 0 0 0 1 1 4 8 8 13 13 13 8 8 6 9 9 10 13 13 13 13 11 10 10 9
 0 0 0 0 0 0 0 0 0 0 0 0 0 0 0 0 0 0 0 0 0 0 0 0 1 1 4 7 7 13 11 11 6 6 4 5 5 7 10 10 11 11 10 10 10 10
 0 0 0 0 0 0 0 0 0 0 0 0 0 0 0 0 0 0 0 0 0 0 0 0 1 1 4 7 7 13 11 11 6 6 4 5 5 7 10 10 11 11 10 10 10 10
 0 0 0 0 0 0 0 0 0 0 0 0 0 0 0 0 0 0 0 0 0 0 0 0 0 0 2 8 8 14 14 14 9 9 4 3 3 4 6 6 9 9 10 12 12 12
 0 0 0 0 0 0 0 0 0 0 0 0 0 0 0 0 0 0 0 0 0 0 0 0 0 0 1 3 3 8 9 9 9 9 6 6 6 9 7 7 8 8 13 15 15 14
 0 0 0 0 0 0 0 0 0 0 0 0 0 0 0 0 0 0 0 0 0 0 0 0 0 0 1 3 3 8 9 9 9 9 6 6 6 9 7 7 8 8 13 15 15 14
 0 0 0 0 0 0 0 0 0 0 0 0 0 0 0 0 0 0 0 0 0 0 0 0 1 1 2 4 4 6 5 5 4 4 3 3 3 23 23 23 13 13 11 16 16 13
 0 0 0 0 0 0 0 0 0 0 0 0 0 0 0 0 0 0 1 1 1 0 0 0 1 1 3 6 6 7 6 6 4 4 3 13 13 23 22 22 13 13 12 16 16 13
 0 0 0 0 0 0 0 0 0 0 0 0 0 0 0 0 0 0 1 1 1 0 0 0 1 1 3 6 6 7 6 6 4 4 3 13 13 23 22 22 13 13 12 16 16 13
 0 0 0 0 0 0 0 0 0 0 0 0 0 0 0 0 0 0 1 1 1 0 0 0 1 1 4 9 9 10 8 8 5 5 5 8 8 7 9 9 5 5 9 12 12 9
 0 0 0 0 0 0 0 0 0 0 0 0 0 0 0 0 0 0 1 1 1 0 0 0 1 1 4 9 9 10 8 8 5 5 5 8 8 7 9 9 5 5 9 12 12 9
 0 0 0 0 0 0 0 0 0 0 0 0 0 0 0 0 0 0 0 1 1 0 1 1 2 2 8 14 14 15 10 10 8 8 7 12 12 10 5 5 6 6 5 5 5 4
 0 0 0 0 0 0 0 0 0 0 0 0 0 0 0 0 0 0 0 0 0 0 1 1 3 3 8 14 14 17 12 12 10 10 21 21 21 24 6 6 6 6 5 4 4 2
 0 0 0 0 0 0 0 0 0 0 0 0 0 0 0 0 0 0 0 0 0 0 1 1 3 3 8 14 14 17 12 12 10 10 21 21 21 24 6 6 6 6 5 4 4 2
 0 0 0 0 0 0 0 0 0 0 0 0 0 0 0 0 0 0 0 0 0 1 1 1 3 3 7 14 14 19 16 16 14 14 23 26 26 26 15 15 14 14 6 4 4 3
 0 0 0 0 0 0 0 0 0 0 0 0 0 0 0 0 0 0 0 0 0 0 1 1 3 3 8 15 15 20 21 21 18 18 27 25 25 26 17 17 16 16 7 6 6 4
 0 0 0 0 0 0 0 0 0 0 0 0 0 0 0 0 0 0 0 0 0 0 1 1 3 3 8 15 15 20 21 21 18 18 27 25 25 26 17 17 16 16 7 6 6 4
 0 0 0 0 0 0 0 0 0 0 0 0 0 0 0 0 0 0 0 1 1 1 1 1 2 2 7 14 14 21 23 23 20 20 15 13 13 39 39 39 28 28 9 7 7 5
 0 0 0 0 0 0 0 0 0 0 0 0 0 0 0 0 0 0 0 1 1 1 1 1 2 2 7 14 14 21 23 23 20 20 15 13 13 39 39 39 28 28 9 7 7 5
 0 0 0 0 0 0 0 0 0 0 0 0 0 0 0 0 0 0 0 0 0 0 0 0 1 1 6 12 12 17 19 19 17 17 17 16 16 16 29 29 17 17 14 7 7 5
 0 0 0 0 0 0 0 0 0 0 0 0 0 0 0 0 0 0 0 0 0 0 0 0 1 1 4 11 11 14 16 16 14 14 15 17 17 14 26 26 17 17 15 8 8 6
 0 0 0 0 0 0 0 0 0 0 0 0 0 0 0 0 0 0 0 0 0 0 0 0 1 1 4 11 11 14 16 16 14 14 15 17 17 14 26 26 17 17 15 8 8 6
 0 0 0 0 0 0 0 0 0 0 0 0 0 0 0 0 0 0 0 0 0 0 0 0 0 0 2 7 7 10 11 11 9 9 9 7 7 7 9 9 12 12 13 12 12 8
 0 0 0 0 0 0 0 0 0 0 0 0 0 0 0 0 0 0 0 0 0 0 0 0 0 0 0 2 2 4 5 5 5 5 6 6 6 6 8 8 12 12 15 16 16 10
 0 0 0 0 0 0 0 0 0 0 0 0 0 0 0 0 0 0 0 0 0 0 0 0 0 0 0 2 2 4 5 5 5 5 6 6 6 6 8 8 12 12 15 16 16 10
 0 0 0 0 0 0 0 0 0 0 0 0 0 0 0 0 0 0 0 0 0 0 0 0 0 0 0 0 0 1 2 2 4 4 7 7 7 7 8 8 14 14 17 16 16 11
 0 0 0 0 0 0 0 0 0 0 0 0 0 0 0 0 0 0 0 0 0 0 0 0 0 0 0 0 0 1 2 2 4 4 7 7 7 7 8 8 14 14 17 16 16 11
 0 0 0 0 0 0 0 0 0 0 0 0 0 0 0 0 0 0 0 0 0 0 0 0 0 0 0 0 0 0 1 1 3 3 7 7 7 6 7 7 15 15 19 15 15 10
 0 0 0 0 0 0 0 0 0 0 0 0 0 0 0 0 0 0 0 0 0 0 0 0 0 0 0 0 0 0 1 1 3 3 5 5 5 4 5 5 11 11 15 11 11 8
 0 0 0 0 0 0 0 0 0 0 0 0 0 0 0 0 0 0 0 0 0 0 0 0 0 0 0 0 0 0 1 1 3 3 5 5 5 4 5 5 11 11 15 11 11 8
 0 0 0 0 0 0 0 0 0 0 0 0 0 0 0 0 0 0 0 0 0 0 0 0 0 0 0 0 0 0 0 0 2 2 2 2 2 2 4 4 6 6 7 5 5 4
 0 0 0 0 0 0 0 0 1 1 1 1 1 0 0 0 0 0 0 0 0 0 1 1 0 0 0 1 1 0 0 0 0 0 1 1 1 1 3 3 4 4 4 2 2 2
 0 0 0 0 0 0 0 0 1 1 1 1 1 0 0 0 0 0 0 0 0 0 1 1 0 0 0 1 1 0 0 0 0 0 1 1 1 1 3 3 4 4 4 2 2 2
 0 0 0 0 0 0 1 1 1 1 1 1 1 1 1 1 1 1 1 1 1 1 1 1 1 1 0 1 1 1 0 0 0 0 0 1 1 3 7 7 5 5 1 1 1 2
 0 0 0 0 0 0 1 1 1 1 1 1 1 1 1 1 1 1 1 1 1 1 1 1 1 1 0 1 1 1 0 0 0 0 0 1 1 3 7 7 5 5 1 1 1 2
 0 0 0 0 0 0 1 1 3 3 3 4 4 3 2 2 2 2 2 1 1 1 1 1 1 1 0 1 1 1 0 0 1 1 0 0 0 1 5 5 4 4 1 0 0 0
 0 0 0 0 0 0 1 1 3 3 3 3 3 4 7 7 7 7 4 2 2 1 1 1 1 1 0 1 1 0 1 1 1 1 0 0 0 0 1 1 1 1 0 0 0 0
 0 0 0 0 0 0 1 1 3 3 3 3 3 4 7 7 7 7 4 2 2 1 1 1 1 1 0 1 1 0 1 1 1 1 0 0 0 0 1 1 1 1 0 0 0 0
 0 0 0 0 0 0 0 0 1 1 1 1 1 3 8 8 11 11 7 2 2 1 1 1 1 1 0 1 1 0 1 1 1 1 1 0 0 0 0 0 0 0 0 0 0 0
 0 0 0 0 0 0 0 0 1 1 0 0 0 1 4 4 8 8 6 2 2 1 1 1 1 1 0 1 1 0 0 0 1 1 1 1 1 0 0 0 0 0 0 0 0 0
