assets/RAT_results/precipitation/2023-04-30_IMERG.asc
ncols        46
nrows        77
xllcorner    74.800261325624
yllcorner    8.058333333333
cellsize     0.062500000000
NODATA_value -9999
 0 0 0 0 0 0 0 0 0 0 0 2 2 16 26 26 17 17 12 10 10 9 7 7 5 5 3 3 3 1 1 1 1 1 0 0 0 0 0 0 0 0 0 1 1 0
 0 0 0 0 0 0 0 0 0 0 0 4 4 22 39 39 29 29 29 16 16 13 11 11 10 10 8 5 5 2 1 1 1 1 0 0 0 0 0 0 0 0 0 1 1 0
 0 0 0 0 0 0 0 0 0 0 0 4 4 22 39 39 29 29 29 16 16 13 11 11 10 10 8 5 5 2 1 1 1 1 0 0 0 0 0 0 0 0 0 1 1 0
 0 0 1 1 1 1 3 3 0 0 0 2 2 13 24 24 30 30 26 18 18 15 11 11 9 9 7 4 4 2 1 1 1 1 0 0 0 0 0 0 0 0 1 1 1 1
 1 1 3 3 3 2 1 1 0 0 0 1 1 4 12 12 17 17 19 17 17 13 9 9 7 7 5 3 3 1 1 1 0 0 0 0 0 0 0 0 0 0 0 1 1 2
 1 1 3 3 3 2 1 1 0 0 0 1 1 4 12 12 17 17 19 17 17 13 9 9 7 7 5 3 3 1 1 1 0 0 0 0 0 0 0 0 0 0 0 1 1 2
 1 1 1 3 3 1 0 0 0 0 4 1 1 1 6 6 14 14 9 9 9 7 5 5 4 4 3 2 2 0 0 0 0 0 0 0 0 1 1 1 1 1 0 1 1 1
 1 1 1 3 3 1 0 0 0 0 4 1 1 1 6 6 14 14 9 9 9 7 5 5 4 4 3 2 2 0 0 0 0 0 0 0 0 1 1 1 1 1 0 1 1 1
 1 1 1 1 1 1 0 0 2 2 3 3 3 3 5 5 7 7 4 4 4 3 3 3 2 2 2 1 1 0 0 0 0 0 0 1 1 1 1 1 0 0 0 0 0 0
 1 1 1 1 1 1 0 0 3 3 6 7 7 10 5 5 4 4 4 4 4 4 3 3 1 1 0 0 0 0 0 0 0 0 0 0 0 0 0 0 0 0 0 0 0 0
 1 1 1 1 1 1 0 0 3 3 6 7 7 10 5 5 4 4 4 4 4 4 3 3 1 1 0 0 0 0 0 0 0 0 0 0 0 0 0 0 0 0 0 0 0 0
 0 0 1 0 0 1 1 1 4 4 11 11 11 12 15 15 12 12 8 7 7 7 4 4 2 2 1 1 1 0 0 0 0 0 0 0 0 0 0 0 0 0 0 0 0 0
 0 0 0 1 1 1 1 1 3 3 7 10 10 20 30 30 23 23 14 10 10 9 6 6 4 4 4 4 4 2 1 1 0 0 0 0 0 0 0 0 0 0 0 0 0 0
 0 0 0 1 1 1 1 1 3 3 7 10 10 20 30 30 23 23 14 10 10 9 6 6 4 4 4 4 4 2 1 1 0 0 0 0 0 0 0 0 0 0 0 0 0 0
 0 0 1 1 1 1 1 1 2 2 3 7 7 16 22 22 22 22 17 14 14 11 10 10 9 9 7 4 4 2 1 1 0 0 0 0 0 0 0 0 0 0 0 0 0 0
 0 0 1 1 1 1 1 1 2 2 3 7 7 16 22 22 22 22 17 14 14 11 10 10 9 9 7 4 4 2 1 1 0 0 0 0 0 0 0 0 0 0 0 0 0 0
 0 0 1 2 2 4 4 4 2 2 2 5 5 12 17 17 17 17 15 13 13 13 17 17 13 13 7 4 4 1 0 0 0 0 0 0 0 0 0 0 0 0 0 0 0 0
 0 0 3 8 8 7 8 8 11 11 15 2 2 6 9 9 8 8 8 8 8 10 15 15 13 13 7 8 8 3 1 1 1 1 0 0 0 0 0 0 0 0 0 0 0 0
 0 0 3 8 8 7 8 8 11 11 15 2 2 6 9 9 8 8 8 8 8 10 15 15 13 13 7 8 8 3 1 1 1 1 0 0 0 0 0 0 0 0 0 0 0 0
 2 2 7 10 10 7 6 6 11 11 9 1 1 1 2 2 2 2 2 4 4 7 9 9 15 15 20 5 5 27 7 7 2 2 1 0 0 0 0 0 0 0 0 0 0 0
 3 3 10 9 9 7 5 5 4 4 2 1 1 1 0 0 1 1 1 2 2 3 5 5 9 9 14 18 18 21 12 12 6 6 1 0 0 0 0 0 0 0 0 0 0 0
 3 3 10 9 9 7 5 5 4 4 2 1 1 1 0 0 1 1 1 2 2 3 5 5 9 9 14 18 18 21 12 12 6 6 1 0 0 0 0 0 0 0 0 0 0 0
 2 2 6 5 5 3 3 3 2 2 2 1 1 0 0 0 2 2 3 2 2 1 2 2 2 2 2 5 5 5 14 14 4 4 5 6 6 1 1 1 0 0 0 0 0 0
 2 2 6 5 5 3 3 3 2 2 2 1 1 0 0 0 2 2 3 2 2 1 2 2 2 2 2 5 5 5 14 14 4 4 5 6 6 1 1 1 0 0 0 0 0 0
 0 0 1 1 1 1 1 1 1 1 1 1 1 0 0 0 1 1 1 1 1 0 0 0 1 1 3 2 2 2 6 6 6 6 9 8 8 2 1 1 0 0 1 0 0 0
 1 1 1 0 0 0 0 0 0 0 1 1 1 3 0 0 0 0 0 0 0 1 1 1 1 1 2 2 2 2 6 6 6 6 7 6 6 1 1 1 1 1 0 1 1 1
 1 1 1 0 0 0 0 0 0 0 1 1 1 3 0 0 0 0 0 0 0 1 1 1 1 1 2 2 2 2 6 6 6 6 7 6 6 1 1 1 1 1 0 1 1 1
 2 2 2 0 0 0 0 0 0 0 1 2 2 7 4 4 1 1 0 0 0 2 3 3 1 1 3 4 4 2 5 5 5 5 1 3 3 3 1 1 1 1 1 1 1 2
 2 2 1 0 0 0 0 0 0 0 1 2 2 5 6 6 4 4 1 0 0 1 2 2 6 6 9 7 7 5 3 3 6 6 3 6 6 4 1 1 0 0 0 1 1 2
 2 2 1 0 0 0 0 0 0 0 1 2 2 5 6 6 4 4 1 0 0 1 2 2 6 6 9 7 7 5 3 3 6 6 3 6 6 4 1 1 0 0 0 1 1 2
 0 0 0 0 0 0 0 0 0 0 1 2 2 6 8 8 5 5 3 4 4 2 8 8 19 19 28 25 25 19 16 16 10 10 6 4 4 2 1 1 0 0 0 2 2 0
 0 0 0 0 0 0 0 0 0 0 1 2 2 6 8 8 5 5 3 4 4 2 8 8 19 19 28 25 25 19 16 16 10 10 6 4 4 2 1 1 0 0 0 2 2 0
 0 0 0 0 0 0 0 0 0 0 0 2 2 7 8 8 5 5 7 6 6 3 14 14 26 26 41 38 38 35 35 35 25 25 12 5 5 2 1 1 0 0 1 1 1 0
 0 0 0 0 0 0 0 0 0 0 1 2 2 8 11 11 9 9 10 7 7 3 14 14 26 26 40 46 46 45 45 45 26 26 14 6 6 3 1 1 1 1 1 5 5 0
 0 0 0 0 0 0 0 0 0 0 1 2 2 8 11 11 9 9 10 7 7 3 14 14 26 26 40 46 46 45 45 45 26 26 14 6 6 3 1 1 1 1 1 5 5 0
 0 0 0 0 0 0 0 0 0 0 1 4 4 10 12 12 10 10 7 3 3 4 13 13 22 22 35 44 44 39 29 29 18 18 12 7 7 3 2 2 1 1 1 0 0 0
 0 0 0 0 0 0 0 0 1 1 3 5 5 8 10 10 8 8 9 3 3 5 12 12 19 19 27 29 29 24 18 18 13 13 10 5 5 4 6 6 4 4 2 1 1 2
 0 0 0 0 0 0 0 0 1 1 3 5 5 8 10 10 8 8 9 3 3 5 12 12 19 19 27 29 29 24 18 18 13 13 10 5 5 4 6 6 4 4 2 1 1 2
 0 0 0 0 0 0 0 0 1 1 2 3 3 4 5 5 7 7 7 5 5 7 10 10 14 14 17 18 18 15 16 16 10 10 6 4 4 5 8 8 4 4 3 3 3 1
 0 0 0 0 0 0 0 0 1 1 2 3 3 4 5 5 7 7 7 5 5 7 10 10 14 14 17 18 18 15 16 16 10 10 6 4 4 5 8 8 4 4 3 3 3 1
 0 0 0 0 0 0 0 0 1 1 1 2 2 2 4 4 6 6 7 23 23 5 5 5 7 7 9 10 10 10 9 9 11 11 13 7 7 7 5 5 6 6 8 4 4 1
 0 0 0 0 0 0 0 0 1 1 1 2 2 5 9 9 37 37 12 16 16 14 14 14 4 4 7 9 9 8 6 6 4 4 5 5 5 2 7 7 7 7 5 2 2 0
 0 0 0 0 0 0 0 0 1 1 1 2 2 5 9 9 37 37 12 16 16 14 14 14 4 4 7 9 9 8 6 6 4 4 5 5 5 2 7 7 7 7 5 2 2 0
 0 0 0 0 0 0 0 0 1 1 2 3 3 9 14 14 41 41 64 60 60 29 30 30 12 12 12 19 19 14 6 6 3 3 4 5 5 3 1 1 3 3 3 1 1 0
 0 0 0 0 0 0 1 1 2 2 4 7 7 12 23 23 24 24 52 48 48 17 33 33 17 17 19 26 26 21 10 10 6 6 4 1 1 1 0 0 1 1 0 0 0 0
 0 0 0 0 0 0 1 1 2 2 4 7 7 12 23 23 24 24 52 48 48 17 33 33 17 17 19 26 26 21 10 10 6 6 4 1 1 1 0 0 1 1 0 0 0 0
 1 1 0 2 2 2 3 3 4 4 9 13 13 17 24 24 21 21 56 54 54 62 18 18 30 30 21 26 26 25 12 12 4 4 2 1 1 0 0 0 0 0 0 0 0 0
 1 1 0 2 2 2 3 3 4 4 9 13 13 17 24 24 21 21 56 54 54 62 18 18 30 30 21 26 26 25 12 12 4 4 2 1 1 0 0 0 0 0 0 0 0 0
 1 1 1 6 6 8 9 9 8 8 12 16 16 18 16 16 12 12 9 38 38 39 23 23 30 30 18 21 21 16 8 8 7 7 7 3 3 1 0 0 0 0 0 0 0 0
 2 2 4 5 5 5 11 11 10 10 13 20 20 20 40 40 13 13 9 37 37 38 42 42 35 35 11 9 9 7 6 6 17 17 12 7 7 5 0 0 0 0 0 0 0 0
 2 2 4 5 5 5 11 11 10 10 13 20 20 20 40 40 13 13 9 37 37 38 42 42 35 35 11 9 9 7 6 6 17 17 12 7 7 5 0 0 0 0 0 0 0 0
 2 2 6 5 5 5 12 12 10 10 13 19 19 20 39 39 13 13 9 4 4 13 25 25 5 5 4 6 6 7 13 13 15 15 9 6 6 6 1 1 1 1 0 0 0 1
 2 2 5 4 4 5 11 11 12 12 11 44 44 60 59 59 39 39 8 4 4 27 58 58 14 14 4 5 5 8 15 15 46 46 34 37 37 14 1 1 1 1 0 1 1 4
 2 2 5 4 4 5 11 11 12 12 11 44 44 60 59 59 39 39 8 4 4 27 58 58 14 14 4 5 5 8 15 15 46 46 34 37 37 14 1 1 1 1 0 1 1 4
 5 5 3 2 2 2 5 5 11 11 15 16 16 46 54 54 39 39 8 5 5 25 54 54 12 12 14 14 14 20 19 19 43 43 33 32 32 8 1 1 1 1 1 4 4 10
 5 5 3 2 2 2 5 5 11 11 15 16 16 46 54 54 39 39 8 5 5 25 54 54 12 12 14 14 14 20 19 19 43 43 33 32 32 8 1 1 1 1 1 4 4 10
 4 4 2 2 2 2 4 4 9 9 18 15 15 43 42 42 42 42 8 6 6 6 11 11 20 20 24 24 24 24 25 25 19 19 14 9 9 9 2 2 2 2 3 7 7 13
 1 1 1 1 1 2 2 2 5 5 8 10 10 8 8 8 8 8 8 6 6 8 17 17 34 34 34 31 31 33 34 34 31 31 25 10 10 4 3 3 3 3 3 7 7 13
 1 1 1 1 1 2 2 2 5 5 8 10 10 8 8 8 8 8 8 6 6 8 17 17 34 34 34 31 31 33 34 34 31 31 25 10 10 4 3 3 3 3 3 7 7 13
 1 1 1 1 1 2 2 2 2 2 4 7 7 6 6 6 6 6 6 7 7 12 19 19 36 36 40 46 46 50 42 42 40 40 33 14 14 6 2 2 1 1 1 3 3 7
 0 0 1 2 2 2 2 2 2 2 3 5 5 6 7 7 8 8 8 8 8 15 17 17 118 118 77 45 45 52 41 41 46 46 32 14 14 7 1 1 0 0 0 1 1 3
 0 0 1 2 2 2 2 2 2 2 3 5 5 6 7 7 8 8 8 8 8 15 17 17 118 118 77 45 45 52 41 41 46 46 32 14 14 7 1 1 0 0 0 1 1 3
 1 1 1 2 2 3 4 4 2 2 3 6 6 7 21 21 39 39 11 11 11 16 18 18 187 187 157 183 183 70 41 41 41 41 21 10 10 4 1 1 0 0 0 0 0 0
 1 1 1 2 2 3 4 4 2 2 3 6 6 7 21 21 39 39 11 11 11 16 18 18 187 187 157 183 183 70 41 41 41 41 21 10 10 4 1 1 0 0 0 0 0 0
 1 1 2 3 3 4 3 3 2 2 3 6 6 20 21 21 40 40 41 46 46 62 63 63 112 112 168 208 208 46 29 29 26 26 12 6 6 2 0 0 0 0 0 3 3 5
 0 0 1 1 1 1 1 1 1 1 3 5 5 12 15 15 40 40 42 47 47 47 41 41 32 32 37 64 64 63 33 33 28 28 10 2 2 1 0 0 0 0 0 3 3 4
 0 0 1 1 1 1 1 1 1 1 3 5 5 12 15 15 40 40 42 47 47 47 41 41 32 32 37 64 64 63 33 33 28 28 10 2 2 1 0 0 0 0 0 3 3 4
 0 0 0 0 0 0 0 0 1 1 2 4 4 6 13 13 39 39 46 44 44 44 42 42 50 50 49 52 52 52 23 23 23 23 4 3 3 2 0 0 0 0 0 4 4 4
 1 1 0 0 0 0 0 0 1 1 2 3 3 5 13 13 13 13 33 32 32 40 41 41 47 47 48 49 49 7 6 6 2 2 5 10 10 2 0 0 0 0 0 1 1 2
 1 1 0 0 0 0 0 0 1 1 2 3 3 5 13 13 13 13 33 32 32 40 41 41 47 47 48 49 49 7 6 6 2 2 5 10 10 2 0 0 0 0 0 1 1 2
 6 6 2 1 1 0 0 0 1 1 1 4 4 8 12 12 10 10 8 33 33 40 38 38 38 38 7 6 6 1 1 1 2 2 4 8 8 5 0 0 0 0 1 1 1 1
 6 6 2 1 1 0 0 0 1 1 1 4 4 8 12 12 10 10 8 33 33 40 38 38 38 38 7 6 6 1 1 1 2 2 4 8 8 5 0 0 0 0 1 1 1 1
 3 3 2 1 1 0 0 0 1 1 2 6 6 10 10 10 10 10 7 6 6 4 3 3 3 3 1 5 5 0 0 0 1 1 2 3 3 5 1 1 1 1 0 0 0 0
 2 2 1 1 1 2 0 0 1 1 1 4 4 4 4 4 4 4 5 5 5 3 2 2 2 2 1 0 0 0 0 0 0 0 2 2 2 1 0 0 0 0 0 0 0 0
 2 2 1 1 1 2 0 0 1 1 1 4 4 4 4 4 4 4 5 5 5 3 2 2 2 2 1 0 0 0 0 0 0 0 2 2 2 1 0 0 0 0 0 0 0 0
 1 1 1 3 3 4 1 1 1 1 1 1 1 1 2 2 3 3 3 2 2 1 2 2 1 1 1 0 0 0 0 0 1 1 1 1 1 0 0 0 0 0 0 0 0 0
 2 2 2 4 4 3 1 1 0 0 0 0 0 0 1 1 1 1 1 1 1 1 1 1 1 1 1 0 0 0 0 0 0 0 0 0 0 0 0 0 0 0 0 0 0 0
