assets/RAT_results/precipitation/2023-09-29_IMERG.asc
ncols        46
nrows        77
xllcorner    74.800261325624
yllcorner    8.058333333333
cellsize     0.062500000000
NODATA_value -9999
 27 27 21 25 25 23 15 15 12 12 10 10 10 12 8 8 1 1 1 0 0 0 0 0 0 0 0 0 0 0 0 0 0 0 0 0 0 0 0 0 0 0 0 0 0 0
 24 24 23 23 23 17 17 17 17 17 14 8 8 9 7 7 6 6 1 1 1 0 0 0 0 0 0 0 0 0 0 0 0 0 0 0 0 0 0 0 0 0 0 0 0 0
 24 24 23 23 23 17 17 17 17 17 14 8 8 9 7 7 6 6 1 1 1 0 0 0 0 0 0 0 0 0 0 0 0 0 0 0 0 0 0 0 0 0 0 0 0 0
 18 18 30 27 27 20 7 7 6 6 7 2 2 2 4 4 3 3 2 1 1 0 0 0 0 0 1 0 0 0 0 0 0 0 0 0 0 0 0 0 0 0 0 0 0 0
 19 19 25 25 25 15 11 11 7 7 3 5 5 5 3 3 2 2 1 1 1 0 0 0 0 0 0 0 0 0 0 0 0 0 0 0 0 0 0 0 0 0 0 0 0 0
 19 19 25 25 25 15 11 11 7 7 3 5 5 5 3 3 2 2 1 1 1 0 0 0 0 0 0 0 0 0 0 0 0 0 0 0 0 0 0 0 0 0 0 0 0 0
 10 10 28 21 21 21 16 16 9 9 8 7 7 12 1 1 1 1 1 1 1 0 0 0 0 0 0 0 0 1 0 0 0 0 0 0 0 0 0 0 0 0 0 0 0 0
 10 10 28 21 21 21 16 16 9 9 8 7 7 12 1 1 1 1 1 1 1 0 0 0 0 0 0 0 0 1 0 0 0 0 0 0 0 0 0 0 0 0 0 0 0 0
 24 24 34 19 19 16 24 24 9 9 6 9 9 10 1 1 1 1 1 0 0 0 0 0 0 0 0 0 0 0 0 0 0 0 0 0 0 0 0 0 0 0 0 0 0 0
 31 31 26 18 18 20 20 20 14 14 4 1 1 0 1 1 1 1 1 0 0 0 0 0 0 0 0 0 0 0 0 0 0 0 0 0 0 0 0 0 0 0 0 0 0 0
 31 31 26 18 18 20 20 20 14 14 4 1 1 0 1 1 1 1 1 0 0 0 0 0 0 0 0 0 0 0 0 0 0 0 0 0 0 0 0 0 0 0 0 0 0 0
 52 52 15 21 21 18 22 22 18 18 5 0 0 0 1 1 1 1 1 0 0 0 0 0 0 0 0 0 0 0 0 0 0 0 0 0 0 0 0 0 0 0 0 0 0 0
 40 40 26 34 34 21 15 15 8 8 2 0 0 0 1 1 2 2 1 1 1 1 0 0 0 0 0 0 0 0 2 2 0 0 0 0 0 0 1 1 0 0 0 0 0 0
 40 40 26 34 34 21 15 15 8 8 2 0 0 0 1 1 2 2 1 1 1 1 0 0 0 0 0 0 0 0 2 2 0 0 0 0 0 0 1 1 0 0 0 0 0 0
 42 42 29 46 46 27 12 12 6 6 2 1 1 1 1 1 2 2 1 1 1 1 0 0 0 0 0 0 0 0 1 1 0 0 0 0 0 1 1 1 0 0 0 0 0 0
 42 42 29 46 46 27 12 12 6 6 2 1 1 1 1 1 2 2 1 1 1 1 0 0 0 0 0 0 0 0 1 1 0 0 0 0 0 1 1 1 0 0 0 0 0 0
 25 25 31 45 45 16 15 15 6 6 8 5 5 5 4 4 2 2 2 1 1 1 1 1 2 2 1 0 0 1 0 0 0 0 0 0 0 0 0 0 0 0 0 0 0 0
 27 27 23 15 15 12 9 9 6 6 5 13 13 6 6 6 2 2 2 1 1 1 1 1 1 1 1 0 0 0 0 0 0 0 0 0 0 0 0 0 0 0 0 0 0 0
 27 27 23 15 15 12 9 9 6 6 5 13 13 6 6 6 2 2 2 1 1 1 1 1 1 1 1 0 0 0 0 0 0 0 0 0 0 0 0 0 0 0 0 0 0 0
 11 11 11 7 7 7 4 4 6 6 7 14 14 22 20 20 4 4 2 4 4 2 1 1 2 2 2 0 0 0 0 0 0 0 0 0 0 0 0 0 0 0 0 0 0 0
 9 9 11 6 6 10 9 9 10 10 14 31 31 24 22 22 5 5 12 4 4 6 2 2 2 2 1 0 0 0 1 1 0 0 1 2 2 0 0 0 0 0 0 0 0 0
 9 9 11 6 6 10 9 9 10 10 14 31 31 24 22 22 5 5 12 4 4 6 2 2 2 2 1 0 0 0 1 1 0 0 1 2 2 0 0 0 0 0 0 0 0 0
 13 13 12 8 8 9 8 8 8 8 15 24 24 21 27 27 15 15 17 3 3 4 6 6 6 6 2 1 1 1 1 1 0 0 0 2 2 0 0 0 0 0 0 0 0 0
 13 13 12 8 8 9 8 8 8 8 15 24 24 21 27 27 15 15 17 3 3 4 6 6 6 6 2 1 1 1 1 1 0 0 0 2 2 0 0 0 0 0 0 0 0 0
 26 26 16 10 10 9 7 7 5 5 6 15 15 19 26 26 14 14 8 3 3 4 6 6 5 5 3 4 4 1 1 1 1 1 0 0 0 0 0 0 0 0 0 0 0 0
 21 21 18 9 9 8 7 7 7 7 6 9 9 10 16 16 18 18 12 7 7 3 7 7 3 3 2 2 2 1 1 1 0 0 0 0 0 0 0 0 0 0 0 0 0 0
 21 21 18 9 9 8 7 7 7 7 6 9 9 10 16 16 18 18 12 7 7 3 7 7 3 3 2 2 2 1 1 1 0 0 0 0 0 0 0 0 0 0 0 0 0 0
 11 11 11 9 9 6 7 7 8 8 10 17 17 13 10 10 14 14 11 7 7 6 4 4 4 4 1 0 0 1 1 1 0 0 0 0 0 0 0 0 0 0 0 0 0 0
 11 11 10 12 12 9 9 9 12 12 17 16 16 12 9 9 9 9 12 9 9 8 2 2 4 4 1 0 0 3 3 3 1 1 2 0 0 0 0 0 0 0 0 0 0 0
 11 11 10 12 12 9 9 9 12 12 17 16 16 12 9 9 9 9 12 9 9 8 2 2 4 4 1 0 0 3 3 3 1 1 2 0 0 0 0 0 0 0 0 0 0 0
 18 18 17 30 30 38 12 12 13 13 15 13 13 12 12 12 11 11 17 14 14 9 3 3 1 1 0 0 0 1 3 3 1 1 1 2 2 0 0 0 0 0 0 0 0 0
 18 18 17 30 30 38 12 12 13 13 15 13 13 12 12 12 11 11 17 14 14 9 3 3 1 1 0 0 0 1 3 3 1 1 1 2 2 0 0 0 0 0 0 0 0 0
 27 27 19 31 31 39 41 41 34 34 20 21 21 19 25 25 19 19 11 9 9 9 4 4 2 2 1 0 0 1 2 2 2 2 3 2 2 2 0 0 0 0 0 0 0 0
 22 22 25 28 28 21 21 21 33 33 20 17 17 13 22 22 28 28 14 18 18 9 4 4 1 1 1 0 0 1 1 1 2 2 1 1 1 0 0 0 0 0 0 0 0 0
 22 22 25 28 28 21 21 21 33 33 20 17 17 13 22 22 28 28 14 18 18 9 4 4 1 1 1 0 0 1 1 1 2 2 1 1 1 0 0 0 0 0 0 0 0 0
 15 15 18 19 19 18 17 17 19 19 20 14 14 15 18 18 26 26 21 19 19 13 12 12 10 10 7 1 1 2 1 1 1 1 1 0 0 0 0 0 0 0 0 0 0 0
 18 18 13 10 10 10 10 10 12 12 13 16 16 10 21 21 25 25 47 45 45 35 31 31 26 26 8 2 2 2 3 3 1 1 0 0 0 0 0 0 0 0 0 0 0 0
 18 18 13 10 10 10 10 10 12 12 13 16 16 10 21 21 25 25 47 45 45 35 31 31 26 26 8 2 2 2 3 3 1 1 0 0 0 0 0 0 0 0 0 0 0 0
 11 11 8 9 9 8 9 9 16 16 17 15 15 49 65 65 71 71 61 48 48 47 30 30 24 24 11 4 4 5 5 5 5 5 1 1 1 2 0 0 0 0 0 0 0 0
 11 11 8 9 9 8 9 9 16 16 17 15 15 49 65 65 71 71 61 48 48 47 30 30 24 24 11 4 4 5 5 5 5 5 1 1 1 2 0 0 0 0 0 0 0 0
 12 12 10 7 7 8 17 17 22 22 39 27 27 26 69 69 74 74 68 48 48 52 40 40 29 29 7 6 6 8 7 7 6 6 5 3 3 2 2 2 0 0 0 0 0 0
 7 7 7 21 21 21 34 34 41 41 39 40 40 18 25 25 28 28 48 69 69 55 56 56 29 29 11 9 9 9 9 9 7 7 4 1 1 5 2 2 2 2 2 1 1 0
 7 7 7 21 21 21 34 34 41 41 39 40 40 18 25 25 28 28 48 69 69 55 56 56 29 29 11 9 9 9 9 9 7 7 4 1 1 5 2 2 2 2 2 1 1 0
 13 13 15 32 32 33 54 54 44 44 42 47 47 22 19 19 33 33 38 47 47 52 40 40 22 22 11 9 9 9 10 10 8 8 4 2 2 2 2 2 4 4 1 0 0 0
 18 18 16 30 30 35 56 56 59 59 55 29 29 22 30 30 40 40 49 46 46 30 20 20 12 12 14 8 8 1 2 2 2 2 1 1 1 2 2 2 1 1 2 0 0 0
 18 18 16 30 30 35 56 56 59 59 55 29 29 22 30 30 40 40 49 46 46 30 20 20 12 12 14 8 8 1 2 2 2 2 1 1 1 2 2 2 1 1 2 0 0 0
 17 17 27 31 31 38 43 43 53 53 27 33 33 42 37 37 37 37 24 24 24 27 21 21 16 16 13 14 14 6 11 11 4 4 3 2 2 2 2 2 3 3 1 0 0 0
 17 17 27 31 31 38 43 43 53 53 27 33 33 42 37 37 37 37 24 24 24 27 21 21 16 16 13 14 14 6 11 11 4 4 3 2 2 2 2 2 3 3 1 0 0 0
 2 2 2 2 2 4 34 34 18 18 25 47 47 34 38 38 24 24 28 22 22 16 19 19 20 20 20 17 17 14 15 15 9 9 7 3 3 2 5 5 6 6 3 0 0 0
 3 3 4 6 6 7 9 9 13 13 21 29 29 36 27 27 26 26 28 19 19 17 23 23 30 30 31 33 33 21 39 39 27 27 12 5 5 4 5 5 6 6 3 0 0 0
 3 3 4 6 6 7 9 9 13 13 21 29 29 36 27 27 26 26 28 19 19 17 23 23 30 30 31 33 33 21 39 39 27 27 12 5 5 4 5 5 6 6 3 0 0 0
 5 5 7 9 9 10 11 11 16 16 20 26 26 32 29 29 26 26 27 24 24 25 34 34 35 35 39 47 47 36 68 68 38 38 24 9 9 2 3 3 3 3 1 0 0 3
 8 8 10 13 13 13 13 13 18 18 24 27 27 31 27 27 27 27 21 29 29 37 51 51 49 49 60 63 63 68 68 68 46 46 19 17 17 3 5 5 4 4 2 1 1 0
 8 8 10 13 13 13 13 13 18 18 24 27 27 31 27 27 27 27 21 29 29 37 51 51 49 49 60 63 63 68 68 68 46 46 19 17 17 3 5 5 4 4 2 1 1 0
 10 10 13 15 15 16 20 20 28 28 27 30 30 30 26 26 29 29 25 31 31 40 54 54 52 52 60 59 59 63 41 41 33 33 21 19 19 7 4 4 5 5 2 0 0 0
 10 10 13 15 15 16 20 20 28 28 27 30 30 30 26 26 29 29 25 31 31 40 54 54 52 52 60 59 59 63 41 41 33 33 21 19 19 7 4 4 5 5 2 0 0 0
 14 14 19 15 15 19 24 24 27 27 30 30 30 28 27 27 26 26 24 44 44 97 95 95 62 62 50 43 43 41 43 43 41 41 31 24 24 13 6 6 3 3 1 0 0 0
 17 17 19 20 20 22 26 26 25 25 31 23 23 19 23 23 31 31 58 71 71 93 94 94 98 98 50 56 56 44 35 35 44 44 38 18 18 17 10 10 9 9 0 0 0 0
 17 17 19 20 20 22 26 26 25 25 31 23 23 19 23 23 31 31 58 71 71 93 94 94 98 98 50 56 56 44 35 35 44 44 38 18 18 17 10 10 9 9 0 0 0 0
 29 29 25 18 18 22 26 26 20 20 24 17 17 18 22 22 30 30 55 68 68 90 122 122 137 137 67 52 52 59 42 42 54 54 51 35 35 18 12 12 8 8 0 0 0 0
 25 25 21 20 20 18 18 18 14 14 38 36 36 19 24 24 32 32 49 86 86 88 101 101 138 138 122 47 47 37 38 38 44 44 37 26 26 21 19 19 14 14 3 0 0 0
 25 25 21 20 20 18 18 18 14 14 38 36 36 19 24 24 32 32 49 86 86 88 101 101 138 138 122 47 47 37 38 38 44 44 37 26 26 21 19 19 14 14 3 0 0 0
 21 21 24 25 25 23 20 20 22 22 41 41 41 70 51 51 49 49 108 121 121 87 101 101 92 92 95 48 48 48 49 49 42 42 33 25 25 19 16 16 9 9 6 4 4 1
 21 21 24 25 25 23 20 20 22 22 41 41 41 70 51 51 49 49 108 121 121 87 101 101 92 92 95 48 48 48 49 49 42 42 33 25 25 19 16 16 9 9 6 4 4 1
 17 17 19 26 26 23 19 19 44 44 62 73 73 82 59 59 58 58 129 134 134 137 117 117 78 78 104 66 66 54 58 58 91 91 29 18 18 20 19 19 14 14 9 7 7 4
 22 22 12 16 16 31 48 48 59 59 69 78 78 99 122 122 122 122 128 84 84 84 122 122 107 107 137 174 174 124 72 72 68 68 42 21 21 19 19 19 16 16 9 7 7 2
 22 22 12 16 16 31 48 48 59 59 69 78 78 99 122 122 122 122 128 84 84 84 122 122 107 107 137 174 174 124 72 72 68 68 42 21 21 19 19 19 16 16 9 7 7 2
 65 65 107 110 110 35 53 53 52 52 41 59 59 78 82 82 91 91 133 88 88 87 105 105 103 103 144 140 140 239 119 119 116 116 45 34 34 31 20 20 17 17 8 9 9 3
 75 75 115 110 110 53 52 52 65 65 65 69 69 60 62 62 71 71 58 70 70 80 95 95 97 97 134 130 130 132 75 75 94 94 36 34 34 32 18 18 15 15 13 12 12 5
 75 75 115 110 110 53 52 52 65 65 65 69 69 60 62 62 71 71 58 70 70 80 95 95 97 97 134 130 130 132 75 75 94 94 36 34 34 32 18 18 15 15 13 12 12 5
 26 26 20 20 20 20 33 33 64 64 65 64 64 44 48 48 35 35 32 58 58 72 74 74 76 76 48 35 35 41 46 46 37 37 32 32 32 31 22 22 27 27 28 35 35 8
 26 26 20 20 20 20 33 33 64 64 65 64 64 44 48 48 35 35 32 58 58 72 74 74 76 76 48 35 35 41 46 46 37 37 32 32 32 31 22 22 27 27 28 35 35 8
 16 16 9 7 7 8 28 28 22 22 24 23 23 20 39 39 36 36 25 17 17 16 15 15 33 33 28 23 23 25 25 25 32 32 30 32 32 36 26 26 29 29 29 35 35 10
 6 6 7 7 7 40 43 43 12 12 12 18 18 15 12 12 9 9 19 19 19 13 12 12 14 14 11 15 15 16 23 23 42 42 62 42 42 31 28 28 30 30 23 19 19 15
 6 6 7 7 7 40 43 43 12 12 12 18 18 15 12 12 9 9 19 19 19 13 12 12 14 14 11 15 15 16 23 23 42 42 62 42 42 31 28 28 30 30 23 19 19 15
 4 4 6 6 6 12 43 43 14 14 12 9 9 12 6 6 7 7 7 9 9 5 4 4 5 5 6 8 8 12 12 12 37 37 57 43 43 43 26 26 33 33 24 25 25 23
 8 8 10 7 7 9 11 11 15 15 11 10 10 7 6 6 7 7 6 6 6 5 4 4 2 2 4 4 4 8 8 8 10 10 13 16 16 39 23 23 28 28 26 22 22 20
