assets/RAT_results/precipitation/2023-10-17_IMERG.asc
ncols        46
nrows        77
xllcorner    74.800261325624
yllcorner    8.058333333333
cellsize     0.062500000000
NODATA_value -9999
 2 2 4 9 9 13 14 14 11 11 10 11 11 16 16 16 13 13 7 5 5 2 0 0 1 1 7 0 0 0 0 0 0 0 0 0 0 0 0 0 0 0 0 0 0 0
 1 1 4 11 11 18 21 21 20 20 20 19 19 19 15 15 8 8 5 3 3 1 0 0 1 1 1 0 0 0 2 2 3 3 1 0 0 0 0 0 0 0 0 0 0 0
 1 1 4 11 11 18 21 21 20 20 20 19 19 19 15 15 8 8 5 3 3 1 0 0 1 1 1 0 0 0 2 2 3 3 1 0 0 0 0 0 0 0 0 0 0 0
 2 2 5 12 12 19 25 25 28 28 28 23 23 19 13 13 9 9 7 4 4 2 0 0 0 0 0 0 0 1 4 4 5 5 1 0 0 0 0 0 0 0 0 0 0 0
 2 2 5 13 13 19 28 28 30 30 27 24 24 18 13 13 11 11 8 4 4 2 0 0 0 0 0 0 0 2 5 5 3 3 1 0 0 0 0 0 0 0 0 0 0 0
 2 2 5 13 13 19 28 28 30 30 27 24 24 18 13 13 11 11 8 4 4 2 0 0 0 0 0 0 0 2 5 5 3 3 1 0 0 0 0 0 0 0 0 0 0 0
 4 4 3 8 8 17 31 31 29 29 28 25 25 17 12 12 9 9 7 4 4 2 0 0 0 0 0 0 0 1 1 1 1 1 0 0 0 0 0 0 0 0 0 0 0 0
 4 4 3 8 8 17 31 31 29 29 28 25 25 17 12 12 9 9 7 4 4 2 0 0 0 0 0 0 0 1 1 1 1 1 0 0 0 0 0 0 0 0 0 0 0 0
 8 8 6 8 8 14 25 25 31 31 31 24 24 15 13 13 5 5 3 2 2 1 0 0 0 0 0 0 0 0 0 0 0 0 0 0 0 0 0 0 0 0 0 0 0 0
 13 13 6 8 8 13 13 13 27 27 26 26 26 16 8 8 3 3 1 1 1 0 0 0 1 1 1 0 0 0 0 0 0 0 0 0 0 0 0 0 0 0 0 0 0 0
 13 13 6 8 8 13 13 13 27 27 26 26 26 16 8 8 3 3 1 1 1 0 0 0 1 1 1 0 0 0 0 0 0 0 0 0 0 0 0 0 0 0 0 0 0 0
 11 11 7 4 4 9 8 8 23 23 24 19 19 10 5 5 1 1 1 1 1 1 1 1 0 0 0 0 0 0 0 0 0 0 0 0 0 0 0 0 0 0 0 0 0 2
 11 11 3 2 2 3 7 7 11 11 10 10 10 5 3 3 0 0 0 1 1 0 0 0 0 0 0 0 0 0 0 0 0 0 0 0 0 0 0 0 0 0 0 0 0 2
 11 11 3 2 2 3 7 7 11 11 10 10 10 5 3 3 0 0 0 1 1 0 0 0 0 0 0 0 0 0 0 0 0 0 0 0 0 0 0 0 0 0 0 0 0 2
 20 20 11 2 2 1 6 6 15 15 20 13 13 3 6 6 1 1 0 0 0 0 0 0 0 0 0 0 0 0 0 0 0 0 0 0 0 0 0 0 0 0 1 0 0 0
 20 20 11 2 2 1 6 6 15 15 20 13 13 3 6 6 1 1 0 0 0 0 0 0 0 0 0 0 0 0 0 0 0 0 0 0 0 0 0 0 0 0 1 0 0 0
 23 23 14 9 9 2 4 4 18 18 21 10 10 6 7 7 3 3 2 1 1 1 1 1 0 0 0 0 0 0 0 0 0 0 0 0 0 0 0 0 0 0 0 0 0 0
 19 19 29 19 19 4 2 2 9 9 8 5 5 6 8 8 2 2 2 3 3 3 2 2 0 0 0 0 0 0 0 0 0 0 0 1 1 2 0 0 0 0 0 0 0 0
 19 19 29 19 19 4 2 2 9 9 8 5 5 6 8 8 2 2 2 3 3 3 2 2 0 0 0 0 0 0 0 0 0 0 0 1 1 2 0 0 0 0 0 0 0 0
 25 25 33 31 31 16 6 6 6 6 1 1 1 3 3 3 2 2 2 5 5 4 1 1 1 1 2 0 0 0 0 0 0 0 0 0 0 0 0 0 0 0 0 1 1 0
 21 21 36 48 48 30 21 21 14 14 3 3 3 4 7 7 8 8 7 9 9 9 7 7 3 3 2 2 2 2 0 0 0 0 0 0 0 0 0 0 0 0 1 0 0 0
 21 21 36 48 48 30 21 21 14 14 3 3 3 4 7 7 8 8 7 9 9 9 7 7 3 3 2 2 2 2 0 0 0 0 0 0 0 0 0 0 0 0 1 0 0 0
 17 17 21 37 37 62 22 22 23 23 7 4 4 9 14 14 15 15 17 18 18 12 9 9 2 2 1 2 2 2 1 1 1 1 2 0 0 0 0 0 0 0 0 0 0 0
 17 17 21 37 37 62 22 22 23 23 7 4 4 9 14 14 15 15 17 18 18 12 9 9 2 2 1 2 2 2 1 1 1 1 2 0 0 0 0 0 0 0 0 0 0 0
 16 16 19 22 22 61 53 53 31 31 9 6 6 15 18 18 20 20 25 24 24 11 4 4 1 1 0 2 2 7 6 6 7 7 1 0 0 0 0 0 0 0 0 0 0 0
 13 13 13 22 22 28 62 62 40 40 18 8 8 8 18 18 19 19 20 17 17 9 3 3 1 1 0 3 3 5 7 7 8 8 8 2 2 0 0 0 0 0 0 0 0 0
 13 13 13 22 22 28 62 62 40 40 18 8 8 8 18 18 19 19 20 17 17 9 3 3 1 1 0 3 3 5 7 7 8 8 8 2 2 0 0 0 0 0 0 0 0 0
 12 12 12 16 16 21 42 42 49 49 52 9 9 9 8 8 16 16 17 15 15 10 3 3 1 1 3 1 1 6 9 9 6 6 1 0 0 0 0 0 0 0 0 0 0 0
 14 14 14 19 19 28 31 31 53 53 40 101 101 18 7 7 15 15 17 15 15 11 4 4 1 1 1 5 5 7 6 6 10 10 0 0 0 0 0 0 0 0 0 0 0 0
 14 14 14 19 19 28 31 31 53 53 40 101 101 18 7 7 15 15 17 15 15 11 4 4 1 1 1 5 5 7 6 6 10 10 0 0 0 0 0 0 0 0 0 0 0 0
 18 18 15 14 14 16 25 25 18 18 22 49 49 55 5 5 14 14 19 14 14 10 5 5 3 3 4 9 9 5 7 7 0 0 5 0 0 0 0 0 0 0 0 0 0 0
 18 18 15 14 14 16 25 25 18 18 22 49 49 55 5 5 14 14 19 14 14 10 5 5 3 3 4 9 9 5 7 7 0 0 5 0 0 0 0 0 0 0 0 0 0 0
 17 17 14 11 11 11 12 12 10 10 7 6 6 14 3 3 7 7 9 8 8 8 4 4 3 3 2 3 3 2 1 1 0 0 0 0 0 0 0 0 0 0 0 0 0 0
 11 11 10 8 8 8 7 7 7 7 10 7 7 8 4 4 2 2 2 3 3 3 3 3 2 2 2 3 3 5 4 4 1 1 0 0 0 2 0 0 0 0 0 0 0 0
 11 11 10 8 8 8 7 7 7 7 10 7 7 8 4 4 2 2 2 3 3 3 3 3 2 2 2 3 3 5 4 4 1 1 0 0 0 2 0 0 0 0 0 0 0 0
 7 7 5 3 3 6 6 6 9 9 10 7 7 15 3 3 1 1 1 2 2 10 2 2 2 2 7 10 10 8 8 8 4 4 1 0 0 0 0 0 0 0 0 0 0 0
 5 5 3 2 2 2 4 4 17 17 27 18 18 19 13 13 21 21 22 14 14 14 6 6 7 7 10 18 18 20 7 7 2 2 0 0 0 0 0 0 1 1 1 1 1 1
 5 5 3 2 2 2 4 4 17 17 27 18 18 19 13 13 21 21 22 14 14 14 6 6 7 7 10 18 18 20 7 7 2 2 0 0 0 0 0 0 1 1 1 1 1 1
 6 6 3 3 3 4 7 7 14 14 29 27 27 17 10 10 21 21 21 12 12 20 14 14 13 13 9 12 12 13 3 3 0 0 0 0 0 0 2 2 4 4 5 3 3 3
 6 6 3 3 3 4 7 7 14 14 29 27 27 17 10 10 21 21 21 12 12 20 14 14 13 13 9 12 12 13 3 3 0 0 0 0 0 0 2 2 4 4 5 3 3 3
 3 3 5 6 6 7 10 10 14 14 19 32 32 15 5 5 41 41 42 26 26 27 23 23 22 22 13 5 5 3 2 2 3 3 9 2 2 1 7 7 6 6 4 2 2 2
 3 3 4 7 7 8 13 13 15 15 18 14 14 12 5 5 17 17 65 49 49 22 29 29 29 29 19 11 11 7 4 4 8 8 13 5 5 1 7 7 11 11 4 6 6 6
 3 3 4 7 7 8 13 13 15 15 18 14 14 12 5 5 17 17 65 49 49 22 29 29 29 29 19 11 11 7 4 4 8 8 13 5 5 1 7 7 11 11 4 6 6 6
 5 5 3 3 3 4 11 11 30 30 33 27 27 14 17 17 39 39 48 49 49 22 31 31 32 32 37 27 27 18 10 10 6 6 7 6 6 7 12 12 21 21 14 9 9 9
 7 7 4 3 3 6 16 16 34 34 33 25 25 18 19 19 69 69 71 71 71 60 30 30 32 32 42 43 43 33 18 18 10 10 8 8 8 9 17 17 18 18 7 7 7 2
 7 7 4 3 3 6 16 16 34 34 33 25 25 18 19 19 69 69 71 71 71 60 30 30 32 32 42 43 43 33 18 18 10 10 8 8 8 9 17 17 18 18 7 7 7 2
 4 4 4 5 5 7 11 11 32 32 23 30 30 22 23 23 50 50 77 70 70 25 25 25 33 33 40 43 43 49 29 29 14 14 10 9 9 17 17 17 14 14 10 10 10 1
 4 4 4 5 5 7 11 11 32 32 23 30 30 22 23 23 50 50 77 70 70 25 25 25 33 33 40 43 43 49 29 29 14 14 10 9 9 17 17 17 14 14 10 10 10 1
 5 5 7 8 8 7 7 7 19 19 17 17 17 13 13 13 28 28 41 35 35 34 24 24 40 40 49 38 38 51 37 37 18 18 9 7 7 23 21 21 15 15 15 9 9 2
 4 4 8 13 13 11 10 10 16 16 13 9 9 11 11 11 26 26 29 32 32 33 44 44 45 45 41 43 43 31 31 31 20 20 8 8 8 26 26 26 22 22 17 14 14 2
 4 4 8 13 13 11 10 10 16 16 13 9 9 11 11 11 26 26 29 32 32 33 44 44 45 45 41 43 43 31 31 31 20 20 8 8 8 26 26 26 22 22 17 14 14 2
 8 8 14 15 15 12 10 10 8 8 9 8 8 5 4 4 5 5 27 32 32 34 20 20 29 29 21 22 22 21 27 27 15 15 9 5 5 10 26 26 27 27 19 14 14 2
 10 10 24 21 21 15 8 8 3 3 3 5 5 5 5 5 7 7 25 31 31 32 21 21 28 28 19 21 21 19 19 19 10 10 7 5 5 7 17 17 25 25 30 4 4 1
 10 10 24 21 21 15 8 8 3 3 3 5 5 5 5 5 7 7 25 31 31 32 21 21 28 28 19 21 21 19 19 19 10 10 7 5 5 7 17 17 25 25 30 4 4 1
 9 9 8 14 14 12 6 6 1 1 2 3 3 7 8 8 6 6 27 9 9 18 17 17 23 23 19 17 17 17 17 17 9 9 10 10 10 8 12 12 30 30 19 4 4 1
 9 9 8 14 14 12 6 6 1 1 2 3 3 7 8 8 6 6 27 9 9 18 17 17 23 23 19 17 17 17 17 17 9 9 10 10 10 8 12 12 30 30 19 4 4 1
 4 4 2 4 4 6 1 1 2 2 2 10 10 8 9 9 9 9 12 12 12 21 17 17 21 21 31 17 17 19 15 15 19 19 29 22 22 12 21 21 28 28 13 3 3 1
 2 2 1 1 1 2 3 3 3 3 3 11 11 13 13 13 14 14 16 13 13 18 14 14 29 29 32 18 18 17 18 18 23 23 30 22 22 14 16 16 18 18 8 9 9 3
 2 2 1 1 1 2 3 3 3 3 3 11 11 13 13 13 14 14 16 13 13 18 14 14 29 29 32 18 18 17 18 18 23 23 30 22 22 14 16 16 18 18 8 9 9 3
 1 1 2 2 2 3 5 5 4 4 5 17 17 22 17 17 14 14 17 18 18 23 13 13 13 13 22 17 17 17 16 16 17 17 24 15 15 20 19 19 14 14 18 21 21 10
 2 2 4 8 8 7 6 6 6 6 7 17 17 26 25 25 21 21 23 26 26 14 13 13 13 13 16 24 24 21 18 18 19 19 18 17 17 20 27 27 26 26 24 18 18 8
 2 2 4 8 8 7 6 6 6 6 7 17 17 26 25 25 21 21 23 26 26 14 13 13 13 13 16 24 24 21 18 18 19 19 18 17 17 20 27 27 26 26 24 18 18 8
 4 4 9 10 10 9 7 7 8 8 18 19 19 29 31 31 28 28 19 24 24 20 18 18 17 17 16 19 19 18 26 26 19 19 20 22 22 30 36 36 38 38 28 16 16 10
 4 4 9 10 10 9 7 7 8 8 18 19 19 29 31 31 28 28 19 24 24 20 18 18 17 17 16 19 19 18 26 26 19 19 20 22 22 30 36 36 38 38 28 16 16 10
 5 5 10 8 8 10 8 8 6 6 19 20 20 28 27 27 27 27 25 25 25 16 16 16 23 23 29 37 37 23 24 24 18 18 24 30 30 41 49 49 44 44 24 10 10 4
 6 6 8 6 6 6 6 6 6 6 18 27 27 31 29 29 27 27 27 23 23 10 22 22 21 21 27 35 35 17 18 18 22 22 27 33 33 46 46 46 43 43 21 8 8 3
 6 6 8 6 6 6 6 6 6 6 18 27 27 31 29 29 27 27 27 23 23 10 22 22 21 21 27 35 35 17 18 18 22 22 27 33 33 46 46 46 43 43 21 8 8 3
 2 2 4 6 6 6 7 7 9 9 16 24 24 32 37 37 31 31 28 26 26 9 10 10 12 12 17 24 24 17 19 19 25 25 41 44 44 54 43 43 39 39 11 4 4 3
 2 2 4 7 7 8 7 7 8 8 9 19 19 31 26 26 26 26 19 9 9 6 7 7 11 11 4 6 6 15 17 17 27 27 40 40 40 48 36 36 31 31 22 3 3 3
 2 2 4 7 7 8 7 7 8 8 9 19 19 31 26 26 26 26 19 9 9 6 7 7 11 11 4 6 6 15 17 17 27 27 40 40 40 48 36 36 31 31 22 3 3 3
 3 3 4 9 9 11 9 9 9 9 5 13 13 11 16 16 16 16 32 10 10 12 5 5 3 3 3 6 6 14 18 18 19 19 32 35 35 35 36 36 28 28 25 6 6 4
 3 3 4 9 9 11 9 9 9 9 5 13 13 11 16 16 16 16 32 10 10 12 5 5 3 3 3 6 6 14 18 18 19 19 32 35 35 35 36 36 28 28 25 6 6 4
 6 6 5 11 11 11 10 10 5 5 1 2 2 5 12 12 17 17 15 8 8 9 3 3 3 3 3 6 6 15 19 19 18 18 31 32 32 37 43 43 29 29 30 10 10 7
 7 7 10 10 10 13 8 8 4 4 1 1 1 1 5 5 14 14 12 7 7 2 3 3 3 3 4 10 10 17 22 22 24 24 22 27 27 45 46 46 31 31 28 21 21 13
 7 7 10 10 10 13 8 8 4 4 1 1 1 1 5 5 14 14 12 7 7 2 3 3 3 3 4 10 10 17 22 22 24 24 22 27 27 45 46 46 31 31 28 21 21 13
 11 11 18 8 8 6 5 5 3 3 2 4 4 4 6 6 12 12 12 11 11 4 5 5 8 8 9 13 13 15 19 19 36 36 31 26 26 29 31 31 18 18 26 17 17 9
 13 13 11 15 15 4 4 4 4 4 3 3 3 4 3 3 9 9 13 13 13 6 7 7 5 5 15 16 16 17 27 27 30 30 29 24 24 13 14 14 5 5 12 6 6 2
