assets/RAT_results/precipitation/2023-10-13_IMERG.asc
ncols        46
nrows        77
xllcorner    74.800261325624
yllcorner    8.058333333333
cellsize     0.062500000000
NODATA_value -9999
 0 0 0 0 0 0 0 0 0 0 0 0 0 0 0 0 0 0 0 0 0 0 0 0 0 0 0 0 0 0 0 0 0 0 0 0 0 0 0 0 0 0 0 0 0 0
 0 0 0 0 0 0 0 0 0 0 0 0 0 0 0 0 0 0 0 0 0 0 0 0 0 0 0 0 0 0 0 0 0 0 0 0 0 0 0 0 0 0 0 0 0 0
 0 0 0 0 0 0 0 0 0 0 0 0 0 0 0 0 0 0 0 0 0 0 0 0 0 0 0 0 0 0 0 0 0 0 0 0 0 0 0 0 0 0 0 0 0 0
 0 0 0 0 0 1 1 1 0 0 0 0 0 0 0 0 0 0 0 0 0 0 0 0 0 0 0 0 0 0 0 0 0 0 0 0 0 0 0 0 0 0 0 0 0 0
 1 1 0 1 1 2 2 2 1 1 0 0 0 0 0 0 0 0 0 0 0 0 0 0 0 0 0 0 0 0 0 0 0 0 0 0 0 0 0 0 0 0 0 0 0 0
 1 1 0 1 1 2 2 2 1 1 0 0 0 0 0 0 0 0 0 0 0 0 0 0 0 0 0 0 0 0 0 0 0 0 0 0 0 0 0 0 0 0 0 0 0 0
 0 0 0 1 1 2 2 2 1 1 0 0 0 0 0 0 0 0 0 0 0 0 0 0 0 0 0 0 0 0 0 0 0 0 0 0 0 0 0 0 0 0 0 0 0 0
 0 0 0 1 1 2 2 2 1 1 0 0 0 0 0 0 0 0 0 0 0 0 0 0 0 0 0 0 0 0 0 0 0 0 0 0 0 0 0 0 0 0 0 0 0 0
 0 0 0 1 1 2 2 2 1 1 0 0 0 0 0 0 0 0 0 0 0 0 0 0 0 0 0 0 0 0 0 0 0 0 0 0 0 0 0 0 0 0 0 0 0 0
 0 0 0 0 0 1 1 1 0 0 0 0 0 0 0 0 0 0 0 0 0 0 0 0 0 0 0 0 0 0 0 0 0 0 0 0 0 0 0 0 0 0 0 0 0 0
 0 0 0 0 0 1 1 1 0 0 0 0 0 0 0 0 0 0 0 0 0 0 0 0 0 0 0 0 0 0 0 0 0 0 0 0 0 0 0 0 0 0 0 0 0 0
 0 0 0 0 0 0 0 0 0 0 0 0 0 0 0 0 0 0 0 0 0 1 1 1 0 0 0 0 0 0 0 0 0 0 0 0 0 0 0 0 0 0 0 0 0 0
 0 0 0 0 0 0 0 0 0 0 0 0 0 0 0 0 0 0 0 0 0 1 2 2 1 1 0 0 0 0 0 0 0 0 0 0 0 0 0 0 0 0 0 0 0 0
 0 0 0 0 0 0 0 0 0 0 0 0 0 0 0 0 0 0 0 0 0 1 2 2 1 1 0 0 0 0 0 0 0 0 0 0 0 0 0 0 0 0 0 0 0 0
 0 0 0 0 0 0 0 0 0 0 0 0 0 0 0 0 0 0 0 0 0 0 1 1 1 1 0 0 0 0 0 0 0 0 0 0 0 0 0 0 0 0 0 0 0 0
 0 0 0 0 0 0 0 0 0 0 0 0 0 0 0 0 0 0 0 0 0 0 1 1 1 1 0 0 0 0 0 0 0 0 0 0 0 0 0 0 0 0 0 0 0 0
 0 0 0 2 2 2 0 0 0 0 0 0 0 0 0 0 0 0 0 0 0 0 0 0 0 0 0 0 0 0 0 0 0 0 0 0 0 0 0 0 0 0 0 0 0 0
 25 25 25 36 36 2 1 1 1 1 0 0 0 0 0 0 0 0 0 0 0 0 0 0 0 0 0 0 0 0 0 0 0 0 0 0 0 0 0 0 0 0 0 0 0 0
 25 25 25 36 36 2 1 1 1 1 0 0 0 0 0 0 0 0 0 0 0 0 0 0 0 0 0 0 0 0 0 0 0 0 0 0 0 0 0 0 0 0 0 0 0 0
 25 25 26 37 37 16 5 5 5 5 0 0 0 0 0 0 0 0 1 0 0 0 0 0 0 0 0 0 0 0 0 0 0 0 0 0 0 0 0 0 0 0 0 0 0 0
 0 0 4 5 5 6 2 2 5 5 0 1 1 0 6 6 1 1 1 0 0 1 2 2 0 0 0 0 0 0 0 0 0 0 0 0 0 0 0 0 0 0 0 0 0 0
 0 0 4 5 5 6 2 2 5 5 0 1 1 0 6 6 1 1 1 0 0 1 2 2 0 0 0 0 0 0 0 0 0 0 0 0 0 0 0 0 0 0 0 0 0 0
 0 0 0 4 4 1 1 1 1 1 0 0 0 2 5 5 9 9 3 3 3 1 1 1 2 2 0 0 0 1 1 1 1 1 1 0 0 0 0 0 0 0 0 0 0 0
 0 0 0 4 4 1 1 1 1 1 0 0 0 2 5 5 9 9 3 3 3 1 1 1 2 2 0 0 0 1 1 1 1 1 1 0 0 0 0 0 0 0 0 0 0 0
 0 0 0 1 1 0 1 1 0 0 0 1 1 4 8 8 5 5 4 3 3 4 4 4 1 1 1 0 0 2 2 2 1 1 0 0 0 0 0 0 0 0 0 0 0 0
 0 0 46 19 19 52 0 0 0 0 0 0 0 4 9 9 7 7 4 5 5 5 3 3 0 0 0 0 0 1 1 1 0 0 0 0 0 0 0 0 0 0 0 0 0 0
 0 0 46 19 19 52 0 0 0 0 0 0 0 4 9 9 7 7 4 5 5 5 3 3 0 0 0 0 0 1 1 1 0 0 0 0 0 0 0 0 0 0 0 0 0 0
 1 1 47 52 52 54 22 22 1 1 1 0 0 23 25 25 21 21 2 1 1 1 0 0 0 0 0 0 0 0 0 0 0 0 0 0 0 0 0 0 0 0 0 0 0 0
 44 44 44 60 60 61 54 54 19 19 1 1 1 0 2 2 22 22 5 0 0 1 0 0 0 0 0 0 0 0 0 0 0 0 0 0 0 0 0 0 1 1 0 0 0 0
 44 44 44 60 60 61 54 54 19 19 1 1 1 0 2 2 22 22 5 0 0 1 0 0 0 0 0 0 0 0 0 0 0 0 0 0 0 0 0 0 1 1 0 0 0 0
 47 47 50 56 56 62 45 45 18 18 18 3 3 2 9 9 7 7 2 2 2 1 1 1 4 4 0 0 0 0 0 0 0 0 0 0 0 0 1 1 1 1 1 1 1 1
 47 47 50 56 56 62 45 45 18 18 18 3 3 2 9 9 7 7 2 2 2 1 1 1 4 4 0 0 0 0 0 0 0 0 0 0 0 0 1 1 1 1 1 1 1 1
 49 49 47 56 56 47 43 43 17 17 1 5 5 3 14 14 7 7 6 6 6 6 4 4 5 5 2 1 1 0 0 0 0 0 0 0 0 0 0 0 1 1 1 1 1 3
 7 7 2 14 14 14 29 29 18 18 2 2 2 7 12 12 7 7 12 14 14 16 16 16 15 15 12 7 7 2 0 0 0 0 0 0 0 0 0 0 0 0 1 1 1 2
 7 7 2 14 14 14 29 29 18 18 2 2 2 7 12 12 7 7 12 14 14 16 16 16 15 15 12 7 7 2 0 0 0 0 0 0 0 0 0 0 0 0 1 1 1 2
 8 8 16 14 14 14 2 2 2 2 3 4 4 11 9 9 9 9 16 19 19 23 25 25 27 27 28 22 22 9 2 2 0 0 0 0 0 0 0 0 0 0 0 0 0 1
 2 2 1 1 1 2 3 3 4 4 5 9 9 11 10 10 11 11 12 24 24 26 32 32 34 34 39 38 38 23 8 8 1 1 0 0 0 0 0 0 0 0 0 1 1 1
 2 2 1 1 1 2 3 3 4 4 5 9 9 11 10 10 11 11 12 24 24 26 32 32 34 34 39 38 38 23 8 8 1 1 0 0 0 0 0 0 0 0 0 1 1 1
 1 1 15 19 19 15 4 4 4 4 6 10 10 14 12 12 15 15 22 30 30 30 33 33 35 35 42 40 40 30 15 15 3 3 0 0 0 0 0 0 0 0 0 1 1 1
 1 1 15 19 19 15 4 4 4 4 6 10 10 14 12 12 15 15 22 30 30 30 33 33 35 35 42 40 40 30 15 15 3 3 0 0 0 0 0 0 0 0 0 1 1 1
 3 3 17 31 31 34 16 16 5 5 8 10 10 20 24 24 23 23 24 33 33 30 34 34 36 36 41 40 40 38 28 28 8 8 1 0 0 1 0 0 0 0 1 2 2 1
 58 58 59 62 62 43 43 43 5 5 6 10 10 22 19 19 43 43 41 39 39 29 31 31 34 34 43 40 40 40 35 35 11 11 2 0 0 2 1 1 2 2 2 2 2 1
 58 58 59 62 62 43 43 43 5 5 6 10 10 22 19 19 43 43 41 39 39 29 31 31 34 34 43 40 40 40 35 35 11 11 2 0 0 2 1 1 2 2 2 2 2 1
 52 52 59 63 63 43 44 44 6 6 6 13 13 20 20 20 22 22 39 42 42 27 29 29 34 34 45 43 43 39 37 37 14 14 3 0 0 2 2 2 3 3 5 3 3 3
 52 52 61 65 65 79 21 21 21 21 23 12 12 17 33 33 30 30 43 42 42 18 30 30 32 32 38 39 39 38 33 33 14 14 2 1 1 2 2 2 3 3 6 7 7 7
 52 52 61 65 65 79 21 21 21 21 23 12 12 17 33 33 30 30 43 42 42 18 30 30 32 32 38 39 39 38 33 33 14 14 2 1 1 2 2 2 3 3 6 7 7 7
 20 20 48 56 56 84 56 56 21 21 22 9 9 24 33 33 44 44 51 50 50 21 18 18 31 31 32 31 31 33 26 26 10 10 3 3 3 4 6 6 3 3 4 6 6 9
 20 20 48 56 56 84 56 56 21 21 22 9 9 24 33 33 44 44 51 50 50 21 18 18 31 31 32 31 31 33 26 26 10 10 3 3 3 4 6 6 3 3 4 6 6 9
 22 22 48 55 55 78 54 54 55 55 13 18 18 24 42 42 44 44 48 49 49 19 16 16 27 27 25 22 22 20 21 21 14 14 5 7 7 13 11 11 5 5 5 4 4 4
 7 7 39 76 76 76 93 93 96 96 94 15 15 9 42 42 47 47 44 62 62 61 13 13 24 24 23 19 19 13 9 9 6 6 3 8 8 12 4 4 8 8 6 6 6 1
 7 7 39 76 76 76 93 93 96 96 94 15 15 9 42 42 47 47 44 62 62 61 13 13 24 24 23 19 19 13 9 9 6 6 3 8 8 12 4 4 8 8 6 6 6 1
 10 10 16 43 43 90 95 95 99 99 99 109 109 23 24 24 56 56 12 12 12 13 12 12 22 22 22 18 18 15 10 10 5 5 3 3 3 3 1 1 8 8 7 9 9 3
 9 9 16 34 34 82 84 84 111 111 119 129 129 106 23 23 9 9 12 17 17 12 10 10 20 20 20 19 19 17 15 15 10 10 11 6 6 1 1 1 2 2 6 11 11 9
 9 9 16 34 34 82 84 84 111 111 119 129 129 106 23 23 9 9 12 17 17 12 10 10 20 20 20 19 19 17 15 15 10 10 11 6 6 1 1 1 2 2 6 11 11 9
 9 9 9 9 9 48 46 46 93 93 121 128 128 112 33 33 14 14 19 22 22 15 14 14 23 23 23 26 26 26 21 21 17 17 14 6 6 9 2 2 3 3 6 10 10 13
 9 9 9 9 9 48 46 46 93 93 121 128 128 112 33 33 14 14 19 22 22 15 14 14 23 23 23 26 26 26 21 21 17 17 14 6 6 9 2 2 3 3 6 10 10 13
 6 6 7 6 6 46 45 45 92 92 96 109 109 114 35 35 19 19 22 32 32 27 27 27 21 21 20 23 23 25 21 21 16 16 17 12 12 11 2 2 1 1 4 5 5 14
 3 3 4 4 4 3 4 4 17 17 40 62 62 118 41 41 30 30 40 41 41 33 29 29 23 23 24 22 22 23 22 22 18 18 13 8 8 4 0 0 0 0 1 2 2 6
 3 3 4 4 4 3 4 4 17 17 40 62 62 118 41 41 30 30 40 41 41 33 29 29 23 23 24 22 22 23 22 22 18 18 13 8 8 4 0 0 0 0 1 2 2 6
 2 2 2 2 2 2 3 3 13 13 31 54 54 54 28 28 29 29 34 36 36 62 62 62 41 41 34 26 26 21 23 23 19 19 12 6 6 2 0 0 0 0 0 1 1 2
 0 0 1 1 1 2 2 2 2 2 3 8 8 10 17 17 23 23 28 28 28 67 59 59 43 43 22 28 28 21 22 22 18 18 12 7 7 1 1 1 2 2 1 1 1 0
 0 0 1 1 1 2 2 2 2 2 3 8 8 10 17 17 23 23 28 28 28 67 59 59 43 43 22 28 28 21 22 22 18 18 12 7 7 1 1 1 2 2 1 1 1 0
 1 1 1 1 1 1 1 1 1 1 2 6 6 9 16 16 19 19 32 38 38 53 53 53 39 39 24 32 32 24 24 24 19 19 14 8 8 3 6 6 5 5 1 0 0 0
 1 1 1 1 1 1 1 1 1 1 2 6 6 9 16 16 19 19 32 38 38 53 53 53 39 39 24 32 32 24 24 24 19 19 14 8 8 3 6 6 5 5 1 0 0 0
 1 1 1 1 1 1 1 1 1 1 1 2 2 3 5 5 7 7 14 18 18 24 17 17 20 20 20 18 18 26 26 26 17 17 12 4 4 2 3 3 2 2 1 1 1 1
 1 1 1 2 2 1 1 1 1 1 1 1 1 2 2 2 3 3 5 7 7 9 11 11 12 12 18 19 19 22 23 23 13 13 15 13 13 9 4 4 3 3 4 4 4 3
 1 1 1 2 2 1 1 1 1 1 1 1 1 2 2 2 3 3 5 7 7 9 11 11 12 12 18 19 19 22 23 23 13 13 15 13 13 9 4 4 3 3 4 4 4 3
 1 1 2 3 3 1 1 1 1 1 1 1 1 1 1 1 1 1 2 3 3 4 5 5 26 26 13 13 13 12 18 18 15 15 24 20 20 17 6 6 5 5 6 6 6 6
 2 2 3 3 3 3 2 2 1 1 2 1 1 1 1 1 1 1 2 2 2 3 4 4 25 25 8 16 16 15 13 13 14 14 31 23 23 16 8 8 5 5 4 4 4 3
 2 2 3 3 3 3 2 2 1 1 2 1 1 1 1 1 1 1 2 2 2 3 4 4 25 25 8 16 16 15 13 13 14 14 31 23 23 16 8 8 5 5 4 4 4 3
 4 4 3 5 5 7 3 3 1 1 1 1 1 0 1 1 2 2 2 2 2 4 5 5 6 6 6 12 12 9 7 7 9 9 21 19 19 12 11 11 5 5 2 2 2 2
 4 4 3 5 5 7 3 3 1 1 1 1 1 0 1 1 2 2 2 2 2 4 5 5 6 6 6 12 12 9 7 7 9 9 21 19 19 12 11 11 5 5 2 2 2 2
 3 3 2 5 5 4 2 2 1 1 1 1 1 1 1 1 1 1 2 4 4 5 6 6 8 8 7 6 6 5 2 2 6 6 12 14 14 20 18 18 5 5 2 1 1 1
 1 1 2 2 2 2 1 1 1 1 1 1 1 1 2 2 2 2 3 7 7 10 10 10 9 9 5 5 5 10 4 4 4 4 4 6 6 8 5 5 3 3 4 4 4 2
 1 1 2 2 2 2 1 1 1 1 1 1 1 1 2 2 2 2 3 7 7 10 10 10 9 9 5 5 5 10 4 4 4 4 4 6 6 8 5 5 3 3 4 4 4 2
 1 1 1 1 1 2 9 9 26 26 2 1 1 3 4 4 4 4 7 17 17 19 20 20 16 16 11 8 8 4 2 2 2 2 2 2 2 1 2 2 2 2 3 2 2 1
 3 3 3 2 2 3 16 16 30 30 10 7 7 8 7 7 12 12 13 19 19 21 20 20 23 23 17 10 10 4 2 2 2 2 2 2 2 1 1 1 1 1 3 0 0 0
