assets/RAT_results/precipitation/2023-06-13_IMERG.asc
ncols        46
nrows        77
xllcorner    74.800261325624
yllcorner    8.058333333333
cellsize     0.062500000000
NODATA_value -9999
 1 1 0 1 1 0 7 7 6 6 10 9 9 8 7 7 0 0 0 0 0 0 0 0 0 0 0 0 0 0 0 0 0 0 0 0 0 0 0 0 1 1 1 0 0 0
 1 1 1 1 1 1 0 0 1 1 4 4 4 4 3 3 0 0 0 0 0 0 0 0 0 0 0 0 0 0 0 0 0 0 0 0 0 0 0 0 0 0 0 0 0 0
 1 1 1 1 1 1 0 0 1 1 4 4 4 4 3 3 0 0 0 0 0 0 0 0 0 0 0 0 0 0 0 0 0 0 0 0 0 0 0 0 0 0 0 0 0 0
 3 3 2 1 1 1 0 0 1 1 0 4 4 6 5 5 4 4 1 0 0 0 0 0 1 1 1 0 0 0 0 0 0 0 0 0 0 0 0 0 0 0 0 0 0 0
 4 4 5 1 1 1 1 1 1 1 0 2 2 4 4 4 4 4 0 2 2 0 1 1 1 1 2 1 1 0 0 0 0 0 0 0 0 0 0 0 0 0 0 0 0 0
 4 4 5 1 1 1 1 1 1 1 0 2 2 4 4 4 4 4 0 2 2 0 1 1 1 1 2 1 1 0 0 0 0 0 0 0 0 0 0 0 0 0 0 0 0 0
 15 15 7 6 6 5 1 1 1 1 2 4 4 3 5 5 3 3 0 0 0 0 0 0 0 0 1 0 0 0 0 0 0 0 0 0 0 0 0 0 0 0 0 0 0 0
 15 15 7 6 6 5 1 1 1 1 2 4 4 3 5 5 3 3 0 0 0 0 0 0 0 0 1 0 0 0 0 0 0 0 0 0 0 0 0 0 0 0 0 0 0 0
 22 22 17 16 16 3 1 1 1 1 2 1 1 3 3 3 3 3 3 1 1 0 0 0 0 0 0 0 0 0 0 0 0 0 0 0 0 0 0 0 0 0 0 0 0 0
 8 8 5 13 13 1 0 0 2 2 5 0 0 0 1 1 2 2 0 0 0 0 0 0 0 0 0 0 0 0 0 0 0 0 0 0 0 0 0 0 0 0 0 0 0 0
 8 8 5 13 13 1 0 0 2 2 5 0 0 0 1 1 2 2 0 0 0 0 0 0 0 0 0 0 0 0 0 0 0 0 0 0 0 0 0 0 0 0 0 0 0 0
 20 20 8 6 6 1 1 1 2 2 1 0 0 0 2 2 0 0 0 0 0 0 0 0 0 0 0 0 0 0 0 0 0 0 0 0 0 0 0 0 1 1 1 0 0 0
 25 25 12 9 9 3 3 3 2 2 2 1 1 1 0 0 0 0 0 0 0 0 0 0 0 0 0 0 0 0 0 0 0 0 0 0 0 0 1 1 1 1 1 0 0 1
 25 25 12 9 9 3 3 3 2 2 2 1 1 1 0 0 0 0 0 0 0 0 0 0 0 0 0 0 0 0 0 0 0 0 0 0 0 0 1 1 1 1 1 0 0 1
 9 9 20 23 23 4 4 4 3 3 13 14 14 13 0 0 0 0 0 0 0 0 0 0 0 0 0 0 0 0 0 0 0 0 0 0 0 0 1 1 1 1 0 1 1 1
 9 9 20 23 23 4 4 4 3 3 13 14 14 13 0 0 0 0 0 0 0 0 0 0 0 0 0 0 0 0 0 0 0 0 0 0 0 0 1 1 1 1 0 1 1 1
 6 6 22 22 22 24 25 25 23 23 25 27 27 0 0 0 0 0 0 0 0 0 0 0 0 0 0 0 0 0 0 0 0 0 0 1 1 1 1 1 1 1 1 1 1 1
 7 7 9 11 11 7 25 25 24 24 26 27 27 3 3 3 0 0 0 0 0 0 0 0 0 0 0 0 0 0 0 0 0 0 0 1 1 1 1 1 1 1 1 1 1 1
 7 7 9 11 11 7 25 25 24 24 26 27 27 3 3 3 0 0 0 0 0 0 0 0 0 0 0 0 0 0 0 0 0 0 0 1 1 1 1 1 1 1 1 1 1 1
 13 13 8 8 8 8 4 4 11 11 14 11 11 1 1 1 0 0 0 0 0 0 0 0 0 0 0 0 0 0 0 0 0 0 0 0 0 1 1 1 1 1 1 1 1 1
 18 18 18 16 16 11 9 9 5 5 12 12 12 1 1 1 0 0 0 0 0 0 0 0 0 0 0 0 0 1 0 0 4 4 2 1 1 1 1 1 1 1 1 1 1 1
 18 18 18 16 16 11 9 9 5 5 12 12 12 1 1 1 0 0 0 0 0 0 0 0 0 0 0 0 0 1 0 0 4 4 2 1 1 1 1 1 1 1 1 1 1 1
 21 21 22 19 19 25 16 16 8 8 4 4 4 4 3 3 0 0 0 0 0 0 0 0 1 1 1 1 1 5 7 7 8 8 9 2 2 4 3 3 2 2 2 3 3 3
 21 21 22 19 19 25 16 16 8 8 4 4 4 4 3 3 0 0 0 0 0 0 0 0 1 1 1 1 1 5 7 7 8 8 9 2 2 4 3 3 2 2 2 3 3 3
 23 23 25 28 28 25 28 28 16 16 9 10 10 8 3 3 0 0 5 3 3 0 0 0 0 0 0 0 0 4 2 2 1 1 1 2 2 3 3 3 2 2 3 4 4 4
 33 33 36 22 22 32 41 41 40 40 19 16 16 6 15 15 0 0 1 3 3 0 0 0 0 0 0 1 1 1 1 1 1 1 1 1 1 2 2 2 2 2 2 3 3 5
 33 33 36 22 22 32 41 41 40 40 19 16 16 6 15 15 0 0 1 3 3 0 0 0 0 0 0 1 1 1 1 1 1 1 1 1 1 2 2 2 2 2 2 3 3 5
 44 44 41 21 21 27 27 27 45 45 52 48 48 23 15 15 2 2 2 3 3 2 0 0 0 0 0 0 0 1 0 0 1 1 1 1 1 1 2 2 2 2 2 2 2 3
 48 48 43 22 22 27 26 26 40 40 24 52 52 16 10 10 5 5 5 3 3 2 1 1 0 0 0 0 0 0 0 0 0 0 0 0 0 1 1 1 1 1 1 2 2 2
 48 48 43 22 22 27 26 26 40 40 24 52 52 16 10 10 5 5 5 3 3 2 1 1 0 0 0 0 0 0 0 0 0 0 0 0 0 1 1 1 1 1 1 2 2 2
 24 24 22 21 21 19 19 19 16 16 13 24 24 10 7 7 4 4 3 3 3 2 2 2 3 3 0 0 0 0 0 0 0 0 0 0 0 0 0 0 0 0 0 0 0 0
 24 24 22 21 21 19 19 19 16 16 13 24 24 10 7 7 4 4 3 3 3 2 2 2 3 3 0 0 0 0 0 0 0 0 0 0 0 0 0 0 0 0 0 0 0 0
 40 40 20 18 18 18 19 19 22 22 13 12 12 7 3 3 2 2 2 1 1 0 1 1 0 0 1 0 0 0 0 0 0 0 0 0 0 0 0 0 0 0 0 0 0 0
 41 41 20 24 24 21 16 16 17 17 18 10 10 6 3 3 5 5 2 2 2 1 0 0 0 0 0 0 0 0 0 0 0 0 0 0 0 0 0 0 0 0 0 0 0 0
 41 41 20 24 24 21 16 16 17 17 18 10 10 6 3 3 5 5 2 2 2 1 0 0 0 0 0 0 0 0 0 0 0 0 0 0 0 0 0 0 0 0 0 0 0 0
 82 82 53 26 26 18 16 16 17 17 18 14 14 8 6 6 10 10 3 2 2 1 1 1 0 0 0 0 0 0 0 0 0 0 0 0 0 0 0 0 0 0 0 0 0 0
 80 80 57 61 61 18 15 15 15 15 14 11 11 9 8 8 12 12 8 5 5 4 9 9 0 0 0 0 0 0 0 0 0 0 0 0 0 0 0 0 0 0 0 0 0 1
 80 80 57 61 61 18 15 15 15 15 14 11 11 9 8 8 12 12 8 5 5 4 9 9 0 0 0 0 0 0 0 0 0 0 0 0 0 0 0 0 0 0 0 0 0 1
 60 60 87 92 92 15 17 17 17 17 16 13 13 9 8 8 4 4 4 5 5 4 9 9 9 9 9 9 9 0 0 0 0 0 0 0 0 0 0 0 0 0 0 0 0 1
 60 60 87 92 92 15 17 17 17 17 16 13 13 9 8 8 4 4 4 5 5 4 9 9 9 9 9 9 9 0 0 0 0 0 0 0 0 0 0 0 0 0 0 0 0 1
 48 48 89 88 88 12 15 15 20 20 31 20 20 11 8 8 3 3 3 6 6 6 7 7 7 7 5 9 9 0 0 0 1 1 0 1 1 1 1 1 1 1 2 1 1 3
 58 58 53 49 49 16 21 21 20 20 28 22 22 9 5 5 3 3 2 3 3 3 6 6 6 6 5 2 2 2 1 1 2 2 3 3 3 3 4 4 3 3 4 5 5 3
 58 58 53 49 49 16 21 21 20 20 28 22 22 9 5 5 3 3 2 3 3 3 6 6 6 6 5 2 2 2 1 1 2 2 3 3 3 3 4 4 3 3 4 5 5 3
 47 47 54 61 61 51 47 47 27 27 25 19 19 5 4 4 5 5 4 3 3 3 9 9 10 10 14 23 23 23 1 1 2 2 4 6 6 7 7 7 7 7 6 3 3 3
 60 60 74 83 83 74 61 61 58 58 59 53 53 5 6 6 7 7 10 6 6 16 16 16 15 15 14 23 23 23 3 3 3 3 1 1 1 2 2 2 2 2 2 1 1 2
 60 60 74 83 83 74 61 61 58 58 59 53 53 5 6 6 7 7 10 6 6 16 16 16 15 15 14 23 23 23 3 3 3 3 1 1 1 2 2 2 2 2 2 1 1 2
 65 65 100 89 89 75 92 92 68 68 71 63 63 66 28 28 27 27 8 3 3 17 16 16 16 16 16 21 21 21 1 1 3 3 0 0 0 0 0 0 0 0 0 0 0 1
 65 65 100 89 89 75 92 92 68 68 71 63 63 66 28 28 27 27 8 3 3 17 16 16 16 16 16 21 21 21 1 1 3 3 0 0 0 0 0 0 0 0 0 0 0 1
 67 67 85 99 99 70 95 95 93 93 132 132 132 147 26 26 25 25 6 3 3 4 2 2 1 1 16 0 0 21 2 2 0 0 0 0 0 0 1 1 1 1 2 2 2 2
 70 70 95 115 115 96 67 67 67 67 120 136 136 52 29 29 21 21 5 3 3 7 4 4 1 1 0 0 0 0 0 0 1 1 2 2 2 2 3 3 3 3 6 6 6 3
 70 70 95 115 115 96 67 67 67 67 120 136 136 52 29 29 21 21 5 3 3 7 4 4 1 1 0 0 0 0 0 0 1 1 2 2 2 2 3 3 3 3 6 6 6 3
 83 83 138 143 143 130 101 101 96 96 155 148 148 136 115 115 9 9 6 7 7 10 1 1 0 0 0 0 0 0 0 0 0 0 1 1 1 2 3 3 3 3 4 3 3 2
 116 116 262 170 170 281 126 126 97 97 124 131 131 132 144 144 25 25 7 7 7 7 7 7 7 7 0 0 0 0 0 0 0 0 0 0 0 1 1 1 1 1 1 1 1 0
 116 116 262 170 170 281 126 126 97 97 124 131 131 132 144 144 25 25 7 7 7 7 7 7 7 7 0 0 0 0 0 0 0 0 0 0 0 1 1 1 1 1 1 1 1 0
 97 97 122 133 133 128 123 123 100 100 121 126 126 97 98 98 42 42 22 13 13 6 16 16 7 7 1 2 2 1 0 0 0 0 0 0 0 0 0 0 0 0 0 0 0 0
 97 97 122 133 133 128 123 123 100 100 121 126 126 97 98 98 42 42 22 13 13 6 16 16 7 7 1 2 2 1 0 0 0 0 0 0 0 0 0 0 0 0 0 0 0 0
 35 35 87 85 85 93 91 91 89 89 70 70 70 70 70 70 51 51 33 21 21 11 27 27 27 27 28 2 2 1 0 0 0 0 0 0 0 0 0 0 0 0 0 0 0 0
 38 38 51 58 58 76 84 84 106 106 91 73 73 63 68 68 68 68 62 39 39 14 24 24 28 28 27 17 17 17 2 2 2 2 0 0 0 0 0 0 0 0 0 0 0 0
 38 38 51 58 58 76 84 84 106 106 91 73 73 63 68 68 68 68 62 39 39 14 24 24 28 28 27 17 17 17 2 2 2 2 0 0 0 0 0 0 0 0 0 0 0 0
 43 43 34 34 34 56 61 61 77 77 86 93 93 88 92 92 85 85 69 45 45 47 25 25 11 11 12 7 7 7 1 1 2 2 0 0 0 0 0 0 0 0 0 0 0 0
 53 53 45 62 62 57 51 51 92 92 108 155 155 154 109 109 119 119 86 63 63 41 18 18 30 30 29 7 7 7 1 1 0 0 0 0 0 0 0 0 0 0 0 0 0 0
 53 53 45 62 62 57 51 51 92 92 108 155 155 154 109 109 119 119 86 63 63 41 18 18 30 30 29 7 7 7 1 1 0 0 0 0 0 0 0 0 0 0 0 0 0 0
 52 52 51 62 62 56 78 78 88 88 101 155 155 146 128 128 150 150 146 135 135 99 28 28 32 32 29 22 22 5 3 3 0 0 0 0 0 0 0 0 0 0 0 0 0 0
 52 52 51 62 62 56 78 78 88 88 101 155 155 146 128 128 150 150 146 135 135 99 28 28 32 32 29 22 22 5 3 3 0 0 0 0 0 0 0 0 0 0 0 0 0 0
 56 56 63 66 66 64 76 76 95 95 112 118 118 131 142 142 146 146 140 140 140 99 80 80 49 49 27 29 29 4 3 3 0 0 0 0 0 0 0 0 0 0 0 0 0 0
 64 64 66 67 67 67 91 91 93 93 118 129 129 147 148 148 147 147 153 151 151 110 67 67 50 50 27 27 27 4 4 4 1 1 0 0 0 0 0 0 0 0 0 0 0 0
 64 64 66 67 67 67 91 91 93 93 118 129 129 147 148 148 147 147 153 151 151 110 67 67 50 50 27 27 27 4 4 4 1 1 0 0 0 0 0 0 0 0 0 0 0 0
 60 60 62 70 70 73 93 93 113 113 141 151 151 135 135 135 125 125 113 104 104 129 64 64 63 63 7 5 5 6 5 5 1 1 1 0 0 0 0 0 0 0 0 0 0 0
 56 56 73 84 84 87 115 115 101 101 105 113 113 114 132 132 106 106 85 122 122 134 99 99 57 57 15 5 5 6 2 2 2 2 2 0 0 0 0 0 0 0 0 1 1 0
 56 56 73 84 84 87 115 115 101 101 105 113 113 114 132 132 106 106 85 122 122 134 99 99 57 57 15 5 5 6 2 2 2 2 2 0 0 0 0 0 0 0 0 1 1 0
 56 56 86 109 109 103 113 113 99 99 129 132 132 145 126 126 105 105 98 119 119 133 105 105 32 32 18 11 11 8 2 2 1 1 1 1 1 1 0 0 0 0 0 0 0 0
 56 56 86 109 109 103 113 113 99 99 129 132 132 145 126 126 105 105 98 119 119 133 105 105 32 32 18 11 11 8 2 2 1 1 1 1 1 1 0 0 0 0 0 0 0 0
 75 75 77 99 99 136 121 121 166 166 187 184 184 137 73 73 55 55 91 117 117 91 88 88 23 23 13 6 6 6 3 3 2 2 4 3 3 1 0 0 0 0 0 0 0 0
 51 51 72 109 109 127 133 133 146 146 164 199 199 237 173 173 129 129 83 43 43 19 16 16 9 9 5 7 7 8 8 8 3 3 2 1 1 1 1 1 0 0 0 0 0 0
 51 51 72 109 109 127 133 133 146 146 164 199 199 237 173 173 129 129 83 43 43 19 16 16 9 9 5 7 7 8 8 8 3 3 2 1 1 1 1 1 0 0 0 0 0 0
 57 57 72 74 74 76 102 102 137 137 167 240 240 221 204 204 131 131 79 35 35 56 8 8 16 16 12 11 11 7 7 7 3 3 2 1 1 1 0 0 1 1 0 0 0 0
 40 40 42 59 59 83 118 118 143 143 202 211 211 225 195 195 100 100 111 90 90 63 13 13 17 17 22 18 18 16 13 13 10 10 1 1 1 0 1 1 0 0 0 0 0 0
