assets/RAT_results/precipitation/2023-07-13_IMERG.asc
ncols        46
nrows        77
xllcorner    74.800261325624
yllcorner    8.058333333333
cellsize     0.062500000000
NODATA_value -9999
 29 29 18 20 20 23 17 17 17 17 9 4 4 7 8 8 7 7 4 2 2 2 4 4 5 5 3 4 4 5 6 6 7 7 12 13 13 11 6 6 3 3 1 1 1 1
 48 48 28 24 24 23 18 18 14 14 5 3 3 5 5 5 5 5 4 1 1 3 4 4 6 6 7 8 8 9 9 9 8 8 10 8 8 4 2 2 1 1 1 1 1 2
 48 48 28 24 24 23 18 18 14 14 5 3 3 5 5 5 5 5 4 1 1 3 4 4 6 6 7 8 8 9 9 9 8 8 10 8 8 4 2 2 1 1 1 1 1 2
 49 49 33 27 27 28 21 21 17 17 13 6 6 5 6 6 3 3 2 2 2 4 6 6 9 9 10 9 9 7 5 5 5 5 3 2 2 1 2 2 2 2 3 3 3 3
 61 61 48 33 33 21 15 15 9 9 9 3 3 6 6 6 2 2 3 3 3 4 5 5 6 6 5 3 3 2 2 2 3 3 3 2 2 2 2 2 3 3 3 3 3 3
 61 61 48 33 33 21 15 15 9 9 9 3 3 6 6 6 2 2 3 3 3 4 5 5 6 6 5 3 3 2 2 2 3 3 3 2 2 2 2 2 3 3 3 3 3 3
 62 62 61 27 27 17 14 14 8 8 7 2 2 2 3 3 3 3 2 2 2 2 2 2 2 2 1 1 1 2 1 1 2 2 3 4 4 4 4 4 3 3 3 3 3 2
 62 62 61 27 27 17 14 14 8 8 7 2 2 2 3 3 3 3 2 2 2 2 2 2 2 2 1 1 1 2 1 1 2 2 3 4 4 4 4 4 3 3 3 3 3 2
 64 64 60 31 31 11 10 10 2 2 6 2 2 1 4 4 4 4 5 1 1 1 1 1 1 1 1 1 1 1 1 1 1 1 2 5 5 6 3 3 2 2 2 1 1 1
 38 38 33 20 20 10 8 8 1 1 1 1 1 1 3 3 4 4 5 3 3 3 2 2 2 2 1 2 2 0 1 1 1 1 1 2 2 2 2 2 2 2 1 1 1 2
 38 38 33 20 20 10 8 8 1 1 1 1 1 1 3 3 4 4 5 3 3 3 2 2 2 2 1 2 2 0 1 1 1 1 1 2 2 2 2 2 2 2 1 1 1 2
 37 37 33 21 21 7 1 1 2 2 2 2 2 2 2 2 8 8 8 8 8 5 4 4 1 1 1 1 1 0 0 0 0 0 0 0 0 1 1 1 0 0 1 1 1 2
 31 31 9 8 8 7 3 3 6 6 6 3 3 2 2 2 6 6 8 6 6 6 6 6 1 1 0 2 2 0 0 0 0 0 0 0 0 0 0 0 1 1 1 2 2 5
 31 31 9 8 8 7 3 3 6 6 6 3 3 2 2 2 6 6 8 6 6 6 6 6 1 1 0 2 2 0 0 0 0 0 0 0 0 0 0 0 1 1 1 2 2 5
 16 16 10 9 9 8 2 2 5 5 7 4 4 5 3 3 3 3 3 7 7 4 4 4 1 1 2 0 0 0 0 0 0 0 0 1 1 1 1 1 1 1 1 1 1 3
 16 16 10 9 9 8 2 2 5 5 7 4 4 5 3 3 3 3 3 7 7 4 4 4 1 1 2 0 0 0 0 0 0 0 0 1 1 1 1 1 1 1 1 1 1 3
 16 16 12 9 9 7 8 8 6 6 6 3 3 4 1 1 1 1 3 5 5 4 2 2 1 1 0 0 0 0 0 0 0 0 1 2 2 2 2 2 2 2 2 2 2 2
 16 16 13 9 9 7 10 10 3 3 5 5 5 7 1 1 1 1 2 5 5 4 2 2 2 2 1 0 0 0 0 0 0 0 0 1 1 2 2 2 3 3 3 3 3 3
 16 16 13 9 9 7 10 10 3 3 5 5 5 7 1 1 1 1 2 5 5 4 2 2 2 2 1 0 0 0 0 0 0 0 0 1 1 2 2 2 3 3 3 3 3 3
 19 19 20 14 14 12 5 5 7 7 7 5 5 6 2 2 2 2 7 9 9 5 2 2 2 2 1 0 0 0 0 0 0 0 0 1 1 1 2 2 1 1 2 3 3 4
 25 25 31 22 22 18 12 12 12 12 12 12 12 9 7 7 3 3 7 7 7 7 7 7 3 3 1 1 1 0 0 0 0 0 2 1 1 1 1 1 2 2 2 3 3 2
 25 25 31 22 22 18 12 12 12 12 12 12 12 9 7 7 3 3 7 7 7 7 7 7 3 3 1 1 1 0 0 0 0 0 2 1 1 1 1 1 2 2 2 3 3 2
 40 40 43 42 42 19 12 12 18 18 33 19 19 16 14 14 9 9 7 6 6 4 3 3 1 1 1 0 0 0 1 1 2 2 4 3 3 4 6 6 7 7 6 5 5 4
 40 40 43 42 42 19 12 12 18 18 33 19 19 16 14 14 9 9 7 6 6 4 3 3 1 1 1 0 0 0 1 1 2 2 4 3 3 4 6 6 7 7 6 5 5 4
 34 34 45 51 51 34 16 16 19 19 24 23 23 20 15 15 11 11 10 5 5 3 2 2 1 1 0 1 1 1 1 1 3 3 5 7 7 8 11 11 13 13 12 7 7 6
 39 39 54 35 35 32 18 18 15 15 20 21 21 21 21 21 15 15 11 6 6 3 1 1 1 1 3 4 4 1 2 2 5 5 6 9 9 12 13 13 13 13 11 6 6 5
 39 39 54 35 35 32 18 18 15 15 20 21 21 21 21 21 15 15 11 6 6 3 1 1 1 1 3 4 4 1 2 2 5 5 6 9 9 12 13 13 13 13 11 6 6 5
 39 39 48 38 38 19 15 15 15 15 19 29 29 23 24 24 14 14 12 4 4 2 1 1 1 1 2 3 3 2 3 3 5 5 5 9 9 11 11 11 8 8 5 3 3 2
 25 25 26 23 23 16 15 15 18 18 43 58 58 49 12 12 12 12 6 4 4 2 0 0 0 0 1 2 2 2 2 2 3 3 2 4 4 4 4 4 3 3 1 1 1 0
 25 25 26 23 23 16 15 15 18 18 43 58 58 49 12 12 12 12 6 4 4 2 0 0 0 0 1 2 2 2 2 2 3 3 2 4 4 4 4 4 3 3 1 1 1 0
 20 20 20 18 18 15 24 24 32 32 45 59 59 12 10 10 7 7 6 2 2 0 0 0 1 1 0 0 0 2 4 4 2 2 0 0 0 1 1 1 1 1 1 0 0 1
 20 20 20 18 18 15 24 24 32 32 45 59 59 12 10 10 7 7 6 2 2 0 0 0 1 1 0 0 0 2 4 4 2 2 0 0 0 1 1 1 1 1 1 0 0 1
 25 25 18 19 19 21 26 26 36 36 47 34 34 23 10 10 12 12 5 5 5 1 1 1 1 1 1 0 0 1 1 1 2 2 0 0 0 1 1 1 1 1 2 1 1 2
 15 15 18 17 17 18 14 14 21 21 26 26 26 29 12 12 15 15 4 5 5 3 5 5 4 4 2 2 2 2 3 3 1 1 2 2 2 2 3 3 2 2 3 3 3 4
 15 15 18 17 17 18 14 14 21 21 26 26 26 29 12 12 15 15 4 5 5 3 5 5 4 4 2 2 2 2 3 3 1 1 2 2 2 2 3 3 2 2 3 3 3 4
 12 12 11 11 11 12 13 13 16 16 14 13 13 20 18 18 11 11 4 6 6 5 6 6 6 6 4 2 2 2 2 2 2 2 3 3 3 3 3 3 3 3 4 6 6 6
 7 7 7 9 9 19 21 21 9 9 7 8 8 12 19 19 11 11 4 6 6 6 6 6 5 5 3 3 3 3 3 3 3 3 4 3 3 3 3 3 4 4 6 9 9 5
 7 7 7 9 9 19 21 21 9 9 7 8 8 12 19 19 11 11 4 6 6 6 6 6 5 5 3 3 3 3 3 3 3 3 4 3 3 3 3 3 4 4 6 9 9 5
 6 6 6 9 9 14 17 17 10 10 7 7 7 8 9 9 5 5 3 5 5 3 4 4 5 5 2 3 3 5 5 5 5 5 6 4 4 3 3 3 5 5 4 3 3 2
 6 6 6 9 9 14 17 17 10 10 7 7 7 8 9 9 5 5 3 5 5 3 4 4 5 5 2 3 3 5 5 5 5 5 6 4 4 3 3 3 5 5 4 3 3 2
 5 5 6 7 7 7 9 9 8 8 7 6 6 9 10 10 8 8 4 8 8 4 4 4 4 4 4 4 4 6 7 7 7 7 8 7 7 5 4 4 5 5 3 1 1 1
 5 5 6 6 6 9 10 10 11 11 9 9 9 12 8 8 7 7 5 2 2 6 6 6 4 4 6 6 6 5 8 8 9 9 9 9 9 7 3 3 2 2 1 2 2 1
 5 5 6 6 6 9 10 10 11 11 9 9 9 12 8 8 7 7 5 2 2 6 6 6 4 4 6 6 6 5 8 8 9 9 9 9 9 7 3 3 2 2 1 2 2 1
 11 11 13 16 16 18 16 16 20 20 15 14 14 12 9 9 7 7 4 3 3 13 14 14 7 7 6 7 7 7 8 8 11 11 9 7 7 5 2 2 2 2 1 2 2 2
 13 13 16 18 18 20 25 25 17 17 17 15 15 13 11 11 8 8 5 4 4 5 15 15 11 11 8 8 8 8 8 8 12 12 10 5 5 3 1 1 1 1 2 3 3 2
 13 13 16 18 18 20 25 25 17 17 17 15 15 13 11 11 8 8 5 4 4 5 15 15 11 11 8 8 8 8 8 8 12 12 10 5 5 3 1 1 1 1 2 3 3 2
 21 21 23 19 19 22 23 23 12 12 10 12 12 13 11 11 10 10 6 6 6 5 6 6 12 12 13 15 15 10 8 8 7 7 4 2 2 1 2 2 3 3 4 3 3 2
 21 21 23 19 19 22 23 23 12 12 10 12 12 13 11 11 10 10 6 6 6 5 6 6 12 12 13 15 15 10 8 8 7 7 4 2 2 1 2 2 3 3 4 3 3 2
 13 13 22 20 20 21 20 20 10 10 9 11 11 13 12 12 12 12 11 9 9 7 7 7 14 14 14 18 18 14 6 6 5 5 2 1 1 2 4 4 5 5 8 3 3 3
 15 15 16 21 21 21 21 21 10 10 8 9 9 11 10 10 11 11 10 9 9 9 10 10 8 8 10 10 10 8 4 4 6 6 4 2 2 1 1 1 3 3 4 3 3 2
 15 15 16 21 21 21 21 21 10 10 8 9 9 11 10 10 11 11 10 9 9 9 10 10 8 8 10 10 10 8 4 4 6 6 4 2 2 1 1 1 3 3 4 3 3 2
 18 18 21 21 21 22 20 20 8 8 8 8 8 9 9 9 8 8 9 10 10 6 5 5 8 8 5 8 8 8 5 5 14 14 11 3 3 1 1 1 1 1 2 2 2 2
 19 19 22 22 22 21 15 15 14 14 12 8 8 8 9 9 10 10 12 11 11 5 3 3 5 5 4 5 5 4 2 2 3 3 3 3 3 1 1 1 2 2 3 4 4 5
 19 19 22 22 22 21 15 15 14 14 12 8 8 8 9 9 10 10 12 11 11 5 3 3 5 5 4 5 5 4 2 2 3 3 3 3 3 1 1 1 2 2 3 4 4 5
 12 12 18 20 20 27 28 28 27 27 13 15 15 13 13 13 12 12 10 9 9 8 6 6 6 6 4 3 3 1 1 1 0 0 0 2 2 3 4 4 4 4 5 5 5 5
 12 12 18 20 20 27 28 28 27 27 13 15 15 13 13 13 12 12 10 9 9 8 6 6 6 6 4 3 3 1 1 1 0 0 0 2 2 3 4 4 4 4 5 5 5 5
 11 11 15 18 18 19 22 22 28 28 24 25 25 25 23 23 11 11 7 6 6 3 7 7 6 6 3 1 1 0 0 0 0 0 1 4 4 6 6 6 5 5 3 3 3 2
 15 15 18 18 18 17 22 22 24 24 29 19 19 26 26 26 15 15 6 5 5 3 3 3 1 1 1 0 0 0 0 0 0 0 3 5 5 5 4 4 2 2 1 1 1 0
 15 15 18 18 18 17 22 22 24 24 29 19 19 26 26 26 15 15 6 5 5 3 3 3 1 1 1 0 0 0 0 0 0 0 3 5 5 5 4 4 2 2 1 1 1 0
 23 23 24 18 18 21 21 21 20 20 18 14 14 14 13 13 9 9 6 4 4 3 1 1 0 0 0 0 0 0 1 1 1 1 2 2 2 3 1 1 1 1 0 0 0 0
 16 16 25 21 21 20 18 18 19 19 6 8 8 9 6 6 10 10 3 3 3 2 1 1 0 0 0 0 0 0 1 1 0 0 0 0 0 0 0 0 0 0 0 0 0 0
 16 16 25 21 21 20 18 18 19 19 6 8 8 9 6 6 10 10 3 3 3 2 1 1 0 0 0 0 0 0 1 1 0 0 0 0 0 0 0 0 0 0 0 0 0 0
 12 12 16 13 13 12 11 11 10 10 9 14 14 26 22 22 21 21 2 2 2 1 1 1 3 3 2 1 1 1 0 0 1 1 0 0 0 0 2 2 0 0 0 0 0 0
 12 12 16 13 13 12 11 11 10 10 9 14 14 26 22 22 21 21 2 2 2 1 1 1 3 3 2 1 1 1 0 0 1 1 0 0 0 0 2 2 0 0 0 0 0 0
 9 9 11 4 4 10 10 10 10 10 13 27 27 21 25 25 24 24 2 1 1 2 1 1 2 2 2 1 1 1 1 1 1 1 1 0 0 0 0 0 0 0 0 0 0 0
 4 4 6 5 5 10 10 10 10 10 6 9 9 13 14 14 14 14 4 1 1 1 1 1 1 1 0 0 0 0 1 1 1 1 1 0 0 0 0 0 0 0 0 0 0 0
 4 4 6 5 5 10 10 10 10 10 6 9 9 13 14 14 14 14 4 1 1 1 1 1 1 1 0 0 0 0 1 1 1 1 1 0 0 0 0 0 0 0 0 0 0 0
 5 5 4 4 4 5 4 4 4 4 12 10 10 9 9 9 7 7 5 2 2 1 1 1 1 1 1 1 1 0 0 0 1 1 1 0 0 0 0 0 0 0 0 0 0 0
 2 2 2 3 3 1 4 4 1 1 11 9 9 8 13 13 14 14 7 4 4 3 2 2 1 1 1 1 1 0 0 0 0 0 0 0 0 0 0 0 0 0 0 0 0 0
 2 2 2 3 3 1 4 4 1 1 11 9 9 8 13 13 14 14 7 4 4 3 2 2 1 1 1 1 1 0 0 0 0 0 0 0 0 0 0 0 0 0 0 0 0 0
 2 2 1 1 1 1 2 2 2 2 7 6 6 16 14 14 18 18 7 5 5 4 3 3 2 2 2 1 1 2 0 0 2 2 0 0 0 0 0 0 0 0 0 1 1 0
 2 2 1 1 1 1 2 2 2 2 7 6 6 16 14 14 18 18 7 5 5 4 3 3 2 2 2 1 1 2 0 0 2 2 0 0 0 0 0 0 0 0 0 1 1 0
 3 3 1 0 0 1 1 1 3 3 4 6 6 14 16 16 24 24 14 3 3 3 3 3 2 2 2 2 2 2 1 1 0 0 0 0 0 0 0 0 0 0 0 0 0 0
 1 1 1 2 2 1 2 2 4 4 4 7 7 11 13 13 6 6 8 5 5 4 2 2 2 2 2 2 2 1 1 1 0 0 0 0 0 0 0 0 0 0 0 0 0 0
 1 1 1 2 2 1 2 2 4 4 4 7 7 11 13 13 6 6 8 5 5 4 2 2 2 2 2 2 2 1 1 1 0 0 0 0 0 0 0 0 0 0 0 0 0 0
 1 1 2 3 3 2 4 4 5 5 4 5 5 9 8 8 5 5 3 4 4 6 4 4 3 3 3 4 4 3 2 2 1 1 1 0 0 0 0 0 0 0 0 0 0 0
 1 1 4 5 5 8 9 9 4 4 3 6 6 6 5 5 3 3 2 4 4 8 6 6 2 2 3 5 5 3 2 2 3 3 3 1 1 1 0 0 0 0 0 0 0 0
