assets/RAT_results/precipitation/2023-11-19_IMERG.asc
ncols        46
nrows        77
xllcorner    74.800261325624
yllcorner    8.058333333333
cellsize     0.062500000000
NODATA_value -9999
 0 0 0 0 0 0 0 0 0 0 0 0 0 0 0 0 0 0 0 0 0 0 0 0 0 0 0 0 0 0 0 0 0 0 2 1 1 0 0 0 0 0 0 0 0 0
 1 1 0 0 0 0 0 0 0 0 0 0 0 0 0 0 0 0 0 0 0 0 0 0 0 0 0 0 0 0 0 0 0 0 1 1 1 0 0 0 0 0 0 0 0 0
 1 1 0 0 0 0 0 0 0 0 0 0 0 0 0 0 0 0 0 0 0 0 0 0 0 0 0 0 0 0 0 0 0 0 1 1 1 0 0 0 0 0 0 0 0 0
 0 0 0 0 0 0 0 0 0 0 0 0 0 0 0 0 0 0 0 1 1 0 0 0 0 0 0 0 0 0 0 0 0 0 1 3 3 1 0 0 0 0 0 0 0 0
 0 0 0 0 0 0 0 0 0 0 0 0 0 0 0 0 0 0 1 2 2 1 0 0 0 0 0 0 0 0 0 0 0 0 0 2 2 1 0 0 0 0 0 0 0 0
 0 0 0 0 0 0 0 0 0 0 0 0 0 0 0 0 0 0 1 2 2 1 0 0 0 0 0 0 0 0 0 0 0 0 0 2 2 1 0 0 0 0 0 0 0 0
 0 0 0 0 0 0 0 0 0 0 0 0 0 0 0 0 0 0 0 1 1 0 0 0 0 0 0 0 0 0 0 0 0 0 0 1 1 2 1 1 0 0 0 0 0 0
 0 0 0 0 0 0 0 0 0 0 0 0 0 0 0 0 0 0 0 1 1 0 0 0 0 0 0 0 0 0 0 0 0 0 0 1 1 2 1 1 0 0 0 0 0 0
 1 1 1 0 0 0 0 0 0 0 1 0 0 0 0 0 0 0 0 0 0 0 0 0 0 0 0 0 0 0 0 0 0 0 0 0 0 1 0 0 0 0 0 0 0 0
 1 1 1 0 0 0 0 0 1 1 1 0 0 0 0 0 0 0 0 0 0 0 0 0 0 0 0 0 0 0 0 0 0 0 0 0 0 1 1 1 0 0 0 0 0 0
 1 1 1 0 0 0 0 0 1 1 1 0 0 0 0 0 0 0 0 0 0 0 0 0 0 0 0 0 0 0 0 0 0 0 0 0 0 1 1 1 0 0 0 0 0 0
 0 0 0 1 1 0 0 0 1 1 1 0 0 0 0 0 0 0 0 0 0 0 0 0 0 0 0 0 0 0 0 0 0 0 0 0 0 0 0 0 0 0 0 0 0 0
 1 1 0 1 1 0 0 0 0 0 0 0 0 0 0 0 0 0 0 0 0 0 0 0 0 0 0 0 0 0 0 0 0 0 0 0 0 0 0 0 0 0 0 0 0 0
 1 1 0 1 1 0 0 0 0 0 0 0 0 0 0 0 0 0 0 0 0 0 0 0 0 0 0 0 0 0 0 0 0 0 0 0 0 0 0 0 0 0 0 0 0 0
 0 0 0 1 1 1 0 0 0 0 1 1 1 0 0 0 0 0 0 0 0 0 0 0 0 0 0 0 0 0 0 0 0 0 0 0 0 0 0 0 0 0 0 0 0 0
 0 0 0 1 1 1 0 0 0 0 1 1 1 0 0 0 0 0 0 0 0 0 0 0 0 0 0 0 0 0 0 0 0 0 0 0 0 0 0 0 0 0 0 0 0 0
 0 0 0 0 0 1 1 1 0 0 1 1 1 0 1 1 2 2 1 0 0 0 0 0 1 1 0 0 0 0 0 0 0 0 0 0 0 0 0 0 0 0 0 0 0 0
 1 1 1 0 0 1 1 1 0 0 0 0 0 1 4 4 4 4 3 0 0 0 0 0 1 1 0 0 0 0 0 0 0 0 0 0 0 0 0 0 0 0 0 0 0 0
 1 1 1 0 0 1 1 1 0 0 0 0 0 1 4 4 4 4 3 0 0 0 0 0 1 1 0 0 0 0 0 0 0 0 0 0 0 0 0 0 0 0 0 0 0 0
 0 0 1 0 0 1 1 1 0 0 0 1 1 2 4 4 5 5 5 1 1 0 0 0 1 1 0 0 0 0 0 0 1 1 0 0 0 0 0 0 0 0 0 0 0 0
 1 1 1 1 1 0 1 1 1 1 1 3 3 2 3 3 5 5 7 4 4 1 0 0 0 0 1 0 0 0 0 0 0 0 0 0 0 0 0 0 0 0 0 0 0 0
 1 1 1 1 1 0 1 1 1 1 1 3 3 2 3 3 5 5 7 4 4 1 0 0 0 0 1 0 0 0 0 0 0 0 0 0 0 0 0 0 0 0 0 0 0 0
 1 1 1 1 1 0 1 1 2 2 2 2 2 1 2 2 4 4 8 9 9 2 0 0 0 0 2 1 1 1 0 0 0 0 1 0 0 0 0 0 0 0 0 0 0 0
 1 1 1 1 1 0 1 1 2 2 2 2 2 1 2 2 4 4 8 9 9 2 0 0 0 0 2 1 1 1 0 0 0 0 1 0 0 0 0 0 0 0 0 0 0 0
 2 2 2 1 1 0 1 1 2 2 2 1 1 0 1 1 2 2 6 7 7 2 0 0 1 1 2 1 1 1 0 0 0 0 0 0 0 0 0 0 0 0 0 0 0 0
 2 2 1 2 2 1 1 1 2 2 2 1 1 0 0 0 1 1 1 2 2 0 0 0 0 0 1 1 1 1 0 0 0 0 0 0 0 0 0 0 0 0 0 0 0 0
 2 2 1 2 2 1 1 1 2 2 2 1 1 0 0 0 1 1 1 2 2 0 0 0 0 0 1 1 1 1 0 0 0 0 0 0 0 0 0 0 0 0 0 0 0 0
 1 1 2 6 6 3 1 1 1 1 1 1 1 0 0 0 1 1 0 0 0 0 0 0 0 0 0 0 0 0 0 0 0 0 0 0 0 0 0 0 0 0 0 0 0 0
 1 1 1 2 2 2 1 1 1 1 1 1 1 1 0 0 0 0 0 1 1 0 0 0 1 1 0 0 0 0 0 0 0 0 0 0 0 0 0 0 0 0 0 0 0 0
 1 1 1 2 2 2 1 1 1 1 1 1 1 1 0 0 0 0 0 1 1 0 0 0 1 1 0 0 0 0 0 0 0 0 0 0 0 0 0 0 0 0 0 0 0 0
 1 1 1 1 1 1 1 1 1 1 0 0 0 0 0 0 0 0 0 1 1 1 1 1 1 1 0 0 0 0 0 0 0 0 0 0 0 0 0 0 0 0 0 0 0 1
 1 1 1 1 1 1 1 1 1 1 0 0 0 0 0 0 0 0 0 1 1 1 1 1 1 1 0 0 0 0 0 0 0 0 0 0 0 0 0 0 0 0 0 0 0 1
 1 1 1 1 1 1 1 1 1 1 0 0 0 0 1 1 1 1 0 0 0 1 1 1 1 1 0 0 0 0 0 0 0 0 0 0 0 0 0 0 0 0 0 0 0 1
 0 0 0 0 0 0 0 0 0 0 0 0 0 0 0 0 0 0 0 0 0 1 0 0 0 0 0 0 0 0 0 0 0 0 0 0 0 0 0 0 1 1 0 0 0 1
 0 0 0 0 0 0 0 0 0 0 0 0 0 0 0 0 0 0 0 0 0 1 0 0 0 0 0 0 0 0 0 0 0 0 0 0 0 0 0 0 1 1 0 0 0 1
 0 0 0 0 0 0 0 0 0 0 0 0 0 0 0 0 1 1 1 0 0 0 1 1 1 1 0 0 0 0 0 0 0 0 0 0 0 0 0 0 0 0 0 0 0 0
 1 1 1 1 1 1 1 1 0 0 0 0 0 0 0 0 1 1 0 0 0 0 1 1 1 1 0 0 0 0 0 0 0 0 0 0 0 0 0 0 0 0 0 0 0 0
 1 1 1 1 1 1 1 1 0 0 0 0 0 0 0 0 1 1 0 0 0 0 1 1 1 1 0 0 0 0 0 0 0 0 0 0 0 0 0 0 0 0 0 0 0 0
 1 1 2 3 3 3 2 2 0 0 0 0 0 0 1 1 1 1 1 1 1 1 1 1 0 0 0 0 0 0 1 1 0 0 0 0 0 0 0 0 0 0 0 0 0 0
 1 1 2 3 3 3 2 2 0 0 0 0 0 0 1 1 1 1 1 1 1 1 1 1 0 0 0 0 0 0 1 1 0 0 0 0 0 0 0 0 0 0 0 0 0 0
 1 1 2 3 3 4 3 3 1 1 0 0 0 0 1 1 2 2 2 3 3 4 2 2 1 1 0 0 0 1 1 1 0 0 1 0 0 1 1 1 0 0 0 0 0 0
 1 1 1 2 2 3 2 2 1 1 0 0 0 1 2 2 3 3 2 3 3 4 3 3 2 2 1 0 0 0 0 0 0 0 0 1 1 2 1 1 1 1 2 2 2 1
 1 1 1 2 2 3 2 2 1 1 0 0 0 1 2 2 3 3 2 3 3 4 3 3 2 2 1 0 0 0 0 0 0 0 0 1 1 2 1 1 1 1 2 2 2 1
 1 1 1 1 1 1 1 1 0 0 0 0 0 1 1 1 2 2 3 3 3 4 4 4 3 3 2 0 0 0 0 0 0 0 1 1 1 2 2 2 1 1 2 1 1 0
 5 5 4 3 3 2 1 1 0 0 0 0 0 0 1 1 1 1 2 3 3 3 5 5 4 4 2 0 0 0 0 0 0 0 1 1 1 1 1 1 1 1 1 1 1 1
 5 5 4 3 3 2 1 1 0 0 0 0 0 0 1 1 1 1 2 3 3 3 5 5 4 4 2 0 0 0 0 0 0 0 1 1 1 1 1 1 1 1 1 1 1 1
 12 12 12 7 7 7 5 5 1 1 0 1 1 0 0 0 1 1 2 3 3 7 8 8 14 14 5 1 1 0 1 1 2 2 1 1 1 1 1 1 1 1 1 0 0 0
 12 12 12 7 7 7 5 5 1 1 0 1 1 0 0 0 1 1 2 3 3 7 8 8 14 14 5 1 1 0 1 1 2 2 1 1 1 1 1 1 1 1 1 0 0 0
 5 5 7 9 9 9 11 11 3 3 1 1 1 1 0 0 0 0 1 3 3 8 10 10 17 17 7 2 2 0 1 1 1 1 1 1 1 1 1 1 1 1 1 0 0 0
 2 2 5 10 10 7 6 6 3 3 2 3 3 2 1 1 0 0 1 1 1 4 7 7 13 13 8 3 3 1 1 1 2 2 1 2 2 1 1 1 1 1 1 0 0 1
 2 2 5 10 10 7 6 6 3 3 2 3 3 2 1 1 0 0 1 1 1 4 7 7 13 13 8 3 3 1 1 1 2 2 1 2 2 1 1 1 1 1 1 0 0 1
 4 4 6 8 8 7 4 4 2 2 3 7 7 4 1 1 1 1 0 0 0 1 3 3 8 8 7 3 3 1 1 1 1 1 1 2 2 2 2 2 2 2 2 1 1 1
 7 7 7 8 8 8 5 5 2 2 2 4 4 2 1 1 0 0 0 0 0 0 0 0 2 2 2 3 3 1 1 1 1 1 2 2 2 3 3 3 3 3 3 2 2 1
 7 7 7 8 8 8 5 5 2 2 2 4 4 2 1 1 0 0 0 0 0 0 0 0 2 2 2 3 3 1 1 1 1 1 2 2 2 3 3 3 3 3 3 2 2 1
 11 11 12 10 10 9 4 4 2 2 1 1 1 1 0 0 0 0 0 0 0 0 0 0 1 1 1 2 2 3 2 2 2 2 2 2 2 2 3 3 5 5 4 3 3 2
 11 11 12 10 10 9 4 4 2 2 1 1 1 1 0 0 0 0 0 0 0 0 0 0 1 1 1 2 2 3 2 2 2 2 2 2 2 2 3 3 5 5 4 3 3 2
 13 13 15 12 12 9 3 3 1 1 0 0 0 0 0 0 0 0 1 1 1 0 0 0 1 1 1 2 2 3 2 2 2 2 2 2 2 4 4 4 5 5 6 6 6 3
 9 9 9 10 10 5 3 3 1 1 1 0 0 0 0 0 1 1 1 3 3 3 0 0 0 0 0 2 2 2 3 3 2 2 3 4 4 3 6 6 9 9 9 9 9 7
 9 9 9 10 10 5 3 3 1 1 1 0 0 0 0 0 1 1 1 3 3 3 0 0 0 0 0 2 2 2 3 3 2 2 3 4 4 3 6 6 9 9 9 9 9 7
 6 6 5 5 5 4 2 2 1 1 1 0 0 0 0 0 3 3 3 3 3 3 0 0 0 0 0 3 3 3 4 4 5 5 6 6 6 7 8 8 9 9 13 13 13 14
 9 9 5 5 5 3 1 1 0 0 0 0 0 1 1 1 3 3 3 2 2 2 0 0 0 0 0 2 2 4 6 6 6 6 6 13 13 10 15 15 16 16 16 17 17 21
 9 9 5 5 5 3 1 1 0 0 0 0 0 1 1 1 3 3 3 2 2 2 0 0 0 0 0 2 2 4 6 6 6 6 6 13 13 10 15 15 16 16 16 17 17 21
 11 11 7 5 5 4 2 2 1 1 0 0 0 1 1 1 0 0 2 2 2 1 0 0 0 0 0 0 0 8 9 9 10 10 12 13 13 15 15 15 17 17 22 22 22 33
 11 11 7 5 5 4 2 2 1 1 0 0 0 1 1 1 0 0 2 2 2 1 0 0 0 0 0 0 0 8 9 9 10 10 12 13 13 15 15 15 17 17 22 22 22 33
 22 22 17 17 17 12 7 7 2 2 0 1 1 1 1 1 0 0 1 1 1 1 2 2 1 1 1 1 1 8 10 10 12 12 15 18 18 20 21 21 24 24 27 32 32 36
 19 19 16 15 15 12 7 7 2 2 0 0 0 1 1 1 0 0 1 1 1 2 5 5 4 4 2 1 1 12 13 13 16 16 19 19 19 23 27 27 29 29 40 46 46 49
 19 19 16 15 15 12 7 7 2 2 0 0 0 1 1 1 0 0 1 1 1 2 5 5 4 4 2 1 1 12 13 13 16 16 19 19 19 23 27 27 29 29 40 46 46 49
 18 18 15 15 15 12 7 7 3 3 1 0 0 1 1 1 0 0 1 1 1 1 2 2 1 1 2 4 4 8 17 17 24 24 25 22 22 23 31 31 37 37 42 51 51 61
 11 11 11 7 7 7 5 5 2 2 1 1 1 1 2 2 1 1 1 1 1 1 1 1 0 0 1 4 4 7 14 14 22 22 23 26 26 32 36 36 40 40 47 60 60 63
 11 11 11 7 7 7 5 5 2 2 1 1 1 1 2 2 1 1 1 1 1 1 1 1 0 0 1 4 4 7 14 14 22 22 23 26 26 32 36 36 40 40 47 60 60 63
 10 10 7 5 5 5 4 4 3 3 3 3 3 3 2 2 1 1 1 2 2 1 1 1 1 1 2 3 3 5 17 17 20 20 25 30 30 33 35 35 38 38 57 58 58 73
 10 10 7 5 5 5 4 4 3 3 3 3 3 3 2 2 1 1 1 2 2 1 1 1 1 1 2 3 3 5 17 17 20 20 25 30 30 33 35 35 38 38 57 58 58 73
 10 10 7 6 6 5 5 5 6 6 5 5 5 5 4 4 3 3 2 1 1 1 1 1 1 1 2 2 2 3 17 17 19 19 27 29 29 37 39 39 46 46 61 59 59 72
 8 8 6 5 5 4 7 7 10 10 9 8 8 8 8 8 8 8 6 2 2 2 2 2 2 2 2 2 2 3 19 19 21 21 33 32 32 41 47 47 55 55 65 64 64 77
 8 8 6 5 5 4 7 7 10 10 9 8 8 8 8 8 8 8 6 2 2 2 2 2 2 2 2 2 2 3 19 19 21 21 33 32 32 41 47 47 55 55 65 64 64 77
 7 7 6 6 6 5 6 6 10 10 10 10 10 10 12 12 16 16 14 5 5 3 3 3 3 3 3 6 6 4 3 3 17 17 27 30 30 45 47 47 52 52 63 76 76 80
 9 9 12 12 12 8 7 7 9 9 10 9 9 11 12 12 17 17 10 5 5 6 5 5 6 6 7 7 7 6 6 6 19 19 31 40 40 75 94 94 68 68 60 147 147 102
