assets/RAT_results/precipitation/2023-06-07_IMERG.asc
ncols        46
nrows        77
xllcorner    74.800261325624
yllcorner    8.058333333333
cellsize     0.062500000000
NODATA_value -9999
 1 1 1 1 1 0 0 0 0 0 0 0 0 0 0 0 0 0 0 0 0 0 0 0 0 0 0 0 0 0 0 0 0 0 0 1 1 1 1 1 0 0 0 0 0 0
 0 0 0 0 0 0 0 0 0 0 0 0 0 0 0 0 0 0 0 0 0 0 0 0 0 0 0 0 0 0 0 0 0 0 0 1 1 0 0 0 0 0 0 0 0 0
 0 0 0 0 0 0 0 0 0 0 0 0 0 0 0 0 0 0 0 0 0 0 0 0 0 0 0 0 0 0 0 0 0 0 0 1 1 0 0 0 0 0 0 0 0 0
 1 1 0 0 0 0 0 0 0 0 0 0 0 0 0 0 0 0 0 0 0 0 0 0 0 0 0 0 0 0 0 0 0 0 0 0 0 0 0 0 0 0 0 0 0 0
 4 4 0 0 0 0 0 0 0 0 0 0 0 0 0 0 0 0 0 0 0 0 1 1 1 1 0 0 0 0 0 0 0 0 0 0 0 0 0 0 0 0 0 0 0 0
 4 4 0 0 0 0 0 0 0 0 0 0 0 0 0 0 0 0 0 0 0 0 1 1 1 1 0 0 0 0 0 0 0 0 0 0 0 0 0 0 0 0 0 0 0 0
 3 3 8 7 7 2 0 0 0 0 0 0 0 0 0 0 0 0 0 0 0 1 1 1 0 0 0 0 0 0 0 0 0 0 0 0 0 0 0 0 0 0 0 0 0 0
 3 3 8 7 7 2 0 0 0 0 0 0 0 0 0 0 0 0 0 0 0 1 1 1 0 0 0 0 0 0 0 0 0 0 0 0 0 0 0 0 0 0 0 0 0 0
 8 8 45 8 8 2 2 2 2 2 0 0 0 0 0 0 0 0 0 0 0 0 0 0 0 0 0 0 0 0 0 0 0 0 0 0 0 0 0 0 0 0 0 0 0 0
 8 8 43 20 20 13 2 2 2 2 0 0 0 0 0 0 0 0 0 0 0 0 0 0 0 0 0 0 0 0 0 0 0 0 0 0 0 0 0 0 1 1 1 2 2 2
 8 8 43 20 20 13 2 2 2 2 0 0 0 0 0 0 0 0 0 0 0 0 0 0 0 0 0 0 0 0 0 0 0 0 0 0 0 0 0 0 1 1 1 2 2 2
 3 3 6 9 9 14 2 2 0 0 0 0 0 0 0 0 0 0 0 0 0 0 0 0 0 0 0 0 0 0 0 0 0 0 0 0 0 0 1 1 2 2 4 5 5 6
 5 5 7 9 9 10 0 0 0 0 0 1 1 0 0 0 0 0 0 0 0 0 0 0 0 0 0 0 0 0 0 0 0 0 0 1 1 1 3 3 4 4 8 10 10 10
 5 5 7 9 9 10 0 0 0 0 0 1 1 0 0 0 0 0 0 0 0 0 0 0 0 0 0 0 0 0 0 0 0 0 0 1 1 1 3 3 4 4 8 10 10 10
 5 5 6 12 12 7 2 2 1 1 1 1 1 0 0 0 0 0 0 0 0 0 0 0 0 0 0 0 0 0 0 0 0 0 1 2 2 4 6 6 8 8 11 12 12 12
 5 5 6 12 12 7 2 2 1 1 1 1 1 0 0 0 0 0 0 0 0 0 0 0 0 0 0 0 0 0 0 0 0 0 1 2 2 4 6 6 8 8 11 12 12 12
 5 5 4 18 18 16 4 4 2 2 1 0 0 0 0 0 0 0 1 0 0 0 0 0 0 0 0 0 0 0 0 0 1 1 2 3 3 5 7 7 9 9 14 14 14 14
 13 13 4 4 4 7 6 6 9 9 8 1 1 1 8 8 1 1 1 0 0 0 0 0 0 0 0 0 0 0 0 0 1 1 2 3 3 4 6 6 7 7 10 11 11 12
 13 13 4 4 4 7 6 6 9 9 8 1 1 1 8 8 1 1 1 0 0 0 0 0 0 0 0 0 0 0 0 0 1 1 2 3 3 4 6 6 7 7 10 11 11 12
 13 13 3 4 4 4 5 5 11 11 23 6 6 5 4 4 1 1 1 0 0 0 0 0 0 0 0 0 0 0 0 0 0 0 1 1 1 2 3 3 4 4 6 6 6 7
 10 10 6 4 4 3 6 6 13 13 36 28 28 3 3 3 6 6 4 1 1 1 0 0 0 0 0 0 0 0 0 0 0 0 0 1 1 2 2 2 4 4 6 5 5 5
 10 10 6 4 4 3 6 6 13 13 36 28 28 3 3 3 6 6 4 1 1 1 0 0 0 0 0 0 0 0 0 0 0 0 0 1 1 2 2 2 4 4 6 5 5 5
 3 3 6 4 4 6 13 13 16 16 44 44 44 12 11 11 12 12 3 1 1 1 0 0 1 1 0 0 0 0 0 0 0 0 0 1 1 2 3 3 4 4 5 5 5 5
 3 3 6 4 4 6 13 13 16 16 44 44 44 12 11 11 12 12 3 1 1 1 0 0 1 1 0 0 0 0 0 0 0 0 0 1 1 2 3 3 4 4 5 5 5 5
 1 1 3 4 4 4 8 8 17 17 57 21 21 14 13 13 13 13 10 6 6 6 1 1 0 0 0 0 0 0 0 0 0 0 1 1 1 1 2 2 2 2 2 2 2 3
 1 1 1 2 2 3 4 4 16 16 65 57 57 20 28 28 21 21 11 5 5 5 5 5 0 0 0 0 0 0 0 0 0 0 0 0 0 0 0 0 1 1 1 1 1 1
 1 1 1 2 2 3 4 4 16 16 65 57 57 20 28 28 21 21 11 5 5 5 5 5 0 0 0 0 0 0 0 0 0 0 0 0 0 0 0 0 1 1 1 1 1 1
 1 1 1 1 1 3 8 8 22 22 46 156 156 34 25 25 32 32 24 7 7 6 5 5 0 0 0 0 0 0 0 0 0 0 0 0 0 0 0 0 0 0 0 0 0 0
 1 1 1 1 1 3 10 10 16 16 53 88 88 57 37 37 34 34 24 6 6 14 11 11 2 2 0 0 0 0 0 0 0 0 0 0 0 0 0 0 0 0 0 0 0 0
 1 1 1 1 1 3 10 10 16 16 53 88 88 57 37 37 34 34 24 6 6 14 11 11 2 2 0 0 0 0 0 0 0 0 0 0 0 0 0 0 0 0 0 0 0 0
 1 1 1 5 5 7 22 22 19 19 70 145 145 64 80 80 56 56 51 19 19 12 10 10 2 2 1 1 1 0 0 0 0 0 0 0 0 0 0 0 0 0 0 0 0 0
 1 1 1 5 5 7 22 22 19 19 70 145 145 64 80 80 56 56 51 19 19 12 10 10 2 2 1 1 1 0 0 0 0 0 0 0 0 0 0 0 0 0 0 0 0 0
 2 2 1 1 1 10 18 18 31 31 100 134 134 77 73 73 64 64 45 21 21 19 12 12 4 4 1 0 0 0 0 0 0 0 0 0 0 0 0 0 0 0 0 0 0 0
 2 2 2 4 4 10 19 19 19 19 89 102 102 54 36 36 62 62 51 49 49 19 18 18 19 19 4 6 6 1 0 0 0 0 0 0 0 0 0 0 0 0 0 0 0 0
 2 2 2 4 4 10 19 19 19 19 89 102 102 54 36 36 62 62 51 49 49 19 18 18 19 19 4 6 6 1 0 0 0 0 0 0 0 0 0 0 0 0 0 0 0 0
 3 3 2 32 32 32 8 8 13 13 33 71 71 46 15 15 46 46 48 39 39 33 18 18 16 16 3 5 5 0 0 0 0 0 0 0 0 0 0 0 0 0 0 0 0 0
 3 3 1 31 31 31 5 5 12 12 33 46 46 40 18 18 36 36 45 41 41 36 30 30 28 28 3 0 0 0 0 0 0 0 0 0 0 0 0 0 0 0 0 0 0 0
 3 3 1 31 31 31 5 5 12 12 33 46 46 40 18 18 36 36 45 41 41 36 30 30 28 28 3 0 0 0 0 0 0 0 0 0 0 0 0 0 0 0 0 0 0 0
 1 1 1 1 1 1 3 3 6 6 39 56 56 59 30 30 56 56 43 40 40 32 41 41 45 45 20 6 6 6 0 0 0 0 0 0 0 0 0 0 0 0 0 0 0 0
 1 1 1 1 1 1 3 3 6 6 39 56 56 59 30 30 56 56 43 40 40 32 41 41 45 45 20 6 6 6 0 0 0 0 0 0 0 0 0 0 0 0 0 0 0 0
 1 1 1 2 2 2 8 8 10 10 43 47 47 56 31 31 37 37 57 74 74 53 68 68 60 60 40 17 17 15 5 5 3 3 0 0 0 0 0 0 0 0 0 0 0 0
 2 2 2 2 2 5 11 11 14 14 45 53 53 56 53 53 57 57 81 79 79 42 41 41 41 41 31 26 26 21 5 5 4 4 0 0 0 0 0 0 2 2 1 0 0 0
 2 2 2 2 2 5 11 11 14 14 45 53 53 56 53 53 57 57 81 79 79 42 41 41 41 41 31 26 26 21 5 5 4 4 0 0 0 0 0 0 2 2 1 0 0 0
 3 3 3 4 4 5 12 12 33 33 34 35 35 48 51 51 55 55 58 59 59 48 43 43 53 53 45 24 24 21 8 8 7 7 7 0 0 0 0 0 2 2 1 1 1 0
 4 4 5 5 5 5 6 6 33 33 34 37 37 12 17 17 38 38 53 49 49 22 31 31 42 42 46 24 24 21 9 9 2 2 2 0 0 2 0 0 0 0 0 0 0 0
 4 4 5 5 5 5 6 6 33 33 34 37 37 12 17 17 38 38 53 49 49 22 31 31 42 42 46 24 24 21 9 9 2 2 2 0 0 2 0 0 0 0 0 0 0 0
 7 7 27 26 26 24 6 6 7 7 10 10 10 8 16 16 18 18 29 54 54 25 22 22 41 41 36 16 16 15 9 9 9 9 2 1 1 1 0 0 0 0 0 0 0 0
 7 7 27 26 26 24 6 6 7 7 10 10 10 8 16 16 18 18 29 54 54 25 22 22 41 41 36 16 16 15 9 9 9 9 2 1 1 1 0 0 0 0 0 0 0 0
 19 19 9 24 24 23 7 7 8 8 8 8 8 10 13 13 12 12 27 22 22 29 16 16 33 33 23 18 18 13 5 5 6 6 0 0 0 0 0 0 0 0 0 0 0 0
 19 19 8 5 5 5 5 5 6 6 3 7 7 14 10 10 8 8 19 22 22 26 23 23 36 36 25 18 18 6 6 6 6 6 0 0 0 0 0 0 0 0 0 0 0 0
 19 19 8 5 5 5 5 5 6 6 3 7 7 14 10 10 8 8 19 22 22 26 23 23 36 36 25 18 18 6 6 6 6 6 0 0 0 0 0 0 0 0 0 0 0 0
 7 7 7 11 11 9 3 3 5 5 2 6 6 6 5 5 8 8 16 18 18 21 19 19 33 33 35 24 24 9 7 7 9 9 1 0 0 0 0 0 0 0 0 0 0 0
 3 3 9 13 13 11 6 6 2 2 1 3 3 2 4 4 9 9 9 9 9 11 16 16 32 32 39 22 22 12 7 7 8 8 1 0 0 0 0 0 0 0 0 0 0 0
 3 3 9 13 13 11 6 6 2 2 1 3 3 2 4 4 9 9 9 9 9 11 16 16 32 32 39 22 22 12 7 7 8 8 1 0 0 0 0 0 0 0 0 0 0 0
 4 4 6 10 10 8 6 6 4 4 3 4 4 3 2 2 5 5 6 7 7 7 10 10 14 14 12 16 16 15 8 8 8 8 2 1 1 1 1 1 0 0 0 0 0 0
 4 4 6 10 10 8 6 6 4 4 3 4 4 3 2 2 5 5 6 7 7 7 10 10 14 14 12 16 16 15 8 8 8 8 2 1 1 1 1 1 0 0 0 0 0 0
 5 5 8 9 9 7 6 6 7 7 7 7 7 4 2 2 3 3 7 7 7 4 16 16 31 31 21 15 15 11 10 10 8 8 5 1 1 0 0 0 0 0 0 0 0 0
 6 6 9 10 10 8 8 8 7 7 7 7 7 7 5 5 9 9 28 44 44 45 7 7 21 21 25 12 12 12 8 8 9 9 3 0 0 0 0 0 0 0 0 0 0 0
 6 6 9 10 10 8 8 8 7 7 7 7 7 7 5 5 9 9 28 44 44 45 7 7 21 21 25 12 12 12 8 8 9 9 3 0 0 0 0 0 0 0 0 0 0 0
 13 13 19 17 17 10 7 7 5 5 5 6 6 5 6 6 10 10 21 45 45 46 9 9 13 13 21 16 16 13 10 10 6 6 7 1 1 0 0 0 1 1 1 1 1 0
 16 16 16 12 12 8 6 6 4 4 4 3 3 4 8 8 13 13 14 24 24 33 10 10 14 14 19 17 17 16 15 15 5 5 5 1 1 0 0 0 1 1 1 1 1 0
 16 16 16 12 12 8 6 6 4 4 4 3 3 4 8 8 13 13 14 24 24 33 10 10 14 14 19 17 17 16 15 15 5 5 5 1 1 0 0 0 1 1 1 1 1 0
 15 15 14 12 12 10 8 8 6 6 6 7 7 9 12 12 13 13 10 13 13 25 9 9 12 12 13 18 18 21 20 20 10 10 7 1 1 0 0 0 0 0 0 0 0 0
 15 15 14 12 12 10 8 8 6 6 6 7 7 9 12 12 13 13 10 13 13 25 9 9 12 12 13 18 18 21 20 20 10 10 7 1 1 0 0 0 0 0 0 0 0 0
 14 14 16 15 15 12 12 12 11 11 12 14 14 18 20 20 14 14 14 10 10 12 11 11 10 10 13 14 14 19 13 13 13 13 8 2 2 0 0 0 0 0 0 0 0 0
 23 23 21 18 18 17 21 21 19 19 17 16 16 20 21 21 16 16 13 7 7 8 9 9 10 10 11 11 11 12 12 12 16 16 13 9 9 5 2 2 1 1 0 0 0 1
 23 23 21 18 18 17 21 21 19 19 17 16 16 20 21 21 16 16 13 7 7 8 9 9 10 10 11 11 11 12 12 12 16 16 13 9 9 5 2 2 1 1 0 0 0 1
 24 24 22 19 19 18 18 18 20 20 19 21 21 20 18 18 16 16 12 7 7 9 9 9 10 10 14 12 12 13 9 9 11 11 13 8 8 5 4 4 2 2 0 0 0 0
 18 18 16 14 14 12 10 10 8 8 8 9 9 11 12 12 15 15 13 8 8 8 8 8 8 8 9 8 8 8 5 5 2 2 5 3 3 3 3 3 1 1 1 0 0 0
 18 18 16 14 14 12 10 10 8 8 8 9 9 11 12 12 15 15 13 8 8 8 8 8 8 8 9 8 8 8 5 5 2 2 5 3 3 3 3 3 1 1 1 0 0 0
 6 6 8 7 7 8 6 6 7 7 8 9 9 11 14 14 18 18 21 16 16 10 8 8 7 7 5 4 4 3 3 3 2 2 1 1 1 2 3 3 2 2 1 0 0 0
 6 6 8 7 7 8 6 6 7 7 8 9 9 11 14 14 18 18 21 16 16 10 8 8 7 7 5 4 4 3 3 3 2 2 1 1 1 2 3 3 2 2 1 0 0 0
 3 3 4 5 5 5 6 6 5 5 6 6 6 7 8 8 10 10 12 13 13 7 6 6 4 4 2 2 2 2 2 2 2 2 1 2 2 7 3 3 0 0 0 0 0 0
 3 3 5 6 6 7 8 8 9 9 8 7 7 5 4 4 4 4 5 4 4 4 4 4 3 3 3 2 2 3 2 2 2 2 1 0 0 0 0 0 4 4 0 0 0 0
 3 3 5 6 6 7 8 8 9 9 8 7 7 5 4 4 4 4 5 4 4 4 4 4 3 3 3 2 2 3 2 2 2 2 1 0 0 0 0 0 4 4 0 0 0 0
 3 3 5 8 8 10 11 11 13 13 13 14 14 13 9 9 7 7 5 4 4 4 4 4 3 3 3 3 3 6 5 5 3 3 2 5 5 0 0 0 4 4 0 0 0 0
 1 1 2 3 3 3 4 4 4 4 4 4 4 4 4 4 4 4 4 4 4 4 3 3 3 3 2 2 2 4 5 5 4 4 2 2 2 2 1 1 0 0 0 0 0 0
