assets/RAT_results/precipitation/2023-10-23_IMERG.asc
ncols        46
nrows        77
xllcorner    74.800261325624
yllcorner    8.058333333333
cellsize     0.062500000000
NODATA_value -9999
 0 0 0 0 0 0 0 0 0 0 0 0 0 0 0 0 0 0 0 0 0 0 0 0 0 0 0 0 0 0 0 0 0 0 0 0 0 0 0 0 0 0 0 0 0 0
 0 0 0 0 0 0 0 0 0 0 0 0 0 0 0 0 0 0 0 0 0 0 0 0 0 0 0 0 0 0 0 0 0 0 0 0 0 0 0 0 0 0 0 0 0 0
 0 0 0 0 0 0 0 0 0 0 0 0 0 0 0 0 0 0 0 0 0 0 0 0 0 0 0 0 0 0 0 0 0 0 0 0 0 0 0 0 0 0 0 0 0 0
 0 0 0 0 0 0 0 0 0 0 0 0 0 0 0 0 0 0 0 0 0 0 0 0 0 0 0 0 0 0 0 0 0 0 0 0 0 0 0 0 0 0 0 0 0 0
 0 0 0 0 0 0 0 0 0 0 0 0 0 0 0 0 0 0 0 0 0 0 0 0 0 0 0 0 0 0 0 0 0 0 0 0 0 0 0 0 0 0 0 0 0 0
 0 0 0 0 0 0 0 0 0 0 0 0 0 0 0 0 0 0 0 0 0 0 0 0 0 0 0 0 0 0 0 0 0 0 0 0 0 0 0 0 0 0 0 0 0 0
 1 1 0 0 0 1 2 2 1 1 0 0 0 0 0 0 0 0 0 0 0 0 0 0 0 0 0 0 0 0 0 0 0 0 0 0 0 0 0 0 0 0 0 0 0 0
 1 1 0 0 0 1 2 2 1 1 0 0 0 0 0 0 0 0 0 0 0 0 0 0 0 0 0 0 0 0 0 0 0 0 0 0 0 0 0 0 0 0 0 0 0 0
 0 0 0 0 0 2 5 5 6 6 1 0 0 0 0 0 0 0 0 0 0 0 0 0 0 0 0 0 0 0 0 0 0 0 0 0 0 0 0 0 0 0 0 0 0 0
 1 1 0 0 0 2 8 8 12 12 2 0 0 0 0 0 0 0 0 0 0 0 0 0 0 0 0 0 0 0 0 0 0 0 0 0 0 0 0 0 0 0 0 0 0 0
 1 1 0 0 0 2 8 8 12 12 2 0 0 0 0 0 0 0 0 0 0 0 0 0 0 0 0 0 0 0 0 0 0 0 0 0 0 0 0 0 0 0 0 0 0 0
 0 0 0 0 0 0 1 1 3 3 1 0 0 0 0 0 0 0 0 0 0 0 0 0 0 0 0 0 0 0 0 0 0 0 0 0 0 0 0 0 0 0 0 0 0 0
 1 1 2 0 0 0 0 0 0 0 1 0 0 0 0 0 0 0 0 0 0 0 0 0 0 0 0 0 0 0 0 0 0 0 0 0 0 0 0 0 0 0 0 0 0 0
 1 1 2 0 0 0 0 0 0 0 1 0 0 0 0 0 0 0 0 0 0 0 0 0 0 0 0 0 0 0 0 0 0 0 0 0 0 0 0 0 0 0 0 0 0 0
 2 2 2 1 1 0 0 0 0 0 0 0 0 0 0 0 0 0 0 0 0 0 0 0 0 0 0 0 0 0 0 0 0 0 0 0 0 0 0 0 0 0 0 0 0 0
 2 2 2 1 1 0 0 0 0 0 0 0 0 0 0 0 0 0 0 0 0 0 0 0 0 0 0 0 0 0 0 0 0 0 0 0 0 0 0 0 0 0 0 0 0 0
 2 2 2 2 2 1 1 1 1 1 0 0 0 0 0 0 0 0 0 0 0 0 0 0 0 0 0 0 0 0 0 0 0 0 0 0 0 0 0 0 0 0 0 0 0 0
 2 2 2 1 1 1 1 1 2 2 1 1 1 1 1 1 0 0 0 0 0 0 0 0 0 0 0 0 0 0 0 0 0 0 0 0 0 0 0 0 0 0 0 0 0 0
 2 2 2 1 1 1 1 1 2 2 1 1 1 1 1 1 0 0 0 0 0 0 0 0 0 0 0 0 0 0 0 0 0 0 0 0 0 0 0 0 0 0 0 0 0 0
 1 1 1 1 1 1 1 1 1 1 2 3 3 4 2 2 0 0 0 0 0 0 0 0 0 0 0 0 0 0 0 0 0 0 0 0 0 0 0 0 0 0 0 0 0 0
 0 0 1 0 0 1 1 1 1 1 2 5 5 6 5 5 3 3 1 0 0 0 0 0 0 0 0 0 0 0 0 0 0 0 0 0 0 0 0 0 0 0 0 0 0 0
 0 0 1 0 0 1 1 1 1 1 2 5 5 6 5 5 3 3 1 0 0 0 0 0 0 0 0 0 0 0 0 0 0 0 0 0 0 0 0 0 0 0 0 0 0 0
 0 0 0 0 0 0 0 0 0 0 0 3 3 5 12 12 10 10 2 0 0 0 0 0 0 0 0 0 0 0 0 0 0 0 0 0 0 0 0 0 0 0 0 0 0 0
 0 0 0 0 0 0 0 0 0 0 0 3 3 5 12 12 10 10 2 0 0 0 0 0 0 0 0 0 0 0 0 0 0 0 0 0 0 0 0 0 0 0 0 0 0 0
 2 2 0 0 0 0 1 1 1 1 1 7 7 3 6 6 7 7 5 2 2 0 0 0 0 0 0 0 0 0 0 0 0 0 0 0 0 0 0 0 0 0 0 0 0 0
 8 8 1 1 1 1 2 2 1 1 1 10 10 1 2 2 5 5 9 5 5 6 8 8 1 1 0 0 0 0 0 0 0 0 0 0 0 0 0 0 0 0 0 0 0 0
 8 8 1 1 1 1 2 2 1 1 1 10 10 1 2 2 5 5 9 5 5 6 8 8 1 1 0 0 0 0 0 0 0 0 0 0 0 0 0 0 0 0 0 0 0 0
 16 16 6 4 4 4 4 4 1 1 9 2 2 1 2 2 9 9 13 21 21 17 20 20 9 9 3 1 1 0 0 0 0 0 0 0 0 0 0 0 0 0 0 0 0 0
 20 20 11 9 9 6 4 4 1 1 1 4 4 5 6 6 10 10 13 21 21 36 57 57 45 45 18 3 3 0 0 0 0 0 0 0 0 0 0 0 0 0 0 0 0 0
 20 20 11 9 9 6 4 4 1 1 1 4 4 5 6 6 10 10 13 21 21 36 57 57 45 45 18 3 3 0 0 0 0 0 0 0 0 0 0 0 0 0 0 0 0 0
 17 17 10 11 11 12 9 9 7 7 7 3 3 6 17 17 18 18 33 29 29 36 57 57 55 55 36 8 8 1 0 0 0 0 0 0 0 0 0 0 0 0 0 0 0 0
 17 17 10 11 11 12 9 9 7 7 7 3 3 6 17 17 18 18 33 29 29 36 57 57 55 55 36 8 8 1 0 0 0 0 0 0 0 0 0 0 0 0 0 0 0 0
 12 12 11 13 13 16 13 13 10 10 9 11 11 9 15 15 15 15 43 51 51 40 49 49 43 43 37 13 13 2 1 1 1 1 0 0 0 0 0 0 0 0 0 0 0 0
 31 31 20 22 22 20 17 17 14 14 11 13 13 10 4 4 18 18 42 50 50 47 29 29 28 28 18 10 10 4 3 3 2 2 1 0 0 0 1 1 0 0 2 0 0 0
 31 31 20 22 22 20 17 17 14 14 11 13 13 10 4 4 18 18 42 50 50 47 29 29 28 28 18 10 10 4 3 3 2 2 1 0 0 0 1 1 0 0 2 0 0 0
 35 35 30 30 30 16 16 16 13 13 12 11 11 11 5 5 9 9 25 25 25 35 27 27 25 25 15 9 9 5 3 3 3 3 2 0 0 0 0 0 0 0 0 0 0 0
 77 77 67 22 22 14 15 15 13 13 11 4 4 2 3 3 5 5 7 8 8 12 12 12 8 8 8 6 6 3 1 1 2 2 1 0 0 0 0 0 0 0 0 0 0 0
 77 77 67 22 22 14 15 15 13 13 11 4 4 2 3 3 5 5 7 8 8 12 12 12 8 8 8 6 6 3 1 1 2 2 1 0 0 0 0 0 0 0 0 0 0 0
 94 94 76 13 13 13 14 14 8 8 6 4 4 2 6 6 6 6 9 14 14 19 17 17 16 16 12 6 6 2 1 1 1 1 0 0 0 0 0 0 0 0 0 0 0 0
 94 94 76 13 13 13 14 14 8 8 6 4 4 2 6 6 6 6 9 14 14 19 17 17 16 16 12 6 6 2 1 1 1 1 0 0 0 0 0 0 0 0 0 0 0 0
 42 42 19 13 13 14 14 14 9 9 8 4 4 3 7 7 15 15 15 24 24 35 31 31 36 36 28 12 12 4 2 2 0 0 0 1 1 1 0 0 0 0 0 0 0 0
 9 9 16 11 11 11 11 11 7 7 5 4 4 5 10 10 14 14 17 23 23 41 37 37 33 33 25 17 17 8 3 3 0 0 0 2 2 1 0 0 0 0 0 0 0 0
 9 9 16 11 11 11 11 11 7 7 5 4 4 5 10 10 14 14 17 23 23 41 37 37 33 33 25 17 17 8 3 3 0 0 0 2 2 1 0 0 0 0 0 0 0 0
 9 9 11 5 5 8 9 9 9 9 2 2 2 4 76 76 82 82 93 100 100 36 33 33 31 31 25 19 19 7 2 2 0 0 0 0 0 0 6 6 0 0 0 0 0 0
 3 3 6 4 4 8 11 11 8 8 3 1 1 35 74 74 97 97 86 12 12 24 23 23 22 22 15 9 9 3 1 1 0 0 0 0 0 6 5 5 0 0 0 0 0 0
 3 3 6 4 4 8 11 11 8 8 3 1 1 35 74 74 97 97 86 12 12 24 23 23 22 22 15 9 9 3 1 1 0 0 0 0 0 6 5 5 0 0 0 0 0 0
 2 2 3 4 4 9 9 9 6 6 2 0 0 34 34 34 79 79 6 6 6 17 11 11 18 18 11 4 4 1 1 1 1 1 1 6 6 15 18 18 7 7 6 0 0 0
 2 2 3 4 4 9 9 9 6 6 2 0 0 34 34 34 79 79 6 6 6 17 11 11 18 18 11 4 4 1 1 1 1 1 1 6 6 15 18 18 7 7 6 0 0 0
 2 2 1 7 7 4 8 8 8 8 2 1 1 33 33 33 61 61 63 48 48 6 8 8 16 16 8 5 5 2 2 2 2 2 2 9 9 13 21 21 11 11 5 0 0 1
 45 45 45 5 5 14 16 16 6 6 2 1 1 0 1 1 62 62 5 3 3 5 6 6 6 6 5 6 6 2 4 4 3 3 5 8 8 11 14 14 17 17 9 2 2 2
 45 45 45 5 5 14 16 16 6 6 2 1 1 0 1 1 62 62 5 3 3 5 6 6 6 6 5 6 6 2 4 4 3 3 5 8 8 11 14 14 17 17 9 2 2 2
 45 45 45 5 5 15 9 9 3 3 2 1 1 1 4 4 5 5 6 3 3 5 7 7 7 7 7 6 6 5 7 7 4 4 5 6 6 11 9 9 13 13 9 7 7 6
 1 1 1 1 1 4 7 7 2 2 1 1 1 1 6 6 7 7 8 11 11 13 9 9 18 18 16 12 12 10 11 11 6 6 13 10 10 10 12 12 15 15 13 10 10 6
 1 1 1 1 1 4 7 7 2 2 1 1 1 1 6 6 7 7 8 11 11 13 9 9 18 18 16 12 12 10 11 11 6 6 13 10 10 10 12 12 15 15 13 10 10 6
 1 1 1 2 2 1 0 0 0 0 0 1 1 3 10 10 12 12 16 19 19 21 19 19 36 36 32 26 26 23 16 16 8 8 20 11 11 7 8 8 12 12 12 8 8 4
 1 1 1 2 2 1 0 0 0 0 0 1 1 3 10 10 12 12 16 19 19 21 19 19 36 36 32 26 26 23 16 16 8 8 20 11 11 7 8 8 12 12 12 8 8 4
 2 2 1 1 1 1 0 0 0 0 1 1 1 2 33 33 13 13 18 23 23 23 23 23 43 43 43 32 32 21 15 15 3 3 6 6 6 3 2 2 4 4 4 3 3 2
 1 1 0 0 0 0 0 0 0 0 1 10 10 28 31 31 11 11 26 18 18 21 23 23 25 25 36 28 28 16 8 8 1 1 1 3 3 3 1 1 0 0 1 0 0 0
 1 1 0 0 0 0 0 0 0 0 1 10 10 28 31 31 11 11 26 18 18 21 23 23 25 25 36 28 28 16 8 8 1 1 1 3 3 3 1 1 0 0 1 0 0 0
 1 1 0 0 0 0 0 0 0 0 1 10 10 28 13 13 22 22 25 16 16 20 23 23 25 25 37 31 31 19 10 10 3 3 3 8 8 6 3 3 1 1 0 0 0 0
 0 0 0 1 1 0 0 0 0 0 1 1 1 4 8 8 17 17 20 22 22 25 28 28 30 30 29 41 41 27 17 17 7 7 4 4 4 4 6 6 2 2 1 0 0 0
 0 0 0 1 1 0 0 0 0 0 1 1 1 4 8 8 17 17 20 22 22 25 28 28 30 30 29 41 41 27 17 17 7 7 4 4 4 4 6 6 2 2 1 0 0 0
 0 0 0 1 1 7 7 7 6 6 1 1 1 2 7 7 9 9 19 22 22 26 27 27 31 31 33 50 50 34 20 20 8 8 3 1 1 2 4 4 3 3 2 1 1 1
 0 0 0 1 1 7 7 7 6 6 1 1 1 2 7 7 9 9 19 22 22 26 27 27 31 31 33 50 50 34 20 20 8 8 3 1 1 2 4 4 3 3 2 1 1 1
 0 0 0 2 2 7 7 7 6 6 1 1 1 2 4 4 7 7 16 18 18 23 25 25 28 28 28 26 26 29 17 17 6 6 1 3 3 3 2 2 3 3 3 2 2 1
 3 3 7 2 2 7 5 5 4 4 0 1 1 2 5 5 11 11 16 15 15 17 20 20 21 21 19 16 16 19 13 13 5 5 1 4 4 0 3 3 3 3 5 4 4 2
 3 3 7 2 2 7 5 5 4 4 0 1 1 2 5 5 11 11 16 15 15 17 20 20 21 21 19 16 16 19 13 13 5 5 1 4 4 0 3 3 3 3 5 4 4 2
 4 4 7 7 7 7 2 2 2 2 0 1 1 2 4 4 8 8 11 12 12 15 17 17 16 16 16 14 14 16 24 24 11 11 4 8 8 5 3 3 2 2 5 8 8 2
 16 16 8 7 7 7 2 2 2 2 0 0 0 1 2 2 20 20 21 9 9 14 18 18 18 18 18 18 18 19 18 18 18 18 10 6 6 8 2 2 6 6 6 8 8 2
 16 16 8 7 7 7 2 2 2 2 0 0 0 1 2 2 20 20 21 9 9 14 18 18 18 18 18 18 18 19 18 18 18 18 10 6 6 8 2 2 6 6 6 8 8 2
 46 46 8 7 7 7 2 2 0 0 0 0 0 1 2 2 17 17 4 6 6 10 14 14 16 16 16 17 17 16 17 17 15 15 14 9 9 10 9 9 6 6 11 2 2 1
 46 46 8 7 7 7 2 2 0 0 0 0 0 1 2 2 17 17 4 6 6 10 14 14 16 16 16 17 17 16 17 17 15 15 14 9 9 10 9 9 6 6 11 2 2 1
 46 46 7 6 6 5 5 5 2 2 0 0 0 1 1 1 2 2 3 4 4 8 11 11 11 11 14 15 15 13 13 13 10 10 9 6 6 7 11 11 10 10 7 1 1 1
 10 10 10 8 8 5 5 5 2 2 1 1 1 1 1 1 1 1 2 3 3 6 9 9 8 8 9 7 7 7 6 6 5 5 3 2 2 7 8 8 11 11 4 0 0 0
 10 10 10 8 8 5 5 5 2 2 1 1 1 1 1 1 1 1 2 3 3 6 9 9 8 8 9 7 7 7 6 6 5 5 3 2 2 7 8 8 11 11 4 0 0 0
 13 13 13 11 11 8 6 6 6 6 7 1 1 1 1 1 1 1 1 2 2 3 4 4 4 4 5 3 3 3 2 2 1 1 1 1 1 1 4 4 6 6 4 1 1 1
 16 16 17 15 15 12 6 6 6 6 7 1 1 1 0 0 0 0 0 0 0 2 2 2 2 2 3 1 1 1 1 1 0 0 0 0 0 0 1 1 1 1 4 4 4 1
