assets/RAT_results/precipitation/2023-09-04_IMERG.asc
ncols        46
nrows        77
xllcorner    74.800261325624
yllcorner    8.058333333333
cellsize     0.062500000000
NODATA_value -9999
 4 4 5 6 6 5 3 3 4 4 5 3 3 4 5 5 5 5 5 4 4 2 1 1 1 1 1 1 1 0 0 0 0 0 0 0 0 0 0 0 0 0 1 0 0 0
 8 8 8 5 5 3 3 3 3 3 6 6 6 5 5 5 5 5 5 4 4 2 1 1 1 1 1 0 0 0 0 0 0 0 0 0 0 0 0 0 0 0 0 0 0 0
 8 8 8 5 5 3 3 3 3 3 6 6 6 5 5 5 5 5 5 4 4 2 1 1 1 1 1 0 0 0 0 0 0 0 0 0 0 0 0 0 0 0 0 0 0 0
 5 5 5 4 4 3 4 4 3 3 3 3 3 5 6 6 6 6 5 3 3 2 1 1 1 1 1 1 1 1 0 0 0 0 0 0 0 0 0 0 0 0 0 0 0 0
 6 6 3 4 4 5 5 5 4 4 3 4 4 7 6 6 6 6 3 2 2 1 1 1 1 1 1 1 1 1 1 1 0 0 0 0 0 0 0 0 0 0 0 0 0 0
 6 6 3 4 4 5 5 5 4 4 3 4 4 7 6 6 6 6 3 2 2 1 1 1 1 1 1 1 1 1 1 1 0 0 0 0 0 0 0 0 0 0 0 0 0 0
 7 7 4 6 6 5 4 4 3 3 3 2 2 5 5 5 4 4 2 1 1 1 1 1 1 1 1 1 1 1 1 1 0 0 0 0 0 0 0 0 0 0 0 0 0 0
 7 7 4 6 6 5 4 4 3 3 3 2 2 5 5 5 4 4 2 1 1 1 1 1 1 1 1 1 1 1 1 1 0 0 0 0 0 0 0 0 0 0 0 0 0 0
 6 6 5 5 5 4 4 4 3 3 3 3 3 3 3 3 3 3 2 2 2 1 1 1 1 1 1 1 1 1 0 0 0 0 0 1 1 1 0 0 0 0 0 0 0 0
 4 4 4 4 4 4 4 4 3 3 3 2 2 2 3 3 2 2 2 2 2 1 1 1 1 1 0 0 0 0 0 0 0 0 0 0 0 0 0 0 0 0 0 0 0 0
 4 4 4 4 4 4 4 4 3 3 3 2 2 2 3 3 2 2 2 2 2 1 1 1 1 1 0 0 0 0 0 0 0 0 0 0 0 0 0 0 0 0 0 0 0 0
 6 6 6 5 5 3 5 5 4 4 3 2 2 2 2 2 2 2 1 1 1 1 1 1 1 1 0 0 0 0 0 0 0 0 0 0 0 0 0 0 0 0 0 0 0 0
 7 7 6 3 3 5 6 6 10 10 4 2 2 2 2 2 2 2 1 1 1 1 1 1 1 1 0 0 0 0 0 0 0 0 0 0 0 0 0 0 0 0 0 0 0 0
 7 7 6 3 3 5 6 6 10 10 4 2 2 2 2 2 2 2 1 1 1 1 1 1 1 1 0 0 0 0 0 0 0 0 0 0 0 0 0 0 0 0 0 0 0 0
 7 7 5 4 4 6 12 12 14 14 13 6 6 3 2 2 2 2 2 3 3 3 1 1 1 1 0 0 0 0 0 0 0 0 0 0 0 0 0 0 0 0 0 0 0 0
 7 7 5 4 4 6 12 12 14 14 13 6 6 3 2 2 2 2 2 3 3 3 1 1 1 1 0 0 0 0 0 0 0 0 0 0 0 0 0 0 0 0 0 0 0 0
 9 9 9 11 11 10 16 16 11 11 13 10 10 4 4 4 2 2 2 3 3 2 1 1 1 1 0 0 0 0 0 0 0 0 0 0 0 0 0 0 0 0 0 0 0 0
 9 9 9 9 9 12 13 13 10 10 12 9 9 5 5 5 3 3 1 1 1 1 1 1 0 0 0 0 0 0 0 0 0 0 0 0 0 0 0 0 0 0 0 0 0 0
 9 9 9 9 9 12 13 13 10 10 12 9 9 5 5 5 3 3 1 1 1 1 1 1 0 0 0 0 0 0 0 0 0 0 0 0 0 0 0 0 0 0 0 0 0 0
 12 12 17 21 21 14 17 17 13 13 7 5 5 3 3 3 2 2 1 1 1 1 1 1 1 1 1 0 0 0 0 0 0 0 0 0 0 0 0 0 0 0 0 0 0 0
 17 17 23 27 27 20 13 13 12 12 9 10 10 5 6 6 3 3 2 2 2 1 1 1 1 1 1 0 0 0 0 0 0 0 0 0 0 0 0 0 0 0 0 0 0 0
 17 17 23 27 27 20 13 13 12 12 9 10 10 5 6 6 3 3 2 2 2 1 1 1 1 1 1 0 0 0 0 0 0 0 0 0 0 0 0 0 0 0 0 0 0 0
 20 20 18 40 40 40 45 45 20 20 14 12 12 11 6 6 6 6 4 3 3 1 1 1 1 1 1 1 1 1 0 0 0 0 0 0 0 0 0 0 0 0 0 0 0 0
 20 20 18 40 40 40 45 45 20 20 14 12 12 11 6 6 6 6 4 3 3 1 1 1 1 1 1 1 1 1 0 0 0 0 0 0 0 0 0 0 0 0 0 0 0 0
 27 27 27 51 51 50 20 20 19 19 14 12 12 11 12 12 9 9 5 3 3 8 1 1 1 1 1 1 1 1 0 0 0 0 0 0 0 0 0 0 0 0 0 0 0 0
 30 30 33 33 33 25 14 14 16 16 13 7 7 16 20 20 9 9 9 10 10 9 1 1 1 1 1 1 1 1 0 0 0 0 0 0 0 0 0 0 0 0 0 0 0 1
 30 30 33 33 33 25 14 14 16 16 13 7 7 16 20 20 9 9 9 10 10 9 1 1 1 1 1 1 1 1 0 0 0 0 0 0 0 0 0 0 0 0 0 0 0 1
 21 21 23 26 26 26 14 14 18 18 16 16 16 5 6 6 9 9 8 7 7 5 2 2 3 3 2 1 1 1 1 1 0 0 0 0 0 0 0 0 1 1 1 0 0 0
 15 15 14 18 18 17 17 17 18 18 14 11 11 7 3 3 4 4 4 8 8 7 3 3 3 3 3 3 3 3 1 1 0 0 0 0 0 0 0 0 0 0 0 0 0 0
 15 15 14 18 18 17 17 17 18 18 14 11 11 7 3 3 4 4 4 8 8 7 3 3 3 3 3 3 3 3 1 1 0 0 0 0 0 0 0 0 0 0 0 0 0 0
 17 17 12 10 10 13 14 14 14 14 10 6 6 4 9 9 4 4 3 4 4 4 3 3 3 3 3 5 5 2 1 1 0 0 0 0 0 0 0 0 0 0 0 0 0 0
 17 17 12 10 10 13 14 14 14 14 10 6 6 4 9 9 4 4 3 4 4 4 3 3 3 3 3 5 5 2 1 1 0 0 0 0 0 0 0 0 0 0 0 0 0 0
 17 17 12 9 9 10 9 9 9 9 8 8 8 12 9 9 6 6 4 4 4 3 3 3 3 3 2 2 2 1 0 0 0 0 0 0 0 0 0 0 0 0 0 0 0 0
 14 14 13 8 8 6 8 8 8 8 11 10 10 9 6 6 5 5 4 3 3 6 5 5 2 2 2 2 2 0 0 0 0 0 0 0 0 0 0 0 0 0 0 0 0 0
 14 14 13 8 8 6 8 8 8 8 11 10 10 9 6 6 5 5 4 3 3 6 5 5 2 2 2 2 2 0 0 0 0 0 0 0 0 0 0 0 0 0 0 0 0 0
 5 5 12 9 9 6 5 5 6 6 10 9 9 7 7 7 4 4 5 4 4 3 3 3 3 3 4 1 1 1 0 0 0 0 0 0 0 0 0 0 0 0 0 0 0 2
 5 5 6 10 10 8 7 7 8 8 10 6 6 6 5 5 10 10 9 4 4 7 3 3 3 3 4 3 3 1 0 0 0 0 0 0 0 0 0 0 0 0 1 3 3 7
 5 5 6 10 10 8 7 7 8 8 10 6 6 6 5 5 10 10 9 4 4 7 3 3 3 3 4 3 3 1 0 0 0 0 0 0 0 0 0 0 0 0 1 3 3 7
 4 4 5 8 8 7 8 8 9 9 19 13 13 15 8 8 12 12 7 2 2 2 2 2 2 2 3 3 3 1 1 1 1 1 1 1 1 1 1 1 1 1 2 4 4 2
 4 4 5 8 8 7 8 8 9 9 19 13 13 15 8 8 12 12 7 2 2 2 2 2 2 2 3 3 3 1 1 1 1 1 1 1 1 1 1 1 1 1 2 4 4 2
 4 4 5 5 5 4 5 5 9 9 19 20 20 22 18 18 13 13 12 4 4 1 2 2 4 4 5 3 3 1 2 2 2 2 2 2 2 3 1 1 1 1 3 2 2 1
 4 4 4 4 4 4 4 4 6 6 7 16 16 17 30 30 41 41 20 4 4 3 4 4 4 4 6 6 6 2 3 3 4 4 3 4 4 4 3 3 3 3 2 2 2 2
 4 4 4 4 4 4 4 4 6 6 7 16 16 17 30 30 41 41 20 4 4 3 4 4 4 4 6 6 6 2 3 3 4 4 3 4 4 4 3 3 3 3 2 2 2 2
 5 5 4 4 4 4 3 3 3 3 3 3 3 8 32 32 40 40 39 14 14 4 6 6 7 7 10 8 8 6 2 2 2 2 2 4 4 5 4 4 3 3 2 3 3 8
 5 5 5 4 4 5 3 3 3 3 2 2 2 4 5 5 9 9 15 15 15 4 5 5 6 6 13 8 8 7 2 2 2 2 3 4 4 4 3 3 2 2 2 3 3 5
 5 5 5 4 4 5 3 3 3 3 2 2 2 4 5 5 9 9 15 15 15 4 5 5 6 6 13 8 8 7 2 2 2 2 3 4 4 4 3 3 2 2 2 3 3 5
 4 4 5 4 4 5 5 5 3 3 2 2 2 3 3 3 3 3 4 4 4 3 5 5 5 5 12 7 7 8 4 4 4 4 5 4 4 4 2 2 2 2 3 4 4 5
 4 4 5 4 4 5 5 5 3 3 2 2 2 3 3 3 3 3 4 4 4 3 5 5 5 5 12 7 7 8 4 4 4 4 5 4 4 4 2 2 2 2 3 4 4 5
 4 4 5 6 6 7 6 6 5 5 4 6 6 5 2 2 2 2 3 4 4 5 6 6 14 14 17 15 15 10 10 10 4 4 5 6 6 3 2 2 2 2 1 1 1 1
 6 6 8 8 8 8 11 11 8 8 7 7 7 7 6 6 6 6 6 6 6 9 12 12 16 16 14 16 16 10 11 11 4 4 5 5 5 3 1 1 1 1 1 0 0 0
 6 6 8 8 8 8 11 11 8 8 7 7 7 7 6 6 6 6 6 6 6 9 12 12 16 16 14 16 16 10 11 11 4 4 5 5 5 3 1 1 1 1 1 0 0 0
 8 8 10 11 11 10 13 13 13 13 12 10 10 10 10 10 9 9 11 7 7 13 11 11 19 19 14 12 12 5 5 5 4 4 5 4 4 4 2 2 1 1 1 0 0 1
 10 10 9 10 10 9 9 9 8 8 9 9 9 11 14 14 12 12 15 14 14 23 26 26 15 15 14 8 8 5 4 4 3 3 4 4 4 2 2 2 1 1 1 1 1 1
 10 10 9 10 10 9 9 9 8 8 9 9 9 11 14 14 12 12 15 14 14 23 26 26 15 15 14 8 8 5 4 4 3 3 4 4 4 2 2 2 1 1 1 1 1 1
 9 9 10 11 11 10 10 10 11 11 12 11 11 10 12 12 12 12 13 13 13 14 13 13 15 15 14 9 9 6 5 5 4 4 3 2 2 3 3 3 2 2 2 1 1 1
 9 9 10 11 11 10 10 10 11 11 12 11 11 10 12 12 12 12 13 13 13 14 13 13 15 15 14 9 9 6 5 5 4 4 3 2 2 3 3 3 2 2 2 1 1 1
 13 13 13 12 12 10 9 9 10 10 11 10 10 11 12 12 13 13 13 14 14 16 13 13 11 11 9 8 8 7 5 5 4 4 3 2 2 3 4 4 4 4 1 0 0 0
 12 12 10 10 10 11 10 10 9 9 11 11 11 14 16 16 15 15 15 19 19 19 6 6 6 6 12 9 9 7 4 4 4 4 2 3 3 2 5 5 4 4 1 1 1 0
 12 12 10 10 10 11 10 10 9 9 11 11 11 14 16 16 15 15 15 19 19 19 6 6 6 6 12 9 9 7 4 4 4 4 2 3 3 2 5 5 4 4 1 1 1 0
 7 7 6 7 7 10 11 11 9 9 10 10 10 14 15 15 16 16 15 17 17 15 6 6 8 8 11 9 9 10 5 5 4 4 3 3 3 3 4 4 3 3 1 1 1 0
 5 5 5 7 7 7 8 8 7 7 7 7 7 9 10 10 10 10 10 9 9 9 9 9 5 5 2 3 3 7 6 6 5 5 5 5 5 5 3 3 3 3 2 1 1 1
 5 5 5 7 7 7 8 8 7 7 7 7 7 9 10 10 10 10 10 9 9 9 9 9 5 5 2 3 3 7 6 6 5 5 5 5 5 5 3 3 3 3 2 1 1 1
 4 4 5 6 6 7 6 6 4 4 5 4 4 4 5 5 4 4 4 4 4 7 6 6 6 6 0 1 1 5 3 3 2 2 4 4 4 5 5 5 4 4 4 2 2 2
 4 4 5 6 6 7 6 6 4 4 5 4 4 4 5 5 4 4 4 4 4 7 6 6 6 6 0 1 1 5 3 3 2 2 4 4 4 5 5 5 4 4 4 2 2 2
 3 3 4 4 4 4 3 3 2 2 2 2 2 2 3 3 3 3 5 8 8 8 7 7 1 1 1 1 1 2 2 2 3 3 4 5 5 5 5 5 7 7 7 4 4 1
 2 2 2 2 2 2 2 2 1 1 1 1 1 1 1 1 2 2 5 8 8 7 8 8 1 1 1 1 1 1 1 1 5 5 4 3 3 5 4 4 8 8 8 4 4 2
 2 2 2 2 2 2 2 2 1 1 1 1 1 1 1 1 2 2 5 8 8 7 8 8 1 1 1 1 1 1 1 1 5 5 4 3 3 5 4 4 8 8 8 4 4 2
 1 1 1 2 2 2 2 2 1 1 1 1 1 1 1 1 2 2 6 8 8 8 5 5 1 1 1 1 1 1 1 1 4 4 4 4 4 4 3 3 7 7 7 5 5 3
 1 1 2 5 5 5 2 2 1 1 1 1 1 1 1 1 1 1 2 2 2 2 5 5 1 1 1 1 1 1 1 1 2 2 2 2 2 3 4 4 6 6 8 7 7 5
 1 1 2 5 5 5 2 2 1 1 1 1 1 1 1 1 1 1 2 2 2 2 5 5 1 1 1 1 1 1 1 1 2 2 2 2 2 3 4 4 6 6 8 7 7 5
 0 0 1 1 1 2 2 2 1 1 1 1 1 1 1 1 1 1 2 2 2 2 1 1 1 1 2 2 2 2 2 2 1 1 2 3 3 5 4 4 6 6 9 7 7 8
 0 0 1 1 1 2 2 2 1 1 1 1 1 1 1 1 1 1 2 2 2 2 1 1 1 1 2 2 2 2 2 2 1 1 2 3 3 5 4 4 6 6 9 7 7 8
 1 1 1 1 1 1 1 1 1 1 2 2 2 2 2 2 3 3 3 3 3 3 1 1 1 1 1 1 1 1 2 2 0 0 1 1 1 3 4 4 3 3 5 6 6 6
 1 1 1 2 2 2 2 2 3 3 4 5 5 9 9 9 10 10 9 7 7 4 5 5 1 1 2 2 2 3 2 2 12 12 1 1 1 1 3 3 3 3 3 5 5 5
 1 1 1 2 2 2 2 2 3 3 4 5 5 9 9 9 10 10 9 7 7 4 5 5 1 1 2 2 2 3 2 2 12 12 1 1 1 1 3 3 3 3 3 5 5 5
 2 2 3 2 2 5 5 5 7 7 10 8 8 8 11 11 12 12 31 29 29 13 11 11 11 11 6 9 9 5 5 5 14 14 12 13 13 13 7 7 7 7 4 2 2 3
 7 7 5 4 4 6 7 7 8 8 17 22 22 23 29 29 49 49 74 25 25 13 32 32 36 36 29 21 21 6 5 5 50 50 51 97 97 16 7 7 7 7 3 3 3 3
