assets/RAT_results/precipitation/2023-06-17_IMERG.asc
ncols        46
nrows        77
xllcorner    74.800261325624
yllcorner    8.058333333333
cellsize     0.062500000000
NODATA_value -9999
 17 17 13 13 13 17 10 10 1 1 0 0 0 0 0 0 1 1 1 1 1 1 0 0 1 1 1 0 0 0 0 0 0 0 0 0 0 0 0 0 0 0 0 1 1 2
 14 14 14 19 19 12 5 5 2 2 2 1 1 0 0 0 1 1 1 1 1 1 1 1 3 3 3 1 1 0 0 0 0 0 0 0 0 0 0 0 1 1 1 0 0 1
 14 14 14 19 19 12 5 5 2 2 2 1 1 0 0 0 1 1 1 1 1 1 1 1 3 3 3 1 1 0 0 0 0 0 0 0 0 0 0 0 1 1 1 0 0 1
 22 22 23 22 22 7 2 2 2 2 1 0 0 0 0 0 1 1 1 0 0 0 1 1 2 2 3 2 2 1 1 1 1 1 0 0 0 0 0 0 1 1 2 1 1 0
 8 8 14 13 13 6 3 3 3 3 3 0 0 1 3 3 2 2 2 1 1 0 0 0 0 0 0 0 0 0 0 0 1 1 1 0 0 0 0 0 0 0 0 0 0 0
 8 8 14 13 13 6 3 3 3 3 3 0 0 1 3 3 2 2 2 1 1 0 0 0 0 0 0 0 0 0 0 0 1 1 1 0 0 0 0 0 0 0 0 0 0 0
 8 8 9 14 14 11 5 5 3 3 2 1 1 1 1 1 2 2 3 1 1 0 1 1 1 1 1 1 1 1 0 0 1 1 1 0 0 0 0 0 0 0 0 1 1 1
 8 8 9 14 14 11 5 5 3 3 2 1 1 1 1 1 2 2 3 1 1 0 1 1 1 1 1 1 1 1 0 0 1 1 1 0 0 0 0 0 0 0 0 1 1 1
 5 5 12 13 13 9 4 4 4 4 3 1 1 1 3 3 3 3 2 1 1 1 1 1 1 1 1 1 1 1 0 0 0 0 0 0 0 0 0 0 0 0 0 1 1 1
 5 5 13 12 12 20 12 12 15 15 8 2 2 1 1 1 1 1 1 1 1 0 0 0 0 0 0 0 0 0 0 0 0 0 0 0 0 0 0 0 0 0 0 0 0 0
 5 5 13 12 12 20 12 12 15 15 8 2 2 1 1 1 1 1 1 1 1 0 0 0 0 0 0 0 0 0 0 0 0 0 0 0 0 0 0 0 0 0 0 0 0 0
 3 3 3 6 6 23 19 19 13 13 10 7 7 1 1 1 0 0 0 0 0 0 0 0 0 0 0 1 1 1 0 0 0 0 0 0 0 0 0 0 0 0 0 0 0 0
 6 6 4 7 7 12 15 15 12 12 8 4 4 2 1 1 1 1 0 0 0 0 0 0 0 0 0 1 1 1 0 0 0 0 0 0 0 0 0 0 0 0 0 0 0 0
 6 6 4 7 7 12 15 15 12 12 8 4 4 2 1 1 1 1 0 0 0 0 0 0 0 0 0 1 1 1 0 0 0 0 0 0 0 0 0 0 0 0 0 0 0 0
 3 3 6 11 11 9 18 18 16 16 12 8 8 3 1 1 0 0 0 0 0 0 0 0 0 0 0 0 0 0 0 0 0 0 0 0 0 0 0 0 0 0 0 0 0 0
 3 3 6 11 11 9 18 18 16 16 12 8 8 3 1 1 0 0 0 0 0 0 0 0 0 0 0 0 0 0 0 0 0 0 0 0 0 0 0 0 0 0 0 0 0 0
 3 3 6 8 8 9 14 14 19 19 14 11 11 13 11 11 1 1 0 0 0 0 0 0 0 0 0 0 0 0 0 0 0 0 0 0 0 0 0 0 0 0 0 0 0 0
 6 6 11 9 9 11 16 16 22 22 19 10 10 13 11 11 3 3 0 0 0 0 0 0 0 0 0 0 0 0 0 0 0 0 0 0 0 0 0 0 0 0 0 0 0 0
 6 6 11 9 9 11 16 16 22 22 19 10 10 13 11 11 3 3 0 0 0 0 0 0 0 0 0 0 0 0 0 0 0 0 0 0 0 0 0 0 0 0 0 0 0 0
 6 6 8 8 8 6 9 9 16 16 10 9 9 15 12 12 2 2 0 0 0 0 0 0 0 0 0 0 0 0 0 0 0 0 0 0 0 0 0 0 0 0 0 0 0 0
 4 4 5 5 5 5 6 6 9 9 8 10 10 7 4 4 1 1 0 0 0 0 0 0 0 0 0 0 0 0 0 0 0 0 0 0 0 0 0 0 0 0 0 0 0 0
 4 4 5 5 5 5 6 6 9 9 8 10 10 7 4 4 1 1 0 0 0 0 0 0 0 0 0 0 0 0 0 0 0 0 0 0 0 0 0 0 0 0 0 0 0 0
 4 4 6 5 5 5 4 4 6 6 8 6 6 4 2 2 1 1 0 0 0 0 0 0 0 0 0 0 0 0 0 0 0 0 0 0 0 0 0 0 0 0 0 0 0 0
 4 4 6 5 5 5 4 4 6 6 8 6 6 4 2 2 1 1 0 0 0 0 0 0 0 0 0 0 0 0 0 0 0 0 0 0 0 0 0 0 0 0 0 0 0 0
 7 7 9 8 8 2 3 3 7 7 9 6 6 2 0 0 0 0 0 0 0 0 0 0 0 0 0 0 0 0 0 0 0 0 0 0 0 0 0 0 0 0 0 0 0 0
 5 5 9 8 8 2 3 3 5 5 8 7 7 3 0 0 0 0 0 0 0 0 0 0 0 0 0 0 0 0 0 0 0 0 0 0 0 0 0 0 0 0 0 0 0 0
 5 5 9 8 8 2 3 3 5 5 8 7 7 3 0 0 0 0 0 0 0 0 0 0 0 0 0 0 0 0 0 0 0 0 0 0 0 0 0 0 0 0 0 0 0 0
 5 5 5 4 4 2 1 1 1 1 2 3 3 2 1 1 1 1 1 1 1 1 1 1 1 1 0 0 0 0 0 0 0 0 0 0 0 0 0 0 0 0 0 0 0 0
 3 3 3 2 2 1 1 1 1 1 1 2 2 3 5 5 2 2 2 2 2 3 4 4 5 5 2 1 1 0 0 0 0 0 0 0 0 0 0 0 0 0 0 0 0 0
 3 3 3 2 2 1 1 1 1 1 1 2 2 3 5 5 2 2 2 2 2 3 4 4 5 5 2 1 1 0 0 0 0 0 0 0 0 0 0 0 0 0 0 0 0 0
 4 4 3 3 3 0 1 1 1 1 1 1 1 2 5 5 2 2 2 1 1 4 12 12 17 17 9 2 2 0 0 0 0 0 0 0 0 0 0 0 0 0 0 0 0 0
 4 4 3 3 3 0 1 1 1 1 1 1 1 2 5 5 2 2 2 1 1 4 12 12 17 17 9 2 2 0 0 0 0 0 0 0 0 0 0 0 0 0 0 0 0 0
 3 3 3 3 3 1 1 1 2 2 1 1 1 3 2 2 9 9 7 2 2 3 12 12 10 10 7 3 3 0 0 0 0 0 0 0 0 0 0 0 0 0 0 0 0 0
 3 3 5 4 4 2 3 3 3 3 1 1 1 1 2 2 8 8 6 1 1 1 2 2 1 1 1 1 1 0 0 0 0 0 0 0 0 0 0 0 0 0 0 0 0 0
 3 3 5 4 4 2 3 3 3 3 1 1 1 1 2 2 8 8 6 1 1 1 2 2 1 1 1 1 1 0 0 0 0 0 0 0 0 0 0 0 0 0 0 0 0 0
 1 1 2 2 2 2 2 2 2 2 2 2 2 3 5 5 6 6 2 1 1 0 0 0 0 0 0 0 0 0 0 0 0 0 0 0 0 0 0 0 0 0 0 0 0 0
 0 0 0 0 0 0 1 1 1 1 1 2 2 4 5 5 5 5 4 2 2 1 0 0 0 0 0 0 0 0 0 0 0 0 0 0 0 0 0 0 0 0 0 0 0 0
 0 0 0 0 0 0 1 1 1 1 1 2 2 4 5 5 5 5 4 2 2 1 0 0 0 0 0 0 0 0 0 0 0 0 0 0 0 0 0 0 0 0 0 0 0 0
 0 0 0 0 0 0 0 0 0 0 0 0 0 2 3 3 4 4 6 2 2 2 1 1 0 0 0 0 0 0 0 0 0 0 0 0 0 0 0 0 0 0 0 0 0 0
 0 0 0 0 0 0 0 0 0 0 0 0 0 2 3 3 4 4 6 2 2 2 1 1 0 0 0 0 0 0 0 0 0 0 0 0 0 0 0 0 0 0 0 0 0 0
 0 0 0 0 0 0 0 0 0 0 0 1 1 1 2 2 3 3 2 4 4 6 5 5 2 2 3 5 5 1 0 0 0 0 0 0 0 1 0 0 0 0 0 0 0 0
 0 0 0 0 0 0 0 0 1 1 1 1 1 1 1 1 2 2 2 3 3 4 6 6 4 4 5 6 6 2 1 1 1 1 0 0 0 1 0 0 0 0 0 0 0 2
 0 0 0 0 0 0 0 0 1 1 1 1 1 1 1 1 2 2 2 3 3 4 6 6 4 4 5 6 6 2 1 1 1 1 0 0 0 1 0 0 0 0 0 0 0 2
 0 0 0 0 0 0 0 0 0 0 1 1 1 1 2 2 2 2 2 3 3 2 3 3 7 7 7 4 4 4 2 2 1 1 0 0 0 0 0 0 0 0 0 0 0 1
 1 1 0 0 0 1 0 0 1 1 1 1 1 1 1 1 2 2 2 2 2 3 5 5 7 7 10 7 7 4 8 8 4 4 2 1 1 0 0 0 0 0 0 0 0 0
 1 1 0 0 0 1 0 0 1 1 1 1 1 1 1 1 2 2 2 2 2 3 5 5 7 7 10 7 7 4 8 8 4 4 2 1 1 0 0 0 0 0 0 0 0 0
 0 0 1 0 0 0 0 0 1 1 1 1 1 1 1 1 2 2 2 3 3 4 13 13 8 8 20 18 18 11 11 11 5 5 2 0 0 0 0 0 0 0 0 0 0 0
 0 0 1 0 0 0 0 0 1 1 1 1 1 1 1 1 2 2 2 3 3 4 13 13 8 8 20 18 18 11 11 11 5 5 2 0 0 0 0 0 0 0 0 0 0 0
 0 0 0 0 0 0 0 0 1 1 1 1 1 1 1 1 2 2 2 3 3 7 8 8 22 22 23 16 16 20 17 17 8 8 6 0 0 0 0 0 1 1 0 0 0 0
 0 0 0 0 0 0 1 1 1 1 2 2 2 2 2 2 3 3 4 3 3 8 4 4 20 20 17 18 18 15 14 14 5 5 6 0 0 0 0 0 0 0 0 0 0 0
 0 0 0 0 0 0 1 1 1 1 2 2 2 2 2 2 3 3 4 3 3 8 4 4 20 20 17 18 18 15 14 14 5 5 6 0 0 0 0 0 0 0 0 0 0 0
 0 0 0 0 0 0 0 0 1 1 1 2 2 3 4 4 6 6 7 6 6 10 13 13 29 29 20 13 13 30 16 16 1 1 0 0 0 0 0 0 0 0 0 0 0 1
 0 0 0 0 0 0 0 0 0 0 1 2 2 3 3 3 5 5 6 6 6 8 9 9 17 17 14 31 31 30 15 15 4 4 1 0 0 2 2 2 0 0 0 1 1 2
 0 0 0 0 0 0 0 0 0 0 1 2 2 3 3 3 5 5 6 6 6 8 9 9 17 17 14 31 31 30 15 15 4 4 1 0 0 2 2 2 0 0 0 1 1 2
 0 0 0 0 0 0 0 0 0 0 0 1 1 1 2 2 3 3 5 6 6 6 6 6 7 7 7 6 6 8 8 8 8 8 4 13 13 3 3 3 5 5 0 0 0 1
 0 0 0 0 0 0 0 0 0 0 0 1 1 1 2 2 3 3 5 6 6 6 6 6 7 7 7 6 6 8 8 8 8 8 4 13 13 3 3 3 5 5 0 0 0 1
 0 0 0 0 0 0 0 0 0 0 0 1 1 1 3 3 4 4 5 7 7 9 8 8 13 13 12 7 7 5 9 9 12 12 23 14 14 14 10 10 4 4 0 0 0 0
 0 0 0 0 0 0 0 0 0 0 1 2 2 3 4 4 6 6 8 12 12 35 13 13 13 13 15 9 9 9 9 9 12 12 14 29 29 22 19 19 3 3 0 0 0 0
 0 0 0 0 0 0 0 0 0 0 1 2 2 3 4 4 6 6 8 12 12 35 13 13 13 13 15 9 9 9 9 9 12 12 14 29 29 22 19 19 3 3 0 0 0 0
 0 0 0 0 0 0 0 0 1 1 2 3 3 4 6 6 8 8 11 13 13 33 33 33 37 37 35 34 34 10 6 6 12 12 11 18 18 14 15 15 3 3 1 1 1 0
 0 0 0 0 0 1 1 1 2 2 3 4 4 5 7 7 14 14 14 13 13 14 35 35 30 30 26 37 37 15 10 10 4 4 3 14 14 13 4 4 2 2 1 1 1 1
 0 0 0 0 0 1 1 1 2 2 3 4 4 5 7 7 14 14 14 13 13 14 35 35 30 30 26 37 37 15 10 10 4 4 3 14 14 13 4 4 2 2 1 1 1 1
 0 0 0 0 0 1 2 2 4 4 4 5 5 6 8 8 12 12 14 15 15 18 31 31 33 33 41 24 24 12 9 9 7 7 5 13 13 12 2 2 1 1 2 2 2 1
 0 0 0 0 0 1 2 2 4 4 4 5 5 6 8 8 12 12 14 15 15 18 31 31 33 33 41 24 24 12 9 9 7 7 5 13 13 12 2 2 1 1 2 2 2 1
 0 0 0 0 0 0 1 1 2 2 3 4 4 6 6 6 8 8 10 14 14 20 20 20 36 36 32 19 19 14 15 15 5 5 3 2 2 1 3 3 0 0 0 0 0 0
 0 0 0 0 0 0 0 0 1 1 1 2 2 3 4 4 6 6 8 10 10 18 13 13 11 11 10 9 9 11 14 14 13 13 11 2 2 1 2 2 0 0 0 0 0 0
 0 0 0 0 0 0 0 0 1 1 1 2 2 3 4 4 6 6 8 10 10 18 13 13 11 11 10 9 9 11 14 14 13 13 11 2 2 1 2 2 0 0 0 0 0 0
 0 0 0 0 0 0 0 0 1 1 1 1 1 2 3 3 4 4 5 8 8 10 12 12 15 15 16 13 13 11 10 10 8 8 5 2 2 4 3 3 0 0 0 0 0 1
 0 0 0 0 0 0 1 1 1 1 1 1 1 2 3 3 3 3 4 5 5 7 9 9 12 12 11 13 13 17 16 16 15 15 9 4 4 2 1 1 0 0 0 1 1 1
 0 0 0 0 0 0 1 1 1 1 1 1 1 2 3 3 3 3 4 5 5 7 9 9 12 12 11 13 13 17 16 16 15 15 9 4 4 2 1 1 0 0 0 1 1 1
 0 0 0 0 0 0 1 1 1 1 1 1 1 1 2 2 3 3 3 4 4 6 9 9 16 16 11 15 15 18 20 20 17 17 16 7 7 3 3 3 1 1 0 0 0 0
 0 0 0 0 0 0 1 1 1 1 1 1 1 1 2 2 3 3 3 4 4 6 9 9 16 16 11 15 15 18 20 20 17 17 16 7 7 3 3 3 1 1 0 0 0 0
 0 0 0 0 0 0 0 0 0 0 0 0 0 1 1 1 3 3 4 4 4 5 8 8 12 12 9 12 12 14 12 12 10 10 17 7 7 3 2 2 1 1 0 0 0 0
 0 0 0 0 0 0 0 0 0 0 0 1 1 1 2 2 4 4 4 5 5 6 6 6 7 7 8 11 11 8 5 5 4 4 6 4 4 1 0 0 0 0 0 0 0 0
 0 0 0 0 0 0 0 0 0 0 0 1 1 1 2 2 4 4 4 5 5 6 6 6 7 7 8 11 11 8 5 5 4 4 6 4 4 1 0 0 0 0 0 0 0 0
 0 0 0 0 0 0 0 0 0 0 0 1 1 1 2 2 2 2 2 4 4 5 5 5 4 4 5 5 5 6 5 5 3 3 2 1 1 1 1 1 0 0 0 0 0 0
 0 0 0 0 0 0 0 0 0 0 0 1 1 1 2 2 2 2 2 3 3 4 4 4 3 3 4 5 5 9 12 12 6 6 3 1 1 1 2 2 0 0 4 0 0 0
