assets/RAT_results/precipitation/2023-12-04_IMERG.asc
ncols        46
nrows        77
xllcorner    74.800261325624
yllcorner    8.058333333333
cellsize     0.062500000000
NODATA_value -9999
 3 3 4 9 9 6 6 6 7 7 10 18 18 34 37 37 30 30 22 21 21 22 10 10 9 9 11 13 13 17 15 15 10 10 12 13 13 13 16 16 15 15 14 17 17 17
 2 2 2 5 5 5 3 3 3 3 8 10 10 18 25 25 26 26 27 26 26 25 13 13 9 9 9 12 12 14 15 15 13 13 13 17 17 17 17 17 22 22 21 18 18 17
 2 2 2 5 5 5 3 3 3 3 8 10 10 18 25 25 26 26 27 26 26 25 13 13 9 9 9 12 12 14 15 15 13 13 13 17 17 17 17 17 22 22 21 18 18 17
 2 2 2 2 2 2 1 1 2 2 4 6 6 10 16 16 19 19 15 15 15 22 17 17 10 10 11 9 9 7 8 8 11 11 12 13 13 16 21 21 26 26 22 18 18 24
 1 1 2 1 1 1 1 1 1 1 2 3 3 8 12 12 11 11 12 10 10 11 10 10 11 11 24 21 21 8 6 6 7 7 10 11 11 16 21 21 20 20 16 16 16 21
 1 1 2 1 1 1 1 1 1 1 2 3 3 8 12 12 11 11 12 10 10 11 10 10 11 11 24 21 21 8 6 6 7 7 10 11 11 16 21 21 20 20 16 16 16 21
 1 1 1 2 2 1 1 1 1 1 1 2 2 5 7 7 10 10 16 12 12 10 12 12 14 14 20 26 26 14 9 9 8 8 10 14 14 15 15 15 13 13 12 12 12 19
 1 1 1 2 2 1 1 1 1 1 1 2 2 5 7 7 10 10 16 12 12 10 12 12 14 14 20 26 26 14 9 9 8 8 10 14 14 15 15 15 13 13 12 12 12 19
 2 2 2 3 3 2 2 2 2 2 2 3 3 3 6 6 11 11 16 13 13 12 14 14 16 16 21 19 19 13 10 10 9 9 9 13 13 10 8 8 9 9 11 11 11 20
 2 2 2 7 7 4 4 4 4 4 5 5 5 4 5 5 9 9 14 13 13 14 15 15 17 17 19 16 16 13 14 14 18 18 11 11 11 10 7 7 9 9 15 13 13 15
 2 2 2 7 7 4 4 4 4 4 5 5 5 4 5 5 9 9 14 13 13 14 15 15 17 17 19 16 16 13 14 14 18 18 11 11 11 10 7 7 9 9 15 13 13 15
 1 1 1 2 2 3 6 6 7 7 8 10 10 8 8 8 10 10 15 15 15 17 16 16 14 14 18 16 16 14 16 16 26 26 15 13 13 11 9 9 10 10 11 10 10 12
 1 1 1 1 1 3 5 5 9 9 8 10 10 10 9 9 9 9 11 11 11 13 13 13 14 14 18 17 17 17 18 18 24 24 16 15 15 14 11 11 10 10 11 14 14 17
 1 1 1 1 1 3 5 5 9 9 8 10 10 10 9 9 9 9 11 11 11 13 13 13 14 14 18 17 17 17 18 18 24 24 16 15 15 14 11 11 10 10 11 14 14 17
 1 1 2 5 5 3 3 3 4 4 4 4 4 4 4 4 4 4 6 7 7 6 9 9 13 13 19 16 16 15 15 15 16 16 14 15 15 15 15 15 14 14 14 15 15 15
 1 1 2 5 5 3 3 3 4 4 4 4 4 4 4 4 4 4 6 7 7 6 9 9 13 13 19 16 16 15 15 15 16 16 14 15 15 15 15 15 14 14 14 15 15 15
 2 2 3 11 11 7 2 2 2 2 2 2 2 2 2 2 4 4 7 13 13 7 8 8 14 14 21 13 13 11 11 11 14 14 13 13 13 13 13 13 13 13 11 11 11 11
 1 1 1 3 3 2 1 1 1 1 1 2 2 2 3 3 6 6 6 6 6 6 7 7 10 10 12 12 12 13 14 14 16 16 15 13 13 13 12 12 12 12 12 11 11 12
 1 1 1 3 3 2 1 1 1 1 1 2 2 2 3 3 6 6 6 6 6 6 7 7 10 10 12 12 12 13 14 14 16 16 15 13 13 13 12 12 12 12 12 11 11 12
 1 1 1 1 1 1 0 0 0 0 1 1 1 2 3 3 5 5 6 6 6 8 9 9 10 10 12 14 14 16 17 17 16 16 13 11 11 11 11 11 10 10 10 11 11 11
 3 3 2 2 2 2 1 1 0 0 1 1 1 2 3 3 6 6 10 12 12 13 11 11 11 11 12 13 13 15 17 17 15 15 12 9 9 9 9 9 10 10 12 12 12 11
 3 3 2 2 2 2 1 1 0 0 1 1 1 2 3 3 6 6 10 12 12 13 11 11 11 11 12 13 13 15 17 17 15 15 12 9 9 9 9 9 10 10 12 12 12 11
 2 2 2 2 2 4 2 2 1 1 1 2 2 6 7 7 8 8 10 17 17 16 12 12 13 13 10 9 9 9 12 12 18 18 18 11 11 11 12 12 13 13 12 12 12 13
 2 2 2 2 2 4 2 2 1 1 1 2 2 6 7 7 8 8 10 17 17 16 12 12 13 13 10 9 9 9 12 12 18 18 18 11 11 11 12 12 13 13 12 12 12 13
 1 1 1 1 1 3 2 2 1 1 2 3 3 5 9 9 13 13 15 20 20 18 17 17 13 13 9 10 10 9 12 12 20 20 21 12 12 12 12 12 16 16 14 14 14 17
 1 1 1 1 1 1 2 2 1 1 3 4 4 4 8 8 15 15 12 13 13 16 20 20 19 19 12 10 10 12 13 13 12 12 13 11 11 15 17 17 20 20 15 15 15 18
 1 1 1 1 1 1 2 2 1 1 3 4 4 4 8 8 15 15 12 13 13 16 20 20 19 19 12 10 10 12 13 13 12 12 13 11 11 15 17 17 20 20 15 15 15 18
 4 4 2 1 1 1 2 2 2 2 3 3 3 3 5 5 13 13 19 14 14 18 15 15 14 14 12 10 10 10 13 13 8 8 8 12 12 15 15 15 17 17 18 18 18 18
 2 2 1 1 1 1 2 2 4 4 5 4 4 5 6 6 12 12 14 10 10 9 7 7 6 6 8 7 7 7 8 8 7 7 10 13 13 16 18 18 15 15 16 17 17 17
 2 2 1 1 1 1 2 2 4 4 5 4 4 5 6 6 12 12 14 10 10 9 7 7 6 6 8 7 7 7 8 8 7 7 10 13 13 16 18 18 15 15 16 17 17 17
 3 3 3 2 2 2 3 3 6 6 5 4 4 6 7 7 8 8 10 10 10 6 6 6 6 6 6 5 5 7 12 12 10 10 11 12 12 16 14 14 13 13 11 12 12 15
 3 3 3 2 2 2 3 3 6 6 5 4 4 6 7 7 8 8 10 10 10 6 6 6 6 6 6 5 5 7 12 12 10 10 11 12 12 16 14 14 13 13 11 12 12 15
 2 2 4 3 3 3 4 4 4 4 4 5 5 9 9 9 7 7 6 7 7 5 6 6 4 4 4 4 4 7 8 8 6 6 7 8 8 10 11 11 12 12 10 9 9 13
 1 1 1 1 1 2 4 4 3 3 3 4 4 5 3 3 2 2 3 3 3 3 4 4 4 4 5 4 4 4 4 4 4 4 5 6 6 8 9 9 10 10 10 10 10 12
 1 1 1 1 1 2 4 4 3 3 3 4 4 5 3 3 2 2 3 3 3 3 4 4 4 4 5 4 4 4 4 4 4 4 5 6 6 8 9 9 10 10 10 10 10 12
 0 0 0 1 1 1 1 1 2 2 3 2 2 1 1 1 1 1 1 1 1 3 6 6 9 9 8 5 5 4 4 4 5 5 6 8 8 7 8 8 8 8 8 8 8 10
 0 0 0 0 0 1 1 1 2 2 2 1 1 1 1 1 1 1 1 1 1 2 4 4 8 8 10 6 6 7 10 10 9 9 7 7 7 7 9 9 9 9 7 7 7 10
 0 0 0 0 0 1 1 1 2 2 2 1 1 1 1 1 1 1 1 1 1 2 4 4 8 8 10 6 6 7 10 10 9 9 7 7 7 7 9 9 9 9 7 7 7 10
 0 0 0 1 1 2 2 2 2 2 1 1 1 1 1 1 1 1 1 1 1 1 3 3 7 7 10 7 7 9 11 11 8 8 6 7 7 8 9 9 9 9 8 8 8 8
 0 0 0 1 1 2 2 2 2 2 1 1 1 1 1 1 1 1 1 1 1 1 3 3 7 7 10 7 7 9 11 11 8 8 6 7 7 8 9 9 9 9 8 8 8 8
 0 0 0 1 1 1 1 1 2 2 1 1 1 1 1 1 0 0 1 1 1 1 3 3 2 2 3 3 3 5 5 5 5 5 5 7 7 8 8 8 8 8 7 8 8 11
 0 0 0 0 0 0 0 0 1 1 2 2 2 3 2 2 1 1 1 1 1 1 1 1 1 1 1 1 1 2 2 2 3 3 4 5 5 7 7 7 7 7 7 9 9 13
 0 0 0 0 0 0 0 0 1 1 2 2 2 3 2 2 1 1 1 1 1 1 1 1 1 1 1 1 1 2 2 2 3 3 4 5 5 7 7 7 7 7 7 9 9 13
 0 0 0 0 0 0 0 0 1 1 2 1 1 1 2 2 2 2 1 1 1 1 0 0 0 0 0 1 1 1 2 2 2 2 3 4 4 5 6 6 6 6 7 8 8 8
 0 0 0 0 0 0 0 0 1 1 1 1 1 1 1 1 1 1 0 0 0 1 1 1 0 0 0 1 1 2 2 2 2 2 2 3 3 3 5 5 5 5 5 6 6 5
 0 0 0 0 0 0 0 0 1 1 1 1 1 1 1 1 1 1 0 0 0 1 1 1 0 0 0 1 1 2 2 2 2 2 2 3 3 3 5 5 5 5 5 6 6 5
 0 0 0 0 0 0 0 0 0 0 1 1 1 0 0 0 1 1 1 1 1 0 1 1 0 0 0 1 1 2 1 1 2 2 2 4 4 5 7 7 6 6 6 6 6 5
 0 0 0 0 0 0 0 0 0 0 1 1 1 0 0 0 1 1 1 1 1 0 1 1 0 0 0 1 1 2 1 1 2 2 2 4 4 5 7 7 6 6 6 6 6 5
 0 0 0 0 0 0 0 0 0 0 0 0 0 0 0 0 1 1 1 1 1 0 0 0 0 0 0 0 0 1 1 1 1 1 2 3 3 4 4 4 6 6 7 7 7 5
 0 0 0 0 0 0 0 0 0 0 0 0 0 0 0 0 1 1 1 1 1 0 0 0 1 1 1 0 0 0 0 0 1 1 1 3 3 3 4 4 8 8 8 7 7 6
 0 0 0 0 0 0 0 0 0 0 0 0 0 0 0 0 1 1 1 1 1 0 0 0 1 1 1 0 0 0 0 0 1 1 1 3 3 3 4 4 8 8 8 7 7 6
 0 0 0 0 0 0 0 0 0 0 0 0 0 0 0 0 0 0 0 0 0 0 1 1 2 2 2 1 1 0 0 0 0 0 1 4 4 4 4 4 3 3 4 5 5 6
 0 0 0 0 0 0 1 1 0 0 1 1 1 1 0 0 0 0 0 0 0 0 0 0 1 1 1 0 0 0 0 0 1 1 1 3 3 5 3 3 2 2 3 5 5 6
 0 0 0 0 0 0 1 1 0 0 1 1 1 1 0 0 0 0 0 0 0 0 0 0 1 1 1 0 0 0 0 0 1 1 1 3 3 5 3 3 2 2 3 5 5 6
 0 0 0 0 0 1 1 1 1 1 6 4 4 3 1 1 0 0 0 0 0 0 0 0 0 0 0 0 0 0 0 0 1 1 2 4 4 2 1 1 2 2 3 6 6 7
 0 0 0 0 0 1 1 1 1 1 6 4 4 3 1 1 0 0 0 0 0 0 0 0 0 0 0 0 0 0 0 0 1 1 2 4 4 2 1 1 2 2 3 6 6 7
 0 0 0 0 0 0 1 1 1 1 1 4 4 8 5 5 2 2 0 0 0 0 0 0 0 0 0 0 0 0 0 0 2 2 3 2 2 1 1 1 3 3 6 12 12 16
 1 1 0 0 0 0 0 0 1 1 1 5 5 3 2 2 2 2 2 0 0 0 0 0 0 0 0 0 0 0 1 1 3 3 1 1 1 1 3 3 6 6 12 26 26 28
 1 1 0 0 0 0 0 0 1 1 1 5 5 3 2 2 2 2 2 0 0 0 0 0 0 0 0 0 0 0 1 1 3 3 1 1 1 1 3 3 6 6 12 26 26 28
 1 1 0 0 0 0 0 0 1 1 1 5 5 5 2 2 1 1 0 1 1 0 0 0 0 0 0 0 0 1 3 3 4 4 3 3 3 4 7 7 10 10 18 29 29 28
 0 0 0 1 1 1 1 1 1 1 2 4 4 4 1 1 1 1 0 0 0 0 1 1 0 0 0 1 1 2 4 4 8 8 10 12 12 9 11 11 11 11 11 14 14 14
 0 0 0 1 1 1 1 1 1 1 2 4 4 4 1 1 1 1 0 0 0 0 1 1 0 0 0 1 1 2 4 4 8 8 10 12 12 9 11 11 11 11 11 14 14 14
 1 1 1 2 2 2 2 2 2 2 3 5 5 4 1 1 1 1 1 1 1 1 1 1 1 1 1 4 4 8 11 11 14 14 16 16 16 10 8 8 8 8 7 5 5 5
 1 1 1 2 2 2 2 2 2 2 3 5 5 4 1 1 1 1 1 1 1 1 1 1 1 1 1 4 4 8 11 11 14 14 16 16 16 10 8 8 8 8 7 5 5 5
 2 2 3 3 3 4 3 3 3 3 5 4 4 6 3 3 1 1 1 1 1 1 1 1 2 2 3 6 6 13 12 12 11 11 9 8 8 8 6 6 4 4 4 3 3 2
 3 3 3 7 7 6 4 4 6 6 7 8 8 12 8 8 2 2 1 1 1 1 2 2 3 3 4 5 5 8 6 6 5 5 5 5 5 6 5 5 4 4 2 4 4 2
 3 3 3 7 7 6 4 4 6 6 7 8 8 12 8 8 2 2 1 1 1 1 2 2 3 3 4 5 5 8 6 6 5 5 5 5 5 6 5 5 4 4 2 4 4 2
 9 9 10 10 10 11 5 5 5 5 7 7 7 9 8 8 4 4 2 2 2 1 2 2 3 3 3 3 3 2 2 2 2 2 5 9 9 9 10 10 4 4 4 5 5 5
 7 7 6 3 3 4 3 3 4 4 5 5 5 6 5 5 3 3 3 3 3 3 2 2 1 1 1 1 1 1 1 1 4 4 10 20 20 17 18 18 12 12 7 12 12 7
 7 7 6 3 3 4 3 3 4 4 5 5 5 6 5 5 3 3 3 3 3 3 2 2 1 1 1 1 1 1 1 1 4 4 10 20 20 17 18 18 12 12 7 12 12 7
 6 6 3 8 8 11 4 4 3 3 6 10 10 6 5 5 4 4 4 4 4 5 2 2 1 1 1 1 1 1 2 2 5 5 11 23 23 15 23 23 19 19 18 13 13 19
 6 6 3 8 8 11 4 4 3 3 6 10 10 6 5 5 4 4 4 4 4 5 2 2 1 1 1 1 1 1 2 2 5 5 11 23 23 15 23 23 19 19 18 13 13 19
 8 8 4 3 3 5 3 3 4 4 7 10 10 4 3 3 6 6 9 12 12 12 3 3 1 1 1 2 2 2 2 2 3 3 5 16 16 17 19 19 20 20 33 14 14 10
 7 7 7 3 3 5 5 5 3 3 5 4 4 3 5 5 7 7 10 15 15 17 6 6 4 4 4 4 4 4 2 2 1 1 1 3 3 5 9 9 13 13 15 11 11 5
 7 7 7 3 3 5 5 5 3 3 5 4 4 3 5 5 7 7 10 15 15 17 6 6 4 4 4 4 4 4 2 2 1 1 1 3 3 5 9 9 13 13 15 11 11 5
 8 8 7 6 6 3 4 4 3 3 4 4 4 3 5 5 7 7 8 10 10 11 7 7 7 7 7 7 7 6 4 4 2 2 1 2 2 3 4 4 7 7 4 1 1 0
 11 11 8 1 1 1 2 2 2 2 3 5 5 8 7 7 10 10 10 8 8 8 7 7 8 8 10 10 10 8 5 5 3 3 1 0 0 0 1 1 4 4 0 0 0 0
