assets/RAT_results/precipitation/2023-07-10_IMERG.asc
ncols        46
nrows        77
xllcorner    74.800261325624
yllcorner    8.058333333333
cellsize     0.062500000000
NODATA_value -9999
 14 14 12 11 11 11 6 6 5 5 7 5 5 3 3 3 2 2 2 2 2 2 3 3 3 3 4 3 3 3 3 3 5 5 5 8 8 9 11 11 11 11 11 10 10 10
 18 18 20 16 16 17 7 7 6 6 7 7 7 5 4 4 3 3 2 1 1 1 1 1 2 2 3 3 3 3 4 4 6 6 8 10 10 11 15 15 21 21 17 17 17 17
 18 18 20 16 16 17 7 7 6 6 7 7 7 5 4 4 3 3 2 1 1 1 1 1 2 2 3 3 3 3 4 4 6 6 8 10 10 11 15 15 21 21 17 17 17 17
 24 24 18 13 13 15 14 14 7 7 8 6 6 5 4 4 2 2 2 1 1 1 2 2 2 2 2 3 3 3 4 4 5 5 8 10 10 13 13 13 19 19 23 16 16 17
 12 12 15 10 10 15 8 8 8 8 8 5 5 4 3 3 3 3 3 2 2 2 2 2 2 2 1 2 2 2 3 3 4 4 7 8 8 10 11 11 20 20 19 22 22 18
 12 12 15 10 10 15 8 8 8 8 8 5 5 4 3 3 3 3 3 2 2 2 2 2 2 2 1 2 2 2 3 3 4 4 7 8 8 10 11 11 20 20 19 22 22 18
 5 5 4 8 8 14 9 9 6 6 6 4 4 4 3 3 2 2 2 1 1 1 1 1 0 0 1 1 1 1 3 3 4 4 5 6 6 9 10 10 18 18 14 18 18 23
 5 5 4 8 8 14 9 9 6 6 6 4 4 4 3 3 2 2 2 1 1 1 1 1 0 0 1 1 1 1 3 3 4 4 5 6 6 9 10 10 18 18 14 18 18 23
 4 4 4 6 6 6 5 5 4 4 3 5 5 1 1 1 0 0 0 0 0 0 0 0 1 1 1 1 1 2 3 3 3 3 4 6 6 8 10 10 16 16 15 17 17 21
 3 3 2 2 2 2 1 1 2 2 0 0 0 0 0 0 0 0 0 0 0 0 0 0 1 1 1 1 1 2 3 3 4 4 4 6 6 8 10 10 11 11 15 15 15 17
 3 3 2 2 2 2 1 1 2 2 0 0 0 0 0 0 0 0 0 0 0 0 0 0 1 1 1 1 1 2 3 3 4 4 4 6 6 8 10 10 11 11 15 15 15 17
 2 2 2 1 1 1 0 0 0 0 0 0 0 0 0 0 0 0 1 0 0 1 1 1 1 1 1 1 1 2 2 2 3 3 4 6 6 6 11 11 11 11 15 12 12 14
 2 2 2 1 1 0 0 0 0 0 0 1 1 1 1 1 1 1 1 0 0 0 1 1 1 1 1 2 2 2 2 2 3 3 4 4 4 4 7 7 7 7 12 12 12 16
 2 2 2 1 1 0 0 0 0 0 0 1 1 1 1 1 1 1 1 0 0 0 1 1 1 1 1 2 2 2 2 2 3 3 4 4 4 4 7 7 7 7 12 12 12 16
 2 2 2 3 3 3 3 3 0 0 1 3 3 4 5 5 2 2 1 1 1 0 0 0 1 1 2 2 2 2 3 3 3 3 4 4 4 4 10 10 8 8 9 10 10 12
 2 2 2 3 3 3 3 3 0 0 1 3 3 4 5 5 2 2 1 1 1 0 0 0 1 1 2 2 2 2 3 3 3 3 4 4 4 4 10 10 8 8 9 10 10 12
 3 3 2 3 3 3 1 1 0 0 1 2 2 3 3 3 2 2 2 1 1 1 1 1 1 1 2 2 2 3 4 4 4 4 5 7 7 8 13 13 14 14 14 15 15 16
 2 2 1 1 1 1 1 1 1 1 0 1 1 1 1 1 1 1 1 1 1 2 2 2 2 2 3 4 4 4 6 6 8 8 10 14 14 15 20 20 21 21 23 16 16 21
 2 2 1 1 1 1 1 1 1 1 0 1 1 1 1 1 1 1 1 1 1 2 2 2 2 2 3 4 4 4 6 6 8 8 10 14 14 15 20 20 21 21 23 16 16 21
 3 3 2 1 1 1 1 1 1 1 1 1 1 1 1 1 1 1 1 1 1 2 3 3 5 5 6 8 8 8 11 11 12 12 15 17 17 19 26 26 31 31 32 32 32 31
 2 2 1 1 1 1 1 1 1 1 1 1 1 1 2 2 2 2 2 2 2 4 6 6 7 7 9 10 10 10 12 12 13 13 21 22 22 27 25 25 32 32 27 26 26 24
 2 2 1 1 1 1 1 1 1 1 1 1 1 1 2 2 2 2 2 2 2 4 6 6 7 7 9 10 10 10 12 12 13 13 21 22 22 27 25 25 32 32 27 26 26 24
 1 1 1 2 2 1 1 1 1 1 1 1 1 1 2 2 3 3 4 4 4 6 7 7 8 8 9 10 10 11 12 12 14 14 18 19 19 24 26 26 23 23 25 24 24 25
 1 1 1 2 2 1 1 1 1 1 1 1 1 1 2 2 3 3 4 4 4 6 7 7 8 8 9 10 10 11 12 12 14 14 18 19 19 24 26 26 23 23 25 24 24 25
 1 1 1 2 2 2 2 2 2 2 1 1 1 2 2 2 3 3 4 4 4 5 7 7 7 7 8 9 9 10 10 10 13 13 16 18 18 21 19 19 17 17 17 18 18 20
 2 2 1 1 1 2 2 2 2 2 2 1 1 1 1 1 2 2 3 3 3 4 5 5 6 6 7 7 7 9 9 9 10 10 13 15 15 15 15 15 16 16 16 14 14 16
 2 2 1 1 1 2 2 2 2 2 2 1 1 1 1 1 2 2 3 3 3 4 5 5 6 6 7 7 7 9 9 9 10 10 13 15 15 15 15 15 16 16 16 14 14 16
 2 2 2 1 1 2 3 3 6 6 6 2 2 1 1 1 1 1 2 1 1 1 2 2 3 3 4 4 4 6 7 7 9 9 11 13 13 13 13 13 13 13 13 11 11 13
 3 3 3 3 3 5 5 5 6 6 7 2 2 1 1 1 1 1 1 3 3 3 3 3 1 1 1 2 2 3 4 4 6 6 7 9 9 10 10 10 10 10 10 9 9 10
 3 3 3 3 3 5 5 5 6 6 7 2 2 1 1 1 1 1 1 3 3 3 3 3 1 1 1 2 2 3 4 4 6 6 7 9 9 10 10 10 10 10 10 9 9 10
 8 8 8 5 5 4 3 3 3 3 3 3 3 3 3 3 2 2 1 2 2 1 1 1 2 2 2 3 3 3 4 4 6 6 7 8 8 9 9 9 11 11 11 10 10 12
 8 8 8 5 5 4 3 3 3 3 3 3 3 3 3 3 2 2 1 2 2 1 1 1 2 2 2 3 3 3 4 4 6 6 7 8 8 9 9 9 11 11 11 10 10 12
 6 6 6 3 3 3 3 3 2 2 3 3 3 3 3 3 1 1 1 2 2 2 2 2 3 3 4 4 4 5 7 7 8 8 8 10 10 11 12 12 14 14 16 12 12 14
 6 6 4 4 4 4 3 3 3 3 3 3 3 4 4 4 3 3 3 3 3 4 4 4 4 4 5 6 6 6 7 7 9 9 10 13 13 16 17 17 21 21 23 17 17 17
 6 6 4 4 4 4 3 3 3 3 3 3 3 4 4 4 3 3 3 3 3 4 4 4 4 4 5 6 6 6 7 7 9 9 10 13 13 16 17 17 21 21 23 17 17 17
 5 5 3 2 2 4 3 3 2 2 2 3 3 4 4 4 5 5 7 6 6 5 5 5 6 6 6 7 7 8 9 9 10 10 11 14 14 15 16 16 17 17 21 19 19 19
 2 2 2 1 1 2 3 3 3 3 2 2 2 3 4 4 3 3 4 5 5 5 6 6 12 12 14 9 9 8 10 10 12 12 14 14 14 15 17 17 20 20 21 22 22 20
 2 2 2 1 1 2 3 3 3 3 2 2 2 3 4 4 3 3 4 5 5 5 6 6 12 12 14 9 9 8 10 10 12 12 14 14 14 15 17 17 20 20 21 22 22 20
 2 2 3 3 3 4 7 7 7 7 3 2 2 3 3 3 4 4 4 5 5 5 13 13 11 11 15 17 17 12 14 14 16 16 16 17 17 17 19 19 21 21 26 26 26 32
 2 2 3 3 3 4 7 7 7 7 3 2 2 3 3 3 4 4 4 5 5 5 13 13 11 11 15 17 17 12 14 14 16 16 16 17 17 17 19 19 21 21 26 26 26 32
 4 4 4 8 8 10 13 13 11 11 5 3 3 3 4 4 5 5 5 6 6 7 8 8 10 10 19 18 18 14 19 19 20 20 19 20 20 22 24 24 34 34 40 44 44 56
 3 3 3 4 4 6 10 10 7 7 4 4 4 4 5 5 6 6 6 10 10 11 11 11 13 13 15 14 14 17 20 20 19 19 22 21 21 24 30 30 39 39 45 43 43 53
 3 3 3 4 4 6 10 10 7 7 4 4 4 4 5 5 6 6 6 10 10 11 11 11 13 13 15 14 14 17 20 20 19 19 22 21 21 24 30 30 39 39 45 43 43 53
 3 3 4 5 5 11 15 15 9 9 6 6 6 6 7 7 8 8 9 10 10 18 16 16 16 16 18 21 21 19 16 16 15 15 14 15 15 19 25 25 31 31 38 47 47 44
 4 4 4 6 6 8 10 10 9 9 9 10 10 10 10 10 10 10 10 10 10 11 19 19 20 20 19 16 16 20 16 16 12 12 14 12 12 13 22 22 27 27 27 40 40 37
 4 4 4 6 6 8 10 10 9 9 9 10 10 10 10 10 10 10 10 10 10 11 19 19 20 20 19 16 16 20 16 16 12 12 14 12 12 13 22 22 27 27 27 40 40 37
 4 4 4 5 5 7 8 8 11 11 9 10 10 10 10 10 9 9 9 9 9 9 8 8 14 14 24 27 27 18 13 13 11 11 12 10 10 11 17 17 16 16 18 23 23 27
 4 4 4 5 5 7 8 8 11 11 9 10 10 10 10 10 9 9 9 9 9 9 8 8 14 14 24 27 27 18 13 13 11 11 12 10 10 11 17 17 16 16 18 23 23 27
 3 3 3 3 3 3 4 4 6 6 7 5 5 6 6 6 5 5 6 8 8 7 7 7 11 11 16 14 14 12 11 11 10 10 10 10 10 11 15 15 16 16 18 12 12 12
 1 1 1 1 1 1 1 1 2 2 3 3 3 4 5 5 5 5 7 7 7 6 8 8 10 10 10 12 12 10 10 10 10 10 10 10 10 12 12 12 14 14 14 10 10 13
 1 1 1 1 1 1 1 1 2 2 3 3 3 4 5 5 5 5 7 7 7 6 8 8 10 10 10 12 12 10 10 10 10 10 10 10 10 12 12 12 14 14 14 10 10 13
 1 1 0 0 0 1 2 2 5 5 6 7 7 7 7 7 6 6 5 5 5 4 5 5 7 7 9 13 13 11 10 10 8 8 9 9 9 10 10 10 11 11 11 13 13 17
 0 0 0 1 1 2 5 5 8 8 12 10 10 9 8 8 6 6 5 4 4 3 5 5 6 6 7 11 11 9 7 7 7 7 8 8 8 10 11 11 12 12 15 21 21 25
 0 0 0 1 1 2 5 5 8 8 12 10 10 9 8 8 6 6 5 4 4 3 5 5 6 6 7 11 11 9 7 7 7 7 8 8 8 10 11 11 12 12 15 21 21 25
 0 0 0 1 1 2 5 5 6 6 8 7 7 5 5 5 4 4 3 3 3 3 3 3 5 5 5 7 7 8 9 9 10 10 11 12 12 15 16 16 17 17 18 24 24 25
 0 0 0 1 1 2 5 5 6 6 8 7 7 5 5 5 4 4 3 3 3 3 3 3 5 5 5 7 7 8 9 9 10 10 11 12 12 15 16 16 17 17 18 24 24 25
 0 0 0 1 1 2 6 6 7 7 6 4 4 3 3 3 3 3 3 3 3 3 3 3 5 5 5 7 7 9 10 10 12 12 13 14 14 17 20 20 20 20 18 15 15 14
 0 0 0 1 1 3 7 7 5 5 6 6 6 3 2 2 2 2 2 1 1 2 3 3 3 3 6 7 7 9 10 10 11 11 12 13 13 14 17 17 18 18 17 13 13 10
 0 0 0 1 1 3 7 7 5 5 6 6 6 3 2 2 2 2 2 1 1 2 3 3 3 3 6 7 7 9 10 10 11 11 12 13 13 14 17 17 18 18 17 13 13 10
 0 0 1 1 1 1 3 3 2 2 2 2 2 2 2 2 1 1 1 2 2 2 2 2 2 2 5 7 7 8 8 8 9 9 9 11 11 11 13 13 14 14 15 11 11 9
 0 0 0 0 0 1 5 5 3 3 2 2 2 2 1 1 1 1 1 2 2 2 2 2 3 3 3 5 5 7 9 9 8 8 6 7 7 7 7 7 8 8 8 5 5 4
 0 0 0 0 0 1 5 5 3 3 2 2 2 2 1 1 1 1 1 2 2 2 2 2 3 3 3 5 5 7 9 9 8 8 6 7 7 7 7 7 8 8 8 5 5 4
 0 0 0 0 0 0 1 1 1 1 0 1 1 1 1 1 0 0 0 1 1 1 2 2 2 2 2 2 2 2 6 6 5 5 4 4 4 3 2 2 1 1 2 1 1 1
 0 0 0 0 0 0 1 1 1 1 0 1 1 1 1 1 0 0 0 1 1 1 2 2 2 2 2 2 2 2 6 6 5 5 4 4 4 3 2 2 1 1 2 1 1 1
 0 0 0 0 0 0 0 0 0 0 0 0 0 0 1 1 2 2 0 1 1 1 1 1 1 1 0 1 1 2 3 3 3 3 2 3 3 2 1 1 0 0 0 0 0 0
 0 0 0 0 0 0 0 0 0 0 0 0 0 0 0 0 3 3 0 0 0 0 0 0 0 0 0 0 0 0 2 2 1 1 1 5 5 2 0 0 0 0 0 0 0 0
 0 0 0 0 0 0 0 0 0 0 0 0 0 0 0 0 3 3 0 0 0 0 0 0 0 0 0 0 0 0 2 2 1 1 1 5 5 2 0 0 0 0 0 0 0 0
 0 0 0 0 0 0 0 0 0 0 0 0 0 0 0 0 0 0 0 0 0 0 0 0 0 0 0 0 0 0 1 1 1 1 1 1 1 1 0 0 0 0 0 0 0 0
 1 1 0 0 0 0 0 0 0 0 0 0 0 0 0 0 0 0 0 1 1 0 0 0 0 0 0 1 1 0 0 0 1 1 1 1 1 0 0 0 0 0 0 0 0 0
 1 1 0 0 0 0 0 0 0 0 0 0 0 0 0 0 0 0 0 1 1 0 0 0 0 0 0 1 1 0 0 0 1 1 1 1 1 0 0 0 0 0 0 0 0 0
 0 0 0 0 0 0 0 0 0 0 0 0 0 0 0 0 0 0 0 0 0 1 3 3 4 4 3 4 4 1 0 0 0 0 0 1 1 1 0 0 0 0 1 1 1 1
 0 0 0 0 0 0 0 0 0 0 0 0 0 0 0 0 0 0 0 0 0 1 3 3 4 4 3 4 4 1 0 0 0 0 0 1 1 1 0 0 0 0 1 1 1 1
 0 0 0 0 0 0 0 0 0 0 0 1 1 1 0 0 0 0 0 2 2 8 16 16 16 16 7 4 4 1 0 0 0 0 0 0 0 0 0 0 0 0 1 2 2 2
 0 0 0 0 0 0 0 0 0 0 0 0 0 0 0 0 0 0 0 2 2 8 12 12 10 10 4 1 1 0 0 0 0 0 0 0 0 0 1 1 0 0 1 1 1 1
 0 0 0 0 0 0 0 0 0 0 0 0 0 0 0 0 0 0 0 2 2 8 12 12 10 10 4 1 1 0 0 0 0 0 0 0 0 0 1 1 0 0 1 1 1 1
 0 0 0 0 0 0 0 0 0 0 0 0 0 0 0 0 0 0 1 1 1 2 5 5 4 4 1 0 0 0 0 0 0 0 0 0 0 0 0 0 0 0 0 0 0 0
 0 0 0 0 0 0 0 0 0 0 0 0 0 0 0 0 1 1 1 1 1 1 1 1 1 1 1 0 0 0 0 0 0 0 0 0 0 0 0 0 0 0 0 0 0 0
