assets/RAT_results/precipitation/2023-10-28_IMERG.asc
ncols        46
nrows        77
xllcorner    74.800261325624
yllcorner    8.058333333333
cellsize     0.062500000000
NODATA_value -9999
 3 3 14 31 31 26 12 12 11 11 4 1 1 0 0 0 0 0 0 0 0 0 0 0 0 0 0 0 0 0 0 0 0 0 0 0 0 0 0 0 0 0 0 0 0 0
 1 1 3 13 13 7 7 7 6 6 3 1 1 0 0 0 0 0 0 0 0 0 0 0 0 0 0 0 0 0 0 0 0 0 0 0 0 0 0 0 0 0 0 0 0 0
 1 1 3 13 13 7 7 7 6 6 3 1 1 0 0 0 0 0 0 0 0 0 0 0 0 0 0 0 0 0 0 0 0 0 0 0 0 0 0 0 0 0 0 0 0 0
 0 0 0 15 15 1 2 2 2 2 1 1 1 0 0 0 0 0 0 0 0 0 0 0 0 0 0 0 0 0 0 0 0 0 0 0 0 0 0 0 0 0 0 0 0 0
 0 0 1 0 0 0 0 0 0 0 1 1 1 0 0 0 0 0 0 0 0 0 0 0 0 0 0 0 0 0 0 0 0 0 0 0 0 0 0 0 0 0 0 0 0 0
 0 0 1 0 0 0 0 0 0 0 1 1 1 0 0 0 0 0 0 0 0 0 0 0 0 0 0 0 0 0 0 0 0 0 0 0 0 0 0 0 0 0 0 0 0 0
 0 0 1 0 0 0 0 0 1 1 1 1 1 0 0 0 0 0 1 0 0 0 0 0 0 0 0 0 0 0 0 0 0 0 0 0 0 0 0 0 0 0 0 0 0 0
 0 0 1 0 0 0 0 0 1 1 1 1 1 0 0 0 0 0 1 0 0 0 0 0 0 0 0 0 0 0 0 0 0 0 0 0 0 0 0 0 0 0 0 0 0 0
 0 0 0 0 0 0 0 0 2 2 2 2 2 1 1 1 0 0 0 0 0 0 0 0 0 0 0 0 0 0 0 0 0 0 0 0 0 0 0 0 0 0 0 0 0 0
 0 0 0 0 0 0 0 0 1 1 2 2 2 2 1 1 0 0 0 0 0 0 0 0 0 0 0 0 0 0 0 0 0 0 0 0 0 0 0 0 0 0 0 0 0 0
 0 0 0 0 0 0 0 0 1 1 2 2 2 2 1 1 0 0 0 0 0 0 0 0 0 0 0 0 0 0 0 0 0 0 0 0 0 0 0 0 0 0 0 0 0 0
 0 0 0 0 0 0 0 0 1 1 2 1 1 2 1 1 0 0 0 0 0 0 0 0 0 0 0 0 0 0 0 0 0 0 0 0 0 0 0 0 0 0 0 0 0 0
 0 0 1 2 2 1 0 0 0 0 0 0 0 1 1 1 0 0 0 0 0 0 0 0 0 0 0 0 0 0 1 1 2 2 2 1 1 0 0 0 0 0 0 0 0 0
 0 0 1 2 2 1 0 0 0 0 0 0 0 1 1 1 0 0 0 0 0 0 0 0 0 0 0 0 0 0 1 1 2 2 2 1 1 0 0 0 0 0 0 0 0 0
 1 1 3 5 5 3 1 1 0 0 0 0 0 0 0 0 0 0 0 0 0 1 1 1 1 1 1 1 1 0 1 1 2 2 2 1 1 0 0 0 0 0 0 0 0 0
 1 1 3 5 5 3 1 1 0 0 0 0 0 0 0 0 0 0 0 0 0 1 1 1 1 1 1 1 1 0 1 1 2 2 2 1 1 0 0 0 0 0 0 0 0 0
 1 1 2 3 3 3 3 3 2 2 1 0 0 0 0 0 0 0 0 1 1 2 4 4 4 4 3 2 2 1 1 1 1 1 1 0 0 0 0 0 0 0 0 0 0 0
 1 1 1 2 2 4 8 8 10 10 9 2 2 1 1 1 0 0 0 1 1 5 8 8 8 8 5 4 4 3 2 2 1 1 0 0 0 0 2 2 0 0 0 0 0 0
 1 1 1 2 2 4 8 8 10 10 9 2 2 1 1 1 0 0 0 1 1 5 8 8 8 8 5 4 4 3 2 2 1 1 0 0 0 0 2 2 0 0 0 0 0 0
 6 6 11 14 14 12 14 14 15 15 8 4 4 2 1 1 0 0 0 2 2 6 11 11 10 10 8 7 7 6 4 4 3 3 1 0 0 0 0 0 0 0 0 0 0 0
 3 3 8 20 20 14 13 13 8 8 6 4 4 3 2 2 1 1 1 5 5 8 15 15 12 12 14 12 12 9 7 7 5 5 3 1 1 1 0 0 0 0 0 0 0 0
 3 3 8 20 20 14 13 13 8 8 6 4 4 3 2 2 1 1 1 5 5 8 15 15 12 12 14 12 12 9 7 7 5 5 3 1 1 1 0 0 0 0 0 0 0 0
 5 5 11 14 14 10 6 6 4 4 2 1 1 3 2 2 1 1 2 10 10 11 10 10 16 16 24 20 20 15 14 14 11 11 6 2 2 1 0 0 0 0 0 0 0 0
 5 5 11 14 14 10 6 6 4 4 2 1 1 3 2 2 1 1 2 10 10 11 10 10 16 16 24 20 20 15 14 14 11 11 6 2 2 1 0 0 0 0 0 0 0 0
 2 2 5 6 6 5 2 2 2 2 1 2 2 2 1 1 1 1 1 5 5 7 14 14 29 29 33 25 25 23 21 21 17 17 9 4 4 1 0 0 0 0 0 0 0 0
 1 1 3 4 4 2 1 1 2 2 1 1 1 1 0 0 0 0 0 1 1 7 24 24 32 32 30 22 22 21 19 19 17 17 8 3 3 1 0 0 0 0 0 0 0 0
 1 1 3 4 4 2 1 1 2 2 1 1 1 1 0 0 0 0 0 1 1 7 24 24 32 32 30 22 22 21 19 19 17 17 8 3 3 1 0 0 0 0 0 0 0 0
 0 0 1 3 3 2 1 1 7 7 4 1 1 4 0 0 0 0 0 1 1 6 21 21 27 27 22 16 16 13 11 11 10 10 5 2 2 1 0 0 0 0 0 0 0 0
 1 1 0 2 2 3 2 2 6 6 3 3 3 1 0 0 0 0 0 0 0 4 17 17 20 20 13 9 9 7 5 5 3 3 2 1 1 0 0 0 0 0 0 0 0 0
 1 1 0 2 2 3 2 2 6 6 3 3 3 1 0 0 0 0 0 0 0 4 17 17 20 20 13 9 9 7 5 5 3 3 2 1 1 0 0 0 0 0 0 0 0 0
 0 0 0 1 1 1 1 1 2 2 1 5 5 3 1 1 1 1 1 0 0 1 3 3 5 5 5 3 3 1 1 1 0 0 0 0 0 0 0 0 0 0 0 0 0 0
 0 0 0 1 1 1 1 1 2 2 1 5 5 3 1 1 1 1 1 0 0 1 3 3 5 5 5 3 3 1 1 1 0 0 0 0 0 0 0 0 0 0 0 0 0 0
 0 0 0 0 0 0 1 1 1 1 1 4 4 14 5 5 3 3 2 2 2 2 1 1 3 3 3 1 1 0 0 0 0 0 0 0 0 0 0 0 0 0 0 0 0 0
 1 1 0 0 0 0 2 2 0 0 1 3 3 8 5 5 3 3 3 3 3 3 1 1 2 2 3 1 1 0 0 0 0 0 0 0 0 0 0 0 0 0 0 0 0 0
 1 1 0 0 0 0 2 2 0 0 1 3 3 8 5 5 3 3 3 3 3 3 1 1 2 2 3 1 1 0 0 0 0 0 0 0 0 0 0 0 0 0 0 0 0 0
 4 4 2 0 0 2 2 2 1 1 1 2 2 5 2 2 5 5 2 1 1 1 1 1 0 0 1 0 0 0 0 0 0 0 0 0 0 0 0 0 0 0 0 0 0 0
 10 10 7 4 4 13 12 12 3 3 2 2 2 2 1 1 3 3 2 0 0 0 0 0 0 0 2 2 2 3 2 2 2 2 1 0 0 1 0 0 0 0 0 0 0 0
 10 10 7 4 4 13 12 12 3 3 2 2 2 2 1 1 3 3 2 0 0 0 0 0 0 0 2 2 2 3 2 2 2 2 1 0 0 1 0 0 0 0 0 0 0 0
 3 3 0 3 3 14 14 14 5 5 3 2 2 1 1 1 5 5 0 0 0 0 1 1 4 4 7 7 7 7 5 5 2 2 1 1 1 1 0 0 1 1 1 0 0 1
 3 3 0 3 3 14 14 14 5 5 3 2 2 1 1 1 5 5 0 0 0 0 1 1 4 4 7 7 7 7 5 5 2 2 1 1 1 1 0 0 1 1 1 0 0 1
 0 0 0 0 0 2 3 3 2 2 3 1 1 1 0 0 0 0 0 0 0 1 5 5 17 17 20 9 9 6 4 4 2 2 1 1 1 2 2 2 2 2 2 2 2 2
 0 0 0 0 0 0 0 0 0 0 1 1 1 1 1 1 0 0 0 1 1 3 4 4 7 7 6 3 3 3 3 3 2 2 4 5 5 6 5 5 5 5 4 5 5 3
 0 0 0 0 0 0 0 0 0 0 1 1 1 1 1 1 0 0 0 1 1 3 4 4 7 7 6 3 3 3 3 3 2 2 4 5 5 6 5 5 5 5 4 5 5 3
 0 0 0 0 0 0 0 0 0 0 0 1 1 5 3 3 1 1 0 0 0 1 1 1 1 1 1 3 3 4 4 4 5 5 11 10 10 9 8 8 8 8 8 7 7 4
 1 1 2 1 1 1 1 1 1 1 1 2 2 4 4 4 3 3 1 3 3 0 0 0 0 0 1 3 3 5 5 5 8 8 13 14 14 14 15 15 13 13 11 8 8 5
 1 1 2 1 1 1 1 1 1 1 1 2 2 4 4 4 3 3 1 3 3 0 0 0 0 0 1 3 3 5 5 5 8 8 13 14 14 14 15 15 13 13 11 8 8 5
 2 2 6 4 4 2 1 1 2 2 1 1 1 1 1 1 10 10 16 5 5 0 0 0 1 1 1 2 2 5 11 11 19 19 24 23 23 21 20 20 16 16 11 8 8 5
 2 2 6 4 4 2 1 1 2 2 1 1 1 1 1 1 10 10 16 5 5 0 0 0 1 1 1 2 2 5 11 11 19 19 24 23 23 21 20 20 16 16 11 8 8 5
 9 9 4 2 2 2 4 4 2 2 1 1 1 0 1 1 5 5 22 12 12 3 3 3 4 4 2 5 5 13 28 28 37 37 34 31 31 26 21 21 16 16 11 8 8 5
 8 8 3 1 1 2 7 7 2 2 1 2 2 2 3 3 9 9 11 11 11 8 6 6 5 5 5 14 14 28 48 48 55 55 46 34 34 26 21 21 17 17 12 9 9 6
 8 8 3 1 1 2 7 7 2 2 1 2 2 2 3 3 9 9 11 11 11 8 6 6 5 5 5 14 14 28 48 48 55 55 46 34 34 26 21 21 17 17 12 9 9 6
 8 8 6 2 2 5 11 11 3 3 6 6 6 7 7 7 20 20 10 7 7 5 4 4 6 6 11 30 30 45 57 57 59 59 50 36 36 27 22 22 17 17 13 10 10 7
 5 5 2 3 3 4 8 8 6 6 22 24 24 18 12 12 7 7 9 5 5 3 2 2 5 5 16 35 35 53 59 59 58 58 49 33 33 24 18 18 14 14 10 8 8 5
 5 5 2 3 3 4 8 8 6 6 22 24 24 18 12 12 7 7 9 5 5 3 2 2 5 5 16 35 35 53 59 59 58 58 49 33 33 24 18 18 14 14 10 8 8 5
 3 3 1 2 2 3 3 3 8 8 14 13 13 12 7 7 4 4 7 4 4 2 1 1 3 3 14 35 35 52 54 54 45 45 29 20 20 18 13 13 11 11 8 6 6 3
 3 3 1 2 2 3 3 3 8 8 14 13 13 12 7 7 4 4 7 4 4 2 1 1 3 3 14 35 35 52 54 54 45 45 29 20 20 18 13 13 11 11 8 6 6 3
 4 4 1 1 1 2 6 6 7 7 3 5 5 7 4 4 2 2 3 5 5 2 1 1 2 2 10 32 32 35 32 32 28 28 18 14 14 15 11 11 8 8 5 3 3 1
 1 1 1 0 0 2 2 2 2 2 1 3 3 4 2 2 1 1 3 4 4 3 2 2 3 3 8 23 23 26 22 22 18 18 14 12 12 11 8 8 5 5 3 1 1 1
 1 1 1 0 0 2 2 2 2 2 1 3 3 4 2 2 1 1 3 4 4 3 2 2 3 3 8 23 23 26 22 22 18 18 14 12 12 11 8 8 5 5 3 1 1 1
 0 0 0 0 0 1 0 0 0 0 0 1 1 1 1 1 1 1 2 1 1 3 2 2 10 10 10 14 14 12 12 12 12 12 13 14 14 11 7 7 3 3 1 0 0 0
 0 0 0 0 0 0 0 0 0 0 0 0 0 0 0 0 0 0 1 1 1 1 2 2 3 3 3 9 9 11 8 8 12 12 14 13 13 10 5 5 2 2 0 0 0 0
 0 0 0 0 0 0 0 0 0 0 0 0 0 0 0 0 0 0 1 1 1 1 2 2 3 3 3 9 9 11 8 8 12 12 14 13 13 10 5 5 2 2 0 0 0 0
 0 0 0 0 0 0 0 0 1 1 1 0 0 0 0 0 0 0 0 0 0 1 5 5 7 7 7 10 10 6 11 11 23 23 14 8 8 6 3 3 1 1 0 0 0 1
 0 0 0 0 0 0 0 0 1 1 1 0 0 0 0 0 0 0 0 0 0 1 5 5 7 7 7 10 10 6 11 11 23 23 14 8 8 6 3 3 1 1 0 0 0 1
 0 0 0 0 0 0 0 0 2 2 2 0 0 1 1 1 1 1 1 1 1 1 2 2 42 42 4 4 4 8 9 9 10 10 7 4 4 3 2 2 2 2 1 0 0 1
 0 0 0 0 0 0 0 0 1 1 1 0 0 2 2 2 4 4 2 2 2 1 1 1 40 40 1 2 2 6 6 6 4 4 5 6 6 3 8 8 5 5 2 1 1 2
 0 0 0 0 0 0 0 0 1 1 1 0 0 2 2 2 4 4 2 2 2 1 1 1 40 40 1 2 2 6 6 6 4 4 5 6 6 3 8 8 5 5 2 1 1 2
 0 0 0 1 1 2 1 1 0 0 0 0 0 1 1 1 3 3 1 1 1 3 1 1 1 1 1 1 1 2 4 4 4 4 4 10 10 11 18 18 8 8 2 1 1 1
 1 1 0 1 1 3 2 2 0 0 0 0 0 0 0 0 0 0 0 1 1 4 3 3 2 2 3 4 4 3 4 4 7 7 6 15 15 19 13 13 7 7 3 3 3 5
 1 1 0 1 1 3 2 2 0 0 0 0 0 0 0 0 0 0 0 1 1 4 3 3 2 2 3 4 4 3 4 4 7 7 6 15 15 19 13 13 7 7 3 3 3 5
 1 1 0 1 1 1 1 1 0 0 4 4 4 1 0 0 1 1 1 1 1 3 4 4 3 3 4 6 6 4 3 3 3 3 3 7 7 11 9 9 7 7 5 9 9 10
 1 1 0 1 1 1 1 1 0 0 4 4 4 1 0 0 1 1 1 1 1 3 4 4 3 3 4 6 6 4 3 3 3 3 3 7 7 11 9 9 7 7 5 9 9 10
 1 1 0 1 1 1 0 0 0 0 4 5 5 6 2 2 5 5 4 3 3 3 3 3 4 4 5 7 7 6 3 3 4 4 1 2 2 3 6 6 11 11 15 11 11 8
 0 0 0 0 0 0 1 1 3 3 1 1 1 5 5 5 10 10 8 3 3 2 4 4 12 12 16 4 4 2 2 2 2 2 1 2 2 2 8 8 19 19 24 26 26 22
 0 0 0 0 0 0 1 1 3 3 1 1 1 5 5 5 10 10 8 3 3 2 4 4 12 12 16 4 4 2 2 2 2 2 1 2 2 2 8 8 19 19 24 26 26 22
 0 0 0 1 1 1 1 1 6 6 2 1 1 2 4 4 8 8 7 7 7 1 4 4 12 12 10 4 4 2 1 1 1 1 0 1 1 1 8 8 17 17 24 17 17 15
 1 1 1 1 1 2 2 2 6 6 2 2 2 1 3 3 2 2 4 9 9 1 4 4 12 12 4 1 1 2 1 1 1 1 0 0 0 0 2 2 3 3 8 3 3 3
