assets/RAT_results/precipitation/2023-09-23_IMERG.asc
ncols        46
nrows        77
xllcorner    74.800261325624
yllcorner    8.058333333333
cellsize     0.062500000000
NODATA_value -9999
 24 24 26 21 21 21 15 15 11 11 6 4 4 2 1 1 2 2 1 0 0 0 1 1 1 1 1 1 1 1 1 1 1 1 2 2 2 5 7 7 11 11 21 27 27 22
 32 32 28 21 21 14 12 12 9 9 6 4 4 2 1 1 1 1 0 0 0 0 0 0 1 1 1 1 1 2 2 2 4 4 3 2 2 5 6 6 10 10 14 13 13 17
 32 32 28 21 21 14 12 12 9 9 6 4 4 2 1 1 1 1 0 0 0 0 0 0 1 1 1 1 1 2 2 2 4 4 3 2 2 5 6 6 10 10 14 13 13 17
 38 38 23 20 20 10 9 9 8 8 4 5 5 6 4 4 1 1 1 0 0 0 0 0 1 1 2 6 6 1 2 2 2 2 2 2 2 3 4 4 7 7 7 10 10 13
 44 44 25 23 23 17 8 8 4 4 2 5 5 8 8 8 5 5 3 1 1 0 1 1 2 2 2 6 6 5 5 5 2 2 2 2 2 3 4 4 7 7 6 5 5 7
 44 44 25 23 23 17 8 8 4 4 2 5 5 8 8 8 5 5 3 1 1 0 1 1 2 2 2 6 6 5 5 5 2 2 2 2 2 3 4 4 7 7 6 5 5 7
 53 53 36 36 36 28 24 24 16 16 9 4 4 4 5 5 4 4 5 2 2 1 2 2 4 4 4 13 13 8 6 6 3 3 3 3 3 3 4 4 6 6 4 3 3 8
 53 53 36 36 36 28 24 24 16 16 9 4 4 4 5 5 4 4 5 2 2 1 2 2 4 4 4 13 13 8 6 6 3 3 3 3 3 3 4 4 6 6 4 3 3 8
 56 56 48 43 43 33 28 28 20 20 12 10 10 9 4 4 2 2 4 3 3 1 2 2 3 3 5 16 16 11 8 8 7 7 8 5 5 4 6 6 6 6 6 5 5 9
 45 45 37 34 34 38 32 32 18 18 18 15 15 8 1 1 1 1 2 2 2 3 4 4 5 5 12 14 14 8 3 3 5 5 8 5 5 4 4 4 6 6 4 8 8 13
 45 45 37 34 34 38 32 32 18 18 18 15 15 8 1 1 1 1 2 2 2 3 4 4 5 5 12 14 14 8 3 3 5 5 8 5 5 4 4 4 6 6 4 8 8 13
 36 36 26 25 25 41 23 23 12 12 9 5 5 3 3 3 2 2 2 3 3 4 4 4 4 4 6 13 13 7 4 4 6 6 8 10 10 7 9 9 9 9 8 14 14 13
 28 28 18 12 12 25 23 23 12 12 8 5 5 3 3 3 3 3 2 3 3 4 5 5 5 5 8 8 8 6 7 7 9 9 16 18 18 17 22 22 30 30 19 26 26 29
 28 28 18 12 12 25 23 23 12 12 8 5 5 3 3 3 3 3 2 3 3 4 5 5 5 5 8 8 8 6 7 7 9 9 16 18 18 17 22 22 30 30 19 26 26 29
 33 33 33 12 12 13 16 16 9 9 8 5 5 4 4 4 4 4 5 4 4 5 5 5 7 7 11 8 8 7 8 8 9 9 15 18 18 35 37 37 41 41 46 31 31 43
 33 33 33 12 12 13 16 16 9 9 8 5 5 4 4 4 4 4 5 4 4 5 5 5 7 7 11 8 8 7 8 8 9 9 15 18 18 35 37 37 41 41 46 31 31 43
 50 50 50 11 11 13 12 12 13 13 8 5 5 4 4 4 4 4 7 5 5 6 6 6 8 8 12 9 9 8 7 7 6 6 11 11 11 36 42 42 48 48 54 38 38 34
 79 79 59 21 21 28 14 14 11 11 7 6 6 5 6 6 5 5 6 5 5 6 9 9 13 13 11 8 8 7 7 7 6 6 6 9 9 15 28 28 48 48 38 21 21 18
 79 79 59 21 21 28 14 14 11 11 7 6 6 5 6 6 5 5 6 5 5 6 9 9 13 13 11 8 8 7 7 7 6 6 6 9 9 15 28 28 48 48 38 21 21 18
 86 86 70 70 70 39 26 26 16 16 14 6 6 8 10 10 5 5 4 5 5 8 13 13 14 14 9 7 7 6 7 7 6 6 5 7 7 7 12 12 13 13 14 11 11 15
 60 60 69 63 63 34 22 22 12 12 13 7 7 11 7 7 4 4 4 7 7 12 12 12 9 9 7 6 6 6 8 8 6 6 5 5 5 5 9 9 9 9 5 5 5 6
 60 60 69 63 63 34 22 22 12 12 13 7 7 11 7 7 4 4 4 7 7 12 12 12 9 9 7 6 6 6 8 8 6 6 5 5 5 5 9 9 9 9 5 5 5 6
 60 60 62 69 69 65 56 56 43 43 8 8 8 11 10 10 6 6 5 15 15 12 7 7 5 5 5 6 6 10 12 12 8 8 5 6 6 6 4 4 4 4 3 3 3 3
 60 60 62 69 69 65 56 56 43 43 8 8 8 11 10 10 6 6 5 15 15 12 7 7 5 5 5 6 6 10 12 12 8 8 5 6 6 6 4 4 4 4 3 3 3 3
 48 48 48 48 48 49 47 47 46 46 9 7 7 10 11 11 13 13 15 17 17 10 4 4 4 4 4 3 3 4 5 5 4 4 3 3 3 5 3 3 3 3 2 2 2 2
 23 23 22 49 49 49 47 47 23 23 20 13 13 14 26 26 21 21 26 14 14 9 7 7 2 2 2 2 2 2 3 3 3 3 3 3 3 2 2 2 2 2 2 1 1 1
 23 23 22 49 49 49 47 47 23 23 20 13 13 14 26 26 21 21 26 14 14 9 7 7 2 2 2 2 2 2 3 3 3 3 3 3 3 2 2 2 2 2 2 1 1 1
 20 20 21 25 25 33 33 33 18 18 16 14 14 14 45 45 22 22 24 12 12 11 6 6 7 7 2 2 2 2 2 2 3 3 3 3 3 3 2 2 2 2 1 1 1 1
 12 12 12 13 13 12 30 30 17 17 15 15 15 17 16 16 17 17 16 11 11 7 7 7 6 6 5 2 2 2 4 4 5 5 4 4 4 3 2 2 2 2 3 2 2 2
 12 12 12 13 13 12 30 30 17 17 15 15 15 17 16 16 17 17 16 11 11 7 7 7 6 6 5 2 2 2 4 4 5 5 4 4 4 3 2 2 2 2 3 2 2 2
 12 12 13 16 16 17 16 16 16 16 14 15 15 12 14 14 28 28 16 13 13 11 9 9 8 8 6 6 6 5 7 7 8 8 6 4 4 4 3 3 3 3 5 5 5 4
 12 12 13 16 16 17 16 16 16 16 14 15 15 12 14 14 28 28 16 13 13 11 9 9 8 8 6 6 6 5 7 7 8 8 6 4 4 4 3 3 3 3 5 5 5 4
 14 14 17 21 21 21 18 18 18 18 15 16 16 15 16 16 31 31 23 20 20 17 20 20 12 12 8 8 8 4 6 6 8 8 7 5 5 5 5 5 4 4 5 4 4 3
 24 24 27 26 26 24 15 15 12 12 10 10 10 14 13 13 24 24 25 23 23 21 18 18 9 9 6 6 6 1 3 3 6 6 7 4 4 3 4 4 3 3 2 2 2 2
 24 24 27 26 26 24 15 15 12 12 10 10 10 14 13 13 24 24 25 23 23 21 18 18 9 9 6 6 6 1 3 3 6 6 7 4 4 3 4 4 3 3 2 2 2 2
 22 22 23 19 19 28 9 9 6 6 6 6 6 8 11 11 19 19 24 21 21 22 13 13 8 8 5 5 5 1 1 1 6 6 9 4 4 1 1 1 1 1 1 1 1 1
 13 13 20 24 24 19 8 8 6 6 6 6 6 8 9 9 10 10 11 15 15 12 7 7 5 5 4 4 4 3 1 1 2 2 2 1 1 0 0 0 1 1 1 0 0 1
 13 13 20 24 24 19 8 8 6 6 6 6 6 8 9 9 10 10 11 15 15 12 7 7 5 5 4 4 4 3 1 1 2 2 2 1 1 0 0 0 1 1 1 0 0 1
 7 7 17 9 9 9 7 7 9 9 7 9 9 10 12 12 10 10 12 10 10 11 8 8 5 5 4 4 4 4 4 4 1 1 4 3 3 1 0 0 1 1 1 1 1 1
 7 7 17 9 9 9 7 7 9 9 7 9 9 10 12 12 10 10 12 10 10 11 8 8 5 5 4 4 4 4 4 4 1 1 4 3 3 1 0 0 1 1 1 1 1 1
 5 5 6 4 4 6 10 10 11 11 58 70 70 18 21 21 14 14 16 12 12 11 12 12 9 9 10 14 14 14 12 12 5 5 3 3 3 2 1 1 1 1 1 1 1 1
 6 6 8 7 7 11 13 13 19 19 65 73 73 99 93 93 92 92 16 7 7 6 12 12 16 16 11 16 16 16 10 10 7 7 4 1 1 1 0 0 2 2 1 0 0 0
 6 6 8 7 7 11 13 13 19 19 65 73 73 99 93 93 92 92 16 7 7 6 12 12 16 16 11 16 16 16 10 10 7 7 4 1 1 1 0 0 2 2 1 0 0 0
 6 6 11 6 6 11 17 17 19 19 23 24 24 25 20 20 92 92 13 5 5 5 12 12 17 17 20 15 15 15 16 16 8 8 4 1 1 1 0 0 2 2 0 0 0 0
 10 10 10 8 8 8 13 13 13 13 14 18 18 32 25 25 14 14 11 7 7 18 24 24 23 23 18 15 15 14 7 7 5 5 5 0 0 0 1 1 0 0 0 0 0 2
 10 10 10 8 8 8 13 13 13 13 14 18 18 32 25 25 14 14 11 7 7 18 24 24 23 23 18 15 15 14 7 7 5 5 5 0 0 0 1 1 0 0 0 0 0 2
 6 6 5 6 6 7 9 9 8 8 8 12 12 22 15 15 8 8 7 7 7 11 21 21 22 22 16 15 15 14 13 13 13 13 8 1 1 2 3 3 2 2 3 3 3 4
 6 6 5 6 6 7 9 9 8 8 8 12 12 22 15 15 8 8 7 7 7 11 21 21 22 22 16 15 15 14 13 13 13 13 8 1 1 2 3 3 2 2 3 3 3 4
 14 14 8 7 7 6 7 7 9 9 6 7 7 9 8 8 9 9 6 8 8 11 12 12 15 15 13 13 13 11 11 11 22 22 14 2 2 4 5 5 3 3 4 3 3 5
 12 12 5 5 5 5 6 6 6 6 5 6 6 7 8 8 10 10 10 8 8 7 6 6 13 13 17 19 19 20 18 18 10 10 4 4 4 5 6 6 3 3 4 5 5 5
 12 12 5 5 5 5 6 6 6 6 5 6 6 7 8 8 10 10 10 8 8 7 6 6 13 13 17 19 19 20 18 18 10 10 4 4 4 5 6 6 3 3 4 5 5 5
 12 12 11 11 11 5 4 4 5 5 4 4 4 5 7 7 12 12 13 15 15 10 7 7 12 12 16 19 19 24 17 17 11 11 7 8 8 9 10 10 12 12 8 8 8 9
 13 13 11 6 6 6 4 4 4 4 2 2 2 3 10 10 15 15 17 19 19 12 5 5 11 11 13 16 16 18 16 16 15 15 11 12 12 13 14 14 15 15 10 9 9 8
 13 13 11 6 6 6 4 4 4 4 2 2 2 3 10 10 15 15 17 19 19 12 5 5 11 11 13 16 16 18 16 16 15 15 11 12 12 13 14 14 15 15 10 9 9 8
 9 9 8 6 6 6 4 4 3 3 3 3 3 5 16 16 19 19 14 13 13 8 6 6 9 9 14 15 15 16 19 19 16 16 15 11 11 10 11 11 13 13 12 7 7 7
 9 9 8 6 6 6 4 4 3 3 3 3 3 5 16 16 19 19 14 13 13 8 6 6 9 9 14 15 15 16 19 19 16 16 15 11 11 10 11 11 13 13 12 7 7 7
 11 11 11 8 8 9 6 6 4 4 5 3 3 5 15 15 25 25 14 8 8 9 4 4 8 8 7 13 13 14 17 17 6 6 7 7 7 4 7 7 11 11 8 4 4 7
 14 14 16 12 12 10 8 8 8 8 8 8 8 7 26 26 17 17 8 8 8 10 9 9 14 14 14 18 18 10 12 12 11 11 2 5 5 3 4 4 5 5 3 1 1 1
 14 14 16 12 12 10 8 8 8 8 8 8 8 7 26 26 17 17 8 8 8 10 9 9 14 14 14 18 18 10 12 12 11 11 2 5 5 3 4 4 5 5 3 1 1 1
 15 15 17 19 19 19 13 13 8 8 8 13 13 13 23 23 13 13 11 10 10 9 10 10 18 18 19 19 19 16 17 17 5 5 5 1 1 0 0 0 1 1 0 0 0 0
 16 16 15 16 16 14 15 15 24 24 23 23 23 11 14 14 27 27 31 24 24 24 22 22 23 23 20 21 21 7 3 3 3 3 5 0 0 0 0 0 0 0 0 0 0 0
 16 16 15 16 16 14 15 15 24 24 23 23 23 11 14 14 27 27 31 24 24 24 22 22 23 23 20 21 21 7 3 3 3 3 5 0 0 0 0 0 0 0 0 0 0 0
 10 10 9 12 12 20 21 21 26 26 23 23 23 37 37 37 23 23 30 23 23 17 21 21 11 11 8 15 15 7 5 5 4 4 3 7 7 1 0 0 0 0 0 0 0 0
 10 10 9 12 12 20 21 21 26 26 23 23 23 37 37 37 23 23 30 23 23 17 21 21 11 11 8 15 15 7 5 5 4 4 3 7 7 1 0 0 0 0 0 0 0 0
 9 9 9 8 8 12 13 13 18 18 26 24 24 37 30 30 31 31 38 39 39 22 19 19 11 11 9 5 5 2 3 3 3 3 1 2 2 0 1 1 0 0 0 0 0 0
 9 9 8 6 6 13 13 13 15 15 8 4 4 19 19 19 18 18 38 29 29 1 6 6 7 7 7 3 3 6 4 4 3 3 4 2 2 3 2 2 1 1 0 0 0 0
 9 9 8 6 6 13 13 13 15 15 8 4 4 19 19 19 18 18 38 29 29 1 6 6 7 7 7 3 3 6 4 4 3 3 4 2 2 3 2 2 1 1 0 0 0 0
 9 9 8 3 3 3 4 4 4 4 5 5 5 4 3 3 2 2 1 1 1 2 1 1 2 2 2 3 3 10 12 12 8 8 7 5 5 5 0 0 0 0 0 0 0 0
 4 4 4 3 3 3 3 3 2 2 3 4 4 4 4 4 2 2 1 1 1 2 2 2 1 1 3 3 3 6 7 7 12 12 13 10 10 9 1 1 0 0 0 0 0 0
 4 4 4 3 3 3 3 3 2 2 3 4 4 4 4 4 2 2 1 1 1 2 2 2 1 1 3 3 3 6 7 7 12 12 13 10 10 9 1 1 0 0 0 0 0 0
 3 3 2 2 2 2 2 2 3 3 3 4 4 4 3 3 1 1 1 1 1 1 1 1 1 1 1 2 2 4 8 8 6 6 10 13 13 10 2 2 1 1 0 0 0 0
 3 3 2 2 2 2 2 2 3 3 3 4 4 4 3 3 1 1 1 1 1 1 1 1 1 1 1 2 2 4 8 8 6 6 10 13 13 10 2 2 1 1 0 0 0 0
 3 3 2 2 2 1 1 1 1 1 1 1 1 1 1 1 1 1 1 2 2 1 1 1 1 1 1 1 1 1 3 3 8 8 4 8 8 8 1 1 0 0 0 0 0 0
 3 3 3 3 3 2 1 1 1 1 0 0 0 0 1 1 1 1 1 2 2 2 2 2 1 1 1 1 1 1 0 0 0 0 0 0 0 0 0 0 0 0 0 0 0 0
 3 3 3 3 3 2 1 1 1 1 0 0 0 0 1 1 1 1 1 2 2 2 2 2 1 1 1 1 1 1 0 0 0 0 0 0 0 0 0 0 0 0 0 0 0 0
 2 2 2 3 3 2 1 1 1 1 0 0 0 0 0 0 1 1 1 1 1 1 1 1 1 1 1 1 1 1 1 1 0 0 0 0 0 0 0 0 0 0 0 0 0 0
 3 3 4 3 3 3 1 1 1 1 1 0 0 0 0 0 0 0 1 1 1 1 1 1 1 1 1 0 0 0 1 1 1 1 1 0 0 0 0 0 0 0 0 0 0 0
