assets/RAT_results/precipitation/2023-10-22_IMERG.asc
ncols        46
nrows        77
xllcorner    74.800261325624
yllcorner    8.058333333333
cellsize     0.062500000000
NODATA_value -9999
 0 0 1 3 3 7 16 16 24 24 14 3 3 0 0 0 0 0 0 0 0 0 0 0 0 0 0 0 0 0 0 0 0 0 0 0 0 0 0 0 0 0 0 0 0 0
 1 1 1 2 2 4 9 9 14 14 9 3 3 0 0 0 0 0 0 0 0 0 0 0 0 0 0 0 0 0 0 0 0 0 0 0 0 0 0 0 0 0 0 0 0 0
 1 1 1 2 2 4 9 9 14 14 9 3 3 0 0 0 0 0 0 0 0 0 0 0 0 0 0 0 0 0 0 0 0 0 0 0 0 0 0 0 0 0 0 0 0 0
 4 4 5 2 2 2 4 4 9 9 11 6 6 1 0 0 0 0 0 0 0 0 0 0 0 0 0 0 0 0 0 0 0 0 0 0 0 0 0 0 0 0 0 0 0 0
 8 8 7 3 3 4 7 7 9 9 7 3 3 0 0 0 0 0 0 0 0 0 0 0 0 0 0 0 0 0 0 0 0 0 0 0 0 0 0 0 0 0 0 0 0 0
 8 8 7 3 3 4 7 7 9 9 7 3 3 0 0 0 0 0 0 0 0 0 0 0 0 0 0 0 0 0 0 0 0 0 0 0 0 0 0 0 0 0 0 0 0 0
 6 6 5 4 4 10 15 15 15 15 8 3 3 0 0 0 0 0 0 0 0 0 0 0 0 0 0 0 0 0 0 0 0 0 0 0 0 0 0 0 0 0 0 0 0 0
 6 6 5 4 4 10 15 15 15 15 8 3 3 0 0 0 0 0 0 0 0 0 0 0 0 0 0 0 0 0 0 0 0 0 0 0 0 0 0 0 0 0 0 0 0 0
 1 1 3 13 13 19 21 21 21 21 16 7 7 1 0 0 0 0 0 0 0 0 0 0 0 0 0 0 0 0 0 0 0 0 0 0 0 0 0 0 0 0 0 0 0 0
 2 2 4 16 16 20 23 23 24 24 19 9 9 1 3 3 0 0 0 0 0 0 0 0 0 0 0 0 0 0 0 0 0 0 0 0 0 0 0 0 0 0 0 0 0 0
 2 2 4 16 16 20 23 23 24 24 19 9 9 1 3 3 0 0 0 0 0 0 0 0 0 0 0 0 0 0 0 0 0 0 0 0 0 0 0 0 0 0 0 0 0 0
 2 2 5 7 7 15 19 19 19 19 16 9 9 5 4 4 0 0 0 0 0 0 0 0 0 0 0 0 0 0 0 0 0 0 0 0 0 0 0 0 0 0 0 0 0 0
 6 6 17 6 6 8 10 10 11 11 12 10 10 8 5 5 2 2 0 0 0 0 0 0 0 0 0 0 0 0 0 0 0 0 0 0 0 0 0 0 0 0 0 0 0 0
 6 6 17 6 6 8 10 10 11 11 12 10 10 8 5 5 2 2 0 0 0 0 0 0 0 0 0 0 0 0 0 0 0 0 0 0 0 0 0 0 0 0 0 0 0 0
 24 24 20 15 15 4 5 5 8 8 12 15 15 20 23 23 12 12 3 0 0 0 0 0 0 0 0 0 0 0 0 0 0 0 0 0 0 0 0 0 0 0 0 0 0 0
 24 24 20 15 15 4 5 5 8 8 12 15 15 20 23 23 12 12 3 0 0 0 0 0 0 0 0 0 0 0 0 0 0 0 0 0 0 0 0 0 0 0 0 0 0 0
 37 37 35 28 28 10 8 8 8 8 14 20 20 28 32 32 21 21 5 0 0 0 0 0 0 0 0 0 0 0 0 0 0 0 0 0 0 0 0 0 0 0 0 0 0 0
 30 30 41 20 20 11 9 9 5 5 12 16 16 22 28 28 11 11 2 0 0 0 0 0 0 0 0 0 0 0 0 0 0 0 0 0 0 0 0 0 0 0 0 0 0 0
 30 30 41 20 20 11 9 9 5 5 12 16 16 22 28 28 11 11 2 0 0 0 0 0 0 0 0 0 0 0 0 0 0 0 0 0 0 0 0 0 0 0 0 0 0 0
 31 31 28 18 18 14 10 10 4 4 6 8 8 10 10 10 3 3 0 0 0 0 0 0 0 0 0 0 0 0 0 0 0 0 0 0 0 0 0 0 0 0 0 0 0 0
 19 19 10 6 6 14 10 10 2 2 3 3 3 4 6 6 3 3 0 0 0 0 0 0 0 0 0 0 0 0 0 0 0 0 0 0 0 0 0 0 0 0 0 0 0 0
 19 19 10 6 6 14 10 10 2 2 3 3 3 4 6 6 3 3 0 0 0 0 0 0 0 0 0 0 0 0 0 0 0 0 0 0 0 0 0 0 0 0 0 0 0 0
 16 16 6 5 5 4 4 4 2 2 2 2 2 2 5 5 2 2 1 1 1 0 0 0 0 0 0 0 0 0 0 0 0 0 0 0 0 0 0 0 0 0 0 0 0 0
 16 16 6 5 5 4 4 4 2 2 2 2 2 2 5 5 2 2 1 1 1 0 0 0 0 0 0 0 0 0 0 0 0 0 0 0 0 0 0 0 0 0 0 0 0 0
 7 7 5 2 2 1 1 1 3 3 2 5 5 3 4 4 4 4 7 4 4 2 2 2 2 2 0 0 0 0 0 0 0 0 0 0 0 0 0 0 0 0 0 0 0 0
 3 3 3 2 2 1 3 3 7 7 3 8 8 3 7 7 12 12 19 8 8 5 10 10 11 11 2 0 0 0 0 0 0 0 0 0 0 0 0 0 0 0 0 0 0 0
 3 3 3 2 2 1 3 3 7 7 3 8 8 3 7 7 12 12 19 8 8 5 10 10 11 11 2 0 0 0 0 0 0 0 0 0 0 0 0 0 0 0 0 0 0 0
 2 2 3 1 1 0 2 2 4 4 6 4 4 3 4 4 8 8 10 7 7 9 20 20 18 18 3 0 0 0 0 0 0 0 0 0 0 0 0 0 0 0 0 0 0 0
 3 3 6 2 2 1 0 0 1 1 2 4 4 4 4 4 5 5 5 4 4 5 7 7 5 5 1 0 0 0 0 0 0 0 0 0 0 0 0 0 0 0 0 0 0 0
 3 3 6 2 2 1 0 0 1 1 2 4 4 4 4 4 5 5 5 4 4 5 7 7 5 5 1 0 0 0 0 0 0 0 0 0 0 0 0 0 0 0 0 0 0 0
 6 6 5 2 2 1 1 1 1 1 2 2 2 2 6 6 11 11 7 7 7 10 13 13 5 5 0 0 0 0 0 0 0 0 0 0 0 0 0 0 0 0 0 0 0 0
 6 6 5 2 2 1 1 1 1 1 2 2 2 2 6 6 11 11 7 7 7 10 13 13 5 5 0 0 0 0 0 0 0 0 0 0 0 0 0 0 0 0 0 0 0 0
 19 19 2 4 4 1 2 2 3 3 4 5 5 5 7 7 12 12 13 15 15 20 19 19 8 8 2 0 0 0 0 0 0 0 0 0 0 0 0 0 0 0 0 0 0 0
 21 21 20 22 22 32 3 3 5 5 7 7 7 6 8 8 10 10 16 21 21 22 20 20 15 15 7 2 2 0 0 0 0 0 0 0 0 0 0 0 0 0 0 0 0 0
 21 21 20 22 22 32 3 3 5 5 7 7 7 6 8 8 10 10 16 21 21 22 20 20 15 15 7 2 2 0 0 0 0 0 0 0 0 0 0 0 0 0 0 0 0 0
 25 25 26 23 23 33 3 3 6 6 8 9 9 8 8 8 10 10 18 26 26 29 23 23 19 19 13 6 6 1 0 0 0 0 0 0 0 0 0 0 0 0 0 0 0 0
 26 26 29 31 31 15 3 3 4 4 7 8 8 7 8 8 12 12 16 37 37 38 28 28 25 25 27 21 21 5 0 0 0 0 0 0 0 0 0 0 0 0 0 0 0 0
 26 26 29 31 31 15 3 3 4 4 7 8 8 7 8 8 12 12 16 37 37 38 28 28 25 25 27 21 21 5 0 0 0 0 0 0 0 0 0 0 0 0 0 0 0 0
 31 31 40 50 50 19 2 2 4 4 7 10 10 9 11 11 16 16 20 42 42 44 39 39 37 37 40 29 29 7 1 1 0 0 0 0 0 0 0 0 0 0 0 0 0 0
 31 31 40 50 50 19 2 2 4 4 7 10 10 9 11 11 16 16 20 42 42 44 39 39 37 37 40 29 29 7 1 1 0 0 0 0 0 0 0 0 0 0 0 0 0 0
 22 22 38 39 39 5 4 4 6 6 11 18 18 13 12 12 17 17 20 39 39 43 43 43 44 44 36 20 20 5 1 1 0 0 0 0 0 0 0 0 0 0 0 0 0 0
 42 42 42 42 42 9 9 9 8 8 9 12 12 10 11 11 16 16 18 22 22 38 39 39 39 39 30 13 13 3 1 1 0 0 0 0 0 0 0 0 0 0 0 0 0 0
 42 42 42 42 42 9 9 9 8 8 9 12 12 10 11 11 16 16 18 22 22 38 39 39 39 39 30 13 13 3 1 1 0 0 0 0 0 0 0 0 0 0 0 0 0 0
 23 23 25 21 21 11 9 9 7 7 5 5 5 6 7 7 11 11 12 13 13 22 25 25 28 28 21 14 14 10 4 4 1 1 0 0 0 0 0 0 0 0 0 0 0 0
 22 22 23 15 15 14 6 6 11 11 5 3 3 3 4 4 7 7 8 8 8 10 19 19 24 24 24 24 24 28 20 20 8 8 2 0 0 0 0 0 0 0 0 0 0 0
 22 22 23 15 15 14 6 6 11 11 5 3 3 3 4 4 7 7 8 8 8 10 19 19 24 24 24 24 24 28 20 20 8 8 2 0 0 0 0 0 0 0 0 0 0 0
 15 15 16 13 13 13 9 9 17 17 9 3 3 2 2 2 3 3 6 9 9 13 19 19 28 28 35 42 42 51 51 51 31 31 10 1 1 0 0 0 0 0 0 0 0 0
 15 15 16 13 13 13 9 9 17 17 9 3 3 2 2 2 3 3 6 9 9 13 19 19 28 28 35 42 42 51 51 51 31 31 10 1 1 0 0 0 0 0 0 0 0 0
 1 1 14 12 12 12 6 6 6 6 5 2 2 1 2 2 2 2 5 12 12 17 29 29 31 31 43 58 58 73 58 58 44 44 18 2 2 0 0 0 0 0 0 0 0 0
 1 1 1 1 1 1 3 3 5 5 5 2 2 1 1 1 1 1 3 8 8 20 27 27 32 32 45 78 78 80 51 51 34 34 14 2 2 0 0 0 0 0 0 0 0 0
 1 1 1 1 1 1 3 3 5 5 5 2 2 1 1 1 1 1 3 8 8 20 27 27 32 32 45 78 78 80 51 51 34 34 14 2 2 0 0 0 0 0 0 0 0 0
 0 0 1 4 4 3 4 4 3 3 1 1 1 1 2 2 2 2 5 15 15 32 35 35 41 41 61 74 74 73 38 38 19 19 8 1 1 0 0 0 0 0 0 0 0 0
 1 1 2 9 9 6 5 5 3 3 1 2 2 2 2 2 2 2 5 15 15 40 41 41 53 53 75 102 102 78 53 53 8 8 4 1 1 0 0 0 0 0 0 0 0 0
 1 1 2 9 9 6 5 5 3 3 1 2 2 2 2 2 2 2 5 15 15 40 41 41 53 53 75 102 102 78 53 53 8 8 4 1 1 0 0 0 0 0 0 0 0 0
 6 6 7 8 8 6 9 9 9 9 3 3 3 3 2 2 2 2 4 4 4 33 36 36 43 43 70 97 97 117 50 50 12 12 7 4 4 3 2 2 0 0 0 0 0 0
 6 6 7 8 8 6 9 9 9 9 3 3 3 3 2 2 2 2 4 4 4 33 36 36 43 43 70 97 97 117 50 50 12 12 7 4 4 3 2 2 0 0 0 0 0 0
 1 1 1 0 0 3 7 7 9 9 9 9 9 12 3 3 3 3 5 3 3 12 20 20 28 28 105 128 128 122 129 129 47 47 23 21 21 15 5 5 5 5 0 0 0 0
 0 0 0 0 0 0 1 1 2 2 8 15 15 13 5 5 7 7 8 7 7 13 27 27 30 30 124 195 195 175 119 119 46 46 40 49 49 26 9 9 4 4 0 0 0 0
 0 0 0 0 0 0 1 1 2 2 8 15 15 13 5 5 7 7 8 7 7 13 27 27 30 30 124 195 195 175 119 119 46 46 40 49 49 26 9 9 4 4 0 0 0 0
 0 0 0 0 0 0 1 1 1 1 4 6 6 5 3 3 14 14 18 23 23 20 30 30 36 36 59 194 194 174 114 114 50 50 36 36 36 18 6 6 0 0 0 0 0 0
 0 0 0 0 0 0 1 1 1 1 2 3 3 3 4 4 13 13 14 15 15 22 90 90 95 95 174 142 142 166 57 57 36 36 32 31 31 15 3 3 0 0 0 0 0 0
 0 0 0 0 0 0 1 1 1 1 2 3 3 3 4 4 13 13 14 15 15 22 90 90 95 95 174 142 142 166 57 57 36 36 32 31 31 15 3 3 0 0 0 0 0 0
 1 1 0 0 0 1 1 1 1 1 2 3 3 3 3 3 9 9 12 25 25 19 34 34 107 107 136 53 53 45 32 32 18 18 20 18 18 7 3 3 0 0 0 0 0 4
 1 1 0 0 0 1 1 1 1 1 2 3 3 3 3 3 9 9 12 25 25 19 34 34 107 107 136 53 53 45 32 32 18 18 20 18 18 7 3 3 0 0 0 0 0 4
 0 0 0 0 0 0 1 1 1 1 2 2 2 2 2 2 11 11 12 19 19 14 26 26 50 50 80 83 83 38 27 27 9 9 4 4 4 1 0 0 0 0 1 2 2 7
 0 0 0 0 0 1 1 1 1 1 1 7 7 7 3 3 12 12 13 20 20 22 43 43 55 55 27 30 30 14 11 11 6 6 2 1 1 0 0 0 1 1 4 5 5 4
 0 0 0 0 0 1 1 1 1 1 1 7 7 7 3 3 12 12 13 20 20 22 43 43 55 55 27 30 30 14 11 11 6 6 2 1 1 0 0 0 1 1 4 5 5 4
 0 0 1 1 1 1 1 1 1 1 1 7 7 8 27 27 27 27 25 31 31 47 66 66 82 82 52 22 22 6 11 11 12 12 10 3 3 1 2 2 4 4 10 6 6 3
 1 1 1 2 2 2 1 1 1 1 2 14 14 14 28 28 29 29 34 35 35 48 68 68 77 77 46 47 47 8 11 11 19 19 20 10 10 6 7 7 8 8 7 5 5 5
 1 1 1 2 2 2 1 1 1 1 2 14 14 14 28 28 29 29 34 35 35 48 68 68 77 77 46 47 47 8 11 11 19 19 20 10 10 6 7 7 8 8 7 5 5 5
 2 2 1 1 1 1 1 1 1 1 2 2 2 14 26 26 27 27 31 31 31 70 73 73 84 84 44 49 49 10 13 13 18 18 31 18 18 18 24 24 22 22 13 11 11 13
 2 2 1 1 1 1 1 1 1 1 2 2 2 14 26 26 27 27 31 31 31 70 73 73 84 84 44 49 49 10 13 13 18 18 31 18 18 18 24 24 22 22 13 11 11 13
 1 1 1 1 1 2 2 2 2 2 1 1 1 5 12 12 13 13 21 22 22 59 61 61 27 27 46 48 48 11 14 14 19 19 38 30 30 39 48 48 39 39 20 23 23 27
 1 1 2 3 3 4 5 5 4 4 2 1 1 5 5 5 12 12 19 27 27 58 58 58 21 21 29 11 11 33 12 12 17 17 24 23 23 41 49 49 35 35 16 17 17 25
 1 1 2 3 3 4 5 5 4 4 2 1 1 5 5 5 12 12 19 27 27 58 58 58 21 21 29 11 11 33 12 12 17 17 24 23 23 41 49 49 35 35 16 17 17 25
 1 1 3 7 7 11 14 14 12 12 5 3 3 5 5 5 5 5 8 7 7 43 41 41 39 39 41 8 8 10 15 15 20 20 24 18 18 17 27 27 17 17 6 4 4 5
 2 2 5 10 10 15 20 20 20 20 11 6 6 4 6 6 6 6 6 7 7 40 41 41 35 35 44 12 12 13 15 15 17 17 10 10 10 8 6 6 3 3 1 1 1 0
