assets/RAT_results/precipitation/2023-06-08_IMERG.asc
ncols        46
nrows        77
xllcorner    74.800261325624
yllcorner    8.058333333333
cellsize     0.062500000000
NODATA_value -9999
 0 0 0 0 0 0 0 0 0 0 1 1 1 0 0 0 0 0 0 0 0 0 0 0 0 0 0 0 0 0 0 0 0 0 0 0 0 0 1 1 0 0 0 0 0 1
 0 0 0 0 0 0 0 0 0 0 0 0 0 0 0 0 0 0 0 0 0 0 0 0 0 0 0 0 0 0 0 0 0 0 0 0 0 0 0 0 0 0 0 0 0 1
 0 0 0 0 0 0 0 0 0 0 0 0 0 0 0 0 0 0 0 0 0 0 0 0 0 0 0 0 0 0 0 0 0 0 0 0 0 0 0 0 0 0 0 0 0 1
 0 0 0 0 0 0 0 0 0 0 0 0 0 0 0 0 0 0 0 0 0 0 0 0 0 0 0 0 0 0 0 0 0 0 0 0 0 0 0 0 0 0 0 0 0 0
 2 2 0 0 0 0 0 0 0 0 0 0 0 0 0 0 0 0 0 0 0 0 0 0 0 0 0 0 0 0 0 0 0 0 0 0 0 0 0 0 0 0 0 0 0 0
 2 2 0 0 0 0 0 0 0 0 0 0 0 0 0 0 0 0 0 0 0 0 0 0 0 0 0 0 0 0 0 0 0 0 0 0 0 0 0 0 0 0 0 0 0 0
 3 3 1 0 0 0 0 0 0 0 0 0 0 0 0 0 0 0 0 1 1 1 1 1 0 0 0 0 0 0 0 0 0 0 0 0 0 0 0 0 0 0 0 0 0 0
 3 3 1 0 0 0 0 0 0 0 0 0 0 0 0 0 0 0 0 1 1 1 1 1 0 0 0 0 0 0 0 0 0 0 0 0 0 0 0 0 0 0 0 0 0 0
 5 5 6 1 1 9 10 10 0 0 0 0 0 0 0 0 1 1 1 1 1 2 1 1 0 0 0 0 0 0 0 0 0 0 0 0 0 0 0 0 0 0 0 0 0 0
 19 19 22 2 2 10 10 10 0 0 0 0 0 0 0 0 1 1 0 1 1 1 0 0 0 0 0 0 0 0 0 0 0 0 0 0 0 0 0 0 0 0 0 0 0 0
 19 19 22 2 2 10 10 10 0 0 0 0 0 0 0 0 1 1 0 1 1 1 0 0 0 0 0 0 0 0 0 0 0 0 0 0 0 0 0 0 0 0 0 0 0 0
 24 24 17 17 17 24 24 24 0 0 1 0 0 0 1 1 0 0 0 0 0 0 0 0 0 0 0 0 0 0 0 0 0 0 0 0 0 0 0 0 0 0 0 0 0 0
 26 26 25 10 10 9 24 24 0 0 1 0 0 3 4 4 1 1 0 0 0 0 0 0 0 0 0 0 0 0 0 0 0 0 0 0 0 0 0 0 0 0 0 0 0 0
 26 26 25 10 10 9 24 24 0 0 1 0 0 3 4 4 1 1 0 0 0 0 0 0 0 0 0 0 0 0 0 0 0 0 0 0 0 0 0 0 0 0 0 0 0 0
 30 30 27 10 10 9 0 0 0 0 0 1 1 2 1 1 0 0 0 0 0 0 0 0 0 0 0 0 0 0 0 0 0 0 0 0 0 0 0 0 0 0 0 0 0 0
 30 30 27 10 10 9 0 0 0 0 0 1 1 2 1 1 0 0 0 0 0 0 0 0 0 0 0 0 0 0 0 0 0 0 0 0 0 0 0 0 0 0 0 0 0 0
 28 28 28 1 1 1 0 0 0 0 0 1 1 0 0 0 0 0 0 0 0 0 0 0 0 0 0 0 0 0 0 0 0 0 0 0 0 0 1 1 1 1 1 1 1 1
 5 5 2 2 2 1 0 0 1 1 7 7 7 0 0 0 0 0 0 0 0 0 0 0 0 0 0 0 0 0 0 0 0 0 0 0 0 0 0 0 1 1 1 3 3 3
 5 5 2 2 2 1 0 0 1 1 7 7 7 0 0 0 0 0 0 0 0 0 0 0 0 0 0 0 0 0 0 0 0 0 0 0 0 0 0 0 1 1 1 3 3 3
 6 6 4 2 2 1 1 1 1 1 7 6 6 0 0 0 0 0 0 0 0 0 0 0 0 0 0 0 0 0 0 0 0 0 0 0 0 0 0 0 0 0 0 1 1 1
 19 19 4 4 4 3 25 25 2 2 8 7 7 1 1 1 0 0 0 0 0 0 0 0 0 0 0 0 0 0 0 0 0 0 0 0 0 0 0 0 0 0 0 0 0 0
 19 19 4 4 4 3 25 25 2 2 8 7 7 1 1 1 0 0 0 0 0 0 0 0 0 0 0 0 0 0 0 0 0 0 0 0 0 0 0 0 0 0 0 0 0 0
 5 5 5 7 7 27 26 26 25 25 35 35 35 1 3 3 3 3 0 0 0 0 0 0 0 0 0 0 0 0 0 0 0 0 0 0 0 0 0 0 0 0 0 0 0 0
 5 5 5 7 7 27 26 26 25 25 35 35 35 1 3 3 3 3 0 0 0 0 0 0 0 0 0 0 0 0 0 0 0 0 0 0 0 0 0 0 0 0 0 0 0 0
 5 5 7 11 11 6 3 3 1 1 34 1 1 1 3 3 0 0 0 0 0 0 0 0 0 0 0 0 0 0 0 0 0 0 0 0 0 0 0 0 0 0 0 0 0 0
 4 4 5 4 4 2 2 2 3 3 2 2 2 2 0 0 0 0 0 0 0 0 0 0 0 0 0 0 0 0 0 0 0 0 0 0 0 0 0 0 0 0 0 0 0 0
 4 4 5 4 4 2 2 2 3 3 2 2 2 2 0 0 0 0 0 0 0 0 0 0 0 0 0 0 0 0 0 0 0 0 0 0 0 0 0 0 0 0 0 0 0 0
 3 3 3 3 3 3 3 3 7 7 9 7 7 5 7 7 0 0 1 2 2 2 1 1 0 0 0 0 0 0 0 0 0 0 1 0 0 0 0 0 0 0 0 0 0 0
 3 3 4 5 5 6 2 2 5 5 9 14 14 8 7 7 1 1 2 2 2 2 1 1 0 0 0 0 0 0 0 0 0 0 0 0 0 0 0 0 0 0 0 0 0 0
 3 3 4 5 5 6 2 2 5 5 9 14 14 8 7 7 1 1 2 2 2 2 1 1 0 0 0 0 0 0 0 0 0 0 0 0 0 0 0 0 0 0 0 0 0 0
 5 5 7 3 3 4 3 3 5 5 9 13 13 9 4 4 0 0 1 0 0 0 0 0 0 0 0 0 0 0 0 0 0 0 0 0 0 0 0 0 0 0 1 0 0 0
 5 5 7 3 3 4 3 3 5 5 9 13 13 9 4 4 0 0 1 0 0 0 0 0 0 0 0 0 0 0 0 0 0 0 0 0 0 0 0 0 0 0 1 0 0 0
 3 3 3 3 3 6 8 8 7 7 8 10 10 8 3 3 0 0 1 0 0 0 0 0 0 0 0 0 0 0 0 0 1 1 0 0 0 0 0 0 0 0 1 0 0 0
 2 2 2 3 3 6 8 8 7 7 7 5 5 6 4 4 5 5 0 0 0 0 0 0 0 0 1 1 1 0 0 0 1 1 0 0 0 0 0 0 0 0 0 0 0 0
 2 2 2 3 3 6 8 8 7 7 7 5 5 6 4 4 5 5 0 0 0 0 0 0 0 0 1 1 1 0 0 0 1 1 0 0 0 0 0 0 0 0 0 0 0 0
 4 4 3 3 3 3 3 3 4 4 9 6 6 6 5 5 5 5 0 0 0 0 0 0 1 1 3 3 3 0 0 0 0 0 0 0 0 0 0 0 0 0 0 0 0 0
 10 10 10 6 6 4 2 2 2 2 6 7 7 9 9 9 5 5 4 0 0 0 1 1 0 0 1 1 1 0 0 0 0 0 0 0 0 0 0 0 0 0 0 0 0 0
 10 10 10 6 6 4 2 2 2 2 6 7 7 9 9 9 5 5 4 0 0 0 1 1 0 0 1 1 1 0 0 0 0 0 0 0 0 0 0 0 0 0 0 0 0 0
 12 12 10 7 7 5 1 1 1 1 5 8 8 14 18 18 6 6 5 1 1 2 2 2 1 1 0 0 0 0 0 0 0 0 0 0 0 0 0 0 1 1 0 0 0 0
 12 12 10 7 7 5 1 1 1 1 5 8 8 14 18 18 6 6 5 1 1 2 2 2 1 1 0 0 0 0 0 0 0 0 0 0 0 0 0 0 1 1 0 0 0 0
 7 7 5 4 4 3 3 3 3 3 7 8 8 16 29 29 23 23 8 1 1 2 4 4 3 3 1 0 0 0 0 0 0 0 0 0 0 0 0 0 0 0 0 0 0 0
 5 5 5 6 6 5 6 6 6 6 9 13 13 24 30 30 23 23 24 14 14 3 3 3 1 1 1 0 0 0 0 0 0 0 0 0 0 0 0 0 0 0 0 0 0 0
 5 5 5 6 6 5 6 6 6 6 9 13 13 24 30 30 23 23 24 14 14 3 3 3 1 1 1 0 0 0 0 0 0 0 0 0 0 0 0 0 0 0 0 0 0 0
 5 5 6 7 7 7 10 10 12 12 10 12 12 19 28 28 32 32 11 9 9 4 7 7 2 2 1 0 0 0 1 1 1 1 0 0 0 0 0 0 0 0 0 0 0 0
 7 7 7 6 6 8 10 10 15 15 16 16 16 16 21 21 31 31 40 20 20 6 5 5 1 1 0 0 0 1 3 3 1 1 0 0 0 0 0 0 0 0 0 0 0 0
 7 7 7 6 6 8 10 10 15 15 16 16 16 16 21 21 31 31 40 20 20 6 5 5 1 1 0 0 0 1 3 3 1 1 0 0 0 0 0 0 0 0 0 0 0 0
 16 16 14 11 11 11 12 12 14 14 15 15 15 25 26 26 33 33 31 23 23 4 3 3 0 0 0 0 0 1 1 1 0 0 0 0 0 0 0 0 0 0 0 0 0 0
 16 16 14 11 11 11 12 12 14 14 15 15 15 25 26 26 33 33 31 23 23 4 3 3 0 0 0 0 0 1 1 1 0 0 0 0 0 0 0 0 0 0 0 0 0 0
 24 24 21 21 21 20 21 21 21 21 35 39 39 66 72 72 45 45 44 17 17 6 1 1 0 0 0 1 1 1 1 1 0 0 0 0 0 0 0 0 0 0 0 0 0 0
 29 29 27 28 28 27 28 28 30 30 47 66 66 89 103 103 76 76 67 24 24 6 3 3 1 1 1 2 2 3 2 2 0 0 0 0 0 0 0 0 0 0 0 0 0 0
 29 29 27 28 28 27 28 28 30 30 47 66 66 89 103 103 76 76 67 24 24 6 3 3 1 1 1 2 2 3 2 2 0 0 0 0 0 0 0 0 0 0 0 0 0 0
 34 34 37 33 33 30 27 27 25 25 35 44 44 51 40 40 32 32 31 22 22 8 5 5 4 4 4 4 4 3 1 1 0 0 0 0 0 0 0 0 0 0 0 0 0 0
 49 49 53 50 50 39 35 35 26 26 28 26 26 19 18 18 16 16 70 8 8 7 6 6 7 7 5 3 3 1 1 1 1 1 0 0 0 0 0 0 0 0 0 0 0 0
 49 49 53 50 50 39 35 35 26 26 28 26 26 19 18 18 16 16 70 8 8 7 6 6 7 7 5 3 3 1 1 1 1 1 0 0 0 0 0 0 0 0 0 0 0 0
 31 31 31 28 28 24 21 21 15 15 20 20 20 16 19 19 21 21 81 23 23 11 6 6 8 8 9 8 8 3 3 3 3 3 1 0 0 0 0 0 0 0 0 0 0 0
 31 31 31 28 28 24 21 21 15 15 20 20 20 16 19 19 21 21 81 23 23 11 6 6 8 8 9 8 8 3 3 3 3 3 1 0 0 0 0 0 0 0 0 0 0 0
 21 21 23 22 22 16 16 16 10 10 15 13 13 16 18 18 22 22 17 27 27 7 6 6 4 4 4 5 5 3 2 2 1 1 2 0 0 0 0 0 0 0 0 0 0 0
 24 24 27 29 29 24 29 29 23 23 22 22 22 23 28 28 32 32 27 40 40 12 4 4 3 3 1 2 2 1 1 1 1 1 1 0 0 0 0 0 0 0 0 0 0 0
 24 24 27 29 29 24 29 29 23 23 22 22 22 23 28 28 32 32 27 40 40 12 4 4 3 3 1 2 2 1 1 1 1 1 1 0 0 0 0 0 0 0 0 0 0 0
 24 24 28 37 37 40 38 38 28 28 25 23 23 25 24 24 31 31 27 27 27 31 5 5 3 3 0 1 1 5 3 3 1 1 1 1 1 0 1 1 1 1 0 0 0 0
 29 29 35 44 44 55 64 64 56 56 44 35 35 27 25 25 25 25 18 16 16 19 17 17 6 6 4 0 0 1 2 2 5 5 5 1 1 1 0 0 1 1 0 0 0 0
 29 29 35 44 44 55 64 64 56 56 44 35 35 27 25 25 25 25 18 16 16 19 17 17 6 6 4 0 0 1 2 2 5 5 5 1 1 1 0 0 1 1 0 0 0 0
 45 45 53 57 57 65 64 64 61 61 48 40 40 24 21 21 18 18 17 20 20 25 47 47 5 5 3 0 0 0 1 1 5 5 4 0 0 0 0 0 0 0 1 1 1 1
 45 45 53 57 57 65 64 64 61 61 48 40 40 24 21 21 18 18 17 20 20 25 47 47 5 5 3 0 0 0 1 1 5 5 4 0 0 0 0 0 0 0 1 1 1 1
 95 95 108 118 118 142 138 138 140 140 107 43 43 26 24 24 17 17 15 20 20 19 22 22 52 52 4 4 4 3 2 2 1 1 1 1 1 1 2 2 1 1 2 2 2 2
 107 107 114 127 127 133 140 140 122 122 108 83 83 40 31 31 19 19 14 20 20 27 30 30 30 30 4 2 2 6 3 3 3 3 2 2 2 5 8 8 2 2 1 1 1 1
 107 107 114 127 127 133 140 140 122 122 108 83 83 40 31 31 19 19 14 20 20 27 30 30 30 30 4 2 2 6 3 3 3 3 2 2 2 5 8 8 2 2 1 1 1 1
 94 94 102 117 117 127 131 131 127 127 119 85 85 49 47 47 11 11 12 14 14 19 18 18 13 13 8 7 7 3 7 7 4 4 2 3 3 7 4 4 1 1 0 1 1 1
 79 79 93 104 104 111 116 116 123 123 108 96 96 63 39 39 9 9 8 9 9 11 11 11 11 11 12 11 11 10 8 8 7 7 3 4 4 3 1 1 0 0 0 0 0 0
 79 79 93 104 104 111 116 116 123 123 108 96 96 63 39 39 9 9 8 9 9 11 11 11 11 11 12 11 11 10 8 8 7 7 3 4 4 3 1 1 0 0 0 0 0 0
 62 62 68 73 73 74 78 78 77 77 68 58 58 28 19 19 8 8 8 7 7 8 9 9 11 11 9 11 11 9 6 6 8 8 6 3 3 1 1 1 1 1 0 0 0 1
 62 62 68 73 73 74 78 78 77 77 68 58 58 28 19 19 8 8 8 7 7 8 9 9 11 11 9 11 11 9 6 6 8 8 6 3 3 1 1 1 1 1 0 0 0 1
 42 42 47 49 49 48 48 48 51 51 51 48 48 46 43 43 39 39 37 40 40 34 29 29 28 28 22 15 15 10 7 7 2 2 3 0 0 1 1 1 1 1 1 0 0 0
 39 39 39 42 42 44 46 46 47 47 44 46 46 51 52 52 52 52 49 54 54 47 46 46 33 33 24 13 13 9 6 6 3 3 5 2 2 1 1 1 1 1 1 0 0 0
 39 39 39 42 42 44 46 46 47 47 44 46 46 51 52 52 52 52 49 54 54 47 46 46 33 33 24 13 13 9 6 6 3 3 5 2 2 1 1 1 1 1 1 0 0 0
 29 29 32 35 35 39 43 43 47 47 48 50 50 53 53 53 58 58 55 56 56 53 48 48 34 34 27 18 18 13 10 10 6 6 4 3 3 1 1 1 1 1 0 0 0 0
 26 26 26 27 27 30 32 32 33 33 32 32 32 36 40 40 47 47 41 41 41 41 42 42 40 40 32 26 26 19 14 14 11 11 9 8 8 1 1 1 1 1 0 0 0 0
