assets/RAT_results/precipitation/2023-07-23_IMERG.asc
ncols        46
nrows        77
xllcorner    74.800261325624
yllcorner    8.058333333333
cellsize     0.062500000000
NODATA_value -9999
 70 70 72 58 58 53 51 51 51 51 46 37 37 49 54 54 45 45 47 21 21 25 8 8 9 9 10 9 9 10 11 11 10 10 10 9 9 9 14 14 16 16 17 14 14 12
 48 48 43 40 40 42 61 61 54 54 45 45 45 63 64 64 56 56 52 34 34 26 13 13 10 10 11 11 11 12 13 13 14 14 16 16 16 14 27 27 27 27 16 16 16 17
 48 48 43 40 40 42 61 61 54 54 45 45 45 63 64 64 56 56 52 34 34 26 13 13 10 10 11 11 11 12 13 13 14 14 16 16 16 14 27 27 27 27 16 16 16 17
 44 44 44 52 52 49 52 52 52 52 62 64 64 74 73 73 62 62 52 41 41 31 15 15 13 13 12 12 12 17 20 20 20 20 19 16 16 14 31 31 30 30 43 32 32 31
 28 28 44 54 54 57 54 54 52 52 67 71 71 77 66 66 63 63 55 37 37 26 14 14 13 13 21 15 15 20 19 19 17 17 18 18 18 20 22 22 36 36 41 33 33 32
 28 28 44 54 54 57 54 54 52 52 67 71 71 77 66 66 63 63 55 37 37 26 14 14 13 13 21 15 15 20 19 19 17 17 18 18 18 20 22 22 36 36 41 33 33 32
 21 21 30 47 47 55 51 51 46 46 53 57 57 58 53 53 35 35 37 27 27 20 13 13 12 12 19 20 20 21 20 20 15 15 19 16 16 20 23 23 35 35 37 31 31 30
 21 21 30 47 47 55 51 51 46 46 53 57 57 58 53 53 35 35 37 27 27 20 13 13 12 12 19 20 20 21 20 20 15 15 19 16 16 20 23 23 35 35 37 31 31 30
 21 21 27 45 45 46 44 44 43 43 45 48 48 47 55 55 28 28 28 18 18 20 12 12 9 9 16 15 15 15 19 19 15 15 15 14 14 18 17 17 16 16 19 14 14 10
 21 21 26 38 38 39 41 41 35 35 34 37 37 44 46 46 28 28 28 18 18 15 11 11 9 9 14 13 13 12 10 10 13 13 9 9 9 11 11 11 11 11 11 11 11 1
 21 21 26 38 38 39 41 41 35 35 34 37 37 44 46 46 28 28 28 18 18 15 11 11 9 9 14 13 13 12 10 10 13 13 9 9 9 11 11 11 11 11 11 11 11 1
 21 21 23 20 20 32 30 30 25 25 21 35 35 26 27 27 23 23 26 14 14 11 10 10 7 7 7 5 5 6 5 5 8 8 7 7 7 7 10 10 11 11 5 1 1 1
 19 19 15 13 13 25 30 30 29 29 29 36 36 23 22 22 23 23 27 21 21 17 13 13 7 7 7 4 4 3 3 3 2 2 3 5 5 5 12 12 11 11 8 2 2 1
 19 19 15 13 13 25 30 30 29 29 29 36 36 23 22 22 23 23 27 21 21 17 13 13 7 7 7 4 4 3 3 3 2 2 3 5 5 5 12 12 11 11 8 2 2 1
 14 14 13 15 15 16 28 28 25 25 26 20 20 14 14 14 16 16 18 17 17 19 13 13 7 7 6 3 3 3 2 2 1 1 1 3 3 5 10 10 14 14 9 2 2 2
 14 14 13 15 15 16 28 28 25 25 26 20 20 14 14 14 16 16 18 17 17 19 13 13 7 7 6 3 3 3 2 2 1 1 1 3 3 5 10 10 14 14 9 2 2 2
 15 15 18 20 20 17 14 14 22 22 21 16 16 9 13 13 16 16 18 23 23 19 12 12 8 8 4 4 4 2 2 2 1 1 3 4 4 8 11 11 14 14 10 6 6 2
 18 18 19 21 21 19 17 17 12 12 14 11 11 11 14 14 14 14 16 16 16 16 12 12 6 6 3 2 2 5 4 4 4 4 7 9 9 7 9 9 9 9 7 5 5 4
 18 18 19 21 21 19 17 17 12 12 14 11 11 11 14 14 14 14 16 16 16 16 12 12 6 6 3 2 2 5 4 4 4 4 7 9 9 7 9 9 9 9 7 5 5 4
 20 20 19 18 18 21 16 16 12 12 9 16 16 16 15 15 14 14 14 18 18 17 11 11 7 7 5 5 5 9 8 8 8 8 9 10 10 5 6 6 7 7 5 3 3 3
 18 18 17 15 15 16 18 18 17 17 15 22 22 24 21 21 15 15 15 19 19 20 16 16 10 10 5 8 8 10 12 12 14 14 9 8 8 6 7 7 4 4 2 2 2 1
 18 18 17 15 15 16 18 18 17 17 15 22 22 24 21 21 15 15 15 19 19 20 16 16 10 10 5 8 8 10 12 12 14 14 9 8 8 6 7 7 4 4 2 2 2 1
 15 15 13 15 15 15 19 19 24 24 22 20 20 21 21 21 20 20 17 16 16 16 14 14 14 14 10 9 9 11 16 16 11 11 7 6 6 6 6 6 3 3 2 3 3 2
 15 15 13 15 15 15 19 19 24 24 22 20 20 21 21 21 20 20 17 16 16 16 14 14 14 14 10 9 9 11 16 16 11 11 7 6 6 6 6 6 3 3 2 3 3 2
 13 13 13 12 12 14 19 19 20 20 19 18 18 22 26 26 29 29 24 21 21 19 25 25 15 15 9 7 7 8 10 10 10 10 8 5 5 5 7 7 7 7 4 3 3 2
 13 13 10 11 11 13 16 16 20 20 19 16 16 19 22 22 21 21 17 16 16 17 22 22 14 14 13 9 9 11 8 8 8 8 7 5 5 5 7 7 7 7 6 6 6 5
 13 13 10 11 11 13 16 16 20 20 19 16 16 19 22 22 21 21 17 16 16 17 22 22 14 14 13 9 9 11 8 8 8 8 7 5 5 5 7 7 7 7 6 6 6 5
 8 8 9 12 12 16 18 18 21 21 19 18 18 22 19 19 14 14 17 19 19 11 8 8 7 7 6 7 7 11 6 6 7 7 5 5 5 5 10 10 9 9 7 6 6 6
 7 7 9 11 11 16 24 24 24 24 19 19 19 22 20 20 11 11 10 10 10 6 9 9 5 5 4 4 4 10 7 7 6 6 5 5 5 6 7 7 7 7 5 3 3 3
 7 7 9 11 11 16 24 24 24 24 19 19 19 22 20 20 11 11 10 10 10 6 9 9 5 5 4 4 4 10 7 7 6 6 5 5 5 6 7 7 7 7 5 3 3 3
 5 5 9 15 15 16 16 16 18 18 15 18 18 18 16 16 13 13 9 6 6 6 5 5 3 3 2 2 2 2 3 3 5 5 5 4 4 5 5 5 6 6 5 1 1 1
 5 5 9 15 15 16 16 16 18 18 15 18 18 18 16 16 13 13 9 6 6 6 5 5 3 3 2 2 2 2 3 3 5 5 5 4 4 5 5 5 6 6 5 1 1 1
 6 6 11 22 22 21 17 17 18 18 14 13 13 12 13 13 12 12 8 10 10 8 4 4 3 3 3 1 1 1 3 3 4 4 4 3 3 3 4 4 2 2 1 1 1 1
 10 10 19 25 25 34 30 30 28 28 31 17 17 10 27 27 21 21 12 9 9 7 2 2 2 2 2 1 1 1 1 1 3 3 1 1 1 2 3 3 2 2 1 0 0 0
 10 10 19 25 25 34 30 30 28 28 31 17 17 10 27 27 21 21 12 9 9 7 2 2 2 2 2 1 1 1 1 1 3 3 1 1 1 2 3 3 2 2 1 0 0 0
 14 14 23 27 27 33 36 36 32 32 32 24 24 22 32 32 12 12 10 8 8 8 4 4 3 3 2 1 1 1 1 1 1 1 1 1 1 2 2 2 1 1 0 0 0 0
 13 13 18 20 20 47 49 49 30 30 30 24 24 31 15 15 12 12 9 11 11 9 7 7 3 3 3 1 1 1 1 1 1 1 1 1 1 2 2 2 1 1 0 0 0 1
 13 13 18 20 20 47 49 49 30 30 30 24 24 31 15 15 12 12 9 11 11 9 7 7 3 3 3 1 1 1 1 1 1 1 1 1 1 2 2 2 1 1 0 0 0 1
 13 13 11 17 17 55 36 36 35 35 38 20 20 14 9 9 13 13 16 17 17 14 12 12 4 4 3 2 2 2 1 1 2 2 1 1 1 2 2 2 1 1 1 0 0 1
 13 13 11 17 17 55 36 36 35 35 38 20 20 14 9 9 13 13 16 17 17 14 12 12 4 4 3 2 2 2 1 1 2 2 1 1 1 2 2 2 1 1 1 0 0 1
 29 29 31 38 38 36 36 36 32 32 29 5 5 7 9 9 17 17 17 23 23 20 14 14 7 7 4 5 5 3 2 2 1 1 2 3 3 3 2 2 2 2 1 2 2 3
 27 27 31 34 34 10 22 22 18 18 16 5 5 10 18 18 16 16 15 21 21 23 18 18 13 13 8 5 5 3 3 3 2 2 2 3 3 4 3 3 3 3 1 1 1 3
 27 27 31 34 34 10 22 22 18 18 16 5 5 10 18 18 16 16 15 21 21 23 18 18 13 13 8 5 5 3 3 3 2 2 2 3 3 4 3 3 3 3 1 1 1 3
 6 6 7 8 8 9 14 14 10 10 14 19 19 20 26 26 15 15 29 27 27 29 17 17 15 15 9 6 6 3 3 3 3 3 2 2 2 2 2 2 3 3 3 2 2 2
 6 6 4 8 8 8 12 12 9 9 14 19 19 26 32 32 32 32 50 35 35 26 19 19 19 19 11 6 6 4 6 6 3 3 3 2 2 2 3 3 3 3 3 2 2 1
 6 6 4 8 8 8 12 12 9 9 14 19 19 26 32 32 32 32 50 35 35 26 19 19 19 19 11 6 6 4 6 6 3 3 3 2 2 2 3 3 3 3 3 2 2 1
 4 4 4 8 8 7 16 16 19 19 23 24 24 32 37 37 32 32 46 36 36 26 24 24 18 18 12 11 11 6 4 4 2 2 2 2 2 2 3 3 2 2 1 1 1 1
 4 4 4 8 8 7 16 16 19 19 23 24 24 32 37 37 32 32 46 36 36 26 24 24 18 18 12 11 11 6 4 4 2 2 2 2 2 2 3 3 2 2 1 1 1 1
 2 2 3 6 6 6 9 9 19 19 10 7 7 10 18 18 15 15 30 40 40 29 14 14 15 15 10 8 8 4 4 4 1 1 2 1 1 1 1 1 2 2 1 1 1 1
 3 3 4 6 6 7 8 8 8 8 8 10 10 6 12 12 10 10 11 12 12 11 12 12 12 12 9 7 7 3 3 3 2 2 1 1 1 1 1 1 2 2 2 1 1 1
 3 3 4 6 6 7 8 8 8 8 8 10 10 6 12 12 10 10 11 12 12 11 12 12 12 12 9 7 7 3 3 3 2 2 1 1 1 1 1 1 2 2 2 1 1 1
 7 7 8 10 10 10 10 10 11 11 10 9 9 8 13 13 11 11 9 10 10 9 7 7 11 11 13 6 6 2 3 3 2 2 1 1 1 1 2 2 2 2 2 1 1 0
 10 10 10 10 10 10 7 7 8 8 7 7 7 8 5 5 6 6 8 9 9 7 7 7 13 13 12 9 9 10 6 6 4 4 4 3 3 2 2 2 1 1 1 1 1 1
 10 10 10 10 10 10 7 7 8 8 7 7 7 8 5 5 6 6 8 9 9 7 7 7 13 13 12 9 9 10 6 6 4 4 4 3 3 2 2 2 1 1 1 1 1 1
 8 8 10 10 10 10 11 11 6 6 5 7 7 6 4 4 5 5 8 11 11 9 4 4 12 12 11 12 12 10 10 10 5 5 4 4 4 3 2 2 1 1 1 1 1 2
 8 8 10 10 10 10 11 11 6 6 5 7 7 6 4 4 5 5 8 11 11 9 4 4 12 12 11 12 12 10 10 10 5 5 4 4 4 3 2 2 1 1 1 1 1 2
 8 8 12 11 11 8 8 8 4 4 2 2 2 3 3 3 4 4 5 7 7 9 5 5 14 14 12 12 12 7 9 9 6 6 6 4 4 2 2 2 2 2 1 1 1 1
 11 11 11 10 10 8 6 6 3 3 1 1 1 2 2 2 4 4 5 5 5 6 6 6 8 8 9 9 9 8 10 10 6 6 6 4 4 4 4 4 3 3 1 1 1 1
 11 11 11 10 10 8 6 6 3 3 1 1 1 2 2 2 4 4 5 5 5 6 6 6 8 8 9 9 9 8 10 10 6 6 6 4 4 4 4 4 3 3 1 1 1 1
 14 14 9 9 9 7 5 5 3 3 2 1 1 2 2 2 3 3 4 4 4 5 8 8 8 8 8 8 8 7 8 8 6 6 8 8 8 5 3 3 3 3 0 1 1 1
 10 10 6 7 7 7 6 6 3 3 2 1 1 1 2 2 2 2 3 3 3 4 5 5 5 5 7 9 9 6 5 5 5 5 3 6 6 6 1 1 1 1 0 1 1 2
 10 10 6 7 7 7 6 6 3 3 2 1 1 1 2 2 2 2 3 3 3 4 5 5 5 5 7 9 9 6 5 5 5 5 3 6 6 6 1 1 1 1 0 1 1 2
 9 9 5 8 8 7 8 8 7 7 3 2 2 1 1 1 2 2 2 3 3 4 4 4 4 4 5 11 11 7 5 5 5 5 3 6 6 7 2 2 1 1 1 1 1 1
 9 9 5 8 8 7 8 8 7 7 3 2 2 1 1 1 2 2 2 3 3 4 4 4 4 4 5 11 11 7 5 5 5 5 3 6 6 7 2 2 1 1 1 1 1 1
 9 9 7 10 10 7 9 9 6 6 3 3 3 2 1 1 1 1 2 2 2 2 4 4 6 6 5 4 4 6 4 4 3 3 2 2 2 2 2 2 2 2 1 2 2 1
 13 13 8 9 9 7 5 5 5 5 2 3 3 1 1 1 1 1 1 2 2 3 4 4 9 9 10 8 8 10 7 7 3 3 2 2 2 2 2 2 1 1 2 1 1 1
 13 13 8 9 9 7 5 5 5 5 2 3 3 1 1 1 1 1 1 2 2 3 4 4 9 9 10 8 8 10 7 7 3 3 2 2 2 2 2 2 1 1 2 1 1 1
 10 10 9 9 9 6 7 7 5 5 2 2 2 1 1 1 1 1 1 2 2 20 21 21 29 29 28 30 30 7 8 8 3 3 3 3 3 1 1 1 1 1 2 1 1 0
 14 14 10 10 10 8 8 8 7 7 2 2 2 1 1 1 1 1 1 3 3 16 16 16 29 29 29 30 30 9 10 10 6 6 6 2 2 1 1 1 2 2 2 1 1 0
 14 14 10 10 10 8 8 8 7 7 2 2 2 1 1 1 1 1 1 3 3 16 16 16 29 29 29 30 30 9 10 10 6 6 6 2 2 1 1 1 2 2 2 1 1 0
 14 14 14 9 9 9 8 8 4 4 3 2 2 2 1 1 1 1 2 5 5 16 16 16 16 16 26 26 26 8 9 9 9 9 12 2 2 1 1 1 1 1 1 1 1 1
 14 14 14 9 9 9 8 8 4 4 3 2 2 2 1 1 1 1 2 5 5 16 16 16 16 16 26 26 26 8 9 9 9 9 12 2 2 1 1 1 1 1 1 1 1 1
 14 14 15 9 9 8 7 7 3 3 2 3 3 6 4 4 4 4 7 9 9 12 16 16 5 5 6 28 28 10 10 10 11 11 6 3 3 2 2 2 2 2 1 1 1 2
 15 15 14 7 7 4 2 2 3 3 6 5 5 5 3 3 2 2 4 7 7 8 6 6 5 5 5 8 8 10 8 8 5 5 2 2 2 1 2 2 3 3 3 3 3 3
 15 15 14 7 7 4 2 2 3 3 6 5 5 5 3 3 2 2 4 7 7 8 6 6 5 5 5 8 8 10 8 8 5 5 2 2 2 1 2 2 3 3 3 3 3 3
 14 14 14 4 4 1 1 1 4 4 4 2 2 2 2 2 3 3 3 3 3 5 8 8 8 8 5 5 5 5 6 6 4 4 2 3 3 2 4 4 4 4 6 6 6 5
 3 3 10 3 3 1 0 0 2 2 2 2 2 2 2 2 2 2 2 2 2 3 8 8 12 12 7 3 3 3 2 2 2 2 2 3 3 4 5 5 4 4 8 4 4 3
