assets/RAT_results/precipitation/2023-10-18_IMERG.asc
ncols        46
nrows        77
xllcorner    74.800261325624
yllcorner    8.058333333333
cellsize     0.062500000000
NODATA_value -9999
 0 0 0 0 0 0 0 0 0 0 0 0 0 0 0 0 0 0 0 0 0 0 0 0 0 0 0 0 0 0 0 0 0 0 0 0 0 0 0 0 0 0 0 0 0 0
 0 0 0 0 0 0 0 0 0 0 0 0 0 1 0 0 0 0 0 0 0 0 0 0 0 0 0 0 0 0 0 0 0 0 0 0 0 0 0 0 0 0 0 0 0 0
 0 0 0 0 0 0 0 0 0 0 0 0 0 1 0 0 0 0 0 0 0 0 0 0 0 0 0 0 0 0 0 0 0 0 0 0 0 0 0 0 0 0 0 0 0 0
 1 1 1 1 1 1 0 0 0 0 0 1 1 0 0 0 0 0 0 0 0 0 0 0 0 0 0 0 0 0 0 0 0 0 0 0 0 0 0 0 0 0 0 0 0 0
 2 2 4 5 5 7 3 3 1 1 0 0 0 0 0 0 0 0 0 0 0 0 0 0 0 0 0 0 0 0 0 0 0 0 0 0 0 0 0 0 0 0 0 0 0 0
 2 2 4 5 5 7 3 3 1 1 0 0 0 0 0 0 0 0 0 0 0 0 0 0 0 0 0 0 0 0 0 0 0 0 0 0 0 0 0 0 0 0 0 0 0 0
 11 11 13 13 13 13 7 7 4 4 1 0 0 0 0 0 0 0 0 0 0 0 0 0 0 0 0 0 0 0 0 0 0 0 0 0 0 0 0 0 0 0 0 0 0 0
 11 11 13 13 13 13 7 7 4 4 1 0 0 0 0 0 0 0 0 0 0 0 0 0 0 0 0 0 0 0 0 0 0 0 0 0 0 0 0 0 0 0 0 0 0 0
 23 23 11 12 12 26 12 12 10 10 3 0 0 0 0 0 0 0 0 0 0 0 0 0 0 0 0 0 0 0 0 0 0 0 0 0 0 0 0 0 0 0 0 0 0 0
 25 25 15 24 24 25 19 19 13 13 3 0 0 0 0 0 0 0 0 0 0 0 0 0 0 0 0 0 0 0 0 0 0 0 0 0 0 0 0 0 0 0 0 0 0 0
 25 25 15 24 24 25 19 19 13 13 3 0 0 0 0 0 0 0 0 0 0 0 0 0 0 0 0 0 0 0 0 0 0 0 0 0 0 0 0 0 0 0 0 0 0 0
 30 30 10 2 2 13 19 19 7 7 1 0 0 0 0 0 0 0 0 0 0 0 0 0 0 0 0 0 0 0 0 0 0 0 0 0 0 0 0 0 0 0 0 0 0 0
 29 29 4 1 1 2 1 1 1 1 0 0 0 0 0 0 0 0 0 0 0 0 0 0 0 0 0 0 0 0 0 0 0 0 0 0 0 0 0 0 0 0 0 0 0 0
 29 29 4 1 1 2 1 1 1 1 0 0 0 0 0 0 0 0 0 0 0 0 0 0 0 0 0 0 0 0 0 0 0 0 0 0 0 0 0 0 0 0 0 0 0 0
 15 15 2 0 0 0 0 0 0 0 0 0 0 0 0 0 0 0 0 0 0 0 0 0 0 0 0 0 0 0 0 0 0 0 0 0 0 0 0 0 0 0 0 0 0 0
 15 15 2 0 0 0 0 0 0 0 0 0 0 0 0 0 0 0 0 0 0 0 0 0 0 0 0 0 0 0 0 0 0 0 0 0 0 0 0 0 0 0 0 0 0 0
 2 2 2 1 1 0 0 0 0 0 0 0 0 0 0 0 0 0 0 0 0 0 0 0 0 0 0 0 0 0 0 0 0 0 0 0 0 0 0 0 0 0 0 0 0 0
 6 6 4 2 2 1 0 0 0 0 0 0 0 0 0 0 0 0 0 0 0 0 0 0 0 0 0 0 0 0 0 0 0 0 0 0 0 0 0 0 0 0 0 0 0 0
 6 6 4 2 2 1 0 0 0 0 0 0 0 0 0 0 0 0 0 0 0 0 0 0 0 0 0 0 0 0 0 0 0 0 0 0 0 0 0 0 0 0 0 0 0 0
 10 10 8 4 4 2 1 1 3 3 0 0 0 0 0 0 0 0 0 0 0 0 0 0 0 0 0 0 0 0 0 0 0 0 0 0 0 0 0 0 0 0 0 0 0 0
 15 15 13 8 8 4 2 2 4 4 3 4 4 0 0 0 0 0 0 0 0 0 0 0 0 0 0 0 0 0 0 0 0 0 0 0 0 0 0 0 0 0 0 0 0 0
 15 15 13 8 8 4 2 2 4 4 3 4 4 0 0 0 0 0 0 0 0 0 0 0 0 0 0 0 0 0 0 0 0 0 0 0 0 0 0 0 0 0 0 0 0 0
 17 17 15 9 9 5 3 3 30 30 31 5 5 1 0 0 0 0 0 0 0 0 0 0 0 0 0 0 0 0 0 0 0 0 0 0 0 0 0 0 0 0 0 0 0 0
 17 17 15 9 9 5 3 3 30 30 31 5 5 1 0 0 0 0 0 0 0 0 0 0 0 0 0 0 0 0 0 0 0 0 0 0 0 0 0 0 0 0 0 0 0 0
 13 13 11 8 8 7 51 51 31 31 33 9 9 6 6 6 0 0 0 0 0 0 0 0 0 0 0 1 1 1 0 0 0 0 0 0 0 0 0 0 0 0 0 0 0 0
 14 14 10 7 7 6 52 52 50 50 49 19 19 17 6 6 0 0 0 0 0 0 0 0 0 0 0 1 1 1 0 0 0 0 0 0 0 0 0 0 0 0 0 0 0 0
 14 14 10 7 7 6 52 52 50 50 49 19 19 17 6 6 0 0 0 0 0 0 0 0 0 0 0 1 1 1 0 0 0 0 0 0 0 0 0 0 0 0 0 0 0 0
 13 13 10 9 9 7 39 39 39 39 49 19 19 19 17 17 1 1 1 0 0 0 0 0 0 0 0 0 0 0 0 0 0 0 0 0 0 0 0 0 0 0 0 0 0 0
 14 14 12 8 8 6 38 38 39 39 37 47 47 45 4 4 4 4 4 0 0 0 0 0 0 0 0 0 0 0 0 0 0 0 0 0 0 0 0 0 0 0 0 0 0 0
 14 14 12 8 8 6 38 38 39 39 37 47 47 45 4 4 4 4 4 0 0 0 0 0 0 0 0 0 0 0 0 0 0 0 0 0 0 0 0 0 0 0 0 0 0 0
 14 14 11 8 8 40 40 40 40 40 31 34 34 46 1 1 4 4 4 0 0 0 0 0 0 0 0 0 0 1 1 1 0 0 0 0 0 0 0 0 0 0 0 0 0 0
 14 14 11 8 8 40 40 40 40 40 31 34 34 46 1 1 4 4 4 0 0 0 0 0 0 0 0 0 0 1 1 1 0 0 0 0 0 0 0 0 0 0 0 0 0 0
 25 25 22 21 21 55 56 56 42 42 32 35 35 33 2 2 1 1 2 3 3 0 0 0 0 0 0 0 0 1 2 2 1 1 0 0 0 0 1 1 0 0 0 0 0 0
 24 24 20 20 20 57 58 58 58 58 38 40 40 39 3 3 1 1 3 3 3 0 0 0 0 0 0 0 0 1 1 1 1 1 0 0 0 1 0 0 1 1 1 1 1 0
 24 24 20 20 20 57 58 58 58 58 38 40 40 39 3 3 1 1 3 3 3 0 0 0 0 0 0 0 0 1 1 1 1 1 0 0 0 1 0 0 1 1 1 1 1 0
 24 24 20 21 21 67 69 69 46 46 45 40 40 7 28 28 26 26 14 14 14 0 0 0 0 0 0 1 1 1 1 1 1 1 1 1 1 1 0 0 1 1 2 2 2 2
 18 18 15 42 42 65 68 68 47 47 47 48 48 15 21 21 37 37 2 0 0 0 0 0 0 0 0 1 1 2 1 1 1 1 1 1 1 1 1 1 1 1 1 1 1 2
 18 18 15 42 42 65 68 68 47 47 47 48 48 15 21 21 37 37 2 0 0 0 0 0 0 0 0 1 1 2 1 1 1 1 1 1 1 1 1 1 1 1 1 1 1 2
 17 17 15 41 41 43 49 49 43 43 46 45 45 14 11 11 4 4 3 2 2 3 2 2 1 1 1 3 3 3 3 3 2 2 1 1 1 1 2 2 2 2 1 1 1 1
 17 17 15 41 41 43 49 49 43 43 46 45 45 14 11 11 4 4 3 2 2 3 2 2 1 1 1 3 3 3 3 3 2 2 1 1 1 1 2 2 2 2 1 1 1 1
 11 11 10 30 30 30 49 49 35 35 74 98 98 62 6 6 4 4 1 10 10 12 12 12 6 6 2 4 4 4 4 4 5 5 2 1 1 1 1 1 2 2 1 1 1 1
 18 18 19 39 39 55 71 71 93 93 57 62 62 81 29 29 31 31 27 13 13 20 18 18 11 11 3 1 1 2 5 5 5 5 4 1 1 0 1 1 3 3 2 1 1 1
 18 18 19 39 39 55 71 71 93 93 57 62 62 81 29 29 31 31 27 13 13 20 18 18 11 11 3 1 1 2 5 5 5 5 4 1 1 0 1 1 3 3 2 1 1 1
 48 48 35 35 35 69 61 61 199 199 157 75 75 9 7 7 5 5 10 15 15 21 18 18 14 14 6 2 2 1 3 3 4 4 2 1 1 0 0 0 1 1 1 1 1 0
 48 48 48 28 28 110 94 94 321 321 156 74 74 7 5 5 2 2 8 12 12 12 15 15 18 18 12 3 3 1 2 2 5 5 3 2 2 1 1 1 0 0 0 0 0 0
 48 48 48 28 28 110 94 94 321 321 156 74 74 7 5 5 2 2 8 12 12 12 15 15 18 18 12 3 3 1 2 2 5 5 3 2 2 1 1 1 0 0 0 0 0 0
 42 42 46 63 63 78 93 93 316 316 71 51 51 7 4 4 1 1 5 9 9 10 9 9 18 18 15 5 5 2 4 4 4 4 2 3 3 3 3 3 2 2 0 0 0 0
 42 42 46 63 63 78 93 93 316 316 71 51 51 7 4 4 1 1 5 9 9 10 9 9 18 18 15 5 5 2 4 4 4 4 2 3 3 3 3 3 2 2 0 0 0 0
 38 38 51 54 54 37 61 61 63 63 37 13 13 6 4 4 1 1 2 5 5 8 8 8 11 11 7 3 3 4 11 11 3 3 1 2 2 3 3 3 2 2 1 0 0 1
 6 6 24 24 24 10 10 10 10 10 10 8 8 5 1 1 1 1 1 2 2 7 7 7 8 8 3 2 2 2 3 3 1 1 0 1 1 2 2 2 2 2 0 0 0 1
 6 6 24 24 24 10 10 10 10 10 10 8 8 5 1 1 1 1 1 2 2 7 7 7 8 8 3 2 2 2 3 3 1 1 0 1 1 2 2 2 2 2 0 0 0 1
 5 5 17 22 22 9 10 10 8 8 4 4 4 4 2 2 1 1 0 2 2 8 6 6 3 3 1 1 1 1 1 1 0 0 1 1 1 1 1 1 1 1 0 0 0 0
 3 3 16 47 47 47 6 6 1 1 2 3 3 3 2 2 1 1 1 4 4 7 5 5 5 5 1 1 1 4 2 2 1 1 1 1 1 1 1 1 0 0 0 0 0 0
 3 3 16 47 47 47 6 6 1 1 2 3 3 3 2 2 1 1 1 4 4 7 5 5 5 5 1 1 1 4 2 2 1 1 1 1 1 1 1 1 0 0 0 0 0 0
 6 6 6 4 4 49 6 6 2 2 2 3 3 5 4 4 1 1 1 3 3 4 3 3 3 3 1 1 1 4 3 3 2 2 1 1 1 0 0 0 0 0 0 1 1 1
 6 6 6 4 4 49 6 6 2 2 2 3 3 5 4 4 1 1 1 3 3 4 3 3 3 3 1 1 1 4 3 3 2 2 1 1 1 0 0 0 0 0 0 1 1 1
 2 2 2 4 4 7 6 6 4 4 4 4 4 2 2 2 1 1 2 4 4 6 9 9 10 10 5 2 2 2 2 2 1 1 1 0 0 1 0 0 0 0 0 1 1 2
 2 2 2 2 2 3 3 3 3 3 4 5 5 2 2 2 2 2 3 5 5 9 17 17 13 13 11 7 7 3 1 1 1 1 1 0 0 0 0 0 0 0 0 1 1 2
 2 2 2 2 2 3 3 3 3 3 4 5 5 2 2 2 2 2 3 5 5 9 17 17 13 13 11 7 7 3 1 1 1 1 1 0 0 0 0 0 0 0 0 1 1 2
 2 2 2 2 2 3 3 3 3 3 3 4 4 4 2 2 2 2 4 6 6 12 15 15 13 13 18 16 16 6 1 1 0 0 0 0 0 0 0 0 0 0 0 0 0 1
 1 1 2 5 5 5 10 10 11 11 9 3 3 5 7 7 2 2 4 6 6 13 15 15 13 13 10 12 12 4 1 1 2 2 0 0 0 1 1 1 0 0 0 0 0 1
 1 1 2 5 5 5 10 10 11 11 9 3 3 5 7 7 2 2 4 6 6 13 15 15 13 13 10 12 12 4 1 1 2 2 0 0 0 1 1 1 0 0 0 0 0 1
 4 4 5 8 8 10 24 24 22 22 19 7 7 7 8 8 6 6 4 4 4 7 10 10 8 8 5 7 7 2 2 2 2 2 1 1 1 1 1 1 1 1 1 1 1 0
 4 4 5 8 8 10 24 24 22 22 19 7 7 7 8 8 6 6 4 4 4 7 10 10 8 8 5 7 7 2 2 2 2 2 1 1 1 1 1 1 1 1 1 1 1 0
 16 16 37 49 49 51 52 52 50 50 52 45 45 10 18 18 10 10 6 2 2 3 4 4 3 3 2 2 2 2 4 4 3 3 1 0 0 1 1 1 4 4 2 2 2 1
 49 49 49 51 51 112 114 114 97 97 145 128 128 23 21 21 9 9 7 3 3 1 1 1 1 1 1 1 1 2 3 3 8 8 2 0 0 1 1 1 1 1 2 2 2 2
 49 49 49 51 51 112 114 114 97 97 145 128 128 23 21 21 9 9 7 3 3 1 1 1 1 1 1 1 1 2 3 3 8 8 2 0 0 1 1 1 1 1 2 2 2 2
 107 107 132 131 131 142 142 142 102 102 159 167 167 21 19 19 27 27 34 28 28 0 0 0 0 0 1 1 1 1 1 1 2 2 1 1 1 1 1 1 1 1 1 2 2 3
 112 112 147 144 144 201 186 186 197 197 168 63 63 25 22 22 28 28 35 29 29 1 1 1 1 1 1 2 2 1 0 0 0 0 1 3 3 3 2 2 2 2 2 3 3 4
 112 112 147 144 144 201 186 186 197 197 168 63 63 25 22 22 28 28 35 29 29 1 1 1 1 1 1 2 2 1 0 0 0 0 1 3 3 3 2 2 2 2 2 3 3 4
 135 135 210 223 223 224 189 189 196 196 141 32 32 28 75 75 91 91 219 101 101 91 1 1 1 1 1 1 1 0 0 0 1 1 1 3 3 2 2 2 2 2 2 3 3 4
 135 135 210 223 223 224 189 189 196 196 141 32 32 28 75 75 91 91 219 101 101 91 1 1 1 1 1 1 1 0 0 0 1 1 1 3 3 2 2 2 2 2 2 3 3 4
 134 134 189 188 188 190 164 164 171 171 112 43 43 37 83 83 148 148 143 92 92 90 2 2 1 1 1 0 0 1 1 1 1 1 2 3 3 2 1 1 2 2 2 2 2 2
 134 134 191 182 182 186 128 128 85 85 57 52 52 43 103 103 155 155 149 89 89 14 8 8 3 3 3 3 3 8 3 3 2 2 2 4 4 5 2 2 3 3 2 1 1 1
 134 134 191 182 182 186 128 128 85 85 57 52 52 43 103 103 155 155 149 89 89 14 8 8 3 3 3 3 3 8 3 3 2 2 2 4 4 5 2 2 3 3 2 1 1 1
 161 161 112 129 129 130 108 108 75 75 81 78 78 97 159 159 187 187 160 130 130 44 36 36 9 9 4 4 4 10 4 4 2 2 1 3 3 3 6 6 8 8 4 2 2 1
 158 158 57 84 84 57 41 41 41 41 45 41 41 77 105 105 136 136 146 117 117 42 34 34 9 9 7 9 9 13 3 3 2 2 2 2 2 2 5 5 12 12 7 2 2 1
