assets/RAT_results/precipitation/2023-09-18_IMERG.asc
ncols        46
nrows        77
xllcorner    74.800261325624
yllcorner    8.058333333333
cellsize     0.062500000000
NODATA_value -9999
 1 1 1 5 5 4 4 4 1 1 1 0 0 1 3 3 2 2 3 2 2 3 3 3 3 3 3 3 3 6 6 6 6 6 7 10 10 10 10 10 17 17 25 22 22 9
 3 3 3 7 7 5 1 1 1 1 2 1 1 1 3 3 3 3 3 2 2 2 3 3 3 3 3 3 3 4 5 5 5 5 6 7 7 12 11 11 17 17 26 14 14 11
 3 3 3 7 7 5 1 1 1 1 2 1 1 1 3 3 3 3 3 2 2 2 3 3 3 3 3 3 3 4 5 5 5 5 6 7 7 12 11 11 17 17 26 14 14 11
 7 7 3 2 2 1 2 2 2 2 2 2 2 2 3 3 1 1 2 2 2 2 3 3 4 4 5 4 4 5 5 5 7 7 6 8 8 9 13 13 15 15 11 12 12 17
 5 5 1 1 1 2 2 2 1 1 2 3 3 3 4 4 5 5 2 2 2 2 4 4 8 8 8 7 7 11 10 10 11 11 10 9 9 6 7 7 14 14 8 15 15 25
 5 5 1 1 1 2 2 2 1 1 2 3 3 3 4 4 5 5 2 2 2 2 4 4 8 8 8 7 7 11 10 10 11 11 10 9 9 6 7 7 14 14 8 15 15 25
 3 3 1 0 0 1 1 1 0 0 2 3 3 3 4 4 4 4 1 1 1 3 5 5 5 5 5 15 15 14 18 18 9 9 5 4 4 5 7 7 10 10 9 14 14 22
 3 3 1 0 0 1 1 1 0 0 2 3 3 3 4 4 4 4 1 1 1 3 5 5 5 5 5 15 15 14 18 18 9 9 5 4 4 5 7 7 10 10 9 14 14 22
 4 4 4 3 3 0 1 1 1 1 2 4 4 5 3 3 2 2 2 2 2 2 3 3 6 6 4 15 15 17 14 14 5 5 3 3 3 4 7 7 9 9 8 15 15 15
 5 5 6 7 7 1 1 1 1 1 1 2 2 2 3 3 3 3 2 2 2 2 2 2 5 5 3 10 10 6 3 3 3 3 3 3 3 3 3 3 4 4 5 10 10 11
 5 5 6 7 7 1 1 1 1 1 1 2 2 2 3 3 3 3 2 2 2 2 2 2 5 5 3 10 10 6 3 3 3 3 3 3 3 3 3 3 4 4 5 10 10 11
 8 8 6 4 4 3 4 4 5 5 3 2 2 2 2 2 1 1 1 1 1 3 6 6 2 2 2 9 9 5 2 2 2 2 2 2 2 2 2 2 1 1 1 2 2 5
 9 9 15 21 21 19 7 7 3 3 2 2 2 2 2 2 1 1 0 0 0 0 1 1 2 2 2 1 1 1 2 2 1 1 1 1 1 1 1 1 1 1 2 3 3 10
 9 9 15 21 21 19 7 7 3 3 2 2 2 2 2 2 1 1 0 0 0 0 1 1 2 2 2 1 1 1 2 2 1 1 1 1 1 1 1 1 1 1 2 3 3 10
 10 10 11 12 12 11 11 11 8 8 3 2 2 2 1 1 1 1 0 0 0 2 1 1 1 1 1 1 1 2 2 2 2 2 2 2 2 3 8 8 14 14 6 4 4 7
 10 10 11 12 12 11 11 11 8 8 3 2 2 2 1 1 1 1 0 0 0 2 1 1 1 1 1 1 1 2 2 2 2 2 2 2 2 3 8 8 14 14 6 4 4 7
 8 8 11 12 12 8 9 9 7 7 2 2 2 2 2 2 2 2 1 1 1 2 1 1 0 0 1 2 2 3 4 4 4 4 3 4 4 6 10 10 14 14 7 26 26 7
 10 10 11 11 11 7 5 5 3 3 1 2 2 8 6 6 2 2 1 1 1 0 0 0 0 0 0 1 1 1 1 1 2 2 3 7 7 8 24 24 19 19 4 6 6 8
 10 10 11 11 11 7 5 5 3 3 1 2 2 8 6 6 2 2 1 1 1 0 0 0 0 0 0 1 1 1 1 1 2 2 3 7 7 8 24 24 19 19 4 6 6 8
 14 14 12 12 12 9 9 9 6 6 6 4 4 6 3 3 13 13 3 3 3 0 1 1 1 1 0 0 0 0 0 0 1 1 4 6 6 5 12 12 3 3 4 6 6 8
 14 14 14 16 16 22 17 17 12 12 9 11 11 12 14 14 13 13 3 3 3 4 5 5 2 2 1 1 1 1 1 1 1 1 4 3 3 3 2 2 2 2 3 4 4 7
 14 14 14 16 16 22 17 17 12 12 9 11 11 12 14 14 13 13 3 3 3 4 5 5 2 2 1 1 1 1 1 1 1 1 4 3 3 3 2 2 2 2 3 4 4 7
 13 13 9 30 30 45 15 15 10 10 14 6 6 10 5 5 7 7 6 5 5 10 7 7 3 3 2 6 6 4 4 4 4 4 5 4 4 5 5 5 4 4 3 3 3 4
 13 13 9 30 30 45 15 15 10 10 14 6 6 10 5 5 7 7 6 5 5 10 7 7 3 3 2 6 6 4 4 4 4 4 5 4 4 5 5 5 4 4 3 3 3 4
 9 9 6 24 24 42 14 14 34 34 13 7 7 7 7 7 7 7 6 3 3 3 3 3 2 2 4 4 4 5 5 5 5 5 5 6 6 6 6 6 5 5 4 4 4 6
 8 8 8 24 24 24 41 41 30 30 30 8 8 3 3 3 2 2 1 3 3 3 1 1 1 1 10 2 2 3 5 5 6 6 5 5 5 6 6 6 6 6 7 6 6 8
 8 8 8 24 24 24 41 41 30 30 30 8 8 3 3 3 2 2 1 3 3 3 1 1 1 1 10 2 2 3 5 5 6 6 5 5 5 6 6 6 6 6 7 6 6 8
 5 5 8 11 11 29 21 21 30 30 27 4 4 6 2 2 7 7 7 6 6 6 1 1 1 1 7 4 4 2 3 3 3 3 3 3 3 5 10 10 7 7 9 6 6 8
 5 5 10 27 27 44 48 48 27 27 11 12 12 9 8 8 7 7 9 13 13 13 2 2 5 5 5 4 4 2 2 2 2 2 2 3 3 5 11 11 7 7 6 4 4 4
 5 5 10 27 27 44 48 48 27 27 11 12 12 9 8 8 7 7 9 13 13 13 2 2 5 5 5 4 4 2 2 2 2 2 2 3 3 5 11 11 7 7 6 4 4 4
 5 5 6 7 7 22 22 22 12 12 11 12 12 12 13 13 8 8 19 13 13 15 7 7 9 9 10 8 8 4 3 3 4 4 4 5 5 8 11 11 6 6 5 4 4 5
 5 5 6 7 7 22 22 22 12 12 11 12 12 12 13 13 8 8 19 13 13 15 7 7 9 9 10 8 8 4 3 3 4 4 4 5 5 8 11 11 6 6 5 4 4 5
 7 7 13 13 13 14 16 16 17 17 15 10 10 30 21 21 25 25 19 15 15 11 11 11 9 9 11 10 10 9 8 8 6 6 6 10 10 12 10 10 8 8 7 7 7 8
 10 10 14 21 21 29 12 12 10 10 8 8 8 23 29 29 34 34 26 22 22 19 8 8 8 8 6 6 6 7 10 10 7 7 8 9 9 10 10 10 11 11 12 10 10 10
 10 10 14 21 21 29 12 12 10 10 8 8 8 23 29 29 34 34 26 22 22 19 8 8 8 8 6 6 6 7 10 10 7 7 8 9 9 10 10 10 11 11 12 10 10 10
 8 8 10 16 16 21 16 16 9 9 8 11 11 13 28 28 33 33 31 26 26 19 7 7 8 8 3 4 4 4 6 6 6 6 7 8 8 8 11 11 13 13 14 12 12 11
 9 9 13 19 19 20 13 13 9 9 9 8 8 12 12 12 19 19 19 30 30 23 14 14 12 12 5 5 5 3 5 5 6 6 6 7 7 9 10 10 12 12 14 13 13 12
 9 9 13 19 19 20 13 13 9 9 9 8 8 12 12 12 19 19 19 30 30 23 14 14 12 12 5 5 5 3 5 5 6 6 6 7 7 9 10 10 12 12 14 13 13 12
 11 11 12 21 21 23 22 22 12 12 15 14 14 20 18 18 16 16 24 33 33 30 22 22 19 19 11 11 11 6 6 6 6 6 6 8 8 14 10 10 11 11 13 13 13 14
 11 11 12 21 21 23 22 22 12 12 15 14 14 20 18 18 16 16 24 33 33 30 22 22 19 19 11 11 11 6 6 6 6 6 6 8 8 14 10 10 11 11 13 13 13 14
 20 20 21 22 22 28 25 25 29 29 30 27 27 38 30 30 30 30 25 33 33 28 27 27 22 22 16 13 13 12 9 9 6 6 6 8 8 14 9 9 11 11 15 21 21 22
 21 21 26 30 30 40 44 44 36 36 32 43 43 47 34 34 46 46 48 56 56 44 42 42 24 24 25 17 17 7 8 8 6 6 7 8 8 14 9 9 13 13 15 16 16 21
 21 21 26 30 30 40 44 44 36 36 32 43 43 47 34 34 46 46 48 56 56 44 42 42 24 24 25 17 17 7 8 8 6 6 7 8 8 14 9 9 13 13 15 16 16 21
 42 42 29 30 30 32 37 37 37 37 45 70 70 80 56 56 69 69 91 68 68 46 38 38 34 34 31 23 23 14 13 13 9 9 9 9 9 16 13 13 15 15 18 18 18 22
 23 23 15 15 15 27 29 29 38 38 45 60 60 87 76 76 130 130 95 87 87 56 42 42 40 40 35 28 28 23 12 12 12 12 12 10 10 15 19 19 27 27 29 28 28 21
 23 23 15 15 15 27 29 29 38 38 45 60 60 87 76 76 130 130 95 87 87 56 42 42 40 40 35 28 28 23 12 12 12 12 12 10 10 15 19 19 27 27 29 28 28 21
 13 13 12 12 12 14 16 16 26 26 62 65 65 92 67 67 103 103 99 89 89 90 89 89 42 42 36 29 29 27 15 15 15 15 14 14 14 13 14 14 16 16 22 23 23 17
 13 13 12 12 12 14 16 16 26 26 62 65 65 92 67 67 103 103 99 89 89 90 89 89 42 42 36 29 29 27 15 15 15 15 14 14 14 13 14 14 16 16 22 23 23 17
 9 9 10 11 11 15 27 27 27 27 43 46 46 65 95 95 108 108 121 115 115 94 32 32 36 36 30 29 29 29 22 22 14 14 14 17 17 17 17 17 18 18 20 19 19 26
 6 6 7 8 8 7 13 13 15 15 35 55 55 60 87 87 102 102 121 107 107 85 24 24 29 29 11 19 19 16 13 13 10 10 13 16 16 18 19 19 20 20 20 20 20 22
 6 6 7 8 8 7 13 13 15 15 35 55 55 60 87 87 102 102 121 107 107 85 24 24 29 29 11 19 19 16 13 13 10 10 13 16 16 18 19 19 20 20 20 20 20 22
 4 4 5 7 7 8 7 7 21 21 34 57 57 58 91 91 99 99 78 54 54 44 16 16 16 16 8 10 10 8 15 15 14 14 15 12 12 13 16 16 16 16 17 22 22 23
 6 6 4 7 7 7 6 6 7 7 7 29 29 34 61 61 69 69 71 42 42 52 16 16 17 17 12 10 10 9 17 17 23 23 23 17 17 9 11 11 12 12 14 15 15 15
 6 6 4 7 7 7 6 6 7 7 7 29 29 34 61 61 69 69 71 42 42 52 16 16 17 17 12 10 10 9 17 17 23 23 23 17 17 9 11 11 12 12 14 15 15 15
 5 5 6 8 8 8 8 8 10 10 6 15 15 45 63 63 70 70 65 34 34 11 13 13 25 25 17 11 11 8 14 14 19 19 35 25 25 18 13 13 12 12 13 15 15 27
 5 5 6 8 8 8 8 8 10 10 6 15 15 45 63 63 70 70 65 34 34 11 13 13 25 25 17 11 11 8 14 14 19 19 35 25 25 18 13 13 12 12 13 15 15 27
 8 8 6 6 6 10 14 14 19 19 17 38 38 40 45 45 45 45 38 50 50 10 10 10 9 9 12 9 9 11 12 12 17 17 20 25 25 25 16 16 13 13 15 16 16 22
 15 15 7 6 6 27 35 35 42 42 32 61 61 68 89 89 52 52 42 31 31 7 17 17 18 18 24 11 11 12 12 12 11 11 16 22 22 20 15 15 17 17 13 14 14 17
 15 15 7 6 6 27 35 35 42 42 32 61 61 68 89 89 52 52 42 31 31 7 17 17 18 18 24 11 11 12 12 12 11 11 16 22 22 20 15 15 17 17 13 14 14 17
 55 55 68 39 39 77 57 57 68 68 42 64 64 69 80 80 79 79 76 77 77 13 11 11 15 15 14 11 11 13 9 9 14 14 19 15 15 23 15 15 15 15 12 11 11 16
 76 76 76 80 80 84 85 85 85 85 46 47 47 54 59 59 69 69 62 98 98 98 29 29 42 42 51 19 19 14 8 8 9 9 12 14 14 12 21 21 10 10 9 8 8 9
 76 76 76 80 80 84 85 85 85 85 46 47 47 54 59 59 69 69 62 98 98 98 29 29 42 42 51 19 19 14 8 8 9 9 12 14 14 12 21 21 10 10 9 8 8 9
 77 77 75 98 98 99 88 88 90 90 59 50 50 52 57 57 95 95 73 117 117 100 33 33 18 18 44 30 30 9 9 9 9 9 8 10 10 12 9 9 8 8 6 7 7 9
 77 77 75 98 98 99 88 88 90 90 59 50 50 52 57 57 95 95 73 117 117 100 33 33 18 18 44 30 30 9 9 9 9 9 8 10 10 12 9 9 8 8 6 7 7 9
 67 67 69 69 69 83 84 84 70 70 45 35 35 72 72 72 94 94 41 33 33 18 23 23 20 20 46 50 50 17 14 14 11 11 11 10 10 10 11 11 10 10 8 6 6 6
 68 68 69 69 69 70 70 70 49 49 50 36 36 36 21 21 35 35 50 47 47 21 32 32 31 31 50 52 52 26 31 31 23 23 22 21 21 19 18 18 15 15 11 10 10 7
 68 68 69 69 69 70 70 70 49 49 50 36 36 36 21 21 35 35 50 47 47 21 32 32 31 31 50 52 52 26 31 31 23 23 22 21 21 19 18 18 15 15 11 10 10 7
 65 65 63 61 61 54 54 54 57 57 60 56 56 39 23 23 42 42 33 31 31 31 34 34 29 29 28 23 23 26 32 32 29 29 27 26 26 26 22 22 24 24 10 9 9 7
 33 33 64 34 34 37 56 56 59 59 61 57 57 42 30 30 29 29 22 30 30 35 35 35 61 61 34 39 39 18 24 24 26 26 31 33 33 24 17 17 17 17 9 8 8 3
 33 33 64 34 34 37 56 56 59 59 61 57 57 42 30 30 29 29 22 30 30 35 35 35 61 61 34 39 39 18 24 24 26 26 31 33 33 24 17 17 17 17 9 8 8 3
 36 36 11 13 13 14 41 41 43 43 53 38 38 40 27 27 27 27 19 20 20 35 56 56 60 60 36 37 37 18 31 31 24 24 26 37 37 20 14 14 14 14 9 6 6 1
 36 36 11 13 13 14 41 41 43 43 53 38 38 40 27 27 27 27 19 20 20 35 56 56 60 60 36 37 37 18 31 31 24 24 26 37 37 20 14 14 14 14 9 6 6 1
 11 11 13 14 14 16 33 33 30 30 34 40 40 16 17 17 17 17 16 15 15 12 30 30 33 33 33 29 29 29 58 58 25 25 28 21 21 19 21 21 17 17 5 7 7 0
 10 10 12 13 13 19 22 22 15 15 15 15 15 17 17 17 15 15 13 11 11 11 9 9 18 18 18 30 30 38 45 45 19 19 31 28 28 18 17 17 18 18 15 4 4 1
 10 10 12 13 13 19 22 22 15 15 15 15 15 17 17 17 15 15 13 11 11 11 9 9 18 18 18 30 30 38 45 45 19 19 31 28 28 18 17 17 18 18 15 4 4 1
 7 7 8 9 9 11 18 18 11 11 12 14 14 15 13 13 12 12 9 8 8 8 7 7 26 26 39 79 79 190 78 78 78 78 49 34 34 27 23 23 23 23 20 14 14 2
 4 4 6 6 6 8 9 9 9 9 11 12 12 13 11 11 7 7 5 6 6 6 9 9 17 17 38 61 61 198 76 76 71 71 34 33 33 23 25 25 24 24 23 17 17 6
