assets/RAT_results/precipitation/2023-11-06_IMERG.asc
ncols        46
nrows        77
xllcorner    74.800261325624
yllcorner    8.058333333333
cellsize     0.062500000000
NODATA_value -9999
 2 2 0 0 0 0 0 0 0 0 1 2 2 3 1 1 1 1 1 1 1 3 11 11 16 16 39 54 54 56 61 61 62 62 59 24 24 19 37 37 43 43 33 23 23 25
 3 3 2 2 2 1 1 1 0 0 2 4 4 4 1 1 1 1 1 1 1 1 13 13 17 17 22 55 55 55 44 44 65 65 39 37 37 30 31 31 34 34 35 27 27 35
 3 3 2 2 2 1 1 1 0 0 2 4 4 4 1 1 1 1 1 1 1 1 13 13 17 17 22 55 55 55 44 44 65 65 39 37 37 30 31 31 34 34 35 27 27 35
 1 1 1 2 2 1 0 0 0 0 2 3 3 3 1 1 1 1 1 1 1 4 14 14 19 19 21 48 48 48 39 39 34 34 35 27 27 26 30 30 37 37 53 47 47 40
 4 4 1 1 1 1 0 0 0 0 1 3 3 2 1 1 2 2 2 1 1 8 11 11 18 18 22 37 37 44 40 40 33 33 29 24 24 16 22 22 30 30 53 52 52 38
 4 4 1 1 1 1 0 0 0 0 1 3 3 2 1 1 2 2 2 1 1 8 11 11 18 18 22 37 37 44 40 40 33 33 29 24 24 16 22 22 30 30 53 52 52 38
 7 7 4 1 1 2 1 1 1 1 1 2 2 1 0 0 1 1 2 1 1 8 12 12 17 17 23 48 48 48 39 39 26 26 27 25 25 12 12 12 43 43 53 52 52 56
 7 7 4 1 1 2 1 1 1 1 1 2 2 1 0 0 1 1 2 1 1 8 12 12 17 17 23 48 48 48 39 39 26 26 27 25 25 12 12 12 43 43 53 52 52 56
 8 8 4 2 2 1 2 2 1 1 0 0 0 0 0 0 0 0 0 0 0 9 13 13 18 18 24 36 36 47 40 40 25 25 19 21 21 14 13 13 18 18 57 71 71 106
 9 9 7 2 2 2 1 1 1 1 0 1 1 1 1 1 0 0 0 0 0 11 15 15 18 18 22 32 32 49 47 47 39 39 16 15 15 20 21 21 23 23 28 46 46 60
 9 9 7 2 2 2 1 1 1 1 0 1 1 1 1 1 0 0 0 0 0 11 15 15 18 18 22 32 32 49 47 47 39 39 16 15 15 20 21 21 23 23 28 46 46 60
 3 3 2 2 2 1 1 1 1 1 1 2 2 3 2 2 1 1 0 1 1 7 13 13 22 22 27 35 35 46 33 33 32 32 17 12 12 21 26 26 20 20 30 54 54 56
 2 2 1 1 1 1 1 1 0 0 0 0 0 1 2 2 2 2 1 3 3 9 16 16 17 17 29 25 25 23 25 25 25 25 8 14 14 21 28 28 18 18 37 45 45 56
 2 2 1 1 1 1 1 1 0 0 0 0 0 1 2 2 2 2 1 3 3 9 16 16 17 17 29 25 25 23 25 25 25 25 8 14 14 21 28 28 18 18 37 45 45 56
 1 1 1 1 1 1 0 0 0 0 0 0 0 0 1 1 1 1 1 3 3 4 12 12 24 24 34 14 14 20 20 20 32 32 11 18 18 25 29 29 30 30 23 37 37 40
 1 1 1 1 1 1 0 0 0 0 0 0 0 0 1 1 1 1 1 3 3 4 12 12 24 24 34 14 14 20 20 20 32 32 11 18 18 25 29 29 30 30 23 37 37 40
 1 1 1 1 1 0 0 0 0 0 0 0 0 0 0 0 0 0 0 0 0 6 4 4 9 9 13 8 8 7 15 15 22 22 15 18 18 23 48 48 40 40 47 29 29 26
 0 0 0 0 0 0 0 0 0 0 0 1 1 0 0 0 0 0 1 0 0 6 4 4 0 0 1 5 5 6 6 6 11 11 19 24 24 34 39 39 49 49 46 52 52 53
 0 0 0 0 0 0 0 0 0 0 0 1 1 0 0 0 0 0 1 0 0 6 4 4 0 0 1 5 5 6 6 6 11 11 19 24 24 34 39 39 49 49 46 52 52 53
 0 0 0 0 0 0 0 0 0 0 1 0 0 0 0 0 1 1 1 1 1 1 5 5 5 5 2 6 6 16 6 6 8 8 12 20 20 35 37 37 87 87 93 63 63 68
 0 0 0 0 0 0 0 0 0 0 0 3 3 1 1 1 2 2 3 4 4 5 6 6 5 5 1 3 3 8 7 7 7 7 13 36 36 44 46 46 70 70 73 82 82 116
 0 0 0 0 0 0 0 0 0 0 0 3 3 1 1 1 2 2 3 4 4 5 6 6 5 5 1 3 3 8 7 7 7 7 13 36 36 44 46 46 70 70 73 82 82 116
 0 0 0 0 0 0 0 0 0 0 0 0 0 1 1 1 2 2 5 10 10 16 12 12 6 6 1 1 1 3 3 3 13 13 9 19 19 40 19 19 46 46 56 59 59 79
 0 0 0 0 0 0 0 0 0 0 0 0 0 1 1 1 2 2 5 10 10 16 12 12 6 6 1 1 1 3 3 3 13 13 9 19 19 40 19 19 46 46 56 59 59 79
 0 0 0 0 0 0 0 0 0 0 5 1 1 2 2 2 3 3 5 9 9 17 21 21 11 11 3 2 2 4 3 3 3 3 4 7 7 12 13 13 19 19 25 26 26 51
 0 0 0 0 0 0 0 0 0 0 1 0 0 0 2 2 3 3 4 6 6 13 21 21 16 16 6 4 4 4 0 0 0 0 1 4 4 5 7 7 25 25 28 27 27 30
 0 0 0 0 0 0 0 0 0 0 1 0 0 0 2 2 3 3 4 6 6 13 21 21 16 16 6 4 4 4 0 0 0 0 1 4 4 5 7 7 25 25 28 27 27 30
 0 0 0 0 0 0 0 0 0 0 0 0 0 0 3 3 3 3 3 4 4 11 27 27 25 25 19 10 10 10 2 2 1 1 3 1 1 5 8 8 28 28 31 32 32 28
 0 0 0 0 0 0 0 0 0 0 1 2 2 0 4 4 4 4 5 5 5 14 37 37 44 44 32 21 21 13 14 14 8 8 1 4 4 5 8 8 29 29 32 33 33 32
 0 0 0 0 0 0 0 0 0 0 1 2 2 0 4 4 4 4 5 5 5 14 37 37 44 44 32 21 21 13 14 14 8 8 1 4 4 5 8 8 29 29 32 33 33 32
 0 0 0 0 0 0 0 0 1 1 3 4 4 2 6 6 4 4 2 6 6 18 45 45 51 51 43 28 28 23 18 18 10 10 2 2 2 8 12 12 28 28 30 32 32 32
 0 0 0 0 0 0 0 0 1 1 3 4 4 2 6 6 4 4 2 6 6 18 45 45 51 51 43 28 28 23 18 18 10 10 2 2 2 8 12 12 28 28 30 32 32 32
 0 0 0 0 0 0 0 0 1 1 2 3 3 11 3 3 2 2 2 5 5 18 47 47 53 53 49 34 34 24 15 15 11 11 5 3 3 4 5 5 21 21 19 23 23 23
 0 0 0 0 0 0 0 0 0 0 0 1 1 6 9 9 6 6 1 4 4 11 31 31 38 38 44 34 34 22 20 20 21 21 13 2 2 3 4 4 9 9 15 20 20 18
 0 0 0 0 0 0 0 0 0 0 0 1 1 6 9 9 6 6 1 4 4 11 31 31 38 38 44 34 34 22 20 20 21 21 13 2 2 3 4 4 9 9 15 20 20 18
 0 0 0 0 0 0 0 0 1 1 1 0 0 2 1 1 1 1 1 2 2 5 12 12 20 20 28 26 26 22 21 21 15 15 5 3 3 6 9 9 8 8 5 13 13 12
 0 0 0 0 0 0 0 0 1 1 1 0 0 0 0 0 0 0 0 1 1 2 6 6 9 9 14 24 24 22 20 20 14 14 8 12 12 8 7 7 5 5 8 14 14 22
 0 0 0 0 0 0 0 0 1 1 1 0 0 0 0 0 0 0 0 1 1 2 6 6 9 9 14 24 24 22 20 20 14 14 8 12 12 8 7 7 5 5 8 14 14 22
 0 0 0 0 0 0 0 0 1 1 1 1 1 0 0 0 0 0 1 1 1 2 3 3 4 4 4 13 13 16 24 24 19 19 15 25 25 9 5 5 6 6 12 23 23 22
 0 0 0 0 0 0 0 0 1 1 1 1 1 0 0 0 0 0 1 1 1 2 3 3 4 4 4 13 13 16 24 24 19 19 15 25 25 9 5 5 6 6 12 23 23 22
 0 0 0 0 0 0 0 0 2 2 3 2 2 0 0 0 0 0 1 1 1 1 1 1 2 2 2 9 9 10 20 20 29 29 25 20 20 17 13 13 25 25 31 22 22 25
 0 0 0 0 0 0 0 0 2 2 5 1 1 0 1 1 0 0 1 1 1 2 3 3 3 3 6 10 10 20 23 23 21 21 18 19 19 17 11 11 23 23 26 29 29 32
 0 0 0 0 0 0 0 0 2 2 5 1 1 0 1 1 0 0 1 1 1 2 3 3 3 3 6 10 10 20 23 23 21 21 18 19 19 17 11 11 23 23 26 29 29 32
 0 0 0 0 0 0 0 0 0 0 1 0 0 0 0 0 0 0 4 4 4 6 7 7 5 5 16 30 30 34 32 32 25 25 19 17 17 20 12 12 25 25 20 31 31 35
 0 0 0 0 0 0 0 0 0 0 1 1 1 0 0 0 0 0 0 4 4 8 12 12 5 5 14 30 30 40 36 36 27 27 22 16 16 16 21 21 20 20 27 34 34 40
 0 0 0 0 0 0 0 0 0 0 1 1 1 0 0 0 0 0 0 4 4 8 12 12 5 5 14 30 30 40 36 36 27 27 22 16 16 16 21 21 20 20 27 34 34 40
 0 0 0 0 0 0 0 0 0 0 1 1 1 0 0 0 2 2 2 10 10 14 14 14 7 7 8 19 19 36 36 36 23 23 13 9 9 17 21 21 28 28 34 39 39 38
 0 0 0 0 0 0 0 0 0 0 1 1 1 0 0 0 2 2 2 10 10 14 14 14 7 7 8 19 19 36 36 36 23 23 13 9 9 17 21 21 28 28 34 39 39 38
 0 0 0 0 0 0 0 0 0 0 1 0 0 0 2 2 2 2 2 9 9 16 17 17 10 10 8 12 12 20 22 22 13 13 15 22 22 28 36 36 38 38 42 53 53 53
 0 0 0 0 0 0 0 0 2 2 8 2 2 0 2 2 2 2 2 10 10 12 17 17 19 19 11 14 14 23 26 26 19 19 18 25 25 27 32 32 48 48 66 78 78 74
 0 0 0 0 0 0 0 0 2 2 8 2 2 0 2 2 2 2 2 10 10 12 17 17 19 19 11 14 14 23 26 26 19 19 18 25 25 27 32 32 48 48 66 78 78 74
 0 0 0 0 0 0 0 0 2 2 8 2 2 0 2 2 2 2 3 3 3 14 19 19 19 19 14 17 17 22 24 24 22 22 23 33 33 38 48 48 64 64 95 98 98 87
 0 0 0 0 0 0 0 0 1 1 2 1 1 1 3 3 3 3 3 3 3 15 19 19 21 21 22 22 22 25 20 20 18 18 35 38 38 48 58 58 67 67 84 115 115 102
 0 0 0 0 0 0 0 0 1 1 2 1 1 1 3 3 3 3 3 3 3 15 19 19 21 21 22 22 22 25 20 20 18 18 35 38 38 48 58 58 67 67 84 115 115 102
 0 0 0 0 0 0 0 0 0 0 0 1 1 0 0 0 1 1 1 1 1 13 14 14 14 14 14 18 18 27 25 25 24 24 30 37 37 47 61 61 73 73 96 98 98 87
 0 0 0 0 0 0 0 0 0 0 0 1 1 0 0 0 1 1 1 1 1 13 14 14 14 14 14 18 18 27 25 25 24 24 30 37 37 47 61 61 73 73 96 98 98 87
 0 0 0 0 0 0 0 0 0 0 0 0 0 0 0 0 1 1 1 1 1 7 8 8 9 9 14 19 19 18 21 21 26 26 31 40 40 52 60 60 81 81 99 102 102 67
 0 0 0 0 0 0 0 0 0 0 0 0 0 0 0 0 0 0 0 1 1 2 10 10 13 13 21 31 31 23 22 22 27 27 25 35 35 54 77 77 84 84 99 97 97 77
 0 0 0 0 0 0 0 0 0 0 0 0 0 0 0 0 0 0 0 1 1 2 10 10 13 13 21 31 31 23 22 22 27 27 25 35 35 54 77 77 84 84 99 97 97 77
 0 0 0 0 0 0 0 0 0 0 0 0 0 0 0 0 0 0 1 2 2 5 18 18 20 20 37 39 39 32 30 30 36 36 42 47 47 63 82 82 86 86 91 93 93 90
 0 0 0 0 0 0 1 1 0 0 0 0 0 0 0 0 1 1 1 3 3 5 12 12 13 13 13 38 38 31 28 28 47 47 45 47 47 64 71 71 77 77 70 73 73 85
 0 0 0 0 0 0 1 1 0 0 0 0 0 0 0 0 1 1 1 3 3 5 12 12 13 13 13 38 38 31 28 28 47 47 45 47 47 64 71 71 77 77 70 73 73 85
 0 0 0 0 0 2 2 2 1 1 0 0 0 0 1 1 1 1 13 14 14 17 21 21 12 12 15 30 30 27 25 25 26 26 34 33 33 61 64 64 75 75 66 67 67 72
 0 0 0 0 0 2 2 2 1 1 0 0 0 0 1 1 1 1 13 14 14 17 21 21 12 12 15 30 30 27 25 25 26 26 34 33 33 61 64 64 75 75 66 67 67 72
 0 0 0 0 0 1 1 1 0 0 0 0 0 1 1 1 1 1 13 30 30 33 26 26 14 14 13 11 11 20 22 22 30 30 37 51 51 66 55 55 61 61 62 64 64 68
 0 0 0 0 0 0 0 0 0 0 2 2 2 3 3 3 2 2 20 24 24 25 25 25 8 8 7 5 5 11 13 13 22 22 42 57 57 53 42 42 45 45 51 51 51 29
 0 0 0 0 0 0 0 0 0 0 2 2 2 3 3 3 2 2 20 24 24 25 25 25 8 8 7 5 5 11 13 13 22 22 42 57 57 53 42 42 45 45 51 51 51 29
 0 0 0 0 0 0 0 0 0 0 0 5 5 7 8 8 7 7 6 12 12 13 13 13 7 7 5 3 3 7 9 9 12 12 32 39 39 39 32 32 33 33 28 19 19 20
 0 0 0 0 0 0 0 0 0 0 1 6 6 6 7 7 7 7 6 14 14 3 7 7 5 5 4 3 3 3 8 8 5 5 11 23 23 28 31 31 34 34 25 11 11 13
 0 0 0 0 0 0 0 0 0 0 1 6 6 6 7 7 7 7 6 14 14 3 7 7 5 5 4 3 3 3 8 8 5 5 11 23 23 28 31 31 34 34 25 11 11 13
 0 0 0 0 0 0 0 0 1 1 1 5 5 5 6 6 8 8 8 8 8 3 7 7 4 4 3 4 4 4 4 4 4 4 11 21 21 18 22 22 11 11 7 3 3 3
 0 0 0 0 0 0 0 0 1 1 1 5 5 5 6 6 8 8 8 8 8 3 7 7 4 4 3 4 4 4 4 4 4 4 11 21 21 18 22 22 11 11 7 3 3 3
 0 0 0 1 1 1 1 1 1 1 1 6 6 6 4 4 5 5 5 4 4 3 4 4 3 3 4 5 5 6 7 7 8 8 21 17 17 12 10 10 13 13 10 3 3 2
 0 0 0 1 1 1 0 0 0 0 1 2 2 4 5 5 4 4 3 2 2 2 4 4 3 3 4 5 5 8 11 11 13 13 12 7 7 11 7 7 7 7 7 2 2 1
 0 0 0 1 1 1 0 0 0 0 1 2 2 4 5 5 4 4 3 2 2 2 4 4 3 3 4 5 5 8 11 11 13 13 12 7 7 11 7 7 7 7 7 2 2 1
 0 0 0 0 0 0 0 0 0 0 0 1 1 4 5 5 5 5 4 2 2 3 5 5 6 6 7 7 7 9 15 15 18 18 15 9 9 4 13 13 7 7 8 5 5 2
 0 0 0 0 0 0 0 0 0 0 0 5 5 5 4 4 9 9 11 6 6 6 4 4 6 6 9 4 4 7 10 10 14 14 13 8 8 10 9 9 9 9 8 5 5 4
