assets/RAT_results/precipitation/2023-06-25_IMERG.asc
ncols        46
nrows        77
xllcorner    74.800261325624
yllcorner    8.058333333333
cellsize     0.062500000000
NODATA_value -9999
 9 9 13 6 6 0 0 0 0 0 0 0 0 0 0 0 1 1 1 2 2 2 1 1 2 2 2 2 2 3 2 2 2 2 2 1 1 1 0 0 1 1 0 0 0 0
 2 2 2 1 1 2 1 1 0 0 0 0 0 0 1 1 1 1 1 1 1 1 1 1 1 1 1 1 1 1 1 1 0 0 1 1 1 1 0 0 0 0 0 0 0 0
 2 2 2 1 1 2 1 1 0 0 0 0 0 0 1 1 1 1 1 1 1 1 1 1 1 1 1 1 1 1 1 1 0 0 1 1 1 1 0 0 0 0 0 0 0 0
 2 2 1 0 0 1 0 0 0 0 0 0 0 1 1 1 1 1 0 1 1 0 0 0 0 0 0 0 0 0 0 0 0 0 0 0 0 0 0 0 0 0 0 0 0 0
 2 2 1 1 1 0 0 0 0 0 0 1 1 0 0 0 0 0 0 0 0 0 0 0 0 0 0 0 0 0 0 0 0 0 0 0 0 0 0 0 0 0 0 0 0 0
 2 2 1 1 1 0 0 0 0 0 0 1 1 0 0 0 0 0 0 0 0 0 0 0 0 0 0 0 0 0 0 0 0 0 0 0 0 0 0 0 0 0 0 0 0 0
 9 9 3 1 1 1 1 1 1 1 1 1 1 1 0 0 0 0 1 1 1 1 0 0 1 1 0 0 0 0 0 0 0 0 0 0 0 0 0 0 0 0 0 1 1 0
 9 9 3 1 1 1 1 1 1 1 1 1 1 1 0 0 0 0 1 1 1 1 0 0 1 1 0 0 0 0 0 0 0 0 0 0 0 0 0 0 0 0 0 1 1 0
 10 10 4 5 5 3 1 1 1 1 1 1 1 0 1 1 1 1 2 3 3 3 2 2 2 2 1 1 1 0 0 0 0 0 0 0 0 0 0 0 0 0 0 0 0 0
 12 12 8 10 10 4 5 5 2 2 1 0 0 0 5 5 1 1 2 4 4 4 3 3 3 3 1 0 0 0 0 0 0 0 0 0 0 0 1 1 1 1 0 0 0 0
 12 12 8 10 10 4 5 5 2 2 1 0 0 0 5 5 1 1 2 4 4 4 3 3 3 3 1 0 0 0 0 0 0 0 0 0 0 0 1 1 1 1 0 0 0 0
 20 20 6 9 9 3 5 5 2 2 0 2 2 3 6 6 2 2 1 2 2 2 2 2 2 2 2 1 1 1 0 0 0 0 1 1 1 0 0 0 1 1 0 0 0 0
 15 15 39 28 28 14 6 6 2 2 1 0 0 2 1 1 1 1 1 2 2 2 2 2 4 4 2 1 1 1 1 1 1 1 1 1 1 0 1 1 0 0 0 0 0 1
 15 15 39 28 28 14 6 6 2 2 1 0 0 2 1 1 1 1 1 2 2 2 2 2 4 4 2 1 1 1 1 1 1 1 1 1 1 0 1 1 0 0 0 0 0 1
 45 45 44 32 32 32 20 20 5 5 3 2 2 1 1 1 1 1 1 1 1 3 2 2 3 3 1 1 1 2 2 2 1 1 1 1 1 0 1 1 1 1 1 1 1 1
 45 45 44 32 32 32 20 20 5 5 3 2 2 1 1 1 1 1 1 1 1 3 2 2 3 3 1 1 1 2 2 2 1 1 1 1 1 0 1 1 1 1 1 1 1 1
 39 39 42 38 38 34 21 21 5 5 5 4 4 4 2 2 1 1 3 3 3 1 2 2 4 4 2 2 2 3 3 3 2 2 2 2 2 1 1 1 1 1 1 1 1 1
 45 45 44 51 51 18 17 17 12 12 6 5 5 7 4 4 4 4 3 4 4 2 3 3 5 5 3 3 3 5 4 4 4 4 3 2 2 1 2 2 1 1 1 1 1 1
 45 45 44 51 51 18 17 17 12 12 6 5 5 7 4 4 4 4 3 4 4 2 3 3 5 5 3 3 3 5 4 4 4 4 3 2 2 1 2 2 1 1 1 1 1 1
 33 33 11 16 16 19 17 17 15 15 13 10 10 7 5 5 3 3 5 5 5 4 5 5 6 6 6 6 6 3 2 2 2 2 1 1 1 1 1 1 1 1 1 2 2 2
 27 27 8 10 10 17 20 20 13 13 13 13 13 10 8 8 7 7 7 7 7 6 4 4 4 4 5 6 6 3 2 2 2 2 1 1 1 1 2 2 3 3 3 3 3 3
 27 27 8 10 10 17 20 20 13 13 13 13 13 10 8 8 7 7 7 7 7 6 4 4 4 4 5 6 6 3 2 2 2 2 1 1 1 1 2 2 3 3 3 3 3 3
 25 25 9 9 9 13 13 13 14 14 15 13 13 11 11 11 8 8 6 8 8 4 3 3 3 3 4 9 9 3 3 3 2 2 2 3 3 2 2 2 3 3 3 3 3 4
 25 25 9 9 9 13 13 13 14 14 15 13 13 11 11 11 8 8 6 8 8 4 3 3 3 3 4 9 9 3 3 3 2 2 2 3 3 2 2 2 3 3 3 3 3 4
 39 39 26 22 22 8 11 11 16 16 18 16 16 11 11 11 14 14 7 5 5 4 4 4 3 3 4 6 6 4 3 3 2 2 3 4 4 4 3 3 3 3 4 4 4 4
 44 44 41 33 33 19 13 13 17 17 18 15 15 12 14 14 14 14 12 7 7 6 5 5 6 6 7 4 4 2 2 2 2 2 3 4 4 4 3 3 3 3 4 3 3 3
 44 44 41 33 33 19 13 13 17 17 18 15 15 12 14 14 14 14 12 7 7 6 5 5 6 6 7 4 4 2 2 2 2 2 3 4 4 4 3 3 3 3 4 3 3 3
 28 28 33 33 33 33 39 39 25 25 24 22 22 17 17 17 14 14 11 6 6 5 3 3 6 6 7 3 3 2 1 1 3 3 3 4 4 5 3 3 3 3 2 1 1 1
 25 25 34 45 45 41 41 41 27 27 22 18 18 15 15 15 9 9 10 3 3 2 2 2 2 2 4 3 3 9 2 2 2 2 2 2 2 2 2 2 1 1 1 0 0 1
 25 25 34 45 45 41 41 41 27 27 22 18 18 15 15 15 9 9 10 3 3 2 2 2 2 2 4 3 3 9 2 2 2 2 2 2 2 2 2 2 1 1 1 0 0 1
 20 20 35 45 45 49 48 48 26 26 18 25 25 13 13 13 5 5 4 4 4 2 1 1 2 2 1 2 2 4 1 1 1 1 1 1 1 1 2 2 1 1 0 0 0 1
 20 20 35 45 45 49 48 48 26 26 18 25 25 13 13 13 5 5 4 4 4 2 1 1 2 2 1 2 2 4 1 1 1 1 1 1 1 1 2 2 1 1 0 0 0 1
 11 11 22 27 27 35 48 48 27 27 19 25 25 23 10 10 8 8 4 4 4 3 5 5 2 2 1 1 1 0 1 1 0 0 1 1 1 1 2 2 1 1 1 0 0 0
 16 16 18 28 28 32 31 31 21 21 22 23 23 23 14 14 11 11 4 3 3 2 2 2 2 2 2 1 1 2 2 2 1 1 1 1 1 1 1 1 1 1 1 1 1 0
 16 16 18 28 28 32 31 31 21 21 22 23 23 23 14 14 11 11 4 3 3 2 2 2 2 2 2 1 1 2 2 2 1 1 1 1 1 1 1 1 1 1 1 1 1 0
 7 7 11 24 24 25 18 18 21 21 17 21 21 24 18 18 21 21 21 7 7 8 6 6 3 3 3 2 2 1 2 2 2 2 2 1 1 0 1 1 2 2 1 1 1 0
 7 7 11 13 13 20 16 16 20 20 19 17 17 21 21 21 14 14 22 16 16 13 5 5 6 6 7 4 4 2 2 2 2 2 2 1 1 1 1 1 1 1 1 2 2 2
 7 7 11 13 13 20 16 16 20 20 19 17 17 21 21 21 14 14 22 16 16 13 5 5 6 6 7 4 4 2 2 2 2 2 2 1 1 1 1 1 1 1 1 2 2 2
 8 8 10 11 11 10 12 12 15 15 17 15 15 18 19 19 21 21 16 11 11 10 12 12 9 9 8 6 6 5 4 4 1 1 1 0 0 0 1 1 1 1 1 4 4 6
 8 8 10 11 11 10 12 12 15 15 17 15 15 18 19 19 21 21 16 11 11 10 12 12 9 9 8 6 6 5 4 4 1 1 1 0 0 0 1 1 1 1 1 4 4 6
 22 22 19 10 10 10 10 10 14 14 13 13 13 16 18 18 15 15 20 12 12 15 14 14 15 15 4 5 5 6 7 7 0 0 0 0 0 0 0 0 0 0 0 1 1 1
 21 21 20 39 39 38 9 9 11 11 9 10 10 13 17 17 19 19 21 12 12 10 11 11 11 11 4 5 5 4 3 3 0 0 0 0 0 0 1 1 1 1 0 0 0 0
 21 21 20 39 39 38 9 9 11 11 9 10 10 13 17 17 19 19 21 12 12 10 11 11 11 11 4 5 5 4 3 3 0 0 0 0 0 0 1 1 1 1 0 0 0 0
 39 39 52 37 37 40 11 11 7 7 8 10 10 11 15 15 18 18 13 14 14 5 4 4 4 4 3 1 1 4 2 2 0 0 0 0 0 1 2 2 1 1 0 0 0 0
 39 39 42 41 41 36 35 35 7 7 9 11 11 12 14 14 16 16 16 13 13 10 9 9 7 7 3 1 1 3 4 4 0 0 0 0 0 1 1 1 1 1 0 1 1 1
 39 39 42 41 41 36 35 35 7 7 9 11 11 12 14 14 16 16 16 13 13 10 9 9 7 7 3 1 1 3 4 4 0 0 0 0 0 1 1 1 1 1 0 1 1 1
 56 56 47 47 47 37 6 6 9 9 8 9 9 12 17 17 17 17 15 15 15 14 9 9 4 4 3 3 3 5 1 1 0 0 0 0 0 0 0 0 0 0 1 1 1 1
 56 56 47 47 47 37 6 6 9 9 8 9 9 12 17 17 17 17 15 15 15 14 9 9 4 4 3 3 3 5 1 1 0 0 0 0 0 0 0 0 0 0 1 1 1 1
 40 40 11 11 11 6 7 7 8 8 12 10 10 10 14 14 16 16 15 11 11 16 12 12 10 10 12 10 10 9 6 6 0 0 0 0 0 0 0 0 0 0 1 2 2 1
 37 37 39 6 6 3 5 5 9 9 12 10 10 10 14 14 15 15 16 20 20 18 11 11 9 9 13 17 17 7 6 6 1 1 1 0 0 1 0 0 1 1 1 1 1 0
 37 37 39 6 6 3 5 5 9 9 12 10 10 10 14 14 15 15 16 20 20 18 11 11 9 9 13 17 17 7 6 6 1 1 1 0 0 1 0 0 1 1 1 1 1 0
 40 40 38 5 5 3 4 4 6 6 9 12 12 13 15 15 15 15 15 15 15 14 13 13 11 11 12 10 10 6 2 2 2 2 1 1 1 1 1 1 1 1 1 0 0 0
 45 45 40 34 34 34 9 9 7 7 8 32 32 6 13 13 16 16 16 23 23 19 20 20 13 13 11 5 5 5 2 2 4 4 2 2 2 1 2 2 1 1 1 1 1 1
 45 45 40 34 34 34 9 9 7 7 8 32 32 6 13 13 16 16 16 23 23 19 20 20 13 13 11 5 5 5 2 2 4 4 2 2 2 1 2 2 1 1 1 1 1 1
 48 48 48 49 49 41 37 37 34 34 34 35 35 12 20 20 21 21 20 23 23 23 29 29 16 16 12 8 8 10 10 10 9 9 3 3 3 2 2 2 1 1 1 1 1 0
 48 48 48 49 49 41 37 37 34 34 34 35 35 12 20 20 21 21 20 23 23 23 29 29 16 16 12 8 8 10 10 10 9 9 3 3 3 2 2 2 1 1 1 1 1 0
 49 49 54 51 51 48 42 42 39 39 25 28 28 14 13 13 15 15 22 25 25 19 12 12 12 12 8 8 8 11 10 10 8 8 4 6 6 2 1 1 1 1 1 1 1 0
 48 48 52 52 52 48 46 46 41 41 27 29 29 13 14 14 18 18 21 22 22 18 12 12 14 14 10 5 5 8 8 8 8 8 3 3 3 5 3 3 2 2 2 0 0 0
 48 48 52 52 52 48 46 46 41 41 27 29 29 13 14 14 18 18 21 22 22 18 12 12 14 14 10 5 5 8 8 8 8 8 3 3 3 5 3 3 2 2 2 0 0 0
 44 44 49 52 52 51 45 45 40 40 39 23 23 13 14 14 17 17 19 23 23 24 17 17 16 16 13 10 10 9 6 6 6 6 4 1 1 4 4 4 2 2 2 0 0 0
 46 46 35 47 47 49 51 51 48 48 45 24 24 11 15 15 14 14 19 20 20 21 16 16 12 12 12 8 8 4 4 4 3 3 3 1 1 1 3 3 1 1 0 0 0 0
 46 46 35 47 47 49 51 51 48 48 45 24 24 11 15 15 14 14 19 20 20 21 16 16 12 12 12 8 8 4 4 4 3 3 3 1 1 1 3 3 1 1 0 0 0 0
 37 37 36 42 42 13 16 16 19 19 16 10 10 11 12 12 18 18 21 20 20 17 18 18 11 11 12 7 7 4 2 2 1 1 1 1 1 1 4 4 4 4 0 0 0 0
 37 37 36 42 42 13 16 16 19 19 16 10 10 11 12 12 18 18 21 20 20 17 18 18 11 11 12 7 7 4 2 2 1 1 1 1 1 1 4 4 4 4 0 0 0 0
 37 37 31 17 17 15 12 12 12 12 12 17 17 10 14 14 17 17 21 14 14 13 15 15 12 12 10 3 3 4 4 4 4 4 3 2 2 3 2 2 1 1 0 0 0 0
 29 29 24 26 26 12 7 7 7 7 13 13 13 11 10 10 11 11 12 11 11 13 15 15 12 12 6 5 5 2 4 4 4 4 3 1 1 1 4 4 2 2 0 0 0 1
 29 29 24 26 26 12 7 7 7 7 13 13 13 11 10 10 11 11 12 11 11 13 15 15 12 12 6 5 5 2 4 4 4 4 3 1 1 1 4 4 2 2 0 0 0 1
 12 12 18 22 22 16 7 7 9 9 7 7 7 7 9 9 14 14 17 13 13 8 10 10 10 10 8 6 6 3 7 7 2 2 2 1 1 1 0 0 2 2 1 1 1 1
 11 11 18 20 20 9 5 5 5 5 5 7 7 11 7 7 14 14 21 22 22 18 14 14 14 14 13 12 12 6 6 6 2 2 2 1 1 1 0 0 3 3 1 1 1 0
 11 11 18 20 20 9 5 5 5 5 5 7 7 11 7 7 14 14 21 22 22 18 14 14 14 14 13 12 12 6 6 6 2 2 2 1 1 1 0 0 3 3 1 1 1 0
 17 17 19 17 17 23 28 28 26 26 23 33 33 12 8 8 13 13 27 26 26 38 22 22 18 18 7 14 14 11 12 12 3 3 2 2 2 1 1 1 0 0 1 3 3 0
 17 17 19 17 17 23 28 28 26 26 23 33 33 12 8 8 13 13 27 26 26 38 22 22 18 18 7 14 14 11 12 12 3 3 2 2 2 1 1 1 0 0 1 3 3 0
 24 24 22 29 29 27 24 24 32 32 32 58 58 48 42 42 15 15 22 29 29 36 22 22 12 12 9 31 31 15 15 15 12 12 10 1 1 1 1 1 1 1 1 3 3 0
 30 30 36 37 37 52 33 33 41 41 53 68 68 58 52 52 55 55 58 23 23 24 19 19 15 15 27 31 31 16 43 43 16 16 19 7 7 6 1 1 1 1 1 1 1 1
 30 30 36 37 37 52 33 33 41 41 53 68 68 58 52 52 55 55 58 23 23 24 19 19 15 15 27 31 31 16 43 43 16 16 19 7 7 6 1 1 1 1 1 1 1 1
 22 22 52 64 64 39 37 37 40 40 40 70 70 55 55 55 56 56 56 49 49 32 66 66 49 49 70 66 66 46 47 47 22 22 20 16 16 13 1 1 1 1 1 1 1 0
 44 44 48 49 49 23 20 20 34 34 37 62 62 57 19 19 22 22 48 65 65 83 72 72 74 74 69 111 111 75 41 41 39 39 37 15 15 9 3 3 1 1 1 0 0 0
