assets/RAT_results/precipitation/2023-06-21_IMERG.asc
ncols        46
nrows        77
xllcorner    74.800261325624
yllcorner    8.058333333333
cellsize     0.062500000000
NODATA_value -9999
 38 38 28 38 38 24 21 21 22 22 22 13 13 14 19 19 21 21 15 13 13 8 16 16 13 13 12 15 15 14 7 7 7 7 4 4 4 5 5 5 5 5 5 4 4 3
 30 30 31 35 35 35 33 33 42 42 38 25 25 15 19 19 24 24 19 8 8 7 4 4 12 12 4 14 14 13 12 12 9 9 12 5 5 4 6 6 4 4 4 2 2 2
 30 30 31 35 35 35 33 33 42 42 38 25 25 15 19 19 24 24 19 8 8 7 4 4 12 12 4 14 14 13 12 12 9 9 12 5 5 4 6 6 4 4 4 2 2 2
 15 15 26 18 18 27 27 27 17 17 20 16 16 16 27 27 29 29 24 8 8 5 3 3 4 4 4 13 13 15 15 15 6 6 6 7 7 6 5 5 3 3 2 2 2 2
 6 6 9 7 7 8 7 7 7 7 6 6 6 7 9 9 21 21 8 6 6 6 5 5 5 5 6 10 10 11 13 13 11 11 8 8 8 5 6 6 8 8 4 4 4 3
 6 6 9 7 7 8 7 7 7 7 6 6 6 7 9 9 21 21 8 6 6 6 5 5 5 5 6 10 10 11 13 13 11 11 8 8 8 5 6 6 8 8 4 4 4 3
 5 5 2 4 4 2 2 2 2 2 3 3 3 3 6 6 4 4 4 5 5 7 4 4 9 9 8 14 14 13 15 15 16 16 31 9 9 7 6 6 8 8 21 3 3 1
 5 5 2 4 4 2 2 2 2 2 3 3 3 3 6 6 4 4 4 5 5 7 4 4 9 9 8 14 14 13 15 15 16 16 31 9 9 7 6 6 8 8 21 3 3 1
 7 7 4 2 2 1 1 1 1 1 1 1 1 2 2 2 4 4 7 4 4 4 6 6 7 7 13 15 15 16 17 17 15 15 18 72 72 9 11 11 15 15 17 14 14 1
 8 8 5 2 2 1 1 1 1 1 1 1 1 1 3 3 6 6 3 4 4 6 9 9 16 16 16 17 17 21 26 26 17 17 21 27 27 29 29 29 19 19 20 7 7 6
 8 8 5 2 2 1 1 1 1 1 1 1 1 1 3 3 6 6 3 4 4 6 9 9 16 16 16 17 17 21 26 26 17 17 21 27 27 29 29 29 19 19 20 7 7 6
 8 8 7 3 3 4 1 1 2 2 1 1 1 1 2 2 13 13 9 9 9 14 26 26 29 29 34 33 33 33 27 27 23 23 23 26 26 30 24 24 16 16 17 2 2 2
 7 7 5 3 3 4 1 1 2 2 3 2 2 3 3 3 5 5 10 15 15 25 31 31 34 34 29 31 31 40 24 24 16 16 10 10 10 9 9 9 10 10 9 2 2 2
 7 7 5 3 3 4 1 1 2 2 3 2 2 3 3 3 5 5 10 15 15 25 31 31 34 34 29 31 31 40 24 24 16 16 10 10 10 9 9 9 10 10 9 2 2 2
 5 5 4 2 2 5 5 5 3 3 3 4 4 5 5 5 6 6 9 13 13 16 13 13 20 20 13 17 17 16 13 13 7 7 5 3 3 2 7 7 6 6 8 5 5 3
 5 5 4 2 2 5 5 5 3 3 3 4 4 5 5 5 6 6 9 13 13 16 13 13 20 20 13 17 17 16 13 13 7 7 5 3 3 2 7 7 6 6 8 5 5 3
 4 4 3 3 3 6 6 6 3 3 4 4 4 4 6 6 5 5 5 6 6 8 8 8 10 10 8 9 9 8 5 5 6 6 3 2 2 3 7 7 3 3 8 3 3 3
 4 4 3 2 2 3 2 2 6 6 6 5 5 5 6 6 4 4 5 6 6 8 11 11 10 10 8 12 12 15 11 11 16 16 22 10 10 2 2 2 3 3 5 4 4 5
 4 4 3 2 2 3 2 2 6 6 6 5 5 5 6 6 4 4 5 6 6 8 11 11 10 10 8 12 12 15 11 11 16 16 22 10 10 2 2 2 3 3 5 4 4 5
 6 6 3 3 3 3 2 2 5 5 2 7 7 12 12 12 5 5 5 5 5 6 8 8 8 8 13 14 14 9 10 10 17 17 11 4 4 2 3 3 2 2 5 4 4 4
 8 8 8 5 5 6 6 6 6 6 5 9 9 8 7 7 8 8 14 10 10 6 5 5 4 4 12 10 10 7 11 11 11 11 17 4 4 3 5 5 4 4 5 3 3 3
 8 8 8 5 5 6 6 6 6 6 5 9 9 8 7 7 8 8 14 10 10 6 5 5 4 4 12 10 10 7 11 11 11 11 17 4 4 3 5 5 4 4 5 3 3 3
 11 11 15 9 9 10 10 10 10 10 6 8 8 9 7 7 6 6 9 16 16 8 9 9 5 5 7 6 6 7 12 12 11 11 7 7 7 4 8 8 7 7 6 5 5 6
 11 11 15 9 9 10 10 10 10 10 6 8 8 9 7 7 6 6 9 16 16 8 9 9 5 5 7 6 6 7 12 12 11 11 7 7 7 4 8 8 7 7 6 5 5 6
 13 13 15 9 9 9 9 9 10 10 10 7 7 10 10 10 6 6 8 10 10 7 5 5 3 3 2 2 2 4 8 8 3 3 3 4 4 4 10 10 11 11 9 6 6 6
 5 5 9 8 8 6 7 7 9 9 12 10 10 8 10 10 9 9 10 7 7 5 3 3 2 2 1 1 1 1 4 4 5 5 2 3 3 4 6 6 5 5 4 3 3 2
 5 5 9 8 8 6 7 7 9 9 12 10 10 8 10 10 9 9 10 7 7 5 3 3 2 2 1 1 1 1 4 4 5 5 2 3 3 4 6 6 5 5 4 3 3 2
 5 5 6 6 6 6 7 7 8 8 9 9 9 10 7 7 7 7 8 5 5 4 3 3 2 2 1 1 1 2 3 3 5 5 2 2 2 2 4 4 5 5 4 2 2 1
 7 7 7 6 6 6 6 6 9 9 10 13 13 9 7 7 9 9 6 5 5 4 3 3 3 3 3 2 2 5 4 4 7 7 2 1 1 1 2 2 4 4 4 3 3 3
 7 7 7 6 6 6 6 6 9 9 10 13 13 9 7 7 9 9 6 5 5 4 3 3 3 3 3 2 2 5 4 4 7 7 2 1 1 1 2 2 4 4 4 3 3 3
 20 20 20 11 11 14 7 7 8 8 9 12 12 12 11 11 12 12 7 6 6 6 5 5 5 5 6 5 5 4 3 3 3 3 1 1 1 2 2 2 4 4 4 3 3 3
 20 20 20 11 11 14 7 7 8 8 9 12 12 12 11 11 12 12 7 6 6 6 5 5 5 5 6 5 5 4 3 3 3 3 1 1 1 2 2 2 4 4 4 3 3 3
 20 20 28 15 15 34 8 8 7 7 12 13 13 12 12 12 14 14 14 11 11 8 7 7 5 5 4 5 5 3 2 2 2 2 2 2 2 2 2 2 4 4 3 3 3 3
 16 16 26 40 40 32 46 46 45 45 8 15 15 18 16 16 9 9 13 13 13 12 10 10 8 8 6 5 5 5 4 4 4 4 2 2 2 2 2 2 4 4 4 3 3 3
 16 16 26 40 40 32 46 46 45 45 8 15 15 18 16 16 9 9 13 13 13 12 10 10 8 8 6 5 5 5 4 4 4 4 2 2 2 2 2 2 4 4 4 3 3 3
 11 11 11 17 17 18 12 12 47 47 7 11 11 31 46 46 10 10 17 15 15 19 13 13 11 11 6 6 6 6 5 5 4 4 3 2 2 2 2 2 4 4 4 3 3 3
 6 6 6 11 11 14 22 22 16 16 16 11 11 35 46 46 14 14 15 17 17 20 14 14 12 12 5 6 6 6 3 3 2 2 2 2 2 2 2 2 2 2 5 3 3 3
 6 6 6 11 11 14 22 22 16 16 16 11 11 35 46 46 14 14 15 17 17 20 14 14 12 12 5 6 6 6 3 3 2 2 2 2 2 2 2 2 2 2 5 3 3 3
 9 9 15 15 15 18 23 23 22 22 16 13 13 20 21 21 19 19 14 17 17 16 9 9 13 13 4 5 5 4 3 3 4 4 5 4 4 3 3 3 3 3 3 5 5 3
 9 9 15 15 15 18 23 23 22 22 16 13 13 20 21 21 19 19 14 17 17 16 9 9 13 13 4 5 5 4 3 3 4 4 5 4 4 3 3 3 3 3 3 5 5 3
 15 15 16 13 13 12 17 17 21 21 17 18 18 16 7 7 8 8 11 12 12 14 12 12 12 12 5 5 5 4 2 2 2 2 4 4 4 5 4 4 3 3 3 6 6 11
 11 11 6 7 7 9 9 9 15 15 18 12 12 9 10 10 7 7 7 10 10 8 10 10 9 9 11 7 7 5 3 3 3 3 7 8 8 8 6 6 3 3 6 7 7 4
 11 11 6 7 7 9 9 9 15 15 18 12 12 9 10 10 7 7 7 10 10 8 10 10 9 9 11 7 7 5 3 3 3 3 7 8 8 8 6 6 3 3 6 7 7 4
 7 7 4 5 5 7 10 10 27 27 12 4 4 5 6 6 7 7 8 11 11 7 13 13 11 11 7 7 7 8 7 7 8 8 10 7 7 7 6 6 3 3 5 4 4 4
 27 27 2 3 3 6 18 18 19 19 12 16 16 5 7 7 8 8 9 10 10 11 13 13 12 12 10 8 8 8 6 6 4 4 4 4 4 5 4 4 4 4 4 4 4 4
 27 27 2 3 3 6 18 18 19 19 12 16 16 5 7 7 8 8 9 10 10 11 13 13 12 12 10 8 8 8 6 6 4 4 4 4 4 5 4 4 4 4 4 4 4 4
 27 27 2 5 5 6 9 9 10 10 15 18 18 6 8 8 10 10 14 16 16 11 7 7 8 8 8 4 4 4 3 3 3 3 2 3 3 4 5 5 5 5 4 3 3 2
 27 27 2 5 5 6 9 9 10 10 15 18 18 6 8 8 10 10 14 16 16 11 7 7 8 8 8 4 4 4 3 3 3 3 2 3 3 4 5 5 5 5 4 3 3 2
 24 24 23 4 4 4 8 8 10 10 12 14 14 46 28 28 39 39 9 10 10 7 4 4 5 5 4 3 3 3 4 4 4 4 2 2 2 2 2 2 2 2 2 2 2 1
 25 25 25 6 6 6 8 8 11 11 13 14 14 35 54 54 36 36 15 5 5 3 6 6 6 6 4 5 5 7 7 7 5 5 2 1 1 1 1 1 1 1 2 2 2 2
 25 25 25 6 6 6 8 8 11 11 13 14 14 35 54 54 36 36 15 5 5 3 6 6 6 6 4 5 5 7 7 7 5 5 2 1 1 1 1 1 1 1 2 2 2 2
 26 26 29 31 31 9 8 8 12 12 16 25 25 25 34 34 16 16 17 5 5 3 6 6 6 6 4 10 10 12 12 12 10 10 11 2 2 11 1 1 8 8 3 2 2 2
 11 11 30 31 31 10 9 9 12 12 12 12 12 10 9 9 18 18 7 7 7 6 5 5 5 5 4 5 5 9 9 9 12 12 11 12 12 13 10 10 11 11 3 2 2 2
 11 11 30 31 31 10 9 9 12 12 12 12 12 10 9 9 18 18 7 7 7 6 5 5 5 5 4 5 5 9 9 9 12 12 11 12 12 13 10 10 11 11 3 2 2 2
 10 10 29 31 31 9 9 9 8 8 8 10 10 11 10 10 6 6 7 5 5 4 4 4 4 4 3 5 5 10 9 9 12 12 12 14 14 18 14 14 13 13 4 3 3 3
 10 10 29 31 31 9 9 9 8 8 8 10 10 11 10 10 6 6 7 5 5 4 4 4 4 4 3 5 5 10 9 9 12 12 12 14 14 18 14 14 13 13 4 3 3 3
 4 4 4 29 29 9 7 7 7 7 7 8 8 8 7 7 7 7 8 4 4 3 4 4 5 5 4 4 4 5 5 5 9 9 9 16 16 16 11 11 10 10 9 1 1 1
 4 4 2 8 8 9 8 8 7 7 4 5 5 5 7 7 8 8 8 6 6 8 4 4 5 5 4 4 4 3 3 3 3 3 4 10 10 10 10 10 10 10 9 1 1 1
 4 4 2 8 8 9 8 8 7 7 4 5 5 5 7 7 8 8 8 6 6 8 4 4 5 5 4 4 4 3 3 3 3 3 4 10 10 10 10 10 10 10 9 1 1 1
 3 3 5 10 10 10 7 7 4 4 3 4 4 7 11 11 12 12 6 8 8 8 10 10 10 10 6 3 3 2 1 1 1 1 3 2 2 10 3 3 2 2 2 1 1 0
 5 5 7 11 11 12 7 7 4 4 1 2 2 6 11 11 13 13 14 18 18 18 19 19 19 19 2 2 2 2 1 1 2 2 2 2 2 5 5 5 3 3 1 1 1 0
 5 5 7 11 11 12 7 7 4 4 1 2 2 6 11 11 13 13 14 18 18 18 19 19 19 19 2 2 2 2 1 1 2 2 2 2 2 5 5 5 3 3 1 1 1 0
 11 11 15 15 15 18 14 14 8 8 6 7 7 9 10 10 11 11 13 11 11 21 27 27 4 4 3 3 3 3 2 2 2 2 3 5 5 7 5 5 2 2 1 0 0 0
 11 11 15 15 15 18 14 14 8 8 6 7 7 9 10 10 11 11 13 11 11 21 27 27 4 4 3 3 3 3 2 2 2 2 3 5 5 7 5 5 2 2 1 0 0 0
 7 7 8 11 11 16 9 9 9 9 12 15 15 9 6 6 11 11 11 10 10 10 15 15 11 11 5 5 5 0 1 1 2 2 4 7 7 7 3 3 2 2 1 0 0 0
 6 6 10 10 10 10 9 9 7 7 8 8 8 7 7 7 6 6 6 8 8 8 11 11 7 7 7 7 7 1 2 2 3 3 4 6 6 5 3 3 2 2 1 1 1 0
 6 6 10 10 10 10 9 9 7 7 8 8 8 7 7 7 6 6 6 8 8 8 11 11 7 7 7 7 7 1 2 2 3 3 4 6 6 5 3 3 2 2 1 1 1 0
 8 8 11 8 8 7 8 8 9 9 8 9 9 4 5 5 4 4 5 5 5 8 8 8 9 9 6 5 5 3 4 4 3 3 6 6 6 5 2 2 2 2 1 1 1 0
 7 7 10 10 10 10 11 11 12 12 14 11 11 7 6 6 6 6 7 6 6 4 3 3 4 4 5 5 5 3 4 4 3 3 4 3 3 2 1 1 1 1 3 2 2 3
 7 7 10 10 10 10 11 11 12 12 14 11 11 7 6 6 6 6 7 6 6 4 3 3 4 4 5 5 5 3 4 4 3 3 4 3 3 2 1 1 1 1 3 2 2 3
 10 10 13 14 14 15 15 15 16 16 20 16 16 12 10 10 9 9 7 5 5 5 4 4 5 5 5 4 4 2 2 2 3 3 3 1 1 1 1 1 2 2 4 7 7 9
 10 10 13 14 14 15 15 15 16 16 20 16 16 12 10 10 9 9 7 5 5 5 4 4 5 5 5 4 4 2 2 2 3 3 3 1 1 1 1 1 2 2 4 7 7 9
 16 16 19 23 23 24 28 28 27 27 24 18 18 19 17 17 12 12 10 6 6 6 6 6 4 4 3 3 3 3 3 3 2 2 2 1 1 2 3 3 3 3 4 6 6 11
 10 10 14 21 21 26 30 30 27 27 21 18 18 20 17 17 12 12 9 5 5 5 5 5 4 4 3 4 4 5 4 4 2 2 2 3 3 5 11 11 7 7 5 6 6 8
 10 10 14 21 21 26 30 30 27 27 21 18 18 20 17 17 12 12 9 5 5 5 5 5 4 4 3 4 4 5 4 4 2 2 2 3 3 5 11 11 7 7 5 6 6 8
 7 7 7 12 12 15 18 18 13 13 12 12 12 16 11 11 8 8 8 5 5 6 7 7 5 5 3 4 4 7 8 8 6 6 3 4 4 5 12 12 9 9 5 4 4 3
 4 4 7 8 8 11 12 12 8 8 7 6 6 7 6 6 5 5 6 7 7 8 12 12 7 7 4 4 4 5 8 8 11 11 10 9 9 9 9 9 6 6 4 2 2 1
