assets/RAT_results/precipitation/2023-06-12_IMERG.asc
ncols        46
nrows        77
xllcorner    74.800261325624
yllcorner    8.058333333333
cellsize     0.062500000000
NODATA_value -9999
 2 2 2 2 2 1 0 0 0 0 0 0 0 0 0 0 1 1 0 0 0 0 0 0 0 0 0 0 0 0 0 0 0 0 0 0 0 4 1 1 2 2 2 13 13 13
 2 2 4 5 5 1 1 1 0 0 0 1 1 1 0 0 1 1 0 0 0 0 0 0 0 0 0 0 0 0 0 0 0 0 0 0 0 0 1 1 1 1 1 8 8 8
 2 2 4 5 5 1 1 1 0 0 0 1 1 1 0 0 1 1 0 0 0 0 0 0 0 0 0 0 0 0 0 0 0 0 0 0 0 0 1 1 1 1 1 8 8 8
 3 3 3 4 4 2 1 1 0 0 0 1 1 4 0 0 1 1 0 0 0 0 0 0 0 0 0 1 1 1 1 1 1 1 0 0 0 0 1 1 1 1 1 6 6 8
 3 3 2 1 1 1 1 1 3 3 3 7 7 5 0 0 0 0 0 0 0 0 0 0 0 0 0 1 1 2 2 2 1 1 1 2 2 1 1 1 1 1 0 0 0 3
 3 3 2 1 1 1 1 1 3 3 3 7 7 5 0 0 0 0 0 0 0 0 0 0 0 0 0 1 1 2 2 2 1 1 1 2 2 1 1 1 1 1 0 0 0 3
 23 23 4 1 1 1 1 1 3 3 1 2 2 1 1 1 0 0 0 0 0 0 1 1 0 0 0 0 0 0 1 1 2 2 2 1 1 0 0 0 0 0 0 0 0 1
 23 23 4 1 1 1 1 1 3 3 1 2 2 1 1 1 0 0 0 0 0 0 1 1 0 0 0 0 0 0 1 1 2 2 2 1 1 0 0 0 0 0 0 0 0 1
 12 12 6 2 2 3 3 3 2 2 4 7 7 9 2 2 1 1 1 0 0 1 2 2 1 1 0 0 0 0 0 0 0 0 1 0 0 0 2 2 1 1 2 2 2 1
 13 13 5 3 3 4 6 6 6 6 13 22 22 21 5 5 3 3 3 1 1 2 2 2 1 1 0 0 0 0 0 0 0 0 0 0 0 0 0 0 0 0 0 1 1 0
 13 13 5 3 3 4 6 6 6 6 13 22 22 21 5 5 3 3 3 1 1 2 2 2 1 1 0 0 0 0 0 0 0 0 0 0 0 0 0 0 0 0 0 1 1 0
 18 18 31 12 12 4 4 4 8 8 15 27 27 25 8 8 3 3 4 2 2 2 3 3 3 3 1 0 0 0 0 0 0 0 0 0 0 0 0 0 0 0 0 0 0 0
 8 8 15 20 20 16 6 6 3 3 5 9 9 7 9 9 2 2 2 1 1 1 2 2 2 2 0 0 0 0 0 0 0 0 0 1 1 1 0 0 0 0 0 0 0 0
 8 8 15 20 20 16 6 6 3 3 5 9 9 7 9 9 2 2 2 1 1 1 2 2 2 2 0 0 0 0 0 0 0 0 0 1 1 1 0 0 0 0 0 0 0 0
 15 15 16 18 18 24 15 15 2 2 2 4 4 5 5 5 1 1 1 0 0 0 0 0 0 0 0 0 0 1 1 1 1 1 1 5 5 4 2 2 2 2 2 2 2 2
 15 15 16 18 18 24 15 15 2 2 2 4 4 5 5 5 1 1 1 0 0 0 0 0 0 0 0 0 0 1 1 1 1 1 1 5 5 4 2 2 2 2 2 2 2 2
 21 21 26 17 17 64 23 23 4 4 1 3 3 6 6 6 5 5 1 2 2 1 1 1 1 1 1 1 1 2 3 3 3 3 2 2 2 3 2 2 3 3 5 5 5 2
 24 24 30 34 34 70 66 66 13 13 6 4 4 3 6 6 6 6 7 4 4 3 2 2 3 3 3 2 2 3 3 3 2 2 2 2 2 2 3 3 15 15 15 18 18 6
 24 24 30 34 34 70 66 66 13 13 6 4 4 3 6 6 6 6 7 4 4 3 2 2 3 3 3 2 2 3 3 3 2 2 2 2 2 2 3 3 15 15 15 18 18 6
 35 35 37 64 64 81 66 66 16 16 12 9 9 9 9 9 10 10 13 3 3 3 3 3 4 4 4 4 4 3 3 3 3 3 2 2 2 2 4 4 14 14 18 17 17 13
 84 84 69 53 53 46 39 39 11 11 13 16 16 10 10 10 4 4 7 4 4 3 3 3 4 4 4 4 4 4 4 4 4 4 3 3 3 5 6 6 15 15 15 15 15 3
 84 84 69 53 53 46 39 39 11 11 13 16 16 10 10 10 4 4 7 4 4 3 3 3 4 4 4 4 4 4 4 4 4 4 3 3 3 5 6 6 15 15 15 15 15 3
 119 119 59 50 50 46 46 46 50 50 13 27 27 5 3 3 5 5 5 7 7 2 2 2 3 3 2 3 3 4 4 4 4 4 4 4 4 4 5 5 6 6 7 6 6 1
 119 119 59 50 50 46 46 46 50 50 13 27 27 5 3 3 5 5 5 7 7 2 2 2 3 3 2 3 3 4 4 4 4 4 4 4 4 4 5 5 6 6 7 6 6 1
 90 90 65 60 60 58 52 52 52 52 15 14 14 5 6 6 5 5 6 7 7 3 3 3 1 1 1 1 1 2 4 4 4 4 5 4 4 3 4 4 6 6 7 4 4 1
 93 93 104 111 111 82 49 49 49 49 13 8 8 30 6 6 2 2 5 11 11 3 3 3 1 1 1 2 2 2 2 2 2 2 2 1 1 1 1 1 2 2 2 1 1 0
 93 93 104 111 111 82 49 49 49 49 13 8 8 30 6 6 2 2 5 11 11 3 3 3 1 1 1 2 2 2 2 2 2 2 2 1 1 1 1 1 2 2 2 1 1 0
 117 117 134 141 141 100 52 52 40 40 20 13 13 30 24 24 4 4 11 11 11 4 3 3 2 2 2 1 1 2 1 1 1 1 0 0 0 0 0 0 0 0 0 0 0 0
 147 147 150 135 135 115 44 44 37 37 44 15 15 8 4 4 3 3 8 6 6 6 6 6 3 3 3 1 1 1 1 1 0 0 0 0 0 0 0 0 0 0 0 0 0 0
 147 147 150 135 135 115 44 44 37 37 44 15 15 8 4 4 3 3 8 6 6 6 6 6 3 3 3 1 1 1 1 1 0 0 0 0 0 0 0 0 0 0 0 0 0 0
 151 151 160 104 104 89 130 130 68 68 74 28 28 10 2 2 4 4 6 4 4 3 3 3 4 4 3 2 2 1 0 0 0 0 0 0 0 0 0 0 0 0 0 0 0 0
 151 151 160 104 104 89 130 130 68 68 74 28 28 10 2 2 4 4 6 4 4 3 3 3 4 4 3 2 2 1 0 0 0 0 0 0 0 0 0 0 0 0 0 0 0 0
 164 164 147 113 113 133 130 130 69 69 72 19 19 40 7 7 8 8 10 7 7 7 4 4 7 7 4 4 4 3 1 1 0 0 0 0 0 0 0 0 0 0 0 0 0 0
 176 176 112 112 112 180 173 173 117 117 113 41 41 40 38 38 7 7 15 14 14 12 9 9 6 6 3 4 4 6 4 4 1 1 1 1 1 1 1 1 1 1 1 1 1 1
 176 176 112 112 112 180 173 173 117 117 113 41 41 40 38 38 7 7 15 14 14 12 9 9 6 6 3 4 4 6 4 4 1 1 1 1 1 1 1 1 1 1 1 1 1 1
 119 119 116 116 116 187 175 175 119 119 89 88 88 45 46 46 8 8 17 15 15 16 12 12 9 9 4 4 4 4 3 3 3 3 3 2 2 2 2 2 2 2 2 2 2 2
 90 90 109 114 114 115 125 125 114 114 85 84 84 45 32 32 14 14 24 29 29 27 19 19 9 9 6 12 12 7 7 7 6 6 5 3 3 3 3 3 3 3 3 3 3 3
 90 90 109 114 114 115 125 125 114 114 85 84 84 45 32 32 14 14 24 29 29 27 19 19 9 9 6 12 12 7 7 7 6 6 5 3 3 3 3 3 3 3 3 3 3 3
 96 96 102 95 95 97 51 51 45 45 40 39 39 30 32 32 15 15 14 22 22 31 23 23 9 9 14 8 8 9 9 9 10 10 8 5 5 5 4 4 3 3 3 3 3 5
 96 96 102 95 95 97 51 51 45 45 40 39 39 30 32 32 15 15 14 22 22 31 23 23 9 9 14 8 8 9 9 9 10 10 8 5 5 5 4 4 3 3 3 3 3 5
 59 59 73 68 68 63 55 55 51 51 39 12 12 7 6 6 6 6 10 20 20 16 16 16 14 14 15 6 6 9 10 10 10 10 8 8 8 7 8 8 4 4 4 4 4 10
 64 64 76 50 50 54 65 65 20 20 16 16 16 13 9 9 27 27 29 42 42 18 24 24 25 25 6 3 3 4 5 5 13 13 6 9 9 8 7 7 9 9 4 3 3 6
 64 64 76 50 50 54 65 65 20 20 16 16 16 13 9 9 27 27 29 42 42 18 24 24 25 25 6 3 3 4 5 5 13 13 6 9 9 8 7 7 9 9 4 3 3 6
 46 46 57 58 58 95 71 71 31 31 24 21 21 17 32 32 29 29 30 50 50 33 26 26 14 14 7 10 10 11 7 7 7 7 4 5 5 6 8 8 11 11 10 4 4 2
 41 41 53 58 58 116 80 80 43 43 28 26 26 30 46 46 43 43 38 54 54 37 22 22 24 24 7 10 10 11 6 6 6 6 5 5 5 6 7 7 10 10 9 1 1 1
 41 41 53 58 58 116 80 80 43 43 28 26 26 30 46 46 43 43 38 54 54 37 22 22 24 24 7 10 10 11 6 6 6 6 5 5 5 6 7 7 10 10 9 1 1 1
 40 40 56 59 59 78 63 63 48 48 44 45 45 40 53 53 52 52 28 20 20 20 14 14 14 14 9 7 7 12 14 14 6 6 21 13 13 3 3 3 1 1 1 1 1 1
 40 40 56 59 59 78 63 63 48 48 44 45 45 40 53 53 52 52 28 20 20 20 14 14 14 14 9 7 7 12 14 14 6 6 21 13 13 3 3 3 1 1 1 1 1 1
 50 50 56 54 54 55 56 56 52 52 47 47 47 42 35 35 41 41 32 23 23 26 11 11 9 9 11 8 8 16 15 15 25 25 24 14 14 20 3 3 2 2 2 2 2 2
 65 65 70 78 78 60 65 65 58 58 48 52 52 46 38 38 28 28 22 16 16 11 8 8 23 23 16 10 10 17 19 19 35 35 34 25 25 20 3 3 3 3 2 2 2 2
 65 65 70 78 78 60 65 65 58 58 48 52 52 46 38 38 28 28 22 16 16 11 8 8 23 23 16 10 10 17 19 19 35 35 34 25 25 20 3 3 3 3 2 2 2 2
 83 83 94 111 111 82 77 77 66 66 66 73 73 56 49 49 35 35 31 20 20 11 33 33 31 31 23 13 13 24 22 22 36 36 35 26 26 3 2 2 3 3 3 3 3 2
 104 104 107 119 119 104 94 94 85 85 72 68 68 59 60 60 43 43 37 19 19 8 17 17 39 39 22 15 15 13 19 19 19 19 18 9 9 4 3 3 3 3 4 4 4 3
 104 104 107 119 119 104 94 94 85 85 72 68 68 59 60 60 43 43 37 19 19 8 17 17 39 39 22 15 15 13 19 19 19 19 18 9 9 4 3 3 3 3 4 4 4 3
 91 91 93 110 110 118 128 128 121 121 85 74 74 60 53 53 57 57 36 15 15 6 8 8 15 15 14 10 10 14 17 17 9 9 9 6 6 3 2 2 3 3 4 5 5 5
 91 91 93 110 110 118 128 128 121 121 85 74 74 60 53 53 57 57 36 15 15 6 8 8 15 15 14 10 10 14 17 17 9 9 9 6 6 3 2 2 3 3 4 5 5 5
 87 87 92 94 94 117 151 151 141 141 127 103 103 76 66 66 62 62 37 19 19 10 8 8 10 10 13 9 9 25 11 11 9 9 3 3 3 1 1 1 2 2 4 4 4 4
 87 87 95 124 124 121 185 185 229 229 269 230 230 178 85 85 90 90 54 29 29 21 13 13 8 8 9 17 17 40 20 20 16 16 9 7 7 0 0 0 1 1 2 2 2 1
 87 87 95 124 124 121 185 185 229 229 269 230 230 178 85 85 90 90 54 29 29 21 13 13 8 8 9 17 17 40 20 20 16 16 9 7 7 0 0 0 1 1 2 2 2 1
 90 90 96 115 115 134 200 200 271 271 334 234 234 173 162 162 83 83 45 46 46 37 13 13 8 8 12 15 15 7 17 17 7 7 12 11 11 0 0 0 0 0 1 0 0 0
 88 88 93 118 118 164 192 192 260 260 337 356 356 241 175 175 163 163 57 42 42 36 20 20 17 17 20 14 14 12 12 12 12 12 13 13 13 4 0 0 0 0 0 0 0 0
 88 88 93 118 118 164 192 192 260 260 337 356 356 241 175 175 163 163 57 42 42 36 20 20 17 17 20 14 14 12 12 12 12 12 13 13 13 4 0 0 0 0 0 0 0 0
 89 89 104 118 118 143 187 187 225 225 299 341 341 256 193 193 160 160 104 87 87 85 36 36 32 32 36 22 22 15 13 13 8 8 7 5 5 4 0 0 0 0 0 0 0 0
 89 89 104 118 118 143 187 187 225 225 299 341 341 256 193 193 160 160 104 87 87 85 36 36 32 32 36 22 22 15 13 13 8 8 7 5 5 4 0 0 0 0 0 0 0 0
 91 91 126 130 130 139 178 178 190 190 218 280 280 292 362 362 181 181 152 86 86 82 35 35 31 31 36 37 37 29 25 25 14 14 8 5 5 1 0 0 0 0 0 0 0 0
 77 77 113 117 117 149 173 173 175 175 199 266 266 261 318 318 158 158 153 91 91 38 31 31 21 21 32 35 35 29 19 19 5 5 5 3 3 2 3 3 2 2 0 0 0 0
 77 77 113 117 117 149 173 173 175 175 199 266 266 261 318 318 158 158 153 91 91 38 31 31 21 21 32 35 35 29 19 19 5 5 5 3 3 2 3 3 2 2 0 0 0 0
 70 70 103 123 123 129 156 156 173 173 202 261 261 246 307 307 301 301 140 135 135 125 53 53 113 113 12 19 19 18 15 15 12 12 10 11 11 4 3 3 1 1 1 1 1 1
 74 74 116 142 142 141 169 169 169 169 157 165 165 167 165 165 189 189 185 137 137 125 123 123 110 110 17 19 19 15 19 19 17 17 10 11 11 6 4 4 9 9 9 4 4 3
 74 74 116 142 142 141 169 169 169 169 157 165 165 167 165 165 189 189 185 137 137 125 123 123 110 110 17 19 19 15 19 19 17 17 10 11 11 6 4 4 9 9 9 4 4 3
 78 78 84 120 120 145 149 149 156 156 142 147 147 166 162 162 167 167 157 158 158 222 182 182 175 175 67 23 23 18 11 11 10 10 10 12 12 11 7 7 10 10 9 6 6 4
 78 78 84 120 120 145 149 149 156 156 142 147 147 166 162 162 167 167 157 158 158 222 182 182 175 175 67 23 23 18 11 11 10 10 10 12 12 11 7 7 10 10 9 6 6 4
 75 75 82 91 91 92 143 143 153 153 143 143 143 126 126 126 128 128 139 141 141 116 108 108 177 177 70 20 20 21 13 13 7 7 10 12 12 6 5 5 3 3 3 3 3 2
 62 62 67 80 80 84 91 91 92 92 83 76 76 48 39 39 123 123 139 141 141 118 112 112 9 9 6 38 38 51 50 50 18 18 13 6 6 3 3 3 1 1 1 1 1 1
 62 62 67 80 80 84 91 91 92 92 83 76 76 48 39 39 123 123 139 141 141 118 112 112 9 9 6 38 38 51 50 50 18 18 13 6 6 3 3 3 1 1 1 1 1 1
 54 54 56 61 61 65 73 73 78 78 80 75 75 59 40 40 45 45 57 51 51 20 14 14 48 48 8 38 38 50 49 49 14 14 20 11 11 9 9 9 1 1 1 0 0 0
 44 44 45 47 47 52 60 60 67 67 70 70 70 55 48 48 51 51 42 80 80 30 31 31 63 63 93 105 105 102 98 98 90 90 8 7 7 3 7 7 1 1 0 0 0 0
