assets/RAT_results/precipitation/2023-06-09_IMERG.asc
ncols        46
nrows        77
xllcorner    74.800261325624
yllcorner    8.058333333333
cellsize     0.062500000000
NODATA_value -9999
 7 7 8 3 3 3 5 5 3 3 3 1 1 0 2 2 0 0 0 0 0 0 0 0 0 0 0 0 0 0 0 0 0 0 0 0 0 0 0 0 0 0 0 0 0 0
 13 13 13 9 9 5 3 3 2 2 1 1 1 2 0 0 0 0 0 0 0 0 0 0 1 1 1 2 2 2 2 2 2 2 2 0 0 0 0 0 0 0 0 0 0 0
 13 13 13 9 9 5 3 3 2 2 1 1 1 2 0 0 0 0 0 0 0 0 0 0 1 1 1 2 2 2 2 2 2 2 2 0 0 0 0 0 0 0 0 0 0 0
 15 15 18 6 6 4 3 3 6 6 0 0 0 4 0 0 0 0 0 0 0 2 2 2 3 3 6 8 8 7 9 9 10 10 9 3 3 0 0 0 0 0 0 0 0 0
 30 30 12 10 10 11 8 8 3 3 3 0 0 0 1 1 1 1 0 0 0 1 2 2 2 2 4 7 7 8 12 12 12 12 13 6 6 1 0 0 0 0 0 0 0 0
 30 30 12 10 10 11 8 8 3 3 3 0 0 0 1 1 1 1 0 0 0 1 2 2 2 2 4 7 7 8 12 12 12 12 13 6 6 1 0 0 0 0 0 0 0 0
 38 38 13 8 8 9 8 8 6 6 4 0 0 0 0 0 0 0 0 0 0 0 0 0 1 1 1 2 2 4 5 5 5 5 6 3 3 1 0 0 0 0 0 0 0 0
 38 38 13 8 8 9 8 8 6 6 4 0 0 0 0 0 0 0 0 0 0 0 0 0 1 1 1 2 2 4 5 5 5 5 6 3 3 1 0 0 0 0 0 0 0 0
 35 35 16 7 7 9 10 10 15 15 3 2 2 0 0 0 0 0 0 0 0 0 0 0 0 0 0 0 0 1 1 1 1 1 1 0 0 0 0 0 0 0 0 0 0 0
 60 60 18 4 4 6 12 12 19 19 7 3 3 1 0 0 0 0 0 0 0 0 0 0 0 0 0 0 0 0 0 0 0 0 0 0 0 0 0 0 0 0 0 0 0 0
 60 60 18 4 4 6 12 12 19 19 7 3 3 1 0 0 0 0 0 0 0 0 0 0 0 0 0 0 0 0 0 0 0 0 0 0 0 0 0 0 0 0 0 0 0 0
 104 104 21 22 22 15 14 14 15 15 5 5 5 8 4 4 0 0 0 0 0 0 0 0 0 0 0 0 0 0 0 0 0 0 0 0 0 0 0 0 0 0 0 0 0 0
 38 38 13 26 26 32 22 22 14 14 7 13 13 8 3 3 1 1 1 0 0 0 0 0 0 0 0 0 0 0 0 0 0 0 0 0 0 0 0 0 0 0 0 0 0 0
 38 38 13 26 26 32 22 22 14 14 7 13 13 8 3 3 1 1 1 0 0 0 0 0 0 0 0 0 0 0 0 0 0 0 0 0 0 0 0 0 0 0 0 0 0 0
 20 20 23 28 28 16 23 23 16 16 12 9 9 4 2 2 0 0 0 0 0 0 0 0 0 0 0 0 0 0 0 0 0 0 0 0 0 0 0 0 0 0 0 0 0 0
 20 20 23 28 28 16 23 23 16 16 12 9 9 4 2 2 0 0 0 0 0 0 0 0 0 0 0 0 0 0 0 0 0 0 0 0 0 0 0 0 0 0 0 0 0 0
 23 23 32 40 40 33 32 32 15 15 11 6 6 4 1 1 0 0 0 0 0 0 0 0 0 0 0 0 0 0 0 0 0 0 0 0 0 0 0 0 0 0 0 0 0 0
 47 47 61 37 37 44 20 20 22 22 12 6 6 3 3 3 6 6 0 0 0 0 0 0 0 0 0 0 0 0 0 0 0 0 0 0 0 0 0 0 0 0 0 0 0 0
 47 47 61 37 37 44 20 20 22 22 12 6 6 3 3 3 6 6 0 0 0 0 0 0 0 0 0 0 0 0 0 0 0 0 0 0 0 0 0 0 0 0 0 0 0 0
 59 59 74 56 56 61 14 14 15 15 14 13 13 8 11 11 10 10 1 1 1 0 0 0 0 0 0 0 0 0 0 0 0 0 0 0 0 0 0 0 0 0 0 0 0 0
 46 46 56 45 45 29 29 29 8 8 7 10 10 8 15 15 6 6 3 1 1 0 0 0 0 0 0 0 0 0 0 0 0 0 0 0 0 0 0 0 0 0 0 0 0 0
 46 46 56 45 45 29 29 29 8 8 7 10 10 8 15 15 6 6 3 1 1 0 0 0 0 0 0 0 0 0 0 0 0 0 0 0 0 0 0 0 0 0 0 0 0 0
 64 64 59 62 62 46 25 25 34 34 10 6 6 4 7 7 9 9 4 1 1 0 1 1 1 1 0 0 0 0 0 0 0 0 0 0 0 0 0 0 0 0 0 0 0 0
 64 64 59 62 62 46 25 25 34 34 10 6 6 4 7 7 9 9 4 1 1 0 1 1 1 1 0 0 0 0 0 0 0 0 0 0 0 0 0 0 0 0 0 0 0 0
 59 59 44 43 43 44 65 65 108 108 64 8 8 2 2 2 3 3 1 1 1 1 1 1 1 1 0 0 0 0 0 0 0 0 0 0 0 0 0 0 0 0 0 0 0 0
 37 37 27 36 36 39 152 152 97 97 168 16 16 10 5 5 6 6 1 1 1 0 2 2 0 0 0 0 0 0 0 0 0 0 0 0 0 0 0 0 0 0 0 0 0 0
 37 37 27 36 36 39 152 152 97 97 168 16 16 10 5 5 6 6 1 1 1 0 2 2 0 0 0 0 0 0 0 0 0 0 0 0 0 0 0 0 0 0 0 0 0 0
 41 41 27 34 34 60 137 137 155 155 175 60 60 43 53 53 6 6 1 0 0 0 0 0 0 0 1 0 0 0 0 0 1 1 0 0 0 0 0 0 0 0 0 0 0 0
 37 37 37 21 21 56 70 70 147 147 155 62 62 55 52 52 31 31 8 7 7 0 0 0 0 0 2 3 3 5 0 0 0 0 0 0 0 0 0 0 0 0 0 0 0 0
 37 37 37 21 21 56 70 70 147 147 155 62 62 55 52 52 31 31 8 7 7 0 0 0 0 0 2 3 3 5 0 0 0 0 0 0 0 0 0 0 0 0 0 0 0 0
 40 40 35 15 15 19 31 31 75 75 64 44 44 46 13 13 32 32 8 7 7 1 0 0 1 1 3 0 0 0 0 0 0 0 0 0 0 0 0 0 0 0 0 0 0 0
 40 40 35 15 15 19 31 31 75 75 64 44 44 46 13 13 32 32 8 7 7 1 0 0 1 1 3 0 0 0 0 0 0 0 0 0 0 0 0 0 0 0 0 0 0 0
 28 28 14 13 13 15 18 18 30 30 24 27 27 52 12 12 7 7 8 3 3 3 3 3 1 1 0 0 0 0 0 0 0 0 0 0 0 0 0 0 0 0 0 0 0 0
 20 20 13 14 14 16 26 26 22 22 19 17 17 31 28 28 21 21 23 3 3 4 1 1 1 1 1 0 0 0 0 0 0 0 0 0 0 0 0 0 0 0 0 0 0 0
 20 20 13 14 14 16 26 26 22 22 19 17 17 31 28 28 21 21 23 3 3 4 1 1 1 1 1 0 0 0 0 0 0 0 0 0 0 0 0 0 0 0 0 0 0 0
 11 11 13 16 16 19 13 13 13 13 20 24 24 35 33 33 23 23 22 3 3 3 7 7 9 9 13 8 8 0 0 0 0 0 0 0 0 0 0 0 0 0 0 0 0 0
 13 13 13 16 16 20 15 15 16 16 21 22 22 34 34 34 24 24 27 9 9 13 21 21 13 13 15 10 10 1 0 0 0 0 0 0 0 0 0 0 0 0 0 0 0 0
 13 13 13 16 16 20 15 15 16 16 21 22 22 34 34 34 24 24 27 9 9 13 21 21 13 13 15 10 10 1 0 0 0 0 0 0 0 0 0 0 0 0 0 0 0 0
 16 16 20 24 24 23 39 39 31 31 34 17 17 9 33 33 5 5 26 11 11 7 13 13 14 14 21 22 22 4 1 1 0 0 0 0 0 0 0 0 0 0 0 0 0 0
 16 16 20 24 24 23 39 39 31 31 34 17 17 9 33 33 5 5 26 11 11 7 13 13 14 14 21 22 22 4 1 1 0 0 0 0 0 0 0 0 0 0 0 0 0 0
 22 22 30 28 28 39 54 54 47 47 27 12 12 9 8 8 6 6 11 11 11 6 2 2 5 5 19 22 22 3 1 1 1 1 0 0 0 0 0 0 0 0 0 0 0 0
 25 25 37 34 34 29 32 32 32 32 12 9 9 8 7 7 10 10 8 11 11 6 4 4 2 2 1 3 3 1 3 3 2 2 1 0 0 0 0 0 0 0 0 0 0 0
 25 25 37 34 34 29 32 32 32 32 12 9 9 8 7 7 10 10 8 11 11 6 4 4 2 2 1 3 3 1 3 3 2 2 1 0 0 0 0 0 0 0 0 0 0 0
 14 14 18 17 17 15 15 15 12 12 10 8 8 5 5 5 5 5 14 9 9 3 6 6 2 2 3 3 3 1 3 3 2 2 2 0 0 0 0 0 1 1 1 1 1 0
 7 7 9 9 9 8 11 11 10 10 12 8 8 5 8 8 8 8 13 18 18 13 5 5 1 1 2 7 7 7 6 6 6 6 3 1 1 0 0 0 1 1 1 0 0 0
 7 7 9 9 9 8 11 11 10 10 12 8 8 5 8 8 8 8 13 18 18 13 5 5 1 1 2 7 7 7 6 6 6 6 3 1 1 0 0 0 1 1 1 0 0 0
 7 7 8 10 10 9 8 8 13 13 17 10 10 8 11 11 10 10 31 20 20 19 8 8 6 6 3 11 11 15 6 6 6 6 12 5 5 0 0 0 0 0 1 1 1 0
 7 7 8 10 10 9 8 8 13 13 17 10 10 8 11 11 10 10 31 20 20 19 8 8 6 6 3 11 11 15 6 6 6 6 12 5 5 0 0 0 0 0 1 1 1 0
 6 6 7 7 7 9 8 8 10 10 14 11 11 29 29 29 35 35 35 22 22 23 13 13 19 19 20 23 23 16 5 5 9 9 8 3 3 0 0 0 0 0 0 0 0 0
 6 6 8 10 10 12 12 12 13 13 12 10 10 11 14 14 14 14 32 26 26 28 18 18 20 20 21 21 21 13 10 10 11 11 12 2 2 1 0 0 0 0 0 0 0 0
 6 6 8 10 10 12 12 12 13 13 12 10 10 11 14 14 14 14 32 26 26 28 18 18 20 20 21 21 21 13 10 10 11 11 12 2 2 1 0 0 0 0 0 0 0 0
 7 7 10 12 12 15 15 15 14 14 11 20 20 20 16 16 36 36 30 51 51 12 6 6 18 18 22 26 26 11 8 8 3 3 12 1 1 1 0 0 0 0 0 0 0 0
 8 8 8 10 10 14 14 14 15 15 11 12 12 21 16 16 36 36 51 51 51 29 30 30 20 20 25 25 25 8 6 6 1 1 2 3 3 2 0 0 0 0 0 0 0 0
 8 8 8 10 10 14 14 14 15 15 11 12 12 21 16 16 36 36 51 51 51 29 30 30 20 20 25 25 25 8 6 6 1 1 2 3 3 2 0 0 0 0 0 0 0 0
 7 7 6 8 8 12 14 14 14 14 13 29 29 14 49 49 32 32 75 85 85 79 51 51 28 28 28 23 23 16 11 11 9 9 6 12 12 1 2 2 0 0 0 0 0 0
 7 7 6 8 8 12 14 14 14 14 13 29 29 14 49 49 32 32 75 85 85 79 51 51 28 28 28 23 23 16 11 11 9 9 6 12 12 1 2 2 0 0 0 0 0 0
 7 7 9 8 8 11 13 13 20 20 29 28 28 29 27 27 36 36 76 91 91 91 62 62 29 29 26 13 13 17 12 12 9 9 15 22 22 19 0 0 0 0 0 0 0 0
 8 8 10 10 10 11 19 19 19 19 28 28 28 28 27 27 36 36 78 96 96 103 81 81 73 73 25 15 15 8 5 5 10 10 6 2 2 3 0 0 0 0 0 0 0 0
 8 8 10 10 10 11 19 19 19 19 28 28 28 28 27 27 36 36 78 96 96 103 81 81 73 73 25 15 15 8 5 5 10 10 6 2 2 3 0 0 0 0 0 0 0 0
 10 10 9 11 11 19 14 14 12 12 16 17 17 26 29 29 35 35 43 58 58 72 34 34 48 48 17 7 7 2 4 4 5 5 5 0 0 1 1 1 0 0 0 0 0 0
 9 9 9 12 12 20 10 10 12 12 13 21 21 17 19 19 29 29 23 49 49 52 41 41 26 26 18 6 6 5 2 2 1 1 1 0 0 1 0 0 0 0 0 0 0 0
 9 9 9 12 12 20 10 10 12 12 13 21 21 17 19 19 29 29 23 49 49 52 41 41 26 26 18 6 6 5 2 2 1 1 1 0 0 1 0 0 0 0 0 0 0 0
 6 6 7 8 8 9 10 10 21 21 30 30 30 26 44 44 45 45 40 26 26 34 36 36 38 38 22 5 5 4 0 0 2 2 0 0 0 0 0 0 0 0 0 0 0 0
 6 6 7 8 8 9 10 10 21 21 30 30 30 26 44 44 45 45 40 26 26 34 36 36 38 38 22 5 5 4 0 0 2 2 0 0 0 0 0 0 0 0 0 0 0 0
 7 7 6 9 9 10 12 12 22 22 44 54 54 77 84 84 64 64 45 41 41 41 35 35 25 25 19 5 5 5 1 1 0 0 0 0 0 0 0 0 0 0 0 0 0 0
 5 5 7 11 11 18 20 20 22 22 42 64 64 59 123 123 102 102 105 54 54 51 52 52 25 25 20 3 3 2 1 1 1 1 0 0 0 0 0 0 0 0 0 0 0 0
 5 5 7 11 11 18 20 20 22 22 42 64 64 59 123 123 102 102 105 54 54 51 52 52 25 25 20 3 3 2 1 1 1 1 0 0 0 0 0 0 0 0 0 0 0 0
 7 7 11 14 14 20 26 26 30 30 50 58 58 66 107 107 104 104 71 56 56 32 43 43 22 22 14 2 2 1 2 2 2 2 1 0 0 0 0 0 0 0 0 0 0 0
 13 13 15 15 15 25 31 31 40 40 68 67 67 67 66 66 63 63 69 66 66 23 14 14 13 13 11 4 4 3 3 3 0 0 1 0 0 0 0 0 0 0 0 0 0 0
 13 13 15 15 15 25 31 31 40 40 68 67 67 67 66 66 63 63 69 66 66 23 14 14 13 13 11 4 4 3 3 3 0 0 1 0 0 0 0 0 0 0 0 0 0 0
 25 25 25 23 23 28 34 34 35 35 66 82 82 83 82 82 52 52 64 48 48 39 12 12 13 13 13 5 5 6 7 7 3 3 0 1 1 0 0 0 0 0 0 0 0 0
 25 25 25 23 23 28 34 34 35 35 66 82 82 83 82 82 52 52 64 48 48 39 12 12 13 13 13 5 5 6 7 7 3 3 0 1 1 0 0 0 0 0 0 0 0 0
 31 31 29 31 31 25 31 31 43 43 65 83 83 94 81 81 52 52 51 46 46 33 10 10 15 15 15 14 14 4 4 4 4 4 3 1 1 0 0 0 0 0 0 0 0 0
 30 30 36 40 40 41 39 39 45 45 56 61 61 86 74 74 57 57 58 44 44 21 15 15 9 9 9 9 9 2 3 3 3 3 1 0 0 0 0 0 0 0 0 0 0 1
 30 30 36 40 40 41 39 39 45 45 56 61 61 86 74 74 57 57 58 44 44 21 15 15 9 9 9 9 9 2 3 3 3 3 1 0 0 0 0 0 0 0 0 0 0 1
 56 56 62 65 65 69 68 68 56 56 56 53 53 43 43 43 32 32 27 28 28 26 15 15 10 10 6 7 7 2 4 4 3 3 3 0 0 0 0 0 0 0 0 1 1 1
 72 72 82 85 85 89 75 75 74 74 66 70 70 31 34 34 28 28 21 20 20 27 28 28 30 30 18 8 8 3 4 4 4 4 4 1 1 0 0 0 0 0 0 0 0 0
