assets/RAT_results/precipitation/2023-12-17_IMERG.asc
ncols        46
nrows        77
xllcorner    74.800261325624
yllcorner    8.058333333333
cellsize     0.062500000000
NODATA_value -9999
 0 0 0 0 0 0 0 0 0 0 0 0 0 0 0 0 0 0 0 0 0 0 0 0 0 0 0 0 0 0 0 0 0 0 0 0 0 0 0 0 0 0 0 0 0 0
 0 0 1 1 1 1 1 1 0 0 0 0 0 0 0 0 0 0 0 0 0 0 0 0 0 0 0 0 0 0 0 0 0 0 0 0 0 0 0 0 0 0 0 0 0 0
 0 0 1 1 1 1 1 1 0 0 0 0 0 0 0 0 0 0 0 0 0 0 0 0 0 0 0 0 0 0 0 0 0 0 0 0 0 0 0 0 0 0 0 0 0 0
 0 0 2 1 1 1 1 1 0 0 0 0 0 0 0 0 0 0 0 0 0 0 0 0 0 0 0 0 0 0 0 0 0 0 0 0 0 0 0 0 0 0 0 0 0 0
 1 1 1 1 1 1 1 1 1 1 0 0 0 0 0 0 0 0 0 0 0 0 0 0 0 0 0 0 0 0 0 0 0 0 0 0 0 0 0 0 0 0 0 0 0 0
 1 1 1 1 1 1 1 1 1 1 0 0 0 0 0 0 0 0 0 0 0 0 0 0 0 0 0 0 0 0 0 0 0 0 0 0 0 0 0 0 0 0 0 0 0 0
 2 2 1 1 1 1 4 4 3 3 0 0 0 0 0 0 0 0 0 0 0 0 1 1 0 0 0 0 0 0 0 0 0 0 0 0 0 0 0 0 0 0 0 0 0 0
 2 2 1 1 1 1 4 4 3 3 0 0 0 0 0 0 0 0 0 0 0 0 1 1 0 0 0 0 0 0 0 0 0 0 0 0 0 0 0 0 0 0 0 0 0 0
 3 3 1 1 1 2 2 2 2 2 0 0 0 1 0 0 0 0 0 0 0 0 1 1 1 1 1 0 0 0 0 0 0 0 1 0 0 0 0 0 0 0 0 0 0 0
 3 3 2 2 2 1 1 1 1 1 0 0 0 0 0 0 0 0 0 0 0 0 1 1 1 1 1 1 1 0 0 0 0 0 1 1 1 1 1 1 0 0 0 0 0 0
 3 3 2 2 2 1 1 1 1 1 0 0 0 0 0 0 0 0 0 0 0 0 1 1 1 1 1 1 1 0 0 0 0 0 1 1 1 1 1 1 0 0 0 0 0 0
 6 6 3 3 3 1 1 1 1 1 0 0 0 0 0 0 0 0 0 0 0 0 1 1 1 1 1 1 1 1 1 1 1 1 1 1 1 1 1 1 1 1 0 0 0 0
 5 5 6 5 5 1 1 1 0 0 1 1 1 0 0 0 0 0 0 1 1 1 1 1 1 1 1 1 1 1 1 1 1 1 1 1 1 1 1 1 1 1 1 0 0 0
 5 5 6 5 5 1 1 1 0 0 1 1 1 0 0 0 0 0 0 1 1 1 1 1 1 1 1 1 1 1 1 1 1 1 1 1 1 1 1 1 1 1 1 0 0 0
 8 8 8 6 6 1 1 1 1 1 1 1 1 0 0 0 0 0 0 1 1 1 1 1 1 1 1 1 1 3 3 3 3 3 2 3 3 3 3 3 1 1 0 0 0 1
 8 8 8 6 6 1 1 1 1 1 1 1 1 0 0 0 0 0 0 1 1 1 1 1 1 1 1 1 1 3 3 3 3 3 2 3 3 3 3 3 1 1 0 0 0 1
 8 8 7 6 6 2 1 1 2 2 2 1 1 1 1 1 1 1 3 2 2 2 2 2 1 1 3 2 2 5 4 4 6 6 4 4 4 3 1 1 1 1 0 0 0 0
 6 6 6 1 1 3 4 4 3 3 2 1 1 1 5 5 4 4 4 2 2 2 1 1 2 2 2 2 2 7 6 6 5 5 4 3 3 2 3 3 2 2 0 1 1 0
 6 6 6 1 1 3 4 4 3 3 2 1 1 1 5 5 4 4 4 2 2 2 1 1 2 2 2 2 2 7 6 6 5 5 4 3 3 2 3 3 2 2 0 1 1 0
 5 5 5 2 2 2 2 2 2 2 2 2 2 4 2 2 3 3 2 2 2 2 1 1 1 1 2 5 5 6 7 7 5 5 2 1 1 1 1 1 1 1 1 1 1 0
 8 8 7 4 4 13 12 12 12 12 3 4 4 2 2 2 3 3 1 1 1 2 2 2 2 2 2 5 5 9 10 10 9 9 3 1 1 4 2 2 1 1 1 1 1 0
 8 8 7 4 4 13 12 12 12 12 3 4 4 2 2 2 3 3 1 1 1 2 2 2 2 2 2 5 5 9 10 10 9 9 3 1 1 4 2 2 1 1 1 1 1 0
 9 9 18 14 14 13 12 12 12 12 3 5 5 2 3 3 3 3 1 1 1 2 2 2 2 2 2 6 6 10 12 12 12 12 6 4 4 4 3 3 3 3 1 1 1 0
 9 9 18 14 14 13 12 12 12 12 3 5 5 2 3 3 3 3 1 1 1 2 2 2 2 2 2 6 6 10 12 12 12 12 6 4 4 4 3 3 3 3 1 1 1 0
 10 10 7 18 18 17 10 10 10 10 3 3 3 2 4 4 4 4 1 1 1 1 2 2 2 2 3 7 7 11 7 7 7 7 9 8 8 5 4 4 2 2 1 0 0 0
 15 15 9 17 17 14 4 4 4 4 4 4 4 4 6 6 6 6 6 1 1 1 3 3 2 2 2 8 8 10 8 8 5 5 14 11 11 5 5 5 3 3 2 0 0 0
 15 15 9 17 17 14 4 4 4 4 4 4 4 4 6 6 6 6 6 1 1 1 3 3 2 2 2 8 8 10 8 8 5 5 14 11 11 5 5 5 3 3 2 0 0 0
 19 19 9 5 5 4 4 4 5 5 4 7 7 7 8 8 7 7 8 2 2 2 2 2 2 2 6 6 6 11 8 8 5 5 3 9 9 9 8 8 6 6 5 4 4 3
 11 11 5 3 3 4 4 4 4 4 5 7 7 8 10 10 9 9 10 3 3 2 3 3 4 4 8 8 8 10 10 10 15 15 15 18 18 19 14 14 12 12 9 7 7 2
 11 11 5 3 3 4 4 4 4 4 5 7 7 8 10 10 9 9 10 3 3 2 3 3 4 4 8 8 8 10 10 10 15 15 15 18 18 19 14 14 12 12 9 7 7 2
 12 12 4 3 3 3 4 4 5 5 6 11 11 10 13 13 10 10 10 5 5 5 5 5 5 5 7 11 11 15 10 10 22 22 25 26 26 27 25 25 23 23 14 12 12 7
 12 12 4 3 3 3 4 4 5 5 6 11 11 10 13 13 10 10 10 5 5 5 5 5 5 5 7 11 11 15 10 10 22 22 25 26 26 27 25 25 23 23 14 12 12 7
 6 6 4 3 3 3 4 4 5 5 8 13 13 14 14 14 11 11 11 10 10 8 8 8 8 8 11 14 14 16 17 17 30 30 34 38 38 38 41 41 39 39 27 15 15 10
 5 5 4 4 4 4 5 5 6 6 11 11 11 15 23 23 16 16 13 15 15 11 10 10 10 10 17 18 18 22 24 24 33 33 38 45 45 48 43 43 42 42 28 25 25 22
 5 5 4 4 4 4 5 5 6 6 11 11 11 15 23 23 16 16 13 15 15 11 10 10 10 10 17 18 18 22 24 24 33 33 38 45 45 48 43 43 42 42 28 25 25 22
 5 5 5 4 4 5 6 6 11 11 12 20 20 23 23 23 18 18 14 19 19 15 15 15 20 20 22 22 22 31 32 32 40 40 46 58 58 58 68 68 61 61 58 32 32 32
 3 3 4 5 5 10 10 10 11 11 14 24 24 28 28 28 23 23 24 20 20 20 25 25 26 26 26 34 34 38 44 44 44 44 53 70 70 74 52 52 68 68 69 51 51 47
 3 3 4 5 5 10 10 10 11 11 14 24 24 28 28 28 23 23 24 20 20 20 25 25 26 26 26 34 34 38 44 44 44 44 53 70 70 74 52 52 68 68 69 51 51 47
 4 4 5 4 4 5 16 16 18 18 21 25 25 28 27 27 31 31 31 25 25 29 30 30 30 30 32 36 36 40 46 46 56 56 74 68 68 14 6 6 24 24 28 55 55 69
 4 4 5 4 4 5 16 16 18 18 21 25 25 28 27 27 31 31 31 25 25 29 30 30 30 30 32 36 36 40 46 46 56 56 74 68 68 14 6 6 24 24 28 55 55 69
 6 6 5 5 5 5 18 18 20 20 25 30 30 30 30 30 30 30 32 24 24 27 29 29 30 30 33 39 39 41 51 51 55 55 73 63 63 16 8 8 7 7 11 62 62 87
 6 6 5 4 4 4 23 23 23 23 23 24 24 28 23 23 23 23 26 26 26 21 29 29 25 25 29 42 42 44 50 50 52 52 64 67 67 17 10 10 13 13 38 91 91 106
 6 6 5 4 4 4 23 23 23 23 23 24 24 28 23 23 23 23 26 26 26 21 29 29 25 25 29 42 42 44 50 50 52 52 64 67 67 17 10 10 13 13 38 91 91 106
 6 6 4 3 3 4 23 23 22 22 16 17 17 17 17 17 17 17 14 14 14 11 12 12 20 20 20 26 26 35 48 48 48 48 70 58 58 28 12 12 39 39 128 132 132 126
 4 4 4 4 4 5 8 8 19 19 21 7 7 7 7 7 7 7 6 10 10 12 9 9 14 14 13 15 15 36 42 42 50 50 55 66 66 72 66 66 92 92 142 164 164 122
 4 4 4 4 4 5 8 8 19 19 21 7 7 7 7 7 7 7 6 10 10 12 9 9 14 14 13 15 15 36 42 42 50 50 55 66 66 72 66 66 92 92 142 164 164 122
 4 4 3 3 3 3 4 4 6 6 7 8 8 8 7 7 3 3 2 3 3 3 4 4 12 12 17 20 20 25 32 32 41 41 53 66 66 59 68 68 78 78 108 135 135 119
 4 4 3 3 3 3 4 4 6 6 7 8 8 8 7 7 3 3 2 3 3 3 4 4 12 12 17 20 20 25 32 32 41 41 53 66 66 59 68 68 78 78 108 135 135 119
 3 3 3 4 4 4 4 4 6 6 4 4 4 4 5 5 4 4 3 3 3 4 5 5 10 10 11 15 15 23 28 28 47 47 49 57 57 63 86 86 88 88 106 117 117 118
 5 5 4 4 4 6 4 4 7 7 7 6 6 7 7 7 5 5 3 3 3 4 9 9 11 11 10 14 14 23 30 30 51 51 52 60 60 69 98 98 101 101 109 119 119 122
 5 5 4 4 4 6 4 4 7 7 7 6 6 7 7 7 5 5 3 3 3 4 9 9 11 11 10 14 14 23 30 30 51 51 52 60 60 69 98 98 101 101 109 119 119 122
 6 6 6 6 6 7 4 4 14 14 15 6 6 7 7 7 7 7 7 4 4 4 12 12 13 13 14 22 22 31 37 37 58 58 72 69 69 84 82 82 100 100 118 149 149 142
 8 8 7 8 8 7 5 5 15 15 15 34 34 9 9 9 8 8 9 6 6 4 13 13 18 18 19 27 27 36 49 49 66 66 87 101 101 113 113 113 130 130 131 163 163 176
 8 8 7 8 8 7 5 5 15 15 15 34 34 9 9 9 8 8 9 6 6 4 13 13 18 18 19 27 27 36 49 49 66 66 87 101 101 113 113 113 130 130 131 163 163 176
 10 10 11 12 12 11 7 7 5 5 7 6 6 11 10 10 9 9 9 6 6 5 15 15 23 23 26 32 32 39 56 56 75 75 86 111 111 127 141 141 156 156 156 170 170 181
 10 10 11 12 12 11 7 7 5 5 7 6 6 11 10 10 9 9 9 6 6 5 15 15 23 23 26 32 32 39 56 56 75 75 86 111 111 127 141 141 156 156 156 170 170 181
 13 13 16 16 16 15 7 7 3 3 6 6 6 9 11 11 15 15 13 13 13 12 16 16 26 26 30 31 31 50 64 64 75 75 96 116 116 137 165 165 167 167 185 200 200 193
 17 17 16 16 16 13 7 7 4 4 6 6 6 12 13 13 16 16 14 15 15 23 24 24 37 37 36 41 41 48 52 52 72 72 84 111 111 134 173 173 174 174 202 212 212 222
 17 17 16 16 16 13 7 7 4 4 6 6 6 12 13 13 16 16 14 15 15 23 24 24 37 37 36 41 41 48 52 52 72 72 84 111 111 134 173 173 174 174 202 212 212 222
 18 18 8 8 8 7 5 5 4 4 6 5 5 15 19 19 20 20 22 23 23 25 26 26 36 36 38 44 44 56 60 60 74 74 104 118 118 131 158 158 183 183 211 205 205 217
 5 5 3 7 7 8 8 8 6 6 8 16 16 16 27 27 28 28 26 30 30 36 45 45 50 50 45 52 52 68 90 90 75 75 90 112 112 139 169 169 197 197 208 198 198 218
 5 5 3 7 7 8 8 8 6 6 8 16 16 16 27 27 28 28 26 30 30 36 45 45 50 50 45 52 52 68 90 90 75 75 90 112 112 139 169 169 197 197 208 198 198 218
 3 3 3 7 7 9 9 9 8 8 8 15 15 16 23 23 30 30 27 35 35 44 50 50 68 68 59 63 63 86 89 89 79 79 102 124 124 149 177 177 190 190 210 202 202 218
 3 3 3 7 7 9 9 9 8 8 8 15 15 16 23 23 30 30 27 35 35 44 50 50 68 68 59 63 63 86 89 89 79 79 102 124 124 149 177 177 190 190 210 202 202 218
 3 3 4 9 9 10 8 8 11 11 8 15 15 15 25 25 31 31 32 35 35 43 63 63 67 67 67 86 86 94 96 96 88 88 100 124 124 155 179 179 210 210 219 231 231 226
 5 5 6 8 8 11 5 5 7 7 6 21 21 34 36 36 44 44 33 50 50 52 66 66 65 65 57 95 95 87 95 95 78 78 108 112 112 139 193 193 215 215 222 225 225 237
 5 5 6 8 8 11 5 5 7 7 6 21 21 34 36 36 44 44 33 50 50 52 66 66 65 65 57 95 95 87 95 95 78 78 108 112 112 139 193 193 215 215 222 225 225 237
 6 6 7 7 7 7 5 5 7 7 17 18 18 41 42 42 46 46 50 64 64 65 74 74 66 66 37 79 79 80 73 73 97 97 108 119 119 141 189 189 216 216 251 269 269 239
 6 6 5 6 6 6 5 5 7 7 19 17 17 43 44 44 48 48 51 64 64 64 71 71 52 52 52 97 97 76 83 83 73 73 89 120 120 147 170 170 189 189 243 272 272 248
 6 6 5 6 6 6 5 5 7 7 19 17 17 43 44 44 48 48 51 64 64 64 71 71 52 52 52 97 97 76 83 83 73 73 89 120 120 147 170 170 189 189 243 272 272 248
 7 7 6 6 6 6 6 6 7 7 8 7 7 17 46 46 47 47 53 59 59 65 53 53 55 55 90 84 84 76 79 79 113 113 93 118 118 170 168 168 169 169 202 214 214 235
 7 7 6 6 6 6 6 6 7 7 8 7 7 17 46 46 47 47 53 59 59 65 53 53 55 55 90 84 84 76 79 79 113 113 93 118 118 170 168 168 169 169 202 214 214 235
 12 12 7 5 5 5 6 6 7 7 8 8 8 8 13 13 13 13 28 33 33 47 52 52 55 55 89 90 90 91 86 86 109 109 87 116 116 165 205 205 210 210 141 170 170 183
 11 11 11 6 6 8 7 7 8 8 8 7 7 7 10 10 9 9 27 22 22 43 44 44 52 52 100 106 106 104 106 106 106 106 144 158 158 127 180 180 166 166 221 152 152 206
 11 11 11 6 6 8 7 7 8 8 8 7 7 7 10 10 9 9 27 22 22 43 44 44 52 52 100 106 106 104 106 106 106 106 144 158 158 127 180 180 166 166 221 152 152 206
 14 14 18 10 10 10 6 6 6 6 7 7 7 6 7 7 6 6 12 17 17 40 41 41 48 48 95 101 101 99 112 112 112 112 134 163 163 215 166 166 178 178 242 252 252 253
 13 13 13 11 11 9 6 6 7 7 7 6 6 6 6 6 6 6 5 33 33 34 62 62 59 59 63 59 59 59 61 61 64 64 131 142 142 198 219 219 271 271 189 271 271 220
