assets/RAT_results/precipitation/2023-09-21_IMERG.asc
ncols        46
nrows        77
xllcorner    74.800261325624
yllcorner    8.058333333333
cellsize     0.062500000000
NODATA_value -9999
 3 3 3 5 5 4 1 1 1 1 0 0 0 0 0 0 0 0 0 0 0 1 1 1 2 2 3 2 2 1 0 0 0 0 0 0 0 0 0 0 0 0 0 0 0 0
 3 3 2 2 2 2 1 1 1 1 1 1 1 0 0 0 0 0 1 1 1 2 3 3 5 5 7 6 6 3 0 0 0 0 0 0 0 0 1 1 1 1 0 0 0 0
 3 3 2 2 2 2 1 1 1 1 1 1 1 0 0 0 0 0 1 1 1 2 3 3 5 5 7 6 6 3 0 0 0 0 0 0 0 0 1 1 1 1 0 0 0 0
 2 2 2 2 2 2 1 1 1 1 3 2 2 1 1 1 1 1 2 5 5 6 9 9 9 9 7 3 3 1 0 0 0 0 0 0 0 0 0 0 1 1 1 0 0 4
 1 1 2 4 4 3 1 1 1 1 1 3 3 3 4 4 4 4 5 8 8 9 11 11 8 8 4 1 1 0 0 0 0 0 0 0 0 0 1 1 4 4 4 1 1 13
 1 1 2 4 4 3 1 1 1 1 1 3 3 3 4 4 4 4 5 8 8 9 11 11 8 8 4 1 1 0 0 0 0 0 0 0 0 0 1 1 4 4 4 1 1 13
 2 2 2 6 6 4 1 1 1 1 1 2 2 3 4 4 5 5 6 8 8 10 11 11 9 9 8 3 3 1 0 0 0 0 1 1 1 1 3 3 10 10 5 14 14 14
 2 2 2 6 6 4 1 1 1 1 1 2 2 3 4 4 5 5 6 8 8 10 11 11 9 9 8 3 3 1 0 0 0 0 1 1 1 1 3 3 10 10 5 14 14 14
 3 3 3 5 5 3 2 2 1 1 3 2 2 2 3 3 5 5 6 7 7 7 7 7 6 6 4 2 2 2 1 1 2 2 3 2 2 4 4 4 11 11 13 16 16 15
 3 3 3 4 4 1 1 1 3 3 5 5 5 6 5 5 5 5 6 5 5 3 3 3 3 3 3 2 2 2 1 1 2 2 3 4 4 8 8 8 11 11 14 12 12 16
 3 3 3 4 4 1 1 1 3 3 5 5 5 6 5 5 5 5 6 5 5 3 3 3 3 3 3 2 2 2 1 1 2 2 3 4 4 8 8 8 11 11 14 12 12 16
 2 2 2 2 2 1 3 3 6 6 7 11 11 13 9 9 3 3 2 1 1 1 1 1 0 0 1 1 1 1 1 1 3 3 4 6 6 10 14 14 16 16 16 14 14 14
 1 1 2 1 1 4 5 5 6 6 5 7 7 6 4 4 1 1 1 1 1 1 1 1 1 1 2 1 1 2 3 3 5 5 6 11 11 13 18 18 18 18 14 10 10 8
 1 1 2 1 1 4 5 5 6 6 5 7 7 6 4 4 1 1 1 1 1 1 1 1 1 1 2 1 1 2 3 3 5 5 6 11 11 13 18 18 18 18 14 10 10 8
 2 2 1 1 1 2 4 4 3 3 1 1 1 2 3 3 2 2 2 2 2 3 3 3 4 4 4 3 3 5 8 8 10 10 13 15 15 15 17 17 16 16 14 13 13 7
 2 2 1 1 1 2 4 4 3 3 1 1 1 2 3 3 2 2 2 2 2 3 3 3 4 4 4 3 3 5 8 8 10 10 13 15 15 15 17 17 16 16 14 13 13 7
 1 1 1 1 1 1 1 1 1 1 1 2 2 2 3 3 4 4 3 4 4 4 4 4 5 5 5 5 5 8 10 10 11 11 10 10 10 9 12 12 17 17 16 14 14 11
 1 1 1 1 1 2 2 2 3 3 5 5 5 2 3 3 3 3 3 4 4 3 3 3 3 3 3 3 3 6 7 7 6 6 6 5 5 5 6 6 23 23 19 22 22 19
 1 1 1 1 1 2 2 2 3 3 5 5 5 2 3 3 3 3 3 4 4 3 3 3 3 3 3 3 3 6 7 7 6 6 6 5 5 5 6 6 23 23 19 22 22 19
 1 1 1 1 1 3 3 3 3 3 3 4 4 2 2 2 1 1 1 2 2 2 3 3 3 3 3 3 3 5 5 5 4 4 4 4 4 5 4 4 3 3 19 19 19 6
 1 1 2 2 2 4 5 5 7 7 3 2 2 1 2 2 2 2 1 2 2 2 3 3 3 3 4 3 3 3 3 3 7 7 6 5 5 4 2 2 2 2 4 3 3 4
 1 1 2 2 2 4 5 5 7 7 3 2 2 1 2 2 2 2 1 2 2 2 3 3 3 3 4 3 3 3 3 3 7 7 6 5 5 4 2 2 2 2 4 3 3 4
 2 2 2 2 2 2 2 2 6 6 2 1 1 1 1 1 1 1 1 2 2 2 3 3 3 3 3 3 3 10 4 4 9 9 4 2 2 2 1 1 1 1 1 1 1 1
 2 2 2 2 2 2 2 2 6 6 2 1 1 1 1 1 1 1 1 2 2 2 3 3 3 3 3 3 3 10 4 4 9 9 4 2 2 2 1 1 1 1 1 1 1 1
 2 2 2 1 1 1 3 3 2 2 3 3 3 2 1 1 1 1 1 1 1 1 1 1 2 2 2 2 2 6 11 11 14 14 3 1 1 1 1 1 1 1 1 0 0 0
 2 2 1 1 1 2 2 2 1 1 2 2 2 2 1 1 1 1 1 1 1 1 2 2 2 2 2 4 4 3 3 3 11 11 0 0 0 0 0 0 0 0 0 0 0 0
 2 2 1 1 1 2 2 2 1 1 2 2 2 2 1 1 1 1 1 1 1 1 2 2 2 2 2 4 4 3 3 3 11 11 0 0 0 0 0 0 0 0 0 0 0 0
 5 5 4 1 1 2 2 2 1 1 1 1 1 2 1 1 4 4 1 1 1 1 1 1 1 1 2 3 3 5 5 5 7 7 5 0 0 0 0 0 0 0 0 0 0 0
 5 5 4 2 2 2 1 1 1 1 1 1 1 2 2 2 17 17 8 1 1 0 0 0 1 1 1 1 1 2 2 2 1 1 1 1 1 1 1 1 1 1 3 1 1 1
 5 5 4 2 2 2 1 1 1 1 1 1 1 2 2 2 17 17 8 1 1 0 0 0 1 1 1 1 1 2 2 2 1 1 1 1 1 1 1 1 1 1 3 1 1 1
 7 7 4 4 4 4 2 2 1 1 1 1 1 1 13 13 17 17 8 8 8 0 0 0 0 0 0 1 1 2 2 2 2 2 3 3 3 3 2 2 2 2 2 8 8 13
 7 7 4 4 4 4 2 2 1 1 1 1 1 1 13 13 17 17 8 8 8 0 0 0 0 0 0 1 1 2 2 2 2 2 3 3 3 3 2 2 2 2 2 8 8 13
 4 4 5 4 4 3 3 3 1 1 0 0 0 0 3 3 4 4 4 8 8 1 1 1 1 1 2 3 3 4 4 4 5 5 5 4 4 3 5 5 5 5 6 13 13 21
 5 5 3 2 2 1 1 1 1 1 0 0 0 1 1 1 4 4 5 2 2 3 4 4 4 4 5 5 5 5 8 8 8 8 7 5 5 4 13 13 15 15 20 26 26 29
 5 5 3 2 2 1 1 1 1 1 0 0 0 1 1 1 4 4 5 2 2 3 4 4 4 4 5 5 5 5 8 8 8 8 7 5 5 4 13 13 15 15 20 26 26 29
 3 3 2 2 2 2 1 1 0 0 0 1 1 2 2 2 3 3 4 3 3 3 4 4 4 4 3 3 3 4 10 10 8 8 7 9 9 9 12 12 18 18 18 32 32 35
 2 2 2 2 2 2 1 1 0 0 1 1 1 1 1 1 1 1 1 2 2 3 4 4 3 3 5 4 4 5 7 7 7 7 9 23 23 23 24 24 25 25 24 24 24 27
 2 2 2 2 2 2 1 1 0 0 1 1 1 1 1 1 1 1 1 2 2 3 4 4 3 3 5 4 4 5 7 7 7 7 9 23 23 23 24 24 25 25 24 24 24 27
 3 3 2 3 3 2 1 1 1 1 1 1 1 1 1 1 1 1 1 4 4 8 9 9 6 6 6 10 10 7 11 11 12 12 14 20 20 27 25 25 25 25 24 22 22 32
 3 3 2 3 3 2 1 1 1 1 1 1 1 1 1 1 1 1 1 4 4 8 9 9 6 6 6 10 10 7 11 11 12 12 14 20 20 27 25 25 25 25 24 22 22 32
 5 5 3 2 2 3 3 3 3 3 2 1 1 1 2 2 2 2 4 5 5 14 9 9 7 7 9 6 6 6 15 15 18 18 22 27 27 23 20 20 22 22 26 24 24 35
 2 2 3 3 3 3 2 2 2 2 3 2 2 3 4 4 3 3 4 5 5 16 14 14 15 15 7 8 8 5 13 13 20 20 13 16 16 14 13 13 21 21 16 13 13 32
 2 2 3 3 3 3 2 2 2 2 3 2 2 3 4 4 3 3 4 5 5 16 14 14 15 15 7 8 8 5 13 13 20 20 13 16 16 14 13 13 21 21 16 13 13 32
 2 2 3 3 3 4 4 4 3 3 4 4 4 5 7 7 7 7 12 16 16 27 18 18 15 15 8 8 8 8 8 8 13 13 6 9 9 11 10 10 16 16 12 4 4 4
 2 2 4 9 9 4 4 4 4 4 6 7 7 8 11 11 15 15 11 11 11 18 23 23 20 20 13 11 11 7 5 5 6 6 4 4 4 2 4 4 6 6 4 8 8 8
 2 2 4 9 9 4 4 4 4 4 6 7 7 8 11 11 15 15 11 11 11 18 23 23 20 20 13 11 11 7 5 5 6 6 4 4 4 2 4 4 6 6 4 8 8 8
 3 3 6 11 11 12 7 7 8 8 9 11 11 10 13 13 15 15 12 12 12 11 12 12 17 17 18 26 26 23 21 21 6 6 6 5 5 4 6 6 4 4 6 4 4 14
 3 3 6 11 11 12 7 7 8 8 9 11 11 10 13 13 15 15 12 12 12 11 12 12 17 17 18 26 26 23 21 21 6 6 6 5 5 4 6 6 4 4 6 4 4 14
 5 5 7 8 8 21 24 24 24 24 14 16 16 19 18 18 21 21 21 22 22 14 17 17 30 30 28 27 27 27 29 29 9 9 5 5 5 5 7 7 8 8 8 13 13 13
 7 7 8 11 11 24 27 27 28 28 20 20 20 21 19 19 18 18 22 24 24 18 17 17 29 29 28 23 23 24 24 24 30 30 8 11 11 11 15 15 18 18 20 18 18 18
 7 7 8 11 11 24 27 27 28 28 20 20 20 21 19 19 18 18 22 24 24 18 17 17 29 29 28 23 23 24 24 24 30 30 8 11 11 11 15 15 18 18 20 18 18 18
 10 10 23 25 25 39 32 32 36 36 24 22 22 22 22 22 22 22 19 16 16 21 21 21 31 31 26 21 21 21 20 20 18 18 15 15 15 17 23 23 30 30 27 54 54 47
 10 10 16 16 16 19 34 34 35 35 22 22 22 21 36 36 36 36 64 64 64 44 21 21 30 30 21 30 30 26 23 23 22 22 20 23 23 28 48 48 50 50 31 32 32 33
 10 10 16 16 16 19 34 34 35 35 22 22 22 21 36 36 36 36 64 64 64 44 21 21 30 30 21 30 30 26 23 23 22 22 20 23 23 28 48 48 50 50 31 32 32 33
 12 12 17 21 21 22 29 29 28 28 21 22 22 21 68 68 31 31 65 68 68 47 21 21 34 34 21 27 27 16 21 21 23 23 27 29 29 33 37 37 33 33 30 21 21 11
 12 12 17 21 21 22 29 29 28 28 21 22 22 21 68 68 31 31 65 68 68 47 21 21 34 34 21 27 27 16 21 21 23 23 27 29 29 33 37 37 33 33 30 21 21 11
 12 12 14 16 16 17 23 23 31 31 26 25 25 23 67 67 63 63 161 204 204 204 111 111 69 69 40 17 17 17 25 25 25 25 29 31 31 30 25 25 22 22 18 10 10 5
 15 15 17 18 18 21 22 22 28 28 25 26 26 28 54 54 161 161 164 279 279 208 109 109 108 108 37 24 24 27 22 22 28 28 30 25 25 25 17 17 10 10 4 2 2 2
 15 15 17 18 18 21 22 22 28 28 25 26 26 28 54 54 161 161 164 279 279 208 109 109 108 108 37 24 24 27 22 22 28 28 30 25 25 25 17 17 10 10 4 2 2 2
 19 19 16 18 18 20 20 20 22 22 22 22 22 26 57 57 162 162 165 281 281 273 206 206 61 61 48 35 35 35 20 20 23 23 18 13 13 10 8 8 6 6 3 3 3 2
 20 20 21 23 23 24 26 26 22 22 20 19 19 37 37 37 67 67 66 78 78 277 77 77 66 66 64 44 44 44 34 34 33 33 21 21 21 18 15 15 7 7 5 7 7 20
 20 20 21 23 23 24 26 26 22 22 20 19 19 37 37 37 67 67 66 78 78 277 77 77 66 66 64 44 44 44 34 34 33 33 21 21 21 18 15 15 7 7 5 7 7 20
 17 17 21 17 17 23 23 23 19 19 18 16 16 16 40 40 18 18 71 80 80 71 74 74 25 25 18 19 19 22 24 24 27 27 19 19 19 12 7 7 6 6 6 9 9 85
 17 17 21 17 17 23 23 23 19 19 18 16 16 16 40 40 18 18 71 80 80 71 74 74 25 25 18 19 19 22 24 24 27 27 19 19 19 12 7 7 6 6 6 9 9 85
 16 16 18 19 19 17 16 16 17 17 16 19 19 19 22 22 21 21 23 18 18 16 15 15 11 11 16 13 13 20 14 14 10 10 11 13 13 8 10 10 7 7 2 10 10 93
 17 17 15 16 16 16 18 18 17 17 18 21 21 20 18 18 21 21 19 24 24 20 20 20 13 13 6 6 6 8 8 8 9 9 9 11 11 13 9 9 7 7 15 33 33 18
 17 17 15 16 16 16 18 18 17 17 18 21 21 20 18 18 21 21 19 24 24 20 20 20 13 13 6 6 6 8 8 8 9 9 9 11 11 13 9 9 7 7 15 33 33 18
 17 17 16 16 16 18 16 16 20 20 20 21 21 23 21 21 21 21 23 24 24 21 17 17 15 15 8 7 7 3 8 8 8 8 8 6 6 5 8 8 5 5 5 7 7 14
 14 14 15 15 15 18 15 15 17 17 22 23 23 19 17 17 19 19 22 29 29 21 17 17 10 10 8 6 6 5 3 3 6 6 6 8 8 8 10 10 10 10 6 5 5 4
 14 14 15 15 15 18 15 15 17 17 22 23 23 19 17 17 19 19 22 29 29 21 17 17 10 10 8 6 6 5 3 3 6 6 6 8 8 8 10 10 10 10 6 5 5 4
 8 8 13 16 16 18 20 20 21 21 22 19 19 19 19 19 101 101 101 14 14 13 13 13 9 9 9 8 8 7 2 2 2 2 6 6 6 5 12 12 13 13 8 6 6 2
 8 8 13 16 16 18 20 20 21 21 22 19 19 19 19 19 101 101 101 14 14 13 13 13 9 9 9 8 8 7 2 2 2 2 6 6 6 5 12 12 13 13 8 6 6 2
 11 11 14 17 17 25 24 24 26 26 23 67 67 19 18 18 101 101 103 118 118 57 55 55 8 8 6 9 9 10 4 4 4 4 6 4 4 7 10 10 13 13 9 4 4 2
 14 14 17 25 25 37 36 36 39 39 81 78 78 99 105 105 204 204 103 234 234 216 55 55 7 7 10 8 8 12 12 12 5 5 1 0 0 3 1 1 2 2 4 1 1 0
 14 14 17 25 25 37 36 36 39 39 81 78 78 99 105 105 204 204 103 234 234 216 55 55 7 7 10 8 8 12 12 12 5 5 1 0 0 3 1 1 2 2 4 1 1 0
 19 19 18 30 30 32 64 64 58 58 90 97 97 101 102 102 205 205 231 241 241 223 223 223 87 87 88 14 14 17 11 11 7 7 1 0 0 0 0 0 1 1 1 0 0 0
 23 23 20 50 50 51 58 58 57 57 90 96 96 103 194 194 201 201 208 212 212 87 91 91 49 49 89 14 14 15 6 6 4 4 3 1 1 1 1 1 1 1 0 0 0 0
