assets/RAT_results/precipitation/2023-10-09_IMERG.asc
ncols        46
nrows        77
xllcorner    74.800261325624
yllcorner    8.058333333333
cellsize     0.062500000000
NODATA_value -9999
 2 2 3 4 4 4 7 7 8 8 6 6 6 7 9 9 10 10 9 13 13 21 31 31 41 41 47 43 43 35 26 26 24 24 26 23 23 26 26 26 36 36 35 34 34 38
 5 5 4 4 4 5 4 4 5 5 7 8 8 10 12 12 14 14 19 18 18 23 32 32 28 28 36 43 43 25 27 27 23 23 24 26 26 26 25 25 22 22 20 21 21 18
 5 5 4 4 4 5 4 4 5 5 7 8 8 10 12 12 14 14 19 18 18 23 32 32 28 28 36 43 43 25 27 27 23 23 24 26 26 26 25 25 22 22 20 21 21 18
 18 18 8 8 8 9 8 8 7 7 9 9 9 14 16 16 23 23 27 26 26 21 19 19 15 15 15 26 26 14 16 16 18 18 17 24 24 23 23 23 19 19 17 16 16 17
 17 17 17 15 15 17 15 15 12 12 10 12 12 16 18 18 32 32 36 31 31 26 19 19 17 17 16 16 16 17 15 15 17 17 19 19 19 23 27 27 17 17 17 12 12 12
 17 17 17 15 15 17 15 15 12 12 10 12 12 16 18 18 32 32 36 31 31 26 19 19 17 17 16 16 16 17 15 15 17 17 19 19 19 23 27 27 17 17 17 12 12 12
 15 15 15 18 18 18 17 17 17 17 14 23 23 16 21 21 28 28 33 29 29 26 21 21 18 18 22 21 21 13 11 11 13 13 27 28 28 33 31 31 21 21 18 9 9 10
 15 15 15 18 18 18 17 17 17 17 14 23 23 16 21 21 28 28 33 29 29 26 21 21 18 18 22 21 21 13 11 11 13 13 27 28 28 33 31 31 21 21 18 9 9 10
 14 14 12 20 20 22 20 20 25 25 27 23 23 14 16 16 20 20 30 32 32 31 30 30 22 22 22 21 21 14 15 15 14 14 31 23 23 24 39 39 34 34 18 10 10 2
 10 10 9 16 16 15 19 19 25 25 23 22 22 13 14 14 16 16 29 31 31 30 20 20 18 18 18 17 17 12 11 11 11 11 24 23 23 21 29 29 25 25 5 4 4 2
 10 10 9 16 16 15 19 19 25 25 23 22 22 13 14 14 16 16 29 31 31 30 20 20 18 18 18 17 17 12 11 11 11 11 24 23 23 21 29 29 25 25 5 4 4 2
 6 6 6 5 5 11 16 16 30 30 27 26 26 12 10 10 9 9 9 22 22 26 22 22 17 17 15 18 18 11 12 12 11 11 17 15 15 26 22 22 18 18 3 2 2 2
 4 4 4 4 4 7 12 12 20 20 21 19 19 15 12 12 9 9 8 17 17 15 17 17 19 19 16 15 15 18 11 11 11 11 15 11 11 25 15 15 13 13 6 8 8 5
 4 4 4 4 4 7 12 12 20 20 21 19 19 15 12 12 9 9 8 17 17 15 17 17 19 19 16 15 15 18 11 11 11 11 15 11 11 25 15 15 13 13 6 8 8 5
 1 1 1 2 2 2 4 4 8 8 13 17 17 18 15 15 11 11 10 14 14 16 18 18 11 11 12 11 11 13 8 8 11 11 15 12 12 18 18 18 16 16 7 7 7 5
 1 1 1 2 2 2 4 4 8 8 13 17 17 18 15 15 11 11 10 14 14 16 18 18 11 11 12 11 11 13 8 8 11 11 15 12 12 18 18 18 16 16 7 7 7 5
 0 0 0 1 1 1 1 1 5 5 8 11 11 14 13 13 11 11 10 9 9 11 14 14 12 12 13 12 12 10 15 15 15 15 18 12 12 14 12 12 10 10 9 8 8 7
 0 0 0 0 0 0 0 0 1 1 2 3 3 9 9 9 8 8 6 7 7 8 7 7 7 7 8 7 7 20 33 33 33 33 26 15 15 14 14 14 17 17 11 8 8 8
 0 0 0 0 0 0 0 0 1 1 2 3 3 9 9 9 8 8 6 7 7 8 7 7 7 7 8 7 7 20 33 33 33 33 26 15 15 14 14 14 17 17 11 8 8 8
 0 0 0 0 0 0 0 0 0 0 1 2 2 6 7 7 6 6 5 5 5 5 5 5 5 5 7 6 6 11 25 25 33 33 35 26 26 15 19 19 18 18 10 6 6 15
 0 0 0 0 0 0 1 1 1 1 1 1 1 1 3 3 3 3 5 4 4 3 4 4 5 5 5 7 7 17 22 22 37 37 35 29 29 11 6 6 7 7 3 13 13 16
 0 0 0 0 0 0 1 1 1 1 1 1 1 1 3 3 3 3 5 4 4 3 4 4 5 5 5 7 7 17 22 22 37 37 35 29 29 11 6 6 7 7 3 13 13 16
 0 0 0 0 0 0 0 0 0 0 1 1 1 1 3 3 5 5 5 5 5 5 5 5 6 6 6 8 8 17 18 18 46 46 49 35 35 6 8 8 10 10 3 5 5 16
 0 0 0 0 0 0 0 0 0 0 1 1 1 1 3 3 5 5 5 5 5 5 5 5 6 6 6 8 8 17 18 18 46 46 49 35 35 6 8 8 10 10 3 5 5 16
 0 0 0 0 0 0 0 0 0 0 0 1 1 2 2 2 4 4 4 6 6 8 10 10 12 12 12 14 14 13 29 29 56 56 58 32 32 27 8 8 8 8 5 9 9 17
 0 0 0 0 0 0 0 0 0 0 0 0 0 0 1 1 2 2 4 5 5 9 15 15 20 20 16 12 12 17 28 28 33 33 50 36 36 30 13 13 13 13 12 7 7 7
 0 0 0 0 0 0 0 0 0 0 0 0 0 0 1 1 2 2 4 5 5 9 15 15 20 20 16 12 12 17 28 28 33 33 50 36 36 30 13 13 13 13 12 7 7 7
 0 0 0 0 0 0 0 0 0 0 0 0 0 0 1 1 2 2 4 6 6 9 14 14 20 20 15 11 11 21 35 35 38 38 51 43 43 42 22 22 27 27 25 19 19 18
 0 0 0 0 0 0 0 0 0 0 0 0 0 0 1 1 2 2 4 5 5 8 11 11 14 14 11 7 7 18 26 26 27 27 35 30 30 30 35 35 40 40 31 26 26 27
 0 0 0 0 0 0 0 0 0 0 0 0 0 0 1 1 2 2 4 5 5 8 11 11 14 14 11 7 7 18 26 26 27 27 35 30 30 30 35 35 40 40 31 26 26 27
 0 0 0 0 0 0 0 0 1 1 0 0 0 1 1 1 2 2 3 4 4 5 7 7 9 9 8 5 5 13 9 9 12 12 23 25 25 25 25 25 34 34 31 34 34 31
 0 0 0 0 0 0 0 0 1 1 0 0 0 1 1 1 2 2 3 4 4 5 7 7 9 9 8 5 5 13 9 9 12 12 23 25 25 25 25 25 34 34 31 34 34 31
 0 0 1 1 1 1 1 1 2 2 2 1 1 1 1 1 2 2 3 4 4 4 6 6 6 6 6 4 4 3 7 7 9 9 13 17 17 20 23 23 28 28 33 30 30 20
 0 0 0 1 1 1 1 1 1 1 1 1 1 1 1 1 1 1 4 3 3 4 4 4 5 5 4 3 3 3 6 6 7 7 8 19 19 23 21 21 26 26 28 28 28 15
 0 0 0 1 1 1 1 1 1 1 1 1 1 1 1 1 1 1 4 3 3 4 4 4 5 5 4 3 3 3 6 6 7 7 8 19 19 23 21 21 26 26 28 28 28 15
 0 0 0 0 0 1 1 1 0 0 0 0 0 0 0 0 0 0 2 1 1 2 3 3 4 4 5 4 4 3 5 5 7 7 8 17 17 21 13 13 20 20 19 17 17 18
 0 0 0 0 0 0 0 0 0 0 0 0 0 0 0 0 0 0 0 1 1 1 2 2 4 4 6 4 4 4 6 6 6 6 8 9 9 15 14 14 12 12 15 5 5 4
 0 0 0 0 0 0 0 0 0 0 0 0 0 0 0 0 0 0 0 1 1 1 2 2 4 4 6 4 4 4 6 6 6 6 8 9 9 15 14 14 12 12 15 5 5 4
 0 0 0 0 0 0 0 0 0 0 0 0 0 0 0 0 0 0 0 0 0 1 2 2 3 3 4 4 4 4 4 4 7 7 7 9 9 12 16 16 12 12 7 4 4 4
 0 0 0 0 0 0 0 0 0 0 0 0 0 0 0 0 0 0 0 0 0 1 2 2 3 3 4 4 4 4 4 4 7 7 7 9 9 12 16 16 12 12 7 4 4 4
 0 0 0 0 0 0 0 0 0 0 0 0 0 0 0 0 0 0 0 0 0 1 2 2 2 2 4 5 5 7 7 7 6 6 9 10 10 15 14 14 10 10 6 5 5 4
 0 0 0 0 0 0 0 0 0 0 0 0 0 0 0 0 0 0 0 0 0 1 2 2 3 3 8 13 13 21 17 17 11 11 11 14 14 18 15 15 12 12 11 11 11 10
 0 0 0 0 0 0 0 0 0 0 0 0 0 0 0 0 0 0 0 0 0 1 2 2 3 3 8 13 13 21 17 17 11 11 11 14 14 18 15 15 12 12 11 11 11 10
 0 0 0 0 0 0 0 0 0 0 0 0 0 0 0 0 0 0 0 0 0 1 3 3 6 6 12 12 12 15 17 17 14 14 14 17 17 25 23 23 19 19 19 16 16 17
 0 0 0 0 0 0 0 0 0 0 0 0 0 0 0 0 0 0 0 0 0 1 4 4 7 7 12 13 13 13 13 13 12 12 17 18 18 20 23 23 25 25 27 23 23 26
 0 0 0 0 0 0 0 0 0 0 0 0 0 0 0 0 0 0 0 0 0 1 4 4 7 7 12 13 13 13 13 13 12 12 17 18 18 20 23 23 25 25 27 23 23 26
 0 0 0 0 0 0 0 0 0 0 0 0 0 0 0 0 0 0 0 0 0 0 1 1 4 4 9 18 18 15 10 10 9 9 13 18 18 22 25 25 35 35 32 25 25 26
 0 0 0 0 0 0 0 0 0 0 0 0 0 0 0 0 0 0 0 0 0 0 1 1 4 4 9 18 18 15 10 10 9 9 13 18 18 22 25 25 35 35 32 25 25 26
 0 0 0 0 0 0 0 0 0 0 0 0 0 0 0 0 0 0 0 0 0 0 0 0 1 1 4 10 10 8 6 6 5 5 8 9 9 12 14 14 19 19 18 16 16 18
 0 0 0 0 0 0 0 0 0 0 0 0 0 0 0 0 0 0 0 0 0 0 0 0 1 1 3 6 6 8 8 8 6 6 5 3 3 2 2 2 5 5 6 5 5 6
 0 0 0 0 0 0 0 0 0 0 0 0 0 0 0 0 0 0 0 0 0 0 0 0 1 1 3 6 6 8 8 8 6 6 5 3 3 2 2 2 5 5 6 5 5 6
 0 0 0 0 0 0 0 0 0 0 0 0 0 0 0 0 0 0 0 0 0 0 0 0 1 1 3 6 6 8 9 9 8 8 6 5 5 4 2 2 3 3 1 2 2 2
 0 0 0 0 0 0 0 0 0 0 0 0 0 0 0 0 0 0 0 0 0 0 0 0 1 1 4 8 8 9 10 10 10 10 11 10 10 9 7 7 6 6 3 2 2 1
 0 0 0 0 0 0 0 0 0 0 0 0 0 0 0 0 0 0 0 0 0 0 0 0 1 1 4 8 8 9 10 10 10 10 11 10 10 9 7 7 6 6 3 2 2 1
 0 0 1 1 1 0 1 1 1 1 0 1 1 0 0 0 0 0 0 0 0 0 0 0 2 2 11 13 13 10 12 12 15 15 16 16 16 15 17 17 15 15 12 7 7 4
 0 0 1 1 1 0 1 1 1 1 0 1 1 0 0 0 0 0 0 0 0 0 0 0 2 2 11 13 13 10 12 12 15 15 16 16 16 15 17 17 15 15 12 7 7 4
 1 1 2 2 2 1 1 1 1 1 1 1 1 0 0 0 0 0 0 0 0 0 1 1 2 2 11 13 13 11 13 13 17 17 19 21 21 21 23 23 23 23 21 15 15 9
 0 0 1 1 1 0 0 0 0 0 0 0 0 0 0 0 1 1 1 0 0 1 3 3 12 12 10 11 11 13 15 15 19 19 22 26 26 26 27 27 28 28 25 23 23 17
 0 0 1 1 1 0 0 0 0 0 0 0 0 0 0 0 1 1 1 0 0 1 3 3 12 12 10 11 11 13 15 15 19 19 22 26 26 26 27 27 28 28 25 23 23 17
 0 0 0 0 0 0 0 0 0 0 0 0 0 0 0 0 1 1 2 2 2 2 6 6 14 14 10 12 12 16 17 17 21 21 26 33 33 32 33 33 31 31 32 32 32 31
 0 0 0 0 0 0 1 1 0 0 0 0 0 0 0 0 1 1 2 3 3 4 8 8 10 10 9 16 16 20 21 21 24 24 28 35 35 38 38 38 37 37 39 40 40 42
 0 0 0 0 0 0 1 1 0 0 0 0 0 0 0 0 1 1 2 3 3 4 8 8 10 10 9 16 16 20 21 21 24 24 28 35 35 38 38 38 37 37 39 40 40 42
 1 1 1 1 1 1 1 1 0 0 0 0 0 0 0 0 0 0 1 1 1 2 5 5 7 7 10 21 21 26 25 25 27 27 31 39 39 45 45 45 46 46 46 48 48 55
 1 1 1 1 1 1 1 1 0 0 0 0 0 0 0 0 0 0 1 1 1 2 5 5 7 7 10 21 21 26 25 25 27 27 31 39 39 45 45 45 46 46 46 48 48 55
 1 1 1 1 1 1 0 0 0 0 0 0 0 0 0 0 0 0 0 1 1 2 4 4 6 6 9 13 13 25 28 28 29 29 35 44 44 48 49 49 52 52 53 57 57 66
 0 0 0 0 0 0 0 0 0 0 0 0 0 0 0 0 0 0 0 0 0 1 2 2 4 4 7 10 10 17 22 22 27 27 32 39 39 40 44 44 49 49 55 58 58 62
 0 0 0 0 0 0 0 0 0 0 0 0 0 0 0 0 0 0 0 0 0 1 2 2 4 4 7 10 10 17 22 22 27 27 32 39 39 40 44 44 49 49 55 58 58 62
 0 0 0 0 0 0 0 0 0 0 0 0 0 0 0 0 0 0 0 0 0 0 1 1 1 1 3 5 5 6 13 13 17 17 21 27 27 30 35 35 41 41 49 51 51 49
 0 0 0 0 0 0 0 0 0 0 0 0 0 0 0 0 0 0 0 0 0 0 0 0 0 0 1 2 2 3 4 4 10 10 13 18 18 19 24 24 29 29 33 31 31 23
 0 0 0 0 0 0 0 0 0 0 0 0 0 0 0 0 0 0 0 0 0 0 0 0 0 0 1 2 2 3 4 4 10 10 13 18 18 19 24 24 29 29 33 31 31 23
 0 0 0 0 0 0 0 0 0 0 0 0 0 0 0 0 0 0 0 0 0 0 0 0 0 0 1 1 1 2 2 2 3 3 7 9 9 10 13 13 15 15 14 12 12 6
 0 0 0 0 0 0 0 0 0 0 0 0 0 0 0 0 0 0 0 0 0 0 0 0 0 0 1 1 1 2 2 2 3 3 7 9 9 10 13 13 15 15 14 12 12 6
 0 0 0 0 0 0 0 0 0 0 0 0 0 0 0 0 0 0 0 1 1 1 1 1 1 1 3 3 3 4 2 2 2 2 2 2 2 3 4 4 5 5 4 2 2 1
 0 0 0 0 0 0 0 0 0 0 0 0 0 0 0 0 0 0 0 1 1 1 2 2 3 3 5 4 4 4 0 0 0 0 0 0 0 1 1 1 3 3 3 2 2 0
 0 0 0 0 0 0 0 0 0 0 0 0 0 0 0 0 0 0 0 1 1 1 2 2 3 3 5 4 4 4 0 0 0 0 0 0 0 1 1 1 3 3 3 2 2 0
 0 0 0 0 0 0 0 0 0 0 0 0 0 0 0 0 0 0 0 1 1 3 3 3 5 5 9 4 4 3 1 1 1 1 1 0 0 0 1 1 4 4 2 2 2 0
 0 0 0 0 0 0 0 0 0 0 1 1 1 1 1 1 1 1 0 1 1 1 1 1 2 2 4 2 2 2 0 0 1 1 1 0 0 0 0 0 0 0 1 0 0 0
