assets/RAT_results/precipitation/2023-11-21_IMERG.asc
ncols        46
nrows        77
xllcorner    74.800261325624
yllcorner    8.058333333333
cellsize     0.062500000000
NODATA_value -9999
 0 0 0 0 0 0 0 0 0 0 0 0 0 0 0 0 0 0 0 0 0 0 1 1 0 0 0 0 0 0 0 0 0 0 0 0 0 0 0 0 0 0 0 0 0 0
 0 0 0 0 0 0 0 0 0 0 0 0 0 0 0 0 0 0 0 0 0 0 1 1 0 0 0 0 0 0 0 0 0 0 0 0 0 0 0 0 0 0 0 0 0 0
 0 0 0 0 0 0 0 0 0 0 0 0 0 0 0 0 0 0 0 0 0 0 1 1 0 0 0 0 0 0 0 0 0 0 0 0 0 0 0 0 0 0 0 0 0 0
 0 0 0 0 0 0 0 0 0 0 0 0 0 0 0 0 0 0 0 0 0 0 0 0 0 0 0 0 0 0 0 0 0 0 0 0 0 0 0 0 0 0 0 0 0 0
 1 1 0 0 0 0 0 0 0 0 0 0 0 0 0 0 0 0 0 0 0 0 0 0 0 0 0 0 0 0 0 0 0 0 0 0 0 0 0 0 0 0 0 0 0 0
 1 1 0 0 0 0 0 0 0 0 0 0 0 0 0 0 0 0 0 0 0 0 0 0 0 0 0 0 0 0 0 0 0 0 0 0 0 0 0 0 0 0 0 0 0 0
 2 2 1 0 0 0 0 0 0 0 0 0 0 0 0 0 0 0 0 0 0 0 0 0 0 0 0 0 0 0 0 0 0 0 0 0 0 0 0 0 0 0 0 0 0 0
 2 2 1 0 0 0 0 0 0 0 0 0 0 0 0 0 0 0 0 0 0 0 0 0 0 0 0 0 0 0 0 0 0 0 0 0 0 0 0 0 0 0 0 0 0 0
 2 2 1 0 0 0 0 0 0 0 0 0 0 0 0 0 0 0 0 0 0 0 0 0 0 0 0 0 0 0 0 0 0 0 0 0 0 0 0 0 0 0 0 0 0 0
 3 3 1 0 0 0 0 0 0 0 0 0 0 0 0 0 0 0 0 0 0 0 0 0 0 0 0 0 0 0 0 0 0 0 0 0 0 0 0 0 0 0 0 0 0 0
 3 3 1 0 0 0 0 0 0 0 0 0 0 0 0 0 0 0 0 0 0 0 0 0 0 0 0 0 0 0 0 0 0 0 0 0 0 0 0 0 0 0 0 0 0 0
 3 3 1 1 1 0 0 0 0 0 0 0 0 0 0 0 0 0 0 0 0 0 0 0 0 0 0 0 0 0 0 0 0 0 0 0 0 0 0 0 0 0 0 0 0 0
 2 2 2 1 1 0 0 0 0 0 0 0 0 0 0 0 0 0 0 0 0 0 0 0 0 0 0 0 0 0 0 0 0 0 0 0 0 0 0 0 0 0 0 0 0 0
 2 2 2 1 1 0 0 0 0 0 0 0 0 0 0 0 0 0 0 0 0 0 0 0 0 0 0 0 0 0 0 0 0 0 0 0 0 0 0 0 0 0 0 0 0 0
 4 4 3 3 3 1 1 1 1 1 1 0 0 0 0 0 0 0 0 0 0 0 0 0 0 0 0 1 1 0 0 0 1 1 1 1 1 1 0 0 0 0 0 0 0 0
 4 4 3 3 3 1 1 1 1 1 1 0 0 0 0 0 0 0 0 0 0 0 0 0 0 0 0 1 1 0 0 0 1 1 1 1 1 1 0 0 0 0 0 0 0 0
 4 4 4 3 3 2 2 2 2 2 2 1 1 1 1 1 1 1 1 1 1 0 0 0 0 0 0 1 1 1 1 1 1 1 3 4 4 4 3 3 1 1 0 1 1 1
 5 5 5 6 6 5 4 4 3 3 4 3 3 2 2 2 2 2 2 2 2 1 1 1 1 1 1 1 1 2 1 1 2 2 5 8 8 10 8 8 5 5 2 1 1 1
 5 5 5 6 6 5 4 4 3 3 4 3 3 2 2 2 2 2 2 2 2 1 1 1 1 1 1 1 1 2 1 1 2 2 5 8 8 10 8 8 5 5 2 1 1 1
 6 6 6 7 7 7 6 6 5 5 4 4 4 7 6 6 7 7 6 2 2 1 1 1 2 2 1 10 10 10 5 5 7 7 8 13 13 19 17 17 11 11 4 2 2 1
 11 11 10 10 10 10 9 9 8 8 9 10 10 12 12 12 12 12 7 6 6 6 4 4 3 3 2 11 11 12 7 7 20 20 14 17 17 23 25 25 19 19 10 6 6 3
 11 11 10 10 10 10 9 9 8 8 9 10 10 12 12 12 12 12 7 6 6 6 4 4 3 3 2 11 11 12 7 7 20 20 14 17 17 23 25 25 19 19 10 6 6 3
 19 19 17 14 14 12 11 11 11 11 13 11 11 20 19 19 15 15 12 11 11 8 9 9 5 5 10 12 12 23 18 18 21 21 17 15 15 46 49 49 43 43 39 10 10 5
 19 19 17 14 14 12 11 11 11 11 13 11 11 20 19 19 15 15 12 11 11 8 9 9 5 5 10 12 12 23 18 18 21 21 17 15 15 46 49 49 43 43 39 10 10 5
 25 25 23 18 18 15 14 14 14 14 24 21 21 28 22 22 24 24 14 13 13 15 10 10 8 8 13 14 14 20 22 22 15 15 15 31 31 24 47 47 47 47 50 19 19 12
 26 26 24 20 20 22 25 25 19 19 60 25 25 38 31 31 25 25 19 17 17 16 14 14 19 19 33 32 32 25 24 24 18 18 15 29 29 28 51 51 61 61 38 18 18 12
 26 26 24 20 20 22 25 25 19 19 60 25 25 38 31 31 25 25 19 17 17 16 14 14 19 19 33 32 32 25 24 24 18 18 15 29 29 28 51 51 61 61 38 18 18 12
 18 18 19 19 19 24 43 43 49 49 61 74 74 74 49 49 39 39 26 24 24 19 18 18 19 19 21 42 42 30 26 26 15 15 18 27 27 40 44 44 54 54 37 29 29 22
 16 16 17 20 20 40 57 57 184 184 180 233 233 135 77 77 52 52 39 32 32 21 21 21 25 25 26 47 47 32 31 31 21 21 23 19 19 17 28 28 30 30 18 15 15 21
 16 16 17 20 20 40 57 57 184 184 180 233 233 135 77 77 52 52 39 32 32 21 21 21 25 25 26 47 47 32 31 31 21 21 23 19 19 17 28 28 30 30 18 15 15 21
 14 14 16 19 19 50 52 52 213 213 210 329 329 234 189 189 57 57 57 38 38 35 34 34 29 29 28 36 36 38 39 39 32 32 20 15 15 10 7 7 29 29 13 10 10 8
 14 14 16 19 19 50 52 52 213 213 210 329 329 234 189 189 57 57 57 38 38 35 34 34 29 29 28 36 36 38 39 39 32 32 20 15 15 10 7 7 29 29 13 10 10 8
 15 15 18 20 20 38 134 134 191 191 363 433 433 338 338 338 104 104 94 65 65 42 38 38 39 39 34 41 41 45 42 42 37 37 11 13 13 8 4 4 5 5 3 1 1 1
 15 15 17 20 20 21 47 47 68 68 449 432 432 423 418 418 132 132 113 84 84 61 42 42 40 40 40 43 43 43 31 31 28 28 9 9 9 5 3 3 1 1 0 0 0 1
 15 15 17 20 20 21 47 47 68 68 449 432 432 423 418 418 132 132 113 84 84 61 42 42 40 40 40 43 43 43 31 31 28 28 9 9 9 5 3 3 1 1 0 0 0 1
 8 8 10 12 12 15 44 44 61 61 340 421 421 345 343 343 152 152 99 96 96 71 42 42 39 39 40 43 43 23 17 17 19 19 5 2 2 2 1 1 1 1 0 0 0 1
 5 5 7 9 9 9 50 50 65 65 127 337 337 294 261 261 180 180 109 99 99 82 46 46 44 44 34 26 26 15 9 9 4 4 2 1 1 1 2 2 2 2 1 1 1 2
 5 5 7 9 9 9 50 50 65 65 127 337 337 294 261 261 180 180 109 99 99 82 46 46 44 44 34 26 26 15 9 9 4 4 2 1 1 1 2 2 2 2 1 1 1 2
 7 7 7 6 6 28 45 45 49 49 69 152 152 156 92 92 155 155 98 75 75 75 74 74 54 54 28 23 23 15 8 8 3 3 1 1 1 2 2 2 4 4 3 2 2 2
 7 7 7 6 6 28 45 45 49 49 69 152 152 156 92 92 155 155 98 75 75 75 74 74 54 54 28 23 23 15 8 8 3 3 1 1 1 2 2 2 4 4 3 2 2 2
 7 7 5 5 5 26 38 38 48 48 59 78 78 82 86 86 92 92 69 80 80 81 69 69 30 30 37 26 26 24 13 13 5 5 3 2 2 2 2 2 5 5 8 7 7 4
 3 3 4 4 4 5 17 17 50 50 52 66 66 82 79 79 83 83 62 64 64 76 97 97 35 35 33 17 17 43 13 13 8 8 6 3 3 3 4 4 6 6 11 11 11 7
 3 3 4 4 4 5 17 17 50 50 52 66 66 82 79 79 83 83 62 64 64 76 97 97 35 35 33 17 17 43 13 13 8 8 6 3 3 3 4 4 6 6 11 11 11 7
 3 3 3 3 3 4 8 8 59 59 63 74 74 74 67 67 70 70 67 96 96 58 92 92 85 85 30 39 39 43 23 23 9 9 6 7 7 7 12 12 13 13 15 16 16 9
 2 2 2 2 2 4 33 33 54 54 58 69 69 47 45 45 14 14 64 161 161 166 87 87 82 82 29 40 40 45 19 19 16 16 12 11 11 9 14 14 13 13 30 33 33 31
 2 2 2 2 2 4 33 33 54 54 58 69 69 47 45 45 14 14 64 161 161 166 87 87 82 82 29 40 40 45 19 19 16 16 12 11 11 9 14 14 13 13 30 33 33 31
 0 0 1 2 2 4 11 11 7 7 46 53 53 27 43 43 9 9 46 156 156 159 20 20 20 20 15 16 16 21 22 22 19 19 15 17 17 17 14 14 25 25 41 39 39 56
 0 0 1 2 2 4 11 11 7 7 46 53 53 27 43 43 9 9 46 156 156 159 20 20 20 20 15 16 16 21 22 22 19 19 15 17 17 17 14 14 25 25 41 39 39 56
 0 0 1 2 2 3 6 6 4 4 42 46 46 4 4 4 5 5 20 16 16 47 17 17 18 18 13 16 16 24 29 29 27 27 25 21 21 21 24 24 37 37 45 57 57 62
 1 1 1 3 3 4 4 4 3 3 37 36 36 18 3 3 5 5 15 4 4 11 12 12 11 11 11 17 17 27 34 34 33 33 24 21 21 29 28 28 42 42 49 67 67 78
 1 1 1 3 3 4 4 4 3 3 37 36 36 18 3 3 5 5 15 4 4 11 12 12 11 11 11 17 17 27 34 34 33 33 24 21 21 29 28 28 42 42 49 67 67 78
 1 1 1 2 2 2 2 2 20 20 41 17 17 17 2 2 3 3 4 3 3 11 11 11 11 11 14 16 16 23 34 34 38 38 31 25 25 17 37 37 47 47 53 68 68 84
 0 0 1 2 2 4 2 2 22 22 38 20 20 19 2 2 1 1 2 7 7 10 10 10 10 10 13 15 15 28 38 38 47 47 39 27 27 21 39 39 33 33 53 59 59 70
 0 0 1 2 2 4 2 2 22 22 38 20 20 19 2 2 1 1 2 7 7 10 10 10 10 10 13 15 15 28 38 38 47 47 39 27 27 21 39 39 33 33 53 59 59 70
 0 0 0 3 3 4 2 2 5 5 8 2 2 19 1 1 1 1 2 6 6 2 6 6 12 12 14 16 16 29 52 52 65 65 51 31 31 22 32 32 32 32 51 50 50 54
 0 0 0 3 3 4 2 2 5 5 8 2 2 19 1 1 1 1 2 6 6 2 6 6 12 12 14 16 16 29 52 52 65 65 51 31 31 22 32 32 32 32 51 50 50 54
 0 0 0 1 1 1 1 1 1 1 1 1 1 1 1 1 1 1 1 3 3 4 6 6 12 12 14 15 15 31 54 54 67 67 58 35 35 23 24 24 25 25 45 43 43 26
 0 0 0 0 0 1 0 0 0 0 0 1 1 1 1 1 1 1 1 1 1 1 2 2 2 2 9 16 16 31 50 50 51 51 48 34 34 19 22 22 19 19 38 9 9 6
 0 0 0 0 0 1 0 0 0 0 0 1 1 1 1 1 1 1 1 1 1 1 2 2 2 2 9 16 16 31 50 50 51 51 48 34 34 19 22 22 19 19 38 9 9 6
 0 0 0 0 0 0 0 0 0 0 0 1 1 2 2 2 3 3 2 1 1 0 0 0 1 1 5 12 12 31 50 50 49 49 33 21 21 14 10 10 6 6 7 6 6 3
 0 0 0 0 0 0 0 0 0 0 1 1 1 3 4 4 4 4 2 1 1 0 0 0 1 1 2 11 11 33 54 54 46 46 28 18 18 14 10 10 8 8 3 1 1 0
 0 0 0 0 0 0 0 0 0 0 1 1 1 3 4 4 4 4 2 1 1 0 0 0 1 1 2 11 11 33 54 54 46 46 28 18 18 14 10 10 8 8 3 1 1 0
 0 0 1 1 1 1 0 0 0 0 0 16 16 18 3 3 3 3 1 0 0 1 1 1 1 1 1 7 7 22 34 34 34 34 25 18 18 14 9 9 7 7 3 1 1 0
 0 0 1 1 1 1 0 0 0 0 0 16 16 18 3 3 3 3 1 0 0 1 1 1 1 1 1 7 7 22 34 34 34 34 25 18 18 14 9 9 7 7 3 1 1 0
 0 0 1 1 1 1 1 1 1 1 1 2 2 18 2 2 1 1 1 1 1 1 0 0 1 1 1 3 3 15 21 21 24 24 22 17 17 13 8 8 6 6 4 2 2 0
 1 1 1 2 2 1 1 1 1 1 2 5 5 7 6 6 2 2 2 1 1 1 1 1 1 1 1 2 2 8 11 11 16 16 23 26 26 19 12 12 8 8 5 3 3 1
 1 1 1 2 2 1 1 1 1 1 2 5 5 7 6 6 2 2 2 1 1 1 1 1 1 1 1 2 2 8 11 11 16 16 23 26 26 19 12 12 8 8 5 3 3 1
 2 2 2 1 1 0 0 0 1 1 5 13 13 10 5 5 2 2 1 2 2 4 2 2 1 1 1 2 2 3 6 6 9 9 17 31 31 36 22 22 11 11 6 3 3 1
 5 5 5 3 3 1 0 0 1 1 4 9 9 6 2 2 1 1 1 2 2 3 2 2 2 2 3 3 3 4 4 4 8 8 12 28 28 41 36 36 17 17 6 2 2 0
 5 5 5 3 3 1 0 0 1 1 4 9 9 6 2 2 1 1 1 2 2 3 2 2 2 2 3 3 3 4 4 4 8 8 12 28 28 41 36 36 17 17 6 2 2 0
 5 5 6 3 3 0 1 1 0 0 1 2 2 2 1 1 0 0 0 1 1 3 2 2 3 3 5 7 7 8 10 10 9 9 12 18 18 24 29 29 18 18 6 2 2 0
 5 5 6 3 3 0 1 1 0 0 1 2 2 2 1 1 0 0 0 1 1 3 2 2 3 3 5 7 7 8 10 10 9 9 12 18 18 24 29 29 18 18 6 2 2 0
 8 8 4 1 1 0 0 0 0 0 0 0 0 0 0 0 0 0 0 0 0 1 3 3 6 6 6 6 6 6 6 6 4 4 7 10 10 14 17 17 12 12 4 1 1 0
 2 2 1 0 0 0 0 0 0 0 0 0 0 0 0 0 0 0 0 1 1 2 6 6 7 7 4 4 4 4 2 2 2 2 2 3 3 8 8 8 6 6 2 1 1 1
 2 2 1 0 0 0 0 0 0 0 0 0 0 0 0 0 0 0 0 1 1 2 6 6 7 7 4 4 4 4 2 2 2 2 2 3 3 8 8 8 6 6 2 1 1 1
 0 0 0 0 0 0 0 0 0 0 0 0 0 0 0 0 0 0 0 1 1 3 7 7 9 9 6 3 3 2 1 1 0 0 1 1 1 2 2 2 1 1 1 0 0 0
 0 0 0 0 0 58 0 0 0 0 0 0 0 0 0 0 0 0 0 1 1 2 4 4 5 5 4 2 2 1 1 1 1 1 1 1 1 0 0 0 0 0 0 0 0 0
