assets/RAT_results/precipitation/2023-09-16_IMERG.asc
ncols        46
nrows        77
xllcorner    74.800261325624
yllcorner    8.058333333333
cellsize     0.062500000000
NODATA_value -9999
 42 42 32 19 19 17 22 22 21 21 20 18 18 14 11 11 9 9 5 2 2 1 1 1 1 1 1 1 1 1 1 1 0 0 0 0 0 0 1 1 1 1 1 0 0 2
 37 37 29 26 26 24 31 31 25 25 26 22 22 16 9 9 7 7 3 3 3 1 1 1 1 1 1 1 1 1 1 1 0 0 0 0 0 0 1 1 1 1 1 0 0 1
 37 37 29 26 26 24 31 31 25 25 26 22 22 16 9 9 7 7 3 3 3 1 1 1 1 1 1 1 1 1 1 1 0 0 0 0 0 0 1 1 1 1 1 0 0 1
 53 53 43 31 31 30 26 26 22 22 22 20 20 15 9 9 6 6 5 3 3 1 1 1 1 1 1 1 1 1 1 1 0 0 0 0 0 0 0 0 0 0 1 1 1 1
 40 40 36 25 25 31 26 26 21 21 13 7 7 11 6 6 4 4 4 2 2 1 1 1 1 1 1 1 1 1 0 0 0 0 0 0 0 0 0 0 0 0 1 1 1 1
 40 40 36 25 25 31 26 26 21 21 13 7 7 11 6 6 4 4 4 2 2 1 1 1 1 1 1 1 1 1 0 0 0 0 0 0 0 0 0 0 0 0 1 1 1 1
 41 41 32 26 26 20 13 13 7 7 8 5 5 5 3 3 2 2 2 1 1 1 1 1 1 1 1 1 1 1 0 0 0 0 0 0 0 0 0 0 0 0 0 0 0 1
 41 41 32 26 26 20 13 13 7 7 8 5 5 5 3 3 2 2 2 1 1 1 1 1 1 1 1 1 1 1 0 0 0 0 0 0 0 0 0 0 0 0 0 0 0 1
 36 36 26 27 27 19 12 12 7 7 6 5 5 3 3 3 2 2 1 1 1 1 1 1 0 0 0 0 0 1 0 0 0 0 0 0 0 0 0 0 0 0 0 0 0 1
 28 28 23 22 22 18 15 15 11 11 8 2 2 2 2 2 2 2 1 1 1 1 1 1 0 0 0 0 0 0 0 0 0 0 0 0 0 0 0 0 0 0 0 0 0 1
 28 28 23 22 22 18 15 15 11 11 8 2 2 2 2 2 2 2 1 1 1 1 1 1 0 0 0 0 0 0 0 0 0 0 0 0 0 0 0 0 0 0 0 0 0 1
 8 8 8 9 9 6 9 9 10 10 6 7 7 2 2 2 1 1 1 1 1 1 1 1 0 0 0 0 0 0 0 0 0 0 0 0 0 0 0 0 0 0 0 0 0 0
 15 15 5 7 7 6 5 5 6 6 3 7 7 2 3 3 2 2 1 1 1 1 1 1 0 0 0 0 0 0 0 0 0 0 0 0 0 0 0 0 0 0 0 0 0 0
 15 15 5 7 7 6 5 5 6 6 3 7 7 2 3 3 2 2 1 1 1 1 1 1 0 0 0 0 0 0 0 0 0 0 0 0 0 0 0 0 0 0 0 0 0 0
 14 14 4 3 3 3 9 9 8 8 4 1 1 1 1 1 1 1 1 1 1 1 0 0 0 0 0 0 0 0 0 0 0 0 0 0 0 0 0 0 0 0 0 0 0 0
 14 14 4 3 3 3 9 9 8 8 4 1 1 1 1 1 1 1 1 1 1 1 0 0 0 0 0 0 0 0 0 0 0 0 0 0 0 0 0 0 0 0 0 0 0 0
 23 23 14 4 4 4 10 10 7 7 4 2 2 2 2 2 1 1 3 1 1 1 0 0 0 0 0 0 0 0 0 0 0 0 0 0 0 0 0 0 0 0 0 0 0 0
 22 22 13 5 5 12 13 13 3 3 4 1 1 3 3 3 2 2 3 3 3 3 1 1 1 1 0 1 1 0 0 0 0 0 0 0 0 0 0 0 0 0 0 0 0 0
 22 22 13 5 5 12 13 13 3 3 4 1 1 3 3 3 2 2 3 3 3 3 1 1 1 1 0 1 1 0 0 0 0 0 0 0 0 0 0 0 0 0 0 0 0 0
 24 24 23 13 13 14 11 11 2 2 2 2 2 7 7 7 7 7 11 11 11 3 1 1 1 1 1 0 0 0 0 0 0 0 0 0 0 0 0 0 0 0 0 0 0 0
 25 25 26 7 7 8 8 8 4 4 6 15 15 12 7 7 15 15 11 11 11 5 5 5 5 5 5 1 1 1 0 0 0 0 0 0 0 0 0 0 0 0 0 0 0 0
 25 25 26 7 7 8 8 8 4 4 6 15 15 12 7 7 15 15 11 11 11 5 5 5 5 5 5 1 1 1 0 0 0 0 0 0 0 0 0 0 0 0 0 0 0 0
 18 18 16 14 14 5 5 5 6 6 6 12 12 11 12 12 16 16 15 15 15 13 13 13 5 5 1 1 1 1 1 1 0 0 0 0 0 0 0 0 0 0 0 0 0 0
 18 18 16 14 14 5 5 5 6 6 6 12 12 11 12 12 16 16 15 15 15 13 13 13 5 5 1 1 1 1 1 1 0 0 0 0 0 0 0 0 0 0 0 0 0 0
 6 6 6 3 3 3 6 6 5 5 8 15 15 16 14 14 23 23 23 15 15 13 13 13 13 13 1 1 1 1 1 1 1 1 0 0 0 0 0 0 0 0 0 0 0 0
 7 7 7 7 7 5 10 10 10 10 12 22 22 15 12 12 21 21 21 21 21 14 13 13 14 14 0 1 1 1 1 1 0 0 1 0 0 0 0 0 0 0 0 0 0 0
 7 7 7 7 7 5 10 10 10 10 12 22 22 15 12 12 21 21 21 21 21 14 13 13 14 14 0 1 1 1 1 1 0 0 1 0 0 0 0 0 0 0 0 0 0 0
 9 9 11 11 11 8 20 20 15 15 26 22 22 21 16 16 20 20 19 8 8 8 14 14 14 14 1 0 0 0 1 1 0 0 0 0 0 0 0 0 0 0 0 0 0 0
 12 12 14 13 13 20 22 22 27 27 37 38 38 36 18 18 20 20 20 3 3 9 9 9 1 1 1 0 0 0 0 0 0 0 0 0 0 0 0 0 0 0 0 0 0 0
 12 12 14 13 13 20 22 22 27 27 37 38 38 36 18 18 20 20 20 3 3 9 9 9 1 1 1 0 0 0 0 0 0 0 0 0 0 0 0 0 0 0 0 0 0 0
 16 16 15 13 13 23 24 24 30 30 31 41 41 39 25 25 24 24 26 3 3 7 7 7 4 4 1 0 0 1 0 0 0 0 0 0 0 0 0 0 0 0 0 0 0 0
 16 16 15 13 13 23 24 24 30 30 31 41 41 39 25 25 24 24 26 3 3 7 7 7 4 4 1 0 0 1 0 0 0 0 0 0 0 0 0 0 0 0 0 0 0 0
 20 20 21 12 12 29 25 25 33 33 31 35 35 28 34 34 12 12 25 8 8 10 9 9 6 6 2 1 1 1 0 0 0 0 0 0 0 0 0 0 0 0 0 0 0 0
 18 18 18 19 19 28 35 35 26 26 22 35 35 30 27 27 31 31 20 19 19 13 13 13 6 6 3 1 1 1 0 0 0 0 0 0 0 0 0 0 1 1 1 0 0 1
 18 18 18 19 19 28 35 35 26 26 22 35 35 30 27 27 31 31 20 19 19 13 13 13 6 6 3 1 1 1 0 0 0 0 0 0 0 0 0 0 1 1 1 0 0 1
 15 15 16 23 23 23 46 46 14 14 33 32 32 35 36 36 34 34 25 12 12 11 8 8 8 8 2 2 2 1 1 1 0 0 0 0 0 0 1 1 2 2 3 2 2 1
 10 10 17 9 9 22 43 43 32 32 39 38 38 40 36 36 34 34 33 9 9 9 7 7 7 7 2 2 2 1 1 1 1 1 0 0 0 0 2 2 2 2 3 4 4 4
 10 10 17 9 9 22 43 43 32 32 39 38 38 40 36 36 34 34 33 9 9 9 7 7 7 7 2 2 2 1 1 1 1 1 0 0 0 0 2 2 2 2 3 4 4 4
 10 10 10 11 11 11 18 18 34 34 42 37 37 39 39 39 41 41 34 10 10 8 7 7 6 6 2 1 1 1 0 0 0 0 0 0 0 1 1 1 2 2 1 2 2 5
 10 10 10 11 11 11 18 18 34 34 42 37 37 39 39 39 41 41 34 10 10 8 7 7 6 6 2 1 1 1 0 0 0 0 0 0 0 1 1 1 2 2 1 2 2 5
 18 18 18 18 18 25 33 33 35 35 32 30 30 31 9 9 8 8 16 12 12 9 7 7 4 4 2 2 2 1 1 1 0 0 0 1 1 2 2 2 1 1 1 1 1 2
 22 22 20 18 18 27 33 33 45 45 45 39 39 31 9 9 8 8 12 10 10 6 5 5 6 6 4 2 2 1 1 1 1 1 1 2 2 3 2 2 1 1 1 1 1 1
 22 22 20 18 18 27 33 33 45 45 45 39 39 31 9 9 8 8 12 10 10 6 5 5 6 6 4 2 2 1 1 1 1 1 1 2 2 3 2 2 1 1 1 1 1 1
 21 21 47 42 42 43 43 43 45 45 40 39 39 37 13 13 13 13 5 9 9 6 5 5 4 4 4 3 3 3 1 1 1 1 1 1 1 1 1 1 1 1 1 1 1 0
 11 11 11 39 39 38 41 41 42 42 12 10 10 38 14 14 12 12 10 10 10 10 9 9 4 4 5 4 4 3 3 3 1 1 1 0 0 0 0 0 0 0 0 0 0 0
 11 11 11 39 39 38 41 41 42 42 12 10 10 38 14 14 12 12 10 10 10 10 9 9 4 4 5 4 4 3 3 3 1 1 1 0 0 0 0 0 0 0 0 0 0 0
 12 12 13 13 13 16 15 15 15 15 11 11 11 11 11 11 7 7 20 10 10 9 8 8 4 4 5 5 5 3 3 3 1 1 1 0 0 0 0 0 0 0 0 0 0 0
 12 12 13 13 13 16 15 15 15 15 11 11 11 11 11 11 7 7 20 10 10 9 8 8 4 4 5 5 5 3 3 3 1 1 1 0 0 0 0 0 0 0 0 0 0 0
 14 14 15 15 15 16 17 17 17 17 15 13 13 13 9 9 8 8 22 22 22 20 14 14 10 10 6 1 1 1 1 1 1 1 1 1 1 0 0 0 0 0 0 0 0 0
 17 17 14 15 15 15 13 13 12 12 15 14 14 14 10 10 19 19 19 19 19 21 17 17 11 11 11 4 4 2 2 2 2 2 0 1 1 0 0 0 0 0 0 0 0 0
 17 17 14 15 15 15 13 13 12 12 15 14 14 14 10 10 19 19 19 19 19 21 17 17 11 11 11 4 4 2 2 2 2 2 0 1 1 0 0 0 0 0 0 0 0 0
 14 14 15 31 31 31 32 32 10 10 11 10 10 7 9 9 17 17 17 17 17 18 13 13 11 11 13 10 10 5 1 1 1 1 0 0 0 0 0 0 0 0 0 0 0 0
 9 9 12 28 28 29 30 30 26 26 26 15 15 13 7 7 14 14 15 27 27 22 16 16 18 18 12 9 9 4 1 1 1 1 0 0 0 0 0 0 0 0 0 0 0 0
 9 9 12 28 28 29 30 30 26 26 26 15 15 13 7 7 14 14 15 27 27 22 16 16 18 18 12 9 9 4 1 1 1 1 0 0 0 0 0 0 0 0 0 0 0 0
 10 10 9 11 11 17 18 18 21 21 21 13 13 20 15 15 17 17 31 25 25 16 17 17 18 18 7 6 6 5 4 4 2 2 0 0 0 0 0 0 0 0 0 0 0 0
 10 10 9 11 11 17 18 18 21 21 21 13 13 20 15 15 17 17 31 25 25 16 17 17 18 18 7 6 6 5 4 4 2 2 0 0 0 0 0 0 0 0 0 0 0 0
 8 8 10 12 12 12 18 18 23 23 24 29 29 33 14 14 19 19 38 38 38 33 18 18 13 13 12 4 4 6 4 4 1 1 1 0 0 0 0 0 0 0 0 0 0 0
 6 6 8 11 11 10 9 9 12 12 22 11 11 39 20 20 18 18 38 32 32 34 22 22 16 16 12 8 8 8 3 3 1 1 1 0 0 0 0 0 0 0 0 0 0 0
 6 6 8 11 11 10 9 9 12 12 22 11 11 39 20 20 18 18 38 32 32 34 22 22 16 16 12 8 8 8 3 3 1 1 1 0 0 0 0 0 0 0 0 0 0 0
 3 3 4 6 6 3 6 6 12 12 10 13 13 18 20 20 11 11 28 29 29 35 34 34 17 17 9 6 6 6 0 0 0 0 0 0 0 0 0 0 0 0 0 0 0 1
 2 2 2 2 2 3 3 3 4 4 4 6 6 7 10 10 20 20 19 18 18 26 8 8 11 11 10 5 5 4 0 0 0 0 0 0 0 0 0 0 0 0 0 0 0 0
 2 2 2 2 2 3 3 3 4 4 4 6 6 7 10 10 20 20 19 18 18 26 8 8 11 11 10 5 5 4 0 0 0 0 0 0 0 0 0 0 0 0 0 0 0 0
 3 3 2 2 2 2 2 2 3 3 3 5 5 6 7 7 14 14 18 18 18 23 48 48 8 8 6 1 1 1 0 0 0 0 0 0 0 0 0 0 0 0 0 0 0 0
 3 3 2 2 2 2 2 2 3 3 3 5 5 6 7 7 14 14 18 18 18 23 48 48 8 8 6 1 1 1 0 0 0 0 0 0 0 0 0 0 0 0 0 0 0 0
 2 2 1 1 1 1 2 2 3 3 3 4 4 6 7 7 15 15 15 14 14 15 46 46 14 14 12 11 11 2 2 2 1 1 1 0 0 0 0 0 0 0 0 0 0 0
 2 2 2 2 2 3 4 4 4 4 6 5 5 5 8 8 11 11 10 19 19 22 11 11 18 18 20 20 20 9 3 3 2 2 1 0 0 1 1 1 0 0 0 0 0 0
 2 2 2 2 2 3 4 4 4 4 6 5 5 5 8 8 11 11 10 19 19 22 11 11 18 18 20 20 20 9 3 3 2 2 1 0 0 1 1 1 0 0 0 0 0 0
 4 4 3 3 3 6 6 6 5 5 6 8 8 8 9 9 9 9 12 16 16 12 11 11 24 24 26 27 27 19 12 12 1 1 0 0 0 1 1 1 0 0 0 0 0 0
 4 4 4 4 4 6 6 6 5 5 6 4 4 6 8 8 8 8 8 8 8 7 13 13 17 17 42 22 22 26 17 17 18 18 4 3 3 3 1 1 0 0 0 0 0 0
 4 4 4 4 4 6 6 6 5 5 6 4 4 6 8 8 8 8 8 8 8 7 13 13 17 17 42 22 22 26 17 17 18 18 4 3 3 3 1 1 0 0 0 0 0 0
 3 3 5 5 5 8 7 7 5 5 6 5 5 7 8 8 8 8 9 10 10 13 16 16 17 17 32 35 35 25 17 17 11 11 4 4 4 4 0 0 0 0 0 0 0 0
 3 3 5 5 5 8 7 7 5 5 6 5 5 7 8 8 8 8 9 10 10 13 16 16 17 17 32 35 35 25 17 17 11 11 4 4 4 4 0 0 0 0 0 0 0 0
 4 4 4 6 6 5 8 8 6 6 5 4 4 5 7 7 7 7 10 10 10 14 15 15 16 16 17 17 17 11 13 13 9 9 7 5 5 3 0 0 0 0 0 0 0 0
 3 3 3 4 4 4 6 6 6 6 5 5 5 4 6 6 6 6 5 6 6 7 10 10 9 9 15 9 9 9 9 9 8 8 6 3 3 2 1 1 0 0 0 0 0 0
 3 3 3 4 4 4 6 6 6 6 5 5 5 4 6 6 6 6 5 6 6 7 10 10 9 9 15 9 9 9 9 9 8 8 6 3 3 2 1 1 0 0 0 0 0 0
 3 3 3 5 5 4 7 7 8 8 5 4 4 5 5 5 5 5 4 6 6 7 12 12 14 14 9 11 11 10 9 9 5 5 4 4 4 1 1 1 1 1 2 1 1 0
 3 3 3 4 4 4 6 6 7 7 5 5 5 7 6 6 6 6 5 6 6 8 9 9 13 13 11 11 11 13 15 15 15 15 11 7 7 3 2 2 1 1 4 0 0 1
