assets/RAT_results/precipitation/2023-09-30_IMERG.asc
ncols        46
nrows        77
xllcorner    74.800261325624
yllcorner    8.058333333333
cellsize     0.062500000000
NODATA_value -9999
 15 15 9 5 5 5 12 12 15 15 9 7 7 4 6 6 4 4 1 0 0 0 0 0 0 0 0 0 0 0 0 0 0 0 0 0 0 0 0 0 0 0 0 0 0 0
 14 14 5 4 4 4 6 6 6 6 6 3 3 2 1 1 1 1 0 0 0 0 0 0 0 0 0 0 0 0 0 0 1 1 0 0 0 0 0 0 1 1 0 0 0 0
 14 14 5 4 4 4 6 6 6 6 6 3 3 2 1 1 1 1 0 0 0 0 0 0 0 0 0 0 0 0 0 0 1 1 0 0 0 0 0 0 1 1 0 0 0 0
 16 16 13 5 5 5 5 5 6 6 4 3 3 3 3 3 1 1 0 0 0 0 0 0 0 0 3 0 0 0 0 0 0 0 0 0 0 0 0 0 0 0 0 0 0 0
 8 8 12 11 11 10 9 9 5 5 5 4 4 3 6 6 8 8 1 0 0 4 1 1 0 0 1 1 1 0 0 0 0 0 0 0 0 0 0 0 0 0 0 0 0 0
 8 8 12 11 11 10 9 9 5 5 5 4 4 3 6 6 8 8 1 0 0 4 1 1 0 0 1 1 1 0 0 0 0 0 0 0 0 0 0 0 0 0 0 0 0 0
 8 8 8 14 14 8 5 5 4 4 7 7 7 7 6 6 4 4 2 1 1 5 3 3 3 3 3 1 1 0 0 0 0 0 0 0 0 0 0 0 0 0 0 0 0 0
 8 8 8 14 14 8 5 5 4 4 7 7 7 7 6 6 4 4 2 1 1 5 3 3 3 3 3 1 1 0 0 0 0 0 0 0 0 0 0 0 0 0 0 0 0 0
 15 15 18 24 24 22 19 19 12 12 10 9 9 7 6 6 4 4 1 3 3 0 0 0 1 1 2 0 0 0 0 0 0 0 0 0 0 0 0 0 0 0 0 0 0 0
 15 15 17 25 25 26 25 25 21 21 10 9 9 11 8 8 5 5 5 4 4 2 3 3 1 1 1 0 0 0 0 0 0 0 0 0 0 0 0 0 0 0 0 0 0 0
 15 15 17 25 25 26 25 25 21 21 10 9 9 11 8 8 5 5 5 4 4 2 3 3 1 1 1 0 0 0 0 0 0 0 0 0 0 0 0 0 0 0 0 0 0 0
 16 16 20 21 21 25 20 20 15 15 13 15 15 17 10 10 11 11 4 0 0 2 1 1 1 1 0 0 0 0 0 0 0 0 0 0 0 0 0 0 0 0 0 0 0 0
 16 16 25 34 34 27 27 27 33 33 14 13 13 13 11 11 9 9 2 1 1 0 0 0 0 0 0 0 0 0 0 0 0 0 0 0 0 0 0 0 0 0 0 0 0 0
 16 16 25 34 34 27 27 27 33 33 14 13 13 13 11 11 9 9 2 1 1 0 0 0 0 0 0 0 0 0 0 0 0 0 0 0 0 0 0 0 0 0 0 0 0 0
 21 21 29 34 34 26 25 25 23 23 19 13 13 16 17 17 16 16 3 3 3 0 0 0 0 0 0 0 0 0 0 0 0 0 0 0 0 0 0 0 0 0 0 0 0 0
 21 21 29 34 34 26 25 25 23 23 19 13 13 16 17 17 16 16 3 3 3 0 0 0 0 0 0 0 0 0 0 0 0 0 0 0 0 0 0 0 0 0 0 0 0 0
 28 28 30 23 23 25 40 40 27 27 21 17 17 18 19 19 11 11 4 3 3 1 0 0 0 0 0 0 0 0 0 0 0 0 0 0 0 0 1 1 0 0 0 0 0 0
 23 23 18 21 21 31 51 51 45 45 26 16 16 18 16 16 9 9 9 4 4 1 0 0 0 0 0 0 0 0 0 0 0 0 3 0 0 0 0 0 2 2 0 0 0 0
 23 23 18 21 21 31 51 51 45 45 26 16 16 18 16 16 9 9 9 4 4 1 0 0 0 0 0 0 0 0 0 0 0 0 3 0 0 0 0 0 2 2 0 0 0 0
 27 27 31 29 29 21 24 24 20 20 15 17 17 16 15 15 6 6 7 4 4 1 1 1 1 1 3 1 1 5 1 1 0 0 0 0 0 0 0 0 0 0 0 0 0 0
 27 27 38 27 27 23 33 33 32 32 22 30 30 23 22 22 14 14 17 7 7 4 8 8 5 5 4 4 4 3 4 4 0 0 0 0 0 0 0 0 0 0 0 0 0 0
 27 27 38 27 27 23 33 33 32 32 22 30 30 23 22 22 14 14 17 7 7 4 8 8 5 5 4 4 4 3 4 4 0 0 0 0 0 0 0 0 0 0 0 0 0 0
 22 22 31 18 18 17 30 30 34 34 19 29 29 25 25 25 27 27 25 19 19 13 8 8 6 6 7 12 12 11 2 2 2 2 2 2 2 0 0 0 0 0 0 0 0 0
 22 22 31 18 18 17 30 30 34 34 19 29 29 25 25 25 27 27 25 19 19 13 8 8 6 6 7 12 12 11 2 2 2 2 2 2 2 0 0 0 0 0 0 0 0 0
 22 22 10 7 7 9 14 14 13 13 20 25 25 26 25 25 20 20 21 20 20 25 15 15 15 15 18 15 15 8 3 3 3 3 1 1 1 0 0 0 0 0 0 0 0 0
 12 12 7 10 10 10 12 12 11 11 15 18 18 16 20 20 16 16 25 25 25 25 15 15 21 21 9 9 9 9 5 5 0 0 0 0 0 1 0 0 0 0 0 0 0 0
 12 12 7 10 10 10 12 12 11 11 15 18 18 16 20 20 16 16 25 25 25 25 15 15 21 21 9 9 9 9 5 5 0 0 0 0 0 1 0 0 0 0 0 0 0 0
 10 10 11 12 12 13 11 11 11 11 20 19 19 18 17 17 23 23 28 26 26 35 27 27 21 21 15 12 12 12 5 5 7 7 3 3 3 0 0 0 0 0 0 0 0 0
 8 8 6 7 7 15 14 14 16 16 15 14 14 12 25 25 27 27 33 33 33 33 24 24 19 19 17 12 12 10 11 11 10 10 5 4 4 0 0 0 0 0 0 0 0 0
 8 8 6 7 7 15 14 14 16 16 15 14 14 12 25 25 27 27 33 33 33 33 24 24 19 19 17 12 12 10 11 11 10 10 5 4 4 0 0 0 0 0 0 0 0 0
 5 5 4 4 4 14 17 17 20 20 12 10 10 13 21 21 29 29 30 25 25 25 24 24 21 21 19 12 12 9 10 10 5 5 4 4 4 0 0 0 0 0 0 0 0 4
 5 5 4 4 4 14 17 17 20 20 12 10 10 13 21 21 29 29 30 25 25 25 24 24 21 21 19 12 12 9 10 10 5 5 4 4 4 0 0 0 0 0 0 0 0 4
 2 2 2 2 2 13 15 15 15 15 6 16 16 27 24 24 25 25 22 18 18 14 15 15 12 12 5 7 7 5 5 5 4 4 6 5 5 2 0 0 0 0 0 0 0 0
 1 1 2 2 2 3 4 4 6 6 5 13 13 16 10 10 12 12 9 9 9 7 11 11 6 6 10 5 5 3 3 3 1 1 4 0 0 0 0 0 0 0 0 0 0 0
 1 1 2 2 2 3 4 4 6 6 5 13 13 16 10 10 12 12 9 9 9 7 11 11 6 6 10 5 5 3 3 3 1 1 4 0 0 0 0 0 0 0 0 0 0 0
 2 2 3 6 6 4 3 3 5 5 7 6 6 4 3 3 6 6 5 5 5 5 6 6 8 8 7 1 1 3 0 0 0 0 0 0 0 0 0 0 0 0 0 0 0 0
 11 11 12 9 9 7 6 6 5 5 5 6 6 6 6 6 5 5 5 7 7 11 11 11 17 17 4 1 1 0 0 0 0 0 1 2 2 0 0 0 0 0 0 0 0 0
 11 11 12 9 9 7 6 6 5 5 5 6 6 6 6 6 5 5 5 7 7 11 11 11 17 17 4 1 1 0 0 0 0 0 1 2 2 0 0 0 0 0 0 0 0 0
 18 18 13 11 11 10 9 9 9 9 9 9 9 10 9 9 10 10 11 19 19 16 11 11 14 14 14 5 5 1 3 3 4 4 3 2 2 1 5 5 4 4 0 0 0 2
 18 18 13 11 11 10 9 9 9 9 9 9 9 10 9 9 10 10 11 19 19 16 11 11 14 14 14 5 5 1 3 3 4 4 3 2 2 1 5 5 4 4 0 0 0 2
 30 30 27 20 20 18 18 18 15 15 15 14 14 16 17 17 14 14 17 27 27 28 34 34 34 34 27 18 18 12 10 10 17 17 14 11 11 8 7 7 4 4 0 1 1 15
 27 27 31 29 29 33 35 35 26 26 23 22 22 23 29 29 35 35 45 43 43 41 46 46 48 48 34 28 28 19 18 18 15 15 11 9 9 8 8 8 5 5 5 3 3 2
 27 27 31 29 29 33 35 35 26 26 23 22 22 23 29 29 35 35 45 43 43 41 46 46 48 48 34 28 28 19 18 18 15 15 11 9 9 8 8 8 5 5 5 3 3 2
 27 27 38 34 34 34 29 29 28 28 27 32 32 42 48 48 43 43 53 50 50 52 45 45 45 45 41 35 35 45 29 29 17 17 14 11 11 12 7 7 4 4 2 0 0 0
 30 30 36 34 34 34 38 38 36 36 33 50 50 56 40 40 32 32 49 40 40 60 65 65 61 61 58 63 63 53 28 28 34 34 12 10 10 5 3 3 1 1 0 0 0 0
 30 30 36 34 34 34 38 38 36 36 33 50 50 56 40 40 32 32 49 40 40 60 65 65 61 61 58 63 63 53 28 28 34 34 12 10 10 5 3 3 1 1 0 0 0 0
 25 25 34 36 36 39 37 37 33 33 48 50 50 48 35 35 40 40 45 67 67 68 64 64 60 60 57 58 58 36 16 16 17 17 7 4 4 0 1 1 0 0 0 0 0 0
 25 25 34 36 36 39 37 37 33 33 48 50 50 48 35 35 40 40 45 67 67 68 64 64 60 60 57 58 58 36 16 16 17 17 7 4 4 0 1 1 0 0 0 0 0 0
 13 13 16 25 25 32 34 34 33 33 35 38 38 43 41 41 58 58 67 62 62 87 76 76 73 73 70 55 55 33 10 10 8 8 7 6 6 5 6 6 2 2 0 0 0 0
 10 10 6 6 6 16 19 19 25 25 30 32 32 37 42 42 70 70 75 84 84 93 59 59 66 66 43 26 26 15 7 7 9 9 12 11 11 9 2 2 1 1 0 0 0 0
 10 10 6 6 6 16 19 19 25 25 30 32 32 37 42 42 70 70 75 84 84 93 59 59 66 66 43 26 26 15 7 7 9 9 12 11 11 9 2 2 1 1 0 0 0 0
 10 10 10 7 7 5 5 5 8 8 9 22 22 22 24 24 32 32 38 43 43 46 46 46 48 48 32 18 18 9 5 5 11 11 8 7 7 9 4 4 1 1 1 0 0 0
 15 15 20 18 18 8 5 5 6 6 7 15 15 13 13 13 22 22 33 36 36 32 39 39 38 38 21 14 14 12 6 6 9 9 8 8 8 13 4 4 2 2 1 0 0 0
 15 15 20 18 18 8 5 5 6 6 7 15 15 13 13 13 22 22 33 36 36 32 39 39 38 38 21 14 14 12 6 6 9 9 8 8 8 13 4 4 2 2 1 0 0 0
 11 11 10 12 12 11 10 10 12 12 15 18 18 15 5 5 11 11 20 14 14 38 39 39 25 25 22 21 21 14 10 10 7 7 3 7 7 5 4 4 2 2 1 3 3 3
 11 11 10 12 12 11 10 10 12 12 15 18 18 15 5 5 11 11 20 14 14 38 39 39 25 25 22 21 21 14 10 10 7 7 3 7 7 5 4 4 2 2 1 3 3 3
 6 6 8 9 9 11 12 12 16 16 19 15 15 12 11 11 26 26 20 32 32 30 31 31 28 28 29 25 25 17 15 15 9 9 11 9 9 6 8 8 9 9 4 3 3 0
 3 3 5 7 7 8 10 10 12 12 15 15 15 16 28 28 32 32 28 36 36 39 26 26 27 27 26 27 27 37 23 23 18 18 19 10 10 9 15 15 8 8 4 3 3 2
 3 3 5 7 7 8 10 10 12 12 15 15 15 16 28 28 32 32 28 36 36 39 26 26 27 27 26 27 27 37 23 23 18 18 19 10 10 9 15 15 8 8 4 3 3 2
 2 2 2 4 4 7 12 12 12 12 11 14 14 21 38 38 35 35 26 27 27 30 28 28 31 31 33 38 38 47 36 36 19 19 14 13 13 15 15 15 13 13 8 8 8 4
 2 2 2 3 3 4 7 7 7 7 11 18 18 30 42 42 30 30 27 23 23 17 14 14 16 16 26 35 35 32 37 37 32 32 28 18 18 19 26 26 24 24 20 11 11 8
 2 2 2 3 3 4 7 7 7 7 11 18 18 30 42 42 30 30 27 23 23 17 14 14 16 16 26 35 35 32 37 37 32 32 28 18 18 19 26 26 24 24 20 11 11 8
 3 3 3 3 3 2 3 3 4 4 9 17 17 37 25 25 18 18 22 22 22 17 12 12 13 13 22 24 24 17 27 27 24 24 29 25 25 24 27 27 30 30 27 16 16 12
 3 3 3 3 3 2 3 3 4 4 9 17 17 37 25 25 18 18 22 22 22 17 12 12 13 13 22 24 24 17 27 27 24 24 29 25 25 24 27 27 30 30 27 16 16 12
 3 3 2 3 3 1 2 2 3 3 6 7 7 19 9 9 10 10 12 15 15 15 15 15 11 11 15 18 18 19 31 31 30 30 18 26 26 29 27 27 24 24 18 13 13 7
 3 3 4 3 3 3 4 4 4 4 5 6 6 8 10 10 11 11 10 11 11 14 18 18 13 13 18 23 23 24 32 32 28 28 31 28 28 24 39 39 28 28 15 8 8 5
 3 3 4 3 3 3 4 4 4 4 5 6 6 8 10 10 11 11 10 11 11 14 18 18 13 13 18 23 23 24 32 32 28 28 31 28 28 24 39 39 28 28 15 8 8 5
 3 3 8 8 8 9 6 6 7 7 6 6 6 8 9 9 8 8 10 13 13 17 21 21 24 24 20 19 19 17 21 21 32 32 35 37 37 46 47 47 28 28 14 9 9 4
 11 11 13 9 9 4 4 4 7 7 6 6 6 6 7 7 8 8 7 8 8 11 17 17 26 26 19 19 19 21 26 26 26 26 35 40 40 38 37 37 39 39 19 13 13 15
 11 11 13 9 9 4 4 4 7 7 6 6 6 6 7 7 8 8 7 8 8 11 17 17 26 26 19 19 19 21 26 26 26 26 35 40 40 38 37 37 39 39 19 13 13 15
 10 10 9 8 8 6 6 6 6 6 6 5 5 6 8 8 10 10 7 7 7 13 12 12 14 14 16 17 17 18 15 15 20 20 15 28 28 36 40 40 41 41 34 37 37 13
 10 10 9 8 8 6 6 6 6 6 6 5 5 6 8 8 10 10 7 7 7 13 12 12 14 14 16 17 17 18 15 15 20 20 15 28 28 36 40 40 41 41 34 37 37 13
 8 8 6 5 5 7 4 4 5 5 5 7 7 8 8 8 9 9 8 6 6 16 16 16 13 13 9 8 8 8 8 8 14 14 13 11 11 17 28 28 20 20 30 20 20 14
 14 14 7 7 7 10 10 10 4 4 4 7 7 8 11 11 8 8 7 7 7 14 13 13 10 10 5 8 8 11 6 6 8 8 8 7 7 13 16 16 20 20 22 19 19 13
 14 14 7 7 7 10 10 10 4 4 4 7 7 8 11 11 8 8 7 7 7 14 13 13 10 10 5 8 8 11 6 6 8 8 8 7 7 13 16 16 20 20 22 19 19 13
 12 12 6 7 7 5 4 4 3 3 6 10 10 13 19 19 8 8 7 8 8 7 7 7 8 8 7 5 5 10 17 17 19 19 12 4 4 7 9 9 11 11 16 14 14 14
 27 27 19 11 11 9 6 6 4 4 9 16 16 22 10 10 6 6 5 7 7 6 8 8 7 7 4 5 5 8 15 15 22 22 8 5 5 4 12 12 10 10 11 13 13 10
