assets/RAT_results/precipitation/2023-11-23_IMERG.asc
ncols        46
nrows        77
xllcorner    74.800261325624
yllcorner    8.058333333333
cellsize     0.062500000000
NODATA_value -9999
 2 2 2 3 3 2 3 3 9 9 15 16 16 11 5 5 2 2 3 2 2 1 1 1 0 0 0 1 1 0 1 1 4 4 2 2 2 4 4 4 3 3 2 1 1 1
 4 4 3 2 2 1 2 2 4 4 5 5 5 5 2 2 1 1 1 0 0 1 2 2 1 1 1 1 1 1 1 1 2 2 3 6 6 8 8 8 5 5 2 1 1 1
 4 4 3 2 2 1 2 2 4 4 5 5 5 5 2 2 1 1 1 0 0 1 2 2 1 1 1 1 1 1 1 1 2 2 3 6 6 8 8 8 5 5 2 1 1 1
 3 3 3 2 2 1 1 1 1 1 2 2 2 4 3 3 1 1 0 0 0 1 2 2 1 1 1 1 1 1 1 1 2 2 3 5 5 5 4 4 2 2 0 0 0 0
 6 6 5 3 3 2 2 2 2 2 2 3 3 4 2 2 0 0 0 1 1 1 0 0 0 0 1 1 1 0 0 0 1 1 1 1 1 1 1 1 0 0 1 0 0 0
 6 6 5 3 3 2 2 2 2 2 2 3 3 4 2 2 0 0 0 1 1 1 0 0 0 0 1 1 1 0 0 0 1 1 1 1 1 1 1 1 0 0 1 0 0 0
 7 7 12 4 4 3 4 4 4 4 3 2 2 3 1 1 0 0 0 1 1 0 0 0 1 1 1 1 1 1 1 1 1 1 1 0 0 0 0 0 0 0 0 0 0 0
 7 7 12 4 4 3 4 4 4 4 3 2 2 3 1 1 0 0 0 1 1 0 0 0 1 1 1 1 1 1 1 1 1 1 1 0 0 0 0 0 0 0 0 0 0 0
 9 9 11 13 13 10 7 7 6 6 4 3 3 2 2 2 1 1 1 0 0 1 3 3 4 4 2 3 3 5 5 5 3 3 1 0 0 0 0 0 0 0 0 0 0 0
 12 12 15 18 18 15 9 9 6 6 7 5 5 5 5 5 2 2 1 0 0 3 9 9 4 4 4 9 9 9 5 5 2 2 1 0 0 0 0 0 0 0 0 0 0 0
 12 12 15 18 18 15 9 9 6 6 7 5 5 5 5 5 2 2 1 0 0 3 9 9 4 4 4 9 9 9 5 5 2 2 1 0 0 0 0 0 0 0 0 0 0 0
 16 16 20 19 19 19 20 20 17 17 12 10 10 5 4 4 2 2 1 1 1 4 4 4 5 5 7 8 8 4 2 2 1 1 1 0 0 0 0 0 0 0 0 0 0 0
 16 16 20 19 19 18 22 22 18 18 12 11 11 6 5 5 3 3 2 3 3 4 4 4 6 6 7 7 7 2 1 1 1 1 2 1 1 0 0 0 0 0 0 0 0 0
 16 16 20 19 19 18 22 22 18 18 12 11 11 6 5 5 3 3 2 3 3 4 4 4 6 6 7 7 7 2 1 1 1 1 2 1 1 0 0 0 0 0 0 0 0 0
 8 8 8 9 9 15 21 21 17 17 10 10 10 7 7 7 3 3 1 2 2 2 4 4 5 5 7 6 6 1 0 0 1 1 5 8 8 2 0 0 0 0 0 0 0 0
 8 8 8 9 9 15 21 21 17 17 10 10 10 7 7 7 3 3 1 2 2 2 4 4 5 5 7 6 6 1 0 0 1 1 5 8 8 2 0 0 0 0 0 0 0 0
 7 7 5 4 4 5 8 8 7 7 7 8 8 6 5 5 2 2 1 1 1 3 3 3 3 3 2 2 2 0 0 0 0 0 2 2 2 1 0 0 0 0 0 0 0 0
 18 18 10 6 6 5 5 5 3 3 10 8 8 5 4 4 3 3 2 2 2 3 2 2 2 2 0 0 0 0 0 0 0 0 0 0 0 0 0 0 0 0 2 1 1 0
 18 18 10 6 6 5 5 5 3 3 10 8 8 5 4 4 3 3 2 2 2 3 2 2 2 2 0 0 0 0 0 0 0 0 0 0 0 0 0 0 0 0 2 1 1 0
 20 20 13 9 9 7 5 5 5 5 6 7 7 5 4 4 2 2 1 3 3 3 4 4 3 3 1 0 0 0 0 0 1 1 1 0 0 0 0 0 0 0 1 1 1 0
 22 22 19 11 11 8 7 7 6 6 9 9 9 4 4 4 3 3 2 2 2 4 5 5 3 3 1 0 0 0 1 1 4 4 2 1 1 0 0 0 0 0 1 1 1 2
 22 22 19 11 11 8 7 7 6 6 9 9 9 4 4 4 3 3 2 2 2 4 5 5 3 3 1 0 0 0 1 1 4 4 2 1 1 0 0 0 0 0 1 1 1 2
 16 16 20 12 12 10 9 9 10 10 7 5 5 5 4 4 4 4 2 2 2 2 2 2 1 1 0 0 0 1 6 6 8 8 3 1 1 1 0 0 0 0 0 1 1 1
 16 16 20 12 12 10 9 9 10 10 7 5 5 5 4 4 4 4 2 2 2 2 2 2 1 1 0 0 0 1 6 6 8 8 3 1 1 1 0 0 0 0 0 1 1 1
 18 18 18 16 16 13 10 10 10 10 7 5 5 5 5 5 3 3 2 1 1 0 1 1 0 0 0 0 0 3 11 11 12 12 4 1 1 1 1 1 0 0 0 0 0 0
 17 17 22 20 20 14 10 10 8 8 8 5 5 5 10 10 3 3 1 1 1 0 1 1 1 1 1 1 1 2 8 8 8 8 2 1 1 1 0 0 0 0 0 0 0 0
 17 17 22 20 20 14 10 10 8 8 8 5 5 5 10 10 3 3 1 1 1 0 1 1 1 1 1 1 1 2 8 8 8 8 2 1 1 1 0 0 0 0 0 0 0 0
 18 18 21 18 18 12 9 9 9 9 11 8 8 6 9 9 4 4 2 1 1 1 1 1 1 1 1 1 1 1 2 2 2 2 2 3 3 3 2 2 1 1 1 0 0 0
 19 19 17 14 14 10 9 9 15 15 19 15 15 12 8 8 6 6 4 2 2 1 1 1 2 2 1 1 1 1 1 1 1 1 4 7 7 6 6 6 4 4 3 2 2 1
 19 19 17 14 14 10 9 9 15 15 19 15 15 12 8 8 6 6 4 2 2 1 1 1 2 2 1 1 1 1 1 1 1 1 4 7 7 6 6 6 4 4 3 2 2 1
 20 20 15 13 13 10 11 11 14 14 15 13 13 17 11 11 12 12 9 5 5 2 1 1 2 2 1 1 1 1 1 1 1 1 5 8 8 7 7 7 6 6 7 8 8 6
 20 20 15 13 13 10 11 11 14 14 15 13 13 17 11 11 12 12 9 5 5 2 1 1 2 2 1 1 1 1 1 1 1 1 5 8 8 7 7 7 6 6 7 8 8 6
 20 20 16 18 18 14 11 11 14 14 10 12 12 17 15 15 26 26 18 9 9 4 2 2 2 2 1 1 1 1 2 2 2 2 4 7 7 7 6 6 5 5 8 10 10 8
 21 21 19 23 23 18 15 15 15 15 17 15 15 11 15 15 12 12 5 3 3 2 1 1 0 0 0 0 0 1 3 3 2 2 3 9 9 9 6 6 4 4 3 5 5 6
 21 21 19 23 23 18 15 15 15 15 17 15 15 11 15 15 12 12 5 3 3 2 1 1 0 0 0 0 0 1 3 3 2 2 3 9 9 9 6 6 4 4 3 5 5 6
 20 20 19 21 21 12 19 19 15 15 11 18 18 16 12 12 11 11 7 2 2 1 1 1 1 1 0 0 0 1 1 1 2 2 4 7 7 8 6 6 4 4 1 3 3 6
 23 23 20 12 12 8 12 12 12 12 9 14 14 12 11 11 11 11 7 6 6 2 1 1 1 1 1 1 1 1 1 1 1 1 2 2 2 4 11 11 10 10 4 2 2 5
 23 23 20 12 12 8 12 12 12 12 9 14 14 12 11 11 11 11 7 6 6 2 1 1 1 1 1 1 1 1 1 1 1 1 2 2 2 4 11 11 10 10 4 2 2 5
 14 14 11 9 9 8 8 8 8 8 8 14 14 19 18 18 12 12 11 14 14 2 1 1 1 1 1 1 1 1 0 0 1 1 1 8 8 8 4 4 4 4 3 1 1 2
 14 14 11 9 9 8 8 8 8 8 8 14 14 19 18 18 12 12 11 14 14 2 1 1 1 1 1 1 1 1 0 0 1 1 1 8 8 8 4 4 4 4 3 1 1 2
 14 14 12 10 10 9 9 9 10 10 12 13 13 13 15 15 14 14 12 15 15 3 2 2 2 2 2 0 0 0 1 1 1 1 2 6 6 1 1 1 0 0 1 1 1 0
 17 17 15 14 14 11 11 11 11 11 8 12 12 11 14 14 14 14 12 5 5 4 4 4 2 2 1 0 0 1 2 2 2 2 2 2 2 1 0 0 1 1 3 3 3 1
 17 17 15 14 14 11 11 11 11 11 8 12 12 11 14 14 14 14 12 5 5 4 4 4 2 2 1 0 0 1 2 2 2 2 2 2 2 1 0 0 1 1 3 3 3 1
 19 19 17 14 14 13 12 12 9 9 6 4 4 3 3 3 2 2 2 2 2 3 3 3 2 2 1 1 1 3 5 5 6 6 5 3 3 1 0 0 1 1 5 4 4 2
 21 21 17 14 14 11 11 11 8 8 5 4 4 2 1 1 1 1 2 2 2 1 1 1 1 1 1 1 1 3 6 6 7 7 5 3 3 3 2 2 1 1 4 9 9 5
 21 21 17 14 14 11 11 11 8 8 5 4 4 2 1 1 1 1 2 2 2 1 1 1 1 1 1 1 1 3 6 6 7 7 5 3 3 3 2 2 1 1 4 9 9 5
 18 18 15 13 13 10 8 8 6 6 5 3 3 2 1 1 1 1 2 2 2 2 1 1 0 0 1 5 5 11 11 11 7 7 4 3 3 5 5 5 3 3 7 18 18 15
 18 18 15 13 13 10 8 8 6 6 5 3 3 2 1 1 1 1 2 2 2 2 1 1 0 0 1 5 5 11 11 11 7 7 4 3 3 5 5 5 3 3 7 18 18 15
 14 14 12 10 10 8 6 6 5 5 4 3 3 2 1 1 1 1 2 1 1 2 1 1 0 0 2 11 11 26 19 19 10 10 5 2 2 1 1 1 1 1 5 13 13 10
 10 10 8 7 7 5 4 4 4 4 4 3 3 3 2 2 3 3 2 1 1 2 1 1 1 1 1 6 6 14 13 13 8 8 3 1 1 0 0 0 0 0 1 2 2 3
 10 10 8 7 7 5 4 4 4 4 4 3 3 3 2 2 3 3 2 1 1 2 1 1 1 1 1 6 6 14 13 13 8 8 3 1 1 0 0 0 0 0 1 2 2 3
 7 7 6 5 5 4 4 4 5 5 6 9 9 12 5 5 3 3 2 1 1 1 1 1 1 1 0 2 2 5 5 5 3 3 1 1 1 1 0 0 0 0 1 1 1 1
 4 4 3 3 3 3 4 4 6 6 10 25 25 11 3 3 1 1 1 0 0 1 1 1 1 1 0 0 0 1 1 1 1 1 0 1 1 1 0 0 0 0 1 1 1 1
 4 4 3 3 3 3 4 4 6 6 10 25 25 11 3 3 1 1 1 0 0 1 1 1 1 1 0 0 0 1 1 1 1 1 0 1 1 1 0 0 0 0 1 1 1 1
 2 2 2 1 1 2 2 2 5 5 16 26 26 7 2 2 1 1 1 1 1 1 2 2 1 1 0 0 0 0 0 0 0 0 0 0 0 0 0 0 0 0 1 2 2 3
 2 2 2 1 1 2 2 2 5 5 16 26 26 7 2 2 1 1 1 1 1 1 2 2 1 1 0 0 0 0 0 0 0 0 0 0 0 0 0 0 0 0 1 2 2 3
 1 1 1 1 1 4 5 5 6 6 7 11 11 4 2 2 2 2 2 1 1 2 1 1 1 1 0 1 1 1 0 0 0 0 0 0 0 1 1 1 1 1 2 2 2 3
 2 2 6 7 7 5 7 7 5 5 6 4 4 3 4 4 6 6 3 2 2 2 2 2 0 0 1 1 1 1 0 0 0 0 0 0 0 0 1 1 1 1 1 2 2 3
 2 2 6 7 7 5 7 7 5 5 6 4 4 3 4 4 6 6 3 2 2 2 2 2 0 0 1 1 1 1 0 0 0 0 0 0 0 0 1 1 1 1 1 2 2 3
 5 5 8 9 9 14 13 13 12 12 6 5 5 2 3 3 4 4 1 1 1 2 1 1 0 0 0 1 1 0 0 0 1 1 0 0 0 0 1 1 1 1 1 1 1 2
 40 40 61 43 43 45 39 39 16 16 12 11 11 6 3 3 1 1 1 0 0 1 1 1 0 0 0 0 0 0 1 1 0 0 0 0 0 0 1 1 1 1 1 1 1 1
 40 40 61 43 43 45 39 39 16 16 12 11 11 6 3 3 1 1 1 0 0 1 1 1 0 0 0 0 0 0 1 1 0 0 0 0 0 0 1 1 1 1 1 1 1 1
 76 76 76 44 44 48 43 43 12 12 12 14 14 9 3 3 1 1 1 1 1 2 2 2 1 1 0 0 0 0 0 0 0 0 0 0 0 1 0 0 1 1 1 2 2 2
 76 76 76 44 44 48 43 43 12 12 12 14 14 9 3 3 1 1 1 1 1 2 2 2 1 1 0 0 0 0 0 0 0 0 0 0 0 1 0 0 1 1 1 2 2 2
 73 73 74 62 62 41 44 44 13 13 10 16 16 8 2 2 3 3 3 1 1 0 1 1 1 1 1 1 1 1 0 0 0 0 0 0 0 1 1 1 1 1 2 2 2 3
 61 61 40 42 42 16 50 50 12 12 6 8 8 5 2 2 2 2 3 1 1 1 1 1 2 2 1 0 0 1 1 1 0 0 0 1 1 1 1 1 3 3 3 4 4 5
 61 61 40 42 42 16 50 50 12 12 6 8 8 5 2 2 2 2 3 1 1 1 1 1 2 2 1 0 0 1 1 1 0 0 0 1 1 1 1 1 3 3 3 4 4 5
 59 59 39 42 42 15 11 11 7 7 6 6 6 3 2 2 2 2 2 1 1 2 1 1 2 2 1 1 1 1 2 2 2 2 1 2 2 2 2 2 5 5 5 5 5 6
 58 58 27 29 29 19 10 10 5 5 5 4 4 2 2 2 2 2 2 1 1 2 2 2 2 2 0 0 0 0 0 0 3 3 2 2 2 3 3 3 9 9 6 6 6 5
 58 58 27 29 29 19 10 10 5 5 5 4 4 2 2 2 2 2 2 1 1 2 2 2 2 2 0 0 0 0 0 0 3 3 2 2 2 3 3 3 9 9 6 6 6 5
 59 59 59 26 26 17 9 9 9 9 5 2 2 2 3 3 3 3 4 7 7 8 7 7 6 6 1 0 0 1 1 1 1 1 2 3 3 2 2 2 9 9 10 10 10 8
 59 59 59 26 26 17 9 9 9 9 5 2 2 2 3 3 3 3 4 7 7 8 7 7 6 6 1 0 0 1 1 1 1 1 2 3 3 2 2 2 9 9 10 10 10 8
 58 58 58 44 44 45 30 30 8 8 9 5 5 6 7 7 8 8 6 6 6 8 9 9 8 8 3 1 1 1 1 1 3 3 2 2 2 3 11 11 13 13 13 12 12 10
 35 35 35 32 32 44 29 29 9 9 13 12 12 13 11 11 10 10 9 9 9 9 9 9 4 4 3 2 2 1 3 3 3 3 8 8 8 8 14 14 14 14 13 15 15 13
 35 35 35 32 32 44 29 29 9 9 13 12 12 13 11 11 10 10 9 9 9 9 9 9 4 4 3 2 2 1 3 3 3 3 8 8 8 8 14 14 14 14 13 15 15 13
 9 9 36 33 33 10 11 11 7 7 14 20 20 15 12 12 10 10 8 9 9 13 13 13 7 7 5 2 2 1 4 4 4 4 5 5 5 8 16 16 18 18 16 15 15 14
 10 10 10 10 10 11 11 11 9 9 19 18 18 12 9 9 9 9 6 10 10 13 12 12 7 7 4 3 3 1 2 2 5 5 6 6 6 11 17 17 19 19 27 8 8 9
