assets/RAT_results/precipitation/2023-08-29_IMERG.asc
ncols        46
nrows        77
xllcorner    74.800261325624
yllcorner    8.058333333333
cellsize     0.062500000000
NODATA_value -9999
 0 0 0 0 0 0 0 0 0 0 0 0 0 0 0 0 0 0 0 1 1 2 1 1 0 0 0 0 0 0 0 0 0 0 0 0 0 0 0 0 1 1 1 1 1 1
 0 0 0 0 0 0 0 0 0 0 0 0 0 0 0 0 0 0 0 0 0 0 0 0 0 0 0 0 0 0 0 0 0 0 0 0 0 0 0 0 1 1 3 4 4 3
 0 0 0 0 0 0 0 0 0 0 0 0 0 0 0 0 0 0 0 0 0 0 0 0 0 0 0 0 0 0 0 0 0 0 0 0 0 0 0 0 1 1 3 4 4 3
 1 1 1 0 0 0 0 0 0 0 0 0 0 0 0 0 0 0 0 0 0 0 0 0 0 0 0 0 0 0 0 0 0 0 0 0 0 0 0 0 1 1 2 4 4 4
 0 0 0 0 0 0 0 0 0 0 0 0 0 0 0 0 0 0 0 0 0 0 0 0 0 0 0 0 0 0 0 0 0 0 0 0 0 0 0 0 0 0 1 1 1 2
 0 0 0 0 0 0 0 0 0 0 0 0 0 0 0 0 0 0 0 0 0 0 0 0 0 0 0 0 0 0 0 0 0 0 0 0 0 0 0 0 0 0 1 1 1 2
 0 0 0 0 0 0 0 0 1 1 1 0 0 0 0 0 0 0 0 0 0 0 0 0 0 0 0 0 0 0 0 0 0 0 0 0 0 0 0 0 0 0 0 0 0 1
 0 0 0 0 0 0 0 0 1 1 1 0 0 0 0 0 0 0 0 0 0 0 0 0 0 0 0 0 0 0 0 0 0 0 0 0 0 0 0 0 0 0 0 0 0 1
 0 0 0 0 0 0 0 0 1 1 1 0 0 0 0 0 0 0 0 0 0 0 0 0 0 0 0 0 0 0 0 0 0 0 0 0 0 0 0 0 0 0 0 0 0 0
 0 0 0 0 0 0 0 0 1 1 1 1 1 0 0 0 0 0 0 0 0 0 0 0 0 0 0 0 0 0 0 0 0 0 0 0 0 0 0 0 0 0 0 0 0 0
 0 0 0 0 0 0 0 0 1 1 1 1 1 0 0 0 0 0 0 0 0 0 0 0 0 0 0 0 0 0 0 0 0 0 0 0 0 0 0 0 0 0 0 0 0 0
 0 0 0 0 0 2 0 0 0 0 1 1 1 0 0 0 0 0 0 0 0 0 0 0 0 0 0 0 0 0 0 0 0 0 0 0 0 0 0 0 0 0 0 0 0 0
 0 0 0 0 0 2 0 0 1 1 1 1 1 0 0 0 0 0 0 0 0 1 1 1 0 0 0 0 0 0 0 0 0 0 0 0 0 0 0 0 0 0 0 1 1 1
 0 0 0 0 0 2 0 0 1 1 1 1 1 0 0 0 0 0 0 0 0 1 1 1 0 0 0 0 0 0 0 0 0 0 0 0 0 0 0 0 0 0 0 1 1 1
 1 1 1 1 1 1 2 2 1 1 1 1 1 1 1 1 1 1 0 0 0 1 1 1 0 0 0 0 0 0 0 0 0 0 0 0 0 0 0 0 0 0 1 1 1 3
 1 1 1 1 1 1 2 2 1 1 1 1 1 1 1 1 1 1 0 0 0 1 1 1 0 0 0 0 0 0 0 0 0 0 0 0 0 0 0 0 0 0 1 1 1 3
 2 2 2 0 0 0 1 1 1 1 1 1 1 1 1 1 1 1 0 0 0 1 0 0 0 0 0 0 0 0 0 0 0 0 0 0 0 2 0 0 1 1 1 2 2 3
 3 3 3 1 1 0 0 0 1 1 1 1 1 1 1 1 1 1 0 0 0 1 1 1 1 1 0 0 0 0 0 0 0 0 2 2 2 2 1 1 1 1 2 3 3 4
 3 3 3 1 1 0 0 0 1 1 1 1 1 1 1 1 1 1 0 0 0 1 1 1 1 1 0 0 0 0 0 0 0 0 2 2 2 2 1 1 1 1 2 3 3 4
 3 3 2 2 2 1 2 2 1 1 0 1 1 1 1 1 1 1 0 1 1 1 1 1 1 1 1 0 0 0 0 0 0 0 2 2 2 2 1 1 2 2 3 4 4 5
 4 4 3 3 3 2 2 2 1 1 0 3 3 1 2 2 2 2 1 1 1 3 1 1 1 1 0 0 0 0 0 0 0 0 1 2 2 3 3 3 4 4 6 6 6 8
 4 4 3 3 3 2 2 2 1 1 0 3 3 1 2 2 2 2 1 1 1 3 1 1 1 1 0 0 0 0 0 0 0 0 1 2 2 3 3 3 4 4 6 6 6 8
 6 6 5 4 4 3 2 2 1 1 1 0 0 1 2 2 2 2 1 1 1 1 1 1 1 1 0 1 1 2 2 2 1 1 1 2 2 2 2 2 4 4 6 8 8 11
 6 6 5 4 4 3 2 2 1 1 1 0 0 1 2 2 2 2 1 1 1 1 1 1 1 1 0 1 1 2 2 2 1 1 1 2 2 2 2 2 4 4 6 8 8 11
 7 7 6 5 5 3 2 2 0 0 0 0 0 1 2 2 2 2 1 1 1 1 1 1 1 1 1 2 2 5 15 15 2 2 1 2 2 2 1 1 3 3 5 8 8 16
 8 8 10 6 6 6 5 5 1 1 1 1 1 1 1 1 1 1 1 3 3 2 2 2 2 2 2 3 3 4 3 3 2 2 2 3 3 3 3 3 4 4 6 9 9 15
 8 8 10 6 6 6 5 5 1 1 1 1 1 1 1 1 1 1 1 3 3 2 2 2 2 2 2 3 3 4 3 3 2 2 2 3 3 3 3 3 4 4 6 9 9 15
 9 9 8 5 5 7 7 7 6 6 2 2 2 1 1 1 2 2 2 3 3 3 3 3 4 4 2 2 2 3 6 6 5 5 5 6 6 3 4 4 7 7 15 21 21 24
 9 9 11 6 6 8 6 6 7 7 2 2 2 1 2 2 2 2 3 3 3 2 3 3 2 2 2 1 1 1 2 2 3 3 5 4 4 3 4 4 8 8 14 18 18 21
 9 9 11 6 6 8 6 6 7 7 2 2 2 1 2 2 2 2 3 3 3 2 3 3 2 2 2 1 1 1 2 2 3 3 5 4 4 3 4 4 8 8 14 18 18 21
 7 7 10 9 9 10 10 10 7 7 4 2 2 1 2 2 3 3 3 5 5 4 3 3 3 3 4 1 1 1 1 1 2 2 5 6 6 4 3 3 5 5 9 17 17 17
 7 7 10 9 9 10 10 10 7 7 4 2 2 1 2 2 3 3 3 5 5 4 3 3 3 3 4 1 1 1 1 1 2 2 5 6 6 4 3 3 5 5 9 17 17 17
 6 6 6 8 8 7 7 7 8 8 3 2 2 1 1 1 2 2 3 6 6 5 3 3 4 4 4 3 3 2 1 1 1 1 2 3 3 3 3 3 4 4 7 12 12 13
 5 5 2 4 4 5 7 7 4 4 3 2 2 2 2 2 2 2 2 3 3 2 2 2 5 5 6 11 11 13 10 10 1 1 1 2 2 2 3 3 3 3 6 17 17 16
 5 5 2 4 4 5 7 7 4 4 3 2 2 2 2 2 2 2 2 3 3 2 2 2 5 5 6 11 11 13 10 10 1 1 1 2 2 2 3 3 3 3 6 17 17 16
 2 2 3 3 3 3 3 3 3 3 3 2 2 2 2 2 3 3 2 2 2 2 2 2 2 2 3 6 6 22 18 18 4 4 3 2 2 2 3 3 3 3 5 11 11 14
 4 4 4 4 4 4 3 3 3 3 3 2 2 4 2 2 1 1 1 1 1 2 0 0 3 3 4 1 1 2 7 7 7 7 3 2 2 4 5 5 5 5 6 19 19 21
 4 4 4 4 4 4 3 3 3 3 3 2 2 4 2 2 1 1 1 1 1 2 0 0 3 3 4 1 1 2 7 7 7 7 3 2 2 4 5 5 5 5 6 19 19 21
 4 4 5 5 5 4 3 3 4 4 4 5 5 8 17 17 2 2 1 1 1 2 1 1 1 1 1 2 2 1 5 5 6 6 7 6 6 7 10 10 9 9 16 16 16 26
 4 4 5 5 5 4 3 3 4 4 4 5 5 8 17 17 2 2 1 1 1 2 1 1 1 1 1 2 2 1 5 5 6 6 7 6 6 7 10 10 9 9 16 16 16 26
 9 9 8 6 6 5 4 4 4 4 5 4 4 9 24 24 4 4 4 1 1 1 4 4 3 3 2 2 2 4 5 5 7 7 8 20 20 26 19 19 23 23 23 18 18 28
 11 11 11 8 8 7 5 5 5 5 4 6 6 15 25 25 40 40 3 3 3 2 4 4 4 4 4 3 3 8 9 9 9 9 9 24 24 22 14 14 28 28 16 10 10 24
 11 11 11 8 8 7 5 5 5 5 4 6 6 15 25 25 40 40 3 3 3 2 4 4 4 4 4 3 3 8 9 9 9 9 9 24 24 22 14 14 28 28 16 10 10 24
 8 8 7 5 5 6 4 4 4 4 4 47 47 32 21 21 10 10 4 3 3 3 3 3 5 5 5 8 8 9 10 10 7 7 6 13 13 23 17 17 20 20 19 8 8 23
 4 4 5 5 5 6 5 5 5 5 90 89 89 71 47 47 10 10 6 2 2 2 3 3 4 4 3 3 3 4 5 5 6 6 7 12 12 13 14 14 15 15 11 10 10 12
 4 4 5 5 5 6 5 5 5 5 90 89 89 71 47 47 10 10 6 2 2 2 3 3 4 4 3 3 3 4 5 5 6 6 7 12 12 13 14 14 15 15 11 10 10 12
 6 6 7 8 8 11 9 9 7 7 36 57 57 64 13 13 13 13 6 4 4 7 7 7 10 10 3 3 3 3 4 4 4 4 4 5 5 6 7 7 8 8 8 9 9 10
 6 6 7 8 8 11 9 9 7 7 36 57 57 64 13 13 13 13 6 4 4 7 7 7 10 10 3 3 3 3 4 4 4 4 4 5 5 6 7 7 8 8 8 9 9 10
 6 6 9 9 9 10 10 10 10 10 17 13 13 22 10 10 11 11 5 5 5 4 8 8 9 9 4 2 2 3 4 4 3 3 3 4 4 4 6 6 8 8 8 11 11 12
 7 7 7 8 8 7 8 8 10 10 15 14 14 19 17 17 14 14 6 6 6 9 44 44 25 25 24 6 6 2 4 4 3 3 2 2 2 4 8 8 8 8 6 8 8 9
 7 7 7 8 8 7 8 8 10 10 15 14 14 19 17 17 14 14 6 6 6 9 44 44 25 25 24 6 6 2 4 4 3 3 2 2 2 4 8 8 8 8 6 8 8 9
 8 8 9 9 9 11 10 10 10 10 18 13 13 16 15 15 11 11 8 6 6 9 13 13 9 9 24 17 17 2 2 2 2 2 1 1 1 2 4 4 6 6 8 3 3 5
 9 9 10 14 14 14 14 14 12 12 27 42 42 23 19 19 14 14 12 9 9 59 59 59 10 10 5 3 3 2 2 2 7 7 5 2 2 1 1 1 3 3 5 3 3 3
 9 9 10 14 14 14 14 14 12 12 27 42 42 23 19 19 14 14 12 9 9 59 59 59 10 10 5 3 3 2 2 2 7 7 5 2 2 1 1 1 3 3 5 3 3 3
 10 10 12 15 15 15 18 18 14 14 32 66 66 41 34 34 25 25 61 92 92 63 59 59 8 8 32 11 11 4 5 5 9 9 15 7 7 8 5 5 4 4 5 5 5 6
 10 10 12 15 15 15 18 18 14 14 32 66 66 41 34 34 25 25 61 92 92 63 59 59 8 8 32 11 11 4 5 5 9 9 15 7 7 8 5 5 4 4 5 5 5 6
 9 9 12 14 14 18 21 21 18 18 49 55 55 45 40 40 27 27 28 83 83 82 77 77 32 32 31 11 11 5 4 4 5 5 10 19 19 15 15 15 12 12 11 12 12 13
 14 14 16 18 18 19 20 20 39 39 40 44 44 37 27 27 26 26 32 83 83 82 55 55 51 51 38 26 26 4 4 4 5 5 8 15 15 14 10 10 11 11 9 9 9 13
 14 14 16 18 18 19 20 20 39 39 40 44 44 37 27 27 26 26 32 83 83 82 55 55 51 51 38 26 26 4 4 4 5 5 8 15 15 14 10 10 11 11 9 9 9 13
 17 17 18 19 19 21 58 58 62 62 61 60 60 51 37 37 42 42 42 23 23 25 54 54 51 51 38 26 26 26 9 9 5 5 5 9 9 11 12 12 13 13 12 16 16 14
 16 16 17 19 19 18 36 36 70 70 76 99 99 64 47 47 46 46 41 23 23 21 17 17 13 13 44 36 36 25 11 11 4 4 3 5 5 5 5 5 7 7 10 12 12 8
 16 16 17 19 19 18 36 36 70 70 76 99 99 64 47 47 46 46 41 23 23 21 17 17 13 13 44 36 36 25 11 11 4 4 3 5 5 5 5 5 7 7 10 12 12 8
 18 18 16 17 17 16 29 29 50 50 87 86 86 93 148 148 103 103 96 22 22 17 15 15 12 12 14 10 10 6 10 10 8 8 4 5 5 3 3 3 2 2 3 4 4 2
 18 18 16 17 17 16 29 29 50 50 87 86 86 93 148 148 103 103 96 22 22 17 15 15 12 12 14 10 10 6 10 10 8 8 4 5 5 3 3 3 2 2 3 4 4 2
 22 22 19 21 21 21 27 27 28 28 53 72 72 91 149 149 116 116 32 39 39 19 18 18 13 13 14 12 12 4 7 7 4 4 4 3 3 3 2 2 1 1 1 1 1 0
 31 31 28 23 23 17 42 42 44 44 62 72 72 61 61 61 65 65 32 39 39 20 21 21 16 16 14 1 1 2 3 3 3 3 4 2 2 1 1 1 0 0 0 0 0 0
 31 31 28 23 23 17 42 42 44 44 62 72 72 61 61 61 65 65 32 39 39 20 21 21 16 16 14 1 1 2 3 3 3 3 4 2 2 1 1 1 0 0 0 0 0 0
 31 31 27 21 21 20 22 22 49 49 23 76 76 38 40 40 41 41 49 31 31 17 17 17 16 16 15 6 6 5 8 8 6 6 6 2 2 1 1 1 1 1 0 0 0 0
 30 30 31 26 26 19 18 18 18 18 18 38 38 41 45 45 64 64 74 29 29 19 10 10 8 8 6 6 6 4 7 7 4 4 5 3 3 1 1 1 1 1 0 1 1 0
 30 30 31 26 26 19 18 18 18 18 18 38 38 41 45 45 64 64 74 29 29 19 10 10 8 8 6 6 6 4 7 7 4 4 5 3 3 1 1 1 1 1 0 1 1 0
 25 25 23 18 18 17 16 16 19 19 20 24 24 30 51 51 41 41 68 54 54 35 15 15 13 13 11 8 8 4 7 7 4 4 4 3 3 1 2 2 1 1 0 0 0 0
 25 25 23 18 18 17 16 16 19 19 20 24 24 30 51 51 41 41 68 54 54 35 15 15 13 13 11 8 8 4 7 7 4 4 4 3 3 1 2 2 1 1 0 0 0 0
 25 25 25 21 21 20 18 18 14 14 14 18 18 23 46 46 29 29 52 62 62 54 32 32 21 21 15 12 12 11 6 6 6 6 7 5 5 3 3 3 2 2 0 0 0 0
 23 23 26 27 27 29 24 24 19 19 16 17 17 22 27 27 33 33 40 49 49 72 63 63 44 44 22 15 15 14 8 8 7 7 4 4 4 3 3 3 3 3 2 1 1 1
 23 23 26 27 27 29 24 24 19 19 16 17 17 22 27 27 33 33 40 49 49 72 63 63 44 44 22 15 15 14 8 8 7 7 4 4 4 3 3 3 3 3 2 1 1 1
 23 23 25 27 27 33 26 26 25 25 22 18 18 26 25 25 40 40 43 43 43 55 70 70 60 60 34 22 22 21 16 16 15 15 8 8 8 9 7 7 1 1 1 1 1 0
 24 24 24 29 29 37 30 30 30 30 25 22 22 28 28 28 56 56 65 81 81 89 67 67 36 36 32 25 25 26 15 15 18 18 19 16 16 13 9 9 8 8 3 1 1 1
