assets/RAT_results/precipitation/2023-05-21_IMERG.asc
ncols        46
nrows        77
xllcorner    74.800261325624
yllcorner    8.058333333333
cellsize     0.062500000000
NODATA_value -9999
 5 5 1 3 3 5 8 8 15 15 12 11 11 12 25 25 47 47 51 58 58 58 44 44 45 45 19 16 16 3 2 2 2 2 5 14 14 19 29 29 28 28 27 27 27 26
 5 5 1 4 4 7 9 9 48 48 49 89 89 12 44 44 48 48 48 64 64 45 41 41 39 39 17 13 13 3 1 1 1 1 2 6 6 10 17 17 19 19 20 24 24 25
 5 5 1 4 4 7 9 9 48 48 49 89 89 12 44 44 48 48 48 64 64 45 41 41 39 39 17 13 13 3 1 1 1 1 2 6 6 10 17 17 19 19 20 24 24 25
 2 2 1 2 2 3 29 29 20 20 49 90 90 16 12 12 54 54 54 46 46 53 39 39 37 37 18 6 6 3 0 0 0 0 0 2 2 4 9 9 13 13 16 19 19 18
 1 1 2 3 3 4 21 21 20 20 86 91 91 13 13 13 53 53 39 41 41 47 42 42 15 15 10 3 3 1 1 1 2 2 1 0 0 2 3 3 9 9 13 17 17 19
 1 1 2 3 3 4 21 21 20 20 86 91 91 13 13 13 53 53 39 41 41 47 42 42 15 15 10 3 3 1 1 1 2 2 1 0 0 2 3 3 9 9 13 17 17 19
 3 3 3 3 3 9 25 25 23 23 30 29 29 36 38 38 36 36 46 54 54 45 18 18 8 8 3 2 2 2 3 3 4 4 3 1 1 0 1 1 7 7 13 14 14 14
 3 3 3 3 3 9 25 25 23 23 30 29 29 36 38 38 36 36 46 54 54 45 18 18 8 8 3 2 2 2 3 3 4 4 3 1 1 0 1 1 7 7 13 14 14 14
 6 6 4 4 4 7 5 5 11 11 31 32 32 37 30 30 33 33 38 40 40 32 26 26 13 13 8 7 7 6 6 6 6 6 4 2 2 1 1 1 5 5 9 9 9 6
 7 7 5 7 7 4 11 11 8 8 12 14 14 31 31 31 32 32 35 37 37 33 31 31 26 26 16 10 10 7 6 6 6 6 6 4 4 3 4 4 5 5 5 3 3 2
 7 7 5 7 7 4 11 11 8 8 12 14 14 31 31 31 32 32 35 37 37 33 31 31 26 26 16 10 10 7 6 6 6 6 6 4 4 3 4 4 5 5 5 3 3 2
 8 8 7 6 6 9 12 12 8 8 9 16 16 17 21 21 24 24 24 36 36 35 33 33 33 33 18 10 10 5 4 4 5 5 9 12 12 10 12 12 6 6 2 1 1 0
 8 8 6 5 5 2 8 8 9 9 12 12 12 13 19 19 29 29 21 29 29 39 34 34 29 29 15 12 12 7 3 3 4 4 12 16 16 16 20 20 9 9 1 0 0 8
 8 8 6 5 5 2 8 8 9 9 12 12 12 13 19 19 29 29 21 29 29 39 34 34 29 29 15 12 12 7 3 3 4 4 12 16 16 16 20 20 9 9 1 0 0 8
 8 8 2 4 4 1 6 6 7 7 11 18 18 18 20 20 22 22 19 22 22 38 29 29 24 24 22 23 23 11 6 6 4 4 9 13 13 12 10 10 3 3 0 0 0 8
 8 8 2 4 4 1 6 6 7 7 11 18 18 18 20 20 22 22 19 22 22 38 29 29 24 24 22 23 23 11 6 6 4 4 9 13 13 12 10 10 3 3 0 0 0 8
 7 7 3 3 3 2 8 8 10 10 10 17 17 33 26 26 27 27 27 27 27 31 24 24 25 25 30 28 28 18 11 11 6 6 7 7 7 7 5 5 1 1 5 5 5 29
 7 7 8 8 8 15 12 12 57 57 46 37 37 36 40 40 29 29 36 33 33 33 23 23 24 24 31 28 28 26 21 21 12 12 6 4 4 4 4 4 3 3 2 5 5 10
 7 7 8 8 8 15 12 12 57 57 46 37 37 36 40 40 29 29 36 33 33 33 23 23 24 24 31 28 28 26 21 21 12 12 6 4 4 4 4 4 3 3 2 5 5 10
 11 11 16 26 26 24 16 16 57 57 27 83 83 70 71 71 38 38 41 34 34 34 27 27 22 22 25 25 25 23 25 25 15 15 8 3 3 2 1 1 7 7 19 17 17 9
 16 16 22 45 45 39 26 26 21 21 36 33 33 78 74 74 39 39 39 32 32 28 25 25 23 23 22 17 17 15 13 13 9 9 5 2 2 2 3 3 9 9 18 11 11 8
 16 16 22 45 45 39 26 26 21 21 36 33 33 78 74 74 39 39 39 32 32 28 25 25 23 23 22 17 17 15 13 13 9 9 5 2 2 2 3 3 9 9 18 11 11 8
 12 12 18 20 20 32 20 20 292 292 317 326 326 86 80 80 36 36 34 31 31 16 18 18 14 14 13 10 10 9 7 7 8 8 5 10 10 4 7 7 7 7 14 13 13 9
 12 12 18 20 20 32 20 20 292 292 317 326 326 86 80 80 36 36 34 31 31 16 18 18 14 14 13 10 10 9 7 7 8 8 5 10 10 4 7 7 7 7 14 13 13 9
 7 7 9 8 8 20 17 17 28 28 312 62 62 54 55 55 48 48 31 30 30 13 13 13 6 6 4 4 4 4 3 3 6 6 6 11 11 18 6 6 6 6 6 6 6 4
 9 9 4 3 3 3 9 9 25 25 67 73 73 75 55 55 22 22 19 14 14 4 4 4 4 4 2 3 3 4 5 5 13 13 14 19 19 18 6 6 6 6 5 12 12 8
 9 9 4 3 3 3 9 9 25 25 67 73 73 75 55 55 22 22 19 14 14 4 4 4 4 4 2 3 3 4 5 5 13 13 14 19 19 18 6 6 6 6 5 12 12 8
 41 41 1 1 1 9 9 9 23 23 24 23 23 23 21 21 20 20 13 12 12 3 3 3 2 2 2 4 4 4 4 4 13 13 14 19 19 6 6 6 6 6 5 8 8 8
 40 40 1 1 1 2 2 2 9 9 10 22 22 22 12 12 6 6 2 2 2 2 3 3 2 2 2 2 2 4 4 4 11 11 10 4 4 6 7 7 6 6 6 3 3 3
 40 40 1 1 1 2 2 2 9 9 10 22 22 22 12 12 6 6 2 2 2 2 3 3 2 2 2 2 2 4 4 4 11 11 10 4 4 6 7 7 6 6 6 3 3 3
 0 0 1 1 1 1 2 2 2 2 0 1 1 1 6 6 5 5 2 1 1 0 1 1 2 2 3 2 2 3 3 3 1 1 2 3 3 4 5 5 5 5 4 2 2 2
 0 0 1 1 1 1 2 2 2 2 0 1 1 1 6 6 5 5 2 1 1 0 1 1 2 2 3 2 2 3 3 3 1 1 2 3 3 4 5 5 5 5 4 2 2 2
 0 0 0 0 0 1 2 2 2 2 0 1 1 3 2 2 1 1 0 0 0 0 1 1 3 3 4 2 2 0 0 0 1 1 1 2 2 2 3 3 3 3 4 1 1 2
 0 0 0 0 0 1 1 1 1 1 2 1 1 2 1 1 0 0 0 0 0 0 1 1 2 2 2 1 1 0 4 4 4 4 2 3 3 2 2 2 2 2 2 1 1 1
 0 0 0 0 0 1 1 1 1 1 2 1 1 2 1 1 0 0 0 0 0 0 1 1 2 2 2 1 1 0 4 4 4 4 2 3 3 2 2 2 2 2 2 1 1 1
 0 0 0 0 0 1 1 1 1 1 2 3 3 2 1 1 0 0 0 0 0 0 1 1 1 1 14 14 14 21 11 11 11 11 2 124 124 127 6 6 2 2 2 1 1 0
 0 0 0 1 1 3 2 2 1 1 1 3 3 1 2 2 0 0 0 1 1 1 1 1 2 2 2 18 18 24 23 23 37 37 23 128 128 133 12 12 15 15 6 3 3 0
 0 0 0 1 1 3 2 2 1 1 1 3 3 1 2 2 0 0 0 1 1 1 1 1 2 2 2 18 18 24 23 23 37 37 23 128 128 133 12 12 15 15 6 3 3 0
 0 0 1 1 1 3 2 2 1 1 1 1 1 2 2 2 2 2 1 1 1 1 0 0 2 2 2 19 19 23 22 22 25 25 29 49 49 51 19 19 18 18 8 4 4 1
 0 0 1 1 1 3 2 2 1 1 1 1 1 2 2 2 2 2 1 1 1 1 0 0 2 2 2 19 19 23 22 22 25 25 29 49 49 51 19 19 18 18 8 4 4 1
 0 0 0 0 0 1 1 1 1 1 1 1 1 2 2 2 3 3 2 1 1 1 1 1 3 3 4 9 9 8 11 11 22 22 25 45 45 38 19 19 16 16 3 2 2 0
 0 0 0 0 0 1 1 1 1 1 1 1 1 2 2 2 2 2 1 1 1 7 8 8 11 11 10 14 14 14 12 12 5 5 5 11 11 7 24 24 16 16 1 1 1 0
 0 0 0 0 0 1 1 1 1 1 1 1 1 2 2 2 2 2 1 1 1 7 8 8 11 11 10 14 14 14 12 12 5 5 5 11 11 7 24 24 16 16 1 1 1 0
 0 0 0 0 0 1 1 1 1 1 2 16 16 16 2 2 2 2 2 5 5 21 33 33 22 22 26 17 17 14 13 13 10 10 5 7 7 4 2 2 3 3 2 1 1 0
 0 0 0 0 0 0 10 10 10 10 5 5 5 16 2 2 2 2 31 30 30 44 33 33 33 33 22 17 17 11 8 8 5 5 1 3 3 3 2 2 2 2 4 5 5 1
 0 0 0 0 0 0 10 10 10 10 5 5 5 16 2 2 2 2 31 30 30 44 33 33 33 33 22 17 17 11 8 8 5 5 1 3 3 3 2 2 2 2 4 5 5 1
 0 0 0 23 23 23 41 41 40 40 4 4 4 2 2 2 2 2 2 12 12 19 25 25 27 27 14 17 17 10 8 8 7 7 10 11 11 2 5 5 3 3 5 5 5 1
 0 0 0 23 23 23 41 41 40 40 4 4 4 2 2 2 2 2 2 12 12 19 25 25 27 27 14 17 17 10 8 8 7 7 10 11 11 2 5 5 3 3 5 5 5 1
 0 0 0 23 23 23 41 41 40 40 2 3 3 3 3 3 2 2 2 12 12 19 25 25 47 47 28 13 13 9 9 9 7 7 11 12 12 10 3 3 1 1 1 1 1 0
 0 0 1 5 5 5 1 1 40 40 2 3 3 3 3 3 2 2 2 24 24 25 41 41 47 47 29 15 15 9 9 9 6 6 7 10 10 9 0 0 0 0 0 0 0 0
 0 0 1 5 5 5 1 1 40 40 2 3 3 3 3 3 2 2 2 24 24 25 41 41 47 47 29 15 15 9 9 9 6 6 7 10 10 9 0 0 0 0 0 0 0 0
 0 0 1 1 1 5 1 1 1 1 2 2 2 2 2 2 1 1 2 19 19 26 25 25 29 29 17 11 11 10 5 5 7 7 2 3 3 1 2 2 1 1 1 0 0 0
 0 0 0 1 1 2 2 2 3 3 3 2 2 2 2 2 3 3 3 37 37 45 27 27 30 30 14 11 11 9 8 8 3 3 2 2 2 1 0 0 3 3 1 0 0 0
 0 0 0 1 1 2 2 2 3 3 3 2 2 2 2 2 3 3 3 37 37 45 27 27 30 30 14 11 11 9 8 8 3 3 2 2 2 1 0 0 3 3 1 0 0 0
 0 0 1 2 2 2 2 2 3 3 4 4 4 3 3 3 22 22 23 38 38 17 17 17 13 13 15 13 13 12 11 11 5 5 2 1 1 1 0 0 1 1 1 0 0 0
 0 0 1 2 2 2 2 2 3 3 4 4 4 3 3 3 22 22 23 38 38 17 17 17 13 13 15 13 13 12 11 11 5 5 2 1 1 1 0 0 1 1 1 0 0 0
 0 0 1 2 2 3 4 4 4 4 4 4 4 3 4 4 4 4 37 38 38 17 26 26 24 24 14 16 16 18 19 19 13 13 4 1 1 0 3 3 3 3 2 1 1 0
 1 1 1 2 2 3 4 4 4 4 4 4 4 3 4 4 7 7 32 34 34 25 27 27 25 25 14 12 12 18 21 21 17 17 8 1 1 1 3 3 5 5 2 1 1 0
 1 1 1 2 2 3 4 4 4 4 4 4 4 3 4 4 7 7 32 34 34 25 27 27 25 25 14 12 12 18 21 21 17 17 8 1 1 1 3 3 5 5 2 1 1 0
 2 2 3 3 3 3 4 4 3 3 3 4 4 4 6 6 7 7 32 9 9 5 9 9 9 9 9 11 11 13 15 15 13 13 7 1 1 0 2 2 3 3 2 1 1 0
 2 2 4 3 3 3 3 3 3 3 2 3 3 3 2 2 2 2 2 3 3 4 7 7 8 8 7 8 8 9 9 9 7 7 3 0 0 0 1 1 2 2 3 2 2 1
 2 2 4 3 3 3 3 3 3 3 2 3 3 3 2 2 2 2 2 3 3 4 7 7 8 8 7 8 8 9 9 9 7 7 3 0 0 0 1 1 2 2 3 2 2 1
 2 2 2 1 1 2 2 2 2 2 2 2 2 2 1 1 1 1 12 2 2 3 5 5 6 6 5 4 4 5 4 4 3 3 1 0 0 0 2 2 4 4 6 5 5 1
 2 2 2 1 1 2 2 2 2 2 2 2 2 2 1 1 1 1 12 2 2 3 5 5 6 6 5 4 4 5 4 4 3 3 1 0 0 0 2 2 4 4 6 5 5 1
 2 2 1 2 2 2 2 2 3 3 1 2 2 1 1 1 11 11 12 2 2 2 4 4 5 5 4 2 2 2 2 2 1 1 1 1 1 1 3 3 5 5 8 6 6 2
 3 3 2 1 1 2 3 3 4 4 3 2 2 1 1 1 1 1 1 15 15 16 1 1 2 2 2 1 1 1 1 1 1 1 2 2 2 2 2 2 4 4 5 3 3 1
 3 3 2 1 1 2 3 3 4 4 3 2 2 1 1 1 1 1 1 15 15 16 1 1 2 2 2 1 1 1 1 1 1 1 2 2 2 2 2 2 4 4 5 3 3 1
 2 2 2 2 2 2 2 2 4 4 5 4 4 2 1 1 0 0 1 16 16 23 1 1 1 1 1 2 2 2 2 2 2 2 2 3 3 1 7 7 2 2 1 1 1 0
 4 4 1 1 1 3 1 1 3 3 4 3 3 2 2 2 2 2 1 25 25 23 1 1 2 2 3 3 3 2 2 2 1 1 1 1 1 0 4 4 1 1 0 0 0 0
 4 4 1 1 1 3 1 1 3 3 4 3 3 2 2 2 2 2 1 25 25 23 1 1 2 2 3 3 3 2 2 2 1 1 1 1 1 0 4 4 1 1 0 0 0 0
 3 3 2 3 3 4 4 4 5 5 6 4 4 4 3 3 2 2 4 6 6 3 2 2 2 2 3 3 3 1 1 1 0 0 0 0 0 0 1 1 1 1 0 0 0 0
 3 3 2 3 3 4 4 4 5 5 6 4 4 4 3 3 2 2 4 6 6 3 2 2 2 2 3 3 3 1 1 1 0 0 0 0 0 0 1 1 1 1 0 0 0 0
 7 7 4 7 7 11 8 8 12 12 9 4 4 4 5 5 5 5 7 13 13 11 4 4 2 2 3 3 3 1 1 1 1 1 0 0 0 1 3 3 1 1 0 0 0 0
 13 13 6 10 10 16 23 23 26 26 14 4 4 5 6 6 5 5 10 24 24 25 2 2 1 1 2 2 2 1 2 2 1 1 1 1 1 1 4 4 1 1 0 0 0 0
 13 13 6 10 10 16 23 23 26 26 14 4 4 5 6 6 5 5 10 24 24 25 2 2 1 1 2 2 2 1 2 2 1 1 1 1 1 1 4 4 1 1 0 0 0 0
 15 15 7 19 19 12 35 35 26 26 22 3 3 6 13 13 8 8 7 22 22 6 2 2 1 1 2 2 2 1 1 1 1 1 1 1 1 1 1 1 0 0 0 0 0 0
 9 9 5 6 6 6 35 35 26 26 12 5 5 8 22 22 6 6 6 6 6 2 2 2 1 1 0 1 1 1 1 1 1 1 1 1 1 1 0 0 0 0 0 0 0 0
