assets/RAT_results/precipitation/2023-10-30_IMERG.asc
ncols        46
nrows        77
xllcorner    74.800261325624
yllcorner    8.058333333333
cellsize     0.062500000000
NODATA_value -9999
 44 44 25 32 32 28 26 26 29 29 36 45 45 47 47 47 36 36 34 29 29 29 23 23 19 19 14 11 11 7 6 6 4 4 4 3 3 2 2 2 1 1 0 0 0 0
 44 44 25 24 24 23 30 30 45 45 51 51 51 50 49 49 40 40 39 32 32 30 22 22 18 18 14 10 10 8 6 6 4 4 4 2 2 1 1 1 1 1 0 0 0 0
 44 44 25 24 24 23 30 30 45 45 51 51 51 50 49 49 40 40 39 32 32 30 22 22 18 18 14 10 10 8 6 6 4 4 4 2 2 1 1 1 1 1 0 0 0 0
 33 33 26 24 24 22 30 30 50 50 56 54 54 54 48 48 38 38 38 37 37 31 22 22 20 20 15 11 11 8 6 6 4 4 4 2 2 2 5 5 4 4 1 0 0 0
 134 134 65 27 27 20 26 26 41 41 55 56 56 53 48 48 40 40 42 34 34 26 21 21 20 20 16 11 11 7 6 6 4 4 4 3 3 4 4 4 2 2 4 1 1 1
 134 134 65 27 27 20 26 26 41 41 55 56 56 53 48 48 40 40 42 34 34 26 21 21 20 20 16 11 11 7 6 6 4 4 4 3 3 4 4 4 2 2 4 1 1 1
 135 135 137 29 29 21 21 21 30 30 43 46 46 44 46 46 42 42 42 32 32 27 22 22 19 19 15 11 11 7 5 5 5 5 4 3 3 2 1 1 1 1 1 2 2 2
 135 135 137 29 29 21 21 21 30 30 43 46 46 44 46 46 42 42 42 32 32 27 22 22 19 19 15 11 11 7 5 5 5 5 4 3 3 2 1 1 1 1 1 2 2 2
 22 22 22 21 21 21 21 21 26 26 37 42 42 43 43 43 41 41 37 31 31 27 21 21 16 16 13 10 10 7 5 5 4 4 3 2 2 4 1 1 4 4 2 2 2 2
 3 3 1 6 6 8 11 11 24 24 43 48 48 49 45 45 41 41 39 34 34 26 17 17 14 14 12 8 8 5 4 4 3 3 3 4 4 4 3 3 7 7 5 4 4 4
 3 3 1 6 6 8 11 11 24 24 43 48 48 49 45 45 41 41 39 34 34 26 17 17 14 14 12 8 8 5 4 4 3 3 3 4 4 4 3 3 7 7 5 4 4 4
 5 5 3 3 3 3 6 6 18 18 44 46 46 48 47 47 44 44 38 30 30 23 17 17 15 15 11 7 7 5 4 4 4 4 3 2 2 2 1 1 7 7 8 8 8 7
 13 13 6 6 6 4 5 5 12 12 28 36 36 43 44 44 44 44 38 31 31 24 18 18 14 14 14 6 6 8 4 4 3 3 2 2 2 1 2 2 3 3 3 3 3 4
 13 13 6 6 6 4 5 5 12 12 28 36 36 43 44 44 44 44 38 31 31 24 18 18 14 14 14 6 6 8 4 4 3 3 2 2 2 1 2 2 3 3 3 3 3 4
 14 14 13 7 7 8 7 7 15 15 25 32 32 33 32 32 38 38 34 31 31 26 24 24 18 18 11 8 8 5 5 5 4 4 3 8 8 2 1 1 2 2 2 3 3 4
 14 14 13 7 7 8 7 7 15 15 25 32 32 33 32 32 38 38 34 31 31 26 24 24 18 18 11 8 8 5 5 5 4 4 3 8 8 2 1 1 2 2 2 3 3 4
 14 14 11 5 5 5 7 7 15 15 23 26 26 26 28 28 25 25 22 21 21 20 18 18 14 14 10 9 9 7 7 7 7 7 7 6 6 5 4 4 2 2 1 1 1 1
 10 10 11 4 4 3 4 4 5 5 9 13 13 16 18 18 18 18 16 15 15 14 11 11 10 10 8 6 6 3 3 3 4 4 10 12 12 16 10 10 6 6 2 1 1 4
 10 10 11 4 4 3 4 4 5 5 9 13 13 16 18 18 18 18 16 15 15 14 11 11 10 10 8 6 6 3 3 3 4 4 10 12 12 16 10 10 6 6 2 1 1 4
 3 3 3 2 2 3 3 3 3 3 5 7 7 8 11 11 15 15 17 17 17 15 10 10 9 9 6 4 4 4 3 3 5 5 8 8 8 10 6 6 4 4 3 4 4 10
 11 11 12 10 10 10 11 11 7 7 8 13 13 11 12 12 16 16 18 18 18 16 11 11 9 9 7 5 5 4 5 5 8 8 8 6 6 8 6 6 4 4 4 6 6 11
 11 11 12 10 10 10 11 11 7 7 8 13 13 11 12 12 16 16 18 18 18 16 11 11 9 9 7 5 5 4 5 5 8 8 8 6 6 8 6 6 4 4 4 6 6 11
 20 20 15 14 14 14 14 14 14 14 15 19 19 19 18 18 17 17 17 20 20 16 12 12 10 10 10 7 7 3 5 5 6 6 8 8 8 9 8 8 6 6 4 3 3 8
 20 20 15 14 14 14 14 14 14 14 15 19 19 19 18 18 17 17 17 20 20 16 12 12 10 10 10 7 7 3 5 5 6 6 8 8 8 9 8 8 6 6 4 3 3 8
 27 27 24 21 21 40 37 37 30 30 63 74 74 19 18 18 26 26 24 20 20 18 15 15 13 13 9 9 9 7 2 2 4 4 4 4 4 4 5 5 7 7 5 3 3 2
 32 32 25 20 20 41 39 39 32 32 108 98 98 32 28 28 17 17 18 18 18 18 15 15 14 14 10 8 8 8 2 2 2 2 2 2 2 1 2 2 3 3 5 1 1 1
 32 32 25 20 20 41 39 39 32 32 108 98 98 32 28 28 17 17 18 18 18 18 15 15 14 14 10 8 8 8 2 2 2 2 2 2 2 1 2 2 3 3 5 1 1 1
 31 31 28 24 24 25 24 24 64 64 104 83 83 28 17 17 13 13 11 15 15 18 19 19 18 18 14 10 10 8 2 2 1 1 1 1 1 1 1 1 0 0 0 0 0 0
 24 24 25 22 22 21 21 21 13 13 14 58 58 57 25 25 18 18 18 16 16 18 22 22 20 20 16 12 12 7 5 5 3 3 2 3 3 2 1 1 0 0 0 0 0 0
 24 24 25 22 22 21 21 21 13 13 14 58 58 57 25 25 18 18 18 16 16 18 22 22 20 20 16 12 12 7 5 5 3 3 2 3 3 2 1 1 0 0 0 0 0 0
 23 23 28 20 20 20 16 16 9 9 9 42 42 41 25 25 30 30 22 21 21 25 28 28 29 29 21 17 17 11 7 7 5 5 4 2 2 1 0 0 0 0 0 0 0 0
 23 23 28 20 20 20 16 16 9 9 9 42 42 41 25 25 30 30 22 21 21 25 28 28 29 29 21 17 17 11 7 7 5 5 4 2 2 1 0 0 0 0 0 0 0 0
 21 21 17 13 13 11 8 8 10 10 9 40 40 40 42 42 40 40 33 44 44 42 41 41 36 36 26 22 22 14 10 10 7 7 5 3 3 1 0 0 0 0 0 0 0 0
 11 11 10 10 10 10 6 6 42 42 9 40 40 59 59 59 68 68 71 71 71 75 75 75 65 65 44 28 28 23 14 14 10 10 7 4 4 2 1 1 0 0 0 0 0 0
 11 11 10 10 10 10 6 6 42 42 9 40 40 59 59 59 68 68 71 71 71 75 75 75 65 65 44 28 28 23 14 14 10 10 7 4 4 2 1 1 0 0 0 0 0 0
 7 7 8 17 17 106 42 42 43 43 39 43 43 67 82 82 86 86 88 92 92 81 85 85 82 82 57 35 35 28 17 17 12 12 9 6 6 5 2 2 1 1 0 0 0 0
 10 10 8 14 14 109 63 63 50 50 47 50 50 72 89 89 97 97 81 94 94 93 99 99 100 100 77 52 52 36 21 21 14 14 11 7 7 5 3 3 2 2 1 1 1 0
 10 10 8 14 14 109 63 63 50 50 47 50 50 72 89 89 97 97 81 94 94 93 99 99 100 100 77 52 52 36 21 21 14 14 11 7 7 5 3 3 2 2 1 1 1 0
 8 8 8 8 8 68 69 69 52 52 54 46 46 75 82 82 93 93 99 95 95 101 109 109 104 104 88 63 63 39 22 22 17 17 13 9 9 7 5 5 2 2 1 1 1 0
 8 8 8 8 8 68 69 69 52 52 54 46 46 75 82 82 93 93 99 95 95 101 109 109 104 104 88 63 63 39 22 22 17 17 13 9 9 7 5 5 2 2 1 1 1 0
 8 8 7 28 28 73 73 73 55 55 57 38 38 48 71 71 82 82 88 84 84 96 95 95 89 89 79 60 60 40 27 27 20 20 15 11 11 13 6 6 3 3 1 1 1 0
 252 252 153 207 207 74 74 74 57 57 50 42 42 48 49 49 57 57 63 54 54 77 84 84 78 78 67 53 53 39 30 30 23 23 15 9 9 11 7 7 5 5 5 6 6 4
 252 252 153 207 207 74 74 74 57 57 50 42 42 48 49 49 57 57 63 54 54 77 84 84 78 78 67 53 53 39 30 30 23 23 15 9 9 11 7 7 5 5 5 6 6 4
 165 165 68 143 143 144 57 57 49 49 50 41 41 47 38 38 32 32 38 46 46 66 67 67 61 61 60 51 51 35 29 29 21 21 16 9 9 6 18 18 8 8 5 14 14 19
 71 71 70 145 145 139 22 22 23 23 19 14 14 15 25 25 31 31 34 65 65 45 66 66 61 61 58 47 47 30 23 23 20 20 14 8 8 6 6 6 3 3 2 5 5 7
 71 71 70 145 145 139 22 22 23 23 19 14 14 15 25 25 31 31 34 65 65 45 66 66 61 61 58 47 47 30 23 23 20 20 14 8 8 6 6 6 3 3 2 5 5 7
 18 18 21 23 23 19 24 24 24 24 15 8 8 25 47 47 53 53 58 61 61 42 44 44 47 47 49 41 41 30 21 21 16 16 12 7 7 4 3 3 2 2 0 0 0 1
 18 18 21 23 23 19 24 24 24 24 15 8 8 25 47 47 53 53 58 61 61 42 44 44 47 47 49 41 41 30 21 21 16 16 12 7 7 4 3 3 2 2 0 0 0 1
 27 27 36 19 19 19 33 33 26 26 7 8 8 25 80 80 72 72 75 101 101 56 60 60 45 45 42 38 38 29 23 23 15 15 10 6 6 3 2 2 1 1 0 0 0 0
 30 30 33 28 28 26 24 24 27 27 92 99 99 250 252 252 215 215 101 98 98 67 62 62 46 46 38 32 32 28 28 28 17 17 9 4 4 2 0 0 0 0 0 0 0 0
 30 30 33 28 28 26 24 24 27 27 92 99 99 250 252 252 215 215 101 98 98 67 62 62 46 46 38 32 32 28 28 28 17 17 9 4 4 2 0 0 0 0 0 0 0 0
 30 30 30 28 28 27 19 19 30 30 95 98 98 306 277 277 85 85 87 71 71 62 55 55 37 37 30 29 29 33 27 27 18 18 10 5 5 2 1 1 0 0 0 0 0 1
 26 26 29 27 27 28 20 20 94 94 96 304 304 277 280 280 79 79 81 69 69 71 54 54 47 47 37 29 29 33 29 29 23 23 14 6 6 3 1 1 1 1 1 1 1 1
 26 26 29 27 27 28 20 20 94 94 96 304 304 277 280 280 79 79 81 69 69 71 54 54 47 47 37 29 29 33 29 29 23 23 14 6 6 3 1 1 1 1 1 1 1 1
 31 31 28 29 29 29 23 23 99 99 31 36 36 35 34 34 38 38 35 68 68 70 54 54 51 51 52 43 43 28 32 32 28 28 17 7 7 3 1 1 1 1 3 2 2 1
 31 31 28 29 29 29 23 23 99 99 31 36 36 35 34 34 38 38 35 68 68 70 54 54 51 51 52 43 43 28 32 32 28 28 17 7 7 3 1 1 1 1 3 2 2 1
 29 29 27 26 26 25 22 22 37 37 38 46 46 38 22 22 16 16 30 180 180 180 92 92 54 54 61 53 53 29 31 31 29 29 19 8 8 3 1 1 1 1 3 3 3 1
 33 33 28 27 27 25 29 29 28 28 32 35 35 21 23 23 17 17 31 55 55 203 92 92 58 58 49 46 46 28 29 29 29 29 21 11 11 5 2 2 1 1 3 3 3 2
 33 33 28 27 27 25 29 29 28 28 32 35 35 21 23 23 17 17 31 55 55 203 92 92 58 58 49 46 46 28 29 29 29 29 21 11 11 5 2 2 1 1 3 3 3 2
 31 31 25 25 25 38 33 33 33 33 36 41 41 36 28 28 21 21 56 57 57 90 90 90 58 58 52 34 34 25 28 28 29 29 28 16 16 8 5 5 6 6 7 4 4 3
 24 24 24 24 24 48 50 50 44 44 63 58 58 43 43 43 28 28 40 36 36 102 103 103 57 57 58 38 38 27 21 21 23 23 19 14 14 9 7 7 10 10 7 3 3 2
 24 24 24 24 24 48 50 50 44 44 63 58 58 43 43 43 28 28 40 36 36 102 103 103 57 57 58 38 38 27 21 21 23 23 19 14 14 9 7 7 10 10 7 3 3 2
 19 19 18 17 17 47 50 50 63 63 71 71 71 52 38 38 27 27 19 41 41 101 102 102 56 56 57 35 35 24 16 16 14 14 13 11 11 9 7 7 6 6 6 3 3 2
 19 19 18 17 17 47 50 50 63 63 71 71 71 52 38 38 27 27 19 41 41 101 102 102 56 56 57 35 35 24 16 16 14 14 13 11 11 9 7 7 6 6 6 3 3 2
 14 14 13 18 18 48 49 49 63 63 68 69 69 54 42 42 34 34 25 103 103 163 166 166 57 57 55 34 34 22 15 15 11 11 9 9 9 8 7 7 6 6 3 2 2 2
 13 13 12 28 28 39 41 41 47 47 51 51 51 52 43 43 35 35 63 108 108 63 54 54 55 55 58 37 37 23 14 14 11 11 8 7 7 7 8 8 6 6 4 3 3 3
 13 13 12 28 28 39 41 41 47 47 51 51 51 52 43 43 35 35 63 108 108 63 54 54 55 55 58 37 37 23 14 14 11 11 8 7 7 7 8 8 6 6 4 3 3 3
 11 11 14 32 32 31 39 39 42 42 44 43 43 44 41 41 65 65 63 73 73 66 54 54 56 56 57 52 52 32 21 21 14 14 8 6 6 4 9 9 7 7 9 9 9 5
 11 11 9 29 29 27 27 27 42 42 43 43 43 39 37 37 35 35 121 31 31 28 27 27 27 27 51 59 59 42 28 28 17 17 10 7 7 2 6 6 6 6 12 8 8 5
 11 11 9 29 29 27 27 27 42 42 43 43 43 39 37 37 35 35 121 31 31 28 27 27 27 27 51 59 59 42 28 28 17 17 10 7 7 2 6 6 6 6 12 8 8 5
 7 7 5 33 33 28 41 41 47 47 49 47 47 42 39 39 38 38 111 17 17 12 10 10 30 30 51 51 51 31 18 18 8 8 10 9 9 4 4 4 10 10 10 4 4 5
 7 7 5 33 33 28 41 41 47 47 49 47 47 42 39 39 38 38 111 17 17 12 10 10 30 30 51 51 51 31 18 18 8 8 10 9 9 4 4 4 10 10 10 4 4 5
 5 5 4 31 31 32 45 45 55 55 62 53 53 46 37 37 36 36 31 16 16 17 17 17 29 29 47 45 45 25 8 8 6 6 8 7 7 7 4 4 2 2 1 2 2 2
 6 6 31 29 29 28 64 64 65 65 54 50 50 42 38 38 40 40 36 15 15 16 16 16 30 30 21 19 19 18 8 8 7 7 10 11 11 15 4 4 2 2 1 0 0 1
 6 6 31 29 29 28 64 64 65 65 54 50 50 42 38 38 40 40 36 15 15 16 16 16 30 30 21 19 19 18 8 8 7 7 10 11 11 15 4 4 2 2 1 0 0 1
 12 12 15 20 20 20 57 57 58 58 69 52 52 47 42 42 38 38 39 21 21 25 25 25 25 25 17 5 5 6 5 5 7 7 33 20 20 14 4 4 3 3 1 0 0 1
 9 9 12 11 11 15 43 43 42 42 70 48 48 46 46 46 48 48 40 39 39 71 71 71 42 42 19 8 8 5 4 4 19 19 54 40 40 4 8 8 7 7 7 7 7 1
