assets/RAT_results/precipitation/2023-06-05_IMERG.asc
ncols        46
nrows        77
xllcorner    74.800261325624
yllcorner    8.058333333333
cellsize     0.062500000000
NODATA_value -9999
 0 0 0 0 0 0 0 0 0 0 0 0 0 0 1 1 1 1 0 0 0 0 0 0 0 0 0 0 0 0 0 0 0 0 0 0 0 0 0 0 0 0 0 0 0 0
 0 0 0 0 0 0 0 0 0 0 0 0 0 0 0 0 0 0 0 0 0 0 0 0 0 0 0 0 0 0 0 0 0 0 0 0 0 0 0 0 0 0 0 0 0 0
 0 0 0 0 0 0 0 0 0 0 0 0 0 0 0 0 0 0 0 0 0 0 0 0 0 0 0 0 0 0 0 0 0 0 0 0 0 0 0 0 0 0 0 0 0 0
 0 0 0 0 0 0 0 0 0 0 0 0 0 0 0 0 0 0 0 0 0 0 0 0 0 0 0 0 0 0 0 0 0 0 1 0 0 0 0 0 0 0 0 0 0 0
 0 0 0 0 0 0 0 0 0 0 0 0 0 0 0 0 0 0 0 0 0 0 0 0 0 0 0 0 0 0 0 0 0 0 0 0 0 0 0 0 0 0 0 0 0 0
 0 0 0 0 0 0 0 0 0 0 0 0 0 0 0 0 0 0 0 0 0 0 0 0 0 0 0 0 0 0 0 0 0 0 0 0 0 0 0 0 0 0 0 0 0 0
 0 0 0 0 0 0 0 0 0 0 0 0 0 0 0 0 0 0 0 0 0 0 0 0 0 0 0 0 0 0 0 0 0 0 0 0 0 0 0 0 0 0 0 0 0 0
 0 0 0 0 0 0 0 0 0 0 0 0 0 0 0 0 0 0 0 0 0 0 0 0 0 0 0 0 0 0 0 0 0 0 0 0 0 0 0 0 0 0 0 0 0 0
 0 0 0 0 0 0 0 0 0 0 0 0 0 0 0 0 0 0 0 0 0 0 0 0 0 0 0 0 0 0 0 0 0 0 0 0 0 0 0 0 0 0 0 0 0 0
 0 0 0 0 0 0 0 0 0 0 0 0 0 0 0 0 0 0 0 0 0 0 0 0 0 0 0 0 0 0 0 0 0 0 0 0 0 0 0 0 0 0 0 0 0 0
 0 0 0 0 0 0 0 0 0 0 0 0 0 0 0 0 0 0 0 0 0 0 0 0 0 0 0 0 0 0 0 0 0 0 0 0 0 0 0 0 0 0 0 0 0 0
 0 0 0 0 0 0 0 0 0 0 0 0 0 0 0 0 0 0 0 0 0 0 0 0 0 0 1 0 0 0 0 0 0 0 0 0 0 0 0 0 0 0 0 0 0 0
 0 0 0 0 0 0 0 0 0 0 0 0 0 0 0 0 0 0 0 0 0 0 0 0 0 0 2 1 1 0 0 0 0 0 0 0 0 0 0 0 0 0 0 0 0 1
 0 0 0 0 0 0 0 0 0 0 0 0 0 0 0 0 0 0 0 0 0 0 0 0 0 0 2 1 1 0 0 0 0 0 0 0 0 0 0 0 0 0 0 0 0 1
 0 0 0 0 0 0 0 0 0 0 0 0 0 0 0 0 0 0 0 0 0 0 0 0 0 0 1 1 1 1 1 1 1 1 1 0 0 0 0 0 0 0 0 1 1 1
 0 0 0 0 0 0 0 0 0 0 0 0 0 0 0 0 0 0 0 0 0 0 0 0 0 0 1 1 1 1 1 1 1 1 1 0 0 0 0 0 0 0 0 1 1 1
 0 0 0 1 1 2 0 0 1 1 0 0 0 0 0 0 0 0 0 0 0 0 0 0 0 0 0 0 0 0 1 1 1 1 1 1 1 1 1 1 1 1 1 1 1 1
 0 0 1 3 3 3 2 2 2 2 0 0 0 0 0 0 0 0 0 0 0 0 0 0 0 0 0 0 0 0 0 0 0 0 0 0 0 1 2 2 2 2 2 2 2 1
 0 0 1 3 3 3 2 2 2 2 0 0 0 0 0 0 0 0 0 0 0 0 0 0 0 0 0 0 0 0 0 0 0 0 0 0 0 1 2 2 2 2 2 2 2 1
 0 0 0 1 1 1 1 1 0 0 0 0 0 0 0 0 0 0 0 0 0 0 0 0 0 0 0 0 0 0 0 0 0 0 0 0 0 0 0 0 1 1 1 1 1 1
 0 0 1 1 1 1 1 1 1 1 0 0 0 0 0 0 0 0 0 0 0 0 0 0 0 0 0 0 0 0 0 0 1 1 1 0 0 0 0 0 1 1 1 1 1 0
 0 0 1 1 1 1 1 1 1 1 0 0 0 0 0 0 0 0 0 0 0 0 0 0 0 0 0 0 0 0 0 0 1 1 1 0 0 0 0 0 1 1 1 1 1 0
 0 0 0 1 1 1 1 1 2 2 1 1 1 2 0 0 0 0 0 0 0 0 0 0 0 0 0 0 0 0 1 1 3 3 2 1 1 1 1 1 1 1 1 1 1 0
 0 0 0 1 1 1 1 1 2 2 1 1 1 2 0 0 0 0 0 0 0 0 0 0 0 0 0 0 0 0 1 1 3 3 2 1 1 1 1 1 1 1 1 1 1 0
 0 0 0 0 0 0 0 0 1 1 1 5 5 16 11 11 0 0 0 0 0 0 0 0 0 0 0 0 0 0 1 1 3 3 5 2 2 3 5 5 2 2 1 1 1 1
 0 0 0 0 0 1 0 0 1 1 1 3 3 15 18 18 0 0 0 0 0 1 0 0 0 0 0 0 0 1 0 0 1 1 2 1 1 2 4 4 2 2 2 2 2 1
 0 0 0 0 0 1 0 0 1 1 1 3 3 15 18 18 0 0 0 0 0 1 0 0 0 0 0 0 0 1 0 0 1 1 2 1 1 2 4 4 2 2 2 2 2 1
 1 1 1 2 2 1 1 1 0 0 1 2 2 11 5 5 15 15 15 4 4 1 1 1 0 0 0 0 0 0 0 0 1 1 1 2 2 2 2 2 2 2 2 2 2 1
 1 1 1 2 2 1 1 1 0 0 0 2 2 4 4 4 9 9 8 9 9 1 0 0 0 0 0 0 0 0 1 1 1 1 1 2 2 3 3 3 3 3 2 2 2 2
 1 1 1 2 2 1 1 1 0 0 0 2 2 4 4 4 9 9 8 9 9 1 0 0 0 0 0 0 0 0 1 1 1 1 1 2 2 3 3 3 3 3 2 2 2 2
 1 1 2 2 2 2 2 2 2 2 3 1 1 5 5 5 12 12 12 5 5 2 0 0 0 0 0 0 0 0 1 1 1 1 1 1 1 2 3 3 2 2 2 2 2 2
 1 1 2 2 2 2 2 2 2 2 3 1 1 5 5 5 12 12 12 5 5 2 0 0 0 0 0 0 0 0 1 1 1 1 1 1 1 2 3 3 2 2 2 2 2 2
 2 2 3 3 3 3 2 2 3 3 5 1 1 0 0 0 0 0 11 5 5 0 2 2 0 0 0 0 0 0 0 0 0 0 1 1 1 1 2 2 2 2 2 2 2 2
 3 3 9 10 10 25 21 21 15 15 11 2 2 1 0 0 0 0 0 1 1 1 1 1 6 6 0 0 0 0 0 0 0 0 1 1 1 1 2 2 2 2 2 2 2 2
 3 3 9 10 10 25 21 21 15 15 11 2 2 1 0 0 0 0 0 1 1 1 1 1 6 6 0 0 0 0 0 0 0 0 1 1 1 1 2 2 2 2 2 2 2 2
 3 3 3 15 15 29 24 24 17 17 14 5 5 4 1 1 1 1 0 0 0 1 0 0 0 0 0 0 0 0 0 0 0 0 1 1 1 1 2 2 2 2 3 2 2 2
 4 4 7 11 11 10 11 11 12 12 5 5 5 6 2 2 1 1 1 0 0 0 0 0 0 0 1 1 1 1 1 1 2 2 2 2 2 2 3 3 3 3 3 3 3 4
 4 4 7 11 11 10 11 11 12 12 5 5 5 6 2 2 1 1 1 0 0 0 0 0 0 0 1 1 1 1 1 1 2 2 2 2 2 2 3 3 3 3 3 3 3 4
 8 8 14 8 8 11 10 10 8 8 7 6 6 9 5 5 4 4 2 2 2 0 5 5 1 1 0 2 2 1 2 2 3 3 3 3 3 4 5 5 6 6 6 5 5 5
 8 8 14 8 8 11 10 10 8 8 7 6 6 9 5 5 4 4 2 2 2 0 5 5 1 1 0 2 2 1 2 2 3 3 3 3 3 4 5 5 6 6 6 5 5 5
 4 4 9 6 6 12 7 7 6 6 6 7 7 9 8 8 4 4 5 5 5 1 11 11 6 6 2 7 7 6 1 1 2 2 3 3 3 3 4 4 5 5 7 7 7 6
 5 5 4 2 2 4 4 4 6 6 7 7 7 5 6 6 8 8 11 10 10 8 5 5 3 3 4 5 5 5 1 1 2 2 3 2 2 1 2 2 2 2 3 4 4 3
 5 5 4 2 2 4 4 4 6 6 7 7 7 5 6 6 8 8 11 10 10 8 5 5 3 3 4 5 5 5 1 1 2 2 3 2 2 1 2 2 2 2 3 4 4 3
 10 10 4 2 2 4 4 4 12 12 13 20 20 7 3 3 9 9 11 13 13 13 10 10 7 7 3 1 1 0 0 0 0 0 1 1 1 1 1 1 1 1 2 2 2 2
 9 9 3 2 2 2 12 12 22 22 53 48 48 5 3 3 5 5 3 12 12 11 26 26 16 16 12 2 2 1 1 1 0 0 0 1 1 1 1 1 2 2 2 1 1 1
 9 9 3 2 2 2 12 12 22 22 53 48 48 5 3 3 5 5 3 12 12 11 26 26 16 16 12 2 2 1 1 1 0 0 0 1 1 1 1 1 2 2 2 1 1 1
 2 2 4 4 4 3 2 2 52 52 48 36 36 9 6 6 7 7 2 6 6 6 13 13 12 12 28 24 24 3 4 4 0 0 1 2 2 3 2 2 3 3 4 2 2 1
 2 2 4 4 4 3 2 2 52 52 48 36 36 9 6 6 7 7 2 6 6 6 13 13 12 12 28 24 24 3 4 4 0 0 1 2 2 3 2 2 3 3 4 2 2 1
 1 1 5 6 6 6 6 6 47 47 22 7 7 8 8 8 8 8 5 3 3 13 14 14 32 32 23 23 23 4 1 1 0 0 0 1 1 2 2 2 2 2 4 2 2 2
 5 5 5 5 5 2 3 3 1 1 4 3 3 4 13 13 13 13 17 6 6 13 39 39 40 40 29 31 31 5 0 0 0 0 0 0 0 1 1 1 1 1 1 1 1 1
 5 5 5 5 5 2 3 3 1 1 4 3 3 4 13 13 13 13 17 6 6 13 39 39 40 40 29 31 31 5 0 0 0 0 0 0 0 1 1 1 1 1 1 1 1 1
 2 2 2 3 3 3 5 5 3 3 4 5 5 8 35 35 39 39 35 17 17 49 42 42 43 43 16 9 9 2 2 2 0 0 0 0 0 2 2 2 1 1 1 1 1 1
 2 2 2 1 1 2 4 4 9 9 10 13 13 18 24 24 12 12 25 69 69 75 20 20 20 20 22 14 14 5 4 4 0 0 0 0 0 0 1 1 1 1 1 1 1 1
 2 2 2 1 1 2 4 4 9 9 10 13 13 18 24 24 12 12 25 69 69 75 20 20 20 20 22 14 14 5 4 4 0 0 0 0 0 0 1 1 1 1 1 1 1 1
 0 0 0 0 0 1 2 2 3 3 6 10 10 4 3 3 9 9 40 84 84 69 19 19 46 46 27 19 19 16 9 9 2 2 0 0 0 0 0 0 0 0 0 0 0 0
 0 0 0 0 0 1 2 2 3 3 6 10 10 4 3 3 9 9 40 84 84 69 19 19 46 46 27 19 19 16 9 9 2 2 0 0 0 0 0 0 0 0 0 0 0 0
 1 1 1 0 0 0 0 0 0 0 1 7 7 6 7 7 10 10 18 25 25 31 59 59 46 46 24 16 16 18 9 9 9 9 2 0 0 0 0 0 0 0 0 0 0 0
 0 0 1 0 0 0 0 0 0 0 0 1 1 16 6 6 6 6 10 21 21 78 72 72 59 59 25 27 27 15 9 9 8 8 2 0 0 0 0 0 0 0 0 0 0 0
 0 0 1 0 0 0 0 0 0 0 0 1 1 16 6 6 6 6 10 21 21 78 72 72 59 59 25 27 27 15 9 9 8 8 2 0 0 0 0 0 0 0 0 0 0 0
 1 1 1 0 0 0 0 0 0 0 1 1 1 16 16 16 18 18 21 18 18 67 66 66 56 56 23 24 24 13 5 5 3 3 1 0 0 0 0 0 0 0 1 1 1 0
 1 1 3 5 5 5 6 6 1 1 1 7 7 7 17 17 2 2 18 7 7 5 12 12 51 51 26 24 24 15 35 35 2 2 1 0 0 0 0 0 1 1 1 1 1 0
 1 1 3 5 5 5 6 6 1 1 1 7 7 7 17 17 2 2 18 7 7 5 12 12 51 51 26 24 24 15 35 35 2 2 1 0 0 0 0 0 1 1 1 1 1 0
 5 5 3 5 5 5 6 6 3 3 1 1 1 8 4 4 3 3 4 4 4 5 7 7 36 36 36 37 37 33 33 33 2 2 0 0 0 0 0 0 0 0 0 0 0 0
 5 5 3 5 5 5 6 6 3 3 1 1 1 8 4 4 3 3 4 4 4 5 7 7 36 36 36 37 37 33 33 33 2 2 0 0 0 0 0 0 0 0 0 0 0 0
 1 1 1 1 1 5 2 2 2 2 1 1 1 1 5 5 7 7 7 5 5 4 5 5 36 36 36 49 49 33 28 28 4 4 4 0 0 0 0 0 0 0 0 0 0 0
 1 1 3 3 3 2 2 2 2 2 1 1 1 1 1 1 2 2 4 4 4 3 4 4 6 6 43 37 37 30 27 27 4 4 4 0 0 0 0 0 0 0 0 0 0 0
 1 1 3 3 3 2 2 2 2 2 1 1 1 1 1 1 2 2 4 4 4 3 4 4 6 6 43 37 37 30 27 27 4 4 4 0 0 0 0 0 0 0 0 0 0 0
 1 1 3 5 5 3 1 1 3 3 2 1 1 1 2 2 1 1 2 3 3 3 2 2 3 3 7 13 13 8 6 6 2 2 2 1 1 0 1 1 2 2 1 0 0 0
 1 1 1 1 1 1 1 1 2 2 2 1 1 1 1 1 1 1 7 10 10 5 2 2 3 3 4 7 7 11 6 6 13 13 5 1 1 1 1 1 3 3 2 1 1 1
 1 1 1 1 1 1 1 1 2 2 2 1 1 1 1 1 1 1 7 10 10 5 2 2 3 3 4 7 7 11 6 6 13 13 5 1 1 1 1 1 3 3 2 1 1 1
 1 1 1 0 0 0 0 0 1 1 1 1 1 1 1 1 1 1 10 10 10 2 1 1 2 2 2 3 3 11 13 13 13 13 4 1 1 1 1 1 1 1 2 1 1 3
 1 1 1 0 0 0 0 0 1 1 1 1 1 1 1 1 1 1 10 10 10 2 1 1 2 2 2 3 3 11 13 13 13 13 4 1 1 1 1 1 1 1 2 1 1 3
 1 1 1 1 1 0 0 0 0 0 0 1 1 1 1 1 1 1 1 1 1 1 1 1 2 2 2 2 2 3 2 2 3 3 1 0 0 0 0 0 0 0 0 0 0 1
 1 1 1 0 0 0 1 1 1 1 1 1 1 1 1 1 1 1 1 1 1 1 1 1 1 1 1 2 2 2 2 2 1 1 2 0 0 0 0 0 0 0 0 0 0 0
 1 1 1 0 0 0 1 1 1 1 1 1 1 1 1 1 1 1 1 1 1 1 1 1 1 1 1 2 2 2 2 2 1 1 2 0 0 0 0 0 0 0 0 0 0 0
 2 2 1 1 1 0 3 3 3 3 1 1 1 1 1 1 1 1 1 1 1 1 1 1 1 1 1 1 1 2 2 2 2 2 2 2 2 2 0 0 0 0 0 0 0 0
 2 2 1 1 1 2 5 5 6 6 2 3 3 4 4 4 2 2 1 1 1 1 1 1 1 1 1 1 1 2 2 2 2 2 4 2 2 2 0 0 1 1 0 0 0 0
