assets/RAT_results/precipitation/2023-06-29_IMERG.asc
ncols        46
nrows        77
xllcorner    74.800261325624
yllcorner    8.058333333333
cellsize     0.062500000000
NODATA_value -9999
 7 7 7 5 5 3 4 4 2 2 1 2 2 3 1 1 1 1 0 0 0 0 0 0 0 0 0 0 0 0 0 0 0 0 0 0 0 1 0 0 0 0 1 0 0 0
 6 6 5 4 4 4 5 5 3 3 1 2 2 3 4 4 1 1 1 0 0 0 0 0 0 0 0 0 0 0 0 0 0 0 0 0 0 0 0 0 0 0 0 0 0 0
 6 6 5 4 4 4 5 5 3 3 1 2 2 3 4 4 1 1 1 0 0 0 0 0 0 0 0 0 0 0 0 0 0 0 0 0 0 0 0 0 0 0 0 0 0 0
 11 11 5 2 2 2 1 1 3 3 3 2 2 2 3 3 3 3 2 0 0 0 0 0 0 0 0 0 0 0 0 0 1 1 0 0 0 0 0 0 1 1 0 0 0 0
 11 11 4 1 1 2 0 0 0 0 0 1 1 1 0 0 1 1 2 0 0 0 0 0 0 0 0 0 0 0 0 0 0 0 0 1 1 0 0 0 1 1 0 0 0 0
 11 11 4 1 1 2 0 0 0 0 0 1 1 1 0 0 1 1 2 0 0 0 0 0 0 0 0 0 0 0 0 0 0 0 0 1 1 0 0 0 1 1 0 0 0 0
 10 10 16 7 7 3 3 3 2 2 1 1 1 1 1 1 2 2 1 1 1 1 0 0 0 0 0 1 1 2 0 0 0 0 0 0 0 0 0 0 0 0 0 0 0 0
 10 10 16 7 7 3 3 3 2 2 1 1 1 1 1 1 2 2 1 1 1 1 0 0 0 0 0 1 1 2 0 0 0 0 0 0 0 0 0 0 0 0 0 0 0 0
 27 27 28 17 17 3 6 6 3 3 4 0 0 2 2 2 2 2 1 1 1 1 0 0 0 0 0 0 0 0 0 0 0 0 0 0 0 0 0 0 0 0 0 0 0 1
 33 33 32 19 19 8 6 6 3 3 4 1 1 2 2 2 1 1 2 0 0 0 1 1 0 0 0 0 0 0 0 0 0 0 0 0 0 0 0 0 0 0 0 0 0 0
 33 33 32 19 19 8 6 6 3 3 4 1 1 2 2 2 1 1 2 0 0 0 1 1 0 0 0 0 0 0 0 0 0 0 0 0 0 0 0 0 0 0 0 0 0 0
 71 71 54 49 49 12 6 6 5 5 2 1 1 0 1 1 0 0 1 1 1 0 0 0 0 0 0 0 0 1 0 0 1 1 0 0 0 0 0 0 0 0 0 0 0 0
 67 67 66 44 44 9 6 6 6 6 6 3 3 2 2 2 1 1 1 1 1 1 0 0 0 0 0 0 0 0 0 0 0 0 0 0 0 0 0 0 0 0 0 1 1 0
 67 67 66 44 44 9 6 6 6 6 6 3 3 2 2 2 1 1 1 1 1 1 0 0 0 0 0 0 0 0 0 0 0 0 0 0 0 0 0 0 0 0 0 1 1 0
 65 65 64 7 7 6 7 7 3 3 1 1 1 0 0 0 0 0 0 0 0 0 0 0 0 0 0 0 0 0 0 0 0 0 0 0 0 0 0 0 2 2 0 1 1 1
 65 65 64 7 7 6 7 7 3 3 1 1 1 0 0 0 0 0 0 0 0 0 0 0 0 0 0 0 0 0 0 0 0 0 0 0 0 0 0 0 2 2 0 1 1 1
 4 4 6 6 6 6 5 5 3 3 1 0 0 1 1 1 1 1 0 0 0 0 1 1 1 1 0 0 0 0 0 0 0 0 0 0 0 0 2 2 2 2 0 0 0 1
 4 4 7 7 7 6 6 6 5 5 1 3 3 2 0 0 0 0 0 0 0 0 0 0 0 0 0 0 0 0 0 0 0 0 2 0 0 1 1 1 2 2 1 0 0 1
 4 4 7 7 7 6 6 6 5 5 1 3 3 2 0 0 0 0 0 0 0 0 0 0 0 0 0 0 0 0 0 0 0 0 2 0 0 1 1 1 2 2 1 0 0 1
 7 7 8 8 8 7 9 9 6 6 1 0 0 0 1 1 1 1 3 2 2 0 0 0 0 0 0 0 0 0 0 0 0 0 0 0 0 0 1 1 1 1 1 1 1 1
 62 62 11 8 8 7 10 10 7 7 6 3 3 3 4 4 1 1 3 2 2 2 1 1 1 1 0 0 0 0 0 0 0 0 1 2 2 0 1 1 1 1 1 1 1 2
 62 62 11 8 8 7 10 10 7 7 6 3 3 3 4 4 1 1 3 2 2 2 1 1 1 1 0 0 0 0 0 0 0 0 1 2 2 0 1 1 1 1 1 1 1 2
 60 60 7 6 6 5 2 2 1 1 6 3 3 3 5 5 7 7 7 7 7 6 6 6 1 1 0 0 0 2 0 0 0 0 3 5 5 5 3 3 0 0 0 1 1 2
 60 60 7 6 6 5 2 2 1 1 6 3 3 3 5 5 7 7 7 7 7 6 6 6 1 1 0 0 0 2 0 0 0 0 3 5 5 5 3 3 0 0 0 1 1 2
 2 2 3 14 14 16 2 2 3 3 8 7 7 2 2 2 1 1 6 6 6 6 6 6 3 3 1 0 0 1 0 0 0 0 1 3 3 3 2 2 1 1 0 0 0 0
 7 7 4 15 15 17 66 66 10 10 8 7 7 6 2 2 1 1 0 0 0 1 0 0 0 0 1 1 1 3 0 0 0 0 2 2 2 1 1 1 1 1 0 0 0 0
 7 7 4 15 15 17 66 66 10 10 8 7 7 6 2 2 1 1 0 0 0 1 0 0 0 0 1 1 1 3 0 0 0 0 2 2 2 1 1 1 1 1 0 0 0 0
 6 6 8 7 7 6 11 11 8 8 5 6 6 6 6 6 2 2 2 0 0 1 0 0 1 1 1 1 1 0 0 0 1 1 1 2 2 0 1 1 0 0 0 0 0 1
 4 4 4 2 2 6 7 7 5 5 6 5 5 5 7 7 2 2 2 2 2 2 0 0 1 1 2 5 5 0 0 0 1 1 1 0 0 1 0 0 0 0 0 1 1 1
 4 4 4 2 2 6 7 7 5 5 6 5 5 5 7 7 2 2 2 2 2 2 0 0 1 1 2 5 5 0 0 0 1 1 1 0 0 1 0 0 0 0 0 1 1 1
 4 4 3 1 1 1 2 2 5 5 7 5 5 5 6 6 5 5 3 1 1 2 1 1 2 2 1 5 5 3 2 2 0 0 0 0 0 0 2 2 0 0 2 0 0 0
 4 4 3 1 1 1 2 2 5 5 7 5 5 5 6 6 5 5 3 1 1 2 1 1 2 2 1 5 5 3 2 2 0 0 0 0 0 0 2 2 0 0 2 0 0 0
 6 6 3 2 2 1 1 1 5 5 6 6 6 6 5 5 3 3 3 3 3 4 0 0 0 0 0 0 0 0 2 2 0 0 0 0 0 1 1 1 2 2 2 1 1 0
 8 8 6 5 5 1 2 2 3 3 3 5 5 6 8 8 5 5 5 2 2 5 1 1 0 0 0 0 0 0 0 0 0 0 0 0 0 1 1 1 2 2 0 1 1 1
 8 8 6 5 5 1 2 2 3 3 3 5 5 6 8 8 5 5 5 2 2 5 1 1 0 0 0 0 0 0 0 0 0 0 0 0 0 1 1 1 2 2 0 1 1 1
 8 8 8 9 9 6 3 3 3 3 4 5 5 6 5 5 5 5 1 1 1 1 2 2 0 0 3 6 6 6 1 1 0 0 0 0 0 2 2 2 0 0 1 1 1 1
 14 14 12 12 12 14 8 8 4 4 1 3 3 4 4 4 5 5 1 1 1 1 0 0 0 0 2 7 7 6 1 1 0 0 0 0 0 2 1 1 1 1 2 1 1 1
 14 14 12 12 12 14 8 8 4 4 1 3 3 4 4 4 5 5 1 1 1 1 0 0 0 0 2 7 7 6 1 1 0 0 0 0 0 2 1 1 1 1 2 1 1 1
 7 7 11 17 17 11 16 16 9 9 6 3 3 4 5 5 3 3 3 1 1 1 1 1 0 0 2 7 7 8 4 4 0 0 0 2 2 1 3 3 3 3 3 3 3 2
 7 7 11 17 17 11 16 16 9 9 6 3 3 4 5 5 3 3 3 1 1 1 1 1 0 0 2 7 7 8 4 4 0 0 0 2 2 1 3 3 3 3 3 3 3 2
 8 8 10 13 13 11 13 13 20 20 19 11 11 6 3 3 3 3 1 1 1 1 1 1 2 2 2 5 5 2 2 2 2 2 2 1 1 4 4 4 4 4 4 5 5 11
 7 7 8 8 8 9 10 10 17 17 23 29 29 10 5 5 3 3 1 0 0 0 0 0 0 0 2 6 6 2 2 2 2 2 0 1 1 6 3 3 3 3 6 6 6 10
 7 7 8 8 8 9 10 10 17 17 23 29 29 10 5 5 3 3 1 0 0 0 0 0 0 0 2 6 6 2 2 2 2 2 0 1 1 6 3 3 3 3 6 6 6 10
 13 13 13 13 13 14 13 13 11 11 12 23 23 30 9 9 2 2 0 0 0 0 0 0 0 0 1 2 2 1 0 0 1 1 1 5 5 8 7 7 5 5 4 6 6 7
 17 17 16 15 15 19 17 17 15 15 16 17 17 23 26 26 10 10 2 0 0 0 0 0 1 1 1 1 1 4 1 1 1 1 4 6 6 6 7 7 6 6 6 6 6 7
 17 17 16 15 15 19 17 17 15 15 16 17 17 23 26 26 10 10 2 0 0 0 0 0 1 1 1 1 1 4 1 1 1 1 4 6 6 6 7 7 6 6 6 6 6 7
 22 22 17 14 14 16 12 12 9 9 9 13 13 18 24 24 23 23 9 0 0 0 0 0 0 0 2 3 3 1 1 1 1 1 4 6 6 8 8 8 7 7 7 6 6 7
 22 22 17 14 14 16 12 12 9 9 9 13 13 18 24 24 23 23 9 0 0 0 0 0 0 0 2 3 3 1 1 1 1 1 4 6 6 8 8 8 7 7 7 6 6 7
 17 17 10 7 7 8 6 6 6 6 13 16 16 23 27 27 16 16 5 1 1 1 1 1 1 1 1 1 1 1 2 2 2 2 5 6 6 8 7 7 7 7 5 4 4 5
 11 11 7 5 5 4 5 5 6 6 11 19 19 18 23 23 13 13 7 2 2 2 3 3 1 1 2 2 2 2 1 1 2 2 3 3 3 4 3 3 3 3 3 2 2 3
 11 11 7 5 5 4 5 5 6 6 11 19 19 18 23 23 13 13 7 2 2 2 3 3 1 1 2 2 2 2 1 1 2 2 3 3 3 4 3 3 3 3 3 2 2 3
 6 6 8 7 7 4 6 6 10 10 11 13 13 10 6 6 6 6 3 1 1 3 5 5 2 2 3 3 3 1 2 2 2 2 1 1 1 1 1 1 1 1 1 1 1 1
 3 3 7 9 9 5 4 4 8 8 10 11 11 6 5 5 5 5 3 3 3 3 4 4 1 1 1 1 1 3 0 0 0 0 0 0 0 0 1 1 1 1 1 1 1 1
 3 3 7 9 9 5 4 4 8 8 10 11 11 6 5 5 5 5 3 3 3 3 4 4 1 1 1 1 1 3 0 0 0 0 0 0 0 0 1 1 1 1 1 1 1 1
 2 2 5 8 8 7 5 5 10 10 14 7 7 5 4 4 4 4 3 3 3 3 3 3 0 0 0 0 0 0 0 0 0 0 1 0 0 0 0 0 0 0 0 0 0 0
 2 2 5 8 8 7 5 5 10 10 14 7 7 5 4 4 4 4 3 3 3 3 3 3 0 0 0 0 0 0 0 0 0 0 1 0 0 0 0 0 0 0 0 0 0 0
 4 4 2 5 5 6 3 3 4 4 10 7 7 5 5 5 10 10 6 3 3 2 1 1 0 0 0 0 0 1 2 2 0 0 1 0 0 0 0 0 2 2 0 0 0 0
 4 4 2 1 1 2 3 3 3 3 5 8 8 14 12 12 19 19 7 3 3 1 6 6 5 5 7 1 1 1 2 2 2 2 1 1 1 1 0 0 1 1 0 0 0 0
 4 4 2 1 1 2 3 3 3 3 5 8 8 14 12 12 19 19 7 3 3 1 6 6 5 5 7 1 1 1 2 2 2 2 1 1 1 1 0 0 1 1 0 0 0 0
 5 5 2 2 2 2 2 2 2 2 7 12 12 15 11 11 18 18 13 12 12 12 6 6 6 6 7 7 7 7 7 7 2 2 2 1 1 1 0 0 0 0 0 0 0 0
 3 3 6 2 2 2 4 4 4 4 5 13 13 19 20 20 16 16 10 13 13 13 7 7 4 4 4 2 2 7 7 7 2 2 2 0 0 0 0 0 0 0 0 0 0 0
 3 3 6 2 2 2 4 4 4 4 5 13 13 19 20 20 16 16 10 13 13 13 7 7 4 4 4 2 2 7 7 7 2 2 2 0 0 0 0 0 0 0 0 0 0 0
 2 2 5 2 2 2 3 3 4 4 7 10 10 12 18 18 12 12 13 12 12 15 11 11 4 4 4 2 2 3 3 3 3 3 0 0 0 0 0 0 1 1 0 0 0 0
 2 2 5 2 2 2 3 3 4 4 7 10 10 12 18 18 12 12 13 12 12 15 11 11 4 4 4 2 2 3 3 3 3 3 0 0 0 0 0 0 1 1 0 0 0 0
 2 2 2 2 2 2 3 3 4 4 5 9 9 8 9 9 8 8 8 4 4 9 10 10 3 3 3 3 3 1 3 3 3 3 0 0 0 0 1 1 3 3 0 0 0 0
 2 2 4 4 4 2 2 2 2 2 7 7 7 5 5 5 7 7 8 4 4 4 5 5 5 5 11 4 4 1 1 1 1 1 0 0 0 0 3 3 4 4 0 0 0 0
 2 2 4 4 4 2 2 2 2 2 7 7 7 5 5 5 7 7 8 4 4 4 5 5 5 5 11 4 4 1 1 1 1 1 0 0 0 0 3 3 4 4 0 0 0 0
 2 2 6 6 6 3 3 3 6 6 8 9 9 5 4 4 2 2 2 4 4 3 3 3 4 4 6 8 8 2 0 0 0 0 0 0 0 0 0 0 1 1 0 0 0 0
 1 1 2 1 1 2 3 3 6 6 6 8 8 10 8 8 2 2 1 2 2 2 2 2 2 2 1 1 1 3 0 0 0 0 0 0 0 1 1 1 2 2 1 0 0 0
 1 1 2 1 1 2 3 3 6 6 6 8 8 10 8 8 2 2 1 2 2 2 2 2 2 2 1 1 1 3 0 0 0 0 0 0 0 1 1 1 2 2 1 0 0 0
 1 1 2 1 1 1 1 1 5 5 7 8 8 10 10 10 2 2 1 2 2 2 2 2 1 1 2 2 2 6 2 2 0 0 0 0 0 0 1 1 2 2 3 3 3 0
 1 1 2 1 1 1 1 1 5 5 7 8 8 10 10 10 2 2 1 2 2 2 2 2 1 1 2 2 2 6 2 2 0 0 0 0 0 0 1 1 2 2 3 3 3 0
 5 5 5 3 3 1 1 1 0 0 9 12 12 13 10 10 5 5 2 1 1 1 1 1 1 1 1 2 2 6 7 7 6 6 0 0 0 1 3 3 3 3 0 0 0 0
 7 7 10 7 7 1 1 1 1 1 3 9 9 11 12 12 5 5 2 1 1 1 1 1 1 1 2 4 4 5 6 6 1 1 2 0 0 0 1 1 0 0 0 0 0 0
 7 7 10 7 7 1 1 1 1 1 3 9 9 11 12 12 5 5 2 1 1 1 1 1 1 1 2 4 4 5 6 6 1 1 2 0 0 0 1 1 0 0 0 0 0 0
 11 11 10 8 8 7 2 2 3 3 3 11 11 11 11 11 5 5 4 4 4 1 0 0 2 2 4 5 5 7 9 9 7 7 0 0 0 0 0 0 0 0 0 0 0 0
 12 12 12 12 12 10 3 3 5 5 6 7 7 11 13 13 11 11 6 4 4 3 2 2 2 2 5 5 5 7 7 7 7 7 1 0 0 0 0 0 0 0 1 0 0 0
