assets/RAT_results/precipitation/2023-12-10_IMERG.asc
ncols        46
nrows        77
xllcorner    74.800261325624
yllcorner    8.058333333333
cellsize     0.062500000000
NODATA_value -9999
 9 9 44 39 39 31 28 28 23 23 29 21 21 18 15 15 13 13 12 12 12 1 0 0 0 0 0 0 0 0 0 0 1 1 0 0 0 0 0 0 0 0 0 0 0 0
 7 7 27 11 11 19 12 12 12 12 14 15 15 16 9 9 1 1 1 1 1 1 0 0 0 0 0 0 0 0 0 0 0 0 0 0 0 0 0 0 0 0 0 0 0 0
 7 7 27 11 11 19 12 12 12 12 14 15 15 16 9 9 1 1 1 1 1 1 0 0 0 0 0 0 0 0 0 0 0 0 0 0 0 0 0 0 0 0 0 0 0 0
 6 6 8 10 10 18 1 1 12 12 2 3 3 11 6 6 1 1 1 1 1 0 0 0 0 0 0 0 0 0 0 0 0 0 0 0 0 0 0 0 0 0 0 0 0 0
 6 6 3 3 3 3 0 0 1 1 1 1 1 3 1 1 0 0 0 0 0 0 0 0 0 0 0 0 0 0 0 0 0 0 0 0 0 0 0 0 0 0 0 0 0 0
 6 6 3 3 3 3 0 0 1 1 1 1 1 3 1 1 0 0 0 0 0 0 0 0 0 0 0 0 0 0 0 0 0 0 0 0 0 0 0 0 0 0 0 0 0 0
 3 3 5 3 3 2 1 1 0 0 0 0 0 0 0 0 1 1 2 1 1 0 0 0 0 0 0 0 0 0 0 0 0 0 0 0 0 0 0 0 0 0 0 0 0 0
 3 3 5 3 3 2 1 1 0 0 0 0 0 0 0 0 1 1 2 1 1 0 0 0 0 0 0 0 0 0 0 0 0 0 0 0 0 0 0 0 0 0 0 0 0 0
 6 6 5 3 3 2 2 2 1 1 0 0 0 0 0 0 2 2 3 1 1 0 0 0 0 0 0 0 0 0 0 0 0 0 0 0 0 0 0 0 0 0 0 0 0 0
 7 7 8 3 3 3 2 2 1 1 0 0 0 0 1 1 1 1 1 0 0 0 0 0 0 0 0 0 0 0 0 0 0 0 0 0 0 0 0 0 0 0 0 0 0 0
 7 7 8 3 3 3 2 2 1 1 0 0 0 0 1 1 1 1 1 0 0 0 0 0 0 0 0 0 0 0 0 0 0 0 0 0 0 0 0 0 0 0 0 0 0 0
 8 8 9 7 7 2 1 1 1 1 0 0 0 2 6 6 2 2 1 0 0 0 0 0 0 0 0 0 0 0 0 0 0 0 0 0 0 0 0 0 0 0 0 0 0 0
 5 5 7 4 4 1 1 1 1 1 1 0 0 2 8 8 4 4 1 1 1 0 0 0 0 0 0 0 0 0 0 0 0 0 0 0 0 0 0 0 0 0 0 0 0 0
 5 5 7 4 4 1 1 1 1 1 1 0 0 2 8 8 4 4 1 1 1 0 0 0 0 0 0 0 0 0 0 0 0 0 0 0 0 0 0 0 0 0 0 0 0 0
 6 6 9 16 16 4 6 6 7 7 2 2 2 0 14 14 15 15 13 8 8 3 1 1 1 1 0 0 0 1 3 3 1 1 0 0 0 0 0 0 0 0 0 0 0 0
 6 6 9 16 16 4 6 6 7 7 2 2 2 0 14 14 15 15 13 8 8 3 1 1 1 1 0 0 0 1 3 3 1 1 0 0 0 0 0 0 0 0 0 0 0 0
 5 5 13 13 13 9 9 9 7 7 6 3 3 8 20 20 22 22 24 10 10 11 5 5 3 3 1 0 0 1 3 3 1 1 0 0 0 0 0 0 0 0 0 0 0 0
 6 6 4 6 6 7 10 10 10 10 7 6 6 3 10 10 13 13 16 19 19 16 9 9 8 8 3 0 0 0 0 0 0 0 0 0 0 0 0 0 0 0 1 2 2 1
 6 6 4 6 6 7 10 10 10 10 7 6 6 3 10 10 13 13 16 19 19 16 9 9 8 8 3 0 0 0 0 0 0 0 0 0 0 0 0 0 0 0 1 2 2 1
 6 6 5 7 7 6 8 8 7 7 6 9 9 9 15 15 13 13 13 12 12 11 9 9 15 15 6 1 1 0 0 0 0 0 0 0 0 0 0 0 1 1 1 1 1 1
 5 5 4 4 4 31 35 35 36 36 19 12 12 11 9 9 2 2 4 3 3 3 6 6 8 8 3 0 0 0 0 0 0 0 0 4 4 2 0 0 0 0 0 0 0 0
 5 5 4 4 4 31 35 35 36 36 19 12 12 11 9 9 2 2 4 3 3 3 6 6 8 8 3 0 0 0 0 0 0 0 0 4 4 2 0 0 0 0 0 0 0 0
 4 4 2 4 4 31 34 34 38 38 19 16 16 13 3 3 2 2 3 2 2 2 3 3 4 4 2 6 6 7 1 1 0 0 0 2 2 4 1 1 0 0 0 0 0 0
 4 4 2 4 4 31 34 34 38 38 19 16 16 13 3 3 2 2 3 2 2 2 3 3 4 4 2 6 6 7 1 1 0 0 0 2 2 4 1 1 0 0 0 0 0 0
 2 2 2 5 5 39 43 43 45 45 17 9 9 6 3 3 2 2 1 2 2 4 7 7 6 6 3 2 2 3 0 0 0 0 0 0 0 0 0 0 0 0 0 0 0 0
 1 1 1 3 3 10 12 12 43 43 16 9 9 6 7 7 1 1 1 3 3 8 12 12 12 12 6 1 1 2 1 1 1 1 0 0 0 0 0 0 0 0 0 0 0 0
 1 1 1 3 3 10 12 12 43 43 16 9 9 6 7 7 1 1 1 3 3 8 12 12 12 12 6 1 1 2 1 1 1 1 0 0 0 0 0 0 0 0 0 0 0 0
 1 1 1 1 1 5 6 6 7 7 10 14 14 7 9 9 7 7 1 2 2 8 15 15 16 16 7 1 1 1 3 3 1 1 1 0 0 0 0 0 0 0 0 0 0 0
 4 4 2 1 1 2 9 9 17 17 13 12 12 5 11 11 7 7 3 3 3 3 5 5 5 5 2 0 0 1 1 1 1 1 0 0 0 0 0 0 0 0 0 0 0 0
 4 4 2 1 1 2 9 9 17 17 13 12 12 5 11 11 7 7 3 3 3 3 5 5 5 5 2 0 0 1 1 1 1 1 0 0 0 0 0 0 0 0 0 0 0 0
 10 10 6 1 1 5 11 11 11 11 6 8 8 5 4 4 2 2 6 7 7 2 1 1 0 0 0 0 0 0 0 0 0 0 0 0 0 0 0 0 0 0 0 0 0 0
 10 10 6 1 1 5 11 11 11 11 6 8 8 5 4 4 2 2 6 7 7 2 1 1 0 0 0 0 0 0 0 0 0 0 0 0 0 0 0 0 0 0 0 0 0 0
 28 28 14 9 9 11 9 9 2 2 1 1 1 2 2 2 2 2 3 4 4 1 0 0 0 0 0 0 0 1 0 0 0 0 0 0 0 0 0 0 0 0 0 0 0 0
 6 6 16 13 13 7 1 1 0 0 1 2 2 2 2 2 1 1 1 1 1 1 0 0 2 2 0 1 1 1 0 0 0 0 0 0 0 0 0 0 0 0 0 0 0 0
 6 6 16 13 13 7 1 1 0 0 1 2 2 2 2 2 1 1 1 1 1 1 0 0 2 2 0 1 1 1 0 0 0 0 0 0 0 0 0 0 0 0 0 0 0 0
 1 1 3 7 7 5 1 1 0 0 1 4 4 3 1 1 1 1 1 9 9 10 2 2 2 2 0 0 0 0 0 0 0 0 0 0 0 0 0 0 0 0 0 0 0 0
 1 1 1 2 2 3 3 3 4 4 3 3 3 2 1 1 1 1 2 14 14 13 5 5 4 4 1 1 1 0 0 0 0 0 0 0 0 0 0 0 0 0 0 0 0 0
 1 1 1 2 2 3 3 3 4 4 3 3 3 2 1 1 1 1 2 14 14 13 5 5 4 4 1 1 1 0 0 0 0 0 0 0 0 0 0 0 0 0 0 0 0 0
 3 3 3 4 4 5 8 8 8 8 6 12 12 5 3 3 2 2 3 21 21 19 16 16 6 6 7 3 3 1 1 1 1 1 0 0 0 0 0 0 1 1 1 1 1 0
 3 3 3 4 4 5 8 8 8 8 6 12 12 5 3 3 2 2 3 21 21 19 16 16 6 6 7 3 3 1 1 1 1 1 0 0 0 0 0 0 1 1 1 1 1 0
 7 7 7 6 6 4 9 9 15 15 16 19 19 14 7 7 8 8 1 13 13 16 18 18 18 18 15 10 10 4 2 2 1 1 0 0 0 0 1 1 2 2 4 3 3 1
 7 7 10 9 9 7 11 11 12 12 5 21 21 12 11 11 5 5 2 15 15 15 19 19 20 20 28 27 27 12 4 4 1 1 1 0 0 0 2 2 2 2 4 4 4 2
 7 7 10 9 9 7 11 11 12 12 5 21 21 12 11 11 5 5 2 15 15 15 19 19 20 20 28 27 27 12 4 4 1 1 1 0 0 0 2 2 2 2 4 4 4 2
 7 7 10 11 11 10 10 10 8 8 3 5 5 4 3 3 23 23 4 9 9 14 16 16 19 19 37 41 41 13 2 2 0 0 0 0 0 0 2 2 1 1 3 4 4 2
 6 6 9 10 10 10 11 11 7 7 3 4 4 50 6 6 25 25 6 17 17 19 17 17 16 16 21 25 25 9 2 2 0 0 0 0 0 0 1 1 0 0 2 2 2 2
 6 6 9 10 10 10 11 11 7 7 3 4 4 50 6 6 25 25 6 17 17 19 17 17 16 16 21 25 25 9 2 2 0 0 0 0 0 0 1 1 0 0 2 2 2 2
 5 5 4 4 4 5 8 8 9 9 5 5 5 54 74 74 76 76 45 11 11 22 21 21 26 26 25 19 19 10 4 4 1 1 0 0 0 0 0 0 0 0 1 2 2 3
 5 5 4 4 4 5 8 8 9 9 5 5 5 54 74 74 76 76 45 11 11 22 21 21 26 26 25 19 19 10 4 4 1 1 0 0 0 0 0 0 0 0 1 2 2 3
 7 7 4 2 2 2 4 4 5 5 5 23 23 24 68 68 80 80 54 12 12 19 17 17 26 26 27 24 24 17 11 11 3 3 0 0 0 0 0 0 0 0 1 2 2 2
 8 8 5 4 4 2 2 2 2 2 3 3 3 21 63 63 46 46 49 8 8 6 12 12 17 17 22 22 22 17 12 12 3 3 0 0 0 0 1 1 1 1 2 4 4 3
 8 8 5 4 4 2 2 2 2 2 3 3 3 21 63 63 46 46 49 8 8 6 12 12 17 17 22 22 22 17 12 12 3 3 0 0 0 0 1 1 1 1 2 4 4 3
 10 10 12 6 6 4 2 2 2 2 2 2 2 1 2 2 6 6 4 2 2 8 12 12 14 14 17 20 20 15 8 8 2 2 0 1 1 2 3 3 2 2 3 13 13 11
 20 20 35 12 12 6 1 1 1 1 1 3 3 3 6 6 7 7 2 1 1 1 7 7 8 8 15 16 16 6 2 2 1 1 1 0 0 1 1 1 1 1 3 2 2 6
 20 20 35 12 12 6 1 1 1 1 1 3 3 3 6 6 7 7 2 1 1 1 7 7 8 8 15 16 16 6 2 2 1 1 1 0 0 1 1 1 1 1 3 2 2 6
 29 29 40 38 38 12 1 1 2 2 3 4 4 9 7 7 6 6 3 1 1 1 7 7 5 5 7 6 6 2 1 1 2 2 4 1 1 1 1 1 1 1 1 1 1 6
 29 29 40 38 38 12 1 1 2 2 3 4 4 9 7 7 6 6 3 1 1 1 7 7 5 5 7 6 6 2 1 1 2 2 4 1 1 1 1 1 1 1 1 1 1 6
 19 19 28 38 38 18 3 3 5 5 5 6 6 16 15 15 10 10 3 1 1 1 1 1 4 4 5 7 7 0 1 1 5 5 3 1 1 0 1 1 0 0 1 1 1 1
 5 5 13 39 39 37 11 11 9 9 7 8 8 18 21 21 40 40 8 1 1 1 2 2 3 3 7 6 6 0 0 0 2 2 1 0 0 1 0 0 0 0 0 0 0 0
 5 5 13 39 39 37 11 11 9 9 7 8 8 18 21 21 40 40 8 1 1 1 2 2 3 3 7 6 6 0 0 0 2 2 1 0 0 1 0 0 0 0 0 0 0 0
 13 13 9 24 24 21 17 17 8 8 6 6 6 8 12 12 4 4 27 1 1 1 2 2 0 0 6 2 2 0 0 0 0 0 0 1 1 2 1 1 0 0 0 0 0 0
 12 12 14 12 12 15 17 17 7 7 3 3 3 3 3 3 2 2 0 1 1 0 1 1 2 2 8 0 0 0 0 0 0 0 0 0 0 1 0 0 0 0 1 1 1 1
 12 12 14 12 12 15 17 17 7 7 3 3 3 3 3 3 2 2 0 1 1 0 1 1 2 2 8 0 0 0 0 0 0 0 0 0 0 1 0 0 0 0 1 1 1 1
 7 7 8 10 10 11 12 12 8 8 7 4 4 2 1 1 0 0 0 0 0 0 0 0 0 0 0 0 0 0 0 0 0 0 0 0 0 1 1 1 1 1 3 4 4 3
 7 7 8 10 10 11 12 12 8 8 7 4 4 2 1 1 0 0 0 0 0 0 0 0 0 0 0 0 0 0 0 0 0 0 0 0 0 1 1 1 1 1 3 4 4 3
 5 5 3 3 3 3 5 5 10 10 11 12 12 2 1 1 0 0 0 0 0 0 0 0 0 0 0 0 0 1 0 0 0 0 0 0 0 0 2 2 2 2 2 5 5 7
 2 2 1 2 2 5 12 12 14 14 10 5 5 1 0 0 0 0 0 0 0 0 1 1 0 0 0 1 1 3 1 1 0 0 0 0 0 0 1 1 3 3 2 8 8 12
 2 2 1 2 2 5 12 12 14 14 10 5 5 1 0 0 0 0 0 0 0 0 1 1 0 0 0 1 1 3 1 1 0 0 0 0 0 0 1 1 3 3 2 8 8 12
 3 3 1 3 3 6 13 13 14 14 11 5 5 1 1 1 0 0 0 0 0 0 0 0 0 0 0 1 1 2 1 1 0 0 1 0 0 0 1 1 7 7 6 11 11 14
 4 4 2 1 1 5 5 5 9 9 6 5 5 2 1 1 0 0 0 0 0 0 0 0 0 0 0 0 0 2 1 1 0 0 3 1 1 0 3 3 5 5 11 19 19 25
 4 4 2 1 1 5 5 5 9 9 6 5 5 2 1 1 0 0 0 0 0 0 0 0 0 0 0 0 0 2 1 1 0 0 3 1 1 0 3 3 5 5 11 19 19 25
 2 2 1 1 1 3 2 2 5 5 5 5 5 4 2 2 1 1 0 0 0 0 0 0 0 0 0 1 1 0 0 0 0 0 1 1 1 1 3 3 6 6 7 17 17 28
 2 2 1 1 1 3 2 2 5 5 5 5 5 4 2 2 1 1 0 0 0 0 0 0 0 0 0 1 1 0 0 0 0 0 1 1 1 1 3 3 6 6 7 17 17 28
 1 1 1 1 1 1 1 1 1 1 2 5 5 6 6 6 3 3 1 0 0 0 0 0 0 0 0 2 2 2 1 1 1 1 1 1 1 1 3 3 4 4 12 18 18 33
 1 1 1 1 1 1 1 1 0 0 1 2 2 6 7 7 6 6 3 1 1 0 0 0 0 0 1 3 3 1 1 1 1 1 1 1 1 2 6 6 3 3 7 10 10 43
 1 1 1 1 1 1 1 1 0 0 1 2 2 6 7 7 6 6 3 1 1 0 0 0 0 0 1 3 3 1 1 1 1 1 1 1 1 2 6 6 3 3 7 10 10 43
 1 1 0 0 0 0 1 1 1 1 1 2 2 3 4 4 4 4 2 1 1 0 0 0 0 0 3 2 2 0 1 1 1 1 1 1 1 1 3 3 4 4 4 11 11 35
 1 1 1 0 0 0 1 1 3 3 2 2 2 2 2 2 3 3 2 2 2 0 0 0 0 0 2 0 0 0 0 0 0 0 1 1 1 1 1 1 4 4 4 11 11 32
