assets/RAT_results/precipitation/2023-09-15_IMERG.asc
ncols        46
nrows        77
xllcorner    74.800261325624
yllcorner    8.058333333333
cellsize     0.062500000000
NODATA_value -9999
 2 2 10 1 1 3 12 12 21 21 27 18 18 31 35 35 14 14 4 0 0 0 0 0 0 0 0 0 0 0 0 0 0 0 2 2 2 1 0 0 0 0 0 0 0 0
 2 2 14 4 4 1 8 8 7 7 21 13 13 17 18 18 17 17 4 0 0 0 0 0 0 0 0 0 0 0 0 0 0 0 0 0 0 0 0 0 0 0 0 0 0 0
 2 2 14 4 4 1 8 8 7 7 21 13 13 17 18 18 17 17 4 0 0 0 0 0 0 0 0 0 0 0 0 0 0 0 0 0 0 0 0 0 0 0 0 0 0 0
 1 1 1 7 7 2 3 3 7 7 14 11 11 10 8 8 5 5 0 0 0 0 0 0 0 0 0 0 0 0 0 0 0 0 0 0 0 0 0 0 0 0 0 0 0 0
 2 2 1 6 6 10 13 13 18 18 22 7 7 4 1 1 0 0 4 0 0 0 0 0 0 0 0 0 0 0 0 0 0 0 0 0 0 0 0 0 0 0 0 0 0 0
 2 2 1 6 6 10 13 13 18 18 22 7 7 4 1 1 0 0 4 0 0 0 0 0 0 0 0 0 0 0 0 0 0 0 0 0 0 0 0 0 0 0 0 0 0 0
 11 11 2 11 11 10 14 14 19 19 17 3 3 4 1 1 0 0 0 0 0 0 0 0 0 0 0 0 0 0 0 0 0 0 0 0 0 0 0 0 0 0 0 0 0 0
 11 11 2 11 11 10 14 14 19 19 17 3 3 4 1 1 0 0 0 0 0 0 0 0 0 0 0 0 0 0 0 0 0 0 0 0 0 0 0 0 0 0 0 0 0 0
 6 6 2 1 1 2 15 15 23 23 26 2 2 1 7 7 10 10 9 1 1 0 0 0 0 0 0 0 0 0 0 0 0 0 0 0 0 0 0 0 0 0 0 0 0 0
 3 3 3 3 3 5 19 19 9 9 4 9 9 8 16 16 12 12 9 3 3 0 0 0 0 0 0 0 0 0 0 0 0 0 0 0 0 0 0 0 0 0 0 0 0 0
 3 3 3 3 3 5 19 19 9 9 4 9 9 8 16 16 12 12 9 3 3 0 0 0 0 0 0 0 0 0 0 0 0 0 0 0 0 0 0 0 0 0 0 0 0 0
 5 5 3 4 4 9 8 8 10 10 7 1 1 7 8 8 7 7 10 3 3 0 0 0 0 0 0 0 0 0 0 0 0 0 0 0 0 0 0 0 0 0 0 0 0 0
 7 7 2 5 5 4 8 8 10 10 15 11 11 16 11 11 6 6 7 4 4 1 1 1 0 0 0 0 0 0 0 0 0 0 0 0 0 0 0 0 0 0 0 0 0 0
 7 7 2 5 5 4 8 8 10 10 15 11 11 16 11 11 6 6 7 4 4 1 1 1 0 0 0 0 0 0 0 0 0 0 0 0 0 0 0 0 0 0 0 0 0 0
 12 12 9 2 2 8 14 14 16 16 12 18 18 17 13 13 12 12 5 3 3 2 0 0 0 0 0 0 0 0 0 0 0 0 0 0 0 0 0 0 1 1 0 0 0 0
 12 12 9 2 2 8 14 14 16 16 12 18 18 17 13 13 12 12 5 3 3 2 0 0 0 0 0 0 0 0 0 0 0 0 0 0 0 0 0 0 1 1 0 0 0 0
 27 27 19 10 10 16 12 12 14 14 12 8 8 14 20 20 12 12 6 3 3 1 0 0 0 0 0 0 0 0 0 0 0 0 0 0 0 0 0 0 0 0 0 0 0 0
 35 35 27 7 7 3 8 8 7 7 1 13 13 15 21 21 11 11 11 3 3 1 0 0 0 0 0 0 0 0 0 0 0 0 0 0 0 0 0 0 0 0 0 4 4 1
 35 35 27 7 7 3 8 8 7 7 1 13 13 15 21 21 11 11 11 3 3 1 0 0 0 0 0 0 0 0 0 0 0 0 0 0 0 0 0 0 0 0 0 4 4 1
 28 28 18 11 11 7 13 13 8 8 2 3 3 5 2 2 6 6 3 0 0 7 0 0 0 0 0 0 0 0 0 0 0 0 0 0 0 1 4 4 4 4 4 3 3 0
 19 19 16 13 13 15 22 22 19 19 11 9 9 9 6 6 7 7 4 12 12 8 6 6 2 2 0 0 0 1 1 1 0 0 0 0 0 0 1 1 0 0 0 0 0 0
 19 19 16 13 13 15 22 22 19 19 11 9 9 9 6 6 7 7 4 12 12 8 6 6 2 2 0 0 0 1 1 1 0 0 0 0 0 0 1 1 0 0 0 0 0 0
 25 25 24 27 27 27 30 30 29 29 25 26 26 22 16 16 19 19 13 10 10 22 18 18 5 5 5 4 4 2 2 2 0 0 1 2 2 0 4 4 0 0 0 0 0 0
 25 25 24 27 27 27 30 30 29 29 25 26 26 22 16 16 19 19 13 10 10 22 18 18 5 5 5 4 4 2 2 2 0 0 1 2 2 0 4 4 0 0 0 0 0 0
 33 33 35 42 42 40 36 36 38 38 56 44 44 24 41 41 33 33 24 25 25 22 21 21 24 24 13 11 11 8 2 2 0 0 0 0 0 0 0 0 0 0 0 0 0 0
 32 32 41 45 45 55 32 32 44 44 55 64 64 55 32 32 24 24 19 21 21 26 26 26 26 26 15 11 11 7 1 1 0 0 0 0 0 0 0 0 0 0 0 0 0 0
 32 32 41 45 45 55 32 32 44 44 55 64 64 55 32 32 24 24 19 21 21 26 26 26 26 26 15 11 11 7 1 1 0 0 0 0 0 0 0 0 0 0 0 0 0 0
 35 35 35 51 51 59 45 45 36 36 64 54 54 32 30 30 23 23 21 22 22 23 13 13 16 16 15 6 6 1 0 0 0 0 0 0 0 0 0 0 0 0 0 0 0 0
 27 27 29 42 42 89 69 69 64 64 79 36 36 37 26 26 11 11 11 7 7 13 14 14 16 16 8 2 2 1 0 0 0 0 0 0 0 0 0 0 0 0 0 0 0 0
 27 27 29 42 42 89 69 69 64 64 79 36 36 37 26 26 11 11 11 7 7 13 14 14 16 16 8 2 2 1 0 0 0 0 0 0 0 0 0 0 0 0 0 0 0 0
 17 17 46 72 72 76 68 68 66 66 23 21 21 27 23 23 11 11 9 6 6 2 2 2 2 2 2 3 3 2 3 3 1 1 1 0 0 0 0 0 0 0 0 0 0 0
 17 17 46 72 72 76 68 68 66 66 23 21 21 27 23 23 11 11 9 6 6 2 2 2 2 2 2 3 3 2 3 3 1 1 1 0 0 0 0 0 0 0 0 0 0 0
 15 15 45 45 45 45 24 24 37 37 25 17 17 17 22 22 12 12 8 6 6 8 5 5 6 6 2 3 3 2 3 3 4 4 3 0 0 0 0 0 0 0 0 0 0 0
 52 52 48 43 43 43 24 24 36 36 30 18 18 17 24 24 17 17 20 9 9 17 8 8 9 9 5 2 2 2 1 1 2 2 1 0 0 0 0 0 0 0 0 0 0 0
 52 52 48 43 43 43 24 24 36 36 30 18 18 17 24 24 17 17 20 9 9 17 8 8 9 9 5 2 2 2 1 1 2 2 1 0 0 0 0 0 0 0 0 0 0 0
 23 23 17 17 17 16 17 17 36 36 28 23 23 12 11 11 15 15 20 17 17 19 13 13 12 12 5 2 2 2 0 0 0 0 1 0 0 0 0 0 0 0 0 0 0 0
 42 42 18 15 15 17 18 18 14 14 27 12 12 6 10 10 11 11 10 9 9 16 13 13 9 9 5 2 2 2 0 0 4 4 0 0 0 2 3 3 0 0 0 0 0 0
 42 42 18 15 15 17 18 18 14 14 27 12 12 6 10 10 11 11 10 9 9 16 13 13 9 9 5 2 2 2 0 0 4 4 0 0 0 2 3 3 0 0 0 0 0 0
 45 45 46 40 40 61 15 15 11 11 10 4 4 4 13 13 11 11 11 7 7 16 12 12 11 11 6 3 3 1 0 0 2 2 0 0 0 2 2 2 0 0 0 0 0 0
 45 45 46 40 40 61 15 15 11 11 10 4 4 4 13 13 11 11 11 7 7 16 12 12 11 11 6 3 3 1 0 0 2 2 0 0 0 2 2 2 0 0 0 0 0 0
 61 61 84 77 77 72 71 71 45 45 35 15 15 6 15 15 15 15 17 17 17 18 20 20 10 10 8 6 6 4 2 2 2 2 0 0 0 3 4 4 0 0 1 1 1 1
 56 56 69 76 76 63 75 75 56 56 33 29 29 7 19 19 17 17 18 18 18 21 21 21 14 14 12 9 9 8 7 7 3 3 2 3 3 4 1 1 1 1 1 1 1 3
 56 56 69 76 76 63 75 75 56 56 33 29 29 7 19 19 17 17 18 18 18 21 21 21 14 14 12 9 9 8 7 7 3 3 2 3 3 4 1 1 1 1 1 1 1 3
 59 59 45 49 49 68 72 72 50 50 25 20 20 15 15 15 16 16 18 26 26 27 20 20 19 19 18 15 15 6 3 3 2 2 0 3 3 4 3 3 1 1 1 1 1 1
 45 45 49 48 48 67 78 78 69 69 35 11 11 15 15 15 16 16 16 24 24 23 22 22 13 13 12 7 7 3 0 0 3 3 3 3 3 4 0 0 0 0 0 0 0 1
 45 45 49 48 48 67 78 78 69 69 35 11 11 15 15 15 16 16 16 24 24 23 22 22 13 13 12 7 7 3 0 0 3 3 3 3 3 4 0 0 0 0 0 0 0 1
 32 32 38 40 40 70 78 78 84 84 42 11 11 14 15 15 15 15 15 19 19 21 19 19 10 10 13 4 4 5 4 4 3 3 5 4 4 4 2 2 0 0 0 0 0 0
 32 32 38 40 40 70 78 78 84 84 42 11 11 14 15 15 15 15 15 19 19 21 19 19 10 10 13 4 4 5 4 4 3 3 5 4 4 4 2 2 0 0 0 0 0 0
 28 28 16 15 15 21 24 24 45 45 29 8 8 18 20 20 14 14 16 17 17 24 7 7 9 9 4 2 2 0 6 6 4 4 3 4 4 3 3 3 0 0 0 0 0 1
 26 26 12 9 9 11 16 16 29 29 18 15 15 17 17 17 28 28 26 18 18 39 13 13 4 4 4 3 3 0 2 2 3 3 3 3 3 4 1 1 0 0 0 0 0 1
 26 26 12 9 9 11 16 16 29 29 18 15 15 17 17 17 28 28 26 18 18 39 13 13 4 4 4 3 3 0 2 2 3 3 3 3 3 4 1 1 0 0 0 0 0 1
 24 24 11 6 6 7 9 9 6 6 7 12 12 58 44 44 50 50 29 22 22 20 16 16 12 12 5 2 2 0 0 0 2 2 3 3 3 3 2 2 0 0 0 0 0 0
 24 24 10 8 8 4 5 5 6 6 6 17 17 41 55 55 55 55 18 21 21 15 15 15 13 13 5 0 0 1 1 1 0 0 0 0 0 3 0 0 4 4 0 0 0 0
 24 24 10 8 8 4 5 5 6 6 6 17 17 41 55 55 55 55 18 21 21 15 15 15 13 13 5 0 0 1 1 1 0 0 0 0 0 3 0 0 4 4 0 0 0 0
 9 9 8 9 9 6 6 6 7 7 17 21 21 39 42 42 38 38 16 19 19 16 11 11 7 7 2 2 2 5 8 8 0 0 0 1 1 3 4 4 3 3 0 0 0 0
 9 9 8 9 9 6 6 6 7 7 17 21 21 39 42 42 38 38 16 19 19 16 11 11 7 7 2 2 2 5 8 8 0 0 0 1 1 3 4 4 3 3 0 0 0 0
 11 11 7 10 10 12 12 12 11 11 9 13 13 22 18 18 15 15 10 13 13 14 12 12 5 5 3 3 3 4 6 6 0 0 0 3 3 0 3 3 5 5 3 0 0 0
 8 8 8 7 7 10 11 11 17 17 9 12 12 13 12 12 8 8 9 9 9 23 12 12 2 2 3 5 5 3 3 3 1 1 0 0 0 0 0 0 3 3 0 0 0 0
 8 8 8 7 7 10 11 11 17 17 9 12 12 13 12 12 8 8 9 9 9 23 12 12 2 2 3 5 5 3 3 3 1 1 0 0 0 0 0 0 3 3 0 0 0 0
 9 9 8 9 9 8 10 10 10 10 8 10 10 10 9 9 6 6 7 7 7 16 11 11 6 6 4 5 5 1 2 2 0 0 0 0 0 0 0 0 0 0 0 0 0 0
 10 10 10 10 10 8 9 9 6 6 11 12 12 23 8 8 7 7 9 7 7 22 16 16 8 8 12 9 9 1 0 0 0 0 0 0 0 2 0 0 0 0 0 0 0 0
 10 10 10 10 10 8 9 9 6 6 11 12 12 23 8 8 7 7 9 7 7 22 16 16 8 8 12 9 9 1 0 0 0 0 0 0 0 2 0 0 0 0 0 0 0 0
 9 9 9 8 8 9 23 23 34 34 12 17 17 28 16 16 8 8 9 15 15 31 17 17 17 17 16 8 8 1 0 0 0 0 0 0 0 0 0 0 0 0 0 0 0 0
 9 9 9 8 8 9 23 23 34 34 12 17 17 28 16 16 8 8 9 15 15 31 17 17 17 17 16 8 8 1 0 0 0 0 0 0 0 0 0 0 0 0 0 0 0 0
 7 7 8 9 9 18 27 27 30 30 28 22 22 26 14 14 8 8 6 20 20 34 13 13 17 17 18 8 8 0 0 0 0 0 0 0 0 0 0 0 0 0 0 0 0 0
 9 9 8 6 6 12 17 17 4 4 1 0 0 6 3 3 7 7 4 11 11 26 12 12 30 30 14 11 11 2 2 2 2 2 1 1 1 2 2 2 0 0 0 0 0 0
 9 9 8 6 6 12 17 17 4 4 1 0 0 6 3 3 7 7 4 11 11 26 12 12 30 30 14 11 11 2 2 2 2 2 1 1 1 2 2 2 0 0 0 0 0 0
 5 5 2 2 2 9 11 11 2 2 1 1 1 3 4 4 5 5 3 8 8 5 8 8 15 15 22 9 9 3 1 1 1 1 1 0 0 0 0 0 0 0 0 0 0 0
 1 1 8 5 5 4 3 3 2 2 5 5 5 5 7 7 6 6 3 1 1 1 2 2 18 18 13 5 5 16 13 13 0 0 0 0 0 0 0 0 0 0 0 0 0 0
 1 1 8 5 5 4 3 3 2 2 5 5 5 5 7 7 6 6 3 1 1 1 2 2 18 18 13 5 5 16 13 13 0 0 0 0 0 0 0 0 0 0 0 0 0 0
 6 6 8 5 5 3 2 2 4 4 7 5 5 6 5 5 4 4 1 1 1 1 3 3 4 4 4 3 3 16 11 11 2 2 0 1 1 0 0 0 0 0 0 2 2 0
 6 6 8 5 5 3 2 2 4 4 7 5 5 6 5 5 4 4 1 1 1 1 3 3 4 4 4 3 3 16 11 11 2 2 0 1 1 0 0 0 0 0 0 2 2 0
 3 3 9 3 3 1 2 2 4 4 5 6 6 12 6 6 5 5 2 1 1 1 2 2 2 2 7 5 5 14 9 9 7 7 2 2 2 3 0 0 0 0 0 1 1 0
 5 5 4 1 1 1 6 6 6 6 7 9 9 10 14 14 9 9 3 3 3 3 4 4 5 5 10 10 10 9 9 9 9 9 2 3 3 1 2 2 0 0 0 0 0 1
 5 5 4 1 1 1 6 6 6 6 7 9 9 10 14 14 9 9 3 3 3 3 4 4 5 5 10 10 10 9 9 9 9 9 2 3 3 1 2 2 0 0 0 0 0 1
 5 5 3 2 2 3 9 9 7 7 4 5 5 7 11 11 8 8 4 6 6 10 10 10 8 8 15 12 12 14 14 14 16 16 10 5 5 1 2 2 1 1 4 5 5 8
 12 12 15 6 6 10 15 15 12 12 3 5 5 5 6 6 8 8 8 5 5 8 15 15 35 35 31 27 27 26 40 40 44 44 33 21 21 24 16 16 8 8 5 6 6 6
