assets/RAT_results/precipitation/2023-12-09_IMERG.asc
ncols        46
nrows        77
xllcorner    74.800261325624
yllcorner    8.058333333333
cellsize     0.062500000000
NODATA_value -9999
 41 41 55 50 50 46 32 32 26 26 20 21 21 18 1 1 1 1 1 0 0 0 0 0 0 0 0 1 1 0 0 0 0 0 0 0 0 0 0 0 0 0 0 0 0 0
 40 40 50 45 45 43 42 42 34 34 39 25 25 18 1 1 1 1 0 0 0 0 0 0 0 0 0 0 0 0 0 0 0 0 0 0 0 0 0 0 0 0 0 0 0 0
 40 40 50 45 45 43 42 42 34 34 39 25 25 18 1 1 1 1 0 0 0 0 0 0 0 0 0 0 0 0 0 0 0 0 0 0 0 0 0 0 0 0 0 0 0 0
 41 41 42 48 48 47 43 43 41 41 30 30 30 31 2 2 1 1 0 0 0 0 0 0 0 0 0 0 0 0 0 0 0 0 0 0 0 0 0 0 0 0 0 0 0 0
 37 37 54 52 52 39 43 43 41 41 34 39 39 44 8 8 1 1 1 0 0 0 0 0 0 0 0 0 0 0 0 0 0 0 0 0 0 0 0 0 0 0 0 0 0 0
 37 37 54 52 52 39 43 43 41 41 34 39 39 44 8 8 1 1 1 0 0 0 0 0 0 0 0 0 0 0 0 0 0 0 0 0 0 0 0 0 0 0 0 0 0 0
 37 37 35 42 42 39 32 32 34 34 27 23 23 27 13 13 3 3 2 0 0 0 1 1 0 0 0 0 0 0 0 0 0 0 0 0 0 0 0 0 0 0 0 0 0 0
 37 37 35 42 42 39 32 32 34 34 27 23 23 27 13 13 3 3 2 0 0 0 1 1 0 0 0 0 0 0 0 0 0 0 0 0 0 0 0 0 0 0 0 0 0 0
 56 56 50 47 47 47 42 42 45 45 33 25 25 13 10 10 2 2 1 0 0 1 0 0 0 0 0 0 0 0 0 0 0 0 0 0 0 0 0 0 0 0 0 0 0 0
 58 58 70 57 57 60 54 54 45 45 46 29 29 15 4 4 4 4 1 0 0 0 0 0 0 0 0 0 0 0 0 0 0 0 0 0 0 0 0 0 0 0 0 0 0 0
 58 58 70 57 57 60 54 54 45 45 46 29 29 15 4 4 4 4 1 0 0 0 0 0 0 0 0 0 0 0 0 0 0 0 0 0 0 0 0 0 0 0 0 0 0 0
 61 61 74 74 74 75 58 58 55 55 46 35 35 15 4 4 4 4 1 0 0 0 0 0 0 0 0 0 0 0 0 0 1 1 1 0 0 0 0 0 0 0 0 0 0 0
 54 54 64 65 65 55 55 55 56 56 44 34 34 13 4 4 4 4 0 0 0 0 0 0 0 0 0 0 0 0 0 0 1 1 1 0 0 0 0 0 0 0 0 0 0 0
 54 54 64 65 65 55 55 55 56 56 44 34 34 13 4 4 4 4 0 0 0 0 0 0 0 0 0 0 0 0 0 0 1 1 1 0 0 0 0 0 0 0 0 0 0 0
 40 40 56 59 59 41 51 51 45 45 32 16 16 11 3 3 0 0 0 0 0 0 0 0 0 0 0 0 0 0 0 0 0 0 0 0 0 0 0 0 0 0 0 0 0 0
 40 40 56 59 59 41 51 51 45 45 32 16 16 11 3 3 0 0 0 0 0 0 0 0 0 0 0 0 0 0 0 0 0 0 0 0 0 0 0 0 0 0 0 0 0 0
 33 33 40 43 43 33 29 29 33 33 20 10 10 2 2 2 1 1 1 2 2 1 0 0 0 0 0 0 0 0 0 0 0 0 0 0 0 0 0 0 0 0 0 0 0 0
 30 30 39 39 39 40 27 27 26 26 19 10 10 12 7 7 3 3 2 12 12 4 0 0 0 0 0 0 0 0 0 0 0 0 0 0 0 0 1 1 2 2 2 1 1 0
 30 30 39 39 39 40 27 27 26 26 19 10 10 12 7 7 3 3 2 12 12 4 0 0 0 0 0 0 0 0 0 0 0 0 0 0 0 0 1 1 2 2 2 1 1 0
 27 27 41 39 39 41 39 39 17 17 28 19 19 13 9 9 3 3 3 16 16 5 0 0 0 0 0 0 0 0 0 0 1 1 1 0 0 0 1 1 2 2 1 1 1 1
 28 28 42 47 47 46 42 42 27 27 29 21 21 14 5 5 4 4 4 2 2 1 0 0 0 0 0 0 0 0 0 0 3 3 3 3 3 2 4 4 3 3 0 0 0 1
 28 28 42 47 47 46 42 42 27 27 29 21 21 14 5 5 4 4 4 2 2 1 0 0 0 0 0 0 0 0 0 0 3 3 3 3 3 2 4 4 3 3 0 0 0 1
 28 28 40 59 59 53 55 55 36 36 29 27 27 15 4 4 2 2 2 0 0 0 0 0 0 0 0 0 0 1 1 1 4 4 3 3 3 4 1 1 0 0 0 0 0 0
 28 28 40 59 59 53 55 55 36 36 29 27 27 15 4 4 2 2 2 0 0 0 0 0 0 0 0 0 0 1 1 1 4 4 3 3 3 4 1 1 0 0 0 0 0 0
 38 38 40 57 57 70 73 73 45 45 33 16 16 21 4 4 3 3 2 1 1 0 0 0 0 0 0 0 0 0 0 0 1 1 1 1 1 1 0 0 0 0 0 0 0 0
 32 32 33 56 56 69 66 66 58 58 36 19 19 13 4 4 1 1 1 0 0 0 0 0 0 0 0 0 0 0 0 0 0 0 1 3 3 2 0 0 0 0 0 0 0 0
 32 32 33 56 56 69 66 66 58 58 36 19 19 13 4 4 1 1 1 0 0 0 0 0 0 0 0 0 0 0 0 0 0 0 1 3 3 2 0 0 0 0 0 0 0 0
 29 29 28 50 50 58 50 50 49 49 46 26 26 17 15 15 5 5 1 1 1 0 0 0 0 0 0 0 0 0 0 0 1 1 3 4 4 2 0 0 0 0 0 0 0 0
 11 11 32 36 36 43 48 48 47 47 48 38 38 21 12 12 5 5 2 1 1 0 0 0 0 0 0 0 0 0 0 0 1 1 3 4 4 2 0 0 0 0 0 0 0 0
 11 11 32 36 36 43 48 48 47 47 48 38 38 21 12 12 5 5 2 1 1 0 0 0 0 0 0 0 0 0 0 0 1 1 3 4 4 2 0 0 0 0 0 0 0 0
 1 1 1 12 12 32 27 27 43 43 45 40 40 32 17 17 13 13 3 2 2 1 0 0 1 1 0 0 0 0 1 1 3 3 5 6 6 5 1 1 0 0 0 0 0 0
 1 1 1 12 12 32 27 27 43 43 45 40 40 32 17 17 13 13 3 2 2 1 0 0 1 1 0 0 0 0 1 1 3 3 5 6 6 5 1 1 0 0 0 0 0 0
 1 1 1 2 2 2 26 26 30 30 27 29 29 33 22 22 20 20 7 6 6 1 1 1 1 1 1 1 1 1 2 2 5 5 8 9 9 10 4 4 1 1 0 0 0 0
 2 2 2 4 4 4 10 10 12 12 17 24 24 27 19 19 8 8 7 7 7 6 1 1 2 2 3 4 4 4 4 4 6 6 9 11 11 13 8 8 2 2 0 0 0 0
 2 2 2 4 4 4 10 10 12 12 17 24 24 27 19 19 8 8 7 7 7 6 1 1 2 2 3 4 4 4 4 4 6 6 9 11 11 13 8 8 2 2 0 0 0 0
 3 3 5 7 7 7 10 10 9 9 16 19 19 21 15 15 7 7 5 5 5 1 2 2 2 2 3 3 3 4 5 5 7 7 6 5 5 7 7 7 2 2 0 0 0 0
 4 4 6 7 7 7 10 10 9 9 10 13 13 14 15 15 8 8 3 5 5 1 1 1 2 2 2 2 2 2 3 3 3 3 3 2 2 2 2 2 1 1 1 0 0 0
 4 4 6 7 7 7 10 10 9 9 10 13 13 14 15 15 8 8 3 5 5 1 1 1 2 2 2 2 2 2 3 3 3 3 3 2 2 2 2 2 1 1 1 0 0 0
 7 7 6 7 7 5 9 9 8 8 14 14 14 14 15 15 7 7 3 3 3 1 2 2 2 2 2 2 2 2 1 1 1 1 2 1 1 0 0 0 1 1 1 0 0 0
 7 7 6 7 7 5 9 9 8 8 14 14 14 14 15 15 7 7 3 3 3 1 2 2 2 2 2 2 2 2 1 1 1 1 2 1 1 0 0 0 1 1 1 0 0 0
 16 16 13 10 10 8 9 9 14 14 16 17 17 28 30 30 25 25 24 5 5 5 2 2 3 3 6 8 8 5 2 2 1 1 1 1 1 0 0 0 0 0 0 0 0 0
 13 13 14 13 13 12 13 13 10 10 11 13 13 28 32 32 29 29 25 18 18 6 8 8 11 11 11 23 23 14 5 5 3 3 2 0 0 0 0 0 0 0 0 0 0 0
 13 13 14 13 13 12 13 13 10 10 11 13 13 28 32 32 29 29 25 18 18 6 8 8 11 11 11 23 23 14 5 5 3 3 2 0 0 0 0 0 0 0 0 0 0 0
 12 12 16 19 19 21 21 21 16 16 16 31 31 31 35 35 40 40 40 13 13 18 23 23 17 17 13 15 15 13 11 11 6 6 2 0 0 0 0 0 1 1 1 1 1 0
 10 10 14 18 18 24 22 22 20 20 20 33 33 31 39 39 44 44 40 17 17 17 26 26 29 29 19 21 21 30 27 27 9 9 1 0 0 0 0 0 0 0 1 1 1 2
 10 10 14 18 18 24 22 22 20 20 20 33 33 31 39 39 44 44 40 17 17 17 26 26 29 29 19 21 21 30 27 27 9 9 1 0 0 0 0 0 0 0 1 1 1 2
 9 9 10 19 19 21 29 29 36 36 25 36 36 52 41 41 46 46 45 14 14 17 22 22 35 35 25 28 28 34 29 29 7 7 1 0 0 0 0 0 1 1 2 4 4 6
 9 9 10 19 19 21 29 29 36 36 25 36 36 52 41 41 46 46 45 14 14 17 22 22 35 35 25 28 28 34 29 29 7 7 1 0 0 0 0 0 1 1 2 4 4 6
 9 9 8 10 10 13 21 21 27 27 31 37 37 50 49 49 49 49 32 18 18 19 19 19 18 18 25 31 31 37 20 20 3 3 0 0 0 0 1 1 2 2 5 7 7 12
 11 11 10 9 9 8 9 9 15 15 15 15 15 20 19 19 49 49 25 18 18 19 21 21 15 15 23 27 27 33 20 20 3 3 0 0 0 0 1 1 2 2 5 7 7 14
 11 11 10 9 9 8 9 9 15 15 15 15 15 20 19 19 49 49 25 18 18 19 21 21 15 15 23 27 27 33 20 20 3 3 0 0 0 0 1 1 2 2 5 7 7 14
 11 11 13 10 10 9 6 6 5 5 6 13 13 18 17 17 16 16 11 11 11 12 14 14 12 12 19 23 23 23 11 11 2 2 1 0 0 0 1 1 2 2 2 2 2 8
 16 16 30 14 14 10 3 3 3 3 3 5 5 5 5 5 3 3 3 3 3 11 12 12 8 8 12 16 16 17 9 9 2 2 1 1 1 1 3 3 4 4 2 1 1 7
 16 16 30 14 14 10 3 3 3 3 3 5 5 5 5 5 3 3 3 3 3 11 12 12 8 8 12 16 16 17 9 9 2 2 1 1 1 1 3 3 4 4 2 1 1 7
 25 25 37 38 38 15 3 3 3 3 4 4 4 9 7 7 3 3 2 3 3 3 3 3 4 4 5 8 8 7 3 3 1 1 1 1 1 2 3 3 4 4 2 1 1 1
 25 25 37 38 38 15 3 3 3 3 4 4 4 9 7 7 3 3 2 3 3 3 3 3 4 4 5 8 8 7 3 3 1 1 1 1 1 2 3 3 4 4 2 1 1 1
 20 20 32 41 41 21 5 5 6 6 8 9 9 16 11 11 9 9 3 2 2 2 2 2 5 5 5 6 6 2 2 2 2 2 3 4 4 11 12 12 12 12 12 4 4 4
 8 8 20 42 42 41 17 17 13 13 11 12 12 18 19 19 33 33 8 3 3 2 2 2 3 3 7 6 6 2 5 5 7 7 4 6 6 13 13 13 13 13 15 10 10 9
 8 8 20 42 42 41 17 17 13 13 11 12 12 18 19 19 33 33 8 3 3 2 2 2 3 3 7 6 6 2 5 5 7 7 4 6 6 13 13 13 13 13 15 10 10 9
 10 10 14 35 35 33 26 26 16 16 17 14 14 14 14 14 4 4 23 3 3 2 2 2 1 1 7 8 8 4 5 5 4 4 4 6 6 5 6 6 9 9 24 14 14 11
 16 16 23 32 32 27 25 25 18 18 20 16 16 14 12 12 6 6 4 7 7 5 1 1 4 4 10 7 7 3 6 6 6 6 3 4 4 4 5 5 8 8 16 14 14 14
 16 16 23 32 32 27 25 25 18 18 20 16 16 14 12 12 6 6 4 7 7 5 1 1 4 4 10 7 7 3 6 6 6 6 3 4 4 4 5 5 8 8 16 14 14 14
 14 14 18 21 21 21 21 21 20 20 27 24 24 18 13 13 7 7 4 6 6 4 2 2 1 1 3 7 7 8 4 4 4 4 6 7 7 6 7 7 4 4 7 11 11 13
 14 14 18 21 21 21 21 21 20 20 27 24 24 18 13 13 7 7 4 6 6 4 2 2 1 1 3 7 7 8 4 4 4 4 6 7 7 6 7 7 4 4 7 11 11 13
 14 14 17 20 20 20 19 19 22 22 33 37 37 27 15 15 7 7 3 3 3 2 1 1 1 1 2 9 9 4 3 3 9 9 8 13 13 7 8 8 3 3 5 8 8 10
 11 11 11 12 12 13 14 14 16 16 28 32 32 24 13 13 7 7 4 7 7 6 2 2 2 2 1 3 3 2 6 6 9 9 13 16 16 17 21 21 15 15 15 17 17 17
 11 11 11 12 12 13 14 14 16 16 28 32 32 24 13 13 7 7 4 7 7 6 2 2 2 2 1 3 3 2 6 6 9 9 13 16 16 17 21 21 15 15 15 17 17 17
 4 4 3 4 4 6 9 9 12 12 21 22 22 9 5 5 4 4 3 5 5 7 4 4 2 2 1 1 1 0 5 5 5 5 8 11 11 16 21 21 19 19 20 22 22 20
 1 1 1 2 2 2 3 3 9 9 7 13 13 5 5 5 4 4 4 4 4 6 7 7 5 5 2 1 1 0 1 1 1 1 3 9 9 11 34 34 37 37 26 25 25 8
 1 1 1 2 2 2 3 3 9 9 7 13 13 5 5 5 4 4 4 4 4 6 7 7 5 5 2 1 1 0 1 1 1 1 3 9 9 11 34 34 37 37 26 25 25 8
 1 1 1 1 1 1 1 1 3 3 2 7 7 6 7 7 10 10 6 3 3 5 11 11 7 7 2 1 1 1 0 0 0 0 2 4 4 4 13 13 15 15 19 17 17 3
 1 1 1 1 1 1 1 1 3 3 2 7 7 6 7 7 10 10 6 3 3 5 11 11 7 7 2 1 1 1 0 0 0 0 2 4 4 4 13 13 15 15 19 17 17 3
 1 1 0 0 0 0 1 1 1 1 1 2 2 3 12 12 12 12 7 3 3 3 4 4 4 4 1 1 1 1 0 0 1 1 1 1 1 4 12 12 12 12 16 15 15 1
 1 1 1 1 1 1 1 1 1 1 1 2 2 2 3 3 10 10 8 4 4 2 1 1 1 1 1 1 1 1 1 1 1 1 1 1 1 1 1 1 1 1 1 14 14 1
 1 1 1 1 1 1 1 1 1 1 1 2 2 2 3 3 10 10 8 4 4 2 1 1 1 1 1 1 1 1 1 1 1 1 1 1 1 1 1 1 1 1 1 14 14 1
 1 1 1 2 2 1 0 0 0 0 0 1 1 1 1 1 2 2 3 5 5 1 1 1 1 1 1 1 1 1 1 1 1 1 1 0 0 1 0 0 1 1 1 3 3 2
 0 0 0 1 1 0 0 0 0 0 0 0 0 1 1 1 1 1 1 5 5 1 1 1 1 1 1 1 1 1 1 1 1 1 1 0 0 0 0 0 2 2 4 5 5 5
