assets/RAT_results/precipitation/2023-02-02_IMERG.asc
ncols        46
nrows        77
xllcorner    74.800261325624
yllcorner    8.058333333333
cellsize     0.062500000000
NODATA_value -9999
 0 0 0 0 0 0 0 0 0 0 0 0 0 0 0 0 0 0 0 0 0 0 0 0 0 0 0 0 0 0 0 0 0 0 0 0 0 0 0 0 0 0 0 0 0 0
 0 0 0 0 0 0 0 0 0 0 0 0 0 0 0 0 0 0 0 0 0 0 0 0 0 0 0 0 0 0 0 0 0 0 0 0 0 0 0 0 0 0 0 0 0 0
 0 0 0 0 0 0 0 0 0 0 0 0 0 0 0 0 0 0 0 0 0 0 0 0 0 0 0 0 0 0 0 0 0 0 0 0 0 0 0 0 0 0 0 0 0 0
 0 0 0 0 0 0 0 0 0 0 0 0 0 0 0 0 0 0 0 0 0 0 0 0 0 0 0 0 0 0 0 0 0 0 0 0 0 0 0 0 0 0 0 0 0 0
 0 0 0 0 0 0 0 0 0 0 0 0 0 0 0 0 0 0 0 0 0 0 0 0 0 0 0 0 0 2 0 0 0 0 0 0 0 0 0 0 0 0 0 0 0 0
 0 0 0 0 0 0 0 0 0 0 0 0 0 0 0 0 0 0 0 0 0 0 0 0 0 0 0 0 0 2 0 0 0 0 0 0 0 0 0 0 0 0 0 0 0 0
 0 0 0 0 0 0 0 0 0 0 0 0 0 0 0 0 0 0 0 0 0 0 0 0 0 0 0 0 0 6 8 8 0 0 0 0 0 0 0 0 0 0 0 0 0 0
 0 0 0 0 0 0 0 0 0 0 0 0 0 0 0 0 0 0 0 0 0 0 0 0 0 0 0 0 0 6 8 8 0 0 0 0 0 0 0 0 0 0 0 0 0 0
 0 0 0 0 0 0 0 0 0 0 0 0 0 0 0 0 0 0 0 0 0 0 0 0 0 0 0 0 0 8 7 7 0 0 0 0 0 0 0 0 0 0 0 0 0 0
 0 0 0 0 0 0 0 0 0 0 0 0 0 0 0 0 0 0 0 0 0 0 0 0 0 0 0 0 0 3 0 0 0 0 0 0 0 0 0 0 0 0 0 0 0 0
 0 0 0 0 0 0 0 0 0 0 0 0 0 0 0 0 0 0 0 0 0 0 0 0 0 0 0 0 0 3 0 0 0 0 0 0 0 0 0 0 0 0 0 0 0 0
 0 0 0 0 0 0 0 0 0 0 0 0 0 0 0 0 0 0 0 0 0 0 0 0 0 0 0 0 0 0 0 0 0 0 0 0 0 0 0 0 0 0 0 0 0 0
 0 0 0 0 0 0 0 0 0 0 0 0 0 0 0 0 0 0 0 1 1 0 0 0 0 0 0 0 0 0 0 0 0 0 0 0 0 0 4 4 0 0 0 0 0 0
 0 0 0 0 0 0 0 0 0 0 0 0 0 0 0 0 0 0 0 1 1 0 0 0 0 0 0 0 0 0 0 0 0 0 0 0 0 0 4 4 0 0 0 0 0 0
 0 0 0 0 0 0 0 0 0 0 0 0 0 0 0 0 0 0 0 0 0 0 0 0 4 4 0 0 0 0 5 5 0 0 0 0 0 0 0 0 0 0 0 0 0 0
 0 0 0 0 0 0 0 0 0 0 0 0 0 0 0 0 0 0 0 0 0 0 0 0 4 4 0 0 0 0 5 5 0 0 0 0 0 0 0 0 0 0 0 0 0 0
 0 0 0 0 0 0 0 0 0 0 0 0 0 0 0 0 0 0 0 0 0 0 0 0 0 0 0 0 0 0 0 0 0 0 0 0 0 0 0 0 0 0 0 0 0 0
 0 0 0 0 0 0 0 0 0 0 0 0 0 0 0 0 0 0 0 1 1 2 0 0 0 0 0 0 0 0 0 0 0 0 0 0 0 0 0 0 0 0 0 0 0 0
 0 0 0 0 0 0 0 0 0 0 0 0 0 0 0 0 0 0 0 1 1 2 0 0 0 0 0 0 0 0 0 0 0 0 0 0 0 0 0 0 0 0 0 0 0 0
 0 0 0 0 0 0 0 0 0 0 0 0 0 0 0 0 0 0 0 4 4 1 0 0 0 0 0 0 0 0 0 0 0 0 0 0 0 0 0 0 0 0 0 0 0 0
 0 0 0 0 0 0 0 0 0 0 0 0 0 0 0 0 0 0 0 0 0 2 0 0 0 0 0 0 0 0 0 0 0 0 0 1 1 0 1 1 0 0 0 0 0 0
 0 0 0 0 0 0 0 0 0 0 0 0 0 0 0 0 0 0 0 0 0 2 0 0 0 0 0 0 0 0 0 0 0 0 0 1 1 0 1 1 0 0 0 0 0 0
 0 0 0 0 0 1 0 0 0 0 1 1 1 1 1 1 0 0 0 1 1 0 0 0 0 0 0 0 0 1 1 1 1 1 2 6 6 2 5 5 1 1 0 0 0 0
 0 0 0 0 0 1 0 0 0 0 1 1 1 1 1 1 0 0 0 1 1 0 0 0 0 0 0 0 0 1 1 1 1 1 2 6 6 2 5 5 1 1 0 0 0 0
 0 0 1 1 1 1 0 0 0 0 2 3 3 2 2 2 3 3 2 3 3 1 0 0 0 0 0 0 0 0 0 0 1 1 1 1 1 0 1 1 0 0 0 0 0 0
 0 0 0 1 1 2 1 1 0 0 1 1 1 1 3 3 9 9 7 6 6 1 0 0 0 0 0 0 0 1 0 0 0 0 0 0 0 0 0 0 0 0 0 0 0 13
 0 0 0 1 1 2 1 1 0 0 1 1 1 1 3 3 9 9 7 6 6 1 0 0 0 0 0 0 0 1 0 0 0 0 0 0 0 0 0 0 0 0 0 0 0 13
 0 0 0 0 0 1 1 1 0 0 0 1 1 0 1 1 7 7 3 2 2 1 0 0 0 0 0 0 0 1 0 0 0 0 0 0 0 0 0 0 0 0 0 0 0 0
 0 0 0 0 0 0 0 0 0 0 1 2 2 2 1 1 1 1 1 0 0 0 0 0 0 0 1 0 0 0 0 0 0 0 1 0 0 1 0 0 0 0 0 2 2 0
 0 0 0 0 0 0 0 0 0 0 1 2 2 2 1 1 1 1 1 0 0 0 0 0 0 0 1 0 0 0 0 0 0 0 1 0 0 1 0 0 0 0 0 2 2 0
 0 0 0 0 0 0 0 0 0 0 0 1 1 4 3 3 2 2 2 1 1 0 1 1 1 1 0 0 0 0 0 0 0 0 1 1 1 4 2 2 1 1 1 1 1 1
 0 0 0 0 0 0 0 0 0 0 0 1 1 4 3 3 2 2 2 1 1 0 1 1 1 1 0 0 0 0 0 0 0 0 1 1 1 4 2 2 1 1 1 1 1 1
 0 0 0 0 0 0 0 0 0 0 0 1 1 2 5 5 7 7 5 4 4 1 1 1 2 2 1 1 1 1 1 1 1 1 1 3 3 4 5 5 2 2 1 13 13 2
 0 0 0 0 0 0 0 0 1 1 1 2 2 3 2 2 3 3 7 6 6 2 3 3 6 6 4 5 5 3 6 6 4 4 4 3 3 5 5 5 5 5 3 2 2 2
 0 0 0 0 0 0 0 0 1 1 1 2 2 3 2 2 3 3 7 6 6 2 3 3 6 6 4 5 5 3 6 6 4 4 4 3 3 5 5 5 5 5 3 2 2 2
 0 0 0 0 0 0 0 0 1 1 2 2 2 4 2 2 3 3 11 10 10 6 7 7 9 9 6 15 15 9 11 11 7 7 3 3 3 4 8 8 7 7 9 6 6 6
 1 1 1 2 2 1 1 1 1 1 2 2 2 1 1 1 2 2 6 6 6 7 8 8 18 18 12 12 12 8 7 7 11 11 2 6 6 8 12 12 12 12 20 21 21 23
 1 1 1 2 2 1 1 1 1 1 2 2 2 1 1 1 2 2 6 6 6 7 8 8 18 18 12 12 12 8 7 7 11 11 2 6 6 8 12 12 12 12 20 21 21 23
 4 4 1 2 2 2 2 2 4 4 5 4 4 2 1 1 1 1 3 6 6 8 9 9 19 19 9 13 13 11 8 8 9 9 3 3 3 6 10 10 9 9 23 29 29 34
 4 4 1 2 2 2 2 2 4 4 5 4 4 2 1 1 1 1 3 6 6 8 9 9 19 19 9 13 13 11 8 8 9 9 3 3 3 6 10 10 9 9 23 29 29 34
 2 2 2 4 4 3 6 6 7 7 7 3 3 4 2 2 1 1 2 5 5 7 7 7 13 13 19 24 24 14 11 11 10 10 5 11 11 13 7 7 6 6 19 29 29 35
 3 3 3 5 5 5 6 6 7 7 6 3 3 3 2 2 1 1 1 1 1 4 5 5 6 6 9 16 16 11 7 7 5 5 9 11 11 15 10 10 12 12 15 33 33 37
 3 3 3 5 5 5 6 6 7 7 6 3 3 3 2 2 1 1 1 1 1 4 5 5 6 6 9 16 16 11 7 7 5 5 9 11 11 15 10 10 12 12 15 33 33 37
 2 2 1 3 3 5 8 8 7 7 5 7 7 5 3 3 2 2 2 2 2 2 3 3 2 2 7 7 7 4 4 4 5 5 14 22 22 12 17 17 21 21 21 25 25 19
 2 2 1 1 1 3 6 6 6 6 3 3 3 5 3 3 4 4 5 6 6 4 7 7 5 5 5 8 8 8 7 7 6 6 11 14 14 17 22 22 17 17 24 21 21 17
 2 2 1 1 1 3 6 6 6 6 3 3 3 5 3 3 4 4 5 6 6 4 7 7 5 5 5 8 8 8 7 7 6 6 11 14 14 17 22 22 17 17 24 21 21 17
 6 6 3 2 2 5 7 7 3 3 2 1 1 3 3 3 4 4 5 7 7 5 6 6 8 8 7 10 10 11 10 10 5 5 4 9 9 17 19 19 15 15 11 18 18 17
 6 6 3 2 2 5 7 7 3 3 2 1 1 3 3 3 4 4 5 7 7 5 6 6 8 8 7 10 10 11 10 10 5 5 4 9 9 17 19 19 15 15 11 18 18 17
 8 8 5 5 5 3 4 4 2 2 4 2 2 2 2 2 3 3 7 3 3 2 4 4 6 6 5 8 8 7 4 4 4 4 2 5 5 11 10 10 7 7 16 23 23 16
 8 8 6 5 5 2 3 3 3 3 5 4 4 1 1 1 2 2 4 1 1 1 1 1 3 3 5 8 8 3 6 6 7 7 3 5 5 10 11 11 6 6 8 14 14 14
 8 8 6 5 5 2 3 3 3 3 5 4 4 1 1 1 2 2 4 1 1 1 1 1 3 3 5 8 8 3 6 6 7 7 3 5 5 10 11 11 6 6 8 14 14 14
 6 6 6 4 4 2 2 2 2 2 4 3 3 1 2 2 2 2 3 3 3 3 4 4 4 4 6 4 4 4 4 4 4 4 5 8 8 6 5 5 9 9 10 8 8 15
 4 4 5 4 4 2 1 1 1 1 2 2 2 2 2 2 3 3 3 4 4 4 3 3 5 5 5 5 5 3 4 4 4 4 5 6 6 8 7 7 8 8 15 12 12 21
 4 4 5 4 4 2 1 1 1 1 2 2 2 2 2 2 3 3 3 4 4 4 3 3 5 5 5 5 5 3 4 4 4 4 5 6 6 8 7 7 8 8 15 12 12 21
 4 4 3 5 5 4 2 2 1 1 2 2 2 2 3 3 5 5 5 3 3 5 4 4 8 8 4 6 6 3 3 3 3 3 3 3 3 5 3 3 5 5 12 12 12 12
 4 4 3 5 5 4 2 2 1 1 2 2 2 2 3 3 5 5 5 3 3 5 4 4 8 8 4 6 6 3 3 3 3 3 3 3 3 5 3 3 5 5 12 12 12 12
 5 5 5 5 5 8 4 4 2 2 1 1 1 2 4 4 4 4 3 6 6 4 5 5 5 5 5 4 4 4 3 3 4 4 3 3 3 3 3 3 7 7 10 8 8 5
 3 3 3 4 4 9 4 4 4 4 2 2 2 2 5 5 3 3 4 5 5 5 7 7 6 6 9 4 4 3 2 2 3 3 4 7 7 7 2 2 7 7 5 6 6 5
 3 3 3 4 4 9 4 4 4 4 2 2 2 2 5 5 3 3 4 5 5 5 7 7 6 6 9 4 4 3 2 2 3 3 4 7 7 7 2 2 7 7 5 6 6 5
 3 3 4 3 3 6 4 4 3 3 3 5 5 2 4 4 6 6 8 10 10 13 7 7 10 10 8 5 5 4 4 4 5 5 5 10 10 12 3 3 8 8 9 7 7 6
 7 7 8 9 9 11 9 9 7 7 6 4 4 3 3 3 6 6 6 6 6 11 7 7 12 12 10 10 10 9 6 6 6 6 7 12 12 13 10 10 17 17 14 9 9 9
 7 7 8 9 9 11 9 9 7 7 6 4 4 3 3 3 6 6 6 6 6 11 7 7 12 12 10 10 10 9 6 6 6 6 7 12 12 13 10 10 17 17 14 9 9 9
 6 6 5 4 4 5 4 4 3 3 3 2 2 2 2 2 3 3 3 4 4 8 6 6 8 8 7 7 7 11 13 13 11 11 20 13 13 18 23 23 21 21 25 21 21 18
 6 6 5 4 4 5 4 4 3 3 3 2 2 2 2 2 3 3 3 4 4 8 6 6 8 8 7 7 7 11 13 13 11 11 20 13 13 18 23 23 21 21 25 21 21 18
 12 12 8 4 4 3 3 3 3 3 3 2 2 2 3 3 5 5 4 4 4 6 4 4 5 5 5 9 9 9 15 15 13 13 19 15 15 21 27 27 25 25 28 28 28 28
 4 4 3 3 3 4 3 3 3 3 3 3 3 3 3 3 4 4 3 3 3 4 4 4 6 6 6 10 10 11 13 13 21 21 18 24 24 21 17 17 18 18 19 18 18 21
 4 4 3 3 3 4 3 3 3 3 3 3 3 3 3 3 4 4 3 3 3 4 4 4 6 6 6 10 10 11 13 13 21 21 18 24 24 21 17 17 18 18 19 18 18 21
 2 2 3 4 4 6 4 4 3 3 3 4 4 5 5 5 5 5 5 5 5 5 6 6 8 8 13 14 14 13 20 20 17 17 13 21 21 14 13 13 13 13 17 16 16 16
 2 2 4 4 4 4 3 3 3 3 4 7 7 9 7 7 7 7 7 6 6 6 5 5 7 7 13 18 18 18 17 17 25 25 15 19 19 16 15 15 27 27 24 22 22 26
 2 2 4 4 4 4 3 3 3 3 4 7 7 9 7 7 7 7 7 6 6 6 5 5 7 7 13 18 18 18 17 17 25 25 15 19 19 16 15 15 27 27 24 22 22 26
 4 4 5 6 6 4 4 4 5 5 8 9 9 7 7 7 9 9 8 7 7 8 8 8 8 8 14 17 17 18 15 15 15 15 9 13 13 10 10 10 17 17 23 21 21 20
 4 4 5 6 6 4 4 4 5 5 8 9 9 7 7 7 9 9 8 7 7 8 8 8 8 8 14 17 17 18 15 15 15 15 9 13 13 10 10 10 17 17 23 21 21 20
 7 7 6 6 6 5 5 5 7 7 9 8 8 7 7 7 8 8 7 7 7 9 8 8 8 8 11 14 14 20 15 15 13 13 12 13 13 8 9 9 6 6 14 17 17 11
 5 5 6 8 8 7 6 6 7 7 9 10 10 8 8 8 8 8 7 7 7 7 10 10 11 11 12 12 12 19 25 25 14 14 9 9 9 7 8 8 7 7 6 7 7 14
 5 5 6 8 8 7 6 6 7 7 9 10 10 8 8 8 8 8 7 7 7 7 10 10 11 11 12 12 12 19 25 25 14 14 9 9 9 7 8 8 7 7 6 7 7 14
 4 4 4 8 8 7 8 8 9 9 12 15 15 12 13 13 13 13 9 9 9 9 13 13 9 9 11 14 14 21 23 23 22 22 11 17 17 15 16 16 12 12 15 17 17 15
 4 4 5 8 8 4 5 5 6 6 6 8 8 8 9 9 14 14 8 8 8 8 10 10 8 8 16 16 16 17 19 19 20 20 21 23 23 27 31 31 19 19 23 22 22 17
