assets/RAT_results/precipitation/2023-10-02_IMERG.asc
ncols        46
nrows        77
xllcorner    74.800261325624
yllcorner    8.058333333333
cellsize     0.062500000000
NODATA_value -9999
 0 0 0 0 0 0 0 0 0 0 0 0 0 0 0 0 0 0 0 0 0 0 0 0 0 0 0 0 0 0 0 0 0 0 0 0 0 0 0 0 0 0 0 0 0 0
 0 0 0 0 0 0 0 0 0 0 0 0 0 0 0 0 0 0 0 0 0 0 0 0 0 0 0 0 0 0 0 0 0 0 0 0 0 0 0 0 0 0 0 0 0 0
 0 0 0 0 0 0 0 0 0 0 0 0 0 0 0 0 0 0 0 0 0 0 0 0 0 0 0 0 0 0 0 0 0 0 0 0 0 0 0 0 0 0 0 0 0 0
 0 0 0 0 0 0 0 0 0 0 0 0 0 0 0 0 0 0 0 0 0 0 0 0 0 0 0 0 0 0 0 0 0 0 0 0 0 0 0 0 0 0 0 0 0 0
 0 0 0 0 0 0 0 0 0 0 0 0 0 0 0 0 0 0 0 0 0 0 0 0 0 0 0 0 0 0 0 0 0 0 0 0 0 0 0 0 0 0 0 0 0 0
 0 0 0 0 0 0 0 0 0 0 0 0 0 0 0 0 0 0 0 0 0 0 0 0 0 0 0 0 0 0 0 0 0 0 0 0 0 0 0 0 0 0 0 0 0 0
 0 0 0 0 0 0 0 0 0 0 0 0 0 0 0 0 0 0 0 0 0 0 0 0 0 0 0 0 0 0 0 0 0 0 0 0 0 0 0 0 0 0 0 0 0 0
 0 0 0 0 0 0 0 0 0 0 0 0 0 0 0 0 0 0 0 0 0 0 0 0 0 0 0 0 0 0 0 0 0 0 0 0 0 0 0 0 0 0 0 0 0 0
 0 0 0 0 0 0 0 0 0 0 0 0 0 0 0 0 0 0 0 0 0 0 0 0 0 0 0 0 0 0 0 0 0 0 0 0 0 0 0 0 0 0 0 0 0 0
 0 0 0 0 0 0 0 0 0 0 0 0 0 0 0 0 0 0 0 0 0 0 0 0 0 0 0 0 0 0 0 0 0 0 0 0 0 0 0 0 0 0 0 0 0 0
 0 0 0 0 0 0 0 0 0 0 0 0 0 0 0 0 0 0 0 0 0 0 0 0 0 0 0 0 0 0 0 0 0 0 0 0 0 0 0 0 0 0 0 0 0 0
 1 1 1 1 1 0 0 0 0 0 0 0 0 0 0 0 0 0 0 0 0 0 0 0 0 0 0 0 0 0 0 0 0 0 0 0 0 0 0 0 0 0 0 0 0 0
 1 1 1 1 1 0 0 0 0 0 0 0 0 0 0 0 0 0 0 0 0 0 0 0 0 0 0 0 0 0 0 0 0 0 0 0 0 0 0 0 0 0 0 0 0 0
 1 1 1 1 1 0 0 0 0 0 0 0 0 0 0 0 0 0 0 0 0 0 0 0 0 0 0 0 0 0 0 0 0 0 0 0 0 0 0 0 0 0 0 0 0 0
 0 0 0 1 1 0 0 0 0 0 0 0 0 0 0 0 0 0 0 0 0 0 0 0 0 0 0 0 0 0 0 0 0 0 0 0 0 0 0 0 0 0 0 0 0 0
 0 0 0 1 1 0 0 0 0 0 0 0 0 0 0 0 0 0 0 0 0 0 0 0 0 0 0 0 0 0 0 0 0 0 0 0 0 0 0 0 0 0 0 0 0 0
 0 0 0 0 0 0 0 0 0 0 0 0 0 0 0 0 0 0 0 0 0 0 0 0 0 0 0 0 0 0 0 0 0 0 0 0 0 0 0 0 0 0 0 0 0 0
 0 0 0 0 0 0 0 0 1 1 1 1 1 1 1 1 0 0 0 0 0 0 0 0 0 0 0 0 0 0 0 0 0 0 0 0 0 0 0 0 0 0 0 0 0 0
 0 0 0 0 0 0 0 0 1 1 1 1 1 1 1 1 0 0 0 0 0 0 0 0 0 0 0 0 0 0 0 0 0 0 0 0 0 0 0 0 0 0 0 0 0 0
 0 0 0 0 0 0 0 0 1 1 2 3 3 2 1 1 0 0 0 0 0 0 0 0 0 0 0 0 0 0 0 0 0 0 0 0 0 0 0 0 0 0 0 0 0 0
 1 1 0 0 0 0 0 0 0 0 1 3 3 2 1 1 1 1 0 0 0 0 0 0 0 0 0 0 0 0 0 0 0 0 0 0 0 0 0 0 0 0 0 0 0 0
 1 1 0 0 0 0 0 0 0 0 1 3 3 2 1 1 1 1 0 0 0 0 0 0 0 0 0 0 0 0 0 0 0 0 0 0 0 0 0 0 0 0 0 0 0 0
 0 0 0 0 0 0 1 1 1 1 0 1 1 2 1 1 1 1 0 0 0 0 0 0 0 0 0 0 0 0 0 0 0 0 0 0 0 0 0 0 0 0 0 0 0 0
 0 0 0 0 0 0 1 1 1 1 0 1 1 2 1 1 1 1 0 0 0 0 0 0 0 0 0 0 0 0 0 0 0 0 0 0 0 0 0 0 0 0 0 0 0 0
 1 1 3 3 3 1 1 1 0 0 0 0 0 1 1 1 1 1 0 0 0 0 0 0 0 0 0 0 0 0 0 0 0 0 0 0 0 0 0 0 0 0 0 0 0 0
 2 2 4 3 3 2 2 2 2 2 3 1 1 2 1 1 1 1 1 1 1 0 0 0 0 0 0 0 0 0 0 0 0 0 0 0 0 0 0 0 0 0 0 0 0 0
 2 2 4 3 3 2 2 2 2 2 3 1 1 2 1 1 1 1 1 1 1 0 0 0 0 0 0 0 0 0 0 0 0 0 0 0 0 0 0 0 0 0 0 0 0 0
 2 2 2 1 1 1 2 2 4 4 4 2 2 2 2 2 1 1 1 2 2 2 1 1 0 0 0 0 0 0 0 0 0 0 0 0 0 0 0 0 0 0 0 0 0 0
 4 4 5 3 3 3 3 3 5 5 5 4 4 3 9 9 3 3 2 2 2 2 1 1 0 0 0 0 0 0 0 0 0 0 0 0 0 0 0 0 0 0 0 0 0 0
 4 4 5 3 3 3 3 3 5 5 5 4 4 3 9 9 3 3 2 2 2 2 1 1 0 0 0 0 0 0 0 0 0 0 0 0 0 0 0 0 0 0 0 0 0 0
 3 3 4 5 5 4 4 4 3 3 5 4 4 4 10 10 7 7 7 5 5 4 1 1 0 0 0 0 0 0 0 0 0 0 0 0 0 0 0 0 0 0 0 0 0 0
 3 3 4 5 5 4 4 4 3 3 5 4 4 4 10 10 7 7 7 5 5 4 1 1 0 0 0 0 0 0 0 0 0 0 0 0 0 0 0 0 0 0 0 0 0 0
 1 1 2 3 3 3 2 2 2 2 3 5 5 5 5 5 7 7 10 6 6 5 1 1 0 0 0 1 1 0 0 0 0 0 0 0 0 0 0 0 0 0 0 0 0 0
 0 0 0 1 1 1 1 1 1 1 2 4 4 4 9 9 7 7 4 5 5 6 3 3 2 2 2 1 1 3 7 7 7 7 3 0 0 0 0 0 0 0 0 0 0 0
 0 0 0 1 1 1 1 1 1 1 2 4 4 4 9 9 7 7 4 5 5 6 3 3 2 2 2 1 1 3 7 7 7 7 3 0 0 0 0 0 0 0 0 0 0 0
 1 1 1 1 1 1 1 1 3 3 3 8 8 11 11 11 6 6 3 3 3 3 3 3 4 4 3 5 5 5 6 6 7 7 3 5 5 0 0 0 0 0 0 0 0 0
 3 3 2 1 1 1 2 2 3 3 3 8 8 6 5 5 3 3 2 2 2 1 1 1 2 2 1 4 4 7 11 11 11 11 5 5 5 0 0 0 0 0 0 0 0 0
 3 3 2 1 1 1 2 2 3 3 3 8 8 6 5 5 3 3 2 2 2 1 1 1 2 2 1 4 4 7 11 11 11 11 5 5 5 0 0 0 0 0 0 0 0 0
 7 7 4 2 2 1 3 3 5 5 5 2 2 6 2 2 2 2 2 2 2 1 1 1 1 1 1 1 1 7 6 6 10 10 3 3 3 1 1 1 0 0 0 0 0 0
 7 7 4 2 2 1 3 3 5 5 5 2 2 6 2 2 2 2 2 2 2 1 1 1 1 1 1 1 1 7 6 6 10 10 3 3 3 1 1 1 0 0 0 0 0 0
 3 3 4 1 1 1 3 3 4 4 9 4 4 1 2 2 2 2 3 3 3 3 2 2 2 2 2 2 2 5 1 1 7 7 2 3 3 3 1 1 0 0 0 0 0 0
 2 2 2 1 1 2 3 3 6 6 10 8 8 4 3 3 5 5 5 6 6 12 8 8 2 2 2 0 0 1 0 0 0 0 0 1 1 2 1 1 0 0 0 0 0 0
 2 2 2 1 1 2 3 3 6 6 10 8 8 4 3 3 5 5 5 6 6 12 8 8 2 2 2 0 0 1 0 0 0 0 0 1 1 2 1 1 0 0 0 0 0 0
 3 3 3 2 2 2 2 2 3 3 3 4 4 6 5 5 7 7 8 6 6 9 10 10 5 5 2 0 0 1 0 0 0 0 0 0 0 1 0 0 0 0 0 0 0 0
 3 3 3 2 2 3 3 3 2 2 2 3 3 4 6 6 8 8 8 4 4 6 11 11 2 2 1 0 0 1 1 1 0 0 0 0 0 0 0 0 0 0 0 0 0 0
 3 3 3 2 2 3 3 3 2 2 2 3 3 4 6 6 8 8 8 4 4 6 11 11 2 2 1 0 0 1 1 1 0 0 0 0 0 0 0 0 0 0 0 0 0 0
 3 3 2 2 2 4 6 6 4 4 3 2 2 3 5 5 5 5 5 12 12 10 11 11 2 2 3 1 1 3 2 2 4 4 0 0 0 0 0 0 0 0 0 0 0 0
 3 3 2 2 2 4 6 6 4 4 3 2 2 3 5 5 5 5 5 12 12 10 11 11 2 2 3 1 1 3 2 2 4 4 0 0 0 0 0 0 0 0 0 0 0 0
 6 6 4 3 3 4 5 5 7 7 4 3 3 2 3 3 3 3 3 10 10 10 12 12 12 12 12 15 15 15 8 8 4 4 0 2 2 0 0 0 0 0 0 0 0 0
 5 5 8 8 8 3 4 4 4 4 3 3 3 2 1 1 1 1 1 2 2 9 8 8 19 19 19 16 16 15 10 10 10 10 2 2 2 0 0 0 0 0 0 0 0 0
 5 5 8 8 8 3 4 4 4 4 3 3 3 2 1 1 1 1 1 2 2 9 8 8 19 19 19 16 16 15 10 10 10 10 2 2 2 0 0 0 0 0 0 0 0 0
 1 1 3 3 3 2 2 2 3 3 3 2 2 3 2 2 1 1 1 2 2 3 8 8 17 17 20 28 28 28 5 5 5 5 3 3 3 0 0 0 0 0 0 0 0 0
 0 0 1 1 1 2 3 3 4 4 3 3 3 3 3 3 2 2 2 2 2 2 3 3 2 2 4 7 7 27 6 6 5 5 2 3 3 3 1 1 0 0 0 0 0 0
 0 0 1 1 1 2 3 3 4 4 3 3 3 3 3 3 2 2 2 2 2 2 3 3 2 2 4 7 7 27 6 6 5 5 2 3 3 3 1 1 0 0 0 0 0 0
 1 1 1 1 1 2 2 2 3 3 3 4 4 3 3 3 3 3 4 3 3 4 4 4 2 2 4 3 3 5 3 3 5 5 4 3 3 4 1 1 0 0 0 0 0 0
 1 1 1 1 1 2 2 2 3 3 3 4 4 3 3 3 3 3 4 3 3 4 4 4 2 2 4 3 3 5 3 3 5 5 4 3 3 4 1 1 0 0 0 0 0 0
 1 1 1 1 1 2 2 2 2 2 2 2 2 1 2 2 2 2 3 1 1 2 2 2 1 1 1 1 1 1 2 2 2 2 2 1 1 0 0 0 0 0 0 0 0 0
 1 1 1 1 1 1 5 5 2 2 3 2 2 1 1 1 1 1 3 3 3 3 1 1 0 0 0 0 0 0 0 0 1 1 2 2 2 1 0 0 0 0 0 0 0 0
 1 1 1 1 1 1 5 5 2 2 3 2 2 1 1 1 1 1 3 3 3 3 1 1 0 0 0 0 0 0 0 0 1 1 2 2 2 1 0 0 0 0 0 0 0 0
 7 7 4 7 7 6 4 4 3 3 1 1 1 1 1 1 1 1 1 1 1 1 1 1 0 0 0 0 0 0 0 0 1 1 1 1 1 1 0 0 0 0 0 0 0 0
 8 8 8 5 5 5 3 3 3 3 1 1 1 1 1 1 2 2 2 2 2 2 1 1 1 1 1 1 1 1 0 0 0 0 1 1 1 1 0 0 0 0 0 0 0 0
 8 8 8 5 5 5 3 3 3 3 1 1 1 1 1 1 2 2 2 2 2 2 1 1 1 1 1 1 1 1 0 0 0 0 1 1 1 1 0 0 0 0 0 0 0 0
 3 3 3 4 4 5 4 4 2 2 1 1 1 1 1 1 2 2 3 4 4 4 4 4 3 3 3 4 4 3 2 2 1 1 1 1 1 1 1 1 0 0 0 0 0 0
 3 3 3 4 4 5 4 4 2 2 1 1 1 1 1 1 2 2 3 4 4 4 4 4 3 3 3 4 4 3 2 2 1 1 1 1 1 1 1 1 0 0 0 0 0 0
 3 3 3 5 5 6 6 6 6 6 2 2 2 2 2 2 3 3 4 6 6 6 7 7 5 5 5 4 4 6 4 4 3 3 1 1 1 1 1 1 0 0 0 0 0 0
 3 3 4 6 6 8 11 11 8 8 10 9 9 9 5 5 9 9 10 11 11 10 10 10 9 9 9 12 12 16 15 15 10 10 8 2 2 1 1 1 0 0 0 0 0 0
 3 3 4 6 6 8 11 11 8 8 10 9 9 9 5 5 9 9 10 11 11 10 10 10 9 9 9 12 12 16 15 15 10 10 8 2 2 1 1 1 0 0 0 0 0 0
 4 4 5 9 9 11 15 15 12 12 10 9 9 10 7 7 40 40 17 16 16 17 19 19 27 27 25 30 30 27 38 38 32 32 15 5 5 2 1 1 1 1 1 1 1 1
 3 3 3 6 6 5 5 5 12 12 14 22 22 55 38 38 41 41 19 19 19 25 30 30 33 33 34 37 37 35 36 36 43 43 34 25 25 19 15 15 8 8 3 3 3 3
 3 3 3 6 6 5 5 5 12 12 14 22 22 55 38 38 41 41 19 19 19 25 30 30 33 33 34 37 37 35 36 36 43 43 34 25 25 19 15 15 8 8 3 3 3 3
 3 3 4 4 4 4 5 5 12 12 13 23 23 56 32 32 25 25 20 27 27 33 41 41 42 42 47 85 85 197 88 88 78 78 67 63 63 33 25 25 14 14 7 8 8 6
 3 3 4 4 4 4 5 5 12 12 13 23 23 56 32 32 25 25 20 27 27 33 41 41 42 42 47 85 85 197 88 88 78 78 67 63 63 33 25 25 14 14 7 8 8 6
 4 4 3 3 3 4 5 5 12 12 14 19 19 37 37 37 31 31 24 28 28 30 37 37 40 40 89 95 95 207 247 247 238 238 98 95 95 105 66 66 51 51 23 22 22 13
 5 5 5 5 5 4 5 5 11 11 7 11 11 17 18 18 27 27 25 28 28 38 46 46 51 51 67 80 80 253 284 284 280 280 141 312 312 190 116 116 78 78 41 34 34 22
 5 5 5 5 5 4 5 5 11 11 7 11 11 17 18 18 27 27 25 28 28 38 46 46 51 51 67 80 80 253 284 284 280 280 141 312 312 190 116 116 78 78 41 34 34 22
 8 8 8 9 9 8 7 7 7 7 7 8 8 8 8 8 13 13 15 20 20 30 35 35 35 35 44 58 58 56 57 57 123 123 69 308 308 308 112 112 107 107 75 56 56 46
 14 14 16 16 16 12 11 11 12 12 11 14 14 8 5 5 6 6 9 12 12 17 19 19 21 21 32 38 38 35 42 42 63 63 66 60 60 65 70 70 108 108 72 80 80 76
