assets/RAT_results/precipitation/2023-05-02_IMERG.asc
ncols        46
nrows        77
xllcorner    74.800261325624
yllcorner    8.058333333333
cellsize     0.062500000000
NODATA_value -9999
 0 0 0 0 0 0 0 0 0 0 0 0 0 0 0 0 0 0 0 3 3 3 5 5 7 7 5 8 8 12 17 17 24 24 31 25 25 33 41 41 41 41 24 16 16 15
 1 1 0 0 0 0 1 1 1 1 0 0 0 0 0 0 0 0 0 1 1 2 4 4 4 4 4 8 8 11 13 13 19 19 27 23 23 34 31 31 45 45 26 18 18 16
 1 1 0 0 0 0 1 1 1 1 0 0 0 0 0 0 0 0 0 1 1 2 4 4 4 4 4 8 8 11 13 13 19 19 27 23 23 34 31 31 45 45 26 18 18 16
 2 2 1 0 0 0 1 1 0 0 0 0 0 0 0 0 0 0 1 1 1 0 0 0 0 0 0 4 4 7 11 11 20 20 19 27 27 30 32 32 16 16 27 24 24 22
 2 2 2 1 1 0 0 0 0 0 0 0 0 0 0 0 1 1 1 1 1 0 0 0 0 0 0 2 2 3 7 7 12 12 17 16 16 39 42 42 26 26 27 25 25 22
 2 2 2 1 1 0 0 0 0 0 0 0 0 0 0 0 1 1 1 1 1 0 0 0 0 0 0 2 2 3 7 7 12 12 17 16 16 39 42 42 26 26 27 25 25 22
 1 1 0 1 1 0 0 0 0 0 0 0 0 0 0 0 1 1 2 0 0 0 0 0 0 0 0 1 1 1 1 1 9 9 9 21 21 39 41 41 36 36 30 23 23 20
 1 1 0 1 1 0 0 0 0 0 0 0 0 0 0 0 1 1 2 0 0 0 0 0 0 0 0 1 1 1 1 1 9 9 9 21 21 39 41 41 36 36 30 23 23 20
 3 3 3 1 1 0 0 0 0 0 0 0 0 0 1 1 1 1 0 0 0 0 0 0 0 0 0 1 1 1 5 5 8 8 7 9 9 27 40 40 39 39 29 24 24 6
 3 3 0 0 0 0 1 1 1 1 1 1 1 2 3 3 1 1 0 0 0 0 1 1 0 0 3 3 3 2 8 8 11 11 11 18 18 17 18 18 23 23 28 23 23 6
 3 3 0 0 0 0 1 1 1 1 1 1 1 2 3 3 1 1 0 0 0 0 1 1 0 0 3 3 3 2 8 8 11 11 11 18 18 17 18 18 23 23 28 23 23 6
 1 1 0 0 0 0 1 1 3 3 3 4 4 6 6 6 1 1 0 0 0 0 0 0 0 0 3 4 4 5 15 15 17 17 17 14 14 14 14 14 19 19 17 15 15 6
 0 0 0 0 0 0 0 0 1 1 2 3 3 7 11 11 2 2 0 0 0 0 0 0 1 1 6 8 8 8 18 18 20 20 17 14 14 13 11 11 11 11 10 17 17 8
 0 0 0 0 0 0 0 0 1 1 2 3 3 7 11 11 2 2 0 0 0 0 0 0 1 1 6 8 8 8 18 18 20 20 17 14 14 13 11 11 11 11 10 17 17 8
 2 2 1 0 0 0 0 0 0 0 0 1 1 2 2 2 2 2 0 0 0 0 0 0 1 1 6 9 9 8 21 21 25 25 19 18 18 17 8 8 10 10 10 5 5 8
 2 2 1 0 0 0 0 0 0 0 0 1 1 2 2 2 2 2 0 0 0 0 0 0 1 1 6 9 9 8 21 21 25 25 19 18 18 17 8 8 10 10 10 5 5 8
 6 6 2 2 2 2 2 2 0 0 0 0 0 0 0 0 1 1 1 0 0 0 0 0 1 1 6 9 9 13 29 29 34 34 35 23 23 19 13 13 12 12 11 6 6 8
 8 8 3 4 4 5 5 5 2 2 0 0 0 0 0 0 1 1 3 3 3 2 1 1 3 3 5 6 6 17 27 27 30 30 33 31 31 32 14 14 13 13 18 19 19 16
 8 8 3 4 4 5 5 5 2 2 0 0 0 0 0 0 1 1 3 3 3 2 1 1 3 3 5 6 6 17 27 27 30 30 33 31 31 32 14 14 13 13 18 19 19 16
 6 6 5 7 7 9 8 8 5 5 2 1 1 1 2 2 3 3 5 6 6 4 3 3 4 4 6 7 7 19 18 18 18 18 23 25 25 31 24 24 29 29 31 21 21 16
 5 5 6 10 10 12 12 12 9 9 5 3 3 3 5 5 7 7 8 9 9 8 5 5 7 7 7 26 26 14 15 15 15 15 21 21 21 18 12 12 26 26 43 50 50 27
 5 5 6 10 10 12 12 12 9 9 5 3 3 3 5 5 7 7 8 9 9 8 5 5 7 7 7 26 26 14 15 15 15 15 21 21 21 18 12 12 26 26 43 50 50 27
 6 6 8 13 13 13 12 12 12 12 9 7 7 7 8 8 10 10 12 13 13 10 10 10 11 11 25 27 27 15 14 14 11 11 10 11 11 11 10 10 62 62 54 47 47 34
 6 6 8 13 13 13 12 12 12 12 9 7 7 7 8 8 10 10 12 13 13 10 10 10 11 11 25 27 27 15 14 14 11 11 10 11 11 11 10 10 62 62 54 47 47 34
 8 8 10 10 10 14 15 15 13 13 12 11 11 11 12 12 15 15 17 17 17 14 13 13 13 13 33 29 29 19 17 17 15 15 12 12 12 12 8 8 61 61 52 32 32 32
 10 10 8 7 7 11 12 12 13 13 19 19 19 14 17 17 15 15 15 16 16 18 16 16 28 28 47 53 53 23 34 34 30 30 23 11 11 9 5 5 37 37 31 6 6 5
 10 10 8 7 7 11 12 12 13 13 19 19 19 14 17 17 15 15 15 16 16 18 16 16 28 28 47 53 53 23 34 34 30 30 23 11 11 9 5 5 37 37 31 6 6 5
 8 8 8 9 9 9 10 10 13 13 17 21 21 21 21 21 21 21 19 20 20 22 51 51 110 110 120 68 68 32 44 44 43 43 32 19 19 14 12 12 7 7 9 6 6 2
 9 9 9 8 8 8 10 10 14 14 22 28 28 34 37 37 36 36 30 31 31 47 48 48 122 122 177 124 124 72 61 61 32 32 25 20 20 13 11 11 7 7 4 5 5 2
 9 9 9 8 8 8 10 10 14 14 22 28 28 34 37 37 36 36 30 31 31 47 48 48 122 122 177 124 124 72 61 61 32 32 25 20 20 13 11 11 7 7 4 5 5 2
 9 9 10 12 12 11 12 12 18 18 29 34 34 43 44 44 42 42 35 38 38 51 52 52 67 67 53 126 126 82 57 57 38 38 26 16 16 17 13 13 10 10 6 6 6 3
 9 9 10 12 12 11 12 12 18 18 29 34 34 43 44 44 42 42 35 38 38 51 52 52 67 67 53 126 126 82 57 57 38 38 26 16 16 17 13 13 10 10 6 6 6 3
 10 10 11 15 15 16 16 16 24 24 34 39 39 43 40 40 54 54 51 62 62 60 57 57 40 40 53 82 82 83 54 54 34 34 26 15 15 12 15 15 13 13 7 6 6 4
 14 14 15 19 19 25 27 27 27 27 35 41 41 41 58 58 54 54 43 41 41 45 46 46 50 50 59 48 48 68 38 38 31 31 19 10 10 6 8 8 11 11 10 10 10 8
 14 14 15 19 19 25 27 27 27 27 35 41 41 41 58 58 54 54 43 41 41 45 46 46 50 50 59 48 48 68 38 38 31 31 19 10 10 6 8 8 11 11 10 10 10 8
 19 19 20 24 24 28 33 33 34 34 40 43 43 42 57 57 50 50 52 53 53 54 55 55 53 53 50 52 52 51 36 36 31 31 17 9 9 7 6 6 8 8 11 13 13 12
 24 24 23 22 22 25 27 27 32 32 37 40 40 47 57 57 56 56 50 51 51 48 54 54 54 54 50 53 53 48 32 32 28 28 16 10 10 10 8 8 9 9 10 14 14 19
 24 24 23 22 22 25 27 27 32 32 37 40 40 47 57 57 56 56 50 51 51 48 54 54 54 54 50 53 53 48 32 32 28 28 16 10 10 10 8 8 9 9 10 14 14 19
 24 24 23 20 20 21 20 20 23 23 24 23 23 30 42 42 43 43 42 54 54 44 49 49 33 33 36 42 42 29 27 27 25 25 14 10 10 12 11 11 10 10 10 15 15 20
 24 24 23 20 20 21 20 20 23 23 24 23 23 30 42 42 43 43 42 54 54 44 49 49 33 33 36 42 42 29 27 27 25 25 14 10 10 12 11 11 10 10 10 15 15 20
 21 21 19 16 16 17 17 17 17 17 15 22 22 20 32 32 41 41 43 36 36 39 45 45 30 30 34 42 42 28 25 25 20 20 16 13 13 17 17 17 14 14 14 17 17 19
 14 14 11 9 9 11 12 12 13 13 10 13 13 15 21 21 26 26 29 20 20 43 48 48 30 30 33 33 33 30 29 29 23 23 18 14 14 22 24 24 21 21 22 21 21 18
 14 14 11 9 9 11 12 12 13 13 10 13 13 15 21 21 26 26 29 20 20 43 48 48 30 30 33 33 33 30 29 29 23 23 18 14 14 22 24 24 21 21 22 21 21 18
 7 7 5 4 4 4 3 3 4 4 4 11 11 8 22 22 25 25 30 25 25 32 27 27 28 28 34 34 34 32 32 32 29 29 23 24 24 24 29 29 25 25 26 20 20 15
 5 5 5 3 3 3 2 2 2 2 3 5 5 7 11 11 11 11 14 16 16 25 28 28 31 31 34 34 34 32 31 31 27 27 23 19 19 22 27 27 22 22 22 18 18 14
 5 5 5 3 3 3 2 2 2 2 3 5 5 7 11 11 11 11 14 16 16 25 28 28 31 31 34 34 34 32 31 31 27 27 23 19 19 22 27 27 22 22 22 18 18 14
 5 5 5 3 3 2 2 2 5 5 3 4 4 7 12 12 18 18 20 22 22 26 26 26 32 32 35 33 33 33 28 28 23 23 19 19 19 21 28 28 21 21 22 18 18 17
 5 5 5 3 3 2 2 2 5 5 3 4 4 7 12 12 18 18 20 22 22 26 26 26 32 32 35 33 33 33 28 28 23 23 19 19 19 21 28 28 21 21 22 18 18 17
 4 4 4 2 2 2 3 3 4 4 2 2 2 4 8 8 14 14 19 27 27 28 25 25 29 29 31 30 30 30 24 24 18 18 17 15 15 16 19 19 20 20 21 18 18 20
 4 4 5 3 3 2 3 3 4 4 2 2 2 2 3 3 4 4 7 11 11 16 19 19 21 21 27 29 29 28 21 21 17 17 16 11 11 11 21 21 18 18 17 18 18 20
 4 4 5 3 3 2 3 3 4 4 2 2 2 2 3 3 4 4 7 11 11 16 19 19 21 21 27 29 29 28 21 21 17 17 16 11 11 11 21 21 18 18 17 18 18 20
 2 2 3 2 2 2 3 3 4 4 2 2 2 2 4 4 3 3 3 6 6 9 12 12 15 15 19 23 23 22 19 19 18 18 15 16 16 18 20 20 16 16 18 18 18 20
 1 1 1 2 2 3 7 7 6 6 3 4 4 4 5 5 5 5 4 4 4 5 7 7 10 10 9 11 11 14 14 14 17 17 18 41 41 40 60 60 42 42 43 20 20 19
 1 1 1 2 2 3 7 7 6 6 3 4 4 4 5 5 5 5 4 4 4 5 7 7 10 10 9 11 11 14 14 14 17 17 18 41 41 40 60 60 42 42 43 20 20 19
 1 1 1 1 1 3 7 7 5 5 3 8 8 12 9 9 7 7 6 5 5 6 8 8 12 12 8 5 5 7 9 9 14 14 16 38 38 41 58 58 58 58 60 25 25 20
 1 1 1 1 1 3 7 7 5 5 3 8 8 12 9 9 7 7 6 5 5 6 8 8 12 12 8 5 5 7 9 9 14 14 16 38 38 41 58 58 58 58 60 25 25 20
 0 0 1 1 1 1 2 2 3 3 4 7 7 10 10 10 9 9 8 9 9 12 10 10 11 11 12 6 6 5 5 5 9 9 13 43 43 45 60 60 58 58 61 26 26 19
 1 1 1 2 2 1 1 1 4 4 4 5 5 7 6 6 5 5 6 12 12 12 10 10 10 10 18 12 12 8 6 6 9 9 13 18 18 27 37 37 38 38 28 23 23 21
 1 1 1 2 2 1 1 1 4 4 4 5 5 7 6 6 5 5 6 12 12 12 10 10 10 10 18 12 12 8 6 6 9 9 13 18 18 27 37 37 38 38 28 23 23 21
 0 0 1 1 1 0 2 2 6 6 3 2 2 2 2 2 1 1 3 6 6 8 10 10 12 12 16 17 17 17 13 13 12 12 15 23 23 31 40 40 41 41 28 23 23 31
 0 0 1 1 1 0 1 1 3 3 4 2 2 1 1 1 1 1 2 3 3 4 9 9 20 20 22 20 20 19 16 16 20 20 20 27 27 29 33 33 32 32 24 25 25 32
 0 0 1 1 1 0 1 1 3 3 4 2 2 1 1 1 1 1 2 3 3 4 9 9 20 20 22 20 20 19 16 16 20 20 20 27 27 29 33 33 32 32 24 25 25 32
 1 1 1 0 0 0 0 0 1 1 1 1 1 1 1 1 1 1 2 3 3 2 4 4 10 10 15 18 18 23 16 16 18 18 19 25 25 26 25 25 26 26 24 29 29 40
 1 1 1 0 0 0 0 0 1 1 1 1 1 1 1 1 1 1 2 3 3 2 4 4 10 10 15 18 18 23 16 16 18 18 19 25 25 26 25 25 26 26 24 29 29 40
 1 1 1 0 0 0 0 0 0 0 0 0 0 1 1 1 3 3 2 2 2 2 2 2 3 3 6 7 7 13 15 15 14 14 20 27 27 29 22 22 26 26 28 36 36 33
 1 1 1 1 1 0 0 0 1 1 1 0 0 0 1 1 2 2 1 1 1 2 2 2 3 3 4 5 5 9 14 14 13 13 20 18 18 19 18 18 23 23 30 36 36 37
 1 1 1 1 1 0 0 0 1 1 1 0 0 0 1 1 2 2 1 1 1 2 2 2 3 3 4 5 5 9 14 14 13 13 20 18 18 19 18 18 23 23 30 36 36 37
 1 1 1 1 1 1 1 1 1 1 1 1 1 0 0 0 1 1 1 1 1 2 3 3 4 4 4 6 6 6 9 9 11 11 17 19 19 20 21 21 24 24 37 40 40 50
 0 0 1 1 1 1 1 1 1 1 1 1 1 1 1 1 2 2 2 3 3 4 6 6 6 6 6 6 6 6 7 7 7 7 12 15 15 19 26 26 29 29 40 41 41 51
 0 0 1 1 1 1 1 1 1 1 1 1 1 1 1 1 2 2 2 3 3 4 6 6 6 6 6 6 6 6 7 7 7 7 12 15 15 19 26 26 29 29 40 41 41 51
 1 1 1 1 1 1 1 1 1 1 2 2 2 1 2 2 5 5 7 9 9 10 11 11 11 11 9 9 9 10 13 13 10 10 9 10 10 19 23 23 27 27 45 42 42 45
 1 1 1 1 1 1 1 1 1 1 2 2 2 1 2 2 5 5 7 9 9 10 11 11 11 11 9 9 9 10 13 13 10 10 9 10 10 19 23 23 27 27 45 42 42 45
 1 1 1 1 1 1 1 1 1 1 1 2 2 2 3 3 6 6 9 11 11 14 16 16 19 19 18 20 20 24 18 18 20 20 14 11 11 21 26 26 30 30 45 29 29 27
 1 1 1 1 1 1 1 1 1 1 1 2 2 2 2 2 4 4 7 10 10 13 17 17 22 22 28 26 26 25 32 32 31 31 30 18 18 20 25 25 36 36 28 22 22 23
 1 1 1 1 1 1 1 1 1 1 1 2 2 2 2 2 4 4 7 10 10 13 17 17 22 22 28 26 26 25 32 32 31 31 30 18 18 20 25 25 36 36 28 22 22 23
 2 2 1 1 1 1 1 1 1 1 1 2 2 2 3 3 2 2 4 7 7 9 14 14 18 18 25 19 19 24 26 26 37 37 34 27 27 29 31 31 30 30 29 18 18 22
 3 3 1 1 1 1 1 1 1 1 1 1 1 2 2 2 2 2 3 4 4 6 9 9 12 12 15 16 16 22 24 24 28 28 43 45 45 31 35 35 20 20 23 22 22 20
