assets/RAT_results/precipitation/2023-12-02_IMERG.asc
ncols        46
nrows        77
xllcorner    74.800261325624
yllcorner    8.058333333333
cellsize     0.062500000000
NODATA_value -9999
 0 0 0 0 0 0 0 0 0 0 0 0 0 0 0 0 0 0 0 0 0 0 0 0 0 0 0 0 0 0 0 0 0 0 0 1 1 2 1 1 0 0 0 0 0 0
 0 0 0 0 0 0 0 0 0 0 0 0 0 0 0 0 0 0 0 0 0 0 0 0 0 0 0 0 0 1 0 0 0 0 0 1 1 2 2 2 1 1 0 0 0 0
 0 0 0 0 0 0 0 0 0 0 0 0 0 0 0 0 0 0 0 0 0 0 0 0 0 0 0 0 0 1 0 0 0 0 0 1 1 2 2 2 1 1 0 0 0 0
 0 0 0 0 0 0 0 0 0 0 0 0 0 0 0 0 0 0 0 0 0 0 0 0 0 0 0 0 0 0 1 1 0 0 0 0 0 2 4 4 1 1 0 1 1 1
 0 0 0 0 0 0 0 0 0 0 0 0 0 0 0 0 0 0 0 0 0 0 0 0 0 0 0 0 0 0 1 1 1 1 1 1 1 1 2 2 1 1 1 1 1 1
 0 0 0 0 0 0 0 0 0 0 0 0 0 0 0 0 0 0 0 0 0 0 0 0 0 0 0 0 0 0 1 1 1 1 1 1 1 1 2 2 1 1 1 1 1 1
 1 1 0 0 0 0 0 0 0 0 0 0 0 0 0 0 0 0 0 0 0 0 0 0 0 0 0 0 0 0 0 0 1 1 1 0 0 0 1 1 1 1 1 1 1 1
 1 1 0 0 0 0 0 0 0 0 0 0 0 0 0 0 0 0 0 0 0 0 0 0 0 0 0 0 0 0 0 0 1 1 1 0 0 0 1 1 1 1 1 1 1 1
 0 0 0 0 0 0 0 0 0 0 0 0 0 0 0 0 0 0 0 0 0 0 0 0 0 0 0 1 1 1 0 0 0 0 1 0 0 0 0 0 0 0 1 1 1 1
 0 0 1 0 0 0 0 0 0 0 0 0 0 0 0 0 0 0 0 0 0 0 0 0 0 0 0 0 0 0 1 1 0 0 1 1 1 1 1 1 1 1 2 1 1 1
 0 0 1 0 0 0 0 0 0 0 0 0 0 0 0 0 0 0 0 0 0 0 0 0 0 0 0 0 0 0 1 1 0 0 1 1 1 1 1 1 1 1 2 1 1 1
 0 0 1 0 0 0 0 0 0 0 0 0 0 0 0 0 0 0 0 0 0 0 0 0 0 0 0 0 0 0 1 1 0 0 1 2 2 3 3 3 3 3 4 2 2 1
 0 0 1 0 0 0 0 0 0 0 0 0 0 0 0 0 0 0 0 0 0 0 0 0 0 0 0 0 0 0 0 0 0 0 0 2 2 3 3 3 4 4 6 4 4 2
 0 0 1 0 0 0 0 0 0 0 0 0 0 0 0 0 0 0 0 0 0 0 0 0 0 0 0 0 0 0 0 0 0 0 0 2 2 3 3 3 4 4 6 4 4 2
 0 0 0 0 0 0 1 1 0 0 0 0 0 0 0 0 0 0 0 0 0 0 0 0 0 0 0 0 0 1 1 1 0 0 0 1 1 1 1 1 2 2 3 3 3 2
 0 0 0 0 0 0 1 1 0 0 0 0 0 0 0 0 0 0 0 0 0 0 0 0 0 0 0 0 0 1 1 1 0 0 0 1 1 1 1 1 2 2 3 3 3 2
 0 0 0 0 0 0 1 1 1 1 0 0 0 0 0 0 0 0 0 0 0 0 0 0 0 0 0 0 0 2 2 2 1 1 1 2 2 1 1 1 1 1 2 3 3 4
 1 1 0 0 0 0 0 0 0 0 1 0 0 0 0 0 0 0 0 0 0 0 0 0 0 0 0 0 0 1 2 2 1 1 3 4 4 4 2 2 2 2 3 4 4 4
 1 1 0 0 0 0 0 0 0 0 1 0 0 0 0 0 0 0 0 0 0 0 0 0 0 0 0 0 0 1 2 2 1 1 3 4 4 4 2 2 2 2 3 4 4 4
 1 1 0 0 0 0 0 0 1 1 1 1 1 0 0 0 0 0 0 0 0 0 0 0 0 0 0 0 0 0 0 0 1 1 1 2 2 5 3 3 3 3 4 5 5 4
 1 1 1 1 1 0 0 0 0 0 0 0 0 0 0 0 0 0 0 0 0 0 0 0 0 0 0 0 0 0 1 1 0 0 0 1 1 2 2 2 3 3 4 5 5 5
 1 1 1 1 1 0 0 0 0 0 0 0 0 0 0 0 0 0 0 0 0 0 0 0 0 0 0 0 0 0 1 1 0 0 0 1 1 2 2 2 3 3 4 5 5 5
 2 2 2 1 1 1 0 0 0 0 0 0 0 0 0 0 0 0 0 0 0 0 0 0 0 0 0 0 0 0 0 0 1 1 1 0 0 1 2 2 3 3 4 4 4 6
 2 2 2 1 1 1 0 0 0 0 0 0 0 0 0 0 0 0 0 0 0 0 0 0 0 0 0 0 0 0 0 0 1 1 1 0 0 1 2 2 3 3 4 4 4 6
 1 1 3 2 2 2 4 4 1 1 0 0 0 0 0 0 0 0 0 0 0 0 0 0 0 0 0 0 0 0 0 0 0 0 1 0 0 0 1 1 1 1 3 4 4 5
 2 2 3 4 4 4 6 6 2 2 0 0 0 0 0 0 0 0 0 1 1 0 0 0 0 0 0 1 1 1 1 1 1 1 0 0 0 0 1 1 1 1 2 4 4 6
 2 2 3 4 4 4 6 6 2 2 0 0 0 0 0 0 0 0 0 1 1 0 0 0 0 0 0 1 1 1 1 1 1 1 0 0 0 0 1 1 1 1 2 4 4 6
 4 4 5 5 5 4 3 3 1 1 0 1 1 1 0 0 0 0 0 0 0 0 0 0 0 0 0 0 0 0 1 1 1 1 0 0 0 0 1 1 2 2 3 3 3 4
 7 7 3 3 3 4 4 4 2 2 1 0 0 1 0 0 0 0 0 0 0 0 0 0 0 0 0 0 0 1 0 0 0 0 0 0 0 1 1 1 2 2 3 3 3 5
 7 7 3 3 3 4 4 4 2 2 1 0 0 1 0 0 0 0 0 0 0 0 0 0 0 0 0 0 0 1 0 0 0 0 0 0 0 1 1 1 2 2 3 3 3 5
 15 15 4 1 1 3 3 3 3 3 2 0 0 0 0 0 0 0 0 0 0 0 1 1 1 1 1 2 2 1 1 1 1 1 1 1 1 1 2 2 3 3 3 3 3 4
 15 15 4 1 1 3 3 3 3 3 2 0 0 0 0 0 0 0 0 0 0 0 1 1 1 1 1 2 2 1 1 1 1 1 1 1 1 1 2 2 3 3 3 3 3 4
 10 10 3 1 1 1 3 3 4 4 2 0 0 0 0 0 0 0 0 0 0 0 1 1 1 1 1 3 3 2 2 2 4 4 2 2 2 3 3 3 3 3 4 4 4 5
 5 5 2 1 1 2 5 5 4 4 2 0 0 0 0 0 0 0 0 0 0 0 0 0 0 0 0 1 1 1 1 1 2 2 2 3 3 4 5 5 5 5 5 6 6 4
 5 5 2 1 1 2 5 5 4 4 2 0 0 0 0 0 0 0 0 0 0 0 0 0 0 0 0 1 1 1 1 1 2 2 2 3 3 4 5 5 5 5 5 6 6 4
 4 4 12 12 12 2 2 2 2 2 1 1 1 0 0 0 0 0 0 0 0 1 2 2 1 1 0 0 0 1 1 1 1 1 1 3 3 4 5 5 6 6 7 7 7 8
 5 5 13 13 13 3 2 2 1 1 1 0 0 0 0 0 0 0 1 0 0 1 1 1 1 1 1 1 1 3 5 5 3 3 3 4 4 6 7 7 8 8 7 7 7 9
 5 5 13 13 13 3 2 2 1 1 1 0 0 0 0 0 0 0 1 0 0 1 1 1 1 1 1 1 1 3 5 5 3 3 3 4 4 6 7 7 8 8 7 7 7 9
 5 5 5 5 5 5 5 5 3 3 3 1 1 1 0 0 0 0 0 0 0 0 1 1 0 0 1 1 1 3 8 8 6 6 5 5 5 7 9 9 9 9 8 7 7 5
 5 5 5 5 5 5 5 5 3 3 3 1 1 1 0 0 0 0 0 0 0 0 1 1 0 0 1 1 1 3 8 8 6 6 5 5 5 7 9 9 9 9 8 7 7 5
 4 4 6 9 9 8 7 7 5 5 8 3 3 2 1 1 1 1 0 0 0 0 1 1 1 1 2 1 1 2 2 2 3 3 2 4 4 7 8 8 8 8 9 7 7 4
 4 4 4 8 8 10 5 5 2 2 2 1 1 1 2 2 2 2 1 2 2 0 0 0 1 1 1 1 1 1 1 1 2 2 2 3 3 4 5 5 5 5 6 5 5 4
 4 4 4 8 8 10 5 5 2 2 2 1 1 1 2 2 2 2 1 2 2 0 0 0 1 1 1 1 1 1 1 1 2 2 2 3 3 4 5 5 5 5 6 5 5 4
 5 5 2 3 3 3 2 2 1 1 0 0 0 0 1 1 2 2 2 2 2 1 0 0 0 0 1 1 1 1 1 1 1 1 1 2 2 2 2 2 3 3 3 3 3 3
 5 5 4 3 3 2 2 2 2 2 3 3 3 1 1 1 3 3 5 2 2 1 0 0 0 0 1 1 1 1 1 1 1 1 1 1 1 1 1 1 1 1 1 1 1 1
 5 5 4 3 3 2 2 2 2 2 3 3 3 1 1 1 3 3 5 2 2 1 0 0 0 0 1 1 1 1 1 1 1 1 1 1 1 1 1 1 1 1 1 1 1 1
 5 5 6 8 8 5 3 3 5 5 12 13 13 5 5 5 5 5 6 2 2 2 1 1 1 1 1 1 1 1 2 2 2 2 2 1 1 1 1 1 1 1 1 1 1 1
 5 5 6 8 8 5 3 3 5 5 12 13 13 5 5 5 5 5 6 2 2 2 1 1 1 1 1 1 1 1 2 2 2 2 2 1 1 1 1 1 1 1 1 1 1 1
 2 2 2 5 5 4 4 4 6 6 5 7 7 9 11 11 14 14 7 4 4 4 3 3 3 3 2 2 2 3 4 4 4 4 3 3 3 2 1 1 1 1 0 0 0 1
 1 1 1 1 1 1 2 2 3 3 3 3 3 6 9 9 9 9 7 7 7 5 5 5 8 8 6 5 5 4 5 5 5 5 2 1 1 1 1 1 0 0 0 0 0 0
 1 1 1 1 1 1 2 2 3 3 3 3 3 6 9 9 9 9 7 7 7 5 5 5 8 8 6 5 5 4 5 5 5 5 2 1 1 1 1 1 0 0 0 0 0 0
 1 1 1 1 1 1 2 2 2 2 2 3 3 4 3 3 5 5 10 16 16 9 8 8 19 19 14 11 11 13 12 12 15 15 6 2 2 1 0 0 0 0 0 0 0 0
 1 1 1 1 1 1 1 1 2 2 1 3 3 5 3 3 4 4 9 10 10 8 9 9 14 14 13 14 14 25 28 28 22 22 11 5 5 2 0 0 0 0 0 0 0 0
 1 1 1 1 1 1 1 1 2 2 1 3 3 5 3 3 4 4 9 10 10 8 9 9 14 14 13 14 14 25 28 28 22 22 11 5 5 2 0 0 0 0 0 0 0 0
 1 1 1 1 1 1 2 2 2 2 2 3 3 4 6 6 14 14 16 26 26 27 18 18 15 15 15 11 11 19 20 20 14 14 21 8 8 5 3 3 1 1 1 1 1 1
 1 1 1 1 1 1 2 2 2 2 2 3 3 4 6 6 14 14 16 26 26 27 18 18 15 15 15 11 11 19 20 20 14 14 21 8 8 5 3 3 1 1 1 1 1 1
 2 2 2 2 2 2 2 2 3 3 3 3 3 3 5 5 23 23 24 30 30 25 13 13 9 9 17 11 11 20 18 18 13 13 19 13 13 13 11 11 3 3 1 1 1 0
 3 3 3 3 3 4 3 3 3 3 3 3 3 3 3 3 19 19 26 34 34 52 48 48 29 29 30 18 18 13 9 9 15 15 21 15 15 10 5 5 2 2 2 3 3 0
 3 3 3 3 3 4 3 3 3 3 3 3 3 3 3 3 19 19 26 34 34 52 48 48 29 29 30 18 18 13 9 9 15 15 21 15 15 10 5 5 2 2 2 3 3 0
 3 3 3 4 4 4 4 4 3 3 3 2 2 2 4 4 4 4 28 29 29 52 68 68 42 42 33 20 20 12 12 12 14 14 26 21 21 12 4 4 1 1 0 0 0 0
 2 2 3 9 9 6 4 4 4 4 4 4 4 4 3 3 2 2 21 30 30 79 76 76 64 64 11 20 20 13 12 12 17 17 21 21 21 14 6 6 2 2 0 0 0 0
 2 2 3 9 9 6 4 4 4 4 4 4 4 4 3 3 2 2 21 30 30 79 76 76 64 64 11 20 20 13 12 12 17 17 21 21 21 14 6 6 2 2 0 0 0 0
 1 1 2 5 5 5 5 5 5 5 5 7 7 9 6 6 5 5 4 4 4 10 2 2 2 2 3 20 20 11 11 11 14 14 13 12 12 10 5 5 3 3 1 0 0 12
 1 1 2 5 5 5 5 5 5 5 5 7 7 9 6 6 5 5 4 4 4 10 2 2 2 2 3 20 20 11 11 11 14 14 13 12 12 10 5 5 3 3 1 0 0 12
 2 2 3 4 4 5 6 6 7 7 8 10 10 14 12 12 11 11 6 6 6 8 3 3 2 2 2 3 3 7 9 9 10 10 9 8 8 8 7 7 18 18 15 11 11 11
 2 2 2 3 3 4 4 4 5 5 6 7 7 8 7 7 5 5 5 7 7 8 5 5 2 2 2 3 3 3 3 3 8 8 8 5 5 4 4 4 18 18 15 12 12 5
 2 2 2 3 3 4 4 4 5 5 6 7 7 8 7 7 5 5 5 7 7 8 5 5 2 2 2 3 3 3 3 3 8 8 8 5 5 4 4 4 18 18 15 12 12 5
 2 2 3 3 3 4 3 3 4 4 4 4 4 4 4 4 3 3 2 4 4 4 2 2 2 2 3 3 3 4 4 4 6 6 6 10 10 10 8 8 12 12 11 6 6 5
 3 3 4 5 5 6 4 4 4 4 4 4 4 4 3 3 3 3 2 1 1 1 2 2 2 2 2 2 2 2 2 2 5 5 9 9 9 11 6 6 17 17 34 7 7 6
 3 3 4 5 5 6 4 4 4 4 4 4 4 4 3 3 3 3 2 1 1 1 2 2 2 2 2 2 2 2 2 2 5 5 9 9 9 11 6 6 17 17 34 7 7 6
 4 4 6 9 9 11 8 8 6 6 5 4 4 4 3 3 3 3 2 1 1 1 5 5 4 4 2 2 2 1 1 1 4 4 7 7 7 8 15 15 15 15 32 8 8 6
 4 4 6 9 9 11 8 8 6 6 5 4 4 4 3 3 3 3 2 1 1 1 5 5 4 4 2 2 2 1 1 1 4 4 7 7 7 8 15 15 15 15 32 8 8 6
 5 5 6 10 10 11 10 10 8 8 6 5 5 4 3 3 3 3 2 1 1 1 2 2 2 2 2 4 4 2 2 2 5 5 5 6 6 4 8 8 7 7 10 7 7 1
 5 5 7 10 10 9 9 9 9 9 8 7 7 6 6 6 5 5 5 4 4 4 3 3 2 2 2 4 4 6 7 7 7 7 8 5 5 7 11 11 9 9 10 1 1 2
 5 5 7 10 10 9 9 9 9 9 8 7 7 6 6 6 5 5 5 4 4 4 3 3 2 2 2 4 4 6 7 7 7 7 8 5 5 7 11 11 9 9 10 1 1 2
 5 5 6 7 7 7 9 9 11 11 13 11 11 11 10 10 10 10 9 8 8 9 8 8 5 5 3 5 5 6 7 7 8 8 6 6 6 8 11 11 10 10 6 4 4 3
 5 5 6 6 6 7 9 9 12 12 15 13 13 15 14 14 14 14 13 12 12 11 10 10 7 7 4 5 5 6 6 6 8 8 9 11 11 8 10 10 12 12 13 8 8 4
