assets/RAT_results/precipitation/2023-10-14_IMERG.asc
ncols        46
nrows        77
xllcorner    74.800261325624
yllcorner    8.058333333333
cellsize     0.062500000000
NODATA_value -9999
 3 3 3 2 2 1 0 0 0 0 0 0 0 0 0 0 0 0 0 0 0 0 0 0 0 0 0 0 0 0 0 0 2 2 3 7 7 1 6 6 12 12 11 3 3 0
 7 7 12 8 8 6 3 3 1 1 0 0 0 0 0 0 0 0 0 0 0 0 0 0 0 0 0 0 0 0 0 0 3 3 3 8 8 17 26 26 30 30 25 24 24 1
 7 7 12 8 8 6 3 3 1 1 0 0 0 0 0 0 0 0 0 0 0 0 0 0 0 0 0 0 0 0 0 0 3 3 3 8 8 17 26 26 30 30 25 24 24 1
 10 10 13 15 15 13 10 10 4 4 1 0 0 0 0 0 1 1 1 0 0 0 0 0 0 0 0 0 0 0 0 0 3 3 12 12 12 23 27 27 36 36 19 24 24 1
 10 10 21 22 22 21 20 20 11 11 3 0 0 0 0 0 1 1 2 1 1 0 0 0 0 0 0 0 0 0 1 1 1 1 4 13 13 38 37 37 37 37 20 19 19 3
 10 10 21 22 22 21 20 20 11 11 3 0 0 0 0 0 1 1 2 1 1 0 0 0 0 0 0 0 0 0 1 1 1 1 4 13 13 38 37 37 37 37 20 19 19 3
 12 12 13 26 26 27 29 29 19 19 8 2 2 0 0 0 1 1 2 1 1 0 0 0 0 0 0 0 0 0 1 1 1 1 3 3 3 22 28 28 27 27 14 9 9 6
 12 12 13 26 26 27 29 29 19 19 8 2 2 0 0 0 1 1 2 1 1 0 0 0 0 0 0 0 0 0 1 1 1 1 3 3 3 22 28 28 27 27 14 9 9 6
 11 11 12 27 27 30 27 27 19 19 12 3 3 0 0 0 0 0 1 1 1 1 1 1 0 0 0 0 0 0 1 1 1 1 1 5 5 8 12 12 30 30 15 9 9 6
 9 9 12 25 25 26 28 28 24 24 15 5 5 1 0 0 0 0 0 1 1 1 0 0 0 0 0 0 0 1 1 1 1 1 1 5 5 7 9 9 5 5 7 16 16 18
 9 9 12 25 25 26 28 28 24 24 15 5 5 1 0 0 0 0 0 1 1 1 0 0 0 0 0 0 0 1 1 1 1 1 1 5 5 7 9 9 5 5 7 16 16 18
 15 15 19 12 12 18 23 23 23 23 19 10 10 3 2 2 1 1 0 0 0 0 0 0 0 0 0 0 0 2 1 1 2 2 2 6 6 15 20 20 19 19 9 20 20 28
 21 21 27 18 18 19 22 22 22 22 19 12 12 8 6 6 4 4 1 1 1 0 0 0 3 3 3 1 1 2 2 2 3 3 3 12 12 27 20 20 22 22 14 30 30 33
 21 21 27 18 18 19 22 22 22 22 19 12 12 8 6 6 4 4 1 1 1 0 0 0 3 3 3 1 1 2 2 2 3 3 3 12 12 27 20 20 22 22 14 30 30 33
 42 42 16 17 17 10 15 15 21 21 21 23 23 18 15 15 11 11 7 6 6 4 3 3 3 3 3 3 3 5 3 3 4 4 10 13 13 30 38 38 41 41 40 46 46 37
 42 42 16 17 17 10 15 15 21 21 21 23 23 18 15 15 11 11 7 6 6 4 3 3 3 3 3 3 3 5 3 3 4 4 10 13 13 30 38 38 41 41 40 46 46 37
 24 24 26 17 17 13 14 14 21 21 28 35 35 28 19 19 13 13 7 6 6 4 10 10 9 9 8 7 7 5 10 10 3 3 12 15 15 22 31 31 32 32 38 41 41 37
 15 15 17 22 22 21 17 17 20 20 33 39 39 35 32 32 24 24 17 15 15 14 20 20 19 19 17 13 13 10 12 12 8 8 13 20 20 31 33 33 37 37 44 48 48 42
 15 15 17 22 22 21 17 17 20 20 33 39 39 35 32 32 24 24 17 15 15 14 20 20 19 19 17 13 13 10 12 12 8 8 13 20 20 31 33 33 37 37 44 48 48 42
 5 5 17 23 23 23 22 22 13 13 29 45 45 44 49 49 39 39 28 25 25 26 31 31 23 23 18 14 14 10 15 15 17 17 20 14 14 15 19 19 31 31 31 54 54 56
 4 4 6 17 17 18 17 17 15 15 16 42 42 44 55 55 52 52 53 37 37 36 40 40 28 28 21 15 15 15 16 16 19 19 21 12 12 13 19 19 27 27 36 55 55 50
 4 4 6 17 17 18 17 17 15 15 16 42 42 44 55 55 52 52 53 37 37 36 40 40 28 28 21 15 15 15 16 16 19 19 21 12 12 13 19 19 27 27 36 55 55 50
 2 2 3 7 7 16 14 14 14 14 14 16 16 34 60 60 61 61 54 47 47 43 35 35 28 28 23 14 14 13 12 12 13 13 21 12 12 14 13 13 17 17 25 57 57 67
 2 2 3 7 7 16 14 14 14 14 14 16 16 34 60 60 61 61 54 47 47 43 35 35 28 28 23 14 14 13 12 12 13 13 21 12 12 14 13 13 17 17 25 57 57 67
 1 1 3 4 4 5 11 11 11 11 11 16 16 24 51 51 49 49 99 53 53 56 52 52 38 38 26 17 17 14 12 12 18 18 15 14 14 12 14 14 16 16 22 29 29 51
 1 1 4 5 5 6 15 15 10 10 11 9 9 15 31 31 45 45 110 67 67 69 49 49 44 44 25 20 20 15 12 12 24 24 23 17 17 15 15 15 16 16 16 15 15 39
 1 1 4 5 5 6 15 15 10 10 11 9 9 15 31 31 45 45 110 67 67 69 49 49 44 44 25 20 20 15 12 12 24 24 23 17 17 15 15 15 16 16 16 15 15 39
 1 1 14 6 6 8 18 18 15 15 16 17 17 17 24 24 41 41 61 44 44 59 56 56 50 50 30 27 27 17 17 17 26 26 26 28 28 22 22 22 18 18 16 14 14 20
 3 3 15 17 17 32 33 33 30 30 37 40 40 17 23 23 30 30 46 39 39 56 61 61 53 53 33 33 33 24 24 24 24 24 30 27 27 28 26 26 20 20 16 15 15 21
 3 3 15 17 17 32 33 33 30 30 37 40 40 17 23 23 30 30 46 39 39 56 61 61 53 53 33 33 33 24 24 24 24 24 30 27 27 28 26 26 20 20 16 15 15 21
 18 18 19 20 20 40 31 31 31 31 39 41 41 41 30 30 37 37 51 42 42 42 46 46 40 40 36 30 30 26 28 28 29 29 34 32 32 33 31 31 17 17 11 10 10 11
 18 18 19 20 20 40 31 31 31 31 39 41 41 41 30 30 37 37 51 42 42 42 46 46 40 40 36 30 30 26 28 28 29 29 34 32 32 33 31 31 17 17 11 10 10 11
 16 16 20 22 22 40 40 40 41 41 58 63 63 56 56 56 33 33 35 28 28 36 39 39 39 39 43 35 35 36 33 33 32 32 34 34 34 38 29 29 14 14 8 7 7 8
 18 18 16 15 15 32 31 31 63 63 62 64 64 58 57 57 57 57 42 43 43 43 34 34 37 37 34 34 34 35 32 32 31 31 34 37 37 40 24 24 10 10 6 5 5 7
 18 18 16 15 15 32 31 31 63 63 62 64 64 58 57 57 57 57 42 43 43 43 34 34 37 37 34 34 34 35 32 32 31 31 34 37 37 40 24 24 10 10 6 5 5 7
 19 19 16 28 28 32 31 31 62 62 63 66 66 122 126 126 130 130 53 49 49 52 28 28 30 30 35 37 37 38 29 29 29 29 30 34 34 34 19 19 10 10 8 3 3 4
 14 14 14 29 29 28 29 29 64 64 65 67 67 182 126 126 143 143 75 59 59 67 49 49 49 49 51 41 41 36 25 25 28 28 31 32 32 23 9 9 9 9 11 3 3 3
 14 14 14 29 29 28 29 29 64 64 65 67 67 182 126 126 143 143 75 59 59 67 49 49 49 49 51 41 41 36 25 25 28 28 31 32 32 23 9 9 9 9 11 3 3 3
 9 9 11 24 24 26 29 29 68 68 69 71 71 198 199 199 209 209 156 78 78 65 74 74 63 63 57 52 52 33 26 26 28 28 22 24 24 17 8 8 6 6 5 2 2 1
 9 9 11 24 24 26 29 29 68 68 69 71 71 198 199 199 209 209 156 78 78 65 74 74 63 63 57 52 52 33 26 26 28 28 22 24 24 17 8 8 6 6 5 2 2 1
 8 8 11 24 24 26 60 60 61 61 64 198 198 199 200 200 225 225 171 80 80 105 90 90 77 77 68 55 55 36 38 38 35 35 20 20 20 14 8 8 6 6 7 10 10 8
 12 12 23 23 23 22 47 47 48 48 64 199 199 199 201 201 212 212 231 274 274 102 104 104 94 94 72 50 50 35 35 35 27 27 14 11 11 9 7 7 13 13 19 12 12 11
 12 12 23 23 23 22 47 47 48 48 64 199 199 199 201 201 212 212 231 274 274 102 104 104 94 94 72 50 50 35 35 35 27 27 14 11 11 9 7 7 13 13 19 12 12 11
 13 13 22 20 20 22 47 47 48 48 49 160 160 161 167 167 215 215 230 243 243 85 95 95 88 88 85 46 46 27 19 19 13 13 10 8 8 8 13 13 16 16 18 11 11 6
 14 14 26 24 24 23 36 36 37 37 38 111 111 111 170 170 211 211 215 237 237 214 165 165 155 155 155 36 36 28 18 18 9 9 9 10 10 13 14 14 14 14 13 10 10 9
 14 14 26 24 24 23 36 36 37 37 38 111 111 111 170 170 211 211 215 237 237 214 165 165 155 155 155 36 36 28 18 18 9 9 9 10 10 13 14 14 14 14 13 10 10 9
 14 14 24 29 29 33 32 32 42 42 52 113 113 112 200 200 203 203 207 226 226 149 146 146 149 149 149 49 49 48 30 30 16 16 13 13 13 14 14 14 11 11 7 5 5 3
 14 14 24 29 29 33 32 32 42 42 52 113 113 112 200 200 203 203 207 226 226 149 146 146 149 149 149 49 49 48 30 30 16 16 13 13 13 14 14 14 11 11 7 5 5 3
 14 14 22 31 31 34 39 39 36 36 54 57 57 54 159 159 162 162 213 112 112 164 163 163 102 102 91 90 90 77 40 40 35 35 20 17 17 17 14 14 13 13 9 4 4 5
 14 14 18 22 22 33 37 37 32 32 40 38 38 57 163 163 164 164 172 107 107 120 124 124 110 110 107 110 110 94 59 59 50 50 27 25 25 25 20 20 23 23 11 4 4 2
 14 14 18 22 22 33 37 37 32 32 40 38 38 57 163 163 164 164 172 107 107 120 124 124 110 110 107 110 110 94 59 59 50 50 27 25 25 25 20 20 23 23 11 4 4 2
 16 16 18 23 23 37 34 34 32 32 43 44 44 40 82 82 79 79 82 204 204 149 160 160 118 118 120 127 127 105 81 81 62 62 31 24 24 24 22 22 21 21 12 5 5 3
 15 15 20 33 33 31 32 32 40 40 43 44 44 82 78 78 77 77 76 199 199 222 254 254 198 198 129 129 129 106 91 91 73 73 42 27 27 25 28 28 25 25 15 6 6 5
 15 15 20 33 33 31 32 32 40 40 43 44 44 82 78 78 77 77 76 199 199 222 254 254 198 198 129 129 129 106 91 91 73 73 42 27 27 25 28 28 25 25 15 6 6 5
 19 19 24 31 31 33 28 28 34 34 41 39 39 83 80 80 72 72 196 229 229 246 322 322 129 129 184 177 177 107 107 107 70 70 51 32 32 35 39 39 34 34 13 7 7 7
 19 19 24 31 31 33 28 28 34 34 41 39 39 83 80 80 72 72 196 229 229 246 322 322 129 129 184 177 177 107 107 107 70 70 51 32 32 35 39 39 34 34 13 7 7 7
 25 25 36 43 43 53 31 31 37 37 40 38 38 61 57 57 53 53 110 121 121 236 253 253 107 107 119 113 113 95 98 98 65 65 57 36 36 34 36 36 15 15 7 4 4 5
 25 25 32 44 44 41 46 46 47 47 39 36 36 46 50 50 60 60 97 121 121 189 220 220 147 147 102 100 100 94 88 88 61 61 53 37 37 32 28 28 19 19 3 2 2 3
 25 25 32 44 44 41 46 46 47 47 39 36 36 46 50 50 60 60 97 121 121 189 220 220 147 147 102 100 100 94 88 88 61 61 53 37 37 32 28 28 19 19 3 2 2 3
 22 22 23 33 33 33 33 33 55 55 41 43 43 48 45 45 53 53 57 60 60 78 131 131 120 120 85 91 91 92 79 79 76 76 59 34 34 15 11 11 7 7 4 2 2 1
 24 24 27 26 26 26 27 27 27 27 27 31 31 33 28 28 38 38 37 54 54 59 76 76 65 65 86 72 72 81 74 74 75 75 70 37 37 25 9 9 5 5 5 5 5 1
 24 24 27 26 26 26 27 27 27 27 27 31 31 33 28 28 38 38 37 54 54 59 76 76 65 65 86 72 72 81 74 74 75 75 70 37 37 25 9 9 5 5 5 5 5 1
 18 18 19 20 20 18 20 20 19 19 20 18 18 23 23 23 37 37 38 46 46 50 68 68 66 66 74 72 72 68 63 63 64 64 67 56 56 32 12 12 7 7 3 2 2 0
 18 18 19 20 20 18 20 20 19 19 20 18 18 23 23 23 37 37 38 46 46 50 68 68 66 66 74 72 72 68 63 63 64 64 67 56 56 32 12 12 7 7 3 2 2 0
 10 10 12 16 16 14 16 16 14 14 16 15 15 18 16 16 24 24 25 37 37 45 59 59 55 55 86 67 67 73 69 69 85 85 67 61 61 38 31 31 15 15 3 0 0 0
 6 6 10 11 11 12 13 13 14 14 15 13 13 20 24 24 28 28 31 36 36 39 65 65 51 51 85 74 74 83 84 84 105 105 88 69 69 48 45 45 16 16 3 1 1 1
 6 6 10 11 11 12 13 13 14 14 15 13 13 20 24 24 28 28 31 36 36 39 65 65 51 51 85 74 74 83 84 84 105 105 88 69 69 48 45 45 16 16 3 1 1 1
 5 5 8 8 8 12 14 14 13 13 18 21 21 19 29 29 28 28 31 71 71 68 59 59 122 122 147 146 146 113 94 94 111 111 97 91 91 62 38 38 8 8 2 2 2 5
 8 8 7 8 8 11 12 12 12 12 19 46 46 50 51 51 51 51 61 60 60 61 32 32 48 48 86 89 89 88 103 103 106 106 88 85 85 51 37 37 16 16 7 7 7 14
 8 8 7 8 8 11 12 12 12 12 19 46 46 50 51 51 51 51 61 60 60 61 32 32 48 48 86 89 89 88 103 103 106 106 88 85 85 51 37 37 16 16 7 7 7 14
 8 8 13 12 12 13 15 15 20 20 18 38 38 43 43 43 51 51 46 19 19 19 21 21 42 42 58 57 57 65 70 70 62 62 72 75 75 65 35 35 26 26 12 11 11 14
 8 8 13 12 12 13 15 15 20 20 18 38 38 43 43 43 51 51 46 19 19 19 21 21 42 42 58 57 57 65 70 70 62 62 72 75 75 65 35 35 26 26 12 11 11 14
 25 25 17 14 14 13 14 14 19 19 16 31 31 50 48 48 46 46 41 16 16 15 17 17 23 23 22 23 23 48 74 74 72 72 74 69 69 62 46 46 35 35 21 11 11 5
 18 18 14 27 27 26 21 21 17 17 17 31 31 24 73 73 90 90 91 88 88 16 20 20 21 21 19 28 28 28 65 65 68 68 93 73 73 73 69 69 52 52 21 6 6 2
 18 18 14 27 27 26 21 21 17 17 17 31 31 24 73 73 90 90 91 88 88 16 20 20 21 21 19 28 28 28 65 65 68 68 93 73 73 73 69 69 52 52 21 6 6 2
 16 16 19 28 28 28 18 18 32 32 30 44 44 70 73 73 85 85 62 68 68 14 18 18 16 16 12 17 17 17 16 16 60 60 73 89 89 92 69 69 47 47 13 5 5 5
 21 21 45 40 40 36 21 21 66 66 24 21 21 23 43 43 64 64 63 67 67 12 13 13 12 12 14 12 12 15 17 17 45 45 73 88 88 91 82 82 69 69 37 28 28 14
