assets/RAT_results/precipitation/2023-08-28_IMERG.asc
ncols        46
nrows        77
xllcorner    74.800261325624
yllcorner    8.058333333333
cellsize     0.062500000000
NODATA_value -9999
 1 1 1 0 0 0 0 0 0 0 0 0 0 0 0 0 0 0 0 0 0 1 0 0 0 0 0 0 0 0 0 0 0 0 0 0 0 0 0 0 0 0 0 0 0 0
 0 0 0 0 0 0 0 0 0 0 0 0 0 0 0 0 0 0 0 0 0 0 0 0 0 0 0 0 0 0 0 0 0 0 0 0 0 0 0 0 0 0 0 0 0 0
 0 0 0 0 0 0 0 0 0 0 0 0 0 0 0 0 0 0 0 0 0 0 0 0 0 0 0 0 0 0 0 0 0 0 0 0 0 0 0 0 0 0 0 0 0 0
 0 0 1 0 0 0 0 0 0 0 0 0 0 0 0 0 0 0 0 0 0 0 0 0 0 0 0 0 0 0 0 0 0 0 0 0 0 0 0 0 0 0 0 0 0 0
 1 1 1 0 0 0 0 0 0 0 0 0 0 0 0 0 0 0 0 0 0 0 0 0 0 0 0 0 0 0 0 0 0 0 0 0 0 0 0 0 0 0 0 0 0 0
 1 1 1 0 0 0 0 0 0 0 0 0 0 0 0 0 0 0 0 0 0 0 0 0 0 0 0 0 0 0 0 0 0 0 0 0 0 0 0 0 0 0 0 0 0 0
 0 0 0 0 0 0 0 0 0 0 0 0 0 0 0 0 0 0 0 0 0 0 0 0 0 0 0 0 0 0 0 0 0 0 0 0 0 0 0 0 0 0 0 0 0 0
 0 0 0 0 0 0 0 0 0 0 0 0 0 0 0 0 0 0 0 0 0 0 0 0 0 0 0 0 0 0 0 0 0 0 0 0 0 0 0 0 0 0 0 0 0 0
 0 0 0 0 0 0 0 0 0 0 0 0 0 0 0 0 0 0 0 0 0 0 0 0 0 0 0 0 0 0 0 0 0 0 0 0 0 0 0 0 0 0 0 0 0 0
 1 1 1 1 1 2 1 1 0 0 0 1 1 0 0 0 1 1 0 0 0 0 0 0 0 0 0 0 0 0 0 0 0 0 0 0 0 0 0 0 0 0 0 0 0 0
 1 1 1 1 1 2 1 1 0 0 0 1 1 0 0 0 1 1 0 0 0 0 0 0 0 0 0 0 0 0 0 0 0 0 0 0 0 0 0 0 0 0 0 0 0 0
 2 2 4 5 5 7 4 4 2 2 3 5 5 3 1 1 0 0 0 0 0 0 0 0 0 0 0 0 0 0 0 0 0 0 0 0 0 0 0 0 0 0 0 0 0 0
 1 1 2 3 3 3 2 2 2 2 3 4 4 4 2 2 0 0 0 0 0 0 0 0 0 0 0 0 0 0 0 0 0 0 0 0 0 0 0 0 0 0 0 0 0 0
 1 1 2 3 3 3 2 2 2 2 3 4 4 4 2 2 0 0 0 0 0 0 0 0 0 0 0 0 0 0 0 0 0 0 0 0 0 0 0 0 0 0 0 0 0 0
 3 3 2 1 1 1 0 0 1 1 1 1 1 1 0 0 0 0 0 0 0 0 0 0 0 0 0 0 0 0 0 0 0 0 0 0 0 0 0 0 0 0 0 0 0 0
 3 3 2 1 1 1 0 0 1 1 1 1 1 1 0 0 0 0 0 0 0 0 0 0 0 0 0 0 0 0 0 0 0 0 0 0 0 0 0 0 0 0 0 0 0 0
 6 6 5 2 2 1 1 1 2 2 0 0 0 0 0 0 0 0 0 0 0 0 0 0 0 0 0 0 0 0 0 0 0 0 0 0 0 0 0 0 0 0 0 0 0 0
 6 6 6 3 3 1 1 1 1 1 0 0 0 0 0 0 0 0 0 0 0 0 0 0 0 0 0 0 0 0 0 0 0 0 0 0 0 0 0 0 0 0 0 0 0 0
 6 6 6 3 3 1 1 1 1 1 0 0 0 0 0 0 0 0 0 0 0 0 0 0 0 0 0 0 0 0 0 0 0 0 0 0 0 0 0 0 0 0 0 0 0 0
 5 5 5 6 6 2 1 1 0 0 1 0 0 0 0 0 0 0 0 0 0 0 0 0 0 0 0 0 0 0 0 0 0 0 0 0 0 0 0 0 0 0 0 0 0 0
 7 7 5 4 4 2 1 1 1 1 1 0 0 1 1 1 0 0 0 0 0 0 0 0 0 0 0 1 1 0 0 0 0 0 0 0 0 1 0 0 0 0 0 0 0 0
 7 7 5 4 4 2 1 1 1 1 1 0 0 1 1 1 0 0 0 0 0 0 0 0 0 0 0 1 1 0 0 0 0 0 0 0 0 1 0 0 0 0 0 0 0 0
 17 17 8 3 3 2 1 1 1 1 1 1 1 1 2 2 1 1 1 1 1 0 0 0 0 0 0 0 0 0 0 0 1 1 0 0 0 0 0 0 0 0 0 0 0 0
 17 17 8 3 3 2 1 1 1 1 1 1 1 1 2 2 1 1 1 1 1 0 0 0 0 0 0 0 0 0 0 0 1 1 0 0 0 0 0 0 0 0 0 0 0 0
 22 22 15 4 4 3 1 1 1 1 1 1 1 1 1 1 1 1 1 1 1 1 2 2 1 1 0 0 0 0 0 0 0 0 0 0 0 0 0 0 0 0 0 0 0 0
 28 28 24 5 5 5 5 5 1 1 1 0 0 0 0 0 0 0 0 0 0 0 1 1 1 1 1 1 1 1 1 1 0 0 0 0 0 0 0 0 0 0 0 0 0 0
 28 28 24 5 5 5 5 5 1 1 1 0 0 0 0 0 0 0 0 0 0 0 1 1 1 1 1 1 1 1 1 1 0 0 0 0 0 0 0 0 0 0 0 0 0 0
 26 26 17 5 5 3 8 8 4 4 1 1 1 1 1 1 1 1 1 1 1 1 1 1 2 2 2 2 2 1 0 0 0 0 0 0 0 0 0 0 0 0 0 0 0 0
 10 10 11 6 6 4 4 4 6 6 3 1 1 1 1 1 2 2 2 2 2 3 3 3 3 3 3 1 1 0 0 0 0 0 0 0 0 0 0 0 0 0 0 0 0 0
 10 10 11 6 6 4 4 4 6 6 3 1 1 1 1 1 2 2 2 2 2 3 3 3 3 3 3 1 1 0 0 0 0 0 0 0 0 0 0 0 0 0 0 0 0 0
 6 6 5 4 4 4 5 5 5 5 8 2 2 2 2 2 3 3 2 4 4 4 3 3 3 3 2 1 1 0 0 0 0 0 0 0 0 0 0 0 0 0 0 0 0 0
 6 6 5 4 4 4 5 5 5 5 8 2 2 2 2 2 3 3 2 4 4 4 3 3 3 3 2 1 1 0 0 0 0 0 0 0 0 0 0 0 0 0 0 0 0 0
 3 3 3 3 3 4 4 4 5 5 3 3 3 3 3 3 5 5 4 3 3 4 2 2 1 1 1 0 0 0 0 0 0 0 0 0 0 0 0 0 0 0 0 0 0 0
 3 3 3 3 3 2 2 2 2 2 2 2 2 3 2 2 2 2 2 2 2 1 1 1 1 1 1 0 0 0 0 0 0 0 0 0 0 0 0 0 0 0 0 0 0 0
 3 3 3 3 3 2 2 2 2 2 2 2 2 3 2 2 2 2 2 2 2 1 1 1 1 1 1 0 0 0 0 0 0 0 0 0 0 0 0 0 0 0 0 0 0 0
 4 4 3 3 3 2 2 2 2 2 2 1 1 1 1 1 1 1 1 1 1 1 0 0 0 0 0 0 0 0 0 0 0 0 0 0 0 0 0 0 0 0 0 0 0 0
 6 6 7 3 3 2 1 1 1 1 1 1 1 1 1 1 1 1 1 1 1 1 0 0 0 0 0 2 2 0 0 0 0 0 0 0 0 0 0 0 0 0 0 0 0 0
 6 6 7 3 3 2 1 1 1 1 1 1 1 1 1 1 1 1 1 1 1 1 0 0 0 0 0 2 2 0 0 0 0 0 0 0 0 0 0 0 0 0 0 0 0 0
 6 6 6 3 3 2 1 1 1 1 1 1 1 1 1 1 1 1 1 1 1 1 1 1 0 0 0 3 3 0 0 0 0 0 0 0 0 0 0 0 0 0 0 0 0 0
 6 6 6 3 3 2 1 1 1 1 1 1 1 1 1 1 1 1 1 1 1 1 1 1 0 0 0 3 3 0 0 0 0 0 0 0 0 0 0 0 0 0 0 0 0 0
 6 6 5 4 4 2 2 2 2 2 2 1 1 1 1 1 2 2 0 1 1 1 1 1 0 0 0 0 0 0 0 0 0 0 0 0 0 0 0 0 0 0 0 0 0 0
 5 5 5 5 5 4 5 5 2 2 2 1 1 2 1 1 1 1 0 0 0 0 0 0 0 0 0 0 0 0 0 0 0 0 0 0 0 1 2 2 1 1 0 1 1 0
 5 5 5 5 5 4 5 5 2 2 2 1 1 2 1 1 1 1 0 0 0 0 0 0 0 0 0 0 0 0 0 0 0 0 0 0 0 1 2 2 1 1 0 1 1 0
 7 7 6 5 5 5 5 5 2 2 2 2 2 2 2 2 2 2 1 1 1 0 0 0 0 0 0 0 0 0 0 0 0 0 0 0 0 0 1 1 0 0 0 0 0 0
 6 6 12 12 12 2 1 1 1 1 3 3 3 2 2 2 1 1 0 0 0 1 0 0 0 0 1 0 0 0 0 0 0 0 0 0 0 0 0 0 0 0 0 0 0 0
 6 6 12 12 12 2 1 1 1 1 3 3 3 2 2 2 1 1 0 0 0 1 0 0 0 0 1 0 0 0 0 0 0 0 0 0 0 0 0 0 0 0 0 0 0 0
 4 4 10 10 10 10 2 2 1 1 2 3 3 3 3 3 4 4 2 2 2 0 0 0 1 1 0 0 0 0 0 0 0 0 0 0 0 0 0 0 0 0 0 0 0 1
 4 4 10 10 10 10 2 2 1 1 2 3 3 3 3 3 4 4 2 2 2 0 0 0 1 1 0 0 0 0 0 0 0 0 0 0 0 0 0 0 0 0 0 0 0 1
 4 4 5 4 4 4 2 2 2 2 4 4 4 11 16 16 15 15 12 7 7 15 8 8 6 6 0 0 0 0 0 0 0 0 0 0 0 0 0 0 0 0 0 0 0 0
 17 17 14 12 12 3 14 14 5 5 5 16 16 16 18 18 13 13 17 14 14 5 11 11 2 2 12 0 0 0 0 0 0 0 0 0 0 0 0 0 0 0 0 0 0 0
 17 17 14 12 12 3 14 14 5 5 5 16 16 16 18 18 13 13 17 14 14 5 11 11 2 2 12 0 0 0 0 0 0 0 0 0 0 0 0 0 0 0 0 0 0 0
 43 43 36 13 13 16 17 17 7 7 13 12 12 11 3 3 2 2 5 4 4 10 9 9 6 6 5 4 4 2 0 0 1 1 1 0 0 0 0 0 0 0 0 0 0 0
 54 54 53 30 30 26 23 23 10 10 11 12 12 7 4 4 1 1 1 2 2 2 12 12 6 6 4 1 1 4 0 0 0 0 0 0 0 0 0 0 0 0 0 0 0 0
 54 54 53 30 30 26 23 23 10 10 11 12 12 7 4 4 1 1 1 2 2 2 12 12 6 6 4 1 1 4 0 0 0 0 0 0 0 0 0 0 0 0 0 0 0 0
 59 59 59 35 35 32 23 23 16 16 19 20 20 14 5 5 1 1 1 3 3 2 3 3 1 1 1 1 1 0 0 0 0 0 0 0 0 0 0 0 0 0 0 0 0 0
 59 59 59 35 35 32 23 23 16 16 19 20 20 14 5 5 1 1 1 3 3 2 3 3 1 1 1 1 1 0 0 0 0 0 0 0 0 0 0 0 0 0 0 0 0 0
 62 62 51 38 38 29 28 28 16 16 14 15 15 12 4 4 3 3 3 4 4 5 4 4 6 6 5 5 5 0 0 0 0 0 0 0 0 0 0 0 0 0 0 0 0 0
 51 51 48 35 35 27 21 21 14 14 14 13 13 9 6 6 4 4 6 6 6 4 4 4 3 3 1 1 1 0 0 0 0 0 0 0 0 0 0 0 0 0 0 0 0 0
 51 51 48 35 35 27 21 21 14 14 14 13 13 9 6 6 4 4 6 6 6 4 4 4 3 3 1 1 1 0 0 0 0 0 0 0 0 0 0 0 0 0 0 0 0 0
 50 50 40 29 29 15 17 17 16 16 13 10 10 7 7 7 11 11 15 8 8 5 1 1 1 1 2 0 0 0 0 0 0 0 0 0 0 0 0 0 0 0 0 0 0 0
 36 36 25 25 25 14 17 17 15 15 11 9 9 9 10 10 17 17 20 14 14 7 2 2 1 1 1 0 0 0 0 0 2 2 1 0 0 0 0 0 0 0 0 0 0 0
 36 36 25 25 25 14 17 17 15 15 11 9 9 9 10 10 17 17 20 14 14 7 2 2 1 1 1 0 0 0 0 0 2 2 1 0 0 0 0 0 0 0 0 0 0 0
 42 42 38 23 23 12 10 10 11 11 10 9 9 11 13 13 16 16 15 17 17 13 4 4 2 2 2 0 0 0 0 0 0 0 0 0 0 0 0 0 0 0 0 0 0 0
 42 42 38 23 23 12 10 10 11 11 10 9 9 11 13 13 16 16 15 17 17 13 4 4 2 2 2 0 0 0 0 0 0 0 0 0 0 0 0 0 0 0 0 0 0 0
 43 43 45 31 31 31 10 10 6 6 9 10 10 12 15 15 16 16 17 21 21 15 5 5 4 4 4 1 1 0 1 1 0 0 1 0 0 1 0 0 0 0 0 0 0 0
 19 19 15 10 10 8 7 7 6 6 7 10 10 11 15 15 34 34 35 18 18 11 5 5 5 5 5 1 1 2 2 2 1 1 1 0 0 0 3 3 0 0 0 0 0 0
 19 19 15 10 10 8 7 7 6 6 7 10 10 11 15 15 34 34 35 18 18 11 5 5 5 5 5 1 1 2 2 2 1 1 1 0 0 0 3 3 0 0 0 0 0 0
 17 17 10 7 7 8 8 8 18 18 18 24 24 28 37 37 43 43 47 27 27 23 14 14 10 10 7 5 5 4 4 4 1 1 1 0 0 0 2 2 0 0 0 0 0 0
 15 15 16 14 14 13 22 22 27 27 23 27 27 30 33 33 38 38 37 35 35 28 20 20 14 14 10 5 5 7 5 5 0 0 1 1 1 0 0 0 0 0 0 0 0 0
 15 15 16 14 14 13 22 22 27 27 23 27 27 30 33 33 38 38 37 35 35 28 20 20 14 14 10 5 5 7 5 5 0 0 1 1 1 0 0 0 0 0 0 0 0 0
 18 18 14 15 15 24 25 25 59 59 60 29 29 32 32 32 39 39 42 36 36 41 29 29 10 10 8 7 7 7 7 7 3 3 0 0 0 1 1 1 0 0 0 0 0 0
 18 18 14 15 15 24 25 25 59 59 60 29 29 32 32 32 39 39 42 36 36 41 29 29 10 10 8 7 7 7 7 7 3 3 0 0 0 1 1 1 0 0 0 0 0 0
 22 22 18 29 29 24 28 28 64 64 32 28 28 18 20 20 35 35 24 21 21 27 43 43 42 42 36 37 37 12 11 11 4 4 0 0 0 1 3 3 0 0 0 0 0 0
 41 41 31 21 21 14 15 15 31 31 44 47 47 14 12 12 15 15 26 25 25 41 46 46 39 39 37 40 40 22 18 18 15 15 6 12 12 6 5 5 5 5 0 0 0 0
 41 41 31 21 21 14 15 15 31 31 44 47 47 14 12 12 15 15 26 25 25 41 46 46 39 39 37 40 40 22 18 18 15 15 6 12 12 6 5 5 5 5 0 0 0 0
 48 48 36 49 49 40 34 34 39 39 47 39 39 22 15 15 14 14 31 13 13 17 39 39 56 56 50 13 13 40 26 26 23 23 14 15 15 18 17 17 6 6 3 1 1 0
 59 59 75 74 74 67 50 50 43 43 30 25 25 18 19 19 19 19 32 33 33 34 57 57 71 71 63 63 63 38 26 26 28 28 25 21 21 26 32 32 10 10 14 9 9 1
