assets/RAT_results/precipitation/2023-05-01_IMERG.asc
ncols        46
nrows        77
xllcorner    74.800261325624
yllcorner    8.058333333333
cellsize     0.062500000000
NODATA_value -9999
 0 0 0 1 1 2 1 1 7 7 0 0 0 0 0 0 1 1 2 5 5 9 10 10 10 10 11 9 9 8 8 8 12 12 21 17 17 34 33 33 32 32 32 12 12 9
 0 0 0 1 1 2 5 5 8 8 0 0 0 0 0 0 0 0 2 7 7 14 17 17 16 16 17 18 18 18 24 24 29 29 26 32 32 31 35 35 42 42 53 19 19 12
 0 0 0 1 1 2 5 5 8 8 0 0 0 0 0 0 0 0 2 7 7 14 17 17 16 16 17 18 18 18 24 24 29 29 26 32 32 31 35 35 42 42 53 19 19 12
 0 0 0 0 0 1 2 2 10 10 0 0 0 0 0 0 1 1 2 9 9 20 25 25 25 25 23 24 24 25 27 27 28 28 27 42 42 40 53 53 51 51 39 31 31 25
 0 0 0 0 0 0 0 0 8 8 0 0 0 0 1 1 1 1 2 7 7 17 28 28 32 32 26 30 30 33 35 35 29 29 34 43 43 43 38 38 45 45 40 55 55 19
 0 0 0 0 0 0 0 0 8 8 0 0 0 0 1 1 1 1 2 7 7 17 28 28 32 32 26 30 30 33 35 35 29 29 34 43 43 43 38 38 45 45 40 55 55 19
 0 0 0 0 0 0 0 0 6 6 3 0 0 1 3 3 3 3 2 6 6 16 27 27 31 31 31 43 43 39 30 30 39 39 34 35 35 43 39 39 44 44 44 43 43 14
 0 0 0 0 0 0 0 0 6 6 3 0 0 1 3 3 3 3 2 6 6 16 27 27 31 31 31 43 43 39 30 30 39 39 34 35 35 43 39 39 44 44 44 43 43 14
 0 0 0 0 0 0 0 0 0 0 0 0 0 2 9 9 10 10 4 5 5 18 30 30 35 35 48 53 53 31 34 34 38 38 40 39 39 54 66 66 117 117 31 29 29 9
 0 0 0 0 0 0 0 0 0 0 0 1 1 5 19 19 15 15 11 8 8 12 29 29 37 37 49 51 51 35 34 34 49 49 51 48 48 65 64 64 61 61 43 27 27 13
 0 0 0 0 0 0 0 0 0 0 0 1 1 5 19 19 15 15 11 8 8 12 29 29 37 37 49 51 51 35 34 34 49 49 51 48 48 65 64 64 61 61 43 27 27 13
 0 0 0 0 0 0 0 0 0 0 0 1 1 7 16 16 14 14 8 3 3 7 12 12 27 27 34 40 40 36 33 33 47 47 49 54 54 78 79 79 70 70 43 27 27 21
 0 0 0 0 0 0 0 0 0 0 0 1 1 5 12 12 14 14 8 3 3 3 14 14 28 28 36 34 34 40 35 35 41 41 48 66 66 84 92 92 92 92 34 28 28 31
 0 0 0 0 0 0 0 0 0 0 0 1 1 5 12 12 14 14 8 3 3 3 14 14 28 28 36 34 34 40 35 35 41 41 48 66 66 84 92 92 92 92 34 28 28 31
 0 0 0 1 1 1 0 0 0 0 0 0 0 3 6 6 9 9 8 4 4 7 20 20 34 34 47 42 42 46 40 40 44 44 62 75 75 96 93 93 79 79 39 39 39 48
 0 0 0 1 1 1 0 0 0 0 0 0 0 3 6 6 9 9 8 4 4 7 20 20 34 34 47 42 42 46 40 40 44 44 62 75 75 96 93 93 79 79 39 39 39 48
 0 0 1 3 3 2 1 1 0 0 0 0 0 2 5 5 6 6 9 11 11 6 9 9 30 30 40 44 44 57 51 51 55 55 74 96 96 98 88 88 85 85 61 47 47 55
 0 0 1 4 4 9 3 3 1 1 1 0 0 2 3 3 4 4 11 22 22 9 11 11 19 19 25 39 39 63 66 66 69 69 80 100 100 101 92 92 83 83 58 45 45 43
 0 0 1 4 4 9 3 3 1 1 1 0 0 2 3 3 4 4 11 22 22 9 11 11 19 19 25 39 39 63 66 66 69 69 80 100 100 101 92 92 83 83 58 45 45 43
 0 0 1 3 3 6 3 3 2 2 1 0 0 1 2 2 5 5 5 40 40 17 10 10 18 18 22 32 32 51 60 60 78 78 80 90 90 102 92 92 68 68 57 49 49 51
 1 1 1 1 1 2 3 3 3 3 1 0 0 0 1 1 2 2 3 15 15 16 7 7 7 7 16 25 25 31 70 70 77 77 83 92 92 93 83 83 72 72 69 56 56 64
 1 1 1 1 1 2 3 3 3 3 1 0 0 0 1 1 2 2 3 15 15 16 7 7 7 7 16 25 25 31 70 70 77 77 83 92 92 93 83 83 72 72 69 56 56 64
 3 3 1 1 1 2 1 1 1 1 1 1 1 2 2 2 2 2 2 3 3 10 6 6 5 5 11 12 12 40 28 28 40 40 48 61 61 86 79 79 74 74 65 59 59 61
 3 3 1 1 1 2 1 1 1 1 1 1 1 2 2 2 2 2 2 3 3 10 6 6 5 5 11 12 12 40 28 28 40 40 48 61 61 86 79 79 74 74 65 59 59 61
 9 9 4 3 3 5 4 4 3 3 3 5 5 9 8 8 4 4 5 4 4 8 16 16 12 12 12 15 15 11 15 15 21 21 22 50 50 62 79 79 69 69 72 66 66 59
 14 14 15 6 6 5 10 10 10 10 8 12 12 16 17 17 9 9 8 6 6 10 23 23 24 24 21 18 18 15 13 13 17 17 22 48 48 61 67 67 79 79 80 70 70 55
 14 14 15 6 6 5 10 10 10 10 8 12 12 16 17 17 9 9 8 6 6 10 23 23 24 24 21 18 18 15 13 13 17 17 22 48 48 61 67 67 79 79 80 70 70 55
 13 13 21 11 11 17 8 8 8 8 12 20 20 20 12 12 8 8 5 6 6 9 24 24 29 29 33 25 25 18 16 16 19 19 24 32 32 37 51 51 67 67 79 70 70 47
 14 14 26 34 34 28 11 11 11 11 13 14 14 16 13 13 12 12 7 5 5 9 19 19 23 23 32 36 36 26 20 20 24 24 34 40 40 41 42 42 66 66 69 60 60 39
 14 14 26 34 34 28 11 11 11 11 13 14 14 16 13 13 12 12 7 5 5 9 19 19 23 23 32 36 36 26 20 20 24 24 34 40 40 41 42 42 66 66 69 60 60 39
 28 28 41 83 83 46 16 16 12 12 10 9 9 11 15 15 12 12 8 5 5 4 8 8 13 13 20 31 31 21 15 15 24 24 37 41 41 48 46 46 58 58 48 46 46 42
 28 28 41 83 83 46 16 16 12 12 10 9 9 11 15 15 12 12 8 5 5 4 8 8 13 13 20 31 31 21 15 15 24 24 37 41 41 48 46 46 58 58 48 46 46 42
 33 33 37 59 59 60 27 27 21 21 13 7 7 13 21 21 10 10 7 5 5 2 4 4 11 11 15 13 13 10 4 4 11 11 18 28 28 36 39 39 37 37 40 39 39 32
 26 26 37 58 58 103 88 88 31 31 26 18 18 15 15 15 11 11 15 10 10 2 3 3 6 6 11 11 11 10 6 6 4 4 6 12 12 20 31 31 36 36 34 41 41 33
 26 26 37 58 58 103 88 88 31 31 26 18 18 15 15 15 11 11 15 10 10 2 3 3 6 6 11 11 11 10 6 6 4 4 6 12 12 20 31 31 36 36 34 41 41 33
 35 35 62 78 78 113 124 124 54 54 34 42 42 31 15 15 12 12 18 15 15 5 7 7 7 7 6 5 5 2 2 2 1 1 2 6 6 12 23 23 24 24 31 39 39 33
 78 78 76 67 67 98 82 82 49 49 29 38 38 37 29 29 14 14 11 16 16 12 13 13 6 6 8 3 3 1 1 1 3 3 3 9 9 10 14 14 16 16 22 31 31 34
 78 78 76 67 67 98 82 82 49 49 29 38 38 37 29 29 14 14 11 16 16 12 13 13 6 6 8 3 3 1 1 1 3 3 3 9 9 10 14 14 16 16 22 31 31 34
 64 64 75 68 68 88 44 44 39 39 29 28 28 30 31 31 21 21 23 24 24 17 11 11 9 9 14 4 4 4 1 1 1 1 2 9 9 9 7 7 9 9 12 19 19 32
 64 64 75 68 68 88 44 44 39 39 29 28 28 30 31 31 21 21 23 24 24 17 11 11 9 9 14 4 4 4 1 1 1 1 2 9 9 9 7 7 9 9 12 19 19 32
 43 43 51 45 45 43 40 40 31 31 34 36 36 36 33 33 28 28 24 25 25 21 16 16 13 13 8 4 4 3 3 3 3 3 2 5 5 14 10 10 11 11 16 23 23 34
 30 30 35 35 35 39 36 36 37 37 43 44 44 41 43 43 42 42 19 17 17 26 15 15 13 13 15 8 8 5 6 6 6 6 6 10 10 12 14 14 12 12 19 38 38 45
 30 30 35 35 35 39 36 36 37 37 43 44 44 41 43 43 42 42 19 17 17 26 15 15 13 13 15 8 8 5 6 6 6 6 6 10 10 12 14 14 12 12 19 38 38 45
 22 22 31 37 37 44 39 39 41 41 43 43 43 39 34 34 43 43 29 21 21 14 12 12 12 12 16 9 9 10 11 11 13 13 8 19 19 14 13 13 15 15 24 38 38 39
 30 30 35 38 38 39 38 38 37 37 37 40 40 33 25 25 16 16 16 13 13 4 7 7 7 7 12 8 8 13 16 16 14 14 13 23 23 13 10 10 16 16 19 22 22 28
 30 30 35 38 38 39 38 38 37 37 37 40 40 33 25 25 16 16 16 13 13 4 7 7 7 7 12 8 8 13 16 16 14 14 13 23 23 13 10 10 16 16 19 22 22 28
 35 35 33 33 33 31 32 32 32 32 30 31 31 34 18 18 13 13 13 10 10 8 6 6 4 4 7 8 8 7 9 9 11 11 12 16 16 19 18 18 19 19 18 17 17 20
 35 35 33 33 33 31 32 32 32 32 30 31 31 34 18 18 13 13 13 10 10 8 6 6 4 4 7 8 8 7 9 9 11 11 12 16 16 19 18 18 19 19 18 17 17 20
 33 33 29 31 31 29 28 28 23 23 21 21 21 27 25 25 16 16 12 9 9 6 4 4 10 10 10 8 8 5 5 5 9 9 11 17 17 23 27 27 33 33 29 27 27 33
 29 29 26 21 21 19 17 17 12 12 10 11 11 24 41 41 24 24 16 16 16 11 4 4 7 7 14 12 12 5 4 4 9 9 10 17 17 25 27 27 30 30 35 34 34 40
 29 29 26 21 21 19 17 17 12 12 10 11 11 24 41 41 24 24 16 16 16 11 4 4 7 7 14 12 12 5 4 4 9 9 10 17 17 25 27 27 30 30 35 34 34 40
 22 22 26 14 14 11 10 10 8 8 11 15 15 26 62 62 31 31 17 16 16 11 7 7 11 11 10 10 10 11 11 11 15 15 20 19 19 21 25 25 28 28 37 60 60 39
 12 12 16 11 11 11 9 9 9 9 10 14 14 31 54 54 42 42 30 28 28 13 9 9 14 14 12 9 9 7 15 15 16 16 16 21 21 22 23 23 29 29 40 49 49 50
 12 12 16 11 11 11 9 9 9 9 10 14 14 31 54 54 42 42 30 28 28 13 9 9 14 14 12 9 9 7 15 15 16 16 16 21 21 22 23 23 29 29 40 49 49 50
 11 11 9 12 12 12 11 11 10 10 10 20 20 28 50 50 46 46 40 27 27 15 15 15 24 24 20 13 13 9 9 9 14 14 9 15 15 24 30 30 28 28 36 41 41 42
 11 11 9 12 12 12 11 11 10 10 10 20 20 28 50 50 46 46 40 27 27 15 15 15 24 24 20 13 13 9 9 9 14 14 9 15 15 24 30 30 28 28 36 41 41 42
 7 7 7 14 14 8 5 5 5 5 6 19 19 24 39 39 50 50 38 23 23 28 17 17 28 28 27 22 22 16 13 13 16 16 13 14 14 15 22 22 21 21 22 30 30 28
 10 10 11 14 14 8 5 5 6 6 7 21 21 21 33 33 47 47 51 20 20 24 20 20 16 16 33 28 28 23 20 20 19 19 18 16 16 26 14 14 17 17 17 21 21 21
 10 10 11 14 14 8 5 5 6 6 7 21 21 21 33 33 47 47 51 20 20 24 20 20 16 16 33 28 28 23 20 20 19 19 18 16 16 26 14 14 17 17 17 21 21 21
 9 9 11 15 15 11 7 7 7 7 9 11 11 24 25 25 38 38 56 22 22 15 24 24 13 13 37 36 36 31 27 27 21 21 20 20 20 19 18 18 19 19 19 18 18 17
 10 10 9 10 10 11 8 8 16 16 17 10 10 24 29 29 42 42 32 31 31 14 28 28 16 16 17 38 38 36 33 33 25 25 22 23 23 22 22 22 25 25 20 16 16 12
 10 10 9 10 10 11 8 8 16 16 17 10 10 24 29 29 42 42 32 31 31 14 28 28 16 16 17 38 38 36 33 33 25 25 22 23 23 22 22 22 25 25 20 16 16 12
 18 18 10 11 11 13 8 8 22 22 31 24 24 25 28 28 43 43 28 31 31 24 30 30 27 27 16 36 36 36 32 32 28 28 25 34 34 30 20 20 24 24 27 20 20 13
 18 18 10 11 11 13 8 8 22 22 31 24 24 25 28 28 43 43 28 31 31 24 30 30 27 27 16 36 36 36 32 32 28 28 25 34 34 30 20 20 24 24 27 20 20 13
 24 24 18 13 13 17 11 11 21 21 26 21 21 19 20 20 35 35 44 33 33 51 40 40 36 36 29 22 22 37 33 33 29 29 26 42 42 41 22 22 20 20 30 17 17 18
 25 25 21 20 20 27 42 42 43 43 27 22 22 10 10 10 18 18 20 18 18 36 39 39 35 35 34 29 29 52 52 52 41 41 35 42 42 28 27 27 22 22 23 22 22 18
 25 25 21 20 20 27 42 42 43 43 27 22 22 10 10 10 18 18 20 18 18 36 39 39 35 35 34 29 29 52 52 52 41 41 35 42 42 28 27 27 22 22 23 22 22 18
 32 32 35 37 37 43 35 35 58 58 59 32 32 20 8 8 13 13 14 17 17 25 46 46 45 45 46 48 48 48 58 58 43 43 33 25 25 24 18 18 28 28 8 20 20 12
 41 41 41 33 33 34 41 41 49 49 45 36 36 21 9 9 14 14 17 26 26 33 78 78 45 45 45 44 44 45 36 36 38 38 33 31 31 21 14 14 10 10 6 14 14 7
 41 41 41 33 33 34 41 41 49 49 45 36 36 21 9 9 14 14 17 26 26 33 78 78 45 45 45 44 44 45 36 36 38 38 33 31 31 21 14 14 10 10 6 14 14 7
 38 38 41 34 34 44 39 39 34 34 38 38 38 33 25 25 35 35 38 49 49 79 86 86 79 79 42 41 41 42 40 40 23 23 33 32 32 25 18 18 10 10 4 6 6 2
 38 38 41 34 34 44 39 39 34 34 38 38 38 33 25 25 35 35 38 49 49 79 86 86 79 79 42 41 41 42 40 40 23 23 33 32 32 25 18 18 10 10 4 6 6 2
 40 40 37 29 29 36 31 31 27 27 21 34 34 25 20 20 37 37 58 41 41 45 62 62 69 69 53 52 52 51 38 38 35 35 27 43 43 31 26 26 18 18 8 7 7 2
 44 44 39 36 36 35 33 33 19 19 23 27 27 17 13 13 14 14 21 19 19 35 42 42 67 67 69 52 52 57 49 49 47 47 46 32 32 23 23 23 30 30 22 13 13 9
 44 44 39 36 36 35 33 33 19 19 23 27 27 17 13 13 14 14 21 19 19 35 42 42 67 67 69 52 52 57 49 49 47 47 46 32 32 23 23 23 30 30 22 13 13 9
 45 45 45 45 45 33 20 20 18 18 24 28 28 20 13 13 10 10 11 12 12 19 18 18 21 21 55 52 52 43 47 47 41 41 43 40 40 27 26 26 51 51 26 25 25 17
 50 50 45 40 40 41 20 20 19 19 24 38 38 22 17 17 16 16 13 11 11 10 12 12 12 12 19 25 25 27 37 37 43 43 44 31 31 15 15 15 23 23 20 17 17 9
