assets/RAT_results/precipitation/2023-05-30_IMERG.asc
ncols        46
nrows        77
xllcorner    74.800261325624
yllcorner    8.058333333333
cellsize     0.062500000000
NODATA_value -9999
 5 5 5 1 1 1 0 0 0 0 0 0 0 0 0 0 0 0 1 1 1 3 4 4 8 8 13 9 9 5 1 1 1 1 7 13 13 10 18 18 15 15 19 39 39 41
 2 2 2 1 1 1 1 1 1 1 0 0 0 0 1 1 2 2 3 2 2 2 2 2 5 5 9 10 10 7 2 2 1 1 1 3 3 4 17 17 16 16 18 14 14 18
 2 2 2 1 1 1 1 1 1 1 0 0 0 0 1 1 2 2 3 2 2 2 2 2 5 5 9 10 10 7 2 2 1 1 1 3 3 4 17 17 16 16 18 14 14 18
 2 2 2 2 2 1 1 1 1 1 1 1 1 1 2 2 4 4 5 3 3 2 2 2 3 3 3 4 4 4 3 3 2 2 1 3 3 3 13 13 13 13 16 15 15 19
 1 1 2 2 2 2 2 2 1 1 1 1 1 3 3 3 6 6 4 4 4 2 3 3 4 4 3 3 3 4 6 6 5 5 4 3 3 3 1 1 1 1 2 4 4 3
 1 1 2 2 2 2 2 2 1 1 1 1 1 3 3 3 6 6 4 4 4 2 3 3 4 4 3 3 3 4 6 6 5 5 4 3 3 3 1 1 1 1 2 4 4 3
 4 4 1 2 2 2 2 2 2 2 2 2 2 2 3 3 6 6 9 5 5 4 6 6 4 4 4 3 3 3 5 5 7 7 9 3 3 1 1 1 3 3 3 7 7 3
 4 4 1 2 2 2 2 2 2 2 2 2 2 2 3 3 6 6 9 5 5 4 6 6 4 4 4 3 3 3 5 5 7 7 9 3 3 1 1 1 3 3 3 7 7 3
 8 8 3 2 2 3 3 3 3 3 2 4 4 5 4 4 7 7 10 7 7 5 8 8 7 7 4 2 2 2 3 3 7 7 11 4 4 4 5 5 3 3 5 5 5 3
 14 14 7 4 4 3 3 3 3 3 4 6 6 7 8 8 12 12 14 12 12 10 7 7 6 6 4 4 4 2 2 2 3 3 4 2 2 3 5 5 5 5 15 12 12 20
 14 14 7 4 4 3 3 3 3 3 4 6 6 7 8 8 12 12 14 12 12 10 7 7 6 6 4 4 4 2 2 2 3 3 4 2 2 3 5 5 5 5 15 12 12 20
 14 14 11 5 5 4 3 3 10 10 10 12 12 12 13 13 15 15 16 14 14 16 12 12 8 8 5 4 4 2 1 1 3 3 3 1 1 4 4 4 4 4 13 12 12 20
 6 6 6 6 6 6 6 6 5 5 31 25 25 14 26 26 24 24 22 21 21 22 17 17 8 8 5 6 6 4 2 2 2 2 2 2 2 5 2 2 2 2 10 9 9 10
 6 6 6 6 6 6 6 6 5 5 31 25 25 14 26 26 24 24 22 21 21 22 17 17 8 8 5 6 6 4 2 2 2 2 2 2 2 5 2 2 2 2 10 9 9 10
 1 1 3 5 5 6 9 9 8 8 21 16 16 19 31 31 28 28 21 23 23 18 14 14 8 8 8 9 9 12 6 6 3 3 2 1 1 2 2 2 2 2 10 5 5 5
 1 1 3 5 5 6 9 9 8 8 21 16 16 19 31 31 28 28 21 23 23 18 14 14 8 8 8 9 9 12 6 6 3 3 2 1 1 2 2 2 2 2 10 5 5 5
 1 1 2 4 4 6 8 8 14 14 19 23 23 55 26 26 58 58 29 30 30 17 14 14 8 8 9 8 8 23 7 7 5 5 2 1 1 3 2 2 3 3 3 5 5 5
 0 0 1 2 2 4 6 6 8 8 23 23 23 50 46 46 14 14 10 15 15 13 7 7 8 8 8 6 6 7 4 4 4 4 15 1 1 2 2 2 3 3 2 2 2 2
 0 0 1 2 2 4 6 6 8 8 23 23 23 50 46 46 14 14 10 15 15 13 7 7 8 8 8 6 6 7 4 4 4 4 15 1 1 2 2 2 3 3 2 2 2 2
 0 0 1 2 2 4 7 7 7 7 9 26 26 21 22 22 8 8 4 3 3 8 8 8 7 7 6 4 4 5 6 6 8 8 3 1 1 0 0 0 2 2 2 2 2 3
 0 0 0 6 6 12 8 8 7 7 9 18 18 22 20 20 12 12 5 2 2 6 7 7 4 4 4 5 5 6 11 11 9 9 8 2 2 1 1 1 1 1 2 3 3 3
 0 0 0 6 6 12 8 8 7 7 9 18 18 22 20 20 12 12 5 2 2 6 7 7 4 4 4 5 5 6 11 11 9 9 8 2 2 1 1 1 1 1 2 3 3 3
 0 0 3 15 15 17 13 13 9 9 8 12 12 17 15 15 9 9 5 2 2 2 2 2 4 4 7 7 7 9 10 10 8 8 6 5 5 3 2 2 2 2 2 3 3 3
 0 0 3 15 15 17 13 13 9 9 8 12 12 17 15 15 9 9 5 2 2 2 2 2 4 4 7 7 7 9 10 10 8 8 6 5 5 3 2 2 2 2 2 3 3 3
 1 1 2 13 13 16 14 14 10 10 9 7 7 8 7 7 5 5 4 3 3 3 4 4 4 4 5 5 5 9 10 10 11 11 9 7 7 6 4 4 3 3 3 3 3 3
 2 2 2 4 4 5 10 10 6 6 4 4 4 4 4 4 4 4 7 12 12 3 3 3 3 3 4 3 3 6 7 7 9 9 10 9 9 8 5 5 4 4 5 4 4 3
 2 2 2 4 4 5 10 10 6 6 4 4 4 4 4 4 4 4 7 12 12 3 3 3 3 3 4 3 3 6 7 7 9 9 10 9 9 8 5 5 4 4 5 4 4 3
 4 4 3 3 3 4 4 4 3 3 2 2 2 3 2 2 3 3 7 7 7 4 3 3 2 2 3 1 1 3 4 4 6 6 9 8 8 8 7 7 4 4 2 1 1 2
 6 6 6 4 4 4 5 5 3 3 1 1 1 1 1 1 1 1 3 4 4 5 5 5 1 1 0 0 0 1 1 1 2 2 3 4 4 6 7 7 5 5 3 2 2 2
 6 6 6 4 4 4 5 5 3 3 1 1 1 1 1 1 1 1 3 4 4 5 5 5 1 1 0 0 0 1 1 1 2 2 3 4 4 6 7 7 5 5 3 2 2 2
 8 8 9 8 8 7 5 5 3 3 2 1 1 1 1 1 0 0 0 0 0 1 2 2 1 1 0 0 0 0 1 1 1 1 2 3 3 5 5 5 8 8 7 6 6 4
 8 8 9 8 8 7 5 5 3 3 2 1 1 1 1 1 0 0 0 0 0 1 2 2 1 1 0 0 0 0 1 1 1 1 2 3 3 5 5 5 8 8 7 6 6 4
 8 8 9 8 8 8 8 8 7 7 3 1 1 1 1 1 0 0 0 0 0 0 0 0 0 0 0 0 0 0 0 0 1 1 4 5 5 6 7 7 11 11 13 10 10 8
 6 6 5 6 6 6 9 9 10 10 5 2 2 1 0 0 0 0 0 0 0 0 0 0 0 0 0 0 0 0 0 0 1 1 4 5 5 5 11 11 15 15 20 16 16 16
 6 6 5 6 6 6 9 9 10 10 5 2 2 1 0 0 0 0 0 0 0 0 0 0 0 0 0 0 0 0 0 0 1 1 4 5 5 5 11 11 15 15 20 16 16 16
 2 2 2 4 4 5 8 8 8 8 3 2 2 1 1 1 0 0 0 0 0 1 1 1 1 1 0 0 0 1 0 0 1 1 4 5 5 5 11 11 15 15 24 44 44 25
 0 0 0 1 1 3 5 5 4 4 1 1 1 1 1 1 1 1 1 1 1 1 2 2 2 2 2 2 2 1 1 1 4 4 3 5 5 5 6 6 16 16 23 90 90 37
 0 0 0 1 1 3 5 5 4 4 1 1 1 1 1 1 1 1 1 1 1 1 2 2 2 2 2 2 2 1 1 1 4 4 3 5 5 5 6 6 16 16 23 90 90 37
 0 0 0 0 0 1 1 1 1 1 0 1 1 1 1 1 2 2 2 2 2 2 3 3 3 3 3 2 2 1 1 1 3 3 3 6 6 7 25 25 23 23 24 23 23 18
 0 0 0 0 0 1 1 1 1 1 0 1 1 1 1 1 2 2 2 2 2 2 3 3 3 3 3 2 2 1 1 1 3 3 3 6 6 7 25 25 23 23 24 23 23 18
 0 0 0 0 0 0 0 0 2 2 1 1 1 1 1 1 2 2 2 3 3 4 5 5 5 5 5 5 5 3 3 3 2 2 1 3 3 7 26 26 17 17 18 8 8 5
 0 0 0 0 0 0 0 0 1 1 4 1 1 1 1 1 2 2 3 4 4 5 7 7 9 9 9 9 9 7 8 8 5 5 2 6 6 2 2 2 9 9 8 4 4 1
 0 0 0 0 0 0 0 0 1 1 4 1 1 1 1 1 2 2 3 4 4 5 7 7 9 9 9 9 9 7 8 8 5 5 2 6 6 2 2 2 9 9 8 4 4 1
 0 0 0 0 0 0 0 0 0 0 1 1 1 1 1 1 2 2 2 3 3 4 6 6 7 7 9 9 9 9 14 14 9 9 4 2 2 2 2 2 2 2 2 1 1 0
 0 0 0 0 0 0 0 0 0 0 0 1 1 1 1 1 1 1 2 3 3 9 10 10 11 11 13 9 9 9 10 10 9 9 4 1 1 1 1 1 0 0 0 0 0 0
 0 0 0 0 0 0 0 0 0 0 0 1 1 1 1 1 1 1 2 3 3 9 10 10 11 11 13 9 9 9 10 10 9 9 4 1 1 1 1 1 0 0 0 0 0 0
 0 0 0 0 0 0 0 0 0 0 0 0 0 0 1 1 2 2 2 4 4 11 11 11 14 14 16 9 9 9 7 7 5 5 2 1 1 1 2 2 1 1 1 1 1 1
 0 0 0 0 0 0 0 0 0 0 0 0 0 0 1 1 2 2 2 4 4 11 11 11 14 14 16 9 9 9 7 7 5 5 2 1 1 1 2 2 1 1 1 1 1 1
 0 0 0 0 0 0 0 0 0 0 0 0 0 0 0 0 1 1 8 9 9 10 13 13 14 14 15 9 9 11 11 11 5 5 2 1 1 2 4 4 4 4 2 2 2 3
 0 0 0 0 0 0 0 0 0 0 0 0 0 0 0 0 1 1 7 9 9 5 11 11 11 11 12 11 11 11 12 12 11 11 4 2 2 3 4 4 3 3 2 2 2 2
 0 0 0 0 0 0 0 0 0 0 0 0 0 0 0 0 1 1 7 9 9 5 11 11 11 11 12 11 11 11 12 12 11 11 4 2 2 3 4 4 3 3 2 2 2 2
 1 1 1 0 0 0 0 0 0 0 0 0 0 1 0 0 1 1 2 3 3 4 10 10 10 10 12 14 14 14 15 15 15 15 6 3 3 3 4 4 3 3 1 0 0 0
 2 2 2 2 2 1 0 0 0 0 0 0 0 1 0 0 1 1 4 1 1 2 3 3 10 10 12 14 14 14 13 13 13 13 6 2 2 1 1 1 2 2 1 0 0 0
 2 2 2 2 2 1 0 0 0 0 0 0 0 1 0 0 1 1 4 1 1 2 3 3 10 10 12 14 14 14 13 13 13 13 6 2 2 1 1 1 2 2 1 0 0 0
 1 1 2 3 3 2 1 1 0 0 0 10 10 11 4 4 4 4 3 1 1 1 6 6 15 15 18 20 20 15 14 14 13 13 5 2 2 1 1 1 2 2 2 1 1 2
 1 1 2 3 3 2 1 1 0 0 0 10 10 11 4 4 4 4 3 1 1 1 6 6 15 15 18 20 20 15 14 14 13 13 5 2 2 1 1 1 2 2 2 1 1 2
 0 0 1 1 1 3 2 2 2 2 6 10 10 10 5 5 5 5 5 5 5 5 6 6 15 15 17 19 19 21 16 16 18 18 15 2 2 1 1 1 2 2 3 1 1 1
 0 0 1 1 1 3 3 3 2 2 8 11 11 11 8 8 6 6 6 6 6 2 2 2 15 15 17 18 18 20 14 14 17 17 10 2 2 1 2 2 2 2 3 1 1 1
 0 0 1 1 1 3 3 3 2 2 8 11 11 11 8 8 6 6 6 6 6 2 2 2 15 15 17 18 18 20 14 14 17 17 10 2 2 1 2 2 2 2 3 1 1 1
 0 0 0 1 1 3 3 3 3 3 9 8 8 1 1 1 2 2 2 2 2 1 2 2 3 3 7 8 8 10 8 8 9 9 8 2 2 0 1 1 1 1 1 0 0 1
 0 0 0 0 0 0 0 0 1 1 1 0 0 0 1 1 1 1 1 1 1 1 1 1 2 2 7 7 7 3 5 5 3 3 3 1 1 0 0 0 0 0 0 0 0 0
 0 0 0 0 0 0 0 0 1 1 1 0 0 0 1 1 1 1 1 1 1 1 1 1 2 2 7 7 7 3 5 5 3 3 3 1 1 0 0 0 0 0 0 0 0 0
 0 0 0 0 0 0 0 0 0 0 0 0 0 0 0 0 1 1 1 1 1 1 1 1 1 1 1 1 1 1 2 2 2 2 1 0 0 0 0 0 0 0 0 0 0 0
 0 0 0 0 0 0 0 0 0 0 0 0 0 0 0 0 1 1 1 1 1 1 1 1 1 1 1 1 1 1 2 2 2 2 1 0 0 0 0 0 0 0 0 0 0 0
 0 0 0 0 0 0 0 0 0 0 0 1 1 1 0 0 1 1 1 1 1 1 0 0 1 1 1 1 1 1 2 2 2 2 1 1 1 0 0 0 0 0 0 0 0 0
 0 0 0 0 0 0 0 0 0 0 1 2 2 3 0 0 0 0 1 1 1 0 0 0 0 0 1 1 1 2 4 4 5 5 5 4 4 1 0 0 0 0 0 0 0 0
 0 0 0 0 0 0 0 0 0 0 1 2 2 3 0 0 0 0 1 1 1 0 0 0 0 0 1 1 1 2 4 4 5 5 5 4 4 1 0 0 0 0 0 0 0 0
 0 0 0 0 0 0 0 0 0 0 0 0 0 1 0 0 0 0 0 0 0 0 0 0 0 0 0 1 1 2 2 2 3 3 3 2 2 2 0 0 0 0 2 0 0 0
 0 0 0 0 0 0 0 0 0 0 0 0 0 0 0 0 0 0 0 0 0 0 0 0 0 0 1 1 1 1 1 1 1 1 1 1 1 2 1 1 1 1 1 0 0 1
 0 0 0 0 0 0 0 0 0 0 0 0 0 0 0 0 0 0 0 0 0 0 0 0 0 0 1 1 1 1 1 1 1 1 1 1 1 2 1 1 1 1 1 0 0 1
 0 0 0 0 0 1 0 0 0 0 0 0 0 1 1 1 0 0 0 0 0 0 1 1 1 1 0 0 0 0 0 0 1 1 1 1 1 2 2 2 1 1 1 1 1 2
 0 0 0 0 0 1 0 0 0 0 0 0 0 1 1 1 0 0 0 0 0 0 1 1 1 1 0 0 0 0 0 0 1 1 1 1 1 2 2 2 1 1 1 1 1 2
 1 1 0 0 0 1 0 0 0 0 0 0 0 1 1 1 0 0 0 0 0 1 1 1 1 1 2 1 1 1 1 1 1 1 1 1 1 2 2 2 1 1 1 1 1 3
 1 1 0 1 1 1 1 1 1 1 0 0 0 1 3 3 1 1 1 0 0 0 1 1 2 2 2 2 2 2 2 2 3 3 1 1 1 1 1 1 0 0 0 0 0 1
 1 1 0 1 1 1 1 1 1 1 0 0 0 1 3 3 1 1 1 0 0 0 1 1 2 2 2 2 2 2 2 2 3 3 1 1 1 1 1 1 0 0 0 0 0 1
 1 1 1 1 1 2 3 3 2 2 0 0 0 1 3 3 3 3 1 0 0 0 0 0 1 1 1 1 1 2 1 1 3 3 0 1 1 1 0 0 0 0 0 0 0 0
 2 2 1 1 1 1 2 2 2 2 0 0 0 1 1 1 2 2 1 0 0 0 0 0 0 0 0 0 0 1 1 1 1 1 1 1 1 0 0 0 0 0 0 0 0 0
