assets/RAT_results/precipitation/2023-10-01_IMERG.asc
ncols        46
nrows        77
xllcorner    74.800261325624
yllcorner    8.058333333333
cellsize     0.062500000000
NODATA_value -9999
 1 1 0 2 2 3 3 3 0 0 0 0 0 0 3 3 0 0 0 0 0 1 0 0 0 0 0 0 0 0 0 0 0 0 0 0 0 0 0 0 0 0 0 0 0 0
 1 1 1 3 3 3 3 3 0 0 0 0 0 0 3 3 0 0 0 0 0 0 0 0 0 0 0 0 0 0 0 0 0 0 0 0 0 0 0 0 0 0 0 0 0 0
 1 1 1 3 3 3 3 3 0 0 0 0 0 0 3 3 0 0 0 0 0 0 0 0 0 0 0 0 0 0 0 0 0 0 0 0 0 0 0 0 0 0 0 0 0 0
 0 0 1 1 1 2 0 0 0 0 0 0 0 0 1 1 0 0 0 0 0 0 0 0 0 0 0 0 0 0 0 0 0 0 0 0 0 0 0 0 0 0 0 0 0 0
 0 0 0 0 0 0 0 0 0 0 0 0 0 0 0 0 0 0 0 0 0 0 0 0 0 0 0 0 0 0 0 0 0 0 0 0 0 0 0 0 0 0 0 0 0 0
 0 0 0 0 0 0 0 0 0 0 0 0 0 0 0 0 0 0 0 0 0 0 0 0 0 0 0 0 0 0 0 0 0 0 0 0 0 0 0 0 0 0 0 0 0 0
 0 0 0 0 0 0 0 0 0 0 0 0 0 2 0 0 0 0 0 0 0 0 0 0 0 0 0 0 0 0 0 0 0 0 0 0 0 0 0 0 0 0 0 0 0 0
 0 0 0 0 0 0 0 0 0 0 0 0 0 2 0 0 0 0 0 0 0 0 0 0 0 0 0 0 0 0 0 0 0 0 0 0 0 0 0 0 0 0 0 0 0 0
 0 0 0 1 1 0 0 0 1 1 1 2 2 3 6 6 7 7 3 3 3 0 0 0 0 0 0 0 0 0 0 0 0 0 0 0 0 0 5 5 3 3 3 0 0 0
 0 0 0 0 0 0 0 0 1 1 7 9 9 10 12 12 15 15 8 7 7 2 0 0 0 0 0 0 0 0 0 0 0 0 0 0 0 1 0 0 0 0 0 0 0 0
 0 0 0 0 0 0 0 0 1 1 7 9 9 10 12 12 15 15 8 7 7 2 0 0 0 0 0 0 0 0 0 0 0 0 0 0 0 1 0 0 0 0 0 0 0 0
 1 1 1 1 1 1 0 0 0 0 1 4 4 8 8 8 2 2 2 2 2 1 0 0 0 0 0 0 0 0 0 0 0 0 0 3 3 0 1 1 2 2 1 2 2 0
 1 1 1 1 1 1 0 0 1 1 3 7 7 3 2 2 2 2 1 2 2 1 1 1 0 0 0 0 0 1 0 0 0 0 0 0 0 4 7 7 8 8 4 2 2 2
 1 1 1 1 1 1 0 0 1 1 3 7 7 3 2 2 2 2 1 2 2 1 1 1 0 0 0 0 0 1 0 0 0 0 0 0 0 4 7 7 8 8 4 2 2 2
 3 3 2 2 2 5 4 4 6 6 6 10 10 10 6 6 9 9 6 8 8 2 3 3 1 1 0 0 0 6 0 0 1 1 1 1 1 4 2 2 3 3 3 2 2 1
 3 3 2 2 2 5 4 4 6 6 6 10 10 10 6 6 9 9 6 8 8 2 3 3 1 1 0 0 0 6 0 0 1 1 1 1 1 4 2 2 3 3 3 2 2 1
 11 11 2 2 2 3 12 12 5 5 8 10 10 21 16 16 15 15 12 13 13 8 9 9 7 7 3 2 2 2 0 0 0 0 0 0 0 0 0 0 0 0 1 0 0 0
 3 3 2 4 4 2 7 7 7 7 9 10 10 8 14 14 11 11 13 12 12 12 9 9 3 3 1 0 0 0 0 0 0 0 0 0 0 0 0 0 0 0 0 0 0 0
 3 3 2 4 4 2 7 7 7 7 9 10 10 8 14 14 11 11 13 12 12 12 9 9 3 3 1 0 0 0 0 0 0 0 0 0 0 0 0 0 0 0 0 0 0 0
 8 8 9 5 5 8 4 4 5 5 12 7 7 8 15 15 6 6 10 15 15 13 5 5 3 3 3 5 5 0 0 0 0 0 0 0 0 0 0 0 0 0 0 0 0 0
 20 20 12 10 10 15 20 20 15 15 11 1 1 8 22 22 13 13 7 10 10 6 12 12 10 10 8 2 2 0 0 0 0 0 0 0 0 1 0 0 0 0 0 0 0 0
 20 20 12 10 10 15 20 20 15 15 11 1 1 8 22 22 13 13 7 10 10 6 12 12 10 10 8 2 2 0 0 0 0 0 0 0 0 1 0 0 0 0 0 0 0 0
 24 24 18 16 16 29 36 36 29 29 18 6 6 16 15 15 11 11 8 8 8 6 8 8 14 14 8 3 3 0 0 0 0 0 0 0 0 0 0 0 0 0 0 0 0 0
 24 24 18 16 16 29 36 36 29 29 18 6 6 16 15 15 11 11 8 8 8 6 8 8 14 14 8 3 3 0 0 0 0 0 0 0 0 0 0 0 0 0 0 0 0 0
 16 16 17 30 30 36 27 27 25 25 22 6 6 16 9 9 8 8 19 17 17 13 12 12 14 14 11 10 10 11 1 1 0 0 0 0 0 0 0 0 0 0 0 0 0 0
 17 17 22 26 26 19 16 16 19 19 21 16 16 20 26 26 16 16 18 21 21 23 33 33 13 13 9 11 11 10 4 4 0 0 0 0 0 0 0 0 0 0 0 0 0 0
 17 17 22 26 26 19 16 16 19 19 21 16 16 20 26 26 16 16 18 21 21 23 33 33 13 13 9 11 11 10 4 4 0 0 0 0 0 0 0 0 0 0 0 0 0 0
 14 14 16 10 10 15 20 20 23 23 29 36 36 27 25 25 23 23 28 33 33 29 21 21 14 14 6 9 9 5 1 1 0 0 0 0 0 0 0 0 0 0 0 0 0 0
 17 17 15 7 7 9 20 20 31 31 42 24 24 19 37 37 33 33 33 32 32 24 11 11 7 7 5 2 2 3 2 2 3 3 0 0 0 0 0 0 0 0 0 0 0 0
 17 17 15 7 7 9 20 20 31 31 42 24 24 19 37 37 33 33 33 32 32 24 11 11 7 7 5 2 2 3 2 2 3 3 0 0 0 0 0 0 0 0 0 0 0 0
 15 15 11 9 9 11 21 21 38 38 22 48 48 49 31 31 25 25 15 25 25 26 17 17 12 12 13 9 9 16 11 11 8 8 0 0 0 0 0 0 0 0 0 0 0 0
 15 15 11 9 9 11 21 21 38 38 22 48 48 49 31 31 25 25 15 25 25 26 17 17 12 12 13 9 9 16 11 11 8 8 0 0 0 0 0 0 0 0 0 0 0 0
 6 6 7 11 11 14 19 19 26 26 19 14 14 19 23 23 28 28 21 26 26 23 12 12 11 11 10 15 15 8 13 13 6 6 1 0 0 0 0 0 0 0 0 0 0 0
 7 7 8 10 10 12 13 13 14 14 16 17 17 14 15 15 25 25 18 16 16 20 11 11 11 11 11 9 9 5 6 6 5 5 0 0 0 0 1 1 0 0 0 0 0 0
 7 7 8 10 10 12 13 13 14 14 16 17 17 14 15 15 25 25 18 16 16 20 11 11 11 11 11 9 9 5 6 6 5 5 0 0 0 0 1 1 0 0 0 0 0 0
 18 18 18 11 11 10 6 6 11 11 11 7 7 10 22 22 17 17 17 15 15 13 8 8 6 6 4 5 5 6 3 3 3 3 0 0 0 2 3 3 0 0 0 0 0 0
 16 16 27 18 18 8 8 8 9 9 8 5 5 6 10 10 19 19 19 15 15 15 15 15 8 8 16 8 8 4 6 6 3 3 2 3 3 3 5 5 3 3 1 0 0 0
 16 16 27 18 18 8 8 8 9 9 8 5 5 6 10 10 19 19 19 15 15 15 15 15 8 8 16 8 8 4 6 6 3 3 2 3 3 3 5 5 3 3 1 0 0 0
 8 8 17 14 14 12 15 15 15 15 8 5 5 4 9 9 14 14 27 14 14 13 22 22 11 11 11 11 11 12 10 10 8 8 6 6 6 8 7 7 4 4 0 0 0 0
 8 8 17 14 14 12 15 15 15 15 8 5 5 4 9 9 14 14 27 14 14 13 22 22 11 11 11 11 11 12 10 10 8 8 6 6 6 8 7 7 4 4 0 0 0 0
 3 3 6 7 7 7 12 12 12 12 7 4 4 5 6 6 23 23 25 23 23 33 36 36 21 21 12 10 10 11 10 10 7 7 8 6 6 14 11 11 0 0 0 0 0 0
 2 2 2 4 4 4 6 6 11 11 12 8 8 8 11 11 14 14 25 18 18 26 37 37 36 36 28 24 24 23 8 8 5 5 7 4 4 6 7 7 3 3 0 0 0 0
 2 2 2 4 4 4 6 6 11 11 12 8 8 8 11 11 14 14 25 18 18 26 37 37 36 36 28 24 24 23 8 8 5 5 7 4 4 6 7 7 3 3 0 0 0 0
 1 1 2 2 2 4 4 4 9 9 15 16 16 15 9 9 10 10 22 29 29 29 24 24 28 28 31 26 26 27 10 10 2 2 2 2 2 3 3 3 7 7 5 2 2 0
 1 1 2 3 3 5 5 5 7 7 10 12 12 14 18 18 19 19 33 48 48 34 24 24 34 34 34 16 16 14 10 10 4 4 1 2 2 3 1 1 1 1 0 0 0 0
 1 1 2 3 3 5 5 5 7 7 10 12 12 14 18 18 19 19 33 48 48 34 24 24 34 34 34 16 16 14 10 10 4 4 1 2 2 3 1 1 1 1 0 0 0 0
 5 5 5 3 3 4 5 5 6 6 7 10 10 20 33 33 35 35 16 46 46 26 11 11 11 11 9 9 9 6 4 4 6 6 6 12 12 2 3 3 3 3 0 0 0 0
 5 5 5 3 3 4 5 5 6 6 7 10 10 20 33 33 35 35 16 46 46 26 11 11 11 11 9 9 9 6 4 4 6 6 6 12 12 2 3 3 3 3 0 0 0 0
 6 6 12 8 8 3 3 3 6 6 5 11 11 22 32 32 36 36 19 49 49 92 9 9 7 7 8 5 5 3 6 6 6 6 8 13 13 13 12 12 3 3 2 2 2 1
 5 5 9 9 9 8 4 4 6 6 6 13 13 27 21 21 40 40 16 42 42 94 91 91 15 15 13 6 6 6 6 6 9 9 18 18 18 22 21 21 8 8 3 3 3 4
 5 5 9 9 9 8 4 4 6 6 6 13 13 27 21 21 40 40 16 42 42 94 91 91 15 15 13 6 6 6 6 6 9 9 18 18 18 22 21 21 8 8 3 3 3 4
 4 4 8 7 7 9 10 10 5 5 6 10 10 26 18 18 38 38 44 49 49 45 13 13 18 18 13 9 9 6 7 7 7 7 21 18 18 20 25 25 12 12 5 5 5 1
 4 4 4 8 8 7 9 9 7 7 6 5 5 7 7 7 9 9 4 46 46 48 16 16 29 29 28 11 11 6 8 8 8 8 9 12 12 15 6 6 6 6 1 4 4 0
 4 4 4 8 8 7 9 9 7 7 6 5 5 7 7 7 9 9 4 46 46 48 16 16 29 29 28 11 11 6 8 8 8 8 9 12 12 15 6 6 6 6 1 4 4 0
 3 3 5 24 24 8 7 7 5 5 4 6 6 5 4 4 7 7 4 8 8 10 14 14 17 17 18 21 21 14 18 18 14 14 13 9 9 7 6 6 7 7 3 1 1 1
 3 3 5 24 24 8 7 7 5 5 4 6 6 5 4 4 7 7 4 8 8 10 14 14 17 17 18 21 21 14 18 18 14 14 13 9 9 7 6 6 7 7 3 1 1 1
 4 4 24 29 29 12 12 12 11 11 8 6 6 5 5 5 6 6 4 10 10 13 13 13 15 15 20 21 21 25 26 26 28 28 18 15 15 15 9 9 2 2 5 1 1 0
 3 3 6 10 10 11 13 13 19 19 14 8 8 6 7 7 7 7 5 10 10 11 14 14 17 17 24 26 26 25 20 20 19 19 14 8 8 13 5 5 3 3 1 0 0 0
 3 3 6 10 10 11 13 13 19 19 14 8 8 6 7 7 7 7 5 10 10 11 14 14 17 17 24 26 26 25 20 20 19 19 14 8 8 13 5 5 3 3 1 0 0 0
 2 2 2 4 4 5 8 8 13 13 10 8 8 7 10 10 11 11 6 13 13 18 10 10 11 11 13 13 13 13 15 15 9 9 12 8 8 6 4 4 1 1 2 0 0 0
 3 3 2 2 2 1 2 2 5 5 5 5 5 6 10 10 11 11 4 7 7 15 9 9 5 5 11 8 8 11 15 15 11 11 6 5 5 6 7 7 4 4 3 0 0 0
 3 3 2 2 2 1 2 2 5 5 5 5 5 6 10 10 11 11 4 7 7 15 9 9 5 5 11 8 8 11 15 15 11 11 6 5 5 6 7 7 4 4 3 0 0 0
 5 5 6 5 5 3 2 2 5 5 5 4 4 5 8 8 12 12 6 8 8 12 5 5 14 14 15 5 5 15 21 21 13 13 23 20 20 11 8 8 4 4 2 1 1 0
 5 5 6 5 5 3 2 2 5 5 5 4 4 5 8 8 12 12 6 8 8 12 5 5 14 14 15 5 5 15 21 21 13 13 23 20 20 11 8 8 4 4 2 1 1 0
 3 3 4 5 5 3 1 1 3 3 2 1 1 2 4 4 8 8 7 10 10 12 10 10 13 13 15 17 17 19 17 17 17 17 17 30 30 16 6 6 7 7 4 3 3 1
 1 1 4 5 5 4 1 1 1 1 1 1 1 2 3 3 5 5 9 22 22 37 22 22 24 24 22 18 18 25 26 26 23 23 22 16 16 19 13 13 12 12 9 7 7 2
 1 1 4 5 5 4 1 1 1 1 1 1 1 2 3 3 5 5 9 22 22 37 22 22 24 24 22 18 18 25 26 26 23 23 22 16 16 19 13 13 12 12 9 7 7 2
 1 1 3 6 6 3 3 3 2 2 3 2 2 2 3 3 7 7 18 99 99 73 27 27 43 43 97 10 10 23 20 20 21 21 18 15 15 14 19 19 14 14 13 6 6 4
 5 5 7 10 10 6 4 4 5 5 5 3 3 3 6 6 5 5 6 19 19 13 11 11 25 25 120 8 8 11 11 11 17 17 20 17 17 7 9 9 5 5 8 8 8 7
 5 5 7 10 10 6 4 4 5 5 5 3 3 3 6 6 5 5 6 19 19 13 11 11 25 25 120 8 8 11 11 11 17 17 20 17 17 7 9 9 5 5 8 8 8 7
 11 11 12 5 5 6 4 4 3 3 3 3 3 2 4 4 4 4 4 10 10 7 6 6 16 16 24 9 9 6 6 6 5 5 3 8 8 3 1 1 1 1 4 6 6 5
 11 11 12 5 5 6 4 4 3 3 3 3 3 2 4 4 4 4 4 10 10 7 6 6 16 16 24 9 9 6 6 6 5 5 3 8 8 3 1 1 1 1 4 6 6 5
 15 15 9 4 4 2 2 2 2 2 2 1 1 2 4 4 5 5 5 8 8 7 5 5 7 7 10 7 7 6 3 3 1 1 1 1 1 1 1 1 1 1 1 2 2 3
 7 7 10 8 8 6 4 4 2 2 4 2 2 2 3 3 8 8 13 11 11 6 5 5 6 6 19 13 13 3 3 3 1 1 7 1 1 3 5 5 4 4 3 5 5 5
 7 7 10 8 8 6 4 4 2 2 4 2 2 2 3 3 8 8 13 11 11 6 5 5 6 6 19 13 13 3 3 3 1 1 7 1 1 3 5 5 4 4 3 5 5 5
 6 6 6 9 9 11 17 17 6 6 5 4 4 3 4 4 8 8 7 10 10 10 7 7 5 5 7 5 5 2 4 4 11 11 4 3 3 6 8 8 8 8 7 5 5 5
 12 12 7 7 7 11 13 13 9 9 43 6 6 6 6 6 9 9 10 8 8 9 6 6 7 7 7 11 11 6 11 11 14 14 5 4 4 5 10 10 10 10 13 10 10 7
