assets/RAT_results/precipitation/2023-12-03_IMERG.asc
ncols        46
nrows        77
xllcorner    74.800261325624
yllcorner    8.058333333333
cellsize     0.062500000000
NODATA_value -9999
 0 0 0 0 0 0 0 0 0 0 0 0 0 0 0 0 0 0 0 0 0 0 0 0 0 0 0 0 0 0 1 1 2 2 2 4 4 5 4 4 3 3 2 2 2 3
 0 0 0 0 0 0 0 0 0 0 0 0 0 0 0 0 0 0 0 0 0 0 0 0 1 1 2 1 1 1 1 1 4 4 2 3 3 4 3 3 3 3 4 4 4 3
 0 0 0 0 0 0 0 0 0 0 0 0 0 0 0 0 0 0 0 0 0 0 0 0 1 1 2 1 1 1 1 1 4 4 2 3 3 4 3 3 3 3 4 4 4 3
 0 0 0 0 0 0 0 0 0 0 0 0 0 0 0 0 0 0 0 0 0 0 0 0 2 2 5 3 3 4 2 2 3 3 2 4 4 4 4 4 4 4 4 5 5 5
 0 0 0 0 0 0 0 0 0 0 0 0 0 0 1 1 0 0 0 0 0 0 0 0 0 0 1 2 2 4 2 2 2 2 2 5 5 4 4 4 5 5 6 5 5 5
 0 0 0 0 0 0 0 0 0 0 0 0 0 0 1 1 0 0 0 0 0 0 0 0 0 0 1 2 2 4 2 2 2 2 2 5 5 4 4 4 5 5 6 5 5 5
 0 0 0 0 0 0 0 0 0 0 0 0 0 0 1 1 0 0 0 0 0 0 0 0 0 0 1 1 1 1 1 1 1 1 1 3 3 3 5 5 5 5 6 6 6 5
 0 0 0 0 0 0 0 0 0 0 0 0 0 0 1 1 0 0 0 0 0 0 0 0 0 0 1 1 1 1 1 1 1 1 1 3 3 3 5 5 5 5 6 6 6 5
 0 0 0 0 0 0 0 0 0 0 0 0 0 0 1 1 0 0 1 1 1 0 0 0 0 0 1 0 0 0 0 0 0 0 1 2 2 3 4 4 5 5 6 7 7 6
 0 0 0 0 0 0 0 0 0 0 0 0 0 0 0 0 0 0 1 0 0 1 1 1 1 1 1 0 0 1 0 0 0 0 1 1 1 3 4 4 6 6 7 10 10 9
 0 0 0 0 0 0 0 0 0 0 0 0 0 0 0 0 0 0 1 0 0 1 1 1 1 1 1 0 0 1 0 0 0 0 1 1 1 3 4 4 6 6 7 10 10 9
 0 0 0 0 0 0 0 0 0 0 0 0 0 0 0 0 0 0 1 0 0 0 1 1 1 1 1 0 0 0 0 0 1 1 2 3 3 3 6 6 6 6 8 7 7 12
 0 0 0 0 0 0 0 0 0 0 0 0 0 0 0 0 0 0 0 0 0 0 0 0 0 0 0 0 0 0 0 0 1 1 5 6 6 5 8 8 5 5 6 6 6 8
 0 0 0 0 0 0 0 0 0 0 0 0 0 0 0 0 0 0 0 0 0 0 0 0 0 0 0 0 0 0 0 0 1 1 5 6 6 5 8 8 5 5 6 6 6 8
 0 0 0 0 0 0 0 0 0 0 0 1 1 0 0 0 0 0 0 0 0 0 0 0 0 0 0 1 1 1 1 1 1 1 2 3 3 4 4 4 3 3 3 5 5 5
 0 0 0 0 0 0 0 0 0 0 0 1 1 0 0 0 0 0 0 0 0 0 0 0 0 0 0 1 1 1 1 1 1 1 2 3 3 4 4 4 3 3 3 5 5 5
 0 0 0 0 0 0 0 0 0 0 1 3 3 1 0 0 0 0 0 0 0 0 0 0 0 0 1 3 3 2 1 1 1 1 2 3 3 3 3 3 5 5 3 4 4 5
 0 0 0 0 0 0 0 0 1 1 1 4 4 1 1 1 1 1 1 1 1 1 1 1 1 1 1 1 1 1 1 1 1 1 2 4 4 4 4 4 6 6 5 6 6 4
 0 0 0 0 0 0 0 0 1 1 1 4 4 1 1 1 1 1 1 1 1 1 1 1 1 1 1 1 1 1 1 1 1 1 2 4 4 4 4 4 6 6 5 6 6 4
 0 0 0 0 0 0 0 0 1 1 1 2 2 1 2 2 2 2 1 1 1 1 1 1 2 2 3 1 1 0 0 0 1 1 2 2 2 2 3 3 5 5 4 4 4 4
 0 0 0 0 0 0 0 0 0 0 1 1 1 1 1 1 2 2 3 2 2 0 1 1 2 2 5 2 2 1 1 1 2 2 2 1 1 1 2 2 2 2 2 1 1 2
 0 0 0 0 0 0 0 0 0 0 1 1 1 1 1 1 2 2 3 2 2 0 1 1 2 2 5 2 2 1 1 1 2 2 2 1 1 1 2 2 2 2 2 1 1 2
 0 0 0 0 0 0 0 0 0 0 1 1 1 3 2 2 2 2 1 1 1 0 0 0 1 1 1 1 1 1 1 1 1 1 1 1 1 3 4 4 5 5 3 2 2 1
 0 0 0 0 0 0 0 0 0 0 1 1 1 3 2 2 2 2 1 1 1 0 0 0 1 1 1 1 1 1 1 1 1 1 1 1 1 3 4 4 5 5 3 2 2 1
 0 0 0 0 0 0 0 0 0 0 1 2 2 4 3 3 3 3 2 1 1 1 1 1 1 1 0 0 0 0 0 0 0 0 1 1 1 1 1 1 2 2 2 2 2 2
 0 0 0 0 0 0 0 0 0 0 0 1 1 2 3 3 2 2 2 2 2 2 1 1 1 1 0 0 0 0 0 0 0 0 0 0 0 0 0 0 0 0 1 1 1 2
 0 0 0 0 0 0 0 0 0 0 0 1 1 2 3 3 2 2 2 2 2 2 1 1 1 1 0 0 0 0 0 0 0 0 0 0 0 0 0 0 0 0 1 1 1 2
 0 0 0 0 0 0 0 0 0 0 0 0 0 1 3 3 1 1 2 1 1 1 0 0 0 0 0 0 0 0 0 0 1 1 0 0 0 1 1 1 1 1 1 1 1 1
 0 0 0 0 0 0 0 0 0 0 0 1 1 2 3 3 2 2 4 3 3 1 1 1 1 1 0 0 0 0 0 0 1 1 1 1 1 1 2 2 2 2 2 2 2 2
 0 0 0 0 0 0 0 0 0 0 0 1 1 2 3 3 2 2 4 3 3 1 1 1 1 1 0 0 0 0 0 0 1 1 1 1 1 1 2 2 2 2 2 2 2 2
 0 0 0 1 1 1 1 1 1 1 1 1 1 1 3 3 6 6 7 2 2 3 6 6 2 2 0 1 1 0 0 0 1 1 1 1 1 1 1 1 1 1 1 2 2 2
 0 0 0 1 1 1 1 1 1 1 1 1 1 1 3 3 6 6 7 2 2 3 6 6 2 2 0 1 1 0 0 0 1 1 1 1 1 1 1 1 1 1 1 2 2 2
 1 1 1 1 1 1 1 1 1 1 1 1 1 1 3 3 5 5 5 1 1 2 5 5 3 3 2 4 4 1 0 0 0 0 0 1 1 0 1 1 1 1 0 1 1 1
 1 1 1 1 1 1 1 1 1 1 1 2 2 2 2 2 1 1 1 1 1 1 2 2 2 2 1 2 2 1 0 0 1 1 1 1 1 1 1 1 1 1 1 0 0 0
 1 1 1 1 1 1 1 1 1 1 1 2 2 2 2 2 1 1 1 1 1 1 2 2 2 2 1 2 2 1 0 0 1 1 1 1 1 1 1 1 1 1 1 0 0 0
 1 1 1 1 1 1 2 2 3 3 2 2 2 2 2 2 1 1 1 1 1 2 2 2 1 1 0 0 0 0 0 0 1 1 1 1 1 1 1 1 2 2 1 0 0 0
 1 1 1 1 1 2 3 3 4 4 3 3 3 2 1 1 1 1 1 3 3 2 6 6 3 3 2 1 1 0 0 0 0 0 0 1 1 1 2 2 3 3 2 1 1 0
 1 1 1 1 1 2 3 3 4 4 3 3 3 2 1 1 1 1 1 3 3 2 6 6 3 3 2 1 1 0 0 0 0 0 0 1 1 1 2 2 3 3 2 1 1 0
 1 1 1 1 1 2 4 4 4 4 4 4 4 3 3 3 4 4 5 3 3 2 5 5 6 6 8 3 3 0 1 1 1 1 0 0 0 1 2 2 4 4 4 2 2 0
 1 1 1 1 1 2 4 4 4 4 4 4 4 3 3 3 4 4 5 3 3 2 5 5 6 6 8 3 3 0 1 1 1 1 0 0 0 1 2 2 4 4 4 2 2 0
 1 1 2 3 3 3 3 3 4 4 4 4 4 4 5 5 6 6 6 7 7 7 9 9 6 6 5 4 4 2 4 4 4 4 2 1 1 1 1 1 1 1 2 2 2 1
 1 1 2 3 3 3 2 2 3 3 3 4 4 5 7 7 9 9 10 7 7 9 12 12 7 7 11 17 17 9 8 8 10 10 7 6 6 2 1 1 1 1 1 1 1 1
 1 1 2 3 3 3 2 2 3 3 3 4 4 5 7 7 9 9 10 7 7 9 12 12 7 7 11 17 17 9 8 8 10 10 7 6 6 2 1 1 1 1 1 1 1 1
 3 3 3 2 2 2 2 2 2 2 2 4 4 6 9 9 12 12 10 11 11 11 14 14 9 9 13 17 17 14 11 11 5 5 2 3 3 2 1 1 1 1 0 0 0 1
 3 3 3 2 2 2 3 3 4 4 3 4 4 5 8 8 13 13 14 13 13 18 19 19 20 20 19 27 27 26 20 20 11 11 4 2 2 1 1 1 0 0 0 1 1 1
 3 3 3 2 2 2 3 3 4 4 3 4 4 5 8 8 13 13 14 13 13 18 19 19 20 20 19 27 27 26 20 20 11 11 4 2 2 1 1 1 0 0 0 1 1 1
 2 2 2 1 1 1 2 2 5 5 3 2 2 4 6 6 10 10 16 23 23 19 18 18 25 25 29 37 37 41 29 29 18 18 6 2 2 3 1 1 0 0 0 0 0 0
 2 2 2 1 1 1 2 2 5 5 3 2 2 4 6 6 10 10 16 23 23 19 18 18 25 25 29 37 37 41 29 29 18 18 6 2 2 3 1 1 0 0 0 0 0 0
 1 1 1 1 1 1 1 1 2 2 1 1 1 2 4 4 8 8 14 12 12 8 8 8 14 14 19 26 26 23 14 14 8 8 4 4 4 8 4 4 1 1 0 0 0 0
 1 1 1 1 1 3 1 1 1 1 1 0 0 1 3 3 7 7 6 7 7 4 4 4 7 7 9 12 12 13 9 9 4 4 2 2 2 3 2 2 1 1 0 0 0 0
 1 1 1 1 1 3 1 1 1 1 1 0 0 1 3 3 7 7 6 7 7 4 4 4 7 7 9 12 12 13 9 9 4 4 2 2 2 3 2 2 1 1 0 0 0 0
 1 1 1 1 1 2 1 1 1 1 1 1 1 1 2 2 7 7 8 7 7 3 2 2 4 4 4 7 7 14 15 15 5 5 3 5 5 4 2 2 1 1 0 0 0 0
 1 1 2 2 2 2 2 2 1 1 1 2 2 2 3 3 6 6 11 12 12 4 2 2 2 2 3 6 6 10 10 10 7 7 5 8 8 7 6 6 3 3 1 1 1 1
 1 1 2 2 2 2 2 2 1 1 1 2 2 2 3 3 6 6 11 12 12 4 2 2 2 2 3 6 6 10 10 10 7 7 5 8 8 7 6 6 3 3 1 1 1 1
 2 2 3 4 4 3 3 3 3 3 4 5 5 3 3 3 4 4 6 12 12 3 1 1 1 1 2 4 4 8 11 11 11 11 10 8 8 7 8 8 4 4 4 3 3 4
 2 2 3 4 4 3 3 3 3 3 4 5 5 3 3 3 4 4 6 12 12 3 1 1 1 1 2 4 4 8 11 11 11 11 10 8 8 7 8 8 4 4 4 3 3 4
 5 5 4 3 3 3 4 4 4 4 5 6 6 5 4 4 4 4 5 18 18 6 3 3 1 1 2 5 5 8 10 10 7 7 10 5 5 3 3 3 3 3 3 6 6 5
 2 2 2 3 3 3 3 3 3 3 4 5 5 5 5 5 5 5 5 10 10 31 26 26 1 1 1 4 4 8 4 4 4 4 8 6 6 3 2 2 2 2 3 3 3 3
 2 2 2 3 3 3 3 3 3 3 4 5 5 5 5 5 5 5 5 10 10 31 26 26 1 1 1 4 4 8 4 4 4 4 8 6 6 3 2 2 2 2 3 3 3 3
 2 2 2 3 3 3 3 3 4 4 4 5 5 5 6 6 6 6 7 17 17 30 29 29 25 25 6 6 6 1 1 1 2 2 3 3 3 2 2 2 2 2 3 2 2 2
 3 3 2 3 3 4 5 5 5 5 5 5 5 6 7 7 7 7 8 10 10 21 63 63 31 31 1 1 1 3 2 2 6 6 3 3 3 3 2 2 2 2 1 1 1 1
 3 3 2 3 3 4 5 5 5 5 5 5 5 6 7 7 7 7 8 10 10 21 63 63 31 31 1 1 1 3 2 2 6 6 3 3 3 3 2 2 2 2 1 1 1 1
 2 2 2 3 3 6 8 8 5 5 6 6 6 6 8 8 7 7 8 10 10 45 34 34 24 24 3 3 3 12 3 3 2 2 1 1 1 2 2 2 2 2 2 2 2 1
 2 2 2 3 3 6 8 8 5 5 6 6 6 6 8 8 7 7 8 10 10 45 34 34 24 24 3 3 3 12 3 3 2 2 1 1 1 2 2 2 2 2 2 2 2 1
 2 2 2 3 3 4 6 6 5 5 5 5 5 6 7 7 6 6 7 8 8 11 16 16 4 4 1 3 3 5 4 4 3 3 2 1 1 1 2 2 2 2 5 5 5 2
 2 2 2 2 2 2 3 3 4 4 4 4 4 5 6 6 7 7 7 9 9 10 7 7 7 7 8 4 4 5 7 7 9 9 8 2 2 1 2 2 3 3 4 3 3 2
 2 2 2 2 2 2 3 3 4 4 4 4 4 5 6 6 7 7 7 9 9 10 7 7 7 7 8 4 4 5 7 7 9 9 8 2 2 1 2 2 3 3 4 3 3 2
 0 0 0 1 1 1 2 2 3 3 3 3 3 4 5 5 5 5 7 7 7 8 9 9 9 9 8 6 6 4 3 3 6 6 3 2 2 2 3 3 4 4 2 1 1 1
 0 0 0 0 0 0 1 1 1 1 2 2 2 3 4 4 4 4 6 8 8 8 8 8 9 9 7 7 7 4 3 3 2 2 2 5 5 6 4 4 2 2 1 0 0 0
 0 0 0 0 0 0 1 1 1 1 2 2 2 3 4 4 4 4 6 8 8 8 8 8 9 9 7 7 7 4 3 3 2 2 2 5 5 6 4 4 2 2 1 0 0 0
 0 0 0 0 0 2 1 1 1 1 2 2 2 3 3 3 4 4 5 10 10 7 7 7 7 7 5 5 5 3 2 2 1 1 1 2 2 4 3 3 3 3 0 0 0 0
 0 0 0 0 0 2 1 1 1 1 2 2 2 3 3 3 4 4 5 10 10 7 7 7 7 7 5 5 5 3 2 2 1 1 1 2 2 4 3 3 3 3 0 0 0 0
 0 0 0 0 0 2 1 1 1 1 1 1 1 2 2 2 2 2 3 5 5 5 5 5 3 3 2 2 2 2 1 1 1 1 1 1 1 2 1 1 1 1 1 0 0 0
 1 1 0 0 0 0 0 0 0 0 1 1 1 1 1 1 1 1 1 2 2 3 4 4 2 2 2 2 2 3 2 2 1 1 6 3 3 1 1 1 1 1 1 1 1 1
 1 1 0 0 0 0 0 0 0 0 1 1 1 1 1 1 1 1 1 2 2 3 4 4 2 2 2 2 2 3 2 2 1 1 6 3 3 1 1 1 1 1 1 1 1 1
 0 0 0 0 0 0 0 0 1 1 1 2 2 2 2 2 5 5 1 1 1 1 1 1 1 1 1 1 1 2 3 3 7 7 10 3 3 2 0 0 1 1 1 0 0 1
 0 0 0 0 0 0 0 0 1 1 2 2 2 2 2 2 5 5 5 7 7 5 2 2 1 1 1 1 1 1 2 2 1 1 1 1 1 2 2 2 0 0 0 0 0 0
