assets/RAT_results/precipitation/2023-11-10_IMERG.asc
ncols        46
nrows        77
xllcorner    74.800261325624
yllcorner    8.058333333333
cellsize     0.062500000000
NODATA_value -9999
 1 1 2 1 1 2 2 2 3 3 3 3 3 3 6 6 19 19 27 28 28 24 11 11 6 6 5 5 5 4 8 8 14 14 16 16 16 10 4 4 3 3 5 10 10 17
 2 2 2 1 1 1 2 2 2 2 2 1 1 1 3 3 11 11 16 18 18 17 15 15 8 8 8 3 3 3 7 7 10 10 10 9 9 6 2 2 2 2 3 5 5 8
 2 2 2 1 1 1 2 2 2 2 2 1 1 1 3 3 11 11 16 18 18 17 15 15 8 8 8 3 3 3 7 7 10 10 10 9 9 6 2 2 2 2 3 5 5 8
 2 2 2 2 2 3 2 2 4 4 5 4 4 1 0 0 7 7 8 17 17 17 6 6 3 3 3 2 2 2 2 2 3 3 3 6 6 6 7 7 7 7 6 5 5 6
 2 2 1 1 1 2 2 2 4 4 8 11 11 6 1 1 1 1 1 6 6 5 5 5 3 3 3 2 2 2 1 1 3 3 3 4 4 6 10 10 11 11 15 7 7 6
 2 2 1 1 1 2 2 2 4 4 8 11 11 6 1 1 1 1 1 6 6 5 5 5 3 3 3 2 2 2 1 1 3 3 3 4 4 6 10 10 11 11 15 7 7 6
 3 3 1 1 1 1 1 1 3 3 5 7 7 6 1 1 1 1 1 0 0 0 0 0 0 0 0 0 0 0 1 1 2 2 2 4 4 5 10 10 14 14 20 18 18 6
 3 3 1 1 1 1 1 1 3 3 5 7 7 6 1 1 1 1 1 0 0 0 0 0 0 0 0 0 0 0 1 1 2 2 2 4 4 5 10 10 14 14 20 18 18 6
 2 2 1 1 1 1 1 1 2 2 2 3 3 2 1 1 1 1 0 0 0 0 0 0 0 0 0 1 1 1 1 1 2 2 2 4 4 5 11 11 14 14 24 23 23 22
 1 1 1 1 1 1 1 1 1 1 0 1 1 1 1 1 1 1 2 2 2 1 1 1 1 1 0 1 1 1 2 2 3 3 4 6 6 16 17 17 11 11 20 19 19 19
 1 1 1 1 1 1 1 1 1 1 0 1 1 1 1 1 1 1 2 2 2 1 1 1 1 1 0 1 1 1 2 2 3 3 4 6 6 16 17 17 11 11 20 19 19 19
 1 1 1 1 1 1 1 1 1 1 0 0 0 0 1 1 2 2 3 4 4 4 3 3 2 2 1 1 1 2 4 4 3 3 5 7 7 16 17 17 27 27 27 33 33 33
 1 1 1 1 1 0 1 1 1 1 0 0 0 0 0 0 2 2 3 6 6 9 5 5 2 2 1 1 1 2 4 4 5 5 7 11 11 15 16 16 40 40 41 54 54 35
 1 1 1 1 1 0 1 1 1 1 0 0 0 0 0 0 2 2 3 6 6 9 5 5 2 2 1 1 1 2 4 4 5 5 7 11 11 15 16 16 40 40 41 54 54 35
 1 1 1 1 1 0 0 0 1 1 1 2 2 1 1 1 3 3 5 8 8 9 6 6 3 3 2 3 3 7 8 8 11 11 16 12 12 16 17 17 41 41 43 57 57 29
 1 1 1 1 1 0 0 0 1 1 1 2 2 1 1 1 3 3 5 8 8 9 6 6 3 3 2 3 3 7 8 8 11 11 16 12 12 16 17 17 41 41 43 57 57 29
 1 1 1 1 1 1 2 2 2 2 4 5 5 5 4 4 4 4 5 5 5 6 5 5 3 3 4 7 7 11 11 11 15 15 20 30 30 27 27 27 43 43 46 70 70 39
 1 1 1 2 2 3 4 4 5 5 9 11 11 12 11 11 10 10 7 5 5 5 3 3 3 3 4 7 7 13 16 16 21 21 30 42 42 37 42 42 43 43 46 70 70 40
 1 1 1 2 2 3 4 4 5 5 9 11 11 12 11 11 10 10 7 5 5 5 3 3 3 3 4 7 7 13 16 16 21 21 30 42 42 37 42 42 43 43 46 70 70 40
 2 2 2 3 3 4 6 6 8 8 10 14 14 16 17 17 17 17 13 10 10 6 3 3 5 5 9 10 10 16 19 19 27 27 33 50 50 44 45 45 45 45 59 62 62 33
 3 3 3 3 3 4 7 7 9 9 14 19 19 21 23 23 24 24 24 21 21 15 6 6 7 7 10 14 14 15 18 18 30 30 34 48 48 49 54 54 55 55 48 60 60 41
 3 3 3 3 3 4 7 7 9 9 14 19 19 21 23 23 24 24 24 21 21 15 6 6 7 7 10 14 14 15 18 18 30 30 34 48 48 49 54 54 55 55 48 60 60 41
 3 3 3 4 4 5 8 8 12 12 14 15 15 23 26 26 31 31 39 38 38 33 14 14 9 9 9 13 13 15 25 25 36 36 40 50 50 51 48 48 56 56 46 42 42 42
 3 3 3 4 4 5 8 8 12 12 14 15 15 23 26 26 31 31 39 38 38 33 14 14 9 9 9 13 13 15 25 25 36 36 40 50 50 51 48 48 56 56 46 42 42 42
 2 2 3 5 5 7 9 9 11 11 13 16 16 22 27 27 32 32 38 44 44 44 18 18 9 9 9 15 15 17 27 27 36 36 43 43 43 42 41 41 43 43 43 41 41 44
 2 2 3 4 4 6 8 8 11 11 12 14 14 13 21 21 27 27 31 39 39 38 23 23 14 14 9 15 15 17 38 38 41 41 50 44 44 28 28 28 22 22 23 24 24 47
 2 2 3 4 4 6 8 8 11 11 12 14 14 13 21 21 27 27 31 39 39 38 23 23 14 14 9 15 15 17 38 38 41 41 50 44 44 28 28 28 22 22 23 24 24 47
 1 1 2 4 4 6 7 7 9 9 11 12 12 12 15 15 21 21 24 29 29 34 35 35 23 23 12 17 17 18 39 39 40 40 37 42 42 28 28 28 22 22 23 25 25 31
 2 2 3 3 3 5 7 7 9 9 10 10 10 10 11 11 18 18 23 24 24 36 45 45 32 32 23 16 16 16 36 36 37 37 34 33 33 12 12 12 10 10 26 18 18 34
 2 2 3 3 3 5 7 7 9 9 10 10 10 10 11 11 18 18 23 24 24 36 45 45 32 32 23 16 16 16 36 36 37 37 34 33 33 12 12 12 10 10 26 18 18 34
 2 2 3 4 4 5 6 6 8 8 9 9 9 9 11 11 18 18 18 18 18 23 34 34 32 32 27 16 16 19 30 30 30 30 11 11 11 2 3 3 5 5 17 18 18 20
 2 2 3 4 4 5 6 6 8 8 9 9 9 9 11 11 18 18 18 18 18 23 34 34 32 32 27 16 16 19 30 30 30 30 11 11 11 2 3 3 5 5 17 18 18 20
 3 3 4 5 5 6 7 7 9 9 10 10 10 11 9 9 16 16 15 13 13 16 20 20 16 16 13 8 8 10 10 10 2 2 11 11 11 2 4 4 9 9 16 16 16 16
 4 4 5 6 6 7 9 9 11 11 12 13 13 13 10 10 12 12 16 14 14 11 8 8 7 7 4 4 4 10 10 10 2 2 2 1 1 1 2 2 7 7 12 12 12 13
 4 4 5 6 6 7 9 9 11 11 12 13 13 13 10 10 12 12 16 14 14 11 8 8 7 7 4 4 4 10 10 10 2 2 2 1 1 1 2 2 7 7 12 12 12 13
 4 4 6 7 7 8 10 10 12 12 15 15 15 16 14 14 18 18 29 27 27 17 6 6 2 2 1 1 1 1 1 1 1 1 1 1 1 1 2 2 3 3 5 7 7 12
 5 5 6 7 7 8 15 15 17 17 18 23 23 14 14 14 17 17 20 36 36 28 16 16 6 6 1 1 1 0 1 1 1 1 1 1 1 2 3 3 3 3 3 5 5 10
 5 5 6 7 7 8 15 15 17 17 18 23 23 14 14 14 17 17 20 36 36 28 16 16 6 6 1 1 1 0 1 1 1 1 1 1 1 2 3 3 3 3 3 5 5 10
 6 6 7 9 9 10 19 19 17 17 18 22 22 19 18 18 14 14 22 38 38 28 22 22 12 12 3 1 1 0 0 0 1 1 1 2 2 4 4 4 3 3 8 21 21 17
 6 6 7 9 9 10 19 19 17 17 18 22 22 19 18 18 14 14 22 38 38 28 22 22 12 12 3 1 1 0 0 0 1 1 1 2 2 4 4 4 3 3 8 21 21 17
 5 5 6 11 11 12 21 21 28 28 29 41 41 48 34 34 52 52 15 26 26 23 22 22 8 8 2 1 1 1 2 2 1 1 1 1 1 3 6 6 12 12 12 23 23 15
 6 6 6 12 12 13 23 23 36 36 26 40 40 47 51 51 56 56 53 38 38 17 15 15 5 5 3 2 2 3 6 6 3 3 2 1 1 2 5 5 3 3 16 41 41 43
 6 6 6 12 12 13 23 23 36 36 26 40 40 47 51 51 56 56 53 38 38 17 15 15 5 5 3 2 2 3 6 6 3 3 2 1 1 2 5 5 3 3 16 41 41 43
 6 6 5 11 11 20 24 24 35 35 63 92 92 93 128 128 123 123 120 37 37 16 15 15 17 17 16 9 9 8 7 7 4 4 2 1 1 1 2 2 5 5 17 43 43 37
 6 6 6 8 8 17 28 28 27 27 55 82 82 90 93 93 122 122 124 14 14 15 21 21 33 33 28 17 17 12 8 8 5 5 3 1 1 2 2 2 5 5 11 33 33 48
 6 6 6 8 8 17 28 28 27 27 55 82 82 90 93 93 122 122 124 14 14 15 21 21 33 33 28 17 17 12 8 8 5 5 3 1 1 2 2 2 5 5 11 33 33 48
 5 5 5 10 10 17 24 24 32 32 60 89 89 89 85 85 89 89 96 23 23 15 19 19 30 30 27 22 22 16 9 9 5 5 3 2 2 3 3 3 6 6 22 27 27 30
 5 5 5 10 10 17 24 24 32 32 60 89 89 89 85 85 89 89 96 23 23 15 19 19 30 30 27 22 22 16 9 9 5 5 3 2 2 3 3 3 6 6 22 27 27 30
 5 5 9 10 10 18 22 22 24 24 33 46 46 48 52 52 79 79 102 30 30 17 20 20 31 31 29 26 26 26 14 14 8 8 6 5 5 4 5 5 11 11 25 29 29 33
 4 4 10 19 19 18 25 25 32 32 37 40 40 42 47 47 49 49 38 20 20 18 20 20 35 35 37 43 43 46 24 24 14 14 8 7 7 7 7 7 12 12 16 35 35 33
 4 4 10 19 19 18 25 25 32 32 37 40 40 42 47 47 49 49 38 20 20 18 20 20 35 35 37 43 43 46 24 24 14 14 8 7 7 7 7 7 12 12 16 35 35 33
 6 6 11 18 18 18 24 24 29 29 35 37 37 42 43 43 46 46 16 20 20 17 22 22 35 35 41 39 39 38 27 27 19 19 10 9 9 9 9 9 13 13 15 32 32 25
 6 6 10 15 15 25 25 25 31 31 57 60 60 65 67 67 45 45 15 17 17 23 30 30 39 39 41 41 41 39 37 37 26 26 20 11 11 10 11 11 10 10 15 13 13 18
 6 6 10 15 15 25 25 25 31 31 57 60 60 65 67 67 45 45 15 17 17 23 30 30 39 39 41 41 41 39 37 37 26 26 20 11 11 10 11 11 10 10 15 13 13 18
 6 6 12 17 17 27 27 27 36 36 59 61 61 67 70 70 71 71 14 14 14 22 28 28 38 38 45 52 52 50 36 36 32 32 24 16 16 14 12 12 11 11 13 12 12 12
 6 6 12 17 17 27 27 27 36 36 59 61 61 67 70 70 71 71 14 14 14 22 28 28 38 38 45 52 52 50 36 36 32 32 24 16 16 14 12 12 11 11 13 12 12 12
 13 13 18 18 18 27 38 38 38 38 79 90 90 79 81 81 29 29 15 12 12 23 29 29 28 28 39 43 43 43 27 27 20 20 22 23 23 16 12 12 13 13 11 12 12 13
 13 13 19 19 19 31 46 46 110 110 112 141 141 137 83 83 19 19 16 14 14 16 18 18 20 20 31 39 39 31 22 22 14 14 14 14 14 13 12 12 13 13 11 11 11 11
 13 13 19 19 19 31 46 46 110 110 112 141 141 137 83 83 19 19 16 14 14 16 18 18 20 20 31 39 39 31 22 22 14 14 14 14 14 13 12 12 13 13 11 11 11 11
 11 11 18 19 19 31 48 48 108 108 110 141 141 137 140 140 40 40 37 20 20 33 33 33 23 23 23 35 35 26 17 17 10 10 8 7 7 7 10 10 12 12 10 11 11 12
 11 11 16 30 30 31 48 48 104 104 106 128 128 131 132 132 51 51 37 20 20 38 29 29 18 18 13 16 16 14 13 13 6 6 7 6 6 7 9 9 13 13 15 14 14 14
 11 11 16 30 30 31 48 48 104 104 106 128 128 131 132 132 51 51 37 20 20 38 29 29 18 18 13 16 16 14 13 13 6 6 7 6 6 7 9 9 13 13 15 14 14 14
 12 12 12 23 23 35 36 36 66 66 108 98 98 128 130 130 50 50 49 24 24 21 38 38 56 56 21 16 16 5 5 5 3 3 5 7 7 9 10 10 13 13 13 13 13 13
 12 12 12 23 23 35 36 36 66 66 108 98 98 128 130 130 50 50 49 24 24 21 38 38 56 56 21 16 16 5 5 5 3 3 5 7 7 9 10 10 13 13 13 13 13 13
 7 7 9 15 15 27 35 35 65 65 79 83 83 86 40 40 39 39 38 22 22 14 32 32 22 22 33 21 21 18 2 2 3 3 4 8 8 12 13 13 12 12 11 10 10 11
 7 7 6 15 15 22 30 30 32 32 35 36 36 38 13 13 35 35 17 15 15 1 1 1 31 31 31 27 27 17 1 1 3 3 3 5 5 8 7 7 8 8 9 8 8 8
 7 7 6 15 15 22 30 30 32 32 35 36 36 38 13 13 35 35 17 15 15 1 1 1 31 31 31 27 27 17 1 1 3 3 3 5 5 8 7 7 8 8 9 8 8 8
 1 1 2 1 1 4 5 5 31 31 33 33 33 33 8 8 8 8 8 7 7 1 1 1 30 30 1 0 0 0 1 1 2 2 2 3 3 3 6 6 11 11 7 4 4 5
 4 4 7 2 2 5 5 5 5 5 4 4 4 5 3 3 3 3 7 7 7 1 1 1 2 2 2 1 1 0 0 0 0 0 1 2 2 2 2 2 4 4 7 4 4 3
 4 4 7 2 2 5 5 5 5 5 4 4 4 5 3 3 3 3 7 7 7 1 1 1 2 2 2 1 1 0 0 0 0 0 1 2 2 2 2 2 4 4 7 4 4 3
 3 3 5 2 2 2 2 2 1 1 0 5 5 0 3 3 3 3 4 1 1 1 2 2 5 5 4 4 4 3 1 1 1 1 2 3 3 2 2 2 3 3 4 3 3 2
 3 3 5 2 2 2 2 2 1 1 0 5 5 0 3 3 3 3 4 1 1 1 2 2 5 5 4 4 4 3 1 1 1 1 2 3 3 2 2 2 3 3 4 3 3 2
 3 3 3 2 2 2 1 1 1 1 1 1 1 1 1 1 1 1 4 1 1 1 2 2 3 3 4 4 4 4 3 3 3 3 5 5 5 5 6 6 6 6 6 6 6 4
 1 1 1 1 1 2 1 1 1 1 1 1 1 1 1 1 1 1 1 1 1 1 2 2 2 2 3 4 4 5 5 5 6 6 8 7 7 8 9 9 9 9 8 8 8 7
 1 1 1 1 1 2 1 1 1 1 1 1 1 1 1 1 1 1 1 1 1 1 2 2 2 2 3 4 4 5 5 5 6 6 8 7 7 8 9 9 9 9 8 8 8 7
 1 1 1 1 1 1 1 1 1 1 2 2 2 2 2 2 2 2 2 2 2 2 2 2 2 2 2 4 4 6 7 7 7 7 10 11 11 10 12 12 12 12 11 11 11 14
 1 1 1 1 1 1 2 2 2 2 3 4 4 5 6 6 4 4 3 3 3 3 3 3 2 2 3 5 5 9 8 8 10 10 17 17 17 13 12 12 11 11 13 10 10 14
