assets/RAT_results/precipitation/2023-06-10_IMERG.asc
ncols        46
nrows        77
xllcorner    74.800261325624
yllcorner    8.058333333333
cellsize     0.062500000000
NODATA_value -9999
 25 25 13 16 16 6 15 15 22 22 26 26 26 17 17 17 16 16 0 0 0 1 0 0 0 0 0 0 0 0 0 0 0 0 0 0 0 0 0 0 0 0 0 0 0 0
 22 22 20 19 19 15 22 22 22 22 25 26 26 17 8 8 7 7 0 0 0 0 0 0 0 0 0 0 0 0 0 0 0 0 0 0 0 0 0 0 0 0 0 0 0 0
 22 22 20 19 19 15 22 22 22 22 25 26 26 17 8 8 7 7 0 0 0 0 0 0 0 0 0 0 0 0 0 0 0 0 0 0 0 0 0 0 0 0 0 0 0 0
 36 36 19 24 24 25 22 22 22 22 23 24 24 24 7 7 7 7 0 0 0 0 0 0 0 0 0 0 0 0 0 0 0 0 0 0 0 0 0 0 0 0 0 0 0 0
 19 19 13 21 21 10 22 22 23 23 16 17 17 17 5 5 5 5 1 0 0 0 0 0 0 0 0 0 0 0 0 0 0 0 0 0 0 0 0 0 0 0 0 0 0 0
 19 19 13 21 21 10 22 22 23 23 16 17 17 17 5 5 5 5 1 0 0 0 0 0 0 0 0 0 0 0 0 0 0 0 0 0 0 0 0 0 0 0 0 0 0 0
 32 32 24 30 30 16 14 14 24 24 25 17 17 17 6 6 6 6 0 1 1 0 1 1 0 0 0 0 0 0 0 0 0 0 0 0 0 0 0 0 0 0 0 0 0 0
 32 32 24 30 30 16 14 14 24 24 25 17 17 17 6 6 6 6 0 1 1 0 1 1 0 0 0 0 0 0 0 0 0 0 0 0 0 0 0 0 0 0 0 0 0 0
 25 25 19 29 29 15 22 22 27 27 28 19 19 19 4 4 4 4 4 0 0 0 1 1 0 0 0 0 0 0 0 0 0 0 0 0 0 0 0 0 0 0 0 0 0 0
 26 26 28 39 39 27 21 21 27 27 27 19 19 19 19 19 2 2 1 0 0 0 2 2 0 0 1 0 0 0 0 0 0 0 0 0 0 0 0 0 0 0 0 0 0 0
 26 26 28 39 39 27 21 21 27 27 27 19 19 19 19 19 2 2 1 0 0 0 2 2 0 0 1 0 0 0 0 0 0 0 0 0 0 0 0 0 0 0 0 0 0 0
 31 31 10 34 34 32 29 29 35 35 32 29 29 20 20 20 2 2 2 0 0 0 0 0 1 1 1 0 0 0 0 0 0 0 0 0 0 0 0 0 0 0 0 0 0 0
 8 8 13 14 14 37 31 31 37 37 32 34 34 14 17 17 5 5 5 0 0 0 0 0 0 0 1 1 1 0 0 0 0 0 0 0 0 0 0 0 0 0 0 0 0 0
 8 8 13 14 14 37 31 31 37 37 32 34 34 14 17 17 5 5 5 0 0 0 0 0 0 0 1 1 1 0 0 0 0 0 0 0 0 0 0 0 0 0 0 0 0 0
 9 9 15 22 22 26 34 34 34 34 36 36 36 17 17 17 8 8 10 0 0 0 0 0 1 1 1 1 1 0 0 0 0 0 0 0 0 0 0 0 0 0 0 0 0 0
 9 9 15 22 22 26 34 34 34 34 36 36 36 17 17 17 8 8 10 0 0 0 0 0 1 1 1 1 1 0 0 0 0 0 0 0 0 0 0 0 0 0 0 0 0 0
 11 11 52 28 28 30 34 34 41 41 35 36 36 23 18 18 11 11 11 4 4 0 0 0 1 1 0 0 0 0 0 0 0 0 0 0 0 1 1 1 1 1 1 2 2 1
 71 71 77 57 57 26 33 33 34 34 38 32 32 25 17 17 15 15 13 11 11 0 0 0 0 0 1 0 0 0 0 0 0 0 0 0 0 0 1 1 1 1 2 3 3 4
 71 71 77 57 57 26 33 33 34 34 38 32 32 25 17 17 15 15 13 11 11 0 0 0 0 0 1 0 0 0 0 0 0 0 0 0 0 0 1 1 1 1 2 3 3 4
 69 69 65 45 45 49 61 61 29 29 33 37 37 27 17 17 16 16 11 5 5 0 0 0 1 1 1 0 0 0 0 0 0 0 0 0 0 0 0 0 1 1 2 2 2 2
 36 36 29 40 40 46 59 59 25 25 26 39 39 28 18 18 13 13 7 7 7 1 1 1 1 1 1 0 0 0 0 0 0 0 0 0 0 0 0 0 0 0 0 0 0 0
 36 36 29 40 40 46 59 59 25 25 26 39 39 28 18 18 13 13 7 7 7 1 1 1 1 1 1 0 0 0 0 0 0 0 0 0 0 0 0 0 0 0 0 0 0 0
 42 42 27 36 36 117 127 127 84 84 22 30 30 35 15 15 14 14 3 3 3 1 4 4 2 2 0 0 0 2 7 7 13 13 2 0 0 0 0 0 0 0 0 0 0 0
 42 42 27 36 36 117 127 127 84 84 22 30 30 35 15 15 14 14 3 3 3 1 4 4 2 2 0 0 0 2 7 7 13 13 2 0 0 0 0 0 0 0 0 0 0 0
 41 41 35 31 31 72 122 122 241 241 28 38 38 37 30 30 27 27 8 3 3 1 0 0 3 3 5 3 3 10 9 9 4 4 0 0 0 0 0 0 0 0 0 0 0 0
 39 39 34 34 34 74 229 229 240 240 37 41 41 44 33 33 29 29 13 1 1 2 1 1 1 1 3 1 1 6 1 1 0 0 0 0 0 0 0 0 0 0 0 0 0 0
 39 39 34 34 34 74 229 229 240 240 37 41 41 44 33 33 29 29 13 1 1 2 1 1 1 1 3 1 1 6 1 1 0 0 0 0 0 0 0 0 0 0 0 0 0 0
 31 31 31 31 31 75 129 129 143 143 57 36 36 43 39 39 35 35 15 9 9 9 4 4 3 3 6 1 1 0 0 0 0 0 0 0 0 0 0 0 0 0 0 0 0 0
 14 14 19 40 40 40 68 68 129 129 45 30 30 41 46 46 26 26 26 9 9 9 4 4 9 9 8 0 0 0 0 0 0 0 0 0 0 0 0 0 0 0 0 0 0 0
 14 14 19 40 40 40 68 68 129 129 45 30 30 41 46 46 26 26 26 9 9 9 4 4 9 9 8 0 0 0 0 0 0 0 0 0 0 0 0 0 0 0 0 0 0 0
 11 11 11 37 37 37 59 59 31 31 38 46 46 47 52 52 35 35 32 22 22 21 20 20 9 9 5 2 2 4 0 0 0 0 0 0 0 0 0 0 0 0 0 0 0 0
 11 11 11 37 37 37 59 59 31 31 38 46 46 47 52 52 35 35 32 22 22 21 20 20 9 9 5 2 2 4 0 0 0 0 0 0 0 0 0 0 0 0 0 0 0 0
 18 18 17 11 11 23 16 16 21 21 31 45 45 61 63 63 35 35 33 28 28 21 16 16 8 8 7 3 3 0 0 0 0 0 0 0 0 0 0 0 0 0 0 0 0 0
 20 20 19 19 19 22 21 21 28 28 34 46 46 20 27 27 18 18 29 29 29 19 17 17 7 7 5 4 4 0 0 0 0 0 0 0 0 0 0 0 0 0 0 0 0 0
 20 20 19 19 19 22 21 21 28 28 34 46 46 20 27 27 18 18 29 29 29 19 17 17 7 7 5 4 4 0 0 0 0 0 0 0 0 0 0 0 0 0 0 0 0 0
 33 33 32 33 33 52 51 51 47 47 88 99 99 23 34 34 27 27 23 18 18 10 10 10 3 3 2 3 3 0 0 0 0 0 0 0 0 0 0 0 0 0 0 0 0 0
 48 48 51 49 49 59 58 58 54 54 86 105 105 62 29 29 27 27 13 16 16 10 10 10 4 4 3 1 1 1 0 0 0 0 1 0 0 0 0 0 0 0 0 0 0 0
 48 48 51 49 49 59 58 58 54 54 86 105 105 62 29 29 27 27 13 16 16 10 10 10 4 4 3 1 1 1 0 0 0 0 1 0 0 0 0 0 0 0 0 0 0 0
 61 61 68 55 55 49 50 50 56 56 67 56 56 55 35 35 27 27 16 18 18 9 10 10 12 12 1 2 2 0 0 0 2 2 1 1 1 0 0 0 0 0 0 0 0 0
 61 61 68 55 55 49 50 50 56 56 67 56 56 55 35 35 27 27 16 18 18 9 10 10 12 12 1 2 2 0 0 0 2 2 1 1 1 0 0 0 0 0 0 0 0 0
 70 70 76 43 43 43 52 52 60 60 45 56 56 59 34 34 24 24 14 11 11 11 9 9 9 9 3 4 4 3 0 0 1 1 0 1 1 1 0 0 3 3 1 0 0 0
 74 74 76 48 48 49 55 55 55 55 50 34 34 33 33 33 28 28 20 8 8 12 9 9 7 7 8 7 7 6 7 7 6 6 3 1 1 2 0 0 1 1 1 2 2 1
 74 74 76 48 48 49 55 55 55 55 50 34 34 33 33 33 28 28 20 8 8 12 9 9 7 7 8 7 7 6 7 7 6 6 3 1 1 2 0 0 1 1 1 2 2 1
 49 49 54 47 47 46 80 80 86 86 83 32 32 27 23 23 15 15 10 5 5 8 8 8 9 9 9 8 8 8 7 7 7 7 2 1 1 2 1 1 4 4 3 2 2 2
 35 35 41 40 40 45 44 44 80 80 78 27 27 26 28 28 22 22 9 7 7 6 2 2 3 3 2 9 9 9 10 10 6 6 1 1 1 3 1 1 2 2 3 4 4 5
 35 35 41 40 40 45 44 44 80 80 78 27 27 26 28 28 22 22 9 7 7 6 2 2 3 3 2 9 9 9 10 10 6 6 1 1 1 3 1 1 2 2 3 4 4 5
 31 31 33 35 35 44 45 45 49 49 38 50 50 31 37 37 20 20 10 4 4 4 2 2 2 2 1 7 7 6 7 7 4 4 4 1 1 2 2 2 3 3 5 5 5 6
 31 31 33 35 35 44 45 45 49 49 38 50 50 31 37 37 20 20 10 4 4 4 2 2 2 2 1 7 7 6 7 7 4 4 4 1 1 2 2 2 3 3 5 5 5 6
 29 29 39 38 38 26 16 16 19 19 38 26 26 38 50 50 27 27 10 6 6 7 1 1 1 1 1 7 7 6 8 8 4 4 3 2 2 4 3 3 4 4 5 6 6 6
 34 34 37 43 43 34 27 27 23 23 18 21 21 33 33 33 24 24 11 9 9 2 2 2 1 1 2 3 3 2 1 1 3 3 3 3 3 4 3 3 4 4 5 5 5 5
 34 34 37 43 43 34 27 27 23 23 18 21 21 33 33 33 24 24 11 9 9 2 2 2 1 1 2 3 3 2 1 1 3 3 3 3 3 4 3 3 4 4 5 5 5 5
 24 24 29 31 31 29 25 25 23 23 15 23 23 25 30 30 16 16 12 11 11 2 2 2 2 2 1 3 3 2 1 1 0 0 1 2 2 2 2 2 4 4 5 5 5 5
 16 16 15 15 15 16 16 16 16 16 16 22 22 23 25 25 16 16 12 12 12 10 14 14 8 8 3 2 2 1 1 1 1 1 1 1 1 2 2 2 3 3 4 4 4 4
 16 16 15 15 15 16 16 16 16 16 16 22 22 23 25 25 16 16 12 12 12 10 14 14 8 8 3 2 2 1 1 1 1 1 1 1 1 2 2 2 3 3 4 4 4 4
 8 8 9 10 10 13 13 13 13 13 16 17 17 18 19 19 15 15 13 12 12 9 11 11 8 8 3 2 2 1 1 1 1 1 1 1 1 1 1 1 2 2 3 3 3 4
 8 8 9 10 10 13 13 13 13 13 16 17 17 18 19 19 15 15 13 12 12 9 11 11 8 8 3 2 2 1 1 1 1 1 1 1 1 1 1 1 2 2 3 3 3 4
 9 9 9 9 9 8 10 10 10 10 12 14 14 15 27 27 24 24 12 11 11 7 8 8 6 6 4 1 1 1 1 1 1 1 1 0 0 0 1 1 2 2 2 3 3 5
 10 10 10 12 12 10 12 12 12 12 14 16 16 15 27 27 31 31 19 8 8 22 15 15 11 11 2 2 2 1 1 1 0 0 0 0 0 0 1 1 3 3 3 3 3 5
 10 10 10 12 12 10 12 12 12 12 14 16 16 15 27 27 31 31 19 8 8 22 15 15 11 11 2 2 2 1 1 1 0 0 0 0 0 0 1 1 3 3 3 3 3 5
 15 15 13 15 15 13 14 14 15 15 18 22 22 22 46 46 44 44 43 21 21 23 10 10 7 7 2 2 2 1 0 0 0 0 0 0 0 0 0 0 1 1 3 3 3 3
 17 17 17 15 15 14 14 14 14 14 19 24 24 30 30 30 42 42 37 31 31 30 12 12 3 3 3 1 1 1 0 0 1 1 0 0 0 0 0 0 1 1 1 2 2 3
 17 17 17 15 15 14 14 14 14 14 19 24 24 30 30 30 42 42 37 31 31 30 12 12 3 3 3 1 1 1 0 0 1 1 0 0 0 0 0 0 1 1 1 2 2 3
 20 20 19 16 16 15 14 14 16 16 19 23 23 26 24 24 40 40 34 28 28 26 10 10 2 2 1 0 0 1 1 1 0 0 0 0 0 0 0 0 1 1 1 2 2 4
 20 20 19 16 16 15 14 14 16 16 19 23 23 26 24 24 40 40 34 28 28 26 10 10 2 2 1 0 0 1 1 1 0 0 0 0 0 0 0 0 1 1 1 2 2 4
 12 12 13 14 14 15 15 15 15 15 17 21 21 25 28 28 26 26 15 14 14 6 3 3 1 1 1 0 0 1 0 0 0 0 0 0 0 0 0 0 0 0 0 1 1 3
 10 10 11 11 11 13 13 13 14 14 17 18 18 16 20 20 21 21 18 17 17 10 8 8 2 2 1 1 1 0 0 0 0 0 0 0 0 0 0 0 1 1 1 1 1 2
 10 10 11 11 11 13 13 13 14 14 17 18 18 16 20 20 21 21 18 17 17 10 8 8 2 2 1 1 1 0 0 0 0 0 0 0 0 0 0 0 1 1 1 1 1 2
 7 7 8 9 9 10 11 11 12 12 14 13 13 9 10 10 10 10 10 16 16 9 4 4 1 1 1 1 1 1 0 0 0 0 0 0 0 0 0 0 0 0 0 1 1 2
 3 3 4 5 5 7 8 8 9 9 13 11 11 7 8 8 8 8 7 10 10 5 4 4 2 2 1 1 1 1 0 0 0 0 0 0 0 0 0 0 0 0 1 1 1 1
 3 3 4 5 5 7 8 8 9 9 13 11 11 7 8 8 8 8 7 10 10 5 4 4 2 2 1 1 1 1 0 0 0 0 0 0 0 0 0 0 0 0 1 1 1 1
 2 2 4 7 7 12 13 13 13 13 14 11 11 7 6 6 6 6 6 4 4 3 4 4 3 3 1 1 1 1 0 0 0 0 0 0 0 0 0 0 0 0 0 0 0 0
 2 2 4 7 7 12 13 13 13 13 14 11 11 7 6 6 6 6 6 4 4 3 4 4 3 3 1 1 1 1 0 0 0 0 0 0 0 0 0 0 0 0 0 0 0 0
 1 1 2 6 6 12 13 13 13 13 11 9 9 6 4 4 5 5 6 4 4 4 4 4 4 4 2 4 4 1 1 1 0 0 0 0 0 0 0 0 0 0 0 0 0 0
 0 0 1 5 5 9 10 10 7 7 5 5 5 6 4 4 4 4 4 4 4 5 8 8 9 9 16 7 7 3 2 2 0 0 0 0 0 0 1 1 1 1 1 0 0 0
 0 0 1 5 5 9 10 10 7 7 5 5 5 6 4 4 4 4 4 4 4 5 8 8 9 9 16 7 7 3 2 2 0 0 0 0 0 0 1 1 1 1 1 0 0 0
 0 0 1 3 3 6 5 5 3 3 2 2 2 3 5 5 4 4 5 4 4 5 8 8 15 15 31 16 16 7 2 2 1 1 0 0 0 0 0 0 1 1 1 1 1 1
 1 1 2 4 4 4 3 3 2 2 2 2 2 2 2 2 2 2 2 5 5 5 6 6 13 13 37 38 38 12 5 5 7 7 0 0 0 0 0 0 1 1 2 1 1 1
