assets/RAT_results/precipitation/2023-10-29_IMERG.asc
ncols        46
nrows        77
xllcorner    74.800261325624
yllcorner    8.058333333333
cellsize     0.062500000000
NODATA_value -9999
 8 8 14 10 10 8 30 30 35 35 35 27 27 21 19 19 34 34 26 24 24 22 7 7 6 6 5 4 4 3 2 2 1 1 1 30 30 4 1 1 1 1 2 1 1 0
 7 7 9 7 7 6 18 18 30 30 28 21 21 17 13 13 14 14 15 12 12 23 7 7 5 5 4 2 2 2 2 2 2 2 2 1 1 1 0 0 1 1 1 0 0 0
 7 7 9 7 7 6 18 18 30 30 28 21 21 17 13 13 14 14 15 12 12 23 7 7 5 5 4 2 2 2 2 2 2 2 2 1 1 1 0 0 1 1 1 0 0 0
 8 8 8 6 6 5 5 5 5 5 16 12 12 11 14 14 10 10 7 8 8 6 5 5 4 4 3 2 2 2 2 2 3 3 2 1 1 0 0 0 0 0 0 0 0 0
 5 5 8 6 6 5 4 4 3 3 5 6 6 7 11 11 8 8 6 5 5 4 4 4 3 3 2 2 2 2 2 2 2 2 1 0 0 0 0 0 0 0 0 0 0 0
 5 5 8 6 6 5 4 4 3 3 5 6 6 7 11 11 8 8 6 5 5 4 4 4 3 3 2 2 2 2 2 2 2 2 1 0 0 0 0 0 0 0 0 0 0 0
 4 4 4 7 7 6 4 4 4 4 5 4 4 5 7 7 7 7 7 6 6 4 8 8 7 7 3 3 3 2 3 3 1 1 0 0 0 0 1 1 1 1 0 4 4 0
 4 4 4 7 7 6 4 4 4 4 5 4 4 5 7 7 7 7 7 6 6 4 8 8 7 7 3 3 3 2 3 3 1 1 0 0 0 0 1 1 1 1 0 4 4 0
 4 4 6 8 8 11 5 5 5 5 6 6 6 7 9 9 9 9 9 8 8 7 8 8 8 8 8 4 4 3 2 2 0 0 0 0 0 0 1 1 8 8 9 3 3 1
 3 3 6 18 18 23 23 23 20 20 21 19 19 14 19 19 12 12 11 16 16 15 16 16 18 18 16 6 6 4 2 2 0 0 0 0 0 0 0 0 2 2 9 0 0 0
 3 3 6 18 18 23 23 23 20 20 21 19 19 14 19 19 12 12 11 16 16 15 16 16 18 18 16 6 6 4 2 2 0 0 0 0 0 0 0 0 2 2 9 0 0 0
 59 59 63 61 61 34 37 37 31 31 27 25 25 25 24 24 23 23 24 23 23 22 22 22 19 19 6 5 5 3 1 1 0 0 0 0 0 0 0 0 8 8 1 0 0 0
 120 120 73 78 78 44 44 44 48 48 43 36 36 36 34 34 32 32 26 28 28 16 12 12 12 12 5 4 4 2 1 1 0 0 0 0 0 0 3 3 4 4 2 0 0 3
 120 120 73 78 78 44 44 44 48 48 43 36 36 36 34 34 32 32 26 28 28 16 12 12 12 12 5 4 4 2 1 1 0 0 0 0 0 0 3 3 4 4 2 0 0 3
 121 121 71 79 79 83 75 75 65 65 50 47 47 37 35 35 29 29 27 31 31 31 25 25 7 7 5 3 3 2 1 1 1 1 1 0 0 0 8 8 4 4 2 0 0 2
 121 121 71 79 79 83 75 75 65 65 50 47 47 37 35 35 29 29 27 31 31 31 25 25 7 7 5 3 3 2 1 1 1 1 1 0 0 0 8 8 4 4 2 0 0 2
 50 50 66 76 76 75 74 74 66 66 54 51 51 36 30 30 21 21 37 34 34 38 6 6 4 4 4 5 5 3 4 4 3 3 2 0 0 4 7 7 5 5 1 2 2 5
 38 38 47 75 75 67 56 56 60 60 53 44 44 32 23 23 16 16 33 31 31 9 4 4 3 3 4 6 6 7 4 4 1 1 1 0 0 0 3 3 4 4 6 6 6 7
 38 38 47 75 75 67 56 56 60 60 53 44 44 32 23 23 16 16 33 31 31 9 4 4 3 3 4 6 6 7 4 4 1 1 1 0 0 0 3 3 4 4 6 6 6 7
 12 12 14 15 15 16 14 14 42 42 28 33 33 23 18 18 18 18 30 16 16 5 7 7 7 7 9 7 7 8 5 5 1 1 0 0 0 3 7 7 7 7 9 7 7 8
 16 16 19 17 17 17 14 14 17 17 13 14 14 14 10 10 14 14 19 8 8 8 9 9 8 8 10 7 7 6 5 5 1 1 3 2 2 7 14 14 8 8 7 8 8 9
 16 16 19 17 17 17 14 14 17 17 13 14 14 14 10 10 14 14 19 8 8 8 9 9 8 8 10 7 7 6 5 5 1 1 3 2 2 7 14 14 8 8 7 8 8 9
 19 19 15 16 16 15 12 12 9 9 8 6 6 7 5 5 2 2 3 3 3 7 5 5 4 4 4 6 6 7 3 3 1 1 5 1 1 5 8 8 4 4 5 4 4 11
 19 19 15 16 16 15 12 12 9 9 8 6 6 7 5 5 2 2 3 3 3 7 5 5 4 4 4 6 6 7 3 3 1 1 5 1 1 5 8 8 4 4 5 4 4 11
 18 18 17 16 16 14 11 11 8 8 5 4 4 6 5 5 5 5 7 9 9 7 4 4 5 5 10 8 8 5 4 4 4 4 8 2 2 1 1 1 3 3 3 5 5 16
 16 16 14 14 14 11 9 9 7 7 5 4 4 4 19 19 33 33 34 33 33 12 6 6 6 6 15 11 11 8 9 9 10 10 12 12 12 4 2 2 2 2 2 8 8 13
 16 16 14 14 14 11 9 9 7 7 5 4 4 4 19 19 33 33 34 33 33 12 6 6 6 6 15 11 11 8 9 9 10 10 12 12 12 4 2 2 2 2 2 8 8 13
 12 12 10 9 9 8 7 7 6 6 5 5 5 16 16 16 35 35 36 27 27 8 8 8 10 10 12 16 16 20 21 21 18 18 26 13 13 11 7 7 4 4 2 2 2 5
 9 9 8 6 6 6 5 5 5 5 3 2 2 11 11 11 14 14 25 25 25 9 15 15 20 20 24 29 29 35 32 32 27 27 21 14 14 11 9 9 7 7 5 3 3 4
 9 9 8 6 6 6 5 5 5 5 3 2 2 11 11 11 14 14 25 25 25 9 15 15 20 20 24 29 29 35 32 32 27 27 21 14 14 11 9 9 7 7 5 3 3 4
 8 8 10 8 8 7 6 6 5 5 2 2 2 10 10 10 2 2 4 5 5 9 19 19 29 29 40 46 46 48 44 44 34 34 26 21 21 18 16 16 12 12 8 6 6 6
 8 8 10 8 8 7 6 6 5 5 2 2 2 10 10 10 2 2 4 5 5 9 19 19 29 29 40 46 46 48 44 44 34 34 26 21 21 18 16 16 12 12 8 6 6 6
 8 8 8 7 7 6 4 4 3 3 2 2 2 1 1 1 1 1 2 5 5 12 27 27 37 37 48 49 49 50 51 51 56 56 39 32 32 25 20 20 18 18 9 7 7 7
 6 6 6 6 6 5 4 4 3 3 1 1 1 1 3 3 3 3 2 10 10 21 34 34 45 45 48 48 48 55 151 151 59 59 56 44 44 29 23 23 19 19 14 7 7 7
 6 6 6 6 6 5 4 4 3 3 1 1 1 1 3 3 3 3 2 10 10 21 34 34 45 45 48 48 48 55 151 151 59 59 56 44 44 29 23 23 19 19 14 7 7 7
 6 6 10 9 9 8 3 3 2 2 1 2 2 3 4 4 4 4 4 23 23 39 45 45 50 50 51 54 54 70 153 153 67 67 47 37 37 27 23 23 20 20 17 9 9 11
 5 5 11 11 11 8 5 5 25 25 31 30 30 31 20 20 21 21 22 25 25 37 40 40 56 56 57 56 56 63 85 85 42 42 37 31 31 31 25 25 20 20 14 8 8 8
 5 5 11 11 11 8 5 5 25 25 31 30 30 31 20 20 21 21 22 25 25 37 40 40 56 56 57 56 56 63 85 85 42 42 37 31 31 31 25 25 20 20 14 8 8 8
 3 3 5 7 7 6 27 27 28 28 31 33 33 47 21 21 23 23 24 22 22 27 37 37 46 46 50 74 74 64 45 45 32 32 30 28 28 27 19 19 12 12 9 7 7 8
 3 3 5 7 7 6 27 27 28 28 31 33 33 47 21 21 23 23 24 22 22 27 37 37 46 46 50 74 74 64 45 45 32 32 30 28 28 27 19 19 12 12 9 7 7 8
 2 2 2 3 3 3 123 123 131 131 139 49 49 47 21 21 21 21 22 16 16 8 11 11 19 19 29 33 33 62 43 43 40 40 30 26 26 21 16 16 12 12 16 14 14 11
 1 1 1 1 1 2 2 2 122 122 7 10 10 8 7 7 3 3 2 4 4 4 5 5 11 11 14 24 24 23 37 37 23 23 27 25 25 25 20 20 22 22 21 14 14 10
 1 1 1 1 1 2 2 2 122 122 7 10 10 8 7 7 3 3 2 4 4 4 5 5 11 11 14 24 24 23 37 37 23 23 27 25 25 25 20 20 22 22 21 14 14 10
 0 0 0 1 1 2 2 2 3 3 5 8 8 8 7 7 5 5 3 2 2 2 3 3 8 8 14 15 15 31 47 47 29 29 33 42 42 49 40 40 29 29 19 11 11 8
 2 2 1 1 1 1 1 1 2 2 5 5 5 8 11 11 7 7 5 2 2 1 3 3 11 11 37 58 58 119 48 48 40 40 47 47 47 48 37 37 22 22 15 15 15 13
 2 2 1 1 1 1 1 1 2 2 5 5 5 8 11 11 7 7 5 2 2 1 3 3 11 11 37 58 58 119 48 48 40 40 47 47 47 48 37 37 22 22 15 15 15 13
 29 29 13 9 9 4 1 1 0 0 1 3 3 6 7 7 10 10 4 2 2 2 1 1 11 11 20 56 56 48 48 48 51 51 58 49 49 35 25 25 20 20 14 12 12 12
 29 29 13 9 9 4 1 1 0 0 1 3 3 6 7 7 10 10 4 2 2 2 1 1 11 11 20 56 56 48 48 48 51 51 58 49 49 35 25 25 20 20 14 12 12 12
 54 54 30 10 10 5 6 6 1 1 0 1 1 0 1 1 2 2 2 1 1 2 5 5 13 13 22 54 54 84 51 51 47 47 45 36 36 31 22 22 17 17 13 10 10 10
 29 29 19 14 14 9 10 10 7 7 1 1 1 0 1 1 1 1 1 0 0 1 2 2 12 12 26 30 30 49 51 51 49 49 41 31 31 28 20 20 15 15 12 10 10 9
 29 29 19 14 14 9 10 10 7 7 1 1 1 0 1 1 1 1 1 0 0 1 2 2 12 12 26 30 30 49 51 51 49 49 41 31 31 28 20 20 15 15 12 10 10 9
 16 16 5 5 5 2 2 2 3 3 2 1 1 1 3 3 4 4 3 1 1 1 2 2 12 12 25 37 37 46 61 61 73 73 43 34 34 30 21 21 16 16 14 12 12 10
 5 5 7 4 4 2 2 2 2 2 2 2 2 2 5 5 8 8 7 6 6 5 4 4 14 14 26 32 32 58 60 60 55 55 47 39 39 31 21 21 18 18 15 14 14 11
 5 5 7 4 4 2 2 2 2 2 2 2 2 2 5 5 8 8 7 6 6 5 4 4 14 14 26 32 32 58 60 60 55 55 47 39 39 31 21 21 18 18 15 14 14 11
 12 12 16 10 10 5 2 2 3 3 1 1 1 2 6 6 13 13 12 11 11 8 7 7 18 18 31 40 40 48 69 69 50 50 45 37 37 31 21 21 19 19 17 14 14 12
 12 12 16 10 10 5 2 2 3 3 1 1 1 2 6 6 13 13 12 11 11 8 7 7 18 18 31 40 40 48 69 69 50 50 45 37 37 31 21 21 19 19 17 14 14 12
 15 15 8 4 4 5 4 4 3 3 1 1 1 3 9 9 37 37 38 31 31 27 15 15 27 27 31 55 55 54 60 60 44 44 45 36 36 29 24 24 22 22 18 16 16 16
 7 7 4 2 2 2 1 1 1 1 1 21 21 23 35 35 38 38 39 31 31 27 27 27 18 18 37 44 44 58 70 70 71 71 45 34 34 30 27 27 26 26 25 21 21 22
 7 7 4 2 2 2 1 1 1 1 1 21 21 23 35 35 38 38 39 31 31 27 27 27 18 18 37 44 44 58 70 70 71 71 45 34 34 30 27 27 26 26 25 21 21 22
 2 2 2 2 2 1 1 1 1 1 1 20 20 22 27 27 35 35 36 33 33 30 26 26 18 18 37 52 52 64 60 60 158 158 47 38 38 32 29 29 31 31 34 29 29 28
 2 2 1 1 1 1 1 1 9 9 9 20 20 21 25 25 33 33 42 24 24 23 22 22 18 18 18 42 42 57 139 139 90 90 57 39 39 32 31 31 37 37 39 31 31 28
 2 2 1 1 1 1 1 1 9 9 9 20 20 21 25 25 33 33 42 24 24 23 22 22 18 18 18 42 42 57 139 139 90 90 57 39 39 32 31 31 37 37 39 31 31 28
 2 2 2 1 1 1 1 1 14 14 14 38 38 40 44 44 39 39 41 25 25 25 26 26 22 22 30 66 66 50 51 51 54 54 39 34 34 32 29 29 34 34 34 27 27 23
 2 2 2 1 1 1 1 1 14 14 14 38 38 40 44 44 39 39 41 25 25 25 26 26 22 22 30 66 66 50 51 51 54 54 39 34 34 32 29 29 34 34 34 27 27 23
 9 9 8 7 7 2 2 2 16 16 16 17 17 41 48 48 37 37 39 41 41 36 40 40 33 33 29 31 31 49 50 50 61 61 47 45 45 34 28 28 24 24 24 20 20 16
 9 9 9 4 4 7 10 10 10 10 7 7 7 49 51 51 41 41 43 45 45 38 44 44 46 46 33 106 106 49 58 58 56 56 48 46 46 32 24 24 20 20 16 13 13 10
 9 9 9 4 4 7 10 10 10 10 7 7 7 49 51 51 41 41 43 45 45 38 44 44 46 46 33 106 106 49 58 58 56 56 48 46 46 32 24 24 20 20 16 13 13 10
 9 9 13 9 9 14 18 18 16 16 12 10 10 51 54 54 43 43 96 99 99 170 180 180 180 180 122 115 115 109 51 51 50 50 47 31 31 27 19 19 16 16 13 9 9 9
 7 7 14 16 16 15 25 25 21 21 52 50 50 85 89 89 93 93 95 100 100 169 178 178 172 172 123 123 123 115 33 33 48 48 46 33 33 22 17 17 10 10 9 6 6 4
 7 7 14 16 16 15 25 25 21 21 52 50 50 85 89 89 93 93 95 100 100 169 178 178 172 172 123 123 123 115 33 33 48 48 46 33 33 22 17 17 10 10 9 6 6 4
 9 9 11 15 15 16 23 23 22 22 51 50 50 52 88 88 91 91 92 96 96 164 197 197 199 199 222 222 222 215 37 37 33 33 37 23 23 18 11 11 5 5 4 3 3 2
 9 9 11 15 15 16 23 23 22 22 51 50 50 52 88 88 91 91 92 96 96 164 197 197 199 199 222 222 222 215 37 37 33 33 37 23 23 18 11 11 5 5 4 3 3 2
 10 10 8 13 13 17 22 22 21 21 55 86 86 87 174 174 173 173 154 154 154 160 187 187 189 189 223 224 224 50 25 25 21 21 22 10 10 9 8 8 3 3 1 1 1 2
 8 8 16 23 23 34 50 50 47 47 37 89 89 86 170 170 166 166 150 44 44 48 90 90 91 91 97 49 49 45 22 22 18 18 5 4 4 3 3 3 2 2 3 2 2 1
 8 8 16 23 23 34 50 50 47 47 37 89 89 86 170 170 166 166 150 44 44 48 90 90 91 91 97 49 49 45 22 22 18 18 5 4 4 3 3 3 2 2 3 2 2 1
 26 26 78 36 36 41 53 53 90 90 78 63 63 65 64 64 49 49 42 46 46 44 81 81 9 9 10 10 10 10 8 8 6 6 4 4 4 2 3 3 11 11 3 1 1 1
 39 39 103 77 77 82 75 75 86 86 80 50 50 48 33 33 21 21 20 17 17 13 10 10 9 9 8 7 7 6 4 4 8 8 8 7 7 10 9 9 10 10 2 1 1 2
