assets/RAT_results/precipitation/2024-12-02_IMERG.asc
ncols        46
nrows        77
xllcorner    74.800261325624
yllcorner    8.058333333333
cellsize     0.062500000000
NODATA_value -9999
115 115 87 70 70 65 48 48 36 36 31 23 23 21 19 19 17 17 17 17 17 20 17 17 13 13 12 10 10 23 23 23 37 37 30 33 33 23 18 18 15 15 12 8 8 5 
187 187 160 117 117 84 55 55 45 45 42 34 34 32 27 27 18 18 18 20 20 22 18 18 16 16 11 12 12 25 19 19 23 23 24 26 26 21 24 24 18 18 11 10 10 13 
187 187 160 117 117 84 55 55 45 45 42 34 34 32 27 27 18 18 18 20 20 22 18 18 16 16 11 12 12 25 19 19 23 23 24 26 26 21 24 24 18 18 11 10 10 13 
138 138 112 93 93 95 67 67 61 61 53 52 52 40 34 34 31 31 19 20 20 21 21 21 16 16 13 11 11 17 17 17 22 22 25 25 25 20 24 24 20 20 15 13 13 15 
111 111 124 117 117 122 69 69 68 68 61 59 59 44 42 42 37 37 24 17 17 20 19 19 18 18 15 11 11 11 11 11 14 14 17 19 19 21 21 21 22 22 14 16 16 13 
111 111 124 117 117 122 69 69 68 68 61 59 59 44 42 42 37 37 24 17 17 20 19 19 18 18 15 11 11 11 11 11 14 14 17 19 19 21 21 21 22 22 14 16 16 13 
132 132 122 131 131 114 88 88 79 79 63 72 72 60 53 53 41 41 27 23 23 22 21 21 27 27 20 14 14 11 12 12 18 18 19 16 16 11 13 13 15 15 13 11 11 16 
132 132 122 131 131 114 88 88 79 79 63 72 72 60 53 53 41 41 27 23 23 22 21 21 27 27 20 14 14 11 12 12 18 18 19 16 16 11 13 13 15 15 13 11 11 16 
231 231 166 161 161 124 90 90 83 83 63 52 52 43 45 45 42 42 33 27 27 27 30 30 32 32 29 19 19 15 12 12 15 15 16 12 12 13 10 10 10 10 13 11 11 12 
315 315 252 184 184 150 69 69 70 70 64 71 71 46 40 40 41 41 32 27 27 28 26 26 26 26 31 20 20 16 16 16 14 14 17 17 17 15 10 10 11 11 9 10 10 6 
315 315 252 184 184 150 69 69 70 70 64 71 71 46 40 40 41 41 32 27 27 28 26 26 26 26 31 20 20 16 16 16 14 14 17 17 17 15 10 10 11 11 9 10 10 6 
349 349 218 159 159 139 106 106 112 112 114 118 118 69 48 48 35 35 30 28 28 22 18 18 21 21 21 13 13 12 18 18 11 11 18 23 23 13 10 10 11 11 9 8 8 6 
393 393 232 149 149 123 129 129 134 134 138 98 98 57 45 45 44 44 36 32 32 19 13 13 14 14 7 8 8 10 7 7 11 11 8 8 8 10 9 9 9 9 9 7 7 6 
393 393 232 149 149 123 129 129 134 134 138 98 98 57 45 45 44 44 36 32 32 19 13 13 14 14 7 8 8 10 7 7 11 11 8 8 8 10 9 9 9 9 9 7 7 6 
454 454 292 180 180 113 115 115 97 97 132 88 88 53 40 40 46 46 37 32 32 15 9 9 5 5 6 7 7 10 9 9 9 9 9 6 6 12 9 9 8 8 11 12 12 11 
454 454 292 180 180 113 115 115 97 97 132 88 88 53 40 40 46 46 37 32 32 15 9 9 5 5 6 7 7 10 9 9 9 9 9 6 6 12 9 9 8 8 11 12 12 11 
307 307 298 253 253 177 100 100 83 83 101 93 93 65 46 46 37 37 31 25 25 17 10 10 7 7 6 8 8 10 8 8 9 9 9 15 15 11 8 8 13 13 17 24 24 30 
325 325 370 383 383 299 126 126 83 83 61 61 61 51 39 39 36 36 39 36 36 20 13 13 10 10 9 8 8 8 8 8 9 9 19 15 15 14 14 14 14 14 19 24 24 34 
325 325 370 383 383 299 126 126 83 83 61 61 61 51 39 39 36 36 39 36 36 20 13 13 10 10 9 8 8 8 8 8 9 9 19 15 15 14 14 14 14 14 19 24 24 34 
260 260 372 394 394 359 273 273 240 240 109 73 73 58 44 44 38 38 35 27 27 22 19 19 15 15 14 12 12 14 15 15 13 13 16 13 13 17 12 12 8 8 11 15 15 19 
230 230 303 303 303 364 258 258 250 250 198 134 134 70 49 49 45 45 42 41 41 38 37 37 22 22 16 14 14 22 14 14 14 14 20 21 21 21 14 14 6 6 9 14 14 13 
230 230 303 303 303 364 258 258 250 250 198 134 134 70 49 49 45 45 42 41 41 38 37 37 22 22 16 14 14 22 14 14 14 14 20 21 21 21 14 14 6 6 9 14 14 13 
233 233 262 283 283 302 275 275 262 262 236 159 159 91 73 73 62 62 54 43 43 48 48 48 44 44 33 28 28 19 15 15 16 16 16 21 21 27 15 15 14 14 9 10 10 11 
233 233 262 283 283 302 275 275 262 262 236 159 159 91 73 73 62 62 54 43 43 48 48 48 44 44 33 28 28 19 15 15 16 16 16 21 21 27 15 15 14 14 9 10 10 11 
191 191 238 264 264 296 218 218 219 219 196 170 170 145 111 111 80 80 55 48 48 51 56 56 52 52 42 24 24 19 27 27 21 21 16 14 14 17 14 14 15 15 18 16 16 16 
173 173 190 242 242 275 245 245 233 233 195 209 209 158 156 156 113 113 95 64 64 48 55 55 41 41 24 25 25 22 31 31 31 31 23 17 17 19 13 13 12 12 17 19 19 19 
173 173 190 242 242 275 245 245 233 233 195 209 209 158 156 156 113 113 95 64 64 48 55 55 41 41 24 25 25 22 31 31 31 31 23 17 17 19 13 13 12 12 17 19 19 19 
130 130 138 192 192 256 231 231 306 306 280 231 231 220 171 171 139 139 107 86 86 73 54 54 51 51 17 16 16 20 30 30 32 32 44 37 37 17 14 14 14 14 18 21 21 22 
120 120 132 176 176 199 210 210 235 235 274 220 220 206 192 192 139 139 110 72 72 81 65 65 36 36 12 15 15 14 16 16 15 15 25 34 34 24 13 13 9 9 11 15 15 20 
120 120 132 176 176 199 210 210 235 235 274 220 220 206 192 192 139 139 110 72 72 81 65 65 36 36 12 15 15 14 16 16 15 15 25 34 34 24 13 13 9 9 11 15 15 20 
80 80 94 143 143 171 190 190 222 222 255 245 245 249 149 149 138 138 94 66 66 67 51 51 34 34 18 13 13 18 10 10 12 12 10 32 32 22 22 22 10 10 12 18 18 25 
80 80 94 143 143 171 190 190 222 222 255 245 245 249 149 149 138 138 94 66 66 67 51 51 34 34 18 13 13 18 10 10 12 12 10 32 32 22 22 22 10 10 12 18 18 25 
64 64 67 109 109 120 148 148 190 190 208 191 191 170 140 140 169 169 116 96 96 65 42 42 28 28 24 17 17 14 6 6 8 8 13 21 21 31 23 23 10 10 13 20 20 25 
41 41 45 73 73 104 126 126 184 184 213 207 207 184 147 147 124 124 111 82 82 86 37 37 24 24 19 13 13 9 5 5 6 6 12 10 10 17 18 18 13 13 13 16 16 23 
41 41 45 73 73 104 126 126 184 184 213 207 207 184 147 147 124 124 111 82 82 86 37 37 24 24 19 13 13 9 5 5 6 6 12 10 10 17 18 18 13 13 13 16 16 23 
31 31 41 53 53 93 125 125 194 194 189 180 180 168 150 150 85 85 97 107 107 95 68 68 34 34 22 11 11 11 6 6 5 5 10 12 12 14 19 19 18 18 18 19 19 23 
22 22 33 42 42 65 85 85 102 102 106 108 108 96 69 69 70 70 81 86 86 88 62 62 34 34 22 13 13 11 11 11 9 9 9 13 13 15 19 19 14 14 19 17 17 26 
22 22 33 42 42 65 85 85 102 102 106 108 108 96 69 69 70 70 81 86 86 88 62 62 34 34 22 13 13 11 11 11 9 9 9 13 13 15 19 19 14 14 19 17 17 26 
23 23 34 43 43 46 62 62 75 75 61 67 67 50 46 46 48 48 56 95 95 111 82 82 50 50 33 12 12 14 8 8 10 10 10 11 11 12 12 12 13 13 13 19 19 15 
23 23 34 43 43 46 62 62 75 75 61 67 67 50 46 46 48 48 56 95 95 111 82 82 50 50 33 12 12 14 8 8 10 10 10 11 11 12 12 12 13 13 13 19 19 15 
20 20 26 30 30 39 40 40 49 49 59 48 48 57 70 70 53 53 54 60 60 67 79 79 54 54 46 15 15 12 9 9 17 17 17 14 14 11 10 10 7 7 12 9 9 4 
19 19 17 24 24 23 37 37 39 39 50 45 45 44 38 38 31 31 30 25 25 44 73 73 66 66 62 33 33 17 15 15 19 19 16 12 12 12 9 9 5 5 7 6 6 4 
19 19 17 24 24 23 37 37 39 39 50 45 45 44 38 38 31 31 30 25 25 44 73 73 66 66 62 33 33 17 15 15 19 19 16 12 12 12 9 9 5 5 7 6 6 4 
17 17 15 15 15 16 24 24 33 33 39 34 34 36 46 46 30 30 25 25 25 39 51 51 52 52 27 20 20 30 20 20 21 21 21 18 18 10 5 5 5 5 7 2 2 1 
15 15 15 13 13 15 21 21 24 24 27 29 29 38 37 37 47 47 39 33 33 25 43 43 51 51 35 26 26 28 21 21 18 18 20 10 10 7 5 5 4 4 4 3 3 1 
15 15 15 13 13 15 21 21 24 24 27 29 29 38 37 37 47 47 39 33 33 25 43 43 51 51 35 26 26 28 21 21 18 18 20 10 10 7 5 5 4 4 4 3 3 1 
9 9 12 12 12 16 17 17 18 18 16 21 21 27 27 27 25 25 18 16 16 16 18 18 29 29 27 16 16 17 17 17 16 16 11 7 7 7 3 3 3 3 4 3 3 0 
9 9 12 12 12 16 17 17 18 18 16 21 21 27 27 27 25 25 18 16 16 16 18 18 29 29 27 16 16 17 17 17 16 16 11 7 7 7 3 3 3 3 4 3 3 0 
3 3 7 8 8 10 7 7 18 18 17 21 21 21 17 17 19 19 13 6 6 11 10 10 22 22 32 21 21 20 14 14 11 11 11 6 6 2 1 1 3 3 3 0 0 0 
1 1 2 3 3 3 4 4 7 7 11 22 22 22 15 15 18 18 19 8 8 11 15 15 23 23 28 20 20 19 10 10 9 9 10 4 4 3 3 3 3 3 2 0 0 0 
1 1 2 3 3 3 4 4 7 7 11 22 22 22 15 15 18 18 19 8 8 11 15 15 23 23 28 20 20 19 10 10 9 9 10 4 4 3 3 3 3 3 2 0 0 0 
0 0 0 0 0 1 2 2 5 5 11 27 27 31 34 34 40 40 37 17 17 16 20 20 20 20 18 20 20 23 14 14 12 12 5 3 3 2 2 2 3 3 0 2 2 0 
0 0 0 0 0 0 1 1 2 2 3 16 16 65 95 95 81 81 70 35 35 42 53 53 36 36 29 28 28 21 19 19 20 20 10 4 4 2 2 2 2 2 1 0 0 0 
0 0 0 0 0 0 1 1 2 2 3 16 16 65 95 95 81 81 70 35 35 42 53 53 36 36 29 28 28 21 19 19 20 20 10 4 4 2 2 2 2 2 1 0 0 0 
0 0 0 0 0 0 0 0 1 1 1 3 3 25 60 60 95 95 62 48 48 59 43 43 47 47 56 32 32 29 23 23 17 17 13 5 5 2 1 1 0 0 0 0 0 0 
0 0 0 0 0 0 0 0 1 1 1 3 3 25 60 60 95 95 62 48 48 59 43 43 47 47 56 32 32 29 23 23 17 17 13 5 5 2 1 1 0 0 0 0 0 0 
0 0 0 0 0 0 0 0 1 1 2 2 2 12 17 17 50 50 59 68 68 56 53 53 47 47 42 33 33 24 14 14 10 10 10 3 3 1 0 0 0 0 0 0 0 0 
0 0 0 0 0 0 0 0 0 0 2 1 1 9 5 5 18 18 57 54 54 56 37 37 51 51 40 28 28 12 7 7 5 5 1 0 0 0 0 0 0 0 0 0 0 0 
0 0 0 0 0 0 0 0 0 0 2 1 1 9 5 5 18 18 57 54 54 56 37 37 51 51 40 28 28 12 7 7 5 5 1 0 0 0 0 0 0 0 0 0 0 0 
0 0 0 0 0 0 0 0 0 0 0 1 1 1 1 1 10 10 13 24 24 19 11 11 19 19 20 24 24 12 9 9 5 5 4 1 1 0 0 0 0 0 0 0 0 0 
0 0 0 0 0 0 0 0 0 0 0 0 0 0 1 1 0 0 0 3 3 3 3 3 3 3 6 16 16 12 10 10 3 3 2 0 0 0 0 0 0 0 0 0 0 0 
0 0 0 0 0 0 0 0 0 0 0 0 0 0 1 1 0 0 0 3 3 3 3 3 3 3 6 16 16 12 10 10 3 3 2 0 0 0 0 0 0 0 0 0 0 0 
0 0 0 0 0 0 0 0 0 0 0 0 0 0 0 0 0 0 0 1 1 0 0 0 1 1 1 3 3 4 2 2 2 2 1 0 0 0 0 0 0 0 0 0 0 0 
0 0 0 0 0 0 0 0 0 0 0 0 0 0 0 0 0 0 0 1 1 0 0 0 1 1 1 3 3 4 2 2 2 2 1 0 0 0 0 0 0 0 0 0 0 0 
0 0 0 0 0 0 0 0 0 0 0 0 0 0 0 0 0 0 0 0 0 0 0 0 1 1 1 1 1 3 2 2 1 1 0 0 0 0 0 0 0 0 0 0 0 0 
0 0 0 0 0 0 0 0 0 0 0 0 0 0 0 0 0 0 0 0 0 0 0 0 0 0 0 0 0 2 1 1 1 1 1 0 0 0 0 0 0 0 0 0 0 0 
0 0 0 0 0 0 0 0 0 0 0 0 0 0 0 0 0 0 0 0 0 0 0 0 0 0 0 0 0 2 1 1 1 1 1 0 0 0 0 0 0 0 0 0 0 0 
0 0 0 0 0 0 0 0 0 0 0 0 0 0 0 0 0 0 0 0 0 0 0 0 0 0 0 0 0 0 1 1 1 1 2 0 0 1 0 0 0 0 0 0 0 0 
0 0 0 0 0 0 0 0 0 0 0 0 0 0 0 0 0 0 0 0 0 0 0 0 0 0 0 0 0 0 0 0 2 2 0 0 0 0 0 0 0 0 0 0 0 0 
0 0 0 0 0 0 0 0 0 0 0 0 0 0 0 0 0 0 0 0 0 0 0 0 0 0 0 0 0 0 0 0 2 2 0 0 0 0 0 0 0 0 0 0 0 0 
0 0 0 0 0 0 0 0 0 0 0 0 0 0 0 0 0 0 0 0 0 0 0 0 0 0 0 0 0 0 1 1 1 1 1 1 1 0 0 0 0 0 0 0 0 0 
0 0 0 0 0 0 0 0 0 0 0 0 0 0 0 0 0 0 0 0 0 0 0 0 0 0 0 0 0 0 1 1 1 1 1 1 1 0 0 0 0 0 0 0 0 0 
0 0 0 0 0 0 0 0 0 0 0 0 0 0 0 0 0 0 0 0 0 0 0 0 0 0 0 0 0 0 0 0 0 0 1 1 1 1 0 0 0 0 0 0 0 0 
0 0 0 0 0 0 0 0 0 0 0 0 0 0 0 0 0 0 0 0 0 0 0 0 0 0 0 0 0 0 0 0 0 0 0 0 0 1 1 1 0 0 0 0 0 0 
0 0 0 0 0 0 0 0 0 0 0 0 0 0 0 0 0 0 0 0 0 0 0 0 0 0 0 0 0 0 0 0 0 0 0 0 0 1 1 1 0 0 0 0 0 0 
0 0 0 0 0 0 0 0 0 0 0 0 0 0 0 0 0 0 0 0 0 0 0 0 0 0 0 0 0 0 0 0 0 0 0 0 0 0 0 0 0 0 0 0 0 0 
0 0 0 0 0 0 0 0 0 0 0 0 0 0 0 0 0 0 0 0 0 0 0 0 0 0 0 0 0 0 0 0 0 0 0 0 0 0 0 0 0 0 0 0 0 0 
