assets/RAT_results/precipitation/2024-05-08_IMERG.asc
ncols        46
nrows        77
xllcorner    74.800261325624
yllcorner    8.058333333333
cellsize     0.062500000000
NODATA_value -9999
0 0 0 0 0 0 1 1 2 2 3 5 5 5 3 3 1 1 0 0 0 1 4 4 12 12 6 4 4 4 4 4 4 4 5 4 4 2 2 2 5 5 4 3 3 1 
0 0 0 0 0 1 2 2 3 3 6 9 9 17 6 6 1 1 0 0 0 1 6 6 13 13 6 5 5 6 5 5 7 7 13 5 5 3 3 3 3 3 3 4 4 2 
0 0 0 0 0 1 2 2 3 3 6 9 9 17 6 6 1 1 0 0 0 1 6 6 13 13 6 5 5 6 5 5 7 7 13 5 5 3 3 3 3 3 3 4 4 2 
0 0 1 1 1 2 4 4 7 7 16 23 23 29 14 14 3 3 0 0 0 0 3 3 5 5 5 9 9 8 13 13 27 27 16 7 7 7 3 3 4 4 4 5 5 3 
1 1 1 4 4 6 10 10 18 18 37 45 45 52 29 29 5 5 1 0 0 0 2 2 5 5 9 12 12 9 21 21 21 21 15 7 7 13 5 5 5 5 6 8 8 9 
1 1 1 4 4 6 10 10 18 18 37 45 45 52 29 29 5 5 1 0 0 0 2 2 5 5 9 12 12 9 21 21 21 21 15 7 7 13 5 5 5 5 6 8 8 9 
1 1 2 5 5 8 14 14 22 22 39 37 37 38 27 27 5 5 1 0 0 0 0 0 4 4 9 13 13 13 23 23 22 22 21 23 23 14 5 5 5 5 7 6 6 8 
1 1 2 5 5 8 14 14 22 22 39 37 37 38 27 27 5 5 1 0 0 0 0 0 4 4 9 13 13 13 23 23 22 22 21 23 23 14 5 5 5 5 7 6 6 8 
1 1 2 5 5 7 11 11 16 16 25 28 28 23 13 13 3 3 0 0 0 0 0 0 3 3 7 9 9 13 25 25 25 25 32 25 25 16 6 6 7 7 6 5 5 6 
0 0 2 4 4 8 13 13 21 21 27 23 23 14 4 4 1 1 0 0 0 0 0 0 5 5 12 18 18 18 31 31 32 32 41 34 34 17 5 5 5 5 3 1 1 2 
0 0 2 4 4 8 13 13 21 21 27 23 23 14 4 4 1 1 0 0 0 0 0 0 5 5 12 18 18 18 31 31 32 32 41 34 34 17 5 5 5 5 3 1 1 2 
1 1 1 4 4 7 9 9 13 13 7 6 6 3 1 1 0 0 0 0 0 0 0 0 11 11 11 47 47 47 64 64 41 41 41 30 30 12 12 12 5 5 5 1 1 2 
1 1 1 1 1 2 2 2 2 2 1 1 1 0 0 0 0 0 0 0 0 0 0 0 12 12 25 67 67 63 56 56 33 33 33 16 16 16 6 6 3 3 1 1 1 2 
1 1 1 1 1 2 2 2 2 2 1 1 1 0 0 0 0 0 0 0 0 0 0 0 12 12 25 67 67 63 56 56 33 33 33 16 16 16 6 6 3 3 1 1 1 2 
1 1 1 1 1 0 0 0 0 0 0 0 0 0 1 1 3 3 1 0 0 0 0 0 12 12 24 58 58 56 44 44 26 26 26 4 4 4 4 4 1 1 1 0 0 1 
1 1 1 1 1 0 0 0 0 0 0 0 0 0 1 1 3 3 1 0 0 0 0 0 12 12 24 58 58 56 44 44 26 26 26 4 4 4 4 4 1 1 1 0 0 1 
1 1 1 1 1 1 0 0 0 0 0 0 0 0 1 1 6 6 3 2 2 2 1 1 7 7 8 35 35 32 25 25 14 14 7 7 7 2 1 1 1 1 1 0 0 0 
1 1 1 2 2 1 1 1 0 0 0 0 0 0 1 1 6 6 5 3 3 3 1 1 7 7 2 2 2 10 9 9 14 14 6 6 6 0 1 1 1 1 3 2 2 3 
1 1 1 2 2 1 1 1 0 0 0 0 0 0 1 1 6 6 5 3 3 3 1 1 7 7 2 2 2 10 9 9 14 14 6 6 6 0 1 1 1 1 3 2 2 3 
1 1 2 2 2 1 1 1 1 1 1 0 0 4 1 1 5 5 6 7 7 6 4 4 1 1 2 1 1 3 0 0 1 1 0 0 0 0 0 0 0 0 0 1 1 0 
1 1 5 5 5 2 1 1 1 1 1 0 0 4 5 5 10 10 12 14 14 10 4 4 6 6 1 1 1 1 1 1 1 1 1 1 1 3 0 0 0 0 0 0 0 0 
1 1 5 5 5 2 1 1 1 1 1 0 0 4 5 5 10 10 12 14 14 10 4 4 6 6 1 1 1 1 1 1 1 1 1 1 1 3 0 0 0 0 0 0 0 0 
1 1 4 8 8 7 3 3 2 2 1 0 0 5 7 7 9 9 9 13 13 9 10 10 6 6 6 6 6 3 3 3 1 1 1 1 1 0 0 0 0 0 0 0 0 0 
1 1 4 8 8 7 3 3 2 2 1 0 0 5 7 7 9 9 9 13 13 9 10 10 6 6 6 6 6 3 3 3 1 1 1 1 1 0 0 0 0 0 0 0 0 0 
2 2 6 13 13 10 3 3 1 1 1 1 1 6 6 6 10 10 7 12 12 11 13 13 12 12 12 4 4 4 3 3 2 2 3 2 2 1 0 0 0 0 0 0 0 0 
1 1 4 10 10 9 3 3 2 2 1 1 1 5 6 6 9 9 12 12 12 12 12 12 14 14 13 7 7 5 3 3 5 5 6 2 2 1 1 1 0 0 0 0 0 0 
1 1 4 10 10 9 3 3 2 2 1 1 1 5 6 6 9 9 12 12 12 12 12 12 14 14 13 7 7 5 3 3 5 5 6 2 2 1 1 1 0 0 0 0 0 0 
1 1 2 4 4 4 3 3 2 2 1 8 8 7 5 5 6 6 11 11 11 12 12 12 12 12 11 5 5 5 4 4 6 6 7 2 2 1 1 1 0 0 0 0 0 0 
1 1 1 1 1 1 2 2 5 5 5 8 8 8 8 8 8 8 12 13 13 17 11 11 11 11 12 6 6 6 4 4 5 5 10 1 1 1 0 0 0 0 0 0 0 0 
1 1 1 1 1 1 2 2 5 5 5 8 8 8 8 8 8 8 12 13 13 17 11 11 11 11 12 6 6 6 4 4 5 5 10 1 1 1 0 0 0 0 0 0 0 0 
1 1 1 1 1 1 2 2 5 5 5 11 11 10 10 10 8 8 16 16 16 18 13 13 11 11 11 5 5 0 0 0 0 0 0 0 0 0 1 1 1 1 1 0 0 0 
1 1 1 1 1 1 2 2 5 5 5 11 11 10 10 10 8 8 16 16 16 18 13 13 11 11 11 5 5 0 0 0 0 0 0 0 0 0 1 1 1 1 1 0 0 0 
1 1 2 1 1 1 2 2 2 2 2 11 11 11 13 13 18 18 18 16 16 19 12 12 10 10 6 6 6 0 0 0 0 0 0 0 0 0 0 0 1 1 1 0 0 0 
1 1 2 2 2 2 2 2 1 1 1 10 10 21 12 12 15 15 17 17 17 13 13 13 9 9 5 5 5 0 0 0 0 0 0 1 1 1 1 1 0 0 0 0 0 0 
1 1 2 2 2 2 2 2 1 1 1 10 10 21 12 12 15 15 17 17 17 13 13 13 9 9 5 5 5 0 0 0 0 0 0 1 1 1 1 1 0 0 0 0 0 0 
1 1 2 2 2 2 2 2 1 1 6 7 7 11 15 15 10 10 18 17 17 11 13 13 6 6 5 5 5 0 0 0 0 0 1 1 1 3 1 1 0 0 0 0 0 0 
2 2 2 2 2 3 3 3 1 1 3 14 14 17 15 15 11 11 10 11 11 7 7 7 3 3 3 3 3 3 3 3 5 5 6 6 6 3 0 0 0 0 0 0 0 0 
2 2 2 2 2 3 3 3 1 1 3 14 14 17 15 15 11 11 10 11 11 7 7 7 3 3 3 3 3 3 3 3 5 5 6 6 6 3 0 0 0 0 0 0 0 0 
2 2 2 3 3 3 3 3 2 2 3 11 11 13 12 12 11 11 8 8 8 5 1 1 1 1 7 6 6 14 20 20 22 22 7 8 8 4 1 1 0 0 0 0 0 0 
2 2 2 3 3 3 3 3 2 2 3 11 11 13 12 12 11 11 8 8 8 5 1 1 1 1 7 6 6 14 20 20 22 22 7 8 8 4 1 1 0 0 0 0 0 0 
2 2 2 2 2 3 2 2 3 3 11 13 13 5 6 6 4 4 3 1 1 5 1 1 2 2 5 12 12 21 27 27 39 39 8 7 7 7 3 3 0 0 0 1 1 0 
3 3 3 2 2 3 4 4 5 5 20 20 20 11 20 20 10 10 10 4 4 5 5 5 2 2 6 7 7 9 26 26 26 26 7 2 2 3 2 2 0 0 3 3 3 1 
3 3 3 2 2 3 4 4 5 5 20 20 20 11 20 20 10 10 10 4 4 5 5 5 2 2 6 7 7 9 26 26 26 26 7 2 2 3 2 2 0 0 3 3 3 1 
3 3 3 2 2 2 17 17 21 21 31 30 30 30 25 25 24 24 15 10 10 13 10 10 3 3 8 6 6 7 8 8 10 10 5 2 2 1 1 1 18 18 4 5 5 5 
2 2 2 2 2 3 18 18 22 22 32 39 39 51 42 42 31 31 24 11 11 9 12 12 9 9 5 6 6 9 10 10 11 11 12 9 9 8 17 17 33 33 20 22 22 24 
2 2 2 2 2 3 18 18 22 22 32 39 39 51 42 42 31 31 24 11 11 9 12 12 9 9 5 6 6 9 10 10 11 11 12 9 9 8 17 17 33 33 20 22 22 24 
2 2 2 2 2 17 19 19 21 21 30 34 34 40 40 40 25 25 19 13 13 7 11 11 11 11 5 7 7 14 17 17 9 9 3 14 14 22 30 30 32 32 41 36 36 25 
2 2 2 2 2 17 19 19 21 21 30 34 34 40 40 40 25 25 19 13 13 7 11 11 11 11 5 7 7 14 17 17 9 9 3 14 14 22 30 30 32 32 41 36 36 25 
2 2 2 2 2 9 16 16 19 19 20 37 37 47 31 31 19 19 14 9 9 5 7 7 11 11 6 7 7 15 32 32 21 21 12 21 21 22 57 57 45 45 25 36 36 28 
2 2 2 2 2 9 9 9 11 11 12 24 24 16 13 13 1 1 7 8 8 4 5 5 4 4 6 12 12 16 19 19 19 19 12 3 3 24 27 27 35 35 21 13 13 15 
2 2 2 2 2 9 9 9 11 11 12 24 24 16 13 13 1 1 7 8 8 4 5 5 4 4 6 12 12 16 19 19 19 19 12 3 3 24 27 27 35 35 21 13 13 15 
2 2 4 4 4 3 2 2 1 1 11 15 15 13 13 13 1 1 2 2 2 3 3 3 4 4 5 10 10 11 16 16 10 10 5 1 1 4 4 4 4 4 6 7 7 10 
4 4 8 5 5 3 1 1 1 1 1 1 1 1 1 1 1 1 2 2 2 2 2 2 3 3 4 8 8 11 8 8 3 3 1 0 0 4 4 4 1 1 2 6 6 7 
4 4 8 5 5 3 1 1 1 1 1 1 1 1 1 1 1 1 2 2 2 2 2 2 3 3 4 8 8 11 8 8 3 3 1 0 0 4 4 4 1 1 2 6 6 7 
4 4 5 3 3 2 6 6 1 1 1 1 1 1 1 1 1 1 2 4 4 2 1 1 1 1 2 6 6 5 6 6 2 2 1 0 0 0 0 0 0 0 1 3 3 1 
4 4 5 3 3 2 6 6 1 1 1 1 1 1 1 1 1 1 2 4 4 2 1 1 1 1 2 6 6 5 6 6 2 2 1 0 0 0 0 0 0 0 1 3 3 1 
4 4 3 2 2 2 20 20 6 6 6 6 6 1 3 3 3 3 1 1 1 1 1 1 1 1 1 4 4 4 4 4 2 2 4 4 4 2 0 0 0 0 0 0 0 0 
4 4 3 3 3 3 23 23 25 25 19 16 16 14 8 8 4 4 1 1 1 0 1 1 0 0 0 0 0 0 1 1 4 4 4 5 5 3 0 0 0 0 0 0 0 0 
4 4 3 3 3 3 23 23 25 25 19 16 16 14 8 8 4 4 1 1 1 0 1 1 0 0 0 0 0 0 1 1 4 4 4 5 5 3 0 0 0 0 0 0 0 0 
5 5 4 6 6 5 24 24 23 23 21 16 16 16 6 6 4 4 1 1 1 1 1 1 0 0 0 0 0 0 1 1 3 3 3 5 5 3 0 0 0 0 0 1 1 1 
15 15 5 6 6 5 19 19 19 19 16 14 14 6 8 8 6 6 1 1 1 1 2 2 1 1 1 1 1 1 1 1 2 2 3 1 1 1 0 0 0 0 0 1 1 1 
15 15 5 6 6 5 19 19 19 19 16 14 14 6 8 8 6 6 1 1 1 1 2 2 1 1 1 1 1 1 1 1 2 2 3 1 1 1 0 0 0 0 0 1 1 1 
13 13 4 4 4 3 2 2 5 5 7 4 4 1 1 1 9 9 3 6 6 6 7 7 2 2 2 1 1 1 2 2 2 2 1 0 0 0 0 0 0 0 0 0 0 0 
13 13 4 4 4 3 2 2 5 5 7 4 4 1 1 1 9 9 3 6 6 6 7 7 2 2 2 1 1 1 2 2 2 2 1 0 0 0 0 0 0 0 0 0 0 0 
6 6 2 2 2 3 4 4 6 6 7 4 4 1 1 1 1 1 2 3 3 7 7 7 2 2 2 1 1 1 1 1 1 1 1 0 0 0 0 0 0 0 0 0 0 0 
1 1 1 3 3 6 7 7 3 3 2 2 2 1 1 1 1 1 2 6 6 9 10 10 2 2 1 2 2 2 1 1 1 1 1 1 1 1 0 0 1 1 1 0 0 0 
1 1 1 3 3 6 7 7 3 3 2 2 2 1 1 1 1 1 2 6 6 9 10 10 2 2 1 2 2 2 1 1 1 1 1 1 1 1 0 0 1 1 1 0 0 0 
1 1 1 4 4 2 2 2 1 1 1 2 2 2 2 2 2 2 4 10 10 16 7 7 2 2 1 1 1 1 1 1 2 2 2 2 2 2 1 1 1 1 1 0 0 0 
3 3 3 1 1 1 1 1 1 1 1 2 2 2 2 2 3 3 6 6 6 19 5 5 4 4 2 2 2 2 2 2 4 4 4 5 5 6 4 4 2 2 1 0 0 0 
3 3 3 1 1 1 1 1 1 1 1 2 2 2 2 2 3 3 6 6 6 19 5 5 4 4 2 2 2 2 2 2 4 4 4 5 5 6 4 4 2 2 1 0 0 0 
8 8 1 1 1 1 1 1 1 1 1 1 1 1 2 2 3 3 3 3 3 5 3 3 3 3 2 2 2 2 2 2 3 3 4 8 8 10 7 7 4 4 1 0 0 0 
8 8 1 1 1 1 1 1 1 1 1 1 1 1 2 2 3 3 3 3 3 5 3 3 3 3 2 2 2 2 2 2 3 3 4 8 8 10 7 7 4 4 1 0 0 0 
2 2 0 1 1 1 1 1 1 1 1 1 1 1 1 1 1 1 1 2 2 2 2 2 2 2 2 2 2 2 2 2 3 3 4 9 9 10 7 7 4 4 2 0 0 0 
0 0 0 1 1 1 1 1 1 1 0 0 0 1 1 1 1 1 1 1 1 1 1 1 1 1 3 3 3 3 5 5 6 6 2 4 4 3 2 2 1 1 1 0 0 0 
0 0 0 1 1 1 1 1 1 1 0 0 0 1 1 1 1 1 1 1 1 1 1 1 1 1 3 3 3 3 5 5 6 6 2 4 4 3 2 2 1 1 1 0 0 0 
0 0 0 0 0 0 1 1 1 1 0 0 0 0 2 2 0 0 1 1 1 1 1 1 1 1 1 3 3 5 5 5 4 4 1 1 1 0 0 0 0 0 0 0 0 0 
0 0 0 0 0 0 1 1 0 0 0 0 0 2 2 2 2 2 1 1 1 1 0 0 0 0 0 1 1 1 1 1 1 1 1 1 1 0 0 0 0 0 0 0 0 0 
