assets/RAT_results/precipitation/2024-06-11_IMERG.asc
ncols        46
nrows        77
xllcorner    74.800261325624
yllcorner    8.058333333333
cellsize     0.062500000000
NODATA_value -9999
39 39 40 44 44 39 37 37 46 46 47 70 70 53 45 45 41 41 30 23 23 18 14 14 11 11 7 4 4 6 4 4 4 4 3 5 5 6 6 6 5 5 2 0 0 0 
27 27 29 36 36 45 50 50 42 42 42 53 53 58 50 50 46 46 35 27 27 24 20 20 16 16 9 4 4 3 2 2 2 2 4 6 6 6 5 5 3 3 0 0 0 0 
27 27 29 36 36 45 50 50 42 42 42 53 53 58 50 50 46 46 35 27 27 24 20 20 16 16 9 4 4 3 2 2 2 2 4 6 6 6 5 5 3 3 0 0 0 0 
19 19 23 24 24 35 44 44 46 46 43 49 49 53 54 54 50 50 37 29 29 25 22 22 14 14 8 4 4 3 4 4 3 3 4 7 7 10 7 7 5 5 1 0 0 0 
19 19 26 25 25 30 43 43 53 53 57 53 53 52 52 52 47 47 51 37 37 24 19 19 13 13 5 4 4 4 8 8 4 4 4 6 6 11 10 10 6 6 3 0 0 0 
19 19 26 25 25 30 43 43 53 53 57 53 53 52 52 52 47 47 51 37 37 24 19 19 13 13 5 4 4 4 8 8 4 4 4 6 6 11 10 10 6 6 3 0 0 0 
22 22 25 28 28 33 47 47 54 54 45 46 46 42 45 45 49 49 47 36 36 22 16 16 12 12 7 5 5 5 5 5 5 5 4 7 7 10 5 5 3 3 2 1 1 0 
22 22 25 28 28 33 47 47 54 54 45 46 46 42 45 45 49 49 47 36 36 22 16 16 12 12 7 5 5 5 5 5 5 5 4 7 7 10 5 5 3 3 2 1 1 0 
35 35 32 26 26 24 32 32 31 31 32 36 36 38 39 39 49 49 41 33 33 18 18 18 12 12 7 5 5 5 5 5 4 4 4 6 6 12 5 5 1 1 0 1 1 0 
21 21 18 24 24 20 21 21 22 22 18 27 27 39 48 48 50 50 47 28 28 21 14 14 10 10 5 4 4 4 4 4 6 6 4 4 4 6 3 3 2 2 0 0 0 0 
21 21 18 24 24 20 21 21 22 22 18 27 27 39 48 48 50 50 47 28 28 21 14 14 10 10 5 4 4 4 4 4 6 6 4 4 4 6 3 3 2 2 0 0 0 0 
22 22 20 20 20 12 9 9 18 18 18 27 27 47 56 56 56 56 54 33 33 18 11 11 7 7 3 4 4 4 2 2 9 9 4 5 5 4 2 2 1 1 1 2 2 2 
18 18 14 14 14 15 12 12 22 22 24 27 27 33 41 41 47 47 43 27 27 12 10 10 5 5 4 3 3 3 2 2 2 2 2 4 4 4 4 4 2 2 2 3 3 4 
18 18 14 14 14 15 12 12 22 22 24 27 27 33 41 41 47 47 43 27 27 12 10 10 5 5 4 3 3 3 2 2 2 2 2 4 4 4 4 4 2 2 2 3 3 4 
23 23 20 20 20 17 22 22 20 20 22 27 27 28 30 30 34 34 36 20 20 8 5 5 6 6 4 2 2 7 3 3 4 4 3 5 5 6 4 4 3 3 1 0 0 2 
23 23 20 20 20 17 22 22 20 20 22 27 27 28 30 30 34 34 36 20 20 8 5 5 6 6 4 2 2 7 3 3 4 4 3 5 5 6 4 4 3 3 1 0 0 2 
34 34 31 23 23 21 24 24 15 15 17 23 23 26 24 24 19 19 18 15 15 11 7 7 9 9 7 5 5 2 3 3 4 4 5 4 4 12 7 7 4 4 2 1 1 2 
27 27 28 23 23 16 13 13 14 14 15 21 21 29 23 23 12 12 12 16 16 14 9 9 10 10 6 7 7 4 1 1 5 5 5 2 2 5 5 5 3 3 2 3 3 4 
27 27 28 23 23 16 13 13 14 14 15 21 21 29 23 23 12 12 12 16 16 14 9 9 10 10 6 7 7 4 1 1 5 5 5 2 2 5 5 5 3 3 2 3 3 4 
16 16 33 21 21 14 9 9 10 10 16 14 14 16 14 14 11 11 14 11 11 8 9 9 9 9 6 7 7 4 2 2 4 4 7 2 2 4 5 5 4 4 3 3 3 6 
13 13 16 21 21 13 11 11 8 8 7 8 8 11 13 13 13 13 11 9 9 9 7 7 15 15 10 7 7 5 3 3 4 4 6 4 4 4 5 5 8 8 5 5 5 5 
13 13 16 21 21 13 11 11 8 8 7 8 8 11 13 13 13 13 11 9 9 9 7 7 15 15 10 7 7 5 3 3 4 4 6 4 4 4 5 5 8 8 5 5 5 5 
14 14 14 15 15 18 12 12 12 12 6 19 19 16 10 10 13 13 11 10 10 11 6 6 8 8 14 13 13 7 4 4 3 3 2 4 4 4 4 4 5 5 4 4 4 3 
14 14 14 15 15 18 12 12 12 12 6 19 19 16 10 10 13 13 11 10 10 11 6 6 8 8 14 13 13 7 4 4 3 3 2 4 4 4 4 4 5 5 4 4 4 3 
18 18 13 15 15 19 18 18 28 28 17 22 22 31 34 34 25 25 17 11 11 11 10 10 14 14 11 9 9 9 13 13 7 7 4 4 4 5 5 5 4 4 3 4 4 4 
20 20 24 21 21 18 14 14 14 14 20 14 14 20 23 23 11 11 7 5 5 6 8 8 9 9 13 8 8 17 8 8 10 10 4 5 5 5 5 5 4 4 2 3 3 4 
20 20 24 21 21 18 14 14 14 14 20 14 14 20 23 23 11 11 7 5 5 6 8 8 9 9 13 8 8 17 8 8 10 10 4 5 5 5 5 5 4 4 2 3 3 4 
42 42 39 38 38 38 31 31 27 27 22 18 18 16 24 24 23 23 21 13 13 12 9 9 9 9 10 12 12 7 6 6 5 5 7 6 6 4 6 6 6 6 3 2 2 2 
23 23 33 35 35 37 34 34 29 29 28 22 22 19 14 14 20 20 18 14 14 7 8 8 10 10 15 15 15 14 13 13 9 9 6 10 10 8 5 5 5 5 2 2 2 1 
23 23 33 35 35 37 34 34 29 29 28 22 22 19 14 14 20 20 18 14 14 7 8 8 10 10 15 15 15 14 13 13 9 9 6 10 10 8 5 5 5 5 2 2 2 1 
16 16 24 36 36 51 58 58 59 59 50 40 40 28 20 20 15 15 11 14 14 12 8 8 9 9 13 15 15 16 9 9 6 6 7 4 4 3 3 3 1 1 1 1 1 0 
16 16 24 36 36 51 58 58 59 59 50 40 40 28 20 20 15 15 11 14 14 12 8 8 9 9 13 15 15 16 9 9 6 6 7 4 4 3 3 3 1 1 1 1 1 0 
9 9 8 17 17 25 37 37 45 45 45 41 41 29 27 27 21 21 14 16 16 25 33 33 28 28 25 24 24 21 11 11 8 8 4 2 2 3 5 5 4 4 2 1 1 0 
6 6 6 7 7 11 19 19 17 17 17 14 14 12 11 11 16 16 13 19 19 22 27 27 30 30 33 37 37 38 34 34 26 26 18 11 11 10 11 11 6 6 2 0 0 1 
6 6 6 7 7 11 19 19 17 17 17 14 14 12 11 11 16 16 13 19 19 22 27 27 30 30 33 37 37 38 34 34 26 26 18 11 11 10 11 11 6 6 2 0 0 1 
10 10 9 8 8 14 19 19 13 13 13 12 12 11 9 9 8 8 7 10 10 14 18 18 26 26 30 33 33 34 29 29 22 22 13 8 8 5 6 6 5 5 2 0 0 1 
9 9 10 9 9 11 14 14 11 11 11 9 9 9 8 8 7 7 8 7 7 9 11 11 13 13 15 13 13 15 19 19 19 19 14 8 8 8 4 4 3 3 2 2 2 2 
9 9 10 9 9 11 14 14 11 11 11 9 9 9 8 8 7 7 8 7 7 9 11 11 13 13 15 13 13 15 19 19 19 19 14 8 8 8 4 4 3 3 2 2 2 2 
6 6 7 6 6 6 6 6 6 6 5 8 8 6 5 5 5 5 8 7 7 10 11 11 13 13 14 15 15 15 18 18 20 20 18 16 16 8 5 5 4 4 3 2 2 3 
6 6 7 6 6 6 6 6 6 6 5 8 8 6 5 5 5 5 8 7 7 10 11 11 13 13 14 15 15 15 18 18 20 20 18 16 16 8 5 5 4 4 3 2 2 3 
15 15 14 13 13 15 14 14 12 12 7 6 6 5 3 3 3 3 4 6 6 6 6 6 6 6 7 11 11 14 15 15 12 12 12 9 9 8 6 6 3 3 2 2 2 2 
12 12 15 16 16 14 14 14 14 14 14 14 14 9 5 5 3 3 3 4 4 5 5 5 6 6 8 7 7 3 9 9 9 9 11 12 12 6 6 6 3 3 1 1 1 2 
12 12 15 16 16 14 14 14 14 14 14 14 14 9 5 5 3 3 3 4 4 5 5 5 6 6 8 7 7 3 9 9 9 9 11 12 12 6 6 6 3 3 1 1 1 2 
8 8 12 17 17 20 19 19 18 18 24 21 21 10 7 7 8 8 9 8 8 12 10 10 11 11 11 11 11 12 2 2 2 2 2 2 2 5 6 6 5 5 5 4 4 2 
6 6 7 13 13 17 20 20 19 19 24 31 31 26 14 14 12 12 9 7 7 10 8 8 9 9 10 9 9 12 11 11 8 8 9 2 2 1 0 0 1 1 1 1 1 1 
6 6 7 13 13 17 20 20 19 19 24 31 31 26 14 14 12 12 9 7 7 10 8 8 9 9 10 9 9 12 11 11 8 8 9 2 2 1 0 0 1 1 1 1 1 1 
4 4 5 7 7 7 6 6 5 5 5 8 8 8 5 5 4 4 5 4 4 7 14 14 15 15 16 18 18 12 12 12 4 4 9 3 3 2 1 1 1 1 2 1 1 1 
4 4 5 7 7 7 6 6 5 5 5 8 8 8 5 5 4 4 5 4 4 7 14 14 15 15 16 18 18 12 12 12 4 4 9 3 3 2 1 1 1 1 2 1 1 1 
3 3 5 5 5 4 3 3 2 2 2 5 5 7 4 4 2 2 1 2 2 4 13 13 7 7 11 17 17 11 10 10 3 3 2 2 2 1 1 1 1 1 2 1 1 1 
1 1 3 4 4 4 4 4 4 4 8 13 13 8 8 8 15 15 18 16 16 4 6 6 4 4 8 11 11 9 5 5 6 6 2 3 3 4 3 3 1 1 1 1 1 2 
1 1 3 4 4 4 4 4 4 4 8 13 13 8 8 8 15 15 18 16 16 4 6 6 4 4 8 11 11 9 5 5 6 6 2 3 3 4 3 3 1 1 1 1 1 2 
3 3 4 12 12 8 7 7 6 6 10 11 11 8 8 8 17 17 18 15 15 3 1 1 1 1 2 1 1 1 2 2 9 9 6 4 4 3 3 3 1 1 0 0 0 1 
2 2 3 7 7 4 3 3 4 4 3 4 4 4 3 3 5 5 7 12 12 1 1 1 1 1 1 0 0 0 2 2 5 5 5 3 3 2 1 1 0 0 0 0 0 0 
2 2 3 7 7 4 3 3 4 4 3 4 4 4 3 3 5 5 7 12 12 1 1 1 1 1 1 0 0 0 2 2 5 5 5 3 3 2 1 1 0 0 0 0 0 0 
1 1 2 2 2 2 1 1 2 2 4 5 5 4 5 5 8 8 15 7 7 6 3 3 11 11 2 1 1 1 1 1 1 1 1 1 1 0 1 1 0 0 0 0 0 0 
1 1 2 2 2 2 1 1 2 2 4 5 5 4 5 5 8 8 15 7 7 6 3 3 11 11 2 1 1 1 1 1 1 1 1 1 1 0 1 1 0 0 0 0 0 0 
3 3 2 2 2 2 2 2 3 3 4 5 5 4 6 6 11 11 18 10 10 10 6 6 4 4 4 2 2 2 1 1 0 0 1 1 1 1 0 0 0 0 0 0 0 0 
4 4 3 3 3 2 2 2 2 2 3 3 3 2 4 4 6 6 8 9 9 5 4 4 3 3 4 3 3 4 3 3 3 3 4 1 1 1 0 0 0 0 0 0 0 0 
4 4 3 3 3 2 2 2 2 2 3 3 3 2 4 4 6 6 8 9 9 5 4 4 3 3 4 3 3 4 3 3 3 3 4 1 1 1 0 0 0 0 0 0 0 0 
4 4 3 3 3 3 2 2 2 2 1 1 1 1 2 2 2 2 3 5 5 4 3 3 2 2 8 8 8 3 2 2 4 4 4 1 1 1 0 0 0 0 0 0 0 0 
1 1 1 3 3 2 1 1 0 0 0 1 1 1 1 1 1 1 1 2 2 2 2 2 1 1 5 7 7 3 2 2 0 0 0 0 0 0 0 0 0 0 0 0 0 0 
1 1 1 3 3 2 1 1 0 0 0 1 1 1 1 1 1 1 1 2 2 2 2 2 1 1 5 7 7 3 2 2 0 0 0 0 0 0 0 0 0 0 0 0 0 0 
1 1 0 0 0 0 0 0 0 0 0 0 0 0 1 1 1 1 0 0 0 0 0 0 0 0 4 5 5 5 0 0 0 0 0 0 0 0 0 0 0 0 0 0 0 0 
1 1 0 0 0 0 0 0 0 0 0 0 0 0 1 1 1 1 0 0 0 0 0 0 0 0 4 5 5 5 0 0 0 0 0 0 0 0 0 0 0 0 0 0 0 0 
0 0 0 0 0 0 0 0 0 0 0 0 0 1 2 2 1 1 0 0 0 1 0 0 1 1 0 3 3 2 2 2 2 2 1 1 1 1 1 1 0 0 0 0 0 0 
0 0 0 0 0 0 0 0 0 0 0 0 0 1 1 1 0 0 0 1 1 0 2 2 1 1 1 0 0 2 0 0 1 1 0 0 0 0 1 1 0 0 0 0 0 0 
0 0 0 0 0 0 0 0 0 0 0 0 0 1 1 1 0 0 0 1 1 0 2 2 1 1 1 0 0 2 0 0 1 1 0 0 0 0 1 1 0 0 0 0 0 0 
1 1 0 0 0 0 0 0 0 0 0 0 0 0 0 0 1 1 1 1 1 1 1 1 2 2 1 1 1 1 0 0 0 0 0 0 0 0 1 1 0 0 0 0 0 0 
3 3 1 0 0 0 0 0 0 0 1 0 0 0 1 1 2 2 1 1 1 1 1 1 1 1 1 1 1 1 1 1 2 2 2 2 2 2 2 2 2 2 1 0 0 0 
3 3 1 0 0 0 0 0 0 0 1 0 0 0 1 1 2 2 1 1 1 1 1 1 1 1 1 1 1 1 1 1 2 2 2 2 2 2 2 2 2 2 1 0 0 0 
1 1 3 1 1 0 0 0 0 0 0 0 0 1 3 3 3 3 2 2 2 2 2 2 2 2 2 2 2 2 2 2 4 4 4 5 5 5 3 3 3 3 3 1 1 0 
1 1 3 1 1 0 0 0 0 0 0 0 0 1 3 3 3 3 2 2 2 2 2 2 2 2 2 2 2 2 2 2 4 4 4 5 5 5 3 3 3 3 3 1 1 0 
2 2 1 3 3 1 1 1 1 1 0 0 0 1 1 1 2 2 3 3 3 4 4 4 3 3 3 4 4 5 5 5 5 5 6 5 5 5 4 4 2 2 0 0 0 0 
2 2 2 2 2 2 2 2 2 2 1 1 1 0 1 1 1 1 3 3 3 3 4 4 4 4 3 3 3 4 3 3 4 4 4 6 6 5 4 4 2 2 1 1 1 0 
2 2 2 2 2 2 2 2 2 2 1 1 1 0 1 1 1 1 3 3 3 3 4 4 4 4 3 3 3 4 3 3 4 4 4 6 6 5 4 4 2 2 1 1 1 0 
2 2 2 1 1 2 3 3 3 3 2 1 1 1 1 1 1 1 2 3 3 2 3 3 3 3 2 2 2 2 2 2 3 3 4 4 4 5 3 3 3 3 2 1 1 0 
13 13 13 11 11 6 3 3 3 3 3 2 2 1 1 1 1 1 1 0 0 0 0 0 0 0 0 0 0 1 1 1 2 2 2 2 2 1 4 4 10 10 10 4 4 0 
