assets/RAT_results/precipitation/2024-05-13_IMERG.asc
ncols        46
nrows        77
xllcorner    74.800261325624
yllcorner    8.058333333333
cellsize     0.062500000000
NODATA_value -9999
2 2 1 1 1 1 4 4 4 4 4 5 5 7 8 8 7 7 5 5 5 9 7 7 9 9 7 10 10 10 9 9 11 11 10 11 11 16 35 35 35 35 43 37 37 27 
1 1 1 1 1 2 2 2 5 5 9 7 7 10 8 8 10 10 6 7 7 10 8 8 11 11 17 18 18 14 11 11 14 14 16 11 11 12 32 32 31 31 43 37 37 27 
1 1 1 1 1 2 2 2 5 5 9 7 7 10 8 8 10 10 6 7 7 10 8 8 11 11 17 18 18 14 11 11 14 14 16 11 11 12 32 32 31 31 43 37 37 27 
2 2 2 1 1 1 2 2 5 5 9 12 12 12 11 11 12 12 12 12 12 14 11 11 15 15 21 22 22 20 23 23 18 18 18 10 10 5 22 22 32 32 33 20 20 15 
5 5 1 1 1 1 4 4 4 4 7 6 6 6 11 11 9 9 11 12 12 9 13 13 14 14 18 21 21 20 25 25 25 25 14 23 23 16 23 23 30 30 27 13 13 12 
5 5 1 1 1 1 4 4 4 4 7 6 6 6 11 11 9 9 11 12 12 9 13 13 14 14 18 21 21 20 25 25 25 25 14 23 23 16 23 23 30 30 27 13 13 12 
2 2 2 3 3 3 4 4 4 4 7 6 6 6 6 6 7 7 5 11 11 9 14 14 14 14 14 23 23 23 28 28 28 28 18 20 20 24 26 26 10 10 10 3 3 1 
2 2 2 3 3 3 4 4 4 4 7 6 6 6 6 6 7 7 5 11 11 9 14 14 14 14 14 23 23 23 28 28 28 28 18 20 20 24 26 26 10 10 10 3 3 1 
4 4 9 7 7 3 4 4 4 4 4 3 3 3 3 3 3 3 4 8 8 6 9 9 10 10 12 23 23 22 24 24 24 24 17 21 21 29 32 32 7 7 5 1 1 1 
4 4 9 7 7 6 6 6 4 4 4 3 3 3 3 3 3 3 3 4 4 4 8 8 10 10 11 11 11 11 17 17 16 16 11 2 2 4 6 6 1 1 0 0 0 1 
4 4 9 7 7 6 6 6 4 4 4 3 3 3 3 3 3 3 3 4 4 4 8 8 10 10 11 11 11 11 17 17 16 16 11 2 2 4 6 6 1 1 0 0 0 1 
2 2 2 9 9 10 6 6 5 5 3 4 4 1 0 0 0 0 0 2 2 2 4 4 2 2 5 5 5 5 5 5 4 4 5 2 2 0 0 0 4 4 0 0 0 0 
3 3 1 9 9 10 11 11 9 9 5 0 0 0 0 0 1 1 0 1 1 2 2 2 2 2 2 1 1 2 1 1 4 4 4 0 0 3 4 4 4 4 1 0 0 0 
3 3 1 9 9 10 11 11 9 9 5 0 0 0 0 0 1 1 0 1 1 2 2 2 2 2 2 1 1 2 1 1 4 4 4 0 0 3 4 4 4 4 1 0 0 0 
3 3 7 7 7 14 13 13 18 18 10 6 6 2 1 1 2 2 2 2 2 3 2 2 2 2 1 1 1 2 1 1 1 1 1 0 0 9 9 9 0 0 1 1 1 0 
3 3 7 7 7 14 13 13 18 18 10 6 6 2 1 1 2 2 2 2 2 3 2 2 2 2 1 1 1 2 1 1 1 1 1 0 0 9 9 9 0 0 1 1 1 0 
2 2 5 8 8 14 15 15 18 18 14 9 9 4 1 1 1 1 1 3 3 2 1 1 1 1 1 16 16 13 3 3 3 3 9 8 8 9 10 10 1 1 2 1 1 1 
3 3 5 16 16 16 25 25 14 14 17 8 8 5 3 3 1 1 2 7 7 2 0 0 8 8 15 16 16 13 18 18 3 3 11 18 18 1 2 2 2 2 3 3 3 2 
3 3 5 16 16 16 25 25 14 14 17 8 8 5 3 3 1 1 2 7 7 2 0 0 8 8 15 16 16 13 18 18 3 3 11 18 18 1 2 2 2 2 3 3 3 2 
30 30 29 43 43 43 8 8 15 15 16 8 8 6 6 6 1 1 1 2 2 0 0 0 26 26 26 36 36 18 18 18 11 11 11 18 18 10 3 3 2 2 4 4 4 3 
61 61 60 44 44 43 9 9 5 5 7 11 11 8 8 8 2 2 1 0 0 2 2 2 26 26 26 35 35 32 18 18 12 12 12 10 10 11 3 3 6 6 7 5 5 2 
61 61 60 44 44 43 9 9 5 5 7 11 11 8 8 8 2 2 1 0 0 2 2 2 26 26 26 35 35 32 18 18 12 12 12 10 10 11 3 3 6 6 7 5 5 2 
60 60 58 48 48 6 6 6 6 6 5 11 11 14 12 12 5 5 2 1 1 0 5 5 26 26 27 31 31 32 18 18 12 12 12 1 1 2 2 2 4 4 5 2 2 2 
60 60 58 48 48 6 6 6 6 6 5 11 11 14 12 12 5 5 2 1 1 0 5 5 26 26 27 31 31 32 18 18 12 12 12 1 1 2 2 2 4 4 5 2 2 2 
57 57 52 52 52 7 6 6 6 6 7 10 10 18 13 13 8 8 3 2 2 1 5 5 5 5 15 16 16 16 3 3 3 3 1 2 2 4 3 3 3 3 3 2 2 2 
54 54 50 51 51 15 11 11 11 11 8 16 16 14 13 13 8 8 5 2 2 1 5 5 5 5 15 16 16 16 3 3 1 1 2 3 3 4 5 5 4 4 4 3 3 3 
54 54 50 51 51 15 11 11 11 11 8 16 16 14 13 13 8 8 5 2 2 1 5 5 5 5 15 16 16 16 3 3 1 1 2 3 3 4 5 5 4 4 4 3 3 3 
52 52 47 19 19 19 11 11 13 13 8 17 17 23 27 27 18 18 10 8 8 1 1 1 1 1 4 4 4 4 2 2 2 2 2 3 3 3 3 3 5 5 3 4 4 4 
40 40 40 19 19 19 10 10 9 9 9 71 71 86 84 84 17 17 9 8 8 5 2 2 1 1 4 4 4 2 2 2 2 2 3 3 3 4 3 3 5 5 6 4 4 6 
40 40 40 19 19 19 10 10 9 9 9 71 71 86 84 84 17 17 9 8 8 5 2 2 1 1 4 4 4 2 2 2 2 2 3 3 3 4 3 3 5 5 6 4 4 6 
39 39 39 20 20 20 12 12 11 11 10 70 70 80 81 81 32 32 12 3 3 2 2 2 1 1 1 1 1 2 2 2 3 3 3 4 4 5 5 5 6 6 5 3 3 6 
39 39 39 20 20 20 12 12 11 11 10 70 70 80 81 81 32 32 12 3 3 2 2 2 1 1 1 1 1 2 2 2 3 3 3 4 4 5 5 5 6 6 5 3 3 6 
10 10 9 9 9 19 12 12 11 11 8 9 9 43 17 17 12 12 15 7 7 6 1 1 1 1 1 6 6 6 7 7 3 3 3 3 3 5 5 5 5 5 6 3 3 5 
6 6 8 8 8 6 8 8 10 10 12 8 8 46 23 23 22 22 9 6 6 6 1 1 1 1 1 7 7 10 9 9 3 3 5 6 6 6 7 7 9 9 8 3 3 12 
6 6 8 8 8 6 8 8 10 10 12 8 8 46 23 23 22 22 9 6 6 6 1 1 1 1 1 7 7 10 9 9 3 3 5 6 6 6 7 7 9 9 8 3 3 12 
5 5 3 4 4 6 11 11 10 10 17 19 19 36 28 28 10 10 11 7 7 7 1 1 4 4 4 10 10 10 9 9 3 3 9 14 14 11 5 5 5 5 8 8 8 9 
4 4 4 4 4 7 11 11 11 11 11 13 13 29 27 27 16 16 11 10 10 7 1 1 2 2 4 14 14 14 12 12 13 13 9 10 10 11 4 4 2 2 5 6 6 13 
4 4 4 4 4 7 11 11 11 11 11 13 13 29 27 27 16 16 11 10 10 7 1 1 2 2 4 14 14 14 12 12 13 13 9 10 10 11 4 4 2 2 5 6 6 13 
4 4 4 7 7 7 7 7 5 5 5 20 20 19 15 15 8 8 7 9 9 9 2 2 2 2 9 14 14 13 12 12 13 13 17 18 18 11 1 1 1 1 7 10 10 19 
4 4 4 7 7 7 7 7 5 5 5 20 20 19 15 15 8 8 7 9 9 9 2 2 2 2 9 14 14 13 12 12 13 13 17 18 18 11 1 1 1 1 7 10 10 19 
2 2 6 8 8 9 7 7 5 5 4 11 11 18 17 17 10 10 8 10 10 1 1 1 2 2 4 3 3 17 20 20 21 21 17 17 17 11 1 1 8 8 6 13 13 22 
4 4 10 12 12 12 6 6 5 5 2 10 10 10 11 11 10 10 9 8 8 1 2 2 3 3 4 3 3 17 2 2 11 11 14 15 15 3 1 1 8 8 14 23 23 19 
4 4 10 12 12 12 6 6 5 5 2 10 10 10 11 11 10 10 9 8 8 1 2 2 3 3 4 3 3 17 2 2 11 11 14 15 15 3 1 1 8 8 14 23 23 19 
9 9 13 13 13 10 8 8 4 4 3 3 3 3 12 12 11 11 12 9 9 1 1 1 1 1 0 1 1 2 2 2 12 12 3 12 12 17 20 20 18 18 18 15 15 16 
6 6 11 14 14 14 13 13 7 7 3 3 3 3 2 2 6 6 8 4 4 2 3 3 1 1 1 1 1 2 1 1 3 3 3 13 13 19 23 23 19 19 14 19 19 18 
6 6 11 14 14 14 13 13 7 7 3 3 3 3 2 2 6 6 8 4 4 2 3 3 1 1 1 1 1 2 1 1 3 3 3 13 13 19 23 23 19 19 14 19 19 18 
5 5 10 13 13 12 9 9 5 5 3 2 2 2 1 1 2 2 3 2 2 1 1 1 2 2 2 1 1 2 2 2 15 15 15 16 16 17 17 17 14 14 13 12 12 15 
5 5 10 13 13 12 9 9 5 5 3 2 2 2 1 1 2 2 3 2 2 1 1 1 2 2 2 1 1 2 2 2 15 15 15 16 16 17 17 17 14 14 13 12 12 15 
6 6 12 12 12 9 5 5 3 3 2 2 2 1 1 1 1 1 2 1 1 1 1 1 3 3 3 4 4 4 15 15 16 16 15 17 17 17 6 6 11 11 12 12 12 17 
8 8 16 13 13 7 3 3 2 2 3 2 2 2 2 2 2 2 1 1 1 1 3 3 5 5 5 5 5 7 19 19 19 19 16 14 14 16 5 5 6 6 6 10 10 14 
8 8 16 13 13 7 3 3 2 2 3 2 2 2 2 2 2 2 1 1 1 1 3 3 5 5 5 5 5 7 19 19 19 19 16 14 14 16 5 5 6 6 6 10 10 14 
9 9 8 8 8 6 5 5 3 3 2 2 2 2 2 2 1 1 1 2 2 2 4 4 6 6 7 7 7 7 20 20 20 20 18 11 11 13 7 7 7 7 5 8 8 13 
4 4 3 3 3 5 6 6 3 3 1 2 2 2 2 2 1 1 1 3 3 8 7 7 9 9 9 9 9 8 14 14 13 13 12 12 12 14 41 41 20 20 4 6 6 10 
4 4 3 3 3 5 6 6 3 3 1 2 2 2 2 2 1 1 1 3 3 8 7 7 9 9 9 9 9 8 14 14 13 13 12 12 12 14 41 41 20 20 4 6 6 10 
3 3 2 2 2 2 3 3 2 2 1 3 3 3 2 2 1 1 1 3 3 5 5 5 10 10 11 11 11 10 9 9 19 19 29 29 29 41 41 41 21 21 5 5 5 6 
3 3 2 2 2 2 3 3 2 2 1 3 3 3 2 2 1 1 1 3 3 5 5 5 10 10 11 11 11 10 9 9 19 19 29 29 29 41 41 41 21 21 5 5 5 6 
5 5 2 2 2 2 1 1 1 1 1 1 1 1 1 1 1 1 1 3 3 5 6 6 10 10 12 12 12 11 10 10 23 23 15 32 32 45 42 42 18 18 15 4 4 4 
6 6 2 1 1 1 1 1 1 1 1 1 1 1 1 1 1 1 1 3 3 5 6 6 7 7 11 11 11 11 11 11 14 14 12 33 33 45 42 42 17 17 14 17 17 14 
6 6 2 1 1 1 1 1 1 1 1 1 1 1 1 1 1 1 1 3 3 5 6 6 7 7 11 11 11 11 11 11 14 14 12 33 33 45 42 42 17 17 14 17 17 14 
2 2 2 1 1 1 1 1 1 1 1 1 1 1 1 1 1 1 1 3 3 5 5 5 6 6 9 9 9 8 8 8 14 14 40 49 49 52 27 27 9 9 7 14 14 13 
2 2 2 1 1 1 1 1 0 0 0 1 1 1 1 1 1 1 1 2 2 3 4 4 5 5 7 8 8 7 12 12 12 12 40 50 50 50 22 22 20 20 9 25 25 25 
2 2 2 1 1 1 1 1 0 0 0 1 1 1 1 1 1 1 1 2 2 3 4 4 5 5 7 8 8 7 12 12 12 12 40 50 50 50 22 22 20 20 9 25 25 25 
2 2 2 1 1 1 0 0 0 0 0 1 1 1 1 1 0 0 0 1 1 2 5 5 6 6 6 7 7 6 13 13 13 13 78 41 41 41 22 22 20 20 7 9 9 17 
2 2 2 1 1 1 0 0 0 0 0 1 1 1 1 1 0 0 0 1 1 2 5 5 6 6 6 7 7 6 13 13 13 13 78 41 41 41 22 22 20 20 7 9 9 17 
2 2 2 1 1 1 1 1 0 0 1 1 1 1 1 1 0 0 0 1 1 3 5 5 6 6 5 5 5 6 12 12 12 12 77 23 23 56 23 23 21 21 8 8 8 17 
3 3 1 0 0 1 1 1 0 0 0 1 1 1 1 1 2 2 2 1 1 3 5 5 5 5 5 4 4 5 4 4 4 4 22 23 23 56 51 51 21 21 13 12 12 17 
3 3 1 0 0 1 1 1 0 0 0 1 1 1 1 1 2 2 2 1 1 3 5 5 5 5 5 4 4 5 4 4 4 4 22 23 23 56 51 51 21 21 13 12 12 17 
2 2 1 1 1 1 1 1 1 1 1 1 1 1 1 1 1 1 1 1 1 1 3 3 4 4 5 4 4 3 4 4 5 5 5 29 29 51 50 50 19 19 12 12 12 15 
1 1 1 1 1 2 2 2 1 1 1 1 1 1 1 1 1 1 1 1 1 1 2 2 3 3 6 6 6 4 3 3 5 5 4 27 27 50 41 41 18 18 18 10 10 3 
1 1 1 1 1 2 2 2 1 1 1 1 1 1 1 1 1 1 1 1 1 1 2 2 3 3 6 6 6 4 3 3 5 5 4 27 27 50 41 41 18 18 18 10 10 3 
1 1 1 1 1 3 2 2 1 1 1 1 1 1 0 0 0 0 1 1 1 1 2 2 4 4 7 7 7 4 2 2 3 3 5 18 18 38 39 39 18 18 17 10 10 9 
1 1 1 1 1 3 2 2 1 1 1 1 1 1 0 0 0 0 1 1 1 1 2 2 4 4 7 7 7 4 2 2 3 3 5 18 18 38 39 39 18 18 17 10 10 9 
1 1 1 1 1 1 1 1 1 1 1 1 1 1 1 1 1 1 1 0 0 1 1 1 4 4 7 5 5 3 2 2 2 2 4 11 11 11 18 18 12 12 11 9 9 9 
1 1 1 1 1 1 2 2 2 2 1 1 1 1 2 2 1 1 1 0 0 1 1 1 1 1 2 2 2 2 3 3 2 2 2 7 7 11 17 17 11 11 10 6 6 5 
1 1 1 1 1 1 2 2 2 2 1 1 1 1 2 2 1 1 1 0 0 1 1 1 1 1 2 2 2 2 3 3 2 2 2 7 7 11 17 17 11 11 10 6 6 5 
1 1 1 1 1 1 2 2 2 2 1 1 1 1 1 1 1 1 1 1 1 1 1 1 1 1 1 1 1 1 2 2 1 1 1 1 1 6 10 10 10 10 9 0 0 5 
1 1 1 1 1 1 4 4 2 2 1 1 1 1 1 1 2 2 1 1 1 1 1 1 1 1 1 1 1 1 1 1 0 0 1 1 1 1 0 0 0 0 0 0 0 0 
