assets/RAT_results/precipitation/2024-01-05_IMERG.asc
ncols        46
nrows        77
xllcorner    74.800261325624
yllcorner    8.058333333333
cellsize     0.062500000000
NODATA_value -9999
0 0 0 0 0 0 0 0 0 0 0 0 0 0 0 0 0 0 0 0 0 0 0 0 0 0 0 0 0 0 0 0 0 0 0 0 0 0 0 0 0 0 0 0 0 0 
0 0 0 0 0 0 0 0 0 0 0 0 0 0 0 0 0 0 0 0 0 0 0 0 0 0 0 0 0 0 0 0 0 0 0 0 0 0 0 0 0 0 0 0 0 0 
0 0 0 0 0 0 0 0 0 0 0 0 0 0 0 0 0 0 0 0 0 0 0 0 0 0 0 0 0 0 0 0 0 0 0 0 0 0 0 0 0 0 0 0 0 0 
0 0 0 0 0 0 0 0 0 0 0 0 0 0 0 0 0 0 0 0 0 0 0 0 0 0 0 0 0 0 0 0 0 0 0 0 0 0 0 0 0 0 0 0 0 0 
0 0 0 0 0 0 0 0 0 0 0 0 0 0 0 0 0 0 0 0 0 0 0 0 0 0 0 0 0 0 0 0 0 0 0 0 0 0 0 0 0 0 0 0 0 0 
0 0 0 0 0 0 0 0 0 0 0 0 0 0 0 0 0 0 0 0 0 0 0 0 0 0 0 0 0 0 0 0 0 0 0 0 0 0 0 0 0 0 0 0 0 0 
0 0 1 0 0 0 0 0 0 0 0 0 0 0 0 0 0 0 0 0 0 0 0 0 0 0 0 0 0 0 0 0 0 0 0 0 0 0 0 0 1 1 0 0 0 0 
0 0 1 0 0 0 0 0 0 0 0 0 0 0 0 0 0 0 0 0 0 0 0 0 0 0 0 0 0 0 0 0 0 0 0 0 0 0 0 0 1 1 0 0 0 0 
0 0 0 0 0 0 0 0 0 0 0 0 0 0 0 0 0 0 0 0 0 0 0 0 0 0 0 0 0 0 0 0 0 0 0 0 0 0 0 0 1 1 0 0 0 0 
0 0 0 0 0 0 0 0 0 0 0 0 0 0 0 0 0 0 0 0 0 0 0 0 0 0 0 0 0 0 0 0 0 0 0 0 0 0 0 0 0 0 0 0 0 0 
0 0 0 0 0 0 0 0 0 0 0 0 0 0 0 0 0 0 0 0 0 0 0 0 0 0 0 0 0 0 0 0 0 0 0 0 0 0 0 0 0 0 0 0 0 0 
0 0 0 0 0 0 0 0 0 0 0 0 0 0 0 0 0 0 0 0 0 0 0 0 0 0 0 0 0 0 0 0 0 0 0 0 0 0 0 0 0 0 0 0 0 0 
0 0 0 0 0 0 0 0 0 0 0 0 0 0 0 0 0 0 0 3 3 0 0 0 0 0 0 0 0 0 0 0 0 0 0 0 0 0 0 0 0 0 0 0 0 1 
0 0 0 0 0 0 0 0 0 0 0 0 0 0 0 0 0 0 0 3 3 0 0 0 0 0 0 0 0 0 0 0 0 0 0 0 0 0 0 0 0 0 0 0 0 1 
0 0 0 0 0 1 0 0 0 0 0 0 0 0 0 0 0 0 0 3 3 0 0 0 0 0 0 0 0 0 0 0 0 0 0 0 0 0 0 0 0 0 0 0 0 0 
0 0 0 0 0 1 0 0 0 0 0 0 0 0 0 0 0 0 0 3 3 0 0 0 0 0 0 0 0 0 0 0 0 0 0 0 0 0 0 0 0 0 0 0 0 0 
0 0 0 0 0 0 2 2 0 0 0 0 0 0 0 0 0 0 0 0 0 0 0 0 0 0 0 0 0 0 0 0 0 0 0 0 0 0 0 0 0 0 0 0 0 0 
1 1 1 0 0 0 1 1 2 2 0 0 0 0 0 0 0 0 0 0 0 0 0 0 0 0 0 0 0 0 0 0 0 0 0 0 0 0 0 0 0 0 0 0 0 0 
1 1 1 0 0 0 1 1 2 2 0 0 0 0 0 0 0 0 0 0 0 0 0 0 0 0 0 0 0 0 0 0 0 0 0 0 0 0 0 0 0 0 0 0 0 0 
2 2 1 2 2 2 1 1 3 3 3 1 1 7 0 0 0 0 0 0 0 0 0 0 0 0 0 0 0 0 0 0 0 0 0 0 0 0 0 0 0 0 0 0 0 0 
2 2 2 1 1 3 3 3 2 2 2 5 5 0 0 0 0 0 0 0 0 0 3 3 0 0 0 0 0 0 0 0 3 3 0 0 0 0 0 0 0 0 0 0 0 0 
2 2 2 1 1 3 3 3 2 2 2 5 5 0 0 0 0 0 0 0 0 0 3 3 0 0 0 0 0 0 0 0 3 3 0 0 0 0 0 0 0 0 0 0 0 0 
3 3 2 1 1 1 1 1 3 3 1 2 2 0 0 0 0 0 0 0 0 0 0 0 0 0 0 0 0 0 0 0 2 2 0 0 0 0 0 0 0 0 0 0 0 0 
3 3 2 1 1 1 1 1 3 3 1 2 2 0 0 0 0 0 0 0 0 0 0 0 0 0 0 0 0 0 0 0 2 2 0 0 0 0 0 0 0 0 0 0 0 0 
6 6 2 1 1 2 2 2 2 2 1 3 3 1 0 0 0 0 0 0 0 0 0 0 0 0 0 0 0 0 0 0 0 0 0 0 0 0 0 0 0 0 0 0 0 0 
9 9 4 2 2 2 1 1 1 1 2 2 2 0 0 0 0 0 0 0 0 0 0 0 0 0 0 0 0 2 0 0 0 0 0 0 0 0 0 0 0 0 0 0 0 0 
9 9 4 2 2 2 1 1 1 1 2 2 2 0 0 0 0 0 0 0 0 0 0 0 0 0 0 0 0 2 0 0 0 0 0 0 0 0 0 0 0 0 0 0 0 0 
6 6 4 5 5 4 2 2 2 2 3 3 3 1 1 1 1 1 0 0 0 0 0 0 0 0 0 0 0 0 0 0 0 0 0 0 0 0 0 0 0 0 0 0 0 0 
6 6 5 6 6 4 2 2 6 6 9 5 5 3 2 2 1 1 1 1 1 1 0 0 0 0 0 0 0 0 0 0 0 0 0 0 0 0 0 0 0 0 0 0 0 0 
6 6 5 6 6 4 2 2 6 6 9 5 5 3 2 2 1 1 1 1 1 1 0 0 0 0 0 0 0 0 0 0 0 0 0 0 0 0 0 0 0 0 0 0 0 0 
5 5 5 5 5 5 5 5 8 8 12 6 6 4 2 2 2 2 1 5 5 4 1 1 0 0 0 0 0 0 0 0 0 0 0 0 0 0 0 0 0 0 0 0 0 0 
5 5 5 5 5 5 5 5 8 8 12 6 6 4 2 2 2 2 1 5 5 4 1 1 0 0 0 0 0 0 0 0 0 0 0 0 0 0 0 0 0 0 0 0 0 0 
6 6 5 5 5 5 6 6 7 7 8 7 7 7 4 4 2 2 2 2 2 2 0 0 0 0 0 0 0 0 0 0 0 0 0 0 0 0 0 0 0 0 0 0 0 0 
11 11 8 7 7 6 5 5 7 7 9 8 8 9 4 4 3 3 2 1 1 4 2 2 0 0 0 0 0 0 0 0 0 0 0 1 1 0 0 0 0 0 0 0 0 0 
11 11 8 7 7 6 5 5 7 7 9 8 8 9 4 4 3 3 2 1 1 4 2 2 0 0 0 0 0 0 0 0 0 0 0 1 1 0 0 0 0 0 0 0 0 0 
12 12 8 5 5 5 4 4 6 6 11 12 12 13 8 8 7 7 5 6 6 6 6 6 2 2 1 0 0 0 0 0 0 0 0 0 0 0 0 0 0 0 0 0 0 0 
12 12 12 9 9 13 12 12 11 11 10 28 28 28 15 15 9 9 14 11 11 15 13 13 12 12 12 7 7 3 3 3 0 0 0 0 0 0 0 0 0 0 0 0 0 0 
12 12 12 9 9 13 12 12 11 11 10 28 28 28 15 15 9 9 14 11 11 15 13 13 12 12 12 7 7 3 3 3 0 0 0 0 0 0 0 0 0 0 0 0 0 0 
10 10 12 7 7 11 10 10 11 11 16 26 26 40 36 36 24 24 18 16 16 24 15 15 14 14 10 9 9 3 4 4 2 2 0 0 0 3 2 2 3 3 0 0 0 0 
10 10 12 7 7 11 10 10 11 11 16 26 26 40 36 36 24 24 18 16 16 24 15 15 14 14 10 9 9 3 4 4 2 2 0 0 0 3 2 2 3 3 0 0 0 0 
10 10 10 22 22 26 26 26 26 26 26 31 31 36 38 38 28 28 29 36 36 32 27 27 16 16 12 13 13 4 4 4 1 1 0 5 5 8 2 2 2 2 0 1 1 0 
23 23 21 27 27 22 21 21 29 29 34 54 54 45 44 44 49 49 46 46 46 35 29 29 20 20 19 15 15 2 1 1 1 1 6 4 4 8 1 1 0 0 0 0 0 0 
23 23 21 27 27 22 21 21 29 29 34 54 54 45 44 44 49 49 46 46 46 35 29 29 20 20 19 15 15 2 1 1 1 1 6 4 4 8 1 1 0 0 0 0 0 0 
25 25 23 29 29 33 35 35 41 41 57 61 61 48 31 31 33 33 38 36 36 35 33 33 28 28 25 22 22 7 1 1 0 0 1 3 3 1 1 1 2 2 0 0 0 0 
16 16 16 19 19 17 26 26 42 42 56 68 68 49 32 32 21 21 24 28 28 36 27 27 25 25 28 26 26 8 17 17 7 7 8 3 3 1 0 0 0 0 0 0 0 0 
16 16 16 19 19 17 26 26 42 42 56 68 68 49 32 32 21 21 24 28 28 36 27 27 25 25 28 26 26 8 17 17 7 7 8 3 3 1 0 0 0 0 0 0 0 0 
24 24 21 28 28 29 30 30 57 57 55 61 61 37 22 22 13 13 17 23 23 21 26 26 26 26 20 19 19 22 17 17 7 7 7 4 4 0 0 0 1 1 0 0 0 0 
24 24 21 28 28 29 30 30 57 57 55 61 61 37 22 22 13 13 17 23 23 21 26 26 26 26 20 19 19 22 17 17 7 7 7 4 4 0 0 0 1 1 0 0 0 0 
30 30 25 35 35 41 47 47 70 70 56 46 46 40 24 24 14 14 20 15 15 14 5 5 7 7 5 13 13 19 13 13 10 10 3 4 4 1 2 2 2 2 0 0 0 0 
49 49 42 61 61 65 59 59 74 74 73 44 44 37 33 33 15 15 17 9 9 6 1 1 2 2 4 11 11 7 12 12 0 0 0 1 1 3 5 5 3 3 0 0 0 0 
49 49 42 61 61 65 59 59 74 74 73 44 44 37 33 33 15 15 17 9 9 6 1 1 2 2 4 11 11 7 12 12 0 0 0 1 1 3 5 5 3 3 0 0 0 0 
32 32 74 52 52 66 68 68 69 69 70 40 40 38 14 14 13 13 15 14 14 4 1 1 2 2 6 9 9 3 1 1 0 0 0 0 0 1 2 2 1 1 0 0 0 0 
30 30 71 76 76 84 90 90 75 75 76 64 64 36 18 18 15 15 19 26 26 15 3 3 2 2 1 1 1 1 0 0 0 0 0 0 0 0 1 1 3 3 0 0 0 0 
30 30 71 76 76 84 90 90 75 75 76 64 64 36 18 18 15 15 19 26 26 15 3 3 2 2 1 1 1 1 0 0 0 0 0 0 0 0 1 1 3 3 0 0 0 0 
45 45 79 79 79 88 65 65 78 78 68 68 68 32 19 19 16 16 16 15 15 13 4 4 2 2 2 0 0 0 0 0 0 0 0 0 0 0 0 0 2 2 0 0 0 0 
45 45 79 79 79 88 65 65 78 78 68 68 68 32 19 19 16 16 16 15 15 13 4 4 2 2 2 0 0 0 0 0 0 0 0 0 0 0 0 0 2 2 0 0 0 0 
52 52 84 86 86 82 102 102 113 113 100 99 99 35 18 18 15 15 11 8 8 4 2 2 1 1 1 0 0 0 0 0 0 0 0 0 0 0 0 0 0 0 0 0 0 1 
55 55 63 62 62 59 103 103 120 120 110 64 64 31 27 27 15 15 9 8 8 6 1 1 1 1 0 0 0 0 0 0 0 0 0 0 0 0 0 0 0 0 0 0 0 2 
55 55 63 62 62 59 103 103 120 120 110 64 64 31 27 27 15 15 9 8 8 6 1 1 1 1 0 0 0 0 0 0 0 0 0 0 0 0 0 0 0 0 0 0 0 2 
48 48 54 60 60 65 104 104 119 119 134 93 93 65 53 53 15 15 9 8 8 6 1 1 1 1 0 0 0 0 0 0 0 0 0 0 0 0 0 0 0 0 0 0 0 3 
40 40 44 50 50 58 64 64 73 73 102 104 104 75 59 59 14 14 12 7 7 2 1 1 1 1 0 1 1 1 0 0 0 0 0 0 0 0 0 0 0 0 0 0 0 3 
40 40 44 50 50 58 64 64 73 73 102 104 104 75 59 59 14 14 12 7 7 2 1 1 1 1 0 1 1 1 0 0 0 0 0 0 0 0 0 0 0 0 0 0 0 3 
31 31 41 44 44 52 57 57 100 100 114 111 111 81 61 61 12 12 11 6 6 2 1 1 0 0 0 0 0 0 0 0 0 0 0 0 0 0 0 0 0 0 2 1 1 4 
31 31 41 44 44 52 57 57 100 100 114 111 111 81 61 61 12 12 11 6 6 2 1 1 0 0 0 0 0 0 0 0 0 0 0 0 0 0 0 0 0 0 2 1 1 4 
32 32 41 46 46 47 46 46 65 65 65 61 61 79 67 67 48 48 15 7 7 3 1 1 0 0 0 0 0 0 0 0 0 0 0 0 0 0 3 3 5 5 0 1 1 5 
36 36 36 40 40 41 43 43 64 64 66 54 54 66 52 52 50 50 15 8 8 6 2 2 1 1 1 0 0 0 0 0 0 0 1 1 1 1 2 2 5 5 0 1 1 3 
36 36 36 40 40 41 43 43 64 64 66 54 54 66 52 52 50 50 15 8 8 6 2 2 1 1 1 0 0 0 0 0 0 0 1 1 1 1 2 2 5 5 0 1 1 3 
36 36 46 47 47 39 41 41 48 48 45 49 49 37 29 29 22 22 15 12 12 10 3 3 1 1 0 0 0 0 0 0 0 0 1 1 1 1 0 0 0 0 1 2 2 1 
39 39 42 33 33 26 42 42 56 56 46 48 48 34 28 28 25 25 19 16 16 12 7 7 5 5 1 0 0 0 0 0 0 0 1 0 0 0 0 0 0 0 3 4 4 0 
39 39 42 33 33 26 42 42 56 56 46 48 48 34 28 28 25 25 19 16 16 12 7 7 5 5 1 0 0 0 0 0 0 0 1 0 0 0 0 0 0 0 3 4 4 0 
44 44 45 17 17 19 37 37 51 51 54 38 38 38 12 12 21 21 23 22 22 20 15 15 10 10 4 3 3 1 0 0 0 0 1 1 1 0 0 0 0 0 0 2 2 1 
44 44 45 17 17 19 37 37 51 51 54 38 38 38 12 12 21 21 23 22 22 20 15 15 10 10 4 3 3 1 0 0 0 0 1 1 1 0 0 0 0 0 0 2 2 1 
44 44 39 13 13 16 38 38 37 37 50 37 37 37 12 12 20 20 24 22 22 24 23 23 18 18 12 8 8 2 0 0 0 0 0 0 0 0 0 0 0 0 0 2 2 1 
46 46 27 9 9 12 25 25 39 39 51 53 53 46 28 28 15 15 21 24 24 24 24 24 28 28 26 14 14 3 0 0 0 0 0 0 0 0 0 0 0 0 1 2 2 1 
46 46 27 9 9 12 25 25 39 39 51 53 53 46 28 28 15 15 21 24 24 24 24 24 28 28 26 14 14 3 0 0 0 0 0 0 0 0 0 0 0 0 1 2 2 1 
72 72 32 6 6 23 24 24 38 38 43 45 45 45 33 33 35 35 9 19 19 24 27 27 32 32 32 21 21 8 2 2 0 0 0 0 0 0 0 0 0 0 1 4 4 1 
124 124 23 14 14 4 22 22 37 37 43 45 45 43 31 31 32 32 6 10 10 20 26 26 31 31 26 21 21 13 5 5 1 1 0 0 0 0 0 0 0 0 2 1 1 0 
