assets/RAT_results/precipitation/2024-08-09_IMERG.asc
ncols        46
nrows        77
xllcorner    74.800261325624
yllcorner    8.058333333333
cellsize     0.062500000000
NODATA_value -9999
10 10 13 2 2 1 2 2 5 5 6 6 6 8 9 9 9 9 7 8 8 9 6 6 4 4 4 5 5 7 7 7 8 8 10 11 11 11 12 12 16 16 17 17 17 17 
6 6 6 3 3 2 2 2 4 4 5 5 5 6 8 8 7 7 7 10 10 9 9 9 11 11 11 13 13 16 15 15 11 11 14 14 14 15 17 17 22 22 23 24 24 29 
6 6 6 3 3 2 2 2 4 4 5 5 5 6 8 8 7 7 7 10 10 9 9 9 11 11 11 13 13 16 15 15 11 11 14 14 14 15 17 17 22 22 23 24 24 29 
4 4 2 2 2 3 5 5 5 5 5 6 6 8 10 10 11 11 17 17 17 18 24 24 16 16 18 18 18 22 19 19 18 18 23 23 23 22 23 23 25 25 29 38 38 42 
1 1 1 2 2 5 9 9 7 7 4 4 4 6 8 8 10 10 10 12 12 18 21 21 19 19 26 32 32 26 25 25 23 23 30 28 28 34 27 27 29 29 28 37 37 41 
1 1 1 2 2 5 9 9 7 7 4 4 4 6 8 8 10 10 10 12 12 18 21 21 19 19 26 32 32 26 25 25 23 23 30 28 28 34 27 27 29 29 28 37 37 41 
0 0 1 1 1 4 5 5 2 2 2 3 3 5 7 7 13 13 15 19 19 18 29 29 32 32 32 28 28 26 25 25 28 28 28 32 32 34 33 33 33 33 34 38 38 43 
0 0 1 1 1 4 5 5 2 2 2 3 3 5 7 7 13 13 15 19 19 18 29 29 32 32 32 28 28 26 25 25 28 28 28 32 32 34 33 33 33 33 34 38 38 43 
0 0 1 3 3 5 4 4 2 2 4 8 8 12 11 11 19 19 19 24 24 24 31 31 30 30 34 31 31 28 32 32 34 34 31 31 31 34 40 40 36 36 30 35 35 38 
1 1 1 5 5 7 9 9 8 8 9 12 12 18 10 10 14 14 19 12 12 16 21 21 27 27 40 32 32 33 31 31 35 35 38 41 41 40 41 41 36 36 32 38 38 33 
1 1 1 5 5 7 9 9 8 8 9 12 12 18 10 10 14 14 19 12 12 16 21 21 27 27 40 32 32 33 31 31 35 35 38 41 41 40 41 41 36 36 32 38 38 33 
1 1 1 2 2 11 8 8 11 11 11 12 12 9 6 6 10 10 13 9 9 14 22 22 32 32 39 27 27 32 35 35 36 36 40 40 40 40 44 44 39 39 36 40 40 32 
2 2 1 4 4 21 9 9 6 6 9 3 3 3 2 2 4 4 6 7 7 14 19 19 29 29 43 33 33 32 36 36 37 37 35 37 37 34 37 37 43 43 39 36 36 35 
2 2 1 4 4 21 9 9 6 6 9 3 3 3 2 2 4 4 6 7 7 14 19 19 29 29 43 33 33 32 36 36 37 37 35 37 37 34 37 37 43 43 39 36 36 35 
1 1 1 4 4 5 9 9 5 5 4 3 3 3 4 4 6 6 7 9 9 14 16 16 23 23 28 23 23 26 28 28 36 36 31 34 34 38 37 37 46 46 34 43 43 34 
1 1 1 4 4 5 9 9 5 5 4 3 3 3 4 4 6 6 7 9 9 14 16 16 23 23 28 23 23 26 28 28 36 36 31 34 34 38 37 37 46 46 34 43 43 34 
3 3 1 3 3 1 12 12 12 12 5 3 3 3 4 4 8 8 9 10 10 11 13 13 15 15 14 17 17 16 21 21 30 30 29 40 40 33 27 27 33 33 35 28 28 25 
5 5 3 1 1 1 3 3 12 12 10 7 7 5 4 4 8 8 8 9 9 12 11 11 13 13 12 16 16 19 21 21 27 27 22 21 21 20 18 18 19 19 19 25 25 20 
5 5 3 1 1 1 3 3 12 12 10 7 7 5 4 4 8 8 8 9 9 12 11 11 13 13 12 16 16 19 21 21 27 27 22 21 21 20 18 18 19 19 19 25 25 20 
7 7 5 3 3 2 2 2 2 2 5 13 13 7 6 6 8 8 7 9 9 13 16 16 17 17 19 17 17 18 23 23 18 18 21 21 21 14 15 15 14 14 13 14 14 17 
7 7 7 5 5 5 7 7 5 5 6 18 18 10 10 10 15 15 12 13 13 19 23 23 25 25 25 20 20 14 14 14 14 14 14 13 13 14 15 15 14 14 15 12 12 13 
7 7 7 5 5 5 7 7 5 5 6 18 18 10 10 10 15 15 12 13 13 19 23 23 25 25 25 20 20 14 14 14 14 14 14 13 13 14 15 15 14 14 15 12 12 13 
11 11 5 4 4 5 9 9 4 4 4 5 5 9 12 12 16 16 16 16 16 18 22 22 27 27 26 18 18 15 11 11 14 14 12 9 9 14 13 13 15 15 11 13 13 15 
11 11 5 4 4 5 9 9 4 4 4 5 5 9 12 12 16 16 16 16 16 18 22 22 27 27 26 18 18 15 11 11 14 14 12 9 9 14 13 13 15 15 11 13 13 15 
13 13 8 4 4 3 4 4 3 3 4 3 3 10 10 10 9 9 9 13 13 14 14 14 19 19 17 11 11 8 8 8 9 9 7 10 10 12 11 11 10 10 9 11 11 12 
15 15 12 9 9 6 7 7 6 6 5 4 4 7 9 9 7 7 6 9 9 10 10 10 11 11 15 13 13 7 8 8 5 5 5 7 7 9 8 8 11 11 11 10 10 12 
15 15 12 9 9 6 7 7 6 6 5 4 4 7 9 9 7 7 6 9 9 10 10 10 11 11 15 13 13 7 8 8 5 5 5 7 7 9 8 8 11 11 11 10 10 12 
13 13 13 10 10 10 9 9 5 5 4 3 3 2 5 5 5 5 4 6 6 8 7 7 8 8 13 8 8 6 7 7 5 5 6 8 8 9 11 11 9 9 10 8 8 9 
11 11 14 11 11 8 7 7 4 4 3 2 2 2 2 2 3 3 3 7 7 7 7 7 9 9 11 10 10 11 10 10 7 7 7 7 7 4 6 6 6 6 5 8 8 5 
11 11 14 11 11 8 7 7 4 4 3 2 2 2 2 2 3 3 3 7 7 7 7 7 9 9 11 10 10 11 10 10 7 7 7 7 7 4 6 6 6 6 5 8 8 5 
8 8 15 11 11 6 3 3 2 2 2 1 1 1 1 1 1 1 3 6 6 6 6 6 7 7 6 7 7 9 7 7 4 4 4 2 2 1 1 1 2 2 1 1 1 2 
8 8 15 11 11 6 3 3 2 2 2 1 1 1 1 1 1 1 3 6 6 6 6 6 7 7 6 7 7 9 7 7 4 4 4 2 2 1 1 1 2 2 1 1 1 2 
10 10 14 8 8 4 2 2 2 2 1 1 1 0 1 1 2 2 2 3 3 4 5 5 4 4 6 5 5 4 3 3 2 2 1 1 1 1 1 1 1 1 1 0 0 0 
7 7 11 5 5 3 2 2 1 1 1 2 2 1 1 1 1 1 1 3 3 3 1 1 1 1 2 1 1 2 1 1 1 1 1 1 1 1 1 1 1 1 0 0 0 0 
7 7 11 5 5 3 2 2 1 1 1 2 2 1 1 1 1 1 1 3 3 3 1 1 1 1 2 1 1 2 1 1 1 1 1 1 1 1 1 1 1 1 0 0 0 0 
3 3 4 3 3 3 3 3 2 2 1 1 1 1 1 1 0 0 1 1 1 2 2 2 2 2 1 0 0 1 0 0 0 0 1 2 2 1 0 0 0 0 0 0 0 0 
1 1 2 2 2 3 4 4 1 1 1 1 1 1 1 1 0 0 0 3 3 3 3 3 4 4 1 1 1 0 1 1 2 2 2 2 2 1 0 0 0 0 0 0 0 0 
1 1 2 2 2 3 4 4 1 1 1 1 1 1 1 1 0 0 0 3 3 3 3 3 4 4 1 1 1 0 1 1 2 2 2 2 2 1 0 0 0 0 0 0 0 0 
1 1 1 1 1 1 2 2 1 1 1 1 1 2 1 1 0 0 0 2 2 2 3 3 2 2 3 2 2 0 0 0 2 2 3 1 1 0 0 0 2 2 1 2 2 2 
1 1 1 1 1 1 2 2 1 1 1 1 1 2 1 1 0 0 0 2 2 2 3 3 2 2 3 2 2 0 0 0 2 2 3 1 1 0 0 0 2 2 1 2 2 2 
1 1 1 0 0 0 1 1 1 1 1 2 2 2 1 1 0 0 0 0 0 1 1 1 0 0 0 1 1 1 1 1 2 2 2 1 1 0 1 1 3 3 6 7 7 6 
1 1 0 0 0 0 0 0 0 0 1 1 1 1 1 1 1 1 0 0 0 0 0 0 0 0 0 1 1 1 1 1 0 0 0 1 1 0 2 2 3 3 5 4 4 4 
1 1 0 0 0 0 0 0 0 0 1 1 1 1 1 1 1 1 0 0 0 0 0 0 0 0 0 1 1 1 1 1 0 0 0 1 1 0 2 2 3 3 5 4 4 4 
1 1 1 0 0 0 0 0 0 0 0 1 1 2 1 1 1 1 0 0 0 0 0 0 1 1 0 0 0 0 0 0 0 0 0 1 1 0 2 2 3 3 6 7 7 11 
1 1 0 0 0 0 0 0 0 0 0 3 3 3 1 1 0 0 0 0 0 0 0 0 0 0 0 0 0 0 0 0 0 0 0 0 0 0 0 0 1 1 1 2 2 7 
1 1 0 0 0 0 0 0 0 0 0 3 3 3 1 1 0 0 0 0 0 0 0 0 0 0 0 0 0 0 0 0 0 0 0 0 0 0 0 0 1 1 1 2 2 7 
0 0 0 0 0 0 0 0 0 0 1 2 2 1 0 0 0 0 0 0 0 0 0 0 0 0 0 0 0 0 0 0 0 0 0 0 0 0 0 0 0 0 0 2 2 2 
0 0 0 0 0 0 0 0 0 0 1 2 2 1 0 0 0 0 0 0 0 0 0 0 0 0 0 0 0 0 0 0 0 0 0 0 0 0 0 0 0 0 0 2 2 2 
1 1 0 0 0 0 0 0 0 0 0 1 1 0 1 1 1 1 1 0 0 0 0 0 0 0 0 0 0 2 1 1 0 0 0 0 0 0 0 0 0 0 0 0 0 0 
1 1 0 0 0 0 0 0 0 0 0 1 1 1 0 0 1 1 0 0 0 0 0 0 0 0 0 0 0 1 0 0 0 0 0 0 0 0 0 0 0 0 0 0 0 0 
1 1 0 0 0 0 0 0 0 0 0 1 1 1 0 0 1 1 0 0 0 0 0 0 0 0 0 0 0 1 0 0 0 0 0 0 0 0 0 0 0 0 0 0 0 0 
1 1 0 0 0 0 0 0 0 0 0 0 0 0 0 0 1 1 1 0 0 0 0 0 0 0 1 0 0 0 0 0 0 0 0 0 0 0 0 0 0 0 0 0 0 0 
0 0 0 0 0 0 0 0 1 1 0 0 0 1 1 1 1 1 0 0 0 0 0 0 0 0 1 0 0 0 0 0 0 0 0 0 0 0 0 0 0 0 0 0 0 0 
0 0 0 0 0 0 0 0 1 1 0 0 0 1 1 1 1 1 0 0 0 0 0 0 0 0 1 0 0 0 0 0 0 0 0 0 0 0 0 0 0 0 0 0 0 0 
0 0 0 0 0 0 0 0 0 0 0 0 0 0 0 0 0 0 0 0 0 0 0 0 2 2 0 0 0 0 0 0 0 0 0 0 0 0 0 0 0 0 0 0 0 0 
0 0 0 0 0 0 0 0 0 0 0 0 0 0 0 0 0 0 0 0 0 0 0 0 2 2 0 0 0 0 0 0 0 0 0 0 0 0 0 0 0 0 0 0 0 0 
0 0 0 1 1 1 1 1 0 0 1 0 0 0 0 0 0 0 0 0 0 0 0 0 2 2 0 1 1 0 0 0 0 0 0 0 0 0 0 0 0 0 0 0 0 0 
0 0 0 6 6 3 3 3 1 1 1 0 0 0 0 0 0 0 0 1 1 0 0 0 0 0 0 1 1 1 1 1 0 0 0 0 0 0 0 0 0 0 0 0 0 0 
0 0 0 6 6 3 3 3 1 1 1 0 0 0 0 0 0 0 0 1 1 0 0 0 0 0 0 1 1 1 1 1 0 0 0 0 0 0 0 0 0 0 0 0 0 0 
0 0 1 4 4 5 4 4 3 3 1 0 0 1 1 1 1 1 2 1 1 0 0 0 0 0 1 2 2 3 3 3 2 2 1 0 0 0 0 0 0 0 0 0 0 0 
0 0 2 5 5 5 4 4 1 1 0 0 0 0 0 0 0 0 3 1 1 0 0 0 0 0 0 1 1 1 2 2 3 3 1 1 1 0 0 0 0 0 0 0 0 0 
0 0 2 5 5 5 4 4 1 1 0 0 0 0 0 0 0 0 3 1 1 0 0 0 0 0 0 1 1 1 2 2 3 3 1 1 1 0 0 0 0 0 0 0 0 0 
0 0 2 7 7 7 4 4 1 1 0 0 0 0 0 0 0 0 2 0 0 0 0 0 0 0 0 1 1 2 4 4 1 1 1 0 0 0 0 0 0 0 0 0 0 0 
0 0 2 7 7 7 4 4 1 1 0 0 0 0 0 0 0 0 2 0 0 0 0 0 0 0 0 1 1 2 4 4 1 1 1 0 0 0 0 0 0 0 0 0 0 0 
0 0 2 3 3 6 1 1 0 0 0 0 0 0 0 0 0 0 0 0 0 0 0 0 0 0 0 0 0 1 1 1 1 1 0 0 0 0 0 0 0 0 0 0 0 0 
0 0 0 1 1 0 0 0 0 0 0 0 0 0 0 0 0 0 0 0 0 0 0 0 0 0 0 0 0 0 0 0 0 0 0 0 0 0 0 0 0 0 0 0 0 0 
0 0 0 1 1 0 0 0 0 0 0 0 0 0 0 0 0 0 0 0 0 0 0 0 0 0 0 0 0 0 0 0 0 0 0 0 0 0 0 0 0 0 0 0 0 0 
0 0 0 0 0 0 0 0 0 0 0 0 0 0 0 0 0 0 0 0 0 0 0 0 0 0 0 0 0 0 0 0 0 0 0 0 0 0 0 0 0 0 0 0 0 0 
0 0 0 0 0 0 0 0 0 0 0 0 0 0 0 0 0 0 0 0 0 0 0 0 0 0 0 0 0 0 0 0 0 0 0 0 0 0 0 0 0 0 0 0 0 0 
0 0 0 0 0 0 0 0 0 0 0 0 0 0 0 0 0 0 0 0 0 0 0 0 0 0 0 0 0 0 0 0 0 0 0 0 0 0 0 0 0 0 0 0 0 0 
0 0 0 0 0 0 0 0 0 0 0 0 0 0 0 0 0 0 0 0 0 0 0 0 0 0 0 0 0 0 0 0 0 0 0 0 0 0 0 0 0 0 0 0 0 0 
0 0 0 0 0 0 0 0 0 0 0 0 0 0 0 0 0 0 0 0 0 0 0 0 0 0 0 0 0 0 0 0 0 0 0 0 0 0 0 0 0 0 0 0 0 0 
0 0 0 0 0 0 0 0 0 0 0 0 0 0 0 0 0 0 0 0 0 0 0 0 0 0 0 0 0 0 0 0 0 0 0 0 0 0 0 0 0 0 0 0 0 0 
0 0 0 0 0 0 0 0 0 0 0 0 0 0 0 0 0 0 0 0 0 0 0 0 0 0 0 0 0 0 0 0 0 0 0 0 0 0 0 0 0 0 0 0 0 0 
0 0 0 0 0 0 0 0 0 0 0 0 0 0 0 0 0 0 0 0 0 0 0 0 0 0 0 0 0 0 0 0 0 0 0 0 0 0 0 0 0 0 0 0 0 0 
0 0 0 0 0 0 0 0 0 0 0 0 0 0 0 0 0 0 0 0 0 0 0 0 0 0 0 0 0 0 0 0 0 0 0 0 0 0 0 0 0 0 0 0 0 0 
0 0 0 0 0 0 0 0 0 0 0 0 0 0 0 0 0 0 0 0 0 0 0 0 0 0 0 0 0 0 0 0 0 0 0 0 0 0 0 0 0 0 0 0 0 0 
