assets/RAT_results/precipitation/2024-06-04_IMERG.asc
ncols        46
nrows        77
xllcorner    74.800261325624
yllcorner    8.058333333333
cellsize     0.062500000000
NODATA_value -9999
12 12 8 5 5 4 3 3 16 16 13 0 0 0 0 0 0 0 0 0 0 0 0 0 0 0 0 0 0 0 0 0 0 0 0 0 0 0 0 0 1 1 1 0 0 1 
4 4 3 3 3 3 3 3 15 15 8 8 8 16 1 1 2 2 1 9 9 0 2 2 3 3 0 0 0 0 0 0 0 0 0 0 0 0 1 1 1 1 3 4 4 5 
4 4 3 3 3 3 3 3 15 15 8 8 8 16 1 1 2 2 1 9 9 0 2 2 3 3 0 0 0 0 0 0 0 0 0 0 0 0 1 1 1 1 3 4 4 5 
7 7 3 4 4 9 24 24 44 44 30 21 21 31 9 9 6 6 7 1 1 9 4 4 0 0 0 0 0 0 0 0 0 0 0 0 0 0 1 1 3 3 4 7 7 9 
1 1 2 2 2 3 10 10 32 32 19 28 28 20 7 7 5 5 2 0 0 0 0 0 0 0 0 0 0 0 0 0 1 1 2 3 3 4 4 4 5 5 7 9 9 17 
1 1 2 2 2 3 10 10 32 32 19 28 28 20 7 7 5 5 2 0 0 0 0 0 0 0 0 0 0 0 0 0 1 1 2 3 3 4 4 4 5 5 7 9 9 17 
8 8 20 15 15 14 14 14 16 16 8 6 6 4 2 2 1 1 1 2 2 7 0 0 0 0 0 0 0 0 0 0 0 0 0 0 0 0 0 0 1 1 1 3 3 4 
8 8 20 15 15 14 14 14 16 16 8 6 6 4 2 2 1 1 1 2 2 7 0 0 0 0 0 0 0 0 0 0 0 0 0 0 0 0 0 0 1 1 1 3 3 4 
10 10 10 8 8 8 4 4 4 4 3 2 2 1 0 0 0 0 0 0 0 0 0 0 0 0 0 0 0 0 1 1 1 1 0 1 1 0 0 0 5 5 1 10 10 4 
2 2 5 6 6 6 5 5 2 2 0 0 0 0 0 0 0 0 0 0 0 0 0 0 0 0 0 0 0 0 0 0 0 0 2 2 2 4 6 6 29 29 29 15 15 11 
2 2 5 6 6 6 5 5 2 2 0 0 0 0 0 0 0 0 0 0 0 0 0 0 0 0 0 0 0 0 0 0 0 0 2 2 2 4 6 6 29 29 29 15 15 11 
5 5 9 7 7 5 1 1 1 1 1 2 2 1 2 2 1 1 2 0 0 0 0 0 0 0 0 0 0 0 0 0 4 4 10 9 9 7 9 9 14 14 18 13 13 13 
15 15 12 10 10 6 1 1 1 1 1 4 4 2 3 3 2 2 2 1 1 0 0 0 0 0 0 0 0 2 3 3 6 6 13 4 4 6 9 9 8 8 5 6 6 0 
15 15 12 10 10 6 1 1 1 1 1 4 4 2 3 3 2 2 2 1 1 0 0 0 0 0 0 0 0 2 3 3 6 6 13 4 4 6 9 9 8 8 5 6 6 0 
8 8 6 24 24 6 5 5 3 3 1 1 1 0 1 1 1 1 0 0 0 0 0 0 0 0 0 6 6 3 7 7 8 8 11 51 51 23 3 3 3 3 4 0 0 0 
8 8 6 24 24 6 5 5 3 3 1 1 1 0 1 1 1 1 0 0 0 0 0 0 0 0 0 6 6 3 7 7 8 8 11 51 51 23 3 3 3 3 4 0 0 0 
12 12 18 14 14 19 15 15 11 11 2 1 1 2 3 3 2 2 1 0 0 0 2 2 2 2 14 21 21 14 7 7 9 9 30 33 33 21 12 12 1 1 25 6 6 13 
6 6 7 8 8 10 8 8 18 18 16 9 9 10 9 9 4 4 1 1 1 1 1 1 5 5 2 22 22 1 4 4 28 28 14 14 14 21 28 28 33 33 14 18 18 1 
6 6 7 8 8 10 8 8 18 18 16 9 9 10 9 9 4 4 1 1 1 1 1 1 5 5 2 22 22 1 4 4 28 28 14 14 14 21 28 28 33 33 14 18 18 1 
8 8 9 19 19 7 6 6 7 7 12 7 7 12 9 9 3 3 1 0 0 0 1 1 1 1 1 1 1 1 0 0 0 0 1 5 5 19 27 27 14 14 0 0 0 1 
8 8 8 14 14 10 4 4 11 11 10 9 9 8 4 4 3 3 2 18 18 1 0 0 0 0 1 1 1 1 10 10 16 16 4 2 2 10 14 14 11 11 0 0 0 1 
8 8 8 14 14 10 4 4 11 11 10 9 9 8 4 4 3 3 2 18 18 1 0 0 0 0 1 1 1 1 10 10 16 16 4 2 2 10 14 14 11 11 0 0 0 1 
11 11 14 11 11 10 9 9 12 12 7 12 12 12 11 11 3 3 3 6 6 2 1 1 2 2 5 14 14 4 17 17 12 12 6 3 3 2 12 12 1 1 0 1 1 1 
11 11 14 11 11 10 9 9 12 12 7 12 12 12 11 11 3 3 3 6 6 2 1 1 2 2 5 14 14 4 17 17 12 12 6 3 3 2 12 12 1 1 0 1 1 1 
13 13 14 11 11 9 9 9 11 11 4 7 7 21 8 8 8 8 4 2 2 13 3 3 5 5 12 16 16 15 8 8 9 9 7 6 6 12 2 2 1 1 0 2 2 3 
29 29 21 13 13 15 8 8 14 14 7 8 8 14 7 7 34 34 8 15 15 7 10 10 16 16 22 30 30 36 17 17 11 11 9 25 25 15 7 7 4 4 5 6 6 8 
29 29 21 13 13 15 8 8 14 14 7 8 8 14 7 7 34 34 8 15 15 7 10 10 16 16 22 30 30 36 17 17 11 11 9 25 25 15 7 7 4 4 5 6 6 8 
13 13 26 12 12 12 9 9 11 11 11 13 13 11 9 9 5 5 8 8 8 11 14 14 24 24 29 31 31 34 24 24 23 23 21 21 21 15 10 10 10 10 9 10 10 13 
7 7 7 11 11 10 11 11 16 16 21 18 18 12 22 22 27 27 24 14 14 16 22 22 27 27 30 33 33 34 29 29 25 25 21 26 26 19 17 17 16 16 15 15 15 16 
7 7 7 11 11 10 11 11 16 16 21 18 18 12 22 22 27 27 24 14 14 16 22 22 27 27 30 33 33 34 29 29 25 25 21 26 26 19 17 17 16 16 15 15 15 16 
10 10 8 8 8 8 7 7 15 15 13 12 12 13 40 40 51 51 23 20 20 35 36 36 29 29 34 36 36 34 32 32 28 28 25 25 25 20 17 17 17 17 13 11 11 17 
10 10 8 8 8 8 7 7 15 15 13 12 12 13 40 40 51 51 23 20 20 35 36 36 29 29 34 36 36 34 32 32 28 28 25 25 25 20 17 17 17 17 13 11 11 17 
12 12 9 7 7 7 8 8 16 16 17 33 33 26 12 12 13 13 18 24 24 24 23 23 22 22 26 30 30 33 31 31 26 26 22 23 23 17 17 17 18 18 14 13 13 23 
19 19 16 12 12 15 10 10 15 15 30 57 57 20 15 15 11 11 11 12 12 11 10 10 11 11 17 22 22 21 18 18 10 10 9 10 10 6 8 8 9 9 9 14 14 17 
19 19 16 12 12 15 10 10 15 15 30 57 57 20 15 15 11 11 11 12 12 11 10 10 11 11 17 22 22 21 18 18 10 10 9 10 10 6 8 8 9 9 9 14 14 17 
33 33 25 20 20 19 13 13 11 11 20 36 36 23 22 22 13 13 17 8 8 8 8 8 6 6 8 9 9 11 7 7 2 2 1 1 1 1 5 5 9 9 12 15 15 16 
38 38 36 30 30 17 14 14 22 22 31 45 45 40 28 28 19 19 20 49 49 12 6 6 2 2 4 3 3 3 3 3 1 1 1 1 1 1 3 3 6 6 11 14 14 20 
38 38 36 30 30 17 14 14 22 22 31 45 45 40 28 28 19 19 20 49 49 12 6 6 2 2 4 3 3 3 3 3 1 1 1 1 1 1 3 3 6 6 11 14 14 20 
15 15 24 28 28 31 21 21 17 17 19 28 28 30 21 21 27 27 14 32 32 8 7 7 6 6 5 3 3 4 6 6 5 5 4 3 3 1 1 1 1 1 2 4 4 10 
15 15 24 28 28 31 21 21 17 17 19 28 28 30 21 21 27 27 14 32 32 8 7 7 6 6 5 3 3 4 6 6 5 5 4 3 3 1 1 1 1 1 2 4 4 10 
9 9 13 14 14 19 20 20 17 17 12 15 15 15 19 19 13 13 11 20 20 19 19 19 28 28 19 6 6 4 3 3 4 4 3 1 1 3 3 3 5 5 4 7 7 8 
5 5 11 15 15 18 21 21 21 21 21 26 26 27 24 24 29 29 26 26 26 28 23 23 25 25 18 12 12 16 17 17 4 4 8 6 6 6 12 12 12 12 9 10 10 12 
5 5 11 15 15 18 21 21 21 21 21 26 26 27 24 24 29 29 26 26 26 28 23 23 25 25 18 12 12 16 17 17 4 4 8 6 6 6 12 12 12 12 9 10 10 12 
6 6 9 15 15 17 19 19 21 21 20 27 27 38 40 40 46 46 53 54 54 59 35 35 32 32 31 21 21 17 19 19 5 5 8 7 7 12 21 21 27 27 15 17 17 22 
5 5 7 11 11 15 24 24 29 29 37 39 39 47 58 58 61 61 62 51 51 51 42 42 37 37 26 17 17 10 6 6 6 6 7 5 5 7 15 15 17 17 14 12 12 15 
5 5 7 11 11 15 24 24 29 29 37 39 39 47 58 58 61 61 62 51 51 51 42 42 37 37 26 17 17 10 6 6 6 6 7 5 5 7 15 15 17 17 14 12 12 15 
3 3 5 9 9 16 21 21 29 29 36 47 47 43 55 55 44 44 34 36 36 33 41 41 35 35 34 16 16 12 9 9 9 9 8 7 7 8 9 9 10 10 11 4 4 7 
3 3 5 9 9 16 21 21 29 29 36 47 47 43 55 55 44 44 34 36 36 33 41 41 35 35 34 16 16 12 9 9 9 9 8 7 7 8 9 9 10 10 11 4 4 7 
3 3 4 6 6 9 15 15 23 23 29 42 42 33 37 37 30 30 27 23 23 20 24 24 25 25 20 11 11 8 5 5 4 4 8 9 9 5 4 4 4 4 5 3 3 3 
4 4 4 5 5 7 9 9 15 15 19 24 24 21 18 18 20 20 18 15 15 13 20 20 17 17 14 5 5 5 3 3 2 2 2 3 3 3 3 3 3 3 2 1 1 1 
4 4 4 5 5 7 9 9 15 15 19 24 24 21 18 18 20 20 18 15 15 13 20 20 17 17 14 5 5 5 3 3 2 2 2 3 3 3 3 3 3 3 2 1 1 1 
8 8 6 9 9 12 12 12 16 16 20 26 26 28 25 25 23 23 24 18 18 20 24 24 16 16 10 9 9 1 2 2 1 1 1 1 1 1 1 1 1 1 1 0 0 0 
11 11 12 19 19 24 26 26 30 30 39 43 43 41 38 38 34 34 27 21 21 19 11 11 13 13 3 3 3 3 3 3 1 1 1 7 7 1 3 3 0 0 0 0 0 0 
11 11 12 19 19 24 26 26 30 30 39 43 43 41 38 38 34 34 27 21 21 19 11 11 13 13 3 3 3 3 3 3 1 1 1 7 7 1 3 3 0 0 0 0 0 0 
12 12 13 21 21 31 35 35 42 42 52 48 48 38 29 29 24 24 17 8 8 4 3 3 3 3 2 3 3 3 2 2 0 0 0 1 1 0 1 1 0 0 0 2 2 0 
12 12 13 21 21 31 35 35 42 42 52 48 48 38 29 29 24 24 17 8 8 4 3 3 3 3 2 3 3 3 2 2 0 0 0 1 1 0 1 1 0 0 0 2 2 0 
21 21 31 34 34 33 40 40 43 43 39 35 35 31 23 23 17 17 14 9 9 5 5 5 1 1 2 2 2 2 1 1 1 1 3 1 1 1 1 1 1 1 0 0 0 0 
23 23 27 25 25 22 26 26 25 25 33 32 32 31 25 25 17 17 14 13 13 14 5 5 1 1 2 2 2 1 1 1 2 2 1 1 1 1 3 3 3 3 1 0 0 0 
23 23 27 25 25 22 26 26 25 25 33 32 32 31 25 25 17 17 14 13 13 14 5 5 1 1 2 2 2 1 1 1 2 2 1 1 1 1 3 3 3 3 1 0 0 0 
12 12 9 8 8 11 15 15 19 19 30 36 36 38 35 35 30 30 20 13 13 11 6 6 6 6 2 1 1 1 1 1 2 2 2 2 2 2 3 3 3 3 1 0 0 0 
5 5 6 7 7 8 12 12 14 14 20 27 27 29 36 36 33 33 29 19 19 9 3 3 1 1 6 3 3 4 2 2 3 3 2 1 1 1 2 2 2 2 1 0 0 0 
5 5 6 7 7 8 12 12 14 14 20 27 27 29 36 36 33 33 29 19 19 9 3 3 1 1 6 3 3 4 2 2 3 3 2 1 1 1 2 2 2 2 1 0 0 0 
2 2 3 4 4 6 10 10 13 13 16 23 23 33 48 48 46 46 27 14 14 10 5 5 4 4 5 2 2 3 5 5 5 5 5 5 5 5 3 3 1 1 0 0 0 0 
2 2 3 4 4 6 10 10 13 13 16 23 23 33 48 48 46 46 27 14 14 10 5 5 4 4 5 2 2 3 5 5 5 5 5 5 5 5 3 3 1 1 0 0 0 0 
1 1 1 2 2 4 5 5 8 8 8 14 14 26 37 37 44 44 29 13 13 7 6 6 3 3 1 1 1 2 3 3 4 4 5 7 7 7 2 2 1 1 1 1 1 1 
0 0 1 1 1 2 5 5 7 7 10 15 15 20 30 30 32 32 26 19 19 14 6 6 2 2 1 1 1 4 1 1 3 3 4 3 3 2 1 1 0 0 0 0 0 0 
0 0 1 1 1 2 5 5 7 7 10 15 15 20 30 30 32 32 26 19 19 14 6 6 2 2 1 1 1 4 1 1 3 3 4 3 3 2 1 1 0 0 0 0 0 0 
0 0 1 1 1 1 4 4 6 6 7 12 12 18 23 23 32 32 26 25 25 14 6 6 4 4 1 0 0 2 4 4 4 4 3 4 4 4 4 4 0 0 5 4 4 0 
0 0 0 1 1 1 2 2 5 5 5 4 4 10 9 9 23 23 26 26 26 21 15 15 7 7 1 2 2 1 1 1 4 4 4 5 5 3 2 2 0 0 4 9 9 0 
0 0 0 1 1 1 2 2 5 5 5 4 4 10 9 9 23 23 26 26 26 21 15 15 7 7 1 2 2 1 1 1 4 4 4 5 5 3 2 2 0 0 4 9 9 0 
0 0 0 0 0 0 5 5 4 4 4 3 3 2 4 4 16 16 19 25 25 21 16 16 7 7 3 4 4 0 1 1 1 1 2 2 2 1 0 0 8 8 1 1 1 0 
0 0 0 0 0 0 5 5 4 4 4 3 3 2 4 4 16 16 19 25 25 21 16 16 7 7 3 4 4 0 1 1 1 1 2 2 2 1 0 0 8 8 1 1 1 0 
0 0 0 0 0 0 1 1 1 1 1 1 1 1 1 1 2 2 6 15 15 14 10 10 7 7 3 3 3 3 1 1 1 1 1 2 2 2 2 2 1 1 2 0 0 0 
0 0 0 0 0 0 0 0 0 0 0 0 0 1 1 1 1 1 3 6 6 6 6 6 3 3 4 5 5 2 1 1 2 2 1 2 2 4 7 7 4 4 2 0 0 0 
0 0 0 0 0 0 0 0 0 0 0 0 0 1 1 1 1 1 3 6 6 6 6 6 3 3 4 5 5 2 1 1 2 2 1 2 2 4 7 7 4 4 2 0 0 0 
0 0 0 0 0 0 0 0 0 0 0 0 0 1 1 1 1 1 2 5 5 5 4 4 2 2 5 8 8 6 4 4 1 1 3 3 3 6 7 7 6 6 3 1 1 0 
1 1 1 0 0 0 0 0 0 0 0 0 0 1 2 2 2 2 2 2 2 3 3 3 4 4 6 10 10 12 7 7 6 6 6 5 5 2 8 8 5 5 9 1 1 0 
