assets/RAT_results/precipitation/2024-10-20_IMERG.asc
ncols        46
nrows        77
xllcorner    74.800261325624
yllcorner    8.058333333333
cellsize     0.062500000000
NODATA_value -9999
21 21 24 29 29 24 15 15 13 13 12 8 8 6 6 6 9 9 11 11 11 11 9 9 14 14 32 27 27 27 12 12 14 14 15 21 21 26 32 32 34 34 15 3 3 1 
24 24 25 26 26 22 19 19 13 13 9 8 8 7 6 6 6 6 7 10 10 10 10 10 10 10 10 13 13 14 12 12 12 12 13 13 13 13 15 15 13 13 6 5 5 6 
24 24 25 26 26 22 19 19 13 13 9 8 8 7 6 6 6 6 7 10 10 10 10 10 10 10 10 13 13 14 12 12 12 12 13 13 13 13 15 15 13 13 6 5 5 6 
19 19 34 41 41 34 21 21 13 13 11 11 11 8 4 4 3 3 4 9 9 9 15 15 15 15 15 14 14 9 7 7 9 9 9 11 11 11 9 9 5 5 5 2 2 3 
18 18 25 29 29 20 10 10 8 8 8 9 9 7 8 8 5 5 7 9 9 9 17 17 18 18 16 14 14 15 10 10 12 12 9 4 4 6 5 5 4 4 4 1 1 1 
18 18 25 29 29 20 10 10 8 8 8 9 9 7 8 8 5 5 7 9 9 9 17 17 18 18 16 14 14 15 10 10 12 12 9 4 4 6 5 5 4 4 4 1 1 1 
6 6 8 10 10 10 8 8 4 4 5 5 5 6 9 9 7 7 9 8 8 8 16 16 15 15 15 15 15 12 11 11 11 11 7 4 4 1 1 1 1 1 1 0 0 0 
6 6 8 10 10 10 8 8 4 4 5 5 5 6 9 9 7 7 9 8 8 8 16 16 15 15 15 15 15 12 11 11 11 11 7 4 4 1 1 1 1 1 1 0 0 0 
4 4 5 10 10 9 9 9 9 9 6 6 6 6 5 5 4 4 8 7 7 10 13 13 14 14 23 15 15 10 10 10 4 4 3 3 3 2 1 1 0 0 0 4 4 3 
2 2 3 11 11 10 11 11 10 10 7 7 7 6 4 4 3 3 7 7 7 12 12 12 17 17 21 15 15 6 7 7 6 6 6 2 2 4 2 2 4 4 6 13 13 5 
2 2 3 11 11 10 11 11 10 10 7 7 7 6 4 4 3 3 7 7 7 12 12 12 17 17 21 15 15 6 7 7 6 6 6 2 2 4 2 2 4 4 6 13 13 5 
2 2 1 3 3 6 8 8 9 9 10 8 8 5 2 2 2 2 3 4 4 5 7 7 12 12 12 18 18 9 9 9 12 12 10 2 2 1 3 3 7 7 10 11 11 27 
1 1 1 1 1 6 6 6 5 5 5 5 5 3 2 2 3 3 4 5 5 5 6 6 12 12 12 12 12 7 8 8 15 15 13 9 9 6 7 7 7 7 10 9 9 26 
1 1 1 1 1 6 6 6 5 5 5 5 5 3 2 2 3 3 4 5 5 5 6 6 12 12 12 12 12 7 8 8 15 15 13 9 9 6 7 7 7 7 10 9 9 26 
2 2 2 1 1 2 6 6 4 4 3 1 1 1 1 1 2 2 1 1 1 2 3 3 3 3 5 7 7 14 14 14 12 12 11 9 9 6 9 9 10 10 15 14 14 24 
2 2 2 1 1 2 6 6 4 4 3 1 1 1 1 1 2 2 1 1 1 2 3 3 3 3 5 7 7 14 14 14 12 12 11 9 9 6 9 9 10 10 15 14 14 24 
1 1 1 0 0 1 3 3 4 4 4 2 2 1 1 1 1 1 6 3 3 4 4 4 6 6 8 11 11 25 17 17 9 9 8 10 10 7 10 10 10 10 11 11 11 16 
1 1 0 0 0 0 1 1 2 2 5 4 4 4 2 2 2 2 3 4 4 6 9 9 18 18 16 14 14 20 19 19 13 13 11 11 11 11 9 9 11 11 11 12 12 15 
1 1 0 0 0 0 1 1 2 2 5 4 4 4 2 2 2 2 3 4 4 6 9 9 18 18 16 14 14 20 19 19 13 13 11 11 11 11 9 9 11 11 11 12 12 15 
1 1 1 1 1 0 1 1 2 2 5 6 6 4 3 3 5 5 5 10 10 10 13 13 19 19 24 27 27 24 21 21 15 15 11 8 8 9 11 11 13 13 12 16 16 17 
2 2 1 1 1 2 3 3 4 4 6 10 10 7 6 6 7 7 9 12 12 18 14 14 15 15 20 26 26 25 25 25 11 11 11 5 5 9 10 10 12 12 12 20 20 18 
2 2 1 1 1 2 3 3 4 4 6 10 10 7 6 6 7 7 9 12 12 18 14 14 15 15 20 26 26 25 25 25 11 11 11 5 5 9 10 10 12 12 12 20 20 18 
1 1 2 2 2 3 3 3 3 3 4 6 6 9 10 10 9 9 9 11 11 11 10 10 12 12 19 15 15 23 21 21 25 25 20 17 17 8 7 7 11 11 12 19 19 19 
1 1 2 2 2 3 3 3 3 3 4 6 6 9 10 10 9 9 9 11 11 11 10 10 12 12 19 15 15 23 21 21 25 25 20 17 17 8 7 7 11 11 12 19 19 19 
2 2 2 2 2 1 3 3 4 4 3 3 3 9 7 7 8 8 7 9 9 7 6 6 8 8 11 12 12 36 19 19 29 29 17 12 12 10 7 7 10 10 11 9 9 10 
1 1 2 1 1 2 4 4 7 7 4 1 1 3 6 6 5 5 3 5 5 5 5 5 8 8 16 10 10 14 20 20 14 14 16 16 16 14 13 13 10 10 13 11 11 13 
1 1 2 1 1 2 4 4 7 7 4 1 1 3 6 6 5 5 3 5 5 5 5 5 8 8 16 10 10 14 20 20 14 14 16 16 16 14 13 13 10 10 13 11 11 13 
3 3 3 2 2 1 2 2 5 5 2 1 1 2 3 3 3 3 2 3 3 3 10 10 27 27 18 17 17 18 27 27 43 43 20 18 18 19 18 18 11 11 13 13 13 18 
3 3 4 2 2 2 2 2 2 2 2 2 2 2 3 3 6 6 4 4 4 5 11 11 20 20 31 17 17 15 22 22 28 28 29 25 25 24 24 24 26 26 18 12 12 17 
3 3 4 2 2 2 2 2 2 2 2 2 2 2 3 3 6 6 4 4 4 5 11 11 20 20 31 17 17 15 22 22 28 28 29 25 25 24 24 24 26 26 18 12 12 17 
3 3 4 2 2 3 2 2 3 3 3 3 3 2 3 3 3 3 3 3 3 5 7 7 13 13 14 18 18 17 16 16 25 25 38 44 44 21 22 22 23 23 14 13 13 14 
3 3 4 2 2 3 2 2 3 3 3 3 3 2 3 3 3 3 3 3 3 5 7 7 13 13 14 18 18 17 16 16 25 25 38 44 44 21 22 22 23 23 14 13 13 14 
2 2 3 3 3 3 4 4 6 6 6 5 5 3 2 2 4 4 3 3 3 2 2 2 5 5 8 12 12 10 19 19 27 27 46 43 43 38 32 32 29 29 24 12 12 46 
1 1 6 2 2 2 2 2 4 4 5 5 5 4 3 3 3 3 2 1 1 2 3 3 7 7 6 13 13 15 20 20 25 25 49 52 52 61 49 49 30 30 16 12 12 15 
1 1 6 2 2 2 2 2 4 4 5 5 5 4 3 3 3 3 2 1 1 2 3 3 7 7 6 13 13 15 20 20 25 25 49 52 52 61 49 49 30 30 16 12 12 15 
4 4 2 3 3 1 3 3 1 1 1 2 2 2 3 3 2 2 3 1 1 2 5 5 7 7 7 20 20 15 24 24 27 27 50 53 53 65 50 50 31 31 25 19 19 17 
0 0 0 1 1 0 1 1 1 1 1 3 3 3 4 4 6 6 3 3 3 5 7 7 8 8 19 20 20 27 42 42 53 53 78 80 80 74 65 65 38 38 34 23 23 20 
0 0 0 1 1 0 1 1 1 1 1 3 3 3 4 4 6 6 3 3 3 5 7 7 8 8 19 20 20 27 42 42 53 53 78 80 80 74 65 65 38 38 34 23 23 20 
0 0 0 0 0 0 3 3 5 5 5 3 3 2 5 5 2 2 3 3 3 9 9 9 9 9 16 43 43 57 37 37 48 48 67 65 65 102 89 89 45 45 42 26 26 25 
0 0 0 0 0 0 3 3 5 5 5 3 3 2 5 5 2 2 3 3 3 9 9 9 9 9 16 43 43 57 37 37 48 48 67 65 65 102 89 89 45 45 42 26 26 25 
0 0 0 0 0 0 2 2 3 3 4 4 4 4 3 3 3 3 3 4 4 6 4 4 6 6 10 20 20 32 31 31 49 49 48 85 85 89 65 65 57 57 39 31 31 33 
0 0 0 0 0 0 0 0 1 1 1 1 1 3 3 3 2 2 1 2 2 2 2 2 3 3 10 20 20 36 25 25 31 31 34 66 66 62 69 69 77 77 60 36 36 33 
0 0 0 0 0 0 0 0 1 1 1 1 1 3 3 3 2 2 1 2 2 2 2 2 3 3 10 20 20 36 25 25 31 31 34 66 66 62 69 69 77 77 60 36 36 33 
0 0 0 0 0 0 0 0 0 0 1 1 1 2 3 3 3 3 1 1 1 2 2 2 5 5 12 30 30 45 25 25 25 25 26 56 56 53 67 67 69 69 64 55 55 45 
0 0 0 0 0 0 0 0 0 0 0 0 0 0 1 1 4 4 1 1 1 2 4 4 10 10 14 24 24 24 29 29 21 21 24 33 33 35 51 51 52 52 62 58 58 28 
0 0 0 0 0 0 0 0 0 0 0 0 0 0 1 1 4 4 1 1 1 2 4 4 10 10 14 24 24 24 29 29 21 21 24 33 33 35 51 51 52 52 62 58 58 28 
0 0 0 0 0 0 0 0 0 0 0 0 0 0 1 1 3 3 2 0 0 2 2 2 8 8 9 26 26 18 16 16 18 18 22 28 28 34 36 36 41 41 60 26 26 27 
0 0 0 0 0 0 0 0 0 0 0 0 0 0 1 1 3 3 2 0 0 2 2 2 8 8 9 26 26 18 16 16 18 18 22 28 28 34 36 36 41 41 60 26 26 27 
0 0 0 0 0 0 0 0 0 0 0 1 1 1 0 0 1 1 0 0 0 1 1 1 5 5 5 11 11 13 13 13 18 18 24 27 27 34 33 33 28 28 23 15 15 15 
0 0 0 0 0 0 0 0 0 0 0 1 1 0 0 0 0 0 1 1 1 1 1 1 4 4 7 11 11 15 13 13 14 14 19 21 21 25 23 23 18 18 15 7 7 12 
0 0 0 0 0 0 0 0 0 0 0 1 1 0 0 0 0 0 1 1 1 1 1 1 4 4 7 11 11 15 13 13 14 14 19 21 21 25 23 23 18 18 15 7 7 12 
0 0 0 0 0 0 0 0 0 0 0 0 0 0 0 0 0 0 1 1 1 3 4 4 6 6 4 8 8 15 18 18 18 18 12 11 11 25 25 25 16 16 14 5 5 5 
0 0 0 0 0 0 0 0 0 0 0 0 0 0 0 0 1 1 0 1 1 2 7 7 9 9 11 18 18 10 22 22 18 18 12 21 21 27 25 25 11 11 4 1 1 0 
0 0 0 0 0 0 0 0 0 0 0 0 0 0 0 0 1 1 0 1 1 2 7 7 9 9 11 18 18 10 22 22 18 18 12 21 21 27 25 25 11 11 4 1 1 0 
0 0 0 0 0 0 0 0 0 0 0 0 0 0 1 1 2 2 0 3 3 3 6 6 8 8 8 17 17 12 12 12 12 12 16 29 29 29 17 17 11 11 1 1 1 0 
0 0 0 0 0 0 0 0 0 0 0 0 0 0 1 1 2 2 0 3 3 3 6 6 8 8 8 17 17 12 12 12 12 12 16 29 29 29 17 17 11 11 1 1 1 0 
0 0 0 0 0 0 0 0 0 0 0 0 0 0 1 1 3 3 1 6 6 4 7 7 12 12 9 15 15 14 14 14 17 17 18 30 30 27 10 10 6 6 1 1 1 1 
0 0 0 0 0 0 0 0 0 0 0 0 0 0 0 0 1 1 5 4 4 1 9 9 10 10 9 11 11 10 13 13 13 13 19 22 22 19 9 9 6 6 6 7 7 4 
0 0 0 0 0 0 0 0 0 0 0 0 0 0 0 0 1 1 5 4 4 1 9 9 10 10 9 11 11 10 13 13 13 13 19 22 22 19 9 9 6 6 6 7 7 4 
0 0 0 0 0 0 0 0 0 0 0 0 0 0 1 1 0 0 3 3 3 1 9 9 9 9 13 12 12 11 12 12 18 18 25 15 15 9 7 7 8 8 13 23 23 22 
0 0 0 0 0 0 0 0 0 0 0 0 0 0 1 1 1 1 4 2 2 2 7 7 2 2 3 7 7 7 12 12 15 15 21 11 11 7 8 8 12 12 17 34 34 32 
0 0 0 0 0 0 0 0 0 0 0 0 0 0 1 1 1 1 4 2 2 2 7 7 2 2 3 7 7 7 12 12 15 15 21 11 11 7 8 8 12 12 17 34 34 32 
0 0 0 0 0 0 0 0 0 0 0 0 0 0 1 1 1 1 4 2 2 4 20 20 6 6 2 5 5 7 5 5 9 9 13 10 10 18 7 7 11 11 16 22 22 22 
0 0 0 0 0 0 0 0 0 0 0 0 0 0 1 1 1 1 4 2 2 4 20 20 6 6 2 5 5 7 5 5 9 9 13 10 10 18 7 7 11 11 16 22 22 22 
0 0 0 0 0 0 0 0 0 0 0 0 0 0 0 0 0 0 5 5 5 5 13 13 6 6 0 1 1 2 2 2 3 3 5 7 7 11 12 12 12 12 6 7 7 8 
0 0 0 0 0 0 0 0 0 0 0 0 0 0 0 0 1 1 2 2 2 3 11 11 3 3 1 2 2 2 1 1 1 1 3 5 5 5 4 4 3 3 2 2 2 2 
0 0 0 0 0 0 0 0 0 0 0 0 0 0 0 0 1 1 2 2 2 3 11 11 3 3 1 2 2 2 1 1 1 1 3 5 5 5 4 4 3 3 2 2 2 2 
0 0 0 0 0 0 0 0 0 0 0 0 0 0 0 0 1 1 1 2 2 3 6 6 5 5 1 0 0 1 2 2 2 2 4 5 5 3 2 2 0 0 0 1 1 5 
0 0 0 0 0 0 0 0 0 0 0 0 0 0 0 0 1 1 1 2 2 3 5 5 3 3 3 0 0 1 3 3 3 3 4 3 3 2 1 1 1 1 1 1 1 1 
0 0 0 0 0 0 0 0 0 0 0 0 0 0 0 0 1 1 1 2 2 3 5 5 3 3 3 0 0 1 3 3 3 3 4 3 3 2 1 1 1 1 1 1 1 1 
0 0 0 0 0 0 0 0 0 0 0 0 0 0 0 0 0 0 0 1 1 1 3 3 1 1 3 1 1 1 2 2 1 1 2 1 1 1 1 1 1 1 2 1 1 0 
0 0 0 0 0 0 0 0 0 0 0 0 0 0 0 0 0 0 0 1 1 1 3 3 1 1 3 1 1 1 2 2 1 1 2 1 1 1 1 1 1 1 2 1 1 0 
0 0 0 0 0 0 0 0 0 0 0 0 0 0 0 0 0 0 0 0 0 1 2 2 1 1 0 1 1 1 2 2 1 1 3 1 1 1 1 1 0 0 0 0 0 0 
0 0 0 0 0 0 0 0 0 0 0 0 0 0 0 0 0 0 0 0 0 0 1 1 1 1 1 1 1 0 0 0 0 0 1 0 0 1 2 2 1 1 1 0 0 0 
0 0 0 0 0 0 0 0 0 0 0 0 0 0 0 0 0 0 0 0 0 0 1 1 1 1 1 1 1 0 0 0 0 0 1 0 0 1 2 2 1 1 1 0 0 0 
1 1 1 1 1 0 1 1 1 1 1 0 0 0 0 0 0 0 0 0 0 0 0 0 1 1 1 2 2 1 1 1 1 1 0 0 0 1 2 2 1 1 1 0 0 0 
1 1 1 1 1 1 1 1 1 1 1 1 1 0 0 0 0 0 0 0 0 0 1 1 2 2 2 3 3 3 6 6 1 1 1 1 1 0 0 0 0 0 1 0 0 0 
