assets/RAT_results/precipitation/2024-10-04_IMERG.asc
ncols        46
nrows        77
xllcorner    74.800261325624
yllcorner    8.058333333333
cellsize     0.062500000000
NODATA_value -9999
15 15 16 18 18 20 24 24 23 23 27 27 27 26 26 26 24 24 26 23 23 23 23 23 22 22 17 13 13 9 8 8 6 6 4 5 5 8 11 11 14 14 16 21 21 23 
10 10 5 6 6 9 12 12 15 15 19 20 20 16 15 15 14 14 14 14 14 12 12 12 10 10 8 5 5 4 6 6 6 6 7 7 7 9 13 13 15 15 16 20 20 16 
10 10 5 6 6 9 12 12 15 15 19 20 20 16 15 15 14 14 14 14 14 12 12 12 10 10 8 5 5 4 6 6 6 6 7 7 7 9 13 13 15 15 16 20 20 16 
9 9 8 6 6 7 7 7 9 9 10 13 13 16 14 14 12 12 13 10 10 9 8 8 8 8 5 3 3 3 5 5 6 6 7 11 11 14 25 25 28 28 21 24 24 22 
4 4 6 7 7 8 8 8 10 10 9 10 10 13 11 11 11 11 7 6 6 5 4 4 4 4 3 3 3 4 5 5 8 8 10 20 20 24 30 30 32 32 35 40 40 33 
4 4 6 7 7 8 8 8 10 10 9 10 10 13 11 11 11 11 7 6 6 5 4 4 4 4 3 3 3 4 5 5 8 8 10 20 20 24 30 30 32 32 35 40 40 33 
2 2 4 7 7 9 8 8 9 9 9 9 9 12 11 11 9 9 8 8 8 8 7 7 5 5 6 7 7 8 12 12 12 12 20 22 22 28 43 43 49 49 54 56 56 48 
2 2 4 7 7 9 8 8 9 9 9 9 9 12 11 11 9 9 8 8 8 8 7 7 5 5 6 7 7 8 12 12 12 12 20 22 22 28 43 43 49 49 54 56 56 48 
2 2 4 7 7 8 9 9 11 11 11 10 10 11 10 10 9 9 8 9 9 11 10 10 8 8 9 11 11 13 28 28 30 30 38 44 44 41 38 38 44 44 49 54 54 57 
2 2 5 11 11 6 7 7 10 10 8 7 7 7 7 7 5 5 5 6 6 8 14 14 14 14 18 26 26 24 30 30 27 27 35 39 39 30 37 37 36 36 37 55 55 61 
2 2 5 11 11 6 7 7 10 10 8 7 7 7 7 7 5 5 5 6 6 8 14 14 14 14 18 26 26 24 30 30 27 27 35 39 39 30 37 37 36 36 37 55 55 61 
2 2 5 10 10 8 11 11 11 11 14 14 14 14 16 16 13 13 10 6 6 7 13 13 15 15 19 17 17 21 22 22 24 24 30 31 31 22 25 25 25 25 25 36 36 37 
3 3 4 6 6 9 12 12 17 17 21 23 23 21 20 20 17 17 13 9 9 5 11 11 12 12 18 19 19 29 29 29 26 26 22 22 22 20 20 20 19 19 19 21 21 26 
3 3 4 6 6 9 12 12 17 17 21 23 23 21 20 20 17 17 13 9 9 5 11 11 12 12 18 19 19 29 29 29 26 26 22 22 22 20 20 20 19 19 19 21 21 26 
3 3 3 2 2 2 13 13 15 15 13 15 15 10 11 11 12 12 8 7 7 6 10 10 11 11 11 16 16 25 29 29 29 29 26 25 25 14 15 15 19 19 21 23 23 29 
3 3 3 2 2 2 13 13 15 15 13 15 15 10 11 11 12 12 8 7 7 6 10 10 11 11 11 16 16 25 29 29 29 29 26 25 25 14 15 15 19 19 21 23 23 29 
14 14 14 10 10 12 11 11 10 10 12 12 12 7 7 7 6 6 4 3 3 3 4 4 8 8 10 12 12 17 21 21 19 19 18 23 23 21 24 24 24 24 29 29 29 29 
13 13 14 11 11 17 24 24 16 16 15 15 15 9 6 6 5 5 4 2 2 2 3 3 5 5 6 8 8 10 12 12 16 16 19 22 22 19 23 23 26 26 30 27 27 22 
13 13 14 11 11 17 24 24 16 16 15 15 15 9 6 6 5 5 4 2 2 2 3 3 5 5 6 8 8 10 12 12 16 16 19 22 22 19 23 23 26 26 30 27 27 22 
14 14 15 15 15 26 34 34 22 22 24 19 19 14 10 10 10 10 6 4 4 2 2 2 2 2 3 6 6 6 7 7 12 12 11 14 14 17 19 19 22 22 23 20 20 21 
5 5 6 6 6 19 17 17 21 21 22 14 14 14 13 13 9 9 7 5 5 5 3 3 3 3 7 10 10 8 10 10 15 15 13 16 16 18 20 20 27 27 27 31 31 30 
5 5 6 6 6 19 17 17 21 21 22 14 14 14 13 13 9 9 7 5 5 5 3 3 3 3 7 10 10 8 10 10 15 15 13 16 16 18 20 20 27 27 27 31 31 30 
9 9 9 14 14 13 10 10 15 15 20 30 30 19 13 13 11 11 8 10 10 9 10 10 12 12 13 13 13 12 11 11 15 15 19 22 22 27 31 31 37 37 40 41 41 40 
9 9 9 14 14 13 10 10 15 15 20 30 30 19 13 13 11 11 8 10 10 9 10 10 12 12 13 13 13 12 11 11 15 15 19 22 22 27 31 31 37 37 40 41 41 40 
9 9 11 19 19 22 15 15 23 23 16 27 27 16 14 14 10 10 7 11 11 13 13 13 15 15 18 13 13 11 11 11 14 14 19 24 24 31 33 33 43 43 47 50 50 50 
10 10 16 22 22 25 31 31 39 39 29 19 19 11 12 12 13 13 15 11 11 17 18 18 24 24 18 10 10 11 10 10 13 13 16 19 19 23 31 31 36 36 40 45 45 47 
10 10 16 22 22 25 31 31 39 39 29 19 19 11 12 12 13 13 15 11 11 17 18 18 24 24 18 10 10 11 10 10 13 13 16 19 19 23 31 31 36 36 40 45 45 47 
12 12 16 23 23 55 85 85 44 44 43 13 13 12 4 4 6 6 9 11 11 14 16 16 18 18 11 8 8 7 6 6 8 8 12 19 19 24 29 29 33 33 36 44 44 42 
12 12 16 18 18 21 31 31 23 23 15 20 20 7 7 7 5 5 3 4 4 7 9 9 14 14 11 10 10 8 6 6 11 11 12 16 16 22 24 24 27 27 31 28 28 32 
12 12 16 18 18 21 31 31 23 23 15 20 20 7 7 7 5 5 3 4 4 7 9 9 14 14 11 10 10 8 6 6 11 11 12 16 16 22 24 24 27 27 31 28 28 32 
12 12 22 19 19 18 28 28 22 22 19 21 21 42 29 29 11 11 5 4 4 5 7 7 9 9 17 9 9 8 7 7 7 7 9 13 13 13 20 20 23 23 24 25 25 27 
12 12 22 19 19 18 28 28 22 22 19 21 21 42 29 29 11 11 5 4 4 5 7 7 9 9 17 9 9 8 7 7 7 7 9 13 13 13 20 20 23 23 24 25 25 27 
16 16 17 21 21 23 21 21 27 27 17 39 39 45 6 6 7 7 6 11 11 10 11 11 16 16 10 8 8 5 4 4 6 6 9 10 10 14 17 17 19 19 21 19 19 21 
15 15 15 19 19 21 26 26 29 29 21 28 28 20 9 9 6 6 9 10 10 11 12 12 15 15 7 4 4 4 4 4 6 6 7 9 9 11 11 11 17 17 16 20 20 30 
15 15 15 19 19 21 26 26 29 29 21 28 28 20 9 9 6 6 9 10 10 11 12 12 15 15 7 4 4 4 4 4 6 6 7 9 9 11 11 11 17 17 16 20 20 30 
17 17 14 14 14 22 27 27 22 22 24 29 29 25 11 11 5 5 7 11 11 14 15 15 14 14 8 4 4 8 9 9 7 7 8 11 11 11 13 13 18 18 17 16 16 27 
10 10 11 16 16 19 25 25 33 33 19 18 18 17 10 10 16 16 13 20 20 18 23 23 16 16 15 8 8 9 7 7 7 7 8 9 9 13 11 11 17 17 18 17 17 25 
10 10 11 16 16 19 25 25 33 33 19 18 18 17 10 10 16 16 13 20 20 18 23 23 16 16 15 8 8 9 7 7 7 7 8 9 9 13 11 11 17 17 18 17 17 25 
6 6 7 8 8 13 19 19 29 29 34 23 23 27 25 25 33 33 29 30 30 17 16 16 26 26 22 16 16 11 11 11 8 8 7 13 13 12 15 15 20 20 18 24 24 25 
6 6 7 8 8 13 19 19 29 29 34 23 23 27 25 25 33 33 29 30 30 17 16 16 26 26 22 16 16 11 11 11 8 8 7 13 13 12 15 15 20 20 18 24 24 25 
6 6 7 10 10 9 13 13 28 28 31 33 33 31 28 28 34 34 30 35 35 35 40 40 34 34 37 24 24 21 15 15 10 10 12 13 13 12 13 13 20 20 19 18 18 17 
4 4 5 8 8 10 14 14 25 25 30 29 29 31 34 34 30 30 31 31 31 42 39 39 44 44 33 22 22 21 15 15 12 12 14 13 13 12 17 17 17 17 21 15 15 17 
4 4 5 8 8 10 14 14 25 25 30 29 29 31 34 34 30 30 31 31 31 42 39 39 44 44 33 22 22 21 15 15 12 12 14 13 13 12 17 17 17 17 21 15 15 17 
3 3 4 6 6 8 22 22 22 22 18 24 24 23 28 28 27 27 34 40 40 48 35 35 42 42 32 21 21 13 13 13 14 14 10 12 12 13 14 14 14 14 15 13 13 11 
2 2 3 5 5 9 16 16 16 16 22 25 25 22 23 23 25 25 30 23 23 26 27 27 26 26 22 17 17 13 14 14 17 17 9 9 9 11 10 10 9 9 5 6 6 15 
2 2 3 5 5 9 16 16 16 16 22 25 25 22 23 23 25 25 30 23 23 26 27 27 26 26 22 17 17 13 14 14 17 17 9 9 9 11 10 10 9 9 5 6 6 15 
1 1 2 3 3 6 14 14 13 13 17 20 20 16 14 14 15 15 15 11 11 12 18 18 20 20 16 18 18 18 23 23 20 20 18 14 14 6 3 3 2 2 5 7 7 13 
1 1 2 3 3 6 14 14 13 13 17 20 20 16 14 14 15 15 15 11 11 12 18 18 20 20 16 18 18 18 23 23 20 20 18 14 14 6 3 3 2 2 5 7 7 13 
2 2 2 3 3 4 6 6 5 5 13 14 14 13 12 12 18 18 13 12 12 9 15 15 19 19 12 13 13 11 18 18 18 18 16 11 11 3 4 4 5 5 9 12 12 19 
2 2 2 3 3 3 5 5 6 6 16 26 26 21 17 17 18 18 15 12 12 5 8 8 8 8 8 11 11 10 12 12 12 12 10 4 4 3 4 4 6 6 11 13 13 17 
2 2 2 3 3 3 5 5 6 6 16 26 26 21 17 17 18 18 15 12 12 5 8 8 8 8 8 11 11 10 12 12 12 12 10 4 4 3 4 4 6 6 11 13 13 17 
2 2 2 3 3 5 8 8 7 7 13 16 16 13 11 11 8 8 7 10 10 7 17 17 10 10 11 12 12 13 14 14 13 13 10 5 5 3 4 4 6 6 7 8 8 14 
2 2 2 3 3 4 7 7 8 8 11 12 12 21 7 7 6 6 5 3 3 6 11 11 8 8 10 12 12 14 15 15 17 17 14 9 9 6 5 5 4 4 3 4 4 3 
2 2 2 3 3 4 7 7 8 8 11 12 12 21 7 7 6 6 5 3 3 6 11 11 8 8 10 12 12 14 15 15 17 17 14 9 9 6 5 5 4 4 3 4 4 3 
3 3 3 3 3 6 8 8 8 8 15 14 14 19 15 15 12 12 12 12 12 9 10 10 9 9 7 10 10 12 10 10 10 10 10 8 8 6 6 6 2 2 2 2 2 4 
3 3 3 3 3 6 8 8 8 8 15 14 14 19 15 15 12 12 12 12 12 9 10 10 9 9 7 10 10 12 10 10 10 10 10 8 8 6 6 6 2 2 2 2 2 4 
3 3 3 4 4 6 7 7 9 9 14 21 21 11 8 8 4 4 13 12 12 9 11 11 9 9 11 9 9 12 11 11 10 10 16 4 4 3 2 2 2 2 1 1 1 1 
4 4 4 4 4 6 7 7 9 9 11 11 11 11 10 10 8 8 10 8 8 7 14 14 16 16 12 15 15 24 19 19 19 19 9 5 5 2 1 1 1 1 1 1 1 2 
4 4 4 4 4 6 7 7 9 9 11 11 11 11 10 10 8 8 10 8 8 7 14 14 16 16 12 15 15 24 19 19 19 19 9 5 5 2 1 1 1 1 1 1 1 2 
4 4 5 6 6 6 7 7 8 8 7 10 10 18 9 9 8 8 9 10 10 8 7 7 8 8 8 10 10 13 14 14 11 11 9 4 4 2 0 0 0 0 0 1 1 2 
5 5 5 5 5 6 6 6 6 6 6 10 10 13 8 8 7 7 7 6 6 4 4 4 7 7 7 8 8 5 4 4 4 4 3 1 1 1 1 1 0 0 0 1 1 1 
5 5 5 5 5 6 6 6 6 6 6 10 10 13 8 8 7 7 7 6 6 4 4 4 7 7 7 8 8 5 4 4 4 4 3 1 1 1 1 1 0 0 0 1 1 1 
3 3 4 4 4 3 3 3 3 3 4 4 4 4 5 5 4 4 4 5 5 4 4 4 4 4 4 6 6 3 2 2 1 1 0 0 0 0 0 0 0 0 0 0 0 0 
3 3 4 4 4 3 3 3 3 3 4 4 4 4 5 5 4 4 4 5 5 4 4 4 4 4 4 6 6 3 2 2 1 1 0 0 0 0 0 0 0 0 0 0 0 0 
2 2 3 2 2 2 2 2 2 2 2 1 1 1 2 2 2 2 3 2 2 3 5 5 4 4 4 5 5 4 4 4 1 1 1 1 1 1 0 0 0 0 0 0 0 0 
1 1 1 1 1 1 1 1 1 1 1 1 1 1 1 1 2 2 3 3 3 3 3 3 3 3 3 2 2 4 5 5 1 1 1 1 1 0 0 0 0 0 0 0 0 0 
1 1 1 1 1 1 1 1 1 1 1 1 1 1 1 1 2 2 3 3 3 3 3 3 3 3 3 2 2 4 5 5 1 1 1 1 1 0 0 0 0 0 0 0 0 0 
0 0 0 0 0 0 0 0 0 0 0 1 1 1 1 1 2 2 2 2 2 1 2 2 3 3 4 5 5 5 6 6 2 2 3 2 2 1 1 1 1 1 0 0 0 0 
0 0 0 0 0 0 0 0 0 0 0 0 0 0 1 1 1 1 1 1 1 1 1 1 3 3 5 8 8 10 11 11 10 10 10 10 10 3 2 2 0 0 0 0 0 0 
0 0 0 0 0 0 0 0 0 0 0 0 0 0 1 1 1 1 1 1 1 1 1 1 3 3 5 8 8 10 11 11 10 10 10 10 10 3 2 2 0 0 0 0 0 0 
0 0 0 0 0 0 1 1 0 0 0 0 0 1 1 1 1 1 2 1 1 1 2 2 3 3 4 7 7 9 9 9 9 9 11 7 7 1 1 1 0 0 0 0 0 0 
0 0 0 0 0 0 1 1 0 0 0 0 0 1 1 1 1 1 2 1 1 1 2 2 3 3 4 7 7 9 9 9 9 9 11 7 7 1 1 1 0 0 0 0 0 0 
0 0 0 0 0 0 0 0 0 0 0 0 0 1 1 1 2 2 2 2 2 1 1 1 2 2 2 2 2 3 4 4 4 4 8 7 7 2 2 2 1 1 1 1 1 0 
0 0 0 0 0 0 0 0 0 0 0 0 0 1 1 1 1 1 1 1 1 1 1 1 1 1 1 2 2 1 1 1 2 2 2 5 5 2 2 2 1 1 1 0 0 1 
0 0 0 0 0 0 0 0 0 0 0 0 0 1 1 1 1 1 1 1 1 1 1 1 1 1 1 2 2 1 1 1 2 2 2 5 5 2 2 2 1 1 1 0 0 1 
0 0 0 0 0 0 0 0 0 0 0 0 0 1 1 1 1 1 1 1 1 1 1 1 1 1 1 2 2 1 1 1 2 2 4 3 3 1 0 0 0 0 0 0 0 0 
0 0 0 0 0 0 0 0 0 0 0 0 0 0 1 1 1 1 1 0 0 0 1 1 1 1 1 1 1 1 1 1 1 1 1 1 1 1 0 0 1 1 0 0 0 0 
