assets/RAT_results/precipitation/2024-07-01_IMERG.asc
ncols        46
nrows        77
xllcorner    74.800261325624
yllcorner    8.058333333333
cellsize     0.062500000000
NODATA_value -9999
92 92 102 130 130 91 45 45 37 37 35 43 43 52 47 47 51 51 37 23 23 19 22 22 25 25 21 17 17 11 13 13 20 20 24 29 29 29 21 21 16 16 9 7 7 5 
71 71 67 83 83 62 47 47 47 47 45 80 80 99 104 104 82 82 64 44 44 36 27 27 26 26 16 13 13 14 19 19 21 21 22 21 21 21 15 15 8 8 5 4 4 3 
71 71 67 83 83 62 47 47 47 47 45 80 80 99 104 104 82 82 64 44 44 36 27 27 26 26 16 13 13 14 19 19 21 21 22 21 21 21 15 15 8 8 5 4 4 3 
81 81 102 80 80 48 41 41 40 40 51 81 81 93 127 127 148 148 110 80 80 59 41 41 32 32 19 11 11 10 13 13 17 17 15 14 14 11 7 7 5 5 3 3 3 3 
45 45 65 78 78 43 48 48 49 49 73 88 88 109 166 166 250 250 212 140 140 86 52 52 35 35 16 7 7 6 7 7 7 7 6 5 5 3 2 2 3 3 3 3 3 3 
45 45 65 78 78 43 48 48 49 49 73 88 88 109 166 166 250 250 212 140 140 86 52 52 35 35 16 7 7 6 7 7 7 7 6 5 5 3 2 2 3 3 3 3 3 3 
33 33 64 54 54 64 63 63 78 78 96 113 113 154 196 196 179 179 159 109 109 75 48 48 29 29 15 10 10 6 6 6 4 4 4 4 4 3 9 9 14 14 13 9 9 4 
33 33 64 54 54 64 63 63 78 78 96 113 113 154 196 196 179 179 159 109 109 75 48 48 29 29 15 10 10 6 6 6 4 4 4 4 4 3 9 9 14 14 13 9 9 4 
77 77 87 87 87 90 71 71 84 84 105 117 117 138 137 137 135 135 127 93 93 59 28 28 19 19 13 9 9 8 8 8 6 6 6 9 9 8 14 14 15 15 11 7 7 4 
52 52 40 75 75 76 73 73 86 86 95 127 127 122 106 106 101 101 97 80 80 47 29 29 24 24 18 13 13 13 10 10 6 6 4 6 6 5 7 7 7 7 6 5 5 6 
52 52 40 75 75 76 73 73 86 86 95 127 127 122 106 106 101 101 97 80 80 47 29 29 24 24 18 13 13 13 10 10 6 6 4 6 6 5 7 7 7 7 6 5 5 6 
43 43 34 58 58 55 72 72 86 86 94 127 127 142 110 110 94 94 88 79 79 64 46 46 31 31 25 35 35 19 11 11 6 6 6 7 7 6 5 5 3 3 2 1 1 3 
55 55 43 49 49 74 81 81 92 92 104 173 173 141 118 118 115 115 90 85 85 70 53 53 53 53 48 48 48 31 16 16 7 7 11 11 11 9 4 4 2 2 1 1 1 1 
55 55 43 49 49 74 81 81 92 92 104 173 173 141 118 118 115 115 90 85 85 70 53 53 53 53 48 48 48 31 16 16 7 7 11 11 11 9 4 4 2 2 1 1 1 1 
56 56 58 50 50 49 85 85 77 77 82 124 124 125 128 128 120 120 106 94 94 72 59 59 64 64 68 72 72 50 31 31 22 22 11 8 8 7 4 4 3 3 1 1 1 2 
56 56 58 50 50 49 85 85 77 77 82 124 124 125 128 128 120 120 106 94 94 72 59 59 64 64 68 72 72 50 31 31 22 22 11 8 8 7 4 4 3 3 1 1 1 2 
48 48 71 53 53 49 71 71 83 83 84 119 119 135 109 109 132 132 100 85 85 72 79 79 98 98 93 158 158 87 40 40 30 30 22 20 20 11 6 6 4 4 4 3 3 2 
60 60 69 80 80 81 60 60 87 87 85 100 100 124 117 117 141 141 123 102 102 101 97 97 109 109 121 164 164 127 88 88 62 62 31 23 23 11 8 8 7 7 6 4 4 3 
60 60 69 80 80 81 60 60 87 87 85 100 100 124 117 117 141 141 123 102 102 101 97 97 109 109 121 164 164 127 88 88 62 62 31 23 23 11 8 8 7 7 6 4 4 3 
89 89 80 97 97 78 52 52 46 46 72 84 84 84 93 93 99 99 106 102 102 130 115 115 125 125 111 118 118 110 67 67 42 42 26 19 19 20 14 14 15 15 8 5 5 4 
49 49 62 57 57 59 57 57 55 55 48 97 97 80 81 81 96 96 117 120 120 137 113 113 113 113 109 125 125 113 90 90 46 46 34 19 19 13 17 17 12 12 7 7 7 4 
49 49 62 57 57 59 57 57 55 55 48 97 97 80 81 81 96 96 117 120 120 137 113 113 113 113 109 125 125 113 90 90 46 46 34 19 19 13 17 17 12 12 7 7 7 4 
45 45 40 52 52 48 53 53 45 45 41 68 68 72 65 65 79 79 101 99 99 100 110 110 103 103 103 102 102 82 62 62 52 52 35 26 26 18 13 13 13 13 4 3 3 2 
45 45 40 52 52 48 53 53 45 45 41 68 68 72 65 65 79 79 101 99 99 100 110 110 103 103 103 102 102 82 62 62 52 52 35 26 26 18 13 13 13 13 4 3 3 2 
51 51 43 48 48 49 51 51 55 55 48 49 49 82 74 74 65 65 78 82 82 78 85 85 81 81 93 109 109 80 64 64 51 51 38 25 25 23 7 7 4 4 2 2 2 1 
67 67 51 54 54 52 70 70 73 73 90 56 56 79 63 63 52 52 54 57 57 65 71 71 71 71 96 108 108 86 61 61 46 46 16 8 8 19 11 11 2 2 2 1 1 0 
67 67 51 54 54 52 70 70 73 73 90 56 56 79 63 63 52 52 54 57 57 65 71 71 71 71 96 108 108 86 61 61 46 46 16 8 8 19 11 11 2 2 2 1 1 0 
86 86 72 68 68 62 78 78 86 86 102 84 84 108 84 84 72 72 61 63 63 59 60 60 62 62 93 94 94 92 55 55 57 57 13 3 3 2 1 1 1 1 1 0 0 0 
106 106 86 84 84 77 72 72 89 89 85 62 62 91 57 57 85 85 73 67 67 59 64 64 71 71 79 77 77 52 28 28 41 41 16 3 3 2 2 2 1 1 0 1 1 0 
106 106 86 84 84 77 72 72 89 89 85 62 62 91 57 57 85 85 73 67 67 59 64 64 71 71 79 77 77 52 28 28 41 41 16 3 3 2 2 2 1 1 0 1 1 0 
108 108 89 84 84 72 72 72 108 108 102 81 81 77 71 71 106 106 95 78 78 69 66 66 70 70 78 69 69 50 28 28 35 35 32 15 15 12 1 1 0 0 0 0 0 0 
108 108 89 84 84 72 72 72 108 108 102 81 81 77 71 71 106 106 95 78 78 69 66 66 70 70 78 69 69 50 28 28 35 35 32 15 15 12 1 1 0 0 0 0 0 0 
79 79 71 83 83 77 77 77 85 85 80 85 85 93 98 98 125 125 124 111 111 100 92 92 74 74 71 67 67 43 20 20 24 24 22 16 16 20 4 4 1 1 0 0 0 0 
72 72 67 66 66 61 67 67 73 73 79 99 99 102 98 98 133 133 129 136 136 116 100 100 82 82 78 80 80 63 48 48 31 31 25 8 8 8 5 5 2 2 1 1 1 1 
72 72 67 66 66 61 67 67 73 73 79 99 99 102 98 98 133 133 129 136 136 116 100 100 82 82 78 80 80 63 48 48 31 31 25 8 8 8 5 5 2 2 1 1 1 1 
61 61 68 59 59 56 59 59 67 67 77 94 94 92 87 87 87 87 123 118 118 97 91 91 92 92 84 83 83 68 58 58 36 36 41 8 8 3 1 1 0 0 0 1 1 2 
50 50 47 71 71 55 57 57 66 66 75 87 87 96 85 85 80 80 117 113 113 91 84 84 82 82 73 87 87 76 62 62 27 27 17 6 6 5 1 1 1 1 2 1 1 5 
50 50 47 71 71 55 57 57 66 66 75 87 87 96 85 85 80 80 117 113 113 91 84 84 82 82 73 87 87 76 62 62 27 27 17 6 6 5 1 1 1 1 2 1 1 5 
55 55 53 73 73 58 62 62 67 67 72 85 85 90 82 82 78 78 105 86 86 76 63 63 68 68 59 76 76 47 26 26 12 12 14 7 7 7 1 1 3 3 4 2 2 6 
55 55 53 73 73 58 62 62 67 67 72 85 85 90 82 82 78 78 105 86 86 76 63 63 68 68 59 76 76 47 26 26 12 12 14 7 7 7 1 1 3 3 4 2 2 6 
67 67 74 78 78 77 74 74 84 84 92 100 100 110 115 115 101 101 101 111 111 56 53 53 48 48 45 48 48 42 28 28 26 26 13 11 11 8 6 6 7 7 6 5 5 5 
60 60 63 49 49 55 63 63 74 74 78 84 84 99 113 113 98 98 100 130 130 52 42 42 34 34 28 25 25 31 18 18 17 17 15 15 15 13 9 9 9 9 7 5 5 4 
60 60 63 49 49 55 63 63 74 74 78 84 84 99 113 113 98 98 100 130 130 52 42 42 34 34 28 25 25 31 18 18 17 17 15 15 15 13 9 9 9 9 7 5 5 4 
34 34 30 31 31 34 43 43 50 50 57 61 61 73 78 78 89 89 80 82 82 41 38 38 34 34 32 26 26 20 16 16 17 17 20 19 19 17 15 15 10 10 7 4 4 1 
31 31 20 24 24 24 29 29 36 36 43 52 52 62 62 62 65 65 65 68 68 55 43 43 34 34 30 30 30 24 20 20 16 16 18 19 19 15 11 11 8 8 4 1 1 1 
31 31 20 24 24 24 29 29 36 36 43 52 52 62 62 62 65 65 65 68 68 55 43 43 34 34 30 30 30 24 20 20 16 16 18 19 19 15 11 11 8 8 4 1 1 1 
33 33 40 43 43 44 42 42 42 42 43 52 52 59 62 62 61 61 60 58 58 52 57 57 48 48 42 42 42 29 25 25 21 21 22 19 19 16 11 11 7 7 3 1 1 1 
33 33 40 43 43 44 42 42 42 42 43 52 52 59 62 62 61 61 60 58 58 52 57 57 48 48 42 42 42 29 25 25 21 21 22 19 19 16 11 11 7 7 3 1 1 1 
41 41 51 52 52 47 46 46 41 41 45 53 53 66 66 66 58 58 54 46 46 42 49 49 47 47 44 51 51 37 26 26 19 19 21 19 19 18 7 7 4 4 2 1 1 3 
54 54 63 76 76 81 81 81 81 81 69 70 70 71 61 61 45 45 37 30 30 26 35 35 38 38 39 39 39 29 23 23 21 21 21 20 20 13 5 5 4 4 2 2 2 4 
54 54 63 76 76 81 81 81 81 81 69 70 70 71 61 61 45 45 37 30 30 26 35 35 38 38 39 39 39 29 23 23 21 21 21 20 20 13 5 5 4 4 2 2 2 4 
74 74 86 106 106 127 126 126 103 103 92 88 88 84 67 67 51 51 43 32 32 33 46 46 47 47 48 47 47 41 34 34 29 29 25 20 20 12 8 8 5 5 4 3 3 4 
80 80 86 106 106 122 131 131 128 128 119 119 119 110 93 93 65 65 46 34 34 23 27 27 36 36 37 37 37 42 32 32 28 28 22 18 18 13 8 8 6 6 4 3 3 4 
80 80 86 106 106 122 131 131 128 128 119 119 119 110 93 93 65 65 46 34 34 23 27 27 36 36 37 37 37 42 32 32 28 28 22 18 18 13 8 8 6 6 4 3 3 4 
39 39 43 50 50 55 61 61 69 69 70 72 72 79 74 74 62 62 55 42 42 30 33 33 51 51 65 68 68 62 48 48 41 41 28 19 19 15 9 9 10 10 3 1 1 4 
39 39 43 50 50 55 61 61 69 69 70 72 72 79 74 74 62 62 55 42 42 30 33 33 51 51 65 68 68 62 48 48 41 41 28 19 19 15 9 9 10 10 3 1 1 4 
27 27 34 40 40 47 52 52 59 59 65 68 68 72 67 67 56 56 49 41 41 27 35 35 53 53 59 63 63 60 43 43 28 28 20 14 14 10 17 17 5 5 2 3 3 3 
21 21 26 32 32 36 40 40 43 43 47 52 52 54 48 48 41 41 35 25 25 17 30 30 45 45 44 49 49 40 31 31 27 27 20 20 20 17 12 12 5 5 4 4 4 1 
21 21 26 32 32 36 40 40 43 43 47 52 52 54 48 48 41 41 35 25 25 17 30 30 45 45 44 49 49 40 31 31 27 27 20 20 20 17 12 12 5 5 4 4 4 1 
21 21 26 31 31 33 36 36 35 35 36 38 38 42 40 40 38 38 36 27 27 17 15 15 29 29 42 34 34 36 31 31 22 22 18 10 10 9 7 7 2 2 3 2 2 0 
14 14 20 27 27 32 37 37 36 36 36 39 39 39 36 36 35 35 33 25 25 16 15 15 12 12 17 31 31 27 25 25 24 24 22 18 18 13 9 9 4 4 3 0 0 0 
14 14 20 27 27 32 37 37 36 36 36 39 39 39 36 36 35 35 33 25 25 16 15 15 12 12 17 31 31 27 25 25 24 24 22 18 18 13 9 9 4 4 3 0 0 0 
15 15 20 24 24 29 38 38 38 38 39 43 43 43 35 35 34 34 32 26 26 23 22 22 14 14 10 22 22 17 17 17 17 17 14 13 13 13 9 9 3 3 2 1 1 0 
15 15 20 24 24 29 38 38 38 38 39 43 43 43 35 35 34 34 32 26 26 23 22 22 14 14 10 22 22 17 17 17 17 17 14 13 13 13 9 9 3 3 2 1 1 0 
21 21 25 28 28 32 38 38 42 42 41 43 43 43 34 34 25 25 25 25 25 25 24 24 17 17 11 15 15 16 16 16 16 16 13 12 12 10 5 5 1 1 1 1 1 1 
20 20 26 33 33 37 46 46 49 49 48 48 48 48 38 38 29 29 29 28 28 25 23 23 16 16 9 9 9 14 13 13 14 14 13 8 8 6 3 3 1 1 1 0 0 1 
20 20 26 33 33 37 46 46 49 49 48 48 48 48 38 38 29 29 29 28 28 25 23 23 16 16 9 9 9 14 13 13 14 14 13 8 8 6 3 3 1 1 1 0 0 1 
16 16 19 25 25 30 42 42 47 47 49 47 47 51 44 44 38 38 34 31 31 25 20 20 14 14 10 8 8 10 12 12 11 11 11 7 7 4 4 4 3 3 1 0 0 1 
10 10 11 16 16 26 34 34 40 40 41 38 38 35 35 35 29 29 25 21 21 17 15 15 12 12 8 7 7 6 7 7 10 10 12 11 11 7 5 5 3 3 3 2 2 1 
10 10 11 16 16 26 34 34 40 40 41 38 38 35 35 35 29 29 25 21 21 17 15 15 12 12 8 7 7 6 7 7 10 10 12 11 11 7 5 5 3 3 3 2 2 1 
13 13 14 18 18 27 35 35 41 41 41 41 41 42 42 42 34 34 31 26 26 23 21 21 17 17 14 12 12 8 7 7 6 6 10 9 9 5 5 5 5 5 6 4 4 3 
13 13 14 18 18 27 35 35 41 41 41 41 41 42 42 42 34 34 31 26 26 23 21 21 17 17 14 12 12 8 7 7 6 6 10 9 9 5 5 5 5 5 6 4 4 3 
12 12 12 15 15 22 29 29 33 33 32 33 33 33 30 30 24 24 21 22 22 23 27 27 22 22 17 13 13 9 5 5 4 4 6 5 5 4 5 5 8 8 6 3 3 2 
9 9 10 12 12 15 20 20 22 22 23 24 24 27 24 24 22 22 24 25 25 24 25 25 22 22 18 12 12 9 7 7 6 6 4 5 5 5 5 5 6 6 6 3 3 2 
9 9 10 12 12 15 20 20 22 22 23 24 24 27 24 24 22 22 24 25 25 24 25 25 22 22 18 12 12 9 7 7 6 6 4 5 5 5 5 5 6 6 6 3 3 2 
7 7 8 9 9 13 15 15 17 17 21 24 24 23 23 23 23 23 23 26 26 27 29 29 23 23 17 15 15 10 7 7 6 6 4 4 4 4 3 3 2 2 2 1 1 0 
7 7 8 13 13 15 13 13 13 13 15 13 13 14 17 17 18 18 17 18 18 19 21 21 14 14 10 9 9 6 4 4 4 4 3 3 3 2 2 2 3 3 2 1 1 0 
