assets/RAT_results/precipitation/2024-09-28_IMERG.asc
ncols        46
nrows        77
xllcorner    74.800261325624
yllcorner    8.058333333333
cellsize     0.062500000000
NODATA_value -9999
0 0 0 0 0 1 2 2 5 5 4 4 4 10 12 12 9 9 10 14 14 14 15 15 15 15 14 12 12 16 13 13 8 8 7 3 3 4 3 3 3 3 4 8 8 12 
0 0 0 0 0 1 1 1 2 2 7 8 8 11 13 13 14 14 15 17 17 18 20 20 19 19 19 40 40 53 30 30 11 11 6 4 4 9 8 8 3 3 2 5 5 10 
0 0 0 0 0 1 1 1 2 2 7 8 8 11 13 13 14 14 15 17 17 18 20 20 19 19 19 40 40 53 30 30 11 11 6 4 4 9 8 8 3 3 2 5 5 10 
1 1 0 0 0 0 1 1 2 2 3 6 6 12 15 15 21 21 24 26 26 26 24 24 21 21 21 31 31 44 37 37 31 31 15 8 8 10 4 4 0 0 0 2 2 2 
3 3 5 0 0 0 0 0 1 1 2 4 4 8 12 12 22 22 27 27 27 25 24 24 22 22 18 19 19 26 50 50 31 31 23 20 20 15 9 9 4 4 1 3 3 8 
3 3 5 0 0 0 0 0 1 1 2 4 4 8 12 12 22 22 27 27 27 25 24 24 22 22 18 19 19 26 50 50 31 31 23 20 20 15 9 9 4 4 1 3 3 8 
1 1 0 0 0 0 0 0 1 1 2 4 4 6 9 9 15 15 20 23 23 24 24 24 20 20 17 18 18 24 33 33 34 34 29 25 25 15 8 8 3 3 1 3 3 9 
1 1 0 0 0 0 0 0 1 1 2 4 4 6 9 9 15 15 20 23 23 24 24 24 20 20 17 18 18 24 33 33 34 34 29 25 25 15 8 8 3 3 1 3 3 9 
0 0 0 1 1 0 0 0 1 1 2 4 4 5 6 6 8 8 12 16 16 16 20 20 23 23 20 20 20 23 26 26 32 32 40 34 34 24 15 15 11 11 6 3 3 1 
0 0 0 1 1 0 0 0 0 0 4 2 2 3 5 5 7 7 11 11 11 11 14 14 18 18 19 18 18 19 21 21 24 24 25 24 24 16 12 12 8 8 5 2 2 1 
0 0 0 1 1 0 0 0 0 0 4 2 2 3 5 5 7 7 11 11 11 11 14 14 18 18 19 18 18 19 21 21 24 24 25 24 24 16 12 12 8 8 5 2 2 1 
0 0 0 0 0 1 0 0 1 1 1 1 1 2 3 3 5 5 7 12 12 12 12 12 15 15 18 22 22 21 19 19 20 20 20 19 19 17 15 15 6 6 3 2 2 2 
0 0 0 0 0 1 2 2 2 2 3 3 3 3 3 3 4 4 11 12 12 15 16 16 16 16 17 20 20 19 16 16 13 13 11 11 11 12 11 11 8 8 6 11 11 13 
0 0 0 0 0 1 2 2 2 2 3 3 3 3 3 3 4 4 11 12 12 15 16 16 16 16 17 20 20 19 16 16 13 13 11 11 11 12 11 11 8 8 6 11 11 13 
0 0 0 0 0 0 3 3 2 2 3 5 5 6 6 6 5 5 10 12 12 17 19 19 21 21 19 20 20 20 18 18 13 13 14 15 15 19 20 20 21 21 18 16 16 13 
0 0 0 0 0 0 3 3 2 2 3 5 5 6 6 6 5 5 10 12 12 17 19 19 21 21 19 20 20 20 18 18 13 13 14 15 15 19 20 20 21 21 18 16 16 13 
0 0 0 1 1 0 0 0 2 2 2 4 4 7 6 6 6 6 9 12 12 15 18 18 21 21 20 27 27 25 25 25 25 25 28 28 28 28 22 22 21 21 17 11 11 6 
0 0 0 0 0 1 2 2 3 3 4 5 5 7 8 8 11 11 12 14 14 18 20 20 21 21 21 25 25 33 33 33 36 36 35 31 31 31 23 23 27 27 15 7 7 2 
0 0 0 0 0 1 2 2 3 3 4 5 5 7 8 8 11 11 12 14 14 18 20 20 21 21 21 25 25 33 33 33 36 36 35 31 31 31 23 23 27 27 15 7 7 2 
0 0 0 0 0 0 1 1 1 1 2 6 6 8 11 11 17 17 15 16 16 18 19 19 20 20 24 26 26 33 39 39 43 43 38 26 26 25 22 22 27 27 20 6 6 1 
0 0 0 0 0 1 1 1 1 1 2 8 8 12 12 12 16 16 15 14 14 15 17 17 19 19 23 23 23 26 37 37 48 48 38 38 38 26 11 11 9 9 7 3 3 0 
0 0 0 0 0 1 1 1 1 1 2 8 8 12 12 12 16 16 15 14 14 15 17 17 19 19 23 23 23 26 37 37 48 48 38 38 38 26 11 11 9 9 7 3 3 0 
0 0 1 0 0 1 1 1 1 1 1 4 4 10 15 15 16 16 15 12 12 13 18 18 20 20 20 22 22 25 27 27 32 32 21 16 16 18 7 7 2 2 1 0 0 0 
0 0 1 0 0 1 1 1 1 1 1 4 4 10 15 15 16 16 15 12 12 13 18 18 20 20 20 22 22 25 27 27 32 32 21 16 16 18 7 7 2 2 1 0 0 0 
0 0 1 1 1 1 1 1 1 1 1 2 2 9 10 10 12 12 12 11 11 12 16 16 20 20 17 18 18 19 24 24 25 25 15 8 8 4 2 2 1 1 1 0 0 0 
0 0 0 0 0 1 1 1 0 0 1 2 2 5 13 13 14 14 14 11 11 11 12 12 12 12 13 13 13 14 13 13 13 13 13 16 16 8 4 4 2 2 2 1 1 1 
0 0 0 0 0 1 1 1 0 0 1 2 2 5 13 13 14 14 14 11 11 11 12 12 12 12 13 13 13 14 13 13 13 13 13 16 16 8 4 4 2 2 2 1 1 1 
0 0 1 1 1 1 1 1 0 0 0 0 0 2 4 4 11 11 11 11 11 13 8 8 8 8 8 9 9 8 10 10 17 17 24 30 30 20 18 18 11 11 7 4 4 2 
0 0 2 1 1 2 2 2 1 1 1 2 2 1 2 2 10 10 11 12 12 11 9 9 8 8 9 9 9 10 13 13 17 17 21 22 22 26 19 19 15 15 10 7 7 3 
0 0 2 1 1 2 2 2 1 1 1 2 2 1 2 2 10 10 11 12 12 11 9 9 8 8 9 9 9 10 13 13 17 17 21 22 22 26 19 19 15 15 10 7 7 3 
0 0 0 1 1 1 1 1 1 1 2 3 3 2 3 3 11 11 13 13 13 11 7 7 8 8 9 7 7 10 12 12 16 16 18 21 21 23 21 21 17 17 12 9 9 5 
0 0 0 1 1 1 1 1 1 1 2 3 3 2 3 3 11 11 13 13 13 11 7 7 8 8 9 7 7 10 12 12 16 16 18 21 21 23 21 21 17 17 12 9 9 5 
0 0 0 1 1 1 1 1 1 1 1 2 2 2 2 2 9 9 12 14 14 15 14 14 11 11 13 13 13 13 15 15 16 16 28 36 36 48 49 49 47 47 26 17 17 11 
0 0 0 0 0 1 1 1 1 1 1 1 1 1 1 1 1 1 9 10 10 14 16 16 19 19 17 16 16 17 16 16 18 18 28 37 37 45 50 50 41 41 31 19 19 14 
0 0 0 0 0 1 1 1 1 1 1 1 1 1 1 1 1 1 9 10 10 14 16 16 19 19 17 16 16 17 16 16 18 18 28 37 37 45 50 50 41 41 31 19 19 14 
0 0 0 0 0 0 0 0 0 0 0 0 0 1 1 1 1 1 9 17 17 21 25 25 23 23 22 20 20 19 20 20 23 23 38 53 53 85 84 84 64 64 42 23 23 17 
1 1 1 0 0 0 0 0 0 0 0 0 0 0 0 0 2 2 5 16 16 16 22 22 24 24 24 24 24 19 20 20 22 22 26 38 38 44 41 41 36 36 27 22 22 20 
1 1 1 0 0 0 0 0 0 0 0 0 0 0 0 0 2 2 5 16 16 16 22 22 24 24 24 24 24 19 20 20 22 22 26 38 38 44 41 41 36 36 27 22 22 20 
1 1 1 0 0 1 0 0 0 0 0 0 0 1 1 1 2 2 4 18 18 19 21 21 19 19 28 27 27 21 22 22 23 23 25 32 32 36 38 38 33 33 28 22 22 22 
1 1 1 0 0 1 0 0 0 0 0 0 0 1 1 1 2 2 4 18 18 19 21 21 19 19 28 27 27 21 22 22 23 23 25 32 32 36 38 38 33 33 28 22 22 22 
1 1 1 1 1 1 1 1 1 1 0 1 1 1 1 1 1 1 4 16 16 23 24 24 22 22 26 22 22 20 20 20 23 23 20 23 23 23 24 24 22 22 20 19 19 24 
1 1 2 1 1 1 1 1 1 1 1 2 2 1 1 1 2 2 3 7 7 21 24 24 23 23 21 20 20 20 20 20 19 19 23 22 22 23 34 34 37 37 42 44 44 41 
1 1 2 1 1 1 1 1 1 1 1 2 2 1 1 1 2 2 3 7 7 21 24 24 23 23 21 20 20 20 20 20 19 19 23 22 22 23 34 34 37 37 42 44 44 41 
0 0 2 1 1 1 1 1 1 1 1 1 1 0 1 1 2 2 2 6 6 22 26 26 23 23 21 18 18 17 19 19 23 23 25 23 23 17 31 31 38 38 42 37 37 35 
0 0 0 0 0 0 0 0 0 0 0 1 1 0 1 1 3 3 2 2 2 14 20 20 25 25 31 21 21 17 18 18 21 21 27 23 23 17 21 21 57 57 44 46 46 38 
0 0 0 0 0 0 0 0 0 0 0 1 1 0 1 1 3 3 2 2 2 14 20 20 25 25 31 21 21 17 18 18 21 21 27 23 23 17 21 21 57 57 44 46 46 38 
0 0 0 0 0 0 0 0 0 0 0 1 1 1 2 2 2 2 3 3 3 6 14 14 30 30 32 27 27 22 15 15 15 15 21 38 38 25 12 12 48 48 63 51 51 33 
0 0 0 0 0 0 0 0 0 0 0 1 1 1 2 2 2 2 3 3 3 6 14 14 30 30 32 27 27 22 15 15 15 15 21 38 38 25 12 12 48 48 63 51 51 33 
0 0 0 0 0 0 0 0 0 0 0 1 1 1 1 1 2 2 1 1 1 5 13 13 25 25 37 38 38 24 13 13 14 14 21 20 20 17 9 9 50 50 52 39 39 48 
0 0 0 0 0 0 0 0 0 0 0 0 0 0 1 1 1 1 1 1 1 2 4 4 16 16 27 27 27 26 13 13 13 13 13 23 23 19 13 13 7 7 4 7 7 10 
0 0 0 0 0 0 0 0 0 0 0 0 0 0 1 1 1 1 1 1 1 2 4 4 16 16 27 27 27 26 13 13 13 13 13 23 23 19 13 13 7 7 4 7 7 10 
0 0 0 0 0 0 0 0 0 0 0 0 0 0 0 0 0 0 0 0 0 1 3 3 10 10 11 18 18 20 11 11 5 5 5 3 3 11 6 6 5 5 3 2 2 2 
0 0 0 0 0 0 0 0 0 0 0 0 0 0 0 0 0 0 0 0 0 0 1 1 4 4 4 6 6 16 16 16 6 6 2 2 2 2 3 3 3 3 0 0 0 0 
0 0 0 0 0 0 0 0 0 0 0 0 0 0 0 0 0 0 0 0 0 0 1 1 4 4 4 6 6 16 16 16 6 6 2 2 2 2 3 3 3 3 0 0 0 0 
0 0 0 0 0 0 0 0 0 0 0 0 0 0 0 0 0 0 0 0 0 0 0 0 2 2 2 3 3 3 4 4 2 2 2 1 1 1 3 3 1 1 0 0 0 0 
0 0 0 0 0 0 0 0 0 0 0 0 0 0 0 0 0 0 0 0 0 0 0 0 2 2 2 3 3 3 4 4 2 2 2 1 1 1 3 3 1 1 0 0 0 0 
0 0 0 0 0 0 0 0 0 0 0 0 0 0 0 0 0 0 0 0 0 0 0 0 0 0 3 3 3 1 3 3 2 2 1 1 1 1 2 2 1 1 2 0 0 0 
0 0 0 1 1 1 0 0 0 0 0 0 0 0 0 0 0 0 0 0 0 0 1 1 2 2 5 5 5 6 6 6 1 1 1 2 2 1 3 3 3 3 5 2 2 2 
0 0 0 1 1 1 0 0 0 0 0 0 0 0 0 0 0 0 0 0 0 0 1 1 2 2 5 5 5 6 6 6 1 1 1 2 2 1 3 3 3 3 5 2 2 2 
0 0 0 0 0 0 0 0 0 0 0 0 0 0 0 0 0 0 0 0 0 0 1 1 1 1 3 7 7 10 5 5 4 4 4 4 4 4 4 4 7 7 6 4 4 6 
0 0 0 0 0 0 0 0 0 0 0 0 0 0 0 0 0 0 1 0 0 0 0 0 0 0 2 9 9 9 7 7 4 4 3 3 3 6 5 5 8 8 11 9 9 10 
0 0 0 0 0 0 0 0 0 0 0 0 0 0 0 0 0 0 1 0 0 0 0 0 0 0 2 9 9 9 7 7 4 4 3 3 3 6 5 5 8 8 11 9 9 10 
0 0 0 0 0 1 0 0 0 0 0 0 0 0 0 0 1 1 1 1 1 0 0 0 1 1 0 10 10 12 10 10 13 13 9 7 7 7 6 6 12 12 12 12 12 14 
0 0 0 0 0 1 0 0 0 0 0 0 0 0 0 0 1 1 1 1 1 0 0 0 1 1 0 10 10 12 10 10 13 13 9 7 7 7 6 6 12 12 12 12 12 14 
0 0 0 0 0 0 0 0 0 0 0 0 0 0 0 0 0 0 0 1 1 1 1 1 1 1 1 3 3 11 16 16 18 18 10 7 7 6 7 7 15 15 15 13 13 14 
0 0 0 0 0 0 0 0 0 0 0 0 0 0 0 0 0 0 0 0 0 0 0 0 0 0 1 1 1 4 10 10 11 11 13 7 7 9 8 8 10 10 14 18 18 17 
0 0 0 0 0 0 0 0 0 0 0 0 0 0 0 0 0 0 0 0 0 0 0 0 0 0 1 1 1 4 10 10 11 11 13 7 7 9 8 8 10 10 14 18 18 17 
0 0 0 0 0 0 0 0 0 0 0 0 0 0 0 0 0 0 0 0 0 0 0 0 0 0 0 1 1 1 6 6 15 15 7 4 4 7 6 6 8 8 17 18 18 20 
0 0 0 0 0 0 0 0 0 0 0 0 0 0 0 0 0 0 0 0 0 0 0 0 0 0 0 1 1 2 7 7 12 12 10 5 5 7 5 5 5 5 12 10 10 12 
0 0 0 0 0 0 0 0 0 0 0 0 0 0 0 0 0 0 0 0 0 0 0 0 0 0 0 1 1 2 7 7 12 12 10 5 5 7 5 5 5 5 12 10 10 12 
0 0 0 0 0 0 0 0 0 0 0 0 0 0 0 0 0 0 0 0 0 0 0 0 0 0 0 1 1 1 4 4 11 11 8 9 9 7 5 5 3 3 6 5 5 7 
0 0 0 0 0 0 0 0 0 0 0 0 0 0 0 0 0 0 0 0 0 0 0 0 0 0 0 1 1 1 4 4 11 11 8 9 9 7 5 5 3 3 6 5 5 7 
0 0 0 0 0 0 0 0 0 0 0 0 0 0 0 0 0 0 0 0 0 0 0 0 0 0 0 0 0 0 0 0 6 6 6 9 9 6 5 5 6 6 4 3 3 4 
0 0 0 0 0 0 0 0 0 0 0 0 0 0 0 0 0 0 0 0 0 0 0 0 0 0 0 0 0 0 0 0 1 1 3 4 4 3 1 1 2 2 0 0 0 1 
0 0 0 0 0 0 0 0 0 0 0 0 0 0 0 0 0 0 0 0 0 0 0 0 0 0 0 0 0 0 0 0 1 1 3 4 4 3 1 1 2 2 0 0 0 1 
0 0 0 0 0 0 0 0 0 0 0 0 0 0 0 0 0 0 0 0 0 0 0 0 0 0 0 0 0 0 0 0 0 0 3 1 1 1 0 0 0 0 0 0 0 0 
0 0 0 0 0 0 0 0 0 0 0 0 0 0 0 0 0 0 0 0 0 0 0 0 0 0 0 0 0 0 0 0 1 1 0 1 1 2 2 2 8 8 12 2 2 0 
