assets/RAT_results/precipitation/2024-11-27_IMERG.asc
ncols        46
nrows        77
xllcorner    74.800261325624
yllcorner    8.058333333333
cellsize     0.062500000000
NODATA_value -9999
3 3 3 2 2 3 1 1 1 1 2 3 3 4 4 4 3 3 2 3 3 2 1 1 1 1 1 0 0 1 2 2 1 1 0 0 0 0 1 1 0 0 0 0 0 0 
1 1 2 2 2 3 2 2 1 1 2 3 3 5 3 3 3 3 3 6 6 3 1 1 2 2 2 1 1 1 1 1 2 2 0 0 0 0 0 0 0 0 0 0 0 0 
1 1 2 2 2 3 2 2 1 1 2 3 3 5 3 3 3 3 3 6 6 3 1 1 2 2 2 1 1 1 1 1 2 2 0 0 0 0 0 0 0 0 0 0 0 0 
2 2 1 1 1 1 1 1 1 1 3 4 4 4 3 3 2 2 3 5 5 3 2 2 3 3 2 1 1 1 1 1 1 1 1 0 0 0 0 0 0 0 0 1 1 1 
1 1 2 2 2 0 1 1 1 1 3 6 6 5 3 3 2 2 3 3 3 2 2 2 2 2 1 1 1 1 0 0 1 1 0 0 0 0 0 0 0 0 1 1 1 2 
1 1 2 2 2 0 1 1 1 1 3 6 6 5 3 3 2 2 3 3 3 2 2 2 2 2 1 1 1 1 0 0 1 1 0 0 0 0 0 0 0 0 1 1 1 2 
0 0 1 2 2 1 1 1 1 1 2 4 4 5 4 4 2 2 2 2 2 1 1 1 1 1 0 1 1 1 0 0 1 1 1 1 1 0 0 0 0 0 0 1 1 3 
0 0 1 2 2 1 1 1 1 1 2 4 4 5 4 4 2 2 2 2 2 1 1 1 1 1 0 1 1 1 0 0 1 1 1 1 1 0 0 0 0 0 0 1 1 3 
1 1 1 0 0 1 1 1 1 1 1 3 3 5 5 5 2 2 2 3 3 2 0 0 0 0 0 0 0 0 0 0 1 1 1 1 1 0 0 0 0 0 0 0 0 1 
0 0 0 1 1 0 0 0 1 1 2 4 4 5 4 4 2 2 3 3 3 3 1 1 2 2 0 0 0 0 0 0 1 1 1 2 2 1 0 0 0 0 0 0 0 0 
0 0 0 1 1 0 0 0 1 1 2 4 4 5 4 4 2 2 3 3 3 3 1 1 2 2 0 0 0 0 0 0 1 1 1 2 2 1 0 0 0 0 0 0 0 0 
2 2 1 0 0 0 0 0 0 0 2 3 3 5 5 5 3 3 2 2 2 2 2 2 1 1 1 0 0 0 0 0 1 1 1 1 1 1 1 1 0 0 0 0 0 0 
2 2 2 2 2 1 0 0 0 0 1 2 2 3 3 3 3 3 3 3 3 2 1 1 2 2 1 1 1 0 0 0 1 1 2 2 2 1 1 1 0 0 0 0 0 0 
2 2 2 2 2 1 0 0 0 0 1 2 2 3 3 3 3 3 3 3 3 2 1 1 2 2 1 1 1 0 0 0 1 1 2 2 2 1 1 1 0 0 0 0 0 0 
1 1 1 1 1 2 1 1 1 1 2 5 5 3 3 3 1 1 1 3 3 1 0 0 0 0 1 1 1 1 0 0 0 0 2 2 2 3 1 1 1 1 0 0 0 0 
1 1 1 1 1 2 1 1 1 1 2 5 5 3 3 3 1 1 1 3 3 1 0 0 0 0 1 1 1 1 0 0 0 0 2 2 2 3 1 1 1 1 0 0 0 0 
1 1 1 1 1 1 1 1 2 2 7 10 10 6 2 2 1 1 0 2 2 1 1 1 0 0 0 0 0 1 1 1 0 0 1 2 2 2 2 2 2 2 1 1 1 0 
2 2 1 1 1 1 0 0 1 1 5 6 6 7 6 6 3 3 1 0 0 0 2 2 2 2 1 0 0 0 1 1 1 1 2 2 2 2 3 3 3 3 2 1 1 1 
2 2 1 1 1 1 0 0 1 1 5 6 6 7 6 6 3 3 1 0 0 0 2 2 2 2 1 0 0 0 1 1 1 1 2 2 2 2 3 3 3 3 2 1 1 1 
4 4 1 0 0 1 0 0 0 0 2 4 4 4 4 4 4 4 3 1 1 0 0 0 0 0 1 1 1 1 1 1 1 1 1 1 1 2 3 3 3 3 2 2 2 1 
1 1 1 1 1 1 0 0 0 0 2 2 2 3 2 2 2 2 3 1 1 0 0 0 0 0 2 2 2 1 1 1 1 1 1 1 1 1 2 2 2 2 1 1 1 1 
1 1 1 1 1 1 0 0 0 0 2 2 2 3 2 2 2 2 3 1 1 0 0 0 0 0 2 2 2 1 1 1 1 1 1 1 1 1 2 2 2 2 1 1 1 1 
2 2 2 3 3 2 1 1 2 2 3 2 2 1 1 1 1 1 2 1 1 0 0 0 2 2 4 3 3 2 1 1 2 2 2 2 2 1 1 1 1 1 1 1 1 1 
2 2 2 3 3 2 1 1 2 2 3 2 2 1 1 1 1 1 2 1 1 0 0 0 2 2 4 3 3 2 1 1 2 2 2 2 2 1 1 1 1 1 1 1 1 1 
1 1 1 0 0 0 0 0 1 1 1 1 1 0 1 1 0 0 1 2 2 0 0 0 1 1 2 3 3 1 1 1 1 1 2 3 3 2 1 1 1 1 1 1 1 1 
1 1 1 1 1 0 0 0 0 0 1 1 1 1 1 1 0 0 0 2 2 1 0 0 1 1 1 2 2 2 1 1 1 1 2 3 3 4 3 3 1 1 1 1 1 2 
1 1 1 1 1 0 0 0 0 0 1 1 1 1 1 1 0 0 0 2 2 1 0 0 1 1 1 2 2 2 1 1 1 1 2 3 3 4 3 3 1 1 1 1 1 2 
1 1 1 1 1 2 2 2 1 1 1 4 4 2 0 0 1 1 1 5 5 4 1 1 1 1 1 3 3 3 1 1 1 1 2 3 3 4 5 5 4 4 3 2 2 3 
3 3 2 1 1 0 5 5 2 2 4 1 1 3 1 1 1 1 1 2 2 2 1 1 1 1 1 1 1 1 1 1 0 0 1 2 2 4 4 4 6 6 5 4 4 4 
3 3 2 1 1 0 5 5 2 2 4 1 1 3 1 1 1 1 1 2 2 2 1 1 1 1 1 1 1 1 1 1 0 0 1 2 2 4 4 4 6 6 5 4 4 4 
3 3 3 3 3 1 9 9 5 5 1 0 0 2 1 1 2 2 2 1 1 1 0 0 0 0 1 2 2 3 2 2 1 1 2 3 3 2 3 3 4 4 5 4 4 7 
3 3 3 3 3 1 9 9 5 5 1 0 0 2 1 1 2 2 2 1 1 1 0 0 0 0 1 2 2 3 2 2 1 1 2 3 3 2 3 3 4 4 5 4 4 7 
3 3 3 2 2 3 8 8 0 0 0 1 1 0 2 2 4 4 3 1 1 1 0 0 0 0 0 3 3 3 4 4 2 2 2 2 2 2 3 3 5 5 5 6 6 10 
3 3 2 1 1 1 2 2 1 1 0 1 1 1 2 2 3 3 5 2 2 0 0 0 0 0 1 1 1 4 4 4 4 4 2 2 2 4 4 4 5 5 5 8 8 12 
3 3 2 1 1 1 2 2 1 1 0 1 1 1 2 2 3 3 5 2 2 0 0 0 0 0 1 1 1 4 4 4 4 4 2 2 2 4 4 4 5 5 5 8 8 12 
1 1 1 2 2 0 0 0 1 1 1 1 1 2 2 2 2 2 6 4 4 2 1 1 1 1 0 1 1 2 4 4 3 3 2 4 4 4 4 4 4 4 6 7 7 10 
1 1 1 1 1 2 1 1 0 0 0 0 0 0 0 0 1 1 2 2 2 1 1 1 0 0 2 3 3 3 2 2 2 2 4 4 4 5 6 6 6 6 9 8 8 10 
1 1 1 1 1 2 1 1 0 0 0 0 0 0 0 0 1 1 2 2 2 1 1 1 0 0 2 3 3 3 2 2 2 2 4 4 4 5 6 6 6 6 9 8 8 10 
2 2 2 1 1 2 1 1 0 0 0 0 0 0 0 0 0 0 0 1 1 1 0 0 1 1 3 4 4 4 3 3 6 6 4 6 6 8 7 7 9 9 9 11 11 15 
2 2 2 1 1 2 1 1 0 0 0 0 0 0 0 0 0 0 0 1 1 1 0 0 1 1 3 4 4 4 3 3 6 6 4 6 6 8 7 7 9 9 9 11 11 15 
4 4 2 2 2 2 3 3 1 1 0 0 0 0 0 0 0 0 0 0 0 0 1 1 3 3 4 5 5 5 7 7 6 6 7 9 9 9 9 9 10 10 11 12 12 14 
2 2 1 2 2 2 2 2 1 1 1 0 0 0 0 0 0 0 0 0 0 0 3 3 4 4 3 5 5 6 8 8 10 10 9 8 8 9 10 10 12 12 14 17 17 17 
2 2 1 2 2 2 2 2 1 1 1 0 0 0 0 0 0 0 0 0 0 0 3 3 4 4 3 5 5 6 8 8 10 10 9 8 8 9 10 10 12 12 14 17 17 17 
1 1 1 1 1 0 0 0 0 0 0 1 1 1 0 0 0 0 0 1 1 2 3 3 4 4 3 5 5 7 8 8 10 10 9 10 10 9 9 9 14 14 16 15 15 18 
1 1 1 0 0 1 0 0 0 0 0 0 0 0 0 0 0 0 0 3 3 3 3 3 4 4 4 6 6 7 9 9 9 9 10 11 11 8 11 11 15 15 16 17 17 21 
1 1 1 0 0 1 0 0 0 0 0 0 0 0 0 0 0 0 0 3 3 3 3 3 4 4 4 6 6 7 9 9 9 9 10 11 11 8 11 11 15 15 16 17 17 21 
0 0 0 1 1 1 0 0 0 0 0 0 0 0 0 0 0 0 2 2 2 3 4 4 5 5 5 7 7 9 9 9 13 13 11 11 11 11 10 10 11 11 10 12 12 15 
0 0 0 1 1 1 0 0 0 0 0 0 0 0 0 0 0 0 2 2 2 3 4 4 5 5 5 7 7 9 9 9 13 13 11 11 11 11 10 10 11 11 10 12 12 15 
0 0 0 0 0 0 0 0 0 0 0 0 0 0 0 0 1 1 1 1 1 2 4 4 7 7 9 9 9 10 11 11 13 13 13 12 12 10 9 9 10 10 9 10 10 13 
1 1 1 1 1 1 1 1 1 1 0 0 0 0 1 1 1 1 1 2 2 2 5 5 9 9 12 12 12 12 13 13 12 12 12 11 11 8 9 9 12 12 12 12 12 13 
1 1 1 1 1 1 1 1 1 1 0 0 0 0 1 1 1 1 1 2 2 2 5 5 9 9 12 12 12 12 13 13 12 12 12 11 11 8 9 9 12 12 12 12 12 13 
0 0 1 1 1 1 1 1 1 1 0 0 0 1 0 0 1 1 2 2 2 3 6 6 12 12 15 14 14 14 14 14 14 14 13 12 12 12 13 13 14 14 13 13 13 15 
1 1 1 1 1 1 0 0 0 0 0 1 1 1 2 2 2 2 1 3 3 5 7 7 12 12 13 15 15 16 16 16 15 15 14 14 14 14 16 16 15 15 14 15 15 16 
1 1 1 1 1 1 0 0 0 0 0 1 1 1 2 2 2 2 1 3 3 5 7 7 12 12 13 15 15 16 16 16 15 15 14 14 14 14 16 16 15 15 14 15 15 16 
0 0 0 1 1 1 1 1 1 1 1 2 2 3 4 4 2 2 3 6 6 6 9 9 13 13 17 18 18 18 18 18 15 15 15 17 17 18 15 15 16 16 18 19 19 24 
0 0 0 1 1 1 1 1 1 1 1 2 2 3 4 4 2 2 3 6 6 6 9 9 13 13 17 18 18 18 18 18 15 15 15 17 17 18 15 15 16 16 18 19 19 24 
0 0 0 0 0 0 1 1 1 1 1 3 3 6 4 4 2 2 4 10 10 9 9 9 14 14 18 20 20 24 24 24 19 19 19 20 20 18 19 19 20 20 25 27 27 37 
0 0 0 0 0 1 1 1 2 2 3 7 7 6 5 5 3 3 4 7 7 6 10 10 14 14 23 27 27 27 25 25 23 23 21 25 25 21 21 21 22 22 32 40 40 48 
0 0 0 0 0 1 1 1 2 2 3 7 7 6 5 5 3 3 4 7 7 6 10 10 14 14 23 27 27 27 25 25 23 23 21 25 25 21 21 21 22 22 32 40 40 48 
0 0 0 0 0 1 2 2 3 3 6 7 7 5 4 4 4 4 4 3 3 4 6 6 9 9 29 30 30 28 28 28 22 22 23 26 26 26 25 25 27 27 38 45 45 46 
0 0 0 1 1 1 3 3 5 5 7 7 7 5 4 4 2 2 2 3 3 4 8 8 14 14 23 27 27 29 25 25 23 23 21 24 24 25 25 25 28 28 35 45 45 48 
0 0 0 1 1 1 3 3 5 5 7 7 7 5 4 4 2 2 2 3 3 4 8 8 14 14 23 27 27 29 25 25 23 23 21 24 24 25 25 25 28 28 35 45 45 48 
1 1 1 1 1 3 6 6 7 7 7 7 7 4 2 2 2 2 2 3 3 7 10 10 16 16 15 18 18 19 23 23 20 20 22 20 20 22 24 24 29 29 29 40 40 44 
1 1 1 1 1 3 6 6 7 7 7 7 7 4 2 2 2 2 2 3 3 7 10 10 16 16 15 18 18 19 23 23 20 20 22 20 20 22 24 24 29 29 29 40 40 44 
1 1 1 2 2 6 8 8 9 9 7 6 6 3 3 3 3 3 2 6 6 9 11 11 14 14 19 18 18 16 20 20 19 19 18 21 21 24 25 25 31 31 28 31 31 32 
1 1 2 4 4 7 8 8 6 6 5 4 4 3 3 3 3 3 5 7 7 10 9 9 13 13 14 15 15 10 15 15 24 24 19 20 20 25 36 36 35 35 29 29 29 32 
1 1 2 4 4 7 8 8 6 6 5 4 4 3 3 3 3 3 5 7 7 10 9 9 13 13 14 15 15 10 15 15 24 24 19 20 20 25 36 36 35 35 29 29 29 32 
2 2 4 5 5 7 5 5 4 4 3 3 3 3 3 3 6 6 6 8 8 8 9 9 9 9 11 13 13 20 26 26 36 36 35 31 31 40 42 42 40 40 31 20 20 19 
3 3 4 5 5 4 3 3 3 3 3 3 3 3 3 3 6 6 6 7 7 10 8 8 9 9 10 10 10 12 17 17 25 25 38 42 42 42 46 46 34 34 27 17 17 16 
3 3 4 5 5 4 3 3 3 3 3 3 3 3 3 3 6 6 6 7 7 10 8 8 9 9 10 10 10 12 17 17 25 25 38 42 42 42 46 46 34 34 27 17 17 16 
2 2 4 2 2 3 2 2 3 3 3 3 3 4 4 4 6 6 5 7 7 7 7 7 9 9 10 7 7 7 11 11 25 25 33 40 40 41 43 43 37 37 25 21 21 19 
2 2 4 2 2 3 2 2 3 3 3 3 3 4 4 4 6 6 5 7 7 7 7 7 9 9 10 7 7 7 11 11 25 25 33 40 40 41 43 43 37 37 25 21 21 19 
3 3 3 2 2 2 3 3 3 3 3 4 4 4 5 5 6 6 5 6 6 7 6 6 6 6 7 7 7 9 12 12 21 21 27 33 33 35 37 37 29 29 19 12 12 16 
3 3 2 2 2 2 2 2 3 3 4 5 5 5 5 5 6 6 4 6 6 6 5 5 5 5 5 6 6 8 13 13 16 16 17 25 25 23 23 23 22 22 18 11 11 7 
3 3 2 2 2 2 2 2 3 3 4 5 5 5 5 5 6 6 4 6 6 6 5 5 5 5 5 6 6 8 13 13 16 16 17 25 25 23 23 23 22 22 18 11 11 7 
2 2 1 1 1 2 2 2 3 3 5 5 5 6 6 6 6 6 5 5 5 5 4 4 4 4 4 6 6 10 9 9 9 9 8 9 9 15 14 14 16 16 12 8 8 10 
1 1 1 1 1 1 1 1 2 2 5 6 6 5 5 5 5 5 4 4 4 4 3 3 4 4 4 7 7 8 7 7 7 7 7 8 8 10 10 10 5 5 4 1 1 4 
