assets/RAT_results/precipitation/2024-06-25_IMERG.asc
ncols        46
nrows        77
xllcorner    74.800261325624
yllcorner    8.058333333333
cellsize     0.062500000000
NODATA_value -9999
63 63 55 57 57 28 24 24 23 23 18 19 19 30 26 26 24 24 16 10 10 7 3 3 2 2 1 2 2 2 2 2 0 0 0 0 0 0 0 0 0 0 0 0 0 0 
40 40 42 42 42 47 42 42 35 35 29 23 23 25 29 29 23 23 11 6 6 4 3 3 2 2 2 2 2 2 2 2 0 0 0 0 0 0 0 0 2 2 0 0 0 0 
40 40 42 42 42 47 42 42 35 35 29 23 23 25 29 29 23 23 11 6 6 4 3 3 2 2 2 2 2 2 2 2 0 0 0 0 0 0 0 0 2 2 0 0 0 0 
37 37 47 61 61 60 55 55 55 55 47 42 42 31 29 29 28 28 6 9 9 6 2 2 2 2 2 2 2 2 2 2 0 0 0 1 1 1 2 2 8 8 1 2 2 2 
76 76 106 106 106 106 108 108 112 112 89 84 84 55 39 39 47 47 21 10 10 15 4 4 0 0 0 0 0 0 1 1 1 1 1 1 1 1 5 5 7 7 3 5 5 6 
76 76 106 106 106 106 108 108 112 112 89 84 84 55 39 39 47 47 21 10 10 15 4 4 0 0 0 0 0 0 1 1 1 1 1 1 1 1 5 5 7 7 3 5 5 6 
85 85 119 109 109 120 134 134 121 121 112 92 92 85 59 59 60 60 50 17 17 14 13 13 0 0 0 1 1 1 1 1 1 1 0 1 1 2 2 2 3 3 5 7 7 8 
85 85 119 109 109 120 134 134 121 121 112 92 92 85 59 59 60 60 50 17 17 14 13 13 0 0 0 1 1 1 1 1 1 1 0 1 1 2 2 2 3 3 5 7 7 8 
67 67 84 85 85 97 115 115 117 117 99 87 87 75 53 53 51 51 50 8 8 7 6 6 3 3 2 1 1 0 1 1 1 1 0 1 1 1 2 2 3 3 5 5 5 6 
67 67 66 84 84 92 106 106 96 96 95 95 95 92 61 61 60 60 56 14 14 12 8 8 2 2 1 2 2 5 1 1 0 0 0 0 0 0 0 0 0 0 0 2 2 2 
67 67 66 84 84 92 106 106 96 96 95 95 95 92 61 61 60 60 56 14 14 12 8 8 2 2 1 2 2 5 1 1 0 0 0 0 0 0 0 0 0 0 0 2 2 2 
67 67 72 121 121 97 112 112 105 105 101 115 115 107 82 82 79 79 79 27 27 12 14 14 6 6 5 2 2 4 3 3 3 3 2 2 2 1 2 2 2 2 1 1 1 2 
82 82 75 80 80 95 128 128 130 130 127 138 138 131 94 94 71 71 78 45 45 21 21 21 18 18 11 6 6 7 4 4 6 6 6 7 7 8 7 7 5 5 4 1 1 1 
82 82 75 80 80 95 128 128 130 130 127 138 138 131 94 94 71 71 78 45 45 21 21 21 18 18 11 6 6 7 4 4 6 6 6 7 7 8 7 7 5 5 4 1 1 1 
99 99 106 101 101 100 147 147 132 132 149 133 133 121 113 113 79 79 75 85 85 34 35 35 45 45 18 16 16 14 9 9 7 7 8 9 9 9 9 9 9 9 4 5 5 4 
99 99 106 101 101 100 147 147 132 132 149 133 133 121 113 113 79 79 75 85 85 34 35 35 45 45 18 16 16 14 9 9 7 7 8 9 9 9 9 9 9 9 4 5 5 4 
94 94 99 137 137 145 171 171 155 155 154 178 178 160 162 162 124 124 141 125 125 84 73 73 61 61 27 22 22 20 11 11 6 6 8 13 13 8 7 7 8 8 3 4 4 3 
76 76 105 145 145 120 115 115 150 150 151 172 172 161 165 165 141 141 138 150 150 120 111 111 96 96 54 46 46 40 22 22 19 19 16 28 28 9 7 7 9 9 4 4 4 6 
76 76 105 145 145 120 115 115 150 150 151 172 172 161 165 165 141 141 138 150 150 120 111 111 96 96 54 46 46 40 22 22 19 19 16 28 28 9 7 7 9 9 4 4 4 6 
69 69 70 96 96 102 83 83 101 101 165 178 178 148 146 146 165 165 152 153 153 128 123 123 121 121 95 83 83 96 68 68 63 63 53 48 48 15 12 12 15 15 5 5 5 7 
70 70 73 96 96 116 102 102 111 111 116 182 182 184 179 179 185 185 153 148 148 143 141 141 139 139 126 133 133 130 109 109 124 124 105 87 87 21 20 20 19 19 9 7 7 8 
70 70 73 96 96 116 102 102 111 111 116 182 182 184 179 179 185 185 153 148 148 143 141 141 139 139 126 133 133 130 109 109 124 124 105 87 87 21 20 20 19 19 9 7 7 8 
62 62 63 77 77 97 101 101 116 116 120 196 196 172 163 163 156 156 133 132 132 155 169 169 165 165 162 190 190 151 136 136 106 106 86 76 76 12 11 11 9 9 5 3 3 4 
62 62 63 77 77 97 101 101 116 116 120 196 196 172 163 163 156 156 133 132 132 155 169 169 165 165 162 190 190 151 136 136 106 106 86 76 76 12 11 11 9 9 5 3 3 4 
66 66 81 87 87 111 106 106 108 108 116 109 109 185 155 155 172 172 146 148 148 156 156 156 168 168 176 160 160 124 109 109 73 73 59 47 47 20 5 5 4 4 1 2 2 2 
50 50 51 58 58 73 73 73 67 67 84 85 85 122 127 127 123 123 131 147 147 164 161 161 166 166 172 174 174 170 160 160 80 80 64 49 49 47 1 1 1 1 1 2 2 2 
50 50 51 58 58 73 73 73 67 67 84 85 85 122 127 127 123 123 131 147 147 164 161 161 166 166 172 174 174 170 160 160 80 80 64 49 49 47 1 1 1 1 1 2 2 2 
34 34 41 43 43 47 52 52 51 51 76 82 82 83 117 117 112 112 104 114 114 126 163 163 168 168 178 244 244 227 212 212 124 124 86 71 71 67 5 5 4 4 3 1 1 1 
23 23 24 28 28 27 37 37 42 42 53 58 58 60 62 62 86 86 89 113 113 123 137 137 162 162 166 202 202 236 250 250 241 241 137 102 102 95 7 7 4 4 4 0 0 0 
23 23 24 28 28 27 37 37 42 42 53 58 58 60 62 62 86 86 89 113 113 123 137 137 162 162 166 202 202 236 250 250 241 241 137 102 102 95 7 7 4 4 4 0 0 0 
21 21 19 18 18 21 24 24 28 28 44 46 46 46 52 52 69 69 69 71 71 78 84 84 121 121 134 132 132 207 208 208 198 198 123 66 66 54 5 5 2 2 2 2 2 1 
21 21 19 18 18 21 24 24 28 28 44 46 46 46 52 52 69 69 69 71 71 78 84 84 121 121 134 132 132 207 208 208 198 198 123 66 66 54 5 5 2 2 2 2 2 1 
17 17 16 14 14 14 17 17 23 23 31 32 32 36 33 33 45 45 42 44 44 55 65 65 103 103 109 103 103 133 126 126 129 129 67 59 59 49 15 15 6 6 9 5 5 2 
15 15 13 12 12 12 12 12 13 13 20 24 24 22 26 26 31 31 34 34 34 42 53 53 64 64 97 109 109 122 135 135 134 134 123 56 56 46 43 43 27 27 11 6 6 3 
15 15 13 12 12 12 12 12 13 13 20 24 24 22 26 26 31 31 34 34 34 42 53 53 64 64 97 109 109 122 135 135 134 134 123 56 56 46 43 43 27 27 11 6 6 3 
11 11 10 9 9 8 10 10 13 13 17 20 20 24 26 26 28 28 35 37 37 45 56 56 69 69 80 107 107 125 137 137 136 136 148 124 124 115 79 79 40 40 24 11 11 6 
11 11 12 10 10 10 11 11 14 14 18 22 22 26 29 29 32 32 51 44 44 52 65 65 77 77 88 96 96 112 123 123 130 130 118 104 104 87 77 77 45 45 26 16 16 10 
11 11 12 10 10 10 11 11 14 14 18 22 22 26 29 29 32 32 51 44 44 52 65 65 77 77 88 96 96 112 123 123 130 130 118 104 104 87 77 77 45 45 26 16 16 10 
24 24 25 19 19 19 16 16 15 15 17 29 29 20 25 25 30 30 45 41 41 48 61 61 71 71 80 85 85 88 90 90 91 91 88 79 79 76 51 51 30 30 21 13 13 8 
24 24 25 19 19 19 16 16 15 15 17 29 29 20 25 25 30 30 45 41 41 48 61 61 71 71 80 85 85 88 90 90 91 91 88 79 79 76 51 51 30 30 21 13 13 8 
25 25 26 25 25 24 25 25 20 20 26 28 28 30 35 35 29 29 35 42 42 49 55 55 63 63 70 67 67 64 65 65 65 65 59 48 48 53 40 40 26 26 22 15 15 13 
15 15 16 16 16 19 17 17 18 18 16 22 22 20 23 23 23 23 22 28 28 30 35 35 44 44 48 52 52 51 53 53 56 56 57 47 47 49 37 37 29 29 25 16 16 13 
15 15 16 16 16 19 17 17 18 18 16 22 22 20 23 23 23 23 22 28 28 30 35 35 44 44 48 52 52 51 53 53 56 56 57 47 47 49 37 37 29 29 25 16 16 13 
12 12 10 12 12 11 12 12 12 12 12 11 11 11 13 13 17 17 16 21 21 26 32 32 37 37 46 49 49 52 57 57 62 62 68 61 61 57 41 41 31 31 26 17 17 12 
11 11 10 11 11 12 14 14 16 16 17 16 16 18 21 21 24 24 30 38 38 54 50 50 56 56 61 61 61 63 64 64 66 66 72 66 66 57 50 50 38 38 27 17 17 11 
11 11 10 11 11 12 14 14 16 16 17 16 16 18 21 21 24 24 30 38 38 54 50 50 56 56 61 61 61 63 64 64 66 66 72 66 66 57 50 50 38 38 27 17 17 11 
10 10 13 15 15 16 20 20 21 21 26 28 28 32 39 39 44 44 51 53 53 56 70 70 60 60 63 67 67 68 63 63 57 57 56 57 57 50 44 44 35 35 27 19 19 17 
10 10 13 15 15 16 20 20 21 21 26 28 28 32 39 39 44 44 51 53 53 56 70 70 60 60 63 67 67 68 63 63 57 57 56 57 57 50 44 44 35 35 27 19 19 17 
10 10 12 16 16 17 26 26 29 29 37 43 43 48 53 53 59 59 62 68 68 69 87 87 81 81 77 80 80 74 59 59 46 46 47 44 44 45 38 38 33 33 25 19 19 16 
9 9 10 12 12 15 19 19 23 23 34 43 43 48 51 51 59 59 61 65 65 67 83 83 80 80 75 87 87 72 65 65 51 51 53 50 50 53 44 44 37 37 28 20 20 18 
9 9 10 12 12 15 19 19 23 23 34 43 43 48 51 51 59 59 61 65 65 67 83 83 80 80 75 87 87 72 65 65 51 51 53 50 50 53 44 44 37 37 28 20 20 18 
14 14 14 21 21 26 30 30 35 35 34 43 43 42 46 46 49 49 52 54 54 55 67 67 63 63 55 62 62 59 59 59 49 49 52 49 49 53 46 46 37 37 27 22 22 16 
12 12 12 15 15 21 19 19 22 22 26 30 30 31 32 32 35 35 34 36 36 36 39 39 49 49 50 54 54 54 54 54 50 50 53 45 45 49 42 42 34 34 23 15 15 9 
12 12 12 15 15 21 19 19 22 22 26 30 30 31 32 32 35 35 34 36 36 36 39 39 49 49 50 54 54 54 54 54 50 50 53 45 45 49 42 42 34 34 23 15 15 9 
8 8 9 10 10 11 14 14 15 15 18 21 21 22 24 24 23 23 26 27 27 31 32 32 42 42 40 44 44 46 48 48 49 49 51 48 48 41 35 35 31 31 24 15 15 11 
8 8 9 10 10 11 14 14 15 15 18 21 21 22 24 24 23 23 26 27 27 31 32 32 42 42 40 44 44 46 48 48 49 49 51 48 48 41 35 35 31 31 24 15 15 11 
8 8 8 9 9 10 11 11 11 11 13 15 15 18 20 20 19 19 20 22 22 28 31 31 43 43 41 47 47 45 48 48 44 44 46 40 40 37 32 32 34 34 30 19 19 17 
11 11 11 11 11 11 11 11 11 11 12 13 13 14 16 16 17 17 15 18 18 22 28 28 38 38 36 38 38 43 40 40 41 41 41 44 44 38 38 38 38 38 36 26 26 24 
11 11 11 11 11 11 11 11 11 11 12 13 13 14 16 16 17 17 15 18 18 22 28 28 38 38 36 38 38 43 40 40 41 41 41 44 44 38 38 38 38 38 36 26 26 24 
13 13 16 14 14 18 13 13 14 14 15 16 16 17 17 17 17 17 17 21 21 23 26 26 29 29 37 36 36 37 38 38 37 37 41 39 39 41 41 41 42 42 36 32 32 25 
17 17 20 17 17 19 16 16 17 17 15 17 17 16 17 17 20 20 19 22 22 22 25 25 26 26 37 30 30 31 32 32 32 32 36 35 35 40 39 39 38 38 33 29 29 24 
17 17 20 17 17 19 16 16 17 17 15 17 17 16 17 17 20 20 19 22 22 22 25 25 26 26 37 30 30 31 32 32 32 32 36 35 35 40 39 39 38 38 33 29 29 24 
16 16 15 15 15 13 13 13 12 12 12 12 12 12 13 13 14 14 16 15 15 18 19 19 20 20 18 24 24 23 24 24 25 25 26 29 29 29 31 31 31 31 30 27 27 22 
16 16 15 15 15 13 13 13 12 12 12 12 12 12 13 13 14 14 16 15 15 18 19 19 20 20 18 24 24 23 24 24 25 25 26 29 29 29 31 31 31 31 30 27 27 22 
16 16 14 13 13 13 12 12 11 11 10 12 12 11 13 13 12 12 13 13 13 14 15 15 16 16 17 22 22 21 21 21 22 22 22 24 24 24 23 23 26 26 24 23 23 19 
22 22 16 17 17 14 13 13 10 10 10 11 11 11 11 11 12 12 11 12 12 13 12 12 15 15 14 16 16 22 21 21 21 21 20 22 22 22 22 22 23 23 23 21 21 17 
22 22 16 17 17 14 13 13 10 10 10 11 11 11 11 11 12 12 11 12 12 13 12 12 15 15 14 16 16 22 21 21 21 21 20 22 22 22 22 22 23 23 23 21 21 17 
28 28 27 24 24 24 19 19 16 16 14 12 12 13 11 11 12 12 12 12 12 14 15 15 16 16 15 16 16 24 22 22 21 21 21 23 23 22 21 21 21 21 19 19 19 18 
32 32 31 29 29 28 24 24 20 20 17 14 14 13 11 11 11 11 11 11 11 12 12 12 12 12 13 12 12 13 15 15 13 13 13 17 17 17 15 15 15 15 13 16 16 14 
32 32 31 29 29 28 24 24 20 20 17 14 14 13 11 11 11 11 11 11 11 12 12 12 12 12 13 12 12 13 15 15 13 13 13 17 17 17 15 15 15 15 13 16 16 14 
33 33 31 30 30 28 26 26 24 24 21 18 18 15 13 13 11 11 11 10 10 12 9 9 12 12 10 12 12 10 10 10 8 8 12 12 12 13 12 12 11 11 10 12 12 11 
33 33 31 30 30 28 26 26 24 24 21 18 18 15 13 13 11 11 11 10 10 12 9 9 12 12 10 12 12 10 10 10 8 8 12 12 12 13 12 12 11 11 10 12 12 11 
28 28 29 27 27 28 25 25 25 25 24 22 22 20 18 18 15 15 13 12 12 15 12 12 15 15 11 16 16 10 13 13 6 6 14 10 10 13 9 9 7 7 7 6 6 7 
24 24 24 23 23 24 20 20 24 24 21 23 23 21 21 21 18 18 16 15 15 14 17 17 14 14 15 11 11 14 11 11 14 14 10 14 14 8 9 9 7 7 7 4 4 5 
24 24 24 23 23 24 20 20 24 24 21 23 23 21 21 21 18 18 16 15 15 14 17 17 14 14 15 11 11 14 11 11 14 14 10 14 14 8 9 9 7 7 7 4 4 5 
15 15 17 19 19 17 16 16 20 20 18 19 19 20 19 19 20 20 19 18 18 14 14 14 14 14 12 13 13 8 9 9 8 8 7 4 4 6 3 3 4 4 3 2 2 3 
16 16 15 15 15 13 13 13 14 14 14 15 15 17 18 18 19 19 19 15 15 12 12 12 14 14 10 11 11 7 8 8 9 9 5 4 4 3 2 2 3 3 2 3 3 3 
