assets/RAT_results/precipitation/2024-06-23_IMERG.asc
ncols        46
nrows        77
xllcorner    74.800261325624
yllcorner    8.058333333333
cellsize     0.062500000000
NODATA_value -9999
20 20 28 36 36 46 53 53 58 58 53 48 48 38 28 28 21 21 15 10 10 7 4 4 2 2 1 1 1 1 1 1 1 1 1 1 1 1 1 1 1 1 5 2 2 1 
25 25 37 43 43 48 64 64 79 79 79 66 66 44 30 30 21 21 14 8 8 4 2 2 1 1 0 0 0 1 1 1 1 1 1 2 2 1 3 3 2 2 5 2 2 2 
25 25 37 43 43 48 64 64 79 79 79 66 66 44 30 30 21 21 14 8 8 4 2 2 1 1 0 0 0 1 1 1 1 1 1 2 2 1 3 3 2 2 5 2 2 2 
19 19 29 36 36 44 61 61 65 65 60 56 56 38 27 27 18 18 10 7 7 4 2 2 1 1 1 1 1 1 1 1 1 1 2 2 2 3 4 4 5 5 5 3 3 5 
16 16 19 23 23 33 36 36 36 36 32 27 27 25 21 21 16 16 10 6 6 3 1 1 1 1 1 0 0 0 2 2 2 2 4 2 2 7 4 4 8 8 5 7 7 6 
16 16 19 23 23 33 36 36 36 36 32 27 27 25 21 21 16 16 10 6 6 3 1 1 1 1 1 0 0 0 2 2 2 2 4 2 2 7 4 4 8 8 5 7 7 6 
8 8 15 18 18 25 22 22 22 22 21 21 21 22 18 18 17 17 14 10 10 5 3 3 2 2 1 1 1 2 3 3 3 3 4 3 3 4 4 4 7 7 7 13 13 9 
8 8 15 18 18 25 22 22 22 22 21 21 21 22 18 18 17 17 14 10 10 5 3 3 2 2 1 1 1 2 3 3 3 3 4 3 3 4 4 4 7 7 7 13 13 9 
11 11 14 17 17 20 21 21 21 21 20 22 22 20 19 19 18 18 15 11 11 8 5 5 4 4 3 4 4 3 4 4 5 5 5 3 3 3 5 5 7 7 7 10 10 11 
9 9 10 20 20 16 18 18 23 23 25 29 29 23 20 20 17 17 14 11 11 8 5 5 3 3 2 2 2 2 1 1 3 3 3 4 4 4 5 5 6 6 7 7 7 8 
9 9 10 20 20 16 18 18 23 23 25 29 29 23 20 20 17 17 14 11 11 8 5 5 3 3 2 2 2 2 1 1 3 3 3 4 4 4 5 5 6 6 7 7 7 8 
8 8 11 15 15 14 19 19 22 22 23 23 23 21 22 22 20 20 18 13 13 9 5 5 2 2 2 1 1 1 1 1 2 2 3 3 3 3 4 4 4 4 7 8 8 7 
9 9 10 10 10 12 13 13 19 19 20 26 26 26 25 25 23 23 22 16 16 11 5 5 2 2 1 1 1 1 1 1 1 1 2 4 4 4 5 5 6 6 9 11 11 11 
9 9 10 10 10 12 13 13 19 19 20 26 26 26 25 25 23 23 22 16 16 11 5 5 2 2 1 1 1 1 1 1 1 1 2 4 4 4 5 5 6 6 9 11 11 11 
7 7 10 13 13 14 11 11 11 11 14 22 22 23 25 25 25 25 20 15 15 10 5 5 3 3 2 1 1 1 3 3 3 3 3 4 4 5 6 6 6 6 8 10 10 14 
7 7 10 13 13 14 11 11 11 11 14 22 22 23 25 25 25 25 20 15 15 10 5 5 3 3 2 1 1 1 3 3 3 3 3 4 4 5 6 6 6 6 8 10 10 14 
6 6 8 11 11 11 14 14 10 10 13 18 18 22 19 19 17 17 16 14 14 10 7 7 6 6 5 5 5 4 4 4 6 6 4 5 5 7 10 10 10 10 9 7 7 6 
6 6 7 8 8 9 9 9 17 17 16 22 22 23 17 17 18 18 17 16 16 15 12 12 12 12 12 8 8 6 5 5 5 5 4 3 3 5 7 7 6 6 6 5 5 3 
6 6 7 8 8 9 9 9 17 17 16 22 22 23 17 17 18 18 17 16 16 15 12 12 12 12 12 8 8 6 5 5 5 5 4 3 3 5 7 7 6 6 6 5 5 3 
5 5 5 6 6 10 12 12 14 14 16 17 17 15 16 16 19 19 18 22 22 24 27 27 29 29 27 19 19 14 8 8 6 6 4 4 4 4 5 5 5 5 4 2 2 1 
3 3 4 5 5 7 9 9 8 8 8 17 17 19 23 23 26 26 23 23 23 27 31 31 35 35 27 18 18 14 12 12 12 12 11 12 12 13 9 9 6 6 4 2 2 1 
3 3 4 5 5 7 9 9 8 8 8 17 17 19 23 23 26 26 23 23 23 27 31 31 35 35 27 18 18 14 12 12 12 12 11 12 12 13 9 9 6 6 4 2 2 1 
3 3 3 4 4 5 5 5 4 4 5 9 9 10 16 16 15 15 14 14 14 18 22 22 20 20 19 17 17 17 17 17 15 15 13 10 10 6 4 4 2 2 1 0 0 0 
3 3 3 4 4 5 5 5 4 4 5 9 9 10 16 16 15 15 14 14 14 18 22 22 20 20 19 17 17 17 17 17 15 15 13 10 10 6 4 4 2 2 1 0 0 0 
3 3 3 4 4 5 5 5 4 4 4 4 4 9 14 14 15 15 14 13 13 12 12 12 14 14 17 18 18 15 14 14 11 11 5 3 3 1 0 0 0 0 0 0 0 0 
4 4 4 4 4 5 4 4 4 4 4 5 5 8 17 17 17 17 15 11 11 11 11 11 12 12 19 16 16 11 8 8 5 5 2 1 1 1 1 1 1 1 2 1 1 1 
4 4 4 4 4 5 4 4 4 4 4 5 5 8 17 17 17 17 15 11 11 11 11 11 12 12 19 16 16 11 8 8 5 5 2 1 1 1 1 1 1 1 2 1 1 1 
8 8 7 5 5 5 5 5 4 4 4 6 6 7 16 16 20 20 23 16 16 14 14 14 15 15 17 12 12 10 4 4 3 3 2 2 2 3 5 5 4 4 3 3 3 3 
9 9 7 6 6 5 5 5 5 5 6 9 9 12 16 16 24 24 25 19 19 18 21 21 21 21 18 17 17 16 11 11 5 5 5 3 3 3 2 2 2 2 1 2 2 2 
9 9 7 6 6 5 5 5 5 5 6 9 9 12 16 16 24 24 25 19 19 18 21 21 21 21 18 17 17 16 11 11 5 5 5 3 3 3 2 2 2 2 1 2 2 2 
9 9 8 8 8 6 6 6 6 6 8 8 8 11 13 13 19 19 19 19 19 23 26 26 25 25 22 21 21 17 14 14 8 8 10 7 7 5 3 3 2 2 1 1 1 1 
9 9 8 8 8 6 6 6 6 6 8 8 8 11 13 13 19 19 19 19 19 23 26 26 25 25 22 21 21 17 14 14 8 8 10 7 7 5 3 3 2 2 1 1 1 1 
8 8 6 7 7 7 7 7 7 7 10 9 9 12 14 14 19 19 22 24 24 27 26 26 26 26 25 19 19 18 15 15 9 9 7 3 3 2 1 1 2 2 1 2 2 2 
6 6 6 5 5 5 6 6 6 6 8 9 9 10 12 12 20 20 19 20 20 21 20 20 22 22 21 15 15 15 14 14 11 11 5 2 2 1 1 1 1 1 1 2 2 2 
6 6 6 5 5 5 6 6 6 6 8 9 9 10 12 12 20 20 19 20 20 21 20 20 22 22 21 15 15 15 14 14 11 11 5 2 2 1 1 1 1 1 1 2 2 2 
5 5 5 5 5 6 6 6 7 7 8 9 9 9 11 11 15 15 16 19 19 23 27 27 28 28 24 24 24 26 21 21 18 18 12 8 8 5 4 4 3 3 2 2 2 2 
5 5 6 7 7 7 8 8 10 10 11 12 12 14 17 17 16 16 22 22 22 29 41 41 43 43 47 55 55 58 54 54 52 52 38 25 25 16 10 10 7 7 4 3 3 3 
5 5 6 7 7 7 8 8 10 10 11 12 12 14 17 17 16 16 22 22 22 29 41 41 43 43 47 55 55 58 54 54 52 52 38 25 25 16 10 10 7 7 4 3 3 3 
5 5 6 7 7 7 8 8 9 9 11 13 13 15 14 14 15 15 23 21 21 32 45 45 51 51 62 70 70 68 70 70 60 60 51 36 36 25 15 15 9 9 5 3 3 3 
5 5 6 7 7 7 8 8 9 9 11 13 13 15 14 14 15 15 23 21 21 32 45 45 51 51 62 70 70 68 70 70 60 60 51 36 36 25 15 15 9 9 5 3 3 3 
4 4 5 6 6 7 9 9 11 11 14 15 15 17 18 18 19 19 23 28 28 38 51 51 61 61 73 77 77 74 72 72 64 64 53 33 33 23 16 16 11 11 8 5 5 4 
6 6 6 8 8 9 11 11 12 12 16 18 18 18 19 19 21 21 28 39 39 47 55 55 64 64 65 55 55 50 46 46 39 39 35 26 26 22 17 17 12 12 11 7 7 5 
6 6 6 8 8 9 11 11 12 12 16 18 18 18 19 19 21 21 28 39 39 47 55 55 64 64 65 55 55 50 46 46 39 39 35 26 26 22 17 17 12 12 11 7 7 5 
9 9 11 12 12 13 15 15 13 13 13 16 16 19 25 25 23 23 27 30 30 40 43 43 46 46 49 42 42 38 34 34 26 26 21 19 19 19 16 16 13 13 10 6 6 4 
14 14 15 16 16 17 16 16 11 11 12 16 16 21 22 22 23 23 25 29 29 35 36 36 39 39 41 36 36 28 23 23 17 17 17 18 18 16 15 15 12 12 8 4 4 2 
14 14 15 16 16 17 16 16 11 11 12 16 16 21 22 22 23 23 25 29 29 35 36 36 39 39 41 36 36 28 23 23 17 17 17 18 18 16 15 15 12 12 8 4 4 2 
15 15 15 15 15 15 14 14 13 13 12 16 16 23 26 26 22 22 19 19 19 19 30 30 26 26 28 28 28 26 20 20 16 16 15 14 14 14 12 12 11 11 6 3 3 3 
15 15 15 15 15 15 14 14 13 13 12 16 16 23 26 26 22 22 19 19 19 19 30 30 26 26 28 28 28 26 20 20 16 16 15 14 14 14 12 12 11 11 6 3 3 3 
7 7 7 6 6 7 8 8 11 11 11 15 15 16 16 16 15 15 15 16 16 17 24 24 22 22 24 24 24 24 20 20 18 18 17 17 17 15 12 12 9 9 7 3 3 3 
8 8 8 8 8 9 10 10 11 11 12 13 13 13 13 13 13 13 16 16 16 17 21 21 21 21 23 27 27 27 30 30 26 26 30 27 27 25 16 16 13 13 9 6 6 5 
8 8 8 8 8 9 10 10 11 11 12 13 13 13 13 13 13 13 16 16 16 17 21 21 21 21 23 27 27 27 30 30 26 26 30 27 27 25 16 16 13 13 9 6 6 5 
10 10 11 10 10 11 12 12 12 12 14 15 15 14 14 14 15 15 14 15 15 14 19 19 20 20 23 24 24 30 28 28 27 27 27 24 24 21 14 14 13 13 11 8 8 8 
12 12 12 11 11 11 10 10 12 12 15 16 16 14 14 14 14 14 14 14 14 11 12 12 16 16 19 20 20 21 17 17 16 16 16 15 15 12 11 11 11 11 8 7 7 6 
12 12 12 11 11 11 10 10 12 12 15 16 16 14 14 14 14 14 14 14 14 11 12 12 16 16 19 20 20 21 17 17 16 16 16 15 15 12 11 11 11 11 8 7 7 6 
11 11 11 10 10 9 8 8 9 9 10 11 11 10 12 12 15 15 16 15 15 12 13 13 18 18 19 17 17 16 12 12 10 10 9 9 9 9 8 8 8 8 6 5 5 3 
11 11 11 10 10 9 8 8 9 9 10 11 11 10 12 12 15 15 16 15 15 12 13 13 18 18 19 17 17 16 12 12 10 10 9 9 9 9 8 8 8 8 6 5 5 3 
14 14 13 12 12 11 10 10 10 10 9 9 9 9 9 9 12 12 12 10 10 11 13 13 17 17 15 11 11 7 5 5 4 4 5 5 5 5 5 5 6 6 4 3 3 2 
14 14 12 9 9 8 8 8 8 8 9 10 10 9 12 12 14 14 13 7 7 6 8 8 8 8 10 8 8 7 5 5 4 4 5 6 6 5 4 4 4 4 3 2 2 2 
14 14 12 9 9 8 8 8 8 8 9 10 10 9 12 12 14 14 13 7 7 6 8 8 8 8 10 8 8 7 5 5 4 4 5 6 6 5 4 4 4 4 3 2 2 2 
11 11 11 9 9 8 8 8 7 7 7 9 9 10 12 12 10 10 8 4 4 5 5 5 5 5 10 11 11 9 6 6 4 4 5 5 5 5 3 3 3 3 2 2 2 2 
11 11 9 9 9 10 8 8 9 9 7 9 9 8 9 9 5 5 5 5 5 6 5 5 6 6 8 7 7 6 4 4 2 2 2 2 2 2 2 2 2 2 2 2 2 2 
11 11 9 9 9 10 8 8 9 9 7 9 9 8 9 9 5 5 5 5 5 6 5 5 6 6 8 7 7 6 4 4 2 2 2 2 2 2 2 2 2 2 2 2 2 2 
10 10 8 8 8 8 8 8 8 8 7 6 6 6 6 6 5 5 5 4 4 4 4 4 5 5 4 5 5 4 2 2 2 2 2 2 2 2 2 2 2 2 2 1 1 1 
10 10 8 8 8 8 8 8 8 8 7 6 6 6 6 6 5 5 5 4 4 4 4 4 5 5 4 5 5 4 2 2 2 2 2 2 2 2 2 2 2 2 2 1 1 1 
10 10 8 9 9 7 7 7 6 6 5 4 4 5 5 5 8 8 7 5 5 5 5 5 5 5 4 5 5 4 3 3 3 3 3 3 3 3 3 3 2 2 2 2 2 3 
10 10 8 8 8 6 6 6 5 5 5 5 5 6 6 6 6 6 8 6 6 6 6 6 6 6 5 5 5 8 7 7 6 6 5 6 6 6 5 5 4 4 5 3 3 5 
10 10 8 8 8 6 6 6 5 5 5 5 5 6 6 6 6 6 8 6 6 6 6 6 6 6 5 5 5 8 7 7 6 6 5 6 6 6 5 5 4 4 5 3 3 5 
10 10 7 8 8 5 6 6 5 5 6 7 7 9 8 8 7 7 7 6 6 8 6 6 7 7 6 7 7 9 9 9 9 9 9 9 9 9 7 7 6 6 5 5 5 6 
9 9 8 7 7 7 7 7 7 7 7 9 9 10 13 13 9 9 10 8 8 9 8 8 8 8 9 9 9 9 12 12 12 12 10 10 10 10 9 9 9 9 6 6 6 6 
9 9 8 7 7 7 7 7 7 7 7 9 9 10 13 13 9 9 10 8 8 9 8 8 8 8 9 9 9 9 12 12 12 12 10 10 10 10 9 9 9 9 6 6 6 6 
9 9 10 8 8 8 8 8 9 9 7 7 7 8 8 8 8 8 10 8 8 9 7 7 10 10 10 12 12 10 17 17 14 14 11 11 11 11 11 11 10 10 10 9 9 8 
9 9 10 8 8 8 8 8 9 9 7 7 7 8 8 8 8 8 10 8 8 9 7 7 10 10 10 12 12 10 17 17 14 14 11 11 11 11 11 11 10 10 10 9 9 8 
9 9 11 8 8 11 9 9 12 12 9 9 9 7 7 7 6 6 6 5 5 5 6 6 6 6 7 9 9 10 11 11 11 11 19 14 14 11 11 11 13 13 14 10 10 9 
8 8 11 10 10 12 12 12 12 12 10 9 9 8 6 6 6 6 6 6 6 5 6 6 6 6 6 7 7 7 9 9 7 7 9 9 9 10 10 10 9 9 8 8 8 6 
8 8 11 10 10 12 12 12 12 12 10 9 9 8 6 6 6 6 6 6 6 5 6 6 6 6 6 7 7 7 9 9 7 7 9 9 9 10 10 10 9 9 8 8 8 6 
10 10 10 11 11 14 15 15 15 15 14 12 12 12 10 10 9 9 8 8 8 8 7 7 7 7 8 7 7 6 6 6 6 6 5 5 5 8 7 7 8 8 6 7 7 5 
12 12 13 14 14 19 18 18 21 21 18 18 18 15 16 16 13 13 14 11 11 12 9 9 10 10 7 6 6 5 4 4 5 5 4 4 4 3 2 2 3 3 3 1 1 2 
