assets/RAT_results/precipitation/2024-07-05_IMERG.asc
ncols        46
nrows        77
xllcorner    74.800261325624
yllcorner    8.058333333333
cellsize     0.062500000000
NODATA_value -9999
69 69 62 66 66 62 72 72 64 64 87 63 63 43 34 34 19 19 13 11 11 3 2 2 0 0 1 1 1 1 2 2 2 2 7 13 13 15 9 9 10 10 5 3 3 3 
66 66 64 57 57 52 44 44 34 34 41 40 40 39 30 30 12 12 5 2 2 0 0 0 0 0 1 2 2 3 3 3 4 4 5 6 6 6 5 5 4 4 4 3 3 3 
66 66 64 57 57 52 44 44 34 34 41 40 40 39 30 30 12 12 5 2 2 0 0 0 0 0 1 2 2 3 3 3 4 4 5 6 6 6 5 5 4 4 4 3 3 3 
41 41 35 25 25 25 30 30 24 24 29 34 34 42 24 24 20 20 10 6 6 0 0 0 1 1 2 2 2 3 5 5 7 7 6 6 6 6 7 7 4 4 3 3 3 2 
25 25 22 17 17 11 12 12 13 13 17 21 21 38 33 33 29 29 18 11 11 5 3 3 2 2 2 3 3 7 9 9 8 8 8 11 11 8 4 4 3 3 2 1 1 0 
25 25 22 17 17 11 12 12 13 13 17 21 21 38 33 33 29 29 18 11 11 5 3 3 2 2 2 3 3 7 9 9 8 8 8 11 11 8 4 4 3 3 2 1 1 0 
11 11 15 18 18 18 16 16 15 15 12 23 23 29 27 27 24 24 14 7 7 8 4 4 3 3 3 5 5 7 8 8 6 6 5 7 7 3 1 1 0 0 0 0 0 0 
11 11 15 18 18 18 16 16 15 15 12 23 23 29 27 27 24 24 14 7 7 8 4 4 3 3 3 5 5 7 8 8 6 6 5 7 7 3 1 1 0 0 0 0 0 0 
12 12 17 17 17 28 30 30 27 27 25 37 37 37 24 24 14 14 14 5 5 6 6 6 3 3 4 3 3 3 3 3 2 2 2 3 3 1 0 0 0 0 0 0 0 0 
12 12 11 25 25 44 64 64 57 57 27 27 27 26 23 23 16 16 11 8 8 6 5 5 5 5 6 4 4 2 3 3 1 1 1 0 0 1 0 0 0 0 0 0 0 0 
12 12 11 25 25 44 64 64 57 57 27 27 27 26 23 23 16 16 11 8 8 6 5 5 5 5 6 4 4 2 3 3 1 1 1 0 0 1 0 0 0 0 0 0 0 0 
33 33 23 33 33 47 57 57 94 94 83 31 31 27 19 19 13 13 16 19 19 9 3 3 1 1 1 0 0 0 0 0 0 0 0 0 0 0 0 0 0 0 0 1 1 2 
34 34 42 42 42 75 103 103 102 102 92 149 149 28 12 12 14 14 17 15 15 9 1 1 0 0 0 1 1 0 0 0 0 0 0 0 0 1 2 2 3 3 3 4 4 6 
34 34 42 42 42 75 103 103 102 102 92 149 149 28 12 12 14 14 17 15 15 9 1 1 0 0 0 1 1 0 0 0 0 0 0 0 0 1 2 2 3 3 3 4 4 6 
41 41 44 36 36 48 101 101 72 72 71 68 68 45 14 14 12 12 15 5 5 3 2 2 1 1 3 1 1 0 0 0 0 0 1 2 2 2 4 4 5 5 8 8 8 9 
41 41 44 36 36 48 101 101 72 72 71 68 68 45 14 14 12 12 15 5 5 3 2 2 1 1 3 1 1 0 0 0 0 0 1 2 2 2 4 4 5 5 8 8 8 9 
50 50 50 43 43 39 73 73 71 71 53 59 59 22 20 20 14 14 13 12 12 3 2 2 1 1 4 3 3 0 1 1 2 2 3 4 4 4 9 9 14 14 19 25 25 24 
31 31 41 44 44 55 52 52 92 92 47 36 36 22 20 20 19 19 14 13 13 2 4 4 5 5 3 1 1 0 0 0 2 2 5 24 24 24 23 23 28 28 31 29 29 25 
31 31 41 44 44 55 52 52 92 92 47 36 36 22 20 20 19 19 14 13 13 2 4 4 5 5 3 1 1 0 0 0 2 2 5 24 24 24 23 23 28 28 31 29 29 25 
15 15 43 48 48 63 41 41 40 40 41 44 44 26 26 26 18 18 16 17 17 2 4 4 4 4 5 4 4 2 2 2 6 6 11 19 19 28 37 37 39 39 32 28 28 26 
13 13 12 40 40 37 17 17 17 17 19 35 35 24 27 27 24 24 18 15 15 14 13 13 11 11 13 24 24 24 15 15 17 17 20 23 23 28 31 31 30 30 21 18 18 15 
13 13 12 40 40 37 17 17 17 17 19 35 35 24 27 27 24 24 18 15 15 14 13 13 11 11 13 24 24 24 15 15 17 17 20 23 23 28 31 31 30 30 21 18 18 15 
13 13 14 10 10 14 15 15 13 13 14 24 24 19 21 21 25 25 21 15 15 15 13 13 16 16 21 23 23 20 10 10 9 9 7 11 11 10 10 10 9 9 6 4 4 4 
13 13 14 10 10 14 15 15 13 13 14 24 24 19 21 21 25 25 21 15 15 15 13 13 16 16 21 23 23 20 10 10 9 9 7 11 11 10 10 10 9 9 6 4 4 4 
13 13 13 9 9 9 8 8 9 9 9 10 10 19 20 20 19 19 12 7 7 8 16 16 22 22 25 17 17 12 5 5 4 4 5 6 6 4 3 3 3 3 3 3 3 3 
14 14 8 14 14 14 6 6 10 10 10 10 10 16 24 24 23 23 19 14 14 14 14 14 19 19 21 15 15 7 4 4 3 3 3 3 3 3 2 2 2 2 2 2 2 1 
14 14 8 14 14 14 6 6 10 10 10 10 10 16 24 24 23 23 19 14 14 14 14 14 19 19 21 15 15 7 4 4 3 3 3 3 3 3 2 2 2 2 2 2 2 1 
8 8 6 6 6 7 5 5 7 7 8 9 9 11 23 23 23 23 21 19 19 16 6 6 6 6 9 8 8 5 2 2 1 1 1 1 1 1 1 1 1 1 1 1 1 0 
8 8 10 7 7 5 2 2 2 2 2 3 3 5 7 7 7 7 8 11 11 14 4 4 2 2 3 3 3 3 1 1 1 1 0 0 0 1 1 1 1 1 2 2 2 2 
8 8 10 7 7 5 2 2 2 2 2 3 3 5 7 7 7 7 8 11 11 14 4 4 2 2 3 3 3 3 1 1 1 1 0 0 0 1 1 1 1 1 2 2 2 2 
8 8 5 4 4 3 2 2 1 1 1 2 2 3 3 3 6 6 6 9 9 10 11 11 10 10 13 14 14 6 4 4 5 5 3 1 1 1 0 0 1 1 1 1 1 2 
8 8 5 4 4 3 2 2 1 1 1 2 2 3 3 3 6 6 6 9 9 10 11 11 10 10 13 14 14 6 4 4 5 5 3 1 1 1 0 0 1 1 1 1 1 2 
7 7 7 5 5 6 5 5 4 4 4 3 3 3 2 2 4 4 4 6 6 5 6 6 5 5 7 5 5 3 4 4 4 4 2 0 0 1 0 0 0 0 1 0 0 1 
15 15 14 32 32 29 10 10 8 8 6 5 5 6 5 5 8 8 8 11 11 14 18 18 22 22 27 28 28 29 25 25 19 19 19 13 13 9 5 5 1 1 1 1 1 1 
15 15 14 32 32 29 10 10 8 8 6 5 5 6 5 5 8 8 8 11 11 14 18 18 22 22 27 28 28 29 25 25 19 19 19 13 13 9 5 5 1 1 1 1 1 1 
11 11 14 32 32 33 40 40 36 36 12 12 12 2 2 2 3 3 4 7 7 10 12 12 13 13 14 13 13 12 9 9 6 6 3 1 1 0 0 0 0 0 1 1 1 1 
9 9 24 28 28 28 36 36 37 37 34 4 4 4 4 4 5 5 9 9 9 9 10 10 10 10 10 10 10 10 10 10 4 4 2 1 1 0 0 0 0 0 1 1 1 2 
9 9 24 28 28 28 36 36 37 37 34 4 4 4 4 4 5 5 9 9 9 9 10 10 10 10 10 10 10 10 10 10 4 4 2 1 1 0 0 0 0 0 1 1 1 2 
7 7 25 37 37 40 36 36 21 21 19 5 5 6 7 7 9 9 14 13 13 15 18 18 19 19 19 18 18 19 14 14 8 8 7 5 5 3 2 2 7 7 13 14 14 11 
7 7 25 37 37 40 36 36 21 21 19 5 5 6 7 7 9 9 14 13 13 15 18 18 19 19 19 18 18 19 14 14 8 8 7 5 5 3 2 2 7 7 13 14 14 11 
10 10 31 33 33 37 31 31 6 6 7 7 7 6 3 3 4 4 5 5 5 5 6 6 7 7 11 13 13 13 12 12 9 9 7 6 6 3 3 3 6 6 8 7 7 6 
7 7 7 9 9 8 9 9 10 10 10 11 11 8 7 7 7 7 7 7 7 7 7 7 8 8 8 8 8 9 11 11 10 10 10 10 10 10 7 7 5 5 3 3 3 3 
7 7 7 9 9 8 9 9 10 10 10 11 11 8 7 7 7 7 7 7 7 7 7 7 8 8 8 8 8 9 11 11 10 10 10 10 10 10 7 7 5 5 3 3 3 3 
5 5 7 9 9 9 10 10 13 13 12 9 9 10 11 11 9 9 6 4 4 8 13 13 17 17 16 18 18 20 21 21 19 19 19 15 15 11 8 8 5 5 4 3 3 4 
9 9 11 23 23 23 14 14 14 14 15 13 13 13 11 11 9 9 7 5 5 5 16 16 22 22 22 19 19 19 16 16 17 17 14 11 11 7 2 2 1 1 1 3 3 4 
9 9 11 23 23 23 14 14 14 14 15 13 13 13 11 11 9 9 7 5 5 5 16 16 22 22 22 19 19 19 16 16 17 17 14 11 11 7 2 2 1 1 1 3 3 4 
15 15 17 22 22 27 27 27 34 34 33 30 30 25 20 20 12 12 6 3 3 2 5 5 8 8 9 10 10 12 14 14 14 14 14 10 10 5 2 2 2 2 1 0 0 0 
15 15 17 22 22 27 27 27 34 34 33 30 30 25 20 20 12 12 6 3 3 2 5 5 8 8 9 10 10 12 14 14 14 14 14 10 10 5 2 2 2 2 1 0 0 0 
8 8 8 7 7 11 15 15 13 13 17 16 16 15 10 10 7 7 5 4 4 3 4 4 6 6 9 12 12 22 24 24 19 19 16 13 13 9 5 5 4 4 2 3 3 0 
4 4 3 3 3 5 7 7 7 7 7 6 6 5 5 5 2 2 2 3 3 5 8 8 10 10 14 18 18 25 27 27 28 28 25 20 20 13 8 8 5 5 4 7 7 3 
4 4 3 3 3 5 7 7 7 7 7 6 6 5 5 5 2 2 2 3 3 5 8 8 10 10 14 18 18 25 27 27 28 28 25 20 20 13 8 8 5 5 4 7 7 3 
6 6 2 4 4 7 6 6 6 6 6 8 8 8 5 5 8 8 5 6 6 7 13 13 17 17 23 22 22 24 24 24 23 23 23 20 20 16 11 11 6 6 2 3 3 4 
10 10 14 16 16 23 11 11 15 15 17 20 20 18 17 17 17 17 18 17 17 21 25 25 32 32 44 41 41 54 49 49 49 49 45 39 39 28 16 16 8 8 6 5 5 3 
10 10 14 16 16 23 11 11 15 15 17 20 20 18 17 17 17 17 18 17 17 21 25 25 32 32 44 41 41 54 49 49 49 49 45 39 39 28 16 16 8 8 6 5 5 3 
9 9 14 20 20 26 33 33 39 39 36 27 27 27 28 28 27 27 31 28 28 35 36 36 50 50 45 52 52 49 52 52 47 47 35 31 31 23 16 16 12 12 6 4 4 2 
9 9 14 20 20 26 33 33 39 39 36 27 27 27 28 28 27 27 31 28 28 35 36 36 50 50 45 52 52 49 52 52 47 47 35 31 31 23 16 16 12 12 6 4 4 2 
8 8 21 25 25 31 38 38 37 37 33 18 18 21 21 21 19 19 20 20 20 25 26 26 37 37 39 44 44 41 44 44 32 32 26 16 16 11 6 6 4 4 2 1 1 1 
14 14 23 27 27 38 45 45 48 48 50 40 40 39 13 13 13 13 13 18 18 18 21 21 38 38 39 43 43 43 46 46 35 35 26 16 16 10 6 6 5 5 2 1 1 1 
14 14 23 27 27 38 45 45 48 48 50 40 40 39 13 13 13 13 13 18 18 18 21 21 38 38 39 43 43 43 46 46 35 35 26 16 16 10 6 6 5 5 2 1 1 1 
15 15 20 28 28 35 44 44 50 50 63 55 55 56 36 36 16 16 15 19 19 20 21 21 25 25 39 47 47 49 54 54 42 42 31 14 14 8 5 5 4 4 2 1 1 1 
8 8 10 17 17 25 35 35 41 41 50 58 58 53 57 57 40 40 16 19 19 20 22 22 26 26 39 58 58 50 44 44 46 46 41 15 15 4 2 2 2 2 2 1 1 1 
8 8 10 17 17 25 35 35 41 41 50 58 58 53 57 57 40 40 16 19 19 20 22 22 26 26 39 58 58 50 44 44 46 46 41 15 15 4 2 2 2 2 2 1 1 1 
6 6 8 13 13 19 31 31 37 37 54 66 66 62 56 56 57 57 20 16 16 17 17 17 19 19 23 43 43 42 40 40 36 36 23 16 16 6 1 1 1 1 1 1 1 0 
6 6 8 13 13 19 31 31 37 37 54 66 66 62 56 56 57 57 20 16 16 17 17 17 19 19 23 43 43 42 40 40 36 36 23 16 16 6 1 1 1 1 1 1 1 0 
1 1 2 5 5 9 14 14 24 24 43 62 62 57 59 59 54 54 55 22 22 17 17 17 11 11 11 12 12 22 25 25 23 23 21 11 11 5 2 2 2 2 1 0 0 1 
1 1 2 4 4 6 10 10 14 14 31 40 40 45 43 43 42 42 36 40 40 28 23 23 12 12 6 1 1 8 7 7 8 8 10 7 7 6 4 4 1 1 0 1 1 2 
1 1 2 4 4 6 10 10 14 14 31 40 40 45 43 43 42 42 36 40 40 28 23 23 12 12 6 1 1 8 7 7 8 8 10 7 7 6 4 4 1 1 0 1 1 2 
2 2 3 2 2 3 4 4 6 6 11 13 13 26 27 27 27 27 24 22 22 16 17 17 4 4 2 1 1 1 1 1 6 6 7 5 5 3 3 3 3 3 0 0 0 3 
16 16 21 24 24 24 20 20 19 19 21 23 23 22 22 22 17 17 17 14 14 11 8 8 4 4 1 1 1 0 1 1 7 7 14 12 12 4 1 1 1 1 0 0 0 0 
16 16 21 24 24 24 20 20 19 19 21 23 23 22 22 22 17 17 17 14 14 11 8 8 4 4 1 1 1 0 1 1 7 7 14 12 12 4 1 1 1 1 0 0 0 0 
10 10 14 17 17 18 20 20 22 22 20 20 20 20 19 19 19 19 13 12 12 10 7 7 4 4 2 1 1 1 1 1 0 0 7 23 23 10 1 1 2 2 0 0 0 0 
10 10 14 17 17 18 20 20 22 22 20 20 20 20 19 19 19 19 13 12 12 10 7 7 4 4 2 1 1 1 1 1 0 0 7 23 23 10 1 1 2 2 0 0 0 0 
2 2 3 7 7 7 9 9 9 9 11 14 14 12 11 11 13 13 15 13 13 9 8 8 5 5 3 3 3 2 1 1 0 0 3 19 19 12 5 5 6 6 1 1 1 0 
1 1 1 3 3 5 6 6 8 8 8 9 9 11 9 9 9 9 11 10 10 9 8 8 9 9 9 7 7 3 1 1 0 0 1 3 3 4 1 1 1 1 1 0 0 1 
1 1 1 3 3 5 6 6 8 8 8 9 9 11 9 9 9 9 11 10 10 9 8 8 9 9 9 7 7 3 1 1 0 0 1 3 3 4 1 1 1 1 1 0 0 1 
1 1 1 1 1 1 2 2 2 2 3 3 3 4 7 7 9 9 12 11 11 11 10 10 10 10 13 15 15 12 2 2 2 2 1 0 0 0 0 0 1 1 1 0 0 0 
2 2 2 3 3 3 3 3 4 4 5 5 5 5 6 6 7 7 10 12 12 15 17 17 16 16 21 27 27 28 20 20 5 5 2 1 1 0 0 0 0 0 0 0 0 0 
