assets/RAT_results/precipitation/2024-10-22_IMERG.asc
ncols        46
nrows        77
xllcorner    74.800261325624
yllcorner    8.058333333333
cellsize     0.062500000000
NODATA_value -9999
5 5 7 14 14 6 6 6 11 11 17 20 20 19 34 34 35 35 32 38 38 36 37 37 35 35 32 24 24 29 23 23 22 22 15 10 10 4 4 4 4 4 3 2 2 1 
5 5 6 4 4 4 3 3 5 5 10 13 13 17 26 26 30 30 34 30 30 37 34 34 32 32 23 19 19 22 16 16 7 7 7 5 5 5 5 5 5 5 4 3 3 3 
5 5 6 4 4 4 3 3 5 5 10 13 13 17 26 26 30 30 34 30 30 37 34 34 32 32 23 19 19 22 16 16 7 7 7 5 5 5 5 5 5 5 4 3 3 3 
3 3 5 3 3 4 5 5 7 7 12 13 13 16 37 37 41 41 45 37 37 37 34 34 32 32 16 13 13 11 10 10 6 6 6 5 5 6 8 8 10 10 11 10 10 9 
2 2 5 5 5 6 4 4 7 7 14 15 15 18 25 25 38 38 42 36 36 37 29 29 24 24 12 10 10 5 4 4 4 4 4 5 5 9 12 12 13 13 12 10 10 20 
2 2 5 5 5 6 4 4 7 7 14 15 15 18 25 25 38 38 42 36 36 37 29 29 24 24 12 10 10 5 4 4 4 4 4 5 5 9 12 12 13 13 12 10 10 20 
0 0 1 5 5 4 2 2 4 4 5 12 12 13 20 20 29 29 34 37 37 31 25 25 17 17 12 5 5 3 2 2 2 2 3 4 4 6 7 7 14 14 18 21 21 20 
0 0 1 5 5 4 2 2 4 4 5 12 12 13 20 20 29 29 34 37 37 31 25 25 17 17 12 5 5 3 2 2 2 2 3 4 4 6 7 7 14 14 18 21 21 20 
0 0 1 3 3 6 4 4 2 2 3 8 8 11 14 14 22 22 28 29 29 24 21 21 15 15 11 2 2 2 1 1 2 2 2 3 3 6 7 7 13 13 24 20 20 17 
0 0 0 5 5 5 2 2 1 1 3 3 3 5 7 7 11 11 21 22 22 15 14 14 14 14 10 3 3 2 1 1 2 2 4 5 5 5 8 8 10 10 26 18 18 15 
0 0 0 5 5 5 2 2 1 1 3 3 3 5 7 7 11 11 21 22 22 15 14 14 14 14 10 3 3 2 1 1 2 2 4 5 5 5 8 8 10 10 26 18 18 15 
0 0 0 1 1 3 3 3 2 2 3 2 2 4 3 3 5 5 13 17 17 19 17 17 16 16 12 3 3 3 3 3 3 3 6 9 9 6 7 7 7 7 8 6 6 5 
0 0 0 0 0 1 2 2 3 3 2 2 2 6 5 5 4 4 8 22 22 25 31 31 28 28 14 4 4 3 4 4 5 5 5 5 5 5 7 7 7 7 8 7 7 6 
0 0 0 0 0 1 2 2 3 3 2 2 2 6 5 5 4 4 8 22 22 25 31 31 28 28 14 4 4 3 4 4 5 5 5 5 5 5 7 7 7 7 8 7 7 6 
0 0 0 0 0 0 3 3 2 2 3 2 2 4 3 3 2 2 6 20 20 15 18 18 14 14 5 5 5 3 5 5 4 4 6 11 11 10 8 8 7 7 6 9 9 8 
0 0 0 0 0 0 3 3 2 2 3 2 2 4 3 3 2 2 6 20 20 15 18 18 14 14 5 5 5 3 5 5 4 4 6 11 11 10 8 8 7 7 6 9 9 8 
0 0 0 0 0 0 0 0 3 3 4 3 3 4 4 4 4 4 4 9 9 9 13 13 11 11 6 5 5 6 7 7 6 6 13 16 16 14 10 10 10 10 9 7 7 6 
0 0 0 0 0 1 1 1 6 6 4 5 5 7 11 11 9 9 11 10 10 9 10 10 15 15 8 9 9 9 11 11 12 12 14 17 17 16 12 12 9 9 8 6 6 6 
0 0 0 0 0 1 1 1 6 6 4 5 5 7 11 11 9 9 11 10 10 9 10 10 15 15 8 9 9 9 11 11 12 12 14 17 17 16 12 12 9 9 8 6 6 6 
0 0 0 0 0 1 1 1 5 5 3 9 9 10 16 16 12 12 14 9 9 8 9 9 15 15 19 18 18 15 10 10 9 9 7 9 9 6 6 6 6 6 5 5 5 6 
1 1 0 0 0 1 1 1 1 1 2 6 6 9 8 8 7 7 6 12 12 12 12 12 11 11 12 10 10 18 13 13 12 12 11 4 4 6 7 7 9 9 8 8 8 7 
1 1 0 0 0 1 1 1 1 1 2 6 6 9 8 8 7 7 6 12 12 12 12 12 11 11 12 10 10 18 13 13 12 12 11 4 4 6 7 7 9 9 8 8 8 7 
0 0 0 0 0 0 0 0 0 0 1 1 1 5 8 8 11 11 9 18 18 24 28 28 16 16 20 17 17 16 13 13 19 19 18 8 8 9 10 10 9 9 10 9 9 10 
0 0 0 0 0 0 0 0 0 0 1 1 1 5 8 8 11 11 9 18 18 24 28 28 16 16 20 17 17 16 13 13 19 19 18 8 8 9 10 10 9 9 10 9 9 10 
0 0 0 0 0 0 0 0 0 0 1 2 2 12 9 9 15 15 9 18 18 24 23 23 25 25 24 29 29 27 26 26 24 24 23 22 22 19 20 20 13 13 17 9 9 13 
0 0 0 0 0 0 0 0 0 0 0 2 2 5 7 7 14 14 13 17 17 24 34 34 34 34 21 32 32 34 40 40 39 39 33 28 28 20 24 24 20 20 19 11 11 16 
0 0 0 0 0 0 0 0 0 0 0 2 2 5 7 7 14 14 13 17 17 24 34 34 34 34 21 32 32 34 40 40 39 39 33 28 28 20 24 24 20 20 19 11 11 16 
0 0 0 1 1 1 1 1 1 1 2 1 1 2 13 13 17 17 19 21 21 32 35 35 20 20 25 36 36 41 43 43 44 44 44 37 37 33 31 31 22 22 18 12 12 15 
0 0 0 1 1 3 2 2 2 2 4 3 3 3 4 4 9 9 12 14 14 13 21 21 22 22 24 33 33 36 41 41 46 46 44 46 46 38 32 32 25 25 21 9 9 12 
0 0 0 1 1 3 2 2 2 2 4 3 3 3 4 4 9 9 12 14 14 13 21 21 22 22 24 33 33 36 41 41 46 46 44 46 46 38 32 32 25 25 21 9 9 12 
1 1 1 1 1 3 5 5 4 4 6 4 4 4 4 4 10 10 12 16 16 17 28 28 30 30 29 32 32 37 42 42 44 44 46 53 53 45 37 37 32 32 23 10 10 7 
1 1 1 1 1 3 5 5 4 4 6 4 4 4 4 4 10 10 12 16 16 17 28 28 30 30 29 32 32 37 42 42 44 44 46 53 53 45 37 37 32 32 23 10 10 7 
1 1 1 1 1 2 3 3 3 3 4 3 3 3 4 4 10 10 13 15 15 17 29 29 35 35 36 33 33 43 45 45 49 49 57 59 59 63 42 42 36 36 24 13 13 5 
1 1 2 3 3 4 4 4 3 3 3 3 3 4 6 6 9 9 16 19 19 23 30 30 35 35 33 38 38 45 40 40 42 42 71 72 72 70 43 43 39 39 29 15 15 7 
1 1 2 3 3 4 4 4 3 3 3 3 3 4 6 6 9 9 16 19 19 23 30 30 35 35 33 38 38 45 40 40 42 42 71 72 72 70 43 43 39 39 29 15 15 7 
2 2 4 4 4 4 5 5 5 5 6 5 5 6 10 10 11 11 16 18 18 21 23 23 31 31 32 37 37 42 40 40 39 39 65 67 67 65 40 40 36 36 30 17 17 12 
3 3 4 4 4 4 4 4 4 4 3 3 3 3 4 4 5 5 7 11 11 14 16 16 24 24 29 30 30 35 37 37 34 34 40 61 61 69 46 46 33 33 19 16 16 13 
3 3 4 4 4 4 4 4 4 4 3 3 3 3 4 4 5 5 7 11 11 14 16 16 24 24 29 30 30 35 37 37 34 34 40 61 61 69 46 46 33 33 19 16 16 13 
1 1 1 1 1 1 1 1 1 1 1 2 2 2 2 2 4 4 3 9 9 10 10 10 14 14 19 24 24 24 38 38 32 32 38 48 48 59 60 60 32 32 28 16 16 9 
1 1 1 1 1 1 1 1 1 1 1 2 2 2 2 2 4 4 3 9 9 10 10 10 14 14 19 24 24 24 38 38 32 32 38 48 48 59 60 60 32 32 28 16 16 9 
0 0 0 1 1 1 1 1 1 1 2 3 3 4 4 4 4 4 4 9 9 10 11 11 15 15 18 19 19 21 32 32 29 29 34 41 41 41 43 43 38 38 31 14 14 7 
0 0 1 1 1 1 1 1 1 1 2 5 5 5 6 6 7 7 7 6 6 13 13 13 14 14 21 20 20 19 24 24 24 24 29 34 34 37 40 40 29 29 21 13 13 8 
0 0 1 1 1 1 1 1 1 1 2 5 5 5 6 6 7 7 7 6 6 13 13 13 14 14 21 20 20 19 24 24 24 24 29 34 34 37 40 40 29 29 21 13 13 8 
0 0 1 1 1 1 1 1 2 2 3 4 4 5 7 7 8 8 8 7 7 16 15 15 17 17 21 20 20 21 24 24 26 26 24 25 25 34 37 37 39 39 28 18 18 12 
0 0 1 1 1 1 1 1 2 2 4 4 4 4 6 6 7 7 8 9 9 11 18 18 18 18 21 21 21 24 24 24 26 26 27 28 28 39 27 27 28 28 24 18 18 15 
0 0 1 1 1 1 1 1 2 2 4 4 4 4 6 6 7 7 8 9 9 11 18 18 18 18 21 21 21 24 24 24 26 26 27 28 28 39 27 27 28 28 24 18 18 15 
0 0 1 2 2 2 2 2 3 3 3 3 3 3 5 5 7 7 9 9 9 11 12 12 17 17 18 20 20 23 24 24 24 24 25 23 23 24 25 25 25 25 21 28 28 20 
0 0 1 2 2 2 2 2 3 3 3 3 3 3 5 5 7 7 9 9 9 11 12 12 17 17 18 20 20 23 24 24 24 24 25 23 23 24 25 25 25 25 21 28 28 20 
0 0 1 1 1 1 1 1 2 2 2 2 2 3 4 4 4 4 6 6 6 9 10 10 12 12 13 15 15 17 19 19 20 20 19 20 20 23 27 27 27 27 26 27 27 22 
1 1 1 1 1 1 1 1 1 1 1 1 1 2 2 2 3 3 3 3 3 3 4 4 9 9 12 13 13 11 12 12 13 13 14 15 15 15 24 24 24 24 32 35 35 61 
1 1 1 1 1 1 1 1 1 1 1 1 1 2 2 2 3 3 3 3 3 3 4 4 9 9 12 13 13 11 12 12 13 13 14 15 15 15 24 24 24 24 32 35 35 61 
1 1 1 1 1 0 1 1 0 0 1 1 1 1 1 1 2 2 2 2 2 3 3 3 6 6 9 8 8 8 8 8 7 7 12 12 12 12 15 15 19 19 25 36 36 50 
0 0 0 0 0 0 1 1 1 1 1 1 1 1 1 1 1 1 1 1 1 1 2 2 5 5 4 5 5 5 5 5 5 5 9 10 10 11 10 10 12 12 11 21 21 15 
0 0 0 0 0 0 1 1 1 1 1 1 1 1 1 1 1 1 1 1 1 1 2 2 5 5 4 5 5 5 5 5 5 5 9 10 10 11 10 10 12 12 11 21 21 15 
0 0 0 0 0 0 1 1 1 1 1 1 1 1 1 1 1 1 1 0 0 1 2 2 6 6 6 7 7 7 6 6 6 6 9 11 11 12 9 9 11 11 7 5 5 5 
0 0 0 0 0 0 1 1 1 1 1 1 1 1 1 1 1 1 1 0 0 1 2 2 6 6 6 7 7 7 6 6 6 6 9 11 11 12 9 9 11 11 7 5 5 5 
1 1 1 1 1 0 2 2 2 2 2 2 2 2 1 1 0 0 1 1 1 1 3 3 9 9 11 10 10 11 12 12 10 10 12 22 22 16 14 14 24 24 21 20 20 4 
3 3 2 1 1 2 2 2 2 2 3 2 2 3 2 2 1 1 1 1 1 2 4 4 6 6 12 11 11 11 12 12 12 12 12 24 24 20 15 15 25 25 22 18 18 4 
3 3 2 1 1 2 2 2 2 2 3 2 2 3 2 2 1 1 1 1 1 2 4 4 6 6 12 11 11 11 12 12 12 12 12 24 24 20 15 15 25 25 22 18 18 4 
1 1 5 1 1 3 2 2 3 3 4 3 3 3 3 3 2 2 2 2 2 3 3 3 3 3 9 9 9 10 11 11 14 14 10 15 15 13 14 14 29 29 28 22 22 7 
3 3 7 3 3 3 2 2 3 3 4 3 3 4 4 4 3 3 3 2 2 2 3 3 5 5 8 9 9 8 9 9 9 9 9 17 17 29 37 37 38 38 32 29 29 8 
3 3 7 3 3 3 2 2 3 3 4 3 3 4 4 4 3 3 3 2 2 2 3 3 5 5 8 9 9 8 9 9 9 9 9 17 17 29 37 37 38 38 32 29 29 8 
4 4 6 4 4 3 1 1 2 2 4 5 5 5 5 5 5 5 4 3 3 4 6 6 10 10 9 14 14 13 14 14 11 11 11 20 20 24 40 40 42 42 29 25 25 18 
4 4 6 4 4 3 1 1 2 2 4 5 5 5 5 5 5 5 4 3 3 4 6 6 10 10 9 14 14 13 14 14 11 11 11 20 20 24 40 40 42 42 29 25 25 18 
1 1 2 1 1 2 1 1 2 2 4 5 5 6 6 6 7 7 7 6 6 11 10 10 8 8 13 11 11 22 21 21 17 17 12 10 10 13 21 21 22 22 31 21 21 15 
2 2 1 1 1 2 2 2 4 4 4 6 6 7 8 8 10 10 9 11 11 10 10 10 9 9 13 7 7 19 17 17 10 10 8 7 7 9 12 12 16 16 18 17 17 11 
2 2 1 1 1 2 2 2 4 4 4 6 6 7 8 8 10 10 9 11 11 10 10 10 9 9 13 7 7 19 17 17 10 10 8 7 7 9 12 12 16 16 18 17 17 11 
3 3 1 0 0 1 2 2 3 3 4 8 8 10 10 10 13 13 14 18 18 17 15 15 10 10 6 6 6 7 8 8 7 7 7 7 7 10 11 11 15 15 10 9 9 10 
2 2 1 1 1 1 1 1 3 3 4 7 7 9 10 10 12 12 13 15 15 17 14 14 10 10 8 10 10 8 8 8 7 7 7 9 9 8 6 6 6 6 6 9 9 8 
2 2 1 1 1 1 1 1 3 3 4 7 7 9 10 10 12 12 13 15 15 17 14 14 10 10 8 10 10 8 8 8 7 7 7 9 9 8 6 6 6 6 6 9 9 8 
2 2 2 1 1 1 1 1 2 2 4 7 7 8 7 7 8 8 9 9 9 9 7 7 10 10 9 9 9 9 8 8 16 16 15 13 13 11 4 4 3 3 6 6 6 10 
2 2 2 1 1 1 1 1 2 2 4 7 7 8 7 7 8 8 9 9 9 9 7 7 10 10 9 9 9 9 8 8 16 16 15 13 13 11 4 4 3 3 6 6 6 10 
3 3 3 2 2 2 2 2 3 3 3 5 5 7 8 8 9 9 8 7 7 5 4 4 4 4 5 8 8 7 7 7 10 10 27 15 15 13 4 4 4 4 8 8 8 8 
4 4 3 2 2 2 3 3 3 3 5 5 5 9 10 10 12 12 17 8 8 6 3 3 4 4 3 9 9 6 10 10 24 24 28 21 21 15 5 5 6 6 5 3 3 2 
4 4 3 2 2 2 3 3 3 3 5 5 5 9 10 10 12 12 17 8 8 6 3 3 4 4 3 9 9 6 10 10 24 24 28 21 21 15 5 5 6 6 5 3 3 2 
4 4 2 2 2 1 2 2 2 2 3 3 3 4 7 7 9 9 8 7 7 9 4 4 3 3 2 5 5 6 11 11 7 7 15 22 22 27 5 5 4 4 3 2 2 1 
5 5 4 2 2 3 3 3 4 4 5 5 5 5 4 4 5 5 4 5 5 4 3 3 3 3 3 2 2 2 6 6 4 4 14 19 19 7 2 2 0 0 1 1 1 1 
