assets/RAT_results/precipitation/2024-07-22_IMERG.asc
ncols        46
nrows        77
xllcorner    74.800261325624
yllcorner    8.058333333333
cellsize     0.062500000000
NODATA_value -9999
56 56 34 29 29 13 21 21 10 10 13 34 34 38 40 40 42 42 40 32 32 14 11 11 4 4 2 1 1 1 1 1 1 1 0 0 0 0 0 0 0 0 0 0 0 1 
14 14 34 41 41 23 19 19 6 6 12 27 27 35 35 35 28 28 30 29 29 14 11 11 6 6 2 1 1 1 4 4 0 0 0 0 0 0 0 0 0 0 0 0 0 1 
14 14 34 41 41 23 19 19 6 6 12 27 27 35 35 35 28 28 30 29 29 14 11 11 6 6 2 1 1 1 4 4 0 0 0 0 0 0 0 0 0 0 0 0 0 1 
11 11 32 51 51 17 13 13 9 9 5 22 22 34 45 45 39 39 26 11 11 10 7 7 6 6 2 1 1 1 1 1 0 0 0 0 0 0 0 0 0 0 0 0 0 0 
10 10 24 31 31 19 17 17 12 12 13 20 20 35 43 43 28 28 18 8 8 7 7 7 2 2 0 0 0 0 0 0 0 0 0 0 0 0 0 0 0 0 0 0 0 0 
10 10 24 31 31 19 17 17 12 12 13 20 20 35 43 43 28 28 18 8 8 7 7 7 2 2 0 0 0 0 0 0 0 0 0 0 0 0 0 0 0 0 0 0 0 0 
14 14 15 18 18 22 9 9 8 8 9 13 13 23 20 20 16 16 11 7 7 5 3 3 1 1 2 1 1 1 1 1 1 1 0 0 0 1 0 0 0 0 0 0 0 0 
14 14 15 18 18 22 9 9 8 8 9 13 13 23 20 20 16 16 11 7 7 5 3 3 1 1 2 1 1 1 1 1 1 1 0 0 0 1 0 0 0 0 0 0 0 0 
13 13 22 20 20 19 18 18 14 14 11 13 13 17 16 16 14 14 17 10 10 2 1 1 2 2 2 1 1 0 1 1 1 1 1 1 1 0 0 0 0 0 1 1 1 0 
2 2 5 15 15 35 46 46 23 23 15 24 24 16 22 22 22 22 27 18 18 6 7 7 6 6 2 2 2 1 1 1 0 0 0 0 0 1 1 1 1 1 1 2 2 1 
2 2 5 15 15 35 46 46 23 23 15 24 24 16 22 22 22 22 27 18 18 6 7 7 6 6 2 2 2 1 1 1 0 0 0 0 0 1 1 1 1 1 1 2 2 1 
6 6 1 9 9 26 54 54 38 38 50 32 32 26 30 30 30 30 38 37 37 19 18 18 8 8 2 1 1 1 1 1 1 1 1 1 1 3 3 3 2 2 5 2 2 2 
3 3 3 3 3 16 38 38 57 57 49 43 43 42 34 34 30 30 24 27 27 25 33 33 15 15 5 2 2 2 1 1 1 1 1 5 5 7 9 9 11 11 7 5 5 5 
3 3 3 3 3 16 38 38 57 57 49 43 43 42 34 34 30 30 24 27 27 25 33 33 15 15 5 2 2 2 1 1 1 1 1 5 5 7 9 9 11 11 7 5 5 5 
19 19 8 5 5 11 22 22 32 32 33 32 32 46 24 24 20 20 16 21 21 21 29 29 18 18 8 4 4 1 2 2 3 3 3 6 6 9 13 13 11 11 8 6 6 6 
19 19 8 5 5 11 22 22 32 32 33 32 32 46 24 24 20 20 16 21 21 21 29 29 18 18 8 4 4 1 2 2 3 3 3 6 6 9 13 13 11 11 8 6 6 6 
8 8 5 8 8 14 31 31 36 36 41 50 50 38 21 21 18 18 12 20 20 24 39 39 26 26 19 10 10 11 5 5 7 7 5 7 7 8 9 9 6 6 5 5 5 2 
3 3 9 10 10 24 33 33 50 50 48 59 59 58 29 29 25 25 18 22 22 31 30 30 20 20 18 16 16 6 8 8 8 8 9 11 11 8 5 5 5 5 5 4 4 2 
3 3 9 10 10 24 33 33 50 50 48 59 59 58 29 29 25 25 18 22 22 31 30 30 20 20 18 16 16 6 8 8 8 8 9 11 11 8 5 5 5 5 5 4 4 2 
2 2 5 9 9 11 10 10 16 16 40 42 42 45 33 33 28 28 28 30 30 26 28 28 24 24 26 16 16 8 9 9 11 11 12 11 11 11 4 4 4 4 8 7 7 3 
2 2 4 5 5 7 6 6 21 21 15 43 43 58 39 39 26 26 23 18 18 24 30 30 40 40 25 13 13 20 19 19 17 17 12 9 9 14 10 10 10 10 8 10 10 4 
2 2 4 5 5 7 6 6 21 21 15 43 43 58 39 39 26 26 23 18 18 24 30 30 40 40 25 13 13 20 19 19 17 17 12 9 9 14 10 10 10 10 8 10 10 4 
5 5 4 5 5 5 6 6 12 12 23 25 25 50 31 31 21 21 14 13 13 28 22 22 26 26 14 20 20 23 19 19 22 22 10 10 10 10 9 9 6 6 4 3 3 4 
5 5 4 5 5 5 6 6 12 12 23 25 25 50 31 31 21 21 14 13 13 28 22 22 26 26 14 20 20 23 19 19 22 22 10 10 10 10 9 9 6 6 4 3 3 4 
5 5 2 3 3 3 5 5 9 9 19 20 20 31 24 24 17 17 11 8 8 8 10 10 17 17 13 19 19 16 14 14 14 14 16 8 8 8 7 7 6 6 4 1 1 1 
5 5 3 4 4 6 7 7 12 12 25 28 28 45 29 29 20 20 13 9 9 10 7 7 16 16 22 22 22 13 6 6 10 10 7 7 7 3 1 1 1 1 0 0 0 0 
5 5 3 4 4 6 7 7 12 12 25 28 28 45 29 29 20 20 13 9 9 10 7 7 16 16 22 22 22 13 6 6 10 10 7 7 7 3 1 1 1 1 0 0 0 0 
8 8 7 8 8 9 10 10 8 8 8 16 16 24 30 30 22 22 17 12 12 12 8 8 12 12 15 11 11 6 5 5 3 3 2 3 3 2 1 1 0 0 0 0 0 0 
13 13 11 11 11 13 14 14 12 12 11 16 16 26 17 17 22 22 24 29 29 23 25 25 29 29 14 13 13 8 9 9 4 4 2 1 1 0 0 0 0 0 0 0 0 0 
13 13 11 11 11 13 14 14 12 12 11 16 16 26 17 17 22 22 24 29 29 23 25 25 29 29 14 13 13 8 9 9 4 4 2 1 1 0 0 0 0 0 0 0 0 0 
10 10 11 11 11 14 14 14 12 12 10 26 26 30 14 14 20 20 24 27 27 30 28 28 31 31 19 26 26 13 13 13 4 4 2 2 2 1 0 0 0 0 0 0 0 1 
10 10 11 11 11 14 14 14 12 12 10 26 26 30 14 14 20 20 24 27 27 30 28 28 31 31 19 26 26 13 13 13 4 4 2 2 2 1 0 0 0 0 0 0 0 1 
5 5 2 9 9 18 18 18 13 13 12 20 20 26 43 43 19 19 25 35 35 33 31 31 27 27 22 16 16 15 13 13 9 9 6 7 7 3 1 1 0 0 1 1 1 2 
2 2 3 13 13 24 27 27 20 20 18 29 29 39 27 27 50 50 23 33 33 24 23 23 24 24 24 20 20 17 12 12 12 12 8 11 11 12 4 4 2 2 3 2 2 2 
2 2 3 13 13 24 27 27 20 20 18 29 29 39 27 27 50 50 23 33 33 24 23 23 24 24 24 20 20 17 12 12 12 12 8 11 11 12 4 4 2 2 3 2 2 2 
4 4 11 20 20 23 20 20 21 21 24 41 41 103 57 57 27 27 29 32 32 28 31 31 30 30 22 22 22 21 15 15 15 15 10 12 12 13 4 4 3 3 5 2 2 2 
7 7 13 18 18 20 21 21 19 19 24 34 34 67 47 47 32 32 10 19 19 22 23 23 29 29 29 27 27 23 20 20 15 15 11 9 9 5 6 6 4 4 4 3 3 2 
7 7 13 18 18 20 21 21 19 19 24 34 34 67 47 47 32 32 10 19 19 22 23 23 29 29 29 27 27 23 20 20 15 15 11 9 9 5 6 6 4 4 4 3 3 2 
5 5 11 15 15 13 12 12 11 11 9 14 14 39 35 35 24 24 5 11 11 16 17 17 23 23 26 23 23 23 28 28 20 20 16 8 8 5 4 4 8 8 5 3 3 2 
5 5 11 15 15 13 12 12 11 11 9 14 14 39 35 35 24 24 5 11 11 16 17 17 23 23 26 23 23 23 28 28 20 20 16 8 8 5 4 4 8 8 5 3 3 2 
1 1 2 2 2 3 2 2 3 3 7 23 23 52 17 17 11 11 8 7 7 8 15 15 18 18 21 15 15 17 28 28 17 17 17 11 11 5 7 7 4 4 3 2 2 3 
2 2 1 1 1 1 2 2 1 1 5 9 9 6 5 5 3 3 3 1 1 5 12 12 13 13 12 18 18 17 13 13 15 15 13 9 9 7 5 5 5 5 3 4 4 2 
2 2 1 1 1 1 2 2 1 1 5 9 9 6 5 5 3 3 3 1 1 5 12 12 13 13 12 18 18 17 13 13 15 15 13 9 9 7 5 5 5 5 3 4 4 2 
2 2 1 1 1 1 2 2 5 5 7 9 9 9 8 8 7 7 5 2 2 8 12 12 11 11 13 11 11 6 5 5 6 6 7 8 8 9 8 8 4 4 4 3 3 1 
2 2 1 1 1 2 2 2 6 6 11 13 13 11 9 9 9 9 5 2 2 2 9 9 10 10 10 9 9 9 7 7 7 7 8 9 9 9 5 5 5 5 5 2 2 3 
2 2 1 1 1 2 2 2 6 6 11 13 13 11 9 9 9 9 5 2 2 2 9 9 10 10 10 9 9 9 7 7 7 7 8 9 9 9 5 5 5 5 5 2 2 3 
2 2 0 1 1 1 3 3 6 6 7 8 8 9 10 10 8 8 5 4 4 3 3 3 7 7 7 9 9 10 9 9 8 8 10 11 11 8 3 3 3 3 3 1 1 2 
2 2 0 1 1 1 3 3 6 6 7 8 8 9 10 10 8 8 5 4 4 3 3 3 7 7 7 9 9 10 9 9 8 8 10 11 11 8 3 3 3 3 3 1 1 2 
1 1 1 1 1 1 1 1 2 2 3 4 4 5 5 5 5 5 4 3 3 2 4 4 6 6 10 13 13 15 15 15 12 12 13 9 9 4 1 1 1 1 0 0 0 2 
1 1 1 2 2 1 1 1 1 1 3 3 3 2 2 2 2 2 2 2 2 2 4 4 11 11 16 18 18 18 16 16 13 13 11 5 5 3 1 1 1 1 1 0 0 1 
1 1 1 2 2 1 1 1 1 1 3 3 3 2 2 2 2 2 2 2 2 2 4 4 11 11 16 18 18 18 16 16 13 13 11 5 5 3 1 1 1 1 1 0 0 1 
3 3 3 1 1 1 2 2 4 4 2 4 4 3 2 2 2 2 2 1 1 2 6 6 14 14 16 17 17 16 13 13 11 11 7 3 3 2 1 1 3 3 2 1 1 1 
7 7 3 1 1 2 3 3 2 2 2 3 3 2 2 2 3 3 3 3 3 3 4 4 10 10 12 11 11 14 11 11 10 10 8 3 3 2 2 2 3 3 3 2 2 3 
7 7 3 1 1 2 3 3 2 2 2 3 3 2 2 2 3 3 3 3 3 3 4 4 10 10 12 11 11 14 11 11 10 10 8 3 3 2 2 2 3 3 3 2 2 3 
2 2 2 1 1 2 1 1 1 1 2 2 2 1 2 2 2 2 2 1 1 2 3 3 6 6 10 11 11 12 7 7 5 5 5 3 3 1 2 2 3 3 3 3 3 2 
2 2 2 1 1 2 1 1 1 1 2 2 2 1 2 2 2 2 2 1 1 2 3 3 6 6 10 11 11 12 7 7 5 5 5 3 3 1 2 2 3 3 3 3 3 2 
3 3 3 1 1 0 0 0 0 0 1 2 2 1 2 2 3 3 3 2 2 4 5 5 8 8 12 11 11 12 9 9 7 7 6 2 2 1 2 2 2 2 2 2 2 1 
3 3 2 0 0 0 0 0 0 0 1 1 1 1 1 1 2 2 3 4 4 5 5 5 10 10 12 11 11 13 10 10 8 8 5 4 4 4 5 5 5 5 4 3 3 2 
3 3 2 0 0 0 0 0 0 0 1 1 1 1 1 1 2 2 3 4 4 5 5 5 10 10 12 11 11 13 10 10 8 8 5 4 4 4 5 5 5 5 4 3 3 2 
2 2 0 0 0 0 1 1 1 1 1 1 1 1 1 1 2 2 4 6 6 6 7 7 7 7 11 13 13 15 11 11 8 8 5 3 3 2 4 4 4 4 3 3 3 2 
2 2 1 0 0 1 1 1 0 0 0 1 1 1 2 2 3 3 5 5 5 5 6 6 8 8 8 7 7 7 4 4 2 2 1 1 1 1 1 1 1 1 0 1 1 0 
2 2 1 0 0 1 1 1 0 0 0 1 1 1 2 2 3 3 5 5 5 5 6 6 8 8 8 7 7 7 4 4 2 2 1 1 1 1 1 1 1 1 0 1 1 0 
2 2 0 0 0 0 1 1 1 1 1 1 1 2 3 3 5 5 6 8 8 6 7 7 7 7 8 6 6 3 2 2 1 1 0 1 1 2 1 1 2 2 2 2 2 2 
2 2 0 0 0 0 1 1 1 1 1 1 1 2 3 3 5 5 6 8 8 6 7 7 7 7 8 6 6 3 2 2 1 1 0 1 1 2 1 1 2 2 2 2 2 2 
2 2 1 1 1 1 1 1 1 1 1 2 2 3 5 5 7 7 9 11 11 12 12 12 12 12 11 18 18 11 9 9 10 10 7 3 3 3 3 3 4 4 4 4 4 5 
0 0 1 1 1 1 1 1 1 1 2 2 2 4 6 6 10 10 12 15 15 15 14 14 13 13 12 14 14 17 16 16 15 15 15 12 12 10 9 9 8 8 5 5 5 4 
0 0 1 1 1 1 1 1 1 1 2 2 2 4 6 6 10 10 12 15 15 15 14 14 13 13 12 14 14 17 16 16 15 15 15 12 12 10 9 9 8 8 5 5 5 4 
1 1 1 1 1 1 1 1 1 1 2 3 3 6 8 8 12 12 15 15 15 17 16 16 16 16 15 16 16 25 21 21 18 18 17 16 16 14 11 11 9 9 6 4 4 3 
2 2 1 1 1 1 1 1 2 2 3 4 4 6 8 8 14 14 16 17 17 18 22 22 22 22 23 24 24 22 30 30 23 23 21 19 19 20 15 15 14 14 13 7 7 4 
2 2 1 1 1 1 1 1 2 2 3 4 4 6 8 8 14 14 16 17 17 18 22 22 22 22 23 24 24 22 30 30 23 23 21 19 19 20 15 15 14 14 13 7 7 4 
1 1 1 1 1 2 2 2 2 2 4 5 5 7 9 9 10 10 13 19 19 17 24 24 27 27 30 31 31 30 30 30 38 38 28 23 23 24 21 21 19 19 15 9 9 11 
1 1 1 1 1 2 2 2 2 2 4 5 5 7 9 9 10 10 13 19 19 17 24 24 27 27 30 31 31 30 30 30 38 38 28 23 23 24 21 21 19 19 15 9 9 11 
1 1 0 0 0 1 2 2 2 2 4 6 6 6 9 9 12 12 19 21 21 24 26 26 30 30 29 30 30 26 25 25 21 21 24 26 26 26 27 27 25 25 20 13 13 11 
0 0 0 1 1 1 1 1 3 3 4 4 4 6 12 12 16 16 18 22 22 27 32 32 37 37 50 49 49 46 40 40 38 38 35 40 40 26 21 21 16 16 14 9 9 9 
0 0 0 1 1 1 1 1 3 3 4 4 4 6 12 12 16 16 18 22 22 27 32 32 37 37 50 49 49 46 40 40 38 38 35 40 40 26 21 21 16 16 14 9 9 9 
1 1 1 2 2 1 1 1 2 2 3 4 4 6 9 9 11 11 15 18 18 28 35 35 41 41 44 51 51 48 43 43 37 37 32 31 31 42 27 27 20 20 16 9 9 8 
0 0 0 1 1 1 2 2 2 2 2 3 3 6 6 6 9 9 10 14 14 21 29 29 36 36 40 48 48 52 52 52 48 48 43 36 36 30 23 23 42 42 23 16 16 15 
