assets/RAT_results/precipitation/2024-07-30_IMERG.asc
ncols        46
nrows        77
xllcorner    74.800261325624
yllcorner    8.058333333333
cellsize     0.062500000000
NODATA_value -9999
192 192 167 187 187 130 218 218 116 116 110 127 127 125 72 72 58 58 50 38 38 25 19 19 9 9 5 4 4 4 7 7 5 5 3 4 4 4 3 3 2 2 1 1 1 1 
203 203 244 146 146 130 146 146 147 147 97 140 140 113 77 77 62 62 52 42 42 25 14 14 8 8 6 4 4 6 10 10 7 7 5 4 4 3 4 4 3 3 3 3 3 6 
203 203 244 146 146 130 146 146 147 147 97 140 140 113 77 77 62 62 52 42 42 25 14 14 8 8 6 4 4 6 10 10 7 7 5 4 4 3 4 4 3 3 3 3 3 6 
198 198 270 157 157 160 128 128 123 123 98 170 170 131 110 110 86 86 67 43 43 32 13 13 8 8 6 4 4 5 8 8 5 5 4 6 6 6 6 6 5 5 6 10 10 8 
157 157 172 173 173 154 123 123 91 91 100 140 140 150 112 112 113 113 67 53 53 31 20 20 13 13 8 5 5 4 5 5 4 4 3 5 5 6 9 9 8 8 12 9 9 8 
157 157 172 173 173 154 123 123 91 91 100 140 140 150 112 112 113 113 67 53 53 31 20 20 13 13 8 5 5 4 5 5 4 4 3 5 5 6 9 9 8 8 12 9 9 8 
92 92 172 130 130 91 105 105 99 99 93 114 114 124 81 81 95 95 72 61 61 41 24 24 18 18 13 6 6 5 8 8 5 5 5 5 5 6 6 6 10 10 13 10 10 6 
92 92 172 130 130 91 105 105 99 99 93 114 114 124 81 81 95 95 72 61 61 41 24 24 18 18 13 6 6 5 8 8 5 5 5 5 5 6 6 6 10 10 13 10 10 6 
76 76 119 126 126 116 113 113 93 93 91 96 96 97 92 92 82 82 74 63 63 31 20 20 14 14 11 10 10 8 7 7 6 6 6 10 10 8 15 15 12 12 11 9 9 6 
50 50 59 96 96 110 117 117 101 101 89 90 90 80 79 79 69 69 53 29 29 23 19 19 16 16 15 19 19 21 18 18 10 10 7 8 8 9 17 17 13 13 7 2 2 3 
50 50 59 96 96 110 117 117 101 101 89 90 90 80 79 79 69 69 53 29 29 23 19 19 16 16 15 19 19 21 18 18 10 10 7 8 8 9 17 17 13 13 7 2 2 3 
105 105 50 87 87 94 99 99 86 86 87 87 87 94 57 57 50 50 66 36 36 17 17 17 11 11 17 14 14 16 10 10 15 15 19 19 19 25 20 20 15 15 2 3 3 1 
122 122 79 75 75 104 113 113 118 118 126 110 110 90 85 85 67 67 48 30 30 14 15 15 11 11 9 9 9 11 10 10 20 20 27 29 29 32 24 24 13 13 6 6 6 3 
122 122 79 75 75 104 113 113 118 118 126 110 110 90 85 85 67 67 48 30 30 14 15 15 11 11 9 9 9 11 10 10 20 20 27 29 29 32 24 24 13 13 6 6 6 3 
180 180 77 66 66 65 109 109 112 112 128 140 140 100 80 80 69 69 43 28 28 22 21 21 12 12 11 11 11 14 4 4 9 9 17 13 13 23 14 14 5 5 7 4 4 3 
180 180 77 66 66 65 109 109 112 112 128 140 140 100 80 80 69 69 43 28 28 22 21 21 12 12 11 11 11 14 4 4 9 9 17 13 13 23 14 14 5 5 7 4 4 3 
177 177 74 63 63 64 103 103 101 101 132 132 132 120 86 86 54 54 46 41 41 36 23 23 18 18 12 14 14 8 4 4 3 3 12 13 13 15 11 11 4 4 5 6 6 3 
132 132 149 90 90 64 77 77 111 111 98 116 116 100 97 97 64 64 47 47 47 45 30 30 20 20 17 31 31 14 11 11 7 7 14 10 10 10 10 10 9 9 7 7 7 5 
132 132 149 90 90 64 77 77 111 111 98 116 116 100 97 97 64 64 47 47 47 45 30 30 20 20 17 31 31 14 11 11 7 7 14 10 10 10 10 10 9 9 7 7 7 5 
118 118 116 116 116 91 61 61 72 72 123 131 131 131 101 101 80 80 59 44 44 44 30 30 27 27 16 20 20 18 12 12 18 18 15 11 11 12 9 9 5 5 5 5 5 1 
168 168 159 139 139 91 77 77 73 73 69 123 123 134 117 117 100 100 72 65 65 59 50 50 42 42 24 31 31 14 26 26 20 20 11 15 15 14 9 9 3 3 1 3 3 1 
168 168 159 139 139 91 77 77 73 73 69 123 123 134 117 117 100 100 72 65 65 59 50 50 42 42 24 31 31 14 26 26 20 20 11 15 15 14 9 9 3 3 1 3 3 1 
233 233 116 110 110 83 76 76 65 65 71 113 113 133 114 114 107 107 75 62 62 69 50 50 35 35 28 29 29 14 19 19 10 10 5 4 4 3 2 2 3 3 2 2 2 1 
233 233 116 110 110 83 76 76 65 65 71 113 113 133 114 114 107 107 75 62 62 69 50 50 35 35 28 29 29 14 19 19 10 10 5 4 4 3 2 2 3 3 2 2 2 1 
135 135 84 104 104 67 64 64 61 61 59 57 57 91 86 86 90 90 92 73 73 65 46 46 46 46 36 21 21 15 11 11 5 5 4 3 3 2 3 3 3 3 2 1 1 0 
169 169 150 153 153 84 69 69 72 72 71 58 58 94 83 83 81 81 68 64 64 66 56 56 40 40 38 26 26 15 12 12 7 7 7 5 5 4 4 4 3 3 2 1 1 1 
169 169 150 153 153 84 69 69 72 72 71 58 58 94 83 83 81 81 68 64 64 66 56 56 40 40 38 26 26 15 12 12 7 7 7 5 5 4 4 4 3 3 2 1 1 1 
217 217 200 218 218 218 198 198 114 114 93 57 57 60 87 87 77 77 73 76 76 62 50 50 45 45 35 27 27 20 11 11 12 12 18 4 4 3 3 3 3 3 2 1 1 1 
174 174 155 162 162 256 232 232 275 275 205 186 186 84 83 83 88 88 89 82 82 70 52 52 43 43 44 41 41 33 29 29 25 25 23 9 9 5 5 5 4 4 1 2 2 1 
174 174 155 162 162 256 232 232 275 275 205 186 186 84 83 83 88 88 89 82 82 70 52 52 43 43 44 41 41 33 29 29 25 25 23 9 9 5 5 5 4 4 1 2 2 1 
113 113 105 131 131 176 218 218 230 230 154 138 138 84 74 74 98 98 116 115 115 95 64 64 49 49 42 56 56 37 24 24 22 22 16 8 8 6 3 3 3 3 2 3 3 2 
113 113 105 131 131 176 218 218 230 230 154 138 138 84 74 74 98 98 116 115 115 95 64 64 49 49 42 56 56 37 24 24 22 22 16 8 8 6 3 3 3 3 2 3 3 2 
97 97 82 94 94 129 163 163 219 219 191 167 167 90 79 79 109 109 119 141 141 118 63 63 61 61 43 49 49 40 39 39 19 19 10 6 6 4 7 7 5 5 3 2 2 1 
70 70 76 95 95 99 118 118 138 138 155 176 176 108 74 74 106 106 98 119 119 111 88 88 75 75 56 56 56 50 45 45 30 30 18 6 6 11 9 9 2 2 1 1 1 3 
70 70 76 95 95 99 118 118 138 138 155 176 176 108 74 74 106 106 98 119 119 111 88 88 75 75 56 56 56 50 45 45 30 30 18 6 6 11 9 9 2 2 1 1 1 3 
52 52 64 70 70 90 103 103 118 118 149 194 194 206 113 113 92 92 110 131 131 131 103 103 111 111 86 101 101 95 60 60 39 39 27 12 12 7 9 9 4 4 6 2 2 4 
42 42 51 48 48 68 74 74 89 89 123 145 145 191 107 107 103 103 115 106 106 140 111 111 129 129 114 113 113 79 63 63 49 49 31 23 23 10 9 9 11 11 10 2 2 2 
42 42 51 48 48 68 74 74 89 89 123 145 145 191 107 107 103 103 115 106 106 140 111 111 129 129 114 113 113 79 63 63 49 49 31 23 23 10 9 9 11 11 10 2 2 2 
31 31 41 34 34 43 41 41 53 53 77 91 91 161 132 132 92 92 96 95 95 93 96 96 110 110 129 116 116 103 92 92 59 59 33 29 29 14 14 14 18 18 5 2 2 1 
31 31 41 34 34 43 41 41 53 53 77 91 91 161 132 132 92 92 96 95 95 93 96 96 110 110 129 116 116 103 92 92 59 59 33 29 29 14 14 14 18 18 5 2 2 1 
25 25 27 29 29 35 40 40 51 51 76 86 86 164 148 148 109 109 61 74 74 84 111 111 109 109 114 95 95 80 61 61 49 49 37 18 18 18 14 14 8 8 3 3 3 2 
24 24 23 31 31 35 38 38 51 51 59 92 92 122 127 127 118 118 66 83 83 93 126 126 103 103 101 84 84 69 59 59 45 45 24 19 19 16 11 11 10 10 5 4 4 1 
24 24 23 31 31 35 38 38 51 51 59 92 92 122 127 127 118 118 66 83 83 93 126 126 103 103 101 84 84 69 59 59 45 45 24 19 19 16 11 11 10 10 5 4 4 1 
36 36 37 39 39 39 43 43 55 55 66 92 92 82 94 94 115 115 95 60 60 96 87 87 82 82 95 78 78 54 35 35 29 29 28 25 25 18 16 16 9 9 3 2 2 1 
40 40 41 36 36 39 43 43 45 45 58 79 79 95 100 100 115 115 69 54 54 73 75 75 65 65 66 59 59 51 37 37 33 33 30 27 27 21 11 11 7 7 3 2 2 1 
40 40 41 36 36 39 43 43 45 45 58 79 79 95 100 100 115 115 69 54 54 73 75 75 65 65 66 59 59 51 37 37 33 33 30 27 27 21 11 11 7 7 3 2 2 1 
42 42 48 53 53 52 56 56 47 47 49 49 49 54 62 62 57 57 57 45 45 45 71 71 57 57 57 44 44 38 36 36 28 28 28 25 25 14 11 11 5 5 3 1 1 0 
42 42 48 53 53 52 56 56 47 47 49 49 49 54 62 62 57 57 57 45 45 45 71 71 57 57 57 44 44 38 36 36 28 28 28 25 25 14 11 11 5 5 3 1 1 0 
48 48 53 55 55 53 53 53 50 50 44 47 47 50 41 41 39 39 40 47 47 46 70 70 67 67 61 47 47 42 31 31 24 24 22 22 22 18 15 15 8 8 3 1 1 0 
54 54 51 58 58 56 53 53 50 50 52 45 45 44 46 46 39 39 41 42 42 47 62 62 56 56 51 47 47 41 29 29 19 19 19 22 22 16 10 10 7 7 3 0 0 1 
54 54 51 58 58 56 53 53 50 50 52 45 45 44 46 46 39 39 41 42 42 47 62 62 56 56 51 47 47 41 29 29 19 19 19 22 22 16 10 10 7 7 3 0 0 1 
55 55 56 61 61 65 63 63 63 63 57 51 51 42 41 41 36 36 36 38 38 38 51 51 49 49 50 47 47 36 28 28 21 21 20 21 21 12 8 8 7 7 2 2 2 2 
59 59 62 63 63 69 75 75 76 76 70 63 63 58 49 49 37 37 30 31 31 32 37 37 41 41 35 38 38 32 25 25 19 19 18 15 15 10 10 10 9 9 4 2 2 0 
59 59 62 63 63 69 75 75 76 76 70 63 63 58 49 49 37 37 30 31 31 32 37 37 41 41 35 38 38 32 25 25 19 19 18 15 15 10 10 10 9 9 4 2 2 0 
56 56 60 62 62 68 77 77 84 84 88 75 75 65 54 54 35 35 29 28 28 33 33 33 37 37 39 30 30 34 26 26 23 23 15 11 11 13 12 12 6 6 4 1 1 0 
56 56 60 62 62 68 77 77 84 84 88 75 75 65 54 54 35 35 29 28 28 33 33 33 37 37 39 30 30 34 26 26 23 23 15 11 11 13 12 12 6 6 4 1 1 0 
56 56 57 62 62 71 82 82 99 99 103 95 95 71 48 48 42 42 33 35 35 32 36 36 49 49 41 32 32 30 23 23 23 23 13 6 6 6 8 8 5 5 2 1 1 0 
53 53 55 64 64 77 89 89 101 101 110 103 103 86 59 59 39 39 33 26 26 26 25 25 41 41 34 32 32 24 25 25 19 19 11 10 10 4 6 6 2 2 1 0 0 0 
53 53 55 64 64 77 89 89 101 101 110 103 103 86 59 59 39 39 33 26 26 26 25 25 41 41 34 32 32 24 25 25 19 19 11 10 10 4 6 6 2 2 1 0 0 0 
43 43 47 51 51 64 73 73 81 81 86 103 103 99 81 81 43 43 30 26 26 21 24 24 24 24 31 30 30 28 23 23 16 16 10 9 9 5 4 4 2 2 1 0 0 0 
31 31 36 40 40 45 51 51 63 63 67 92 92 103 68 68 39 39 36 29 29 24 24 24 21 21 28 21 21 18 10 10 10 10 5 4 4 3 3 3 2 2 1 0 0 0 
31 31 36 40 40 45 51 51 63 63 67 92 92 103 68 68 39 39 36 29 29 24 24 24 21 21 28 21 21 18 10 10 10 10 5 4 4 3 3 3 2 2 1 0 0 0 
35 35 36 37 37 40 47 47 62 62 71 87 87 75 89 89 54 54 35 27 27 24 21 21 25 25 13 11 11 13 6 6 4 4 4 4 4 3 2 2 2 2 1 0 0 0 
35 35 36 37 37 40 47 47 62 62 71 87 87 75 89 89 54 54 35 27 27 24 21 21 25 25 13 11 11 13 6 6 4 4 4 4 4 3 2 2 2 2 1 0 0 0 
43 43 45 47 47 48 56 56 68 68 70 69 69 70 81 81 61 61 31 22 22 21 19 19 18 18 9 9 9 5 3 3 2 2 4 4 4 2 1 1 0 0 0 0 0 0 
41 41 43 51 51 56 56 56 56 56 56 58 58 73 76 76 23 23 24 19 19 19 17 17 16 16 10 9 9 8 6 6 4 4 3 2 2 2 1 1 1 1 1 0 0 0 
41 41 43 51 51 56 56 56 56 56 56 58 58 73 76 76 23 23 24 19 19 19 17 17 16 16 10 9 9 8 6 6 4 4 3 2 2 2 1 1 1 1 1 0 0 0 
36 36 40 43 43 54 58 58 54 54 54 64 64 51 29 29 19 19 17 16 16 15 12 12 10 10 7 7 7 10 8 8 5 5 2 2 2 1 1 1 2 2 0 0 0 0 
23 23 25 26 26 32 38 38 40 40 32 30 30 27 18 18 15 15 11 9 9 8 10 10 7 7 5 3 3 2 3 3 2 2 2 5 5 1 1 1 1 1 0 0 0 0 
23 23 25 26 26 32 38 38 40 40 32 30 30 27 18 18 15 15 11 9 9 8 10 10 7 7 5 3 3 2 3 3 2 2 2 5 5 1 1 1 1 1 0 0 0 0 
17 17 20 21 21 22 23 23 28 28 26 23 23 19 18 18 13 13 10 9 9 6 6 6 6 6 3 2 2 2 2 2 2 2 5 4 4 3 2 2 2 2 2 0 0 0 
17 17 20 21 21 22 23 23 28 28 26 23 23 19 18 18 13 13 10 9 9 6 6 6 6 6 3 2 2 2 2 2 2 2 5 4 4 3 2 2 2 2 2 0 0 0 
12 12 15 17 17 17 18 18 18 18 21 20 20 15 13 13 14 14 13 16 16 10 6 6 5 5 3 3 3 4 4 4 3 3 1 2 2 1 2 2 1 1 1 0 0 0 
9 9 8 10 10 10 9 9 9 9 12 15 15 14 10 10 14 14 21 16 16 7 8 8 4 4 3 3 3 3 4 4 3 3 3 4 4 1 0 0 1 1 1 0 0 0 
9 9 8 10 10 10 9 9 9 9 12 15 15 14 10 10 14 14 21 16 16 7 8 8 4 4 3 3 3 3 4 4 3 3 3 4 4 1 0 0 1 1 1 0 0 0 
6 6 6 7 7 8 7 7 7 7 7 7 7 9 10 10 19 19 14 11 11 7 10 10 12 12 3 2 2 3 3 3 3 3 2 1 1 1 0 0 0 0 0 0 0 0 
5 5 5 6 6 7 7 7 6 6 6 6 6 6 8 8 14 14 15 13 13 10 10 10 6 6 2 2 2 5 5 5 4 4 3 2 2 1 0 0 0 0 0 0 0 1 
