assets/RAT_results/precipitation/2024-05-03_IMERG.asc
ncols        46
nrows        77
xllcorner    74.800261325624
yllcorner    8.058333333333
cellsize     0.062500000000
NODATA_value -9999
0 0 0 0 0 0 0 0 0 0 0 0 0 1 0 0 1 1 2 3 3 6 8 8 8 8 10 11 11 7 9 9 15 15 16 13 13 9 12 12 12 12 8 3 3 2 
0 0 0 0 0 0 1 1 1 1 1 2 2 2 3 3 3 3 5 6 6 7 10 10 13 13 21 22 22 19 23 23 28 28 29 26 26 20 19 19 18 18 10 5 5 3 
0 0 0 0 0 0 1 1 1 1 1 2 2 2 3 3 3 3 5 6 6 7 10 10 13 13 21 22 22 19 23 23 28 28 29 26 26 20 19 19 18 18 10 5 5 3 
0 0 0 1 1 1 2 2 4 4 3 8 8 10 12 12 11 11 12 11 11 11 13 13 18 18 27 26 26 32 39 39 38 38 34 30 30 27 29 29 22 22 17 9 9 4 
1 1 1 1 1 4 5 5 8 8 13 17 17 21 23 23 25 25 26 22 22 20 18 18 24 24 29 31 31 41 43 43 40 40 36 33 33 29 27 27 22 22 19 15 15 7 
1 1 1 1 1 4 5 5 8 8 13 17 17 21 23 23 25 25 26 22 22 20 18 18 24 24 29 31 31 41 43 43 40 40 36 33 33 29 27 27 22 22 19 15 15 7 
1 1 2 2 2 5 8 8 16 16 22 25 25 26 28 28 26 26 29 31 31 33 29 29 32 32 32 31 31 36 40 40 39 39 34 29 29 26 24 24 21 21 22 17 17 10 
1 1 2 2 2 5 8 8 16 16 22 25 25 26 28 28 26 26 29 31 31 33 29 29 32 32 32 31 31 36 40 40 39 39 34 29 29 26 24 24 21 21 22 17 17 10 
2 2 4 5 5 11 14 14 18 18 21 22 22 29 32 32 34 34 31 35 35 36 37 37 38 38 35 33 33 37 43 43 40 40 33 30 30 30 26 26 23 23 21 16 16 13 
4 4 6 6 6 17 21 21 23 23 22 27 27 30 33 33 35 35 31 32 32 36 42 42 40 40 40 34 34 34 35 35 29 29 27 34 34 31 25 25 24 24 20 14 14 11 
4 4 6 6 6 17 21 21 23 23 22 27 27 30 33 33 35 35 31 32 32 36 42 42 40 40 40 34 34 34 35 35 29 29 27 34 34 31 25 25 24 24 20 14 14 11 
14 14 11 10 10 11 23 23 24 24 26 31 31 31 32 32 35 35 28 28 28 29 29 29 27 27 31 27 27 25 27 27 25 25 24 30 30 25 22 22 21 21 15 10 10 10 
17 17 8 10 10 9 22 22 25 25 28 32 32 26 31 31 33 33 25 29 29 32 35 35 34 34 34 27 27 22 27 27 27 27 25 23 23 20 17 17 21 21 12 9 9 6 
17 17 8 10 10 9 22 22 25 25 28 32 32 26 31 31 33 33 25 29 29 32 35 35 34 34 34 27 27 22 27 27 27 27 25 23 23 20 17 17 21 21 12 9 9 6 
17 17 15 11 11 12 21 21 24 24 26 26 26 28 29 29 29 29 28 26 26 32 40 40 36 36 36 32 32 31 33 33 32 32 26 21 21 18 16 16 18 18 16 8 8 4 
17 17 15 11 11 12 21 21 24 24 26 26 26 28 29 29 29 29 28 26 26 32 40 40 36 36 36 32 32 31 33 33 32 32 26 21 21 18 16 16 18 18 16 8 8 4 
8 8 11 11 11 11 22 22 23 23 25 23 23 21 21 21 22 22 22 20 20 23 28 28 27 27 31 31 31 34 34 34 33 33 25 20 20 17 17 17 66 66 23 7 7 3 
7 7 9 9 9 11 15 15 16 16 17 22 22 22 19 19 19 19 18 14 14 16 18 18 19 19 22 21 21 23 28 28 31 31 24 18 18 16 18 18 17 17 7 5 5 2 
7 7 9 9 9 11 15 15 16 16 17 22 22 22 19 19 19 19 18 14 14 16 18 18 19 19 22 21 21 23 28 28 31 31 24 18 18 16 18 18 17 17 7 5 5 2 
5 5 7 9 9 10 11 11 14 14 14 16 16 17 14 14 17 17 17 14 14 14 15 15 15 15 17 15 15 19 26 26 23 23 19 15 15 15 12 12 7 7 5 2 2 1 
4 4 6 8 8 9 12 12 12 12 13 15 15 15 11 11 12 12 13 14 14 14 13 13 12 12 12 11 11 12 14 14 14 14 13 11 11 8 7 7 5 5 3 1 1 0 
4 4 6 8 8 9 12 12 12 12 13 15 15 15 11 11 12 12 13 14 14 14 13 13 12 12 12 11 11 12 14 14 14 14 13 11 11 8 7 7 5 5 3 1 1 0 
3 3 4 5 5 6 9 9 10 10 11 11 11 12 9 9 9 9 9 10 10 10 10 10 10 10 9 11 11 10 9 9 8 8 7 6 6 5 4 4 3 3 1 1 1 0 
3 3 4 5 5 6 9 9 10 10 11 11 11 12 9 9 9 9 9 10 10 10 10 10 10 10 9 11 11 10 9 9 8 8 7 6 6 5 4 4 3 3 1 1 1 0 
2 2 3 4 4 5 6 6 8 8 9 9 9 11 11 11 8 8 8 8 8 9 9 9 9 9 9 7 7 7 6 6 6 6 6 5 5 4 3 3 2 2 1 0 0 0 
2 2 3 3 3 4 5 5 6 6 7 7 7 7 9 9 7 7 7 8 8 8 9 9 9 9 8 7 7 7 6 6 6 6 5 4 4 3 2 2 1 1 1 0 0 0 
2 2 3 3 3 4 5 5 6 6 7 7 7 7 9 9 7 7 7 8 8 8 9 9 9 9 8 7 7 7 6 6 6 6 5 4 4 3 2 2 1 1 1 0 0 0 
2 2 2 2 2 3 3 3 4 4 4 4 4 5 6 6 6 6 6 6 6 7 7 7 8 8 8 6 6 6 6 6 5 5 4 3 3 2 1 1 0 0 0 0 0 0 
1 1 1 1 1 2 2 2 2 2 2 3 3 3 4 4 4 4 4 5 5 5 6 6 6 6 6 5 5 5 4 4 4 4 3 2 2 1 0 0 0 0 0 0 0 0 
1 1 1 1 1 2 2 2 2 2 2 3 3 3 4 4 4 4 4 5 5 5 6 6 6 6 6 5 5 5 4 4 4 4 3 2 2 1 0 0 0 0 0 0 0 0 
1 1 1 1 1 1 1 1 1 1 1 1 1 2 2 2 3 3 3 3 3 4 4 4 5 5 5 4 4 3 3 3 3 3 2 1 1 0 0 0 0 0 0 0 0 0 
1 1 1 1 1 1 1 1 1 1 1 1 1 2 2 2 3 3 3 3 3 4 4 4 5 5 5 4 4 3 3 3 3 3 2 1 1 0 0 0 0 0 0 0 0 0 
1 1 1 1 1 1 1 1 1 1 1 1 1 1 2 2 2 2 2 2 2 3 4 4 4 4 5 3 3 3 2 2 2 2 2 1 1 0 0 0 0 0 0 0 0 0 
0 0 1 1 1 1 1 1 1 1 1 1 1 2 2 2 2 2 2 2 2 2 3 3 4 4 5 3 3 2 2 2 1 1 1 0 0 0 0 0 0 0 0 0 0 0 
0 0 1 1 1 1 1 1 1 1 1 1 1 2 2 2 2 2 2 2 2 2 3 3 4 4 5 3 3 2 2 2 1 1 1 0 0 0 0 0 0 0 0 0 0 0 
0 0 0 1 1 1 1 1 1 1 1 1 1 1 1 1 1 1 1 1 1 2 2 2 2 2 3 2 2 2 1 1 1 1 0 0 0 0 0 0 0 0 0 0 0 0 
0 0 0 1 1 1 1 1 1 1 1 1 1 1 2 2 2 2 2 1 1 1 1 1 2 2 2 2 2 2 1 1 0 0 0 0 0 0 0 0 0 0 0 0 0 0 
0 0 0 1 1 1 1 1 1 1 1 1 1 1 2 2 2 2 2 1 1 1 1 1 2 2 2 2 2 2 1 1 0 0 0 0 0 0 0 0 0 0 0 0 0 0 
0 0 0 0 0 0 1 1 1 1 1 1 1 1 1 1 1 1 2 1 1 1 1 1 1 1 2 4 4 4 3 3 1 1 0 1 1 1 0 0 0 0 1 1 1 2 
0 0 0 0 0 0 1 1 1 1 1 1 1 1 1 1 1 1 2 1 1 1 1 1 1 1 2 4 4 4 3 3 1 1 0 1 1 1 0 0 0 0 1 1 1 2 
0 0 0 0 0 0 1 1 1 1 1 1 1 1 1 1 1 1 1 1 1 1 1 1 1 1 1 2 2 4 5 5 3 3 1 2 2 1 0 0 1 1 2 4 4 5 
0 0 0 0 0 0 0 0 1 1 1 1 1 1 1 1 1 1 2 1 1 1 1 1 1 1 2 3 3 8 11 11 7 7 2 1 1 1 0 0 1 1 3 2 2 2 
0 0 0 0 0 0 0 0 1 1 1 1 1 1 1 1 1 1 2 1 1 1 1 1 1 1 2 3 3 8 11 11 7 7 2 1 1 1 0 0 1 1 3 2 2 2 
0 0 0 0 0 0 0 0 0 0 1 1 1 1 1 1 1 1 2 1 1 1 1 1 1 1 3 4 4 6 8 8 8 8 3 1 1 0 0 0 3 3 1 1 1 0 
0 0 0 0 0 0 0 0 0 0 1 0 0 1 1 1 1 1 1 2 2 1 1 1 2 2 4 5 5 6 6 6 7 7 5 1 1 0 2 2 1 1 1 0 0 0 
0 0 0 0 0 0 0 0 0 0 1 0 0 1 1 1 1 1 1 2 2 1 1 1 2 2 4 5 5 6 6 6 7 7 5 1 1 0 2 2 1 1 1 0 0 0 
0 0 0 0 0 0 0 0 0 0 0 0 0 1 1 1 1 1 1 1 1 1 1 1 2 2 3 4 4 4 4 4 2 2 1 0 0 0 1 1 1 1 0 0 0 0 
0 0 0 0 0 0 0 0 0 0 0 0 0 1 1 1 1 1 1 1 1 1 1 1 2 2 3 4 4 4 4 4 2 2 1 0 0 0 1 1 1 1 0 0 0 0 
0 0 0 0 0 0 0 0 0 0 1 0 0 1 1 1 1 1 1 1 1 1 2 2 2 2 2 3 3 3 2 2 1 1 0 0 0 0 0 0 0 0 0 0 0 0 
0 0 0 0 0 0 0 0 0 0 0 0 0 0 0 0 0 0 1 1 1 1 2 2 2 2 1 1 1 1 0 0 0 0 0 0 0 0 0 0 0 0 0 0 0 0 
0 0 0 0 0 0 0 0 0 0 0 0 0 0 0 0 0 0 1 1 1 1 2 2 2 2 1 1 1 1 0 0 0 0 0 0 0 0 0 0 0 0 0 0 0 0 
0 0 0 0 0 0 0 0 0 0 0 0 0 0 0 0 0 0 1 1 1 1 1 1 1 1 1 1 1 0 0 0 0 0 0 0 0 0 0 0 0 0 0 0 0 0 
0 0 0 0 0 0 0 0 0 0 0 0 0 0 0 0 0 0 1 1 1 1 1 1 1 1 0 0 0 0 0 0 0 0 0 0 0 0 1 1 1 1 0 0 0 0 
0 0 0 0 0 0 0 0 0 0 0 0 0 0 0 0 0 0 1 1 1 1 1 1 1 1 0 0 0 0 0 0 0 0 0 0 0 0 1 1 1 1 0 0 0 0 
0 0 0 0 0 0 0 0 0 0 0 0 0 0 0 0 0 0 0 1 1 1 1 1 0 0 0 0 0 0 0 0 0 0 0 0 0 0 1 1 2 2 0 0 0 0 
0 0 0 0 0 0 0 0 0 0 0 0 0 0 0 0 0 0 0 1 1 1 1 1 0 0 0 0 0 0 0 0 0 0 0 0 0 0 1 1 2 2 0 0 0 0 
0 0 0 0 0 0 0 0 0 0 0 0 0 0 0 0 0 0 0 1 1 1 1 1 1 1 1 1 1 1 1 1 1 1 0 0 0 0 1 1 2 2 0 0 0 0 
0 0 0 0 0 0 0 0 0 0 0 0 0 0 0 0 0 0 0 1 1 1 1 1 1 1 1 1 1 1 1 1 0 0 0 0 0 0 0 0 0 0 0 0 0 0 
0 0 0 0 0 0 0 0 0 0 0 0 0 0 0 0 0 0 0 1 1 1 1 1 1 1 1 1 1 1 1 1 0 0 0 0 0 0 0 0 0 0 0 0 0 0 
0 0 0 0 0 0 0 0 0 0 0 0 0 0 0 0 0 0 0 1 1 1 1 1 0 0 0 0 0 0 0 0 0 0 0 0 0 0 0 0 0 0 0 0 0 0 
0 0 0 0 0 0 0 0 0 0 0 0 0 0 0 0 0 0 0 0 0 1 1 1 0 0 0 0 0 0 0 0 0 0 0 0 0 0 0 0 0 0 0 0 0 0 
0 0 0 0 0 0 0 0 0 0 0 0 0 0 0 0 0 0 0 0 0 1 1 1 0 0 0 0 0 0 0 0 0 0 0 0 0 0 0 0 0 0 0 0 0 0 
0 0 0 0 0 0 0 0 1 1 0 0 0 0 0 0 0 0 0 0 0 0 0 0 0 0 0 0 0 0 0 0 0 0 0 0 0 0 0 0 0 0 0 0 0 0 
0 0 0 0 0 0 0 0 1 1 0 0 0 0 0 0 0 0 0 0 0 0 0 0 0 0 0 0 0 0 0 0 0 0 0 0 0 0 0 0 0 0 0 0 0 0 
0 0 0 0 0 0 0 0 0 0 1 0 0 1 0 0 0 0 0 0 0 0 0 0 0 0 0 1 1 0 0 0 0 0 0 0 0 0 0 0 0 0 0 0 0 0 
0 0 0 0 0 0 0 0 0 0 0 0 0 1 1 1 0 0 0 0 0 0 1 1 0 0 0 0 0 0 0 0 0 0 0 0 0 0 0 0 0 0 0 0 0 0 
0 0 0 0 0 0 0 0 0 0 0 0 0 1 1 1 0 0 0 0 0 0 1 1 0 0 0 0 0 0 0 0 0 0 0 0 0 0 0 0 0 0 0 0 0 0 
0 0 0 0 0 0 0 0 0 0 0 0 0 0 1 1 0 0 0 0 0 0 1 1 1 1 0 0 0 0 0 0 0 0 0 0 0 0 0 0 0 0 0 0 0 0 
0 0 0 0 0 0 0 0 0 0 0 0 0 0 0 0 0 0 0 1 1 0 0 0 0 0 1 0 0 0 0 0 0 0 0 0 0 0 0 0 0 0 0 0 0 0 
0 0 0 0 0 0 0 0 0 0 0 0 0 0 0 0 0 0 0 1 1 0 0 0 0 0 1 0 0 0 0 0 0 0 0 0 0 0 0 0 0 0 0 0 0 0 
0 0 0 0 0 0 0 0 0 0 0 0 0 0 0 0 0 0 0 1 1 0 0 0 0 0 1 0 0 0 0 0 0 0 0 0 0 0 0 0 0 0 0 0 0 0 
0 0 0 0 0 0 0 0 0 0 0 0 0 0 0 0 0 0 0 1 1 0 0 0 0 0 1 0 0 0 0 0 0 0 0 0 0 0 0 0 0 0 0 0 0 0 
0 0 0 0 0 0 0 0 0 0 0 0 0 0 0 0 0 0 0 1 1 0 0 0 0 0 0 0 0 0 0 0 0 0 0 0 0 0 0 0 0 0 0 0 0 0 
0 0 0 0 0 0 0 0 0 0 0 0 0 0 0 0 0 0 0 0 0 1 1 1 0 0 0 0 0 0 0 0 0 0 0 0 0 0 0 0 0 0 0 0 0 0 
0 0 0 0 0 0 0 0 0 0 0 0 0 0 0 0 0 0 0 0 0 1 1 1 0 0 0 0 0 0 0 0 0 0 0 0 0 0 0 0 0 0 0 0 0 0 
1 1 1 0 0 0 0 0 0 0 0 0 0 0 0 0 0 0 0 0 0 1 0 0 0 0 0 0 0 0 0 0 0 0 0 0 0 0 0 0 0 0 0 0 0 0 
0 0 0 0 0 0 0 0 0 0 0 0 0 0 0 0 0 0 0 0 0 0 0 0 0 0 0 0 0 0 0 0 0 0 0 0 0 0 0 0 0 0 0 0 0 0 
