assets/RAT_results/precipitation/2024-12-12_IMERG.asc
ncols        46
nrows        77
xllcorner    74.800261325624
yllcorner    8.058333333333
cellsize     0.062500000000
NODATA_value -9999
2 2 2 2 2 2 2 2 4 4 5 5 5 6 7 7 7 7 6 6 6 6 5 5 4 4 5 5 5 5 6 6 5 5 4 4 4 4 4 4 5 5 5 5 5 6 
1 1 1 2 2 2 2 2 3 3 3 5 5 6 6 6 6 6 5 5 5 4 4 4 6 6 6 4 4 5 4 4 4 4 4 3 3 4 4 4 4 4 4 5 5 6 
1 1 1 2 2 2 2 2 3 3 3 5 5 6 6 6 6 6 5 5 5 4 4 4 6 6 6 4 4 5 4 4 4 4 4 3 3 4 4 4 4 4 4 5 5 6 
1 1 1 2 2 2 1 1 2 2 4 6 6 7 7 7 7 7 6 6 6 6 5 5 5 5 5 5 5 6 6 6 5 5 6 5 5 5 6 6 6 6 5 6 6 7 
1 1 2 2 2 2 2 2 3 3 4 4 4 4 4 4 5 5 4 4 4 4 4 4 5 5 6 5 5 6 6 6 6 6 7 7 7 7 7 7 8 8 7 8 8 10 
1 1 2 2 2 2 2 2 3 3 4 4 4 4 4 4 5 5 4 4 4 4 4 4 5 5 6 5 5 6 6 6 6 6 7 7 7 7 7 7 8 8 7 8 8 10 
1 1 1 2 2 2 2 2 2 2 3 3 3 4 4 4 5 5 5 4 4 4 4 4 4 4 4 4 4 6 5 5 6 6 7 8 8 8 8 8 8 8 9 10 10 11 
1 1 1 2 2 2 2 2 2 2 3 3 3 4 4 4 5 5 5 4 4 4 4 4 4 4 4 4 4 6 5 5 6 6 7 8 8 8 8 8 8 8 9 10 10 11 
1 1 1 2 2 2 3 3 3 3 2 3 3 4 5 5 6 6 7 5 5 5 5 5 4 4 4 3 3 4 5 5 6 6 7 8 8 9 9 9 11 11 12 12 12 12 
1 1 2 2 2 2 3 3 3 3 3 3 3 4 6 6 6 6 6 5 5 4 3 3 2 2 3 3 3 3 5 5 6 6 6 7 7 7 7 7 8 8 7 7 7 6 
1 1 2 2 2 2 3 3 3 3 3 3 3 4 6 6 6 6 6 5 5 4 3 3 2 2 3 3 3 3 5 5 6 6 6 7 7 7 7 7 8 8 7 7 7 6 
1 1 2 1 1 2 2 2 2 2 3 4 4 5 6 6 7 7 7 6 6 4 2 2 1 1 1 2 2 2 2 2 3 3 3 4 4 4 4 4 4 4 4 4 4 6 
4 4 4 3 3 3 3 3 3 3 4 5 5 5 5 5 7 7 8 8 8 5 3 3 2 2 2 2 2 2 2 2 3 3 4 5 5 5 6 6 7 7 7 8 8 9 
4 4 4 3 3 3 3 3 3 3 4 5 5 5 5 5 7 7 8 8 8 5 3 3 2 2 2 2 2 2 2 2 3 3 4 5 5 5 6 6 7 7 7 8 8 9 
3 3 3 3 3 3 2 2 2 2 3 4 4 4 6 6 8 8 9 8 8 6 4 4 2 2 2 2 2 3 3 3 4 4 5 7 7 8 9 9 10 10 12 13 13 13 
3 3 3 3 3 3 2 2 2 2 3 4 4 4 6 6 8 8 9 8 8 6 4 4 2 2 2 2 2 3 3 3 4 4 5 7 7 8 9 9 10 10 12 13 13 13 
2 2 1 1 1 2 2 2 2 2 2 4 4 5 4 4 5 5 5 6 6 5 4 4 4 4 3 4 4 5 6 6 7 7 9 10 10 11 13 13 14 14 15 17 17 19 
1 1 1 1 1 2 3 3 3 3 4 4 4 5 5 5 5 5 6 5 5 5 5 5 5 5 6 7 7 9 11 11 14 14 16 16 16 16 17 17 18 18 19 19 19 19 
1 1 1 1 1 2 3 3 3 3 4 4 4 5 5 5 5 5 6 5 5 5 5 5 5 5 6 7 7 9 11 11 14 14 16 16 16 16 17 17 18 18 19 19 19 19 
1 1 1 2 2 2 3 3 4 4 5 5 5 5 6 6 6 6 6 6 6 6 4 4 4 4 4 6 6 9 12 12 14 14 15 15 15 16 17 17 16 16 15 15 15 16 
1 1 2 3 3 4 6 6 8 8 9 8 8 10 9 9 9 9 9 10 10 11 10 10 10 10 10 11 11 12 13 13 13 13 13 14 14 14 14 14 12 12 11 11 11 13 
1 1 2 3 3 4 6 6 8 8 9 8 8 10 9 9 9 9 9 10 10 11 10 10 10 10 10 11 11 12 13 13 13 13 13 14 14 14 14 14 12 12 11 11 11 13 
2 2 2 4 4 8 11 11 13 13 17 16 16 14 11 11 12 12 14 15 15 14 12 12 15 15 15 13 13 13 13 13 13 13 13 16 16 15 14 14 13 13 13 13 13 16 
2 2 2 4 4 8 11 11 13 13 17 16 16 14 11 11 12 12 14 15 15 14 12 12 15 15 15 13 13 13 13 13 13 13 13 16 16 15 14 14 13 13 13 13 13 16 
3 3 3 4 4 11 17 17 19 19 30 38 38 27 19 19 18 18 17 17 17 15 16 16 21 21 18 14 14 14 13 13 13 13 12 12 12 11 10 10 10 10 9 10 10 12 
4 4 5 7 7 14 19 19 29 29 33 35 35 31 27 27 22 22 23 23 23 21 22 22 23 23 24 16 16 13 12 12 13 13 12 12 12 10 8 8 9 9 9 9 9 10 
4 4 5 7 7 14 19 19 29 29 33 35 35 31 27 27 22 22 23 23 23 21 22 22 23 23 24 16 16 13 12 12 13 13 12 12 12 10 8 8 9 9 9 9 9 10 
5 5 6 7 7 10 11 11 12 12 16 18 18 22 21 21 18 18 20 20 20 19 19 19 20 20 19 18 18 17 16 16 15 15 14 13 13 14 10 10 9 9 10 10 10 9 
6 6 7 7 7 8 8 8 11 11 18 19 19 16 16 16 13 13 16 18 18 19 22 22 21 21 21 23 23 20 20 20 16 16 14 12 12 14 10 10 10 10 12 13 13 13 
6 6 7 7 7 8 8 8 11 11 18 19 19 16 16 16 13 13 16 18 18 19 22 22 21 21 21 23 23 20 20 20 16 16 14 12 12 14 10 10 10 10 12 13 13 13 
6 6 7 8 8 7 8 8 9 9 12 18 18 18 17 17 16 16 17 19 19 21 23 23 26 26 27 29 29 26 27 27 24 24 19 17 17 18 13 13 16 16 23 20 20 23 
6 6 7 8 8 7 8 8 9 9 12 18 18 18 17 17 16 16 17 19 19 21 23 23 26 26 27 29 29 26 27 27 24 24 19 17 17 18 13 13 16 16 23 20 20 23 
5 5 6 6 6 7 8 8 9 9 11 11 11 12 12 12 14 14 19 20 20 21 25 25 28 28 29 31 31 26 26 26 22 22 16 15 15 19 20 20 24 24 29 30 30 33 
5 5 7 7 7 8 10 10 11 11 12 13 13 13 13 13 15 15 21 24 24 26 27 27 29 29 30 31 31 31 26 26 18 18 17 18 18 23 41 41 49 49 54 56 56 47 
5 5 7 7 7 8 10 10 11 11 12 13 13 13 13 13 15 15 21 24 24 26 27 27 29 29 30 31 31 31 26 26 18 18 17 18 18 23 41 41 49 49 54 56 56 47 
6 6 6 7 7 8 9 9 11 11 13 14 14 15 15 15 16 16 25 33 33 33 34 34 31 31 31 31 31 25 22 22 17 17 16 18 18 28 43 43 56 56 57 52 52 47 
4 4 5 6 6 6 7 7 9 9 11 12 12 15 16 16 17 17 27 33 33 37 38 38 41 41 40 39 39 36 33 33 28 28 29 34 34 37 58 58 69 69 62 56 56 44 
4 4 5 6 6 6 7 7 9 9 11 12 12 15 16 16 17 17 27 33 33 37 38 38 41 41 40 39 39 36 33 33 28 28 29 34 34 37 58 58 69 69 62 56 56 44 
4 4 5 6 6 10 12 12 15 15 16 18 18 20 22 22 30 30 33 35 35 35 38 38 44 44 45 45 45 45 47 47 40 40 37 45 45 50 63 63 59 59 60 60 60 48 
4 4 5 6 6 10 12 12 15 15 16 18 18 20 22 22 30 30 33 35 35 35 38 38 44 44 45 45 45 45 47 47 40 40 37 45 45 50 63 63 59 59 60 60 60 48 
4 4 5 6 6 9 13 13 16 16 19 21 21 23 26 26 32 32 35 38 38 42 36 36 42 42 51 48 48 47 48 48 37 37 34 29 29 42 47 47 67 67 62 59 59 47 
6 6 7 8 8 10 15 15 17 17 20 24 24 27 34 34 42 42 46 45 45 47 40 40 44 44 49 42 42 43 44 44 34 34 26 24 24 36 40 40 56 56 56 51 51 44 
6 6 7 8 8 10 15 15 17 17 20 24 24 27 34 34 42 42 46 45 45 47 40 40 44 44 49 42 42 43 44 44 34 34 26 24 24 36 40 40 56 56 56 51 51 44 
5 5 7 8 8 12 16 16 18 18 21 25 25 29 35 35 38 38 46 51 51 51 40 40 43 43 45 40 40 36 44 44 41 41 27 26 26 31 38 38 62 62 64 49 49 42 
5 5 6 8 8 10 14 14 17 17 19 22 22 26 31 31 36 36 44 51 51 52 45 45 46 46 49 43 43 49 43 43 37 37 35 42 42 35 50 50 73 73 102 73 73 68 
5 5 6 8 8 10 14 14 17 17 19 22 22 26 31 31 36 36 44 51 51 52 45 45 46 46 49 43 43 49 43 43 37 37 35 42 42 35 50 50 73 73 102 73 73 68 
6 6 7 9 9 12 14 14 18 18 18 19 19 22 27 27 29 29 35 40 40 40 42 42 37 37 39 49 49 54 58 58 59 59 67 72 72 72 77 77 85 85 78 68 68 62 
6 6 7 9 9 12 14 14 18 18 18 19 19 22 27 27 29 29 35 40 40 40 42 42 37 37 39 49 49 54 58 58 59 59 67 72 72 72 77 77 85 85 78 68 68 62 
6 6 7 9 9 12 15 15 18 18 18 18 18 21 26 26 28 28 33 37 37 37 40 40 38 38 45 49 49 58 66 66 75 75 91 93 93 89 91 91 92 92 76 74 74 69 
13 13 18 20 20 25 27 27 33 33 32 29 29 29 28 28 27 27 31 33 33 37 43 43 43 43 51 54 54 66 73 73 78 78 96 113 113 111 111 111 110 110 96 96 96 78 
13 13 18 20 20 25 27 27 33 33 32 29 29 29 28 28 27 27 31 33 33 37 43 43 43 43 51 54 54 66 73 73 78 78 96 113 113 111 111 111 110 110 96 96 96 78 
12 12 16 18 18 21 26 26 29 29 31 29 29 28 27 27 29 29 31 37 37 49 55 55 50 50 56 61 61 71 89 89 108 108 123 131 131 129 124 124 120 120 114 111 111 89 
14 14 14 15 15 16 22 22 19 19 22 19 19 15 19 19 25 25 30 38 38 48 63 63 59 59 63 76 76 82 106 106 120 120 143 142 142 133 131 131 130 130 113 109 109 99 
14 14 14 15 15 16 22 22 19 19 22 19 19 15 19 19 25 25 30 38 38 48 63 63 59 59 63 76 76 82 106 106 120 120 143 142 142 133 131 131 130 130 113 109 109 99 
5 5 5 6 6 5 5 5 6 6 7 10 10 12 14 14 21 21 27 34 34 44 57 57 63 63 68 82 82 97 117 117 128 128 150 150 150 137 132 132 139 139 136 137 137 136 
5 5 5 6 6 5 5 5 6 6 7 10 10 12 14 14 21 21 27 34 34 44 57 57 63 63 68 82 82 97 117 117 128 128 150 150 150 137 132 132 139 139 136 137 137 136 
4 4 5 5 5 7 6 6 8 8 9 12 12 16 19 19 22 22 27 34 34 43 58 58 66 66 75 82 82 102 132 132 156 156 183 177 177 136 134 134 149 149 163 145 145 149 
5 5 6 7 7 9 11 11 12 12 13 17 17 23 26 26 32 32 37 37 37 41 56 56 99 99 80 88 88 103 118 118 150 150 180 194 194 167 160 160 180 180 172 154 154 149 
5 5 6 7 7 9 11 11 12 12 13 17 17 23 26 26 32 32 37 37 37 41 56 56 99 99 80 88 88 103 118 118 150 150 180 194 194 167 160 160 180 180 172 154 154 149 
6 6 7 8 8 10 12 12 12 12 14 17 17 23 26 26 32 32 37 39 39 44 60 60 83 83 92 97 97 119 143 143 172 172 207 257 257 228 224 224 227 227 213 193 193 164 
6 6 6 7 7 8 9 9 9 9 11 14 14 18 20 20 31 31 33 40 40 47 56 56 72 72 120 94 94 119 146 146 176 176 195 248 248 292 256 256 262 262 234 186 186 162 
6 6 6 7 7 8 9 9 9 9 11 14 14 18 20 20 31 31 33 40 40 47 56 56 72 72 120 94 94 119 146 146 176 176 195 248 248 292 256 256 262 262 234 186 186 162 
7 7 8 9 9 11 11 11 13 13 14 17 17 20 22 22 25 25 31 38 38 48 50 50 69 69 85 103 103 127 162 162 189 189 206 263 263 290 301 301 286 286 251 184 184 153 
7 7 8 9 9 11 11 11 13 13 14 17 17 20 22 22 25 25 31 38 38 48 50 50 69 69 85 103 103 127 162 162 189 189 206 263 263 290 301 301 286 286 251 184 184 153 
6 6 7 9 9 12 14 14 17 17 19 21 21 22 26 26 30 30 34 39 39 41 45 45 66 66 85 132 132 110 131 131 155 155 179 223 223 228 232 232 241 241 208 155 155 123 
4 4 6 9 9 12 15 15 23 23 25 29 29 31 35 35 40 40 27 28 28 30 41 41 56 56 77 81 81 97 106 106 115 115 126 194 194 253 246 246 234 234 188 170 170 130 
4 4 6 9 9 12 15 15 23 23 25 29 29 31 35 35 40 40 27 28 28 30 41 41 56 56 77 81 81 97 106 106 115 115 126 194 194 253 246 246 234 234 188 170 170 130 
7 7 9 11 11 11 13 13 17 17 23 28 28 28 31 31 16 16 18 23 23 27 45 45 58 58 77 77 77 104 111 111 110 110 101 116 116 145 146 146 151 151 110 102 102 85 
8 8 9 9 9 11 14 14 16 16 22 24 24 20 22 22 17 17 21 30 30 28 43 43 52 52 74 70 70 73 99 99 84 84 81 82 82 91 83 83 105 105 88 79 79 77 
8 8 9 9 9 11 14 14 16 16 22 24 24 20 22 22 17 17 21 30 30 28 43 43 52 52 74 70 70 73 99 99 84 84 81 82 82 91 83 83 105 105 88 79 79 77 
9 9 8 9 9 9 10 10 10 10 13 14 14 17 19 19 16 16 19 26 26 33 49 49 57 57 57 45 45 47 44 44 78 78 76 64 64 69 51 51 48 48 37 25 25 23 
9 9 8 9 9 9 10 10 10 10 13 14 14 17 19 19 16 16 19 26 26 33 49 49 57 57 57 45 45 47 44 44 78 78 76 64 64 69 51 51 48 48 37 25 25 23 
6 6 6 9 9 10 10 10 10 10 13 14 14 18 18 18 22 22 24 27 27 33 32 32 22 22 52 38 38 38 32 32 38 38 43 35 35 38 30 30 17 17 15 14 14 14 
4 4 5 8 8 8 8 8 8 8 9 10 10 13 14 14 15 15 16 25 25 30 28 28 9 9 12 7 7 9 9 9 7 7 6 8 8 9 12 12 9 9 8 5 5 3 
4 4 5 8 8 8 8 8 8 8 9 10 10 13 14 14 15 15 16 25 25 30 28 28 9 9 12 7 7 9 9 9 7 7 6 8 8 9 12 12 9 9 8 5 5 3 
4 4 4 5 5 5 5 5 4 4 4 5 5 10 13 13 12 12 12 11 11 8 8 8 3 3 3 5 5 3 3 3 2 2 2 1 1 2 2 2 2 2 2 2 2 1 
2 2 2 3 3 3 4 4 3 3 3 4 4 4 5 5 6 6 7 7 7 5 6 6 2 2 1 2 2 2 3 3 3 3 1 1 1 1 1 1 2 2 3 1 1 2 
