assets/RAT_results/precipitation/2024-01-06_IMERG.asc
ncols        46
nrows        77
xllcorner    74.800261325624
yllcorner    8.058333333333
cellsize     0.062500000000
NODATA_value -9999
0 0 1 0 0 0 2 2 1 1 5 14 14 22 14 14 5 5 2 4 4 5 3 3 3 3 4 2 2 0 0 0 0 0 0 0 0 0 0 0 0 0 0 0 0 0 
0 0 1 0 0 0 3 3 11 11 15 25 25 23 14 14 3 3 1 3 3 5 4 4 3 3 2 1 1 0 0 0 0 0 0 0 0 0 0 0 0 0 0 0 0 0 
0 0 1 0 0 0 3 3 11 11 15 25 25 23 14 14 3 3 1 3 3 5 4 4 3 3 2 1 1 0 0 0 0 0 0 0 0 0 0 0 0 0 0 0 0 0 
7 7 2 0 0 0 1 1 8 8 8 16 16 16 8 8 2 2 2 3 3 4 3 3 3 3 2 1 1 0 0 0 0 0 0 0 0 0 0 0 0 0 0 0 0 0 
4 4 1 0 0 1 2 2 3 3 3 4 4 6 5 5 2 2 1 0 0 0 2 2 2 2 3 1 1 0 0 0 0 0 0 0 0 0 0 0 0 0 0 0 0 0 
4 4 1 0 0 1 2 2 3 3 3 4 4 6 5 5 2 2 1 0 0 0 2 2 2 2 3 1 1 0 0 0 0 0 0 0 0 0 0 0 0 0 0 0 0 0 
4 4 3 0 0 1 1 1 3 3 4 3 3 4 2 2 1 1 0 0 0 0 2 2 5 5 8 0 0 0 0 0 0 0 0 0 0 0 0 0 0 0 0 0 0 0 
4 4 3 0 0 1 1 1 3 3 4 3 3 4 2 2 1 1 0 0 0 0 2 2 5 5 8 0 0 0 0 0 0 0 0 0 0 0 0 0 0 0 0 0 0 0 
1 1 3 0 0 0 1 1 4 4 9 6 6 3 1 1 0 0 0 0 0 0 2 2 6 6 7 3 3 0 0 0 0 0 0 0 0 0 0 0 0 0 0 0 0 0 
2 2 2 0 0 0 0 0 2 2 5 5 5 3 1 1 0 0 0 0 0 0 6 6 9 9 5 3 3 0 0 0 0 0 0 0 0 0 0 0 0 0 0 1 1 0 
2 2 2 0 0 0 0 0 2 2 5 5 5 3 1 1 0 0 0 0 0 0 6 6 9 9 5 3 3 0 0 0 0 0 0 0 0 0 0 0 0 0 0 1 1 0 
1 1 1 1 1 0 0 0 1 1 2 3 3 2 1 1 0 0 0 0 0 2 8 8 8 8 4 2 2 0 0 0 0 0 0 0 0 0 0 0 0 0 0 0 0 0 
1 1 0 0 0 0 0 0 1 1 1 2 2 2 4 4 1 1 1 1 1 2 6 6 10 10 6 3 3 0 0 0 0 0 0 0 0 0 0 0 0 0 0 0 0 0 
1 1 0 0 0 0 0 0 1 1 1 2 2 2 4 4 1 1 1 1 1 2 6 6 10 10 6 3 3 0 0 0 0 0 0 0 0 0 0 0 0 0 0 0 0 0 
1 1 1 0 0 0 0 0 0 0 1 2 2 4 5 5 4 4 4 2 2 7 9 9 14 14 15 4 4 0 0 0 0 0 0 0 0 0 0 0 0 0 0 0 0 0 
1 1 1 0 0 0 0 0 0 0 1 2 2 4 5 5 4 4 4 2 2 7 9 9 14 14 15 4 4 0 0 0 0 0 0 0 0 0 0 0 0 0 0 0 0 0 
1 1 1 1 1 1 0 0 0 0 0 1 1 8 23 23 20 20 13 11 11 15 13 13 10 10 11 2 2 0 0 0 0 0 0 0 0 0 0 0 0 0 0 0 0 0 
0 0 1 1 1 1 1 1 0 0 0 6 6 8 21 21 14 14 14 9 9 9 12 12 4 4 2 1 1 0 0 0 0 0 0 0 0 0 0 0 0 0 0 0 0 0 
0 0 1 1 1 1 1 1 0 0 0 6 6 8 21 21 14 14 14 9 9 9 12 12 4 4 2 1 1 0 0 0 0 0 0 0 0 0 0 0 0 0 0 0 0 0 
0 0 1 1 1 1 1 1 1 1 0 0 0 1 8 8 5 5 6 7 7 6 6 6 0 0 1 0 0 0 0 0 0 0 0 0 0 0 0 0 0 0 0 0 0 0 
0 0 0 0 0 0 0 0 1 1 0 0 0 0 6 6 1 1 3 4 4 2 1 1 0 0 0 0 0 0 0 0 0 0 0 0 0 0 0 0 0 0 0 0 0 0 
0 0 0 0 0 0 0 0 1 1 0 0 0 0 6 6 1 1 3 4 4 2 1 1 0 0 0 0 0 0 0 0 0 0 0 0 0 0 0 0 0 0 0 0 0 0 
0 0 0 0 0 1 0 0 0 0 0 1 1 1 1 1 1 1 1 2 2 1 0 0 0 0 0 0 0 0 0 0 0 0 0 0 0 0 0 0 0 0 0 0 0 0 
0 0 0 0 0 1 0 0 0 0 0 1 1 1 1 1 1 1 1 2 2 1 0 0 0 0 0 0 0 0 0 0 0 0 0 0 0 0 0 0 0 0 0 0 0 0 
0 0 0 1 1 1 2 2 2 2 2 1 1 1 1 1 1 1 0 0 0 0 0 0 0 0 0 0 0 0 0 0 1 1 0 0 0 0 0 0 0 0 0 0 0 0 
1 1 0 1 1 2 3 3 4 4 6 2 2 0 0 0 0 0 0 0 0 0 0 0 0 0 0 0 0 0 0 0 0 0 0 0 0 0 0 0 0 0 0 0 0 0 
1 1 0 1 1 2 3 3 4 4 6 2 2 0 0 0 0 0 0 0 0 0 0 0 0 0 0 0 0 0 0 0 0 0 0 0 0 0 0 0 0 0 0 0 0 0 
1 1 0 0 0 1 3 3 6 6 8 4 4 1 0 0 0 0 1 0 0 0 0 0 0 0 0 0 0 0 0 0 0 0 0 0 0 0 0 0 0 0 0 0 0 0 
1 1 0 0 0 0 2 2 5 5 7 7 7 2 1 1 1 1 1 1 1 1 1 1 0 0 0 0 0 0 0 0 0 0 0 0 0 0 0 0 0 0 0 0 0 0 
1 1 0 0 0 0 2 2 5 5 7 7 7 2 1 1 1 1 1 1 1 1 1 1 0 0 0 0 0 0 0 0 0 0 0 0 0 0 0 0 0 0 0 0 0 0 
1 1 0 0 0 0 0 0 1 1 2 5 5 4 2 2 1 1 1 1 1 2 2 2 1 1 0 0 0 0 0 0 0 0 0 0 0 0 0 0 0 0 0 0 0 0 
1 1 0 0 0 0 0 0 1 1 2 5 5 4 2 2 1 1 1 1 1 2 2 2 1 1 0 0 0 0 0 0 0 0 0 0 0 0 0 0 0 0 0 0 0 0 
1 1 0 0 0 0 0 0 0 0 0 2 2 2 1 1 1 1 1 3 3 5 5 5 3 3 1 0 0 0 0 0 0 0 0 0 0 0 0 0 0 0 0 0 0 0 
1 1 1 1 1 0 0 0 0 0 0 1 1 1 1 1 1 1 2 5 5 11 11 11 7 7 2 0 0 0 0 0 0 0 0 0 0 0 0 0 0 0 0 0 0 0 
1 1 1 1 1 0 0 0 0 0 0 1 1 1 1 1 1 1 2 5 5 11 11 11 7 7 2 0 0 0 0 0 0 0 0 0 0 0 0 0 0 0 0 0 0 0 
1 1 1 1 1 0 0 0 0 0 1 1 1 1 1 1 1 1 3 8 8 18 19 19 13 13 5 1 1 0 0 0 0 0 0 0 0 0 0 0 0 0 0 0 0 0 
1 1 1 0 0 0 0 0 0 0 1 1 1 1 2 2 1 1 3 11 11 19 22 22 16 16 8 3 3 0 0 0 0 0 0 0 0 0 0 0 0 0 0 1 1 0 
1 1 1 0 0 0 0 0 0 0 1 1 1 1 2 2 1 1 3 11 11 19 22 22 16 16 8 3 3 0 0 0 0 0 0 0 0 0 0 0 0 0 0 1 1 0 
0 0 1 0 0 0 0 0 0 0 1 1 1 2 2 2 2 2 3 11 11 21 25 25 22 22 13 5 5 1 0 0 0 0 0 0 0 1 2 2 0 0 1 2 2 2 
0 0 1 0 0 0 0 0 0 0 1 1 1 2 2 2 2 2 3 11 11 21 25 25 22 22 13 5 5 1 0 0 0 0 0 0 0 1 2 2 0 0 1 2 2 2 
1 1 1 1 1 0 0 0 0 0 1 1 1 1 1 1 1 1 2 7 7 20 28 28 28 28 17 6 6 1 0 0 0 0 0 0 0 1 1 1 0 0 2 7 7 7 
1 1 1 0 0 0 0 0 1 1 1 1 1 1 1 1 1 1 2 4 4 15 29 29 32 32 23 10 10 1 0 0 0 0 1 1 1 0 3 3 3 3 2 6 6 4 
1 1 1 0 0 0 0 0 1 1 1 1 1 1 1 1 1 1 2 4 4 15 29 29 32 32 23 10 10 1 0 0 0 0 1 1 1 0 3 3 3 3 2 6 6 4 
1 1 0 0 0 0 1 1 1 1 1 1 1 1 1 1 1 1 1 2 2 9 26 26 32 32 27 12 12 1 0 0 0 0 2 1 1 8 4 4 4 4 5 6 6 1 
1 1 0 1 1 1 3 3 1 1 0 0 0 1 1 1 1 1 1 1 1 4 17 17 22 22 22 11 11 1 0 0 0 0 2 8 8 8 7 7 8 8 2 2 2 6 
1 1 0 1 1 1 3 3 1 1 0 0 0 1 1 1 1 1 1 1 1 4 17 17 22 22 22 11 11 1 0 0 0 0 2 8 8 8 7 7 8 8 2 2 2 6 
1 1 1 0 0 1 3 3 2 2 0 0 0 1 1 1 1 1 1 1 1 2 5 5 13 13 17 12 12 2 0 0 2 2 2 8 8 9 9 9 11 11 4 3 3 2 
1 1 1 0 0 1 3 3 2 2 0 0 0 1 1 1 1 1 1 1 1 2 5 5 13 13 17 12 12 2 0 0 2 2 2 8 8 9 9 9 11 11 4 3 3 2 
1 1 1 0 0 0 1 1 1 1 1 1 1 1 1 1 1 1 1 1 1 1 2 2 5 5 14 9 9 1 0 0 0 0 0 8 8 9 9 9 5 5 4 5 5 5 
1 1 1 0 0 0 1 1 1 1 1 1 1 1 1 1 1 1 1 1 1 1 0 0 1 1 4 2 2 0 0 0 0 0 0 7 7 7 7 7 4 4 5 6 6 8 
1 1 1 0 0 0 1 1 1 1 1 1 1 1 1 1 1 1 1 1 1 1 0 0 1 1 4 2 2 0 0 0 0 0 0 7 7 7 7 7 4 4 5 6 6 8 
8 8 0 0 0 0 0 0 1 1 1 1 1 1 1 1 1 1 1 1 1 1 0 0 0 0 0 0 0 0 0 0 0 0 0 1 1 1 6 6 4 4 6 6 6 6 
3 3 0 0 0 0 0 0 0 0 0 1 1 1 1 1 1 1 1 1 1 1 0 0 0 0 0 0 0 0 0 0 0 0 0 0 0 0 1 1 1 1 2 4 4 9 
3 3 0 0 0 0 0 0 0 0 0 1 1 1 1 1 1 1 1 1 1 1 0 0 0 0 0 0 0 0 0 0 0 0 0 0 0 0 1 1 1 1 2 4 4 9 
8 8 2 1 1 0 0 0 0 0 1 1 1 2 2 2 2 2 2 1 1 1 0 0 0 0 0 0 0 0 0 0 0 0 0 0 0 0 0 0 0 0 1 3 3 12 
8 8 2 1 1 0 0 0 0 0 1 1 1 2 2 2 2 2 2 1 1 1 0 0 0 0 0 0 0 0 0 0 0 0 0 0 0 0 0 0 0 0 1 3 3 12 
4 4 2 1 1 0 0 0 0 0 1 2 2 3 3 3 3 3 3 2 2 1 0 0 0 0 0 0 0 0 0 0 0 0 0 0 0 0 0 0 0 0 1 3 3 10 
1 1 0 0 0 0 0 0 0 0 1 3 3 4 4 4 5 5 5 4 4 2 1 1 0 0 0 0 0 0 0 0 0 0 0 0 0 0 1 1 0 0 1 1 1 2 
1 1 0 0 0 0 0 0 0 0 1 3 3 4 4 4 5 5 5 4 4 2 1 1 0 0 0 0 0 0 0 0 0 0 0 0 0 0 1 1 0 0 1 1 1 2 
1 1 1 1 1 1 1 1 0 0 1 1 1 2 2 2 5 5 10 12 12 8 4 4 2 2 0 0 0 0 0 0 0 0 0 0 0 0 0 0 0 0 0 0 0 0 
1 1 1 0 0 1 1 1 1 1 1 1 1 1 2 2 7 7 13 21 21 20 11 11 5 5 1 0 0 0 0 0 0 0 0 0 0 0 0 0 0 0 0 0 0 0 
1 1 1 0 0 1 1 1 1 1 1 1 1 1 2 2 7 7 13 21 21 20 11 11 5 5 1 0 0 0 0 0 0 0 0 0 0 0 0 0 0 0 0 0 0 0 
2 2 1 0 0 0 0 0 0 0 0 1 1 1 2 2 7 7 14 24 24 32 23 23 10 10 2 0 0 0 0 0 0 0 1 1 1 1 1 1 0 0 0 0 0 0 
2 2 1 0 0 0 0 0 0 0 0 1 1 1 2 2 7 7 14 24 24 32 23 23 10 10 2 0 0 0 0 0 0 0 1 1 1 1 1 1 0 0 0 0 0 0 
3 3 1 0 0 0 0 0 0 0 0 0 0 1 2 2 5 5 11 21 21 29 27 27 16 16 4 1 1 0 0 0 1 1 1 2 2 2 2 2 1 1 0 0 0 0 
2 2 1 1 1 0 0 0 0 0 0 0 0 1 1 1 3 3 6 13 13 19 24 24 21 21 9 2 2 1 1 1 5 5 3 3 3 3 2 2 1 1 2 2 2 1 
2 2 1 1 1 0 0 0 0 0 0 0 0 1 1 1 3 3 6 13 13 19 24 24 21 21 9 2 2 1 1 1 5 5 3 3 3 3 2 2 1 1 2 2 2 1 
3 3 1 1 1 0 0 0 0 0 0 0 0 1 1 1 2 2 3 6 6 12 15 15 18 18 8 2 2 1 1 1 9 9 5 2 2 2 1 1 1 1 1 3 3 2 
3 3 2 2 2 2 3 3 0 0 1 1 1 1 2 2 2 2 2 2 2 4 4 4 5 5 5 4 4 2 1 1 6 6 9 3 3 1 0 0 1 1 1 1 1 4 
3 3 2 2 2 2 3 3 0 0 1 1 1 1 2 2 2 2 2 2 2 4 4 4 5 5 5 4 4 2 1 1 6 6 9 3 3 1 0 0 1 1 1 1 1 4 
10 10 11 6 6 10 2 2 1 1 2 1 1 1 2 2 2 2 2 2 2 1 1 1 1 1 3 9 9 8 2 2 2 2 9 4 4 2 1 1 0 0 1 1 1 4 
10 10 11 6 6 10 2 2 1 1 2 1 1 1 2 2 2 2 2 2 2 1 1 1 1 1 3 9 9 8 2 2 2 2 9 4 4 2 1 1 0 0 1 1 1 4 
18 18 17 10 10 12 9 9 2 2 2 2 2 2 2 2 2 2 3 2 2 1 1 1 1 1 2 8 8 9 3 3 1 1 5 7 7 2 1 1 1 1 1 2 2 4 
17 17 13 12 12 12 6 6 8 8 7 3 3 3 3 3 2 2 1 2 2 1 1 1 1 1 1 3 3 4 2 2 1 1 4 4 4 0 0 0 1 1 2 3 3 5 
17 17 13 12 12 12 6 6 8 8 7 3 3 3 3 3 2 2 1 2 2 1 1 1 1 1 1 3 3 4 2 2 1 1 4 4 4 0 0 0 1 1 2 3 3 5 
12 12 13 12 12 3 3 3 6 6 5 4 4 4 4 4 2 2 2 2 2 1 1 1 2 2 2 3 3 1 1 1 4 4 6 3 3 3 0 0 0 0 1 2 2 5 
12 12 7 6 6 0 1 1 7 7 5 4 4 5 6 6 4 4 3 2 2 1 1 1 1 1 3 4 4 3 2 2 3 3 5 6 6 4 2 2 2 2 1 2 2 3 
