assets/RAT_results/precipitation/2024-05-21_IMERG.asc
ncols        46
nrows        77
xllcorner    74.800261325624
yllcorner    8.058333333333
cellsize     0.062500000000
NODATA_value -9999
47 47 52 47 47 37 36 36 36 36 28 23 23 26 22 22 17 17 15 21 21 23 26 26 28 28 33 38 38 43 53 53 61 61 57 48 48 19 15 15 9 9 9 4 4 7 
52 52 54 53 53 46 42 42 38 38 35 34 34 33 27 27 26 26 23 29 29 27 27 27 27 27 28 34 34 35 50 50 47 47 37 39 39 36 13 13 8 8 7 9 9 15 
52 52 54 53 53 46 42 42 38 38 35 34 34 33 27 27 26 26 23 29 29 27 27 27 27 27 28 34 34 35 50 50 47 47 37 39 39 36 13 13 8 8 7 9 9 15 
45 45 45 51 51 49 48 48 49 49 51 50 50 44 32 32 29 29 26 25 25 25 21 21 19 19 22 28 28 24 26 26 30 30 27 24 24 18 22 22 26 26 20 13 13 26 
36 36 37 46 46 47 50 50 54 54 61 50 50 37 30 30 24 24 20 22 22 24 20 20 15 15 15 18 18 21 17 17 17 17 20 17 17 14 11 11 20 20 14 18 18 14 
36 36 37 46 46 47 50 50 54 54 61 50 50 37 30 30 24 24 20 22 22 24 20 20 15 15 15 18 18 21 17 17 17 17 20 17 17 14 11 11 20 20 14 18 18 14 
30 30 31 38 38 46 45 45 46 46 44 35 35 28 26 26 20 20 20 20 20 22 19 19 14 14 11 10 10 12 13 13 14 14 16 16 16 21 17 17 22 22 20 20 20 16 
30 30 31 38 38 46 45 45 46 46 44 35 35 28 26 26 20 20 20 20 20 22 19 19 14 14 11 10 10 12 13 13 14 14 16 16 16 21 17 17 22 22 20 20 20 16 
14 14 40 40 40 40 37 37 37 37 34 27 27 31 23 23 21 21 21 21 21 24 23 23 16 16 11 9 9 11 12 12 15 15 15 14 14 17 22 22 23 23 48 51 51 44 
13 13 38 44 44 44 38 38 30 30 29 29 29 30 20 20 19 19 18 20 20 24 23 23 19 19 15 11 11 13 15 15 17 17 16 17 17 18 22 22 24 24 56 60 60 65 
13 13 38 44 44 44 38 38 30 30 29 29 29 30 20 20 19 19 18 20 20 24 23 23 19 19 15 11 11 13 15 15 17 17 16 17 17 18 22 22 24 24 56 60 60 65 
17 17 38 38 38 33 32 32 25 25 21 22 22 20 17 17 17 17 14 17 17 19 18 18 15 15 12 11 11 13 15 15 16 16 18 19 19 19 20 20 22 22 23 48 48 48 
62 62 59 58 58 29 28 28 22 22 18 16 16 13 11 11 10 10 11 13 13 14 13 13 11 11 12 13 13 16 18 18 17 17 17 17 17 18 19 19 19 19 20 60 60 45 
62 62 59 58 58 29 28 28 22 22 18 16 16 13 11 11 10 10 11 13 13 14 13 13 11 11 12 13 13 16 18 18 17 17 17 17 17 18 19 19 19 19 20 60 60 45 
56 56 61 64 64 29 25 25 19 19 15 13 13 10 10 10 8 8 9 11 11 13 14 14 16 16 18 18 18 18 19 19 18 18 15 14 14 15 16 16 16 16 17 18 18 28 
56 56 61 64 64 29 25 25 19 19 15 13 13 10 10 10 8 8 9 11 11 13 14 14 16 16 18 18 18 18 19 19 18 18 15 14 14 15 16 16 16 16 17 18 18 28 
78 78 81 54 54 28 27 27 18 18 18 17 17 16 13 13 10 10 11 14 14 17 20 20 23 23 23 19 19 16 19 19 21 21 15 13 13 10 12 12 13 13 12 13 13 18 
52 52 46 20 20 13 16 16 21 21 20 15 15 18 21 21 17 17 15 16 16 15 22 22 19 19 18 19 19 13 15 15 17 17 18 11 11 8 8 8 8 8 9 10 10 20 
52 52 46 20 20 13 16 16 21 21 20 15 15 18 21 21 17 17 15 16 16 15 22 22 19 19 18 19 19 13 15 15 17 17 18 11 11 8 8 8 8 8 9 10 10 20 
53 53 47 24 24 12 10 10 12 12 9 11 11 12 16 16 17 17 21 17 17 13 16 16 13 13 17 18 18 15 15 15 13 13 10 13 13 11 8 8 8 8 9 10 10 13 
30 30 18 16 16 11 9 9 6 6 2 9 9 11 20 20 21 21 18 13 13 13 12 12 13 13 14 17 17 14 12 12 10 10 9 10 10 10 8 8 9 9 9 9 9 12 
30 30 18 16 16 11 9 9 6 6 2 9 9 11 20 20 21 21 18 13 13 13 12 12 13 13 14 17 17 14 12 12 10 10 9 10 10 10 8 8 9 9 9 9 9 12 
24 24 11 10 10 52 52 52 39 39 8 8 8 8 11 11 8 8 6 4 4 4 7 7 7 7 10 11 11 8 8 8 8 8 9 8 8 7 7 7 7 7 7 6 6 8 
24 24 11 10 10 52 52 52 39 39 8 8 8 8 11 11 8 8 6 4 4 4 7 7 7 7 10 11 11 8 8 8 8 8 9 8 8 7 7 7 7 7 7 6 6 8 
39 39 34 43 43 56 57 57 45 45 14 12 12 6 6 6 7 7 3 1 1 2 1 1 2 2 2 3 3 7 9 9 10 10 16 13 13 9 5 5 5 5 4 4 4 5 
42 42 36 51 51 59 56 56 45 45 14 12 12 9 8 8 6 6 1 1 1 2 1 1 8 8 8 5 5 10 15 15 17 17 12 8 8 6 6 6 6 6 5 4 4 3 
42 42 36 51 51 59 56 56 45 45 14 12 12 9 8 8 6 6 1 1 1 2 1 1 8 8 8 5 5 10 15 15 17 17 12 8 8 6 6 6 6 6 5 4 4 3 
40 40 41 59 59 64 75 75 83 83 78 34 34 9 9 9 6 6 10 8 8 8 9 9 10 10 11 26 26 23 15 15 12 12 16 9 9 8 8 8 11 11 8 4 4 3 
208 208 71 73 73 75 82 82 89 89 86 68 68 63 13 13 10 10 10 9 9 10 22 22 23 23 24 28 28 19 14 14 15 15 32 21 21 23 15 15 7 7 3 2 2 5 
208 208 71 73 73 75 82 82 89 89 86 68 68 63 13 13 10 10 10 9 9 10 22 22 23 23 24 28 28 19 14 14 15 15 32 21 21 23 15 15 7 7 3 2 2 5 
213 213 74 450 450 461 445 445 432 432 446 71 71 64 16 16 21 21 22 20 20 24 25 25 25 25 33 38 38 27 30 30 31 31 34 27 27 33 27 27 11 11 3 3 3 7 
213 213 74 450 450 461 445 445 432 432 446 71 71 64 16 16 21 21 22 20 20 24 25 25 25 25 33 38 38 27 30 30 31 31 34 27 27 33 27 27 11 11 3 3 3 7 
84 84 445 447 447 453 451 451 67 67 74 77 77 61 30 30 27 27 27 28 28 29 32 32 33 33 34 39 39 29 47 47 49 49 45 46 46 35 29 29 13 13 3 11 11 11 
84 84 72 71 71 70 72 72 69 69 78 79 79 383 73 73 69 69 34 34 34 35 41 41 59 59 37 42 42 42 47 47 51 51 51 46 46 51 48 48 37 37 15 10 10 11 
84 84 72 71 71 70 72 72 69 69 78 79 79 383 73 73 69 69 34 34 34 35 41 41 59 59 37 42 42 42 47 47 51 51 51 46 46 51 48 48 37 37 15 10 10 11 
52 52 69 71 71 67 53 53 46 46 58 55 55 400 83 83 77 77 42 38 38 55 69 69 66 66 45 47 47 51 56 56 53 53 53 45 45 50 43 43 46 46 42 43 43 18 
47 47 52 53 53 54 58 58 53 53 79 66 66 124 126 126 65 65 48 45 45 59 50 50 44 44 51 54 54 59 59 59 61 61 53 49 49 48 40 40 48 48 48 50 50 19 
47 47 52 53 53 54 58 58 53 53 79 66 66 124 126 126 65 65 48 45 45 59 50 50 44 44 51 54 54 59 59 59 61 61 53 49 49 48 40 40 48 48 48 50 50 19 
60 60 63 56 56 58 79 79 81 81 83 73 73 134 47 47 56 56 55 49 49 53 51 51 44 44 44 43 43 57 61 61 57 57 49 42 42 39 37 37 55 55 52 34 34 18 
60 60 63 56 56 58 79 79 81 81 83 73 73 134 47 47 56 56 55 49 49 53 51 51 44 44 44 43 43 57 61 61 57 57 49 42 42 39 37 37 55 55 52 34 34 18 
68 68 62 62 62 62 83 83 63 63 72 73 73 70 65 65 71 71 72 53 53 48 50 50 46 46 38 35 35 49 45 45 52 52 32 34 34 32 35 35 53 53 29 18 18 11 
61 61 58 59 59 63 70 70 75 75 83 85 85 84 84 84 68 68 56 58 58 58 48 48 34 34 17 16 16 35 34 34 44 44 28 16 16 23 26 26 27 27 19 13 13 5 
61 61 58 59 59 63 70 70 75 75 83 85 85 84 84 84 68 68 56 58 58 58 48 48 34 34 17 16 16 35 34 34 44 44 28 16 16 23 26 26 27 27 19 13 13 5 
64 64 63 63 63 75 68 68 77 77 92 92 92 96 90 90 89 89 64 61 61 54 41 41 30 30 14 12 12 5 17 17 25 25 13 14 14 21 20 20 10 10 6 6 6 3 
77 77 73 72 72 79 74 74 84 84 110 112 112 144 141 141 135 135 76 54 54 55 27 27 25 25 17 8 8 5 18 18 23 23 6 9 9 11 8 8 8 8 7 2 2 2 
77 77 73 72 72 79 74 74 84 84 110 112 112 144 141 141 135 135 76 54 54 55 27 27 25 25 17 8 8 5 18 18 23 23 6 9 9 11 8 8 8 8 7 2 2 2 
116 116 90 83 83 94 93 93 103 103 106 110 110 146 107 107 92 92 72 64 64 52 34 34 21 21 19 12 12 5 7 7 7 7 8 11 11 6 3 3 4 4 3 5 5 4 
116 116 90 83 83 94 93 93 103 103 106 110 110 146 107 107 92 92 72 64 64 52 34 34 21 21 19 12 12 5 7 7 7 7 8 11 11 6 3 3 4 4 3 5 5 4 
131 131 104 92 92 96 88 88 82 82 90 103 103 108 105 105 93 93 83 77 77 53 50 50 30 30 20 16 16 7 7 7 5 5 4 4 4 4 4 4 5 5 7 13 13 12 
105 105 107 112 112 97 85 85 86 86 84 103 103 125 120 120 118 118 78 74 74 49 46 46 36 36 30 19 19 14 6 6 7 7 2 3 3 3 3 3 5 5 4 5 5 4 
105 105 107 112 112 97 85 85 86 86 84 103 103 125 120 120 118 118 78 74 74 49 46 46 36 36 30 19 19 14 6 6 7 7 2 3 3 3 3 3 5 5 4 5 5 4 
100 100 108 117 117 99 80 80 82 82 76 91 91 125 116 116 118 118 115 79 79 89 105 105 51 51 47 30 30 22 5 5 5 5 6 2 2 2 2 2 1 1 1 1 1 4 
65 65 94 95 95 86 83 83 79 79 82 109 109 111 108 108 130 130 130 127 127 117 76 76 45 45 44 29 29 21 7 7 6 6 5 1 1 1 2 2 2 2 0 1 1 3 
65 65 94 95 95 86 83 83 79 79 82 109 109 111 108 108 130 130 130 127 127 117 76 76 45 45 44 29 29 21 7 7 6 6 5 1 1 1 2 2 2 2 0 1 1 3 
52 52 59 65 65 67 65 65 69 69 70 88 88 98 124 124 142 142 131 125 125 125 70 70 59 59 60 40 40 32 11 11 8 8 5 3 3 7 5 5 2 2 3 1 1 0 
52 52 59 65 65 67 65 65 69 69 70 88 88 98 124 124 142 142 131 125 125 125 70 70 59 59 60 40 40 32 11 11 8 8 5 3 3 7 5 5 2 2 3 1 1 0 
42 42 43 47 47 64 63 63 67 67 69 92 92 108 114 114 100 100 92 155 155 120 77 77 74 74 49 44 44 38 13 13 9 9 2 4 4 7 5 5 0 0 0 0 0 0 
36 36 36 45 45 47 50 50 49 49 54 64 64 100 117 117 121 121 128 162 162 129 117 117 160 160 60 51 51 42 25 25 9 9 10 4 4 6 11 11 8 8 0 0 0 0 
36 36 36 45 45 47 50 50 49 49 54 64 64 100 117 117 121 121 128 162 162 129 117 117 160 160 60 51 51 42 25 25 9 9 10 4 4 6 11 11 8 8 0 0 0 0 
29 29 31 31 31 35 42 42 60 60 72 95 95 99 122 122 179 179 221 106 106 142 159 159 207 207 52 62 62 47 33 33 12 12 7 7 7 7 0 0 13 13 5 5 5 2 
29 29 31 31 31 34 41 41 61 61 73 106 106 109 134 134 143 143 204 87 87 99 102 102 150 150 63 65 65 47 37 37 20 20 15 9 9 15 9 9 10 10 15 9 9 6 
29 29 31 31 31 34 41 41 61 61 73 106 106 109 134 134 143 143 204 87 87 99 102 102 150 150 63 65 65 47 37 37 20 20 15 9 9 15 9 9 10 10 15 9 9 6 
27 27 26 50 50 57 65 65 67 67 78 109 109 106 132 132 146 146 186 124 124 106 95 95 155 155 68 61 61 36 34 34 17 17 11 8 8 11 10 10 10 10 15 9 9 5 
27 27 26 50 50 57 65 65 67 67 78 109 109 106 132 132 146 146 186 124 124 106 95 95 155 155 68 61 61 36 34 34 17 17 11 8 8 11 10 10 10 10 15 9 9 5 
25 25 50 52 52 65 72 72 82 82 106 92 92 106 131 131 125 125 161 123 123 108 122 122 106 106 73 34 34 29 41 41 24 24 8 8 8 7 10 10 11 11 6 4 4 3 
33 33 64 58 58 70 87 87 90 90 107 84 84 109 109 109 112 112 120 90 90 81 64 64 45 45 32 35 35 38 31 31 21 21 15 8 8 10 4 4 5 5 5 6 6 3 
33 33 64 58 58 70 87 87 90 90 107 84 84 109 109 109 112 112 120 90 90 81 64 64 45 45 32 35 35 38 31 31 21 21 15 8 8 10 4 4 5 5 5 6 6 3 
40 40 63 68 68 72 79 79 86 86 86 74 74 87 63 63 59 59 61 49 49 47 50 50 34 34 26 23 23 21 27 27 20 20 16 6 6 8 4 4 1 1 1 0 0 0 
34 34 43 46 46 72 78 78 81 81 80 95 95 65 55 55 45 45 47 39 39 32 37 37 25 25 24 22 22 17 23 23 26 26 18 12 12 13 1 1 1 1 2 4 4 6 
34 34 43 46 46 72 78 78 81 81 80 95 95 65 55 55 45 45 47 39 39 32 37 37 25 25 24 22 22 17 23 23 26 26 18 12 12 13 1 1 1 1 2 4 4 6 
36 36 38 46 46 54 61 61 64 64 64 80 80 53 37 37 30 30 30 32 32 31 31 31 29 29 24 21 21 15 17 17 19 19 15 10 10 16 4 4 1 1 1 5 5 8 
36 36 38 46 46 54 61 61 64 64 64 80 80 53 37 37 30 30 30 32 32 31 31 31 29 29 24 21 21 15 17 17 19 19 15 10 10 16 4 4 1 1 1 5 5 8 
32 32 37 41 41 46 53 53 50 50 46 46 46 40 29 29 27 27 29 35 35 34 31 31 37 37 37 31 31 24 18 18 18 18 19 17 17 18 5 5 21 21 2 4 4 4 
35 35 37 40 40 41 43 43 39 39 35 32 32 29 27 27 27 27 35 36 36 42 37 37 43 43 69 66 66 32 26 26 19 19 25 21 21 35 30 30 25 25 3 4 4 5 
35 35 37 40 40 41 43 43 39 39 35 32 32 29 27 27 27 27 35 36 36 42 37 37 43 43 69 66 66 32 26 26 19 19 25 21 21 35 30 30 25 25 3 4 4 5 
38 38 38 37 37 38 38 38 36 36 29 27 27 27 27 27 30 30 33 35 35 38 34 34 33 33 63 65 65 95 116 116 21 21 28 23 23 44 71 71 53 53 23 10 10 8 
42 42 40 38 38 35 35 35 35 35 33 30 30 27 25 25 23 23 24 22 22 25 27 27 28 28 32 43 43 47 118 118 23 23 22 37 37 104 107 107 65 65 31 64 64 21 
