assets/RAT_results/precipitation/2024-11-13_IMERG.asc
ncols        46
nrows        77
xllcorner    74.800261325624
yllcorner    8.058333333333
cellsize     0.062500000000
NODATA_value -9999
11 11 6 5 5 4 2 2 1 1 1 1 1 1 1 1 3 3 4 4 4 3 2 2 1 1 1 2 2 2 2 2 1 1 0 0 0 0 1 1 0 0 0 0 0 0 
12 12 9 8 8 6 3 3 2 2 2 1 1 1 0 0 0 0 2 2 2 2 3 3 1 1 0 0 0 1 1 1 2 2 1 0 0 0 1 1 0 0 1 0 0 0 
12 12 9 8 8 6 3 3 2 2 2 1 1 1 0 0 0 0 2 2 2 2 3 3 1 1 0 0 0 1 1 1 2 2 1 0 0 0 1 1 0 0 1 0 0 0 
17 17 19 13 13 13 6 6 5 5 3 2 2 1 0 0 0 0 0 1 1 0 1 1 0 0 0 1 1 2 2 2 1 1 1 0 0 0 0 0 0 0 1 0 0 1 
44 44 15 13 13 8 4 4 2 2 1 0 0 0 0 0 0 0 0 0 0 0 0 0 0 0 0 1 1 2 2 2 1 1 1 0 0 0 0 0 0 0 1 0 0 0 
44 44 15 13 13 8 4 4 2 2 1 0 0 0 0 0 0 0 0 0 0 0 0 0 0 0 0 1 1 2 2 2 1 1 1 0 0 0 0 0 0 0 1 0 0 0 
27 27 16 3 3 2 1 1 0 0 0 0 0 0 0 0 0 0 0 0 0 0 1 1 0 0 0 0 0 1 1 1 1 1 1 1 1 0 0 0 0 0 1 1 1 0 
27 27 16 3 3 2 1 1 0 0 0 0 0 0 0 0 0 0 0 0 0 0 1 1 0 0 0 0 0 1 1 1 1 1 1 1 1 0 0 0 0 0 1 1 1 0 
21 21 12 3 3 1 0 0 0 0 0 0 0 0 0 0 0 0 0 0 0 0 0 0 0 0 0 0 0 0 1 1 1 1 1 1 1 0 0 0 0 0 1 1 1 0 
10 10 7 3 3 2 0 0 0 0 0 0 0 0 0 0 0 0 0 0 0 0 0 0 0 0 0 0 0 0 1 1 1 1 1 1 1 1 1 1 0 0 2 1 1 2 
10 10 7 3 3 2 0 0 0 0 0 0 0 0 0 0 0 0 0 0 0 0 0 0 0 0 0 0 0 0 1 1 1 1 1 1 1 1 1 1 0 0 2 1 1 2 
9 9 7 5 5 2 1 1 1 1 0 0 0 0 0 0 0 0 0 0 0 0 0 0 1 1 0 0 0 0 0 0 0 0 1 1 1 1 1 1 0 0 2 2 2 2 
7 7 6 3 3 1 1 1 1 1 1 1 1 1 0 0 1 1 1 1 1 0 0 0 0 0 0 0 0 1 0 0 0 0 1 1 1 1 1 1 1 1 2 2 2 2 
7 7 6 3 3 1 1 1 1 1 1 1 1 1 0 0 1 1 1 1 1 0 0 0 0 0 0 0 0 1 0 0 0 0 1 1 1 1 1 1 1 1 2 2 2 2 
5 5 2 1 1 1 1 1 1 1 0 1 1 1 1 1 2 2 1 0 0 0 0 0 0 0 0 0 0 1 0 0 0 0 0 0 0 0 0 0 1 1 1 1 1 2 
5 5 2 1 1 1 1 1 1 1 0 1 1 1 1 1 2 2 1 0 0 0 0 0 0 0 0 0 0 1 0 0 0 0 0 0 0 0 0 0 1 1 1 1 1 2 
9 9 5 3 3 2 1 1 1 1 1 1 1 1 1 1 1 1 1 1 1 0 0 0 0 0 0 0 0 1 1 1 1 1 1 0 0 0 0 0 0 0 1 2 2 2 
13 13 11 5 5 3 2 2 1 1 2 2 2 2 1 1 1 1 0 1 1 0 0 0 0 0 0 1 1 1 2 2 1 1 1 0 0 1 0 0 1 1 1 1 1 1 
13 13 11 5 5 3 2 2 1 1 2 2 2 2 1 1 1 1 0 1 1 0 0 0 0 0 0 1 1 1 2 2 1 1 1 0 0 1 0 0 1 1 1 1 1 1 
21 21 14 17 17 12 9 9 4 4 3 4 4 2 1 1 1 1 0 0 0 1 0 0 0 0 1 1 1 2 3 3 4 4 2 1 1 1 0 0 1 1 1 1 1 1 
16 16 11 11 11 16 7 7 4 4 3 3 3 3 3 3 2 2 1 0 0 0 0 0 0 0 0 2 2 3 3 3 3 3 2 1 1 1 1 1 1 1 1 0 0 1 
16 16 11 11 11 16 7 7 4 4 3 3 3 3 3 3 2 2 1 0 0 0 0 0 0 0 0 2 2 3 3 3 3 3 2 1 1 1 1 1 1 1 1 0 0 1 
11 11 10 8 8 7 5 5 3 3 4 3 3 4 3 3 2 2 2 3 3 1 1 1 0 0 1 2 2 1 1 1 1 1 0 1 1 2 2 2 2 2 2 1 1 1 
11 11 10 8 8 7 5 5 3 3 4 3 3 4 3 3 2 2 2 3 3 1 1 1 0 0 1 2 2 1 1 1 1 1 0 1 1 2 2 2 2 2 2 1 1 1 
6 6 4 2 2 3 2 2 2 2 2 2 2 3 2 2 2 2 2 3 3 3 3 3 4 4 4 2 2 3 1 1 0 0 0 1 1 2 3 3 3 3 3 2 2 2 
3 3 3 2 2 1 2 2 2 2 2 1 1 1 1 1 1 1 2 1 1 1 1 1 1 1 2 3 3 3 5 5 1 1 2 2 2 3 3 3 5 5 5 5 5 6 
3 3 3 2 2 1 2 2 2 2 2 1 1 1 1 1 1 1 2 1 1 1 1 1 1 1 2 3 3 3 5 5 1 1 2 2 2 3 3 3 5 5 5 5 5 6 
1 1 1 2 2 1 1 1 1 1 1 1 1 1 2 2 1 1 1 1 1 1 1 1 2 2 3 2 2 3 1 1 2 2 1 3 3 3 6 6 6 6 10 8 8 9 
1 1 1 1 1 1 1 1 0 0 1 1 1 1 1 1 0 0 0 0 0 0 0 0 0 0 1 2 2 2 1 1 1 1 1 3 3 4 6 6 10 10 16 12 12 10 
1 1 1 1 1 1 1 1 0 0 1 1 1 1 1 1 0 0 0 0 0 0 0 0 0 0 1 2 2 2 1 1 1 1 1 3 3 4 6 6 10 10 16 12 12 10 
2 2 2 2 2 2 0 0 0 0 0 0 0 0 0 0 0 0 1 1 1 0 0 0 0 0 1 2 2 2 1 1 2 2 2 3 3 5 7 7 10 10 10 12 12 14 
2 2 2 2 2 2 0 0 0 0 0 0 0 0 0 0 0 0 1 1 1 0 0 0 0 0 1 2 2 2 1 1 2 2 2 3 3 5 7 7 10 10 10 12 12 14 
5 5 4 5 5 3 1 1 0 0 0 0 0 0 0 0 0 0 1 1 1 1 1 1 0 0 1 2 2 1 0 0 1 1 1 2 2 2 4 4 7 7 10 11 11 14 
8 8 12 11 11 7 2 2 2 2 1 1 1 0 0 0 0 0 2 2 2 1 1 1 0 0 1 1 1 1 0 0 1 1 1 2 2 2 3 3 6 6 7 10 10 10 
8 8 12 11 11 7 2 2 2 2 1 1 1 0 0 0 0 0 2 2 2 1 1 1 0 0 1 1 1 1 0 0 1 1 1 2 2 2 3 3 6 6 7 10 10 10 
13 13 16 22 22 22 12 12 7 7 5 3 3 2 2 2 2 2 4 4 4 2 1 1 0 0 1 1 1 2 1 1 1 1 1 1 1 2 3 3 2 2 2 2 2 3 
19 19 22 21 21 28 30 30 17 17 10 6 6 5 4 4 3 3 3 4 4 4 3 3 0 0 0 0 0 1 1 1 0 0 0 1 1 2 2 2 1 1 1 1 1 1 
19 19 22 21 21 28 30 30 17 17 10 6 6 5 4 4 3 3 3 4 4 4 3 3 0 0 0 0 0 1 1 1 0 0 0 1 1 2 2 2 1 1 1 1 1 1 
15 15 20 21 21 28 41 41 43 43 41 35 35 28 21 21 19 19 16 11 11 5 3 3 0 0 0 1 1 2 1 1 0 0 1 2 2 2 1 1 0 0 1 1 1 1 
15 15 20 21 21 28 41 41 43 43 41 35 35 28 21 21 19 19 16 11 11 5 3 3 0 0 0 1 1 2 1 1 0 0 1 2 2 2 1 1 0 0 1 1 1 1 
17 17 23 22 22 31 50 50 54 54 68 65 65 55 42 42 33 33 34 13 13 7 4 4 2 2 0 0 0 1 1 1 0 0 0 1 1 1 0 0 0 0 0 0 0 0 
5 5 5 8 8 23 43 43 56 56 94 104 104 82 68 68 50 50 63 48 48 29 17 17 5 5 4 2 2 0 1 1 0 0 1 1 1 1 1 1 1 1 0 0 0 0 
5 5 5 8 8 23 43 43 56 56 94 104 104 82 68 68 50 50 63 48 48 29 17 17 5 5 4 2 2 0 1 1 0 0 1 1 1 1 1 1 1 1 0 0 0 0 
3 3 3 4 4 12 20 20 38 38 61 63 63 79 67 67 65 65 74 74 74 34 16 16 8 8 3 1 1 1 1 1 1 1 3 2 2 2 1 1 2 2 1 0 0 1 
2 2 2 3 3 4 15 15 42 42 53 78 78 99 62 62 64 64 71 70 70 64 15 15 7 7 3 1 1 1 1 1 1 1 1 2 2 1 0 0 0 0 0 0 0 1 
2 2 2 3 3 4 15 15 42 42 53 78 78 99 62 62 64 64 71 70 70 64 15 15 7 7 3 1 1 1 1 1 1 1 1 2 2 1 0 0 0 0 0 0 0 1 
1 1 1 2 2 2 5 5 16 16 28 40 40 55 45 45 41 41 54 50 50 43 39 39 23 23 14 5 5 1 1 1 1 1 0 0 0 0 0 0 1 1 2 2 2 4 
1 1 1 2 2 2 5 5 16 16 28 40 40 55 45 45 41 41 54 50 50 43 39 39 23 23 14 5 5 1 1 1 1 1 0 0 0 0 0 0 1 1 2 2 2 4 
1 1 1 1 1 1 2 2 6 6 12 16 16 27 28 28 30 30 42 36 36 34 28 28 24 24 17 11 11 6 6 6 1 1 0 0 0 0 1 1 2 2 4 5 5 8 
0 0 0 1 1 1 2 2 5 5 9 12 12 19 23 23 29 29 37 34 34 31 27 27 29 29 30 12 12 5 5 5 0 0 1 0 0 0 1 1 4 4 6 9 9 13 
0 0 0 1 1 1 2 2 5 5 9 12 12 19 23 23 29 29 37 34 34 31 27 27 29 29 30 12 12 5 5 5 0 0 1 0 0 0 1 1 4 4 6 9 9 13 
0 0 0 0 0 1 3 3 7 7 9 10 10 16 20 20 22 22 28 30 30 28 26 26 35 35 27 5 5 1 1 1 1 1 2 3 3 3 4 4 6 6 9 11 11 17 
0 0 0 0 0 0 1 1 2 2 4 6 6 11 15 15 20 20 26 33 33 29 25 25 25 25 12 3 3 1 2 2 2 2 5 3 3 4 3 3 6 6 11 15 15 17 
0 0 0 0 0 0 1 1 2 2 4 6 6 11 15 15 20 20 26 33 33 29 25 25 25 25 12 3 3 1 2 2 2 2 5 3 3 4 3 3 6 6 11 15 15 17 
0 0 0 0 0 0 0 0 1 1 2 5 5 8 11 11 19 19 24 31 31 22 14 14 14 14 6 5 5 2 1 1 1 1 2 1 1 1 3 3 5 5 13 13 13 11 
0 0 0 0 0 0 0 0 1 1 2 5 5 8 11 11 19 19 24 31 31 22 14 14 14 14 6 5 5 2 1 1 1 1 2 1 1 1 3 3 5 5 13 13 13 11 
0 0 0 0 0 0 0 0 0 0 0 0 0 1 3 3 5 5 8 15 15 10 7 7 9 9 7 6 6 3 3 3 2 2 2 2 2 3 5 5 7 7 10 9 9 8 
0 0 0 0 0 0 0 0 0 0 0 0 0 1 1 1 1 1 2 1 1 1 1 1 1 1 8 6 6 4 4 4 5 5 4 4 4 5 5 5 6 6 6 6 6 6 
0 0 0 0 0 0 0 0 0 0 0 0 0 1 1 1 1 1 2 1 1 1 1 1 1 1 8 6 6 4 4 4 5 5 4 4 4 5 5 5 6 6 6 6 6 6 
0 0 0 0 0 0 0 0 0 0 0 1 1 2 2 2 3 3 3 2 2 2 2 2 2 2 14 11 11 7 4 4 5 5 5 7 7 7 6 6 5 5 5 6 6 4 
0 0 0 0 0 0 0 0 1 1 1 2 2 4 6 6 6 6 6 5 5 4 5 5 6 6 8 22 22 15 10 10 7 7 6 5 5 5 5 5 4 4 2 3 3 2 
0 0 0 0 0 0 0 0 1 1 1 2 2 4 6 6 6 6 6 5 5 4 5 5 6 6 8 22 22 15 10 10 7 7 6 5 5 5 5 5 4 4 2 3 3 2 
0 0 0 0 0 0 1 1 3 3 3 4 4 6 7 7 7 7 8 7 7 6 8 8 10 10 11 46 46 39 33 33 20 20 24 7 7 4 2 2 1 1 1 1 1 1 
0 0 0 0 0 0 1 1 3 3 3 4 4 6 7 7 7 7 8 7 7 6 8 8 10 10 11 46 46 39 33 33 20 20 24 7 7 4 2 2 1 1 1 1 1 1 
0 0 0 0 0 0 1 1 5 5 6 8 8 11 15 15 18 18 23 28 28 18 13 13 11 11 13 22 22 61 61 61 47 47 36 20 20 12 6 6 3 3 1 1 1 1 
0 0 0 1 1 3 16 16 6 6 8 10 10 12 20 20 30 30 49 35 35 34 31 31 19 19 21 25 25 71 72 72 73 73 59 38 38 32 24 24 15 15 7 3 3 2 
0 0 0 1 1 3 16 16 6 6 8 10 10 12 20 20 30 30 49 35 35 34 31 31 19 19 21 25 25 71 72 72 73 73 59 38 38 32 24 24 15 15 7 3 3 2 
0 0 0 1 1 3 2 2 3 3 6 10 10 15 18 18 27 27 54 48 48 63 58 58 46 46 34 39 39 51 97 97 98 98 65 63 63 34 29 29 26 26 17 9 9 2 
0 0 0 0 0 1 2 2 1 1 3 5 5 10 10 10 24 24 50 55 55 70 65 65 54 54 52 48 48 45 46 46 56 56 40 44 44 36 30 30 30 30 22 18 18 5 
0 0 0 0 0 1 2 2 1 1 3 5 5 10 10 10 24 24 50 55 55 70 65 65 54 54 52 48 48 45 46 46 56 56 40 44 44 36 30 30 30 30 22 18 18 5 
0 0 0 0 0 0 1 1 1 1 3 4 4 7 7 7 16 16 30 66 66 65 79 79 65 65 57 54 54 39 30 30 33 33 39 41 41 37 33 33 31 31 29 28 28 26 
0 0 0 0 0 0 1 1 1 1 3 4 4 7 7 7 16 16 30 66 66 65 79 79 65 65 57 54 54 39 30 30 33 33 39 41 41 37 33 33 31 31 29 28 28 26 
0 0 0 0 0 0 0 0 4 4 7 4 4 1 1 1 6 6 10 19 19 36 42 42 51 51 45 51 51 35 15 15 13 13 37 38 38 33 30 30 25 25 25 29 29 22 
0 0 0 0 0 0 0 0 0 0 0 0 0 0 1 1 5 5 8 12 12 14 13 13 19 19 17 15 15 16 14 14 8 8 8 10 10 27 24 24 16 16 8 10 10 11 
0 0 0 0 0 0 0 0 0 0 0 0 0 0 1 1 5 5 8 12 12 14 13 13 19 19 17 15 15 16 14 14 8 8 8 10 10 27 24 24 16 16 8 10 10 11 
0 0 0 0 0 0 0 0 0 0 0 0 0 0 0 0 0 0 1 0 0 1 2 2 3 3 6 4 4 10 10 10 4 4 5 4 4 5 16 16 7 7 2 3 3 10 
0 0 0 0 0 0 0 0 0 0 0 0 0 0 0 0 0 0 0 0 0 0 0 0 0 0 5 3 3 8 8 8 7 7 8 2 2 1 0 0 1 1 2 2 2 3 
