assets/RAT_results/precipitation/2024-08-02_IMERG.asc
ncols        46
nrows        77
xllcorner    74.800261325624
yllcorner    8.058333333333
cellsize     0.062500000000
NODATA_value -9999
86 86 66 64 64 67 50 50 46 46 49 46 46 48 54 54 32 32 23 12 12 4 3 3 1 1 1 1 1 1 1 1 0 0 0 1 1 1 1 1 1 1 1 1 1 2 
77 77 72 49 49 50 38 38 35 35 34 35 35 31 37 37 24 24 22 19 19 10 3 3 1 1 1 1 1 1 4 4 3 3 3 2 2 3 2 2 1 1 2 1 1 2 
77 77 72 49 49 50 38 38 35 35 34 35 35 31 37 37 24 24 22 19 19 10 3 3 1 1 1 1 1 1 4 4 3 3 3 2 2 3 2 2 1 1 2 1 1 2 
44 44 56 55 55 51 51 51 34 34 27 35 35 40 35 35 33 33 20 14 14 12 4 4 3 3 2 2 2 2 2 2 2 2 1 1 1 2 1 1 1 1 1 1 1 2 
33 33 57 54 54 62 66 66 36 36 29 26 26 31 37 37 31 31 17 10 10 8 9 9 4 4 0 1 1 2 1 1 1 1 1 1 1 2 1 1 1 1 0 1 1 1 
33 33 57 54 54 62 66 66 36 36 29 26 26 31 37 37 31 31 17 10 10 8 9 9 4 4 0 1 1 2 1 1 1 1 1 1 1 2 1 1 1 1 0 1 1 1 
30 30 40 64 64 62 56 56 36 36 29 34 34 36 34 34 26 26 17 11 11 9 6 6 4 4 4 3 3 4 3 3 3 3 1 1 1 2 2 2 2 2 1 1 1 2 
30 30 40 64 64 62 56 56 36 36 29 34 34 36 34 34 26 26 17 11 11 9 6 6 4 4 4 3 3 4 3 3 3 3 1 1 1 2 2 2 2 2 1 1 1 2 
25 25 54 91 91 62 68 68 46 46 33 32 32 31 36 36 19 19 17 16 16 11 8 8 5 5 3 3 3 3 4 4 2 2 2 1 1 2 2 2 1 1 1 1 1 2 
30 30 41 82 82 67 64 64 48 48 41 33 33 31 37 37 22 22 19 16 16 10 7 7 4 4 4 3 3 3 6 6 5 5 2 2 2 3 3 3 2 2 2 2 2 2 
30 30 41 82 82 67 64 64 48 48 41 33 33 31 37 37 22 22 19 16 16 10 7 7 4 4 4 3 3 3 6 6 5 5 2 2 2 3 3 3 2 2 2 2 2 2 
42 42 44 41 41 57 38 38 36 36 42 38 38 34 41 41 26 26 28 23 23 12 4 4 3 3 6 4 4 4 4 4 3 3 2 3 3 5 5 5 4 4 4 3 3 2 
17 17 17 16 16 39 23 23 41 41 34 54 54 44 44 44 37 37 26 19 19 11 4 4 2 2 2 3 3 4 4 4 4 4 3 4 4 5 5 5 3 3 2 2 2 1 
17 17 17 16 16 39 23 23 41 41 34 54 54 44 44 44 37 37 26 19 19 11 4 4 2 2 2 3 3 4 4 4 4 4 3 4 4 5 5 5 3 3 2 2 2 1 
40 40 23 19 19 9 22 22 22 22 45 51 51 48 40 40 49 49 26 20 20 10 4 4 1 1 2 2 2 3 4 4 4 4 2 9 9 6 3 3 2 2 2 2 2 1 
40 40 23 19 19 9 22 22 22 22 45 51 51 48 40 40 49 49 26 20 20 10 4 4 1 1 2 2 2 3 4 4 4 4 2 9 9 6 3 3 2 2 2 2 2 1 
19 19 8 5 5 5 3 3 16 16 24 42 42 45 42 42 39 39 30 14 14 10 3 3 1 1 1 2 2 3 5 5 3 3 5 9 9 5 2 2 2 2 1 2 2 3 
7 7 0 0 0 1 3 3 11 11 25 32 32 32 29 29 28 28 12 14 14 11 9 9 9 9 16 8 8 5 5 5 3 3 5 8 8 6 2 2 2 2 2 2 2 4 
7 7 0 0 0 1 3 3 11 11 25 32 32 32 29 29 28 28 12 14 14 11 9 9 9 9 16 8 8 5 5 5 3 3 5 8 8 6 2 2 2 2 2 2 2 4 
7 7 1 1 1 1 4 4 1 1 2 9 9 13 12 12 10 10 10 8 8 8 7 7 14 14 12 10 10 8 6 6 4 4 4 5 5 4 3 3 2 2 3 3 3 3 
2 2 1 2 2 1 0 0 0 0 1 9 9 8 8 8 8 8 14 18 18 12 10 10 13 13 19 20 20 11 5 5 3 3 6 4 4 4 3 3 3 3 3 3 3 4 
2 2 1 2 2 1 0 0 0 0 1 9 9 8 8 8 8 8 14 18 18 12 10 10 13 13 19 20 20 11 5 5 3 3 6 4 4 4 3 3 3 3 3 3 3 4 
1 1 1 1 1 1 0 0 0 0 0 2 2 6 15 15 20 20 6 11 11 17 16 16 18 18 17 16 16 5 1 1 1 1 2 3 3 1 1 1 1 1 2 3 3 3 
1 1 1 1 1 1 0 0 0 0 0 2 2 6 15 15 20 20 6 11 11 17 16 16 18 18 17 16 16 5 1 1 1 1 2 3 3 1 1 1 1 1 2 3 3 3 
0 0 0 0 0 0 0 0 0 0 0 1 1 6 4 4 6 6 7 11 11 12 20 20 21 21 17 11 11 3 1 1 1 1 1 0 0 0 0 0 0 0 0 1 1 1 
0 0 0 0 0 0 0 0 0 0 0 1 1 2 2 2 3 3 6 12 12 13 25 25 17 17 23 11 11 3 1 1 0 0 0 1 1 0 0 0 0 0 0 0 0 1 
0 0 0 0 0 0 0 0 0 0 0 1 1 2 2 2 3 3 6 12 12 13 25 25 17 17 23 11 11 3 1 1 0 0 0 1 1 0 0 0 0 0 0 0 0 1 
0 0 0 0 0 0 0 0 0 0 1 2 2 5 1 1 4 4 6 13 13 12 8 8 9 9 14 5 5 1 0 0 1 1 2 3 3 2 1 1 1 1 1 1 1 1 
0 0 0 1 1 1 1 1 1 1 2 2 2 3 2 2 5 5 8 14 14 14 7 7 4 4 3 2 2 1 0 0 2 2 3 3 3 2 1 1 1 1 1 2 2 2 
0 0 0 1 1 1 1 1 1 1 2 2 2 3 2 2 5 5 8 14 14 14 7 7 4 4 3 2 2 1 0 0 2 2 3 3 3 2 1 1 1 1 1 2 2 2 
0 0 0 1 1 2 2 2 1 1 1 2 2 3 2 2 6 6 5 11 11 12 9 9 4 4 2 1 1 1 1 1 0 0 4 3 3 2 1 1 0 0 0 0 0 0 
0 0 0 1 1 2 2 2 1 1 1 2 2 3 2 2 6 6 5 11 11 12 9 9 4 4 2 1 1 1 1 1 0 0 4 3 3 2 1 1 0 0 0 0 0 0 
1 1 2 3 3 2 3 3 2 2 1 4 4 4 3 3 4 4 6 9 9 10 7 7 5 5 1 1 1 1 0 0 1 1 0 1 1 1 0 0 0 0 0 0 0 0 
1 1 4 5 5 3 4 4 3 3 3 5 5 3 1 1 1 1 6 5 5 4 5 5 4 4 2 2 2 3 2 2 1 1 0 0 0 0 0 0 1 1 1 0 0 0 
1 1 4 5 5 3 4 4 3 3 3 5 5 3 1 1 1 1 6 5 5 4 5 5 4 4 2 2 2 3 2 2 1 1 0 0 0 0 0 0 1 1 1 0 0 0 
1 1 2 2 2 2 2 2 2 2 3 3 3 3 1 1 1 1 3 2 2 2 3 3 3 3 3 5 5 4 9 9 3 3 1 0 0 0 1 1 1 1 2 2 2 1 
2 2 2 1 1 1 1 1 2 2 2 3 3 2 2 2 2 2 2 2 2 2 2 2 1 1 2 2 2 2 3 3 3 3 1 0 0 1 1 1 1 1 2 3 3 2 
2 2 2 1 1 1 1 1 2 2 2 3 3 2 2 2 2 2 2 2 2 2 2 2 1 1 2 2 2 2 3 3 3 3 1 0 0 1 1 1 1 1 2 3 3 2 
3 3 2 1 1 1 1 1 1 1 2 5 5 7 4 4 3 3 4 2 2 4 2 2 1 1 0 1 1 1 1 1 2 2 0 2 2 1 1 1 2 2 2 2 2 2 
3 3 2 1 1 1 1 1 1 1 2 5 5 7 4 4 3 3 4 2 2 4 2 2 1 1 0 1 1 1 1 1 2 2 0 2 2 1 1 1 2 2 2 2 2 2 
2 2 1 0 0 1 3 3 2 2 2 5 5 10 9 9 4 4 4 3 3 2 3 3 3 3 1 0 0 0 2 2 0 0 0 0 0 1 1 1 1 1 0 0 0 3 
2 2 0 0 0 2 3 3 5 5 6 6 6 9 9 9 9 9 5 7 7 7 7 7 4 4 2 1 1 0 0 0 0 0 0 0 0 1 0 0 0 0 1 1 1 0 
2 2 0 0 0 2 3 3 5 5 6 6 6 9 9 9 9 9 5 7 7 7 7 7 4 4 2 1 1 0 0 0 0 0 0 0 0 1 0 0 0 0 1 1 1 0 
7 7 0 1 1 1 4 4 6 6 7 5 5 7 8 8 9 9 10 5 5 7 11 11 12 12 12 9 9 6 3 3 2 2 1 1 1 3 2 2 1 1 0 0 0 0 
6 6 1 2 2 2 3 3 6 6 8 7 7 8 5 5 7 7 10 9 9 11 16 16 16 16 14 11 11 9 5 5 3 3 1 0 0 1 0 0 0 0 0 0 0 0 
6 6 1 2 2 2 3 3 6 6 8 7 7 8 5 5 7 7 10 9 9 11 16 16 16 16 14 11 11 9 5 5 3 3 1 0 0 1 0 0 0 0 0 0 0 0 
2 2 0 1 1 2 4 4 8 8 9 10 10 9 6 6 5 5 6 6 6 5 10 10 11 11 12 12 12 10 7 7 5 5 2 1 1 0 0 0 0 0 0 0 0 0 
2 2 0 1 1 2 4 4 8 8 9 10 10 9 6 6 5 5 6 6 6 5 10 10 11 11 12 12 12 10 7 7 5 5 2 1 1 0 0 0 0 0 0 0 0 0 
0 0 0 1 1 7 8 8 11 11 10 11 11 10 8 8 7 7 4 3 3 2 3 3 4 4 8 10 10 7 4 4 3 3 2 1 1 0 0 0 0 0 0 0 0 0 
1 1 2 8 8 12 11 11 11 11 11 12 12 13 10 10 8 8 5 2 2 1 3 3 3 3 4 3 3 2 1 1 2 2 4 1 1 0 0 0 0 0 0 0 0 0 
1 1 2 8 8 12 11 11 11 11 11 12 12 13 10 10 8 8 5 2 2 1 3 3 3 3 4 3 3 2 1 1 2 2 4 1 1 0 0 0 0 0 0 0 0 0 
1 1 11 10 10 14 10 10 11 11 18 14 14 11 13 13 10 10 5 2 2 1 2 2 3 3 2 1 1 0 0 0 0 0 2 0 0 0 0 0 0 0 0 0 0 0 
3 3 11 14 14 15 11 11 13 13 18 16 16 12 16 16 13 13 7 3 3 0 1 1 1 1 1 0 0 1 2 2 0 0 0 0 0 0 0 0 0 0 0 1 1 0 
3 3 11 14 14 15 11 11 13 13 18 16 16 12 16 16 13 13 7 3 3 0 1 1 1 1 1 0 0 1 2 2 0 0 0 0 0 0 0 0 0 0 0 1 1 0 
7 7 10 12 12 20 20 20 16 16 19 13 13 13 15 15 15 15 9 3 3 1 0 0 0 0 0 0 0 2 2 2 0 0 0 0 0 0 1 1 0 0 0 0 0 0 
7 7 10 12 12 20 20 20 16 16 19 13 13 13 15 15 15 15 9 3 3 1 0 0 0 0 0 0 0 2 2 2 0 0 0 0 0 0 1 1 0 0 0 0 0 0 
11 11 14 11 11 12 22 22 19 19 19 13 13 20 13 13 12 12 13 4 4 2 1 1 0 0 1 1 1 2 1 1 0 0 0 0 0 1 2 2 0 0 0 0 0 0 
12 12 5 14 14 21 20 20 22 22 14 11 11 22 19 19 11 11 10 7 7 1 2 2 3 3 1 3 3 2 2 2 1 1 0 0 0 1 1 1 0 0 0 0 0 0 
12 12 5 14 14 21 20 20 22 22 14 11 11 22 19 19 11 11 10 7 7 1 2 2 3 3 1 3 3 2 2 2 1 1 0 0 0 1 1 1 0 0 0 0 0 0 
17 17 18 13 13 24 29 29 22 22 12 8 8 16 26 26 18 18 9 6 6 2 1 1 2 2 1 3 3 3 4 4 3 3 0 0 0 1 1 1 0 0 0 0 0 0 
15 15 16 12 12 24 26 26 23 23 14 15 15 16 17 17 22 22 14 5 5 3 2 2 1 1 0 1 1 3 5 5 3 3 1 0 0 1 1 1 0 0 0 0 0 0 
15 15 16 12 12 24 26 26 23 23 14 15 15 16 17 17 22 22 14 5 5 3 2 2 1 1 0 1 1 3 5 5 3 3 1 0 0 1 1 1 0 0 0 0 0 0 
5 5 8 13 13 18 20 20 17 17 11 13 13 17 21 21 20 20 19 5 5 2 4 4 4 4 1 2 2 2 2 2 2 2 1 0 0 0 0 0 0 0 0 0 0 0 
5 5 8 13 13 18 20 20 17 17 11 13 13 17 21 21 20 20 19 5 5 2 4 4 4 4 1 2 2 2 2 2 2 2 1 0 0 0 0 0 0 0 0 0 0 0 
7 7 8 11 11 14 15 15 17 17 14 13 13 15 16 16 17 17 15 9 9 6 20 20 13 13 5 4 4 2 1 1 2 2 0 0 0 0 0 0 0 0 0 0 0 0 
8 8 10 11 11 10 13 13 13 13 11 11 11 11 12 12 10 10 10 5 5 5 10 10 43 43 16 2 2 3 2 2 2 2 1 0 0 0 0 0 0 0 0 0 0 0 
8 8 10 11 11 10 13 13 13 13 11 11 11 11 12 12 10 10 10 5 5 5 10 10 43 43 16 2 2 3 2 2 2 2 1 0 0 0 0 0 0 0 0 0 0 0 
8 8 10 9 9 6 6 6 9 9 9 8 8 9 8 8 10 10 8 6 6 4 7 7 5 5 8 5 5 5 2 2 3 3 1 0 0 0 0 0 0 0 0 0 0 0 
9 9 9 7 7 6 5 5 6 6 5 7 7 8 7 7 8 8 10 8 8 7 7 7 5 5 2 6 6 6 5 5 2 2 1 0 0 0 0 0 0 0 0 0 0 0 
9 9 9 7 7 6 5 5 6 6 5 7 7 8 7 7 8 8 10 8 8 7 7 7 5 5 2 6 6 6 5 5 2 2 1 0 0 0 0 0 0 0 0 0 0 0 
6 6 6 5 5 3 3 3 6 6 6 5 5 8 8 8 8 8 11 11 11 8 11 11 4 4 2 1 1 1 1 1 1 1 1 0 0 1 0 0 0 0 0 0 0 0 
6 6 6 5 5 3 3 3 6 6 6 5 5 8 8 8 8 8 11 11 11 8 11 11 4 4 2 1 1 1 1 1 1 1 1 0 0 1 0 0 0 0 0 0 0 0 
2 2 1 2 2 3 4 4 6 6 5 7 7 8 13 13 13 13 12 12 12 13 12 12 6 6 4 2 2 1 0 0 1 1 1 1 1 1 0 0 0 0 0 0 0 0 
1 1 1 2 2 3 4 4 6 6 7 8 8 11 13 13 18 18 27 19 19 17 14 14 7 7 5 4 4 3 1 1 0 0 0 2 2 1 0 0 0 0 0 0 0 0 
1 1 1 2 2 3 4 4 6 6 7 8 8 11 13 13 18 18 27 19 19 17 14 14 7 7 5 4 4 3 1 1 0 0 0 2 2 1 0 0 0 0 0 0 0 0 
1 1 0 1 1 2 2 2 3 3 7 7 7 9 12 12 34 34 33 24 24 19 11 11 6 6 5 5 5 4 2 2 1 1 1 0 0 0 2 2 2 2 0 0 0 0 
1 1 1 1 1 1 1 1 2 2 9 9 9 4 12 12 19 19 23 18 18 15 12 12 9 9 5 4 4 4 3 3 2 2 1 0 0 0 0 0 2 2 3 0 0 0 
