assets/RAT_results/precipitation/2024-10-12_IMERG.asc
ncols        46
nrows        77
xllcorner    74.800261325624
yllcorner    8.058333333333
cellsize     0.062500000000
NODATA_value -9999
17 17 12 17 17 16 18 18 16 16 14 16 16 14 14 14 10 10 11 6 6 13 5 5 3 3 2 4 4 4 7 7 7 7 4 3 3 2 2 2 3 3 3 1 1 1 
18 18 12 13 13 14 15 15 13 13 15 15 15 16 12 12 15 15 7 3 3 2 2 2 3 3 2 3 3 4 6 6 8 8 4 3 3 2 1 1 3 3 3 1 1 0 
18 18 12 13 13 14 15 15 13 13 15 15 15 16 12 12 15 15 7 3 3 2 2 2 3 3 2 3 3 4 6 6 8 8 4 3 3 2 1 1 3 3 3 1 1 0 
19 19 13 13 13 13 15 15 13 13 17 20 20 16 11 11 18 18 12 2 2 2 2 2 1 1 2 3 3 4 6 6 5 5 3 6 6 1 0 0 0 0 0 0 0 0 
20 20 16 17 17 14 12 12 11 11 15 18 18 9 12 12 13 13 9 5 5 2 2 2 3 3 4 4 4 5 5 5 4 4 2 5 5 1 0 0 0 0 0 0 0 0 
20 20 16 17 17 14 12 12 11 11 15 18 18 9 12 12 13 13 9 5 5 2 2 2 3 3 4 4 4 5 5 5 4 4 2 5 5 1 0 0 0 0 0 0 0 0 
15 15 16 18 18 14 10 10 9 9 11 14 14 12 14 14 13 13 10 6 6 4 2 2 4 4 3 4 4 4 5 5 2 2 1 4 4 1 1 1 0 0 0 0 0 0 
15 15 16 18 18 14 10 10 9 9 11 14 14 12 14 14 13 13 10 6 6 4 2 2 4 4 3 4 4 4 5 5 2 2 1 4 4 1 1 1 0 0 0 0 0 0 
18 18 23 17 17 15 10 10 9 9 8 11 11 15 17 17 12 12 11 8 8 5 4 4 4 4 4 4 4 4 7 7 2 2 1 3 3 1 1 1 0 0 1 1 1 0 
20 20 22 20 20 14 12 12 7 7 5 9 9 13 14 14 14 14 9 7 7 6 5 5 4 4 3 3 3 4 8 8 2 2 1 3 3 3 3 3 1 1 2 2 2 0 
20 20 22 20 20 14 12 12 7 7 5 9 9 13 14 14 14 14 9 7 7 6 5 5 4 4 3 3 3 4 8 8 2 2 1 3 3 3 3 3 1 1 2 2 2 0 
37 37 26 21 21 14 8 8 6 6 4 7 7 10 10 10 11 11 7 8 8 6 5 5 5 5 6 4 4 4 11 11 3 3 3 3 3 3 6 6 3 3 4 2 2 1 
34 34 31 21 21 12 10 10 4 4 3 6 6 6 6 6 8 8 7 8 8 7 8 8 6 6 8 6 6 5 18 18 6 6 3 3 3 4 6 6 5 5 4 3 3 1 
34 34 31 21 21 12 10 10 4 4 3 6 6 6 6 6 8 8 7 8 8 7 8 8 6 6 8 6 6 5 18 18 6 6 3 3 3 4 6 6 5 5 4 3 3 1 
35 35 30 35 35 21 16 16 8 8 3 4 4 5 5 5 4 4 3 4 4 5 9 9 9 9 12 8 8 7 7 7 7 7 3 2 2 2 5 5 4 4 3 4 4 3 
35 35 30 35 35 21 16 16 8 8 3 4 4 5 5 5 4 4 3 4 4 5 9 9 9 9 12 8 8 7 7 7 7 7 3 2 2 2 5 5 4 4 3 4 4 3 
34 34 32 30 30 33 27 27 21 21 15 12 12 10 8 8 4 4 2 1 1 3 4 4 6 6 12 9 9 8 7 7 5 5 5 3 3 1 2 2 3 3 2 3 3 4 
37 37 34 32 32 28 29 29 28 28 22 17 17 11 8 8 3 3 2 1 1 0 2 2 1 1 5 6 6 5 6 6 3 3 4 4 4 3 2 2 1 1 3 1 1 3 
37 37 34 32 32 28 29 29 28 28 22 17 17 11 8 8 3 3 2 1 1 0 2 2 1 1 5 6 6 5 6 6 3 3 4 4 4 3 2 2 1 1 3 1 1 3 
45 45 46 41 41 29 23 23 28 28 27 23 23 17 11 11 5 5 2 1 1 1 1 1 2 2 4 4 4 3 2 2 4 4 2 1 1 1 0 0 0 0 2 4 4 6 
68 68 46 45 45 38 28 28 26 26 26 26 26 21 15 15 8 8 4 2 2 2 1 1 1 1 2 4 4 3 1 1 3 3 3 1 1 1 0 0 0 0 1 5 5 9 
68 68 46 45 45 38 28 28 26 26 26 26 26 21 15 15 8 8 4 2 2 2 1 1 1 1 2 4 4 3 1 1 3 3 3 1 1 1 0 0 0 0 1 5 5 9 
72 72 58 42 42 43 38 38 29 29 25 27 27 26 20 20 16 16 10 5 5 3 4 4 3 3 4 8 8 3 2 2 3 3 4 3 3 3 2 2 2 2 2 7 7 12 
72 72 58 42 42 43 38 38 29 29 25 27 27 26 20 20 16 16 10 5 5 3 4 4 3 3 4 8 8 3 2 2 3 3 4 3 3 3 2 2 2 2 2 7 7 12 
63 63 58 52 52 41 43 43 39 39 32 27 27 26 24 24 20 20 18 13 13 8 6 6 6 6 7 9 9 8 7 7 9 9 9 8 8 8 6 6 8 8 9 11 11 9 
47 47 49 50 50 44 38 38 43 43 37 30 30 29 27 27 26 26 24 23 23 19 13 13 14 14 10 10 10 17 16 16 14 14 10 8 8 9 12 12 9 9 17 22 22 17 
47 47 49 50 50 44 38 38 43 43 37 30 30 29 27 27 26 26 24 23 23 19 13 13 14 14 10 10 10 17 16 16 14 14 10 8 8 9 12 12 9 9 17 22 22 17 
49 49 56 55 55 44 38 38 35 35 33 28 28 26 27 27 25 25 25 25 25 27 23 23 18 18 14 22 22 48 33 33 24 24 13 11 11 15 17 17 23 23 26 33 33 36 
40 40 42 45 45 40 32 32 32 32 30 32 32 27 36 36 22 22 20 20 20 23 26 26 20 20 15 9 9 16 41 41 20 20 15 17 17 23 26 26 25 25 36 41 41 42 
40 40 42 45 45 40 32 32 32 32 30 32 32 27 36 36 22 22 20 20 20 23 26 26 20 20 15 9 9 16 41 41 20 20 15 17 17 23 26 26 25 25 36 41 41 42 
29 29 31 31 31 29 28 28 27 27 28 24 24 26 22 22 28 28 16 14 14 16 25 25 19 19 27 23 23 27 17 17 31 31 19 27 27 26 32 32 36 36 38 32 32 31 
29 29 31 31 31 29 28 28 27 27 28 24 24 26 22 22 28 28 16 14 14 16 25 25 19 19 27 23 23 27 17 17 31 31 19 27 27 26 32 32 36 36 38 32 32 31 
21 21 22 22 22 21 21 21 21 21 20 19 19 16 19 19 20 20 21 17 17 18 19 19 13 13 13 10 10 11 14 14 45 45 33 36 36 35 42 42 41 41 42 34 34 35 
16 16 18 20 20 18 18 18 17 17 17 14 14 13 11 11 13 13 16 16 16 18 18 18 18 18 15 20 20 15 13 13 18 18 21 38 38 39 42 42 41 41 41 34 34 28 
16 16 18 20 20 18 18 18 17 17 17 14 14 13 11 11 13 13 16 16 16 18 18 18 18 18 15 20 20 15 13 13 18 18 21 38 38 39 42 42 41 41 41 34 34 28 
15 15 20 22 22 19 19 19 18 18 17 16 16 15 11 11 10 10 12 11 11 17 19 19 23 23 23 27 27 21 18 18 20 20 21 25 25 29 38 38 48 48 48 37 37 35 
13 13 17 20 20 17 18 18 17 17 18 17 17 14 13 13 11 11 12 13 13 13 21 21 32 32 33 29 29 26 25 25 24 24 25 27 27 28 34 34 42 42 43 44 44 40 
13 13 17 20 20 17 18 18 17 17 18 17 17 14 13 13 11 11 12 13 13 13 21 21 32 32 33 29 29 26 25 25 24 24 25 27 27 28 34 34 42 42 43 44 44 40 
10 10 11 14 14 14 16 16 17 17 16 15 15 14 14 14 14 14 16 13 13 16 18 18 29 29 19 22 22 22 18 18 25 25 23 23 23 34 41 41 52 52 49 51 51 54 
10 10 11 14 14 14 16 16 17 17 16 15 15 14 14 14 14 14 16 13 13 16 18 18 29 29 19 22 22 22 18 18 25 25 23 23 23 34 41 41 52 52 49 51 51 54 
9 9 8 8 8 9 10 10 13 13 14 12 12 15 14 14 14 14 14 14 14 14 17 17 17 17 16 17 17 20 13 13 17 17 28 28 28 38 43 43 55 55 48 49 49 46 
8 8 7 7 7 7 7 7 8 8 9 10 10 11 13 13 11 11 13 13 13 14 12 12 11 11 11 9 9 11 11 11 12 12 28 32 32 43 45 45 55 55 51 42 42 49 
8 8 7 7 7 7 7 7 8 8 9 10 10 11 13 13 11 11 13 13 13 14 12 12 11 11 11 9 9 11 11 11 12 12 28 32 32 43 45 45 55 55 51 42 42 49 
8 8 5 6 6 6 6 6 6 6 7 7 7 8 8 8 10 10 7 11 11 9 9 9 9 9 8 5 5 8 9 9 13 13 21 31 31 39 44 44 54 54 59 45 45 50 
6 6 4 4 4 4 5 5 5 5 4 5 5 5 5 5 6 6 7 6 6 6 7 7 7 7 8 5 5 8 8 8 11 11 22 31 31 37 42 42 58 58 59 52 52 51 
6 6 4 4 4 4 5 5 5 5 4 5 5 5 5 5 6 6 7 6 6 6 7 7 7 7 8 5 5 8 8 8 11 11 22 31 31 37 42 42 58 58 59 52 52 51 
6 6 3 3 3 3 4 4 3 3 3 3 3 4 4 4 4 4 5 5 5 5 7 7 8 8 8 8 8 8 9 9 10 10 13 24 24 28 35 35 47 47 46 44 44 48 
6 6 3 3 3 3 4 4 3 3 3 3 3 4 4 4 4 4 5 5 5 5 7 7 8 8 8 8 8 8 9 9 10 10 13 24 24 28 35 35 47 47 46 44 44 48 
7 7 3 4 4 4 5 5 4 4 3 3 3 3 3 3 3 3 4 3 3 5 6 6 10 10 11 10 10 8 11 11 11 11 17 20 20 21 26 26 34 34 40 51 51 48 
8 8 5 4 4 4 5 5 6 6 5 4 4 3 3 3 3 3 3 3 3 3 5 5 14 14 15 13 13 12 12 12 11 11 18 20 20 20 25 25 33 33 37 52 52 59 
8 8 5 4 4 4 5 5 6 6 5 4 4 3 3 3 3 3 3 3 3 3 5 5 14 14 15 13 13 12 12 12 11 11 18 20 20 20 25 25 33 33 37 52 52 59 
9 9 6 4 4 5 4 4 4 4 5 6 6 3 2 2 3 3 4 6 6 6 8 8 12 12 15 13 13 12 11 11 9 9 11 20 20 20 27 27 36 36 39 53 53 59 
9 9 5 5 5 4 4 4 3 3 3 4 4 4 2 2 3 3 4 7 7 6 5 5 13 13 14 13 13 13 10 10 12 12 13 17 17 22 25 25 29 29 26 33 33 38 
9 9 5 5 5 4 4 4 3 3 3 4 4 4 2 2 3 3 4 7 7 6 5 5 13 13 14 13 13 13 10 10 12 12 13 17 17 22 25 25 29 29 26 33 33 38 
8 8 5 5 5 4 3 3 3 3 2 2 2 2 3 3 2 2 4 7 7 8 7 7 15 15 14 12 12 13 11 11 13 13 12 16 16 19 23 23 23 23 22 33 33 36 
8 8 5 5 5 4 3 3 3 3 2 2 2 2 3 3 2 2 4 7 7 8 7 7 15 15 14 12 12 13 11 11 13 13 12 16 16 19 23 23 23 23 22 33 33 36 
21 21 16 10 10 6 4 4 3 3 5 3 3 3 2 2 1 1 1 4 4 5 4 4 13 13 14 13 13 13 10 10 12 12 14 16 16 17 16 16 20 20 14 12 12 15 
26 26 21 13 13 9 7 7 5 5 4 4 4 4 3 3 2 2 2 3 3 4 4 4 4 4 12 9 9 10 9 9 8 8 11 10 10 11 11 11 13 13 14 13 13 6 
26 26 21 13 13 9 7 7 5 5 4 4 4 4 3 3 2 2 2 3 3 4 4 4 4 4 12 9 9 10 9 9 8 8 11 10 10 11 11 11 13 13 14 13 13 6 
28 28 22 14 14 10 7 7 5 5 4 3 3 3 2 2 2 2 1 2 2 2 2 2 2 2 9 8 8 4 3 3 4 4 4 4 4 4 3 3 4 4 3 4 4 5 
26 26 20 14 14 10 8 8 6 6 4 3 3 2 2 2 1 1 1 1 1 1 1 1 1 1 2 6 6 3 2 2 1 1 1 1 1 1 1 1 2 2 0 0 0 0 
26 26 20 14 14 10 8 8 6 6 4 3 3 2 2 2 1 1 1 1 1 1 1 1 1 1 2 6 6 3 2 2 1 1 1 1 1 1 1 1 2 2 0 0 0 0 
25 25 18 15 15 11 9 9 9 9 5 5 5 3 2 2 2 2 1 2 2 2 4 4 2 2 2 4 4 2 2 2 2 2 1 1 1 1 1 1 1 1 0 0 0 0 
25 25 18 15 15 11 9 9 9 9 5 5 5 3 2 2 2 2 1 2 2 2 4 4 2 2 2 4 4 2 2 2 2 2 1 1 1 1 1 1 1 1 0 0 0 0 
20 20 19 17 17 18 14 14 11 11 10 6 6 5 3 3 3 3 3 2 2 3 3 3 2 2 2 5 5 5 6 6 4 4 2 2 2 2 4 4 1 1 0 0 0 0 
21 21 24 22 22 22 19 19 15 15 12 13 13 8 5 5 5 5 5 4 4 4 4 4 5 5 2 7 7 8 6 6 5 5 5 3 3 3 2 2 1 1 0 0 0 0 
21 21 24 22 22 22 19 19 15 15 12 13 13 8 5 5 5 5 5 4 4 4 4 4 5 5 2 7 7 8 6 6 5 5 5 3 3 3 2 2 1 1 0 0 0 0 
24 24 26 37 37 33 27 27 24 24 19 16 16 14 12 12 9 9 7 5 5 6 5 5 7 7 9 9 9 6 7 7 5 5 4 4 4 3 1 1 1 1 0 0 0 0 
22 22 28 37 37 44 38 38 37 37 29 24 24 20 17 17 16 16 16 14 14 10 9 9 10 10 11 10 10 4 9 9 5 5 3 3 3 4 2 2 2 2 1 1 1 0 
22 22 28 37 37 44 38 38 37 37 29 24 24 20 17 17 16 16 16 14 14 10 9 9 10 10 11 10 10 4 9 9 5 5 3 3 3 4 2 2 2 2 1 1 1 0 
27 27 37 48 48 55 52 52 49 49 39 32 32 24 26 26 26 26 23 17 17 13 10 10 6 6 7 7 7 4 6 6 8 8 9 5 5 5 6 6 4 4 2 2 2 1 
27 27 37 48 48 55 52 52 49 49 39 32 32 24 26 26 26 26 23 17 17 13 10 10 6 6 7 7 7 4 6 6 8 8 9 5 5 5 6 6 4 4 2 2 2 1 
24 24 40 57 57 55 55 55 49 49 41 32 32 29 26 26 23 23 20 12 12 10 7 7 5 5 7 6 6 6 5 5 3 3 8 8 8 5 5 5 4 4 4 3 3 1 
16 16 27 39 39 50 37 37 41 41 37 27 27 24 22 22 19 19 16 12 12 11 8 8 8 8 8 11 11 11 8 8 3 3 2 4 4 6 5 5 3 3 4 3 3 2 
16 16 27 39 39 50 37 37 41 41 37 27 27 24 22 22 19 19 16 12 12 11 8 8 8 8 8 11 11 11 8 8 3 3 2 4 4 6 5 5 3 3 4 3 3 2 
9 9 14 21 21 38 36 36 29 29 26 20 20 19 16 16 17 17 15 12 12 12 10 10 7 7 9 10 10 10 9 9 6 6 3 2 2 0 2 2 3 3 4 3 3 1 
7 7 10 16 16 19 46 46 28 28 22 17 17 18 18 18 15 15 17 12 12 12 11 11 8 8 9 9 9 8 5 5 5 5 4 1 1 0 0 0 0 0 2 3 3 1 
