assets/RAT_results/precipitation/2024-11-01_IMERG.asc
ncols        46
nrows        77
xllcorner    74.800261325624
yllcorner    8.058333333333
cellsize     0.062500000000
NODATA_value -9999
2 2 3 2 2 2 3 3 1 1 2 1 1 2 5 5 1 1 1 1 1 1 2 2 1 1 2 0 0 0 0 0 1 1 2 1 1 2 4 4 7 7 7 6 6 5 
1 1 2 3 3 2 5 5 3 3 2 2 2 4 3 3 2 2 1 1 1 2 2 2 1 1 0 0 0 1 1 1 2 2 3 4 4 4 7 7 5 5 3 1 1 1 
1 1 2 3 3 2 5 5 3 3 2 2 2 4 3 3 2 2 1 1 1 2 2 2 1 1 0 0 0 1 1 1 2 2 3 4 4 4 7 7 5 5 3 1 1 1 
2 2 5 3 3 1 7 7 14 14 6 2 2 4 4 4 2 2 1 1 1 0 2 2 0 0 0 0 0 1 4 4 7 7 11 11 11 12 16 16 6 6 1 0 0 0 
1 1 4 3 3 1 14 14 18 18 12 6 6 9 2 2 1 1 0 0 0 0 0 0 0 0 0 0 0 1 2 2 3 3 3 6 6 15 10 10 5 5 5 1 1 0 
1 1 4 3 3 1 14 14 18 18 12 6 6 9 2 2 1 1 0 0 0 0 0 0 0 0 0 0 0 1 2 2 3 3 3 6 6 15 10 10 5 5 5 1 1 0 
1 1 1 1 1 0 7 7 6 6 14 10 10 16 11 11 3 3 0 0 0 0 0 0 4 4 4 1 1 1 2 2 2 2 2 5 5 22 20 20 3 3 3 1 1 0 
1 1 1 1 1 0 7 7 6 6 14 10 10 16 11 11 3 3 0 0 0 0 0 0 4 4 4 1 1 1 2 2 2 2 2 5 5 22 20 20 3 3 3 1 1 0 
1 1 0 1 1 1 0 0 9 9 18 7 7 16 8 8 1 1 0 1 1 4 7 7 6 6 4 1 1 5 11 11 17 17 16 11 11 10 20 20 4 4 2 1 1 0 
0 0 0 2 2 3 8 8 6 6 4 2 2 13 1 1 2 2 3 2 2 9 42 42 37 37 15 6 6 4 12 12 11 11 9 3 3 2 0 0 0 0 0 0 0 0 
0 0 0 2 2 3 8 8 6 6 4 2 2 13 1 1 2 2 3 2 2 9 42 42 37 37 15 6 6 4 12 12 11 11 9 3 3 2 0 0 0 0 0 0 0 0 
1 1 1 1 1 2 4 4 3 3 2 1 1 1 2 2 4 4 3 6 6 26 32 32 47 47 22 4 4 2 3 3 2 2 9 8 8 2 0 0 0 0 2 0 0 0 
4 4 1 0 0 1 1 1 2 2 2 1 1 0 0 0 1 1 1 3 3 23 15 15 10 10 7 5 5 2 3 3 0 0 0 0 0 0 0 0 0 0 2 0 0 0 
4 4 1 0 0 1 1 1 2 2 2 1 1 0 0 0 1 1 1 3 3 23 15 15 10 10 7 5 5 2 3 3 0 0 0 0 0 0 0 0 0 0 2 0 0 0 
3 3 0 0 0 0 1 1 0 0 1 2 2 2 0 0 2 2 5 3 3 4 4 4 3 3 3 1 1 1 0 0 1 1 1 2 2 1 1 1 0 0 3 4 4 0 
3 3 0 0 0 0 1 1 0 0 1 2 2 2 0 0 2 2 5 3 3 4 4 4 3 3 3 1 1 1 0 0 1 1 1 2 2 1 1 1 0 0 3 4 4 0 
1 1 0 0 0 0 1 1 1 1 1 1 1 1 0 0 1 1 3 3 3 2 1 1 1 1 0 1 1 2 3 3 8 8 3 2 2 2 1 1 0 0 3 8 8 3 
0 0 0 0 0 0 0 0 1 1 1 3 3 2 1 1 1 1 2 2 2 1 0 0 0 0 0 1 1 8 12 12 11 11 5 4 4 3 2 2 1 1 1 5 5 4 
0 0 0 0 0 0 0 0 1 1 1 3 3 2 1 1 1 1 2 2 2 1 0 0 0 0 0 1 1 8 12 12 11 11 5 4 4 3 2 2 1 1 1 5 5 4 
0 0 0 0 0 0 1 1 1 1 1 2 2 2 2 2 2 2 2 2 2 1 0 0 2 2 11 3 3 3 7 7 6 6 5 4 4 3 3 3 4 4 3 1 1 1 
1 1 0 0 0 0 0 0 1 1 1 1 1 1 2 2 1 1 1 1 1 1 5 5 6 6 9 6 6 8 30 30 16 16 3 3 3 3 2 2 4 4 3 1 1 1 
1 1 0 0 0 0 0 0 1 1 1 1 1 1 2 2 1 1 1 1 1 1 5 5 6 6 9 6 6 8 30 30 16 16 3 3 3 3 2 2 4 4 3 1 1 1 
3 3 0 0 0 0 0 0 0 0 0 1 1 1 1 1 1 1 1 0 0 1 5 5 3 3 4 3 3 14 20 20 7 7 0 1 1 1 10 10 9 9 15 1 1 1 
3 3 0 0 0 0 0 0 0 0 0 1 1 1 1 1 1 1 1 0 0 1 5 5 3 3 4 3 3 14 20 20 7 7 0 1 1 1 10 10 9 9 15 1 1 1 
1 1 0 0 0 0 0 0 1 1 0 0 0 0 1 1 1 1 1 0 0 0 2 2 3 3 3 3 3 5 3 3 2 2 1 0 0 0 12 12 7 7 2 3 3 4 
0 0 0 0 0 0 0 0 1 1 8 9 9 1 1 1 2 2 1 1 1 0 3 3 6 6 7 5 5 4 3 3 6 6 10 5 5 3 3 3 8 8 3 6 6 7 
0 0 0 0 0 0 0 0 1 1 8 9 9 1 1 1 2 2 1 1 1 0 3 3 6 6 7 5 5 4 3 3 6 6 10 5 5 3 3 3 8 8 3 6 6 7 
0 0 0 0 0 0 0 0 0 0 8 18 18 13 4 4 4 4 4 1 1 1 4 4 5 5 7 6 6 4 8 8 5 5 7 9 9 4 2 2 2 2 2 4 4 4 
0 0 0 0 0 0 0 0 14 14 23 30 30 34 45 45 16 16 2 0 0 0 2 2 3 3 5 5 5 9 7 7 2 2 1 2 2 1 2 2 2 2 4 4 4 5 
0 0 0 0 0 0 0 0 14 14 23 30 30 34 45 45 16 16 2 0 0 0 2 2 3 3 5 5 5 9 7 7 2 2 1 2 2 1 2 2 2 2 4 4 4 5 
0 0 0 0 0 0 0 0 0 0 1 21 21 26 25 25 17 17 4 1 1 2 3 3 4 4 5 6 6 9 7 7 4 4 1 9 9 8 1 1 3 3 6 10 10 12 
0 0 0 0 0 0 0 0 0 0 1 21 21 26 25 25 17 17 4 1 1 2 3 3 4 4 5 6 6 9 7 7 4 4 1 9 9 8 1 1 3 3 6 10 10 12 
0 0 0 0 0 0 0 0 0 0 0 1 1 7 6 6 6 6 2 2 2 1 1 1 2 2 3 5 5 9 14 14 5 5 11 10 10 9 1 1 4 4 5 5 5 4 
0 0 0 0 0 0 0 0 0 0 1 1 1 3 4 4 4 4 3 2 2 1 1 1 2 2 4 6 6 8 9 9 9 9 7 4 4 3 0 0 2 2 3 4 4 3 
0 0 0 0 0 0 0 0 0 0 1 1 1 3 4 4 4 4 3 2 2 1 1 1 2 2 4 6 6 8 9 9 9 9 7 4 4 3 0 0 2 2 3 4 4 3 
0 0 0 0 0 0 1 1 1 1 2 1 1 2 2 2 0 0 2 2 2 1 1 1 2 2 5 10 10 14 13 13 9 9 8 6 6 1 1 1 4 4 5 6 6 5 
0 0 0 0 0 0 0 0 2 2 4 5 5 3 3 3 1 1 1 1 1 1 1 1 2 2 5 9 9 10 8 8 4 4 2 1 1 1 1 1 4 4 6 6 6 7 
0 0 0 0 0 0 0 0 2 2 4 5 5 3 3 3 1 1 1 1 1 1 1 1 2 2 5 9 9 10 8 8 4 4 2 1 1 1 1 1 4 4 6 6 6 7 
0 0 0 0 0 0 0 0 3 3 6 5 5 5 4 4 1 1 1 1 1 1 1 1 2 2 5 7 7 6 5 5 3 3 2 2 2 1 3 3 8 8 4 3 3 3 
0 0 0 0 0 0 0 0 3 3 6 5 5 5 4 4 1 1 1 1 1 1 1 1 2 2 5 7 7 6 5 5 3 3 2 2 2 1 3 3 8 8 4 3 3 3 
0 0 0 0 0 0 0 0 2 2 3 5 5 5 4 4 3 3 2 4 4 3 2 2 2 2 17 5 5 2 5 5 2 2 1 3 3 3 3 3 9 9 9 4 4 4 
0 0 0 0 0 0 0 0 1 1 2 3 3 4 5 5 4 4 3 2 2 7 2 2 6 6 13 12 12 8 13 13 6 6 4 6 6 5 5 5 10 10 10 7 7 7 
0 0 0 0 0 0 0 0 1 1 2 3 3 4 5 5 4 4 3 2 2 7 2 2 6 6 13 12 12 8 13 13 6 6 4 6 6 5 5 5 10 10 10 7 7 7 
0 0 0 0 0 0 0 0 1 1 1 2 2 5 7 7 6 6 3 2 2 8 3 3 7 7 8 13 13 3 3 3 5 5 3 4 4 6 7 7 8 8 9 8 8 7 
0 0 0 0 0 1 1 1 1 1 3 7 7 10 11 11 7 7 3 4 4 6 12 12 13 13 9 12 12 4 4 4 3 3 5 10 10 14 13 13 15 15 19 14 14 12 
0 0 0 0 0 1 1 1 1 1 3 7 7 10 11 11 7 7 3 4 4 6 12 12 13 13 9 12 12 4 4 4 3 3 5 10 10 14 13 13 15 15 19 14 14 12 
0 0 0 0 0 0 1 1 3 3 8 20 20 23 15 15 6 6 2 6 6 8 12 12 25 25 14 20 20 4 4 4 5 5 13 26 26 33 23 23 25 25 26 19 19 16 
0 0 0 0 0 0 1 1 3 3 8 20 20 23 15 15 6 6 2 6 6 8 12 12 25 25 14 20 20 4 4 4 5 5 13 26 26 33 23 23 25 25 26 19 19 16 
0 0 0 0 0 0 0 0 1 1 3 8 8 9 6 6 3 3 2 19 19 23 19 19 21 21 20 13 13 6 4 4 3 3 6 17 17 25 44 44 25 25 17 8 8 5 
0 0 0 1 1 0 0 0 1 1 4 6 6 6 3 3 1 1 4 30 30 59 29 29 25 25 21 19 19 8 5 5 3 3 10 12 12 13 21 21 22 22 17 5 5 1 
0 0 0 1 1 0 0 0 1 1 4 6 6 6 3 3 1 1 4 30 30 59 29 29 25 25 21 19 19 8 5 5 3 3 10 12 12 13 21 21 22 22 17 5 5 1 
0 0 0 1 1 1 1 1 1 1 3 5 5 6 5 5 5 5 6 18 18 84 33 33 44 44 22 23 23 16 7 7 15 15 21 11 11 8 15 15 14 14 10 7 7 1 
0 0 0 0 0 0 1 1 2 2 2 3 3 5 5 5 5 5 5 3 3 33 22 22 24 24 21 25 25 34 11 11 13 13 15 5 5 5 8 8 19 19 12 4 4 1 
0 0 0 0 0 0 1 1 2 2 2 3 3 5 5 5 5 5 5 3 3 33 22 22 24 24 21 25 25 34 11 11 13 13 15 5 5 5 8 8 19 19 12 4 4 1 
0 0 0 0 0 0 0 0 0 0 1 2 2 3 3 3 4 4 6 6 6 21 25 25 32 32 32 27 27 25 17 17 19 19 11 6 6 6 8 8 14 14 6 1 1 0 
0 0 0 0 0 0 0 0 0 0 1 2 2 3 3 3 4 4 6 6 6 21 25 25 32 32 32 27 27 25 17 17 19 19 11 6 6 6 8 8 14 14 6 1 1 0 
0 0 0 0 0 0 0 0 1 1 1 2 2 2 4 4 3 3 3 2 2 16 15 15 15 15 14 17 17 59 29 29 25 25 17 4 4 11 11 11 9 9 3 0 0 0 
0 0 0 0 0 0 0 0 1 1 0 2 2 3 3 3 2 2 3 3 3 6 3 3 7 7 11 16 16 25 17 17 15 15 15 53 53 22 11 11 4 4 1 0 0 0 
0 0 0 0 0 0 0 0 1 1 0 2 2 3 3 3 2 2 3 3 3 6 3 3 7 7 11 16 16 25 17 17 15 15 15 53 53 22 11 11 4 4 1 0 0 0 
0 0 0 0 0 0 0 0 1 1 1 1 1 5 5 5 4 4 1 1 1 1 2 2 5 5 16 50 50 26 15 15 10 10 5 9 9 14 9 9 3 3 4 0 0 0 
0 0 0 0 0 0 0 0 0 0 2 2 2 8 9 9 4 4 0 1 1 1 2 2 4 4 12 45 45 25 29 29 8 8 3 5 5 10 6 6 5 5 1 0 0 0 
0 0 0 0 0 0 0 0 0 0 2 2 2 8 9 9 4 4 0 1 1 1 2 2 4 4 12 45 45 25 29 29 8 8 3 5 5 10 6 6 5 5 1 0 0 0 
0 0 0 0 0 0 0 0 0 0 1 1 1 3 5 5 7 7 6 0 0 0 0 0 2 2 4 35 35 32 12 12 4 4 6 8 8 8 8 8 7 7 0 0 0 0 
0 0 0 0 0 0 0 0 0 0 1 1 1 3 5 5 7 7 6 0 0 0 0 0 2 2 4 35 35 32 12 12 4 4 6 8 8 8 8 8 7 7 0 0 0 0 
0 0 0 0 0 0 0 0 0 0 0 2 2 1 2 2 4 4 7 1 1 0 0 0 0 0 2 3 3 8 9 9 6 6 5 9 9 10 9 9 8 8 1 2 2 0 
0 0 0 0 0 0 0 0 0 0 0 1 1 0 2 2 2 2 5 0 0 0 0 0 1 1 0 1 1 9 9 9 4 4 5 11 11 5 5 5 6 6 2 1 1 2 
0 0 0 0 0 0 0 0 0 0 0 1 1 0 2 2 2 2 5 0 0 0 0 0 1 1 0 1 1 9 9 9 4 4 5 11 11 5 5 5 6 6 2 1 1 2 
0 0 0 0 0 0 0 0 0 0 0 0 0 0 0 0 1 1 0 1 1 1 2 2 2 2 0 0 0 4 9 9 6 6 4 2 2 2 5 5 4 4 4 4 4 3 
0 0 0 0 0 0 0 0 0 0 0 0 0 0 0 0 0 0 0 1 1 4 6 6 7 7 1 1 1 3 2 2 9 9 3 7 7 5 3 3 1 1 2 5 5 4 
0 0 0 0 0 0 0 0 0 0 0 0 0 0 0 0 0 0 0 1 1 4 6 6 7 7 1 1 1 3 2 2 9 9 3 7 7 5 3 3 1 1 2 5 5 4 
0 0 0 0 0 0 0 0 0 0 0 0 0 0 0 0 0 0 0 0 0 2 3 3 1 1 0 1 1 0 0 0 1 1 3 3 3 12 6 6 1 1 1 1 1 1 
0 0 0 0 0 0 0 0 0 0 0 0 0 0 0 0 0 0 0 0 0 2 3 3 1 1 0 1 1 0 0 0 1 1 3 3 3 12 6 6 1 1 1 1 1 1 
0 0 0 0 0 0 0 0 0 0 0 0 0 0 0 0 0 0 0 0 0 0 0 0 0 0 0 0 0 0 0 0 0 0 4 3 3 20 4 4 0 0 3 1 1 2 
0 0 0 0 0 0 0 0 0 0 0 0 0 0 0 0 0 0 0 0 0 0 0 0 0 0 0 0 0 0 0 0 0 0 2 11 11 9 10 10 8 8 14 6 6 2 
0 0 0 0 0 0 0 0 0 0 0 0 0 0 0 0 0 0 0 0 0 0 0 0 0 0 0 0 0 0 0 0 0 0 2 11 11 9 10 10 8 8 14 6 6 2 
0 0 0 0 0 0 0 0 0 0 0 0 0 0 0 0 0 0 0 0 0 0 0 0 0 0 0 0 0 0 0 0 0 0 0 5 5 6 6 6 4 4 2 12 12 2 
0 0 0 0 0 0 0 0 0 0 0 0 0 0 0 0 0 0 0 0 0 0 0 0 0 0 0 0 0 0 0 0 0 0 0 5 5 4 7 7 4 4 1 0 0 0 
