assets/RAT_results/precipitation/2024-06-05_IMERG.asc
ncols        46
nrows        77
xllcorner    74.800261325624
yllcorner    8.058333333333
cellsize     0.062500000000
NODATA_value -9999
70 70 148 85 85 60 41 41 46 46 51 48 48 35 27 27 24 24 22 20 20 17 17 17 17 17 16 12 12 12 14 14 14 14 18 23 23 28 29 29 36 36 45 52 52 58 
55 55 50 99 99 93 62 62 42 42 37 34 34 22 16 16 21 21 23 23 23 18 13 13 5 5 6 7 7 9 12 12 15 15 18 22 22 28 39 39 50 50 62 71 71 74 
55 55 50 99 99 93 62 62 42 42 37 34 34 22 16 16 21 21 23 23 23 18 13 13 5 5 6 7 7 9 12 12 15 15 18 22 22 28 39 39 50 50 62 71 71 74 
58 58 16 19 19 24 21 21 20 20 22 27 27 32 27 27 31 31 27 23 23 12 5 5 4 4 4 4 4 7 11 11 15 15 19 24 24 32 43 43 54 54 66 74 74 78 
45 45 15 13 13 10 7 7 6 6 14 15 15 54 72 72 45 45 49 35 35 26 17 17 13 13 9 8 8 12 17 17 20 20 25 42 42 98 235 235 333 333 349 353 353 363 
45 45 15 13 13 10 7 7 6 6 14 15 15 54 72 72 45 45 49 35 35 26 17 17 13 13 9 8 8 12 17 17 20 20 25 42 42 98 235 235 333 333 349 353 353 363 
33 33 59 12 12 22 29 29 13 13 10 22 22 34 38 38 27 27 21 16 16 13 10 10 7 7 8 10 10 18 23 23 29 29 38 53 53 75 114 114 161 161 239 319 319 354 
33 33 59 12 12 22 29 29 13 13 10 22 22 34 38 38 27 27 21 16 16 13 10 10 7 7 8 10 10 18 23 23 29 29 38 53 53 75 114 114 161 161 239 319 319 354 
45 45 74 43 43 31 32 32 21 21 22 29 29 40 32 32 25 25 16 9 9 7 6 6 6 6 7 9 9 13 19 19 27 27 36 52 52 81 101 101 119 119 140 164 164 171 
40 40 87 72 72 35 33 33 18 18 25 28 28 22 21 21 15 15 13 9 9 6 5 5 5 5 5 7 7 11 17 17 24 24 33 45 45 53 71 71 87 87 108 125 125 132 
40 40 87 72 72 35 33 33 18 18 25 28 28 22 21 21 15 15 13 9 9 6 5 5 5 5 5 7 7 11 17 17 24 24 33 45 45 53 71 71 87 87 108 125 125 132 
44 44 87 64 64 59 34 34 37 37 34 21 21 15 11 11 6 6 4 3 3 1 1 1 2 2 4 5 5 9 15 15 21 21 30 37 37 36 40 40 50 50 68 77 77 86 
104 104 67 60 60 54 39 39 29 29 26 18 18 9 3 3 2 2 1 0 0 0 1 1 2 2 3 4 4 11 14 14 17 17 22 27 27 24 26 26 34 34 39 45 45 54 
104 104 67 60 60 54 39 39 29 29 26 18 18 9 3 3 2 2 1 0 0 0 1 1 2 2 3 4 4 11 14 14 17 17 22 27 27 24 26 26 34 34 39 45 45 54 
79 79 57 42 42 41 84 84 45 45 22 20 20 9 4 4 3 3 1 1 1 0 0 0 2 2 2 4 4 7 14 14 20 20 26 28 28 29 36 36 47 47 50 51 51 53 
79 79 57 42 42 41 84 84 45 45 22 20 20 9 4 4 3 3 1 1 1 0 0 0 2 2 2 4 4 7 14 14 20 20 26 28 28 29 36 36 47 47 50 51 51 53 
178 178 107 83 83 53 90 90 102 102 53 33 33 17 4 4 2 2 1 1 1 2 3 3 3 3 5 9 9 11 19 19 29 29 35 37 37 39 47 47 58 58 44 40 40 39 
43 43 61 64 64 56 51 51 74 74 40 28 28 16 9 9 6 6 5 7 7 14 14 14 13 13 14 19 19 17 25 25 36 36 45 47 47 54 52 52 65 65 47 44 44 34 
43 43 61 64 64 56 51 51 74 74 40 28 28 16 9 9 6 6 5 7 7 14 14 14 13 13 14 19 19 17 25 25 36 36 45 47 47 54 52 52 65 65 47 44 44 34 
44 44 76 78 78 131 91 91 56 56 45 33 33 20 15 15 12 12 13 13 13 21 24 24 25 25 23 20 20 18 18 18 18 18 23 27 27 24 22 22 22 22 12 9 9 9 
18 18 31 45 45 58 65 65 31 31 29 29 29 16 19 19 18 18 20 21 21 30 38 38 40 40 34 24 24 23 26 26 20 20 18 15 15 13 14 14 16 16 11 13 13 19 
18 18 31 45 45 58 65 65 31 31 29 29 29 16 19 19 18 18 20 21 21 30 38 38 40 40 34 24 24 23 26 26 20 20 18 15 15 13 14 14 16 16 11 13 13 19 
21 21 24 27 27 27 27 27 28 28 17 31 31 19 21 21 16 16 15 19 19 23 27 27 37 37 46 58 58 32 29 29 28 28 18 16 16 12 11 11 12 12 10 12 12 17 
21 21 24 27 27 27 27 27 28 28 17 31 31 19 21 21 16 16 15 19 19 23 27 27 37 37 46 58 58 32 29 29 28 28 18 16 16 12 11 11 12 12 10 12 12 17 
15 15 17 27 27 25 20 20 19 19 17 20 20 36 38 38 26 26 19 13 13 12 12 12 21 21 27 52 52 49 30 30 26 26 19 15 15 11 10 10 11 11 11 10 10 14 
19 19 24 34 34 36 33 33 32 32 30 29 29 41 43 43 50 50 28 24 24 18 19 19 22 22 26 27 27 27 16 16 15 15 12 10 10 13 10 10 8 8 8 6 6 7 
19 19 24 34 34 36 33 33 32 32 30 29 29 41 43 43 50 50 28 24 24 18 19 19 22 22 26 27 27 27 16 16 15 15 12 10 10 13 10 10 8 8 8 6 6 7 
23 23 27 35 35 40 42 42 45 45 43 41 41 44 53 53 30 30 28 18 18 17 18 18 18 18 19 17 17 28 28 28 23 23 25 21 21 15 11 11 10 10 7 3 3 3 
27 27 31 37 37 40 39 39 41 41 38 41 41 39 56 56 37 37 35 33 33 25 16 16 17 17 12 10 10 9 6 6 6 6 10 13 13 15 14 14 15 15 10 8 8 7 
27 27 31 37 37 40 39 39 41 41 38 41 41 39 56 56 37 37 35 33 33 25 16 16 17 17 12 10 10 9 6 6 6 6 10 13 13 15 14 14 15 15 10 8 8 7 
25 25 27 27 27 29 29 29 38 38 39 45 45 42 130 130 71 71 43 32 32 33 22 22 9 9 9 11 11 9 6 6 5 5 7 5 5 9 10 10 14 14 17 16 16 17 
25 25 27 27 27 29 29 29 38 38 39 45 45 42 130 130 71 71 43 32 32 33 22 22 9 9 9 11 11 9 6 6 5 5 7 5 5 9 10 10 14 14 17 16 16 17 
28 28 36 41 41 42 40 40 42 42 46 91 91 92 59 59 62 62 46 34 34 21 19 19 16 16 19 19 19 23 15 15 11 11 13 16 16 22 27 27 31 31 31 28 28 29 
42 42 52 50 50 60 52 52 58 58 51 90 90 61 54 54 51 51 37 38 38 34 33 33 27 27 27 30 30 41 34 34 23 23 26 36 36 44 48 48 53 53 55 48 48 51 
42 42 52 50 50 60 52 52 58 58 51 90 90 61 54 54 51 51 37 38 38 34 33 33 27 27 27 30 30 41 34 34 23 23 26 36 36 44 48 48 53 53 55 48 48 51 
50 50 48 52 52 61 58 58 55 55 54 55 55 53 56 56 51 51 52 53 53 66 48 48 50 50 48 37 37 39 35 35 35 35 42 52 52 64 71 71 86 86 88 80 80 71 
36 36 39 47 47 45 52 52 56 56 53 56 56 70 60 60 43 43 54 52 52 71 47 47 48 48 55 48 48 40 43 43 47 47 53 72 72 78 83 83 93 93 100 97 97 94 
36 36 39 47 47 45 52 52 56 56 53 56 56 70 60 60 43 43 54 52 52 71 47 47 48 48 55 48 48 40 43 43 47 47 53 72 72 78 83 83 93 93 100 97 97 94 
37 37 38 38 38 38 45 45 51 51 58 60 60 58 54 54 39 39 51 49 49 56 52 52 49 49 57 58 58 63 62 62 56 56 69 83 83 86 83 83 83 83 87 74 74 79 
37 37 38 38 38 38 45 45 51 51 58 60 60 58 54 54 39 39 51 49 49 56 52 52 49 49 57 58 58 63 62 62 56 56 69 83 83 86 83 83 83 83 87 74 74 79 
23 23 26 24 24 26 35 35 39 39 50 54 54 50 50 50 41 41 43 58 58 44 44 44 51 51 60 60 60 62 61 61 58 58 68 64 64 73 77 77 68 68 57 49 49 53 
13 13 17 21 21 26 32 32 39 39 49 55 55 51 45 45 45 45 46 58 58 49 49 49 52 52 53 52 52 56 71 71 64 64 81 78 78 74 73 73 68 68 62 45 45 52 
13 13 17 21 21 26 32 32 39 39 49 55 55 51 45 45 45 45 46 58 58 49 49 49 52 52 53 52 52 56 71 71 64 64 81 78 78 74 73 73 68 68 62 45 45 52 
13 13 15 21 21 34 44 44 45 45 47 49 49 55 58 58 54 54 51 55 55 52 51 51 49 49 50 56 56 74 82 82 77 77 83 86 86 67 70 70 72 72 68 56 56 53 
21 21 25 31 31 46 50 50 50 50 53 52 52 62 82 82 71 71 64 46 46 45 45 45 46 46 51 55 55 67 78 78 74 74 82 79 79 68 66 66 56 56 48 32 32 35 
21 21 25 31 31 46 50 50 50 50 53 52 52 62 82 82 71 71 64 46 46 45 45 45 46 46 51 55 55 67 78 78 74 74 82 79 79 68 66 66 56 56 48 32 32 35 
21 21 30 37 37 42 52 52 56 56 59 63 63 68 100 100 76 76 43 39 39 32 35 35 42 42 62 56 56 68 70 70 70 70 69 69 69 74 66 66 59 59 52 46 46 43 
21 21 30 37 37 42 52 52 56 56 59 63 63 68 100 100 76 76 43 39 39 32 35 35 42 42 62 56 56 68 70 70 70 70 69 69 69 74 66 66 59 59 52 46 46 43 
18 18 23 22 22 26 37 37 41 41 49 60 60 60 59 59 45 45 44 45 45 38 36 36 38 38 50 46 46 54 49 49 53 53 59 68 68 80 70 70 57 57 48 49 49 48 
12 12 13 16 16 18 26 26 40 40 44 53 53 56 47 47 43 43 45 45 45 36 47 47 47 47 48 37 37 54 57 57 58 58 48 54 54 62 59 59 44 44 35 42 42 40 
12 12 13 16 16 18 26 26 40 40 44 53 53 56 47 47 43 43 45 45 45 36 47 47 47 47 48 37 37 54 57 57 58 58 48 54 54 62 59 59 44 44 35 42 42 40 
9 9 10 14 14 16 22 22 34 34 38 37 37 35 36 36 45 45 56 46 46 44 54 54 49 49 37 30 30 35 55 55 43 43 34 38 38 49 49 49 40 40 33 26 26 27 
7 7 9 12 12 15 18 18 22 22 26 29 29 33 43 43 51 51 45 41 41 37 29 29 35 35 28 20 20 29 47 47 33 33 34 32 32 30 22 22 23 23 26 18 18 13 
7 7 9 12 12 15 18 18 22 22 26 29 29 33 43 43 51 51 45 41 41 37 29 29 35 35 28 20 20 29 47 47 33 33 34 32 32 30 22 22 23 23 26 18 18 13 
5 5 6 9 9 11 13 13 12 12 14 20 20 24 25 25 26 26 23 22 22 14 12 12 19 19 17 22 22 20 23 23 15 15 17 15 15 15 11 11 14 14 16 8 8 6 
5 5 6 9 9 11 13 13 12 12 14 20 20 24 25 25 26 26 23 22 22 14 12 12 19 19 17 22 22 20 23 23 15 15 17 15 15 15 11 11 14 14 16 8 8 6 
4 4 5 8 8 9 10 10 11 11 12 16 16 15 14 14 13 13 10 10 10 9 8 8 13 13 14 12 12 10 8 8 6 6 6 7 7 6 2 2 4 4 7 4 4 4 
4 4 5 8 8 11 13 13 10 10 10 9 9 8 8 8 8 8 8 10 10 7 7 7 7 7 6 7 7 6 4 4 10 10 3 6 6 2 1 1 4 4 5 4 4 1 
4 4 5 8 8 11 13 13 10 10 10 9 9 8 8 8 8 8 8 10 10 7 7 7 7 7 6 7 7 6 4 4 10 10 3 6 6 2 1 1 4 4 5 4 4 1 
3 3 6 9 9 14 15 15 10 10 9 8 8 7 7 7 8 8 10 9 9 7 6 6 6 6 6 5 5 4 3 3 9 9 8 2 2 1 0 0 1 1 1 0 0 0 
4 4 6 8 8 9 10 10 8 8 8 8 8 7 6 6 7 7 7 6 6 5 4 4 3 3 4 5 5 5 4 4 12 12 7 1 1 0 0 0 0 0 0 0 0 0 
4 4 6 8 8 9 10 10 8 8 8 8 8 7 6 6 7 7 7 6 6 5 4 4 3 3 4 5 5 5 4 4 12 12 7 1 1 0 0 0 0 0 0 0 0 0 
3 3 5 6 6 6 8 8 11 11 8 6 6 6 7 7 9 9 10 10 10 9 7 7 4 4 4 6 6 6 11 11 8 8 2 1 1 0 0 0 0 0 0 0 0 0 
3 3 5 6 6 6 8 8 11 11 8 6 6 6 7 7 9 9 10 10 10 9 7 7 4 4 4 6 6 6 11 11 8 8 2 1 1 0 0 0 0 0 0 0 0 0 
2 2 4 6 6 5 7 7 9 9 11 7 7 7 13 13 13 13 11 11 11 8 11 11 8 8 3 4 4 4 5 5 3 3 2 1 1 0 0 0 0 0 0 0 0 0 
3 3 3 4 4 4 6 6 8 8 8 7 7 7 9 9 10 10 13 17 17 16 17 17 12 12 4 4 4 6 4 4 3 3 2 1 1 0 0 0 0 0 0 0 0 0 
3 3 3 4 4 4 6 6 8 8 8 7 7 7 9 9 10 10 13 17 17 16 17 17 12 12 4 4 4 6 4 4 3 3 2 1 1 0 0 0 0 0 0 0 0 0 
4 4 3 4 4 4 4 4 4 4 4 4 4 4 7 7 10 10 14 14 14 18 16 16 11 11 6 6 6 13 13 13 6 6 5 4 4 2 0 0 0 0 0 0 0 0 
4 4 2 2 2 2 2 2 2 2 3 3 3 3 4 4 5 5 7 8 8 9 9 9 8 8 5 5 5 7 5 5 4 4 2 1 1 0 0 0 0 0 0 0 0 0 
4 4 2 2 2 2 2 2 2 2 3 3 3 3 4 4 5 5 7 8 8 9 9 9 8 8 5 5 5 7 5 5 4 4 2 1 1 0 0 0 0 0 0 0 0 0 
2 2 2 1 1 1 1 1 1 1 1 1 1 1 1 1 1 1 3 4 4 5 7 7 6 6 6 8 8 9 5 5 4 4 7 2 2 2 3 3 1 1 0 0 0 0 
2 2 2 1 1 1 1 1 1 1 1 1 1 1 1 1 1 1 3 4 4 5 7 7 6 6 6 8 8 9 5 5 4 4 7 2 2 2 3 3 1 1 0 0 0 0 
2 2 2 2 2 1 1 1 1 1 1 1 1 1 1 1 1 1 2 2 2 3 4 4 5 5 4 7 7 7 6 6 5 5 5 3 3 3 4 4 2 2 1 0 0 1 
2 2 2 2 2 2 2 2 1 1 1 1 1 1 1 1 1 1 2 3 3 4 5 5 5 5 4 5 5 5 4 4 3 3 3 7 7 5 3 3 3 3 1 0 0 1 
2 2 2 2 2 2 2 2 1 1 1 1 1 1 1 1 1 1 2 3 3 4 5 5 5 5 4 5 5 5 4 4 3 3 3 7 7 5 3 3 3 3 1 0 0 1 
2 2 2 2 2 2 2 2 1 1 1 1 1 1 2 2 2 2 3 3 3 4 5 5 5 5 5 4 4 3 4 4 4 4 5 4 4 4 6 6 16 16 19 11 11 10 
3 3 3 3 3 3 2 2 2 2 1 1 1 1 1 1 2 2 2 2 2 3 3 3 2 2 3 3 3 3 3 3 5 5 9 8 8 7 15 15 25 25 19 11 11 12 
