assets/RAT_results/precipitation/2024-05-28_IMERG.asc
ncols        46
nrows        77
xllcorner    74.800261325624
yllcorner    8.058333333333
cellsize     0.062500000000
NODATA_value -9999
11 11 10 9 9 4 5 5 7 7 6 6 6 5 3 3 3 3 3 1 1 2 0 0 0 0 0 0 0 0 0 0 0 0 0 0 0 0 0 0 0 0 0 0 0 1 
18 18 19 12 12 15 4 4 5 5 3 3 3 3 2 2 2 2 1 1 1 1 0 0 0 0 0 0 0 1 1 1 0 0 0 0 0 0 0 0 0 0 0 0 0 0 
18 18 19 12 12 15 4 4 5 5 3 3 3 3 2 2 2 2 1 1 1 1 0 0 0 0 0 0 0 1 1 1 0 0 0 0 0 0 0 0 0 0 0 0 0 0 
15 15 10 10 10 9 7 7 5 5 3 2 2 2 6 6 2 2 1 0 0 0 0 0 0 0 0 0 0 2 2 2 1 1 0 0 0 0 0 0 0 0 0 0 0 0 
7 7 4 5 5 5 2 2 2 2 4 3 3 3 2 2 2 2 2 1 1 1 1 1 1 1 0 1 1 2 2 2 2 2 1 0 0 0 0 0 0 0 0 0 0 0 
7 7 4 5 5 5 2 2 2 2 4 3 3 3 2 2 2 2 2 1 1 1 1 1 1 1 0 1 1 2 2 2 2 2 1 0 0 0 0 0 0 0 0 0 0 0 
5 5 4 6 6 4 8 8 6 6 8 2 2 5 2 2 2 2 2 1 1 1 1 1 1 1 2 1 1 2 2 2 2 2 2 0 0 0 0 0 0 0 0 0 0 0 
5 5 4 6 6 4 8 8 6 6 8 2 2 5 2 2 2 2 2 1 1 1 1 1 1 1 2 1 1 2 2 2 2 2 2 0 0 0 0 0 0 0 0 0 0 0 
6 6 6 5 5 9 12 12 13 13 12 6 6 4 2 2 3 3 3 2 2 1 1 1 2 2 3 3 3 4 2 2 2 2 2 1 1 0 0 0 0 0 0 0 0 0 
11 11 9 12 12 11 12 12 16 16 14 8 8 3 4 4 3 3 4 3 3 2 2 2 2 2 3 3 3 3 2 2 2 2 3 2 2 1 0 0 0 0 0 0 0 0 
11 11 9 12 12 11 12 12 16 16 14 8 8 3 4 4 3 3 4 3 3 2 2 2 2 2 3 3 3 3 2 2 2 2 3 2 2 1 0 0 0 0 0 0 0 0 
13 13 15 15 15 15 16 16 19 19 13 11 11 4 3 3 2 2 2 3 3 2 2 2 2 2 3 4 4 3 3 3 2 2 2 1 1 1 0 0 0 0 0 0 0 0 
22 22 22 22 22 17 14 14 13 13 12 12 12 9 9 9 9 9 2 2 2 2 3 3 4 4 5 4 4 3 3 3 2 2 2 1 1 1 0 0 0 0 0 0 0 0 
22 22 22 22 22 17 14 14 13 13 12 12 12 9 9 9 9 9 2 2 2 2 3 3 4 4 5 4 4 3 3 3 2 2 2 1 1 1 0 0 0 0 0 0 0 0 
48 48 25 23 23 18 15 15 14 14 14 15 15 10 6 6 9 9 3 3 3 3 4 4 5 5 6 5 5 4 4 4 3 3 3 2 2 1 0 0 0 0 0 0 0 0 
48 48 25 23 23 18 15 15 14 14 14 15 15 10 6 6 9 9 3 3 3 3 4 4 5 5 6 5 5 4 4 4 3 3 3 2 2 1 0 0 0 0 0 0 0 0 
51 51 48 47 47 34 18 18 23 23 14 14 14 11 9 9 10 10 4 3 3 4 6 6 6 6 5 5 5 5 5 5 4 4 4 2 2 1 0 0 0 0 0 0 0 0 
194 194 86 49 49 35 27 27 24 24 13 11 11 7 5 5 3 3 2 3 3 3 4 4 5 5 5 5 5 6 7 7 5 5 5 2 2 1 0 0 0 0 0 0 0 0 
194 194 86 49 49 35 27 27 24 24 13 11 11 7 5 5 3 3 2 3 3 3 4 4 5 5 5 5 5 6 7 7 5 5 5 2 2 1 0 0 0 0 0 0 0 0 
193 193 85 114 114 106 154 154 150 150 58 10 10 6 5 5 6 6 2 3 3 3 3 3 5 5 5 5 5 5 4 4 3 3 4 3 3 1 0 0 0 0 0 0 0 0 
48 48 51 59 59 56 60 60 154 154 63 21 21 19 10 10 9 9 3 5 5 4 5 5 5 5 4 4 4 4 3 3 2 2 4 5 5 4 1 1 0 0 0 0 0 0 
48 48 51 59 59 56 60 60 154 154 63 21 21 19 10 10 9 9 3 5 5 4 5 5 5 5 4 4 4 4 3 3 2 2 4 5 5 4 1 1 0 0 0 0 0 0 
22 22 50 50 50 49 57 57 49 49 48 28 28 22 10 10 7 7 4 6 6 6 6 6 3 3 3 3 3 3 2 2 2 2 3 4 4 4 3 3 1 1 0 0 0 0 
22 22 50 50 50 49 57 57 49 49 48 28 28 22 10 10 7 7 4 6 6 6 6 6 3 3 3 3 3 3 2 2 2 2 3 4 4 4 3 3 1 1 0 0 0 0 
18 18 19 17 17 22 22 22 30 30 52 30 30 23 16 16 6 6 7 9 9 5 3 3 3 3 2 3 3 3 2 2 2 2 1 2 2 4 4 4 2 2 0 0 0 0 
12 12 16 15 15 26 27 27 31 31 35 66 66 50 40 40 22 22 7 6 6 3 2 2 1 1 1 2 2 2 2 2 2 2 1 2 2 3 3 3 2 2 0 0 0 0 
12 12 16 15 15 26 27 27 31 31 35 66 66 50 40 40 22 22 7 6 6 3 2 2 1 1 1 2 2 2 2 2 2 2 1 2 2 3 3 3 2 2 0 0 0 0 
9 9 8 16 16 27 23 23 24 24 28 23 23 53 52 52 25 25 24 6 6 3 4 4 1 1 0 1 1 2 2 2 2 2 1 1 1 1 2 2 3 3 1 0 0 0 
7 7 9 19 19 14 14 14 20 20 15 15 15 15 15 15 14 14 13 17 17 7 4 4 2 2 1 1 1 2 2 2 3 3 2 1 1 1 2 2 4 4 3 1 1 1 
7 7 9 19 19 14 14 14 20 20 15 15 15 15 15 15 14 14 13 17 17 7 4 4 2 2 1 1 1 2 2 2 3 3 2 1 1 1 2 2 4 4 3 1 1 1 
6 6 8 9 9 10 10 10 12 12 14 11 11 16 18 18 17 17 16 17 17 10 6 6 6 6 2 1 1 1 1 1 2 2 2 1 1 1 2 2 3 3 4 3 3 1 
6 6 8 9 9 10 10 10 12 12 14 11 11 16 18 18 17 17 16 17 17 10 6 6 6 6 2 1 1 1 1 1 2 2 2 1 1 1 2 2 3 3 4 3 3 1 
6 6 7 9 9 9 10 10 9 9 12 11 11 14 15 15 17 17 24 24 24 20 11 11 9 9 3 1 1 1 1 1 1 1 2 2 2 2 2 2 3 3 4 6 6 2 
12 12 7 9 9 9 11 11 11 11 12 9 9 11 12 12 23 23 25 24 24 26 11 11 11 11 6 3 3 1 1 1 1 1 2 2 2 2 3 3 3 3 5 5 5 2 
12 12 7 9 9 9 11 11 11 11 12 9 9 11 12 12 23 23 25 24 24 26 11 11 11 11 6 3 3 1 1 1 1 1 2 2 2 2 3 3 3 3 5 5 5 2 
17 17 13 11 11 12 17 17 14 14 13 9 9 10 12 12 14 14 21 27 27 24 18 18 13 13 12 10 10 5 2 2 1 1 1 1 1 2 3 3 3 3 4 2 2 1 
24 24 19 14 14 10 16 16 16 16 14 9 9 9 12 12 10 10 10 27 27 25 20 20 15 15 16 12 12 14 6 6 3 3 2 1 1 2 3 3 3 3 3 1 1 1 
24 24 19 14 14 10 16 16 16 16 14 9 9 9 12 12 10 10 10 27 27 25 20 20 15 15 16 12 12 14 6 6 3 3 2 1 1 2 3 3 3 3 3 1 1 1 
35 35 21 16 16 13 15 15 17 17 16 14 14 10 10 10 8 8 7 16 16 25 22 22 22 22 19 19 19 18 8 8 7 7 7 10 10 3 3 3 3 3 3 2 2 1 
35 35 21 16 16 13 15 15 17 17 16 14 14 10 10 10 8 8 7 16 16 25 22 22 22 22 19 19 19 18 8 8 7 7 7 10 10 3 3 3 3 3 3 2 2 1 
36 36 25 19 19 19 18 18 18 18 17 15 15 11 11 11 10 10 11 14 14 17 22 22 19 19 18 15 15 17 21 21 15 15 16 11 11 14 4 4 3 3 4 2 2 1 
37 37 29 24 24 25 21 21 20 20 19 20 20 18 13 13 14 14 26 12 12 18 23 23 31 31 25 19 19 24 26 26 21 21 21 17 17 13 8 8 5 5 3 2 2 1 
37 37 29 24 24 25 21 21 20 20 19 20 20 18 13 13 14 14 26 12 12 18 23 23 31 31 25 19 19 24 26 26 21 21 21 17 17 13 8 8 5 5 3 2 2 1 
40 40 39 36 36 35 25 25 22 22 22 21 21 28 15 15 15 15 26 27 27 45 65 65 76 76 54 24 24 22 21 21 16 16 17 13 13 11 6 6 3 3 2 1 1 1 
41 41 44 43 43 37 30 30 26 26 29 26 26 28 24 24 21 21 25 70 70 70 67 67 69 69 43 30 30 28 19 19 15 15 16 10 10 8 5 5 3 3 1 0 0 0 
41 41 44 43 43 37 30 30 26 26 29 26 26 28 24 24 21 21 25 70 70 70 67 67 69 69 43 30 30 28 19 19 15 15 16 10 10 8 5 5 3 3 1 0 0 0 
39 39 43 51 51 53 47 47 40 40 65 83 83 76 75 75 28 28 25 73 73 76 49 49 47 47 44 27 27 21 18 18 17 17 13 12 12 7 5 5 4 4 1 0 0 0 
39 39 43 51 51 53 47 47 40 40 65 83 83 76 75 75 28 28 25 73 73 76 49 49 47 47 44 27 27 21 18 18 17 17 13 12 12 7 5 5 4 4 1 0 0 0 
44 44 45 50 50 53 53 53 70 70 73 99 99 92 97 97 59 59 52 45 45 99 83 83 52 52 41 40 40 33 27 27 12 12 9 9 9 9 7 7 4 4 1 0 0 0 
46 46 48 47 47 48 52 52 72 72 82 128 128 139 134 134 117 117 134 45 45 94 94 94 54 54 51 43 43 43 13 13 14 14 7 10 10 11 7 7 3 3 1 0 0 0 
46 46 48 47 47 48 52 52 72 72 82 128 128 139 134 134 117 117 134 45 45 94 94 94 54 54 51 43 43 43 13 13 14 14 7 10 10 11 7 7 3 3 1 0 0 0 
48 48 50 51 51 54 62 62 97 97 105 134 134 144 139 139 121 121 135 146 146 54 48 48 44 44 34 56 56 47 30 30 31 31 14 12 12 8 4 4 2 2 1 0 0 0 
49 49 51 55 55 57 66 66 111 111 99 125 125 127 130 130 128 128 134 132 132 132 68 68 44 44 27 38 38 33 21 21 32 32 20 14 14 13 3 3 2 2 1 1 1 0 
49 49 51 55 55 57 66 66 111 111 99 125 125 127 130 130 128 128 134 132 132 132 68 68 44 44 27 38 38 33 21 21 32 32 20 14 14 13 3 3 2 2 1 1 1 0 
47 47 50 52 52 53 55 55 106 106 113 114 114 192 218 218 213 213 137 128 128 126 79 79 72 72 46 44 44 29 24 24 17 17 22 12 12 15 5 5 4 4 3 2 2 1 
47 47 50 52 52 53 55 55 106 106 113 114 114 192 218 218 213 213 137 128 128 126 79 79 72 72 46 44 44 29 24 24 17 17 22 12 12 15 5 5 4 4 3 2 2 1 
47 47 48 50 50 53 57 57 60 60 96 113 113 189 211 211 210 210 161 110 110 120 120 120 67 67 55 60 60 50 19 19 18 18 18 18 18 16 8 8 5 5 4 3 3 2 
28 28 30 32 32 36 44 44 58 58 98 107 107 107 110 110 100 100 100 108 108 107 118 118 94 94 78 88 88 61 34 34 28 28 18 18 18 16 10 10 6 6 5 4 4 3 
28 28 30 32 32 36 44 44 58 58 98 107 107 107 110 110 100 100 100 108 108 107 118 118 94 94 78 88 88 61 34 34 28 28 18 18 18 16 10 10 6 6 5 4 4 3 
26 26 27 31 31 35 41 41 54 54 59 66 66 66 113 113 103 103 106 62 62 81 76 76 70 70 74 84 84 41 34 34 25 25 24 18 18 17 11 11 7 7 5 4 4 3 
28 28 29 33 33 34 35 35 34 34 54 60 60 62 73 73 104 104 107 61 61 41 75 75 57 57 63 61 61 65 49 49 42 42 27 19 19 19 13 13 5 5 5 4 4 4 
28 28 29 33 33 34 35 35 34 34 54 60 60 62 73 73 104 104 107 61 61 41 75 75 57 57 63 61 61 65 49 49 42 42 27 19 19 19 13 13 5 5 5 4 4 4 
23 23 23 28 28 29 30 30 32 32 29 30 30 42 43 43 35 35 99 47 47 32 47 47 44 44 55 48 48 40 46 46 44 44 33 17 17 13 11 11 5 5 4 4 4 4 
23 23 23 28 28 29 30 30 32 32 29 30 30 42 43 43 35 35 99 47 47 32 47 47 44 44 55 48 48 40 46 46 44 44 33 17 17 13 11 11 5 5 4 4 4 4 
22 22 23 24 24 27 29 29 30 30 30 28 28 37 38 38 29 29 19 20 20 27 44 44 43 43 54 53 53 35 34 34 34 34 27 20 20 17 6 6 5 5 4 3 3 3 
20 20 21 24 24 28 28 28 28 28 27 25 25 24 23 23 21 21 21 18 18 24 42 42 43 43 50 41 41 34 32 32 32 32 29 23 23 13 7 7 5 5 3 2 2 2 
20 20 21 24 24 28 28 28 28 28 27 25 25 24 23 23 21 21 21 18 18 24 42 42 43 43 50 41 41 34 32 32 32 32 29 23 23 13 7 7 5 5 3 2 2 2 
16 16 18 21 21 24 24 24 24 24 23 24 24 22 19 19 18 18 16 25 25 36 40 40 49 49 52 39 39 34 29 29 31 31 28 24 24 23 9 9 8 8 7 2 2 2 
15 15 15 16 16 18 21 21 22 22 22 23 23 22 18 18 18 18 19 23 23 28 33 33 48 48 50 47 47 40 37 37 29 29 25 24 24 22 16 16 13 13 8 4 4 3 
15 15 15 16 16 18 21 21 22 22 22 23 23 22 18 18 18 18 19 23 23 28 33 33 48 48 50 47 47 40 37 37 29 29 25 24 24 22 16 16 13 13 8 4 4 3 
18 18 18 19 19 20 22 22 22 22 23 24 24 23 20 20 18 18 18 22 22 27 28 28 32 32 33 35 35 34 29 29 27 27 24 24 24 23 18 18 14 14 14 5 5 2 
18 18 18 19 19 20 22 22 22 22 23 24 24 23 20 20 18 18 18 22 22 27 28 28 32 32 33 35 35 34 29 29 27 27 24 24 24 23 18 18 14 14 14 5 5 2 
21 21 20 22 22 23 23 23 24 24 24 25 25 26 26 26 20 20 20 19 19 21 20 20 20 20 27 30 30 35 24 24 25 25 22 26 26 24 20 20 14 14 5 4 4 1 
24 24 25 26 26 27 29 29 31 31 29 29 29 29 31 31 34 34 40 19 19 19 21 21 20 20 19 19 19 18 19 19 21 21 17 20 20 21 20 20 16 16 4 6 6 2 
24 24 25 26 26 27 29 29 31 31 29 29 29 29 31 31 34 34 40 19 19 19 21 21 20 20 19 19 19 18 19 19 21 21 17 20 20 21 20 20 16 16 4 6 6 2 
27 27 26 26 26 27 32 32 35 35 34 35 35 38 40 40 37 37 33 20 20 18 16 16 15 15 17 19 19 19 19 19 13 13 17 12 12 15 18 18 12 12 3 5 5 3 
27 27 27 30 30 31 24 24 25 25 26 27 27 27 27 27 27 27 26 24 24 23 21 21 19 19 20 20 20 18 16 16 16 16 15 12 12 16 14 14 13 13 7 5 5 3 
