assets/RAT_results/precipitation/2024-12-13_IMERG.asc
ncols        46
nrows        77
xllcorner    74.800261325624
yllcorner    8.058333333333
cellsize     0.062500000000
NODATA_value -9999
1 1 0 1 1 0 0 0 0 0 0 0 0 0 0 0 0 0 0 1 1 0 1 1 1 1 1 1 1 0 0 0 0 0 0 0 0 0 0 0 0 0 0 0 0 0 
1 1 0 1 1 1 0 0 0 0 0 0 0 0 0 0 0 0 0 0 0 0 1 1 1 1 2 2 2 1 0 0 0 0 0 0 0 0 1 1 0 0 0 0 0 1 
1 1 0 1 1 1 0 0 0 0 0 0 0 0 0 0 0 0 0 0 0 0 1 1 1 1 2 2 2 1 0 0 0 0 0 0 0 0 1 1 0 0 0 0 0 1 
1 1 1 1 1 1 1 1 0 0 0 0 0 0 0 0 0 0 0 0 0 0 1 1 1 1 2 2 2 1 1 1 0 0 1 0 0 1 1 1 1 1 2 1 1 1 
0 0 0 0 0 1 0 0 1 1 0 0 0 0 0 0 0 0 1 0 0 0 0 0 1 1 1 1 1 2 1 1 0 0 0 1 1 1 2 2 2 2 1 1 1 1 
0 0 0 0 0 1 0 0 1 1 0 0 0 0 0 0 0 0 1 0 0 0 0 0 1 1 1 1 1 2 1 1 0 0 0 1 1 1 2 2 2 2 1 1 1 1 
0 0 1 0 0 0 1 1 1 1 1 1 1 1 1 1 0 0 0 0 0 0 0 0 1 1 1 2 2 2 2 2 1 1 1 0 0 1 1 1 1 1 1 1 1 1 
0 0 1 0 0 0 1 1 1 1 1 1 1 1 1 1 0 0 0 0 0 0 0 0 1 1 1 2 2 2 2 2 1 1 1 0 0 1 1 1 1 1 1 1 1 1 
1 1 1 3 3 2 2 2 2 2 2 1 1 1 1 1 1 1 1 0 0 0 0 0 1 1 1 2 2 1 2 2 2 2 2 2 2 2 2 2 1 1 2 2 2 2 
1 1 2 3 3 5 2 2 1 1 2 1 1 1 0 0 0 0 0 0 0 0 0 0 0 0 1 2 2 2 2 2 2 2 2 2 2 2 2 2 2 2 3 4 4 4 
1 1 2 3 3 5 2 2 1 1 2 1 1 1 0 0 0 0 0 0 0 0 0 0 0 0 1 2 2 2 2 2 2 2 2 2 2 2 2 2 2 2 3 4 4 4 
1 1 1 2 2 3 9 9 3 3 2 2 2 2 1 1 0 0 0 0 0 0 0 0 0 0 0 0 0 1 2 2 2 2 2 2 2 2 2 2 4 4 4 6 6 5 
1 1 1 1 1 3 5 5 3 3 5 3 3 6 1 1 0 0 0 0 0 0 0 0 0 0 0 0 0 1 2 2 2 2 2 2 2 2 2 2 2 2 4 7 7 8 
1 1 1 1 1 3 5 5 3 3 5 3 3 6 1 1 0 0 0 0 0 0 0 0 0 0 0 0 0 1 2 2 2 2 2 2 2 2 2 2 2 2 4 7 7 8 
0 0 0 1 1 1 3 3 4 4 4 3 3 4 1 1 1 1 0 0 0 0 0 0 0 0 1 1 1 2 2 2 2 2 3 4 4 6 6 6 5 5 5 8 8 7 
0 0 0 1 1 1 3 3 4 4 4 3 3 4 1 1 1 1 0 0 0 0 0 0 0 0 1 1 1 2 2 2 2 2 3 4 4 6 6 6 5 5 5 8 8 7 
0 0 0 1 1 3 1 1 3 3 8 4 4 4 11 11 6 6 1 1 1 0 0 0 1 1 1 3 3 1 3 3 3 3 3 6 6 7 7 7 11 11 11 14 14 14 
0 0 0 1 1 3 1 1 1 1 6 6 6 12 10 10 6 6 2 0 0 0 1 1 1 1 1 2 2 4 3 3 5 5 5 8 8 6 7 7 8 8 11 13 13 13 
0 0 0 1 1 3 1 1 1 1 6 6 6 12 10 10 6 6 2 0 0 0 1 1 1 1 1 2 2 4 3 3 5 5 5 8 8 6 7 7 8 8 11 13 13 13 
0 0 0 3 3 6 3 3 2 2 5 9 9 12 8 8 3 3 2 1 1 0 1 1 1 1 3 2 2 5 5 5 9 9 11 10 10 9 9 9 9 9 12 15 15 16 
1 1 1 3 3 5 4 4 4 4 7 13 13 7 3 3 2 2 1 2 2 1 1 1 4 4 5 5 5 9 9 9 17 17 13 11 11 8 3 3 6 6 10 11 11 9 
1 1 1 3 3 5 4 4 4 4 7 13 13 7 3 3 2 2 1 2 2 1 1 1 4 4 5 5 5 9 9 9 17 17 13 11 11 8 3 3 6 6 10 11 11 9 
2 2 3 2 2 2 3 3 6 6 5 6 6 6 8 8 2 2 3 2 2 1 1 1 3 3 5 5 5 7 6 6 6 6 8 4 4 4 5 5 9 9 9 9 9 10 
2 2 3 2 2 2 3 3 6 6 5 6 6 6 8 8 2 2 3 2 2 1 1 1 3 3 5 5 5 7 6 6 6 6 8 4 4 4 5 5 9 9 9 9 9 10 
2 2 2 3 3 2 2 2 5 5 3 4 4 7 8 8 6 6 2 2 2 1 1 1 5 5 4 4 4 3 3 3 4 4 5 6 6 2 2 2 4 4 6 6 6 6 
1 1 1 3 3 3 7 7 7 7 6 4 4 4 9 9 8 8 5 2 2 2 3 3 5 5 5 4 4 3 3 3 7 7 4 3 3 2 1 1 3 3 4 3 3 4 
1 1 1 3 3 3 7 7 7 7 6 4 4 4 9 9 8 8 5 2 2 2 3 3 5 5 5 4 4 3 3 3 7 7 4 3 3 2 1 1 3 3 4 3 3 4 
2 2 2 2 2 2 6 6 8 8 9 9 9 8 11 11 12 12 7 5 5 6 8 8 6 6 5 4 4 3 9 9 11 11 8 3 3 3 1 1 1 1 4 3 3 5 
1 1 2 2 2 2 5 5 6 6 8 8 8 13 12 12 18 18 9 5 5 6 8 8 7 7 8 4 4 7 10 10 9 9 8 7 7 2 2 2 4 4 8 8 8 6 
1 1 2 2 2 2 5 5 6 6 8 8 8 13 12 12 18 18 9 5 5 6 8 8 7 7 8 4 4 7 10 10 9 9 8 7 7 2 2 2 4 4 8 8 8 6 
2 2 3 3 3 2 5 5 6 6 7 11 11 13 12 12 13 13 10 8 8 9 15 15 10 10 10 7 7 6 6 6 8 8 8 2 2 1 1 1 11 11 15 16 16 11 
2 2 3 3 3 2 5 5 6 6 7 11 11 13 12 12 13 13 10 8 8 9 15 15 10 10 10 7 7 6 6 6 8 8 8 2 2 1 1 1 11 11 15 16 16 11 
3 3 4 4 4 6 7 7 8 8 13 16 16 22 19 19 18 18 14 19 19 18 29 29 20 20 18 14 14 10 8 8 10 10 7 6 6 8 7 7 14 14 33 36 36 23 
4 4 4 4 4 7 9 9 11 11 16 16 16 15 19 19 17 17 21 20 20 17 22 22 21 21 16 15 15 13 11 11 8 8 7 9 9 8 23 23 34 34 38 28 28 16 
4 4 4 4 4 7 9 9 11 11 16 16 16 15 19 19 17 17 21 20 20 17 22 22 21 21 16 15 15 13 11 11 8 8 7 9 9 8 23 23 34 34 38 28 28 16 
4 4 4 4 4 7 8 8 11 11 12 18 18 22 21 21 20 20 24 33 33 29 34 34 28 28 24 18 18 21 16 16 14 14 8 20 20 9 22 22 36 36 39 32 32 19 
4 4 4 5 5 7 8 8 10 10 15 18 18 22 22 22 26 26 31 46 46 53 44 44 47 47 37 34 34 36 33 33 26 26 24 28 28 10 31 31 41 41 38 49 49 39 
4 4 4 5 5 7 8 8 10 10 15 18 18 22 22 22 26 26 31 46 46 53 44 44 47 47 37 34 34 36 33 33 26 26 24 28 28 10 31 31 41 41 38 49 49 39 
3 3 3 5 5 7 9 9 11 11 17 21 21 25 30 30 34 34 34 44 44 53 57 57 54 54 40 41 41 49 49 49 56 56 61 32 32 29 59 59 39 39 50 58 58 65 
3 3 3 5 5 7 9 9 11 11 17 21 21 25 30 30 34 34 34 44 44 53 57 57 54 54 40 41 41 49 49 49 56 56 61 32 32 29 59 59 39 39 50 58 58 65 
3 3 3 6 6 8 10 10 14 14 17 19 19 21 35 35 38 38 32 36 36 35 49 49 55 55 51 55 55 53 52 52 56 56 65 42 42 52 61 61 59 59 62 62 62 66 
3 3 4 8 8 10 12 12 20 20 23 27 27 28 40 40 41 41 38 37 37 36 42 42 40 40 50 58 58 56 57 57 54 54 64 56 56 70 64 64 73 73 69 69 69 80 
3 3 4 8 8 10 12 12 20 20 23 27 27 28 40 40 41 41 38 37 37 36 42 42 40 40 50 58 58 56 57 57 54 54 64 56 56 70 64 64 73 73 69 69 69 80 
4 4 5 9 9 11 15 15 25 25 27 36 36 41 40 40 39 39 37 32 32 33 38 38 39 39 47 50 50 47 50 50 68 68 65 49 49 70 80 80 80 80 70 68 68 75 
6 6 10 11 11 12 17 17 31 31 35 38 38 48 46 46 43 43 32 32 32 37 36 36 41 41 55 45 45 51 60 60 77 77 78 67 67 78 117 117 107 107 81 56 56 49 
6 6 10 11 11 12 17 17 31 31 35 38 38 48 46 46 43 43 32 32 32 37 36 36 41 41 55 45 45 51 60 60 77 77 78 67 67 78 117 117 107 107 81 56 56 49 
4 4 9 10 10 14 24 24 31 31 34 31 31 46 42 42 41 41 38 34 34 38 44 44 33 33 35 35 35 45 55 55 70 70 78 83 83 66 57 57 49 49 42 30 30 32 
4 4 9 10 10 14 24 24 31 31 34 31 31 46 42 42 41 41 38 34 34 38 44 44 33 33 35 35 35 45 55 55 70 70 78 83 83 66 57 57 49 49 42 30 30 32 
5 5 8 9 9 12 28 28 31 31 37 37 37 40 43 43 43 43 44 41 41 47 46 46 30 30 32 34 34 45 55 55 59 59 71 83 83 77 55 55 51 51 37 23 23 28 
5 5 9 10 10 13 24 24 29 29 34 30 30 37 39 39 39 39 37 40 40 50 50 50 32 32 30 27 27 34 44 44 48 48 59 73 73 71 67 67 64 64 53 23 23 22 
5 5 9 10 10 13 24 24 29 29 34 30 30 37 39 39 39 39 37 40 40 50 50 50 32 32 30 27 27 34 44 44 48 48 59 73 73 71 67 67 64 64 53 23 23 22 
9 9 9 10 10 13 21 21 30 30 34 32 32 32 34 34 34 34 35 39 39 42 45 45 30 30 31 31 31 30 38 38 38 38 53 60 60 68 57 57 61 61 53 31 31 26 
8 8 9 12 12 21 22 22 22 22 20 19 19 17 22 22 24 24 27 30 30 36 38 38 29 29 29 31 31 29 26 26 28 28 36 50 50 46 44 44 42 42 39 35 35 29 
8 8 9 12 12 21 22 22 22 22 20 19 19 17 22 22 24 24 27 30 30 36 38 38 29 29 29 31 31 29 26 26 28 28 36 50 50 46 44 44 42 42 39 35 35 29 
11 11 13 14 14 18 18 18 17 17 16 16 16 17 21 21 21 21 25 31 31 35 48 48 32 32 33 28 28 31 28 28 28 28 29 30 30 30 34 34 29 29 26 26 26 24 
11 11 13 14 14 18 18 18 17 17 16 16 16 17 21 21 21 21 25 31 31 35 48 48 32 32 33 28 28 31 28 28 28 28 29 30 30 30 34 34 29 29 26 26 26 24 
21 21 28 29 29 27 22 22 18 18 13 12 12 14 15 15 18 18 24 30 30 38 32 32 29 29 32 31 31 31 35 35 37 37 31 24 24 15 17 17 20 20 14 11 11 9 
30 30 44 55 55 55 43 43 32 32 20 13 13 12 12 12 19 19 24 26 26 39 53 53 49 49 36 37 37 33 34 34 33 33 33 29 29 17 18 18 12 12 8 6 6 9 
30 30 44 55 55 55 43 43 32 32 20 13 13 12 12 12 19 19 24 26 26 39 53 53 49 49 36 37 37 33 34 34 33 33 33 29 29 17 18 18 12 12 8 6 6 9 
38 38 50 57 57 64 59 59 43 43 29 21 21 14 11 11 11 11 14 14 14 18 35 35 29 29 38 44 44 44 41 41 43 43 46 40 40 30 27 27 20 20 12 11 11 9 
49 49 53 53 53 51 55 55 46 46 32 26 26 18 20 20 14 14 15 12 12 11 13 13 24 24 41 49 49 60 62 62 65 65 57 55 55 42 38 38 40 40 31 42 42 21 
49 49 53 53 53 51 55 55 46 46 32 26 26 18 20 20 14 14 15 12 12 11 13 13 24 24 41 49 49 60 62 62 65 65 57 55 55 42 38 38 40 40 31 42 42 21 
37 37 46 54 54 61 57 57 53 53 41 46 46 35 41 41 31 31 21 20 20 9 7 7 10 10 24 41 41 63 72 72 73 73 69 71 71 51 46 46 39 39 40 53 53 35 
37 37 46 54 54 61 57 57 53 53 41 46 46 35 41 41 31 31 21 20 20 9 7 7 10 10 24 41 41 63 72 72 73 73 69 71 71 51 46 46 39 39 40 53 53 35 
28 28 29 41 41 49 49 49 46 46 45 37 37 55 49 49 44 44 34 28 28 12 9 9 9 9 10 22 22 38 52 52 62 62 73 76 76 69 55 55 60 60 49 65 65 47 
23 23 38 39 39 38 45 45 49 49 61 65 65 62 56 56 46 46 38 34 34 29 25 25 18 18 23 24 24 35 36 36 35 35 50 59 59 65 76 76 67 67 60 75 75 85 
23 23 38 39 39 38 45 45 49 49 61 65 65 62 56 56 46 46 38 34 34 29 25 25 18 18 23 24 24 35 36 36 35 35 50 59 59 65 76 76 67 67 60 75 75 85 
31 31 47 54 54 50 51 51 58 58 60 55 55 45 38 38 31 31 32 35 35 32 33 33 27 27 25 15 15 18 21 21 22 22 26 30 30 95 90 90 69 69 83 87 87 97 
40 40 57 71 71 71 73 73 75 75 68 57 57 37 27 27 28 28 42 42 42 43 31 31 22 22 20 12 12 11 9 9 14 14 15 15 15 24 52 52 59 59 67 68 68 78 
40 40 57 71 71 71 73 73 75 75 68 57 57 37 27 27 28 28 42 42 42 43 31 31 22 22 20 12 12 11 9 9 14 14 15 15 15 24 52 52 59 59 67 68 68 78 
51 51 52 66 66 75 70 70 67 67 50 40 40 24 21 21 19 19 28 33 33 27 20 20 14 14 10 8 8 10 6 6 7 7 10 10 10 10 16 16 30 30 38 55 55 65 
51 51 52 66 66 75 70 70 67 67 50 40 40 24 21 21 19 19 28 33 33 27 20 20 14 14 10 8 8 10 6 6 7 7 10 10 10 10 16 16 30 30 38 55 55 65 
40 40 55 69 69 84 96 96 93 93 71 50 50 32 23 23 20 20 17 23 23 22 20 20 14 14 10 6 6 6 4 4 3 3 5 6 6 5 8 8 7 7 16 30 30 49 
34 34 53 69 69 81 97 97 118 118 113 94 94 74 51 51 31 31 21 17 17 15 17 17 17 17 18 10 10 10 8 8 8 8 4 5 5 7 7 7 5 5 6 19 19 20 
34 34 53 69 69 81 97 97 118 118 113 94 94 74 51 51 31 31 21 17 17 15 17 17 17 17 18 10 10 10 8 8 8 8 4 5 5 7 7 7 5 5 6 19 19 20 
42 42 48 57 57 62 63 63 67 67 63 65 65 59 48 48 31 31 25 18 18 14 14 14 13 13 16 14 14 12 11 11 9 9 5 5 5 5 5 5 4 4 7 13 13 13 
55 55 58 62 62 59 48 48 43 43 37 34 34 37 30 30 24 24 26 30 30 22 18 18 17 17 20 29 29 26 9 9 6 6 3 2 2 1 0 0 1 1 3 3 3 6 
