assets/RAT_results/precipitation/2024-04-12_IMERG.asc
ncols        46
nrows        77
xllcorner    74.800261325624
yllcorner    8.058333333333
cellsize     0.062500000000
NODATA_value -9999
1 1 0 0 0 0 0 0 0 0 0 0 0 0 1 1 1 1 2 1 1 1 1 1 1 1 1 1 1 0 0 0 0 0 0 0 0 0 0 0 0 0 0 0 0 0 
1 1 0 0 0 0 0 0 0 0 0 0 0 1 2 2 1 1 2 1 1 1 1 1 1 1 1 1 1 0 0 0 0 0 0 0 0 0 0 0 0 0 0 0 0 0 
1 1 0 0 0 0 0 0 0 0 0 0 0 1 2 2 1 1 2 1 1 1 1 1 1 1 1 1 1 0 0 0 0 0 0 0 0 0 0 0 0 0 0 0 0 0 
1 1 0 0 0 0 0 0 0 0 0 0 0 0 1 1 0 0 1 0 0 0 0 0 0 0 0 0 0 0 0 0 0 0 0 0 0 0 0 0 0 0 0 0 0 0 
0 0 8 10 10 0 0 0 0 0 0 0 0 0 0 0 0 0 0 0 0 0 0 0 0 0 0 0 0 0 0 0 1 1 0 0 0 0 0 0 0 0 0 0 0 0 
0 0 8 10 10 0 0 0 0 0 0 0 0 0 0 0 0 0 0 0 0 0 0 0 0 0 0 0 0 0 0 0 1 1 0 0 0 0 0 0 0 0 0 0 0 0 
1 1 9 9 9 1 0 0 0 0 0 0 0 0 0 0 2 2 1 1 1 1 1 1 1 1 1 2 2 8 1 1 1 1 1 0 0 0 0 0 0 0 0 0 0 0 
1 1 9 9 9 1 0 0 0 0 0 0 0 0 0 0 2 2 1 1 1 1 1 1 1 1 1 2 2 8 1 1 1 1 1 0 0 0 0 0 0 0 0 0 0 0 
0 0 0 0 0 0 0 0 0 0 0 1 1 5 3 3 6 6 3 3 3 3 6 6 8 8 20 10 10 8 1 1 0 0 0 0 0 0 0 0 0 0 0 0 0 0 
0 0 0 0 0 0 0 0 0 0 1 2 2 4 8 8 4 4 8 3 3 2 5 5 1 1 18 1 1 2 0 0 0 0 0 0 0 0 0 0 0 0 0 0 0 0 
0 0 0 0 0 0 0 0 0 0 1 2 2 4 8 8 4 4 8 3 3 2 5 5 1 1 18 1 1 2 0 0 0 0 0 0 0 0 0 0 0 0 0 0 0 0 
0 0 0 0 0 0 0 0 0 0 0 1 1 2 2 2 2 2 1 1 1 0 1 1 1 1 6 1 1 2 0 0 0 0 0 0 0 0 0 0 0 0 0 0 0 0 
0 0 0 0 0 0 0 0 0 0 0 0 0 0 0 0 0 0 0 0 0 0 0 0 0 0 0 0 0 0 0 0 0 0 0 0 0 0 0 0 0 0 0 0 0 0 
0 0 0 0 0 0 0 0 0 0 0 0 0 0 0 0 0 0 0 0 0 0 0 0 0 0 0 0 0 0 0 0 0 0 0 0 0 0 0 0 0 0 0 0 0 0 
0 0 0 0 0 0 0 0 0 0 0 0 0 0 0 0 0 0 0 0 0 0 0 0 0 0 0 0 0 0 0 0 0 0 0 0 0 0 0 0 0 0 0 0 0 0 
0 0 0 0 0 0 0 0 0 0 0 0 0 0 0 0 0 0 0 0 0 0 0 0 0 0 0 0 0 0 0 0 0 0 0 0 0 0 0 0 0 0 0 0 0 0 
0 0 0 0 0 0 0 0 0 0 0 0 0 0 0 0 0 0 0 0 0 0 2 2 1 1 0 0 0 1 1 1 1 1 1 0 0 0 0 0 0 0 0 0 0 0 
0 0 0 0 0 0 0 0 0 0 0 0 0 0 0 0 0 0 0 1 1 2 9 9 6 6 2 2 2 2 1 1 1 1 0 0 0 0 0 0 0 0 0 0 0 1 
0 0 0 0 0 0 0 0 0 0 0 0 0 0 0 0 0 0 0 1 1 2 9 9 6 6 2 2 2 2 1 1 1 1 0 0 0 0 0 0 0 0 0 0 0 1 
0 0 0 0 0 0 0 0 0 0 0 0 0 0 0 0 0 0 0 1 1 1 4 4 4 4 4 2 2 1 1 1 0 0 0 0 0 0 0 0 0 0 0 0 0 1 
0 0 0 0 0 0 0 0 1 1 2 2 2 0 0 0 0 0 1 3 3 1 2 2 4 4 4 2 2 0 0 0 0 0 0 0 0 0 0 0 1 1 0 2 2 0 
0 0 0 0 0 0 0 0 1 1 2 2 2 0 0 0 0 0 1 3 3 1 2 2 4 4 4 2 2 0 0 0 0 0 0 0 0 0 0 0 1 1 0 2 2 0 
0 0 0 0 0 0 0 0 2 2 7 2 2 1 0 0 0 0 0 2 2 1 1 1 3 3 3 6 6 0 0 0 0 0 1 1 1 0 0 0 0 0 0 0 0 0 
0 0 0 0 0 0 0 0 2 2 7 2 2 1 0 0 0 0 0 2 2 1 1 1 3 3 3 6 6 0 0 0 0 0 1 1 1 0 0 0 0 0 0 0 0 0 
0 0 0 0 0 1 1 1 5 5 14 3 3 7 0 0 0 0 0 0 0 0 0 0 1 1 1 7 7 1 1 1 10 10 5 14 14 0 0 0 0 0 1 1 1 1 
0 0 1 2 2 4 3 3 11 11 9 0 0 0 0 0 0 0 0 0 0 0 0 0 0 0 0 4 4 3 11 11 37 37 18 17 17 0 0 0 1 1 1 2 2 3 
0 0 1 2 2 4 3 3 11 11 9 0 0 0 0 0 0 0 0 0 0 0 0 0 0 0 0 4 4 3 11 11 37 37 18 17 17 0 0 0 1 1 1 2 2 3 
0 0 1 3 3 3 3 3 4 4 3 1 1 0 1 1 0 0 0 0 0 0 1 1 0 0 1 1 1 2 1 1 8 8 4 4 4 1 1 1 2 2 2 4 4 6 
0 0 5 4 4 4 2 2 1 1 1 1 1 1 0 0 0 0 0 0 0 1 1 1 1 1 2 3 3 3 2 2 9 9 1 1 1 1 2 2 3 3 4 5 5 7 
0 0 5 4 4 4 2 2 1 1 1 1 1 1 0 0 0 0 0 0 0 1 1 1 1 1 2 3 3 3 2 2 9 9 1 1 1 1 2 2 3 3 4 5 5 7 
2 2 8 2 2 1 1 1 1 1 1 1 1 1 1 1 0 0 1 2 2 3 3 3 4 4 6 6 6 4 3 3 2 2 2 2 2 2 2 2 4 4 6 5 5 4 
2 2 8 2 2 1 1 1 1 1 1 1 1 1 1 1 0 0 1 2 2 3 3 3 4 4 6 6 6 4 3 3 2 2 2 2 2 2 2 2 4 4 6 5 5 4 
6 6 7 1 1 0 1 1 1 1 1 1 1 1 2 2 4 4 3 6 6 7 7 7 6 6 6 5 5 4 3 3 7 7 6 6 6 4 4 4 4 4 5 4 4 4 
3 3 3 1 1 1 1 1 1 1 2 2 2 3 5 5 6 6 9 13 13 15 34 34 31 31 23 22 22 14 7 7 8 8 6 9 9 7 6 6 6 6 4 3 3 3 
3 3 3 1 1 1 1 1 1 1 2 2 2 3 5 5 6 6 9 13 13 15 34 34 31 31 23 22 22 14 7 7 8 8 6 9 9 7 6 6 6 6 4 3 3 3 
2 2 1 0 0 1 4 4 3 3 8 9 9 10 13 13 14 14 32 46 46 46 41 41 31 31 22 20 20 28 26 26 12 12 9 10 10 9 6 6 6 6 3 2 2 2 
1 1 2 2 2 5 7 7 11 11 17 25 25 21 18 18 31 31 34 43 43 44 42 42 47 47 39 49 49 27 28 28 13 13 16 12 12 9 6 6 3 3 2 1 1 1 
1 1 2 2 2 5 7 7 11 11 17 25 25 21 18 18 31 31 34 43 43 44 42 42 47 47 39 49 49 27 28 28 13 13 16 12 12 9 6 6 3 3 2 1 1 1 
2 2 6 9 9 10 20 20 32 32 28 28 28 31 23 23 18 18 24 31 31 35 35 35 14 14 18 29 29 33 31 31 23 23 21 15 15 11 8 8 3 3 3 1 1 1 
2 2 6 9 9 10 20 20 32 32 28 28 28 31 23 23 18 18 24 31 31 35 35 35 14 14 18 29 29 33 31 31 23 23 21 15 15 11 8 8 3 3 3 1 1 1 
6 6 12 15 15 18 19 19 30 30 40 25 25 21 16 16 12 12 17 4 4 2 3 3 10 10 26 44 44 51 44 44 30 30 22 15 15 10 10 10 4 4 2 1 1 0 
4 4 15 14 14 7 9 9 9 9 18 11 11 7 5 5 3 3 2 1 1 1 4 4 9 9 28 43 43 54 49 49 40 40 25 13 13 9 7 7 5 5 3 5 5 0 
4 4 15 14 14 7 9 9 9 9 18 11 11 7 5 5 3 3 2 1 1 1 4 4 9 9 28 43 43 54 49 49 40 40 25 13 13 9 7 7 5 5 3 5 5 0 
4 4 12 17 17 11 5 5 4 4 5 5 5 4 3 3 2 2 1 1 1 1 3 3 11 11 40 60 60 71 44 44 27 27 16 13 13 16 8 8 9 9 4 1 1 0 
11 11 17 29 29 22 8 8 5 5 4 3 3 3 3 3 2 2 1 1 1 3 6 6 10 10 25 35 35 37 23 23 15 15 15 22 22 17 10 10 5 5 2 1 1 0 
11 11 17 29 29 22 8 8 5 5 4 3 3 3 3 3 2 2 1 1 1 3 6 6 10 10 25 35 35 37 23 23 15 15 15 22 22 17 10 10 5 5 2 1 1 0 
20 20 22 26 26 21 16 16 10 10 2 2 2 1 1 1 1 1 1 1 1 1 2 2 6 6 8 9 9 10 9 9 12 12 26 26 26 19 11 11 4 4 1 0 0 0 
20 20 22 26 26 21 16 16 10 10 2 2 2 1 1 1 1 1 1 1 1 1 2 2 6 6 8 9 9 10 9 9 12 12 26 26 26 19 11 11 4 4 1 0 0 0 
35 35 38 29 29 25 24 24 17 17 9 3 3 3 2 2 2 2 0 0 0 2 5 5 8 8 7 19 19 10 9 9 13 13 18 18 18 14 8 8 3 3 1 0 0 1 
40 40 46 33 33 28 31 31 24 24 13 5 5 5 2 2 2 2 0 1 1 5 16 16 15 15 16 31 31 11 9 9 11 11 16 17 17 12 7 7 2 2 1 1 1 1 
40 40 46 33 33 28 31 31 24 24 13 5 5 5 2 2 2 2 0 1 1 5 16 16 15 15 16 31 31 11 9 9 11 11 16 17 17 12 7 7 2 2 1 1 1 1 
42 42 41 37 37 28 30 30 26 26 22 11 11 12 4 4 3 3 2 2 2 6 16 16 16 16 16 22 22 10 10 10 14 14 22 19 19 12 6 6 2 2 2 0 0 2 
29 29 20 19 19 27 28 28 22 22 17 20 20 15 2 2 3 3 2 2 2 3 11 11 10 10 12 15 15 11 13 13 22 22 23 18 18 11 4 4 1 1 4 1 1 11 
29 29 20 19 19 27 28 28 22 22 17 20 20 15 2 2 3 3 2 2 2 3 11 11 10 10 12 15 15 11 13 13 22 22 23 18 18 11 4 4 1 1 4 1 1 11 
30 30 13 11 11 13 14 14 12 12 7 8 8 5 1 1 0 0 0 1 1 2 3 3 1 1 4 5 5 7 18 18 28 28 26 15 15 7 2 2 0 0 9 1 1 8 
30 30 13 11 11 13 14 14 12 12 7 8 8 5 1 1 0 0 0 1 1 2 3 3 1 1 4 5 5 7 18 18 28 28 26 15 15 7 2 2 0 0 9 1 1 8 
17 17 10 5 5 6 6 6 4 4 3 2 2 2 1 1 1 1 2 3 3 3 2 2 1 1 4 7 7 13 20 20 25 25 18 8 8 4 1 1 2 2 4 13 13 17 
9 9 12 9 9 6 8 8 7 7 4 3 3 2 3 3 4 4 4 4 4 3 2 2 2 2 3 12 12 19 14 14 12 12 7 3 3 1 4 4 6 6 27 45 45 30 
9 9 12 9 9 6 8 8 7 7 4 3 3 2 3 3 4 4 4 4 4 3 2 2 2 2 3 12 12 19 14 14 12 12 7 3 3 1 4 4 6 6 27 45 45 30 
8 8 3 4 4 11 15 15 16 16 15 14 14 9 7 7 7 7 5 2 2 1 2 2 6 6 3 7 7 9 8 8 5 5 2 1 1 1 1 1 1 1 12 17 17 35 
4 4 5 6 6 14 20 20 23 23 22 21 21 11 6 6 4 4 2 1 1 0 0 0 1 1 1 3 3 4 3 3 2 2 7 2 2 1 1 1 3 3 9 8 8 15 
4 4 5 6 6 14 20 20 23 23 22 21 21 11 6 6 4 4 2 1 1 0 0 0 1 1 1 3 3 4 3 3 2 2 7 2 2 1 1 1 3 3 9 8 8 15 
5 5 4 6 6 11 18 18 20 20 20 13 13 6 3 3 1 1 1 0 0 0 0 0 0 0 0 1 1 1 1 1 1 1 2 3 3 5 5 5 6 6 6 9 9 8 
5 5 4 6 6 11 18 18 20 20 20 13 13 6 3 3 1 1 1 0 0 0 0 0 0 0 0 1 1 1 1 1 1 1 2 3 3 5 5 5 6 6 6 9 9 8 
6 6 4 6 6 12 17 17 9 9 6 4 4 2 1 1 0 0 0 0 0 0 0 0 0 0 5 1 1 1 1 1 2 2 8 11 11 7 8 8 9 9 15 14 14 8 
7 7 3 4 4 10 13 13 4 4 1 1 1 1 1 1 1 1 0 0 0 0 1 1 2 2 17 5 5 5 4 4 8 8 13 13 13 10 11 11 12 12 18 17 17 7 
7 7 3 4 4 10 13 13 4 4 1 1 1 1 1 1 1 1 0 0 0 0 1 1 2 2 17 5 5 5 4 4 8 8 13 13 13 10 11 11 12 12 18 17 17 7 
9 9 3 4 4 3 3 3 1 1 1 1 1 1 5 5 5 5 1 0 0 0 1 1 9 9 45 36 36 7 11 11 14 14 19 16 16 14 14 14 16 16 15 22 22 1 
8 8 6 5 5 3 2 2 1 1 0 0 0 1 1 1 3 3 1 0 0 0 2 2 11 11 56 41 41 4 8 8 21 21 18 20 20 14 18 18 11 11 14 33 33 2 
8 8 6 5 5 3 2 2 1 1 0 0 0 1 1 1 3 3 1 0 0 0 2 2 11 11 56 41 41 4 8 8 21 21 18 20 20 14 18 18 11 11 14 33 33 2 
3 3 4 4 4 2 1 1 1 1 1 0 0 0 1 1 3 3 1 1 1 0 2 2 5 5 21 28 28 11 16 16 23 23 11 13 13 9 9 9 10 10 13 13 13 11 
3 3 4 4 4 2 1 1 1 1 1 0 0 0 1 1 3 3 1 1 1 0 2 2 5 5 21 28 28 11 16 16 23 23 11 13 13 9 9 9 10 10 13 13 13 11 
1 1 2 3 3 3 2 2 2 2 3 1 1 1 1 1 1 1 1 1 1 1 2 2 4 4 7 13 13 14 6 6 11 11 7 7 7 6 7 7 7 7 5 4 4 13 
1 1 1 2 2 3 3 3 4 4 5 3 3 3 2 2 2 2 2 2 2 3 7 7 9 9 10 7 7 7 5 5 4 4 9 10 10 4 5 5 4 4 2 8 8 8 
1 1 1 2 2 3 3 3 4 4 5 3 3 3 2 2 2 2 2 2 2 3 7 7 9 9 10 7 7 7 5 5 4 4 9 10 10 4 5 5 4 4 2 8 8 8 
2 2 2 3 3 4 6 6 7 7 8 8 8 6 5 5 5 5 5 5 5 7 11 11 14 14 14 9 9 9 8 8 6 6 4 3 3 3 4 4 2 2 2 2 2 11 
3 3 4 5 5 7 10 10 12 12 13 13 13 12 11 11 12 12 11 11 11 12 13 13 14 14 15 10 10 11 15 15 11 11 6 3 3 3 7 7 5 5 8 1 1 8 
