assets/RAT_results/precipitation/2024-11-26_IMERG.asc
ncols        46
nrows        77
xllcorner    74.800261325624
yllcorner    8.058333333333
cellsize     0.062500000000
NODATA_value -9999
0 0 0 0 0 0 0 0 0 0 0 1 1 0 0 0 0 0 0 0 0 0 0 0 0 0 0 0 0 0 0 0 0 0 0 0 0 0 0 0 0 0 0 0 0 0 
0 0 0 0 0 0 0 0 0 0 1 0 0 0 0 0 0 0 0 0 0 0 0 0 0 0 0 0 0 0 0 0 0 0 0 0 0 0 0 0 0 0 0 0 0 0 
0 0 0 0 0 0 0 0 0 0 1 0 0 0 0 0 0 0 0 0 0 0 0 0 0 0 0 0 0 0 0 0 0 0 0 0 0 0 0 0 0 0 0 0 0 0 
0 0 0 0 0 0 0 0 0 0 0 0 0 0 0 0 0 0 0 0 0 0 0 0 0 0 0 0 0 0 0 0 0 0 0 0 0 0 0 0 0 0 0 0 0 0 
0 0 0 0 0 0 0 0 0 0 0 0 0 0 0 0 0 0 0 1 1 0 0 0 0 0 0 0 0 0 0 0 0 0 0 0 0 0 0 0 0 0 0 0 0 0 
0 0 0 0 0 0 0 0 0 0 0 0 0 0 0 0 0 0 0 1 1 0 0 0 0 0 0 0 0 0 0 0 0 0 0 0 0 0 0 0 0 0 0 0 0 0 
0 0 0 0 0 0 0 0 0 0 0 0 0 0 0 0 0 0 0 1 1 0 0 0 0 0 0 0 0 0 0 0 0 0 0 0 0 1 1 1 0 0 0 0 0 0 
0 0 0 0 0 0 0 0 0 0 0 0 0 0 0 0 0 0 0 1 1 0 0 0 0 0 0 0 0 0 0 0 0 0 0 0 0 1 1 1 0 0 0 0 0 0 
0 0 0 0 0 0 0 0 0 0 0 0 0 0 0 0 0 0 0 0 0 0 0 0 0 0 0 0 0 0 0 0 0 0 0 0 0 0 1 1 0 0 0 0 0 0 
0 0 0 0 0 0 0 0 0 0 0 0 0 0 0 0 0 0 0 0 0 0 0 0 0 0 0 0 0 0 0 0 0 0 0 1 1 1 0 0 0 0 0 1 1 1 
0 0 0 0 0 0 0 0 0 0 0 0 0 0 0 0 0 0 0 0 0 0 0 0 0 0 0 0 0 0 0 0 0 0 0 1 1 1 0 0 0 0 0 1 1 1 
1 1 0 0 0 0 0 0 0 0 0 0 0 0 0 0 0 0 0 0 0 0 0 0 0 0 0 0 0 0 0 0 0 0 0 1 1 1 1 1 1 1 1 1 1 1 
0 0 0 0 0 0 0 0 0 0 0 0 0 0 0 0 0 0 0 0 0 0 0 0 0 0 0 0 0 0 0 0 0 0 0 1 1 1 1 1 0 0 1 1 1 2 
0 0 0 0 0 0 0 0 0 0 0 0 0 0 0 0 0 0 0 0 0 0 0 0 0 0 0 0 0 0 0 0 0 0 0 1 1 1 1 1 0 0 1 1 1 2 
0 0 0 0 0 0 0 0 0 0 0 0 0 0 0 0 0 0 0 1 1 0 0 0 0 0 0 0 0 0 0 0 0 0 0 1 1 1 1 1 1 1 2 2 2 3 
0 0 0 0 0 0 0 0 0 0 0 0 0 0 0 0 0 0 0 1 1 0 0 0 0 0 0 0 0 0 0 0 0 0 0 1 1 1 1 1 1 1 2 2 2 3 
0 0 0 0 0 0 0 0 0 0 0 0 0 0 0 0 0 0 0 2 2 1 0 0 0 0 0 0 0 0 0 0 0 0 1 1 1 1 2 2 3 3 4 5 5 5 
0 0 0 0 0 0 0 0 0 0 0 1 1 0 1 1 1 1 1 2 2 0 0 0 0 0 0 0 0 0 0 0 1 1 2 3 3 4 4 4 5 5 6 7 7 7 
0 0 0 0 0 0 0 0 0 0 0 1 1 0 1 1 1 1 1 2 2 0 0 0 0 0 0 0 0 0 0 0 1 1 2 3 3 4 4 4 5 5 6 7 7 7 
1 1 0 0 0 0 0 0 0 0 0 1 1 1 1 1 1 1 1 1 1 0 0 0 0 0 0 0 0 0 0 0 1 1 3 5 5 5 6 6 6 6 7 8 8 8 
0 0 0 0 0 0 0 0 0 0 0 0 0 1 1 1 1 1 1 2 2 0 0 0 0 0 0 0 0 1 1 1 3 3 4 6 6 6 6 6 6 6 7 8 8 9 
0 0 0 0 0 0 0 0 0 0 0 0 0 1 1 1 1 1 1 2 2 0 0 0 0 0 0 0 0 1 1 1 3 3 4 6 6 6 6 6 6 6 7 8 8 9 
0 0 0 0 0 0 0 0 0 0 0 0 0 0 0 0 0 0 0 1 1 1 1 1 1 1 2 3 3 3 4 4 4 4 4 5 5 5 6 6 6 6 7 8 8 9 
0 0 0 0 0 0 0 0 0 0 0 0 0 0 0 0 0 0 0 1 1 1 1 1 1 1 2 3 3 3 4 4 4 4 4 5 5 5 6 6 6 6 7 8 8 9 
0 0 0 0 0 0 0 0 0 0 0 0 0 0 0 0 0 0 0 0 0 1 1 1 2 2 3 2 2 2 2 2 4 4 5 5 5 6 7 7 8 8 9 9 9 10 
1 1 0 0 0 0 0 0 0 0 0 1 1 1 0 0 0 0 0 0 0 1 2 2 2 2 2 2 2 2 2 2 4 4 4 5 5 5 6 6 7 7 8 10 10 11 
1 1 0 0 0 0 0 0 0 0 0 1 1 1 0 0 0 0 0 0 0 1 2 2 2 2 2 2 2 2 2 2 4 4 4 5 5 5 6 6 7 7 8 10 10 11 
1 1 1 1 1 1 0 0 0 0 1 1 1 1 1 1 1 1 2 3 3 2 1 1 1 1 0 0 0 0 1 1 2 2 3 4 4 4 5 5 7 7 8 9 9 12 
4 4 2 2 2 1 1 1 0 0 1 2 2 3 5 5 6 6 6 4 4 4 3 3 1 1 0 0 0 0 0 0 2 2 3 3 3 4 6 6 8 8 10 12 12 14 
4 4 2 2 2 1 1 1 0 0 1 2 2 3 5 5 6 6 6 4 4 4 3 3 1 1 0 0 0 0 0 0 2 2 3 3 3 4 6 6 8 8 10 12 12 14 
7 7 5 4 4 2 3 3 3 3 6 7 7 7 6 6 10 10 7 6 6 3 2 2 2 2 1 1 1 1 1 1 3 3 4 5 5 5 7 7 10 10 12 14 14 16 
7 7 5 4 4 2 3 3 3 3 6 7 7 7 6 6 10 10 7 6 6 3 2 2 2 2 1 1 1 1 1 1 3 3 4 5 5 5 7 7 10 10 12 14 14 16 
14 14 6 7 7 4 4 4 5 5 8 7 7 5 4 4 4 4 4 3 3 2 2 2 3 3 3 2 2 2 2 2 4 4 5 5 5 6 8 8 12 12 14 16 16 18 
8 8 10 5 5 5 4 4 4 4 7 8 8 5 4 4 3 3 5 5 5 4 3 3 4 4 4 3 3 5 6 6 6 6 7 8 8 9 12 12 16 16 17 20 20 23 
8 8 10 5 5 5 4 4 4 4 7 8 8 5 4 4 3 3 5 5 5 4 3 3 4 4 4 3 3 5 6 6 6 6 7 8 8 9 12 12 16 16 17 20 20 23 
5 5 5 4 4 2 2 2 3 3 6 7 7 8 8 8 3 3 5 6 6 6 5 5 6 6 6 6 6 7 7 7 8 8 10 13 13 14 16 16 20 20 21 23 23 26 
6 6 5 4 4 3 1 1 3 3 5 6 6 8 9 9 6 6 6 8 8 9 9 9 11 11 13 12 12 13 14 14 15 15 17 19 19 23 24 24 29 29 31 30 30 33 
6 6 5 4 4 3 1 1 3 3 5 6 6 8 9 9 6 6 6 8 8 9 9 9 11 11 13 12 12 13 14 14 15 15 17 19 19 23 24 24 29 29 31 30 30 33 
1 1 1 2 2 1 1 1 3 3 4 4 4 4 4 4 6 6 6 10 10 12 13 13 15 15 17 16 16 19 22 22 25 25 28 29 29 30 31 31 33 33 35 36 36 41 
1 1 1 2 2 1 1 1 3 3 4 4 4 4 4 4 6 6 6 10 10 12 13 13 15 15 17 16 16 19 22 22 25 25 28 29 29 30 31 31 33 33 35 36 36 41 
0 0 1 1 1 0 0 0 0 0 1 3 3 2 4 4 6 6 9 12 12 14 13 13 17 17 20 21 21 26 33 33 34 34 35 30 30 33 36 36 36 36 36 40 40 46 
0 0 0 0 0 0 0 0 0 0 1 2 2 3 4 4 6 6 7 11 11 15 15 15 17 17 20 21 21 26 36 36 41 41 45 37 37 37 39 39 38 38 38 43 43 52 
0 0 0 0 0 0 0 0 0 0 1 2 2 3 4 4 6 6 7 11 11 15 15 15 17 17 20 21 21 26 36 36 41 41 45 37 37 37 39 39 38 38 38 43 43 52 
0 0 0 0 0 0 0 0 1 1 1 3 3 4 4 4 6 6 7 13 13 15 14 14 16 16 20 22 22 27 37 37 43 43 48 38 38 36 39 39 45 45 48 51 51 56 
0 0 1 1 1 1 1 1 1 1 2 3 3 5 6 6 7 7 9 12 12 15 16 16 18 18 20 23 23 30 40 40 44 44 51 45 45 40 42 42 48 48 49 53 53 55 
0 0 1 1 1 1 1 1 1 1 2 3 3 5 6 6 7 7 9 12 12 15 16 16 18 18 20 23 23 30 40 40 44 44 51 45 45 40 42 42 48 48 49 53 53 55 
0 0 0 1 1 1 1 1 2 2 2 3 3 5 5 5 6 6 9 10 10 14 15 15 16 16 19 22 22 28 33 33 37 37 43 45 45 40 38 38 39 39 39 40 40 45 
0 0 0 1 1 1 1 1 2 2 2 3 3 5 5 5 6 6 9 10 10 14 15 15 16 16 19 22 22 28 33 33 37 37 43 45 45 40 38 38 39 39 39 40 40 45 
0 0 0 0 0 0 1 1 1 1 2 3 3 3 4 4 6 6 8 10 10 15 18 18 17 17 21 23 23 28 36 36 40 40 45 47 47 43 40 40 38 38 36 39 39 45 
0 0 0 0 0 0 1 1 1 1 2 2 2 4 5 5 8 8 11 15 15 20 24 24 21 21 24 27 27 31 37 37 42 42 49 52 52 52 50 50 49 49 48 46 46 50 
0 0 0 0 0 0 1 1 1 1 2 2 2 4 5 5 8 8 11 15 15 20 24 24 21 21 24 27 27 31 37 37 42 42 49 52 52 52 50 50 49 49 48 46 46 50 
1 1 0 0 0 0 1 1 1 1 1 2 2 3 5 5 8 8 12 17 17 21 25 25 21 21 25 27 27 31 35 35 37 37 46 50 50 49 48 48 49 49 49 49 49 55 
1 1 1 1 1 1 1 1 2 2 2 3 3 6 9 9 12 12 17 23 23 27 29 29 26 26 29 28 28 30 35 35 38 38 46 47 47 47 46 46 45 45 49 51 51 57 
1 1 1 1 1 1 1 1 2 2 2 3 3 6 9 9 12 12 17 23 23 27 29 29 26 26 29 28 28 30 35 35 38 38 46 47 47 47 46 46 45 45 49 51 51 57 
0 0 0 1 1 2 2 2 4 4 4 3 3 5 9 9 12 12 16 24 24 28 31 31 28 28 30 29 29 33 37 37 39 39 45 48 48 48 49 49 57 57 55 59 59 64 
0 0 0 1 1 2 2 2 4 4 4 3 3 5 9 9 12 12 16 24 24 28 31 31 28 28 30 29 29 33 37 37 39 39 45 48 48 48 49 49 57 57 55 59 59 64 
0 0 1 2 2 2 4 4 4 4 3 3 3 4 9 9 12 12 15 22 22 25 28 28 25 25 28 29 29 32 36 36 36 36 40 43 43 43 44 44 51 51 56 59 59 67 
2 2 1 3 3 5 5 5 6 6 6 6 6 9 12 12 18 18 19 25 25 27 28 28 38 38 33 33 33 36 39 39 43 43 49 54 54 52 56 56 63 63 64 67 67 71 
2 2 1 3 3 5 5 5 6 6 6 6 6 9 12 12 18 18 19 25 25 27 28 28 38 38 33 33 33 36 39 39 43 43 49 54 54 52 56 56 63 63 64 67 67 71 
2 2 3 6 6 6 8 8 9 9 8 8 8 13 17 17 20 20 23 25 25 28 30 30 35 35 36 37 37 44 48 48 54 54 60 67 67 68 69 69 73 73 70 68 68 70 
2 2 4 7 7 8 12 12 14 14 10 10 10 16 18 18 21 21 25 27 27 31 34 34 39 39 56 45 45 52 53 53 53 53 57 64 64 69 71 71 76 76 74 73 73 76 
2 2 4 7 7 8 12 12 14 14 10 10 10 16 18 18 21 21 25 27 27 31 34 34 39 39 56 45 45 52 53 53 53 53 57 64 64 69 71 71 76 76 74 73 73 76 
3 3 5 8 8 9 10 10 12 12 9 10 10 12 14 14 16 16 18 21 21 27 30 30 34 34 43 47 47 48 51 51 56 56 61 66 66 68 71 71 77 77 77 78 78 80 
3 3 5 8 8 9 10 10 12 12 9 10 10 12 14 14 16 16 18 21 21 27 30 30 34 34 43 47 47 48 51 51 56 56 61 66 66 68 71 71 77 77 77 78 78 80 
3 3 5 6 6 7 7 7 10 10 11 11 11 12 14 14 15 15 18 23 23 30 33 33 39 39 47 64 64 55 54 54 56 56 60 65 65 67 68 68 74 74 73 74 74 78 
2 2 5 6 6 4 5 5 6 6 8 10 10 12 14 14 15 15 16 17 17 21 26 26 34 34 44 53 53 54 59 59 63 63 59 63 63 59 64 64 72 72 75 77 77 77 
2 2 5 6 6 4 5 5 6 6 8 10 10 12 14 14 15 15 16 17 17 21 26 26 34 34 44 53 53 54 59 59 63 63 59 63 63 59 64 64 72 72 75 77 77 77 
3 3 5 6 6 6 5 5 6 6 7 8 8 11 13 13 15 15 15 17 17 19 20 20 30 30 37 43 43 68 59 59 62 62 64 62 62 63 65 65 79 79 83 87 87 82 
3 3 4 5 5 6 6 6 12 12 18 12 12 13 16 16 18 18 18 17 17 17 18 18 20 20 31 36 36 51 73 73 57 57 61 65 65 65 66 66 70 70 74 79 79 79 
3 3 4 5 5 6 6 6 12 12 18 12 12 13 16 16 18 18 18 17 17 17 18 18 20 20 31 36 36 51 73 73 57 57 61 65 65 65 66 66 70 70 74 79 79 79 
4 4 5 6 6 6 7 7 10 10 12 11 11 14 16 16 17 17 16 17 17 17 16 16 18 18 21 34 34 49 60 60 82 82 67 70 70 70 72 72 70 70 71 73 73 73 
4 4 5 6 6 6 7 7 10 10 12 11 11 14 16 16 17 17 16 17 17 17 16 16 18 18 21 34 34 49 60 60 82 82 67 70 70 70 72 72 70 70 71 73 73 73 
5 5 6 7 7 7 8 8 12 12 12 13 13 13 15 15 18 18 17 18 18 17 17 17 17 17 19 22 22 26 38 38 48 48 58 63 63 67 77 77 73 73 70 65 65 61 
7 7 7 9 9 12 11 11 15 15 17 20 20 25 24 24 25 25 23 19 19 16 16 16 16 16 18 19 19 22 27 27 36 36 50 66 66 56 65 65 71 71 64 55 55 53 
7 7 7 9 9 12 11 11 15 15 17 20 20 25 24 24 25 25 23 19 19 16 16 16 16 16 18 19 19 22 27 27 36 36 50 66 66 56 65 65 71 71 64 55 55 53 
12 12 10 13 13 15 20 20 21 21 30 39 39 44 37 37 32 32 21 16 16 14 14 14 14 14 17 18 18 19 23 23 27 27 32 41 41 57 56 56 61 61 61 57 57 54 
9 9 9 12 12 14 18 18 23 23 32 39 39 38 29 29 23 23 16 14 14 14 14 14 14 14 19 24 24 22 29 29 40 40 36 32 32 40 46 46 69 69 57 66 66 60 
