assets/RAT_results/precipitation/2024-06-22_IMERG.asc
ncols        46
nrows        77
xllcorner    74.800261325624
yllcorner    8.058333333333
cellsize     0.062500000000
NODATA_value -9999
22 22 23 23 23 18 13 13 9 9 8 6 6 6 4 4 5 5 3 0 0 1 4 4 2 2 0 0 0 0 0 0 0 0 0 3 3 1 3 3 4 4 2 0 0 0 
32 32 25 27 27 23 18 18 14 14 9 9 9 8 9 9 11 11 5 2 2 1 1 1 0 0 0 0 0 0 0 0 0 0 0 2 2 2 5 5 7 7 1 0 0 1 
32 32 25 27 27 23 18 18 14 14 9 9 9 8 9 9 11 11 5 2 2 1 1 1 0 0 0 0 0 0 0 0 0 0 0 2 2 2 5 5 7 7 1 0 0 1 
44 44 38 37 37 31 22 22 17 17 17 21 21 21 24 24 21 21 13 5 5 3 1 1 0 0 0 0 0 0 0 0 0 0 0 0 0 2 3 3 4 4 0 1 1 4 
51 51 41 45 45 41 35 35 29 29 30 32 32 34 26 26 19 19 9 5 5 4 1 1 0 0 0 0 0 0 0 0 0 0 0 0 0 0 1 1 1 1 6 7 7 6 
51 51 41 45 45 41 35 35 29 29 30 32 32 34 26 26 19 19 9 5 5 4 1 1 0 0 0 0 0 0 0 0 0 0 0 0 0 0 1 1 1 1 6 7 7 6 
34 34 54 52 52 47 47 47 41 41 35 37 37 34 23 23 10 10 6 4 4 2 1 1 0 0 0 0 0 0 0 0 1 1 0 0 0 0 3 3 2 2 5 6 6 4 
34 34 54 52 52 47 47 47 41 41 35 37 37 34 23 23 10 10 6 4 4 2 1 1 0 0 0 0 0 0 0 0 1 1 0 0 0 0 3 3 2 2 5 6 6 4 
31 31 43 42 42 45 50 50 47 47 39 41 41 36 24 24 14 14 9 5 5 3 1 1 0 0 0 0 0 0 1 1 1 1 1 1 1 3 5 5 5 5 6 8 8 2 
34 34 30 48 48 51 54 54 54 54 50 43 43 32 20 20 13 13 9 6 6 6 2 2 0 0 0 0 0 0 1 1 1 1 3 3 3 7 12 12 11 11 7 4 4 2 
34 34 30 48 48 51 54 54 54 54 50 43 43 32 20 20 13 13 9 6 6 6 2 2 0 0 0 0 0 0 1 1 1 1 3 3 3 7 12 12 11 11 7 4 4 2 
39 39 38 47 47 48 51 51 60 60 56 53 53 37 28 28 19 19 11 8 8 5 2 2 1 1 0 0 0 1 1 1 1 1 4 5 5 5 7 7 10 10 6 1 1 1 
43 43 45 40 40 49 53 53 61 61 60 55 55 44 35 35 29 29 19 19 19 9 4 4 1 1 1 1 1 2 2 2 4 4 7 7 7 8 5 5 5 5 3 1 1 0 
43 43 45 40 40 49 53 53 61 61 60 55 55 44 35 35 29 29 19 19 19 9 4 4 1 1 1 1 1 2 2 2 4 4 7 7 7 8 5 5 5 5 3 1 1 0 
46 46 41 42 42 37 52 52 53 53 55 57 57 49 40 40 34 34 26 20 20 11 6 6 3 3 2 4 4 5 8 8 5 5 5 6 6 9 8 8 5 5 3 2 2 2 
46 46 41 42 42 37 52 52 53 53 55 57 57 49 40 40 34 34 26 20 20 11 6 6 3 3 2 4 4 5 8 8 5 5 5 6 6 9 8 8 5 5 3 2 2 2 
41 41 37 39 39 35 46 46 49 49 55 66 66 53 41 41 34 34 24 19 19 13 8 8 6 6 7 7 7 6 6 6 2 2 4 5 5 7 5 5 5 5 5 7 7 9 
37 37 36 38 38 33 33 33 56 56 57 55 55 52 44 44 36 36 27 21 21 14 10 10 8 8 10 9 9 4 2 2 2 2 4 4 4 5 4 4 5 5 3 4 4 5 
37 37 36 38 38 33 33 33 56 56 57 55 55 52 44 44 36 36 27 21 21 14 10 10 8 8 10 9 9 4 2 2 2 2 4 4 4 5 4 4 5 5 3 4 4 5 
40 40 39 38 38 37 32 32 34 34 57 53 53 46 44 44 39 39 34 27 27 20 14 14 11 11 11 8 8 5 3 3 2 2 3 4 4 5 4 4 4 4 1 1 1 2 
36 36 31 41 41 41 34 34 32 32 38 41 41 47 41 41 41 41 38 33 33 30 26 26 20 20 14 9 9 9 4 4 3 3 2 3 3 4 3 3 1 1 2 2 2 0 
36 36 31 41 41 41 34 34 32 32 38 41 41 47 41 41 41 41 38 33 33 30 26 26 20 20 14 9 9 9 4 4 3 3 2 3 3 4 3 3 1 1 2 2 2 0 
32 32 33 33 33 37 35 35 36 36 31 50 50 43 41 41 40 40 37 34 34 31 31 31 27 27 22 16 16 12 9 9 8 8 4 2 2 2 0 0 2 2 1 1 1 1 
32 32 33 33 33 37 35 35 36 36 31 50 50 43 41 41 40 40 37 34 34 31 31 31 27 27 22 16 16 12 9 9 8 8 4 2 2 2 0 0 2 2 1 1 1 1 
23 23 30 33 33 34 34 34 34 34 24 25 25 33 33 33 35 35 30 32 32 29 25 25 22 22 19 14 14 9 7 7 7 7 7 4 4 1 1 1 0 0 0 1 1 1 
21 21 22 29 29 30 27 27 30 30 23 21 21 28 31 31 31 31 27 26 26 24 20 20 19 19 18 15 15 10 6 6 2 2 3 2 2 3 0 0 0 0 0 0 0 0 
21 21 22 29 29 30 27 27 30 30 23 21 21 28 31 31 31 31 27 26 26 24 20 20 19 19 18 15 15 10 6 6 2 2 3 2 2 3 0 0 0 0 0 0 0 0 
15 15 19 23 23 24 23 23 25 25 23 26 26 23 36 36 25 25 26 25 25 23 19 19 18 18 19 20 20 11 8 8 1 1 0 0 0 1 1 1 3 3 0 0 0 0 
9 9 13 17 17 19 17 17 18 18 21 22 22 22 26 26 28 28 26 25 25 24 21 21 19 19 16 18 18 13 7 7 3 3 1 1 1 1 1 1 1 1 0 1 1 0 
9 9 13 17 17 19 17 17 18 18 21 22 22 22 26 26 28 28 26 25 25 24 21 21 19 19 16 18 18 13 7 7 3 3 1 1 1 1 1 1 1 1 0 1 1 0 
11 11 10 10 10 12 13 13 16 16 17 18 18 19 21 21 24 24 23 24 24 19 18 18 17 17 14 12 12 10 10 10 6 6 4 3 3 2 2 2 1 1 0 0 0 0 
11 11 10 10 10 12 13 13 16 16 17 18 18 19 21 21 24 24 23 24 24 19 18 18 17 17 14 12 12 10 10 10 6 6 4 3 3 2 2 2 1 1 0 0 0 0 
12 12 9 9 9 8 8 8 11 11 12 15 15 14 16 16 24 24 22 23 23 24 19 19 11 11 10 13 13 11 10 10 7 7 4 1 1 1 1 1 1 1 0 0 0 1 
10 10 9 10 10 9 8 8 7 7 9 11 11 11 13 13 19 19 27 23 23 18 14 14 10 10 6 7 7 10 12 12 10 10 4 1 1 1 0 0 0 0 0 0 0 0 
10 10 9 10 10 9 8 8 7 7 9 11 11 11 13 13 19 19 27 23 23 18 14 14 10 10 6 7 7 10 12 12 10 10 4 1 1 1 0 0 0 0 0 0 0 0 
10 10 10 11 11 10 9 9 7 7 7 8 8 8 10 10 12 12 24 19 19 20 15 15 10 10 6 6 6 6 6 6 6 6 3 1 1 0 1 1 0 0 0 0 0 1 
12 12 11 12 12 12 10 10 9 9 7 8 8 9 10 10 13 13 16 18 18 25 20 20 15 15 10 9 9 6 5 5 4 4 3 2 2 4 2 2 0 0 1 1 1 0 
12 12 11 12 12 12 10 10 9 9 7 8 8 9 10 10 13 13 16 18 18 25 20 20 15 15 10 9 9 6 5 5 4 4 3 2 2 4 2 2 0 0 1 1 1 0 
12 12 13 13 13 13 12 12 10 10 8 7 7 9 16 16 16 16 15 14 14 21 23 23 21 21 20 11 11 10 10 10 4 4 4 6 6 4 10 10 5 5 3 4 4 3 
12 12 13 13 13 13 12 12 10 10 8 7 7 9 16 16 16 16 15 14 14 21 23 23 21 21 20 11 11 10 10 10 4 4 4 6 6 4 10 10 5 5 3 4 4 3 
10 10 11 13 13 13 14 14 12 12 9 8 8 8 11 11 12 12 12 18 18 18 22 22 22 22 25 22 22 15 12 12 7 7 7 7 7 7 5 5 4 4 8 3 3 5 
7 7 8 12 12 13 13 13 15 15 13 9 9 9 9 9 10 10 10 16 16 19 24 24 23 23 25 26 26 22 15 15 14 14 11 8 8 7 6 6 4 4 4 3 3 3 
7 7 8 12 12 13 13 13 15 15 13 9 9 9 9 9 10 10 10 16 16 19 24 24 23 23 25 26 26 22 15 15 14 14 11 8 8 7 6 6 4 4 4 3 3 3 
5 5 7 9 9 12 14 14 14 14 15 12 12 10 10 10 8 8 10 11 11 16 19 19 22 22 23 25 25 27 20 20 17 17 16 13 13 13 8 8 5 5 3 2 2 4 
6 6 6 7 7 9 12 12 15 15 16 15 15 13 10 10 9 9 8 7 7 11 15 15 19 19 19 22 22 20 18 18 18 18 20 15 15 11 11 11 7 7 4 3 3 4 
6 6 6 7 7 9 12 12 15 15 16 15 15 13 10 10 9 9 8 7 7 11 15 15 19 19 19 22 22 20 18 18 18 18 20 15 15 11 11 11 7 7 4 3 3 4 
6 6 6 6 6 8 10 10 13 13 14 15 15 15 14 14 10 10 10 7 7 7 9 9 10 10 16 18 18 20 21 21 18 18 16 16 16 15 11 11 8 8 6 4 4 5 
6 6 6 6 6 8 10 10 13 13 14 15 15 15 14 14 10 10 10 7 7 7 9 9 10 10 16 18 18 20 21 21 18 18 16 16 16 15 11 11 8 8 6 4 4 5 
8 8 5 5 5 6 8 8 11 11 12 12 12 13 13 13 12 12 9 7 7 7 10 10 10 10 9 12 12 13 14 14 15 15 15 12 12 11 13 13 8 8 5 3 3 4 
13 13 8 6 6 5 7 7 10 10 11 12 12 10 12 12 12 12 11 9 9 9 10 10 10 10 11 11 11 9 7 7 9 9 13 13 13 12 9 9 6 6 2 2 2 3 
13 13 8 6 6 5 7 7 10 10 11 12 12 10 12 12 12 12 11 9 9 9 10 10 10 10 11 11 11 9 7 7 9 9 13 13 13 12 9 9 6 6 2 2 2 3 
30 30 15 7 7 7 6 6 7 7 9 10 10 10 11 11 10 10 12 13 13 11 13 13 13 13 13 12 12 10 10 10 10 10 8 13 13 12 10 10 6 6 4 3 3 2 
23 23 17 16 16 11 7 7 7 7 6 7 7 8 8 8 9 9 10 12 12 15 16 16 19 19 17 15 15 13 11 11 9 9 13 13 13 13 12 12 9 9 7 4 4 3 
23 23 17 16 16 11 7 7 7 7 6 7 7 8 8 8 9 9 10 12 12 15 16 16 19 19 17 15 15 13 11 11 9 9 13 13 13 13 12 12 9 9 7 4 4 3 
20 20 20 18 18 16 13 13 9 9 7 7 7 7 8 8 9 9 12 13 13 16 19 19 22 22 23 22 22 16 15 15 15 15 14 14 14 15 16 16 13 13 10 7 7 5 
20 20 20 18 18 16 13 13 9 9 7 7 7 7 8 8 9 9 12 13 13 16 19 19 22 22 23 22 22 16 15 15 15 15 14 14 14 15 16 16 13 13 10 7 7 5 
15 15 20 19 19 16 16 16 16 16 12 10 10 8 8 8 8 8 9 14 14 15 17 17 25 25 27 26 26 24 22 22 20 20 22 21 21 18 19 19 23 23 17 10 10 5 
15 15 16 17 17 19 20 20 17 17 17 16 16 12 9 9 7 7 9 10 10 12 16 16 27 27 26 27 27 27 24 24 22 22 24 25 25 25 26 26 30 30 23 14 14 6 
15 15 16 17 17 19 20 20 17 17 17 16 16 12 9 9 7 7 9 10 10 12 16 16 27 27 26 27 27 27 24 24 22 22 24 25 25 25 26 26 30 30 23 14 14 6 
13 13 14 15 15 17 18 18 24 24 26 16 16 16 14 14 12 12 10 11 11 13 13 13 17 17 27 29 29 32 28 28 26 26 24 24 24 27 29 29 32 32 26 15 15 4 
12 12 13 12 12 13 15 15 20 20 20 21 21 20 19 19 20 20 20 19 19 21 21 21 23 23 35 31 31 35 36 36 33 33 34 34 34 30 31 31 27 27 20 14 14 9 
12 12 13 12 12 13 15 15 20 20 20 21 21 20 19 19 20 20 20 19 19 21 21 21 23 23 35 31 31 35 36 36 33 33 34 34 34 30 31 31 27 27 20 14 14 9 
9 9 10 11 11 10 11 11 12 12 17 21 21 21 23 23 22 22 22 20 20 18 17 17 19 19 21 31 31 37 38 38 36 36 36 37 37 37 34 34 27 27 19 12 12 9 
9 9 10 11 11 10 11 11 12 12 17 21 21 21 23 23 22 22 22 20 20 18 17 17 19 19 21 31 31 37 38 38 36 36 36 37 37 37 34 34 27 27 19 12 12 9 
9 9 9 11 11 9 10 10 10 10 14 17 17 22 25 25 23 23 22 21 21 16 16 16 16 16 14 24 24 28 28 28 32 32 26 27 27 30 27 27 29 29 23 13 13 8 
7 7 7 9 9 12 10 10 10 10 12 13 13 17 20 20 21 21 18 16 16 13 13 13 9 9 9 12 12 19 24 24 28 28 26 28 28 29 25 25 29 29 23 17 17 10 
7 7 7 9 9 12 10 10 10 10 12 13 13 17 20 20 21 21 18 16 16 13 13 13 9 9 9 12 12 19 24 24 28 28 26 28 28 29 25 25 29 29 23 17 17 10 
8 8 7 7 7 10 11 11 13 13 12 14 14 14 16 16 17 17 19 19 19 17 14 14 11 11 10 9 9 18 24 24 23 23 26 28 28 24 28 28 24 24 22 14 14 11 
6 6 7 7 7 9 9 9 11 11 12 15 15 13 13 13 14 14 14 16 16 18 17 17 13 13 11 11 11 13 17 17 21 21 19 17 17 19 22 22 23 23 21 18 18 13 
6 6 7 7 7 9 9 9 11 11 12 15 15 13 13 13 14 14 14 16 16 18 17 17 13 13 11 11 11 13 17 17 21 21 19 17 17 19 22 22 23 23 21 18 18 13 
5 5 5 7 7 9 9 9 11 11 11 13 13 13 14 14 12 12 12 12 12 12 14 14 14 14 11 12 12 17 14 14 17 17 15 16 16 15 13 13 18 18 19 17 17 13 
5 5 5 7 7 9 9 9 11 11 11 13 13 13 14 14 12 12 12 12 12 12 14 14 14 14 11 12 12 17 14 14 17 17 15 16 16 15 13 13 18 18 19 17 17 13 
6 6 7 7 7 8 9 9 10 10 10 12 12 12 12 12 12 12 11 11 11 10 11 11 10 10 9 11 11 11 10 10 11 11 13 14 14 11 16 16 16 16 19 17 17 16 
7 7 6 7 7 9 10 10 11 11 10 13 13 11 11 11 16 16 13 12 12 11 10 10 10 10 10 12 12 10 11 11 10 10 10 14 14 14 14 14 14 14 19 15 15 13 
7 7 6 7 7 9 10 10 11 11 10 13 13 11 11 11 16 16 13 12 12 11 10 10 10 10 10 12 12 10 11 11 10 10 10 14 14 14 14 14 14 14 19 15 15 13 
7 7 7 7 7 7 7 7 10 10 10 12 12 12 11 11 13 13 12 14 14 13 13 13 11 11 11 12 12 11 12 12 12 12 11 11 11 13 14 14 14 14 13 10 10 9 
8 8 9 8 8 7 6 6 6 6 7 10 10 9 11 11 12 12 12 16 16 13 15 15 13 13 13 12 12 13 13 13 13 13 11 10 10 9 9 9 13 13 12 9 9 7 
