assets/RAT_results/precipitation/2024-10-25_IMERG.asc
ncols        46
nrows        77
xllcorner    74.800261325624
yllcorner    8.058333333333
cellsize     0.062500000000
NODATA_value -9999
0 0 0 1 1 1 0 0 0 0 0 0 0 0 1 1 4 4 3 1 1 0 0 0 0 0 0 0 0 0 0 0 0 0 0 0 0 0 0 0 0 0 0 0 0 0 
0 0 0 0 0 0 0 0 0 0 0 0 0 0 1 1 3 3 0 0 0 0 0 0 0 0 0 0 0 0 0 0 0 0 0 0 0 0 0 0 0 0 0 0 0 0 
0 0 0 0 0 0 0 0 0 0 0 0 0 0 1 1 3 3 0 0 0 0 0 0 0 0 0 0 0 0 0 0 0 0 0 0 0 0 0 0 0 0 0 0 0 0 
0 0 0 0 0 0 0 0 0 0 0 0 0 0 2 2 0 0 0 0 0 0 0 0 0 0 0 0 0 0 0 0 0 0 0 0 0 0 0 0 0 0 0 0 0 0 
0 0 0 0 0 0 0 0 0 0 0 0 0 0 1 1 0 0 0 0 0 0 0 0 1 1 0 0 0 1 1 1 0 0 0 0 0 0 0 0 0 0 0 0 0 0 
0 0 0 0 0 0 0 0 0 0 0 0 0 0 1 1 0 0 0 0 0 0 0 0 1 1 0 0 0 1 1 1 0 0 0 0 0 0 0 0 0 0 0 0 0 0 
0 0 0 0 0 0 0 0 0 0 0 0 0 0 0 0 0 0 0 0 0 0 0 0 0 0 0 1 1 1 1 1 0 0 0 0 0 0 0 0 0 0 1 0 0 0 
0 0 0 0 0 0 0 0 0 0 0 0 0 0 0 0 0 0 0 0 0 0 0 0 0 0 0 1 1 1 1 1 0 0 0 0 0 0 0 0 0 0 1 0 0 0 
0 0 0 0 0 0 0 0 0 0 0 0 0 0 0 0 0 0 0 0 0 0 0 0 0 0 1 0 0 0 0 0 0 0 0 0 0 0 0 0 0 0 0 0 0 0 
1 1 0 0 0 0 0 0 0 0 0 0 0 0 0 0 0 0 0 0 0 1 0 0 0 0 0 0 0 0 0 0 0 0 0 0 0 0 0 0 0 0 0 0 0 0 
1 1 0 0 0 0 0 0 0 0 0 0 0 0 0 0 0 0 0 0 0 1 0 0 0 0 0 0 0 0 0 0 0 0 0 0 0 0 0 0 0 0 0 0 0 0 
0 0 0 0 0 0 0 0 0 0 0 0 0 0 0 0 0 0 0 0 0 0 0 0 0 0 0 0 0 0 0 0 0 0 0 0 0 0 0 0 0 0 0 0 0 0 
0 0 0 0 0 0 0 0 0 0 0 0 0 4 4 4 2 2 0 0 0 0 0 0 0 0 0 0 0 0 0 0 0 0 0 0 0 0 0 0 0 0 0 0 0 0 
0 0 0 0 0 0 0 0 0 0 0 0 0 4 4 4 2 2 0 0 0 0 0 0 0 0 0 0 0 0 0 0 0 0 0 0 0 0 0 0 0 0 0 0 0 0 
0 0 0 0 0 0 0 0 0 0 0 0 0 0 5 5 2 2 1 1 1 0 0 0 0 0 0 0 0 0 0 0 0 0 0 0 0 0 0 0 0 0 0 0 0 0 
0 0 0 0 0 0 0 0 0 0 0 0 0 0 5 5 2 2 1 1 1 0 0 0 0 0 0 0 0 0 0 0 0 0 0 0 0 0 0 0 0 0 0 0 0 0 
1 1 1 0 0 0 0 0 0 0 0 0 0 0 0 0 0 0 0 0 0 1 0 0 0 0 0 0 0 0 0 0 0 0 0 0 0 0 0 0 0 0 0 0 0 0 
4 4 2 2 2 0 0 0 0 0 0 0 0 1 0 0 0 0 0 0 0 4 2 2 0 0 0 0 0 0 1 1 0 0 0 0 0 0 0 0 2 2 1 0 0 0 
4 4 2 2 2 0 0 0 0 0 0 0 0 1 0 0 0 0 0 0 0 4 2 2 0 0 0 0 0 0 1 1 0 0 0 0 0 0 0 0 2 2 1 0 0 0 
0 0 0 1 1 0 0 0 0 0 1 2 2 2 1 1 1 1 1 1 1 6 3 3 0 0 0 0 0 1 1 1 0 0 0 0 0 1 3 3 2 2 1 5 5 1 
0 0 0 1 1 0 0 0 1 1 3 2 2 2 3 3 3 3 4 5 5 3 3 3 1 1 1 1 1 1 1 1 1 1 1 0 0 2 4 4 7 7 6 5 5 2 
0 0 0 1 1 0 0 0 1 1 3 2 2 2 3 3 3 3 4 5 5 3 3 3 1 1 1 1 1 1 1 1 1 1 1 0 0 2 4 4 7 7 6 5 5 2 
0 0 0 0 0 1 0 0 1 1 1 1 1 1 2 2 2 2 3 3 3 2 0 0 3 3 2 3 3 3 2 2 2 2 0 1 1 1 2 2 3 3 7 8 8 3 
0 0 0 0 0 1 0 0 1 1 1 1 1 1 2 2 2 2 3 3 3 2 0 0 3 3 2 3 3 3 2 2 2 2 0 1 1 1 2 2 3 3 7 8 8 3 
0 0 0 0 0 0 0 0 1 1 1 0 0 0 2 2 2 2 2 2 2 3 1 1 3 3 1 2 2 2 1 1 2 2 3 2 2 2 2 2 3 3 7 7 7 8 
1 1 1 1 1 1 0 0 0 0 0 0 0 0 2 2 1 1 6 3 3 10 5 5 2 2 2 5 5 4 5 5 4 4 3 3 3 3 3 3 5 5 9 14 14 15 
1 1 1 1 1 1 0 0 0 0 0 0 0 0 2 2 1 1 6 3 3 10 5 5 2 2 2 5 5 4 5 5 4 4 3 3 3 3 3 3 5 5 9 14 14 15 
3 3 3 3 3 3 1 1 0 0 1 1 1 1 4 4 5 5 15 12 12 10 23 23 7 7 7 7 7 12 6 6 2 2 2 3 3 4 4 4 4 4 6 10 10 13 
10 10 9 6 6 3 2 2 1 1 0 0 0 0 1 1 2 2 7 20 20 39 32 32 29 29 21 15 15 7 2 2 2 2 4 3 3 3 2 2 2 2 5 7 7 11 
10 10 9 6 6 3 2 2 1 1 0 0 0 0 1 1 2 2 7 20 20 39 32 32 29 29 21 15 15 7 2 2 2 2 4 3 3 3 2 2 2 2 5 7 7 11 
8 8 12 6 6 5 1 1 1 1 0 0 0 0 1 1 2 2 7 11 11 14 24 24 26 26 31 13 13 12 13 13 4 4 3 1 1 1 2 2 3 3 7 8 8 7 
8 8 12 6 6 5 1 1 1 1 0 0 0 0 1 1 2 2 7 11 11 14 24 24 26 26 31 13 13 12 13 13 4 4 3 1 1 1 2 2 3 3 7 8 8 7 
4 4 5 4 4 3 2 2 1 1 1 0 0 0 1 1 1 1 5 6 6 8 14 14 21 21 12 11 11 9 6 6 2 2 0 1 1 3 4 4 7 7 11 8 8 7 
0 0 1 1 1 1 1 1 1 1 0 0 0 0 0 0 0 0 3 3 3 2 6 6 10 10 11 10 10 7 6 6 3 3 1 2 2 4 6 6 10 10 14 11 11 9 
0 0 1 1 1 1 1 1 1 1 0 0 0 0 0 0 0 0 3 3 3 2 6 6 10 10 11 10 10 7 6 6 3 3 1 2 2 4 6 6 10 10 14 11 11 9 
0 0 0 1 1 1 1 1 1 1 0 0 0 0 0 0 0 0 2 1 1 2 3 3 4 4 5 7 7 7 7 7 3 3 2 2 2 4 8 8 10 10 12 14 14 18 
0 0 0 0 0 0 0 0 0 0 0 0 0 0 0 0 0 0 0 1 1 2 1 1 2 2 2 5 5 5 5 5 6 6 4 7 7 6 7 7 6 6 8 10 10 19 
0 0 0 0 0 0 0 0 0 0 0 0 0 0 0 0 0 0 0 1 1 2 1 1 2 2 2 5 5 5 5 5 6 6 4 7 7 6 7 7 6 6 8 10 10 19 
0 0 0 0 0 0 0 0 0 0 0 0 0 0 0 0 0 0 0 2 2 1 1 1 2 2 2 6 6 7 7 7 10 10 11 13 13 4 3 3 5 5 11 9 9 14 
0 0 0 0 0 0 0 0 0 0 0 0 0 0 0 0 0 0 0 2 2 1 1 1 2 2 2 6 6 7 7 7 10 10 11 13 13 4 3 3 5 5 11 9 9 14 
0 0 0 0 0 0 0 0 0 0 0 0 0 1 1 1 2 2 3 1 1 0 1 1 3 3 6 12 12 13 13 13 19 19 13 10 10 9 9 9 12 12 12 11 11 22 
1 1 0 1 1 1 1 1 1 1 2 1 1 1 2 2 5 5 6 4 4 1 4 4 7 7 10 9 9 8 18 18 21 21 18 11 11 17 15 15 17 17 18 16 16 19 
1 1 0 1 1 1 1 1 1 1 2 1 1 1 2 2 5 5 6 4 4 1 4 4 7 7 10 9 9 8 18 18 21 21 18 11 11 17 15 15 17 17 18 16 16 19 
5 5 2 3 3 3 3 3 4 4 5 5 5 5 6 6 7 7 9 8 8 3 6 6 6 6 4 4 4 5 13 13 20 20 17 20 20 21 20 20 23 23 21 20 20 21 
2 2 2 2 2 3 4 4 5 5 7 12 12 16 14 14 9 9 6 8 8 5 3 3 3 3 5 2 2 5 9 9 14 14 16 19 19 22 21 21 23 23 22 24 24 23 
2 2 2 2 2 3 4 4 5 5 7 12 12 16 14 14 9 9 6 8 8 5 3 3 3 3 5 2 2 5 9 9 14 14 16 19 19 22 21 21 23 23 22 24 24 23 
4 4 3 2 2 3 4 4 5 5 7 8 8 13 14 14 16 16 11 5 5 2 2 2 3 3 3 2 2 4 7 7 10 10 11 17 17 15 16 16 15 15 17 18 18 18 
4 4 3 2 2 3 4 4 5 5 7 8 8 13 14 14 16 16 11 5 5 2 2 2 3 3 3 2 2 4 7 7 10 10 11 17 17 15 16 16 15 15 17 18 18 18 
15 15 8 8 8 6 6 6 7 7 8 11 11 9 8 8 10 10 5 5 5 3 4 4 8 8 7 5 5 5 11 11 11 11 16 18 18 16 12 12 13 13 15 15 15 19 
19 19 12 10 10 9 9 9 10 10 12 12 12 10 9 9 8 8 6 9 9 9 7 7 5 5 9 8 8 8 14 14 18 18 20 17 17 15 13 13 12 12 11 12 12 19 
19 19 12 10 10 9 9 9 10 10 12 12 12 10 9 9 8 8 6 9 9 9 7 7 5 5 9 8 8 8 14 14 18 18 20 17 17 15 13 13 12 12 11 12 12 19 
18 18 17 17 17 19 18 18 18 18 17 15 15 13 13 13 12 12 11 14 14 11 7 7 5 5 6 8 8 11 11 11 20 20 22 16 16 13 14 14 16 16 17 13 13 13 
38 38 31 26 26 24 26 26 24 24 20 19 19 19 22 22 24 24 24 14 14 12 9 9 7 7 9 12 12 13 12 12 14 14 13 13 13 14 16 16 20 20 17 17 17 14 
38 38 31 26 26 24 26 26 24 24 20 19 19 19 22 22 24 24 24 14 14 12 9 9 7 7 9 12 12 13 12 12 14 14 13 13 13 14 16 16 20 20 17 17 17 14 
31 31 30 26 26 24 26 26 30 30 27 31 31 26 24 24 27 27 27 25 25 17 16 16 16 16 14 16 16 14 10 10 11 11 8 10 10 14 15 15 16 16 15 13 13 12 
31 31 30 26 26 24 26 26 30 30 27 31 31 26 24 24 27 27 27 25 25 17 16 16 16 16 14 16 16 14 10 10 11 11 8 10 10 14 15 15 16 16 15 13 13 12 
30 30 24 23 23 29 31 31 35 35 38 43 43 36 27 27 25 25 28 26 26 21 24 24 23 23 18 17 17 14 12 12 10 10 11 13 13 14 18 18 18 18 14 10 10 10 
24 24 29 34 34 45 50 50 56 56 56 58 58 54 40 40 36 36 35 35 35 31 33 33 37 37 28 26 26 20 18 18 20 20 18 19 19 16 21 21 24 24 16 18 18 10 
24 24 29 34 34 45 50 50 56 56 56 58 58 54 40 40 36 36 35 35 35 31 33 33 37 37 28 26 26 20 18 18 20 20 18 19 19 16 21 21 24 24 16 18 18 10 
41 41 54 59 59 67 70 70 79 79 73 69 69 66 54 54 48 48 48 46 46 43 41 41 43 43 44 37 37 32 28 28 32 32 28 27 27 27 29 29 30 30 27 20 20 13 
51 51 61 77 77 82 91 91 97 97 100 85 85 76 68 68 75 75 87 85 85 82 64 64 58 58 66 43 43 43 43 43 44 44 45 45 45 43 36 36 34 34 28 21 21 12 
51 51 61 77 77 82 91 91 97 97 100 85 85 76 68 68 75 75 87 85 85 82 64 64 58 58 66 43 43 43 43 43 44 44 45 45 45 43 36 36 34 34 28 21 21 12 
40 40 47 58 58 65 82 82 93 93 106 107 107 113 107 107 109 109 109 100 100 84 77 77 59 59 49 53 53 53 49 49 53 53 58 49 49 46 44 44 42 42 30 22 22 15 
40 40 47 58 58 65 82 82 93 93 106 107 107 113 107 107 109 109 109 100 100 84 77 77 59 59 49 53 53 53 49 49 53 53 58 49 49 46 44 44 42 42 30 22 22 15 
44 44 49 57 57 63 64 64 73 73 85 86 86 98 106 106 117 117 117 97 97 87 70 70 55 55 49 54 54 47 50 50 52 52 48 46 46 44 40 40 34 34 25 21 21 17 
33 33 43 44 44 48 55 55 63 63 66 74 74 80 88 88 94 94 89 72 72 64 66 66 60 60 48 49 49 53 48 48 49 49 44 39 39 36 32 32 28 28 24 22 22 22 
33 33 43 44 44 48 55 55 63 63 66 74 74 80 88 88 94 94 89 72 72 64 66 66 60 60 48 49 49 53 48 48 49 49 44 39 39 36 32 32 28 28 24 22 22 22 
20 20 29 30 30 31 34 34 36 36 49 49 49 56 61 61 66 66 75 67 67 62 64 64 60 60 53 51 51 61 51 51 44 44 41 36 36 31 30 30 27 27 27 26 26 23 
14 14 12 17 17 27 29 29 31 31 40 48 48 54 58 58 55 55 59 54 54 57 57 57 62 62 56 49 49 44 56 56 45 45 39 38 38 32 32 32 30 30 32 32 32 24 
14 14 12 17 17 27 29 29 31 31 40 48 48 54 58 58 55 55 59 54 54 57 57 57 62 62 56 49 49 44 56 56 45 45 39 38 38 32 32 32 30 30 32 32 32 24 
7 7 10 10 10 13 17 17 21 21 29 38 38 44 46 46 46 46 48 59 59 71 77 77 68 68 60 57 57 46 43 43 61 61 56 43 43 44 37 37 34 34 33 31 31 26 
7 7 10 10 10 13 17 17 21 21 29 38 38 44 46 46 46 46 48 59 59 71 77 77 68 68 60 57 57 46 43 43 61 61 56 43 43 44 37 37 34 34 33 31 31 26 
8 8 9 9 9 13 17 17 22 22 25 28 28 34 39 39 49 49 47 54 54 59 70 70 67 67 64 48 48 39 47 47 51 51 65 59 59 58 56 56 49 49 41 38 38 28 
8 8 12 10 10 15 17 17 16 16 20 21 21 32 33 33 43 43 48 64 64 66 78 78 87 87 65 74 74 81 73 73 81 81 82 95 95 93 81 81 59 59 50 36 36 26 
8 8 12 10 10 15 17 17 16 16 20 21 21 32 33 33 43 43 48 64 64 66 78 78 87 87 65 74 74 81 73 73 81 81 82 95 95 93 81 81 59 59 50 36 36 26 
11 11 17 22 22 21 22 22 23 23 25 33 33 35 41 41 48 48 58 71 71 80 84 84 94 94 111 117 117 103 86 86 91 91 75 85 85 103 100 100 77 77 57 49 49 35 
14 14 19 23 23 42 52 52 62 62 61 38 38 37 45 45 60 60 77 70 70 76 75 75 97 97 116 113 113 131 112 112 108 108 82 80 80 81 63 63 88 88 81 47 47 37 
