assets/RAT_results/precipitation/2024-07-26_IMERG.asc
ncols        46
nrows        77
xllcorner    74.800261325624
yllcorner    8.058333333333
cellsize     0.062500000000
NODATA_value -9999
42 42 47 36 36 39 44 44 50 50 89 95 95 115 119 119 67 67 33 37 37 14 18 18 14 14 3 3 3 3 2 2 2 2 1 1 1 1 4 4 6 6 4 3 3 3 
38 38 26 61 61 49 63 63 89 89 83 120 120 156 140 140 104 104 80 52 52 43 29 29 15 15 2 2 2 3 5 5 2 2 2 3 3 1 1 1 3 3 3 4 4 4 
38 38 26 61 61 49 63 63 89 89 83 120 120 156 140 140 104 104 80 52 52 43 29 29 15 15 2 2 2 3 5 5 2 2 2 3 3 1 1 1 3 3 3 4 4 4 
27 27 27 48 48 53 64 64 62 62 65 108 108 94 111 111 119 119 124 84 84 57 35 35 16 16 3 5 5 3 2 2 2 2 2 2 2 2 1 1 1 1 4 7 7 6 
4 4 21 35 35 47 51 51 55 55 65 73 73 116 88 88 108 108 101 62 62 51 39 39 13 13 3 2 2 3 1 1 1 1 1 1 1 1 1 1 1 1 3 5 5 4 
4 4 21 35 35 47 51 51 55 55 65 73 73 116 88 88 108 108 101 62 62 51 39 39 13 13 3 2 2 3 1 1 1 1 1 1 1 1 1 1 1 1 3 5 5 4 
2 2 27 50 50 44 36 36 52 52 72 49 49 71 64 64 51 51 45 29 29 23 23 23 11 11 4 2 2 1 1 1 1 1 1 1 1 1 1 1 1 1 4 4 4 3 
2 2 27 50 50 44 36 36 52 52 72 49 49 71 64 64 51 51 45 29 29 23 23 23 11 11 4 2 2 1 1 1 1 1 1 1 1 1 1 1 1 1 4 4 4 3 
6 6 19 22 22 33 38 38 36 36 32 41 41 50 49 49 30 30 23 21 21 17 14 14 10 10 5 4 4 3 1 1 1 1 1 1 1 1 2 2 1 1 1 0 0 1 
14 14 6 16 16 34 28 28 36 36 37 27 27 35 34 34 55 55 26 23 23 31 13 13 16 16 12 10 10 6 4 4 2 2 2 2 2 3 2 2 0 0 0 0 0 1 
14 14 6 16 16 34 28 28 36 36 37 27 27 35 34 34 55 55 26 23 23 31 13 13 16 16 12 10 10 6 4 4 2 2 2 2 2 3 2 2 0 0 0 0 0 1 
29 29 37 13 13 30 54 54 24 24 13 10 10 25 46 46 57 57 31 44 44 40 26 26 20 20 9 12 12 9 7 7 7 7 4 5 5 4 2 2 1 1 0 1 1 1 
32 32 25 2 2 27 19 19 21 21 22 16 16 19 29 29 39 39 39 46 46 53 47 47 35 35 19 21 21 14 9 9 11 11 5 7 7 6 2 2 1 1 1 1 1 1 
32 32 25 2 2 27 19 19 21 21 22 16 16 19 29 29 39 39 39 46 46 53 47 47 35 35 19 21 21 14 9 9 11 11 5 7 7 6 2 2 1 1 1 1 1 1 
31 31 20 3 3 11 25 25 21 21 24 21 21 45 34 34 32 32 32 75 75 108 64 64 45 45 37 19 19 10 6 6 8 8 6 8 8 7 3 3 1 1 1 1 1 1 
31 31 20 3 3 11 25 25 21 21 24 21 21 45 34 34 32 32 32 75 75 108 64 64 45 45 37 19 19 10 6 6 8 8 6 8 8 7 3 3 1 1 1 1 1 1 
37 37 50 3 3 3 6 6 21 21 15 20 20 31 32 32 36 36 43 54 54 75 47 47 35 35 28 15 15 9 3 3 5 5 5 9 9 11 5 5 6 6 3 3 3 2 
45 45 26 3 3 2 2 2 4 4 15 23 23 26 42 42 58 58 51 43 43 41 39 39 26 26 17 18 18 12 5 5 7 7 8 9 9 8 5 5 3 3 7 2 2 1 
45 45 26 3 3 2 2 2 4 4 15 23 23 26 42 42 58 58 51 43 43 41 39 39 26 26 17 18 18 12 5 5 7 7 8 9 9 8 5 5 3 3 7 2 2 1 
20 20 3 3 3 3 2 2 2 2 4 16 16 17 26 26 32 32 23 25 25 24 29 29 22 22 10 22 22 6 2 2 4 4 4 8 8 5 2 2 2 2 2 1 1 1 
3 3 2 1 1 2 2 2 2 2 2 9 9 8 16 16 18 18 8 17 17 25 21 21 21 21 10 7 7 3 1 1 2 2 3 2 2 2 1 1 1 1 1 1 1 0 
3 3 2 1 1 2 2 2 2 2 2 9 9 8 16 16 18 18 8 17 17 25 21 21 21 21 10 7 7 3 1 1 2 2 3 2 2 2 1 1 1 1 1 1 1 0 
2 2 1 3 3 2 3 3 3 3 3 6 6 9 10 10 13 13 6 5 5 8 15 15 13 13 7 6 6 2 1 1 1 1 1 1 1 0 0 0 0 0 0 0 0 0 
2 2 1 3 3 2 3 3 3 3 3 6 6 9 10 10 13 13 6 5 5 8 15 15 13 13 7 6 6 2 1 1 1 1 1 1 1 0 0 0 0 0 0 0 0 0 
2 2 3 3 3 6 1 1 3 3 2 3 3 11 10 10 8 8 12 11 11 7 9 9 8 8 6 6 6 1 0 0 1 1 3 1 1 0 0 0 0 0 0 1 1 0 
2 2 2 3 3 1 3 3 5 5 6 6 6 7 12 12 9 9 7 9 9 6 12 12 9 9 7 9 9 4 3 3 2 2 2 0 0 0 0 0 1 1 1 2 2 0 
2 2 2 3 3 1 3 3 5 5 6 6 6 7 12 12 9 9 7 9 9 6 12 12 9 9 7 9 9 4 3 3 2 2 2 0 0 0 0 0 1 1 1 2 2 0 
2 2 2 4 4 3 3 3 4 4 4 5 5 3 2 2 5 5 2 4 4 3 5 5 6 6 7 7 7 7 8 8 1 1 1 1 1 1 1 1 1 1 1 1 1 1 
2 2 3 4 4 3 2 2 1 1 1 1 1 1 0 0 2 2 0 3 3 4 4 4 4 4 5 2 2 6 7 7 2 2 1 0 0 1 1 1 1 1 2 1 1 1 
2 2 3 4 4 3 2 2 1 1 1 1 1 1 0 0 2 2 0 3 3 4 4 4 4 4 5 2 2 6 7 7 2 2 1 0 0 1 1 1 1 1 2 1 1 1 
2 2 3 4 4 3 3 3 0 0 0 3 3 0 0 0 1 1 0 1 1 1 3 3 4 4 4 3 3 7 4 4 2 2 1 0 0 3 1 1 1 1 1 1 1 1 
2 2 3 4 4 3 3 3 0 0 0 3 3 0 0 0 1 1 0 1 1 1 3 3 4 4 4 3 3 7 4 4 2 2 1 0 0 3 1 1 1 1 1 1 1 1 
1 1 2 2 2 3 2 2 1 1 0 1 1 1 0 0 0 0 0 1 1 1 2 2 3 3 2 3 3 4 4 4 1 1 0 2 2 5 2 2 0 0 0 0 0 0 
1 1 1 1 1 1 1 1 1 1 0 0 0 1 0 0 0 0 1 1 1 1 0 0 3 3 0 1 1 4 2 2 1 1 1 1 1 7 8 8 2 2 1 0 0 0 
1 1 1 1 1 1 1 1 1 1 0 0 0 1 0 0 0 0 1 1 1 1 0 0 3 3 0 1 1 4 2 2 1 1 1 1 1 7 8 8 2 2 1 0 0 0 
1 1 1 1 1 1 0 0 0 0 0 0 0 0 0 0 0 0 1 1 1 1 9 9 3 3 3 1 1 2 1 1 1 1 0 2 2 10 6 6 4 4 2 1 1 0 
1 1 1 1 1 0 0 0 0 0 0 0 0 0 0 0 0 0 0 0 0 1 14 14 21 21 8 7 7 7 4 4 3 3 1 6 6 11 5 5 2 2 1 1 1 1 
1 1 1 1 1 0 0 0 0 0 0 0 0 0 0 0 0 0 0 0 0 1 14 14 21 21 8 7 7 7 4 4 3 3 1 6 6 11 5 5 2 2 1 1 1 1 
1 1 1 1 1 0 0 0 0 0 1 1 1 0 0 0 0 0 0 2 2 2 4 4 2 2 6 11 11 11 5 5 3 3 2 8 8 7 2 2 1 1 0 1 1 0 
1 1 1 1 1 0 0 0 0 0 1 1 1 0 0 0 0 0 0 2 2 2 4 4 2 2 6 11 11 11 5 5 3 3 2 8 8 7 2 2 1 1 0 1 1 0 
2 2 2 0 0 0 0 0 0 0 1 1 1 0 0 0 0 0 0 1 1 3 3 3 1 1 2 6 6 6 4 4 4 4 5 2 2 2 1 1 1 1 0 0 0 0 
3 3 1 0 0 0 0 0 0 0 0 0 0 0 0 0 0 0 0 0 0 5 2 2 0 0 1 2 2 2 2 2 2 2 3 1 1 2 1 1 1 1 1 1 1 1 
3 3 1 0 0 0 0 0 0 0 0 0 0 0 0 0 0 0 0 0 0 5 2 2 0 0 1 2 2 2 2 2 2 2 3 1 1 2 1 1 1 1 1 1 1 1 
1 1 0 0 0 0 0 0 0 0 0 1 1 0 1 1 1 1 1 0 0 2 1 1 0 0 2 3 3 2 4 4 4 4 1 2 2 1 1 1 1 1 2 1 1 1 
0 0 1 0 0 0 0 0 0 0 1 1 1 1 2 2 1 1 1 1 1 0 1 1 2 2 4 3 3 4 4 4 3 3 2 1 1 1 1 1 1 1 1 1 1 1 
0 0 1 0 0 0 0 0 0 0 1 1 1 1 2 2 1 1 1 1 1 0 1 1 2 2 4 3 3 4 4 4 3 3 2 1 1 1 1 1 1 1 1 1 1 1 
0 0 1 1 1 1 1 1 1 1 2 2 2 1 1 1 1 1 0 0 0 0 0 0 3 3 3 3 3 3 2 2 1 1 1 1 1 0 0 0 1 1 1 1 1 0 
0 0 1 1 1 1 1 1 1 1 2 2 2 1 1 1 1 1 0 0 0 0 0 0 3 3 3 3 3 3 2 2 1 1 1 1 1 0 0 0 1 1 1 1 1 0 
0 0 0 0 0 1 1 1 0 0 1 1 1 1 0 0 0 0 0 0 0 0 1 1 5 5 3 2 2 1 1 1 1 1 2 1 1 0 0 0 0 0 1 0 0 1 
0 0 0 0 0 1 1 1 1 1 1 0 0 0 0 0 0 0 0 0 0 0 1 1 7 7 4 2 2 2 2 2 2 2 2 0 0 0 0 0 0 0 1 1 1 0 
0 0 0 0 0 1 1 1 1 1 1 0 0 0 0 0 0 0 0 0 0 0 1 1 7 7 4 2 2 2 2 2 2 2 2 0 0 0 0 0 0 0 1 1 1 0 
4 4 2 1 1 1 1 1 1 1 1 0 0 0 0 0 0 0 0 0 0 0 0 0 4 4 3 1 1 2 2 2 0 0 0 0 0 0 0 0 0 0 1 1 1 0 
0 0 1 2 2 1 1 1 1 1 1 0 0 0 0 0 0 0 0 0 0 0 0 0 1 1 3 1 1 1 1 1 0 0 0 0 0 0 0 0 0 0 1 1 1 1 
0 0 1 2 2 1 1 1 1 1 1 0 0 0 0 0 0 0 0 0 0 0 0 0 1 1 3 1 1 1 1 1 0 0 0 0 0 0 0 0 0 0 1 1 1 1 
0 0 0 0 0 1 2 2 4 4 1 0 0 0 0 0 0 0 0 0 0 0 0 0 3 3 2 7 7 4 0 0 0 0 0 1 1 1 0 0 0 0 0 0 0 0 
0 0 0 0 0 1 2 2 4 4 1 0 0 0 0 0 0 0 0 0 0 0 0 0 3 3 2 7 7 4 0 0 0 0 0 1 1 1 0 0 0 0 0 0 0 0 
0 0 0 0 0 0 2 2 2 2 0 0 0 0 0 0 0 0 0 0 0 0 0 0 3 3 1 2 2 0 1 1 1 1 1 0 0 2 1 1 0 0 0 0 0 0 
0 0 0 0 0 0 1 1 0 0 0 0 0 0 0 0 0 0 0 0 0 0 0 0 0 0 1 0 0 0 1 1 6 6 1 0 0 0 1 1 0 0 0 1 1 1 
0 0 0 0 0 0 1 1 0 0 0 0 0 0 0 0 0 0 0 0 0 0 0 0 0 0 1 0 0 0 1 1 6 6 1 0 0 0 1 1 0 0 0 1 1 1 
0 0 0 0 0 2 1 1 4 4 1 1 1 0 0 0 0 0 0 0 0 0 0 0 0 0 1 2 2 2 1 1 4 4 4 1 1 0 0 0 0 0 1 1 1 1 
0 0 0 1 1 1 11 11 7 7 6 1 1 1 0 0 0 0 0 0 0 0 0 0 0 0 0 2 2 1 2 2 2 2 3 2 2 1 1 1 1 1 1 1 1 2 
0 0 0 1 1 1 11 11 7 7 6 1 1 1 0 0 0 0 0 0 0 0 0 0 0 0 0 2 2 1 2 2 2 2 3 2 2 1 1 1 1 1 1 1 1 2 
1 1 0 1 1 3 6 6 16 16 7 6 6 2 1 1 0 0 0 0 0 0 3 3 0 0 0 1 1 2 2 2 2 2 2 1 1 1 1 1 1 1 1 1 1 2 
1 1 0 1 1 3 6 6 16 16 7 6 6 2 1 1 0 0 0 0 0 0 3 3 0 0 0 1 1 2 2 2 2 2 2 1 1 1 1 1 1 1 1 1 1 2 
2 2 1 1 1 1 9 9 6 6 16 8 8 11 8 8 3 3 0 1 1 1 1 1 2 2 1 2 2 2 1 1 1 1 2 1 1 1 1 1 1 1 1 1 1 1 
5 5 4 1 1 1 1 1 6 6 6 21 21 24 26 26 37 37 3 3 3 2 1 1 3 3 6 8 8 12 6 6 3 3 2 0 0 0 1 1 2 2 3 3 3 3 
5 5 4 1 1 1 1 1 6 6 6 21 21 24 26 26 37 37 3 3 3 2 1 1 3 3 6 8 8 12 6 6 3 3 2 0 0 0 1 1 2 2 3 3 3 3 
2 2 2 1 1 1 1 1 1 1 1 4 4 27 57 57 18 18 8 5 5 3 6 6 7 7 6 8 8 9 15 15 10 10 5 0 0 0 0 0 1 1 2 4 4 4 
1 1 1 0 0 0 1 1 1 1 4 3 3 13 11 11 22 22 13 10 10 17 12 12 15 15 10 9 9 7 11 11 11 11 9 1 1 0 0 0 1 1 1 3 3 2 
1 1 1 0 0 0 1 1 1 1 4 3 3 13 11 11 22 22 13 10 10 17 12 12 15 15 10 9 9 7 11 11 11 11 9 1 1 0 0 0 1 1 1 3 3 2 
1 1 1 0 0 0 0 0 1 1 3 7 7 9 11 11 12 12 11 20 20 18 21 21 14 14 11 5 5 6 3 3 6 6 8 2 2 1 1 1 2 2 5 2 2 0 
1 1 1 0 0 0 0 0 1 1 3 7 7 9 11 11 12 12 11 20 20 18 21 21 14 14 11 5 5 6 3 3 6 6 8 2 2 1 1 1 2 2 5 2 2 0 
0 0 0 0 0 0 0 0 1 1 0 3 3 4 5 5 18 18 10 7 7 33 25 25 14 14 12 5 5 4 2 2 4 4 3 2 2 4 4 4 2 2 2 1 1 0 
1 1 1 1 1 0 0 0 0 0 0 1 1 1 2 2 6 6 4 8 8 10 20 20 18 18 20 8 8 4 0 0 1 1 0 1 1 0 4 4 0 0 0 0 0 0 
1 1 1 1 1 0 0 0 0 0 0 1 1 1 2 2 6 6 4 8 8 10 20 20 18 18 20 8 8 4 0 0 1 1 0 1 1 0 4 4 0 0 0 0 0 0 
1 1 2 2 2 1 1 1 1 1 1 1 1 1 2 2 2 2 3 10 10 9 5 5 7 7 17 12 12 6 1 1 0 0 1 1 1 1 2 2 3 3 2 1 1 1 
1 1 1 1 1 2 4 4 4 4 3 1 1 2 2 2 2 2 4 5 5 5 3 3 3 3 5 7 7 7 8 8 4 4 2 2 2 1 2 2 1 1 3 0 0 1 
