assets/RAT_results/precipitation/2024-10-07_IMERG.asc
ncols        46
nrows        77
xllcorner    74.800261325624
yllcorner    8.058333333333
cellsize     0.062500000000
NODATA_value -9999
6 6 5 5 5 7 7 7 9 9 8 6 6 5 4 4 2 2 1 1 1 0 0 0 0 0 0 0 0 0 0 0 0 0 0 0 0 0 0 0 0 0 0 0 0 0 
9 9 12 16 16 16 15 15 13 13 10 8 8 8 6 6 3 3 2 1 1 1 0 0 0 0 0 0 0 0 0 0 0 0 0 0 0 0 0 0 0 0 0 0 0 0 
9 9 12 16 16 16 15 15 13 13 10 8 8 8 6 6 3 3 2 1 1 1 0 0 0 0 0 0 0 0 0 0 0 0 0 0 0 0 0 0 0 0 0 0 0 0 
17 17 20 22 22 22 20 20 19 19 15 12 12 12 10 10 6 6 4 3 3 2 0 0 0 0 0 0 0 0 0 0 0 0 0 0 0 0 0 0 0 0 0 0 0 0 
16 16 18 21 21 24 23 23 21 21 17 16 16 16 13 13 11 11 5 3 3 2 1 1 1 1 0 0 0 0 1 1 1 1 0 1 1 1 1 1 3 3 4 3 3 1 
16 16 18 21 21 24 23 23 21 21 17 16 16 16 13 13 11 11 5 3 3 2 1 1 1 1 0 0 0 0 1 1 1 1 0 1 1 1 1 1 3 3 4 3 3 1 
15 15 21 25 25 23 20 20 21 21 20 20 20 20 16 16 11 11 7 3 3 2 1 1 1 1 1 1 1 1 1 1 2 2 4 3 3 4 3 3 7 7 8 6 6 2 
15 15 21 25 25 23 20 20 21 21 20 20 20 20 16 16 11 11 7 3 3 2 1 1 1 1 1 1 1 1 1 1 2 2 4 3 3 4 3 3 7 7 8 6 6 2 
19 19 26 28 28 28 28 28 31 31 27 26 26 24 19 19 13 13 9 5 5 3 1 1 1 1 2 3 3 3 2 2 4 4 7 7 7 8 8 8 13 13 10 10 10 5 
25 25 28 37 37 35 39 39 42 42 37 37 37 31 26 26 19 19 14 8 8 4 3 3 2 2 3 7 7 8 6 6 7 7 8 13 13 13 13 13 17 17 13 14 14 7 
25 25 28 37 37 35 39 39 42 42 37 37 37 31 26 26 19 19 14 8 8 4 3 3 2 2 3 7 7 8 6 6 7 7 8 13 13 13 13 13 17 17 13 14 14 7 
40 40 41 55 55 47 52 52 54 54 51 51 51 42 32 32 24 24 18 11 11 7 6 6 6 6 4 8 8 10 10 10 10 10 13 19 19 21 15 15 18 18 16 17 17 10 
73 73 64 61 61 60 63 63 61 61 69 68 68 50 39 39 32 32 22 16 16 10 8 8 8 8 7 6 6 9 11 11 13 13 16 20 20 24 18 18 16 16 17 22 22 15 
73 73 64 61 61 60 63 63 61 61 69 68 68 50 39 39 32 32 22 16 16 10 8 8 8 8 7 6 6 9 11 11 13 13 16 20 20 24 18 18 16 16 17 22 22 15 
75 75 76 70 70 68 77 77 77 77 73 73 73 53 44 44 37 37 26 20 20 15 12 12 10 10 9 9 9 10 13 13 20 20 19 20 20 23 18 18 16 16 17 24 24 18 
75 75 76 70 70 68 77 77 77 77 73 73 73 53 44 44 37 37 26 20 20 15 12 12 10 10 9 9 9 10 13 13 20 20 19 20 20 23 18 18 16 16 17 24 24 18 
64 64 74 77 77 74 87 87 88 88 84 76 76 66 57 57 52 52 40 30 30 22 11 11 7 7 7 9 9 10 15 15 33 33 32 25 25 25 20 20 19 19 22 25 25 24 
63 63 79 86 86 89 94 94 104 104 101 92 92 82 74 74 61 61 52 41 41 38 15 15 6 6 7 7 7 11 15 15 21 21 24 27 27 38 27 27 19 19 20 23 23 27 
63 63 79 86 86 89 94 94 104 104 101 92 92 82 74 74 61 61 52 41 41 38 15 15 6 6 7 7 7 11 15 15 21 21 24 27 27 38 27 27 19 19 20 23 23 27 
61 61 79 83 83 90 103 103 109 109 125 110 110 96 75 75 64 64 52 43 43 37 29 29 8 8 6 6 6 11 16 16 19 19 17 21 21 25 24 24 21 21 17 19 19 22 
53 53 59 75 75 80 87 87 94 94 93 104 104 92 83 83 77 77 57 43 43 34 19 19 9 9 6 4 4 8 15 15 17 17 15 21 21 21 20 20 16 16 14 15 15 19 
53 53 59 75 75 80 87 87 94 94 93 104 104 92 83 83 77 77 57 43 43 34 19 19 9 9 6 4 4 8 15 15 17 17 15 21 21 21 20 20 16 16 14 15 15 19 
44 44 46 53 53 54 60 60 69 69 71 79 79 90 77 77 71 71 56 36 36 31 20 20 12 12 10 7 7 9 13 13 15 15 13 18 18 19 18 18 12 12 12 12 12 16 
44 44 46 53 53 54 60 60 69 69 71 79 79 90 77 77 71 71 56 36 36 31 20 20 12 12 10 7 7 9 13 13 15 15 13 18 18 19 18 18 12 12 12 12 12 16 
29 29 30 30 30 34 36 36 41 41 45 51 51 69 59 59 54 54 45 32 32 28 22 22 17 17 16 12 12 10 13 13 14 14 12 18 18 17 16 16 9 9 11 10 10 13 
31 31 34 28 28 25 26 26 32 32 36 40 40 50 42 42 42 42 38 32 32 33 28 28 25 25 23 18 18 13 12 12 14 14 13 17 17 14 9 9 6 6 9 8 8 10 
31 31 34 28 28 25 26 26 32 32 36 40 40 50 42 42 42 42 38 32 32 33 28 28 25 25 23 18 18 13 12 12 14 14 13 17 17 14 9 9 6 6 9 8 8 10 
37 37 36 29 29 25 23 23 28 28 32 39 39 40 32 32 34 34 34 30 30 34 36 36 32 32 31 23 23 15 13 13 14 14 14 15 15 13 10 10 7 7 9 7 7 7 
46 46 40 33 33 28 19 19 23 23 29 36 36 35 28 28 31 31 25 24 24 28 34 34 35 35 32 23 23 15 13 13 13 13 13 13 13 13 11 11 9 9 10 7 7 7 
46 46 40 33 33 28 19 19 23 23 29 36 36 35 28 28 31 31 25 24 24 28 34 34 35 35 32 23 23 15 13 13 13 13 13 13 13 13 11 11 9 9 10 7 7 7 
48 48 42 35 35 31 22 22 21 21 25 36 36 36 28 28 31 31 22 20 20 21 25 25 31 31 33 26 26 17 13 13 11 11 11 12 12 13 13 13 13 13 11 9 9 7 
48 48 42 35 35 31 22 22 21 21 25 36 36 36 28 28 31 31 22 20 20 21 25 25 31 31 33 26 26 17 13 13 11 11 11 12 12 13 13 13 13 13 11 9 9 7 
47 47 40 30 30 27 20 20 17 17 22 31 31 35 27 27 27 27 22 21 21 16 18 18 26 26 28 30 30 22 15 15 9 9 8 11 11 12 15 15 17 17 12 11 11 7 
35 35 32 25 25 24 18 18 16 16 19 28 28 34 27 27 30 30 22 30 30 19 14 14 22 22 18 18 18 21 9 9 7 7 7 8 8 10 13 13 14 14 13 13 13 12 
35 35 32 25 25 24 18 18 16 16 19 28 28 34 27 27 30 30 22 30 30 19 14 14 22 22 18 18 18 21 9 9 7 7 7 8 8 10 13 13 14 14 13 13 13 12 
21 21 22 21 21 18 16 16 16 16 18 26 26 31 25 25 23 23 19 28 28 30 21 21 30 30 31 25 25 17 17 17 16 16 6 5 5 5 8 8 10 10 9 10 10 8 
17 17 17 16 16 16 17 17 16 16 20 26 26 31 20 20 19 19 18 22 22 39 29 29 36 36 43 24 24 21 19 19 15 15 10 7 7 4 9 9 10 10 7 7 7 4 
17 17 17 16 16 16 17 17 16 16 20 26 26 31 20 20 19 19 18 22 22 39 29 29 36 36 43 24 24 21 19 19 15 15 10 7 7 4 9 9 10 10 7 7 7 4 
14 14 14 16 16 15 19 19 16 16 16 26 26 29 18 18 16 16 20 26 26 43 36 36 34 34 40 41 41 25 27 27 15 15 9 10 10 7 7 7 10 10 7 6 6 4 
14 14 14 16 16 15 19 19 16 16 16 26 26 29 18 18 16 16 20 26 26 43 36 36 34 34 40 41 41 25 27 27 15 15 9 10 10 7 7 7 10 10 7 6 6 4 
11 11 13 15 15 14 14 14 14 14 16 21 21 28 18 18 14 14 17 23 23 35 47 47 51 51 44 38 38 33 25 25 13 13 13 11 11 6 5 5 7 7 6 4 4 3 
10 10 11 11 11 11 9 9 10 10 12 15 15 24 19 19 15 15 14 18 18 33 43 43 48 48 48 39 39 27 18 18 10 10 8 8 8 3 7 7 6 6 5 4 4 3 
10 10 11 11 11 11 9 9 10 10 12 15 15 24 19 19 15 15 14 18 18 33 43 43 48 48 48 39 39 27 18 18 10 10 8 8 8 3 7 7 6 6 5 4 4 3 
11 11 10 9 9 9 8 8 8 8 9 14 14 20 22 22 16 16 13 12 12 17 24 24 28 28 30 19 19 10 7 7 6 6 7 11 11 3 6 6 7 7 3 3 3 3 
11 11 11 9 9 8 7 7 7 7 9 15 15 20 21 21 16 16 12 10 10 10 11 11 13 13 12 10 10 7 6 6 8 8 11 15 15 5 3 3 3 3 3 1 1 2 
11 11 11 9 9 8 7 7 7 7 9 15 15 20 21 21 16 16 12 10 10 10 11 11 13 13 12 10 10 7 6 6 8 8 11 15 15 5 3 3 3 3 3 1 1 2 
14 14 16 12 12 9 8 8 8 8 9 14 14 16 17 17 13 13 11 8 8 9 11 11 11 11 7 5 5 4 3 3 8 8 9 6 6 6 2 2 1 1 1 0 0 2 
14 14 16 12 12 9 8 8 8 8 9 14 14 16 17 17 13 13 11 8 8 9 11 11 11 11 7 5 5 4 3 3 8 8 9 6 6 6 2 2 1 1 1 0 0 2 
15 15 14 12 12 12 8 8 11 11 12 15 15 15 13 13 12 12 12 7 7 6 9 9 11 11 8 5 5 3 3 3 5 5 5 4 4 3 2 2 1 1 1 0 0 2 
17 17 15 15 15 16 9 9 11 11 13 15 15 12 8 8 8 8 12 6 6 6 10 10 13 13 11 8 8 9 7 7 4 4 6 7 7 3 1 1 2 2 2 1 1 2 
17 17 15 15 15 16 9 9 11 11 13 15 15 12 8 8 8 8 12 6 6 6 10 10 13 13 11 8 8 9 7 7 4 4 6 7 7 3 1 1 2 2 2 1 1 2 
25 25 26 24 24 24 9 9 10 10 12 15 15 10 8 8 6 6 10 4 4 4 5 5 11 11 10 11 11 17 13 13 15 15 5 5 5 3 2 2 3 3 3 2 2 3 
32 32 33 29 29 23 18 18 12 12 13 12 12 11 8 8 6 6 10 3 3 3 5 5 11 11 9 9 9 12 14 14 9 9 8 6 6 4 3 3 3 3 4 5 5 5 
32 32 33 29 29 23 18 18 12 12 13 12 12 11 8 8 6 6 10 3 3 3 5 5 11 11 9 9 9 12 14 14 9 9 8 6 6 4 3 3 3 3 4 5 5 5 
51 51 55 42 42 37 31 31 26 26 19 11 11 11 8 8 6 6 8 4 4 4 4 4 11 11 10 7 7 8 13 13 13 13 10 10 10 7 7 7 6 6 7 7 7 7 
51 51 55 42 42 37 31 31 26 26 19 11 11 11 8 8 6 6 8 4 4 4 4 4 11 11 10 7 7 8 13 13 13 13 10 10 10 7 7 7 6 6 7 7 7 7 
86 86 64 47 47 39 32 32 29 29 20 13 13 12 7 7 6 6 7 5 5 4 4 4 9 9 12 11 11 12 12 12 15 15 12 11 11 8 9 9 9 9 10 9 9 9 
90 90 84 53 53 42 29 29 26 26 20 16 16 13 9 9 6 6 8 6 6 4 5 5 8 8 11 11 11 9 9 9 15 15 12 9 9 7 9 9 9 9 12 12 12 15 
90 90 84 53 53 42 29 29 26 26 20 16 16 13 9 9 6 6 8 6 6 4 5 5 8 8 11 11 11 9 9 9 15 15 12 9 9 7 9 9 9 9 12 12 12 15 
76 76 61 45 45 37 31 31 28 28 23 18 18 17 14 14 8 8 9 6 6 5 7 7 8 8 11 12 12 10 9 9 11 11 11 11 11 7 7 7 8 8 11 10 10 9 
54 54 49 51 51 41 33 33 30 30 23 21 21 20 16 16 15 15 12 10 10 7 7 7 10 10 10 10 10 13 11 11 8 8 8 9 9 8 6 6 6 6 8 7 7 7 
54 54 49 51 51 41 33 33 30 30 23 21 21 20 16 16 15 15 12 10 10 7 7 7 10 10 10 10 10 13 11 11 8 8 8 9 9 8 6 6 6 6 8 7 7 7 
48 48 54 46 46 43 36 36 33 33 28 24 24 25 23 23 22 22 18 19 19 15 17 17 12 12 12 22 22 17 13 13 8 8 8 9 9 9 6 6 5 5 5 4 4 4 
48 48 54 46 46 43 36 36 33 33 28 24 24 25 23 23 22 22 18 19 19 15 17 17 12 12 12 22 22 17 13 13 8 8 8 9 9 9 6 6 5 5 5 4 4 4 
51 51 51 45 45 48 44 44 41 41 37 36 36 39 36 36 39 39 40 28 28 20 21 21 14 14 12 16 16 23 18 18 11 11 9 13 13 14 6 6 3 3 3 2 2 1 
55 55 54 55 55 54 51 51 49 49 46 42 42 44 45 45 47 47 48 47 47 39 28 28 19 19 13 16 16 33 25 25 15 15 13 14 14 19 8 8 2 2 1 1 1 1 
55 55 54 55 55 54 51 51 49 49 46 42 42 44 45 45 47 47 48 47 47 39 28 28 19 19 13 16 16 33 25 25 15 15 13 14 14 19 8 8 2 2 1 1 1 1 
60 60 57 57 57 54 54 54 54 54 58 61 61 62 60 60 62 62 65 57 57 46 35 35 24 24 14 18 18 41 34 34 23 23 23 15 15 15 10 10 3 3 2 1 1 0 
63 63 56 60 60 53 54 54 57 57 58 63 63 71 70 70 72 72 76 67 67 61 43 43 33 33 22 17 17 30 31 31 30 30 21 17 17 14 11 11 5 5 2 2 2 0 
63 63 56 60 60 53 54 54 57 57 58 63 63 71 70 70 72 72 76 67 67 61 43 43 33 33 22 17 17 30 31 31 30 30 21 17 17 14 11 11 5 5 2 2 2 0 
72 72 62 62 62 51 51 51 54 54 61 65 65 76 86 86 86 86 88 83 83 67 47 47 34 34 28 24 24 26 30 30 24 24 25 26 26 16 14 14 7 7 5 2 2 1 
72 72 62 62 62 51 51 51 54 54 61 65 65 76 86 86 86 86 88 83 83 67 47 47 34 34 28 24 24 26 30 30 24 24 25 26 26 16 14 14 7 7 5 2 2 1 
79 79 70 69 69 57 57 57 63 63 64 72 72 77 88 88 91 91 98 98 98 89 74 74 44 44 36 31 31 25 21 21 15 15 21 20 20 14 11 11 7 7 4 2 2 1 
93 93 89 75 75 65 62 62 68 68 73 82 82 90 110 110 119 119 129 128 128 126 113 113 72 72 48 39 39 39 27 27 17 17 18 18 18 11 9 9 8 8 4 2 2 1 
93 93 89 75 75 65 62 62 68 68 73 82 82 90 110 110 119 119 129 128 128 126 113 113 72 72 48 39 39 39 27 27 17 17 18 18 18 11 9 9 8 8 4 2 2 1 
97 97 97 92 92 74 68 68 67 67 70 78 78 88 107 107 113 113 129 136 136 138 128 128 92 92 60 51 51 45 38 38 26 26 16 12 12 8 11 11 9 9 5 2 2 2 
103 103 108 92 92 80 75 75 73 73 78 85 85 92 102 102 117 117 136 137 137 134 124 124 109 109 86 77 77 53 47 47 29 29 24 9 9 4 4 4 5 5 4 2 2 1 
