assets/RAT_results/precipitation/2024-07-24_IMERG.asc
ncols        46
nrows        77
xllcorner    74.800261325624
yllcorner    8.058333333333
cellsize     0.062500000000
NODATA_value -9999
14 14 26 38 38 47 44 44 37 37 25 31 31 49 27 27 26 26 14 2 2 2 4 4 4 4 2 1 1 2 2 2 2 2 2 2 2 1 1 1 1 1 2 2 2 1 
28 28 34 39 39 48 42 42 32 32 25 25 25 30 30 30 17 17 11 7 7 5 10 10 4 4 1 0 0 0 0 0 0 0 2 1 1 2 2 2 2 2 3 2 2 1 
28 28 34 39 39 48 42 42 32 32 25 25 25 30 30 30 17 17 11 7 7 5 10 10 4 4 1 0 0 0 0 0 0 0 2 1 1 2 2 2 2 2 3 2 2 1 
35 35 50 49 49 63 60 60 37 37 28 33 33 35 22 22 19 19 15 16 16 8 6 6 2 2 4 1 1 0 0 0 1 1 1 2 2 2 2 2 1 1 2 1 1 1 
19 19 34 58 58 76 58 58 41 41 27 65 65 33 42 42 21 21 27 12 12 10 1 1 4 4 3 2 2 1 0 0 2 2 1 2 2 2 3 3 2 2 1 1 1 0 
19 19 34 58 58 76 58 58 41 41 27 65 65 33 42 42 21 21 27 12 12 10 1 1 4 4 3 2 2 1 0 0 2 2 1 2 2 2 3 3 2 2 1 1 1 0 
12 12 21 41 41 41 44 44 39 39 49 41 41 31 35 35 14 14 14 13 13 7 9 9 6 6 2 2 2 1 0 0 3 3 2 2 2 2 1 1 1 1 0 0 0 0 
12 12 21 41 41 41 44 44 39 39 49 41 41 31 35 35 14 14 14 13 13 7 9 9 6 6 2 2 2 1 0 0 3 3 2 2 2 2 1 1 1 1 0 0 0 0 
10 10 17 27 27 29 34 34 37 37 52 49 49 47 39 39 10 10 4 4 4 3 2 2 8 8 4 2 2 1 2 2 1 1 2 3 3 2 1 1 0 0 1 0 0 1 
13 13 12 25 25 30 37 37 35 35 44 86 86 63 27 27 15 15 13 7 7 4 3 3 3 3 4 1 1 3 3 3 0 0 1 0 0 0 2 2 0 0 0 2 2 3 
13 13 12 25 25 30 37 37 35 35 44 86 86 63 27 27 15 15 13 7 7 4 3 3 3 3 4 1 1 3 3 3 0 0 1 0 0 0 2 2 0 0 0 2 2 3 
11 11 11 29 29 34 39 39 31 31 30 54 54 53 29 29 24 24 22 14 14 11 11 11 12 12 7 6 6 4 3 3 4 4 3 2 2 0 1 1 1 1 2 3 3 5 
13 13 15 17 17 33 39 39 36 36 37 55 55 51 35 35 27 27 31 23 23 21 19 19 15 15 8 12 12 6 5 5 5 5 4 3 3 13 3 3 6 6 3 4 4 6 
13 13 15 17 17 33 39 39 36 36 37 55 55 51 35 35 27 27 31 23 23 21 19 19 15 15 8 12 12 6 5 5 5 5 4 3 3 13 3 3 6 6 3 4 4 6 
16 16 19 19 19 15 32 32 42 42 48 52 52 50 62 62 31 31 36 42 42 35 30 30 22 22 12 7 7 3 1 1 8 8 12 15 15 6 7 7 9 9 6 5 5 5 
16 16 19 19 19 15 32 32 42 42 48 52 52 50 62 62 31 31 36 42 42 35 30 30 22 22 12 7 7 3 1 1 8 8 12 15 15 6 7 7 9 9 6 5 5 5 
25 25 27 26 26 18 29 29 51 51 70 72 72 76 69 69 57 57 53 39 39 42 40 40 26 26 23 14 14 2 2 2 0 0 2 2 2 5 8 8 7 7 9 1 1 5 
26 26 30 24 24 23 24 24 43 43 56 67 67 73 67 67 59 59 51 28 28 35 33 33 17 17 16 5 5 2 1 1 1 1 2 3 3 6 7 7 5 5 6 9 9 5 
26 26 30 24 24 23 24 24 43 43 56 67 67 73 67 67 59 59 51 28 28 35 33 33 17 17 16 5 5 2 1 1 1 1 2 3 3 6 7 7 5 5 6 9 9 5 
38 38 40 43 43 36 25 25 22 22 35 43 43 57 52 52 46 46 35 28 28 27 15 15 17 17 17 7 7 3 2 2 4 4 11 4 4 3 1 1 4 4 8 2 2 1 
47 47 51 60 60 56 34 34 30 30 22 40 40 39 41 41 38 38 35 30 30 29 11 11 20 20 17 11 11 7 5 5 6 6 3 10 10 4 3 3 2 2 5 4 4 3 
47 47 51 60 60 56 34 34 30 30 22 40 40 39 41 41 38 38 35 30 30 29 11 11 20 20 17 11 11 7 5 5 6 6 3 10 10 4 3 3 2 2 5 4 4 3 
51 51 54 60 60 70 44 44 43 43 30 34 34 50 42 42 34 34 33 30 30 28 24 24 32 32 31 16 16 9 3 3 3 3 2 3 3 8 3 3 2 2 1 3 3 2 
51 51 54 60 60 70 44 44 43 43 30 34 34 50 42 42 34 34 33 30 30 28 24 24 32 32 31 16 16 9 3 3 3 3 2 3 3 8 3 3 2 2 1 3 3 2 
43 43 53 64 64 66 67 67 68 68 77 34 34 57 48 48 44 44 33 33 33 35 25 25 30 30 20 20 20 3 3 3 4 4 3 3 3 3 1 1 1 1 2 2 2 3 
36 36 42 48 48 53 61 61 63 63 83 46 46 68 48 48 46 46 41 42 42 34 19 19 24 24 28 23 23 3 2 2 6 6 4 2 2 1 0 0 1 1 4 3 3 2 
36 36 42 48 48 53 61 61 63 63 83 46 46 68 48 48 46 46 41 42 42 34 19 19 24 24 28 23 23 3 2 2 6 6 4 2 2 1 0 0 1 1 4 3 3 2 
25 25 29 33 33 38 49 49 50 50 43 41 41 40 61 61 46 46 41 36 36 23 16 16 24 24 34 26 26 20 16 16 10 10 7 2 2 2 2 2 3 3 3 3 3 2 
20 20 27 34 34 38 38 38 36 36 33 34 34 34 25 25 43 43 34 26 26 16 16 16 19 19 22 16 16 17 21 21 13 13 29 21 21 7 5 5 4 4 5 3 3 2 
20 20 27 34 34 38 38 38 36 36 33 34 34 34 25 25 43 43 34 26 26 16 16 16 19 19 22 16 16 17 21 21 13 13 29 21 21 7 5 5 4 4 5 3 3 2 
21 21 25 29 29 31 30 30 34 34 31 32 32 30 31 31 41 41 42 36 36 21 26 26 14 14 12 20 20 14 5 5 13 13 20 39 39 22 12 12 6 6 5 3 3 2 
21 21 25 29 29 31 30 30 34 34 31 32 32 30 31 31 41 41 42 36 36 21 26 26 14 14 12 20 20 14 5 5 13 13 20 39 39 22 12 12 6 6 5 3 3 2 
18 18 21 21 21 25 25 25 26 26 23 27 27 28 30 30 42 42 41 39 39 36 41 41 38 38 32 27 27 15 18 18 19 19 29 19 19 18 17 17 6 6 4 2 2 2 
12 12 14 17 17 25 21 21 18 18 17 18 18 31 41 41 51 51 45 38 38 39 45 45 38 38 34 29 29 20 10 10 25 25 10 16 16 21 14 14 11 11 4 2 2 2 
12 12 14 17 17 25 21 21 18 18 17 18 18 31 41 41 51 51 45 38 38 39 45 45 38 38 34 29 29 20 10 10 25 25 10 16 16 21 14 14 11 11 4 2 2 2 
7 7 8 11 11 16 12 12 12 12 14 14 14 27 35 35 31 31 45 45 45 52 48 48 48 48 32 28 28 16 11 11 11 11 19 11 11 13 17 17 3 3 2 1 1 1 
4 4 5 8 8 8 8 8 11 11 10 11 11 11 21 21 18 18 34 55 55 74 49 49 33 33 23 20 20 24 15 15 12 12 22 14 14 7 3 3 2 2 1 1 1 1 
4 4 5 8 8 8 8 8 11 11 10 11 11 11 21 21 18 18 34 55 55 74 49 49 33 33 23 20 20 24 15 15 12 12 22 14 14 7 3 3 2 2 1 1 1 1 
3 3 3 2 2 1 2 2 3 3 4 7 7 7 10 10 20 20 40 38 38 66 44 44 38 38 24 17 17 19 26 26 17 17 7 4 4 2 1 1 1 1 1 0 0 0 
3 3 3 2 2 1 2 2 3 3 4 7 7 7 10 10 20 20 40 38 38 66 44 44 38 38 24 17 17 19 26 26 17 17 7 4 4 2 1 1 1 1 1 0 0 0 
3 3 3 1 1 0 1 1 2 2 4 7 7 9 7 7 10 10 14 38 38 33 58 58 23 23 19 18 18 19 22 22 6 6 5 1 1 1 1 1 1 1 0 0 0 0 
2 2 1 1 1 1 2 2 4 4 5 7 7 10 7 7 9 9 12 15 15 23 20 20 14 14 9 8 8 6 5 5 2 2 2 1 1 1 0 0 0 0 0 0 0 0 
2 2 1 1 1 1 2 2 4 4 5 7 7 10 7 7 9 9 12 15 15 23 20 20 14 14 9 8 8 6 5 5 2 2 2 1 1 1 0 0 0 0 0 0 0 0 
2 2 2 2 2 5 9 9 12 12 14 13 13 16 10 10 7 7 8 10 10 21 13 13 12 12 8 6 6 2 7 7 2 2 1 1 1 1 1 1 0 0 0 0 0 0 
5 5 4 6 6 8 7 7 8 8 11 14 14 21 14 14 11 11 10 8 8 11 13 13 11 11 12 8 8 7 8 8 8 8 2 0 0 0 0 0 0 0 0 0 0 0 
5 5 4 6 6 8 7 7 8 8 11 14 14 21 14 14 11 11 10 8 8 11 13 13 11 11 12 8 8 7 8 8 8 8 2 0 0 0 0 0 0 0 0 0 0 0 
5 5 6 7 7 8 8 8 9 9 9 9 9 12 10 10 8 8 7 10 10 10 20 20 15 15 10 5 5 6 5 5 5 5 0 0 0 0 0 0 0 0 0 0 0 0 
5 5 6 7 7 8 8 8 9 9 9 9 9 12 10 10 8 8 7 10 10 10 20 20 15 15 10 5 5 6 5 5 5 5 0 0 0 0 0 0 0 0 0 0 0 0 
4 4 5 5 5 5 5 5 6 6 7 7 7 7 8 8 7 7 6 5 5 4 5 5 8 8 5 2 2 1 6 6 9 9 5 0 0 0 0 0 0 0 0 0 0 0 
2 2 3 3 3 3 3 3 4 4 4 4 4 2 2 2 1 1 1 1 1 1 1 1 2 2 4 1 1 6 9 9 3 3 3 0 0 0 0 0 0 0 0 0 0 0 
2 2 3 3 3 3 3 3 4 4 4 4 4 2 2 2 1 1 1 1 1 1 1 1 2 2 4 1 1 6 9 9 3 3 3 0 0 0 0 0 0 0 0 0 0 0 
1 1 1 1 1 1 1 1 2 2 2 2 2 2 1 1 1 1 0 0 0 0 0 0 0 0 0 0 0 0 0 0 0 0 4 2 2 0 0 0 0 0 0 0 0 0 
1 1 1 1 1 1 2 2 2 2 2 2 2 2 2 2 1 1 1 1 1 0 1 1 1 1 1 0 0 0 0 0 0 0 2 0 0 0 0 0 0 0 0 0 0 0 
1 1 1 1 1 1 2 2 2 2 2 2 2 2 2 2 1 1 1 1 1 0 1 1 1 1 1 0 0 0 0 0 0 0 2 0 0 0 0 0 0 0 0 0 0 0 
1 1 1 2 2 1 1 1 1 1 1 1 1 2 3 3 2 2 2 2 2 2 2 2 1 1 0 2 2 4 0 0 3 3 0 0 0 0 0 0 0 0 0 0 0 0 
1 1 1 2 2 1 1 1 1 1 1 1 1 2 3 3 2 2 2 2 2 2 2 2 1 1 0 2 2 4 0 0 3 3 0 0 0 0 0 0 0 0 0 0 0 0 
1 1 1 1 1 1 0 0 0 0 0 1 1 1 1 1 1 1 2 3 3 2 3 3 5 5 2 5 5 5 2 2 6 6 5 1 1 0 0 0 0 0 0 0 0 0 
1 1 0 0 0 0 0 0 1 1 1 2 2 2 2 2 3 3 4 4 4 3 4 4 4 4 10 11 11 7 2 2 0 0 0 0 0 0 0 0 0 0 0 0 0 0 
1 1 0 0 0 0 0 0 1 1 1 2 2 2 2 2 3 3 4 4 4 3 4 4 4 4 10 11 11 7 2 2 0 0 0 0 0 0 0 0 0 0 0 0 0 0 
1 1 0 0 0 0 0 0 1 1 1 1 1 2 2 2 3 3 5 4 4 4 4 4 3 3 4 2 2 4 3 3 5 5 6 4 4 0 0 0 0 0 0 0 0 0 
1 1 0 0 0 0 0 0 0 0 1 2 2 2 2 2 3 3 4 3 3 2 3 3 2 2 3 6 6 16 6 6 10 10 24 8 8 3 0 0 0 0 0 0 0 0 
1 1 0 0 0 0 0 0 0 0 1 2 2 2 2 2 3 3 4 3 3 2 3 3 2 2 3 6 6 16 6 6 10 10 24 8 8 3 0 0 0 0 0 0 0 0 
0 0 0 0 0 0 0 0 0 0 0 0 0 1 1 1 1 1 1 1 1 2 2 2 2 2 1 6 6 14 17 17 7 7 13 7 7 3 0 0 0 0 0 0 0 0 
0 0 0 0 0 0 0 0 0 0 0 0 0 1 1 1 1 1 1 1 1 2 2 2 2 2 1 6 6 14 17 17 7 7 13 7 7 3 0 0 0 0 0 0 0 0 
0 0 0 0 0 0 0 0 0 0 0 0 0 1 1 1 1 1 1 1 1 2 1 1 0 0 0 0 0 1 1 1 1 1 4 0 0 0 0 0 0 0 0 0 0 0 
1 1 0 0 0 0 0 0 0 0 0 0 0 0 1 1 1 1 1 1 1 1 0 0 1 1 1 0 0 1 0 0 0 0 3 0 0 0 0 0 2 2 0 0 0 0 
1 1 0 0 0 0 0 0 0 0 0 0 0 0 1 1 1 1 1 1 1 1 0 0 1 1 1 0 0 1 0 0 0 0 3 0 0 0 0 0 2 2 0 0 0 0 
1 1 1 0 0 0 1 1 1 1 0 1 1 0 1 1 1 1 1 1 1 1 1 1 0 0 0 1 1 1 1 1 1 1 7 0 0 0 0 0 3 3 0 0 0 0 
0 0 0 1 1 1 1 1 1 1 0 0 0 0 1 1 1 1 1 2 2 2 2 2 2 2 2 2 2 1 1 1 1 1 5 4 4 0 0 0 0 0 0 0 0 0 
0 0 0 1 1 1 1 1 1 1 0 0 0 0 1 1 1 1 1 2 2 2 2 2 2 2 2 2 2 1 1 1 1 1 5 4 4 0 0 0 0 0 0 0 0 0 
0 0 0 0 0 0 0 0 0 0 0 0 0 1 1 1 1 1 2 3 3 3 4 4 5 5 5 3 3 1 0 0 9 9 7 7 7 0 0 0 0 0 0 0 0 0 
0 0 0 0 0 0 0 0 0 0 0 0 0 1 1 1 1 1 2 3 3 3 4 4 5 5 5 3 3 1 0 0 9 9 7 7 7 0 0 0 0 0 0 0 0 0 
0 0 0 0 0 0 0 0 0 0 0 0 0 0 1 1 1 1 2 2 2 4 4 4 5 5 4 3 3 4 2 2 3 3 3 8 8 2 0 0 0 0 0 0 0 0 
2 2 2 4 4 5 5 5 5 5 4 2 2 2 2 2 1 1 1 2 2 2 5 5 5 5 3 3 3 3 2 2 6 6 11 14 14 1 0 0 0 0 0 0 0 0 
2 2 2 4 4 5 5 5 5 5 4 2 2 2 2 2 1 1 1 2 2 2 5 5 5 5 3 3 3 3 2 2 6 6 11 14 14 1 0 0 0 0 0 0 0 0 
3 3 5 6 6 7 8 8 8 8 7 5 5 4 3 3 1 1 1 1 1 2 6 6 6 6 4 5 5 7 1 1 1 1 2 8 8 9 0 0 0 0 0 0 0 0 
5 5 7 8 8 8 9 9 9 9 9 9 9 7 5 5 5 5 3 1 1 4 9 9 12 12 10 8 8 10 10 10 38 38 2 11 11 1 0 0 0 0 0 0 0 0 
