assets/RAT_results/precipitation/2024-11-14_IMERG.asc
ncols        46
nrows        77
xllcorner    74.800261325624
yllcorner    8.058333333333
cellsize     0.062500000000
NODATA_value -9999
37 37 39 48 48 53 41 41 29 29 23 20 20 20 16 16 14 14 13 12 12 9 9 9 7 7 6 5 5 6 8 8 10 10 12 14 14 15 13 13 11 11 12 11 11 10 
24 24 31 40 40 35 45 45 64 64 44 24 24 19 14 14 13 13 12 10 10 8 8 8 5 5 3 3 3 3 3 3 4 4 5 7 7 9 9 9 9 9 10 12 12 15 
24 24 31 40 40 35 45 45 64 64 44 24 24 19 14 14 13 13 12 10 10 8 8 8 5 5 3 3 3 3 3 3 4 4 5 7 7 9 9 9 9 9 10 12 12 15 
8 8 11 17 17 17 25 25 45 45 21 17 17 11 6 6 4 4 3 3 3 2 3 3 2 2 1 2 2 2 2 2 3 3 3 4 4 5 6 6 8 8 10 13 13 17 
5 5 7 11 11 15 19 19 19 19 12 12 12 8 3 3 1 1 1 1 1 1 1 1 1 1 1 1 1 1 0 0 1 1 1 1 1 1 2 2 4 4 8 9 9 12 
5 5 7 11 11 15 19 19 19 19 12 12 12 8 3 3 1 1 1 1 1 1 1 1 1 1 1 1 1 1 0 0 1 1 1 1 1 1 2 2 4 4 8 9 9 12 
2 2 2 3 3 5 6 6 7 7 5 4 4 4 3 3 2 2 2 1 1 1 1 1 1 1 1 1 1 1 0 0 1 1 1 1 1 2 3 3 5 5 9 11 11 12 
2 2 2 3 3 5 6 6 7 7 5 4 4 4 3 3 2 2 2 1 1 1 1 1 1 1 1 1 1 1 0 0 1 1 1 1 1 2 3 3 5 5 9 11 11 12 
1 1 1 1 1 2 4 4 4 4 2 3 3 3 3 3 2 2 2 1 1 1 3 3 4 4 5 4 4 2 1 1 1 1 1 2 2 3 6 6 9 9 12 15 15 15 
1 1 1 1 1 1 3 3 3 3 3 3 3 3 4 4 4 4 4 3 3 3 6 6 8 8 9 10 10 6 3 3 2 2 2 4 4 5 9 9 11 11 16 16 16 16 
1 1 1 1 1 1 3 3 3 3 3 3 3 3 4 4 4 4 4 3 3 3 6 6 8 8 9 10 10 6 3 3 2 2 2 4 4 5 9 9 11 11 16 16 16 16 
2 2 1 1 1 1 2 2 4 4 5 5 5 6 7 7 8 8 9 8 8 7 8 8 9 9 11 14 14 10 6 6 4 4 4 5 5 4 6 6 9 9 11 11 11 11 
2 2 2 2 2 2 2 2 5 5 8 9 9 10 14 14 14 14 13 15 15 12 11 11 9 9 9 13 13 12 9 9 6 6 5 5 5 5 5 5 6 6 7 9 9 8 
2 2 2 2 2 2 2 2 5 5 8 9 9 10 14 14 14 14 13 15 15 12 11 11 9 9 9 13 13 12 9 9 6 6 5 5 5 5 5 5 6 6 7 9 9 8 
1 1 2 2 2 2 2 2 6 6 10 13 13 10 12 12 12 12 13 17 17 16 14 14 7 7 6 10 10 13 11 11 10 10 7 7 7 9 8 8 10 10 11 11 11 10 
1 1 2 2 2 2 2 2 6 6 10 13 13 10 12 12 12 12 13 17 17 16 14 14 7 7 6 10 10 13 11 11 10 10 7 7 7 9 8 8 10 10 11 11 11 10 
2 2 2 3 3 3 3 3 4 4 10 15 15 15 8 8 6 6 6 6 6 5 6 6 4 4 4 7 7 9 15 15 16 16 15 21 21 14 14 14 15 15 18 15 15 13 
3 3 4 6 6 4 3 3 3 3 5 11 11 13 7 7 4 4 5 4 4 3 4 4 3 3 3 3 3 6 6 6 9 9 9 9 9 11 12 12 14 14 15 13 13 11 
3 3 4 6 6 4 3 3 3 3 5 11 11 13 7 7 4 4 5 4 4 3 4 4 3 3 3 3 3 6 6 6 9 9 9 9 9 11 12 12 14 14 15 13 13 11 
11 11 12 11 11 8 6 6 5 5 5 7 7 11 8 8 7 7 9 10 10 10 10 10 13 13 11 7 7 7 5 5 6 6 5 6 6 8 8 8 10 10 11 11 11 11 
21 21 16 12 12 9 9 9 9 9 8 11 11 11 10 10 8 8 11 14 14 14 22 22 23 23 19 15 15 9 7 7 6 6 5 6 6 6 7 7 7 7 7 7 7 7 
21 21 16 12 12 9 9 9 9 9 8 11 11 11 10 10 8 8 11 14 14 14 22 22 23 23 19 15 15 9 7 7 6 6 5 6 6 6 7 7 7 7 7 7 7 7 
20 20 18 11 11 9 8 8 9 9 9 9 9 12 13 13 13 13 13 16 16 19 25 25 30 30 24 22 22 12 7 7 7 7 5 6 6 5 6 6 5 5 4 4 4 5 
20 20 18 11 11 9 8 8 9 9 9 9 9 12 13 13 13 13 13 16 16 19 25 25 30 30 24 22 22 12 7 7 7 7 5 6 6 5 6 6 5 5 4 4 4 5 
10 10 12 12 12 10 11 11 12 12 13 13 13 17 16 16 14 14 15 14 14 16 17 17 19 19 11 8 8 5 4 4 4 4 3 3 3 4 4 4 4 4 4 5 5 5 
7 7 10 14 14 15 17 17 21 21 21 21 21 19 19 19 16 16 15 12 12 9 7 7 5 5 3 2 2 2 4 4 6 6 5 5 5 6 6 6 7 7 7 6 6 7 
7 7 10 14 14 15 17 17 21 21 21 21 21 19 19 19 16 16 15 12 12 9 7 7 5 5 3 2 2 2 4 4 6 6 5 5 5 6 6 6 7 7 7 6 6 7 
12 12 13 17 17 19 21 21 25 25 25 31 31 42 50 50 49 49 38 25 25 16 6 6 3 3 2 1 1 2 2 2 4 4 4 4 4 5 6 6 7 7 8 7 7 7 
17 17 18 21 21 24 28 28 32 32 37 38 38 47 49 49 45 45 36 21 21 13 5 5 3 3 2 1 1 2 2 2 3 3 4 4 4 4 4 4 5 5 5 4 4 3 
17 17 18 21 21 24 28 28 32 32 37 38 38 47 49 49 45 45 36 21 21 13 5 5 3 3 2 1 1 2 2 2 3 3 4 4 4 4 4 4 5 5 5 4 4 3 
19 19 20 24 24 32 46 46 60 60 71 75 75 90 91 91 70 70 57 40 40 17 10 10 5 5 2 1 1 1 2 2 3 3 3 3 3 3 3 3 3 3 3 2 2 2 
19 19 20 24 24 32 46 46 60 60 71 75 75 90 91 91 70 70 57 40 40 17 10 10 5 5 2 1 1 1 2 2 3 3 3 3 3 3 3 3 3 3 3 2 2 2 
18 18 19 24 24 39 46 46 63 63 69 75 75 79 69 69 53 53 33 19 19 6 2 2 1 1 0 1 1 1 4 4 4 4 3 3 3 4 2 2 2 2 1 1 1 1 
22 22 35 48 48 55 62 62 70 70 76 76 76 77 65 65 41 41 31 20 20 11 7 7 2 2 0 1 1 1 2 2 3 3 4 5 5 5 4 4 2 2 2 2 2 2 
22 22 35 48 48 55 62 62 70 70 76 76 76 77 65 65 41 41 31 20 20 11 7 7 2 2 0 1 1 1 2 2 3 3 4 5 5 5 4 4 2 2 2 2 2 2 
24 24 33 51 51 56 57 57 61 61 63 66 66 59 54 54 35 35 30 21 21 15 12 12 4 4 2 1 1 2 3 3 5 5 6 9 9 10 7 7 5 5 3 3 3 3 
22 22 24 33 33 42 47 47 51 51 53 58 58 52 52 52 42 42 31 26 26 20 15 15 9 9 7 5 5 7 8 8 8 8 7 8 8 9 8 8 6 6 5 4 4 5 
22 22 24 33 33 42 47 47 51 51 53 58 58 52 52 52 42 42 31 26 26 20 15 15 9 9 7 5 5 7 8 8 8 8 7 8 8 9 8 8 6 6 5 4 4 5 
21 21 19 22 22 25 28 28 30 30 34 38 38 41 41 41 38 38 30 26 26 18 15 15 12 12 9 7 7 10 14 14 14 14 12 11 11 13 11 11 10 10 9 4 4 3 
21 21 19 22 22 25 28 28 30 30 34 38 38 41 41 41 38 38 30 26 26 18 15 15 12 12 9 7 7 10 14 14 14 14 12 11 11 13 11 11 10 10 9 4 4 3 
19 19 18 24 24 28 31 31 33 33 34 35 35 33 33 33 28 28 23 20 20 15 13 13 11 11 4 5 5 5 8 8 13 13 15 11 11 13 11 11 9 9 10 7 7 5 
11 11 15 19 19 22 27 27 32 32 36 40 40 37 34 34 27 27 21 14 14 10 11 11 10 10 9 9 9 10 14 14 18 18 20 18 18 20 17 17 14 14 12 11 11 10 
11 11 15 19 19 22 27 27 32 32 36 40 40 37 34 34 27 27 21 14 14 10 11 11 10 10 9 9 9 10 14 14 18 18 20 18 18 20 17 17 14 14 12 11 11 10 
9 9 11 12 12 15 16 16 16 16 15 13 13 14 15 15 16 16 14 14 14 13 14 14 15 15 17 20 20 18 22 22 27 27 26 21 21 20 17 17 14 14 12 8 8 5 
3 3 2 5 5 9 10 10 13 13 12 13 13 13 17 17 16 16 16 16 16 17 16 16 14 14 18 22 22 19 19 19 20 20 23 18 18 18 16 16 16 16 12 7 7 4 
3 3 2 5 5 9 10 10 13 13 12 13 13 13 17 17 16 16 16 16 16 17 16 16 14 14 18 22 22 19 19 19 20 20 23 18 18 18 16 16 16 16 12 7 7 4 
1 1 1 3 3 4 4 4 4 4 5 8 8 9 13 13 14 14 14 17 17 20 21 21 21 21 23 23 23 19 15 15 14 14 15 17 17 15 15 15 19 19 20 17 17 16 
1 1 1 3 3 4 4 4 4 4 5 8 8 9 13 13 14 14 14 17 17 20 21 21 21 21 23 23 23 19 15 15 14 14 15 17 17 15 15 15 19 19 20 17 17 16 
2 2 3 3 3 5 4 4 3 3 3 4 4 5 6 6 6 6 8 9 9 11 13 13 17 17 18 24 24 26 20 20 22 22 23 29 29 33 34 34 27 27 23 28 28 23 
5 5 8 10 10 9 4 4 3 3 3 3 3 3 4 4 6 6 8 7 7 9 14 14 17 17 22 28 28 30 25 25 24 24 23 23 23 35 32 32 21 21 19 20 20 22 
5 5 8 10 10 9 4 4 3 3 3 3 3 3 4 4 6 6 8 7 7 9 14 14 17 17 22 28 28 30 25 25 24 24 23 23 23 35 32 32 21 21 19 20 20 22 
9 9 15 18 18 17 11 11 9 9 7 6 6 5 5 5 7 7 9 12 12 19 23 23 24 24 23 29 29 29 31 31 23 23 17 12 12 14 13 13 11 11 11 9 9 12 
16 16 28 28 28 25 16 16 12 12 9 8 8 7 9 9 12 12 16 20 20 23 23 23 22 22 23 26 26 29 37 37 27 27 16 8 8 7 7 7 6 6 5 5 5 6 
16 16 28 28 28 25 16 16 12 12 9 8 8 7 9 9 12 12 16 20 20 23 23 23 22 22 23 26 26 29 37 37 27 27 16 8 8 7 7 7 6 6 5 5 5 6 
22 22 31 34 34 37 27 27 16 16 12 9 9 9 9 9 10 10 16 24 24 30 32 32 37 37 30 29 29 27 26 26 32 32 19 12 12 10 9 9 7 7 8 7 7 7 
22 22 31 34 34 37 27 27 16 16 12 9 9 9 9 9 10 10 16 24 24 30 32 32 37 37 30 29 29 27 26 26 32 32 19 12 12 10 9 9 7 7 8 7 7 7 
10 10 17 24 24 23 17 17 9 9 7 6 6 7 8 8 11 11 14 17 17 19 17 17 23 23 26 30 30 21 19 19 18 18 16 13 13 12 11 11 11 11 11 9 9 8 
4 4 6 12 12 16 13 13 9 9 8 5 5 6 7 7 6 6 6 5 5 6 15 15 22 22 36 40 40 33 30 30 25 25 18 16 16 13 13 13 14 14 15 16 16 19 
4 4 6 12 12 16 13 13 9 9 8 5 5 6 7 7 6 6 6 5 5 6 15 15 22 22 36 40 40 33 30 30 25 25 18 16 16 13 13 13 14 14 15 16 16 19 
7 7 6 5 5 5 6 6 2 2 2 3 3 4 6 6 7 7 6 5 5 5 8 8 10 10 25 29 29 36 22 22 19 19 22 21 21 19 17 17 17 17 19 18 18 18 
9 9 7 5 5 4 4 4 3 3 3 4 4 6 8 8 11 11 12 10 10 7 8 8 10 10 15 25 25 22 17 17 12 12 16 18 18 17 18 18 22 22 24 22 22 19 
9 9 7 5 5 4 4 4 3 3 3 4 4 6 8 8 11 11 12 10 10 7 8 8 10 10 15 25 25 22 17 17 12 12 16 18 18 17 18 18 22 22 24 22 22 19 
17 17 16 12 12 10 8 8 5 5 4 4 4 6 8 8 11 11 14 17 17 15 13 13 11 11 13 22 22 27 27 27 21 21 18 20 20 22 24 24 29 29 33 27 27 27 
17 17 16 12 12 10 8 8 5 5 4 4 4 6 8 8 11 11 14 17 17 15 13 13 11 11 13 22 22 27 27 27 21 21 18 20 20 22 24 24 29 29 33 27 27 27 
19 19 19 16 16 13 13 13 8 8 6 6 6 5 6 6 9 9 13 15 15 13 11 11 7 7 8 15 15 22 21 21 25 25 24 23 23 24 25 25 32 32 30 29 29 32 
24 24 1 6 6 13 47 47 20 20 15 15 15 11 6 6 4 4 1 0 0 1 1 1 3 3 4 6 6 21 26 26 27 27 32 32 32 25 22 22 22 22 19 19 19 26 
24 24 1 6 6 13 47 47 20 20 15 15 15 11 6 6 4 4 1 0 0 1 1 1 3 3 4 6 6 21 26 26 27 27 32 32 32 25 22 22 22 22 19 19 19 26 
24 24 1 5 5 12 13 13 16 16 15 18 18 11 8 8 6 6 4 1 1 1 1 1 1 1 1 4 4 8 15 15 25 25 31 21 21 17 14 14 20 20 23 25 25 30 
24 24 2 3 3 5 15 15 12 12 19 23 23 12 10 10 9 9 7 4 4 3 2 2 2 2 2 2 2 3 6 6 22 22 24 18 18 15 16 16 18 18 22 30 30 36 
24 24 2 3 3 5 15 15 12 12 19 23 23 12 10 10 9 9 7 4 4 3 2 2 2 2 2 2 2 3 6 6 22 22 24 18 18 15 16 16 18 18 22 30 30 36 
17 17 7 3 3 3 10 10 13 13 22 39 39 14 7 7 10 10 8 9 9 6 4 4 3 3 1 1 1 1 3 3 7 7 20 19 19 21 21 21 22 22 29 32 32 41 
17 17 7 3 3 3 10 10 13 13 22 39 39 14 7 7 10 10 8 9 9 6 4 4 3 3 1 1 1 1 3 3 7 7 20 19 19 21 21 21 22 22 29 32 32 41 
8 8 8 8 8 7 10 10 30 30 44 32 32 12 8 8 5 5 7 9 9 9 6 6 6 6 7 5 5 2 3 3 4 4 17 20 20 23 23 23 25 25 25 30 30 36 
3 3 3 2 2 11 12 12 13 13 18 11 11 11 8 8 10 10 15 12 12 5 3 3 4 4 10 9 9 3 3 3 5 5 7 11 11 27 29 29 34 34 30 34 34 32 
3 3 3 2 2 11 12 12 13 13 18 11 11 11 8 8 10 10 15 12 12 5 3 3 4 4 10 9 9 3 3 3 5 5 7 11 11 27 29 29 34 34 30 34 34 32 
2 2 2 2 2 9 10 10 11 11 13 15 15 12 8 8 7 7 8 5 5 3 4 4 6 6 9 4 4 3 4 4 6 6 6 6 6 11 32 32 38 38 36 36 36 38 
1 1 1 0 0 4 5 5 6 6 8 9 9 9 8 8 7 7 8 13 13 9 5 5 4 4 8 8 8 4 2 2 4 4 5 6 6 6 8 8 15 15 32 18 18 19 
