assets/RAT_results/precipitation/2024-06-24_IMERG.asc
ncols        46
nrows        77
xllcorner    74.800261325624
yllcorner    8.058333333333
cellsize     0.062500000000
NODATA_value -9999
66 66 52 54 54 38 28 28 9 9 10 10 10 11 11 11 8 8 6 1 1 1 0 0 0 0 1 0 0 0 1 1 1 1 0 0 0 0 0 0 0 0 0 0 0 0 
51 51 76 43 43 29 26 26 8 8 8 10 10 7 10 10 8 8 5 0 0 0 0 0 0 0 0 0 0 0 0 0 0 0 0 0 0 0 0 0 0 0 0 0 0 0 
51 51 76 43 43 29 26 26 8 8 8 10 10 7 10 10 8 8 5 0 0 0 0 0 0 0 0 0 0 0 0 0 0 0 0 0 0 0 0 0 0 0 0 0 0 0 
33 33 56 58 58 31 32 32 9 9 18 10 10 26 14 14 9 9 1 0 0 0 0 0 0 0 0 0 0 0 0 0 0 0 0 0 0 0 0 0 0 0 1 1 1 1 
38 38 66 50 50 38 26 26 41 41 24 18 18 7 5 5 2 2 1 1 1 0 0 0 0 0 0 0 0 0 0 0 0 0 0 0 0 0 0 0 0 0 0 0 0 0 
38 38 66 50 50 38 26 26 41 41 24 18 18 7 5 5 2 2 1 1 1 0 0 0 0 0 0 0 0 0 0 0 0 0 0 0 0 0 0 0 0 0 0 0 0 0 
21 21 57 36 36 25 20 20 39 39 31 12 12 9 3 3 1 1 0 0 0 0 0 0 0 0 0 0 0 0 0 0 0 0 0 0 0 0 0 0 0 0 0 0 0 0 
21 21 57 36 36 25 20 20 39 39 31 12 12 9 3 3 1 1 0 0 0 0 0 0 0 0 0 0 0 0 0 0 0 0 0 0 0 0 0 0 0 0 0 0 0 0 
10 10 34 31 31 21 20 20 10 10 10 9 9 7 0 0 0 0 0 0 0 0 0 0 0 0 0 0 0 0 0 0 0 0 0 0 0 0 0 0 0 0 0 0 0 0 
8 8 22 16 16 8 36 36 17 17 9 10 10 11 13 13 12 12 0 0 0 0 0 0 0 0 0 0 0 0 0 0 0 0 0 0 0 0 0 0 0 0 0 0 0 0 
8 8 22 16 16 8 36 36 17 17 9 10 10 11 13 13 12 12 0 0 0 0 0 0 0 0 0 0 0 0 0 0 0 0 0 0 0 0 0 0 0 0 0 0 0 0 
15 15 14 15 15 17 40 40 50 50 33 42 42 23 11 11 8 8 1 3 3 0 0 0 0 0 0 0 0 0 0 0 0 0 0 0 0 0 0 0 9 9 3 0 0 1 
35 35 20 18 18 22 32 32 46 46 47 25 25 28 18 18 9 9 10 10 10 10 5 5 1 1 0 0 0 0 0 0 9 9 7 0 0 0 7 7 3 3 0 0 0 1 
35 35 20 18 18 22 32 32 46 46 47 25 25 28 18 18 9 9 10 10 10 10 5 5 1 1 0 0 0 0 0 0 9 9 7 0 0 0 7 7 3 3 0 0 0 1 
28 28 9 15 15 27 43 43 58 58 62 62 62 30 13 13 31 31 24 35 35 15 7 7 7 7 0 1 1 0 9 9 1 1 0 0 0 1 4 4 7 7 0 0 0 0 
28 28 9 15 15 27 43 43 58 58 62 62 62 30 13 13 31 31 24 35 35 15 7 7 7 7 0 1 1 0 9 9 1 1 0 0 0 1 4 4 7 7 0 0 0 0 
22 22 10 25 25 36 78 78 71 71 63 85 85 38 51 51 23 23 31 36 36 25 32 32 16 16 3 2 2 2 0 0 0 0 0 0 0 6 4 4 6 6 0 1 1 0 
29 29 27 33 33 33 39 39 74 74 59 87 87 66 42 42 36 36 41 30 30 33 17 17 13 13 7 4 4 1 0 0 0 0 1 0 0 0 2 2 0 0 0 0 0 0 
29 29 27 33 33 33 39 39 74 74 59 87 87 66 42 42 36 36 41 30 30 33 17 17 13 13 7 4 4 1 0 0 0 0 1 0 0 0 2 2 0 0 0 0 0 0 
64 64 64 75 75 143 58 58 61 61 75 62 62 51 42 42 47 47 29 19 19 22 21 21 17 17 13 7 7 1 0 0 0 0 0 0 0 0 4 4 2 2 0 0 0 0 
73 73 73 85 85 117 71 71 62 62 33 50 50 46 47 47 30 30 22 18 18 20 13 13 2 2 5 5 5 6 0 0 0 0 0 0 0 0 2 2 0 0 0 0 0 0 
73 73 73 85 85 117 71 71 62 62 33 50 50 46 47 47 30 30 22 18 18 20 13 13 2 2 5 5 5 6 0 0 0 0 0 0 0 0 2 2 0 0 0 0 0 0 
69 69 73 90 90 124 179 179 46 46 45 72 72 47 50 50 40 40 26 29 29 31 23 23 4 4 6 13 13 5 3 3 1 1 1 1 1 0 0 0 0 0 0 0 0 0 
69 69 73 90 90 124 179 179 46 46 45 72 72 47 50 50 40 40 26 29 29 31 23 23 4 4 6 13 13 5 3 3 1 1 1 1 1 0 0 0 0 0 0 0 0 0 
52 52 68 100 100 146 81 81 68 68 67 59 59 52 68 68 47 47 24 20 20 21 11 11 13 13 10 17 17 9 8 8 3 3 1 0 0 0 0 0 0 0 0 0 0 0 
55 55 68 113 113 78 59 59 48 48 51 58 58 75 64 64 56 56 36 26 26 29 15 15 21 21 18 19 19 22 3 3 1 1 0 0 0 0 0 0 0 0 0 0 0 0 
55 55 68 113 113 78 59 59 48 48 51 58 58 75 64 64 56 56 36 26 26 29 15 15 21 21 18 19 19 22 3 3 1 1 0 0 0 0 0 0 0 0 0 0 0 0 
69 69 96 77 77 64 49 49 45 45 59 56 56 55 69 69 46 46 42 50 50 52 22 22 34 34 32 13 13 7 3 3 1 1 0 0 0 0 0 0 0 0 0 0 0 0 
84 84 83 85 85 85 62 62 51 51 49 40 40 35 35 35 58 58 66 53 53 25 17 17 16 16 12 16 16 13 23 23 14 14 8 7 7 5 3 3 0 0 0 0 0 4 
84 84 83 85 85 85 62 62 51 51 49 40 40 35 35 35 58 58 66 53 53 25 17 17 16 16 12 16 16 13 23 23 14 14 8 7 7 5 3 3 0 0 0 0 0 4 
75 75 74 78 78 86 67 67 47 47 48 28 28 37 42 42 60 60 64 42 42 17 23 23 17 17 15 19 19 25 38 38 24 24 12 7 7 6 3 3 1 1 0 1 1 1 
75 75 74 78 78 86 67 67 47 47 48 28 28 37 42 42 60 60 64 42 42 17 23 23 17 17 15 19 19 25 38 38 24 24 12 7 7 6 3 3 1 1 0 1 1 1 
72 72 71 99 99 60 54 54 32 32 29 34 34 24 29 29 41 41 63 55 55 50 60 60 29 29 31 32 32 60 49 49 27 27 24 15 15 10 4 4 1 1 0 1 1 1 
50 50 77 72 72 35 37 37 30 30 26 32 32 43 35 35 57 57 63 70 70 68 61 61 59 59 71 82 82 77 91 91 65 65 46 30 30 8 15 15 0 0 0 0 0 0 
50 50 77 72 72 35 37 37 30 30 26 32 32 43 35 35 57 57 63 70 70 68 61 61 59 59 71 82 82 77 91 91 65 65 46 30 30 8 15 15 0 0 0 0 0 0 
46 46 57 60 60 31 23 23 25 25 22 25 25 41 55 55 42 42 62 70 70 79 70 70 76 76 60 84 84 94 95 95 79 79 60 30 30 11 2 2 11 11 0 1 1 1 
40 40 43 36 36 28 23 23 32 32 27 23 23 25 34 34 32 32 52 67 67 60 65 65 52 52 59 66 66 78 60 60 67 67 27 11 11 8 7 7 1 1 0 0 0 0 
40 40 43 36 36 28 23 23 32 32 27 23 23 25 34 34 32 32 52 67 67 60 65 65 52 52 59 66 66 78 60 60 67 67 27 11 11 8 7 7 1 1 0 0 0 0 
35 35 31 23 23 19 24 24 32 32 23 24 24 28 35 35 36 36 39 48 48 58 54 54 60 60 59 67 67 48 38 38 23 23 13 6 6 18 6 6 4 4 0 0 0 0 
35 35 31 23 23 19 24 24 32 32 23 24 24 28 35 35 36 36 39 48 48 58 54 54 60 60 59 67 67 48 38 38 23 23 13 6 6 18 6 6 4 4 0 0 0 0 
27 27 27 26 26 20 18 18 21 21 21 21 21 26 28 28 26 26 34 49 49 43 72 72 63 63 50 41 41 37 32 32 25 25 19 21 21 18 8 8 3 3 2 2 2 3 
21 21 23 32 32 23 24 24 16 16 14 17 17 29 34 34 26 26 41 34 34 61 64 64 50 50 50 44 44 41 27 27 24 24 27 24 24 25 12 12 10 10 8 10 10 6 
21 21 23 32 32 23 24 24 16 16 14 17 17 29 34 34 26 26 41 34 34 61 64 64 50 50 50 44 44 41 27 27 24 24 27 24 24 25 12 12 10 10 8 10 10 6 
24 24 36 37 37 25 20 20 11 11 10 9 9 27 29 29 35 35 35 41 41 56 57 57 39 39 45 31 31 30 49 49 54 54 36 28 28 24 9 9 9 9 12 7 7 7 
29 29 51 60 60 47 15 15 16 16 9 11 11 13 15 15 28 28 30 42 42 39 31 31 30 30 40 27 27 27 34 34 35 35 32 29 29 27 18 18 21 21 16 8 8 4 
29 29 51 60 60 47 15 15 16 16 9 11 11 13 15 15 28 28 30 42 42 39 31 31 30 30 40 27 27 27 34 34 35 35 32 29 29 27 18 18 21 21 16 8 8 4 
32 32 41 29 29 23 9 9 8 8 9 12 12 13 14 14 27 27 33 36 36 20 26 26 27 27 27 28 28 26 34 34 35 35 24 22 22 30 20 20 19 19 12 7 7 7 
32 32 41 29 29 23 9 9 8 8 9 12 12 13 14 14 27 27 33 36 36 20 26 26 27 27 27 28 28 26 34 34 35 35 24 22 22 30 20 20 19 19 12 7 7 7 
22 22 19 12 12 14 14 14 12 12 11 12 12 13 14 14 20 20 43 40 40 19 28 28 30 30 27 28 28 43 41 41 28 28 25 25 25 19 17 17 20 20 14 11 11 12 
22 22 21 19 19 20 23 23 21 21 17 15 15 16 17 17 17 17 20 27 27 23 33 33 33 33 35 33 33 37 47 47 41 41 32 36 36 25 25 25 22 22 9 6 6 6 
22 22 21 19 19 20 23 23 21 21 17 15 15 16 17 17 17 17 20 27 27 23 33 33 33 33 35 33 33 37 47 47 41 41 32 36 36 25 25 25 22 22 9 6 6 6 
25 25 25 26 26 25 27 27 26 26 21 18 18 17 19 19 23 23 24 48 48 36 28 28 30 30 32 32 32 39 47 47 40 40 45 40 40 32 27 27 20 20 10 6 6 5 
24 24 25 25 25 27 27 27 26 26 23 21 21 18 14 14 18 18 31 52 52 48 21 21 29 29 31 34 34 44 39 39 38 38 36 33 33 29 21 21 18 18 13 8 8 6 
24 24 25 25 25 27 27 27 26 26 23 21 21 18 14 14 18 18 31 52 52 48 21 21 29 29 31 34 34 44 39 39 38 38 36 33 33 29 21 21 18 18 13 8 8 6 
25 25 26 26 26 26 27 27 27 27 25 20 20 18 12 12 14 14 18 33 33 55 21 21 20 20 20 22 22 27 25 25 24 24 23 23 23 18 16 16 16 16 12 7 7 6 
25 25 26 26 26 26 27 27 27 27 25 20 20 18 12 12 14 14 18 33 33 55 21 21 20 20 20 22 22 27 25 25 24 24 23 23 23 18 16 16 16 16 12 7 7 6 
19 19 21 22 22 23 23 23 25 25 24 25 25 19 16 16 17 17 18 29 29 39 36 36 20 20 20 21 21 17 14 14 15 15 20 25 25 21 21 21 19 19 15 9 9 6 
17 17 18 19 19 19 20 20 22 22 24 26 26 24 21 21 21 21 19 40 40 40 17 17 16 16 13 13 13 12 10 10 14 14 18 24 24 25 21 21 19 19 11 8 8 6 
17 17 18 19 19 19 20 20 22 22 24 26 26 24 21 21 21 21 19 40 40 40 17 17 16 16 13 13 13 12 10 10 14 14 18 24 24 25 21 21 19 19 11 8 8 6 
15 15 17 18 18 18 19 19 20 20 21 25 25 22 21 21 26 26 23 26 26 21 8 8 8 8 8 8 8 9 9 9 11 11 17 23 23 23 23 23 19 19 15 9 9 7 
13 13 14 16 16 16 16 16 17 17 22 21 21 21 21 21 18 18 20 16 16 6 3 3 3 3 8 7 7 8 7 7 6 6 6 7 7 8 10 10 10 10 9 7 7 5 
13 13 14 16 16 16 16 16 17 17 22 21 21 21 21 21 18 18 20 16 16 6 3 3 3 3 8 7 7 8 7 7 6 6 6 7 7 8 10 10 10 10 9 7 7 5 
10 10 11 13 13 15 19 19 19 19 23 23 23 24 24 24 17 17 14 10 10 6 4 4 3 3 6 7 7 8 11 11 6 6 4 2 2 2 3 3 4 4 5 5 5 6 
10 10 11 13 13 15 19 19 19 19 23 23 23 24 24 24 17 17 14 10 10 6 4 4 3 3 6 7 7 8 11 11 6 6 4 2 2 2 3 3 4 4 5 5 5 6 
8 8 7 9 9 11 14 14 14 14 15 17 17 15 14 14 13 13 11 10 10 6 5 5 4 4 3 7 7 9 8 8 7 7 4 2 2 2 3 3 3 3 5 6 6 6 
4 4 5 5 5 6 8 8 9 9 10 12 12 12 20 20 16 16 12 13 13 6 5 5 2 2 3 3 3 5 4 4 4 4 6 6 6 3 1 1 3 3 6 5 5 4 
4 4 5 5 5 6 8 8 9 9 10 12 12 12 20 20 16 16 12 13 13 6 5 5 2 2 3 3 3 5 4 4 4 4 6 6 6 3 1 1 3 3 6 5 5 4 
3 3 4 5 5 4 6 6 6 6 6 8 8 8 9 9 8 8 6 5 5 4 3 3 2 2 2 3 3 7 7 7 8 8 7 6 6 5 3 3 3 3 3 1 1 2 
3 3 3 4 4 5 5 5 5 5 5 4 4 4 4 4 3 3 3 2 2 2 2 2 2 2 2 2 2 3 4 4 7 7 9 10 10 10 7 7 5 5 3 3 3 4 
3 3 3 4 4 5 5 5 5 5 5 4 4 4 4 4 3 3 3 2 2 2 2 2 2 2 2 2 2 3 4 4 7 7 9 10 10 10 7 7 5 5 3 3 3 4 
2 2 2 3 3 3 3 3 4 4 5 4 4 5 5 5 4 4 3 3 3 2 2 2 2 2 1 1 1 1 2 2 3 3 7 10 10 10 9 9 6 6 6 6 6 6 
2 2 2 3 3 3 3 3 4 4 5 4 4 5 5 5 4 4 3 3 3 2 2 2 2 2 1 1 1 1 2 2 3 3 7 10 10 10 9 9 6 6 6 6 6 6 
2 2 2 2 2 2 2 2 2 2 3 3 3 5 5 5 6 6 6 5 5 3 2 2 2 2 2 1 1 0 1 1 2 2 5 10 10 10 10 10 7 7 6 6 6 4 
2 2 2 1 1 1 1 1 2 2 3 4 4 5 5 5 4 4 4 4 4 3 3 3 3 3 3 2 2 2 4 4 5 5 6 10 10 10 9 9 7 7 8 6 6 6 
2 2 2 1 1 1 1 1 2 2 3 4 4 5 5 5 4 4 4 4 4 3 3 3 3 3 3 2 2 2 4 4 5 5 6 10 10 10 9 9 7 7 8 6 6 6 
3 3 2 2 2 1 2 2 2 2 2 3 3 4 4 4 5 5 3 3 3 3 4 4 4 4 5 6 6 7 10 10 10 10 12 12 12 17 14 14 11 11 9 7 7 6 
4 4 3 2 2 1 1 1 1 1 1 1 1 2 2 2 3 3 2 4 4 4 5 5 5 5 7 8 8 8 7 7 6 6 7 9 9 9 8 8 12 12 8 8 8 9 
