assets/RAT_results/precipitation/2024-07-13_IMERG.asc
ncols        46
nrows        77
xllcorner    74.800261325624
yllcorner    8.058333333333
cellsize     0.062500000000
NODATA_value -9999
68 68 75 60 60 57 58 58 70 70 81 70 70 65 59 59 34 34 23 10 10 4 3 3 2 2 1 1 1 1 1 1 0 0 0 0 0 1 1 1 2 2 1 4 4 3 
55 55 59 65 65 66 59 59 43 43 46 101 101 74 53 53 43 43 23 8 8 5 4 4 3 3 1 1 1 1 1 1 0 0 0 0 0 1 4 4 1 1 1 3 3 4 
55 55 59 65 65 66 59 59 43 43 46 101 101 74 53 53 43 43 23 8 8 5 4 4 3 3 1 1 1 1 1 1 0 0 0 0 0 1 4 4 1 1 1 3 3 4 
45 45 50 46 46 55 57 57 46 46 70 87 87 68 54 54 37 37 40 11 11 7 4 4 2 2 0 1 1 1 1 1 0 0 1 0 0 1 1 1 1 1 2 2 2 2 
32 32 60 62 62 55 39 39 39 39 53 42 42 64 74 74 62 62 45 20 20 9 4 4 2 2 1 1 1 1 2 2 0 0 0 0 0 1 0 0 0 0 1 1 1 1 
32 32 60 62 62 55 39 39 39 39 53 42 42 64 74 74 62 62 45 20 20 9 4 4 2 2 1 1 1 1 2 2 0 0 0 0 0 1 0 0 0 0 1 1 1 1 
19 19 41 58 58 66 47 47 75 75 77 51 51 57 44 44 43 43 34 16 16 8 9 9 6 6 1 1 1 2 2 2 0 0 1 1 1 3 2 2 2 2 1 2 2 0 
19 19 41 58 58 66 47 47 75 75 77 51 51 57 44 44 43 43 34 16 16 8 9 9 6 6 1 1 1 2 2 2 0 0 1 1 1 3 2 2 2 2 1 2 2 0 
50 50 58 54 54 64 47 47 72 72 83 84 84 70 48 48 37 37 40 16 16 8 8 8 12 12 6 2 2 2 1 1 1 1 3 6 6 5 8 8 9 9 6 1 1 0 
49 49 36 64 64 74 43 43 78 78 87 72 72 72 61 61 49 49 32 24 24 12 9 9 7 7 6 3 3 2 1 1 1 1 3 6 6 7 2 2 5 5 1 1 1 0 
49 49 36 64 64 74 43 43 78 78 87 72 72 72 61 61 49 49 32 24 24 12 9 9 7 7 6 3 3 2 1 1 1 1 3 6 6 7 2 2 5 5 1 1 1 0 
35 35 39 49 49 52 58 58 79 79 95 97 97 88 81 81 79 79 57 39 39 16 15 15 8 8 6 4 4 2 1 1 2 2 2 1 1 2 5 5 7 7 2 1 1 1 
41 41 30 35 35 54 50 50 57 57 100 74 74 64 81 81 60 60 46 33 33 56 29 29 16 16 12 8 8 3 1 1 1 1 1 1 1 2 5 5 3 3 2 2 2 1 
41 41 30 35 35 54 50 50 57 57 100 74 74 64 81 81 60 60 46 33 33 56 29 29 16 16 12 8 8 3 1 1 1 1 1 1 1 2 5 5 3 3 2 2 2 1 
65 65 68 39 39 34 56 56 38 38 44 51 51 61 72 72 81 81 79 85 85 76 33 33 26 26 36 13 13 13 3 3 0 0 0 2 2 5 6 6 4 4 4 2 2 2 
65 65 68 39 39 34 56 56 38 38 44 51 51 61 72 72 81 81 79 85 85 76 33 33 26 26 36 13 13 13 3 3 0 0 0 2 2 5 6 6 4 4 4 2 2 2 
54 54 63 60 60 31 72 72 53 53 48 60 60 70 68 68 87 87 99 106 106 108 107 107 100 100 66 45 45 35 7 7 7 7 2 9 9 13 9 9 3 3 5 4 4 4 
87 87 82 75 75 38 49 49 91 91 82 78 78 87 77 77 77 77 103 112 112 130 147 147 141 141 101 73 73 55 19 19 12 12 11 11 11 14 14 14 8 8 4 4 4 5 
87 87 82 75 75 38 49 49 91 91 82 78 78 87 77 77 77 77 103 112 112 130 147 147 141 141 101 73 73 55 19 19 12 12 11 11 11 14 14 14 8 8 4 4 4 5 
71 71 50 40 40 73 51 51 75 75 68 72 72 75 85 85 66 66 83 92 92 121 125 125 118 118 93 54 54 43 25 25 20 20 6 9 9 7 10 10 9 9 6 6 6 4 
60 60 37 39 39 50 52 52 52 52 34 58 58 55 47 47 61 61 71 78 78 88 84 84 55 55 40 26 26 22 31 31 14 14 10 12 12 10 11 11 14 14 2 5 5 3 
60 60 37 39 39 50 52 52 52 52 34 58 58 55 47 47 61 61 71 78 78 88 84 84 55 55 40 26 26 22 31 31 14 14 10 12 12 10 11 11 14 14 2 5 5 3 
50 50 36 36 36 44 44 44 39 39 38 58 58 53 47 47 47 47 49 63 63 87 86 86 59 59 38 45 45 26 23 23 16 16 8 12 12 12 14 14 10 10 0 3 3 2 
50 50 36 36 36 44 44 44 39 39 38 58 58 53 47 47 47 47 49 63 63 87 86 86 59 59 38 45 45 26 23 23 16 16 8 12 12 12 14 14 10 10 0 3 3 2 
43 43 54 56 56 59 58 58 50 50 43 38 38 64 51 51 46 46 46 51 51 75 74 74 52 52 42 51 51 24 20 20 20 20 9 10 10 4 4 4 3 3 2 2 2 2 
39 39 54 72 72 81 83 83 49 49 51 63 63 82 79 79 68 68 46 43 43 61 51 51 49 49 48 70 70 63 14 14 21 21 9 11 11 1 1 1 1 1 2 2 2 2 
39 39 54 72 72 81 83 83 49 49 51 63 63 82 79 79 68 68 46 43 43 61 51 51 49 49 48 70 70 63 14 14 21 21 9 11 11 1 1 1 1 1 2 2 2 2 
33 33 44 61 61 44 48 48 47 47 40 55 55 47 70 70 65 65 59 56 56 48 56 56 51 51 57 48 48 48 16 16 12 12 6 5 5 1 1 1 1 1 0 1 1 2 
22 22 31 48 48 58 80 80 53 53 30 42 42 49 46 46 76 76 77 77 77 59 54 54 46 46 41 42 42 43 26 26 20 20 16 11 11 4 4 4 1 1 0 1 1 0 
22 22 31 48 48 58 80 80 53 53 30 42 42 49 46 46 76 76 77 77 77 59 54 54 46 46 41 42 42 43 26 26 20 20 16 11 11 4 4 4 1 1 0 1 1 0 
21 21 29 37 37 43 44 44 43 43 43 37 37 46 34 34 63 63 66 65 65 62 64 64 58 58 49 49 49 48 46 46 35 35 17 9 9 2 2 2 0 0 0 0 0 1 
21 21 29 37 37 43 44 44 43 43 43 37 37 46 34 34 63 63 66 65 65 62 64 64 58 58 49 49 49 48 46 46 35 35 17 9 9 2 2 2 0 0 0 0 0 1 
17 17 28 39 39 45 35 35 43 43 34 26 26 27 30 30 52 52 63 59 59 50 57 57 44 44 34 38 38 31 42 42 40 40 28 13 13 9 7 7 4 4 2 0 0 1 
14 14 20 30 30 36 42 42 36 36 22 22 22 23 33 33 49 49 53 59 59 52 53 53 63 63 57 50 50 38 43 43 35 35 21 14 14 13 10 10 3 3 1 0 0 0 
14 14 20 30 30 36 42 42 36 36 22 22 22 23 33 33 49 49 53 59 59 52 53 53 63 63 57 50 50 38 43 43 35 35 21 14 14 13 10 10 3 3 1 0 0 0 
16 16 20 20 20 33 38 38 27 27 24 25 25 27 27 27 62 62 60 59 59 52 40 40 53 53 51 49 49 43 50 50 38 38 25 17 17 15 9 9 5 5 2 1 1 0 
14 14 16 17 17 23 23 23 20 20 21 37 37 51 40 40 57 57 46 54 54 66 48 48 52 52 44 38 38 31 40 40 28 28 29 30 30 21 17 17 10 10 7 4 4 3 
14 14 16 17 17 23 23 23 20 20 21 37 37 51 40 40 57 57 46 54 54 66 48 48 52 52 44 38 38 31 40 40 28 28 29 30 30 21 17 17 10 10 7 4 4 3 
13 13 14 14 14 20 19 19 16 16 23 40 40 34 20 20 45 45 85 82 82 53 39 39 44 44 11 9 9 15 20 20 25 25 27 31 31 22 20 20 7 7 5 3 3 2 
13 13 14 14 14 20 19 19 16 16 23 40 40 34 20 20 45 45 85 82 82 53 39 39 44 44 11 9 9 15 20 20 25 25 27 31 31 22 20 20 7 7 5 3 3 2 
9 9 10 23 23 26 13 13 14 14 16 31 31 39 24 24 47 47 16 25 25 26 23 23 23 23 15 12 12 12 20 20 17 17 24 24 24 19 15 15 10 10 11 8 8 9 
15 15 17 20 20 21 13 13 14 14 18 37 37 29 21 21 32 32 34 35 35 31 21 21 12 12 12 8 8 14 21 21 20 20 28 24 24 24 15 15 12 12 10 7 7 10 
15 15 17 20 20 21 13 13 14 14 18 37 37 29 21 21 32 32 34 35 35 31 21 21 12 12 12 8 8 14 21 21 20 20 28 24 24 24 15 15 12 12 10 7 7 10 
16 16 17 20 20 22 11 11 16 16 19 33 33 36 27 27 30 30 30 15 15 19 20 20 19 19 21 18 18 14 26 26 26 26 34 28 28 28 26 26 25 25 20 14 14 19 
14 14 16 17 17 18 13 13 16 16 18 30 30 33 28 28 23 23 24 15 15 15 14 14 12 12 11 14 14 24 25 25 37 37 45 58 58 45 40 40 36 36 26 15 15 13 
14 14 16 17 17 18 13 13 16 16 18 30 30 33 28 28 23 23 24 15 15 15 14 14 12 12 11 14 14 24 25 25 37 37 45 58 58 45 40 40 36 36 26 15 15 13 
11 11 11 14 14 16 14 14 17 17 24 33 33 41 30 30 25 25 18 15 15 9 14 14 13 13 6 16 16 25 28 28 34 34 36 48 48 46 38 38 28 28 22 18 18 13 
11 11 11 14 14 16 14 14 17 17 24 33 33 41 30 30 25 25 18 15 15 9 14 14 13 13 6 16 16 25 28 28 34 34 36 48 48 46 38 38 28 28 22 18 18 13 
6 6 5 8 8 9 15 15 17 17 24 40 40 48 22 22 29 29 18 20 20 12 20 20 23 23 12 11 11 23 29 29 27 27 33 47 47 51 43 43 25 25 16 6 6 7 
8 8 7 7 7 7 9 9 11 11 21 32 32 31 20 20 10 10 15 22 22 17 30 30 31 31 24 20 20 18 23 23 22 22 27 27 27 29 28 28 20 20 12 9 9 7 
8 8 7 7 7 7 9 9 11 11 21 32 32 31 20 20 10 10 15 22 22 17 30 30 31 31 24 20 20 18 23 23 22 22 27 27 27 29 28 28 20 20 12 9 9 7 
9 9 8 7 7 6 7 7 10 10 17 28 28 27 16 16 14 14 14 19 19 17 27 27 35 35 29 35 35 23 23 23 27 27 30 29 29 27 23 23 18 18 8 6 6 4 
13 13 11 9 9 8 6 6 7 7 12 20 20 23 15 15 14 14 14 16 16 13 18 18 31 31 35 39 39 32 31 31 29 29 24 23 23 20 16 16 12 12 8 6 6 4 
13 13 11 9 9 8 6 6 7 7 12 20 20 23 15 15 14 14 14 16 16 13 18 18 31 31 35 39 39 32 31 31 29 29 24 23 23 20 16 16 12 12 8 6 6 4 
14 14 14 11 11 10 7 7 7 7 8 18 18 15 13 13 12 12 12 15 15 10 18 18 35 35 43 40 40 31 24 24 22 22 19 16 16 20 23 23 22 22 17 9 9 8 
14 14 14 11 11 10 7 7 7 7 8 18 18 15 13 13 12 12 12 15 15 10 18 18 35 35 43 40 40 31 24 24 22 22 19 16 16 20 23 23 22 22 17 9 9 8 
15 15 14 12 12 11 8 8 7 7 7 13 13 10 7 7 10 10 44 29 29 29 27 27 36 36 38 33 33 34 23 23 14 14 16 16 16 19 20 20 21 21 15 6 6 4 
12 12 13 12 12 15 10 10 9 9 6 6 6 4 5 5 6 6 39 39 39 29 76 76 33 33 33 31 31 32 24 24 17 17 16 21 21 21 25 25 25 25 14 6 6 3 
12 12 13 12 12 15 10 10 9 9 6 6 6 4 5 5 6 6 39 39 39 29 76 76 33 33 33 31 31 32 24 24 17 17 16 21 21 21 25 25 25 25 14 6 6 3 
11 11 10 11 11 12 10 10 8 8 7 7 7 7 8 8 6 6 8 9 9 51 70 70 81 81 35 38 38 38 43 43 27 27 28 17 17 17 16 16 13 13 12 5 5 4 
11 11 12 12 12 12 14 14 13 13 12 12 12 14 12 12 9 9 7 8 8 7 24 24 25 25 27 30 30 31 30 30 38 38 34 22 22 19 16 16 12 12 9 6 6 7 
11 11 12 12 12 12 14 14 13 13 12 12 12 14 12 12 9 9 7 8 8 7 24 24 25 25 27 30 30 31 30 30 38 38 34 22 22 19 16 16 12 12 9 6 6 7 
13 13 12 12 12 13 14 14 15 15 16 16 16 16 14 14 15 15 14 11 11 9 8 8 9 9 9 20 20 26 29 29 25 25 33 16 16 19 23 23 16 16 11 10 10 10 
13 13 12 12 12 13 14 14 15 15 16 16 16 16 14 14 15 15 14 11 11 9 8 8 9 9 9 20 20 26 29 29 25 25 33 16 16 19 23 23 16 16 11 10 10 10 
16 16 16 17 17 17 18 18 19 19 19 20 20 20 23 23 19 19 15 16 16 14 9 9 9 9 8 13 13 17 15 15 12 12 16 20 20 23 25 25 28 28 21 14 14 12 
16 16 16 18 18 18 21 21 19 19 20 18 18 22 20 20 20 20 18 16 16 16 12 12 10 10 9 8 8 13 15 15 16 16 16 14 14 18 21 21 26 26 27 23 23 16 
16 16 16 18 18 18 21 21 19 19 20 18 18 22 20 20 20 20 18 16 16 16 12 12 10 10 9 8 8 13 15 15 16 16 16 14 14 18 21 21 26 26 27 23 23 16 
16 16 14 18 18 19 20 20 18 18 20 17 17 21 22 22 18 18 17 14 14 13 13 13 10 10 8 8 8 11 12 12 16 16 17 16 16 14 18 18 19 19 23 23 23 21 
16 16 17 17 17 18 18 18 20 20 19 21 21 20 20 20 21 21 16 17 17 12 13 13 11 11 12 9 9 11 13 13 19 19 19 22 22 20 19 19 20 20 19 18 18 16 
16 16 17 17 17 18 18 18 20 20 19 21 21 20 20 20 21 21 16 17 17 12 13 13 11 11 12 9 9 11 13 13 19 19 19 22 22 20 19 19 20 20 19 18 18 16 
18 18 23 24 24 26 20 20 22 22 18 21 21 22 21 21 24 24 20 20 20 15 18 18 14 14 16 14 14 14 13 13 21 21 22 25 25 22 24 24 23 23 18 19 19 21 
18 18 23 24 24 26 20 20 22 22 18 21 21 22 21 21 24 24 20 20 20 15 18 18 14 14 16 14 14 14 13 13 21 21 22 25 25 22 24 24 23 23 18 19 19 21 
14 14 17 20 20 23 20 20 20 20 20 17 17 17 18 18 21 21 20 21 21 20 24 24 18 18 22 19 19 20 19 19 19 19 29 32 32 35 34 34 27 27 27 23 23 22 
13 13 15 15 15 19 24 24 23 23 24 23 23 21 22 22 21 21 22 25 25 21 24 24 24 24 26 23 23 23 20 20 21 21 18 30 30 30 29 29 28 28 22 17 17 17 
13 13 15 15 15 19 24 24 23 23 24 23 23 21 22 22 21 21 22 25 25 21 24 24 24 24 26 23 23 23 20 20 21 21 18 30 30 30 29 29 28 28 22 17 17 17 
12 12 12 14 14 17 20 20 21 21 22 26 26 20 23 23 23 23 27 27 27 29 30 30 33 33 30 31 31 28 24 24 22 22 19 18 18 27 27 27 28 28 25 15 15 13 
12 12 13 14 14 16 19 19 22 22 25 30 30 26 28 28 27 27 28 34 34 38 39 39 39 39 38 48 48 42 54 54 47 47 38 32 32 25 27 27 54 54 25 17 17 17 
