assets/RAT_results/precipitation/2024-05-12_IMERG.asc
ncols        46
nrows        77
xllcorner    74.800261325624
yllcorner    8.058333333333
cellsize     0.062500000000
NODATA_value -9999
4 4 10 30 30 48 57 57 46 46 41 40 40 44 54 54 54 54 45 29 29 13 9 9 5 5 6 6 6 2 0 0 0 0 0 0 0 0 0 0 1 1 3 3 3 7 
2 2 7 20 20 35 46 46 47 47 46 36 36 35 42 42 38 38 30 16 16 7 2 2 3 3 1 5 5 0 0 0 0 0 0 0 0 0 0 0 0 0 1 3 3 15 
2 2 7 20 20 35 46 46 47 47 46 36 36 35 42 42 38 38 30 16 16 7 2 2 3 3 1 5 5 0 0 0 0 0 0 0 0 0 0 0 0 0 1 3 3 15 
1 1 3 11 11 21 30 30 46 46 44 31 31 31 27 27 17 17 14 6 6 3 1 1 1 1 1 1 1 0 0 0 0 0 0 5 5 1 0 0 1 1 10 14 14 35 
2 2 3 9 9 19 23 23 28 28 25 18 18 18 13 13 15 15 6 2 2 2 1 1 1 1 0 2 2 1 0 0 0 0 12 5 5 1 1 1 10 10 2 7 7 23 
2 2 3 9 9 19 23 23 28 28 25 18 18 18 13 13 15 15 6 2 2 2 1 1 1 1 0 2 2 1 0 0 0 0 12 5 5 1 1 1 10 10 2 7 7 23 
2 2 2 4 4 10 17 17 19 19 27 23 23 22 14 14 11 11 3 3 3 3 2 2 1 1 3 2 2 2 0 0 1 1 1 1 1 0 0 0 3 3 2 2 2 14 
2 2 2 4 4 10 17 17 19 19 27 23 23 22 14 14 11 11 3 3 3 3 2 2 1 1 3 2 2 2 0 0 1 1 1 1 1 0 0 0 3 3 2 2 2 14 
1 1 1 2 2 6 11 11 11 11 21 53 53 23 11 11 5 5 5 8 8 5 3 3 3 3 0 0 0 1 0 0 2 2 1 0 0 0 0 0 0 0 2 1 1 12 
2 2 1 3 3 8 15 15 14 14 21 20 20 12 11 11 7 7 9 8 8 5 3 3 1 1 0 0 0 0 0 0 0 0 0 0 0 0 0 0 0 0 2 2 2 3 
2 2 1 3 3 8 15 15 14 14 21 20 20 12 11 11 7 7 9 8 8 5 3 3 1 1 0 0 0 0 0 0 0 0 0 0 0 0 0 0 0 0 2 2 2 3 
1 1 2 2 2 8 18 18 21 21 25 25 25 14 4 4 5 5 7 1 1 2 2 2 1 1 0 0 0 0 0 0 0 0 0 0 0 0 0 0 13 13 4 4 4 2 
2 2 1 1 1 3 9 9 23 23 27 19 19 8 2 2 5 5 4 0 0 1 1 1 0 0 0 0 0 0 0 0 0 0 0 0 0 8 3 3 11 11 9 5 5 3 
2 2 1 1 1 3 9 9 23 23 27 19 19 8 2 2 5 5 4 0 0 1 1 1 0 0 0 0 0 0 0 0 0 0 0 0 0 8 3 3 11 11 9 5 5 3 
2 2 1 1 1 1 3 3 8 8 9 6 6 4 3 3 3 3 5 5 5 1 0 0 0 0 0 1 1 1 1 1 0 0 0 0 0 20 5 5 22 22 5 0 0 0 
2 2 1 1 1 1 3 3 8 8 9 6 6 4 3 3 3 3 5 5 5 1 0 0 0 0 0 1 1 1 1 1 0 0 0 0 0 20 5 5 22 22 5 0 0 0 
2 2 1 0 0 1 1 1 1 1 1 1 1 4 6 6 8 8 6 3 3 1 0 0 0 0 4 4 4 6 4 4 2 2 2 11 11 61 12 12 4 4 1 0 0 0 
2 2 1 1 1 1 1 1 0 0 0 1 1 3 7 7 14 14 15 8 8 2 3 3 7 7 12 5 5 4 3 3 2 2 2 7 7 16 10 10 6 6 3 2 2 0 
2 2 1 1 1 1 1 1 0 0 0 1 1 3 7 7 14 14 15 8 8 2 3 3 7 7 12 5 5 4 3 3 2 2 2 7 7 16 10 10 6 6 3 2 2 0 
2 2 2 2 2 2 1 1 1 1 1 1 1 6 13 13 21 21 24 13 13 3 0 0 5 5 25 7 7 3 2 2 2 2 2 9 9 9 6 6 6 6 1 1 1 48 
3 3 3 2 2 2 1 1 1 1 1 2 2 7 18 18 25 25 22 10 10 2 2 2 1 1 8 10 10 6 4 4 5 5 6 2 2 2 1 1 1 1 3 81 81 13 
3 3 3 2 2 2 1 1 1 1 1 2 2 7 18 18 25 25 22 10 10 2 2 2 1 1 8 10 10 6 4 4 5 5 6 2 2 2 1 1 1 1 3 81 81 13 
3 3 2 2 2 2 3 3 3 3 2 2 2 2 5 5 8 8 7 4 4 1 14 14 1 1 5 8 8 4 3 3 2 2 2 2 2 1 1 1 4 4 11 12 12 88 
3 3 2 2 2 2 3 3 3 3 2 2 2 2 5 5 8 8 7 4 4 1 14 14 1 1 5 8 8 4 3 3 2 2 2 2 2 1 1 1 4 4 11 12 12 88 
5 5 3 3 3 3 5 5 4 4 4 2 2 1 1 1 2 2 2 2 2 1 10 10 1 1 4 4 4 4 2 2 3 3 3 3 3 5 5 5 5 5 8 42 42 123 
7 7 4 4 4 5 5 5 6 6 8 3 3 1 2 2 2 2 2 5 5 1 1 1 0 0 0 1 1 1 2 2 3 3 3 6 6 5 12 12 12 12 12 38 38 92 
7 7 4 4 4 5 5 5 6 6 8 3 3 1 2 2 2 2 2 5 5 1 1 1 0 0 0 1 1 1 2 2 3 3 3 6 6 5 12 12 12 12 12 38 38 92 
7 7 6 5 5 6 5 5 6 6 12 5 5 4 4 4 3 3 2 5 5 1 1 1 1 1 0 1 1 1 2 2 6 6 6 6 6 16 12 12 12 12 23 6 6 17 
7 7 6 7 7 7 6 6 6 6 10 23 23 20 7 7 3 3 19 23 23 19 1 1 1 1 1 1 1 1 2 2 6 6 5 7 7 4 23 23 23 23 23 9 9 6 
7 7 6 7 7 7 6 6 6 6 10 23 23 20 7 7 3 3 19 23 23 19 1 1 1 1 1 1 1 1 2 2 6 6 5 7 7 4 23 23 23 23 23 9 9 6 
10 10 6 7 7 7 7 7 6 6 7 17 17 23 23 23 20 20 29 50 50 23 13 13 9 9 2 2 2 0 0 0 0 0 4 4 4 0 23 23 5 5 24 16 16 1 
10 10 6 7 7 7 7 7 6 6 7 17 17 23 23 23 20 20 29 50 50 23 13 13 9 9 2 2 2 0 0 0 0 0 4 4 4 0 23 23 5 5 24 16 16 1 
7 7 4 4 4 5 6 6 6 6 7 9 9 12 51 51 31 31 34 29 29 77 29 29 6 6 5 1 1 0 0 0 0 0 0 0 0 0 2 2 12 12 32 0 0 0 
1 1 2 3 3 5 6 6 6 6 6 9 9 11 38 38 34 34 41 24 24 49 30 30 7 7 2 1 1 0 0 0 0 0 1 0 0 0 0 0 1 1 0 4 4 4 
1 1 2 3 3 5 6 6 6 6 6 9 9 11 38 38 34 34 41 24 24 49 30 30 7 7 2 1 1 0 0 0 0 0 1 0 0 0 0 0 1 1 0 4 4 4 
1 1 1 2 2 3 4 4 5 5 7 11 11 12 7 7 27 27 39 22 22 53 23 23 14 14 5 0 0 0 0 0 1 1 2 1 1 2 20 20 23 23 0 0 0 0 
0 0 1 1 1 2 3 3 4 4 6 8 8 8 11 11 7 7 29 9 9 37 35 35 8 8 8 0 0 0 0 0 6 6 1 0 0 5 63 63 0 0 0 0 0 3 
0 0 1 1 1 2 3 3 4 4 6 8 8 8 11 11 7 7 29 9 9 37 35 35 8 8 8 0 0 0 0 0 6 6 1 0 0 5 63 63 0 0 0 0 0 3 
1 1 2 1 1 2 3 3 4 4 6 7 7 6 6 6 5 5 15 7 7 3 2 2 1 1 3 2 2 4 7 7 6 6 4 3 3 3 6 6 0 0 0 3 3 3 
1 1 2 1 1 2 3 3 4 4 6 7 7 6 6 6 5 5 15 7 7 3 2 2 1 1 3 2 2 4 7 7 6 6 4 3 3 3 6 6 0 0 0 3 3 3 
1 1 2 2 2 2 1 1 3 3 5 8 8 6 5 5 5 5 4 10 10 2 2 2 1 1 3 5 5 12 11 11 10 10 8 8 8 9 11 11 1 1 1 2 2 8 
2 2 4 3 3 2 1 1 2 2 4 9 9 6 4 4 14 14 15 11 11 6 2 2 1 1 1 14 14 16 12 12 12 12 9 13 13 16 5 5 2 2 7 14 14 24 
2 2 4 3 3 2 1 1 2 2 4 9 9 6 4 4 14 14 15 11 11 6 2 2 1 1 1 14 14 16 12 12 12 12 9 13 13 16 5 5 2 2 7 14 14 24 
2 2 4 2 2 1 1 1 1 1 3 7 7 7 13 13 17 17 13 6 6 6 7 7 2 2 2 6 6 11 16 16 15 15 12 13 13 19 9 9 9 9 9 33 33 43 
1 1 2 2 2 2 1 1 2 2 3 7 7 11 20 20 16 16 16 8 8 7 2 2 2 2 2 6 6 13 19 19 11 11 12 14 14 17 14 14 14 14 14 32 32 18 
1 1 2 2 2 2 1 1 2 2 3 7 7 11 20 20 16 16 16 8 8 7 2 2 2 2 2 6 6 13 19 19 11 11 12 14 14 17 14 14 14 14 14 32 32 18 
1 1 1 1 1 2 2 2 2 2 3 8 8 15 16 16 12 12 17 3 3 7 1 1 3 3 3 3 3 3 6 6 19 19 30 13 13 9 9 9 5 5 7 10 10 12 
1 1 1 1 1 2 2 2 2 2 3 8 8 15 16 16 12 12 17 3 3 7 1 1 3 3 3 3 3 3 6 6 19 19 30 13 13 9 9 9 5 5 7 10 10 12 
1 1 1 1 1 1 2 2 2 2 7 13 13 20 16 16 13 13 4 3 3 4 2 2 5 5 5 4 4 3 5 5 28 28 22 13 13 12 4 4 0 0 12 13 13 18 
1 1 1 1 1 1 2 2 2 2 9 17 17 17 9 9 10 10 3 2 2 3 3 3 7 7 6 5 5 3 3 3 13 13 15 13 13 14 2 2 0 0 13 19 19 20 
1 1 1 1 1 1 2 2 2 2 9 17 17 17 9 9 10 10 3 2 2 3 3 3 7 7 6 5 5 3 3 3 13 13 15 13 13 14 2 2 0 0 13 19 19 20 
1 1 1 1 1 2 2 2 2 2 8 9 9 14 14 14 15 15 2 2 2 2 3 3 9 9 6 5 5 5 4 4 8 8 45 6 6 3 3 3 4 4 3 24 24 25 
1 1 1 2 2 2 2 2 2 2 2 5 5 9 15 15 16 16 2 1 1 1 2 2 5 5 4 4 4 5 3 3 2 2 9 5 5 5 2 2 5 5 4 27 27 14 
1 1 1 2 2 2 2 2 2 2 2 5 5 9 15 15 16 16 2 1 1 1 2 2 5 5 4 4 4 5 3 3 2 2 9 5 5 5 2 2 5 5 4 27 27 14 
1 1 1 1 1 2 2 2 2 2 2 2 2 9 14 14 6 6 3 1 1 2 1 1 2 2 3 4 4 4 4 4 2 2 3 9 9 6 6 6 4 4 4 23 23 12 
1 1 1 1 1 2 2 2 2 2 2 2 2 9 14 14 6 6 3 1 1 2 1 1 2 2 3 4 4 4 4 4 2 2 3 9 9 6 6 6 4 4 4 23 23 12 
1 1 1 1 1 1 1 1 4 4 5 8 8 18 32 32 13 13 4 2 2 2 2 2 3 3 4 6 6 6 5 5 3 3 2 9 9 5 10 10 8 8 12 9 9 5 
1 1 1 1 1 1 1 1 4 4 5 15 15 34 36 36 8 8 5 5 5 3 2 2 2 2 5 8 8 7 7 7 7 7 4 3 3 9 4 4 6 6 7 3 3 6 
1 1 1 1 1 1 1 1 4 4 5 15 15 34 36 36 8 8 5 5 5 3 2 2 2 2 5 8 8 7 7 7 7 7 4 3 3 9 4 4 6 6 7 3 3 6 
0 0 0 1 1 1 1 1 5 5 5 21 21 21 21 21 11 11 6 4 4 2 2 2 2 2 6 9 9 12 14 14 15 15 6 7 7 8 3 3 5 5 9 4 4 1 
0 0 0 1 1 1 1 1 4 4 4 7 7 11 17 17 10 10 9 3 3 1 1 1 1 1 2 6 6 9 12 12 14 14 7 6 6 5 6 6 5 5 7 5 5 1 
0 0 0 1 1 1 1 1 4 4 4 7 7 11 17 17 10 10 9 3 3 1 1 1 1 1 2 6 6 9 12 12 14 14 7 6 6 5 6 6 5 5 7 5 5 1 
0 0 1 1 1 1 4 4 4 4 4 5 5 7 14 14 8 8 6 2 2 2 1 1 1 1 3 3 3 5 8 8 14 14 12 10 10 8 10 10 8 8 9 4 4 0 
0 0 1 1 1 1 4 4 4 4 4 5 5 7 14 14 8 8 6 2 2 2 1 1 1 1 3 3 3 5 8 8 14 14 12 10 10 8 10 10 8 8 9 4 4 0 
0 0 0 1 1 1 1 1 1 1 1 1 1 3 8 8 10 10 14 9 9 3 4 4 5 5 6 3 3 4 8 8 14 14 25 21 21 12 13 13 9 9 5 4 4 0 
0 0 0 0 0 0 1 1 1 1 1 1 1 3 8 8 13 13 16 5 5 4 5 5 6 6 4 3 3 6 9 9 15 15 26 23 23 13 10 10 5 5 5 5 5 1 
0 0 0 0 0 0 1 1 1 1 1 1 1 3 8 8 13 13 16 5 5 4 5 5 6 6 4 3 3 6 9 9 15 15 26 23 23 13 10 10 5 5 5 5 5 1 
0 0 0 0 0 0 2 2 1 1 0 1 1 3 3 3 3 3 2 2 2 1 2 2 5 5 5 3 3 3 6 6 10 10 16 14 14 20 6 6 5 5 6 1 1 1 
0 0 0 0 0 0 0 0 1 1 0 0 0 1 2 2 1 1 0 1 1 1 3 3 1 1 2 5 5 4 3 3 6 6 8 11 11 16 12 12 10 10 4 4 4 4 
0 0 0 0 0 0 0 0 1 1 0 0 0 1 2 2 1 1 0 1 1 1 3 3 1 1 2 5 5 4 3 3 6 6 8 11 11 16 12 12 10 10 4 4 4 4 
0 0 1 1 1 0 0 0 0 0 0 0 0 0 0 0 0 0 2 5 5 11 2 2 1 1 1 2 2 5 6 6 7 7 13 14 14 18 18 18 13 13 5 5 5 0 
0 0 1 1 1 0 0 0 0 0 0 0 0 0 0 0 0 0 2 5 5 11 2 2 1 1 1 2 2 5 6 6 7 7 13 14 14 18 18 18 13 13 5 5 5 0 
0 0 0 1 1 0 0 0 0 0 0 0 0 0 0 0 2 2 4 14 14 10 4 4 1 1 1 2 2 3 4 4 5 5 17 20 20 20 19 19 13 13 10 16 16 0 
0 0 0 0 0 0 0 0 0 0 0 0 0 0 0 0 3 3 6 17 17 2 1 1 1 1 1 1 1 3 3 3 4 4 6 6 6 14 11 11 5 5 7 1 1 0 
0 0 0 0 0 0 0 0 0 0 0 0 0 0 0 0 3 3 6 17 17 2 1 1 1 1 1 1 1 3 3 3 4 4 6 6 6 14 11 11 5 5 7 1 1 0 
0 0 0 0 0 0 0 0 0 0 0 0 0 0 1 1 2 2 6 7 7 1 2 2 1 1 1 1 1 1 2 2 3 3 3 3 3 2 3 3 1 1 1 0 0 0 
0 0 0 0 0 0 0 0 0 0 0 1 1 0 1 1 5 5 1 0 0 2 3 3 1 1 1 1 1 1 1 1 2 2 2 2 2 2 1 1 0 0 2 0 0 0 
