assets/RAT_results/precipitation/2024-01-08_IMERG.asc
ncols        46
nrows        77
xllcorner    74.800261325624
yllcorner    8.058333333333
cellsize     0.062500000000
NODATA_value -9999
52 52 50 26 26 25 12 12 24 24 3 1 1 1 1 1 1 1 0 0 0 0 0 0 1 1 3 2 2 1 0 0 0 0 0 0 0 0 0 0 0 0 0 1 1 1 
42 42 42 19 19 26 8 8 11 11 4 2 2 1 1 1 0 0 0 0 0 0 1 1 1 1 3 2 2 1 0 0 0 0 0 0 0 0 0 0 0 0 0 1 1 1 
42 42 42 19 19 26 8 8 11 11 4 2 2 1 1 1 0 0 0 0 0 0 1 1 1 1 3 2 2 1 0 0 0 0 0 0 0 0 0 0 0 0 0 1 1 1 
42 42 46 18 18 11 9 9 8 8 5 3 3 2 1 1 1 1 0 0 0 0 1 1 2 2 3 4 4 2 0 0 0 0 0 0 0 0 0 0 0 0 0 0 0 1 
39 39 31 36 36 13 19 19 16 16 9 6 6 6 2 2 1 1 0 0 0 0 2 2 3 3 3 4 4 2 0 0 0 0 0 0 0 0 0 0 0 0 0 0 0 1 
39 39 31 36 36 13 19 19 16 16 9 6 6 6 2 2 1 1 0 0 0 0 2 2 3 3 3 4 4 2 0 0 0 0 0 0 0 0 0 0 0 0 0 0 0 1 
26 26 41 38 38 18 21 21 17 17 16 7 7 6 3 3 1 1 1 0 0 0 2 2 2 2 2 3 3 1 0 0 0 0 0 0 0 0 0 0 0 0 0 0 0 0 
26 26 41 38 38 18 21 21 17 17 16 7 7 6 3 3 1 1 1 0 0 0 2 2 2 2 2 3 3 1 0 0 0 0 0 0 0 0 0 0 0 0 0 0 0 0 
24 24 41 28 28 25 26 26 20 20 21 10 10 8 6 6 2 2 1 0 0 0 1 1 2 2 2 2 2 2 0 0 0 0 0 0 0 0 0 0 0 0 1 1 1 0 
22 22 34 30 30 28 25 25 22 22 23 16 16 12 9 9 4 4 2 0 0 0 1 1 2 2 2 3 3 2 1 1 0 0 0 0 0 0 1 1 0 0 1 0 0 1 
22 22 34 30 30 28 25 25 22 22 23 16 16 12 9 9 4 4 2 0 0 0 1 1 2 2 2 3 3 2 1 1 0 0 0 0 0 0 1 1 0 0 1 0 0 1 
25 25 27 34 34 36 26 26 22 22 23 19 19 20 15 15 6 6 2 0 0 0 1 1 2 2 2 3 3 1 0 0 0 0 0 0 0 0 1 1 0 0 0 0 0 1 
28 28 27 30 30 53 36 36 38 38 26 32 32 29 24 24 12 12 3 1 1 0 2 2 2 2 1 3 3 1 0 0 0 0 0 0 0 0 1 1 0 0 0 0 0 0 
28 28 27 30 30 53 36 36 38 38 26 32 32 29 24 24 12 12 3 1 1 0 2 2 2 2 1 3 3 1 0 0 0 0 0 0 0 0 1 1 0 0 0 0 0 0 
21 21 25 56 56 52 36 36 33 33 37 44 44 36 36 36 16 16 5 2 2 1 2 2 2 2 1 1 1 0 0 0 0 0 0 0 0 0 0 0 0 0 0 0 0 0 
21 21 25 56 56 52 36 36 33 33 37 44 44 36 36 36 16 16 5 2 2 1 2 2 2 2 1 1 1 0 0 0 0 0 0 0 0 0 0 0 0 0 0 0 0 0 
17 17 22 174 174 169 89 89 61 61 37 42 42 41 40 40 29 29 15 3 3 1 2 2 1 1 1 1 1 0 0 0 0 0 0 0 0 0 0 0 0 0 0 0 0 1 
54 54 56 174 174 170 90 90 45 45 33 36 36 32 33 33 32 32 19 6 6 3 3 3 2 2 2 1 1 0 0 0 0 0 0 0 0 0 0 0 0 0 0 0 0 1 
54 54 56 174 174 170 90 90 45 45 33 36 36 32 33 33 32 32 19 6 6 3 3 3 2 2 2 1 1 0 0 0 0 0 0 0 0 0 0 0 0 0 0 0 0 1 
15 15 19 19 19 19 49 49 46 46 37 35 35 25 22 22 24 24 22 10 10 4 3 3 2 2 2 1 1 0 0 0 1 1 0 0 0 0 0 0 0 0 1 1 1 1 
15 15 18 18 18 18 21 21 39 39 39 25 25 24 15 15 16 16 16 11 11 5 2 2 1 1 1 0 0 0 0 0 1 1 1 1 1 1 0 0 0 0 1 2 2 2 
15 15 18 18 18 18 21 21 39 39 39 25 25 24 15 15 16 16 16 11 11 5 2 2 1 1 1 0 0 0 0 0 1 1 1 1 1 1 0 0 0 0 1 2 2 2 
11 11 13 13 13 14 17 17 39 39 75 25 25 17 9 9 14 14 13 10 10 6 3 3 1 1 0 0 0 0 0 0 0 0 2 2 2 1 0 0 1 1 1 1 1 1 
11 11 13 13 13 14 17 17 39 39 75 25 25 17 9 9 14 14 13 10 10 6 3 3 1 1 0 0 0 0 0 0 0 0 2 2 2 1 0 0 1 1 1 1 1 1 
10 10 9 8 8 8 10 10 67 67 72 16 16 8 3 3 4 4 4 5 5 5 3 3 1 1 0 0 0 1 0 0 0 0 1 3 3 1 0 0 1 1 1 1 1 0 
10 10 10 7 7 7 8 8 9 9 13 10 10 7 2 2 2 2 2 2 2 2 1 1 0 0 0 0 0 0 0 0 0 0 0 2 2 1 0 0 0 0 0 0 0 0 
10 10 10 7 7 7 8 8 9 9 13 10 10 7 2 2 2 2 2 2 2 2 1 1 0 0 0 0 0 0 0 0 0 0 0 2 2 1 0 0 0 0 0 0 0 0 
10 10 10 6 6 6 8 8 8 8 10 10 10 8 3 3 2 2 2 1 1 1 1 1 1 1 1 0 0 0 0 0 0 0 0 1 1 2 1 1 0 0 0 0 0 0 
21 21 11 8 8 4 5 5 8 8 12 12 12 10 6 6 3 3 3 2 2 2 1 1 1 1 1 0 0 0 0 0 0 0 0 0 0 1 2 2 1 1 0 0 0 1 
21 21 11 8 8 4 5 5 8 8 12 12 12 10 6 6 3 3 3 2 2 2 1 1 1 1 1 0 0 0 0 0 0 0 0 0 0 1 2 2 1 1 0 0 0 1 
15 15 12 9 9 5 5 5 7 7 8 9 9 15 13 13 6 6 4 4 4 5 4 4 2 2 1 0 0 0 0 0 0 0 0 0 0 0 1 1 1 1 1 1 1 4 
15 15 12 9 9 5 5 5 7 7 8 9 9 15 13 13 6 6 4 4 4 5 4 4 2 2 1 0 0 0 0 0 0 0 0 0 0 0 1 1 1 1 1 1 1 4 
16 16 20 20 20 5 6 6 6 6 6 7 7 12 23 23 23 23 12 9 9 6 6 6 3 3 1 0 0 0 0 0 0 0 0 0 0 0 1 1 1 1 1 1 1 4 
23 23 25 26 26 16 5 5 6 6 12 13 13 22 24 24 25 25 13 16 16 10 9 9 4 4 2 1 1 0 0 0 0 0 0 0 0 0 0 0 1 1 2 2 2 1 
23 23 25 26 26 16 5 5 6 6 12 13 13 22 24 24 25 25 13 16 16 10 9 9 4 4 2 1 1 0 0 0 0 0 0 0 0 0 0 0 1 1 2 2 2 1 
22 22 31 31 31 29 6 6 8 8 11 28 28 31 43 43 46 46 21 23 23 17 16 16 7 7 4 2 2 0 0 0 0 0 0 0 0 0 0 0 1 1 1 2 2 1 
25 25 31 25 25 24 8 8 12 12 11 29 29 32 45 45 74 74 42 29 29 24 26 26 17 17 8 5 5 1 1 1 0 0 0 0 0 1 0 0 0 0 0 1 1 1 
25 25 31 25 25 24 8 8 12 12 11 29 29 32 45 45 74 74 42 29 29 24 26 26 17 17 8 5 5 1 1 1 0 0 0 0 0 1 0 0 0 0 0 1 1 1 
28 28 32 19 19 20 10 10 14 14 12 33 33 36 68 68 76 76 83 34 34 39 30 30 22 22 14 10 10 4 1 1 1 1 0 1 1 4 2 2 1 1 0 1 1 2 
28 28 32 19 19 20 10 10 14 14 12 33 33 36 68 68 76 76 83 34 34 39 30 30 22 22 14 10 10 4 1 1 1 1 0 1 1 4 2 2 1 1 0 1 1 2 
13 13 14 12 12 11 11 11 16 16 12 33 33 10 67 67 74 74 82 39 39 47 38 38 38 38 19 15 15 7 3 3 7 7 4 1 1 2 3 3 1 1 0 1 1 2 
13 13 14 10 10 10 10 10 8 8 5 5 5 8 10 10 74 74 39 40 40 35 37 37 32 32 26 24 24 14 8 8 16 16 11 2 2 2 6 6 3 3 0 0 0 1 
13 13 14 10 10 10 10 10 8 8 5 5 5 8 10 10 74 74 39 40 40 35 37 37 32 32 26 24 24 14 8 8 16 16 11 2 2 2 6 6 3 3 0 0 0 1 
13 13 16 12 12 10 9 9 6 6 5 3 3 4 7 7 30 30 33 30 30 28 31 31 32 32 30 30 30 23 19 19 7 7 3 1 1 4 8 8 7 7 2 1 1 2 
13 13 20 16 16 10 8 8 7 7 16 16 16 13 5 5 11 11 13 17 17 24 23 23 26 26 30 29 29 21 18 18 5 5 1 0 0 2 3 3 5 5 2 2 2 3 
13 13 20 16 16 10 8 8 7 7 16 16 16 13 5 5 11 11 13 17 17 24 23 23 26 26 30 29 29 21 18 18 5 5 1 0 0 2 3 3 5 5 2 2 2 3 
12 12 21 21 21 14 11 11 9 9 19 19 19 16 20 20 11 11 13 17 17 18 19 19 24 24 26 26 26 21 16 16 6 6 3 0 0 1 3 3 7 7 8 6 6 3 
12 12 21 21 21 14 11 11 9 9 19 19 19 16 20 20 11 11 13 17 17 18 19 19 24 24 26 26 26 21 16 16 6 6 3 0 0 1 3 3 7 7 8 6 6 3 
11 11 13 18 18 16 15 15 14 14 10 10 10 12 21 21 9 9 12 14 14 16 19 19 25 25 27 27 27 27 21 21 10 10 4 1 1 1 2 2 5 5 10 11 11 4 
11 11 9 11 11 15 15 15 16 16 15 13 13 12 5 5 5 5 10 11 11 14 18 18 25 25 27 28 28 29 25 25 14 14 6 3 3 1 3 3 7 7 17 15 15 6 
11 11 9 11 11 15 15 15 16 16 15 13 13 12 5 5 5 5 10 11 11 14 18 18 25 25 27 28 28 29 25 25 14 14 6 3 3 1 3 3 7 7 17 15 15 6 
19 19 14 12 12 17 17 17 17 17 17 15 15 7 3 3 2 2 4 6 6 10 14 14 24 24 26 28 28 29 30 30 22 22 11 7 7 5 6 6 13 13 19 10 10 6 
14 14 17 18 18 19 17 17 17 17 17 15 15 7 3 3 1 1 1 2 2 3 6 6 15 15 20 22 22 22 24 24 22 22 11 9 9 8 8 8 11 11 16 11 11 7 
14 14 17 18 18 19 17 17 17 17 17 15 15 7 3 3 1 1 1 2 2 3 6 6 15 15 20 22 22 22 24 24 22 22 11 9 9 8 8 8 11 11 16 11 11 7 
14 14 18 21 21 18 14 14 12 12 9 8 8 4 2 2 1 1 1 1 1 2 2 2 9 9 11 8 8 7 7 7 6 6 5 9 9 11 9 9 8 8 13 22 22 13 
14 14 18 21 21 18 14 14 12 12 9 8 8 4 2 2 1 1 1 1 1 2 2 2 9 9 11 8 8 7 7 7 6 6 5 9 9 11 9 9 8 8 13 22 22 13 
17 17 22 18 18 16 13 13 16 16 18 17 17 13 13 13 2 2 3 5 5 2 1 1 5 5 4 2 2 1 1 1 1 1 2 5 5 8 9 9 10 10 11 20 20 12 
18 18 18 18 18 17 14 14 12 12 8 19 19 26 25 25 2 2 3 10 10 3 0 0 0 0 1 0 0 1 1 1 1 1 1 2 2 5 11 11 17 17 10 10 10 12 
18 18 18 18 18 17 14 14 12 12 8 19 19 26 25 25 2 2 3 10 10 3 0 0 0 0 1 0 0 1 1 1 1 1 1 2 2 5 11 11 17 17 10 10 10 12 
12 12 15 17 17 19 16 16 12 12 8 6 6 34 42 42 43 43 21 4 4 2 0 0 0 0 1 1 1 1 0 0 0 0 1 1 1 3 8 8 15 15 12 8 8 8 
8 8 13 16 16 17 14 14 11 11 10 7 7 22 29 29 42 42 20 5 5 6 2 2 1 1 1 1 1 1 2 2 1 1 1 1 1 2 4 4 6 6 6 8 8 7 
8 8 13 16 16 17 14 14 11 11 10 7 7 22 29 29 42 42 20 5 5 6 2 2 1 1 1 1 1 1 2 2 1 1 1 1 1 2 4 4 6 6 6 8 8 7 
4 4 9 13 13 16 13 13 8 8 6 5 5 7 15 15 29 29 45 8 8 9 1 1 1 1 1 2 2 2 3 3 2 2 1 1 1 2 5 5 5 5 4 5 5 12 
4 4 9 13 13 16 13 13 8 8 6 5 5 7 15 15 29 29 45 8 8 9 1 1 1 1 1 2 2 2 3 3 2 2 1 1 1 2 5 5 5 5 4 5 5 12 
2 2 5 9 9 12 10 10 7 7 4 4 4 2 1 1 11 11 45 5 5 6 1 1 1 1 1 2 2 3 4 4 4 4 3 2 2 6 13 13 9 9 5 5 5 17 
2 2 2 4 4 4 3 3 2 2 2 2 2 1 1 1 2 2 2 2 2 1 1 1 1 1 2 2 2 3 4 4 4 4 4 4 4 6 15 15 18 18 12 7 7 10 
2 2 2 4 4 4 3 3 2 2 2 2 2 1 1 1 2 2 2 2 2 1 1 1 1 1 2 2 2 3 4 4 4 4 4 4 4 6 15 15 18 18 12 7 7 10 
6 6 4 3 3 3 2 2 2 2 2 1 1 2 4 4 4 4 5 5 5 3 2 2 2 2 2 2 2 2 2 2 3 3 4 6 6 6 11 11 18 18 14 9 9 6 
13 13 13 8 8 5 4 4 3 3 2 2 2 3 9 9 8 8 6 5 5 4 3 3 2 2 3 3 3 4 2 2 3 3 4 7 7 7 10 10 13 13 14 12 12 11 
13 13 13 8 8 5 4 4 3 3 2 2 2 3 9 9 8 8 6 5 5 4 3 3 2 2 3 3 3 4 2 2 3 3 4 7 7 7 10 10 13 13 14 12 12 11 
18 18 18 18 18 13 9 9 5 5 4 4 4 3 6 6 7 7 5 4 4 5 4 4 3 3 4 6 6 8 5 5 3 3 5 6 6 9 15 15 13 13 17 21 21 19 
18 18 18 18 18 13 9 9 5 5 4 4 4 3 6 6 7 7 5 4 4 5 4 4 3 3 4 6 6 8 5 5 3 3 5 6 6 9 15 15 13 13 17 21 21 19 
19 19 19 17 17 15 15 15 15 15 14 9 9 9 6 6 5 5 5 4 4 5 5 5 4 4 5 6 6 9 11 11 9 9 8 8 8 11 16 16 17 17 21 24 24 26 
14 14 20 19 19 12 10 10 14 14 16 10 10 10 5 5 3 3 3 3 3 4 4 4 3 3 3 4 4 6 12 12 17 17 15 11 11 11 11 11 16 16 25 22 22 18 
14 14 20 19 19 12 10 10 14 14 16 10 10 10 5 5 3 3 3 3 3 4 4 4 3 3 3 4 4 6 12 12 17 17 15 11 11 11 11 11 16 16 25 22 22 18 
9 9 15 17 17 12 7 7 5 5 5 6 6 8 6 6 2 2 4 3 3 3 3 3 4 4 3 3 3 4 6 6 18 18 24 12 12 9 8 8 14 14 20 15 15 14 
7 7 6 9 9 10 7 7 5 5 3 3 3 4 4 4 2 2 3 5 5 5 4 4 5 5 5 3 3 3 4 4 10 10 9 7 7 9 9 9 13 13 14 14 14 15 
