assets/RAT_results/precipitation/2024-07-16_IMERG.asc
ncols        46
nrows        77
xllcorner    74.800261325624
yllcorner    8.058333333333
cellsize     0.062500000000
NODATA_value -9999
37 37 68 81 81 59 48 48 43 43 48 45 45 57 52 52 64 64 62 43 43 22 13 13 7 7 4 2 2 5 5 5 4 4 3 2 2 1 2 2 1 1 1 1 1 2 
44 44 70 77 77 60 51 51 52 52 46 48 48 70 62 62 67 67 68 50 50 26 16 16 14 14 9 7 7 7 6 6 5 5 3 3 3 2 2 2 3 3 3 4 4 4 
44 44 70 77 77 60 51 51 52 52 46 48 48 70 62 62 67 67 68 50 50 26 16 16 14 14 9 7 7 7 6 6 5 5 3 3 3 2 2 2 3 3 3 4 4 4 
57 57 65 88 88 78 62 62 66 66 59 69 69 73 82 82 79 79 88 52 52 29 17 17 11 11 11 8 8 7 7 7 3 3 3 3 3 5 7 7 7 7 5 7 7 6 
51 51 75 81 81 84 81 81 72 72 76 80 80 100 79 79 85 85 72 54 54 33 24 24 22 22 14 10 10 8 7 7 3 3 2 4 4 6 9 9 8 8 11 15 15 13 
51 51 75 81 81 84 81 81 72 72 76 80 80 100 79 79 85 85 72 54 54 33 24 24 22 22 14 10 10 8 7 7 3 3 2 4 4 6 9 9 8 8 11 15 15 13 
33 33 66 92 92 81 74 74 77 77 68 77 77 92 85 85 83 83 70 42 42 35 26 26 25 25 13 11 11 7 6 6 4 4 4 3 3 9 10 10 8 8 15 20 20 20 
33 33 66 92 92 81 74 74 77 77 68 77 77 92 85 85 83 83 70 42 42 35 26 26 25 25 13 11 11 7 6 6 4 4 4 3 3 9 10 10 8 8 15 20 20 20 
35 35 48 70 70 71 69 69 74 74 76 86 86 88 94 94 83 83 68 41 41 35 26 26 23 23 15 14 14 20 13 13 10 10 7 7 7 9 9 9 10 10 16 19 19 23 
29 29 34 78 78 70 84 84 98 98 98 110 110 111 116 116 93 93 83 51 51 30 21 21 12 12 8 9 9 15 13 13 14 14 11 16 16 21 25 25 24 24 21 25 25 23 
29 29 34 78 78 70 84 84 98 98 98 110 110 111 116 116 93 93 83 51 51 30 21 21 12 12 8 9 9 15 13 13 14 14 11 16 16 21 25 25 24 24 21 25 25 23 
31 31 45 55 55 86 116 116 125 125 138 103 103 106 108 108 112 112 108 67 67 40 27 27 19 19 11 13 13 15 9 9 15 15 16 20 20 26 34 34 30 30 10 15 15 10 
29 29 49 39 39 84 93 93 102 102 148 107 107 124 139 139 128 128 98 68 68 45 40 40 29 29 15 9 9 11 13 13 15 15 14 25 25 35 43 43 49 49 30 14 14 5 
29 29 49 39 39 84 93 93 102 102 148 107 107 124 139 139 128 128 98 68 68 45 40 40 29 29 15 9 9 11 13 13 15 15 14 25 25 35 43 43 49 49 30 14 14 5 
37 37 35 38 38 36 102 102 117 117 133 167 167 127 116 116 101 101 87 82 82 57 56 56 43 43 32 27 27 26 28 28 29 29 28 35 35 38 40 40 46 46 34 28 28 17 
37 37 35 38 38 36 102 102 117 117 133 167 167 127 116 116 101 101 87 82 82 57 56 56 43 43 32 27 27 26 28 28 29 29 28 35 35 38 40 40 46 46 34 28 28 17 
26 26 30 29 29 48 76 76 94 94 122 153 153 136 123 123 107 107 71 68 68 62 58 58 51 51 49 46 46 34 50 50 48 48 44 66 66 56 56 56 50 50 42 26 26 17 
26 26 31 33 33 47 52 52 85 85 110 120 120 120 118 118 99 99 98 85 85 72 53 53 47 47 57 67 67 77 57 57 63 63 74 74 74 58 54 54 56 56 43 24 24 11 
26 26 31 33 33 47 52 52 85 85 110 120 120 120 118 118 99 99 98 85 85 72 53 53 47 47 57 67 67 77 57 57 63 63 74 74 74 58 54 54 56 56 43 24 24 11 
29 29 32 37 37 47 48 48 44 44 106 101 101 101 109 109 87 87 97 77 77 62 60 60 56 56 57 38 38 54 60 60 47 47 55 60 60 62 51 51 43 43 37 21 21 16 
27 27 26 33 33 61 65 65 54 54 43 76 76 80 50 50 51 51 55 39 39 45 42 42 41 41 27 33 33 32 67 67 77 77 51 57 57 42 40 40 26 26 22 13 13 9 
27 27 26 33 33 61 65 65 54 54 43 76 76 80 50 50 51 51 55 39 39 45 42 42 41 41 27 33 33 32 67 67 77 77 51 57 57 42 40 40 26 26 22 13 13 9 
31 31 27 48 48 35 43 43 39 39 25 51 51 70 34 34 31 31 31 40 40 36 31 31 34 34 31 29 29 23 30 30 44 44 35 50 50 41 30 30 15 15 14 7 7 8 
31 31 27 48 48 35 43 43 39 39 25 51 51 70 34 34 31 31 31 40 40 36 31 31 34 34 31 29 29 23 30 30 44 44 35 50 50 41 30 30 15 15 14 7 7 8 
37 37 29 36 36 29 30 30 32 32 28 31 31 65 30 30 27 27 21 23 23 29 30 30 29 29 27 31 31 37 40 40 45 45 31 42 42 31 21 21 7 7 6 5 5 5 
45 45 50 41 41 20 21 21 21 21 18 18 18 28 22 22 22 22 15 21 21 22 21 21 39 39 37 42 42 52 51 51 44 44 27 18 18 27 7 7 7 7 5 4 4 5 
45 45 50 41 41 20 21 21 21 21 18 18 18 28 22 22 22 22 15 21 21 22 21 21 39 39 37 42 42 52 51 51 44 44 27 18 18 27 7 7 7 7 5 4 4 5 
40 40 29 41 41 9 9 9 8 8 8 18 18 7 9 9 25 25 16 16 16 22 35 35 37 37 41 46 46 48 34 34 30 30 20 28 28 15 5 5 2 2 2 2 2 3 
27 27 28 22 22 20 7 7 8 8 9 8 8 5 5 5 23 23 17 21 21 26 35 35 35 35 39 43 43 44 35 35 42 42 37 23 23 11 3 3 0 0 2 1 1 2 
27 27 28 22 22 20 7 7 8 8 9 8 8 5 5 5 23 23 17 21 21 26 35 35 35 35 39 43 43 44 35 35 42 42 37 23 23 11 3 3 0 0 2 1 1 2 
24 24 30 19 19 19 7 7 7 7 5 5 5 5 5 5 26 26 25 18 18 26 34 34 48 48 44 52 52 72 67 67 43 43 41 16 16 11 6 6 4 4 2 1 1 2 
24 24 30 19 19 19 7 7 7 7 5 5 5 5 5 5 26 26 25 18 18 26 34 34 48 48 44 52 52 72 67 67 43 43 41 16 16 11 6 6 4 4 2 1 1 2 
26 26 27 11 11 12 7 7 7 7 6 6 6 5 6 6 21 21 27 25 25 38 40 40 48 48 42 50 50 39 51 51 34 34 30 11 11 5 5 5 4 4 5 4 4 5 
19 19 21 10 10 13 9 9 6 6 3 6 6 4 4 4 10 10 31 38 38 42 45 45 46 46 47 49 49 39 47 47 33 33 32 11 11 11 7 7 7 7 5 4 4 3 
19 19 21 10 10 13 9 9 6 6 3 6 6 4 4 4 10 10 31 38 38 42 45 45 46 46 47 49 49 39 47 47 33 33 32 11 11 11 7 7 7 7 5 4 4 3 
22 22 9 13 13 16 12 12 17 17 8 9 9 5 5 5 5 5 24 38 38 52 32 32 31 31 37 38 38 46 41 41 36 36 27 14 14 14 14 14 9 9 8 8 8 13 
35 35 24 27 27 24 18 18 31 31 54 65 65 11 9 9 8 8 14 27 27 36 29 29 29 29 34 43 43 57 51 51 46 46 42 35 35 24 18 18 12 12 11 9 9 15 
35 35 24 27 27 24 18 18 31 31 54 65 65 11 9 9 8 8 14 27 27 36 29 29 29 29 34 43 43 57 51 51 46 46 42 35 35 24 18 18 12 12 11 9 9 15 
36 36 34 36 36 40 37 37 38 38 56 82 82 17 11 11 20 20 11 19 19 14 19 19 26 26 29 43 43 42 51 51 54 54 51 39 39 35 30 30 18 18 7 6 6 16 
36 36 34 36 36 40 37 37 38 38 56 82 82 17 11 11 20 20 11 19 19 14 19 19 26 26 29 43 43 42 51 51 54 54 51 39 39 35 30 30 18 18 7 6 6 16 
21 21 33 33 33 38 44 44 23 23 31 25 25 28 26 26 24 24 12 20 20 15 18 18 23 23 27 47 47 51 53 53 59 59 60 46 46 34 25 25 16 16 13 5 5 6 
13 13 11 26 26 41 44 44 25 25 26 23 23 25 24 24 22 22 13 17 17 40 46 46 38 38 31 33 33 40 43 43 41 41 46 43 43 45 34 34 30 30 23 7 7 7 
13 13 11 26 26 41 44 44 25 25 26 23 23 25 24 24 22 22 13 17 17 40 46 46 38 38 31 33 33 40 43 43 41 41 46 43 43 45 34 34 30 30 23 7 7 7 
12 12 13 16 16 22 34 34 25 25 24 22 22 21 25 25 34 34 23 19 19 40 35 35 40 40 42 40 40 39 44 44 36 36 43 39 39 43 39 39 34 34 30 11 11 10 
17 17 19 19 19 21 30 30 15 15 21 32 32 28 18 18 23 23 30 25 25 31 42 42 45 45 57 54 54 53 44 44 38 38 45 51 51 44 45 45 40 40 31 11 11 8 
17 17 19 19 19 21 30 30 15 15 21 32 32 28 18 18 23 23 30 25 25 31 42 42 45 45 57 54 54 53 44 44 38 38 45 51 51 44 45 45 40 40 31 11 11 8 
15 15 17 21 21 17 15 15 17 17 17 33 33 37 20 20 27 27 21 28 28 26 44 44 60 60 63 54 54 47 36 36 38 38 39 48 48 47 47 47 42 42 28 16 16 5 
15 15 17 21 21 17 15 15 17 17 17 33 33 37 20 20 27 27 21 28 28 26 44 44 60 60 63 54 54 47 36 36 38 38 39 48 48 47 47 47 42 42 28 16 16 5 
19 19 16 18 18 18 23 23 22 22 19 22 22 28 23 23 25 25 21 26 26 26 48 48 73 73 66 59 59 57 40 40 35 35 34 46 46 55 47 47 35 35 15 9 9 8 
27 27 23 20 20 19 15 15 15 15 10 13 13 26 37 37 22 22 26 22 22 33 47 47 65 65 61 61 61 45 32 32 24 24 28 31 31 43 39 39 29 29 11 8 8 10 
27 27 23 20 20 19 15 15 15 15 10 13 13 26 37 37 22 22 26 22 22 33 47 47 65 65 61 61 61 45 32 32 24 24 28 31 31 43 39 39 29 29 11 8 8 10 
24 24 22 20 20 14 10 10 7 7 8 10 10 18 22 22 29 29 39 16 16 23 45 45 51 51 54 37 37 33 25 25 24 24 29 33 33 37 32 32 19 19 16 11 11 13 
21 21 20 16 16 14 9 9 4 4 5 6 6 7 13 13 12 12 18 11 11 23 26 26 42 42 35 31 31 24 22 22 19 19 30 31 31 32 28 28 24 24 23 17 17 16 
21 21 20 16 16 14 9 9 4 4 5 6 6 7 13 13 12 12 18 11 11 23 26 26 42 42 35 31 31 24 22 22 19 19 30 31 31 32 28 28 24 24 23 17 17 16 
14 14 14 13 13 13 8 8 5 5 5 4 4 5 6 6 7 7 6 4 4 16 13 13 46 46 37 29 29 30 30 30 23 23 25 26 26 26 22 22 23 23 18 10 10 11 
14 14 14 13 13 13 8 8 5 5 5 4 4 5 6 6 7 7 6 4 4 16 13 13 46 46 37 29 29 30 30 30 23 23 25 26 26 26 22 22 23 23 18 10 10 11 
9 9 9 7 7 7 7 7 7 7 6 5 5 5 5 5 5 5 4 3 3 3 10 10 31 31 29 26 26 26 26 26 19 19 22 26 26 26 21 21 21 21 17 9 9 7 
8 8 7 6 6 6 6 6 5 5 4 3 3 4 8 8 4 4 3 2 2 4 6 6 22 22 31 28 28 29 22 22 12 12 11 15 15 18 20 20 23 23 17 10 10 8 
8 8 7 6 6 6 6 6 5 5 4 3 3 4 8 8 4 4 3 2 2 4 6 6 22 22 31 28 28 29 22 22 12 12 11 15 15 18 20 20 23 23 17 10 10 8 
10 10 8 7 7 7 6 6 4 4 3 3 3 3 5 5 5 5 2 2 2 4 6 6 8 8 32 28 28 26 18 18 15 15 11 12 12 15 16 16 18 18 16 12 12 6 
12 12 11 9 9 7 6 6 4 4 3 3 3 3 4 4 2 2 2 1 1 2 11 11 12 12 31 32 32 28 18 18 11 11 10 13 13 12 14 14 14 14 15 9 9 8 
12 12 11 9 9 7 6 6 4 4 3 3 3 3 4 4 2 2 2 1 1 2 11 11 12 12 31 32 32 28 18 18 11 11 10 13 13 12 14 14 14 14 15 9 9 8 
19 19 16 13 13 10 10 10 7 7 3 2 2 2 2 2 2 2 3 3 3 4 15 15 16 16 16 25 25 27 17 17 16 16 14 11 11 15 16 16 15 15 13 11 11 14 
19 19 16 13 13 10 10 10 7 7 3 2 2 2 2 2 2 2 3 3 3 4 15 15 16 16 16 25 25 27 17 17 16 16 14 11 11 15 16 16 15 15 13 11 11 14 
17 17 15 12 12 9 8 8 6 6 4 3 3 3 4 4 4 4 6 6 6 7 6 6 6 6 7 10 10 17 25 25 17 17 14 13 13 17 18 18 20 20 23 19 19 21 
14 14 14 9 9 8 5 5 3 3 4 5 5 6 8 8 8 8 12 15 15 10 10 10 10 10 9 7 7 13 10 10 11 11 11 11 11 18 21 21 27 27 27 25 25 19 
14 14 14 9 9 8 5 5 3 3 4 5 5 6 8 8 8 8 12 15 15 10 10 10 10 10 9 7 7 13 10 10 11 11 11 11 11 18 21 21 27 27 27 25 25 19 
6 6 8 6 6 6 3 3 4 4 4 5 5 10 13 13 13 13 17 19 19 14 15 15 12 12 9 7 7 13 13 13 13 13 10 8 8 14 25 25 33 33 27 22 22 17 
8 8 10 9 9 10 7 7 7 7 9 9 9 11 10 10 15 15 17 17 17 16 13 13 12 12 9 7 7 6 11 11 8 8 6 6 6 9 18 18 23 23 24 16 16 12 
8 8 10 9 9 10 7 7 7 7 9 9 9 11 10 10 15 15 17 17 17 16 13 13 12 12 9 7 7 6 11 11 8 8 6 6 6 9 18 18 23 23 24 16 16 12 
7 7 10 10 10 13 9 9 11 11 10 12 12 11 11 11 15 15 19 18 18 22 22 22 15 15 9 7 7 6 5 5 5 5 4 8 8 12 15 15 24 24 22 18 18 16 
7 7 10 10 10 13 9 9 11 11 10 12 12 11 11 11 15 15 19 18 18 22 22 22 15 15 9 7 7 6 5 5 5 5 4 8 8 12 15 15 24 24 22 18 18 16 
10 10 9 10 10 11 11 11 14 14 13 15 15 12 12 12 12 12 15 17 17 22 24 24 17 17 9 6 6 5 3 3 2 2 2 8 8 12 13 13 16 16 18 12 12 9 
12 12 12 12 12 11 11 11 13 13 12 12 12 11 11 11 12 12 15 17 17 21 22 22 18 18 11 8 8 5 2 2 2 2 2 6 6 14 17 17 17 17 14 10 10 10 
12 12 12 12 12 11 11 11 13 13 12 12 12 11 11 11 12 12 15 17 17 21 22 22 18 18 11 8 8 5 2 2 2 2 2 6 6 14 17 17 17 17 14 10 10 10 
14 14 11 11 11 10 13 13 12 12 14 12 12 14 11 11 13 13 13 16 16 17 21 21 15 15 11 8 8 5 3 3 4 4 6 8 8 17 25 25 22 22 15 10 10 9 
12 12 8 11 11 8 12 12 10 10 14 11 11 15 11 11 14 14 12 14 14 14 14 14 13 13 12 11 11 14 10 10 8 8 8 8 8 10 10 10 19 19 16 9 9 9 
