assets/RAT_results/precipitation/2024-08-17_IMERG.asc
ncols        46
nrows        77
xllcorner    74.800261325624
yllcorner    8.058333333333
cellsize     0.062500000000
NODATA_value -9999
7 7 7 4 4 4 6 6 6 6 10 10 10 9 10 10 11 11 10 10 10 10 8 8 10 10 10 11 11 9 8 8 6 6 3 1 1 1 0 0 0 0 0 0 0 0 
4 4 4 4 4 4 5 5 3 3 4 5 5 5 6 6 10 10 3 3 3 4 7 7 8 8 5 4 4 3 9 9 11 11 1 0 0 0 0 0 0 0 0 0 0 0 
4 4 4 4 4 4 5 5 3 3 4 5 5 5 6 6 10 10 3 3 3 4 7 7 8 8 5 4 4 3 9 9 11 11 1 0 0 0 0 0 0 0 0 0 0 0 
5 5 3 2 2 2 4 4 3 3 3 2 2 3 3 3 3 3 3 5 5 5 5 5 5 5 4 2 2 2 7 7 8 8 1 2 2 1 0 0 0 0 1 0 0 0 
1 1 2 4 4 4 3 3 2 2 3 5 5 4 4 4 2 2 1 4 4 4 2 2 3 3 2 4 4 5 6 6 6 6 0 1 1 1 0 0 1 1 2 1 1 1 
1 1 2 4 4 4 3 3 2 2 3 5 5 4 4 4 2 2 1 4 4 4 2 2 3 3 2 4 4 5 6 6 6 6 0 1 1 1 0 0 1 1 2 1 1 1 
1 1 2 2 2 2 3 3 3 3 5 5 5 4 3 3 3 3 0 0 0 0 0 0 0 0 0 0 0 1 1 1 0 0 0 0 0 1 1 1 2 2 3 2 2 2 
1 1 2 2 2 2 3 3 3 3 5 5 5 4 3 3 3 3 0 0 0 0 0 0 0 0 0 0 0 1 1 1 0 0 0 0 0 1 1 1 2 2 3 2 2 2 
1 1 2 3 3 3 4 4 5 5 8 5 5 2 1 1 0 0 0 0 0 0 0 0 0 0 0 0 0 0 14 14 7 7 9 8 8 1 1 1 3 3 4 2 2 3 
3 3 2 1 1 2 2 2 4 4 9 9 9 5 2 2 1 1 1 1 1 0 0 0 0 0 0 1 1 4 20 20 25 25 13 12 12 2 3 3 6 6 7 5 5 7 
3 3 2 1 1 2 2 2 4 4 9 9 9 5 2 2 1 1 1 1 1 0 0 0 0 0 0 1 1 4 20 20 25 25 13 12 12 2 3 3 6 6 7 5 5 7 
5 5 3 3 3 2 2 2 2 2 7 6 6 2 2 2 2 2 2 1 1 1 4 4 3 3 1 1 1 1 7 7 23 23 6 10 10 3 3 3 7 7 8 7 7 11 
4 4 3 2 2 3 1 1 2 2 5 3 3 1 2 2 3 3 2 1 1 5 6 6 2 2 1 1 1 0 0 0 2 2 4 4 4 4 3 3 4 4 10 11 11 7 
4 4 3 2 2 3 1 1 2 2 5 3 3 1 2 2 3 3 2 1 1 5 6 6 2 2 1 1 1 0 0 0 2 2 4 4 4 4 3 3 4 4 10 11 11 7 
4 4 2 2 2 1 2 2 2 2 2 1 1 1 1 1 2 2 1 1 1 3 2 2 1 1 1 0 0 0 1 1 2 2 4 5 5 2 1 1 1 1 2 2 2 1 
4 4 2 2 2 1 2 2 2 2 2 1 1 1 1 1 2 2 1 1 1 3 2 2 1 1 1 0 0 0 1 1 2 2 4 5 5 2 1 1 1 1 2 2 2 1 
3 3 2 2 2 2 2 2 3 3 1 2 2 2 1 1 1 1 1 0 0 1 0 0 0 0 0 0 0 0 0 0 0 0 1 4 4 2 1 1 1 1 1 2 2 2 
3 3 2 2 2 2 1 1 1 1 2 1 1 1 0 0 0 0 0 0 0 0 0 0 0 0 0 0 0 0 0 0 0 0 1 2 2 2 1 1 2 2 2 3 3 4 
3 3 2 2 2 2 1 1 1 1 2 1 1 1 0 0 0 0 0 0 0 0 0 0 0 0 0 0 0 0 0 0 0 0 1 2 2 2 1 1 2 2 2 3 3 4 
3 3 3 2 2 2 1 1 1 1 1 1 1 2 1 1 0 0 0 0 0 0 0 0 0 0 1 0 0 1 0 0 1 1 1 3 3 3 3 3 3 3 3 4 4 4 
7 7 3 2 2 2 1 1 1 1 0 2 2 2 2 2 6 6 5 2 2 0 0 0 2 2 1 1 1 2 1 1 1 1 2 4 4 4 5 5 6 6 5 9 9 6 
7 7 3 2 2 2 1 1 1 1 0 2 2 2 2 2 6 6 5 2 2 0 0 0 2 2 1 1 1 2 1 1 1 1 2 4 4 4 5 5 6 6 5 9 9 6 
10 10 8 2 2 2 1 1 1 1 0 2 2 7 7 7 5 5 3 2 2 0 0 0 0 0 1 1 1 2 1 1 2 2 3 5 5 3 3 3 3 3 5 5 5 2 
10 10 8 2 2 2 1 1 1 1 0 2 2 7 7 7 5 5 3 2 2 0 0 0 0 0 1 1 1 2 1 1 2 2 3 5 5 3 3 3 3 3 5 5 5 2 
9 9 3 3 3 2 1 1 1 1 1 2 2 7 10 10 7 7 2 2 2 0 0 0 1 1 2 2 2 1 1 1 2 2 2 2 2 2 1 1 2 2 2 2 2 1 
10 10 7 8 8 8 2 2 2 2 0 0 0 6 8 8 8 8 3 2 2 0 1 1 1 1 2 2 2 1 0 0 1 1 1 0 0 0 1 1 1 1 2 3 3 1 
10 10 7 8 8 8 2 2 2 2 0 0 0 6 8 8 8 8 3 2 2 0 1 1 1 1 2 2 2 1 0 0 1 1 1 0 0 0 1 1 1 1 2 3 3 1 
30 30 16 10 10 2 2 2 3 3 1 1 1 1 5 5 8 8 3 3 3 3 0 0 1 1 1 1 1 0 0 0 0 0 0 0 0 0 2 2 3 3 5 6 6 7 
67 67 36 16 16 15 3 3 2 2 3 3 3 0 0 0 1 1 1 1 1 1 1 1 1 1 1 1 1 0 0 0 0 0 0 0 0 0 0 0 3 3 7 9 9 11 
67 67 36 16 16 15 3 3 2 2 3 3 3 0 0 0 1 1 1 1 1 1 1 1 1 1 1 1 1 0 0 0 0 0 0 0 0 0 0 0 3 3 7 9 9 11 
117 117 34 24 24 23 6 6 3 3 4 4 4 2 1 1 1 1 1 1 1 1 1 1 1 1 2 0 0 0 0 0 0 0 0 0 0 0 5 5 5 5 5 11 11 12 
117 117 34 24 24 23 6 6 3 3 4 4 4 2 1 1 1 1 1 1 1 1 1 1 1 1 2 0 0 0 0 0 0 0 0 0 0 0 5 5 5 5 5 11 11 12 
62 62 44 33 33 27 11 11 10 10 10 9 9 3 1 1 1 1 1 1 1 3 2 2 3 3 2 1 1 1 1 1 0 0 0 0 0 0 1 1 7 7 11 12 12 13 
52 52 48 44 44 40 27 27 22 22 25 20 20 2 1 1 1 1 3 2 2 8 10 10 4 4 3 1 1 1 1 1 0 0 0 1 1 2 2 2 6 6 4 8 8 9 
52 52 48 44 44 40 27 27 22 22 25 20 20 2 1 1 1 1 3 2 2 8 10 10 4 4 3 1 1 1 1 1 0 0 0 1 1 2 2 2 6 6 4 8 8 9 
60 60 50 56 56 41 29 29 33 33 40 4 4 23 2 2 1 1 5 3 3 10 11 11 4 4 2 1 1 1 1 1 1 1 0 2 2 2 2 2 2 2 4 6 6 7 
49 49 41 57 57 64 28 28 32 32 30 29 29 20 6 6 1 1 2 4 4 1 1 1 1 1 0 0 0 2 3 3 1 1 1 3 3 2 1 1 4 4 3 7 7 7 
49 49 41 57 57 64 28 28 32 32 30 29 29 20 6 6 1 1 2 4 4 1 1 1 1 1 0 0 0 2 3 3 1 1 1 3 3 2 1 1 4 4 3 7 7 7 
42 42 31 36 36 35 21 21 22 22 13 15 15 12 8 8 6 6 2 4 4 4 1 1 0 0 1 1 1 3 2 2 2 2 2 4 4 5 5 5 8 8 3 8 8 8 
42 42 31 36 36 35 21 21 22 22 13 15 15 12 8 8 6 6 2 4 4 4 1 1 0 0 1 1 1 3 2 2 2 2 2 4 4 5 5 5 8 8 3 8 8 8 
24 24 22 26 26 24 21 21 22 22 14 9 9 11 7 7 6 6 4 8 8 6 2 2 1 1 1 2 2 5 3 3 2 2 2 2 2 6 5 5 4 4 3 3 3 8 
18 18 21 22 22 24 21 21 19 19 11 9 9 11 8 8 6 6 5 8 8 8 2 2 3 3 4 5 5 6 4 4 2 2 2 2 2 5 4 4 2 2 5 12 12 12 
18 18 21 22 22 24 21 21 19 19 11 9 9 11 8 8 6 6 5 8 8 8 2 2 3 3 4 5 5 6 4 4 2 2 2 2 2 5 4 4 2 2 5 12 12 12 
16 16 14 15 15 14 15 15 16 16 9 9 9 8 7 7 4 4 4 2 2 2 3 3 3 3 7 7 7 9 6 6 2 2 2 1 1 4 5 5 2 2 3 12 12 12 
14 14 10 11 11 12 11 11 11 11 7 6 6 4 6 6 4 4 6 3 3 2 5 5 5 5 7 9 9 11 4 4 2 2 1 2 2 3 3 3 1 1 2 4 4 17 
14 14 10 11 11 12 11 11 11 11 7 6 6 4 6 6 4 4 6 3 3 2 5 5 5 5 7 9 9 11 4 4 2 2 1 2 2 3 3 3 1 1 2 4 4 17 
10 10 8 10 10 8 8 8 6 6 5 5 5 6 5 5 4 4 4 1 1 1 1 1 3 3 4 6 6 5 3 3 1 1 1 1 1 2 2 2 2 2 2 3 3 17 
10 10 8 10 10 8 8 8 6 6 5 5 5 6 5 5 4 4 4 1 1 1 1 1 3 3 4 6 6 5 3 3 1 1 1 1 1 2 2 2 2 2 2 3 3 17 
8 8 7 7 7 6 6 6 4 4 4 4 4 6 5 5 3 3 4 2 2 2 1 1 3 3 2 3 3 4 2 2 1 1 1 3 3 3 3 3 3 3 5 6 6 14 
8 8 7 6 6 6 5 5 4 4 4 4 4 5 5 5 4 4 3 2 2 1 1 1 2 2 2 4 4 3 2 2 3 3 4 9 9 6 5 5 3 3 5 7 7 10 
8 8 7 6 6 6 5 5 4 4 4 4 4 5 5 5 4 4 3 2 2 1 1 1 2 2 2 4 4 3 2 2 3 3 4 9 9 6 5 5 3 3 5 7 7 10 
8 8 6 5 5 5 5 5 5 5 4 1 1 3 2 2 3 3 3 3 3 1 1 1 2 2 3 4 4 4 4 4 9 9 10 9 9 10 10 10 6 6 7 9 9 12 
7 7 6 6 6 6 6 6 5 5 3 2 2 2 2 2 3 3 5 4 4 2 1 1 5 5 7 6 6 5 6 6 10 10 10 7 7 11 14 14 12 12 7 6 6 3 
7 7 6 6 6 6 6 6 5 5 3 2 2 2 2 2 3 3 5 4 4 2 1 1 5 5 7 6 6 5 6 6 10 10 10 7 7 11 14 14 12 12 7 6 6 3 
8 8 8 9 9 8 7 7 4 4 3 2 2 3 2 2 3 3 6 4 4 2 3 3 7 7 8 6 6 7 9 9 6 6 6 8 8 8 9 9 8 8 2 3 3 3 
8 8 8 9 9 8 7 7 4 4 3 2 2 3 2 2 3 3 6 4 4 2 3 3 7 7 8 6 6 7 9 9 6 6 6 8 8 8 9 9 8 8 2 3 3 3 
11 11 11 10 10 10 11 11 9 9 5 5 5 3 2 2 3 3 3 3 3 1 1 1 9 9 9 9 9 12 9 9 3 3 6 10 10 8 6 6 2 2 1 0 0 0 
17 17 17 15 15 13 12 12 11 11 8 6 6 4 3 3 3 3 3 3 3 2 4 4 4 4 12 13 13 13 7 7 3 3 3 4 4 3 2 2 1 1 0 0 0 1 
17 17 17 15 15 13 12 12 11 11 8 6 6 4 3 3 3 3 3 3 3 2 4 4 4 4 12 13 13 13 7 7 3 3 3 4 4 3 2 2 1 1 0 0 0 1 
30 30 18 15 15 15 14 14 12 12 8 7 7 4 4 4 4 4 4 4 4 5 4 4 2 2 11 10 10 9 5 5 2 2 2 1 1 1 0 0 0 0 0 0 0 1 
31 31 25 23 23 23 12 12 11 11 9 7 7 6 6 6 6 6 5 6 6 5 4 4 3 3 3 5 5 5 4 4 5 5 1 0 0 0 0 0 0 0 0 0 0 0 
31 31 25 23 23 23 12 12 11 11 9 7 7 6 6 6 6 6 5 6 6 5 4 4 3 3 3 5 5 5 4 4 5 5 1 0 0 0 0 0 0 0 0 0 0 0 
35 35 28 28 28 19 18 18 12 12 10 8 8 6 7 7 6 6 8 7 7 7 6 6 6 6 4 5 5 5 4 4 5 5 4 3 3 0 0 0 0 0 1 1 1 0 
35 35 28 28 28 19 18 18 12 12 10 8 8 6 7 7 6 6 8 7 7 7 6 6 6 6 4 5 5 5 4 4 5 5 4 3 3 0 0 0 0 0 1 1 1 0 
41 41 30 29 29 19 18 18 11 11 10 8 8 9 8 8 7 7 8 7 7 8 6 6 5 5 2 1 1 5 4 4 1 1 0 1 1 0 0 0 0 0 1 1 1 0 
51 51 51 30 30 17 16 16 11 11 10 7 7 9 8 8 9 9 9 8 8 8 8 8 5 5 3 3 3 3 3 3 3 3 1 0 0 1 0 0 0 0 1 1 1 0 
51 51 51 30 30 17 16 16 11 11 10 7 7 9 8 8 9 9 9 8 8 8 8 8 5 5 3 3 3 3 3 3 3 3 1 0 0 1 0 0 0 0 1 1 1 0 
46 46 56 31 31 32 17 17 17 17 11 9 9 9 9 9 8 8 8 9 9 9 8 8 6 6 6 5 5 0 2 2 3 3 6 5 5 1 1 1 0 0 0 0 0 0 
57 57 53 41 41 37 22 22 32 32 18 16 16 10 11 11 10 10 9 8 8 8 7 7 7 7 6 5 5 2 2 2 3 3 5 5 5 2 1 1 0 0 0 0 0 0 
57 57 53 41 41 37 22 22 32 32 18 16 16 10 11 11 10 10 9 8 8 8 7 7 7 7 6 5 5 2 2 2 3 3 5 5 5 2 1 1 0 0 0 0 0 0 
51 51 53 44 44 38 32 32 36 36 27 19 19 18 11 11 14 14 13 13 13 10 12 12 9 9 8 7 7 3 0 0 1 1 3 2 2 2 3 3 0 0 0 0 0 0 
51 51 53 44 44 38 32 32 36 36 27 19 19 18 11 11 14 14 13 13 13 10 12 12 9 9 8 7 7 3 0 0 1 1 3 2 2 2 3 3 0 0 0 0 0 0 
53 53 49 40 40 40 30 30 31 31 26 21 21 24 21 21 19 19 14 12 12 11 13 13 12 12 11 10 10 6 3 3 3 3 2 3 3 2 2 2 0 0 0 0 0 0 
30 30 29 34 34 30 32 32 34 34 30 23 23 24 23 23 23 23 25 17 17 14 14 14 15 15 11 13 13 9 2 2 2 2 1 2 2 2 2 2 1 1 0 0 0 0 
30 30 29 34 34 30 32 32 34 34 30 23 23 24 23 23 23 23 25 17 17 14 14 14 15 15 11 13 13 9 2 2 2 2 1 2 2 2 2 2 1 1 0 0 0 0 
31 31 28 27 27 27 26 26 29 29 29 32 32 28 33 33 25 25 22 20 20 19 20 20 16 16 15 11 11 9 5 5 2 2 2 2 2 1 3 3 2 2 0 1 1 0 
31 31 24 25 25 22 27 27 28 28 31 28 28 29 22 22 17 17 16 16 16 21 20 20 25 25 24 21 21 11 10 10 9 9 7 3 3 1 1 1 2 2 5 1 1 0 
