assets/RAT_results/precipitation/2024-06-13_IMERG.asc
ncols        46
nrows        77
xllcorner    74.800261325624
yllcorner    8.058333333333
cellsize     0.062500000000
NODATA_value -9999
6 6 10 17 17 28 20 20 9 9 4 3 3 4 1 1 1 1 2 1 1 0 0 0 0 0 0 0 0 0 0 0 0 0 0 3 3 5 8 8 13 13 12 9 9 9 
7 7 17 31 31 46 44 44 35 35 31 25 25 13 9 9 6 6 4 2 2 0 0 0 0 0 0 0 0 0 0 0 0 0 0 0 0 2 3 3 4 4 4 4 4 4 
7 7 17 31 31 46 44 44 35 35 31 25 25 13 9 9 6 6 4 2 2 0 0 0 0 0 0 0 0 0 0 0 0 0 0 0 0 2 3 3 4 4 4 4 4 4 
14 14 16 27 27 29 54 54 59 59 64 49 49 39 17 17 11 11 9 4 4 0 0 0 0 0 0 0 0 0 0 0 1 1 1 2 2 2 5 5 9 9 5 4 4 3 
16 16 21 17 17 29 55 55 73 73 57 49 49 37 37 37 16 16 5 2 2 1 0 0 0 0 0 0 0 1 2 2 5 5 6 6 6 6 6 6 5 5 4 3 3 1 
16 16 21 17 17 29 55 55 73 73 57 49 49 37 37 37 16 16 5 2 2 1 0 0 0 0 0 0 0 1 2 2 5 5 6 6 6 6 6 6 5 5 4 3 3 1 
16 16 42 18 18 23 25 25 38 38 47 29 29 30 24 24 15 15 6 1 1 1 0 0 0 0 0 1 1 2 4 4 7 7 8 7 7 7 6 6 5 5 4 2 2 1 
16 16 42 18 18 23 25 25 38 38 47 29 29 30 24 24 15 15 6 1 1 1 0 0 0 0 0 1 1 2 4 4 7 7 8 7 7 7 6 6 5 5 4 2 2 1 
43 43 23 20 20 20 26 26 25 25 28 34 34 22 16 16 8 8 3 1 1 1 1 1 0 0 0 1 1 1 4 4 5 5 6 5 5 6 5 5 3 3 2 2 2 1 
32 32 7 11 11 15 12 12 15 15 17 16 16 9 7 7 7 7 4 2 2 1 0 0 0 0 0 0 0 1 2 2 4 4 4 5 5 6 7 7 9 9 11 12 12 9 
32 32 7 11 11 15 12 12 15 15 17 16 16 9 7 7 7 7 4 2 2 1 0 0 0 0 0 0 0 1 2 2 4 4 4 5 5 6 7 7 9 9 11 12 12 9 
16 16 11 19 19 16 15 15 12 12 14 15 15 10 8 8 8 8 10 4 4 3 2 2 0 0 0 0 0 0 0 0 0 0 1 2 2 4 5 5 10 10 14 15 15 13 
14 14 9 11 11 12 13 13 15 15 18 23 23 24 27 27 22 22 20 11 11 6 3 3 1 1 0 0 0 0 0 0 0 0 0 0 0 1 2 2 3 3 5 8 8 9 
14 14 9 11 11 12 13 13 15 15 18 23 23 24 27 27 22 22 20 11 11 6 3 3 1 1 0 0 0 0 0 0 0 0 0 0 0 1 2 2 3 3 5 8 8 9 
13 13 6 6 6 7 14 14 11 11 11 15 15 22 33 33 37 37 29 12 12 6 5 5 2 2 1 1 1 0 0 0 0 0 0 0 0 0 0 0 0 0 1 4 4 5 
13 13 6 6 6 7 14 14 11 11 11 15 15 22 33 33 37 37 29 12 12 6 5 5 2 2 1 1 1 0 0 0 0 0 0 0 0 0 0 0 0 0 1 4 4 5 
8 8 3 5 5 6 10 10 14 14 12 11 11 13 23 23 31 31 15 6 6 2 2 2 0 0 0 0 0 0 0 0 0 0 0 0 0 1 1 1 1 1 1 1 1 2 
9 9 4 3 3 5 8 8 11 11 12 14 14 15 22 22 30 30 20 14 14 10 7 7 4 4 2 2 2 3 5 5 4 4 3 2 2 2 1 1 1 1 1 1 1 2 
9 9 4 3 3 5 8 8 11 11 12 14 14 15 22 22 30 30 20 14 14 10 7 7 4 4 2 2 2 3 5 5 4 4 3 2 2 2 1 1 1 1 1 1 1 2 
9 9 8 7 7 5 5 5 4 4 8 8 8 10 16 16 19 19 19 20 20 21 19 19 16 16 13 10 10 11 11 11 8 8 7 6 6 7 4 4 1 1 2 3 3 5 
14 14 11 8 8 3 3 3 4 4 6 10 10 11 13 13 14 14 16 16 16 14 15 15 15 15 13 11 11 13 13 13 6 6 4 4 4 5 6 6 5 5 4 4 4 4 
14 14 11 8 8 3 3 3 4 4 6 10 10 11 13 13 14 14 16 16 16 14 15 15 15 15 13 11 11 13 13 13 6 6 4 4 4 5 6 6 5 5 4 4 4 4 
20 20 16 12 12 5 4 4 2 2 3 7 7 11 11 11 11 11 11 11 11 12 12 12 12 12 14 15 15 15 14 14 11 11 6 3 3 1 1 1 1 1 1 1 1 1 
20 20 16 12 12 5 4 4 2 2 3 7 7 11 11 11 11 11 11 11 11 12 12 12 12 12 14 15 15 15 14 14 11 11 6 3 3 1 1 1 1 1 1 1 1 1 
31 31 12 9 9 6 3 3 2 2 2 3 3 7 9 9 11 11 9 8 8 8 9 9 12 12 15 15 15 14 13 13 9 9 5 2 2 0 0 0 0 0 0 0 0 0 
24 24 13 8 8 5 2 2 3 3 4 3 3 5 9 9 8 8 7 5 5 3 2 2 1 1 1 4 4 2 0 0 0 0 1 0 0 0 0 0 0 0 0 0 0 0 
24 24 13 8 8 5 2 2 3 3 4 3 3 5 9 9 8 8 7 5 5 3 2 2 1 1 1 4 4 2 0 0 0 0 1 0 0 0 0 0 0 0 0 0 0 0 
12 12 11 9 9 6 3 3 3 3 9 6 6 6 9 9 13 13 15 17 17 15 9 9 6 6 6 6 6 1 0 0 0 0 1 0 0 0 0 0 0 0 1 0 0 0 
11 11 18 21 21 11 3 3 2 2 1 1 1 2 3 3 6 6 6 11 11 17 16 16 25 25 15 12 12 6 4 4 2 2 2 1 1 0 0 0 0 0 0 0 0 0 
11 11 18 21 21 11 3 3 2 2 1 1 1 2 3 3 6 6 6 11 11 17 16 16 25 25 15 12 12 6 4 4 2 2 2 1 1 0 0 0 0 0 0 0 0 0 
11 11 11 9 9 7 6 6 3 3 2 2 2 0 1 1 5 5 2 3 3 4 6 6 8 8 10 9 9 8 7 7 6 6 7 5 5 0 0 0 0 0 0 0 0 0 
11 11 11 9 9 7 6 6 3 3 2 2 2 0 1 1 5 5 2 3 3 4 6 6 8 8 10 9 9 8 7 7 6 6 7 5 5 0 0 0 0 0 0 0 0 0 
11 11 11 10 10 6 4 4 3 3 4 1 1 3 4 4 11 11 2 1 1 1 1 1 2 2 3 4 4 3 3 3 2 2 2 0 0 0 0 0 0 0 0 0 0 0 
9 9 7 8 8 8 9 9 7 7 6 5 5 4 3 3 2 2 1 1 1 1 1 1 1 1 3 5 5 6 5 5 2 2 0 0 0 0 0 0 0 0 0 0 0 0 
9 9 7 8 8 8 9 9 7 7 6 5 5 4 3 3 2 2 1 1 1 1 1 1 1 1 3 5 5 6 5 5 2 2 0 0 0 0 0 0 0 0 0 0 0 0 
6 6 8 8 8 7 17 17 14 14 14 12 12 8 5 5 2 2 2 2 2 2 2 2 4 4 7 10 10 7 3 3 1 1 0 0 0 0 0 0 0 0 0 0 0 0 
1 1 7 7 7 13 24 24 13 13 10 7 7 7 3 3 1 1 1 2 2 2 1 1 3 3 5 7 7 2 1 1 0 0 1 0 0 0 0 0 0 0 0 0 0 0 
1 1 7 7 7 13 24 24 13 13 10 7 7 7 3 3 1 1 1 2 2 2 1 1 3 3 5 7 7 2 1 1 0 0 1 0 0 0 0 0 0 0 0 0 0 0 
3 3 6 8 8 16 19 19 10 10 5 2 2 2 1 1 1 1 1 0 0 1 1 1 2 2 1 2 2 5 6 6 6 6 11 1 1 1 0 0 1 1 1 1 1 2 
3 3 6 8 8 16 19 19 10 10 5 2 2 2 1 1 1 1 1 0 0 1 1 1 2 2 1 2 2 5 6 6 6 6 11 1 1 1 0 0 1 1 1 1 1 2 
3 3 2 4 4 11 9 9 5 5 4 3 3 2 1 1 1 1 1 0 0 1 1 1 1 1 1 0 0 2 3 3 2 2 4 2 2 2 2 2 3 3 2 2 2 2 
1 1 3 2 2 4 7 7 7 7 3 2 2 0 0 0 0 0 0 0 0 0 1 1 1 1 2 1 1 2 2 2 2 2 3 9 9 5 4 4 3 3 1 1 1 1 
1 1 3 2 2 4 7 7 7 7 3 2 2 0 0 0 0 0 0 0 0 0 1 1 1 1 2 1 1 2 2 2 2 2 3 9 9 5 4 4 3 3 1 1 1 1 
6 6 1 1 1 1 3 3 7 7 3 0 0 0 0 0 0 0 0 0 0 0 1 1 1 1 2 3 3 5 10 10 13 13 13 15 15 6 5 5 2 2 1 0 0 0 
3 3 3 1 1 0 3 3 3 3 1 0 0 0 0 0 1 1 0 0 0 1 2 2 2 2 2 4 4 9 15 15 12 12 13 11 11 5 2 2 0 0 1 0 0 0 
3 3 3 1 1 0 3 3 3 3 1 0 0 0 0 0 1 1 0 0 0 1 2 2 2 2 2 4 4 9 15 15 12 12 13 11 11 5 2 2 0 0 1 0 0 0 
3 3 1 1 1 0 1 1 1 1 0 0 0 2 2 2 2 2 2 1 1 1 2 2 4 4 5 6 6 11 14 14 11 11 10 6 6 3 0 0 0 0 0 1 1 1 
3 3 1 1 1 0 1 1 1 1 0 0 0 2 2 2 2 2 2 1 1 1 2 2 4 4 5 6 6 11 14 14 11 11 10 6 6 3 0 0 0 0 0 1 1 1 
1 1 0 0 0 0 0 0 0 0 0 1 1 3 3 3 3 3 3 2 2 1 1 1 5 5 6 8 8 15 13 13 9 9 5 3 3 1 0 0 0 0 0 0 0 0 
3 3 0 0 0 0 0 0 1 1 3 4 4 5 5 5 4 4 2 1 1 1 1 1 3 3 6 6 6 8 4 4 6 6 3 1 1 0 0 0 0 0 0 0 0 0 
3 3 0 0 0 0 0 0 1 1 3 4 4 5 5 5 4 4 2 1 1 1 1 1 3 3 6 6 6 8 4 4 6 6 3 1 1 0 0 0 0 0 0 0 0 0 
5 5 2 1 1 1 2 2 4 4 9 10 10 8 4 4 1 1 1 1 1 1 2 2 2 2 4 4 4 2 3 3 3 3 0 0 0 0 0 0 0 0 0 0 0 0 
8 8 8 6 6 6 5 5 7 7 12 6 6 3 1 1 1 1 1 2 2 1 0 0 0 0 1 1 1 0 0 0 1 1 0 0 0 0 0 0 0 0 0 0 0 0 
8 8 8 6 6 6 5 5 7 7 12 6 6 3 1 1 1 1 1 2 2 1 0 0 0 0 1 1 1 0 0 0 1 1 0 0 0 0 0 0 0 0 0 0 0 0 
9 9 9 11 11 12 9 9 4 4 3 2 2 2 2 2 2 2 1 1 1 0 0 0 0 0 0 0 0 0 0 0 0 0 0 1 1 0 1 1 1 1 0 0 0 0 
9 9 9 11 11 12 9 9 4 4 3 2 2 2 2 2 2 2 1 1 1 0 0 0 0 0 0 0 0 0 0 0 0 0 0 1 1 0 1 1 1 1 0 0 0 0 
8 8 5 5 5 10 2 2 1 1 2 2 2 2 2 2 3 3 3 4 4 2 0 0 0 0 0 0 0 0 0 0 0 0 0 0 0 1 0 0 0 0 0 0 0 0 
2 2 1 1 1 1 0 0 1 1 2 4 4 4 2 2 2 2 2 2 2 1 0 0 0 0 0 0 0 0 0 0 0 0 0 0 0 0 0 0 0 0 0 0 0 0 
2 2 1 1 1 1 0 0 1 1 2 4 4 4 2 2 2 2 2 2 2 1 0 0 0 0 0 0 0 0 0 0 0 0 0 0 0 0 0 0 0 0 0 0 0 0 
1 1 0 1 1 0 1 1 1 1 3 6 6 3 2 2 0 0 0 0 0 0 0 0 0 0 0 0 0 0 0 0 0 0 0 0 0 0 0 0 0 0 0 0 0 0 
0 0 0 1 1 2 0 0 0 0 0 1 1 0 0 0 0 0 0 0 0 0 0 0 0 0 0 0 0 0 0 0 0 0 0 0 0 0 0 0 0 0 0 0 0 0 
0 0 0 1 1 2 0 0 0 0 0 1 1 0 0 0 0 0 0 0 0 0 0 0 0 0 0 0 0 0 0 0 0 0 0 0 0 0 0 0 0 0 0 0 0 0 
0 0 0 0 0 1 1 1 0 0 0 0 0 0 0 0 0 0 0 0 0 0 0 0 0 0 0 0 0 0 0 0 0 0 0 0 0 0 0 0 0 0 0 0 0 0 
0 0 0 0 0 1 1 1 0 0 0 0 0 0 0 0 0 0 0 0 0 0 0 0 0 0 0 0 0 0 0 0 0 0 0 0 0 0 0 0 0 0 0 0 0 0 
0 0 0 0 0 0 0 0 0 0 0 0 0 1 0 0 0 0 0 0 0 0 0 0 0 0 0 0 0 0 0 0 0 0 0 0 0 0 0 0 0 0 0 0 0 0 
0 0 0 0 0 0 0 0 0 0 0 0 0 1 1 1 0 0 0 0 0 0 0 0 0 0 0 0 0 1 1 1 0 0 0 0 0 0 0 0 0 0 0 0 0 0 
0 0 0 0 0 0 0 0 0 0 0 0 0 1 1 1 0 0 0 0 0 0 0 0 0 0 0 0 0 1 1 1 0 0 0 0 0 0 0 0 0 0 0 0 0 0 
0 0 0 0 0 0 0 0 0 0 0 0 0 0 0 0 0 0 0 0 0 0 0 0 0 0 0 0 0 1 1 1 0 0 0 0 0 0 0 0 0 0 1 0 0 0 
0 0 0 0 0 0 0 0 0 0 0 0 0 0 0 0 0 0 0 0 0 0 3 3 0 0 0 0 0 0 0 0 0 0 0 0 0 0 0 0 3 3 1 1 1 0 
0 0 0 0 0 0 0 0 0 0 0 0 0 0 0 0 0 0 0 0 0 0 3 3 0 0 0 0 0 0 0 0 0 0 0 0 0 0 0 0 3 3 1 1 1 0 
0 0 0 0 0 0 0 0 0 0 0 0 0 0 1 1 1 1 1 0 0 1 3 3 1 1 0 0 0 1 0 0 0 0 0 0 0 1 1 1 2 2 0 0 0 0 
0 0 0 0 0 0 0 0 0 0 0 0 0 0 1 1 1 1 1 0 0 1 3 3 1 1 0 0 0 1 0 0 0 0 0 0 0 1 1 1 2 2 0 0 0 0 
0 0 0 0 0 0 0 0 0 0 0 0 0 0 0 0 1 1 1 0 0 1 2 2 1 1 1 0 0 0 0 0 2 2 1 1 1 1 1 1 1 1 1 1 1 0 
0 0 0 0 0 0 0 0 0 0 0 0 0 0 0 0 0 0 1 1 1 1 4 4 1 1 1 1 1 0 0 0 1 1 1 1 1 1 1 1 0 0 1 1 1 1 
0 0 0 0 0 0 0 0 0 0 0 0 0 0 0 0 0 0 1 1 1 1 4 4 1 1 1 1 1 0 0 0 1 1 1 1 1 1 1 1 0 0 1 1 1 1 
0 0 0 0 0 0 0 0 0 0 0 0 0 0 0 0 1 1 2 2 2 2 3 3 4 4 2 1 1 0 0 0 5 5 7 7 7 3 1 1 1 1 1 1 1 0 
0 0 0 0 0 0 0 0 0 0 0 0 0 0 1 1 2 2 2 2 2 2 6 6 5 5 3 0 0 1 3 3 9 9 7 5 5 1 0 0 0 0 1 0 0 0 
