assets/RAT_results/precipitation/2024-07-06_IMERG.asc
ncols        46
nrows        77
xllcorner    74.800261325624
yllcorner    8.058333333333
cellsize     0.062500000000
NODATA_value -9999
163 163 181 180 180 121 169 169 88 88 80 63 63 60 61 61 55 55 39 29 29 15 14 14 4 4 5 1 1 0 0 0 1 1 4 5 5 4 2 2 2 2 2 5 5 10 
109 109 168 110 110 107 97 97 68 68 55 48 48 49 48 48 48 48 34 33 33 28 8 8 6 6 3 1 1 0 2 2 2 2 5 8 8 2 2 2 2 2 4 6 6 10 
109 109 168 110 110 107 97 97 68 68 55 48 48 49 48 48 48 48 34 33 33 28 8 8 6 6 3 1 1 0 2 2 2 2 5 8 8 2 2 2 2 2 4 6 6 10 
103 103 95 71 71 61 54 54 32 32 46 50 50 46 50 50 48 48 53 11 11 8 4 4 4 4 2 3 3 5 7 7 6 6 6 5 5 4 3 3 2 2 3 8 8 7 
54 54 73 70 70 74 51 51 45 45 36 38 38 35 48 48 49 49 32 22 22 9 5 5 4 4 2 3 3 6 5 5 4 4 3 4 4 5 5 5 8 8 9 9 9 13 
54 54 73 70 70 74 51 51 45 45 36 38 38 35 48 48 49 49 32 22 22 9 5 5 4 4 2 3 3 6 5 5 4 4 3 4 4 5 5 5 8 8 9 9 9 13 
54 54 99 81 81 92 53 53 37 37 44 37 37 43 36 36 35 35 17 14 14 9 5 5 1 1 2 3 3 5 3 3 4 4 5 4 4 5 6 6 10 10 20 20 20 15 
54 54 99 81 81 92 53 53 37 37 44 37 37 43 36 36 35 35 17 14 14 9 5 5 1 1 2 3 3 5 3 3 4 4 5 4 4 5 6 6 10 10 20 20 20 15 
61 61 76 70 70 85 87 87 61 61 52 47 47 43 42 42 36 36 20 8 8 1 2 2 2 2 0 3 3 2 2 2 2 2 5 5 5 6 13 13 10 10 17 15 15 12 
46 46 41 72 72 70 71 71 85 85 75 62 62 54 40 40 27 27 23 17 17 6 5 5 5 5 0 1 1 3 4 4 5 5 5 5 5 6 12 12 13 13 15 14 14 11 
46 46 41 72 72 70 71 71 85 85 75 62 62 54 40 40 27 27 23 17 17 6 5 5 5 5 0 1 1 3 4 4 5 5 5 5 5 6 12 12 13 13 15 14 14 11 
67 67 57 77 77 106 100 100 124 124 87 82 82 60 50 50 32 32 26 20 20 19 12 12 7 7 5 4 4 4 5 5 7 7 6 15 15 17 19 19 11 11 10 12 12 10 
57 57 76 97 97 177 108 108 134 134 114 111 111 67 46 46 53 53 53 31 31 28 18 18 9 9 3 1 1 1 4 4 12 12 11 19 19 32 21 21 20 20 9 12 12 7 
57 57 76 97 97 177 108 108 134 134 114 111 111 67 46 46 53 53 53 31 31 28 18 18 9 9 3 1 1 1 4 4 12 12 11 19 19 32 21 21 20 20 9 12 12 7 
188 188 70 95 95 68 130 130 103 103 91 120 120 91 88 88 59 59 55 39 39 24 9 9 11 11 6 0 0 1 8 8 7 7 11 19 19 39 24 24 21 21 12 6 6 4 
188 188 70 95 95 68 130 130 103 103 91 120 120 91 88 88 59 59 55 39 39 24 9 9 11 11 6 0 0 1 8 8 7 7 11 19 19 39 24 24 21 21 12 6 6 4 
173 173 62 80 80 77 89 89 84 84 104 112 112 97 57 57 48 48 58 46 46 48 23 23 7 7 4 5 5 4 4 4 3 3 10 22 22 21 14 14 15 15 7 3 3 1 
125 125 70 143 143 58 49 49 68 68 88 144 144 88 58 58 85 85 45 41 41 25 18 18 6 6 7 14 14 15 11 11 2 2 5 8 8 7 13 13 16 16 9 6 6 5 
125 125 70 143 143 58 49 49 68 68 88 144 144 88 58 58 85 85 45 41 41 25 18 18 6 6 7 14 14 15 11 11 2 2 5 8 8 7 13 13 16 16 9 6 6 5 
69 69 68 93 93 72 34 34 29 29 81 75 75 118 59 59 53 53 49 37 37 14 5 5 4 4 2 10 10 16 7 7 1 1 2 2 2 1 1 1 5 5 11 7 7 0 
81 81 82 85 85 98 31 31 34 34 25 45 45 50 58 58 35 35 28 25 25 18 16 16 4 4 6 11 11 29 7 7 8 8 7 1 1 1 1 1 2 2 3 1 1 0 
81 81 82 85 85 98 31 31 34 34 25 45 45 50 58 58 35 35 28 25 25 18 16 16 4 4 6 11 11 29 7 7 8 8 7 1 1 1 1 1 2 2 3 1 1 0 
83 83 84 84 84 92 105 105 38 38 20 30 30 35 38 38 24 24 28 29 29 19 19 19 18 18 25 25 25 32 21 21 6 6 3 4 4 3 2 2 1 1 0 0 0 1 
83 83 84 84 84 92 105 105 38 38 20 30 30 35 38 38 24 24 28 29 29 19 19 19 18 18 25 25 25 32 21 21 6 6 3 4 4 3 2 2 1 1 0 0 0 1 
70 70 70 102 102 136 86 86 52 52 29 21 21 26 24 24 19 19 23 25 25 26 24 24 15 15 24 32 32 26 17 17 5 5 6 5 5 4 1 1 1 1 0 0 0 0 
69 69 89 93 93 103 64 64 61 61 50 27 27 42 33 33 17 17 15 21 21 24 16 16 14 14 28 39 39 31 22 22 3 3 2 1 1 0 0 0 0 0 0 0 0 0 
69 69 89 93 93 103 64 64 61 61 50 27 27 42 33 33 17 17 15 21 21 24 16 16 14 14 28 39 39 31 22 22 3 3 2 1 1 0 0 0 0 0 0 0 0 0 
85 85 83 85 85 73 61 61 58 58 49 31 31 26 21 21 20 20 16 13 13 14 8 8 23 23 33 59 59 63 17 17 1 1 2 0 0 0 0 0 0 0 0 0 0 0 
64 64 62 71 71 73 57 57 49 49 39 23 23 24 20 20 28 28 18 14 14 21 21 21 29 29 40 64 64 66 28 28 14 14 3 0 0 0 0 0 0 0 0 0 0 0 
64 64 62 71 71 73 57 57 49 49 39 23 23 24 20 20 28 28 18 14 14 21 21 21 29 29 40 64 64 66 28 28 14 14 3 0 0 0 0 0 0 0 0 0 0 0 
67 67 65 67 67 63 49 49 50 50 40 31 31 33 21 21 22 22 21 30 30 25 23 23 21 21 34 53 53 74 62 62 22 22 9 1 1 1 0 0 0 0 0 0 0 0 
67 67 65 67 67 63 49 49 50 50 40 31 31 33 21 21 22 22 21 30 30 25 23 23 21 21 34 53 53 74 62 62 22 22 9 1 1 1 0 0 0 0 0 0 0 0 
54 54 65 82 82 74 97 97 80 80 49 42 42 25 14 14 14 14 23 30 30 33 33 33 34 34 32 36 36 68 83 83 36 36 24 4 4 2 0 0 0 0 0 0 0 0 
44 44 61 69 69 97 78 78 74 74 52 38 38 22 27 27 25 25 29 26 26 24 18 18 15 15 18 33 33 39 49 49 33 33 19 3 3 2 0 0 0 0 0 0 0 0 
44 44 61 69 69 97 78 78 74 74 52 38 38 22 27 27 25 25 29 26 26 24 18 18 15 15 18 33 33 39 49 49 33 33 19 3 3 2 0 0 0 0 0 0 0 0 
34 34 39 68 68 78 65 65 55 55 43 25 25 24 15 15 17 17 43 37 37 28 15 15 13 13 14 16 16 27 32 32 17 17 9 8 8 2 0 0 1 1 1 0 0 0 
22 22 36 37 37 47 53 53 42 42 30 14 14 7 7 7 17 17 29 52 52 39 25 25 17 17 12 22 22 19 19 19 10 10 11 9 9 3 1 1 1 1 0 0 0 1 
22 22 36 37 37 47 53 53 42 42 30 14 14 7 7 7 17 17 29 52 52 39 25 25 17 17 12 22 22 19 19 19 10 10 11 9 9 3 1 1 1 1 0 0 0 1 
16 16 19 23 23 28 37 37 27 27 23 8 8 8 11 11 12 12 23 21 21 32 26 26 24 24 33 28 28 13 40 40 15 15 13 5 5 3 1 1 1 1 1 0 0 7 
16 16 19 23 23 28 37 37 27 27 23 8 8 8 11 11 12 12 23 21 21 32 26 26 24 24 33 28 28 13 40 40 15 15 13 5 5 3 1 1 1 1 1 0 0 7 
13 13 13 21 21 25 17 17 20 20 21 11 11 10 13 13 15 15 18 19 19 29 17 17 33 33 57 64 64 44 37 37 20 20 17 6 6 6 1 1 1 1 8 10 10 10 
8 8 8 17 17 19 15 15 18 18 22 20 20 21 19 19 12 12 10 13 13 28 32 32 43 43 54 55 55 43 29 29 28 28 19 8 8 7 5 5 5 5 10 7 7 7 
8 8 8 17 17 19 15 15 18 18 22 20 20 21 19 19 12 12 10 13 13 28 32 32 43 43 54 55 55 43 29 29 28 28 19 8 8 7 5 5 5 5 10 7 7 7 
11 11 15 19 19 18 16 16 16 16 22 13 13 17 13 13 8 8 6 7 7 19 19 19 55 55 39 40 40 39 24 24 26 26 16 14 14 14 11 11 8 8 5 2 2 2 
11 11 14 12 12 10 13 13 13 13 13 12 12 6 7 7 8 8 5 5 5 6 14 14 18 18 12 17 17 15 13 13 11 11 13 15 15 11 6 6 10 10 3 4 4 3 
11 11 14 12 12 10 13 13 13 13 13 12 12 6 7 7 8 8 5 5 5 6 14 14 18 18 12 17 17 15 13 13 11 11 13 15 15 11 6 6 10 10 3 4 4 3 
9 9 13 5 5 9 5 5 7 7 5 6 6 5 6 6 8 8 10 16 16 14 2 2 8 8 8 8 8 4 5 5 7 7 8 6 6 5 7 7 9 9 3 3 3 4 
9 9 13 5 5 9 5 5 7 7 5 6 6 5 6 6 8 8 10 16 16 14 2 2 8 8 8 8 8 4 5 5 7 7 8 6 6 5 7 7 9 9 3 3 3 4 
5 5 8 5 5 3 4 4 7 7 5 4 4 7 14 14 22 22 22 19 19 12 1 1 9 9 8 7 7 4 5 5 8 8 7 5 5 5 5 5 3 3 8 6 6 3 
4 4 6 6 6 4 5 5 6 6 2 3 3 6 9 9 14 14 6 4 4 3 2 2 6 6 6 5 5 11 3 3 5 5 5 4 4 4 4 4 3 3 3 2 2 2 
4 4 6 6 6 4 5 5 6 6 2 3 3 6 9 9 14 14 6 4 4 3 2 2 6 6 6 5 5 11 3 3 5 5 5 4 4 4 4 4 3 3 3 2 2 2 
4 4 6 10 10 11 14 14 9 9 5 6 6 5 3 3 4 4 5 3 3 1 1 1 3 3 9 8 8 8 3 3 5 5 7 6 6 4 5 5 4 4 3 2 2 5 
6 6 13 24 24 28 24 24 14 14 6 6 6 5 6 6 8 8 4 2 2 2 1 1 4 4 5 29 29 5 5 5 6 6 10 6 6 6 6 6 8 8 3 1 1 1 
6 6 13 24 24 28 24 24 14 14 6 6 6 5 6 6 8 8 4 2 2 2 1 1 4 4 5 29 29 5 5 5 6 6 10 6 6 6 6 6 8 8 3 1 1 1 
10 10 15 28 28 21 10 10 9 9 6 6 6 3 3 3 4 4 3 2 2 5 12 12 1 1 3 6 6 3 2 2 3 3 2 4 4 4 10 10 9 9 6 1 1 1 
10 10 15 28 28 21 10 10 9 9 6 6 6 3 3 3 4 4 3 2 2 5 12 12 1 1 3 6 6 3 2 2 3 3 2 4 4 4 10 10 9 9 6 1 1 1 
14 14 33 22 22 14 10 10 8 8 5 4 4 1 1 1 1 1 1 4 4 29 25 25 15 15 17 1 1 2 3 3 2 2 3 4 4 5 6 6 4 4 0 0 0 0 
22 22 19 10 10 9 9 9 9 9 5 3 3 3 0 0 0 0 1 5 5 23 35 35 1 1 2 5 5 3 3 3 3 3 4 5 5 4 3 3 1 1 0 0 0 0 
22 22 19 10 10 9 9 9 9 9 5 3 3 3 0 0 0 0 1 5 5 23 35 35 1 1 2 5 5 3 3 3 3 3 4 5 5 4 3 3 1 1 0 0 0 0 
11 11 9 10 10 9 9 9 13 13 9 2 2 2 0 0 1 1 1 4 4 15 6 6 0 0 2 6 6 5 2 2 3 3 6 5 5 6 10 10 1 1 0 0 0 1 
5 5 6 12 12 15 12 12 23 23 24 7 7 1 1 1 0 0 0 1 1 8 3 3 0 0 1 6 6 6 3 3 4 4 7 5 5 7 3 3 2 2 2 1 1 3 
5 5 6 12 12 15 12 12 23 23 24 7 7 1 1 1 0 0 0 1 1 8 3 3 0 0 1 6 6 6 3 3 4 4 7 5 5 7 3 3 2 2 2 1 1 3 
2 2 5 6 6 11 17 17 21 21 11 4 4 1 1 1 1 1 0 0 0 0 0 0 0 0 0 1 1 5 3 3 9 9 12 5 5 4 13 13 13 13 10 4 4 7 
2 2 5 6 6 11 17 17 21 21 11 4 4 1 1 1 1 1 0 0 0 0 0 0 0 0 0 1 1 5 3 3 9 9 12 5 5 4 13 13 13 13 10 4 4 7 
4 4 6 7 7 10 9 9 9 9 4 2 2 0 1 1 1 1 1 1 1 0 0 0 0 0 0 1 1 2 4 4 7 7 15 9 9 10 6 6 12 12 14 8 8 10 
5 5 6 6 6 7 6 6 7 7 6 5 5 2 1 1 0 0 1 1 1 1 1 1 1 1 1 0 0 2 5 5 6 6 3 7 7 15 19 19 17 17 17 9 9 4 
5 5 6 6 6 7 6 6 7 7 6 5 5 2 1 1 0 0 1 1 1 1 1 1 1 1 1 0 0 2 5 5 6 6 3 7 7 15 19 19 17 17 17 9 9 4 
5 5 5 5 5 5 3 3 4 4 3 2 2 1 1 1 1 1 2 3 3 5 6 6 5 5 5 2 2 2 4 4 4 4 10 22 22 27 27 27 17 17 7 4 4 3 
2 2 3 3 3 3 7 7 5 5 2 3 3 5 9 9 8 8 6 8 8 8 8 8 6 6 2 2 2 2 4 4 15 15 30 13 13 19 22 22 27 27 10 4 4 3 
2 2 3 3 3 3 7 7 5 5 2 3 3 5 9 9 8 8 6 8 8 8 8 8 6 6 2 2 2 2 4 4 15 15 30 13 13 19 22 22 27 27 10 4 4 3 
1 1 0 1 1 0 6 6 17 17 34 42 42 8 6 6 7 7 5 7 7 4 4 4 3 3 2 8 8 2 5 5 8 8 12 11 11 16 24 24 25 25 18 3 3 3 
1 1 0 1 1 0 6 6 17 17 34 42 42 8 6 6 7 7 5 7 7 4 4 4 3 3 2 8 8 2 5 5 8 8 12 11 11 16 24 24 25 25 18 3 3 3 
0 0 0 0 0 1 2 2 13 13 20 3 3 5 4 4 7 7 4 5 5 3 3 3 2 2 1 1 1 1 1 1 2 2 9 11 11 16 16 16 14 14 3 4 4 0 
2 2 2 2 2 3 4 4 3 3 2 2 2 1 2 2 2 2 2 2 2 2 3 3 2 2 1 1 1 0 1 1 2 2 1 1 1 2 2 2 5 5 3 1 1 2 
2 2 2 2 2 3 4 4 3 3 2 2 2 1 2 2 2 2 2 2 2 2 3 3 2 2 1 1 1 0 1 1 2 2 1 1 1 2 2 2 5 5 3 1 1 2 
3 3 4 4 4 4 8 8 9 9 8 4 4 2 4 4 5 5 3 3 3 5 10 10 5 5 2 1 1 1 1 1 0 0 0 0 0 0 1 1 4 4 13 3 3 1 
3 3 3 2 2 3 5 5 10 10 11 7 7 5 9 9 8 8 6 5 5 6 8 8 12 12 4 4 4 3 1 1 1 1 1 2 2 3 3 3 22 22 10 10 10 0 
