assets/RAT_results/precipitation/2024-05-10_IMERG.asc
ncols        46
nrows        77
xllcorner    74.800261325624
yllcorner    8.058333333333
cellsize     0.062500000000
NODATA_value -9999
0 0 0 0 0 1 1 1 0 0 1 4 4 6 5 5 2 2 2 12 12 1 1 1 5 5 5 5 5 4 5 5 9 9 16 26 26 44 40 40 33 33 9 14 14 7 
0 0 0 0 0 0 0 0 0 0 1 2 2 2 2 2 1 1 1 2 2 1 5 5 5 5 5 5 5 4 4 4 4 4 15 11 11 10 6 6 9 9 12 4 4 5 
0 0 0 0 0 0 0 0 0 0 1 2 2 2 2 2 1 1 1 2 2 1 5 5 5 5 5 5 5 4 4 4 4 4 15 11 11 10 6 6 9 9 12 4 4 5 
0 0 0 0 0 0 0 0 0 0 0 1 1 1 1 1 2 2 3 1 1 3 6 6 5 5 5 3 3 3 3 3 5 5 6 11 11 0 0 0 4 4 2 4 4 4 
0 0 0 0 0 0 0 0 0 0 0 0 0 0 0 0 4 4 0 0 0 1 2 2 2 2 1 1 1 1 3 3 3 3 0 0 0 0 0 0 4 4 2 9 9 22 
0 0 0 0 0 0 0 0 0 0 0 0 0 0 0 0 4 4 0 0 0 1 2 2 2 2 1 1 1 1 3 3 3 3 0 0 0 0 0 0 4 4 2 9 9 22 
0 0 0 0 0 0 0 0 0 0 0 1 1 1 2 2 2 2 1 0 0 0 1 1 2 2 2 1 1 1 1 1 1 1 0 0 0 0 0 0 1 1 1 0 0 1 
0 0 0 0 0 0 0 0 0 0 0 1 1 1 2 2 2 2 1 0 0 0 1 1 2 2 2 1 1 1 1 1 1 1 0 0 0 0 0 0 1 1 1 0 0 1 
0 0 0 0 0 0 0 0 1 1 2 2 2 2 7 7 4 4 1 0 0 0 2 2 3 3 2 1 1 0 0 0 1 1 0 0 0 0 0 0 0 0 0 0 0 0 
0 0 0 0 0 0 0 0 2 2 4 2 2 1 5 5 3 3 1 0 0 0 1 1 2 2 1 0 0 0 0 0 0 0 0 0 0 0 0 0 0 0 0 0 0 0 
0 0 0 0 0 0 0 0 2 2 4 2 2 1 5 5 3 3 1 0 0 0 1 1 2 2 1 0 0 0 0 0 0 0 0 0 0 0 0 0 0 0 0 0 0 0 
0 0 0 0 0 0 0 0 1 1 1 0 0 1 2 2 1 1 0 0 0 0 0 0 0 0 0 0 0 0 0 0 0 0 0 0 0 0 0 0 0 0 1 1 1 1 
0 0 0 0 0 0 0 0 0 0 0 0 0 0 1 1 1 1 0 0 0 0 0 0 0 0 0 0 0 0 0 0 0 0 0 1 1 1 8 8 0 0 24 16 16 1 
0 0 0 0 0 0 0 0 0 0 0 0 0 0 1 1 1 1 0 0 0 0 0 0 0 0 0 0 0 0 0 0 0 0 0 1 1 1 8 8 0 0 24 16 16 1 
0 0 1 1 1 0 0 0 0 0 0 0 0 0 1 1 3 3 2 0 0 0 0 0 0 0 0 0 0 0 0 0 2 2 2 7 7 24 8 8 24 24 24 16 16 16 
0 0 1 1 1 0 0 0 0 0 0 0 0 0 1 1 3 3 2 0 0 0 0 0 0 0 0 0 0 0 0 0 2 2 2 7 7 24 8 8 24 24 24 16 16 16 
0 0 0 1 1 0 0 0 0 0 0 0 0 0 3 3 7 7 3 0 0 0 0 0 0 0 0 0 0 0 0 0 2 2 2 14 14 11 30 30 30 30 26 29 29 15 
0 0 0 0 0 0 0 0 0 0 0 0 0 0 1 1 3 3 1 0 0 0 1 1 0 0 0 0 0 0 0 0 0 0 0 8 8 16 15 15 8 8 27 30 30 15 
0 0 0 0 0 0 0 0 0 0 0 0 0 0 1 1 3 3 1 0 0 0 1 1 0 0 0 0 0 0 0 0 0 0 0 8 8 16 15 15 8 8 27 30 30 15 
0 0 0 0 0 1 1 1 0 0 0 0 0 0 0 0 0 0 0 0 0 1 2 2 1 1 0 0 0 0 0 0 0 0 1 7 7 11 9 9 12 12 12 11 11 13 
0 0 0 0 0 1 1 1 0 0 0 0 0 1 1 1 1 1 1 1 1 2 2 2 1 1 1 0 0 0 0 0 0 0 9 29 29 2 5 5 5 5 21 19 19 28 
0 0 0 0 0 1 1 1 0 0 0 0 0 1 1 1 1 1 1 1 1 2 2 2 1 1 1 0 0 0 0 0 0 0 9 29 29 2 5 5 5 5 21 19 19 28 
0 0 0 0 0 1 1 1 2 2 1 0 0 0 1 1 1 1 2 2 2 2 2 2 3 3 1 0 0 0 0 0 1 1 6 8 8 2 12 12 2 2 18 18 18 29 
0 0 0 0 0 1 1 1 2 2 1 0 0 0 1 1 1 1 2 2 2 2 2 2 3 3 1 0 0 0 0 0 1 1 6 8 8 2 12 12 2 2 18 18 18 29 
0 0 0 0 0 0 1 1 2 2 1 1 1 1 1 1 2 2 2 3 3 3 3 3 4 4 1 0 0 0 0 0 0 0 1 0 0 0 15 15 12 12 28 38 38 39 
0 0 0 0 0 0 1 1 1 1 2 3 3 1 1 1 2 2 3 3 3 3 3 3 2 2 1 1 1 7 23 23 0 0 0 0 0 0 5 5 24 24 24 39 39 40 
0 0 0 0 0 0 1 1 1 1 2 3 3 1 1 1 2 2 3 3 3 3 3 3 2 2 1 1 1 7 23 23 0 0 0 0 0 0 5 5 24 24 24 39 39 40 
0 0 0 0 0 0 2 2 1 1 2 4 4 1 1 1 1 1 2 3 3 3 3 3 2 2 1 1 1 4 3 3 0 0 0 1 1 0 5 5 24 24 24 37 37 13 
0 0 0 0 0 0 2 2 2 2 2 3 3 3 2 2 1 1 1 2 2 2 2 2 2 2 2 1 1 1 1 1 1 1 1 1 1 2 3 3 8 8 6 6 6 1 
0 0 0 0 0 0 2 2 2 2 2 3 3 3 2 2 1 1 1 2 2 2 2 2 2 2 2 1 1 1 1 1 1 1 1 1 1 2 3 3 8 8 6 6 6 1 
0 0 0 0 0 0 1 1 1 1 1 2 2 2 2 2 1 1 1 2 2 2 2 2 3 3 3 3 3 2 2 2 2 2 3 1 1 2 3 3 10 10 6 6 6 2 
0 0 0 0 0 0 1 1 1 1 1 2 2 2 2 2 1 1 1 2 2 2 2 2 3 3 3 3 3 2 2 2 2 2 3 1 1 2 3 3 10 10 6 6 6 2 
0 0 0 1 1 3 3 3 1 1 2 2 2 2 2 2 2 2 3 3 3 3 4 4 4 4 5 4 4 5 6 6 4 4 3 2 2 2 9 9 9 9 8 8 8 2 
1 1 1 1 1 3 3 3 2 2 3 3 3 2 2 2 3 3 3 4 4 5 5 5 5 5 6 5 5 5 7 7 3 3 3 2 2 1 2 2 2 2 3 8 8 0 
1 1 1 1 1 3 3 3 2 2 3 3 3 2 2 2 3 3 3 4 4 5 5 5 5 5 6 5 5 5 7 7 3 3 3 2 2 1 2 2 2 2 3 8 8 0 
1 1 1 1 1 2 2 2 3 3 3 2 2 2 3 3 3 3 2 3 3 4 4 4 4 4 4 4 4 5 5 5 3 3 3 2 2 1 2 2 2 2 3 0 0 0 
1 1 1 1 1 1 2 2 2 2 4 4 4 4 5 5 4 4 4 3 3 3 3 3 3 3 3 4 4 4 8 8 4 4 3 2 2 1 2 2 2 2 1 1 1 1 
1 1 1 1 1 1 2 2 2 2 4 4 4 4 5 5 4 4 4 3 3 3 3 3 3 3 3 4 4 4 8 8 4 4 3 2 2 1 2 2 2 2 1 1 1 1 
1 1 1 1 1 1 1 1 1 1 2 3 3 3 5 5 5 5 5 4 4 5 4 4 4 4 4 3 3 4 6 6 3 3 3 4 4 5 4 4 5 5 2 2 2 8 
1 1 1 1 1 1 1 1 1 1 2 3 3 3 5 5 5 5 5 4 4 5 4 4 4 4 4 3 3 4 6 6 3 3 3 4 4 5 4 4 5 5 2 2 2 8 
1 1 1 1 1 1 1 1 2 2 2 2 2 3 4 4 6 6 8 5 5 7 6 6 9 9 6 4 4 4 3 3 8 8 11 4 4 9 6 6 5 5 11 17 17 34 
1 1 1 1 1 1 2 2 3 3 4 4 4 4 5 5 4 4 5 4 4 5 4 4 4 4 4 3 3 3 3 3 5 5 9 10 10 13 15 15 13 13 22 31 31 30 
1 1 1 1 1 1 2 2 3 3 4 4 4 4 5 5 4 4 5 4 4 5 4 4 4 4 4 3 3 3 3 3 5 5 9 10 10 13 15 15 13 13 22 31 31 30 
1 1 1 1 1 1 3 3 5 5 7 9 9 9 7 7 5 5 4 3 3 3 4 4 4 4 4 3 3 3 3 3 2 2 2 7 7 11 16 16 9 9 21 27 27 34 
1 1 1 1 1 2 4 4 7 7 11 14 14 13 11 11 6 6 9 7 7 3 3 3 4 4 6 5 5 10 8 8 4 4 3 2 2 4 3 3 7 7 8 13 13 18 
1 1 1 1 1 2 4 4 7 7 11 14 14 13 11 11 6 6 9 7 7 3 3 3 4 4 6 5 5 10 8 8 4 4 3 2 2 4 3 3 7 7 8 13 13 18 
1 1 1 1 1 2 4 4 8 8 11 13 13 12 8 8 16 16 7 7 7 12 13 13 12 12 5 6 6 13 10 10 9 9 4 4 4 2 2 2 6 6 6 11 11 102 
1 1 1 1 1 2 4 4 8 8 11 13 13 12 8 8 16 16 7 7 7 12 13 13 12 12 5 6 6 13 10 10 9 9 4 4 4 2 2 2 6 6 6 11 11 102 
1 1 1 1 1 2 5 5 10 10 13 10 10 9 8 8 19 19 17 49 49 30 16 16 13 13 29 43 43 45 51 51 24 24 24 7 7 2 2 2 3 3 11 30 30 112 
0 0 1 1 1 1 3 3 5 5 7 6 6 4 4 4 18 18 19 24 24 34 14 14 29 29 28 54 54 50 56 56 26 26 26 7 7 3 3 3 5 5 34 85 85 131 
0 0 1 1 1 1 3 3 5 5 7 6 6 4 4 4 18 18 19 24 24 34 14 14 29 29 28 54 54 50 56 56 26 26 26 7 7 3 3 3 5 5 34 85 85 131 
1 1 1 1 1 1 2 2 3 3 7 4 4 3 3 3 15 15 16 36 36 24 11 11 29 29 29 54 54 94 96 96 57 57 42 41 41 20 23 23 17 17 47 98 98 125 
1 1 1 1 1 1 2 2 2 2 3 3 3 3 10 10 10 10 12 19 19 9 11 11 12 12 43 49 49 58 62 62 60 60 53 41 41 20 22 22 24 24 76 72 72 61 
1 1 1 1 1 1 2 2 2 2 3 3 3 3 10 10 10 10 12 19 19 9 11 11 12 12 43 49 49 58 62 62 60 60 53 41 41 20 22 22 24 24 76 72 72 61 
1 1 1 1 1 1 2 2 2 2 2 2 2 3 10 10 9 9 11 26 26 5 5 5 5 5 12 45 45 54 55 55 52 52 50 49 49 42 32 32 26 26 24 39 39 20 
1 1 1 1 1 1 2 2 2 2 2 2 2 3 10 10 9 9 11 26 26 5 5 5 5 5 12 45 45 54 55 55 52 52 50 49 49 42 32 32 26 26 24 39 39 20 
1 1 1 1 1 1 3 3 2 2 2 2 2 2 9 9 9 9 11 16 16 10 4 4 3 3 9 10 10 20 29 29 28 28 23 52 52 25 12 12 22 22 5 6 6 2 
1 1 1 1 1 1 3 3 2 2 2 2 2 3 11 11 11 11 11 9 9 3 3 3 2 2 2 3 3 3 3 3 28 28 23 13 13 16 5 5 1 1 1 1 1 1 
1 1 1 1 1 1 3 3 2 2 2 2 2 3 11 11 11 11 11 9 9 3 3 3 2 2 2 3 3 3 3 3 28 28 23 13 13 16 5 5 1 1 1 1 1 1 
1 1 1 1 1 1 2 2 2 2 2 3 3 15 14 14 11 11 11 11 11 3 6 6 4 4 2 4 4 4 3 3 3 3 3 1 1 1 0 0 0 0 0 0 0 1 
1 1 1 1 1 1 3 3 2 2 2 3 3 14 14 14 14 14 14 2 2 2 4 4 3 3 2 2 2 3 3 3 3 3 2 1 1 1 1 1 1 1 1 1 1 2 
1 1 1 1 1 1 3 3 2 2 2 3 3 14 14 14 14 14 14 2 2 2 4 4 3 3 2 2 2 3 3 3 3 3 2 1 1 1 1 1 1 1 1 1 1 2 
1 1 1 2 2 3 5 5 3 3 4 4 4 11 11 11 12 12 16 4 4 5 4 4 3 3 1 1 1 1 2 2 2 2 1 1 1 1 2 2 2 2 2 1 1 1 
1 1 1 2 2 3 5 5 3 3 4 4 4 11 11 11 12 12 16 4 4 5 4 4 3 3 1 1 1 1 2 2 2 2 1 1 1 1 2 2 2 2 2 1 1 1 
1 1 1 2 2 3 5 5 7 7 5 4 4 5 12 12 13 13 14 5 5 6 6 6 4 4 2 1 1 1 1 1 1 1 1 1 1 2 3 3 2 2 2 1 1 1 
1 1 1 3 3 3 4 4 4 4 4 5 5 5 6 6 7 7 8 7 7 7 6 6 5 5 3 1 1 0 0 0 0 0 1 1 1 2 4 4 1 1 1 1 1 0 
1 1 1 3 3 3 4 4 4 4 4 5 5 5 6 6 7 7 8 7 7 7 6 6 5 5 3 1 1 0 0 0 0 0 1 1 1 2 4 4 1 1 1 1 1 0 
1 1 1 3 3 6 5 5 4 4 4 4 4 4 4 4 6 6 7 8 8 8 6 6 5 5 2 1 1 0 0 0 1 1 2 3 3 2 1 1 1 1 0 0 0 0 
1 1 1 2 2 3 4 4 4 4 4 4 4 4 5 5 6 6 7 6 6 7 4 4 3 3 2 1 1 1 1 1 2 2 3 3 3 3 3 3 2 2 0 0 0 1 
1 1 1 2 2 3 4 4 4 4 4 4 4 4 5 5 6 6 7 6 6 7 4 4 3 3 2 1 1 1 1 1 2 2 3 3 3 3 3 3 2 2 0 0 0 1 
1 1 1 2 2 2 3 3 3 3 3 4 4 5 8 8 9 9 8 6 6 5 3 3 3 3 2 1 1 1 49 49 1 1 2 2 2 4 5 5 2 2 3 0 0 1 
1 1 1 2 2 2 3 3 3 3 3 4 4 5 8 8 9 9 8 6 6 5 3 3 3 3 2 1 1 1 49 49 1 1 2 2 2 4 5 5 2 2 3 0 0 1 
0 0 1 1 1 1 2 2 2 2 3 3 3 4 5 5 5 5 5 4 4 3 2 2 2 2 2 2 2 1 48 48 1 1 4 4 4 5 4 4 3 3 1 1 1 0 
0 0 1 1 1 1 1 1 2 2 2 3 3 3 4 4 3 3 3 3 3 3 2 2 41 41 42 156 156 99 98 98 1 1 2 2 2 4 4 4 3 3 1 1 1 0 
0 0 1 1 1 1 1 1 2 2 2 3 3 3 4 4 3 3 3 3 3 3 2 2 41 41 42 156 156 99 98 98 1 1 2 2 2 4 4 4 3 3 1 1 1 0 
1 1 1 1 1 1 1 1 1 1 2 2 2 3 3 3 3 3 2 2 2 4 3 3 28 28 40 59 59 95 95 95 1 1 1 1 1 1 1 1 1 1 1 0 0 0 
1 1 1 1 1 1 1 1 1 1 2 2 2 3 3 3 3 3 2 2 2 2 3 3 27 27 53 57 57 48 1 1 1 1 1 1 1 4 1 1 0 0 0 0 0 0 
