assets/RAT_results/precipitation/2024-07-29_IMERG.asc
ncols        46
nrows        77
xllcorner    74.800261325624
yllcorner    8.058333333333
cellsize     0.062500000000
NODATA_value -9999
34 34 52 62 62 74 83 83 71 71 66 106 106 94 94 94 50 50 26 17 17 4 4 4 8 8 4 0 0 2 2 2 3 3 3 4 4 7 5 5 3 3 2 3 3 2 
58 58 52 49 49 48 59 59 62 62 64 90 90 93 61 61 43 43 40 12 12 3 2 2 2 2 5 1 1 2 4 4 1 1 3 5 5 6 5 5 2 2 2 3 3 1 
58 58 52 49 49 48 59 59 62 62 64 90 90 93 61 61 43 43 40 12 12 3 2 2 2 2 5 1 1 2 4 4 1 1 3 5 5 6 5 5 2 2 2 3 3 1 
35 35 41 48 48 47 43 43 47 47 62 69 69 73 45 45 49 49 29 26 26 3 2 2 4 4 3 3 3 2 4 4 2 2 3 5 5 5 6 6 4 4 5 4 4 2 
26 26 28 35 35 48 36 36 36 36 52 61 61 63 46 46 45 45 26 12 12 7 5 5 2 2 1 2 2 4 3 3 3 3 3 3 3 6 3 3 3 3 6 6 6 5 
26 26 28 35 35 48 36 36 36 36 52 61 61 63 46 46 45 45 26 12 12 7 5 5 2 2 1 2 2 4 3 3 3 3 3 3 3 6 3 3 3 3 6 6 6 5 
14 14 32 45 45 56 70 70 60 60 67 66 66 45 42 42 29 29 20 13 13 10 6 6 6 6 2 3 3 4 5 5 2 2 3 4 4 4 2 2 2 2 5 7 7 8 
14 14 32 45 45 56 70 70 60 60 67 66 66 45 42 42 29 29 20 13 13 10 6 6 6 6 2 3 3 4 5 5 2 2 3 4 4 4 2 2 2 2 5 7 7 8 
33 33 31 66 66 69 60 60 55 55 57 50 50 58 51 51 41 41 23 25 25 19 16 16 15 15 5 5 5 6 5 5 4 4 4 4 4 4 3 3 3 3 5 9 9 8 
60 60 49 76 76 83 76 76 71 71 74 72 72 82 69 69 59 59 44 32 32 35 28 28 16 16 17 13 13 9 9 9 6 6 7 1 1 2 3 3 3 3 5 6 6 9 
60 60 49 76 76 83 76 76 71 71 74 72 72 82 69 69 59 59 44 32 32 35 28 28 16 16 17 13 13 9 9 9 6 6 7 1 1 2 3 3 3 3 5 6 6 9 
132 132 120 152 152 131 96 96 85 85 109 113 113 108 118 118 95 95 86 79 79 82 73 73 50 50 35 27 27 20 18 18 17 17 13 4 4 4 4 4 2 2 3 3 3 2 
157 157 165 116 116 137 128 128 125 125 134 142 142 136 126 126 114 114 99 75 75 78 69 69 43 43 33 28 28 36 31 31 20 20 14 6 6 8 8 8 6 6 5 4 4 2 
157 157 165 116 116 137 128 128 125 125 134 142 142 136 126 126 114 114 99 75 75 78 69 69 43 43 33 28 28 36 31 31 20 20 14 6 6 8 8 8 6 6 5 4 4 2 
177 177 185 121 121 120 185 185 141 141 152 171 171 130 119 119 114 114 94 67 67 65 43 43 37 37 35 29 29 19 25 25 13 13 12 8 8 9 8 8 6 6 7 4 4 2 
177 177 185 121 121 120 185 185 141 141 152 171 171 130 119 119 114 114 94 67 67 65 43 43 37 37 35 29 29 19 25 25 13 13 12 8 8 9 8 8 6 6 7 4 4 2 
205 205 136 165 165 124 170 170 164 164 136 137 137 134 115 115 106 106 108 84 84 65 49 49 44 44 37 36 36 20 13 13 19 19 14 12 12 12 10 10 9 9 7 4 4 3 
193 193 218 194 194 134 127 127 163 163 171 206 206 177 176 176 135 135 127 86 86 97 70 70 47 47 49 48 48 34 30 30 31 31 19 15 15 15 13 13 11 11 8 5 5 4 
193 193 218 194 194 134 127 127 163 163 171 206 206 177 176 176 135 135 127 86 86 97 70 70 47 47 49 48 48 34 30 30 31 31 19 15 15 15 13 13 11 11 8 5 5 4 
155 155 200 227 227 187 119 119 125 125 231 199 199 190 198 198 162 162 153 149 149 122 86 86 74 74 79 69 69 49 28 28 31 31 25 20 20 19 17 17 11 11 6 4 4 3 
149 149 187 198 198 196 169 169 131 131 156 253 253 261 198 198 170 170 169 175 175 138 134 134 112 112 93 74 74 76 68 68 51 51 45 26 26 23 18 18 13 13 5 5 5 3 
149 149 187 198 198 196 169 169 131 131 156 253 253 261 198 198 170 170 169 175 175 138 134 134 112 112 93 74 74 76 68 68 51 51 45 26 26 23 18 18 13 13 5 5 5 3 
130 130 194 167 167 183 181 181 141 141 140 231 231 226 209 209 179 179 183 175 175 166 153 153 117 117 108 86 86 57 48 48 41 41 37 15 15 27 21 21 5 5 4 4 4 3 
130 130 194 167 167 183 181 181 141 141 140 231 231 226 209 209 179 179 183 175 175 166 153 153 117 117 108 86 86 57 48 48 41 41 37 15 15 27 21 21 5 5 4 4 4 3 
136 136 185 154 154 133 137 137 159 159 157 153 153 275 200 200 182 182 178 169 169 191 169 169 150 150 100 77 77 63 54 54 40 40 37 18 18 14 18 18 10 10 5 4 4 3 
136 136 161 154 154 126 130 130 150 150 122 123 123 203 184 184 188 188 195 179 179 141 151 151 123 123 111 96 96 87 68 68 47 47 40 37 37 24 19 19 12 12 5 4 4 3 
136 136 161 154 154 126 130 130 150 150 122 123 123 203 184 184 188 188 195 179 179 141 151 151 123 123 111 96 96 87 68 68 47 47 40 37 37 24 19 19 12 12 5 4 4 3 
54 54 114 135 135 153 141 141 192 192 194 149 149 130 188 188 168 168 172 179 179 152 153 153 121 121 119 116 116 98 90 90 53 53 44 44 44 24 22 22 16 16 8 6 6 4 
31 31 55 69 69 85 96 96 143 143 146 123 123 144 106 106 142 142 147 201 201 166 162 162 143 143 120 104 104 87 76 76 52 52 47 46 46 30 25 25 22 22 11 8 8 5 
31 31 55 69 69 85 96 96 143 143 146 123 123 144 106 106 142 142 147 201 201 166 162 162 143 143 120 104 104 87 76 76 52 52 47 46 46 30 25 25 22 22 11 8 8 5 
21 21 26 35 35 34 52 52 57 57 77 70 70 97 113 113 162 162 160 157 157 176 152 152 119 119 106 103 103 85 80 80 60 60 46 44 44 24 15 15 17 17 11 7 7 5 
21 21 26 35 35 34 52 52 57 57 77 70 70 97 113 113 162 162 160 157 157 176 152 152 119 119 106 103 103 85 80 80 60 60 46 44 44 24 15 15 17 17 11 7 7 5 
15 15 19 23 23 26 35 35 30 30 43 51 51 74 83 83 167 167 158 176 176 156 147 147 139 139 110 90 90 81 76 76 59 59 48 38 38 23 13 13 14 14 9 10 10 5 
15 15 17 18 18 19 24 24 23 23 27 38 38 49 78 78 143 143 165 211 211 175 169 169 149 149 109 109 109 92 83 83 69 69 56 28 28 24 15 15 13 13 9 8 8 8 
15 15 17 18 18 19 24 24 23 23 27 38 38 49 78 78 143 143 165 211 211 175 169 169 149 149 109 109 109 92 83 83 69 69 56 28 28 24 15 15 13 13 9 8 8 8 
15 15 17 19 19 20 24 24 26 26 31 38 38 52 60 60 78 78 138 183 183 219 177 177 171 171 175 149 149 130 113 113 103 103 63 45 45 35 17 17 11 11 9 10 10 7 
18 18 20 22 22 24 26 26 29 29 33 36 36 41 50 50 60 60 143 153 153 178 215 215 169 169 195 193 193 159 149 149 131 131 76 61 61 44 22 22 17 17 16 13 13 12 
18 18 20 22 22 24 26 26 29 29 33 36 36 41 50 50 60 60 143 153 153 178 215 215 169 169 195 193 193 159 149 149 131 131 76 61 61 44 22 22 17 17 16 13 13 12 
20 20 22 26 26 26 29 29 31 31 33 32 32 29 29 29 52 52 117 131 131 152 190 190 170 170 194 177 177 171 171 171 192 192 109 87 87 72 32 32 25 25 15 14 14 14 
20 20 22 26 26 26 29 29 31 31 33 32 32 29 29 29 52 52 117 131 131 152 190 190 170 170 194 177 177 171 171 171 192 192 109 87 87 72 32 32 25 25 15 14 14 14 
19 19 22 21 21 22 21 21 26 26 25 28 28 28 31 31 46 46 59 96 96 132 140 140 146 146 140 152 152 177 165 165 157 157 102 70 70 67 45 45 25 25 17 14 14 14 
23 23 25 25 25 30 29 29 29 29 27 24 24 37 29 29 36 36 44 72 72 100 109 109 121 121 138 131 131 133 137 137 143 143 113 71 71 62 45 45 20 20 15 11 11 12 
23 23 25 25 25 30 29 29 29 29 27 24 24 37 29 29 36 36 44 72 72 100 109 109 121 121 138 131 131 133 137 137 143 143 113 71 71 62 45 45 20 20 15 11 11 12 
29 29 32 35 35 33 30 30 29 29 26 24 24 39 32 32 38 38 41 55 55 94 98 98 110 110 112 114 114 121 131 131 110 110 93 53 53 44 38 38 23 23 19 15 15 14 
29 29 31 36 36 39 40 40 39 39 33 30 30 35 34 34 27 27 35 50 50 78 85 85 94 94 111 108 108 108 117 117 99 99 95 53 53 42 37 37 27 27 23 16 16 11 
29 29 31 36 36 39 40 40 39 39 33 30 30 35 34 34 27 27 35 50 50 78 85 85 94 94 111 108 108 108 117 117 99 99 95 53 53 42 37 37 27 27 23 16 16 11 
35 35 36 37 37 39 40 40 38 38 37 34 34 32 35 35 26 26 28 37 37 54 127 127 124 124 119 121 121 116 134 134 83 83 82 62 62 49 30 30 18 18 15 8 8 3 
35 35 36 37 37 39 40 40 38 38 37 34 34 32 35 35 26 26 28 37 37 54 127 127 124 124 119 121 121 116 134 134 83 83 82 62 62 49 30 30 18 18 15 8 8 3 
45 45 41 40 40 41 46 46 46 46 44 40 40 40 42 42 32 32 38 29 29 60 98 98 101 101 91 106 106 101 102 102 77 77 73 63 63 32 21 21 14 14 4 2 2 3 
55 55 49 52 52 49 47 47 47 47 44 38 38 37 42 42 39 39 37 28 28 53 70 70 75 75 89 96 96 80 70 70 55 55 49 42 42 28 22 22 14 14 2 1 1 1 
55 55 49 52 52 49 47 47 47 47 44 38 38 37 42 42 39 39 37 28 28 53 70 70 75 75 89 96 96 80 70 70 55 55 49 42 42 28 22 22 14 14 2 1 1 1 
52 52 51 53 53 56 53 53 54 54 57 45 45 33 43 43 23 23 21 23 23 41 96 96 50 50 52 53 53 55 57 57 48 48 44 30 30 24 20 20 13 13 5 1 1 2 
52 52 50 53 53 57 55 55 56 56 51 48 48 44 38 38 13 13 11 13 13 11 24 24 47 47 48 51 51 53 62 62 55 55 41 29 29 33 22 22 16 16 8 3 3 4 
52 52 50 53 53 57 55 55 56 56 51 48 48 44 38 38 13 13 11 13 13 11 24 24 47 47 48 51 51 53 62 62 55 55 41 29 29 33 22 22 16 16 8 3 3 4 
34 34 41 44 44 48 52 52 47 47 45 56 56 67 48 48 15 15 9 13 13 15 22 22 39 39 38 41 41 47 53 53 64 64 67 75 75 47 29 29 22 22 12 4 4 4 
34 34 41 44 44 48 52 52 47 47 45 56 56 67 48 48 15 15 9 13 13 15 22 22 39 39 38 41 41 47 53 53 64 64 67 75 75 47 29 29 22 22 12 4 4 4 
34 34 41 43 43 48 50 50 44 44 34 47 47 74 28 28 12 12 11 15 15 14 20 20 35 35 35 38 38 47 53 53 52 52 54 73 73 56 30 30 24 24 15 3 3 2 
27 27 32 37 37 41 44 44 34 34 31 29 29 63 28 28 11 11 11 19 19 19 20 20 33 33 39 46 46 45 53 53 56 56 62 64 64 55 38 38 22 22 14 6 6 2 
27 27 32 37 37 41 44 44 34 34 31 29 29 63 28 28 11 11 11 19 19 19 20 20 33 33 39 46 46 45 53 53 56 56 62 64 64 55 38 38 22 22 14 6 6 2 
26 26 29 37 37 37 38 38 33 33 29 33 33 44 54 54 44 44 36 34 34 32 29 29 28 28 41 42 42 59 47 47 44 44 47 57 57 45 31 31 15 15 13 6 6 3 
20 20 22 24 24 24 24 24 22 22 24 29 29 46 56 56 34 34 32 38 38 36 35 35 23 23 33 42 42 37 44 44 36 36 42 52 52 48 33 33 22 22 11 5 5 3 
20 20 22 24 24 24 24 24 22 22 24 29 29 46 56 56 34 34 32 38 38 36 35 35 23 23 33 42 42 37 44 44 36 36 42 52 52 48 33 33 22 22 11 5 5 3 
17 17 17 20 20 20 21 21 19 19 20 22 22 43 46 46 28 28 28 31 31 37 23 23 14 14 16 35 35 38 33 33 35 35 33 32 32 35 30 30 24 24 12 8 8 4 
17 17 17 20 20 20 21 21 19 19 20 22 22 43 46 46 28 28 28 31 31 37 23 23 14 14 16 35 35 38 33 33 35 35 33 32 32 35 30 30 24 24 12 8 8 4 
11 11 11 14 14 15 16 16 15 15 14 18 18 27 36 36 22 22 24 28 28 37 43 43 18 18 17 45 45 46 50 50 37 37 31 29 29 30 21 21 16 16 12 8 8 4 
7 7 9 9 9 9 9 9 11 11 11 12 12 12 12 12 13 13 10 10 10 18 25 25 15 15 22 23 23 40 42 42 45 45 38 36 36 27 23 23 14 14 11 11 11 3 
7 7 9 9 9 9 9 9 11 11 11 12 12 12 12 12 13 13 10 10 10 18 25 25 15 15 22 23 23 40 42 42 45 45 38 36 36 27 23 23 14 14 11 11 11 3 
4 4 5 5 5 5 4 4 5 5 4 5 5 7 8 8 8 8 10 12 12 16 23 23 28 28 24 21 21 40 52 52 57 57 57 54 54 29 23 23 24 24 18 14 14 2 
3 3 2 3 3 2 2 2 2 2 2 3 3 3 4 4 4 4 7 11 11 17 26 26 27 27 21 30 30 24 45 45 56 56 69 74 74 49 37 37 24 24 16 12 12 2 
3 3 2 3 3 2 2 2 2 2 2 3 3 3 4 4 4 4 7 11 11 17 26 26 27 27 21 30 30 24 45 45 56 56 69 74 74 49 37 37 24 24 16 12 12 2 
1 1 1 1 1 1 1 1 1 1 2 2 2 3 3 3 4 4 4 8 8 14 21 21 17 17 37 38 38 33 23 23 38 38 49 50 50 41 39 39 31 31 20 12 12 8 
1 1 1 1 1 1 1 1 1 1 2 2 2 3 3 3 4 4 4 8 8 14 21 21 17 17 37 38 38 33 23 23 38 38 49 50 50 41 39 39 31 31 20 12 12 8 
1 1 1 1 1 1 1 1 2 2 2 4 4 4 5 5 4 4 5 6 6 13 15 15 23 23 53 70 70 21 18 18 23 23 38 36 36 36 44 44 31 31 23 10 10 5 
3 3 2 2 2 2 2 2 3 3 4 6 6 8 8 8 8 8 8 8 8 12 20 20 22 22 57 38 38 17 15 15 21 21 24 31 31 36 28 28 31 31 19 9 9 8 
3 3 2 2 2 2 2 2 3 3 4 6 6 8 8 8 8 8 8 8 8 12 20 20 22 22 57 38 38 17 15 15 21 21 24 31 31 36 28 28 31 31 19 9 9 8 
4 4 4 3 3 3 3 3 4 4 7 12 12 16 24 24 23 23 21 24 24 23 20 20 23 23 26 20 20 21 15 15 14 14 18 13 13 27 28 28 22 22 24 13 13 9 
2 2 2 2 2 3 4 4 8 8 13 20 20 26 29 29 30 30 28 27 27 27 26 26 23 23 22 18 18 15 18 18 13 13 17 13 13 13 12 12 18 18 29 7 7 5 
