assets/RAT_results/precipitation/2024-10-24_IMERG.asc
ncols        46
nrows        77
xllcorner    74.800261325624
yllcorner    8.058333333333
cellsize     0.062500000000
NODATA_value -9999
4 4 6 6 6 7 10 10 9 9 11 15 15 1 2 2 5 5 12 3 3 0 0 0 0 0 0 1 1 2 6 6 5 5 4 2 2 2 3 3 1 1 1 0 0 0 
5 5 5 7 7 10 5 5 4 4 5 13 13 13 6 6 6 6 6 2 2 0 0 0 0 0 0 1 1 4 6 6 6 6 4 3 3 4 5 5 5 5 2 2 2 2 
5 5 5 7 7 10 5 5 4 4 5 13 13 13 6 6 6 6 6 2 2 0 0 0 0 0 0 1 1 4 6 6 6 6 4 3 3 4 5 5 5 5 2 2 2 2 
8 8 8 8 8 9 6 6 2 2 14 17 17 13 7 7 5 5 1 0 0 2 0 0 0 0 0 2 2 3 5 5 8 8 7 5 5 4 5 5 2 2 2 1 1 1 
2 2 2 2 2 1 1 1 1 1 1 5 5 6 4 4 0 0 1 0 0 1 2 2 0 0 0 1 1 2 4 4 6 6 5 2 2 3 2 2 1 1 1 1 1 3 
2 2 2 2 2 1 1 1 1 1 1 5 5 6 4 4 0 0 1 0 0 1 2 2 0 0 0 1 1 2 4 4 6 6 5 2 2 3 2 2 1 1 1 1 1 3 
1 1 1 4 4 1 1 1 0 0 5 0 0 2 6 6 2 2 1 0 0 0 0 0 0 0 0 0 0 2 2 2 4 4 0 0 0 0 1 1 1 1 1 1 1 4 
1 1 1 4 4 1 1 1 0 0 5 0 0 2 6 6 2 2 1 0 0 0 0 0 0 0 0 0 0 2 2 2 4 4 0 0 0 0 1 1 1 1 1 1 1 4 
0 0 0 1 1 1 1 1 7 7 54 29 29 3 29 29 3 3 1 0 0 0 1 1 2 2 2 0 0 0 0 0 0 0 0 1 1 1 1 1 1 1 1 1 1 5 
0 0 0 2 2 2 4 4 5 5 15 26 26 4 21 21 6 6 3 0 0 2 1 1 0 0 0 1 1 1 0 0 0 0 1 1 1 2 1 1 1 1 2 2 2 4 
0 0 0 2 2 2 4 4 5 5 15 26 26 4 21 21 6 6 3 0 0 2 1 1 0 0 0 1 1 1 0 0 0 0 1 1 1 2 1 1 1 1 2 2 2 4 
0 0 0 1 1 1 3 3 5 5 5 6 6 11 10 10 5 5 6 0 0 1 0 0 0 0 1 2 2 1 0 0 1 1 1 2 2 2 2 2 3 3 4 6 6 5 
0 0 0 0 0 0 3 3 7 7 6 10 10 9 8 8 6 6 1 0 0 2 0 0 0 0 2 3 3 4 2 2 2 2 2 5 5 2 1 1 5 5 8 12 12 4 
0 0 0 0 0 0 3 3 7 7 6 10 10 9 8 8 6 6 1 0 0 2 0 0 0 0 2 3 3 4 2 2 2 2 2 5 5 2 1 1 5 5 8 12 12 4 
0 0 0 0 0 0 1 1 5 5 6 9 9 19 19 19 9 9 1 2 2 0 0 0 1 1 3 3 3 6 3 3 5 5 4 5 5 6 2 2 4 4 9 6 6 5 
0 0 0 0 0 0 1 1 5 5 6 9 9 19 19 19 9 9 1 2 2 0 0 0 1 1 3 3 3 6 3 3 5 5 4 5 5 6 2 2 4 4 9 6 6 5 
0 0 0 0 0 0 0 0 1 1 4 7 7 10 12 12 16 16 10 3 3 2 4 4 2 2 3 4 4 5 7 7 6 6 4 8 8 4 2 2 3 3 6 5 5 7 
0 0 0 1 1 0 0 0 2 2 4 5 5 6 7 7 7 7 8 4 4 5 4 4 7 7 5 6 6 3 8 8 5 5 5 3 3 3 2 2 2 2 2 5 5 3 
0 0 0 1 1 0 0 0 2 2 4 5 5 6 7 7 7 7 8 4 4 5 4 4 7 7 5 6 6 3 8 8 5 5 5 3 3 3 2 2 2 2 2 5 5 3 
0 0 0 0 0 0 1 1 1 1 0 1 1 3 4 4 14 14 5 3 3 4 5 5 1 1 3 2 2 2 5 5 3 3 0 2 2 2 3 3 1 1 1 1 1 1 
1 1 0 0 0 0 0 0 0 0 3 3 3 4 7 7 19 19 5 1 1 1 6 6 1 1 1 2 2 4 3 3 1 1 1 1 1 2 3 3 1 1 1 1 1 1 
1 1 0 0 0 0 0 0 0 0 3 3 3 4 7 7 19 19 5 1 1 1 6 6 1 1 1 2 2 4 3 3 1 1 1 1 1 2 3 3 1 1 1 1 1 1 
1 1 1 1 1 1 1 1 1 1 0 1 1 4 9 9 10 10 6 8 8 9 30 30 5 5 5 7 7 4 3 3 2 2 2 1 1 3 4 4 5 5 4 2 2 2 
1 1 1 1 1 1 1 1 1 1 0 1 1 4 9 9 10 10 6 8 8 9 30 30 5 5 5 7 7 4 3 3 2 2 2 1 1 3 4 4 5 5 4 2 2 2 
0 0 0 0 0 1 1 1 1 1 0 0 0 4 7 7 3 3 3 10 10 20 30 30 10 10 6 6 6 3 2 2 3 3 4 3 3 5 7 7 6 6 4 2 2 3 
0 0 0 0 0 0 0 0 0 0 0 0 0 1 4 4 3 3 5 8 8 20 15 15 10 10 6 5 5 4 2 2 2 2 3 4 4 5 7 7 6 6 3 4 4 3 
0 0 0 0 0 0 0 0 0 0 0 0 0 1 4 4 3 3 5 8 8 20 15 15 10 10 6 5 5 4 2 2 2 2 3 4 4 5 7 7 6 6 3 4 4 3 
0 0 0 0 0 0 0 0 0 0 0 0 0 0 1 1 2 2 3 7 7 10 9 9 13 13 12 10 10 6 2 2 2 2 2 3 3 4 5 5 5 5 4 4 4 3 
0 0 0 0 0 0 1 1 1 1 0 0 0 0 0 0 2 2 2 2 2 5 8 8 13 13 13 8 8 6 3 3 2 2 1 1 1 2 3 3 4 4 4 4 4 4 
0 0 0 0 0 0 1 1 1 1 0 0 0 0 0 0 2 2 2 2 2 5 8 8 13 13 13 8 8 6 3 3 2 2 1 1 1 2 3 3 4 4 4 4 4 4 
1 1 2 1 1 2 1 1 1 1 1 1 1 1 1 1 2 2 2 5 5 7 8 8 13 13 10 6 6 8 11 11 4 4 2 2 2 3 3 3 3 3 3 4 4 4 
1 1 2 1 1 2 1 1 1 1 1 1 1 1 1 1 2 2 2 5 5 7 8 8 13 13 10 6 6 8 11 11 4 4 2 2 2 3 3 3 3 3 3 4 4 4 
2 2 2 2 2 3 2 2 1 1 1 1 1 1 1 1 5 5 4 6 6 4 8 8 7 7 5 4 4 5 16 16 14 14 1 2 2 3 3 3 3 3 3 3 3 6 
2 2 2 3 3 3 2 2 3 3 3 4 4 5 6 6 7 7 8 7 7 8 6 6 2 2 1 1 1 6 25 25 4 4 1 1 1 2 3 3 2 2 3 5 5 7 
2 2 2 3 3 3 2 2 3 3 3 4 4 5 6 6 7 7 8 7 7 8 6 6 2 2 1 1 1 6 25 25 4 4 1 1 1 2 3 3 2 2 3 5 5 7 
2 2 2 3 3 4 4 4 5 5 6 9 9 8 8 8 11 11 11 9 9 11 7 7 8 8 6 5 5 9 5 5 1 1 1 2 2 2 2 2 1 1 2 3 3 6 
2 2 2 3 3 4 5 5 6 6 8 8 8 10 10 10 13 13 15 12 12 12 13 13 6 6 9 9 9 5 3 3 2 2 1 2 2 2 1 1 1 1 1 2 2 3 
2 2 2 3 3 4 5 5 6 6 8 8 8 10 10 10 13 13 15 12 12 12 13 13 6 6 9 9 9 5 3 3 2 2 1 2 2 2 1 1 1 1 1 2 2 3 
1 1 1 3 3 4 4 4 4 4 6 7 7 9 10 10 14 14 16 13 13 14 14 14 9 9 9 7 7 5 5 5 5 5 3 4 4 3 2 2 1 1 1 1 1 2 
1 1 1 3 3 4 4 4 4 4 6 7 7 9 10 10 14 14 16 13 13 14 14 14 9 9 9 7 7 5 5 5 5 5 3 4 4 3 2 2 1 1 1 1 1 2 
0 0 0 0 0 2 2 2 3 3 6 6 6 9 10 10 10 10 14 14 14 15 14 14 7 7 7 6 6 5 6 6 3 3 5 11 11 5 3 3 2 2 2 3 3 5 
1 1 1 1 1 1 1 1 2 2 4 5 5 7 8 8 9 9 8 12 12 12 9 9 6 6 4 4 4 4 3 3 3 3 8 10 10 7 7 7 8 8 6 7 7 9 
1 1 1 1 1 1 1 1 2 2 4 5 5 7 8 8 9 9 8 12 12 12 9 9 6 6 4 4 4 4 3 3 3 3 8 10 10 7 7 7 8 8 6 7 7 9 
1 1 0 0 0 0 0 0 1 1 2 3 3 4 5 5 6 6 5 6 6 8 8 8 6 6 5 2 2 3 4 4 5 5 8 10 10 11 11 11 7 7 9 9 9 15 
1 1 1 1 1 1 1 1 1 1 1 1 1 2 3 3 3 3 2 3 3 4 6 6 7 7 4 3 3 5 12 12 5 5 6 9 9 11 11 11 10 10 11 12 12 16 
1 1 1 1 1 1 1 1 1 1 1 1 1 2 3 3 3 3 2 3 3 4 6 6 7 7 4 3 3 5 12 12 5 5 6 9 9 11 11 11 10 10 11 12 12 16 
5 5 4 4 4 4 1 1 1 1 1 1 1 1 2 2 2 2 2 1 1 2 3 3 6 6 4 4 4 4 5 5 4 4 4 8 8 7 8 8 9 9 10 12 12 17 
5 5 4 4 4 4 1 1 1 1 1 1 1 1 2 2 2 2 2 1 1 2 3 3 6 6 4 4 4 4 5 5 4 4 4 8 8 7 8 8 9 9 10 12 12 17 
17 17 5 5 5 3 2 2 2 2 2 3 3 3 2 2 2 2 2 2 2 2 2 2 6 6 6 6 6 4 4 4 5 5 8 10 10 6 6 6 8 8 9 14 14 30 
20 20 24 10 10 7 5 5 5 5 4 6 6 3 3 3 3 3 2 2 2 4 9 9 12 12 9 4 4 3 3 3 8 8 11 6 6 4 3 3 4 4 5 6 6 14 
20 20 24 10 10 7 5 5 5 5 4 6 6 3 3 3 3 3 2 2 2 4 9 9 12 12 9 4 4 3 3 3 8 8 11 6 6 4 3 3 4 4 5 6 6 14 
41 41 18 14 14 9 11 11 12 12 16 18 18 43 9 9 10 10 10 10 10 15 13 13 12 12 8 8 8 2 2 2 6 6 7 5 5 4 2 2 2 2 2 3 3 7 
33 33 16 15 15 15 12 12 13 13 22 32 32 60 16 16 14 14 17 15 15 18 16 16 9 9 8 9 9 3 2 2 5 5 6 6 6 4 1 1 1 1 2 1 1 1 
33 33 16 15 15 15 12 12 13 13 22 32 32 60 16 16 14 14 17 15 15 18 16 16 9 9 8 9 9 3 2 2 5 5 6 6 6 4 1 1 1 1 2 1 1 1 
20 20 17 14 14 11 9 9 8 8 13 17 17 14 8 8 5 5 5 4 4 4 3 3 0 0 8 5 5 3 3 3 4 4 7 4 4 3 1 1 0 0 0 0 0 0 
20 20 17 14 14 11 9 9 8 8 13 17 17 14 8 8 5 5 5 4 4 4 3 3 0 0 8 5 5 3 3 3 4 4 7 4 4 3 1 1 0 0 0 0 0 0 
22 22 16 11 11 7 6 6 5 5 6 8 8 11 5 5 4 4 3 2 2 2 3 3 1 1 3 4 4 3 3 3 4 4 4 3 3 2 1 1 0 0 0 0 0 0 
23 23 16 11 11 7 8 8 7 7 6 7 7 8 4 4 3 3 2 2 2 1 0 0 1 1 2 4 4 5 5 5 3 3 3 2 2 2 0 0 0 0 0 0 0 0 
23 23 16 11 11 7 8 8 7 7 6 7 7 8 4 4 3 3 2 2 2 1 0 0 1 1 2 4 4 5 5 5 3 3 3 2 2 2 0 0 0 0 0 0 0 0 
26 26 16 14 14 10 8 8 7 7 7 9 9 6 6 6 4 4 1 3 3 1 3 3 3 3 3 3 3 4 5 5 4 4 4 2 2 2 1 1 0 0 1 1 1 1 
31 31 16 16 16 9 7 7 7 7 8 9 9 7 8 8 7 7 20 20 20 26 25 25 12 12 13 8 8 10 7 7 6 6 3 2 2 1 0 0 0 0 0 1 1 2 
31 31 16 16 16 9 7 7 7 7 8 9 9 7 8 8 7 7 20 20 20 26 25 25 12 12 13 8 8 10 7 7 6 6 3 2 2 1 0 0 0 0 0 1 1 2 
29 29 18 15 15 10 9 9 8 8 7 9 9 9 12 12 12 12 21 29 29 49 43 43 14 14 16 10 10 8 11 11 14 14 3 2 2 1 1 1 0 0 0 1 1 2 
29 29 18 15 15 10 9 9 8 8 7 9 9 9 12 12 12 12 21 29 29 49 43 43 14 14 16 10 10 8 11 11 14 14 3 2 2 1 1 1 0 0 0 1 1 2 
33 33 23 16 16 19 19 19 12 12 10 14 14 12 19 19 19 19 28 33 33 31 23 23 12 12 10 11 11 8 13 13 14 14 7 4 4 3 2 2 1 1 0 1 1 3 
43 43 29 23 23 37 41 41 29 29 20 22 22 19 32 32 25 25 24 20 20 30 29 29 17 17 11 8 8 17 19 19 15 15 10 7 7 5 2 2 1 1 1 1 1 3 
43 43 29 23 23 37 41 41 29 29 20 22 22 19 32 32 25 25 24 20 20 30 29 29 17 17 11 8 8 17 19 19 15 15 10 7 7 5 2 2 1 1 1 1 1 3 
68 68 42 35 35 63 66 66 44 44 34 35 35 33 35 35 30 30 30 20 20 18 17 17 15 15 14 17 17 23 22 22 23 23 17 13 13 7 5 5 6 6 5 5 5 5 
76 76 48 44 44 66 85 85 64 64 71 74 74 41 37 37 31 31 33 23 23 20 16 16 20 20 28 30 30 27 32 32 24 24 21 17 17 13 12 12 14 14 13 11 11 8 
76 76 48 44 44 66 85 85 64 64 71 74 74 41 37 37 31 31 33 23 23 20 16 16 20 20 28 30 30 27 32 32 24 24 21 17 17 13 12 12 14 14 13 11 11 8 
89 89 61 61 61 82 93 93 82 82 85 64 64 31 28 28 26 26 33 28 28 26 19 19 24 24 26 25 25 32 32 32 35 35 28 26 26 19 22 22 29 29 25 16 16 11 
89 89 61 61 61 82 93 93 82 82 85 64 64 31 28 28 26 26 33 28 28 26 19 19 24 24 26 25 25 32 32 32 35 35 28 26 26 19 22 22 29 29 25 16 16 11 
90 90 65 62 62 82 80 80 83 83 71 50 50 30 28 28 32 32 41 38 38 38 29 29 52 52 63 38 38 38 38 38 37 37 62 59 59 44 43 43 36 36 29 16 16 9 
84 84 64 61 61 80 69 69 65 65 50 40 40 35 32 32 42 42 52 48 48 43 41 41 60 60 64 54 54 56 76 76 46 46 54 65 65 52 54 54 51 51 37 20 20 10 
84 84 64 61 61 80 69 69 65 65 50 40 40 35 32 32 42 42 52 48 48 43 41 41 60 60 64 54 54 56 76 76 46 46 54 65 65 52 54 54 51 51 37 20 20 10 
72 72 66 61 61 74 66 66 57 57 39 33 33 36 33 33 40 40 47 51 51 48 40 40 44 44 37 47 47 49 74 74 76 76 117 111 111 101 80 80 47 47 26 22 22 15 
66 66 55 50 50 63 58 58 49 49 27 29 29 33 33 33 34 34 34 36 36 31 28 28 31 31 49 45 45 53 56 56 161 161 165 94 94 89 68 68 66 66 26 19 19 12 
