assets/RAT_results/precipitation/2024-08-11_IMERG.asc
ncols        46
nrows        77
xllcorner    74.800261325624
yllcorner    8.058333333333
cellsize     0.062500000000
NODATA_value -9999
5 5 7 3 3 2 3 3 4 4 5 3 3 3 4 4 5 5 3 2 2 2 1 1 2 2 3 2 2 2 5 5 8 8 11 13 13 15 18 18 20 20 19 25 25 24 
9 9 11 9 9 8 6 6 6 6 5 5 5 4 5 5 5 5 3 3 3 2 3 3 4 4 4 3 3 4 6 6 10 10 10 14 14 18 18 18 23 23 35 32 32 26 
9 9 11 9 9 8 6 6 6 6 5 5 5 4 5 5 5 5 3 3 3 2 3 3 4 4 4 3 3 4 6 6 10 10 10 14 14 18 18 18 23 23 35 32 32 26 
14 14 12 14 14 14 9 9 11 11 16 14 14 12 8 8 5 5 3 3 3 4 6 6 7 7 5 4 4 4 8 8 10 10 9 13 13 15 16 16 22 22 40 49 49 46 
13 13 15 11 11 9 8 8 9 9 21 35 35 26 10 10 4 4 3 4 4 7 11 11 12 12 7 5 5 6 8 8 9 9 12 12 12 18 22 22 26 26 42 53 53 66 
13 13 15 11 11 9 8 8 9 9 21 35 35 26 10 10 4 4 3 4 4 7 11 11 12 12 7 5 5 6 8 8 9 9 12 12 12 18 22 22 26 26 42 53 53 66 
12 12 15 17 17 12 8 8 8 8 25 30 30 25 11 11 10 10 8 9 9 17 42 42 26 26 5 4 4 5 6 6 9 9 14 14 14 20 27 27 25 25 37 57 57 62 
12 12 15 17 17 12 8 8 8 8 25 30 30 25 11 11 10 10 8 9 9 17 42 42 26 26 5 4 4 5 6 6 9 9 14 14 14 20 27 27 25 25 37 57 57 62 
10 10 16 18 18 20 15 15 13 13 22 30 30 22 15 15 14 14 13 17 17 18 24 24 12 12 8 6 6 7 11 11 12 12 15 17 17 23 27 27 27 27 53 64 64 81 
9 9 4 23 23 17 12 12 9 9 10 14 14 13 16 16 14 14 14 17 17 19 14 14 12 12 12 10 10 10 12 12 13 13 20 26 26 31 32 32 40 40 90 38 38 52 
9 9 4 23 23 17 12 12 9 9 10 14 14 13 16 16 14 14 14 17 17 19 14 14 12 12 12 10 10 10 12 12 13 13 20 26 26 31 32 32 40 40 90 38 38 52 
6 6 4 6 6 11 10 10 6 6 8 17 17 16 32 32 20 20 16 15 15 18 15 15 18 18 15 15 15 12 18 18 23 23 27 31 31 57 34 34 44 44 41 50 50 51 
6 6 8 7 7 7 9 9 8 8 8 11 11 15 28 28 37 37 49 19 19 15 11 11 15 15 18 17 17 18 34 34 35 35 38 38 38 51 36 36 41 41 38 40 40 41 
6 6 8 7 7 7 9 9 8 8 8 11 11 15 28 28 37 37 49 19 19 15 11 11 15 15 18 17 17 18 34 34 35 35 38 38 38 51 36 36 41 41 38 40 40 41 
8 8 8 4 4 3 11 11 11 11 11 11 11 12 20 20 20 20 20 21 21 22 23 23 17 17 18 19 19 24 57 57 42 42 40 48 48 41 37 37 38 38 41 50 50 72 
8 8 8 4 4 3 11 11 11 11 11 11 11 12 20 20 20 20 20 21 21 22 23 23 17 17 18 19 19 24 57 57 42 42 40 48 48 41 37 37 38 38 41 50 50 72 
8 8 9 6 6 6 5 5 15 15 17 26 26 26 28 28 34 34 15 22 22 24 24 24 24 24 19 16 16 16 20 20 26 26 47 53 53 49 44 44 40 40 36 38 38 60 
8 8 9 6 6 6 4 4 9 9 28 45 45 44 35 35 34 34 37 34 34 32 34 34 41 41 15 16 16 32 20 20 28 28 48 45 45 41 30 30 23 23 26 43 43 74 
8 8 9 6 6 6 4 4 9 9 28 45 45 44 35 35 34 34 37 34 34 32 34 34 41 41 15 16 16 32 20 20 28 28 48 45 45 41 30 30 23 23 26 43 43 74 
3 3 6 7 7 11 5 5 5 5 17 44 44 79 47 47 36 36 44 43 43 34 39 39 24 24 13 10 10 14 16 16 22 22 33 38 38 27 23 23 23 23 23 44 44 73 
2 2 3 6 6 9 10 10 7 7 11 32 32 41 37 37 38 38 47 43 43 37 20 20 20 20 17 15 15 22 16 16 18 18 25 31 31 24 24 24 23 23 20 36 36 40 
2 2 3 6 6 9 10 10 7 7 11 32 32 41 37 37 38 38 47 43 43 37 20 20 20 20 17 15 15 22 16 16 18 18 25 31 31 24 24 24 23 23 20 36 36 40 
4 4 2 4 4 7 7 7 9 9 11 32 32 36 40 40 39 39 36 38 38 35 24 24 19 19 27 22 22 23 17 17 23 23 21 35 35 31 26 26 21 21 21 21 21 24 
4 4 2 4 4 7 7 7 9 9 11 32 32 36 40 40 39 39 36 38 38 35 24 24 19 19 27 22 22 23 17 17 23 23 21 35 35 31 26 26 21 21 21 21 21 24 
4 4 4 4 4 4 6 6 7 7 10 23 23 34 44 44 33 33 31 22 22 22 21 21 19 19 28 24 24 18 27 27 35 35 32 38 38 37 52 52 38 38 46 26 26 54 
5 5 7 6 6 3 4 4 5 5 3 5 5 19 21 21 18 18 15 16 16 18 18 18 22 22 29 41 41 46 52 52 33 33 36 32 32 30 49 49 39 39 34 42 42 60 
5 5 7 6 6 3 4 4 5 5 3 5 5 19 21 21 18 18 15 16 16 18 18 18 22 22 29 41 41 46 52 52 33 33 36 32 32 30 49 49 39 39 34 42 42 60 
4 4 9 12 12 3 4 4 6 6 1 3 3 7 13 13 15 15 14 14 14 17 24 24 24 24 24 33 33 52 51 51 49 49 52 42 42 33 25 25 24 24 15 13 13 16 
3 3 5 12 12 5 6 6 4 4 1 2 2 2 2 2 15 15 15 16 16 20 27 27 26 26 28 36 36 47 47 47 59 59 57 48 48 29 15 15 21 21 8 9 9 12 
3 3 5 12 12 5 6 6 4 4 1 2 2 2 2 2 15 15 15 16 16 20 27 27 26 26 28 36 36 47 47 47 59 59 57 48 48 29 15 15 21 21 8 9 9 12 
2 2 4 5 5 9 7 7 5 5 1 1 1 2 3 3 15 15 14 16 16 19 16 16 31 31 32 40 40 44 56 56 61 61 48 11 11 13 8 8 8 8 2 3 3 3 
2 2 4 5 5 9 7 7 5 5 1 1 1 2 3 3 15 15 14 16 16 19 16 16 31 31 32 40 40 44 56 56 61 61 48 11 11 13 8 8 8 8 2 3 3 3 
2 2 4 4 4 8 8 8 5 5 1 1 1 1 2 2 10 10 18 14 14 16 22 22 30 30 43 45 45 62 60 60 51 51 26 10 10 9 6 6 5 5 13 5 5 5 
1 1 2 2 2 2 3 3 3 3 1 1 1 2 2 2 4 4 15 16 16 16 20 20 23 23 28 34 34 39 30 30 32 32 28 15 15 14 13 13 12 12 9 6 6 13 
1 1 2 2 2 2 3 3 3 3 1 1 1 2 2 2 4 4 15 16 16 16 20 20 23 23 28 34 34 39 30 30 32 32 28 15 15 14 13 13 12 12 9 6 6 13 
1 1 1 1 1 1 2 2 3 3 3 3 3 1 2 2 6 6 21 22 22 24 30 30 28 28 36 36 36 37 32 32 19 19 18 15 15 15 16 16 16 16 15 10 10 21 
1 1 1 1 1 1 1 1 3 3 3 3 3 2 4 4 8 8 17 29 29 28 45 45 38 38 44 29 29 29 25 25 18 18 17 19 19 20 19 19 18 18 20 38 38 65 
1 1 1 1 1 1 1 1 3 3 3 3 3 2 4 4 8 8 17 29 29 28 45 45 38 38 44 29 29 29 25 25 18 18 17 19 19 20 19 19 18 18 20 38 38 65 
0 0 1 1 1 1 1 1 1 1 1 3 3 5 2 2 10 10 14 35 35 43 50 50 48 48 52 34 34 28 24 24 21 21 16 17 17 8 9 9 20 20 19 26 26 76 
0 0 1 1 1 1 1 1 1 1 1 3 3 5 2 2 10 10 14 35 35 43 50 50 48 48 52 34 34 28 24 24 21 21 16 17 17 8 9 9 20 20 19 26 26 76 
0 0 1 1 1 1 1 1 1 1 2 10 10 12 4 4 8 8 6 28 28 36 48 48 43 43 30 30 30 31 30 30 27 27 35 24 24 14 10 10 20 20 37 34 34 43 
0 0 1 1 1 4 1 1 1 1 2 4 4 6 17 17 3 3 9 23 23 30 34 34 32 32 25 22 22 23 26 26 27 27 29 20 20 13 13 13 18 18 53 41 41 40 
0 0 1 1 1 4 1 1 1 1 2 4 4 6 17 17 3 3 9 23 23 30 34 34 32 32 25 22 22 23 26 26 27 27 29 20 20 13 13 13 18 18 53 41 41 40 
0 0 0 1 1 3 2 2 1 1 2 2 2 2 4 4 2 2 1 5 5 19 32 32 33 33 23 24 24 21 31 31 29 29 36 34 34 17 23 23 30 30 102 88 88 118 
0 0 0 1 1 2 2 2 1 1 2 2 2 1 1 1 1 1 1 1 1 9 22 22 30 30 26 20 20 23 26 26 37 37 36 20 20 22 50 50 49 49 54 78 78 95 
0 0 0 1 1 2 2 2 1 1 2 2 2 1 1 1 1 1 1 1 1 9 22 22 30 30 26 20 20 23 26 26 37 37 36 20 20 22 50 50 49 49 54 78 78 95 
0 0 0 0 0 1 1 1 1 1 1 1 1 1 1 1 1 1 1 2 2 5 8 8 21 21 24 22 22 28 30 30 43 43 46 48 48 46 61 61 69 69 54 86 86 54 
0 0 0 0 0 1 1 1 1 1 1 1 1 1 1 1 1 1 1 2 2 5 8 8 21 21 24 22 22 28 30 30 43 43 46 48 48 46 61 61 69 69 54 86 86 54 
0 0 1 0 0 1 1 1 1 1 1 1 1 1 1 1 1 1 1 2 2 5 9 9 18 18 23 22 22 28 33 33 41 41 60 57 57 64 47 47 53 53 39 34 34 47 
0 0 0 0 0 1 1 1 1 1 1 1 1 1 1 1 0 0 1 4 4 3 9 9 16 16 19 20 20 25 29 29 36 36 51 60 60 67 51 51 46 46 36 56 56 62 
0 0 0 0 0 1 1 1 1 1 1 1 1 1 1 1 0 0 1 4 4 3 9 9 16 16 19 20 20 25 29 29 36 36 51 60 60 67 51 51 46 46 36 56 56 62 
0 0 0 0 0 1 1 1 1 1 1 1 1 1 1 1 0 0 1 3 3 2 9 9 14 14 16 17 17 20 25 25 36 36 34 23 23 40 44 44 41 41 18 35 35 9 
0 0 0 0 0 1 2 2 2 2 2 1 1 1 1 1 1 1 2 2 2 2 5 5 12 12 13 12 12 15 19 19 21 21 28 24 24 32 30 30 32 32 44 57 57 25 
0 0 0 0 0 1 2 2 2 2 2 1 1 1 1 1 1 1 2 2 2 2 5 5 12 12 13 12 12 15 19 19 21 21 28 24 24 32 30 30 32 32 44 57 57 25 
1 1 1 1 1 1 2 2 2 2 3 2 2 4 2 2 5 5 4 4 4 4 9 9 17 17 17 18 18 17 17 17 27 27 21 16 16 23 25 25 22 22 19 15 15 23 
1 1 1 1 1 1 2 2 2 2 3 2 2 4 2 2 5 5 4 4 4 4 9 9 17 17 17 18 18 17 17 17 27 27 21 16 16 23 25 25 22 22 19 15 15 23 
1 1 1 1 1 1 3 3 6 6 6 5 5 8 9 9 4 4 4 5 5 4 10 10 24 24 18 16 16 13 10 10 15 15 8 12 12 24 28 28 19 19 15 14 14 6 
0 0 0 1 1 1 3 3 7 7 6 5 5 1 4 4 2 2 1 3 3 4 5 5 17 17 19 16 16 19 15 15 14 14 10 12 12 31 16 16 31 31 77 8 8 10 
0 0 0 1 1 1 3 3 7 7 6 5 5 1 4 4 2 2 1 3 3 4 5 5 17 17 19 16 16 19 15 15 14 14 10 12 12 31 16 16 31 31 77 8 8 10 
0 0 1 1 1 2 3 3 7 7 4 3 3 1 1 1 1 1 1 4 4 8 7 7 9 9 17 20 20 19 19 19 15 15 8 10 10 11 10 10 16 16 17 37 37 10 
1 1 2 2 2 4 4 4 8 8 7 2 2 1 0 0 1 1 1 5 5 6 7 7 8 8 13 18 18 13 13 13 12 12 7 9 9 11 23 23 15 15 24 84 84 7 
1 1 2 2 2 4 4 4 8 8 7 2 2 1 0 0 1 1 1 5 5 6 7 7 8 8 13 18 18 13 13 13 12 12 7 9 9 11 23 23 15 15 24 84 84 7 
0 0 2 2 2 4 6 6 8 8 7 2 2 2 0 0 1 1 3 8 8 9 12 12 11 11 9 26 26 21 10 10 7 7 25 3 3 12 34 34 48 48 15 13 13 9 
0 0 2 2 2 4 6 6 8 8 7 2 2 2 0 0 1 1 3 8 8 9 12 12 11 11 9 26 26 21 10 10 7 7 25 3 3 12 34 34 48 48 15 13 13 9 
0 0 2 2 2 4 5 5 6 6 8 3 3 3 0 0 1 1 2 4 4 4 5 5 7 7 7 11 11 20 7 7 8 8 26 12 12 60 31 31 38 38 20 14 14 6 
0 0 0 0 0 1 4 4 5 5 7 3 3 1 1 1 1 1 2 2 2 3 2 2 2 2 3 1 1 6 5 5 6 6 16 5 5 12 10 10 14 14 14 3 3 3 
0 0 0 0 0 1 4 4 5 5 7 3 3 1 1 1 1 1 2 2 2 3 2 2 2 2 3 1 1 6 5 5 6 6 16 5 5 12 10 10 14 14 14 3 3 3 
0 0 0 0 0 0 3 3 4 4 4 3 3 2 1 1 1 1 2 1 1 2 1 1 1 1 2 2 2 1 3 3 6 6 6 4 4 4 3 3 2 2 1 3 3 5 
1 1 0 0 0 0 1 1 1 1 1 4 4 6 4 4 2 2 1 1 1 2 0 0 1 1 1 1 1 1 1 1 5 5 5 2 2 2 3 3 2 2 1 2 2 4 
1 1 0 0 0 0 1 1 1 1 1 4 4 6 4 4 2 2 1 1 1 2 0 0 1 1 1 1 1 1 1 1 5 5 5 2 2 2 3 3 2 2 1 2 2 4 
0 0 0 0 0 0 1 1 1 1 1 2 2 2 2 2 1 1 1 1 1 1 0 0 0 0 0 1 1 0 0 0 2 2 8 4 4 6 15 15 14 14 3 0 0 1 
0 0 0 0 0 0 1 1 1 1 1 2 2 2 2 2 1 1 1 1 1 1 0 0 0 0 0 1 1 0 0 0 2 2 8 4 4 6 15 15 14 14 3 0 0 1 
0 0 0 0 0 0 1 1 0 0 0 0 0 2 0 0 0 0 0 0 0 1 2 2 0 0 0 0 0 0 0 0 5 5 8 6 6 5 8 8 9 9 0 0 0 0 
0 0 1 0 0 0 0 0 0 0 0 1 1 2 1 1 1 1 0 0 0 0 2 2 0 0 0 0 0 0 0 0 0 0 0 2 2 3 8 8 1 1 0 0 0 0 
0 0 1 0 0 0 0 0 0 0 0 1 1 2 1 1 1 1 0 0 0 0 2 2 0 0 0 0 0 0 0 0 0 0 0 2 2 3 8 8 1 1 0 0 0 0 
3 3 3 1 1 0 0 0 1 1 3 4 4 3 4 4 3 3 1 1 1 1 1 1 0 0 0 0 0 1 0 0 1 1 1 1 1 1 10 10 7 7 6 2 2 0 
3 3 3 2 2 1 2 2 6 6 4 6 6 3 4 4 5 5 2 2 2 1 1 1 2 2 2 1 1 1 1 1 1 1 1 1 1 0 0 0 0 0 2 0 0 0 
