assets/RAT_results/precipitation/2024-07-31_IMERG.asc
ncols        46
nrows        77
xllcorner    74.800261325624
yllcorner    8.058333333333
cellsize     0.062500000000
NODATA_value -9999
111 111 125 115 115 129 90 90 78 78 65 87 87 84 78 78 46 46 14 9 9 1 1 1 1 1 0 0 0 0 0 0 0 0 1 3 3 3 13 13 9 9 4 4 4 3 
98 98 99 77 77 92 83 83 91 91 69 82 82 89 80 80 34 34 19 8 8 1 1 1 0 0 0 1 1 0 1 1 1 1 2 5 5 8 14 14 15 15 14 7 7 3 
98 98 99 77 77 92 83 83 91 91 69 82 82 89 80 80 34 34 19 8 8 1 1 1 0 0 0 1 1 0 1 1 1 1 2 5 5 8 14 14 15 15 14 7 7 3 
92 92 75 85 85 122 75 75 82 82 72 95 95 82 64 64 42 42 18 9 9 7 1 1 1 1 1 1 1 1 2 2 1 1 3 5 5 8 15 15 13 13 8 5 5 2 
108 108 115 106 106 113 79 79 73 73 77 64 64 68 70 70 59 59 36 12 12 5 2 2 2 2 2 1 1 1 2 2 2 2 5 7 7 10 12 12 10 10 6 3 3 2 
108 108 115 106 106 113 79 79 73 73 77 64 64 68 70 70 59 59 36 12 12 5 2 2 2 2 2 1 1 1 2 2 2 2 5 7 7 10 12 12 10 10 6 3 3 2 
70 70 127 118 118 131 110 110 82 82 73 44 44 51 46 46 35 35 24 20 20 9 2 2 3 3 1 2 2 2 2 2 3 3 4 6 6 9 5 5 4 4 4 2 2 1 
70 70 127 118 118 131 110 110 82 82 73 44 44 51 46 46 35 35 24 20 20 9 2 2 3 3 1 2 2 2 2 2 3 3 4 6 6 9 5 5 4 4 4 2 2 1 
83 83 125 101 101 114 93 93 77 77 75 72 72 54 52 52 62 62 28 24 24 14 5 5 4 4 6 2 2 2 2 2 3 3 3 4 4 5 5 5 5 5 4 2 2 1 
71 71 74 93 93 91 105 105 98 98 80 73 73 62 65 65 80 80 43 17 17 16 13 13 9 9 12 8 8 5 5 5 4 4 5 5 5 5 6 6 5 5 3 2 2 1 
71 71 74 93 93 91 105 105 98 98 80 73 73 62 65 65 80 80 43 17 17 16 13 13 9 9 12 8 8 5 5 5 4 4 5 5 5 5 6 6 5 5 3 2 2 1 
96 96 85 125 125 103 108 108 78 78 69 71 71 59 74 74 91 91 52 36 36 32 32 32 19 19 14 13 13 7 7 7 7 7 8 6 6 10 9 9 7 7 4 3 3 2 
72 72 87 83 83 115 98 98 88 88 66 82 82 65 78 78 84 84 70 36 36 36 34 34 22 22 19 18 18 13 9 9 10 10 10 8 8 13 17 17 12 12 7 4 4 2 
72 72 87 83 83 115 98 98 88 88 66 82 82 65 78 78 84 84 70 36 36 36 34 34 22 22 19 18 18 13 9 9 10 10 10 8 8 13 17 17 12 12 7 4 4 2 
63 63 77 77 77 55 87 87 94 94 82 82 82 72 76 76 59 59 47 37 37 27 40 40 29 29 16 21 21 14 12 12 12 12 14 12 12 19 19 19 10 10 6 4 4 3 
63 63 77 77 77 55 87 87 94 94 82 82 82 72 76 76 59 59 47 37 37 27 40 40 29 29 16 21 21 14 12 12 12 12 14 12 12 19 19 19 10 10 6 4 4 3 
44 44 46 45 45 50 65 65 79 79 70 101 101 78 58 58 50 50 38 36 36 33 29 29 18 18 15 27 27 22 22 22 15 15 12 25 25 19 18 18 7 7 6 5 5 3 
35 35 39 42 42 33 43 43 66 66 86 86 86 77 64 64 56 56 46 47 47 47 42 42 30 30 30 35 35 53 38 38 39 39 27 22 22 19 17 17 15 15 11 6 6 5 
35 35 39 42 42 33 43 43 66 66 86 86 86 77 64 64 56 56 46 47 47 47 42 42 30 30 30 35 35 53 38 38 39 39 27 22 22 19 17 17 15 15 11 6 6 5 
32 32 41 41 41 42 43 43 42 42 78 104 104 101 72 72 57 57 51 53 53 54 44 44 28 28 39 37 37 47 46 46 44 44 47 41 41 41 32 32 14 14 11 4 4 5 
33 33 36 45 45 43 36 36 42 42 54 96 96 81 63 63 56 56 50 42 42 37 36 36 43 43 47 56 56 88 84 84 85 85 60 50 50 47 25 25 16 16 11 6 6 6 
33 33 36 45 45 43 36 36 42 42 54 96 96 81 63 63 56 56 50 42 42 37 36 36 43 43 47 56 56 88 84 84 85 85 60 50 50 47 25 25 16 16 11 6 6 6 
34 34 40 47 47 43 44 44 45 45 45 73 73 61 66 66 64 64 55 49 49 48 47 47 48 48 47 58 58 56 56 56 47 47 50 56 56 49 27 27 21 21 15 9 9 5 
34 34 40 47 47 43 44 44 45 45 45 73 73 61 66 66 64 64 55 49 49 48 47 47 48 48 47 58 58 56 56 56 47 47 50 56 56 49 27 27 21 21 15 9 9 5 
38 38 44 44 44 43 40 40 52 52 34 38 38 67 88 88 82 82 76 70 70 53 53 53 43 43 42 55 55 51 55 55 54 54 47 54 54 39 26 26 21 21 9 5 5 3 
31 31 36 42 42 34 23 23 32 32 24 40 40 65 66 66 84 84 73 74 74 85 62 62 45 45 60 60 60 49 52 52 38 38 28 31 31 47 28 28 9 9 7 4 4 0 
31 31 36 42 42 34 23 23 32 32 24 40 40 65 66 66 84 84 73 74 74 85 62 62 45 45 60 60 60 49 52 52 38 38 28 31 31 47 28 28 9 9 7 4 4 0 
27 27 27 28 28 19 15 15 20 20 23 26 26 32 52 52 58 58 66 65 65 52 58 58 52 52 42 38 38 38 33 33 20 20 18 20 20 7 7 7 6 6 2 2 2 0 
30 30 32 31 31 28 18 18 21 21 23 20 20 25 26 26 37 37 41 32 32 29 29 29 25 25 26 19 19 9 8 8 6 6 5 6 6 2 1 1 0 0 1 0 0 0 
30 30 32 31 31 28 18 18 21 21 23 20 20 25 26 26 37 37 41 32 32 29 29 29 25 25 26 19 19 9 8 8 6 6 5 6 6 2 1 1 0 0 1 0 0 0 
35 35 34 36 36 35 28 28 19 19 16 17 17 17 22 22 40 40 42 27 27 21 17 17 10 10 10 10 10 11 9 9 8 8 7 5 5 3 1 1 0 0 0 0 0 0 
35 35 34 36 36 35 28 28 19 19 16 17 17 17 22 22 40 40 42 27 27 21 17 17 10 10 10 10 10 11 9 9 8 8 7 5 5 3 1 1 0 0 0 0 0 0 
39 39 37 38 38 38 28 28 21 21 16 19 19 21 23 23 47 47 34 35 35 30 26 26 17 17 14 9 9 7 6 6 7 7 5 7 7 10 5 5 0 0 0 0 0 0 
40 40 48 43 43 37 27 27 23 23 13 19 19 22 20 20 36 36 39 34 34 35 33 33 22 22 15 9 9 7 5 5 6 6 6 10 10 12 8 8 3 3 1 1 1 1 
40 40 48 43 43 37 27 27 23 23 13 19 19 22 20 20 36 36 39 34 34 35 33 33 22 22 15 9 9 7 5 5 6 6 6 10 10 12 8 8 3 3 1 1 1 1 
49 49 69 88 88 41 32 32 20 20 13 13 13 21 18 18 31 31 30 30 30 30 32 32 16 16 10 7 7 5 3 3 7 7 14 13 13 15 10 10 9 9 5 4 4 2 
62 62 76 85 85 103 40 40 28 28 17 25 25 29 16 16 21 21 23 23 23 25 16 16 16 16 15 17 17 15 34 34 30 30 27 23 23 16 10 10 9 9 8 6 6 5 
62 62 76 85 85 103 40 40 28 28 17 25 25 29 16 16 21 21 23 23 23 25 16 16 16 16 15 17 17 15 34 34 30 30 27 23 23 16 10 10 9 9 8 6 6 5 
50 50 71 106 106 112 116 116 41 41 33 41 41 43 14 14 16 16 23 16 16 14 11 11 11 11 12 23 23 28 36 36 43 43 28 23 23 15 9 9 10 10 8 8 8 6 
50 50 71 106 106 112 116 116 41 41 33 41 41 43 14 14 16 16 23 16 16 14 11 11 11 11 12 23 23 28 36 36 43 43 28 23 23 15 9 9 10 10 8 8 8 6 
44 44 58 89 89 124 131 131 102 102 53 76 76 60 12 12 18 18 23 15 15 16 18 18 20 20 22 32 32 38 41 41 37 37 29 17 17 16 14 14 11 11 8 6 6 6 
44 44 53 68 68 88 101 101 76 76 79 67 67 44 30 30 23 23 28 16 16 20 21 21 26 26 25 28 28 20 19 19 20 20 20 15 15 12 13 13 10 10 7 5 5 7 
44 44 53 68 68 88 101 101 76 76 79 67 67 44 30 30 23 23 28 16 16 20 21 21 26 26 25 28 28 20 19 19 20 20 20 15 15 12 13 13 10 10 7 5 5 7 
47 47 54 67 67 74 99 99 110 110 95 67 67 41 41 41 25 25 18 16 16 20 27 27 27 27 29 24 24 33 36 36 25 25 22 12 12 10 10 10 7 7 7 6 6 6 
52 52 69 75 75 71 66 66 68 68 57 49 49 49 62 62 40 40 37 16 16 21 26 26 29 29 38 43 43 39 34 34 31 31 22 11 11 6 5 5 5 5 5 5 5 5 
52 52 69 75 75 71 66 66 68 68 57 49 49 49 62 62 40 40 37 16 16 21 26 26 29 29 38 43 43 39 34 34 31 31 22 11 11 6 5 5 5 5 5 5 5 5 
72 72 75 71 71 70 66 66 60 60 58 53 53 59 60 60 59 59 46 31 31 19 33 33 34 34 62 61 61 40 21 21 17 17 14 10 10 6 6 6 2 2 2 1 1 2 
72 72 75 71 71 70 66 66 60 60 58 53 53 59 60 60 59 59 46 31 31 19 33 33 34 34 62 61 61 40 21 21 17 17 14 10 10 6 6 6 2 2 2 1 1 2 
86 86 87 84 84 76 71 71 66 66 60 56 56 61 57 57 56 56 42 32 32 24 30 30 41 41 39 35 35 26 17 17 11 11 9 6 6 5 2 2 1 1 0 1 1 2 
70 70 73 74 74 76 68 68 67 67 65 64 64 61 51 51 44 44 35 29 29 28 38 38 32 32 27 17 17 15 13 13 8 8 6 6 6 2 1 1 1 1 3 1 1 1 
70 70 73 74 74 76 68 68 67 67 65 64 64 61 51 51 44 44 35 29 29 28 38 38 32 32 27 17 17 15 13 13 8 8 6 6 6 2 1 1 1 1 3 1 1 1 
60 60 62 60 60 66 56 56 64 64 63 58 58 64 54 54 44 44 34 28 28 21 27 27 21 21 21 13 13 14 11 11 7 7 5 2 2 1 1 1 0 0 0 0 0 0 
52 52 52 54 54 52 58 58 52 52 57 57 57 63 57 57 49 49 37 26 26 21 18 18 21 21 20 17 17 10 8 8 5 5 3 2 2 2 1 1 0 0 0 0 0 0 
52 52 52 54 54 52 58 58 52 52 57 57 57 63 57 57 49 49 37 26 26 21 18 18 21 21 20 17 17 10 8 8 5 5 3 2 2 2 1 1 0 0 0 0 0 0 
42 42 37 41 41 43 45 45 53 53 46 47 47 49 44 44 38 38 30 27 27 19 19 19 23 23 19 14 14 11 7 7 4 4 4 4 4 4 5 5 6 6 2 0 0 0 
42 42 37 41 41 43 45 45 53 53 46 47 47 49 44 44 38 38 30 27 27 19 19 19 23 23 19 14 14 11 7 7 4 4 4 4 4 4 5 5 6 6 2 0 0 0 
33 33 31 34 34 35 38 38 42 42 42 40 40 45 43 43 40 40 38 28 28 20 23 23 22 22 21 18 18 16 9 9 9 9 4 7 7 6 5 5 2 2 1 1 1 0 
23 23 26 26 26 30 30 30 34 34 34 37 37 41 42 42 40 40 39 36 36 24 23 23 30 30 22 17 17 15 9 9 4 4 2 1 1 2 2 2 1 1 1 1 1 0 
23 23 26 26 26 30 30 30 34 34 34 37 37 41 42 42 40 40 39 36 36 24 23 23 30 30 22 17 17 15 9 9 4 4 2 1 1 2 2 2 1 1 1 1 1 0 
17 17 19 23 23 22 25 25 25 25 24 25 25 37 42 42 41 41 36 27 27 20 19 19 16 16 15 13 13 11 6 6 3 3 1 0 0 0 1 1 1 1 1 0 0 0 
16 16 15 16 16 15 15 15 19 19 19 24 24 32 37 37 30 30 21 19 19 13 10 10 9 9 12 7 7 5 2 2 1 1 1 0 0 0 0 0 0 0 0 0 0 0 
16 16 15 16 16 15 15 15 19 19 19 24 24 32 37 37 30 30 21 19 19 13 10 10 9 9 12 7 7 5 2 2 1 1 1 0 0 0 0 0 0 0 0 0 0 0 
20 20 19 18 18 18 15 15 17 17 18 21 21 23 28 28 22 22 15 10 10 9 7 7 4 4 5 4 4 3 1 1 1 1 0 0 0 0 0 0 0 0 0 0 0 0 
20 20 19 18 18 18 15 15 17 17 18 21 21 23 28 28 22 22 15 10 10 9 7 7 4 4 5 4 4 3 1 1 1 1 0 0 0 0 0 0 0 0 0 0 0 0 
23 23 22 21 21 19 17 17 19 19 24 23 23 21 17 17 18 18 17 10 10 5 5 5 3 3 1 4 4 1 1 1 1 1 0 0 0 0 0 0 0 0 0 0 0 0 
24 24 24 23 23 21 22 22 23 23 25 27 27 29 23 23 14 14 14 13 13 7 3 3 2 2 1 1 1 1 1 1 1 1 1 0 0 0 0 0 0 0 0 0 0 0 
24 24 24 23 23 21 22 22 23 23 25 27 27 29 23 23 14 14 14 13 13 7 3 3 2 2 1 1 1 1 1 1 1 1 1 0 0 0 0 0 0 0 0 0 0 0 
22 22 22 23 23 22 23 23 24 24 28 30 30 32 31 31 25 25 16 11 11 8 3 3 2 2 1 1 1 1 1 1 1 1 1 0 0 0 0 0 0 0 0 0 0 0 
21 21 22 21 21 22 23 23 24 24 28 29 29 31 29 29 26 26 23 13 13 7 7 7 3 3 2 1 1 0 1 1 1 1 1 0 0 0 0 0 0 0 0 0 0 0 
21 21 22 21 21 22 23 23 24 24 28 29 29 31 29 29 26 26 23 13 13 7 7 7 3 3 2 1 1 0 1 1 1 1 1 0 0 0 0 0 0 0 0 0 0 0 
24 24 23 22 22 23 22 22 24 24 27 27 27 25 24 24 23 23 21 17 17 9 4 4 4 4 3 1 1 0 0 0 0 0 1 1 1 0 0 0 0 0 0 0 0 0 
24 24 23 22 22 23 22 22 24 24 27 27 27 25 24 24 23 23 21 17 17 9 4 4 4 4 3 1 1 0 0 0 0 0 1 1 1 0 0 0 0 0 0 0 0 0 
23 23 24 25 25 24 23 23 24 24 25 29 29 25 21 21 20 20 22 19 19 15 6 6 3 3 2 1 1 1 0 0 0 0 0 1 1 1 1 1 0 0 0 0 0 0 
18 18 21 20 20 20 22 22 19 19 19 18 18 25 20 20 18 18 18 17 17 14 13 13 5 5 2 1 1 1 1 1 0 0 0 0 0 1 1 1 0 0 0 0 0 0 
18 18 21 20 20 20 22 22 19 19 19 18 18 25 20 20 18 18 18 17 17 14 13 13 5 5 2 1 1 1 1 1 0 0 0 0 0 1 1 1 0 0 0 0 0 0 
12 12 16 16 16 17 16 16 16 16 12 14 14 15 21 21 16 16 15 14 14 14 12 12 9 9 4 1 1 2 1 1 1 1 1 0 0 0 0 0 0 0 0 0 0 0 
14 14 13 16 16 17 15 15 13 13 13 10 10 11 11 11 13 13 11 9 9 10 9 9 7 7 5 2 2 1 1 1 1 1 1 1 1 0 0 0 0 0 0 0 0 0 
