assets/RAT_results/precipitation/2024-07-17_IMERG.asc
ncols        46
nrows        77
xllcorner    74.800261325624
yllcorner    8.058333333333
cellsize     0.062500000000
NODATA_value -9999
130 130 129 145 145 167 186 186 213 213 166 177 177 251 229 229 144 144 102 63 63 50 35 35 27 27 17 7 7 3 4 4 0 0 0 0 0 1 2 2 1 1 1 0 0 0 
139 139 122 153 153 142 142 142 138 138 128 138 138 184 163 163 122 122 93 75 75 63 51 51 27 27 20 7 7 4 5 5 3 3 2 2 2 2 2 2 2 2 3 3 3 0 
139 139 122 153 153 142 142 142 138 138 128 138 138 184 163 163 122 122 93 75 75 63 51 51 27 27 20 7 7 4 5 5 3 3 2 2 2 2 2 2 2 2 3 3 3 0 
119 119 100 122 122 114 123 123 104 104 86 112 112 100 102 102 94 94 83 58 58 56 30 30 21 21 15 8 8 7 6 6 7 7 2 5 5 7 8 8 7 7 6 5 5 5 
97 97 79 85 85 97 98 98 93 93 72 78 78 78 80 80 84 84 83 46 46 44 25 25 16 16 9 7 7 6 5 5 5 5 4 6 6 10 10 10 5 5 7 12 12 4 
97 97 79 85 85 97 98 98 93 93 72 78 78 78 80 80 84 84 83 46 46 44 25 25 16 16 9 7 7 6 5 5 5 5 4 6 6 10 10 10 5 5 7 12 12 4 
48 48 69 65 65 73 87 87 79 79 65 58 58 57 52 52 61 61 56 53 53 41 24 24 14 14 10 8 8 4 6 6 6 6 4 6 6 4 3 3 3 3 6 12 12 10 
48 48 69 65 65 73 87 87 79 79 65 58 58 57 52 52 61 61 56 53 53 41 24 24 14 14 10 8 8 4 6 6 6 6 4 6 6 4 3 3 3 3 6 12 12 10 
37 37 55 63 63 63 77 77 74 74 75 74 74 82 84 84 59 59 60 44 44 34 33 33 23 23 16 10 10 8 9 9 7 7 5 5 5 5 3 3 11 11 10 9 9 9 
27 27 29 59 59 71 80 80 76 76 85 90 90 89 127 127 110 110 69 59 59 49 39 39 27 27 17 13 13 11 6 6 3 3 4 6 6 7 13 13 12 12 9 8 8 4 
27 27 29 59 59 71 80 80 76 76 85 90 90 89 127 127 110 110 69 59 59 49 39 39 27 27 17 13 13 11 6 6 3 3 4 6 6 7 13 13 12 12 9 8 8 4 
23 23 27 50 50 64 77 77 89 89 88 103 103 122 118 118 102 102 91 69 69 47 43 43 25 25 12 6 6 4 4 4 4 4 7 9 9 7 11 11 10 10 5 9 9 7 
36 36 36 37 37 66 69 69 84 84 89 108 108 120 132 132 129 129 104 60 60 38 36 36 21 21 11 5 5 4 2 2 1 1 4 11 11 14 13 13 16 16 19 10 10 12 
36 36 36 37 37 66 69 69 84 84 89 108 108 120 132 132 129 129 104 60 60 38 36 36 21 21 11 5 5 4 2 2 1 1 4 11 11 14 13 13 16 16 19 10 10 12 
56 56 59 51 51 51 83 83 89 89 115 131 131 137 133 133 160 160 115 59 59 37 31 31 25 25 17 12 12 6 4 4 1 1 3 10 10 22 27 27 24 24 17 15 15 3 
56 56 59 51 51 51 83 83 89 89 115 131 131 137 133 133 160 160 115 59 59 37 31 31 25 25 17 12 12 6 4 4 1 1 3 10 10 22 27 27 24 24 17 15 15 3 
75 75 65 69 69 59 94 94 93 93 103 126 126 120 134 134 138 138 124 94 94 54 43 43 31 31 26 29 29 13 14 14 3 3 4 12 12 24 29 29 28 28 24 17 17 9 
127 127 161 93 93 66 64 64 106 106 116 136 136 143 116 116 104 104 122 90 90 44 31 31 27 27 23 23 23 27 12 12 13 13 18 31 31 28 29 29 25 25 30 20 20 19 
127 127 161 93 93 66 64 64 106 106 116 136 136 143 116 116 104 104 122 90 90 44 31 31 27 27 23 23 23 27 12 12 13 13 18 31 31 28 29 29 25 25 30 20 20 19 
143 143 205 197 197 96 62 62 63 63 118 132 132 126 107 107 91 91 73 86 86 53 24 24 22 22 10 24 24 25 26 26 22 22 28 25 25 28 25 25 23 23 18 20 20 16 
151 151 164 198 198 100 64 64 57 57 61 104 104 112 111 111 93 93 91 65 65 52 22 22 18 18 16 14 14 26 24 24 28 28 23 25 25 23 23 23 13 13 9 9 9 12 
151 151 164 198 198 100 64 64 57 57 61 104 104 112 111 111 93 93 91 65 65 52 22 22 18 18 16 14 14 26 24 24 28 28 23 25 25 23 23 23 13 13 9 9 9 12 
105 105 100 86 86 81 47 47 50 50 56 96 96 89 96 96 90 90 72 72 72 52 28 28 22 22 16 21 21 38 46 46 39 39 27 24 24 20 14 14 13 13 11 10 10 14 
105 105 100 86 86 81 47 47 50 50 56 96 96 89 96 96 90 90 72 72 72 52 28 28 22 22 16 21 21 38 46 46 39 39 27 24 24 20 14 14 13 13 11 10 10 14 
50 50 54 47 47 45 42 42 37 37 38 39 39 62 88 88 72 72 73 65 65 47 23 23 21 21 24 26 26 48 46 46 51 51 37 25 25 21 17 17 18 18 17 14 14 14 
41 41 42 42 42 36 37 37 39 39 35 32 32 58 77 77 81 81 83 72 72 52 32 32 24 24 23 26 26 26 30 30 33 33 19 13 13 15 16 16 22 22 12 12 12 11 
41 41 42 42 42 36 37 37 39 39 35 32 32 58 77 77 81 81 83 72 72 52 32 32 24 24 23 26 26 26 30 30 33 33 19 13 13 15 16 16 22 22 12 12 12 11 
38 38 44 45 45 44 42 42 48 48 44 39 39 41 64 64 85 85 85 90 90 60 41 41 38 38 36 37 37 45 40 40 23 23 19 8 8 11 13 13 11 11 8 11 11 10 
38 38 43 45 45 42 41 41 43 43 37 34 34 34 37 37 52 52 54 59 59 45 34 34 20 20 10 9 9 32 41 41 45 45 43 28 28 23 21 21 8 8 11 5 5 3 
38 38 43 45 45 42 41 41 43 43 37 34 34 34 37 37 52 52 54 59 59 45 34 34 20 20 10 9 9 32 41 41 45 45 43 28 28 23 21 21 8 8 11 5 5 3 
39 39 49 46 46 44 40 40 38 38 32 28 28 24 26 26 21 21 16 19 19 19 19 19 15 15 20 17 17 28 23 23 39 39 30 32 32 29 16 16 14 14 6 5 5 2 
39 39 49 46 46 44 40 40 38 38 32 28 28 24 26 26 21 21 16 19 19 19 19 19 15 15 20 17 17 28 23 23 39 39 30 32 32 29 16 16 14 14 6 5 5 2 
32 32 36 35 35 38 37 37 35 35 28 26 26 26 11 11 15 15 21 12 12 11 15 15 13 13 15 22 22 25 23 23 10 10 18 15 15 12 9 9 7 7 4 3 3 1 
33 33 40 35 35 40 37 37 39 39 29 30 30 26 20 20 23 23 22 13 13 12 20 20 22 22 27 19 19 22 23 23 17 17 15 11 11 12 11 11 4 4 8 5 5 3 
33 33 40 35 35 40 37 37 39 39 29 30 30 26 20 20 23 23 22 13 13 12 20 20 22 22 27 19 19 22 23 23 17 17 15 11 11 12 11 11 4 4 8 5 5 3 
30 30 31 32 32 38 39 39 39 39 48 48 48 31 28 28 13 13 17 16 16 15 19 19 24 24 36 47 47 49 69 69 44 44 56 34 34 31 25 25 18 18 15 7 7 1 
42 42 46 51 51 62 73 73 72 72 68 78 78 77 42 42 20 20 17 26 26 31 38 38 35 35 51 62 62 80 87 87 109 109 68 21 21 14 18 18 15 15 13 9 9 2 
42 42 46 51 51 62 73 73 72 72 68 78 78 77 42 42 20 20 17 26 26 31 38 38 35 35 51 62 62 80 87 87 109 109 68 21 21 14 18 18 15 15 13 9 9 2 
54 54 65 87 87 84 98 98 90 90 93 90 90 82 47 47 24 24 20 26 26 33 39 39 30 30 51 56 56 62 66 66 47 47 41 32 32 20 14 14 10 10 14 10 10 23 
54 54 65 87 87 84 98 98 90 90 93 90 90 82 47 47 24 24 20 26 26 33 39 39 30 30 51 56 56 62 66 66 47 47 41 32 32 20 14 14 10 10 14 10 10 23 
70 70 75 77 77 72 81 81 91 91 82 70 70 63 35 35 27 27 21 33 33 31 32 32 29 29 40 46 46 41 38 38 47 47 33 22 22 24 23 23 17 17 21 15 15 16 
64 64 67 66 66 66 73 73 77 77 69 59 59 58 38 38 35 35 27 27 27 40 37 37 45 45 42 38 38 36 37 37 32 32 29 28 28 26 23 23 18 18 19 14 14 15 
64 64 67 66 66 66 73 73 77 77 69 59 59 58 38 38 35 35 27 27 27 40 37 37 45 45 42 38 38 36 37 37 32 32 29 28 28 26 23 23 18 18 19 14 14 15 
50 50 57 60 60 70 72 72 66 66 61 59 59 51 40 40 29 29 24 27 27 42 43 43 34 34 35 37 37 41 45 45 38 38 27 26 26 26 24 24 24 24 22 18 18 18 
43 43 48 54 54 60 60 60 55 55 51 45 45 39 45 45 31 31 27 24 24 37 37 37 36 36 36 49 49 47 51 51 42 42 35 31 31 27 31 31 28 28 24 18 18 22 
43 43 48 54 54 60 60 60 55 55 51 45 45 39 45 45 31 31 27 24 24 37 37 37 36 36 36 49 49 47 51 51 42 42 35 31 31 27 31 31 28 28 24 18 18 22 
34 34 43 46 46 54 53 53 52 52 48 47 47 43 47 47 47 47 36 34 34 38 42 42 35 35 39 41 41 55 52 52 49 49 39 43 43 33 37 37 29 29 22 14 14 20 
34 34 43 46 46 54 53 53 52 52 48 47 47 43 47 47 47 47 36 34 34 38 42 42 35 35 39 41 41 55 52 52 49 49 39 43 43 33 37 37 29 29 22 14 14 20 
34 34 40 48 48 50 51 51 50 50 52 57 57 48 52 52 56 56 50 43 43 43 49 49 54 54 56 53 53 52 44 44 40 40 42 44 44 51 46 46 34 34 30 14 14 12 
36 36 43 44 44 43 49 49 53 53 47 52 52 42 54 54 51 51 54 48 48 48 52 52 48 48 47 44 44 48 38 38 34 34 26 23 23 37 23 23 20 20 15 18 18 10 
36 36 43 44 44 43 49 49 53 53 47 52 52 42 54 54 51 51 54 48 48 48 52 52 48 48 47 44 44 48 38 38 34 34 26 23 23 37 23 23 20 20 15 18 18 10 
36 36 40 42 42 43 47 47 46 46 57 53 53 61 58 58 50 50 51 46 46 41 63 63 42 42 44 41 41 44 47 47 34 34 28 24 24 22 22 22 16 16 6 3 3 3 
32 32 37 41 41 48 51 51 60 60 70 64 64 63 54 54 50 50 47 38 38 33 32 32 29 29 29 33 33 41 44 44 40 40 39 31 31 23 18 18 10 10 9 5 5 3 
32 32 37 41 41 48 51 51 60 60 70 64 64 63 54 54 50 50 47 38 38 33 32 32 29 29 29 33 33 41 44 44 40 40 39 31 31 23 18 18 10 10 9 5 5 3 
22 22 33 35 35 40 37 37 38 38 33 37 37 34 37 37 35 35 35 34 34 24 26 26 30 30 29 28 28 39 39 39 42 42 39 37 37 27 16 16 13 13 9 5 5 5 
22 22 33 35 35 40 37 37 38 38 33 37 37 34 37 37 35 35 35 34 34 24 26 26 30 30 29 28 28 39 39 39 42 42 39 37 37 27 16 16 13 13 9 5 5 5 
10 10 13 13 13 17 13 13 15 15 17 17 17 19 18 18 23 23 21 26 26 18 11 11 26 26 28 29 29 39 40 40 38 38 31 24 24 16 14 14 15 15 11 9 9 6 
10 10 13 13 13 14 12 12 14 14 13 14 14 14 17 17 20 20 22 19 19 19 12 12 15 15 21 25 25 28 39 39 28 28 28 31 31 23 15 15 15 15 12 9 9 7 
10 10 13 13 13 14 12 12 14 14 13 14 14 14 17 17 20 20 22 19 19 19 12 12 15 15 21 25 25 28 39 39 28 28 28 31 31 23 15 15 15 15 12 9 9 7 
12 12 12 14 14 12 14 14 14 14 13 15 15 16 18 18 23 23 27 23 23 17 11 11 10 10 10 19 19 32 48 48 31 31 31 29 29 27 19 19 16 16 12 9 9 7 
12 12 10 14 14 11 13 13 12 12 14 17 17 19 18 18 29 29 26 23 23 21 14 14 11 11 12 11 11 23 22 22 25 25 28 31 31 27 25 25 19 19 13 9 9 7 
12 12 10 14 14 11 13 13 12 12 14 17 17 19 18 18 29 29 26 23 23 21 14 14 11 11 12 11 11 23 22 22 25 25 28 31 31 27 25 25 19 19 13 9 9 7 
14 14 11 14 14 13 14 14 11 11 13 11 11 16 15 15 17 17 25 39 39 40 27 27 12 12 10 17 17 18 24 24 20 20 24 25 25 27 27 27 22 22 23 15 15 10 
14 14 11 14 14 13 14 14 11 11 13 11 11 16 15 15 17 17 25 39 39 40 27 27 12 12 10 17 17 18 24 24 20 20 24 25 25 27 27 27 22 22 23 15 15 10 
13 13 16 20 20 20 16 16 13 13 18 16 16 16 17 17 14 14 24 32 32 30 34 34 12 12 12 21 21 21 19 19 21 21 25 29 29 33 28 28 31 31 31 25 25 20 
16 16 11 16 16 17 17 17 20 20 17 20 20 18 13 13 14 14 17 17 17 26 26 26 18 18 17 14 14 26 26 26 25 25 26 31 31 32 29 29 31 31 32 34 34 26 
16 16 11 16 16 17 17 17 20 20 17 20 20 18 13 13 14 14 17 17 17 26 26 26 18 18 17 14 14 26 26 26 25 25 26 31 31 32 29 29 31 31 32 34 34 26 
13 13 11 12 12 12 17 17 17 17 21 13 13 11 12 12 12 12 16 17 17 24 21 21 13 13 13 12 12 20 23 23 22 22 25 24 24 30 29 29 34 34 34 35 35 27 
12 12 11 12 12 11 13 13 15 15 16 18 18 11 9 9 10 10 10 17 17 14 12 12 10 10 11 10 10 10 15 15 17 17 21 24 24 22 23 23 29 29 32 33 33 34 
12 12 11 12 12 11 13 13 15 15 16 18 18 11 9 9 10 10 10 17 17 14 12 12 10 10 11 10 10 10 15 15 17 17 21 24 24 22 23 23 29 29 32 33 33 34 
10 10 10 10 10 10 11 11 10 10 10 11 11 12 7 7 9 9 8 14 14 15 10 10 9 9 9 12 12 8 10 10 20 20 22 23 23 22 19 19 23 23 24 28 28 31 
10 10 10 10 10 10 11 11 10 10 10 11 11 12 7 7 9 9 8 14 14 15 10 10 9 9 9 12 12 8 10 10 20 20 22 23 23 22 19 19 23 23 24 28 28 31 
7 7 9 6 6 7 8 8 9 9 10 9 9 8 11 11 9 9 9 15 15 16 10 10 11 11 11 12 12 12 12 12 11 11 21 26 26 25 22 22 24 24 29 22 22 20 
7 7 7 6 6 7 8 8 8 8 9 11 11 8 10 10 12 12 16 23 23 21 20 20 21 21 17 15 15 16 13 13 10 10 9 18 18 25 29 29 24 24 23 14 14 11 
7 7 7 6 6 7 8 8 8 8 9 11 11 8 10 10 12 12 16 23 23 21 20 20 21 21 17 15 15 16 13 13 10 10 9 18 18 25 29 29 24 24 23 14 14 11 
6 6 6 6 6 7 7 7 9 9 8 10 10 10 12 12 14 14 16 17 17 22 23 23 21 21 15 18 18 21 15 15 10 10 8 6 6 16 24 24 31 31 31 23 23 16 
7 7 6 8 8 6 7 7 7 7 10 11 11 12 14 14 15 15 16 19 19 22 21 21 19 19 13 11 11 11 11 11 9 9 7 9 9 8 10 10 23 23 33 20 20 17 
