assets/RAT_results/precipitation/2024-07-23_IMERG.asc
ncols        46
nrows        77
xllcorner    74.800261325624
yllcorner    8.058333333333
cellsize     0.062500000000
NODATA_value -9999
64 64 51 53 53 36 28 28 21 21 11 21 21 29 26 26 21 21 17 8 8 4 2 2 1 1 3 4 4 4 2 2 2 2 3 5 5 5 4 4 4 4 2 2 2 2 
57 57 49 55 55 40 37 37 33 33 44 28 28 62 41 41 24 24 21 16 16 11 9 9 6 6 5 4 4 3 3 3 4 4 5 6 6 5 5 5 3 3 2 2 2 2 
57 57 49 55 55 40 37 37 33 33 44 28 28 62 41 41 24 24 21 16 16 11 9 9 6 6 5 4 4 3 3 3 4 4 5 6 6 5 5 5 3 3 2 2 2 2 
50 50 37 37 37 43 50 50 47 47 54 48 48 65 79 79 37 37 27 24 24 28 19 19 9 9 4 3 3 3 3 3 4 4 5 8 8 7 5 5 4 4 3 3 3 2 
32 32 51 43 43 36 34 34 39 39 51 49 49 52 57 57 47 47 27 25 25 27 16 16 6 6 2 2 2 2 3 3 4 4 6 7 7 5 3 3 2 2 2 2 2 2 
32 32 51 43 43 36 34 34 39 39 51 49 49 52 57 57 47 47 27 25 25 27 16 16 6 6 2 2 2 2 3 3 4 4 6 7 7 5 3 3 2 2 2 2 2 2 
12 12 16 21 21 21 25 25 31 31 38 52 52 69 83 83 61 61 46 29 29 31 16 16 6 6 2 1 1 2 6 6 8 8 8 5 5 2 1 1 1 1 3 2 2 2 
12 12 16 21 21 21 25 25 31 31 38 52 52 69 83 83 61 61 46 29 29 31 16 16 6 6 2 1 1 2 6 6 8 8 8 5 5 2 1 1 1 1 3 2 2 2 
10 10 12 16 16 24 40 40 38 38 36 56 56 55 59 59 65 65 51 29 29 22 17 17 9 9 4 3 3 5 8 8 8 8 5 2 2 1 1 1 1 1 2 2 2 2 
4 4 5 20 20 24 30 30 35 35 28 42 42 44 47 47 54 54 44 30 30 19 16 16 9 9 5 5 5 6 6 6 6 6 3 2 2 1 1 1 2 2 1 1 1 1 
4 4 5 20 20 24 30 30 35 35 28 42 42 44 47 47 54 54 44 30 30 19 16 16 9 9 5 5 5 6 6 6 6 6 3 2 2 1 1 1 2 2 1 1 1 1 
8 8 23 13 13 20 15 15 16 16 21 28 28 29 37 37 38 38 31 23 23 17 13 13 12 12 8 4 4 5 4 4 3 3 2 2 2 1 2 2 2 2 1 0 0 0 
6 6 17 20 20 10 7 7 8 8 8 12 12 19 27 27 31 31 27 21 21 18 14 14 11 11 8 4 4 5 4 4 3 3 2 2 2 1 1 1 0 0 0 0 0 0 
6 6 17 20 20 10 7 7 8 8 8 12 12 19 27 27 31 31 27 21 21 18 14 14 11 11 8 4 4 5 4 4 3 3 2 2 2 1 1 1 0 0 0 0 0 0 
5 5 5 3 3 2 4 4 3 3 4 8 8 14 21 21 25 25 21 21 21 17 14 14 15 15 16 11 11 11 10 10 7 7 3 1 1 1 0 0 0 0 0 0 0 0 
5 5 5 3 3 2 4 4 3 3 4 8 8 14 21 21 25 25 21 21 21 17 14 14 15 15 16 11 11 11 10 10 7 7 3 1 1 1 0 0 0 0 0 0 0 0 
2 2 1 2 2 2 2 2 3 3 4 11 11 16 14 14 15 15 14 17 17 16 17 17 20 20 24 19 19 15 11 11 6 6 2 1 1 0 0 0 0 0 0 0 0 0 
0 0 1 3 3 3 2 2 4 4 8 9 9 9 11 11 16 16 20 19 19 17 18 18 18 18 25 22 22 10 5 5 2 2 0 0 0 0 0 0 0 0 0 0 0 0 
0 0 1 3 3 3 2 2 4 4 8 9 9 9 11 11 16 16 20 19 19 17 18 18 18 18 25 22 22 10 5 5 2 2 0 0 0 0 0 0 0 0 0 0 0 0 
1 1 1 3 3 4 4 4 4 4 3 8 8 12 17 17 26 26 28 24 24 18 19 19 24 24 30 17 17 4 1 1 0 0 0 0 0 1 1 1 0 0 0 0 0 0 
1 1 2 2 2 2 2 2 3 3 2 9 9 14 15 15 19 19 20 20 20 27 24 24 24 24 18 8 8 2 1 1 2 2 1 1 1 2 2 2 0 0 0 0 0 0 
1 1 2 2 2 2 2 2 3 3 2 9 9 14 15 15 19 19 20 20 20 27 24 24 24 24 18 8 8 2 1 1 2 2 1 1 1 2 2 2 0 0 0 0 0 0 
1 1 2 3 3 2 2 2 3 3 4 7 7 16 15 15 20 20 19 18 18 18 15 15 12 12 8 5 5 3 4 4 3 3 1 0 0 1 0 0 0 0 0 0 0 0 
1 1 2 3 3 2 2 2 3 3 4 7 7 16 15 15 20 20 19 18 18 18 15 15 12 12 8 5 5 3 4 4 3 3 1 0 0 1 0 0 0 0 0 0 0 0 
2 2 1 2 2 2 2 2 4 4 6 6 6 19 25 25 24 24 27 15 15 14 16 16 11 11 13 11 11 8 4 4 1 1 2 1 1 2 1 1 0 0 0 0 0 0 
1 1 1 3 3 5 3 3 4 4 13 7 7 22 21 21 41 41 39 22 22 11 13 13 11 11 15 12 12 8 3 3 1 1 1 2 2 3 1 1 1 1 0 0 0 0 
1 1 1 3 3 5 3 3 4 4 13 7 7 22 21 21 41 41 39 22 22 11 13 13 11 11 15 12 12 8 3 3 1 1 1 2 2 3 1 1 1 1 0 0 0 0 
4 4 4 7 7 8 7 7 3 3 10 3 3 12 16 16 26 26 10 7 7 7 4 4 11 11 17 8 8 5 2 2 1 1 0 1 1 1 0 0 0 0 0 0 0 0 
3 3 4 6 6 5 4 4 4 4 8 4 4 1 1 1 5 5 7 6 6 2 2 2 6 6 10 6 6 4 2 2 1 1 0 0 0 0 0 0 0 0 0 0 0 0 
3 3 4 6 6 5 4 4 4 4 8 4 4 1 1 1 5 5 7 6 6 2 2 2 6 6 10 6 6 4 2 2 1 1 0 0 0 0 0 0 0 0 0 0 0 0 
1 1 2 5 5 7 6 6 5 5 6 5 5 3 2 2 4 4 9 6 6 3 3 3 4 4 7 2 2 0 0 0 0 0 0 0 0 0 0 0 0 0 0 0 0 0 
1 1 2 5 5 7 6 6 5 5 6 5 5 3 2 2 4 4 9 6 6 3 3 3 4 4 7 2 2 0 0 0 0 0 0 0 0 0 0 0 0 0 0 0 0 0 
1 1 2 6 6 8 8 8 8 8 8 6 6 2 1 1 15 15 5 4 4 5 7 7 7 7 4 1 1 1 0 0 0 0 0 0 0 0 0 0 0 0 0 0 0 0 
3 3 6 6 6 8 9 9 11 11 11 16 16 5 4 4 4 4 5 4 4 5 7 7 6 6 3 2 2 1 0 0 0 0 0 0 0 0 0 0 0 0 0 0 0 0 
3 3 6 6 6 8 9 9 11 11 11 16 16 5 4 4 4 4 5 4 4 5 7 7 6 6 3 2 2 1 0 0 0 0 0 0 0 0 0 0 0 0 0 0 0 0 
1 1 2 2 2 3 4 4 4 4 7 6 6 7 5 5 5 5 6 5 5 6 8 8 12 12 12 9 9 6 0 0 0 0 0 0 0 0 0 0 0 0 0 0 0 0 
1 1 2 4 4 5 6 6 5 5 5 12 12 2 2 2 3 3 4 9 9 10 11 11 9 9 10 13 13 17 4 4 4 4 0 0 0 0 0 0 0 0 0 0 0 0 
1 1 2 4 4 5 6 6 5 5 5 12 12 2 2 2 3 3 4 9 9 10 11 11 9 9 10 13 13 17 4 4 4 4 0 0 0 0 0 0 0 0 0 0 0 0 
1 1 2 6 6 6 4 4 2 2 1 1 1 3 1 1 1 1 1 7 7 4 4 4 3 3 12 11 11 13 13 13 2 2 0 0 0 0 0 0 0 0 0 0 0 0 
1 1 2 6 6 6 4 4 2 2 1 1 1 3 1 1 1 1 1 7 7 4 4 4 3 3 12 11 11 13 13 13 2 2 0 0 0 0 0 0 0 0 0 0 0 0 
1 1 2 2 2 1 1 1 0 0 0 0 0 0 0 0 0 0 1 3 3 1 6 6 2 2 1 1 1 3 1 1 5 5 1 0 0 0 0 0 0 0 0 0 0 0 
0 0 0 0 0 0 0 0 0 0 0 0 0 0 0 0 0 0 0 0 0 0 10 10 1 1 1 0 0 1 2 2 1 1 0 0 0 0 0 0 0 0 1 0 0 0 
0 0 0 0 0 0 0 0 0 0 0 0 0 0 0 0 0 0 0 0 0 0 10 10 1 1 1 0 0 1 2 2 1 1 0 0 0 0 0 0 0 0 1 0 0 0 
0 0 0 0 0 0 0 0 0 0 0 0 0 0 0 0 0 0 0 0 0 0 0 0 0 0 0 0 0 0 0 0 0 0 0 0 0 0 0 0 0 0 0 0 0 0 
0 0 0 0 0 0 0 0 0 0 0 0 0 0 0 0 0 0 0 0 0 0 0 0 1 1 2 3 3 1 0 0 0 0 0 0 0 0 0 0 0 0 0 0 0 0 
0 0 0 0 0 0 0 0 0 0 0 0 0 0 0 0 0 0 0 0 0 0 0 0 1 1 2 3 3 1 0 0 0 0 0 0 0 0 0 0 0 0 0 0 0 0 
0 0 0 0 0 0 0 0 0 0 0 0 0 0 0 0 0 0 0 0 0 0 1 1 1 1 3 3 3 1 0 0 0 0 0 0 0 0 0 0 0 0 0 0 0 0 
0 0 0 0 0 0 0 0 0 0 0 0 0 0 0 0 0 0 0 0 0 0 1 1 1 1 3 3 3 1 0 0 0 0 0 0 0 0 0 0 0 0 0 0 0 0 
0 0 0 0 0 0 0 0 0 0 0 0 0 0 0 0 0 0 0 0 0 0 0 0 0 0 0 0 0 0 0 0 0 0 0 1 1 0 0 0 1 1 1 0 0 0 
0 0 0 0 0 0 0 0 0 0 0 0 0 0 0 0 0 0 0 0 0 0 0 0 0 0 0 0 0 0 0 0 0 0 0 1 1 3 3 3 4 4 2 1 1 1 
0 0 0 0 0 0 0 0 0 0 0 0 0 0 0 0 0 0 0 0 0 0 0 0 0 0 0 0 0 0 0 0 0 0 0 1 1 3 3 3 4 4 2 1 1 1 
0 0 0 0 0 0 0 0 0 0 0 0 0 0 0 0 0 0 0 0 0 0 0 0 0 0 0 0 0 0 0 0 0 0 1 3 3 3 3 3 4 4 3 2 2 3 
0 0 0 0 0 0 0 0 0 0 0 0 0 0 0 0 0 0 0 0 0 0 0 0 0 0 0 0 0 1 2 2 2 2 2 2 2 2 3 3 3 3 3 1 1 1 
0 0 0 0 0 0 0 0 0 0 0 0 0 0 0 0 0 0 0 0 0 0 0 0 0 0 0 0 0 1 2 2 2 2 2 2 2 2 3 3 3 3 3 1 1 1 
0 0 0 0 0 0 0 0 0 0 0 0 0 0 0 0 0 0 0 0 0 0 0 0 0 0 0 0 0 1 2 2 6 6 5 3 3 2 2 2 2 2 1 0 0 0 
0 0 0 0 0 0 0 0 0 0 0 0 0 0 0 0 0 0 0 0 0 0 0 0 0 0 0 0 0 1 2 2 6 6 5 3 3 2 2 2 2 2 1 0 0 0 
0 0 0 0 0 0 0 0 0 0 0 0 0 0 0 0 0 0 0 0 0 0 0 0 0 0 0 2 2 5 5 5 8 8 7 3 3 1 2 2 1 1 0 0 0 0 
0 0 0 0 0 0 0 0 0 0 0 0 0 0 0 0 0 0 0 0 0 0 0 0 0 0 1 4 4 6 6 6 6 6 4 3 3 3 2 2 0 0 0 0 0 0 
0 0 0 0 0 0 0 0 0 0 0 0 0 0 0 0 0 0 0 0 0 0 0 0 0 0 1 4 4 6 6 6 6 6 4 3 3 3 2 2 0 0 0 0 0 0 
0 0 0 0 0 0 0 0 0 0 0 0 0 0 0 0 0 0 0 0 0 0 0 0 0 0 1 2 2 2 2 2 2 2 2 2 2 1 0 0 0 0 0 0 0 0 
1 1 0 0 0 0 0 0 0 0 0 0 0 0 0 0 0 0 0 0 0 0 0 0 0 0 0 1 1 1 1 1 0 0 0 1 1 0 1 1 0 0 0 0 0 0 
1 1 0 0 0 0 0 0 0 0 0 0 0 0 0 0 0 0 0 0 0 0 0 0 0 0 0 1 1 1 1 1 0 0 0 1 1 0 1 1 0 0 0 0 0 0 
0 0 0 0 0 0 0 0 0 0 0 0 0 0 0 0 0 0 0 0 0 0 0 0 0 0 0 2 2 2 1 1 1 1 1 2 2 2 0 0 0 0 0 0 0 0 
0 0 0 0 0 0 0 0 0 0 0 0 0 0 0 0 0 0 0 0 0 0 0 0 0 0 0 2 2 2 1 1 1 1 1 2 2 2 0 0 0 0 0 0 0 0 
0 0 0 0 0 0 0 0 0 0 0 0 0 0 0 0 0 0 0 0 0 0 0 0 0 0 0 0 0 3 1 1 1 1 3 4 4 3 0 0 0 0 0 0 0 0 
0 0 0 1 1 1 0 0 0 0 0 0 0 0 0 0 0 0 0 0 0 0 0 0 1 1 1 1 1 1 1 1 2 2 2 1 1 1 0 0 0 0 0 0 0 0 
0 0 0 1 1 1 0 0 0 0 0 0 0 0 0 0 0 0 0 0 0 0 0 0 1 1 1 1 1 1 1 1 2 2 2 1 1 1 0 0 0 0 0 0 0 0 
0 0 0 2 2 1 0 0 0 0 0 0 0 0 0 0 0 0 0 0 0 0 1 1 4 4 3 1 1 2 1 1 1 1 0 0 0 0 0 0 0 0 0 0 0 0 
0 0 1 1 1 2 1 1 1 1 0 0 0 0 1 1 1 1 0 0 0 0 1 1 2 2 3 2 2 1 1 1 0 0 0 0 0 0 0 0 0 0 0 0 0 0 
0 0 1 1 1 2 1 1 1 1 0 0 0 0 1 1 1 1 0 0 0 0 1 1 2 2 3 2 2 1 1 1 0 0 0 0 0 0 0 0 0 0 0 0 0 0 
0 0 0 0 0 0 0 0 0 0 0 0 0 0 0 0 1 1 1 1 1 1 1 1 1 1 0 0 0 0 0 0 0 0 0 0 0 0 0 0 0 0 0 0 0 0 
0 0 0 0 0 0 0 0 0 0 0 0 0 0 0 0 1 1 1 1 1 1 1 1 1 1 0 0 0 0 0 0 0 0 0 0 0 0 0 0 0 0 0 0 0 0 
0 0 0 0 0 0 0 0 0 0 0 0 0 0 0 0 0 0 0 2 2 3 2 2 0 0 0 0 0 0 0 0 0 0 0 0 0 0 0 0 0 0 0 0 0 0 
0 0 0 0 0 0 0 0 1 1 2 1 1 0 0 0 0 0 0 0 0 0 0 0 0 0 0 0 0 0 0 0 0 0 0 0 0 0 0 0 0 0 0 0 0 0 
0 0 0 0 0 0 0 0 1 1 2 1 1 0 0 0 0 0 0 0 0 0 0 0 0 0 0 0 0 0 0 0 0 0 0 0 0 0 0 0 0 0 0 0 0 0 
0 0 0 1 1 1 1 1 2 2 4 1 1 0 0 0 0 0 0 0 0 0 0 0 0 0 0 0 0 0 0 0 0 0 0 0 0 0 0 0 0 0 0 0 0 0 
0 0 1 2 2 2 1 1 2 2 1 0 0 0 0 0 0 0 0 0 0 0 0 0 0 0 0 0 0 0 0 0 0 0 0 0 0 0 0 0 0 0 1 0 0 1 
