assets/RAT_results/precipitation/2024-01-01_IMERG.asc
ncols        46
nrows        77
xllcorner    74.800261325624
yllcorner    8.058333333333
cellsize     0.062500000000
NODATA_value -9999
 0 0 0 1 1 1 0 0 0 0 0 0 0 0 0 0 0 0 0 0 0 0 0 0 0 0 0 0 0 0 0 0 0 0 0 0 0 0 0 0 0 0 0 0 0 1
 0 0 0 1 1 1 0 0 0 0 0 0 0 0 0 0 0 0 0 0 0 0 0 0 0 0 0 0 0 0 0 0 0 0 0 0 0 0 0 0 0 0 0 1 1 1
 0 0 0 1 1 1 0 0 0 0 0 0 0 0 0 0 0 0 0 0 0 0 0 0 0 0 0 0 0 0 0 0 0 0 0 0 0 0 0 0 0 0 0 1 1 1
 0 0 0 0 0 1 1 1 0 0 0 0 0 0 0 0 1 1 0 0 0 0 0 0 0 0 0 0 0 0 0 0 0 0 0 0 0 0 1 1 1 1 1 1 1 1
 0 0 0 0 0 0 0 0 0 0 0 0 0 0 0 0 0 0 0 0 0 0 0 0 0 0 0 0 0 0 0 0 0 0 1 0 0 1 2 2 2 2 1 0 0 0
 0 0 0 0 0 0 0 0 0 0 0 0 0 0 0 0 0 0 0 0 0 0 0 0 0 0 0 0 0 0 0 0 0 0 1 0 0 1 2 2 2 2 1 0 0 0
 0 0 0 0 0 0 0 0 0 0 0 0 0 0 0 0 0 0 0 0 0 0 0 0 0 0 0 1 1 1 1 1 1 1 1 2 2 1 2 2 1 1 0 0 0 0
 0 0 0 0 0 0 0 0 0 0 0 0 0 0 0 0 0 0 0 0 0 0 0 0 0 0 0 1 1 1 1 1 1 1 1 2 2 1 2 2 1 1 0 0 0 0
 0 0 0 0 0 0 0 0 0 0 0 0 0 1 2 2 2 2 1 1 1 1 1 1 0 0 0 1 1 1 1 1 1 1 3 3 3 2 1 1 0 0 0 0 0 0
 0 0 0 0 0 0 1 1 1 1 2 2 2 4 5 5 4 4 2 2 2 2 2 2 1 1 2 3 3 2 1 1 1 1 2 1 1 0 0 0 0 0 0 0 0 0
 0 0 0 0 0 0 1 1 1 1 2 2 2 4 5 5 4 4 2 2 2 2 2 2 1 1 2 3 3 2 1 1 1 1 2 1 1 0 0 0 0 0 0 0 0 0
 0 0 0 0 0 0 1 1 5 5 6 6 6 9 9 9 5 5 3 2 2 2 2 2 3 3 6 5 5 2 1 1 0 0 0 0 0 0 0 0 0 0 0 0 0 0
 0 0 0 0 0 1 3 3 7 7 9 10 10 11 10 10 6 6 4 2 2 1 2 2 4 4 5 2 2 1 1 1 0 0 0 0 0 0 0 0 0 0 0 0 0 0
 0 0 0 0 0 1 3 3 7 7 9 10 10 11 10 10 6 6 4 2 2 1 2 2 4 4 5 2 2 1 1 1 0 0 0 0 0 0 0 0 0 0 0 0 0 0
 0 0 0 1 1 1 4 4 8 8 8 9 9 10 8 8 4 4 2 1 1 1 1 1 2 2 2 1 1 0 0 0 0 0 0 0 0 0 1 1 0 0 0 0 0 0
 0 0 0 1 1 1 4 4 8 8 8 9 9 10 8 8 4 4 2 1 1 1 1 1 2 2 2 1 1 0 0 0 0 0 0 0 0 0 1 1 0 0 0 0 0 0
 1 1 1 1 1 2 2 2 4 4 5 6 6 6 3 3 2 2 1 0 0 0 0 0 1 1 0 1 1 0 0 0 0 0 0 0 0 0 1 1 0 0 0 0 0 0
 1 1 2 3 3 2 2 2 1 1 3 5 5 5 3 3 1 1 1 0 0 0 0 0 0 0 0 0 0 0 0 0 0 0 0 0 0 0 1 1 0 0 0 0 0 0
 1 1 2 3 3 2 2 2 1 1 3 5 5 5 3 3 1 1 1 0 0 0 0 0 0 0 0 0 0 0 0 0 0 0 0 0 0 0 1 1 0 0 0 0 0 0
 1 1 2 3 3 2 1 1 1 1 2 3 3 3 3 3 1 1 1 0 0 0 0 0 0 0 1 0 0 0 0 0 0 0 0 0 0 0 0 0 0 0 0 0 0 0
 2 2 2 2 2 1 1 1 2 2 2 3 3 4 5 5 3 3 2 1 1 0 0 0 1 1 2 1 1 0 0 0 0 0 1 1 1 1 0 0 0 0 0 0 0 0
 2 2 2 2 2 1 1 1 2 2 2 3 3 4 5 5 3 3 2 1 1 0 0 0 1 1 2 1 1 0 0 0 0 0 1 1 1 1 0 0 0 0 0 0 0 0
 2 2 2 1 1 1 1 1 2 2 2 4 4 7 6 6 5 5 2 1 1 0 0 0 1 1 3 1 1 1 0 0 1 1 1 0 0 0 0 0 0 0 0 0 0 0
 2 2 2 1 1 1 1 1 2 2 2 4 4 7 6 6 5 5 2 1 1 0 0 0 1 1 3 1 1 1 0 0 1 1 1 0 0 0 0 0 0 0 0 0 0 0
 2 2 1 1 1 1 1 1 2 2 4 6 6 9 4 4 4 4 2 1 1 1 1 1 1 1 1 1 1 1 1 1 1 1 1 0 0 0 0 0 0 0 0 0 0 0
 1 1 1 2 2 1 2 2 3 3 5 8 8 7 2 2 1 1 1 1 1 1 2 2 1 1 1 1 1 1 1 1 1 1 1 1 1 0 0 0 0 0 0 0 0 0
 1 1 1 2 2 1 2 2 3 3 5 8 8 7 2 2 1 1 1 1 1 1 2 2 1 1 1 1 1 1 1 1 1 1 1 1 1 0 0 0 0 0 0 0 0 0
 1 1 2 3 3 2 3 3 4 4 6 8 8 4 1 1 1 1 1 0 0 1 3 3 1 1 0 1 1 1 1 1 1 1 1 0 0 0 0 0 0 0 0 0 0 0
 1 1 2 2 2 2 4 4 5 5 7 6 6 2 1 1 3 3 1 0 0 1 3 3 1 1 0 1 1 0 0 0 0 0 0 0 0 0 1 1 1 1 0 0 0 0
 1 1 2 2 2 2 4 4 5 5 7 6 6 2 1 1 3 3 1 0 0 1 3 3 1 1 0 1 1 0 0 0 0 0 0 0 0 0 1 1 1 1 0 0 0 0
 1 1 1 2 2 3 5 5 6 6 6 4 4 1 0 0 1 1 0 1 1 2 3 3 1 1 1 1 1 0 0 0 0 0 0 0 0 0 1 1 0 0 0 0 0 0
 1 1 1 2 2 3 5 5 6 6 6 4 4 1 0 0 1 1 0 1 1 2 3 3 1 1 1 1 1 0 0 0 0 0 0 0 0 0 1 1 0 0 0 0 0 0
 2 2 1 1 1 2 6 6 7 7 4 2 2 0 0 0 0 0 0 1 1 4 4 4 1 1 1 2 2 0 0 0 0 0 0 0 0 0 0 0 0 0 0 0 0 0
 1 1 0 1 1 2 6 6 6 6 3 1 1 0 0 0 0 0 0 1 1 2 2 2 1 1 2 2 2 1 0 0 0 0 0 0 0 0 1 1 0 0 0 0 0 0
 1 1 0 1 1 2 6 6 6 6 3 1 1 0 0 0 0 0 0 1 1 2 2 2 1 1 2 2 2 1 0 0 0 0 0 0 0 0 1 1 0 0 0 0 0 0
 1 1 1 1 1 3 7 7 5 5 2 0 0 0 0 0 0 0 0 1 1 2 3 3 2 2 6 5 5 1 0 0 0 0 0 0 0 0 0 0 0 0 0 0 0 0
 0 0 1 2 2 4 6 6 4 4 1 1 1 1 0 0 1 1 1 1 1 2 2 2 2 2 5 4 4 1 0 0 0 0 0 0 0 0 0 0 0 0 0 0 0 0
 0 0 1 2 2 4 6 6 4 4 1 1 1 1 0 0 1 1 1 1 1 2 2 2 2 2 5 4 4 1 0 0 0 0 0 0 0 0 0 0 0 0 0 0 0 0
 0 0 2 4 4 5 5 5 2 2 2 5 5 1 0 0 1 1 1 1 1 3 3 3 3 3 5 4 4 1 0 0 0 0 0 0 0 1 1 1 0 0 1 1 1 0
 0 0 2 4 4 5 5 5 2 2 2 5 5 1 0 0 1 1 1 1 1 3 3 3 3 3 5 4 4 1 0 0 0 0 0 0 0 1 1 1 0 0 1 1 1 0
 2 2 4 7 7 6 4 4 3 3 3 3 3 1 1 1 2 2 1 2 2 4 4 4 4 4 5 3 3 0 0 0 0 0 1 1 1 0 1 1 1 1 1 2 2 0
 2 2 5 7 7 5 2 2 2 2 4 2 2 1 2 2 4 4 2 1 1 3 2 2 3 3 3 1 1 0 0 0 0 0 1 1 1 1 1 1 1 1 2 2 2 1
 2 2 5 7 7 5 2 2 2 2 4 2 2 1 2 2 4 4 2 1 1 3 2 2 3 3 3 1 1 0 0 0 0 0 1 1 1 1 1 1 1 1 2 2 2 1
 2 2 5 5 5 3 1 1 3 3 3 1 1 1 1 1 2 2 1 1 1 1 2 2 4 4 3 1 1 0 0 0 0 0 1 0 0 1 1 1 1 1 2 2 2 3
 2 2 4 4 4 2 1 1 1 1 1 1 1 1 1 1 1 1 1 1 1 1 1 1 2 2 2 1 1 0 0 0 0 0 1 0 0 0 0 0 0 0 1 2 2 5
 2 2 4 4 4 2 1 1 1 1 1 1 1 1 1 1 1 1 1 1 1 1 1 1 2 2 2 1 1 0 0 0 0 0 1 0 0 0 0 0 0 0 1 2 2 5
 2 2 3 3 3 1 0 0 1 1 1 0 0 0 1 1 1 1 1 1 1 0 1 1 1 1 1 1 1 0 0 0 0 0 0 0 0 0 0 0 0 0 2 5 5 11
 2 2 3 3 3 1 0 0 1 1 1 0 0 0 1 1 1 1 1 1 1 0 1 1 1 1 1 1 1 0 0 0 0 0 0 0 0 0 0 0 0 0 2 5 5 11
 2 2 3 3 3 2 0 0 0 0 0 0 0 0 0 0 0 0 1 1 1 0 1 1 1 1 1 1 1 0 0 0 0 0 0 0 0 0 0 0 1 1 2 4 4 7
 2 2 5 3 3 1 0 0 0 0 0 0 0 0 0 0 0 0 1 0 0 0 1 1 1 1 1 1 1 1 1 1 0 0 0 0 0 0 0 0 1 1 3 5 5 6
 2 2 5 3 3 1 0 0 0 0 0 0 0 0 0 0 0 0 1 0 0 0 1 1 1 1 1 1 1 1 1 1 0 0 0 0 0 0 0 0 1 1 3 5 5 6
 2 2 2 3 3 2 1 1 0 0 0 0 0 0 0 0 0 0 0 0 0 0 0 0 1 1 1 2 2 2 2 2 2 2 2 0 0 0 0 0 1 1 4 9 9 9
 4 4 3 5 5 3 1 1 0 0 0 0 0 0 0 0 0 0 1 1 1 1 1 1 1 1 1 3 3 4 4 4 5 5 3 1 1 0 0 0 2 2 5 9 9 9
 4 4 3 5 5 3 1 1 0 0 0 0 0 0 0 0 0 0 1 1 1 1 1 1 1 1 1 3 3 4 4 4 5 5 3 1 1 0 0 0 2 2 5 9 9 9
 8 8 7 11 11 6 2 2 1 1 0 0 0 0 1 1 1 1 2 2 2 2 1 1 1 1 1 4 4 7 6 6 6 6 4 2 2 1 1 1 2 2 6 12 12 12
 8 8 7 11 11 6 2 2 1 1 0 0 0 0 1 1 1 1 2 2 2 2 1 1 1 1 1 4 4 7 6 6 6 6 4 2 2 1 1 1 2 2 6 12 12 12
 6 6 16 13 13 9 3 3 1 1 1 1 1 0 1 1 2 2 2 2 2 3 1 1 1 1 2 4 4 5 5 5 5 5 5 3 3 1 1 1 2 2 7 13 13 15
 4 4 11 6 6 4 2 2 1 1 2 1 1 1 2 2 3 3 2 6 6 6 2 2 2 2 2 3 3 3 4 4 5 5 8 6 6 3 1 1 3 3 9 18 18 17
 4 4 11 6 6 4 2 2 1 1 2 1 1 1 2 2 3 3 2 6 6 6 2 2 2 2 2 3 3 3 4 4 5 5 8 6 6 3 1 1 3 3 9 18 18 17
 3 3 3 2 2 2 1 1 1 1 1 1 1 1 3 3 4 4 4 6 6 7 3 3 2 2 2 2 2 2 3 3 4 4 6 7 7 3 1 1 2 2 10 17 17 17
 3 3 3 2 2 1 1 1 1 1 1 2 2 3 3 3 5 5 6 6 6 6 4 4 3 3 2 2 2 2 3 3 2 2 5 3 3 2 1 1 2 2 9 17 17 16
 3 3 3 2 2 1 1 1 1 1 1 2 2 3 3 3 5 5 6 6 6 6 4 4 3 3 2 2 2 2 3 3 2 2 5 3 3 2 1 1 2 2 9 17 17 16
 3 3 4 3 3 2 1 1 1 1 1 2 2 2 3 3 5 5 7 8 8 6 6 6 4 4 3 3 3 3 3 3 2 2 6 5 5 4 2 2 3 3 12 18 18 15
 3 3 4 3 3 2 1 1 1 1 1 2 2 2 3 3 5 5 7 8 8 6 6 6 4 4 3 3 3 3 3 3 2 2 6 5 5 4 2 2 3 3 12 18 18 15
 3 3 4 4 4 2 1 1 1 1 1 1 1 2 2 2 5 5 8 10 10 8 6 6 4 4 4 4 4 6 4 4 2 2 3 3 3 3 3 3 3 3 10 18 18 16
 5 5 4 6 6 6 3 3 4 4 2 3 3 3 3 3 6 6 10 10 10 8 6 6 5 5 5 5 5 6 6 6 5 5 4 3 3 3 3 3 5 5 11 21 21 21
 5 5 4 6 6 6 3 3 4 4 2 3 3 3 3 3 6 6 10 10 10 8 6 6 5 5 5 5 5 6 6 6 5 5 4 3 3 3 3 3 5 5 11 21 21 21
 10 10 6 5 5 7 4 4 3 3 3 3 3 6 5 5 7 7 8 11 11 10 9 9 7 7 4 4 4 4 7 7 10 10 8 3 3 3 4 4 8 8 16 23 23 20
 6 6 5 5 5 6 7 7 7 7 3 3 3 6 5 5 5 5 7 9 9 10 9 9 10 10 7 7 7 7 9 9 13 13 11 5 5 4 6 6 12 12 18 23 23 23
 6 6 5 5 5 6 7 7 7 7 3 3 3 6 5 5 5 5 7 9 9 10 9 9 10 10 7 7 7 7 9 9 13 13 11 5 5 4 6 6 12 12 18 23 23 23
 5 5 5 5 5 8 10 10 9 9 3 3 3 5 5 5 6 6 8 8 8 7 10 10 13 13 12 8 8 10 12 12 14 14 13 11 11 6 9 9 16 16 23 26 26 27
 5 5 5 5 5 8 10 10 9 9 3 3 3 5 5 5 6 6 8 8 8 7 10 10 13 13 12 8 8 10 12 12 14 14 13 11 11 6 9 9 16 16 23 26 26 27
 13 13 9 4 4 5 5 5 5 5 3 4 4 8 9 9 10 10 10 6 6 7 12 12 16 16 18 15 15 13 14 14 15 15 16 15 15 15 17 17 23 23 29 29 29 25
 13 13 10 10 10 10 8 8 10 10 10 19 19 8 10 10 10 10 10 6 6 7 12 12 20 20 29 24 24 16 14 14 14 14 16 16 16 19 24 24 35 35 38 37 37 31
 13 13 10 10 10 10 8 8 10 10 10 19 19 8 10 10 10 10 10 6 6 7 12 12 20 20 29 24 24 16 14 14 14 14 16 16 16 19 24 24 35 35 38 37 37 31
 14 14 14 15 15 16 7 7 10 10 10 20 20 22 29 29 31 31 23 25 25 24 11 11 20 20 33 31 31 17 13 13 14 14 21 20 20 25 35 35 43 43 46 47 47 41
 13 13 13 14 14 15 15 15 16 16 18 26 26 30 39 39 41 41 35 25 25 10 10 10 18 18 36 32 32 17 15 15 17 17 21 21 21 23 32 32 38 38 53 46 46 40
