assets/RAT_results/precipitation/2024-05-27_IMERG.asc
ncols        46
nrows        77
xllcorner    74.800261325624
yllcorner    8.058333333333
cellsize     0.062500000000
NODATA_value -9999
0 0 2 1 1 1 1 1 1 1 0 0 0 2 2 2 1 1 1 0 0 0 1 1 0 0 1 0 0 0 0 0 1 1 0 0 0 0 0 0 0 0 0 0 0 0 
0 0 1 1 1 1 0 0 0 0 0 0 0 1 1 1 1 1 1 0 0 0 0 0 0 0 0 0 0 0 0 0 0 0 0 0 0 0 0 0 0 0 0 0 0 0 
0 0 1 1 1 1 0 0 0 0 0 0 0 1 1 1 1 1 1 0 0 0 0 0 0 0 0 0 0 0 0 0 0 0 0 0 0 0 0 0 0 0 0 0 0 0 
0 0 1 1 1 1 1 1 0 0 0 0 0 0 0 0 1 1 0 0 0 0 0 0 0 0 0 0 0 0 0 0 0 0 0 0 0 0 0 0 0 0 0 0 0 0 
0 0 0 1 1 1 1 1 0 0 0 0 0 0 0 0 0 0 0 0 0 0 0 0 0 0 0 0 0 0 0 0 0 0 0 0 0 0 0 0 0 0 0 0 0 0 
0 0 0 1 1 1 1 1 0 0 0 0 0 0 0 0 0 0 0 0 0 0 0 0 0 0 0 0 0 0 0 0 0 0 0 0 0 0 0 0 0 0 0 0 0 0 
0 0 0 0 0 0 0 0 0 0 0 0 0 0 0 0 0 0 0 0 0 0 0 0 0 0 0 0 0 0 0 0 0 0 0 0 0 0 0 0 0 0 0 0 0 0 
0 0 0 0 0 0 0 0 0 0 0 0 0 0 0 0 0 0 0 0 0 0 0 0 0 0 0 0 0 0 0 0 0 0 0 0 0 0 0 0 0 0 0 0 0 0 
0 0 0 0 0 0 0 0 0 0 0 0 0 0 1 1 1 1 1 0 0 0 0 0 0 0 0 0 0 0 0 0 0 0 0 0 0 0 0 0 0 0 0 0 0 0 
2 2 1 0 0 0 0 0 0 0 0 0 0 0 1 1 1 1 1 1 1 1 0 0 0 0 0 0 0 0 0 0 0 0 0 0 0 0 0 0 0 0 0 0 0 0 
2 2 1 0 0 0 0 0 0 0 0 0 0 0 1 1 1 1 1 1 1 1 0 0 0 0 0 0 0 0 0 0 0 0 0 0 0 0 0 0 0 0 0 0 0 0 
2 2 1 0 0 0 1 1 1 1 0 0 0 0 1 1 1 1 2 1 1 1 1 1 0 0 0 0 0 0 0 0 0 0 0 0 0 0 0 0 0 0 0 0 0 0 
1 1 1 0 0 0 1 1 1 1 0 0 0 0 1 1 1 1 2 2 2 1 1 1 0 0 0 0 0 0 0 0 0 0 0 0 0 0 0 0 0 0 0 0 0 0 
1 1 1 0 0 0 1 1 1 1 0 0 0 0 1 1 1 1 2 2 2 1 1 1 0 0 0 0 0 0 0 0 0 0 0 0 0 0 0 0 0 0 0 0 0 0 
3 3 2 1 1 0 0 0 0 0 0 0 0 0 1 1 1 1 2 2 2 2 1 1 0 0 0 0 0 0 0 0 0 0 0 0 0 0 0 0 0 0 0 0 0 0 
3 3 2 1 1 0 0 0 0 0 0 0 0 0 1 1 1 1 2 2 2 2 1 1 0 0 0 0 0 0 0 0 0 0 0 0 0 0 0 0 0 0 0 0 0 0 
4 4 4 2 2 1 0 0 0 0 0 0 0 0 0 0 2 2 1 1 1 1 1 1 0 0 0 0 0 0 0 0 0 0 0 0 0 0 0 0 0 0 0 0 0 0 
6 6 5 3 3 2 2 2 0 0 0 0 0 0 0 0 1 1 1 1 1 1 0 0 0 0 0 0 0 0 0 0 0 0 0 0 0 0 0 0 0 0 0 0 0 0 
6 6 5 3 3 2 2 2 0 0 0 0 0 0 0 0 1 1 1 1 1 1 0 0 0 0 0 0 0 0 0 0 0 0 0 0 0 0 0 0 0 0 0 0 0 0 
4 4 3 4 4 4 5 5 3 3 1 0 0 0 0 0 1 1 1 0 0 0 0 0 0 0 0 0 0 0 0 0 0 0 0 0 0 0 0 0 0 0 0 0 0 0 
1 1 2 2 2 2 3 3 4 4 1 0 0 0 0 0 1 1 0 0 0 0 0 0 0 0 0 0 0 0 0 0 0 0 0 0 0 0 0 0 0 0 0 0 0 0 
1 1 2 2 2 2 3 3 4 4 1 0 0 0 0 0 1 1 0 0 0 0 0 0 0 0 0 0 0 0 0 0 0 0 0 0 0 0 0 0 0 0 0 0 0 0 
1 1 1 2 2 1 1 1 2 2 2 1 1 0 0 0 1 1 1 0 0 0 0 0 0 0 1 1 1 0 0 0 0 0 0 0 0 0 0 0 0 0 0 0 0 0 
1 1 1 2 2 1 1 1 2 2 2 1 1 0 0 0 1 1 1 0 0 0 0 0 0 0 1 1 1 0 0 0 0 0 0 0 0 0 0 0 0 0 0 0 0 0 
3 3 2 2 2 3 2 2 1 1 2 1 1 1 0 0 1 1 1 0 0 0 0 0 1 1 1 1 1 0 0 0 0 0 0 0 0 0 0 0 0 0 0 0 0 0 
6 6 5 4 4 3 3 3 6 6 4 6 6 5 0 0 1 1 1 0 0 0 0 0 0 0 1 0 0 0 0 0 0 0 0 0 0 1 0 0 1 1 1 0 0 0 
6 6 5 4 4 3 3 3 6 6 4 6 6 5 0 0 1 1 1 0 0 0 0 0 0 0 1 0 0 0 0 0 0 0 0 0 0 1 0 0 1 1 1 0 0 0 
9 9 6 5 5 7 11 11 9 9 9 8 8 5 2 2 1 1 1 1 1 0 0 0 0 0 0 0 0 0 0 0 0 0 0 0 0 0 0 0 1 1 1 0 0 0 
9 9 5 3 3 7 6 6 10 10 8 16 16 6 1 1 0 0 1 1 1 1 0 0 0 0 0 0 0 0 0 0 0 0 0 0 0 0 0 0 0 0 0 0 0 0 
9 9 5 3 3 7 6 6 10 10 8 16 16 6 1 1 0 0 1 1 1 1 0 0 0 0 0 0 0 0 0 0 0 0 0 0 0 0 0 0 0 0 0 0 0 0 
8 8 6 4 4 4 6 6 6 6 10 16 16 17 2 2 1 1 1 1 1 2 1 1 1 1 0 0 0 0 0 0 0 0 0 0 0 0 0 0 0 0 0 0 0 0 
8 8 6 4 4 4 6 6 6 6 10 16 16 17 2 2 1 1 1 1 1 2 1 1 1 1 0 0 0 0 0 0 0 0 0 0 0 0 0 0 0 0 0 0 0 0 
14 14 8 7 7 5 4 4 5 5 3 8 8 11 5 5 1 1 1 3 3 2 3 3 2 2 1 1 1 1 1 1 0 0 0 0 0 0 0 0 1 1 1 1 1 0 
17 17 13 9 9 5 4 4 2 2 4 3 3 3 1 1 1 1 1 2 2 4 5 5 4 4 2 1 1 2 2 2 0 0 0 0 0 0 1 1 2 2 2 2 2 2 
17 17 13 9 9 5 4 4 2 2 4 3 3 3 1 1 1 1 1 2 2 4 5 5 4 4 2 1 1 2 2 2 0 0 0 0 0 0 1 1 2 2 2 2 2 2 
23 23 16 9 9 6 5 5 3 3 2 3 3 2 4 4 4 4 2 4 4 4 3 3 3 3 3 2 2 2 2 2 0 0 0 1 1 1 1 1 2 2 2 3 3 3 
24 24 19 11 11 9 7 7 4 4 5 5 5 4 2 2 3 3 2 4 4 4 2 2 2 2 2 2 2 2 2 2 1 1 1 1 1 2 2 2 3 3 3 3 3 3 
24 24 19 11 11 9 7 7 4 4 5 5 5 4 2 2 3 3 2 4 4 4 2 2 2 2 2 2 2 2 2 2 1 1 1 1 1 2 2 2 3 3 3 3 3 3 
24 24 23 15 15 11 7 7 8 8 7 8 8 5 4 4 3 3 2 4 4 3 7 7 8 8 8 2 2 2 2 2 1 1 1 1 1 2 4 4 5 5 4 4 4 4 
24 24 23 15 15 11 7 7 8 8 7 8 8 5 4 4 3 3 2 4 4 3 7 7 8 8 8 2 2 2 2 2 1 1 1 1 1 2 4 4 5 5 4 4 4 4 
37 37 35 20 20 25 19 19 24 24 12 8 8 8 6 6 6 6 5 3 3 2 7 7 7 7 10 4 4 4 4 4 2 2 1 1 1 2 3 3 3 3 4 4 4 3 
51 51 72 64 64 40 37 37 28 28 15 15 15 11 8 8 7 7 5 3 3 6 14 14 14 14 14 4 4 4 4 4 3 3 2 3 3 5 3 3 2 2 3 2 2 3 
51 51 72 64 64 40 37 37 28 28 15 15 15 11 8 8 7 7 5 3 3 6 14 14 14 14 14 4 4 4 4 4 3 3 2 3 3 5 3 3 2 2 3 2 2 3 
75 75 86 63 63 42 29 29 21 21 20 16 16 14 7 7 7 7 14 10 10 7 12 12 14 14 14 7 7 7 7 7 2 2 3 5 5 8 4 4 3 3 3 2 2 2 
68 68 79 62 62 40 30 30 16 16 27 31 31 15 22 22 9 9 12 11 11 7 5 5 14 14 15 15 15 9 9 9 9 9 2 5 5 7 4 4 4 4 3 2 2 2 
68 68 79 62 62 40 30 30 16 16 27 31 31 15 22 22 9 9 12 11 11 7 5 5 14 14 15 15 15 9 9 9 9 9 2 5 5 7 4 4 4 4 3 2 2 2 
76 76 50 43 43 41 40 40 28 28 14 28 28 23 22 22 12 12 13 12 12 12 8 8 14 14 14 12 12 9 9 9 9 9 2 3 3 3 3 3 4 4 3 2 2 2 
76 76 50 43 43 41 40 40 28 28 14 28 28 23 22 22 12 12 13 12 12 12 8 8 14 14 14 12 12 9 9 9 9 9 2 3 3 3 3 3 4 4 3 2 2 2 
39 39 47 41 41 34 27 27 29 29 21 22 22 29 27 27 22 22 24 21 21 27 10 10 15 15 5 3 3 2 2 2 2 2 2 2 2 2 3 3 3 3 3 2 2 2 
32 32 38 41 41 43 35 35 33 33 29 32 32 30 34 34 25 25 32 35 35 30 23 23 18 18 17 8 8 8 2 2 1 1 1 2 2 3 3 3 3 3 3 2 2 1 
32 32 38 41 41 43 35 35 33 33 29 32 32 30 34 34 25 25 32 35 35 30 23 23 18 18 17 8 8 8 2 2 1 1 1 2 2 3 3 3 3 3 3 2 2 1 
33 33 38 42 42 43 36 36 37 37 35 41 41 39 46 46 42 42 37 46 46 36 24 24 24 24 17 8 8 8 2 2 2 2 1 3 3 5 5 5 4 4 2 1 1 0 
32 32 32 37 37 37 36 36 42 42 46 48 48 39 44 44 44 44 33 36 36 31 22 22 23 23 22 23 23 25 13 13 11 11 3 3 3 5 6 6 5 5 1 1 1 0 
32 32 32 37 37 37 36 36 42 42 46 48 48 39 44 44 44 44 33 36 36 31 22 22 23 23 22 23 23 25 13 13 11 11 3 3 3 5 6 6 5 5 1 1 1 0 
35 35 38 41 41 40 43 43 40 40 51 57 57 48 55 55 53 53 46 41 41 22 21 21 25 25 28 30 30 25 14 14 11 11 3 3 3 3 4 4 3 3 1 1 1 0 
35 35 38 41 41 40 43 43 40 40 51 57 57 48 55 55 53 53 46 41 41 22 21 21 25 25 28 30 30 25 14 14 11 11 3 3 3 3 4 4 3 3 1 1 1 0 
42 42 43 49 49 46 44 44 45 45 48 56 56 57 52 52 52 52 59 43 43 23 23 23 29 29 30 32 32 24 22 22 6 6 6 6 6 2 2 2 1 1 0 0 0 1 
42 42 39 43 43 47 48 48 45 45 61 60 60 56 71 71 44 44 53 47 47 32 30 30 26 26 39 42 42 33 33 33 19 19 7 7 7 3 3 3 1 1 0 1 1 1 
42 42 39 43 43 47 48 48 45 45 61 60 60 56 71 71 44 44 53 47 47 32 30 30 26 26 39 42 42 33 33 33 19 19 7 7 7 3 3 3 1 1 0 1 1 1 
48 48 41 40 40 47 46 46 45 45 42 60 60 70 72 72 66 66 74 72 72 58 61 61 52 52 41 45 45 37 36 36 21 21 19 10 10 10 7 7 1 1 1 1 1 0 
27 27 24 24 24 40 36 36 36 36 39 41 41 64 70 70 72 72 108 71 71 55 56 56 57 57 58 63 63 62 56 56 39 39 37 21 21 7 7 7 1 1 1 0 0 0 
27 27 24 24 24 40 36 36 36 36 39 41 41 64 70 70 72 72 108 71 71 55 56 56 57 57 58 63 63 62 56 56 39 39 37 21 21 7 7 7 1 1 1 0 0 0 
42 42 18 26 26 24 24 24 39 39 34 35 35 43 67 67 105 105 112 104 104 115 115 115 87 87 81 111 111 115 66 66 44 44 40 22 22 17 16 16 7 7 6 0 0 0 
42 42 18 26 26 24 24 24 39 39 34 35 35 43 67 67 105 105 112 104 104 115 115 115 87 87 81 111 111 115 66 66 44 44 40 22 22 17 16 16 7 7 6 0 0 0 
74 74 74 47 47 32 29 29 43 43 40 41 41 45 50 50 62 62 73 114 114 117 118 118 87 87 84 115 115 118 100 100 97 97 91 45 45 32 24 24 10 10 9 1 1 0 
72 72 75 52 52 28 25 25 24 24 20 23 23 12 44 44 22 22 73 124 124 127 123 123 116 116 109 94 94 108 119 119 121 121 93 45 45 34 26 26 25 25 20 3 3 3 
72 72 75 52 52 28 25 25 24 24 20 23 23 12 44 44 22 22 73 124 124 127 123 123 116 116 109 94 94 108 119 119 121 121 93 45 45 34 26 26 25 25 20 3 3 3 
67 67 71 64 64 57 54 54 40 40 22 23 23 27 27 27 27 27 29 52 52 53 70 70 64 64 61 61 61 91 118 118 120 120 55 38 38 36 29 29 29 29 6 3 3 3 
61 61 64 59 59 57 50 50 38 38 22 20 20 13 18 18 20 20 33 26 26 55 70 70 66 66 58 57 57 58 41 41 52 52 42 31 31 37 27 27 27 27 6 6 6 6 
61 61 64 59 59 57 50 50 38 38 22 20 20 13 18 18 20 20 33 26 26 55 70 70 66 66 58 57 57 58 41 41 52 52 42 31 31 37 27 27 27 27 6 6 6 6 
42 42 60 61 61 60 58 58 54 54 44 39 39 41 23 23 23 23 16 20 20 35 19 19 25 25 11 8 8 7 6 6 37 37 38 25 25 16 13 13 15 15 6 6 6 5 
42 42 60 61 61 60 58 58 54 54 44 39 39 41 23 23 23 23 16 20 20 35 19 19 25 25 11 8 8 7 6 6 37 37 38 25 25 16 13 13 15 15 6 6 6 5 
33 33 43 46 46 43 40 40 54 54 36 39 39 42 26 26 27 27 21 28 28 24 16 16 14 14 12 9 9 7 6 6 5 5 7 5 5 4 3 3 14 14 8 6 6 6 
29 29 29 36 36 36 33 33 30 30 28 26 26 26 18 18 20 20 18 32 32 30 15 15 14 14 12 11 11 10 9 9 6 6 5 4 4 4 2 2 3 3 3 2 2 1 
29 29 29 36 36 36 33 33 30 30 28 26 26 26 18 18 20 20 18 32 32 30 15 15 14 14 12 11 11 10 9 9 6 6 5 4 4 4 2 2 3 3 3 2 2 1 
27 27 27 28 28 24 23 23 19 19 18 17 17 15 14 14 14 14 14 28 28 28 16 16 24 24 17 14 14 11 12 12 6 6 5 3 3 4 3 3 1 1 2 2 2 1 
29 29 29 31 31 31 29 29 25 25 22 20 20 18 19 19 18 18 17 18 18 31 21 21 22 22 14 19 19 15 13 13 9 9 7 6 6 6 5 5 4 4 3 1 1 1 
