assets/RAT_results/precipitation/2024-08-20_IMERG.asc
ncols        46
nrows        77
xllcorner    74.800261325624
yllcorner    8.058333333333
cellsize     0.062500000000
NODATA_value -9999
6 6 8 5 5 5 9 9 12 12 6 3 3 7 6 6 3 3 1 1 1 2 2 2 2 2 0 1 1 1 1 1 2 2 3 3 3 4 6 6 7 7 7 9 9 11 
6 6 8 5 5 4 10 10 5 5 4 4 4 4 12 12 1 1 1 0 0 1 1 1 1 1 1 1 1 1 2 2 2 2 3 3 3 3 5 5 6 6 7 9 9 12 
6 6 8 5 5 4 10 10 5 5 4 4 4 4 12 12 1 1 1 0 0 1 1 1 1 1 1 1 1 1 2 2 2 2 3 3 3 3 5 5 6 6 7 9 9 12 
4 4 4 4 4 3 6 6 7 7 7 6 6 6 2 2 1 1 2 1 1 0 0 0 1 1 1 1 1 1 1 1 2 2 3 3 3 2 3 3 5 5 7 10 10 11 
1 1 3 6 6 7 5 5 3 3 12 11 11 10 3 3 3 3 2 1 1 1 1 1 1 1 1 1 1 1 1 1 1 1 2 3 3 3 3 3 4 4 6 8 8 9 
1 1 3 6 6 7 5 5 3 3 12 11 11 10 3 3 3 3 2 1 1 1 1 1 1 1 1 1 1 1 1 1 1 1 2 3 3 3 3 3 4 4 6 8 8 9 
2 2 3 10 10 13 5 5 4 4 5 6 6 9 3 3 2 2 1 1 1 1 2 2 2 2 1 1 1 1 1 1 2 2 2 3 3 3 3 3 4 4 4 8 8 9 
2 2 3 10 10 13 5 5 4 4 5 6 6 9 3 3 2 2 1 1 1 1 2 2 2 2 1 1 1 1 1 1 2 2 2 3 3 3 3 3 4 4 4 8 8 9 
4 4 6 10 10 5 4 4 2 2 4 3 3 3 2 2 1 1 1 1 1 1 2 2 2 2 2 1 1 1 2 2 2 2 3 3 3 3 3 3 4 4 4 6 6 8 
4 4 3 19 19 11 10 10 2 2 3 2 2 1 2 2 2 2 3 3 3 1 2 2 3 3 5 1 1 1 3 3 3 3 4 4 4 4 4 4 4 4 4 6 6 7 
4 4 3 19 19 11 10 10 2 2 3 2 2 1 2 2 2 2 3 3 3 1 2 2 3 3 5 1 1 1 3 3 3 3 4 4 4 4 4 4 4 4 4 6 6 7 
3 3 9 10 10 6 7 7 2 2 2 2 2 2 4 4 3 3 1 3 3 1 5 5 5 5 9 1 1 2 3 3 5 5 5 7 7 6 5 5 5 5 4 4 4 7 
2 2 3 2 2 12 3 3 3 3 4 2 2 2 4 4 3 3 0 1 1 3 4 4 5 5 11 2 2 2 4 4 7 7 6 8 8 7 6 6 6 6 4 4 4 5 
2 2 3 2 2 12 3 3 3 3 4 2 2 2 4 4 3 3 0 1 1 3 4 4 5 5 11 2 2 2 4 4 7 7 6 8 8 7 6 6 6 6 4 4 4 5 
1 1 2 2 2 6 13 13 10 10 5 6 6 7 8 8 7 7 3 3 3 2 4 4 6 6 12 3 3 4 4 4 9 9 8 11 11 10 7 7 6 6 4 4 4 4 
1 1 2 2 2 6 13 13 10 10 5 6 6 7 8 8 7 7 3 3 3 2 4 4 6 6 12 3 3 4 4 4 9 9 8 11 11 10 7 7 6 6 4 4 4 4 
1 1 1 0 0 1 2 2 4 4 6 8 8 13 13 13 12 12 3 3 3 6 3 3 4 4 9 3 3 5 6 6 8 8 10 12 12 12 9 9 8 8 4 3 3 3 
1 1 1 1 1 1 2 2 2 2 7 8 8 18 15 15 17 17 9 4 4 9 6 6 5 5 10 2 2 5 5 5 7 7 11 11 11 10 9 9 7 7 4 2 2 1 
1 1 1 1 1 1 2 2 2 2 7 8 8 18 15 15 17 17 9 4 4 9 6 6 5 5 10 2 2 5 5 5 7 7 11 11 11 10 9 9 7 7 4 2 2 1 
1 1 1 1 1 1 3 3 3 3 6 12 12 13 13 13 13 13 13 9 9 12 7 7 7 7 7 1 1 3 3 3 4 4 7 6 6 5 6 6 5 5 3 2 2 0 
1 1 1 2 2 3 8 8 7 7 6 13 13 15 17 17 16 16 13 15 15 10 7 7 5 5 4 2 2 2 1 1 2 2 2 2 2 2 2 2 2 2 1 1 1 0 
1 1 1 2 2 3 8 8 7 7 6 13 13 15 17 17 16 16 13 15 15 10 7 7 5 5 4 2 2 2 1 1 2 2 2 2 2 2 2 2 2 2 1 1 1 0 
1 1 1 2 2 3 7 7 11 11 13 21 21 15 10 10 15 15 9 14 14 12 10 10 8 8 6 4 4 3 2 2 1 1 1 2 2 0 1 1 1 1 1 0 0 1 
1 1 1 2 2 3 7 7 11 11 13 21 21 15 10 10 15 15 9 14 14 12 10 10 8 8 6 4 4 3 2 2 1 1 1 2 2 0 1 1 1 1 1 0 0 1 
1 1 1 2 2 2 3 3 6 6 8 18 18 11 8 8 9 9 6 10 10 16 11 11 8 8 7 4 4 4 3 3 3 3 3 5 5 2 2 2 2 2 2 1 1 1 
2 2 2 2 2 2 3 3 4 4 6 11 11 7 7 7 7 7 5 11 11 13 8 8 5 5 4 6 6 4 3 3 4 4 5 5 5 2 2 2 3 3 3 1 1 1 
2 2 2 2 2 2 3 3 4 4 6 11 11 7 7 7 7 7 5 11 11 13 8 8 5 5 4 6 6 4 3 3 4 4 5 5 5 2 2 2 3 3 3 1 1 1 
2 2 2 2 2 2 4 4 6 6 15 8 8 5 3 3 6 6 4 3 3 4 4 4 5 5 4 4 4 2 1 1 4 4 5 3 3 3 3 3 3 3 3 1 1 2 
4 4 2 2 2 2 3 3 7 7 16 7 7 7 1 1 4 4 5 1 1 0 1 1 1 1 1 2 2 1 2 2 1 1 3 2 2 2 2 2 4 4 3 2 2 3 
4 4 2 2 2 2 3 3 7 7 16 7 7 7 1 1 4 4 5 1 1 0 1 1 1 1 1 2 2 1 2 2 1 1 3 2 2 2 2 2 4 4 3 2 2 3 
4 4 3 3 3 2 3 3 5 5 9 14 14 7 2 2 3 3 2 1 1 1 1 1 1 1 2 2 2 2 4 4 1 1 2 2 2 2 2 2 4 4 4 3 3 4 
4 4 3 3 3 2 3 3 5 5 9 14 14 7 2 2 3 3 2 1 1 1 1 1 1 1 2 2 2 2 4 4 1 1 2 2 2 2 2 2 4 4 4 3 3 4 
6 6 4 3 3 3 3 3 3 3 2 6 6 10 5 5 4 4 3 3 3 4 3 3 4 4 4 4 4 4 7 7 3 3 4 5 5 5 5 5 6 6 6 5 5 6 
6 6 4 3 3 4 3 3 2 2 2 4 4 9 3 3 2 2 8 5 5 5 8 8 13 13 13 12 12 9 15 15 9 9 10 9 9 9 8 8 10 10 8 6 6 6 
6 6 4 3 3 4 3 3 2 2 2 4 4 9 3 3 2 2 8 5 5 5 8 8 13 13 13 12 12 9 15 15 9 9 10 9 9 9 8 8 10 10 8 6 6 6 
7 7 4 4 4 4 4 4 3 3 5 7 7 4 2 2 2 2 8 8 8 9 11 11 19 19 20 23 23 24 21 21 16 16 17 17 17 17 14 14 12 12 8 6 6 6 
7 7 5 5 5 6 5 5 5 5 7 6 6 3 2 2 3 3 8 12 12 15 16 16 21 21 26 26 26 27 26 26 23 23 23 24 24 24 17 17 14 14 8 7 7 6 
7 7 5 5 5 6 5 5 5 5 7 6 6 3 2 2 3 3 8 12 12 15 16 16 21 21 26 26 26 27 26 26 23 23 23 24 24 24 17 17 14 14 8 7 7 6 
11 11 8 8 8 9 7 7 7 7 6 6 6 6 5 5 4 4 8 17 17 16 17 17 24 24 31 25 25 24 23 23 22 22 22 26 26 24 17 17 14 14 8 9 9 9 
11 11 8 8 8 9 7 7 7 7 6 6 6 6 5 5 4 4 8 17 17 16 17 17 24 24 31 25 25 24 23 23 22 22 22 26 26 24 17 17 14 14 8 9 9 9 
16 16 10 10 10 11 9 9 10 10 8 7 7 9 6 6 5 5 6 14 14 18 20 20 24 24 28 23 23 21 17 17 19 19 20 22 22 20 14 14 12 12 6 7 7 7 
18 18 14 15 15 15 14 14 14 14 12 7 7 11 5 5 3 3 5 11 11 18 19 19 22 22 30 21 21 20 20 20 19 19 16 18 18 16 12 12 11 11 7 6 6 7 
18 18 14 15 15 15 14 14 14 14 12 7 7 11 5 5 3 3 5 11 11 18 19 19 22 22 30 21 21 20 20 20 19 19 16 18 18 16 12 12 11 11 7 6 6 7 
23 23 21 28 28 24 26 26 20 20 15 8 8 10 4 4 2 2 3 5 5 15 22 22 26 26 25 13 13 12 17 17 17 17 13 15 15 13 12 12 11 11 8 6 6 7 
25 25 26 29 29 32 33 33 29 29 23 10 10 8 5 5 3 3 3 4 4 11 26 26 31 31 27 15 15 14 17 17 16 16 12 13 13 10 10 10 10 10 7 7 7 7 
25 25 26 29 29 32 33 33 29 29 23 10 10 8 5 5 3 3 3 4 4 11 26 26 31 31 27 15 15 14 17 17 16 16 12 13 13 10 10 10 10 10 7 7 7 7 
23 23 26 31 31 34 33 33 33 33 26 10 10 8 5 5 4 4 6 4 4 7 24 24 32 32 35 24 24 21 19 19 12 12 10 11 11 9 9 9 10 10 7 6 6 6 
23 23 26 31 31 34 33 33 33 33 26 10 10 8 5 5 4 4 6 4 4 7 24 24 32 32 35 24 24 21 19 19 12 12 10 11 11 9 9 9 10 10 7 6 6 6 
22 22 28 31 31 33 34 34 36 36 18 10 10 8 6 6 7 7 9 8 8 9 27 27 39 39 44 33 33 26 21 21 9 9 7 7 7 8 9 9 10 10 7 6 6 7 
26 26 28 31 31 34 32 32 26 26 13 8 8 11 11 11 12 12 13 12 12 15 22 22 40 40 42 38 38 30 20 20 10 10 8 5 5 7 10 10 11 11 8 8 8 8 
26 26 28 31 31 34 32 32 26 26 13 8 8 11 11 11 12 12 13 12 12 15 22 22 40 40 42 38 38 30 20 20 10 10 8 5 5 7 10 10 11 11 8 8 8 8 
31 31 34 42 42 36 26 26 20 20 11 9 9 12 13 13 16 16 17 18 18 27 41 41 52 52 35 34 34 34 24 24 11 11 9 5 5 7 10 10 11 11 12 10 10 10 
40 40 42 48 48 36 22 22 13 13 11 10 10 12 14 14 14 14 17 24 24 26 28 28 44 44 31 32 32 35 28 28 17 17 13 8 8 8 7 7 9 9 11 13 13 12 
40 40 42 48 48 36 22 22 13 13 11 10 10 12 14 14 14 14 17 24 24 26 28 28 44 44 31 32 32 35 28 28 17 17 13 8 8 8 7 7 9 9 11 13 13 12 
50 50 56 51 51 22 14 14 12 12 11 11 11 9 12 12 13 13 16 19 19 19 32 32 41 41 29 34 34 31 21 21 18 18 17 9 9 8 6 6 6 6 10 14 14 14 
50 50 56 51 51 22 14 14 12 12 11 11 11 9 12 12 13 13 16 19 19 19 32 32 41 41 29 34 34 31 21 21 18 18 17 9 9 8 6 6 6 6 10 14 14 14 
50 50 52 36 36 19 16 16 11 11 13 15 15 12 15 15 12 12 15 13 13 18 28 28 28 28 20 26 26 21 17 17 17 17 13 9 9 7 6 6 6 6 8 13 13 15 
41 41 46 41 41 22 20 20 15 15 15 16 16 18 17 17 13 13 12 14 14 14 20 20 30 30 19 20 20 18 13 13 14 14 14 11 11 10 9 9 9 9 6 12 12 14 
41 41 46 41 41 22 20 20 15 15 15 16 16 18 17 17 13 13 12 14 14 14 20 20 30 30 19 20 20 18 13 13 14 14 14 11 11 10 9 9 9 9 6 12 12 14 
35 35 40 38 38 31 15 15 16 16 17 11 11 12 10 10 11 11 9 8 8 7 17 17 8 8 9 9 9 10 9 9 11 11 14 14 14 15 8 8 5 5 5 7 7 9 
25 25 28 24 24 17 8 8 9 9 8 5 5 7 7 7 7 7 6 5 5 3 10 10 4 4 6 5 5 7 5 5 7 7 7 7 7 6 4 4 4 4 4 5 5 6 
25 25 28 24 24 17 8 8 9 9 8 5 5 7 7 7 7 7 6 5 5 3 10 10 4 4 6 5 5 7 5 5 7 7 7 7 7 6 4 4 4 4 4 5 5 6 
18 18 16 7 7 8 7 7 5 5 6 4 4 5 5 5 6 6 5 5 5 3 6 6 2 2 2 3 3 5 5 5 5 5 5 5 5 3 2 2 3 3 4 3 3 3 
18 18 16 7 7 8 7 7 5 5 6 4 4 5 5 5 6 6 5 5 5 3 6 6 2 2 2 3 3 5 5 5 5 5 5 5 5 3 2 2 3 3 4 3 3 3 
14 14 6 8 8 7 5 5 5 5 7 4 4 5 5 5 5 5 5 7 7 13 5 5 3 3 1 3 3 4 3 3 3 3 4 4 4 2 2 2 3 3 4 2 2 2 
10 10 6 8 8 5 5 5 6 6 6 5 5 4 4 4 6 6 7 12 12 17 12 12 3 3 2 2 2 4 3 3 3 3 5 5 5 3 2 2 2 2 2 2 2 1 
10 10 6 8 8 5 5 5 6 6 6 5 5 4 4 4 6 6 7 12 12 17 12 12 3 3 2 2 2 4 3 3 3 3 5 5 5 3 2 2 2 2 2 2 2 1 
21 21 17 16 16 8 8 8 8 8 8 7 7 7 7 7 9 9 11 15 15 17 15 15 5 5 3 2 2 3 8 8 7 7 9 8 8 7 3 3 3 3 2 3 3 2 
26 26 23 19 19 16 13 13 12 12 9 10 10 9 8 8 12 12 14 17 17 12 8 8 6 6 5 2 2 2 2 2 4 4 8 10 10 8 5 5 4 4 3 4 4 3 
26 26 23 19 19 16 13 13 12 12 9 10 10 9 8 8 12 12 14 17 17 12 8 8 6 6 5 2 2 2 2 2 4 4 8 10 10 8 5 5 4 4 3 4 4 3 
16 16 15 17 17 16 13 13 15 15 13 15 15 17 21 21 20 20 22 12 12 11 9 9 8 8 6 4 4 1 2 2 6 6 6 8 8 7 6 6 5 5 3 4 4 1 
16 16 15 17 17 16 13 13 15 15 13 15 15 17 21 21 20 20 22 12 12 11 9 9 8 8 6 4 4 1 2 2 6 6 6 8 8 7 6 6 5 5 3 4 4 1 
14 14 14 15 15 14 15 15 16 16 19 23 23 25 28 28 36 36 21 14 14 12 10 10 10 10 6 4 4 4 3 3 2 2 3 4 4 8 4 4 3 3 1 2 2 0 
16 16 15 16 16 12 12 12 14 14 16 25 25 31 43 43 44 44 29 19 19 15 15 15 12 12 8 6 6 5 6 6 5 5 4 3 3 4 4 4 1 1 0 1 1 0 
16 16 15 16 16 12 12 12 14 14 16 25 25 31 43 43 44 44 29 19 19 15 15 15 12 12 8 6 6 5 6 6 5 5 4 3 3 4 4 4 1 1 0 1 1 0 
15 15 14 15 15 13 12 12 13 13 17 25 25 34 52 52 33 33 28 22 22 18 16 16 14 14 9 8 8 10 7 7 6 6 4 1 1 1 1 1 2 2 0 0 0 0 
18 18 19 16 16 14 15 15 19 19 21 30 30 35 23 23 22 22 18 22 22 18 16 16 13 13 10 11 11 20 17 17 13 13 5 2 2 0 1 1 1 1 2 0 0 0 
