assets/RAT_results/precipitation/2024-06-21_IMERG.asc
ncols        46
nrows        77
xllcorner    74.800261325624
yllcorner    8.058333333333
cellsize     0.062500000000
NODATA_value -9999
29 29 31 30 30 24 21 21 18 18 16 16 16 14 9 9 5 5 0 0 0 0 0 0 0 0 0 0 0 0 0 0 0 0 0 0 0 0 1 1 2 2 2 0 0 0 
37 37 34 37 37 36 33 33 32 32 25 21 21 14 8 8 3 3 0 0 0 0 0 0 0 0 0 0 0 0 0 0 0 0 0 0 0 0 0 0 0 0 1 1 1 2 
37 37 34 37 37 36 33 33 32 32 25 21 21 14 8 8 3 3 0 0 0 0 0 0 0 0 0 0 0 0 0 0 0 0 0 0 0 0 0 0 0 0 1 1 1 2 
48 48 44 43 43 39 33 33 26 26 21 21 21 15 6 6 3 3 1 0 0 0 0 0 0 0 0 0 0 0 0 0 0 0 0 0 0 0 0 0 1 1 0 0 0 1 
49 49 42 39 39 38 33 33 27 27 23 21 21 17 8 8 4 4 2 1 1 0 0 0 0 0 0 0 0 0 0 0 0 0 0 0 0 0 0 0 0 0 0 0 0 0 
49 49 42 39 39 38 33 33 27 27 23 21 21 17 8 8 4 4 2 1 1 0 0 0 0 0 0 0 0 0 0 0 0 0 0 0 0 0 0 0 0 0 0 0 0 0 
41 41 47 43 43 44 39 39 30 30 21 20 20 16 8 8 6 6 3 1 1 1 0 0 0 0 0 0 0 0 0 0 0 0 0 0 0 0 0 0 0 0 0 0 0 0 
41 41 47 43 43 44 39 39 30 30 21 20 20 16 8 8 6 6 3 1 1 1 0 0 0 0 0 0 0 0 0 0 0 0 0 0 0 0 0 0 0 0 0 0 0 0 
50 50 57 49 49 46 52 52 42 42 27 17 17 15 10 10 6 6 2 2 2 1 0 0 0 0 0 0 0 0 0 0 0 0 0 0 0 0 0 0 0 0 0 0 0 0 
55 55 44 51 51 45 50 50 50 50 42 25 25 13 8 8 7 7 4 3 3 0 0 0 0 0 0 0 0 0 0 0 0 0 0 0 0 0 0 0 0 0 0 0 0 0 
55 55 44 51 51 45 50 50 50 50 42 25 25 13 8 8 7 7 4 3 3 0 0 0 0 0 0 0 0 0 0 0 0 0 0 0 0 0 0 0 0 0 0 0 0 0 
68 68 53 66 66 55 49 49 57 57 39 38 38 23 10 10 9 9 2 2 2 1 0 0 0 0 0 0 0 0 0 0 0 0 0 0 0 0 0 0 0 0 0 0 0 0 
89 89 67 51 51 67 56 56 56 56 54 51 51 36 22 22 15 15 4 3 3 1 1 1 0 0 0 0 0 0 0 0 0 0 0 0 0 1 1 1 2 2 2 2 2 3 
89 89 67 51 51 67 56 56 56 56 54 51 51 36 22 22 15 15 4 3 3 1 1 1 0 0 0 0 0 0 0 0 0 0 0 0 0 1 1 1 2 2 2 2 2 3 
96 96 82 73 73 66 74 74 66 66 60 60 60 49 35 35 20 20 5 4 4 2 1 1 1 1 0 0 0 0 0 0 0 0 0 0 0 1 2 2 4 4 6 6 6 10 
96 96 82 73 73 66 74 74 66 66 60 60 60 49 35 35 20 20 5 4 4 2 1 1 1 1 0 0 0 0 0 0 0 0 0 0 0 1 2 2 4 4 6 6 6 10 
104 104 98 87 87 80 90 90 74 74 69 63 63 56 34 34 23 23 14 5 5 3 2 2 1 1 1 0 0 0 0 0 1 1 1 1 1 1 1 1 3 3 3 4 4 5 
114 114 107 96 96 88 74 74 98 98 89 79 79 51 45 45 22 22 16 4 4 3 2 2 3 3 3 2 2 0 1 1 1 1 0 0 0 0 1 1 2 2 3 4 4 5 
114 114 107 96 96 88 74 74 98 98 89 79 79 51 45 45 22 22 16 4 4 3 2 2 3 3 3 2 2 0 1 1 1 1 0 0 0 0 1 1 2 2 3 4 4 5 
114 114 108 103 103 100 84 84 80 80 99 78 78 68 49 49 25 25 18 5 5 4 1 1 1 1 2 0 0 0 0 0 0 0 0 0 0 0 1 1 1 1 1 1 1 1 
119 119 115 116 116 116 85 85 78 78 65 87 87 73 42 42 36 36 32 8 8 8 3 3 2 2 1 1 1 1 0 0 0 0 0 1 1 0 0 0 0 0 0 0 0 0 
119 119 115 116 116 116 85 85 78 78 65 87 87 73 42 42 36 36 32 8 8 8 3 3 2 2 1 1 1 1 0 0 0 0 0 1 1 0 0 0 0 0 0 0 0 0 
101 101 106 109 109 121 97 97 95 95 77 96 96 86 51 51 49 49 21 14 14 12 7 7 6 6 6 6 6 7 6 6 3 3 2 2 2 1 1 1 1 1 1 0 0 0 
101 101 106 109 109 121 97 97 95 95 77 96 96 86 51 51 49 49 21 14 14 12 7 7 6 6 6 6 6 7 6 6 3 3 2 2 2 1 1 1 1 1 1 0 0 0 
92 92 97 103 103 110 103 103 96 96 77 62 62 84 52 52 41 41 21 17 17 10 7 7 8 8 6 6 6 7 4 4 2 2 2 1 1 0 1 1 1 1 0 0 0 0 
83 83 87 94 94 100 96 96 87 87 75 69 69 82 68 68 51 51 26 23 23 12 12 12 7 7 7 7 7 8 8 8 4 4 3 2 2 0 0 0 0 0 0 0 0 0 
83 83 87 94 94 100 96 96 87 87 75 69 69 82 68 68 51 51 26 23 23 12 12 12 7 7 7 7 7 8 8 8 4 4 3 2 2 0 0 0 0 0 0 0 0 0 
56 56 58 63 63 73 64 64 57 57 58 53 53 40 53 53 51 51 42 37 37 19 19 19 12 12 14 14 14 18 13 13 6 6 4 2 2 0 0 0 0 0 0 0 0 0 
38 38 42 38 38 43 43 43 50 50 43 47 47 46 46 46 39 39 45 47 47 24 24 24 16 16 15 15 15 17 11 11 7 7 2 1 1 0 0 0 0 0 0 0 0 0 
38 38 42 38 38 43 43 43 50 50 43 47 47 46 46 46 39 39 45 47 47 24 24 24 16 16 15 15 15 17 11 11 7 7 2 1 1 0 0 0 0 0 0 0 0 0 
36 36 37 31 31 33 38 38 32 32 34 32 32 30 27 27 29 29 26 20 20 18 16 16 11 11 11 10 10 9 7 7 4 4 2 0 0 0 0 0 0 0 0 0 0 0 
36 36 37 31 31 33 38 38 32 32 34 32 32 30 27 27 29 29 26 20 20 18 16 16 11 11 11 10 10 9 7 7 4 4 2 0 0 0 0 0 0 0 0 0 0 0 
34 34 37 31 31 24 26 26 32 32 28 23 23 17 23 23 26 26 20 19 19 17 11 11 10 10 10 9 9 8 6 6 4 4 2 0 0 0 0 0 0 0 0 0 0 0 
32 32 34 34 34 22 25 25 21 21 17 15 15 18 20 20 27 27 33 22 22 24 19 19 13 13 10 8 8 10 5 5 3 3 2 1 1 0 0 0 0 0 0 0 0 0 
32 32 34 34 34 22 25 25 21 21 17 15 15 18 20 20 27 27 33 22 22 24 19 19 13 13 10 8 8 10 5 5 3 3 2 1 1 0 0 0 0 0 0 0 0 0 
34 34 35 36 36 22 22 22 21 21 14 13 13 17 19 19 25 25 30 31 31 34 29 29 22 22 13 12 12 12 8 8 4 4 3 1 1 0 0 0 0 0 0 0 0 0 
37 37 36 30 30 22 21 21 18 18 11 9 9 12 13 13 19 19 32 36 36 35 20 20 16 16 14 13 13 12 9 9 4 4 3 1 1 1 0 0 0 0 0 0 0 0 
37 37 36 30 30 22 21 21 18 18 11 9 9 12 13 13 19 19 32 36 36 35 20 20 16 16 14 13 13 12 9 9 4 4 3 1 1 1 0 0 0 0 0 0 0 0 
52 52 53 40 40 30 19 19 14 14 9 7 7 7 8 8 7 7 26 35 35 28 19 19 13 13 12 12 12 11 7 7 4 4 3 2 2 1 0 0 0 0 0 0 0 0 
52 52 53 40 40 30 19 19 14 14 9 7 7 7 8 8 7 7 26 35 35 28 19 19 13 13 12 12 12 11 7 7 4 4 3 2 2 1 0 0 0 0 0 0 0 0 
34 34 37 41 41 32 17 17 12 12 7 5 5 5 5 5 6 6 7 20 20 25 18 18 10 10 12 12 12 8 5 5 4 4 4 2 2 1 0 0 0 0 1 0 0 0 
30 30 27 27 27 28 20 20 15 15 12 9 9 6 6 6 5 5 5 7 7 12 16 16 12 12 12 12 12 8 6 6 8 8 10 6 6 3 2 2 2 2 1 1 1 0 
30 30 27 27 27 28 20 20 15 15 12 9 9 6 6 6 5 5 5 7 7 12 16 16 12 12 12 12 12 8 6 6 8 8 10 6 6 3 2 2 2 2 1 1 1 0 
24 24 21 24 24 20 15 15 14 14 13 8 8 5 4 4 4 4 4 6 6 9 11 11 12 12 13 10 10 8 12 12 12 12 14 9 9 4 4 4 1 1 0 0 0 0 
24 24 26 27 27 24 19 19 15 15 14 12 12 8 6 6 5 5 5 6 6 11 14 14 16 16 21 20 20 16 18 18 18 18 19 17 17 9 4 4 3 3 0 0 0 0 
24 24 26 27 27 24 19 19 15 15 14 12 12 8 6 6 5 5 5 6 6 11 14 14 16 16 21 20 20 16 18 18 18 18 19 17 17 9 4 4 3 3 0 0 0 0 
25 25 28 31 31 35 27 27 22 22 20 15 15 12 8 8 8 8 10 13 13 12 18 18 16 16 20 24 24 18 20 20 22 22 20 16 16 9 5 5 2 2 0 0 0 0 
25 25 28 31 31 35 27 27 22 22 20 15 15 12 8 8 8 8 10 13 13 12 18 18 16 16 20 24 24 18 20 20 22 22 20 16 16 9 5 5 2 2 0 0 0 0 
31 31 36 35 35 34 30 30 30 30 26 21 21 16 13 13 14 14 14 17 17 17 24 24 23 23 29 25 25 25 27 27 24 24 25 19 19 10 5 5 3 3 1 1 1 1 
27 27 30 28 28 28 29 29 30 30 27 25 25 20 15 15 16 16 19 20 20 20 28 28 30 30 33 33 33 31 33 33 36 36 31 14 14 9 5 5 3 3 3 3 3 1 
27 27 30 28 28 28 29 29 30 30 27 25 25 20 15 15 16 16 19 20 20 20 28 28 30 30 33 33 33 31 33 33 36 36 31 14 14 9 5 5 3 3 3 3 3 1 
23 23 25 25 25 23 26 26 29 29 25 20 20 21 15 15 18 18 22 21 21 20 27 27 29 29 33 35 35 28 28 28 26 26 23 14 14 12 9 9 6 6 5 3 3 2 
30 30 27 25 25 23 24 24 26 26 23 22 22 19 16 16 15 15 20 21 21 21 21 21 26 26 37 37 37 28 20 20 17 17 20 18 18 16 10 10 8 8 5 2 2 1 
30 30 27 25 25 23 24 24 26 26 23 22 22 19 16 16 15 15 20 21 21 21 21 21 26 26 37 37 37 28 20 20 17 17 20 18 18 16 10 10 8 8 5 2 2 1 
14 14 13 14 14 15 15 15 19 19 22 20 20 22 20 20 16 16 18 21 21 17 23 23 26 26 26 24 24 23 13 13 12 12 17 18 18 15 10 10 10 10 7 3 3 2 
14 14 13 14 14 15 15 15 19 19 22 20 20 22 20 20 16 16 18 21 21 17 23 23 26 26 26 24 24 23 13 13 12 12 17 18 18 15 10 10 10 10 7 3 3 2 
18 18 15 16 16 15 16 16 21 21 25 25 25 29 22 22 18 18 19 20 20 21 22 22 33 33 33 27 27 25 14 14 12 12 10 10 10 9 5 5 6 6 5 3 3 2 
19 19 18 16 16 15 16 16 22 22 23 29 29 30 31 31 28 28 20 21 21 21 24 24 30 30 29 31 31 24 17 17 13 13 7 4 4 3 2 2 2 2 1 2 2 1 
19 19 18 16 16 15 16 16 22 22 23 29 29 30 31 31 28 28 20 21 21 21 24 24 30 30 29 31 31 24 17 17 13 13 7 4 4 3 2 2 2 2 1 2 2 1 
19 19 20 23 23 24 22 22 24 24 27 36 36 38 35 35 26 26 17 22 22 20 20 20 18 18 28 34 34 29 20 20 14 14 8 4 4 4 2 2 1 1 1 1 1 0 
16 16 19 23 23 22 24 24 26 26 31 34 34 33 33 33 30 30 21 18 18 17 15 15 10 10 19 19 19 23 19 19 14 14 12 8 8 8 4 4 6 6 3 2 2 1 
16 16 19 23 23 22 24 24 26 26 31 34 34 33 33 33 30 30 21 18 18 17 15 15 10 10 19 19 19 23 19 19 14 14 12 8 8 8 4 4 6 6 3 2 2 1 
18 18 19 24 24 25 24 24 26 26 27 33 33 35 29 29 23 23 26 16 16 17 15 15 13 13 8 13 13 15 11 11 7 7 10 9 9 9 7 7 6 6 4 4 4 2 
18 18 19 24 24 25 24 24 26 26 27 33 33 35 29 29 23 23 26 16 16 17 15 15 13 13 8 13 13 15 11 11 7 7 10 9 9 9 7 7 6 6 4 4 4 2 
18 18 17 19 19 20 21 21 22 22 23 23 23 30 30 30 31 31 30 25 25 20 17 17 13 13 8 11 11 10 7 7 6 6 4 7 7 7 6 6 4 4 5 4 4 3 
33 33 20 19 19 14 17 17 19 19 23 21 21 31 32 32 31 31 33 31 31 30 23 23 16 16 13 13 13 11 8 8 9 9 7 11 11 9 5 5 3 3 2 4 4 1 
33 33 20 19 19 14 17 17 19 19 23 21 21 31 32 32 31 31 33 31 31 30 23 23 16 16 13 13 13 11 8 8 9 9 7 11 11 9 5 5 3 3 2 4 4 1 
24 24 23 25 25 18 19 19 17 17 21 22 22 25 30 30 36 36 35 32 32 29 27 27 18 18 16 14 14 11 12 12 11 11 12 12 12 12 10 10 4 4 4 3 3 2 
19 19 19 21 21 20 30 30 20 20 25 23 23 28 28 28 35 35 43 34 34 30 26 26 27 27 26 25 25 12 18 18 12 12 14 14 14 15 14 14 9 9 6 1 1 2 
19 19 19 21 21 20 30 30 20 20 25 23 23 28 28 28 35 35 43 34 34 30 26 26 27 27 26 25 25 12 18 18 12 12 14 14 14 15 14 14 9 9 6 1 1 2 
17 17 16 17 17 17 22 22 22 22 26 25 25 29 27 27 31 31 33 32 32 32 28 28 24 24 26 25 25 22 18 18 20 20 22 16 16 16 19 19 10 10 7 3 3 1 
17 17 16 17 17 17 22 22 22 22 26 25 25 29 27 27 31 31 33 32 32 32 28 28 24 24 26 25 25 22 18 18 20 20 22 16 16 16 19 19 10 10 7 3 3 1 
14 14 15 14 14 15 18 18 20 20 23 24 24 29 29 29 30 30 26 28 28 30 25 25 27 27 26 26 26 22 23 23 23 23 27 24 24 19 20 20 12 12 5 2 2 1 
16 16 14 13 13 13 13 13 15 15 19 23 23 24 24 24 26 26 23 24 24 20 21 21 23 23 19 26 26 26 20 20 22 22 20 22 22 17 12 12 8 8 3 1 1 1 
16 16 14 13 13 13 13 13 15 15 19 23 23 24 24 24 26 26 23 24 24 20 21 21 23 23 19 26 26 26 20 20 22 22 20 22 22 17 12 12 8 8 3 1 1 1 
19 19 15 11 11 11 10 10 12 12 14 17 17 23 24 24 26 26 28 27 27 25 25 25 20 20 19 20 20 16 13 13 16 16 16 15 15 20 16 16 11 11 6 4 4 1 
21 21 18 14 14 11 10 10 11 11 11 13 13 14 18 18 21 21 22 23 23 24 21 21 18 18 17 15 15 11 11 11 13 13 11 9 9 11 6 6 7 7 10 3 3 3 
