assets/RAT_results/precipitation/2024-08-16_IMERG.asc
ncols        46
nrows        77
xllcorner    74.800261325624
yllcorner    8.058333333333
cellsize     0.062500000000
NODATA_value -9999
21 21 20 45 45 38 39 39 30 30 21 20 20 17 14 14 19 19 15 12 12 18 19 19 9 9 4 8 8 9 2 2 1 1 0 0 0 0 0 0 0 0 0 1 1 1 
17 17 22 68 68 54 91 91 49 49 22 22 22 17 10 10 10 10 10 10 10 7 5 5 2 2 1 0 0 0 0 0 0 0 0 0 0 0 0 0 0 0 0 0 0 0 
17 17 22 68 68 54 91 91 49 49 22 22 22 17 10 10 10 10 10 10 10 7 5 5 2 2 1 0 0 0 0 0 0 0 0 0 0 0 0 0 0 0 0 0 0 0 
10 10 13 18 18 42 33 33 31 31 19 11 11 5 4 4 5 5 3 2 2 2 1 1 1 1 3 0 0 0 0 0 0 0 0 0 0 0 0 0 0 0 0 0 0 0 
2 2 3 3 3 4 5 5 7 7 6 1 1 0 9 9 4 4 0 0 0 0 0 0 0 0 2 0 0 0 0 0 0 0 0 0 0 1 0 0 1 1 0 1 1 1 
2 2 3 3 3 4 5 5 7 7 6 1 1 0 9 9 4 4 0 0 0 0 0 0 0 0 2 0 0 0 0 0 0 0 0 0 0 1 0 0 1 1 0 1 1 1 
1 1 0 0 0 1 0 0 17 17 11 0 0 3 25 25 0 0 0 0 0 0 0 0 0 0 0 0 0 0 0 0 0 0 0 0 0 1 1 1 1 1 0 1 1 1 
1 1 0 0 0 1 0 0 17 17 11 0 0 3 25 25 0 0 0 0 0 0 0 0 0 0 0 0 0 0 0 0 0 0 0 0 0 1 1 1 1 1 0 1 1 1 
1 1 1 1 1 1 17 17 33 33 51 1 1 0 4 4 0 0 0 0 0 0 0 0 0 0 0 0 0 0 0 0 0 0 0 0 0 0 1 1 1 1 0 0 0 0 
3 3 1 5 5 5 11 11 19 19 14 5 5 3 1 1 0 0 0 0 0 0 0 0 0 0 0 0 0 1 0 0 0 0 0 1 1 4 4 4 0 0 0 0 0 0 
3 3 1 5 5 5 11 11 19 19 14 5 5 3 1 1 0 0 0 0 0 0 0 0 0 0 0 0 0 1 0 0 0 0 0 1 1 4 4 4 0 0 0 0 0 0 
1 1 1 2 2 6 7 7 10 10 11 10 10 6 3 3 2 2 1 3 3 0 0 0 0 0 0 1 1 3 1 1 0 0 0 1 1 1 1 1 0 0 0 0 0 0 
2 2 2 2 2 7 5 5 15 15 18 15 15 9 7 7 4 4 2 1 1 7 1 1 0 0 0 3 3 6 3 3 0 0 0 1 1 0 0 0 0 0 0 0 0 0 
2 2 2 2 2 7 5 5 15 15 18 15 15 9 7 7 4 4 2 1 1 7 1 1 0 0 0 3 3 6 3 3 0 0 0 1 1 0 0 0 0 0 0 0 0 0 
3 3 2 2 2 1 3 3 8 8 9 13 13 10 11 11 8 8 5 4 4 3 1 1 0 0 1 8 8 20 9 9 0 0 1 1 1 1 1 1 0 0 0 0 0 0 
3 3 2 2 2 1 3 3 8 8 9 13 13 10 11 11 8 8 5 4 4 3 1 1 0 0 1 8 8 20 9 9 0 0 1 1 1 1 1 1 0 0 0 0 0 0 
2 2 0 0 0 1 4 4 5 5 6 11 11 9 7 7 5 5 5 4 4 2 0 0 0 0 2 23 23 37 12 12 1 1 0 0 0 0 0 0 0 0 0 0 0 0 
2 2 1 1 1 0 3 3 8 8 9 9 9 7 3 3 2 2 2 1 1 1 1 1 0 0 0 1 1 0 5 5 0 0 0 0 0 0 0 0 0 0 0 0 0 0 
2 2 1 1 1 0 3 3 8 8 9 9 9 7 3 3 2 2 2 1 1 1 1 1 0 0 0 1 1 0 5 5 0 0 0 0 0 0 0 0 0 0 0 0 0 0 
2 2 1 1 1 0 1 1 3 3 5 6 6 8 5 5 1 1 0 0 0 0 2 2 0 0 0 0 0 0 0 0 0 0 1 1 1 0 0 0 0 0 0 0 0 0 
2 2 1 1 1 0 0 0 1 1 1 4 4 5 4 4 6 6 1 0 0 0 0 0 0 0 0 1 1 1 1 1 2 2 4 2 2 0 0 0 0 0 0 0 0 0 
2 2 1 1 1 0 0 0 1 1 1 4 4 5 4 4 6 6 1 0 0 0 0 0 0 0 0 1 1 1 1 1 2 2 4 2 2 0 0 0 0 0 0 0 0 0 
1 1 1 0 0 0 0 0 1 1 1 2 2 1 1 1 6 6 2 2 2 2 3 3 3 3 3 1 1 0 0 0 3 3 5 6 6 0 0 0 0 0 0 0 0 0 
1 1 1 0 0 0 0 0 1 1 1 2 2 1 1 1 6 6 2 2 2 2 3 3 3 3 3 1 1 0 0 0 3 3 5 6 6 0 0 0 0 0 0 0 0 0 
4 4 4 0 0 0 0 0 1 1 1 0 0 1 1 1 4 4 8 2 2 2 2 2 3 3 1 1 1 0 0 0 2 2 0 0 0 0 0 0 0 0 1 1 1 0 
11 11 8 3 3 1 0 0 0 0 0 0 0 1 2 2 3 3 9 10 10 7 3 3 3 3 2 2 2 1 0 0 1 1 0 0 0 0 0 0 0 0 0 0 0 2 
11 11 8 3 3 1 0 0 0 0 0 0 0 1 2 2 3 3 9 10 10 7 3 3 3 3 2 2 2 1 0 0 1 1 0 0 0 0 0 0 0 0 0 0 0 2 
31 31 15 9 9 1 0 0 0 0 1 1 1 0 1 1 1 1 5 7 7 4 4 4 6 6 4 2 2 1 1 1 1 1 1 1 1 0 0 0 0 0 0 0 0 0 
75 75 39 17 17 8 1 1 1 1 1 1 1 0 0 0 1 1 0 1 1 2 3 3 6 6 3 2 2 2 3 3 4 4 3 2 2 2 3 3 1 1 0 1 1 1 
75 75 39 17 17 8 1 1 1 1 1 1 1 0 0 0 1 1 0 1 1 2 3 3 6 6 3 2 2 2 3 3 4 4 3 2 2 2 3 3 1 1 0 1 1 1 
84 84 46 22 22 15 6 6 2 2 4 4 4 1 0 0 1 1 0 1 1 2 3 3 8 8 2 2 2 4 3 3 3 3 2 4 4 6 12 12 5 5 1 1 1 6 
84 84 46 22 22 15 6 6 2 2 4 4 4 1 0 0 1 1 0 1 1 2 3 3 8 8 2 2 2 4 3 3 3 3 2 4 4 6 12 12 5 5 1 1 1 6 
92 92 63 31 31 21 13 13 11 11 17 17 17 2 2 2 3 3 1 2 2 1 0 0 1 1 2 2 2 4 3 3 2 2 2 5 5 7 8 8 4 4 2 2 2 8 
71 71 58 40 40 23 22 22 18 18 39 54 54 3 2 2 1 1 1 1 1 1 0 0 0 0 1 1 1 1 1 1 1 1 3 6 6 5 3 3 3 3 2 4 4 4 
71 71 58 40 40 23 22 22 18 18 39 54 54 3 2 2 1 1 1 1 1 1 0 0 0 0 1 1 1 1 1 1 1 1 3 6 6 5 3 3 3 3 2 4 4 4 
54 54 41 41 41 29 28 28 26 26 64 9 9 60 3 3 1 1 3 1 1 1 1 1 1 1 0 0 0 0 1 1 2 2 5 8 8 5 4 4 2 2 2 4 4 3 
55 55 45 50 50 44 42 42 41 41 99 92 92 48 12 12 2 2 2 2 2 2 4 4 4 4 2 1 1 2 3 3 5 5 9 14 14 14 7 7 2 2 0 1 1 3 
55 55 45 50 50 44 42 42 41 41 99 92 92 48 12 12 2 2 2 2 2 2 4 4 4 4 2 1 1 2 3 3 5 5 9 14 14 14 7 7 2 2 0 1 1 3 
79 79 78 77 77 58 60 60 96 96 81 39 39 30 15 15 8 8 3 9 9 8 5 5 7 7 7 6 6 4 3 3 4 4 9 18 18 13 8 8 3 3 0 0 0 0 
79 79 78 77 77 58 60 60 96 96 81 39 39 30 15 15 8 8 3 9 9 8 5 5 7 7 7 6 6 4 3 3 4 4 9 18 18 13 8 8 3 3 0 0 0 0 
108 108 97 85 85 60 82 82 90 90 70 47 47 28 13 13 10 10 8 25 25 17 10 10 8 8 9 6 6 4 2 2 4 4 9 17 17 18 11 11 4 4 0 0 0 0 
77 77 64 70 70 60 48 48 73 73 86 78 78 43 29 29 10 10 7 14 14 14 12 12 11 11 13 6 6 3 2 2 7 7 8 16 16 14 8 8 2 2 1 0 0 0 
77 77 64 70 70 60 48 48 73 73 86 78 78 43 29 29 10 10 7 14 14 14 12 12 11 11 13 6 6 3 2 2 7 7 8 16 16 14 8 8 2 2 1 0 0 0 
45 45 52 57 57 51 40 40 36 36 36 40 40 45 35 35 10 10 9 5 5 16 14 14 16 16 24 17 17 10 2 2 1 1 9 13 13 16 11 11 2 2 1 1 1 0 
48 48 35 32 32 31 25 25 25 25 23 27 27 36 26 26 6 6 12 8 8 6 20 20 21 21 46 24 24 40 8 8 2 2 7 16 16 14 11 11 2 2 1 1 1 0 
48 48 35 32 32 31 25 25 25 25 23 27 27 36 26 26 6 6 12 8 8 6 20 20 21 21 46 24 24 40 8 8 2 2 7 16 16 14 11 11 2 2 1 1 1 0 
44 44 26 23 23 30 28 28 27 27 22 23 23 28 19 19 20 20 15 12 12 4 2 2 11 11 22 26 26 47 14 14 2 2 5 12 12 15 6 6 0 0 1 1 1 0 
44 44 26 23 23 30 28 28 27 27 22 23 23 28 19 19 20 20 15 12 12 4 2 2 11 11 22 26 26 47 14 14 2 2 5 12 12 15 6 6 0 0 1 1 1 0 
32 32 28 28 28 29 34 34 25 25 23 24 24 31 26 26 22 22 29 8 8 6 4 4 13 13 10 31 31 8 9 9 1 1 7 3 3 3 2 2 0 0 0 0 0 0 
27 27 24 20 20 26 28 28 30 30 30 27 27 29 24 24 24 24 18 15 15 8 15 15 20 20 14 26 26 22 39 39 12 12 8 3 3 8 5 5 1 1 1 2 2 1 
27 27 24 20 20 26 28 28 30 30 30 27 27 29 24 24 24 24 18 15 15 8 15 15 20 20 14 26 26 22 39 39 12 12 8 3 3 8 5 5 1 1 1 2 2 1 
25 25 22 18 18 23 21 21 21 21 22 24 24 21 19 19 21 21 25 14 14 14 22 22 32 32 34 58 58 55 43 43 14 14 15 5 5 9 5 5 1 1 1 3 3 1 
25 25 23 18 18 15 16 16 17 17 17 15 15 14 14 14 14 14 19 26 26 14 16 16 38 38 42 65 65 78 101 101 54 54 63 7 7 3 2 2 1 1 2 3 3 2 
25 25 23 18 18 15 16 16 17 17 17 15 15 14 14 14 14 14 19 26 26 14 16 16 38 38 42 65 65 78 101 101 54 54 63 7 7 3 2 2 1 1 2 3 3 2 
24 24 21 18 18 15 15 15 12 12 12 12 12 9 8 8 11 11 8 11 11 10 18 18 30 30 45 50 50 64 101 101 25 25 10 6 6 5 2 2 2 2 4 4 4 3 
24 24 21 18 18 15 15 15 12 12 12 12 12 9 8 8 11 11 8 11 11 10 18 18 30 30 45 50 50 64 101 101 25 25 10 6 6 5 2 2 2 2 4 4 4 3 
18 18 17 14 14 14 13 13 12 12 16 12 12 10 6 6 7 7 6 4 4 9 10 10 27 27 22 39 39 41 37 37 31 31 13 12 12 7 2 2 3 3 5 4 4 2 
11 11 10 10 10 9 10 10 12 12 14 8 8 7 8 8 7 7 7 5 5 6 9 9 16 16 14 23 23 38 16 16 15 15 13 26 26 17 2 2 1 1 1 1 1 3 
11 11 10 10 10 9 10 10 12 12 14 8 8 7 8 8 7 7 7 5 5 6 9 9 16 16 14 23 23 38 16 16 15 15 13 26 26 17 2 2 1 1 1 1 1 3 
6 6 6 8 8 7 7 7 11 11 13 9 9 9 10 10 8 8 4 5 5 8 6 6 2 2 9 17 17 22 15 15 10 10 5 12 12 3 2 2 0 0 0 5 5 1 
6 6 6 6 6 8 7 7 8 8 9 9 9 9 7 7 6 6 4 5 5 4 4 4 1 1 1 15 15 23 14 14 7 7 3 2 2 1 0 0 0 0 0 0 0 13 
6 6 6 6 6 8 7 7 8 8 9 9 9 9 7 7 6 6 4 5 5 4 4 4 1 1 1 15 15 23 14 14 7 7 3 2 2 1 0 0 0 0 0 0 0 13 
4 4 3 2 2 3 5 5 10 10 11 12 12 10 9 9 9 9 5 5 5 5 3 3 4 4 2 4 4 4 3 3 2 2 1 3 3 4 0 0 0 0 0 0 0 13 
4 4 3 2 2 3 5 5 10 10 11 12 12 10 9 9 9 9 5 5 5 5 3 3 4 4 2 4 4 4 3 3 2 2 1 3 3 4 0 0 0 0 0 0 0 13 
6 6 5 2 2 2 4 4 8 8 7 14 14 17 11 11 9 9 6 7 7 5 4 4 4 4 2 2 2 2 3 3 6 6 2 4 4 5 0 0 0 0 2 2 2 10 
7 7 5 3 3 3 3 3 4 4 2 3 3 6 4 4 5 5 7 2 2 3 3 3 3 3 2 2 2 3 6 6 4 4 8 1 1 1 4 4 1 1 1 1 1 6 
7 7 5 3 3 3 3 3 4 4 2 3 3 6 4 4 5 5 7 2 2 3 3 3 3 3 2 2 2 3 6 6 4 4 8 1 1 1 4 4 1 1 1 1 1 6 
11 11 6 7 7 8 7 7 4 4 3 4 4 5 2 2 4 4 6 2 2 3 3 3 4 4 2 2 2 1 4 4 3 3 3 2 2 2 2 2 2 2 2 1 1 1 
24 24 21 14 14 12 7 7 4 4 4 4 4 4 3 3 3 3 5 6 6 3 2 2 3 3 4 5 5 1 2 2 3 3 2 2 2 3 5 5 4 4 2 2 2 1 
24 24 21 14 14 12 7 7 4 4 4 4 4 4 3 3 3 3 5 6 6 3 2 2 3 3 4 5 5 1 2 2 3 3 2 2 2 3 5 5 4 4 2 2 2 1 
20 20 24 14 14 9 7 7 5 5 5 6 6 11 7 7 3 3 3 4 4 2 1 1 3 3 3 6 6 2 1 1 1 1 2 2 2 3 4 4 3 3 6 3 3 8 
20 20 24 14 14 9 7 7 5 5 5 6 6 11 7 7 3 3 3 4 4 2 1 1 3 3 3 6 6 2 1 1 1 1 2 2 2 3 4 4 3 3 6 3 3 8 
12 12 21 15 15 9 7 7 4 4 4 5 5 9 11 11 6 6 3 2 2 1 2 2 1 1 1 2 2 2 1 1 1 1 3 3 3 4 5 5 5 5 9 7 7 10 
14 14 21 14 14 9 7 7 6 6 4 4 4 4 7 7 7 7 3 2 2 2 3 3 1 1 1 2 2 3 1 1 1 1 2 2 2 10 18 18 21 21 24 21 21 26 
14 14 21 14 14 9 7 7 6 6 4 4 4 4 7 7 7 7 3 2 2 2 3 3 1 1 1 2 2 3 1 1 1 1 2 2 2 10 18 18 21 21 24 21 21 26 
13 13 19 16 16 9 8 8 5 5 3 2 2 3 3 3 3 3 2 1 1 1 1 1 1 1 1 1 1 2 2 2 2 2 3 4 4 15 28 28 27 27 37 30 30 34 
18 18 15 12 12 8 6 6 5 5 4 2 2 2 2 2 1 1 1 2 2 1 1 1 1 1 2 1 1 2 3 3 3 3 3 5 5 21 21 21 39 39 53 28 28 31 
