assets/RAT_results/precipitation/2024-05-18_IMERG.asc
ncols        46
nrows        77
xllcorner    74.800261325624
yllcorner    8.058333333333
cellsize     0.062500000000
NODATA_value -9999
36 36 40 44 44 64 71 71 77 77 51 47 47 32 25 25 26 26 18 19 19 46 46 46 20 20 48 42 42 47 27 27 16 16 13 2 2 2 1 1 2 2 2 6 6 6 
56 56 52 50 50 59 57 57 67 67 56 63 63 35 30 30 32 32 22 13 13 17 26 26 22 22 34 28 28 40 20 20 8 8 7 3 3 2 1 1 3 3 1 2 2 8 
56 56 52 50 50 59 57 57 67 67 56 63 63 35 30 30 32 32 22 13 13 17 26 26 22 22 34 28 28 40 20 20 8 8 7 3 3 2 1 1 3 3 1 2 2 8 
77 77 60 50 50 48 36 36 48 48 45 48 48 25 23 23 19 19 15 12 12 14 19 19 9 9 14 17 17 21 15 15 8 8 8 5 5 3 1 1 1 1 0 2 2 7 
85 85 59 55 55 60 26 26 29 29 25 31 31 18 17 17 21 21 14 11 11 8 7 7 4 4 8 9 9 5 3 3 5 5 8 8 8 5 1 1 5 5 1 0 0 26 
85 85 59 55 55 60 26 26 29 29 25 31 31 18 17 17 21 21 14 11 11 8 7 7 4 4 8 9 9 5 3 3 5 5 8 8 8 5 1 1 5 5 1 0 0 26 
79 79 52 61 61 23 22 22 24 24 24 17 17 20 26 26 16 16 13 12 12 6 6 6 4 4 2 2 2 3 3 3 7 7 12 10 10 5 1 1 1 1 1 1 1 1 
79 79 52 61 61 23 22 22 24 24 24 17 17 20 26 26 16 16 13 12 12 6 6 6 4 4 2 2 2 3 3 3 7 7 12 10 10 5 1 1 1 1 1 1 1 1 
89 89 51 64 64 27 23 23 26 26 28 32 32 47 45 45 24 24 16 10 10 7 10 10 5 5 3 2 2 3 5 5 11 11 13 9 9 4 2 2 1 1 1 5 5 8 
89 89 56 71 71 26 21 21 30 30 30 35 35 37 30 30 20 20 22 11 11 7 6 6 5 5 4 3 3 2 3 3 5 5 8 6 6 3 3 3 2 2 4 17 17 18 
89 89 56 71 71 26 21 21 30 30 30 35 35 37 30 30 20 20 22 11 11 7 6 6 5 5 4 3 3 2 3 3 5 5 8 6 6 3 3 3 2 2 4 17 17 18 
58 58 49 12 12 27 23 23 32 32 38 27 27 34 29 29 24 24 22 17 17 12 8 8 6 6 4 3 3 2 1 1 1 1 1 1 1 2 3 3 2 2 3 10 10 12 
65 65 52 21 21 25 27 27 35 35 40 43 43 49 50 50 43 43 29 23 23 19 17 17 9 9 5 4 4 3 2 2 1 1 0 1 1 7 19 19 10 10 1 6 6 10 
65 65 52 21 21 25 27 27 35 35 40 43 43 49 50 50 43 43 29 23 23 19 17 17 9 9 5 4 4 3 2 2 1 1 0 1 1 7 19 19 10 10 1 6 6 10 
53 53 51 32 32 31 31 31 40 40 45 62 62 72 72 72 65 65 41 27 27 22 22 22 11 11 7 4 4 3 2 2 1 1 2 8 8 5 19 19 21 21 8 1 1 10 
53 53 51 32 32 31 31 31 40 40 45 62 62 72 72 72 65 65 41 27 27 22 22 22 11 11 7 4 4 3 2 2 1 1 2 8 8 5 19 19 21 21 8 1 1 10 
58 58 60 52 52 34 29 29 36 36 39 62 62 67 53 53 42 42 37 32 32 26 22 22 11 11 6 4 4 3 2 2 3 3 12 9 9 22 17 17 8 8 6 0 0 2 
48 48 52 53 53 52 36 36 29 29 30 40 40 47 51 51 33 33 34 31 31 26 22 22 12 12 24 31 31 3 2 2 14 14 25 17 17 12 14 14 28 28 6 0 0 1 
48 48 52 53 53 52 36 36 29 29 30 40 40 47 51 51 33 33 34 31 31 26 22 22 12 12 24 31 31 3 2 2 14 14 25 17 17 12 14 14 28 28 6 0 0 1 
44 44 52 61 61 53 42 42 26 26 26 33 33 36 56 56 37 37 35 23 23 18 14 14 18 18 16 81 81 8 6 6 11 11 8 17 17 11 7 7 11 11 1 0 0 0 
45 45 60 61 61 62 41 41 40 40 35 46 46 45 55 55 61 61 35 31 31 24 12 12 6 6 5 21 21 19 10 10 5 5 14 13 13 3 1 1 1 1 3 1 1 0 
45 45 60 61 61 62 41 41 40 40 35 46 46 45 55 55 61 61 35 31 31 24 12 12 6 6 5 21 21 19 10 10 5 5 14 13 13 3 1 1 1 1 3 1 1 0 
39 39 56 57 57 67 51 51 43 43 42 36 36 49 41 41 57 57 49 41 41 23 13 13 8 8 6 11 11 10 10 10 13 13 20 10 10 4 1 1 1 1 2 1 1 1 
39 39 56 57 57 67 51 51 43 43 42 36 36 49 41 41 57 57 49 41 41 23 13 13 8 8 6 11 11 10 10 10 13 13 20 10 10 4 1 1 1 1 2 1 1 1 
41 41 48 49 49 72 49 49 40 40 38 23 23 46 48 48 59 59 57 47 47 28 18 18 12 12 17 22 22 11 11 11 11 11 14 10 10 5 2 2 1 1 0 1 1 1 
37 37 45 45 45 68 74 74 62 62 59 16 16 34 44 44 55 55 61 50 50 35 31 31 27 27 28 22 22 27 10 10 13 13 13 11 11 6 3 3 1 1 0 1 1 2 
37 37 45 45 45 68 74 74 62 62 59 16 16 34 44 44 55 55 61 50 50 35 31 31 27 27 28 22 22 27 10 10 13 13 13 11 11 6 3 3 1 1 0 1 1 2 
25 25 35 38 38 58 72 72 90 90 62 18 18 30 33 33 41 41 49 46 46 50 47 47 47 47 42 32 32 25 26 26 15 15 15 11 11 8 6 6 3 3 1 0 0 1 
21 21 19 36 36 55 71 71 91 91 87 49 49 14 30 30 36 36 43 45 45 54 50 50 46 46 28 32 32 22 30 30 25 25 22 14 14 10 7 7 4 4 1 0 0 1 
21 21 19 36 36 55 71 71 91 91 87 49 49 14 30 30 36 36 43 45 45 54 50 50 46 46 28 32 32 22 30 30 25 25 22 14 14 10 7 7 4 4 1 0 0 1 
20 20 23 43 43 50 63 63 61 61 52 54 54 23 41 41 35 35 42 50 50 63 56 56 50 50 25 22 22 36 29 29 30 30 33 24 24 17 8 8 4 4 1 0 0 1 
20 20 23 43 43 50 63 63 61 61 52 54 54 23 41 41 35 35 42 50 50 63 56 56 50 50 25 22 22 36 29 29 30 30 33 24 24 17 8 8 4 4 1 0 0 1 
22 22 76 27 27 21 43 43 59 59 48 53 53 21 37 37 29 29 43 47 47 62 50 50 42 42 20 14 14 20 31 31 34 34 41 42 42 34 11 11 3 3 1 1 1 1 
84 84 50 18 18 17 40 40 42 42 48 51 51 46 36 36 37 37 41 43 43 34 31 31 27 27 20 13 13 11 17 17 20 20 24 25 25 33 19 19 7 7 1 1 1 1 
84 84 50 18 18 17 40 40 42 42 48 51 51 46 36 36 37 37 41 43 43 34 31 31 27 27 20 13 13 11 17 17 20 20 24 25 25 33 19 19 7 7 1 1 1 1 
40 40 19 11 11 15 30 30 33 33 47 50 50 45 29 29 32 32 39 42 42 35 49 49 36 36 33 17 17 12 15 15 16 16 20 20 20 17 15 15 15 15 5 2 2 1 
19 19 13 10 10 15 30 30 29 29 41 49 49 51 43 43 57 57 38 41 41 41 56 56 40 40 34 27 27 27 27 27 12 12 12 14 14 8 5 5 8 8 14 9 9 3 
19 19 13 10 10 15 30 30 29 29 41 49 49 51 43 43 57 57 38 41 41 41 56 56 40 40 34 27 27 27 27 27 12 12 12 14 14 8 5 5 8 8 14 9 9 3 
12 12 15 16 16 12 12 12 34 34 33 47 47 50 56 56 54 54 45 36 36 34 42 42 35 35 36 29 29 30 40 40 30 30 15 12 12 6 2 2 2 2 5 5 5 7 
12 12 15 16 16 12 12 12 34 34 33 47 47 50 56 56 54 54 45 36 36 34 42 42 35 35 36 29 29 30 40 40 30 30 15 12 12 6 2 2 2 2 5 5 5 7 
11 11 11 16 16 13 15 15 30 30 35 51 51 54 60 60 92 92 71 45 45 39 37 37 33 33 34 29 29 27 26 26 21 21 19 20 20 28 5 5 7 7 13 10 10 10 
9 9 12 16 16 14 16 16 32 32 30 45 45 59 53 53 95 95 87 49 49 47 30 30 27 27 29 32 32 36 28 28 15 15 19 23 23 23 18 18 18 18 14 10 10 8 
9 9 12 16 16 14 16 16 32 32 30 45 45 59 53 53 95 95 87 49 49 47 30 30 27 27 29 32 32 36 28 28 15 15 19 23 23 23 18 18 18 18 14 10 10 8 
14 14 17 19 19 20 29 29 36 36 32 37 37 41 55 55 83 83 86 48 48 45 33 33 41 41 36 41 41 46 35 35 19 19 16 18 18 22 14 14 10 10 8 2 2 2 
12 12 21 20 20 19 22 22 39 39 48 46 46 46 45 45 18 18 25 36 36 36 42 42 49 49 42 46 46 48 41 41 25 25 16 13 13 15 13 13 3 3 3 3 3 3 
12 12 21 20 20 19 22 22 39 39 48 46 46 46 45 45 18 18 25 36 36 36 42 42 49 49 42 46 46 48 41 41 25 25 16 13 13 15 13 13 3 3 3 3 3 3 
10 10 17 18 18 17 37 37 41 41 37 35 35 33 28 28 25 25 28 37 37 44 40 40 51 51 46 52 52 54 45 45 20 20 7 5 5 12 14 14 3 3 3 3 3 2 
10 10 17 18 18 17 37 37 41 41 37 35 35 33 28 28 25 25 28 37 37 44 40 40 51 51 46 52 52 54 45 45 20 20 7 5 5 12 14 14 3 3 3 3 3 2 
12 12 12 12 12 13 20 20 40 40 33 39 39 29 32 32 25 25 26 26 26 32 47 47 57 57 50 57 57 54 40 40 16 16 6 5 5 8 6 6 2 2 9 5 5 4 
14 14 12 11 11 12 19 19 25 25 26 33 33 29 28 28 28 28 25 24 24 37 36 36 46 46 46 49 49 43 21 21 10 10 6 6 6 11 8 8 4 4 9 4 4 4 
14 14 12 11 11 12 19 19 25 25 26 33 33 29 28 28 28 28 25 24 24 37 36 36 46 46 46 49 49 43 21 21 10 10 6 6 6 11 8 8 4 4 9 4 4 4 
17 17 20 19 19 18 20 20 26 26 22 26 26 22 31 31 21 21 24 21 21 32 32 32 29 29 37 43 43 51 20 20 19 19 12 13 13 11 13 13 10 10 17 10 10 11 
36 36 25 44 44 30 31 31 23 23 23 19 19 19 30 30 28 28 24 24 24 37 34 34 42 42 51 38 38 39 29 29 35 35 28 22 22 9 10 10 17 17 21 18 18 14 
36 36 25 44 44 30 31 31 23 23 23 19 19 19 30 30 28 28 24 24 24 37 34 34 42 42 51 38 38 39 29 29 35 35 28 22 22 9 10 10 17 17 21 18 18 14 
37 37 48 50 50 69 73 73 27 27 20 16 16 12 14 14 29 29 13 31 31 25 39 39 48 48 44 33 33 39 45 45 46 46 31 19 19 13 17 17 14 14 19 20 20 18 
37 37 48 50 50 69 73 73 27 27 20 16 16 12 14 14 29 29 13 31 31 25 39 39 48 48 44 33 33 39 45 45 46 46 31 19 19 13 17 17 14 14 19 20 20 18 
31 31 40 48 48 68 75 75 63 63 21 14 14 10 12 12 12 12 14 23 23 20 38 38 36 36 38 39 39 39 33 33 36 36 25 24 24 18 18 18 16 16 13 15 15 18 
17 17 26 41 41 48 76 76 65 65 54 13 13 11 12 12 20 20 22 27 27 24 36 36 30 30 36 30 30 29 33 33 39 39 31 28 28 21 21 21 17 17 16 19 19 19 
17 17 26 41 41 48 76 76 65 65 54 13 13 11 12 12 20 20 22 27 27 24 36 36 30 30 36 30 30 29 33 33 39 39 31 28 28 21 21 21 17 17 16 19 19 19 
16 16 23 31 31 43 66 66 69 69 53 33 33 17 21 21 24 24 28 32 32 35 44 44 39 39 42 37 37 38 29 29 27 27 32 31 31 28 27 27 26 26 26 24 24 22 
21 21 28 33 33 44 132 132 54 54 47 45 45 54 48 48 29 29 33 43 43 65 66 66 68 68 65 64 64 29 26 26 29 29 33 29 29 32 36 36 39 39 38 30 30 25 
21 21 28 33 33 44 132 132 54 54 47 45 45 54 48 48 29 29 33 43 43 65 66 66 68 68 65 64 64 29 26 26 29 29 33 29 29 32 36 36 39 39 38 30 30 25 
30 30 33 50 50 53 140 140 153 153 66 73 73 68 74 74 53 53 71 70 70 79 70 70 66 66 70 70 70 51 49 49 32 32 27 24 24 27 34 34 35 35 33 29 29 25 
30 30 33 50 50 53 140 140 153 153 66 73 73 68 74 74 53 53 71 70 70 79 70 70 66 66 70 70 70 51 49 49 32 32 27 24 24 27 34 34 35 35 33 29 29 25 
38 38 47 56 56 62 175 175 187 187 123 100 100 80 98 98 64 64 69 69 69 79 102 102 124 124 108 114 114 98 101 101 49 49 18 12 12 15 17 17 17 17 16 15 15 12 
50 50 61 82 82 107 187 187 194 194 146 107 107 96 106 106 125 125 119 109 109 101 103 103 111 111 156 125 125 117 101 101 62 62 44 32 32 27 11 11 10 10 6 5 5 3 
50 50 61 82 82 107 187 187 194 194 146 107 107 96 106 106 125 125 119 109 109 101 103 103 111 111 156 125 125 117 101 101 62 62 44 32 32 27 11 11 10 10 6 5 5 3 
77 77 102 90 90 92 106 106 147 147 110 123 123 124 148 148 134 134 111 106 106 139 132 132 138 138 180 173 173 136 99 99 91 91 85 42 42 57 14 14 12 12 15 6 6 4 
93 93 63 73 73 85 134 134 107 107 89 129 129 108 164 164 163 163 197 151 151 134 99 99 68 68 74 149 149 84 89 89 95 95 79 54 54 58 30 30 29 29 31 22 22 6 
93 93 63 73 73 85 134 134 107 107 89 129 129 108 164 164 163 163 197 151 151 134 99 99 68 68 74 149 149 84 89 89 95 95 79 54 54 58 30 30 29 29 31 22 22 6 
58 58 62 72 72 89 46 46 37 37 63 87 87 100 138 138 128 128 79 59 59 42 44 44 70 70 75 85 85 78 78 78 80 80 107 75 75 74 51 51 21 21 15 20 20 15 
58 58 62 72 72 89 46 46 37 37 63 87 87 100 138 138 128 128 79 59 59 42 44 44 70 70 75 85 85 78 78 78 80 80 107 75 75 74 51 51 21 21 15 20 20 15 
56 56 56 76 76 65 64 64 57 57 54 54 54 48 70 70 78 78 75 52 52 55 38 38 57 57 55 60 60 57 71 71 82 82 98 77 77 71 44 44 17 17 21 18 18 17 
64 64 64 69 69 96 91 91 86 86 69 56 56 56 70 70 65 65 49 33 33 29 30 30 37 37 37 50 50 62 76 76 83 83 86 62 62 56 50 50 36 36 20 19 19 16 
64 64 64 69 69 96 91 91 86 86 69 56 56 56 70 70 65 65 49 33 33 29 30 30 37 37 37 50 50 62 76 76 83 83 86 62 62 56 50 50 36 36 20 19 19 16 
84 84 90 102 102 80 100 100 99 99 69 63 63 51 55 55 79 79 67 40 40 47 28 28 34 34 39 56 56 66 61 61 80 80 86 84 84 92 55 55 39 39 19 18 18 10 
49 49 85 92 92 76 102 102 91 91 107 77 77 59 48 48 73 73 76 59 59 51 54 54 56 56 67 79 79 74 75 75 87 87 88 94 94 91 85 85 41 41 42 28 28 21 
