assets/RAT_results/precipitation/2024-12-01_IMERG.asc
ncols        46
nrows        77
xllcorner    74.800261325624
yllcorner    8.058333333333
cellsize     0.062500000000
NODATA_value -9999
1 1 1 1 1 0 0 0 0 0 0 0 0 1 1 1 1 1 1 0 0 0 0 0 2 2 3 2 2 4 5 5 8 8 8 11 11 17 14 14 17 17 19 21 21 23 
2 2 1 1 1 0 0 0 0 0 0 1 1 1 1 1 1 1 1 0 0 0 0 0 3 3 2 3 3 4 6 6 9 9 9 14 14 18 20 20 18 18 20 26 26 28 
2 2 1 1 1 0 0 0 0 0 0 1 1 1 1 1 1 1 1 0 0 0 0 0 3 3 2 3 3 4 6 6 9 9 9 14 14 18 20 20 18 18 20 26 26 28 
3 3 2 2 2 1 0 0 0 0 2 1 1 1 1 1 1 1 0 0 0 0 0 0 1 1 1 2 2 4 7 7 9 9 15 17 17 18 21 21 23 23 28 36 36 44 
1 1 1 1 1 2 1 1 0 0 0 3 3 2 2 2 1 1 0 0 0 0 1 1 1 1 3 4 4 4 7 7 13 13 24 27 27 22 26 26 29 29 41 46 46 48 
1 1 1 1 1 2 1 1 0 0 0 3 3 2 2 2 1 1 0 0 0 0 1 1 1 1 3 4 4 4 7 7 13 13 24 27 27 22 26 26 29 29 41 46 46 48 
2 2 1 1 1 2 1 1 0 0 0 1 1 2 2 2 2 2 1 1 1 0 1 1 1 1 4 7 7 10 14 14 19 19 28 32 32 30 26 26 34 34 50 51 51 59 
2 2 1 1 1 2 1 1 0 0 0 1 1 2 2 2 2 2 1 1 1 0 1 1 1 1 4 7 7 10 14 14 19 19 28 32 32 30 26 26 34 34 50 51 51 59 
6 6 4 2 2 2 3 3 2 2 1 2 2 5 3 3 2 2 1 1 1 1 2 2 2 2 5 9 9 12 17 17 23 23 31 35 35 40 34 34 39 39 49 65 65 83 
5 5 4 3 3 2 3 3 2 2 2 5 5 4 4 4 3 3 3 2 2 2 2 2 6 6 6 9 9 12 23 23 28 28 37 39 39 38 37 37 33 33 44 55 55 60 
5 5 4 3 3 2 3 3 2 2 2 5 5 4 4 4 3 3 3 2 2 2 2 2 6 6 6 9 9 12 23 23 28 28 37 39 39 38 37 37 33 33 44 55 55 60 
9 9 6 5 5 8 7 7 5 5 4 6 6 8 5 5 4 4 4 3 3 3 2 2 5 5 9 11 11 14 25 25 31 31 41 44 44 42 35 35 36 36 41 54 54 67 
12 12 21 20 20 19 11 11 8 8 5 6 6 6 7 7 6 6 4 4 4 4 6 6 9 9 14 15 15 14 25 25 33 33 45 47 47 41 40 40 42 42 43 42 42 56 
12 12 21 20 20 19 11 11 8 8 5 6 6 6 7 7 6 6 4 4 4 4 6 6 9 9 14 15 15 14 25 25 33 33 45 47 47 41 40 40 42 42 43 42 42 56 
21 21 25 31 31 28 18 18 12 12 9 9 9 8 8 8 10 10 5 5 5 6 8 8 13 13 17 18 18 14 16 16 21 21 37 51 51 45 47 47 57 57 61 34 34 36 
21 21 25 31 31 28 18 18 12 12 9 9 9 8 8 8 10 10 5 5 5 6 8 8 13 13 17 18 18 14 16 16 21 21 37 51 51 45 47 47 57 57 61 34 34 36 
20 20 27 32 32 26 20 20 9 9 7 6 6 3 4 4 8 8 5 5 5 11 11 11 15 15 25 20 20 14 14 14 22 22 41 51 51 56 49 49 44 44 48 36 36 34 
16 16 31 38 38 36 18 18 10 10 6 4 4 3 6 6 8 8 6 7 7 7 6 6 9 9 12 25 25 16 17 17 29 29 33 36 36 41 36 36 39 39 41 30 30 26 
16 16 31 38 38 36 18 18 10 10 6 4 4 3 6 6 8 8 6 7 7 7 6 6 9 9 12 25 25 16 17 17 29 29 33 36 36 41 36 36 39 39 41 30 30 26 
73 73 53 37 37 25 18 18 8 8 4 4 4 5 8 8 10 10 8 6 6 6 6 6 6 6 14 17 17 26 16 16 21 21 22 36 36 40 36 36 39 39 36 24 24 23 
62 62 54 43 43 38 17 17 18 18 13 10 10 10 11 11 11 11 11 7 7 7 6 6 5 5 4 7 7 19 22 22 29 29 29 31 31 32 34 34 34 34 33 26 26 28 
62 62 54 43 43 38 17 17 18 18 13 10 10 10 11 11 11 11 11 7 7 7 6 6 5 5 4 7 7 19 22 22 29 29 29 31 31 32 34 34 34 34 33 26 26 28 
44 44 97 58 58 78 34 34 22 22 20 18 18 18 18 18 12 12 8 5 5 3 5 5 4 4 6 8 8 9 12 12 19 19 19 18 18 16 23 23 23 23 24 25 25 23 
44 44 97 58 58 78 34 34 22 22 20 18 18 18 18 18 12 12 8 5 5 3 5 5 4 4 6 8 8 9 12 12 19 19 19 18 18 16 23 23 23 23 24 25 25 23 
27 27 43 52 52 87 45 45 55 55 55 54 54 34 18 18 9 9 8 6 6 4 5 5 6 6 7 8 8 11 13 13 14 14 14 14 14 13 18 18 21 21 20 27 27 28 
27 27 33 82 82 80 58 58 117 117 81 55 55 39 22 22 12 12 11 15 15 7 12 12 13 13 13 8 8 6 17 17 13 13 15 13 13 14 15 15 17 17 22 30 30 37 
27 27 33 82 82 80 58 58 117 117 81 55 55 39 22 22 12 12 11 15 15 7 12 12 13 13 13 8 8 6 17 17 13 13 15 13 13 14 15 15 17 17 22 30 30 37 
21 21 40 48 48 75 86 86 153 153 222 138 138 58 42 42 25 25 15 18 18 24 23 23 21 21 23 17 17 12 18 18 13 13 16 17 17 18 18 18 15 15 22 30 30 35 
13 13 22 41 41 91 89 89 132 132 203 142 142 76 57 57 26 26 14 17 17 22 24 24 16 16 16 12 12 14 16 16 14 14 14 15 15 22 21 21 18 18 24 28 28 35 
13 13 22 41 41 91 89 89 132 132 203 142 142 76 57 57 26 26 14 17 17 22 24 24 16 16 16 12 12 14 16 16 14 14 14 15 15 22 21 21 18 18 24 28 28 35 
9 9 20 29 29 97 92 92 140 140 164 166 166 137 69 69 32 32 22 19 19 18 27 27 17 17 14 9 9 8 5 5 6 6 14 17 17 20 16 16 20 20 23 25 25 31 
9 9 20 29 29 97 92 92 140 140 164 166 166 137 69 69 32 32 22 19 19 18 27 27 17 17 14 9 9 8 5 5 6 6 14 17 17 20 16 16 20 20 23 25 25 31 
7 7 15 18 18 47 64 64 90 90 115 91 91 74 36 36 39 39 25 30 30 28 21 21 12 12 11 4 4 6 5 5 6 6 11 13 13 13 14 14 14 14 15 16 16 21 
9 9 12 14 14 25 32 32 103 103 80 67 67 74 53 53 49 49 32 27 27 34 17 17 15 15 19 3 3 4 3 3 3 3 6 14 14 14 13 13 12 12 14 14 14 12 
9 9 12 14 14 25 32 32 103 103 80 67 67 74 53 53 49 49 32 27 27 34 17 17 15 15 19 3 3 4 3 3 3 3 6 14 14 14 13 13 12 12 14 14 14 12 
6 6 9 16 16 22 23 23 48 48 59 51 51 49 47 47 38 38 33 31 31 25 22 22 23 23 25 21 21 14 9 9 2 2 4 10 10 13 13 13 10 10 10 8 8 7 
5 5 4 10 10 15 28 28 24 24 46 39 39 40 41 41 31 31 23 36 36 32 28 28 22 22 35 45 45 18 12 12 7 7 8 13 13 13 9 9 6 6 7 7 7 5 
5 5 4 10 10 15 28 28 24 24 46 39 39 40 41 41 31 31 23 36 36 32 28 28 22 22 35 45 45 18 12 12 7 7 8 13 13 13 9 9 6 6 7 7 7 5 
2 2 4 4 4 8 16 16 22 22 20 24 24 23 19 19 21 21 17 35 35 38 42 42 36 36 45 67 67 64 26 26 12 12 8 11 11 18 12 12 9 9 9 3 3 5 
2 2 4 4 4 8 16 16 22 22 20 24 24 23 19 19 21 21 17 35 35 38 42 42 36 36 45 67 67 64 26 26 12 12 8 11 11 18 12 12 9 9 9 3 3 5 
1 1 1 4 4 2 7 7 9 9 18 12 12 23 24 24 14 14 22 39 39 51 58 58 40 40 31 35 35 31 20 20 18 18 9 14 14 17 9 9 15 15 11 3 3 3 
0 0 0 0 0 0 2 2 4 4 15 12 12 13 13 13 13 13 25 39 39 54 71 71 48 48 43 37 37 28 23 23 23 23 9 12 12 15 8 8 13 13 18 6 6 3 
0 0 0 0 0 0 2 2 4 4 15 12 12 13 13 13 13 13 25 39 39 54 71 71 48 48 43 37 37 28 23 23 23 23 9 12 12 15 8 8 13 13 18 6 6 3 
0 0 0 0 0 1 1 1 1 1 7 8 8 10 9 9 11 11 16 25 25 45 85 85 43 43 36 32 32 35 31 31 44 44 17 13 13 8 6 6 8 8 15 4 4 1 
0 0 0 0 0 0 0 0 2 2 2 5 5 4 4 4 11 11 13 18 18 25 74 74 83 83 62 35 35 39 50 50 56 56 41 45 45 18 3 3 8 8 7 5 5 4 
0 0 0 0 0 0 0 0 2 2 2 5 5 4 4 4 11 11 13 18 18 25 74 74 83 83 62 35 35 39 50 50 56 56 41 45 45 18 3 3 8 8 7 5 5 4 
0 0 0 0 0 0 0 0 1 1 1 2 2 1 3 3 4 4 15 10 10 15 41 41 75 75 50 36 36 46 46 46 50 50 45 45 45 17 15 15 8 8 4 3 3 5 
0 0 0 0 0 0 0 0 1 1 1 2 2 1 3 3 4 4 15 10 10 15 41 41 75 75 50 36 36 46 46 46 50 50 45 45 45 17 15 15 8 8 4 3 3 5 
0 0 0 0 0 0 0 0 0 0 0 2 2 3 4 4 5 5 6 9 9 12 27 27 51 51 67 46 46 49 64 64 45 45 45 41 41 23 12 12 6 6 6 4 4 5 
0 0 0 0 0 0 0 0 1 1 2 4 4 1 3 3 8 8 5 8 8 19 27 27 71 71 74 62 62 55 67 67 55 55 56 35 35 30 13 13 12 12 6 6 6 6 
0 0 0 0 0 0 0 0 1 1 2 4 4 1 3 3 8 8 5 8 8 19 27 27 71 71 74 62 62 55 67 67 55 55 56 35 35 30 13 13 12 12 6 6 6 6 
0 0 0 0 0 0 1 1 2 2 8 11 11 3 2 2 10 10 9 7 7 18 34 34 82 82 87 89 89 75 64 64 65 65 52 46 46 38 15 15 16 16 8 4 4 4 
0 0 0 0 0 1 1 1 1 1 9 14 14 2 2 2 9 9 6 4 4 21 20 20 50 50 66 72 72 56 69 69 71 71 58 48 48 30 13 13 12 12 6 3 3 1 
0 0 0 0 0 1 1 1 1 1 9 14 14 2 2 2 9 9 6 4 4 21 20 20 50 50 66 72 72 56 69 69 71 71 58 48 48 30 13 13 12 12 6 3 3 1 
0 0 0 1 1 1 1 1 1 1 6 4 4 2 2 2 4 4 3 3 3 7 13 13 28 28 43 59 59 63 70 70 71 71 47 30 30 18 9 9 11 11 2 2 2 1 
0 0 0 1 1 1 1 1 1 1 6 4 4 2 2 2 4 4 3 3 3 7 13 13 28 28 43 59 59 63 70 70 71 71 47 30 30 18 9 9 11 11 2 2 2 1 
0 0 0 0 0 0 1 1 0 0 1 0 0 1 0 0 1 1 1 1 1 5 6 6 13 13 28 23 23 39 63 63 59 59 34 25 25 15 9 9 8 8 4 3 3 4 
0 0 0 0 0 0 0 0 0 0 0 0 0 0 0 0 1 1 1 5 5 1 1 1 4 4 21 25 25 35 52 52 39 39 25 22 22 16 17 17 14 14 8 6 6 7 
0 0 0 0 0 0 0 0 0 0 0 0 0 0 0 0 1 1 1 5 5 1 1 1 4 4 21 25 25 35 52 52 39 39 25 22 22 16 17 17 14 14 8 6 6 7 
0 0 0 0 0 0 0 0 0 0 0 1 1 1 1 1 1 1 0 2 2 4 1 1 2 2 8 8 8 13 28 28 29 29 24 20 20 23 23 23 15 15 13 10 10 12 
0 0 0 0 0 0 0 0 0 0 0 0 0 0 0 0 0 0 0 1 1 2 0 0 0 0 1 10 10 13 25 25 21 21 15 19 19 29 20 20 14 14 17 11 11 9 
0 0 0 0 0 0 0 0 0 0 0 0 0 0 0 0 0 0 0 1 1 2 0 0 0 0 1 10 10 13 25 25 21 21 15 19 19 29 20 20 14 14 17 11 11 9 
0 0 0 0 0 0 0 0 0 0 0 0 0 0 0 0 0 0 0 0 0 0 0 0 1 1 1 11 11 10 14 14 14 14 10 13 13 26 18 18 17 17 17 11 11 9 
0 0 0 0 0 0 0 0 0 0 0 0 0 0 0 0 0 0 0 0 0 0 0 0 1 1 1 11 11 10 14 14 14 14 10 13 13 26 18 18 17 17 17 11 11 9 
0 0 0 0 0 0 0 0 0 0 0 0 0 0 0 0 0 0 0 0 0 0 0 0 1 1 1 1 1 6 9 9 8 8 9 12 12 17 27 27 20 20 11 11 11 10 
0 0 0 0 0 0 0 0 0 0 0 0 0 0 0 0 0 0 0 0 0 0 0 0 0 0 0 0 0 2 3 3 5 5 4 11 11 18 18 18 16 16 10 12 12 11 
0 0 0 0 0 0 0 0 0 0 0 0 0 0 0 0 0 0 0 0 0 0 0 0 0 0 0 0 0 2 3 3 5 5 4 11 11 18 18 18 16 16 10 12 12 11 
0 0 0 0 0 0 0 0 0 0 0 0 0 0 0 0 0 0 0 0 0 0 0 0 0 0 1 0 0 1 1 1 3 3 4 11 11 12 14 14 10 10 8 11 11 10 
0 0 0 0 0 0 0 0 0 0 0 0 0 0 0 0 0 0 0 0 0 0 0 0 0 0 0 0 0 0 1 1 6 6 7 3 3 7 8 8 6 6 4 1 1 1 
0 0 0 0 0 0 0 0 0 0 0 0 0 0 0 0 0 0 0 0 0 0 0 0 0 0 0 0 0 0 1 1 6 6 7 3 3 7 8 8 6 6 4 1 1 1 
0 0 0 0 0 0 0 0 0 0 0 0 0 0 0 0 0 0 0 0 0 0 0 0 0 0 0 0 0 2 1 1 1 1 3 2 2 3 4 4 3 3 3 1 1 1 
0 0 0 0 0 0 0 0 0 0 0 0 0 0 0 0 0 0 0 0 0 0 0 0 0 0 0 0 0 2 1 1 1 1 3 2 2 3 4 4 3 3 3 1 1 1 
0 0 0 0 0 0 0 0 0 0 0 0 0 0 0 0 0 0 0 0 0 0 0 0 0 0 0 0 0 0 0 0 0 0 2 2 2 4 2 2 3 3 2 2 2 1 
0 0 0 0 0 0 0 0 0 0 0 0 0 0 0 0 0 0 0 0 0 0 0 0 0 0 0 0 0 0 0 0 0 0 1 1 1 0 2 2 2 2 1 1 1 0 
0 0 0 0 0 0 0 0 0 0 0 0 0 0 0 0 0 0 0 0 0 0 0 0 0 0 0 0 0 0 0 0 0 0 1 1 1 0 2 2 2 2 1 1 1 0 
0 0 0 0 0 0 0 0 0 0 0 0 0 0 0 0 0 0 0 0 0 0 0 0 0 0 0 0 0 0 0 0 0 0 0 0 0 0 1 1 1 1 0 0 0 0 
0 0 0 0 0 0 0 0 0 0 0 0 0 0 0 0 0 0 0 0 0 0 0 0 0 0 0 0 0 0 0 0 0 0 0 0 0 0 1 1 1 1 0 0 0 0 
