assets/RAT_results/precipitation/2024-11-20_IMERG.asc
ncols        46
nrows        77
xllcorner    74.800261325624
yllcorner    8.058333333333
cellsize     0.062500000000
NODATA_value -9999
0 0 0 0 0 0 0 0 0 0 0 0 0 0 0 0 0 0 0 0 0 0 0 0 0 0 0 0 0 0 0 0 0 0 0 0 0 0 0 0 0 0 0 0 0 0 
0 0 0 0 0 0 0 0 0 0 0 0 0 0 0 0 0 0 0 0 0 0 0 0 0 0 0 0 0 0 0 0 0 0 0 0 0 0 0 0 0 0 1 0 0 0 
0 0 0 0 0 0 0 0 0 0 0 0 0 0 0 0 0 0 0 0 0 0 0 0 0 0 0 0 0 0 0 0 0 0 0 0 0 0 0 0 0 0 1 0 0 0 
0 0 0 0 0 0 0 0 0 0 0 0 0 0 0 0 0 0 0 0 0 0 0 0 0 0 0 0 0 0 0 0 0 0 0 0 0 0 0 0 0 0 1 0 0 0 
0 0 0 0 0 0 0 0 0 0 0 0 0 0 0 0 0 0 0 0 0 0 0 0 0 0 0 0 0 0 0 0 0 0 1 0 0 1 1 1 0 0 0 0 0 1 
0 0 0 0 0 0 0 0 0 0 0 0 0 0 0 0 0 0 0 0 0 0 0 0 0 0 0 0 0 0 0 0 0 0 1 0 0 1 1 1 0 0 0 0 0 1 
0 0 0 0 0 0 0 0 0 0 0 0 0 0 0 0 0 0 0 0 0 0 0 0 0 0 0 0 0 0 0 0 0 0 1 1 1 1 1 1 1 1 1 1 1 2 
0 0 0 0 0 0 0 0 0 0 0 0 0 0 0 0 0 0 0 0 0 0 0 0 0 0 0 0 0 0 0 0 0 0 1 1 1 1 1 1 1 1 1 1 1 2 
0 0 0 0 0 0 0 0 0 0 0 0 0 0 0 0 0 0 0 0 0 0 0 0 0 0 0 0 0 0 0 0 0 0 0 0 0 0 1 1 1 1 2 1 1 2 
0 0 0 0 0 1 0 0 0 0 0 0 0 1 0 0 0 0 0 0 0 0 0 0 0 0 0 0 0 0 0 0 1 1 0 1 1 0 0 0 0 0 0 1 1 1 
0 0 0 0 0 1 0 0 0 0 0 0 0 1 0 0 0 0 0 0 0 0 0 0 0 0 0 0 0 0 0 0 1 1 0 1 1 0 0 0 0 0 0 1 1 1 
1 1 0 0 0 0 0 0 0 0 0 0 0 1 1 1 1 1 0 0 0 0 1 1 2 2 1 1 1 0 1 1 1 1 1 0 0 0 0 0 1 1 2 2 2 3 
2 2 1 0 0 0 1 1 0 0 0 1 1 0 1 1 3 3 1 1 1 0 1 1 3 3 2 2 2 1 1 1 1 1 1 1 1 1 1 1 2 2 3 2 2 2 
2 2 1 0 0 0 1 1 0 0 0 1 1 0 1 1 3 3 1 1 1 0 1 1 3 3 2 2 2 1 1 1 1 1 1 1 1 1 1 1 2 2 3 2 2 2 
4 4 2 1 1 1 2 2 2 2 2 1 1 1 1 1 2 2 2 1 1 0 0 0 1 1 3 3 3 2 1 1 0 0 1 1 1 1 1 1 2 2 2 2 2 2 
4 4 2 1 1 1 2 2 2 2 2 1 1 1 1 1 2 2 2 1 1 0 0 0 1 1 3 3 3 2 1 1 0 0 1 1 1 1 1 1 2 2 2 2 2 2 
4 4 2 2 2 1 1 1 3 3 2 2 2 1 1 1 2 2 2 2 2 1 2 2 1 1 3 4 4 4 2 2 0 0 1 1 1 2 2 2 2 2 1 2 2 2 
7 7 5 2 2 1 1 1 1 1 1 1 1 0 0 0 0 0 1 2 2 2 2 2 1 1 4 5 5 4 3 3 1 1 1 0 0 1 2 2 3 3 2 2 2 2 
7 7 5 2 2 1 1 1 1 1 1 1 1 0 0 0 0 0 1 2 2 2 2 2 1 1 4 5 5 4 3 3 1 1 1 0 0 1 2 2 3 3 2 2 2 2 
8 8 7 3 3 2 2 2 0 0 1 0 0 0 0 0 0 0 0 1 1 0 0 0 1 1 1 3 3 4 3 3 3 3 2 1 1 1 1 1 2 2 2 1 1 1 
5 5 5 5 5 3 3 3 2 2 0 0 0 0 0 0 0 0 0 0 0 0 0 0 0 0 0 1 1 1 2 2 3 3 3 2 2 2 1 1 1 1 1 1 1 1 
5 5 5 5 5 3 3 3 2 2 0 0 0 0 0 0 0 0 0 0 0 0 0 0 0 0 0 1 1 1 2 2 3 3 3 2 2 2 1 1 1 1 1 1 1 1 
2 2 3 3 3 2 2 2 1 1 0 0 0 0 0 0 0 0 0 0 0 0 0 0 0 0 0 1 1 2 3 3 3 3 4 3 3 4 3 3 2 2 1 1 1 0 
2 2 3 3 3 2 2 2 1 1 0 0 0 0 0 0 0 0 0 0 0 0 0 0 0 0 0 1 1 2 3 3 3 3 4 3 3 4 3 3 2 2 1 1 1 0 
3 3 3 2 2 2 1 1 1 1 0 0 0 0 0 0 0 0 0 0 0 0 0 0 0 0 0 0 0 0 1 1 2 2 3 2 2 2 1 1 1 1 1 0 0 1 
2 2 2 2 2 1 1 1 0 0 0 0 0 0 0 0 0 0 0 0 0 0 0 0 1 1 1 3 3 0 0 0 1 1 2 1 1 1 0 0 0 0 0 1 1 0 
2 2 2 2 2 1 1 1 0 0 0 0 0 0 0 0 0 0 0 0 0 0 0 0 1 1 1 3 3 0 0 0 1 1 2 1 1 1 0 0 0 0 0 1 1 0 
5 5 4 2 2 1 0 0 0 0 0 0 0 0 0 0 0 0 0 0 0 0 0 0 1 1 1 0 0 1 1 1 1 1 1 1 1 1 0 0 0 0 0 0 0 0 
6 6 4 2 2 0 0 0 0 0 0 0 0 0 0 0 0 0 0 1 1 1 0 0 0 0 0 0 0 1 1 1 1 1 1 1 1 0 0 0 1 1 0 0 0 0 
6 6 4 2 2 0 0 0 0 0 0 0 0 0 0 0 0 0 0 1 1 1 0 0 0 0 0 0 0 1 1 1 1 1 1 1 1 0 0 0 1 1 0 0 0 0 
5 5 2 1 1 0 0 0 0 0 0 0 0 0 0 0 0 0 0 0 0 0 0 0 0 0 0 0 0 0 0 0 1 1 1 0 0 0 0 0 0 0 0 0 0 0 
5 5 2 1 1 0 0 0 0 0 0 0 0 0 0 0 0 0 0 0 0 0 0 0 0 0 0 0 0 0 0 0 1 1 1 0 0 0 0 0 0 0 0 0 0 0 
2 2 0 0 0 0 0 0 0 0 0 0 0 0 0 0 0 0 0 0 0 0 0 0 0 0 0 0 0 0 0 0 0 0 0 0 0 0 1 1 0 0 1 0 0 0 
0 0 0 0 0 0 0 0 0 0 0 0 0 0 0 0 0 0 0 0 0 0 0 0 0 0 0 0 0 1 1 1 1 1 1 0 0 1 1 1 1 1 0 0 0 0 
0 0 0 0 0 0 0 0 0 0 0 0 0 0 0 0 0 0 0 0 0 0 0 0 0 0 0 0 0 1 1 1 1 1 1 0 0 1 1 1 1 1 0 0 0 0 
0 0 0 0 0 0 0 0 0 0 0 0 0 0 0 0 0 0 1 0 0 0 0 0 0 0 0 1 1 2 2 2 2 2 1 0 0 0 0 0 0 0 0 0 0 0 
1 1 1 1 1 1 0 0 0 0 0 0 0 0 1 1 1 1 1 1 1 1 0 0 0 0 1 2 2 3 3 3 4 4 2 0 0 0 0 0 1 1 0 1 1 1 
1 1 1 1 1 1 0 0 0 0 0 0 0 0 1 1 1 1 1 1 1 1 0 0 0 0 1 2 2 3 3 3 4 4 2 0 0 0 0 0 1 1 0 1 1 1 
2 2 2 4 4 3 2 2 1 1 1 1 1 1 1 1 3 3 2 2 2 1 0 0 0 0 1 1 1 2 2 2 3 3 2 0 0 0 0 0 1 1 0 1 1 1 
2 2 2 4 4 3 2 2 1 1 1 1 1 1 1 1 3 3 2 2 2 1 0 0 0 0 1 1 1 2 2 2 3 3 2 0 0 0 0 0 1 1 0 1 1 1 
4 4 4 6 6 6 5 5 5 5 3 2 2 2 2 2 3 3 2 3 3 1 1 1 1 1 1 0 0 0 1 1 1 1 1 4 4 0 1 1 0 0 1 1 1 3 
6 6 8 9 9 7 8 8 9 9 11 7 7 6 3 3 3 3 2 1 1 2 1 1 1 1 1 1 1 0 1 1 1 1 1 1 1 1 2 2 3 3 3 5 5 6 
6 6 8 9 9 7 8 8 9 9 11 7 7 6 3 3 3 3 2 1 1 2 1 1 1 1 1 1 1 0 1 1 1 1 1 1 1 1 2 2 3 3 3 5 5 6 
5 5 7 9 9 13 8 8 10 10 16 17 17 12 11 11 6 6 4 1 1 3 2 2 1 1 0 0 0 0 0 0 1 1 1 1 1 1 3 3 2 2 2 3 3 6 
3 3 4 14 14 19 20 20 18 18 18 18 18 18 16 16 8 8 2 1 1 1 2 2 1 1 0 0 0 0 0 0 2 2 2 1 1 4 2 2 2 2 4 7 7 9 
3 3 4 14 14 19 20 20 18 18 18 18 18 18 16 16 8 8 2 1 1 1 2 2 1 1 0 0 0 0 0 0 2 2 2 1 1 4 2 2 2 2 4 7 7 9 
2 2 2 4 4 31 35 35 16 16 15 14 14 14 10 10 3 3 2 2 2 1 1 1 2 2 2 1 1 0 1 1 2 2 3 5 5 5 7 7 7 7 8 8 8 8 
2 2 2 4 4 31 35 35 16 16 15 14 14 14 10 10 3 3 2 2 2 1 1 1 2 2 2 1 1 0 1 1 2 2 3 5 5 5 7 7 7 7 8 8 8 8 
21 21 2 6 6 30 36 36 21 21 21 18 18 17 11 11 4 4 2 2 2 1 1 1 4 4 4 2 2 5 7 7 7 7 6 7 7 10 9 9 10 10 12 13 13 17 
21 21 21 15 15 18 23 23 14 14 11 9 9 8 7 7 2 2 2 3 3 1 3 3 8 8 7 6 6 9 11 11 9 9 11 12 12 16 17 17 19 19 24 23 23 27 
21 21 21 15 15 18 23 23 14 14 11 9 9 8 7 7 2 2 2 3 3 1 3 3 8 8 7 6 6 9 11 11 9 9 11 12 12 16 17 17 19 19 24 23 23 27 
10 10 11 1 1 2 16 16 5 5 3 3 3 3 3 3 1 1 1 2 2 1 8 8 7 7 6 6 6 9 12 12 14 14 18 23 23 25 28 28 32 32 33 33 33 32 
10 10 10 2 2 2 3 3 2 2 2 0 0 2 2 2 1 1 2 4 4 8 7 7 12 12 12 14 14 12 17 17 20 20 26 32 32 33 32 32 35 35 33 32 32 34 
10 10 10 2 2 2 3 3 2 2 2 0 0 2 2 2 1 1 2 4 4 8 7 7 12 12 12 14 14 12 17 17 20 20 26 32 32 33 32 32 35 35 33 32 32 34 
9 9 10 2 2 1 1 1 1 1 2 0 0 0 0 0 0 0 0 2 2 14 13 13 15 15 17 18 18 18 24 24 26 26 30 34 34 37 37 37 35 35 36 35 35 40 
9 9 10 2 2 1 1 1 1 1 2 0 0 0 0 0 0 0 0 2 2 14 13 13 15 15 17 18 18 18 24 24 26 26 30 34 34 37 37 37 35 35 36 35 35 40 
11 11 2 1 1 0 1 1 1 1 0 0 0 0 0 0 0 0 0 2 2 17 18 18 18 18 24 20 20 24 29 29 32 32 34 37 37 36 37 37 40 40 40 41 41 45 
11 11 2 0 0 0 0 0 0 0 0 0 0 0 1 1 0 0 1 7 7 20 18 18 27 27 30 30 30 29 34 34 38 38 37 40 40 40 42 42 46 46 46 49 49 53 
11 11 2 0 0 0 0 0 0 0 0 0 0 0 1 1 0 0 1 7 7 20 18 18 27 27 30 30 30 29 34 34 38 38 37 40 40 40 42 42 46 46 46 49 49 53 
2 2 1 1 1 1 1 1 1 1 1 1 1 2 1 1 1 1 2 12 12 14 16 16 25 25 30 30 30 29 32 32 34 34 37 43 43 45 43 43 53 53 59 61 61 58 
2 2 2 2 2 1 2 2 2 2 4 4 4 5 5 5 3 3 2 9 9 17 22 22 21 21 31 35 35 40 40 40 42 42 41 49 49 42 46 46 49 49 55 67 67 60 
2 2 2 2 2 1 2 2 2 2 4 4 4 5 5 5 3 3 2 9 9 17 22 22 21 21 31 35 35 40 40 40 42 42 41 49 49 42 46 46 49 49 55 67 67 60 
1 1 2 2 2 1 2 2 3 3 5 5 5 6 6 6 3 3 2 9 9 11 20 20 18 18 19 32 32 38 39 39 42 42 45 49 49 48 54 54 75 75 73 78 78 67 
1 1 2 2 2 1 2 2 3 3 5 5 5 6 6 6 3 3 2 9 9 11 20 20 18 18 19 32 32 38 39 39 42 42 45 49 49 48 54 54 75 75 73 78 78 67 
5 5 2 2 2 3 5 5 6 6 7 8 8 10 11 11 7 7 5 9 9 12 23 23 26 26 21 23 23 33 35 35 33 33 36 45 45 46 57 57 72 72 75 64 64 64 
7 7 5 4 4 5 9 9 10 10 12 13 13 13 11 11 10 10 11 11 11 17 22 22 25 25 25 22 22 30 34 34 38 38 43 49 49 47 53 53 56 56 75 73 73 67 
7 7 5 4 4 5 9 9 10 10 12 13 13 13 11 11 10 10 11 11 11 17 22 22 25 25 25 22 22 30 34 34 38 38 43 49 49 47 53 53 56 56 75 73 73 67 
7 7 6 6 6 6 10 10 12 12 11 16 16 19 11 11 11 11 14 12 12 23 27 27 27 27 23 23 23 29 33 33 34 34 38 37 37 36 42 42 48 48 60 61 61 58 
9 9 9 7 7 9 15 15 17 17 17 21 21 19 22 22 21 21 17 17 17 27 31 31 27 27 26 24 24 24 28 28 32 32 37 37 37 38 43 43 49 49 57 56 56 66 
9 9 9 7 7 9 15 15 17 17 17 21 21 19 22 22 21 21 17 17 17 27 31 31 27 27 26 24 24 24 28 28 32 32 37 37 37 38 43 43 49 49 57 56 56 66 
11 11 11 12 12 15 17 17 20 20 26 37 37 26 31 31 24 24 19 19 19 24 22 22 18 18 17 15 15 16 18 18 26 26 37 37 37 37 42 42 53 53 55 56 56 57 
11 11 11 12 12 15 17 17 20 20 26 37 37 26 31 31 24 24 19 19 19 24 22 22 18 18 17 15 15 16 18 18 26 26 37 37 37 37 42 42 53 53 55 56 56 57 
23 23 24 16 16 22 23 23 26 26 44 71 71 44 44 44 32 32 28 25 25 19 16 16 14 14 14 13 13 14 17 17 20 20 35 38 38 37 43 43 48 48 45 48 48 51 
23 23 26 20 20 29 33 33 66 66 64 68 68 72 56 56 41 41 23 25 25 18 14 14 12 12 12 12 12 16 17 17 21 21 23 38 38 41 44 44 46 46 36 43 43 46 
23 23 26 20 20 29 33 33 66 66 64 68 68 72 56 56 41 41 23 25 25 18 14 14 12 12 12 12 12 16 17 17 21 21 23 38 38 41 44 44 46 46 36 43 43 46 
25 25 20 30 30 33 38 38 67 67 69 66 66 56 48 48 47 47 26 21 21 11 11 11 11 11 12 17 17 20 18 18 21 21 25 28 28 34 42 42 36 36 32 32 32 37 
31 31 28 41 41 47 50 50 74 74 76 65 65 57 47 47 47 47 30 27 27 15 15 15 18 18 17 19 19 22 20 20 18 18 20 17 17 18 14 14 20 20 29 22 22 25 
