assets/RAT_results/precipitation/2024-06-19_IMERG.asc
ncols        46
nrows        77
xllcorner    74.800261325624
yllcorner    8.058333333333
cellsize     0.062500000000
NODATA_value -9999
8 8 9 9 9 5 5 5 9 9 15 27 27 22 18 18 13 13 9 4 4 2 0 0 1 1 1 1 1 3 2 2 3 3 4 3 3 3 4 4 4 4 9 11 11 20 
13 13 12 11 11 10 10 10 9 9 14 17 17 13 10 10 4 4 3 1 1 1 1 1 1 1 1 2 2 3 3 3 4 4 4 4 4 4 6 6 9 9 12 14 14 14 
13 13 12 11 11 10 10 10 9 9 14 17 17 13 10 10 4 4 3 1 1 1 1 1 1 1 1 2 2 3 3 3 4 4 4 4 4 4 6 6 9 9 12 14 14 14 
16 16 9 10 10 7 10 10 11 11 13 13 13 10 5 5 4 4 2 2 2 3 3 3 2 2 2 2 2 4 4 4 5 5 5 6 6 6 8 8 11 11 14 16 16 18 
10 10 11 13 13 13 14 14 16 16 17 20 20 21 16 16 14 14 9 5 5 5 5 5 4 4 5 3 3 6 5 5 7 7 7 8 8 9 11 11 14 14 16 18 18 19 
10 10 11 13 13 13 14 14 16 16 17 20 20 21 16 16 14 14 9 5 5 5 5 5 4 4 5 3 3 6 5 5 7 7 7 8 8 9 11 11 14 14 16 18 18 19 
15 15 20 20 20 15 20 20 23 23 30 35 35 38 25 25 15 15 9 5 5 5 5 5 4 4 4 3 3 4 4 4 5 5 8 9 9 9 11 11 14 14 17 19 19 19 
15 15 20 20 20 15 20 20 23 23 30 35 35 38 25 25 15 15 9 5 5 5 5 5 4 4 4 3 3 4 4 4 5 5 8 9 9 9 11 11 14 14 17 19 19 19 
10 10 11 11 11 10 11 11 11 11 11 16 16 11 11 11 6 6 5 2 2 1 2 2 1 1 3 1 1 3 4 4 7 7 9 9 9 10 11 11 14 14 16 16 16 15 
10 10 7 14 14 9 12 12 11 11 11 13 13 10 11 11 10 10 7 3 3 3 1 1 2 2 2 2 2 2 2 2 3 3 5 6 6 7 8 8 11 11 12 12 12 12 
10 10 7 14 14 9 12 12 11 11 11 13 13 10 11 11 10 10 7 3 3 3 1 1 2 2 2 2 2 2 2 2 3 3 5 6 6 7 8 8 11 11 12 12 12 12 
6 6 5 6 6 8 7 7 7 7 7 9 9 5 7 7 4 4 5 2 2 2 1 1 2 2 2 2 2 1 2 2 2 2 2 4 4 6 7 7 11 11 10 10 10 10 
4 4 4 5 5 8 12 12 9 9 13 14 14 12 9 9 8 8 5 5 5 4 2 2 3 3 2 1 1 1 3 3 3 3 4 5 5 5 6 6 8 8 9 6 6 7 
4 4 4 5 5 8 12 12 9 9 13 14 14 12 9 9 8 8 5 5 5 4 2 2 3 3 2 1 1 1 3 3 3 3 4 5 5 5 6 6 8 8 9 6 6 7 
18 18 19 22 22 21 31 31 29 29 30 30 30 21 14 14 10 10 7 8 8 6 5 5 2 2 2 0 0 1 1 1 2 2 2 3 3 2 4 4 3 3 4 3 3 5 
18 18 19 22 22 21 31 31 29 29 30 30 30 21 14 14 10 10 7 8 8 6 5 5 2 2 2 0 0 1 1 1 2 2 2 3 3 2 4 4 3 3 4 3 3 5 
19 19 30 31 31 18 26 26 19 19 17 18 18 10 8 8 11 11 3 2 2 2 1 1 1 1 2 2 2 0 0 0 0 0 0 1 1 0 1 1 0 0 2 1 1 3 
13 13 22 19 19 17 14 14 23 23 25 28 28 12 8 8 7 7 2 2 2 2 1 1 0 0 1 0 0 0 0 0 0 0 0 1 1 0 1 1 0 0 1 1 1 2 
13 13 22 19 19 17 14 14 23 23 25 28 28 12 8 8 7 7 2 2 2 2 1 1 0 0 1 0 0 0 0 0 0 0 0 1 1 0 1 1 0 0 1 1 1 2 
11 11 20 42 42 42 41 41 21 21 16 24 24 9 44 44 12 12 8 9 9 0 2 2 0 0 1 0 0 0 0 0 0 0 0 0 0 0 1 1 1 1 1 2 2 1 
6 6 8 44 44 47 60 60 56 56 61 98 98 44 43 43 12 12 1 1 1 1 2 2 2 2 2 3 3 2 2 2 2 2 1 1 1 0 1 1 3 3 1 1 1 1 
6 6 8 44 44 47 60 60 56 56 61 98 98 44 43 43 12 12 1 1 1 1 2 2 2 2 2 3 3 2 2 2 2 2 1 1 1 0 1 1 3 3 1 1 1 1 
5 5 6 6 6 8 46 46 58 58 61 21 21 27 28 28 5 5 5 3 3 4 2 2 6 6 3 4 4 3 2 2 2 2 1 1 1 3 1 1 2 2 1 1 1 2 
5 5 6 6 6 8 46 46 58 58 61 21 21 27 28 28 5 5 5 3 3 4 2 2 6 6 3 4 4 3 2 2 2 2 1 1 1 3 1 1 2 2 1 1 1 2 
6 6 6 5 5 5 7 7 5 5 5 16 16 34 33 33 17 17 11 13 13 14 11 11 11 11 7 6 6 5 6 6 7 7 7 6 6 3 2 2 3 3 2 2 2 2 
16 16 14 14 14 8 7 7 8 8 7 7 7 10 24 24 22 22 18 19 19 20 18 18 14 14 17 14 14 18 29 29 17 17 10 8 8 6 3 3 3 3 2 2 2 2 
16 16 14 14 14 8 7 7 8 8 7 7 7 10 24 24 22 22 18 19 19 20 18 18 14 14 17 14 14 18 29 29 17 17 10 8 8 6 3 3 3 3 2 2 2 2 
15 15 13 11 11 10 9 9 7 7 4 6 6 16 24 24 28 28 23 27 27 33 22 22 23 23 31 37 37 37 25 25 16 16 13 10 10 6 4 4 2 2 2 2 2 2 
9 9 9 6 6 6 8 8 6 6 6 6 6 8 13 13 17 17 20 19 19 22 19 19 22 22 28 31 31 36 29 29 17 17 13 9 9 6 3 3 4 4 2 1 1 1 
9 9 9 6 6 6 8 8 6 6 6 6 6 8 13 13 17 17 20 19 19 22 19 19 22 22 28 31 31 36 29 29 17 17 13 9 9 6 3 3 4 4 2 1 1 1 
4 4 4 4 4 5 4 4 3 3 2 3 3 5 5 5 9 9 11 12 12 13 13 13 13 13 12 12 12 16 15 15 10 10 6 4 4 2 2 2 3 3 1 1 1 1 
4 4 4 4 4 5 4 4 3 3 2 3 3 5 5 5 9 9 11 12 12 13 13 13 13 13 12 12 12 16 15 15 10 10 6 4 4 2 2 2 3 3 1 1 1 1 
6 6 9 5 5 7 7 7 6 6 6 6 6 7 7 7 7 7 6 9 9 11 8 8 7 7 9 9 9 11 10 10 8 8 5 3 3 2 1 1 0 0 0 1 1 0 
8 8 7 7 7 6 9 9 7 7 8 8 8 6 5 5 5 5 4 8 8 8 5 5 6 6 6 8 8 4 4 4 3 3 3 2 2 1 0 0 0 0 0 0 0 0 
8 8 7 7 7 6 9 9 7 7 8 8 8 6 5 5 5 5 4 8 8 8 5 5 6 6 6 8 8 4 4 4 3 3 3 2 2 1 0 0 0 0 0 0 0 0 
5 5 6 5 5 4 5 5 5 5 5 7 7 6 6 6 3 3 7 8 8 9 8 8 10 10 8 11 11 6 7 7 3 3 2 1 1 0 0 0 0 0 0 0 0 0 
7 7 6 6 6 5 6 6 7 7 7 7 7 8 12 12 10 10 23 27 27 18 15 15 8 8 12 13 13 12 8 8 7 7 3 2 2 0 0 0 0 0 0 0 0 1 
7 7 6 6 6 5 6 6 7 7 7 7 7 8 12 12 10 10 23 27 27 18 15 15 8 8 12 13 13 12 8 8 7 7 3 2 2 0 0 0 0 0 0 0 0 1 
9 9 7 7 7 10 9 9 11 11 9 9 9 10 11 11 7 7 16 20 20 10 10 10 7 7 7 10 10 7 8 8 5 5 2 4 4 6 11 11 11 11 13 14 14 15 
9 9 7 7 7 10 9 9 11 11 9 9 9 10 11 11 7 7 16 20 20 10 10 10 7 7 7 10 10 7 8 8 5 5 2 4 4 6 11 11 11 11 13 14 14 15 
13 13 10 10 10 9 13 13 12 12 15 11 11 11 11 11 9 9 13 16 16 7 7 7 5 5 10 13 13 12 10 10 10 10 9 8 8 10 12 12 11 11 9 8 8 7 
15 15 12 11 11 10 11 11 10 10 11 11 11 12 9 9 8 8 6 5 5 8 10 10 6 6 7 10 10 11 10 10 10 10 10 9 9 10 10 10 10 10 9 7 7 8 
15 15 12 11 11 10 11 11 10 10 11 11 11 12 9 9 8 8 6 5 5 8 10 10 6 6 7 10 10 11 10 10 10 10 10 9 9 10 10 10 10 10 9 7 7 8 
10 10 9 8 8 10 10 10 11 11 11 12 12 12 11 11 10 10 8 7 7 11 12 12 13 13 13 19 19 13 12 12 9 9 8 5 5 5 4 4 4 4 4 3 3 3 
12 12 10 12 12 12 15 15 13 13 18 15 15 16 15 15 15 15 12 9 9 11 12 12 11 11 12 15 15 9 8 8 5 5 5 3 3 3 1 1 1 1 0 0 0 0 
12 12 10 12 12 12 15 15 13 13 18 15 15 16 15 15 15 15 12 9 9 11 12 12 11 11 12 15 15 9 8 8 5 5 5 3 3 3 1 1 1 1 0 0 0 0 
12 12 12 12 12 14 12 12 13 13 13 15 15 17 19 19 17 17 19 15 15 22 27 27 24 24 25 24 24 24 20 20 16 16 13 10 10 5 4 4 2 2 1 1 1 0 
12 12 12 12 12 14 12 12 13 13 13 15 15 17 19 19 17 17 19 15 15 22 27 27 24 24 25 24 24 24 20 20 16 16 13 10 10 5 4 4 2 2 1 1 1 0 
8 8 8 8 8 8 8 8 7 7 8 8 8 9 11 11 11 11 11 11 11 11 17 17 16 16 21 20 20 22 19 19 16 16 15 14 14 11 6 6 3 3 2 1 1 1 
24 24 18 17 17 8 13 13 15 15 16 16 16 16 15 15 15 15 16 17 17 17 18 18 25 25 22 22 22 16 16 16 13 13 17 13 13 10 5 5 3 3 2 1 1 2 
24 24 18 17 17 8 13 13 15 15 16 16 16 16 15 15 15 15 16 17 17 17 18 18 25 25 22 22 22 16 16 16 13 13 17 13 13 10 5 5 3 3 2 1 1 2 
23 23 19 21 21 9 16 16 17 17 19 19 19 19 17 17 20 20 24 18 18 18 19 19 25 25 28 28 28 21 19 19 14 14 15 11 11 6 4 4 2 2 1 2 2 2 
11 11 15 12 12 13 17 17 16 16 20 18 18 24 24 24 28 28 35 28 28 39 35 35 38 38 36 39 39 36 31 31 26 26 22 17 17 10 6 6 4 4 3 2 2 2 
11 11 15 12 12 13 17 17 16 16 20 18 18 24 24 24 28 28 35 28 28 39 35 35 38 38 36 39 39 36 31 31 26 26 22 17 17 10 6 6 4 4 3 2 2 2 
8 8 8 11 11 13 16 16 14 14 19 17 17 21 20 20 24 24 28 28 28 34 34 34 40 40 36 38 38 32 30 30 26 26 24 21 21 15 11 11 9 9 6 3 3 3 
8 8 8 11 11 13 16 16 14 14 19 17 17 21 20 20 24 24 28 28 28 34 34 34 40 40 36 38 38 32 30 30 26 26 24 21 21 15 11 11 9 9 6 3 3 3 
10 10 14 11 11 14 15 15 17 17 14 16 16 16 19 19 21 21 23 32 32 31 33 33 42 42 35 34 34 27 23 23 24 24 20 19 19 14 11 11 10 10 6 4 4 3 
11 11 11 9 9 10 12 12 12 12 13 14 14 14 15 15 17 17 17 13 13 12 16 16 21 21 24 29 29 24 22 22 23 23 26 23 23 23 16 16 15 15 7 3 3 2 
11 11 11 9 9 10 12 12 12 12 13 14 14 14 15 15 17 17 17 13 13 12 16 16 21 21 24 29 29 24 22 22 23 23 26 23 23 23 16 16 15 15 7 3 3 2 
8 8 9 11 11 13 13 13 13 13 15 19 19 19 24 24 23 23 19 16 16 17 20 20 22 22 29 28 28 29 28 28 29 29 34 35 35 35 18 18 16 16 6 3 3 1 
10 10 15 14 14 18 27 27 27 27 19 25 25 23 28 28 22 22 22 19 19 20 21 21 30 30 40 28 28 27 25 25 25 25 28 34 34 34 26 26 10 10 4 1 1 1 
10 10 15 14 14 18 27 27 27 27 19 25 25 23 28 28 22 22 22 19 19 20 21 21 30 30 40 28 28 27 25 25 25 25 28 34 34 34 26 26 10 10 4 1 1 1 
16 16 20 21 21 17 28 28 30 30 22 27 27 26 30 30 22 22 21 34 34 44 43 43 29 29 29 28 28 30 24 24 22 22 19 18 18 16 9 9 5 5 1 0 0 0 
16 16 20 21 21 17 28 28 30 30 22 27 27 26 30 30 22 22 21 34 34 44 43 43 29 29 29 28 28 30 24 24 22 22 19 18 18 16 9 9 5 5 1 0 0 0 
14 14 15 14 14 16 21 21 22 22 21 22 22 21 35 35 35 35 36 34 34 52 51 51 37 37 31 33 33 29 32 32 36 36 35 26 26 22 18 18 14 14 8 4 4 3 
13 13 14 16 16 19 21 21 23 23 23 26 26 28 35 35 37 37 41 46 46 43 50 50 30 30 31 29 29 35 35 35 40 40 40 31 31 25 18 18 13 13 8 5 5 4 
13 13 14 16 16 19 21 21 23 23 23 26 26 28 35 35 37 37 41 46 46 43 50 50 30 30 31 29 29 35 35 35 40 40 40 31 31 25 18 18 13 13 8 5 5 4 
8 8 9 10 10 14 16 16 24 24 29 35 35 37 39 39 39 39 38 37 37 48 51 51 51 51 40 39 39 58 46 46 54 54 45 48 48 44 32 32 22 22 10 3 3 1 
9 9 8 9 9 9 10 10 13 13 17 19 19 20 30 30 30 30 26 30 30 29 46 46 30 30 32 31 31 30 39 39 39 39 34 35 35 35 30 30 20 20 10 5 5 2 
9 9 8 9 9 9 10 10 13 13 17 19 19 20 30 30 30 30 26 30 30 29 46 46 30 30 32 31 31 30 39 39 39 39 34 35 35 35 30 30 20 20 10 5 5 2 
10 10 10 9 9 10 11 11 12 12 13 15 15 17 18 18 19 19 20 20 20 20 26 26 23 23 22 20 20 19 20 20 29 29 28 29 29 25 23 23 19 19 15 9 9 6 
10 10 10 9 9 10 11 11 12 12 13 15 15 17 18 18 19 19 20 20 20 20 26 26 23 23 22 20 20 19 20 20 29 29 28 29 29 25 23 23 19 19 15 9 9 6 
9 9 9 8 8 8 9 9 9 9 10 12 12 14 17 17 19 19 21 23 23 23 22 22 21 21 24 27 27 29 31 31 31 31 29 33 33 28 27 27 24 24 21 12 12 10 
7 7 8 7 7 7 6 6 6 6 8 19 19 11 11 11 12 12 13 15 15 17 18 18 18 18 19 23 23 25 27 27 24 24 26 35 35 32 31 31 32 32 28 19 19 16 
7 7 8 7 7 7 6 6 6 6 8 19 19 11 11 11 12 12 13 15 15 17 18 18 18 18 19 23 23 25 27 27 24 24 26 35 35 32 31 31 32 32 28 19 19 16 
7 7 7 8 8 7 7 7 7 7 10 12 12 12 12 12 14 14 14 16 16 16 18 18 19 19 20 23 23 25 40 40 31 31 32 25 25 34 32 32 29 29 27 15 15 11 
6 6 6 6 6 7 8 8 9 9 10 12 12 12 14 14 14 14 14 14 14 13 12 12 12 12 13 17 17 16 18 18 18 18 24 21 21 18 15 15 21 21 15 8 8 7 
