assets/RAT_results/precipitation/2024-06-03_IMERG.asc
ncols        46
nrows        77
xllcorner    74.800261325624
yllcorner    8.058333333333
cellsize     0.062500000000
NODATA_value -9999
90 90 114 170 170 184 179 179 90 90 73 77 77 149 197 197 182 182 179 156 156 111 76 76 5 5 3 6 6 35 8 8 5 5 4 13 13 2 0 0 0 0 0 0 0 0 
95 95 88 129 129 166 165 165 114 114 131 132 132 206 189 189 208 208 155 121 121 108 67 67 5 5 2 1 1 1 6 6 1 1 0 0 0 0 0 0 0 0 0 0 0 0 
95 95 88 129 129 166 165 165 114 114 131 132 132 206 189 189 208 208 155 121 121 108 67 67 5 5 2 1 1 1 6 6 1 1 0 0 0 0 0 0 0 0 0 0 0 0 
112 112 119 136 136 172 192 192 194 194 173 160 160 218 215 215 222 222 184 165 165 80 64 64 5 5 3 2 2 10 14 14 5 5 0 4 4 11 11 11 5 5 0 0 0 0 
63 63 112 115 115 165 172 172 165 165 164 165 165 178 146 146 182 182 129 122 122 86 61 61 4 4 5 15 15 14 13 13 15 15 7 8 8 26 33 33 14 14 0 0 0 0 
63 63 112 115 115 165 172 172 165 165 164 165 165 178 146 146 182 182 129 122 122 86 61 61 4 4 5 15 15 14 13 13 15 15 7 8 8 26 33 33 14 14 0 0 0 0 
30 30 65 93 93 128 149 149 163 163 123 141 141 150 146 146 123 123 87 68 68 60 62 62 10 10 11 16 16 28 39 39 43 43 63 34 34 67 58 58 16 16 10 6 6 5 
30 30 65 93 93 128 149 149 163 163 123 141 141 150 146 146 123 123 87 68 68 60 62 62 10 10 11 16 16 28 39 39 43 43 63 34 34 67 58 58 16 16 10 6 6 5 
17 17 49 77 77 104 119 119 152 152 163 174 174 173 161 161 131 131 87 63 63 47 52 52 43 43 40 39 39 37 72 72 72 72 69 85 85 56 62 62 38 38 35 30 30 24 
28 28 49 70 70 83 86 86 111 111 117 128 128 129 135 135 118 118 92 84 84 56 57 57 49 49 66 83 83 80 50 50 56 56 40 47 47 50 53 53 45 45 28 20 20 25 
28 28 49 70 70 83 86 86 111 111 117 128 128 129 135 135 118 118 92 84 84 56 57 57 49 49 66 83 83 80 50 50 56 56 40 47 47 50 53 53 45 45 28 20 20 25 
47 47 80 84 84 96 99 99 94 94 107 121 121 113 125 125 140 140 118 105 105 93 92 92 75 75 54 60 60 70 45 45 34 34 38 17 17 43 45 45 23 23 17 17 17 19 
31 31 48 62 62 78 94 94 121 121 123 125 125 101 119 119 141 141 137 124 124 110 105 105 87 87 65 52 52 52 54 54 36 36 34 34 34 28 25 25 28 28 16 11 11 17 
31 31 48 62 62 78 94 94 121 121 123 125 125 101 119 119 141 141 137 124 124 110 105 105 87 87 65 52 52 52 54 54 36 36 34 34 34 28 25 25 28 28 16 11 11 17 
16 16 17 16 16 20 54 54 70 70 69 103 103 110 99 99 118 118 117 113 113 102 100 100 75 75 53 63 63 72 62 62 53 53 29 17 17 16 17 17 33 33 19 9 9 5 
16 16 17 16 16 20 54 54 70 70 69 103 103 110 99 99 118 118 117 113 113 102 100 100 75 75 53 63 63 72 62 62 53 53 29 17 17 16 17 17 33 33 19 9 9 5 
21 21 16 15 15 21 38 38 53 53 58 92 92 82 94 94 110 110 102 107 107 98 63 63 76 76 42 71 71 72 60 60 49 49 47 36 36 53 47 47 44 44 31 22 22 5 
11 11 12 11 11 14 17 17 37 37 56 80 80 79 74 74 77 77 74 72 72 66 61 61 58 58 57 85 85 66 66 66 61 61 77 55 55 42 35 35 66 66 63 57 57 18 
11 11 12 11 11 14 17 17 37 37 56 80 80 79 74 74 77 77 74 72 72 66 61 61 58 58 57 85 85 66 66 66 61 61 77 55 55 42 35 35 66 66 63 57 57 18 
36 36 14 11 11 12 17 17 26 26 42 59 59 58 59 59 52 52 53 49 49 45 51 51 50 50 51 64 64 54 79 79 79 79 82 80 80 78 66 66 63 63 59 80 80 49 
32 32 33 17 17 17 20 20 27 27 34 59 59 57 53 53 54 54 59 56 56 70 65 65 61 61 39 49 49 62 72 72 71 71 71 65 65 87 66 66 44 44 34 68 68 85 
32 32 33 17 17 17 20 20 27 27 34 59 59 57 53 53 54 54 59 56 56 70 65 65 61 61 39 49 49 62 72 72 71 71 71 65 65 87 66 66 44 44 34 68 68 85 
27 27 28 19 19 18 24 24 29 29 34 56 56 53 56 56 40 40 35 29 29 34 40 40 44 44 42 47 47 43 48 48 43 43 30 83 83 54 28 28 13 13 25 28 28 30 
27 27 28 19 19 18 24 24 29 29 34 56 56 53 56 56 40 40 35 29 29 34 40 40 44 44 42 47 47 43 48 48 43 43 30 83 83 54 28 28 13 13 25 28 28 30 
34 34 34 20 20 17 20 20 14 14 10 13 13 15 16 16 14 14 17 13 13 19 26 26 32 32 31 28 28 19 22 22 35 35 16 53 53 20 21 21 14 14 15 7 7 9 
39 39 40 44 44 24 25 25 24 24 11 7 7 9 13 13 9 9 12 15 15 18 25 25 28 28 21 24 24 19 17 17 30 30 19 21 21 23 26 26 13 13 11 0 0 2 
39 39 40 44 44 24 25 25 24 24 11 7 7 9 13 13 9 9 12 15 15 18 25 25 28 28 21 24 24 19 17 17 30 30 19 21 21 23 26 26 13 13 11 0 0 2 
35 35 36 45 45 43 27 27 21 21 16 15 15 12 8 8 11 11 10 11 11 9 18 18 18 18 16 33 33 21 13 13 15 15 20 13 13 15 12 12 1 1 7 0 0 0 
28 28 28 39 39 44 19 19 18 18 32 17 17 13 14 14 24 24 19 17 17 9 10 10 17 17 21 29 29 33 17 17 5 5 3 2 2 3 4 4 2 2 1 1 1 0 
28 28 28 39 39 44 19 19 18 18 32 17 17 13 14 14 24 24 19 17 17 9 10 10 17 17 21 29 29 33 17 17 5 5 3 2 2 3 4 4 2 2 1 1 1 0 
22 22 36 39 39 64 72 72 70 70 51 38 38 24 22 22 40 40 22 19 19 17 14 14 15 15 17 15 15 15 9 9 2 2 1 2 2 3 5 5 4 4 4 2 2 1 
22 22 36 39 39 64 72 72 70 70 51 38 38 24 22 22 40 40 22 19 19 17 14 14 15 15 17 15 15 15 9 9 2 2 1 2 2 3 5 5 4 4 4 2 2 1 
22 22 32 41 41 79 64 64 70 70 38 39 39 37 25 25 37 37 31 19 19 11 6 6 9 9 10 10 10 11 4 4 2 2 2 4 4 7 9 9 9 9 8 4 4 2 
20 20 31 29 29 77 56 56 64 64 30 36 36 43 32 32 34 34 47 21 21 19 12 12 13 13 12 10 10 7 9 9 4 4 6 9 9 13 17 17 20 20 16 12 12 9 
20 20 31 29 29 77 56 56 64 64 30 36 36 43 32 32 34 34 47 21 21 19 12 12 13 13 12 10 10 7 9 9 4 4 6 9 9 13 17 17 20 20 16 12 12 9 
32 32 48 48 48 50 71 71 60 60 53 26 26 35 33 33 34 34 36 18 18 18 19 19 17 17 18 17 17 15 13 13 11 11 13 12 12 12 16 16 9 9 8 8 8 10 
43 43 53 63 63 70 72 72 76 76 33 34 34 43 37 37 40 40 34 30 30 26 26 26 19 19 20 20 20 21 30 30 39 39 37 31 31 27 22 22 13 13 11 7 7 6 
43 43 53 63 63 70 72 72 76 76 33 34 34 43 37 37 40 40 34 30 30 26 26 26 19 19 20 20 20 21 30 30 39 39 37 31 31 27 22 22 13 13 11 7 7 6 
47 47 49 61 61 56 64 64 58 58 51 34 34 31 23 23 19 19 22 23 23 19 28 28 22 22 24 22 22 20 22 22 26 26 29 27 27 32 21 21 16 16 20 8 8 2 
47 47 49 61 61 56 64 64 58 58 51 34 34 31 23 23 19 19 22 23 23 19 28 28 22 22 24 22 22 20 22 22 26 26 29 27 27 32 21 21 16 16 20 8 8 2 
43 43 46 65 65 71 93 93 86 86 84 57 57 51 29 29 22 22 17 22 22 17 18 18 17 17 22 20 20 21 21 21 17 17 20 20 20 26 16 16 18 18 15 7 7 6 
37 37 38 42 42 48 52 52 64 64 66 42 42 31 26 26 23 23 17 15 15 14 16 16 12 12 14 9 9 10 12 12 10 10 17 15 15 22 11 11 10 10 9 7 7 5 
37 37 38 42 42 48 52 52 64 64 66 42 42 31 26 26 23 23 17 15 15 14 16 16 12 12 14 9 9 10 12 12 10 10 17 15 15 22 11 11 10 10 9 7 7 5 
20 20 22 32 32 35 40 40 53 53 39 44 44 26 16 16 14 14 14 13 13 18 19 19 17 17 15 12 12 12 13 13 15 15 19 15 15 18 15 15 10 10 11 8 8 5 
18 18 26 26 26 30 36 36 38 38 33 33 33 24 12 12 16 16 14 12 12 14 17 17 12 12 11 9 9 8 8 8 16 16 9 5 5 4 8 8 10 10 7 5 5 2 
18 18 26 26 26 30 36 36 38 38 33 33 33 24 12 12 16 16 14 12 12 14 17 17 12 12 11 9 9 8 8 8 16 16 9 5 5 4 8 8 10 10 7 5 5 2 
21 21 25 25 25 30 41 41 40 40 48 49 49 35 28 28 28 28 30 23 23 22 7 7 10 10 13 8 8 7 6 6 5 5 8 6 6 5 4 4 4 4 4 1 1 1 
21 21 25 25 25 30 41 41 40 40 48 49 49 35 28 28 28 28 30 23 23 22 7 7 10 10 13 8 8 7 6 6 5 5 8 6 6 5 4 4 4 4 4 1 1 1 
22 22 23 28 28 29 37 37 37 37 40 41 41 35 26 26 24 24 23 24 24 15 26 26 27 27 18 19 19 20 14 14 13 13 10 5 5 5 5 5 3 3 2 1 1 1 
16 16 18 26 26 35 37 37 44 44 46 48 48 38 31 31 29 29 23 18 18 17 21 21 21 21 17 17 17 12 12 12 10 10 8 5 5 4 2 2 1 1 1 1 1 2 
16 16 18 26 26 35 37 37 44 44 46 48 48 38 31 31 29 29 23 18 18 17 21 21 21 21 17 17 17 12 12 12 10 10 8 5 5 4 2 2 1 1 1 1 1 2 
11 11 13 25 25 24 34 34 44 44 42 45 45 34 27 27 21 21 18 12 12 8 8 8 21 21 16 11 11 9 5 5 3 3 2 3 3 2 1 1 1 1 2 2 2 3 
5 5 6 10 10 13 16 16 19 19 22 27 27 26 21 21 17 17 15 7 7 4 4 4 16 16 11 5 5 8 6 6 4 4 3 3 3 4 3 3 3 3 2 1 1 2 
5 5 6 10 10 13 16 16 19 19 22 27 27 26 21 21 17 17 15 7 7 4 4 4 16 16 11 5 5 8 6 6 4 4 3 3 3 4 3 3 3 3 2 1 1 2 
1 1 3 3 3 4 5 5 7 7 12 21 21 25 19 19 8 8 5 3 3 3 4 4 13 13 11 15 15 11 9 9 10 10 9 13 13 11 4 4 2 2 1 0 0 0 
1 1 3 3 3 4 5 5 7 7 12 21 21 25 19 19 8 8 5 3 3 3 4 4 13 13 11 15 15 11 9 9 10 10 9 13 13 11 4 4 2 2 1 0 0 0 
1 1 2 2 2 2 4 4 9 9 16 23 23 28 21 21 11 11 8 7 7 6 7 7 11 11 17 13 13 16 20 20 18 18 15 12 12 8 3 3 2 2 1 0 0 1 
1 1 2 2 2 4 8 8 13 13 17 17 17 13 12 12 9 9 4 6 6 6 4 4 4 4 10 10 10 14 16 16 14 14 9 11 11 7 4 4 9 9 2 1 1 1 
1 1 2 2 2 4 8 8 13 13 17 17 17 13 12 12 9 9 4 6 6 6 4 4 4 4 10 10 10 14 16 16 14 14 9 11 11 7 4 4 9 9 2 1 1 1 
1 1 2 4 4 6 12 12 16 16 22 19 19 14 12 12 10 10 6 4 4 3 4 4 1 1 2 4 4 7 11 11 12 12 9 9 9 8 6 6 8 8 4 4 4 2 
1 1 3 6 6 7 10 10 12 12 18 23 23 17 16 16 16 16 10 6 6 3 3 3 1 1 3 4 4 7 9 9 11 11 7 4 4 2 2 2 4 4 2 1 1 0 
1 1 3 6 6 7 10 10 12 12 18 23 23 17 16 16 16 16 10 6 6 3 3 3 1 1 3 4 4 7 9 9 11 11 7 4 4 2 2 2 4 4 2 1 1 0 
3 3 4 4 4 5 8 8 9 9 12 16 16 14 20 20 19 19 15 9 9 7 5 5 7 7 3 8 8 8 13 13 15 15 7 2 2 2 3 3 4 4 4 2 2 2 
3 3 4 4 4 5 8 8 9 9 12 16 16 14 20 20 19 19 15 9 9 7 5 5 7 7 3 8 8 8 13 13 15 15 7 2 2 2 3 3 4 4 4 2 2 2 
4 4 5 5 5 7 11 11 13 13 10 13 13 13 16 16 17 17 14 10 10 12 8 8 8 8 6 5 5 10 8 8 6 6 2 3 3 5 4 4 6 6 5 4 4 5 
8 8 10 9 9 8 7 7 7 7 6 10 10 13 15 15 18 18 17 15 15 13 17 17 6 6 3 2 2 8 7 7 4 4 2 2 2 5 4 4 3 3 2 2 2 3 
8 8 10 9 9 8 7 7 7 7 6 10 10 13 15 15 18 18 17 15 15 13 17 17 6 6 3 2 2 8 7 7 4 4 2 2 2 5 4 4 3 3 2 2 2 3 
14 14 10 7 7 6 4 4 3 3 3 7 7 12 14 14 17 17 19 18 18 19 16 16 4 4 4 2 2 2 5 5 6 6 3 3 3 3 8 8 3 3 2 3 3 3 
3 3 3 3 3 3 2 2 1 1 2 3 3 7 12 12 14 14 16 15 15 12 9 9 3 3 2 1 1 0 2 2 4 4 0 1 1 2 4 4 3 3 4 2 2 2 
3 3 3 3 3 3 2 2 1 1 2 3 3 7 12 12 14 14 16 15 15 12 9 9 3 3 2 1 1 0 2 2 4 4 0 1 1 2 4 4 3 3 4 2 2 2 
1 1 1 0 0 1 1 1 1 1 2 2 2 4 8 8 9 9 10 11 11 13 6 6 1 1 1 1 1 1 0 0 1 1 2 1 1 0 1 1 1 1 1 2 2 1 
1 1 1 0 0 1 1 1 1 1 2 2 2 4 8 8 9 9 10 11 11 13 6 6 1 1 1 1 1 1 0 0 1 1 2 1 1 0 1 1 1 1 1 2 2 1 
0 0 0 1 1 3 5 5 4 4 2 3 3 7 9 9 9 9 12 14 14 18 10 10 4 4 1 1 1 1 1 1 2 2 7 7 7 1 1 1 1 1 1 1 1 0 
0 0 0 1 1 2 4 4 4 4 1 1 1 4 5 5 9 9 7 7 7 16 11 11 8 8 2 1 1 1 1 1 2 2 2 2 2 4 4 4 3 3 1 1 1 1 
0 0 0 1 1 2 4 4 4 4 1 1 1 4 5 5 9 9 7 7 7 16 11 11 8 8 2 1 1 1 1 1 2 2 2 2 2 4 4 4 3 3 1 1 1 1 
1 1 1 0 0 0 1 1 1 1 1 1 1 2 3 3 3 3 3 3 3 12 11 11 6 6 7 2 2 2 2 2 2 2 2 2 2 3 5 5 2 2 1 1 1 1 
1 1 1 1 1 1 1 1 2 2 3 1 1 1 1 1 1 1 3 5 5 4 14 14 13 13 15 11 11 7 6 6 3 3 4 1 1 1 2 2 1 1 1 1 1 1 
