assets/RAT_results/precipitation/2024-06-09_IMERG.asc
ncols        46
nrows        77
xllcorner    74.800261325624
yllcorner    8.058333333333
cellsize     0.062500000000
NODATA_value -9999
99 99 103 120 120 112 100 100 105 105 84 91 91 72 46 46 23 23 26 14 14 13 14 14 11 11 7 3 3 2 4 4 6 6 9 12 12 20 22 22 21 21 16 11 11 7 
46 46 63 95 95 92 86 86 60 60 57 45 45 31 32 32 12 12 9 13 13 21 24 24 18 18 12 12 12 13 16 16 18 18 20 21 21 29 32 32 25 25 15 9 9 4 
46 46 63 95 95 92 86 86 60 60 57 45 45 31 32 32 12 12 9 13 13 21 24 24 18 18 12 12 12 13 16 16 18 18 20 21 21 29 32 32 25 25 15 9 9 4 
49 49 70 86 86 66 56 56 46 46 49 48 48 29 18 18 14 14 15 17 17 18 17 17 16 16 13 12 12 13 17 17 18 18 16 17 17 20 17 17 13 13 5 2 2 1 
62 62 85 85 85 86 44 44 41 41 44 42 42 29 20 20 17 17 12 11 11 14 14 14 12 12 8 7 7 8 8 8 5 5 6 9 9 10 9 9 9 9 5 8 8 8 
62 62 85 85 85 86 44 44 41 41 44 42 42 29 20 20 17 17 12 11 11 14 14 14 12 12 8 7 7 8 8 8 5 5 6 9 9 10 9 9 9 9 5 8 8 8 
20 20 37 46 46 48 48 48 47 47 41 38 38 24 13 13 13 13 7 8 8 11 15 15 12 12 8 7 7 5 2 2 1 1 1 3 3 5 6 6 8 8 3 8 8 9 
20 20 37 46 46 48 48 48 47 47 41 38 38 24 13 13 13 13 7 8 8 11 15 15 12 12 8 7 7 5 2 2 1 1 1 3 3 5 6 6 8 8 3 8 8 9 
15 15 22 33 33 43 42 42 41 41 28 24 24 18 9 9 14 14 16 15 15 10 4 4 2 2 0 0 0 0 0 0 0 0 0 0 0 1 1 1 1 1 1 2 2 5 
19 19 16 39 39 47 60 60 56 56 40 32 32 26 26 26 22 22 21 15 15 14 5 5 0 0 1 0 0 0 0 0 0 0 0 0 0 0 0 0 1 1 3 4 4 2 
19 19 16 39 39 47 60 60 56 56 40 32 32 26 26 26 22 22 21 15 15 14 5 5 0 0 1 0 0 0 0 0 0 0 0 0 0 0 0 0 1 1 3 4 4 2 
19 19 21 41 41 49 64 64 73 73 64 74 74 45 35 35 32 32 19 11 11 6 3 3 0 0 0 0 0 1 1 1 0 0 0 0 0 0 0 0 0 0 1 1 1 1 
23 23 25 34 34 61 76 76 90 90 82 83 83 58 41 41 40 40 31 9 9 4 1 1 1 1 1 3 3 2 1 1 0 0 0 0 0 0 0 0 0 0 0 0 0 0 
23 23 25 34 34 61 76 76 90 90 82 83 83 58 41 41 40 40 31 9 9 4 1 1 1 1 1 3 3 2 1 1 0 0 0 0 0 0 0 0 0 0 0 0 0 0 
35 35 33 46 46 50 83 83 103 103 95 106 106 90 47 47 48 48 16 9 9 3 1 1 1 1 0 0 0 0 0 0 0 0 0 1 1 0 0 0 0 0 0 0 0 0 
35 35 33 46 46 50 83 83 103 103 95 106 106 90 47 47 48 48 16 9 9 3 1 1 1 1 0 0 0 0 0 0 0 0 0 1 1 0 0 0 0 0 0 0 0 0 
46 46 37 38 38 53 97 97 94 94 87 85 85 58 39 39 29 29 1 1 1 1 1 1 1 1 0 0 0 0 0 0 0 0 0 0 0 1 0 0 0 0 0 0 0 0 
38 38 32 35 35 48 56 56 84 84 87 79 79 36 30 30 11 11 4 0 0 0 0 0 0 0 0 0 0 0 0 0 1 1 0 2 2 0 0 0 0 0 0 0 0 1 
38 38 32 35 35 48 56 56 84 84 87 79 79 36 30 30 11 11 4 0 0 0 0 0 0 0 0 0 0 0 0 0 1 1 0 2 2 0 0 0 0 0 0 0 0 1 
19 19 18 18 18 18 19 19 19 19 20 33 33 28 9 9 9 9 0 0 0 0 0 0 0 0 0 0 0 0 1 1 3 3 4 1 1 0 0 0 1 1 1 1 1 1 
16 16 13 14 14 16 12 12 10 10 11 34 34 29 20 20 2 2 1 2 2 2 2 2 2 2 3 2 2 0 0 0 1 1 0 0 0 0 0 0 0 0 0 0 0 0 
16 16 13 14 14 16 12 12 10 10 11 34 34 29 20 20 2 2 1 2 2 2 2 2 2 2 3 2 2 0 0 0 1 1 0 0 0 0 0 0 0 0 0 0 0 0 
19 19 19 12 12 11 7 7 6 6 10 16 16 36 47 47 0 0 1 1 1 2 3 3 3 3 3 3 3 1 1 1 0 0 0 0 0 0 0 0 0 0 0 0 0 0 
19 19 19 12 12 11 7 7 6 6 10 16 16 36 47 47 0 0 1 1 1 2 3 3 3 3 3 3 3 1 1 1 0 0 0 0 0 0 0 0 0 0 0 0 0 0 
19 19 17 9 9 6 5 5 8 8 18 15 15 9 10 10 9 9 10 6 6 3 3 3 2 2 1 1 1 2 2 2 1 1 1 1 1 1 0 0 0 0 0 0 0 0 
13 13 11 6 6 5 5 5 10 10 13 17 17 13 10 10 8 8 8 5 5 1 1 1 6 6 5 1 1 0 0 0 0 0 0 0 0 0 0 0 0 0 0 0 0 0 
13 13 11 6 6 5 5 5 10 10 13 17 17 13 10 10 8 8 8 5 5 1 1 1 6 6 5 1 1 0 0 0 0 0 0 0 0 0 0 0 0 0 0 0 0 0 
5 5 5 6 6 6 7 7 16 16 18 18 18 4 2 2 0 0 2 0 0 0 0 0 3 3 0 0 0 0 0 0 0 0 0 0 0 0 0 0 0 0 0 0 0 0 
5 5 5 5 5 6 7 7 11 11 14 12 12 5 2 2 3 3 0 0 0 0 0 0 2 2 2 1 1 1 0 0 0 0 1 2 2 0 0 0 0 0 0 0 0 0 
5 5 5 5 5 6 7 7 11 11 14 12 12 5 2 2 3 3 0 0 0 0 0 0 2 2 2 1 1 1 0 0 0 0 1 2 2 0 0 0 0 0 0 0 0 0 
3 3 3 6 6 12 8 8 8 8 13 8 8 3 2 2 3 3 0 0 0 0 0 0 0 0 0 1 1 1 0 0 2 2 3 3 3 1 0 0 0 0 0 0 0 0 
3 3 3 6 6 12 8 8 8 8 13 8 8 3 2 2 3 3 0 0 0 0 0 0 0 0 0 1 1 1 0 0 2 2 3 3 3 1 0 0 0 0 0 0 0 0 
1 1 2 7 7 10 9 9 4 4 11 12 12 7 3 3 6 6 1 1 1 1 1 1 2 2 2 1 1 0 1 1 3 3 3 1 1 0 0 0 0 0 0 0 0 0 
0 0 2 9 9 6 11 11 5 5 12 22 22 17 6 6 5 5 6 7 7 5 5 5 6 6 7 5 5 5 4 4 1 1 0 0 0 0 0 0 0 0 0 0 0 0 
0 0 2 9 9 6 11 11 5 5 12 22 22 17 6 6 5 5 6 7 7 5 5 5 6 6 7 5 5 5 4 4 1 1 0 0 0 0 0 0 0 0 0 0 0 0 
0 0 0 8 8 9 6 6 6 6 8 10 10 12 12 12 6 6 24 11 11 9 10 10 10 10 8 12 12 13 13 13 9 9 0 0 0 0 0 0 0 0 0 0 0 0 
1 1 3 6 6 5 5 5 4 4 3 2 2 1 2 2 6 6 19 7 7 6 6 6 10 10 11 11 11 7 6 6 0 0 0 0 0 0 0 0 0 0 0 0 0 0 
1 1 3 6 6 5 5 5 4 4 3 2 2 1 2 2 6 6 19 7 7 6 6 6 10 10 11 11 11 7 6 6 0 0 0 0 0 0 0 0 0 0 0 0 0 0 
2 2 4 8 8 7 3 3 3 3 2 2 2 2 3 3 2 2 4 4 4 4 4 4 4 4 3 2 2 1 0 0 0 0 1 0 0 0 0 0 0 0 0 0 0 0 
2 2 4 8 8 7 3 3 3 3 2 2 2 2 3 3 2 2 4 4 4 4 4 4 4 4 3 2 2 1 0 0 0 0 1 0 0 0 0 0 0 0 0 0 0 0 
4 4 5 5 5 5 1 1 2 2 2 3 3 5 5 5 5 5 4 7 7 6 2 2 2 2 3 0 0 0 1 1 1 1 4 7 7 7 0 0 0 0 0 0 0 0 
2 2 3 4 4 4 3 3 4 4 5 5 5 5 4 4 4 4 3 1 1 4 0 0 0 0 0 0 0 0 3 3 3 3 7 7 7 0 5 5 5 5 1 2 2 0 
2 2 3 4 4 4 3 3 4 4 5 5 5 5 4 4 4 4 3 1 1 4 0 0 0 0 0 0 0 0 3 3 3 3 7 7 7 0 5 5 5 5 1 2 2 0 
1 1 2 2 2 2 4 4 6 6 8 6 6 6 4 4 3 3 2 2 2 0 1 1 0 0 0 0 0 0 0 0 0 0 1 4 4 0 5 5 0 0 0 0 0 0 
1 1 1 1 1 2 3 3 4 4 6 5 5 3 2 2 3 3 6 3 3 1 2 2 0 0 0 0 0 0 6 6 3 3 2 1 1 6 0 0 0 0 0 0 0 0 
1 1 1 1 1 2 3 3 4 4 6 5 5 3 2 2 3 3 6 3 3 1 2 2 0 0 0 0 0 0 6 6 3 3 2 1 1 6 0 0 0 0 0 0 0 0 
0 0 1 1 1 1 1 1 3 3 4 5 5 3 2 2 2 2 6 2 2 1 1 1 4 4 6 8 8 9 9 9 3 3 2 1 1 0 0 0 0 0 0 0 0 0 
0 0 1 1 1 1 1 1 3 3 4 5 5 3 2 2 2 2 6 2 2 1 1 1 4 4 6 8 8 9 9 9 3 3 2 1 1 0 0 0 0 0 0 0 0 0 
1 1 0 1 1 2 3 3 3 3 4 4 4 3 1 1 2 2 5 1 1 2 3 3 6 6 10 10 10 17 12 12 2 2 2 0 0 0 0 0 0 0 0 0 0 0 
1 1 1 1 1 3 4 4 3 3 2 2 2 2 1 1 2 2 3 4 4 2 5 5 5 5 9 8 8 9 9 9 2 2 0 0 0 0 0 0 0 0 0 0 0 0 
1 1 1 1 1 3 4 4 3 3 2 2 2 2 1 1 2 2 3 4 4 2 5 5 5 5 9 8 8 9 9 9 2 2 0 0 0 0 0 0 0 0 0 0 0 0 
0 0 1 1 1 2 2 2 1 1 1 1 1 2 1 1 4 4 5 3 3 3 4 4 4 4 5 4 4 3 2 2 2 2 0 0 0 0 0 0 0 0 0 0 0 0 
0 0 0 0 0 0 0 0 0 0 1 1 1 3 1 1 1 1 3 2 2 2 2 2 5 5 4 2 2 1 1 1 0 0 16 9 9 0 0 0 0 0 0 0 0 0 
0 0 0 0 0 0 0 0 0 0 1 1 1 3 1 1 1 1 3 2 2 2 2 2 5 5 4 2 2 1 1 1 0 0 16 9 9 0 0 0 0 0 0 0 0 0 
1 1 0 0 0 0 0 0 0 0 1 2 2 4 5 5 3 3 2 1 1 1 1 1 3 3 7 6 6 6 8 8 7 7 13 7 7 6 0 0 0 0 0 0 0 0 
1 1 0 0 0 0 0 0 0 0 1 2 2 4 5 5 3 3 2 1 1 1 1 1 3 3 7 6 6 6 8 8 7 7 13 7 7 6 0 0 0 0 0 0 0 0 
0 0 0 0 0 0 0 0 1 1 3 8 8 10 10 10 5 5 3 2 2 1 1 1 2 2 6 4 4 5 8 8 16 16 23 10 10 9 1 1 2 2 2 3 3 0 
0 0 0 0 0 1 1 1 3 3 5 10 10 13 13 13 7 7 5 3 3 4 1 1 1 1 8 8 8 11 18 18 16 16 22 12 12 1 1 1 2 2 2 2 2 0 
0 0 0 0 0 1 1 1 3 3 5 10 10 13 13 13 7 7 5 3 3 4 1 1 1 1 8 8 8 11 18 18 16 16 22 12 12 1 1 1 2 2 2 2 2 0 
1 1 0 1 1 1 1 1 4 4 7 11 11 13 14 14 6 6 7 6 6 5 1 1 1 1 4 2 2 0 0 0 0 0 2 4 4 3 2 2 3 3 5 2 2 0 
0 0 0 1 1 1 3 3 5 5 9 13 13 16 15 15 15 15 10 5 5 2 1 1 0 0 1 6 6 5 3 3 1 1 1 0 0 0 0 0 0 0 0 0 0 0 
0 0 0 1 1 1 3 3 5 5 9 13 13 16 15 15 15 15 10 5 5 2 1 1 0 0 1 6 6 5 3 3 1 1 1 0 0 0 0 0 0 0 0 0 0 0 
2 2 2 1 1 1 2 2 4 4 6 6 6 8 10 10 12 12 10 5 5 2 2 2 4 4 4 8 8 7 3 3 2 2 2 1 1 2 3 3 3 3 1 0 0 0 
2 2 2 1 1 1 2 2 4 4 6 6 6 8 10 10 12 12 10 5 5 2 2 2 4 4 4 8 8 7 3 3 2 2 2 1 1 2 3 3 3 3 1 0 0 0 
4 4 6 6 6 5 5 5 3 3 5 5 5 7 8 8 10 10 6 3 3 2 1 1 2 2 4 4 4 10 12 12 3 3 3 6 6 7 8 8 4 4 0 0 0 0 
13 13 10 11 11 10 5 5 3 3 2 5 5 10 7 7 7 7 2 1 1 2 2 2 2 2 5 5 5 5 7 7 6 6 4 18 18 16 20 20 8 8 3 0 0 0 
13 13 10 11 11 10 5 5 3 3 2 5 5 10 7 7 7 7 2 1 1 2 2 2 2 2 5 5 5 5 7 7 6 6 4 18 18 16 20 20 8 8 3 0 0 0 
12 12 9 6 6 4 3 3 2 2 1 3 3 3 2 2 1 1 1 1 1 2 6 6 7 7 8 5 5 7 5 5 5 5 4 13 13 9 13 13 6 6 0 0 0 0 
8 8 5 3 3 3 2 2 1 1 0 1 1 1 0 0 1 1 1 1 1 2 4 4 6 6 7 7 7 9 1 1 3 3 3 3 3 0 3 3 3 3 0 0 0 0 
8 8 5 3 3 3 2 2 1 1 0 1 1 1 0 0 1 1 1 1 1 2 4 4 6 6 7 7 7 9 1 1 3 3 3 3 3 0 3 3 3 3 0 0 0 0 
3 3 3 4 4 4 3 3 1 1 0 0 0 0 0 0 0 0 0 1 1 1 1 1 1 1 2 2 2 2 1 1 1 1 3 3 3 2 3 3 1 1 1 0 0 0 
3 3 3 4 4 4 3 3 1 1 0 0 0 0 0 0 0 0 0 1 1 1 1 1 1 1 2 2 2 2 1 1 1 1 3 3 3 2 3 3 1 1 1 0 0 0 
3 3 1 0 0 1 1 1 0 0 0 0 0 0 1 1 2 2 1 1 1 0 0 0 1 1 1 1 1 1 1 1 5 5 6 1 1 2 3 3 1 1 1 0 0 0 
2 2 2 2 2 3 8 8 20 20 21 2 2 1 2 2 2 2 1 1 1 0 0 0 0 0 0 3 3 5 6 6 5 5 4 4 4 1 1 1 1 1 1 1 1 1 
2 2 2 2 2 3 8 8 20 20 21 2 2 1 2 2 2 2 1 1 1 0 0 0 0 0 0 3 3 5 6 6 5 5 4 4 4 1 1 1 1 1 1 1 1 1 
1 1 1 2 2 3 8 8 14 14 14 2 2 2 1 1 2 2 1 1 1 0 0 0 0 0 0 0 0 2 2 2 3 3 3 4 4 7 6 6 7 7 4 1 1 2 
0 0 0 0 0 1 2 2 2 2 1 1 1 1 1 1 0 0 1 2 2 0 0 0 0 0 0 0 0 1 1 1 1 1 1 2 2 2 1 1 4 4 2 1 1 2 
