assets/RAT_results/precipitation/2024-06-27_IMERG.asc
ncols        46
nrows        77
xllcorner    74.800261325624
yllcorner    8.058333333333
cellsize     0.062500000000
NODATA_value -9999
53 53 57 53 53 48 47 47 44 44 55 97 97 105 105 105 104 104 93 84 84 55 46 46 32 32 29 30 30 34 24 24 27 27 32 22 22 16 21 21 17 17 22 21 21 30 
40 40 45 40 40 41 38 38 47 47 60 95 95 115 125 125 114 114 97 93 93 61 50 50 45 45 36 35 35 34 34 34 33 33 26 19 19 14 15 15 19 19 22 26 26 26 
40 40 45 40 40 41 38 38 47 47 60 95 95 115 125 125 114 114 97 93 93 61 50 50 45 45 36 35 35 34 34 34 33 33 26 19 19 14 15 15 19 19 22 26 26 26 
33 33 37 43 43 47 43 43 37 37 52 95 95 111 138 138 141 141 122 104 104 68 50 50 51 51 36 34 34 36 34 34 28 28 23 19 19 18 19 19 25 25 34 42 42 28 
28 28 43 44 44 45 41 41 44 44 55 96 96 115 118 118 124 124 107 100 100 74 59 59 46 46 35 27 27 36 29 29 24 24 21 19 19 16 12 12 25 25 36 43 43 25 
28 28 43 44 44 45 41 41 44 44 55 96 96 115 118 118 124 124 107 100 100 74 59 59 46 46 35 27 27 36 29 29 24 24 21 19 19 16 12 12 25 25 36 43 43 25 
20 20 33 53 53 58 40 40 41 41 51 75 75 84 107 107 115 115 79 79 79 52 42 42 34 34 29 32 32 31 29 29 28 28 25 20 20 16 12 12 12 12 32 33 33 31 
20 20 33 53 53 58 40 40 41 41 51 75 75 84 107 107 115 115 79 79 79 52 42 42 34 34 29 32 32 31 29 29 28 28 25 20 20 16 12 12 12 12 32 33 33 31 
18 18 30 48 48 51 52 52 46 46 51 66 66 65 73 73 74 74 63 52 52 50 39 39 34 34 28 34 34 38 29 29 25 25 21 24 24 21 20 20 19 19 32 26 26 21 
23 23 23 45 45 55 55 55 52 52 45 58 58 63 68 68 68 68 58 50 50 47 40 40 31 31 30 34 34 37 38 38 27 27 22 22 22 18 27 27 23 23 25 22 22 21 
23 23 23 45 45 55 55 55 52 52 45 58 58 63 68 68 68 68 58 50 50 47 40 40 31 31 30 34 34 37 38 38 27 27 22 22 22 18 27 27 23 23 25 22 22 21 
32 32 35 35 35 61 67 67 54 54 45 69 69 70 67 67 72 72 77 65 65 49 35 35 28 28 26 27 27 26 26 26 24 24 20 21 21 20 20 20 10 10 8 4 4 11 
39 39 25 28 28 44 46 46 63 63 59 64 64 80 83 83 96 96 89 73 73 39 32 32 25 25 22 25 25 23 22 22 20 20 14 16 16 17 29 29 15 15 8 5 5 7 
39 39 25 28 28 44 46 46 63 63 59 64 64 80 83 83 96 96 89 73 73 39 32 32 25 25 22 25 25 23 22 22 20 20 14 16 16 17 29 29 15 15 8 5 5 7 
45 45 28 35 35 36 41 41 48 48 84 73 73 80 82 82 82 82 73 59 59 40 37 37 31 31 27 24 24 22 23 23 15 15 12 12 12 19 27 27 21 21 8 6 6 6 
45 45 28 35 35 36 41 41 48 48 84 73 73 80 82 82 82 82 73 59 59 40 37 37 31 31 27 24 24 22 23 23 15 15 12 12 12 19 27 27 21 21 8 6 6 6 
27 27 32 35 35 37 44 44 46 46 59 78 78 79 79 79 91 91 65 66 66 47 43 43 36 36 33 31 31 19 17 17 19 19 12 18 18 22 17 17 12 12 9 5 5 7 
17 17 35 18 18 26 38 38 38 38 64 93 93 82 66 66 73 73 62 62 62 46 42 42 39 39 32 35 35 24 27 27 15 15 15 8 8 15 13 13 14 14 10 6 6 6 
17 17 35 18 18 26 38 38 38 38 64 93 93 82 66 66 73 73 62 62 62 46 42 42 39 39 32 35 35 24 27 27 15 15 15 8 8 15 13 13 14 14 10 6 6 6 
17 17 15 20 20 21 24 24 32 32 38 65 65 63 57 57 64 64 61 52 52 46 36 36 31 31 22 30 30 23 14 14 10 10 5 5 5 7 4 4 6 6 8 4 4 5 
21 21 20 15 15 12 28 28 29 29 30 58 58 54 44 44 56 56 54 40 40 26 28 28 24 24 32 30 30 34 21 21 12 12 8 4 4 2 2 2 7 7 7 3 3 3 
21 21 20 15 15 12 28 28 29 29 30 58 58 54 44 44 56 56 54 40 40 26 28 28 24 24 32 30 30 34 21 21 12 12 8 4 4 2 2 2 7 7 7 3 3 3 
22 22 24 13 13 13 21 21 23 23 23 32 32 36 40 40 45 45 32 25 25 20 20 20 22 22 39 51 51 42 25 25 15 15 11 4 4 3 2 2 2 2 2 3 3 2 
22 22 24 13 13 13 21 21 23 23 23 32 32 36 40 40 45 45 32 25 25 20 20 20 22 22 39 51 51 42 25 25 15 15 11 4 4 3 2 2 2 2 2 3 3 2 
23 23 12 13 13 15 14 14 17 17 14 19 19 29 25 25 23 23 17 15 15 20 13 13 32 32 45 48 48 36 16 16 21 21 18 6 6 4 2 2 2 2 2 3 3 2 
7 7 10 12 12 7 13 13 13 13 11 15 15 14 20 20 20 20 22 33 33 24 13 13 42 42 51 65 65 46 21 21 18 18 16 9 9 8 5 5 3 3 1 1 1 2 
7 7 10 12 12 7 13 13 13 13 11 15 15 14 20 20 20 20 22 33 33 24 13 13 42 42 51 65 65 46 21 21 18 18 16 9 9 8 5 5 3 3 1 1 1 2 
4 4 8 10 10 5 5 5 5 5 6 6 6 11 18 18 27 27 35 24 24 29 35 35 31 31 32 53 53 49 33 33 17 17 11 6 6 6 4 4 4 4 2 1 1 1 
5 5 5 6 6 4 4 4 5 5 5 13 13 12 12 12 36 36 37 26 26 26 21 21 26 26 30 59 59 52 40 40 15 15 4 2 2 2 4 4 3 3 2 1 1 2 
5 5 5 6 6 4 4 4 5 5 5 13 13 12 12 12 36 36 37 26 26 26 21 21 26 26 30 59 59 52 40 40 15 15 4 2 2 2 4 4 3 3 2 1 1 2 
6 6 4 5 5 6 7 7 10 10 13 14 14 21 26 26 33 33 45 36 36 29 23 23 22 22 28 33 33 27 17 17 12 12 7 1 1 1 3 3 2 2 3 5 5 5 
6 6 4 5 5 6 7 7 10 10 13 14 14 21 26 26 33 33 45 36 36 29 23 23 22 22 28 33 33 27 17 17 12 12 7 1 1 1 3 3 2 2 3 5 5 5 
3 3 2 4 4 8 10 10 11 11 11 16 16 20 27 27 35 35 64 44 44 34 27 27 29 29 35 19 19 16 14 14 2 2 2 2 2 2 6 6 9 9 8 7 7 6 
4 4 5 9 9 16 17 17 14 14 13 17 17 21 25 25 41 41 48 44 44 38 32 32 37 37 22 18 18 12 9 9 4 4 4 13 13 17 17 17 16 16 12 8 8 9 
4 4 5 9 9 16 17 17 14 14 13 17 17 21 25 25 41 41 48 44 44 38 32 32 37 37 22 18 18 12 9 9 4 4 4 13 13 17 17 17 16 16 12 8 8 9 
5 5 8 13 13 18 17 17 9 9 7 9 9 19 22 22 31 31 43 35 35 35 25 25 20 20 20 11 11 8 5 5 8 8 11 14 14 20 26 26 23 23 14 16 16 19 
5 5 11 21 21 15 16 16 13 13 12 11 11 13 19 19 27 27 21 35 35 26 20 20 18 18 14 11 11 10 12 12 17 17 22 19 19 26 39 39 35 35 28 22 22 13 
5 5 11 21 21 15 16 16 13 13 12 11 11 13 19 19 27 27 21 35 35 26 20 20 18 18 14 11 11 10 12 12 17 17 22 19 19 26 39 39 35 35 28 22 22 13 
6 6 11 16 16 14 13 13 12 12 11 17 17 19 27 27 22 22 19 22 22 14 16 16 14 14 15 17 17 20 32 32 37 37 36 42 42 41 33 33 33 33 25 26 26 15 
6 6 11 16 16 14 13 13 12 12 11 17 17 19 27 27 22 22 19 22 22 14 16 16 14 14 15 17 17 20 32 32 37 37 36 42 42 41 33 33 33 33 25 26 26 15 
7 7 12 10 10 10 13 13 19 19 25 29 29 26 24 24 16 16 19 25 25 26 24 24 23 23 26 25 25 35 44 44 43 43 47 44 44 41 37 37 28 28 20 15 15 14 
8 8 8 10 10 12 13 13 18 18 33 40 40 25 23 23 20 20 19 23 23 24 29 29 38 38 45 47 47 51 53 53 65 65 61 47 47 39 36 36 27 27 22 15 15 13 
8 8 8 10 10 12 13 13 18 18 33 40 40 25 23 23 20 20 19 23 23 24 29 29 38 38 45 47 47 51 53 53 65 65 61 47 47 39 36 36 27 27 22 15 15 13 
11 11 10 9 9 11 14 14 19 19 27 49 49 32 26 26 22 22 22 25 25 33 35 35 37 37 43 52 52 57 61 61 63 63 60 41 41 35 33 33 29 29 21 12 12 8 
15 15 15 16 16 20 22 22 27 27 38 44 44 33 31 31 25 25 26 28 28 39 38 38 42 42 49 49 49 52 52 52 54 54 46 40 40 34 28 28 23 23 14 4 4 3 
15 15 15 16 16 20 22 22 27 27 38 44 44 33 31 31 25 25 26 28 28 39 38 38 42 42 49 49 49 52 52 52 54 54 46 40 40 34 28 28 23 23 14 4 4 3 
13 13 15 18 18 21 27 27 33 33 36 37 37 40 42 42 47 47 36 33 33 33 37 37 35 35 39 42 42 46 42 42 36 36 34 30 30 26 22 22 18 18 13 3 3 2 
13 13 15 18 18 21 27 27 33 33 36 37 37 40 42 42 47 47 36 33 33 33 37 37 35 35 39 42 42 46 42 42 36 36 34 30 30 26 22 22 18 18 13 3 3 2 
12 12 13 16 16 16 17 17 21 21 23 29 29 34 38 38 39 39 38 32 32 31 33 33 33 33 36 37 37 37 33 33 30 30 30 27 27 22 18 18 17 17 11 8 8 7 
13 13 12 11 11 12 12 12 15 15 22 29 29 39 48 48 54 54 53 44 44 35 29 29 32 32 35 33 33 31 28 28 24 24 25 24 24 21 18 18 19 19 16 10 10 10 
13 13 12 11 11 12 12 12 15 15 22 29 29 39 48 48 54 54 53 44 44 35 29 29 32 32 35 33 33 31 28 28 24 24 25 24 24 21 18 18 19 19 16 10 10 10 
12 12 11 9 9 10 10 10 10 10 12 16 16 23 25 25 37 37 37 38 38 32 35 35 32 32 36 28 28 29 24 24 21 21 20 19 19 19 19 19 19 19 17 12 12 11 
12 12 12 10 10 9 8 8 8 8 10 16 16 24 26 26 30 30 28 27 27 24 23 23 28 28 24 24 24 24 20 20 16 16 18 20 20 18 18 18 17 17 13 9 9 10 
12 12 12 10 10 9 8 8 8 8 10 16 16 24 26 26 30 30 28 27 27 24 23 23 28 28 24 24 24 24 20 20 16 16 18 20 20 18 18 18 17 17 13 9 9 10 
10 10 10 10 10 10 8 8 8 8 9 11 11 14 18 18 20 20 25 26 26 26 23 23 28 28 24 21 21 20 15 15 14 14 15 16 16 15 16 16 16 16 11 8 8 7 
10 10 10 10 10 10 8 8 8 8 9 11 11 14 18 18 20 20 25 26 26 26 23 23 28 28 24 21 21 20 15 15 14 14 15 16 16 15 16 16 16 16 11 8 8 7 
14 14 14 14 14 11 12 12 12 12 13 20 20 19 27 27 23 23 26 23 23 22 18 18 25 25 21 17 17 14 10 10 9 9 8 12 12 13 15 15 15 15 10 5 5 4 
8 8 9 11 11 13 13 13 11 11 11 19 19 22 32 32 27 27 27 24 24 20 15 15 19 19 17 14 14 13 9 9 9 9 8 10 10 10 10 10 8 8 4 3 3 4 
8 8 9 11 11 13 13 13 11 11 11 19 19 22 32 32 27 27 27 24 24 20 15 15 19 19 17 14 14 13 9 9 9 9 8 10 10 10 10 10 8 8 4 3 3 4 
5 5 6 7 7 10 9 9 8 8 8 11 11 9 11 11 12 12 13 13 13 11 12 12 8 8 15 13 13 15 9 9 8 8 6 8 8 7 9 9 7 7 5 3 3 4 
3 3 4 5 5 5 5 5 5 5 5 9 9 7 9 9 8 8 9 7 7 8 8 8 7 7 8 7 7 6 4 4 6 6 6 9 9 8 8 8 7 7 4 3 3 3 
3 3 4 5 5 5 5 5 5 5 5 9 9 7 9 9 8 8 9 7 7 8 8 8 7 7 8 7 7 6 4 4 6 6 6 9 9 8 8 8 7 7 4 3 3 3 
2 2 2 3 3 4 4 4 5 5 5 7 7 7 8 8 6 6 8 8 8 10 9 9 9 9 7 9 9 7 6 6 6 6 4 7 7 6 9 9 8 8 7 4 4 2 
2 2 2 3 3 4 4 4 5 5 5 7 7 7 8 8 6 6 8 8 8 10 9 9 9 9 7 9 9 7 6 6 6 6 4 7 7 6 9 9 8 8 7 4 4 2 
2 2 2 2 2 2 2 2 3 3 3 3 3 4 4 4 5 5 11 13 13 9 9 9 8 8 7 11 11 8 8 8 6 6 6 8 8 9 12 12 13 13 11 6 6 3 
1 1 1 1 1 1 1 1 1 1 2 3 3 3 3 3 3 3 4 6 6 9 6 6 6 6 5 7 7 12 12 12 10 10 9 8 8 10 11 11 12 12 8 5 5 3 
1 1 1 1 1 1 1 1 1 1 2 3 3 3 3 3 3 3 4 6 6 9 6 6 6 6 5 7 7 12 12 12 10 10 9 8 8 10 11 11 12 12 8 5 5 3 
1 1 1 1 1 1 1 1 2 2 2 3 3 2 3 3 3 3 4 3 3 5 4 4 6 6 6 8 8 9 11 11 12 12 11 10 10 10 9 9 8 8 4 2 2 1 
1 1 2 1 1 1 2 2 2 2 2 2 2 3 2 2 2 2 4 3 3 5 4 4 6 6 6 7 7 5 6 6 5 5 5 5 5 4 4 4 5 5 3 2 2 1 
1 1 2 1 1 1 2 2 2 2 2 2 2 3 2 2 2 2 4 3 3 5 4 4 6 6 6 7 7 5 6 6 5 5 5 5 5 4 4 4 5 5 3 2 2 1 
2 2 4 3 3 4 6 6 3 3 2 2 2 1 1 1 2 2 2 3 3 3 3 3 5 5 5 5 5 3 3 3 3 3 3 3 3 3 2 2 2 2 2 1 1 1 
2 2 4 3 3 4 6 6 3 3 2 2 2 1 1 1 2 2 2 3 3 3 3 3 5 5 5 5 5 3 3 3 3 3 3 3 3 3 2 2 2 2 2 1 1 1 
3 3 6 5 5 5 6 6 5 5 5 4 4 3 2 2 2 2 3 2 2 3 3 3 3 3 3 1 1 1 1 1 2 2 1 3 3 1 3 3 1 1 3 0 0 1 
4 4 5 3 3 5 2 2 2 2 2 1 1 1 1 1 1 1 1 2 2 1 1 1 1 1 1 0 0 1 1 1 1 1 1 1 1 2 1 1 2 2 1 1 1 0 
4 4 5 3 3 5 2 2 2 2 2 1 1 1 1 1 1 1 1 2 2 1 1 1 1 1 1 0 0 1 1 1 1 1 1 1 1 2 1 1 2 2 1 1 1 0 
2 2 3 1 1 1 1 1 0 0 1 0 0 0 1 1 1 1 1 1 1 1 1 1 1 1 1 1 1 2 2 2 2 2 1 0 0 0 1 1 1 1 3 3 3 3 
2 2 2 1 1 1 1 1 1 1 0 1 1 0 1 1 1 1 1 1 1 1 1 1 1 1 1 2 2 3 4 4 4 4 3 1 1 1 1 1 4 4 1 0 0 0 
