assets/RAT_results/precipitation/2024-07-15_IMERG.asc
ncols        46
nrows        77
xllcorner    74.800261325624
yllcorner    8.058333333333
cellsize     0.062500000000
NODATA_value -9999
90 90 104 119 119 109 127 127 120 120 115 115 115 106 88 88 93 93 76 58 58 52 48 48 41 41 21 14 14 12 8 8 9 9 6 8 8 10 16 16 11 11 13 9 9 9 
92 92 95 117 117 116 115 115 118 118 108 110 110 98 97 97 105 105 89 78 78 68 61 61 56 56 36 18 18 17 18 18 10 10 14 11 11 10 13 13 14 14 15 11 11 7 
92 92 95 117 117 116 115 115 118 118 108 110 110 98 97 97 105 105 89 78 78 68 61 61 56 56 36 18 18 17 18 18 10 10 14 11 11 10 13 13 14 14 15 11 11 7 
97 97 104 119 119 127 133 133 124 124 111 109 109 103 102 102 108 108 107 93 93 75 64 64 50 50 35 23 23 18 19 19 16 16 17 14 14 15 13 13 15 15 15 15 15 8 
102 102 110 127 127 137 128 128 121 121 111 112 112 95 104 104 91 91 95 77 77 70 58 58 45 45 32 28 28 27 20 20 20 20 22 17 17 12 15 15 14 14 11 11 11 9 
102 102 110 127 127 137 128 128 121 121 111 112 112 95 104 104 91 91 95 77 77 70 58 58 45 45 32 28 28 27 20 20 20 20 22 17 17 12 15 15 14 14 11 11 11 9 
63 63 106 104 104 109 123 123 114 114 94 76 76 68 74 74 59 59 50 63 63 46 51 51 44 44 30 21 21 22 20 20 20 20 20 17 17 15 14 14 16 16 14 15 15 19 
63 63 106 104 104 109 123 123 114 114 94 76 76 68 74 74 59 59 50 63 63 46 51 51 44 44 30 21 21 22 20 20 20 20 20 17 17 15 14 14 16 16 14 15 15 19 
63 63 98 103 103 109 118 118 106 106 98 83 83 68 57 57 61 61 43 48 48 48 52 52 58 58 46 37 37 34 27 27 26 26 19 21 21 19 24 24 26 26 22 17 17 20 
81 81 79 115 115 106 110 110 110 110 98 89 89 71 54 54 55 55 53 50 50 55 64 64 68 68 71 57 57 41 25 25 23 23 20 23 23 20 26 26 31 31 27 23 23 17 
81 81 79 115 115 106 110 110 110 110 98 89 89 71 54 54 55 55 53 50 50 55 64 64 68 68 71 57 57 41 25 25 23 23 20 23 23 20 26 26 31 31 27 23 23 17 
99 99 96 140 140 107 117 117 112 112 105 96 96 77 59 59 53 53 55 53 53 56 64 64 69 69 61 39 39 27 19 19 18 18 19 20 20 31 24 24 23 23 28 22 22 20 
84 84 80 77 77 109 107 107 108 108 108 107 107 88 65 65 63 63 54 56 56 54 60 60 54 54 54 39 39 29 25 25 14 14 15 18 18 22 26 26 25 25 23 19 19 12 
84 84 80 77 77 109 107 107 108 108 108 107 107 88 65 65 63 63 54 56 56 54 60 60 54 54 54 39 39 29 25 25 14 14 15 18 18 22 26 26 25 25 23 19 19 12 
67 67 68 70 70 72 100 100 97 97 100 105 105 96 83 83 70 70 61 55 55 50 63 63 49 49 53 47 47 41 29 29 24 24 20 23 23 26 29 29 35 35 23 23 23 23 
67 67 68 70 70 72 100 100 97 97 100 105 105 96 83 83 70 70 61 55 55 50 63 63 49 49 53 47 47 41 29 29 24 24 20 23 23 26 29 29 35 35 23 23 23 23 
56 56 60 62 62 60 103 103 86 86 95 115 115 103 89 89 78 78 58 56 56 58 59 59 68 68 59 60 60 56 51 51 40 40 27 28 28 27 36 36 41 41 30 26 26 22 
67 67 64 66 66 67 70 70 107 107 107 108 108 102 92 92 83 83 67 69 69 67 76 76 76 76 79 76 76 68 59 59 42 42 31 37 37 36 47 47 44 44 40 27 27 24 
67 67 64 66 66 67 70 70 107 107 107 108 108 102 92 92 83 83 67 69 69 67 76 76 76 76 79 76 76 68 59 59 42 42 31 37 37 36 47 47 44 44 40 27 27 24 
67 67 69 70 70 68 65 65 64 64 104 96 96 89 92 92 77 77 69 72 72 77 80 80 85 85 83 75 75 61 48 48 36 36 29 36 36 36 36 36 32 32 27 21 21 21 
73 73 72 90 90 99 79 79 72 72 62 94 94 90 94 94 89 89 68 66 66 70 81 81 70 70 76 63 63 63 55 55 50 50 36 30 30 27 26 26 17 17 15 11 11 8 
73 73 72 90 90 99 79 79 72 72 62 94 94 90 94 94 89 89 68 66 66 70 81 81 70 70 76 63 63 63 55 55 50 50 36 30 30 27 26 26 17 17 15 11 11 8 
89 89 82 76 76 77 83 83 65 65 57 94 94 89 107 107 96 96 70 67 67 71 84 84 86 86 85 76 76 59 52 52 44 44 33 38 38 31 22 22 12 12 9 7 7 8 
89 89 82 76 76 77 83 83 65 65 57 94 94 89 107 107 96 96 70 67 67 71 84 84 86 86 85 76 76 59 52 52 44 44 33 38 38 31 22 22 12 12 9 7 7 8 
99 99 88 81 81 71 75 75 73 73 62 60 60 95 91 91 81 81 78 71 71 79 100 100 95 95 81 72 72 69 62 62 62 62 55 46 46 42 21 21 15 15 8 7 7 6 
92 92 82 65 65 53 51 51 56 56 51 49 49 91 94 94 96 96 101 104 104 100 112 112 104 104 100 91 91 90 94 94 100 100 69 42 42 36 20 20 12 12 8 5 5 5 
92 92 82 65 65 53 51 51 56 56 51 49 49 91 94 94 96 96 101 104 104 100 112 112 104 104 100 91 91 90 94 94 100 100 69 42 42 36 20 20 12 12 8 5 5 5 
67 67 59 58 58 46 48 48 49 49 52 50 50 56 98 98 98 98 103 104 104 102 106 106 113 113 103 92 92 96 95 95 86 86 78 58 58 40 26 26 16 16 10 6 6 3 
57 57 52 52 52 52 49 49 53 53 55 67 67 65 70 70 90 90 94 103 103 113 97 97 96 96 92 82 82 78 78 78 96 96 82 53 53 36 26 26 18 18 11 8 8 10 
57 57 52 52 52 52 49 49 53 53 55 67 67 65 70 70 90 90 94 103 103 113 97 97 96 96 92 82 82 78 78 78 96 96 82 53 53 36 26 26 18 18 11 8 8 10 
52 52 54 53 53 55 55 55 60 60 61 70 70 73 72 72 96 96 101 119 119 120 127 127 101 101 84 80 80 76 90 90 82 82 66 46 46 35 32 32 16 16 15 11 11 13 
52 52 54 53 53 55 55 55 60 60 61 70 70 73 72 72 96 96 101 119 119 120 127 127 101 101 84 80 80 76 90 90 82 82 66 46 46 35 32 32 16 16 15 11 11 13 
55 55 57 55 55 56 64 64 76 76 81 75 75 73 69 69 84 84 92 109 109 110 122 122 115 115 94 95 95 91 85 85 73 73 61 54 54 47 34 34 26 26 17 16 16 15 
70 70 70 72 72 76 86 86 93 93 89 74 74 68 59 59 82 82 76 86 86 98 103 103 96 96 83 102 102 101 96 96 91 91 83 62 62 49 40 40 27 27 24 22 22 22 
70 70 70 72 72 76 86 86 93 93 89 74 74 68 59 59 82 82 76 86 86 98 103 103 96 96 83 102 102 101 96 96 91 91 83 62 62 49 40 40 27 27 24 22 22 22 
87 87 91 100 100 101 99 99 100 100 97 78 78 71 66 66 65 65 77 82 82 93 91 91 92 92 109 112 112 115 103 103 93 93 73 57 57 43 46 46 38 38 44 36 36 30 
92 92 91 98 98 98 102 102 100 100 110 109 109 96 96 96 95 95 137 107 107 107 106 106 107 107 114 114 114 110 117 117 111 111 108 82 82 55 54 54 44 44 41 38 38 37 
92 92 91 98 98 98 102 102 100 100 110 109 109 96 96 96 95 95 137 107 107 107 106 106 107 107 114 114 114 110 117 117 111 111 108 82 82 55 54 54 44 44 41 38 38 37 
61 61 64 80 80 83 91 91 97 97 100 103 103 105 110 110 109 109 139 118 118 115 113 113 111 111 110 110 110 103 102 102 98 98 93 70 70 49 45 45 42 42 43 40 40 38 
61 61 64 80 80 83 91 91 97 97 100 103 103 105 110 110 109 109 139 118 118 115 113 113 111 111 110 110 110 103 102 102 98 98 93 70 70 49 45 45 42 42 43 40 40 38 
44 44 49 63 63 70 75 75 80 80 82 83 83 87 95 95 96 96 101 115 115 107 102 102 98 98 100 91 91 89 83 83 82 82 77 57 57 45 40 40 35 35 33 31 31 32 
35 35 43 50 50 57 64 64 68 68 72 77 77 86 93 93 99 99 102 129 129 111 100 100 98 98 91 84 84 74 67 67 67 67 60 46 46 44 38 38 34 34 32 29 29 35 
35 35 43 50 50 57 64 64 68 68 72 77 77 86 93 93 99 99 102 129 129 111 100 100 98 98 91 84 84 74 67 67 67 67 60 46 46 44 38 38 34 34 32 29 29 35 
32 32 37 41 41 48 51 51 54 54 54 57 57 71 77 77 82 82 87 91 91 98 90 90 85 85 86 81 81 70 59 59 55 55 54 41 41 36 30 30 28 28 31 29 29 33 
32 32 35 36 36 37 40 40 38 38 39 43 43 55 57 57 62 62 61 63 63 81 69 69 66 66 66 70 70 57 48 48 41 41 44 34 34 28 25 25 24 24 24 21 21 28 
32 32 35 36 36 37 40 40 38 38 39 43 43 55 57 57 62 62 61 63 63 81 69 69 66 66 66 70 70 57 48 48 41 41 44 34 34 28 25 25 24 24 24 21 21 28 
32 32 32 34 34 32 33 33 30 30 32 34 34 41 45 45 47 47 48 47 47 47 71 71 66 66 74 72 72 63 50 50 40 40 34 27 27 27 25 25 29 29 25 20 20 23 
32 32 32 34 34 32 33 33 30 30 32 34 34 41 45 45 47 47 48 47 47 47 71 71 66 66 74 72 72 63 50 50 40 40 34 27 27 27 25 25 29 29 25 20 20 23 
34 34 33 38 38 40 35 35 36 36 34 39 39 46 52 52 50 50 53 50 50 51 68 68 73 73 80 81 81 73 60 60 47 47 43 36 36 35 32 32 34 34 30 26 26 27 
37 37 35 38 38 40 39 39 37 37 38 40 40 43 44 44 44 44 44 46 46 45 71 71 68 68 80 82 82 73 57 57 47 47 51 47 47 44 37 37 36 36 28 27 27 30 
37 37 35 38 38 40 39 39 37 37 38 40 40 43 44 44 44 44 44 46 46 45 71 71 68 68 80 82 82 73 57 57 47 47 51 47 47 44 37 37 36 36 28 27 27 30 
49 49 44 49 49 48 49 49 51 51 52 50 50 50 49 49 50 50 51 54 54 58 97 97 90 90 89 89 89 77 66 66 56 56 55 50 50 50 49 49 45 45 44 35 35 40 
48 48 50 47 47 50 51 51 53 53 52 51 51 51 50 50 47 47 50 56 56 62 69 69 94 94 86 78 78 69 62 62 62 62 64 63 63 68 70 70 61 61 54 42 42 47 
48 48 50 47 47 50 51 51 53 53 52 51 51 51 50 50 47 47 50 56 56 62 69 69 94 94 86 78 78 69 62 62 62 62 64 63 63 68 70 70 61 61 54 42 42 47 
43 43 48 48 48 52 52 52 50 50 47 46 46 45 44 44 45 45 43 46 46 49 56 56 78 78 77 71 71 69 64 64 68 68 71 77 77 86 86 86 76 76 71 51 51 47 
43 43 48 48 48 52 52 52 50 50 47 46 46 45 44 44 45 45 43 46 46 49 56 56 78 78 77 71 71 69 64 64 68 68 71 77 77 86 86 86 76 76 71 51 51 47 
45 45 53 53 53 57 55 55 56 56 53 50 50 49 47 47 49 49 50 46 46 45 48 48 68 68 68 64 64 65 62 62 68 68 75 82 82 87 86 86 83 83 62 47 47 35 
51 51 67 59 59 73 55 55 67 67 51 61 61 43 53 53 37 37 48 41 41 46 46 46 81 81 68 67 67 73 68 68 74 74 93 102 102 93 91 91 88 88 79 58 58 35 
51 51 67 59 59 73 55 55 67 67 51 61 61 43 53 53 37 37 48 41 41 46 46 46 81 81 68 67 67 73 68 68 74 74 93 102 102 93 91 91 88 88 79 58 58 35 
54 54 54 56 56 53 53 53 49 49 49 46 46 45 42 42 44 44 43 46 46 43 51 51 48 48 67 66 66 72 78 78 82 82 101 108 108 100 92 92 96 96 77 51 51 37 
54 54 56 52 52 54 50 50 50 50 46 50 50 45 50 50 42 42 51 47 47 54 51 51 57 57 92 80 80 72 78 78 68 68 92 100 100 109 104 104 109 109 76 50 50 48 
54 54 56 52 52 54 50 50 50 50 46 50 50 45 50 50 42 42 51 47 47 54 51 51 57 57 92 80 80 72 78 78 68 68 92 100 100 109 104 104 109 109 76 50 50 48 
49 49 50 44 44 49 47 47 49 49 47 48 48 45 49 49 46 46 51 51 51 54 53 53 56 56 54 73 73 69 73 73 69 69 85 73 73 77 70 70 69 69 54 42 42 35 
49 49 50 44 44 49 47 47 49 49 47 48 48 45 49 49 46 46 51 51 51 54 53 53 56 56 54 73 73 69 73 73 69 69 85 73 73 77 70 70 69 69 54 42 42 35 
39 39 40 40 40 39 45 45 41 41 45 41 41 44 43 43 51 51 53 62 62 56 61 61 57 57 53 85 85 66 68 68 71 71 71 71 71 68 57 57 59 59 56 41 41 39 
35 35 36 38 38 39 46 46 42 42 49 44 44 50 49 49 61 61 63 65 65 67 65 65 60 60 56 56 56 77 70 70 77 77 73 74 74 70 59 59 64 64 59 52 52 40 
35 35 36 38 38 39 46 46 42 42 49 44 44 50 49 49 61 61 63 65 65 67 65 65 60 60 56 56 56 77 70 70 77 77 73 74 74 70 59 59 64 64 59 52 52 40 
28 28 31 36 36 37 41 41 41 41 44 41 41 45 46 46 56 56 60 63 63 62 63 63 61 61 67 64 64 100 85 85 80 80 84 79 79 78 67 67 60 60 51 50 50 49 
31 31 34 37 37 49 53 53 49 49 43 41 41 48 49 49 55 55 57 57 57 62 56 56 62 62 57 65 65 66 92 92 87 87 85 85 85 81 70 70 55 55 56 55 55 60 
31 31 34 37 37 49 53 53 49 49 43 41 41 48 49 49 55 55 57 57 57 62 56 56 62 62 57 65 65 66 92 92 87 87 85 85 85 81 70 70 55 55 56 55 55 60 
30 30 30 39 39 42 46 46 46 46 44 43 43 48 53 53 58 58 58 55 55 59 56 56 56 56 55 55 55 63 57 57 93 93 73 75 75 71 59 59 52 52 44 46 46 50 
30 30 30 39 39 42 46 46 46 46 44 43 43 48 53 53 58 58 58 55 55 59 56 56 56 56 55 55 55 63 57 57 93 93 73 75 75 71 59 59 52 52 44 46 46 50 
22 22 25 33 33 34 37 37 38 38 38 40 40 44 44 44 45 45 41 42 42 41 40 40 37 37 40 37 37 44 37 37 46 46 50 61 61 61 54 54 44 44 38 28 28 26 
19 19 22 26 26 29 31 31 31 31 32 33 33 37 34 34 36 36 34 34 34 30 28 28 25 25 28 24 24 28 30 30 33 33 26 44 44 32 35 35 36 36 28 17 17 12 
19 19 22 26 26 29 31 31 31 31 32 33 33 37 34 34 36 36 34 34 34 30 28 28 25 25 28 24 24 28 30 30 33 33 26 44 44 32 35 35 36 36 28 17 17 12 
21 21 20 24 24 25 28 28 30 30 31 34 34 36 37 37 34 34 35 31 31 32 27 27 25 25 27 26 26 28 26 26 27 27 26 23 23 37 35 35 26 26 20 9 9 8 
21 21 19 21 21 21 23 23 26 26 27 30 30 29 30 30 29 29 26 27 27 23 23 23 21 21 23 21 21 20 19 19 18 18 17 22 22 28 17 17 24 24 13 7 7 4 
