assets/RAT_results/precipitation/2024-05-25_IMERG.asc
ncols        46
nrows        77
xllcorner    74.800261325624
yllcorner    8.058333333333
cellsize     0.062500000000
NODATA_value -9999
11 11 11 14 14 11 9 9 8 8 8 9 9 10 11 11 7 7 8 6 6 3 2 2 1 1 1 2 2 3 2 2 2 2 5 5 5 3 3 3 3 3 3 3 3 4 
10 10 11 11 11 11 11 11 9 9 8 11 11 10 10 10 10 10 7 3 3 2 2 2 1 1 1 2 2 3 3 3 4 4 4 1 1 1 1 1 1 1 2 3 3 3 
10 10 11 11 11 11 11 11 9 9 8 11 11 10 10 10 10 10 7 3 3 2 2 2 1 1 1 2 2 3 3 3 4 4 4 1 1 1 1 1 1 1 2 3 3 3 
9 9 9 10 10 12 10 10 9 9 8 7 7 9 10 10 6 6 4 5 5 3 2 2 1 1 1 3 3 2 1 1 3 3 1 1 1 1 1 1 0 0 1 1 1 2 
7 7 9 8 8 12 9 9 6 6 7 12 12 10 7 7 4 4 6 2 2 1 2 2 1 1 4 2 2 5 4 4 1 1 1 1 1 1 1 1 0 0 0 1 1 2 
7 7 9 8 8 12 9 9 6 6 7 12 12 10 7 7 4 4 6 2 2 1 2 2 1 1 4 2 2 5 4 4 1 1 1 1 1 1 1 1 0 0 0 1 1 2 
7 7 6 10 10 10 10 10 8 8 7 10 10 8 4 4 2 2 1 2 2 1 1 1 2 2 3 4 4 1 0 0 1 1 1 0 0 0 0 0 0 0 0 0 0 1 
7 7 6 10 10 10 10 10 8 8 7 10 10 8 4 4 2 2 1 2 2 1 1 1 2 2 3 4 4 1 0 0 1 1 1 0 0 0 0 0 0 0 0 0 0 1 
4 4 6 9 9 10 9 9 10 10 6 6 6 4 4 4 5 5 3 1 1 1 3 3 3 3 1 2 2 2 1 1 0 0 0 0 0 0 0 0 0 0 0 0 0 0 
4 4 6 10 10 11 7 7 7 7 5 4 4 3 3 3 5 5 5 4 4 6 5 5 4 4 2 2 2 3 2 2 1 1 1 1 1 1 1 1 0 0 0 0 0 0 
4 4 6 10 10 11 7 7 7 7 5 4 4 3 3 3 5 5 5 4 4 6 5 5 4 4 2 2 2 3 2 2 1 1 1 1 1 1 1 1 0 0 0 0 0 0 
4 4 5 6 6 8 6 6 4 4 3 2 2 3 2 2 3 3 5 7 7 4 6 6 6 6 5 5 5 4 3 3 3 3 2 1 1 1 1 1 0 0 0 0 0 0 
5 5 4 7 7 7 7 7 5 5 4 4 4 5 4 4 4 4 3 4 4 6 6 6 5 5 8 8 8 6 5 5 4 4 4 2 2 1 1 1 0 0 0 0 0 1 
5 5 4 7 7 7 7 7 5 5 4 4 4 5 4 4 4 4 3 4 4 6 6 6 5 5 8 8 8 6 5 5 4 4 4 2 2 1 1 1 0 0 0 0 0 1 
4 4 4 3 3 5 6 6 6 6 7 9 9 12 10 10 7 7 4 7 7 6 7 7 6 6 7 10 10 10 9 9 9 9 7 4 4 3 1 1 0 0 1 1 1 1 
4 4 4 3 3 5 6 6 6 6 7 9 9 12 10 10 7 7 4 7 7 6 7 7 6 6 7 10 10 10 9 9 9 9 7 4 4 3 1 1 0 0 1 1 1 1 
3 3 3 2 2 2 3 3 7 7 8 8 8 12 10 10 9 9 9 10 10 11 7 7 5 5 7 10 10 14 13 13 10 10 8 6 6 5 4 4 2 2 1 1 1 1 
3 3 3 1 1 1 2 2 4 4 7 9 9 12 12 12 13 13 12 10 10 11 8 8 6 6 6 7 7 9 8 8 7 7 6 6 6 5 6 6 4 4 3 2 2 2 
3 3 3 1 1 1 2 2 4 4 7 9 9 12 12 12 13 13 12 10 10 11 8 8 6 6 6 7 7 9 8 8 7 7 6 6 6 5 6 6 4 4 3 2 2 2 
2 2 1 1 1 2 2 2 3 3 4 7 7 8 8 8 11 11 10 7 7 5 5 5 6 6 5 4 4 4 5 5 6 6 7 7 7 6 5 5 5 5 4 3 3 3 
1 1 1 2 2 2 2 2 1 1 1 3 3 4 5 5 5 5 4 3 3 2 4 4 4 4 3 2 2 1 1 1 3 3 6 6 6 6 5 5 5 5 4 3 3 3 
1 1 1 2 2 2 2 2 1 1 1 3 3 4 5 5 5 5 4 3 3 2 4 4 4 4 3 2 2 1 1 1 3 3 6 6 6 6 5 5 5 5 4 3 3 3 
2 2 1 2 2 2 1 1 0 0 2 2 2 3 3 3 3 3 2 1 1 1 2 2 2 2 1 1 1 2 1 1 2 2 2 3 3 3 4 4 4 4 3 2 2 1 
2 2 1 2 2 2 1 1 0 0 2 2 2 3 3 3 3 3 2 1 1 1 2 2 2 2 1 1 1 2 1 1 2 2 2 3 3 3 4 4 4 4 3 2 2 1 
3 3 2 2 2 2 1 1 3 3 1 1 1 3 4 4 2 2 2 2 2 1 1 1 1 1 1 1 1 1 1 1 2 2 1 0 0 1 2 2 3 3 2 1 1 1 
5 5 6 6 6 2 3 3 4 4 2 3 3 8 5 5 1 1 2 2 2 2 2 2 2 2 1 1 1 1 1 1 0 0 0 0 0 1 1 1 2 2 1 1 1 1 
5 5 6 6 6 2 3 3 4 4 2 3 3 8 5 5 1 1 2 2 2 2 2 2 2 2 1 1 1 1 1 1 0 0 0 0 0 1 1 1 2 2 1 1 1 1 
4 4 4 5 5 3 3 3 3 3 5 6 6 6 5 5 2 2 3 3 3 4 2 2 1 1 1 1 1 1 1 1 1 1 1 1 1 2 1 1 1 1 1 1 1 1 
4 4 4 3 3 3 3 3 3 3 4 5 5 6 5 5 7 7 5 7 7 6 4 4 2 2 3 3 3 1 1 1 1 1 2 3 3 3 2 2 3 3 3 2 2 1 
4 4 4 3 3 3 3 3 3 3 4 5 5 6 5 5 7 7 5 7 7 6 4 4 2 2 3 3 3 1 1 1 1 1 2 3 3 3 2 2 3 3 3 2 2 1 
4 4 4 4 4 3 3 3 3 3 4 4 4 4 4 4 7 7 6 8 8 8 5 5 3 3 3 4 4 3 2 2 2 2 4 3 3 2 2 2 3 3 2 1 1 1 
4 4 4 4 4 3 3 3 3 3 4 4 4 4 4 4 7 7 6 8 8 8 5 5 3 3 3 4 4 3 2 2 2 2 4 3 3 2 2 2 3 3 2 1 1 1 
5 5 6 7 7 5 3 3 3 3 4 6 6 4 6 6 3 3 4 7 7 8 5 5 5 5 5 5 5 3 1 1 3 3 6 2 2 1 2 2 2 2 2 1 1 1 
7 7 8 9 9 8 5 5 4 4 4 9 9 7 4 4 2 2 3 4 4 5 6 6 6 6 6 5 5 3 1 1 1 1 2 1 1 1 1 1 2 2 2 1 1 1 
7 7 8 9 9 8 5 5 4 4 4 9 9 7 4 4 2 2 3 4 4 5 6 6 6 6 6 5 5 3 1 1 1 1 2 1 1 1 1 1 2 2 2 1 1 1 
7 7 12 14 14 9 7 7 5 5 3 7 7 7 4 4 2 2 3 3 3 4 5 5 4 4 4 2 2 2 1 1 1 1 1 0 0 0 1 1 1 1 1 1 1 2 
6 6 11 18 18 15 11 11 9 9 3 2 2 3 4 4 2 2 4 4 4 2 4 4 3 3 3 2 2 2 1 1 1 1 1 0 0 1 1 1 1 1 1 2 2 3 
6 6 11 18 18 15 11 11 9 9 3 2 2 3 4 4 2 2 4 4 4 2 4 4 3 3 3 2 2 2 1 1 1 1 1 0 0 1 1 1 1 1 1 2 2 3 
12 12 14 18 18 22 20 20 14 14 6 4 4 4 7 7 4 4 2 4 4 2 4 4 2 2 2 3 3 2 1 1 1 1 1 1 1 4 2 2 2 2 2 2 2 2 
12 12 14 18 18 22 20 20 14 14 6 4 4 4 7 7 4 4 2 4 4 2 4 4 2 2 2 3 3 2 1 1 1 1 1 1 1 4 2 2 2 2 2 2 2 2 
7 7 8 13 13 14 17 17 19 19 12 10 10 7 6 6 6 6 6 7 7 2 3 3 3 3 1 2 2 1 1 1 2 2 2 3 3 7 4 4 4 4 4 6 6 6 
8 8 9 9 9 9 11 11 13 13 14 19 19 15 15 15 8 8 6 7 7 8 8 8 9 9 1 1 1 1 2 2 4 4 2 5 5 8 6 6 6 6 6 7 7 8 
8 8 9 9 9 9 11 11 13 13 14 19 19 15 15 15 8 8 6 7 7 8 8 8 9 9 1 1 1 1 2 2 4 4 2 5 5 8 6 6 6 6 6 7 7 8 
8 8 10 11 11 11 13 13 14 14 18 27 27 29 26 26 18 18 12 13 13 13 14 14 10 10 3 2 2 2 3 3 4 4 4 6 6 8 6 6 7 7 7 8 8 9 
10 10 12 13 13 13 14 14 17 17 25 27 27 28 25 25 22 22 24 19 19 15 16 16 16 16 10 4 4 4 6 6 6 6 6 8 8 9 7 7 7 7 7 7 7 8 
10 10 12 13 13 13 14 14 17 17 25 27 27 28 25 25 22 22 24 19 19 15 16 16 16 16 10 4 4 4 6 6 6 6 6 8 8 9 7 7 7 7 7 7 7 8 
6 6 7 6 6 8 10 10 11 11 15 26 26 21 19 19 18 18 27 24 24 20 28 28 27 27 23 14 14 6 7 7 7 7 9 9 9 6 4 4 4 4 4 5 5 6 
6 6 7 6 6 8 10 10 11 11 15 26 26 21 19 19 18 18 27 24 24 20 28 28 27 27 23 14 14 6 7 7 7 7 9 9 9 6 4 4 4 4 4 5 5 6 
4 4 5 6 6 6 8 8 8 8 11 22 22 16 16 16 16 16 24 27 27 39 36 36 35 35 39 21 21 16 16 16 12 12 9 11 11 10 6 6 5 5 4 3 3 3 
5 5 7 9 9 6 7 7 9 9 11 22 22 13 14 14 15 15 18 22 22 34 34 34 39 39 32 28 28 20 20 20 23 23 14 12 12 10 9 9 7 7 6 4 4 3 
5 5 7 9 9 6 7 7 9 9 11 22 22 13 14 14 15 15 18 22 22 34 34 34 39 39 32 28 28 20 20 20 23 23 14 12 12 10 9 9 7 7 6 4 4 3 
6 6 9 9 9 6 7 7 9 9 10 11 11 10 11 11 13 13 13 19 19 34 40 40 34 34 36 34 34 25 23 23 26 26 22 13 13 9 7 7 7 7 6 6 6 5 
8 8 10 9 9 7 6 6 7 7 8 8 8 9 11 11 12 12 12 16 16 16 36 36 44 44 36 25 25 21 22 22 22 22 16 10 10 7 5 5 4 4 4 6 6 5 
8 8 10 9 9 7 6 6 7 7 8 8 8 9 11 11 12 12 12 16 16 16 36 36 44 44 36 25 25 21 22 22 22 22 16 10 10 7 5 5 4 4 4 6 6 5 
7 7 8 8 8 7 5 5 6 6 8 9 9 11 13 13 13 13 14 15 15 13 26 26 31 31 29 24 24 23 15 15 15 15 12 6 6 3 4 4 3 3 2 3 3 4 
7 7 8 8 8 7 5 5 6 6 8 9 9 11 13 13 13 13 14 15 15 13 26 26 31 31 29 24 24 23 15 15 15 15 12 6 6 3 4 4 3 3 2 3 3 4 
4 4 5 6 6 6 5 5 5 5 7 10 10 13 13 13 12 12 12 15 15 15 22 22 29 29 28 27 27 17 11 11 9 9 10 3 3 3 1 1 1 1 2 2 2 2 
4 4 4 6 6 6 6 6 5 5 10 11 11 13 12 12 8 8 9 8 8 27 26 26 31 31 26 29 29 16 15 15 13 13 12 8 8 3 1 1 1 1 1 1 1 1 
4 4 4 6 6 6 6 6 5 5 10 11 11 13 12 12 8 8 9 8 8 27 26 26 31 31 26 29 29 16 15 15 13 13 12 8 8 3 1 1 1 1 1 1 1 1 
3 3 4 4 4 5 6 6 5 5 5 9 9 9 8 8 8 8 9 11 11 27 41 41 45 45 30 34 34 13 15 15 12 12 15 17 17 8 2 2 2 2 1 1 1 0 
4 4 4 5 5 5 5 5 4 4 4 4 4 5 5 5 7 7 19 22 22 45 58 58 47 47 77 33 33 25 20 20 28 28 20 20 20 8 1 1 4 4 3 1 1 1 
4 4 4 5 5 5 5 5 4 4 4 4 4 5 5 5 7 7 19 22 22 45 58 58 47 47 77 33 33 25 20 20 28 28 20 20 20 8 1 1 4 4 3 1 1 1 
5 5 3 3 3 2 3 3 3 3 3 4 4 5 8 8 12 12 22 24 24 40 51 51 85 85 85 41 41 32 32 32 22 22 22 23 23 16 3 3 3 3 3 0 0 1 
5 5 3 3 3 2 3 3 3 3 3 4 4 5 8 8 12 12 22 24 24 40 51 51 85 85 85 41 41 32 32 32 22 22 22 23 23 16 3 3 3 3 3 0 0 1 
6 6 3 2 2 2 2 2 2 2 2 3 3 3 5 5 7 7 9 24 24 47 36 36 87 87 21 32 32 30 36 36 33 33 34 29 29 17 9 9 3 3 2 0 0 1 
6 6 4 3 3 2 2 2 1 1 1 2 2 2 3 3 10 10 11 13 13 19 11 11 19 19 18 28 28 26 29 29 29 29 27 25 25 11 10 10 3 3 1 0 0 0 
6 6 4 3 3 2 2 2 1 1 1 2 2 2 3 3 10 10 11 13 13 19 11 11 19 19 18 28 28 26 29 29 29 29 27 25 25 11 10 10 3 3 1 0 0 0 
7 7 5 4 4 3 2 2 2 2 2 2 2 2 3 3 7 7 10 11 11 7 8 8 9 9 10 9 9 18 29 29 31 31 29 14 14 12 6 6 3 3 1 1 1 0 
6 6 5 4 4 4 4 4 3 3 2 2 2 2 3 3 5 5 7 8 8 9 10 10 9 9 10 9 9 10 9 9 13 13 16 21 21 13 7 7 4 4 3 3 3 1 
6 6 5 4 4 4 4 4 3 3 2 2 2 2 3 3 5 5 7 8 8 9 10 10 9 9 10 9 9 10 9 9 13 13 16 21 21 13 7 7 4 4 3 3 3 1 
3 3 3 3 3 4 4 4 3 3 2 2 2 3 4 4 7 7 8 9 9 8 9 9 10 10 10 11 11 11 10 10 11 11 12 17 17 16 13 13 4 4 11 3 3 1 
3 3 3 3 3 4 4 4 3 3 2 2 2 3 4 4 7 7 8 9 9 8 9 9 10 10 10 11 11 11 10 10 11 11 12 17 17 16 13 13 4 4 11 3 3 1 
3 3 3 4 4 5 4 4 3 3 4 4 4 8 8 8 9 9 8 8 8 8 11 11 11 11 15 12 12 14 14 14 11 11 10 10 10 15 12 12 12 12 10 4 4 4 
3 3 8 7 7 11 11 11 8 8 7 9 9 10 10 10 8 8 8 8 8 8 11 11 12 12 20 19 19 19 19 19 15 15 11 8 8 11 12 12 4 4 3 2 2 2 
3 3 8 7 7 11 11 11 8 8 7 9 9 10 10 10 8 8 8 8 8 8 11 11 12 12 20 19 19 19 19 19 15 15 11 8 8 11 12 12 4 4 3 2 2 2 
11 11 9 10 10 10 11 11 6 6 6 7 7 6 8 8 8 8 8 9 9 10 7 7 8 8 9 16 16 15 21 21 15 15 12 8 8 8 7 7 2 2 4 3 3 3 
22 22 21 22 22 21 20 20 19 19 11 13 13 8 8 8 7 7 8 9 9 9 7 7 7 7 6 8 8 10 12 12 12 12 11 8 8 10 8 8 2 2 1 1 1 1 
