assets/RAT_results/precipitation/2024-10-23_IMERG.asc
ncols        46
nrows        77
xllcorner    74.800261325624
yllcorner    8.058333333333
cellsize     0.062500000000
NODATA_value -9999
9 9 9 9 9 10 10 10 11 11 13 12 12 19 15 15 27 27 29 28 28 28 25 25 14 14 15 13 13 12 13 13 14 14 17 11 11 13 12 12 10 10 11 4 4 10 
10 10 13 11 11 17 15 15 11 11 15 12 12 14 26 26 27 27 13 17 17 12 8 8 7 7 10 11 11 14 15 15 16 16 29 18 18 18 14 14 10 10 9 10 10 8 
10 10 13 11 11 17 15 15 11 11 15 12 12 14 26 26 27 27 13 17 17 12 8 8 7 7 10 11 11 14 15 15 16 16 29 18 18 18 14 14 10 10 9 10 10 8 
7 7 9 7 7 10 17 17 14 14 11 11 11 14 10 10 17 17 9 7 7 2 2 2 7 7 11 12 12 12 12 12 15 15 32 7 7 11 13 13 11 11 8 12 12 10 
1 1 3 2 2 10 7 7 7 7 7 3 3 30 77 77 18 18 5 4 4 3 2 2 4 4 6 12 12 8 5 5 3 3 6 6 6 7 10 10 8 8 14 14 14 16 
1 1 3 2 2 10 7 7 7 7 7 3 3 30 77 77 18 18 5 4 4 3 2 2 4 4 6 12 12 8 5 5 3 3 6 6 6 7 10 10 8 8 14 14 14 16 
0 0 0 4 4 14 18 18 19 19 20 14 14 30 23 23 16 16 3 4 4 4 2 2 5 5 6 8 8 6 3 3 1 1 2 4 4 6 12 12 14 14 15 32 32 34 
0 0 0 4 4 14 18 18 19 19 20 14 14 30 23 23 16 16 3 4 4 4 2 2 5 5 6 8 8 6 3 3 1 1 2 4 4 6 12 12 14 14 15 32 32 34 
0 0 0 5 5 14 13 13 14 14 14 12 12 13 7 7 11 11 4 3 3 3 2 2 2 2 2 3 3 3 2 2 2 2 2 4 4 10 10 10 15 15 27 29 29 38 
0 0 0 4 4 8 6 6 6 6 6 10 10 7 4 4 7 7 7 4 4 2 1 1 1 1 2 2 2 3 9 9 12 12 4 2 2 7 12 12 14 14 24 25 25 34 
0 0 0 4 4 8 6 6 6 6 6 10 10 7 4 4 7 7 7 4 4 2 1 1 1 1 2 2 2 3 9 9 12 12 4 2 2 7 12 12 14 14 24 25 25 34 
0 0 0 1 1 3 7 7 4 4 5 1 1 3 3 3 5 5 5 3 3 2 2 2 3 3 2 2 2 4 10 10 12 12 6 4 4 9 10 10 12 12 19 20 20 24 
0 0 0 0 0 2 3 3 4 4 2 2 2 2 2 2 3 3 3 2 2 2 2 2 2 2 2 2 2 4 7 7 9 9 10 9 9 14 12 12 15 15 19 18 18 24 
0 0 0 0 0 2 3 3 4 4 2 2 2 2 2 2 3 3 3 2 2 2 2 2 2 2 2 2 2 4 7 7 9 9 10 9 9 14 12 12 15 15 19 18 18 24 
3 3 2 1 1 2 6 6 7 7 7 4 4 4 5 5 3 3 4 2 2 2 2 2 2 2 2 4 4 5 13 13 16 16 10 17 17 15 13 13 15 15 16 14 14 17 
3 3 2 1 1 2 6 6 7 7 7 4 4 4 5 5 3 3 4 2 2 2 2 2 2 2 2 4 4 5 13 13 16 16 10 17 17 15 13 13 15 15 16 14 14 17 
4 4 3 1 1 3 3 3 7 7 7 15 15 10 5 5 9 9 3 3 3 3 3 3 7 7 7 9 9 16 15 15 18 18 14 19 19 12 10 10 13 13 14 13 13 16 
7 7 10 2 2 4 6 6 2 2 7 11 11 10 8 8 4 4 4 3 3 3 4 4 6 6 5 11 11 16 25 25 28 28 30 16 16 9 10 10 11 11 12 10 10 8 
7 7 10 2 2 4 6 6 2 2 7 11 11 10 8 8 4 4 4 3 3 3 4 4 6 6 5 11 11 16 25 25 28 28 30 16 16 9 10 10 11 11 12 10 10 8 
11 11 8 21 21 4 7 7 3 3 6 14 14 9 8 8 9 9 3 5 5 6 7 7 4 4 4 13 13 13 24 24 5 5 5 5 5 6 6 6 6 6 6 4 4 2 
18 18 13 18 18 22 19 19 21 21 13 15 15 11 7 7 6 6 3 5 5 6 6 6 6 6 2 4 4 4 3 3 2 2 3 3 3 2 12 12 3 3 2 1 1 1 
18 18 13 18 18 22 19 19 21 21 13 15 15 11 7 7 6 6 3 5 5 6 6 6 6 6 2 4 4 4 3 3 2 2 3 3 3 2 12 12 3 3 2 1 1 1 
32 32 23 21 21 32 47 47 39 39 21 19 19 6 6 6 5 5 4 3 3 4 7 7 6 6 1 3 3 8 4 4 3 3 2 14 14 13 10 10 1 1 1 1 1 1 
32 32 23 21 21 32 47 47 39 39 21 19 19 6 6 6 5 5 4 3 3 4 7 7 6 6 1 3 3 8 4 4 3 3 2 14 14 13 10 10 1 1 1 1 1 1 
34 34 35 54 54 37 27 27 20 20 8 9 9 6 5 5 5 5 5 4 4 4 12 12 4 4 4 6 6 5 5 5 2 2 1 5 5 16 10 10 10 10 2 1 1 2 
9 9 21 31 31 48 33 33 21 21 4 5 5 3 10 10 4 4 4 3 3 3 5 5 5 5 10 12 12 9 9 9 13 13 4 5 5 14 10 10 1 1 2 2 2 2 
9 9 21 31 31 48 33 33 21 21 4 5 5 3 10 10 4 4 4 3 3 3 5 5 5 5 10 12 12 9 9 9 13 13 4 5 5 14 10 10 1 1 2 2 2 2 
8 8 7 14 14 24 55 55 30 30 9 7 7 8 10 10 6 6 6 2 2 4 4 4 5 5 55 28 28 24 17 17 31 31 24 8 8 2 2 2 0 0 0 0 0 0 
9 9 9 23 23 46 29 29 17 17 6 3 3 7 2 2 8 8 6 3 3 5 9 9 13 13 56 50 50 24 19 19 33 33 28 8 8 1 1 1 0 0 0 0 0 0 
9 9 9 23 23 46 29 29 17 17 6 3 3 7 2 2 8 8 6 3 3 5 9 9 13 13 56 50 50 24 19 19 33 33 28 8 8 1 1 1 0 0 0 0 0 0 
15 15 14 35 35 40 25 25 12 12 7 4 4 2 3 3 6 6 9 6 6 5 7 7 11 11 21 30 30 33 16 16 16 16 12 6 6 6 1 1 0 0 0 0 0 0 
15 15 14 35 35 40 25 25 12 12 7 4 4 2 3 3 6 6 9 6 6 5 7 7 11 11 21 30 30 33 16 16 16 16 12 6 6 6 1 1 0 0 0 0 0 0 
13 13 16 50 50 30 9 9 5 5 4 5 5 2 1 1 7 7 12 11 11 4 8 8 8 8 9 34 34 30 50 50 17 17 4 5 5 6 2 2 1 1 0 0 0 0 
6 6 25 20 20 15 3 3 3 3 4 9 9 9 9 9 9 9 8 8 8 3 4 4 8 8 8 16 16 10 12 12 9 9 5 6 6 5 2 2 2 2 0 0 0 0 
6 6 25 20 20 15 3 3 3 3 4 9 9 9 9 9 9 9 8 8 8 3 4 4 8 8 8 16 16 10 12 12 9 9 5 6 6 5 2 2 2 2 0 0 0 0 
7 7 14 12 12 8 5 5 4 4 4 10 10 10 43 43 71 71 74 26 26 5 5 5 3 3 4 6 6 9 3 3 7 7 10 10 10 9 2 2 1 1 0 0 0 0 
7 7 10 12 12 7 4 4 3 3 3 17 17 17 47 47 77 77 78 28 28 36 9 9 2 2 9 10 10 4 5 5 8 8 9 10 10 7 8 8 0 0 0 0 0 0 
7 7 10 12 12 7 4 4 3 3 3 17 17 17 47 47 77 77 78 28 28 36 9 9 2 2 9 10 10 4 5 5 8 8 9 10 10 7 8 8 0 0 0 0 0 0 
16 16 25 28 28 10 3 3 3 3 3 34 34 34 88 88 82 82 105 38 38 37 9 9 7 7 7 8 8 7 6 6 30 30 16 13 13 12 12 12 1 1 0 0 0 0 
16 16 25 28 28 10 3 3 3 3 3 34 34 34 88 88 82 82 105 38 38 37 9 9 7 7 7 8 8 7 6 6 30 30 16 13 13 12 12 12 1 1 0 0 0 0 
20 20 34 35 35 18 4 4 3 3 4 31 31 33 85 85 43 43 70 25 25 22 14 14 15 15 8 12 12 14 20 20 37 37 44 9 9 8 4 4 1 1 1 0 0 0 
23 23 33 33 33 12 8 8 3 3 11 11 11 31 42 42 44 44 70 70 70 22 20 20 18 18 8 7 7 19 30 30 21 21 47 16 16 14 11 11 7 7 7 1 1 0 
23 23 33 33 33 12 8 8 3 3 11 11 11 31 42 42 44 44 70 70 70 22 20 20 18 18 8 7 7 19 30 30 21 21 47 16 16 14 11 11 7 7 7 1 1 0 
25 25 34 20 20 15 9 9 5 5 11 11 11 22 22 22 46 46 122 118 118 28 18 18 19 19 9 12 12 14 23 23 64 64 42 13 13 14 10 10 8 8 7 18 18 16 
40 40 41 31 31 12 6 6 9 9 5 11 11 22 22 22 46 46 123 62 62 15 15 15 13 13 10 13 13 13 21 21 30 30 24 11 11 10 14 14 14 14 25 29 29 22 
40 40 41 31 31 12 6 6 9 9 5 11 11 22 22 22 46 46 123 62 62 15 15 15 13 13 10 13 13 13 21 21 30 30 24 11 11 10 14 14 14 14 25 29 29 22 
51 51 82 42 42 32 6 6 10 10 3 6 6 6 13 13 30 30 30 62 62 13 14 14 11 11 13 15 15 17 31 31 39 39 23 12 12 14 13 13 21 21 24 20 20 26 
51 51 82 42 42 32 6 6 10 10 3 6 6 6 13 13 30 30 30 62 62 13 14 14 11 11 13 15 15 17 31 31 39 39 23 12 12 14 13 13 21 21 24 20 20 26 
49 49 69 47 47 43 14 14 13 13 12 9 9 9 13 13 36 36 36 11 11 10 11 11 13 13 14 12 12 12 20 20 23 23 17 17 17 25 22 22 20 20 22 20 20 27 
43 43 45 48 48 46 37 37 31 31 67 78 78 65 69 69 65 65 36 14 14 8 13 13 15 15 17 17 17 18 21 21 19 19 19 17 17 38 32 32 36 36 33 27 27 15 
43 43 45 48 48 46 37 37 31 31 67 78 78 65 69 69 65 65 36 14 14 8 13 13 15 15 17 17 17 18 21 21 19 19 19 17 17 38 32 32 36 36 33 27 27 15 
33 33 36 42 42 42 36 36 31 31 65 24 24 20 14 14 13 13 10 10 10 9 12 12 17 17 17 17 17 34 27 27 26 26 21 26 26 27 31 31 35 35 22 14 14 7 
27 27 27 32 32 30 30 30 33 33 29 27 27 26 22 22 16 16 8 4 4 6 6 6 17 17 15 21 21 31 20 20 19 19 20 23 23 23 25 25 26 26 23 13 13 7 
27 27 27 32 32 30 30 30 33 33 29 27 27 26 22 22 16 16 8 4 4 6 6 6 17 17 15 21 21 31 20 20 19 19 20 23 23 23 25 25 26 26 23 13 13 7 
14 14 15 18 18 14 15 15 14 14 20 23 23 16 15 15 12 12 7 4 4 9 6 6 14 14 24 45 45 75 20 20 18 18 22 22 22 24 15 15 13 13 18 10 10 10 
14 14 15 18 18 14 15 15 14 14 20 23 23 16 15 15 12 12 7 4 4 9 6 6 14 14 24 45 45 75 20 20 18 18 22 22 22 24 15 15 13 13 18 10 10 10 
8 8 8 15 15 12 17 17 18 18 15 13 13 16 11 11 5 5 7 8 8 8 10 10 24 24 89 106 106 67 54 54 18 18 12 11 11 12 16 16 16 16 14 13 13 10 
13 13 14 11 11 9 14 14 14 14 12 5 5 7 11 11 7 7 7 16 16 12 36 36 104 104 107 77 77 56 54 54 55 55 22 11 11 13 12 12 21 21 29 11 11 52 
13 13 14 11 11 9 14 14 14 14 12 5 5 7 11 11 7 7 7 16 16 12 36 36 104 104 107 77 77 56 54 54 55 55 22 11 11 13 12 12 21 21 29 11 11 52 
15 15 14 12 12 9 14 14 14 14 13 6 6 6 7 7 7 7 8 18 18 22 34 34 39 39 91 53 53 50 43 43 42 42 29 16 16 15 12 12 17 17 18 9 9 9 
15 15 18 15 15 14 12 12 10 10 12 7 7 7 6 6 9 9 9 18 18 29 47 47 47 47 80 53 53 65 55 55 43 43 39 18 18 18 13 13 12 12 14 14 14 6 
15 15 18 15 15 14 12 12 10 10 12 7 7 7 6 6 9 9 9 18 18 29 47 47 47 47 80 53 53 65 55 55 43 43 39 18 18 18 13 13 12 12 14 14 14 6 
18 18 15 16 16 14 9 9 9 9 12 8 8 4 5 5 9 9 9 16 16 22 25 25 37 37 29 43 43 34 34 34 42 42 31 21 21 18 14 14 11 11 13 7 7 7 
18 18 15 16 16 14 9 9 9 9 12 8 8 4 5 5 9 9 9 16 16 22 25 25 37 37 29 43 43 34 34 34 42 42 31 21 21 18 14 14 11 11 13 7 7 7 
15 15 13 12 12 9 8 8 8 8 10 11 11 5 7 7 10 10 9 9 9 15 21 21 26 26 21 31 31 30 27 27 32 32 27 22 22 14 12 12 10 10 12 13 13 5 
16 16 15 13 13 11 8 8 8 8 6 9 9 9 9 9 9 9 10 12 12 13 12 12 12 12 22 15 15 27 23 23 21 21 20 17 17 12 8 8 8 8 8 8 8 3 
16 16 15 13 13 11 8 8 8 8 6 9 9 9 9 9 9 9 10 12 12 13 12 12 12 12 22 15 15 27 23 23 21 21 20 17 17 12 8 8 8 8 8 8 8 3 
20 20 17 22 22 18 9 9 11 11 13 16 16 35 19 19 12 12 12 7 7 8 8 8 9 9 13 11 11 23 29 29 26 26 26 23 23 21 11 11 7 7 8 4 4 4 
34 34 22 18 18 14 22 22 18 18 27 32 32 53 49 49 12 12 14 15 15 10 8 8 9 9 11 16 16 24 22 22 24 24 25 20 20 9 21 21 10 10 6 4 4 1 
34 34 22 18 18 14 22 22 18 18 27 32 32 53 49 49 12 12 14 15 15 10 8 8 9 9 11 16 16 24 22 22 24 24 25 20 20 9 21 21 10 10 6 4 4 1 
40 40 44 45 45 29 44 44 21 21 26 30 30 37 55 55 42 42 24 25 25 10 9 9 10 10 10 11 11 12 13 13 25 25 26 20 20 18 18 18 20 20 17 7 7 1 
40 40 44 45 45 29 44 44 21 21 26 30 30 37 55 55 42 42 24 25 25 10 9 9 10 10 10 11 11 12 13 13 25 25 26 20 20 18 18 18 20 20 17 7 7 1 
44 44 50 75 75 77 59 59 40 40 27 36 36 40 49 49 29 29 28 22 22 13 10 10 10 10 10 10 10 10 22 22 27 27 37 24 24 23 12 12 13 13 19 13 13 5 
42 42 54 77 77 92 75 75 47 47 25 32 32 36 25 25 27 27 35 28 28 17 13 13 8 8 7 8 8 14 25 25 15 15 83 20 20 24 15 15 17 17 15 14 14 5 
42 42 54 77 77 92 75 75 47 47 25 32 32 36 25 25 27 27 35 28 28 17 13 13 8 8 7 8 8 14 25 25 15 15 83 20 20 24 15 15 17 17 15 14 14 5 
35 35 53 66 66 91 78 78 43 43 26 25 25 27 27 27 24 24 22 24 24 20 12 12 8 8 5 7 7 11 9 9 9 9 66 14 14 14 12 12 10 10 7 6 6 1 
38 38 60 61 61 38 47 47 45 45 39 29 29 24 19 19 23 23 33 21 21 25 10 10 7 7 6 8 8 10 8 8 13 13 11 9 9 5 2 2 2 2 1 1 1 1 
