assets/RAT_results/precipitation/2024-08-01_IMERG.asc
ncols        46
nrows        77
xllcorner    74.800261325624
yllcorner    8.058333333333
cellsize     0.062500000000
NODATA_value -9999
83 83 95 112 112 101 117 117 134 134 108 137 137 104 77 77 68 68 39 31 31 27 14 14 12 12 9 6 6 5 5 5 6 6 2 5 5 6 5 5 3 3 5 4 4 4 
74 74 92 116 116 148 169 169 156 156 153 122 122 92 80 80 71 71 47 44 44 31 18 18 15 15 7 5 5 6 10 10 8 8 1 2 2 2 1 1 1 1 1 1 1 2 
74 74 92 116 116 148 169 169 156 156 153 122 122 92 80 80 71 71 47 44 44 31 18 18 15 15 7 5 5 6 10 10 8 8 1 2 2 2 1 1 1 1 1 1 1 2 
73 73 92 103 103 133 138 138 144 144 149 130 130 84 70 70 63 63 42 39 39 25 17 17 9 9 3 2 2 1 3 3 5 5 5 2 2 2 2 2 1 1 1 3 3 3 
58 58 80 89 89 105 126 126 116 116 106 92 92 62 57 57 65 65 52 33 33 15 8 8 1 1 2 2 2 1 1 1 2 2 1 1 1 1 2 2 2 2 1 3 3 2 
58 58 80 89 89 105 126 126 116 116 106 92 92 62 57 57 65 65 52 33 33 15 8 8 1 1 2 2 2 1 1 1 2 2 1 1 1 1 2 2 2 2 1 3 3 2 
34 34 70 74 74 73 74 74 57 57 71 66 66 55 47 47 32 32 26 8 8 3 2 2 2 2 1 1 1 3 1 1 2 2 1 0 0 1 1 1 1 1 2 2 2 2 
34 34 70 74 74 73 74 74 57 57 71 66 66 55 47 47 32 32 26 8 8 3 2 2 2 2 1 1 1 3 1 1 2 2 1 0 0 1 1 1 1 1 2 2 2 2 
35 35 64 82 82 83 98 98 28 28 45 28 28 19 21 21 20 20 22 6 6 3 1 1 1 1 1 1 1 1 0 0 0 0 0 1 1 0 0 0 1 1 2 2 2 1 
57 57 38 66 66 65 66 66 35 35 53 46 46 37 27 27 15 15 16 7 7 4 1 1 1 1 1 1 1 1 0 0 1 1 2 2 2 1 0 0 1 1 3 4 4 4 
57 57 38 66 66 65 66 66 35 35 53 46 46 37 27 27 15 15 16 7 7 4 1 1 1 1 1 1 1 1 0 0 1 1 2 2 2 1 0 0 1 1 3 4 4 4 
44 44 43 50 50 51 51 51 39 39 40 31 31 29 21 21 51 51 36 10 10 9 2 2 2 2 4 4 4 4 2 2 2 2 4 3 3 2 1 1 1 1 3 10 10 8 
38 38 29 36 36 47 50 50 44 44 36 36 36 47 43 43 49 49 35 12 12 10 3 3 3 3 4 4 4 3 1 1 1 1 3 2 2 4 2 2 4 4 11 10 10 9 
38 38 29 36 36 47 50 50 44 44 36 36 36 47 43 43 49 49 35 12 12 10 3 3 3 3 4 4 4 3 1 1 1 1 3 2 2 4 2 2 4 4 11 10 10 9 
25 25 31 27 27 23 51 51 44 44 40 21 21 27 32 32 30 30 28 31 31 15 3 3 3 3 4 4 4 1 1 1 1 1 2 4 4 4 3 3 3 3 5 9 9 10 
25 25 31 27 27 23 51 51 44 44 40 21 21 27 32 32 30 30 28 31 31 15 3 3 3 3 4 4 4 1 1 1 1 1 2 4 4 4 3 3 3 3 5 9 9 10 
26 26 26 30 30 19 36 36 31 31 20 22 22 32 25 25 29 29 13 27 27 22 10 10 7 7 6 5 5 4 2 2 3 3 3 5 5 5 3 3 3 3 6 9 9 19 
27 27 22 23 23 18 18 18 26 26 29 30 30 21 14 14 11 11 20 30 30 21 19 19 17 17 20 9 9 7 4 4 3 3 4 4 4 4 3 3 3 3 8 14 14 71 
27 27 22 23 23 18 18 18 26 26 29 30 30 21 14 14 11 11 20 30 30 21 19 19 17 17 20 9 9 7 4 4 3 3 4 4 4 4 3 3 3 3 8 14 14 71 
19 19 12 10 10 15 23 23 23 23 34 36 36 20 15 15 17 17 23 30 30 27 26 26 25 25 24 13 13 8 10 10 4 4 3 2 2 2 4 4 3 3 8 11 11 11 
18 18 17 13 13 8 13 13 12 12 9 20 20 25 23 23 35 35 39 35 35 26 26 26 19 19 20 19 19 12 6 6 4 4 2 1 1 2 2 2 2 2 2 4 4 6 
18 18 17 13 13 8 13 13 12 12 9 20 20 25 23 23 35 35 39 35 35 26 26 26 19 19 20 19 19 12 6 6 4 4 2 1 1 2 2 2 2 2 2 4 4 6 
16 16 15 9 9 7 8 8 11 11 10 6 6 19 18 18 38 38 46 49 49 33 22 22 13 13 8 15 15 8 5 5 3 3 1 1 1 1 2 2 2 2 2 1 1 2 
16 16 15 9 9 7 8 8 11 11 10 6 6 19 18 18 38 38 46 49 49 33 22 22 13 13 8 15 15 8 5 5 3 3 1 1 1 1 2 2 2 2 2 1 1 2 
18 18 8 6 6 6 10 10 12 12 9 6 6 17 28 28 50 50 49 32 32 37 13 13 5 5 5 6 6 3 3 3 2 2 1 1 1 2 2 2 2 2 2 1 1 2 
12 12 11 7 7 7 10 10 13 13 16 12 12 11 23 23 27 27 25 30 30 23 12 12 11 11 5 3 3 2 1 1 2 2 2 3 3 3 2 2 1 1 1 1 1 1 
12 12 11 7 7 7 10 10 13 13 16 12 12 11 23 23 27 27 25 30 30 23 12 12 11 11 5 3 3 2 1 1 2 2 2 3 3 3 2 2 1 1 1 1 1 1 
10 10 9 4 4 7 7 7 12 12 15 16 16 7 13 13 17 17 17 15 15 12 11 11 8 8 7 9 9 1 1 1 1 1 1 1 1 1 1 1 0 0 0 0 0 0 
7 7 5 3 3 5 7 7 13 13 14 30 30 14 14 14 12 12 5 3 3 2 2 2 4 4 4 3 3 0 3 3 1 1 1 1 1 2 1 1 0 0 0 0 0 0 
7 7 5 3 3 5 7 7 13 13 14 30 30 14 14 14 12 12 5 3 3 2 2 2 4 4 4 3 3 0 3 3 1 1 1 1 1 2 1 1 0 0 0 0 0 0 
6 6 5 3 3 4 7 7 11 11 17 29 29 17 8 8 2 2 2 7 7 10 9 9 7 7 5 3 3 2 2 2 2 2 1 1 1 1 0 0 0 0 0 0 0 0 
6 6 5 3 3 4 7 7 11 11 17 29 29 17 8 8 2 2 2 7 7 10 9 9 7 7 5 3 3 2 2 2 2 2 1 1 1 1 0 0 0 0 0 0 0 0 
2 2 2 3 3 3 4 4 9 9 24 28 28 10 6 6 13 13 5 4 4 11 5 5 1 1 4 2 2 1 3 3 3 3 0 0 0 0 0 0 0 0 0 0 0 0 
0 0 1 2 2 4 3 3 6 6 11 12 12 15 10 10 25 25 6 2 2 3 1 1 0 0 1 1 1 2 2 2 2 2 1 0 0 0 0 0 0 0 0 1 1 0 
0 0 1 2 2 4 3 3 6 6 11 12 12 15 10 10 25 25 6 2 2 3 1 1 0 0 1 1 1 2 2 2 2 2 1 0 0 0 0 0 0 0 0 1 1 0 
1 1 4 3 3 6 3 3 2 2 10 16 16 15 17 17 12 12 18 4 4 4 0 0 0 0 1 1 1 1 0 0 1 1 0 0 0 0 0 0 0 0 0 0 0 0 
6 6 9 8 8 9 8 8 4 4 11 18 18 17 13 13 16 16 25 12 12 13 7 7 8 8 1 1 1 2 2 2 2 2 2 1 1 0 0 0 0 0 0 0 0 0 
6 6 9 8 8 9 8 8 4 4 11 18 18 17 13 13 16 16 25 12 12 13 7 7 8 8 1 1 1 2 2 2 2 2 2 1 1 0 0 0 0 0 0 0 0 0 
7 7 15 12 12 12 12 12 9 9 16 14 14 14 20 20 12 12 18 16 16 12 8 8 13 13 19 20 20 11 4 4 6 6 3 1 1 1 1 1 0 0 1 1 1 1 
7 7 15 12 12 12 12 12 9 9 16 14 14 14 20 20 12 12 18 16 16 12 8 8 13 13 19 20 20 11 4 4 6 6 3 1 1 1 1 1 0 0 1 1 1 1 
9 9 17 12 12 12 29 29 26 26 22 17 17 11 21 21 23 23 31 34 34 22 18 18 13 13 20 21 21 16 28 28 14 14 9 7 7 2 1 1 1 1 2 1 1 0 
5 5 12 12 12 14 23 23 44 44 73 43 43 38 22 22 24 24 27 29 29 24 26 26 16 16 25 26 26 29 26 26 12 12 8 8 8 1 1 1 1 1 2 2 2 1 
5 5 12 12 12 14 23 23 44 44 73 43 43 38 22 22 24 24 27 29 29 24 26 26 16 16 25 26 26 29 26 26 12 12 8 8 8 1 1 1 1 1 2 2 2 1 
3 3 6 14 14 15 21 21 18 18 76 35 35 29 44 44 18 18 15 19 19 25 22 22 19 19 22 31 31 31 31 31 15 15 14 7 7 1 1 1 1 1 1 1 1 1 
3 3 4 10 10 13 19 19 14 14 14 18 18 16 15 15 17 17 17 18 18 32 24 24 21 21 21 31 31 32 31 31 8 8 7 4 4 3 1 1 0 0 0 0 0 0 
3 3 4 10 10 13 19 19 14 14 14 18 18 16 15 15 17 17 17 18 18 32 24 24 21 21 21 31 31 32 31 31 8 8 7 4 4 3 1 1 0 0 0 0 0 0 
2 2 5 7 7 9 9 9 11 11 10 9 9 12 11 11 10 10 15 15 15 17 24 24 9 9 10 22 22 20 20 20 8 8 6 3 3 0 0 0 0 0 0 0 0 0 
2 2 5 7 7 9 9 9 11 11 10 9 9 12 11 11 10 10 15 15 15 17 24 24 9 9 10 22 22 20 20 20 8 8 6 3 3 0 0 0 0 0 0 0 0 0 
4 4 4 4 4 5 7 7 8 8 9 10 10 8 7 7 8 8 8 10 10 10 16 16 9 9 8 8 8 10 10 10 2 2 0 0 0 0 0 0 0 0 0 0 0 0 
3 3 4 6 6 8 9 9 9 9 10 8 8 6 3 3 4 4 5 3 3 8 3 3 3 3 5 5 5 7 5 5 2 2 1 0 0 0 0 0 0 0 0 0 0 0 
3 3 4 6 6 8 9 9 9 9 10 8 8 6 3 3 4 4 5 3 3 8 3 3 3 3 5 5 5 7 5 5 2 2 1 0 0 0 0 0 0 0 0 0 0 0 
4 4 5 8 8 9 11 11 11 11 13 12 12 11 7 7 5 5 5 3 3 2 3 3 4 4 4 4 4 2 2 2 0 0 0 0 0 0 0 0 0 0 0 0 0 0 
3 3 3 6 6 7 8 8 8 8 8 6 6 6 7 7 3 3 3 5 5 5 11 11 14 14 12 3 3 3 2 2 1 1 0 0 0 0 0 0 0 0 0 0 0 0 
3 3 3 6 6 7 8 8 8 8 8 6 6 6 7 7 3 3 3 5 5 5 11 11 14 14 12 3 3 3 2 2 1 1 0 0 0 0 0 0 0 0 0 0 0 0 
3 3 3 5 5 5 2 2 3 3 3 2 2 3 2 2 2 2 4 7 7 6 12 12 13 13 11 12 12 9 10 10 5 5 2 0 0 0 0 0 0 0 0 0 0 0 
3 3 3 5 5 5 2 2 3 3 3 2 2 3 2 2 2 2 4 7 7 6 12 12 13 13 11 12 12 9 10 10 5 5 2 0 0 0 0 0 0 0 0 0 0 0 
2 2 2 2 2 1 0 0 1 1 2 1 1 1 1 1 3 3 5 5 5 5 10 10 13 13 11 11 11 5 6 6 2 2 2 1 1 1 1 1 1 1 0 0 0 0 
5 5 4 3 3 1 1 1 1 1 1 1 1 1 1 1 2 2 3 3 3 3 1 1 14 14 11 11 11 4 4 4 0 0 0 1 1 0 0 0 0 0 0 0 0 0 
5 5 4 3 3 1 1 1 1 1 1 1 1 1 1 1 2 2 3 3 3 3 1 1 14 14 11 11 11 4 4 4 0 0 0 1 1 0 0 0 0 0 0 0 0 0 
5 5 5 6 6 1 1 1 1 1 1 1 1 1 1 1 1 1 2 2 2 1 1 1 1 1 3 1 1 1 0 0 0 0 0 0 0 0 0 0 0 0 0 0 0 0 
4 4 4 4 4 2 2 2 2 2 1 1 1 1 1 1 1 1 1 1 1 3 3 3 6 6 11 1 1 1 0 0 0 0 0 0 0 0 0 0 0 0 0 0 0 0 
4 4 4 4 4 2 2 2 2 2 1 1 1 1 1 1 1 1 1 1 1 3 3 3 6 6 11 1 1 1 0 0 0 0 0 0 0 0 0 0 0 0 0 0 0 0 
2 2 3 4 4 4 5 5 4 4 1 1 1 1 1 1 1 1 2 1 1 2 3 3 6 6 6 1 1 1 0 0 0 0 0 0 0 0 0 0 0 0 0 0 0 0 
2 2 3 4 4 4 5 5 4 4 1 1 1 1 1 1 1 1 2 1 1 2 3 3 6 6 6 1 1 1 0 0 0 0 0 0 0 0 0 0 0 0 0 0 0 0 
5 5 4 3 3 5 5 5 5 5 3 2 2 3 1 1 1 1 2 1 1 3 3 3 1 1 1 1 1 1 0 0 0 0 0 0 0 0 0 0 0 0 0 0 0 0 
6 6 7 6 6 7 4 4 6 6 3 3 3 3 3 3 3 3 2 3 3 3 4 4 3 3 2 1 1 1 0 0 0 0 0 0 0 0 0 0 0 0 0 0 0 0 
6 6 7 6 6 7 4 4 6 6 3 3 3 3 3 3 3 3 2 3 3 3 4 4 3 3 2 1 1 1 0 0 0 0 0 0 0 0 0 0 0 0 0 0 0 0 
9 9 9 8 8 8 8 8 10 10 9 7 7 6 6 6 6 6 3 3 3 2 3 3 3 3 1 1 1 1 1 1 0 0 0 0 0 0 0 0 0 0 0 0 0 0 
9 9 16 13 13 12 10 10 10 10 9 10 10 7 7 7 6 6 6 6 6 5 3 3 3 3 3 4 4 2 2 2 3 3 2 0 0 0 0 0 0 0 0 0 0 0 
9 9 16 13 13 12 10 10 10 10 9 10 10 7 7 7 6 6 6 6 6 5 3 3 3 3 3 4 4 2 2 2 3 3 2 0 0 0 0 0 0 0 0 0 0 0 
10 10 11 12 12 11 10 10 12 12 10 11 11 12 10 10 9 9 9 8 8 7 5 5 3 3 3 3 3 1 1 1 2 2 3 2 2 0 0 0 0 0 0 0 0 0 
10 10 11 12 12 11 10 10 12 12 10 11 11 12 10 10 9 9 9 8 8 7 5 5 3 3 3 3 3 1 1 1 2 2 3 2 2 0 0 0 0 0 0 0 0 0 
9 9 10 12 12 12 12 12 12 12 8 10 10 11 10 10 11 11 11 9 9 6 4 4 4 4 3 3 3 2 1 1 0 0 1 0 0 0 0 0 0 0 0 0 0 0 
5 5 7 8 8 8 7 7 5 5 8 9 9 10 10 10 11 11 13 14 14 7 6 6 4 4 4 3 3 2 2 2 1 1 1 1 1 0 0 0 0 0 0 0 0 0 
5 5 7 8 8 8 7 7 5 5 8 9 9 10 10 10 11 11 13 14 14 7 6 6 4 4 4 3 3 2 2 2 1 1 1 1 1 0 0 0 0 0 0 0 0 0 
5 5 7 11 11 7 4 4 4 4 8 7 7 8 7 7 8 8 12 11 11 8 6 6 4 4 3 2 2 3 3 3 3 3 3 2 2 1 1 1 0 0 0 0 0 0 
5 5 6 5 5 5 3 3 2 2 2 2 2 3 4 4 5 5 9 7 7 6 6 6 4 4 3 3 3 2 1 1 2 2 3 2 2 1 0 0 0 0 0 0 0 1 
