assets/RAT_results/precipitation/2024-07-03_IMERG.asc
ncols        46
nrows        77
xllcorner    74.800261325624
yllcorner    8.058333333333
cellsize     0.062500000000
NODATA_value -9999
17 17 20 50 50 49 49 49 64 64 58 64 64 70 47 47 23 23 12 5 5 1 0 0 0 0 2 1 1 2 3 3 4 4 3 4 4 6 13 13 20 20 15 17 17 10 
18 18 21 29 29 56 61 61 50 50 51 46 46 54 39 39 23 23 5 1 1 1 0 0 0 0 0 0 0 3 5 5 4 4 5 7 7 11 21 21 23 23 27 10 10 9 
18 18 21 29 29 56 61 61 50 50 51 46 46 54 39 39 23 23 5 1 1 1 0 0 0 0 0 0 0 3 5 5 4 4 5 7 7 11 21 21 23 23 27 10 10 9 
21 21 14 16 16 22 30 30 34 34 34 55 55 54 50 50 26 26 9 2 2 1 1 1 0 0 1 0 0 1 1 1 1 1 1 5 5 13 16 16 18 18 21 12 12 5 
14 14 14 11 11 8 18 18 24 24 26 42 42 30 12 12 17 17 4 1 1 1 0 0 0 0 1 0 0 0 0 0 0 0 0 1 1 4 4 4 6 6 10 3 3 4 
14 14 14 11 11 8 18 18 24 24 26 42 42 30 12 12 17 17 4 1 1 1 0 0 0 0 1 0 0 0 0 0 0 0 0 1 1 4 4 4 6 6 10 3 3 4 
2 2 5 6 6 7 11 11 35 35 49 25 25 31 20 20 11 11 7 2 2 1 0 0 2 2 2 1 1 0 0 0 0 0 1 2 2 2 2 2 6 6 8 7 7 6 
2 2 5 6 6 7 11 11 35 35 49 25 25 31 20 20 11 11 7 2 2 1 0 0 2 2 2 1 1 0 0 0 0 0 1 2 2 2 2 2 6 6 8 7 7 6 
4 4 9 11 11 28 27 27 45 45 44 65 65 57 34 34 16 16 2 2 2 1 1 1 4 4 1 1 1 0 1 1 2 2 5 10 10 7 6 6 10 10 14 11 11 10 
9 9 9 21 21 29 47 47 58 58 45 58 58 60 31 31 16 16 4 8 8 3 1 1 1 1 1 1 1 1 1 1 4 4 6 11 11 11 10 10 11 11 10 10 10 9 
9 9 9 21 21 29 47 47 58 58 45 58 58 60 31 31 16 16 4 8 8 3 1 1 1 1 1 1 1 1 1 1 4 4 6 11 11 11 10 10 11 11 10 10 10 9 
7 7 15 20 20 26 41 41 64 64 69 96 96 86 86 86 52 52 30 14 14 15 5 5 2 2 2 2 2 2 2 2 4 4 6 7 7 9 9 9 8 8 9 7 7 9 
15 15 16 21 21 22 36 36 61 61 110 128 128 100 85 85 65 65 46 28 28 28 8 8 7 7 5 4 4 4 3 3 4 4 4 4 4 7 8 8 9 9 9 8 8 9 
15 15 16 21 21 22 36 36 61 61 110 128 128 100 85 85 65 65 46 28 28 28 8 8 7 7 5 4 4 4 3 3 4 4 4 4 4 7 8 8 9 9 9 8 8 9 
16 16 13 31 31 26 61 61 67 67 90 127 127 105 84 84 65 65 48 35 35 27 8 8 7 7 6 6 6 5 4 4 4 4 2 2 2 3 5 5 6 6 7 7 7 7 
16 16 13 31 31 26 61 61 67 67 90 127 127 105 84 84 65 65 48 35 35 27 8 8 7 7 6 6 6 5 4 4 4 4 2 2 2 3 5 5 6 6 7 7 7 7 
31 31 26 58 58 32 47 47 65 65 80 75 75 68 57 57 46 46 36 22 22 6 3 3 3 3 3 2 2 1 0 0 1 1 1 2 2 6 3 3 4 4 4 4 4 3 
77 77 90 103 103 74 100 100 115 115 98 77 77 58 52 52 27 27 23 19 19 14 9 9 9 9 5 4 4 1 1 1 2 2 3 4 4 3 3 3 4 4 4 3 3 3 
77 77 90 103 103 74 100 100 115 115 98 77 77 58 52 52 27 27 23 19 19 14 9 9 9 9 5 4 4 1 1 1 2 2 3 4 4 3 3 3 4 4 4 3 3 3 
66 66 89 57 57 63 95 95 47 47 67 56 56 51 23 23 29 29 26 25 25 22 21 21 9 9 9 7 7 4 3 3 3 3 4 5 5 7 7 7 5 5 3 2 2 2 
25 25 19 24 24 28 32 32 36 36 22 61 61 37 28 28 26 26 25 27 27 20 16 16 25 25 10 23 23 9 9 9 8 8 10 9 9 11 6 6 5 5 3 2 2 2 
25 25 19 24 24 28 32 32 36 36 22 61 61 37 28 28 26 26 25 27 27 20 16 16 25 25 10 23 23 9 9 9 8 8 10 9 9 11 6 6 5 5 3 2 2 2 
7 7 6 11 11 13 20 20 28 28 25 28 28 35 30 30 16 16 19 15 15 19 15 15 14 14 15 23 23 8 9 9 15 15 16 11 11 7 3 3 3 3 2 2 2 2 
7 7 6 11 11 13 20 20 28 28 25 28 28 35 30 30 16 16 19 15 15 19 15 15 14 14 15 23 23 8 9 9 15 15 16 11 11 7 3 3 3 3 2 2 2 2 
4 4 7 12 12 12 15 15 32 32 45 15 15 30 29 29 23 23 20 15 15 10 16 16 20 20 20 14 14 15 15 15 15 15 13 3 3 1 1 1 1 1 1 1 1 1 
5 5 10 11 11 16 24 24 88 88 25 11 11 12 25 25 27 27 31 17 17 12 15 15 24 24 15 24 24 8 7 7 6 6 3 1 1 0 1 1 1 1 1 1 1 1 
5 5 10 11 11 16 24 24 88 88 25 11 11 12 25 25 27 27 31 17 17 12 15 15 24 24 15 24 24 8 7 7 6 6 3 1 1 0 1 1 1 1 1 1 1 1 
4 4 4 7 7 16 32 32 65 65 13 6 6 5 10 10 19 19 22 17 17 12 11 11 10 10 9 6 6 7 4 4 2 2 1 0 0 0 0 0 0 0 1 1 1 2 
2 2 2 5 5 9 18 18 18 18 4 2 2 3 5 5 20 20 25 15 15 9 6 6 5 5 3 2 2 2 1 1 0 0 0 0 0 0 0 0 0 0 1 0 0 1 
2 2 2 5 5 9 18 18 18 18 4 2 2 3 5 5 20 20 25 15 15 9 6 6 5 5 3 2 2 2 1 1 0 0 0 0 0 0 0 0 0 0 1 0 0 1 
1 1 1 1 1 1 3 3 4 4 1 6 6 7 4 4 6 6 9 8 8 7 2 2 1 1 1 1 1 1 1 1 0 0 0 0 0 0 0 0 1 1 1 0 0 0 
1 1 1 1 1 1 3 3 4 4 1 6 6 7 4 4 6 6 9 8 8 7 2 2 1 1 1 1 1 1 1 1 0 0 0 0 0 0 0 0 1 1 1 0 0 0 
0 0 0 0 0 0 1 1 1 1 0 5 5 18 2 2 5 5 5 6 6 5 3 3 1 1 1 1 1 1 1 1 0 0 0 0 0 0 1 1 1 1 1 0 0 0 
0 0 0 0 0 0 0 0 0 0 0 3 3 1 1 1 1 1 0 2 2 2 4 4 3 3 3 3 3 3 1 1 1 1 1 1 1 1 0 0 0 0 0 0 0 0 
0 0 0 0 0 0 0 0 0 0 0 3 3 1 1 1 1 1 0 2 2 2 4 4 3 3 3 3 3 3 1 1 1 1 1 1 1 1 0 0 0 0 0 0 0 0 
0 0 1 1 1 2 2 2 1 1 0 1 1 1 1 1 1 1 2 2 2 4 7 7 6 6 5 7 7 11 6 6 4 4 2 0 0 0 0 0 1 1 0 0 0 0 
0 0 0 1 1 2 2 2 2 2 1 1 1 2 2 2 3 3 1 2 2 6 8 8 17 17 18 19 19 20 14 14 9 9 3 0 0 0 0 0 1 1 0 0 0 0 
0 0 0 1 1 2 2 2 2 2 1 1 1 2 2 2 3 3 1 2 2 6 8 8 17 17 18 19 19 20 14 14 9 9 3 0 0 0 0 0 1 1 0 0 0 0 
0 0 0 4 4 5 4 4 3 3 3 5 5 5 1 1 4 4 14 4 4 14 16 16 29 29 24 23 23 21 20 20 18 18 5 1 1 0 0 0 0 0 0 0 0 1 
0 0 0 4 4 5 4 4 3 3 3 5 5 5 1 1 4 4 14 4 4 14 16 16 29 29 24 23 23 21 20 20 18 18 5 1 1 0 0 0 0 0 0 0 0 1 
0 0 0 3 3 5 4 4 3 3 2 5 5 5 6 6 5 5 8 15 15 13 11 11 6 6 8 9 9 7 5 5 4 4 2 2 2 2 3 3 4 4 4 3 3 3 
0 0 0 1 1 3 2 2 5 5 5 5 5 6 4 4 6 6 10 12 12 13 11 11 10 10 15 12 12 4 6 6 1 1 2 3 3 2 2 2 3 3 2 2 2 2 
0 0 0 1 1 3 2 2 5 5 5 5 5 6 4 4 6 6 10 12 12 13 11 11 10 10 15 12 12 4 6 6 1 1 2 3 3 2 2 2 3 3 2 2 2 2 
1 1 0 1 1 2 5 5 5 5 7 8 8 11 9 9 9 9 8 8 8 11 9 9 14 14 13 6 6 3 2 2 2 2 3 4 4 2 2 2 3 3 4 3 3 2 
2 2 1 0 0 0 0 0 1 1 1 2 2 2 1 1 2 2 2 3 3 3 3 3 5 5 9 11 11 12 9 9 6 6 5 4 4 4 3 3 4 4 3 1 1 1 
2 2 1 0 0 0 0 0 1 1 1 2 2 2 1 1 2 2 2 3 3 3 3 3 5 5 9 11 11 12 9 9 6 6 5 4 4 4 3 3 4 4 3 1 1 1 
1 1 1 1 1 0 1 1 1 1 1 1 1 1 1 1 0 0 0 1 1 2 6 6 5 5 5 7 7 8 9 9 5 5 4 3 3 3 2 2 2 2 1 1 1 1 
1 1 1 1 1 0 1 1 1 1 1 1 1 1 1 1 0 0 0 1 1 2 6 6 5 5 5 7 7 8 9 9 5 5 4 3 3 3 2 2 2 2 1 1 1 1 
0 0 1 1 1 1 1 1 1 1 1 0 0 2 5 5 7 7 6 3 3 2 3 3 3 3 7 4 4 2 2 2 3 3 5 3 3 2 1 1 2 2 1 0 0 0 
0 0 1 1 1 1 1 1 1 1 1 0 0 0 3 3 13 13 20 15 15 6 4 4 5 5 8 6 6 3 3 3 3 3 1 1 1 1 0 0 0 0 0 0 0 0 
0 0 1 1 1 1 1 1 1 1 1 0 0 0 3 3 13 13 20 15 15 6 4 4 5 5 8 6 6 3 3 3 3 3 1 1 1 1 0 0 0 0 0 0 0 0 
0 0 0 0 0 0 0 0 0 0 0 0 0 0 3 3 2 2 4 6 6 7 11 11 3 3 2 3 3 2 3 3 2 2 1 0 0 0 0 0 0 0 0 0 0 0 
0 0 0 0 0 1 0 0 0 0 0 0 0 0 0 0 1 1 1 1 1 1 1 1 1 1 2 0 0 1 2 2 1 1 0 0 0 0 0 0 0 0 0 0 0 0 
0 0 0 0 0 1 0 0 0 0 0 0 0 0 0 0 1 1 1 1 1 1 1 1 1 1 2 0 0 1 2 2 1 1 0 0 0 0 0 0 0 0 0 0 0 0 
1 1 1 1 1 1 1 1 1 1 1 1 1 1 0 0 0 0 0 1 1 0 0 0 0 0 0 0 0 0 0 0 0 0 0 0 0 0 0 0 0 0 0 0 0 0 
1 1 1 1 1 1 1 1 1 1 1 1 1 1 0 0 0 0 0 1 1 0 0 0 0 0 0 0 0 0 0 0 0 0 0 0 0 0 0 0 0 0 0 0 0 0 
1 1 2 2 2 3 3 3 2 2 3 3 3 3 3 3 2 2 0 0 0 0 0 0 0 0 0 0 0 0 0 0 0 0 0 0 0 0 0 0 1 1 1 1 1 1 
0 0 0 0 0 1 3 3 4 4 4 4 4 3 3 3 3 3 2 1 1 0 0 0 1 1 0 0 0 0 0 0 0 0 0 0 0 0 0 0 1 1 1 1 1 1 
0 0 0 0 0 1 3 3 4 4 4 4 4 3 3 3 3 3 2 1 1 0 0 0 1 1 0 0 0 0 0 0 0 0 0 0 0 0 0 0 1 1 1 1 1 1 
2 2 4 2 2 6 3 3 4 4 5 5 5 5 3 3 3 3 4 2 2 2 0 0 0 0 0 0 0 0 0 0 0 0 0 0 0 0 0 0 0 0 0 0 0 0 
2 2 4 2 2 7 5 5 6 6 9 9 9 9 7 7 6 6 4 3 3 1 1 1 0 0 1 0 0 0 0 0 0 0 0 0 0 0 0 0 0 0 0 0 0 0 
2 2 4 2 2 7 5 5 6 6 9 9 9 9 7 7 6 6 4 3 3 1 1 1 0 0 1 0 0 0 0 0 0 0 0 0 0 0 0 0 0 0 0 0 0 0 
1 1 2 3 3 5 9 9 10 10 10 11 11 10 9 9 9 9 8 4 4 1 1 1 0 0 1 0 0 0 0 0 0 0 0 0 0 0 0 0 0 0 0 0 0 0 
1 1 2 3 3 5 9 9 10 10 10 11 11 10 9 9 9 9 8 4 4 1 1 1 0 0 1 0 0 0 0 0 0 0 0 0 0 0 0 0 0 0 0 0 0 0 
1 1 2 3 3 3 8 8 8 8 8 9 9 11 13 13 14 14 13 10 10 5 1 1 1 1 1 0 0 0 0 0 0 0 1 0 0 0 0 0 0 0 0 0 0 0 
3 3 3 4 4 5 4 4 4 4 6 8 8 12 12 12 13 13 12 13 13 9 3 3 2 2 1 0 0 0 0 0 0 0 0 0 0 0 0 0 0 0 0 0 0 0 
3 3 3 4 4 5 4 4 4 4 6 8 8 12 12 12 13 13 12 13 13 9 3 3 2 2 1 0 0 0 0 0 0 0 0 0 0 0 0 0 0 0 0 0 0 0 
1 1 2 2 2 2 2 2 4 4 5 6 6 5 5 5 5 5 3 4 4 3 3 3 3 3 2 2 2 2 0 0 0 0 0 1 1 2 3 3 0 0 0 0 0 0 
0 0 0 1 1 1 1 1 2 2 1 1 1 1 1 1 4 4 3 3 3 2 3 3 2 2 2 3 3 1 0 0 0 0 0 0 0 0 0 0 0 0 0 0 0 0 
0 0 0 1 1 1 1 1 2 2 1 1 1 1 1 1 4 4 3 3 3 2 3 3 2 2 2 3 3 1 0 0 0 0 0 0 0 0 0 0 0 0 0 0 0 0 
0 0 0 0 0 0 0 0 0 0 0 0 0 0 0 0 1 1 4 4 4 2 3 3 2 2 2 1 1 1 2 2 0 0 1 1 1 1 1 1 1 1 1 1 1 0 
0 0 0 0 0 0 0 0 0 0 0 0 0 0 0 0 1 1 4 4 4 2 3 3 2 2 2 1 1 1 2 2 0 0 1 1 1 1 1 1 1 1 1 1 1 0 
0 0 0 0 0 0 0 0 0 0 0 0 0 0 1 1 1 1 3 8 8 6 8 8 7 7 8 7 7 1 0 0 1 1 1 0 0 0 0 0 0 0 0 0 0 0 
0 0 0 0 0 0 1 1 1 1 1 1 1 2 2 2 3 3 5 7 7 12 16 16 18 18 24 35 35 9 2 2 1 1 0 0 0 0 0 0 0 0 0 0 0 0 
0 0 0 0 0 0 1 1 1 1 1 1 1 2 2 2 3 3 5 7 7 12 16 16 18 18 24 35 35 9 2 2 1 1 0 0 0 0 0 0 0 0 0 0 0 0 
0 0 0 0 0 1 2 2 2 2 2 3 3 3 4 4 6 6 8 13 13 15 22 22 27 27 30 25 25 12 8 8 3 3 1 1 1 0 0 0 0 0 0 0 0 0 
0 0 0 1 1 1 2 2 2 2 4 4 4 5 5 5 6 6 7 10 10 9 13 13 17 17 26 19 19 12 15 15 12 12 6 2 2 1 0 0 1 1 0 0 0 0 
