assets/RAT_results/precipitation/2024-10-15_IMERG.asc
ncols        46
nrows        77
xllcorner    74.800261325624
yllcorner    8.058333333333
cellsize     0.062500000000
NODATA_value -9999
26 26 25 24 24 20 17 17 15 15 14 14 14 16 19 19 20 20 20 20 20 20 18 18 17 17 17 16 16 15 17 17 17 17 17 19 19 20 21 21 24 24 25 25 25 28 
26 26 24 24 24 20 17 17 15 15 14 14 14 16 17 17 19 19 18 18 18 17 15 15 17 17 16 13 13 13 15 15 14 14 15 15 15 17 18 18 23 23 24 23 23 23 
26 26 24 24 24 20 17 17 15 15 14 14 14 16 17 17 19 19 18 18 18 17 15 15 17 17 16 13 13 13 15 15 14 14 15 15 15 17 18 18 23 23 24 23 23 23 
26 26 24 23 23 21 20 20 19 19 18 18 18 18 18 18 18 18 17 17 17 14 13 13 13 13 12 9 9 10 11 11 11 11 12 12 12 14 15 15 19 19 22 23 23 23 
33 33 27 26 26 25 25 25 22 22 20 19 19 18 16 16 17 17 14 14 14 12 10 10 9 9 8 7 7 7 8 8 10 10 10 10 10 11 11 11 15 15 18 18 18 20 
33 33 27 26 26 25 25 25 22 22 20 19 19 18 16 16 17 17 14 14 14 12 10 10 9 9 8 7 7 7 8 8 10 10 10 10 10 11 11 11 15 15 18 18 18 20 
32 32 41 32 32 30 29 29 25 25 22 21 21 19 18 18 18 18 15 14 14 11 9 9 7 7 7 7 7 7 8 8 9 9 9 8 8 9 9 9 11 11 14 15 15 16 
32 32 41 32 32 30 29 29 25 25 22 21 21 19 18 18 18 18 15 14 14 11 9 9 7 7 7 7 7 7 8 8 9 9 9 8 8 9 9 9 11 11 14 15 15 16 
32 32 40 31 31 30 31 31 29 29 26 24 24 23 21 21 21 21 17 14 14 10 8 8 7 7 7 6 6 6 6 6 8 8 7 7 7 8 9 9 10 10 11 12 12 13 
30 30 29 26 26 27 28 28 28 28 25 25 25 23 21 21 21 21 18 14 14 11 9 9 7 7 7 5 5 5 4 4 5 5 5 5 5 6 7 7 8 8 8 8 8 9 
30 30 29 26 26 27 28 28 28 28 25 25 25 23 21 21 21 21 18 14 14 11 9 9 7 7 7 5 5 5 4 4 5 5 5 5 5 6 7 7 8 8 8 8 8 9 
23 23 24 30 30 22 24 24 25 25 24 22 22 20 17 17 17 17 16 13 13 11 8 8 6 6 6 5 5 4 4 4 4 4 4 4 4 4 4 4 5 5 5 5 5 6 
22 22 24 24 24 21 22 22 23 23 25 25 25 22 18 18 18 18 15 13 13 11 8 8 7 7 4 4 4 4 4 4 4 4 4 3 3 4 4 4 4 4 4 4 4 5 
22 22 24 24 24 21 22 22 23 23 25 25 25 22 18 18 18 18 15 13 13 11 8 8 7 7 4 4 4 4 4 4 4 4 4 3 3 4 4 4 4 4 4 4 4 5 
23 23 22 23 23 20 19 19 21 21 22 21 21 19 18 18 15 15 12 10 10 9 8 8 7 7 4 4 4 4 4 4 4 4 4 3 3 4 4 4 4 4 3 3 3 4 
23 23 22 23 23 20 19 19 21 21 22 21 21 19 18 18 15 15 12 10 10 9 8 8 7 7 4 4 4 4 4 4 4 4 4 3 3 4 4 4 4 4 3 3 3 4 
18 18 19 17 17 14 14 14 16 16 15 16 16 15 13 13 11 11 9 8 8 8 8 8 8 8 6 4 4 4 4 4 4 4 4 3 3 3 2 2 2 2 2 2 2 3 
18 18 17 12 12 11 10 10 13 13 13 14 14 15 16 16 16 16 17 16 16 16 16 16 16 16 16 12 12 8 6 6 4 4 4 4 4 3 3 3 3 3 4 4 4 6 
18 18 17 12 12 11 10 10 13 13 13 14 14 15 16 16 16 16 17 16 16 16 16 16 16 16 16 12 12 8 6 6 4 4 4 4 4 3 3 3 3 3 4 4 4 6 
23 23 21 20 20 14 12 12 13 13 16 13 13 16 18 18 19 19 19 20 20 21 18 18 19 19 17 16 16 12 10 10 8 8 6 5 5 5 4 4 4 4 5 7 7 9 
19 19 22 22 22 14 14 14 16 16 16 12 12 14 17 17 16 16 17 18 18 20 20 20 21 21 20 17 17 17 14 14 11 11 9 9 9 9 10 10 9 9 9 9 9 8 
19 19 22 22 22 14 14 14 16 16 16 12 12 14 17 17 16 16 17 18 18 20 20 20 21 21 20 17 17 17 14 14 11 11 9 9 9 9 10 10 9 9 9 9 9 8 
13 13 14 17 17 21 18 18 19 19 19 18 18 9 11 11 12 12 14 16 16 19 19 19 20 20 21 20 20 19 20 20 19 19 17 15 15 15 13 13 12 12 12 11 11 10 
13 13 14 17 17 21 18 18 19 19 19 18 18 9 11 11 12 12 14 16 16 19 19 19 20 20 21 20 20 19 20 20 19 19 17 15 15 15 13 13 12 12 12 11 11 10 
11 11 16 25 25 22 20 20 21 21 22 21 21 10 10 10 11 11 12 13 13 14 13 13 15 15 17 14 14 14 15 15 15 15 13 13 13 13 13 13 14 14 13 11 11 11 
10 10 16 16 16 19 18 18 19 19 20 17 17 17 10 10 10 10 11 12 12 12 13 13 14 14 17 15 15 14 13 13 13 13 12 12 12 13 13 13 11 11 11 11 11 11 
10 10 16 16 16 19 18 18 19 19 20 17 17 17 10 10 10 10 11 12 12 12 13 13 14 14 17 15 15 14 13 13 13 13 12 12 12 13 13 13 11 11 11 11 11 11 
12 12 14 14 14 17 19 19 19 19 20 15 15 12 11 11 11 11 10 9 9 13 12 12 12 12 15 14 14 10 9 9 8 8 8 9 9 12 13 13 14 14 14 13 13 13 
8 8 7 6 6 10 14 14 16 16 16 14 14 9 8 8 11 11 11 10 10 13 10 10 10 10 12 9 9 7 7 7 9 9 9 12 12 14 16 16 14 14 13 12 12 11 
8 8 7 6 6 10 14 14 16 16 16 14 14 9 8 8 11 11 11 10 10 13 10 10 10 10 12 9 9 7 7 7 9 9 9 12 12 14 16 16 14 14 13 12 12 11 
7 7 4 5 5 7 9 9 11 11 12 11 11 10 7 7 9 9 9 11 11 12 8 8 7 7 9 5 5 7 9 9 11 11 11 13 13 12 11 11 9 9 7 6 6 5 
7 7 4 5 5 7 9 9 11 11 12 11 11 10 7 7 9 9 9 11 11 12 8 8 7 7 9 5 5 7 9 9 11 11 11 13 13 12 11 11 9 9 7 6 6 5 
6 6 4 4 4 7 7 7 9 9 8 8 8 9 9 9 9 9 13 14 14 12 10 10 7 7 6 6 6 9 11 11 11 11 9 7 7 7 6 6 5 5 4 3 3 2 
4 4 3 4 4 4 6 6 6 6 7 6 6 8 6 6 6 6 8 11 11 9 9 9 8 8 8 10 10 12 10 10 8 8 5 4 4 3 3 3 3 3 2 1 1 2 
4 4 3 4 4 4 6 6 6 6 7 6 6 8 6 6 6 6 8 11 11 9 9 9 8 8 8 10 10 12 10 10 8 8 5 4 4 3 3 3 3 3 2 1 1 2 
4 4 3 4 4 4 5 5 6 6 7 7 7 9 8 8 7 7 7 8 8 10 11 11 9 9 8 7 7 7 5 5 4 4 2 2 2 2 2 2 2 2 2 1 1 1 
4 4 4 4 4 5 7 7 8 8 9 9 9 11 11 11 10 10 12 11 11 12 12 12 10 10 6 7 7 4 3 3 3 3 2 2 2 2 2 2 3 3 4 3 3 3 
4 4 4 4 4 5 7 7 8 8 9 9 9 11 11 11 10 10 12 11 11 12 12 12 10 10 6 7 7 4 3 3 3 3 2 2 2 2 2 2 3 3 4 3 3 3 
4 4 4 5 5 7 9 9 11 11 12 12 12 13 13 13 10 10 11 11 11 11 10 10 9 9 7 5 5 5 5 5 5 5 6 5 5 4 4 4 6 6 8 7 7 4 
4 4 4 5 5 7 9 9 11 11 12 12 12 13 13 13 10 10 11 11 11 11 10 10 9 9 7 5 5 5 5 5 5 5 6 5 5 4 4 4 6 6 8 7 7 4 
2 2 4 6 6 7 10 10 14 14 16 15 15 14 15 15 14 14 14 15 15 15 12 12 9 9 7 6 6 7 8 8 8 8 10 9 9 9 9 9 9 9 8 6 6 4 
2 2 4 6 6 6 9 9 11 11 12 12 12 12 12 12 10 10 10 9 9 9 10 10 9 9 9 9 9 7 9 9 10 10 13 11 11 10 9 9 8 8 6 5 5 6 
2 2 4 6 6 6 9 9 11 11 12 12 12 12 12 12 10 10 10 9 9 9 10 10 9 9 9 9 9 7 9 9 10 10 13 11 11 10 9 9 8 8 6 5 5 6 
4 4 5 5 5 5 6 6 9 9 9 10 10 7 6 6 6 6 6 5 5 6 8 8 9 9 8 7 7 6 8 8 8 8 10 9 9 8 7 7 7 7 6 5 5 6 
6 6 5 5 5 5 7 7 8 8 6 5 5 3 3 3 3 3 4 5 5 6 9 9 8 8 9 7 7 7 9 9 6 6 7 7 7 7 7 7 7 7 5 5 5 5 
6 6 5 5 5 5 7 7 8 8 6 5 5 3 3 3 3 3 4 5 5 6 9 9 8 8 9 7 7 7 9 9 6 6 7 7 7 7 7 7 7 7 5 5 5 5 
3 3 4 7 7 7 7 7 10 10 9 7 7 3 3 3 3 3 4 4 4 5 6 6 7 7 8 7 7 6 5 5 4 4 6 9 9 6 6 6 5 5 3 2 2 2 
3 3 4 7 7 7 7 7 10 10 9 7 7 3 3 3 3 3 4 4 4 5 6 6 7 7 8 7 7 6 5 5 4 4 6 9 9 6 6 6 5 5 3 2 2 2 
5 5 6 6 6 7 7 7 10 10 10 10 10 7 4 4 6 6 5 6 6 9 11 11 5 5 5 5 5 5 5 5 6 6 6 8 8 7 5 5 3 3 2 1 1 1 
6 6 6 7 7 7 8 8 9 9 11 11 11 11 10 10 8 8 9 8 8 9 11 11 5 5 5 5 5 7 8 8 8 8 6 6 6 4 3 3 2 2 1 0 0 0 
6 6 6 7 7 7 8 8 9 9 11 11 11 11 10 10 8 8 9 8 8 9 11 11 5 5 5 5 5 7 8 8 8 8 6 6 6 4 3 3 2 2 1 0 0 0 
2 2 4 4 4 5 9 9 10 10 11 14 14 23 16 16 13 13 7 4 4 4 5 5 5 5 6 5 5 6 6 6 6 6 4 4 4 2 1 1 1 1 1 0 0 0 
2 2 2 2 2 4 5 5 9 9 8 9 9 5 7 7 4 4 5 5 5 4 4 4 3 3 3 4 4 3 4 4 3 3 2 2 2 1 0 0 0 0 0 0 0 0 
2 2 2 2 2 4 5 5 9 9 8 9 9 5 7 7 4 4 5 5 5 4 4 4 3 3 3 4 4 3 4 4 3 3 2 2 2 1 0 0 0 0 0 0 0 0 
1 1 1 2 2 3 2 2 4 4 3 5 5 3 2 2 5 5 7 7 7 8 6 6 2 2 2 2 2 2 2 2 2 2 1 1 1 1 1 1 0 0 1 0 0 0 
1 1 1 2 2 3 2 2 4 4 3 5 5 3 2 2 5 5 7 7 7 8 6 6 2 2 2 2 2 2 2 2 2 2 1 1 1 1 1 1 0 0 1 0 0 0 
1 1 1 2 2 2 2 2 2 2 2 2 2 2 2 2 3 3 3 5 5 3 2 2 3 3 3 3 3 4 2 2 3 3 1 1 1 2 1 1 1 1 1 0 0 0 
1 1 1 1 1 3 2 2 1 1 2 2 2 2 3 3 4 4 5 4 4 5 5 5 2 2 3 3 3 4 3 3 4 4 4 2 2 2 1 1 1 1 1 1 1 1 
1 1 1 1 1 3 2 2 1 1 2 2 2 2 3 3 4 4 5 4 4 5 5 5 2 2 3 3 3 4 3 3 4 4 4 2 2 2 1 1 1 1 1 1 1 1 
3 3 3 3 3 3 3 3 3 3 3 2 2 3 3 3 3 3 3 3 3 2 2 2 1 1 1 1 1 3 6 6 7 7 7 4 4 3 2 2 2 2 1 0 0 0 
2 2 2 2 2 2 2 2 2 2 2 2 2 2 1 1 1 1 1 1 1 1 1 1 1 1 1 2 2 4 5 5 7 7 7 6 6 4 3 3 2 2 1 0 0 0 
2 2 2 2 2 2 2 2 2 2 2 2 2 2 1 1 1 1 1 1 1 1 1 1 1 1 1 2 2 4 5 5 7 7 7 6 6 4 3 3 2 2 1 0 0 0 
1 1 2 2 2 1 1 1 2 2 2 2 2 2 1 1 2 2 1 1 1 1 1 1 1 1 1 3 3 5 5 5 6 6 6 5 5 5 3 3 2 2 1 0 0 0 
1 1 2 2 2 1 1 1 2 2 2 2 2 2 1 1 2 2 1 1 1 1 1 1 1 1 1 3 3 5 5 5 6 6 6 5 5 5 3 3 2 2 1 0 0 0 
1 1 1 1 1 1 1 1 1 1 1 1 1 2 1 1 2 2 1 1 1 1 1 1 1 1 0 0 0 3 4 4 3 3 4 4 4 3 3 3 2 2 1 1 1 0 
0 0 0 0 0 1 1 1 1 1 1 1 1 1 1 1 1 1 1 1 1 1 1 1 1 1 0 0 0 1 4 4 2 2 2 3 3 2 2 2 2 2 1 0 0 0 
0 0 0 0 0 1 1 1 1 1 1 1 1 1 1 1 1 1 1 1 1 1 1 1 1 1 0 0 0 1 4 4 2 2 2 3 3 2 2 2 2 2 1 0 0 0 
0 0 0 0 0 0 0 0 0 0 0 0 0 0 1 1 1 1 2 2 2 1 1 1 1 1 0 0 0 0 3 3 3 3 2 2 2 2 1 1 1 1 1 0 0 1 
0 0 0 0 0 0 0 0 0 0 0 0 0 0 1 1 1 1 1 1 1 1 0 0 0 0 0 0 0 0 1 1 4 4 5 3 3 2 2 2 2 2 2 2 2 2 
0 0 0 0 0 0 0 0 0 0 0 0 0 0 1 1 1 1 1 1 1 1 0 0 0 0 0 0 0 0 1 1 4 4 5 3 3 2 2 2 2 2 2 2 2 2 
0 0 0 0 0 1 1 1 0 0 1 0 0 1 2 2 2 2 4 4 4 6 3 3 1 1 0 0 0 0 1 1 2 2 3 3 3 3 4 4 3 3 3 2 2 2 
0 0 0 0 0 1 1 1 0 0 1 0 0 1 2 2 2 2 4 4 4 6 3 3 1 1 0 0 0 0 1 1 2 2 3 3 3 3 4 4 3 3 3 2 2 2 
0 0 1 1 1 2 1 1 2 2 2 3 3 4 5 5 7 7 9 7 7 6 4 4 2 2 2 2 2 1 1 1 1 1 2 2 2 3 4 4 3 3 2 2 2 2 
0 0 2 1 1 3 3 3 1 1 1 3 3 4 6 6 8 8 8 7 7 5 2 2 2 2 2 1 1 1 0 0 0 0 0 1 1 5 3 3 3 3 2 1 1 1 
0 0 2 1 1 3 3 3 1 1 1 3 3 4 6 6 8 8 8 7 7 5 2 2 2 2 2 1 1 1 0 0 0 0 0 1 1 5 3 3 3 3 2 1 1 1 
1 1 2 3 3 3 3 3 3 3 2 1 1 1 5 5 5 5 5 3 3 6 4 4 6 6 5 5 5 4 4 4 2 2 1 1 1 2 1 1 2 2 1 1 1 1 
2 2 2 4 4 3 3 3 3 3 3 1 1 2 4 4 3 3 2 1 1 2 2 2 3 3 3 3 3 4 4 4 2 2 2 1 1 2 1 1 2 2 4 2 2 2 
