assets/RAT_results/precipitation/2024-09-29_IMERG.asc
ncols        46
nrows        77
xllcorner    74.800261325624
yllcorner    8.058333333333
cellsize     0.062500000000
NODATA_value -9999
11 11 8 8 8 8 9 9 8 8 5 6 6 6 5 5 6 6 6 6 6 5 3 3 2 2 1 1 1 0 0 0 0 0 0 1 1 1 1 1 1 1 0 0 0 0 
6 6 5 4 4 4 5 5 10 10 10 5 5 5 6 6 6 6 6 6 6 4 2 2 1 1 0 0 0 0 0 0 0 0 1 1 1 1 1 1 0 0 0 0 0 0 
6 6 5 4 4 4 5 5 10 10 10 5 5 5 6 6 6 6 6 6 6 4 2 2 1 1 0 0 0 0 0 0 0 0 1 1 1 1 1 1 0 0 0 0 0 0 
8 8 7 9 9 14 8 8 10 10 11 7 7 8 9 9 10 10 9 7 7 4 3 3 2 2 0 0 0 0 1 1 1 1 1 1 1 1 1 1 2 2 2 3 3 3 
6 6 8 10 10 15 7 7 7 7 7 10 10 13 15 15 17 17 14 12 12 7 5 5 3 3 2 1 1 1 2 2 2 2 2 1 1 1 1 1 1 1 2 2 2 2 
6 6 8 10 10 15 7 7 7 7 7 10 10 13 15 15 17 17 14 12 12 7 5 5 3 3 2 1 1 1 2 2 2 2 2 1 1 1 1 1 1 1 2 2 2 2 
3 3 5 8 8 5 6 6 7 7 8 10 10 18 14 14 14 14 14 13 13 10 8 8 6 6 4 4 4 2 2 2 1 1 0 0 0 0 0 0 0 0 1 1 1 0 
3 3 5 8 8 5 6 6 7 7 8 10 10 18 14 14 14 14 14 13 13 10 8 8 6 6 4 4 4 2 2 2 1 1 0 0 0 0 0 0 0 0 1 1 1 0 
5 5 9 12 12 13 11 11 13 13 15 17 17 17 17 17 16 16 17 15 15 15 12 12 9 9 8 6 6 4 4 4 1 1 0 0 0 0 0 0 0 0 0 0 0 0 
8 8 8 14 14 15 14 14 20 20 19 15 15 15 15 15 17 17 15 14 14 13 14 14 8 8 6 6 6 3 1 1 1 1 0 0 0 0 0 0 0 0 0 0 0 0 
8 8 8 14 14 15 14 14 20 20 19 15 15 15 15 15 17 17 15 14 14 13 14 14 8 8 6 6 6 3 1 1 1 1 0 0 0 0 0 0 0 0 0 0 0 0 
8 8 10 11 11 12 15 15 18 18 15 13 13 14 14 14 14 14 14 14 14 17 15 15 9 9 6 4 4 2 1 1 0 0 0 0 0 0 0 0 0 0 0 0 0 0 
8 8 10 9 9 13 17 17 17 17 15 11 11 12 14 14 15 15 16 17 17 21 16 16 10 10 4 2 2 0 0 0 0 0 0 0 0 0 0 0 0 0 0 0 0 0 
8 8 10 9 9 13 17 17 17 17 15 11 11 12 14 14 15 15 16 17 17 21 16 16 10 10 4 2 2 0 0 0 0 0 0 0 0 0 0 0 0 0 0 0 0 0 
4 4 6 8 8 8 17 17 18 18 16 17 17 15 15 15 11 11 7 5 5 6 4 4 3 3 2 1 1 0 0 0 1 1 1 1 1 1 0 0 0 0 0 0 0 0 
4 4 6 8 8 8 17 17 18 18 16 17 17 15 15 15 11 11 7 5 5 6 4 4 3 3 2 1 1 0 0 0 1 1 1 1 1 1 0 0 0 0 0 0 0 0 
5 5 7 8 8 11 18 18 24 24 21 20 20 21 18 18 13 13 5 4 4 4 3 3 0 0 1 1 1 0 1 1 1 1 1 0 0 0 0 0 0 0 0 0 0 0 
5 5 6 7 7 9 11 11 19 19 23 21 21 16 15 15 11 11 7 4 4 3 2 2 0 0 0 1 1 1 1 1 1 1 1 0 0 0 0 0 0 0 0 0 0 0 
5 5 6 7 7 9 11 11 19 19 23 21 21 16 15 15 11 11 7 4 4 3 2 2 0 0 0 1 1 1 1 1 1 1 1 0 0 0 0 0 0 0 0 0 0 0 
5 5 5 6 6 9 11 11 13 13 18 27 27 20 18 18 13 13 10 5 5 1 1 1 2 2 3 3 3 4 2 2 1 1 1 0 0 0 1 1 1 1 1 0 0 0 
5 5 6 6 6 7 7 7 8 8 9 20 20 22 21 21 16 16 12 8 8 5 5 5 9 9 11 13 13 13 12 12 8 8 7 5 5 6 3 3 3 3 2 1 1 1 
5 5 6 6 6 7 7 7 8 8 9 20 20 22 21 21 16 16 12 8 8 5 5 5 9 9 11 13 13 13 12 12 8 8 7 5 5 6 3 3 3 3 2 1 1 1 
5 5 6 6 6 7 6 6 6 6 6 8 8 14 13 13 11 11 11 10 10 6 5 5 7 7 11 17 17 24 22 22 20 20 16 14 14 9 2 2 0 0 0 0 0 0 
5 5 6 6 6 7 6 6 6 6 6 8 8 14 13 13 11 11 11 10 10 6 5 5 7 7 11 17 17 24 22 22 20 20 16 14 14 9 2 2 0 0 0 0 0 0 
5 5 5 5 5 4 4 4 4 4 4 4 4 9 7 7 6 6 6 6 6 12 13 13 18 18 22 25 25 28 28 28 23 23 15 10 10 4 1 1 0 0 0 0 0 0 
5 5 4 4 4 3 3 3 3 3 3 3 3 4 7 7 6 6 5 5 5 4 4 4 4 4 5 8 8 9 9 9 4 4 2 1 1 0 0 0 0 0 0 0 0 0 
5 5 4 4 4 3 3 3 3 3 3 3 3 4 7 7 6 6 5 5 5 4 4 4 4 4 5 8 8 9 9 9 4 4 2 1 1 0 0 0 0 0 0 0 0 0 
7 7 5 4 4 3 2 2 2 2 2 1 1 2 2 2 4 4 3 4 4 6 7 7 5 5 4 6 6 7 6 6 4 4 2 1 1 1 0 0 0 0 0 0 0 0 
6 6 5 5 5 4 2 2 1 1 3 5 5 4 4 4 6 6 6 8 8 8 8 8 5 5 2 3 3 2 2 2 4 4 4 3 3 3 3 3 1 1 0 0 0 0 
6 6 5 5 5 4 2 2 1 1 3 5 5 4 4 4 6 6 6 8 8 8 8 8 5 5 2 3 3 2 2 2 4 4 4 3 3 3 3 3 1 1 0 0 0 0 
4 4 5 5 5 4 3 3 2 2 4 5 5 5 6 6 7 7 8 7 7 7 7 7 7 7 5 3 3 1 0 0 0 0 0 0 0 0 0 0 0 0 0 0 0 0 
4 4 5 5 5 4 3 3 2 2 4 5 5 5 6 6 7 7 8 7 7 7 7 7 7 7 5 3 3 1 0 0 0 0 0 0 0 0 0 0 0 0 0 0 0 0 
5 5 6 5 5 4 4 4 3 3 3 4 4 5 7 7 8 8 8 9 9 11 12 12 14 14 13 11 11 7 4 4 1 1 0 0 0 0 0 0 0 0 0 0 0 0 
8 8 8 8 8 6 5 5 4 4 4 5 5 7 9 9 11 11 10 11 11 13 13 13 15 15 14 11 11 9 7 7 3 3 1 0 0 0 0 0 0 0 0 0 0 0 
8 8 8 8 8 6 5 5 4 4 4 5 5 7 9 9 11 11 10 11 11 13 13 13 15 15 14 11 11 9 7 7 3 3 1 0 0 0 0 0 0 0 0 0 0 0 
10 10 9 8 8 8 8 8 7 7 10 13 13 15 17 17 18 18 16 18 18 22 23 23 23 23 23 17 17 15 12 12 6 6 4 3 3 3 2 2 2 2 2 1 1 0 
10 10 8 9 9 10 10 10 12 12 13 14 14 15 17 17 18 18 24 19 19 21 21 21 20 20 18 15 15 11 8 8 6 6 7 7 7 8 8 8 8 8 6 4 4 3 
10 10 8 9 9 10 10 10 12 12 13 14 14 15 17 17 18 18 24 19 19 21 21 21 20 20 18 15 15 11 8 8 6 6 7 7 7 8 8 8 8 8 6 4 4 3 
5 5 6 8 8 8 10 10 12 12 15 17 17 18 20 20 22 22 25 24 24 24 23 23 21 21 20 15 15 10 7 7 6 6 6 7 7 9 9 9 14 14 8 6 6 4 
5 5 6 8 8 8 10 10 12 12 15 17 17 18 20 20 22 22 25 24 24 24 23 23 21 21 20 15 15 10 7 7 6 6 6 7 7 9 9 9 14 14 8 6 6 4 
5 5 6 7 7 8 13 13 16 16 18 20 20 28 29 29 25 25 32 34 34 35 27 27 25 25 23 19 19 13 11 11 8 8 7 5 5 6 7 7 7 7 6 5 5 4 
4 4 5 9 9 14 20 20 24 24 27 30 30 32 33 33 35 35 40 50 50 40 35 35 27 27 39 24 24 18 12 12 10 10 9 6 6 6 6 6 5 5 5 5 5 4 
4 4 5 9 9 14 20 20 24 24 27 30 30 32 33 33 35 35 40 50 50 40 35 35 27 27 39 24 24 18 12 12 10 10 9 6 6 6 6 6 5 5 5 5 5 4 
3 3 4 5 5 9 13 13 14 14 14 17 17 19 19 19 21 21 21 22 22 24 20 20 20 20 19 16 16 12 8 8 5 5 4 3 3 3 4 4 5 5 5 6 6 5 
3 3 4 5 5 9 12 12 14 14 16 19 19 20 21 21 23 23 24 26 26 28 26 26 24 24 23 19 19 15 8 8 5 5 4 3 3 3 3 3 3 3 3 3 3 3 
3 3 4 5 5 9 12 12 14 14 16 19 19 20 21 21 23 23 24 26 26 28 26 26 24 24 23 19 19 15 8 8 5 5 4 3 3 3 3 3 3 3 3 3 3 3 
3 3 4 5 5 6 9 9 11 11 13 16 16 17 18 18 20 20 20 22 22 22 25 25 23 23 24 19 19 15 10 10 7 7 6 5 5 3 2 2 2 2 1 2 2 2 
3 3 4 5 5 6 9 9 11 11 13 16 16 17 18 18 20 20 20 22 22 22 25 25 23 23 24 19 19 15 10 10 7 7 6 5 5 3 2 2 2 2 1 2 2 2 
3 3 4 4 4 6 9 9 22 22 34 33 33 47 39 39 49 49 50 50 50 50 59 59 47 47 52 27 27 21 14 14 8 8 6 4 4 3 2 2 2 2 1 0 0 0 
3 3 4 5 5 7 10 10 17 17 25 26 26 48 43 43 45 45 46 46 46 50 57 57 45 45 49 33 33 34 14 14 7 7 5 4 4 4 3 3 2 2 1 0 0 0 
3 3 4 5 5 7 10 10 17 17 25 26 26 48 43 43 45 45 46 46 46 50 57 57 45 45 49 33 33 34 14 14 7 7 5 4 4 4 3 3 2 2 1 0 0 0 
3 3 3 4 4 5 8 8 9 9 12 14 14 17 19 19 20 20 21 22 22 18 22 22 23 23 21 19 19 15 10 10 7 7 5 4 4 4 4 4 2 2 1 0 0 0 
3 3 3 4 4 5 7 7 7 7 10 13 13 16 18 18 18 18 20 21 21 18 14 14 22 22 24 22 22 16 12 12 10 10 8 7 7 7 5 5 3 3 1 1 1 0 
3 3 3 4 4 5 7 7 7 7 10 13 13 16 18 18 18 18 20 21 21 18 14 14 22 22 24 22 22 16 12 12 10 10 8 7 7 7 5 5 3 3 1 1 1 0 
2 2 3 4 4 5 5 5 5 5 6 7 7 8 9 9 10 10 12 13 13 12 13 13 26 26 29 30 30 25 20 20 14 14 14 10 10 9 6 6 4 4 1 1 1 0 
2 2 3 4 4 5 5 5 5 5 6 7 7 8 9 9 10 10 12 13 13 12 13 13 26 26 29 30 30 25 20 20 14 14 14 10 10 9 6 6 4 4 1 1 1 0 
1 1 2 3 3 5 6 6 6 6 8 10 10 10 11 11 12 12 13 13 13 14 14 14 27 27 31 33 33 28 26 26 19 19 17 13 13 8 6 6 5 5 2 0 0 0 
0 0 1 3 3 4 5 5 7 7 8 12 12 13 13 13 14 14 16 17 17 17 14 14 19 19 32 35 35 35 29 29 24 24 22 19 19 14 11 11 8 8 4 1 1 0 
0 0 1 3 3 4 5 5 7 7 8 12 12 13 13 13 14 14 16 17 17 17 14 14 19 19 32 35 35 35 29 29 24 24 22 19 19 14 11 11 8 8 4 1 1 0 
0 0 1 3 3 3 4 4 6 6 7 11 11 14 15 15 17 17 20 23 23 23 18 18 19 19 41 43 43 46 40 40 31 31 31 31 31 25 20 20 16 16 10 5 5 2 
1 1 2 2 2 2 4 4 5 5 6 11 11 15 17 17 19 19 20 22 22 24 20 20 20 20 27 44 44 51 45 45 35 35 38 37 37 36 31 31 27 27 21 16 16 12 
1 1 2 2 2 2 4 4 5 5 6 11 11 15 17 17 19 19 20 22 22 24 20 20 20 20 27 44 44 51 45 45 35 35 38 37 37 36 31 31 27 27 21 16 16 12 
2 2 2 2 2 3 4 4 4 4 6 10 10 13 16 16 21 21 21 21 21 21 17 17 17 17 16 47 47 52 51 51 45 45 40 41 41 41 35 35 30 30 26 20 20 16 
2 2 2 2 2 3 4 4 4 4 6 10 10 13 16 16 21 21 21 21 21 21 17 17 17 17 16 47 47 52 51 51 45 45 40 41 41 41 35 35 30 30 26 20 20 16 
2 2 2 3 3 3 4 4 4 4 5 9 9 12 15 15 19 19 20 20 20 20 21 21 17 17 19 26 26 61 44 44 44 44 39 40 40 36 29 29 28 28 24 17 17 13 
5 5 4 4 4 3 4 4 4 4 5 8 8 9 13 13 15 15 17 18 18 19 19 19 18 18 16 18 18 46 44 44 50 50 39 29 29 27 25 25 26 26 24 19 19 17 
5 5 4 4 4 3 4 4 4 4 5 8 8 9 13 13 15 15 17 18 18 19 19 19 18 18 16 18 18 46 44 44 50 50 39 29 29 27 25 25 26 26 24 19 19 17 
6 6 5 7 7 6 4 4 3 3 4 6 6 8 11 11 12 12 12 14 14 15 15 15 15 15 14 15 15 22 39 39 33 33 30 29 29 30 28 28 31 31 29 22 22 21 
4 4 4 4 4 4 3 3 3 3 4 6 6 9 10 10 12 12 12 14 14 15 13 13 13 13 13 13 13 14 18 18 30 30 32 35 35 31 28 28 24 24 28 21 21 21 
4 4 4 4 4 4 3 3 3 3 4 6 6 9 10 10 12 12 12 14 14 15 13 13 13 13 13 13 13 14 18 18 30 30 32 35 35 31 28 28 24 24 28 21 21 21 
5 5 4 3 3 3 3 3 4 4 4 5 5 7 8 8 10 10 10 12 12 11 12 12 12 12 14 14 14 14 13 13 16 16 26 27 27 26 27 27 28 28 29 28 28 32 
5 5 4 3 3 3 3 3 4 4 4 5 5 7 8 8 10 10 10 12 12 11 12 12 12 12 14 14 14 14 13 13 16 16 26 27 27 26 27 27 28 28 29 28 28 32 
4 4 3 3 3 3 3 3 3 3 3 4 4 4 6 6 8 8 10 12 12 14 15 15 18 18 19 22 22 24 21 21 21 21 28 25 25 26 27 27 29 29 28 28 28 31 
3 3 3 2 2 3 2 2 2 2 2 2 2 3 4 4 6 6 7 10 10 11 13 13 16 16 17 19 19 19 18 18 19 19 15 23 23 25 25 25 26 26 27 23 23 24 
3 3 3 2 2 3 2 2 2 2 2 2 2 3 4 4 6 6 7 10 10 11 13 13 16 16 17 19 19 19 18 18 19 19 15 23 23 25 25 25 26 26 27 23 23 24 
3 3 2 2 2 2 2 2 2 2 2 2 2 2 3 3 4 4 5 8 8 11 12 12 14 14 16 19 19 19 19 19 23 23 20 24 24 30 29 29 30 30 30 25 25 28 
3 3 2 2 2 3 2 2 2 2 1 2 2 2 2 2 3 3 3 5 5 6 7 7 8 8 12 17 17 18 17 17 18 18 25 23 23 24 23 23 42 42 36 34 34 33 
