assets/RAT_results/precipitation/2024-11-30_IMERG.asc
ncols        46
nrows        77
xllcorner    74.800261325624
yllcorner    8.058333333333
cellsize     0.062500000000
NODATA_value -9999
0 0 0 0 0 0 1 1 1 1 1 1 1 1 2 2 2 2 4 5 5 5 4 4 2 2 1 1 1 2 3 3 3 3 4 6 6 7 9 9 12 12 13 15 15 18 
0 0 0 0 0 0 0 0 3 3 2 2 2 2 1 1 2 2 5 5 5 6 5 5 4 4 2 1 1 2 4 4 4 4 5 6 6 7 10 10 13 13 14 17 17 19 
0 0 0 0 0 0 0 0 3 3 2 2 2 2 1 1 2 2 5 5 5 6 5 5 4 4 2 1 1 2 4 4 4 4 5 6 6 7 10 10 13 13 14 17 17 19 
0 0 0 0 0 0 0 0 1 1 1 1 1 0 0 0 1 1 2 1 1 2 2 2 2 2 2 2 2 2 4 4 5 5 7 8 8 10 12 12 14 14 16 18 18 20 
0 0 0 0 0 0 0 0 0 0 1 0 0 0 0 0 0 0 0 0 0 0 1 1 1 1 2 3 3 4 5 5 7 7 8 9 9 11 15 15 18 18 19 20 20 22 
0 0 0 0 0 0 0 0 0 0 1 0 0 0 0 0 0 0 0 0 0 0 1 1 1 1 2 3 3 4 5 5 7 7 8 9 9 11 15 15 18 18 19 20 20 22 
0 0 0 0 0 0 0 0 1 1 1 1 1 0 0 0 0 0 0 0 0 0 0 0 1 1 2 2 2 4 5 5 8 8 9 10 10 12 15 15 19 19 25 25 25 23 
0 0 0 0 0 0 0 0 1 1 1 1 1 0 0 0 0 0 0 0 0 0 0 0 1 1 2 2 2 4 5 5 8 8 9 10 10 12 15 15 19 19 25 25 25 23 
0 0 0 0 0 0 0 0 0 0 0 1 1 0 0 0 0 0 0 0 0 0 0 0 1 1 2 2 2 5 8 8 10 10 11 14 14 14 17 17 21 21 25 27 27 29 
0 0 0 0 0 1 1 1 0 0 0 1 1 0 0 0 0 0 0 0 0 0 0 0 1 1 1 1 1 3 5 5 6 6 9 12 12 15 20 20 24 24 28 29 29 31 
0 0 0 0 0 1 1 1 0 0 0 1 1 0 0 0 0 0 0 0 0 0 0 0 1 1 1 1 1 3 5 5 6 6 9 12 12 15 20 20 24 24 28 29 29 31 
0 0 0 0 0 0 0 0 0 0 0 0 0 0 1 1 1 1 0 1 1 1 1 1 1 1 1 1 1 2 3 3 6 6 9 12 12 16 19 19 21 21 25 26 26 31 
0 0 0 0 0 1 1 1 1 1 0 0 0 0 0 0 0 0 1 1 1 1 1 1 2 2 1 1 1 2 3 3 5 5 8 11 11 14 19 19 23 23 28 32 32 32 
0 0 0 0 0 1 1 1 1 1 0 0 0 0 0 0 0 0 1 1 1 1 1 1 2 2 1 1 1 2 3 3 5 5 8 11 11 14 19 19 23 23 28 32 32 32 
0 0 0 0 0 0 0 0 1 1 2 1 1 1 0 0 0 0 0 1 1 1 2 2 2 2 2 2 2 2 3 3 5 5 9 14 14 20 21 21 26 26 33 28 28 29 
0 0 0 0 0 0 0 0 1 1 2 1 1 1 0 0 0 0 0 1 1 1 2 2 2 2 2 2 2 2 3 3 5 5 9 14 14 20 21 21 26 26 33 28 28 29 
0 0 0 0 0 0 0 0 0 0 2 3 3 4 2 2 0 0 0 0 0 1 1 1 1 1 1 1 1 2 3 3 3 3 10 17 17 19 22 22 25 25 28 23 23 26 
0 0 0 0 0 0 0 0 0 0 1 4 4 4 4 4 2 2 0 0 0 0 1 1 2 2 2 2 2 2 2 2 3 3 11 16 16 19 22 22 25 25 28 22 22 28 
0 0 0 0 0 0 0 0 0 0 1 4 4 4 4 4 2 2 0 0 0 0 1 1 2 2 2 2 2 2 2 2 3 3 11 16 16 19 22 22 25 25 28 22 22 28 
0 0 0 0 0 0 0 0 1 1 2 3 3 2 2 2 2 2 1 0 0 1 1 1 3 3 2 3 3 3 4 4 4 4 8 18 18 19 21 21 24 24 24 22 22 28 
0 0 0 0 0 0 0 0 1 1 2 2 2 1 1 1 1 1 1 0 0 0 1 1 2 2 4 5 5 5 5 5 6 6 8 12 12 19 21 21 22 22 21 21 21 28 
0 0 0 0 0 0 0 0 1 1 2 2 2 1 1 1 1 1 1 0 0 0 1 1 2 2 4 5 5 5 5 5 6 6 8 12 12 19 21 21 22 22 21 21 21 28 
0 0 0 0 0 0 0 0 0 0 0 0 0 1 1 1 1 1 0 0 0 1 1 1 2 2 2 5 5 6 6 6 9 9 8 15 15 17 22 22 21 21 21 23 23 31 
0 0 0 0 0 0 0 0 0 0 0 0 0 1 1 1 1 1 0 0 0 1 1 1 2 2 2 5 5 6 6 6 9 9 8 15 15 17 22 22 21 21 21 23 23 31 
0 0 0 0 0 0 1 1 1 1 1 1 1 1 2 2 1 1 0 0 0 0 1 1 2 2 2 2 2 3 4 4 6 6 7 12 12 17 23 23 23 23 23 24 24 33 
0 0 0 0 0 0 1 1 1 1 1 1 1 0 1 1 2 2 0 1 1 0 0 0 1 1 1 1 1 1 2 2 3 3 5 12 12 23 25 25 30 30 32 32 32 36 
0 0 0 0 0 0 1 1 1 1 1 1 1 0 1 1 2 2 0 1 1 0 0 0 1 1 1 1 1 1 2 2 3 3 5 12 12 23 25 25 30 30 32 32 32 36 
0 0 0 0 0 1 1 1 1 1 1 0 0 0 0 0 1 1 1 1 1 1 0 0 1 1 0 0 0 1 1 1 2 2 2 5 5 16 18 18 24 24 32 37 37 42 
0 0 0 0 0 1 0 0 0 0 1 0 0 0 1 1 2 2 3 2 2 3 1 1 2 2 2 1 1 0 0 0 0 0 1 1 1 7 12 12 22 22 29 40 40 45 
0 0 0 0 0 1 0 0 0 0 1 0 0 0 1 1 2 2 3 2 2 3 1 1 2 2 2 1 1 0 0 0 0 0 1 1 1 7 12 12 22 22 29 40 40 45 
0 0 0 0 0 0 0 0 0 0 1 1 1 0 0 0 2 2 3 2 2 5 3 3 2 2 2 1 1 0 0 0 0 0 0 1 1 2 7 7 19 19 22 32 32 40 
0 0 0 0 0 0 0 0 0 0 1 1 1 0 0 0 2 2 3 2 2 5 3 3 2 2 2 1 1 0 0 0 0 0 0 1 1 2 7 7 19 19 22 32 32 40 
1 1 0 0 0 0 0 0 0 0 0 1 1 1 1 1 2 2 3 3 3 3 2 2 2 2 2 2 2 1 1 1 1 1 0 1 1 2 7 7 17 17 19 24 24 27 
2 2 1 0 0 0 0 0 0 0 1 1 1 1 1 1 2 2 2 2 2 2 1 1 1 1 3 5 5 4 3 3 1 1 0 1 1 2 6 6 7 7 13 13 13 15 
2 2 1 0 0 0 0 0 0 0 1 1 1 1 1 1 2 2 2 2 2 2 1 1 1 1 3 5 5 4 3 3 1 1 0 1 1 2 6 6 7 7 13 13 13 15 
0 0 0 0 0 0 0 0 0 0 0 0 0 1 1 1 2 2 1 1 1 1 1 1 0 0 3 5 5 7 5 5 1 1 1 2 2 2 5 5 8 8 12 8 8 10 
0 0 0 0 0 0 0 0 0 0 0 0 0 0 0 0 0 0 0 0 0 2 1 1 0 0 2 3 3 6 3 3 3 3 3 3 3 3 4 4 6 6 8 12 12 10 
0 0 0 0 0 0 0 0 0 0 0 0 0 0 0 0 0 0 0 0 0 2 1 1 0 0 2 3 3 6 3 3 3 3 3 3 3 3 4 4 6 6 8 12 12 10 
0 0 0 0 0 0 0 0 0 0 0 0 0 0 0 0 0 0 0 1 1 1 1 1 1 1 0 1 1 3 3 3 3 3 5 7 7 11 12 12 15 15 15 13 13 11 
0 0 0 0 0 0 0 0 0 0 0 0 0 0 0 0 0 0 0 1 1 1 1 1 1 1 0 1 1 3 3 3 3 3 5 7 7 11 12 12 15 15 15 13 13 11 
0 0 0 0 0 0 0 0 0 0 0 0 0 0 0 0 0 0 0 3 3 2 2 2 2 2 0 0 0 4 3 3 2 2 4 5 5 8 11 11 10 10 12 15 15 16 
0 0 0 0 0 0 0 0 0 0 0 0 0 0 0 0 0 0 0 0 0 2 2 2 2 2 1 1 1 5 2 2 1 1 3 4 4 5 8 8 12 12 12 14 14 15 
0 0 0 0 0 0 0 0 0 0 0 0 0 0 0 0 0 0 0 0 0 2 2 2 2 2 1 1 1 5 2 2 1 1 3 4 4 5 8 8 12 12 12 14 14 15 
0 0 0 0 0 0 0 0 0 0 0 0 0 0 0 0 0 0 0 0 0 4 3 3 2 2 1 5 5 12 1 1 1 1 3 3 3 3 4 4 6 6 9 9 9 4 
0 0 0 0 0 0 0 0 0 0 0 0 0 0 0 0 0 0 0 0 0 0 2 2 3 3 6 6 6 4 1 1 0 0 1 2 2 2 2 2 3 3 8 5 5 2 
0 0 0 0 0 0 0 0 0 0 0 0 0 0 0 0 0 0 0 0 0 0 2 2 3 3 6 6 6 4 1 1 0 0 1 2 2 2 2 2 3 3 8 5 5 2 
0 0 0 0 0 0 0 0 0 0 0 0 0 0 0 0 0 0 1 1 1 1 1 1 5 5 9 2 2 1 2 2 2 2 1 4 4 4 4 4 3 3 4 3 3 4 
0 0 0 0 0 0 0 0 0 0 0 0 0 0 0 0 0 0 1 1 1 1 1 1 5 5 9 2 2 1 2 2 2 2 1 4 4 4 4 4 3 3 4 3 3 4 
0 0 0 0 0 0 0 0 0 0 0 0 0 0 0 0 0 0 1 1 1 1 1 1 7 7 9 2 2 2 5 5 2 2 2 4 4 4 4 4 6 6 2 4 4 5 
0 0 0 0 0 0 0 0 0 0 0 0 0 0 0 0 0 0 1 1 1 2 1 1 6 6 9 4 4 7 8 8 6 6 4 5 5 7 5 5 5 5 3 1 1 2 
0 0 0 0 0 0 0 0 0 0 0 0 0 0 0 0 0 0 1 1 1 2 1 1 6 6 9 4 4 7 8 8 6 6 4 5 5 7 5 5 5 5 3 1 1 2 
1 1 0 0 0 0 0 0 0 0 0 0 0 0 0 0 0 0 1 0 0 0 0 0 3 3 7 8 8 13 9 9 7 7 7 4 4 3 3 3 2 2 1 1 1 2 
0 0 0 0 0 0 0 0 0 0 0 0 0 0 0 0 1 1 1 0 0 0 1 1 4 4 7 7 7 11 5 5 4 4 6 7 7 2 1 1 1 1 1 2 2 2 
0 0 0 0 0 0 0 0 0 0 0 0 0 0 0 0 1 1 1 0 0 0 1 1 4 4 7 7 7 11 5 5 4 4 6 7 7 2 1 1 1 1 1 2 2 2 
0 0 0 0 0 0 0 0 0 0 0 0 0 0 0 0 0 0 1 0 0 0 1 1 5 5 9 6 6 8 6 6 7 7 20 19 19 6 1 1 1 1 1 2 2 2 
0 0 0 0 0 0 0 0 0 0 0 0 0 0 0 0 0 0 1 0 0 0 1 1 5 5 9 6 6 8 6 6 7 7 20 19 19 6 1 1 1 1 1 2 2 2 
0 0 0 0 0 0 0 0 0 0 0 0 0 0 0 0 0 0 0 0 0 0 1 1 1 1 3 4 4 6 8 8 8 8 14 23 23 13 1 1 1 1 1 1 1 1 
0 0 0 0 0 0 0 0 0 0 0 0 0 0 0 0 0 0 0 0 0 0 0 0 0 0 2 5 5 6 10 10 9 9 11 10 10 1 1 1 1 1 1 1 1 0 
0 0 0 0 0 0 0 0 0 0 0 0 0 0 0 0 0 0 0 0 0 0 0 0 0 0 2 5 5 6 10 10 9 9 11 10 10 1 1 1 1 1 1 1 1 0 
0 0 0 0 0 0 0 0 0 0 0 0 0 0 0 0 0 0 0 0 0 0 0 0 1 1 4 7 7 9 7 7 8 8 17 10 10 2 3 3 3 3 3 1 1 0 
0 0 0 0 0 0 0 0 0 0 0 0 0 0 0 0 0 0 0 0 0 0 0 0 1 1 3 11 11 11 10 10 11 11 10 13 13 3 4 4 2 2 1 1 1 1 
0 0 0 0 0 0 0 0 0 0 0 0 0 0 0 0 0 0 0 0 0 0 0 0 1 1 3 11 11 11 10 10 11 11 10 13 13 3 4 4 2 2 1 1 1 1 
0 0 0 0 0 0 0 0 0 0 0 0 0 0 0 0 0 0 0 0 0 0 0 0 1 1 1 5 5 4 3 3 3 3 8 2 2 1 1 1 1 1 1 1 1 2 
0 0 0 0 0 0 0 0 0 0 0 0 0 0 0 0 0 0 0 0 0 0 0 0 1 1 1 5 5 4 3 3 3 3 8 2 2 1 1 1 1 1 1 1 1 2 
0 0 0 0 0 0 0 0 0 0 0 0 0 0 0 0 0 0 0 0 0 0 0 0 0 0 0 0 0 0 2 2 2 2 0 1 1 1 0 0 0 0 1 2 2 4 
1 1 0 0 0 0 0 0 0 0 0 0 0 0 0 0 0 0 0 0 0 0 0 0 0 0 0 0 0 0 3 3 3 3 1 0 0 1 1 1 2 2 3 4 4 2 
1 1 0 0 0 0 0 0 0 0 0 0 0 0 0 0 0 0 0 0 0 0 0 0 0 0 0 0 0 0 3 3 3 3 1 0 0 1 1 1 2 2 3 4 4 2 
0 0 0 0 0 0 0 0 0 0 0 0 0 0 0 0 0 0 0 0 0 0 0 0 0 0 0 0 0 0 1 1 1 1 1 2 2 2 2 2 3 3 4 3 3 1 
0 0 0 0 0 0 0 0 0 0 0 0 0 0 0 0 0 0 0 0 0 0 0 0 0 0 0 0 0 0 0 0 1 1 0 0 0 0 0 0 1 1 2 2 2 1 
0 0 0 0 0 0 0 0 0 0 0 0 0 0 0 0 0 0 0 0 0 0 0 0 0 0 0 0 0 0 0 0 1 1 0 0 0 0 0 0 1 1 2 2 2 1 
0 0 0 0 0 0 0 0 0 0 0 0 0 0 0 0 0 0 0 0 0 0 0 0 0 0 0 0 0 0 0 0 0 0 0 0 0 0 0 0 0 0 0 0 0 1 
0 0 0 0 0 0 0 0 0 0 0 0 0 0 0 0 0 0 0 0 0 0 0 0 0 0 0 0 0 0 0 0 0 0 0 0 0 0 0 0 0 0 0 0 0 1 
0 0 0 0 0 0 0 0 0 0 0 0 0 0 0 0 0 0 0 1 1 0 0 0 0 0 0 0 0 0 0 0 3 3 7 0 0 1 1 1 0 0 0 1 1 1 
0 0 0 0 0 0 0 0 0 0 0 0 0 0 0 0 0 0 0 0 0 0 0 0 0 0 0 0 0 0 0 0 3 3 3 0 0 1 1 1 1 1 1 1 1 1 
0 0 0 0 0 0 0 0 0 0 0 0 0 0 0 0 0 0 0 0 0 0 0 0 0 0 0 0 0 0 0 0 3 3 3 0 0 1 1 1 1 1 1 1 1 1 
0 0 0 0 0 0 0 0 0 0 0 0 0 0 0 0 0 0 0 0 0 0 0 0 0 0 0 0 0 0 0 0 0 0 0 0 0 0 2 2 2 2 2 2 2 2 
0 0 0 0 0 0 0 0 0 0 0 0 0 0 0 0 0 0 0 0 0 0 0 0 0 0 0 0 0 0 0 0 0 0 0 0 0 11 11 11 1 1 19 16 16 0 
