assets/RAT_results/precipitation/2024-08-07_IMERG.asc
ncols        46
nrows        77
xllcorner    74.800261325624
yllcorner    8.058333333333
cellsize     0.062500000000
NODATA_value -9999
46 46 46 40 40 34 32 32 22 22 18 16 16 19 17 17 16 16 9 8 8 4 3 3 3 3 4 2 2 2 3 3 2 2 2 4 4 4 3 3 3 3 2 1 1 1 
39 39 24 33 33 25 22 22 21 21 19 18 18 18 16 16 14 14 11 7 7 4 3 3 5 5 4 2 2 2 1 1 2 2 2 3 3 2 1 1 0 0 0 0 0 0 
39 39 24 33 33 25 22 22 21 21 19 18 18 18 16 16 14 14 11 7 7 4 3 3 5 5 4 2 2 2 1 1 2 2 2 3 3 2 1 1 0 0 0 0 0 0 
40 40 36 17 17 15 15 15 15 15 18 23 23 21 18 18 15 15 9 5 5 4 4 4 3 3 3 2 2 2 2 2 2 2 1 1 1 1 1 1 1 1 1 1 1 1 
33 33 35 20 20 15 15 15 15 15 16 22 22 20 16 16 12 12 8 5 5 4 4 4 3 3 2 2 2 2 1 1 1 1 1 2 2 2 2 2 2 2 1 1 1 0 
33 33 35 20 20 15 15 15 15 15 16 22 22 20 16 16 12 12 8 5 5 4 4 4 3 3 2 2 2 2 1 1 1 1 1 2 2 2 2 2 2 2 1 1 1 0 
33 33 4 11 11 12 12 12 12 12 13 16 16 15 14 14 12 12 10 7 7 5 4 4 3 3 2 1 1 1 1 1 1 1 2 1 1 2 1 1 1 1 1 1 1 1 
33 33 4 11 11 12 12 12 12 12 13 16 16 15 14 14 12 12 10 7 7 5 4 4 3 3 2 1 1 1 1 1 1 1 2 1 1 2 1 1 1 1 1 1 1 1 
7 7 2 10 10 10 8 8 9 9 9 12 12 15 17 17 13 13 10 6 6 5 3 3 2 2 1 1 1 1 2 2 1 1 1 1 1 1 1 1 1 1 1 1 1 3 
8 8 2 10 10 10 5 5 6 6 8 11 11 11 14 14 14 14 11 8 8 7 6 6 4 4 3 1 1 1 2 2 1 1 1 1 1 1 1 1 2 2 2 2 2 3 
8 8 2 10 10 10 5 5 6 6 8 11 11 11 14 14 14 14 11 8 8 7 6 6 4 4 3 1 1 1 2 2 1 1 1 1 1 1 1 1 2 2 2 2 2 3 
8 8 2 2 2 2 5 5 4 4 6 8 8 12 17 17 23 23 19 12 12 8 5 5 5 5 4 2 2 2 2 2 1 1 1 2 2 2 2 2 3 3 3 3 3 3 
19 19 3 1 1 2 5 5 6 6 6 10 10 17 23 23 25 25 19 11 11 7 5 5 5 5 4 2 2 2 2 2 2 2 2 3 3 3 3 3 4 4 3 3 3 5 
19 19 3 1 1 2 5 5 6 6 6 10 10 17 23 23 25 25 19 11 11 7 5 5 5 5 4 2 2 2 2 2 2 2 2 3 3 3 3 3 4 4 3 3 3 5 
13 13 1 0 0 1 9 9 10 10 8 12 12 18 21 21 21 21 15 9 9 6 5 5 4 4 4 2 2 2 3 3 3 3 4 5 5 5 5 5 5 5 4 4 4 4 
13 13 1 0 0 1 9 9 10 10 8 12 12 18 21 21 21 21 15 9 9 6 5 5 4 4 4 2 2 2 3 3 3 3 4 5 5 5 5 5 5 5 4 4 4 4 
1 1 1 1 1 2 3 3 13 13 11 13 13 14 14 14 12 12 11 7 7 7 6 6 5 5 4 3 3 3 5 5 5 5 6 6 6 5 6 6 4 4 3 3 3 3 
2 2 2 5 5 2 5 5 1 1 9 14 14 8 10 10 13 13 13 13 13 13 9 9 6 6 5 3 3 2 4 4 5 5 5 4 4 2 3 3 4 4 3 2 2 4 
2 2 2 5 5 2 5 5 1 1 9 14 14 8 10 10 13 13 13 13 13 13 9 9 6 6 5 3 3 2 4 4 5 5 5 4 4 2 3 3 4 4 3 2 2 4 
8 8 2 3 3 2 6 6 0 0 2 20 20 17 23 23 25 25 12 14 14 12 6 6 4 4 5 1 1 0 1 1 2 2 2 2 2 2 3 3 7 7 5 4 4 3 
5 5 2 3 3 2 2 2 1 1 2 12 12 16 28 28 23 23 20 9 9 7 3 3 4 4 4 2 2 1 2 2 2 2 4 5 5 6 8 8 9 9 4 4 4 5 
5 5 2 3 3 2 2 2 1 1 2 12 12 16 28 28 23 23 20 9 9 7 3 3 4 4 4 2 2 1 2 2 2 2 4 5 5 6 8 8 9 9 4 4 4 5 
12 12 3 3 3 2 2 2 7 7 1 3 3 21 20 20 18 18 16 13 13 10 8 8 10 10 10 4 4 3 6 6 8 8 8 11 11 11 10 10 7 7 4 3 3 3 
12 12 3 3 3 2 2 2 7 7 1 3 3 21 20 20 18 18 16 13 13 10 8 8 10 10 10 4 4 3 6 6 8 8 8 11 11 11 10 10 7 7 4 3 3 3 
12 12 10 3 3 3 2 2 2 2 1 1 1 18 32 32 13 13 17 11 11 8 8 8 8 8 9 5 5 6 9 9 12 12 12 10 10 9 8 8 7 7 4 3 3 3 
7 7 9 3 3 3 4 4 3 3 1 5 5 20 27 27 22 22 8 5 5 3 3 3 6 6 10 8 8 10 12 12 12 12 10 9 9 7 7 7 6 6 6 5 5 6 
7 7 9 3 3 3 4 4 3 3 1 5 5 20 27 27 22 22 8 5 5 3 3 3 6 6 10 8 8 10 12 12 12 12 10 9 9 7 7 7 6 6 6 5 5 6 
5 5 5 3 3 3 5 5 5 5 3 1 1 4 24 24 16 16 8 4 4 5 8 8 12 12 20 17 17 15 13 13 11 11 10 9 9 9 11 11 9 9 7 5 5 5 
5 5 3 4 4 3 3 3 3 3 2 2 2 7 14 14 11 11 22 15 15 15 15 15 22 22 27 18 18 13 11 11 12 12 18 15 15 14 11 11 9 9 7 6 6 7 
5 5 3 4 4 3 3 3 3 3 2 2 2 7 14 14 11 11 22 15 15 15 15 15 22 22 27 18 18 13 11 11 12 12 18 15 15 14 11 11 9 9 7 6 6 7 
5 5 3 5 5 4 3 3 3 3 2 3 3 4 5 5 14 14 26 27 27 14 13 13 14 14 15 13 13 12 12 12 13 13 14 12 12 11 10 10 10 10 7 7 7 8 
5 5 3 5 5 4 3 3 3 3 2 3 3 4 5 5 14 14 26 27 27 14 13 13 14 14 15 13 13 12 12 12 13 13 14 12 12 11 10 10 10 10 7 7 7 8 
10 10 5 5 5 4 3 3 3 3 4 6 6 8 17 17 23 23 24 27 27 8 5 5 7 7 10 11 11 11 10 10 11 11 10 9 9 8 8 8 7 7 6 6 6 7 
25 25 10 8 8 4 3 3 4 4 8 14 14 19 16 16 19 19 18 16 16 5 4 4 5 5 7 10 10 9 8 8 8 8 7 6 6 11 10 10 9 9 6 5 5 8 
25 25 10 8 8 4 3 3 4 4 8 14 14 19 16 16 19 19 18 16 16 5 4 4 5 5 7 10 10 9 8 8 8 8 7 6 6 11 10 10 9 9 6 5 5 8 
42 42 13 12 12 5 3 3 4 4 7 13 13 16 13 13 12 12 7 4 4 6 5 5 6 6 7 6 6 6 6 6 6 6 6 8 8 10 9 9 9 9 7 7 7 7 
36 36 20 14 14 6 3 3 6 6 10 17 17 19 13 13 9 9 2 5 5 6 7 7 8 8 7 7 7 6 6 6 5 5 6 7 7 11 12 12 9 9 7 6 6 8 
36 36 20 14 14 6 3 3 6 6 10 17 17 19 13 13 9 9 2 5 5 6 7 7 8 8 7 7 7 6 6 6 5 5 6 7 7 11 12 12 9 9 7 6 6 8 
38 38 15 11 11 7 5 5 6 6 9 15 15 19 16 16 2 2 1 7 7 10 10 10 6 6 7 7 7 5 5 5 8 8 5 9 9 12 12 12 14 14 9 5 5 7 
38 38 15 11 11 7 5 5 6 6 9 15 15 19 16 16 2 2 1 7 7 10 10 10 6 6 7 7 7 5 5 5 8 8 5 9 9 12 12 12 14 14 9 5 5 7 
19 19 14 14 14 16 10 10 9 9 12 17 17 21 22 22 17 17 3 3 3 6 10 10 4 4 8 10 10 7 6 6 6 6 11 12 12 14 11 11 12 12 9 5 5 4 
15 15 10 14 14 17 13 13 11 11 13 10 10 14 25 25 27 27 27 15 15 7 4 4 6 6 9 16 16 9 9 9 10 10 14 13 13 13 11 11 12 12 10 6 6 5 
15 15 10 14 14 17 13 13 11 11 13 10 10 14 25 25 27 27 27 15 15 7 4 4 6 6 9 16 16 9 9 9 10 10 14 13 13 13 11 11 12 12 10 6 6 5 
14 14 8 14 14 20 12 12 13 13 11 7 7 7 18 18 25 25 33 17 17 11 9 9 11 11 11 14 14 10 11 11 7 7 8 13 13 10 10 10 10 10 7 6 6 5 
16 16 8 14 14 22 19 19 13 13 8 5 5 5 11 11 20 20 25 16 16 2 10 10 15 15 13 11 11 13 10 10 7 7 8 10 10 11 11 11 11 11 7 4 4 4 
16 16 8 14 14 22 19 19 13 13 8 5 5 5 11 11 20 20 25 16 16 2 10 10 15 15 13 11 11 13 10 10 7 7 8 10 10 11 11 11 11 11 7 4 4 4 
7 7 13 8 8 17 12 12 8 8 4 5 5 5 6 6 12 12 17 6 6 2 3 3 10 10 9 10 10 11 10 10 9 9 11 8 8 9 8 8 8 8 6 4 4 7 
7 7 13 8 8 17 12 12 8 8 4 5 5 5 6 6 12 12 17 6 6 2 3 3 10 10 9 10 10 11 10 10 9 9 11 8 8 9 8 8 8 8 6 4 4 7 
8 8 8 8 8 12 12 12 10 10 6 5 5 6 7 7 10 10 3 9 9 1 3 3 8 8 11 9 9 7 9 9 10 10 8 7 7 6 6 6 7 7 4 6 6 7 
8 8 7 7 7 10 12 12 10 10 5 5 5 7 9 9 8 8 7 5 5 2 2 2 7 7 11 7 7 5 4 4 5 5 7 7 7 5 6 6 6 6 6 6 6 9 
8 8 7 7 7 10 12 12 10 10 5 5 5 7 9 9 8 8 7 5 5 2 2 2 7 7 11 7 7 5 4 4 5 5 7 7 7 5 6 6 6 6 6 6 6 9 
9 9 8 10 10 11 13 13 12 12 11 6 6 5 7 7 8 8 6 3 3 4 2 2 7 7 8 5 5 4 5 5 5 5 7 8 8 6 6 6 7 7 6 7 7 11 
6 6 9 10 10 11 11 11 18 18 16 9 9 6 5 5 9 9 6 4 4 1 1 1 3 3 4 3 3 5 6 6 6 6 8 8 8 7 7 7 6 6 5 6 6 10 
6 6 9 10 10 11 11 11 18 18 16 9 9 6 5 5 9 9 6 4 4 1 1 1 3 3 4 3 3 5 6 6 6 6 8 8 8 7 7 7 6 6 5 6 6 10 
15 15 10 8 8 9 11 11 14 14 19 16 16 10 9 9 8 8 5 3 3 1 1 1 3 3 6 5 5 6 8 8 7 7 6 5 5 6 5 5 6 6 5 7 7 10 
15 15 10 8 8 9 11 11 14 14 19 16 16 10 9 9 8 8 5 3 3 1 1 1 3 3 6 5 5 6 8 8 7 7 6 5 5 6 5 5 6 6 5 7 7 10 
23 23 23 15 15 11 8 8 17 17 22 16 16 14 11 11 7 7 5 1 1 1 0 0 3 3 4 4 4 5 6 6 5 5 4 5 5 5 5 5 5 5 5 7 7 10 
19 19 19 12 12 8 7 7 12 12 17 17 17 14 10 10 10 10 3 1 1 0 0 0 1 1 2 3 3 4 3 3 3 3 3 5 5 6 5 5 6 6 5 7 7 8 
19 19 19 12 12 8 7 7 12 12 17 17 17 14 10 10 10 10 3 1 1 0 0 0 1 1 2 3 3 4 3 3 3 3 3 5 5 6 5 5 6 6 5 7 7 8 
5 5 5 4 4 4 7 7 10 10 14 14 14 10 11 11 6 6 2 0 0 0 0 0 0 0 2 3 3 3 3 3 3 3 4 5 5 6 6 6 7 7 6 7 7 9 
4 4 4 4 4 4 6 6 8 8 13 11 11 10 9 9 4 4 1 0 0 0 0 0 0 0 3 4 4 5 5 5 5 5 7 7 7 9 12 12 12 12 8 5 5 5 
4 4 4 4 4 4 6 6 8 8 13 11 11 10 9 9 4 4 1 0 0 0 0 0 0 0 3 4 4 5 5 5 5 5 7 7 7 9 12 12 12 12 8 5 5 5 
4 4 4 4 4 3 4 4 8 8 12 12 12 9 5 5 1 1 1 0 0 0 0 0 0 0 1 4 4 5 5 5 5 5 6 6 6 6 7 7 5 5 3 2 2 2 
4 4 4 4 4 3 4 4 8 8 12 12 12 9 5 5 1 1 1 0 0 0 0 0 0 0 1 4 4 5 5 5 5 5 6 6 6 6 7 7 5 5 3 2 2 2 
3 3 3 3 3 3 2 2 7 7 8 6 6 4 1 1 1 1 1 1 1 0 0 0 0 0 1 2 2 6 6 6 5 5 3 3 3 3 3 3 3 3 2 2 2 1 
2 2 2 3 3 2 2 2 2 2 2 1 1 1 1 1 1 1 1 1 1 1 0 0 0 0 1 1 1 2 2 2 1 1 0 1 1 1 2 2 2 2 2 1 1 1 
2 2 2 3 3 2 2 2 2 2 2 1 1 1 1 1 1 1 1 1 1 1 0 0 0 0 1 1 1 2 2 2 1 1 0 1 1 1 2 2 2 2 2 1 1 1 
2 2 2 3 3 2 2 2 2 2 1 1 1 1 1 1 1 1 1 1 1 1 1 1 0 0 0 0 0 1 2 2 1 1 1 1 1 1 2 2 1 1 1 0 0 0 
3 3 2 3 3 3 3 3 2 2 2 2 2 2 2 2 1 1 1 0 0 0 0 0 0 0 0 1 1 1 1 1 1 1 0 1 1 0 1 1 1 1 0 0 0 0 
3 3 2 3 3 3 3 3 2 2 2 2 2 2 2 2 1 1 1 0 0 0 0 0 0 0 0 1 1 1 1 1 1 1 0 1 1 0 1 1 1 1 0 0 0 0 
5 5 2 3 3 4 4 4 4 4 4 4 4 5 3 3 1 1 0 0 0 0 0 0 0 0 0 0 0 0 0 0 0 0 0 0 0 0 0 0 1 1 1 0 0 0 
5 5 2 3 3 4 4 4 4 4 4 4 4 5 3 3 1 1 0 0 0 0 0 0 0 0 0 0 0 0 0 0 0 0 0 0 0 0 0 0 1 1 1 0 0 0 
4 4 5 5 5 6 7 7 8 8 8 6 6 4 2 2 1 1 0 0 0 0 0 0 0 0 0 0 0 0 0 0 0 0 0 0 0 0 0 0 0 0 0 0 0 0 
3 3 4 6 6 7 7 7 7 7 6 4 4 2 1 1 0 0 0 0 0 0 0 0 0 0 0 0 0 0 0 0 0 0 0 0 0 0 0 0 0 0 0 0 0 0 
3 3 4 6 6 7 7 7 7 7 6 4 4 2 1 1 0 0 0 0 0 0 0 0 0 0 0 0 0 0 0 0 0 0 0 0 0 0 0 0 0 0 0 0 0 0 
2 2 2 2 2 3 3 3 3 3 3 2 2 1 1 1 1 1 0 0 0 0 0 0 0 0 0 0 0 0 0 0 0 0 0 0 0 0 0 0 0 0 1 0 0 0 
2 2 1 2 2 2 2 2 2 2 1 1 1 1 1 1 1 1 1 0 0 0 0 0 0 0 0 0 0 0 0 0 0 0 0 0 0 0 0 0 0 0 0 0 0 0 
