assets/RAT_results/precipitation/2024-04-30_IMERG.asc
ncols        46
nrows        77
xllcorner    74.800261325624
yllcorner    8.058333333333
cellsize     0.062500000000
NODATA_value -9999
0 0 0 0 0 0 0 0 0 0 0 0 0 0 0 0 0 0 0 0 0 0 0 0 0 0 0 0 0 0 0 0 0 0 0 0 0 0 0 0 0 0 0 0 0 0 
0 0 0 0 0 0 0 0 0 0 0 0 0 0 0 0 0 0 0 0 0 0 0 0 0 0 0 0 0 0 0 0 0 0 0 0 0 0 0 0 0 0 0 0 0 0 
0 0 0 0 0 0 0 0 0 0 0 0 0 0 0 0 0 0 0 0 0 0 0 0 0 0 0 0 0 0 0 0 0 0 0 0 0 0 0 0 0 0 0 0 0 0 
1 1 0 0 0 0 0 0 0 0 0 0 0 0 0 0 0 0 0 0 0 0 0 0 0 0 0 0 0 0 0 0 0 0 0 0 0 0 0 0 0 0 0 0 0 0 
1 1 0 1 1 0 0 0 0 0 0 0 0 0 0 0 0 0 0 0 0 0 0 0 0 0 0 0 0 0 0 0 0 0 0 0 0 0 0 0 0 0 0 0 0 0 
1 1 0 1 1 0 0 0 0 0 0 0 0 0 0 0 0 0 0 0 0 0 0 0 0 0 0 0 0 0 0 0 0 0 0 0 0 0 0 0 0 0 0 0 0 0 
1 1 0 1 1 0 0 0 0 0 0 0 0 0 0 0 0 0 0 0 0 0 0 0 0 0 0 0 0 0 0 0 0 0 0 0 0 0 0 0 0 0 0 0 0 0 
1 1 0 1 1 0 0 0 0 0 0 0 0 0 0 0 0 0 0 0 0 0 0 0 0 0 0 0 0 0 0 0 0 0 0 0 0 0 0 0 0 0 0 0 0 0 
0 0 1 0 0 0 0 0 0 0 0 0 0 0 0 0 0 0 0 0 0 0 0 0 0 0 0 0 0 0 0 0 0 0 0 0 0 0 0 0 0 0 0 0 0 0 
0 0 0 0 0 0 0 0 0 0 0 0 0 0 0 0 0 0 0 0 0 0 0 0 0 0 0 0 0 0 0 0 0 0 0 0 0 0 0 0 0 0 0 0 0 0 
0 0 0 0 0 0 0 0 0 0 0 0 0 0 0 0 0 0 0 0 0 0 0 0 0 0 0 0 0 0 0 0 0 0 0 0 0 0 0 0 0 0 0 0 0 0 
0 0 0 1 1 0 0 0 0 0 0 0 0 0 0 0 0 0 0 0 0 0 0 0 0 0 0 0 0 0 0 0 0 0 0 0 0 0 0 0 0 0 0 0 0 0 
0 0 1 0 0 0 0 0 0 0 0 0 0 0 0 0 0 0 0 0 0 0 0 0 0 0 0 0 0 0 0 0 0 0 0 0 0 0 0 0 0 0 0 0 0 0 
0 0 1 0 0 0 0 0 0 0 0 0 0 0 0 0 0 0 0 0 0 0 0 0 0 0 0 0 0 0 0 0 0 0 0 0 0 0 0 0 0 0 0 0 0 0 
0 0 1 2 2 0 0 0 0 0 0 0 0 0 0 0 0 0 0 0 0 0 0 0 0 0 0 0 0 0 0 0 0 0 0 0 0 0 0 0 0 0 0 0 0 0 
0 0 1 2 2 0 0 0 0 0 0 0 0 0 0 0 0 0 0 0 0 0 0 0 0 0 0 0 0 0 0 0 0 0 0 0 0 0 0 0 0 0 0 0 0 0 
0 0 0 0 0 0 1 1 0 0 0 0 0 0 0 0 0 0 0 0 0 0 0 0 0 0 0 0 0 0 0 0 0 0 0 0 0 0 0 0 0 0 0 0 0 0 
0 0 0 1 1 1 1 1 0 0 0 0 0 0 0 0 0 0 0 0 0 0 0 0 0 0 0 0 0 0 0 0 0 0 0 0 0 0 0 0 0 0 0 0 0 0 
0 0 0 1 1 1 1 1 0 0 0 0 0 0 0 0 0 0 0 0 0 0 0 0 0 0 0 0 0 0 0 0 0 0 0 0 0 0 0 0 0 0 0 0 0 0 
0 0 0 1 1 1 2 2 2 2 1 0 0 0 0 0 0 0 0 0 0 0 0 0 0 0 0 0 0 0 0 0 0 0 0 0 0 0 0 0 0 0 0 0 0 0 
1 1 1 1 1 1 1 1 2 2 3 2 2 2 0 0 0 0 0 0 0 0 0 0 0 0 0 0 0 0 0 0 0 0 0 0 0 0 0 0 0 0 0 0 0 0 
1 1 1 1 1 1 1 1 2 2 3 2 2 2 0 0 0 0 0 0 0 0 0 0 0 0 0 0 0 0 0 0 0 0 0 0 0 0 0 0 0 0 0 0 0 0 
1 1 1 1 1 1 1 1 1 1 3 3 3 2 1 1 0 0 0 0 0 0 0 0 0 0 0 0 0 0 0 0 0 0 0 0 0 0 0 0 0 0 0 0 0 0 
1 1 1 1 1 1 1 1 1 1 3 3 3 2 1 1 0 0 0 0 0 0 0 0 0 0 0 0 0 0 0 0 0 0 0 0 0 0 0 0 0 0 0 0 0 0 
1 1 1 1 1 1 2 2 2 2 3 4 4 6 1 1 0 0 0 0 0 0 0 0 0 0 0 0 0 0 0 0 0 0 0 0 0 0 0 0 0 0 0 0 0 0 
1 1 1 2 2 1 2 2 2 2 3 5 5 5 1 1 0 0 0 0 0 0 0 0 0 0 0 0 0 0 0 0 0 0 0 0 0 0 0 0 0 0 0 0 0 0 
1 1 1 2 2 1 2 2 2 2 3 5 5 5 1 1 0 0 0 0 0 0 0 0 0 0 0 0 0 0 0 0 0 0 0 0 0 0 0 0 0 0 0 0 0 0 
1 1 1 1 1 1 2 2 2 2 3 3 3 3 1 1 0 0 0 0 0 0 0 0 0 0 0 0 0 0 0 0 0 0 0 0 0 0 0 0 0 0 0 0 0 0 
1 1 1 1 1 1 2 2 2 2 2 2 2 2 1 1 0 0 0 0 0 0 0 0 0 0 0 0 0 0 0 0 0 0 0 0 0 0 0 0 0 0 0 0 0 0 
1 1 1 1 1 1 2 2 2 2 2 2 2 2 1 1 0 0 0 0 0 0 0 0 0 0 0 0 0 0 0 0 0 0 0 0 0 0 0 0 0 0 0 0 0 0 
1 1 1 1 1 1 1 1 1 1 1 2 2 2 1 1 0 0 0 0 0 0 0 0 0 0 0 0 0 0 0 0 0 0 0 0 0 0 0 0 0 0 0 0 0 0 
1 1 1 1 1 1 1 1 1 1 1 2 2 2 1 1 0 0 0 0 0 0 0 0 0 0 0 0 0 0 0 0 0 0 0 0 0 0 0 0 0 0 0 0 0 0 
1 1 1 1 1 1 1 1 1 1 1 1 1 1 1 1 0 0 0 0 0 0 0 0 0 0 0 0 0 0 0 0 0 0 0 0 0 0 0 0 0 0 0 0 0 0 
1 1 0 0 0 1 1 1 1 1 1 1 1 1 1 1 1 1 0 0 0 0 0 0 0 0 0 0 0 0 0 0 0 0 0 0 0 0 0 0 0 0 0 0 0 0 
1 1 0 0 0 1 1 1 1 1 1 1 1 1 1 1 1 1 0 0 0 0 0 0 0 0 0 0 0 0 0 0 0 0 0 0 0 0 0 0 0 0 0 0 0 0 
1 1 1 1 1 1 1 1 1 1 1 1 1 1 1 1 2 2 2 0 0 0 0 0 0 0 0 0 0 0 0 0 0 0 0 0 0 0 0 0 0 0 0 0 0 0 
1 1 1 1 1 1 1 1 1 1 1 1 1 1 2 2 2 2 1 1 1 0 0 0 0 0 0 1 1 1 0 0 0 0 0 0 0 0 0 0 0 0 0 0 0 0 
1 1 1 1 1 1 1 1 1 1 1 1 1 1 2 2 2 2 1 1 1 0 0 0 0 0 0 1 1 1 0 0 0 0 0 0 0 0 0 0 0 0 0 0 0 0 
1 1 1 0 0 1 1 1 1 1 1 1 1 1 1 1 2 2 2 2 2 1 0 0 1 1 2 4 4 5 2 2 0 0 0 0 0 0 0 0 0 0 0 0 0 0 
1 1 1 0 0 1 1 1 1 1 1 1 1 1 1 1 2 2 2 2 2 1 0 0 1 1 2 4 4 5 2 2 0 0 0 0 0 0 0 0 0 0 0 0 0 0 
1 1 1 0 0 1 1 1 1 1 1 1 1 1 1 1 1 1 2 2 2 2 3 3 7 7 12 19 19 19 11 11 2 2 0 0 0 0 0 0 0 0 0 0 0 0 
1 1 1 1 1 1 1 1 1 1 1 1 1 2 2 2 1 1 2 3 3 7 19 19 30 30 32 29 29 29 24 24 7 7 1 0 0 0 0 0 0 0 0 0 0 0 
1 1 1 1 1 1 1 1 1 1 1 1 1 2 2 2 1 1 2 3 3 7 19 19 30 30 32 29 29 29 24 24 7 7 1 0 0 0 0 0 0 0 0 0 0 0 
1 1 1 1 1 1 1 1 2 2 2 2 2 2 2 2 2 2 9 13 13 21 32 32 37 37 34 30 30 25 24 24 10 10 2 0 0 0 0 0 0 0 0 0 0 3 
2 2 2 2 2 2 2 2 2 2 5 6 6 7 8 8 9 9 13 16 16 32 48 48 34 34 31 29 29 27 21 21 6 6 1 0 0 0 0 0 0 0 0 1 1 6 
2 2 2 2 2 2 2 2 2 2 5 6 6 7 8 8 9 9 13 16 16 32 48 48 34 34 31 29 29 27 21 21 6 6 1 0 0 0 0 0 0 0 0 1 1 6 
3 3 5 5 5 7 7 7 7 7 9 11 11 11 15 15 15 15 16 18 18 27 38 38 18 18 23 19 19 18 13 13 2 2 0 0 0 0 0 0 0 0 0 0 0 1 
3 3 5 5 5 7 7 7 7 7 9 11 11 11 15 15 15 15 16 18 18 27 38 38 18 18 23 19 19 18 13 13 2 2 0 0 0 0 0 0 0 0 0 0 0 1 
6 6 8 9 9 10 10 10 14 14 17 19 19 20 20 20 19 19 20 17 17 16 15 15 7 7 11 13 13 13 5 5 1 1 0 0 0 0 0 0 1 1 2 3 3 1 
10 10 14 16 16 18 20 20 20 20 22 23 23 47 31 31 27 27 29 28 28 23 18 18 8 8 7 4 4 4 1 1 0 0 0 0 0 0 1 1 5 5 13 16 16 5 
10 10 14 16 16 18 20 20 20 20 22 23 23 47 31 31 27 27 29 28 28 23 18 18 8 8 7 4 4 4 1 1 0 0 0 0 0 0 1 1 5 5 13 16 16 5 
13 13 15 21 21 29 38 38 47 47 60 68 68 67 53 53 49 49 45 30 30 25 18 18 13 13 10 6 6 3 1 1 0 0 0 0 0 1 3 3 12 12 21 20 20 7 
20 20 27 29 29 37 48 48 56 56 73 94 94 93 47 47 47 47 48 33 33 30 23 23 17 17 14 12 12 6 4 4 2 2 1 1 1 2 4 4 11 11 14 7 7 2 
20 20 27 29 29 37 48 48 56 56 73 94 94 93 47 47 47 47 48 33 33 30 23 23 17 17 14 12 12 6 4 4 2 2 1 1 1 2 4 4 11 11 14 7 7 2 
26 26 32 40 40 67 82 82 81 81 87 92 92 94 58 58 52 52 54 40 40 38 29 29 22 22 20 20 20 17 14 14 8 8 4 2 2 2 2 2 3 3 2 1 1 0 
26 26 32 40 40 67 82 82 81 81 87 92 92 94 58 58 52 52 54 40 40 38 29 29 22 22 20 20 20 17 14 14 8 8 4 2 2 2 2 2 3 3 2 1 1 0 
25 25 26 31 31 40 47 47 54 54 57 62 62 65 71 71 61 61 63 59 59 52 40 40 26 26 22 24 24 24 22 22 16 16 8 4 4 2 2 2 2 2 1 0 0 0 
23 23 28 32 32 37 44 44 54 54 57 58 58 58 59 59 56 56 62 62 62 50 50 50 38 38 39 37 37 34 29 29 23 23 13 10 10 9 10 10 10 10 3 0 0 0 
23 23 28 32 32 37 44 44 54 54 57 58 58 58 59 59 56 56 62 62 62 50 50 50 38 38 39 37 37 34 29 29 23 23 13 10 10 9 10 10 10 10 3 0 0 0 
23 23 28 32 32 36 43 43 51 51 56 57 57 59 61 61 67 67 68 77 77 68 68 68 57 57 59 54 54 51 43 43 30 30 26 24 24 22 16 16 15 15 6 1 1 0 
22 22 26 32 32 37 47 47 52 52 52 47 47 47 53 53 70 70 73 81 81 75 73 73 62 62 65 62 62 59 52 52 32 32 28 23 23 19 10 10 5 5 2 0 0 0 
22 22 26 32 32 37 47 47 52 52 52 47 47 47 53 53 70 70 73 81 81 75 73 73 62 62 65 62 62 59 52 52 32 32 28 23 23 19 10 10 5 5 2 0 0 0 
25 25 26 33 33 34 37 37 41 41 44 42 42 44 54 54 71 71 81 88 88 89 70 70 56 56 56 58 58 57 52 52 26 26 17 18 18 12 3 3 1 1 0 0 0 0 
25 25 26 33 33 34 37 37 41 41 44 42 42 44 54 54 71 71 81 88 88 89 70 70 56 56 56 58 58 57 52 52 26 26 17 18 18 12 3 3 1 1 0 0 0 0 
27 27 28 30 30 34 37 37 38 38 43 52 52 61 71 71 84 84 95 98 98 97 70 70 49 49 51 51 51 50 40 40 22 22 9 6 6 3 0 0 0 0 0 0 0 0 
25 25 31 32 32 35 40 40 37 37 37 45 45 63 76 76 78 78 81 86 86 80 68 68 51 51 49 47 47 43 36 36 23 23 9 2 2 1 0 0 0 0 0 0 0 0 
25 25 31 32 32 35 40 40 37 37 37 45 45 63 76 76 78 78 81 86 86 80 68 68 51 51 49 47 47 43 36 36 23 23 9 2 2 1 0 0 0 0 0 0 0 0 
22 22 28 34 34 38 45 45 37 37 36 42 42 59 70 70 69 69 68 69 69 69 63 63 53 53 50 45 45 40 37 37 29 29 19 7 7 1 0 0 0 0 0 0 0 0 
22 22 28 35 35 42 47 47 43 43 36 37 37 49 61 61 61 61 59 62 62 65 64 64 50 50 39 38 38 33 24 24 34 34 26 18 18 2 0 0 0 0 0 0 0 0 
22 22 28 35 35 42 47 47 43 43 36 37 37 49 61 61 61 61 59 62 62 65 64 64 50 50 39 38 38 33 24 24 34 34 26 18 18 2 0 0 0 0 0 0 0 0 
26 26 29 31 31 37 45 45 34 34 29 32 32 39 42 42 45 45 49 54 54 57 62 62 51 51 45 32 32 25 20 20 15 15 25 18 18 11 6 6 0 0 0 0 0 0 
26 26 29 31 31 37 45 45 34 34 29 32 32 39 42 42 45 45 49 54 54 57 62 62 51 51 45 32 32 25 20 20 15 15 25 18 18 11 6 6 0 0 0 0 0 0 
28 28 32 32 32 36 33 33 25 25 21 23 23 28 28 28 30 30 30 28 28 28 32 32 29 29 27 21 21 14 14 14 12 12 13 11 11 9 16 16 9 9 3 2 2 0 
28 28 32 30 30 30 34 34 27 27 17 17 17 21 18 18 20 20 19 18 18 20 24 24 25 25 20 15 15 11 12 12 14 14 16 12 12 9 4 4 4 4 2 0 0 0 
28 28 32 30 30 30 34 34 27 27 17 17 17 21 18 18 20 20 19 18 18 20 24 24 25 25 20 15 15 11 12 12 14 14 16 12 12 9 4 4 4 4 2 0 0 0 
33 33 35 31 31 27 27 27 21 21 14 12 12 14 14 14 14 14 17 20 20 24 24 24 19 19 14 13 13 12 15 15 22 22 24 17 17 18 5 5 1 1 0 0 0 0 
35 35 33 30 30 28 22 22 18 18 12 9 9 11 16 16 18 18 26 28 28 30 23 23 19 19 21 19 19 18 22 22 29 29 29 23 23 20 6 6 1 1 0 0 0 0 
