assets/RAT_results/precipitation/2024-09-23_IMERG.asc
ncols        46
nrows        77
xllcorner    74.800261325624
yllcorner    8.058333333333
cellsize     0.062500000000
NODATA_value -9999
29 29 27 37 37 29 15 15 5 5 13 14 14 13 7 7 2 2 3 0 0 0 1 1 1 1 1 0 0 0 0 0 0 0 1 5 5 8 6 6 1 1 2 3 3 1 
24 24 28 29 29 22 11 11 9 9 6 15 15 24 19 19 6 6 1 0 0 0 0 0 0 0 0 0 0 0 0 0 0 0 0 1 1 3 2 2 0 0 1 1 1 2 
24 24 28 29 29 22 11 11 9 9 6 15 15 24 19 19 6 6 1 0 0 0 0 0 0 0 0 0 0 0 0 0 0 0 0 1 1 3 2 2 0 0 1 1 1 2 
31 31 30 27 27 23 18 18 22 22 14 13 13 14 8 8 4 4 1 0 0 0 0 0 0 0 1 0 0 0 0 0 0 0 0 0 0 0 0 0 0 0 0 1 1 2 
29 29 32 30 30 33 30 30 27 27 24 20 20 7 1 1 1 1 0 0 0 0 0 0 0 0 0 0 0 0 0 0 0 0 0 0 0 0 0 0 0 0 0 0 0 1 
29 29 32 30 30 33 30 30 27 27 24 20 20 7 1 1 1 1 0 0 0 0 0 0 0 0 0 0 0 0 0 0 0 0 0 0 0 0 0 0 0 0 0 0 0 1 
18 18 28 33 33 28 37 37 31 31 23 12 12 2 2 2 0 0 0 0 0 0 0 0 0 0 0 1 1 0 0 0 0 0 0 0 0 0 0 0 0 0 0 0 0 1 
18 18 28 33 33 28 37 37 31 31 23 12 12 2 2 2 0 0 0 0 0 0 0 0 0 0 0 1 1 0 0 0 0 0 0 0 0 0 0 0 0 0 0 0 0 1 
19 19 30 27 27 28 27 27 36 36 6 7 7 2 1 1 1 1 0 0 0 0 0 0 1 1 1 0 0 0 0 0 0 0 0 0 0 0 0 0 1 1 1 1 1 1 
21 21 24 24 24 29 29 29 22 22 20 7 7 2 1 1 0 0 0 0 0 0 0 0 0 0 0 0 0 0 0 0 0 0 0 0 0 0 0 0 0 0 0 1 1 0 
21 21 24 24 24 29 29 29 22 22 20 7 7 2 1 1 0 0 0 0 0 0 0 0 0 0 0 0 0 0 0 0 0 0 0 0 0 0 0 0 0 0 0 1 1 0 
25 25 22 15 15 16 22 22 18 18 19 18 18 7 1 1 0 0 0 0 0 0 0 0 0 0 0 0 0 0 0 0 0 0 0 0 0 0 0 0 0 0 0 0 0 0 
23 23 21 9 9 11 18 18 19 19 17 17 17 8 2 2 1 1 1 0 0 0 0 0 0 0 0 0 0 0 0 0 0 0 0 0 0 0 0 0 0 0 0 0 0 0 
23 23 21 9 9 11 18 18 19 19 17 17 17 8 2 2 1 1 1 0 0 0 0 0 0 0 0 0 0 0 0 0 0 0 0 0 0 0 0 0 0 0 0 0 0 0 
25 25 16 11 11 6 17 17 18 18 21 23 23 17 9 9 4 4 7 0 0 0 0 0 0 0 0 0 0 0 0 0 0 0 0 0 0 0 0 0 0 0 0 0 0 0 
25 25 16 11 11 6 17 17 18 18 21 23 23 17 9 9 4 4 7 0 0 0 0 0 0 0 0 0 0 0 0 0 0 0 0 0 0 0 0 0 0 0 0 0 0 0 
20 20 15 14 14 4 7 7 14 14 13 15 15 14 17 17 10 10 8 4 4 0 0 0 0 0 0 0 0 0 0 0 0 0 0 0 0 0 0 0 0 0 0 0 0 0 
22 22 20 22 22 8 5 5 18 18 13 9 9 10 6 6 8 8 7 4 4 0 0 0 0 0 0 0 0 0 0 0 0 0 0 0 0 0 0 0 0 0 0 0 0 0 
22 22 20 22 22 8 5 5 18 18 13 9 9 10 6 6 8 8 7 4 4 0 0 0 0 0 0 0 0 0 0 0 0 0 0 0 0 0 0 0 0 0 0 0 0 0 
29 29 27 27 27 17 13 13 7 7 13 15 15 11 5 5 2 2 5 0 0 0 0 0 0 0 0 0 0 0 0 0 0 0 0 0 0 0 0 0 0 0 0 0 0 0 
30 30 30 30 30 21 22 22 17 17 15 21 21 11 4 4 3 3 4 1 1 2 3 3 0 0 4 4 4 5 1 1 1 1 2 1 1 3 1 1 0 0 0 0 0 0 
30 30 30 30 30 21 22 22 17 17 15 21 21 11 4 4 3 3 4 1 1 2 3 3 0 0 4 4 4 5 1 1 1 1 2 1 1 3 1 1 0 0 0 0 0 0 
28 28 35 36 36 28 28 28 19 19 15 19 19 12 11 11 1 1 4 3 3 5 0 0 0 0 2 5 5 7 5 5 3 3 0 0 0 0 0 0 0 0 0 0 0 0 
28 28 35 36 36 28 28 28 19 19 15 19 19 12 11 11 1 1 4 3 3 5 0 0 0 0 2 5 5 7 5 5 3 3 0 0 0 0 0 0 0 0 0 0 0 0 
25 25 26 38 38 31 28 28 26 26 24 20 20 24 19 19 3 3 3 2 2 4 0 0 0 0 0 1 1 1 0 0 0 0 0 0 0 0 0 0 0 0 0 0 0 0 
19 19 21 24 24 27 23 23 10 10 12 19 19 23 23 23 10 10 9 4 4 2 2 2 3 3 4 1 1 0 0 0 0 0 0 0 0 0 0 0 0 0 0 0 0 0 
19 19 21 24 24 27 23 23 10 10 12 19 19 23 23 23 10 10 9 4 4 2 2 2 3 3 4 1 1 0 0 0 0 0 0 0 0 0 0 0 0 0 0 0 0 0 
16 16 16 25 25 32 35 35 32 32 12 13 13 10 8 8 9 9 7 1 1 1 0 0 0 0 7 4 4 0 1 1 0 0 0 0 0 0 0 0 0 0 0 0 0 0 
17 17 17 21 21 26 33 33 31 31 19 11 11 10 5 5 10 10 7 5 5 5 2 2 4 4 0 2 2 9 0 0 0 0 0 0 0 0 0 0 0 0 0 0 0 0 
17 17 17 21 21 26 33 33 31 31 19 11 11 10 5 5 10 10 7 5 5 5 2 2 4 4 0 2 2 9 0 0 0 0 0 0 0 0 0 0 0 0 0 0 0 0 
8 8 16 17 17 20 31 31 25 25 17 9 9 13 10 10 8 8 0 0 0 1 1 1 3 3 11 11 11 7 3 3 0 0 0 0 0 0 0 0 0 0 0 0 0 0 
8 8 16 17 17 20 31 31 25 25 17 9 9 13 10 10 8 8 0 0 0 1 1 1 3 3 11 11 11 7 3 3 0 0 0 0 0 0 0 0 0 0 0 0 0 0 
7 7 13 13 13 28 30 30 32 32 29 25 25 23 17 17 11 11 5 4 4 1 0 0 0 0 6 8 8 5 6 6 0 0 3 1 1 0 0 0 0 0 0 0 0 0 
7 7 12 17 17 24 31 31 34 34 16 22 22 12 8 8 4 4 9 4 4 1 1 1 0 0 6 2 2 3 3 3 3 3 0 0 0 0 0 0 0 0 0 0 0 0 
7 7 12 17 17 24 31 31 34 34 16 22 22 12 8 8 4 4 9 4 4 1 1 1 0 0 6 2 2 3 3 3 3 3 0 0 0 0 0 0 0 0 0 0 0 0 
12 12 12 16 16 23 19 19 22 22 7 9 9 7 8 8 2 2 5 2 2 3 2 2 0 0 0 2 2 0 0 0 0 0 0 0 0 0 0 0 0 0 0 0 0 0 
8 8 8 9 9 18 23 23 11 11 12 6 6 7 5 5 3 3 1 5 5 3 3 3 0 0 1 1 1 3 0 0 0 0 0 0 0 0 0 0 0 0 0 0 0 0 
8 8 8 9 9 18 23 23 11 11 12 6 6 7 5 5 3 3 1 5 5 3 3 3 0 0 1 1 1 3 0 0 0 0 0 0 0 0 0 0 0 0 0 0 0 0 
12 12 14 11 11 11 22 22 15 15 17 8 8 7 7 7 10 10 4 6 6 6 1 1 1 1 1 1 1 0 2 2 3 3 0 0 0 0 0 0 0 0 0 0 0 0 
12 12 14 11 11 11 22 22 15 15 17 8 8 7 7 7 10 10 4 6 6 6 1 1 1 1 1 1 1 0 2 2 3 3 0 0 0 0 0 0 0 0 0 0 0 0 
13 13 14 9 9 8 11 11 21 21 8 15 15 7 13 13 11 11 1 4 4 3 1 1 2 2 4 8 8 8 9 9 7 7 9 7 7 2 3 3 0 0 0 1 1 1 
11 11 7 11 11 11 13 13 18 18 13 14 14 8 8 8 6 6 1 1 1 4 5 5 2 2 5 5 5 5 6 6 7 7 10 8 8 3 0 0 0 0 1 1 1 0 
11 11 7 11 11 11 13 13 18 18 13 14 14 8 8 8 6 6 1 1 1 4 5 5 2 2 5 5 5 5 6 6 7 7 10 8 8 3 0 0 0 0 1 1 1 0 
7 7 5 7 7 4 10 10 14 14 11 9 9 6 8 8 8 8 5 1 1 7 6 6 5 5 6 4 4 5 8 8 9 9 8 10 10 6 1 1 0 0 0 0 0 0 
7 7 6 8 8 8 9 9 10 10 11 11 11 10 5 5 9 9 7 1 1 2 7 7 4 4 6 4 4 8 7 7 3 3 2 1 1 3 2 2 0 0 0 0 0 0 
7 7 6 8 8 8 9 9 10 10 11 11 11 10 5 5 9 9 7 1 1 2 7 7 4 4 6 4 4 8 7 7 3 3 2 1 1 3 2 2 0 0 0 0 0 0 
3 3 1 2 2 2 3 3 9 9 10 6 6 12 11 11 21 21 8 3 3 1 4 4 8 8 3 1 1 2 4 4 3 3 5 1 1 0 0 0 1 1 1 0 0 0 
3 3 1 2 2 2 3 3 9 9 10 6 6 12 11 11 21 21 8 3 3 1 4 4 8 8 3 1 1 2 4 4 3 3 5 1 1 0 0 0 1 1 1 0 0 0 
1 1 0 1 1 1 1 1 8 8 10 16 16 12 13 13 24 24 11 3 3 8 4 4 9 9 11 2 2 5 7 7 4 4 2 1 1 2 0 0 1 1 0 0 0 0 
0 0 1 2 2 4 7 7 6 6 9 18 18 9 9 9 10 10 5 7 7 5 11 11 18 18 18 9 9 10 6 6 4 4 3 1 1 0 2 2 2 2 0 0 0 0 
0 0 1 2 2 4 7 7 6 6 9 18 18 9 9 9 10 10 5 7 7 5 11 11 18 18 18 9 9 10 6 6 4 4 3 1 1 0 2 2 2 2 0 0 0 0 
0 0 1 1 1 4 9 9 16 16 23 20 20 14 8 8 13 13 16 21 21 24 14 14 17 17 17 13 13 19 13 13 10 10 3 0 0 0 2 2 0 0 0 0 0 0 
0 0 0 0 0 1 3 3 5 5 22 19 19 34 12 12 7 7 9 14 14 20 24 24 25 25 29 14 14 16 10 10 10 10 4 2 2 0 2 2 0 0 0 0 0 0 
0 0 0 0 0 1 3 3 5 5 22 19 19 34 12 12 7 7 9 14 14 20 24 24 25 25 29 14 14 16 10 10 10 10 4 2 2 0 2 2 0 0 0 0 0 0 
0 0 0 0 0 1 2 2 2 2 9 11 11 25 3 3 13 13 11 11 11 9 8 8 12 12 17 3 3 4 3 3 1 1 0 0 0 0 0 0 1 1 2 2 2 2 
0 0 0 0 0 1 2 2 2 2 9 11 11 25 3 3 13 13 11 11 11 9 8 8 12 12 17 3 3 4 3 3 1 1 0 0 0 0 0 0 1 1 2 2 2 2 
0 0 0 0 0 1 0 0 2 2 3 4 4 5 3 3 6 6 7 7 7 8 8 8 11 11 13 4 4 6 4 4 3 3 2 3 3 2 2 2 2 2 4 3 3 2 
0 0 0 1 1 1 0 0 0 0 1 2 2 3 2 2 2 2 3 14 14 16 5 5 0 0 3 3 3 6 5 5 4 4 5 12 12 8 9 9 8 8 4 3 3 2 
0 0 0 1 1 1 0 0 0 0 1 2 2 3 2 2 2 2 3 14 14 16 5 5 0 0 3 3 3 6 5 5 4 4 5 12 12 8 9 9 8 8 4 3 3 2 
0 0 1 1 1 1 0 0 0 0 0 2 2 3 2 2 1 1 2 1 1 0 1 1 0 0 5 6 6 3 7 7 5 5 3 9 9 7 9 9 4 4 4 2 2 1 
0 0 1 1 1 0 0 0 0 0 0 1 1 1 1 1 0 0 0 0 0 0 0 0 0 0 1 4 4 2 5 5 4 4 3 3 3 3 1 1 1 1 1 1 1 0 
0 0 1 1 1 0 0 0 0 0 0 1 1 1 1 1 0 0 0 0 0 0 0 0 0 0 1 4 4 2 5 5 4 4 3 3 3 3 1 1 1 1 1 1 1 0 
0 0 1 1 1 0 0 0 0 0 0 1 1 1 1 1 1 1 0 0 0 0 0 0 0 0 0 5 5 6 5 5 2 2 1 1 1 1 1 1 0 0 0 0 0 1 
0 0 1 1 1 0 0 0 0 0 0 1 1 1 1 1 1 1 0 0 0 0 0 0 0 0 0 5 5 6 5 5 2 2 1 1 1 1 1 1 0 0 0 0 0 1 
1 1 1 0 0 0 0 0 0 0 0 1 1 1 1 1 1 1 0 0 0 0 1 1 0 0 0 1 1 8 5 5 2 2 2 1 1 1 1 1 1 1 0 0 0 1 
1 1 1 0 0 0 0 0 0 0 0 1 1 0 0 0 1 1 1 0 0 1 0 0 1 1 0 0 0 1 2 2 2 2 0 1 1 0 1 1 0 0 0 0 0 0 
1 1 1 0 0 0 0 0 0 0 0 1 1 0 0 0 1 1 1 0 0 1 0 0 1 1 0 0 0 1 2 2 2 2 0 1 1 0 1 1 0 0 0 0 0 0 
0 0 0 0 0 0 0 0 0 0 0 0 0 0 0 0 0 0 1 0 0 0 0 0 0 0 0 0 0 0 0 0 3 3 1 0 0 0 0 0 0 0 0 0 0 0 
1 1 0 0 0 0 0 0 0 0 0 0 0 0 0 0 0 0 0 1 1 0 0 0 0 0 0 0 0 0 0 0 0 0 1 0 0 0 0 0 0 0 0 0 0 0 
1 1 0 0 0 0 0 0 0 0 0 0 0 0 0 0 0 0 0 1 1 0 0 0 0 0 0 0 0 0 0 0 0 0 1 0 0 0 0 0 0 0 0 0 0 0 
1 1 0 0 0 0 0 0 0 0 0 0 0 0 0 0 0 0 0 0 0 0 0 0 0 0 0 0 0 0 0 0 0 0 0 0 0 0 0 0 0 0 0 0 0 0 
1 1 0 0 0 0 0 0 0 0 0 0 0 0 0 0 0 0 0 0 0 0 0 0 0 0 0 0 0 0 0 0 0 0 0 0 0 0 0 0 0 0 0 0 0 0 
0 0 0 0 0 0 0 0 0 0 0 0 0 0 0 0 0 0 0 1 1 1 0 0 0 0 0 0 0 0 0 0 0 0 0 0 0 0 0 0 0 0 0 0 0 0 
0 0 0 0 0 0 0 0 0 0 0 0 0 0 0 0 0 0 0 1 1 1 1 1 0 0 0 1 1 2 1 1 1 1 0 0 0 0 0 0 0 0 0 0 0 0 
0 0 0 0 0 0 0 0 0 0 0 0 0 0 0 0 0 0 0 1 1 1 1 1 0 0 0 1 1 2 1 1 1 1 0 0 0 0 0 0 0 0 0 0 0 0 
0 0 0 0 0 0 0 0 0 0 0 0 0 0 0 0 0 0 0 1 1 1 1 1 2 2 1 0 0 1 1 1 1 1 2 1 1 1 0 0 0 0 0 0 0 0 
0 0 0 0 0 0 0 0 0 0 0 0 0 0 0 0 0 0 0 0 0 1 1 1 1 1 0 0 0 0 0 0 1 1 2 1 1 3 3 3 4 4 0 0 0 0 
