assets/RAT_results/precipitation/2024-12-14_IMERG.asc
ncols        46
nrows        77
xllcorner    74.800261325624
yllcorner    8.058333333333
cellsize     0.062500000000
NODATA_value -9999
0 0 0 0 0 0 0 0 0 0 0 0 0 0 0 0 0 0 0 0 0 0 0 0 0 0 0 0 0 0 0 0 0 0 0 0 0 0 0 0 0 0 0 0 0 0 
0 0 0 0 0 0 0 0 0 0 0 0 0 0 0 0 0 0 0 0 0 0 0 0 0 0 0 0 0 0 0 0 0 0 0 0 0 0 0 0 0 0 0 0 0 0 
0 0 0 0 0 0 0 0 0 0 0 0 0 0 0 0 0 0 0 0 0 0 0 0 0 0 0 0 0 0 0 0 0 0 0 0 0 0 0 0 0 0 0 0 0 0 
0 0 0 0 0 0 0 0 0 0 0 0 0 0 0 0 0 0 0 0 0 0 0 0 0 0 0 0 0 0 0 0 0 0 0 0 0 0 0 0 0 0 0 0 0 0 
0 0 0 0 0 0 0 0 0 0 0 0 0 0 0 0 0 0 0 0 0 0 0 0 0 0 0 0 0 0 0 0 0 0 0 0 0 0 0 0 0 0 0 0 0 0 
0 0 0 0 0 0 0 0 0 0 0 0 0 0 0 0 0 0 0 0 0 0 0 0 0 0 0 0 0 0 0 0 0 0 0 0 0 0 0 0 0 0 0 0 0 0 
0 0 0 0 0 0 0 0 0 0 0 0 0 0 0 0 0 0 0 0 0 0 0 0 0 0 0 0 0 0 0 0 0 0 0 0 0 0 0 0 0 0 0 0 0 0 
0 0 0 0 0 0 0 0 0 0 0 0 0 0 0 0 0 0 0 0 0 0 0 0 0 0 0 0 0 0 0 0 0 0 0 0 0 0 0 0 0 0 0 0 0 0 
0 0 0 0 0 5 0 0 1 1 2 1 1 0 0 0 0 0 0 0 0 0 0 0 0 0 0 0 0 0 0 0 0 0 0 0 0 0 0 0 0 0 0 0 0 0 
0 0 0 0 0 6 2 2 3 3 5 0 0 0 0 0 0 0 0 0 0 0 0 0 0 0 0 0 0 0 0 0 0 0 0 0 0 0 0 0 0 0 0 0 0 0 
0 0 0 0 0 6 2 2 3 3 5 0 0 0 0 0 0 0 0 0 0 0 0 0 0 0 0 0 0 0 0 0 0 0 0 0 0 0 0 0 0 0 0 0 0 0 
0 0 0 0 0 1 11 11 5 5 0 0 0 0 0 0 0 0 0 0 0 0 0 0 0 0 0 0 0 0 0 0 0 0 0 0 0 0 0 0 0 0 0 0 0 0 
0 0 0 0 0 0 0 0 4 4 4 0 0 0 0 0 0 0 0 0 0 0 0 0 0 0 0 0 0 0 0 0 0 0 0 0 0 0 0 0 0 0 0 0 0 0 
0 0 0 0 0 0 0 0 4 4 4 0 0 0 0 0 0 0 0 0 0 0 0 0 0 0 0 0 0 0 0 0 0 0 0 0 0 0 0 0 0 0 0 0 0 0 
0 0 0 0 0 0 0 0 0 0 0 0 0 0 0 0 1 1 0 0 0 0 0 0 0 0 0 0 0 0 0 0 0 0 0 0 0 0 0 0 0 0 0 0 0 0 
0 0 0 0 0 0 0 0 0 0 0 0 0 0 0 0 1 1 0 0 0 0 0 0 0 0 0 0 0 0 0 0 0 0 0 0 0 0 0 0 0 0 0 0 0 0 
0 0 0 0 0 0 0 0 0 0 8 0 0 0 1 1 3 3 0 0 0 0 0 0 0 0 0 0 0 0 0 0 0 0 0 0 0 0 0 0 0 0 0 0 0 0 
0 0 0 0 0 0 0 0 0 0 0 0 0 2 0 0 0 0 0 0 0 0 0 0 0 0 0 0 0 0 0 0 0 0 0 0 0 0 0 0 0 0 0 0 0 0 
0 0 0 0 0 0 0 0 0 0 0 0 0 2 0 0 0 0 0 0 0 0 0 0 0 0 0 0 0 0 0 0 0 0 0 0 0 0 0 0 0 0 0 0 0 0 
0 0 0 0 0 0 0 0 0 0 0 0 0 3 2 2 0 0 1 0 0 0 0 0 0 0 0 0 0 0 0 0 0 0 0 0 0 0 0 0 0 0 0 0 0 0 
0 0 0 0 0 0 0 0 0 0 0 0 0 1 1 1 1 1 0 0 0 0 0 0 0 0 0 0 0 0 0 0 0 0 0 0 0 0 0 0 0 0 0 0 0 0 
0 0 0 0 0 0 0 0 0 0 0 0 0 1 1 1 1 1 0 0 0 0 0 0 0 0 0 0 0 0 0 0 0 0 0 0 0 0 0 0 0 0 0 0 0 0 
0 0 0 0 0 0 0 0 0 0 0 0 0 0 0 0 0 0 0 1 1 0 0 0 0 0 0 0 0 1 0 0 0 0 0 0 0 0 0 0 0 0 0 0 0 0 
0 0 0 0 0 0 0 0 0 0 0 0 0 0 0 0 0 0 0 1 1 0 0 0 0 0 0 0 0 1 0 0 0 0 0 0 0 0 0 0 0 0 0 0 0 0 
0 0 0 0 0 0 0 0 0 0 0 0 0 0 0 0 0 0 1 2 2 0 0 0 0 0 0 0 0 1 0 0 0 0 0 0 0 0 0 0 0 0 0 0 0 0 
1 1 0 0 0 0 1 1 1 1 0 0 0 0 2 2 1 1 0 0 0 0 0 0 0 0 0 1 1 0 0 0 0 0 0 0 0 0 0 0 0 0 0 0 0 0 
1 1 0 0 0 0 1 1 1 1 0 0 0 0 2 2 1 1 0 0 0 0 0 0 0 0 0 1 1 0 0 0 0 0 0 0 0 0 0 0 0 0 0 0 0 0 
1 1 0 1 1 0 1 1 1 1 1 0 0 1 1 1 0 0 1 2 2 2 2 2 0 0 0 0 0 0 0 0 0 0 0 0 0 0 0 0 0 0 0 0 0 0 
1 1 1 0 0 1 1 1 2 2 1 1 1 1 1 1 1 1 1 1 1 2 1 1 0 0 1 1 1 1 0 0 0 0 0 0 0 0 0 0 0 0 0 0 0 0 
1 1 1 0 0 1 1 1 2 2 1 1 1 1 1 1 1 1 1 1 1 2 1 1 0 0 1 1 1 1 0 0 0 0 0 0 0 0 0 0 0 0 0 0 0 0 
1 1 1 1 1 1 2 2 2 2 2 2 2 3 3 3 2 2 3 5 5 6 6 6 5 5 3 2 2 1 1 1 1 1 1 0 0 0 0 0 0 0 0 0 0 0 
1 1 1 1 1 1 2 2 2 2 2 2 2 3 3 3 2 2 3 5 5 6 6 6 5 5 3 2 2 1 1 1 1 1 1 0 0 0 0 0 0 0 0 0 0 0 
3 3 3 3 3 3 3 3 4 4 5 5 5 5 5 5 5 5 5 7 7 9 9 9 9 9 9 9 9 7 5 5 4 4 3 2 2 1 0 0 0 0 0 1 1 3 
4 4 4 3 3 3 3 3 4 4 5 5 5 5 5 5 6 6 6 9 9 10 11 11 11 11 12 11 11 11 9 9 6 6 4 3 3 2 1 1 0 0 0 2 2 1 
4 4 4 3 3 3 3 3 4 4 5 5 5 5 5 5 6 6 6 9 9 10 11 11 11 11 12 11 11 11 9 9 6 6 4 3 3 2 1 1 0 0 0 2 2 1 
5 5 4 4 4 3 4 4 4 4 4 4 4 5 5 5 5 5 7 9 9 10 11 11 13 13 12 12 12 12 10 10 8 8 6 4 4 3 1 1 1 1 1 1 1 3 
4 4 4 4 4 4 4 4 4 4 5 6 6 5 4 4 4 4 6 7 7 9 10 10 11 11 11 11 11 11 10 10 9 9 7 5 5 3 3 3 2 2 1 0 0 1 
4 4 4 4 4 4 4 4 4 4 5 6 6 5 4 4 4 4 6 7 7 9 10 10 11 11 11 11 11 11 10 10 9 9 7 5 5 3 3 3 2 2 1 0 0 1 
4 4 4 4 4 4 4 4 4 4 4 5 5 4 4 4 4 4 5 5 5 6 8 8 10 10 12 13 13 13 14 14 13 13 11 8 8 7 6 6 4 4 2 1 1 1 
4 4 4 4 4 4 4 4 4 4 4 5 5 4 4 4 4 4 5 5 5 6 8 8 10 10 12 13 13 13 14 14 13 13 11 8 8 7 6 6 4 4 2 1 1 1 
4 4 4 4 4 4 4 4 4 4 3 3 3 3 3 3 3 3 3 3 3 3 5 5 6 6 8 9 9 10 11 11 12 12 13 14 14 9 8 8 7 7 5 4 4 7 
4 4 4 4 4 4 4 4 3 3 3 2 2 3 3 3 2 2 3 3 3 3 5 5 7 7 9 9 9 11 13 13 13 13 13 15 15 12 14 14 10 10 14 7 7 5 
4 4 4 4 4 4 4 4 3 3 3 2 2 3 3 3 2 2 3 3 3 3 5 5 7 7 9 9 9 11 13 13 13 13 13 15 15 12 14 14 10 10 14 7 7 5 
3 3 3 3 3 3 3 3 3 3 3 3 3 2 2 2 2 2 2 3 3 4 6 6 8 8 8 9 9 10 12 12 12 12 12 12 12 13 11 11 14 14 8 8 8 9 
4 4 3 3 3 3 3 3 3 3 3 3 3 2 2 2 2 2 3 4 4 5 7 7 8 8 8 11 11 11 10 10 9 9 9 13 13 11 8 8 9 9 8 7 7 7 
4 4 3 3 3 3 3 3 3 3 3 3 3 2 2 2 2 2 3 4 4 5 7 7 8 8 8 11 11 11 10 10 9 9 9 13 13 11 8 8 9 9 8 7 7 7 
4 4 3 2 2 2 2 2 2 2 2 2 2 2 2 2 3 3 3 4 4 4 5 5 5 5 7 9 9 10 10 10 8 8 10 9 9 6 4 4 4 4 4 5 5 5 
4 4 3 2 2 2 2 2 2 2 2 2 2 2 2 2 3 3 3 4 4 4 5 5 5 5 7 9 9 10 10 10 8 8 10 9 9 6 4 4 4 4 4 5 5 5 
4 4 2 1 1 1 1 1 1 1 1 2 2 2 2 2 3 3 4 4 4 4 4 4 4 4 6 8 8 11 11 11 8 8 10 10 10 8 5 5 3 3 3 3 3 4 
5 5 3 2 2 2 2 2 2 2 3 4 4 3 2 2 3 3 4 3 3 3 4 4 4 4 6 6 6 8 9 9 9 9 11 11 11 10 9 9 6 6 2 2 2 2 
5 5 3 2 2 2 2 2 2 2 3 4 4 3 2 2 3 3 4 3 3 3 4 4 4 4 6 6 6 8 9 9 9 9 11 11 11 10 9 9 6 6 2 2 2 2 
10 10 4 2 2 2 3 3 4 4 5 5 5 3 3 3 3 3 3 2 2 3 5 5 5 5 6 6 6 7 8 8 10 10 11 10 10 11 10 10 7 7 4 3 3 2 
19 19 9 3 3 3 3 3 4 4 5 3 3 3 2 2 2 2 1 2 2 4 4 4 4 4 4 5 5 5 7 7 9 9 11 11 11 12 12 12 10 10 6 4 4 3 
19 19 9 3 3 3 3 3 4 4 5 3 3 3 2 2 2 2 1 2 2 4 4 4 4 4 4 5 5 5 7 7 9 9 11 11 11 12 12 12 10 10 6 4 4 3 
17 17 8 3 3 3 4 4 4 4 3 3 3 3 2 2 1 1 1 2 2 2 3 3 4 4 5 5 5 6 8 8 9 9 12 16 16 16 16 16 15 15 12 9 9 6 
17 17 8 3 3 3 4 4 4 4 3 3 3 3 2 2 1 1 1 2 2 2 3 3 4 4 5 5 5 6 8 8 9 9 12 16 16 16 16 16 15 15 12 9 9 6 
15 15 6 4 4 4 4 4 4 4 4 3 3 3 2 2 1 1 2 2 2 1 2 2 5 5 6 7 7 7 8 8 12 12 16 19 19 17 18 18 20 20 20 17 17 13 
13 13 11 9 9 7 6 6 5 5 6 4 4 3 2 2 2 2 2 2 2 2 2 2 4 4 7 7 7 7 11 11 16 16 22 28 28 23 23 23 27 27 26 24 24 20 
13 13 11 9 9 7 6 6 5 5 6 4 4 3 2 2 2 2 2 2 2 2 2 2 4 4 7 7 7 7 11 11 16 16 22 28 28 23 23 23 27 27 26 24 24 20 
15 15 11 9 9 12 11 11 9 9 8 10 10 7 5 5 4 4 3 3 3 3 3 3 5 5 8 6 6 9 12 12 18 18 24 27 27 29 31 31 31 31 32 31 31 28 
19 19 13 12 12 10 13 13 12 12 24 27 27 32 24 24 10 10 6 5 5 5 6 6 6 6 4 8 8 9 13 13 19 19 23 28 28 32 36 36 36 36 35 35 35 33 
19 19 13 12 12 10 13 13 12 12 24 27 27 32 24 24 10 10 6 5 5 5 6 6 6 6 4 8 8 9 13 13 19 19 23 28 28 32 36 36 36 36 35 35 35 33 
21 21 19 17 17 16 14 14 21 21 54 62 62 74 62 62 39 39 33 18 18 10 4 4 3 3 4 8 8 14 13 13 17 17 21 26 26 30 36 36 36 36 36 35 35 34 
21 21 19 17 17 16 14 14 21 21 54 62 62 74 62 62 39 39 33 18 18 10 4 4 3 3 4 8 8 14 13 13 17 17 21 26 26 30 36 36 36 36 36 35 35 34 
20 20 18 18 18 17 14 14 15 15 28 77 77 86 80 80 68 68 47 23 23 13 9 9 3 3 4 11 11 14 13 13 16 16 21 27 27 32 34 34 38 38 40 40 40 38 
23 23 24 20 20 22 29 29 49 49 59 59 59 61 52 52 40 40 32 26 26 20 20 20 6 6 9 10 10 15 13 13 18 18 23 28 28 27 28 28 31 31 34 37 37 39 
23 23 24 20 20 22 29 29 49 49 59 59 59 61 52 52 40 40 32 26 26 20 20 20 6 6 9 10 10 15 13 13 18 18 23 28 28 27 28 28 31 31 34 37 37 39 
23 23 28 29 29 26 24 24 19 19 30 29 29 32 40 40 33 33 33 31 31 28 27 27 19 19 7 7 7 13 11 11 17 17 24 28 28 27 29 29 31 31 30 31 31 31 
25 25 32 32 32 27 26 26 20 20 23 25 25 30 35 35 37 37 36 32 32 32 38 38 15 15 30 16 16 11 21 21 19 19 21 23 23 21 23 23 22 22 24 24 24 26 
25 25 32 32 32 27 26 26 20 20 23 25 25 30 35 35 37 37 36 32 32 32 38 38 15 15 30 16 16 11 21 21 19 19 21 23 23 21 23 23 22 22 24 24 24 26 
37 37 28 25 25 23 21 21 16 16 21 26 26 27 32 32 35 35 29 28 28 28 23 23 10 10 24 21 21 12 19 19 21 21 18 17 17 16 14 14 18 18 18 17 17 20 
37 37 28 25 25 23 21 21 16 16 21 26 26 27 32 32 35 35 29 28 28 28 23 23 10 10 24 21 21 12 19 19 21 21 18 17 17 16 14 14 18 18 18 17 17 20 
32 32 32 23 23 21 18 18 13 13 13 20 20 20 22 22 26 26 25 24 24 23 23 23 11 11 14 10 10 14 14 14 13 13 17 15 15 10 12 12 12 12 11 12 12 13 
26 26 36 28 28 31 27 27 25 25 18 25 25 20 18 18 24 24 20 20 20 22 21 21 13 13 9 10 10 11 12 12 10 10 7 10 10 8 8 8 8 8 6 6 6 5 
26 26 36 28 28 31 27 27 25 25 18 25 25 20 18 18 24 24 20 20 20 22 21 21 13 13 9 10 10 11 12 12 10 10 7 10 10 8 8 8 8 8 6 6 6 5 
15 15 20 18 18 21 22 22 21 21 19 17 17 18 18 18 20 20 19 19 19 18 14 14 8 8 10 19 19 9 8 8 3 3 3 5 5 6 7 7 4 4 3 2 2 2 
9 9 9 10 10 14 17 17 17 17 15 16 16 11 18 18 18 18 17 18 18 17 12 12 7 7 21 34 34 6 4 4 3 3 3 3 3 3 3 3 3 3 2 2 2 1 
