assets/RAT_results/precipitation/2024-10-08_IMERG.asc
ncols        46
nrows        77
xllcorner    74.800261325624
yllcorner    8.058333333333
cellsize     0.062500000000
NODATA_value -9999
15 15 14 14 14 15 16 16 14 14 27 36 36 29 22 22 20 20 15 5 5 0 0 0 0 0 0 0 0 0 0 0 1 1 2 5 5 2 2 2 2 2 3 5 5 4 
15 15 12 13 13 11 14 14 12 12 19 38 38 26 18 18 15 15 13 6 6 1 1 1 1 1 1 1 1 1 0 0 0 0 1 2 2 2 1 1 2 2 4 5 5 5 
15 15 12 13 13 11 14 14 12 12 19 38 38 26 18 18 15 15 13 6 6 1 1 1 1 1 1 1 1 1 0 0 0 0 1 2 2 2 1 1 2 2 4 5 5 5 
18 18 11 11 11 11 9 9 9 9 13 18 18 21 22 22 18 18 12 8 8 2 4 4 7 7 2 2 2 2 1 1 1 1 1 1 1 2 1 1 1 1 2 3 3 4 
17 17 17 14 14 17 12 12 7 7 5 12 12 17 22 22 24 24 14 6 6 10 5 5 6 6 4 3 3 3 2 2 3 3 4 3 3 3 2 2 2 2 2 2 2 3 
17 17 17 14 14 17 12 12 7 7 5 12 12 17 22 22 24 24 14 6 6 10 5 5 6 6 4 3 3 3 2 2 3 3 4 3 3 3 2 2 2 2 2 2 2 3 
16 16 21 20 20 16 9 9 5 5 3 6 6 11 17 17 20 20 12 8 8 8 6 6 6 6 4 4 4 4 3 3 4 4 7 7 7 6 1 1 1 1 2 2 2 3 
16 16 21 20 20 16 9 9 5 5 3 6 6 11 17 17 20 20 12 8 8 8 6 6 6 6 4 4 4 4 3 3 4 4 7 7 7 6 1 1 1 1 2 2 2 3 
15 15 20 28 28 17 8 8 4 4 4 6 6 9 14 14 26 26 19 6 6 4 5 5 5 5 4 4 4 4 4 4 5 5 8 9 9 9 3 3 1 1 1 1 1 3 
16 16 17 29 29 20 11 11 4 4 4 7 7 9 14 14 26 26 21 7 7 3 4 4 6 6 5 4 4 4 4 4 6 6 8 9 9 11 5 5 2 2 1 2 2 5 
16 16 17 29 29 20 11 11 4 4 4 7 7 9 14 14 26 26 21 7 7 3 4 4 6 6 5 4 4 4 4 4 6 6 8 9 9 11 5 5 2 2 1 2 2 5 
21 21 28 30 30 21 16 16 7 7 3 5 5 11 17 17 13 13 22 20 20 9 7 7 6 6 6 8 8 6 5 5 6 6 8 9 9 11 5 5 2 2 3 3 3 5 
27 27 25 24 24 24 13 13 8 8 4 5 5 8 11 11 12 12 19 35 35 22 11 11 8 8 8 13 13 13 9 9 7 7 8 9 9 7 4 4 3 3 4 4 4 7 
27 27 25 24 24 24 13 13 8 8 4 5 5 8 11 11 12 12 19 35 35 22 11 11 8 8 8 13 13 13 9 9 7 7 8 9 9 7 4 4 3 3 4 4 4 7 
28 28 25 22 22 16 9 9 7 7 6 6 6 5 9 9 10 10 10 18 18 28 12 12 11 11 12 16 16 18 13 13 9 9 9 9 9 6 3 3 3 3 4 4 4 7 
28 28 25 22 22 16 9 9 7 7 6 6 6 5 9 9 10 10 10 18 18 28 12 12 11 11 12 16 16 18 13 13 9 9 9 9 9 6 3 3 3 3 4 4 4 7 
28 28 24 12 12 13 6 6 8 8 7 6 6 4 5 5 7 7 7 9 9 12 12 12 14 14 16 16 16 11 10 10 11 11 15 11 11 6 3 3 3 3 4 5 5 7 
26 26 38 21 21 9 6 6 5 5 9 7 7 4 3 3 2 2 4 4 4 7 11 11 12 12 11 12 12 10 10 10 12 12 19 15 15 7 4 4 3 3 4 5 5 7 
26 26 38 21 21 9 6 6 5 5 9 7 7 4 3 3 2 2 4 4 4 7 11 11 12 12 11 12 12 10 10 10 12 12 19 15 15 7 4 4 3 3 4 5 5 7 
23 23 42 28 28 15 8 8 4 4 5 8 8 4 3 3 1 1 1 1 1 5 10 10 10 10 14 14 14 13 11 11 17 17 19 20 20 10 5 5 3 3 4 5 5 6 
37 37 31 29 29 20 12 12 6 6 5 13 13 6 1 1 1 1 1 2 2 4 10 10 11 11 18 20 20 16 17 17 24 24 25 23 23 19 9 9 7 7 7 8 8 8 
37 37 31 29 29 20 12 12 6 6 5 13 13 6 1 1 1 1 1 2 2 4 10 10 11 11 18 20 20 16 17 17 24 24 25 23 23 19 9 9 7 7 7 8 8 8 
36 36 31 29 29 26 25 25 17 17 8 6 6 4 4 4 1 1 2 2 2 4 8 8 13 13 22 24 24 20 21 21 29 29 30 29 29 26 14 14 11 11 14 14 14 13 
36 36 31 29 29 26 25 25 17 17 8 6 6 4 4 4 1 1 2 2 2 4 8 8 13 13 22 24 24 20 21 21 29 29 30 29 29 26 14 14 11 11 14 14 14 13 
34 34 30 27 27 28 19 19 13 13 10 7 7 7 4 4 4 4 1 2 2 2 5 5 11 11 17 23 23 19 24 24 34 34 38 35 35 35 20 20 14 14 14 16 16 16 
37 37 34 29 29 26 14 14 9 9 14 13 13 9 5 5 5 5 2 2 2 2 3 3 10 10 13 21 21 26 31 31 34 34 42 43 43 48 29 29 21 21 20 22 22 23 
37 37 34 29 29 26 14 14 9 9 14 13 13 9 5 5 5 5 2 2 2 2 3 3 10 10 13 21 21 26 31 31 34 34 42 43 43 48 29 29 21 21 20 22 22 23 
34 34 25 27 27 19 15 15 8 8 5 5 5 4 4 4 6 6 6 3 3 2 4 4 10 10 15 26 26 34 35 35 39 39 50 44 44 50 41 41 31 31 29 31 31 33 
26 26 18 17 17 14 10 10 11 11 5 4 4 4 3 3 8 8 6 3 3 3 8 8 19 19 19 34 34 38 40 40 38 38 56 54 54 55 41 41 33 33 31 37 37 40 
26 26 18 17 17 14 10 10 11 11 5 4 4 4 3 3 8 8 6 3 3 3 8 8 19 19 19 34 34 38 40 40 38 38 56 54 54 55 41 41 33 33 31 37 37 40 
25 25 21 19 19 14 13 13 7 7 6 4 4 3 4 4 6 6 7 5 5 5 6 6 13 13 16 31 31 29 36 36 36 36 50 51 51 49 40 40 31 31 32 41 41 44 
25 25 21 19 19 14 13 13 7 7 6 4 4 3 4 4 6 6 7 5 5 5 6 6 13 13 16 31 31 29 36 36 36 36 50 51 51 49 40 40 31 31 32 41 41 44 
22 22 22 21 21 18 17 17 12 12 8 4 4 3 2 2 4 4 5 5 5 4 4 4 7 7 12 19 19 18 26 26 33 33 55 57 57 53 41 41 28 28 28 36 36 41 
25 25 24 23 23 22 22 22 20 20 8 5 5 3 1 1 2 2 5 4 4 5 3 3 2 2 4 6 6 11 16 16 32 32 49 54 54 49 40 40 27 27 25 29 29 37 
25 25 24 23 23 22 22 22 20 20 8 5 5 3 1 1 2 2 5 4 4 5 3 3 2 2 4 6 6 11 16 16 32 32 49 54 54 49 40 40 27 27 25 29 29 37 
38 38 35 26 26 25 24 24 21 21 9 5 5 5 2 2 2 2 3 5 5 4 1 1 3 3 5 7 7 9 15 15 39 39 48 58 58 55 36 36 24 24 24 28 28 33 
40 40 46 32 32 33 33 33 30 30 14 7 7 5 3 3 2 2 2 5 5 3 1 1 2 2 4 7 7 13 11 11 32 32 42 52 52 39 24 24 20 20 26 25 25 30 
40 40 46 32 32 33 33 33 30 30 14 7 7 5 3 3 2 2 2 5 5 3 1 1 2 2 4 7 7 13 11 11 32 32 42 52 52 39 24 24 20 20 26 25 25 30 
55 55 58 43 43 45 33 33 33 33 15 9 9 6 3 3 3 3 4 3 3 5 3 3 1 1 3 6 6 7 11 11 16 16 30 30 30 32 20 20 20 20 28 24 24 26 
55 55 58 43 43 45 33 33 33 33 15 9 9 6 3 3 3 3 4 3 3 5 3 3 1 1 3 6 6 7 11 11 16 16 30 30 30 32 20 20 20 20 28 24 24 26 
61 61 61 49 49 48 39 39 29 29 18 17 17 9 5 5 5 5 4 4 4 5 2 2 1 1 1 2 2 3 9 9 13 13 20 22 22 24 26 26 18 18 17 21 21 21 
66 66 65 45 45 44 29 29 19 19 17 31 31 15 6 6 4 4 2 3 3 5 3 3 1 1 0 1 1 1 5 5 7 7 16 21 21 27 27 27 26 26 21 20 20 21 
66 66 65 45 45 44 29 29 19 19 17 31 31 15 6 6 4 4 2 3 3 5 3 3 1 1 0 1 1 1 5 5 7 7 16 21 21 27 27 27 26 26 21 20 20 21 
72 72 63 37 37 46 32 32 23 23 16 17 17 7 6 6 3 3 3 3 3 3 3 3 1 1 1 1 1 2 3 3 4 4 11 13 13 20 24 24 23 23 22 20 20 16 
79 79 54 36 36 36 35 35 38 38 22 12 12 6 5 5 5 5 3 1 1 2 5 5 3 3 1 1 1 2 4 4 4 4 9 11 11 12 18 18 20 20 21 13 13 10 
79 79 54 36 36 36 35 35 38 38 22 12 12 6 5 5 5 5 3 1 1 2 5 5 3 3 1 1 1 2 4 4 4 4 9 11 11 12 18 18 20 20 21 13 13 10 
58 58 45 36 36 36 32 32 30 30 19 7 7 8 7 7 5 5 3 1 1 2 2 2 4 4 3 1 1 1 2 2 2 2 7 11 11 13 17 17 18 18 13 8 8 7 
58 58 45 36 36 36 32 32 30 30 19 7 7 8 7 7 5 5 3 1 1 2 2 2 4 4 3 1 1 1 2 2 2 2 7 11 11 13 17 17 18 18 13 8 8 7 
64 64 38 28 28 34 43 43 39 39 31 5 5 7 12 12 9 9 3 2 2 2 2 2 5 5 4 1 1 1 1 1 2 2 1 4 4 7 7 7 8 8 6 6 6 5 
72 72 48 34 34 26 25 25 30 30 24 4 4 5 12 12 7 7 6 3 3 2 2 2 4 4 3 2 2 2 2 2 1 1 3 4 4 3 6 6 5 5 11 13 13 14 
72 72 48 34 34 26 25 25 30 30 24 4 4 5 12 12 7 7 6 3 3 2 2 2 4 4 3 2 2 2 2 2 1 1 3 4 4 3 6 6 5 5 11 13 13 14 
37 37 28 26 26 25 22 22 28 28 22 8 8 13 8 8 6 6 3 2 2 1 2 2 2 2 2 2 2 1 1 1 2 2 2 3 3 1 2 2 5 5 18 21 21 20 
31 31 29 21 21 19 18 18 13 13 9 9 9 9 4 4 5 5 3 2 2 1 2 2 4 4 6 5 5 2 1 1 0 0 0 0 0 4 3 3 14 14 18 20 20 22 
31 31 29 21 21 19 18 18 13 13 9 9 9 9 4 4 5 5 3 2 2 1 2 2 4 4 6 5 5 2 1 1 0 0 0 0 0 4 3 3 14 14 18 20 20 22 
42 42 34 20 20 16 14 14 11 11 9 8 8 4 4 4 4 4 5 3 3 2 3 3 5 5 6 4 4 1 1 1 0 0 0 1 1 3 3 3 11 11 11 5 5 2 
42 42 34 20 20 16 14 14 11 11 9 8 8 4 4 4 4 4 5 3 3 2 3 3 5 5 6 4 4 1 1 1 0 0 0 1 1 3 3 3 11 11 11 5 5 2 
42 42 29 13 13 12 16 16 12 12 13 13 13 5 4 4 5 5 6 5 5 3 3 3 6 6 8 7 7 2 2 2 1 1 0 1 1 2 2 2 10 10 11 1 1 1 
23 23 16 10 10 11 11 11 18 18 21 25 25 17 18 18 11 11 11 8 8 5 4 4 5 5 9 5 5 8 4 4 1 1 1 1 1 1 2 2 1 1 0 0 0 0 
23 23 16 10 10 11 11 11 18 18 21 25 25 17 18 18 11 11 11 8 8 5 4 4 5 5 9 5 5 8 4 4 1 1 1 1 1 1 2 2 1 1 0 0 0 0 
11 11 11 8 8 9 10 10 18 18 24 23 23 21 18 18 19 19 15 20 20 14 7 7 6 6 5 7 7 10 7 7 7 7 7 1 1 1 2 2 1 1 0 0 0 0 
12 12 10 11 11 9 12 12 17 17 18 18 18 17 15 15 15 15 15 22 22 13 7 7 3 3 4 6 6 5 6 6 5 5 6 2 2 4 7 7 3 3 1 1 1 1 
12 12 10 11 11 9 12 12 17 17 18 18 18 17 15 15 15 15 15 22 22 13 7 7 3 3 4 6 6 5 6 6 5 5 6 2 2 4 7 7 3 3 1 1 1 1 
16 16 10 8 8 10 8 8 10 10 10 15 15 15 17 17 14 14 14 16 16 14 9 9 7 7 3 4 4 2 2 2 2 2 2 2 2 1 3 3 4 4 3 3 3 2 
16 16 10 8 8 10 8 8 10 10 10 15 15 15 17 17 14 14 14 16 16 14 9 9 7 7 3 4 4 2 2 2 2 2 2 2 2 1 3 3 4 4 3 3 3 2 
12 12 12 12 12 13 9 9 9 9 13 14 14 15 18 18 15 15 8 8 8 8 5 5 6 6 2 4 4 1 1 1 1 1 2 2 2 2 0 0 3 3 2 0 0 0 
16 16 21 14 14 20 15 15 18 18 24 26 26 26 37 37 36 36 29 11 11 6 3 3 6 6 6 4 4 2 3 3 2 2 1 6 6 4 1 1 1 1 0 0 0 0 
16 16 21 14 14 20 15 15 18 18 24 26 26 26 37 37 36 36 29 11 11 6 3 3 6 6 6 4 4 2 3 3 2 2 1 6 6 4 1 1 1 1 0 0 0 0 
70 70 38 29 29 29 24 24 26 26 36 41 41 44 46 46 49 49 45 40 40 25 23 23 16 16 10 7 7 5 2 2 3 3 3 6 6 4 4 4 5 5 2 1 1 0 
44 44 48 30 30 31 37 37 36 36 36 54 54 49 44 44 57 57 51 43 43 22 19 19 13 13 8 5 5 3 3 3 3 3 2 3 3 3 5 5 3 3 1 1 1 0 
44 44 48 30 30 31 37 37 36 36 36 54 54 49 44 44 57 57 51 43 43 22 19 19 13 13 8 5 5 3 3 3 3 3 2 3 3 3 5 5 3 3 1 1 1 0 
45 45 47 48 48 41 56 56 42 42 32 39 39 38 31 31 36 36 39 47 47 18 10 10 6 6 4 1 1 1 3 3 2 2 4 3 3 3 3 3 2 2 1 1 1 1 
45 45 47 48 48 41 56 56 42 42 32 39 39 38 31 31 36 36 39 47 47 18 10 10 6 6 4 1 1 1 3 3 2 2 4 3 3 3 3 3 2 2 1 1 1 1 
25 25 27 27 27 29 41 41 39 39 23 23 23 22 25 25 23 23 26 8 8 13 11 11 8 8 5 2 2 1 1 1 1 1 3 4 4 2 3 3 1 1 1 1 1 1 
18 18 20 21 21 26 25 25 22 22 19 17 17 17 18 18 20 20 24 32 32 23 23 23 20 20 14 6 6 4 2 2 4 4 5 6 6 4 3 3 2 2 3 1 1 2 
18 18 20 21 21 26 25 25 22 22 19 17 17 17 18 18 20 20 24 32 32 23 23 23 20 20 14 6 6 4 2 2 4 4 5 6 6 4 3 3 2 2 3 1 1 2 
12 12 16 19 19 23 24 24 33 33 33 28 28 26 27 27 26 26 31 41 41 40 39 39 38 38 26 18 18 11 5 5 2 2 1 1 1 2 3 3 3 3 4 3 3 3 
16 16 21 22 22 27 34 34 39 39 40 45 45 44 44 44 44 44 34 40 40 45 48 48 42 42 32 19 19 13 6 6 3 3 1 0 0 1 3 3 7 7 7 2 2 1 
