assets/RAT_results/precipitation/2024-08-30_IMERG.asc
ncols        46
nrows        77
xllcorner    74.800261325624
yllcorner    8.058333333333
cellsize     0.062500000000
NODATA_value -9999
3 3 6 11 11 18 32 32 20 20 21 18 18 13 8 8 3 3 2 1 1 0 1 1 1 1 1 1 1 1 1 1 1 1 2 3 3 2 2 2 2 2 2 4 4 4 
7 7 6 6 6 5 13 13 17 17 14 15 15 14 14 14 9 9 4 4 4 2 0 0 0 0 0 0 0 1 2 2 1 1 1 3 3 3 1 1 0 0 1 1 1 1 
7 7 6 6 6 5 13 13 17 17 14 15 15 14 14 14 9 9 4 4 4 2 0 0 0 0 0 0 0 1 2 2 1 1 1 3 3 3 1 1 0 0 1 1 1 1 
9 9 6 3 3 4 3 3 9 9 12 12 12 11 17 17 16 16 9 3 3 2 1 1 0 0 0 1 1 0 1 1 1 1 1 2 2 2 2 2 0 0 1 1 1 1 
10 10 6 3 3 5 3 3 2 2 9 11 11 7 8 8 12 12 12 5 5 1 1 1 1 1 0 0 0 0 1 1 1 1 4 3 3 3 3 3 4 4 3 3 3 3 
10 10 6 3 3 5 3 3 2 2 9 11 11 7 8 8 12 12 12 5 5 1 1 1 1 1 0 0 0 0 1 1 1 1 4 3 3 3 3 3 4 4 3 3 3 3 
7 7 9 7 7 7 11 11 15 15 15 15 15 13 4 4 5 5 8 7 7 3 1 1 1 1 1 0 0 0 1 1 2 2 4 8 8 9 7 7 7 7 8 6 6 5 
7 7 9 7 7 7 11 11 15 15 15 15 15 13 4 4 5 5 8 7 7 3 1 1 1 1 1 0 0 0 1 1 2 2 4 8 8 9 7 7 7 7 8 6 6 5 
4 4 9 6 6 7 8 8 19 19 26 15 15 18 7 7 3 3 3 7 7 3 3 3 2 2 2 1 1 0 1 1 2 2 3 5 5 8 9 9 9 9 10 9 9 8 
1 1 4 6 6 13 15 15 16 16 35 26 26 20 16 16 6 6 2 7 7 7 4 4 4 4 6 2 2 2 1 1 2 2 3 4 4 6 8 8 8 8 7 7 7 6 
1 1 4 6 6 13 15 15 16 16 35 26 26 20 16 16 6 6 2 7 7 7 4 4 4 4 6 2 2 2 1 1 2 2 3 4 4 6 8 8 8 8 7 7 7 6 
0 0 0 3 3 6 4 4 7 7 16 21 21 26 14 14 12 12 6 3 3 4 8 8 5 5 4 5 5 6 4 4 2 2 2 2 2 4 5 5 5 5 6 6 6 7 
1 1 0 0 0 5 7 7 7 7 13 18 18 17 18 18 19 19 23 24 24 20 7 7 3 3 3 3 3 5 4 4 3 3 4 5 5 6 6 6 7 7 9 10 10 12 
1 1 0 0 0 5 7 7 7 7 13 18 18 17 18 18 19 19 23 24 24 20 7 7 3 3 3 3 3 5 4 4 3 3 4 5 5 6 6 6 7 7 9 10 10 12 
0 0 0 0 0 1 3 3 6 6 5 7 7 14 8 8 15 15 3 5 5 5 6 6 5 5 2 2 2 2 2 2 2 2 3 5 5 5 7 7 9 9 11 13 13 16 
0 0 0 0 0 1 3 3 6 6 5 7 7 14 8 8 15 15 3 5 5 5 6 6 5 5 2 2 2 2 2 2 2 2 3 5 5 5 7 7 9 9 11 13 13 16 
0 0 0 0 0 0 1 1 1 1 3 4 4 5 12 12 6 6 8 3 3 7 5 5 6 6 4 2 2 4 4 4 4 4 3 5 5 5 5 5 7 7 11 15 15 16 
0 0 0 0 0 0 0 0 2 2 5 9 9 12 14 14 15 15 12 13 13 15 14 14 7 7 5 3 3 3 3 3 4 4 5 5 5 5 5 5 6 6 7 8 8 11 
0 0 0 0 0 0 0 0 2 2 5 9 9 12 14 14 15 15 12 13 13 15 14 14 7 7 5 3 3 3 3 3 4 4 5 5 5 5 5 5 6 6 7 8 8 11 
0 0 0 0 0 0 1 1 2 2 11 16 16 15 20 20 18 18 12 7 7 5 6 6 5 5 4 3 3 3 3 3 4 4 4 5 5 6 6 6 6 6 6 7 7 8 
1 1 0 1 1 2 4 4 3 3 9 25 25 33 39 39 28 28 18 6 6 6 5 5 5 5 4 3 3 1 3 3 4 4 5 7 7 9 10 10 10 10 9 11 11 12 
1 1 0 1 1 2 4 4 3 3 9 25 25 33 39 39 28 28 18 6 6 6 5 5 5 5 4 3 3 1 3 3 4 4 5 7 7 9 10 10 10 10 9 11 11 12 
0 0 0 0 0 1 3 3 6 6 5 18 18 29 26 26 30 30 24 17 17 10 9 9 7 7 8 5 5 3 3 3 3 3 3 7 7 8 9 9 10 10 9 10 10 12 
0 0 0 0 0 1 3 3 6 6 5 18 18 29 26 26 30 30 24 17 17 10 9 9 7 7 8 5 5 3 3 3 3 3 3 7 7 8 9 9 10 10 9 10 10 12 
0 0 0 0 0 1 1 1 3 3 8 6 6 15 18 18 21 21 24 18 18 12 7 7 7 7 6 4 4 3 2 2 1 1 1 1 1 2 3 3 3 3 4 5 5 5 
0 0 0 1 1 1 1 1 2 2 5 15 15 12 14 14 20 20 25 26 26 18 12 12 10 10 8 6 6 4 3 3 1 1 1 0 0 0 0 0 0 0 1 1 1 2 
0 0 0 1 1 1 1 1 2 2 5 15 15 12 14 14 20 20 25 26 26 18 12 12 10 10 8 6 6 4 3 3 1 1 1 0 0 0 0 0 0 0 1 1 1 2 
0 0 0 0 0 1 1 1 1 1 2 9 9 12 11 11 15 15 23 22 22 23 19 19 17 17 18 13 13 11 9 9 3 3 1 1 1 0 0 0 0 0 1 1 1 1 
1 1 1 0 0 1 1 1 1 1 1 2 2 5 5 5 7 7 11 16 16 16 18 18 19 19 16 18 18 14 13 13 8 8 3 1 1 0 0 0 0 0 0 0 0 1 
1 1 1 0 0 1 1 1 1 1 1 2 2 5 5 5 7 7 11 16 16 16 18 18 19 19 16 18 18 14 13 13 8 8 3 1 1 0 0 0 0 0 0 0 0 1 
3 3 1 2 2 2 3 3 3 3 2 2 2 5 8 8 10 10 8 10 10 15 16 16 14 14 10 7 7 2 1 1 0 0 0 0 0 0 0 0 0 0 0 0 0 0 
3 3 1 2 2 2 3 3 3 3 2 2 2 5 8 8 10 10 8 10 10 15 16 16 14 14 10 7 7 2 1 1 0 0 0 0 0 0 0 0 0 0 0 0 0 0 
5 5 2 2 2 2 2 2 3 3 6 6 6 7 14 14 15 15 15 22 22 30 23 23 20 20 18 12 12 10 5 5 3 3 0 0 0 0 0 0 0 0 0 0 0 0 
8 8 4 2 2 4 4 4 6 6 7 15 15 17 17 17 35 35 16 15 15 21 20 20 21 21 22 23 23 18 13 13 8 8 4 0 0 0 0 0 0 0 0 1 1 1 
8 8 4 2 2 4 4 4 6 6 7 15 15 17 17 17 35 35 16 15 15 21 20 20 21 21 22 23 23 18 13 13 8 8 4 0 0 0 0 0 0 0 0 1 1 1 
4 4 5 4 4 5 4 4 6 6 5 8 8 20 21 21 23 23 30 37 37 34 34 34 28 28 26 25 25 23 19 19 17 17 12 8 8 4 2 2 2 2 2 2 2 2 
2 2 2 3 3 4 4 4 5 5 7 8 8 10 16 16 22 22 39 36 36 33 29 29 33 33 34 32 32 32 27 27 28 28 20 16 16 10 7 7 2 2 2 1 1 2 
2 2 2 3 3 4 4 4 5 5 7 8 8 10 16 16 22 22 39 36 36 33 29 29 33 33 34 32 32 32 27 27 28 28 20 16 16 10 7 7 2 2 2 1 1 2 
2 2 2 2 2 3 4 4 5 5 6 7 7 10 12 12 12 12 23 20 20 23 26 26 25 25 27 25 25 23 21 21 19 19 17 14 14 9 6 6 4 4 1 1 1 0 
2 2 2 2 2 3 4 4 5 5 6 7 7 10 12 12 12 12 23 20 20 23 26 26 25 25 27 25 25 23 21 21 19 19 17 14 14 9 6 6 4 4 1 1 1 0 
5 5 4 6 6 6 6 6 7 7 7 8 8 8 9 9 10 10 13 16 16 19 20 20 23 23 24 24 24 21 19 19 17 17 16 13 13 10 7 7 4 4 2 1 1 1 
8 8 8 11 11 8 6 6 7 7 6 6 6 5 7 7 8 8 12 16 16 18 19 19 23 23 22 21 21 20 18 18 19 19 21 18 18 19 15 15 11 11 7 4 4 3 
8 8 8 11 11 8 6 6 7 7 6 6 6 5 7 7 8 8 12 16 16 18 19 19 23 23 22 21 21 20 18 18 19 19 21 18 18 19 15 15 11 11 7 4 4 3 
11 11 6 9 9 10 4 4 2 2 1 1 1 3 3 3 7 7 11 14 14 24 27 27 28 28 31 30 30 29 26 26 24 24 26 23 23 22 21 21 17 17 12 7 7 5 
17 17 9 5 5 3 2 2 1 1 1 1 1 2 4 4 8 8 10 13 13 21 24 24 26 26 31 35 35 35 34 34 27 27 28 26 26 24 23 23 22 22 17 13 13 9 
17 17 9 5 5 3 2 2 1 1 1 1 1 2 4 4 8 8 10 13 13 21 24 24 26 26 31 35 35 35 34 34 27 27 28 26 26 24 23 23 22 22 17 13 13 9 
16 16 14 10 10 4 1 1 1 1 2 2 2 3 6 6 8 8 11 11 11 15 27 27 28 28 33 35 35 39 37 37 34 34 31 28 28 23 18 18 15 15 10 8 8 6 
16 16 14 10 10 4 1 1 1 1 2 2 2 3 6 6 8 8 11 11 11 15 27 27 28 28 33 35 35 39 37 37 34 34 31 28 28 23 18 18 15 15 10 8 8 6 
6 6 10 10 10 9 5 5 4 4 6 7 7 9 13 13 15 15 16 19 19 23 36 36 37 37 43 49 49 50 47 47 36 36 33 30 30 26 21 21 16 16 11 7 7 5 
2 2 2 5 5 7 8 8 7 7 9 12 12 14 16 16 19 19 20 21 21 25 42 42 46 46 55 60 60 60 54 54 47 47 39 35 35 29 22 22 17 17 11 7 7 5 
2 2 2 5 5 7 8 8 7 7 9 12 12 14 16 16 19 19 20 21 21 25 42 42 46 46 55 60 60 60 54 54 47 47 39 35 35 29 22 22 17 17 11 7 7 5 
4 4 4 6 6 9 10 10 12 12 12 13 13 17 19 19 22 22 23 22 22 22 33 33 34 34 34 38 38 39 35 35 30 30 28 27 27 24 20 20 16 16 11 7 7 4 
6 6 7 6 6 6 8 8 12 12 18 17 17 18 23 23 26 26 28 28 28 26 24 24 33 33 27 26 26 26 25 25 23 23 23 23 23 23 20 20 16 16 11 7 7 6 
6 6 7 6 6 6 8 8 12 12 18 17 17 18 23 23 26 26 28 28 28 26 24 24 33 33 27 26 26 26 25 25 23 23 23 23 23 23 20 20 16 16 11 7 7 6 
2 2 4 5 5 6 8 8 12 12 19 28 28 35 37 37 41 41 41 41 41 39 37 37 42 42 33 29 29 27 24 24 20 20 19 18 18 17 15 15 14 14 11 8 8 6 
2 2 4 5 5 6 8 8 12 12 19 28 28 35 37 37 41 41 41 41 41 39 37 37 42 42 33 29 29 27 24 24 20 20 19 18 18 17 15 15 14 14 11 8 8 6 
0 0 0 0 0 1 2 2 5 5 9 15 15 25 29 29 32 32 36 37 37 35 34 34 38 38 28 27 27 27 29 29 27 27 23 20 20 15 13 13 13 13 10 7 7 5 
0 0 0 0 0 1 1 1 3 3 7 12 12 19 27 27 32 32 35 35 35 33 29 29 38 38 34 29 29 30 29 29 27 27 23 17 17 14 12 12 12 12 8 5 5 3 
0 0 0 0 0 1 1 1 3 3 7 12 12 19 27 27 32 32 35 35 35 33 29 29 38 38 34 29 29 30 29 29 27 27 23 17 17 14 12 12 12 12 8 5 5 3 
1 1 0 0 0 0 1 1 1 1 2 3 3 5 8 8 10 10 13 16 16 19 19 19 19 19 34 26 26 23 22 22 21 21 18 15 15 14 12 12 10 10 8 5 5 3 
1 1 1 1 1 1 1 1 1 1 2 2 2 4 6 6 8 8 10 12 12 13 13 13 14 14 24 21 21 20 22 22 23 23 21 19 19 16 13 13 10 10 6 4 4 3 
1 1 1 1 1 1 1 1 1 1 2 2 2 4 6 6 8 8 10 12 12 13 13 13 14 14 24 21 21 20 22 22 23 23 21 19 19 16 13 13 10 10 6 4 4 3 
1 1 1 1 1 1 1 1 1 1 1 3 3 4 4 4 7 7 11 16 16 17 17 17 16 16 15 18 18 17 17 17 19 19 19 17 17 15 12 12 9 9 6 4 4 3 
1 1 1 1 1 1 1 1 1 1 1 3 3 4 4 4 7 7 11 16 16 17 17 17 16 16 15 18 18 17 17 17 19 19 19 17 17 15 12 12 9 9 6 4 4 3 
10 10 9 7 7 5 3 3 2 2 2 2 2 2 2 2 4 4 6 11 11 14 18 18 18 18 19 34 34 20 21 21 23 23 23 23 23 20 17 17 15 15 12 8 8 5 
15 15 14 13 13 10 14 14 10 10 6 3 3 2 2 2 5 5 6 10 10 11 13 13 15 15 16 18 18 24 23 23 22 22 22 20 20 18 15 15 15 15 10 7 7 4 
15 15 14 13 13 10 14 14 10 10 6 3 3 2 2 2 5 5 6 10 10 11 13 13 15 15 16 18 18 24 23 23 22 22 22 20 20 18 15 15 15 15 10 7 7 4 
10 10 13 7 7 8 11 11 9 9 9 10 10 4 5 5 6 6 8 11 11 12 15 15 15 15 17 18 18 29 22 22 20 20 17 15 15 13 10 10 9 9 6 3 3 2 
3 3 4 2 2 2 1 1 1 1 2 6 6 7 4 4 5 5 6 8 8 11 12 12 13 13 15 15 15 16 24 24 18 18 17 16 16 14 10 10 6 6 4 2 2 1 
3 3 4 2 2 2 1 1 1 1 2 6 6 7 4 4 5 5 6 8 8 11 12 12 13 13 15 15 15 16 24 24 18 18 17 16 16 14 10 10 6 6 4 2 2 1 
2 2 2 1 1 1 1 1 1 1 1 1 1 2 3 3 4 4 6 7 7 11 14 14 19 19 22 21 21 21 18 18 24 24 16 15 15 14 11 11 7 7 3 2 2 1 
2 2 2 1 1 1 1 1 1 1 1 1 1 2 3 3 4 4 6 7 7 11 14 14 19 19 22 21 21 21 18 18 24 24 16 15 15 14 11 11 7 7 3 2 2 1 
3 3 2 2 2 1 2 2 2 2 1 2 2 2 4 4 3 3 7 8 8 13 24 24 29 29 29 28 28 25 21 21 17 17 13 13 13 11 10 10 9 9 6 3 3 1 
6 6 5 4 4 4 3 3 3 3 2 2 2 3 3 3 5 5 7 9 9 11 18 18 25 25 30 32 32 27 21 21 17 17 13 20 20 15 12 12 10 10 7 3 3 2 
6 6 5 4 4 4 3 3 3 3 2 2 2 3 3 3 5 5 7 9 9 11 18 18 25 25 30 32 32 27 21 21 17 17 13 20 20 15 12 12 10 10 7 3 3 2 
10 10 7 5 5 4 3 3 3 3 4 2 2 4 3 3 6 6 7 10 10 11 14 14 17 17 21 20 20 20 16 16 13 13 12 12 12 25 19 19 17 17 12 6 6 4 
6 6 5 4 4 4 3 3 3 3 4 4 4 5 6 6 9 9 9 12 12 12 15 15 17 17 20 21 21 18 15 15 12 12 13 13 13 16 17 17 35 35 20 20 20 15 
