assets/RAT_results/precipitation/2025-01-19_IMERG.asc
ncols        46
nrows        77
xllcorner    74.800261325624
yllcorner    8.058333333333
cellsize     0.062500000000
NODATA_value -9999
0 0 0 0 0 0 0 0 0 0 0 0 0 0 0 0 1 1 2 3 3 1 1 1 1 1 1 1 1 1 0 0 2 2 0 0 0 0 0 0 0 0 1 3 3 3 
0 0 0 0 0 0 0 0 0 0 0 0 0 0 0 0 2 2 4 3 3 2 2 2 1 1 0 0 0 0 0 0 0 0 0 0 0 0 0 0 1 1 1 1 1 1 
0 0 0 0 0 0 0 0 0 0 0 0 0 0 0 0 2 2 4 3 3 2 2 2 1 1 0 0 0 0 0 0 0 0 0 0 0 0 0 0 1 1 1 1 1 1 
0 0 0 0 0 0 1 1 0 0 0 0 0 0 0 0 1 1 2 5 5 2 2 2 1 1 2 1 1 1 1 1 0 0 0 0 0 0 0 0 1 1 1 1 1 1 
0 0 1 0 0 0 1 1 0 0 0 0 0 2 4 4 0 0 1 2 2 2 1 1 1 1 2 0 0 0 0 0 0 0 0 0 0 0 0 0 1 1 0 0 0 1 
0 0 1 0 0 0 1 1 0 0 0 0 0 2 4 4 0 0 1 2 2 2 1 1 1 1 2 0 0 0 0 0 0 0 0 0 0 0 0 0 1 1 0 0 0 1 
0 0 0 0 0 0 0 0 0 0 0 1 1 2 1 1 0 0 1 2 2 1 0 0 0 0 2 1 1 0 0 0 0 0 0 1 1 0 0 0 0 0 0 1 1 0 
0 0 0 0 0 0 0 0 0 0 0 1 1 2 1 1 0 0 1 2 2 1 0 0 0 0 2 1 1 0 0 0 0 0 0 1 1 0 0 0 0 0 0 1 1 0 
0 0 0 0 0 0 0 0 0 0 0 0 0 1 0 0 0 0 0 0 0 0 0 0 0 0 0 0 0 0 0 0 0 0 0 0 0 0 0 0 0 0 0 1 1 1 
0 0 0 0 0 0 0 0 0 0 0 0 0 0 0 0 0 0 0 0 0 0 1 1 1 1 0 0 0 0 0 0 0 0 0 0 0 0 0 0 0 0 0 1 1 1 
0 0 0 0 0 0 0 0 0 0 0 0 0 0 0 0 0 0 0 0 0 0 1 1 1 1 0 0 0 0 0 0 0 0 0 0 0 0 0 0 0 0 0 1 1 1 
0 0 0 0 0 1 0 0 0 0 1 0 0 0 0 0 0 0 0 0 0 0 0 0 0 0 0 0 0 0 0 0 0 0 0 0 0 1 0 0 0 0 1 1 1 1 
0 0 0 0 0 1 1 1 0 0 1 1 1 0 0 0 0 0 0 0 0 0 0 0 0 0 0 0 0 0 0 0 0 0 0 0 0 4 2 2 1 1 3 4 4 1 
0 0 0 0 0 1 1 1 0 0 1 1 1 0 0 0 0 0 0 0 0 0 0 0 0 0 0 0 0 0 0 0 0 0 0 0 0 4 2 2 1 1 3 4 4 1 
0 0 0 0 0 0 1 1 1 1 1 1 1 1 1 1 0 0 1 0 0 0 2 2 0 0 0 0 0 0 0 0 0 0 0 0 0 0 0 0 1 1 1 0 0 2 
0 0 0 0 0 0 1 1 1 1 1 1 1 1 1 1 0 0 1 0 0 0 2 2 0 0 0 0 0 0 0 0 0 0 0 0 0 0 0 0 1 1 1 0 0 2 
0 0 0 0 0 0 0 0 1 1 1 0 0 1 0 0 0 0 0 0 0 0 0 0 0 0 0 0 0 0 0 0 1 1 1 1 1 0 0 0 0 0 0 0 0 0 
0 0 0 0 0 0 0 0 0 0 1 1 1 1 1 1 1 1 0 0 0 0 0 0 0 0 0 0 0 1 2 2 2 2 2 1 1 5 1 1 1 1 1 0 0 0 
0 0 0 0 0 0 0 0 0 0 1 1 1 1 1 1 1 1 0 0 0 0 0 0 0 0 0 0 0 1 2 2 2 2 2 1 1 5 1 1 1 1 1 0 0 0 
0 0 0 0 0 0 0 0 0 0 1 1 1 1 1 1 1 1 0 0 0 0 0 0 0 0 0 0 0 0 0 0 1 1 0 1 1 2 2 2 1 1 1 0 0 0 
0 0 0 1 1 1 2 2 1 1 1 2 2 1 1 1 0 0 0 0 0 0 0 0 1 1 2 1 1 2 1 1 1 1 1 0 0 0 0 0 0 0 1 1 1 2 
0 0 0 1 1 1 2 2 1 1 1 2 2 1 1 1 0 0 0 0 0 0 0 0 1 1 2 1 1 2 1 1 1 1 1 0 0 0 0 0 0 0 1 1 1 2 
1 1 1 1 1 1 2 2 4 4 4 4 4 3 2 2 2 2 0 0 0 0 0 0 0 0 1 2 2 1 1 1 1 1 1 0 0 0 0 0 1 1 1 1 1 2 
1 1 1 1 1 1 2 2 4 4 4 4 4 3 2 2 2 2 0 0 0 0 0 0 0 0 1 2 2 1 1 1 1 1 1 0 0 0 0 0 1 1 1 1 1 2 
3 3 3 4 4 5 5 5 5 5 4 3 3 3 2 2 1 1 0 0 0 0 0 0 1 1 1 2 2 1 1 1 0 0 0 2 2 2 3 3 2 2 2 2 2 9 
3 3 4 5 5 5 4 4 3 3 3 2 2 1 1 1 0 0 0 0 0 0 0 0 0 0 1 2 2 0 1 1 2 2 3 4 4 6 6 6 6 6 4 3 3 8 
3 3 4 5 5 5 4 4 3 3 3 2 2 1 1 1 0 0 0 0 0 0 0 0 0 0 1 2 2 0 1 1 2 2 3 4 4 6 6 6 6 6 4 3 3 8 
4 4 4 4 4 3 3 3 2 2 1 1 1 0 0 0 0 0 1 1 1 1 1 1 1 1 3 4 4 2 7 7 7 7 8 8 8 8 7 7 4 4 3 5 5 5 
2 2 2 2 2 1 1 1 0 0 0 0 0 0 0 0 1 1 1 1 1 0 0 0 0 0 0 1 1 2 5 5 10 10 13 11 11 9 7 7 6 6 7 8 8 9 
2 2 2 2 2 1 1 1 0 0 0 0 0 0 0 0 1 1 1 1 1 0 0 0 0 0 0 1 1 2 5 5 10 10 13 11 11 9 7 7 6 6 7 8 8 9 
1 1 1 1 1 1 0 0 0 0 0 0 0 0 0 0 1 1 1 2 2 1 1 1 1 1 1 1 1 3 5 5 6 6 7 9 9 9 7 7 7 7 8 10 10 10 
1 1 1 1 1 1 0 0 0 0 0 0 0 0 0 0 1 1 1 2 2 1 1 1 1 1 1 1 1 3 5 5 6 6 7 9 9 9 7 7 7 7 8 10 10 10 
1 1 1 1 1 0 0 0 0 0 0 0 0 0 0 0 1 1 2 2 2 2 2 2 1 1 5 4 4 2 1 1 3 3 2 8 8 8 9 9 9 9 10 11 11 8 
1 1 1 1 1 1 1 1 0 0 0 0 0 1 1 1 1 1 3 3 3 3 3 3 1 1 3 3 3 4 2 2 2 2 2 4 4 9 12 12 11 11 12 9 9 9 
1 1 1 1 1 1 1 1 0 0 0 0 0 1 1 1 1 1 3 3 3 3 3 3 1 1 3 3 3 4 2 2 2 2 2 4 4 9 12 12 11 11 12 9 9 9 
1 1 1 1 1 1 1 1 2 2 2 2 2 2 2 2 1 1 2 2 2 3 3 3 3 3 2 2 2 3 3 3 1 1 2 3 3 8 7 7 9 9 8 8 8 9 
2 2 2 3 3 3 3 3 3 3 3 4 4 4 3 3 2 2 1 2 2 3 5 5 6 6 6 9 9 9 6 6 5 5 2 4 4 5 8 8 10 10 8 7 7 8 
2 2 2 3 3 3 3 3 3 3 3 4 4 4 3 3 2 2 1 2 2 3 5 5 6 6 6 9 9 9 6 6 5 5 2 4 4 5 8 8 10 10 8 7 7 8 
2 2 3 4 4 5 7 7 8 8 9 8 8 8 7 7 6 6 4 4 4 6 6 6 6 6 6 6 6 6 5 5 6 6 4 7 7 5 6 6 10 10 9 4 4 4 
2 2 3 4 4 5 7 7 8 8 9 8 8 8 7 7 6 6 4 4 4 6 6 6 6 6 6 6 6 6 5 5 6 6 4 7 7 5 6 6 10 10 9 4 4 4 
3 3 6 8 8 10 10 10 9 9 9 9 9 9 9 9 9 9 7 6 6 7 7 7 8 8 9 8 8 5 5 5 5 5 4 3 3 4 3 3 4 4 11 8 8 5 
4 4 5 7 7 9 12 12 10 10 10 9 9 9 10 10 8 8 6 5 5 6 6 6 8 8 7 7 7 7 6 6 6 6 5 5 5 5 5 5 4 4 8 8 8 4 
4 4 5 7 7 9 12 12 10 10 10 9 9 9 10 10 8 8 6 5 5 6 6 6 8 8 7 7 7 7 6 6 6 6 5 5 5 5 5 5 4 4 8 8 8 4 
2 2 4 7 7 8 11 11 10 10 9 8 8 10 10 10 9 9 8 7 7 7 7 7 7 7 7 8 8 7 7 7 5 5 5 3 3 3 4 4 3 3 8 6 6 2 
1 1 2 2 2 4 6 6 7 7 8 9 9 10 10 10 9 9 8 7 7 7 6 6 6 6 7 8 8 8 7 7 6 6 5 4 4 3 3 3 3 3 5 2 2 1 
1 1 2 2 2 4 6 6 7 7 8 9 9 10 10 10 9 9 8 7 7 7 6 6 6 6 7 8 8 8 7 7 6 6 5 4 4 3 3 3 3 3 5 2 2 1 
1 1 2 2 2 4 5 5 5 5 6 7 7 7 7 7 9 9 8 8 8 7 9 9 10 10 7 7 7 7 5 5 4 4 4 4 4 3 2 2 3 3 4 7 7 6 
1 1 2 2 2 4 5 5 5 5 6 7 7 7 7 7 9 9 8 8 8 7 9 9 10 10 7 7 7 7 5 5 4 4 4 4 4 3 2 2 3 3 4 7 7 6 
1 1 1 1 1 1 2 2 3 3 4 5 5 6 7 7 8 8 7 7 7 6 8 8 8 8 8 6 6 9 8 8 5 5 4 3 3 2 2 2 2 2 3 6 6 14 
1 1 1 1 1 1 2 2 3 3 4 5 5 6 7 7 8 8 8 10 10 8 9 9 6 6 4 4 4 6 5 5 5 5 5 3 3 2 2 2 2 2 3 6 6 11 
1 1 1 1 1 1 2 2 3 3 4 5 5 6 7 7 8 8 8 10 10 8 9 9 6 6 4 4 4 6 5 5 5 5 5 3 3 2 2 2 2 2 3 6 6 11 
3 3 2 1 1 2 2 2 4 4 6 9 9 9 11 11 11 11 11 12 12 11 11 11 8 8 7 6 6 6 9 9 9 9 6 3 3 2 2 2 2 2 3 3 3 6 
5 5 4 3 3 3 3 3 5 5 6 7 7 8 10 10 11 11 11 10 10 11 11 11 10 10 11 15 15 13 16 16 14 14 10 8 8 7 6 6 5 5 5 5 5 6 
5 5 4 3 3 3 3 3 5 5 6 7 7 8 10 10 11 11 11 10 10 11 11 11 10 10 11 15 15 13 16 16 14 14 10 8 8 7 6 6 5 5 5 5 5 6 
5 5 4 3 3 4 4 4 5 5 7 8 8 7 8 8 9 9 9 9 9 10 9 9 11 11 12 20 20 23 20 20 13 13 12 12 12 11 11 11 10 10 11 10 10 7 
5 5 4 3 3 4 4 4 5 5 7 8 8 7 8 8 9 9 9 9 9 10 9 9 11 11 12 20 20 23 20 20 13 13 12 12 12 11 11 11 10 10 11 10 10 7 
5 5 4 3 3 3 4 4 4 4 5 5 5 6 7 7 8 8 8 8 8 9 12 12 16 16 16 21 21 25 24 24 14 14 17 14 14 11 11 11 11 11 11 8 8 5 
5 5 4 3 3 3 4 4 4 4 5 5 5 6 6 6 6 6 7 7 7 9 11 11 16 16 17 23 23 27 26 26 19 19 21 19 19 15 19 19 21 21 13 9 9 5 
5 5 4 3 3 3 4 4 4 4 5 5 5 6 6 6 6 6 7 7 7 9 11 11 16 16 17 23 23 27 26 26 19 19 21 19 19 15 19 19 21 21 13 9 9 5 
4 4 4 3 3 3 4 4 4 4 4 5 5 4 4 4 5 5 6 8 8 9 13 13 13 13 18 22 22 28 30 30 21 21 22 21 21 20 22 22 15 15 12 8 8 5 
4 4 3 3 3 3 3 3 4 4 4 4 4 3 3 3 3 3 4 4 4 6 9 9 9 9 17 18 18 19 20 20 17 17 15 16 16 16 15 15 10 10 8 7 7 7 
4 4 3 3 3 3 3 3 4 4 4 4 4 3 3 3 3 3 4 4 4 6 9 9 9 9 17 18 18 19 20 20 17 17 15 16 16 16 15 15 10 10 8 7 7 7 
5 5 4 3 3 3 3 3 3 3 3 3 3 2 2 2 2 2 2 3 3 4 6 6 6 6 8 16 16 17 18 18 17 17 16 16 16 14 13 13 8 8 9 10 10 10 
5 5 4 3 3 3 3 3 3 3 3 3 3 2 2 2 2 2 2 3 3 4 6 6 6 6 8 16 16 17 18 18 17 17 16 16 16 14 13 13 8 8 9 10 10 10 
5 5 4 3 3 3 3 3 3 3 3 3 3 2 2 2 2 2 2 2 2 2 4 4 4 4 6 13 13 14 13 13 14 14 13 14 14 12 12 12 10 10 12 13 13 14 
5 5 5 4 4 4 3 3 2 2 2 2 2 1 1 1 1 1 2 2 2 3 4 4 4 4 4 6 6 9 12 12 16 16 15 19 19 16 14 14 13 13 11 15 15 17 
5 5 5 4 4 4 3 3 2 2 2 2 2 1 1 1 1 1 2 2 2 3 4 4 4 4 4 6 6 9 12 12 16 16 15 19 19 16 14 14 13 13 11 15 15 17 
4 4 3 3 3 3 3 3 2 2 2 2 2 2 1 1 1 1 2 3 3 4 5 5 7 7 7 9 9 12 15 15 19 19 21 26 26 25 24 24 23 23 18 17 17 14 
4 4 4 4 4 3 3 3 3 3 3 2 2 2 1 1 1 1 1 2 2 3 4 4 5 5 5 6 6 8 11 11 15 15 23 25 25 23 26 26 21 21 18 14 14 14 
4 4 4 4 4 3 3 3 3 3 3 2 2 2 1 1 1 1 1 2 2 3 4 4 5 5 5 6 6 8 11 11 15 15 23 25 25 23 26 26 21 21 18 14 14 14 
4 4 3 3 3 2 2 2 2 2 2 2 2 2 1 1 1 1 1 1 1 2 3 3 4 4 4 4 4 7 7 7 11 11 16 21 21 21 24 24 21 21 18 15 15 13 
4 4 3 3 3 2 2 2 2 2 2 2 2 2 1 1 1 1 1 1 1 2 3 3 4 4 4 4 4 7 7 7 11 11 16 21 21 21 24 24 21 21 18 15 15 13 
2 2 2 2 2 2 2 2 2 2 2 2 2 2 1 1 1 1 1 1 1 1 1 1 2 2 3 3 3 5 6 6 7 7 11 17 17 18 22 22 20 20 17 16 16 12 
2 2 2 1 1 1 1 1 1 1 2 2 2 2 1 1 1 1 1 1 1 1 1 1 2 2 3 3 3 3 4 4 6 6 7 9 9 15 19 19 17 17 16 14 14 12 
2 2 2 1 1 1 1 1 1 1 2 2 2 2 1 1 1 1 1 1 1 1 1 1 2 2 3 3 3 3 4 4 6 6 7 9 9 15 19 19 17 17 16 14 14 12 
3 3 2 2 2 1 1 1 1 1 1 1 1 1 1 1 1 1 1 1 1 1 1 1 1 1 3 3 3 2 3 3 4 4 6 6 6 8 13 13 16 16 16 16 16 15 
4 4 4 3 3 3 2 2 1 1 1 1 1 1 1 1 1 1 1 1 1 1 1 1 1 1 3 3 3 5 4 4 4 4 3 4 4 5 6 6 9 9 10 11 11 11 
