assets/RAT_results_old/precipitation/2016-12-12_IMERG.asc
ncols        46
nrows        77
xllcorner    74.800261325624
yllcorner    8.058333333333
cellsize     0.062500000000
NODATA_value -9999
 1 1 0 1 1 2 3 3 3 3 3 3 3 2 1 1 3 3 3 3 3 4 6 6 9 9 7 7 7 11 10 10 11 11 14 18 18 23 27 27 31 31 32 32 32 28
 1 1 0 1 1 2 3 3 2 2 2 2 2 2 3 3 4 4 4 2 2 3 5 5 9 9 7 6 6 9 16 16 12 12 14 15 15 19 25 25 27 27 31 30 30 28
 1 1 0 1 1 2 3 3 2 2 2 2 2 2 3 3 4 4 4 2 2 3 5 5 9 9 7 6 6 9 16 16 12 12 14 15 15 19 25 25 27 27 31 30 30 28
 0 0 0 0 0 1 2 2 1 1 2 3 3 2 4 4 5 5 3 3 3 6 9 9 9 9 6 7 7 9 13 13 9 9 13 13 13 20 21 21 26 26 27 25 25 25
 0 0 0 1 1 0 1 1 1 1 1 2 2 2 4 4 6 6 4 3 3 4 8 8 6 6 5 4 4 4 4 4 5 5 13 13 13 20 22 22 22 22 19 17 17 18
 0 0 0 1 1 0 1 1 1 1 1 2 2 2 4 4 6 6 4 3 3 4 8 8 6 6 5 4 4 4 4 4 5 5 13 13 13 20 22 22 22 22 19 17 17 18
 0 0 0 1 1 1 0 0 1 1 1 1 1 2 4 4 4 4 4 4 4 4 4 4 5 5 5 5 5 4 6 6 7 7 5 9 9 15 16 16 16 16 17 14 14 15
 0 0 0 1 1 1 0 0 1 1 1 1 1 2 4 4 4 4 4 4 4 4 4 4 5 5 5 5 5 4 6 6 7 7 5 9 9 15 16 16 16 16 17 14 14 15
 0 0 0 0 0 1 1 1 1 1 1 2 2 3 3 3 3 3 3 3 3 3 3 3 3 3 4 7 7 4 6 6 8 8 7 11 11 6 15 15 10 10 11 9 9 11
 0 0 0 1 1 1 1 1 1 1 3 3 3 4 4 4 4 4 3 2 2 4 4 4 4 4 4 5 5 6 4 4 4 4 4 8 8 8 11 11 7 7 9 8 8 10
 0 0 0 1 1 1 1 1 1 1 3 3 3 4 4 4 4 4 3 2 2 4 4 4 4 4 4 5 5 6 4 4 4 4 4 8 8 8 11 11 7 7 9 8 8 10
 0 0 0 1 1 0 1 1 3 3 3 3 3 4 2 2 3 3 5 5 5 3 3 3 2 2 2 4 4 4 6 6 3 3 6 10 10 9 11 11 8 8 11 8 8 10
 0 0 0 0 0 1 2 2 3 3 4 4 4 4 2 2 3 3 5 5 5 5 3 3 3 3 3 4 4 2 5 5 5 5 7 8 8 8 11 11 14 14 7 6 6 9
 0 0 0 0 0 1 2 2 3 3 4 4 4 4 2 2 3 3 5 5 5 5 3 3 3 3 3 4 4 2 5 5 5 5 7 8 8 8 11 11 14 14 7 6 6 9
 0 0 0 0 0 1 1 1 2 2 5 4 4 6 3 3 4 4 4 4 4 5 5 5 4 4 4 4 4 3 6 6 6 6 4 4 4 6 4 4 9 9 13 11 11 8
 0 0 0 0 0 1 1 1 2 2 5 4 4 6 3 3 4 4 4 4 4 5 5 5 4 4 4 4 4 3 6 6 6 6 4 4 4 6 4 4 9 9 13 11 11 8
 0 0 0 0 0 1 1 1 2 2 3 2 2 6 4 4 4 4 5 5 5 5 4 4 6 6 4 4 4 3 3 3 3 3 4 4 4 3 5 5 3 3 4 9 9 11
 0 0 0 0 0 1 0 0 1 1 2 5 5 6 4 4 4 4 5 5 5 5 6 6 4 4 5 3 3 3 2 2 3 3 3 3 3 7 7 7 4 4 5 5 5 6
 0 0 0 0 0 1 0 0 1 1 2 5 5 6 4 4 4 4 5 5 5 5 6 6 4 4 5 3 3 3 2 2 3 3 3 3 3 7 7 7 4 4 5 5 5 6
 0 0 0 0 0 1 1 1 1 1 3 4 4 5 7 7 4 4 5 5 5 6 4 4 4 4 4 4 4 4 3 3 3 3 2 4 4 5 5 5 6 6 4 6 6 7
 0 0 0 0 0 1 1 1 2 2 3 4 4 4 5 5 4 4 9 7 7 7 4 4 4 4 4 4 4 3 3 3 3 3 3 4 4 6 5 5 5 5 8 6 6 7
 0 0 0 0 0 1 1 1 2 2 3 4 4 4 5 5 4 4 9 7 7 7 4 4 4 4 4 4 4 3 3 3 3 3 3 4 4 6 5 5 5 5 8 6 6 7
 0 0 0 1 1 1 1 1 1 1 3 6 6 4 5 5 5 5 8 7 7 5 4 4 3 3 3 4 4 3 3 3 3 3 3 6 6 4 7 7 10 10 8 6 6 5
 0 0 0 1 1 1 1 1 1 1 3 6 6 4 5 5 5 5 8 7 7 5 4 4 3 3 3 4 4 3 3 3 3 3 3 6 6 4 7 7 10 10 8 6 6 5
 0 0 0 0 0 1 1 1 1 1 2 5 5 4 4 4 6 6 8 8 8 7 4 4 4 4 6 4 4 4 6 6 4 4 4 5 5 4 5 5 5 5 7 3 3 2
 0 0 0 0 0 0 1 1 2 2 4 3 3 3 5 5 4 4 7 7 7 5 4 4 4 4 3 3 3 5 5 5 4 4 2 2 2 2 5 5 5 5 6 4 4 2
 0 0 0 0 0 0 1 1 2 2 4 3 3 3 5 5 4 4 7 7 7 5 4 4 4 4 3 3 3 5 5 5 4 4 2 2 2 2 5 5 5 5 6 4 4 2
 0 0 0 0 0 0 2 2 2 2 2 3 3 2 3 3 6 6 4 4 4 4 5 5 5 5 3 3 3 5 5 5 3 3 2 1 1 1 1 1 1 1 5 4 4 2
 0 0 0 0 0 0 0 0 3 3 4 3 3 6 4 4 4 4 3 4 4 3 4 4 4 4 3 3 3 4 3 3 3 3 2 1 1 1 1 1 1 1 1 1 1 2
 0 0 0 0 0 0 0 0 3 3 4 3 3 6 4 4 4 4 3 4 4 3 4 4 4 4 3 3 3 4 3 3 3 3 2 1 1 1 1 1 1 1 1 1 1 2
 2 2 2 0 0 1 1 1 0 0 2 4 4 3 6 6 4 4 3 5 5 5 4 4 3 3 4 2 2 2 2 2 2 2 2 1 1 1 1 1 1 1 2 1 1 1
 2 2 2 0 0 1 1 1 0 0 2 4 4 3 6 6 4 4 3 5 5 5 4 4 3 3 4 2 2 2 2 2 2 2 2 1 1 1 1 1 1 1 2 1 1 1
 2 2 2 0 0 0 0 0 1 1 1 1 1 4 4 4 4 4 5 8 8 7 4 4 5 5 3 4 4 3 2 2 3 3 2 2 2 2 2 2 1 1 1 1 1 1
 1 1 1 1 1 1 2 2 0 0 0 1 1 1 4 4 7 7 4 7 7 7 7 7 6 6 6 4 4 3 3 3 2 2 2 2 2 1 1 1 0 0 0 1 1 1
 1 1 1 1 1 1 2 2 0 0 0 1 1 1 4 4 7 7 4 7 7 7 7 7 6 6 6 4 4 3 3 3 2 2 2 2 2 1 1 1 0 0 0 1 1 1
 0 0 1 1 1 1 1 1 1 1 2 2 2 2 2 2 3 3 2 3 3 7 6 6 4 4 6 4 4 3 2 2 1 1 1 2 2 2 1 1 1 1 1 1 1 1
 0 0 1 1 1 1 1 1 1 1 0 0 0 2 2 2 2 2 3 2 2 3 3 3 4 4 3 2 2 2 2 2 1 1 2 2 2 2 1 1 1 1 1 1 1 0
 0 0 1 1 1 1 1 1 1 1 0 0 0 2 2 2 2 2 3 2 2 3 3 3 4 4 3 2 2 2 2 2 1 1 2 2 2 2 1 1 1 1 1 1 1 0
 0 0 0 0 0 1 2 2 2 2 0 1 1 0 0 0 0 0 2 2 2 3 3 3 2 2 2 1 1 1 1 1 1 1 1 1 1 1 1 1 0 0 1 1 1 0
 0 0 0 0 0 1 2 2 2 2 0 1 1 0 0 0 0 0 2 2 2 3 3 3 2 2 2 1 1 1 1 1 1 1 1 1 1 1 1 1 0 0 1 1 1 0
 0 0 0 0 0 0 0 0 0 0 0 0 0 0 0 0 0 0 1 1 1 2 2 2 1 1 2 1 1 1 1 1 1 1 1 1 1 1 0 0 0 0 0 1 1 0
 0 0 0 0 0 0 0 0 0 0 0 0 0 0 0 0 1 1 0 0 0 1 1 1 1 1 1 1 1 1 0 0 0 0 1 1 1 1 1 1 1 1 1 1 1 1
 0 0 0 0 0 0 0 0 0 0 0 0 0 0 0 0 1 1 0 0 0 1 1 1 1 1 1 1 1 1 0 0 0 0 1 1 1 1 1 1 1 1 1 1 1 1
 0 0 0 0 0 0 0 0 0 0 0 0 0 0 0 0 0 0 0 0 0 0 0 0 1 1 1 0 0 0 0 0 0 0 0 1 1 2 2 2 1 1 1 1 1 1
 0 0 0 0 0 0 0 0 0 0 0 0 0 0 0 0 0 0 0 0 0 0 1 1 1 1 1 1 1 0 0 0 0 0 0 1 1 1 1 1 1 1 1 3 3 1
 0 0 0 0 0 0 0 0 0 0 0 0 0 0 0 0 0 0 0 0 0 0 1 1 1 1 1 1 1 0 0 0 0 0 0 1 1 1 1 1 1 1 1 3 3 1
 0 0 0 0 0 0 0 0 0 0 0 0 0 0 0 0 0 0 0 0 0 0 0 0 0 0 1 1 1 0 0 0 0 0 0 0 0 0 1 1 3 3 1 1 1 0
 0 0 0 0 0 0 0 0 0 0 0 0 0 0 0 0 0 0 0 0 0 0 0 0 0 0 1 1 1 0 0 0 0 0 0 0 0 0 1 1 3 3 1 1 1 0
 0 0 0 0 0 0 0 0 0 0 0 0 0 0 0 0 0 0 0 0 0 0 0 0 0 0 0 0 0 0 0 0 0 0 0 0 0 1 2 2 2 2 0 0 0 0
 0 0 0 0 0 0 0 0 0 0 0 0 0 0 0 0 0 0 0 0 0 0 0 0 0 0 1 0 0 0 0 0 0 0 1 2 2 2 1 1 0 0 0 0 0 0
 0 0 0 0 0 0 0 0 0 0 0 0 0 0 0 0 0 0 0 0 0 0 0 0 0 0 1 0 0 0 0 0 0 0 1 2 2 2 1 1 0 0 0 0 0 0
 0 0 0 0 0 0 0 0 0 0 0 0 0 0 0 0 0 0 0 0 0 0 0 0 0 0 0 0 0 0 0 0 1 1 1 1 1 1 0 0 0 0 0 0 0 0
 0 0 0 0 0 0 0 0 0 0 0 0 0 0 0 0 0 0 0 0 0 0 0 0 0 0 0 0 0 0 0 0 1 1 1 0 0 0 1 1 1 1 1 0 0 0
 0 0 0 0 0 0 0 0 0 0 0 0 0 0 0 0 0 0 0 0 0 0 0 0 0 0 0 0 0 0 0 0 1 1 1 0 0 0 1 1 1 1 1 0 0 0
 0 0 0 0 0 0 0 0 0 0 0 0 0 0 0 0 0 0 0 0 0 0 0 0 0 0 0 0 0 0 0 0 0 0 0 0 0 2 2 2 1 1 1 0 0 0
 0 0 0 0 0 0 0 0 0 0 0 0 0 0 0 0 0 0 0 0 0 0 0 0 0 0 0 0 0 0 0 0 0 0 0 0 0 2 2 2 1 1 1 0 0 0
 0 0 0 0 0 0 0 0 0 0 0 0 0 0 0 0 0 0 0 0 0 1 1 1 0 0 1 0 0 0 0 0 1 1 0 1 1 2 1 1 0 0 0 0 0 0
 0 0 0 0 0 0 0 0 0 0 0 0 0 0 0 0 0 0 0 0 0 1 1 1 0 0 0 0 0 0 0 0 0 0 1 1 1 1 0 0 0 0 0 0 0 0
 0 0 0 0 0 0 0 0 0 0 0 0 0 0 0 0 0 0 0 0 0 1 1 1 0 0 0 0 0 0 0 0 0 0 1 1 1 1 0 0 0 0 0 0 0 0
 0 0 0 0 0 0 0 0 0 0 0 0 0 0 0 0 0 0 0 0 0 0 3 3 2 2 0 0 0 0 1 1 1 1 0 0 0 0 0 0 0 0 0 0 0 0
 0 0 0 0 0 0 0 0 0 0 0 0 0 0 0 0 0 0 0 0 0 0 2 2 2 2 0 0 0 1 1 1 0 0 0 0 0 0 1 1 0 0 0 0 0 0
 0 0 0 0 0 0 0 0 0 0 0 0 0 0 0 0 0 0 0 0 0 0 2 2 2 2 0 0 0 1 1 1 0 0 0 0 0 0 1 1 0 0 0 0 0 0
 0 0 0 0 0 0 0 0 0 0 0 0 0 0 0 0 0 0 0 0 0 0 0 0 3 3 0 0 0 1 1 1 0 0 0 0 0 1 1 1 0 0 0 0 0 0
 0 0 0 0 0 0 0 0 0 0 0 0 0 0 0 0 0 0 0 0 0 0 0 0 3 3 0 0 0 1 1 1 0 0 0 0 0 1 1 1 0 0 0 0 0 0
 0 0 0 0 0 0 0 0 0 0 0 0 0 0 0 0 0 0 0 0 0 0 0 0 0 0 0 3 3 1 1 1 0 0 1 1 1 0 0 0 0 0 0 0 0 0
 0 0 0 0 0 0 0 0 0 0 0 0 0 0 0 0 0 0 0 0 0 0 0 0 0 0 0 3 3 1 1 1 0 0 1 1 1 0 0 0 0 0 0 0 0 0
 0 0 0 0 0 0 0 0 0 0 0 0 0 0 0 0 0 0 0 0 0 0 0 0 0 0 0 3 3 1 1 1 0 0 1 1 1 0 0 0 0 0 0 0 0 0
 0 0 0 0 0 0 0 0 0 0 0 0 0 0 0 0 0 0 0 0 0 0 0 0 0 0 0 1 1 0 1 1 0 0 1 0 0 0 0 0 0 0 0 0 0 0
 0 0 0 0 0 0 0 0 0 0 0 0 0 0 0 0 0 0 0 0 0 0 0 0 0 0 0 0 0 0 1 1 1 1 1 0 0 0 0 0 0 0 0 0 0 0
 0 0 0 0 0 0 0 0 0 0 0 0 0 0 0 0 0 0 0 0 0 0 0 0 0 0 0 0 0 0 1 1 1 1 1 0 0 0 0 0 0 0 0 0 0 0
 0 0 0 0 0 0 0 0 0 0 0 0 0 0 0 0 0 0 0 0 0 0 0 0 0 0 0 0 0 0 0 0 0 0 0 0 0 0 0 0 0 0 0 0 0 0
 0 0 0 0 0 0 0 0 0 0 0 0 0 0 0 0 0 0 0 0 0 0 0 0 0 0 0 0 0 0 0 0 0 0 0 0 0 0 0 0 0 0 0 0 0 0
 0 0 0 0 0 0 0 0 0 0 0 0 0 0 0 0 0 0 0 0 0 0 0 0 0 0 0 0 0 0 0 0 0 0 0 1 1 1 0 0 0 0 0 0 0 0
 0 0 0 0 0 0 0 0 0 0 0 0 0 0 0 0 0 0 0 0 0 0 0 0 0 0 0 0 0 0 0 0 0 0 0 1 1 1 0 0 0 0 0 0 0 0
 0 0 0 0 0 0 0 0 0 0 0 0 0 0 0 0 0 0 0 0 0 0 0 0 0 0 0 0 0 0 0 0 0 0 0 1 1 1 0 0 0 0 0 0 0 0
 0 0 0 0 0 0 0 0 0 0 0 0 0 0 0 0 0 0 0 0 0 0 0 0 0 0 0 0 0 0 0 0 0 0 0 0 0 0 0 0 0 0 0 0 0 0
 0 0 0 0 0 0 0 0 0 0 0 0 0 0 0 0 0 0 0 0 0 0 0 0 0 0 0 0 0 0 0 0 0 0 0 0 0 0 0 0 0 0 0 0 0 0
