assets/RAT_results_old/precipitation/2016-08-31_IMERG.asc
ncols        46
nrows        77
xllcorner    74.800261325624
yllcorner    8.058333333333
cellsize     0.062500000000
NODATA_value -9999
 15 15 19 14 14 13 23 23 24 24 25 15 15 13 6 6 3 3 3 1 1 1 1 1 1 1 1 1 1 1 1 1 1 1 13 13 13 26 4 4 5 5 5 3 3 1
 16 16 14 16 16 12 21 21 21 21 16 13 13 6 6 6 3 3 3 2 2 2 1 1 1 1 2 1 1 1 1 1 2 2 2 1 1 2 3 3 3 3 3 3 3 7
 16 16 14 16 16 12 21 21 21 21 16 13 13 6 6 6 3 3 3 2 2 2 1 1 1 1 2 1 1 1 1 1 2 2 2 1 1 2 3 3 3 3 3 3 3 7
 17 17 16 14 14 10 15 15 15 15 14 12 12 8 7 7 4 4 3 4 4 2 2 2 3 3 3 2 2 2 2 2 3 3 2 2 2 2 2 2 7 7 1 9 9 6
 10 10 13 15 15 11 13 13 13 13 14 9 9 9 8 8 6 6 4 4 4 4 3 3 8 8 4 4 4 2 3 3 4 4 3 2 2 3 3 3 2 2 1 0 0 1
 10 10 13 15 15 11 13 13 13 13 14 9 9 9 8 8 6 6 4 4 4 4 3 3 8 8 4 4 4 2 3 3 4 4 3 2 2 3 3 3 2 2 1 0 0 1
 8 8 9 15 15 12 17 17 10 10 11 10 10 8 6 6 4 4 3 4 4 4 2 2 3 3 4 5 5 3 3 3 3 3 4 3 3 2 1 1 1 1 1 1 1 1
 8 8 9 15 15 12 17 17 10 10 11 10 10 8 6 6 4 4 3 4 4 4 2 2 3 3 4 5 5 3 3 3 3 3 4 3 3 2 1 1 1 1 1 1 1 1
 9 9 15 15 15 13 12 12 11 11 10 8 8 11 7 7 3 3 3 2 2 2 1 1 2 2 3 3 3 3 2 2 2 2 3 3 3 2 1 1 1 1 1 1 1 1
 11 11 7 11 11 16 13 13 14 14 7 5 5 5 5 5 4 4 2 1 1 1 1 1 1 1 2 2 2 3 2 2 1 1 2 2 2 1 1 1 1 1 0 0 0 0
 11 11 7 11 11 16 13 13 14 14 7 5 5 5 5 5 4 4 2 1 1 1 1 1 1 1 2 2 2 3 2 2 1 1 2 2 2 1 1 1 1 1 0 0 0 0
 13 13 7 8 8 13 14 14 8 8 6 6 6 5 5 5 4 4 3 1 1 1 1 1 1 1 2 2 2 2 2 2 1 1 1 1 1 2 1 1 1 1 1 0 0 0
 7 7 9 8 8 13 13 13 7 7 8 6 6 5 8 8 5 5 4 3 3 1 1 1 1 1 2 2 2 2 2 2 2 2 2 1 1 2 1 1 1 1 1 0 0 0
 7 7 9 8 8 13 13 13 7 7 8 6 6 5 8 8 5 5 4 3 3 1 1 1 1 1 2 2 2 2 2 2 2 2 2 1 1 2 1 1 1 1 1 0 0 0
 7 7 6 7 7 7 7 7 13 13 7 9 9 6 6 6 7 7 4 3 3 2 1 1 1 1 2 2 2 3 2 2 1 1 1 1 1 1 1 1 1 1 1 1 1 0
 7 7 6 7 7 7 7 7 13 13 7 9 9 6 6 6 7 7 4 3 3 2 1 1 1 1 2 2 2 3 2 2 1 1 1 1 1 1 1 1 1 1 1 1 1 0
 6 6 6 5 5 4 4 4 9 9 12 10 10 3 6 6 9 9 7 7 7 4 2 2 3 3 2 2 2 2 1 1 1 1 1 1 1 2 1 1 1 1 1 1 1 1
 6 6 4 5 5 5 3 3 6 6 6 11 11 4 3 3 5 5 10 8 8 14 5 5 4 4 2 2 2 2 2 2 1 1 1 2 2 2 2 2 2 2 2 2 2 5
 6 6 4 5 5 5 3 3 6 6 6 11 11 4 3 3 5 5 10 8 8 14 5 5 4 4 2 2 2 2 2 2 1 1 1 2 2 2 2 2 2 2 2 2 2 5
 5 5 4 3 3 5 5 5 2 2 4 10 10 6 3 3 2 2 6 7 7 11 7 7 6 6 7 5 5 2 2 2 3 3 2 2 2 2 2 2 2 2 3 3 3 7
 5 5 5 4 4 3 2 2 1 1 2 6 6 4 8 8 2 2 3 4 4 7 6 6 11 11 10 6 6 4 6 6 5 5 4 3 3 3 5 5 2 2 4 10 10 13
 5 5 5 4 4 3 2 2 1 1 2 6 6 4 8 8 2 2 3 4 4 7 6 6 11 11 10 6 6 4 6 6 5 5 4 3 3 3 5 5 2 2 4 10 10 13
 5 5 4 5 5 3 2 2 3 3 4 2 2 14 5 5 3 3 2 4 4 6 8 8 8 8 8 7 7 6 6 6 5 5 5 6 6 3 2 2 3 3 6 5 5 14
 5 5 4 5 5 3 2 2 3 3 4 2 2 14 5 5 3 3 2 4 4 6 8 8 8 8 8 7 7 6 6 6 5 5 5 6 6 3 2 2 3 3 6 5 5 14
 4 4 5 5 5 3 2 2 2 2 6 1 1 5 6 6 5 5 3 3 3 4 4 4 6 6 7 6 6 6 4 4 4 4 6 6 6 5 2 2 3 3 3 6 6 12
 5 5 4 4 4 2 1 1 2 2 3 5 5 4 4 4 6 6 4 3 3 3 3 3 3 3 5 6 6 6 6 6 5 5 7 5 5 8 7 7 3 3 2 7 7 10
 5 5 4 4 4 2 1 1 2 2 3 5 5 4 4 4 6 6 4 3 3 3 3 3 3 3 5 6 6 6 6 6 5 5 7 5 5 8 7 7 3 3 2 7 7 10
 6 6 4 2 2 2 2 2 3 3 4 3 3 4 5 5 11 11 6 5 5 3 3 3 4 4 5 3 3 3 3 3 5 5 4 6 6 8 8 8 3 3 3 4 4 9
 6 6 7 3 3 3 3 3 4 4 5 5 5 9 6 6 8 8 7 4 4 2 2 2 3 3 3 2 2 2 3 3 3 3 2 4 4 5 2 2 2 2 3 4 4 4
 6 6 7 3 3 3 3 3 4 4 5 5 5 9 6 6 8 8 7 4 4 2 2 2 3 3 3 2 2 2 3 3 3 3 2 4 4 5 2 2 2 2 3 4 4 4
 4 4 4 2 2 3 5 5 4 4 8 3 3 8 6 6 9 9 9 6 6 2 3 3 2 2 2 2 2 2 2 2 2 2 4 3 3 1 2 2 2 2 4 6 6 4
 4 4 4 2 2 3 5 5 4 4 8 3 3 8 6 6 9 9 9 6 6 2 3 3 2 2 2 2 2 2 2 2 2 2 4 3 3 1 2 2 2 2 4 6 6 4
 5 5 5 3 3 4 5 5 5 5 3 4 4 4 3 3 6 6 7 6 6 3 4 4 5 5 3 3 3 2 1 1 2 2 4 6 6 4 4 4 3 3 6 7 7 10
 4 4 5 4 4 5 5 5 6 6 3 3 3 4 5 5 5 5 8 7 7 4 4 4 4 4 4 3 3 3 2 2 2 2 4 4 4 5 5 5 7 7 7 6 6 10
 4 4 5 4 4 5 5 5 6 6 3 3 3 4 5 5 5 5 8 7 7 4 4 4 4 4 4 3 3 3 2 2 2 2 4 4 4 5 5 5 7 7 7 6 6 10
 8 8 8 5 5 6 3 3 4 4 5 4 4 3 4 4 4 4 10 12 12 6 4 4 3 3 3 2 2 2 3 3 3 3 4 5 5 5 5 5 6 6 7 6 6 11
 7 7 8 9 9 9 5 5 4 4 4 3 3 2 5 5 7 7 8 14 14 7 5 5 3 3 3 2 2 5 4 4 5 5 5 5 5 7 7 7 8 8 18 12 12 14
 7 7 8 9 9 9 5 5 4 4 4 3 3 2 5 5 7 7 8 14 14 7 5 5 3 3 3 2 2 5 4 4 5 5 5 5 5 7 7 7 8 8 18 12 12 14
 7 7 10 12 12 10 6 6 4 4 3 3 3 3 4 4 5 5 4 9 9 9 6 6 4 4 4 3 3 5 5 5 5 5 6 6 6 6 9 9 8 8 17 13 13 17
 7 7 10 12 12 10 6 6 4 4 3 3 3 3 4 4 5 5 4 9 9 9 6 6 4 4 4 3 3 5 5 5 5 5 6 6 6 6 9 9 8 8 17 13 13 17
 10 10 12 11 11 9 8 8 4 4 4 3 3 3 4 4 3 3 5 7 7 8 7 7 5 5 3 3 3 4 6 6 5 5 6 9 9 8 8 8 14 14 24 21 21 21
 15 15 11 12 12 9 8 8 8 8 4 4 4 6 3 3 6 6 6 3 3 9 8 8 8 8 5 3 3 4 5 5 4 4 5 6 6 8 9 9 10 10 19 21 21 21
 15 15 11 12 12 9 8 8 8 8 4 4 4 6 3 3 6 6 6 3 3 9 8 8 8 8 5 3 3 4 5 5 4 4 5 6 6 8 9 9 10 10 19 21 21 21
 13 13 11 12 12 10 9 9 9 9 4 4 4 3 3 3 6 6 4 3 3 11 10 10 8 8 5 3 3 3 4 4 3 3 8 7 7 6 10 10 9 9 15 15 15 22
 18 18 16 10 10 11 7 7 8 8 6 6 6 4 3 3 3 3 7 5 5 5 8 8 8 8 7 2 2 2 2 2 5 5 2 5 5 5 4 4 8 8 8 11 11 10
 18 18 16 10 10 11 7 7 8 8 6 6 6 4 3 3 3 3 7 5 5 5 8 8 8 8 7 2 2 2 2 2 5 5 2 5 5 5 4 4 8 8 8 11 11 10
 23 23 16 11 11 11 13 13 8 8 6 8 8 6 8 8 7 7 7 5 5 5 6 6 8 8 6 2 2 3 2 2 3 3 3 3 3 3 5 5 7 7 5 6 6 6
 23 23 16 11 11 11 13 13 8 8 6 8 8 6 8 8 7 7 7 5 5 5 6 6 8 8 6 2 2 3 2 2 3 3 3 3 3 3 5 5 7 7 5 6 6 6
 18 18 19 16 16 14 7 7 8 8 8 7 7 7 7 7 13 13 12 6 6 8 6 6 9 9 7 4 4 3 3 3 3 3 5 3 3 4 3 3 4 4 3 3 3 2
 22 22 19 18 18 15 9 9 13 13 7 6 6 6 8 8 6 6 6 6 6 10 6 6 20 20 12 4 4 4 4 4 4 4 3 3 3 4 3 3 3 3 2 2 2 2
 22 22 19 18 18 15 9 9 13 13 7 6 6 6 8 8 6 6 6 6 6 10 6 6 20 20 12 4 4 4 4 4 4 4 3 3 3 4 3 3 3 3 2 2 2 2
 20 20 21 18 18 19 12 12 10 10 10 6 6 6 4 4 4 4 5 6 6 9 5 5 9 9 10 6 6 5 5 5 3 3 3 3 3 3 3 3 2 2 3 3 3 3
 20 20 20 21 21 16 18 18 10 10 11 6 6 5 8 8 5 5 7 6 6 4 3 3 9 9 9 6 6 5 3 3 3 3 4 3 3 3 2 2 4 4 4 5 5 3
 20 20 20 21 21 16 18 18 10 10 11 6 6 5 8 8 5 5 7 6 6 4 3 3 9 9 9 6 6 5 3 3 3 3 4 3 3 3 2 2 4 4 4 5 5 3
 21 21 21 21 21 17 18 18 12 12 13 10 10 9 10 10 8 8 8 8 8 5 4 4 7 7 6 4 4 3 2 2 2 2 2 5 5 2 3 3 3 3 2 2 2 2
 21 21 21 21 21 17 18 18 12 12 13 10 10 9 10 10 8 8 8 8 8 5 4 4 7 7 6 4 4 3 2 2 2 2 2 5 5 2 3 3 3 3 2 2 2 2
 16 16 20 21 21 19 21 21 14 14 14 13 13 10 11 11 10 10 7 7 7 4 4 4 10 10 5 3 3 2 2 2 1 1 2 2 2 1 1 1 2 2 1 1 1 3
 16 16 21 22 22 19 20 20 14 14 16 17 17 11 10 10 9 9 8 7 7 6 4 4 4 4 6 4 4 3 0 0 2 2 0 1 1 1 1 1 1 1 0 1 1 1
 16 16 21 22 22 19 20 20 14 14 16 17 17 11 10 10 9 9 8 7 7 6 4 4 4 4 6 4 4 3 0 0 2 2 0 1 1 1 1 1 1 1 0 1 1 1
 24 24 19 18 18 18 16 16 15 15 14 15 15 11 10 10 11 11 8 6 6 4 2 2 3 3 5 4 4 2 1 1 0 0 0 0 0 0 0 0 2 2 0 0 0 0
 15 15 17 18 18 12 12 12 12 12 11 14 14 12 9 9 14 14 11 9 9 6 3 3 5 5 3 6 6 3 3 3 1 1 1 0 0 1 0 0 0 0 0 0 0 0
 15 15 17 18 18 12 12 12 12 12 11 14 14 12 9 9 14 14 11 9 9 6 3 3 5 5 3 6 6 3 3 3 1 1 1 0 0 1 0 0 0 0 0 0 0 0
 10 10 10 12 12 15 11 11 7 7 8 11 11 7 7 7 12 12 13 10 10 9 6 6 6 6 4 5 5 7 2 2 1 1 0 0 0 0 2 2 0 0 0 0 0 0
 10 10 10 12 12 15 11 11 7 7 8 11 11 7 7 7 12 12 13 10 10 9 6 6 6 6 4 5 5 7 2 2 1 1 0 0 0 0 2 2 0 0 0 0 0 0
 10 10 9 12 12 9 7 7 5 5 5 6 6 7 9 9 8 8 11 9 9 9 8 8 7 7 5 3 3 9 4 4 1 1 0 0 0 0 0 0 0 0 1 0 0 0
 9 9 9 8 8 7 6 6 5 5 5 7 7 10 12 12 8 8 9 7 7 8 9 9 7 7 6 4 4 9 5 5 4 4 0 0 0 0 2 2 0 0 0 0 0 0
 9 9 9 8 8 7 6 6 5 5 5 7 7 10 12 12 8 8 9 7 7 8 9 9 7 7 6 4 4 9 5 5 4 4 0 0 0 0 2 2 0 0 0 0 0 0
 9 9 8 6 6 8 7 7 4 4 5 7 7 9 15 15 12 12 11 9 9 8 10 10 8 8 6 4 4 4 8 8 5 5 2 1 1 2 0 0 0 0 0 0 0 0
 7 7 8 9 9 12 10 10 7 7 10 10 10 10 12 12 10 10 11 11 11 9 8 8 5 5 6 5 5 5 4 4 4 4 5 3 3 1 1 1 0 0 1 0 0 0
 7 7 8 9 9 12 10 10 7 7 10 10 10 10 12 12 10 10 11 11 11 9 8 8 5 5 6 5 5 5 4 4 4 4 5 3 3 1 1 1 0 0 1 0 0 0
 8 8 8 13 13 16 15 15 12 12 19 14 14 9 10 10 12 12 11 11 11 9 8 8 6 6 6 5 5 6 4 4 3 3 7 4 4 2 1 1 0 0 2 0 0 0
 8 8 8 13 13 16 15 15 12 12 19 14 14 9 10 10 12 12 11 11 11 9 8 8 6 6 6 5 5 6 4 4 3 3 7 4 4 2 1 1 0 0 2 0 0 0
 8 8 12 14 14 23 18 18 14 14 20 21 21 15 11 11 12 12 15 13 13 14 12 12 6 6 6 5 5 4 4 4 4 4 5 6 6 3 2 2 1 1 0 0 0 0
 9 9 12 14 14 17 18 18 17 17 16 25 25 25 23 23 22 22 20 20 20 21 13 13 10 10 7 5 5 4 4 4 3 3 7 5 5 7 3 3 2 2 1 1 1 1
 9 9 12 14 14 17 18 18 17 17 16 25 25 25 23 23 22 22 20 20 20 21 13 13 10 10 7 5 5 4 4 4 3 3 7 5 5 7 3 3 2 2 1 1 1 1
 9 9 13 16 16 18 17 17 21 21 29 25 25 24 30 30 20 20 28 25 25 25 18 18 11 11 12 8 8 7 4 4 3 3 8 6 6 5 6 6 6 6 3 2 2 3
 9 9 10 17 17 17 22 22 27 27 28 31 31 29 28 28 30 30 24 31 31 38 25 25 14 14 14 9 9 8 5 5 3 3 6 5 5 5 4 4 3 3 7 2 2 1
