assets/RAT_results_old/precipitation/2016-11-01_IMERG.asc
ncols        46
nrows        77
xllcorner    74.800261325624
yllcorner    8.058333333333
cellsize     0.062500000000
NODATA_value -9999
 21 21 49 82 82 111 70 70 60 60 60 30 30 22 12 12 10 10 7 3 3 5 9 9 5 5 8 6 6 5 3 3 1 1 1 14 14 2 2 2 3 3 3 0 0 1
 21 21 24 26 26 38 51 51 62 62 108 59 59 23 10 10 9 9 9 4 4 8 7 7 6 6 7 4 4 2 3 3 1 1 1 10 10 10 0 0 0 0 1 1 1 4
 21 21 24 26 26 38 51 51 62 62 108 59 59 23 10 10 9 9 9 4 4 8 7 7 6 6 7 4 4 2 3 3 1 1 1 10 10 10 0 0 0 0 1 1 1 4
 30 30 19 40 40 35 51 51 73 73 132 66 66 31 11 11 8 8 9 7 7 6 4 4 4 4 5 3 3 2 2 2 0 0 0 1 1 4 1 1 1 1 3 9 9 14
 44 44 31 35 35 34 53 53 45 45 85 73 73 21 7 7 7 7 9 5 5 1 1 1 1 1 2 1 1 0 1 1 1 1 1 1 1 1 2 2 3 3 5 8 8 13
 44 44 31 35 35 34 53 53 45 45 85 73 73 21 7 7 7 7 9 5 5 1 1 1 1 1 2 1 1 0 1 1 1 1 1 1 1 1 2 2 3 3 5 8 8 13
 40 40 34 16 16 27 34 34 39 39 23 21 21 28 19 19 7 7 8 1 1 0 0 0 1 1 1 2 2 0 0 0 0 0 1 1 1 1 2 2 5 5 3 7 7 0
 40 40 34 16 16 27 34 34 39 39 23 21 21 28 19 19 7 7 8 1 1 0 0 0 1 1 1 2 2 0 0 0 0 0 1 1 1 1 2 2 5 5 3 7 7 0
 35 35 30 16 16 44 81 81 61 61 55 12 12 17 6 6 5 5 5 3 3 0 0 0 0 0 0 0 0 0 0 0 0 0 0 0 0 0 0 0 0 0 0 0 0 1
 33 33 17 23 23 28 86 86 48 48 58 22 22 19 19 19 6 6 9 2 2 2 2 2 0 0 0 0 0 0 0 0 0 0 0 0 0 0 0 0 0 0 0 0 0 0
 33 33 17 23 23 28 86 86 48 48 58 22 22 19 19 19 6 6 9 2 2 2 2 2 0 0 0 0 0 0 0 0 0 0 0 0 0 0 0 0 0 0 0 0 0 0
 21 21 16 13 13 19 24 24 21 21 13 27 27 17 10 10 44 44 13 2 2 0 0 0 0 0 3 4 4 0 0 0 0 0 0 0 0 0 0 0 1 1 1 1 1 0
 25 25 9 14 14 16 19 19 11 11 21 25 25 29 44 44 18 18 11 2 2 1 8 8 5 5 6 1 1 0 0 0 0 0 0 0 0 0 1 1 1 1 1 1 1 0
 25 25 9 14 14 16 19 19 11 11 21 25 25 29 44 44 18 18 11 2 2 1 8 8 5 5 6 1 1 0 0 0 0 0 0 0 0 0 1 1 1 1 1 1 1 0
 22 22 37 38 38 13 11 11 11 11 8 2 2 7 10 10 23 23 5 5 5 4 8 8 5 5 0 0 0 0 0 0 0 0 0 0 0 0 1 1 1 1 1 0 0 0
 22 22 37 38 38 13 11 11 11 11 8 2 2 7 10 10 23 23 5 5 5 4 8 8 5 5 0 0 0 0 0 0 0 0 0 0 0 0 1 1 1 1 1 0 0 0
 121 121 36 40 40 9 10 10 4 4 5 2 2 4 5 5 11 11 11 11 11 10 5 5 3 3 1 0 0 0 0 0 0 0 0 0 0 0 1 1 0 0 0 0 0 0
 44 44 34 7 7 1 1 1 1 1 3 3 3 13 11 11 14 14 26 15 15 7 1 1 1 1 1 0 0 0 0 0 0 0 0 0 0 0 0 0 0 0 0 0 0 0
 44 44 34 7 7 1 1 1 1 1 3 3 3 13 11 11 14 14 26 15 15 7 1 1 1 1 1 0 0 0 0 0 0 0 0 0 0 0 0 0 0 0 0 0 0 0
 41 41 35 6 6 4 0 0 0 0 1 11 11 14 8 8 13 13 30 10 10 10 2 2 0 0 0 1 1 0 0 0 0 0 0 0 0 0 0 0 0 0 1 1 1 0
 12 12 5 4 4 5 1 1 2 2 3 3 3 7 8 8 22 22 26 13 13 14 1 1 1 1 0 2 2 1 2 2 5 5 3 3 3 0 0 0 0 0 0 1 1 0
 12 12 5 4 4 5 1 1 2 2 3 3 3 7 8 8 22 22 26 13 13 14 1 1 1 1 0 2 2 1 2 2 5 5 3 3 3 0 0 0 0 0 0 1 1 0
 2 2 0 3 3 0 0 0 0 0 2 2 2 8 11 11 11 11 13 15 15 12 2 2 1 1 0 0 0 3 3 3 5 5 4 0 0 0 0 0 0 0 0 0 0 0
 2 2 0 3 3 0 0 0 0 0 2 2 2 8 11 11 11 11 13 15 15 12 2 2 1 1 0 0 0 3 3 3 5 5 4 0 0 0 0 0 0 0 0 0 0 0
 0 0 1 1 1 1 0 0 0 0 0 2 2 5 11 11 23 23 37 13 13 10 1 1 1 1 0 1 1 3 1 1 1 1 0 0 0 0 0 0 0 0 0 0 0 0
 2 2 1 1 1 1 1 1 0 0 0 1 1 3 23 23 24 24 36 9 9 9 3 3 1 1 0 1 1 3 1 1 1 1 0 0 0 0 0 0 0 0 0 0 0 0
 2 2 1 1 1 1 1 1 0 0 0 1 1 3 23 23 24 24 36 9 9 9 3 3 1 1 0 1 1 3 1 1 1 1 0 0 0 0 0 0 0 0 0 0 0 0
 2 2 1 2 2 2 1 1 1 1 1 2 2 2 1 1 11 11 43 41 41 18 4 4 1 1 2 1 1 1 1 1 0 0 0 0 0 0 0 0 0 0 0 0 0 0
 6 6 7 8 8 11 8 8 2 2 1 1 1 1 2 2 11 11 44 11 11 2 1 1 2 2 1 1 1 1 0 0 0 0 0 0 0 0 0 0 0 0 0 0 0 1
 6 6 7 8 8 11 8 8 2 2 1 1 1 1 2 2 11 11 44 11 11 2 1 1 2 2 1 1 1 1 0 0 0 0 0 0 0 0 0 0 0 0 0 0 0 1
 11 11 12 13 13 16 14 14 11 11 4 3 3 2 2 2 12 12 13 11 11 2 3 3 2 2 3 1 1 0 0 0 0 0 1 0 0 0 0 0 0 0 0 0 0 0
 11 11 12 13 13 16 14 14 11 11 4 3 3 2 2 2 12 12 13 11 11 2 3 3 2 2 3 1 1 0 0 0 0 0 1 0 0 0 0 0 0 0 0 0 0 0
 16 16 21 20 20 21 17 17 12 12 4 3 3 2 2 2 2 2 3 3 3 2 2 2 0 0 0 0 0 0 0 0 0 0 0 0 0 0 0 0 0 0 0 0 0 0
 27 27 31 25 25 31 16 16 12 12 3 1 1 0 1 1 0 0 4 2 2 3 2 2 1 1 1 1 1 1 0 0 0 0 0 0 0 0 0 0 0 0 0 0 0 0
 27 27 31 25 25 31 16 16 12 12 3 1 1 0 1 1 0 0 4 2 2 3 2 2 1 1 1 1 1 1 0 0 0 0 0 0 0 0 0 0 0 0 0 0 0 0
 26 26 39 39 39 30 13 13 8 8 2 1 1 1 0 0 2 2 5 3 3 5 2 2 1 1 1 0 0 0 0 0 0 0 0 0 0 0 0 0 0 0 0 0 0 0
 10 10 14 20 20 18 16 16 8 8 2 1 1 3 1 1 2 2 4 7 7 11 12 12 4 4 2 1 1 1 2 2 1 1 0 2 2 2 0 0 0 0 0 0 0 0
 10 10 14 20 20 18 16 16 8 8 2 1 1 3 1 1 2 2 4 7 7 11 12 12 4 4 2 1 1 1 2 2 1 1 0 2 2 2 0 0 0 0 0 0 0 0
 11 11 12 17 17 15 12 12 2 2 1 1 1 6 0 0 2 2 6 7 7 10 16 16 10 10 5 4 4 6 5 5 2 2 1 2 2 2 1 1 0 0 1 1 1 1
 11 11 12 17 17 15 12 12 2 2 1 1 1 6 0 0 2 2 6 7 7 10 16 16 10 10 5 4 4 6 5 5 2 2 1 2 2 2 1 1 0 0 1 1 1 1
 7 7 5 3 3 2 2 2 2 2 2 1 1 6 1 1 1 1 8 12 12 17 19 19 19 19 21 12 12 12 9 9 4 4 3 3 3 4 2 2 2 2 1 2 2 0
 8 8 5 4 4 4 3 3 3 3 4 1 1 4 4 4 15 15 9 12 12 19 25 25 44 44 25 17 17 17 16 16 11 11 6 4 4 6 3 3 2 2 3 1 1 0
 8 8 5 4 4 4 3 3 3 3 4 1 1 4 4 4 15 15 9 12 12 19 25 25 44 44 25 17 17 17 16 16 11 11 6 4 4 6 3 3 2 2 3 1 1 0
 13 13 10 7 7 6 6 6 7 7 6 4 4 6 3 3 9 9 7 15 15 22 30 30 31 31 32 20 20 25 24 24 10 10 6 3 3 5 4 4 2 2 2 1 1 0
 14 14 10 9 9 9 7 7 5 5 4 5 5 2 3 3 8 8 4 16 16 21 17 17 23 23 18 17 17 24 19 19 13 13 6 2 2 3 4 4 2 2 1 0 0 0
 14 14 10 9 9 9 7 7 5 5 4 5 5 2 3 3 8 8 4 16 16 21 17 17 23 23 18 17 17 24 19 19 13 13 6 2 2 3 4 4 2 2 1 0 0 0
 32 32 21 8 8 7 3 3 2 2 2 5 5 1 1 1 1 1 2 12 12 21 14 14 12 12 12 17 17 21 21 21 14 14 6 1 1 2 2 2 1 1 0 0 0 0
 32 32 21 8 8 7 3 3 2 2 2 5 5 1 1 1 1 1 2 12 12 21 14 14 12 12 12 17 17 21 21 21 14 14 6 1 1 2 2 2 1 1 0 0 0 0
 36 36 25 18 18 13 7 7 4 4 2 5 5 3 5 5 4 4 3 8 8 12 13 13 14 14 9 15 15 16 16 16 10 10 3 1 1 1 0 0 0 0 0 0 0 0
 30 30 27 25 25 14 10 10 8 8 6 10 10 7 7 7 7 7 3 4 4 6 8 8 9 9 7 8 8 8 7 7 5 5 2 1 1 0 0 0 0 0 0 0 0 0
 30 30 27 25 25 14 10 10 8 8 6 10 10 7 7 7 7 7 3 4 4 6 8 8 9 9 7 8 8 8 7 7 5 5 2 1 1 0 0 0 0 0 0 0 0 0
 29 29 33 32 32 24 21 21 11 11 10 10 10 10 10 10 9 9 7 6 6 2 5 5 7 7 10 10 10 8 7 7 8 8 4 4 4 1 0 0 0 0 1 0 0 0
 30 30 33 34 34 33 28 28 16 16 17 11 11 12 9 9 8 8 6 2 2 6 4 4 7 7 16 12 12 9 16 16 13 13 7 5 5 1 1 1 1 1 0 0 0 0
 30 30 33 34 34 33 28 28 16 16 17 11 11 12 9 9 8 8 6 2 2 6 4 4 7 7 16 12 12 9 16 16 13 13 7 5 5 1 1 1 1 1 0 0 0 0
 21 21 26 27 27 34 31 31 21 21 20 13 13 11 7 7 7 7 5 3 3 4 4 4 8 8 13 19 19 17 21 21 12 12 8 7 7 4 1 1 1 1 0 0 0 0
 21 21 26 27 27 34 31 31 21 21 20 13 13 11 7 7 7 7 5 3 3 4 4 4 8 8 13 19 19 17 21 21 12 12 8 7 7 4 1 1 1 1 0 0 0 0
 19 19 19 21 21 21 24 24 23 23 18 14 14 14 8 8 5 5 3 3 3 1 3 3 7 7 11 13 13 17 19 19 12 12 3 3 3 0 0 0 1 1 0 0 0 0
 17 17 26 27 27 29 19 19 19 19 15 15 15 15 5 5 2 2 2 2 2 3 11 11 8 8 5 10 10 13 24 24 11 11 6 1 1 1 1 1 1 1 0 0 0 0
 17 17 26 27 27 29 19 19 19 19 15 15 15 15 5 5 2 2 2 2 2 3 11 11 8 8 5 10 10 13 24 24 11 11 6 1 1 1 1 1 1 1 0 0 0 0
 16 16 20 29 29 18 18 18 16 16 13 13 13 6 4 4 1 1 0 2 2 0 8 8 8 8 7 8 8 17 16 16 13 13 10 11 11 0 2 2 1 1 0 0 0 0
 12 12 15 15 15 17 18 18 15 15 14 10 10 6 3 3 1 1 1 1 1 0 1 1 4 4 4 7 7 8 15 15 8 8 15 13 13 1 1 1 1 1 1 0 0 0
 12 12 15 15 15 17 18 18 15 15 14 10 10 6 3 3 1 1 1 1 1 0 1 1 4 4 4 7 7 8 15 15 8 8 15 13 13 1 1 1 1 1 1 0 0 0
 9 9 12 14 14 11 9 9 10 10 11 7 7 5 5 5 1 1 0 1 1 1 1 1 2 2 1 3 3 3 3 3 9 9 12 0 0 0 1 1 2 2 2 1 1 1
 9 9 12 14 14 11 9 9 10 10 11 7 7 5 5 5 1 1 0 1 1 1 1 1 2 2 1 3 3 3 3 3 9 9 12 0 0 0 1 1 2 2 2 1 1 1
 8 8 8 7 7 7 6 6 5 5 7 5 5 4 3 3 3 3 0 1 1 0 1 1 1 1 2 3 3 3 2 2 3 3 2 2 2 0 1 1 3 3 4 2 2 1
 8 8 6 6 6 6 4 4 5 5 4 3 3 7 4 4 3 3 1 1 1 1 0 0 0 0 2 4 4 3 2 2 4 4 2 3 3 2 1 1 2 2 3 2 2 1
 8 8 6 6 6 6 4 4 5 5 4 3 3 7 4 4 3 3 1 1 1 1 0 0 0 0 2 4 4 3 2 2 4 4 2 3 3 2 1 1 2 2 3 2 2 1
 5 5 6 11 11 3 2 2 3 3 2 3 3 4 4 4 4 4 1 2 2 1 1 1 1 1 3 5 5 8 5 5 3 3 2 0 0 3 1 1 1 1 2 2 2 2
 3 3 2 2 2 4 2 2 2 2 2 2 2 3 2 2 2 2 2 4 4 4 3 3 3 3 3 2 2 7 14 14 12 12 7 3 3 3 1 1 1 1 2 1 1 1
 3 3 2 2 2 4 2 2 2 2 2 2 2 3 2 2 2 2 2 4 4 4 3 3 3 3 3 2 2 7 14 14 12 12 7 3 3 3 1 1 1 1 2 1 1 1
 2 2 1 1 1 2 1 1 1 1 2 2 2 1 1 1 6 6 4 5 5 4 6 6 5 5 4 12 12 12 18 18 21 21 39 9 9 2 1 1 2 2 4 5 5 7
 2 2 1 1 1 2 1 1 1 1 2 2 2 1 1 1 6 6 4 5 5 4 6 6 5 5 4 12 12 12 18 18 21 21 39 9 9 2 1 1 2 2 4 5 5 7
 1 1 1 1 1 2 4 4 2 2 2 2 2 1 3 3 1 1 1 6 6 8 8 8 6 6 5 3 3 5 13 13 18 18 14 4 4 2 2 2 4 4 7 7 7 12
 5 5 13 9 9 9 4 4 3 3 4 3 3 2 2 2 3 3 2 2 2 7 7 7 10 10 12 15 15 23 12 12 13 13 11 14 14 9 7 7 9 9 7 15 15 9
 5 5 13 9 9 9 4 4 3 3 4 3 3 2 2 2 3 3 2 2 2 7 7 7 10 10 12 15 15 23 12 12 13 13 11 14 14 9 7 7 9 9 7 15 15 9
 7 7 12 29 29 17 9 9 7 7 5 9 9 5 3 3 4 4 6 11 11 20 48 48 47 47 44 15 15 14 2 2 9 9 11 17 17 9 11 11 9 9 10 11 11 10
 8 8 12 7 7 17 10 10 9 9 12 10 10 6 2 2 4 4 4 10 10 19 52 52 52 52 50 44 44 1 1 1 1 1 3 5 5 13 10 10 8 8 16 12 12 6
