assets/RAT_results_old/precipitation/2016-08-23_IMERG.asc
ncols        46
nrows        77
xllcorner    74.800261325624
yllcorner    8.058333333333
cellsize     0.062500000000
NODATA_value -9999
 15 15 16 15 15 9 16 16 24 24 12 10 10 16 12 12 13 13 3 0 0 0 0 0 0 0 0 0 0 0 0 0 0 0 0 0 0 0 0 0 0 0 0 0 0 0
 14 14 8 2 2 7 11 11 14 14 25 27 27 24 5 5 15 15 6 0 0 0 0 0 0 0 0 0 0 0 0 0 0 0 0 1 1 0 0 0 0 0 0 5 5 0
 14 14 8 2 2 7 11 11 14 14 25 27 27 24 5 5 15 15 6 0 0 0 0 0 0 0 0 0 0 0 0 0 0 0 0 1 1 0 0 0 0 0 0 5 5 0
 18 18 14 15 15 25 28 28 35 35 36 32 32 29 16 16 16 16 3 1 1 0 0 0 0 0 0 0 0 0 0 0 0 0 0 0 0 0 0 0 0 0 1 0 0 0
 7 7 37 31 31 20 24 24 25 25 33 20 20 39 19 19 2 2 3 1 1 0 0 0 0 0 0 0 0 0 0 0 0 0 0 0 0 0 0 0 0 0 0 0 0 1
 7 7 37 31 31 20 24 24 25 25 33 20 20 39 19 19 2 2 3 1 1 0 0 0 0 0 0 0 0 0 0 0 0 0 0 0 0 0 0 0 0 0 0 0 0 1
 16 16 19 34 34 35 36 36 15 15 27 19 19 14 4 4 1 1 1 0 0 0 0 0 0 0 0 0 0 0 0 0 0 0 0 1 1 0 0 0 0 0 0 0 0 1
 16 16 19 34 34 35 36 36 15 15 27 19 19 14 4 4 1 1 1 0 0 0 0 0 0 0 0 0 0 0 0 0 0 0 0 1 1 0 0 0 0 0 0 0 0 1
 15 15 25 38 38 47 31 31 28 28 15 12 12 14 2 2 3 3 1 1 1 0 0 0 0 0 0 0 0 0 1 1 0 0 0 0 0 0 0 0 0 0 0 0 0 1
 9 9 27 43 43 36 25 25 27 27 13 15 15 19 7 7 2 2 5 1 1 0 1 1 0 0 1 0 0 0 0 0 0 0 0 0 0 0 0 0 0 0 0 0 0 0
 9 9 27 43 43 36 25 25 27 27 13 15 15 19 7 7 2 2 5 1 1 0 1 1 0 0 1 0 0 0 0 0 0 0 0 0 0 0 0 0 0 0 0 0 0 0
 3 3 10 7 7 17 16 16 18 18 33 18 18 25 8 8 8 8 5 2 2 3 0 0 0 0 8 0 0 0 0 0 0 0 0 0 0 0 0 0 0 0 0 0 0 0
 1 1 7 8 8 18 20 20 14 14 21 19 19 16 11 11 15 15 10 5 5 2 0 0 0 0 0 0 0 0 0 0 0 0 0 0 0 0 0 0 0 0 0 0 0 0
 1 1 7 8 8 18 20 20 14 14 21 19 19 16 11 11 15 15 10 5 5 2 0 0 0 0 0 0 0 0 0 0 0 0 0 0 0 0 0 0 0 0 0 0 0 0
 2 2 12 13 13 10 20 20 13 13 10 10 10 11 13 13 9 9 11 5 5 5 0 0 0 0 0 0 0 0 0 0 0 0 0 0 0 0 0 0 0 0 0 1 1 0
 2 2 12 13 13 10 20 20 13 13 10 10 10 11 13 13 9 9 11 5 5 5 0 0 0 0 0 0 0 0 0 0 0 0 0 0 0 0 0 0 0 0 0 1 1 0
 4 4 12 13 13 28 17 17 16 16 13 13 13 25 10 10 9 9 6 6 6 9 3 3 0 0 1 0 0 0 0 0 0 0 0 0 0 0 0 0 1 1 0 1 1 1
 0 0 2 2 2 10 9 9 18 18 8 11 11 9 9 9 18 18 5 7 7 1 1 1 1 1 1 2 2 1 0 0 0 0 0 0 0 0 0 0 1 1 0 0 0 2
 0 0 2 2 2 10 9 9 18 18 8 11 11 9 9 9 18 18 5 7 7 1 1 1 1 1 1 2 2 1 0 0 0 0 0 0 0 0 0 0 1 1 0 0 0 2
 1 1 4 6 6 5 3 3 3 3 2 4 4 6 7 7 9 9 9 6 6 1 0 0 2 2 1 1 1 0 1 1 0 0 0 0 0 0 1 1 1 1 1 2 2 2
 2 2 1 3 3 1 2 2 6 6 8 7 7 22 14 14 8 8 11 6 6 10 1 1 6 6 5 5 5 2 1 1 1 1 1 1 1 1 1 1 1 1 2 4 4 2
 2 2 1 3 3 1 2 2 6 6 8 7 7 22 14 14 8 8 11 6 6 10 1 1 6 6 5 5 5 2 1 1 1 1 1 1 1 1 1 1 1 1 2 4 4 2
 3 3 4 2 2 1 1 1 4 4 6 4 4 11 13 13 11 11 9 8 8 7 5 5 7 7 3 2 2 4 1 1 1 1 1 1 1 1 1 1 1 1 1 3 3 2
 3 3 4 2 2 1 1 1 4 4 6 4 4 11 13 13 11 11 9 8 8 7 5 5 7 7 3 2 2 4 1 1 1 1 1 1 1 1 1 1 1 1 1 3 3 2
 5 5 3 2 2 2 5 5 9 9 6 4 4 6 18 18 22 22 2 1 1 3 5 5 4 4 1 1 1 1 1 1 2 2 1 1 1 1 1 1 1 1 0 1 1 1
 3 3 2 2 2 4 17 17 28 28 10 11 11 5 12 12 16 16 10 7 7 1 2 2 2 2 1 1 1 1 1 1 1 1 0 0 0 0 2 2 0 0 0 0 0 0
 3 3 2 2 2 4 17 17 28 28 10 11 11 5 12 12 16 16 10 7 7 1 2 2 2 2 1 1 1 1 1 1 1 1 0 0 0 0 2 2 0 0 0 0 0 0
 0 0 1 2 2 6 16 16 22 22 15 21 21 5 3 3 5 5 0 0 0 0 1 1 3 3 2 2 2 0 0 0 0 0 0 0 0 0 0 0 2 2 0 0 0 0
 2 2 0 4 4 13 15 15 23 23 7 5 5 8 10 10 3 3 2 0 0 0 0 0 0 0 0 3 3 0 0 0 0 0 0 0 0 0 1 1 0 0 3 1 1 0
 2 2 0 4 4 13 15 15 23 23 7 5 5 8 10 10 3 3 2 0 0 0 0 0 0 0 0 3 3 0 0 0 0 0 0 0 0 0 1 1 0 0 3 1 1 0
 0 0 0 1 1 10 11 11 3 3 3 9 9 9 4 4 2 2 5 0 0 0 0 0 1 1 1 1 1 3 1 1 0 0 0 0 0 1 1 1 1 1 0 0 0 0
 0 0 0 1 1 10 11 11 3 3 3 9 9 9 4 4 2 2 5 0 0 0 0 0 1 1 1 1 1 3 1 1 0 0 0 0 0 1 1 1 1 1 0 0 0 0
 0 0 0 1 1 4 8 8 3 3 4 7 7 7 4 4 4 4 2 1 1 4 1 1 2 2 1 1 1 2 2 2 0 0 0 0 0 0 0 0 0 0 0 0 0 0
 0 0 0 0 0 3 5 5 3 3 6 11 11 5 4 4 4 4 5 3 3 0 1 1 4 4 0 2 2 6 3 3 5 5 5 1 1 0 0 0 0 0 1 0 0 0
 0 0 0 0 0 3 5 5 3 3 6 11 11 5 4 4 4 4 5 3 3 0 1 1 4 4 0 2 2 6 3 3 5 5 5 1 1 0 0 0 0 0 1 0 0 0
 0 0 0 0 0 3 4 4 5 5 6 4 4 4 3 3 3 3 5 2 2 2 1 1 2 2 6 6 6 9 10 10 7 7 5 2 2 1 1 1 1 1 1 1 1 1
 0 0 0 0 0 0 3 3 4 4 5 7 7 8 8 8 6 6 3 3 3 2 3 3 5 5 2 2 2 7 10 10 10 10 4 2 2 1 1 1 1 1 1 1 1 1
 0 0 0 0 0 0 3 3 4 4 5 7 7 8 8 8 6 6 3 3 3 2 3 3 5 5 2 2 2 7 10 10 10 10 4 2 2 1 1 1 1 1 1 1 1 1
 0 0 0 0 0 1 0 0 3 3 2 5 5 9 6 6 6 6 6 2 2 3 1 1 6 6 4 5 5 4 3 3 7 7 3 2 2 2 2 2 1 1 2 1 1 1
 0 0 0 0 0 1 0 0 3 3 2 5 5 9 6 6 6 6 6 2 2 3 1 1 6 6 4 5 5 4 3 3 7 7 3 2 2 2 2 2 1 1 2 1 1 1
 0 0 0 0 0 1 3 3 5 5 2 10 10 13 7 7 8 8 1 2 2 5 3 3 2 2 3 4 4 3 8 8 11 11 6 4 4 6 3 3 2 2 2 2 2 2
 0 0 0 1 1 0 0 0 1 1 1 7 7 5 3 3 1 1 1 1 1 2 4 4 1 1 1 3 3 5 12 12 9 9 8 6 6 8 4 4 2 2 2 6 6 4
 0 0 0 1 1 0 0 0 1 1 1 7 7 5 3 3 1 1 1 1 1 2 4 4 1 1 1 3 3 5 12 12 9 9 8 6 6 8 4 4 2 2 2 6 6 4
 0 0 1 0 0 0 0 0 1 1 0 0 0 1 0 0 0 0 1 1 1 2 4 4 1 1 0 0 0 6 9 9 7 7 10 5 5 8 8 8 5 5 3 2 2 0
 0 0 0 0 0 0 0 0 0 0 1 0 0 1 0 0 0 0 1 1 1 1 1 1 2 2 4 3 3 5 5 5 7 7 11 10 10 6 5 5 1 1 3 3 3 2
 0 0 0 0 0 0 0 0 0 0 1 0 0 1 0 0 0 0 1 1 1 1 1 1 2 2 4 3 3 5 5 5 7 7 11 10 10 6 5 5 1 1 3 3 3 2
 0 0 0 0 0 0 0 0 0 0 0 0 0 0 0 0 0 0 2 2 2 1 1 1 2 2 0 0 0 2 3 3 17 17 16 5 5 3 1 1 0 0 0 0 0 2
 0 0 0 0 0 0 0 0 0 0 0 0 0 0 0 0 0 0 2 2 2 1 1 1 2 2 0 0 0 2 3 3 17 17 16 5 5 3 1 1 0 0 0 0 0 2
 0 0 0 0 0 0 0 0 0 0 2 0 0 0 0 0 0 0 1 1 1 1 0 0 2 2 1 1 1 5 3 3 12 12 18 3 3 2 0 0 0 0 1 1 1 2
 0 0 2 0 0 0 0 0 1 1 0 0 0 0 1 1 0 0 0 0 0 0 0 0 1 1 1 2 2 4 4 4 8 8 16 7 7 3 1 1 1 1 1 1 1 1
 0 0 2 0 0 0 0 0 1 1 0 0 0 0 1 1 0 0 0 0 0 0 0 0 1 1 1 2 2 4 4 4 8 8 16 7 7 3 1 1 1 1 1 1 1 1
 0 0 0 0 0 0 1 1 2 2 1 0 0 2 1 1 0 0 0 0 0 0 1 1 1 1 3 0 0 1 4 4 7 7 5 7 7 4 1 1 1 1 1 1 1 0
 0 0 0 0 0 0 0 0 0 0 1 1 1 0 0 0 0 0 1 0 0 0 0 0 1 1 2 1 1 0 1 1 1 1 5 8 8 6 0 0 1 1 1 0 0 1
 0 0 0 0 0 0 0 0 0 0 1 1 1 0 0 0 0 0 1 0 0 0 0 0 1 1 2 1 1 0 1 1 1 1 5 8 8 6 0 0 1 1 1 0 0 1
 0 0 0 0 0 0 0 0 0 0 0 0 0 0 1 1 0 0 0 0 0 0 0 0 1 1 3 1 1 1 4 4 2 2 4 8 8 5 7 7 1 1 0 0 0 0
 0 0 0 0 0 0 0 0 0 0 0 0 0 0 1 1 0 0 0 0 0 0 0 0 1 1 3 1 1 1 4 4 2 2 4 8 8 5 7 7 1 1 0 0 0 0
 1 1 0 0 0 2 1 1 1 1 0 1 1 1 0 0 1 1 0 0 0 0 1 1 2 2 2 0 0 1 3 3 7 7 7 14 14 15 9 9 1 1 0 0 0 0
 2 2 0 1 1 2 3 3 4 4 3 5 5 1 0 0 0 0 0 0 0 0 4 4 0 0 1 1 1 0 1 1 1 1 1 6 6 10 6 6 1 1 0 0 0 0
 2 2 0 1 1 2 3 3 4 4 3 5 5 1 0 0 0 0 0 0 0 0 4 4 0 0 1 1 1 0 1 1 1 1 1 6 6 10 6 6 1 1 0 0 0 0
 1 1 2 2 2 2 7 7 4 4 6 2 2 0 0 0 0 0 1 0 0 0 1 1 1 1 1 1 1 1 1 1 1 1 1 0 0 0 0 0 0 0 0 0 0 0
 1 1 1 1 1 2 3 3 0 0 4 2 2 4 1 1 0 0 2 4 4 0 0 0 1 1 0 1 1 1 1 1 1 1 0 0 0 0 0 0 0 0 0 0 0 0
 1 1 1 1 1 2 3 3 0 0 4 2 2 4 1 1 0 0 2 4 4 0 0 0 1 1 0 1 1 1 1 1 1 1 0 0 0 0 0 0 0 0 0 0 0 0
 0 0 0 2 2 1 0 0 1 1 1 0 0 1 0 0 0 0 4 2 2 0 0 0 1 1 2 2 2 1 1 1 1 1 0 1 1 0 0 0 0 0 0 0 0 0
 0 0 0 2 2 1 0 0 1 1 1 0 0 1 0 0 0 0 4 2 2 0 0 0 1 1 2 2 2 1 1 1 1 1 0 1 1 0 0 0 0 0 0 0 0 0
 0 0 0 0 0 1 1 1 1 1 2 0 0 0 0 0 0 0 0 0 0 2 0 0 0 0 1 1 1 1 1 1 1 1 1 0 0 0 1 1 0 0 0 0 0 0
 0 0 0 0 0 2 2 2 1 1 2 6 6 3 0 0 0 0 0 0 0 0 1 1 1 1 1 1 1 2 1 1 1 1 1 0 0 1 2 2 2 2 0 0 0 0
 0 0 0 0 0 2 2 2 1 1 2 6 6 3 0 0 0 0 0 0 0 0 1 1 1 1 1 1 1 2 1 1 1 1 1 0 0 1 2 2 2 2 0 0 0 0
 0 0 0 0 0 2 2 2 2 2 1 1 1 1 1 1 1 1 0 0 0 0 1 1 2 2 0 4 4 1 0 0 1 1 1 1 1 0 1 1 1 1 0 0 0 1
 0 0 0 0 0 0 1 1 1 1 2 9 9 3 8 8 4 4 2 1 1 0 1 1 2 2 3 4 4 1 1 1 2 2 1 1 1 0 0 0 1 1 0 0 0 0
 0 0 0 0 0 0 1 1 1 1 2 9 9 3 8 8 4 4 2 1 1 0 1 1 2 2 3 4 4 1 1 1 2 2 1 1 1 0 0 0 1 1 0 0 0 0
 1 1 2 2 2 7 1 1 2 2 2 3 3 6 13 13 6 6 4 3 3 1 1 1 2 2 3 0 0 1 2 2 1 1 1 0 0 1 3 3 3 3 4 4 4 0
 1 1 2 2 2 7 1 1 2 2 2 3 3 6 13 13 6 6 4 3 3 1 1 1 2 2 3 0 0 1 2 2 1 1 1 0 0 1 3 3 3 3 4 4 4 0
 3 3 3 3 3 8 2 2 2 2 5 11 11 7 15 15 17 17 8 23 23 10 8 8 11 11 4 4 4 1 1 1 2 2 2 0 0 1 1 1 0 0 1 1 1 0
 5 5 6 3 3 5 2 2 2 2 2 2 2 4 9 9 12 12 10 10 10 13 13 13 9 9 10 8 8 1 0 0 2 2 2 0 0 1 3 3 1 1 0 1 1 0
 5 5 6 3 3 5 2 2 2 2 2 2 2 4 9 9 12 12 10 10 10 13 13 13 9 9 10 8 8 1 0 0 2 2 2 0 0 1 3 3 1 1 0 1 1 0
 4 4 3 3 3 3 3 3 5 5 6 3 3 4 3 3 16 16 24 6 6 9 5 5 7 7 8 5 5 4 0 0 2 2 2 2 2 2 3 3 1 1 0 0 0 0
 2 2 3 6 6 6 8 8 6 6 8 15 15 3 3 3 15 15 15 15 15 15 9 9 12 12 11 7 7 7 2 2 0 0 0 1 1 1 2 2 1 1 1 0 0 0
