assets/RAT_results_old/precipitation/2016-08-25_IMERG.asc
ncols        46
nrows        77
xllcorner    74.800261325624
yllcorner    8.058333333333
cellsize     0.062500000000
NODATA_value -9999
 5 5 10 19 19 21 11 11 12 12 7 8 8 6 3 3 1 1 0 0 0 1 1 1 1 1 1 0 0 4 1 1 21 21 10 23 23 32 3 3 1 1 0 1 1 1
 3 3 7 7 7 8 4 4 9 9 13 11 11 9 4 4 1 1 0 1 1 0 0 0 0 0 0 0 0 0 0 0 0 0 0 0 0 0 0 0 0 0 0 0 0 1
 3 3 7 7 7 8 4 4 9 9 13 11 11 9 4 4 1 1 0 1 1 0 0 0 0 0 0 0 0 0 0 0 0 0 0 0 0 0 0 0 0 0 0 0 0 1
 5 5 6 4 4 3 7 7 15 15 12 14 14 12 4 4 3 3 1 1 1 0 0 0 0 0 2 0 0 0 0 0 0 0 0 0 0 0 0 0 0 0 0 0 0 0
 2 2 7 7 7 6 19 19 11 11 11 14 14 13 7 7 3 3 0 0 0 0 0 0 0 0 0 0 0 0 0 0 0 0 0 0 0 0 0 0 0 0 0 0 0 0
 2 2 7 7 7 6 19 19 11 11 11 14 14 13 7 7 3 3 0 0 0 0 0 0 0 0 0 0 0 0 0 0 0 0 0 0 0 0 0 0 0 0 0 0 0 0
 1 1 3 7 7 5 6 6 10 10 13 17 17 15 8 8 3 3 1 0 0 0 0 0 0 0 0 0 0 0 0 0 0 0 0 0 0 0 0 0 0 0 0 0 0 0
 1 1 3 7 7 5 6 6 10 10 13 17 17 15 8 8 3 3 1 0 0 0 0 0 0 0 0 0 0 0 0 0 0 0 0 0 0 0 0 0 0 0 0 0 0 0
 1 1 5 3 3 4 5 5 3 3 5 9 9 7 2 2 2 2 0 0 0 0 0 0 0 0 0 0 0 0 0 0 0 0 0 0 0 0 0 0 0 0 0 0 0 0
 1 1 1 4 4 2 2 2 1 1 2 3 3 0 0 0 1 1 1 1 1 1 0 0 0 0 0 0 0 0 0 0 0 0 0 0 0 0 0 0 0 0 0 0 0 0
 1 1 1 4 4 2 2 2 1 1 2 3 3 0 0 0 1 1 1 1 1 1 0 0 0 0 0 0 0 0 0 0 0 0 0 0 0 0 0 0 0 0 0 0 0 0
 1 1 0 1 1 2 2 2 3 3 1 2 2 2 3 3 5 5 4 2 2 1 0 0 0 0 0 0 0 0 0 0 0 0 0 0 0 0 0 0 0 0 0 0 0 0
 2 2 4 1 1 2 2 2 2 2 3 5 5 5 5 5 5 5 0 0 0 0 0 0 0 0 0 0 0 0 0 0 0 0 0 0 0 0 0 0 0 0 0 0 0 0
 2 2 4 1 1 2 2 2 2 2 3 5 5 5 5 5 5 5 0 0 0 0 0 0 0 0 0 0 0 0 0 0 0 0 0 0 0 0 0 0 0 0 0 0 0 0
 1 1 3 2 2 0 2 2 3 3 4 7 7 8 8 8 14 14 7 0 0 0 0 0 0 0 0 0 0 0 0 0 0 0 0 0 0 0 0 0 0 0 0 0 0 1
 1 1 3 2 2 0 2 2 3 3 4 7 7 8 8 8 14 14 7 0 0 0 0 0 0 0 0 0 0 0 0 0 0 0 0 0 0 0 0 0 0 0 0 0 0 1
 2 2 1 1 1 1 1 1 4 4 2 5 5 6 11 11 17 17 3 0 0 0 0 0 0 0 0 0 0 0 0 0 0 0 0 0 0 0 1 1 1 1 1 1 1 3
 4 4 3 3 3 0 1 1 1 1 1 5 5 4 1 1 8 8 0 0 0 0 0 0 0 0 0 0 0 0 0 0 0 0 0 0 0 0 0 0 2 2 2 3 3 3
 4 4 3 3 3 0 1 1 1 1 1 5 5 4 1 1 8 8 0 0 0 0 0 0 0 0 0 0 0 0 0 0 0 0 0 0 0 0 0 0 2 2 2 3 3 3
 3 3 3 0 0 0 1 1 1 1 1 2 2 2 1 1 0 0 0 0 0 0 3 3 2 2 0 0 0 0 0 0 0 0 0 0 0 1 1 1 2 2 2 5 5 6
 2 2 2 0 0 1 0 0 1 1 1 1 1 0 1 1 0 0 0 3 3 3 1 1 1 1 1 1 1 1 1 1 1 1 1 0 0 2 1 1 1 1 2 3 3 5
 2 2 2 0 0 1 0 0 1 1 1 1 1 0 1 1 0 0 0 3 3 3 1 1 1 1 1 1 1 1 1 1 1 1 1 0 0 2 1 1 1 1 2 3 3 5
 0 0 0 0 0 0 0 0 0 0 0 1 1 3 1 1 0 0 0 3 3 3 1 1 1 1 2 2 2 5 3 3 1 1 1 1 1 1 3 3 2 2 2 4 4 6
 0 0 0 0 0 0 0 0 0 0 0 1 1 3 1 1 0 0 0 3 3 3 1 1 1 1 2 2 2 5 3 3 1 1 1 1 1 1 3 3 2 2 2 4 4 6
 1 1 0 0 0 0 0 0 0 0 0 1 1 2 1 1 1 1 1 1 1 3 1 1 1 1 1 2 2 8 6 6 1 1 1 2 2 2 3 3 2 2 2 2 2 2
 1 1 1 2 2 0 0 0 1 1 1 1 1 1 3 3 2 2 1 1 1 0 1 1 0 0 0 2 2 4 1 1 1 1 2 2 2 2 1 1 1 1 1 1 1 1
 1 1 1 2 2 0 0 0 1 1 1 1 1 1 3 3 2 2 1 1 1 0 1 1 0 0 0 2 2 4 1 1 1 1 2 2 2 2 1 1 1 1 1 1 1 1
 2 2 2 3 3 1 0 0 0 0 0 1 1 1 2 2 4 4 1 1 1 1 1 1 1 1 0 3 3 2 1 1 0 0 0 1 1 1 0 0 0 0 1 0 0 1
 3 3 2 2 2 2 0 0 0 0 0 0 0 1 1 1 3 3 1 1 1 1 1 1 1 1 0 2 2 1 0 0 0 0 0 0 0 0 0 0 0 0 0 0 0 0
 3 3 2 2 2 2 0 0 0 0 0 0 0 1 1 1 3 3 1 1 1 1 1 1 1 1 0 2 2 1 0 0 0 0 0 0 0 0 0 0 0 0 0 0 0 0
 4 4 3 4 4 0 0 0 0 0 0 0 0 0 0 0 1 1 1 0 0 0 0 0 0 0 0 0 0 0 0 0 0 0 0 0 0 0 0 0 0 0 0 0 0 0
 4 4 3 4 4 0 0 0 0 0 0 0 0 0 0 0 1 1 1 0 0 0 0 0 0 0 0 0 0 0 0 0 0 0 0 0 0 0 0 0 0 0 0 0 0 0
 4 4 5 5 5 1 1 1 0 0 0 0 0 0 0 0 2 2 2 1 1 0 0 0 0 0 0 0 0 0 0 0 0 0 0 0 0 0 0 0 0 0 0 0 0 0
 3 3 6 5 5 2 1 1 0 0 0 0 0 0 1 1 1 1 1 2 2 1 0 0 0 0 0 0 0 0 0 0 0 0 0 0 0 0 0 0 0 0 0 0 0 0
 3 3 6 5 5 2 1 1 0 0 0 0 0 0 1 1 1 1 1 2 2 1 0 0 0 0 0 0 0 0 0 0 0 0 0 0 0 0 0 0 0 0 0 0 0 0
 6 6 5 6 6 3 3 3 1 1 1 0 0 0 0 0 1 1 2 2 2 1 0 0 0 0 0 0 0 0 0 0 0 0 0 0 0 0 0 0 0 0 0 0 0 0
 5 5 6 6 6 5 4 4 3 3 3 0 0 0 0 0 1 1 1 2 2 3 1 1 0 0 0 0 0 0 0 0 0 0 1 0 0 0 0 0 0 0 0 0 0 0
 5 5 6 6 6 5 4 4 3 3 3 0 0 0 0 0 1 1 1 2 2 3 1 1 0 0 0 0 0 0 0 0 0 0 1 0 0 0 0 0 0 0 0 0 0 0
 4 4 5 6 6 7 7 7 7 7 5 1 1 0 0 0 0 0 1 2 2 2 1 1 0 0 0 0 0 0 0 0 0 0 0 1 1 0 0 0 0 0 0 0 0 2
 4 4 5 6 6 7 7 7 7 7 5 1 1 0 0 0 0 0 1 2 2 2 1 1 0 0 0 0 0 0 0 0 0 0 0 1 1 0 0 0 0 0 0 0 0 2
 3 3 5 6 6 10 14 14 12 12 9 9 9 1 0 0 0 0 1 5 5 2 2 2 2 2 5 5 5 5 10 10 0 0 0 2 2 4 1 1 1 1 2 2 2 2
 4 4 4 7 7 8 12 12 15 15 15 18 18 0 0 0 8 8 23 2 2 3 3 3 2 2 1 3 3 5 5 5 0 0 0 1 1 4 1 1 1 1 1 2 2 0
 4 4 4 7 7 8 12 12 15 15 15 18 18 0 0 0 8 8 23 2 2 3 3 3 2 2 1 3 3 5 5 5 0 0 0 1 1 4 1 1 1 1 1 2 2 0
 4 4 5 10 10 10 14 14 15 15 19 28 28 17 1 1 4 4 25 24 24 14 5 5 3 3 1 3 3 3 6 6 0 0 0 4 4 6 2 2 2 2 4 1 1 1
 6 6 11 14 14 14 18 18 21 21 21 29 29 26 10 10 2 2 4 13 13 7 8 8 5 5 2 3 3 4 6 6 4 4 1 2 2 3 1 1 1 1 1 1 1 0
 6 6 11 14 14 14 18 18 21 21 21 29 29 26 10 10 2 2 4 13 13 7 8 8 5 5 2 3 3 4 6 6 4 4 1 2 2 3 1 1 1 1 1 1 1 0
 8 8 15 16 16 18 27 27 26 26 38 38 38 38 23 23 1 1 3 7 7 6 1 1 5 5 5 4 4 3 8 8 6 6 4 1 1 2 2 2 0 0 0 0 0 0
 8 8 15 16 16 18 27 27 26 26 38 38 38 38 23 23 1 1 3 7 7 6 1 1 5 5 5 4 4 3 8 8 6 6 4 1 1 2 2 2 0 0 0 0 0 0
 13 13 17 19 19 33 39 39 54 54 44 56 56 48 8 8 9 9 6 3 3 4 6 6 8 8 14 9 9 11 2 2 0 0 0 0 0 0 0 0 0 0 0 0 0 0
 27 27 21 24 24 32 42 42 58 58 46 61 61 47 46 46 19 19 8 4 4 5 4 4 7 7 12 15 15 10 3 3 0 0 0 2 2 0 0 0 1 1 0 0 0 0
 27 27 21 24 24 32 42 42 58 58 46 61 61 47 46 46 19 19 8 4 4 5 4 4 7 7 12 15 15 10 3 3 0 0 0 2 2 0 0 0 1 1 0 0 0 0
 42 42 40 51 51 44 45 45 42 42 39 52 52 50 49 49 39 39 14 10 10 5 5 5 9 9 20 22 22 14 1 1 1 1 1 0 0 0 0 0 0 0 0 0 0 0
 27 27 51 47 47 62 43 43 51 51 41 38 38 54 56 56 31 31 45 13 13 10 8 8 10 10 9 23 23 29 8 8 0 0 0 0 0 0 0 0 0 0 0 0 0 0
 27 27 51 47 47 62 43 43 51 51 41 38 38 54 56 56 31 31 45 13 13 10 8 8 10 10 9 23 23 29 8 8 0 0 0 0 0 0 0 0 0 0 0 0 0 0
 24 24 50 54 54 67 39 39 40 40 35 29 29 31 43 43 39 39 24 16 16 11 21 21 7 7 11 9 9 6 5 5 2 2 1 1 1 1 0 0 0 0 0 1 1 0
 24 24 50 54 54 67 39 39 40 40 35 29 29 31 43 43 39 39 24 16 16 11 21 21 7 7 11 9 9 6 5 5 2 2 1 1 1 1 0 0 0 0 0 1 1 0
 47 47 34 47 47 47 34 34 34 34 35 30 30 24 26 26 33 33 25 19 19 20 20 20 48 48 18 10 10 4 2 2 3 3 1 3 3 1 0 0 0 0 0 0 0 0
 50 50 48 55 55 46 31 31 32 32 34 33 33 24 22 22 23 23 19 15 15 12 20 20 25 25 35 9 9 6 5 5 9 9 2 0 0 0 0 0 0 0 1 0 0 0
 50 50 48 55 55 46 31 31 32 32 34 33 33 24 22 22 23 23 19 15 15 12 20 20 25 25 35 9 9 6 5 5 9 9 2 0 0 0 0 0 0 0 1 0 0 0
 55 55 65 52 52 44 48 48 54 54 62 51 51 43 37 37 17 17 16 14 14 12 21 21 24 24 24 20 20 8 8 8 4 4 1 1 1 0 0 0 0 0 0 0 0 0
 55 55 58 66 66 76 90 90 90 90 77 55 55 51 41 41 26 26 27 14 14 14 17 17 25 25 24 20 20 17 15 15 10 10 5 3 3 1 0 0 0 0 0 0 0 0
 55 55 58 66 66 76 90 90 90 90 77 55 55 51 41 41 26 26 27 14 14 14 17 17 25 25 24 20 20 17 15 15 10 10 5 3 3 1 0 0 0 0 0 0 0 0
 39 39 46 52 52 50 97 97 92 92 80 78 78 57 40 40 22 22 23 11 11 10 19 19 15 15 21 15 15 21 35 35 10 10 4 4 4 3 0 0 0 0 0 0 0 0
 39 39 46 52 52 50 97 97 92 92 80 78 78 57 40 40 22 22 23 11 11 10 19 19 15 15 21 15 15 21 35 35 10 10 4 4 4 3 0 0 0 0 0 0 0 0
 31 31 30 42 42 47 63 63 84 84 58 61 61 37 49 49 22 22 10 10 10 13 18 18 18 18 20 15 15 19 22 22 19 19 6 4 4 1 1 1 0 0 1 0 0 0
 28 28 34 29 29 45 54 54 58 58 53 68 68 31 18 18 9 9 8 11 11 7 19 19 14 14 13 15 15 17 23 23 12 12 12 7 7 6 2 2 1 1 0 0 0 0
 28 28 34 29 29 45 54 54 58 58 53 68 68 31 18 18 9 9 8 11 11 7 19 19 14 14 13 15 15 17 23 23 12 12 12 7 7 6 2 2 1 1 0 0 0 0
 17 17 15 20 20 49 44 44 57 57 25 21 21 19 20 20 10 10 11 8 8 8 8 8 6 6 9 11 11 14 15 15 16 16 14 14 14 7 5 5 0 0 0 0 0 0
 12 12 15 17 17 23 28 28 28 28 16 21 21 19 9 9 9 9 6 6 6 6 3 3 4 4 4 3 3 8 17 17 10 10 17 9 9 4 2 2 1 1 2 0 0 0
 12 12 15 17 17 23 28 28 28 28 16 21 21 19 9 9 9 9 6 6 6 6 3 3 4 4 4 3 3 8 17 17 10 10 17 9 9 4 2 2 1 1 2 0 0 0
 5 5 8 8 8 9 12 12 26 26 17 16 16 17 10 10 10 10 7 6 6 5 3 3 2 2 3 2 2 4 7 7 5 5 7 5 5 3 1 1 1 1 1 1 1 0
 5 5 8 8 8 9 12 12 26 26 17 16 16 17 10 10 10 10 7 6 6 5 3 3 2 2 3 2 2 4 7 7 5 5 7 5 5 3 1 1 1 1 1 1 1 0
 4 4 7 6 6 12 7 7 18 18 16 18 18 11 10 10 7 7 6 6 6 3 3 3 3 3 2 3 3 1 2 2 3 3 3 3 3 3 3 3 1 1 1 0 0 0
 4 4 2 6 6 4 10 10 16 16 9 13 13 12 11 11 7 7 6 4 4 3 2 2 2 2 2 2 2 2 1 1 1 1 0 1 1 3 4 4 2 2 1 0 0 0
 4 4 2 6 6 4 10 10 16 16 9 13 13 12 11 11 7 7 6 4 4 3 2 2 2 2 2 2 2 2 1 1 1 1 0 1 1 3 4 4 2 2 1 0 0 0
 5 5 3 3 3 3 7 7 13 13 7 6 6 8 4 4 5 5 5 1 1 1 1 1 1 1 1 1 1 1 1 1 1 1 1 0 0 2 3 3 2 2 2 1 1 1
 6 6 7 4 4 2 3 3 2 2 3 4 4 5 3 3 3 3 4 3 3 1 1 1 1 1 1 1 1 0 0 0 0 0 1 1 1 1 0 0 0 0 0 1 1 0
