assets/RAT_results_old/precipitation/2016-08-27_IMERG.asc
ncols        46
nrows        77
xllcorner    74.800261325624
yllcorner    8.058333333333
cellsize     0.062500000000
NODATA_value -9999
 5 5 3 0 0 4 3 3 2 2 3 5 5 2 5 5 2 2 2 2 2 1 1 1 0 0 0 0 0 1 1 1 5 5 6 12 12 21 6 6 1 1 1 0 0 0
 2 2 4 5 5 3 6 6 5 5 3 2 2 11 2 2 4 4 3 4 4 1 0 0 0 0 0 0 0 1 1 1 1 1 3 3 3 11 4 4 2 2 2 0 0 0
 2 2 4 5 5 3 6 6 5 5 3 2 2 11 2 2 4 4 3 4 4 1 0 0 0 0 0 0 0 1 1 1 1 1 3 3 3 11 4 4 2 2 2 0 0 0
 3 3 7 3 3 1 1 1 3 3 2 2 2 8 8 8 1 1 2 2 2 1 1 1 0 0 0 0 0 0 0 0 0 0 1 3 3 0 2 2 8 8 2 9 9 2
 2 2 4 6 6 1 2 2 2 2 7 3 3 5 9 9 4 4 1 1 1 1 1 1 0 0 1 0 0 0 0 0 0 0 1 0 0 0 0 0 0 0 0 1 1 4
 2 2 4 6 6 1 2 2 2 2 7 3 3 5 9 9 4 4 1 1 1 1 1 1 0 0 1 0 0 0 0 0 0 0 1 0 0 0 0 0 0 0 0 1 1 4
 3 3 3 3 3 4 4 4 3 3 3 2 2 2 12 12 7 7 4 1 1 0 0 0 0 0 0 0 0 0 0 0 0 0 0 0 0 0 0 0 0 0 1 2 2 5
 3 3 3 3 3 4 4 4 3 3 3 2 2 2 12 12 7 7 4 1 1 0 0 0 0 0 0 0 0 0 0 0 0 0 0 0 0 0 0 0 0 0 1 2 2 5
 4 4 3 4 4 3 4 4 2 2 1 8 8 8 10 10 16 16 1 1 1 1 1 1 1 1 1 1 1 0 0 0 0 0 0 0 0 0 0 0 0 0 0 0 0 5
 6 6 3 4 4 4 3 3 1 1 2 2 2 1 4 4 8 8 4 1 1 1 1 1 1 1 1 0 0 0 0 0 0 0 0 0 0 1 0 0 0 0 0 0 0 1
 6 6 3 4 4 4 3 3 1 1 2 2 2 1 4 4 8 8 4 1 1 1 1 1 1 1 1 0 0 0 0 0 0 0 0 0 0 1 0 0 0 0 0 0 0 1
 5 5 2 1 1 3 6 6 3 3 2 3 3 4 6 6 2 2 5 1 1 2 1 1 1 1 0 1 1 0 0 0 0 0 0 1 1 0 0 0 0 0 0 0 0 1
 8 8 8 4 4 4 6 6 4 4 3 2 2 7 1 1 4 4 13 13 13 4 3 3 1 1 0 0 0 0 0 0 0 0 0 0 0 0 0 0 0 0 0 0 0 0
 8 8 8 4 4 4 6 6 4 4 3 2 2 7 1 1 4 4 13 13 13 4 3 3 1 1 0 0 0 0 0 0 0 0 0 0 0 0 0 0 0 0 0 0 0 0
 8 8 7 4 4 4 8 8 4 4 2 3 3 3 1 1 5 5 6 13 13 13 3 3 3 3 2 0 0 0 0 0 1 1 0 0 0 1 0 0 0 0 0 0 0 2
 8 8 7 4 4 4 8 8 4 4 2 3 3 3 1 1 5 5 6 13 13 13 3 3 3 3 2 0 0 0 0 0 1 1 0 0 0 1 0 0 0 0 0 0 0 2
 2 2 3 3 3 3 3 3 4 4 3 4 4 8 0 0 7 7 0 5 5 0 0 0 1 1 1 1 1 0 0 0 2 2 1 0 0 0 0 0 0 0 0 1 1 3
 3 3 1 4 4 1 2 2 2 2 6 2 2 3 3 3 1 1 0 0 0 1 1 1 1 1 1 1 1 0 1 1 1 1 1 0 0 0 0 0 0 0 0 0 0 2
 3 3 1 4 4 1 2 2 2 2 6 2 2 3 3 3 1 1 0 0 0 1 1 1 1 1 1 1 1 0 1 1 1 1 1 0 0 0 0 0 0 0 0 0 0 2
 7 7 2 6 6 3 3 3 1 1 2 2 2 2 2 2 1 1 1 3 3 2 1 1 1 1 2 1 1 1 1 1 1 1 0 0 0 0 0 0 0 0 0 0 0 0
 14 14 10 5 5 4 4 4 2 2 3 5 5 2 1 1 1 1 0 0 0 2 0 0 0 0 1 2 2 1 1 1 0 0 1 0 0 0 0 0 0 0 0 0 0 1
 14 14 10 5 5 4 4 4 2 2 3 5 5 2 1 1 1 1 0 0 0 2 0 0 0 0 1 2 2 1 1 1 0 0 1 0 0 0 0 0 0 0 0 0 0 1
 14 14 10 7 7 3 3 3 3 3 3 2 2 9 8 8 2 2 4 0 0 0 0 0 1 1 1 4 4 2 1 1 2 2 2 1 1 0 0 0 0 0 0 0 0 2
 14 14 10 7 7 3 3 3 3 3 3 2 2 9 8 8 2 2 4 0 0 0 0 0 1 1 1 4 4 2 1 1 2 2 2 1 1 0 0 0 0 0 0 0 0 2
 9 9 7 5 5 4 1 1 2 2 3 3 3 8 5 5 2 2 2 3 3 6 4 4 1 1 2 3 3 5 4 4 4 4 1 3 3 1 1 1 1 1 0 1 1 1
 7 7 6 5 5 5 1 1 3 3 3 3 3 3 6 6 4 4 5 3 3 4 5 5 0 0 3 2 2 4 2 2 1 1 1 2 2 2 1 1 0 0 1 0 0 0
 7 7 6 5 5 5 1 1 3 3 3 3 3 3 6 6 4 4 5 3 3 4 5 5 0 0 3 2 2 4 2 2 1 1 1 2 2 2 1 1 0 0 1 0 0 0
 6 6 6 4 4 4 2 2 2 2 3 2 2 7 1 1 3 3 3 0 0 0 0 0 0 0 5 3 3 5 0 0 0 0 0 1 1 1 1 1 1 1 2 3 3 0
 4 4 3 2 2 3 4 4 2 2 4 3 3 1 1 1 3 3 2 1 1 0 2 2 4 4 4 4 4 5 0 0 0 0 0 0 0 0 0 0 0 0 0 0 0 1
 4 4 3 2 2 3 4 4 2 2 4 3 3 1 1 1 3 3 2 1 1 0 2 2 4 4 4 4 4 5 0 0 0 0 0 0 0 0 0 0 0 0 0 0 0 1
 6 6 3 3 3 5 2 2 3 3 3 2 2 2 2 2 3 3 3 4 4 0 4 4 3 3 4 3 3 2 2 2 2 2 5 0 0 0 0 0 0 0 0 0 0 0
 6 6 3 3 3 5 2 2 3 3 3 2 2 2 2 2 3 3 3 4 4 0 4 4 3 3 4 3 3 2 2 2 2 2 5 0 0 0 0 0 0 0 0 0 0 0
 5 5 3 4 4 6 7 7 4 4 3 3 3 4 4 4 4 4 3 2 2 2 1 1 3 3 1 3 3 11 11 11 6 6 2 1 1 1 4 4 1 1 0 2 2 0
 4 4 10 6 6 9 7 7 5 5 2 4 4 3 27 27 4 4 2 3 3 3 3 3 5 5 6 4 4 11 18 18 13 13 11 1 1 1 4 4 1 1 0 3 3 0
 4 4 10 6 6 9 7 7 5 5 2 4 4 3 27 27 4 4 2 3 3 3 3 3 5 5 6 4 4 11 18 18 13 13 11 1 1 1 4 4 1 1 0 3 3 0
 3 3 6 8 8 8 6 6 5 5 2 11 11 6 8 8 2 2 2 3 3 3 18 18 4 4 4 9 9 9 8 8 8 8 5 0 0 1 1 1 0 0 0 1 1 0
 6 6 19 7 7 8 5 5 4 4 2 1 1 1 4 4 1 1 1 3 3 4 3 3 1 1 1 3 3 4 2 2 1 1 0 0 0 1 0 0 0 0 1 1 1 0
 6 6 19 7 7 8 5 5 4 4 2 1 1 1 4 4 1 1 1 3 3 4 3 3 1 1 1 3 3 4 2 2 1 1 0 0 0 1 0 0 0 0 1 1 1 0
 2 2 2 4 4 3 12 12 3 3 11 2 2 3 4 4 1 1 1 5 5 7 5 5 4 4 2 1 1 1 3 3 2 2 1 0 0 2 0 0 0 0 0 0 0 0
 2 2 2 4 4 3 12 12 3 3 11 2 2 3 4 4 1 1 1 5 5 7 5 5 4 4 2 1 1 1 3 3 2 2 1 0 0 2 0 0 0 0 0 0 0 0
 1 1 2 2 2 12 4 4 2 2 4 0 0 0 1 1 1 1 1 4 4 7 5 5 2 2 3 2 2 2 1 1 2 2 2 3 3 12 1 1 2 2 2 2 2 2
 0 0 1 1 1 2 3 3 1 1 0 1 1 0 1 1 0 0 0 1 1 4 4 4 3 3 2 3 3 1 1 1 2 2 6 11 11 9 2 2 3 3 5 9 9 3
 0 0 1 1 1 2 3 3 1 1 0 1 1 0 1 1 0 0 0 1 1 4 4 4 3 3 2 3 3 1 1 1 2 2 6 11 11 9 2 2 3 3 5 9 9 3
 1 1 0 0 0 1 1 1 0 0 1 3 3 0 2 2 0 0 1 1 1 2 4 4 4 4 13 7 7 5 10 10 29 29 9 14 14 8 6 6 7 7 8 3 3 2
 1 1 0 1 1 2 3 3 1 1 1 1 1 0 11 11 1 1 0 1 1 3 10 10 9 9 11 10 10 51 12 12 50 50 12 15 15 10 3 3 1 1 1 2 2 6
 1 1 0 1 1 2 3 3 1 1 1 1 1 0 11 11 1 1 0 1 1 3 10 10 9 9 11 10 10 51 12 12 50 50 12 15 15 10 3 3 1 1 1 2 2 6
 1 1 1 1 1 1 0 0 1 1 1 1 1 1 0 0 1 1 1 1 1 4 13 13 11 11 16 25 25 31 19 19 13 13 22 17 17 7 2 2 2 2 2 1 1 0
 1 1 1 1 1 1 0 0 1 1 1 1 1 1 0 0 1 1 1 1 1 4 13 13 11 11 16 25 25 31 19 19 13 13 22 17 17 7 2 2 2 2 2 1 1 0
 4 4 1 1 1 1 1 1 0 0 0 2 2 1 2 2 5 5 1 3 3 4 8 8 14 14 23 19 19 20 23 23 8 8 11 8 8 4 1 1 1 1 1 0 0 2
 3 3 1 1 1 1 1 1 0 0 0 0 0 0 1 1 2 2 1 2 2 3 6 6 4 4 15 14 14 19 20 20 7 7 13 6 6 3 1 1 1 1 1 1 1 1
 3 3 1 1 1 1 1 1 0 0 0 0 0 0 1 1 2 2 1 2 2 3 6 6 4 4 15 14 14 19 20 20 7 7 13 6 6 3 1 1 1 1 1 1 1 1
 1 1 2 1 1 3 2 2 1 1 1 1 1 0 1 1 1 1 1 1 1 3 4 4 3 3 9 9 9 14 8 8 6 6 6 4 4 2 4 4 1 1 2 1 1 4
 1 1 2 1 1 1 1 1 2 2 2 2 2 1 1 1 1 1 2 2 2 3 4 4 7 7 8 7 7 9 9 9 7 7 5 3 3 2 2 2 2 2 1 1 1 1
 1 1 2 1 1 1 1 1 2 2 2 2 2 1 1 1 1 1 2 2 2 3 4 4 7 7 8 7 7 9 9 9 7 7 5 3 3 2 2 2 2 2 1 1 1 1
 1 1 1 1 1 1 1 1 1 1 1 2 2 1 1 1 1 1 2 3 3 4 7 7 10 10 17 9 9 12 10 10 8 8 5 4 4 4 3 3 4 4 2 1 1 1
 1 1 1 1 1 1 1 1 1 1 1 2 2 1 1 1 1 1 2 3 3 4 7 7 10 10 17 9 9 12 10 10 8 8 5 4 4 4 3 3 4 4 2 1 1 1
 0 0 1 0 0 0 0 0 3 3 1 1 1 2 1 1 1 1 1 1 1 3 4 4 7 7 6 8 8 6 6 6 6 6 4 3 3 3 4 4 4 4 2 1 1 1
 0 0 1 0 0 0 0 0 1 1 1 1 1 1 1 1 7 7 1 1 1 1 3 3 3 3 2 6 6 4 3 3 4 4 3 2 2 2 5 5 3 3 2 1 1 1
 0 0 1 0 0 0 0 0 1 1 1 1 1 1 1 1 7 7 1 1 1 1 3 3 3 3 2 6 6 4 3 3 4 4 3 2 2 2 5 5 3 3 2 1 1 1
 0 0 0 1 1 0 0 0 1 1 1 1 1 3 1 1 4 4 1 0 0 0 3 3 3 3 5 4 4 4 4 4 2 2 2 1 1 2 4 4 2 2 1 1 1 1
 1 1 1 1 1 1 1 1 0 0 0 0 0 1 2 2 2 2 2 1 1 1 1 1 3 3 3 2 2 4 3 3 2 2 1 1 1 2 2 2 5 5 1 1 1 1
 1 1 1 1 1 1 1 1 0 0 0 0 0 1 2 2 2 2 2 1 1 1 1 1 3 3 3 2 2 4 3 3 2 2 1 1 1 2 2 2 5 5 1 1 1 1
 1 1 1 2 2 1 1 1 1 1 1 1 1 1 2 2 3 3 3 3 3 2 3 3 5 5 5 1 1 2 3 3 2 2 1 1 1 2 2 2 1 1 1 4 4 1
 1 1 1 2 2 1 1 1 1 1 1 1 1 1 2 2 3 3 3 3 3 2 3 3 5 5 5 1 1 2 3 3 2 2 1 1 1 2 2 2 1 1 1 4 4 1
 1 1 1 1 1 1 1 1 1 1 1 1 1 1 2 2 2 2 4 4 4 5 4 4 6 6 5 2 2 3 3 3 3 3 2 1 1 1 1 1 2 2 0 0 0 0
 1 1 1 0 0 0 1 1 1 1 1 1 1 2 2 2 3 3 4 5 5 7 6 6 8 8 8 6 6 5 5 5 3 3 2 2 2 1 1 1 2 2 1 0 0 1
 1 1 1 0 0 0 1 1 1 1 1 1 1 2 2 2 3 3 4 5 5 7 6 6 8 8 8 6 6 5 5 5 3 3 2 2 2 1 1 1 2 2 1 0 0 1
 1 1 1 0 0 1 0 0 0 0 1 2 2 3 2 2 2 2 4 5 5 6 5 5 4 4 4 4 4 4 5 5 4 4 2 1 1 1 2 2 3 3 2 2 2 1
 2 2 2 1 1 0 0 0 0 0 0 1 1 1 1 1 2 2 2 3 3 5 5 5 6 6 3 2 2 4 3 3 3 3 3 2 2 1 2 2 4 4 3 2 2 2
 2 2 2 1 1 0 0 0 0 0 0 1 1 1 1 1 2 2 2 3 3 5 5 5 6 6 3 2 2 4 3 3 3 3 3 2 2 1 2 2 4 4 3 2 2 2
 1 1 2 1 1 1 0 0 0 0 1 0 0 1 1 1 1 1 1 2 2 3 3 3 3 3 2 2 2 4 3 3 3 3 4 2 2 2 4 4 3 3 3 3 3 1
 1 1 2 1 1 1 0 0 0 0 1 0 0 1 1 1 1 1 1 2 2 3 3 3 3 3 2 2 2 4 3 3 3 3 4 2 2 2 4 4 3 3 3 3 3 1
 0 0 1 1 1 0 0 0 0 0 0 0 0 0 0 0 1 1 2 1 1 1 1 1 1 1 0 0 0 2 3 3 3 3 4 2 2 6 2 2 2 2 2 1 1 5
 1 1 1 1 1 4 1 1 2 2 0 0 0 0 0 0 1 1 1 1 1 1 1 1 1 1 1 2 2 1 3 3 3 3 2 1 1 4 2 2 2 2 2 2 2 1
 1 1 1 1 1 4 1 1 2 2 0 0 0 0 0 0 1 1 1 1 1 1 1 1 1 1 1 2 2 1 3 3 3 3 2 1 1 4 2 2 2 2 2 2 2 1
 6 6 3 2 2 4 1 1 2 2 1 0 0 0 0 0 1 1 0 1 1 0 0 0 1 1 1 1 1 1 2 2 2 2 3 2 2 1 3 3 3 3 3 3 3 2
 4 4 7 4 4 4 4 4 3 3 2 1 1 1 1 1 0 0 0 0 0 0 0 0 1 1 1 1 1 1 1 1 1 1 1 1 1 2 5 5 2 2 5 1 1 1
