assets/RAT_results_old/precipitation/2016-07-30_IMERG.asc
ncols        46
nrows        77
xllcorner    74.800261325624
yllcorner    8.058333333333
cellsize     0.062500000000
NODATA_value -9999
 21 21 17 13 13 21 23 23 16 16 20 27 27 12 8 8 5 5 3 2 2 1 0 0 0 0 0 0 0 0 1 1 1 1 2 2 2 5 4 4 6 6 5 7 7 9
 13 13 21 21 21 18 21 21 23 23 24 24 24 13 10 10 6 6 2 2 2 0 0 0 0 0 0 0 0 0 1 1 3 3 2 2 2 4 5 5 6 6 11 9 9 8
 13 13 21 21 21 18 21 21 23 23 24 24 24 13 10 10 6 6 2 2 2 0 0 0 0 0 0 0 0 0 1 1 3 3 2 2 2 4 5 5 6 6 11 9 9 8
 13 13 21 18 18 24 24 24 25 25 33 22 22 13 8 8 9 9 3 2 2 1 2 2 1 1 1 1 1 1 1 1 2 2 3 1 1 4 4 4 6 6 8 10 10 14
 8 8 25 30 30 32 25 25 32 32 43 23 23 17 13 13 7 7 3 3 3 1 1 1 1 1 1 1 1 2 2 2 3 3 3 3 3 3 5 5 5 5 7 13 13 27
 8 8 25 30 30 32 25 25 32 32 43 23 23 17 13 13 7 7 3 3 3 1 1 1 1 1 1 1 1 2 2 2 3 3 3 3 3 3 5 5 5 5 7 13 13 27
 10 10 16 25 25 26 20 20 27 27 34 23 23 18 10 10 6 6 3 6 6 5 4 4 4 4 2 2 2 2 2 2 3 3 2 3 3 3 6 6 4 4 13 15 15 25
 10 10 16 25 25 26 20 20 27 27 34 23 23 18 10 10 6 6 3 6 6 5 4 4 4 4 2 2 2 2 2 2 3 3 2 3 3 3 6 6 4 4 13 15 15 25
 16 16 12 24 24 22 24 24 18 18 25 20 20 14 10 10 8 8 7 5 5 5 5 5 6 6 5 4 4 2 2 2 2 2 2 3 3 3 4 4 5 5 10 12 12 9
 6 6 10 10 10 9 11 11 14 14 8 12 12 14 12 12 12 12 7 8 8 6 5 5 5 5 4 4 4 4 2 2 4 4 2 2 2 1 1 1 3 3 2 10 10 6
 6 6 10 10 10 9 11 11 14 14 8 12 12 14 12 12 12 12 7 8 8 6 5 5 5 5 4 4 4 4 2 2 4 4 2 2 2 1 1 1 3 3 2 10 10 6
 6 6 4 3 3 6 8 8 8 8 5 14 14 13 8 8 5 5 9 7 7 7 2 2 3 3 3 4 4 4 5 5 3 3 2 2 2 1 1 1 2 2 2 2 2 6
 3 3 1 2 2 6 10 10 5 5 7 13 13 7 8 8 9 9 7 5 5 3 2 2 2 2 1 4 4 4 2 2 1 1 2 2 2 2 2 2 2 2 2 5 5 8
 3 3 1 2 2 6 10 10 5 5 7 13 13 7 8 8 9 9 7 5 5 3 2 2 2 2 1 4 4 4 2 2 1 1 2 2 2 2 2 2 2 2 2 5 5 8
 2 2 1 2 2 5 10 10 18 18 8 5 5 7 8 8 9 9 12 8 8 2 1 1 1 1 2 3 3 3 2 2 1 1 3 3 3 3 3 3 3 3 5 10 10 11
 2 2 1 2 2 5 10 10 18 18 8 5 5 7 8 8 9 9 12 8 8 2 1 1 1 1 2 3 3 3 2 2 1 1 3 3 3 3 3 3 3 3 5 10 10 11
 0 0 0 3 3 2 5 5 7 7 6 5 5 9 8 8 11 11 13 14 14 4 2 2 2 2 4 1 1 4 5 5 3 3 2 3 3 2 3 3 3 3 7 9 9 10
 1 1 0 0 0 1 3 3 3 3 4 7 7 8 7 7 9 9 15 9 9 5 3 3 2 2 1 3 3 4 4 4 1 1 1 1 1 1 2 2 5 5 6 5 5 5
 1 1 0 0 0 1 3 3 3 3 4 7 7 8 7 7 9 9 15 9 9 5 3 3 2 2 1 3 3 4 4 4 1 1 1 1 1 1 2 2 5 5 6 5 5 5
 0 0 0 2 2 0 0 0 2 2 2 6 6 5 4 4 11 11 29 8 8 6 4 4 4 4 4 3 3 2 3 3 2 2 1 0 0 2 3 3 3 3 5 6 6 3
 1 1 0 0 0 0 0 0 0 0 1 5 5 4 5 5 4 4 24 10 10 4 7 7 5 5 6 8 8 2 3 3 1 1 1 3 3 3 3 3 4 4 4 5 5 2
 1 1 0 0 0 0 0 0 0 0 1 5 5 4 5 5 4 4 24 10 10 4 7 7 5 5 6 8 8 2 3 3 1 1 1 3 3 3 3 3 4 4 4 5 5 2
 1 1 0 0 0 0 0 0 0 0 1 2 2 3 4 4 2 2 1 4 4 6 7 7 5 5 8 6 6 5 3 3 2 2 4 4 4 3 3 3 3 3 7 5 5 6
 1 1 0 0 0 0 0 0 0 0 1 2 2 3 4 4 2 2 1 4 4 6 7 7 5 5 8 6 6 5 3 3 2 2 4 4 4 3 3 3 3 3 7 5 5 6
 1 1 1 0 0 0 0 0 1 1 0 2 2 4 4 4 1 1 1 3 3 5 7 7 6 6 5 2 2 8 1 1 1 1 2 2 2 2 1 1 3 3 4 4 4 2
 0 0 0 0 0 0 0 0 1 1 1 4 4 4 5 5 3 3 1 2 2 3 5 5 4 4 2 3 3 4 1 1 1 1 2 2 2 0 0 0 3 3 4 2 2 0
 0 0 0 0 0 0 0 0 1 1 1 4 4 4 5 5 3 3 1 2 2 3 5 5 4 4 2 3 3 4 1 1 1 1 2 2 2 0 0 0 3 3 4 2 2 0
 0 0 0 0 0 0 1 1 1 1 1 3 3 2 4 4 2 2 1 1 1 2 1 1 2 2 3 2 2 2 1 1 0 0 0 0 0 0 0 0 0 0 1 1 1 1
 1 1 0 0 0 0 0 0 0 0 1 1 1 2 2 2 2 2 0 1 1 0 0 0 0 0 4 1 1 1 0 0 0 0 0 1 1 0 1 1 1 1 1 1 1 1
 1 1 0 0 0 0 0 0 0 0 1 1 1 2 2 2 2 2 0 1 1 0 0 0 0 0 4 1 1 1 0 0 0 0 0 1 1 0 1 1 1 1 1 1 1 1
 0 0 0 0 0 0 1 1 0 0 0 0 0 1 2 2 1 1 1 0 0 0 0 0 0 0 1 1 1 1 0 0 1 1 0 0 0 0 1 1 0 0 1 1 1 1
 0 0 0 0 0 0 1 1 0 0 0 0 0 1 2 2 1 1 1 0 0 0 0 0 0 0 1 1 1 1 0 0 1 1 0 0 0 0 1 1 0 0 1 1 1 1
 1 1 0 1 1 1 1 1 1 1 0 0 0 0 0 0 1 1 1 0 0 0 0 0 1 1 1 2 2 1 1 1 1 1 1 1 1 0 0 0 0 0 0 0 0 0
 1 1 0 0 0 1 1 1 1 1 0 0 0 0 0 0 0 0 1 1 1 0 1 1 1 1 2 1 1 1 1 1 0 0 1 0 0 0 0 0 0 0 1 1 1 0
 1 1 0 0 0 1 1 1 1 1 0 0 0 0 0 0 0 0 1 1 1 0 1 1 1 1 2 1 1 1 1 1 0 0 1 0 0 0 0 0 0 0 1 1 1 0
 0 0 0 0 0 1 1 1 1 1 1 0 0 0 0 0 3 3 3 2 2 1 1 1 1 1 3 3 3 1 0 0 0 0 0 0 0 0 0 0 0 0 1 0 0 0
 0 0 0 0 0 1 1 1 1 1 1 1 1 1 1 1 4 4 3 16 16 15 3 3 8 8 12 4 4 0 1 1 1 1 1 1 1 1 0 0 0 0 0 0 0 0
 0 0 0 0 0 1 1 1 1 1 1 1 1 1 1 1 4 4 3 16 16 15 3 3 8 8 12 4 4 0 1 1 1 1 1 1 1 1 0 0 0 0 0 0 0 0
 0 0 0 0 0 0 0 0 1 1 1 1 1 1 2 2 2 2 20 19 19 20 10 10 8 8 8 7 7 5 5 5 3 3 4 3 3 2 1 1 0 0 0 0 0 0
 0 0 0 0 0 0 0 0 1 1 1 1 1 1 2 2 2 2 20 19 19 20 10 10 8 8 8 7 7 5 5 5 3 3 4 3 3 2 1 1 0 0 0 0 0 0
 0 0 0 1 1 0 1 1 1 1 1 0 0 0 1 1 1 1 2 8 8 8 3 3 2 2 2 6 6 7 7 7 4 4 5 4 4 4 1 1 0 0 0 0 0 0
 1 1 1 0 0 1 1 1 1 1 1 1 1 1 1 1 1 1 1 1 1 1 2 2 1 1 2 3 3 6 6 6 3 3 6 8 8 9 6 6 1 1 1 1 1 0
 1 1 1 0 0 1 1 1 1 1 1 1 1 1 1 1 1 1 1 1 1 1 2 2 1 1 2 3 3 6 6 6 3 3 6 8 8 9 6 6 1 1 1 1 1 0
 0 0 1 2 2 3 1 1 1 1 1 0 0 0 0 0 0 0 1 1 1 1 1 1 1 1 2 3 3 5 4 4 4 4 7 16 16 10 8 8 2 2 1 0 0 0
 0 0 0 2 2 2 2 2 3 3 1 1 1 0 0 0 0 0 0 1 1 1 1 1 1 1 3 4 4 5 3 3 8 8 6 14 14 9 8 8 0 0 0 0 0 0
 0 0 0 2 2 2 2 2 3 3 1 1 1 0 0 0 0 0 0 1 1 1 1 1 1 1 3 4 4 5 3 3 8 8 6 14 14 9 8 8 0 0 0 0 0 0
 0 0 0 2 2 2 2 2 2 2 1 1 1 0 0 0 0 0 0 0 0 1 1 1 1 1 5 3 3 3 4 4 4 4 4 3 3 1 0 0 0 0 0 0 0 0
 0 0 0 2 2 2 2 2 2 2 1 1 1 0 0 0 0 0 0 0 0 1 1 1 1 1 5 3 3 3 4 4 4 4 4 3 3 1 0 0 0 0 0 0 0 0
 0 0 0 2 2 2 2 2 0 0 0 0 0 0 0 0 0 0 0 1 1 1 1 1 1 1 1 1 1 2 2 2 1 1 2 3 3 1 0 0 0 0 0 0 0 1
 0 0 0 2 2 2 2 2 0 0 0 0 0 1 0 0 0 0 0 1 1 1 1 1 0 0 1 1 1 2 3 3 4 4 2 3 3 1 0 0 0 0 0 0 0 0
 0 0 0 2 2 2 2 2 0 0 0 0 0 1 0 0 0 0 0 1 1 1 1 1 0 0 1 1 1 2 3 3 4 4 2 3 3 1 0 0 0 0 0 0 0 0
 0 0 1 1 1 1 2 2 1 1 0 0 0 0 0 0 0 0 0 0 0 0 0 0 1 1 0 0 0 1 1 1 3 3 1 1 1 0 0 0 0 0 0 0 0 0
 0 0 1 1 1 1 1 1 1 1 1 1 1 0 0 0 0 0 0 0 0 1 0 0 1 1 1 0 0 0 1 1 2 2 2 2 2 0 0 0 1 1 0 0 0 0
 0 0 1 1 1 1 1 1 1 1 1 1 1 0 0 0 0 0 0 0 0 1 0 0 1 1 1 0 0 0 1 1 2 2 2 2 2 0 0 0 1 1 0 0 0 0
 0 0 1 1 1 1 1 1 1 1 1 1 1 0 0 0 0 0 0 0 0 0 0 0 1 1 0 0 0 0 0 0 1 1 1 1 1 0 0 0 0 0 0 0 0 0
 0 0 1 1 1 1 1 1 1 1 1 1 1 0 0 0 0 0 0 0 0 0 0 0 1 1 0 0 0 0 0 0 1 1 1 1 1 0 0 0 0 0 0 0 0 0
 0 0 0 0 0 1 0 0 1 1 1 1 1 0 0 0 0 0 0 0 0 0 1 1 1 1 1 1 1 0 0 0 0 0 0 1 1 0 0 0 0 0 0 0 0 0
 0 0 0 0 0 0 0 0 0 0 0 0 0 0 0 0 0 0 0 0 0 0 1 1 1 1 1 1 1 0 0 0 0 0 0 0 0 0 0 0 0 0 0 0 0 0
 0 0 0 0 0 0 0 0 0 0 0 0 0 0 0 0 0 0 0 0 0 0 1 1 1 1 1 1 1 0 0 0 0 0 0 0 0 0 0 0 0 0 0 0 0 0
 0 0 0 1 1 0 0 0 0 0 0 0 0 0 0 0 0 0 0 0 0 0 1 1 1 1 2 1 1 0 0 0 0 0 0 0 0 0 0 0 0 0 0 0 0 0
 0 0 1 0 0 1 0 0 0 0 0 0 0 0 0 0 0 0 0 0 0 0 0 0 1 1 1 1 1 0 0 0 0 0 0 0 0 0 0 0 0 0 0 0 0 0
 0 0 1 0 0 1 0 0 0 0 0 0 0 0 0 0 0 0 0 0 0 0 0 0 1 1 1 1 1 0 0 0 0 0 0 0 0 0 0 0 0 0 0 0 0 0
 3 3 3 1 1 3 0 0 0 0 0 0 0 0 0 0 0 0 0 0 0 0 0 0 0 0 1 1 1 1 0 0 0 0 0 0 0 0 0 0 0 0 0 0 0 0
 3 3 3 1 1 3 0 0 0 0 0 0 0 0 0 0 0 0 0 0 0 0 0 0 0 0 1 1 1 1 0 0 0 0 0 0 0 0 0 0 0 0 0 0 0 0
 10 10 1 3 3 1 0 0 0 0 0 0 0 0 0 0 0 0 1 1 1 0 0 0 0 0 0 0 0 1 0 0 0 0 0 0 0 0 0 0 0 0 0 0 0 0
 4 4 0 0 0 1 0 0 0 0 0 0 0 0 0 0 0 0 1 1 1 0 1 1 0 0 0 0 0 0 1 1 0 0 0 0 0 0 0 0 0 0 0 0 0 0
 4 4 0 0 0 1 0 0 0 0 0 0 0 0 0 0 0 0 1 1 1 0 1 1 0 0 0 0 0 0 1 1 0 0 0 0 0 0 0 0 0 0 0 0 0 0
 7 7 0 0 0 1 0 0 0 0 0 0 0 0 0 0 0 0 0 0 0 0 0 0 0 0 0 0 0 0 0 0 0 0 0 0 0 1 0 0 0 0 0 0 0 0
 0 0 0 0 0 1 0 0 0 0 0 0 0 0 0 0 0 0 0 0 0 0 0 0 0 0 0 0 0 0 0 0 0 0 0 0 0 0 0 0 0 0 0 0 0 0
 0 0 0 0 0 1 0 0 0 0 0 0 0 0 0 0 0 0 0 0 0 0 0 0 0 0 0 0 0 0 0 0 0 0 0 0 0 0 0 0 0 0 0 0 0 0
 0 0 0 0 0 1 0 0 0 0 0 0 0 0 0 0 0 0 0 0 0 0 0 0 0 0 0 0 0 0 0 0 0 0 0 0 0 0 0 0 0 0 0 0 0 0
 0 0 0 0 0 1 0 0 0 0 0 0 0 0 0 0 0 0 0 0 0 0 0 0 0 0 0 0 0 0 0 0 0 0 0 0 0 0 0 0 0 0 0 0 0 0
 0 0 0 0 0 0 0 0 0 0 0 0 0 0 0 0 0 0 0 0 0 0 0 0 0 0 0 0 0 0 0 0 0 0 0 0 0 0 0 0 0 0 0 0 0 0
 0 0 0 0 0 0 0 0 0 0 0 0 0 0 0 0 0 0 0 0 0 0 0 0 0 0 0 0 0 0 0 0 0 0 0 0 0 0 0 0 0 0 0 0 0 0
 0 0 0 0 0 0 0 0 0 0 0 0 0 0 0 0 0 0 0 0 0 0 0 0 0 0 0 0 0 0 0 0 0 0 0 0 0 0 0 0 0 0 0 0 0 0
 0 0 0 0 0 0 0 0 0 0 0 0 0 0 0 0 0 0 0 0 0 0 0 0 0 0 0 0 0 0 0 0 0 0 0 0 0 0 0 0 1 1 0 0 0 0
 0 0 0 0 0 1 0 0 0 0 0 0 0 0 0 0 0 0 0 0 0 0 0 0 0 0 0 0 0 0 0 0 0 0 0 0 0 0 0 0 0 0 0 0 0 0
