assets/RAT_results_old/precipitation/2016-08-29_IMERG.asc
ncols        46
nrows        77
xllcorner    74.800261325624
yllcorner    8.058333333333
cellsize     0.062500000000
NODATA_value -9999
 4 4 4 1 1 1 6 6 4 4 2 1 1 3 0 0 0 0 0 0 0 0 1 1 1 1 3 3 3 6 25 25 3 3 1 1 1 0 1 1 1 1 0 0 0 0
 3 3 4 5 5 4 3 3 2 2 0 3 3 4 2 2 0 0 0 0 0 0 0 0 1 1 2 2 2 3 5 5 8 8 12 4 4 1 0 0 0 0 0 0 0 0
 3 3 4 5 5 4 3 3 2 2 0 3 3 4 2 2 0 0 0 0 0 0 0 0 1 1 2 2 2 3 5 5 8 8 12 4 4 1 0 0 0 0 0 0 0 0
 3 3 3 5 5 2 1 1 0 0 1 2 2 4 2 2 0 0 2 0 0 0 0 0 0 0 1 1 1 7 9 9 10 10 11 7 7 8 10 10 0 0 5 0 0 0
 2 2 3 4 4 4 3 3 0 0 4 1 1 0 1 1 2 2 1 0 0 0 0 0 0 0 0 0 0 1 8 8 5 5 10 11 11 5 3 3 1 1 0 1 1 4
 2 2 3 4 4 4 3 3 0 0 4 1 1 0 1 1 2 2 1 0 0 0 0 0 0 0 0 0 0 1 8 8 5 5 10 11 11 5 3 3 1 1 0 1 1 4
 6 6 2 4 4 3 1 1 1 1 1 0 0 0 0 0 1 1 0 0 0 0 0 0 0 0 0 0 0 0 2 2 2 2 3 2 2 9 0 0 1 1 1 0 0 0
 6 6 2 4 4 3 1 1 1 1 1 0 0 0 0 0 1 1 0 0 0 0 0 0 0 0 0 0 0 0 2 2 2 2 3 2 2 9 0 0 1 1 1 0 0 0
 7 7 1 6 6 2 1 1 1 1 0 1 1 0 0 0 0 0 0 1 1 0 0 0 0 0 3 0 0 4 3 3 1 1 2 0 0 0 0 0 0 0 0 0 0 0
 5 5 3 3 3 3 4 4 2 2 1 0 0 0 1 1 1 1 2 1 1 0 0 0 0 0 0 0 0 1 1 1 4 4 3 0 0 0 0 0 1 1 0 0 0 0
 5 5 3 3 3 3 4 4 2 2 1 0 0 0 1 1 1 1 2 1 1 0 0 0 0 0 0 0 0 1 1 1 4 4 3 0 0 0 0 0 1 1 0 0 0 0
 9 9 6 3 3 10 4 4 1 1 1 2 2 0 0 0 5 5 5 2 2 0 0 0 0 0 0 0 0 2 3 3 0 0 1 2 2 7 0 0 0 0 2 1 1 0
 8 8 8 3 3 5 7 7 1 1 2 2 2 2 4 4 3 3 1 0 0 1 0 0 0 0 0 0 0 0 0 0 5 5 9 9 9 15 4 4 4 4 7 0 0 1
 8 8 8 3 3 5 7 7 1 1 2 2 2 2 4 4 3 3 1 0 0 1 0 0 0 0 0 0 0 0 0 0 5 5 9 9 9 15 4 4 4 4 7 0 0 1
 7 7 5 3 3 5 2 2 1 1 3 1 1 4 9 9 4 4 2 3 3 0 1 1 0 0 0 1 1 0 0 0 6 6 9 9 9 7 10 10 1 1 1 2 2 0
 7 7 5 3 3 5 2 2 1 1 3 1 1 4 9 9 4 4 2 3 3 0 1 1 0 0 0 1 1 0 0 0 6 6 9 9 9 7 10 10 1 1 1 2 2 0
 5 5 5 6 6 5 2 2 3 3 3 1 1 1 8 8 4 4 4 2 2 2 2 2 0 0 0 0 0 0 0 0 0 0 3 3 3 3 7 7 5 5 1 1 1 1
 6 6 5 5 5 3 2 2 1 1 4 2 2 1 2 2 5 5 3 2 2 0 1 1 0 0 0 0 0 1 2 2 7 7 3 3 3 3 5 5 3 3 3 1 1 1
 6 6 5 5 5 3 2 2 1 1 4 2 2 1 2 2 5 5 3 2 2 0 1 1 0 0 0 0 0 1 2 2 7 7 3 3 3 3 5 5 3 3 3 1 1 1
 8 8 8 5 5 5 5 5 2 2 1 2 2 4 3 3 3 3 4 2 2 0 0 0 0 0 1 0 0 1 0 0 8 8 4 4 4 5 5 5 3 3 2 7 7 2
 12 12 10 5 5 4 9 9 2 2 2 3 3 3 2 2 2 2 2 2 2 2 0 0 0 0 1 1 1 1 1 1 1 1 4 7 7 8 10 10 5 5 3 3 3 2
 12 12 10 5 5 4 9 9 2 2 2 3 3 3 2 2 2 2 2 2 2 2 0 0 0 0 1 1 1 1 1 1 1 1 4 7 7 8 10 10 5 5 3 3 3 2
 15 15 8 7 7 5 7 7 4 4 4 2 2 2 3 3 1 1 2 2 2 0 0 0 0 0 0 1 1 2 1 1 3 3 5 6 6 15 9 9 7 7 7 16 16 13
 15 15 8 7 7 5 7 7 4 4 4 2 2 2 3 3 1 1 2 2 2 0 0 0 0 0 0 1 1 2 1 1 3 3 5 6 6 15 9 9 7 7 7 16 16 13
 16 16 10 11 11 7 5 5 3 3 3 4 4 3 2 2 1 1 1 1 1 1 0 0 1 1 1 1 1 2 1 1 1 1 1 1 1 4 9 9 7 7 5 6 6 12
 27 27 24 8 8 5 4 4 4 4 3 5 5 3 3 3 2 2 0 1 1 1 0 0 1 1 1 1 1 1 1 1 2 2 4 2 2 2 4 4 7 7 10 6 6 14
 27 27 24 8 8 5 4 4 4 4 3 5 5 3 3 3 2 2 0 1 1 1 0 0 1 1 1 1 1 1 1 1 2 2 4 2 2 2 4 4 7 7 10 6 6 14
 20 20 19 9 9 7 5 5 4 4 7 5 5 3 1 1 2 2 1 1 1 1 1 1 1 1 1 1 1 1 1 1 1 1 1 2 2 2 4 4 5 5 7 5 5 8
 10 10 9 8 8 5 5 5 4 4 4 8 8 5 2 2 3 3 2 1 1 1 1 1 2 2 2 2 2 2 2 2 1 1 1 2 2 2 2 2 3 3 5 3 3 7
 10 10 9 8 8 5 5 5 4 4 4 8 8 5 2 2 3 3 2 1 1 1 1 1 2 2 2 2 2 2 2 2 1 1 1 2 2 2 2 2 3 3 5 3 3 7
 12 12 10 11 11 9 6 6 5 5 4 3 3 4 2 2 4 4 3 2 2 1 3 3 1 1 2 1 1 4 1 1 1 1 1 1 1 1 1 1 1 1 1 4 4 7
 12 12 10 11 11 9 6 6 5 5 4 3 3 4 2 2 4 4 3 2 2 1 3 3 1 1 2 1 1 4 1 1 1 1 1 1 1 1 1 1 1 1 1 4 4 7
 12 12 23 29 29 23 18 18 10 10 5 6 6 2 4 4 5 5 5 3 3 1 2 2 1 1 1 1 1 0 0 0 1 1 1 1 1 1 1 1 1 1 1 6 6 5
 21 21 25 23 23 30 27 27 25 25 17 14 14 11 8 8 2 2 4 7 7 0 1 1 2 2 2 1 1 0 0 0 2 2 1 2 2 7 8 8 18 18 2 4 4 4
 21 21 25 23 23 30 27 27 25 25 17 14 14 11 8 8 2 2 4 7 7 0 1 1 2 2 2 1 1 0 0 0 2 2 1 2 2 7 8 8 18 18 2 4 4 4
 37 37 32 23 23 17 30 30 26 26 27 26 26 13 9 9 3 3 4 4 4 0 0 0 0 0 0 0 0 3 0 0 0 0 2 10 10 12 1 1 18 18 4 5 5 5
 36 36 32 26 26 15 24 24 26 26 31 31 31 27 10 10 1 1 1 3 3 0 0 0 0 0 0 1 1 4 0 0 2 2 2 2 2 4 6 6 1 1 5 4 4 4
 36 36 32 26 26 15 24 24 26 26 31 31 31 27 10 10 1 1 1 3 3 0 0 0 0 0 0 1 1 4 0 0 2 2 2 2 2 4 6 6 1 1 5 4 4 4
 35 35 19 22 22 12 17 17 22 22 15 31 31 30 20 20 10 10 3 3 3 4 2 2 0 0 1 1 1 6 5 5 5 5 5 7 7 5 5 5 7 7 6 4 4 5
 35 35 19 22 22 12 17 17 22 22 15 31 31 30 20 20 10 10 3 3 3 4 2 2 0 0 1 1 1 6 5 5 5 5 5 7 7 5 5 5 7 7 6 4 4 5
 6 6 16 14 14 13 10 10 14 14 11 15 15 25 10 10 13 13 6 6 6 5 2 2 0 0 1 1 1 5 11 11 7 7 7 5 5 6 5 5 0 0 2 10 10 5
 6 6 6 7 7 8 8 8 10 10 11 5 5 3 4 4 1 1 3 4 4 6 4 4 1 1 1 4 4 14 3 3 11 11 8 10 10 5 3 3 2 2 4 8 8 10
 6 6 6 7 7 8 8 8 10 10 11 5 5 3 4 4 1 1 3 4 4 6 4 4 1 1 1 4 4 14 3 3 11 11 8 10 10 5 3 3 2 2 4 8 8 10
 13 13 11 7 7 7 11 11 16 16 12 6 6 1 0 0 1 1 4 3 3 5 4 4 2 2 5 7 7 52 8 8 7 7 9 22 22 23 9 9 4 4 2 5 5 4
 19 19 17 15 15 9 14 14 24 24 13 11 11 10 2 2 3 3 3 4 4 3 5 5 4 4 8 12 12 7 3 3 7 7 7 6 6 8 2 2 2 2 2 1 1 3
 19 19 17 15 15 9 14 14 24 24 13 11 11 10 2 2 3 3 3 4 4 3 5 5 4 4 8 12 12 7 3 3 7 7 7 6 6 8 2 2 2 2 2 1 1 3
 16 16 16 18 18 21 26 26 24 24 34 20 20 17 11 11 13 13 14 15 15 21 20 20 8 8 3 30 30 3 3 3 3 3 5 3 3 2 1 1 0 0 0 1 1 3
 16 16 16 18 18 21 26 26 24 24 34 20 20 17 11 11 13 13 14 15 15 21 20 20 8 8 3 30 30 3 3 3 3 3 5 3 3 2 1 1 0 0 0 1 1 3
 9 9 8 13 13 16 22 22 45 45 67 58 58 31 12 12 14 14 16 16 16 18 14 14 6 6 3 5 5 4 2 2 6 6 3 6 6 2 0 0 1 1 0 2 2 2
 8 8 11 9 9 14 21 21 31 31 46 44 44 15 14 14 13 13 10 6 6 8 11 11 2 2 4 2 2 1 1 1 2 2 6 6 6 2 1 1 0 0 0 0 0 1
 8 8 11 9 9 14 21 21 31 31 46 44 44 15 14 14 13 13 10 6 6 8 11 11 2 2 4 2 2 1 1 1 2 2 6 6 6 2 1 1 0 0 0 0 0 1
 7 7 11 14 14 13 14 14 27 27 23 16 16 18 16 16 10 10 5 7 7 5 5 5 3 3 4 2 2 1 2 2 1 1 4 6 6 3 0 0 0 0 1 0 0 2
 13 13 14 14 14 21 13 13 8 8 6 9 9 13 11 11 11 11 9 12 12 12 11 11 14 14 7 2 2 0 2 2 1 1 3 2 2 2 1 1 2 2 1 0 0 2
 13 13 14 14 14 21 13 13 8 8 6 9 9 13 11 11 11 11 9 12 12 12 11 11 14 14 7 2 2 0 2 2 1 1 3 2 2 2 1 1 2 2 1 0 0 2
 17 17 19 20 20 17 14 14 12 12 11 10 10 10 13 13 14 14 14 18 18 21 28 28 36 36 42 25 25 12 2 2 7 7 4 5 5 7 2 2 1 1 0 0 0 0
 17 17 19 20 20 17 14 14 12 12 11 10 10 10 13 13 14 14 14 18 18 21 28 28 36 36 42 25 25 12 2 2 7 7 4 5 5 7 2 2 1 1 0 0 0 0
 9 9 15 20 20 35 41 41 23 23 12 19 19 19 19 19 14 14 15 23 23 29 36 36 41 41 26 25 25 31 3 3 1 1 4 14 14 10 5 5 1 1 0 0 0 0
 9 9 6 9 9 13 38 38 28 28 23 28 28 22 13 13 10 10 12 15 15 12 32 32 31 31 19 16 16 23 20 20 3 3 8 4 4 10 6 6 1 1 0 0 0 0
 9 9 6 9 9 13 38 38 28 28 23 28 28 22 13 13 10 10 12 15 15 12 32 32 31 31 19 16 16 23 20 20 3 3 8 4 4 10 6 6 1 1 0 0 0 0
 8 8 5 7 7 10 16 16 21 21 15 19 19 17 15 15 18 18 12 8 8 4 8 8 6 6 17 17 17 6 10 10 3 3 4 6 6 4 5 5 0 0 0 0 0 0
 4 4 5 7 7 4 7 7 8 8 10 18 18 17 16 16 13 13 13 8 8 2 3 3 4 4 4 5 5 7 1 1 2 2 3 4 4 2 1 1 0 0 1 0 0 0
 4 4 5 7 7 4 7 7 8 8 10 18 18 17 16 16 13 13 13 8 8 2 3 3 4 4 4 5 5 7 1 1 2 2 3 4 4 2 1 1 0 0 1 0 0 0
 4 4 7 5 5 6 4 4 6 6 7 11 11 9 14 14 20 20 27 11 11 4 1 1 2 2 3 6 6 12 5 5 3 3 1 1 1 1 4 4 1 1 0 0 0 0
 4 4 7 5 5 6 4 4 6 6 7 11 11 9 14 14 20 20 27 11 11 4 1 1 2 2 3 6 6 12 5 5 3 3 1 1 1 1 4 4 1 1 0 0 0 0
 3 3 7 5 5 4 4 4 5 5 5 11 11 10 6 6 8 8 16 22 22 2 0 0 3 3 6 8 8 4 1 1 2 2 4 1 1 3 2 2 1 1 0 0 0 0
 5 5 7 11 11 6 2 2 3 3 5 7 7 11 6 6 10 10 10 7 7 8 2 2 1 1 3 3 3 3 3 3 1 1 1 1 1 2 5 5 4 4 1 1 1 0
 5 5 7 11 11 6 2 2 3 3 5 7 7 11 6 6 10 10 10 7 7 8 2 2 1 1 3 3 3 3 3 3 1 1 1 1 1 2 5 5 4 4 1 1 1 0
 5 5 16 14 14 14 5 5 4 4 7 7 7 12 10 10 10 10 6 4 4 5 1 1 2 2 3 4 4 3 2 2 3 3 2 1 1 1 2 2 1 1 4 1 1 1
 13 13 25 27 27 22 7 7 3 3 5 5 5 11 11 11 8 8 10 5 5 5 1 1 1 1 6 3 3 3 2 2 4 4 2 2 2 1 1 1 1 1 2 2 2 0
 13 13 25 27 27 22 7 7 3 3 5 5 5 11 11 11 8 8 10 5 5 5 1 1 1 1 6 3 3 3 2 2 4 4 2 2 2 1 1 1 1 1 2 2 2 0
 14 14 19 15 15 20 7 7 3 3 2 3 3 6 6 6 6 6 7 5 5 5 6 6 5 5 5 6 6 4 4 4 3 3 2 2 2 1 2 2 1 1 1 1 1 0
 14 14 19 15 15 20 7 7 3 3 2 3 3 6 6 6 6 6 7 5 5 5 6 6 5 5 5 6 6 4 4 4 3 3 2 2 2 1 2 2 1 1 1 1 1 0
 7 7 12 3 3 8 7 7 4 4 2 2 2 1 1 1 1 1 10 6 6 4 1 1 2 2 2 3 3 3 3 3 4 4 2 2 2 1 1 1 1 1 1 0 0 0
 6 6 7 4 4 3 3 3 3 3 2 2 2 3 2 2 3 3 3 7 7 3 1 1 2 2 2 2 2 2 2 2 3 3 3 3 3 5 2 2 2 2 1 0 0 0
 6 6 7 4 4 3 3 3 3 3 2 2 2 3 2 2 3 3 3 7 7 3 1 1 2 2 2 2 2 2 2 2 3 3 3 3 3 5 2 2 2 2 1 0 0 0
 7 7 6 3 3 3 4 4 5 5 2 5 5 1 1 1 3 3 8 7 7 9 2 2 0 0 1 0 0 1 1 1 1 1 2 3 3 1 2 2 1 1 1 1 1 1
 8 8 6 4 4 5 6 6 6 6 5 4 4 1 1 1 3 3 7 7 7 11 8 8 0 0 0 0 0 0 0 0 0 0 1 1 1 4 4 4 3 3 3 1 1 1
