assets/RAT_results_old/precipitation/2016-11-14_IMERG.asc
ncols        46
nrows        77
xllcorner    74.800261325624
yllcorner    8.058333333333
cellsize     0.062500000000
NODATA_value -9999
 1 1 0 1 1 5 3 3 4 4 7 13 13 19 10 10 10 10 2 2 2 0 0 0 0 0 0 0 0 0 0 0 0 0 0 0 0 0 0 0 0 0 0 0 0 0
 0 0 0 1 1 1 1 1 3 3 8 13 13 8 5 5 1 1 1 0 0 0 0 0 0 0 0 0 0 0 0 0 0 0 0 0 0 0 0 0 0 0 0 0 0 0
 0 0 0 1 1 1 1 1 3 3 8 13 13 8 5 5 1 1 1 0 0 0 0 0 0 0 0 0 0 0 0 0 0 0 0 0 0 0 0 0 0 0 0 0 0 0
 0 0 1 2 2 2 1 1 1 1 3 0 0 0 1 1 0 0 0 0 0 0 0 0 0 0 0 0 0 0 0 0 0 0 0 0 0 0 0 0 0 0 0 0 0 0
 0 0 1 1 1 1 1 1 1 1 10 5 5 1 3 3 1 1 0 0 0 0 0 0 0 0 0 0 0 0 0 0 0 0 0 0 0 0 0 0 0 0 0 0 0 0
 0 0 1 1 1 1 1 1 1 1 10 5 5 1 3 3 1 1 0 0 0 0 0 0 0 0 0 0 0 0 0 0 0 0 0 0 0 0 0 0 0 0 0 0 0 0
 0 0 0 1 1 2 1 1 5 5 16 11 11 6 6 6 1 1 0 0 0 0 0 0 0 0 0 0 0 0 0 0 0 0 0 0 0 0 0 0 0 0 0 0 0 0
 0 0 0 1 1 2 1 1 5 5 16 11 11 6 6 6 1 1 0 0 0 0 0 0 0 0 0 0 0 0 0 0 0 0 0 0 0 0 0 0 0 0 0 0 0 0
 0 0 0 1 1 1 1 1 1 1 14 17 17 10 5 5 2 2 0 0 0 1 0 0 0 0 0 0 0 0 0 0 0 0 0 0 0 0 0 0 0 0 0 0 0 0
 0 0 2 0 0 1 1 1 1 1 1 20 20 14 17 17 1 1 1 2 2 1 0 0 0 0 0 0 0 0 0 0 0 0 0 0 0 0 0 0 0 0 0 0 0 0
 0 0 2 0 0 1 1 1 1 1 1 20 20 14 17 17 1 1 1 2 2 1 0 0 0 0 0 0 0 0 0 0 0 0 0 0 0 0 0 0 0 0 0 0 0 0
 0 0 0 0 0 1 2 2 1 1 0 1 1 29 0 0 0 0 1 1 1 0 0 0 0 0 0 0 0 0 0 0 0 0 0 0 0 0 0 0 0 0 0 0 0 0
 0 0 0 0 0 1 1 1 1 1 1 1 1 1 1 1 5 5 1 1 1 0 0 0 0 0 0 0 0 0 0 0 0 0 0 0 0 0 0 0 0 0 0 0 0 0
 0 0 0 0 0 1 1 1 1 1 1 1 1 1 1 1 5 5 1 1 1 0 0 0 0 0 0 0 0 0 0 0 0 0 0 0 0 0 0 0 0 0 0 0 0 0
 1 1 0 0 0 0 0 0 1 1 1 1 1 1 1 1 1 1 0 0 0 0 0 0 0 0 1 2 2 2 0 0 0 0 0 0 0 0 0 0 0 0 0 0 0 1
 1 1 0 0 0 0 0 0 1 1 1 1 1 1 1 1 1 1 0 0 0 0 0 0 0 0 1 2 2 2 0 0 0 0 0 0 0 0 0 0 0 0 0 0 0 1
 0 0 0 0 0 2 1 1 1 1 2 1 1 1 1 1 1 1 0 0 0 1 1 1 3 3 2 3 3 1 0 0 0 0 0 0 0 0 1 1 1 1 1 1 1 1
 0 0 0 1 1 1 0 0 0 0 1 1 1 1 1 1 1 1 0 0 0 0 4 4 4 4 2 0 0 0 0 0 0 0 2 0 0 1 1 1 2 2 2 1 1 1
 0 0 0 1 1 1 0 0 0 0 1 1 1 1 1 1 1 1 0 0 0 0 4 4 4 4 2 0 0 0 0 0 0 0 2 0 0 1 1 1 2 2 2 1 1 1
 0 0 0 0 0 0 0 0 0 0 0 1 1 2 1 1 1 1 0 1 1 7 0 0 2 2 0 0 0 0 0 0 1 1 1 6 6 1 2 2 2 2 2 1 1 1
 0 0 0 0 0 0 0 0 0 0 1 1 1 1 1 1 1 1 1 2 2 3 0 0 1 1 2 3 3 1 1 1 3 3 3 4 4 10 30 30 1 1 0 0 0 1
 0 0 0 0 0 0 0 0 0 0 1 1 1 1 1 1 1 1 1 2 2 3 0 0 1 1 2 3 3 1 1 1 3 3 3 4 4 10 30 30 1 1 0 0 0 1
 1 1 0 0 0 0 0 0 0 0 0 0 0 1 1 1 2 2 1 1 1 1 1 1 1 1 1 2 2 3 3 3 5 5 25 7 7 1 0 0 0 0 0 0 0 1
 1 1 0 0 0 0 0 0 0 0 0 0 0 1 1 1 2 2 1 1 1 1 1 1 1 1 1 2 2 3 3 3 5 5 25 7 7 1 0 0 0 0 0 0 0 1
 0 0 0 0 0 0 0 0 1 1 0 0 0 0 1 1 2 2 1 0 0 2 2 2 1 1 0 2 2 4 5 5 7 7 32 6 6 1 0 0 0 0 0 1 1 1
 0 0 0 0 0 0 0 0 0 0 0 0 0 0 1 1 2 2 1 1 1 2 2 2 1 1 1 3 3 4 2 2 12 12 16 7 7 1 0 0 0 0 0 0 0 0
 0 0 0 0 0 0 0 0 0 0 0 0 0 0 1 1 2 2 1 1 1 2 2 2 1 1 1 3 3 4 2 2 12 12 16 7 7 1 0 0 0 0 0 0 0 0
 0 0 1 1 1 0 0 0 0 0 0 0 0 0 1 1 4 4 1 1 1 1 1 1 3 3 3 2 2 2 4 4 8 8 0 0 0 0 0 0 0 0 0 0 0 1
 1 1 0 1 1 0 1 1 0 0 1 0 0 0 1 1 5 5 2 1 1 3 1 1 1 1 1 1 1 1 3 3 0 0 0 0 0 0 0 0 0 0 0 0 0 1
 1 1 0 1 1 0 1 1 0 0 1 0 0 0 1 1 5 5 2 1 1 3 1 1 1 1 1 1 1 1 3 3 0 0 0 0 0 0 0 0 0 0 0 0 0 1
 0 0 0 0 0 1 0 0 1 1 0 1 1 1 0 0 1 1 3 2 2 2 2 2 2 2 1 1 1 1 1 1 0 0 0 1 1 0 0 0 1 1 0 0 0 0
 0 0 0 0 0 1 0 0 1 1 0 1 1 1 0 0 1 1 3 2 2 2 2 2 2 2 1 1 1 1 1 1 0 0 0 1 1 0 0 0 1 1 0 0 0 0
 0 0 1 1 1 1 1 1 1 1 2 2 2 1 2 2 2 2 4 3 3 5 5 5 2 2 3 2 2 2 1 1 1 1 1 0 0 0 0 0 0 0 1 0 0 0
 1 1 1 4 4 2 2 2 3 3 2 4 4 9 2 2 2 2 4 6 6 6 7 7 5 5 4 4 4 3 1 1 1 1 0 0 0 0 0 0 0 0 1 0 0 1
 1 1 1 4 4 2 2 2 3 3 2 4 4 9 2 2 2 2 4 6 6 6 7 7 5 5 4 4 4 3 1 1 1 1 0 0 0 0 0 0 0 0 1 0 0 1
 2 2 5 6 6 5 14 14 17 17 25 4 4 6 8 8 7 7 8 8 8 8 8 8 7 7 7 5 5 5 2 2 3 3 2 0 0 0 0 0 1 1 0 2 2 2
 3 3 9 18 18 14 36 36 39 39 27 9 9 19 22 22 17 17 10 16 16 14 10 10 13 13 8 4 4 5 2 2 2 2 1 0 0 1 8 8 0 0 0 1 1 3
 3 3 9 18 18 14 36 36 39 39 27 9 9 19 22 22 17 17 10 16 16 14 10 10 13 13 8 4 4 5 2 2 2 2 1 0 0 1 8 8 0 0 0 1 1 3
 3 3 5 18 18 16 36 36 42 42 38 26 26 20 20 20 12 12 13 18 18 14 12 12 11 11 10 7 7 5 5 5 3 3 1 1 1 7 7 7 3 3 0 1 1 1
 3 3 5 18 18 16 36 36 42 42 38 26 26 20 20 20 12 12 13 18 18 14 12 12 11 11 10 7 7 5 5 5 3 3 1 1 1 7 7 7 3 3 0 1 1 1
 5 5 13 6 6 15 30 30 36 36 55 41 41 29 24 24 12 12 18 21 21 19 16 16 14 14 11 12 12 8 5 5 3 3 7 3 3 10 7 7 4 4 2 1 1 0
 13 13 20 18 18 35 33 33 45 45 41 42 42 35 49 49 37 37 23 25 25 37 23 23 20 20 21 13 13 9 12 12 3 3 3 4 4 2 2 2 5 5 3 2 2 2
 13 13 20 18 18 35 33 33 45 45 41 42 42 35 49 49 37 37 23 25 25 37 23 23 20 20 21 13 13 9 12 12 3 3 3 4 4 2 2 2 5 5 3 2 2 2
 19 19 21 21 21 26 25 25 34 34 52 50 50 72 69 69 63 63 28 29 29 27 22 22 33 33 50 34 34 20 11 11 4 4 5 2 2 6 3 3 7 7 5 2 2 2
 38 38 20 23 23 29 28 28 35 35 27 46 46 89 73 73 66 66 31 33 33 24 34 34 41 41 86 78 78 20 15 15 18 18 4 3 3 1 2 2 1 1 0 0 0 0
 38 38 20 23 23 29 28 28 35 35 27 46 46 89 73 73 66 66 31 33 33 24 34 34 41 41 86 78 78 20 15 15 18 18 4 3 3 1 2 2 1 1 0 0 0 0
 42 42 29 19 19 25 25 25 28 28 24 29 29 77 72 72 39 39 33 27 27 17 21 21 35 35 86 76 76 50 27 27 14 14 3 3 3 2 1 1 1 1 1 2 2 1
 42 42 29 19 19 25 25 25 28 28 24 29 29 77 72 72 39 39 33 27 27 17 21 21 35 35 86 76 76 50 27 27 14 14 3 3 3 2 1 1 1 1 1 2 2 1
 30 30 28 21 21 12 12 12 8 8 10 10 10 31 32 32 21 21 26 15 15 14 17 17 31 31 86 16 16 16 32 32 11 11 4 3 3 2 1 1 1 1 1 1 1 1
 26 26 27 16 16 31 8 8 14 14 12 8 8 21 25 25 19 19 19 20 20 21 11 11 19 19 14 10 10 15 9 9 6 6 5 5 5 4 3 3 2 2 1 1 1 1
 26 26 27 16 16 31 8 8 14 14 12 8 8 21 25 25 19 19 19 20 20 21 11 11 19 19 14 10 10 15 9 9 6 6 5 5 5 4 3 3 2 2 1 1 1 1
 25 25 20 20 20 18 25 25 9 9 14 11 11 16 11 11 21 21 26 21 21 14 12 12 14 14 7 15 15 28 9 9 6 6 7 5 5 8 5 5 3 3 2 2 2 1
 39 39 30 22 22 15 69 69 29 29 17 28 28 23 35 35 31 31 27 20 20 19 17 17 19 19 10 12 12 32 19 19 11 11 7 10 10 21 7 7 4 4 3 1 1 1
 39 39 30 22 22 15 69 69 29 29 17 28 28 23 35 35 31 31 27 20 20 19 17 17 19 19 10 12 12 32 19 19 11 11 7 10 10 21 7 7 4 4 3 1 1 1
 25 25 22 35 35 24 36 36 23 23 18 24 24 30 35 35 50 50 32 22 22 18 17 17 21 21 16 40 40 37 44 44 18 18 9 42 42 10 7 7 5 5 3 1 1 1
 25 25 22 35 35 24 36 36 23 23 18 24 24 30 35 35 50 50 32 22 22 18 17 17 21 21 16 40 40 37 44 44 18 18 9 42 42 10 7 7 5 5 3 1 1 1
 26 26 24 29 29 18 18 18 22 22 15 26 26 35 85 85 96 96 47 22 22 21 19 19 18 18 13 17 17 46 10 10 9 9 9 6 6 8 4 4 5 5 2 1 1 2
 29 29 24 32 32 35 28 28 18 18 37 26 26 21 81 81 92 92 37 28 28 13 15 15 9 9 18 14 14 31 8 8 15 15 11 4 4 4 4 4 3 3 1 1 1 3
 29 29 24 32 32 35 28 28 18 18 37 26 26 21 81 81 92 92 37 28 28 13 15 15 9 9 18 14 14 31 8 8 15 15 11 4 4 4 4 4 3 3 1 1 1 3
 28 28 37 31 31 28 35 35 26 26 31 26 26 51 43 43 46 46 21 19 19 8 13 13 13 13 15 13 13 9 15 15 11 11 7 4 4 4 2 2 4 4 5 1 1 2
 33 33 54 50 50 36 63 63 67 67 33 34 34 18 22 22 44 44 12 12 12 7 7 7 8 8 5 9 9 9 18 18 11 11 4 2 2 2 1 1 5 5 5 5 5 8
 33 33 54 50 50 36 63 63 67 67 33 34 34 18 22 22 44 44 12 12 12 7 7 7 8 8 5 9 9 9 18 18 11 11 4 2 2 2 1 1 5 5 5 5 5 8
 56 56 85 31 31 69 51 51 76 76 30 24 24 14 10 10 8 8 5 4 4 5 4 4 6 6 6 7 7 10 35 35 33 33 1 1 1 0 7 7 8 8 8 9 9 14
 56 56 85 31 31 69 51 51 76 76 30 24 24 14 10 10 8 8 5 4 4 5 4 4 6 6 6 7 7 10 35 35 33 33 1 1 1 0 7 7 8 8 8 9 9 14
 61 61 57 44 44 51 55 55 54 54 35 16 16 21 19 19 21 21 15 18 18 7 5 5 7 7 2 2 2 15 16 16 6 6 2 1 1 1 11 11 7 7 14 12 12 12
 37 37 34 43 43 46 47 47 27 27 18 20 20 25 25 25 24 24 21 17 17 14 7 7 4 4 3 3 3 8 7 7 2 2 2 2 2 6 18 18 15 15 14 14 14 19
 37 37 34 43 43 46 47 47 27 27 18 20 20 25 25 25 24 24 21 17 17 14 7 7 4 4 3 3 3 8 7 7 2 2 2 2 2 6 18 18 15 15 14 14 14 19
 35 35 36 31 31 28 24 24 19 19 19 18 18 19 17 17 16 16 14 9 9 6 4 4 2 2 2 2 2 1 2 2 3 3 3 4 4 10 14 14 11 11 10 9 9 12
 36 36 35 35 35 28 22 22 22 22 19 17 17 11 10 10 9 9 8 6 6 3 2 2 2 2 2 2 2 2 3 3 6 6 6 6 6 7 8 8 8 8 6 8 8 11
 36 36 35 35 35 28 22 22 22 22 19 17 17 11 10 10 9 9 8 6 6 3 2 2 2 2 2 2 2 2 3 3 6 6 6 6 6 7 8 8 8 8 6 8 8 11
 36 36 33 28 28 28 25 25 19 19 16 11 11 8 7 7 5 5 3 3 3 2 2 2 3 3 1 3 3 4 6 6 6 6 7 6 6 6 6 6 5 5 6 6 6 9
 36 36 33 28 28 28 25 25 19 19 16 11 11 8 7 7 5 5 3 3 3 2 2 2 3 3 1 3 3 4 6 6 6 6 7 6 6 6 6 6 5 5 6 6 6 9
 33 33 31 30 30 20 14 14 9 9 7 7 7 6 5 5 3 3 1 1 1 1 2 2 2 2 2 4 4 6 7 7 6 6 7 4 4 8 4 4 5 5 4 5 5 9
 27 27 24 27 27 23 15 15 10 10 6 3 3 1 1 1 1 1 1 1 1 0 0 0 1 1 1 1 1 1 1 1 2 2 3 2 2 4 4 4 3 3 4 9 9 13
 27 27 24 27 27 23 15 15 10 10 6 3 3 1 1 1 1 1 1 1 1 0 0 0 1 1 1 1 1 1 1 1 2 2 3 2 2 4 4 4 3 3 4 9 9 13
 29 29 22 18 18 12 9 9 4 4 3 2 2 2 2 2 1 1 1 1 1 1 1 1 1 1 1 1 1 1 1 1 3 3 3 3 3 3 8 8 10 10 7 7 7 8
 23 23 17 15 15 10 9 9 3 3 2 1 1 1 1 1 1 1 2 1 1 1 1 1 1 1 2 1 1 1 1 1 1 1 3 4 4 8 8 8 4 4 8 4 4 2
