assets/RAT_results_old/precipitation/2016-07-28_IMERG.asc
ncols        46
nrows        77
xllcorner    74.800261325624
yllcorner    8.058333333333
cellsize     0.062500000000
NODATA_value -9999
 13 13 15 30 30 14 11 11 13 13 10 13 13 15 18 18 28 28 28 27 27 34 29 29 32 32 41 41 41 34 29 29 26 26 35 36 36 41 51 51 48 48 50 44 44 29
 16 16 28 29 29 16 14 14 19 19 11 14 14 16 13 13 28 28 16 25 25 18 26 26 33 33 42 30 30 28 36 36 36 36 37 42 42 41 50 50 96 96 62 66 66 40
 16 16 28 29 29 16 14 14 19 19 11 14 14 16 13 13 28 28 16 25 25 18 26 26 33 33 42 30 30 28 36 36 36 36 37 42 42 41 50 50 96 96 62 66 66 40
 16 16 19 23 23 17 15 15 10 10 11 13 13 8 11 11 12 12 13 24 24 21 21 21 29 29 31 40 40 32 40 40 35 35 34 33 33 49 84 84 89 89 58 73 73 42
 12 12 15 14 14 14 9 9 13 13 13 9 9 8 13 13 12 12 10 18 18 19 18 18 25 25 32 35 35 28 40 40 34 34 34 42 42 54 80 80 87 87 60 46 46 47
 12 12 15 14 14 14 9 9 13 13 13 9 9 8 13 13 12 12 10 18 18 19 18 18 25 25 32 35 35 28 40 40 34 34 34 42 42 54 80 80 87 87 60 46 46 47
 10 10 11 17 17 12 12 12 12 12 14 16 16 10 13 13 15 15 21 17 17 18 16 16 23 23 29 36 36 37 33 33 36 36 38 48 48 60 96 96 87 87 48 34 34 46
 10 10 11 17 17 12 12 12 12 12 14 16 16 10 13 13 15 15 21 17 17 18 16 16 23 23 29 36 36 37 33 33 36 36 38 48 48 60 96 96 87 87 48 34 34 46
 9 9 11 18 18 11 10 10 7 7 9 7 7 10 13 13 13 13 17 16 16 17 19 19 21 21 30 34 34 36 32 32 30 30 40 43 43 48 59 59 51 51 41 33 33 34
 9 9 10 12 12 10 11 11 5 5 8 7 7 10 8 8 14 14 15 16 16 18 22 22 25 25 34 40 40 35 37 37 37 37 40 50 50 63 58 58 56 56 39 32 32 58
 9 9 10 12 12 10 11 11 5 5 8 7 7 10 8 8 14 14 15 16 16 18 22 22 25 25 34 40 40 35 37 37 37 37 40 50 50 63 58 58 56 56 39 32 32 58
 4 4 7 6 6 10 7 7 5 5 7 9 9 10 15 15 14 14 22 24 24 29 25 25 28 28 36 37 37 27 30 30 30 30 41 45 45 46 53 53 62 62 36 34 34 48
 3 3 5 5 5 10 8 8 6 6 10 9 9 24 16 16 20 20 22 27 27 26 24 24 26 26 29 26 26 24 23 23 25 25 32 39 39 40 49 49 48 48 53 40 40 60
 3 3 5 5 5 10 8 8 6 6 10 9 9 24 16 16 20 20 22 27 27 26 24 24 26 26 29 26 26 24 23 23 25 25 32 39 39 40 49 49 48 48 53 40 40 60
 7 7 5 6 6 7 12 12 10 10 10 14 14 20 21 21 19 19 21 31 31 28 29 29 35 35 26 23 23 23 24 24 24 24 25 27 27 35 38 38 33 33 47 48 48 36
 7 7 5 6 6 7 12 12 10 10 10 14 14 20 21 21 19 19 21 31 31 28 29 29 35 35 26 23 23 23 24 24 24 24 25 27 27 35 38 38 33 33 47 48 48 36
 11 11 8 7 7 6 10 10 13 13 14 13 13 11 19 19 22 22 27 26 26 28 31 31 33 33 25 23 23 21 24 24 22 22 25 22 22 24 34 34 34 34 34 33 33 38
 18 18 16 9 9 13 13 13 16 16 18 12 12 10 23 23 29 29 22 31 31 37 37 37 40 40 24 21 21 19 19 19 23 23 23 22 22 25 33 33 43 43 40 29 29 36
 18 18 16 9 9 13 13 13 16 16 18 12 12 10 23 23 29 29 22 31 31 37 37 37 40 40 24 21 21 19 19 19 23 23 23 22 22 25 33 33 43 43 40 29 29 36
 7 7 12 5 5 6 9 9 11 11 14 15 15 15 15 15 23 23 22 29 29 27 30 30 29 29 41 20 20 20 18 18 17 17 20 28 28 25 23 23 31 31 37 33 33 44
 7 7 8 4 4 5 5 5 9 9 9 16 16 12 11 11 10 10 18 19 19 23 25 25 20 20 29 35 35 14 14 14 13 13 17 19 19 17 19 19 24 24 28 28 28 29
 7 7 8 4 4 5 5 5 9 9 9 16 16 12 11 11 10 10 18 19 19 23 25 25 20 20 29 35 35 14 14 14 13 13 17 19 19 17 19 19 24 24 28 28 28 29
 4 4 3 3 3 3 3 3 4 4 8 8 8 11 16 16 8 8 9 10 10 14 18 18 25 25 33 33 33 14 20 20 22 22 23 18 18 21 18 18 24 24 19 15 15 17
 4 4 3 3 3 3 3 3 4 4 8 8 8 11 16 16 8 8 9 10 10 14 18 18 25 25 33 33 33 14 20 20 22 22 23 18 18 21 18 18 24 24 19 15 15 17
 4 4 6 13 13 6 2 2 2 2 4 8 8 15 11 11 8 8 7 8 8 9 13 13 7 7 13 14 14 16 18 18 19 19 22 11 11 11 17 17 10 10 17 14 14 15
 11 11 3 4 4 2 2 2 2 2 2 4 4 8 10 10 7 7 12 7 7 6 6 6 7 7 8 11 11 10 8 8 8 8 13 8 8 11 9 9 12 12 14 14 14 17
 11 11 3 4 4 2 2 2 2 2 2 4 4 8 10 10 7 7 12 7 7 6 6 6 7 7 8 11 11 10 8 8 8 8 13 8 8 11 9 9 12 12 14 14 14 17
 4 4 4 2 2 5 2 2 1 1 2 3 3 4 5 5 6 6 7 5 5 4 4 4 5 5 7 7 7 8 9 9 7 7 7 7 7 11 9 9 10 10 16 12 12 13
 7 7 9 2 2 1 3 3 6 6 2 1 1 1 3 3 6 6 5 3 3 4 4 4 7 7 6 6 6 6 6 6 7 7 9 9 9 8 9 9 9 9 11 9 9 11
 7 7 9 2 2 1 3 3 6 6 2 1 1 1 3 3 6 6 5 3 3 4 4 4 7 7 6 6 6 6 6 6 7 7 9 9 9 8 9 9 9 9 11 9 9 11
 16 16 5 2 2 1 12 12 4 4 4 17 17 2 3 3 5 5 7 3 3 3 3 3 4 4 4 4 4 4 5 5 6 6 7 8 8 8 8 8 13 13 10 10 10 10
 16 16 5 2 2 1 12 12 4 4 4 17 17 2 3 3 5 5 7 3 3 3 3 3 4 4 4 4 4 4 5 5 6 6 7 8 8 8 8 8 13 13 10 10 10 10
 6 6 4 3 3 2 2 2 2 2 8 4 4 2 13 13 9 9 5 3 3 3 3 3 3 3 3 4 4 6 6 6 6 6 9 9 9 8 17 17 11 11 12 11 11 11
 8 8 4 4 4 4 4 4 2 2 2 4 4 1 4 4 7 7 6 5 5 5 4 4 5 5 5 5 5 6 7 7 8 8 8 8 8 16 13 13 14 14 14 13 13 11
 8 8 4 4 4 4 4 4 2 2 2 4 4 1 4 4 7 7 6 5 5 5 4 4 5 5 5 5 5 6 7 7 8 8 8 8 8 16 13 13 14 14 14 13 13 11
 6 6 5 6 6 7 4 4 8 8 6 6 6 7 6 6 8 8 9 10 10 8 5 5 9 9 7 8 8 7 7 7 7 7 8 9 9 12 13 13 12 12 13 9 9 10
 8 8 8 10 10 8 10 10 10 10 13 23 23 12 13 13 9 9 8 12 12 11 7 7 8 8 8 7 7 7 6 6 7 7 8 8 8 9 9 9 9 9 10 7 7 6
 8 8 8 10 10 8 10 10 10 10 13 23 23 12 13 13 9 9 8 12 12 11 7 7 8 8 8 7 7 7 6 6 7 7 8 8 8 9 9 9 9 9 10 7 7 6
 9 9 11 12 12 21 24 24 20 20 16 16 16 17 12 12 12 12 11 15 15 8 10 10 7 7 6 7 7 8 7 7 7 7 7 8 8 8 7 7 7 7 8 9 9 5
 9 9 11 12 12 21 24 24 20 20 16 16 16 17 12 12 12 12 11 15 15 8 10 10 7 7 6 7 7 8 7 7 7 7 7 8 8 8 7 7 7 7 8 9 9 5
 9 9 16 13 13 17 21 21 23 23 38 27 27 19 17 17 11 11 12 15 15 8 8 8 7 7 6 9 9 8 11 11 9 9 8 7 7 6 6 6 5 5 8 6 6 4
 9 9 8 14 14 30 14 14 39 39 27 24 24 33 24 24 11 11 15 11 11 8 11 11 7 7 5 5 5 6 8 8 12 12 13 9 9 9 6 6 6 6 6 7 7 3
 9 9 8 14 14 30 14 14 39 39 27 24 24 33 24 24 11 11 15 11 11 8 11 11 7 7 5 5 5 6 8 8 12 12 13 9 9 9 6 6 6 6 6 7 7 3
 11 11 13 13 13 17 18 18 31 31 23 25 25 23 16 16 11 11 12 13 13 12 10 10 6 6 4 4 4 4 6 6 6 6 15 9 9 9 7 7 7 7 5 6 6 2
 11 11 13 16 16 18 22 22 19 19 21 25 25 28 20 20 7 7 10 11 11 5 9 9 7 7 4 3 3 3 3 3 4 4 7 10 10 7 7 7 7 7 4 3 3 1
 11 11 13 16 16 18 22 22 19 19 21 25 25 28 20 20 7 7 10 11 11 5 9 9 7 7 4 3 3 3 3 3 4 4 7 10 10 7 7 7 7 7 4 3 3 1
 10 10 16 16 16 31 26 26 20 20 20 32 32 21 11 11 10 10 7 6 6 6 5 5 4 4 2 2 2 3 3 3 2 2 3 5 5 5 3 3 3 3 2 2 2 4
 10 10 16 16 16 31 26 26 20 20 20 32 32 21 11 11 10 10 7 6 6 6 5 5 4 4 2 2 2 3 3 3 2 2 3 5 5 5 3 3 3 3 2 2 2 4
 10 10 19 15 15 22 38 38 24 24 40 30 30 20 14 14 12 12 11 7 7 7 5 5 5 5 3 1 1 2 2 2 2 2 2 3 3 5 3 3 4 4 3 6 6 6
 11 11 11 21 21 22 35 35 26 26 36 29 29 24 12 12 10 10 10 6 6 6 7 7 6 6 5 11 11 12 10 10 5 5 8 8 8 8 6 6 6 6 7 9 9 10
 11 11 11 21 21 22 35 35 26 26 36 29 29 24 12 12 10 10 10 6 6 6 7 7 6 6 5 11 11 12 10 10 5 5 8 8 8 8 6 6 6 6 7 9 9 10
 8 8 8 9 9 15 14 14 14 14 15 28 28 28 10 10 9 9 7 7 7 6 12 12 15 15 10 13 13 15 15 15 10 10 10 10 10 8 7 7 7 7 10 15 15 14
 7 7 6 8 8 10 19 19 13 13 19 17 17 10 17 17 8 8 3 14 14 8 16 16 19 19 14 13 13 12 7 7 11 11 10 9 9 9 8 8 8 8 11 13 13 10
 7 7 6 8 8 10 19 19 13 13 19 17 17 10 17 17 8 8 3 14 14 8 16 16 19 19 14 13 13 12 7 7 11 11 10 9 9 9 8 8 8 8 11 13 13 10
 6 6 5 12 12 8 7 7 5 5 5 12 12 4 7 7 12 12 4 5 5 4 5 5 9 9 13 12 12 14 7 7 8 8 7 8 8 10 10 10 8 8 7 6 6 5
 6 6 5 12 12 8 7 7 5 5 5 12 12 4 7 7 12 12 4 5 5 4 5 5 9 9 13 12 12 14 7 7 8 8 7 8 8 10 10 10 8 8 7 6 6 5
 5 5 5 4 4 6 9 9 5 5 5 10 10 4 18 18 3 3 3 3 3 5 3 3 9 9 14 13 13 11 3 3 3 3 3 3 3 4 4 4 3 3 3 5 5 6
 7 7 6 5 5 5 8 8 6 6 5 21 21 4 2 2 3 3 3 1 1 1 2 2 4 4 9 12 12 17 17 17 3 3 2 2 2 2 3 3 2 2 2 2 2 2
 7 7 6 5 5 5 8 8 6 6 5 21 21 4 2 2 3 3 3 1 1 1 2 2 4 4 9 12 12 17 17 17 3 3 2 2 2 2 3 3 2 2 2 2 2 2
 7 7 6 7 7 5 7 7 8 8 10 7 7 5 3 3 2 2 2 1 1 1 2 2 5 5 7 10 10 18 17 17 4 4 1 2 2 1 1 1 1 1 0 5 5 1
 7 7 11 16 16 9 5 5 8 8 11 12 12 7 4 4 3 3 4 1 1 1 2 2 3 3 4 9 9 8 11 11 3 3 4 1 1 2 1 1 0 0 1 0 0 0
 7 7 11 16 16 9 5 5 8 8 11 12 12 7 4 4 3 3 4 1 1 1 2 2 3 3 4 9 9 8 11 11 3 3 4 1 1 2 1 1 0 0 1 0 0 0
 9 9 11 12 12 10 9 9 9 9 14 8 8 5 4 4 3 3 2 2 2 2 2 2 4 4 5 11 11 4 3 3 2 2 1 1 1 0 5 5 0 0 1 0 0 0
 9 9 11 12 12 10 9 9 9 9 14 8 8 5 4 4 3 3 2 2 2 2 2 2 4 4 5 11 11 4 3 3 2 2 1 1 1 0 5 5 0 0 1 0 0 0
 11 11 12 13 13 7 15 15 12 12 18 10 10 9 3 3 5 5 2 1 1 1 3 3 4 4 4 3 3 4 3 3 1 1 1 0 0 1 3 3 4 4 0 0 0 0
 11 11 15 15 15 13 18 18 16 16 14 16 16 17 12 12 3 3 9 2 2 2 3 3 3 3 3 2 2 3 2 2 1 1 1 0 0 4 6 6 3 3 0 0 0 0
 11 11 15 15 15 13 18 18 16 16 14 16 16 17 12 12 3 3 9 2 2 2 3 3 3 3 3 2 2 3 2 2 1 1 1 0 0 4 6 6 3 3 0 0 0 0
 15 15 15 19 19 20 19 19 16 16 17 27 27 24 8 8 3 3 1 2 2 3 3 3 2 2 1 1 1 1 2 2 3 3 1 2 2 0 1 1 0 0 0 0 0 1
 15 15 14 17 17 18 16 16 16 16 10 8 8 5 5 5 4 4 1 2 2 2 3 3 1 1 1 0 0 4 5 5 4 4 1 1 1 0 0 0 0 0 0 0 0 0
 15 15 14 17 17 18 16 16 16 16 10 8 8 5 5 5 4 4 1 2 2 2 3 3 1 1 1 0 0 4 5 5 4 4 1 1 1 0 0 0 0 0 0 0 0 0
 14 14 16 20 20 19 17 17 12 12 11 9 9 6 5 5 5 5 11 3 3 2 1 1 1 1 5 0 0 5 1 1 3 3 2 3 3 0 0 0 0 0 0 0 0 0
 14 14 16 20 20 19 17 17 12 12 11 9 9 6 5 5 5 5 11 3 3 2 1 1 1 1 5 0 0 5 1 1 3 3 2 3 3 0 0 0 0 0 0 0 0 0
 15 15 17 19 19 25 19 19 14 14 10 12 12 11 27 27 14 14 11 2 2 3 2 2 1 1 1 0 0 4 5 5 2 2 2 5 5 0 4 4 0 0 0 0 0 0
 14 14 16 17 17 18 17 17 15 15 10 15 15 13 5 5 20 20 1 2 2 2 1 1 1 1 0 1 1 1 4 4 1 1 1 3 3 1 0 0 0 0 0 0 0 0
 14 14 16 17 17 18 17 17 15 15 10 15 15 13 5 5 20 20 1 2 2 2 1 1 1 1 0 1 1 1 4 4 1 1 1 3 3 1 0 0 0 0 0 0 0 0
 19 19 19 18 18 16 18 18 22 22 18 19 19 11 5 5 20 20 3 1 1 2 2 2 1 1 0 0 0 0 0 0 0 0 1 0 0 0 2 2 1 1 0 0 0 0
 15 15 13 22 22 20 19 19 28 28 18 13 13 24 11 11 3 3 4 2 2 2 3 3 5 5 2 0 0 0 0 0 0 0 0 1 1 1 1 1 0 0 0 0 0 0
