assets/RAT_results_old/precipitation/2016-09-01_IMERG.asc
ncols        46
nrows        77
xllcorner    74.800261325624
yllcorner    8.058333333333
cellsize     0.062500000000
NODATA_value -9999
 9 9 30 7 7 5 6 6 6 6 4 3 3 2 1 1 1 1 1 1 1 0 0 0 0 0 0 0 0 0 0 0 0 0 0 1 1 0 0 0 0 0 0 0 0 0
 7 7 7 6 6 4 7 7 6 6 3 2 2 2 1 1 1 1 1 1 1 1 0 0 0 0 0 0 0 0 0 0 0 0 0 0 0 0 0 0 0 0 0 0 0 0
 7 7 7 6 6 4 7 7 6 6 3 2 2 2 1 1 1 1 1 1 1 1 0 0 0 0 0 0 0 0 0 0 0 0 0 0 0 0 0 0 0 0 0 0 0 0
 9 9 6 6 6 3 3 3 4 4 4 2 2 1 2 2 3 3 2 1 1 0 0 0 0 0 0 0 0 0 0 0 0 0 1 0 0 0 0 0 0 0 0 0 0 0
 7 7 7 7 7 6 4 4 7 7 3 2 2 2 2 2 3 3 2 1 1 0 0 0 0 0 0 1 1 1 0 0 0 0 0 0 0 0 0 0 0 0 0 0 0 0
 7 7 7 7 7 6 4 4 7 7 3 2 2 2 2 2 3 3 2 1 1 0 0 0 0 0 0 1 1 1 0 0 0 0 0 0 0 0 0 0 0 0 0 0 0 0
 7 7 11 14 14 9 3 3 3 3 2 3 3 5 2 2 2 2 2 1 1 0 0 0 0 0 1 1 1 1 1 1 0 0 1 1 1 0 0 0 0 0 0 0 0 0
 7 7 11 14 14 9 3 3 3 3 2 3 3 5 2 2 2 2 2 1 1 0 0 0 0 0 1 1 1 1 1 1 0 0 1 1 1 0 0 0 0 0 0 0 0 0
 3 3 7 12 12 12 7 7 6 6 2 3 3 3 8 8 3 3 2 2 2 1 1 1 0 0 0 1 1 0 0 0 0 0 0 0 0 0 0 0 0 0 0 0 0 0
 2 2 6 11 11 11 9 9 3 3 3 2 2 4 4 4 9 9 15 3 3 1 1 1 1 1 1 1 1 1 1 1 1 1 1 1 1 1 1 1 1 1 0 0 0 0
 2 2 6 11 11 11 9 9 3 3 3 2 2 4 4 4 9 9 15 3 3 1 1 1 1 1 1 1 1 1 1 1 1 1 1 1 1 1 1 1 1 1 0 0 0 0
 2 2 2 4 4 9 7 7 6 6 5 2 2 5 4 4 8 8 12 8 8 7 3 3 3 3 1 1 1 1 1 1 1 1 1 1 1 1 2 2 1 1 1 0 0 0
 1 1 1 5 5 7 7 7 6 6 3 4 4 3 2 2 2 2 3 5 5 11 2 2 2 2 1 1 1 3 1 1 1 1 1 2 2 1 2 2 1 1 1 1 1 1
 1 1 1 5 5 7 7 7 6 6 3 4 4 3 2 2 2 2 3 5 5 11 2 2 2 2 1 1 1 3 1 1 1 1 1 2 2 1 2 2 1 1 1 1 1 1
 3 3 1 4 4 4 6 6 6 6 7 5 5 3 3 3 1 1 1 2 2 3 2 2 2 2 2 1 1 1 1 1 1 1 1 1 1 1 2 2 1 1 1 1 1 1
 3 3 1 4 4 4 6 6 6 6 7 5 5 3 3 3 1 1 1 2 2 3 2 2 2 2 2 1 1 1 1 1 1 1 1 1 1 1 2 2 1 1 1 1 1 1
 4 4 2 1 1 4 3 3 4 4 6 6 6 3 3 3 1 1 1 2 2 2 2 2 2 2 2 2 2 2 2 2 2 2 1 1 1 1 1 1 1 1 1 1 1 1
 4 4 3 3 3 2 2 2 2 2 3 4 4 5 2 2 1 1 2 2 2 2 2 2 2 2 3 2 2 2 2 2 2 2 2 1 1 1 1 1 1 1 0 0 0 0
 4 4 3 3 3 2 2 2 2 2 3 4 4 5 2 2 1 1 2 2 2 2 2 2 2 2 3 2 2 2 2 2 2 2 2 1 1 1 1 1 1 1 0 0 0 0
 5 5 2 4 4 4 2 2 3 3 2 3 3 6 4 4 1 1 4 4 4 2 3 3 3 3 4 2 2 4 2 2 3 3 2 1 1 1 1 1 1 1 1 0 0 0
 7 7 2 4 4 3 3 3 2 2 3 3 3 4 4 4 2 2 2 4 4 4 4 4 3 3 3 2 2 2 2 2 5 5 5 3 3 1 1 1 1 1 1 0 0 1
 7 7 2 4 4 3 3 3 2 2 3 3 3 4 4 4 2 2 2 4 4 4 4 4 3 3 3 2 2 2 2 2 5 5 5 3 3 1 1 1 1 1 1 0 0 1
 9 9 6 4 4 2 1 1 0 0 0 2 2 3 4 4 3 3 1 2 2 3 6 6 7 7 8 3 3 4 3 3 7 7 9 7 7 2 2 2 1 1 0 1 1 0
 9 9 6 4 4 2 1 1 0 0 0 2 2 3 4 4 3 3 1 2 2 3 6 6 7 7 8 3 3 4 3 3 7 7 9 7 7 2 2 2 1 1 0 1 1 0
 9 9 5 2 2 4 4 4 1 1 1 2 2 3 4 4 6 6 2 2 2 2 12 12 1 1 2 5 5 4 3 3 3 3 2 3 3 3 8 8 7 7 2 1 1 6
 10 10 6 7 7 4 3 3 2 2 1 1 1 5 6 6 5 5 5 1 1 2 4 4 1 1 2 3 3 4 2 2 1 1 1 1 1 1 1 1 1 1 3 2 2 4
 10 10 6 7 7 4 3 3 2 2 1 1 1 5 6 6 5 5 5 1 1 2 4 4 1 1 2 3 3 4 2 2 1 1 1 1 1 1 1 1 1 1 3 2 2 4
 9 9 7 4 4 2 3 3 1 1 0 0 0 1 1 1 3 3 4 0 0 1 2 2 1 1 6 2 2 1 0 0 0 0 0 0 0 0 0 0 0 0 2 2 2 6
 8 8 7 8 8 4 3 3 3 3 2 1 1 2 3 3 6 6 5 2 2 3 0 0 1 1 1 1 1 1 1 1 0 0 0 0 0 0 1 1 0 0 1 2 2 2
 8 8 7 8 8 4 3 3 3 3 2 1 1 2 3 3 6 6 5 2 2 3 0 0 1 1 1 1 1 1 1 1 0 0 0 0 0 0 1 1 0 0 1 2 2 2
 12 12 6 9 9 7 4 4 3 3 3 1 1 6 4 4 5 5 5 3 3 2 0 0 1 1 1 5 5 0 0 0 0 0 0 0 0 1 2 2 2 2 3 2 2 2
 12 12 6 9 9 7 4 4 3 3 3 1 1 6 4 4 5 5 5 3 3 2 0 0 1 1 1 5 5 0 0 0 0 0 0 0 0 1 2 2 2 2 3 2 2 2
 14 14 6 3 3 2 1 1 1 1 1 2 2 3 7 7 7 7 5 4 4 2 0 0 2 2 1 1 1 0 1 1 0 0 1 1 1 1 3 3 3 3 3 3 3 3
 12 12 7 5 5 6 2 2 1 1 1 0 0 1 2 2 2 2 4 6 6 2 1 1 1 1 1 1 1 1 0 0 1 1 2 2 2 2 3 3 4 4 4 2 2 3
 12 12 7 5 5 6 2 2 1 1 1 0 0 1 2 2 2 2 4 6 6 2 1 1 1 1 1 1 1 1 0 0 1 1 2 2 2 2 3 3 4 4 4 2 2 3
 15 15 9 6 6 6 4 4 4 4 3 2 2 3 2 2 3 3 4 6 6 5 10 10 1 1 1 0 0 0 0 0 0 0 0 3 3 2 2 2 5 5 5 6 6 3
 16 16 10 8 8 7 5 5 5 5 5 6 6 4 5 5 4 4 3 5 5 7 3 3 1 1 1 2 2 1 1 1 2 2 2 3 3 3 2 2 6 6 6 3 3 4
 16 16 10 8 8 7 5 5 5 5 5 6 6 4 5 5 4 4 3 5 5 7 3 3 1 1 1 2 2 1 1 1 2 2 2 3 3 3 2 2 6 6 6 3 3 4
 19 19 14 14 14 11 9 9 7 7 8 10 10 4 9 9 5 5 6 5 5 6 6 6 1 1 1 3 3 3 6 6 7 7 7 4 4 4 4 4 4 4 3 5 5 6
 19 19 14 14 14 11 9 9 7 7 8 10 10 4 9 9 5 5 6 5 5 6 6 6 1 1 1 3 3 3 6 6 7 7 7 4 4 4 4 4 4 4 3 5 5 6
 20 20 17 17 17 17 11 11 14 14 6 7 7 7 3 3 3 3 3 5 5 7 10 10 5 5 1 2 2 2 3 3 5 5 6 8 8 7 2 2 2 2 4 5 5 7
 23 23 19 11 11 11 11 11 8 8 6 9 9 7 8 8 5 5 4 6 6 7 7 7 5 5 2 1 1 1 2 2 1 1 3 6 6 8 3 3 4 4 9 13 13 6
 23 23 19 11 11 11 11 11 8 8 6 9 9 7 8 8 5 5 4 6 6 7 7 7 5 5 2 1 1 1 2 2 1 1 3 6 6 8 3 3 4 4 9 13 13 6
 21 21 13 9 9 8 6 6 6 6 8 7 7 6 4 4 6 6 3 5 5 9 7 7 7 7 2 1 1 1 2 2 1 1 1 4 4 5 4 4 4 4 8 7 7 4
 25 25 19 14 14 6 6 6 6 6 7 5 5 5 4 4 3 3 2 4 4 4 7 7 7 7 2 2 2 1 4 4 1 1 2 4 4 5 3 3 2 2 2 1 1 1
 25 25 19 14 14 6 6 6 6 6 7 5 5 5 4 4 3 3 2 4 4 4 7 7 7 7 2 2 2 1 4 4 1 1 2 4 4 5 3 3 2 2 2 1 1 1
 16 16 16 11 11 11 8 8 7 7 5 5 5 4 2 2 4 4 2 3 3 3 2 2 7 7 6 3 3 4 1 1 2 2 3 3 3 4 3 3 2 2 2 2 2 1
 16 16 16 11 11 11 8 8 7 7 5 5 5 4 2 2 4 4 2 3 3 3 2 2 7 7 6 3 3 4 1 1 2 2 3 3 3 4 3 3 2 2 2 2 2 1
 17 17 12 9 9 8 9 9 7 7 8 7 7 6 3 3 2 2 2 6 6 3 2 2 6 6 6 3 3 5 5 5 7 7 5 3 3 3 2 2 2 2 3 3 3 2
 26 26 21 12 12 10 8 8 8 8 10 11 11 9 14 14 5 5 4 9 9 5 2 2 6 6 7 4 4 4 4 4 4 4 5 3 3 4 3 3 2 2 3 3 3 2
 26 26 21 12 12 10 8 8 8 8 10 11 11 9 14 14 5 5 4 9 9 5 2 2 6 6 7 4 4 4 4 4 4 4 5 3 3 4 3 3 2 2 3 3 3 2
 30 30 25 16 16 9 7 7 7 7 8 12 12 19 16 16 15 15 10 8 8 3 3 3 6 6 8 4 4 2 4 4 2 2 3 2 2 3 1 1 4 4 4 1 1 0
 27 27 18 14 14 9 7 7 7 7 7 8 8 11 14 14 8 8 8 3 3 3 4 4 8 8 8 5 5 2 2 2 1 1 1 1 1 2 4 4 3 3 2 0 0 0
 27 27 18 14 14 9 7 7 7 7 7 8 8 11 14 14 8 8 8 3 3 3 4 4 8 8 8 5 5 2 2 2 1 1 1 1 1 2 4 4 3 3 2 0 0 0
 27 27 17 11 11 13 8 8 8 8 8 7 7 6 5 5 5 5 3 1 1 2 3 3 5 5 6 5 5 3 3 3 3 3 2 2 2 3 4 4 8 8 2 1 1 2
 27 27 17 11 11 13 8 8 8 8 8 7 7 6 5 5 5 5 3 1 1 2 3 3 5 5 6 5 5 3 3 3 3 3 2 2 2 3 4 4 8 8 2 1 1 2
 24 24 16 13 13 12 11 11 10 10 10 7 7 7 4 4 2 2 1 0 0 2 4 4 4 4 4 6 6 3 3 3 3 3 1 5 5 2 1 1 4 4 4 0 0 2
 27 27 24 19 19 15 13 13 11 11 9 11 11 7 4 4 2 2 3 0 0 1 3 3 3 3 3 6 6 2 2 2 2 2 1 2 2 1 1 1 2 2 0 0 0 0
 27 27 24 19 19 15 13 13 11 11 9 11 11 7 4 4 2 2 3 0 0 1 3 3 3 3 3 6 6 2 2 2 2 2 1 2 2 1 1 1 2 2 0 0 0 0
 44 44 38 26 26 22 14 14 10 10 11 12 12 8 5 5 3 3 2 3 3 1 3 3 2 2 3 4 4 2 3 3 8 8 4 1 1 1 1 1 1 1 1 1 1 0
 33 33 29 31 31 21 15 15 13 13 11 14 14 13 8 8 4 4 3 1 1 1 2 2 2 2 2 3 3 5 2 2 6 6 4 6 6 6 1 1 1 1 2 1 1 0
 33 33 29 31 31 21 15 15 13 13 11 14 14 13 8 8 4 4 3 1 1 1 2 2 2 2 2 3 3 5 2 2 6 6 4 6 6 6 1 1 1 1 2 1 1 0
 24 24 28 27 27 21 21 21 16 16 17 21 21 23 12 12 9 9 5 4 4 3 1 1 3 3 2 3 3 5 5 5 1 1 1 2 2 6 7 7 0 0 2 1 1 0
 24 24 28 27 27 21 21 21 16 16 17 21 21 23 12 12 9 9 5 4 4 3 1 1 3 3 2 3 3 5 5 5 1 1 1 2 2 6 7 7 0 0 2 1 1 0
 18 18 22 22 22 25 24 24 25 25 20 27 27 20 15 15 11 11 12 12 12 7 7 7 5 5 2 2 2 4 8 8 1 1 1 3 3 5 7 7 1 1 1 1 1 0
 20 20 17 20 20 24 29 29 24 24 24 23 23 18 12 12 10 10 10 15 15 17 16 16 12 12 6 5 5 4 6 6 5 5 1 0 0 8 5 5 4 4 0 1 1 0
 20 20 17 20 20 24 29 29 24 24 24 23 23 18 12 12 10 10 10 15 15 17 16 16 12 12 6 5 5 4 6 6 5 5 1 0 0 8 5 5 4 4 0 1 1 0
 23 23 22 17 17 15 22 22 23 23 22 21 21 19 12 12 11 11 9 13 13 15 19 19 17 17 6 3 3 2 6 6 5 5 2 0 0 1 3 3 5 5 0 5 5 0
 23 23 22 16 16 14 14 14 19 19 19 18 18 22 12 12 10 10 10 12 12 20 20 20 21 21 9 3 3 4 3 3 3 3 5 2 2 0 0 0 2 2 1 1 1 1
 23 23 22 16 16 14 14 14 19 19 19 18 18 22 12 12 10 10 10 12 12 20 20 20 21 21 9 3 3 4 3 3 3 3 5 2 2 0 0 0 2 2 1 1 1 1
 25 25 25 18 18 14 13 13 14 14 14 17 17 15 11 11 12 12 8 13 13 17 18 18 16 16 10 5 5 6 5 5 3 3 4 4 4 3 0 0 1 1 2 3 3 1
 25 25 25 18 18 14 13 13 14 14 14 17 17 15 11 11 12 12 8 13 13 17 18 18 16 16 10 5 5 6 5 5 3 3 4 4 4 3 0 0 1 1 2 3 3 1
 27 27 39 36 36 19 15 15 13 13 12 15 15 12 10 10 12 12 10 9 9 12 16 16 13 13 12 5 5 2 4 4 2 2 2 4 4 3 2 2 1 1 1 0 0 0
 28 28 37 43 43 31 17 17 14 14 19 14 14 15 12 12 10 10 12 11 11 10 11 11 11 11 10 7 7 5 1 1 2 2 2 3 3 4 5 5 3 3 2 0 0 0
 28 28 37 43 43 31 17 17 14 14 19 14 14 15 12 12 10 10 12 11 11 10 11 11 11 11 10 7 7 5 1 1 2 2 2 3 3 4 5 5 3 3 2 0 0 0
 24 24 33 45 45 38 20 20 16 16 16 24 24 14 13 13 15 15 9 11 11 11 14 14 14 14 10 8 8 5 4 4 3 3 2 4 4 4 6 6 4 4 5 1 1 1
 16 16 24 36 36 34 25 25 19 19 18 18 18 15 14 14 16 16 9 10 10 6 11 11 7 7 5 8 8 7 3 3 2 2 3 5 5 4 4 4 2 2 4 2 2 1
