assets/RAT_results_old/precipitation/2016-10-12_IMERG.asc
ncols        46
nrows        77
xllcorner    74.800261325624
yllcorner    8.058333333333
cellsize     0.062500000000
NODATA_value -9999
 11 11 11 7 7 9 10 10 12 12 17 15 15 13 12 12 4 4 3 10 10 8 12 12 9 9 31 12 12 9 0 0 1 1 5 4 4 5 4 4 7 7 6 5 5 4
 11 11 8 8 8 8 11 11 8 8 13 12 12 7 4 4 2 2 5 7 7 5 4 4 11 11 13 11 11 7 6 6 5 5 9 6 6 6 11 11 13 13 10 3 3 5
 11 11 8 8 8 8 11 11 8 8 13 12 12 7 4 4 2 2 5 7 7 5 4 4 11 11 13 11 11 7 6 6 5 5 9 6 6 6 11 11 13 13 10 3 3 5
 11 11 6 8 8 3 10 10 6 6 8 4 4 3 5 5 5 5 6 6 6 7 7 7 13 13 18 13 13 11 11 11 15 15 14 17 17 31 26 26 21 21 12 7 7 5
 11 11 6 5 5 16 5 5 5 5 8 16 16 9 6 6 6 6 6 7 7 9 5 5 8 8 8 11 11 14 50 50 29 29 30 57 57 38 39 39 34 34 10 17 17 9
 11 11 6 5 5 16 5 5 5 5 8 16 16 9 6 6 6 6 6 7 7 9 5 5 8 8 8 11 11 14 50 50 29 29 30 57 57 38 39 39 34 34 10 17 17 9
 10 10 3 5 5 2 5 5 5 5 6 7 7 10 29 29 11 11 5 13 13 3 4 4 3 3 4 19 19 22 22 22 38 38 46 67 67 46 49 49 38 38 26 18 18 7
 10 10 3 5 5 2 5 5 5 5 6 7 7 10 29 29 11 11 5 13 13 3 4 4 3 3 4 19 19 22 22 22 38 38 46 67 67 46 49 49 38 38 26 18 18 7
 14 14 3 5 5 15 8 8 9 9 12 5 5 9 6 6 8 8 1 5 5 4 9 9 19 19 13 23 23 24 23 23 34 34 39 58 58 55 59 59 50 50 14 12 12 19
 20 20 5 5 5 11 9 9 18 18 5 5 5 4 5 5 7 7 7 5 5 5 13 13 12 12 25 29 29 29 29 29 23 23 40 38 38 45 55 55 39 39 18 18 18 6
 20 20 5 5 5 11 9 9 18 18 5 5 5 4 5 5 7 7 7 5 5 5 13 13 12 12 25 29 29 29 29 29 23 23 40 38 38 45 55 55 39 39 18 18 18 6
 14 14 13 8 8 12 11 11 7 7 5 7 7 5 12 12 7 7 5 1 1 13 12 12 24 24 18 20 20 28 20 20 19 19 28 24 24 29 32 32 25 25 20 16 16 14
 9 9 11 9 9 9 10 10 4 4 3 6 6 2 1 1 15 15 4 6 6 5 9 9 16 16 14 13 13 20 22 22 32 32 35 45 45 24 29 29 24 24 32 16 16 10
 9 9 11 9 9 9 10 10 4 4 3 6 6 2 1 1 15 15 4 6 6 5 9 9 16 16 14 13 13 20 22 22 32 32 35 45 45 24 29 29 24 24 32 16 16 10
 12 12 11 9 9 7 7 7 4 4 2 4 4 4 4 4 5 5 16 4 4 10 9 9 6 6 10 8 8 11 20 20 14 14 32 31 31 33 35 35 41 41 45 16 16 13
 12 12 11 9 9 7 7 7 4 4 2 4 4 4 4 4 5 5 16 4 4 10 9 9 6 6 10 8 8 11 20 20 14 14 32 31 31 33 35 35 41 41 45 16 16 13
 18 18 17 9 9 7 4 4 6 6 4 7 7 2 11 11 6 6 9 5 5 4 2 2 7 7 3 3 3 7 12 12 17 17 25 28 28 32 44 44 52 52 45 15 15 13
 30 30 31 18 18 15 11 11 2 2 5 2 2 3 14 14 5 5 8 5 5 5 2 2 21 21 4 1 1 3 8 8 14 14 14 40 40 36 31 31 45 45 33 14 14 10
 30 30 31 18 18 15 11 11 2 2 5 2 2 3 14 14 5 5 8 5 5 5 2 2 21 21 4 1 1 3 8 8 14 14 14 40 40 36 31 31 45 45 33 14 14 10
 34 34 38 27 27 15 7 7 1 1 3 5 5 5 2 2 3 3 15 9 9 8 5 5 9 9 4 1 1 0 5 5 9 9 10 21 21 19 21 21 32 32 16 16 16 12
 26 26 30 27 27 13 10 10 7 7 1 7 7 5 5 5 3 3 4 7 7 11 4 4 2 2 10 4 4 1 1 1 7 7 4 9 9 11 7 7 14 14 16 13 13 12
 26 26 30 27 27 13 10 10 7 7 1 7 7 5 5 5 3 3 4 7 7 11 4 4 2 2 10 4 4 1 1 1 7 7 4 9 9 11 7 7 14 14 16 13 13 12
 38 38 25 15 15 8 4 4 8 8 7 3 3 5 5 5 2 2 3 2 2 2 13 13 7 7 3 2 2 8 8 8 8 8 7 9 9 2 3 3 3 3 9 2 2 6
 38 38 25 15 15 8 4 4 8 8 7 3 3 5 5 5 2 2 3 2 2 2 13 13 7 7 3 2 2 8 8 8 8 8 7 9 9 2 3 3 3 3 9 2 2 6
 23 23 25 16 16 6 4 4 4 4 5 4 4 2 3 3 4 4 2 1 1 8 7 7 10 10 3 11 11 16 14 14 13 13 2 1 1 1 2 2 3 3 7 14 14 18
 26 26 22 20 20 3 6 6 3 3 4 2 2 2 3 3 3 3 1 1 1 5 2 2 3 3 3 7 7 7 9 9 4 4 5 2 2 3 3 3 3 3 4 4 4 5
 26 26 22 20 20 3 6 6 3 3 4 2 2 2 3 3 3 3 1 1 1 5 2 2 3 3 3 7 7 7 9 9 4 4 5 2 2 3 3 3 3 3 4 4 4 5
 14 14 16 17 17 15 4 4 4 4 4 2 2 2 2 2 3 3 2 1 1 3 3 3 2 2 3 6 6 2 3 3 3 3 2 3 3 3 3 3 3 3 5 5 5 5
 12 12 15 15 15 16 17 17 7 7 3 4 4 1 1 1 3 3 4 2 2 3 2 2 5 5 3 2 2 2 2 2 3 3 2 2 2 2 3 3 2 2 8 6 6 6
 12 12 15 15 15 16 17 17 7 7 3 4 4 1 1 1 3 3 4 2 2 3 2 2 5 5 3 2 2 2 2 2 3 3 2 2 2 2 3 3 2 2 8 6 6 6
 12 12 14 15 15 16 7 7 4 4 4 5 5 4 2 2 4 4 3 2 2 2 1 1 4 4 7 1 1 2 2 2 2 2 2 2 2 2 3 3 8 8 3 2 2 3
 12 12 14 15 15 16 7 7 4 4 4 5 5 4 2 2 4 4 3 2 2 2 1 1 4 4 7 1 1 2 2 2 2 2 2 2 2 2 3 3 8 8 3 2 2 3
 11 11 11 14 14 16 11 11 6 6 6 8 8 7 3 3 6 6 6 4 4 1 4 4 2 2 1 1 1 1 1 1 0 0 2 2 2 3 6 6 9 9 3 8 8 5
 10 10 11 13 13 15 11 11 12 12 9 7 7 7 7 7 8 8 8 5 5 3 2 2 0 0 1 1 1 2 0 0 0 0 4 2 2 4 9 9 9 9 9 8 8 5
 10 10 11 13 13 15 11 11 12 12 9 7 7 7 7 7 8 8 8 5 5 3 2 2 0 0 1 1 1 2 0 0 0 0 4 2 2 4 9 9 9 9 9 8 8 5
 8 8 8 8 8 9 9 9 10 10 8 8 8 11 11 11 7 7 8 22 22 11 2 2 1 1 1 2 2 2 0 0 1 1 1 2 2 3 1 1 2 2 6 7 7 5
 8 8 7 6 6 4 6 6 6 6 6 7 7 9 8 8 11 11 9 11 11 5 3 3 1 1 1 4 4 2 1 1 0 0 2 0 0 1 0 0 1 1 1 3 3 4
 8 8 7 6 6 4 6 6 6 6 6 7 7 9 8 8 11 11 9 11 11 5 3 3 1 1 1 4 4 2 1 1 0 0 2 0 0 1 0 0 1 1 1 3 3 4
 8 8 4 5 5 2 2 2 3 3 4 9 9 8 8 8 10 10 22 15 15 6 5 5 1 1 4 1 1 1 1 1 0 0 0 0 0 1 0 0 0 0 0 2 2 4
 8 8 4 5 5 2 2 2 3 3 4 9 9 8 8 8 10 10 22 15 15 6 5 5 1 1 4 1 1 1 1 1 0 0 0 0 0 1 0 0 0 0 0 2 2 4
 5 5 2 4 4 1 3 3 3 3 4 7 7 16 11 11 15 15 41 28 28 19 7 7 4 4 3 1 1 1 1 1 1 1 1 1 1 1 0 0 0 0 0 0 0 0
 3 3 2 4 4 2 3 3 4 4 5 5 5 10 10 10 23 23 50 40 40 15 9 9 8 8 6 1 1 1 1 1 2 2 2 5 5 3 1 1 0 0 3 2 2 0
 3 3 2 4 4 2 3 3 4 4 5 5 5 10 10 10 23 23 50 40 40 15 9 9 8 8 6 1 1 1 1 1 2 2 2 5 5 3 1 1 0 0 3 2 2 0
 1 1 1 2 2 3 2 2 3 3 3 3 3 4 12 12 13 13 31 36 36 10 10 10 17 17 9 1 1 1 1 1 1 1 3 5 5 6 3 3 4 4 1 0 0 0
 1 1 1 2 2 2 2 2 3 3 3 2 2 4 12 12 6 6 8 11 11 10 9 9 14 14 3 1 1 3 4 4 1 1 4 4 4 4 1 1 1 1 0 0 0 0
 1 1 1 2 2 2 2 2 3 3 3 2 2 4 12 12 6 6 8 11 11 10 9 9 14 14 3 1 1 3 4 4 1 1 4 4 4 4 1 1 1 1 0 0 0 0
 1 1 2 2 2 2 3 3 3 3 3 2 2 2 5 5 4 4 5 4 4 2 5 5 11 11 5 1 1 1 4 4 1 1 3 2 2 2 0 0 0 0 0 0 0 0
 1 1 2 2 2 2 3 3 3 3 3 2 2 2 5 5 4 4 5 4 4 2 5 5 11 11 5 1 1 1 4 4 1 1 3 2 2 2 0 0 0 0 0 0 0 0
 1 1 2 3 3 2 3 3 3 3 2 1 1 2 3 3 2 2 2 1 1 2 1 1 5 5 5 4 4 1 1 1 1 1 3 0 0 0 0 0 0 0 0 0 0 0
 1 1 2 3 3 2 2 2 2 2 2 1 1 2 1 1 1 1 1 0 0 1 0 0 6 6 3 1 1 2 0 0 0 0 0 1 1 0 0 0 0 0 0 0 0 0
 1 1 2 3 3 2 2 2 2 2 2 1 1 2 1 1 1 1 1 0 0 1 0 0 6 6 3 1 1 2 0 0 0 0 0 1 1 0 0 0 0 0 0 0 0 0
 1 1 2 2 2 1 1 1 1 1 1 2 2 0 2 2 0 0 0 0 0 0 0 0 2 2 3 1 1 2 1 1 0 0 0 1 1 1 0 0 0 0 0 0 0 0
 1 1 2 3 3 2 1 1 0 0 0 2 2 0 0 0 0 0 0 0 0 0 0 0 1 1 3 1 1 0 0 0 0 0 0 0 0 2 0 0 0 0 0 0 0 0
 1 1 2 3 3 2 1 1 0 0 0 2 2 0 0 0 0 0 0 0 0 0 0 0 1 1 3 1 1 0 0 0 0 0 0 0 0 2 0 0 0 0 0 0 0 0
 2 2 1 1 1 2 1 1 0 0 1 0 0 1 0 0 0 0 0 0 0 0 0 0 1 1 3 2 2 1 0 0 1 1 2 0 0 0 0 0 0 0 0 0 0 0
 2 2 1 1 1 2 1 1 0 0 1 0 0 1 0 0 0 0 0 0 0 0 0 0 1 1 3 2 2 1 0 0 1 1 2 0 0 0 0 0 0 0 0 0 0 0
 1 1 1 1 1 2 1 1 1 1 0 0 0 0 1 1 1 1 0 0 0 0 0 0 0 0 4 2 2 1 0 0 0 0 2 0 0 1 1 1 1 1 0 0 0 0
 0 0 1 2 2 2 1 1 1 1 1 0 0 0 1 1 0 0 0 0 0 0 0 0 0 0 5 1 1 0 0 0 0 0 0 0 0 0 1 1 0 0 0 0 0 0
 0 0 1 2 2 2 1 1 1 1 1 0 0 0 1 1 0 0 0 0 0 0 0 0 0 0 5 1 1 0 0 0 0 0 0 0 0 0 1 1 0 0 0 0 0 0
 1 1 1 1 1 1 1 1 1 1 0 0 0 0 0 0 0 0 0 0 0 0 1 1 1 1 1 2 2 1 0 0 0 0 0 0 0 2 0 0 0 0 0 0 0 0
 0 0 1 1 1 1 2 2 0 0 0 0 0 0 1 1 0 0 0 0 0 0 0 0 0 0 2 1 1 1 1 1 0 0 0 0 0 0 0 0 0 0 0 0 0 0
 0 0 1 1 1 1 2 2 0 0 0 0 0 0 1 1 0 0 0 0 0 0 0 0 0 0 2 1 1 1 1 1 0 0 0 0 0 0 0 0 0 0 0 0 0 0
 0 0 2 1 1 1 1 1 0 0 0 0 0 0 0 0 0 0 0 0 0 0 0 0 0 0 1 0 0 1 0 0 0 0 0 0 0 0 0 0 0 0 0 0 0 0
 0 0 2 1 1 1 1 1 0 0 0 0 0 0 0 0 0 0 0 0 0 0 0 0 0 0 1 0 0 1 0 0 0 0 0 0 0 0 0 0 0 0 0 0 0 0
 0 0 0 1 1 1 2 2 0 0 0 0 0 2 0 0 0 0 2 0 0 0 0 0 0 0 0 0 0 1 0 0 0 0 0 0 0 0 0 0 0 0 0 0 0 0
 0 0 0 1 1 1 1 1 0 0 0 0 0 0 0 0 0 0 0 0 0 0 0 0 0 0 0 0 0 1 1 1 0 0 0 0 0 0 0 0 0 0 0 0 0 0
 0 0 0 1 1 1 1 1 0 0 0 0 0 0 0 0 0 0 0 0 0 0 0 0 0 0 0 0 0 1 1 1 0 0 0 0 0 0 0 0 0 0 0 0 0 0
 0 0 0 0 0 1 1 1 0 0 0 0 0 0 0 0 0 0 1 0 0 0 0 0 0 0 0 0 0 0 1 1 0 0 0 0 0 0 1 1 1 1 0 0 0 0
 0 0 0 0 0 1 1 1 0 0 0 0 0 0 0 0 0 0 0 0 0 0 0 0 0 0 0 0 0 0 0 0 0 0 0 0 0 0 0 0 0 0 0 0 0 0
 0 0 0 0 0 1 1 1 0 0 0 0 0 0 0 0 0 0 0 0 0 0 0 0 0 0 0 0 0 0 0 0 0 0 0 0 0 0 0 0 0 0 0 0 0 0
 0 0 0 0 0 5 0 0 1 1 0 0 0 0 0 0 0 0 0 0 0 0 0 0 0 0 0 0 0 0 0 0 0 0 1 0 0 0 0 0 0 0 0 0 0 0
 0 0 0 0 0 5 0 0 1 1 0 0 0 0 0 0 0 0 0 0 0 0 0 0 0 0 0 0 0 0 0 0 0 0 1 0 0 0 0 0 0 0 0 0 0 0
 0 0 0 0 0 0 0 0 0 0 0 0 0 0 0 0 0 0 0 0 0 0 0 0 0 0 0 0 0 0 0 0 0 0 0 0 0 0 0 0 0 0 0 0 0 0
 0 0 0 0 0 0 0 0 0 0 0 0 0 0 0 0 0 0 0 0 0 0 0 0 0 0 1 1 1 0 0 0 0 0 0 0 0 0 0 0 0 0 0 0 0 0
 0 0 0 0 0 0 0 0 0 0 0 0 0 0 0 0 0 0 0 0 0 0 0 0 0 0 1 1 1 0 0 0 0 0 0 0 0 0 0 0 0 0 0 0 0 0
 0 0 0 0 0 0 0 0 0 0 0 0 0 0 0 0 0 0 0 0 0 0 0 0 0 0 0 1 1 0 0 0 0 0 0 0 0 0 1 1 0 0 0 0 0 0
 0 0 0 0 0 0 0 0 0 0 0 0 0 0 0 0 0 0 0 0 0 0 0 0 0 0 0 0 0 0 0 0 0 0 0 0 0 0 0 0 0 0 0 0 0 0
