assets/RAT_results_old/precipitation/2016-10-30_IMERG.asc
ncols        46
nrows        77
xllcorner    74.800261325624
yllcorner    8.058333333333
cellsize     0.062500000000
NODATA_value -9999
 0 0 0 0 0 1 1 1 0 0 0 0 0 0 3 3 4 4 4 0 0 0 0 0 0 0 1 0 0 0 0 0 0 0 0 0 0 1 0 0 0 0 0 0 0 0
 0 0 1 1 1 2 1 1 2 2 1 1 1 0 2 2 3 3 0 1 1 0 1 1 0 0 1 0 0 0 0 0 0 0 0 0 0 0 0 0 0 0 0 0 0 0
 0 0 1 1 1 2 1 1 2 2 1 1 1 0 2 2 3 3 0 1 1 0 1 1 0 0 1 0 0 0 0 0 0 0 0 0 0 0 0 0 0 0 0 0 0 0
 0 0 0 1 1 2 2 2 2 2 1 0 0 0 2 2 0 0 1 0 0 0 1 1 1 1 0 0 0 1 0 0 0 0 0 0 0 0 0 0 0 0 0 0 0 0
 0 0 1 2 2 3 3 3 2 2 1 1 1 0 0 0 0 0 0 0 0 0 1 1 1 1 0 0 0 0 0 0 0 0 0 0 0 0 0 0 0 0 0 1 1 0
 0 0 1 2 2 3 3 3 2 2 1 1 1 0 0 0 0 0 0 0 0 0 1 1 1 1 0 0 0 0 0 0 0 0 0 0 0 0 0 0 0 0 0 1 1 0
 0 0 0 0 0 1 1 1 1 1 0 0 0 0 0 0 0 0 0 0 0 0 1 1 1 1 1 1 1 1 0 0 0 0 0 0 0 0 0 0 0 0 0 1 1 0
 0 0 0 0 0 1 1 1 1 1 0 0 0 0 0 0 0 0 0 0 0 0 1 1 1 1 1 1 1 1 0 0 0 0 0 0 0 0 0 0 0 0 0 1 1 0
 0 0 0 0 0 1 0 0 0 0 0 0 0 0 0 0 0 0 0 1 1 1 2 2 2 2 3 3 3 1 1 1 0 0 0 0 0 0 1 1 0 0 0 0 0 0
 0 0 1 2 2 2 1 1 1 1 1 1 1 0 0 0 0 0 0 0 0 1 3 3 4 4 4 3 3 2 1 1 1 1 1 1 1 1 1 1 2 2 2 0 0 0
 0 0 1 2 2 2 1 1 1 1 1 1 1 0 0 0 0 0 0 0 0 1 3 3 4 4 4 3 3 2 1 1 1 1 1 1 1 1 1 1 2 2 2 0 0 0
 1 1 1 1 1 1 1 1 2 2 2 2 2 2 2 2 2 2 1 1 1 2 4 4 6 6 5 4 4 2 1 1 2 2 4 4 4 4 2 2 1 1 2 0 0 0
 1 1 1 1 1 1 2 2 3 3 4 4 4 4 5 5 7 7 5 4 4 4 7 7 6 6 7 6 6 3 2 2 4 4 6 7 7 6 9 9 7 7 1 0 0 0
 1 1 1 1 1 1 2 2 3 3 4 4 4 4 5 5 7 7 5 4 4 4 7 7 6 6 7 6 6 3 2 2 4 4 6 7 7 6 9 9 7 7 1 0 0 0
 0 0 0 0 0 1 2 2 3 3 6 7 7 8 11 11 10 10 8 7 7 6 7 7 9 9 8 7 7 4 6 6 5 5 8 9 9 13 10 10 18 18 1 0 0 1
 0 0 0 0 0 1 2 2 3 3 6 7 7 8 11 11 10 10 8 7 7 6 7 7 9 9 8 7 7 4 6 6 5 5 8 9 9 13 10 10 18 18 1 0 0 1
 0 0 0 0 0 0 0 0 2 2 5 9 9 11 11 11 18 18 18 10 10 9 9 9 7 7 8 17 17 7 8 8 7 7 10 13 13 41 17 17 13 13 5 0 0 1
 0 0 0 1 1 1 1 1 1 1 3 7 7 11 12 12 10 10 7 5 5 10 12 12 10 10 10 9 9 8 8 8 8 8 11 12 12 21 23 23 14 14 6 15 15 28
 0 0 0 1 1 1 1 1 1 1 3 7 7 11 12 12 10 10 7 5 5 10 12 12 10 10 10 9 9 8 8 8 8 8 11 12 12 21 23 23 14 14 6 15 15 28
 0 0 1 3 3 3 3 3 3 3 3 5 5 10 11 11 9 9 6 5 5 7 9 9 8 8 8 11 11 10 10 10 11 11 12 14 14 13 20 20 15 15 4 15 15 28
 1 1 2 5 5 5 4 4 5 5 5 5 5 5 5 5 7 7 16 17 17 15 30 30 9 9 12 10 10 9 13 13 15 15 12 19 19 21 19 19 20 20 14 65 65 22
 1 1 2 5 5 5 4 4 5 5 5 5 5 5 5 5 7 7 16 17 17 15 30 30 9 9 12 10 10 9 13 13 15 15 12 19 19 21 19 19 20 20 14 65 65 22
 1 1 3 3 3 4 4 4 4 4 3 6 6 5 7 7 10 10 7 7 7 12 23 23 28 28 9 17 17 13 15 15 14 14 28 30 30 18 18 18 22 22 17 68 68 1
 1 1 3 3 3 4 4 4 4 4 3 6 6 5 7 7 10 10 7 7 7 12 23 23 28 28 9 17 17 13 15 15 14 14 28 30 30 18 18 18 22 22 17 68 68 1
 1 1 1 1 1 2 3 3 4 4 3 3 3 3 5 5 6 6 8 9 9 11 16 16 23 23 14 19 19 18 19 19 26 26 45 29 29 18 16 16 16 16 15 9 9 3
 4 4 1 3 3 0 3 3 1 1 4 1 1 1 2 2 6 6 8 4 4 16 13 13 22 22 26 26 26 19 31 31 31 31 30 30 30 20 17 17 19 19 17 11 11 6
 4 4 1 3 3 0 3 3 1 1 4 1 1 1 2 2 6 6 8 4 4 16 13 13 22 22 26 26 26 19 31 31 31 31 30 30 30 20 17 17 19 19 17 11 11 6
 13 13 1 3 3 0 1 1 5 5 4 7 7 4 5 5 14 14 13 13 13 12 13 13 21 21 26 30 30 30 41 41 20 20 18 24 24 20 20 20 23 23 23 15 15 8
 0 0 1 1 1 1 2 2 3 3 6 10 10 7 9 9 27 27 35 20 20 14 21 21 28 28 30 29 29 30 32 32 25 25 29 24 24 28 30 30 28 28 31 22 22 8
 0 0 1 1 1 1 2 2 3 3 6 10 10 7 9 9 27 27 35 20 20 14 21 21 28 28 30 29 29 30 32 32 25 25 29 24 24 28 30 30 28 28 31 22 22 8
 0 0 0 0 0 1 4 4 5 5 5 7 7 5 10 10 21 21 27 37 37 29 24 24 36 36 35 42 42 39 28 28 39 39 33 39 39 37 54 54 31 31 29 18 18 8
 0 0 0 0 0 1 4 4 5 5 5 7 7 5 10 10 21 21 27 37 37 29 24 24 36 36 35 42 42 39 28 28 39 39 33 39 39 37 54 54 31 31 29 18 18 8
 0 0 1 1 1 2 2 2 5 5 9 12 12 10 18 18 17 17 24 38 38 24 37 37 40 40 40 34 34 47 33 33 31 31 55 36 36 41 58 58 30 30 27 16 16 10
 1 1 0 0 0 0 8 8 3 3 6 18 18 18 17 17 27 27 36 22 22 30 31 31 36 36 31 42 42 47 48 48 52 52 45 51 51 48 37 37 39 39 25 18 18 15
 1 1 0 0 0 0 8 8 3 3 6 18 18 18 17 17 27 27 36 22 22 30 31 31 36 36 31 42 42 47 48 48 52 52 45 51 51 48 37 37 39 39 25 18 18 15
 0 0 3 3 3 1 1 1 3 3 5 18 18 16 20 20 29 29 20 20 20 30 38 38 32 32 31 38 38 44 40 40 42 42 36 134 134 42 71 71 27 27 50 21 21 21
 0 0 0 0 0 0 1 1 4 4 14 13 13 74 47 47 21 21 18 21 21 29 28 28 40 40 20 33 33 29 77 77 96 96 124 133 133 39 44 44 42 42 31 25 25 30
 0 0 0 0 0 0 1 1 4 4 14 13 13 74 47 47 21 21 18 21 21 29 28 28 40 40 20 33 33 29 77 77 96 96 124 133 133 39 44 44 42 42 31 25 25 30
 8 8 0 0 0 1 1 1 3 3 8 12 12 12 30 30 24 24 23 24 24 25 23 23 29 29 16 27 27 25 72 72 23 23 75 95 95 23 39 39 35 35 27 25 25 40
 8 8 0 0 0 1 1 1 3 3 8 12 12 12 30 30 24 24 23 24 24 25 23 23 29 29 16 27 27 25 72 72 23 23 75 95 95 23 39 39 35 35 27 25 25 40
 0 0 0 1 1 1 1 1 21 21 7 8 8 21 27 27 15 15 19 33 33 28 24 24 24 24 17 14 14 21 28 28 25 25 51 49 49 33 20 20 12 12 13 34 34 72
 0 0 0 0 0 3 4 4 5 5 9 8 8 29 11 11 14 14 16 20 20 29 27 27 23 23 21 38 38 22 10 10 8 8 13 23 23 28 27 27 28 28 22 16 16 34
 0 0 0 0 0 3 4 4 5 5 9 8 8 29 11 11 14 14 16 20 20 29 27 27 23 23 21 38 38 22 10 10 8 8 13 23 23 28 27 27 28 28 22 16 16 34
 0 0 0 0 0 1 2 2 9 9 7 7 7 10 12 12 13 13 15 25 25 20 20 20 29 29 32 24 24 22 21 21 12 12 17 12 12 14 15 15 20 20 12 17 17 28
 0 0 0 1 1 1 2 2 6 6 11 9 9 11 16 16 12 12 12 27 27 24 26 26 10 10 15 12 12 14 25 25 22 22 15 13 13 16 17 17 16 16 11 9 9 22
 0 0 0 1 1 1 2 2 6 6 11 9 9 11 16 16 12 12 12 27 27 24 26 26 10 10 15 12 12 14 25 25 22 22 15 13 13 16 17 17 16 16 11 9 9 22
 0 0 0 0 0 1 2 2 7 7 10 10 10 13 15 15 13 13 10 29 29 14 14 14 5 5 4 10 10 8 21 21 33 33 24 14 14 16 18 18 12 12 6 5 5 30
 0 0 0 0 0 1 2 2 7 7 10 10 10 13 15 15 13 13 10 29 29 14 14 14 5 5 4 10 10 8 21 21 33 33 24 14 14 16 18 18 12 12 6 5 5 30
 0 0 0 2 2 0 1 1 17 17 5 4 4 12 10 10 9 9 5 5 5 13 14 14 17 17 7 7 7 13 22 22 23 23 32 7 7 18 53 53 17 17 5 4 4 5
 0 0 0 0 0 0 1 1 2 2 2 5 5 19 4 4 4 4 2 2 2 17 15 15 20 20 10 6 6 10 37 37 32 32 10 16 16 18 23 23 17 17 7 5 5 6
 0 0 0 0 0 0 1 1 2 2 2 5 5 19 4 4 4 4 2 2 2 17 15 15 20 20 10 6 6 10 37 37 32 32 10 16 16 18 23 23 17 17 7 5 5 6
 0 0 0 0 0 0 1 1 5 5 5 3 3 11 3 3 5 5 1 1 1 16 28 28 18 18 10 9 9 10 37 37 37 37 19 17 17 5 6 6 5 5 7 2 2 0
 0 0 0 0 0 0 0 0 1 1 2 9 9 2 2 2 5 5 1 4 4 24 26 26 17 17 11 17 17 17 17 17 32 32 22 12 12 4 3 3 3 3 5 5 5 3
 0 0 0 0 0 0 0 0 1 1 2 9 9 2 2 2 5 5 1 4 4 24 26 26 17 17 11 17 17 17 17 17 32 32 22 12 12 4 3 3 3 3 5 5 5 3
 0 0 0 0 0 0 1 1 1 1 3 5 5 3 1 1 3 3 1 4 4 7 21 21 15 15 16 12 12 5 15 15 18 18 10 10 10 5 5 5 6 6 6 4 4 0
 0 0 0 0 0 0 1 1 1 1 3 5 5 3 1 1 3 3 1 4 4 7 21 21 15 15 16 12 12 5 15 15 18 18 10 10 10 5 5 5 6 6 6 4 4 0
 0 0 0 0 0 0 9 9 2 2 5 11 11 14 6 6 1 1 1 7 7 7 20 20 14 14 19 16 16 10 10 10 13 13 66 13 13 6 6 6 6 6 5 5 5 1
 0 0 0 0 0 1 1 1 2 2 4 20 20 13 15 15 5 5 2 3 3 23 18 18 20 20 19 18 18 11 15 15 25 25 53 15 15 15 39 39 9 9 2 6 6 2
 0 0 0 0 0 1 1 1 2 2 4 20 20 13 15 15 5 5 2 3 3 23 18 18 20 20 19 18 18 11 15 15 25 25 53 15 15 15 39 39 9 9 2 6 6 2
 0 0 0 0 0 0 0 0 6 6 9 7 7 6 9 9 15 15 8 6 6 22 19 19 21 21 13 11 11 18 16 16 16 16 20 19 19 17 14 14 8 8 5 1 1 1
 0 0 0 0 0 0 0 0 0 0 1 3 3 3 21 21 90 90 28 23 23 28 21 21 23 23 15 10 10 10 13 13 15 15 27 23 23 55 16 16 12 12 14 2 2 2
 0 0 0 0 0 0 0 0 0 0 1 3 3 3 21 21 90 90 28 23 23 28 21 21 23 23 15 10 10 10 13 13 15 15 27 23 23 55 16 16 12 12 14 2 2 2
 0 0 0 0 0 0 1 1 0 0 1 7 7 1 1 1 43 43 22 31 31 1 3 3 5 5 6 6 6 9 13 13 19 19 30 14 14 26 19 19 15 15 12 5 5 2
 0 0 0 0 0 0 1 1 0 0 1 7 7 1 1 1 43 43 22 31 31 1 3 3 5 5 6 6 6 9 13 13 19 19 30 14 14 26 19 19 15 15 12 5 5 2
 0 0 0 0 0 0 1 1 0 0 2 0 0 0 1 1 0 0 12 6 6 2 0 0 3 3 4 2 2 8 11 11 19 19 15 15 15 25 24 24 30 30 24 7 7 2
 0 0 0 0 0 0 0 0 0 0 1 0 0 7 7 7 15 15 41 21 21 5 42 42 3 3 3 1 1 8 10 10 17 17 25 19 19 28 27 27 29 29 23 4 4 4
 0 0 0 0 0 0 0 0 0 0 1 0 0 7 7 7 15 15 41 21 21 5 42 42 3 3 3 1 1 8 10 10 17 17 25 19 19 28 27 27 29 29 23 4 4 4
 0 0 0 0 0 0 3 3 0 0 1 1 1 3 1 1 11 11 9 20 20 8 9 9 4 4 4 3 3 4 13 13 16 16 18 22 22 39 47 47 20 20 21 8 8 4
 0 0 0 0 0 1 1 1 2 2 3 1 1 2 3 3 1 1 5 6 6 8 17 17 10 10 1 6 6 4 2 2 10 10 15 18 18 20 51 51 26 26 21 14 14 5
 0 0 0 0 0 1 1 1 2 2 3 1 1 2 3 3 1 1 5 6 6 8 17 17 10 10 1 6 6 4 2 2 10 10 15 18 18 20 51 51 26 26 21 14 14 5
 1 1 0 0 0 0 0 0 0 0 0 1 1 1 1 1 2 2 11 90 90 13 7 7 4 4 0 0 0 0 1 1 4 4 8 12 12 14 15 15 28 28 24 39 39 7
 1 1 0 0 0 0 0 0 0 0 0 1 1 1 1 1 2 2 11 90 90 13 7 7 4 4 0 0 0 0 1 1 4 4 8 12 12 14 15 15 28 28 24 39 39 7
 0 0 0 0 0 0 0 0 0 0 0 0 0 0 0 0 1 1 0 12 12 13 13 13 5 5 1 0 0 0 1 1 0 0 4 7 7 5 4 4 8 8 13 8 8 5
 0 0 0 0 0 1 2 2 0 0 1 1 1 0 0 0 1 1 14 11 11 4 4 4 3 3 0 7 7 4 4 4 1 1 2 2 2 2 3 3 6 6 7 2 2 2
 0 0 0 0 0 1 2 2 0 0 1 1 1 0 0 0 1 1 14 11 11 4 4 4 3 3 0 7 7 4 4 4 1 1 2 2 2 2 3 3 6 6 7 2 2 2
 0 0 0 0 0 7 9 9 2 2 0 0 0 0 0 0 1 1 4 3 3 4 0 0 1 1 2 4 4 1 0 0 1 1 0 0 0 1 1 1 7 7 5 4 4 1
 0 0 0 0 0 1 0 0 4 4 1 4 4 0 0 0 4 4 8 0 0 0 0 0 0 0 4 1 1 0 0 0 1 1 2 0 0 0 0 0 2 2 2 0 0 0
