assets/RAT_results_old/precipitation/2016-07-25_IMERG.asc
ncols        46
nrows        77
xllcorner    74.800261325624
yllcorner    8.058333333333
cellsize     0.062500000000
NODATA_value -9999
 21 21 16 10 10 12 19 19 12 12 12 11 11 13 13 13 14 14 15 18 18 20 20 20 21 21 21 22 22 24 22 22 21 21 25 27 27 32 38 38 36 36 37 38 38 50
 11 11 10 8 8 11 9 9 8 8 11 10 10 11 14 14 18 18 21 21 21 18 22 22 22 22 23 24 24 17 19 19 20 20 22 25 25 35 39 39 44 44 40 43 43 39
 11 11 10 8 8 11 9 9 8 8 11 10 10 11 14 14 18 18 21 21 21 18 22 22 22 22 23 24 24 17 19 19 20 20 22 25 25 35 39 39 44 44 40 43 43 39
 11 11 19 11 11 10 9 9 8 8 11 15 15 19 23 23 23 23 19 14 14 14 18 18 18 18 18 19 19 18 23 23 24 24 26 30 30 37 31 31 30 30 34 34 34 41
 6 6 12 13 13 16 19 19 20 20 14 19 19 15 16 16 16 16 15 19 19 21 18 18 20 20 23 21 21 18 17 17 23 23 24 23 23 34 33 33 30 30 25 29 29 30
 6 6 12 13 13 16 19 19 20 20 14 19 19 15 16 16 16 16 15 19 19 21 18 18 20 20 23 21 21 18 17 17 23 23 24 23 23 34 33 33 30 30 25 29 29 30
 5 5 13 10 10 9 16 16 12 12 15 20 20 13 13 13 16 16 18 18 18 19 20 20 23 23 29 26 26 23 23 23 22 22 27 24 24 27 34 34 39 39 35 34 34 42
 5 5 13 10 10 9 16 16 12 12 15 20 20 13 13 13 16 16 18 18 18 19 20 20 23 23 29 26 26 23 23 23 22 22 27 24 24 27 34 34 39 39 35 34 34 42
 6 6 5 11 11 9 12 12 12 12 11 15 15 16 20 20 15 15 19 16 16 21 22 22 22 22 35 25 25 30 30 30 35 35 30 27 27 30 38 38 39 39 43 48 48 50
 7 7 5 10 10 15 8 8 12 12 12 23 23 15 26 26 17 17 17 19 19 19 22 22 23 23 24 27 27 36 32 32 31 31 34 34 34 32 41 41 44 44 43 62 62 77
 7 7 5 10 10 15 8 8 12 12 12 23 23 15 26 26 17 17 17 19 19 19 22 22 23 23 24 27 27 36 32 32 31 31 34 34 34 32 41 41 44 44 43 62 62 77
 5 5 5 7 7 15 12 12 14 14 12 12 12 13 21 21 22 22 18 19 19 20 23 23 27 27 26 33 33 27 28 28 33 33 34 39 39 40 39 39 42 42 66 72 72 77
 4 4 7 8 8 9 11 11 13 13 13 12 12 12 13 13 16 16 27 19 19 23 28 28 25 25 26 28 28 29 31 31 34 34 36 43 43 42 46 46 48 48 42 34 34 43
 4 4 7 8 8 9 11 11 13 13 13 12 12 12 13 13 16 16 27 19 19 23 28 28 25 25 26 28 28 29 31 31 34 34 36 43 43 42 46 46 48 48 42 34 34 43
 5 5 5 6 6 5 10 10 12 12 13 13 13 14 14 14 23 23 24 19 19 22 18 18 24 24 27 28 28 30 30 30 33 33 42 42 42 51 53 53 49 49 49 41 41 43
 5 5 5 6 6 5 10 10 12 12 13 13 13 14 14 14 23 23 24 19 19 22 18 18 24 24 27 28 28 30 30 30 33 33 42 42 42 51 53 53 49 49 49 41 41 43
 4 4 4 4 4 4 5 5 11 11 10 13 13 10 9 9 17 17 14 23 23 17 17 17 22 22 27 29 29 31 35 35 38 38 39 42 42 46 43 43 45 45 43 41 41 45
 5 5 5 3 3 6 5 5 6 6 10 13 13 11 10 10 12 12 17 20 20 20 20 20 24 24 28 30 30 32 36 36 35 35 34 40 40 39 44 44 44 44 46 57 57 53
 5 5 5 3 3 6 5 5 6 6 10 13 13 11 10 10 12 12 17 20 20 20 20 20 24 24 28 30 30 32 36 36 35 35 34 40 40 39 44 44 44 44 46 57 57 53
 7 7 6 5 5 4 4 4 7 7 6 17 17 11 11 11 14 14 18 21 21 27 22 22 23 23 28 31 31 37 36 36 35 35 32 34 34 33 38 38 44 44 45 58 58 51
 12 12 14 6 6 5 4 4 5 5 6 15 15 9 23 23 19 19 21 21 21 17 21 21 23 23 30 28 28 35 36 36 30 30 36 32 32 33 38 38 43 43 49 54 54 55
 12 12 14 6 6 5 4 4 5 5 6 15 15 9 23 23 19 19 21 21 21 17 21 21 23 23 30 28 28 35 36 36 30 30 36 32 32 33 38 38 43 43 49 54 54 55
 12 12 9 5 5 4 4 4 5 5 6 8 8 14 22 22 22 22 19 19 19 20 25 25 25 25 25 27 27 33 34 34 34 34 45 45 45 34 39 39 38 38 42 30 30 47
 12 12 9 5 5 4 4 4 5 5 6 8 8 14 22 22 22 22 19 19 19 20 25 25 25 25 25 27 27 33 34 34 34 34 45 45 45 34 39 39 38 38 42 30 30 47
 8 8 5 4 4 4 4 4 5 5 6 10 10 15 17 17 24 24 17 21 21 18 19 19 18 18 23 23 23 32 29 29 29 29 34 52 52 39 32 32 32 32 24 22 22 26
 9 9 6 4 4 5 5 5 6 6 6 10 10 21 18 18 19 19 18 16 16 19 15 15 17 17 20 20 20 24 13 13 23 23 38 23 23 35 30 30 27 27 22 25 25 20
 9 9 6 4 4 5 5 5 6 6 6 10 10 21 18 18 19 19 18 16 16 19 15 15 17 17 20 20 20 24 13 13 23 23 38 23 23 35 30 30 27 27 22 25 25 20
 8 8 6 4 4 4 5 5 6 6 6 7 7 12 12 12 17 17 18 18 18 17 15 15 18 18 21 25 25 22 10 10 14 14 20 27 27 23 22 22 24 24 24 22 22 18
 6 6 6 4 4 14 6 6 7 7 7 7 7 12 13 13 14 14 18 16 16 17 17 17 16 16 14 16 16 12 10 10 15 15 17 24 24 17 19 19 21 21 23 14 14 12
 6 6 6 4 4 14 6 6 7 7 7 7 7 12 13 13 14 14 18 16 16 17 17 17 16 16 14 16 16 12 10 10 15 15 17 24 24 17 19 19 21 21 23 14 14 12
 8 8 7 5 5 5 7 7 7 7 8 7 7 6 13 13 16 16 13 16 16 15 14 14 16 16 12 12 12 8 9 9 18 18 12 14 14 16 21 21 21 21 22 13 13 8
 8 8 7 5 5 5 7 7 7 7 8 7 7 6 13 13 16 16 13 16 16 15 14 14 16 16 12 12 12 8 9 9 18 18 12 14 14 16 21 21 21 21 22 13 13 8
 9 9 8 5 5 5 7 7 5 5 7 6 6 5 8 8 16 16 12 16 16 15 11 11 10 10 10 10 10 11 10 10 11 11 8 10 10 9 13 13 16 16 16 9 9 6
 7 7 5 12 12 6 6 6 6 6 6 5 5 4 6 6 6 6 11 11 11 7 8 8 7 7 12 9 9 8 14 14 14 14 15 14 14 15 16 16 12 12 13 11 11 11
 7 7 5 12 12 6 6 6 6 6 6 5 5 4 6 6 6 6 11 11 11 7 8 8 7 7 12 9 9 8 14 14 14 14 15 14 14 15 16 16 12 12 13 11 11 11
 8 8 9 6 6 7 12 12 8 8 5 2 2 2 4 4 5 5 8 8 8 5 5 5 7 7 8 10 10 16 13 13 16 16 18 19 19 20 21 21 20 20 24 13 13 11
 12 12 10 8 8 8 5 5 4 4 2 2 2 1 4 4 2 2 6 9 9 11 7 7 6 6 5 10 10 13 14 14 15 15 17 17 17 18 18 18 21 21 23 23 23 14
 12 12 10 8 8 8 5 5 4 4 2 2 2 1 4 4 2 2 6 9 9 11 7 7 6 6 5 10 10 13 14 14 15 15 17 17 17 18 18 18 21 21 23 23 23 14
 16 16 13 11 11 9 9 9 6 6 5 1 1 1 2 2 3 3 6 10 10 11 7 7 5 5 5 9 9 11 13 13 16 16 18 17 17 19 18 18 21 21 25 26 26 17
 16 16 13 11 11 9 9 9 6 6 5 1 1 1 2 2 3 3 6 10 10 11 7 7 5 5 5 9 9 11 13 13 16 16 18 17 17 19 18 18 21 21 25 26 26 17
 18 18 23 13 13 12 8 8 6 6 5 1 1 8 3 3 4 4 8 10 10 11 8 8 6 6 6 14 14 11 15 15 19 19 22 25 25 26 22 22 25 25 22 29 29 29
 21 21 15 14 14 15 9 9 9 9 9 6 6 5 4 4 3 3 7 9 9 13 12 12 8 8 8 10 10 13 16 16 16 16 19 24 24 28 22 22 33 33 38 33 33 49
 21 21 15 14 14 15 9 9 9 9 9 6 6 5 4 4 3 3 7 9 9 13 12 12 8 8 8 10 10 13 16 16 16 16 19 24 24 28 22 22 33 33 38 33 33 49
 35 35 18 21 21 16 15 15 10 10 9 9 9 9 5 5 4 4 9 9 9 11 14 14 11 11 8 9 9 13 20 20 22 22 25 30 30 35 39 39 41 41 44 40 40 21
 34 34 25 19 19 15 12 12 14 14 10 13 13 10 7 7 5 5 5 7 7 14 15 15 16 16 15 17 17 20 20 20 19 19 24 27 27 27 29 29 27 27 29 23 23 20
 34 34 25 19 19 15 12 12 14 14 10 13 13 10 7 7 5 5 5 7 7 14 15 15 16 16 15 17 17 20 20 20 19 19 24 27 27 27 29 29 27 27 29 23 23 20
 31 31 28 23 23 26 23 23 16 16 12 11 11 7 6 6 6 6 5 9 9 13 13 13 17 17 15 16 16 17 15 15 17 17 21 20 20 19 20 20 22 22 20 22 22 28
 31 31 28 23 23 26 23 23 16 16 12 11 11 7 6 6 6 6 5 9 9 13 13 13 17 17 15 16 16 17 15 15 17 17 21 20 20 19 20 20 22 22 20 22 22 28
 25 25 28 21 21 15 21 21 19 19 17 11 11 10 5 5 6 6 6 15 15 14 20 20 18 18 17 13 13 14 14 14 16 16 15 16 16 15 15 15 14 14 11 18 18 28
 14 14 22 18 18 11 14 14 20 20 13 8 8 7 7 7 6 6 4 39 39 14 22 22 12 12 11 7 7 6 10 10 10 10 12 13 13 14 16 16 13 13 9 13 13 46
 14 14 22 18 18 11 14 14 20 20 13 8 8 7 7 7 6 6 4 39 39 14 22 22 12 12 11 7 7 6 10 10 10 10 12 13 13 14 16 16 13 13 9 13 13 46
 10 10 12 9 9 7 10 10 13 13 12 8 8 8 7 7 4 4 4 4 4 8 9 9 9 9 9 4 4 6 14 14 8 8 8 10 10 10 11 11 9 9 8 12 12 7
 8 8 11 10 10 6 8 8 13 13 17 7 7 8 6 6 4 4 3 3 3 3 4 4 13 13 7 5 5 5 8 8 7 7 9 4 4 3 4 4 3 3 5 5 5 5
 8 8 11 10 10 6 8 8 13 13 17 7 7 8 6 6 4 4 3 3 3 3 4 4 13 13 7 5 5 5 8 8 7 7 9 4 4 3 4 4 3 3 5 5 5 5
 6 6 9 7 7 4 7 7 13 13 16 8 8 5 4 4 3 3 4 4 4 2 2 2 6 6 6 5 5 6 8 8 9 9 10 6 6 2 3 3 2 2 2 1 1 1
 6 6 9 7 7 4 7 7 13 13 16 8 8 5 4 4 3 3 4 4 4 2 2 2 6 6 6 5 5 6 8 8 9 9 10 6 6 2 3 3 2 2 2 1 1 1
 4 4 6 9 9 5 4 4 8 8 8 4 4 4 3 3 2 2 2 3 3 2 2 2 4 4 4 4 4 2 2 2 5 5 4 2 2 1 1 1 1 1 1 0 0 0
 14 14 3 3 3 5 4 4 3 3 4 3 3 4 2 2 2 2 2 3 3 2 1 1 1 1 3 2 2 1 1 1 1 1 1 1 1 1 1 1 1 1 0 0 0 1
 14 14 3 3 3 5 4 4 3 3 4 3 3 4 2 2 2 2 2 3 3 2 1 1 1 1 3 2 2 1 1 1 1 1 1 1 1 1 1 1 1 1 0 0 0 1
 3 3 3 3 3 4 7 7 3 3 6 2 2 4 4 4 2 2 1 1 1 1 1 1 1 1 2 2 2 1 1 1 1 1 1 1 1 1 1 1 1 1 1 0 0 1
 6 6 2 3 3 3 6 6 3 3 4 2 2 4 4 4 4 4 1 1 1 1 1 1 1 1 0 1 1 1 1 1 2 2 2 3 3 3 1 1 0 0 0 0 0 0
 6 6 2 3 3 3 6 6 3 3 4 2 2 4 4 4 4 4 1 1 1 1 1 1 1 1 0 1 1 1 1 1 2 2 2 3 3 3 1 1 0 0 0 0 0 0
 3 3 2 3 3 3 3 3 2 2 3 2 2 1 2 2 2 2 1 0 0 0 0 0 0 0 0 2 2 4 2 2 1 1 2 3 3 4 1 1 0 0 0 0 0 0
 3 3 2 3 3 3 3 3 2 2 3 2 2 1 2 2 2 2 1 0 0 0 0 0 0 0 0 2 2 4 2 2 1 1 2 3 3 4 1 1 0 0 0 0 0 0
 4 4 4 2 2 3 4 4 2 2 2 2 2 2 2 2 1 1 1 0 0 1 0 0 1 1 1 1 1 4 3 3 1 1 2 1 1 6 1 1 0 0 0 0 0 0
 3 3 1 2 2 6 4 4 4 4 3 3 3 2 3 3 1 1 1 0 0 0 0 0 0 0 0 1 1 2 2 2 1 1 1 0 0 0 0 0 0 0 0 0 0 0
 3 3 1 2 2 6 4 4 4 4 3 3 3 2 3 3 1 1 1 0 0 0 0 0 0 0 0 1 1 2 2 2 1 1 1 0 0 0 0 0 0 0 0 0 0 0
 2 2 3 4 4 3 3 3 2 2 3 5 5 2 3 3 2 2 1 1 1 1 0 0 0 0 1 1 1 1 2 2 1 1 1 0 0 0 0 0 0 0 0 0 0 0
 5 5 7 3 3 3 3 3 4 4 2 7 7 4 3 3 3 3 1 1 1 1 1 1 1 1 0 1 1 1 1 1 1 1 1 1 1 0 0 0 0 0 0 0 0 0
 5 5 7 3 3 3 3 3 4 4 2 7 7 4 3 3 3 3 1 1 1 1 1 1 1 1 0 1 1 1 1 1 1 1 1 1 1 0 0 0 0 0 0 0 0 0
 12 12 11 4 4 3 4 4 2 2 3 5 5 5 5 5 3 3 2 1 1 1 1 1 0 0 0 1 1 1 1 1 0 0 1 0 0 0 0 0 0 0 0 0 0 0
 12 12 11 4 4 3 4 4 2 2 3 5 5 5 5 5 3 3 2 1 1 1 1 1 0 0 0 1 1 1 1 1 0 0 1 0 0 0 0 0 0 0 0 0 0 0
 7 7 9 7 7 2 2 2 1 1 1 3 3 2 3 3 2 2 2 2 2 1 1 1 1 1 0 0 0 0 0 0 1 1 1 1 1 1 0 0 0 0 0 0 0 0
 4 4 2 5 5 4 1 1 1 1 2 2 2 1 3 3 5 5 2 2 2 1 1 1 1 1 1 0 0 0 0 0 0 0 1 0 0 1 1 1 0 0 0 0 0 1
 4 4 2 5 5 4 1 1 1 1 2 2 2 1 3 3 5 5 2 2 2 1 1 1 1 1 1 0 0 0 0 0 0 0 1 0 0 1 1 1 0 0 0 0 0 1
 3 3 2 10 10 8 2 2 2 2 2 1 1 1 2 2 10 10 7 4 4 3 1 1 1 1 2 1 1 0 0 0 0 0 0 0 0 0 1 1 1 1 1 1 1 1
 3 3 4 5 5 8 3 3 3 3 2 1 1 2 3 3 6 6 7 1 1 1 1 1 1 1 1 1 1 0 0 0 0 0 0 0 0 1 1 1 1 1 2 2 2 1
