assets/RAT_results_old/precipitation/2017-05-21_IMERG.asc
ncols        46
nrows        77
xllcorner    74.800261325624
yllcorner    8.058333333333
cellsize     0.062500000000
NODATA_value -9999
 13 13 8 11 11 10 11 11 8 8 6 18 18 13 21 21 17 17 16 5 5 13 3 3 7 7 1 0 0 1 1 1 2 2 2 2 2 0 1 1 1 1 2 3 3 3
 17 17 15 11 11 11 8 8 10 10 9 10 10 14 12 12 10 10 8 8 8 6 4 4 2 2 2 1 1 1 2 2 2 2 2 2 2 1 1 1 1 1 2 4 4 5
 17 17 15 11 11 11 8 8 10 10 9 10 10 14 12 12 10 10 8 8 8 6 4 4 2 2 2 1 1 1 2 2 2 2 2 2 2 1 1 1 1 1 2 4 4 5
 13 13 10 27 27 10 12 12 14 14 17 11 11 13 10 10 11 11 8 13 13 8 4 4 1 1 2 1 1 1 1 1 2 2 2 1 1 2 2 2 2 2 4 7 7 27
 19 19 18 27 27 12 12 12 16 16 20 14 14 10 10 10 10 10 9 11 11 9 7 7 1 1 1 3 3 1 1 1 1 1 1 2 2 3 5 5 6 6 9 11 11 30
 19 19 18 27 27 12 12 12 16 16 20 14 14 10 10 10 10 10 9 11 11 9 7 7 1 1 1 3 3 1 1 1 1 1 1 2 2 3 5 5 6 6 9 11 11 30
 23 23 20 11 11 19 13 13 18 18 14 14 14 12 10 10 12 12 8 9 9 6 2 2 1 1 1 1 1 1 1 1 1 1 1 2 2 4 7 7 9 9 12 19 19 49
 23 23 20 11 11 19 13 13 18 18 14 14 14 12 10 10 12 12 8 9 9 6 2 2 1 1 1 1 1 1 1 1 1 1 1 2 2 4 7 7 9 9 12 19 19 49
 20 20 15 11 11 10 8 8 11 11 17 12 12 11 11 11 10 10 7 9 9 5 3 3 1 1 1 1 1 1 1 1 1 1 1 2 2 5 9 9 12 12 14 20 20 51
 19 19 13 8 8 11 9 9 11 11 14 12 12 10 11 11 9 9 7 6 6 5 1 1 2 2 1 1 1 1 2 2 2 2 2 2 2 5 9 9 12 12 13 13 13 14
 19 19 13 8 8 11 9 9 11 11 14 12 12 10 11 11 9 9 7 6 6 5 1 1 2 2 1 1 1 1 2 2 2 2 2 2 2 5 9 9 12 12 13 13 13 14
 18 18 13 5 5 5 9 9 9 9 9 9 9 10 8 8 6 6 5 3 3 2 1 1 1 1 2 3 3 5 5 5 3 3 2 4 4 7 10 10 11 11 11 11 11 11
 1 1 1 3 3 3 9 9 7 7 10 8 8 6 5 5 4 4 4 2 2 2 2 2 1 1 4 8 8 11 10 10 4 4 3 5 5 9 12 12 11 11 11 9 9 8
 1 1 1 3 3 3 9 9 7 7 10 8 8 6 5 5 4 4 4 2 2 2 2 2 1 1 4 8 8 11 10 10 4 4 3 5 5 9 12 12 11 11 11 9 9 8
 1 1 0 1 1 1 2 2 8 8 5 8 8 6 5 5 3 3 3 2 2 2 1 1 1 1 5 11 11 13 8 8 5 5 6 8 8 9 11 11 10 10 9 8 8 6
 1 1 0 1 1 1 2 2 8 8 5 8 8 6 5 5 3 3 3 2 2 2 1 1 1 1 5 11 11 13 8 8 5 5 6 8 8 9 11 11 10 10 9 8 8 6
 0 0 0 0 0 1 1 1 2 2 2 5 5 5 4 4 3 3 2 3 3 2 1 1 1 1 6 10 10 9 6 6 5 5 9 11 11 10 9 9 8 8 7 6 6 4
 1 1 0 0 0 1 1 1 1 1 1 3 3 3 3 3 3 3 3 2 2 2 2 2 2 2 7 12 12 8 6 6 5 5 4 7 7 6 5 5 4 4 6 4 4 2
 1 1 0 0 0 1 1 1 1 1 1 3 3 3 3 3 3 3 3 2 2 2 2 2 2 2 7 12 12 8 6 6 5 5 4 7 7 6 5 5 4 4 6 4 4 2
 1 1 0 1 1 1 1 1 1 1 4 3 3 2 2 2 2 2 3 5 5 4 5 5 4 4 6 8 8 9 7 7 6 6 3 2 2 2 2 2 4 4 4 3 3 1
 1 1 1 1 1 1 2 2 15 15 16 12 12 2 2 2 4 4 3 3 3 7 6 6 3 3 3 6 6 8 5 5 3 3 2 2 2 3 3 3 6 6 4 1 1 0
 1 1 1 1 1 1 2 2 15 15 16 12 12 2 2 2 4 4 3 3 3 7 6 6 3 3 3 6 6 8 5 5 3 3 2 2 2 3 3 3 6 6 4 1 1 0
 3 3 2 3 3 8 5 5 21 21 21 18 18 7 7 7 6 6 7 9 9 8 7 7 2 2 1 1 1 5 5 5 1 1 1 1 1 1 2 2 4 4 2 1 1 0
 3 3 2 3 3 8 5 5 21 21 21 18 18 7 7 7 6 6 7 9 9 8 7 7 2 2 1 1 1 5 5 5 1 1 1 1 1 1 2 2 4 4 2 1 1 0
 9 9 5 5 5 12 12 12 156 156 152 46 46 23 22 22 23 23 9 8 8 6 5 5 0 0 0 1 1 3 1 1 1 1 0 1 1 0 1 1 1 1 1 0 0 0
 10 10 5 8 8 65 19 19 106 106 163 49 49 41 25 25 25 25 23 9 9 8 7 7 5 5 2 3 3 3 3 3 1 1 0 1 1 0 0 0 0 0 0 0 0 0
 10 10 5 8 8 65 19 19 106 106 163 49 49 41 25 25 25 25 23 9 9 8 7 7 5 5 2 3 3 3 3 3 1 1 0 1 1 0 0 0 0 0 0 0 0 0
 10 10 4 9 9 17 136 136 142 142 107 187 187 163 151 151 108 108 112 17 17 8 5 5 5 5 6 8 8 7 6 6 2 2 0 0 0 0 0 0 0 0 0 0 0 0
 5 5 3 5 5 9 24 24 79 79 115 118 118 68 60 60 110 110 20 17 17 16 9 9 10 10 10 4 4 7 6 6 2 2 2 2 2 0 0 0 1 1 2 1 1 0
 5 5 3 5 5 9 24 24 79 79 115 118 118 68 60 60 110 110 20 17 17 16 9 9 10 10 10 4 4 7 6 6 2 2 2 2 2 0 0 0 1 1 2 1 1 0
 4 4 2 3 3 2 8 8 66 66 62 58 58 91 100 100 50 50 10 11 11 9 2 2 8 8 9 1 1 2 0 0 0 0 0 0 0 0 1 1 1 1 1 1 1 0
 4 4 2 3 3 2 8 8 66 66 62 58 58 91 100 100 50 50 10 11 11 9 2 2 8 8 9 1 1 2 0 0 0 0 0 0 0 0 1 1 1 1 1 1 1 0
 2 2 2 1 1 1 2 2 9 9 19 9 9 70 66 66 27 27 13 10 10 8 2 2 2 2 0 0 0 0 0 0 0 0 0 0 0 0 0 0 0 0 0 0 0 0
 0 0 0 1 1 1 1 1 1 1 2 6 6 14 64 64 14 14 12 10 10 4 4 4 4 4 0 0 0 0 0 0 0 0 2 0 0 0 0 0 2 2 0 0 0 0
 0 0 0 1 1 1 1 1 1 1 2 6 6 14 64 64 14 14 12 10 10 4 4 4 4 4 0 0 0 0 0 0 0 0 2 0 0 0 0 0 2 2 0 0 0 0
 0 0 0 0 0 1 1 1 1 1 5 4 4 10 10 10 37 37 23 20 20 19 4 4 4 4 0 0 0 0 0 0 0 0 3 0 0 1 0 0 0 0 0 0 0 0
 1 1 0 0 0 1 0 0 0 0 0 1 1 6 10 10 17 17 49 28 28 21 19 19 19 19 3 3 3 0 1 1 0 0 1 1 1 0 0 0 0 0 0 2 2 0
 1 1 0 0 0 1 0 0 0 0 0 1 1 6 10 10 17 17 49 28 28 21 19 19 19 19 3 3 3 0 1 1 0 0 1 1 1 0 0 0 0 0 0 2 2 0
 0 0 0 0 0 1 0 0 0 0 0 0 0 6 4 4 11 11 17 15 15 20 13 13 2 2 3 3 3 3 1 1 1 1 2 1 1 1 0 0 0 0 0 0 0 0
 0 0 0 0 0 1 0 0 0 0 0 0 0 6 4 4 11 11 17 15 15 20 13 13 2 2 3 3 3 3 1 1 1 1 2 1 1 1 0 0 0 0 0 0 0 0
 0 0 0 0 0 0 0 0 0 0 0 0 0 6 0 0 2 2 4 5 5 21 17 17 3 3 3 4 4 1 1 1 2 2 3 4 4 4 1 1 0 0 1 0 0 1
 0 0 0 0 0 0 0 0 0 0 0 0 0 0 0 0 0 0 1 4 4 6 5 5 1 1 1 3 3 1 1 1 1 1 2 3 3 8 6 6 1 1 0 1 1 0
 0 0 0 0 0 0 0 0 0 0 0 0 0 0 0 0 0 0 1 4 4 6 5 5 1 1 1 3 3 1 1 1 1 1 2 3 3 8 6 6 1 1 0 1 1 0
 0 0 0 0 0 0 0 0 0 0 1 0 0 1 1 1 0 0 2 2 2 5 2 2 1 1 1 1 1 2 1 1 1 1 2 4 4 9 5 5 2 2 1 0 0 0
 0 0 0 1 1 1 0 0 0 0 0 0 0 0 1 1 0 0 1 1 1 3 1 1 1 1 2 2 2 1 2 2 1 1 5 1 1 1 1 1 0 0 0 0 0 0
 0 0 0 1 1 1 0 0 0 0 0 0 0 0 1 1 0 0 1 1 1 3 1 1 1 1 2 2 2 1 2 2 1 1 5 1 1 1 1 1 0 0 0 0 0 0
 0 0 0 0 0 0 0 0 0 0 0 0 0 0 1 1 0 0 2 1 1 2 2 2 2 2 1 1 1 2 2 2 2 2 1 1 1 1 0 0 0 0 0 0 0 0
 0 0 0 0 0 0 0 0 0 0 0 0 0 0 1 1 0 0 2 1 1 2 2 2 2 2 1 1 1 2 2 2 2 2 1 1 1 1 0 0 0 0 0 0 0 0
 1 1 0 0 0 1 0 0 0 0 0 0 0 1 1 1 0 0 1 0 0 1 2 2 3 3 2 1 1 1 1 1 1 1 1 1 1 1 0 0 0 0 0 0 0 0
 0 0 0 0 0 0 1 1 1 1 1 0 0 0 0 0 0 0 0 1 1 5 5 5 6 6 5 5 5 1 1 1 1 1 1 1 1 0 0 0 0 0 0 0 0 0
 0 0 0 0 0 0 1 1 1 1 1 0 0 0 0 0 0 0 0 1 1 5 5 5 6 6 5 5 5 1 1 1 1 1 1 1 1 0 0 0 0 0 0 0 0 0
 3 3 1 0 0 1 1 1 1 1 1 1 1 1 0 0 1 1 0 1 1 2 3 3 7 7 8 5 5 5 1 1 0 0 1 1 1 1 0 0 0 0 0 0 0 0
 4 4 2 2 2 2 2 2 1 1 1 1 1 1 1 1 0 0 0 0 0 2 4 4 9 9 8 8 8 6 1 1 1 1 0 1 1 1 0 0 0 0 0 0 0 0
 4 4 2 2 2 2 2 2 1 1 1 1 1 1 1 1 0 0 0 0 0 2 4 4 9 9 8 8 8 6 1 1 1 1 0 1 1 1 0 0 0 0 0 0 0 0
 12 12 3 6 6 6 5 5 5 5 2 1 1 1 1 1 1 1 1 1 1 1 5 5 10 10 10 8 8 7 2 2 2 2 1 1 1 1 0 0 1 1 0 0 0 0
 12 12 3 6 6 6 5 5 5 5 2 1 1 1 1 1 1 1 1 1 1 1 5 5 10 10 10 8 8 7 2 2 2 2 1 1 1 1 0 0 1 1 0 0 0 0
 13 13 8 7 7 8 5 5 6 6 7 7 7 2 1 1 1 1 1 1 1 10 10 10 15 15 11 10 10 6 4 4 2 2 1 1 1 1 1 1 2 2 1 0 0 0
 14 14 25 21 21 22 17 17 15 15 10 10 10 3 5 5 4 4 2 1 1 4 10 10 13 13 14 8 8 7 6 6 3 3 2 1 1 1 2 2 1 1 1 0 0 0
 14 14 25 21 21 22 17 17 15 15 10 10 10 3 5 5 4 4 2 1 1 4 10 10 13 13 14 8 8 7 6 6 3 3 2 1 1 1 2 2 1 1 1 0 0 0
 29 29 52 31 31 22 22 22 37 37 33 33 33 12 8 8 10 10 16 14 14 13 10 10 33 33 18 11 11 5 7 7 3 3 2 1 1 2 2 2 1 1 1 0 0 0
 81 81 102 81 81 63 63 63 65 65 41 35 35 37 33 33 30 30 31 25 25 17 10 10 39 39 42 37 37 17 8 8 3 3 3 3 3 7 2 2 1 1 1 0 0 0
 81 81 102 81 81 63 63 63 65 65 41 35 35 37 33 33 30 30 31 25 25 17 10 10 39 39 42 37 37 17 8 8 3 3 3 3 3 7 2 2 1 1 1 0 0 0
 97 97 105 87 87 93 87 87 61 61 42 44 44 43 39 39 31 31 30 27 27 30 13 13 37 37 19 34 34 18 15 15 4 4 3 5 5 3 1 1 2 2 1 0 0 0
 97 97 105 87 87 93 87 87 61 61 42 44 44 43 39 39 31 31 30 27 27 30 13 13 37 37 19 34 34 18 15 15 4 4 3 5 5 3 1 1 2 2 1 0 0 0
 121 121 149 127 127 108 76 76 59 59 42 39 39 31 35 35 32 32 25 21 21 9 13 13 16 16 15 30 30 16 13 13 1 1 2 2 2 1 1 1 1 1 1 1 1 0
 134 134 149 126 126 119 90 90 66 66 52 33 33 33 38 38 35 35 19 17 17 17 12 12 8 8 20 27 27 26 11 11 1 1 1 3 3 1 1 1 1 1 1 1 1 0
 134 134 149 126 126 119 90 90 66 66 52 33 33 33 38 38 35 35 19 17 17 17 12 12 8 8 20 27 27 26 11 11 1 1 1 3 3 1 1 1 1 1 1 1 1 0
 103 103 146 156 156 121 88 88 64 64 40 30 30 23 36 36 35 35 20 18 18 13 15 15 7 7 24 28 28 28 13 13 6 6 6 1 1 1 1 1 1 1 1 1 1 0
 107 107 108 76 76 103 78 78 58 58 31 27 27 24 17 17 17 17 21 12 12 12 13 13 11 11 10 26 26 25 22 22 7 7 12 2 2 2 1 1 1 1 2 1 1 1
 107 107 108 76 76 103 78 78 58 58 31 27 27 24 17 17 17 17 21 12 12 12 13 13 11 11 10 26 26 25 22 22 7 7 12 2 2 2 1 1 1 1 2 1 1 1
 77 77 73 84 84 63 63 63 23 23 52 22 22 20 23 23 15 15 14 12 12 12 11 11 14 14 15 13 13 11 29 29 30 30 17 6 6 4 2 2 2 2 2 6 6 1
 77 77 73 84 84 63 63 63 23 23 52 22 22 20 23 23 15 15 14 12 12 12 11 11 14 14 15 13 13 11 29 29 30 30 17 6 6 4 2 2 2 2 2 6 6 1
 53 53 44 57 57 46 34 34 38 38 20 17 17 19 13 13 13 13 9 11 11 11 9 9 12 12 13 15 15 15 15 15 46 46 42 13 13 7 4 4 3 3 2 2 2 2
 35 35 37 40 40 29 41 41 26 26 17 22 22 20 16 16 14 14 13 9 9 9 9 9 10 10 12 15 15 15 16 16 49 49 42 23 23 15 8 8 6 6 3 3 3 2
 35 35 37 40 40 29 41 41 26 26 17 22 22 20 16 16 14 14 13 9 9 9 9 9 10 10 12 15 15 15 16 16 49 49 42 23 23 15 8 8 6 6 3 3 3 2
 26 26 23 21 21 20 20 20 22 22 14 16 16 17 17 17 16 16 16 21 21 14 9 9 12 12 11 12 12 13 15 15 19 19 29 31 31 19 17 17 9 9 4 2 2 1
 34 34 22 21 21 18 17 17 19 19 18 21 21 18 16 16 14 14 16 12 12 9 9 9 12 12 11 10 10 11 13 13 16 16 17 20 20 19 15 15 11 11 7 2 2 1
