assets/RAT_results_old/precipitation/2017-06-05_IMERG.asc
ncols        46
nrows        77
xllcorner    74.800261325624
yllcorner    8.058333333333
cellsize     0.062500000000
NODATA_value -9999
 50 50 41 32 32 27 16 16 10 10 7 6 6 4 6 6 0 0 0 0 0 0 0 0 0 0 0 0 0 0 0 0 0 0 0 0 0 0 3 3 3 3 2 2 2 2
 47 47 50 34 34 22 13 13 6 6 8 4 4 6 3 3 1 1 0 0 0 0 0 0 0 0 0 0 0 1 0 0 0 0 0 0 0 0 0 0 1 1 0 0 0 1
 47 47 50 34 34 22 13 13 6 6 8 4 4 6 3 3 1 1 0 0 0 0 0 0 0 0 0 0 0 1 0 0 0 0 0 0 0 0 0 0 1 1 0 0 0 1
 92 92 65 49 49 27 20 20 14 14 5 8 8 8 8 8 0 0 0 0 0 0 1 1 1 1 1 1 1 1 0 0 0 0 0 0 0 1 1 1 1 1 0 0 0 1
 98 98 65 53 53 35 31 31 18 18 9 6 6 1 0 0 2 2 0 0 0 0 1 1 1 1 0 0 0 0 0 0 1 1 1 5 5 0 0 0 1 1 1 0 0 0
 98 98 65 53 53 35 31 31 18 18 9 6 6 1 0 0 2 2 0 0 0 0 1 1 1 1 0 0 0 0 0 0 1 1 1 5 5 0 0 0 1 1 1 0 0 0
 87 87 71 77 77 60 42 42 24 24 12 6 6 1 0 0 0 0 1 8 8 0 1 1 3 3 3 0 0 0 1 1 1 1 2 2 2 0 0 0 0 0 0 0 0 0
 87 87 71 77 77 60 42 42 24 24 12 6 6 1 0 0 0 0 1 8 8 0 1 1 3 3 3 0 0 0 1 1 1 1 2 2 2 0 0 0 0 0 0 0 0 0
 103 103 92 70 70 80 45 45 31 31 14 5 5 8 0 0 0 0 0 0 0 2 1 1 1 1 2 0 0 0 0 0 1 1 3 3 3 0 0 0 0 0 0 0 0 0
 61 61 111 72 72 88 52 52 39 39 13 9 9 5 3 3 0 0 0 0 0 0 0 0 0 0 0 0 0 0 0 0 0 0 0 1 1 1 0 0 0 0 0 0 0 0
 61 61 111 72 72 88 52 52 39 39 13 9 9 5 3 3 0 0 0 0 0 0 0 0 0 0 0 0 0 0 0 0 0 0 0 1 1 1 0 0 0 0 0 0 0 0
 84 84 102 86 86 80 67 67 38 38 48 43 43 17 12 12 3 3 0 0 0 0 0 0 0 0 0 0 0 0 0 0 0 0 0 0 0 0 0 0 0 0 0 0 0 0
 65 65 65 53 53 56 69 69 48 48 45 42 42 21 22 22 11 11 3 0 0 0 0 0 2 2 0 0 0 0 0 0 0 0 0 0 0 0 0 0 0 0 0 0 0 0
 65 65 65 53 53 56 69 69 48 48 45 42 42 21 22 22 11 11 3 0 0 0 0 0 2 2 0 0 0 0 0 0 0 0 0 0 0 0 0 0 0 0 0 0 0 0
 41 41 65 49 49 56 70 70 53 53 50 49 49 23 24 24 14 14 11 4 4 3 5 5 4 4 0 0 0 0 0 0 0 0 0 0 0 0 0 0 0 0 0 0 0 0
 41 41 65 49 49 56 70 70 53 53 50 49 49 23 24 24 14 14 11 4 4 3 5 5 4 4 0 0 0 0 0 0 0 0 0 0 0 0 0 0 0 0 0 0 0 0
 36 36 24 102 102 62 48 48 58 58 58 63 63 51 18 18 117 117 12 0 0 3 1 1 0 0 0 0 0 0 0 0 0 0 0 0 0 1 0 0 0 0 0 0 0 2
 27 27 26 32 32 71 51 51 51 51 57 66 66 95 42 42 90 90 13 15 15 4 0 0 1 1 1 0 0 0 0 0 0 0 1 0 0 0 0 0 0 0 0 1 1 7
 27 27 26 32 32 71 51 51 51 51 57 66 66 95 42 42 90 90 13 15 15 4 0 0 1 1 1 0 0 0 0 0 0 0 1 0 0 0 0 0 0 0 0 1 1 7
 21 21 34 31 31 54 34 34 40 40 44 64 64 46 57 57 70 70 54 12 12 6 0 0 1 1 1 1 1 1 0 0 0 0 0 0 0 1 0 0 1 1 1 1 1 2
 24 24 34 33 33 26 59 59 39 39 47 60 60 69 55 55 42 42 94 11 11 3 0 0 0 0 0 1 1 2 0 0 0 0 0 1 1 1 1 1 3 3 2 2 2 3
 24 24 34 33 33 26 59 59 39 39 47 60 60 69 55 55 42 42 94 11 11 3 0 0 0 0 0 1 1 2 0 0 0 0 0 1 1 1 1 1 3 3 2 2 2 3
 17 17 26 28 28 29 50 50 31 31 52 90 90 55 51 51 22 22 47 15 15 8 1 1 3 3 0 2 2 2 1 1 2 2 2 1 1 2 2 2 3 3 5 4 4 6
 17 17 26 28 28 29 50 50 31 31 52 90 90 55 51 51 22 22 47 15 15 8 1 1 3 3 0 2 2 2 1 1 2 2 2 1 1 2 2 2 3 3 5 4 4 6
 15 15 25 19 19 18 28 28 36 36 88 98 98 54 34 34 21 21 12 9 9 7 0 0 1 1 2 2 2 3 1 1 1 1 2 1 1 3 2 2 2 2 4 5 5 7
 20 20 17 22 22 26 20 20 28 28 33 55 55 52 33 33 41 41 4 1 1 4 7 7 5 5 3 1 1 7 1 1 0 0 1 1 1 3 3 3 2 2 3 5 5 5
 20 20 17 22 22 26 20 20 28 28 33 55 55 52 33 33 41 41 4 1 1 4 7 7 5 5 3 1 1 7 1 1 0 0 1 1 1 3 3 3 2 2 3 5 5 5
 18 18 13 23 23 28 23 23 23 23 28 31 31 42 35 35 15 15 8 4 4 5 11 11 8 8 5 5 5 2 5 5 2 2 1 2 2 1 1 1 1 1 1 2 2 4
 11 11 16 16 16 18 17 17 20 20 26 42 42 24 39 39 27 27 26 18 18 15 12 12 15 15 12 5 5 8 4 4 4 4 8 3 3 1 1 1 0 0 0 1 1 2
 11 11 16 16 16 18 17 17 20 20 26 42 42 24 39 39 27 27 26 18 18 15 12 12 15 15 12 5 5 8 4 4 4 4 8 3 3 1 1 1 0 0 0 1 1 2
 8 8 10 6 6 9 8 8 11 11 27 37 37 27 41 41 42 42 34 52 52 21 18 18 14 14 14 9 9 9 15 15 5 5 11 3 3 1 0 0 0 0 0 0 0 0
 8 8 10 6 6 9 8 8 11 11 27 37 37 27 41 41 42 42 34 52 52 21 18 18 14 14 14 9 9 9 15 15 5 5 11 3 3 1 0 0 0 0 0 0 0 0
 5 5 6 5 5 5 9 9 21 21 24 45 45 68 123 123 93 93 63 55 55 28 26 26 12 12 27 17 17 15 9 9 11 11 7 4 4 3 0 0 0 0 1 1 1 1
 8 8 9 8 8 10 6 6 19 19 24 36 36 41 33 33 106 106 51 40 40 38 31 31 23 23 29 17 17 24 15 15 9 9 10 6 6 0 0 0 2 2 1 1 1 1
 8 8 9 8 8 10 6 6 19 19 24 36 36 41 33 33 106 106 51 40 40 38 31 31 23 23 29 17 17 24 15 15 9 9 10 6 6 0 0 0 2 2 1 1 1 1
 4 4 4 6 6 6 4 4 15 15 17 21 21 28 30 30 56 56 72 65 65 61 36 36 33 33 27 21 21 25 16 16 5 5 4 6 6 1 1 1 1 1 1 0 0 0
 5 5 5 2 2 5 5 5 7 7 9 15 15 59 28 28 53 53 60 73 73 66 65 65 73 73 28 29 29 35 19 19 4 4 3 4 4 2 1 1 1 1 1 1 1 0
 5 5 5 2 2 5 5 5 7 7 9 15 15 59 28 28 53 53 60 73 73 66 65 65 73 73 28 29 29 35 19 19 4 4 3 4 4 2 1 1 1 1 1 1 1 0
 2 2 6 4 4 7 5 5 5 5 7 20 20 55 39 39 43 43 65 99 99 88 97 97 54 54 63 46 46 48 16 16 13 13 3 2 2 1 5 5 1 1 1 1 1 1
 2 2 6 4 4 7 5 5 5 5 7 20 20 55 39 39 43 43 65 99 99 88 97 97 54 54 63 46 46 48 16 16 13 13 3 2 2 1 5 5 1 1 1 1 1 1
 5 5 3 7 7 3 4 4 5 5 7 17 17 19 44 44 44 44 71 62 62 97 138 138 96 96 55 51 51 31 25 25 12 12 9 3 3 3 2 2 3 3 4 2 2 1
 2 2 1 3 3 2 2 2 9 9 4 13 13 9 42 42 36 36 82 80 80 71 153 153 95 95 69 100 100 33 13 13 10 10 2 6 6 5 4 4 5 5 5 8 8 2
 2 2 1 3 3 2 2 2 9 9 4 13 13 9 42 42 36 36 82 80 80 71 153 153 95 95 69 100 100 33 13 13 10 10 2 6 6 5 4 4 5 5 5 8 8 2
 8 8 2 6 6 4 2 2 2 2 3 3 3 9 12 12 18 18 35 59 59 87 73 73 171 171 194 90 90 35 14 14 12 12 4 6 6 7 5 5 4 4 5 4 4 2
 3 3 4 2 2 2 2 2 2 2 3 3 3 8 8 8 14 14 27 53 53 96 172 172 175 175 78 132 132 33 29 29 19 19 8 3 3 3 4 4 4 4 4 3 3 3
 3 3 4 2 2 2 2 2 2 2 3 3 3 8 8 8 14 14 27 53 53 96 172 172 175 175 78 132 132 33 29 29 19 19 8 3 3 3 4 4 4 4 4 3 3 3
 2 2 3 3 3 3 3 3 3 3 4 3 3 4 4 4 10 10 20 26 26 36 91 91 70 70 132 60 60 26 25 25 27 27 17 7 7 5 2 2 2 2 2 2 2 2
 2 2 3 3 3 3 3 3 3 3 4 3 3 4 4 4 10 10 20 26 26 36 91 91 70 70 132 60 60 26 25 25 27 27 17 7 7 5 2 2 2 2 2 2 2 2
 3 3 2 4 4 3 4 4 4 4 4 5 5 6 5 5 4 4 7 8 8 14 20 20 49 49 26 30 30 26 33 33 31 31 29 13 13 8 2 2 2 2 2 2 2 2
 1 1 1 3 3 3 4 4 8 8 6 7 7 7 5 5 2 2 2 4 4 9 12 12 26 26 23 59 59 30 30 30 39 39 22 15 15 14 2 2 2 2 2 2 2 3
 1 1 1 3 3 3 4 4 8 8 6 7 7 7 5 5 2 2 2 4 4 9 12 12 26 26 23 59 59 30 30 30 39 39 22 15 15 14 2 2 2 2 2 2 2 3
 1 1 2 2 2 3 3 3 5 5 6 7 7 5 4 4 2 2 6 8 8 8 20 20 29 29 18 44 44 28 29 29 31 31 30 13 13 5 4 4 3 3 3 3 3 5
 2 2 2 2 2 2 2 2 5 5 7 5 5 3 3 3 4 4 11 22 22 22 19 19 40 40 29 39 39 30 39 39 31 31 27 28 28 14 7 7 2 2 3 3 3 3
 2 2 2 2 2 2 2 2 5 5 7 5 5 3 3 3 4 4 11 22 22 22 19 19 40 40 29 39 39 30 39 39 31 31 27 28 28 14 7 7 2 2 3 3 3 3
 2 2 2 2 2 1 2 2 4 4 4 4 4 3 3 3 5 5 16 17 17 14 13 13 30 30 32 21 21 38 39 39 28 28 20 23 23 23 7 7 4 4 1 2 2 1
 2 2 2 2 2 1 2 2 4 4 4 4 4 3 3 3 5 5 16 17 17 14 13 13 30 30 32 21 21 38 39 39 28 28 20 23 23 23 7 7 4 4 1 2 2 1
 3 3 1 2 2 1 1 1 2 2 2 2 2 3 5 5 4 4 13 15 15 12 12 12 16 16 21 23 23 23 23 23 20 20 18 13 13 15 10 10 8 8 3 1 1 0
 3 3 1 2 2 1 1 1 1 1 2 2 2 2 2 2 2 2 2 3 3 5 3 3 6 6 24 15 15 11 13 13 15 15 17 10 10 9 9 9 4 4 3 0 0 0
 3 3 1 2 2 1 1 1 1 1 2 2 2 2 2 2 2 2 2 3 3 5 3 3 6 6 24 15 15 11 13 13 15 15 17 10 10 9 9 9 4 4 3 0 0 0
 4 4 3 2 2 1 0 0 1 1 1 1 1 1 1 1 1 1 1 1 1 3 1 1 6 6 13 22 22 16 17 17 13 13 19 11 11 6 3 3 3 3 0 0 0 0
 1 1 1 1 1 1 1 1 1 1 1 0 0 0 0 0 0 0 0 0 0 1 2 2 4 4 6 27 27 25 16 16 6 6 9 9 9 5 3 3 2 2 0 1 1 1
 1 1 1 1 1 1 1 1 1 1 1 0 0 0 0 0 0 0 0 0 0 1 2 2 4 4 6 27 27 25 16 16 6 6 9 9 9 5 3 3 2 2 0 1 1 1
 1 1 1 1 1 1 4 4 1 1 0 0 0 0 0 0 0 0 0 0 0 1 1 1 1 1 8 15 15 25 21 21 5 5 5 4 4 6 10 10 2 2 2 0 0 0
 1 1 1 1 1 1 4 4 1 1 0 0 0 0 0 0 0 0 0 0 0 1 1 1 1 1 8 15 15 25 21 21 5 5 5 4 4 6 10 10 2 2 2 0 0 0
 4 4 1 1 1 2 2 2 3 3 2 2 2 1 2 2 1 1 1 1 1 1 2 2 4 4 4 4 4 8 11 11 10 10 3 11 11 9 7 7 4 4 3 1 1 0
 0 0 4 1 1 2 7 7 10 10 6 5 5 1 1 1 1 1 1 0 0 1 2 2 1 1 2 3 3 4 3 3 4 4 2 3 3 30 28 28 18 18 5 3 3 0
 0 0 4 1 1 2 7 7 10 10 6 5 5 1 1 1 1 1 1 0 0 1 2 2 1 1 2 3 3 4 3 3 4 4 2 3 3 30 28 28 18 18 5 3 3 0
 1 1 2 2 2 4 5 5 8 8 7 2 2 0 0 0 1 1 1 1 1 1 1 1 1 1 1 1 1 1 2 2 2 2 2 2 2 5 16 16 11 11 6 3 3 0
 2 2 2 2 2 6 8 8 3 3 2 2 2 3 2 2 2 2 1 1 1 1 1 1 1 1 1 1 1 1 1 1 2 2 2 2 2 4 5 5 6 6 4 2 2 1
 2 2 2 2 2 6 8 8 3 3 2 2 2 3 2 2 2 2 1 1 1 1 1 1 1 1 1 1 1 1 1 1 2 2 2 2 2 4 5 5 6 6 4 2 2 1
 2 2 3 7 7 8 12 12 4 4 1 0 0 0 0 0 1 1 1 2 2 1 1 1 1 1 1 1 1 0 1 1 1 1 2 3 3 2 3 3 3 3 3 4 4 1
 2 2 3 7 7 8 12 12 4 4 1 0 0 0 0 0 1 1 1 2 2 1 1 1 1 1 1 1 1 0 1 1 1 1 2 3 3 2 3 3 3 3 3 4 4 1
 4 4 9 14 14 12 9 9 2 2 1 0 0 0 0 0 1 1 1 1 1 1 1 1 1 1 1 1 1 0 1 1 2 2 2 1 1 2 2 2 2 2 1 1 1 0
 4 4 11 13 13 10 3 3 1 1 1 0 0 0 0 0 0 0 0 1 1 0 0 0 1 1 0 0 0 0 1 1 1 1 1 0 0 1 1 1 1 1 1 0 0 0
 4 4 11 13 13 10 3 3 1 1 1 0 0 0 0 0 0 0 0 1 1 0 0 0 1 1 0 0 0 0 1 1 1 1 1 0 0 1 1 1 1 1 1 0 0 0
 3 3 5 12 12 5 1 1 0 0 0 0 0 0 0 0 0 0 1 2 2 2 2 2 1 1 0 0 0 0 0 0 0 0 1 0 0 0 1 1 0 0 1 0 0 0
 1 1 2 9 9 8 1 1 2 2 1 1 1 0 0 0 1 1 1 3 3 4 3 3 1 1 0 0 0 1 0 0 0 0 0 0 0 0 1 1 0 0 0 0 0 0
