assets/RAT_results_old/precipitation/2017-10-21_IMERG.asc
ncols        46
nrows        77
xllcorner    74.800261325624
yllcorner    8.058333333333
cellsize     0.062500000000
NODATA_value -9999
 0 0 0 0 0 0 0 0 0 0 0 0 0 0 0 0 0 0 0 0 0 0 0 0 0 0 0 0 0 0 0 0 0 0 0 0 0 0 0 0 0 0 0 0 0 0
 0 0 0 0 0 0 0 0 0 0 0 0 0 0 0 0 0 0 0 0 0 0 0 0 0 0 0 0 0 0 0 0 0 0 0 0 0 0 0 0 0 0 0 0 0 0
 0 0 0 0 0 0 0 0 0 0 0 0 0 0 0 0 0 0 0 0 0 0 0 0 0 0 0 0 0 0 0 0 0 0 0 0 0 0 0 0 0 0 0 0 0 0
 0 0 0 0 0 0 0 0 0 0 0 0 0 0 0 0 0 0 0 0 0 0 0 0 0 0 0 0 0 0 0 0 0 0 0 0 0 0 0 0 0 0 0 0 0 0
 0 0 0 0 0 0 0 0 0 0 0 0 0 0 0 0 0 0 0 0 0 0 0 0 0 0 0 0 0 0 0 0 0 0 0 0 0 0 0 0 0 0 0 0 0 0
 0 0 0 0 0 0 0 0 0 0 0 0 0 0 0 0 0 0 0 0 0 0 0 0 0 0 0 0 0 0 0 0 0 0 0 0 0 0 0 0 0 0 0 0 0 0
 0 0 0 0 0 0 0 0 0 0 0 0 0 0 0 0 0 0 0 0 0 1 0 0 0 0 0 0 0 0 0 0 0 0 0 0 0 0 0 0 0 0 0 0 0 0
 0 0 0 0 0 0 0 0 0 0 0 0 0 0 0 0 0 0 0 0 0 1 0 0 0 0 0 0 0 0 0 0 0 0 0 0 0 0 0 0 0 0 0 0 0 0
 0 0 0 0 0 0 0 0 0 0 0 0 0 0 0 0 0 0 0 0 0 0 0 0 0 0 0 0 0 0 0 0 0 0 0 0 0 0 0 0 0 0 0 0 0 0
 0 0 0 0 0 0 0 0 0 0 0 0 0 0 0 0 0 0 0 0 0 0 0 0 0 0 0 0 0 1 1 1 1 1 0 0 0 0 0 0 0 0 0 0 0 0
 0 0 0 0 0 0 0 0 0 0 0 0 0 0 0 0 0 0 0 0 0 0 0 0 0 0 0 0 0 1 1 1 1 1 0 0 0 0 0 0 0 0 0 0 0 0
 0 0 0 0 0 0 0 0 0 0 0 0 0 0 0 0 0 0 0 0 0 0 0 0 0 0 0 0 0 0 0 0 0 0 0 0 0 0 0 0 0 0 0 0 0 1
 0 0 0 0 0 0 0 0 0 0 0 0 0 0 0 0 0 0 0 0 0 0 0 0 0 0 0 0 0 0 0 0 0 0 0 0 0 0 0 0 0 0 0 1 1 1
 0 0 0 0 0 0 0 0 0 0 0 0 0 0 0 0 0 0 0 0 0 0 0 0 0 0 0 0 0 0 0 0 0 0 0 0 0 0 0 0 0 0 0 1 1 1
 0 0 0 0 0 0 0 0 0 0 0 0 0 0 0 0 0 0 0 0 0 0 0 0 0 0 0 0 0 0 0 0 0 0 0 0 0 0 0 0 0 0 1 1 1 2
 0 0 0 0 0 0 0 0 0 0 0 0 0 0 0 0 0 0 0 0 0 0 0 0 0 0 0 0 0 0 0 0 0 0 0 0 0 0 0 0 0 0 1 1 1 2
 0 0 0 0 0 0 0 0 0 0 0 0 0 0 0 0 0 0 1 0 0 0 0 0 0 0 0 0 0 0 0 0 0 0 0 0 0 0 1 1 1 1 2 1 1 2
 0 0 0 0 0 0 0 0 0 0 0 0 0 0 0 0 0 0 0 2 2 3 1 1 0 0 0 0 0 0 0 0 0 0 0 0 0 0 1 1 1 1 1 1 1 2
 0 0 0 0 0 0 0 0 0 0 0 0 0 0 0 0 0 0 0 2 2 3 1 1 0 0 0 0 0 0 0 0 0 0 0 0 0 0 1 1 1 1 1 1 1 2
 0 0 0 0 0 0 0 0 0 0 0 1 1 0 0 0 0 0 2 4 4 6 1 1 0 0 0 0 0 0 0 0 0 0 1 1 1 0 1 1 2 2 1 1 1 2
 0 0 0 0 0 0 0 0 1 1 0 0 0 0 0 0 0 0 0 2 2 3 1 1 0 0 0 0 0 1 0 0 1 1 1 2 2 1 2 2 2 2 2 2 2 2
 0 0 0 0 0 0 0 0 1 1 0 0 0 0 0 0 0 0 0 2 2 3 1 1 0 0 0 0 0 1 0 0 1 1 1 2 2 1 2 2 2 2 2 2 2 2
 0 0 0 0 0 0 0 0 0 0 1 0 0 1 1 1 0 0 0 0 0 0 0 0 0 0 0 0 0 0 1 1 1 1 1 1 1 2 2 2 2 2 2 2 2 3
 0 0 0 0 0 0 0 0 0 0 1 0 0 1 1 1 0 0 0 0 0 0 0 0 0 0 0 0 0 0 1 1 1 1 1 1 1 2 2 2 2 2 2 2 2 3
 0 0 0 0 0 0 0 0 0 0 0 0 0 0 1 1 0 0 0 0 0 0 0 0 0 0 1 0 0 0 0 0 1 1 1 1 1 2 2 2 2 2 2 2 2 7
 0 0 0 1 1 1 2 2 1 1 0 0 0 0 1 1 0 0 1 0 0 0 0 0 0 0 0 0 0 1 0 0 1 1 1 1 1 2 2 2 2 2 1 3 3 9
 0 0 0 1 1 1 2 2 1 1 0 0 0 0 1 1 0 0 1 0 0 0 0 0 0 0 0 0 0 1 0 0 1 1 1 1 1 2 2 2 2 2 1 3 3 9
 0 0 0 2 2 4 4 4 0 0 1 0 0 0 0 0 0 0 0 0 0 0 0 0 1 1 0 0 0 0 0 0 0 0 2 9 9 1 2 2 4 4 11 9 9 10
 0 0 0 1 1 3 0 0 1 1 0 0 0 1 0 0 0 0 1 0 0 0 0 0 0 0 0 1 1 1 1 1 3 3 6 4 4 8 9 9 13 13 13 11 11 12
 0 0 0 1 1 3 0 0 1 1 0 0 0 1 0 0 0 0 1 0 0 0 0 0 0 0 0 1 1 1 1 1 3 3 6 4 4 8 9 9 13 13 13 11 11 12
 0 0 0 0 0 1 1 1 0 0 0 0 0 0 0 0 1 1 1 1 1 0 0 0 0 0 0 0 0 0 1 1 1 1 5 4 4 10 24 24 24 24 26 17 17 19
 0 0 0 0 0 1 1 1 0 0 0 0 0 0 0 0 1 1 1 1 1 0 0 0 0 0 0 0 0 0 1 1 1 1 5 4 4 10 24 24 24 24 26 17 17 19
 1 1 0 1 1 1 1 1 1 1 0 0 0 0 0 0 1 1 1 2 2 1 0 0 0 0 1 0 0 1 1 1 1 1 5 9 9 12 22 22 24 24 23 28 28 28
 0 0 1 2 2 2 1 1 1 1 1 1 1 1 0 0 0 0 2 1 1 1 2 2 1 1 0 4 4 7 3 3 5 5 5 11 11 10 11 11 17 17 21 21 21 22
 0 0 1 2 2 2 1 1 1 1 1 1 1 1 0 0 0 0 2 1 1 1 2 2 1 1 0 4 4 7 3 3 5 5 5 11 11 10 11 11 17 17 21 21 21 22
 0 0 1 2 2 2 1 1 1 1 1 0 0 1 1 1 0 0 1 1 1 1 2 2 0 0 9 1 1 7 42 42 6 6 6 7 7 9 20 20 22 22 24 25 25 23
 2 2 2 3 3 2 1 1 1 1 1 3 3 1 0 0 0 0 0 2 2 1 1 1 2 2 7 16 16 67 11 11 5 5 4 10 10 14 17 17 24 24 22 29 29 28
 2 2 2 3 3 2 1 1 1 1 1 3 3 1 0 0 0 0 0 2 2 1 1 1 2 2 7 16 16 67 11 11 5 5 4 10 10 14 17 17 24 24 22 29 29 28
 1 1 0 2 2 2 2 2 1 1 2 2 2 1 0 0 2 2 3 3 3 3 2 2 1 1 14 5 5 42 18 18 11 11 8 8 8 9 16 16 17 17 20 25 25 25
 1 1 0 2 2 2 2 2 1 1 2 2 2 1 0 0 2 2 3 3 3 3 2 2 1 1 14 5 5 42 18 18 11 11 8 8 8 9 16 16 17 17 20 25 25 25
 1 1 1 1 1 1 1 1 1 1 1 1 1 1 1 1 6 6 6 7 7 7 6 6 30 30 6 13 13 10 26 26 7 7 9 8 8 7 17 17 18 18 18 25 25 15
 0 0 1 1 1 1 1 1 1 1 1 1 1 1 1 1 5 5 6 11 11 8 7 7 14 14 7 9 9 16 3 3 2 2 5 7 7 6 11 11 11 11 15 16 16 11
 0 0 1 1 1 1 1 1 1 1 1 1 1 1 1 1 5 5 6 11 11 8 7 7 14 14 7 9 9 16 3 3 2 2 5 7 7 6 11 11 11 11 15 16 16 11
 0 0 0 1 1 0 1 1 1 1 1 2 2 3 2 2 1 1 1 4 4 5 8 8 8 8 7 5 5 1 5 5 8 8 5 5 5 6 5 5 11 11 20 7 7 5
 0 0 0 1 1 1 1 1 1 1 1 2 2 2 4 4 4 4 9 9 9 7 15 15 9 9 5 14 14 4 8 8 9 9 11 4 4 4 6 6 6 6 4 5 5 3
 0 0 0 1 1 1 1 1 1 1 1 2 2 2 4 4 4 4 9 9 9 7 15 15 9 9 5 14 14 4 8 8 9 9 11 4 4 4 6 6 6 6 4 5 5 3
 1 1 0 1 1 1 1 1 1 1 1 1 1 1 4 4 4 4 4 6 6 6 13 13 14 14 10 20 20 9 4 4 3 3 9 8 8 3 4 4 2 2 1 1 1 3
 1 1 0 1 1 1 1 1 1 1 1 1 1 1 4 4 4 4 4 6 6 6 13 13 14 14 10 20 20 9 4 4 3 3 9 8 8 3 4 4 2 2 1 1 1 3
 1 1 1 3 3 2 1 1 2 2 1 1 1 1 4 4 4 4 4 4 4 5 13 13 11 11 4 3 3 4 2 2 8 8 7 8 8 10 2 2 3 3 1 4 4 9
 2 2 7 3 3 2 2 2 1 1 2 1 1 1 1 1 2 2 4 17 17 6 8 8 8 8 4 6 6 9 29 29 8 8 9 8 8 9 1 1 2 2 1 3 3 7
 2 2 7 3 3 2 2 2 1 1 2 1 1 1 1 1 2 2 4 17 17 6 8 8 8 8 4 6 6 9 29 29 8 8 9 8 8 9 1 1 2 2 1 3 3 7
 3 3 3 2 2 4 7 7 5 5 2 1 1 2 3 3 2 2 4 14 14 8 7 7 6 6 6 3 3 10 6 6 7 7 23 7 7 6 2 2 1 1 2 2 2 4
 1 1 2 2 2 2 2 2 11 11 12 1 1 15 2 2 6 6 4 4 4 16 13 13 22 22 19 13 13 16 9 9 19 19 27 47 47 15 35 35 4 4 0 2 2 1
 1 1 2 2 2 2 2 2 11 11 12 1 1 15 2 2 6 6 4 4 4 16 13 13 22 22 19 13 13 16 9 9 19 19 27 47 47 15 35 35 4 4 0 2 2 1
 1 1 1 2 2 2 2 2 2 2 2 3 3 3 2 2 5 5 3 24 24 15 23 23 22 22 17 19 19 37 19 19 32 32 16 7 7 7 28 28 3 3 2 0 0 0
 1 1 1 2 2 2 2 2 2 2 2 3 3 3 2 2 5 5 3 24 24 15 23 23 22 22 17 19 19 37 19 19 32 32 16 7 7 7 28 28 3 3 2 0 0 0
 1 1 1 1 1 1 1 1 1 1 2 2 2 3 2 2 2 2 5 5 5 9 23 23 51 51 27 14 14 17 15 15 20 20 20 16 16 22 22 22 4 4 2 2 2 0
 9 9 8 7 7 7 2 2 2 2 2 2 2 3 3 3 3 3 3 5 5 5 9 9 7 7 11 17 17 20 36 36 25 25 24 16 16 17 28 28 21 21 1 0 0 0
 9 9 8 7 7 7 2 2 2 2 2 2 2 3 3 3 3 3 3 5 5 5 9 9 7 7 11 17 17 20 36 36 25 25 24 16 16 17 28 28 21 21 1 0 0 0
 15 15 12 8 8 9 9 9 9 9 8 7 7 5 3 3 3 3 3 4 4 4 9 9 5 5 17 17 17 26 54 54 26 26 38 36 36 25 36 36 14 14 1 1 1 0
 17 17 17 16 16 19 26 26 18 18 14 13 13 9 10 10 9 9 10 6 6 8 12 12 12 12 17 22 22 22 61 61 88 88 96 65 65 78 15 15 15 15 5 2 2 0
 17 17 17 16 16 19 26 26 18 18 14 13 13 9 10 10 9 9 10 6 6 8 12 12 12 12 17 22 22 22 61 61 88 88 96 65 65 78 15 15 15 15 5 2 2 0
 31 31 32 31 31 52 26 26 26 26 25 35 35 35 12 12 14 14 11 11 11 14 20 20 32 32 23 23 23 20 24 24 32 32 86 52 52 40 10 10 12 12 3 3 3 1
 31 31 32 31 31 52 26 26 26 26 25 35 35 35 12 12 14 14 11 11 11 14 20 20 32 32 23 23 23 20 24 24 32 32 86 52 52 40 10 10 12 12 3 3 3 1
 46 46 35 36 36 69 78 78 83 83 85 81 81 38 71 71 65 65 64 31 31 22 19 19 17 17 9 11 11 17 17 17 26 26 37 28 28 31 8 8 28 28 7 3 3 3
 46 46 48 65 65 82 96 96 76 76 91 88 88 47 57 57 58 58 35 38 38 34 16 16 18 18 13 10 10 12 13 13 13 13 24 41 41 23 8 8 12 12 6 6 6 4
 46 46 48 65 65 82 96 96 76 76 91 88 88 47 57 57 58 58 35 38 38 34 16 16 18 18 13 10 10 12 13 13 13 13 24 41 41 23 8 8 12 12 6 6 6 4
 70 70 74 67 67 83 85 85 82 82 51 53 53 54 53 53 56 56 26 25 25 21 11 11 13 13 13 8 8 7 8 8 7 7 9 13 13 8 5 5 5 5 11 6 6 4
 70 70 71 65 65 81 84 84 58 58 21 53 53 14 17 17 17 17 15 20 20 19 10 10 12 12 9 5 5 5 8 8 29 29 26 13 13 7 4 4 7 7 11 11 11 4
 70 70 71 65 65 81 84 84 58 58 21 53 53 14 17 17 17 17 15 20 20 19 10 10 12 12 9 5 5 5 8 8 29 29 26 13 13 7 4 4 7 7 11 11 11 4
 61 61 47 50 50 70 51 51 55 55 15 9 9 7 12 12 12 12 12 12 12 8 8 8 9 9 6 5 5 6 7 7 7 7 4 5 5 7 5 5 8 8 6 14 14 5
 61 61 47 50 50 70 51 51 55 55 15 9 9 7 12 12 12 12 12 12 12 8 8 8 9 9 6 5 5 6 7 7 7 7 4 5 5 7 5 5 8 8 6 14 14 5
 51 51 36 40 40 38 18 18 16 16 10 5 5 3 3 3 5 5 8 8 8 8 7 7 8 8 7 6 6 8 9 9 9 9 10 7 7 5 6 6 4 4 1 1 1 1
 40 40 25 19 19 18 8 8 12 12 6 3 3 3 3 3 8 8 7 9 9 8 7 7 7 7 9 7 7 7 8 8 8 8 6 7 7 6 6 6 6 6 2 1 1 0
 40 40 25 19 19 18 8 8 12 12 6 3 3 3 3 3 8 8 7 9 9 8 7 7 7 7 9 7 7 7 8 8 8 8 6 7 7 6 6 6 6 6 2 1 1 0
 20 20 16 10 10 18 6 6 4 4 5 2 2 3 3 3 6 6 8 9 9 11 12 12 10 10 11 8 8 7 7 7 6 6 2 7 7 5 9 9 6 6 4 3 3 2
 11 11 16 12 12 6 1 1 2 2 2 3 3 3 4 4 7 7 7 12 12 11 13 13 13 13 15 11 11 8 8 8 7 7 4 10 10 8 7 7 8 8 7 3 3 4
