assets/RAT_results_old/precipitation/2017-06-03_IMERG.asc
ncols        46
nrows        77
xllcorner    74.800261325624
yllcorner    8.058333333333
cellsize     0.062500000000
NODATA_value -9999
 12 12 6 6 6 16 9 9 3 3 2 0 0 0 0 0 0 0 0 0 0 0 0 0 0 0 0 0 0 0 0 0 0 0 0 0 0 0 0 0 0 0 0 0 0 0
 10 10 15 12 12 44 10 10 6 6 2 0 0 1 0 0 0 0 0 0 0 0 0 0 0 0 0 0 0 0 0 0 0 0 0 0 0 0 0 0 0 0 0 0 0 0
 10 10 15 12 12 44 10 10 6 6 2 0 0 1 0 0 0 0 0 0 0 0 0 0 0 0 0 0 0 0 0 0 0 0 0 0 0 0 0 0 0 0 0 0 0 0
 20 20 15 18 18 26 12 12 8 8 3 2 2 1 1 1 1 1 0 0 0 0 0 0 0 0 0 0 0 0 0 0 0 0 0 0 0 0 0 0 0 0 0 0 0 0
 5 5 15 18 18 21 21 21 31 31 16 4 4 5 2 2 1 1 1 0 0 0 0 0 0 0 0 0 0 0 0 0 0 0 0 0 0 0 0 0 0 0 0 0 0 0
 5 5 15 18 18 21 21 21 31 31 16 4 4 5 2 2 1 1 1 0 0 0 0 0 0 0 0 0 0 0 0 0 0 0 0 0 0 0 0 0 0 0 0 0 0 0
 6 6 12 24 24 28 35 35 23 23 29 10 10 5 3 3 3 3 1 1 1 0 0 0 0 0 0 0 0 0 0 0 0 0 0 0 0 0 0 0 0 0 0 0 0 0
 6 6 12 24 24 28 35 35 23 23 29 10 10 5 3 3 3 3 1 1 1 0 0 0 0 0 0 0 0 0 0 0 0 0 0 0 0 0 0 0 0 0 0 0 0 0
 6 6 8 19 19 19 39 39 37 37 22 12 12 14 8 8 7 7 2 1 1 0 0 0 0 0 0 0 0 0 0 0 0 0 0 0 0 0 0 0 0 0 0 0 0 0
 4 4 9 14 14 17 21 21 33 33 38 26 26 18 9 9 5 5 2 0 0 0 0 0 0 0 0 0 0 0 0 0 0 0 0 0 0 0 0 0 0 0 0 0 0 0
 4 4 9 14 14 17 21 21 33 33 38 26 26 18 9 9 5 5 2 0 0 0 0 0 0 0 0 0 0 0 0 0 0 0 0 0 0 0 0 0 0 0 0 0 0 0
 4 4 4 5 5 20 18 18 19 19 17 31 31 18 11 11 5 5 1 1 1 1 0 0 0 0 0 0 0 0 0 0 0 0 0 0 0 0 0 0 0 0 0 0 0 0
 4 4 5 6 6 10 5 5 9 9 10 17 17 12 9 9 8 8 0 0 0 1 0 0 0 0 0 0 0 0 0 0 0 0 0 0 0 0 0 0 0 0 0 0 0 5
 4 4 5 6 6 10 5 5 9 9 10 17 17 12 9 9 8 8 0 0 0 1 0 0 0 0 0 0 0 0 0 0 0 0 0 0 0 0 0 0 0 0 0 0 0 5
 9 9 13 3 3 12 9 9 4 4 3 6 6 5 7 7 4 4 2 1 1 0 0 0 0 0 0 0 0 0 0 0 0 0 0 0 0 1 1 1 1 1 4 0 0 5
 9 9 13 3 3 12 9 9 4 4 3 6 6 5 7 7 4 4 2 1 1 0 0 0 0 0 0 0 0 0 0 0 0 0 0 0 0 1 1 1 1 1 4 0 0 5
 22 22 23 3 3 1 1 1 5 5 4 6 6 11 4 4 6 6 3 2 2 1 0 0 0 0 0 0 0 0 0 0 0 0 1 1 1 1 1 1 1 1 1 1 1 2
 10 10 15 12 12 3 3 3 11 11 8 5 5 6 11 11 10 10 4 3 3 1 0 0 0 0 0 0 0 0 0 0 1 1 1 1 1 1 1 1 1 1 1 3 3 1
 10 10 15 12 12 3 3 3 11 11 8 5 5 6 11 11 10 10 4 3 3 1 0 0 0 0 0 0 0 0 0 0 1 1 1 1 1 1 1 1 1 1 1 3 3 1
 4 4 8 4 4 2 4 4 5 5 5 5 5 8 19 19 14 14 12 2 2 2 0 0 0 0 0 0 0 0 1 1 2 2 2 1 1 0 0 0 0 0 2 2 2 2
 2 2 4 6 6 2 1 1 3 3 3 7 7 9 12 12 25 25 21 9 9 5 2 2 0 0 0 0 0 0 1 1 2 2 2 4 4 0 0 0 0 0 0 0 0 0
 2 2 4 6 6 2 1 1 3 3 3 7 7 9 12 12 25 25 21 9 9 5 2 2 0 0 0 0 0 0 1 1 2 2 2 4 4 0 0 0 0 0 0 0 0 0
 1 1 3 2 2 2 2 2 1 1 1 3 3 6 9 9 13 13 23 14 14 5 4 4 2 2 0 1 1 1 0 0 0 0 0 0 0 0 0 0 0 0 0 0 0 0
 1 1 3 2 2 2 2 2 1 1 1 3 3 6 9 9 13 13 23 14 14 5 4 4 2 2 0 1 1 1 0 0 0 0 0 0 0 0 0 0 0 0 0 0 0 0
 1 1 2 1 1 1 2 2 1 1 1 2 2 6 9 9 9 9 10 8 8 11 5 5 2 2 2 1 1 0 0 0 0 0 0 0 0 0 0 0 0 0 0 0 0 0
 2 2 1 1 1 0 2 2 1 1 1 1 1 1 7 7 6 6 4 1 1 4 3 3 4 4 3 1 1 1 0 0 0 0 0 0 0 0 0 0 0 0 0 0 0 0
 2 2 1 1 1 0 2 2 1 1 1 1 1 1 7 7 6 6 4 1 1 4 3 3 4 4 3 1 1 1 0 0 0 0 0 0 0 0 0 0 0 0 0 0 0 0
 5 5 2 1 1 0 0 0 0 0 1 1 1 2 2 2 7 7 4 3 3 2 1 1 0 0 2 1 1 1 0 0 1 1 0 0 0 0 0 0 0 0 0 0 0 0
 5 5 2 1 1 0 0 0 0 0 0 0 0 1 1 1 4 4 4 6 6 4 2 2 0 0 5 2 2 1 1 1 0 0 0 0 0 0 0 0 0 0 0 0 0 0
 5 5 2 1 1 0 0 0 0 0 0 0 0 1 1 1 4 4 4 6 6 4 2 2 0 0 5 2 2 1 1 1 0 0 0 0 0 0 0 0 0 0 0 0 0 0
 4 4 2 1 1 1 0 0 0 0 0 1 1 1 2 2 3 3 3 6 6 4 2 2 8 8 0 1 1 2 0 0 1 1 0 0 0 0 0 0 0 0 0 0 0 0
 4 4 2 1 1 1 0 0 0 0 0 1 1 1 2 2 3 3 3 6 6 4 2 2 8 8 0 1 1 2 0 0 1 1 0 0 0 0 0 0 0 0 0 0 0 0
 6 6 3 1 1 1 1 1 1 1 1 0 0 1 1 1 7 7 4 3 3 5 5 5 1 1 0 0 0 0 0 0 1 1 0 0 0 0 0 0 0 0 0 0 0 0
 7 7 5 2 2 2 3 3 1 1 2 1 1 1 1 1 3 3 5 3 3 4 4 4 4 4 2 0 0 0 0 0 0 0 0 0 0 0 0 0 0 0 0 0 0 0
 7 7 5 2 2 2 3 3 1 1 2 1 1 1 1 1 3 3 5 3 3 4 4 4 4 4 2 0 0 0 0 0 0 0 0 0 0 0 0 0 0 0 0 0 0 0
 11 11 7 5 5 3 4 4 2 2 2 2 2 1 1 1 4 4 6 6 6 3 1 1 1 1 1 0 0 1 1 1 2 2 0 0 0 0 0 0 0 0 0 0 0 0
 14 14 14 6 6 7 2 2 2 2 3 3 3 1 1 1 3 3 4 7 7 4 1 1 1 1 1 0 0 2 4 4 1 1 0 0 0 0 0 0 0 0 0 0 0 0
 14 14 14 6 6 7 2 2 2 2 3 3 3 1 1 1 3 3 4 7 7 4 1 1 1 1 1 0 0 2 4 4 1 1 0 0 0 0 0 0 0 0 0 0 0 0
 26 26 20 13 13 16 13 13 6 6 2 1 1 0 1 1 1 1 5 4 4 3 2 2 1 1 3 1 1 1 0 0 1 1 0 0 0 0 0 0 0 0 0 0 0 0
 26 26 20 13 13 16 13 13 6 6 2 1 1 0 1 1 1 1 5 4 4 3 2 2 1 1 3 1 1 1 0 0 1 1 0 0 0 0 0 0 0 0 0 0 0 0
 33 33 26 25 25 18 11 11 12 12 6 1 1 1 0 0 1 1 1 4 4 3 3 3 1 1 1 1 1 1 1 1 3 3 2 0 0 1 0 0 0 0 0 1 1 0
 33 33 32 24 24 37 13 13 12 12 10 3 3 3 1 1 1 1 2 1 1 6 5 5 4 4 2 2 2 4 2 2 4 4 5 3 3 1 1 1 0 0 1 1 1 0
 33 33 32 24 24 37 13 13 12 12 10 3 3 3 1 1 1 1 2 1 1 6 5 5 4 4 2 2 2 4 2 2 4 4 5 3 3 1 1 1 0 0 1 1 1 0
 37 37 34 26 26 24 21 21 14 14 9 6 6 3 2 2 2 2 3 2 2 6 6 6 5 5 4 3 3 4 2 2 3 3 3 3 3 2 1 1 0 0 2 0 0 0
 64 64 48 35 35 35 21 21 21 21 10 10 10 5 2 2 5 5 4 5 5 6 6 6 5 5 4 3 3 3 3 3 1 1 0 3 3 3 2 2 1 1 0 0 0 0
 64 64 48 35 35 35 21 21 21 21 10 10 10 5 2 2 5 5 4 5 5 6 6 6 5 5 4 3 3 3 3 3 1 1 0 3 3 3 2 2 1 1 0 0 0 0
 51 51 43 46 46 34 42 42 21 21 12 9 9 5 2 2 4 4 6 6 6 5 8 8 7 7 6 6 6 7 5 5 3 3 1 0 0 2 1 1 0 0 0 0 0 0
 51 51 43 46 46 34 42 42 21 21 12 9 9 5 2 2 4 4 6 6 6 5 8 8 7 7 6 6 6 7 5 5 3 3 1 0 0 2 1 1 0 0 0 0 0 0
 52 52 43 59 59 122 25 25 14 14 13 13 13 10 6 6 3 3 5 11 11 7 12 12 12 12 12 10 10 11 8 8 4 4 1 0 0 0 0 0 0 0 0 0 0 0
 57 57 44 57 57 122 51 51 30 30 13 11 11 9 9 9 5 5 5 15 15 19 14 14 15 15 9 13 13 13 12 12 3 3 1 2 2 3 2 2 1 1 0 1 1 0
 57 57 44 57 57 122 51 51 30 30 13 11 11 9 9 9 5 5 5 15 15 19 14 14 15 15 9 13 13 13 12 12 3 3 1 2 2 3 2 2 1 1 0 1 1 0
 53 53 49 43 43 38 34 34 29 29 30 13 13 11 11 11 13 13 5 17 17 7 11 11 21 21 19 9 9 16 10 10 6 6 2 2 2 1 1 1 0 0 3 2 2 0
 53 53 52 42 42 43 35 35 17 17 9 14 14 9 14 14 6 6 5 9 9 5 12 12 36 36 25 9 9 10 11 11 8 8 3 1 1 0 0 0 3 3 2 2 2 0
 53 53 52 42 42 43 35 35 17 17 9 14 14 9 14 14 6 6 5 9 9 5 12 12 36 36 25 9 9 10 11 11 8 8 3 1 1 0 0 0 3 3 2 2 2 0
 67 67 67 36 36 40 29 29 15 15 15 16 16 12 11 11 6 6 14 9 9 7 10 10 24 24 24 14 14 15 17 17 10 10 3 2 2 2 3 3 3 3 2 0 0 0
 67 67 67 36 36 40 29 29 15 15 15 16 16 12 11 11 6 6 14 9 9 7 10 10 24 24 24 14 14 15 17 17 10 10 3 2 2 2 3 3 3 3 2 0 0 0
 77 77 78 47 47 38 22 22 19 19 15 15 15 14 18 18 23 23 11 21 21 14 21 21 22 22 32 19 19 11 13 13 11 11 12 7 7 3 1 1 0 0 2 0 0 0
 63 63 49 43 43 37 28 28 18 18 18 15 15 26 21 21 20 20 14 11 11 20 29 29 21 21 37 22 22 12 19 19 18 18 5 1 1 0 1 1 2 2 1 0 0 0
 63 63 49 43 43 37 28 28 18 18 18 15 15 26 21 21 20 20 14 11 11 20 29 29 21 21 37 22 22 12 19 19 18 18 5 1 1 0 1 1 2 2 1 0 0 0
 45 45 36 30 30 21 20 20 15 15 15 14 14 24 31 31 21 21 28 19 19 31 33 33 27 27 33 22 22 26 14 14 8 8 2 3 3 0 0 0 0 0 1 0 0 0
 35 35 28 30 30 17 14 14 14 14 17 15 15 20 29 29 27 27 15 13 13 23 61 61 31 31 19 35 35 34 19 19 6 6 5 2 2 0 1 1 0 0 0 0 0 0
 35 35 28 30 30 17 14 14 14 14 17 15 15 20 29 29 27 27 15 13 13 23 61 61 31 31 19 35 35 34 19 19 6 6 5 2 2 0 1 1 0 0 0 0 0 0
 24 24 19 22 22 12 10 10 9 9 15 19 19 26 32 32 40 40 25 21 21 37 66 66 43 43 19 22 22 14 12 12 11 11 6 2 2 0 0 0 0 0 0 0 0 0
 24 24 19 22 22 12 10 10 9 9 15 19 19 26 32 32 40 40 25 21 21 37 66 66 43 43 19 22 22 14 12 12 11 11 6 2 2 0 0 0 0 0 0 0 0 0
 17 17 15 13 13 7 7 7 17 17 11 27 27 26 63 63 47 47 28 21 21 43 37 37 27 27 30 23 23 15 12 12 4 4 3 5 5 0 2 2 1 1 1 0 0 0
 18 18 16 12 12 6 6 6 6 6 10 28 28 14 15 15 25 25 24 24 24 24 24 24 28 28 22 23 23 31 23 23 8 8 4 2 2 1 0 0 0 0 0 0 0 0
 18 18 16 12 12 6 6 6 6 6 10 28 28 14 15 15 25 25 24 24 24 24 24 24 28 28 22 23 23 31 23 23 8 8 4 2 2 1 0 0 0 0 0 0 0 0
 14 14 15 9 9 5 5 5 5 5 7 14 14 14 16 16 14 14 14 17 17 26 28 28 34 34 16 41 41 30 23 23 14 14 8 4 4 8 0 0 1 1 0 0 0 0
 11 11 9 8 8 6 8 8 8 8 14 23 23 19 18 18 25 25 18 25 25 25 22 22 26 26 27 34 34 29 20 20 44 44 19 9 9 5 3 3 3 3 0 0 0 0
 11 11 9 8 8 6 8 8 8 8 14 23 23 19 18 18 25 25 18 25 25 25 22 22 26 26 27 34 34 29 20 20 44 44 19 9 9 5 3 3 3 3 0 0 0 0
 7 7 7 8 8 7 6 6 6 6 10 15 15 19 19 19 32 32 28 44 44 49 55 55 25 25 23 35 35 26 17 17 37 37 49 18 18 13 9 9 4 4 4 0 0 0
 7 7 7 8 8 7 6 6 6 6 10 15 15 19 19 19 32 32 28 44 44 49 55 55 25 25 23 35 35 26 17 17 37 37 49 18 18 13 9 9 4 4 4 0 0 0
 7 7 8 7 7 8 9 9 9 9 16 16 16 19 19 19 17 17 29 23 23 32 47 47 31 31 23 20 20 31 18 18 22 22 22 23 23 20 7 7 2 2 2 1 1 0
 9 9 9 10 10 8 6 6 7 7 9 8 8 17 21 21 30 30 24 24 24 29 54 54 75 75 22 54 54 17 15 15 15 15 16 15 15 31 4 4 2 2 1 0 0 0
 9 9 9 10 10 8 6 6 7 7 9 8 8 17 21 21 30 30 24 24 24 29 54 54 75 75 22 54 54 17 15 15 15 15 16 15 15 31 4 4 2 2 1 0 0 0
 8 8 10 7 7 7 6 6 8 8 10 12 12 20 16 16 16 16 25 50 50 22 26 26 32 32 34 23 23 16 28 28 25 25 11 5 5 5 22 22 11 11 2 1 1 0
 12 12 12 10 10 9 9 9 10 10 13 16 16 29 21 21 25 25 20 20 20 18 21 21 24 24 33 38 38 24 43 43 18 18 8 6 6 8 12 12 39 39 39 23 23 8
