assets/RAT_results_old/precipitation/2017-08-15_IMERG.asc
ncols        46
nrows        77
xllcorner    74.800261325624
yllcorner    8.058333333333
cellsize     0.062500000000
NODATA_value -9999
 22 22 21 31 31 18 16 16 18 18 40 5 5 5 4 4 14 14 8 8 8 18 21 21 26 26 30 26 26 38 56 56 60 60 76 52 52 41 46 46 46 46 30 43 43 54
 28 28 19 29 29 39 6 6 13 13 8 8 8 8 8 8 9 9 12 14 14 19 31 31 30 30 34 25 25 44 70 70 59 59 48 55 55 56 85 85 43 43 44 47 47 59
 28 28 19 29 29 39 6 6 13 13 8 8 8 8 8 8 9 9 12 14 14 19 31 31 30 30 34 25 25 44 70 70 59 59 48 55 55 56 85 85 43 43 44 47 47 59
 28 28 23 20 20 9 10 10 13 13 10 15 15 13 11 11 8 8 6 14 14 14 34 34 28 28 35 44 44 48 53 53 75 75 86 65 65 70 105 105 48 48 43 45 45 54
 23 23 19 15 15 8 12 12 25 25 17 17 17 16 18 18 11 11 6 7 7 7 32 32 34 34 25 51 51 47 56 56 66 66 66 81 81 74 82 82 55 55 52 36 36 38
 23 23 19 15 15 8 12 12 25 25 17 17 17 16 18 18 11 11 6 7 7 7 32 32 34 34 25 51 51 47 56 56 66 66 66 81 81 74 82 82 55 55 52 36 36 38
 12 12 7 11 11 11 27 27 21 21 39 32 32 23 13 13 10 10 9 7 7 7 19 19 23 23 25 44 44 57 51 51 44 44 68 60 60 89 80 80 69 69 53 36 36 23
 12 12 7 11 11 11 27 27 21 21 39 32 32 23 13 13 10 10 9 7 7 7 19 19 23 23 25 44 44 57 51 51 44 44 68 60 60 89 80 80 69 69 53 36 36 23
 22 22 10 16 16 19 20 20 61 61 27 24 24 21 13 13 11 11 11 11 11 16 19 19 33 33 25 30 30 39 45 45 57 57 70 67 67 55 67 67 48 48 47 31 31 31
 12 12 16 17 17 83 38 38 66 66 18 17 17 30 28 28 16 16 13 12 12 19 29 29 30 30 30 25 25 53 43 43 57 57 61 77 77 64 47 47 56 56 37 40 40 33
 12 12 16 17 17 83 38 38 66 66 18 17 17 30 28 28 16 16 13 12 12 19 29 29 30 30 30 25 25 53 43 43 57 57 61 77 77 64 47 47 56 56 37 40 40 33
 11 11 22 12 12 22 22 22 25 25 28 32 32 24 45 45 16 16 17 15 15 27 19 19 41 41 30 29 29 32 46 46 49 49 54 50 50 45 41 41 40 40 33 32 32 36
 19 19 11 13 13 18 24 24 22 22 19 21 21 28 21 21 34 34 21 17 17 17 18 18 19 19 23 20 20 39 40 40 45 45 40 44 44 45 37 37 41 41 39 39 39 50
 19 19 11 13 13 18 24 24 22 22 19 21 21 28 21 21 34 34 21 17 17 17 18 18 19 19 23 20 20 39 40 40 45 45 40 44 44 45 37 37 41 41 39 39 39 50
 9 9 7 12 12 12 41 41 25 25 28 67 67 21 30 30 49 49 20 25 25 28 19 19 18 18 19 19 19 21 33 33 25 25 25 24 24 28 34 34 35 35 27 26 26 32
 9 9 7 12 12 12 41 41 25 25 28 67 67 21 30 30 49 49 20 25 25 28 19 19 18 18 19 19 19 21 33 33 25 25 25 24 24 28 34 34 35 35 27 26 26 32
 8 8 3 7 7 11 7 7 26 26 16 29 29 38 57 57 76 76 24 21 21 25 18 18 16 16 15 16 16 16 18 18 20 20 22 21 21 27 21 21 24 24 25 28 28 33
 1 1 2 2 2 6 5 5 12 12 12 24 24 20 32 32 82 82 62 43 43 19 16 16 19 19 20 16 16 15 16 16 16 16 13 17 17 19 17 17 12 12 19 16 16 7
 1 1 2 2 2 6 5 5 12 12 12 24 24 20 32 32 82 82 62 43 43 19 16 16 19 19 20 16 16 15 16 16 16 16 13 17 17 19 17 17 12 12 19 16 16 7
 1 1 2 3 3 1 5 5 10 10 13 28 28 26 21 21 26 26 46 26 26 21 21 21 22 22 20 11 11 12 11 11 11 11 13 17 17 12 10 10 23 23 6 4 4 3
 0 0 1 1 1 2 3 3 7 7 19 21 21 23 24 24 23 23 21 29 29 20 23 23 21 21 14 7 7 7 5 5 6 6 8 10 10 8 2 2 3 3 2 3 3 15
 0 0 1 1 1 2 3 3 7 7 19 21 21 23 24 24 23 23 21 29 29 20 23 23 21 21 14 7 7 7 5 5 6 6 8 10 10 8 2 2 3 3 2 3 3 15
 2 2 1 1 1 2 2 2 4 4 5 4 4 12 11 11 11 11 22 18 18 39 12 12 15 15 9 6 6 10 8 8 6 6 9 11 11 4 2 2 2 2 3 6 6 8
 2 2 1 1 1 2 2 2 4 4 5 4 4 12 11 11 11 11 22 18 18 39 12 12 15 15 9 6 6 10 8 8 6 6 9 11 11 4 2 2 2 2 3 6 6 8
 2 2 1 1 1 1 1 1 1 1 2 5 5 7 14 14 11 11 12 13 13 14 9 9 9 9 5 4 4 8 7 7 5 5 5 4 4 4 4 4 5 5 2 5 5 7
 1 1 2 2 2 2 1 1 1 1 1 1 1 2 9 9 13 13 15 20 20 12 8 8 13 13 8 5 5 8 9 9 3 3 6 2 2 3 7 7 4 4 5 6 6 10
 1 1 2 2 2 2 1 1 1 1 1 1 1 2 9 9 13 13 15 20 20 12 8 8 13 13 8 5 5 8 9 9 3 3 6 2 2 3 7 7 4 4 5 6 6 10
 1 1 1 1 1 2 1 1 2 2 1 1 1 4 5 5 12 12 26 24 24 20 10 10 10 10 6 18 18 6 4 4 5 5 4 3 3 2 3 3 3 3 2 6 6 3
 1 1 1 3 3 3 2 2 2 2 2 2 2 3 7 7 9 9 34 21 21 24 28 28 11 11 7 6 6 9 4 4 7 7 2 2 2 1 3 3 6 6 2 8 8 3
 1 1 1 3 3 3 2 2 2 2 2 2 2 3 7 7 9 9 34 21 21 24 28 28 11 11 7 6 6 9 4 4 7 7 2 2 2 1 3 3 6 6 2 8 8 3
 1 1 5 4 4 2 1 1 1 1 4 2 2 4 8 8 8 8 20 21 21 38 29 29 13 13 11 8 8 6 3 3 1 1 1 2 2 0 0 0 4 4 1 3 3 2
 1 1 5 4 4 2 1 1 1 1 4 2 2 4 8 8 8 8 20 21 21 38 29 29 13 13 11 8 8 6 3 3 1 1 1 2 2 0 0 0 4 4 1 3 3 2
 2 2 3 3 3 1 1 1 1 1 2 2 2 3 6 6 8 8 10 36 36 37 27 27 28 28 16 24 24 5 2 2 2 2 0 2 2 3 1 1 0 0 0 2 2 4
 1 1 1 1 1 0 1 1 1 1 1 1 1 1 6 6 4 4 2 6 6 11 27 27 34 34 9 9 9 6 2 2 2 2 1 0 0 0 1 1 1 1 0 3 3 5
 1 1 1 1 1 0 1 1 1 1 1 1 1 1 6 6 4 4 2 6 6 11 27 27 34 34 9 9 9 6 2 2 2 2 1 0 0 0 1 1 1 1 0 3 3 5
 2 2 1 1 1 0 1 1 1 1 0 1 1 1 2 2 1 1 3 4 4 5 9 9 23 23 6 7 7 5 3 3 6 6 2 3 3 5 3 3 1 1 3 5 5 11
 2 2 1 1 1 0 0 0 1 1 0 0 0 1 1 1 1 1 1 3 3 3 2 2 1 1 1 1 1 7 4 4 3 3 4 3 3 5 4 4 3 3 3 5 5 8
 2 2 1 1 1 0 0 0 1 1 0 0 0 1 1 1 1 1 1 3 3 3 2 2 1 1 1 1 1 7 4 4 3 3 4 3 3 5 4 4 3 3 3 5 5 8
 1 1 1 0 0 0 1 1 1 1 1 0 0 0 0 0 1 1 1 2 2 2 2 2 1 1 2 7 7 5 5 5 6 6 9 12 12 6 7 7 10 10 11 8 8 10
 1 1 1 0 0 0 1 1 1 1 1 0 0 0 0 0 1 1 1 2 2 2 2 2 1 1 2 7 7 5 5 5 6 6 9 12 12 6 7 7 10 10 11 8 8 10
 0 0 1 3 3 1 0 0 1 1 0 1 1 1 1 1 1 1 1 6 6 1 2 2 2 2 5 12 12 12 7 7 6 6 11 13 13 16 7 7 9 9 8 10 10 8
 0 0 1 1 1 1 0 0 1 1 1 1 1 0 0 0 0 0 0 1 1 1 3 3 9 9 5 14 14 12 4 4 5 5 11 17 17 16 10 10 11 11 12 12 12 13
 0 0 1 1 1 1 0 0 1 1 1 1 1 0 0 0 0 0 0 1 1 1 3 3 9 9 5 14 14 12 4 4 5 5 11 17 17 16 10 10 11 11 12 12 12 13
 1 1 1 1 1 0 1 1 0 0 1 1 1 1 0 0 0 0 1 1 1 2 4 4 10 10 5 10 10 10 4 4 5 5 6 12 12 20 20 20 13 13 14 11 11 14
 0 0 0 1 1 0 0 0 0 0 0 0 0 1 0 0 0 0 1 2 2 3 3 3 4 4 4 13 13 9 3 3 8 8 8 8 8 16 13 13 11 11 22 9 9 13
 0 0 0 1 1 0 0 0 0 0 0 0 0 1 0 0 0 0 1 2 2 3 3 3 4 4 4 13 13 9 3 3 8 8 8 8 8 16 13 13 11 11 22 9 9 13
 1 1 0 0 0 0 0 0 0 0 0 0 0 0 1 1 1 1 2 1 1 1 8 8 6 6 8 21 21 8 5 5 3 3 6 8 8 10 6 6 5 5 7 21 21 12
 1 1 0 0 0 0 0 0 0 0 0 0 0 0 1 1 1 1 2 1 1 1 8 8 6 6 8 21 21 8 5 5 3 3 6 8 8 10 6 6 5 5 7 21 21 12
 0 0 0 0 0 1 1 1 1 1 1 1 1 1 2 2 3 3 2 2 2 2 7 7 26 26 34 29 29 18 7 7 7 7 13 8 8 5 3 3 2 2 4 11 11 15
 0 0 0 0 0 1 1 1 1 1 1 2 2 2 2 2 3 3 4 9 9 4 9 9 14 14 22 28 28 28 12 12 10 10 25 13 13 10 3 3 2 2 2 10 10 15
 0 0 0 0 0 1 1 1 1 1 1 2 2 2 2 2 3 3 4 9 9 4 9 9 14 14 22 28 28 28 12 12 10 10 25 13 13 10 3 3 2 2 2 10 10 15
 0 0 0 0 0 1 1 1 1 1 1 1 1 2 2 2 3 3 4 3 3 9 15 15 22 22 26 31 31 23 10 10 4 4 6 15 15 10 2 2 1 1 2 7 7 6
 0 0 0 1 1 0 0 0 1 1 1 1 1 1 1 1 2 2 2 2 2 2 12 12 11 11 12 21 21 32 11 11 7 7 3 7 7 8 2 2 2 2 2 3 3 5
 0 0 0 1 1 0 0 0 1 1 1 1 1 1 1 1 2 2 2 2 2 2 12 12 11 11 12 21 21 32 11 11 7 7 3 7 7 8 2 2 2 2 2 3 3 5
 0 0 0 0 0 0 1 1 0 0 1 1 1 2 2 2 2 2 2 2 2 2 2 2 4 4 6 1 1 20 15 15 1 1 1 2 2 12 5 5 13 13 1 1 1 2
 0 0 0 0 0 0 1 1 0 0 1 1 1 2 2 2 2 2 2 2 2 2 2 2 4 4 6 1 1 20 15 15 1 1 1 2 2 12 5 5 13 13 1 1 1 2
 0 0 0 0 0 0 1 1 1 1 1 2 2 3 4 4 3 3 2 1 1 1 1 1 3 3 2 1 1 1 1 1 1 1 1 5 5 12 5 5 1 1 0 0 0 0
 0 0 2 1 1 0 0 0 0 0 0 1 1 2 3 3 3 3 3 1 1 1 0 0 0 0 1 0 0 0 0 0 1 1 0 8 8 4 1 1 1 1 0 0 0 0
 0 0 2 1 1 0 0 0 0 0 0 1 1 2 3 3 3 3 3 1 1 1 0 0 0 0 1 0 0 0 0 0 1 1 0 8 8 4 1 1 1 1 0 0 0 0
 0 0 1 1 1 0 0 0 0 0 0 0 0 1 1 1 1 1 1 0 0 0 0 0 0 0 0 0 0 0 0 0 0 0 4 0 0 0 1 1 0 0 0 0 0 0
 0 0 0 0 0 0 0 0 0 0 0 0 0 0 0 0 0 0 0 0 0 0 0 0 0 0 0 0 0 1 0 0 0 0 0 0 0 0 0 0 0 0 0 0 0 0
 0 0 0 0 0 0 0 0 0 0 0 0 0 0 0 0 0 0 0 0 0 0 0 0 0 0 0 0 0 1 0 0 0 0 0 0 0 0 0 0 0 0 0 0 0 0
 0 0 0 0 0 0 1 1 0 0 0 0 0 0 0 0 0 0 0 0 0 0 0 0 0 0 0 0 0 0 0 0 0 0 0 0 0 0 0 0 0 0 2 0 0 0
 0 0 0 0 0 0 1 1 0 0 0 0 0 0 0 0 0 0 0 0 0 0 0 0 0 0 0 0 0 0 0 0 0 0 0 0 0 0 0 0 0 0 2 0 0 0
 0 0 0 0 0 0 0 0 1 1 0 0 0 0 0 0 0 0 0 0 0 0 1 1 1 1 0 0 0 0 0 0 0 0 0 0 0 0 0 0 2 2 1 0 0 0
 0 0 0 0 0 1 0 0 0 0 0 0 0 0 0 0 0 0 0 0 0 0 0 0 0 0 1 0 0 0 0 0 0 0 0 0 0 0 1 1 1 1 1 0 0 2
 0 0 0 0 0 1 0 0 0 0 0 0 0 0 0 0 0 0 0 0 0 0 0 0 0 0 1 0 0 0 0 0 0 0 0 0 0 0 1 1 1 1 1 0 0 2
 0 0 1 1 1 1 0 0 0 0 0 0 0 0 0 0 0 0 0 1 1 0 0 0 0 0 0 0 0 0 0 0 0 0 0 0 0 4 2 2 2 2 5 2 2 0
 1 1 1 1 1 1 1 1 0 0 0 0 0 0 0 0 1 1 0 1 1 1 0 0 0 0 0 0 0 0 0 0 1 1 1 4 4 4 3 3 3 3 2 3 3 0
 1 1 1 1 1 1 1 1 0 0 0 0 0 0 0 0 1 1 0 1 1 1 0 0 0 0 0 0 0 0 0 0 1 1 1 4 4 4 3 3 3 3 2 3 3 0
 1 1 1 1 1 1 0 0 0 0 0 0 0 1 0 0 0 0 0 0 0 0 0 0 0 0 0 0 0 0 0 0 0 0 1 1 1 1 1 1 1 1 0 0 0 0
 1 1 1 1 1 1 0 0 0 0 0 0 0 1 0 0 0 0 0 0 0 0 0 0 0 0 0 0 0 0 0 0 0 0 1 1 1 1 1 1 1 1 0 0 0 0
 0 0 0 0 0 0 0 0 0 0 0 0 0 0 0 0 0 0 0 0 0 0 0 0 0 0 0 0 0 0 0 0 0 0 0 0 0 0 0 0 0 0 0 0 0 0
 0 0 0 0 0 0 0 0 0 0 0 0 0 0 0 0 0 0 0 0 0 0 0 0 0 0 0 0 0 0 0 0 0 0 0 0 0 0 0 0 0 0 0 0 0 1
 0 0 0 0 0 0 0 0 0 0 0 0 0 0 0 0 0 0 0 0 0 0 0 0 0 0 0 0 0 0 0 0 0 0 0 0 0 0 0 0 0 0 0 0 0 1
 0 0 0 0 0 0 0 0 0 0 0 0 0 0 0 0 0 0 0 0 0 0 0 0 0 0 0 0 0 0 0 0 0 0 0 0 0 0 0 0 0 0 1 0 0 0
 0 0 0 0 0 0 0 0 0 0 1 0 0 0 0 0 0 0 0 0 0 0 0 0 0 0 0 0 0 0 0 0 0 0 0 0 0 0 0 0 0 0 0 0 0 0
