assets/RAT_results_old/precipitation/2017-07-08_IMERG.asc
ncols        46
nrows        77
xllcorner    74.800261325624
yllcorner    8.058333333333
cellsize     0.062500000000
NODATA_value -9999
 34 34 16 8 8 14 12 12 5 5 4 2 2 3 1 1 1 1 0 1 1 0 0 0 1 1 1 1 1 1 1 1 1 1 1 2 2 1 2 2 2 2 4 5 5 1
 28 28 10 6 6 6 5 5 11 11 3 2 2 2 2 2 1 1 0 1 1 0 0 0 1 1 1 1 1 1 1 1 1 1 3 5 5 5 4 4 2 2 3 6 6 3
 28 28 10 6 6 6 5 5 11 11 3 2 2 2 2 2 1 1 0 1 1 0 0 0 1 1 1 1 1 1 1 1 1 1 3 5 5 5 4 4 2 2 3 6 6 3
 17 17 8 8 8 4 7 7 2 2 3 3 3 3 2 2 1 1 1 1 1 1 1 1 2 2 3 4 4 7 3 3 3 3 5 6 6 7 4 4 3 3 3 2 2 3
 11 11 9 8 8 6 12 12 7 7 4 5 5 2 2 2 0 0 1 1 1 0 1 1 2 2 3 3 3 4 3 3 5 5 4 5 5 4 3 3 2 2 1 1 1 1
 11 11 9 8 8 6 12 12 7 7 4 5 5 2 2 2 0 0 1 1 1 0 1 1 2 2 3 3 3 4 3 3 5 5 4 5 5 4 3 3 2 2 1 1 1 1
 11 11 22 13 13 10 12 12 7 7 5 5 5 4 4 4 1 1 1 0 0 0 0 0 1 1 2 2 2 2 3 3 3 3 3 3 3 2 2 2 2 2 1 1 1 1
 11 11 22 13 13 10 12 12 7 7 5 5 5 4 4 4 1 1 1 0 0 0 0 0 1 1 2 2 2 2 3 3 3 3 3 3 3 2 2 2 2 2 1 1 1 1
 11 11 15 12 12 17 11 11 11 11 5 9 9 6 1 1 1 1 1 1 1 0 0 0 0 0 1 1 1 2 2 2 2 2 1 1 1 1 1 1 1 1 1 1 1 1
 28 28 33 22 22 16 12 12 5 5 4 2 2 1 3 3 2 2 1 1 1 1 1 1 1 1 0 1 1 1 2 2 1 1 1 0 0 0 1 1 1 1 1 1 1 0
 28 28 33 22 22 16 12 12 5 5 4 2 2 1 3 3 2 2 1 1 1 1 1 1 1 1 0 1 1 1 2 2 1 1 1 0 0 0 1 1 1 1 1 1 1 0
 17 17 33 32 32 28 9 9 9 9 4 4 4 3 1 1 2 2 1 2 2 1 0 0 1 1 1 1 1 0 0 0 0 0 0 1 1 1 0 0 0 0 0 0 0 0
 20 20 26 39 39 37 19 19 18 18 8 6 6 4 6 6 4 4 1 2 2 0 0 0 0 0 1 0 0 0 0 0 0 0 0 1 1 1 1 1 0 0 0 0 0 0
 20 20 26 39 39 37 19 19 18 18 8 6 6 4 6 6 4 4 1 2 2 0 0 0 0 0 1 0 0 0 0 0 0 0 0 1 1 1 1 1 0 0 0 0 0 0
 8 8 14 17 17 25 23 23 19 19 15 9 9 7 3 3 2 2 1 0 0 0 0 0 0 0 0 0 0 2 1 1 0 0 0 1 1 1 1 1 1 1 0 0 0 0
 8 8 14 17 17 25 23 23 19 19 15 9 9 7 3 3 2 2 1 0 0 0 0 0 0 0 0 0 0 2 1 1 0 0 0 1 1 1 1 1 1 1 0 0 0 0
 13 13 6 7 7 12 15 15 17 17 11 14 14 8 4 4 1 1 1 0 0 1 1 1 1 1 1 1 1 5 1 1 6 6 3 1 1 1 1 1 1 1 2 0 0 0
 18 18 10 8 8 13 7 7 13 13 15 10 10 9 5 5 4 4 2 1 1 1 2 2 2 2 3 3 3 0 2 2 2 2 1 1 1 0 2 2 0 0 2 0 0 0
 18 18 10 8 8 13 7 7 13 13 15 10 10 9 5 5 4 4 2 1 1 1 2 2 2 2 3 3 3 0 2 2 2 2 1 1 1 0 2 2 0 0 2 0 0 0
 19 19 15 12 12 9 17 17 8 8 10 16 16 10 7 7 3 3 10 3 3 3 1 1 1 1 1 1 1 1 1 1 1 1 2 0 0 1 2 2 0 0 0 0 0 0
 25 25 31 30 30 12 9 9 7 7 10 36 36 14 12 12 6 6 11 6 6 8 1 1 1 1 1 1 1 3 2 2 2 2 1 1 1 1 1 1 0 0 0 0 0 0
 25 25 31 30 30 12 9 9 7 7 10 36 36 14 12 12 6 6 11 6 6 8 1 1 1 1 1 1 1 3 2 2 2 2 1 1 1 1 1 1 0 0 0 0 0 0
 26 26 22 27 27 15 17 17 13 13 13 28 28 16 5 5 10 10 5 13 13 6 3 3 2 2 1 1 1 2 1 1 1 1 1 0 0 0 1 1 1 1 0 1 1 1
 26 26 22 27 27 15 17 17 13 13 13 28 28 16 5 5 10 10 5 13 13 6 3 3 2 2 1 1 1 2 1 1 1 1 1 0 0 0 1 1 1 1 0 1 1 1
 22 22 16 25 25 28 13 13 29 29 14 13 13 19 9 9 8 8 10 9 9 3 2 2 2 2 1 1 1 2 2 2 2 2 1 0 0 1 1 1 3 3 2 1 1 0
 10 10 16 25 25 36 14 14 20 20 14 24 24 11 21 21 9 9 10 16 16 4 1 1 1 1 2 2 2 2 2 2 2 2 2 0 0 1 0 0 1 1 3 1 1 1
 10 10 16 25 25 36 14 14 20 20 14 24 24 11 21 21 9 9 10 16 16 4 1 1 1 1 2 2 2 2 2 2 2 2 2 0 0 1 0 0 1 1 3 1 1 1
 22 22 15 26 26 23 28 28 19 19 20 23 23 16 9 9 15 15 13 14 14 7 6 6 2 2 2 2 2 1 1 1 2 2 2 1 1 0 2 2 0 0 3 3 3 4
 10 10 23 18 18 24 32 32 22 22 26 16 16 17 17 17 12 12 16 2 2 3 2 2 3 3 2 1 1 1 1 1 1 1 1 1 1 0 0 0 1 1 1 1 1 2
 10 10 23 18 18 24 32 32 22 22 26 16 16 17 17 17 12 12 16 2 2 3 2 2 3 3 2 1 1 1 1 1 1 1 1 1 1 0 0 0 1 1 1 1 1 2
 10 10 14 44 44 23 30 30 29 29 36 12 12 17 20 20 12 12 14 7 7 4 3 3 3 3 1 2 2 1 1 1 1 1 1 1 1 0 0 0 1 1 1 1 1 1
 10 10 14 44 44 23 30 30 29 29 36 12 12 17 20 20 12 12 14 7 7 4 3 3 3 3 1 2 2 1 1 1 1 1 1 1 1 0 0 0 1 1 1 1 1 1
 16 16 15 50 50 24 22 22 19 19 23 15 15 16 15 15 17 17 11 5 5 10 6 6 4 4 2 3 3 0 1 1 1 1 1 0 0 0 0 0 1 1 1 1 1 1
 32 32 15 18 18 18 21 21 15 15 18 21 21 17 10 10 11 11 17 9 9 5 5 5 7 7 3 1 1 0 1 1 0 0 1 0 0 0 0 0 1 1 1 1 1 1
 32 32 15 18 18 18 21 21 15 15 18 21 21 17 10 10 11 11 17 9 9 5 5 5 7 7 3 1 1 0 1 1 0 0 1 0 0 0 0 0 1 1 1 1 1 1
 23 23 17 22 22 17 14 14 12 12 11 22 22 21 16 16 11 11 13 7 7 4 4 4 4 4 3 2 2 1 0 0 0 0 0 1 1 0 0 0 0 0 1 3 3 1
 23 23 17 18 18 14 15 15 22 22 13 17 17 16 13 13 13 13 10 9 9 4 6 6 10 10 3 2 2 2 1 1 0 0 0 1 1 0 0 0 0 0 0 0 0 0
 23 23 17 18 18 14 15 15 22 22 13 17 17 16 13 13 13 13 10 9 9 4 6 6 10 10 3 2 2 2 1 1 0 0 0 1 1 0 0 0 0 0 0 0 0 0
 14 14 14 20 20 15 11 11 18 18 13 9 9 10 8 8 17 17 22 16 16 5 7 7 3 3 3 4 4 4 1 1 1 1 1 2 2 1 1 1 0 0 0 0 0 1
 14 14 14 20 20 15 11 11 18 18 13 9 9 10 8 8 17 17 22 16 16 5 7 7 3 3 3 4 4 4 1 1 1 1 1 2 2 1 1 1 0 0 0 0 0 1
 15 15 16 21 21 20 13 13 12 12 12 11 11 11 18 18 14 14 16 15 15 12 9 9 3 3 1 3 3 4 2 2 1 1 1 1 1 2 1 1 1 1 1 1 1 1
 16 16 24 24 24 19 18 18 17 17 13 13 13 11 11 11 7 7 12 12 12 12 7 7 4 4 1 0 0 0 0 0 1 1 3 1 1 2 1 1 0 0 0 1 1 1
 16 16 24 24 24 19 18 18 17 17 13 13 13 11 11 11 7 7 12 12 12 12 7 7 4 4 1 0 0 0 0 0 1 1 3 1 1 2 1 1 0 0 0 1 1 1
 19 19 30 30 30 24 24 24 22 22 16 18 18 15 13 13 9 9 19 15 15 12 4 4 2 2 0 0 0 3 1 1 0 0 2 1 1 3 1 1 1 1 0 0 0 0
 25 25 34 33 33 27 28 28 20 20 22 21 21 17 10 10 19 19 14 12 12 12 11 11 10 10 5 2 2 1 1 1 1 1 1 1 1 1 1 1 0 0 0 0 0 0
 25 25 34 33 33 27 28 28 20 20 22 21 21 17 10 10 19 19 14 12 12 12 11 11 10 10 5 2 2 1 1 1 1 1 1 1 1 1 1 1 0 0 0 0 0 0
 50 50 49 41 41 27 29 29 27 27 23 25 25 16 15 15 17 17 22 20 20 20 24 24 20 20 8 8 8 8 4 4 3 3 1 2 2 1 1 1 0 0 0 0 0 1
 50 50 49 41 41 27 29 29 27 27 23 25 25 16 15 15 17 17 22 20 20 20 24 24 20 20 8 8 8 8 4 4 3 3 1 2 2 1 1 1 0 0 0 0 0 1
 44 44 44 40 40 26 26 26 23 23 20 28 28 23 19 19 12 12 21 26 26 31 26 26 18 18 21 13 13 7 6 6 7 7 4 5 5 1 1 1 0 0 1 1 1 2
 38 38 46 26 26 26 27 27 23 23 20 19 19 22 15 15 14 14 15 22 22 22 23 23 20 20 19 14 14 20 17 17 9 9 4 1 1 2 1 1 1 1 1 1 1 1
 38 38 46 26 26 26 27 27 23 23 20 19 19 22 15 15 14 14 15 22 22 22 23 23 20 20 19 14 14 20 17 17 9 9 4 1 1 2 1 1 1 1 1 1 1 1
 33 33 38 22 22 23 23 23 23 23 19 22 22 16 15 15 10 10 12 13 13 19 31 31 23 23 19 14 14 24 28 28 23 23 13 4 4 4 1 1 2 2 3 1 1 2
 30 30 36 20 20 22 20 20 16 16 16 18 18 15 13 13 6 6 11 8 8 11 18 18 13 13 17 21 21 25 28 28 26 26 8 6 6 4 3 3 3 3 2 2 2 2
 30 30 36 20 20 22 20 20 16 16 16 18 18 15 13 13 6 6 11 8 8 11 18 18 13 13 17 21 21 25 28 28 26 26 8 6 6 4 3 3 3 3 2 2 2 2
 28 28 27 19 19 23 21 21 16 16 16 21 21 23 17 17 13 13 5 7 7 9 6 6 11 11 8 8 8 9 10 10 5 5 6 8 8 6 2 2 2 2 1 2 2 1
 28 28 27 19 19 23 21 21 16 16 16 21 21 23 17 17 13 13 5 7 7 9 6 6 11 11 8 8 8 9 10 10 5 5 6 8 8 6 2 2 2 2 1 2 2 1
 25 25 25 30 30 21 23 23 20 20 20 24 24 29 26 26 17 17 6 10 10 10 6 6 9 9 7 6 6 7 4 4 4 4 6 1 1 3 3 3 2 2 1 1 1 1
 21 21 30 27 27 28 34 34 30 30 31 40 40 37 30 30 23 23 16 9 9 8 11 11 7 7 7 7 7 4 5 5 5 5 3 3 3 6 6 6 2 2 4 2 2 0
 21 21 30 27 27 28 34 34 30 30 31 40 40 37 30 30 23 23 16 9 9 8 11 11 7 7 7 7 7 4 5 5 5 5 3 3 3 6 6 6 2 2 4 2 2 0
 24 24 36 38 38 42 33 33 56 56 34 35 35 28 28 28 19 19 5 4 4 3 7 7 8 8 8 8 8 4 5 5 5 5 3 4 4 9 6 6 2 2 1 1 1 0
 25 25 41 37 37 39 54 54 61 61 63 60 60 38 39 39 30 30 6 6 6 4 6 6 7 7 14 13 13 10 12 12 13 13 9 8 8 4 6 6 3 3 2 1 1 1
 25 25 41 37 37 39 54 54 61 61 63 60 60 38 39 39 30 30 6 6 6 4 6 6 7 7 14 13 13 10 12 12 13 13 9 8 8 4 6 6 3 3 2 1 1 1
 34 34 42 41 41 43 61 61 80 80 64 58 58 37 34 34 31 31 17 5 5 5 5 5 5 5 11 13 13 13 15 15 6 6 10 10 10 3 2 2 5 5 2 1 1 2
 34 34 42 41 41 43 61 61 80 80 64 58 58 37 34 34 31 31 17 5 5 5 5 5 5 5 11 13 13 13 15 15 6 6 10 10 10 3 2 2 5 5 2 1 1 2
 52 52 48 51 51 44 54 54 66 66 64 37 37 37 37 37 32 32 18 10 10 10 2 2 4 4 7 11 11 15 17 17 8 8 6 5 5 3 2 2 2 2 2 1 1 2
 54 54 67 44 44 41 58 58 52 52 55 31 31 38 29 29 16 16 14 11 11 9 3 3 2 2 4 5 5 9 7 7 4 4 3 4 4 2 2 2 2 2 2 1 1 2
 54 54 67 44 44 41 58 58 52 52 55 31 31 38 29 29 16 16 14 11 11 9 3 3 2 2 4 5 5 9 7 7 4 4 3 4 4 2 2 2 2 2 2 1 1 2
 67 67 72 62 62 49 44 44 46 46 54 34 34 34 27 27 13 13 13 9 9 8 5 5 4 4 2 3 3 6 5 5 4 4 3 3 3 3 2 2 2 2 2 1 1 3
 53 53 33 50 50 38 53 53 58 58 58 31 31 35 28 28 32 32 13 12 12 4 5 5 3 3 1 2 2 3 3 3 4 4 3 2 2 4 3 3 4 4 2 1 1 1
 53 53 33 50 50 38 53 53 58 58 58 31 31 35 28 28 32 32 13 12 12 4 5 5 3 3 1 2 2 3 3 3 4 4 3 2 2 4 3 3 4 4 2 1 1 1
 50 50 49 44 44 31 30 30 33 33 32 29 29 33 34 34 28 28 13 10 10 4 2 2 3 3 1 0 0 1 1 1 3 3 3 4 4 3 3 3 5 5 2 1 1 0
 50 50 49 44 44 31 30 30 33 33 32 29 29 33 34 34 28 28 13 10 10 4 2 2 3 3 1 0 0 1 1 1 3 3 3 4 4 3 3 3 5 5 2 1 1 0
 46 46 30 47 47 28 30 30 28 28 39 47 47 50 20 20 15 15 13 15 15 3 8 8 1 1 0 0 0 0 1 1 2 2 3 2 2 3 1 1 1 1 1 0 0 0
 25 25 22 49 49 16 19 19 17 17 18 10 10 42 12 12 13 13 9 5 5 2 19 19 3 3 2 1 1 0 0 0 1 1 2 2 2 2 1 1 0 0 0 0 0 0
 25 25 22 49 49 16 19 19 17 17 18 10 10 42 12 12 13 13 9 5 5 2 19 19 3 3 2 1 1 0 0 0 1 1 2 2 2 2 1 1 0 0 0 0 0 0
 32 32 25 23 23 19 16 16 14 14 17 12 12 9 5 5 10 10 19 9 9 4 4 4 3 3 4 6 6 3 3 3 4 4 3 3 3 2 1 1 1 1 0 0 0 1
 61 61 43 35 35 35 18 18 20 20 11 9 9 7 5 5 4 4 5 17 17 20 1 1 7 7 5 14 14 3 4 4 3 3 1 1 1 1 1 1 0 0 1 0 0 1
