assets/RAT_results_old/precipitation/2017-11-26_IMERG.asc
ncols        46
nrows        77
xllcorner    74.800261325624
yllcorner    8.058333333333
cellsize     0.062500000000
NODATA_value -9999
 0 0 0 0 0 0 0 0 0 0 0 0 0 0 0 0 0 0 0 0 0 0 0 0 0 0 0 0 0 0 0 0 0 0 0 1 1 0 0 0 0 0 0 0 0 0
 0 0 0 0 0 0 0 0 0 0 0 0 0 0 0 0 0 0 0 0 0 0 0 0 0 0 0 0 0 0 0 0 0 0 1 0 0 0 0 0 0 0 0 0 0 0
 0 0 0 0 0 0 0 0 0 0 0 0 0 0 0 0 0 0 0 0 0 0 0 0 0 0 0 0 0 0 0 0 0 0 1 0 0 0 0 0 0 0 0 0 0 0
 0 0 0 0 0 0 0 0 0 0 0 0 0 0 0 0 0 0 0 0 0 0 0 0 0 0 0 0 0 0 0 0 1 1 1 1 1 0 1 1 1 1 0 0 0 0
 0 0 0 0 0 0 0 0 0 0 0 0 0 0 0 0 0 0 0 0 0 0 0 0 0 0 0 1 1 0 0 0 1 1 1 1 1 1 0 0 0 0 0 0 0 0
 0 0 0 0 0 0 0 0 0 0 0 0 0 0 0 0 0 0 0 0 0 0 0 0 0 0 0 1 1 0 0 0 1 1 1 1 1 1 0 0 0 0 0 0 0 0
 0 0 0 0 0 0 0 0 0 0 0 0 0 0 0 0 0 0 0 0 0 0 0 0 1 1 0 0 0 0 2 2 0 0 1 1 1 1 0 0 0 0 0 0 0 0
 0 0 0 0 0 0 0 0 0 0 0 0 0 0 0 0 0 0 0 0 0 0 0 0 1 1 0 0 0 0 2 2 0 0 1 1 1 1 0 0 0 0 0 0 0 0
 0 0 0 0 0 0 0 0 0 0 0 0 0 0 0 0 0 0 0 0 0 0 0 0 0 0 0 0 0 0 0 0 0 0 0 0 0 0 0 0 0 0 0 0 0 0
 0 0 0 0 0 0 0 0 0 0 0 0 0 0 0 0 0 0 0 0 0 0 0 0 0 0 0 0 0 0 0 0 0 0 0 0 0 0 0 0 0 0 0 0 0 0
 0 0 0 0 0 0 0 0 0 0 0 0 0 0 0 0 0 0 0 0 0 0 0 0 0 0 0 0 0 0 0 0 0 0 0 0 0 0 0 0 0 0 0 0 0 0
 0 0 0 0 0 0 0 0 0 0 0 0 0 0 0 0 1 1 0 0 0 0 0 0 0 0 0 3 3 0 0 0 0 0 0 1 1 1 0 0 0 0 0 0 0 0
 0 0 0 1 1 1 0 0 0 0 0 0 0 0 0 0 0 0 0 0 0 1 0 0 0 0 0 0 0 0 0 0 0 0 0 1 1 1 0 0 0 0 0 0 0 0
 0 0 0 1 1 1 0 0 0 0 0 0 0 0 0 0 0 0 0 0 0 1 0 0 0 0 0 0 0 0 0 0 0 0 0 1 1 1 0 0 0 0 0 0 0 0
 0 0 0 1 1 1 0 0 0 0 0 0 0 0 0 0 1 1 0 0 0 0 0 0 0 0 0 0 0 0 0 0 1 1 0 1 1 0 0 0 0 0 2 0 0 0
 0 0 0 1 1 1 0 0 0 0 0 0 0 0 0 0 1 1 0 0 0 0 0 0 0 0 0 0 0 0 0 0 1 1 0 1 1 0 0 0 0 0 2 0 0 0
 0 0 1 1 1 0 0 0 0 0 0 0 0 0 0 0 0 0 0 0 0 0 0 0 0 0 0 0 0 0 0 0 0 0 0 0 0 0 0 0 0 0 1 0 0 0
 1 1 1 0 0 0 0 0 0 0 0 0 0 0 0 0 0 0 0 0 0 0 0 0 0 0 0 0 0 0 0 0 0 0 0 0 0 0 1 1 0 0 0 0 0 0
 1 1 1 0 0 0 0 0 0 0 0 0 0 0 0 0 0 0 0 0 0 0 0 0 0 0 0 0 0 0 0 0 0 0 0 0 0 0 1 1 0 0 0 0 0 0
 0 0 0 0 0 0 0 0 0 0 1 1 1 0 0 0 1 1 1 0 0 0 0 0 1 1 1 0 0 0 0 0 0 0 0 0 0 0 0 0 0 0 0 0 0 0
 0 0 0 0 0 0 1 1 1 1 1 1 1 1 1 1 1 1 1 1 1 1 1 1 1 1 1 1 1 1 0 0 0 0 0 0 0 1 0 0 0 0 0 1 1 2
 0 0 0 0 0 0 1 1 1 1 1 1 1 1 1 1 1 1 1 1 1 1 1 1 1 1 1 1 1 1 0 0 0 0 0 0 0 1 0 0 0 0 0 1 1 2
 1 1 0 0 0 0 1 1 2 2 1 1 1 1 1 1 1 1 1 1 1 1 1 1 1 1 1 1 1 2 0 0 0 0 0 0 0 0 0 0 0 0 0 0 0 2
 1 1 0 0 0 0 1 1 2 2 1 1 1 1 1 1 1 1 1 1 1 1 1 1 1 1 1 1 1 2 0 0 0 0 0 0 0 0 0 0 0 0 0 0 0 2
 0 0 0 0 0 0 0 0 1 1 1 1 1 2 1 1 1 1 1 1 1 1 1 1 1 1 1 1 1 1 0 0 0 0 0 0 0 0 0 0 0 0 1 1 1 1
 0 0 0 0 0 0 0 0 1 1 1 1 1 2 1 1 1 1 1 1 1 0 0 0 0 0 0 1 1 0 1 1 1 1 0 0 0 1 0 0 0 0 1 1 1 1
 0 0 0 0 0 0 0 0 1 1 1 1 1 2 1 1 1 1 1 1 1 0 0 0 0 0 0 1 1 0 1 1 1 1 0 0 0 1 0 0 0 0 1 1 1 1
 0 0 0 0 0 0 0 0 0 0 1 2 2 3 1 1 2 2 1 1 1 0 0 0 0 0 0 0 0 0 0 0 0 0 0 0 0 1 0 0 1 1 1 1 1 1
 0 0 1 0 0 0 0 0 0 0 2 2 2 1 1 1 1 1 1 1 1 0 0 0 0 0 0 0 0 0 0 0 0 0 0 1 1 2 0 0 1 1 1 1 1 2
 0 0 1 0 0 0 0 0 0 0 2 2 2 1 1 1 1 1 1 1 1 0 0 0 0 0 0 0 0 0 0 0 0 0 0 1 1 2 0 0 1 1 1 1 1 2
 0 0 0 0 0 1 1 1 0 0 1 1 1 1 1 1 1 1 1 0 0 0 0 0 0 0 0 1 1 1 1 1 1 1 1 1 1 1 1 1 1 1 1 1 1 4
 0 0 0 0 0 1 1 1 0 0 1 1 1 1 1 1 1 1 1 0 0 0 0 0 0 0 0 1 1 1 1 1 1 1 1 1 1 1 1 1 1 1 1 1 1 4
 0 0 1 0 0 1 1 1 0 0 1 1 1 1 1 1 2 2 0 1 1 0 0 0 0 0 1 1 1 0 0 0 1 1 1 1 1 1 1 1 1 1 1 2 2 5
 1 1 0 1 1 2 0 0 0 0 0 0 0 0 1 1 1 1 3 5 5 4 1 1 0 0 2 1 1 0 1 1 2 2 2 1 1 2 1 1 1 1 1 6 6 6
 1 1 0 1 1 2 0 0 0 0 0 0 0 0 1 1 1 1 3 5 5 4 1 1 0 0 2 1 1 0 1 1 2 2 2 1 1 2 1 1 1 1 1 6 6 6
 2 2 1 1 1 1 1 1 0 0 0 0 0 0 1 1 1 1 6 3 3 2 0 0 0 0 2 1 1 1 1 1 3 3 3 18 18 2 2 2 2 2 2 4 4 1
 1 1 1 2 2 2 2 2 0 0 0 0 0 0 1 1 6 6 6 11 11 10 1 1 2 2 1 0 0 1 1 1 14 14 2 3 3 2 5 5 1 1 2 9 9 3
 1 1 1 2 2 2 2 2 0 0 0 0 0 0 1 1 6 6 6 11 11 10 1 1 2 2 1 0 0 1 1 1 14 14 2 3 3 2 5 5 1 1 2 9 9 3
 2 2 2 1 1 2 1 1 0 0 0 1 1 1 1 1 3 3 4 4 4 10 0 0 0 0 2 1 1 1 2 2 2 2 6 4 4 3 2 2 3 3 3 4 4 3
 2 2 2 1 1 2 1 1 0 0 0 1 1 1 1 1 3 3 4 4 4 10 0 0 0 0 2 1 1 1 2 2 2 2 6 4 4 3 2 2 3 3 3 4 4 3
 2 2 2 2 2 1 0 0 0 0 0 1 1 0 0 0 0 0 3 4 4 1 0 0 1 1 4 2 2 2 2 2 7 7 4 3 3 3 2 2 5 5 4 7 7 12
 2 2 1 1 1 1 1 1 0 0 0 1 1 0 0 0 1 1 2 2 2 3 2 2 1 1 1 4 4 2 1 1 2 2 4 6 6 6 3 3 5 5 4 6 6 7
 2 2 1 1 1 1 1 1 0 0 0 1 1 0 0 0 1 1 2 2 2 3 2 2 1 1 1 4 4 2 1 1 2 2 4 6 6 6 3 3 5 5 4 6 6 7
 2 2 1 1 1 1 1 1 1 1 1 3 3 4 1 1 1 1 1 3 3 5 5 5 7 7 3 3 3 3 1 1 2 2 8 7 7 5 7 7 8 8 6 6 6 5
 2 2 2 1 1 1 1 1 1 1 1 4 4 12 8 8 2 2 2 6 6 5 4 4 4 4 3 8 8 9 2 2 8 8 4 4 4 4 5 5 7 7 4 5 5 8
 2 2 2 1 1 1 1 1 1 1 1 4 4 12 8 8 2 2 2 6 6 5 4 4 4 4 3 8 8 9 2 2 8 8 4 4 4 4 5 5 7 7 4 5 5 8
 2 2 2 2 2 2 2 2 1 1 2 5 5 26 25 25 10 10 5 6 6 7 5 5 5 5 11 8 8 11 7 7 8 8 2 5 5 5 5 5 6 6 4 7 7 7
 2 2 2 2 2 2 2 2 1 1 2 5 5 26 25 25 10 10 5 6 6 7 5 5 5 5 11 8 8 11 7 7 8 8 2 5 5 5 5 5 6 6 4 7 7 7
 2 2 2 1 1 1 2 2 1 1 2 24 24 41 45 45 42 42 17 4 4 4 1 1 2 2 2 8 8 12 11 11 5 5 2 7 7 8 14 14 9 9 6 13 13 8
 3 3 2 3 3 1 2 2 1 1 12 29 29 22 53 53 28 28 15 2 2 2 2 2 3 3 12 6 6 7 4 4 2 2 2 4 4 13 11 11 10 10 9 11 11 8
 3 3 2 3 3 1 2 2 1 1 12 29 29 22 53 53 28 28 15 2 2 2 2 2 3 3 12 6 6 7 4 4 2 2 2 4 4 13 11 11 10 10 9 11 11 8
 2 2 2 3 3 1 3 3 4 4 11 15 15 7 14 14 10 10 8 7 7 3 3 3 5 5 11 6 6 14 10 10 4 4 2 4 4 5 14 14 16 16 11 22 22 10
 3 3 3 2 2 5 5 5 4 4 4 5 5 5 7 7 7 7 4 6 6 5 4 4 8 8 8 6 6 17 6 6 6 6 3 5 5 7 6 6 7 7 17 21 21 13
 3 3 3 2 2 5 5 5 4 4 4 5 5 5 7 7 7 7 4 6 6 5 4 4 8 8 8 6 6 17 6 6 6 6 3 5 5 7 6 6 7 7 17 21 21 13
 4 4 3 2 2 8 3 3 6 6 3 3 3 3 5 5 5 5 5 6 6 9 7 7 7 7 10 8 8 13 12 12 8 8 4 3 3 7 9 9 8 8 23 18 18 16
 4 4 3 2 2 8 3 3 6 6 3 3 3 3 5 5 5 5 5 6 6 9 7 7 7 7 10 8 8 13 12 12 8 8 4 3 3 7 9 9 8 8 23 18 18 16
 7 7 12 8 8 6 8 8 4 4 5 4 4 4 5 5 5 5 5 6 6 7 14 14 13 13 22 24 24 35 27 27 25 25 11 6 6 13 9 9 8 8 18 34 34 20
 13 13 19 33 33 10 5 5 9 9 12 5 5 4 5 5 8 8 11 11 11 9 13 13 11 11 33 46 46 50 48 48 37 37 11 11 11 15 16 16 14 14 10 23 23 28
 13 13 19 33 33 10 5 5 9 9 12 5 5 4 5 5 8 8 11 11 11 9 13 13 11 11 33 46 46 50 48 48 37 37 11 11 11 15 16 16 14 14 10 23 23 28
 21 21 27 29 29 42 24 24 15 15 8 7 7 4 4 4 10 10 12 17 17 19 21 21 24 24 24 32 32 34 42 42 34 34 11 28 28 21 12 12 12 12 8 13 13 15
 22 22 27 35 35 29 21 21 41 41 15 15 15 11 5 5 7 7 17 20 20 18 39 39 38 38 40 42 42 34 36 36 31 31 32 33 33 28 31 31 7 7 5 5 5 6
 22 22 27 35 35 29 21 21 41 41 15 15 15 11 5 5 7 7 17 20 20 18 39 39 38 38 40 42 42 34 36 36 31 31 32 33 33 28 31 31 7 7 5 5 5 6
 18 18 26 32 32 37 33 33 40 40 19 43 43 24 15 15 11 11 12 35 35 34 33 33 39 39 38 25 25 26 34 34 31 31 39 44 44 32 15 15 9 9 5 6 6 10
 18 18 26 32 32 37 33 33 40 40 19 43 43 24 15 15 11 11 12 35 35 34 33 33 39 39 38 25 25 26 34 34 31 31 39 44 44 32 15 15 9 9 5 6 6 10
 17 17 31 29 29 41 29 29 31 31 34 58 58 25 28 28 32 32 13 32 32 38 32 32 21 21 22 22 22 23 29 29 21 21 33 38 38 42 17 17 15 15 9 13 13 12
 11 11 13 19 19 22 14 14 21 21 14 27 27 34 37 37 44 44 27 66 66 18 18 18 14 14 26 17 17 20 26 26 30 30 33 20 20 22 39 39 18 18 14 19 19 12
 11 11 13 19 19 22 14 14 21 21 14 27 27 34 37 37 44 44 27 66 66 18 18 18 14 14 26 17 17 20 26 26 30 30 33 20 20 22 39 39 18 18 14 19 19 12
 16 16 8 6 6 7 6 6 14 14 13 29 29 20 37 37 56 56 36 29 29 31 46 46 25 25 35 19 19 20 26 26 28 28 20 29 29 33 20 20 17 17 13 17 17 27
 15 15 12 12 12 15 15 15 27 27 11 29 29 44 53 53 169 169 36 54 54 52 43 43 28 28 41 21 21 16 19 19 21 21 28 25 25 21 28 28 15 15 17 14 14 19
 15 15 12 12 12 15 15 15 27 27 11 29 29 44 53 53 169 169 36 54 54 52 43 43 28 28 41 21 21 16 19 19 21 21 28 25 25 21 28 28 15 15 17 14 14 19
 13 13 11 17 17 14 21 21 18 18 14 19 19 35 25 25 39 39 38 71 71 95 68 68 46 46 39 31 31 18 18 18 21 21 42 33 33 26 21 21 18 18 15 18 18 15
 13 13 11 17 17 14 21 21 18 18 14 19 19 35 25 25 39 39 38 71 71 95 68 68 46 46 39 31 31 18 18 18 21 21 42 33 33 26 21 21 18 18 15 18 18 15
 18 18 18 20 20 29 41 41 29 29 34 15 15 91 55 55 30 30 66 40 40 27 52 52 33 33 32 31 31 21 13 13 21 21 35 41 41 27 21 21 19 19 20 16 16 16
 10 10 26 22 22 25 40 40 37 37 28 17 17 33 29 29 24 24 56 24 24 35 40 40 37 37 32 23 23 12 19 19 25 25 27 29 29 24 27 27 19 19 22 18 18 20
 10 10 26 22 22 25 40 40 37 37 28 17 17 33 29 29 24 24 56 24 24 35 40 40 37 37 32 23 23 12 19 19 25 25 27 29 29 24 27 27 19 19 22 18 18 20
 12 12 17 14 14 21 19 19 20 20 14 15 15 16 14 14 36 36 30 48 48 22 38 38 19 19 24 28 28 18 24 24 21 21 27 25 25 30 33 33 28 28 29 20 20 21
 18 18 16 23 23 21 34 34 21 21 19 14 14 16 35 35 25 25 89 33 33 15 26 26 30 30 63 30 30 20 18 18 8 8 22 16 16 29 34 34 24 24 32 22 22 23
