assets/RAT_results_old/precipitation/2017-09-28_IMERG.asc
ncols        46
nrows        77
xllcorner    74.800261325624
yllcorner    8.058333333333
cellsize     0.062500000000
NODATA_value -9999
 23 23 13 10 10 7 24 24 16 16 8 9 9 5 3 3 2 2 1 4 4 3 9 9 16 16 16 7 7 11 11 11 9 9 10 9 9 4 8 8 6 6 4 2 2 1
 12 12 12 10 10 12 21 21 15 15 8 6 6 8 2 2 2 2 1 2 2 3 9 9 10 10 10 6 6 11 13 13 13 13 11 8 8 4 2 2 2 2 3 3 3 3
 12 12 12 10 10 12 21 21 15 15 8 6 6 8 2 2 2 2 1 2 2 3 9 9 10 10 10 6 6 11 13 13 13 13 11 8 8 4 2 2 2 2 3 3 3 3
 17 17 13 22 22 15 20 20 12 12 9 6 6 3 6 6 2 2 2 2 2 6 2 2 6 6 6 7 7 13 11 11 14 14 10 11 11 7 6 6 3 3 6 5 5 4
 9 9 9 17 17 10 16 16 13 13 9 6 6 4 3 3 4 4 2 1 1 1 1 1 4 4 5 4 4 8 5 5 18 18 5 5 5 6 9 9 10 10 11 9 9 7
 9 9 9 17 17 10 16 16 13 13 9 6 6 4 3 3 4 4 2 1 1 1 1 1 4 4 5 4 4 8 5 5 18 18 5 5 5 6 9 9 10 10 11 9 9 7
 12 12 11 12 12 9 8 8 9 9 7 11 11 4 3 3 2 2 2 2 2 0 2 2 1 1 2 3 3 4 2 2 4 4 3 6 6 12 15 15 21 21 13 19 19 12
 12 12 11 12 12 9 8 8 9 9 7 11 11 4 3 3 2 2 2 2 2 0 2 2 1 1 2 3 3 4 2 2 4 4 3 6 6 12 15 15 21 21 13 19 19 12
 17 17 22 25 25 20 10 10 15 15 7 6 6 6 3 3 2 2 2 4 4 1 0 0 1 1 4 3 3 3 1 1 1 1 3 4 4 13 10 10 16 16 15 14 14 9
 14 14 13 15 15 15 13 13 11 11 6 6 6 6 5 5 5 5 2 1 1 1 1 1 1 1 3 3 3 3 1 1 2 2 2 3 3 5 5 5 12 12 7 9 9 7
 14 14 13 15 15 15 13 13 11 11 6 6 6 6 5 5 5 5 2 1 1 1 1 1 1 1 3 3 3 3 1 1 2 2 2 3 3 5 5 5 12 12 7 9 9 7
 10 10 16 7 7 16 9 9 5 5 5 13 13 5 5 5 4 4 2 2 2 0 1 1 0 0 3 3 3 2 1 1 1 1 2 3 3 4 3 3 10 10 4 6 6 5
 6 6 11 7 7 12 7 7 12 12 10 5 5 4 3 3 2 2 1 1 1 1 1 1 1 1 3 0 0 0 0 0 0 0 1 2 2 2 3 3 3 3 2 3 3 4
 6 6 11 7 7 12 7 7 12 12 10 5 5 4 3 3 2 2 1 1 1 1 1 1 1 1 3 0 0 0 0 0 0 0 1 2 2 2 3 3 3 3 2 3 3 4
 16 16 9 6 6 5 4 4 7 7 6 6 6 4 1 1 2 2 0 0 0 0 0 0 1 1 1 1 1 0 1 1 1 1 1 3 3 2 3 3 4 4 2 4 4 4
 16 16 9 6 6 5 4 4 7 7 6 6 6 4 1 1 2 2 0 0 0 0 0 0 1 1 1 1 1 0 1 1 1 1 1 3 3 2 3 3 4 4 2 4 4 4
 7 7 5 5 5 4 3 3 5 5 5 7 7 6 4 4 1 1 0 1 1 0 0 0 0 0 0 0 0 15 1 1 1 1 2 3 3 3 7 7 7 7 5 7 7 5
 9 9 7 8 8 3 3 3 3 3 4 3 3 3 3 3 2 2 1 0 0 0 0 0 1 1 0 0 0 1 1 1 1 1 3 3 3 5 6 6 7 7 5 7 7 10
 9 9 7 8 8 3 3 3 3 3 4 3 3 3 3 3 2 2 1 0 0 0 0 0 1 1 0 0 0 1 1 1 1 1 3 3 3 5 6 6 7 7 5 7 7 10
 6 6 8 6 6 3 2 2 5 5 5 6 6 5 3 3 3 3 1 1 1 2 1 1 0 0 0 0 0 1 1 1 1 1 1 2 2 3 4 4 6 6 7 8 8 13
 3 3 7 4 4 2 1 1 4 4 5 11 11 5 4 4 2 2 1 1 1 1 2 2 0 0 1 1 1 0 2 2 1 1 2 3 3 3 4 4 5 5 5 7 7 9
 3 3 7 4 4 2 1 1 4 4 5 11 11 5 4 4 2 2 1 1 1 1 2 2 0 0 1 1 1 0 2 2 1 1 2 3 3 3 4 4 5 5 5 7 7 9
 4 4 7 6 6 3 2 2 4 4 4 6 6 6 5 5 2 2 1 2 2 3 1 1 0 0 1 1 1 1 1 1 1 1 2 2 2 1 1 1 2 2 4 5 5 5
 4 4 7 6 6 3 2 2 4 4 4 6 6 6 5 5 2 2 1 2 2 3 1 1 0 0 1 1 1 1 1 1 1 1 2 2 2 1 1 1 2 2 4 5 5 5
 2 2 4 4 4 3 11 11 8 8 7 5 5 6 6 6 13 13 4 4 4 3 2 2 1 1 3 4 4 3 2 2 1 1 0 0 0 0 0 0 0 0 0 2 2 2
 2 2 2 2 2 2 2 2 2 2 5 18 18 10 8 8 35 35 8 5 5 6 2 2 2 2 4 3 3 4 3 3 2 2 1 0 0 0 0 0 0 0 0 0 0 0
 2 2 2 2 2 2 2 2 2 2 5 18 18 10 8 8 35 35 8 5 5 6 2 2 2 2 4 3 3 4 3 3 2 2 1 0 0 0 0 0 0 0 0 0 0 0
 2 2 1 3 3 4 6 6 1 1 3 5 5 5 8 8 12 12 8 8 8 11 6 6 11 11 10 7 7 4 8 8 6 6 2 2 2 1 0 0 0 0 0 0 0 0
 1 1 1 1 1 2 6 6 2 2 10 2 2 3 6 6 19 19 30 17 17 10 15 15 15 15 8 8 8 9 9 9 6 6 3 2 2 1 0 0 0 0 1 1 1 1
 1 1 1 1 1 2 6 6 2 2 10 2 2 3 6 6 19 19 30 17 17 10 15 15 15 15 8 8 8 9 9 9 6 6 3 2 2 1 0 0 0 0 1 1 1 1
 1 1 2 2 2 1 3 3 2 2 1 3 3 2 6 6 10 10 15 6 6 7 14 14 13 13 3 7 7 4 2 2 2 2 1 1 1 0 0 0 0 0 1 1 1 1
 1 1 2 2 2 1 3 3 2 2 1 3 3 2 6 6 10 10 15 6 6 7 14 14 13 13 3 7 7 4 2 2 2 2 1 1 1 0 0 0 0 0 1 1 1 1
 2 2 1 2 2 2 3 3 2 2 1 0 0 1 7 7 9 9 12 5 5 5 11 11 11 11 1 7 7 1 9 9 1 1 1 0 0 0 0 0 1 1 1 1 1 1
 3 3 3 3 3 2 3 3 2 2 1 0 0 1 6 6 9 9 11 11 11 14 11 11 9 9 4 1 1 0 1 1 1 1 1 1 1 0 0 0 1 1 1 0 0 1
 3 3 3 3 3 2 3 3 2 2 1 0 0 1 6 6 9 9 11 11 11 14 11 11 9 9 4 1 1 0 1 1 1 1 1 1 1 0 0 0 1 1 1 0 0 1
 4 4 7 6 6 6 6 6 4 4 2 1 1 0 2 2 5 5 10 11 11 13 14 14 4 4 1 2 2 1 0 0 1 1 1 1 1 1 1 1 1 1 0 0 0 0
 4 4 9 8 8 13 8 8 6 6 7 5 5 2 5 5 9 9 8 14 14 19 24 24 4 4 5 5 5 1 2 2 3 3 2 2 2 1 1 1 1 1 0 0 0 0
 4 4 9 8 8 13 8 8 6 6 7 5 5 2 5 5 9 9 8 14 14 19 24 24 4 4 5 5 5 1 2 2 3 3 2 2 2 1 1 1 1 1 0 0 0 0
 7 7 11 15 15 13 9 9 8 8 10 5 5 3 4 4 4 4 11 26 26 16 7 7 3 3 6 4 4 4 5 5 8 8 2 2 2 2 2 2 1 1 1 1 1 1
 7 7 11 15 15 13 9 9 8 8 10 5 5 3 4 4 4 4 11 26 26 16 7 7 3 3 6 4 4 4 5 5 8 8 2 2 2 2 2 2 1 1 1 1 1 1
 8 8 13 16 16 18 14 14 10 10 10 11 11 5 4 4 3 3 11 15 15 11 11 11 7 7 5 7 7 7 7 7 2 2 3 4 4 9 3 3 3 3 2 4 4 1
 14 14 13 14 14 21 18 18 20 20 11 13 13 5 3 3 3 3 4 6 6 11 7 7 9 9 7 6 6 5 4 4 2 2 4 4 4 6 5 5 3 3 4 3 3 1
 14 14 13 14 14 21 18 18 20 20 11 13 13 5 3 3 3 3 4 6 6 11 7 7 9 9 7 6 6 5 4 4 2 2 4 4 4 6 5 5 3 3 4 3 3 1
 18 18 20 14 14 20 22 22 26 26 19 19 19 15 2 2 4 4 3 7 7 11 10 10 8 8 7 13 13 9 6 6 5 5 3 5 5 7 5 5 4 4 3 4 4 2
 16 16 21 20 20 27 25 25 25 25 20 12 12 18 3 3 3 3 3 5 5 9 14 14 15 15 16 12 12 11 13 13 17 17 5 3 3 7 5 5 5 5 5 3 3 3
 16 16 21 20 20 27 25 25 25 25 20 12 12 18 3 3 3 3 3 5 5 9 14 14 15 15 16 12 12 11 13 13 17 17 5 3 3 7 5 5 5 5 5 3 3 3
 16 16 16 24 24 33 25 25 19 19 14 12 12 16 8 8 5 5 4 4 4 12 9 9 18 18 14 13 13 9 11 11 8 8 6 7 7 7 4 4 4 4 4 4 4 3
 16 16 16 24 24 33 25 25 19 19 14 12 12 16 8 8 5 5 4 4 4 12 9 9 18 18 14 13 13 9 11 11 8 8 6 7 7 7 4 4 4 4 4 4 4 3
 12 12 14 18 18 20 19 19 15 15 14 12 12 10 9 9 5 5 6 9 9 32 21 21 24 24 12 14 14 11 6 6 7 7 11 11 11 6 4 4 6 6 4 2 2 2
 6 6 8 12 12 12 13 13 13 13 14 12 12 11 11 11 9 9 10 16 16 31 31 31 33 33 25 13 13 11 9 9 11 11 10 11 11 9 3 3 3 3 10 9 9 5
 6 6 8 12 12 12 13 13 13 13 14 12 12 11 11 11 9 9 10 16 16 31 31 31 33 33 25 13 13 11 9 9 11 11 10 11 11 9 3 3 3 3 10 9 9 5
 3 3 5 8 8 10 10 10 11 11 10 10 10 11 8 8 6 6 8 18 18 29 32 32 32 32 25 15 15 16 13 13 13 13 11 17 17 15 12 12 7 7 13 8 8 7
 2 2 5 5 5 5 6 6 8 8 7 9 9 8 7 7 6 6 5 8 8 22 41 41 30 30 34 26 26 28 29 29 19 19 7 12 12 12 11 11 8 8 7 5 5 4
 2 2 5 5 5 5 6 6 8 8 7 9 9 8 7 7 6 6 5 8 8 22 41 41 30 30 34 26 26 28 29 29 19 19 7 12 12 12 11 11 8 8 7 5 5 4
 1 1 3 3 3 4 6 6 5 5 6 4 4 5 5 5 7 7 3 6 6 22 31 31 36 36 39 28 28 26 21 21 20 20 5 13 13 12 11 11 7 7 9 5 5 0
 1 1 3 3 3 4 6 6 5 5 6 4 4 5 5 5 7 7 3 6 6 22 31 31 36 36 39 28 28 26 21 21 20 20 5 13 13 12 11 11 7 7 9 5 5 0
 1 1 2 2 2 2 4 4 3 3 7 4 4 6 6 6 7 7 2 1 1 4 21 21 36 36 38 30 30 26 24 24 12 12 5 4 4 12 6 6 6 6 1 0 0 1
 1 1 1 0 0 1 3 3 4 4 4 6 6 6 8 8 8 8 2 1 1 3 17 17 19 19 52 45 45 37 27 27 13 13 11 4 4 3 2 2 1 1 0 0 0 0
 1 1 1 0 0 1 3 3 4 4 4 6 6 6 8 8 8 8 2 1 1 3 17 17 19 19 52 45 45 37 27 27 13 13 11 4 4 3 2 2 1 1 0 0 0 0
 0 0 1 1 1 1 5 5 7 7 5 6 6 6 8 8 7 7 2 2 2 3 11 11 17 17 27 23 23 36 28 28 11 11 4 2 2 2 1 1 0 0 0 0 0 0
 1 1 2 1 1 2 2 2 4 4 1 4 4 6 6 6 7 7 7 7 7 5 13 13 29 29 33 28 28 24 23 23 11 11 10 5 5 3 3 3 0 0 0 0 0 0
 1 1 2 1 1 2 2 2 4 4 1 4 4 6 6 6 7 7 7 7 7 5 13 13 29 29 33 28 28 24 23 23 11 11 10 5 5 3 3 3 0 0 0 0 0 0
 4 4 2 2 2 2 2 2 3 3 2 3 3 5 8 8 17 17 13 11 11 12 12 12 36 36 41 28 28 32 15 15 10 10 9 12 12 6 2 2 1 1 4 1 1 0
 4 4 2 2 2 2 2 2 3 3 2 3 3 5 8 8 17 17 13 11 11 12 12 12 36 36 41 28 28 32 15 15 10 10 9 12 12 6 2 2 1 1 4 1 1 0
 2 2 1 1 1 2 1 1 1 1 1 0 0 2 4 4 7 7 8 10 10 11 12 12 35 35 33 31 31 35 27 27 24 24 14 14 14 16 11 11 5 5 4 0 0 1
 1 1 1 1 1 1 2 2 0 0 0 2 2 1 4 4 5 5 6 12 12 7 9 9 16 16 37 44 44 39 38 38 24 24 14 13 13 14 15 15 11 11 5 1 1 0
 1 1 1 1 1 1 2 2 0 0 0 2 2 1 4 4 5 5 6 12 12 7 9 9 16 16 37 44 44 39 38 38 24 24 14 13 13 14 15 15 11 11 5 1 1 0
 2 2 2 2 2 1 1 1 1 1 1 1 1 1 2 2 4 4 6 7 7 6 3 3 8 8 12 25 25 49 50 50 33 33 19 9 9 14 12 12 12 12 3 2 2 2
 2 2 2 2 2 2 1 1 1 1 1 3 3 1 2 2 1 1 1 3 3 6 8 8 9 9 16 32 32 49 46 46 26 26 22 17 17 10 10 10 8 8 3 4 4 2
 2 2 2 2 2 2 1 1 1 1 1 3 3 1 2 2 1 1 1 3 3 6 8 8 9 9 16 32 32 49 46 46 26 26 22 17 17 10 10 10 8 8 3 4 4 2
 2 2 3 2 2 2 1 1 3 3 1 2 2 1 1 1 1 1 1 1 1 5 10 10 12 12 14 9 9 27 24 24 23 23 16 13 13 9 9 9 7 7 3 4 4 1
 2 2 3 2 2 2 1 1 3 3 1 2 2 1 1 1 1 1 1 1 1 5 10 10 12 12 14 9 9 27 24 24 23 23 16 13 13 9 9 9 7 7 3 4 4 1
 1 1 2 2 2 3 3 3 3 3 2 1 1 1 2 2 0 0 0 0 0 1 8 8 8 8 9 10 10 8 8 8 18 18 20 22 22 10 7 7 4 4 3 3 3 1
 0 0 0 1 1 1 1 1 0 0 0 0 0 0 0 0 0 0 0 0 0 0 1 1 2 2 2 3 3 4 6 6 11 11 18 20 20 6 2 2 1 1 1 0 0 0
 0 0 0 1 1 1 1 1 0 0 0 0 0 0 0 0 0 0 0 0 0 0 1 1 2 2 2 3 3 4 6 6 11 11 18 20 20 6 2 2 1 1 1 0 0 0
 0 0 0 0 0 0 0 0 0 0 0 0 0 0 0 0 0 0 0 0 0 1 1 1 1 1 5 4 4 2 3 3 4 4 9 8 8 9 9 9 9 9 4 0 0 0
 0 0 0 0 0 0 0 0 0 0 0 0 0 0 0 0 1 1 0 1 1 1 1 1 1 1 10 10 10 4 4 4 5 5 7 8 8 11 9 9 9 9 4 1 1 0
