assets/RAT_results_old/precipitation/2017-05-26_IMERG.asc
ncols        46
nrows        77
xllcorner    74.800261325624
yllcorner    8.058333333333
cellsize     0.062500000000
NODATA_value -9999
 3 3 10 13 13 4 6 6 8 8 9 7 7 7 10 10 11 11 11 15 15 38 23 23 27 27 32 32 32 31 31 31 31 31 29 25 25 22 23 23 29 29 27 46 46 35
 4 4 9 4 4 3 4 4 9 9 6 7 7 7 8 8 13 13 12 23 23 18 25 25 23 23 33 34 34 26 36 36 34 34 29 22 22 24 23 23 25 25 24 46 46 34
 4 4 9 4 4 3 4 4 9 9 6 7 7 7 8 8 13 13 12 23 23 18 25 25 23 23 33 34 34 26 36 36 34 34 29 22 22 24 23 23 25 25 24 46 46 34
 6 6 8 4 4 3 5 5 11 11 5 36 36 8 10 10 19 19 12 24 24 22 19 19 26 26 24 34 34 33 31 31 33 33 32 24 24 26 22 22 27 27 22 43 43 37
 5 5 6 4 4 4 5 5 7 7 6 18 18 37 39 39 21 21 13 31 31 16 20 20 24 24 30 32 32 33 35 35 33 33 32 40 40 26 25 25 24 24 24 38 38 40
 5 5 6 4 4 4 5 5 7 7 6 18 18 37 39 39 21 21 13 31 31 16 20 20 24 24 30 32 32 33 35 35 33 33 32 40 40 26 25 25 24 24 24 38 38 40
 5 5 7 8 8 6 10 10 5 5 5 8 8 10 9 9 9 9 15 16 16 19 21 21 20 20 26 38 38 34 35 35 37 37 32 32 32 31 30 30 31 31 23 32 32 42
 5 5 7 8 8 6 10 10 5 5 5 8 8 10 9 9 9 9 15 16 16 19 21 21 20 20 26 38 38 34 35 35 37 37 32 32 32 31 30 30 31 31 23 32 32 42
 5 5 12 9 9 6 5 5 7 7 7 9 9 9 9 9 10 10 12 24 24 30 25 25 30 30 27 29 29 32 31 31 32 32 35 36 36 41 30 30 35 35 24 28 28 44
 3 3 7 14 14 8 6 6 15 15 11 13 13 6 9 9 13 13 14 38 38 34 17 17 23 23 21 39 39 40 32 32 32 32 34 44 44 44 40 40 32 32 30 26 26 42
 3 3 7 14 14 8 6 6 15 15 11 13 13 6 9 9 13 13 14 38 38 34 17 17 23 23 21 39 39 40 32 32 32 32 34 44 44 44 40 40 32 32 30 26 26 42
 4 4 4 6 6 10 14 14 10 10 10 5 5 5 18 18 9 9 19 12 12 30 13 13 16 16 38 40 40 39 38 38 38 38 39 37 37 40 33 33 31 31 22 21 21 40
 4 4 4 4 4 6 7 7 10 10 7 3 3 4 6 6 11 11 9 10 10 9 18 18 16 16 24 48 48 45 48 48 44 44 49 41 41 41 48 48 37 37 28 30 30 44
 4 4 4 4 4 6 7 7 10 10 7 3 3 4 6 6 11 11 9 10 10 9 18 18 16 16 24 48 48 45 48 48 44 44 49 41 41 41 48 48 37 37 28 30 30 44
 3 3 3 3 3 4 5 5 4 4 4 3 3 3 5 5 6 6 20 8 8 9 14 14 24 24 22 53 53 49 44 44 39 39 48 48 48 53 32 32 33 33 36 32 32 36
 3 3 3 3 3 4 5 5 4 4 4 3 3 3 5 5 6 6 20 8 8 9 14 14 24 24 22 53 53 49 44 44 39 39 48 48 48 53 32 32 33 33 36 32 32 36
 1 1 1 1 1 3 3 3 3 3 3 2 2 2 8 8 9 9 22 9 9 13 11 11 16 16 28 56 56 59 50 50 49 49 43 49 49 48 37 37 34 34 32 30 30 32
 0 0 1 2 2 5 6 6 2 2 1 2 2 2 18 18 38 38 18 16 16 6 11 11 14 14 26 97 97 110 62 62 47 47 47 47 47 42 36 36 27 27 28 26 26 21
 0 0 1 2 2 5 6 6 2 2 1 2 2 2 18 18 38 38 18 16 16 6 11 11 14 14 26 97 97 110 62 62 47 47 47 47 47 42 36 36 27 27 28 26 26 21
 1 1 1 2 2 3 5 5 4 4 1 2 2 2 7 7 11 11 18 8 8 5 13 13 15 15 38 92 92 97 91 91 43 43 43 48 48 43 16 16 24 24 38 26 26 20
 1 1 0 1 1 1 15 15 3 3 1 1 1 1 5 5 3 3 17 15 15 5 11 11 28 28 36 48 48 43 44 44 21 21 26 40 40 24 14 14 16 16 25 21 21 13
 1 1 0 1 1 1 15 15 3 3 1 1 1 1 5 5 3 3 17 15 15 5 11 11 28 28 36 48 48 43 44 44 21 21 26 40 40 24 14 14 16 16 25 21 21 13
 1 1 0 1 1 1 3 3 3 3 0 1 1 1 2 2 2 2 3 3 3 4 9 9 16 16 14 10 10 43 42 42 24 24 18 19 19 21 9 9 16 16 14 11 11 10
 1 1 0 1 1 1 3 3 3 3 0 1 1 1 2 2 2 2 3 3 3 4 9 9 16 16 14 10 10 43 42 42 24 24 18 19 19 21 9 9 16 16 14 11 11 10
 2 2 1 1 1 1 1 1 0 0 0 1 1 1 1 1 2 2 3 3 3 6 15 15 14 14 7 11 11 15 27 27 14 14 6 19 19 6 11 11 7 7 7 3 3 3
 1 1 1 2 2 1 2 2 1 1 0 0 0 1 1 1 1 1 5 5 5 9 18 18 28 28 8 14 14 12 10 10 8 8 9 10 10 7 5 5 2 2 2 2 2 2
 1 1 1 2 2 1 2 2 1 1 0 0 0 1 1 1 1 1 5 5 5 9 18 18 28 28 8 14 14 12 10 10 8 8 9 10 10 7 5 5 2 2 2 2 2 2
 2 2 2 1 1 1 1 1 1 1 0 0 0 1 1 1 2 2 1 7 7 5 8 8 9 9 6 7 7 6 7 7 5 5 3 4 4 5 2 2 2 2 2 2 2 2
 2 2 3 2 2 2 1 1 2 2 3 1 1 1 1 1 2 2 2 4 4 5 8 8 7 7 3 5 5 7 2 2 3 3 3 3 3 1 1 1 2 2 1 1 1 1
 2 2 3 2 2 2 1 1 2 2 3 1 1 1 1 1 2 2 2 4 4 5 8 8 7 7 3 5 5 7 2 2 3 3 3 3 3 1 1 1 2 2 1 1 1 1
 3 3 3 1 1 1 0 0 0 0 1 2 2 4 11 11 3 3 3 4 4 5 5 5 4 4 4 2 2 5 1 1 1 1 2 1 1 2 1 1 1 1 1 1 1 1
 3 3 3 1 1 1 0 0 0 0 1 2 2 4 11 11 3 3 3 4 4 5 5 5 4 4 4 2 2 5 1 1 1 1 2 1 1 2 1 1 1 1 1 1 1 1
 2 2 3 1 1 0 1 1 0 0 1 2 2 15 7 7 9 9 10 6 6 3 4 4 3 3 2 5 5 2 2 2 1 1 1 1 1 1 1 1 1 1 1 1 1 1
 2 2 2 0 0 0 1 1 2 2 3 4 4 10 13 13 7 7 11 10 10 4 2 2 2 2 1 1 1 1 0 0 1 1 0 0 0 1 1 1 1 1 0 0 0 1
 2 2 2 0 0 0 1 1 2 2 3 4 4 10 13 13 7 7 11 10 10 4 2 2 2 2 1 1 1 1 0 0 1 1 0 0 0 1 1 1 1 1 0 0 0 1
 2 2 2 2 2 0 1 1 2 2 6 4 4 3 5 5 7 7 8 6 6 7 2 2 1 1 1 1 1 3 0 0 1 1 2 0 0 0 0 0 0 0 0 0 0 0
 3 3 3 3 3 1 1 1 1 1 2 2 2 4 6 6 3 3 11 4 4 5 4 4 2 2 1 3 3 1 1 1 0 0 0 0 0 0 0 0 0 0 0 0 0 0
 3 3 3 3 3 1 1 1 1 1 2 2 2 4 6 6 3 3 11 4 4 5 4 4 2 2 1 3 3 1 1 1 0 0 0 0 0 0 0 0 0 0 0 0 0 0
 4 4 4 4 4 1 1 1 1 1 2 2 2 3 3 3 3 3 10 3 3 3 4 4 3 3 1 3 3 2 0 0 1 1 0 0 0 0 0 0 0 0 0 0 0 0
 4 4 4 4 4 1 1 1 1 1 2 2 2 3 3 3 3 3 10 3 3 3 4 4 3 3 1 3 3 2 0 0 1 1 0 0 0 0 0 0 0 0 0 0 0 0
 3 3 3 3 3 2 1 1 1 1 2 3 3 2 1 1 1 1 1 2 2 9 4 4 4 4 3 3 3 2 0 0 0 0 0 0 0 0 0 0 0 0 0 0 0 0
 2 2 2 3 3 1 1 1 1 1 1 1 1 1 0 0 0 0 1 0 0 8 3 3 2 2 7 9 9 3 1 1 1 1 1 1 1 0 0 0 0 0 0 0 0 0
 2 2 2 3 3 1 1 1 1 1 1 1 1 1 0 0 0 0 1 0 0 8 3 3 2 2 7 9 9 3 1 1 1 1 1 1 1 0 0 0 0 0 0 0 0 0
 2 2 2 4 4 3 0 0 0 0 0 0 0 0 0 0 0 0 4 0 0 1 2 2 3 3 7 3 3 2 0 0 0 0 1 0 0 1 0 0 0 0 0 0 0 0
 3 3 2 2 2 2 0 0 1 1 0 0 0 2 1 1 0 0 3 2 2 1 4 4 2 2 3 4 4 1 1 1 1 1 0 0 0 1 0 0 0 0 0 0 0 1
 3 3 2 2 2 2 0 0 1 1 0 0 0 2 1 1 0 0 3 2 2 1 4 4 2 2 3 4 4 1 1 1 1 1 0 0 0 1 0 0 0 0 0 0 0 1
 2 2 2 2 2 3 1 1 1 1 1 2 2 2 1 1 0 0 2 1 1 0 2 2 2 2 2 1 1 1 2 2 1 1 0 0 0 0 0 0 0 0 0 0 0 1
 2 2 2 2 2 3 1 1 1 1 1 2 2 2 1 1 0 0 2 1 1 0 2 2 2 2 2 1 1 1 2 2 1 1 0 0 0 0 0 0 0 0 0 0 0 1
 2 2 2 2 2 3 3 3 4 4 19 21 21 58 1 1 27 27 2 1 1 1 0 0 1 1 1 1 1 2 0 0 1 1 0 0 0 0 0 0 0 0 0 0 0 0
 1 1 2 3 3 4 6 6 3 3 11 19 19 61 29 29 27 27 1 1 1 0 1 1 1 1 3 1 1 1 0 0 1 1 1 0 0 0 0 0 0 0 0 0 0 0
 1 1 2 3 3 4 6 6 3 3 11 19 19 61 29 29 27 27 1 1 1 0 1 1 1 1 3 1 1 1 0 0 1 1 1 0 0 0 0 0 0 0 0 0 0 0
 2 2 3 3 3 5 4 4 4 4 11 17 17 14 2 2 1 1 1 0 0 7 1 1 1 1 1 3 3 2 1 1 0 0 3 0 0 0 0 0 0 0 0 0 0 0
 2 2 5 5 5 5 9 9 3 3 4 11 11 11 10 10 2 2 2 3 3 4 4 4 2 2 4 2 2 1 1 1 1 1 0 0 0 0 0 0 0 0 0 0 0 0
 2 2 5 5 5 5 9 9 3 3 4 11 11 11 10 10 2 2 2 3 3 4 4 4 2 2 4 2 2 1 1 1 1 1 0 0 0 0 0 0 0 0 0 0 0 0
 3 3 4 4 4 4 5 5 4 4 3 10 10 10 12 12 10 10 4 4 4 7 13 13 2 2 2 1 1 2 0 0 0 0 1 3 3 0 0 0 0 0 0 0 0 0
 3 3 4 4 4 4 5 5 4 4 3 10 10 10 12 12 10 10 4 4 4 7 13 13 2 2 2 1 1 2 0 0 0 0 1 3 3 0 0 0 0 0 0 0 0 0
 3 3 3 5 5 7 6 6 5 5 4 5 5 10 4 4 12 12 9 4 4 12 20 20 6 6 1 1 1 0 1 1 0 0 0 0 0 0 0 0 0 0 0 0 0 0
 5 5 4 3 3 5 5 5 8 8 4 6 6 7 7 7 7 7 17 5 5 16 9 9 5 5 3 1 1 0 0 0 0 0 0 0 0 0 0 0 0 0 0 0 0 0
 5 5 4 3 3 5 5 5 8 8 4 6 6 7 7 7 7 7 17 5 5 16 9 9 5 5 3 1 1 0 0 0 0 0 0 0 0 0 0 0 0 0 0 0 0 0
 6 6 7 13 13 4 5 5 6 6 5 7 7 14 10 10 10 10 18 20 20 9 19 19 3 3 2 1 1 0 2 2 0 0 0 0 0 0 0 0 0 0 0 0 0 0
 6 6 10 8 8 6 4 4 5 5 5 8 8 13 12 12 17 17 12 23 23 19 18 18 15 15 3 3 3 1 0 0 1 1 0 1 1 0 0 0 0 0 0 0 0 0
 6 6 10 8 8 6 4 4 5 5 5 8 8 13 12 12 17 17 12 23 23 19 18 18 15 15 3 3 3 1 0 0 1 1 0 1 1 0 0 0 0 0 0 0 0 0
 6 6 11 6 6 5 5 5 8 8 8 8 8 15 12 12 15 15 12 22 22 16 16 16 6 6 3 3 3 1 1 1 0 0 1 1 1 0 0 0 0 0 0 1 1 1
 6 6 11 6 6 5 5 5 8 8 8 8 8 15 12 12 15 15 12 22 22 16 16 16 6 6 3 3 3 1 1 1 0 0 1 1 1 0 0 0 0 0 0 1 1 1
 8 8 10 6 6 7 8 8 7 7 6 10 10 10 15 15 20 20 24 17 17 34 8 8 5 5 2 4 4 4 1 1 1 1 2 3 3 1 0 0 0 0 0 0 0 2
 9 9 37 8 8 6 5 5 6 6 6 10 10 10 13 13 23 23 20 27 27 80 10 10 7 7 7 9 9 6 8 8 1 1 1 1 1 3 1 1 0 0 0 0 0 0
 9 9 37 8 8 6 5 5 6 6 6 10 10 10 13 13 23 23 20 27 27 80 10 10 7 7 7 9 9 6 8 8 1 1 1 1 1 3 1 1 0 0 0 0 0 0
 11 11 13 15 15 8 7 7 9 9 6 8 8 10 14 14 14 14 15 23 23 30 27 27 9 9 9 11 11 7 9 9 2 2 1 1 1 1 1 1 0 0 0 0 0 0
 9 9 8 9 9 6 6 6 6 6 10 8 8 9 12 12 12 12 24 23 23 24 28 28 13 13 9 53 53 18 13 13 4 4 3 2 2 1 1 1 0 0 0 0 0 0
 9 9 8 9 9 6 6 6 6 6 10 8 8 9 12 12 12 12 24 23 23 24 28 28 13 13 9 53 53 18 13 13 4 4 3 2 2 1 1 1 0 0 0 0 0 0
 8 8 9 9 9 7 10 10 12 12 12 9 9 9 8 8 7 7 23 24 24 25 17 17 12 12 7 16 16 18 53 53 16 16 4 3 3 1 0 0 1 1 0 0 0 0
 8 8 9 9 9 7 10 10 12 12 12 9 9 9 8 8 7 7 23 24 24 25 17 17 12 12 7 16 16 18 53 53 16 16 4 3 3 1 0 0 1 1 0 0 0 0
 22 22 25 13 13 11 12 12 10 10 9 7 7 10 8 8 5 5 10 16 16 16 15 15 16 16 24 25 25 39 23 23 12 12 9 4 4 2 1 1 1 1 0 0 0 0
 20 20 14 42 42 27 7 7 10 10 9 8 8 10 9 9 7 7 9 17 17 9 13 13 16 16 28 25 25 20 24 24 6 6 3 4 4 3 2 2 1 1 1 1 1 0
 20 20 14 42 42 27 7 7 10 10 9 8 8 10 9 9 7 7 9 17 17 9 13 13 16 16 28 25 25 20 24 24 6 6 3 4 4 3 2 2 1 1 1 1 1 0
 23 23 35 26 26 7 8 8 15 15 13 10 10 13 7 7 6 6 7 12 12 9 11 11 17 17 13 19 19 6 9 9 3 3 2 3 3 2 2 2 1 1 1 1 1 0
 44 44 24 11 11 8 8 8 12 12 9 6 6 3 7 7 4 4 8 3 3 3 7 7 9 9 11 10 10 8 3 3 2 2 1 3 3 1 2 2 1 1 2 1 1 0
