assets/RAT_results_old/precipitation/2017-01-28_IMERG.asc
ncols        46
nrows        77
xllcorner    74.800261325624
yllcorner    8.058333333333
cellsize     0.062500000000
NODATA_value -9999
 0 0 1 0 0 0 0 0 1 1 2 0 0 0 0 0 1 1 6 4 4 0 0 0 0 0 1 1 1 0 2 2 2 2 0 0 0 0 0 0 0 0 0 0 0 0
 0 0 0 0 0 1 0 0 2 2 0 0 0 0 0 0 0 0 0 4 4 0 0 0 4 4 0 0 0 0 0 0 0 0 0 0 0 0 0 0 0 0 0 0 0 0
 0 0 0 0 0 1 0 0 2 2 0 0 0 0 0 0 0 0 0 4 4 0 0 0 4 4 0 0 0 0 0 0 0 0 0 0 0 0 0 0 0 0 0 0 0 0
 0 0 1 0 0 1 0 0 0 0 0 0 0 0 0 0 0 0 0 0 0 1 0 0 0 0 0 0 0 5 0 0 0 0 0 0 0 0 0 0 0 0 0 0 0 0
 0 0 0 0 0 0 0 0 0 0 0 0 0 0 0 0 0 0 0 1 1 1 3 3 2 2 1 4 4 0 4 4 0 0 0 0 0 0 0 0 0 0 0 0 0 0
 0 0 0 0 0 0 0 0 0 0 0 0 0 0 0 0 0 0 0 1 1 1 3 3 2 2 1 4 4 0 4 4 0 0 0 0 0 0 0 0 0 0 0 0 0 0
 0 0 0 0 0 1 0 0 0 0 0 0 0 1 4 4 2 2 1 3 3 2 0 0 1 1 0 6 6 0 0 0 1 1 0 0 0 2 0 0 0 0 0 1 1 0
 0 0 0 0 0 1 0 0 0 0 0 0 0 1 4 4 2 2 1 3 3 2 0 0 1 1 0 6 6 0 0 0 1 1 0 0 0 2 0 0 0 0 0 1 1 0
 0 0 0 0 0 0 0 0 0 0 1 2 2 5 1 1 1 1 0 1 1 4 0 0 0 0 2 4 4 0 0 0 0 0 0 0 0 1 0 0 0 0 0 0 0 1
 0 0 0 0 0 0 0 0 0 0 2 5 5 20 17 17 2 2 4 1 1 1 3 3 0 0 0 0 0 0 0 0 0 0 0 0 0 0 1 1 0 0 0 0 0 0
 0 0 0 0 0 0 0 0 0 0 2 5 5 20 17 17 2 2 4 1 1 1 3 3 0 0 0 0 0 0 0 0 0 0 0 0 0 0 1 1 0 0 0 0 0 0
 1 1 1 0 0 0 0 0 0 0 1 8 8 17 6 6 3 3 4 0 0 0 0 0 0 0 0 0 0 0 0 0 0 0 0 0 0 1 1 1 0 0 0 0 0 0
 0 0 0 0 0 0 0 0 0 0 0 1 1 1 0 0 3 3 3 0 0 0 0 0 1 1 0 0 0 0 0 0 0 0 0 0 0 0 0 0 0 0 0 0 0 1
 0 0 0 0 0 0 0 0 0 0 0 1 1 1 0 0 3 3 3 0 0 0 0 0 1 1 0 0 0 0 0 0 0 0 0 0 0 0 0 0 0 0 0 0 0 1
 0 0 1 0 0 0 0 0 2 2 5 0 0 3 1 1 3 3 2 0 0 0 0 0 0 0 0 0 0 0 0 0 0 0 0 0 0 0 0 0 1 1 0 0 0 1
 0 0 1 0 0 0 0 0 2 2 5 0 0 3 1 1 3 3 2 0 0 0 0 0 0 0 0 0 0 0 0 0 0 0 0 0 0 0 0 0 1 1 0 0 0 1
 0 0 0 0 0 0 5 5 2 2 6 6 6 7 2 2 1 1 2 0 0 0 0 0 0 0 0 0 0 0 0 0 0 0 0 0 0 0 0 0 0 0 0 0 0 4
 0 0 0 0 0 0 0 0 13 13 3 6 6 7 4 4 3 3 2 1 1 0 0 0 0 0 0 1 1 1 0 0 0 0 0 0 0 0 1 1 0 0 2 3 3 4
 0 0 0 0 0 0 0 0 13 13 3 6 6 7 4 4 3 3 2 1 1 0 0 0 0 0 0 1 1 1 0 0 0 0 0 0 0 0 1 1 0 0 2 3 3 4
 0 0 0 0 0 4 8 8 3 3 8 11 11 14 5 5 8 8 4 1 1 0 0 0 0 0 0 0 0 0 0 0 0 0 0 0 0 0 0 0 3 3 19 7 7 12
 0 0 0 0 0 0 4 4 13 13 10 5 5 2 9 9 9 9 7 1 1 0 0 0 0 0 0 0 0 0 1 1 0 0 0 0 0 1 0 0 0 0 7 9 9 17
 0 0 0 0 0 0 4 4 13 13 10 5 5 2 9 9 9 9 7 1 1 0 0 0 0 0 0 0 0 0 1 1 0 0 0 0 0 1 0 0 0 0 7 9 9 17
 0 0 1 2 2 1 2 2 11 11 8 5 5 6 15 15 10 10 7 1 1 0 0 0 0 0 0 1 1 1 1 1 0 0 0 1 1 0 0 0 0 0 13 13 13 3
 0 0 1 2 2 1 2 2 11 11 8 5 5 6 15 15 10 10 7 1 1 0 0 0 0 0 0 1 1 1 1 1 0 0 0 1 1 0 0 0 0 0 13 13 13 3
 1 1 2 4 4 2 5 5 6 6 5 2 2 1 2 2 5 5 2 0 0 0 0 0 1 1 2 1 1 1 2 2 0 0 6 0 0 0 1 1 0 0 0 1 1 0
 3 3 0 1 1 3 2 2 1 1 3 2 2 0 1 1 0 0 0 0 0 0 0 0 0 0 2 2 2 1 0 0 1 1 0 0 0 0 2 2 1 1 3 11 11 0
 3 3 0 1 1 3 2 2 1 1 3 2 2 0 1 1 0 0 0 0 0 0 0 0 0 0 2 2 2 1 0 0 1 1 0 0 0 0 2 2 1 1 3 11 11 0
 0 0 6 0 0 0 1 1 4 4 1 0 0 0 1 1 1 1 0 0 0 0 0 0 0 0 1 1 1 0 0 0 2 2 0 0 0 0 0 0 1 1 2 11 11 3
 1 1 1 1 1 3 1 1 1 1 0 0 0 0 0 0 0 0 0 0 0 0 0 0 1 1 1 1 1 0 0 0 0 0 0 1 1 0 0 0 0 0 1 4 4 3
 1 1 1 1 1 3 1 1 1 1 0 0 0 0 0 0 0 0 0 0 0 0 0 0 1 1 1 1 1 0 0 0 0 0 0 1 1 0 0 0 0 0 1 4 4 3
 0 0 1 1 1 0 1 1 0 0 2 1 1 0 0 0 0 0 0 0 0 0 0 0 0 0 0 0 0 0 0 0 2 2 0 0 0 0 0 0 1 1 1 4 4 0
 0 0 1 1 1 0 1 1 0 0 2 1 1 0 0 0 0 0 0 0 0 0 0 0 0 0 0 0 0 0 0 0 2 2 0 0 0 0 0 0 1 1 1 4 4 0
 0 0 0 0 0 2 1 1 1 1 0 0 0 1 0 0 0 0 0 0 0 0 1 1 0 0 0 0 0 0 2 2 0 0 0 0 0 0 1 1 1 1 3 0 0 1
 0 0 0 1 1 1 2 2 1 1 0 0 0 2 0 0 1 1 1 0 0 0 0 0 6 6 0 0 0 0 0 0 0 0 0 2 2 0 0 0 0 0 0 0 0 1
 0 0 0 1 1 1 2 2 1 1 0 0 0 2 0 0 1 1 1 0 0 0 0 0 6 6 0 0 0 0 0 0 0 0 0 2 2 0 0 0 0 0 0 0 0 1
 1 1 2 1 1 1 3 3 2 2 0 0 0 0 0 0 1 1 1 0 0 0 0 0 6 6 0 0 0 0 0 0 0 0 0 0 0 0 0 0 0 0 3 0 0 0
 17 17 3 3 3 3 2 2 2 2 0 4 4 0 1 1 2 2 0 0 0 0 1 1 6 6 0 0 0 0 0 0 0 0 0 0 0 0 0 0 1 1 1 0 0 1
 17 17 3 3 3 3 2 2 2 2 0 4 4 0 1 1 2 2 0 0 0 0 1 1 6 6 0 0 0 0 0 0 0 0 0 0 0 0 0 0 1 1 1 0 0 1
 20 20 20 8 8 7 3 3 2 2 0 2 2 8 0 0 0 0 0 0 0 0 0 0 0 0 0 0 0 0 0 0 0 0 3 0 0 1 1 1 1 1 15 5 5 6
 20 20 20 8 8 7 3 3 2 2 0 2 2 8 0 0 0 0 0 0 0 0 0 0 0 0 0 0 0 0 0 0 0 0 3 0 0 1 1 1 1 1 15 5 5 6
 2 2 12 13 13 6 2 2 7 7 2 10 10 10 6 6 0 0 1 1 1 0 0 0 2 2 0 1 1 0 1 1 0 0 0 2 2 3 16 16 15 15 9 1 1 18
 1 1 12 12 12 2 4 4 25 25 13 11 11 11 2 2 1 1 0 1 1 0 0 0 2 2 0 5 5 1 0 0 0 0 0 5 5 8 8 8 22 22 7 2 2 2
 1 1 12 12 12 2 4 4 25 25 13 11 11 11 2 2 1 1 0 1 1 0 0 0 2 2 0 5 5 1 0 0 0 0 0 5 5 8 8 8 22 22 7 2 2 2
 1 1 3 4 4 3 6 6 38 38 41 29 29 33 7 7 10 10 14 1 1 1 1 1 1 1 0 1 1 2 1 1 7 7 12 12 12 12 7 7 9 9 11 7 7 11
 1 1 4 4 4 3 7 7 41 41 37 35 35 35 32 32 38 38 44 1 1 1 0 0 1 1 0 1 1 35 10 10 7 7 14 6 6 11 16 16 10 10 19 14 14 1
 1 1 4 4 4 3 7 7 41 41 37 35 35 35 32 32 38 38 44 1 1 1 0 0 1 1 0 1 1 35 10 10 7 7 14 6 6 11 16 16 10 10 19 14 14 1
 1 1 2 4 4 11 18 18 29 29 43 45 45 33 36 36 46 46 24 2 2 1 3 3 1 1 0 0 0 1 11 11 0 0 7 12 12 13 17 17 7 7 4 5 5 0
 1 1 2 4 4 11 18 18 29 29 43 45 45 33 36 36 46 46 24 2 2 1 3 3 1 1 0 0 0 1 11 11 0 0 7 12 12 13 17 17 7 7 4 5 5 0
 1 1 2 14 14 19 19 19 21 21 27 23 23 26 34 34 20 20 10 1 1 2 3 3 3 3 1 4 4 1 1 1 1 1 0 1 1 3 3 3 5 5 5 5 5 0
 2 2 2 12 12 18 37 37 54 54 60 20 20 29 10 10 2 2 4 8 8 11 4 4 5 5 4 4 4 1 0 0 0 0 1 1 1 2 2 2 3 3 0 21 21 5
 2 2 2 12 12 18 37 37 54 54 60 20 20 29 10 10 2 2 4 8 8 11 4 4 5 5 4 4 4 1 0 0 0 0 1 1 1 2 2 2 3 3 0 21 21 5
 1 1 2 5 5 5 11 11 15 15 38 23 23 23 6 6 1 1 1 15 15 10 8 8 6 6 4 1 1 1 1 1 0 0 2 1 1 1 2 2 2 2 2 24 24 0
 1 1 2 2 2 3 9 9 13 13 15 16 16 15 2 2 3 3 1 2 2 8 58 58 9 9 12 6 6 0 2 2 1 1 3 1 1 2 3 3 1 1 12 1 1 1
 1 1 2 2 2 3 9 9 13 13 15 16 16 15 2 2 3 3 1 2 2 8 58 58 9 9 12 6 6 0 2 2 1 1 3 1 1 2 3 3 1 1 12 1 1 1
 0 0 1 1 1 2 1 1 2 2 3 1 1 0 1 1 0 0 6 4 4 6 34 34 15 15 7 4 4 3 3 3 0 0 0 0 0 1 1 1 2 2 0 4 4 2
 0 0 1 1 1 2 1 1 2 2 3 1 1 0 1 1 0 0 6 4 4 6 34 34 15 15 7 4 4 3 3 3 0 0 0 0 0 1 1 1 2 2 0 4 4 2
 0 0 0 0 0 0 1 1 2 2 1 0 0 1 0 0 2 2 6 1 1 7 29 29 9 9 8 3 3 2 4 4 1 1 1 0 0 1 1 1 2 2 0 0 0 0
 0 0 0 0 0 1 2 2 0 0 0 1 1 3 0 0 3 3 1 4 4 53 10 10 4 4 7 32 32 35 5 5 0 0 0 0 0 1 4 4 10 10 3 2 2 0
 0 0 0 0 0 1 2 2 0 0 0 1 1 3 0 0 3 3 1 4 4 53 10 10 4 4 7 32 32 35 5 5 0 0 0 0 0 1 4 4 10 10 3 2 2 0
 0 0 0 1 1 0 0 0 0 0 0 0 0 0 0 0 1 1 2 3 3 5 10 10 4 4 8 43 43 30 1 1 0 0 5 2 2 4 8 8 17 17 8 2 2 0
 1 1 0 0 0 1 0 0 0 0 0 0 0 0 0 0 0 0 0 1 1 5 3 3 8 8 1 5 5 1 1 1 0 0 1 2 2 4 6 6 4 4 3 1 1 1
 1 1 0 0 0 1 0 0 0 0 0 0 0 0 0 0 0 0 0 1 1 5 3 3 8 8 1 5 5 1 1 1 0 0 1 2 2 4 6 6 4 4 3 1 1 1
 2 2 2 0 0 0 1 1 0 0 0 2 2 3 0 0 2 2 0 2 2 1 2 2 7 7 24 3 3 4 1 1 0 0 0 0 0 0 8 8 2 2 5 1 1 4
 2 2 2 0 0 0 1 1 0 0 0 2 2 3 0 0 2 2 0 2 2 1 2 2 7 7 24 3 3 4 1 1 0 0 0 0 0 0 8 8 2 2 5 1 1 4
 3 3 4 3 3 1 0 0 0 0 0 4 4 1 12 12 12 12 3 2 2 5 2 2 1 1 6 5 5 5 3 3 2 2 0 0 0 0 10 10 2 2 1 5 5 1
 5 5 5 9 9 4 2 2 2 2 6 2 2 2 12 12 12 12 4 5 5 5 4 4 3 3 5 9 9 1 3 3 24 24 3 1 1 0 12 12 16 16 0 2 2 4
 5 5 5 9 9 4 2 2 2 2 6 2 2 2 12 12 12 12 4 5 5 5 4 4 3 3 5 9 9 1 3 3 24 24 3 1 1 0 12 12 16 16 0 2 2 4
 17 17 8 4 4 5 2 2 2 2 9 6 6 8 15 15 13 13 4 9 9 19 14 14 6 6 6 1 1 1 3 3 2 2 2 0 0 1 2 2 12 12 1 0 0 0
 22 22 8 3 3 3 5 5 4 4 6 6 6 6 13 13 4 4 3 2 2 1 1 1 1 1 1 1 1 4 1 1 2 2 1 0 0 1 1 1 7 7 4 6 6 7
 22 22 8 3 3 3 5 5 4 4 6 6 6 6 13 13 4 4 3 2 2 1 1 1 1 1 1 1 1 4 1 1 2 2 1 0 0 1 1 1 7 7 4 6 6 7
 22 22 7 5 5 1 1 1 2 2 4 5 5 1 0 0 2 2 1 1 1 0 1 1 1 1 4 0 0 1 1 1 2 2 5 3 3 2 2 2 11 11 7 4 4 7
 22 22 7 5 5 1 1 1 2 2 4 5 5 1 0 0 2 2 1 1 1 0 1 1 1 1 4 0 0 1 1 1 2 2 5 3 3 2 2 2 11 11 7 4 4 7
 10 10 3 4 4 2 2 2 1 1 11 5 5 1 0 0 0 0 2 1 1 0 1 1 1 1 1 0 0 0 1 1 4 4 1 2 2 4 2 2 1 1 0 0 0 4
 7 7 6 6 6 4 3 3 2 2 1 5 5 1 1 1 0 0 0 0 0 1 1 1 0 0 1 0 0 0 0 0 0 0 1 3 3 22 8 8 9 9 1 0 0 0
 7 7 6 6 6 4 3 3 2 2 1 5 5 1 1 1 0 0 0 0 0 1 1 1 0 0 1 0 0 0 0 0 0 0 1 3 3 22 8 8 9 9 1 0 0 0
 7 7 8 10 10 10 7 7 3 3 2 5 5 0 1 1 2 2 1 1 1 1 1 1 1 1 2 0 0 0 0 0 0 0 4 3 3 18 9 9 7 7 1 2 2 5
 5 5 14 11 11 12 11 11 10 10 9 3 3 4 1 1 0 0 0 0 0 1 0 0 1 1 1 0 0 0 0 0 1 1 0 1 1 0 1 1 0 0 4 0 0 0
