assets/RAT_results_old/precipitation/2017-06-27_IMERG.asc
ncols        46
nrows        77
xllcorner    74.800261325624
yllcorner    8.058333333333
cellsize     0.062500000000
NODATA_value -9999
 7 7 10 12 12 15 15 15 19 19 12 14 14 26 19 19 7 7 10 3 3 2 0 0 1 1 0 0 0 0 0 0 0 0 0 1 1 1 1 1 1 1 2 5 5 5
 13 13 15 14 14 22 26 26 28 28 15 8 8 24 12 12 16 16 9 3 3 4 2 2 2 2 1 1 1 0 0 0 0 0 2 1 1 0 1 1 4 4 4 6 6 4
 13 13 15 14 14 22 26 26 28 28 15 8 8 24 12 12 16 16 9 3 3 4 2 2 2 2 1 1 1 0 0 0 0 0 2 1 1 0 1 1 4 4 4 6 6 4
 19 19 15 22 22 32 21 21 15 15 5 6 6 17 9 9 9 9 8 8 8 3 1 1 1 1 1 0 0 1 0 0 0 0 1 0 0 0 1 1 3 3 4 5 5 4
 15 15 25 24 24 23 13 13 9 9 8 8 8 16 10 10 6 6 5 4 4 4 2 2 1 1 3 1 1 3 3 3 1 1 0 0 0 0 1 1 2 2 5 4 4 4
 15 15 25 24 24 23 13 13 9 9 8 8 8 16 10 10 6 6 5 4 4 4 2 2 1 1 3 1 1 3 3 3 1 1 0 0 0 0 1 1 2 2 5 4 4 4
 17 17 22 23 23 21 16 16 10 10 13 9 9 6 6 6 4 4 6 1 1 5 2 2 0 0 1 1 1 1 2 2 0 0 0 0 0 0 0 0 0 0 8 2 2 0
 17 17 22 23 23 21 16 16 10 10 13 9 9 6 6 6 4 4 6 1 1 5 2 2 0 0 1 1 1 1 2 2 0 0 0 0 0 0 0 0 0 0 8 2 2 0
 9 9 13 19 19 16 16 16 15 15 15 6 6 10 7 7 3 3 4 4 4 2 1 1 0 0 0 0 0 0 0 0 0 0 0 0 0 0 0 0 0 0 0 0 0 3
 14 14 16 26 26 18 12 12 9 9 7 8 8 8 4 4 6 6 5 7 7 1 1 1 8 8 1 0 0 0 0 0 0 0 0 0 0 0 0 0 0 0 0 0 0 0
 14 14 16 26 26 18 12 12 9 9 7 8 8 8 4 4 6 6 5 7 7 1 1 1 8 8 1 0 0 0 0 0 0 0 0 0 0 0 0 0 0 0 0 0 0 0
 32 32 35 14 14 15 12 12 10 10 11 11 11 8 14 14 9 9 13 9 9 2 1 1 4 4 1 0 0 0 0 0 0 0 0 0 0 0 0 0 0 0 0 0 0 0
 35 35 30 23 23 23 16 16 16 16 11 18 18 18 21 21 25 25 14 12 12 5 4 4 2 2 0 0 0 0 0 0 0 0 0 0 0 0 0 0 0 0 1 0 0 0
 35 35 30 23 23 23 16 16 16 16 11 18 18 18 21 21 25 25 14 12 12 5 4 4 2 2 0 0 0 0 0 0 0 0 0 0 0 0 0 0 0 0 1 0 0 0
 21 21 23 14 14 21 17 17 22 22 18 12 12 17 25 25 21 21 10 14 14 6 3 3 3 3 2 1 1 0 0 0 0 0 0 0 0 0 0 0 0 0 0 0 0 0
 21 21 23 14 14 21 17 17 22 22 18 12 12 17 25 25 21 21 10 14 14 6 3 3 3 3 2 1 1 0 0 0 0 0 0 0 0 0 0 0 0 0 0 0 0 0
 18 18 27 11 11 19 21 21 17 17 37 22 22 18 23 23 25 25 13 8 8 11 3 3 3 3 3 1 1 0 0 0 1 1 1 1 1 0 0 0 1 1 1 0 0 0
 14 14 25 18 18 16 13 13 13 13 16 26 26 19 22 22 20 20 19 11 11 11 9 9 8 8 5 8 8 1 2 2 2 2 2 1 1 1 0 0 0 0 1 0 0 0
 14 14 25 18 18 16 13 13 13 13 16 26 26 19 22 22 20 20 19 11 11 11 9 9 8 8 5 8 8 1 2 2 2 2 2 1 1 1 0 0 0 0 1 0 0 0
 15 15 20 20 20 10 14 14 34 34 18 66 66 28 22 22 16 16 13 30 30 17 15 15 21 21 19 10 10 4 5 5 2 2 2 2 2 2 1 1 1 1 2 1 1 1
 17 17 32 25 25 21 22 22 9 9 16 31 31 34 17 17 20 20 26 26 26 18 29 29 30 30 14 11 11 4 6 6 7 7 5 3 3 12 4 4 3 3 4 5 5 2
 17 17 32 25 25 21 22 22 9 9 16 31 31 34 17 17 20 20 26 26 26 18 29 29 30 30 14 11 11 4 6 6 7 7 5 3 3 12 4 4 3 3 4 5 5 2
 14 14 8 14 14 17 13 13 9 9 16 35 35 30 40 40 38 38 25 27 27 24 28 28 28 28 17 18 18 8 7 7 7 7 4 4 4 6 5 5 4 4 5 4 4 3
 14 14 8 14 14 17 13 13 9 9 16 35 35 30 40 40 38 38 25 27 27 24 28 28 28 28 17 18 18 8 7 7 7 7 4 4 4 6 5 5 4 4 5 4 4 3
 14 14 10 14 14 11 14 14 11 11 22 37 37 31 73 73 37 37 45 38 38 26 30 30 29 29 22 22 22 13 10 10 8 8 5 4 4 3 8 8 1 1 1 1 1 1
 13 13 12 16 16 15 23 23 13 13 19 17 17 22 39 39 47 47 35 26 26 40 24 24 22 22 18 23 23 18 14 14 10 10 6 3 3 3 6 6 2 2 1 0 0 0
 13 13 12 16 16 15 23 23 13 13 19 17 17 22 39 39 47 47 35 26 26 40 24 24 22 22 18 23 23 18 14 14 10 10 6 3 3 3 6 6 2 2 1 0 0 0
 25 25 22 15 15 16 24 24 21 21 19 43 43 30 30 30 31 31 33 34 34 28 27 27 21 21 20 25 25 21 22 22 15 15 13 7 7 6 3 3 3 3 2 0 0 1
 24 24 26 25 25 28 36 36 30 30 31 35 35 31 20 20 36 36 36 42 42 27 22 22 29 29 23 13 13 18 19 19 22 22 20 11 11 5 6 6 6 6 2 3 3 2
 24 24 26 25 25 28 36 36 30 30 31 35 35 31 20 20 36 36 36 42 42 27 22 22 29 29 23 13 13 18 19 19 22 22 20 11 11 5 6 6 6 6 2 3 3 2
 17 17 33 19 19 29 33 33 32 32 30 45 45 38 32 32 41 41 32 32 32 32 25 25 24 24 20 21 21 15 16 16 20 20 16 9 9 8 5 5 7 7 8 6 6 2
 17 17 33 19 19 29 33 33 32 32 30 45 45 38 32 32 41 41 32 32 32 32 25 25 24 24 20 21 21 15 16 16 20 20 16 9 9 8 5 5 7 7 8 6 6 2
 19 19 22 33 33 31 38 38 43 43 35 26 26 31 31 31 53 53 51 35 35 37 34 34 31 31 35 32 32 35 14 14 24 24 35 12 12 14 13 13 17 17 9 7 7 2
 22 22 17 23 23 27 31 31 26 26 37 26 26 25 26 26 33 33 31 30 30 41 43 43 39 39 34 23 23 25 16 16 25 25 20 17 17 21 13 13 14 14 10 8 8 6
 22 22 17 23 23 27 31 31 26 26 37 26 26 25 26 26 33 33 31 30 30 41 43 43 39 39 34 23 23 25 16 16 25 25 20 17 17 21 13 13 14 14 10 8 8 6
 19 19 20 24 24 41 25 25 32 32 27 23 23 17 12 12 16 16 22 19 19 19 18 18 26 26 27 22 22 20 25 25 22 22 23 19 19 21 17 17 11 11 14 9 9 10
 23 23 20 21 21 23 21 21 25 25 27 20 20 13 11 11 7 7 7 13 13 9 9 9 9 9 7 15 15 11 10 10 34 34 26 17 17 24 17 17 19 19 13 7 7 6
 23 23 20 21 21 23 21 21 25 25 27 20 20 13 11 11 7 7 7 13 13 9 9 9 9 9 7 15 15 11 10 10 34 34 26 17 17 24 17 17 19 19 13 7 7 6
 21 21 17 23 23 17 31 31 28 28 25 13 13 15 7 7 14 14 8 8 8 7 8 8 8 8 5 6 6 11 20 20 32 32 33 25 25 27 17 17 12 12 9 11 11 6
 21 21 17 23 23 17 31 31 28 28 25 13 13 15 7 7 14 14 8 8 8 7 8 8 8 8 5 6 6 11 20 20 32 32 33 25 25 27 17 17 12 12 9 11 11 6
 22 22 26 17 17 29 22 22 11 11 16 17 17 18 11 11 15 15 5 12 12 11 10 10 9 9 10 11 11 20 25 25 27 27 26 28 28 21 24 24 14 14 13 10 10 11
 17 17 19 17 17 21 15 15 7 7 24 15 15 16 16 16 14 14 11 16 16 16 19 19 14 14 12 14 14 19 16 16 21 21 26 21 21 28 16 16 17 17 19 17 17 16
 17 17 19 17 17 21 15 15 7 7 24 15 15 16 16 16 14 14 11 16 16 16 19 19 14 14 12 14 14 19 16 16 21 21 26 21 21 28 16 16 17 17 19 17 17 16
 23 23 18 8 8 16 7 7 4 4 12 15 15 18 19 19 9 9 10 15 15 24 28 28 21 21 17 16 16 33 29 29 18 18 15 12 12 16 21 21 14 14 14 10 10 12
 22 22 17 11 11 15 34 34 24 24 19 29 29 24 24 24 16 16 19 27 27 26 34 34 26 26 24 28 28 36 33 33 26 26 22 17 17 12 13 13 11 11 12 10 10 8
 22 22 17 11 11 15 34 34 24 24 19 29 29 24 24 24 16 16 19 27 27 26 34 34 26 26 24 28 28 36 33 33 26 26 22 17 17 12 13 13 11 11 12 10 10 8
 26 26 13 14 14 23 20 20 28 28 29 32 32 36 27 27 34 34 13 24 24 22 24 24 25 25 27 35 35 27 34 34 27 27 23 19 19 20 16 16 16 16 11 15 15 10
 26 26 13 14 14 23 20 20 28 28 29 32 32 36 27 27 34 34 13 24 24 22 24 24 25 25 27 35 35 27 34 34 27 27 23 19 19 20 16 16 16 16 11 15 15 10
 36 36 13 12 12 20 28 28 31 31 32 38 38 43 13 13 22 22 20 18 18 18 18 18 24 24 20 21 21 35 37 37 31 31 19 20 20 22 20 20 14 14 15 20 20 20
 53 53 29 24 24 38 31 31 41 41 37 38 38 42 21 21 24 24 19 28 28 27 24 24 26 26 24 27 27 42 33 33 26 26 31 28 28 25 25 25 18 18 21 25 25 16
 53 53 29 24 24 38 31 31 41 41 37 38 38 42 21 21 24 24 19 28 28 27 24 24 26 26 24 27 27 42 33 33 26 26 31 28 28 25 25 25 18 18 21 25 25 16
 22 22 18 32 32 41 27 27 43 43 43 41 41 24 24 24 23 23 17 20 20 24 29 29 32 32 30 48 48 36 37 37 41 41 66 27 27 27 24 24 19 19 24 34 34 19
 15 15 25 38 38 31 33 33 44 44 36 40 40 32 41 41 20 20 32 22 22 25 33 33 32 32 32 35 35 41 53 53 45 45 52 39 39 26 24 24 24 24 29 41 41 28
 15 15 25 38 38 31 33 33 44 44 36 40 40 32 41 41 20 20 32 22 22 25 33 33 32 32 32 35 35 41 53 53 45 45 52 39 39 26 24 24 24 24 29 41 41 28
 17 17 42 44 44 60 38 38 49 49 49 45 45 56 48 48 35 35 26 25 25 33 39 39 42 42 37 47 47 52 50 50 44 44 38 35 35 34 29 29 29 29 27 34 34 27
 17 17 42 44 44 60 38 38 49 49 49 45 45 56 48 48 35 35 26 25 25 33 39 39 42 42 37 47 47 52 50 50 44 44 38 35 35 34 29 29 29 29 27 34 34 27
 27 27 35 45 45 55 50 50 56 56 59 51 51 45 35 35 38 38 55 52 52 56 41 41 47 47 40 53 53 52 50 50 39 39 42 33 33 35 29 29 26 26 34 29 29 12
 26 26 40 52 52 53 50 50 51 51 61 54 54 47 34 34 42 42 65 50 50 59 42 42 46 46 58 46 46 40 34 34 43 43 45 42 42 31 28 28 29 29 28 34 34 11
 26 26 40 52 52 53 50 50 51 51 61 54 54 47 34 34 42 42 65 50 50 59 42 42 46 46 58 46 46 40 34 34 43 43 45 42 42 31 28 28 29 29 28 34 34 11
 49 49 34 48 48 56 45 45 47 47 51 46 46 49 52 52 52 52 69 66 66 46 36 36 55 55 55 49 49 53 43 43 51 51 45 35 35 39 31 31 39 39 59 24 24 20
 37 37 31 37 37 29 27 27 42 42 30 43 43 46 40 40 57 57 54 59 59 33 47 47 41 41 55 76 76 69 68 68 50 50 45 39 39 35 27 27 49 49 44 23 23 20
 37 37 31 37 37 29 27 27 42 42 30 43 43 46 40 40 57 57 54 59 59 33 47 47 41 41 55 76 76 69 68 68 50 50 45 39 39 35 27 27 49 49 44 23 23 20
 43 43 30 29 29 26 30 30 31 31 26 33 33 34 32 32 47 47 40 42 42 41 50 50 47 47 74 61 61 74 53 53 44 44 33 32 32 25 27 27 49 49 25 18 18 36
 43 43 30 29 29 26 30 30 31 31 26 33 33 34 32 32 47 47 40 42 42 41 50 50 47 47 74 61 61 74 53 53 44 44 33 32 32 25 27 27 49 49 25 18 18 36
 20 20 27 21 21 25 27 27 31 31 29 33 33 33 31 31 48 48 48 47 47 47 46 46 37 37 46 51 51 45 46 46 44 44 33 32 32 27 22 22 32 32 22 15 15 8
 15 15 19 30 30 29 28 28 19 19 20 14 14 33 28 28 27 27 32 29 29 28 26 26 27 27 39 34 34 44 65 65 46 46 34 38 38 25 20 20 21 21 13 11 11 13
 15 15 19 30 30 29 28 28 19 19 20 14 14 33 28 28 27 27 32 29 29 28 26 26 27 27 39 34 34 44 65 65 46 46 34 38 38 25 20 20 21 21 13 11 11 13
 13 13 15 14 14 13 12 12 13 13 11 12 12 20 24 24 38 38 31 38 38 22 30 30 30 30 28 34 34 47 56 56 26 26 25 26 26 18 20 20 30 30 19 12 12 9
 8 8 14 21 21 15 9 9 13 13 18 13 13 20 13 13 10 10 16 20 20 14 25 25 20 20 21 25 25 32 46 46 33 33 41 20 20 21 20 20 24 24 19 16 16 13
 8 8 14 21 21 15 9 9 13 13 18 13 13 20 13 13 10 10 16 20 20 14 25 25 20 20 21 25 25 32 46 46 33 33 41 20 20 21 20 20 24 24 19 16 16 13
 9 9 16 16 16 16 17 17 12 12 10 11 11 19 9 9 8 8 12 7 7 9 12 12 14 14 17 20 20 34 53 53 21 21 34 15 15 15 12 12 19 19 20 23 23 20
 9 9 16 16 16 16 17 17 12 12 10 11 11 19 9 9 8 8 12 7 7 9 12 12 14 14 17 20 20 34 53 53 21 21 34 15 15 15 12 12 19 19 20 23 23 20
 14 14 7 7 7 10 6 6 11 11 12 8 8 7 8 8 5 5 6 6 6 7 7 7 12 12 13 17 17 25 24 24 24 24 20 23 23 18 20 20 18 18 21 27 27 21
 10 10 4 18 18 5 5 5 5 5 9 5 5 5 4 4 4 4 4 5 5 3 6 6 7 7 9 17 17 22 18 18 24 24 20 42 42 22 22 22 25 25 23 25 25 34
 10 10 4 18 18 5 5 5 5 5 9 5 5 5 4 4 4 4 4 5 5 3 6 6 7 7 9 17 17 22 18 18 24 24 20 42 42 22 22 22 25 25 23 25 25 34
 4 4 4 8 8 3 4 4 4 4 4 4 4 4 3 3 3 3 4 4 4 3 8 8 7 7 8 10 10 8 12 12 14 14 15 24 24 25 20 20 21 21 22 17 17 19
 9 9 9 3 3 3 3 3 4 4 4 3 3 4 3 3 3 3 5 4 4 5 8 8 12 12 12 9 9 14 8 8 7 7 9 22 22 20 20 20 18 18 22 10 10 12
