assets/RAT_results_old/precipitation/2017-10-05_IMERG.asc
ncols        46
nrows        77
xllcorner    74.800261325624
yllcorner    8.058333333333
cellsize     0.062500000000
NODATA_value -9999
 7 7 6 7 7 12 65 65 22 22 28 22 22 18 9 9 10 10 7 10 10 9 9 9 16 16 12 15 15 26 38 38 23 23 32 13 13 11 9 9 15 15 11 20 20 30
 8 8 15 6 6 8 34 34 10 10 16 27 27 23 9 9 14 14 6 6 6 9 8 8 14 14 12 17 17 24 39 39 12 12 15 15 15 23 24 24 36 36 18 19 19 14
 8 8 15 6 6 8 34 34 10 10 16 27 27 23 9 9 14 14 6 6 6 9 8 8 14 14 12 17 17 24 39 39 12 12 15 15 15 23 24 24 36 36 18 19 19 14
 4 4 5 4 4 5 8 8 5 5 8 6 6 11 5 5 14 14 8 10 10 6 22 22 14 14 13 17 17 15 17 17 11 11 15 9 9 14 23 23 21 21 23 15 15 7
 4 4 5 3 3 2 3 3 5 5 7 5 5 4 6 6 9 9 9 5 5 14 9 9 12 12 9 10 10 12 19 19 17 17 14 9 9 12 13 13 14 14 15 16 16 8
 4 4 5 3 3 2 3 3 5 5 7 5 5 4 6 6 9 9 9 5 5 14 9 9 12 12 9 10 10 12 19 19 17 17 14 9 9 12 13 13 14 14 15 16 16 8
 1 1 1 1 1 1 2 2 5 5 5 4 4 7 13 13 12 12 12 17 17 5 10 10 11 11 9 9 9 14 16 16 23 23 19 7 7 9 6 6 7 7 14 18 18 28
 1 1 1 1 1 1 2 2 5 5 5 4 4 7 13 13 12 12 12 17 17 5 10 10 11 11 9 9 9 14 16 16 23 23 19 7 7 9 6 6 7 7 14 18 18 28
 0 0 1 2 2 4 2 2 3 3 4 4 4 9 16 16 18 18 10 9 9 10 10 10 8 8 16 15 15 10 21 21 16 16 25 14 14 10 9 9 11 11 18 18 18 17
 1 1 2 3 3 1 3 3 2 2 4 4 4 6 19 19 28 28 13 11 11 22 15 15 16 16 14 14 14 12 17 17 36 36 19 17 17 18 13 13 14 14 12 19 19 23
 1 1 2 3 3 1 3 3 2 2 4 4 4 6 19 19 28 28 13 11 11 22 15 15 16 16 14 14 14 12 17 17 36 36 19 17 17 18 13 13 14 14 12 19 19 23
 3 3 2 6 6 2 3 3 13 13 2 6 6 15 13 13 9 9 12 10 10 17 17 17 22 22 12 8 8 25 21 21 14 14 29 22 22 16 19 19 12 12 13 19 19 19
 8 8 5 12 12 3 3 3 9 9 8 6 6 10 5 5 5 5 7 13 13 12 14 14 11 11 12 9 9 20 12 12 12 12 16 20 20 18 14 14 11 11 13 18 18 23
 8 8 5 12 12 3 3 3 9 9 8 6 6 10 5 5 5 5 7 13 13 12 14 14 11 11 12 9 9 20 12 12 12 12 16 20 20 18 14 14 11 11 13 18 18 23
 10 10 8 1 1 3 2 2 2 2 6 9 9 13 7 7 13 13 8 12 12 18 9 9 14 14 12 15 15 25 21 21 14 14 8 12 12 11 19 19 10 10 14 15 15 19
 10 10 8 1 1 3 2 2 2 2 6 9 9 13 7 7 13 13 8 12 12 18 9 9 14 14 12 15 15 25 21 21 14 14 8 12 12 11 19 19 10 10 14 15 15 19
 5 5 2 2 2 4 3 3 3 3 4 4 4 3 20 20 10 10 14 20 20 16 15 15 10 10 12 15 15 9 14 14 16 16 10 14 14 15 32 32 26 26 13 18 18 20
 3 3 1 2 2 1 2 2 2 2 3 5 5 2 7 7 5 5 9 10 10 9 75 75 43 43 28 13 13 9 21 21 35 35 11 17 17 18 36 36 33 33 25 18 18 29
 3 3 1 2 2 1 2 2 2 2 3 5 5 2 7 7 5 5 9 10 10 9 75 75 43 43 28 13 13 9 21 21 35 35 11 17 17 18 36 36 33 33 25 18 18 29
 2 2 2 2 2 1 1 1 2 2 2 4 4 7 11 11 3 3 4 6 6 11 10 10 10 10 12 15 15 10 25 25 13 13 13 16 16 14 28 28 36 36 34 30 30 31
 4 4 3 2 2 2 1 1 3 3 3 6 6 4 7 7 6 6 5 4 4 11 5 5 7 7 7 5 5 8 6 6 8 8 9 10 10 15 27 27 33 33 50 30 30 25
 4 4 3 2 2 2 1 1 3 3 3 6 6 4 7 7 6 6 5 4 4 11 5 5 7 7 7 5 5 8 6 6 8 8 9 10 10 15 27 27 33 33 50 30 30 25
 4 4 3 2 2 3 4 4 4 4 3 1 1 3 7 7 7 7 13 8 8 16 7 7 6 6 9 6 6 5 6 6 12 12 7 10 10 16 23 23 27 27 25 29 29 23
 4 4 3 2 2 3 4 4 4 4 3 1 1 3 7 7 7 7 13 8 8 16 7 7 6 6 9 6 6 5 6 6 12 12 7 10 10 16 23 23 27 27 25 29 29 23
 1 1 2 1 1 2 1 1 1 1 1 3 3 5 8 8 9 9 28 17 17 10 6 6 10 10 11 10 10 12 5 5 5 5 6 10 10 17 16 16 17 17 20 25 25 25
 1 1 1 2 2 3 1 1 1 1 1 4 4 5 7 7 10 10 34 30 30 6 5 5 18 18 18 13 13 6 5 5 5 5 6 12 12 11 15 15 16 16 17 29 29 23
 1 1 1 2 2 3 1 1 1 1 1 4 4 5 7 7 10 10 34 30 30 6 5 5 18 18 18 13 13 6 5 5 5 5 6 12 12 11 15 15 16 16 17 29 29 23
 1 1 2 3 3 3 3 3 1 1 1 4 4 4 3 3 6 6 7 6 6 6 7 7 17 17 18 17 17 8 6 6 8 8 8 10 10 19 14 14 20 20 24 30 30 26
 2 2 2 3 3 3 4 4 5 5 4 2 2 3 5 5 7 7 43 4 4 5 7 7 12 12 15 22 22 12 11 11 9 9 10 18 18 14 21 21 30 30 25 29 29 28
 2 2 2 3 3 3 4 4 5 5 4 2 2 3 5 5 7 7 43 4 4 5 7 7 12 12 15 22 22 12 11 11 9 9 10 18 18 14 21 21 30 30 25 29 29 28
 1 1 1 2 2 3 4 4 8 8 8 4 4 4 6 6 9 9 43 5 5 6 5 5 8 8 6 9 9 16 12 12 14 14 14 16 16 15 25 25 31 31 29 66 66 68
 1 1 1 2 2 3 4 4 8 8 8 4 4 4 6 6 9 9 43 5 5 6 5 5 8 8 6 9 9 16 12 12 14 14 14 16 16 15 25 25 31 31 29 66 66 68
 4 4 3 2 2 4 4 4 7 7 7 8 8 8 8 8 11 11 7 8 8 6 6 6 6 6 6 4 4 14 8 8 15 15 17 22 22 24 28 28 25 25 50 48 48 35
 2 2 2 3 3 5 3 3 3 3 3 6 6 3 5 5 12 12 8 8 8 6 6 6 6 6 7 6 6 7 8 8 11 11 11 17 17 21 25 25 43 43 31 44 44 43
 2 2 2 3 3 5 3 3 3 3 3 6 6 3 5 5 12 12 8 8 8 6 6 6 6 6 7 6 6 7 8 8 11 11 11 17 17 21 25 25 43 43 31 44 44 43
 2 2 3 6 6 8 7 7 4 4 6 3 3 2 7 7 8 8 9 8 8 6 7 7 8 8 7 7 7 8 9 9 9 9 8 10 10 14 16 16 17 17 24 47 47 29
 2 2 3 4 4 7 8 8 5 5 4 2 2 3 3 3 9 9 15 11 11 8 9 9 10 10 10 9 9 10 13 13 8 8 6 7 7 11 12 12 19 19 33 28 28 29
 2 2 3 4 4 7 8 8 5 5 4 2 2 3 3 3 9 9 15 11 11 8 9 9 10 10 10 9 9 10 13 13 8 8 6 7 7 11 12 12 19 19 33 28 28 29
 4 4 3 3 3 7 6 6 7 7 5 5 5 7 3 3 10 10 7 14 14 12 14 14 13 13 12 12 12 15 15 15 13 13 15 12 12 12 12 12 19 19 22 30 30 38
 4 4 3 3 3 7 6 6 7 7 5 5 5 7 3 3 10 10 7 14 14 12 14 14 13 13 12 12 12 15 15 15 13 13 15 12 12 12 12 12 19 19 22 30 30 38
 3 3 5 4 4 8 8 8 9 9 6 8 8 8 9 9 13 13 13 20 20 22 20 20 16 16 18 15 15 17 20 20 14 14 20 24 24 14 15 15 18 18 21 32 32 36
 4 4 5 6 6 9 10 10 16 16 16 16 16 14 14 14 20 20 11 24 24 18 20 20 24 24 20 22 22 15 25 25 17 17 29 23 23 33 22 22 20 20 32 33 33 35
 4 4 5 6 6 9 10 10 16 16 16 16 16 14 14 14 20 20 11 24 24 18 20 20 24 24 20 22 22 15 25 25 17 17 29 23 23 33 22 22 20 20 32 33 33 35
 5 5 5 6 6 10 12 12 17 17 17 18 18 20 14 14 19 19 19 24 24 28 25 25 27 27 31 21 21 20 26 26 35 35 67 27 27 27 26 26 28 28 30 31 31 41
 9 9 7 9 9 8 23 23 17 17 16 18 18 18 21 21 20 20 20 31 31 27 32 32 39 39 26 30 30 27 18 18 25 25 25 21 21 18 23 23 28 28 26 36 36 46
 9 9 7 9 9 8 23 23 17 17 16 18 18 18 21 21 20 20 20 31 31 27 32 32 39 39 26 30 30 27 18 18 25 25 25 21 21 18 23 23 28 28 26 36 36 46
 6 6 14 15 15 18 25 25 19 19 19 25 25 25 33 33 20 20 21 25 25 27 28 28 32 32 33 36 36 11 14 14 20 20 17 14 14 15 14 14 18 18 22 23 23 28
 6 6 14 15 15 18 25 25 19 19 19 25 25 25 33 33 20 20 21 25 25 27 28 28 32 32 33 36 36 11 14 14 20 20 17 14 14 15 14 14 18 18 22 23 23 28
 9 9 16 11 11 20 18 18 23 23 22 26 26 26 37 37 26 26 64 63 63 64 50 50 40 40 28 27 27 12 10 10 11 11 19 16 16 16 13 13 16 16 20 54 54 40
 6 6 16 15 15 13 16 16 16 16 24 50 50 24 39 39 36 36 55 50 50 63 49 49 41 41 27 26 26 13 16 16 14 14 15 8 8 16 8 8 12 12 13 25 25 32
 6 6 16 15 15 13 16 16 16 16 24 50 50 24 39 39 36 36 55 50 50 63 49 49 41 41 27 26 26 13 16 16 14 14 15 8 8 16 8 8 12 12 13 25 25 32
 16 16 18 15 15 13 18 18 14 14 23 26 26 25 36 36 32 32 53 51 51 41 40 40 35 35 23 31 31 23 21 21 15 15 26 8 8 11 6 6 13 13 10 12 12 16
 24 24 22 19 19 18 19 19 35 35 49 30 30 57 40 40 38 38 51 53 53 55 31 31 22 22 19 21 21 22 19 19 16 16 11 12 12 13 12 12 7 7 5 5 5 6
 24 24 22 19 19 18 19 19 35 35 49 30 30 57 40 40 38 38 51 53 53 55 31 31 22 22 19 21 21 22 19 19 16 16 11 12 12 13 12 12 7 7 5 5 5 6
 22 22 31 28 28 26 24 24 24 24 53 32 32 64 60 60 41 41 90 67 67 50 49 49 45 45 35 17 17 18 19 19 25 25 16 20 20 16 10 10 6 6 2 2 2 1
 22 22 31 28 28 26 24 24 24 24 53 32 32 64 60 60 41 41 90 67 67 50 49 49 45 45 35 17 17 18 19 19 25 25 16 20 20 16 10 10 6 6 2 2 2 1
 26 26 30 30 30 35 26 26 32 32 40 38 38 66 74 74 95 95 91 99 99 108 112 112 61 61 40 32 32 26 22 22 22 22 20 52 52 13 6 6 5 5 1 1 1 1
 29 29 26 44 44 30 33 33 40 40 38 35 35 57 60 60 100 100 86 106 106 114 116 116 56 56 34 55 55 35 32 32 74 74 16 25 25 17 8 8 5 5 3 1 1 1
 29 29 26 44 44 30 33 33 40 40 38 35 35 57 60 60 100 100 86 106 106 114 116 116 56 56 34 55 55 35 32 32 74 74 16 25 25 17 8 8 5 5 3 1 1 1
 33 33 34 30 30 28 29 29 32 32 34 34 34 35 52 52 86 86 92 98 98 121 45 45 34 34 37 67 67 35 18 18 18 18 12 16 16 12 5 5 3 3 1 1 1 1
 44 44 26 36 36 32 29 29 33 33 35 35 35 44 35 35 64 64 71 96 96 100 82 82 81 81 47 60 60 34 18 18 12 12 12 10 10 11 6 6 5 5 1 1 1 1
 44 44 26 36 36 32 29 29 33 33 35 35 35 44 35 35 64 64 71 96 96 100 82 82 81 81 47 60 60 34 18 18 12 12 12 10 10 11 6 6 5 5 1 1 1 1
 21 21 24 36 36 34 35 35 40 40 43 41 41 46 52 52 55 55 38 76 76 87 82 82 82 82 45 49 49 18 26 26 9 9 7 12 12 9 6 6 4 4 1 2 2 2
 21 21 24 36 36 34 35 35 40 40 43 41 41 46 52 52 55 55 38 76 76 87 82 82 82 82 45 49 49 18 26 26 9 9 7 12 12 9 6 6 4 4 1 2 2 2
 31 31 27 34 34 33 45 45 46 46 44 44 44 46 57 57 55 55 47 72 72 66 66 66 60 60 33 33 33 16 18 18 15 15 12 14 14 7 5 5 2 2 2 8 8 2
 31 31 28 31 31 34 40 40 41 41 43 45 45 47 51 51 51 51 49 42 42 36 26 26 70 70 30 35 35 15 20 20 15 15 19 13 13 5 1 1 1 1 2 3 3 2
 31 31 28 31 31 34 40 40 41 41 43 45 45 47 51 51 51 51 49 42 42 36 26 26 70 70 30 35 35 15 20 20 15 15 19 13 13 5 1 1 1 1 2 3 3 2
 24 24 26 27 27 30 31 31 35 35 37 34 34 35 40 40 58 58 34 41 41 33 26 26 22 22 18 22 22 16 21 21 30 30 12 24 24 4 4 4 2 2 2 2 2 2
 15 15 15 15 15 19 20 20 24 24 26 26 26 25 29 29 29 29 28 27 27 24 17 17 15 15 24 7 7 12 14 14 22 22 13 15 15 5 5 5 5 5 3 1 1 1
 15 15 15 15 15 19 20 20 24 24 26 26 26 25 29 29 29 29 28 27 27 24 17 17 15 15 24 7 7 12 14 14 22 22 13 15 15 5 5 5 5 5 3 1 1 1
 10 10 11 12 12 14 16 16 14 14 17 19 19 18 18 18 19 19 20 24 24 13 15 15 22 22 20 7 7 5 3 3 3 3 8 7 7 9 5 5 4 4 8 2 2 1
 10 10 11 12 12 14 16 16 14 14 17 19 19 18 18 18 19 19 20 24 24 13 15 15 22 22 20 7 7 5 3 3 3 3 8 7 7 9 5 5 4 4 8 2 2 1
 9 9 8 9 9 12 16 16 10 10 11 10 10 13 11 11 13 13 23 12 12 10 10 10 9 9 8 6 6 5 1 1 3 3 2 10 10 14 9 9 6 6 2 9 9 1
 9 9 10 12 12 18 13 13 7 7 6 6 6 6 5 5 6 6 10 7 7 8 9 9 10 10 8 6 6 2 2 2 1 1 0 7 7 4 8 8 5 5 1 4 4 1
 9 9 10 12 12 18 13 13 7 7 6 6 6 6 5 5 6 6 10 7 7 8 9 9 10 10 8 6 6 2 2 2 1 1 0 7 7 4 8 8 5 5 1 4 4 1
 6 6 11 16 16 10 8 8 3 3 4 2 2 6 4 4 8 8 4 6 6 7 8 8 13 13 10 9 9 6 1 1 1 1 2 1 1 1 2 2 1 1 1 2 2 7
 5 5 4 4 4 4 3 3 2 2 1 1 1 2 2 2 3 3 5 3 3 6 12 12 7 7 9 10 10 6 4 4 2 2 1 3 3 3 9 9 2 2 8 4 4 0
