assets/RAT_results_old/precipitation/2017-09-07_IMERG.asc
ncols        46
nrows        77
xllcorner    74.800261325624
yllcorner    8.058333333333
cellsize     0.062500000000
NODATA_value -9999
 19 19 19 21 21 21 21 21 17 17 21 14 14 10 14 14 10 10 9 12 12 7 7 7 6 6 29 3 3 3 3 3 3 3 5 4 4 13 13 13 8 8 10 8 8 4
 25 25 25 27 27 24 34 34 30 30 43 25 25 11 15 15 7 7 8 7 7 9 6 6 4 4 11 8 8 3 2 2 2 2 2 2 2 2 5 5 7 7 7 10 10 7
 25 25 25 27 27 24 34 34 30 30 43 25 25 11 15 15 7 7 8 7 7 9 6 6 4 4 11 8 8 3 2 2 2 2 2 2 2 2 5 5 7 7 7 10 10 7
 28 28 23 27 27 25 22 22 30 30 26 36 36 25 23 23 14 14 7 9 9 8 6 6 2 2 2 2 2 2 2 2 2 2 3 4 4 4 5 5 8 8 9 6 6 17
 17 17 21 31 31 32 24 24 21 21 54 30 30 23 24 24 7 7 17 13 13 12 5 5 2 2 1 1 1 2 3 3 1 1 1 2 2 3 5 5 8 8 8 12 12 32
 17 17 21 31 31 32 24 24 21 21 54 30 30 23 24 24 7 7 17 13 13 12 5 5 2 2 1 1 1 2 3 3 1 1 1 2 2 3 5 5 8 8 8 12 12 32
 8 8 18 34 34 30 25 25 19 19 18 19 19 18 42 42 25 25 17 6 6 11 3 3 3 3 2 1 1 2 2 2 3 3 2 1 1 1 2 2 5 5 8 9 9 18
 8 8 18 34 34 30 25 25 19 19 18 19 19 18 42 42 25 25 17 6 6 11 3 3 3 3 2 1 1 2 2 2 3 3 2 1 1 1 2 2 5 5 8 9 9 18
 9 9 14 21 21 21 22 22 19 19 18 9 9 41 50 50 14 14 8 6 6 3 3 3 3 3 5 3 3 3 8 8 7 7 7 7 7 1 0 0 2 2 2 5 5 6
 8 8 9 10 10 12 19 19 17 17 26 23 23 14 13 13 9 9 14 4 4 3 2 2 9 9 7 7 7 6 2 2 5 5 8 4 4 3 0 0 1 1 3 3 3 2
 8 8 9 10 10 12 19 19 17 17 26 23 23 14 13 13 9 9 14 4 4 3 2 2 9 9 7 7 7 6 2 2 5 5 8 4 4 3 0 0 1 1 3 3 3 2
 1 1 2 5 5 4 17 17 19 19 74 64 64 28 9 9 9 9 11 10 10 3 2 2 2 2 5 5 5 4 2 2 2 2 2 2 2 2 2 2 5 5 2 3 3 3
 1 1 2 2 2 3 7 7 14 14 21 19 19 11 7 7 8 8 7 6 6 4 2 2 2 2 10 6 6 10 8 8 5 5 10 24 24 12 8 8 29 29 26 4 4 3
 1 1 2 2 2 3 7 7 14 14 21 19 19 11 7 7 8 8 7 6 6 4 2 2 2 2 10 6 6 10 8 8 5 5 10 24 24 12 8 8 29 29 26 4 4 3
 2 2 2 2 2 2 4 4 8 8 6 8 8 6 8 8 9 9 9 8 8 6 12 12 22 22 42 6 6 10 9 9 5 5 24 26 26 20 9 9 15 15 6 4 4 4
 2 2 2 2 2 2 4 4 8 8 6 8 8 6 8 8 9 9 9 8 8 6 12 12 22 22 42 6 6 10 9 9 5 5 24 26 26 20 9 9 15 15 6 4 4 4
 2 2 2 3 3 3 2 2 5 5 5 5 5 5 3 3 5 5 8 12 12 10 30 30 32 32 27 21 21 25 21 21 12 12 28 23 23 12 8 8 14 14 5 5 5 4
 2 2 2 3 3 3 4 4 6 6 6 6 6 6 4 4 4 4 10 12 12 21 26 26 53 53 51 35 35 37 25 25 22 22 27 29 29 9 7 7 16 16 16 5 5 6
 2 2 2 3 3 3 4 4 6 6 6 6 6 6 4 4 4 4 10 12 12 21 26 26 53 53 51 35 35 37 25 25 22 22 27 29 29 9 7 7 16 16 16 5 5 6
 2 2 3 3 3 3 5 5 6 6 8 10 10 11 11 11 12 12 11 12 12 22 48 48 52 52 35 36 36 27 26 26 28 28 29 35 35 9 2 2 15 15 5 5 5 4
 3 3 2 4 4 5 7 7 7 7 11 12 12 13 12 12 15 15 27 29 29 26 28 28 29 29 38 37 37 36 37 37 46 46 37 14 14 31 6 6 6 6 2 3 3 0
 3 3 2 4 4 5 7 7 7 7 11 12 12 13 12 12 15 15 27 29 29 26 28 28 29 29 38 37 37 36 37 37 46 46 37 14 14 31 6 6 6 6 2 3 3 0
 3 3 3 3 3 6 8 8 7 7 7 9 9 12 18 18 26 26 37 41 41 105 16 16 19 19 33 40 40 26 17 17 32 32 23 35 35 22 11 11 10 10 0 0 0 0
 3 3 3 3 3 6 8 8 7 7 7 9 9 12 18 18 26 26 37 41 41 105 16 16 19 19 33 40 40 26 17 17 32 32 23 35 35 22 11 11 10 10 0 0 0 0
 4 4 4 3 3 6 7 7 7 7 5 10 10 15 27 27 23 23 22 39 39 32 26 26 17 17 13 20 20 17 26 26 29 29 23 32 32 26 20 20 34 34 2 2 2 0
 5 5 5 4 4 6 5 5 6 6 5 10 10 14 27 27 22 22 43 60 60 45 35 35 22 22 20 19 19 15 9 9 8 8 36 36 36 51 40 40 28 28 4 2 2 0
 5 5 5 4 4 6 5 5 6 6 5 10 10 14 27 27 22 22 43 60 60 45 35 35 22 22 20 19 19 15 9 9 8 8 36 36 36 51 40 40 28 28 4 2 2 0
 4 4 5 5 5 5 6 6 5 5 6 8 8 14 16 16 19 19 26 31 31 50 88 88 39 39 25 17 17 13 10 10 9 9 36 18 18 22 23 23 27 27 19 4 4 0
 1 1 2 4 4 4 6 6 5 5 5 6 6 10 10 10 18 18 23 23 23 44 34 34 28 28 15 10 10 9 11 11 10 10 18 22 22 23 24 24 27 27 2 1 1 1
 1 1 2 4 4 4 6 6 5 5 5 6 6 10 10 10 18 18 23 23 23 44 34 34 28 28 15 10 10 9 11 11 10 10 18 22 22 23 24 24 27 27 2 1 1 1
 4 4 2 2 2 3 5 5 4 4 4 4 4 5 10 10 16 16 22 24 24 20 24 24 23 23 15 10 10 9 7 7 10 10 7 12 12 12 7 7 3 3 1 2 2 1
 4 4 2 2 2 3 5 5 4 4 4 4 4 5 10 10 16 16 22 24 24 20 24 24 23 23 15 10 10 9 7 7 10 10 7 12 12 12 7 7 3 3 1 2 2 1
 7 7 7 3 3 3 4 4 4 4 5 4 4 14 14 14 17 17 17 18 18 13 15 15 15 15 16 14 14 11 9 9 12 12 11 8 8 7 3 3 1 1 2 2 2 1
 9 9 7 4 4 3 3 3 3 3 3 5 5 16 18 18 17 17 15 16 16 13 17 17 18 18 25 14 14 16 12 12 7 7 7 11 11 10 7 7 1 1 2 2 2 2
 9 9 7 4 4 3 3 3 3 3 3 5 5 16 18 18 17 17 15 16 16 13 17 17 18 18 25 14 14 16 12 12 7 7 7 11 11 10 7 7 1 1 2 2 2 2
 9 9 8 8 8 4 4 4 3 3 4 6 6 9 8 8 20 20 16 17 17 16 20 20 30 30 31 26 26 17 19 19 16 16 15 9 9 10 2 2 0 0 1 1 1 1
 10 10 11 11 11 4 7 7 3 3 7 8 8 8 9 9 14 14 15 17 17 22 18 18 31 31 34 34 34 31 22 22 21 21 14 8 8 2 0 0 1 1 1 4 4 1
 10 10 11 11 11 4 7 7 3 3 7 8 8 8 9 9 14 14 15 17 17 22 18 18 31 31 34 34 34 31 22 22 21 21 14 8 8 2 0 0 1 1 1 4 4 1
 13 13 19 20 20 12 9 9 18 18 5 5 5 8 6 6 8 8 17 19 19 20 35 35 33 33 34 35 35 23 18 18 19 19 9 9 9 5 4 4 1 1 1 2 2 2
 13 13 19 20 20 12 9 9 18 18 5 5 5 8 6 6 8 8 17 19 19 20 35 35 33 33 34 35 35 23 18 18 19 19 9 9 9 5 4 4 1 1 1 2 2 2
 10 10 25 31 31 27 26 26 21 21 13 58 58 14 6 6 7 7 10 14 14 19 26 26 44 44 20 41 41 25 19 19 24 24 12 16 16 12 6 6 6 6 4 4 4 2
 11 11 15 24 24 31 10 10 35 35 63 50 50 7 7 7 7 7 16 17 17 18 21 21 20 20 69 28 28 22 18 18 22 22 15 15 15 20 11 11 8 8 7 3 3 2
 11 11 15 24 24 31 10 10 35 35 63 50 50 7 7 7 7 7 16 17 17 18 21 21 20 20 69 28 28 22 18 18 22 22 15 15 15 20 11 11 8 8 7 3 3 2
 7 7 8 36 36 41 10 10 35 35 6 6 6 6 5 5 4 4 16 16 16 8 11 11 9 9 16 16 16 20 16 16 10 10 22 15 15 14 6 6 7 7 3 4 4 3
 7 7 9 16 16 21 20 20 9 9 8 8 8 5 6 6 3 3 8 7 7 3 11 11 11 11 10 9 9 10 8 8 10 10 12 9 9 5 4 4 4 4 4 5 5 5
 7 7 9 16 16 21 20 20 9 9 8 8 8 5 6 6 3 3 8 7 7 3 11 11 11 11 10 9 9 10 8 8 10 10 12 9 9 5 4 4 4 4 4 5 5 5
 5 5 6 6 6 8 10 10 8 8 9 9 9 5 6 6 3 3 4 5 5 8 8 8 9 9 12 9 9 10 6 6 9 9 13 6 6 3 4 4 5 5 6 5 5 5
 5 5 6 6 6 8 10 10 8 8 9 9 9 5 6 6 3 3 4 5 5 8 8 8 9 9 12 9 9 10 6 6 9 9 13 6 6 3 4 4 5 5 6 5 5 5
 5 5 6 3 3 4 4 4 5 5 6 7 7 8 4 4 6 6 5 11 11 11 7 7 14 14 16 13 13 7 13 13 8 8 28 7 7 5 4 4 5 5 6 5 5 6
 5 5 5 3 3 3 3 3 4 4 4 5 5 11 11 11 4 4 8 10 10 10 17 17 17 17 16 27 27 12 9 9 11 11 15 10 10 7 11 11 8 8 7 5 5 5
 5 5 5 3 3 3 3 3 4 4 4 5 5 11 11 11 4 4 8 10 10 10 17 17 17 17 16 27 27 12 9 9 11 11 15 10 10 7 11 11 8 8 7 5 5 5
 5 5 4 4 4 2 2 2 3 3 3 3 3 6 26 26 7 7 17 18 18 6 8 8 13 13 26 10 10 7 11 11 13 13 10 8 8 7 9 9 8 8 6 6 6 5
 7 7 3 4 4 3 2 2 2 2 2 2 2 2 3 3 4 4 14 17 17 14 8 8 15 15 12 7 7 7 9 9 7 7 11 6 6 3 4 4 3 3 4 5 5 6
 7 7 3 4 4 3 2 2 2 2 2 2 2 2 3 3 4 4 14 17 17 14 8 8 15 15 12 7 7 7 9 9 7 7 11 6 6 3 4 4 3 3 4 5 5 6
 7 7 4 5 5 4 4 4 2 2 3 2 2 2 3 3 5 5 9 9 9 12 17 17 16 16 9 11 11 18 29 29 6 6 20 17 17 2 1 1 1 1 1 2 2 3
 7 7 4 5 5 4 4 4 2 2 3 2 2 2 3 3 5 5 9 9 9 12 17 17 16 16 9 11 11 18 29 29 6 6 20 17 17 2 1 1 1 1 1 2 2 3
 12 12 8 4 4 7 5 5 2 2 4 2 2 2 3 3 7 7 8 5 5 7 16 16 14 14 18 37 37 40 22 22 32 32 21 21 21 2 2 2 2 2 1 3 3 1
 27 27 13 6 6 9 5 5 7 7 4 2 2 3 4 4 8 8 7 4 4 8 9 9 6 6 16 19 19 25 20 20 22 22 9 16 16 2 2 2 2 2 3 1 1 1
 27 27 13 6 6 9 5 5 7 7 4 2 2 3 4 4 8 8 7 4 4 8 9 9 6 6 16 19 19 25 20 20 22 22 9 16 16 2 2 2 2 2 3 1 1 1
 29 29 12 23 23 13 8 8 8 8 4 2 2 2 4 4 6 6 6 3 3 3 6 6 7 7 16 20 20 26 23 23 24 24 9 5 5 6 6 6 2 2 1 3 3 6
 24 24 24 33 33 17 12 12 16 16 4 2 2 1 2 2 3 3 3 2 2 3 6 6 6 6 14 19 19 50 18 18 17 17 6 8 8 6 5 5 2 2 2 2 2 1
 24 24 24 33 33 17 12 12 16 16 4 2 2 1 2 2 3 3 3 2 2 3 6 6 6 6 14 19 19 50 18 18 17 17 6 8 8 6 5 5 2 2 2 2 2 1
 35 35 35 35 35 20 30 30 25 25 10 3 3 1 2 2 2 2 4 4 4 3 3 3 5 5 11 17 17 29 15 15 21 21 5 3 3 4 5 5 1 1 2 1 1 1
 35 35 35 35 35 20 30 30 25 25 10 3 3 1 2 2 2 2 4 4 4 3 3 3 5 5 11 17 17 29 15 15 21 21 5 3 3 4 5 5 1 1 2 1 1 1
 40 40 39 30 30 32 53 53 21 21 9 4 4 4 2 2 3 3 3 7 7 6 8 8 9 9 9 9 9 13 18 18 12 12 4 3 3 4 1 1 0 0 2 3 3 1
 44 44 44 38 38 37 32 32 18 18 12 7 7 5 3 3 2 2 2 6 6 6 10 10 10 10 11 13 13 13 15 15 13 13 8 7 7 7 2 2 4 4 4 7 7 11
 44 44 44 38 38 37 32 32 18 18 12 7 7 5 3 3 2 2 2 6 6 6 10 10 10 10 11 13 13 13 15 15 13 13 8 7 7 7 2 2 4 4 4 7 7 11
 87 87 54 43 43 38 27 27 23 23 17 8 8 5 3 3 2 2 3 5 5 5 8 8 11 11 19 14 14 46 24 24 18 18 12 13 13 15 8 8 4 4 3 11 11 9
 82 82 76 45 45 35 46 46 22 22 19 13 13 7 8 8 3 3 2 5 5 4 12 12 9 9 13 27 27 34 40 40 37 37 61 11 11 11 5 5 4 4 4 7 7 4
 82 82 76 45 45 35 46 46 22 22 19 13 13 7 8 8 3 3 2 5 5 4 12 12 9 9 13 27 27 34 40 40 37 37 61 11 11 11 5 5 4 4 4 7 7 4
 109 109 90 81 81 87 63 63 89 89 22 25 25 14 11 11 6 6 6 6 6 6 11 11 6 6 7 7 7 8 8 8 20 20 47 10 10 8 2 2 6 6 5 3 3 1
 109 109 90 81 81 87 63 63 89 89 22 25 25 14 11 11 6 6 6 6 6 6 11 11 6 6 7 7 7 8 8 8 20 20 47 10 10 8 2 2 6 6 5 3 3 1
 103 103 94 85 85 80 66 66 85 85 62 30 30 14 8 8 12 12 17 16 16 5 11 11 4 4 3 6 6 4 8 8 53 53 15 10 10 15 4 4 7 7 2 0 0 0
 119 119 120 111 111 78 66 66 54 54 71 31 31 24 23 23 24 24 27 25 25 22 14 14 6 6 3 5 5 10 3 3 21 21 9 2 2 17 18 18 16 16 5 8 8 1
 119 119 120 111 111 78 66 66 54 54 71 31 31 24 23 23 24 24 27 25 25 22 14 14 6 6 3 5 5 10 3 3 21 21 9 2 2 17 18 18 16 16 5 8 8 1
 129 129 124 107 107 102 85 85 70 70 80 37 37 34 43 43 29 29 38 31 31 27 22 22 17 17 15 22 22 4 2 2 4 4 19 7 7 1 4 4 17 17 6 3 3 1
 120 120 116 97 97 94 84 84 70 70 52 30 30 30 34 34 42 42 77 80 80 79 27 27 22 22 16 19 19 6 6 6 4 4 3 1 1 2 3 3 4 4 4 1 1 1
