assets/RAT_results_old/precipitation/2017-09-06_IMERG.asc
ncols        46
nrows        77
xllcorner    74.800261325624
yllcorner    8.058333333333
cellsize     0.062500000000
NODATA_value -9999
 5 5 4 4 4 5 4 4 4 4 4 16 16 5 2 2 4 4 6 8 8 9 6 6 7 7 7 7 7 6 5 5 9 9 7 6 6 16 7 7 9 9 13 9 9 19
 5 5 4 3 3 3 4 4 4 4 3 7 7 6 1 1 2 2 2 3 3 3 4 4 5 5 7 6 6 7 4 4 4 4 4 4 4 14 5 5 11 11 7 7 7 13
 5 5 4 3 3 3 4 4 4 4 3 7 7 6 1 1 2 2 2 3 3 3 4 4 5 5 7 6 6 7 4 4 4 4 4 4 4 14 5 5 11 11 7 7 7 13
 4 4 3 2 2 4 3 3 3 3 2 4 4 2 1 1 1 1 1 2 2 2 2 2 3 3 3 3 3 3 3 3 3 3 3 5 5 2 4 4 6 6 8 10 10 10
 2 2 2 2 2 3 5 5 6 6 7 3 3 4 1 1 1 1 1 1 1 2 2 2 1 1 1 1 1 1 1 1 1 1 2 2 2 3 5 5 12 12 12 8 8 7
 2 2 2 2 2 3 5 5 6 6 7 3 3 4 1 1 1 1 1 1 1 2 2 2 1 1 1 1 1 1 1 1 1 1 2 2 2 3 5 5 12 12 12 8 8 7
 2 2 2 2 2 2 4 4 4 4 3 3 3 1 1 1 1 1 0 0 0 1 1 1 1 1 0 1 1 0 0 0 1 1 1 1 1 2 5 5 10 10 6 4 4 5
 2 2 2 2 2 2 4 4 4 4 3 3 3 1 1 1 1 1 0 0 0 1 1 1 1 1 0 1 1 0 0 0 1 1 1 1 1 2 5 5 10 10 6 4 4 5
 2 2 2 2 2 3 4 4 3 3 3 2 2 0 0 0 0 0 0 0 0 1 2 2 1 1 0 0 0 0 0 0 1 1 1 2 2 1 2 2 4 4 3 3 3 36
 3 3 2 4 4 4 5 5 4 4 9 6 6 0 0 0 0 0 0 0 0 0 1 1 0 0 0 0 0 1 0 0 0 0 1 1 1 1 1 1 1 1 1 3 3 6
 3 3 2 4 4 4 5 5 4 4 9 6 6 0 0 0 0 0 0 0 0 0 1 1 0 0 0 0 0 1 0 0 0 0 1 1 1 1 1 1 1 1 1 3 3 6
 1 1 1 1 1 1 3 3 1 1 4 2 2 2 2 2 0 0 0 0 0 0 0 0 0 0 0 0 0 0 0 0 0 0 0 0 0 0 0 0 1 1 0 3 3 1
 1 1 2 2 2 2 2 2 2 2 0 2 2 2 0 0 0 0 0 0 0 0 0 0 0 0 0 0 0 0 0 0 0 0 0 0 0 0 0 0 0 0 0 0 0 1
 1 1 2 2 2 2 2 2 2 2 0 2 2 2 0 0 0 0 0 0 0 0 0 0 0 0 0 0 0 0 0 0 0 0 0 0 0 0 0 0 0 0 0 0 0 1
 0 0 0 2 2 2 2 2 2 2 0 1 1 0 0 0 0 0 0 0 0 0 0 0 0 0 0 0 0 0 0 0 0 0 0 0 0 0 0 0 0 0 0 0 0 0
 0 0 0 2 2 2 2 2 2 2 0 1 1 0 0 0 0 0 0 0 0 0 0 0 0 0 0 0 0 0 0 0 0 0 0 0 0 0 0 0 0 0 0 0 0 0
 0 0 0 1 1 2 2 2 2 2 1 1 1 1 3 3 0 0 0 0 0 0 0 0 0 0 0 0 0 0 0 0 0 0 0 0 0 0 0 0 0 0 0 0 0 0
 0 0 0 0 0 1 2 2 2 2 1 1 1 0 1 1 3 3 3 0 0 0 0 0 0 0 0 0 0 0 0 0 0 0 0 0 0 0 0 0 0 0 0 0 0 0
 0 0 0 0 0 1 2 2 2 2 1 1 1 0 1 1 3 3 3 0 0 0 0 0 0 0 0 0 0 0 0 0 0 0 0 0 0 0 0 0 0 0 0 0 0 0
 0 0 0 0 0 1 2 2 2 2 2 2 2 1 1 1 0 0 0 0 0 0 0 0 0 0 0 0 0 0 0 0 0 0 0 0 0 0 0 0 0 0 0 0 0 0
 0 0 0 0 0 0 1 1 2 2 2 1 1 2 2 2 1 1 1 2 2 0 0 0 0 0 0 0 0 0 0 0 0 0 0 0 0 0 0 0 0 0 0 0 0 0
 0 0 0 0 0 0 1 1 2 2 2 1 1 2 2 2 1 1 1 2 2 0 0 0 0 0 0 0 0 0 0 0 0 0 0 0 0 0 0 0 0 0 0 0 0 0
 0 0 0 0 0 0 0 0 1 1 2 1 1 1 2 2 2 2 5 2 2 2 1 1 0 0 0 0 0 1 0 0 0 0 0 0 0 0 0 0 0 0 0 0 0 0
 0 0 0 0 0 0 0 0 1 1 2 1 1 1 2 2 2 2 5 2 2 2 1 1 0 0 0 0 0 1 0 0 0 0 0 0 0 0 0 0 0 0 0 0 0 0
 0 0 0 0 0 0 0 0 0 0 0 2 2 2 1 1 3 3 0 0 0 5 1 1 0 0 1 0 0 1 0 0 0 0 0 0 0 0 0 0 0 0 0 0 0 0
 1 1 1 0 0 0 0 0 0 0 1 1 1 1 0 0 1 1 0 0 0 0 0 0 0 0 1 3 3 1 0 0 0 0 0 0 0 0 0 0 0 0 0 0 0 0
 1 1 1 0 0 0 0 0 0 0 1 1 1 1 0 0 1 1 0 0 0 0 0 0 0 0 1 3 3 1 0 0 0 0 0 0 0 0 0 0 0 0 0 0 0 0
 0 0 0 0 0 0 0 0 0 0 0 0 0 0 2 2 1 1 1 0 0 0 0 0 0 0 0 0 0 1 0 0 1 1 0 0 0 0 0 0 0 0 0 0 0 0
 0 0 0 0 0 0 0 0 0 0 0 0 0 0 1 1 1 1 1 0 0 0 0 0 0 0 0 0 0 0 0 0 0 0 0 0 0 0 0 0 0 0 0 0 0 0
 0 0 0 0 0 0 0 0 0 0 0 0 0 0 1 1 1 1 1 0 0 0 0 0 0 0 0 0 0 0 0 0 0 0 0 0 0 0 0 0 0 0 0 0 0 0
 0 0 1 0 0 0 0 0 0 0 0 0 0 1 1 1 2 2 1 0 0 0 0 0 0 0 0 0 0 0 0 0 0 0 0 0 0 1 0 0 0 0 1 1 1 0
 0 0 1 0 0 0 0 0 0 0 0 0 0 1 1 1 2 2 1 0 0 0 0 0 0 0 0 0 0 0 0 0 0 0 0 0 0 1 0 0 0 0 1 1 1 0
 1 1 1 0 0 0 0 0 0 0 0 0 0 0 1 1 1 1 1 1 1 0 1 1 0 0 0 0 0 0 0 0 0 0 0 1 1 1 2 2 2 2 2 1 1 2
 3 3 2 1 1 0 1 1 0 0 0 0 0 0 1 1 1 1 1 1 1 0 1 1 0 0 0 0 0 0 0 0 1 1 1 1 1 2 2 2 2 2 6 2 2 2
 3 3 2 1 1 0 1 1 0 0 0 0 0 0 1 1 1 1 1 1 1 0 1 1 0 0 0 0 0 0 0 0 1 1 1 1 1 2 2 2 2 2 6 2 2 2
 7 7 5 4 4 2 2 2 0 0 0 0 0 0 1 1 1 1 2 1 1 1 1 1 0 0 0 1 1 1 1 1 1 1 1 2 2 3 3 3 4 4 4 4 4 4
 11 11 9 5 5 4 4 4 0 0 0 1 1 0 0 0 2 2 1 2 2 1 1 1 1 1 2 3 3 3 2 2 1 1 5 3 3 6 7 7 9 9 11 11 11 3
 11 11 9 5 5 4 4 4 0 0 0 1 1 0 0 0 2 2 1 2 2 1 1 1 1 1 2 3 3 3 2 2 1 1 5 3 3 6 7 7 9 9 11 11 11 3
 19 19 19 9 9 8 9 9 1 1 1 0 0 0 0 0 2 2 2 3 3 3 2 2 2 2 2 4 4 9 5 5 5 5 8 6 6 7 8 8 7 7 7 4 4 3
 19 19 19 9 9 8 9 9 1 1 1 0 0 0 0 0 2 2 2 3 3 3 2 2 2 2 2 4 4 9 5 5 5 5 8 6 6 7 8 8 7 7 7 4 4 3
 27 27 18 14 14 12 4 4 3 3 2 0 0 0 0 0 1 1 1 2 2 2 2 2 2 2 2 2 2 2 4 4 6 6 6 8 8 8 7 7 5 5 5 5 5 6
 33 33 22 14 14 16 7 7 10 10 1 1 1 0 1 1 0 0 1 1 1 2 2 2 3 3 2 3 3 7 9 9 7 7 6 7 7 12 11 11 15 15 10 10 10 7
 33 33 22 14 14 16 7 7 10 10 1 1 1 0 1 1 0 0 1 1 1 2 2 2 3 3 2 3 3 7 9 9 7 7 6 7 7 12 11 11 15 15 10 10 10 7
 60 60 37 16 16 21 16 16 9 9 3 1 1 1 0 0 0 0 2 3 3 5 3 3 3 3 3 3 3 5 9 9 11 11 12 14 14 17 15 15 14 14 10 5 5 7
 59 59 25 13 13 16 11 11 7 7 4 2 2 1 0 0 1 1 1 3 3 4 4 4 5 5 6 5 5 10 9 9 10 10 13 16 16 17 19 19 20 20 10 12 12 8
 59 59 25 13 13 16 11 11 7 7 4 2 2 1 0 0 1 1 1 3 3 4 4 4 5 5 6 5 5 10 9 9 10 10 13 16 16 17 19 19 20 20 10 12 12 8
 34 34 19 21 21 6 8 8 6 6 3 3 3 3 1 1 1 1 1 2 2 7 7 7 9 9 8 5 5 5 5 5 4 4 7 11 11 13 13 13 16 16 14 21 21 13
 34 34 19 21 21 6 8 8 6 6 3 3 3 3 1 1 1 1 1 2 2 7 7 7 9 9 8 5 5 5 5 5 4 4 7 11 11 13 13 13 16 16 14 21 21 13
 19 19 34 18 18 7 9 9 10 10 4 3 3 3 2 2 2 2 1 1 1 5 5 5 8 8 5 5 5 5 5 5 5 5 4 7 7 8 8 8 10 10 16 14 14 12
 35 35 24 9 9 7 5 5 8 8 9 4 4 4 4 4 0 0 0 1 1 7 7 7 9 9 6 5 5 2 4 4 3 3 6 5 5 8 10 10 10 10 12 12 12 8
 35 35 24 9 9 7 5 5 8 8 9 4 4 4 4 4 0 0 0 1 1 7 7 7 9 9 6 5 5 2 4 4 3 3 6 5 5 8 10 10 10 10 12 12 12 8
 10 10 7 6 6 6 4 4 4 4 5 4 4 4 4 4 0 0 1 2 2 6 5 5 4 4 6 6 6 2 3 3 3 3 4 5 5 6 8 8 8 8 6 5 5 3
 9 9 3 6 6 3 3 3 2 2 2 5 5 5 5 5 5 5 1 1 1 6 6 6 12 12 8 3 3 1 2 2 1 1 4 2 2 6 4 4 6 6 5 3 3 4
 9 9 3 6 6 3 3 3 2 2 2 5 5 5 5 5 5 5 1 1 1 6 6 6 12 12 8 3 3 1 2 2 1 1 4 2 2 6 4 4 6 6 5 3 3 4
 2 2 2 5 5 5 3 3 3 3 3 4 4 4 5 5 6 6 4 4 4 6 9 9 11 11 8 7 7 1 1 1 1 1 1 4 4 6 6 6 8 8 4 1 1 2
 2 2 2 5 5 5 3 3 3 3 3 4 4 4 5 5 6 6 4 4 4 6 9 9 11 11 8 7 7 1 1 1 1 1 1 4 4 6 6 6 8 8 4 1 1 2
 1 1 1 4 4 7 9 9 3 3 2 3 3 3 5 5 5 5 6 6 6 6 11 11 13 13 13 13 13 6 4 4 5 5 5 3 3 3 4 4 2 2 3 2 2 1
 3 3 3 5 5 6 11 11 7 7 6 3 3 2 3 3 4 4 8 8 8 6 11 11 14 14 9 10 10 11 11 11 13 13 7 6 6 6 6 6 1 1 1 1 1 1
 3 3 3 5 5 6 11 11 7 7 6 3 3 2 3 3 4 4 8 8 8 6 11 11 14 14 9 10 10 11 11 11 13 13 7 6 6 6 6 6 1 1 1 1 1 1
 4 4 5 15 15 8 7 7 3 3 3 3 3 2 3 3 3 3 5 8 8 7 10 10 13 13 12 20 20 18 17 17 18 18 13 7 7 6 0 0 0 0 0 0 0 1
 4 4 4 17 17 18 11 11 9 9 9 2 2 2 2 2 2 2 5 9 9 9 7 7 8 8 24 21 21 22 16 16 16 16 7 6 6 2 2 2 2 2 2 2 2 1
 4 4 4 17 17 18 11 11 9 9 9 2 2 2 2 2 2 2 5 9 9 9 7 7 8 8 24 21 21 22 16 16 16 16 7 6 6 2 2 2 2 2 2 2 2 1
 2 2 6 6 6 9 7 7 7 7 9 2 2 1 1 1 1 1 2 4 4 3 4 4 5 5 6 12 12 18 19 19 6 6 9 5 5 4 4 4 5 5 3 3 3 4
 2 2 6 6 6 9 7 7 7 7 9 2 2 1 1 1 1 1 2 4 4 3 4 4 5 5 6 12 12 18 19 19 6 6 9 5 5 4 4 4 5 5 3 3 3 4
 0 0 0 5 5 8 7 7 6 6 5 3 3 1 0 0 0 0 1 1 1 2 4 4 3 3 4 8 8 8 11 11 8 8 3 3 3 6 6 6 7 7 7 6 6 5
 0 0 0 1 1 1 4 4 5 5 5 4 4 2 0 0 0 0 0 0 0 1 2 2 3 3 1 2 2 3 4 4 6 6 3 2 2 3 6 6 7 7 8 10 10 7
 0 0 0 1 1 1 4 4 5 5 5 4 4 2 0 0 0 0 0 0 0 1 2 2 3 3 1 2 2 3 4 4 6 6 3 2 2 3 6 6 7 7 8 10 10 7
 0 0 1 1 1 1 3 3 3 3 4 5 5 1 1 1 0 0 0 0 0 0 1 1 1 1 1 1 1 3 2 2 3 3 3 2 2 2 2 2 3 3 5 8 8 7
 1 1 1 1 1 1 3 3 3 3 4 2 2 1 1 1 0 0 1 0 0 0 0 0 0 0 1 1 1 2 2 2 2 2 3 4 4 4 2 2 2 2 2 7 7 9
 1 1 1 1 1 1 3 3 3 3 4 2 2 1 1 1 0 0 1 0 0 0 0 0 0 0 1 1 1 2 2 2 2 2 3 4 4 4 2 2 2 2 2 7 7 9
 1 1 1 1 1 2 2 2 3 3 2 2 2 1 2 2 1 1 1 0 0 0 1 1 0 0 1 0 0 1 2 2 2 2 1 2 2 1 2 2 1 1 1 0 0 0
 1 1 1 1 1 2 2 2 3 3 2 2 2 1 2 2 1 1 1 0 0 0 1 1 0 0 1 0 0 1 2 2 2 2 1 2 2 1 2 2 1 1 1 0 0 0
 1 1 1 1 1 2 2 2 1 1 1 1 1 1 2 2 1 1 1 0 0 0 0 0 0 0 1 0 0 3 1 1 1 1 1 1 1 2 3 3 0 0 0 0 0 0
 1 1 1 1 1 1 2 2 1 1 1 1 1 1 1 1 1 1 1 1 1 1 0 0 1 1 1 0 0 1 0 0 1 1 0 0 0 1 2 2 1 1 0 0 0 0
 1 1 1 1 1 1 2 2 1 1 1 1 1 1 1 1 1 1 1 1 1 1 0 0 1 1 1 0 0 1 0 0 1 1 0 0 0 1 2 2 1 1 0 0 0 0
 0 0 1 1 1 1 1 1 1 1 1 1 1 1 1 1 2 2 1 1 1 1 1 1 1 1 1 0 0 0 0 0 0 0 0 0 0 0 1 1 2 2 1 1 1 1
 0 0 0 1 1 0 1 1 0 0 0 1 1 1 2 2 2 2 2 3 3 2 1 1 1 1 1 0 0 0 0 0 0 0 0 0 0 1 1 1 0 0 1 0 0 0
