assets/RAT_results_old/precipitation/2017-11-21_IMERG.asc
ncols        46
nrows        77
xllcorner    74.800261325624
yllcorner    8.058333333333
cellsize     0.062500000000
NODATA_value -9999
 0 0 0 6 6 0 0 0 0 0 0 0 0 1 0 0 0 0 0 0 0 0 0 0 0 0 0 0 0 0 0 0 0 0 0 0 0 0 0 0 0 0 0 0 0 0
 0 0 0 0 0 0 0 0 0 0 0 0 0 2 0 0 0 0 0 0 0 0 0 0 0 0 0 0 0 0 0 0 0 0 0 0 0 0 0 0 0 0 0 0 0 0
 0 0 0 0 0 0 0 0 0 0 0 0 0 2 0 0 0 0 0 0 0 0 0 0 0 0 0 0 0 0 0 0 0 0 0 0 0 0 0 0 0 0 0 0 0 0
 0 0 0 0 0 0 0 0 0 0 1 0 0 0 0 0 0 0 0 0 0 0 0 0 0 0 0 0 0 0 0 0 0 0 0 0 0 0 0 0 0 0 0 0 0 0
 0 0 0 0 0 0 0 0 0 0 0 2 2 2 2 2 0 0 0 0 0 0 0 0 0 0 0 0 0 0 0 0 0 0 0 0 0 0 0 0 0 0 0 0 0 0
 0 0 0 0 0 0 0 0 0 0 0 2 2 2 2 2 0 0 0 0 0 0 0 0 0 0 0 0 0 0 0 0 0 0 0 0 0 0 0 0 0 0 0 0 0 0
 0 0 0 0 0 0 0 0 0 0 0 2 2 2 0 0 0 0 0 0 0 0 0 0 0 0 0 0 0 0 0 0 0 0 0 0 0 0 0 0 0 0 0 0 0 0
 0 0 0 0 0 0 0 0 0 0 0 2 2 2 0 0 0 0 0 0 0 0 0 0 0 0 0 0 0 0 0 0 0 0 0 0 0 0 0 0 0 0 0 0 0 0
 0 0 0 0 0 0 0 0 0 0 0 0 0 0 0 0 0 0 0 0 0 0 0 0 0 0 0 0 0 0 0 0 0 0 0 0 0 0 0 0 0 0 0 0 0 0
 0 0 0 0 0 0 0 0 0 0 0 0 0 0 0 0 0 0 0 0 0 0 0 0 0 0 0 0 0 0 0 0 0 0 0 0 0 0 0 0 0 0 0 0 0 0
 0 0 0 0 0 0 0 0 0 0 0 0 0 0 0 0 0 0 0 0 0 0 0 0 0 0 0 0 0 0 0 0 0 0 0 0 0 0 0 0 0 0 0 0 0 0
 0 0 0 0 0 0 0 0 0 0 1 0 0 0 0 0 0 0 0 0 0 0 0 0 0 0 0 0 0 0 0 0 0 0 0 0 0 0 0 0 0 0 0 0 0 0
 0 0 0 0 0 0 0 0 0 0 0 0 0 0 0 0 0 0 0 0 0 0 0 0 0 0 0 0 0 0 0 0 0 0 0 0 0 0 0 0 0 0 0 0 0 0
 0 0 0 0 0 0 0 0 0 0 0 0 0 0 0 0 0 0 0 0 0 0 0 0 0 0 0 0 0 0 0 0 0 0 0 0 0 0 0 0 0 0 0 0 0 0
 1 1 1 0 0 1 1 1 1 1 1 0 0 0 0 0 0 0 0 0 0 0 0 0 0 0 0 0 0 0 0 0 0 0 0 0 0 0 0 0 0 0 0 0 0 0
 1 1 1 0 0 1 1 1 1 1 1 0 0 0 0 0 0 0 0 0 0 0 0 0 0 0 0 0 0 0 0 0 0 0 0 0 0 0 0 0 0 0 0 0 0 0
 2 2 1 3 3 3 1 1 1 1 1 0 0 0 0 0 0 0 0 0 0 0 0 0 0 0 0 0 0 0 0 0 0 0 0 0 0 0 0 0 0 0 0 0 0 0
 5 5 3 4 4 4 2 2 1 1 1 0 0 0 0 0 1 1 0 0 0 0 0 0 0 0 0 0 0 0 0 0 0 0 0 0 0 0 0 0 0 0 1 0 0 1
 5 5 3 4 4 4 2 2 1 1 1 0 0 0 0 0 1 1 0 0 0 0 0 0 0 0 0 0 0 0 0 0 0 0 0 0 0 0 0 0 0 0 1 0 0 1
 9 9 6 4 4 2 2 2 2 2 1 1 1 1 1 1 9 9 3 0 0 0 0 0 0 0 0 0 0 0 0 0 0 0 0 0 0 0 0 0 0 0 0 0 0 0
 6 6 5 5 5 8 5 5 5 5 1 2 2 1 1 1 3 3 2 1 1 0 0 0 0 0 0 0 0 1 1 1 0 0 0 0 0 0 0 0 0 0 0 1 1 1
 6 6 5 5 5 8 5 5 5 5 1 2 2 1 1 1 3 3 2 1 1 0 0 0 0 0 0 0 0 1 1 1 0 0 0 0 0 0 0 0 0 0 0 1 1 1
 6 6 4 5 5 6 8 8 17 17 17 16 16 10 1 1 2 2 1 1 1 1 1 1 0 0 1 0 0 1 0 0 0 0 0 0 0 0 0 0 0 0 1 2 2 2
 6 6 4 5 5 6 8 8 17 17 17 16 16 10 1 1 2 2 1 1 1 1 1 1 0 0 1 0 0 1 0 0 0 0 0 0 0 0 0 0 0 0 1 2 2 2
 4 4 4 8 8 18 54 54 80 80 70 64 64 18 1 1 1 1 1 1 1 1 1 1 0 0 0 0 0 0 0 0 0 0 0 0 0 0 0 0 0 0 1 4 4 3
 4 4 6 9 9 22 85 85 74 74 79 104 104 47 9 9 4 4 1 1 1 1 1 1 1 1 0 0 0 0 0 0 0 0 0 0 0 1 0 0 1 1 2 4 4 4
 4 4 6 9 9 22 85 85 74 74 79 104 104 47 9 9 4 4 1 1 1 1 1 1 1 1 0 0 0 0 0 0 0 0 0 0 0 1 0 0 1 1 2 4 4 4
 4 4 6 13 13 16 17 17 23 23 45 34 34 76 2 2 4 4 1 2 2 1 1 1 1 1 1 0 0 0 0 0 0 0 0 0 0 1 2 2 2 2 3 5 5 4
 7 7 16 10 10 18 11 11 15 15 22 12 12 9 13 13 32 32 2 1 1 1 1 1 1 1 1 0 0 0 0 0 0 0 0 0 0 1 2 2 3 3 5 8 8 5
 7 7 16 10 10 18 11 11 15 15 22 12 12 9 13 13 32 32 2 1 1 1 1 1 1 1 1 0 0 0 0 0 0 0 0 0 0 1 2 2 3 3 5 8 8 5
 30 30 28 12 12 16 11 11 2 2 3 4 4 4 25 25 3 3 7 2 2 4 1 1 1 1 3 0 0 0 0 0 0 0 0 0 0 2 3 3 5 5 6 5 5 5
 30 30 28 12 12 16 11 11 2 2 3 4 4 4 25 25 3 3 7 2 2 4 1 1 1 1 3 0 0 0 0 0 0 0 0 0 0 2 3 3 5 5 6 5 5 5
 29 29 29 10 10 7 9 9 7 7 21 5 5 14 16 16 4 4 6 12 12 6 9 9 9 9 3 0 0 0 0 0 0 0 0 0 0 1 8 8 7 7 7 5 5 5
 6 6 5 6 6 6 5 5 5 5 13 22 22 57 13 13 9 9 15 20 20 3 13 13 74 74 8 8 8 1 0 0 0 0 0 0 0 6 13 13 8 8 8 5 5 3
 6 6 5 6 6 6 5 5 5 5 13 22 22 57 13 13 9 9 15 20 20 3 13 13 74 74 8 8 8 1 0 0 0 0 0 0 0 6 13 13 8 8 8 5 5 3
 1 1 5 6 6 6 9 9 3 3 15 62 62 13 28 28 23 23 22 50 50 11 76 76 75 75 9 8 8 2 2 2 2 2 0 3 3 7 15 15 10 10 6 7 7 2
 6 6 9 4 4 10 13 13 11 11 8 38 38 12 23 23 23 23 7 17 17 28 12 12 30 30 5 5 5 1 6 6 6 6 1 1 1 8 13 13 10 10 11 4 4 2
 6 6 9 4 4 10 13 13 11 11 8 38 38 12 23 23 23 23 7 17 17 28 12 12 30 30 5 5 5 1 6 6 6 6 1 1 1 8 13 13 10 10 11 4 4 2
 20 20 61 17 17 10 14 14 14 14 8 9 9 11 18 18 63 63 8 15 15 12 11 11 30 30 4 4 4 5 28 28 12 12 2 3 3 5 5 5 7 7 12 4 4 3
 20 20 61 17 17 10 14 14 14 14 8 9 9 11 18 18 63 63 8 15 15 12 11 11 30 30 4 4 4 5 28 28 12 12 2 3 3 5 5 5 7 7 12 4 4 3
 27 27 81 23 23 54 52 52 23 23 13 8 8 27 24 24 13 13 14 13 13 5 5 5 4 4 4 9 9 23 51 51 16 16 18 2 2 7 5 5 9 9 14 4 4 2
 30 30 104 103 103 76 43 43 24 24 42 16 16 11 28 28 1 1 1 10 10 15 5 5 3 3 3 8 8 24 32 32 35 35 11 3 3 3 6 6 8 8 6 5 5 3
 30 30 104 103 103 76 43 43 24 24 42 16 16 11 28 28 1 1 1 10 10 15 5 5 3 3 3 8 8 24 32 32 35 35 11 3 3 3 6 6 8 8 6 5 5 3
 82 82 102 129 129 21 50 50 93 93 31 36 36 12 9 9 9 9 2 16 16 15 7 7 3 3 5 9 9 9 35 35 20 20 13 5 5 3 4 4 5 5 6 4 4 2
 54 54 71 94 94 51 30 30 57 57 39 35 35 34 3 3 2 2 2 18 18 24 9 9 13 13 5 5 5 29 22 22 19 19 8 4 4 4 5 5 3 3 4 2 2 2
 54 54 71 94 94 51 30 30 57 57 39 35 35 34 3 3 2 2 2 18 18 24 9 9 13 13 5 5 5 29 22 22 19 19 8 4 4 4 5 5 3 3 4 2 2 2
 27 27 99 111 111 59 45 45 18 18 8 12 12 11 2 2 2 2 3 24 24 24 8 8 11 11 24 22 22 24 17 17 9 9 7 4 4 3 2 2 2 2 1 3 3 3
 27 27 99 111 111 59 45 45 18 18 8 12 12 11 2 2 2 2 3 24 24 24 8 8 11 11 24 22 22 24 17 17 9 9 7 4 4 3 2 2 2 2 1 3 3 3
 18 18 28 75 75 100 13 13 15 15 20 9 9 8 2 2 1 1 4 1 1 22 4 4 6 6 24 9 9 9 17 17 4 4 2 2 2 2 2 2 2 2 2 7 7 2
 19 19 22 66 66 35 24 24 19 19 23 20 20 15 38 38 8 8 4 3 3 25 5 5 7 7 12 11 11 15 6 6 4 4 8 1 1 1 1 1 1 1 6 7 7 3
 19 19 22 66 66 35 24 24 19 19 23 20 20 15 38 38 8 8 4 3 3 25 5 5 7 7 12 11 11 15 6 6 4 4 8 1 1 1 1 1 1 1 6 7 7 3
 16 16 19 39 39 23 20 20 15 15 15 36 36 22 13 13 25 25 15 12 12 15 4 4 5 5 10 8 8 17 17 17 9 9 9 2 2 1 1 1 3 3 3 8 8 4
 16 16 18 23 23 19 16 16 16 16 31 64 64 80 15 15 17 17 8 37 37 6 13 13 8 8 10 7 7 16 18 18 9 9 10 6 6 4 2 2 2 2 5 5 5 9
 16 16 18 23 23 19 16 16 16 16 31 64 64 80 15 15 17 17 8 37 37 6 13 13 8 8 10 7 7 16 18 18 9 9 10 6 6 4 2 2 2 2 5 5 5 9
 15 15 18 19 19 16 14 14 22 22 32 105 105 93 14 14 20 20 58 48 48 23 13 13 27 27 19 23 23 27 28 28 15 15 13 8 8 6 2 2 4 4 6 11 11 9
 15 15 18 19 19 16 14 14 22 22 32 105 105 93 14 14 20 20 58 48 48 23 13 13 27 27 19 23 23 27 28 28 15 15 13 8 8 6 2 2 4 4 6 11 11 9
 84 84 17 16 16 17 17 17 63 63 83 115 115 82 34 34 11 11 25 31 31 7 16 16 18 18 7 15 15 12 35 35 44 44 17 17 17 6 5 5 5 5 11 9 9 5
 85 85 84 84 84 34 21 21 37 37 132 72 72 76 11 11 20 20 25 25 25 9 60 60 58 58 81 84 84 38 40 40 33 33 41 27 27 16 11 11 11 11 11 6 6 11
 85 85 84 84 84 34 21 21 37 37 132 72 72 76 11 11 20 20 25 25 25 9 60 60 58 58 81 84 84 38 40 40 33 33 41 27 27 16 11 11 11 11 11 6 6 11
 68 68 96 85 85 36 19 19 35 35 71 30 30 13 4 4 7 7 5 10 10 7 66 66 63 63 89 69 69 47 46 46 22 22 39 33 33 23 18 18 16 16 15 17 17 5
 68 68 97 68 68 69 16 16 20 20 23 10 10 3 7 7 14 14 8 6 6 5 30 30 81 81 81 62 62 52 51 51 21 21 29 34 34 22 19 19 17 17 18 11 11 2
 68 68 97 68 68 69 16 16 20 20 23 10 10 3 7 7 14 14 8 6 6 5 30 30 81 81 81 62 62 52 51 51 21 21 29 34 34 22 19 19 17 17 18 11 11 2
 17 17 16 16 16 15 14 14 3 3 11 10 10 4 8 8 12 12 6 11 11 19 15 15 85 85 10 99 99 96 91 91 20 20 29 26 26 18 17 17 13 13 13 12 12 7
 17 17 16 16 16 15 14 14 3 3 11 10 10 4 8 8 12 12 6 11 11 19 15 15 85 85 10 99 99 96 91 91 20 20 29 26 26 18 17 17 13 13 13 12 12 7
 6 6 14 15 15 14 12 12 5 5 4 6 6 8 24 24 6 6 3 9 9 17 5 5 15 15 13 111 111 21 17 17 18 18 31 23 23 18 7 7 12 12 6 22 22 10
 5 5 9 11 11 6 6 6 7 7 7 1 1 4 2 2 3 3 1 2 2 3 29 29 13 13 3 16 16 15 13 13 4 4 23 6 6 6 6 6 7 7 7 4 4 1
 5 5 9 11 11 6 6 6 7 7 7 1 1 4 2 2 3 3 1 2 2 3 29 29 13 13 3 16 16 15 13 13 4 4 23 6 6 6 6 6 7 7 7 4 4 1
 3 3 10 9 9 28 7 7 6 6 6 1 1 0 2 2 2 2 2 2 2 6 3 3 0 0 1 8 8 2 4 4 4 4 31 6 6 6 4 4 5 5 7 5 5 1
 3 3 9 9 9 28 28 28 1 1 0 0 0 5 4 4 1 1 0 1 1 1 1 1 0 0 0 1 1 2 3 3 2 2 2 2 2 2 3 3 6 6 9 4 4 1
 3 3 9 9 9 28 28 28 1 1 0 0 0 5 4 4 1 1 0 1 1 1 1 1 0 0 0 1 1 2 3 3 2 2 2 2 2 2 3 3 6 6 9 4 4 1
 8 8 24 5 5 6 0 0 0 0 0 0 0 0 0 0 1 1 6 1 1 0 1 1 1 1 0 1 1 1 2 2 3 3 3 2 2 3 4 4 6 6 4 2 2 0
 8 8 24 5 5 6 0 0 0 0 0 0 0 0 0 0 1 1 6 1 1 0 1 1 1 1 0 1 1 1 2 2 3 3 3 2 2 3 4 4 6 6 4 2 2 0
 1 1 2 5 5 6 0 0 0 0 0 0 0 0 0 0 0 0 0 1 1 0 1 1 1 1 2 3 3 1 4 4 2 2 4 4 4 4 3 3 3 3 3 2 2 1
 1 1 2 3 3 4 0 0 0 0 0 0 0 0 0 0 0 0 0 0 0 1 1 1 1 1 1 1 1 2 7 7 3 3 4 4 4 5 5 5 3 3 3 1 1 2
 1 1 2 3 3 4 0 0 0 0 0 0 0 0 0 0 0 0 0 0 0 1 1 1 1 1 1 1 1 2 7 7 3 3 4 4 4 5 5 5 3 3 3 1 1 2
 1 1 1 2 2 3 1 1 0 0 0 0 0 0 0 0 2 2 0 0 0 2 1 1 1 1 1 3 3 2 4 4 7 7 5 7 7 8 7 7 3 3 4 2 2 2
 0 0 1 2 2 2 1 1 1 1 13 0 0 1 1 1 0 0 0 0 0 2 1 1 1 1 1 3 3 5 7 7 6 6 5 9 9 10 5 5 3 3 4 2 2 2
