assets/RAT_results_old/precipitation/2017-08-16_IMERG.asc
ncols        46
nrows        77
xllcorner    74.800261325624
yllcorner    8.058333333333
cellsize     0.062500000000
NODATA_value -9999
 10 10 10 9 9 6 10 10 13 13 4 5 5 6 1 1 2 2 1 2 2 2 1 1 1 1 1 1 1 1 5 5 5 5 7 11 11 6 3 3 3 3 0 0 0 0
 4 4 8 7 7 9 14 14 25 25 7 6 6 1 1 1 1 1 1 1 1 1 0 0 1 1 1 2 2 6 6 6 6 6 6 11 11 6 2 2 12 12 1 4 4 7
 4 4 8 7 7 9 14 14 25 25 7 6 6 1 1 1 1 1 1 1 1 1 0 0 1 1 1 2 2 6 6 6 6 6 6 11 11 6 2 2 12 12 1 4 4 7
 10 10 5 4 4 5 10 10 6 6 13 10 10 3 3 3 1 1 1 1 1 1 1 1 2 2 4 5 5 10 11 11 12 12 16 19 19 16 3 3 2 2 1 0 0 2
 14 14 18 11 11 17 16 16 15 15 12 12 12 4 4 4 1 1 0 0 0 0 1 1 1 1 2 6 6 6 5 5 21 21 17 19 19 6 3 3 3 3 0 0 0 1
 14 14 18 11 11 17 16 16 15 15 12 12 12 4 4 4 1 1 0 0 0 0 1 1 1 1 2 6 6 6 5 5 21 21 17 19 19 6 3 3 3 3 0 0 0 1
 15 15 14 11 11 6 7 7 14 14 11 21 21 5 4 4 1 1 0 0 0 0 0 0 0 0 0 2 2 4 6 6 7 7 5 8 8 7 7 7 11 11 1 1 1 5
 15 15 14 11 11 6 7 7 14 14 11 21 21 5 4 4 1 1 0 0 0 0 0 0 0 0 0 2 2 4 6 6 7 7 5 8 8 7 7 7 11 11 1 1 1 5
 3 3 8 6 6 9 7 7 14 14 17 23 23 7 0 0 0 0 0 0 0 0 0 0 0 0 0 1 1 2 1 1 2 2 8 8 8 7 10 10 13 13 1 2 2 3
 3 3 5 8 8 6 6 6 7 7 9 14 14 5 0 0 5 5 0 0 0 0 0 0 0 0 0 2 2 0 0 0 0 0 0 1 1 3 3 3 20 20 2 2 2 3
 3 3 5 8 8 6 6 6 7 7 9 14 14 5 0 0 5 5 0 0 0 0 0 0 0 0 0 2 2 0 0 0 0 0 0 1 1 3 3 3 20 20 2 2 2 3
 4 4 5 3 3 9 11 11 5 5 10 6 6 7 5 5 5 5 0 0 0 0 0 0 0 0 0 0 0 0 0 0 0 0 0 2 2 0 3 3 0 0 0 0 0 0
 11 11 16 16 16 24 10 10 8 8 3 3 3 11 9 9 17 17 1 1 1 0 0 0 0 0 1 0 0 0 0 0 0 0 1 0 0 3 2 2 1 1 0 0 0 0
 11 11 16 16 16 24 10 10 8 8 3 3 3 11 9 9 17 17 1 1 1 0 0 0 0 0 1 0 0 0 0 0 0 0 1 0 0 3 2 2 1 1 0 0 0 0
 6 6 10 16 16 12 6 6 12 12 6 5 5 6 6 6 18 18 2 0 0 0 0 0 0 0 0 1 1 0 1 1 0 0 0 1 1 2 2 2 1 1 1 1 1 0
 6 6 10 16 16 12 6 6 12 12 6 5 5 6 6 6 18 18 2 0 0 0 0 0 0 0 0 1 1 0 1 1 0 0 0 1 1 2 2 2 1 1 1 1 1 0
 7 7 12 11 11 14 7 7 11 11 2 2 2 1 0 0 0 0 0 0 0 0 0 0 0 0 0 0 0 0 0 0 0 0 0 0 0 0 0 0 1 1 3 3 3 2
 1 1 1 3 3 5 4 4 5 5 1 3 3 2 1 1 1 1 1 2 2 1 0 0 0 0 0 1 1 0 2 2 0 0 0 0 0 0 1 1 3 3 6 3 3 3
 1 1 1 3 3 5 4 4 5 5 1 3 3 2 1 1 1 1 1 2 2 1 0 0 0 0 0 1 1 0 2 2 0 0 0 0 0 0 1 1 3 3 6 3 3 3
 5 5 2 3 3 3 1 1 7 7 3 2 2 3 2 2 1 1 1 0 0 1 1 1 1 1 3 1 1 0 1 1 0 0 0 0 0 1 1 1 7 7 4 6 6 3
 9 9 1 4 4 4 2 2 11 11 6 5 5 2 2 2 2 2 2 2 2 2 2 2 2 2 1 2 2 1 0 0 0 0 0 0 0 1 2 2 3 3 3 7 7 2
 9 9 1 4 4 4 2 2 11 11 6 5 5 2 2 2 2 2 2 2 2 2 2 2 2 2 1 2 2 1 0 0 0 0 0 0 0 1 2 2 3 3 3 7 7 2
 8 8 2 11 11 8 6 6 8 8 6 6 6 4 4 4 3 3 3 4 4 3 3 3 1 1 1 1 1 2 0 0 1 1 0 1 1 2 4 4 3 3 5 4 4 2
 8 8 2 11 11 8 6 6 8 8 6 6 6 4 4 4 3 3 3 4 4 3 3 3 1 1 1 1 1 2 0 0 1 1 0 1 1 2 4 4 3 3 5 4 4 2
 11 11 4 2 2 8 2 2 1 1 0 1 1 5 7 7 11 11 3 3 3 1 1 1 1 1 0 1 1 1 1 1 1 1 1 0 0 0 2 2 5 5 4 8 8 3
 0 0 7 2 2 3 4 4 0 0 1 1 1 3 3 3 4 4 7 5 5 3 1 1 0 0 0 1 1 1 0 0 1 1 1 0 0 0 0 0 1 1 3 2 2 2
 0 0 7 2 2 3 4 4 0 0 1 1 1 3 3 3 4 4 7 5 5 3 1 1 0 0 0 1 1 1 0 0 1 1 1 0 0 0 0 0 1 1 3 2 2 2
 4 4 5 6 6 2 1 1 2 2 1 1 1 2 2 2 4 4 4 6 6 11 11 11 1 1 1 1 1 1 0 0 1 1 0 0 0 0 0 0 0 0 0 1 1 1
 1 1 10 4 4 1 2 2 1 1 0 1 1 2 4 4 9 9 5 5 5 11 17 17 0 0 0 2 2 2 0 0 2 2 0 0 0 0 0 0 0 0 0 0 0 0
 1 1 10 4 4 1 2 2 1 1 0 1 1 2 4 4 9 9 5 5 5 11 17 17 0 0 0 2 2 2 0 0 2 2 0 0 0 0 0 0 0 0 0 0 0 0
 6 6 5 22 22 2 2 2 1 1 1 2 2 2 3 3 7 7 5 2 2 2 2 2 0 0 2 1 1 1 3 3 1 1 0 0 0 0 0 0 0 0 0 3 3 0
 6 6 5 22 22 2 2 2 1 1 1 2 2 2 3 3 7 7 5 2 2 2 2 2 0 0 2 1 1 1 3 3 1 1 0 0 0 0 0 0 0 0 0 3 3 0
 10 10 25 24 24 4 4 4 5 5 5 7 7 8 8 8 7 7 6 1 1 1 1 1 1 1 0 0 0 1 0 0 0 0 2 0 0 0 0 0 0 0 0 0 0 0
 9 9 24 23 23 28 33 33 5 5 6 7 7 9 9 9 11 11 7 5 5 2 1 1 0 0 1 1 1 1 0 0 1 1 1 1 1 0 0 0 0 0 0 0 0 0
 9 9 24 23 23 28 33 33 5 5 6 7 7 9 9 9 11 11 7 5 5 2 1 1 0 0 1 1 1 1 0 0 1 1 1 1 1 0 0 0 0 0 0 0 0 0
 5 5 16 14 14 29 28 28 3 3 3 8 8 10 11 11 9 9 14 8 8 5 1 1 4 4 7 1 1 0 0 0 0 0 3 0 0 0 0 0 0 0 0 0 0 2
 5 5 15 13 13 25 7 7 2 2 2 2 2 13 13 13 11 11 11 15 15 3 4 4 4 4 4 5 5 7 6 6 5 5 3 0 0 1 1 1 1 1 1 1 1 4
 5 5 15 13 13 25 7 7 2 2 2 2 2 13 13 13 11 11 11 15 15 3 4 4 4 4 4 5 5 7 6 6 5 5 3 0 0 1 1 1 1 1 1 1 1 4
 8 8 8 14 14 15 7 7 2 2 1 3 3 6 15 15 21 21 39 30 30 16 9 9 7 7 6 7 7 17 11 11 12 12 6 3 3 3 1 1 1 1 1 1 1 2
 8 8 8 14 14 15 7 7 2 2 1 3 3 6 15 15 21 21 39 30 30 16 9 9 7 7 6 7 7 17 11 11 12 12 6 3 3 3 1 1 1 1 1 1 1 2
 3 3 3 14 14 14 2 2 2 2 3 6 6 16 17 17 21 21 31 42 42 26 10 10 4 4 8 20 20 12 10 10 9 9 10 27 27 4 3 3 1 1 2 3 3 6
 6 6 4 4 4 3 3 3 4 4 3 3 3 21 20 20 4 4 9 43 43 16 8 8 6 6 4 10 10 12 10 10 9 9 6 6 6 4 2 2 3 3 5 9 9 9
 6 6 4 4 4 3 3 3 4 4 3 3 3 21 20 20 4 4 9 43 43 16 8 8 6 6 4 10 10 12 10 10 9 9 6 6 6 4 2 2 3 3 5 9 9 9
 3 3 2 2 2 2 2 2 2 2 3 3 3 3 2 2 1 1 9 10 10 3 5 5 4 4 5 5 5 10 18 18 15 15 6 2 2 3 2 2 3 3 3 5 5 10
 2 2 2 2 2 2 1 1 1 1 1 1 1 2 1 1 1 1 1 2 2 3 2 2 2 2 5 6 6 9 6 6 15 15 3 1 1 2 4 4 2 2 1 2 2 4
 2 2 2 2 2 2 1 1 1 1 1 1 1 2 1 1 1 1 1 2 2 3 2 2 2 2 5 6 6 9 6 6 15 15 3 1 1 2 4 4 2 2 1 2 2 4
 4 4 2 2 2 2 2 2 6 6 2 1 1 2 15 15 26 26 26 6 6 2 1 1 2 2 2 3 3 5 18 18 8 8 8 3 3 2 2 2 1 1 1 1 1 1
 4 4 2 2 2 2 2 2 6 6 2 1 1 2 15 15 26 26 26 6 6 2 1 1 2 2 2 3 3 5 18 18 8 8 8 3 3 2 2 2 1 1 1 1 1 1
 9 9 7 3 3 4 6 6 6 6 2 3 3 6 4 4 27 27 26 6 6 8 1 1 1 1 1 2 2 6 9 9 7 7 3 2 2 2 1 1 1 1 1 1 1 0
 6 6 6 6 6 6 6 6 7 7 5 6 6 4 5 5 3 3 1 1 1 9 3 3 4 4 2 1 1 1 2 2 2 2 4 2 2 1 0 0 0 0 0 0 0 0
 6 6 6 6 6 6 6 6 7 7 5 6 6 4 5 5 3 3 1 1 1 9 3 3 4 4 2 1 1 1 2 2 2 2 4 2 2 1 0 0 0 0 0 0 0 0
 6 6 8 10 10 10 5 5 4 4 3 3 3 3 2 2 2 2 1 0 0 2 2 2 3 3 1 1 1 1 1 1 2 2 2 0 0 2 0 0 0 0 0 0 0 1
 5 5 8 8 8 8 4 4 1 1 1 2 2 2 1 1 0 0 0 0 0 0 1 1 3 3 2 0 0 1 2 2 5 5 2 2 2 0 0 0 0 0 0 0 0 0
 5 5 8 8 8 8 4 4 1 1 1 2 2 2 1 1 0 0 0 0 0 0 1 1 3 3 2 0 0 1 2 2 5 5 2 2 2 0 0 0 0 0 0 0 0 0
 2 2 4 4 4 3 2 2 2 2 1 1 1 0 0 0 1 1 0 0 0 0 1 1 2 2 4 0 0 0 0 0 0 0 0 1 1 0 0 0 0 0 0 0 0 0
 2 2 4 4 4 3 2 2 2 2 1 1 1 0 0 0 1 1 0 0 0 0 1 1 2 2 4 0 0 0 0 0 0 0 0 1 1 0 0 0 0 0 0 0 0 0
 1 1 4 2 2 2 3 3 1 1 0 0 0 0 0 0 0 0 0 0 0 0 1 1 2 2 2 0 0 0 0 0 0 0 0 1 1 0 1 1 0 0 1 0 0 0
 1 1 1 3 3 2 2 2 0 0 0 1 1 0 0 0 0 0 0 0 0 0 2 2 1 1 1 1 1 0 0 0 0 0 0 0 0 2 2 2 1 1 0 0 0 0
 1 1 1 3 3 2 2 2 0 0 0 1 1 0 0 0 0 0 0 0 0 0 2 2 1 1 1 1 1 0 0 0 0 0 0 0 0 2 2 2 1 1 0 0 0 0
 1 1 1 0 0 0 0 0 0 0 1 3 3 2 0 0 0 0 0 0 0 0 1 1 1 1 0 0 0 0 0 0 0 0 0 1 1 6 2 2 1 1 0 0 0 0
 0 0 0 0 0 0 0 0 1 1 1 2 2 1 0 0 0 0 0 0 0 0 0 0 1 1 1 1 1 0 0 0 0 0 0 0 0 0 0 0 0 0 0 0 0 0
 0 0 0 0 0 0 0 0 1 1 1 2 2 1 0 0 0 0 0 0 0 0 0 0 1 1 1 1 1 0 0 0 0 0 0 0 0 0 0 0 0 0 0 0 0 0
 1 1 1 1 1 1 1 1 1 1 0 1 1 0 0 0 0 0 0 0 0 0 1 1 2 2 1 1 1 1 0 0 0 0 0 0 0 0 0 0 0 0 0 0 0 0
 1 1 1 1 1 1 1 1 1 1 0 1 1 0 0 0 0 0 0 0 0 0 1 1 2 2 1 1 1 1 0 0 0 0 0 0 0 0 0 0 0 0 0 0 0 0
 0 0 1 2 2 1 2 2 1 1 0 0 0 0 0 0 0 0 0 0 0 3 1 1 1 1 1 0 0 1 1 1 0 0 0 0 0 0 0 0 0 0 0 0 0 0
 1 1 2 1 1 0 1 1 0 0 0 1 1 0 0 0 0 0 0 0 0 0 0 0 0 0 1 1 1 1 0 0 0 0 0 0 0 0 0 0 0 0 0 0 0 0
 1 1 2 1 1 0 1 1 0 0 0 1 1 0 0 0 0 0 0 0 0 0 0 0 0 0 1 1 1 1 0 0 0 0 0 0 0 0 0 0 0 0 0 0 0 0
 1 1 1 0 0 0 0 0 1 1 0 1 1 1 1 1 1 1 1 0 0 0 0 0 0 0 0 1 1 1 1 1 0 0 0 0 0 0 0 0 0 0 0 0 0 0
 0 0 0 1 1 1 1 1 1 1 1 1 1 1 0 0 1 1 0 0 0 0 1 1 0 0 0 0 0 1 0 0 1 1 0 0 0 0 0 0 0 0 0 0 0 0
 0 0 0 1 1 1 1 1 1 1 1 1 1 1 0 0 1 1 0 0 0 0 1 1 0 0 0 0 0 1 0 0 1 1 0 0 0 0 0 0 0 0 0 0 0 0
 0 0 0 1 1 0 1 1 0 0 0 1 1 1 0 0 0 0 1 0 0 0 0 0 0 0 0 0 0 0 1 1 1 1 1 0 0 0 0 0 0 0 0 0 0 0
 0 0 0 1 1 0 1 1 0 0 0 1 1 1 0 0 0 0 1 0 0 0 0 0 0 0 0 0 0 0 1 1 1 1 1 0 0 0 0 0 0 0 0 0 0 0
 1 1 0 0 0 0 0 0 0 0 1 0 0 1 0 0 0 0 3 1 1 1 1 1 0 0 0 0 0 0 1 1 1 1 2 1 1 0 0 0 0 0 0 0 0 0
 1 1 1 1 1 0 0 0 1 1 0 0 0 0 0 0 3 3 1 1 1 1 4 4 2 2 0 0 0 0 0 0 3 3 1 1 1 1 1 1 0 0 0 0 0 0
 1 1 1 1 1 0 0 0 1 1 0 0 0 0 0 0 3 3 1 1 1 1 4 4 2 2 0 0 0 0 0 0 3 3 1 1 1 1 1 1 0 0 0 0 0 0
 0 0 1 0 0 0 0 0 0 0 0 0 0 0 1 1 1 1 2 2 2 2 4 4 2 2 0 0 0 1 1 1 3 3 4 8 8 7 1 1 0 0 0 0 0 0
 3 3 0 0 0 2 1 1 0 0 1 1 1 0 1 1 3 3 3 2 2 5 3 3 5 5 0 0 0 1 1 1 1 1 1 1 1 8 4 4 0 0 0 0 0 0
