assets/RAT_results_old/precipitation/2017-06-24_IMERG.asc
ncols        46
nrows        77
xllcorner    74.800261325624
yllcorner    8.058333333333
cellsize     0.062500000000
NODATA_value -9999
 50 50 48 68 68 68 64 64 61 61 34 29 29 13 19 19 18 18 9 13 13 6 4 4 1 1 0 2 2 0 0 0 0 0 0 0 0 0 0 0 0 0 0 0 0 0
 39 39 51 66 66 88 55 55 62 62 38 30 30 27 21 21 16 16 13 7 7 7 2 2 3 3 0 0 0 0 0 0 0 0 0 0 0 0 0 0 0 0 0 0 0 0
 39 39 51 66 66 88 55 55 62 62 38 30 30 27 21 21 16 16 13 7 7 7 2 2 3 3 0 0 0 0 0 0 0 0 0 0 0 0 0 0 0 0 0 0 0 0
 45 45 66 53 53 56 40 40 109 109 34 29 29 20 18 18 10 10 8 6 6 9 2 2 2 2 0 0 0 0 0 0 0 0 0 0 0 0 0 0 0 0 0 0 0 0
 49 49 50 47 47 38 33 33 25 25 26 13 13 10 13 13 5 5 4 3 3 2 0 0 0 0 0 2 2 0 0 0 0 0 0 0 0 0 0 0 0 0 0 0 0 0
 49 49 50 47 47 38 33 33 25 25 26 13 13 10 13 13 5 5 4 3 3 2 0 0 0 0 0 2 2 0 0 0 0 0 0 0 0 0 0 0 0 0 0 0 0 0
 28 28 35 37 37 35 32 32 24 24 18 14 14 13 12 12 13 13 5 2 2 0 0 0 0 0 0 1 1 1 0 0 0 0 0 0 0 0 0 0 0 0 1 0 0 0
 28 28 35 37 37 35 32 32 24 24 18 14 14 13 12 12 13 13 5 2 2 0 0 0 0 0 0 1 1 1 0 0 0 0 0 0 0 0 0 0 0 0 1 0 0 0
 25 25 46 65 65 37 24 24 15 15 16 12 12 15 9 9 7 7 6 4 4 0 0 0 0 0 0 0 0 0 1 1 1 1 0 0 0 0 0 0 3 3 0 1 1 0
 33 33 30 50 50 28 19 19 10 10 17 8 8 10 6 6 6 6 1 1 1 0 2 2 0 0 1 3 3 3 2 2 1 1 0 2 2 3 4 4 2 2 1 1 1 1
 33 33 30 50 50 28 19 19 10 10 17 8 8 10 6 6 6 6 1 1 1 0 2 2 0 0 1 3 3 3 2 2 1 1 0 2 2 3 4 4 2 2 1 1 1 1
 31 31 34 38 38 22 27 27 21 21 31 20 20 19 13 13 4 4 4 4 4 1 1 1 0 0 0 1 1 1 2 2 1 1 5 4 4 2 4 4 2 2 3 0 0 3
 47 47 38 36 36 32 42 42 34 34 36 27 27 22 16 16 7 7 7 4 4 4 4 4 0 0 1 1 1 1 2 2 5 5 3 6 6 1 1 1 1 1 0 0 0 1
 47 47 38 36 36 32 42 42 34 34 36 27 27 22 16 16 7 7 7 4 4 4 4 4 0 0 1 1 1 1 2 2 5 5 3 6 6 1 1 1 1 1 0 0 0 1
 35 35 45 30 30 38 38 38 38 38 54 36 36 18 20 20 14 14 11 8 8 5 0 0 5 5 0 0 0 0 1 1 1 1 1 0 0 0 2 2 0 0 1 1 1 1
 35 35 45 30 30 38 38 38 38 38 54 36 36 18 20 20 14 14 11 8 8 5 0 0 5 5 0 0 0 0 1 1 1 1 1 0 0 0 2 2 0 0 1 1 1 1
 33 33 35 27 27 32 38 38 30 30 17 19 19 10 18 18 12 12 16 10 10 8 4 4 1 1 5 0 0 0 1 1 0 0 0 1 1 0 4 4 1 1 1 1 1 2
 71 71 34 35 35 33 22 22 18 18 15 14 14 9 24 24 13 13 18 16 16 9 8 8 6 6 5 5 5 0 1 1 0 0 0 1 1 0 0 0 4 4 15 6 6 4
 71 71 34 35 35 33 22 22 18 18 15 14 14 9 24 24 13 13 18 16 16 9 8 8 6 6 5 5 5 0 1 1 0 0 0 1 1 0 0 0 4 4 15 6 6 4
 75 75 50 34 34 43 33 33 27 27 17 13 13 11 12 12 11 11 8 11 11 2 9 9 7 7 4 3 3 14 4 4 2 2 0 0 0 0 1 1 18 18 15 8 8 14
 57 57 70 47 47 38 52 52 30 30 22 22 22 20 15 15 18 18 15 15 15 12 9 9 7 7 3 5 5 7 2 2 4 4 1 0 0 0 1 1 18 18 9 4 4 4
 57 57 70 47 47 38 52 52 30 30 22 22 22 20 15 15 18 18 15 15 15 12 9 9 7 7 3 5 5 7 2 2 4 4 1 0 0 0 1 1 18 18 9 4 4 4
 50 50 53 71 71 61 43 43 34 34 22 28 28 27 23 23 15 15 28 23 23 25 16 16 9 9 7 6 6 6 4 4 3 3 1 6 6 0 1 1 2 2 10 1 1 1
 50 50 53 71 71 61 43 43 34 34 22 28 28 27 23 23 15 15 28 23 23 25 16 16 9 9 7 6 6 6 4 4 3 3 1 6 6 0 1 1 2 2 10 1 1 1
 70 70 53 38 38 43 50 50 38 38 37 28 28 28 35 35 30 30 30 24 24 27 29 29 30 30 19 4 4 11 10 10 3 3 1 8 8 6 0 0 6 6 12 3 3 0
 84 84 69 39 39 47 59 59 49 49 46 58 58 31 36 36 30 30 15 17 17 21 21 21 26 26 17 11 11 18 5 5 3 3 1 8 8 10 0 0 4 4 1 0 0 0
 84 84 69 39 39 47 59 59 49 49 46 58 58 31 36 36 30 30 15 17 17 21 21 21 26 26 17 11 11 18 5 5 3 3 1 8 8 10 0 0 4 4 1 0 0 0
 73 73 93 48 48 43 55 55 52 52 39 31 31 33 34 34 16 16 13 16 16 16 17 17 30 30 21 22 22 15 13 13 3 3 0 10 10 10 0 0 1 1 0 2 2 0
 64 64 64 49 49 44 49 49 68 68 55 41 41 22 20 20 19 19 23 11 11 12 16 16 11 11 18 16 16 18 14 14 6 6 1 0 0 0 3 3 4 4 0 0 0 0
 64 64 64 49 49 44 49 49 68 68 55 41 41 22 20 20 19 19 23 11 11 12 16 16 11 11 18 16 16 18 14 14 6 6 1 0 0 0 3 3 4 4 0 0 0 0
 36 36 30 61 61 42 47 47 41 41 61 32 32 33 36 36 36 36 20 9 9 9 24 24 31 31 6 9 9 13 10 10 6 6 1 1 1 1 0 0 3 3 0 0 0 0
 36 36 30 61 61 42 47 47 41 41 61 32 32 33 36 36 36 36 20 9 9 9 24 24 31 31 6 9 9 13 10 10 6 6 1 1 1 1 0 0 3 3 0 0 0 0
 35 35 39 40 40 41 48 48 67 67 49 32 32 36 31 31 32 32 25 13 13 17 16 16 18 18 9 7 7 16 4 4 4 4 2 1 1 1 0 0 0 0 0 4 4 0
 41 41 57 87 87 40 54 54 43 43 48 37 37 55 63 63 43 43 34 14 14 5 6 6 15 15 7 3 3 2 7 7 2 2 2 1 1 1 0 0 0 0 0 0 0 0
 41 41 57 87 87 40 54 54 43 43 48 37 37 55 63 63 43 43 34 14 14 5 6 6 15 15 7 3 3 2 7 7 2 2 2 1 1 1 0 0 0 0 0 0 0 0
 26 26 49 61 61 38 29 29 57 57 57 50 50 76 82 82 58 58 76 24 24 16 10 10 10 10 9 10 10 6 2 2 1 1 3 3 3 2 5 5 1 1 1 1 1 0
 23 23 25 34 34 167 131 131 46 46 91 58 58 64 58 58 55 55 45 40 40 22 17 17 15 15 15 3 3 4 3 3 2 2 6 2 2 2 1 1 1 1 2 3 3 2
 23 23 25 34 34 167 131 131 46 46 91 58 58 64 58 58 55 55 45 40 40 22 17 17 15 15 15 3 3 4 3 3 2 2 6 2 2 2 1 1 1 1 2 3 3 2
 15 15 21 18 18 44 41 41 43 43 41 41 41 39 33 33 33 33 35 38 38 29 20 20 18 18 20 16 16 10 8 8 6 6 4 3 3 2 1 1 1 1 3 2 2 1
 15 15 21 18 18 44 41 41 43 43 41 41 41 39 33 33 33 33 35 38 38 29 20 20 18 18 20 16 16 10 8 8 6 6 4 3 3 2 1 1 1 1 3 2 2 1
 10 10 13 91 91 62 48 48 22 22 34 30 30 25 35 35 34 34 35 50 50 41 45 45 38 38 40 30 30 31 21 21 16 16 10 9 9 14 8 8 3 3 2 2 2 1
 11 11 13 56 56 48 19 19 20 20 37 30 30 27 27 27 30 30 49 37 37 48 63 63 74 74 64 49 49 51 34 34 23 23 18 11 11 12 15 15 4 4 4 3 3 1
 11 11 13 56 56 48 19 19 20 20 37 30 30 27 27 27 30 30 49 37 37 48 63 63 74 74 64 49 49 51 34 34 23 23 18 11 11 12 15 15 4 4 4 3 3 1
 14 14 15 17 17 20 18 18 15 15 65 41 41 35 26 26 26 26 46 44 44 48 47 47 44 44 34 41 41 47 49 49 31 31 18 20 20 16 14 14 7 7 8 4 4 1
 10 10 10 12 12 11 12 12 14 14 11 13 13 12 21 21 29 29 34 51 51 42 45 45 36 36 36 35 35 46 57 57 40 40 32 32 32 33 15 15 6 6 4 2 2 1
 10 10 10 12 12 11 12 12 14 14 11 13 13 12 21 21 29 29 34 51 51 42 45 45 36 36 36 35 35 46 57 57 40 40 32 32 32 33 15 15 6 6 4 2 2 1
 7 7 11 12 12 11 13 13 15 15 7 4 4 9 5 5 13 13 27 32 32 46 34 34 36 36 40 26 26 42 62 62 48 48 43 30 30 33 19 19 6 6 7 4 4 2
 7 7 11 12 12 11 13 13 15 15 7 4 4 9 5 5 13 13 27 32 32 46 34 34 36 36 40 26 26 42 62 62 48 48 43 30 30 33 19 19 6 6 7 4 4 2
 3 3 3 2 2 3 6 6 14 14 6 7 7 10 14 14 14 14 13 28 28 28 26 26 27 27 25 26 26 28 42 42 34 34 38 32 32 24 12 12 13 13 6 9 9 2
 2 2 1 2 2 3 7 7 10 10 13 12 12 19 24 24 25 25 23 30 30 29 30 30 21 21 24 17 17 11 27 27 26 26 20 20 20 18 18 18 20 20 11 7 7 3
 2 2 1 2 2 3 7 7 10 10 13 12 12 19 24 24 25 25 23 30 30 29 30 30 21 21 24 17 17 11 27 27 26 26 20 20 20 18 18 18 20 20 11 7 7 3
 3 3 3 4 4 4 7 7 11 11 14 15 15 14 13 13 18 18 18 22 22 19 23 23 25 25 27 22 22 12 19 19 15 15 17 31 31 20 20 20 27 27 22 6 6 3
 3 3 4 6 6 5 7 7 9 9 10 11 11 12 10 10 9 9 7 8 8 13 16 16 20 20 25 21 21 16 21 21 10 10 15 23 23 22 24 24 19 19 17 8 8 6
 3 3 4 6 6 5 7 7 9 9 10 11 11 12 10 10 9 9 7 8 8 13 16 16 20 20 25 21 21 16 21 21 10 10 15 23 23 22 24 24 19 19 17 8 8 6
 3 3 5 4 4 5 4 4 5 5 5 3 3 2 3 3 3 3 10 7 7 15 16 16 19 19 16 21 21 17 18 18 10 10 12 20 20 23 18 18 14 14 14 7 7 5
 3 3 5 4 4 5 4 4 5 5 5 3 3 2 3 3 3 3 10 7 7 15 16 16 19 19 16 21 21 17 18 18 10 10 12 20 20 23 18 18 14 14 14 7 7 5
 4 4 6 7 7 5 4 4 7 7 4 4 4 2 2 2 3 3 9 10 10 11 14 14 20 20 10 16 16 23 20 20 13 13 13 13 13 12 13 13 11 11 12 4 4 0
 4 4 8 10 10 5 4 4 6 6 5 4 4 3 2 2 4 4 3 9 9 10 15 15 14 14 15 18 18 17 21 21 15 15 13 9 9 16 15 15 11 11 6 3 3 1
 4 4 8 10 10 5 4 4 6 6 5 4 4 3 2 2 4 4 3 9 9 10 15 15 14 14 15 18 18 17 21 21 15 15 13 9 9 16 15 15 11 11 6 3 3 1
 6 6 6 5 5 6 5 5 5 5 4 6 6 5 6 6 3 3 3 9 9 9 14 14 18 18 22 18 18 20 19 19 17 17 15 9 9 13 9 9 13 13 4 3 3 0
 8 8 7 7 7 7 6 6 7 7 5 5 5 4 6 6 5 5 4 4 4 5 13 13 27 27 27 22 22 26 24 24 30 30 19 15 15 12 10 10 12 12 6 4 4 2
 8 8 7 7 7 7 6 6 7 7 5 5 5 4 6 6 5 5 4 4 4 5 13 13 27 27 27 22 22 26 24 24 30 30 19 15 15 12 10 10 12 12 6 4 4 2
 8 8 8 8 8 8 7 7 9 9 6 8 8 8 7 7 8 8 4 5 5 6 10 10 23 23 29 31 31 35 26 26 32 32 24 17 17 10 9 9 11 11 4 2 2 1
 8 8 8 8 8 8 7 7 9 9 6 8 8 8 7 7 8 8 4 5 5 6 10 10 23 23 29 31 31 35 26 26 32 32 24 17 17 10 9 9 11 11 4 2 2 1
 15 15 16 11 11 11 12 12 14 14 6 18 18 8 6 6 6 6 4 6 6 7 11 11 16 16 16 20 20 37 28 28 33 33 33 17 17 12 10 10 10 10 3 1 1 1
 14 14 21 19 19 15 9 9 10 10 7 7 7 8 4 4 4 4 2 1 1 1 9 9 17 17 16 18 18 19 25 25 37 37 26 25 25 18 15 15 16 16 3 2 2 1
 14 14 21 19 19 15 9 9 10 10 7 7 7 8 4 4 4 4 2 1 1 1 9 9 17 17 16 18 18 19 25 25 37 37 26 25 25 18 15 15 16 16 3 2 2 1
 12 12 18 21 21 35 15 15 15 15 9 5 5 18 4 4 4 4 2 6 6 3 6 6 5 5 11 12 12 13 18 18 22 22 17 14 14 11 10 10 9 9 4 1 1 1
 9 9 15 20 20 34 31 31 37 37 19 5 5 6 6 6 5 5 2 3 3 5 4 4 4 4 6 4 4 5 11 11 11 11 14 11 11 8 8 8 6 6 5 5 5 2
 9 9 15 20 20 34 31 31 37 37 19 5 5 6 6 6 5 5 2 3 3 5 4 4 4 4 6 4 4 5 11 11 11 11 14 11 11 8 8 8 6 6 5 5 5 2
 8 8 16 12 12 24 20 20 46 46 9 9 9 8 9 9 6 6 5 3 3 2 7 7 3 3 4 5 5 2 3 3 10 10 10 10 10 11 7 7 5 5 5 5 5 3
 8 8 16 12 12 24 20 20 46 46 9 9 9 8 9 9 6 6 5 3 3 2 7 7 3 3 4 5 5 2 3 3 10 10 10 10 10 11 7 7 5 5 5 5 5 3
 9 9 8 9 9 6 6 6 17 17 6 7 7 8 19 19 10 10 12 6 6 2 2 2 3 3 3 4 4 2 3 3 5 5 5 7 7 8 6 6 2 2 3 5 5 7
 7 7 8 9 9 7 6 6 9 9 9 8 8 15 23 23 13 13 13 18 18 4 3 3 5 5 6 7 7 3 2 2 4 4 4 5 5 5 4 4 3 3 2 2 2 4
 7 7 8 9 9 7 6 6 9 9 9 8 8 15 23 23 13 13 13 18 18 4 3 3 5 5 6 7 7 3 2 2 4 4 4 5 5 5 4 4 3 3 2 2 2 4
 18 18 11 10 10 7 7 7 7 7 9 12 12 14 18 18 32 32 13 6 6 4 2 2 2 2 3 3 3 3 2 2 3 3 5 3 3 4 6 6 6 6 5 2 2 3
 19 19 12 11 11 9 11 11 12 12 10 14 14 22 15 15 18 18 11 12 12 12 6 6 10 10 3 8 8 2 2 2 2 2 3 7 7 13 12 12 5 5 6 3 3 3
