assets/RAT_results_old/precipitation/2017-10-11_IMERG.asc
ncols        46
nrows        77
xllcorner    74.800261325624
yllcorner    8.058333333333
cellsize     0.062500000000
NODATA_value -9999
 1 1 3 1 1 2 10 10 6 6 6 3 3 9 3 3 2 2 2 2 2 2 3 3 4 4 4 5 5 12 17 17 17 17 12 12 12 8 5 5 7 7 12 12 12 14
 2 2 3 2 2 1 1 1 1 1 1 1 1 1 4 4 5 5 3 2 2 2 2 2 3 3 3 4 4 9 18 18 15 15 12 7 7 5 4 4 4 4 11 8 8 8
 2 2 3 2 2 1 1 1 1 1 1 1 1 1 4 4 5 5 3 2 2 2 2 2 3 3 3 4 4 9 18 18 15 15 12 7 7 5 4 4 4 4 11 8 8 8
 2 2 3 2 2 3 1 1 1 1 1 1 1 4 5 5 11 11 5 2 2 1 2 2 3 3 2 5 5 9 13 13 13 13 9 8 8 6 6 6 5 5 8 9 9 14
 1 1 2 2 2 1 1 1 1 1 1 1 1 2 4 4 9 9 4 2 2 2 2 2 3 3 3 5 5 8 9 9 10 10 7 7 7 5 5 5 9 9 4 10 10 17
 1 1 2 2 2 1 1 1 1 1 1 1 1 2 4 4 9 9 4 2 2 2 2 2 3 3 3 5 5 8 9 9 10 10 7 7 7 5 5 5 9 9 4 10 10 17
 1 1 1 2 2 2 1 1 1 1 2 2 2 5 2 2 3 3 2 2 2 2 3 3 4 4 6 5 5 9 9 9 9 9 10 11 11 6 8 8 10 10 10 15 15 19
 1 1 1 2 2 2 1 1 1 1 2 2 2 5 2 2 3 3 2 2 2 2 3 3 4 4 6 5 5 9 9 9 9 9 10 11 11 6 8 8 10 10 10 15 15 19
 0 0 0 1 1 2 2 2 2 2 2 1 1 8 4 4 4 4 5 2 2 2 4 4 5 5 7 8 8 8 9 9 11 11 10 11 11 12 13 13 12 12 10 10 10 10
 6 6 1 2 2 2 3 3 3 3 1 3 3 6 10 10 4 4 4 5 5 6 3 3 4 4 7 9 9 7 9 9 10 10 9 11 11 14 14 14 11 11 11 10 10 8
 6 6 1 2 2 2 3 3 3 3 1 3 3 6 10 10 4 4 4 5 5 6 3 3 4 4 7 9 9 7 9 9 10 10 9 11 11 14 14 14 11 11 11 10 10 8
 4 4 2 1 1 1 3 3 1 1 2 2 2 10 9 9 5 5 5 5 5 5 6 6 8 8 8 8 8 10 9 9 11 11 10 15 15 18 18 18 15 15 13 11 11 4
 2 2 2 1 1 2 2 2 3 3 3 2 2 2 8 8 13 13 10 6 6 6 7 7 11 11 15 10 10 11 12 12 12 12 12 18 18 22 18 18 11 11 11 7 7 5
 2 2 2 1 1 2 2 2 3 3 3 2 2 2 8 8 13 13 10 6 6 6 7 7 11 11 15 10 10 11 12 12 12 12 12 18 18 22 18 18 11 11 11 7 7 5
 3 3 2 3 3 1 2 2 2 2 3 2 2 4 3 3 5 5 15 5 5 7 8 8 11 11 13 12 12 12 14 14 12 12 14 18 18 17 17 17 14 14 12 9 9 5
 3 3 2 3 3 1 2 2 2 2 3 2 2 4 3 3 5 5 15 5 5 7 8 8 11 11 13 12 12 12 14 14 12 12 14 18 18 17 17 17 14 14 12 9 9 5
 4 4 4 5 5 3 2 2 4 4 3 4 4 3 3 3 4 4 6 6 6 6 7 7 9 9 11 11 11 12 16 16 12 12 13 18 18 15 18 18 15 15 10 8 8 4
 5 5 6 7 7 3 4 4 4 4 5 5 5 4 4 4 5 5 9 5 5 5 7 7 9 9 11 11 11 12 10 10 13 13 13 17 17 19 17 17 14 14 8 7 7 5
 5 5 6 7 7 3 4 4 4 4 5 5 5 4 4 4 5 5 9 5 5 5 7 7 9 9 11 11 11 12 10 10 13 13 13 17 17 19 17 17 14 14 8 7 7 5
 9 9 6 7 7 10 12 12 11 11 2 3 3 4 4 4 6 6 12 6 6 7 7 7 7 7 7 9 9 9 7 7 8 8 9 11 11 15 13 13 10 10 9 8 8 5
 12 12 8 7 7 26 9 9 10 10 1 5 5 3 5 5 6 6 11 7 7 10 7 7 5 5 6 8 8 8 9 9 7 7 9 10 10 10 8 8 12 12 9 6 6 3
 12 12 8 7 7 26 9 9 10 10 1 5 5 3 5 5 6 6 11 7 7 10 7 7 5 5 6 8 8 8 9 9 7 7 9 10 10 10 8 8 12 12 9 6 6 3
 8 8 3 7 7 11 3 3 1 1 2 2 2 6 7 7 10 10 8 8 8 7 7 7 7 7 8 8 8 13 10 10 8 8 9 11 11 10 7 7 11 11 6 3 3 1
 8 8 3 7 7 11 3 3 1 1 2 2 2 6 7 7 10 10 8 8 8 7 7 7 7 7 8 8 8 13 10 10 8 8 9 11 11 10 7 7 11 11 6 3 3 1
 9 9 3 2 2 9 4 4 1 1 2 4 4 8 9 9 10 10 6 7 7 8 9 9 11 11 14 12 12 19 17 17 15 15 17 17 17 7 4 4 7 7 6 5 5 2
 16 16 6 4 4 11 12 12 1 1 1 4 4 10 13 13 12 12 9 7 7 9 10 10 11 11 14 10 10 16 12 12 15 15 21 60 60 6 5 5 4 4 4 3 3 4
 16 16 6 4 4 11 12 12 1 1 1 4 4 10 13 13 12 12 9 7 7 9 10 10 11 11 14 10 10 16 12 12 15 15 21 60 60 6 5 5 4 4 4 3 3 4
 22 22 8 6 6 16 4 4 2 2 3 4 4 9 12 12 16 16 13 7 7 7 10 10 11 11 13 10 10 7 7 7 13 13 31 61 61 10 9 9 7 7 4 5 5 5
 31 31 22 21 21 13 4 4 4 4 5 3 3 11 13 13 14 14 12 10 10 9 11 11 9 9 10 14 14 21 8 8 8 8 8 9 9 7 6 6 6 6 7 10 10 10
 31 31 22 21 21 13 4 4 4 4 5 3 3 11 13 13 14 14 12 10 10 9 11 11 9 9 10 14 14 21 8 8 8 8 8 9 9 7 6 6 6 6 7 10 10 10
 40 40 31 49 49 36 6 6 7 7 6 7 7 13 17 17 14 14 22 14 14 12 9 9 12 12 8 8 8 23 8 8 9 9 10 13 13 13 12 12 11 11 11 41 41 28
 40 40 31 49 49 36 6 6 7 7 6 7 7 13 17 17 14 14 22 14 14 12 9 9 12 12 8 8 8 23 8 8 9 9 10 13 13 13 12 12 11 11 11 41 41 28
 31 31 45 58 58 37 14 14 8 8 8 7 7 15 17 17 13 13 24 16 16 16 19 19 15 15 11 11 11 14 12 12 14 14 14 19 19 18 21 21 24 24 50 44 44 26
 17 17 31 27 27 20 18 18 9 9 7 6 6 7 9 9 14 14 21 21 21 14 18 18 20 20 17 11 11 11 12 12 15 15 14 19 19 21 30 30 41 41 52 60 60 27
 17 17 31 27 27 20 18 18 9 9 7 6 6 7 9 9 14 14 21 21 21 14 18 18 20 20 17 11 11 11 12 12 15 15 14 19 19 21 30 30 41 41 52 60 60 27
 10 10 19 27 27 32 20 20 10 10 8 7 7 3 9 9 6 6 22 25 25 32 22 22 22 22 18 17 17 14 18 18 15 15 19 25 25 29 34 34 46 46 108 66 66 33
 6 6 9 17 17 33 27 27 18 18 12 8 8 8 9 9 11 11 16 17 17 24 27 27 19 19 21 19 19 17 18 18 22 22 26 29 29 27 35 35 44 44 113 52 52 37
 6 6 9 17 17 33 27 27 18 18 12 8 8 8 9 9 11 11 16 17 17 24 27 27 19 19 21 19 19 17 18 18 22 22 26 29 29 27 35 35 44 44 113 52 52 37
 7 7 7 18 18 29 27 27 26 26 16 15 15 12 10 10 4 4 13 15 15 18 25 25 14 14 35 26 26 26 25 25 24 24 29 35 35 34 32 32 46 46 41 45 45 51
 7 7 7 18 18 29 27 27 26 26 16 15 15 12 10 10 4 4 13 15 15 18 25 25 14 14 35 26 26 26 25 25 24 24 29 35 35 34 32 32 46 46 41 45 45 51
 8 8 12 10 10 15 17 17 22 22 19 15 15 17 5 5 5 5 10 19 19 18 18 18 19 19 19 52 52 22 36 36 35 35 41 41 41 40 37 37 41 41 56 47 47 46
 5 5 10 20 20 19 18 18 21 21 22 21 21 8 3 3 2 2 9 13 13 14 21 21 21 21 25 20 20 50 43 43 43 43 47 51 51 49 47 47 45 45 46 56 56 44
 5 5 10 20 20 19 18 18 21 21 22 21 21 8 3 3 2 2 9 13 13 14 21 21 21 21 25 20 20 50 43 43 43 43 47 51 51 49 47 47 45 45 46 56 56 44
 6 6 17 32 32 30 25 25 31 31 25 13 13 11 3 3 3 3 6 15 15 14 20 20 22 22 20 19 19 33 45 45 50 50 48 54 54 58 42 42 54 54 46 47 47 41
 4 4 49 35 35 36 22 22 25 25 26 11 11 5 5 5 4 4 4 15 15 12 16 16 28 28 15 23 23 27 30 30 50 50 46 49 49 40 50 50 54 54 43 63 63 48
 4 4 49 35 35 36 22 22 25 25 26 11 11 5 5 5 4 4 4 15 15 12 16 16 28 28 15 23 23 27 30 30 50 50 46 49 49 40 50 50 54 54 43 63 63 48
 9 9 18 18 18 20 10 10 8 8 7 4 4 3 9 9 3 3 22 18 18 18 15 15 22 22 37 28 28 27 35 35 36 36 47 41 41 39 49 49 36 36 40 61 61 62
 9 9 18 18 18 20 10 10 8 8 7 4 4 3 9 9 3 3 22 18 18 18 15 15 22 22 37 28 28 27 35 35 36 36 47 41 41 39 49 49 36 36 40 61 61 62
 2 2 6 6 6 5 4 4 9 9 3 4 4 6 5 5 4 4 13 14 14 15 18 18 22 22 39 31 31 48 34 34 28 28 42 34 34 38 38 38 38 38 86 61 61 45
 3 3 3 3 3 2 3 3 2 2 3 3 3 5 3 3 2 2 5 4 4 20 21 21 43 43 28 46 46 39 36 36 38 38 42 34 34 41 36 36 38 38 41 47 47 41
 3 3 3 3 3 2 3 3 2 2 3 3 3 5 3 3 2 2 5 4 4 20 21 21 43 43 28 46 46 39 36 36 38 38 42 34 34 41 36 36 38 38 41 47 47 41
 2 2 2 2 2 2 2 2 5 5 2 3 3 5 3 3 4 4 2 6 6 21 24 24 29 29 34 56 56 58 32 32 28 28 32 37 37 38 35 35 35 35 41 38 38 37
 1 1 1 1 1 2 1 1 1 1 1 3 3 4 3 3 5 5 2 5 5 11 22 22 30 30 33 40 40 54 36 36 31 31 31 36 36 37 38 38 38 38 37 31 31 30
 1 1 1 1 1 2 1 1 1 1 1 3 3 4 3 3 5 5 2 5 5 11 22 22 30 30 33 40 40 54 36 36 31 31 31 36 36 37 38 38 38 38 37 31 31 30
 1 1 1 1 1 1 1 1 1 1 1 1 1 1 14 14 2 2 3 3 3 12 20 20 28 28 24 38 38 45 61 61 30 30 31 32 32 37 31 31 31 31 27 26 26 22
 1 1 1 1 1 1 1 1 1 1 1 1 1 1 14 14 2 2 3 3 3 12 20 20 28 28 24 38 38 45 61 61 30 30 31 32 32 37 31 31 31 31 27 26 26 22
 0 0 1 1 1 1 1 1 1 1 1 2 2 1 15 15 4 4 2 3 3 3 18 18 19 19 28 35 35 22 34 34 20 20 23 24 24 35 35 35 26 26 20 21 21 15
 1 1 1 1 1 1 1 1 1 1 1 2 2 2 2 2 3 3 3 3 3 3 11 11 8 8 20 21 21 19 21 21 15 15 14 27 27 36 39 39 16 16 12 14 14 8
 1 1 1 1 1 1 1 1 1 1 1 2 2 2 2 2 3 3 3 3 3 3 11 11 8 8 20 21 21 19 21 21 15 15 14 27 27 36 39 39 16 16 12 14 14 8
 2 2 1 0 0 1 1 1 1 1 1 1 1 2 2 2 2 2 2 1 1 2 11 11 13 13 18 16 16 7 29 29 12 12 14 17 17 20 16 16 18 18 4 9 9 4
 6 6 0 0 0 0 0 0 1 1 1 1 1 2 2 2 2 2 1 1 1 1 4 4 5 5 8 7 7 9 31 31 11 11 10 13 13 16 14 14 9 9 1 3 3 2
 6 6 0 0 0 0 0 0 1 1 1 1 1 2 2 2 2 2 1 1 1 1 4 4 5 5 8 7 7 9 31 31 11 11 10 13 13 16 14 14 9 9 1 3 3 2
 4 4 1 0 0 0 0 0 0 0 0 1 1 1 1 1 1 1 2 2 2 1 1 1 5 5 5 12 12 18 17 17 12 12 15 13 13 9 8 8 4 4 3 3 3 1
 4 4 1 0 0 0 0 0 0 0 0 1 1 1 1 1 1 1 2 2 2 1 1 1 5 5 5 12 12 18 17 17 12 12 15 13 13 9 8 8 4 4 3 3 3 1
 3 3 1 0 0 0 0 0 0 0 0 0 0 1 1 1 1 1 2 3 3 3 2 2 1 1 5 7 7 17 24 24 45 45 22 16 16 14 14 14 14 14 5 1 1 1
 3 3 1 1 1 0 1 1 0 0 0 0 0 0 0 0 1 1 1 1 1 3 2 2 4 4 4 16 16 12 27 27 19 19 17 12 12 16 34 34 21 21 13 2 2 0
 3 3 1 1 1 0 1 1 0 0 0 0 0 0 0 0 1 1 1 1 1 3 2 2 4 4 4 16 16 12 27 27 19 19 17 12 12 16 34 34 21 21 13 2 2 0
 2 2 0 0 0 0 0 0 0 0 0 1 1 0 0 0 0 0 1 1 1 1 2 2 2 2 3 6 6 8 11 11 16 16 28 25 25 32 26 26 31 31 12 6 6 0
 1 1 0 0 0 1 1 1 1 1 1 1 1 0 0 0 0 0 0 1 1 1 1 1 1 1 2 6 6 11 10 10 15 15 21 36 36 21 30 30 26 26 22 39 39 3
 1 1 0 0 0 1 1 1 1 1 1 1 1 0 0 0 0 0 0 1 1 1 1 1 1 1 2 6 6 11 10 10 15 15 21 36 36 21 30 30 26 26 22 39 39 3
 0 0 0 0 0 1 1 1 1 1 3 0 0 0 0 0 0 0 0 0 0 3 1 1 2 2 1 3 3 4 6 6 10 10 15 24 24 26 24 24 30 30 27 23 23 2
 0 0 0 0 0 1 1 1 1 1 3 0 0 0 0 0 0 0 0 0 0 3 1 1 2 2 1 3 3 4 6 6 10 10 15 24 24 26 24 24 30 30 27 23 23 2
 0 0 0 0 0 0 0 0 0 0 0 0 0 0 0 0 0 0 0 0 0 1 1 1 1 1 2 5 5 2 10 10 11 11 15 16 16 19 23 23 18 18 13 12 12 2
 0 0 0 0 0 0 0 0 0 0 0 0 0 0 0 0 0 0 1 1 1 1 1 1 1 1 2 1 1 1 4 4 9 9 4 4 4 13 8 8 5 5 11 10 10 1
 0 0 0 0 0 0 0 0 0 0 0 0 0 0 0 0 0 0 1 1 1 1 1 1 1 1 2 1 1 1 4 4 9 9 4 4 4 13 8 8 5 5 11 10 10 1
 0 0 0 0 0 0 0 0 0 0 0 0 0 0 0 0 1 1 2 1 1 2 1 1 1 1 1 1 1 2 0 0 3 3 4 3 3 8 2 2 2 2 1 0 0 1
 0 0 0 0 0 0 0 0 0 0 0 0 0 0 0 0 1 1 1 1 1 1 1 1 1 1 0 0 0 0 0 0 0 0 0 2 2 5 1 1 0 0 1 0 0 0
