assets/RAT_results_old/precipitation/2017-06-07_IMERG.asc
ncols        46
nrows        77
xllcorner    74.800261325624
yllcorner    8.058333333333
cellsize     0.062500000000
NODATA_value -9999
 12 12 17 9 9 12 9 9 6 6 4 5 5 4 3 3 4 4 2 1 1 1 1 1 0 0 0 0 0 0 0 0 0 0 2 0 0 1 1 1 0 0 1 1 1 1
 24 24 21 12 12 17 8 8 5 5 3 4 4 2 2 2 2 2 2 4 4 2 1 1 1 1 1 0 0 0 0 0 0 0 2 3 3 7 0 0 0 0 0 0 0 0
 24 24 21 12 12 17 8 8 5 5 3 4 4 2 2 2 2 2 2 4 4 2 1 1 1 1 1 0 0 0 0 0 0 0 2 3 3 7 0 0 0 0 0 0 0 0
 21 21 10 10 10 13 8 8 7 7 4 4 4 2 3 3 3 3 4 2 2 1 0 0 0 0 0 0 0 0 1 1 0 0 0 0 0 5 6 6 0 0 0 15 15 1
 11 11 11 6 6 12 9 9 7 7 11 6 6 3 3 3 5 5 6 2 2 1 0 0 1 1 0 0 0 0 0 0 0 0 0 14 14 0 3 3 1 1 1 0 0 1
 11 11 11 6 6 12 9 9 7 7 11 6 6 3 3 3 5 5 6 2 2 1 0 0 1 1 0 0 0 0 0 0 0 0 0 14 14 0 3 3 1 1 1 0 0 1
 9 9 9 13 13 7 6 6 3 3 5 7 7 7 10 10 6 6 6 3 3 2 1 1 1 1 2 1 1 1 1 1 1 1 0 0 0 0 1 1 1 1 4 3 3 2
 9 9 9 13 13 7 6 6 3 3 5 7 7 7 10 10 6 6 6 3 3 2 1 1 1 1 2 1 1 1 1 1 1 1 0 0 0 0 1 1 1 1 4 3 3 2
 7 7 12 14 14 12 11 11 7 7 5 5 5 9 9 9 5 5 5 4 4 4 2 2 3 3 3 2 2 7 1 1 0 0 4 1 1 1 1 1 2 2 2 4 4 4
 7 7 7 23 23 17 6 6 4 4 1 3 3 4 6 6 4 4 5 3 3 1 1 1 1 1 1 1 1 2 0 0 0 0 0 1 1 0 0 0 1 1 2 1 1 6
 7 7 7 23 23 17 6 6 4 4 1 3 3 4 6 6 4 4 5 3 3 1 1 1 1 1 1 1 1 2 0 0 0 0 0 1 1 0 0 0 1 1 2 1 1 6
 15 15 17 30 30 25 8 8 7 7 3 7 7 4 3 3 3 3 3 2 2 1 1 1 2 2 2 0 0 0 0 0 0 0 0 0 0 0 0 0 0 0 0 1 1 2
 20 20 16 24 24 22 27 27 15 15 7 3 3 3 4 4 3 3 3 4 4 5 2 2 2 2 2 2 2 1 0 0 0 0 0 1 1 0 0 0 0 0 1 3 3 7
 20 20 16 24 24 22 27 27 15 15 7 3 3 3 4 4 3 3 3 4 4 5 2 2 2 2 2 2 2 1 0 0 0 0 0 1 1 0 0 0 0 0 1 3 3 7
 29 29 22 31 31 15 20 20 16 16 14 14 14 10 7 7 5 5 5 7 7 5 4 4 3 3 2 2 2 0 0 0 1 1 1 0 0 0 2 2 2 2 1 1 1 2
 29 29 22 31 31 15 20 20 16 16 14 14 14 10 7 7 5 5 5 7 7 5 4 4 3 3 2 2 2 0 0 0 1 1 1 0 0 0 2 2 2 2 1 1 1 2
 37 37 30 40 40 35 27 27 25 25 26 22 22 16 10 10 10 10 11 13 13 13 12 12 5 5 3 1 1 1 2 2 1 1 1 1 1 1 2 2 3 3 5 3 3 4
 41 41 47 47 47 43 37 37 23 23 29 16 16 18 16 16 15 15 13 12 12 13 12 12 12 12 13 4 4 2 1 1 3 3 2 2 2 2 5 5 5 5 6 4 4 7
 41 41 47 47 47 43 37 37 23 23 29 16 16 18 16 16 15 15 13 12 12 13 12 12 12 12 13 4 4 2 1 1 3 3 2 2 2 2 5 5 5 5 6 4 4 7
 56 56 46 30 30 26 34 34 28 28 24 25 25 21 22 22 15 15 10 13 13 13 15 15 15 15 15 11 11 10 4 4 3 3 2 3 3 7 6 6 8 8 7 4 4 6
 58 58 47 32 32 29 24 24 30 30 23 19 19 19 20 20 17 17 16 21 21 17 17 17 10 10 6 7 7 11 7 7 6 6 4 9 9 4 5 5 3 3 2 4 4 3
 58 58 47 32 32 29 24 24 30 30 23 19 19 19 20 20 17 17 16 21 21 17 17 17 10 10 6 7 7 11 7 7 6 6 4 9 9 4 5 5 3 3 2 4 4 3
 46 46 33 25 25 25 22 22 25 25 25 26 26 25 17 17 18 18 21 23 23 19 18 18 10 10 12 7 7 12 7 7 13 13 9 5 5 4 6 6 4 4 3 3 3 4
 46 46 33 25 25 25 22 22 25 25 25 26 26 25 17 17 18 18 21 23 23 19 18 18 10 10 12 7 7 12 7 7 13 13 9 5 5 4 6 6 4 4 3 3 3 4
 44 44 20 19 19 8 8 8 11 11 22 24 24 29 18 18 17 17 16 18 18 16 12 12 8 8 11 14 14 18 13 13 6 6 5 6 6 4 4 4 4 4 5 4 4 3
 30 30 12 14 14 8 7 7 7 7 10 19 19 31 31 31 13 13 17 14 14 13 8 8 5 5 7 4 4 8 5 5 4 4 3 4 4 3 4 4 3 3 6 3 3 3
 30 30 12 14 14 8 7 7 7 7 10 19 19 31 31 31 13 13 17 14 14 13 8 8 5 5 7 4 4 8 5 5 4 4 3 4 4 3 4 4 3 3 6 3 3 3
 26 26 22 11 11 6 33 33 10 10 11 14 14 16 28 28 18 18 16 21 21 12 6 6 4 4 4 4 4 2 3 3 3 3 3 8 8 3 8 8 7 7 11 6 6 4
 17 17 21 17 17 25 18 18 7 7 8 13 13 16 25 25 19 19 24 21 21 10 8 8 4 4 5 3 3 3 4 4 4 4 7 23 23 3 12 12 13 13 5 13 13 25
 17 17 21 17 17 25 18 18 7 7 8 13 13 16 25 25 19 19 24 21 21 10 8 8 4 4 5 3 3 3 4 4 4 4 7 23 23 3 12 12 13 13 5 13 13 25
 41 41 39 41 41 15 21 21 18 18 8 10 10 16 23 23 21 21 20 21 21 20 13 13 8 8 7 7 7 4 6 6 8 8 10 8 8 10 8 8 10 10 11 8 8 6
 41 41 39 41 41 15 21 21 18 18 8 10 10 16 23 23 21 21 20 21 21 20 13 13 8 8 7 7 7 4 6 6 8 8 10 8 8 10 8 8 10 10 11 8 8 6
 21 21 39 15 15 15 11 11 10 10 6 14 14 18 18 18 18 18 16 13 13 14 14 14 12 12 8 6 6 6 6 6 6 6 6 5 5 5 7 7 8 8 7 7 7 7
 11 11 13 13 13 9 7 7 13 13 7 8 8 11 18 18 11 11 14 20 20 11 13 13 10 10 6 6 6 5 3 3 3 3 4 4 4 4 4 4 4 4 5 4 4 3
 11 11 13 13 13 9 7 7 13 13 7 8 8 11 18 18 11 11 14 20 20 11 13 13 10 10 6 6 6 5 3 3 3 3 4 4 4 4 4 4 4 4 5 4 4 3
 7 7 13 11 11 10 14 14 14 14 7 10 10 9 8 8 14 14 18 16 16 11 6 6 5 5 6 5 5 3 3 3 3 3 3 3 3 4 4 4 9 9 4 4 4 4
 13 13 19 12 12 16 29 29 25 25 18 12 12 10 8 8 20 20 8 13 13 9 6 6 7 7 6 11 11 5 4 4 6 6 4 4 4 5 7 7 9 9 8 7 7 5
 13 13 19 12 12 16 29 29 25 25 18 12 12 10 8 8 20 20 8 13 13 9 6 6 7 7 6 11 11 5 4 4 6 6 4 4 4 5 7 7 9 9 8 7 7 5
 10 10 12 14 14 23 20 20 15 15 16 16 16 6 4 4 16 16 9 17 17 8 9 9 8 8 6 4 4 3 6 6 7 7 10 7 7 8 11 11 11 11 7 8 8 6
 10 10 12 14 14 23 20 20 15 15 16 16 16 6 4 4 16 16 9 17 17 8 9 9 8 8 6 4 4 3 6 6 7 7 10 7 7 8 11 11 11 11 7 8 8 6
 7 7 8 9 9 16 9 9 11 11 27 12 12 17 5 5 18 18 19 10 10 8 7 7 5 5 8 10 10 19 13 13 12 12 11 13 13 15 11 11 12 12 13 8 8 8
 10 10 10 8 8 15 19 19 25 25 34 23 23 15 9 9 15 15 11 11 11 8 16 16 16 16 11 15 15 14 28 28 11 11 17 25 25 14 14 14 14 14 11 10 10 8
 10 10 10 8 8 15 19 19 25 25 34 23 23 15 9 9 15 15 11 11 11 8 16 16 16 16 11 15 15 14 28 28 11 11 17 25 25 14 14 14 14 14 11 10 10 8
 15 15 13 10 10 14 30 30 39 39 36 26 26 25 17 17 7 7 16 12 12 12 23 23 20 20 20 25 25 19 24 24 20 20 21 23 23 18 15 15 13 13 8 6 6 4
 11 11 22 21 21 26 27 27 26 26 26 23 23 22 15 15 11 11 16 10 10 13 16 16 9 9 15 28 28 28 21 21 23 23 28 23 23 19 10 10 10 10 10 7 7 2
 11 11 22 21 21 26 27 27 26 26 26 23 23 22 15 15 11 11 16 10 10 13 16 16 9 9 15 28 28 28 21 21 23 23 28 23 23 19 10 10 10 10 10 7 7 2
 9 9 15 15 15 17 32 32 35 35 22 21 21 13 8 8 13 13 12 10 10 9 5 5 7 7 9 13 13 17 17 17 10 10 20 17 17 11 7 7 6 6 3 1 1 1
 9 9 15 15 15 17 32 32 35 35 22 21 21 13 8 8 13 13 12 10 10 9 5 5 7 7 9 13 13 17 17 17 10 10 20 17 17 11 7 7 6 6 3 1 1 1
 5 5 13 12 12 5 24 24 33 33 17 11 11 5 4 4 12 12 11 10 10 10 9 9 7 7 7 8 8 9 13 13 11 11 8 5 5 3 1 1 3 3 2 2 2 1
 7 7 7 4 4 3 3 3 20 20 21 20 20 12 6 6 5 5 5 9 9 9 5 5 3 3 4 3 3 9 1 1 4 4 2 5 5 2 1 1 2 2 5 1 1 0
 7 7 7 4 4 3 3 3 20 20 21 20 20 12 6 6 5 5 5 9 9 9 5 5 3 3 4 3 3 9 1 1 4 4 2 5 5 2 1 1 2 2 5 1 1 0
 6 6 4 2 2 3 2 2 2 2 11 17 17 15 9 9 10 10 12 12 12 8 5 5 3 3 4 2 2 8 1 1 4 4 2 1 1 1 2 2 4 4 4 1 1 0
 7 7 3 2 2 2 2 2 2 2 4 5 5 7 10 10 16 16 18 15 15 4 5 5 6 6 7 6 6 2 4 4 6 6 3 1 1 1 1 1 3 3 4 3 3 1
 7 7 3 2 2 2 2 2 2 2 4 5 5 7 10 10 16 16 18 15 15 4 5 5 6 6 7 6 6 2 4 4 6 6 3 1 1 1 1 1 3 3 4 3 3 1
 8 8 3 2 2 2 3 3 1 1 2 4 4 6 15 15 20 20 10 8 8 0 5 5 7 7 8 8 8 7 2 2 0 0 3 1 1 0 2 2 1 1 0 1 1 1
 8 8 3 2 2 2 3 3 1 1 2 4 4 6 15 15 20 20 10 8 8 0 5 5 7 7 8 8 8 7 2 2 0 0 3 1 1 0 2 2 1 1 0 1 1 1
 4 4 6 6 6 6 3 3 1 1 1 2 2 4 14 14 17 17 4 2 2 1 6 6 8 8 6 4 4 6 2 2 0 0 0 3 3 2 1 1 1 1 0 1 1 0
 1 1 6 6 6 4 2 2 1 1 3 5 5 5 6 6 4 4 2 0 0 0 10 10 7 7 6 2 2 1 1 1 1 1 1 0 0 0 1 1 1 1 0 1 1 0
 1 1 6 6 6 4 2 2 1 1 3 5 5 5 6 6 4 4 2 0 0 0 10 10 7 7 6 2 2 1 1 1 1 1 1 0 0 0 1 1 1 1 0 1 1 0
 1 1 2 3 3 2 2 2 1 1 7 12 12 4 2 2 1 1 1 0 0 1 10 10 11 11 10 7 7 1 1 1 19 19 14 0 0 0 0 0 0 0 0 0 0 0
 0 0 1 1 1 1 2 2 1 1 7 6 6 3 2 2 1 1 1 1 1 2 1 1 1 1 2 6 6 2 1 1 10 10 10 4 4 5 0 0 0 0 2 1 1 0
 0 0 1 1 1 1 2 2 1 1 7 6 6 3 2 2 1 1 1 1 1 2 1 1 1 1 2 6 6 2 1 1 10 10 10 4 4 5 0 0 0 0 2 1 1 0
 1 1 2 2 2 0 1 1 0 0 3 1 1 2 3 3 2 2 1 1 1 3 2 2 1 1 1 1 1 1 2 2 7 7 1 0 0 4 5 5 5 5 4 1 1 0
 1 1 2 2 2 0 1 1 0 0 3 1 1 2 3 3 2 2 1 1 1 3 2 2 1 1 1 1 1 1 2 2 7 7 1 0 0 4 5 5 5 5 4 1 1 0
 0 0 2 2 2 0 0 0 0 0 0 1 1 1 4 4 4 4 4 2 2 8 5 5 1 1 1 1 1 1 2 2 2 2 1 1 1 3 5 5 4 4 10 5 5 1
 0 0 1 1 1 1 0 0 0 0 0 0 0 1 1 1 9 9 14 15 15 12 8 8 2 2 2 2 2 3 6 6 11 11 2 1 1 1 2 2 6 6 2 1 1 1
 0 0 1 1 1 1 0 0 0 0 0 0 0 1 1 1 9 9 14 15 15 12 8 8 2 2 2 2 2 3 6 6 11 11 2 1 1 1 2 2 6 6 2 1 1 1
 0 0 1 1 1 1 0 0 0 0 0 0 0 0 1 1 4 4 8 7 7 9 10 10 8 8 7 5 5 2 3 3 3 3 2 1 1 1 3 3 5 5 1 1 1 1
 0 0 1 1 1 0 1 1 0 0 1 0 0 0 1 1 3 3 4 5 5 5 6 6 6 6 3 2 2 1 2 2 1 1 2 1 1 1 1 1 5 5 8 1 1 1
 0 0 1 1 1 0 1 1 0 0 1 0 0 0 1 1 3 3 4 5 5 5 6 6 6 6 3 2 2 1 2 2 1 1 2 1 1 1 1 1 5 5 8 1 1 1
 1 1 0 1 1 2 1 1 1 1 1 1 1 1 1 1 4 4 8 9 9 6 2 2 2 2 2 2 2 1 1 1 1 1 1 1 1 1 1 1 6 6 7 1 1 1
 1 1 0 1 1 2 1 1 1 1 1 1 1 1 1 1 4 4 8 9 9 6 2 2 2 2 2 2 2 1 1 1 1 1 1 1 1 1 1 1 6 6 7 1 1 1
 0 0 0 0 0 1 2 2 3 3 2 1 1 1 1 1 3 3 7 4 4 3 1 1 1 1 1 1 1 1 0 0 0 0 1 1 1 1 0 0 5 5 1 3 3 0
 1 1 1 0 0 1 1 1 1 1 1 1 1 1 1 1 1 1 2 1 1 1 2 2 1 1 1 0 0 0 0 0 0 0 0 0 0 1 0 0 1 1 0 0 0 0
 1 1 1 0 0 1 1 1 1 1 1 1 1 1 1 1 1 1 2 1 1 1 2 2 1 1 1 0 0 0 0 0 0 0 0 0 0 1 0 0 1 1 0 0 0 0
 1 1 0 0 0 0 0 0 0 0 1 1 1 1 1 1 1 1 1 1 1 3 4 4 0 0 0 0 0 0 0 0 0 0 0 0 0 0 0 0 5 5 2 0 0 0
 0 0 0 1 1 2 1 1 0 0 1 0 0 1 1 1 1 1 1 1 1 2 1 1 1 1 2 0 0 0 0 0 0 0 0 0 0 0 0 0 0 0 0 0 0 0
