assets/RAT_results_old/precipitation/2017-06-06_IMERG.asc
ncols        46
nrows        77
xllcorner    74.800261325624
yllcorner    8.058333333333
cellsize     0.062500000000
NODATA_value -9999
 27 27 26 22 22 18 20 20 12 12 8 9 9 5 3 3 3 3 8 3 3 1 1 1 1 1 1 0 0 1 1 1 1 1 2 15 15 5 4 4 2 2 2 2 2 2
 28 28 28 19 19 15 17 17 11 11 13 17 17 5 2 2 8 8 2 2 2 1 1 1 1 1 1 1 1 0 1 1 1 1 2 4 4 3 3 3 11 11 4 2 2 2
 28 28 28 19 19 15 17 17 11 11 13 17 17 5 2 2 8 8 2 2 2 1 1 1 1 1 1 1 1 0 1 1 1 1 2 4 4 3 3 3 11 11 4 2 2 2
 16 16 16 24 24 9 17 17 6 6 8 4 4 15 3 3 2 2 2 1 1 1 1 1 1 1 2 1 1 0 1 1 0 0 7 1 1 1 1 1 1 1 1 2 2 3
 9 9 13 17 17 10 10 10 6 6 11 14 14 7 6 6 2 2 2 1 1 0 0 0 1 1 0 0 0 0 0 0 0 0 1 1 1 1 1 1 1 1 1 1 1 2
 9 9 13 17 17 10 10 10 6 6 11 14 14 7 6 6 2 2 2 1 1 0 0 0 1 1 0 0 0 0 0 0 0 0 1 1 1 1 1 1 1 1 1 1 1 2
 18 18 6 8 8 8 5 5 7 7 6 12 12 4 4 4 2 2 2 1 1 0 1 1 1 1 0 0 0 0 0 0 1 1 1 0 0 1 2 2 1 1 1 1 1 1
 18 18 6 8 8 8 5 5 7 7 6 12 12 4 4 4 2 2 2 1 1 0 1 1 1 1 0 0 0 0 0 0 1 1 1 0 0 1 2 2 1 1 1 1 1 1
 16 16 8 16 16 5 5 5 2 2 1 3 3 4 3 3 3 3 2 0 0 1 1 1 1 1 1 0 0 0 0 0 0 0 1 1 1 1 2 2 1 1 1 1 1 1
 7 7 11 13 13 6 2 2 1 1 2 2 2 2 2 2 5 5 5 2 2 2 2 2 1 1 1 0 0 0 1 1 1 1 1 1 1 3 3 3 4 4 6 1 1 1
 7 7 11 13 13 6 2 2 1 1 2 2 2 2 2 2 5 5 5 2 2 2 2 2 1 1 1 0 0 0 1 1 1 1 1 1 1 3 3 3 4 4 6 1 1 1
 6 6 6 7 7 6 3 3 5 5 5 5 5 4 3 3 12 12 11 2 2 4 2 2 2 2 1 1 1 1 1 1 1 1 1 1 1 1 3 3 2 2 1 2 2 1
 30 30 11 8 8 6 7 7 2 2 6 5 5 7 1 1 3 3 5 6 6 2 2 2 2 2 3 2 2 2 2 2 2 2 2 2 2 2 2 2 2 2 2 2 2 2
 30 30 11 8 8 6 7 7 2 2 6 5 5 7 1 1 3 3 5 6 6 2 2 2 2 2 3 2 2 2 2 2 2 2 2 2 2 2 2 2 2 2 2 2 2 2
 6 6 2 5 5 5 5 5 9 9 9 9 9 7 2 2 1 1 1 3 3 2 2 2 2 2 3 2 2 2 2 2 2 2 2 2 2 2 2 2 2 2 2 2 2 1
 6 6 2 5 5 5 5 5 9 9 9 9 9 7 2 2 1 1 1 3 3 2 2 2 2 2 3 2 2 2 2 2 2 2 2 2 2 2 2 2 2 2 2 2 2 1
 20 20 5 6 6 8 12 12 17 17 19 16 16 7 4 4 4 4 4 5 5 4 2 2 2 2 2 2 2 1 2 2 2 2 2 2 2 2 2 2 2 2 2 1 1 1
 14 14 6 7 7 8 11 11 13 13 13 13 13 12 10 10 8 8 5 8 8 14 9 9 4 4 3 2 2 1 1 1 1 1 1 2 2 2 2 2 2 2 7 6 6 3
 14 14 6 7 7 8 11 11 13 13 13 13 13 12 10 10 8 8 5 8 8 14 9 9 4 4 3 2 2 1 1 1 1 1 1 2 2 2 2 2 2 2 7 6 6 3
 18 18 25 24 24 9 22 22 8 8 5 9 9 10 11 11 15 15 12 14 14 9 5 5 2 2 2 2 2 1 1 1 1 1 1 2 2 3 3 3 2 2 12 5 5 3
 48 48 41 28 28 28 34 34 17 17 6 16 16 25 15 15 26 26 23 11 11 10 8 8 2 2 2 2 2 3 2 2 2 2 2 3 3 3 4 4 3 3 5 8 8 8
 48 48 41 28 28 28 34 34 17 17 6 16 16 25 15 15 26 26 23 11 11 10 8 8 2 2 2 2 2 3 2 2 2 2 2 3 3 3 4 4 3 3 5 8 8 8
 51 51 50 50 50 62 49 49 23 23 6 7 7 12 11 11 20 20 11 12 12 6 1 1 2 2 2 3 3 3 4 4 2 2 2 2 2 3 3 3 6 6 5 6 6 4
 51 51 50 50 50 62 49 49 23 23 6 7 7 12 11 11 20 20 11 12 12 6 1 1 2 2 2 3 3 3 4 4 2 2 2 2 2 3 3 3 6 6 5 6 6 4
 48 48 37 46 46 59 35 35 24 24 10 13 13 16 13 13 11 11 14 11 11 5 1 1 1 1 1 4 4 3 5 5 3 3 3 3 3 2 3 3 2 2 2 3 3 1
 43 43 40 41 41 46 38 38 36 36 31 19 19 13 11 11 9 9 5 6 6 7 3 3 5 5 4 4 4 6 8 8 5 5 5 3 3 11 1 1 2 2 1 1 1 1
 43 43 40 41 41 46 38 38 36 36 31 19 19 13 11 11 9 9 5 6 6 7 3 3 5 5 4 4 4 6 8 8 5 5 5 3 3 11 1 1 2 2 1 1 1 1
 71 71 45 44 44 46 38 38 35 35 29 24 24 22 15 15 12 12 8 5 5 12 3 3 2 2 11 4 4 2 1 1 2 2 7 4 4 1 1 1 1 1 2 1 1 1
 45 45 51 45 45 43 36 36 45 45 25 31 31 28 16 16 12 12 9 5 5 5 7 7 3 3 5 3 3 1 2 2 2 2 2 2 2 1 1 1 1 1 2 1 1 1
 45 45 51 45 45 43 36 36 45 45 25 31 31 28 16 16 12 12 9 5 5 5 7 7 3 3 5 3 3 1 2 2 2 2 2 2 2 1 1 1 1 1 2 1 1 1
 47 47 45 42 42 40 41 41 34 34 22 27 27 31 24 24 24 24 19 18 18 7 7 7 7 7 4 4 4 4 1 1 1 1 1 2 2 1 1 1 1 1 2 1 1 1
 47 47 45 42 42 40 41 41 34 34 22 27 27 31 24 24 24 24 19 18 18 7 7 7 7 7 4 4 4 4 1 1 1 1 1 2 2 1 1 1 1 1 2 1 1 1
 41 41 40 48 48 42 51 51 40 40 35 54 54 42 40 40 33 33 26 18 18 9 10 10 4 4 5 7 7 5 1 1 1 1 1 1 1 1 3 3 1 1 1 1 1 1
 34 34 50 51 51 48 35 35 32 32 56 41 41 46 44 44 35 35 30 28 28 13 12 12 4 4 6 5 5 7 3 3 1 1 1 1 1 1 1 1 1 1 1 3 3 1
 34 34 50 51 51 48 35 35 32 32 56 41 41 46 44 44 35 35 30 28 28 13 12 12 4 4 6 5 5 7 3 3 1 1 1 1 1 1 1 1 1 1 1 3 3 1
 24 24 27 33 33 37 23 23 53 53 47 36 36 37 33 33 36 36 31 30 30 19 10 10 13 13 7 1 1 1 2 2 0 0 0 1 1 1 1 1 1 1 2 1 1 1
 22 22 21 17 17 27 27 27 32 32 31 35 35 46 36 36 44 44 46 51 51 22 11 11 9 9 3 3 3 5 3 3 2 2 1 1 1 2 9 9 4 4 3 1 1 1
 22 22 21 17 17 27 27 27 32 32 31 35 35 46 36 36 44 44 46 51 51 22 11 11 9 9 3 3 3 5 3 3 2 2 1 1 1 2 9 9 4 4 3 1 1 1
 19 19 21 12 12 19 18 18 14 14 16 32 32 46 25 25 57 57 40 45 45 40 16 16 6 6 6 6 6 5 8 8 5 5 2 5 5 5 4 4 2 2 1 1 1 1
 19 19 21 12 12 19 18 18 14 14 16 32 32 46 25 25 57 57 40 45 45 40 16 16 6 6 6 6 6 5 8 8 5 5 2 5 5 5 4 4 2 2 1 1 1 1
 14 14 13 15 15 11 13 13 13 13 11 15 15 25 18 18 21 21 67 52 52 15 21 21 10 10 5 10 10 6 13 13 16 16 4 4 4 7 3 3 7 7 8 4 4 4
 13 13 13 13 13 11 12 12 9 9 3 6 6 5 9 9 10 10 25 16 16 19 47 47 14 14 8 13 13 10 31 31 15 15 3 2 2 3 2 2 3 3 11 5 5 7
 13 13 13 13 13 11 12 12 9 9 3 6 6 5 9 9 10 10 25 16 16 19 47 47 14 14 8 13 13 10 31 31 15 15 3 2 2 3 2 2 3 3 11 5 5 7
 9 9 14 12 12 9 9 9 3 3 3 4 4 4 8 8 18 18 7 12 12 8 10 10 9 9 14 26 26 17 9 9 11 11 10 2 2 3 3 3 5 5 5 2 2 2
 9 9 12 12 12 11 11 11 10 10 2 2 2 4 3 3 19 19 4 6 6 7 17 17 22 22 16 17 17 16 5 5 3 3 4 1 1 1 2 2 3 3 2 2 2 2
 9 9 12 12 12 11 11 11 10 10 2 2 2 4 3 3 19 19 4 6 6 7 17 17 22 22 16 17 17 16 5 5 3 3 4 1 1 1 2 2 3 3 2 2 2 2
 9 9 14 12 12 11 11 11 16 16 4 5 5 7 6 6 4 4 5 4 4 23 20 20 13 13 15 13 13 13 15 15 1 1 1 6 6 4 3 3 2 2 1 2 2 2
 9 9 14 12 12 11 11 11 16 16 4 5 5 7 6 6 4 4 5 4 4 23 20 20 13 13 15 13 13 13 15 15 1 1 1 6 6 4 3 3 2 2 1 2 2 2
 12 12 19 19 19 20 16 16 20 20 9 8 8 9 6 6 7 7 10 5 5 22 21 21 12 12 12 12 12 13 13 13 1 1 3 2 2 1 1 1 2 2 2 1 1 2
 12 12 19 20 20 15 19 19 20 20 14 12 12 14 11 11 11 11 11 6 6 19 11 11 12 12 11 14 14 9 11 11 8 8 5 1 1 1 1 1 2 2 1 1 1 1
 12 12 19 20 20 15 19 19 20 20 14 12 12 14 11 11 11 11 11 6 6 19 11 11 12 12 11 14 14 9 11 11 8 8 5 1 1 1 1 1 2 2 1 1 1 1
 10 10 9 18 18 18 21 21 20 20 24 12 12 12 12 12 14 14 9 7 7 18 11 11 12 12 10 12 12 6 6 6 13 13 13 4 4 2 1 1 1 1 1 1 1 1
 8 8 7 15 15 15 27 27 22 22 25 14 14 12 18 18 9 9 6 4 4 6 19 19 20 20 12 15 15 8 11 11 11 11 8 4 4 1 1 1 2 2 1 0 0 0
 8 8 7 15 15 15 27 27 22 22 25 14 14 12 18 18 9 9 6 4 4 6 19 19 20 20 12 15 15 8 11 11 11 11 8 4 4 1 1 1 2 2 1 0 0 0
 12 12 13 19 19 21 29 29 22 22 25 23 23 19 25 25 17 17 12 87 87 87 108 108 24 24 14 6 6 6 8 8 12 12 7 3 3 1 1 1 1 1 1 0 0 0
 12 12 13 19 19 21 29 29 22 22 25 23 23 19 25 25 17 17 12 87 87 87 108 108 24 24 14 6 6 6 8 8 12 12 7 3 3 1 1 1 1 1 1 0 0 0
 16 16 16 17 17 20 32 32 30 30 25 23 23 14 16 16 18 18 13 89 89 91 111 111 22 22 18 6 6 7 6 6 6 6 4 6 6 3 2 2 4 4 0 4 4 5
 14 14 17 21 21 30 25 25 32 32 25 21 21 19 18 18 26 26 17 13 13 11 13 13 13 13 21 4 4 9 4 4 2 2 4 4 4 1 2 2 1 1 4 5 5 1
 14 14 17 21 21 30 25 25 32 32 25 21 21 19 18 18 26 26 17 13 13 11 13 13 13 13 21 4 4 9 4 4 2 2 4 4 4 1 2 2 1 1 4 5 5 1
 13 13 24 18 18 37 32 32 46 46 29 23 23 15 17 17 11 11 7 4 4 8 11 11 11 11 8 7 7 5 3 3 2 2 30 1 1 0 0 0 0 0 6 2 2 2
 17 17 24 28 28 45 40 40 44 44 36 20 20 16 8 8 10 10 6 7 7 5 6 6 16 16 7 7 7 7 4 4 1 1 1 0 0 0 0 0 0 0 1 1 1 0
 17 17 24 28 28 45 40 40 44 44 36 20 20 16 8 8 10 10 6 7 7 5 6 6 16 16 7 7 7 7 4 4 1 1 1 0 0 0 0 0 0 0 1 1 1 0
 24 24 32 32 32 49 50 50 47 47 50 21 21 26 13 13 16 16 5 8 8 6 6 6 20 20 11 9 9 9 10 10 4 4 3 1 1 2 4 4 1 1 6 0 0 0
 24 24 32 32 32 49 50 50 47 47 50 21 21 26 13 13 16 16 5 8 8 6 6 6 20 20 11 9 9 9 10 10 4 4 3 1 1 2 4 4 1 1 6 0 0 0
 13 13 19 34 34 35 48 48 45 45 47 25 25 25 14 14 12 12 10 8 8 6 5 5 5 5 13 17 17 15 13 13 6 6 4 3 3 7 2 2 2 2 1 0 0 0
 14 14 22 30 30 29 39 39 45 45 43 34 34 28 17 17 13 13 10 9 9 7 7 7 4 4 7 9 9 14 13 13 1 1 1 4 4 5 1 1 1 1 0 0 0 0
 14 14 22 30 30 29 39 39 45 45 43 34 34 28 17 17 13 13 10 9 9 7 7 7 4 4 7 9 9 14 13 13 1 1 1 4 4 5 1 1 1 1 0 0 0 0
 18 18 20 25 25 26 38 38 35 35 35 31 31 23 18 18 13 13 9 8 8 12 3 3 3 3 1 2 2 5 12 12 20 20 2 1 1 0 1 1 0 0 1 2 2 0
 29 29 27 29 29 25 33 33 30 30 33 28 28 21 19 19 11 11 10 7 7 6 4 4 2 2 1 2 2 3 5 5 25 25 2 1 1 5 0 0 2 2 2 0 0 1
 29 29 27 29 29 25 33 33 30 30 33 28 28 21 19 19 11 11 10 7 7 6 4 4 2 2 1 2 2 3 5 5 25 25 2 1 1 5 0 0 2 2 2 0 0 1
 32 32 25 24 24 22 26 26 25 25 29 24 24 20 17 17 16 16 8 6 6 4 7 7 2 2 1 1 1 1 4 4 3 3 2 2 2 1 1 1 2 2 1 1 1 2
 32 32 25 24 24 22 26 26 25 25 29 24 24 20 17 17 16 16 8 6 6 4 7 7 2 2 1 1 1 1 4 4 3 3 2 2 2 1 1 1 2 2 1 1 1 2
 25 25 22 19 19 19 23 23 18 18 23 17 17 19 14 14 11 11 13 7 7 5 4 4 3 3 23 1 1 1 4 4 4 4 2 3 3 1 1 1 0 0 1 1 1 0
 14 14 15 13 13 13 12 12 15 15 17 14 14 18 20 20 11 11 7 6 6 4 3 3 3 3 3 2 2 2 4 4 8 8 4 5 5 3 4 4 1 1 0 0 0 0
 14 14 15 13 13 13 12 12 15 15 17 14 14 18 20 20 11 11 7 6 6 4 3 3 3 3 3 2 2 2 4 4 8 8 4 5 5 3 4 4 1 1 0 0 0 0
 14 14 13 10 10 11 11 11 15 15 10 12 12 11 14 14 13 13 10 7 7 4 5 5 6 6 8 7 7 10 40 40 17 17 6 6 6 16 6 6 15 15 3 1 1 0
 12 12 10 9 9 10 8 8 9 9 8 11 11 12 11 11 11 11 7 16 16 7 7 7 7 7 7 11 11 12 8 8 44 44 32 18 18 16 1 1 10 10 5 0 0 1
