assets/RAT_results_old/precipitation/2017-10-04_IMERG.asc
ncols        46
nrows        77
xllcorner    74.800261325624
yllcorner    8.058333333333
cellsize     0.062500000000
NODATA_value -9999
 2 2 4 2 2 3 3 3 8 8 6 16 16 6 8 8 3 3 3 2 2 6 17 17 15 15 22 37 37 44 27 27 22 22 26 26 26 26 26 26 15 15 19 14 14 40
 2 2 2 1 1 1 1 1 1 1 1 7 7 5 7 7 1 1 2 6 6 7 7 7 12 12 16 25 25 17 39 39 27 27 33 38 38 26 34 34 29 29 19 26 26 31
 2 2 2 1 1 1 1 1 1 1 1 7 7 5 7 7 1 1 2 6 6 7 7 7 12 12 16 25 25 17 39 39 27 27 33 38 38 26 34 34 29 29 19 26 26 31
 1 1 1 1 1 1 1 1 1 1 1 0 0 2 3 3 2 2 6 5 5 5 6 6 8 8 11 20 20 15 17 17 21 21 29 33 33 33 27 27 29 29 36 34 34 28
 1 1 1 2 2 2 1 1 1 1 1 1 1 1 4 4 5 5 3 3 3 5 6 6 7 7 15 24 24 16 14 14 20 20 26 22 22 28 21 21 41 41 44 43 43 24
 1 1 1 2 2 2 1 1 1 1 1 1 1 1 4 4 5 5 3 3 3 5 6 6 7 7 15 24 24 16 14 14 20 20 26 22 22 28 21 21 41 41 44 43 43 24
 1 1 1 2 2 2 2 2 1 1 1 3 3 3 5 5 3 3 5 3 3 5 9 9 15 15 16 25 25 22 21 21 16 16 26 26 26 30 45 45 38 38 47 22 22 25
 1 1 1 2 2 2 2 2 1 1 1 3 3 3 5 5 3 3 5 3 3 5 9 9 15 15 16 25 25 22 21 21 16 16 26 26 26 30 45 45 38 38 47 22 22 25
 1 1 1 2 2 4 2 2 3 3 2 3 3 4 2 2 2 2 3 3 3 6 11 11 11 11 18 27 27 27 24 24 32 32 48 50 50 51 42 42 26 26 34 20 20 21
 1 1 1 2 2 2 4 4 3 3 3 3 3 3 3 3 4 4 4 5 5 4 6 6 7 7 15 40 40 39 26 26 31 31 42 55 55 55 55 55 41 41 28 29 29 17
 1 1 1 2 2 2 4 4 3 3 3 3 3 3 3 3 4 4 4 5 5 4 6 6 7 7 15 40 40 39 26 26 31 31 42 55 55 55 55 55 41 41 28 29 29 17
 1 1 2 2 2 4 4 4 3 3 4 4 4 4 5 5 5 5 4 4 4 4 6 6 8 8 14 33 33 69 72 72 51 51 31 42 42 61 56 56 44 44 35 38 38 24
 2 2 2 2 2 4 4 4 7 7 4 5 5 4 6 6 7 7 5 5 5 8 8 8 9 9 15 16 16 76 92 92 85 85 45 39 39 56 50 50 45 45 35 55 55 33
 2 2 2 2 2 4 4 4 7 7 4 5 5 4 6 6 7 7 5 5 5 8 8 8 9 9 15 16 16 76 92 92 85 85 45 39 39 56 50 50 45 45 35 55 55 33
 1 1 2 2 2 2 5 5 5 5 5 5 5 5 5 5 6 6 7 9 9 10 9 9 17 17 15 10 10 31 37 37 72 72 36 34 34 42 37 37 39 39 33 39 39 27
 1 1 2 2 2 2 5 5 5 5 5 5 5 5 5 5 6 6 7 9 9 10 9 9 17 17 15 10 10 31 37 37 72 72 36 34 34 42 37 37 39 39 33 39 39 27
 2 2 2 2 2 2 2 2 5 5 6 10 10 6 6 6 6 6 7 10 10 10 10 10 13 13 11 10 10 10 10 10 27 27 19 26 26 32 30 30 31 31 31 32 32 27
 1 1 2 2 2 2 2 2 3 3 6 7 7 7 6 6 6 6 8 8 8 9 10 10 9 9 9 9 9 9 9 9 10 10 11 15 15 20 19 19 30 30 30 53 53 46
 1 1 2 2 2 2 2 2 3 3 6 7 7 7 6 6 6 6 8 8 8 9 10 10 9 9 9 9 9 9 9 9 10 10 11 15 15 20 19 19 30 30 30 53 53 46
 1 1 1 2 2 2 2 2 3 3 3 7 7 7 7 7 6 6 7 9 9 10 9 9 9 9 8 8 8 8 8 8 8 8 9 9 9 13 13 13 22 22 26 52 52 50
 1 1 1 2 2 2 2 2 2 2 3 7 7 7 8 8 8 8 7 12 12 11 11 11 10 10 10 10 10 9 9 9 9 9 11 11 11 12 10 10 14 14 25 34 34 80
 1 1 1 2 2 2 2 2 2 2 3 7 7 7 8 8 8 8 7 12 12 11 11 11 10 10 10 10 10 9 9 9 9 9 11 11 11 12 10 10 14 14 25 34 34 80
 1 1 1 1 1 2 2 2 2 2 3 3 3 7 8 8 9 9 10 9 9 13 13 13 12 12 13 15 15 13 14 14 12 12 16 14 14 16 11 11 13 13 20 21 21 49
 1 1 1 1 1 2 2 2 2 2 3 3 3 7 8 8 9 9 10 9 9 13 13 13 12 12 13 15 15 13 14 14 12 12 16 14 14 16 11 11 13 13 20 21 21 49
 1 1 1 1 1 2 2 2 2 2 2 3 3 6 9 9 8 8 8 10 10 9 13 13 14 14 15 14 14 16 15 15 15 15 17 15 15 15 11 11 11 11 16 31 31 76
 1 1 1 1 1 1 2 2 2 2 2 3 3 3 7 7 17 17 8 8 8 8 10 10 11 11 13 15 15 17 15 15 15 15 14 13 13 14 11 11 11 11 11 17 17 44
 1 1 1 1 1 1 2 2 2 2 2 3 3 3 7 7 17 17 8 8 8 8 10 10 11 11 13 15 15 17 15 15 15 15 14 13 13 14 11 11 11 11 11 17 17 44
 1 1 1 1 1 1 2 2 2 2 2 3 3 3 3 3 8 8 8 7 7 7 8 8 8 8 9 12 12 14 9 9 9 9 12 11 11 12 12 12 11 11 10 9 9 9
 1 1 1 1 1 1 1 1 2 2 2 2 2 2 2 2 6 6 9 12 12 7 8 8 8 8 8 8 8 9 7 7 8 8 9 7 7 10 10 10 5 5 10 7 7 7
 1 1 1 1 1 1 1 1 2 2 2 2 2 2 2 2 6 6 9 12 12 7 8 8 8 8 8 8 8 9 7 7 8 8 9 7 7 10 10 10 5 5 10 7 7 7
 1 1 1 1 1 1 1 1 1 1 1 1 1 2 2 2 5 5 7 6 6 7 7 7 7 7 7 7 7 6 6 6 6 6 6 6 6 5 4 4 3 3 6 5 5 4
 1 1 1 1 1 1 1 1 1 1 1 1 1 2 2 2 5 5 7 6 6 7 7 7 7 7 7 7 7 6 6 6 6 6 6 6 6 5 4 4 3 3 6 5 5 4
 1 1 1 0 0 0 1 1 1 1 1 1 1 2 2 2 5 5 5 5 5 6 7 7 6 6 5 5 5 5 4 4 4 4 4 3 3 3 3 3 1 1 1 0 0 0
 1 1 0 0 0 0 0 0 1 1 1 1 1 1 1 1 1 1 4 6 6 5 5 5 4 4 4 3 3 3 3 3 2 2 1 2 2 1 1 1 1 1 0 0 0 0
 1 1 0 0 0 0 0 0 1 1 1 1 1 1 1 1 1 1 4 6 6 5 5 5 4 4 4 3 3 3 3 3 2 2 1 2 2 1 1 1 1 1 0 0 0 0
 1 1 1 0 0 0 1 1 1 1 0 1 1 1 1 1 1 1 2 4 4 4 4 4 5 5 2 2 2 1 1 1 1 1 1 1 1 1 0 0 1 1 1 1 1 1
 1 1 1 0 0 0 0 0 0 0 0 0 0 0 0 0 1 1 1 1 1 3 4 4 4 4 2 3 3 2 1 1 1 1 0 0 0 1 1 1 0 0 0 0 0 1
 1 1 1 0 0 0 0 0 0 0 0 0 0 0 0 0 1 1 1 1 1 3 4 4 4 4 2 3 3 2 1 1 1 1 0 0 0 1 1 1 0 0 0 0 0 1
 0 0 0 0 0 0 0 0 0 0 0 0 0 0 0 0 1 1 1 2 2 2 4 4 2 2 2 2 2 2 1 1 1 1 0 0 0 1 1 1 0 0 0 1 1 1
 0 0 0 0 0 0 0 0 0 0 0 0 0 0 0 0 1 1 1 2 2 2 4 4 2 2 2 2 2 2 1 1 1 1 0 0 0 1 1 1 0 0 0 1 1 1
 0 0 0 0 0 0 1 1 0 0 2 1 1 1 1 1 1 1 1 3 3 2 4 4 4 4 3 2 2 1 1 1 1 1 2 2 2 3 1 1 1 1 1 1 1 3
 0 0 0 0 0 0 1 1 1 1 1 1 1 1 1 1 1 1 2 3 3 4 3 3 3 3 2 1 1 1 2 2 2 2 3 3 3 5 4 4 3 3 4 7 7 5
 0 0 0 0 0 0 1 1 1 1 1 1 1 1 1 1 1 1 2 3 3 4 3 3 3 3 2 1 1 1 2 2 2 2 3 3 3 5 4 4 3 3 4 7 7 5
 1 1 1 0 0 0 1 1 0 0 1 0 0 1 1 1 1 1 1 2 2 3 3 3 3 3 2 2 2 2 4 4 2 2 4 5 5 10 11 11 10 10 8 8 8 8
 1 1 2 0 0 1 0 0 0 0 0 1 1 1 1 1 1 1 1 3 3 3 3 3 4 4 2 2 2 4 3 3 4 4 13 7 7 7 10 10 9 9 9 8 8 11
 1 1 2 0 0 1 0 0 0 0 0 1 1 1 1 1 1 1 1 3 3 3 3 3 4 4 2 2 2 4 3 3 4 4 13 7 7 7 10 10 9 9 9 8 8 11
 0 0 1 1 1 0 0 0 0 0 0 0 0 0 0 0 0 0 0 3 3 3 2 2 6 6 4 3 3 2 6 6 4 4 15 7 7 7 6 6 7 7 13 15 15 21
 0 0 1 1 1 0 0 0 0 0 0 0 0 0 0 0 0 0 0 3 3 3 2 2 6 6 4 3 3 2 6 6 4 4 15 7 7 7 6 6 7 7 13 15 15 21
 1 1 0 0 0 0 0 0 0 0 0 0 0 1 0 0 0 0 0 4 4 3 3 3 6 6 6 4 4 4 5 5 5 5 5 11 11 12 10 10 12 12 20 14 14 20
 0 0 1 0 0 0 0 0 0 0 0 0 0 0 0 0 1 1 1 1 1 4 4 4 5 5 4 3 3 4 5 5 7 7 10 11 11 11 9 9 14 14 17 30 30 35
 0 0 1 0 0 0 0 0 0 0 0 0 0 0 0 0 1 1 1 1 1 4 4 4 5 5 4 3 3 4 5 5 7 7 10 11 11 11 9 9 14 14 17 30 30 35
 0 0 0 0 0 1 0 0 0 0 0 0 0 0 0 0 1 1 1 1 1 3 3 3 4 4 5 3 3 4 8 8 6 6 11 11 11 12 12 12 20 20 17 20 20 32
 1 1 1 0 0 1 0 0 1 1 0 1 1 0 0 0 0 0 0 0 0 2 2 2 4 4 2 3 3 2 2 2 5 5 8 11 11 13 8 8 13 13 14 23 23 29
 1 1 1 0 0 1 0 0 1 1 0 1 1 0 0 0 0 0 0 0 0 2 2 2 4 4 2 3 3 2 2 2 5 5 8 11 11 13 8 8 13 13 14 23 23 29
 1 1 1 0 0 0 0 0 0 0 0 0 0 0 0 0 0 0 0 0 0 1 0 0 1 1 3 2 2 2 1 1 1 1 3 5 5 12 14 14 7 7 3 8 8 14
 1 1 1 0 0 0 0 0 0 0 0 0 0 0 0 0 0 0 0 0 0 1 0 0 1 1 3 2 2 2 1 1 1 1 3 5 5 12 14 14 7 7 3 8 8 14
 0 0 0 0 0 1 0 0 0 0 0 0 0 0 0 0 0 0 0 0 0 0 0 0 1 1 4 2 2 1 1 1 1 1 1 2 2 6 8 8 4 4 2 3 3 2
 0 0 0 0 0 0 1 1 0 0 0 0 0 0 0 0 0 0 1 0 0 1 0 0 0 0 2 2 2 1 2 2 3 3 3 2 2 6 11 11 5 5 2 2 2 2
 0 0 0 0 0 0 1 1 0 0 0 0 0 0 0 0 0 0 1 0 0 1 0 0 0 0 2 2 2 1 2 2 3 3 3 2 2 6 11 11 5 5 2 2 2 2
 0 0 0 0 0 0 1 1 0 0 0 0 0 0 0 0 0 0 1 0 0 0 0 0 0 0 1 1 1 1 2 2 1 1 1 4 4 13 13 13 5 5 1 0 0 0
 1 1 1 0 0 0 0 0 1 1 1 0 0 0 0 0 0 0 1 0 0 0 0 0 0 0 0 2 2 3 1 1 1 1 2 1 1 1 2 2 0 0 2 0 0 0
 1 1 1 0 0 0 0 0 1 1 1 0 0 0 0 0 0 0 1 0 0 0 0 0 0 0 0 2 2 3 1 1 1 1 2 1 1 1 2 2 0 0 2 0 0 0
 0 0 0 0 0 1 0 0 1 1 0 0 0 0 0 0 1 1 1 1 1 0 0 0 0 0 0 1 1 2 1 1 2 2 3 3 3 1 1 1 1 1 0 0 0 0
 0 0 0 0 0 1 0 0 1 1 0 0 0 0 0 0 1 1 1 1 1 0 0 0 0 0 0 1 1 2 1 1 2 2 3 3 3 1 1 1 1 1 0 0 0 0
 0 0 0 1 1 0 1 1 1 1 0 0 0 0 1 1 1 1 1 1 1 1 1 1 0 0 0 0 0 1 3 3 2 2 1 1 1 4 2 2 4 4 1 1 1 0
 0 0 1 0 0 1 1 1 1 1 0 1 1 1 0 0 2 2 2 2 2 2 1 1 1 1 1 0 0 2 1 1 1 1 1 1 1 1 1 1 0 0 1 1 1 1
 0 0 1 0 0 1 1 1 1 1 0 1 1 1 0 0 2 2 2 2 2 2 1 1 1 1 1 0 0 2 1 1 1 1 1 1 1 1 1 1 0 0 1 1 1 1
 0 0 0 1 1 1 2 2 2 2 1 1 1 3 1 1 4 4 2 5 5 4 2 2 1 1 1 0 0 0 1 1 2 2 1 1 1 1 1 1 1 1 0 0 0 0
 0 0 0 0 0 0 1 1 2 2 1 2 2 2 1 1 5 5 3 6 6 9 7 7 2 2 1 0 0 0 0 0 1 1 1 1 1 1 1 1 1 1 6 1 1 1
 0 0 0 0 0 0 1 1 2 2 1 2 2 2 1 1 5 5 3 6 6 9 7 7 2 2 1 0 0 0 0 0 1 1 1 1 1 1 1 1 1 1 6 1 1 1
 0 0 0 0 0 3 3 3 3 3 2 1 1 2 1 1 4 4 2 2 2 5 4 4 1 1 1 0 0 0 0 0 0 0 1 0 0 1 1 1 2 2 1 4 4 0
 0 0 0 0 0 3 3 3 3 3 2 1 1 2 1 1 4 4 2 2 2 5 4 4 1 1 1 0 0 0 0 0 0 0 1 0 0 1 1 1 2 2 1 4 4 0
 0 0 1 3 3 2 3 3 5 5 6 4 4 2 1 1 1 1 2 2 2 1 1 1 1 1 1 1 1 0 1 1 0 0 1 1 1 1 0 0 0 0 0 0 0 1
 1 1 1 1 1 1 1 1 2 2 7 14 14 4 3 3 5 5 2 2 2 1 0 0 0 0 1 2 2 0 0 0 0 0 0 0 0 1 0 0 0 0 0 1 1 0
 1 1 1 1 1 1 1 1 2 2 7 14 14 4 3 3 5 5 2 2 2 1 0 0 0 0 1 2 2 0 0 0 0 0 0 0 0 1 0 0 0 0 0 1 1 0
 1 1 1 1 1 3 5 5 22 22 6 8 8 5 8 8 9 9 4 4 4 0 0 0 0 0 0 1 1 2 0 0 0 0 0 0 0 1 1 1 2 2 0 0 0 0
 0 0 1 5 5 6 6 6 4 4 5 11 11 7 16 16 10 10 5 6 6 2 1 1 4 4 0 3 3 5 1 1 0 0 0 0 0 0 0 0 0 0 1 0 0 0
