assets/RAT_results_old/precipitation/2017-06-25_IMERG.asc
ncols        46
nrows        77
xllcorner    74.800261325624
yllcorner    8.058333333333
cellsize     0.062500000000
NODATA_value -9999
 41 41 107 33 33 42 52 52 71 71 53 47 47 29 32 32 21 21 12 8 8 7 3 3 2 2 0 0 0 0 0 0 0 0 0 0 0 1 0 0 0 0 0 0 0 1
 51 51 47 42 42 51 68 68 55 55 73 66 66 60 25 25 22 22 16 11 11 9 2 2 2 2 0 0 0 1 2 2 0 0 0 1 1 0 0 0 0 0 0 2 2 1
 51 51 47 42 42 51 68 68 55 55 73 66 66 60 25 25 22 22 16 11 11 9 2 2 2 2 0 0 0 1 2 2 0 0 0 1 1 0 0 0 0 0 0 2 2 1
 43 43 38 70 70 63 71 71 65 65 75 60 60 56 34 34 34 34 27 26 26 10 3 3 1 1 2 1 1 1 0 0 0 0 0 0 0 0 0 0 2 2 3 3 3 1
 32 32 39 60 60 50 48 48 69 69 68 85 85 52 47 47 33 33 31 23 23 8 4 4 2 2 2 1 1 0 4 4 1 1 0 0 0 0 1 1 4 4 3 7 7 2
 32 32 39 60 60 50 48 48 69 69 68 85 85 52 47 47 33 33 31 23 23 8 4 4 2 2 2 1 1 0 4 4 1 1 0 0 0 0 1 1 4 4 3 7 7 2
 34 34 37 85 85 40 41 41 40 40 64 56 56 50 47 47 35 35 33 21 21 11 4 4 2 2 1 1 1 1 1 1 1 1 0 0 0 1 1 1 5 5 0 5 5 0
 34 34 37 85 85 40 41 41 40 40 64 56 56 50 47 47 35 35 33 21 21 11 4 4 2 2 1 1 1 1 1 1 1 1 0 0 0 1 1 1 5 5 0 5 5 0
 28 28 38 37 37 63 49 49 52 52 60 55 55 58 53 53 32 32 33 16 16 9 4 4 1 1 1 1 1 1 1 1 3 3 1 0 0 0 0 0 4 4 1 0 0 1
 16 16 31 37 37 45 53 53 51 51 52 55 55 48 49 49 34 34 32 16 16 22 5 5 2 2 3 4 4 1 1 1 0 0 0 0 0 0 0 0 0 0 0 0 0 1
 16 16 31 37 37 45 53 53 51 51 52 55 55 48 49 49 34 34 32 16 16 22 5 5 2 2 3 4 4 1 1 1 0 0 0 0 0 0 0 0 0 0 0 0 0 1
 10 10 28 39 39 55 46 46 53 53 44 47 47 49 44 44 40 40 27 19 19 17 5 5 2 2 4 1 1 1 0 0 0 0 1 0 0 0 0 0 0 0 0 0 0 0
 18 18 25 50 50 50 57 57 45 45 45 47 47 54 41 41 33 33 28 25 25 18 7 7 8 8 2 0 0 2 2 2 2 2 0 0 0 0 0 0 0 0 0 1 1 0
 18 18 25 50 50 50 57 57 45 45 45 47 47 54 41 41 33 33 28 25 25 18 7 7 8 8 2 0 0 2 2 2 2 2 0 0 0 0 0 0 0 0 0 1 1 0
 13 13 17 47 47 45 51 51 62 62 47 43 43 37 30 30 39 39 24 22 22 10 11 11 7 7 3 2 2 1 3 3 1 1 0 0 0 0 3 3 1 1 1 0 0 1
 13 13 17 47 47 45 51 51 62 62 47 43 43 37 30 30 39 39 24 22 22 10 11 11 7 7 3 2 2 1 3 3 1 1 0 0 0 0 3 3 1 1 1 0 0 1
 12 12 14 37 37 43 50 50 75 75 53 51 51 33 20 20 26 26 24 27 27 11 9 9 7 7 8 3 3 3 3 3 0 0 0 0 0 0 2 2 1 1 0 3 3 0
 7 7 9 12 12 23 41 41 33 33 36 32 32 32 27 27 22 22 17 17 17 10 9 9 7 7 9 3 3 3 5 5 0 0 0 0 0 1 1 1 0 0 1 0 0 0
 7 7 9 12 12 23 41 41 33 33 36 32 32 32 27 27 22 22 17 17 17 10 9 9 7 7 9 3 3 3 5 5 0 0 0 0 0 1 1 1 0 0 1 0 0 0
 7 7 7 10 10 12 19 19 28 28 34 41 41 36 24 24 15 15 21 19 19 19 15 15 7 7 7 1 1 0 1 1 0 0 0 0 0 0 0 0 0 0 0 0 0 0
 4 4 5 4 4 7 9 9 23 23 27 39 39 46 44 44 32 32 30 48 48 34 39 39 21 21 11 10 10 5 1 1 0 0 0 0 0 0 0 0 0 0 0 2 2 0
 4 4 5 4 4 7 9 9 23 23 27 39 39 46 44 44 32 32 30 48 48 34 39 39 21 21 11 10 10 5 1 1 0 0 0 0 0 0 0 0 0 0 0 2 2 0
 3 3 6 9 9 12 16 16 23 23 35 32 32 43 50 50 46 46 48 34 34 37 36 36 18 18 9 6 6 6 2 2 1 1 2 1 1 0 1 1 0 0 5 1 1 0
 3 3 6 9 9 12 16 16 23 23 35 32 32 43 50 50 46 46 48 34 34 37 36 36 18 18 9 6 6 6 2 2 1 1 2 1 1 0 1 1 0 0 5 1 1 0
 4 4 7 12 12 18 34 34 34 34 76 34 34 43 53 53 49 49 52 39 39 39 27 27 26 26 11 7 7 8 3 3 1 1 0 0 0 0 3 3 0 0 0 0 0 0
 4 4 7 12 12 17 36 36 38 38 56 104 104 96 56 56 50 50 52 33 33 34 28 28 21 21 17 15 15 13 1 1 3 3 0 0 0 0 1 1 1 1 1 0 0 0
 4 4 7 12 12 17 36 36 38 38 56 104 104 96 56 56 50 50 52 33 33 34 28 28 21 21 17 15 15 13 1 1 3 3 0 0 0 0 1 1 1 1 1 0 0 0
 7 7 5 6 6 6 20 20 18 18 23 28 28 93 64 64 47 47 31 28 28 23 21 21 18 18 17 13 13 10 7 7 9 9 0 1 1 0 2 2 2 2 2 0 0 1
 3 3 2 3 3 3 5 5 9 9 28 43 43 39 41 41 46 46 41 30 30 37 29 29 35 35 21 19 19 9 17 17 6 6 5 2 2 4 2 2 2 2 1 0 0 0
 3 3 2 3 3 3 5 5 9 9 28 43 43 39 41 41 46 46 41 30 30 37 29 29 35 35 21 19 19 9 17 17 6 6 5 2 2 4 2 2 2 2 1 0 0 0
 2 2 3 5 5 5 7 7 11 11 16 18 18 48 46 46 40 40 49 27 27 34 31 31 32 32 25 28 28 42 28 28 23 23 12 8 8 1 0 0 0 0 0 1 1 1
 2 2 3 5 5 5 7 7 11 11 16 18 18 48 46 46 40 40 49 27 27 34 31 31 32 32 25 28 28 42 28 28 23 23 12 8 8 1 0 0 0 0 0 1 1 1
 4 4 3 4 4 7 9 9 10 10 13 32 32 42 54 54 37 37 45 36 36 25 29 29 29 29 26 27 27 29 26 26 22 22 20 11 11 4 5 5 0 0 0 1 1 0
 7 7 10 5 5 7 8 8 15 15 22 26 26 16 40 40 20 20 35 43 43 41 43 43 37 37 31 32 32 19 12 12 14 14 21 11 11 18 8 8 5 5 1 1 1 1
 7 7 10 5 5 7 8 8 15 15 22 26 26 16 40 40 20 20 35 43 43 41 43 43 37 37 31 32 32 19 12 12 14 14 21 11 11 18 8 8 5 5 1 1 1 1
 19 19 18 13 13 13 13 13 22 22 12 13 13 14 20 20 28 28 29 33 33 36 29 29 37 37 45 19 19 15 17 17 46 46 11 11 11 6 7 7 4 4 1 0 0 0
 42 42 39 28 28 21 14 14 24 24 11 12 12 12 14 14 35 35 34 39 39 34 45 45 76 76 51 24 24 15 14 14 10 10 8 3 3 2 1 1 2 2 1 0 0 1
 42 42 39 28 28 21 14 14 24 24 11 12 12 12 14 14 35 35 34 39 39 34 45 45 76 76 51 24 24 15 14 14 10 10 8 3 3 2 1 1 2 2 1 0 0 1
 77 77 66 52 52 24 24 24 19 19 10 12 12 12 29 29 22 22 35 34 34 36 41 41 41 41 28 19 19 18 15 15 22 22 17 10 10 9 3 3 4 4 2 3 3 1
 77 77 66 52 52 24 24 24 19 19 10 12 12 12 29 29 22 22 35 34 34 36 41 41 41 41 28 19 19 18 15 15 22 22 17 10 10 9 3 3 4 4 2 3 3 1
 93 93 66 50 50 43 16 16 12 12 9 18 18 13 15 15 23 23 32 29 29 28 30 30 36 36 27 14 14 16 16 16 22 22 19 23 23 12 4 4 6 6 5 2 2 3
 86 86 114 45 45 21 8 8 5 5 7 7 7 12 11 11 11 11 23 19 19 25 30 30 29 29 27 15 15 10 18 18 20 20 20 14 14 13 5 5 5 5 7 9 9 5
 86 86 114 45 45 21 8 8 5 5 7 7 7 12 11 11 11 11 23 19 19 25 30 30 29 29 27 15 15 10 18 18 20 20 20 14 14 13 5 5 5 5 7 9 9 5
 42 42 51 12 12 10 6 6 4 4 10 11 11 14 14 14 10 10 20 25 25 23 27 27 34 34 24 16 16 11 15 15 9 9 16 20 20 12 5 5 7 7 5 5 5 5
 14 14 11 18 18 8 6 6 8 8 9 13 13 10 10 10 10 10 14 24 24 47 30 30 25 25 14 14 14 10 17 17 15 15 11 12 12 15 6 6 8 8 7 5 5 2
 14 14 11 18 18 8 6 6 8 8 9 13 13 10 10 10 10 10 14 24 24 47 30 30 25 25 14 14 14 10 17 17 15 15 11 12 12 15 6 6 8 8 7 5 5 2
 8 8 11 9 9 6 8 8 9 9 17 19 19 16 13 13 11 11 12 27 27 37 42 42 23 23 20 16 16 13 16 16 17 17 15 20 20 11 13 13 12 12 7 4 4 8
 8 8 11 9 9 6 8 8 9 9 17 19 19 16 13 13 11 11 12 27 27 37 42 42 23 23 20 16 16 13 16 16 17 17 15 20 20 11 13 13 12 12 7 4 4 8
 11 11 13 13 13 20 22 22 20 20 24 20 20 18 24 24 19 19 18 24 24 31 30 30 26 26 28 23 23 26 29 29 23 23 24 23 23 16 9 9 10 10 6 7 7 4
 17 17 17 17 17 37 34 34 34 34 31 39 39 38 39 39 38 38 29 30 30 32 23 23 25 25 27 22 22 20 21 21 20 20 19 13 13 12 12 12 10 10 11 6 6 4
 17 17 17 17 17 37 34 34 34 34 31 39 39 38 39 39 38 38 29 30 30 32 23 23 25 25 27 22 22 20 21 21 20 20 19 13 13 12 12 12 10 10 11 6 6 4
 22 22 18 25 25 40 44 44 69 69 34 31 31 55 74 74 49 49 42 36 36 33 20 20 19 19 27 31 31 20 15 15 10 10 13 9 9 8 10 10 10 10 9 5 5 3
 25 25 23 23 23 36 42 42 72 72 72 51 51 69 49 49 58 58 36 39 39 38 22 22 23 23 25 21 21 20 16 16 7 7 15 8 8 9 12 12 8 8 8 6 6 4
 25 25 23 23 23 36 42 42 72 72 72 51 51 69 49 49 58 58 36 39 39 38 22 22 23 23 25 21 21 20 16 16 7 7 15 8 8 9 12 12 8 8 8 6 6 4
 38 38 32 30 30 38 42 42 68 68 70 80 80 105 74 74 60 60 52 52 52 56 21 21 20 20 16 16 16 19 15 15 8 8 8 7 7 10 9 9 8 8 6 9 9 3
 38 38 32 30 30 38 42 42 68 68 70 80 80 105 74 74 60 60 52 52 52 56 21 21 20 20 16 16 16 19 15 15 8 8 8 7 7 10 9 9 8 8 6 9 9 3
 33 33 37 41 41 48 55 55 97 97 70 75 75 132 98 98 87 87 34 35 35 41 21 21 20 20 18 15 15 11 10 10 10 10 9 8 8 9 9 9 10 10 4 4 4 1
 45 45 48 54 54 57 56 56 62 62 56 106 106 54 59 59 79 79 24 37 37 31 21 21 21 21 21 23 23 16 18 18 6 6 16 10 10 11 7 7 4 4 2 1 1 0
 45 45 48 54 54 57 56 56 62 62 56 106 106 54 59 59 79 79 24 37 37 31 21 21 21 21 21 23 23 16 18 18 6 6 16 10 10 11 7 7 4 4 2 1 1 0
 45 45 49 46 46 56 55 55 122 122 145 132 132 74 37 37 34 34 28 29 29 45 35 35 32 32 25 17 17 13 14 14 12 12 17 12 12 11 9 9 5 5 1 1 1 0
 39 39 40 37 37 51 50 50 124 124 146 124 124 83 43 43 26 26 25 32 32 40 43 43 35 35 26 24 24 33 33 33 32 32 23 11 11 13 12 12 9 9 5 4 4 2
 39 39 40 37 37 51 50 50 124 124 146 124 124 83 43 43 26 26 25 32 32 40 43 43 35 35 26 24 24 33 33 33 32 32 23 11 11 13 12 12 9 9 5 4 4 2
 23 23 30 30 30 47 123 123 118 118 43 72 72 83 45 45 44 44 42 74 74 84 69 69 43 43 31 40 40 29 26 26 26 26 24 17 17 16 13 13 15 15 5 4 4 1
 23 23 30 30 30 47 123 123 118 118 43 72 72 83 45 45 44 44 42 74 74 84 69 69 43 43 31 40 40 29 26 26 26 26 24 17 17 16 13 13 15 15 5 4 4 1
 18 18 22 31 31 36 42 42 17 17 24 35 35 35 36 36 41 41 30 46 46 65 49 49 41 41 42 45 45 41 31 31 37 37 25 24 24 28 31 31 23 23 12 10 10 7
 7 7 8 11 11 12 39 39 12 12 15 19 19 27 25 25 24 24 23 25 25 27 39 39 40 40 55 48 48 28 26 26 28 28 31 34 34 19 20 20 17 17 9 8 8 8
 7 7 8 11 11 12 39 39 12 12 15 19 19 27 25 25 24 24 23 25 25 27 39 39 40 40 55 48 48 28 26 26 28 28 31 34 34 19 20 20 17 17 9 8 8 8
 7 7 8 9 9 13 11 11 14 14 18 25 25 36 25 25 22 22 18 13 13 13 15 15 20 20 39 45 45 27 26 26 22 22 23 20 20 15 17 17 16 16 9 7 7 7
 8 8 10 11 11 17 17 17 19 19 22 23 23 25 21 21 18 18 13 11 11 10 12 12 13 13 19 27 27 29 27 27 42 42 39 21 21 13 14 14 19 19 11 12 12 7
 8 8 10 11 11 17 17 17 19 19 22 23 23 25 21 21 18 18 13 11 11 10 12 12 13 13 19 27 27 29 27 27 42 42 39 21 21 13 14 14 19 19 11 12 12 7
 13 13 13 13 13 22 20 20 22 22 24 24 24 24 20 20 16 16 12 11 11 11 17 17 17 17 24 27 27 20 26 26 57 57 46 42 42 31 27 27 24 24 21 15 15 11
 13 13 13 13 13 22 20 20 22 22 24 24 24 24 20 20 16 16 12 11 11 11 17 17 17 17 24 27 27 20 26 26 57 57 46 42 42 31 27 27 24 24 21 15 15 11
 46 46 19 16 16 21 21 21 20 20 21 18 18 19 29 29 17 17 17 20 20 20 16 16 15 15 22 30 30 26 31 31 28 28 35 31 31 37 45 45 25 25 18 21 21 17
 20 20 22 19 19 14 10 10 12 12 10 10 10 11 17 17 12 12 15 20 20 22 20 20 18 18 19 22 22 32 33 33 29 29 37 38 38 38 37 37 27 27 27 27 27 27
 20 20 22 19 19 14 10 10 12 12 10 10 10 11 17 17 12 12 15 20 20 22 20 20 18 18 19 22 22 32 33 33 29 29 37 38 38 38 37 37 27 27 27 27 27 27
 12 12 11 10 10 10 9 9 6 6 6 8 8 9 12 12 18 18 16 18 18 17 14 14 18 18 14 24 24 23 38 38 54 54 30 29 29 29 34 34 22 22 25 25 25 27
 7 7 8 7 7 8 6 6 6 6 8 7 7 8 19 19 16 16 8 9 9 10 11 11 12 12 14 9 9 21 29 29 34 34 23 29 29 25 12 12 12 12 14 18 18 17
