assets/RAT_results_old/precipitation/2017-05-20_IMERG.asc
ncols        46
nrows        77
xllcorner    74.800261325624
yllcorner    8.058333333333
cellsize     0.062500000000
NODATA_value -9999
 0 0 1 2 2 1 1 1 9 9 11 12 12 38 34 34 19 19 17 8 8 46 5 5 1 1 3 8 8 18 14 14 9 9 3 5 5 19 11 11 12 12 17 18 18 30
 1 1 1 1 1 1 5 5 11 11 13 14 14 38 36 36 36 36 8 19 19 51 4 4 3 3 5 5 5 5 6 6 11 11 4 11 11 18 11 11 13 13 39 43 43 54
 1 1 1 1 1 1 5 5 11 11 13 14 14 38 36 36 36 36 8 19 19 51 4 4 3 3 5 5 5 5 6 6 11 11 4 11 11 18 11 11 13 13 39 43 43 54
 1 1 3 4 4 4 17 17 15 15 20 30 30 30 28 28 26 26 7 35 35 12 10 10 7 7 3 5 5 3 4 4 9 9 22 12 12 18 11 11 13 13 41 39 39 61
 7 7 4 8 8 10 12 12 22 22 21 34 34 32 30 30 30 30 8 18 18 9 6 6 7 7 6 3 3 4 3 3 6 6 9 23 23 35 7 7 8 8 13 34 34 40
 7 7 4 8 8 10 12 12 22 22 21 34 34 32 30 30 30 30 8 18 18 9 6 6 7 7 6 3 3 4 3 3 6 6 9 23 23 35 7 7 8 8 13 34 34 40
 9 9 8 12 12 19 12 12 19 19 9 32 32 36 32 32 21 21 17 21 21 51 32 32 7 7 12 11 11 5 12 12 18 18 18 19 19 14 8 8 9 9 7 21 21 25
 9 9 8 12 12 19 12 12 19 19 9 32 32 36 32 32 21 21 17 21 21 51 32 32 7 7 12 11 11 5 12 12 18 18 18 19 19 14 8 8 9 9 7 21 21 25
 8 8 8 8 8 12 10 10 11 11 40 38 38 38 40 40 25 25 18 23 23 62 25 25 15 15 13 8 8 9 6 6 19 19 31 16 16 18 9 9 9 9 8 25 25 31
 10 10 17 12 12 19 11 11 18 18 35 43 43 39 47 47 29 29 23 34 34 61 56 56 24 24 20 10 10 7 5 5 21 21 24 19 19 16 10 10 8 8 11 23 23 31
 10 10 17 12 12 19 11 11 18 18 35 43 43 39 47 47 29 29 23 34 34 61 56 56 24 24 20 10 10 7 5 5 21 21 24 19 19 16 10 10 8 8 11 23 23 31
 15 15 19 8 8 9 23 23 18 18 41 36 36 38 41 41 34 34 41 32 32 37 40 40 42 42 14 9 9 5 4 4 8 8 11 13 13 14 12 12 11 11 11 20 20 30
 2 2 8 10 10 15 23 23 20 20 42 44 44 42 40 40 36 36 36 43 43 31 39 39 31 31 16 11 11 4 2 2 8 8 12 11 11 13 14 14 12 12 21 27 27 26
 2 2 8 10 10 15 23 23 20 20 42 44 44 42 40 40 36 36 36 43 43 31 39 39 31 31 16 11 11 4 2 2 8 8 12 11 11 13 14 14 12 12 21 27 27 26
 2 2 23 30 30 25 32 32 34 34 31 42 42 40 44 44 47 47 48 53 53 47 54 54 37 37 28 32 32 6 4 4 6 6 8 15 15 11 18 18 20 20 24 33 33 26
 2 2 23 30 30 25 32 32 34 34 31 42 42 40 44 44 47 47 48 53 53 47 54 54 37 37 28 32 32 6 4 4 6 6 8 15 15 11 18 18 20 20 24 33 33 26
 17 17 10 11 11 25 21 21 29 29 30 37 37 50 65 65 54 54 53 44 44 38 56 56 88 88 40 56 56 14 7 7 5 5 6 8 8 17 22 22 25 25 26 36 36 23
 18 18 11 11 11 24 26 26 29 29 29 41 41 55 84 84 56 56 59 33 33 59 69 69 101 101 61 31 31 20 15 15 9 9 8 16 16 23 26 26 22 22 21 22 22 17
 18 18 11 11 11 24 26 26 29 29 29 41 41 55 84 84 56 56 59 33 33 59 69 69 101 101 61 31 31 20 15 15 9 9 8 16 16 23 26 26 22 22 21 22 22 17
 18 18 37 24 24 31 32 32 25 25 34 36 36 42 69 69 59 59 91 56 56 66 63 63 73 73 72 30 30 26 17 17 15 15 22 19 19 33 24 24 27 27 24 15 15 12
 18 18 42 25 25 33 68 68 25 25 25 35 35 38 57 57 74 74 59 63 63 53 40 40 50 50 47 29 29 26 19 19 18 18 25 33 33 25 20 20 18 18 16 12 12 7
 18 18 42 25 25 33 68 68 25 25 25 35 35 38 57 57 74 74 59 63 63 53 40 40 50 50 47 29 29 26 19 19 18 18 25 33 33 25 20 20 18 18 16 12 12 7
 19 19 23 32 32 65 64 64 25 25 20 31 31 20 22 22 46 46 59 51 51 42 30 30 23 23 24 31 31 38 43 43 31 31 31 27 27 28 21 21 13 13 10 9 9 6
 19 19 23 32 32 65 64 64 25 25 20 31 31 20 22 22 46 46 59 51 51 42 30 30 23 23 24 31 31 38 43 43 31 31 31 27 27 28 21 21 13 13 10 9 9 6
 20 20 23 25 25 17 65 65 31 31 32 17 17 15 17 17 33 33 61 59 59 39 28 28 19 19 14 25 25 24 30 30 22 22 26 16 16 13 9 9 7 7 8 3 3 4
 20 20 24 27 27 29 64 64 43 43 148 22 22 23 19 19 46 46 51 58 58 26 20 20 11 11 15 27 27 31 30 30 15 15 9 8 8 6 5 5 4 4 4 3 3 3
 20 20 24 27 27 29 64 64 43 43 148 22 22 23 19 19 46 46 51 58 58 26 20 20 11 11 15 27 27 31 30 30 15 15 9 8 8 6 5 5 4 4 4 3 3 3
 22 22 25 25 25 27 25 25 45 45 41 31 31 28 42 42 116 116 34 42 42 32 13 13 13 13 17 20 20 10 11 11 8 8 6 5 5 4 3 3 2 2 3 3 3 4
 36 36 37 32 32 28 28 28 69 69 34 30 30 25 47 47 47 47 32 38 38 25 27 27 19 19 19 15 15 12 8 8 5 5 6 6 6 3 3 3 2 2 2 2 2 2
 36 36 37 32 32 28 28 28 69 69 34 30 30 25 47 47 47 47 32 38 38 25 27 27 19 19 19 15 15 12 8 8 5 5 6 6 6 3 3 3 2 2 2 2 2 2
 36 36 31 22 22 22 24 24 75 75 34 36 36 42 30 30 46 46 38 32 32 22 22 22 11 11 20 15 15 11 8 8 5 5 6 6 6 2 3 3 2 2 2 2 2 2
 36 36 31 22 22 22 24 24 75 75 34 36 36 42 30 30 46 46 38 32 32 22 22 22 11 11 20 15 15 11 8 8 5 5 6 6 6 2 3 3 2 2 2 2 2 2
 32 32 32 25 25 22 23 23 33 33 36 35 35 29 30 30 42 42 27 73 73 30 32 32 10 10 10 8 8 4 2 2 5 5 17 15 15 2 3 3 12 12 5 2 2 2
 9 9 20 27 27 79 33 33 32 32 26 23 23 26 25 25 20 20 15 67 67 34 24 24 9 9 6 6 6 4 2 2 7 7 17 23 23 8 11 11 9 9 6 5 5 6
 9 9 20 27 27 79 33 33 32 32 26 23 23 26 25 25 20 20 15 67 67 34 24 24 9 9 6 6 6 4 2 2 7 7 17 23 23 8 11 11 9 9 6 5 5 6
 8 8 21 30 30 27 39 39 41 41 28 31 31 19 16 16 10 10 6 17 17 9 10 10 9 9 8 10 10 7 3 3 11 11 23 24 24 7 9 9 11 11 9 8 8 8
 8 8 26 27 27 27 36 36 34 34 31 33 33 23 10 10 8 8 5 8 8 12 6 6 10 10 11 11 11 5 6 6 10 10 13 17 17 16 12 12 14 14 10 10 10 31
 8 8 26 27 27 27 36 36 34 34 31 33 33 23 10 10 8 8 5 8 8 12 6 6 10 10 11 11 11 5 6 6 10 10 13 17 17 16 12 12 14 14 10 10 10 31
 12 12 173 175 175 38 37 37 36 36 26 24 24 18 4 4 2 2 4 4 4 4 3 3 5 5 10 13 13 10 5 5 12 12 13 10 10 13 13 13 17 17 25 25 25 39
 12 12 173 175 175 38 37 37 36 36 26 24 24 18 4 4 2 2 4 4 4 4 3 3 5 5 10 13 13 10 5 5 12 12 13 10 10 13 13 13 17 17 25 25 25 39
 40 40 176 177 177 40 24 24 27 27 26 15 15 14 6 6 2 2 2 1 1 7 5 5 3 3 8 15 15 17 9 9 12 12 17 16 16 24 21 21 23 23 35 34 34 45
 17 17 17 15 15 25 21 21 27 27 23 3 3 2 2 2 1 1 1 1 1 2 3 3 6 6 14 8 8 12 10 10 11 11 19 16 16 19 24 24 43 43 45 35 35 33
 17 17 17 15 15 25 21 21 27 27 23 3 3 2 2 2 1 1 1 1 1 2 3 3 6 6 14 8 8 12 10 10 11 11 19 16 16 19 24 24 43 43 45 35 35 33
 22 22 13 12 12 9 6 6 5 5 3 2 2 1 1 1 1 1 1 1 1 5 14 14 26 26 23 21 21 24 15 15 16 16 17 23 23 18 25 25 36 36 38 47 47 31
 9 9 9 9 9 5 4 4 3 3 4 3 3 2 2 2 2 2 1 4 4 11 17 17 24 24 28 35 35 25 20 20 16 16 15 23 23 26 22 22 22 22 33 40 40 28
 9 9 9 9 9 5 4 4 3 3 4 3 3 2 2 2 2 2 1 4 4 11 17 17 24 24 28 35 35 25 20 20 16 16 15 23 23 26 22 22 22 22 33 40 40 28
 15 15 14 6 6 3 4 4 3 3 4 2 2 2 2 2 3 3 3 7 7 14 19 19 31 31 37 35 35 37 15 15 9 9 9 16 16 25 23 23 12 12 11 27 27 40
 15 15 14 6 6 3 4 4 3 3 4 2 2 2 2 2 3 3 3 7 7 14 19 19 31 31 37 35 35 37 15 15 9 9 9 16 16 25 23 23 12 12 11 27 27 40
 9 9 7 6 6 3 3 3 3 3 3 2 2 2 3 3 3 3 4 10 10 14 22 22 29 29 42 35 35 30 16 16 13 13 7 5 5 20 18 18 10 10 4 5 5 11
 9 9 6 5 5 4 4 4 3 3 3 6 6 3 3 3 3 3 5 10 10 9 95 95 52 52 42 34 34 14 14 14 12 12 7 8 8 7 8 8 1 1 1 7 7 11
 9 9 6 5 5 4 4 4 3 3 3 6 6 3 3 3 3 3 5 10 10 9 95 95 52 52 42 34 34 14 14 14 12 12 7 8 8 7 8 8 1 1 1 7 7 11
 6 6 5 5 5 3 4 4 4 4 7 6 6 4 11 11 3 3 3 2 2 5 88 88 58 58 42 117 117 100 19 19 20 20 4 6 6 3 0 0 1 1 0 6 6 7
 4 4 4 3 3 4 4 4 4 4 5 3 3 13 13 13 4 4 3 5 5 8 106 106 60 60 67 124 124 103 16 16 11 11 1 1 1 1 0 0 0 0 1 5 5 6
 4 4 4 3 3 4 4 4 4 4 5 3 3 13 13 13 4 4 3 5 5 8 106 106 60 60 67 124 124 103 16 16 11 11 1 1 1 1 0 0 0 0 1 5 5 6
 3 3 2 2 2 2 3 3 7 7 6 6 6 8 29 29 28 28 17 5 5 6 4 4 28 28 34 87 87 34 11 11 8 8 0 0 0 0 0 0 0 0 0 0 0 1
 3 3 2 2 2 2 3 3 7 7 6 6 6 8 29 29 28 28 17 5 5 6 4 4 28 28 34 87 87 34 11 11 8 8 0 0 0 0 0 0 0 0 0 0 0 1
 2 2 2 2 2 2 2 2 5 5 6 6 6 8 34 34 26 26 4 3 3 3 2 2 21 21 31 45 45 29 6 6 6 6 1 0 0 0 0 0 0 0 0 0 0 0
 1 1 2 3 3 4 2 2 5 5 4 8 8 7 5 5 5 5 4 2 2 4 4 4 12 12 18 10 10 9 5 5 5 5 6 1 1 1 1 1 0 0 0 0 0 0
 1 1 2 3 3 4 2 2 5 5 4 8 8 7 5 5 5 5 4 2 2 4 4 4 12 12 18 10 10 9 5 5 5 5 6 1 1 1 1 1 0 0 0 0 0 0
 5 5 3 3 3 5 8 8 7 7 6 8 8 7 8 8 9 9 5 1 1 2 7 7 12 12 13 7 7 9 8 8 7 7 6 3 3 3 0 0 0 0 0 0 0 0
 8 8 9 8 8 8 11 11 12 12 7 14 14 16 11 11 9 9 7 2 2 3 14 14 5 5 10 9 9 11 7 7 6 6 6 1 1 9 0 0 0 0 0 0 0 0
 8 8 9 8 8 8 11 11 12 12 7 14 14 16 11 11 9 9 7 2 2 3 14 14 5 5 10 9 9 11 7 7 6 6 6 1 1 9 0 0 0 0 0 0 0 0
 16 16 15 12 12 13 12 12 9 9 10 15 15 16 17 17 11 11 10 3 3 9 2 2 5 5 4 4 4 21 19 19 7 7 5 3 3 2 0 0 0 0 0 0 0 0
 16 16 15 12 12 13 12 12 9 9 10 15 15 16 17 17 11 11 10 3 3 9 2 2 5 5 4 4 4 21 19 19 7 7 5 3 3 2 0 0 0 0 0 0 0 0
 16 16 21 14 14 14 23 23 24 24 30 48 48 20 16 16 15 15 11 7 7 6 3 3 4 4 2 2 2 3 5 5 2 2 1 2 2 0 0 0 0 0 0 0 0 0
 16 16 18 20 20 23 20 20 25 25 39 48 48 49 15 15 13 13 11 11 11 12 10 10 11 11 2 0 0 1 1 1 2 2 3 3 3 0 1 1 0 0 0 0 0 0
 16 16 18 20 20 23 20 20 25 25 39 48 48 49 15 15 13 13 11 11 11 12 10 10 11 11 2 0 0 1 1 1 2 2 3 3 3 0 1 1 0 0 0 0 0 0
 19 19 16 15 15 28 14 14 12 12 23 8 8 8 8 8 10 10 10 10 10 20 17 17 24 24 3 1 1 3 2 2 3 3 4 4 4 2 2 2 0 0 0 0 0 0
 32 32 19 14 14 18 20 20 9 9 3 8 8 3 4 4 7 7 4 6 6 8 8 8 24 24 6 2 2 4 5 5 3 3 1 2 2 1 0 0 0 0 0 0 0 0
 32 32 19 14 14 18 20 20 9 9 3 8 8 3 4 4 7 7 4 6 6 8 8 8 24 24 6 2 2 4 5 5 3 3 1 2 2 1 0 0 0 0 0 0 0 0
 32 32 35 29 29 15 29 29 10 10 4 7 7 3 3 3 3 3 2 4 4 4 4 4 5 5 3 1 1 2 3 3 2 2 2 2 2 1 0 0 0 0 0 3 3 0
 32 32 35 29 29 15 29 29 10 10 4 7 7 3 3 3 3 3 2 4 4 4 4 4 5 5 3 1 1 2 3 3 2 2 2 2 2 1 0 0 0 0 0 3 3 0
 53 53 52 50 50 41 47 47 17 17 6 2 2 4 2 2 2 2 2 2 2 2 3 3 3 3 2 3 3 1 1 1 1 1 1 5 5 2 0 0 0 0 1 0 0 0
 59 59 55 65 65 57 51 51 49 49 30 6 6 7 5 5 2 2 3 2 2 1 1 1 7 7 6 13 13 4 2 2 1 1 0 1 1 2 1 1 1 1 2 1 1 0
 59 59 55 65 65 57 51 51 49 49 30 6 6 7 5 5 2 2 3 2 2 1 1 1 7 7 6 13 13 4 2 2 1 1 0 1 1 2 1 1 1 1 2 1 1 0
 65 65 62 65 65 39 100 100 57 57 37 9 9 8 6 6 6 6 3 5 5 3 2 2 6 6 15 37 37 11 6 6 1 1 0 1 1 4 3 3 3 3 3 2 2 3
 70 70 63 59 59 36 92 92 55 55 39 9 9 6 7 7 4 4 5 3 3 2 1 1 2 2 7 19 19 16 10 10 3 3 2 2 2 4 3 3 4 4 2 6 6 5
