assets/RAT_results_old/precipitation/2017-09-17_IMERG.asc
ncols        46
nrows        77
xllcorner    74.800261325624
yllcorner    8.058333333333
cellsize     0.062500000000
NODATA_value -9999
 23 23 27 21 21 28 26 26 21 21 17 18 18 8 9 9 7 7 5 3 3 3 3 3 3 3 2 2 2 2 1 1 3 3 4 5 5 4 4 4 4 4 2 4 4 5
 31 31 29 28 28 26 26 26 20 20 19 14 14 15 11 11 9 9 9 6 6 4 7 7 9 9 4 4 4 2 2 2 1 1 2 5 5 5 2 2 2 2 3 2 2 4
 31 31 29 28 28 26 26 26 20 20 19 14 14 15 11 11 9 9 9 6 6 4 7 7 9 9 4 4 4 2 2 2 1 1 2 5 5 5 2 2 2 2 3 2 2 4
 27 27 27 23 23 24 24 24 20 20 18 14 14 14 10 10 10 10 10 7 7 5 7 7 4 4 2 4 4 3 3 3 3 3 4 3 3 2 2 2 2 2 1 2 2 4
 27 27 24 20 20 17 22 22 22 22 18 16 16 17 12 12 10 10 10 7 7 5 3 3 3 3 2 3 3 3 3 3 4 4 2 1 1 1 3 3 3 3 2 4 4 3
 27 27 24 20 20 17 22 22 22 22 18 16 16 17 12 12 10 10 10 7 7 5 3 3 3 3 2 3 3 3 3 3 4 4 2 1 1 1 3 3 3 3 2 4 4 3
 25 25 33 19 19 28 24 24 25 25 20 22 22 17 8 8 10 10 8 6 6 5 3 3 3 3 2 2 2 3 2 2 1 1 1 2 2 2 1 1 2 2 3 2 2 4
 25 25 33 19 19 28 24 24 25 25 20 22 22 17 8 8 10 10 8 6 6 5 3 3 3 3 2 2 2 3 2 2 1 1 1 2 2 2 1 1 2 2 3 2 2 4
 55 55 51 30 30 42 35 35 33 33 24 27 27 12 10 10 8 8 8 11 11 7 4 4 3 3 5 4 4 2 1 1 1 1 2 4 4 7 2 2 2 2 4 2 2 4
 67 67 62 52 52 53 42 42 38 38 29 27 27 17 18 18 14 14 14 14 14 8 5 5 5 5 2 1 1 2 3 3 2 2 2 3 3 5 2 2 2 2 1 3 3 8
 67 67 62 52 52 53 42 42 38 38 29 27 27 17 18 18 14 14 14 14 14 8 5 5 5 5 2 1 1 2 3 3 2 2 2 3 3 5 2 2 2 2 1 3 3 8
 63 63 90 92 92 65 60 60 62 62 39 33 33 21 23 23 24 24 20 14 14 9 7 7 6 6 2 2 2 2 2 2 2 2 2 3 3 2 1 1 1 1 2 2 2 2
 68 68 85 75 75 53 68 68 52 52 32 31 31 34 30 30 27 27 23 18 18 10 15 15 7 7 10 2 2 2 4 4 6 6 4 2 2 4 4 4 5 5 8 4 4 1
 68 68 85 75 75 53 68 68 52 52 32 31 31 34 30 30 27 27 23 18 18 10 15 15 7 7 10 2 2 2 4 4 6 6 4 2 2 4 4 4 5 5 8 4 4 1
 52 52 35 71 71 88 58 58 43 43 33 35 35 30 32 32 30 30 24 18 18 10 14 14 8 8 11 8 8 6 5 5 6 6 3 3 3 4 4 4 7 7 9 9 9 4
 52 52 35 71 71 88 58 58 43 43 33 35 35 30 32 32 30 30 24 18 18 10 14 14 8 8 11 8 8 6 5 5 6 6 3 3 3 4 4 4 7 7 9 9 9 4
 29 29 27 40 40 62 79 79 41 41 37 44 44 35 40 40 25 25 29 19 19 14 14 14 11 11 15 10 10 10 8 8 6 6 4 3 3 3 5 5 7 7 7 5 5 5
 23 23 23 43 43 58 61 61 74 74 39 37 37 33 38 38 35 35 27 23 23 25 13 13 23 23 11 12 12 11 9 9 5 5 4 3 3 4 4 4 7 7 8 8 8 11
 23 23 23 43 43 58 61 61 74 74 39 37 37 33 38 38 35 35 27 23 23 25 13 13 23 23 11 12 12 11 9 9 5 5 4 3 3 4 4 4 7 7 8 8 8 11
 21 21 62 23 23 50 52 52 70 70 60 26 26 30 27 27 29 29 25 29 29 24 22 22 17 17 20 14 14 9 7 7 6 6 5 4 4 4 5 5 6 6 6 10 10 14
 29 29 52 17 17 22 37 37 39 39 25 23 23 29 23 23 25 25 21 24 24 17 21 21 21 21 19 17 17 12 7 7 8 8 6 13 13 5 7 7 7 7 8 9 9 14
 29 29 52 17 17 22 37 37 39 39 25 23 23 29 23 23 25 25 21 24 24 17 21 21 21 21 19 17 17 12 7 7 8 8 6 13 13 5 7 7 7 7 8 9 9 14
 18 18 24 34 34 21 37 37 19 19 21 23 23 24 19 19 18 18 14 18 18 16 14 14 19 19 18 14 14 12 9 9 11 11 11 7 7 6 7 7 9 9 8 7 7 6
 18 18 24 34 34 21 37 37 19 19 21 23 23 24 19 19 18 18 14 18 18 16 14 14 19 19 18 14 14 12 9 9 11 11 11 7 7 6 7 7 9 9 8 7 7 6
 12 12 23 23 23 21 12 12 10 10 22 19 19 19 17 17 13 13 13 18 18 14 19 19 15 15 20 16 16 12 9 9 12 12 39 9 9 8 10 10 12 12 8 7 7 9
 12 12 15 15 15 17 9 9 8 8 16 15 15 17 17 17 17 17 13 15 15 20 23 23 24 24 26 20 20 16 19 19 25 25 16 12 12 10 11 11 9 9 7 11 11 9
 12 12 15 15 15 17 9 9 8 8 16 15 15 17 17 17 17 17 13 15 15 20 23 23 24 24 26 20 20 16 19 19 25 25 16 12 12 10 11 11 9 9 7 11 11 9
 13 13 10 12 12 17 14 14 20 20 19 14 14 13 16 16 26 26 23 20 20 23 35 35 26 26 25 25 25 19 19 19 28 28 17 13 13 13 12 12 13 13 9 12 12 12
 11 11 8 11 11 8 11 11 17 17 13 14 14 16 19 19 30 30 33 25 25 31 32 32 35 35 41 34 34 24 33 33 28 28 22 22 22 22 22 22 17 17 14 17 17 18
 11 11 8 11 11 8 11 11 17 17 13 14 14 16 19 19 30 30 33 25 25 31 32 32 35 35 41 34 34 24 33 33 28 28 22 22 22 22 22 22 17 17 14 17 17 18
 10 10 14 11 11 15 14 14 15 15 21 13 13 18 21 21 34 34 29 27 27 31 41 41 42 42 44 34 34 47 37 37 36 36 34 31 31 34 31 31 34 34 39 34 34 23
 10 10 14 11 11 15 14 14 15 15 21 13 13 18 21 21 34 34 29 27 27 31 41 41 42 42 44 34 34 47 37 37 36 36 34 31 31 34 31 31 34 34 39 34 34 23
 12 12 18 15 15 12 13 13 21 21 22 16 16 21 37 37 33 33 42 34 34 43 54 54 53 53 61 40 40 53 51 51 44 44 38 54 54 36 45 45 43 43 39 33 33 34
 17 17 19 16 16 12 17 17 21 21 17 27 27 33 27 27 36 36 40 37 37 44 44 44 52 52 51 51 51 50 47 47 48 48 42 43 43 42 40 40 35 35 29 19 19 24
 17 17 19 16 16 12 17 17 21 21 17 27 27 33 27 27 36 36 40 37 37 44 44 44 52 52 51 51 51 50 47 47 48 48 42 43 43 42 40 40 35 35 29 19 19 24
 20 20 18 16 16 20 24 24 25 25 28 39 39 35 27 27 34 34 42 31 31 39 38 38 47 47 51 50 50 42 36 36 36 36 35 38 38 37 33 33 31 31 26 25 25 27
 23 23 21 20 20 21 37 37 47 47 46 47 47 34 47 47 49 49 44 39 39 40 41 41 45 45 52 42 42 36 32 32 33 33 33 34 34 31 29 29 35 35 31 34 34 97
 23 23 21 20 20 21 37 37 47 47 46 47 47 34 47 47 49 49 44 39 39 40 41 41 45 45 52 42 42 36 32 32 33 33 33 34 34 31 29 29 35 35 31 34 34 97
 24 24 30 34 34 36 50 50 51 51 82 88 88 58 41 41 53 53 57 58 58 70 46 46 45 45 50 53 53 32 43 43 38 38 36 34 34 33 28 28 25 25 27 31 31 103
 24 24 30 34 34 36 50 50 51 51 82 88 88 58 41 41 53 53 57 58 58 70 46 46 45 45 50 53 53 32 43 43 38 38 36 34 34 33 28 28 25 25 27 31 31 103
 29 29 39 35 35 49 67 67 76 76 80 72 72 79 55 55 73 73 69 78 78 68 70 70 57 57 49 48 48 48 47 47 45 45 36 37 37 29 33 33 27 27 30 22 22 25
 26 26 37 41 41 63 69 69 79 79 82 82 82 91 85 85 76 76 71 79 79 65 66 66 48 48 52 56 56 52 56 56 44 44 40 49 49 38 27 27 31 31 26 26 26 29
 26 26 37 41 41 63 69 69 79 79 82 82 82 91 85 85 76 76 71 79 79 65 66 66 48 48 52 56 56 52 56 56 44 44 40 49 49 38 27 27 31 31 26 26 26 29
 25 25 37 45 45 49 60 60 56 56 59 84 84 98 80 80 79 79 75 77 77 72 66 66 55 55 46 56 56 75 74 74 77 77 69 43 43 40 36 36 28 28 26 26 26 23
 28 28 33 41 41 50 58 58 63 63 68 64 64 62 90 90 82 82 73 73 73 74 57 57 65 65 60 65 65 86 85 85 85 85 72 46 46 43 38 38 25 25 25 26 26 24
 28 28 33 41 41 50 58 58 63 63 68 64 64 62 90 90 82 82 73 73 73 74 57 57 65 65 60 65 65 86 85 85 85 85 72 46 46 43 38 38 25 25 25 26 26 24
 35 35 33 41 41 38 54 54 56 56 45 44 44 72 56 56 53 53 65 58 58 51 60 60 75 75 61 66 66 83 90 90 87 87 78 46 46 44 30 30 22 22 22 26 26 22
 35 35 33 41 41 38 54 54 56 56 45 44 44 72 56 56 53 53 65 58 58 51 60 60 75 75 61 66 66 83 90 90 87 87 78 46 46 44 30 30 22 22 22 26 26 22
 42 42 35 40 40 40 43 43 46 46 44 45 45 45 39 39 44 44 35 42 42 50 55 55 55 55 72 81 81 102 122 122 93 93 58 46 46 43 27 27 24 24 24 24 24 18
 26 26 34 36 36 40 40 40 41 41 37 40 40 37 38 38 31 31 36 42 42 47 64 64 90 90 75 75 75 81 93 93 103 103 84 44 44 41 34 34 28 28 27 28 28 26
 26 26 34 36 36 40 40 40 41 41 37 40 40 37 38 38 31 31 36 42 42 47 64 64 90 90 75 75 75 81 93 93 103 103 84 44 44 41 34 34 28 28 27 28 28 26
 29 29 32 37 37 41 37 37 32 32 36 32 32 39 35 35 30 30 37 41 41 48 63 63 69 69 77 85 85 71 95 95 80 80 54 48 48 46 25 25 32 32 31 31 31 32
 30 30 33 38 38 39 37 37 39 39 36 39 39 38 40 40 34 34 39 45 45 59 67 67 81 81 64 73 73 73 72 72 55 55 54 40 40 31 30 30 27 27 30 30 30 29
 30 30 33 38 38 39 37 37 39 39 36 39 39 38 40 40 34 34 39 45 45 59 67 67 81 81 64 73 73 73 72 72 55 55 54 40 40 31 30 30 27 27 30 30 30 29
 33 33 36 38 38 35 46 46 38 38 36 26 26 26 36 36 34 34 51 55 55 45 53 53 79 79 81 65 65 70 74 74 56 56 44 40 40 26 26 26 30 30 29 34 34 23
 33 33 36 38 38 35 46 46 38 38 36 26 26 26 36 36 34 34 51 55 55 45 53 53 79 79 81 65 65 70 74 74 56 56 44 40 40 26 26 26 30 30 29 34 34 23
 40 40 43 40 40 35 35 35 29 29 30 26 26 27 36 36 57 57 47 48 48 53 64 64 65 65 75 85 85 75 83 83 65 65 50 37 37 30 29 29 29 29 28 29 29 29
 41 41 38 39 39 39 30 30 26 26 19 28 28 30 37 37 46 46 39 39 39 44 57 57 75 75 60 53 53 77 83 83 67 67 62 46 46 28 26 26 31 31 34 31 31 22
 41 41 38 39 39 39 30 30 26 26 19 28 28 30 37 37 46 46 39 39 39 44 57 57 75 75 60 53 53 77 83 83 67 67 62 46 46 28 26 26 31 31 34 31 31 22
 42 42 39 41 41 37 27 27 23 23 24 25 25 32 36 36 46 46 37 36 36 38 47 47 60 60 60 69 69 63 66 66 67 67 51 43 43 29 34 34 26 26 36 30 30 24
 40 40 29 25 25 28 25 25 26 26 36 32 32 38 52 52 44 44 46 48 48 36 43 43 84 84 61 73 73 78 79 79 70 70 53 38 38 32 32 32 29 29 32 32 32 25
 40 40 29 25 25 28 25 25 26 26 36 32 32 38 52 52 44 44 46 48 48 36 43 43 84 84 61 73 73 78 79 79 70 70 53 38 38 32 32 32 29 29 32 32 32 25
 40 40 33 25 25 29 28 28 30 30 37 26 26 38 46 46 47 47 55 36 36 45 49 49 54 54 88 76 76 91 79 79 52 52 51 43 43 49 32 32 43 43 42 38 38 35
 40 40 33 25 25 29 28 28 30 30 37 26 26 38 46 46 47 47 55 36 36 45 49 49 54 54 88 76 76 91 79 79 52 52 51 43 43 49 32 32 43 43 42 38 38 35
 25 25 42 19 19 29 33 33 34 34 31 30 30 41 37 37 39 39 31 40 40 35 56 56 85 85 90 62 62 64 47 47 60 60 46 44 44 42 39 39 47 47 38 46 46 30
 27 27 20 12 12 17 24 24 23 23 24 26 26 28 30 30 36 36 27 53 53 28 43 43 62 62 51 44 44 55 50 50 51 51 42 53 53 42 34 34 51 51 37 46 46 26
 27 27 20 12 12 17 24 24 23 23 24 26 26 28 30 30 36 36 27 53 53 28 43 43 62 62 51 44 44 55 50 50 51 51 42 53 53 42 34 34 51 51 37 46 46 26
 14 14 11 12 12 13 12 12 12 12 29 16 16 21 19 19 22 22 26 23 23 24 37 37 53 53 35 36 36 40 53 53 42 42 35 43 43 49 42 42 51 51 35 35 35 28
 6 6 12 10 10 8 8 8 18 18 16 13 13 14 15 15 20 20 24 25 25 27 40 40 38 38 31 28 28 43 41 41 56 56 57 53 53 52 38 38 41 41 31 45 45 43
 6 6 12 10 10 8 8 8 18 18 16 13 13 14 15 15 20 20 24 25 25 27 40 40 38 38 31 28 28 43 41 41 56 56 57 53 53 52 38 38 41 41 31 45 45 43
 3 3 3 9 9 11 12 12 10 10 15 11 11 14 15 15 18 18 18 24 24 30 34 34 27 27 28 29 29 38 40 40 33 33 42 50 50 27 35 35 33 33 34 37 37 41
 3 3 3 9 9 11 12 12 10 10 15 11 11 14 15 15 18 18 18 24 24 30 34 34 27 27 28 29 29 38 40 40 33 33 42 50 50 27 35 35 33 33 34 37 37 41
 10 10 3 7 7 11 12 12 12 12 12 10 10 10 11 11 21 21 19 26 26 23 33 33 26 26 24 24 24 21 26 26 36 36 40 68 68 29 32 32 24 24 32 31 31 32
 13 13 3 3 3 10 14 14 12 12 10 10 10 10 8 8 10 10 15 16 16 19 21 21 21 21 16 19 19 19 24 24 20 20 27 28 28 35 26 26 19 19 25 25 25 31
 13 13 3 3 3 10 14 14 12 12 10 10 10 10 8 8 10 10 15 16 16 19 21 21 21 21 16 19 19 19 24 24 20 20 27 28 28 35 26 26 19 19 25 25 25 31
 2 2 2 3 3 10 10 10 9 9 9 11 11 9 9 9 10 10 10 12 12 19 15 15 15 15 16 13 13 13 18 18 20 20 25 23 23 22 24 24 19 19 24 57 57 21
 2 2 3 4 4 6 7 7 10 10 5 9 9 8 7 7 6 6 6 4 4 8 8 8 11 11 14 13 13 12 12 12 6 6 8 10 10 14 14 14 12 12 14 43 43 7
