assets/RAT_results_old/precipitation/2017-07-19_IMERG.asc
ncols        46
nrows        77
xllcorner    74.800261325624
yllcorner    8.058333333333
cellsize     0.062500000000
NODATA_value -9999
 21 21 27 30 30 23 26 26 26 26 21 32 32 32 19 19 12 12 17 17 17 11 4 4 10 10 10 6 6 5 2 2 5 5 6 2 2 0 0 0 0 0 0 0 0 0
 21 21 28 25 25 33 36 36 24 24 41 42 42 29 17 17 46 46 17 13 13 15 13 13 10 10 7 3 3 2 5 5 4 4 4 1 1 0 0 0 0 0 0 0 0 0
 21 21 28 25 25 33 36 36 24 24 41 42 42 29 17 17 46 46 17 13 13 15 13 13 10 10 7 3 3 2 5 5 4 4 4 1 1 0 0 0 0 0 0 0 0 0
 24 24 25 24 24 41 41 41 51 51 62 38 38 28 28 28 19 19 13 12 12 14 8 8 9 9 3 1 1 1 1 1 0 0 1 0 0 0 0 0 0 0 0 0 0 2
 16 16 24 18 18 34 39 39 60 60 89 64 64 15 19 19 19 19 12 14 14 6 3 3 3 3 2 1 1 2 2 2 0 0 0 0 0 0 0 0 2 2 5 0 0 0
 16 16 24 18 18 34 39 39 60 60 89 64 64 15 19 19 19 19 12 14 14 6 3 3 3 3 2 1 1 2 2 2 0 0 0 0 0 0 0 0 2 2 5 0 0 0
 7 7 8 11 11 31 50 50 53 53 56 28 28 19 26 26 20 20 16 17 17 8 6 6 7 7 10 6 6 4 3 3 1 1 0 0 0 0 0 0 2 2 0 0 0 0
 7 7 8 11 11 31 50 50 53 53 56 28 28 19 26 26 20 20 16 17 17 8 6 6 7 7 10 6 6 4 3 3 1 1 0 0 0 0 0 0 2 2 0 0 0 0
 5 5 4 9 9 14 33 33 35 35 29 29 29 19 18 18 10 10 13 16 16 13 7 7 16 16 19 11 11 5 5 5 2 2 0 3 3 0 0 0 0 0 0 1 1 0
 3 3 2 6 6 9 18 18 21 21 24 30 30 15 17 17 14 14 17 19 19 16 17 17 12 12 11 10 10 4 6 6 2 2 0 0 0 0 0 0 0 0 0 0 0 0
 3 3 2 6 6 9 18 18 21 21 24 30 30 15 17 17 14 14 17 19 19 16 17 17 12 12 11 10 10 4 6 6 2 2 0 0 0 0 0 0 0 0 0 0 0 0
 2 2 2 4 4 5 7 7 13 13 10 19 19 17 16 16 17 17 17 25 25 20 15 15 7 7 4 1 1 5 9 9 3 3 0 0 0 0 1 1 1 1 1 2 2 3
 2 2 1 2 2 5 4 4 8 8 12 12 12 32 18 18 26 26 19 17 17 16 6 6 4 4 6 3 3 6 3 3 0 0 0 0 0 0 0 0 0 0 1 3 3 1
 2 2 1 2 2 5 4 4 8 8 12 12 12 32 18 18 26 26 19 17 17 16 6 6 4 4 6 3 3 6 3 3 0 0 0 0 0 0 0 0 0 0 1 3 3 1
 2 2 1 2 2 4 13 13 13 13 16 15 15 10 17 17 15 15 17 11 11 10 9 9 1 1 3 3 3 5 2 2 5 5 0 0 0 0 1 1 1 1 2 3 3 1
 2 2 1 2 2 4 13 13 13 13 16 15 15 10 17 17 15 15 17 11 11 10 9 9 1 1 3 3 3 5 2 2 5 5 0 0 0 0 1 1 1 1 2 3 3 1
 1 1 3 4 4 6 15 15 17 17 17 17 17 16 12 12 10 10 12 16 16 7 4 4 2 2 4 4 4 3 4 4 1 1 1 0 0 0 0 0 0 0 2 2 2 2
 3 3 2 3 3 4 6 6 15 15 18 16 16 25 12 12 17 17 13 15 15 5 2 2 5 5 6 14 14 5 2 2 1 1 2 0 0 2 2 2 2 2 2 3 3 1
 3 3 2 3 3 4 6 6 15 15 18 16 16 25 12 12 17 17 13 15 15 5 2 2 5 5 6 14 14 5 2 2 1 1 2 0 0 2 2 2 2 2 2 3 3 1
 3 3 4 3 3 4 5 5 13 13 24 14 14 16 13 13 14 14 8 9 9 6 3 3 3 3 4 5 5 3 4 4 1 1 1 2 2 3 2 2 2 2 3 6 6 5
 4 4 5 8 8 5 5 5 7 7 18 17 17 14 14 14 8 8 7 13 13 10 13 13 24 24 15 18 18 11 5 5 3 3 2 1 1 2 2 2 2 2 3 5 5 7
 4 4 5 8 8 5 5 5 7 7 18 17 17 14 14 14 8 8 7 13 13 10 13 13 24 24 15 18 18 11 5 5 3 3 2 1 1 2 2 2 2 2 3 5 5 7
 2 2 4 4 4 3 4 4 5 5 5 16 16 14 13 13 17 17 6 14 14 11 10 10 16 16 12 10 10 10 1 1 1 1 2 1 1 1 2 2 0 0 3 1 1 15
 2 2 4 4 4 3 4 4 5 5 5 16 16 14 13 13 17 17 6 14 14 11 10 10 16 16 12 10 10 10 1 1 1 1 2 1 1 1 2 2 0 0 3 1 1 15
 2 2 2 3 3 3 5 5 3 3 6 10 10 12 19 19 15 15 8 12 12 9 10 10 9 9 9 7 7 2 1 1 1 1 1 1 1 0 0 0 1 1 0 0 0 0
 2 2 2 3 3 6 10 10 4 4 5 4 4 11 19 19 24 24 13 10 10 6 4 4 8 8 7 7 7 4 1 1 1 1 1 0 0 0 0 0 0 0 0 0 0 0
 2 2 2 3 3 6 10 10 4 4 5 4 4 11 19 19 24 24 13 10 10 6 4 4 8 8 7 7 7 4 1 1 1 1 1 0 0 0 0 0 0 0 0 0 0 0
 3 3 3 6 6 15 14 14 5 5 7 7 7 10 15 15 19 19 19 11 11 8 4 4 7 7 7 8 8 3 1 1 1 1 0 0 0 0 0 0 0 0 0 0 0 0
 7 7 5 10 10 19 9 9 16 16 18 10 10 8 15 15 29 29 26 11 11 10 9 9 6 6 4 2 2 2 1 1 1 1 1 1 1 1 1 1 1 1 1 1 1 0
 7 7 5 10 10 19 9 9 16 16 18 10 10 8 15 15 29 29 26 11 11 10 9 9 6 6 4 2 2 2 1 1 1 1 1 1 1 1 1 1 1 1 1 1 1 0
 8 8 8 9 9 7 8 8 23 23 20 23 23 17 21 21 29 29 19 15 15 12 9 9 7 7 6 5 5 3 2 2 2 2 2 2 2 2 1 1 2 2 2 1 1 1
 8 8 8 9 9 7 8 8 23 23 20 23 23 17 21 21 29 29 19 15 15 12 9 9 7 7 6 5 5 3 2 2 2 2 2 2 2 2 1 1 2 2 2 1 1 1
 5 5 4 8 8 5 17 17 16 16 21 26 26 16 22 22 29 29 22 16 16 10 10 10 10 10 12 5 5 3 4 4 3 3 3 4 4 3 2 2 3 3 3 2 2 2
 4 4 4 2 2 2 19 19 22 22 26 34 34 8 17 17 16 16 17 12 12 6 8 8 10 10 6 11 11 2 3 3 3 3 3 3 3 5 4 4 5 5 5 3 3 2
 4 4 4 2 2 2 19 19 22 22 26 34 34 8 17 17 16 16 17 12 12 6 8 8 10 10 6 11 11 2 3 3 3 3 3 3 3 5 4 4 5 5 5 3 3 2
 10 10 5 3 3 3 6 6 19 19 5 4 4 4 6 6 9 9 10 5 5 5 6 6 3 3 3 4 4 2 5 5 3 3 2 2 2 5 4 4 4 4 3 4 4 2
 21 21 11 4 4 4 8 8 11 11 7 4 4 4 5 5 7 7 7 9 9 21 7 7 9 9 9 9 9 7 4 4 1 1 2 1 1 1 1 1 1 1 3 1 1 1
 21 21 11 4 4 4 8 8 11 11 7 4 4 4 5 5 7 7 7 9 9 21 7 7 9 9 9 9 9 7 4 4 1 1 2 1 1 1 1 1 1 1 3 1 1 1
 20 20 13 21 21 14 20 20 9 9 16 9 9 5 14 14 6 6 14 12 12 12 10 10 10 10 10 12 12 11 8 8 4 4 5 2 2 1 4 4 1 1 1 1 1 0
 20 20 13 21 21 14 20 20 9 9 16 9 9 5 14 14 6 6 14 12 12 12 10 10 10 10 10 12 12 11 8 8 4 4 5 2 2 1 4 4 1 1 1 1 1 0
 14 14 16 13 13 25 20 20 22 22 22 26 26 19 54 54 10 10 8 15 15 19 14 14 24 24 17 10 10 15 13 13 9 9 7 9 9 5 10 10 2 2 0 0 0 0
 16 16 20 12 12 26 20 20 65 65 48 36 36 24 20 20 16 16 11 13 13 27 17 17 26 26 22 27 27 24 22 22 16 16 18 17 17 6 6 6 5 5 4 3 3 4
 16 16 20 12 12 26 20 20 65 65 48 36 36 24 20 20 16 16 11 13 13 27 17 17 26 26 22 27 27 24 22 22 16 16 18 17 17 6 6 6 5 5 4 3 3 4
 10 10 11 9 9 14 32 32 64 64 75 44 44 12 16 16 33 33 7 18 18 32 20 20 24 24 34 34 34 21 24 24 31 31 20 18 18 7 5 5 4 4 1 1 1 0
 5 5 6 8 8 18 26 26 19 19 20 22 22 20 7 7 6 6 15 17 17 7 22 22 19 19 19 44 44 14 30 30 21 21 17 12 12 6 3 3 2 2 2 0 0 0
 5 5 6 8 8 18 26 26 19 19 20 22 22 20 7 7 6 6 15 17 17 7 22 22 19 19 19 44 44 14 30 30 21 21 17 12 12 6 3 3 2 2 2 0 0 0
 4 4 5 7 7 6 6 6 7 7 5 7 7 10 4 4 3 3 9 10 10 7 10 10 12 12 20 26 26 11 17 17 19 19 14 14 14 4 1 1 0 0 0 1 1 0
 4 4 5 7 7 6 6 6 7 7 5 7 7 10 4 4 3 3 9 10 10 7 10 10 12 12 20 26 26 11 17 17 19 19 14 14 14 4 1 1 0 0 0 1 1 0
 3 3 3 6 6 3 4 4 6 6 3 3 3 2 3 3 2 2 2 7 7 7 8 8 11 11 7 9 9 9 16 16 11 11 10 5 5 0 0 0 0 0 0 0 0 0
 2 2 2 2 2 2 3 3 3 3 3 3 3 2 2 2 1 1 1 11 11 12 15 15 11 11 12 6 6 10 4 4 3 3 7 6 6 3 2 2 0 0 3 0 0 0
 2 2 2 2 2 2 3 3 3 3 3 3 3 2 2 2 1 1 1 11 11 12 15 15 11 11 12 6 6 10 4 4 3 3 7 6 6 3 2 2 0 0 3 0 0 0
 1 1 1 1 1 1 2 2 2 2 2 1 1 2 1 1 1 1 2 11 11 14 15 15 17 17 13 11 11 9 6 6 4 4 4 5 5 5 0 0 0 0 3 0 0 1
 1 1 1 1 1 1 1 1 1 1 1 1 1 1 1 1 1 1 4 9 9 8 14 14 16 16 12 7 7 12 10 10 7 7 7 5 5 5 3 3 0 0 0 1 1 0
 1 1 1 1 1 1 1 1 1 1 1 1 1 1 1 1 1 1 4 9 9 8 14 14 16 16 12 7 7 12 10 10 7 7 7 5 5 5 3 3 0 0 0 1 1 0
 1 1 1 1 1 0 0 0 1 1 0 0 0 1 1 1 1 1 1 0 0 2 4 4 6 6 11 11 11 10 22 22 10 10 9 8 8 3 3 3 3 3 7 0 0 0
 1 1 1 1 1 0 0 0 1 1 0 0 0 1 1 1 1 1 1 0 0 2 4 4 6 6 11 11 11 10 22 22 10 10 9 8 8 3 3 3 3 3 7 0 0 0
 0 0 1 1 1 0 0 0 0 0 0 0 0 0 0 0 5 5 1 1 1 1 4 4 8 8 6 6 6 10 10 10 11 11 9 7 7 7 6 6 5 5 2 0 0 0
 0 0 1 3 3 0 0 0 0 0 0 1 1 0 2 2 1 1 0 6 6 1 1 1 5 5 7 3 3 3 17 17 3 3 4 2 2 0 0 0 3 3 1 0 0 0
 0 0 1 3 3 0 0 0 0 0 0 1 1 0 2 2 1 1 0 6 6 1 1 1 5 5 7 3 3 3 17 17 3 3 4 2 2 0 0 0 3 3 1 0 0 0
 0 0 0 0 0 0 1 1 0 0 0 1 1 0 1 1 0 0 1 2 2 0 2 2 3 3 5 1 1 3 1 1 0 0 0 5 5 4 0 0 0 0 0 0 0 0
 1 1 0 0 0 1 1 1 1 1 0 0 0 0 0 0 0 0 0 1 1 0 0 0 2 2 2 1 1 1 0 0 1 1 3 5 5 13 0 0 0 0 0 0 0 0
 1 1 0 0 0 1 1 1 1 1 0 0 0 0 0 0 0 0 0 1 1 0 0 0 2 2 2 1 1 1 0 0 1 1 3 5 5 13 0 0 0 0 0 0 0 0
 1 1 1 0 0 1 1 1 1 1 1 1 1 0 0 0 0 0 0 0 0 0 0 0 0 0 1 1 1 1 1 1 7 7 3 4 4 6 3 3 0 0 0 0 0 0
 1 1 1 0 0 1 1 1 1 1 1 1 1 0 0 0 0 0 0 0 0 0 0 0 0 0 1 1 1 1 1 1 7 7 3 4 4 6 3 3 0 0 0 0 0 0
 1 1 1 1 1 2 0 0 1 1 1 1 1 0 0 0 0 0 0 0 0 0 0 0 1 1 1 0 0 0 2 2 7 7 2 0 0 2 1 1 0 0 0 0 0 0
 1 1 1 0 0 0 1 1 1 1 1 1 1 1 0 0 0 0 0 0 0 0 1 1 2 2 1 2 2 3 3 3 2 2 1 2 2 1 1 1 2 2 0 0 0 0
 1 1 1 0 0 0 1 1 1 1 1 1 1 1 0 0 0 0 0 0 0 0 1 1 2 2 1 2 2 3 3 3 2 2 1 2 2 1 1 1 2 2 0 0 0 0
 1 1 1 1 1 0 1 1 1 1 1 1 1 2 0 0 1 1 1 0 0 0 0 0 0 0 0 1 1 1 2 2 3 3 1 1 1 1 1 1 0 0 0 0 0 2
 1 1 1 0 0 1 0 0 0 0 0 1 1 2 1 1 1 1 2 1 1 0 0 0 0 0 0 0 0 1 1 1 11 11 2 2 2 0 0 0 0 0 1 1 1 3
 1 1 1 0 0 1 0 0 0 0 0 1 1 2 1 1 1 1 2 1 1 0 0 0 0 0 0 0 0 1 1 1 11 11 2 2 2 0 0 0 0 0 1 1 1 3
 1 1 1 0 0 0 0 0 1 1 1 4 4 3 1 1 0 0 0 0 0 0 0 0 0 0 0 1 1 1 2 2 1 1 2 2 2 0 1 1 1 1 2 1 1 2
 1 1 1 0 0 0 0 0 1 1 1 4 4 3 1 1 0 0 0 0 0 0 0 0 0 0 0 1 1 1 2 2 1 1 2 2 2 0 1 1 1 1 2 1 1 2
 0 0 1 0 0 0 0 0 0 0 1 1 1 1 1 1 0 0 0 0 0 0 1 1 1 1 1 1 1 1 2 2 3 3 5 5 5 4 6 6 7 7 7 4 4 4
 0 0 0 0 0 0 0 0 0 0 0 0 0 0 0 0 0 0 0 0 0 0 1 1 1 1 1 2 2 2 2 2 4 4 5 6 6 7 7 7 5 5 5 3 3 5
 0 0 0 0 0 0 0 0 0 0 0 0 0 0 0 0 0 0 0 0 0 0 1 1 1 1 1 2 2 2 2 2 4 4 5 6 6 7 7 7 5 5 5 3 3 5
 0 0 0 0 0 0 0 0 0 0 0 0 0 0 0 0 0 0 0 0 0 1 1 1 2 2 2 2 2 3 3 3 3 3 6 5 5 5 5 5 6 6 5 3 3 2
 0 0 0 0 0 0 0 0 0 0 0 0 0 0 0 0 0 0 0 1 1 3 3 3 4 4 4 4 4 4 4 4 5 5 4 4 4 7 8 8 6 6 5 5 5 1
