assets/RAT_results_old/precipitation/2017-08-04_IMERG.asc
ncols        46
nrows        77
xllcorner    74.800261325624
yllcorner    8.058333333333
cellsize     0.062500000000
NODATA_value -9999
 42 42 45 43 43 81 52 52 42 42 29 11 11 9 17 17 8 8 4 5 5 4 1 1 0 0 0 0 0 0 0 0 0 0 0 0 0 0 0 0 0 0 0 0 0 0
 44 44 54 49 49 60 59 59 89 89 42 34 34 25 17 17 5 5 5 4 4 4 4 4 4 4 1 1 1 1 0 0 0 0 0 0 0 0 0 0 0 0 0 0 0 0
 44 44 54 49 49 60 59 59 89 89 42 34 34 25 17 17 5 5 5 4 4 4 4 4 4 4 1 1 1 1 0 0 0 0 0 0 0 0 0 0 0 0 0 0 0 0
 65 65 50 68 68 74 113 113 54 54 47 41 41 34 29 29 17 17 6 2 2 1 1 1 1 1 1 0 0 0 0 0 0 0 0 0 0 0 0 0 0 0 0 0 0 0
 34 34 60 48 48 63 56 56 80 80 59 51 51 26 35 35 19 19 9 4 4 1 1 1 1 1 2 1 1 1 0 0 0 0 0 0 0 0 0 0 0 0 0 0 0 0
 34 34 60 48 48 63 56 56 80 80 59 51 51 26 35 35 19 19 9 4 4 1 1 1 1 1 2 1 1 1 0 0 0 0 0 0 0 0 0 0 0 0 0 0 0 0
 37 37 39 41 41 54 45 45 64 64 64 54 54 45 47 47 48 48 23 20 20 1 1 1 2 2 1 1 1 1 1 1 0 0 0 0 0 0 0 0 0 0 0 0 0 0
 37 37 39 41 41 54 45 45 64 64 64 54 54 45 47 47 48 48 23 20 20 1 1 1 2 2 1 1 1 1 1 1 0 0 0 0 0 0 0 0 0 0 0 0 0 0
 37 37 50 86 86 39 34 34 29 29 31 20 20 43 35 35 31 31 21 11 11 4 1 1 2 2 2 1 1 1 1 1 1 1 1 2 2 1 0 0 0 0 0 0 0 0
 46 46 35 48 48 47 42 42 32 32 33 27 27 28 22 22 11 11 8 6 6 4 3 3 2 2 2 2 2 1 1 1 0 0 1 5 5 5 2 2 1 1 0 0 0 0
 46 46 35 48 48 47 42 42 32 32 33 27 27 28 22 22 11 11 8 6 6 4 3 3 2 2 2 2 2 1 1 1 0 0 1 5 5 5 2 2 1 1 0 0 0 0
 38 38 36 38 38 47 46 46 62 62 55 15 15 18 28 28 10 10 7 6 6 4 1 1 1 1 1 1 1 0 0 0 0 0 0 1 1 1 1 1 0 0 0 0 0 0
 20 20 19 19 19 27 32 32 36 36 28 20 20 22 46 46 22 22 12 5 5 4 4 4 2 2 0 2 2 0 0 0 0 0 0 0 0 0 1 1 0 0 0 0 0 0
 20 20 19 19 19 27 32 32 36 36 28 20 20 22 46 46 22 22 12 5 5 4 4 4 2 2 0 2 2 0 0 0 0 0 0 0 0 0 1 1 0 0 0 0 0 0
 11 11 22 29 29 30 32 32 30 30 26 39 39 25 36 36 25 25 10 7 7 5 4 4 2 2 1 0 0 0 3 3 0 0 0 0 0 0 0 0 0 0 0 0 0 0
 11 11 22 29 29 30 32 32 30 30 26 39 39 25 36 36 25 25 10 7 7 5 4 4 2 2 1 0 0 0 3 3 0 0 0 0 0 0 0 0 0 0 0 0 0 0
 9 9 10 19 19 33 29 29 38 38 31 35 35 26 30 30 48 48 24 15 15 12 13 13 9 9 0 0 0 0 0 0 0 0 0 0 0 1 0 0 0 0 0 0 0 0
 10 10 16 28 28 34 31 31 28 28 27 33 33 19 25 25 50 50 29 14 14 17 11 11 9 9 0 0 0 1 0 0 0 0 1 1 1 1 3 3 1 1 0 0 0 0
 10 10 16 28 28 34 31 31 28 28 27 33 33 19 25 25 50 50 29 14 14 17 11 11 9 9 0 0 0 1 0 0 0 0 1 1 1 1 3 3 1 1 0 0 0 0
 10 10 11 23 23 26 45 45 32 32 28 37 37 62 73 73 68 68 43 27 27 37 15 15 12 12 1 0 0 0 4 4 0 0 0 0 0 1 1 1 0 0 0 0 0 0
 11 11 13 21 21 20 34 34 24 24 34 45 45 76 62 62 58 58 78 54 54 38 22 22 11 11 1 5 5 3 2 2 4 4 1 1 1 0 0 0 0 0 0 0 0 0
 11 11 13 21 21 20 34 34 24 24 34 45 45 76 62 62 58 58 78 54 54 38 22 22 11 11 1 5 5 3 2 2 4 4 1 1 1 0 0 0 0 0 0 0 0 0
 9 9 10 13 13 18 24 24 24 24 37 52 52 72 101 101 88 88 47 41 41 33 29 29 15 15 22 11 11 6 7 7 5 5 4 5 5 1 1 1 1 1 1 1 1 1
 9 9 10 13 13 18 24 24 24 24 37 52 52 72 101 101 88 88 47 41 41 33 29 29 15 15 22 11 11 6 7 7 5 5 4 5 5 1 1 1 1 1 1 1 1 1
 7 7 8 9 9 16 25 25 24 24 30 59 59 57 50 50 76 76 48 36 36 31 16 16 9 9 11 16 16 14 7 7 1 1 1 1 1 0 0 0 1 1 1 0 0 0
 4 4 5 6 6 9 9 9 17 17 25 61 61 41 50 50 58 58 52 41 41 23 28 28 17 17 18 17 17 17 6 6 0 0 0 0 0 0 0 0 0 0 0 0 0 0
 4 4 5 6 6 9 9 9 17 17 25 61 61 41 50 50 58 58 52 41 41 23 28 28 17 17 18 17 17 17 6 6 0 0 0 0 0 0 0 0 0 0 0 0 0 0
 3 3 5 8 8 13 11 11 18 18 26 29 29 29 36 36 41 41 24 31 31 10 14 14 11 11 14 5 5 1 1 1 0 0 0 0 0 0 0 0 0 0 0 0 0 0
 3 3 4 8 8 11 12 12 27 27 26 31 31 32 44 44 26 26 31 10 10 17 9 9 9 9 8 1 1 7 20 20 0 0 0 0 0 0 0 0 0 0 0 0 0 0
 3 3 4 8 8 11 12 12 27 27 26 31 31 32 44 44 26 26 31 10 10 17 9 9 9 9 8 1 1 7 20 20 0 0 0 0 0 0 0 0 0 0 0 0 0 0
 5 5 6 6 6 11 13 13 26 26 22 30 30 34 28 28 31 31 30 17 17 13 13 13 2 2 3 3 3 1 5 5 4 4 0 0 0 0 0 0 2 2 0 0 0 2
 5 5 6 6 6 11 13 13 26 26 22 30 30 34 28 28 31 31 30 17 17 13 13 13 2 2 3 3 3 1 5 5 4 4 0 0 0 0 0 0 2 2 0 0 0 2
 5 5 5 5 5 8 18 18 20 20 23 26 26 35 21 21 20 20 20 13 13 12 11 11 5 5 12 2 2 9 2 2 1 1 0 0 0 0 0 0 0 0 0 0 0 0
 5 5 4 7 7 5 16 16 19 19 22 23 23 30 30 30 30 30 34 15 15 22 17 17 7 7 4 1 1 4 1 1 1 1 0 5 5 0 0 0 0 0 0 0 0 0
 5 5 4 7 7 5 16 16 19 19 22 23 23 30 30 30 30 30 34 15 15 22 17 17 7 7 4 1 1 4 1 1 1 1 0 5 5 0 0 0 0 0 0 0 0 0
 4 4 4 5 5 6 17 17 17 17 18 20 20 32 30 30 35 35 31 28 28 23 8 8 5 5 3 1 1 2 1 1 1 1 0 0 0 0 0 0 0 0 0 0 0 0
 5 5 4 9 9 7 22 22 23 23 25 24 24 26 26 26 37 37 28 19 19 5 4 4 4 4 5 4 4 1 11 11 1 1 0 0 0 0 0 0 0 0 0 0 0 0
 5 5 4 9 9 7 22 22 23 23 25 24 24 26 26 26 37 37 28 19 19 5 4 4 4 4 5 4 4 1 11 11 1 1 0 0 0 0 0 0 0 0 0 0 0 0
 4 4 8 8 8 13 14 14 25 25 24 22 22 16 9 9 8 8 11 14 14 6 3 3 8 8 16 5 5 16 8 8 4 4 2 1 1 0 0 0 0 0 0 0 0 0
 4 4 8 8 8 13 14 14 25 25 24 22 22 16 9 9 8 8 11 14 14 6 3 3 8 8 16 5 5 16 8 8 4 4 2 1 1 0 0 0 0 0 0 0 0 0
 2 2 2 7 7 13 18 18 25 25 20 11 11 11 5 5 11 11 12 11 11 10 15 15 17 17 15 18 18 16 2 2 3 3 3 0 0 0 5 5 0 0 1 4 4 1
 1 1 1 2 2 5 8 8 21 21 18 13 13 15 7 7 6 6 1 2 2 5 12 12 16 16 11 13 13 10 25 25 4 4 2 1 1 0 1 1 0 0 4 8 8 6
 1 1 1 2 2 5 8 8 21 21 18 13 13 15 7 7 6 6 1 2 2 5 12 12 16 16 11 13 13 10 25 25 4 4 2 1 1 0 1 1 0 0 4 8 8 6
 1 1 1 1 1 3 6 6 16 16 19 22 22 15 2 2 5 5 4 2 2 5 7 7 17 17 2 12 12 10 11 11 12 12 9 2 2 4 2 2 5 5 5 11 11 4
 0 0 0 1 1 2 2 2 4 4 4 6 6 3 1 1 4 4 4 3 3 8 4 4 3 3 1 3 3 12 18 18 10 10 6 10 10 7 2 2 4 4 4 0 0 0
 0 0 0 1 1 2 2 2 4 4 4 6 6 3 1 1 4 4 4 3 3 8 4 4 3 3 1 3 3 12 18 18 10 10 6 10 10 7 2 2 4 4 4 0 0 0
 0 0 0 0 0 1 2 2 3 3 5 5 5 3 4 4 4 4 3 3 3 1 1 1 13 13 3 1 1 4 10 10 13 13 10 6 6 9 6 6 6 6 5 0 0 1
 0 0 0 0 0 1 2 2 3 3 5 5 5 3 4 4 4 4 3 3 3 1 1 1 13 13 3 1 1 4 10 10 13 13 10 6 6 9 6 6 6 6 5 0 0 1
 0 0 0 1 1 2 1 1 2 2 6 5 5 7 8 8 10 10 3 6 6 6 2 2 14 14 19 4 4 4 2 2 7 7 10 9 9 9 9 9 9 9 6 5 5 1
 4 4 0 2 2 2 2 2 3 3 1 3 3 20 19 19 6 6 2 1 1 3 4 4 7 7 18 5 5 5 5 5 4 4 5 4 4 4 9 9 5 5 3 5 5 2
 4 4 0 2 2 2 2 2 3 3 1 3 3 20 19 19 6 6 2 1 1 3 4 4 7 7 18 5 5 5 5 5 4 4 5 4 4 4 9 9 5 5 3 5 5 2
 3 3 0 1 1 2 3 3 1 1 1 2 2 17 26 26 8 8 2 8 8 11 16 16 18 18 22 23 23 9 6 6 9 9 5 5 5 4 5 5 2 2 2 3 3 0
 3 3 1 1 1 1 2 2 2 2 2 3 3 16 23 23 18 18 9 20 20 18 34 34 33 33 14 21 21 26 14 14 12 12 4 9 9 9 2 2 2 2 6 5 5 1
 3 3 1 1 1 1 2 2 2 2 2 3 3 16 23 23 18 18 9 20 20 18 34 34 33 33 14 21 21 26 14 14 12 12 4 9 9 9 2 2 2 2 6 5 5 1
 4 4 1 2 2 1 1 1 1 1 10 11 11 17 18 18 26 26 16 11 11 22 41 41 42 42 28 21 21 13 11 11 28 28 11 7 7 5 5 5 6 6 6 2 2 1
 4 4 1 2 2 1 1 1 1 1 10 11 11 17 18 18 26 26 16 11 11 22 41 41 42 42 28 21 21 13 11 11 28 28 11 7 7 5 5 5 6 6 6 2 2 1
 5 5 2 2 2 1 1 1 1 1 7 8 8 5 3 3 7 7 5 8 8 45 11 11 36 36 28 14 14 15 17 17 17 17 19 6 6 3 2 2 5 5 6 2 2 1
 7 7 1 1 1 0 1 1 1 1 8 7 7 4 6 6 5 5 15 5 5 16 14 14 26 26 22 13 13 8 8 8 6 6 4 19 19 14 4 4 1 1 0 1 1 0
 7 7 1 1 1 0 1 1 1 1 8 7 7 4 6 6 5 5 15 5 5 16 14 14 26 26 22 13 13 8 8 8 6 6 4 19 19 14 4 4 1 1 0 1 1 0
 8 8 1 1 1 0 0 0 1 1 4 3 3 4 7 7 10 10 13 11 11 7 7 7 10 10 27 26 26 24 8 8 3 3 3 10 10 11 17 17 8 8 1 0 0 0
 3 3 1 0 0 0 1 1 0 0 3 4 4 6 6 6 13 13 17 11 11 8 13 13 18 18 22 24 24 22 25 25 13 13 9 4 4 5 2 2 7 7 8 1 1 0
 3 3 1 0 0 0 1 1 0 0 3 4 4 6 6 6 13 13 17 11 11 8 13 13 18 18 22 24 24 22 25 25 13 13 9 4 4 5 2 2 7 7 8 1 1 0
 1 1 2 2 2 0 2 2 1 1 4 4 4 3 6 6 9 9 11 19 19 10 9 9 12 12 16 13 13 10 59 59 20 20 26 9 9 7 4 4 4 4 4 0 0 0
 1 1 2 2 2 0 2 2 1 1 4 4 4 3 6 6 9 9 11 19 19 10 9 9 12 12 16 13 13 10 59 59 20 20 26 9 9 7 4 4 4 4 4 0 0 0
 2 2 3 3 3 1 2 2 1 1 3 11 11 6 5 5 6 6 6 4 4 10 8 8 8 8 6 7 7 6 18 18 13 13 17 3 3 3 4 4 5 5 3 1 1 0
 4 4 7 8 8 1 4 4 2 2 3 13 13 12 5 5 5 5 7 4 4 6 6 6 6 6 8 1 1 12 15 15 17 17 22 20 20 18 9 9 6 6 2 0 0 2
 4 4 7 8 8 1 4 4 2 2 3 13 13 12 5 5 5 5 7 4 4 6 6 6 6 6 8 1 1 12 15 15 17 17 22 20 20 18 9 9 6 6 2 0 0 2
 8 8 12 5 5 2 4 4 7 7 6 8 8 12 4 4 4 4 3 6 6 12 4 4 9 9 22 4 4 2 3 3 12 12 2 4 4 7 19 19 8 8 2 0 0 0
 9 9 4 3 3 4 3 3 5 5 4 8 8 7 6 6 8 8 36 6 6 11 11 11 21 21 19 4 4 8 2 2 10 10 5 4 4 7 6 6 16 16 15 8 8 1
 9 9 4 3 3 4 3 3 5 5 4 8 8 7 6 6 8 8 36 6 6 11 11 11 21 21 19 4 4 8 2 2 10 10 5 4 4 7 6 6 16 16 15 8 8 1
 6 6 7 5 5 5 3 3 6 6 6 9 9 16 7 7 15 15 8 9 9 11 18 18 10 10 7 7 7 2 3 3 4 4 5 4 4 2 4 4 3 3 2 2 2 1
 6 6 7 5 5 5 3 3 6 6 6 9 9 16 7 7 15 15 8 9 9 11 18 18 10 10 7 7 7 2 3 3 4 4 5 4 4 2 4 4 3 3 2 2 2 1
 9 9 7 4 4 4 5 5 6 6 6 9 9 9 6 6 6 6 8 7 7 8 15 15 4 4 2 7 7 8 1 1 3 3 2 4 4 4 3 3 1 1 1 1 1 1
 12 12 14 11 11 4 5 5 7 7 11 10 10 10 7 7 8 8 5 3 3 5 5 5 4 4 6 7 7 9 2 2 1 1 2 0 0 3 2 2 0 0 0 0 0 1
 12 12 14 11 11 4 5 5 7 7 11 10 10 10 7 7 8 8 5 3 3 5 5 5 4 4 6 7 7 9 2 2 1 1 2 0 0 3 2 2 0 0 0 0 0 1
 9 9 12 7 7 3 4 4 4 4 6 6 6 8 6 6 3 3 3 4 4 3 2 2 2 2 3 4 4 5 3 3 3 3 0 1 1 1 2 2 2 2 5 6 6 0
 11 11 3 8 8 3 7 7 3 3 4 5 5 3 4 4 2 2 2 2 2 2 1 1 4 4 3 4 4 3 3 3 1 1 1 1 1 3 0 0 0 0 1 0 0 0
