assets/RAT_results_old/precipitation/2017-11-30_IMERG.asc
ncols        46
nrows        77
xllcorner    74.800261325624
yllcorner    8.058333333333
cellsize     0.062500000000
NODATA_value -9999
 1 1 2 2 2 2 1 1 2 2 2 2 2 2 1 1 1 1 0 0 0 0 0 0 0 0 0 0 0 1 1 1 0 0 0 1 1 0 0 0 0 0 1 0 0 1
 1 1 2 2 2 2 1 1 2 2 3 2 2 1 1 1 0 0 0 0 0 0 0 0 0 0 0 0 0 0 0 0 0 0 1 0 0 1 1 1 1 1 1 0 0 1
 1 1 2 2 2 2 1 1 2 2 3 2 2 1 1 1 0 0 0 0 0 0 0 0 0 0 0 0 0 0 0 0 0 0 1 0 0 1 1 1 1 1 1 0 0 1
 1 1 2 2 2 2 1 1 2 2 2 2 2 1 1 1 1 1 1 0 0 0 0 0 0 0 0 0 0 0 0 0 0 0 1 0 0 1 1 1 1 1 1 1 1 1
 1 1 1 2 2 2 2 2 2 2 2 2 2 1 0 0 0 0 0 0 0 0 0 0 0 0 0 0 0 0 0 0 0 0 0 1 1 1 2 2 1 1 1 0 0 1
 1 1 1 2 2 2 2 2 2 2 2 2 2 1 0 0 0 0 0 0 0 0 0 0 0 0 0 0 0 0 0 0 0 0 0 1 1 1 2 2 1 1 1 0 0 1
 1 1 1 2 2 2 3 3 3 3 3 4 4 1 0 0 0 0 0 0 0 0 0 0 0 0 0 0 0 0 0 0 0 0 1 1 1 1 1 1 1 1 0 0 0 1
 1 1 1 2 2 2 3 3 3 3 3 4 4 1 0 0 0 0 0 0 0 0 0 0 0 0 0 0 0 0 0 0 0 0 1 1 1 1 1 1 1 1 0 0 0 1
 1 1 1 2 2 1 2 2 3 3 4 3 3 1 0 0 0 0 0 0 0 0 1 1 0 0 0 0 0 0 0 0 0 0 1 2 2 1 1 1 1 1 1 1 1 1
 2 2 1 1 1 1 2 2 3 3 5 3 3 1 0 0 0 0 0 0 0 0 0 0 0 0 1 0 0 0 0 0 0 0 1 1 1 2 0 0 0 0 1 2 2 2
 2 2 1 1 1 1 2 2 3 3 5 3 3 1 0 0 0 0 0 0 0 0 0 0 0 0 1 0 0 0 0 0 0 0 1 1 1 2 0 0 0 0 1 2 2 2
 1 1 1 1 1 1 2 2 3 3 4 2 2 1 0 0 0 0 0 0 0 0 0 0 0 0 0 0 0 0 0 0 0 0 0 1 1 1 1 1 1 1 2 2 2 2
 0 0 1 1 1 2 2 2 3 3 3 2 2 0 0 0 0 0 0 0 0 0 0 0 0 0 0 0 0 0 0 0 0 0 0 1 1 1 1 1 1 1 2 2 2 2
 0 0 1 1 1 2 2 2 3 3 3 2 2 0 0 0 0 0 0 0 0 0 0 0 0 0 0 0 0 0 0 0 0 0 0 1 1 1 1 1 1 1 2 2 2 2
 0 0 1 1 1 2 3 3 3 3 2 1 1 1 1 1 0 0 0 0 0 0 0 0 0 0 1 1 1 0 1 1 1 1 1 1 1 1 2 2 3 3 3 2 2 7
 0 0 1 1 1 2 3 3 3 3 2 1 1 1 1 1 0 0 0 0 0 0 0 0 0 0 1 1 1 0 1 1 1 1 1 1 1 1 2 2 3 3 3 2 2 7
 1 1 1 1 1 1 2 2 3 3 1 1 1 1 1 1 1 1 1 1 1 0 1 1 1 1 1 1 1 1 1 1 1 1 1 1 1 1 2 2 4 4 3 3 3 6
 1 1 1 1 1 1 1 1 1 1 1 1 1 1 2 2 1 1 1 0 0 1 2 2 1 1 1 2 2 1 1 1 1 1 1 2 2 2 2 2 3 3 3 3 3 4
 1 1 1 1 1 1 1 1 1 1 1 1 1 1 2 2 1 1 1 0 0 1 2 2 1 1 1 2 2 1 1 1 1 1 1 2 2 2 2 2 3 3 3 3 3 4
 1 1 1 1 1 1 1 1 0 0 1 1 1 2 5 5 2 2 1 1 1 1 1 1 2 2 2 3 3 2 2 2 1 1 1 2 2 3 3 3 3 3 3 3 3 4
 2 2 2 1 1 1 1 1 0 0 1 1 1 1 3 3 2 2 3 1 1 2 1 1 2 2 4 4 4 3 2 2 1 1 2 3 3 3 3 3 4 4 2 3 3 3
 2 2 2 1 1 1 1 1 0 0 1 1 1 1 3 3 2 2 3 1 1 2 1 1 2 2 4 4 4 3 2 2 1 1 2 3 3 3 3 3 4 4 2 3 3 3
 2 2 2 1 1 0 1 1 1 1 1 1 1 1 2 2 2 2 2 1 1 1 2 2 4 4 5 5 5 5 3 3 2 2 3 3 3 2 4 4 4 4 2 3 3 2
 2 2 2 1 1 0 1 1 1 1 1 1 1 1 2 2 2 2 2 1 1 1 2 2 4 4 5 5 5 5 3 3 2 2 3 3 3 2 4 4 4 4 2 3 3 2
 2 2 2 1 1 1 1 1 1 1 2 2 2 3 3 3 2 2 3 2 2 2 4 4 6 6 7 8 8 6 4 4 3 3 4 3 3 2 3 3 4 4 3 1 1 1
 3 3 3 2 2 2 1 1 1 1 2 4 4 4 6 6 4 4 5 4 4 4 13 13 11 11 13 12 12 8 8 8 6 6 5 6 6 3 4 4 5 5 2 1 1 5
 3 3 3 2 2 2 1 1 1 1 2 4 4 4 6 6 4 4 5 4 4 4 13 13 11 11 13 12 12 8 8 8 6 6 5 6 6 3 4 4 5 5 2 1 1 5
 3 3 2 3 3 2 2 2 1 1 2 2 2 12 11 11 11 11 7 4 4 11 12 12 11 11 13 11 11 13 15 15 14 14 25 21 21 23 11 11 2 2 2 3 3 7
 3 3 2 2 2 2 2 2 1 1 1 2 2 14 13 13 13 13 11 10 10 10 9 9 10 10 11 10 10 13 18 18 19 19 25 32 32 16 10 10 3 3 3 5 5 9
 3 3 2 2 2 2 2 2 1 1 1 2 2 14 13 13 13 13 11 10 10 10 9 9 10 10 11 10 10 13 18 18 19 19 25 32 32 16 10 10 3 3 3 5 5 9
 3 3 2 2 2 2 2 2 2 2 3 2 2 4 10 10 12 12 20 13 13 12 8 8 13 13 12 15 15 13 10 10 10 10 7 7 7 3 3 3 3 3 3 1 1 6
 3 3 2 2 2 2 2 2 2 2 3 2 2 4 10 10 12 12 20 13 13 12 8 8 13 13 12 15 15 13 10 10 10 10 7 7 7 3 3 3 3 3 3 1 1 6
 4 4 2 2 2 1 1 1 1 1 1 2 2 3 7 7 19 19 17 11 11 11 12 12 16 16 13 19 19 9 9 9 7 7 5 7 7 3 3 3 1 1 1 2 2 5
 5 5 5 7 7 5 2 2 1 1 1 2 2 3 9 9 13 13 20 7 7 8 13 13 13 13 13 17 17 10 10 10 4 4 6 2 2 2 4 4 3 3 7 4 4 5
 5 5 5 7 7 5 2 2 1 1 1 2 2 3 9 9 13 13 20 7 7 8 13 13 13 13 13 17 17 10 10 10 4 4 6 2 2 2 4 4 3 3 7 4 4 5
 7 7 12 8 8 6 2 2 2 2 2 1 1 1 10 10 14 14 22 14 14 12 19 19 15 15 18 19 19 13 11 11 12 12 9 9 9 13 6 6 11 11 6 4 4 4
 17 17 14 19 19 18 10 10 4 4 1 1 1 2 5 5 15 15 27 21 21 24 35 35 21 21 31 24 24 25 19 19 19 19 10 9 9 10 12 12 7 7 10 7 7 5
 17 17 14 19 19 18 10 10 4 4 1 1 1 2 5 5 15 15 27 21 21 24 35 35 21 21 31 24 24 25 19 19 19 19 10 9 9 10 12 12 7 7 10 7 7 5
 18 18 24 20 20 23 12 12 15 15 15 31 31 4 5 5 11 11 33 37 37 42 53 53 41 41 32 29 29 50 47 47 31 31 28 21 21 19 12 12 9 9 10 16 16 17
 18 18 24 20 20 23 12 12 15 15 15 31 31 4 5 5 11 11 33 37 37 42 53 53 41 41 32 29 29 50 47 47 31 31 28 21 21 19 12 12 9 9 10 16 16 17
 27 27 27 23 23 25 21 21 22 22 20 12 12 18 13 13 11 11 29 51 51 42 48 48 69 69 56 52 52 51 64 64 59 59 57 31 31 24 13 13 10 10 10 18 18 8
 30 30 31 28 28 32 29 29 31 31 26 21 21 16 18 18 17 17 23 30 30 41 49 49 60 60 68 85 85 68 71 71 67 67 52 43 43 28 24 24 12 12 6 15 15 6
 30 30 31 28 28 32 29 29 31 31 26 21 21 16 18 18 17 17 23 30 30 41 49 49 60 60 68 85 85 68 71 71 67 67 52 43 43 28 24 24 12 12 6 15 15 6
 36 36 58 56 56 33 35 35 34 34 29 35 35 35 33 33 29 29 32 33 33 33 40 40 50 50 64 62 62 87 80 80 91 91 57 53 53 44 29 29 23 23 15 10 10 18
 40 40 61 38 38 33 41 41 32 32 50 50 50 45 59 59 46 46 42 46 46 46 44 44 54 54 51 53 53 67 98 98 75 75 78 72 72 72 43 43 36 36 37 28 28 44
 40 40 61 38 38 33 41 41 32 32 50 50 50 45 59 59 46 46 42 46 46 46 44 44 54 54 51 53 53 67 98 98 75 75 78 72 72 72 43 43 36 36 37 28 28 44
 47 47 35 35 35 38 37 37 42 42 53 49 49 54 67 67 71 71 61 59 59 75 53 53 53 53 44 43 43 56 66 66 75 75 67 87 87 79 66 66 54 54 65 45 45 49
 47 47 35 35 35 38 37 37 42 42 53 49 49 54 67 67 71 71 61 59 59 75 53 53 53 53 44 43 43 56 66 66 75 75 67 87 87 79 66 66 54 54 65 45 45 49
 50 50 43 43 43 44 49 49 53 53 63 54 54 63 68 68 68 68 77 83 83 79 87 87 83 83 68 61 61 69 60 60 60 60 74 64 64 67 54 54 49 49 51 68 68 62
 54 54 50 48 48 66 67 67 60 60 59 59 59 54 66 66 82 82 66 73 73 74 84 84 80 80 77 87 87 57 63 63 60 60 54 56 56 56 37 37 53 53 56 80 80 55
 54 54 50 48 48 66 67 67 60 60 59 59 59 54 66 66 82 82 66 73 73 74 84 84 80 80 77 87 87 57 63 63 60 60 54 56 56 56 37 37 53 53 56 80 80 55
 84 84 81 80 80 91 86 86 85 85 76 65 65 57 67 67 83 83 73 77 77 77 74 74 80 80 78 79 79 65 60 60 66 66 51 71 71 53 45 45 58 58 57 87 87 67
 112 112 118 106 106 104 99 99 93 93 88 82 82 82 79 79 73 73 68 74 74 83 89 89 90 90 97 90 90 90 71 71 71 71 55 54 54 60 55 55 72 72 90 101 101 100
 112 112 118 106 106 104 99 99 93 93 88 82 82 82 79 79 73 73 68 74 74 83 89 89 90 90 97 90 90 90 71 71 71 71 55 54 54 60 55 55 72 72 90 101 101 100
 90 90 103 104 104 91 90 90 93 93 102 93 93 95 97 97 73 73 74 77 77 72 94 94 91 91 79 72 72 87 78 78 65 65 71 61 61 57 63 63 95 95 140 141 141 137
 90 90 103 104 104 91 90 90 93 93 102 93 93 95 97 97 73 73 74 77 77 72 94 94 91 91 79 72 72 87 78 78 65 65 71 61 61 57 63 63 95 95 140 141 141 137
 95 95 119 82 82 102 91 91 94 94 97 99 99 100 97 97 77 77 79 81 81 75 104 104 87 87 83 83 83 67 75 75 78 78 68 44 44 55 81 81 100 100 137 133 133 147
 118 118 109 165 165 136 93 93 105 105 90 95 95 116 106 106 98 98 74 78 78 65 86 86 92 92 82 76 76 78 64 64 70 70 77 62 62 58 66 66 96 96 137 163 163 156
 118 118 109 165 165 136 93 93 105 105 90 95 95 116 106 106 98 98 74 78 78 65 86 86 92 92 82 76 76 78 64 64 70 70 77 62 62 58 66 66 96 96 137 163 163 156
 194 194 158 157 157 139 96 96 110 110 100 112 112 114 101 101 105 105 98 82 82 71 90 90 76 76 80 79 79 79 75 75 88 88 91 63 63 45 48 48 86 86 118 135 135 174
 173 173 200 169 169 152 142 142 122 122 115 121 121 108 114 114 116 116 119 111 111 103 92 92 99 99 110 79 79 84 72 72 87 87 81 78 78 51 50 50 80 80 83 111 111 171
 173 173 200 169 169 152 142 142 122 122 115 121 121 108 114 114 116 116 119 111 111 103 92 92 99 99 110 79 79 84 72 72 87 87 81 78 78 51 50 50 80 80 83 111 111 171
 176 176 177 177 177 169 205 205 167 167 146 139 139 114 124 124 119 119 123 134 134 114 114 114 111 111 117 93 93 105 84 84 85 85 76 79 79 57 56 56 78 78 71 98 98 127
 176 176 177 177 177 169 205 205 167 167 146 139 139 114 124 124 119 119 123 134 134 114 114 114 111 111 117 93 93 105 84 84 85 85 76 79 79 57 56 56 78 78 71 98 98 127
 225 225 209 195 195 180 220 220 185 185 136 137 137 120 135 135 128 128 125 135 135 126 126 126 132 132 132 117 117 111 105 105 88 88 79 80 80 82 73 73 76 76 76 89 89 109
 231 231 220 221 221 216 220 220 180 180 143 143 143 189 132 132 142 142 142 137 137 135 155 155 135 135 131 124 124 126 158 158 140 140 93 123 123 89 85 85 81 81 86 97 97 98
 231 231 220 221 221 216 220 220 180 180 143 143 143 189 132 132 142 142 142 137 137 135 155 155 135 135 131 124 124 126 158 158 140 140 93 123 123 89 85 85 81 81 86 97 97 98
 199 199 203 243 243 241 181 181 153 153 207 148 148 221 191 191 158 158 166 163 163 179 184 184 178 178 158 125 125 137 173 173 145 145 97 100 100 152 88 88 121 121 90 110 110 136
 190 190 184 200 200 253 211 211 175 175 223 170 170 178 241 241 209 209 223 183 183 191 201 201 212 212 176 113 113 140 160 160 116 116 97 105 105 115 108 108 99 99 93 91 91 102
 190 190 184 200 200 253 211 211 175 175 223 170 170 178 241 241 209 209 223 183 183 191 201 201 212 212 176 113 113 140 160 160 116 116 97 105 105 115 108 108 99 99 93 91 91 102
 225 225 206 230 230 294 214 214 227 227 156 171 171 163 189 189 191 191 212 182 182 212 225 225 256 256 176 133 133 144 172 172 119 119 96 123 123 123 142 142 99 99 91 106 106 85
 225 225 206 230 230 294 214 214 227 227 156 171 171 163 189 189 191 191 212 182 182 212 225 225 256 256 176 133 133 144 172 172 119 119 96 123 123 123 142 142 99 99 91 106 106 85
 247 247 239 324 324 308 248 248 303 303 228 208 208 185 214 214 166 166 184 168 168 195 219 219 237 237 152 145 145 145 174 174 120 120 100 86 86 88 104 104 97 97 100 98 98 112
 289 289 388 391 391 436 244 244 230 230 183 188 188 200 221 221 221 221 241 231 231 237 218 218 209 209 170 146 146 144 161 161 114 114 97 86 86 119 92 92 91 91 111 99 99 88
 289 289 388 391 391 436 244 244 230 230 183 188 188 200 221 221 221 221 241 231 231 237 218 218 209 209 170 146 146 144 161 161 114 114 97 86 86 119 92 92 91 91 111 99 99 88
 460 460 485 469 469 460 264 264 251 251 201 200 200 171 220 220 244 244 228 206 206 199 189 189 168 168 177 166 166 133 138 138 108 108 78 71 71 101 87 87 95 95 90 98 98 98
 525 525 534 493 493 420 259 259 304 304 237 214 214 224 276 276 364 364 271 200 200 183 160 160 140 140 154 171 171 155 133 133 104 104 75 67 67 98 77 77 92 92 145 134 134 92
