assets/RAT_results_old/precipitation/2017-10-27_IMERG.asc
ncols        46
nrows        77
xllcorner    74.800261325624
yllcorner    8.058333333333
cellsize     0.062500000000
NODATA_value -9999
 2 2 5 2 2 4 9 9 6 6 11 9 9 4 1 1 0 0 0 0 0 0 0 0 0 0 0 0 0 1 1 1 2 2 1 1 1 0 0 0 1 1 1 0 0 0
 2 2 2 1 1 2 2 2 4 4 6 8 8 10 6 6 0 0 0 0 0 0 0 0 0 0 0 0 0 1 2 2 2 2 2 1 1 0 1 1 1 1 2 0 0 0
 2 2 2 1 1 2 2 2 4 4 6 8 8 10 6 6 0 0 0 0 0 0 0 0 0 0 0 0 0 1 2 2 2 2 2 1 1 0 1 1 1 1 2 0 0 0
 1 1 1 1 1 1 1 1 2 2 7 14 14 18 11 11 0 0 0 0 0 0 0 0 0 0 0 0 0 1 2 2 2 2 2 1 1 0 2 2 2 2 2 2 2 0
 1 1 1 1 1 1 1 1 2 2 5 17 17 12 6 6 4 4 1 0 0 0 0 0 0 0 0 1 1 1 6 6 6 6 2 1 1 0 0 0 2 2 0 0 0 0
 1 1 1 1 1 1 1 1 2 2 5 17 17 12 6 6 4 4 1 0 0 0 0 0 0 0 0 1 1 1 6 6 6 6 2 1 1 0 0 0 2 2 0 0 0 0
 13 13 1 2 2 3 11 11 16 16 9 16 16 11 6 6 4 4 3 0 0 0 0 0 0 0 0 1 1 3 2 2 10 10 2 1 1 0 0 0 0 0 0 0 0 0
 13 13 1 2 2 3 11 11 16 16 9 16 16 11 6 6 4 4 3 0 0 0 0 0 0 0 0 1 1 3 2 2 10 10 2 1 1 0 0 0 0 0 0 0 0 0
 12 12 9 2 2 1 20 20 25 25 11 22 22 13 5 5 3 3 4 0 0 0 0 0 0 0 0 0 0 1 2 2 10 10 1 1 1 0 0 0 0 0 0 0 0 0
 11 11 1 2 2 2 4 4 26 26 18 18 18 18 8 8 2 2 1 1 1 0 0 0 0 0 0 0 0 0 2 2 1 1 1 0 0 1 0 0 0 0 0 0 0 0
 11 11 1 2 2 2 4 4 26 26 18 18 18 18 8 8 2 2 1 1 1 0 0 0 0 0 0 0 0 0 2 2 1 1 1 0 0 1 0 0 0 0 0 0 0 0
 1 1 1 1 1 4 6 6 15 15 16 13 13 11 7 7 5 5 2 1 1 0 1 1 0 0 0 0 0 0 1 1 1 1 1 0 0 0 0 0 0 0 1 0 0 0
 2 2 0 3 3 9 14 14 22 22 17 16 16 10 7 7 19 19 4 2 2 1 0 0 0 0 0 0 0 0 0 0 1 1 2 1 1 0 7 7 7 7 5 5 5 2
 2 2 0 3 3 9 14 14 22 22 17 16 16 10 7 7 19 19 4 2 2 1 0 0 0 0 0 0 0 0 0 0 1 1 2 1 1 0 7 7 7 7 5 5 5 2
 4 4 3 1 1 4 10 10 16 16 18 11 11 10 9 9 6 6 5 3 3 2 1 1 2 2 2 2 2 1 3 3 0 0 1 1 1 1 7 7 7 7 6 8 8 7
 4 4 3 1 1 4 10 10 16 16 18 11 11 10 9 9 6 6 5 3 3 2 1 1 2 2 2 2 2 1 3 3 0 0 1 1 1 1 7 7 7 7 6 8 8 7
 1 1 1 1 1 6 6 6 10 10 15 10 10 24 20 20 5 5 6 6 6 6 5 5 10 10 6 7 7 3 3 3 3 3 0 2 2 5 8 8 8 8 13 13 13 7
 5 5 1 2 2 7 9 9 12 12 15 14 14 7 24 24 14 14 7 10 10 8 13 13 13 13 10 6 6 7 2 2 7 7 3 1 1 10 5 5 10 10 17 24 24 16
 5 5 1 2 2 7 9 9 12 12 15 14 14 7 24 24 14 14 7 10 10 8 13 13 13 13 10 6 6 7 2 2 7 7 3 1 1 10 5 5 10 10 17 24 24 16
 5 5 1 1 1 1 5 5 10 10 20 9 9 8 21 21 18 18 21 8 8 15 15 15 13 13 9 6 6 2 5 5 5 5 5 4 4 5 5 5 9 9 11 29 29 38
 2 2 1 2 2 0 1 1 1 1 20 10 10 11 12 12 25 25 32 22 22 13 17 17 10 10 5 4 4 5 6 6 15 15 9 8 8 6 6 6 11 11 14 31 31 30
 2 2 1 2 2 0 1 1 1 1 20 10 10 11 12 12 25 25 32 22 22 13 17 17 10 10 5 4 4 5 6 6 15 15 9 8 8 6 6 6 11 11 14 31 31 30
 3 3 3 2 2 2 1 1 2 2 19 11 11 14 20 20 35 35 17 20 20 8 17 17 13 13 3 1 1 6 13 13 19 19 15 17 17 9 7 7 12 12 15 28 28 29
 3 3 3 2 2 2 1 1 2 2 19 11 11 14 20 20 35 35 17 20 20 8 17 17 13 13 3 1 1 6 13 13 19 19 15 17 17 9 7 7 12 12 15 28 28 29
 0 0 1 1 1 3 2 2 2 2 27 12 12 21 24 24 41 41 24 8 8 5 12 12 10 10 3 3 3 5 4 4 4 4 21 14 14 5 6 6 17 17 18 31 31 29
 2 2 2 1 1 2 3 3 2 2 5 9 9 16 20 20 25 25 16 15 15 8 5 5 5 5 4 4 4 4 3 3 2 2 18 16 16 1 11 11 9 9 22 24 24 29
 2 2 2 1 1 2 3 3 2 2 5 9 9 16 20 20 25 25 16 15 15 8 5 5 5 5 4 4 4 4 3 3 2 2 18 16 16 1 11 11 9 9 22 24 24 29
 1 1 0 1 1 9 9 9 7 7 2 9 9 14 27 27 21 21 7 6 6 9 7 7 5 5 4 4 4 5 4 4 9 9 21 19 19 9 14 14 17 17 25 27 27 31
 1 1 1 2 2 1 8 8 2 2 2 3 3 7 10 10 21 21 24 7 7 8 7 7 9 9 6 3 3 3 2 2 4 4 15 22 22 20 16 16 23 23 37 33 33 36
 1 1 1 2 2 1 8 8 2 2 2 3 3 7 10 10 21 21 24 7 7 8 7 7 9 9 6 3 3 3 2 2 4 4 15 22 22 20 16 16 23 23 37 33 33 36
 1 1 1 1 1 1 2 2 7 7 0 7 7 12 27 27 10 10 13 6 6 12 12 12 9 9 9 6 6 8 5 5 6 6 8 24 24 21 18 18 30 30 25 34 34 25
 1 1 1 1 1 1 2 2 7 7 0 7 7 12 27 27 10 10 13 6 6 12 12 12 9 9 9 6 6 8 5 5 6 6 8 24 24 21 18 18 30 30 25 34 34 25
 3 3 1 1 1 1 0 0 0 0 1 4 4 7 15 15 32 32 14 15 15 11 13 13 14 14 14 9 9 20 19 19 2 2 5 16 16 26 39 39 45 45 42 36 36 24
 23 23 4 1 1 1 0 0 0 0 1 5 5 16 27 27 14 14 11 10 10 17 18 18 8 8 8 8 8 29 12 12 5 5 5 11 11 22 44 44 41 41 44 41 41 29
 23 23 4 1 1 1 0 0 0 0 1 5 5 16 27 27 14 14 11 10 10 17 18 18 8 8 8 8 8 29 12 12 5 5 5 11 11 22 44 44 41 41 44 41 41 29
 12 12 4 1 1 0 2 2 1 1 2 13 13 19 21 21 7 7 13 15 15 22 24 24 10 10 14 10 10 15 9 9 9 9 9 11 11 31 54 54 42 42 48 48 48 24
 3 3 1 0 0 0 0 0 0 0 8 15 15 37 29 29 22 22 13 13 13 18 14 14 14 14 7 14 14 23 20 20 20 20 21 31 31 31 42 42 41 41 46 33 33 17
 3 3 1 0 0 0 0 0 0 0 8 15 15 37 29 29 22 22 13 13 13 18 14 14 14 14 7 14 14 23 20 20 20 20 21 31 31 31 42 42 41 41 46 33 33 17
 7 7 2 1 1 0 1 1 4 4 15 54 54 48 45 45 14 14 13 23 23 22 25 25 18 18 16 15 15 19 22 22 57 57 56 37 37 32 34 34 33 33 25 19 19 16
 7 7 2 1 1 0 1 1 4 4 15 54 54 48 45 45 14 14 13 23 23 22 25 25 18 18 16 15 15 19 22 22 57 57 56 37 37 32 34 34 33 33 25 19 19 16
 6 6 5 1 1 0 4 4 1 1 28 28 28 61 39 39 27 27 22 22 22 19 14 14 13 13 12 29 29 26 36 36 22 22 29 30 30 31 30 30 21 21 14 17 17 10
 2 2 4 2 2 1 0 0 2 2 20 26 26 87 58 58 53 53 32 22 22 12 13 13 10 10 16 25 25 20 13 13 15 15 16 16 16 22 27 27 18 18 18 18 18 15
 2 2 4 2 2 1 0 0 2 2 20 26 26 87 58 58 53 53 32 22 22 12 13 13 10 10 16 25 25 20 13 13 15 15 16 16 16 22 27 27 18 18 18 18 18 15
 0 0 2 4 4 12 1 1 12 12 21 33 33 42 57 57 56 56 28 22 22 34 36 36 15 15 18 24 24 21 13 13 10 10 14 14 14 8 14 14 13 13 15 17 17 17
 0 0 0 2 2 2 2 2 13 13 21 23 23 33 45 45 31 31 25 46 46 43 42 42 22 22 40 24 24 27 21 21 18 18 17 17 17 4 7 7 10 10 12 12 12 18
 0 0 0 2 2 2 2 2 13 13 21 23 23 33 45 45 31 31 25 46 46 43 42 42 22 22 40 24 24 27 21 21 18 18 17 17 17 4 7 7 10 10 12 12 12 18
 0 0 1 1 1 1 3 3 8 8 6 17 17 22 43 43 33 33 25 69 69 70 118 118 57 57 61 25 25 34 28 28 20 20 19 16 16 3 7 7 9 9 12 23 23 17
 0 0 1 1 1 1 3 3 8 8 6 17 17 22 43 43 33 33 25 69 69 70 118 118 57 57 61 25 25 34 28 28 20 20 19 16 16 3 7 7 9 9 12 23 23 17
 0 0 1 1 1 3 2 2 2 2 8 11 11 18 33 33 31 31 26 72 72 72 63 63 68 68 55 29 29 51 37 37 27 27 24 21 21 17 4 4 6 6 7 13 13 16
 1 1 1 3 3 8 3 3 6 6 12 10 10 22 24 24 10 10 15 21 21 51 47 47 74 74 66 48 48 46 21 21 30 30 31 23 23 18 3 3 7 7 8 17 17 13
 1 1 1 3 3 8 3 3 6 6 12 10 10 22 24 24 10 10 15 21 21 51 47 47 74 74 66 48 48 46 21 21 30 30 31 23 23 18 3 3 7 7 8 17 17 13
 1 1 1 3 3 15 10 10 4 4 12 8 8 19 16 16 10 10 15 20 20 10 8 8 29 29 37 27 27 38 27 27 27 27 25 14 14 15 6 6 7 7 3 8 8 13
 1 1 1 1 1 4 10 10 1 1 6 4 4 9 5 5 10 10 3 7 7 8 10 10 29 29 25 22 22 24 23 23 25 25 17 15 15 16 5 5 9 9 7 7 7 15
 1 1 1 1 1 4 10 10 1 1 6 4 4 9 5 5 10 10 3 7 7 8 10 10 29 29 25 22 22 24 23 23 25 25 17 15 15 16 5 5 9 9 7 7 7 15
 0 0 1 1 1 1 2 2 4 4 1 1 1 1 0 0 2 2 1 2 2 13 14 14 12 12 16 18 18 17 22 22 27 27 19 16 16 20 14 14 10 10 8 9 9 15
 0 0 1 1 1 1 2 2 4 4 1 1 1 1 0 0 2 2 1 2 2 13 14 14 12 12 16 18 18 17 22 22 27 27 19 16 16 20 14 14 10 10 8 9 9 15
 1 1 0 0 0 2 1 1 1 1 4 1 1 1 0 0 0 0 6 1 1 10 13 13 4 4 13 15 15 15 18 18 26 26 20 20 20 16 14 14 10 10 16 15 15 12
 0 0 0 1 1 1 1 1 0 0 2 1 1 1 0 0 1 1 1 9 9 11 14 14 6 6 8 16 16 16 21 21 28 28 27 16 16 13 19 19 17 17 25 26 26 18
 0 0 0 1 1 1 1 1 0 0 2 1 1 1 0 0 1 1 1 9 9 11 14 14 6 6 8 16 16 16 21 21 28 28 27 16 16 13 19 19 17 17 25 26 26 18
 0 0 1 0 0 0 1 1 7 7 2 3 3 1 0 0 1 1 2 3 3 10 20 20 21 21 8 13 13 19 26 26 22 22 37 22 22 21 21 21 9 9 13 12 12 14
 0 0 1 2 2 2 1 1 8 8 3 10 10 2 1 1 4 4 3 2 2 10 21 21 3 3 4 10 10 21 18 18 18 18 21 16 16 22 16 16 15 15 14 15 15 14
 0 0 1 2 2 2 1 1 8 8 3 10 10 2 1 1 4 4 3 2 2 10 21 21 3 3 4 10 10 21 18 18 18 18 21 16 16 22 16 16 15 15 14 15 15 14
 1 1 5 9 9 11 2 2 10 10 33 23 23 12 11 11 4 4 2 4 4 8 4 4 4 4 4 12 12 13 16 16 18 18 17 17 17 17 29 29 17 17 10 9 9 14
 1 1 5 9 9 11 2 2 10 10 33 23 23 12 11 11 4 4 2 4 4 8 4 4 4 4 4 12 12 13 16 16 18 18 17 17 17 17 29 29 17 17 10 9 9 14
 8 8 7 7 7 15 2 2 4 4 23 23 23 23 17 17 6 6 10 7 7 13 8 8 2 2 5 2 2 11 13 13 14 14 12 58 58 44 21 21 18 18 11 12 12 17
 7 7 13 14 14 13 18 18 13 13 37 27 27 19 20 20 15 15 12 14 14 20 4 4 1 1 1 3 3 6 8 8 9 9 7 27 27 24 12 12 14 14 15 8 8 12
 7 7 13 14 14 13 18 18 13 13 37 27 27 19 20 20 15 15 12 14 14 20 4 4 1 1 1 3 3 6 8 8 9 9 7 27 27 24 12 12 14 14 15 8 8 12
 3 3 2 6 6 9 13 13 4 4 39 32 32 30 13 13 17 17 17 27 27 33 11 11 9 9 2 2 2 1 2 2 4 4 4 5 5 30 12 12 12 12 14 7 7 8
 0 0 0 1 1 9 1 1 6 6 8 17 17 33 21 21 19 19 13 22 22 20 9 9 10 10 2 2 2 1 1 1 2 2 3 3 3 30 21 21 12 12 14 5 5 8
 0 0 0 1 1 9 1 1 6 6 8 17 17 33 21 21 19 19 13 22 22 20 9 9 10 10 2 2 2 1 1 1 2 2 3 3 3 30 21 21 12 12 14 5 5 8
 0 0 0 0 0 0 0 0 1 1 2 6 6 18 13 13 11 11 18 17 17 13 6 6 5 5 2 3 3 1 1 1 1 1 3 5 5 4 8 8 11 11 9 3 3 5
 0 0 0 0 0 0 0 0 1 1 2 6 6 18 13 13 11 11 18 17 17 13 6 6 5 5 2 3 3 1 1 1 1 1 3 5 5 4 8 8 11 11 9 3 3 5
 0 0 0 0 0 0 9 9 2 2 2 2 2 14 9 9 8 8 16 25 25 12 8 8 3 3 8 1 1 1 1 1 1 1 2 2 2 4 6 6 9 9 6 4 4 1
 0 0 0 0 0 0 0 0 1 1 1 2 2 9 8 8 5 5 15 25 25 21 13 13 5 5 4 2 2 1 2 2 1 1 1 2 2 7 6 6 2 2 2 1 1 0
 0 0 0 0 0 0 0 0 1 1 1 2 2 9 8 8 5 5 15 25 25 21 13 13 5 5 4 2 2 1 2 2 1 1 1 2 2 7 6 6 2 2 2 1 1 0
 0 0 0 0 0 0 1 1 3 3 2 0 0 3 5 5 2 2 20 29 29 27 15 15 10 10 3 2 2 7 2 2 2 2 2 4 4 6 4 4 4 4 2 1 1 1
 0 0 0 0 0 0 0 0 0 0 1 0 0 0 0 0 0 0 10 16 16 23 16 16 9 9 7 5 5 6 4 4 2 2 5 3 3 4 4 4 3 3 2 1 1 1
