assets/RAT_results_old/precipitation/2017-11-01_IMERG.asc
ncols        46
nrows        77
xllcorner    74.800261325624
yllcorner    8.058333333333
cellsize     0.062500000000
NODATA_value -9999
 1 1 0 1 1 0 0 0 0 0 0 0 0 0 0 0 0 0 0 0 0 1 0 0 0 0 0 0 0 0 0 0 4 4 1 0 0 0 3 3 1 1 1 0 0 1
 2 2 1 1 1 1 0 0 0 0 0 0 0 0 0 0 0 0 0 0 0 0 0 0 0 0 1 0 0 0 3 3 4 4 0 1 1 1 1 1 1 1 1 2 2 1
 2 2 1 1 1 1 0 0 0 0 0 0 0 0 0 0 0 0 0 0 0 0 0 0 0 0 1 0 0 0 3 3 4 4 0 1 1 1 1 1 1 1 1 2 2 1
 1 1 1 1 1 0 0 0 0 0 0 0 0 0 0 0 1 1 0 0 0 0 0 0 0 0 0 0 0 0 3 3 2 2 4 0 0 1 1 1 1 1 1 4 4 1
 1 1 2 1 1 0 0 0 0 0 0 0 0 0 0 0 1 1 0 0 0 0 0 0 0 0 0 2 2 0 0 0 1 1 0 0 0 4 1 1 1 1 1 1 1 1
 1 1 2 1 1 0 0 0 0 0 0 0 0 0 0 0 1 1 0 0 0 0 0 0 0 0 0 2 2 0 0 0 1 1 0 0 0 4 1 1 1 1 1 1 1 1
 1 1 1 1 1 0 0 0 0 0 0 0 0 0 1 1 1 1 0 0 0 0 0 0 0 0 0 1 1 0 0 0 1 1 1 0 0 1 1 1 0 0 0 1 1 1
 1 1 1 1 1 0 0 0 0 0 0 0 0 0 1 1 1 1 0 0 0 0 0 0 0 0 0 1 1 0 0 0 1 1 1 0 0 1 1 1 0 0 0 1 1 1
 0 0 2 0 0 2 0 0 0 0 0 0 0 0 1 1 0 0 0 0 0 0 0 0 0 0 0 0 0 0 0 0 0 0 0 1 1 1 1 1 1 1 3 1 1 1
 1 1 3 0 0 1 1 1 0 0 0 1 1 0 0 0 0 0 0 0 0 0 0 0 0 0 0 0 0 0 0 0 0 0 0 1 1 1 3 3 1 1 1 1 1 1
 1 1 3 0 0 1 1 1 0 0 0 1 1 0 0 0 0 0 0 0 0 0 0 0 0 0 0 0 0 0 0 0 0 0 0 1 1 1 3 3 1 1 1 1 1 1
 0 0 2 1 1 0 1 1 0 0 0 0 0 0 0 0 0 0 0 0 0 0 0 0 0 0 0 0 0 0 0 0 0 0 0 0 0 2 2 2 2 2 3 1 1 1
 1 1 1 1 1 1 1 1 2 2 2 0 0 0 0 0 0 0 0 0 0 0 0 0 0 0 0 0 0 0 0 0 0 0 0 1 1 2 2 2 3 3 4 3 3 2
 1 1 1 1 1 1 1 1 2 2 2 0 0 0 0 0 0 0 0 0 0 0 0 0 0 0 0 0 0 0 0 0 0 0 0 1 1 2 2 2 3 3 4 3 3 2
 1 1 0 1 1 1 1 1 0 0 2 0 0 0 0 0 0 0 0 0 0 0 0 0 0 0 0 0 0 0 0 0 0 0 0 0 0 2 1 1 4 4 4 2 2 3
 1 1 0 1 1 1 1 1 0 0 2 0 0 0 0 0 0 0 0 0 0 0 0 0 0 0 0 0 0 0 0 0 0 0 0 0 0 2 1 1 4 4 4 2 2 3
 0 0 0 0 0 2 2 2 2 2 2 2 2 0 1 1 0 0 0 0 0 0 0 0 1 1 0 0 0 0 0 0 0 0 0 0 0 1 2 2 2 2 3 3 3 0
 0 0 0 0 0 1 1 1 2 2 2 1 1 2 1 1 0 0 0 0 0 0 0 0 0 0 0 1 1 0 0 0 0 0 0 1 1 4 1 1 3 3 3 0 0 7
 0 0 0 0 0 1 1 1 2 2 2 1 1 2 1 1 0 0 0 0 0 0 0 0 0 0 0 1 1 0 0 0 0 0 0 1 1 4 1 1 3 3 3 0 0 7
 0 0 0 0 0 0 1 1 3 3 3 1 1 1 0 0 0 0 1 1 1 0 0 0 0 0 0 1 1 2 3 3 2 2 1 5 5 7 1 1 1 1 1 0 0 1
 0 0 0 0 0 0 0 0 2 2 3 2 2 1 2 2 1 1 0 4 4 4 4 4 5 5 0 3 3 2 2 2 3 3 2 0 0 0 0 0 0 0 0 0 0 0
 0 0 0 0 0 0 0 0 2 2 3 2 2 1 2 2 1 1 0 4 4 4 4 4 5 5 0 3 3 2 2 2 3 3 2 0 0 0 0 0 0 0 0 0 0 0
 0 0 0 0 0 0 0 0 1 1 2 2 2 2 2 2 1 1 1 5 5 5 5 5 8 8 4 1 1 6 6 6 1 1 0 0 0 0 0 0 0 0 0 1 1 1
 0 0 0 0 0 0 0 0 1 1 2 2 2 2 2 2 1 1 1 5 5 5 5 5 8 8 4 1 1 6 6 6 1 1 0 0 0 0 0 0 0 0 0 1 1 1
 0 0 0 0 0 0 0 0 0 0 1 2 2 3 2 2 2 2 1 0 0 8 5 5 5 5 1 5 5 12 2 2 1 1 0 0 0 0 0 0 0 0 1 2 2 2
 0 0 1 0 0 0 0 0 1 1 1 1 1 2 1 1 2 2 1 0 0 5 5 5 5 5 5 5 5 14 6 6 1 1 0 0 0 0 0 0 0 0 0 2 2 2
 0 0 1 0 0 0 0 0 1 1 1 1 1 2 1 1 2 2 1 0 0 5 5 5 5 5 5 5 5 14 6 6 1 1 0 0 0 0 0 0 0 0 0 2 2 2
 0 0 1 1 1 1 0 0 0 0 0 1 1 2 1 1 2 2 2 0 0 5 5 5 5 5 3 4 4 6 6 6 7 7 3 0 0 0 0 0 0 0 1 1 1 4
 2 2 1 1 1 1 1 1 0 0 0 1 1 1 1 1 1 1 3 1 1 2 2 2 0 0 8 10 10 12 4 4 6 6 6 0 0 0 0 0 0 0 1 6 6 9
 2 2 1 1 1 1 1 1 0 0 0 1 1 1 1 1 1 1 3 1 1 2 2 2 0 0 8 10 10 12 4 4 6 6 6 0 0 0 0 0 0 0 1 6 6 9
 1 1 2 1 1 1 1 1 0 0 0 2 2 2 2 2 2 2 2 2 2 2 3 3 0 0 1 2 2 3 15 15 9 9 5 0 0 0 2 2 2 2 3 11 11 15
 1 1 2 1 1 1 1 1 0 0 0 2 2 2 2 2 2 2 2 2 2 2 3 3 0 0 1 2 2 3 15 15 9 9 5 0 0 0 2 2 2 2 3 11 11 15
 1 1 2 1 1 1 1 1 1 1 0 0 0 2 2 2 2 2 1 2 2 3 5 5 3 3 1 2 2 4 9 9 7 7 1 0 0 0 4 4 4 4 4 7 7 15
 1 1 1 2 2 2 1 1 1 1 0 0 0 0 1 1 1 1 2 2 2 4 5 5 7 7 3 2 2 3 7 7 6 6 1 0 0 0 2 2 4 4 4 6 6 14
 1 1 1 2 2 2 1 1 1 1 0 0 0 0 1 1 1 1 2 2 2 4 5 5 7 7 3 2 2 3 7 7 6 6 1 0 0 0 2 2 4 4 4 6 6 14
 2 2 1 2 2 2 1 1 2 2 3 0 0 0 1 1 1 1 1 3 3 4 14 14 10 10 6 0 0 0 0 0 0 0 0 0 0 0 2 2 2 2 6 10 10 15
 2 2 1 3 3 2 2 2 5 5 2 0 0 1 1 1 2 2 1 4 4 14 14 14 12 12 5 4 4 0 1 1 1 1 1 2 2 3 2 2 3 3 3 4 4 10
 2 2 1 3 3 2 2 2 5 5 2 0 0 1 1 1 2 2 1 4 4 14 14 14 12 12 5 4 4 0 1 1 1 1 1 2 2 3 2 2 3 3 3 4 4 10
 1 1 2 2 2 1 2 2 20 20 5 1 1 0 0 0 1 1 3 7 7 8 8 8 12 12 10 4 4 4 1 1 1 1 2 4 4 3 2 2 4 4 4 2 2 2
 1 1 2 2 2 1 2 2 20 20 5 1 1 0 0 0 1 1 3 7 7 8 8 8 12 12 10 4 4 4 1 1 1 1 2 4 4 3 2 2 4 4 4 2 2 2
 2 2 2 2 2 1 12 12 27 27 12 2 2 2 1 1 1 1 2 9 9 10 7 7 9 9 6 6 6 9 3 3 1 1 8 17 17 6 2 2 3 3 3 1 1 1
 2 2 4 2 2 3 9 9 19 19 9 3 3 2 1 1 2 2 2 3 3 6 7 7 7 7 11 7 7 5 2 2 5 5 19 28 28 9 2 2 2 2 3 0 0 0
 2 2 4 2 2 3 9 9 19 19 9 3 3 2 1 1 2 2 2 3 3 6 7 7 7 7 11 7 7 5 2 2 5 5 19 28 28 9 2 2 2 2 3 0 0 0
 2 2 3 4 4 3 3 3 17 17 18 5 5 3 2 2 2 2 2 2 2 6 8 8 11 11 12 17 17 17 18 18 3 3 13 37 37 22 5 5 2 2 3 2 2 2
 4 4 4 4 4 4 2 2 13 13 18 8 8 4 39 39 2 2 2 2 2 3 6 6 11 11 10 17 17 19 20 20 20 20 8 12 12 14 20 20 4 4 13 6 6 3
 4 4 4 4 4 4 2 2 13 13 18 8 8 4 39 39 2 2 2 2 2 3 6 6 11 11 10 17 17 19 20 20 20 20 8 12 12 14 20 20 4 4 13 6 6 3
 6 6 6 4 4 3 3 3 3 3 6 6 6 10 9 9 2 2 2 3 3 4 6 6 10 10 14 16 16 22 25 25 24 24 8 9 9 19 25 25 9 9 9 10 10 7
 6 6 6 4 4 3 3 3 3 3 6 6 6 10 9 9 2 2 2 3 3 4 6 6 10 10 14 16 16 22 25 25 24 24 8 9 9 19 25 25 9 9 9 10 10 7
 4 4 4 4 4 3 3 3 3 3 3 6 6 6 6 6 9 9 2 2 2 4 4 4 15 15 16 15 15 23 20 20 30 30 16 9 9 16 16 16 18 18 23 18 18 11
 3 3 4 4 4 2 2 2 3 3 4 8 8 11 5 5 9 9 2 2 2 3 6 6 10 10 18 10 10 30 27 27 40 40 38 30 30 32 23 23 19 19 30 25 25 14
 3 3 4 4 4 2 2 2 3 3 4 8 8 11 5 5 9 9 2 2 2 3 6 6 10 10 18 10 10 30 27 27 40 40 38 30 30 32 23 23 19 19 30 25 25 14
 4 4 3 2 2 2 5 5 10 10 7 7 7 10 3 3 2 2 3 2 2 2 2 2 13 13 10 26 26 26 23 23 42 42 47 41 41 41 18 18 24 24 15 26 26 24
 2 2 2 2 2 2 4 4 14 14 4 3 3 3 5 5 3 3 2 1 1 3 2 2 19 19 12 23 23 27 24 24 51 51 52 43 43 41 25 25 25 25 23 28 28 25
 2 2 2 2 2 2 4 4 14 14 4 3 3 3 5 5 3 3 2 1 1 3 2 2 19 19 12 23 23 27 24 24 51 51 52 43 43 41 25 25 25 25 23 28 28 25
 1 1 1 1 1 1 8 8 3 3 2 2 2 3 4 4 2 2 3 1 1 2 3 3 17 17 13 18 18 35 29 29 39 39 53 39 39 37 32 32 31 31 25 26 26 18
 1 1 1 1 1 1 8 8 3 3 2 2 2 3 4 4 2 2 3 1 1 2 3 3 17 17 13 18 18 35 29 29 39 39 53 39 39 37 32 32 31 31 25 26 26 18
 1 1 1 1 1 2 0 0 1 1 5 1 1 0 1 1 1 1 1 1 1 2 3 3 9 9 14 13 13 21 29 29 34 34 54 41 41 39 37 37 41 41 38 30 30 23
 1 1 1 0 0 0 1 1 0 0 0 0 0 0 0 0 0 0 1 1 1 2 2 2 3 3 9 13 13 18 32 32 33 33 77 80 80 44 37 37 40 40 41 37 37 27
 1 1 1 0 0 0 1 1 0 0 0 0 0 0 0 0 0 0 1 1 1 2 2 2 3 3 9 13 13 18 32 32 33 33 77 80 80 44 37 37 40 40 41 37 37 27
 1 1 1 1 1 1 0 0 1 1 1 0 0 0 0 0 0 0 0 1 1 1 1 1 3 3 8 13 13 16 23 23 29 29 75 76 76 49 52 52 48 48 51 64 64 54
 3 3 1 2 2 1 1 1 0 0 0 0 0 0 0 0 0 0 0 1 1 1 4 4 2 2 3 9 9 9 10 10 16 16 48 56 56 51 53 53 53 53 52 55 55 63
 3 3 1 2 2 1 1 1 0 0 0 0 0 0 0 0 0 0 0 1 1 1 4 4 2 2 3 9 9 9 10 10 16 16 48 56 56 51 53 53 53 53 52 55 55 63
 0 0 0 0 0 1 1 1 0 0 0 0 0 2 2 2 1 1 1 0 0 1 0 0 2 2 2 5 5 7 9 9 14 14 20 83 83 50 55 55 47 47 55 59 59 65
 0 0 0 0 0 1 1 1 0 0 0 0 0 2 2 2 1 1 1 0 0 1 0 0 2 2 2 5 5 7 9 9 14 14 20 83 83 50 55 55 47 47 55 59 59 65
 1 1 0 1 1 0 1 1 0 0 0 0 0 2 2 2 1 1 2 2 2 1 1 1 3 3 3 2 2 6 9 9 11 11 14 75 75 36 48 48 80 80 83 73 73 80
 0 0 0 0 0 0 1 1 1 1 1 0 0 0 1 1 1 1 3 8 8 2 1 1 1 1 3 2 2 5 7 7 18 18 10 20 20 23 51 51 51 51 67 59 59 67
 0 0 0 0 0 0 1 1 1 1 1 0 0 0 1 1 1 1 3 8 8 2 1 1 1 1 3 2 2 5 7 7 18 18 10 20 20 23 51 51 51 51 67 59 59 67
 0 0 2 4 4 1 1 1 1 1 1 1 1 1 1 1 1 1 1 2 2 1 0 0 1 1 1 2 2 3 5 5 7 7 7 14 14 17 32 32 50 50 49 61 61 58
 0 0 1 2 2 0 0 0 1 1 1 2 2 0 4 4 5 5 2 3 3 2 0 0 1 1 1 2 2 3 3 3 5 5 7 9 9 12 25 25 38 38 45 53 53 106
 0 0 1 2 2 0 0 0 1 1 1 2 2 0 4 4 5 5 2 3 3 2 0 0 1 1 1 2 2 3 3 3 5 5 7 9 9 12 25 25 38 38 45 53 53 106
 3 3 0 0 0 0 0 0 1 1 1 2 2 0 1 1 4 4 1 1 1 1 1 1 0 0 1 1 1 2 2 2 3 3 9 8 8 12 31 31 26 26 43 56 56 79
 3 3 0 0 0 0 0 0 1 1 1 2 2 0 1 1 4 4 1 1 1 1 1 1 0 0 1 1 1 2 2 2 3 3 9 8 8 12 31 31 26 26 43 56 56 79
 0 0 0 0 0 0 0 0 1 1 0 1 1 0 1 1 1 1 0 1 1 2 1 1 1 1 1 1 1 2 3 3 3 3 5 7 7 8 12 12 21 21 27 34 34 38
 0 0 0 0 0 1 0 0 0 0 0 0 0 0 0 0 0 0 0 0 0 1 1 1 3 3 5 2 2 3 2 2 3 3 6 8 8 9 12 12 16 16 18 17 17 40
 0 0 0 0 0 1 0 0 0 0 0 0 0 0 0 0 0 0 0 0 0 1 1 1 3 3 5 2 2 3 2 2 3 3 6 8 8 9 12 12 16 16 18 17 17 40
 3 3 0 0 0 0 0 0 0 0 0 0 0 0 3 3 1 1 0 0 0 1 2 2 2 2 1 3 3 2 5 5 3 3 6 8 8 9 12 12 14 14 15 15 15 60
 0 0 0 1 1 0 1 1 1 1 1 3 3 1 3 3 1 1 1 1 1 0 3 3 2 2 2 2 2 3 2 2 1 1 2 6 6 7 6 6 7 7 18 9 9 24
