assets/RAT_results_old/precipitation/2017-05-13_IMERG.asc
ncols        46
nrows        77
xllcorner    74.800261325624
yllcorner    8.058333333333
cellsize     0.062500000000
NODATA_value -9999
 4 4 3 2 2 1 0 0 0 0 0 0 0 0 0 0 0 0 0 0 0 0 0 0 0 0 0 0 0 0 0 0 0 0 0 0 0 0 0 0 0 0 0 0 0 0
 6 6 7 2 2 2 1 1 0 0 0 0 0 0 0 0 0 0 0 0 0 0 0 0 0 0 0 0 0 0 0 0 0 0 0 0 0 0 0 0 0 0 0 0 0 0
 6 6 7 2 2 2 1 1 0 0 0 0 0 0 0 0 0 0 0 0 0 0 0 0 0 0 0 0 0 0 0 0 0 0 0 0 0 0 0 0 0 0 0 0 0 0
 14 14 12 4 4 3 3 3 3 3 3 0 0 0 0 0 0 0 0 0 0 0 0 0 0 0 0 0 0 0 0 0 0 0 0 0 0 0 0 0 0 0 0 0 0 0
 33 33 28 7 7 5 5 5 6 6 4 1 1 2 2 2 1 1 0 0 0 0 0 0 0 0 0 0 0 0 0 0 0 0 0 0 0 0 0 0 0 0 0 0 0 0
 33 33 28 7 7 5 5 5 6 6 4 1 1 2 2 2 1 1 0 0 0 0 0 0 0 0 0 0 0 0 0 0 0 0 0 0 0 0 0 0 0 0 0 0 0 0
 60 60 48 9 9 8 6 6 9 9 10 6 6 5 4 4 0 0 0 0 0 0 0 0 0 0 0 0 0 0 0 0 0 0 0 0 0 0 0 0 0 0 0 0 0 0
 60 60 48 9 9 8 6 6 9 9 10 6 6 5 4 4 0 0 0 0 0 0 0 0 0 0 0 0 0 0 0 0 0 0 0 0 0 0 0 0 0 0 0 0 0 0
 73 73 41 12 12 8 7 7 96 96 20 11 11 8 2 2 0 0 0 0 0 0 0 0 0 0 0 0 0 0 0 0 0 0 0 0 0 0 0 0 0 0 0 0 0 0
 58 58 47 27 27 19 104 104 104 104 20 9 9 6 1 1 0 0 1 1 1 0 0 0 0 0 0 0 0 0 0 0 0 0 0 0 0 0 0 0 0 0 0 0 0 0
 58 58 47 27 27 19 104 104 104 104 20 9 9 6 1 1 0 0 1 1 1 0 0 0 0 0 0 0 0 0 0 0 0 0 0 0 0 0 0 0 0 0 0 0 0 0
 32 32 37 29 29 21 46 46 48 48 9 6 6 1 1 1 1 1 2 3 3 1 0 0 0 0 0 0 0 0 0 0 0 0 0 0 0 1 1 1 0 0 0 0 0 0
 17 17 45 14 14 21 44 44 43 43 5 1 1 1 1 1 1 1 3 5 5 2 0 0 0 0 0 0 0 0 0 0 0 0 0 0 0 1 1 1 0 0 0 0 0 0
 17 17 45 14 14 21 44 44 43 43 5 1 1 1 1 1 1 1 3 5 5 2 0 0 0 0 0 0 0 0 0 0 0 0 0 0 0 1 1 1 0 0 0 0 0 0
 30 30 20 34 34 10 7 7 8 8 1 1 1 1 1 1 2 2 4 7 7 4 1 1 0 0 1 0 0 0 0 0 0 0 0 0 0 0 0 0 0 0 0 0 0 0
 30 30 20 34 34 10 7 7 8 8 1 1 1 1 1 1 2 2 4 7 7 4 1 1 0 0 1 0 0 0 0 0 0 0 0 0 0 0 0 0 0 0 0 0 0 0
 15 15 18 14 14 9 6 6 8 8 44 9 9 1 1 1 2 2 4 6 6 7 4 4 1 1 1 0 0 0 0 0 0 0 0 0 0 0 0 0 0 0 0 0 0 0
 26 26 34 11 11 7 7 7 127 127 44 10 10 1 1 1 1 1 2 2 2 5 3 3 3 3 1 3 3 0 0 0 0 0 0 1 1 3 0 0 0 0 0 0 0 0
 26 26 34 11 11 7 7 7 127 127 44 10 10 1 1 1 1 1 2 2 2 5 3 3 3 3 1 3 3 0 0 0 0 0 0 1 1 3 0 0 0 0 0 0 0 0
 17 17 16 10 10 3 4 4 2 2 2 2 2 1 1 1 2 2 1 1 1 4 2 2 3 3 2 5 5 12 1 1 0 0 0 0 0 7 0 0 0 0 0 0 0 0
 14 14 7 6 6 2 3 3 2 2 2 2 2 2 3 3 2 2 1 0 0 2 2 2 3 3 2 1 1 0 1 1 1 1 0 0 0 0 0 0 0 0 0 0 0 0
 14 14 7 6 6 2 3 3 2 2 2 2 2 2 3 3 2 2 1 0 0 2 2 2 3 3 2 1 1 0 1 1 1 1 0 0 0 0 0 0 0 0 0 0 0 0
 12 12 11 5 5 2 2 2 3 3 2 2 2 3 4 4 1 1 1 0 0 0 0 0 2 2 2 2 2 1 1 1 1 1 7 2 2 0 0 0 0 0 0 0 0 0
 12 12 11 5 5 2 2 2 3 3 2 2 2 3 4 4 1 1 1 0 0 0 0 0 2 2 2 2 2 1 1 1 1 1 7 2 2 0 0 0 0 0 0 0 0 0
 11 11 8 5 5 2 3 3 2 2 2 3 3 7 5 5 2 2 1 0 0 0 0 0 0 0 1 6 6 9 3 3 6 6 6 1 1 0 0 0 0 0 0 0 0 0
 10 10 7 6 6 5 2 2 2 2 3 5 5 6 8 8 5 5 2 1 1 1 0 0 0 0 1 7 7 15 3 3 0 0 0 1 1 0 0 0 0 0 0 0 0 0
 10 10 7 6 6 5 2 2 2 2 3 5 5 6 8 8 5 5 2 1 1 1 0 0 0 0 1 7 7 15 3 3 0 0 0 1 1 0 0 0 0 0 0 0 0 0
 9 9 8 6 6 5 3 3 3 3 6 9 9 10 8 8 7 7 3 1 1 1 2 2 2 2 4 7 7 6 1 1 3 3 0 0 0 0 0 0 0 0 0 0 0 0
 10 10 7 6 6 8 3 3 4 4 8 10 10 16 19 19 10 10 4 1 1 3 3 3 3 3 5 0 0 0 3 3 0 0 0 0 0 0 0 0 0 0 0 0 0 0
 10 10 7 6 6 8 3 3 4 4 8 10 10 16 19 19 10 10 4 1 1 3 3 3 3 3 5 0 0 0 3 3 0 0 0 0 0 0 0 0 0 0 0 0 0 0
 9 9 7 6 6 4 4 4 3 3 7 9 9 22 27 27 13 13 4 1 1 1 2 2 2 2 1 0 0 0 2 2 0 0 0 0 0 0 0 0 0 0 2 1 1 0
 9 9 7 6 6 4 4 4 3 3 7 9 9 22 27 27 13 13 4 1 1 1 2 2 2 2 1 0 0 0 2 2 0 0 0 0 0 0 0 0 0 0 2 1 1 0
 6 6 6 5 5 3 2 2 2 2 4 6 6 9 16 16 15 15 5 0 0 1 2 2 1 1 1 0 0 0 1 1 0 0 0 1 1 1 1 1 1 1 2 2 2 2
 4 4 3 4 4 2 2 2 1 1 2 1 1 7 3 3 5 5 5 1 1 0 1 1 1 1 1 0 0 0 0 0 0 0 1 1 1 1 2 2 2 2 2 2 2 2
 4 4 3 4 4 2 2 2 1 1 2 1 1 7 3 3 5 5 5 1 1 0 1 1 1 1 1 0 0 0 0 0 0 0 1 1 1 1 2 2 2 2 2 2 2 2
 4 4 2 2 2 2 1 1 1 1 1 0 0 0 0 0 3 3 2 0 0 0 0 0 1 1 1 0 0 0 1 1 1 1 1 1 1 2 2 2 3 3 4 4 4 4
 2 2 1 1 1 1 1 1 2 2 0 0 0 0 0 0 0 0 0 1 1 1 1 1 2 2 1 1 1 2 2 2 1 1 2 1 1 2 2 2 3 3 5 6 6 7
 2 2 1 1 1 1 1 1 2 2 0 0 0 0 0 0 0 0 0 1 1 1 1 1 2 2 1 1 1 2 2 2 1 1 2 1 1 2 2 2 3 3 5 6 6 7
 1 1 1 0 0 1 0 0 0 0 0 0 0 0 0 0 0 0 1 1 1 3 3 3 4 4 2 2 2 2 3 3 3 3 3 3 3 3 3 3 4 4 5 6 6 8
 1 1 1 0 0 1 0 0 0 0 0 0 0 0 0 0 0 0 1 1 1 3 3 3 4 4 2 2 2 2 3 3 3 3 3 3 3 3 3 3 4 4 5 6 6 8
 0 0 0 0 0 0 0 0 0 0 0 0 0 0 0 0 0 0 1 3 3 4 8 8 7 7 5 4 4 3 3 3 4 4 3 5 5 6 4 4 4 4 8 9 9 11
 1 1 10 0 0 0 0 0 0 0 0 0 0 0 0 0 0 0 2 5 5 6 27 27 10 10 8 7 7 4 4 4 3 3 3 4 4 6 6 6 8 8 11 18 18 29
 1 1 10 0 0 0 0 0 0 0 0 0 0 0 0 0 0 0 2 5 5 6 27 27 10 10 8 7 7 4 4 4 3 3 3 4 4 6 6 6 8 8 11 18 18 29
 0 0 0 6 6 0 0 0 0 0 0 0 0 0 0 0 1 1 1 4 4 12 9 9 11 11 11 12 12 5 4 4 3 3 3 4 4 5 7 7 11 11 16 20 20 29
 0 0 0 0 0 0 0 0 0 0 0 0 0 1 1 1 1 1 2 4 4 6 9 9 11 11 11 12 12 6 4 4 2 2 2 3 3 3 3 3 7 7 11 15 15 15
 0 0 0 0 0 0 0 0 0 0 0 0 0 1 1 1 1 1 2 4 4 6 9 9 11 11 11 12 12 6 4 4 2 2 2 3 3 3 3 3 7 7 11 15 15 15
 0 0 0 0 0 0 0 0 0 0 0 0 0 0 1 1 0 0 1 1 1 6 8 8 9 9 9 6 6 4 3 3 3 3 2 3 3 3 1 1 3 3 5 9 9 13
 0 0 0 0 0 0 0 0 0 0 0 0 0 0 1 1 0 0 1 1 1 6 8 8 9 9 9 6 6 4 3 3 3 3 2 3 3 3 1 1 3 3 5 9 9 13
 0 0 0 1 1 1 1 1 1 1 1 1 1 1 1 1 1 1 1 2 2 5 7 7 5 5 5 4 4 3 2 2 2 2 3 2 2 3 1 1 1 1 4 11 11 2
 0 0 1 1 1 0 1 1 0 0 0 0 0 1 2 2 1 1 1 2 2 5 7 7 4 4 4 3 3 2 2 2 1 1 2 3 3 1 1 1 5 5 6 5 5 0
 0 0 1 1 1 0 1 1 0 0 0 0 0 1 2 2 1 1 1 2 2 5 7 7 4 4 4 3 3 2 2 2 1 1 2 3 3 1 1 1 5 5 6 5 5 0
 0 0 0 0 0 0 0 0 0 0 0 0 0 1 1 1 1 1 1 1 1 5 3 3 2 2 2 3 3 2 2 2 1 1 1 1 1 2 4 4 7 7 5 0 0 0
 0 0 0 0 0 0 0 0 0 0 0 0 0 1 1 1 1 1 1 1 1 3 3 3 3 3 2 2 2 1 1 1 1 1 1 1 1 0 6 6 8 8 3 2 2 2
 0 0 0 0 0 0 0 0 0 0 0 0 0 1 1 1 1 1 1 1 1 3 3 3 3 3 2 2 2 1 1 1 1 1 1 1 1 0 6 6 8 8 3 2 2 2
 1 1 0 0 0 0 0 0 1 1 0 0 0 0 1 1 1 1 1 3 3 5 5 5 3 3 3 3 3 2 1 1 1 1 1 1 1 1 4 4 6 6 2 0 0 0
 1 1 0 0 0 0 0 0 1 1 0 0 0 0 1 1 1 1 1 3 3 5 5 5 3 3 3 3 3 2 1 1 1 1 1 1 1 1 4 4 6 6 2 0 0 0
 0 0 0 0 0 0 0 0 0 0 0 0 0 0 1 1 1 1 2 3 3 5 4 4 8 8 7 6 6 6 6 6 8 8 2 1 1 0 3 3 0 0 0 0 0 0
 0 0 0 0 0 0 0 0 0 0 0 0 0 0 1 1 1 1 1 2 2 3 3 3 6 6 15 9 9 8 8 8 8 8 8 1 1 1 4 4 0 0 0 0 0 0
 0 0 0 0 0 0 0 0 0 0 0 0 0 0 1 1 1 1 1 2 2 3 3 3 6 6 15 9 9 8 8 8 8 8 8 1 1 1 4 4 0 0 0 0 0 0
 0 0 0 0 0 0 0 0 0 0 0 0 0 0 0 0 1 1 1 2 2 3 3 3 18 18 18 12 12 10 15 15 15 15 15 7 7 3 1 1 0 0 0 0 0 0
 0 0 0 0 0 0 0 0 0 0 0 0 0 0 0 0 0 0 1 2 2 2 3 3 23 23 17 13 13 14 9 9 17 17 16 6 6 6 1 1 0 0 1 0 0 0
 0 0 0 0 0 0 0 0 0 0 0 0 0 0 0 0 0 0 1 2 2 2 3 3 23 23 17 13 13 14 9 9 17 17 16 6 6 6 1 1 0 0 1 0 0 0
 1 1 0 0 0 0 0 0 0 0 0 0 0 0 0 0 0 0 1 1 1 2 3 3 12 12 11 22 22 20 12 12 10 10 3 5 5 3 2 2 0 0 0 0 0 1
 1 1 0 0 0 0 0 0 0 0 0 0 0 0 0 0 0 0 1 1 1 2 3 3 12 12 11 22 22 20 12 12 10 10 3 5 5 3 2 2 0 0 0 0 0 1
 0 0 0 0 0 0 0 0 0 0 0 0 0 0 0 0 1 1 1 5 5 6 2 2 2 2 12 21 21 15 6 6 8 8 3 6 6 4 5 5 0 0 0 0 0 0
 0 0 0 0 0 0 0 0 0 0 0 1 1 1 1 1 1 1 1 1 1 5 2 2 2 2 2 3 3 8 7 7 19 19 4 1 1 4 0 0 1 1 0 0 0 0
 0 0 0 0 0 0 0 0 0 0 0 1 1 1 1 1 1 1 1 1 1 5 2 2 2 2 2 3 3 8 7 7 19 19 4 1 1 4 0 0 1 1 0 0 0 0
 0 0 0 0 0 0 0 0 0 0 0 1 1 0 0 0 1 1 0 0 0 0 1 1 1 1 1 3 3 4 6 6 17 17 2 0 0 0 1 1 1 1 0 0 0 0
 0 0 0 0 0 0 0 0 0 0 0 0 0 0 0 0 0 0 0 0 0 0 0 0 0 0 0 1 1 3 1 1 2 2 1 0 0 0 1 1 6 6 2 1 1 0
 0 0 0 0 0 0 0 0 0 0 0 0 0 0 0 0 0 0 0 0 0 0 0 0 0 0 0 1 1 3 1 1 2 2 1 0 0 0 1 1 6 6 2 1 1 0
 0 0 0 0 0 0 0 0 1 1 1 1 1 1 1 1 1 1 0 0 0 0 0 0 0 0 0 0 0 1 1 1 3 3 6 4 4 1 1 1 3 3 3 1 1 0
 0 0 0 0 0 0 0 0 1 1 1 1 1 1 1 1 1 1 0 0 0 0 0 0 0 0 0 0 0 1 1 1 3 3 6 4 4 1 1 1 3 3 3 1 1 0
 0 0 0 0 0 0 0 0 1 1 1 1 1 0 0 0 0 0 0 1 1 0 0 0 0 0 0 0 0 0 0 0 1 1 7 5 5 1 1 1 3 3 0 0 0 3
 0 0 0 0 0 0 0 0 1 1 1 1 1 0 0 0 0 0 0 0 0 1 0 0 0 0 0 0 0 0 0 0 0 0 0 0 0 0 0 0 0 0 0 0 0 1
 0 0 0 0 0 0 0 0 1 1 1 1 1 0 0 0 0 0 0 0 0 1 0 0 0 0 0 0 0 0 0 0 0 0 0 0 0 0 0 0 0 0 0 0 0 1
 0 0 0 0 0 0 0 0 0 0 1 0 0 0 0 0 0 0 0 0 0 1 1 1 0 0 0 0 0 0 0 0 0 0 0 0 0 0 0 0 0 0 0 0 0 0
 0 0 0 0 0 0 1 1 1 1 1 0 0 1 0 0 0 0 1 0 0 2 0 0 0 0 0 0 0 0 0 0 0 0 0 0 0 0 0 0 0 0 0 0 0 0
