assets/RAT_results_old/precipitation/2017-09-27_IMERG.asc
ncols        46
nrows        77
xllcorner    74.800261325624
yllcorner    8.058333333333
cellsize     0.062500000000
NODATA_value -9999
 40 40 30 28 28 26 50 50 50 50 56 35 35 31 21 21 29 29 32 37 37 43 43 43 52 52 52 41 41 36 42 42 34 34 34 41 41 40 30 30 26 26 22 29 29 21
 35 35 45 25 25 32 44 44 46 46 52 39 39 22 35 35 24 24 30 31 31 41 45 45 44 44 43 49 49 43 60 60 61 61 44 49 49 71 38 38 38 38 35 32 32 23
 35 35 45 25 25 32 44 44 46 46 52 39 39 22 35 35 24 24 30 31 31 41 45 45 44 44 43 49 49 43 60 60 61 61 44 49 49 71 38 38 38 38 35 32 32 23
 27 27 27 32 32 35 54 54 73 73 42 35 35 23 24 24 23 23 26 26 26 26 31 31 35 35 36 33 33 47 35 35 37 37 37 53 53 68 63 63 42 42 31 28 28 27
 19 19 30 28 28 41 45 45 48 48 32 44 44 19 16 16 16 16 22 22 22 26 24 24 27 27 31 27 27 41 33 33 36 36 58 42 42 37 41 41 32 32 18 30 30 21
 19 19 30 28 28 41 45 45 48 48 32 44 44 19 16 16 16 16 22 22 22 26 24 24 27 27 31 27 27 41 33 33 36 36 58 42 42 37 41 41 32 32 18 30 30 21
 18 18 32 37 37 31 47 47 83 83 54 20 20 15 10 10 14 14 13 21 21 21 23 23 18 18 17 22 22 22 26 26 29 29 33 31 31 43 42 42 18 18 19 23 23 22
 18 18 32 37 37 31 47 47 83 83 54 20 20 15 10 10 14 14 13 21 21 21 23 23 18 18 17 22 22 22 26 26 29 29 33 31 31 43 42 42 18 18 19 23 23 22
 23 23 14 22 22 26 47 47 92 92 71 18 18 14 9 9 8 8 12 13 13 16 12 12 15 15 41 53 53 16 23 23 24 24 29 33 33 34 63 63 23 23 20 11 11 16
 49 49 16 21 21 24 30 30 23 23 21 9 9 19 7 7 7 7 10 7 7 13 9 9 12 12 27 15 15 15 25 25 28 28 22 29 29 30 40 40 40 40 10 6 6 20
 49 49 16 21 21 24 30 30 23 23 21 9 9 19 7 7 7 7 10 7 7 13 9 9 12 12 27 15 15 15 25 25 28 28 22 29 29 30 40 40 40 40 10 6 6 20
 20 20 21 22 22 19 23 23 29 29 35 38 38 15 11 11 12 12 11 8 8 7 7 7 9 9 10 11 11 11 18 18 23 23 19 22 22 22 31 31 35 35 28 17 17 28
 53 53 38 33 33 25 38 38 26 26 26 19 19 28 20 20 17 17 17 10 10 7 4 4 8 8 9 7 7 9 13 13 17 17 14 26 26 22 50 50 36 36 29 16 16 14
 53 53 38 33 33 25 38 38 26 26 26 19 19 28 20 20 17 17 17 10 10 7 4 4 8 8 9 7 7 9 13 13 17 17 14 26 26 22 50 50 36 36 29 16 16 14
 34 34 41 37 37 29 39 39 39 39 38 16 16 38 28 28 30 30 17 12 12 5 3 3 8 8 9 10 10 12 14 14 16 16 22 26 26 21 29 29 21 21 19 16 16 16
 34 34 41 37 37 29 39 39 39 39 38 16 16 38 28 28 30 30 17 12 12 5 3 3 8 8 9 10 10 12 14 14 16 16 22 26 26 21 29 29 21 21 19 16 16 16
 41 41 45 41 41 34 47 47 69 69 35 24 24 28 29 29 26 26 9 8 8 10 8 8 7 7 9 9 9 12 14 14 7 7 9 17 17 15 18 18 21 21 15 11 11 15
 55 55 70 35 35 41 63 63 39 39 34 26 26 30 28 28 21 21 11 10 10 7 8 8 2 2 3 5 5 6 6 6 5 5 3 12 12 10 11 11 12 12 11 11 11 8
 55 55 70 35 35 41 63 63 39 39 34 26 26 30 28 28 21 21 11 10 10 7 8 8 2 2 3 5 5 6 6 6 5 5 3 12 12 10 11 11 12 12 11 11 11 8
 25 25 65 45 45 42 56 56 38 38 24 24 24 29 32 32 29 29 13 12 12 15 2 2 2 2 1 2 2 2 2 2 2 2 1 4 4 4 7 7 5 5 7 7 7 7
 29 29 33 39 39 36 62 62 29 29 31 29 29 31 18 18 19 19 29 35 35 16 5 5 6 6 6 4 4 2 2 2 1 1 1 1 1 1 3 3 3 3 4 6 6 6
 29 29 33 39 39 36 62 62 29 29 31 29 29 31 18 18 19 19 29 35 35 16 5 5 6 6 6 4 4 2 2 2 1 1 1 1 1 1 3 3 3 3 4 6 6 6
 35 35 37 60 60 44 27 27 23 23 31 22 22 30 19 19 23 23 54 51 51 23 12 12 11 11 32 8 8 3 3 3 3 3 14 6 6 3 3 3 3 3 2 3 3 4
 35 35 37 60 60 44 27 27 23 23 31 22 22 30 19 19 23 23 54 51 51 23 12 12 11 11 32 8 8 3 3 3 3 3 14 6 6 3 3 3 3 3 2 3 3 4
 31 31 33 52 52 46 47 47 19 19 28 24 24 31 28 28 26 26 46 47 47 23 19 19 13 13 20 12 12 4 5 5 4 4 2 4 4 3 2 2 2 2 1 3 3 1
 49 49 28 33 33 33 31 31 17 17 21 24 24 28 41 41 39 39 36 29 29 20 18 18 15 15 21 17 17 6 4 4 1 1 1 2 2 2 2 2 2 2 1 1 1 1
 49 49 28 33 33 33 31 31 17 17 21 24 24 28 41 41 39 39 36 29 29 20 18 18 15 15 21 17 17 6 4 4 1 1 1 2 2 2 2 2 2 2 1 1 1 1
 21 21 22 16 16 19 15 15 19 19 19 32 32 35 52 52 37 37 36 23 23 15 24 24 31 31 32 11 11 6 5 5 3 3 2 2 2 6 2 2 2 2 1 1 1 1
 11 11 14 12 12 13 12 12 26 26 19 28 28 41 35 35 39 39 54 29 29 21 17 17 20 20 17 16 16 9 6 6 3 3 4 2 2 6 2 2 1 1 1 1 1 1
 11 11 14 12 12 13 12 12 26 26 19 28 28 41 35 35 39 39 54 29 29 21 17 17 20 20 17 16 16 9 6 6 3 3 4 2 2 6 2 2 1 1 1 1 1 1
 10 10 24 8 8 13 8 8 11 11 17 40 40 28 43 43 32 32 24 22 22 15 15 15 14 14 12 10 10 12 5 5 2 2 2 1 1 1 1 1 1 1 1 1 1 1
 10 10 24 8 8 13 8 8 11 11 17 40 40 28 43 43 32 32 24 22 22 15 15 15 14 14 12 10 10 12 5 5 2 2 2 1 1 1 1 1 1 1 1 1 1 1
 5 5 6 7 7 9 9 9 12 12 10 12 12 22 17 17 28 28 28 15 15 13 12 12 11 11 12 9 9 6 6 6 5 5 1 1 1 0 0 0 0 0 2 1 1 1
 12 12 6 6 6 7 10 10 12 12 8 12 12 9 9 9 17 17 19 16 16 12 12 12 16 16 12 5 5 3 2 2 3 3 1 3 3 1 1 1 2 2 2 2 2 1
 12 12 6 6 6 7 10 10 12 12 8 12 12 9 9 9 17 17 19 16 16 12 12 12 16 16 12 5 5 3 2 2 3 3 1 3 3 1 1 1 2 2 2 2 2 1
 7 7 7 5 5 11 11 11 10 10 27 6 6 5 6 6 15 15 17 14 14 14 11 11 10 10 9 4 4 3 2 2 1 1 1 3 3 1 2 2 2 2 3 3 3 3
 5 5 6 8 8 12 8 8 6 6 12 8 8 3 5 5 14 14 15 11 11 10 8 8 2 2 6 1 1 1 0 0 0 0 1 1 1 3 2 2 2 2 3 3 3 6
 5 5 6 8 8 12 8 8 6 6 12 8 8 3 5 5 14 14 15 11 11 10 8 8 2 2 6 1 1 1 0 0 0 0 1 1 1 3 2 2 2 2 3 3 3 6
 5 5 6 8 8 9 14 14 9 9 7 3 3 2 2 2 11 11 7 10 10 8 5 5 5 5 0 3 3 1 2 2 9 9 3 3 3 1 2 2 2 2 6 11 11 12
 5 5 6 8 8 9 14 14 9 9 7 3 3 2 2 2 11 11 7 10 10 8 5 5 5 5 0 3 3 1 2 2 9 9 3 3 3 1 2 2 2 2 6 11 11 12
 5 5 6 5 5 5 7 7 11 11 9 3 3 1 2 2 2 2 2 8 8 7 11 11 4 4 1 1 1 1 8 8 16 16 9 3 3 2 2 2 2 2 9 19 19 8
 7 7 7 6 6 6 5 5 7 7 5 5 5 2 1 1 2 2 3 3 3 13 12 12 6 6 4 2 2 1 9 9 10 10 11 2 2 2 2 2 1 1 3 11 11 10
 7 7 7 6 6 6 5 5 7 7 5 5 5 2 1 1 2 2 3 3 3 13 12 12 6 6 4 2 2 1 9 9 10 10 11 2 2 2 2 2 1 1 3 11 11 10
 4 4 11 6 6 3 5 5 5 5 3 3 3 2 1 1 2 2 4 8 8 12 6 6 8 8 8 5 5 1 9 9 9 9 12 2 2 2 5 5 4 4 2 3 3 7
 2 2 2 2 2 4 7 7 7 7 6 3 3 3 3 3 3 3 6 6 6 7 12 12 14 14 9 8 8 5 11 11 6 6 11 2 2 3 3 3 2 2 1 3 3 1
 2 2 2 2 2 4 7 7 7 7 6 3 3 3 3 3 3 3 6 6 6 7 12 12 14 14 9 8 8 5 11 11 6 6 11 2 2 3 3 3 2 2 1 3 3 1
 1 1 1 2 2 4 5 5 12 12 15 15 15 6 3 3 13 13 4 12 12 10 9 9 16 16 17 14 14 11 15 15 32 32 6 7 7 5 2 2 2 2 2 2 2 2
 1 1 1 2 2 4 5 5 12 12 15 15 15 6 3 3 13 13 4 12 12 10 9 9 16 16 17 14 14 11 15 15 32 32 6 7 7 5 2 2 2 2 2 2 2 2
 1 1 3 2 2 2 5 5 7 7 14 12 12 6 9 9 5 5 32 23 23 14 10 10 15 15 12 5 5 8 11 11 13 13 11 4 4 10 1 1 1 1 2 1 1 2
 2 2 1 1 1 2 5 5 6 6 8 4 4 4 5 5 9 9 8 22 22 40 20 20 11 11 12 6 6 11 9 9 14 14 19 10 10 16 5 5 3 3 3 4 4 2
 2 2 1 1 1 2 5 5 6 6 8 4 4 4 5 5 9 9 8 22 22 40 20 20 11 11 12 6 6 11 9 9 14 14 19 10 10 16 5 5 3 3 3 4 4 2
 1 1 2 1 1 2 5 5 3 3 3 3 3 6 4 4 5 5 5 17 17 13 14 14 11 11 21 11 11 8 3 3 9 9 10 10 10 9 8 8 3 3 3 3 3 2
 1 1 1 5 5 2 7 7 3 3 4 6 6 6 5 5 7 7 7 14 14 12 13 13 15 15 20 11 11 6 4 4 5 5 5 8 8 7 12 12 9 9 4 3 3 2
 1 1 1 5 5 2 7 7 3 3 4 6 6 6 5 5 7 7 7 14 14 12 13 13 15 15 20 11 11 6 4 4 5 5 5 8 8 7 12 12 9 9 4 3 3 2
 1 1 1 4 4 4 8 8 4 4 6 5 5 4 6 6 6 6 5 8 8 13 15 15 11 11 10 8 8 12 6 6 3 3 1 3 3 6 11 11 3 3 2 1 1 0
 1 1 1 4 4 4 8 8 4 4 6 5 5 4 6 6 6 6 5 8 8 13 15 15 11 11 10 8 8 12 6 6 3 3 1 3 3 6 11 11 3 3 2 1 1 0
 1 1 1 2 2 2 4 4 1 1 4 3 3 7 6 6 5 5 4 7 7 5 5 5 7 7 10 10 10 14 11 11 5 5 8 1 1 3 7 7 2 2 1 0 0 0
 0 0 1 3 3 1 2 2 3 3 2 3 3 5 8 8 9 9 6 8 8 11 6 6 3 3 8 10 10 9 8 8 3 3 3 6 6 0 5 5 1 1 0 0 0 0
 0 0 1 3 3 1 2 2 3 3 2 3 3 5 8 8 9 9 6 8 8 11 6 6 3 3 8 10 10 9 8 8 3 3 3 6 6 0 5 5 1 1 0 0 0 0
 0 0 0 2 2 2 2 2 3 3 5 6 6 5 4 4 2 2 4 9 9 8 6 6 8 8 3 2 2 2 1 1 2 2 3 1 1 1 0 0 0 0 0 0 0 0
 0 0 0 0 0 0 0 0 1 1 3 13 13 3 3 3 3 3 3 4 4 5 9 9 2 2 3 2 2 8 5 5 1 1 0 2 2 6 0 0 0 0 0 0 0 0
 0 0 0 0 0 0 0 0 1 1 3 13 13 3 3 3 3 3 3 4 4 5 9 9 2 2 3 2 2 8 5 5 1 1 0 2 2 6 0 0 0 0 0 0 0 0
 0 0 0 0 0 0 1 1 0 0 2 3 3 6 2 2 4 4 3 5 5 5 8 8 7 7 3 8 8 6 7 7 2 2 2 1 1 0 0 0 1 1 0 0 0 0
 0 0 0 0 0 0 1 1 0 0 2 3 3 6 2 2 4 4 3 5 5 5 8 8 7 7 3 8 8 6 7 7 2 2 2 1 1 0 0 0 1 1 0 0 0 0
 0 0 0 0 0 0 1 1 1 1 0 0 0 1 3 3 4 4 2 5 5 6 7 7 8 8 9 21 21 15 19 19 5 5 4 5 5 2 1 1 1 1 1 0 0 0
 0 0 1 1 1 1 0 0 0 0 1 4 4 2 6 6 8 8 2 2 2 4 6 6 8 8 6 36 36 18 10 10 6 6 5 4 4 6 12 12 3 3 2 0 0 0
 0 0 1 1 1 1 0 0 0 0 1 4 4 2 6 6 8 8 2 2 2 4 6 6 8 8 6 36 36 18 10 10 6 6 5 4 4 6 12 12 3 3 2 0 0 0
 2 2 2 0 0 0 0 0 0 0 1 1 1 1 1 1 1 1 2 1 1 2 7 7 11 11 7 28 28 10 23 23 2 2 1 7 7 8 17 17 12 12 1 0 0 0
 0 0 0 0 0 0 1 1 0 0 0 0 0 0 0 0 1 1 2 2 2 6 9 9 9 9 12 9 9 12 28 28 5 5 19 20 20 12 2 2 3 3 0 0 0 0
 0 0 0 0 0 0 1 1 0 0 0 0 0 0 0 0 1 1 2 2 2 6 9 9 9 9 12 9 9 12 28 28 5 5 19 20 20 12 2 2 3 3 0 0 0 0
 0 0 0 0 0 4 0 0 0 0 0 2 2 0 0 0 1 1 2 3 3 16 6 6 12 12 12 15 15 18 25 25 20 20 23 11 11 25 11 11 1 1 3 2 2 0
 0 0 0 0 0 4 0 0 0 0 0 2 2 0 0 0 1 1 2 3 3 16 6 6 12 12 12 15 15 18 25 25 20 20 23 11 11 25 11 11 1 1 3 2 2 0
 1 1 0 0 0 0 1 1 1 1 2 1 1 1 0 0 1 1 3 4 4 4 5 5 33 33 11 10 10 21 7 7 15 15 13 31 31 18 7 7 3 3 9 1 1 3
 0 0 0 2 2 1 0 0 1 1 6 5 5 0 0 0 0 0 2 3 3 8 4 4 3 3 20 10 10 12 14 14 13 13 43 30 30 13 4 4 6 6 1 0 0 0
 0 0 0 2 2 1 0 0 1 1 6 5 5 0 0 0 0 0 2 3 3 8 4 4 3 3 20 10 10 12 14 14 13 13 43 30 30 13 4 4 6 6 1 0 0 0
 1 1 1 3 3 1 1 1 3 3 10 4 4 1 0 0 1 1 1 3 3 6 8 8 3 3 5 3 3 7 7 7 6 6 19 7 7 5 5 5 5 5 4 1 1 1
 1 1 0 1 1 0 0 0 6 6 9 4 4 2 4 4 1 1 2 8 8 4 7 7 8 8 5 4 4 7 4 4 16 16 3 3 3 6 11 11 5 5 5 5 5 2
