assets/RAT_results_old/precipitation/2017-05-02_IMERG.asc
ncols        46
nrows        77
xllcorner    74.800261325624
yllcorner    8.058333333333
cellsize     0.062500000000
NODATA_value -9999
 5 5 30 7 7 7 4 4 16 16 13 13 13 15 18 18 22 22 15 4 4 7 5 5 1 1 0 0 0 0 2 2 0 0 7 0 0 0 0 0 0 0 0 0 0 0
 4 4 4 4 4 7 11 11 6 6 8 5 5 13 22 22 30 30 20 6 6 8 6 6 2 2 1 4 4 5 2 2 1 1 2 0 0 0 0 0 1 1 0 0 0 0
 4 4 4 4 4 7 11 11 6 6 8 5 5 13 22 22 30 30 20 6 6 8 6 6 2 2 1 4 4 5 2 2 1 1 2 0 0 0 0 0 1 1 0 0 0 0
 4 4 5 1 1 12 0 0 6 6 6 13 13 14 27 27 21 21 21 15 15 12 9 9 3 3 3 3 3 0 0 0 0 0 0 0 0 0 0 0 0 0 0 0 0 0
 0 0 1 8 8 6 0 0 1 1 11 16 16 12 19 19 7 7 9 11 11 11 4 4 3 3 0 0 0 0 0 0 0 0 0 0 0 0 0 0 0 0 0 0 0 0
 0 0 1 8 8 6 0 0 1 1 11 16 16 12 19 19 7 7 9 11 11 11 4 4 3 3 0 0 0 0 0 0 0 0 0 0 0 0 0 0 0 0 0 0 0 0
 0 0 0 2 2 4 4 4 4 4 7 11 11 6 26 26 17 17 5 10 10 17 4 4 0 0 0 0 0 0 0 0 0 0 0 0 0 0 0 0 0 0 0 0 0 0
 0 0 0 2 2 4 4 4 4 4 7 11 11 6 26 26 17 17 5 10 10 17 4 4 0 0 0 0 0 0 0 0 0 0 0 0 0 0 0 0 0 0 0 0 0 0
 0 0 0 1 1 5 0 0 0 0 3 13 13 10 9 9 6 6 8 13 13 10 1 1 0 0 0 0 0 0 0 0 0 0 0 0 0 0 0 0 0 0 0 0 0 0
 0 0 0 3 3 3 0 0 0 0 1 6 6 2 9 9 8 8 7 9 9 6 0 0 0 0 0 0 0 0 0 0 0 0 0 0 0 0 0 0 0 0 0 0 0 0
 0 0 0 3 3 3 0 0 0 0 1 6 6 2 9 9 8 8 7 9 9 6 0 0 0 0 0 0 0 0 0 0 0 0 0 0 0 0 0 0 0 0 0 0 0 0
 0 0 0 0 0 3 0 0 0 0 0 3 3 12 11 11 7 7 5 2 2 8 1 1 0 0 1 2 2 0 0 0 0 0 0 0 0 0 0 0 0 0 0 0 0 0
 0 0 0 0 0 2 3 3 0 0 0 0 0 2 6 6 1 1 0 0 0 2 0 0 0 0 1 0 0 0 0 0 0 0 0 0 0 0 0 0 0 0 0 0 0 0
 0 0 0 0 0 2 3 3 0 0 0 0 0 2 6 6 1 1 0 0 0 2 0 0 0 0 1 0 0 0 0 0 0 0 0 0 0 0 0 0 0 0 0 0 0 0
 0 0 0 0 0 1 1 1 0 0 0 0 0 0 6 6 5 5 0 0 0 1 0 0 0 0 0 0 0 0 1 1 0 0 0 0 0 0 0 0 0 0 0 0 0 0
 0 0 0 0 0 1 1 1 0 0 0 0 0 0 6 6 5 5 0 0 0 1 0 0 0 0 0 0 0 0 1 1 0 0 0 0 0 0 0 0 0 0 0 0 0 0
 0 0 0 0 0 0 0 0 0 0 0 0 0 0 0 0 0 0 1 0 0 0 0 0 0 0 0 0 0 0 1 1 1 1 0 0 0 0 0 0 0 0 0 0 0 0
 0 0 0 0 0 0 0 0 0 0 0 0 0 0 2 2 0 0 0 0 0 1 2 2 1 1 8 0 0 0 0 0 0 0 0 0 0 0 0 0 0 0 0 0 0 2
 0 0 0 0 0 0 0 0 0 0 0 0 0 0 2 2 0 0 0 0 0 1 2 2 1 1 8 0 0 0 0 0 0 0 0 0 0 0 0 0 0 0 0 0 0 2
 0 0 0 0 0 0 0 0 0 0 0 1 1 0 1 1 0 0 0 3 3 11 16 16 8 8 3 0 0 0 0 0 0 0 0 0 0 0 0 0 0 0 0 1 1 1
 0 0 0 0 0 0 0 0 0 0 0 0 0 0 0 0 0 0 2 13 13 6 14 14 6 6 0 0 0 0 0 0 0 0 0 0 0 0 0 0 0 0 1 1 1 2
 0 0 0 0 0 0 0 0 0 0 0 0 0 0 0 0 0 0 2 13 13 6 14 14 6 6 0 0 0 0 0 0 0 0 0 0 0 0 0 0 0 0 1 1 1 2
 0 0 0 0 0 0 0 0 0 0 1 0 0 1 0 0 0 0 0 2 2 3 0 0 0 0 0 1 1 2 0 0 0 0 0 0 0 0 0 0 0 0 2 1 1 2
 0 0 0 0 0 0 0 0 0 0 1 0 0 1 0 0 0 0 0 2 2 3 0 0 0 0 0 1 1 2 0 0 0 0 0 0 0 0 0 0 0 0 2 1 1 2
 0 0 0 0 0 0 0 0 0 0 0 0 0 0 0 0 0 0 0 0 0 3 0 0 0 0 0 0 0 1 1 1 0 0 0 0 0 0 1 1 2 2 2 2 2 1
 0 0 0 0 0 0 0 0 0 0 0 0 0 0 0 0 0 0 0 0 0 0 0 0 0 0 1 1 1 0 0 0 0 0 0 0 0 0 0 0 2 2 3 2 2 1
 0 0 0 0 0 0 0 0 0 0 0 0 0 0 0 0 0 0 0 0 0 0 0 0 0 0 1 1 1 0 0 0 0 0 0 0 0 0 0 0 2 2 3 2 2 1
 0 0 0 0 0 0 0 0 1 1 0 0 0 0 0 0 0 0 0 0 0 0 0 0 0 0 0 1 1 0 0 0 0 0 0 0 0 0 1 1 1 1 1 1 1 0
 0 0 0 0 0 0 0 0 0 0 0 0 0 0 0 0 0 0 0 0 0 0 0 0 0 0 0 0 0 0 0 0 0 0 0 0 0 1 1 1 1 1 2 1 1 0
 0 0 0 0 0 0 0 0 0 0 0 0 0 0 0 0 0 0 0 0 0 0 0 0 0 0 0 0 0 0 0 0 0 0 0 0 0 1 1 1 1 1 2 1 1 0
 0 0 0 0 0 0 0 0 0 0 0 0 0 0 1 1 1 1 1 1 1 1 1 1 0 0 0 0 0 0 0 0 0 0 0 0 0 0 0 0 1 1 1 1 1 0
 0 0 0 0 0 0 0 0 0 0 0 0 0 0 1 1 1 1 1 1 1 1 1 1 0 0 0 0 0 0 0 0 0 0 0 0 0 0 0 0 1 1 1 1 1 0
 0 0 0 0 0 0 0 0 0 0 0 0 0 2 3 3 3 3 2 2 2 1 1 1 0 0 0 0 0 0 0 0 0 0 0 0 0 0 1 1 0 0 1 0 0 1
 0 0 0 0 0 0 0 0 0 0 1 1 1 4 5 5 5 5 5 4 4 2 1 1 0 0 0 0 0 0 0 0 0 0 0 0 0 0 1 1 0 0 0 0 0 0
 0 0 0 0 0 0 0 0 0 0 1 1 1 4 5 5 5 5 5 4 4 2 1 1 0 0 0 0 0 0 0 0 0 0 0 0 0 0 1 1 0 0 0 0 0 0
 0 0 0 0 0 0 0 0 0 0 1 3 3 7 7 7 7 7 8 6 6 2 1 1 0 0 0 1 1 0 1 1 1 1 0 0 0 0 0 0 0 0 0 0 0 1
 0 0 0 0 0 0 0 0 0 0 0 2 2 7 6 6 4 4 3 4 4 11 1 1 16 16 24 7 7 8 3 3 2 2 0 0 0 0 0 0 0 0 0 1 1 5
 0 0 0 0 0 0 0 0 0 0 0 2 2 7 6 6 4 4 3 4 4 11 1 1 16 16 24 7 7 8 3 3 2 2 0 0 0 0 0 0 0 0 0 1 1 5
 0 0 0 0 0 0 0 0 0 0 0 1 1 1 3 3 1 1 1 1 1 23 18 18 17 17 64 21 21 13 13 13 1 1 0 0 0 0 0 0 0 0 1 4 4 9
 0 0 0 0 0 0 0 0 0 0 0 1 1 1 3 3 1 1 1 1 1 23 18 18 17 17 64 21 21 13 13 13 1 1 0 0 0 0 0 0 0 0 1 4 4 9
 0 0 0 0 0 0 0 0 1 1 1 1 1 1 7 7 0 0 13 0 0 5 11 11 16 16 6 7 7 39 3 3 5 5 0 2 2 2 1 1 2 2 6 8 8 13
 0 0 0 0 0 0 1 1 6 6 10 3 3 3 8 8 2 2 0 1 1 9 8 8 9 9 18 7 7 23 19 19 7 7 3 1 1 6 1 1 3 3 8 14 14 8
 0 0 0 0 0 0 1 1 6 6 10 3 3 3 8 8 2 2 0 1 1 9 8 8 9 9 18 7 7 23 19 19 7 7 3 1 1 6 1 1 3 3 8 14 14 8
 7 7 5 4 4 3 33 33 37 37 32 19 19 9 7 7 2 2 7 3 3 1 10 10 9 9 13 21 21 8 1 1 1 1 1 5 5 18 7 7 11 11 11 7 7 4
 17 17 5 4 4 11 34 34 33 33 192 33 33 9 9 9 3 3 7 3 3 9 13 13 16 16 13 4 4 4 1 1 4 4 5 11 11 13 4 4 3 3 7 10 10 3
 17 17 5 4 4 11 34 34 33 33 192 33 33 9 9 9 3 3 7 3 3 9 13 13 16 16 13 4 4 4 1 1 4 4 5 11 11 13 4 4 3 3 7 10 10 3
 30 30 31 16 16 20 40 40 38 38 75 11 11 4 4 4 5 5 1 7 7 2 5 5 0 0 4 2 2 3 1 1 4 4 8 24 24 25 6 6 2 2 24 36 36 13
 30 30 31 16 16 20 40 40 38 38 75 11 11 4 4 4 5 5 1 7 7 2 5 5 0 0 4 2 2 3 1 1 4 4 8 24 24 25 6 6 2 2 24 36 36 13
 27 27 29 15 15 14 38 38 38 38 18 9 9 3 2 2 2 2 2 13 13 20 1 1 5 5 14 21 21 15 4 4 4 4 11 18 18 15 6 6 6 6 23 10 10 13
 18 18 17 6 6 5 41 41 34 34 13 4 4 1 10 10 1 1 1 11 11 8 12 12 12 12 18 21 21 7 2 2 4 4 3 4 4 22 1 1 6 6 26 29 29 29
 18 18 17 6 6 5 41 41 34 34 13 4 4 1 10 10 1 1 1 11 11 8 12 12 12 12 18 21 21 7 2 2 4 4 3 4 4 22 1 1 6 6 26 29 29 29
 21 21 19 6 6 18 40 40 34 34 17 3 3 1 6 6 2 2 1 8 8 0 2 2 6 6 13 8 8 4 21 21 5 5 2 2 2 6 5 5 16 16 16 21 21 10
 8 8 6 7 7 10 40 40 62 62 33 2 2 1 0 0 4 4 0 0 0 1 5 5 0 0 0 6 6 2 1 1 5 5 2 12 12 12 11 11 11 11 14 22 22 9
 8 8 6 7 7 10 40 40 62 62 33 2 2 1 0 0 4 4 0 0 0 1 5 5 0 0 0 6 6 2 1 1 5 5 2 12 12 12 11 11 11 11 14 22 22 9
 1 1 1 3 3 2 17 17 61 61 30 14 14 10 1 1 0 0 0 1 1 1 0 0 0 0 1 1 1 0 1 1 6 6 7 15 15 10 28 28 15 15 25 22 22 13
 1 1 1 3 3 2 17 17 61 61 30 14 14 10 1 1 0 0 0 1 1 1 0 0 0 0 1 1 1 0 1 1 6 6 7 15 15 10 28 28 15 15 25 22 22 13
 0 0 0 1 1 0 3 3 31 31 15 33 33 15 1 1 0 0 0 1 1 0 0 0 1 1 2 1 1 0 5 5 5 5 6 10 10 14 16 16 19 19 16 21 21 4
 1 1 0 1 1 1 12 12 5 5 2 4 4 2 0 0 0 0 0 0 0 1 0 0 0 0 1 1 1 0 3 3 14 14 18 23 23 13 17 17 18 18 16 21 21 6
 1 1 0 1 1 1 12 12 5 5 2 4 4 2 0 0 0 0 0 0 0 1 0 0 0 0 1 1 1 0 3 3 14 14 18 23 23 13 17 17 18 18 16 21 21 6
 0 0 0 1 1 2 4 4 6 6 0 1 1 1 0 0 0 0 0 0 0 0 0 0 0 0 0 3 3 3 18 18 29 29 13 14 14 17 19 19 20 20 19 20 20 10
 0 0 0 0 0 1 0 0 1 1 1 0 0 0 0 0 1 1 0 0 0 0 0 0 0 0 0 0 0 14 20 20 28 28 15 27 27 29 29 29 18 18 19 17 17 12
 0 0 0 0 0 1 0 0 1 1 1 0 0 0 0 0 1 1 0 0 0 0 0 0 0 0 0 0 0 14 20 20 28 28 15 27 27 29 29 29 18 18 19 17 17 12
 0 0 0 0 0 2 0 0 0 0 0 0 0 0 0 0 0 0 0 0 0 0 0 0 0 0 1 3 3 14 18 18 28 28 24 33 33 27 32 32 20 20 19 13 13 14
 0 0 0 0 0 2 0 0 0 0 0 0 0 0 0 0 0 0 0 0 0 0 0 0 0 0 1 3 3 14 18 18 28 28 24 33 33 27 32 32 20 20 19 13 13 14
 0 0 0 0 0 0 0 0 0 0 0 0 0 0 0 0 0 0 0 0 0 0 0 0 0 0 2 7 7 32 33 33 27 27 24 18 18 22 16 16 15 15 16 7 7 3
 0 0 0 0 0 0 0 0 0 0 0 0 0 0 0 0 0 0 0 0 0 0 0 0 0 0 12 22 22 22 21 21 15 15 17 24 24 17 11 11 3 3 5 3 3 3
 0 0 0 0 0 0 0 0 0 0 0 0 0 0 0 0 0 0 0 0 0 0 0 0 0 0 12 22 22 22 21 21 15 15 17 24 24 17 11 11 3 3 5 3 3 3
 0 0 0 5 5 0 0 0 0 0 0 0 0 0 1 1 0 0 0 0 0 0 0 0 0 0 0 18 18 27 18 18 15 15 17 19 19 13 4 4 3 3 7 12 12 15
 0 0 0 3 3 0 0 0 0 0 0 0 0 0 1 1 0 0 0 0 0 0 0 0 0 0 7 19 19 12 11 11 15 15 11 10 10 6 16 16 19 19 9 15 15 14
 0 0 0 3 3 0 0 0 0 0 0 0 0 0 1 1 0 0 0 0 0 0 0 0 0 0 7 19 19 12 11 11 15 15 11 10 10 6 16 16 19 19 9 15 15 14
 0 0 0 0 0 0 0 0 1 1 2 1 1 0 2 2 0 0 0 0 0 0 0 0 7 7 1 6 6 2 8 8 0 0 3 3 3 6 6 6 16 16 14 23 23 15
 0 0 0 0 0 0 0 0 1 1 2 1 1 0 2 2 0 0 0 0 0 0 0 0 7 7 1 6 6 2 8 8 0 0 3 3 3 6 6 6 16 16 14 23 23 15
 1 1 0 0 0 0 0 0 9 9 1 2 2 1 15 15 17 17 2 2 2 1 0 0 7 7 0 6 6 1 0 0 0 0 0 2 2 2 2 2 15 15 17 20 20 3
 0 0 0 0 0 0 0 0 1 1 2 4 4 1 22 22 18 18 1 3 3 0 0 0 6 6 0 0 0 0 0 0 0 0 0 0 0 1 6 6 6 6 3 4 4 0
 0 0 0 0 0 0 0 0 1 1 2 4 4 1 22 22 18 18 1 3 3 0 0 0 6 6 0 0 0 0 0 0 0 0 0 0 0 1 6 6 6 6 3 4 4 0
 0 0 0 0 0 1 0 0 0 0 0 8 8 9 6 6 4 4 1 1 1 0 20 20 6 6 3 3 3 0 0 0 0 0 0 0 0 0 1 1 1 1 4 1 1 0
 0 0 0 0 0 6 0 0 0 0 3 2 2 0 0 0 0 0 19 19 19 16 20 20 0 0 2 1 1 0 0 0 0 0 0 0 0 0 0 0 1 1 0 0 0 0
