assets/RAT_results_old/precipitation/2017-03-04_IMERG.asc
ncols        46
nrows        77
xllcorner    74.800261325624
yllcorner    8.058333333333
cellsize     0.062500000000
NODATA_value -9999
 0 0 0 0 0 0 0 0 0 0 0 0 0 0 0 0 2 2 0 0 0 0 0 0 0 0 0 0 0 0 0 0 0 0 0 0 0 0 0 0 0 0 0 0 0 0
 0 0 0 0 0 0 0 0 0 0 0 1 1 0 0 0 2 2 0 0 0 0 0 0 0 0 0 0 0 0 0 0 0 0 0 0 0 0 0 0 0 0 0 0 0 0
 0 0 0 0 0 0 0 0 0 0 0 1 1 0 0 0 2 2 0 0 0 0 0 0 0 0 0 0 0 0 0 0 0 0 0 0 0 0 0 0 0 0 0 0 0 0
 0 0 0 0 0 0 0 0 0 0 0 0 0 0 0 0 0 0 0 0 0 0 0 0 0 0 0 0 0 0 0 0 0 0 0 0 0 0 0 0 0 0 0 0 0 0
 0 0 0 0 0 0 0 0 2 2 0 0 0 0 0 0 0 0 0 0 0 0 0 0 0 0 0 0 0 0 0 0 0 0 0 0 0 0 0 0 0 0 0 0 0 0
 0 0 0 0 0 0 0 0 2 2 0 0 0 0 0 0 0 0 0 0 0 0 0 0 0 0 0 0 0 0 0 0 0 0 0 0 0 0 0 0 0 0 0 0 0 0
 0 0 0 0 0 0 0 0 0 0 0 0 0 0 0 0 0 0 0 0 0 0 0 0 0 0 0 0 0 0 0 0 0 0 0 0 0 0 0 0 0 0 0 0 0 0
 0 0 0 0 0 0 0 0 0 0 0 0 0 0 0 0 0 0 0 0 0 0 0 0 0 0 0 0 0 0 0 0 0 0 0 0 0 0 0 0 0 0 0 0 0 0
 1 1 0 0 0 0 0 0 0 0 0 0 0 0 0 0 0 0 0 0 0 3 0 0 0 0 0 0 0 0 0 0 0 0 0 0 0 0 0 0 0 0 0 0 0 0
 0 0 0 0 0 0 0 0 0 0 0 0 0 0 0 0 0 0 0 0 0 0 1 1 0 0 0 0 0 0 0 0 0 0 0 0 0 0 0 0 0 0 0 0 0 0
 0 0 0 0 0 0 0 0 0 0 0 0 0 0 0 0 0 0 0 0 0 0 1 1 0 0 0 0 0 0 0 0 0 0 0 0 0 0 0 0 0 0 0 0 0 0
 0 0 0 0 0 0 0 0 0 0 0 0 0 0 0 0 0 0 0 1 1 0 0 0 0 0 0 0 0 0 0 0 0 0 0 0 0 0 0 0 0 0 0 0 0 0
 0 0 0 0 0 1 0 0 0 0 0 0 0 0 0 0 0 0 0 0 0 0 0 0 0 0 0 0 0 0 0 0 0 0 0 0 0 0 0 0 0 0 0 0 0 0
 0 0 0 0 0 1 0 0 0 0 0 0 0 0 0 0 0 0 0 0 0 0 0 0 0 0 0 0 0 0 0 0 0 0 0 0 0 0 0 0 0 0 0 0 0 0
 0 0 0 0 0 0 0 0 0 0 0 0 0 0 0 0 3 3 0 1 1 0 0 0 0 0 0 0 0 0 0 0 0 0 0 0 0 0 0 0 0 0 0 0 0 0
 0 0 0 0 0 0 0 0 0 0 0 0 0 0 0 0 3 3 0 1 1 0 0 0 0 0 0 0 0 0 0 0 0 0 0 0 0 0 0 0 0 0 0 0 0 0
 0 0 0 0 0 0 0 0 0 0 2 0 0 3 6 6 1 1 1 2 2 1 0 0 0 0 0 0 0 0 0 0 0 0 0 0 0 0 0 0 0 0 0 0 0 0
 0 0 0 0 0 0 0 0 0 0 1 5 5 7 2 2 0 0 6 5 5 4 1 1 0 0 0 0 0 0 1 1 1 1 3 3 3 0 0 0 0 0 0 0 0 0
 0 0 0 0 0 0 0 0 0 0 1 5 5 7 2 2 0 0 6 5 5 4 1 1 0 0 0 0 0 0 1 1 1 1 3 3 3 0 0 0 0 0 0 0 0 0
 0 0 0 0 0 0 0 0 0 0 11 6 6 10 3 3 12 12 12 17 17 5 1 1 8 8 8 0 0 0 1 1 0 0 1 1 1 1 0 0 0 0 0 0 0 0
 0 0 0 0 0 0 0 0 0 0 2 3 3 1 2 2 12 12 11 13 13 21 9 9 8 8 8 0 0 0 1 1 2 2 3 1 1 1 0 0 0 0 0 0 0 0
 0 0 0 0 0 0 0 0 0 0 2 3 3 1 2 2 12 12 11 13 13 21 9 9 8 8 8 0 0 0 1 1 2 2 3 1 1 1 0 0 0 0 0 0 0 0
 0 0 0 0 0 0 0 0 2 2 2 0 0 0 0 0 11 11 13 7 7 12 0 0 0 0 0 1 1 1 1 1 0 0 3 4 4 4 0 0 0 0 0 0 0 0
 0 0 0 0 0 0 0 0 2 2 2 0 0 0 0 0 11 11 13 7 7 12 0 0 0 0 0 1 1 1 1 1 0 0 3 4 4 4 0 0 0 0 0 0 0 0
 0 0 0 0 0 0 1 1 1 1 4 0 0 0 0 0 3 3 14 22 22 0 0 0 2 2 2 1 1 4 0 0 0 0 24 0 0 4 0 0 0 0 0 0 0 0
 0 0 0 0 0 0 0 0 2 2 1 1 1 3 21 21 6 6 14 4 4 5 3 3 2 2 2 1 1 4 1 1 0 0 0 0 0 3 0 0 0 0 0 0 0 0
 0 0 0 0 0 0 0 0 2 2 1 1 1 3 21 21 6 6 14 4 4 5 3 3 2 2 2 1 1 4 1 1 0 0 0 0 0 3 0 0 0 0 0 0 0 0
 0 0 0 0 0 1 3 3 1 1 0 1 1 3 19 19 17 17 5 17 17 10 1 1 9 9 9 10 10 2 1 1 0 0 0 0 0 0 0 0 0 0 0 0 0 0
 0 0 0 0 0 1 4 4 2 2 1 0 0 3 12 12 14 14 10 14 14 13 1 1 13 13 9 21 21 3 3 3 0 0 0 0 0 0 0 0 0 0 0 0 0 0
 0 0 0 0 0 1 4 4 2 2 1 0 0 3 12 12 14 14 10 14 14 13 1 1 13 13 9 21 21 3 3 3 0 0 0 0 0 0 0 0 0 0 0 0 0 0
 0 0 0 0 0 1 1 1 2 2 0 0 0 1 1 1 7 7 1 3 3 4 13 13 18 18 55 35 35 8 3 3 0 0 0 0 0 0 0 0 0 0 0 0 0 0
 0 0 0 0 0 1 1 1 2 2 0 0 0 1 1 1 7 7 1 3 3 4 13 13 18 18 55 35 35 8 3 3 0 0 0 0 0 0 0 0 0 0 0 0 0 0
 0 0 0 1 1 3 2 2 0 0 1 2 2 1 1 1 4 4 2 4 4 1 15 15 20 20 63 60 60 60 0 0 0 0 0 0 0 5 2 2 2 2 0 0 0 1
 1 1 0 1 1 7 10 10 5 5 9 6 6 1 5 5 2 2 2 4 4 4 28 28 30 30 75 61 61 60 0 0 3 3 3 5 5 5 7 7 3 3 0 0 0 1
 1 1 0 1 1 7 10 10 5 5 9 6 6 1 5 5 2 2 2 4 4 4 28 28 30 30 75 61 61 60 0 0 3 3 3 5 5 5 7 7 3 3 0 0 0 1
 1 1 1 10 10 9 10 10 14 14 16 16 16 14 9 9 3 3 4 20 20 1 30 30 22 22 39 32 32 27 0 0 3 3 3 7 7 6 42 42 38 38 0 3 3 2
 1 1 1 10 10 17 18 18 41 41 42 29 29 20 6 6 4 4 2 6 6 1 4 4 17 17 38 3 3 0 0 0 2 2 3 11 11 11 45 45 24 24 0 20 20 19
 1 1 1 10 10 17 18 18 41 41 42 29 29 20 6 6 4 4 2 6 6 1 4 4 17 17 38 3 3 0 0 0 2 2 3 11 11 11 45 45 24 24 0 20 20 19
 3 3 1 31 31 46 19 19 42 42 42 66 66 56 50 50 10 10 8 1 1 1 5 5 46 46 11 8 8 5 5 5 1 1 6 11 11 9 22 22 2 2 8 20 20 17
 3 3 1 31 31 46 19 19 42 42 42 66 66 56 50 50 10 10 8 1 1 1 5 5 46 46 11 8 8 5 5 5 1 1 6 11 11 9 22 22 2 2 8 20 20 17
 3 3 24 44 44 51 54 54 52 52 58 56 56 41 6 6 9 9 10 0 0 1 11 11 43 43 29 27 27 31 26 26 31 31 9 15 15 4 8 8 4 4 8 2 2 1
 3 3 23 30 30 34 35 35 43 43 60 56 56 40 8 8 4 4 3 0 0 2 37 37 11 11 10 16 16 32 34 34 36 36 40 15 15 23 10 10 10 10 5 9 9 4
 3 3 23 30 30 34 35 35 43 43 60 56 56 40 8 8 4 4 3 0 0 2 37 37 11 11 10 16 16 32 34 34 36 36 40 15 15 23 10 10 10 10 5 9 9 4
 1 1 7 11 11 32 15 15 29 29 38 37 37 7 7 7 6 6 2 1 1 8 29 29 30 30 31 49 49 46 34 34 54 54 54 28 28 52 16 16 7 7 8 6 6 20
 1 1 8 9 9 14 14 14 12 12 12 28 28 14 17 17 15 15 8 2 2 8 18 18 28 28 53 52 52 56 38 38 38 38 68 47 47 50 16 16 8 8 13 11 11 16
 1 1 8 9 9 14 14 14 12 12 12 28 28 14 17 17 15 15 8 2 2 8 18 18 28 28 53 52 52 56 38 38 38 38 68 47 47 50 16 16 8 8 13 11 11 16
 1 1 3 3 3 6 3 3 4 4 9 3 3 17 12 12 24 24 6 1 1 14 16 16 49 49 63 73 73 50 48 48 68 68 66 67 67 29 11 11 10 10 14 6 6 21
 1 1 3 3 3 6 3 3 4 4 9 3 3 17 12 12 24 24 6 1 1 14 16 16 49 49 63 73 73 50 48 48 68 68 66 67 67 29 11 11 10 10 14 6 6 21
 2 2 2 2 2 2 2 2 2 2 4 8 8 20 32 32 27 27 3 3 3 29 16 16 45 45 61 85 85 73 69 69 90 90 72 79 79 37 40 40 27 27 31 21 21 30
 3 3 3 4 4 3 3 3 1 1 4 14 14 27 43 43 34 34 1 27 27 27 27 27 36 36 30 45 45 71 83 83 67 67 58 70 70 54 39 39 37 37 35 28 28 33
 3 3 3 4 4 3 3 3 1 1 4 14 14 27 43 43 34 34 1 27 27 27 27 27 36 36 30 45 45 71 83 83 67 67 58 70 70 54 39 39 37 37 35 28 28 33
 3 3 3 6 6 4 2 2 2 2 6 8 8 5 30 30 52 52 19 6 6 4 37 37 44 44 32 42 42 50 75 75 80 80 46 59 59 33 31 31 18 18 31 31 31 21
 3 3 2 1 1 2 2 2 2 2 1 1 1 1 3 3 24 24 1 4 4 4 33 33 35 35 16 14 14 26 41 41 36 36 33 44 44 25 19 19 17 17 6 14 14 5
 3 3 2 1 1 2 2 2 2 2 1 1 1 1 3 3 24 24 1 4 4 4 33 33 35 35 16 14 14 26 41 41 36 36 33 44 44 25 19 19 17 17 6 14 14 5
 2 2 1 1 1 4 4 4 4 4 2 2 2 1 0 0 4 4 1 1 1 4 20 20 20 20 13 17 17 19 20 20 26 26 47 17 17 23 6 6 9 9 5 10 10 4
 2 2 1 1 1 4 4 4 4 4 2 2 2 1 0 0 4 4 1 1 1 4 20 20 20 20 13 17 17 19 20 20 26 26 47 17 17 23 6 6 9 9 5 10 10 4
 2 2 2 9 9 9 5 5 4 4 2 1 1 2 1 1 1 1 0 0 0 3 13 13 17 17 36 13 13 29 43 43 51 51 53 51 51 23 9 9 14 14 5 0 0 0
 3 3 3 9 9 10 10 10 8 8 6 5 5 2 1 1 1 1 1 0 0 20 20 20 25 25 37 16 16 28 42 42 46 46 17 17 17 13 7 7 7 7 4 0 0 0
 3 3 3 9 9 10 10 10 8 8 6 5 5 2 1 1 1 1 1 0 0 20 20 20 25 25 37 16 16 28 42 42 46 46 17 17 17 13 7 7 7 7 4 0 0 0
 3 3 2 10 10 11 8 8 2 2 4 5 5 4 1 1 5 5 0 0 0 1 8 8 11 11 13 12 12 10 5 5 21 21 10 10 10 6 2 2 5 5 0 0 0 0
 10 10 9 13 13 15 8 8 3 3 1 1 1 1 0 0 0 0 0 0 0 0 8 8 10 10 11 17 17 15 3 3 2 2 0 0 0 0 0 0 0 0 0 0 0 0
 10 10 9 13 13 15 8 8 3 3 1 1 1 1 0 0 0 0 0 0 0 0 8 8 10 10 11 17 17 15 3 3 2 2 0 0 0 0 0 0 0 0 0 0 0 0
 15 15 17 13 13 13 8 8 6 6 5 1 1 0 0 0 0 0 0 0 0 0 0 0 0 0 17 13 13 11 1 1 5 5 10 5 5 2 2 2 0 0 0 0 0 0
 15 15 17 13 13 13 8 8 6 6 5 1 1 0 0 0 0 0 0 0 0 0 0 0 0 0 17 13 13 11 1 1 5 5 10 5 5 2 2 2 0 0 0 0 0 0
 19 19 22 18 18 26 10 10 10 10 5 5 5 1 0 0 2 2 0 0 0 0 0 0 1 1 3 1 1 7 5 5 14 14 6 12 12 11 3 3 3 3 0 0 0 0
 25 25 27 28 28 22 10 10 10 10 13 8 8 4 1 1 0 0 0 0 0 0 0 0 0 0 1 0 0 7 6 6 13 13 11 15 15 26 20 20 20 20 0 0 0 0
 25 25 27 28 28 22 10 10 10 10 13 8 8 4 1 1 0 0 0 0 0 0 0 0 0 0 1 0 0 7 6 6 13 13 11 15 15 26 20 20 20 20 0 0 0 0
 23 23 22 21 21 18 10 10 13 13 16 8 8 3 0 0 1 1 0 0 0 0 0 0 1 1 1 0 0 2 10 10 8 8 9 11 11 12 6 6 3 3 0 0 0 0
 25 25 25 24 24 16 12 12 11 11 14 3 3 2 0 0 0 0 0 0 0 0 0 0 2 2 0 0 0 5 7 7 14 14 9 6 6 4 3 3 3 3 0 1 1 2
 25 25 25 24 24 16 12 12 11 11 14 3 3 2 0 0 0 0 0 0 0 0 0 0 2 2 0 0 0 5 7 7 14 14 9 6 6 4 3 3 3 3 0 1 1 2
 14 14 21 20 20 11 14 14 10 10 12 2 2 1 0 0 1 1 1 0 0 0 4 4 3 3 5 1 1 14 5 5 14 14 2 1 1 0 0 0 0 0 0 1 1 0
 14 14 21 20 20 11 14 14 10 10 12 2 2 1 0 0 1 1 1 0 0 0 4 4 3 3 5 1 1 14 5 5 14 14 2 1 1 0 0 0 0 0 0 1 1 0
 14 14 14 13 13 10 6 6 9 9 8 1 1 1 0 0 0 0 0 0 0 2 3 3 4 4 4 21 21 7 1 1 3 3 3 1 1 0 0 0 1 1 1 1 1 1
 10 10 11 10 10 5 5 5 5 5 5 0 0 0 0 0 0 0 0 0 0 2 1 1 1 1 3 2 2 1 3 3 3 3 1 11 11 1 1 1 1 1 1 1 1 1
 10 10 11 10 10 5 5 5 5 5 5 0 0 0 0 0 0 0 0 0 0 2 1 1 1 1 3 2 2 1 3 3 3 3 1 11 11 1 1 1 1 1 1 1 1 1
 9 9 6 5 5 2 1 1 1 1 0 0 0 0 0 0 0 0 0 0 0 2 1 1 0 0 0 1 1 1 0 0 1 1 2 3 3 1 2 2 1 1 1 2 2 2
 5 5 1 1 1 1 1 1 1 1 0 0 0 0 0 0 0 0 0 0 0 1 0 0 0 0 0 1 1 2 0 0 0 0 1 1 1 2 3 3 3 3 3 1 1 2
