assets/RAT_results_old/precipitation/2017-10-26_IMERG.asc
ncols        46
nrows        77
xllcorner    74.800261325624
yllcorner    8.058333333333
cellsize     0.062500000000
NODATA_value -9999
 2 2 6 1 1 1 2 2 1 1 0 0 0 0 1 1 1 1 0 2 2 0 0 0 0 0 0 0 0 0 0 0 0 0 0 1 1 0 0 0 0 0 0 0 0 0
 1 1 2 2 2 1 0 0 0 0 0 1 1 0 0 0 0 0 0 0 0 1 0 0 0 0 0 0 0 0 0 0 0 0 0 0 0 0 0 0 0 0 0 0 0 0
 1 1 2 2 2 1 0 0 0 0 0 1 1 0 0 0 0 0 0 0 0 1 0 0 0 0 0 0 0 0 0 0 0 0 0 0 0 0 0 0 0 0 0 0 0 0
 1 1 2 2 2 0 0 0 0 0 0 0 0 0 0 0 0 0 0 0 0 0 0 0 0 0 0 0 0 0 0 0 0 0 0 0 0 0 0 0 0 0 0 0 0 0
 1 1 2 2 2 0 0 0 2 2 0 1 1 0 1 1 0 0 1 0 0 0 0 0 0 0 0 0 0 0 0 0 0 0 0 0 0 0 0 0 0 0 0 0 0 0
 1 1 2 2 2 0 0 0 2 2 0 1 1 0 1 1 0 0 1 0 0 0 0 0 0 0 0 0 0 0 0 0 0 0 0 0 0 0 0 0 0 0 0 0 0 0
 1 1 1 3 3 2 2 2 6 6 2 1 1 0 1 1 0 0 0 0 0 0 0 0 0 0 0 0 0 0 0 0 0 0 0 0 0 0 0 0 0 0 0 0 0 0
 1 1 1 3 3 2 2 2 6 6 2 1 1 0 1 1 0 0 0 0 0 0 0 0 0 0 0 0 0 0 0 0 0 0 0 0 0 0 0 0 0 0 0 0 0 0
 1 1 3 3 3 2 2 2 2 2 2 1 1 1 0 0 0 0 0 0 0 0 0 0 0 0 0 0 0 0 0 0 0 0 0 0 0 0 0 0 0 0 0 1 1 1
 2 2 17 17 17 17 5 5 5 5 2 0 0 1 0 0 0 0 0 0 0 0 0 0 0 0 0 0 0 0 0 0 0 0 0 0 0 0 0 0 0 0 0 1 1 0
 2 2 17 17 17 17 5 5 5 5 2 0 0 1 0 0 0 0 0 0 0 0 0 0 0 0 0 0 0 0 0 0 0 0 0 0 0 0 0 0 0 0 0 1 1 0
 1 1 17 18 18 17 5 5 5 5 2 0 0 0 3 3 1 1 1 1 1 0 0 0 0 0 0 0 0 0 0 0 0 0 0 0 0 0 0 0 0 0 0 0 0 0
 2 2 16 23 23 17 7 7 12 12 8 3 3 4 4 4 1 1 1 2 2 1 0 0 0 0 0 0 0 0 0 0 0 0 0 0 0 0 0 0 0 0 0 0 0 1
 2 2 16 23 23 17 7 7 12 12 8 3 3 4 4 4 1 1 1 2 2 1 0 0 0 0 0 0 0 0 0 0 0 0 0 0 0 0 0 0 0 0 0 0 0 1
 1 1 16 24 24 24 10 10 10 10 9 8 8 3 2 2 3 3 2 2 2 1 1 1 0 0 0 0 0 0 0 0 0 0 0 0 0 0 1 1 2 2 1 2 2 1
 1 1 16 24 24 24 10 10 10 10 9 8 8 3 2 2 3 3 2 2 2 1 1 1 0 0 0 0 0 0 0 0 0 0 0 0 0 0 1 1 2 2 1 2 2 1
 1 1 2 8 8 23 11 11 16 16 9 9 9 3 2 2 5 5 2 2 2 1 1 1 1 1 1 0 0 0 0 0 0 0 0 0 0 0 0 0 0 0 0 2 2 1
 1 1 2 8 8 6 8 8 15 15 14 14 14 7 5 5 6 6 2 2 2 2 2 2 4 4 1 0 0 0 0 0 0 0 0 0 0 0 0 0 1 1 0 0 0 2
 1 1 2 8 8 6 8 8 15 15 14 14 14 7 5 5 6 6 2 2 2 2 2 2 4 4 1 0 0 0 0 0 0 0 0 0 0 0 0 0 1 1 0 0 0 2
 1 1 3 1 1 2 3 3 6 6 14 15 15 9 17 17 17 17 9 9 9 9 3 3 3 3 1 0 0 0 2 2 0 0 0 0 0 0 0 0 0 0 0 0 0 2
 3 3 1 2 2 3 1 1 4 4 10 14 14 12 20 20 18 18 9 10 10 10 4 4 4 4 3 1 1 1 1 1 0 0 0 0 0 0 0 0 0 0 0 0 0 1
 3 3 1 2 2 3 1 1 4 4 10 14 14 12 20 20 18 18 9 10 10 10 4 4 4 4 3 1 1 1 1 1 0 0 0 0 0 0 0 0 0 0 0 0 0 1
 2 2 4 3 3 3 1 1 4 4 9 10 10 18 27 27 22 22 18 11 11 11 4 4 4 4 3 2 2 2 3 3 1 1 0 0 0 0 4 4 5 5 5 5 5 0
 2 2 4 3 3 3 1 1 4 4 9 10 10 18 27 27 22 22 18 11 11 11 4 4 4 4 3 2 2 2 3 3 1 1 0 0 0 0 4 4 5 5 5 5 5 0
 3 3 4 4 4 13 5 5 1 1 8 8 8 16 24 24 23 23 18 11 11 11 11 11 5 5 4 3 3 4 3 3 1 1 0 1 1 0 4 4 5 5 6 5 5 1
 4 4 4 4 4 10 5 5 2 2 2 9 9 13 15 15 23 23 22 13 13 12 11 11 4 4 5 5 5 5 4 4 2 2 1 1 1 8 6 6 5 5 6 1 1 0
 4 4 4 4 4 10 5 5 2 2 2 9 9 13 15 15 23 23 22 13 13 12 11 11 4 4 5 5 5 5 4 4 2 2 1 1 1 8 6 6 5 5 6 1 1 0
 2 2 18 13 13 16 12 12 14 14 13 8 8 5 9 9 23 23 22 21 21 14 13 13 5 5 5 7 7 6 7 7 4 4 1 1 1 4 12 12 10 10 6 0 0 0
 0 0 4 14 14 14 17 17 14 14 16 7 7 7 10 10 23 23 24 20 20 11 11 11 5 5 9 10 10 8 10 10 11 11 3 0 0 6 19 19 12 12 7 0 0 1
 0 0 4 14 14 14 17 17 14 14 16 7 7 7 10 10 23 23 24 20 20 11 11 11 5 5 9 10 10 8 10 10 11 11 3 0 0 6 19 19 12 12 7 0 0 1
 1 1 2 13 13 14 13 13 13 13 20 19 19 10 13 13 23 23 25 21 21 14 14 14 12 12 9 5 5 7 12 12 11 11 5 1 1 1 2 2 8 8 1 1 1 0
 1 1 2 13 13 14 13 13 13 13 20 19 19 10 13 13 23 23 25 21 21 14 14 14 12 12 9 5 5 7 12 12 11 11 5 1 1 1 2 2 8 8 1 1 1 0
 2 2 1 13 13 13 14 14 15 15 21 19 19 9 16 16 14 14 23 24 24 18 20 20 18 18 8 4 4 4 7 7 7 7 4 2 2 2 3 3 4 4 3 1 1 0
 3 3 2 9 9 13 14 14 15 15 21 21 21 15 10 10 15 15 24 15 15 14 26 26 29 29 25 14 14 12 2 2 1 1 1 0 0 2 2 2 3 3 3 1 1 0
 3 3 2 9 9 13 14 14 15 15 21 21 21 15 10 10 15 15 24 15 15 14 26 26 29 29 25 14 14 12 2 2 1 1 1 0 0 2 2 2 3 3 3 1 1 0
 3 3 8 9 9 9 17 17 17 17 17 18 18 21 12 12 11 11 12 16 16 15 27 27 34 34 20 14 14 12 2 2 1 1 0 0 0 0 1 1 2 2 3 2 2 0
 0 0 7 8 8 2 2 2 3 3 16 19 19 24 15 15 16 16 19 22 22 22 31 31 30 30 19 12 12 11 2 2 1 1 1 0 0 0 0 0 1 1 4 2 2 2
 0 0 7 8 8 2 2 2 3 3 16 19 19 24 15 15 16 16 19 22 22 22 31 31 30 30 19 12 12 11 2 2 1 1 1 0 0 0 0 0 1 1 4 2 2 2
 2 2 6 6 6 2 3 3 3 3 5 4 4 13 14 14 22 22 26 30 30 27 57 57 50 50 22 15 15 13 2 2 2 2 1 1 1 2 0 0 0 0 0 0 0 3
 2 2 6 6 6 2 3 3 3 3 5 4 4 13 14 14 22 22 26 30 30 27 57 57 50 50 22 15 15 13 2 2 2 2 1 1 1 2 0 0 0 0 0 0 0 3
 2 2 2 2 2 0 1 1 2 2 2 5 5 18 17 17 20 20 49 50 50 49 50 50 48 48 20 17 17 12 10 10 3 3 2 2 2 2 0 0 0 0 1 1 1 1
 1 1 2 1 1 0 0 0 1 1 4 4 4 17 19 19 22 22 59 42 42 36 36 36 37 37 28 17 17 15 13 13 6 6 4 3 3 2 2 2 0 0 2 2 2 3
 1 1 2 1 1 0 0 0 1 1 4 4 4 17 19 19 22 22 59 42 42 36 36 36 37 37 28 17 17 15 13 13 6 6 4 3 3 2 2 2 0 0 2 2 2 3
 0 0 1 0 0 0 1 1 1 1 3 3 3 6 14 14 14 14 40 30 30 41 29 29 17 17 15 13 13 17 15 15 8 8 6 3 3 2 1 1 0 0 1 2 2 6
 0 0 0 0 0 1 2 2 1 1 3 3 3 4 5 5 3 3 20 21 21 22 17 17 16 16 17 14 14 19 17 17 11 11 8 4 4 2 2 2 0 0 1 5 5 2
 0 0 0 0 0 1 2 2 1 1 3 3 3 4 5 5 3 3 20 21 21 22 17 17 16 16 17 14 14 19 17 17 11 11 8 4 4 2 2 2 0 0 1 5 5 2
 0 0 2 0 0 1 2 2 1 1 2 2 2 2 3 3 7 7 12 14 14 14 6 6 16 16 18 17 17 20 18 18 16 16 9 16 16 4 3 3 7 7 4 4 4 1
 0 0 2 0 0 1 2 2 1 1 2 2 2 2 3 3 7 7 12 14 14 14 6 6 16 16 18 17 17 20 18 18 16 16 9 16 16 4 3 3 7 7 4 4 4 1
 0 0 1 1 1 1 3 3 1 1 1 2 2 15 2 2 4 4 4 13 13 14 16 16 15 15 22 27 27 24 23 23 21 21 18 15 15 5 3 3 3 3 4 4 4 1
 0 0 1 0 0 0 1 1 4 4 1 17 17 15 10 10 10 10 3 13 13 15 20 20 18 18 29 25 25 23 26 26 22 22 16 14 14 13 4 4 4 4 6 5 5 2
 0 0 1 0 0 0 1 1 4 4 1 17 17 15 10 10 10 10 3 13 13 15 20 20 18 18 29 25 25 23 26 26 22 22 16 14 14 13 4 4 4 4 6 5 5 2
 0 0 0 0 0 0 1 1 5 5 6 23 23 18 16 16 16 16 2 15 15 15 20 20 21 21 27 25 25 25 32 32 21 21 14 13 13 14 7 7 6 6 7 6 6 5
 0 0 0 0 0 0 1 1 3 3 28 21 21 18 16 16 17 17 6 10 10 14 16 16 23 23 23 25 25 23 26 26 20 20 14 14 14 14 6 6 5 5 6 10 10 11
 0 0 0 0 0 0 1 1 3 3 28 21 21 18 16 16 17 17 6 10 10 14 16 16 23 23 23 25 25 23 26 26 20 20 14 14 14 14 6 6 5 5 6 10 10 11
 0 0 0 0 0 0 0 0 0 0 0 18 18 19 15 15 18 18 12 11 11 15 16 16 18 18 20 32 32 24 26 26 25 25 16 4 4 3 2 2 2 2 2 8 8 8
 0 0 0 0 0 0 0 0 0 0 0 18 18 19 15 15 18 18 12 11 11 15 16 16 18 18 20 32 32 24 26 26 25 25 16 4 4 3 2 2 2 2 2 8 8 8
 0 0 0 0 0 1 0 0 1 1 1 24 24 18 26 26 18 18 8 9 9 16 17 17 23 23 32 34 34 28 26 26 21 21 21 6 6 6 3 3 2 2 1 4 4 4
 0 0 0 0 0 0 0 0 0 0 28 24 24 26 26 26 4 4 7 9 9 17 16 16 25 25 33 35 35 34 38 38 28 28 28 13 13 5 4 4 1 1 1 3 3 4
 0 0 0 0 0 0 0 0 0 0 28 24 24 26 26 26 4 4 7 9 9 17 16 16 25 25 33 35 35 34 38 38 28 28 28 13 13 5 4 4 1 1 1 3 3 4
 0 0 1 0 0 0 0 0 0 0 27 26 26 17 17 17 6 6 9 9 9 14 18 18 18 18 37 38 38 38 40 40 39 39 29 13 13 7 5 5 3 3 2 4 4 4
 0 0 0 0 0 0 0 0 0 0 0 0 0 0 17 17 5 5 8 7 7 15 27 27 27 27 56 35 35 39 31 31 31 31 15 6 6 6 4 4 7 7 4 2 2 1
 0 0 0 0 0 0 0 0 0 0 0 0 0 0 17 17 5 5 8 7 7 15 27 27 27 27 56 35 35 39 31 31 31 31 15 6 6 6 4 4 7 7 4 2 2 1
 0 0 0 0 0 0 0 0 0 0 0 0 0 1 1 1 1 1 5 5 5 11 23 23 23 23 62 31 31 35 22 22 28 28 23 19 19 5 6 6 8 8 7 6 6 2
 0 0 0 0 0 0 0 0 0 0 0 0 0 1 1 1 1 1 5 5 5 11 23 23 23 23 62 31 31 35 22 22 28 28 23 19 19 5 6 6 8 8 7 6 6 2
 0 0 0 0 0 0 0 0 0 0 0 0 0 0 0 0 0 0 0 5 5 4 18 18 11 11 32 35 35 31 19 19 18 18 19 18 18 18 7 7 11 11 11 9 9 5
 0 0 0 0 0 0 0 0 0 0 0 0 0 0 0 0 0 0 0 2 2 2 2 2 0 0 1 10 10 7 14 14 16 16 20 17 17 18 7 7 9 9 6 8 8 7
 0 0 0 0 0 0 0 0 0 0 0 0 0 0 0 0 0 0 0 2 2 2 2 2 0 0 1 10 10 7 14 14 16 16 20 17 17 18 7 7 9 9 6 8 8 7
 0 0 0 0 0 0 0 0 0 0 0 0 0 0 0 0 0 0 0 0 0 0 0 0 0 0 1 7 7 2 10 10 13 13 10 15 15 16 6 6 7 7 6 7 7 4
 0 0 0 0 0 0 0 0 0 0 0 0 0 0 0 0 0 0 0 0 0 0 0 0 0 0 0 1 1 1 10 10 14 14 13 16 16 15 2 2 11 11 11 2 2 1
 0 0 0 0 0 0 0 0 0 0 0 0 0 0 0 0 0 0 0 0 0 0 0 0 0 0 0 1 1 1 10 10 14 14 13 16 16 15 2 2 11 11 11 2 2 1
 0 0 0 0 0 0 0 0 0 0 0 0 0 0 0 0 0 0 0 0 0 0 0 0 1 1 0 1 1 1 8 8 3 3 6 16 16 15 13 13 7 7 7 2 2 2
 0 0 0 0 0 0 0 0 0 0 0 0 0 0 0 0 0 0 0 0 0 0 0 0 1 1 0 1 1 1 8 8 3 3 6 16 16 15 13 13 7 7 7 2 2 2
 0 0 0 0 0 0 0 0 0 0 0 0 0 0 0 0 0 0 0 0 0 0 0 0 1 1 0 0 0 0 0 0 2 2 3 15 15 16 14 14 8 8 8 8 8 11
 0 0 0 0 0 0 0 0 0 0 0 0 0 0 0 0 0 0 0 0 0 0 1 1 0 0 0 0 0 0 1 1 1 1 1 2 2 14 29 29 11 11 10 4 4 0
 0 0 0 0 0 0 0 0 0 0 0 0 0 0 0 0 0 0 0 0 0 0 1 1 0 0 0 0 0 0 1 1 1 1 1 2 2 14 29 29 11 11 10 4 4 0
 0 0 0 0 0 0 0 0 0 0 0 0 0 0 1 1 0 0 0 0 0 0 1 1 2 2 1 3 3 5 1 1 1 1 1 1 1 17 12 12 8 8 9 8 8 1
 0 0 0 0 0 0 0 0 0 0 0 0 0 0 0 0 0 0 0 0 0 0 0 0 0 0 2 5 5 2 1 1 0 0 1 1 1 17 1 1 1 1 1 0 0 0
