assets/RAT_results_old/precipitation/2017-05-10_IMERG.asc
ncols        46
nrows        77
xllcorner    74.800261325624
yllcorner    8.058333333333
cellsize     0.062500000000
NODATA_value -9999
 1 1 1 1 1 1 2 2 2 2 2 1 1 0 0 0 0 0 2 6 6 4 6 6 9 9 10 11 11 9 8 8 8 8 10 11 11 13 11 11 10 10 7 11 11 32
 2 2 2 2 2 2 3 3 3 3 2 1 1 0 1 1 2 2 5 4 4 4 7 7 11 11 13 12 12 11 8 8 9 9 12 12 12 15 12 12 10 10 8 32 32 42
 2 2 2 2 2 2 3 3 3 3 2 1 1 0 1 1 2 2 5 4 4 4 7 7 11 11 13 12 12 11 8 8 9 9 12 12 12 15 12 12 10 10 8 32 32 42
 4 4 3 3 3 3 3 3 3 3 3 2 2 1 2 2 4 4 9 6 6 7 11 11 14 14 13 11 11 11 11 11 10 10 12 12 12 10 11 11 12 12 14 42 42 41
 6 6 5 4 4 4 4 4 4 4 6 5 5 2 2 2 5 5 6 7 7 9 11 11 14 14 13 9 9 8 9 9 11 11 12 13 13 10 15 15 16 16 14 37 37 36
 6 6 5 4 4 4 4 4 4 4 6 5 5 2 2 2 5 5 6 7 7 9 11 11 14 14 13 9 9 8 9 9 11 11 12 13 13 10 15 15 16 16 14 37 37 36
 6 6 6 5 5 5 6 6 8 8 24 17 17 10 7 7 6 6 9 10 10 13 9 9 9 9 8 6 6 5 7 7 10 10 12 13 13 11 11 11 9 9 10 20 20 24
 6 6 6 5 5 5 6 6 8 8 24 17 17 10 7 7 6 6 9 10 10 13 9 9 9 9 8 6 6 5 7 7 10 10 12 13 13 11 11 11 9 9 10 20 20 24
 7 7 8 6 6 7 11 11 14 14 15 22 22 11 12 12 15 15 16 15 15 21 10 10 23 23 9 11 11 4 4 4 8 8 12 15 15 11 11 11 9 9 9 6 6 17
 10 10 10 10 10 9 12 12 9 9 9 8 8 7 14 14 31 31 24 22 22 35 13 13 11 11 8 7 7 3 3 3 6 6 11 12 12 8 7 7 6 6 6 6 6 13
 10 10 10 10 10 9 12 12 9 9 9 8 8 7 14 14 31 31 24 22 22 35 13 13 11 11 8 7 7 3 3 3 6 6 11 12 12 8 7 7 6 6 6 6 6 13
 10 10 11 11 11 15 13 13 9 9 8 9 9 9 26 26 43 43 34 30 30 33 42 42 8 8 7 6 6 3 3 3 6 6 9 8 8 5 4 4 7 7 6 4 4 26
 17 17 15 16 16 19 16 16 12 12 10 10 10 10 46 46 43 43 36 33 33 29 26 26 8 8 7 5 5 4 3 3 6 6 8 7 7 6 5 5 7 7 6 4 4 24
 17 17 15 16 16 19 16 16 12 12 10 10 10 10 46 46 43 43 36 33 33 29 26 26 8 8 7 5 5 4 3 3 6 6 8 7 7 6 5 5 7 7 6 4 4 24
 25 25 16 24 24 26 17 17 15 15 12 11 11 10 35 35 36 36 40 33 33 30 14 14 9 9 13 13 13 6 4 4 7 7 11 9 9 5 4 4 3 3 2 2 2 3
 25 25 16 24 24 26 17 17 15 15 12 11 11 10 35 35 36 36 40 33 33 30 14 14 9 9 13 13 13 6 4 4 7 7 11 9 9 5 4 4 3 3 2 2 2 3
 24 24 21 33 33 34 24 24 17 17 15 15 15 16 23 23 20 20 26 27 27 18 16 16 11 11 12 14 14 7 6 6 6 6 7 6 6 5 3 3 1 1 1 1 1 0
 15 15 24 41 41 44 26 26 28 28 18 18 18 21 25 25 27 27 32 23 23 26 27 27 22 22 22 21 21 17 6 6 6 6 6 3 3 4 3 3 0 0 0 0 0 0
 15 15 24 41 41 44 26 26 28 28 18 18 18 21 25 25 27 27 32 23 23 26 27 27 22 22 22 21 21 17 6 6 6 6 6 3 3 4 3 3 0 0 0 0 0 0
 13 13 24 37 37 38 38 38 35 35 33 18 18 27 28 28 23 23 25 18 18 30 23 23 22 22 23 29 29 29 11 11 7 7 6 4 4 3 2 2 2 2 0 0 0 0
 18 18 26 39 39 44 38 38 38 38 35 20 20 21 21 21 23 23 17 20 20 40 38 38 38 38 31 31 31 31 11 11 6 6 7 3 3 2 2 2 2 2 0 0 0 0
 18 18 26 39 39 44 38 38 38 38 35 20 20 21 21 21 23 23 17 20 20 40 38 38 38 38 31 31 31 31 11 11 6 6 7 3 3 2 2 2 2 2 0 0 0 0
 23 23 27 39 39 37 35 35 38 38 43 26 26 16 19 19 14 14 11 17 17 36 30 30 24 24 23 22 22 20 13 13 8 8 8 6 6 2 3 3 3 3 0 0 0 0
 23 23 27 39 39 37 35 35 38 38 43 26 26 16 19 19 14 14 11 17 17 36 30 30 24 24 23 22 22 20 13 13 8 8 8 6 6 2 3 3 3 3 0 0 0 0
 28 28 35 40 40 34 31 31 30 30 37 27 27 14 14 14 13 13 15 14 14 27 25 25 31 31 25 19 19 23 21 21 10 10 8 7 7 3 4 4 4 4 1 1 1 1
 33 33 41 41 41 39 28 28 26 26 22 22 22 24 15 15 12 12 13 7 7 10 18 18 21 21 23 26 26 22 20 20 10 10 9 7 7 3 1 1 1 1 2 2 2 1
 33 33 41 41 41 39 28 28 26 26 22 22 22 24 15 15 12 12 13 7 7 10 18 18 21 21 23 26 26 22 20 20 10 10 9 7 7 3 1 1 1 1 2 2 2 1
 39 39 38 40 40 36 27 27 21 21 21 18 18 23 26 26 15 15 9 5 5 6 20 20 20 20 18 21 21 23 17 17 13 13 10 10 10 2 1 1 3 3 5 2 2 1
 43 43 78 74 74 40 25 25 21 21 16 19 19 21 22 22 10 10 8 5 5 5 16 16 20 20 21 24 24 23 28 28 15 15 12 13 13 3 6 6 3 3 3 5 5 2
 43 43 78 74 74 40 25 25 21 21 16 19 19 21 22 22 10 10 8 5 5 5 16 16 20 20 21 24 24 23 28 28 15 15 12 13 13 3 6 6 3 3 3 5 5 2
 38 38 43 37 37 32 30 30 20 20 20 20 20 29 23 23 11 11 7 6 6 5 10 10 14 14 23 33 33 32 28 28 16 16 32 19 19 12 13 13 24 24 5 5 5 4
 38 38 43 37 37 32 30 30 20 20 20 20 20 29 23 23 11 11 7 6 6 5 10 10 14 14 23 33 33 32 28 28 16 16 32 19 19 12 13 13 24 24 5 5 5 4
 36 36 41 38 38 33 26 26 20 20 16 20 20 47 23 23 5 5 6 11 11 4 8 8 16 16 12 37 37 18 15 15 25 25 34 25 25 78 62 62 13 13 7 6 6 5
 33 33 35 35 35 31 24 24 15 15 12 15 15 16 16 16 8 8 9 9 9 4 6 6 11 11 19 31 31 33 20 20 19 19 23 40 40 47 49 49 12 12 8 7 7 5
 33 33 35 35 35 31 24 24 15 15 12 15 15 16 16 16 8 8 9 9 9 4 6 6 11 11 19 31 31 33 20 20 19 19 23 40 40 47 49 49 12 12 8 7 7 5
 33 33 32 29 29 25 22 22 14 14 11 8 8 11 12 12 5 5 8 6 6 5 7 7 19 19 32 39 39 27 15 15 21 21 19 43 43 69 34 34 12 12 9 9 9 6
 27 27 31 24 24 20 16 16 14 14 11 8 8 9 9 9 3 3 6 11 11 9 9 9 22 22 25 34 34 25 25 25 30 30 34 32 32 78 42 42 20 20 15 14 14 9
 27 27 31 24 24 20 16 16 14 14 11 8 8 9 9 9 3 3 6 11 11 9 9 9 22 22 25 34 34 25 25 25 30 30 34 32 32 78 42 42 20 20 15 14 14 9
 28 28 27 21 21 17 13 13 11 11 10 5 5 5 5 5 5 5 6 7 7 15 15 15 27 27 27 37 37 26 27 27 28 28 37 46 46 35 30 30 43 43 27 20 20 15
 28 28 27 21 21 17 13 13 11 11 10 5 5 5 5 5 5 5 6 7 7 15 15 15 27 27 27 37 37 26 27 27 28 28 37 46 46 35 30 30 43 43 27 20 20 15
 26 26 25 19 19 15 10 10 9 9 8 5 5 10 11 11 10 10 10 11 11 15 14 14 23 23 27 28 28 29 52 52 56 56 53 43 43 41 29 29 32 32 29 23 23 13
 24 24 21 16 16 14 9 9 8 8 12 10 10 16 13 13 13 13 11 11 11 15 16 16 25 25 27 39 39 22 47 47 46 46 59 50 50 40 38 38 26 26 29 28 28 22
 24 24 21 16 16 14 9 9 8 8 12 10 10 16 13 13 13 13 11 11 11 15 16 16 25 25 27 39 39 22 47 47 46 46 59 50 50 40 38 38 26 26 29 28 28 22
 19 19 18 13 13 17 14 14 11 11 11 24 24 26 17 17 19 19 19 14 14 17 10 10 24 24 34 29 29 23 40 40 49 49 48 40 40 48 31 31 26 26 28 29 29 29
 16 16 12 10 10 15 11 11 9 9 15 28 28 28 20 20 14 14 14 14 14 12 11 11 16 16 26 26 26 31 27 27 40 40 41 39 39 41 39 39 26 26 32 33 33 43
 16 16 12 10 10 15 11 11 9 9 15 28 28 28 20 20 14 14 14 14 14 12 11 11 16 16 26 26 26 31 27 27 40 40 41 39 39 41 39 39 26 26 32 33 33 43
 10 10 9 7 7 9 7 7 6 6 23 27 27 28 17 17 10 10 10 11 11 9 9 9 16 16 23 27 27 26 42 42 57 57 64 67 67 55 56 56 44 44 35 40 40 67
 10 10 9 7 7 9 7 7 6 6 23 27 27 28 17 17 10 10 10 11 11 9 9 9 16 16 23 27 27 26 42 42 57 57 64 67 67 55 56 56 44 44 35 40 40 67
 8 8 6 4 4 7 6 6 9 9 9 13 13 13 4 4 4 4 1 9 9 8 9 9 13 13 16 20 20 33 36 36 98 98 113 69 69 60 78 78 82 82 75 106 106 127
 6 6 7 5 5 3 2 2 2 2 1 1 1 1 1 1 1 1 1 4 4 8 8 8 13 13 15 15 15 25 32 32 64 64 81 72 72 88 91 91 93 93 98 123 123 158
 6 6 7 5 5 3 2 2 2 2 1 1 1 1 1 1 1 1 1 4 4 8 8 8 13 13 15 15 15 25 32 32 64 64 81 72 72 88 91 91 93 93 98 123 123 158
 4 4 6 5 5 5 4 4 3 3 3 3 3 2 2 2 2 2 1 1 1 8 8 8 10 10 12 19 19 29 37 37 37 37 86 84 84 106 120 120 129 129 149 145 145 147
 3 3 6 8 8 8 7 7 6 6 6 6 6 5 3 3 3 3 2 2 2 13 13 13 14 14 16 17 17 25 38 38 50 50 81 86 86 98 130 130 106 106 167 158 158 139
 3 3 6 8 8 8 7 7 6 6 6 6 6 5 3 3 3 3 2 2 2 13 13 13 14 14 16 17 17 25 38 38 50 50 81 86 86 98 130 130 106 106 167 158 158 139
 2 2 6 10 10 10 10 10 9 9 9 9 9 8 6 6 4 4 3 2 2 15 15 15 29 29 28 31 31 39 35 35 42 42 72 63 63 68 78 78 103 103 120 141 141 82
 2 2 6 10 10 10 10 10 9 9 9 9 9 8 6 6 4 4 3 2 2 15 15 15 29 29 28 31 31 39 35 35 42 42 72 63 63 68 78 78 103 103 120 141 141 82
 2 2 5 8 8 10 11 11 11 11 11 11 11 9 7 7 5 5 4 3 3 41 40 40 29 29 37 44 44 34 36 36 35 35 67 66 66 89 61 61 156 156 136 93 93 77
 1 1 3 6 6 8 10 10 12 12 12 11 11 10 7 7 6 6 5 4 4 12 18 18 18 18 29 47 47 55 33 33 41 41 70 59 59 83 92 92 108 108 117 100 100 112
 1 1 3 6 6 8 10 10 12 12 12 11 11 10 7 7 6 6 5 4 4 12 18 18 18 18 29 47 47 55 33 33 41 41 70 59 59 83 92 92 108 108 117 100 100 112
 1 1 2 3 3 5 6 6 9 9 10 11 11 9 7 7 6 6 6 5 5 5 26 26 26 26 20 57 57 56 35 35 36 36 71 81 81 135 115 115 110 110 105 112 112 104
 2 2 3 3 3 3 4 4 5 5 7 8 8 8 7 7 7 7 7 6 6 6 26 26 25 25 19 57 57 57 102 102 88 88 96 82 82 132 95 95 102 102 117 110 110 38
 2 2 3 3 3 3 4 4 5 5 7 8 8 8 7 7 7 7 7 6 6 6 26 26 25 25 19 57 57 57 102 102 88 88 96 82 82 132 95 95 102 102 117 110 110 38
 2 2 3 5 5 5 5 5 6 6 6 6 6 6 7 7 8 8 8 6 6 6 26 26 26 26 25 53 53 53 98 98 60 60 85 122 122 128 108 108 92 92 79 66 66 31
 2 2 3 5 5 5 5 5 6 6 6 6 6 6 7 7 8 8 8 6 6 6 26 26 26 26 25 53 53 53 98 98 60 60 85 122 122 128 108 108 92 92 79 66 66 31
 2 2 4 9 9 9 12 12 14 14 12 10 10 8 10 10 11 11 16 7 7 7 23 23 27 27 12 37 37 62 62 62 62 62 68 85 85 80 121 121 95 95 67 84 84 29
 3 3 5 7 7 7 8 8 8 8 11 20 20 21 18 18 19 19 27 18 18 18 18 18 18 18 17 38 38 62 88 88 62 62 65 79 79 76 108 108 90 90 97 70 70 25
 3 3 5 7 7 7 8 8 8 8 11 20 20 21 18 18 19 19 27 18 18 18 18 18 18 18 17 38 38 62 88 88 62 62 65 79 79 76 108 108 90 90 97 70 70 25
 5 5 6 7 7 7 7 7 8 8 13 15 15 27 32 32 35 35 33 19 19 18 25 25 27 27 25 64 64 101 98 98 76 76 65 77 77 77 140 140 81 81 102 69 69 54
 8 8 8 9 9 8 8 8 9 9 18 20 20 29 43 43 69 69 67 37 37 24 26 26 26 26 27 68 68 105 103 103 64 64 52 60 60 91 61 61 89 89 70 65 65 39
 8 8 8 9 9 8 8 8 9 9 18 20 20 29 43 43 69 69 67 37 37 24 26 26 26 26 27 68 68 105 103 103 64 64 52 60 60 91 61 61 89 89 70 65 65 39
 9 9 9 10 10 10 10 10 11 11 12 23 23 45 48 48 79 79 78 45 45 60 60 60 62 62 58 67 67 103 105 105 52 52 32 33 33 39 48 48 50 50 48 42 42 23
 9 9 9 10 10 10 10 10 11 11 12 23 23 45 48 48 79 79 78 45 45 60 60 60 62 62 58 67 67 103 105 105 52 52 32 33 33 39 48 48 50 50 48 42 42 23
 9 9 10 13 13 14 14 14 14 14 16 29 29 42 43 43 47 47 49 42 42 73 72 72 63 63 61 64 64 29 33 33 20 20 20 20 20 28 28 28 37 37 29 18 18 19
 8 8 9 13 13 14 16 16 19 19 20 17 17 30 29 29 30 30 37 32 32 78 77 77 74 74 59 59 59 22 26 26 24 24 24 19 19 21 27 27 28 28 21 9 9 9
 8 8 9 13 13 14 16 16 19 19 20 17 17 30 29 29 30 30 37 32 32 78 77 77 74 74 59 59 59 22 26 26 24 24 24 19 19 21 27 27 28 28 21 9 9 9
 6 6 9 11 11 13 15 15 17 17 17 17 17 20 18 18 31 31 40 37 37 143 135 135 133 133 48 47 47 28 29 29 24 24 25 19 19 19 20 20 20 20 18 8 8 5
 5 5 8 10 10 13 15 15 15 15 15 15 15 17 16 16 15 15 42 42 42 60 136 136 135 135 27 33 33 25 25 25 22 22 19 18 18 19 13 13 12 12 6 3 3 4
