assets/RAT_results_old/precipitation/2017-07-31_IMERG.asc
ncols        46
nrows        77
xllcorner    74.800261325624
yllcorner    8.058333333333
cellsize     0.062500000000
NODATA_value -9999
 8 8 7 4 4 6 9 9 8 8 4 4 4 3 2 2 3 3 1 0 0 2 2 2 1 1 0 0 0 0 0 0 0 0 1 0 0 1 1 1 5 5 7 10 10 14
 2 2 5 4 4 3 3 3 1 1 3 9 9 9 6 6 3 3 1 0 0 1 1 1 2 2 1 0 0 1 0 0 0 0 0 2 2 1 2 2 5 5 13 15 15 30
 2 2 5 4 4 3 3 3 1 1 3 9 9 9 6 6 3 3 1 0 0 1 1 1 2 2 1 0 0 1 0 0 0 0 0 2 2 1 2 2 5 5 13 15 15 30
 2 2 3 5 5 2 5 5 5 5 8 11 11 17 9 9 4 4 3 2 2 1 3 3 4 4 5 3 3 1 1 1 0 0 1 1 1 1 1 1 8 8 11 14 14 28
 1 1 2 2 2 3 3 3 6 6 6 4 4 6 11 11 7 7 8 1 1 1 2 2 3 3 15 12 12 1 0 0 0 0 0 1 1 1 3 3 7 7 9 15 15 13
 1 1 2 2 2 3 3 3 6 6 6 4 4 6 11 11 7 7 8 1 1 1 2 2 3 3 15 12 12 1 0 0 0 0 0 1 1 1 3 3 7 7 9 15 15 13
 1 1 3 2 2 2 2 2 2 2 4 4 4 10 10 10 10 10 2 0 0 1 1 1 3 3 8 17 17 8 1 1 1 1 1 1 1 1 2 2 4 4 4 8 8 9
 1 1 3 2 2 2 2 2 2 2 4 4 4 10 10 10 10 10 2 0 0 1 1 1 3 3 8 17 17 8 1 1 1 1 1 1 1 1 2 2 4 4 4 8 8 9
 1 1 2 5 5 5 5 5 3 3 6 8 8 10 13 13 6 6 2 0 0 0 1 1 2 2 1 13 13 19 19 19 3 3 3 4 4 3 11 11 2 2 4 12 12 14
 2 2 2 3 3 8 2 2 6 6 9 11 11 9 6 6 6 6 7 1 1 1 1 1 1 1 1 13 13 3 12 12 3 3 4 7 7 3 6 6 3 3 15 11 11 23
 2 2 2 3 3 8 2 2 6 6 9 11 11 9 6 6 6 6 7 1 1 1 1 1 1 1 1 13 13 3 12 12 3 3 4 7 7 3 6 6 3 3 15 11 11 23
 0 0 0 0 0 3 3 3 5 5 4 4 4 2 1 1 0 0 0 0 0 1 1 1 1 1 1 0 0 0 5 5 4 4 12 38 38 23 12 12 9 9 17 27 27 32
 1 1 0 1 1 2 2 2 3 3 7 7 7 6 6 6 1 1 0 0 0 0 0 0 0 0 1 1 1 1 7 7 9 9 15 15 15 25 19 19 27 27 26 25 25 44
 1 1 0 1 1 2 2 2 3 3 7 7 7 6 6 6 1 1 0 0 0 0 0 0 0 0 1 1 1 1 7 7 9 9 15 15 15 25 19 19 27 27 26 25 25 44
 1 1 1 2 2 0 2 2 4 4 6 4 4 9 6 6 0 0 1 0 0 0 0 0 1 1 1 1 1 6 8 8 15 15 20 22 22 26 31 31 37 37 47 36 36 53
 1 1 1 2 2 0 2 2 4 4 6 4 4 9 6 6 0 0 1 0 0 0 0 0 1 1 1 1 1 6 8 8 15 15 20 22 22 26 31 31 37 37 47 36 36 53
 4 4 4 2 2 1 0 0 3 3 3 1 1 1 2 2 1 1 0 0 0 0 0 0 1 1 3 5 5 7 13 13 22 22 28 42 42 44 33 33 21 21 20 32 32 44
 3 3 4 2 2 1 1 1 1 1 2 3 3 3 1 1 1 1 1 1 1 0 7 7 3 3 6 5 5 10 11 11 23 23 33 35 35 34 34 34 11 11 11 21 21 31
 3 3 4 2 2 1 1 1 1 1 2 3 3 3 1 1 1 1 1 1 1 0 7 7 3 3 6 5 5 10 11 11 23 23 33 35 35 34 34 34 11 11 11 21 21 31
 5 5 5 6 6 5 3 3 1 1 1 2 2 4 2 2 1 1 0 1 1 1 1 1 2 2 5 4 4 8 8 8 14 14 33 33 33 24 15 15 10 10 10 14 14 11
 7 7 7 9 9 12 5 5 8 8 2 3 3 6 4 4 6 6 4 2 2 4 2 2 2 2 2 4 4 9 5 5 10 10 18 16 16 15 11 11 8 8 6 12 12 6
 7 7 7 9 9 12 5 5 8 8 2 3 3 6 4 4 6 6 4 2 2 4 2 2 2 2 2 4 4 9 5 5 10 10 18 16 16 15 11 11 8 8 6 12 12 6
 7 7 7 8 8 4 5 5 7 7 6 2 2 6 7 7 9 9 11 10 10 13 4 4 4 4 5 6 6 6 7 7 9 9 17 12 12 8 5 5 3 3 1 5 5 7
 7 7 7 8 8 4 5 5 7 7 6 2 2 6 7 7 9 9 11 10 10 13 4 4 4 4 5 6 6 6 7 7 9 9 17 12 12 8 5 5 3 3 1 5 5 7
 4 4 8 8 8 2 3 3 4 4 2 1 1 6 5 5 9 9 10 16 16 12 6 6 3 3 7 7 7 7 7 7 5 5 6 7 7 9 7 7 3 3 10 8 8 11
 6 6 8 5 5 9 1 1 5 5 2 2 2 4 6 6 7 7 3 4 4 6 8 8 12 12 7 7 7 10 7 7 7 7 5 5 5 6 6 6 6 6 6 8 8 14
 6 6 8 5 5 9 1 1 5 5 2 2 2 4 6 6 7 7 3 4 4 6 8 8 12 12 7 7 7 10 7 7 7 7 5 5 5 6 6 6 6 6 6 8 8 14
 7 7 9 4 4 5 6 6 1 1 3 0 0 2 1 1 5 5 3 2 2 6 5 5 10 10 11 5 5 9 7 7 5 5 4 6 6 6 5 5 7 7 6 8 8 13
 9 9 8 5 5 6 3 3 2 2 1 1 1 1 1 1 2 2 4 1 1 3 4 4 7 7 9 12 12 6 3 3 6 6 2 4 4 4 4 4 9 9 5 5 5 5
 9 9 8 5 5 6 3 3 2 2 1 1 1 1 1 1 2 2 4 1 1 3 4 4 7 7 9 12 12 6 3 3 6 6 2 4 4 4 4 4 9 9 5 5 5 5
 8 8 6 5 5 3 3 3 1 1 1 0 0 0 2 2 3 3 2 1 1 3 2 2 3 3 13 15 15 7 1 1 1 1 1 4 4 5 5 5 7 7 9 5 5 12
 8 8 6 5 5 3 3 3 1 1 1 0 0 0 2 2 3 3 2 1 1 3 2 2 3 3 13 15 15 7 1 1 1 1 1 4 4 5 5 5 7 7 9 5 5 12
 7 7 4 5 5 6 7 7 7 7 7 1 1 0 1 1 3 3 5 2 2 6 2 2 3 3 6 7 7 6 4 4 3 3 7 6 6 5 8 8 17 17 14 6 6 13
 5 5 5 4 4 5 8 8 8 8 7 0 0 0 1 1 2 2 5 2 2 1 2 2 2 2 4 5 5 2 4 4 3 3 2 4 4 6 6 6 18 18 9 13 13 15
 5 5 5 4 4 5 8 8 8 8 7 0 0 0 1 1 2 2 5 2 2 1 2 2 2 2 4 5 5 2 4 4 3 3 2 4 4 6 6 6 18 18 9 13 13 15
 6 6 5 4 4 4 4 4 3 3 2 0 0 1 1 1 1 1 3 2 2 2 1 1 3 3 3 3 3 4 4 4 4 4 2 2 2 4 3 3 7 7 7 10 10 13
 4 4 6 4 4 4 4 4 3 3 4 2 2 0 1 1 2 2 2 5 5 2 2 2 4 4 5 5 5 7 5 5 8 8 6 8 8 6 9 9 5 5 12 11 11 10
 4 4 6 4 4 4 4 4 3 3 4 2 2 0 1 1 2 2 2 5 5 2 2 2 4 4 5 5 5 7 5 5 8 8 6 8 8 6 9 9 5 5 12 11 11 10
 3 3 4 3 3 5 4 4 3 3 8 10 10 3 0 0 2 2 1 5 5 3 4 4 4 4 5 5 5 8 6 6 7 7 14 11 11 7 8 8 5 5 12 16 16 14
 3 3 4 3 3 5 4 4 3 3 8 10 10 3 0 0 2 2 1 5 5 3 4 4 4 4 5 5 5 8 6 6 7 7 14 11 11 7 8 8 5 5 12 16 16 14
 2 2 3 6 6 7 6 6 5 5 7 10 10 12 1 1 1 1 1 4 4 4 4 4 6 6 7 7 7 8 14 14 14 14 15 15 15 10 19 19 16 16 15 14 14 14
 2 2 3 5 5 5 6 6 7 7 10 14 14 11 2 2 2 2 2 3 3 8 7 7 10 10 9 12 12 16 20 20 21 21 20 21 21 21 19 19 15 15 21 15 15 32
 2 2 3 5 5 5 6 6 7 7 10 14 14 11 2 2 2 2 2 3 3 8 7 7 10 10 9 12 12 16 20 20 21 21 20 21 21 21 19 19 15 15 21 15 15 32
 2 2 3 3 3 6 7 7 9 9 15 14 14 14 8 8 5 5 3 2 2 7 10 10 10 10 12 15 15 18 28 28 23 23 26 24 24 22 30 30 19 19 20 18 18 14
 2 2 5 4 4 5 6 6 7 7 20 19 19 14 32 32 3 3 2 2 2 3 8 8 9 9 10 12 12 19 27 27 43 43 39 25 25 23 16 16 20 20 27 28 28 17
 2 2 5 4 4 5 6 6 7 7 20 19 19 14 32 32 3 3 2 2 2 3 8 8 9 9 10 12 12 19 27 27 43 43 39 25 25 23 16 16 20 20 27 28 28 17
 3 3 5 4 4 9 7 7 8 8 25 20 20 43 18 18 11 11 2 2 2 2 5 5 7 7 9 14 14 16 17 17 38 38 33 31 31 23 15 15 17 17 24 27 27 17
 3 3 5 4 4 9 7 7 8 8 25 20 20 43 18 18 11 11 2 2 2 2 5 5 7 7 9 14 14 16 17 17 38 38 33 31 31 23 15 15 17 17 24 27 27 17
 4 4 5 8 8 12 9 9 11 11 26 27 27 49 49 49 14 14 8 2 2 6 4 4 6 6 12 10 10 26 16 16 23 23 28 27 27 22 16 16 12 12 20 25 25 11
 6 6 7 9 9 16 15 15 34 34 30 35 35 71 53 53 30 30 12 9 9 8 8 8 4 4 4 13 13 11 11 11 14 14 15 10 10 14 18 18 9 9 8 9 9 4
 6 6 7 9 9 16 15 15 34 34 30 35 35 71 53 53 30 30 12 9 9 8 8 8 4 4 4 13 13 11 11 11 14 14 15 10 10 14 18 18 9 9 8 9 9 4
 8 8 12 12 12 21 21 21 39 39 37 73 73 66 80 80 41 41 26 5 5 10 12 12 5 5 5 7 7 18 10 10 17 17 9 7 7 6 11 11 7 7 6 6 6 2
 10 10 11 13 13 31 34 34 51 51 45 77 77 75 73 73 79 79 42 13 13 13 14 14 8 8 3 3 3 10 14 14 10 10 10 7 7 5 8 8 7 7 8 2 2 1
 10 10 11 13 13 31 34 34 51 51 45 77 77 75 73 73 79 79 42 13 13 13 14 14 8 8 3 3 3 10 14 14 10 10 10 7 7 5 8 8 7 7 8 2 2 1
 25 25 26 31 31 42 43 43 61 61 75 84 84 85 96 96 100 100 66 18 18 13 13 13 4 4 5 2 2 5 13 13 4 4 2 6 6 4 3 3 3 3 4 3 3 0
 25 25 26 31 31 42 43 43 61 61 75 84 84 85 96 96 100 100 66 18 18 13 13 13 4 4 5 2 2 5 13 13 4 4 2 6 6 4 3 3 3 3 4 3 3 0
 25 25 29 41 41 44 44 44 66 66 75 92 92 98 107 107 59 59 73 41 41 15 13 13 13 13 13 8 8 5 2 2 2 2 2 2 2 6 5 5 3 3 5 3 3 4
 24 24 25 48 48 53 79 79 65 65 88 83 83 80 102 102 66 66 65 57 57 33 12 12 16 16 13 6 6 6 4 4 2 2 2 4 4 6 6 6 5 5 7 6 6 6
 24 24 25 48 48 53 79 79 65 65 88 83 83 80 102 102 66 66 65 57 57 33 12 12 16 16 13 6 6 6 4 4 2 2 2 4 4 6 6 6 5 5 7 6 6 6
 20 20 25 45 45 54 81 81 78 78 87 80 80 93 93 93 106 106 70 58 58 36 21 21 13 13 15 7 7 4 2 2 2 2 3 3 3 4 4 4 6 6 8 22 22 10
 21 21 41 40 40 62 76 76 81 81 87 99 99 96 102 102 82 82 71 53 53 42 14 14 6 6 14 15 15 4 3 3 2 2 2 2 2 2 4 4 4 4 3 4 4 14
 21 21 41 40 40 62 76 76 81 81 87 99 99 96 102 102 82 82 71 53 53 42 14 14 6 6 14 15 15 4 3 3 2 2 2 2 2 2 4 4 4 4 3 4 4 14
 14 14 21 20 20 36 63 63 96 96 86 85 85 113 92 92 95 95 67 54 54 39 9 9 2 2 2 8 8 10 4 4 3 3 2 1 1 1 1 1 1 1 0 1 1 3
 14 14 21 20 20 36 63 63 96 96 86 85 85 113 92 92 95 95 67 54 54 39 9 9 2 2 2 8 8 10 4 4 3 3 2 1 1 1 1 1 1 1 0 1 1 3
 14 14 26 23 23 41 41 41 65 65 85 67 67 104 94 94 78 78 81 55 55 23 7 7 3 3 2 1 1 3 10 10 3 3 1 1 1 2 1 1 1 1 1 0 0 1
 15 15 17 19 19 20 44 44 47 47 86 63 63 87 90 90 80 80 74 77 77 57 35 35 3 3 1 1 1 1 5 5 3 3 1 2 2 1 0 0 1 1 1 1 1 1
 15 15 17 19 19 20 44 44 47 47 86 63 63 87 90 90 80 80 74 77 77 57 35 35 3 3 1 1 1 1 5 5 3 3 1 2 2 1 0 0 1 1 1 1 1 1
 15 15 14 18 18 21 25 25 28 28 47 48 48 67 68 68 86 86 89 47 47 34 42 42 6 6 4 2 2 1 1 1 1 1 1 0 0 3 1 1 0 0 1 1 1 1
 15 15 17 21 21 18 22 22 22 22 31 28 28 32 27 27 28 28 61 46 46 27 27 27 21 21 21 6 6 4 1 1 1 1 2 1 1 3 5 5 6 6 4 1 1 0
 15 15 17 21 21 18 22 22 22 22 31 28 28 32 27 27 28 28 61 46 46 27 27 27 21 21 21 6 6 4 1 1 1 1 2 1 1 3 5 5 6 6 4 1 1 0
 16 16 16 20 20 19 22 22 18 18 37 39 39 44 55 55 36 36 32 27 27 23 14 14 15 15 20 6 6 4 1 1 1 1 0 2 2 3 4 4 9 9 6 4 4 1
 16 16 16 20 20 19 22 22 18 18 37 39 39 44 55 55 36 36 32 27 27 23 14 14 15 15 20 6 6 4 1 1 1 1 0 2 2 3 4 4 9 9 6 4 4 1
 17 17 19 20 20 24 24 24 21 21 33 39 39 53 75 75 78 78 59 39 39 47 35 35 18 18 17 10 10 9 1 1 1 1 1 2 2 2 3 3 3 3 3 2 2 0
 17 17 20 21 21 23 26 26 28 28 36 49 49 48 93 93 89 89 89 70 70 67 74 74 56 56 11 7 7 3 4 4 3 3 0 1 1 2 5 5 1 1 1 1 1 1
 17 17 20 21 21 23 26 26 28 28 36 49 49 48 93 93 89 89 89 70 70 67 74 74 56 56 11 7 7 3 4 4 3 3 0 1 1 2 5 5 1 1 1 1 1 1
 16 16 20 20 20 22 21 21 32 32 37 36 36 29 73 73 72 72 87 39 39 44 51 51 32 32 8 6 6 2 5 5 6 6 4 1 1 1 1 1 1 1 1 0 0 1
 15 15 15 20 20 21 27 27 29 29 21 25 25 18 19 19 41 41 35 35 35 14 14 14 10 10 6 5 5 6 3 3 6 6 6 1 1 0 0 0 0 0 1 0 0 0
