assets/RAT_results_old/precipitation/2017-08-11_IMERG.asc
ncols        46
nrows        77
xllcorner    74.800261325624
yllcorner    8.058333333333
cellsize     0.062500000000
NODATA_value -9999
 43 43 28 19 19 20 24 24 48 48 43 40 40 31 28 28 16 16 18 9 9 9 8 8 10 10 11 12 12 13 18 18 12 12 22 9 9 9 17 17 17 17 20 7 7 11
 19 19 22 20 20 32 31 31 49 49 31 24 24 32 17 17 28 28 12 8 8 5 8 8 5 5 7 8 8 13 10 10 12 12 9 8 8 6 8 8 9 9 10 9 9 17
 19 19 22 20 20 32 31 31 49 49 31 24 24 32 17 17 28 28 12 8 8 5 8 8 5 5 7 8 8 13 10 10 12 12 9 8 8 6 8 8 9 9 10 9 9 17
 19 19 18 16 16 37 61 61 25 25 40 35 35 23 27 27 18 18 19 10 10 10 3 3 7 7 8 8 8 4 8 8 3 3 2 5 5 2 6 6 6 6 6 7 7 11
 6 6 13 14 14 13 32 32 24 24 19 21 21 22 17 17 15 15 4 2 2 4 2 2 4 4 3 5 5 3 11 11 10 10 5 3 3 2 11 11 7 7 9 2 2 2
 6 6 13 14 14 13 32 32 24 24 19 21 21 22 17 17 15 15 4 2 2 4 2 2 4 4 3 5 5 3 11 11 10 10 5 3 3 2 11 11 7 7 9 2 2 2
 5 5 9 13 13 12 18 18 22 22 17 15 15 12 11 11 12 12 5 1 1 5 0 0 1 1 0 1 1 3 11 11 1 1 2 2 2 5 1 1 2 2 1 1 1 2
 5 5 9 13 13 12 18 18 22 22 17 15 15 12 11 11 12 12 5 1 1 5 0 0 1 1 0 1 1 3 11 11 1 1 2 2 2 5 1 1 2 2 1 1 1 2
 8 8 6 10 10 10 15 15 11 11 17 16 16 9 11 11 10 10 5 2 2 1 0 0 1 1 1 1 1 0 1 1 1 1 2 0 0 2 1 1 0 0 0 1 1 1
 3 3 4 8 8 9 11 11 15 15 11 14 14 19 18 18 5 5 4 3 3 2 1 1 1 1 2 1 1 7 0 0 2 2 0 0 0 1 1 1 4 4 2 1 1 1
 3 3 4 8 8 9 11 11 15 15 11 14 14 19 18 18 5 5 4 3 3 2 1 1 1 1 2 1 1 7 0 0 2 2 0 0 0 1 1 1 4 4 2 1 1 1
 6 6 3 7 7 12 11 11 10 10 9 12 12 11 9 9 10 10 11 3 3 2 3 3 2 2 1 2 2 0 1 1 0 0 0 0 0 0 0 0 0 0 2 0 0 5
 4 4 5 8 8 9 7 7 4 4 8 8 8 6 6 6 6 6 5 3 3 4 1 1 1 1 2 0 0 0 0 0 0 0 0 0 0 1 2 2 5 5 1 9 9 6
 4 4 5 8 8 9 7 7 4 4 8 8 8 6 6 6 6 6 5 3 3 4 1 1 1 1 2 0 0 0 0 0 0 0 0 0 0 1 2 2 5 5 1 9 9 6
 3 3 3 7 7 2 5 5 7 7 6 4 4 4 2 2 10 10 2 0 0 0 1 1 1 1 1 1 1 1 0 0 0 0 0 1 1 1 1 1 3 3 1 1 1 1
 3 3 3 7 7 2 5 5 7 7 6 4 4 4 2 2 10 10 2 0 0 0 1 1 1 1 1 1 1 1 0 0 0 0 0 1 1 1 1 1 3 3 1 1 1 1
 2 2 3 5 5 3 3 3 8 8 8 4 4 4 7 7 9 9 3 1 1 0 0 0 0 0 1 1 1 0 0 0 1 1 0 1 1 1 3 3 7 7 1 13 13 12
 5 5 3 4 4 4 2 2 3 3 8 9 9 9 12 12 4 4 5 7 7 3 2 2 2 2 1 2 2 0 0 0 0 0 0 0 0 2 1 1 2 2 3 10 10 3
 5 5 3 4 4 4 2 2 3 3 8 9 9 9 12 12 4 4 5 7 7 3 2 2 2 2 1 2 2 0 0 0 0 0 0 0 0 2 1 1 2 2 3 10 10 3
 4 4 2 4 4 4 4 4 4 4 4 12 12 10 11 11 11 11 13 11 11 8 10 10 2 2 1 3 3 0 0 0 0 0 1 0 0 1 1 1 1 1 3 1 1 0
 5 5 3 5 5 4 6 6 7 7 6 9 9 8 8 8 9 9 17 16 16 7 6 6 2 2 0 0 0 0 0 0 1 1 2 1 1 1 1 1 0 0 0 0 0 0
 5 5 3 5 5 4 6 6 7 7 6 9 9 8 8 8 9 9 17 16 16 7 6 6 2 2 0 0 0 0 0 0 1 1 2 1 1 1 1 1 0 0 0 0 0 0
 4 4 5 3 3 5 5 5 6 6 9 7 7 11 10 10 12 12 12 14 14 13 5 5 1 1 1 0 0 1 2 2 1 1 1 1 1 1 1 1 1 1 0 0 0 0
 4 4 5 3 3 5 5 5 6 6 9 7 7 11 10 10 12 12 12 14 14 13 5 5 1 1 1 0 0 1 2 2 1 1 1 1 1 1 1 1 1 1 0 0 0 0
 5 5 5 5 5 5 5 5 6 6 8 7 7 13 13 13 16 16 11 14 14 14 4 4 2 2 3 2 2 2 0 0 1 1 1 1 1 1 1 1 1 1 0 0 0 0
 6 6 10 9 9 5 6 6 8 8 6 9 9 10 19 19 15 15 12 8 8 9 3 3 5 5 3 0 0 1 0 0 0 0 0 0 0 0 1 1 0 0 0 0 0 0
 6 6 10 9 9 5 6 6 8 8 6 9 9 10 19 19 15 15 12 8 8 9 3 3 5 5 3 0 0 1 0 0 0 0 0 0 0 0 1 1 0 0 0 0 0 0
 8 8 10 11 11 5 6 6 7 7 6 12 12 17 15 15 11 11 14 4 4 3 3 3 1 1 0 0 0 0 0 0 0 0 0 0 0 0 0 0 0 0 0 0 0 0
 8 8 7 7 7 6 6 6 7 7 7 14 14 16 9 9 14 14 10 6 6 1 1 1 1 1 1 0 0 0 0 0 0 0 0 0 0 0 0 0 0 0 0 0 0 0
 8 8 7 7 7 6 6 6 7 7 7 14 14 16 9 9 14 14 10 6 6 1 1 1 1 1 1 0 0 0 0 0 0 0 0 0 0 0 0 0 0 0 0 0 0 0
 10 10 9 8 8 6 6 6 5 5 9 9 9 10 12 12 18 18 8 8 8 2 0 0 0 0 0 0 0 0 0 0 0 0 0 0 0 0 0 0 1 1 0 0 0 0
 10 10 9 8 8 6 6 6 5 5 9 9 9 10 12 12 18 18 8 8 8 2 0 0 0 0 0 0 0 0 0 0 0 0 0 0 0 0 0 0 1 1 0 0 0 0
 10 10 9 7 7 7 8 8 7 7 10 4 4 2 8 8 13 13 7 3 3 1 0 0 0 0 0 0 0 0 0 0 0 0 0 0 0 0 0 0 0 0 0 0 0 0
 9 9 7 7 7 7 6 6 6 6 5 4 4 4 10 10 6 6 6 2 2 1 0 0 0 0 2 0 0 0 0 0 0 0 0 0 0 0 0 0 0 0 2 0 0 0
 9 9 7 7 7 7 6 6 6 6 5 4 4 4 10 10 6 6 6 2 2 1 0 0 0 0 2 0 0 0 0 0 0 0 0 0 0 0 0 0 0 0 2 0 0 0
 8 8 7 7 7 7 6 6 6 6 5 10 10 15 15 15 4 4 5 2 2 2 1 1 1 1 0 0 0 1 1 1 0 0 0 0 0 0 0 0 3 3 0 0 0 0
 12 12 10 11 11 8 6 6 11 11 7 10 10 15 15 15 4 4 2 5 5 4 2 2 1 1 1 0 0 2 2 2 2 2 1 0 0 0 0 0 0 0 0 0 0 0
 12 12 10 11 11 8 6 6 11 11 7 10 10 15 15 15 4 4 2 5 5 4 2 2 1 1 1 0 0 2 2 2 2 2 1 0 0 0 0 0 0 0 0 0 0 0
 17 17 14 12 12 8 7 7 12 12 25 21 21 18 14 14 13 13 3 6 6 6 6 6 10 10 13 7 7 7 0 0 2 2 1 0 0 1 0 0 1 1 0 0 0 0
 17 17 14 12 12 8 7 7 12 12 25 21 21 18 14 14 13 13 3 6 6 6 6 6 10 10 13 7 7 7 0 0 2 2 1 0 0 1 0 0 1 1 0 0 0 0
 24 24 15 14 14 13 23 23 22 22 21 15 15 18 3 3 3 3 5 7 7 7 6 6 5 5 13 7 7 7 0 0 1 1 1 2 2 2 1 1 1 1 0 0 0 1
 22 22 16 19 19 17 44 44 29 29 23 21 21 3 6 6 3 3 4 4 4 6 6 6 4 4 7 8 8 7 1 1 2 2 2 2 2 2 1 1 1 1 0 1 1 0
 22 22 16 19 19 17 44 44 29 29 23 21 21 3 6 6 3 3 4 4 4 6 6 6 4 4 7 8 8 7 1 1 2 2 2 2 2 2 1 1 1 1 0 1 1 0
 25 25 37 21 21 24 45 45 52 52 54 50 50 33 28 28 4 4 4 3 3 5 8 8 11 11 11 14 14 10 5 5 3 3 1 0 0 1 1 1 0 0 0 0 0 0
 41 41 38 43 43 40 48 48 55 55 55 54 54 46 26 26 6 6 4 4 4 4 9 9 11 11 13 10 10 19 15 15 6 6 6 2 2 1 0 0 0 0 0 0 0 1
 41 41 38 43 43 40 48 48 55 55 55 54 54 46 26 26 6 6 4 4 4 4 9 9 11 11 13 10 10 19 15 15 6 6 6 2 2 1 0 0 0 0 0 0 0 1
 41 41 37 36 36 56 62 62 66 66 63 62 62 55 36 36 32 32 30 5 5 7 7 7 13 13 13 14 14 11 15 15 6 6 2 0 0 0 0 0 1 1 1 0 0 1
 41 41 37 36 36 56 62 62 66 66 63 62 62 55 36 36 32 32 30 5 5 7 7 7 13 13 13 14 14 11 15 15 6 6 2 0 0 0 0 0 1 1 1 0 0 1
 42 42 42 44 44 47 44 44 47 47 48 60 60 52 45 45 35 35 33 16 16 7 7 7 8 8 13 13 13 5 2 2 2 2 2 0 0 0 0 0 0 0 0 0 0 0
 46 46 50 38 38 35 37 37 50 50 47 60 60 55 29 29 21 21 19 21 21 11 8 8 14 14 11 6 6 6 0 0 0 0 0 0 0 0 0 0 0 0 0 0 0 0
 46 46 50 38 38 35 37 37 50 50 47 60 60 55 29 29 21 21 19 21 21 11 8 8 14 14 11 6 6 6 0 0 0 0 0 0 0 0 0 0 0 0 0 0 0 0
 48 48 58 36 36 43 38 38 45 45 55 49 49 49 28 28 20 20 19 20 20 15 7 7 12 12 10 10 10 5 3 3 0 0 0 0 0 0 1 1 1 1 1 0 0 0
 55 55 53 47 47 36 44 44 47 47 70 47 47 39 21 21 15 15 7 4 4 5 5 5 9 9 9 14 14 11 4 4 3 3 1 0 0 1 1 1 1 1 1 1 1 0
 55 55 53 47 47 36 44 44 47 47 70 47 47 39 21 21 15 15 7 4 4 5 5 5 9 9 9 14 14 11 4 4 3 3 1 0 0 1 1 1 1 1 1 1 1 0
 45 45 46 56 56 56 43 43 40 40 62 60 60 52 15 15 15 15 10 4 4 4 6 6 7 7 8 11 11 14 11 11 3 3 3 1 1 1 1 1 1 1 1 0 0 0
 45 45 46 56 56 56 43 43 40 40 62 60 60 52 15 15 15 15 10 4 4 4 6 6 7 7 8 11 11 14 11 11 3 3 3 1 1 1 1 1 1 1 1 0 0 0
 42 42 46 56 56 51 55 55 49 49 42 28 28 14 15 15 16 16 10 4 4 4 9 9 9 9 8 8 8 17 20 20 8 8 8 2 2 1 0 0 1 1 0 0 0 0
 55 55 38 41 41 37 34 34 28 28 41 27 27 11 14 14 4 4 3 1 1 4 7 7 8 8 8 10 10 12 12 12 14 14 8 3 3 1 0 0 1 1 0 0 0 0
 55 55 38 41 41 37 34 34 28 28 41 27 27 11 14 14 4 4 3 1 1 4 7 7 8 8 8 10 10 12 12 12 14 14 8 3 3 1 0 0 1 1 0 0 0 0
 38 38 37 36 36 38 33 33 25 25 23 16 16 7 8 8 2 2 3 1 1 1 1 1 1 1 7 7 7 10 15 15 12 12 7 2 2 2 0 0 0 0 0 0 0 0
 33 33 32 34 34 30 29 29 17 17 17 12 12 4 4 4 1 1 0 0 0 0 1 1 0 0 1 4 4 5 9 9 9 9 5 3 3 2 0 0 0 0 0 0 0 0
 33 33 32 34 34 30 29 29 17 17 17 12 12 4 4 4 1 1 0 0 0 0 1 1 0 0 1 4 4 5 9 9 9 9 5 3 3 2 0 0 0 0 0 0 0 0
 27 27 25 30 30 26 29 29 10 10 13 10 10 3 3 3 0 0 1 0 0 0 1 1 1 1 1 2 2 5 5 5 6 6 2 2 2 0 0 0 0 0 0 0 0 0
 27 27 25 30 30 26 29 29 10 10 13 10 10 3 3 3 0 0 1 0 0 0 1 1 1 1 1 2 2 5 5 5 6 6 2 2 2 0 0 0 0 0 0 0 0 0
 19 19 21 25 25 18 17 17 7 7 9 2 2 2 2 2 1 1 1 2 2 2 2 2 0 0 0 0 0 2 2 2 2 2 1 0 0 0 0 0 0 0 0 0 0 0
 14 14 10 17 17 11 10 10 6 6 6 2 2 1 0 0 0 0 0 0 0 0 2 2 0 0 1 0 0 2 1 1 1 1 1 0 0 0 0 0 0 0 0 0 0 0
 14 14 10 17 17 11 10 10 6 6 6 2 2 1 0 0 0 0 0 0 0 0 2 2 0 0 1 0 0 2 1 1 1 1 1 0 0 0 0 0 0 0 0 0 0 0
 7 7 9 8 8 5 6 6 3 3 3 1 1 0 0 0 1 1 1 0 0 0 1 1 7 7 0 0 0 0 1 1 1 1 1 0 0 0 0 0 0 0 0 0 0 0
 5 5 4 2 2 3 3 3 1 1 1 0 0 0 0 0 0 0 0 0 0 0 0 0 1 1 0 0 0 0 0 0 1 1 1 0 0 1 0 0 0 0 1 0 0 0
 5 5 4 2 2 3 3 3 1 1 1 0 0 0 0 0 0 0 0 0 0 0 0 0 1 1 0 0 0 0 0 0 1 1 1 0 0 1 0 0 0 0 1 0 0 0
 2 2 3 2 2 2 1 1 1 1 1 0 0 0 0 0 0 0 0 0 0 0 0 0 0 0 0 0 0 0 0 0 0 0 6 2 2 1 0 0 0 0 1 1 1 0
 2 2 3 2 2 2 1 1 1 1 1 0 0 0 0 0 0 0 0 0 0 0 0 0 0 0 0 0 0 0 0 0 0 0 6 2 2 1 0 0 0 0 1 1 1 0
 2 2 2 2 2 1 1 1 1 1 0 0 0 0 0 0 0 0 0 0 0 0 0 0 0 0 1 0 0 0 0 0 0 0 1 1 1 1 1 1 0 0 0 0 0 0
 2 2 2 2 2 1 1 1 1 1 0 0 0 0 0 0 0 0 0 0 0 0 0 0 0 0 0 1 1 0 0 0 0 0 0 0 0 1 1 1 1 1 0 0 0 0
 2 2 2 2 2 1 1 1 1 1 0 0 0 0 0 0 0 0 0 0 0 0 0 0 0 0 0 1 1 0 0 0 0 0 0 0 0 1 1 1 1 1 0 0 0 0
 1 1 2 2 2 1 1 1 1 1 0 0 0 0 0 0 0 0 0 0 0 0 0 0 0 0 0 0 0 0 1 1 0 0 1 0 0 0 1 1 1 1 0 0 0 0
 2 2 1 2 2 1 1 1 1 1 0 0 0 0 1 1 0 0 1 0 0 0 0 0 0 0 0 0 0 0 0 0 0 0 0 0 0 1 0 0 0 0 0 0 0 0
