assets/RAT_results_old/precipitation/2017-10-15_IMERG.asc
ncols        46
nrows        77
xllcorner    74.800261325624
yllcorner    8.058333333333
cellsize     0.062500000000
NODATA_value -9999
 9 9 9 8 8 7 3 3 2 2 2 2 2 2 2 2 2 2 1 2 2 1 1 1 1 1 0 2 2 2 2 2 1 1 1 1 1 4 3 3 3 3 1 1 1 1
 10 10 14 12 12 6 3 3 3 3 2 2 2 2 1 1 2 2 1 2 2 1 0 0 1 1 0 1 1 2 2 2 1 1 2 2 2 2 2 2 3 3 4 1 1 1
 10 10 14 12 12 6 3 3 3 3 2 2 2 2 1 1 2 2 1 2 2 1 0 0 1 1 0 1 1 2 2 2 1 1 2 2 2 2 2 2 3 3 4 1 1 1
 15 15 14 13 13 4 4 4 2 2 2 3 3 3 2 2 2 2 1 2 2 1 1 1 0 0 0 1 1 0 1 1 2 2 1 3 3 2 3 3 3 3 3 4 4 5
 33 33 17 10 10 6 6 6 10 10 7 3 3 4 2 2 2 2 1 2 2 3 0 0 0 0 0 1 1 2 1 1 2 2 3 4 4 2 3 3 2 2 4 3 3 4
 33 33 17 10 10 6 6 6 10 10 7 3 3 4 2 2 2 2 1 2 2 3 0 0 0 0 0 1 1 2 1 1 2 2 3 4 4 2 3 3 2 2 4 3 3 4
 25 25 19 10 10 8 8 8 14 14 6 6 6 4 3 3 2 2 1 1 1 1 0 0 0 0 1 1 1 1 3 3 2 2 3 7 7 4 2 2 2 2 5 4 4 6
 25 25 19 10 10 8 8 8 14 14 6 6 6 4 3 3 2 2 1 1 1 1 0 0 0 0 1 1 1 1 3 3 2 2 3 7 7 4 2 2 2 2 5 4 4 6
 22 22 12 24 24 11 18 18 8 8 7 9 9 6 5 5 2 2 3 1 1 1 1 1 0 0 0 1 1 1 2 2 1 1 4 2 2 3 3 3 5 5 6 8 8 7
 11 11 16 9 9 7 6 6 9 9 17 6 6 9 5 5 3 3 2 1 1 2 1 1 3 3 1 4 4 1 3 3 2 2 2 3 3 6 4 4 5 5 8 3 3 7
 11 11 16 9 9 7 6 6 9 9 17 6 6 9 5 5 3 3 2 1 1 2 1 1 3 3 1 4 4 1 3 3 2 2 2 3 3 6 4 4 5 5 8 3 3 7
 11 11 12 7 7 7 6 6 4 4 9 7 7 5 5 5 4 4 3 2 2 1 1 1 1 1 2 0 0 0 3 3 4 4 4 5 5 3 5 5 3 3 7 12 12 7
 15 15 6 6 6 8 6 6 7 7 2 2 2 2 2 2 3 3 2 2 2 1 1 1 1 1 1 1 1 1 2 2 1 1 2 6 6 8 12 12 10 10 14 14 14 17
 15 15 6 6 6 8 6 6 7 7 2 2 2 2 2 2 3 3 2 2 2 1 1 1 1 1 1 1 1 1 2 2 1 1 2 6 6 8 12 12 10 10 14 14 14 17
 8 8 8 8 8 8 15 15 7 7 7 2 2 1 1 1 1 1 1 1 1 1 0 0 1 1 2 0 0 1 1 1 3 3 6 3 3 7 10 10 7 7 6 11 11 7
 8 8 8 8 8 8 15 15 7 7 7 2 2 1 1 1 1 1 1 1 1 1 0 0 1 1 2 0 0 1 1 1 3 3 6 3 3 7 10 10 7 7 6 11 11 7
 10 10 14 13 13 16 7 7 7 7 7 4 4 2 1 1 0 0 2 1 1 1 0 0 1 1 1 0 0 1 1 1 1 1 5 6 6 8 7 7 2 2 5 5 5 10
 22 22 16 11 11 7 9 9 7 7 9 10 10 3 1 1 5 5 1 1 1 1 1 1 1 1 0 1 1 0 1 1 1 1 4 1 1 5 7 7 4 4 4 2 2 6
 22 22 16 11 11 7 9 9 7 7 9 10 10 3 1 1 5 5 1 1 1 1 1 1 1 1 0 1 1 0 1 1 1 1 4 1 1 5 7 7 4 4 4 2 2 6
 10 10 11 8 8 8 9 9 8 8 12 11 11 10 27 27 17 17 10 2 2 3 2 2 1 1 1 1 1 1 3 3 1 1 2 1 1 1 4 4 5 5 2 7 7 8
 11 11 7 10 10 8 8 8 19 19 19 18 18 22 22 22 21 21 13 5 5 3 2 2 1 1 1 2 2 2 1 1 1 1 4 1 1 0 1 1 1 1 2 7 7 6
 11 11 7 10 10 8 8 8 19 19 19 18 18 22 22 22 21 21 13 5 5 3 2 2 1 1 1 2 2 2 1 1 1 1 4 1 1 0 1 1 1 1 2 7 7 6
 10 10 7 7 7 7 10 10 22 22 18 15 15 10 12 12 9 9 4 5 5 4 2 2 1 1 0 1 1 3 2 2 5 5 4 1 1 0 0 0 4 4 4 6 6 5
 10 10 7 7 7 7 10 10 22 22 18 15 15 10 12 12 9 9 4 5 5 4 2 2 1 1 0 1 1 3 2 2 5 5 4 1 1 0 0 0 4 4 4 6 6 5
 7 7 7 40 40 9 6 6 16 16 19 19 19 10 6 6 6 6 2 2 2 4 3 3 0 0 0 2 2 5 3 3 6 6 4 0 0 0 0 0 0 0 1 1 1 1
 7 7 7 12 12 6 7 7 14 14 7 8 8 5 3 3 12 12 3 2 2 3 1 1 0 0 1 3 3 3 1 1 1 1 1 1 1 0 0 0 1 1 1 1 1 6
 7 7 7 12 12 6 7 7 14 14 7 8 8 5 3 3 12 12 3 2 2 3 1 1 0 0 1 3 3 3 1 1 1 1 1 1 1 0 0 0 1 1 1 1 1 6
 9 9 10 10 10 15 30 30 9 9 15 9 9 5 6 6 7 7 5 3 3 2 5 5 2 2 3 5 5 1 1 1 1 1 1 1 1 1 1 1 1 1 0 1 1 1
 7 7 5 9 9 17 10 10 19 19 11 11 11 9 6 6 7 7 8 8 8 6 4 4 3 3 2 2 2 4 1 1 1 1 1 1 1 1 1 1 1 1 1 1 1 2
 7 7 5 9 9 17 10 10 19 19 11 11 11 9 6 6 7 7 8 8 8 6 4 4 3 3 2 2 2 4 1 1 1 1 1 1 1 1 1 1 1 1 1 1 1 2
 11 11 12 10 10 10 11 11 24 24 10 9 9 8 7 7 8 8 31 6 6 2 2 2 3 3 3 6 6 3 7 7 1 1 1 1 1 1 0 0 1 1 1 2 2 1
 11 11 12 10 10 10 11 11 24 24 10 9 9 8 7 7 8 8 31 6 6 2 2 2 3 3 3 6 6 3 7 7 1 1 1 1 1 1 0 0 1 1 1 2 2 1
 11 11 13 10 10 7 16 16 9 9 8 7 7 7 8 8 12 12 12 8 8 6 6 6 3 3 6 2 2 6 4 4 3 3 3 1 1 0 0 0 2 2 1 1 1 1
 21 21 11 11 11 6 12 12 21 21 7 7 7 17 10 10 10 10 19 14 14 11 8 8 8 8 6 2 2 1 1 1 1 1 1 3 3 2 0 0 1 1 0 0 0 1
 21 21 11 11 11 6 12 12 21 21 7 7 7 17 10 10 10 10 19 14 14 11 8 8 8 8 6 2 2 1 1 1 1 1 1 3 3 2 0 0 1 1 0 0 0 1
 23 23 4 4 4 7 8 8 5 5 8 10 10 12 17 17 9 9 22 16 16 15 10 10 6 6 10 6 6 1 0 0 1 1 1 1 1 0 0 0 0 0 0 0 0 1
 26 26 3 4 4 6 6 6 6 6 10 12 12 7 9 9 11 11 27 13 13 11 9 9 12 12 13 7 7 1 2 2 2 2 2 1 1 2 0 0 0 0 0 1 1 1
 26 26 3 4 4 6 6 6 6 6 10 12 12 7 9 9 11 11 27 13 13 11 9 9 12 12 13 7 7 1 2 2 2 2 2 1 1 2 0 0 0 0 0 1 1 1
 24 24 12 13 13 3 6 6 5 5 3 4 4 3 1 1 6 6 14 13 13 13 13 13 6 6 4 1 1 1 3 3 3 3 2 2 2 12 0 0 1 1 0 0 0 1
 24 24 12 13 13 3 6 6 5 5 3 4 4 3 1 1 6 6 14 13 13 13 13 13 6 6 4 1 1 1 3 3 3 3 2 2 2 12 0 0 1 1 0 0 0 1
 24 24 12 12 12 4 4 4 6 6 3 3 3 3 3 3 6 6 8 13 13 11 12 12 6 6 6 6 6 2 3 3 3 3 3 5 5 6 0 0 1 1 1 2 2 1
 11 11 11 4 4 5 4 4 4 4 3 2 2 1 2 2 4 4 8 10 10 28 11 11 4 4 6 5 5 4 3 3 5 5 7 7 7 10 3 3 1 1 2 4 4 1
 11 11 11 4 4 5 4 4 4 4 3 2 2 1 2 2 4 4 8 10 10 28 11 11 4 4 6 5 5 4 3 3 5 5 7 7 7 10 3 3 1 1 2 4 4 1
 1 1 1 2 2 3 3 3 5 5 3 2 2 3 2 2 2 2 6 8 8 9 9 9 6 6 2 3 3 3 3 3 2 2 7 9 9 6 4 4 3 3 1 1 1 0
 1 1 1 2 2 2 3 3 2 2 3 2 2 3 2 2 3 3 3 8 8 6 9 9 7 7 4 3 3 7 4 4 0 0 1 3 3 3 2 2 1 1 1 0 0 0
 1 1 1 2 2 2 3 3 2 2 3 2 2 3 2 2 3 3 3 8 8 6 9 9 7 7 4 3 3 7 4 4 0 0 1 3 3 3 2 2 1 1 1 0 0 0
 3 3 3 2 2 2 3 3 3 3 3 3 3 3 3 3 2 2 3 9 9 6 6 6 13 13 3 5 5 6 0 0 1 1 0 1 1 1 0 0 0 0 0 0 0 0
 3 3 3 2 2 2 3 3 3 3 3 3 3 3 3 3 2 2 3 9 9 6 6 6 13 13 3 5 5 6 0 0 1 1 0 1 1 1 0 0 0 0 0 0 0 0
 2 2 3 2 2 2 8 8 3 3 4 4 4 5 7 7 5 5 4 5 5 4 9 9 3 3 4 5 5 0 1 1 1 1 0 1 1 1 0 0 0 0 0 0 0 0
 1 1 3 3 3 30 2 2 8 8 5 6 6 5 7 7 10 10 7 6 6 7 7 7 5 5 4 1 1 1 1 1 1 1 3 1 1 0 2 2 1 1 0 0 0 0
 1 1 3 3 3 30 2 2 8 8 5 6 6 5 7 7 10 10 7 6 6 7 7 7 5 5 4 1 1 1 1 1 1 1 3 1 1 0 2 2 1 1 0 0 0 0
 2 2 28 32 32 32 7 7 6 6 18 3 3 6 10 10 9 9 9 11 11 4 7 7 5 5 3 1 1 1 6 6 1 1 1 1 1 2 1 1 1 1 5 1 1 0
 5 5 9 5 5 5 5 5 8 8 9 6 6 8 12 12 13 13 7 5 5 6 12 12 15 15 16 2 2 7 2 2 0 0 2 1 1 1 1 1 3 3 5 4 4 0
 5 5 9 5 5 5 5 5 8 8 9 6 6 8 12 12 13 13 7 5 5 6 12 12 15 15 16 2 2 7 2 2 0 0 2 1 1 1 1 1 3 3 5 4 4 0
 5 5 3 4 4 4 3 3 6 6 8 7 7 10 11 11 15 15 7 3 3 10 16 16 11 11 16 10 10 1 1 1 1 1 0 0 0 2 2 2 6 6 6 5 5 2
 5 5 3 4 4 4 3 3 6 6 8 7 7 10 11 11 15 15 7 3 3 10 16 16 11 11 16 10 10 1 1 1 1 1 0 0 0 2 2 2 6 6 6 5 5 2
 2 2 1 1 1 2 2 2 7 7 7 4 4 3 5 5 2 2 2 1 1 3 7 7 13 13 24 13 13 2 8 8 5 5 1 0 0 0 2 2 6 6 7 7 7 1
 0 0 0 1 1 1 1 1 5 5 8 5 5 1 1 1 1 1 0 1 1 1 2 2 9 9 24 9 9 1 1 1 0 0 0 0 0 0 6 6 10 10 7 4 4 2
 0 0 0 1 1 1 1 1 5 5 8 5 5 1 1 1 1 1 0 1 1 1 2 2 9 9 24 9 9 1 1 1 0 0 0 0 0 0 6 6 10 10 7 4 4 2
 0 0 0 0 0 0 1 1 0 0 1 1 1 1 0 0 1 1 1 1 1 1 8 8 11 11 19 2 2 1 1 1 0 0 3 1 1 1 4 4 11 11 10 7 7 6
 0 0 0 0 0 0 0 0 0 0 0 0 0 0 0 0 2 2 2 2 2 4 4 4 4 4 3 2 2 2 2 2 1 1 1 1 1 1 2 2 8 8 11 14 14 12
 0 0 0 0 0 0 0 0 0 0 0 0 0 0 0 0 2 2 2 2 2 4 4 4 4 4 3 2 2 2 2 2 1 1 1 1 1 1 2 2 8 8 11 14 14 12
 0 0 0 0 0 0 0 0 0 0 1 0 0 0 0 0 1 1 2 4 4 1 3 3 3 3 3 4 4 3 3 3 2 2 2 3 3 1 1 1 6 6 6 13 13 4
 0 0 0 0 0 0 0 0 0 0 1 0 0 0 0 0 1 1 2 4 4 1 3 3 3 3 3 4 4 3 3 3 2 2 2 3 3 1 1 1 6 6 6 13 13 4
 0 0 0 0 0 0 0 0 0 0 0 0 0 0 1 1 1 1 1 4 4 1 3 3 1 1 3 3 3 3 4 4 5 5 3 2 2 2 6 6 12 12 6 12 12 6
 0 0 0 0 0 0 0 0 0 0 3 6 6 6 3 3 0 0 0 1 1 1 2 2 2 2 4 4 4 5 6 6 6 6 5 4 4 2 5 5 12 12 10 10 10 4
 0 0 0 0 0 0 0 0 0 0 3 6 6 6 3 3 0 0 0 1 1 1 2 2 2 2 4 4 4 5 6 6 6 6 5 4 4 2 5 5 12 12 10 10 10 4
 0 0 0 0 0 1 0 0 2 2 7 15 15 8 3 3 1 1 2 2 2 5 3 3 3 3 4 5 5 4 5 5 6 6 5 3 3 2 8 8 11 11 8 9 9 7
 0 0 0 0 0 0 2 2 8 8 11 10 10 1 1 1 2 2 0 0 0 2 3 3 2 2 4 7 7 14 18 18 13 13 9 6 6 4 7 7 20 20 17 14 14 16
 0 0 0 0 0 0 2 2 8 8 11 10 10 1 1 1 2 2 0 0 0 2 3 3 2 2 4 7 7 14 18 18 13 13 9 6 6 4 7 7 20 20 17 14 14 16
 0 0 0 0 0 1 1 1 3 3 4 1 1 1 1 1 1 1 1 1 1 2 5 5 7 7 7 7 7 14 13 13 12 12 10 6 6 3 6 6 8 8 15 12 12 11
 0 0 0 0 0 1 1 1 3 3 4 1 1 1 1 1 1 1 1 1 1 2 5 5 7 7 7 7 7 14 13 13 12 12 10 6 6 3 6 6 8 8 15 12 12 11
 0 0 0 1 1 1 1 1 2 2 2 2 2 1 2 2 1 1 1 1 1 1 4 4 3 3 5 6 6 13 14 14 10 10 10 8 8 4 7 7 2 2 1 4 4 2
 0 0 1 1 1 2 1 1 2 2 2 2 2 2 2 2 1 1 2 2 2 3 2 2 4 4 5 6 6 6 9 9 11 11 6 7 7 4 5 5 3 3 2 3 3 2
 0 0 1 1 1 2 1 1 2 2 2 2 2 2 2 2 1 1 2 2 2 3 2 2 4 4 5 6 6 6 9 9 11 11 6 7 7 4 5 5 3 3 2 3 3 2
 1 1 1 1 1 1 1 1 2 2 2 3 3 3 2 2 2 2 1 1 1 2 3 3 2 2 6 5 5 9 10 10 12 12 8 7 7 0 3 3 4 4 3 2 2 2
 1 1 1 1 1 1 2 2 2 2 2 2 2 2 2 2 1 1 1 1 1 1 2 2 5 5 4 6 6 3 20 20 11 11 11 8 8 8 7 7 1 1 3 3 3 2
