assets/RAT_results_old/precipitation/2017-10-31_IMERG.asc
ncols        46
nrows        77
xllcorner    74.800261325624
yllcorner    8.058333333333
cellsize     0.062500000000
NODATA_value -9999
 0 0 1 1 1 0 0 0 0 0 0 1 1 1 0 0 0 0 0 0 0 0 0 0 0 0 0 0 0 0 0 0 0 0 0 0 0 0 0 0 1 1 1 0 0 0
 0 0 1 0 0 0 0 0 0 0 0 0 0 1 0 0 0 0 0 0 0 0 0 0 0 0 0 0 0 0 0 0 0 0 0 0 0 0 0 0 1 1 3 0 0 0
 0 0 1 0 0 0 0 0 0 0 0 0 0 1 0 0 0 0 0 0 0 0 0 0 0 0 0 0 0 0 0 0 0 0 0 0 0 0 0 0 1 1 3 0 0 0
 0 0 0 0 0 0 0 0 0 0 0 0 0 0 0 0 0 0 0 0 0 0 0 0 0 0 0 0 0 2 0 0 0 0 0 0 0 0 0 0 0 0 0 0 0 0
 1 1 0 0 0 0 0 0 0 0 0 0 0 1 0 0 0 0 0 0 0 0 0 0 0 0 0 0 0 0 0 0 0 0 0 0 0 0 0 0 0 0 0 0 0 1
 1 1 0 0 0 0 0 0 0 0 0 0 0 1 0 0 0 0 0 0 0 0 0 0 0 0 0 0 0 0 0 0 0 0 0 0 0 0 0 0 0 0 0 0 0 1
 0 0 0 0 0 0 0 0 0 0 0 0 0 0 0 0 0 0 0 0 0 0 0 0 0 0 0 0 0 0 0 0 0 0 0 0 0 0 0 0 0 0 0 0 0 0
 0 0 0 0 0 0 0 0 0 0 0 0 0 0 0 0 0 0 0 0 0 0 0 0 0 0 0 0 0 0 0 0 0 0 0 0 0 0 0 0 0 0 0 0 0 0
 0 0 1 0 0 0 0 0 0 0 0 0 0 0 0 0 0 0 0 0 0 0 0 0 0 0 0 0 0 0 0 0 0 0 0 0 0 0 0 0 0 0 0 0 0 0
 1 1 0 1 1 0 0 0 0 0 0 0 0 0 0 0 0 0 0 0 0 0 0 0 0 0 0 0 0 0 0 0 0 0 0 0 0 0 0 0 0 0 0 0 0 0
 1 1 0 1 1 0 0 0 0 0 0 0 0 0 0 0 0 0 0 0 0 0 0 0 0 0 0 0 0 0 0 0 0 0 0 0 0 0 0 0 0 0 0 0 0 0
 0 0 1 2 2 1 1 1 0 0 0 0 0 0 0 0 0 0 0 0 0 0 0 0 0 0 0 0 0 0 0 0 0 0 0 0 0 0 0 0 0 0 0 0 0 0
 4 4 0 1 1 2 1 1 0 0 0 0 0 0 0 0 0 0 0 0 0 0 0 0 0 0 0 0 0 0 0 0 0 0 0 0 0 0 0 0 0 0 0 0 0 0
 4 4 0 1 1 2 1 1 0 0 0 0 0 0 0 0 0 0 0 0 0 0 0 0 0 0 0 0 0 0 0 0 0 0 0 0 0 0 0 0 0 0 0 0 0 0
 1 1 1 1 1 1 3 3 1 1 1 0 0 0 0 0 0 0 0 0 0 0 0 0 0 0 0 0 0 0 0 0 0 0 0 0 0 0 1 1 0 0 0 0 0 0
 1 1 1 1 1 1 3 3 1 1 1 0 0 0 0 0 0 0 0 0 0 0 0 0 0 0 0 0 0 0 0 0 0 0 0 0 0 0 1 1 0 0 0 0 0 0
 0 0 1 0 0 0 0 0 2 2 1 0 0 0 0 0 0 0 0 0 0 1 0 0 0 0 0 0 0 0 0 0 0 0 0 0 0 0 2 2 1 1 0 0 0 0
 1 1 1 1 1 0 0 0 0 0 1 1 1 0 0 0 0 0 0 0 0 1 2 2 1 1 0 0 0 0 0 0 0 0 0 0 0 0 0 0 0 0 0 0 0 3
 1 1 1 1 1 0 0 0 0 0 1 1 1 0 0 0 0 0 0 0 0 1 2 2 1 1 0 0 0 0 0 0 0 0 0 0 0 0 0 0 0 0 0 0 0 3
 2 2 1 1 1 1 1 1 1 1 1 2 2 1 0 0 0 0 1 3 3 2 2 2 1 1 0 0 0 0 0 0 0 0 0 0 0 0 0 0 0 0 0 0 0 0
 2 2 2 2 2 1 1 1 1 1 1 4 4 11 3 3 3 3 3 3 3 5 11 11 1 1 0 0 0 0 0 0 0 0 0 0 0 0 0 0 0 0 0 1 1 0
 2 2 2 2 2 1 1 1 1 1 1 4 4 11 3 3 3 3 3 3 3 5 11 11 1 1 0 0 0 0 0 0 0 0 0 0 0 0 0 0 0 0 0 1 1 0
 3 3 3 3 3 1 1 1 1 1 5 7 7 7 5 5 3 3 2 7 7 7 8 8 2 2 1 2 2 2 1 1 1 1 0 0 0 0 0 0 0 0 0 0 0 0
 3 3 3 3 3 1 1 1 1 1 5 7 7 7 5 5 3 3 2 7 7 7 8 8 2 2 1 2 2 2 1 1 1 1 0 0 0 0 0 0 0 0 0 0 0 0
 3 3 4 3 3 1 2 2 3 3 5 13 13 15 10 10 11 11 13 8 8 12 6 6 1 1 2 3 3 2 1 1 1 1 0 0 0 0 0 0 0 0 0 0 0 0
 3 3 5 4 4 6 6 6 9 9 11 15 15 13 13 13 16 16 23 25 25 31 21 21 3 3 4 3 3 1 3 3 0 0 0 0 0 0 0 0 0 0 0 1 1 0
 3 3 5 4 4 6 6 6 9 9 11 15 15 13 13 13 16 16 23 25 25 31 21 21 3 3 4 3 3 1 3 3 0 0 0 0 0 0 0 0 0 0 0 1 1 0
 4 4 6 6 6 10 8 8 21 21 22 29 29 28 24 24 31 31 37 40 40 20 22 22 9 9 1 1 1 0 0 0 0 0 0 0 0 0 0 0 0 0 0 0 0 1
 5 5 15 19 19 26 25 25 21 21 19 30 30 31 46 46 32 32 46 36 36 25 15 15 8 8 0 0 0 0 0 0 0 0 0 0 0 0 0 0 1 1 1 0 0 1
 5 5 15 19 19 26 25 25 21 21 19 30 30 31 46 46 32 32 46 36 36 25 15 15 8 8 0 0 0 0 0 0 0 0 0 0 0 0 0 0 1 1 1 0 0 1
 5 5 15 14 14 38 59 59 45 45 49 54 54 47 47 47 44 44 39 46 46 16 4 4 2 2 0 0 0 0 0 0 0 0 0 0 0 0 2 2 2 2 2 1 1 4
 5 5 15 14 14 38 59 59 45 45 49 54 54 47 47 47 44 44 39 46 46 16 4 4 2 2 0 0 0 0 0 0 0 0 0 0 0 0 2 2 2 2 2 1 1 4
 7 7 32 23 23 41 60 60 47 47 12 14 14 20 21 21 16 16 25 27 27 6 3 3 2 2 0 0 0 0 0 0 0 0 0 1 1 2 3 3 3 3 2 1 1 3
 19 19 45 32 32 14 15 15 11 11 11 16 16 20 8 8 8 8 20 10 10 6 7 7 2 2 1 0 0 0 0 0 1 1 0 0 0 4 4 4 5 5 4 2 2 2
 19 19 45 32 32 14 15 15 11 11 11 16 16 20 8 8 8 8 20 10 10 6 7 7 2 2 1 0 0 0 0 0 1 1 0 0 0 4 4 4 5 5 4 2 2 2
 48 48 48 27 27 16 10 10 13 13 9 4 4 4 3 3 5 5 9 11 11 12 4 4 3 3 2 1 1 1 0 0 0 0 0 0 0 0 2 2 4 4 5 5 5 3
 37 37 78 100 100 60 15 15 10 10 5 5 5 1 1 1 7 7 9 19 19 21 5 5 5 5 4 3 3 3 1 1 1 1 0 0 0 0 0 0 0 0 4 2 2 3
 37 37 78 100 100 60 15 15 10 10 5 5 5 1 1 1 7 7 9 19 19 21 5 5 5 5 4 3 3 3 1 1 1 1 0 0 0 0 0 0 0 0 4 2 2 3
 43 43 113 138 138 100 14 14 8 8 5 6 6 3 7 7 8 8 11 19 19 33 18 18 11 11 4 9 9 4 2 2 2 2 2 4 4 0 1 1 0 0 3 7 7 8
 43 43 113 138 138 100 14 14 8 8 5 6 6 3 7 7 8 8 11 19 19 33 18 18 11 11 4 9 9 4 2 2 2 2 2 4 4 0 1 1 0 0 3 7 7 8
 93 93 107 101 101 69 16 16 11 11 6 4 4 4 9 9 12 12 16 25 25 28 29 29 18 18 30 21 21 22 12 12 12 12 7 5 5 4 1 1 1 1 3 3 3 9
 58 58 64 38 38 42 15 15 11 11 8 8 8 4 10 10 10 10 16 20 20 26 41 41 25 25 26 44 44 23 19 19 14 14 9 10 10 5 2 2 1 1 1 3 3 5
 58 58 64 38 38 42 15 15 11 11 8 8 8 4 10 10 10 10 16 20 20 26 41 41 25 25 26 44 44 23 19 19 14 14 9 10 10 5 2 2 1 1 1 3 3 5
 11 11 15 35 35 36 13 13 8 8 9 9 9 6 11 11 10 10 9 20 20 28 33 33 29 29 57 49 49 47 24 24 24 24 17 11 11 7 3 3 3 3 1 3 3 1
 15 15 15 10 10 13 13 13 7 7 7 8 8 6 7 7 10 10 10 12 12 26 28 28 30 30 52 48 48 37 33 33 20 20 19 10 10 6 14 14 4 4 7 2 2 0
 15 15 15 10 10 13 13 13 7 7 7 8 8 6 7 7 10 10 10 12 12 26 28 28 30 30 52 48 48 37 33 33 20 20 19 10 10 6 14 14 4 4 7 2 2 0
 12 12 17 18 18 12 13 13 9 9 6 4 4 5 9 9 18 18 8 7 7 17 32 32 28 28 35 51 51 30 46 46 27 27 25 10 10 4 10 10 6 6 3 0 0 0
 12 12 17 18 18 12 13 13 9 9 6 4 4 5 9 9 18 18 8 7 7 17 32 32 28 28 35 51 51 30 46 46 27 27 25 10 10 4 10 10 6 6 3 0 0 0
 12 12 15 17 17 26 14 14 14 14 9 6 6 6 7 7 27 27 11 5 5 12 16 16 25 25 39 35 35 49 52 52 46 46 42 14 14 6 4 4 0 0 2 0 0 0
 9 9 19 22 22 16 31 31 24 24 9 6 6 8 14 14 18 18 25 10 10 12 12 12 18 18 22 28 28 61 63 63 55 55 47 24 24 12 5 5 1 1 0 0 0 0
 9 9 19 22 22 16 31 31 24 24 9 6 6 8 14 14 18 18 25 10 10 12 12 12 18 18 22 28 28 61 63 63 55 55 47 24 24 12 5 5 1 1 0 0 0 0
 9 9 25 15 15 18 13 13 13 13 10 13 13 15 13 13 15 15 29 21 21 9 11 11 13 13 21 28 28 46 62 62 58 58 47 25 25 12 6 6 2 2 1 0 0 0
 20 20 23 30 30 25 22 22 26 26 8 13 13 9 10 10 20 20 22 15 15 11 9 9 11 11 13 17 17 37 45 45 54 54 34 30 30 14 9 9 4 4 2 2 2 0
 20 20 23 30 30 25 22 22 26 26 8 13 13 9 10 10 20 20 22 15 15 11 9 9 11 11 13 17 17 37 45 45 54 54 34 30 30 14 9 9 4 4 2 2 2 0
 19 19 38 23 23 62 69 69 27 27 51 16 16 31 13 13 6 6 21 12 12 7 8 8 7 7 10 11 11 29 13 13 17 17 29 21 21 17 8 8 7 7 2 2 2 0
 19 19 38 23 23 62 69 69 27 27 51 16 16 31 13 13 6 6 21 12 12 7 8 8 7 7 10 11 11 29 13 13 17 17 29 21 21 17 8 8 7 7 2 2 2 0
 7 7 11 16 16 39 47 47 63 63 59 56 56 33 16 16 5 5 10 12 12 9 4 4 7 7 4 6 6 8 8 8 10 10 15 17 17 13 9 9 7 7 6 2 2 0
 3 3 2 8 8 43 44 44 47 47 50 98 98 46 19 19 8 8 15 17 17 24 7 7 5 5 3 2 2 2 2 2 4 4 8 8 8 8 11 11 7 7 4 2 2 1
 3 3 2 8 8 43 44 44 47 47 50 98 98 46 19 19 8 8 15 17 17 24 7 7 5 5 3 2 2 2 2 2 4 4 8 8 8 8 11 11 7 7 4 2 2 1
 1 1 1 2 2 3 14 14 23 23 57 54 54 32 18 18 16 16 8 5 5 16 4 4 6 6 1 1 1 1 1 1 1 1 5 6 6 7 6 6 8 8 7 2 2 2
 1 1 1 2 2 3 4 4 11 11 20 15 15 16 17 17 12 12 10 14 14 17 4 4 4 4 4 2 2 4 1 1 2 2 2 5 5 11 7 7 3 3 4 3 3 1
 1 1 1 2 2 3 4 4 11 11 20 15 15 16 17 17 12 12 10 14 14 17 4 4 4 4 4 2 2 4 1 1 2 2 2 5 5 11 7 7 3 3 4 3 3 1
 0 0 1 2 2 2 2 2 1 1 4 6 6 7 3 3 16 16 7 13 13 7 8 8 2 2 9 4 4 3 2 2 1 1 3 6 6 5 3 3 5 5 4 7 7 8
 0 0 1 2 2 2 2 2 1 1 4 6 6 7 3 3 16 16 7 13 13 7 8 8 2 2 9 4 4 3 2 2 1 1 3 6 6 5 3 3 5 5 4 7 7 8
 0 0 1 1 1 1 1 1 1 1 2 3 3 3 1 1 3 3 3 26 26 31 7 7 5 5 3 2 2 3 5 5 2 2 2 3 3 7 5 5 18 18 23 25 25 26
 2 2 1 1 1 1 0 0 0 0 1 1 1 2 1 1 1 1 1 29 29 2 5 5 7 7 66 7 7 6 3 3 4 4 4 5 5 14 14 14 13 13 4 14 14 20
 2 2 1 1 1 1 0 0 0 0 1 1 1 2 1 1 1 1 1 29 29 2 5 5 7 7 66 7 7 6 3 3 4 4 4 5 5 14 14 14 13 13 4 14 14 20
 1 1 1 1 1 1 1 1 1 1 1 1 1 2 2 2 2 2 2 29 29 2 3 3 6 6 6 5 5 3 5 5 5 5 3 3 3 6 4 4 4 4 11 22 22 25
 2 2 3 2 2 2 1 1 1 1 1 1 1 2 3 3 2 2 2 2 2 2 5 5 6 6 30 3 3 5 4 4 6 6 4 4 4 7 4 4 3 3 20 29 29 13
 2 2 3 2 2 2 1 1 1 1 1 1 1 2 3 3 2 2 2 2 2 2 5 5 6 6 30 3 3 5 4 4 6 6 4 4 4 7 4 4 3 3 20 29 29 13
 3 3 3 4 4 2 1 1 1 1 1 1 1 2 2 2 2 2 4 3 3 5 8 8 8 8 8 7 7 6 6 6 8 8 8 6 6 11 14 14 9 9 22 22 22 17
 3 3 3 4 4 2 1 1 1 1 1 1 1 2 2 2 2 2 4 3 3 5 8 8 8 8 8 7 7 6 6 6 8 8 8 6 6 11 14 14 9 9 22 22 22 17
 4 4 4 5 5 3 1 1 1 1 2 2 2 4 2 2 2 2 2 2 2 4 8 8 9 9 9 7 7 9 9 9 9 9 13 10 10 15 9 9 7 7 5 6 6 15
 3 3 4 4 4 2 2 2 2 2 3 3 3 3 3 3 3 3 3 2 2 4 7 7 6 6 4 9 9 9 8 8 14 14 14 15 15 10 11 11 7 7 5 5 5 9
 3 3 4 4 4 2 2 2 2 2 3 3 3 3 3 3 3 3 3 2 2 4 7 7 6 6 4 9 9 9 8 8 14 14 14 15 15 10 11 11 7 7 5 5 5 9
 4 4 25 18 18 17 2 2 2 2 2 2 2 3 3 3 4 4 5 3 3 3 4 4 7 7 10 12 12 18 15 15 13 13 13 14 14 11 8 8 7 7 4 4 4 3
 4 4 5 4 4 19 1 1 2 2 2 1 1 4 2 2 4 4 4 3 3 3 4 4 5 5 7 7 7 11 10 10 9 9 7 14 14 7 8 8 7 7 6 4 4 5
