assets/RAT_results_old/precipitation/2017-07-02_IMERG.asc
ncols        46
nrows        77
xllcorner    74.800261325624
yllcorner    8.058333333333
cellsize     0.062500000000
NODATA_value -9999
 30 30 30 15 15 13 12 12 6 6 9 6 6 2 2 2 1 1 2 1 1 0 0 0 0 0 1 0 0 0 0 0 0 0 0 0 0 0 0 0 0 0 1 1 1 0
 30 30 42 28 28 24 19 19 12 12 6 5 5 3 1 1 1 1 0 0 0 0 0 0 0 0 0 0 0 0 0 0 0 0 0 0 0 0 0 0 0 0 0 0 0 0
 30 30 42 28 28 24 19 19 12 12 6 5 5 3 1 1 1 1 0 0 0 0 0 0 0 0 0 0 0 0 0 0 0 0 0 0 0 0 0 0 0 0 0 0 0 0
 53 53 67 53 53 35 35 35 26 26 11 7 7 8 5 5 1 1 0 1 1 0 0 0 0 0 0 0 0 0 0 0 0 0 0 0 0 0 0 0 0 0 0 0 0 0
 47 47 48 39 39 27 29 29 12 12 11 10 10 7 3 3 1 1 1 0 0 0 0 0 0 0 0 0 0 0 0 0 0 0 0 0 0 0 0 0 0 0 1 0 0 0
 47 47 48 39 39 27 29 29 12 12 11 10 10 7 3 3 1 1 1 0 0 0 0 0 0 0 0 0 0 0 0 0 0 0 0 0 0 0 0 0 0 0 1 0 0 0
 48 48 39 37 37 43 24 24 14 14 15 7 7 6 3 3 1 1 1 0 0 0 0 0 0 0 0 0 0 0 0 0 0 0 0 0 0 0 0 0 0 0 0 0 0 0
 48 48 39 37 37 43 24 24 14 14 15 7 7 6 3 3 1 1 1 0 0 0 0 0 0 0 0 0 0 0 0 0 0 0 0 0 0 0 0 0 0 0 0 0 0 0
 31 31 34 31 31 30 17 17 14 14 17 8 8 7 3 3 3 3 1 0 0 0 0 0 0 0 0 0 0 0 0 0 0 0 0 0 0 0 0 0 0 0 0 0 0 0
 33 33 50 41 41 33 31 31 10 10 9 9 9 8 8 8 4 4 1 1 1 1 0 0 0 0 0 0 0 0 0 0 0 0 0 0 0 0 0 0 0 0 0 0 0 0
 33 33 50 41 41 33 31 31 10 10 9 9 9 8 8 8 4 4 1 1 1 1 0 0 0 0 0 0 0 0 0 0 0 0 0 0 0 0 0 0 0 0 0 0 0 0
 65 65 41 37 37 25 21 21 14 14 10 5 5 10 6 6 7 7 1 1 1 0 0 0 0 0 0 0 0 0 0 0 0 0 0 0 0 0 0 0 0 0 0 0 0 0
 40 40 42 44 44 38 23 23 19 19 11 6 6 8 12 12 28 28 2 1 1 0 0 0 0 0 0 1 1 0 0 0 0 0 0 0 0 0 0 0 0 0 0 0 0 0
 40 40 42 44 44 38 23 23 19 19 11 6 6 8 12 12 28 28 2 1 1 0 0 0 0 0 0 1 1 0 0 0 0 0 0 0 0 0 0 0 0 0 0 0 0 0
 33 33 37 37 37 46 34 34 30 30 24 18 18 16 19 19 12 12 11 6 6 0 0 0 0 0 1 1 1 0 0 0 0 0 0 0 0 0 1 1 0 0 0 0 0 1
 33 33 37 37 37 46 34 34 30 30 24 18 18 16 19 19 12 12 11 6 6 0 0 0 0 0 1 1 1 0 0 0 0 0 0 0 0 0 1 1 0 0 0 0 0 1
 34 34 29 36 36 44 37 37 41 41 28 20 20 24 15 15 9 9 9 6 6 4 1 1 1 1 1 1 1 0 0 0 0 0 0 0 0 1 1 1 0 0 1 0 0 1
 45 45 33 33 33 50 31 31 39 39 35 29 29 25 27 27 12 12 19 6 6 4 1 1 1 1 1 1 1 1 1 1 0 0 0 0 0 1 1 1 0 0 0 0 0 1
 45 45 33 33 33 50 31 31 39 39 35 29 29 25 27 27 12 12 19 6 6 4 1 1 1 1 1 1 1 1 1 1 0 0 0 0 0 1 1 1 0 0 0 0 0 1
 65 65 55 44 44 54 55 55 49 49 49 32 32 26 30 30 22 22 7 4 4 4 2 2 1 1 1 1 1 1 0 0 0 0 0 0 0 0 1 1 1 1 0 0 0 1
 63 63 54 37 37 33 44 44 47 47 48 21 21 14 24 24 16 16 6 7 7 4 8 8 6 6 4 3 3 1 0 0 0 0 0 0 0 0 1 1 1 1 0 1 1 0
 63 63 54 37 37 33 44 44 47 47 48 21 21 14 24 24 16 16 6 7 7 4 8 8 6 6 4 3 3 1 0 0 0 0 0 0 0 0 1 1 1 1 0 1 1 0
 51 51 48 34 34 27 31 31 32 32 28 21 21 8 13 13 12 12 10 4 4 7 7 7 8 8 3 4 4 2 1 1 1 1 2 1 1 0 0 0 0 0 0 0 0 0
 51 51 48 34 34 27 31 31 32 32 28 21 21 8 13 13 12 12 10 4 4 7 7 7 8 8 3 4 4 2 1 1 1 1 2 1 1 0 0 0 0 0 0 0 0 0
 38 38 31 29 29 26 25 25 16 16 14 24 24 18 7 7 14 14 8 4 4 10 1 1 1 1 4 4 4 1 1 1 1 1 1 0 0 0 0 0 0 0 0 0 0 0
 40 40 45 53 53 41 30 30 25 25 18 16 16 8 4 4 3 3 4 5 5 4 4 4 0 0 0 1 1 1 1 1 1 1 0 0 0 0 0 0 0 0 0 0 0 0
 40 40 45 53 53 41 30 30 25 25 18 16 16 8 4 4 3 3 4 5 5 4 4 4 0 0 0 1 1 1 1 1 1 1 0 0 0 0 0 0 0 0 0 0 0 0
 52 52 63 72 72 46 41 41 18 18 5 7 7 5 4 4 6 6 3 1 1 3 2 2 1 1 1 1 1 1 1 1 0 0 0 0 0 0 0 0 0 0 0 0 0 0
 36 36 44 46 46 19 19 19 14 14 6 9 9 5 8 8 9 9 5 3 3 1 5 5 6 6 4 1 1 1 0 0 0 0 0 0 0 0 0 0 0 0 0 0 0 0
 36 36 44 46 46 19 19 19 14 14 6 9 9 5 8 8 9 9 5 3 3 1 5 5 6 6 4 1 1 1 0 0 0 0 0 0 0 0 0 0 0 0 0 0 0 0
 18 18 12 7 7 13 17 17 11 11 13 16 16 8 18 18 15 15 6 2 2 1 3 3 3 3 3 2 2 2 0 0 0 0 0 0 0 0 0 0 0 0 0 0 0 0
 18 18 12 7 7 13 17 17 11 11 13 16 16 8 18 18 15 15 6 2 2 1 3 3 3 3 3 2 2 2 0 0 0 0 0 0 0 0 0 0 0 0 0 0 0 0
 11 11 6 5 5 7 9 9 10 10 9 13 13 12 12 12 8 8 11 3 3 3 6 6 2 2 2 1 1 1 0 0 0 0 0 0 0 0 0 0 0 0 0 0 0 0
 9 9 8 9 9 10 8 8 9 9 6 10 10 13 13 13 15 15 9 17 17 20 13 13 6 6 11 1 1 0 0 0 0 0 0 0 0 0 0 0 0 0 2 0 0 0
 9 9 8 9 9 10 8 8 9 9 6 10 10 13 13 13 15 15 9 17 17 20 13 13 6 6 11 1 1 0 0 0 0 0 0 0 0 0 0 0 0 0 2 0 0 0
 4 4 3 8 8 11 6 6 7 7 9 12 12 6 15 15 17 17 24 17 17 15 8 8 8 8 7 1 1 0 0 0 0 0 1 0 0 0 0 0 0 0 0 0 0 0
 5 5 4 4 4 5 7 7 8 8 13 6 6 4 12 12 34 34 29 16 16 4 4 4 11 11 1 1 1 2 1 1 0 0 0 1 1 0 1 1 0 0 0 0 0 0
 5 5 4 4 4 5 7 7 8 8 13 6 6 4 12 12 34 34 29 16 16 4 4 4 11 11 1 1 1 2 1 1 0 0 0 1 1 0 1 1 0 0 0 0 0 0
 12 12 5 5 5 7 14 14 23 23 21 7 7 5 11 11 19 19 2 6 6 4 2 2 2 2 3 3 3 2 3 3 1 1 2 1 1 0 0 0 0 0 0 0 0 0
 12 12 5 5 5 7 14 14 23 23 21 7 7 5 11 11 19 19 2 6 6 4 2 2 2 2 3 3 3 2 3 3 1 1 2 1 1 0 0 0 0 0 0 0 0 0
 11 11 5 6 6 7 14 14 15 15 15 5 5 5 6 6 3 3 5 8 8 11 8 8 6 6 5 3 3 4 8 8 7 7 2 2 2 0 0 0 0 0 1 1 1 1
 5 5 8 9 9 12 8 8 5 5 8 10 10 8 8 8 4 4 5 6 6 8 10 10 14 14 15 20 20 10 6 6 8 8 2 1 1 2 0 0 0 0 2 2 2 1
 5 5 8 9 9 12 8 8 5 5 8 10 10 8 8 8 4 4 5 6 6 8 10 10 14 14 15 20 20 10 6 6 8 8 2 1 1 2 0 0 0 0 2 2 2 1
 3 3 6 6 6 7 6 6 7 7 9 8 8 6 5 5 7 7 10 9 9 18 22 22 16 16 29 19 19 10 13 13 3 3 2 2 2 3 1 1 1 1 1 0 0 1
 3 3 4 4 4 6 5 5 8 8 9 9 9 7 8 8 8 8 5 13 13 7 19 19 13 13 13 14 14 7 7 7 1 1 11 1 1 1 1 1 0 0 1 1 1 1
 3 3 4 4 4 6 5 5 8 8 9 9 9 7 8 8 8 8 5 13 13 7 19 19 13 13 13 14 14 7 7 7 1 1 11 1 1 1 1 1 0 0 1 1 1 1
 3 3 3 5 5 6 4 4 7 7 8 10 10 9 7 7 9 9 11 7 7 4 8 8 10 10 8 7 7 10 4 4 1 1 11 5 5 1 1 1 1 1 1 0 0 1
 3 3 3 5 5 6 4 4 7 7 8 10 10 9 7 7 9 9 11 7 7 4 8 8 10 10 8 7 7 10 4 4 1 1 11 5 5 1 1 1 1 1 1 0 0 1
 11 11 7 7 7 7 5 5 7 7 7 8 8 7 6 6 13 13 6 8 8 4 3 3 4 4 3 4 4 2 2 2 3 3 1 1 1 0 0 0 1 1 0 0 0 1
 10 10 7 15 15 10 6 6 8 8 8 8 8 7 8 8 8 8 4 3 3 4 1 1 3 3 12 3 3 2 3 3 1 1 1 0 0 0 1 1 1 1 2 1 1 0
 10 10 7 15 15 10 6 6 8 8 8 8 8 7 8 8 8 8 4 3 3 4 1 1 3 3 12 3 3 2 3 3 1 1 1 0 0 0 1 1 1 1 2 1 1 0
 6 6 18 22 22 16 11 11 11 11 8 8 8 11 7 7 7 7 5 3 3 6 2 2 3 3 4 2 2 1 1 1 2 2 1 1 1 1 2 2 3 3 2 1 1 0
 9 9 16 12 12 31 22 22 18 18 14 7 7 12 5 5 3 3 5 8 8 7 3 3 8 8 3 2 2 4 4 4 3 3 0 1 1 1 4 4 2 2 2 3 3 0
 9 9 16 12 12 31 22 22 18 18 14 7 7 12 5 5 3 3 5 8 8 7 3 3 8 8 3 2 2 4 4 4 3 3 0 1 1 1 4 4 2 2 2 3 3 0
 14 14 17 7 7 15 38 38 26 26 13 10 10 7 6 6 4 4 4 8 8 4 3 3 3 3 3 3 3 4 4 4 4 4 1 1 1 3 4 4 1 1 3 1 1 1
 14 14 17 7 7 15 38 38 26 26 13 10 10 7 6 6 4 4 4 8 8 4 3 3 3 3 3 3 3 4 4 4 4 4 1 1 1 3 4 4 1 1 3 1 1 1
 10 10 10 12 12 9 24 24 13 13 6 3 3 3 4 4 2 2 3 4 4 3 3 3 3 3 2 3 3 3 2 2 1 1 5 3 3 3 3 3 1 1 2 1 1 0
 8 8 6 6 6 7 14 14 9 9 4 3 3 3 6 6 3 3 2 1 1 1 1 1 1 1 9 4 4 2 2 2 1 1 3 3 3 2 2 2 1 1 0 1 1 1
 8 8 6 6 6 7 14 14 9 9 4 3 3 3 6 6 3 3 2 1 1 1 1 1 1 1 9 4 4 2 2 2 1 1 3 3 3 2 2 2 1 1 0 1 1 1
 4 4 5 5 5 6 9 9 6 6 5 3 3 4 8 8 6 6 4 3 3 3 11 11 7 7 8 3 3 2 2 2 1 1 2 2 2 3 1 1 1 1 0 0 0 1
 4 4 5 4 4 6 10 10 6 6 4 3 3 4 9 9 7 7 9 3 3 12 12 12 8 8 6 2 2 1 1 1 0 0 0 0 0 2 4 4 3 3 0 0 0 1
 4 4 5 4 4 6 10 10 6 6 4 3 3 4 9 9 7 7 9 3 3 12 12 12 8 8 6 2 2 1 1 1 0 0 0 0 0 2 4 4 3 3 0 0 0 1
 6 6 7 6 6 8 8 8 6 6 5 4 4 3 6 6 6 6 6 3 3 4 6 6 7 7 4 1 1 1 1 1 0 0 0 0 0 0 3 3 5 5 0 1 1 0
 6 6 7 6 6 8 8 8 6 6 5 4 4 3 6 6 6 6 6 3 3 4 6 6 7 7 4 1 1 1 1 1 0 0 0 0 0 0 3 3 5 5 0 1 1 0
 19 19 13 10 10 8 9 9 4 4 6 4 4 5 5 5 9 9 10 5 5 3 9 9 7 7 5 0 0 2 1 1 0 0 0 0 0 1 2 2 1 1 0 0 0 0
 37 37 29 26 26 7 7 7 5 5 6 5 5 5 6 6 11 11 11 7 7 5 10 10 12 12 4 2 2 1 1 1 1 1 0 0 0 0 1 1 1 1 0 0 0 0
 37 37 29 26 26 7 7 7 5 5 6 5 5 5 6 6 11 11 11 7 7 5 10 10 12 12 4 2 2 1 1 1 1 1 0 0 0 0 1 1 1 1 0 0 0 0
 33 33 23 28 28 21 13 13 12 12 6 11 11 9 7 7 12 12 11 8 8 4 2 2 3 3 2 1 1 0 1 1 1 1 0 0 0 0 0 0 0 0 0 0 0 0
 25 25 18 28 28 13 15 15 12 12 10 10 10 12 7 7 12 12 10 7 7 7 4 4 9 9 2 3 3 1 0 0 0 0 0 1 1 0 0 0 0 0 0 0 0 0
 25 25 18 28 28 13 15 15 12 12 10 10 10 12 7 7 12 12 10 7 7 7 4 4 9 9 2 3 3 1 0 0 0 0 0 1 1 0 0 0 0 0 0 0 0 0
 19 19 10 10 10 8 8 8 9 9 6 8 8 15 8 8 11 11 10 9 9 8 14 14 14 14 4 3 3 2 1 1 0 0 1 1 1 1 0 0 0 0 1 2 2 0
 19 19 10 10 10 8 8 8 9 9 6 8 8 15 8 8 11 11 10 9 9 8 14 14 14 14 4 3 3 2 1 1 0 0 1 1 1 1 0 0 0 0 1 2 2 0
 29 29 10 5 5 3 5 5 9 9 3 9 9 13 13 13 10 10 12 9 9 10 12 12 14 14 7 2 2 2 4 4 0 0 1 1 1 1 0 0 0 0 1 1 1 1
 22 22 15 4 4 3 3 3 5 5 2 6 6 8 7 7 7 7 9 10 10 10 14 14 11 11 2 1 1 0 3 3 2 2 0 0 0 1 1 1 0 0 0 0 0 0
 22 22 15 4 4 3 3 3 5 5 2 6 6 8 7 7 7 7 9 10 10 10 14 14 11 11 2 1 1 0 3 3 2 2 0 0 0 1 1 1 0 0 0 0 0 0
 10 10 9 7 7 6 2 2 3 3 4 5 5 15 3 3 2 2 5 8 8 7 9 9 10 10 3 1 1 1 1 1 1 1 2 1 1 1 1 1 0 0 0 0 0 0
 7 7 7 7 7 5 1 1 3 3 16 2 2 2 3 3 3 3 3 3 3 8 10 10 13 13 6 2 2 1 0 0 1 1 2 1 1 1 0 0 0 0 0 0 0 0
