assets/RAT_results_old/precipitation/2017-07-27_IMERG.asc
ncols        46
nrows        77
xllcorner    74.800261325624
yllcorner    8.058333333333
cellsize     0.062500000000
NODATA_value -9999
 0 0 1 1 1 1 1 1 13 13 2 1 1 3 6 6 3 3 0 2 2 0 0 0 0 0 0 0 0 0 0 0 0 0 0 0 0 0 0 0 0 0 0 1 1 1
 1 1 1 4 4 1 3 3 0 0 5 14 14 1 6 6 1 1 3 6 6 2 0 0 0 0 0 0 0 0 0 0 0 0 0 0 0 0 0 0 6 6 0 0 0 0
 1 1 1 4 4 1 3 3 0 0 5 14 14 1 6 6 1 1 3 6 6 2 0 0 0 0 0 0 0 0 0 0 0 0 0 0 0 0 0 0 6 6 0 0 0 0
 1 1 1 1 1 1 3 3 1 1 7 17 17 39 5 5 5 5 7 4 4 5 0 0 0 0 0 0 0 1 0 0 0 0 0 0 0 0 0 0 0 0 0 0 0 0
 0 0 1 0 0 1 7 7 4 4 3 8 8 22 11 11 6 6 8 5 5 7 3 3 0 0 0 0 0 0 0 0 0 0 0 0 0 0 0 0 0 0 0 0 0 0
 0 0 1 0 0 1 7 7 4 4 3 8 8 22 11 11 6 6 8 5 5 7 3 3 0 0 0 0 0 0 0 0 0 0 0 0 0 0 0 0 0 0 0 0 0 0
 1 1 0 1 1 0 1 1 0 0 9 5 5 10 19 19 8 8 4 5 5 2 0 0 0 0 0 0 0 0 0 0 0 0 0 0 0 0 6 6 0 0 0 0 0 0
 1 1 0 1 1 0 1 1 0 0 9 5 5 10 19 19 8 8 4 5 5 2 0 0 0 0 0 0 0 0 0 0 0 0 0 0 0 0 6 6 0 0 0 0 0 0
 0 0 0 1 1 1 1 1 2 2 1 3 3 9 8 8 17 17 9 0 0 0 0 0 0 0 0 0 0 0 0 0 0 0 0 0 0 0 0 0 0 0 0 0 0 0
 0 0 0 4 4 3 2 2 6 6 4 1 1 0 6 6 10 10 1 0 0 0 0 0 0 0 0 0 0 1 0 0 0 0 1 2 2 0 0 0 0 0 0 0 0 0
 0 0 0 4 4 3 2 2 6 6 4 1 1 0 6 6 10 10 1 0 0 0 0 0 0 0 0 0 0 1 0 0 0 0 1 2 2 0 0 0 0 0 0 0 0 0
 0 0 1 1 1 6 3 3 3 3 0 2 2 0 7 7 2 2 4 1 1 0 0 0 0 0 0 0 0 0 0 0 1 1 0 0 0 0 0 0 3 3 1 0 0 0
 0 0 3 2 2 3 2 2 2 2 3 1 1 1 1 1 6 6 14 9 9 0 3 3 0 0 1 0 0 1 0 0 0 0 0 0 0 0 9 9 2 2 0 0 0 0
 0 0 3 2 2 3 2 2 2 2 3 1 1 1 1 1 6 6 14 9 9 0 3 3 0 0 1 0 0 1 0 0 0 0 0 0 0 0 9 9 2 2 0 0 0 0
 3 3 1 3 3 7 9 9 6 6 2 2 2 5 2 2 4 4 4 4 4 1 0 0 0 0 1 0 0 0 0 0 0 0 0 0 0 0 0 0 0 0 0 0 0 0
 3 3 1 3 3 7 9 9 6 6 2 2 2 5 2 2 4 4 4 4 4 1 0 0 0 0 1 0 0 0 0 0 0 0 0 0 0 0 0 0 0 0 0 0 0 0
 3 3 2 2 2 3 5 5 3 3 3 2 2 3 6 6 13 13 8 1 1 0 0 0 0 0 1 0 0 0 0 0 0 0 1 0 0 0 0 0 2 2 2 0 0 0
 3 3 5 4 4 7 16 16 1 1 1 0 0 3 14 14 30 30 6 7 7 4 0 0 0 0 0 1 1 1 0 0 1 1 2 0 0 1 0 0 1 1 0 1 1 0
 3 3 5 4 4 7 16 16 1 1 1 0 0 3 14 14 30 30 6 7 7 4 0 0 0 0 0 1 1 1 0 0 1 1 2 0 0 1 0 0 1 1 0 1 1 0
 3 3 4 4 4 7 4 4 2 2 1 2 2 7 15 15 25 25 6 6 6 2 2 2 0 0 0 0 0 0 0 0 1 1 2 0 0 0 0 0 0 0 0 1 1 0
 3 3 5 4 4 10 4 4 4 4 2 4 4 13 9 9 31 31 3 2 2 2 0 0 0 0 0 0 0 0 0 0 0 0 0 0 0 1 0 0 4 4 0 0 0 0
 3 3 5 4 4 10 4 4 4 4 2 4 4 13 9 9 31 31 3 2 2 2 0 0 0 0 0 0 0 0 0 0 0 0 0 0 0 1 0 0 4 4 0 0 0 0
 2 2 3 2 2 8 15 15 13 13 6 2 2 9 20 20 22 22 7 4 4 3 1 1 0 0 0 0 0 0 0 0 1 1 0 0 0 1 1 1 1 1 0 0 0 0
 2 2 3 2 2 8 15 15 13 13 6 2 2 9 20 20 22 22 7 4 4 3 1 1 0 0 0 0 0 0 0 0 1 1 0 0 0 1 1 1 1 1 0 0 0 0
 3 3 3 2 2 9 15 15 14 14 2 7 7 19 16 16 19 19 17 14 14 4 12 12 2 2 1 1 1 0 1 1 1 1 2 0 0 0 1 1 1 1 1 1 1 1
 3 3 2 2 2 5 13 13 11 11 4 7 7 9 24 24 23 23 10 2 2 5 7 7 5 5 3 3 3 3 0 0 1 1 0 0 0 1 2 2 2 2 1 1 1 4
 3 3 2 2 2 5 13 13 11 11 4 7 7 9 24 24 23 23 10 2 2 5 7 7 5 5 3 3 3 3 0 0 1 1 0 0 0 1 2 2 2 2 1 1 1 4
 3 3 3 2 2 3 5 5 2 2 4 5 5 9 6 6 4 4 14 6 6 6 7 7 2 2 16 0 0 2 2 2 1 1 0 0 0 0 1 1 1 1 1 1 1 4
 3 3 3 3 3 3 5 5 4 4 4 2 2 5 1 1 5 5 17 9 9 16 23 23 8 8 1 8 8 2 2 2 0 0 0 0 0 4 1 1 0 0 1 0 0 3
 3 3 3 3 3 3 5 5 4 4 4 2 2 5 1 1 5 5 17 9 9 16 23 23 8 8 1 8 8 2 2 2 0 0 0 0 0 4 1 1 0 0 1 0 0 3
 4 4 4 4 4 4 8 8 5 5 6 3 3 3 10 10 11 11 21 13 13 13 14 14 9 9 3 3 3 1 0 0 2 2 1 0 0 12 5 5 0 0 0 0 0 1
 4 4 4 4 4 4 8 8 5 5 6 3 3 3 10 10 11 11 21 13 13 13 14 14 9 9 3 3 3 1 0 0 2 2 1 0 0 12 5 5 0 0 0 0 0 1
 5 5 5 5 5 5 7 7 6 6 6 4 4 8 11 11 32 32 18 9 9 10 19 19 14 14 14 1 1 0 0 0 0 0 0 2 2 1 0 0 0 0 0 1 1 1
 4 4 5 5 5 5 6 6 5 5 9 16 16 27 23 23 24 24 12 21 21 15 12 12 8 8 5 1 1 0 0 0 0 0 0 0 0 3 0 0 0 0 0 1 1 0
 4 4 5 5 5 5 6 6 5 5 9 16 16 27 23 23 24 24 12 21 21 15 12 12 8 8 5 1 1 0 0 0 0 0 0 0 0 3 0 0 0 0 0 1 1 0
 4 4 4 4 4 6 9 9 6 6 8 22 22 22 28 28 26 26 31 22 22 18 23 23 8 8 5 0 0 0 0 0 0 0 0 0 0 0 0 0 0 0 0 0 0 0
 3 3 5 5 5 10 17 17 20 20 20 21 21 24 30 30 35 35 47 48 48 27 37 37 7 7 2 0 0 0 0 0 0 0 0 0 0 0 0 0 1 1 0 0 0 0
 3 3 5 5 5 10 17 17 20 20 20 21 21 24 30 30 35 35 47 48 48 27 37 37 7 7 2 0 0 0 0 0 0 0 0 0 0 0 0 0 1 1 0 0 0 0
 5 5 5 11 11 13 23 23 27 27 29 46 46 47 61 61 28 28 32 41 41 32 40 40 22 22 2 2 2 0 0 0 0 0 0 1 1 0 0 0 0 0 0 0 0 0
 5 5 5 11 11 13 23 23 27 27 29 46 46 47 61 61 28 28 32 41 41 32 40 40 22 22 2 2 2 0 0 0 0 0 0 1 1 0 0 0 0 0 0 0 0 0
 6 6 8 13 13 20 23 23 30 30 29 45 45 46 41 41 18 18 28 44 44 36 32 32 26 26 15 16 16 5 15 15 11 11 3 2 2 0 0 0 0 0 0 0 0 0
 5 5 7 11 11 21 24 24 30 30 23 44 44 51 51 51 29 29 21 29 29 24 25 25 23 23 27 16 16 15 25 25 21 21 5 2 2 0 0 0 0 0 0 0 0 0
 5 5 7 11 11 21 24 24 30 30 23 44 44 51 51 51 29 29 21 29 29 24 25 25 23 23 27 16 16 15 25 25 21 21 5 2 2 0 0 0 0 0 0 0 0 0
 5 5 8 12 12 17 29 29 22 22 24 23 23 52 54 54 68 68 38 38 38 33 19 19 24 24 15 28 28 23 29 29 45 45 2 1 1 1 0 0 0 0 0 0 0 0
 5 5 7 10 10 12 21 21 25 25 16 19 19 57 55 55 67 67 53 49 49 38 43 43 26 26 26 37 37 44 40 40 42 42 19 17 17 5 1 1 1 1 1 1 1 0
 5 5 7 10 10 12 21 21 25 25 16 19 19 57 55 55 67 67 53 49 49 38 43 43 26 26 26 37 37 44 40 40 42 42 19 17 17 5 1 1 1 1 1 1 1 0
 6 6 8 6 6 28 24 24 18 18 19 41 41 57 60 60 72 72 47 38 38 33 57 57 52 52 36 37 37 36 36 36 44 44 18 19 19 7 2 2 2 2 2 1 1 1
 6 6 8 6 6 28 24 24 18 18 19 41 41 57 60 60 72 72 47 38 38 33 57 57 52 52 36 37 37 36 36 36 44 44 18 19 19 7 2 2 2 2 2 1 1 1
 8 8 7 4 4 5 38 38 32 32 25 31 31 49 54 54 54 54 42 45 45 71 56 56 43 43 34 45 45 58 35 35 40 40 63 20 20 1 1 1 1 1 2 2 2 1
 11 11 11 5 5 6 17 17 30 30 43 30 30 59 53 53 43 43 30 47 47 50 41 41 38 38 25 18 18 40 25 25 26 26 19 7 7 4 0 0 0 0 0 3 3 3
 11 11 11 5 5 6 17 17 30 30 43 30 30 59 53 53 43 43 30 47 47 50 41 41 38 38 25 18 18 40 25 25 26 26 19 7 7 4 0 0 0 0 0 3 3 3
 6 6 5 5 5 2 7 7 31 31 31 22 22 22 37 37 29 29 25 40 40 57 54 54 28 28 19 19 19 19 21 21 14 14 10 17 17 22 3 3 0 0 9 3 3 3
 6 6 5 3 3 3 5 5 17 17 17 21 21 24 40 40 25 25 28 25 25 28 37 37 32 32 36 25 25 25 40 40 42 42 17 10 10 14 0 0 0 0 6 6 6 0
 6 6 5 3 3 3 5 5 17 17 17 21 21 24 40 40 25 25 28 25 25 28 37 37 32 32 36 25 25 25 40 40 42 42 17 10 10 14 0 0 0 0 6 6 6 0
 5 5 5 9 9 7 13 13 7 7 13 36 36 29 30 30 24 24 45 27 27 30 28 28 34 34 29 30 30 24 23 23 24 24 18 16 16 16 7 7 7 7 6 6 6 0
 5 5 5 9 9 7 13 13 7 7 13 36 36 29 30 30 24 24 45 27 27 30 28 28 34 34 29 30 30 24 23 23 24 24 18 16 16 16 7 7 7 7 6 6 6 0
 6 6 9 19 19 14 17 17 9 9 21 24 24 35 50 50 64 64 66 51 51 25 39 39 20 20 25 22 22 22 24 24 11 11 15 14 14 13 8 8 5 5 0 0 0 0
 7 7 9 23 23 23 22 22 9 9 29 26 26 45 51 51 30 30 50 84 84 49 35 35 35 35 20 21 21 19 20 20 12 12 23 19 19 8 9 9 6 6 9 0 0 0
 7 7 9 23 23 23 22 22 9 9 29 26 26 45 51 51 30 30 50 84 84 49 35 35 35 35 20 21 21 19 20 20 12 12 23 19 19 8 9 9 6 6 9 0 0 0
 6 6 6 13 13 28 14 14 11 11 16 20 20 24 26 26 31 31 72 78 78 37 18 18 10 10 17 26 26 35 35 35 27 27 19 15 15 9 15 15 7 7 7 0 0 0
 4 4 4 9 9 9 12 12 20 20 24 22 22 23 19 19 27 27 31 57 57 7 11 11 12 12 38 14 14 13 32 32 25 25 14 7 7 9 18 18 10 10 8 0 0 2
 4 4 4 9 9 9 12 12 20 20 24 22 22 23 19 19 27 27 31 57 57 7 11 11 12 12 38 14 14 13 32 32 25 25 14 7 7 9 18 18 10 10 8 0 0 2
 3 3 2 3 3 11 11 11 24 24 33 31 31 28 23 23 34 34 30 55 55 4 42 42 5 5 6 3 3 7 4 4 4 4 1 1 1 3 4 4 5 5 0 0 0 7
 3 3 2 3 3 11 11 11 24 24 33 31 31 28 23 23 34 34 30 55 55 4 42 42 5 5 6 3 3 7 4 4 4 4 1 1 1 3 4 4 5 5 0 0 0 7
 7 7 2 6 6 21 24 24 29 29 29 27 27 26 32 32 44 44 37 31 31 7 22 22 4 4 21 27 27 10 4 4 3 3 2 1 1 0 5 5 17 17 8 0 0 0
 3 3 8 8 8 20 34 34 33 33 28 28 28 26 28 28 35 35 68 13 13 19 7 7 7 7 7 5 5 41 3 3 3 3 1 0 0 0 5 5 10 10 1 0 0 0
 3 3 8 8 8 20 34 34 33 33 28 28 28 26 28 28 35 35 68 13 13 19 7 7 7 7 7 5 5 41 3 3 3 3 1 0 0 0 5 5 10 10 1 0 0 0
 1 1 3 4 4 35 35 35 33 33 29 5 5 7 10 10 41 41 22 43 43 15 6 6 4 4 9 1 1 2 2 2 1 1 5 0 0 4 0 0 0 0 0 0 0 0
 4 4 4 4 4 21 24 24 36 36 7 10 10 4 6 6 9 9 6 9 9 9 4 4 4 4 4 19 19 2 6 6 9 9 1 0 0 4 0 0 0 0 0 0 0 0
 4 4 4 4 4 21 24 24 36 36 7 10 10 4 6 6 9 9 6 9 9 9 4 4 4 4 4 19 19 2 6 6 9 9 1 0 0 4 0 0 0 0 0 0 0 0
 1 1 3 3 3 23 21 21 34 34 2 4 4 1 5 5 14 14 11 5 5 13 7 7 2 2 7 5 5 1 7 7 0 0 1 0 0 0 0 0 0 0 0 0 0 0
 1 1 3 3 3 23 21 21 34 34 2 4 4 1 5 5 14 14 11 5 5 13 7 7 2 2 7 5 5 1 7 7 0 0 1 0 0 0 0 0 0 0 0 0 0 0
 0 0 2 2 2 3 5 5 6 6 12 3 3 3 3 3 3 3 13 6 6 1 54 54 46 46 52 6 6 5 7 7 3 3 0 1 1 0 0 0 0 0 0 0 0 0
 1 1 1 2 2 3 5 5 6 6 6 2 2 2 1 1 1 1 4 0 0 0 0 0 3 3 18 4 4 4 0 0 0 0 0 0 0 0 0 0 0 0 0 0 0 0
 1 1 1 2 2 3 5 5 6 6 6 2 2 2 1 1 1 1 4 0 0 0 0 0 3 3 18 4 4 4 0 0 0 0 0 0 0 0 0 0 0 0 0 0 0 0
 2 2 0 1 1 2 3 3 5 5 3 3 3 5 2 2 4 4 1 1 1 0 1 1 1 1 2 4 4 4 3 3 0 0 0 9 9 1 0 0 0 0 1 0 0 0
 2 2 1 1 1 1 2 2 3 3 4 1 1 1 3 3 1 1 1 2 2 1 4 4 3 3 2 1 1 16 0 0 1 1 0 0 0 1 0 0 1 1 0 0 0 0
