assets/RAT_results_old/precipitation/2017-06-12_IMERG.asc
ncols        46
nrows        77
xllcorner    74.800261325624
yllcorner    8.058333333333
cellsize     0.062500000000
NODATA_value -9999
 20 20 25 21 21 22 27 27 22 22 31 28 28 12 12 12 11 11 12 12 12 15 6 6 10 10 10 11 11 7 5 5 6 6 5 8 8 19 17 17 10 10 10 4 4 3
 20 20 20 23 23 28 39 39 27 27 36 33 33 10 9 9 10 10 9 13 13 9 4 4 5 5 7 8 8 5 10 10 7 7 5 9 9 16 11 11 8 8 5 3 3 2
 20 20 20 23 23 28 39 39 27 27 36 33 33 10 9 9 10 10 9 13 13 9 4 4 5 5 7 8 8 5 10 10 7 7 5 9 9 16 11 11 8 8 5 3 3 2
 20 20 21 25 25 33 40 40 37 37 33 18 18 14 6 6 9 9 15 11 11 11 6 6 4 4 9 10 10 8 7 7 5 5 9 9 9 16 9 9 8 8 2 1 1 1
 24 24 30 27 27 38 42 42 45 45 26 24 24 15 8 8 10 10 10 11 11 7 6 6 7 7 7 10 10 12 6 6 5 5 4 13 13 18 9 9 2 2 1 1 1 1
 24 24 30 27 27 38 42 42 45 45 26 24 24 15 8 8 10 10 10 11 11 7 6 6 7 7 7 10 10 12 6 6 5 5 4 13 13 18 9 9 2 2 1 1 1 1
 26 26 30 29 29 42 39 39 32 32 28 34 34 18 14 14 15 15 10 12 12 17 8 8 6 6 5 12 12 6 8 8 6 6 11 16 16 13 2 2 0 0 1 0 0 1
 26 26 30 29 29 42 39 39 32 32 28 34 34 18 14 14 15 15 10 12 12 17 8 8 6 6 5 12 12 6 8 8 6 6 11 16 16 13 2 2 0 0 1 0 0 1
 23 23 29 40 40 44 42 42 33 33 28 27 27 19 14 14 16 16 12 14 14 13 11 11 9 9 10 9 9 6 8 8 11 11 7 13 13 8 2 2 1 1 0 0 0 1
 25 25 41 55 55 36 35 35 30 30 31 21 21 23 18 18 17 17 25 17 17 13 13 13 14 14 15 13 13 10 10 10 6 6 7 2 2 3 1 1 1 1 0 0 0 1
 25 25 41 55 55 36 35 35 30 30 31 21 21 23 18 18 17 17 25 17 17 13 13 13 14 14 15 13 13 10 10 10 6 6 7 2 2 3 1 1 1 1 0 0 0 1
 36 36 64 82 82 27 28 28 28 28 31 34 34 23 23 23 28 28 42 22 22 20 23 23 18 18 16 15 15 9 5 5 3 3 5 2 2 2 1 1 1 1 4 0 0 0
 35 35 32 61 61 31 26 26 26 26 30 23 23 28 26 26 30 30 37 32 32 24 23 23 21 21 16 18 18 13 5 5 4 4 4 1 1 1 1 1 1 1 1 0 0 0
 35 35 32 61 61 31 26 26 26 26 30 23 23 28 26 26 30 30 37 32 32 24 23 23 21 21 16 18 18 13 5 5 4 4 4 1 1 1 1 1 1 1 1 0 0 0
 17 17 27 24 24 48 32 32 33 33 28 35 35 34 31 31 44 44 28 32 32 36 18 18 27 27 11 20 20 9 3 3 6 6 3 2 2 5 1 1 1 1 9 1 1 0
 17 17 27 24 24 48 32 32 33 33 28 35 35 34 31 31 44 44 28 32 32 36 18 18 27 27 11 20 20 9 3 3 6 6 3 2 2 5 1 1 1 1 9 1 1 0
 21 21 22 26 26 45 60 60 43 43 41 38 38 33 44 44 27 27 23 26 26 20 15 15 15 15 14 9 9 10 8 8 5 5 3 3 3 2 1 1 1 1 1 3 3 2
 21 21 22 27 27 49 63 63 62 62 38 33 33 37 31 31 22 22 20 25 25 24 12 12 8 8 10 7 7 7 8 8 9 9 3 4 4 1 1 1 1 1 1 1 1 0
 21 21 22 27 27 49 63 63 62 62 38 33 33 37 31 31 22 22 20 25 25 24 12 12 8 8 10 7 7 7 8 8 9 9 3 4 4 1 1 1 1 1 1 1 1 0
 24 24 28 26 26 24 22 22 35 35 42 40 40 42 27 27 24 24 25 21 21 12 9 9 11 11 9 8 8 9 4 4 5 5 3 2 2 1 1 1 1 1 1 0 0 0
 33 33 38 35 35 28 21 21 29 29 43 44 44 27 24 24 28 28 21 16 16 9 13 13 13 13 8 8 8 6 3 3 2 2 2 2 2 1 1 1 1 1 1 1 1 0
 33 33 38 35 35 28 21 21 29 29 43 44 44 27 24 24 28 28 21 16 16 9 13 13 13 13 8 8 8 6 3 3 2 2 2 2 2 1 1 1 1 1 1 1 1 0
 37 37 37 38 38 28 25 25 32 32 43 36 36 33 31 31 24 24 13 14 14 11 13 13 13 13 11 7 7 6 2 2 2 2 2 2 2 2 1 1 1 1 2 2 2 1
 37 37 37 38 38 28 25 25 32 32 43 36 36 33 31 31 24 24 13 14 14 11 13 13 13 13 11 7 7 6 2 2 2 2 2 2 2 2 1 1 1 1 2 2 2 1
 37 37 29 38 38 32 32 32 24 24 21 32 32 33 27 27 12 12 16 11 11 11 12 12 8 8 8 6 6 4 3 3 2 2 2 1 1 1 1 1 1 1 2 1 1 1
 37 37 35 41 41 45 34 34 35 35 19 27 27 27 30 30 26 26 15 14 14 11 8 8 4 4 7 5 5 1 0 0 0 0 2 1 1 1 1 1 1 1 1 1 1 1
 37 37 35 41 41 45 34 34 35 35 19 27 27 27 30 30 26 26 15 14 14 11 8 8 4 4 7 5 5 1 0 0 0 0 2 1 1 1 1 1 1 1 1 1 1 1
 35 35 36 39 39 46 36 36 20 20 14 15 15 20 15 15 19 19 15 13 13 15 6 6 6 6 5 4 4 1 0 0 1 1 2 2 2 1 1 1 1 1 1 1 1 1
 38 38 34 41 41 43 42 42 17 17 11 9 9 9 10 10 13 13 13 15 15 11 9 9 18 18 9 2 2 2 2 2 2 2 2 1 1 1 1 1 1 1 1 5 5 2
 38 38 34 41 41 43 42 42 17 17 11 9 9 9 10 10 13 13 13 15 15 11 9 9 18 18 9 2 2 2 2 2 2 2 2 1 1 1 1 1 1 1 1 5 5 2
 32 32 32 29 29 35 45 45 27 27 15 8 8 5 6 6 10 10 10 16 16 17 11 11 11 11 8 4 4 2 2 2 2 2 3 2 2 1 1 1 1 1 2 2 2 2
 32 32 32 29 29 35 45 45 27 27 15 8 8 5 6 6 10 10 10 16 16 17 11 11 11 11 8 4 4 2 2 2 2 2 3 2 2 1 1 1 1 1 2 2 2 2
 26 26 30 29 29 46 36 36 27 27 8 8 8 4 12 12 12 12 14 15 15 18 9 9 15 15 7 4 4 4 3 3 3 3 3 3 3 2 2 2 2 2 4 3 3 3
 17 17 25 33 33 47 41 41 27 27 27 4 4 3 9 9 15 15 12 19 19 21 15 15 11 11 7 5 5 5 4 4 4 4 4 3 3 3 3 3 4 4 5 4 4 2
 17 17 25 33 33 47 41 41 27 27 27 4 4 3 9 9 15 15 12 19 19 21 15 15 11 11 7 5 5 5 4 4 4 4 4 3 3 3 3 3 4 4 5 4 4 2
 16 16 21 33 33 53 35 35 24 24 24 5 5 5 8 8 12 12 19 27 27 21 15 15 8 8 4 5 5 7 6 6 5 5 5 4 4 4 4 4 5 5 6 3 3 2
 11 11 23 37 37 45 24 24 17 17 13 5 5 5 5 5 5 5 28 29 29 21 23 23 14 14 6 6 6 5 5 5 4 4 5 4 4 4 4 4 5 5 4 2 2 1
 11 11 23 37 37 45 24 24 17 17 13 5 5 5 5 5 5 5 28 29 29 21 23 23 14 14 6 6 6 5 5 5 4 4 5 4 4 4 4 4 5 5 4 2 2 1
 6 6 16 22 22 35 17 17 13 13 10 4 4 5 3 3 6 6 25 26 26 20 26 26 25 25 8 6 6 6 4 4 4 4 4 3 3 3 4 4 3 3 2 2 2 2
 6 6 16 22 22 35 17 17 13 13 10 4 4 5 3 3 6 6 25 26 26 20 26 26 25 25 8 6 6 6 4 4 4 4 4 3 3 3 4 4 3 3 2 2 2 2
 4 4 7 19 19 21 9 9 8 8 6 6 6 2 3 3 6 6 15 18 18 7 14 14 5 5 5 5 5 5 8 8 3 3 3 3 3 3 3 3 2 2 1 2 2 2
 3 3 6 16 16 13 10 10 7 7 4 4 4 4 4 4 8 8 12 6 6 7 6 6 4 4 5 4 4 4 4 4 3 3 4 3 3 3 2 2 2 2 1 2 2 1
 3 3 6 16 16 13 10 10 7 7 4 4 4 4 4 4 8 8 12 6 6 7 6 6 4 4 5 4 4 4 4 4 3 3 4 3 3 3 2 2 2 2 1 2 2 1
 6 6 6 14 14 6 4 4 4 4 3 3 3 2 8 8 20 20 14 9 9 6 4 4 5 5 5 5 5 4 4 4 3 3 3 5 5 4 2 2 2 2 2 2 2 1
 8 8 8 11 11 2 2 2 3 3 3 3 3 4 6 6 11 11 27 10 10 4 4 4 4 4 3 4 4 5 5 5 3 3 5 4 4 2 2 2 2 2 2 2 2 1
 8 8 8 11 11 2 2 2 3 3 3 3 3 4 6 6 11 11 27 10 10 4 4 4 4 4 3 4 4 5 5 5 3 3 5 4 4 2 2 2 2 2 2 2 2 1
 6 6 6 8 8 2 1 1 2 2 2 3 3 4 4 4 15 15 19 8 8 3 4 4 4 4 3 2 2 3 3 3 3 3 4 4 4 3 2 2 3 3 2 1 1 1
 6 6 6 8 8 2 1 1 2 2 2 3 3 4 4 4 15 15 19 8 8 3 4 4 4 4 3 2 2 3 3 3 3 3 4 4 4 3 2 2 3 3 2 1 1 1
 8 8 3 4 4 1 1 1 2 2 2 4 4 6 7 7 14 14 13 3 3 3 3 3 4 4 4 4 4 3 3 3 3 3 5 5 5 4 3 3 2 2 2 1 1 1
 4 4 2 2 2 2 0 0 2 2 2 3 3 8 10 10 7 7 6 6 6 2 10 10 7 7 7 6 6 3 3 3 5 5 4 5 5 4 3 3 3 3 2 1 1 1
 4 4 2 2 2 2 0 0 2 2 2 3 3 8 10 10 7 7 6 6 6 2 10 10 7 7 7 6 6 3 3 3 5 5 4 5 5 4 3 3 3 3 2 1 1 1
 1 1 0 1 1 1 1 1 1 1 3 3 3 8 9 9 7 7 5 2 2 2 10 10 9 9 9 4 4 3 3 3 3 3 5 6 6 4 3 3 2 2 2 1 1 1
 1 1 0 1 1 0 0 0 1 1 4 3 3 12 11 11 9 9 3 3 3 3 4 4 7 7 5 3 3 2 3 3 2 2 2 3 3 4 3 3 2 2 2 1 1 1
 1 1 0 1 1 0 0 0 1 1 4 3 3 12 11 11 9 9 3 3 3 3 4 4 7 7 5 3 3 2 3 3 2 2 2 3 3 4 3 3 2 2 2 1 1 1
 2 2 0 0 0 0 1 1 1 1 5 5 5 16 15 15 10 10 6 4 4 4 4 4 3 3 3 3 3 2 3 3 3 3 3 3 3 4 3 3 2 2 2 2 2 2
 2 2 0 0 0 0 1 1 1 1 5 5 5 16 15 15 10 10 6 4 4 4 4 4 3 3 3 3 3 2 3 3 3 3 3 3 3 4 3 3 2 2 2 2 2 2
 2 2 1 1 1 0 2 2 2 2 4 5 5 7 13 13 4 4 3 4 4 3 2 2 1 1 2 2 2 2 3 3 3 3 4 4 4 3 3 3 3 3 3 3 3 3
 1 1 1 1 1 1 1 1 2 2 3 5 5 6 10 10 8 8 3 2 2 1 2 2 1 1 1 2 2 1 1 1 2 2 4 4 4 2 3 3 5 5 5 4 4 3
 1 1 1 1 1 1 1 1 2 2 3 5 5 6 10 10 8 8 3 2 2 1 2 2 1 1 1 2 2 1 1 1 2 2 4 4 4 2 3 3 5 5 5 4 4 3
 1 1 1 1 1 1 1 1 2 2 3 3 3 5 6 6 7 7 6 2 2 2 2 2 1 1 2 1 1 1 2 2 4 4 6 4 4 3 5 5 7 7 6 4 4 3
 1 1 1 0 0 1 1 1 2 2 2 2 2 4 5 5 4 4 2 1 1 0 0 0 1 1 1 2 2 3 3 3 3 3 5 5 5 6 7 7 7 7 6 4 4 3
 1 1 1 0 0 1 1 1 2 2 2 2 2 4 5 5 4 4 2 1 1 0 0 0 1 1 1 2 2 3 3 3 3 3 5 5 5 6 7 7 7 7 6 4 4 3
 1 1 1 1 1 1 2 2 2 2 2 1 1 2 2 2 2 2 2 1 1 0 0 0 1 1 1 4 4 8 4 4 4 4 6 6 6 8 8 8 6 6 4 3 3 2
 1 1 1 1 1 1 2 2 2 2 2 1 1 2 2 2 2 2 2 1 1 0 0 0 1 1 1 4 4 8 4 4 4 4 6 6 6 8 8 8 6 6 4 3 3 2
 1 1 1 1 1 2 2 2 1 1 2 1 1 1 2 2 2 2 1 1 1 1 1 1 1 1 3 4 4 5 5 5 5 5 6 9 9 9 8 8 5 5 4 2 2 1
 2 2 2 2 2 2 2 2 1 1 2 2 2 1 1 1 1 1 1 1 1 1 1 1 2 2 3 4 4 7 6 6 7 7 8 9 9 7 5 5 4 4 3 2 2 1
 2 2 2 2 2 2 2 2 1 1 2 2 2 1 1 1 1 1 1 1 1 1 1 1 2 2 3 4 4 7 6 6 7 7 8 9 9 7 5 5 4 4 3 2 2 1
 2 2 2 2 2 2 2 2 1 1 1 2 2 2 2 2 2 2 1 1 1 1 2 2 3 3 4 5 5 5 8 8 10 10 9 7 7 5 4 4 4 4 3 2 2 1
 2 2 2 3 3 2 2 2 2 2 2 3 3 1 1 1 1 1 1 2 2 3 5 5 4 4 5 5 5 7 8 8 10 10 8 5 5 4 3 3 3 3 2 2 2 1
 2 2 2 3 3 2 2 2 2 2 2 3 3 1 1 1 1 1 1 2 2 3 5 5 4 4 5 5 5 7 8 8 10 10 8 5 5 4 3 3 3 3 2 2 2 1
 2 2 2 2 2 2 2 2 2 2 2 1 1 1 1 1 4 4 3 4 4 3 5 5 5 5 6 7 7 8 8 8 9 9 6 5 5 4 4 4 3 3 2 2 2 1
 2 2 2 2 2 2 2 2 2 2 2 1 1 1 1 1 4 4 3 4 4 3 5 5 5 5 6 7 7 8 8 8 9 9 6 5 5 4 4 4 3 3 2 2 2 1
 1 1 1 2 2 2 2 2 2 2 1 0 0 0 1 1 3 3 3 3 3 3 6 6 8 8 10 8 8 7 6 6 5 5 5 5 5 4 4 4 3 3 2 1 1 0
 0 0 1 2 2 2 2 2 2 2 2 1 1 1 2 2 2 2 2 3 3 4 6 6 8 8 9 6 6 5 4 4 4 4 4 4 4 4 4 4 3 3 1 0 0 0
 0 0 1 2 2 2 2 2 2 2 2 1 1 1 2 2 2 2 2 3 3 4 6 6 8 8 9 6 6 5 4 4 4 4 4 4 4 4 4 4 3 3 1 0 0 0
 0 0 1 0 0 1 2 2 1 1 1 1 1 1 1 1 2 2 2 5 5 7 8 8 8 8 7 4 4 4 3 3 3 3 3 4 4 3 3 3 2 2 1 0 0 0
 0 0 0 0 0 0 1 1 2 2 2 1 1 2 1 1 2 2 3 6 6 8 9 9 10 10 6 4 4 3 3 3 3 3 3 3 3 3 1 1 1 1 0 0 0 0
