assets/RAT_results_old/precipitation/2017-09-04_IMERG.asc
ncols        46
nrows        77
xllcorner    74.800261325624
yllcorner    8.058333333333
cellsize     0.062500000000
NODATA_value -9999
 1 1 3 1 1 1 2 2 3 3 3 2 2 3 3 3 1 1 2 2 2 4 4 4 4 4 2 1 1 1 0 0 0 0 0 0 0 0 0 0 0 0 1 4 4 1
 2 2 2 2 2 3 3 3 4 4 7 6 6 5 3 3 2 2 2 3 3 1 0 0 0 0 1 0 0 0 1 1 0 0 2 3 3 2 1 1 3 3 0 1 1 1
 2 2 2 2 2 3 3 3 4 4 7 6 6 5 3 3 2 2 2 3 3 1 0 0 0 0 1 0 0 0 1 1 0 0 2 3 3 2 1 1 3 3 0 1 1 1
 2 2 2 3 3 5 5 5 6 6 11 11 11 22 9 9 4 4 5 6 6 2 1 1 1 1 1 0 0 0 1 1 1 1 1 1 1 2 1 1 3 3 0 0 0 2
 2 2 2 3 3 5 6 6 9 9 11 12 12 8 4 4 3 3 3 5 5 4 4 4 1 1 0 0 0 0 2 2 3 3 1 1 1 1 0 0 1 1 0 0 0 0
 2 2 2 3 3 5 6 6 9 9 11 12 12 8 4 4 3 3 3 5 5 4 4 4 1 1 0 0 0 0 2 2 3 3 1 1 1 1 0 0 1 1 0 0 0 0
 2 2 1 3 3 7 5 5 8 8 11 9 9 4 7 7 5 5 7 5 5 5 1 1 0 0 0 0 0 0 0 0 5 5 3 0 0 0 0 0 0 0 0 0 0 0
 2 2 1 3 3 7 5 5 8 8 11 9 9 4 7 7 5 5 7 5 5 5 1 1 0 0 0 0 0 0 0 0 5 5 3 0 0 0 0 0 0 0 0 0 0 0
 3 3 5 5 5 8 6 6 6 6 8 7 7 6 11 11 11 11 11 7 7 5 4 4 6 6 8 3 3 6 1 1 1 1 0 0 0 0 0 0 0 0 0 0 0 0
 5 5 4 17 17 23 17 17 9 9 11 10 10 13 11 11 13 13 14 16 16 8 10 10 23 23 13 3 3 3 4 4 9 9 5 4 4 2 0 0 1 1 1 0 0 0
 5 5 4 17 17 23 17 17 9 9 11 10 10 13 11 11 13 13 14 16 16 8 10 10 23 23 13 3 3 3 4 4 9 9 5 4 4 2 0 0 1 1 1 0 0 0
 6 6 9 27 27 23 24 24 18 18 21 24 24 19 16 16 13 13 16 10 10 17 12 12 18 18 26 2 2 2 1 1 2 2 6 5 5 1 1 1 0 0 0 0 0 0
 3 3 10 35 35 44 31 31 26 26 56 115 115 43 31 31 26 26 25 15 15 14 12 12 30 30 24 5 5 6 5 5 3 3 2 2 2 3 3 3 1 1 2 1 1 1
 3 3 10 35 35 44 31 31 26 26 56 115 115 43 31 31 26 26 25 15 15 14 12 12 30 30 24 5 5 6 5 5 3 3 2 2 2 3 3 3 1 1 2 1 1 1
 4 4 6 11 11 30 40 40 61 61 62 136 136 52 66 66 46 46 37 26 26 14 15 15 13 13 33 28 28 14 30 30 73 73 7 6 6 8 4 4 1 1 1 1 1 4
 4 4 6 11 11 30 40 40 61 61 62 136 136 52 66 66 46 46 37 26 26 14 15 15 13 13 33 28 28 14 30 30 73 73 7 6 6 8 4 4 1 1 1 1 1 4
 4 4 4 10 10 29 38 38 50 50 53 47 47 44 92 92 87 87 45 39 39 30 26 26 22 22 18 31 31 25 29 29 16 16 7 6 6 8 3 3 1 1 1 3 3 1
 3 3 5 5 5 8 12 12 36 36 36 42 42 48 66 66 59 59 69 46 46 34 29 29 21 21 20 17 17 22 25 25 11 11 12 8 8 7 5 5 1 1 3 6 6 5
 3 3 5 5 5 8 12 12 36 36 36 42 42 48 66 66 59 59 69 46 46 34 29 29 21 21 20 17 17 22 25 25 11 11 12 8 8 7 5 5 1 1 3 6 6 5
 3 3 3 5 5 6 10 10 20 20 29 38 38 45 68 68 46 46 40 44 44 42 38 38 25 25 24 21 21 26 20 20 10 10 10 8 8 8 14 14 7 7 13 14 14 7
 3 3 3 4 4 5 7 7 14 14 13 27 27 43 50 50 66 66 34 38 38 43 47 47 30 30 32 29 29 25 25 25 15 15 13 10 10 13 26 26 12 12 13 17 17 9
 3 3 3 4 4 5 7 7 14 14 13 27 27 43 50 50 66 66 34 38 38 43 47 47 30 30 32 29 29 25 25 25 15 15 13 10 10 13 26 26 12 12 13 17 17 9
 3 3 4 6 6 5 7 7 9 9 10 13 13 27 35 35 31 31 19 20 20 37 104 104 43 43 51 28 28 38 34 34 24 24 18 18 18 15 13 13 15 15 11 10 10 7
 3 3 4 6 6 5 7 7 9 9 10 13 13 27 35 35 31 31 19 20 20 37 104 104 43 43 51 28 28 38 34 34 24 24 18 18 18 15 13 13 15 15 11 10 10 7
 3 3 6 7 7 6 15 15 16 16 11 12 12 21 30 30 49 49 34 32 32 36 116 116 39 39 48 28 28 36 27 27 23 23 18 15 15 9 9 9 45 45 62 13 13 11
 3 3 6 6 6 7 7 7 8 8 8 9 9 10 22 22 22 22 27 25 25 39 27 27 41 41 31 37 37 26 18 18 19 19 19 15 15 37 16 16 70 70 134 34 34 18
 3 3 6 6 6 7 7 7 8 8 8 9 9 10 22 22 22 22 27 25 25 39 27 27 41 41 31 37 37 26 18 18 19 19 19 15 15 37 16 16 70 70 134 34 34 18
 4 4 6 7 7 10 7 7 8 8 8 11 11 11 14 14 23 23 18 16 16 21 20 20 30 30 25 31 31 31 42 42 36 36 31 78 78 36 29 29 38 38 74 53 53 20
 5 5 4 4 4 3 3 3 5 5 5 4 4 7 15 15 23 23 22 14 14 18 32 32 25 25 26 28 28 34 51 51 47 47 41 146 146 150 136 136 28 28 46 57 57 26
 5 5 4 4 4 3 3 3 5 5 5 4 4 7 15 15 23 23 22 14 14 18 32 32 25 25 26 28 28 34 51 51 47 47 41 146 146 150 136 136 28 28 46 57 57 26
 1 1 2 2 2 3 3 3 3 3 3 3 3 5 10 10 16 16 22 30 30 27 34 34 29 29 28 33 33 31 43 43 43 43 27 135 135 138 89 89 84 84 79 56 56 30
 1 1 2 2 2 3 3 3 3 3 3 3 3 5 10 10 16 16 22 30 30 27 34 34 29 29 28 33 33 31 43 43 43 43 27 135 135 138 89 89 84 84 79 56 56 30
 1 1 1 3 3 2 3 3 2 2 5 4 4 4 11 11 14 14 17 21 21 21 31 31 33 33 30 34 34 31 43 43 54 54 56 55 55 32 48 48 40 40 59 42 42 20
 1 1 1 1 1 2 2 2 3 3 3 5 5 3 10 10 11 11 15 18 18 21 27 27 22 22 25 22 22 30 33 33 48 48 43 44 44 54 27 27 31 31 30 34 34 20
 1 1 1 1 1 2 2 2 3 3 3 5 5 3 10 10 11 11 15 18 18 21 27 27 22 22 25 22 22 30 33 33 48 48 43 44 44 54 27 27 31 31 30 34 34 20
 1 1 1 1 1 1 2 2 2 2 2 2 2 5 5 5 10 10 14 14 14 14 19 19 32 32 24 21 21 21 37 37 40 40 42 40 40 47 31 31 41 41 27 28 28 26
 0 0 1 1 1 1 1 1 1 1 2 1 1 3 4 4 17 17 13 14 14 14 21 21 22 22 36 19 19 31 44 44 41 41 39 35 35 34 36 36 27 27 24 33 33 18
 0 0 1 1 1 1 1 1 1 1 2 1 1 3 4 4 17 17 13 14 14 14 21 21 22 22 36 19 19 31 44 44 41 41 39 35 35 34 36 36 27 27 24 33 33 18
 0 0 1 1 1 1 2 2 4 4 1 5 5 3 5 5 15 15 20 27 27 25 26 26 27 27 38 23 23 35 29 29 20 20 25 24 24 20 29 29 41 41 34 27 27 22
 0 0 1 1 1 1 2 2 4 4 1 5 5 3 5 5 15 15 20 27 27 25 26 26 27 27 38 23 23 35 29 29 20 20 25 24 24 20 29 29 41 41 34 27 27 22
 0 0 0 1 1 1 2 2 4 4 2 4 4 6 13 13 15 15 14 25 25 27 22 22 23 23 25 23 23 27 20 20 17 17 28 25 25 28 30 30 25 25 32 38 38 67
 0 0 0 0 0 4 1 1 5 5 2 6 6 7 14 14 12 12 13 18 18 21 20 20 21 21 21 17 17 20 19 19 22 22 21 23 23 29 26 26 22 22 34 33 33 61
 0 0 0 0 0 4 1 1 5 5 2 6 6 7 14 14 12 12 13 18 18 21 20 20 21 21 21 17 17 20 19 19 22 22 21 23 23 29 26 26 22 22 34 33 33 61
 0 0 0 0 0 1 2 2 1 1 1 4 4 5 12 12 11 11 15 11 11 22 21 21 12 12 12 9 9 14 19 19 20 20 19 17 17 28 21 21 25 25 22 26 26 54
 0 0 0 1 1 4 1 1 2 2 2 3 3 2 4 4 4 4 13 10 10 43 27 27 34 34 16 17 17 13 18 18 25 25 15 18 18 20 16 16 20 20 19 27 27 25
 0 0 0 1 1 4 1 1 2 2 2 3 3 2 4 4 4 4 13 10 10 43 27 27 34 34 16 17 17 13 18 18 25 25 15 18 18 20 16 16 20 20 19 27 27 25
 0 0 0 0 0 1 1 1 1 1 1 3 3 1 3 3 3 3 4 7 7 8 13 13 27 27 19 22 22 22 32 32 25 25 16 13 13 10 8 8 14 14 14 22 22 22
 0 0 0 0 0 1 1 1 1 1 1 3 3 1 3 3 3 3 4 7 7 8 13 13 27 27 19 22 22 22 32 32 25 25 16 13 13 10 8 8 14 14 14 22 22 22
 0 0 0 0 0 2 1 1 1 1 1 2 2 2 2 2 2 2 3 4 4 5 10 10 20 20 26 16 16 15 16 16 19 19 19 9 9 14 16 16 14 14 20 16 16 16
 0 0 0 0 0 1 1 1 0 0 1 1 1 1 2 2 1 1 2 2 2 3 4 4 8 8 17 23 23 21 23 23 24 24 17 13 13 16 19 19 15 15 14 15 15 15
 0 0 0 0 0 1 1 1 0 0 1 1 1 1 2 2 1 1 2 2 2 3 4 4 8 8 17 23 23 21 23 23 24 24 17 13 13 16 19 19 15 15 14 15 15 15
 1 1 0 1 1 1 1 1 1 1 1 1 1 1 1 1 2 2 2 2 2 2 6 6 12 12 16 14 14 12 15 15 18 18 18 12 12 15 11 11 10 10 6 1 1 3
 1 1 0 1 1 1 1 1 1 1 1 1 1 1 1 1 3 3 2 2 2 14 14 14 15 15 10 8 8 9 10 10 10 10 10 10 10 13 16 16 12 12 11 2 2 2
 1 1 0 1 1 1 1 1 1 1 1 1 1 1 1 1 3 3 2 2 2 14 14 14 15 15 10 8 8 9 10 10 10 10 10 10 10 13 16 16 12 12 11 2 2 2
 1 1 1 1 1 1 1 1 1 1 1 2 2 1 3 3 3 3 2 3 3 15 12 12 23 23 14 15 15 6 6 6 4 4 15 3 3 9 13 13 12 12 15 4 4 1
 1 1 1 1 1 1 1 1 1 1 1 2 2 1 3 3 3 3 2 3 3 15 12 12 23 23 14 15 15 6 6 6 4 4 15 3 3 9 13 13 12 12 15 4 4 1
 1 1 1 1 1 1 1 1 1 1 1 1 1 1 1 1 2 2 3 2 2 3 5 5 20 20 23 17 17 6 6 6 4 4 8 8 8 11 8 8 19 19 31 21 21 3
 1 1 2 1 1 1 1 1 1 1 1 1 1 1 1 1 1 1 2 2 2 2 3 3 10 10 14 15 15 9 9 9 6 6 5 6 6 10 12 12 68 68 31 48 48 48
 1 1 2 1 1 1 1 1 1 1 1 1 1 1 1 1 1 1 2 2 2 2 3 3 10 10 14 15 15 9 9 9 6 6 5 6 6 10 12 12 68 68 31 48 48 48
 0 0 0 0 0 1 0 0 0 0 0 0 0 0 0 0 0 0 1 1 1 1 1 1 1 1 7 23 23 17 9 9 6 6 12 11 11 9 16 16 15 15 25 57 57 47
 0 0 0 0 0 0 0 0 0 0 0 0 0 1 1 1 1 1 1 1 1 1 1 1 1 1 4 7 7 13 13 13 16 16 12 12 12 11 8 8 17 17 30 54 54 19
 0 0 0 0 0 0 0 0 0 0 0 0 0 1 1 1 1 1 1 1 1 1 1 1 1 1 4 7 7 13 13 13 16 16 12 12 12 11 8 8 17 17 30 54 54 19
 1 1 2 0 0 0 0 0 0 0 0 0 0 0 0 0 0 0 1 0 0 0 1 1 1 1 1 4 4 10 11 11 12 12 16 55 55 32 8 8 12 12 16 26 26 13
 1 1 2 0 0 0 0 0 0 0 0 0 0 0 0 0 0 0 1 0 0 0 1 1 1 1 1 4 4 10 11 11 12 12 16 55 55 32 8 8 12 12 16 26 26 13
 5 5 4 1 1 1 0 0 0 0 0 0 0 0 0 0 0 0 0 0 0 0 1 1 0 0 2 2 2 4 10 10 12 12 9 33 33 18 10 10 2 2 20 19 19 4
 2 2 4 2 2 1 0 0 0 0 0 0 0 0 0 0 0 0 0 0 0 0 0 0 0 0 2 2 2 3 3 3 12 12 16 21 21 18 4 4 0 0 1 0 0 4
 2 2 4 2 2 1 0 0 0 0 0 0 0 0 0 0 0 0 0 0 0 0 0 0 0 0 2 2 2 3 3 3 12 12 16 21 21 18 4 4 0 0 1 0 0 4
 0 0 1 2 2 0 0 0 0 0 0 0 0 1 0 0 0 0 0 0 0 0 0 0 0 0 2 0 0 3 3 3 4 4 7 10 10 17 9 9 4 4 2 1 1 3
 0 0 0 0 0 0 0 0 1 1 1 1 1 0 0 0 0 0 0 0 0 0 0 0 0 0 0 0 0 4 2 2 4 4 4 3 3 8 9 9 9 9 4 2 2 2
 0 0 0 0 0 0 0 0 1 1 1 1 1 0 0 0 0 0 0 0 0 0 0 0 0 0 0 0 0 4 2 2 4 4 4 3 3 8 9 9 9 9 4 2 2 2
 0 0 0 0 0 0 0 0 0 0 1 0 0 0 1 1 0 0 0 0 0 0 0 0 0 0 0 0 0 2 3 3 3 3 3 5 5 9 7 7 3 3 3 1 1 1
 0 0 0 0 0 0 0 0 0 0 1 0 0 0 1 1 0 0 0 0 0 0 0 0 0 0 0 0 0 2 3 3 3 3 3 5 5 9 7 7 3 3 3 1 1 1
 0 0 0 0 0 0 0 0 0 0 0 0 0 0 0 0 0 0 0 0 0 0 0 0 0 0 0 0 0 2 2 2 3 3 4 4 4 3 3 3 1 1 0 5 5 9
 0 0 0 0 0 0 0 0 0 0 0 0 0 0 0 0 0 0 0 0 0 0 0 0 0 0 0 0 0 0 0 0 2 2 1 1 1 8 7 7 1 1 1 1 1 0
 0 0 0 0 0 0 0 0 0 0 0 0 0 0 0 0 0 0 0 0 0 0 0 0 0 0 0 0 0 0 0 0 2 2 1 1 1 8 7 7 1 1 1 1 1 0
 0 0 0 0 0 0 0 0 0 0 0 0 0 0 0 0 0 0 0 0 0 0 0 0 0 0 1 0 0 0 0 0 1 1 1 2 2 6 3 3 7 7 2 1 1 1
 0 0 0 0 0 0 0 0 0 0 0 0 0 0 0 0 0 0 0 0 0 0 0 0 0 0 0 0 0 1 0 0 0 0 0 0 0 2 2 2 5 5 3 5 5 0
