assets/RAT_results_old/precipitation/2017-09-11_IMERG.asc
ncols        46
nrows        77
xllcorner    74.800261325624
yllcorner    8.058333333333
cellsize     0.062500000000
NODATA_value -9999
 1 1 5 0 0 0 0 0 0 0 0 0 0 0 0 0 0 0 0 0 0 0 0 0 0 0 0 0 0 0 0 0 0 0 0 0 0 0 0 0 0 0 0 0 0 0
 1 1 1 0 0 0 0 0 0 0 0 0 0 0 0 0 0 0 0 0 0 0 0 0 0 0 0 0 0 0 0 0 0 0 0 0 0 0 0 0 0 0 0 0 0 0
 1 1 1 0 0 0 0 0 0 0 0 0 0 0 0 0 0 0 0 0 0 0 0 0 0 0 0 0 0 0 0 0 0 0 0 0 0 0 0 0 0 0 0 0 0 0
 2 2 1 1 1 0 1 1 1 1 0 0 0 0 0 0 0 0 0 0 0 3 0 0 0 0 0 0 0 0 0 0 0 0 0 0 0 0 0 0 0 0 0 0 0 0
 1 1 2 1 1 1 0 0 0 0 1 0 0 0 0 0 0 0 0 0 0 0 0 0 0 0 0 0 0 0 0 0 0 0 0 0 0 0 0 0 0 0 0 0 0 0
 1 1 2 1 1 1 0 0 0 0 1 0 0 0 0 0 0 0 0 0 0 0 0 0 0 0 0 0 0 0 0 0 0 0 0 0 0 0 0 0 0 0 0 0 0 0
 1 1 0 1 1 1 0 0 0 0 0 0 0 0 0 0 0 0 0 0 0 0 0 0 0 0 0 0 0 0 0 0 0 0 0 0 0 0 0 0 0 0 0 0 0 0
 1 1 0 1 1 1 0 0 0 0 0 0 0 0 0 0 0 0 0 0 0 0 0 0 0 0 0 0 0 0 0 0 0 0 0 0 0 0 0 0 0 0 0 0 0 0
 0 0 0 1 1 3 2 2 0 0 0 0 0 0 0 0 0 0 0 1 1 0 0 0 0 0 2 1 1 0 0 0 0 0 0 0 0 2 0 0 0 0 0 0 0 0
 1 1 0 1 1 1 0 0 0 0 0 0 0 0 0 0 0 0 1 0 0 0 0 0 0 0 1 0 0 0 0 0 0 0 0 0 0 4 0 0 0 0 0 0 0 0
 1 1 0 1 1 1 0 0 0 0 0 0 0 0 0 0 0 0 1 0 0 0 0 0 0 0 1 0 0 0 0 0 0 0 0 0 0 4 0 0 0 0 0 0 0 0
 1 1 1 0 0 1 1 1 0 0 0 0 0 0 0 0 0 0 0 0 0 0 0 0 2 2 0 0 0 1 0 0 0 0 0 2 2 2 2 2 0 0 2 2 2 0
 1 1 1 1 1 1 1 1 1 1 0 1 1 0 0 0 0 0 0 0 0 0 2 2 0 0 0 1 1 1 0 0 0 0 0 0 0 0 5 5 1 1 31 15 15 0
 1 1 1 1 1 1 1 1 1 1 0 1 1 0 0 0 0 0 0 0 0 0 2 2 0 0 0 1 1 1 0 0 0 0 0 0 0 0 5 5 1 1 31 15 15 0
 1 1 1 2 2 1 2 2 2 2 1 1 1 1 0 0 0 0 0 0 0 1 0 0 0 0 0 0 0 0 0 0 0 0 0 0 0 0 1 1 3 3 4 8 8 0
 1 1 1 2 2 1 2 2 2 2 1 1 1 1 0 0 0 0 0 0 0 1 0 0 0 0 0 0 0 0 0 0 0 0 0 0 0 0 1 1 3 3 4 8 8 0
 2 2 4 2 2 3 2 2 3 3 3 1 1 1 0 0 0 0 0 0 0 3 3 3 2 2 0 0 0 0 0 0 0 0 0 0 0 1 1 1 0 0 0 1 1 0
 4 4 20 3 3 3 5 5 8 8 7 3 3 1 0 0 0 0 0 0 0 0 1 1 1 1 1 0 0 0 2 2 0 0 0 0 0 1 1 1 1 1 1 0 0 2
 4 4 20 3 3 3 5 5 8 8 7 3 3 1 0 0 0 0 0 0 0 0 1 1 1 1 1 0 0 0 2 2 0 0 0 0 0 1 1 1 1 1 1 0 0 2
 5 5 33 7 7 11 18 18 16 16 7 7 7 3 1 1 0 0 0 0 0 0 0 0 1 1 1 0 0 0 0 0 0 0 0 1 1 1 1 1 1 1 2 0 0 0
 6 6 13 18 18 25 42 42 13 13 8 8 8 7 5 5 1 1 1 0 0 0 1 1 1 1 0 1 1 1 1 1 0 0 0 1 1 1 1 1 0 0 1 0 0 0
 6 6 13 18 18 25 42 42 13 13 8 8 8 7 5 5 1 1 1 0 0 0 1 1 1 1 0 1 1 1 1 1 0 0 0 1 1 1 1 1 0 0 1 0 0 0
 8 8 17 31 31 50 68 68 67 67 27 19 19 11 9 9 3 3 1 1 1 0 0 0 0 0 0 1 1 3 1 1 0 0 0 0 0 0 0 0 0 0 0 0 0 0
 8 8 17 31 31 50 68 68 67 67 27 19 19 11 9 9 3 3 1 1 1 0 0 0 0 0 0 1 1 3 1 1 0 0 0 0 0 0 0 0 0 0 0 0 0 0
 13 13 18 22 22 54 93 93 63 63 51 25 25 26 14 14 6 6 5 2 2 0 0 0 0 0 1 1 1 0 1 1 1 1 0 0 0 0 0 0 0 0 0 0 0 0
 11 11 19 26 26 71 61 61 50 50 41 42 42 106 23 23 16 16 13 3 3 1 1 1 1 1 1 1 1 1 3 3 0 0 0 0 0 0 0 0 0 0 0 0 0 0
 11 11 19 26 26 71 61 61 50 50 41 42 42 106 23 23 16 16 13 3 3 1 1 1 1 1 1 1 1 1 3 3 0 0 0 0 0 0 0 0 0 0 0 0 0 0
 12 12 16 22 22 22 22 22 39 39 73 82 82 89 40 40 19 19 16 5 5 2 1 1 1 1 1 0 0 1 0 0 0 0 0 0 0 0 0 0 0 0 0 0 0 0
 10 10 7 14 14 12 23 23 25 25 69 140 140 81 18 18 12 12 11 10 10 1 4 4 3 3 3 0 0 0 0 0 0 0 0 0 0 0 0 0 0 0 0 0 0 0
 10 10 7 14 14 12 23 23 25 25 69 140 140 81 18 18 12 12 11 10 10 1 4 4 3 3 3 0 0 0 0 0 0 0 0 0 0 0 0 0 0 0 0 0 0 0
 7 7 9 12 12 29 31 31 47 47 86 142 142 90 13 13 11 11 9 6 6 4 6 6 5 5 7 0 0 4 0 0 0 0 0 0 0 0 0 0 0 0 0 0 0 0
 7 7 9 12 12 29 31 31 47 47 86 142 142 90 13 13 11 11 9 6 6 4 6 6 5 5 7 0 0 4 0 0 0 0 0 0 0 0 0 0 0 0 0 0 0 0
 15 15 13 13 13 45 48 48 43 43 90 93 93 78 17 17 8 8 9 13 13 61 6 6 4 4 4 0 0 4 1 1 1 1 0 0 0 0 0 0 0 0 0 0 0 0
 10 10 13 13 13 44 46 46 57 57 111 114 114 44 25 25 4 4 7 8 8 33 3 3 3 3 0 0 0 3 2 2 1 1 0 0 0 0 0 0 0 0 0 0 0 0
 10 10 13 13 13 44 46 46 57 57 111 114 114 44 25 25 4 4 7 8 8 33 3 3 3 3 0 0 0 3 2 2 1 1 0 0 0 0 0 0 0 0 0 0 0 0
 18 18 11 21 21 18 17 17 19 19 41 19 19 41 23 23 5 5 7 8 8 12 8 8 6 6 2 0 0 0 1 1 0 0 0 1 1 3 3 3 0 0 0 0 0 0
 8 8 8 12 12 14 48 48 31 31 18 23 23 15 21 21 3 3 2 7 7 5 7 7 5 5 2 0 0 0 2 2 0 0 0 1 1 1 3 3 0 0 0 0 0 0
 8 8 8 12 12 14 48 48 31 31 18 23 23 15 21 21 3 3 2 7 7 5 7 7 5 5 2 0 0 0 2 2 0 0 0 1 1 1 3 3 0 0 0 0 0 0
 6 6 7 10 10 12 13 13 11 11 38 15 15 16 14 14 5 5 2 9 9 4 4 4 4 4 3 2 2 3 1 1 1 1 0 0 0 0 0 0 0 0 0 1 1 1
 6 6 7 10 10 12 13 13 11 11 38 15 15 16 14 14 5 5 2 9 9 4 4 4 4 4 3 2 2 3 1 1 1 1 0 0 0 0 0 0 0 0 0 1 1 1
 4 4 7 9 9 12 6 6 11 11 13 8 8 6 7 7 2 2 2 4 4 3 2 2 2 2 1 1 1 0 0 0 1 1 1 0 0 1 0 0 0 0 1 1 1 2
 4 4 9 9 9 15 36 36 22 22 10 6 6 5 6 6 4 4 4 2 2 2 2 2 2 2 1 1 1 0 0 0 0 0 0 0 0 0 0 0 0 0 0 4 4 3
 4 4 9 9 9 15 36 36 22 22 10 6 6 5 6 6 4 4 4 2 2 2 2 2 2 2 1 1 1 0 0 0 0 0 0 0 0 0 0 0 0 0 0 4 4 3
 5 5 9 10 10 12 23 23 21 21 5 4 4 7 6 6 5 5 6 3 3 2 1 1 2 2 2 1 1 13 9 9 2 2 1 0 0 2 0 0 0 0 0 1 1 3
 3 3 6 6 6 9 15 15 10 10 6 6 6 6 5 5 5 5 6 3 3 1 1 1 4 4 4 5 5 6 7 7 1 1 1 1 1 0 0 0 0 0 0 0 0 1
 3 3 6 6 6 9 15 15 10 10 6 6 6 6 5 5 5 5 6 3 3 1 1 1 4 4 4 5 5 6 7 7 1 1 1 1 1 0 0 0 0 0 0 0 0 1
 4 4 2 5 5 7 10 10 8 8 7 19 19 12 12 12 9 9 10 6 6 2 1 1 5 5 6 10 10 13 6 6 5 5 1 1 1 1 0 0 1 1 0 0 0 1
 4 4 2 5 5 7 10 10 8 8 7 19 19 12 12 12 9 9 10 6 6 2 1 1 5 5 6 10 10 13 6 6 5 5 1 1 1 1 0 0 1 1 0 0 0 1
 4 4 2 2 2 6 7 7 24 24 10 18 18 20 41 41 14 14 10 6 6 4 2 2 4 4 7 6 6 14 5 5 5 5 1 1 1 1 1 1 1 1 1 0 0 2
 4 4 3 2 2 4 10 10 19 19 24 17 17 13 12 12 6 6 6 7 7 2 1 1 5 5 10 9 9 11 8 8 17 17 6 3 3 1 2 2 2 2 3 3 3 3
 4 4 3 2 2 4 10 10 19 19 24 17 17 13 12 12 6 6 6 7 7 2 1 1 5 5 10 9 9 11 8 8 17 17 6 3 3 1 2 2 2 2 3 3 3 3
 2 2 2 3 3 4 9 9 28 28 29 7 7 7 5 5 8 8 6 7 7 7 1 1 6 6 7 11 11 13 11 11 12 12 11 4 4 1 1 1 2 2 5 5 5 5
 1 1 2 3 3 4 7 7 8 8 6 4 4 5 5 5 4 4 6 6 6 5 1 1 5 5 6 6 6 17 15 15 17 17 4 9 9 0 3 3 4 4 5 5 5 4
 1 1 2 3 3 4 7 7 8 8 6 4 4 5 5 5 4 4 6 6 6 5 1 1 5 5 6 6 6 17 15 15 17 17 4 9 9 0 3 3 4 4 5 5 5 4
 0 0 1 2 2 3 7 7 2 2 3 8 8 5 5 5 4 4 5 6 6 5 1 1 4 4 12 12 12 39 29 29 14 14 0 0 0 3 13 13 5 5 3 6 6 3
 0 0 1 2 2 3 7 7 2 2 3 8 8 5 5 5 4 4 5 6 6 5 1 1 4 4 12 12 12 39 29 29 14 14 0 0 0 3 13 13 5 5 3 6 6 3
 0 0 0 0 0 3 4 4 1 1 3 1 1 6 4 4 4 4 6 3 3 4 3 3 6 6 12 13 13 48 17 17 14 14 2 11 11 4 13 13 5 5 1 5 5 3
 0 0 0 1 1 2 2 2 1 1 1 2 2 1 2 2 3 3 3 3 3 4 4 4 3 3 8 10 10 22 15 15 14 14 5 15 15 6 7 7 4 4 4 1 1 2
 0 0 0 1 1 2 2 2 1 1 1 2 2 1 2 2 3 3 3 3 3 4 4 4 3 3 8 10 10 22 15 15 14 14 5 15 15 6 7 7 4 4 4 1 1 2
 0 0 0 0 0 1 0 0 0 0 0 1 1 1 3 3 4 4 3 4 4 7 6 6 3 3 4 3 3 2 1 1 1 1 5 4 4 2 4 4 3 3 2 1 1 1
 0 0 0 0 0 0 0 0 0 0 0 0 0 0 1 1 2 2 2 4 4 5 2 2 2 2 0 3 3 5 0 0 0 0 0 4 4 4 0 0 2 2 1 1 1 0
 0 0 0 0 0 0 0 0 0 0 0 0 0 0 1 1 2 2 2 4 4 5 2 2 2 2 0 3 3 5 0 0 0 0 0 4 4 4 0 0 2 2 1 1 1 0
 0 0 0 0 0 0 0 0 0 0 0 1 1 0 0 0 1 1 3 2 2 5 2 2 0 0 3 5 5 6 1 1 2 2 2 0 0 1 1 1 1 1 1 0 0 0
 0 0 0 0 0 0 0 0 0 0 0 1 1 0 0 0 1 1 3 2 2 5 2 2 0 0 3 5 5 6 1 1 2 2 2 0 0 1 1 1 1 1 1 0 0 0
 1 1 0 0 0 0 0 0 0 0 0 0 0 0 0 0 0 0 1 1 1 4 4 4 1 1 4 16 16 13 6 6 6 6 25 6 6 1 0 0 0 0 0 0 0 0
 0 0 0 0 0 0 0 0 0 0 0 0 0 0 0 0 0 0 3 2 2 3 4 4 3 3 15 16 16 13 7 7 9 9 12 23 23 5 1 1 0 0 0 0 0 0
 0 0 0 0 0 0 0 0 0 0 0 0 0 0 0 0 0 0 3 2 2 3 4 4 3 3 15 16 16 13 7 7 9 9 12 23 23 5 1 1 0 0 0 0 0 0
 0 0 0 0 0 0 0 0 2 2 0 0 0 0 0 0 0 0 0 0 0 1 1 1 1 1 10 11 11 18 8 8 10 10 6 11 11 13 29 29 14 14 0 0 0 0
 0 0 0 0 0 1 1 1 0 0 0 1 1 0 0 0 0 0 0 0 0 0 1 1 1 1 10 12 12 18 5 5 11 11 7 5 5 6 8 8 5 5 0 0 0 0
 0 0 0 0 0 1 1 1 0 0 0 1 1 0 0 0 0 0 0 0 0 0 1 1 1 1 10 12 12 18 5 5 11 11 7 5 5 6 8 8 5 5 0 0 0 0
 0 0 0 0 0 1 0 0 0 0 3 3 3 1 0 0 0 0 0 0 0 1 1 1 0 0 1 2 2 4 3 3 8 8 6 1 1 0 0 0 5 5 16 0 0 0
 0 0 0 0 0 1 0 0 0 0 3 3 3 1 0 0 0 0 0 0 0 1 1 1 0 0 1 2 2 4 3 3 8 8 6 1 1 0 0 0 5 5 16 0 0 0
 0 0 1 0 0 0 1 1 1 1 2 2 2 0 0 0 0 0 0 0 0 0 0 0 0 0 0 1 1 1 0 0 0 0 1 3 3 3 1 1 0 0 2 0 0 0
 0 0 0 0 0 1 0 0 1 1 1 0 0 1 1 1 0 0 0 0 0 0 0 0 0 0 0 0 0 0 0 0 0 0 0 0 0 1 1 1 1 1 0 0 0 0
 0 0 0 0 0 1 0 0 1 1 1 0 0 1 1 1 0 0 0 0 0 0 0 0 0 0 0 0 0 0 0 0 0 0 0 0 0 1 1 1 1 1 0 0 0 0
 0 0 1 0 0 2 0 0 1 1 2 0 0 0 0 0 0 0 0 0 0 0 0 0 0 0 0 0 0 0 0 0 0 0 0 0 0 0 1 1 1 1 0 0 0 0
 0 0 0 0 0 0 0 0 0 0 2 0 0 1 0 0 0 0 0 0 0 0 0 0 0 0 0 0 0 0 0 0 1 1 0 0 0 0 2 2 0 0 1 0 0 0
