assets/RAT_results_old/precipitation/2017-05-11_IMERG.asc
ncols        46
nrows        77
xllcorner    74.800261325624
yllcorner    8.058333333333
cellsize     0.062500000000
NODATA_value -9999
 2 2 1 1 1 1 2 2 1 1 8 7 7 6 23 23 19 19 19 11 11 7 6 6 10 10 15 12 12 6 6 6 5 5 7 6 6 7 2 2 1 1 2 2 2 1
 3 3 2 1 1 2 4 4 4 4 2 8 8 6 13 13 11 11 13 5 5 4 11 11 15 15 13 2 2 1 4 4 3 3 7 2 2 2 1 1 0 0 4 2 2 2
 3 3 2 1 1 2 4 4 4 4 2 8 8 6 13 13 11 11 13 5 5 4 11 11 15 15 13 2 2 1 4 4 3 3 7 2 2 2 1 1 0 0 4 2 2 2
 2 2 3 3 3 2 3 3 3 3 2 3 3 8 6 6 3 3 5 9 9 28 13 13 24 24 23 2 2 1 8 8 9 9 12 1 1 0 1 1 0 0 0 3 3 2
 2 2 3 4 4 4 4 4 5 5 4 5 5 7 4 4 3 3 6 10 10 15 16 16 22 22 15 4 4 2 6 6 5 5 4 0 0 0 0 0 0 0 0 0 0 2
 2 2 3 4 4 4 4 4 5 5 4 5 5 7 4 4 3 3 6 10 10 15 16 16 22 22 15 4 4 2 6 6 5 5 4 0 0 0 0 0 0 0 0 0 0 2
 4 4 5 6 6 5 5 5 5 5 6 12 12 6 6 6 5 5 6 14 14 22 17 17 15 15 8 5 5 2 1 1 2 2 3 0 0 0 0 0 0 0 0 0 0 0
 4 4 5 6 6 5 5 5 5 5 6 12 12 6 6 6 5 5 6 14 14 22 17 17 15 15 8 5 5 2 1 1 2 2 3 0 0 0 0 0 0 0 0 0 0 0
 2 2 6 7 7 10 6 6 11 11 11 13 13 7 7 7 6 6 7 13 13 12 8 8 10 10 8 5 5 2 1 1 0 0 0 0 0 0 0 0 0 0 0 0 0 0
 6 6 11 14 14 11 12 12 14 14 11 13 13 10 11 11 9 9 10 15 15 13 6 6 7 7 6 3 3 2 1 1 0 0 0 0 0 0 0 0 0 0 0 0 0 0
 6 6 11 14 14 11 12 12 14 14 11 13 13 10 11 11 9 9 10 15 15 13 6 6 7 7 6 3 3 2 1 1 0 0 0 0 0 0 0 0 0 0 0 0 0 0
 9 9 16 17 17 11 11 11 8 8 14 22 22 20 10 10 19 19 9 9 9 8 11 11 9 9 6 5 5 2 1 1 0 0 0 0 0 0 0 0 0 0 0 0 0 0
 32 32 47 24 24 21 12 12 16 16 15 21 21 23 21 21 18 18 8 11 11 13 12 12 7 7 7 5 5 2 1 1 0 0 0 0 0 0 0 0 0 0 0 0 0 0
 32 32 47 24 24 21 12 12 16 16 15 21 21 23 21 21 18 18 8 11 11 13 12 12 7 7 7 5 5 2 1 1 0 0 0 0 0 0 0 0 0 0 0 0 0 0
 44 44 29 23 23 29 20 20 17 17 13 14 14 13 12 12 12 12 15 14 14 19 14 14 14 14 12 8 8 3 2 2 0 0 0 0 0 0 0 0 0 0 0 0 0 0
 44 44 29 23 23 29 20 20 17 17 13 14 14 13 12 12 12 12 15 14 14 19 14 14 14 14 12 8 8 3 2 2 0 0 0 0 0 0 0 0 0 0 0 0 0 0
 47 47 42 38 38 48 32 32 23 23 24 21 21 17 17 17 15 15 21 22 22 18 19 19 20 20 18 12 12 5 4 4 1 1 0 0 0 0 0 0 0 0 0 0 0 0
 34 34 40 39 39 53 36 36 48 48 26 23 23 23 17 17 21 21 21 18 18 18 15 15 12 12 14 12 12 5 2 2 2 2 0 0 0 0 0 0 0 0 0 0 0 0
 34 34 40 39 39 53 36 36 48 48 26 23 23 23 17 17 21 21 21 18 18 18 15 15 12 12 14 12 12 5 2 2 2 2 0 0 0 0 0 0 0 0 0 0 0 0
 30 30 38 34 34 41 58 58 61 61 58 34 34 26 22 22 21 21 23 19 19 16 15 15 16 16 15 11 11 5 2 2 1 1 2 0 0 0 0 0 0 0 0 0 0 0
 32 32 38 32 32 58 47 47 48 48 53 28 28 23 24 24 28 28 29 25 25 19 18 18 7 7 11 8 8 4 1 1 1 1 1 1 1 0 0 0 0 0 0 0 0 0
 32 32 38 32 32 58 47 47 48 48 53 28 28 23 24 24 28 28 29 25 25 19 18 18 7 7 11 8 8 4 1 1 1 1 1 1 1 0 0 0 0 0 0 0 0 0
 28 28 30 41 41 44 41 41 45 45 51 38 38 30 31 31 30 30 30 24 24 24 16 16 7 7 4 4 4 3 2 2 1 1 0 0 0 0 0 0 0 0 0 0 0 0
 28 28 30 41 41 44 41 41 45 45 51 38 38 30 31 31 30 30 30 24 24 24 16 16 7 7 4 4 4 3 2 2 1 1 0 0 0 0 0 0 0 0 0 0 0 0
 25 25 29 44 44 39 34 34 34 34 42 39 39 27 24 24 22 22 22 27 27 20 13 13 4 4 3 2 2 2 1 1 0 0 0 0 0 12 0 0 0 0 0 0 0 0
 29 29 31 43 43 49 32 32 33 33 34 41 41 42 31 31 23 23 21 12 12 18 14 14 5 5 2 2 2 2 1 1 0 0 1 0 0 0 0 0 0 0 0 0 0 1
 29 29 31 43 43 49 32 32 33 33 34 41 41 42 31 31 23 23 21 12 12 18 14 14 5 5 2 2 2 2 1 1 0 0 1 0 0 0 0 0 0 0 0 0 0 1
 30 30 30 42 42 48 32 32 34 34 47 53 53 52 62 62 28 28 21 11 11 11 11 11 4 4 4 3 3 1 0 0 0 0 0 0 0 0 0 0 0 0 0 0 0 1
 31 31 100 132 132 56 35 35 31 31 40 48 48 55 57 57 34 34 23 20 20 13 6 6 6 6 2 3 3 1 0 0 0 0 0 0 0 0 0 0 0 0 1 2 2 4
 31 31 100 132 132 56 35 35 31 31 40 48 48 55 57 57 34 34 23 20 20 13 6 6 6 6 2 3 3 1 0 0 0 0 0 0 0 0 0 0 0 0 1 2 2 4
 35 35 44 44 44 39 40 40 27 27 47 44 44 51 52 52 35 35 21 17 17 10 3 3 2 2 1 1 1 0 0 0 0 0 0 0 0 0 0 0 1 1 3 4 4 3
 35 35 44 44 44 39 40 40 27 27 47 44 44 51 52 52 35 35 21 17 17 10 3 3 2 2 1 1 1 0 0 0 0 0 0 0 0 0 0 0 1 1 3 4 4 3
 25 25 48 45 45 40 35 35 35 35 32 41 41 107 50 50 18 18 14 11 11 2 3 3 1 1 1 0 0 0 0 0 0 0 0 0 0 0 0 0 2 2 3 3 3 5
 21 21 31 36 36 31 34 34 23 23 24 33 33 38 40 40 15 15 9 3 3 2 1 1 0 0 0 0 0 0 1 1 0 0 0 1 1 0 0 0 1 1 2 4 4 5
 21 21 31 36 36 31 34 34 23 23 24 33 33 38 40 40 15 15 9 3 3 2 1 1 0 0 0 0 0 0 1 1 0 0 0 1 1 0 0 0 1 1 2 4 4 5
 25 25 30 37 37 28 31 31 26 26 16 17 17 26 28 28 7 7 4 3 3 0 0 0 0 0 0 0 0 0 0 0 0 0 0 2 2 1 1 1 1 1 3 6 6 4
 21 21 33 23 23 23 23 23 22 22 17 16 16 18 19 19 4 4 4 1 1 2 1 1 0 0 1 1 1 1 0 0 1 1 0 4 4 2 2 2 2 2 2 5 5 8
 21 21 33 23 23 23 23 23 22 22 17 16 16 18 19 19 4 4 4 1 1 2 1 1 0 0 1 1 1 1 0 0 1 1 0 4 4 2 2 2 2 2 2 5 5 8
 23 23 26 18 18 19 17 17 17 17 18 8 8 10 2 2 4 4 3 2 2 1 1 1 0 0 0 1 1 2 0 0 0 0 0 2 2 3 3 3 3 3 3 6 6 9
 23 23 26 18 18 19 17 17 17 17 18 8 8 10 2 2 4 4 3 2 2 1 1 1 0 0 0 1 1 2 0 0 0 0 0 2 2 3 3 3 3 3 3 6 6 9
 17 17 18 15 15 16 11 11 14 14 16 9 9 9 3 3 1 1 2 2 2 4 4 4 2 2 2 0 0 8 1 1 4 4 0 1 1 4 5 5 6 6 22 20 20 24
 16 16 15 11 11 15 10 10 11 11 11 5 5 8 2 2 2 2 2 2 2 8 6 6 3 3 3 0 0 7 2 2 1 1 1 2 2 5 5 5 6 6 14 30 30 26
 16 16 15 11 11 15 10 10 11 11 11 5 5 8 2 2 2 2 2 2 2 8 6 6 3 3 3 0 0 7 2 2 1 1 1 2 2 5 5 5 6 6 14 30 30 26
 14 14 14 9 9 11 9 9 7 7 2 4 4 6 1 1 1 1 2 3 3 11 7 7 7 7 4 5 5 8 1 1 1 1 1 4 4 4 6 6 8 8 30 28 28 37
 14 14 8 5 5 8 4 4 3 3 2 2 2 0 1 1 1 1 3 16 16 15 11 11 7 7 6 7 7 5 0 0 1 1 1 2 2 2 5 5 11 11 18 33 33 35
 14 14 8 5 5 8 4 4 3 3 2 2 2 0 1 1 1 1 3 16 16 15 11 11 7 7 6 7 7 5 0 0 1 1 1 2 2 2 5 5 11 11 18 33 33 35
 7 7 5 4 4 4 2 2 2 2 1 1 1 0 0 0 0 0 1 41 41 42 9 9 8 8 5 4 4 3 1 1 1 1 1 2 2 2 5 5 6 6 13 25 25 36
 7 7 5 4 4 4 2 2 2 2 1 1 1 0 0 0 0 0 1 41 41 42 9 9 8 8 5 4 4 3 1 1 1 1 1 2 2 2 5 5 6 6 13 25 25 36
 7 7 2 2 2 1 1 1 0 0 0 1 1 0 0 0 0 0 0 40 40 41 11 11 6 6 7 2 2 1 1 1 1 1 2 2 2 4 7 7 10 10 11 9 9 29
 3 3 0 0 0 0 0 0 0 0 0 0 0 0 0 0 1 1 1 2 2 20 20 20 11 11 6 3 3 3 2 2 4 4 7 7 7 8 7 7 9 9 15 14 14 1
 3 3 0 0 0 0 0 0 0 0 0 0 0 0 0 0 1 1 1 2 2 20 20 20 11 11 6 3 3 3 2 2 4 4 7 7 7 8 7 7 9 9 15 14 14 1
 1 1 0 0 0 0 0 0 0 0 0 0 0 1 1 1 2 2 1 10 10 19 19 19 13 13 5 2 2 2 2 2 4 4 8 10 10 15 11 11 16 16 20 14 14 0
 0 0 0 0 0 0 0 0 0 0 0 0 0 0 1 1 3 3 9 10 10 25 5 5 5 5 8 2 2 3 3 3 2 2 5 33 33 37 41 41 19 19 18 2 2 0
 0 0 0 0 0 0 0 0 0 0 0 0 0 0 1 1 3 3 9 10 10 25 5 5 5 5 8 2 2 3 3 3 2 2 5 33 33 37 41 41 19 19 18 2 2 0
 0 0 0 0 0 0 0 0 1 1 0 0 0 0 0 0 1 1 23 19 19 21 6 6 6 6 3 3 3 2 3 3 3 3 3 2 2 10 11 11 6 6 18 4 4 0
 0 0 0 0 0 0 0 0 1 1 0 0 0 0 0 0 1 1 23 19 19 21 6 6 6 6 3 3 3 2 3 3 3 3 3 2 2 10 11 11 6 6 18 4 4 0
 0 0 0 0 0 0 0 0 1 1 1 1 1 11 12 12 17 17 30 24 24 21 5 5 3 3 4 3 3 2 2 2 5 5 3 3 3 3 6 6 11 11 11 6 6 0
 0 0 0 0 0 0 0 0 1 1 2 2 2 19 19 19 18 18 21 16 16 17 9 9 7 7 5 3 3 2 1 1 2 2 2 4 4 2 7 7 18 18 35 8 8 0
 0 0 0 0 0 0 0 0 1 1 2 2 2 19 19 19 18 18 21 16 16 17 9 9 7 7 5 3 3 2 1 1 2 2 2 4 4 2 7 7 18 18 35 8 8 0
 0 0 0 0 0 0 0 0 1 1 2 20 20 13 25 25 23 23 21 13 13 17 7 7 2 2 1 1 1 1 1 1 1 1 1 3 3 3 3 3 31 31 33 2 2 0
 0 0 0 0 0 0 0 0 0 0 2 32 32 23 130 130 21 21 21 15 15 1 0 0 0 0 0 1 1 0 1 1 2 2 1 2 2 2 0 0 64 64 32 18 18 0
 0 0 0 0 0 0 0 0 0 0 2 32 32 23 130 130 21 21 21 15 15 1 0 0 0 0 0 1 1 0 1 1 2 2 1 2 2 2 0 0 64 64 32 18 18 0
 0 0 0 0 0 0 0 0 0 0 1 23 23 22 124 124 22 22 1 3 3 1 0 0 6 6 0 0 0 2 1 1 0 0 0 1 1 1 2 2 4 4 10 18 18 0
 0 0 0 0 0 0 0 0 0 0 1 23 23 22 124 124 22 22 1 3 3 1 0 0 6 6 0 0 0 2 1 1 0 0 0 1 1 1 2 2 4 4 10 18 18 0
 1 1 1 0 0 0 0 0 1 1 1 5 5 20 20 20 1 1 5 0 0 0 0 0 3 3 0 0 0 1 2 2 1 1 0 0 0 1 2 2 0 0 0 0 0 0
 1 1 1 1 1 1 0 0 0 0 1 1 1 19 19 19 0 0 0 0 0 0 0 0 0 0 0 1 1 1 0 0 0 0 0 0 0 0 1 1 1 1 0 1 1 0
 1 1 1 1 1 1 0 0 0 0 1 1 1 19 19 19 0 0 0 0 0 0 0 0 0 0 0 1 1 1 0 0 0 0 0 0 0 0 1 1 1 1 0 1 1 0
 1 1 1 3 3 2 2 2 1 1 0 0 0 0 1 1 1 1 0 0 0 0 0 0 0 0 0 1 1 1 1 1 1 1 1 0 0 0 2 2 1 1 0 0 0 0
 0 0 1 3 3 1 1 1 0 0 1 0 0 0 0 0 1 1 0 0 0 0 0 0 0 0 0 0 0 1 0 0 1 1 0 0 0 0 1 1 1 1 0 0 0 0
 0 0 1 3 3 1 1 1 0 0 1 0 0 0 0 0 1 1 0 0 0 0 0 0 0 0 0 0 0 1 0 0 1 1 0 0 0 0 1 1 1 1 0 0 0 0
 3 3 4 0 0 0 0 0 0 0 0 1 1 0 0 0 0 0 0 0 0 0 0 0 0 0 0 0 0 1 1 1 1 1 1 1 1 0 1 1 0 0 1 0 0 1
 3 3 4 0 0 0 0 0 0 0 0 1 1 0 0 0 0 0 0 0 0 0 0 0 0 0 0 0 0 1 1 1 1 1 1 1 1 0 1 1 0 0 1 0 0 1
 0 0 2 5 5 0 0 0 0 0 0 0 0 1 0 0 0 0 0 0 0 0 0 0 0 0 0 0 0 0 1 1 1 1 2 1 1 1 0 0 0 0 0 0 0 1
 0 0 1 1 1 0 0 0 0 0 0 0 0 0 0 0 0 0 0 0 0 0 0 0 0 0 0 0 0 0 0 0 1 1 1 1 1 2 2 2 0 0 0 0 0 0
 0 0 1 1 1 0 0 0 0 0 0 0 0 0 0 0 0 0 0 0 0 0 0 0 0 0 0 0 0 0 0 0 1 1 1 1 1 2 2 2 0 0 0 0 0 0
 1 1 1 0 0 0 0 0 0 0 0 0 0 0 0 0 0 0 0 0 0 0 0 0 1 1 9 1 1 0 0 0 0 0 1 1 1 1 2 2 2 2 0 0 0 0
 0 0 0 0 0 0 0 0 0 0 0 0 0 0 0 0 0 0 0 0 0 0 0 0 1 1 5 3 3 0 0 0 0 0 0 0 0 1 1 1 1 1 1 1 1 0
