assets/RAT_results_old/precipitation/2017-08-06_IMERG.asc
ncols        46
nrows        77
xllcorner    74.800261325624
yllcorner    8.058333333333
cellsize     0.062500000000
NODATA_value -9999
 4 4 3 1 1 0 0 0 2 2 2 2 2 1 1 1 1 1 1 1 1 1 1 1 1 1 1 6 6 3 11 11 10 10 4 4 4 2 2 2 1 1 0 0 0 0
 3 3 3 1 1 1 0 0 0 0 3 2 2 2 11 11 2 2 2 2 2 2 2 2 0 0 0 1 1 9 24 24 6 6 2 8 8 14 6 6 14 14 1 0 0 0
 3 3 3 1 1 1 0 0 0 0 3 2 2 2 11 11 2 2 2 2 2 2 2 2 0 0 0 1 1 9 24 24 6 6 2 8 8 14 6 6 14 14 1 0 0 0
 1 1 1 2 2 2 1 1 2 2 4 6 6 8 8 8 1 1 2 0 0 0 0 0 0 0 0 0 0 9 3 3 9 9 15 7 7 25 14 14 17 17 12 1 1 0
 1 1 2 2 2 1 7 7 12 12 12 14 14 10 3 3 0 0 0 0 0 0 0 0 0 0 0 0 0 1 1 1 2 2 8 18 18 19 31 31 20 20 14 11 11 0
 1 1 2 2 2 1 7 7 12 12 12 14 14 10 3 3 0 0 0 0 0 0 0 0 0 0 0 0 0 1 1 1 2 2 8 18 18 19 31 31 20 20 14 11 11 0
 1 1 1 1 1 3 6 6 7 7 15 8 8 9 4 4 0 0 0 0 0 0 0 0 0 0 0 0 0 1 1 1 5 5 24 9 9 15 33 33 33 33 18 10 10 5
 1 1 1 1 1 3 6 6 7 7 15 8 8 9 4 4 0 0 0 0 0 0 0 0 0 0 0 0 0 1 1 1 5 5 24 9 9 15 33 33 33 33 18 10 10 5
 1 1 1 2 2 2 2 2 1 1 11 7 7 3 3 3 1 1 2 0 0 0 0 0 0 0 23 0 0 0 3 3 4 4 6 8 8 20 24 24 26 26 18 11 11 5
 1 1 1 2 2 2 2 2 3 3 4 1 1 4 0 0 0 0 0 0 0 0 0 0 0 0 0 0 0 0 3 3 1 1 5 2 2 26 14 14 15 15 17 26 26 9
 1 1 1 2 2 2 2 2 3 3 4 1 1 4 0 0 0 0 0 0 0 0 0 0 0 0 0 0 0 0 3 3 1 1 5 2 2 26 14 14 15 15 17 26 26 9
 1 1 1 1 1 2 2 2 1 1 0 0 0 2 0 0 0 0 0 0 0 0 1 1 0 0 0 0 0 0 0 0 0 0 2 2 2 6 2 2 8 8 10 5 5 5
 2 2 1 1 1 2 2 2 3 3 1 4 4 4 4 4 4 4 4 3 3 1 1 1 0 0 0 0 0 0 0 0 0 0 0 0 0 0 0 0 8 8 3 3 3 2
 2 2 1 1 1 2 2 2 3 3 1 4 4 4 4 4 4 4 4 3 3 1 1 1 0 0 0 0 0 0 0 0 0 0 0 0 0 0 0 0 8 8 3 3 3 2
 4 4 1 0 0 1 3 3 3 3 4 4 4 5 26 26 8 8 2 9 9 2 2 2 0 0 0 0 0 0 0 0 0 0 0 0 0 1 0 0 1 1 3 4 4 4
 4 4 1 0 0 1 3 3 3 3 4 4 4 5 26 26 8 8 2 9 9 2 2 2 0 0 0 0 0 0 0 0 0 0 0 0 0 1 0 0 1 1 3 4 4 4
 10 10 7 2 2 1 1 1 2 2 5 7 7 12 13 13 21 21 11 8 8 3 2 2 0 0 0 0 0 0 0 0 0 0 0 3 3 0 0 0 0 0 0 6 6 4
 3 3 6 5 5 0 1 1 0 0 4 4 4 8 5 5 10 10 5 0 0 0 0 0 0 0 0 0 0 0 0 0 0 0 0 0 0 0 1 1 0 0 1 3 3 6
 3 3 6 5 5 0 1 1 0 0 4 4 4 8 5 5 10 10 5 0 0 0 0 0 0 0 0 0 0 0 0 0 0 0 0 0 0 0 1 1 0 0 1 3 3 6
 2 2 3 4 4 1 0 0 1 1 1 1 1 4 3 3 8 8 7 2 2 3 0 0 0 0 0 0 0 0 0 0 0 0 0 0 0 0 0 0 0 0 0 1 1 2
 3 3 2 4 4 0 0 0 1 1 1 6 6 3 7 7 5 5 9 5 5 4 2 2 0 0 0 0 0 0 0 0 0 0 0 0 0 0 0 0 0 0 0 0 0 0
 3 3 2 4 4 0 0 0 1 1 1 6 6 3 7 7 5 5 9 5 5 4 2 2 0 0 0 0 0 0 0 0 0 0 0 0 0 0 0 0 0 0 0 0 0 0
 4 4 5 3 3 1 0 0 0 0 0 1 1 3 4 4 4 4 10 11 11 8 7 7 5 5 0 3 3 2 1 1 2 2 1 3 3 0 0 0 0 0 0 0 0 0
 4 4 5 3 3 1 0 0 0 0 0 1 1 3 4 4 4 4 10 11 11 8 7 7 5 5 0 3 3 2 1 1 2 2 1 3 3 0 0 0 0 0 0 0 0 0
 2 2 4 11 11 3 0 0 1 1 0 0 0 2 2 2 5 5 9 6 6 12 8 8 1 1 5 5 5 2 2 2 1 1 1 2 2 1 0 0 0 0 0 0 0 0
 2 2 3 4 4 2 2 2 1 1 1 0 0 1 1 1 2 2 1 2 2 6 8 8 4 4 1 6 6 5 4 4 4 4 1 2 2 2 6 6 3 3 1 1 1 0
 2 2 3 4 4 2 2 2 1 1 1 0 0 1 1 1 2 2 1 2 2 6 8 8 4 4 1 6 6 5 4 4 4 4 1 2 2 2 6 6 3 3 1 1 1 0
 2 2 3 3 3 2 2 2 2 2 1 0 0 0 0 0 2 2 2 5 5 5 3 3 2 2 3 6 6 4 4 4 4 4 2 2 2 3 7 7 5 5 2 2 2 1
 4 4 3 2 2 0 1 1 2 2 2 0 0 0 0 0 2 2 2 1 1 0 1 1 3 3 11 1 1 1 1 1 2 2 3 3 3 3 3 3 3 3 3 3 3 3
 4 4 3 2 2 0 1 1 2 2 2 0 0 0 0 0 2 2 2 1 1 0 1 1 3 3 11 1 1 1 1 1 2 2 3 3 3 3 3 3 3 3 3 3 3 3
 4 4 3 2 2 1 2 2 3 3 3 0 0 0 0 0 3 3 4 4 4 0 2 2 3 3 1 2 2 0 2 2 2 2 2 2 2 3 3 3 4 4 4 4 4 4
 4 4 3 2 2 1 2 2 3 3 3 0 0 0 0 0 3 3 4 4 4 0 2 2 3 3 1 2 2 0 2 2 2 2 2 2 2 3 3 3 4 4 4 4 4 4
 2 2 5 3 3 1 2 2 2 2 2 1 1 1 0 0 2 2 2 1 1 0 2 2 3 3 1 0 0 2 2 2 1 1 1 1 1 1 2 2 2 2 3 3 3 3
 2 2 3 1 1 1 1 1 1 1 4 13 13 5 2 2 1 1 4 4 4 2 3 3 2 2 1 1 1 7 2 2 0 0 0 0 0 0 1 1 1 1 1 1 1 1
 2 2 3 1 1 1 1 1 1 1 4 13 13 5 2 2 1 1 4 4 4 2 3 3 2 2 1 1 1 7 2 2 0 0 0 0 0 0 1 1 1 1 1 1 1 1
 2 2 2 2 2 1 3 3 2 2 1 2 2 4 3 3 3 3 5 4 4 3 4 4 7 7 4 2 2 3 2 2 0 0 0 0 0 0 0 0 0 0 0 0 0 0
 2 2 2 1 1 1 2 2 2 2 2 3 3 2 4 4 8 8 8 12 12 7 7 7 6 6 6 4 4 17 2 2 0 0 0 0 0 0 0 0 0 0 0 0 0 0
 2 2 2 1 1 1 2 2 2 2 2 3 3 2 4 4 8 8 8 12 12 7 7 7 6 6 6 4 4 17 2 2 0 0 0 0 0 0 0 0 0 0 0 0 0 0
 3 3 2 2 2 2 1 1 1 1 4 2 2 2 4 4 6 6 14 14 14 12 8 8 7 7 13 10 10 10 5 5 0 0 0 2 2 1 0 0 0 0 0 0 0 0
 3 3 2 2 2 2 1 1 1 1 4 2 2 2 4 4 6 6 14 14 14 12 8 8 7 7 13 10 10 10 5 5 0 0 0 2 2 1 0 0 0 0 0 0 0 0
 1 1 3 2 2 2 1 1 1 1 2 2 2 2 3 3 8 8 8 15 15 11 13 13 12 12 14 15 15 13 14 14 13 13 5 4 4 2 0 0 0 0 0 1 1 0
 1 1 1 1 1 2 1 1 1 1 1 2 2 2 4 4 6 6 8 9 9 13 15 15 12 12 17 23 23 20 28 28 24 24 10 6 6 5 0 0 0 0 0 3 3 4
 1 1 1 1 1 2 1 1 1 1 1 2 2 2 4 4 6 6 8 9 9 13 15 15 12 12 17 23 23 20 28 28 24 24 10 6 6 5 0 0 0 0 0 3 3 4
 1 1 3 2 2 2 2 2 1 1 1 2 2 1 4 4 2 2 2 9 9 14 11 11 15 15 17 21 21 23 30 30 30 30 21 9 9 4 3 3 1 1 0 0 0 0
 1 1 2 4 4 3 3 3 2 2 2 2 2 1 1 1 3 3 0 7 7 9 14 14 14 14 17 19 19 30 25 25 36 36 25 6 6 6 1 1 1 1 1 0 0 0
 1 1 2 4 4 3 3 3 2 2 2 2 2 1 1 1 3 3 0 7 7 9 14 14 14 14 17 19 19 30 25 25 36 36 25 6 6 6 1 1 1 1 1 0 0 0
 1 1 2 2 2 2 2 2 3 3 3 2 2 3 1 1 1 1 2 4 4 7 6 6 12 12 17 21 21 24 29 29 25 25 27 12 12 5 1 1 0 0 0 0 0 0
 1 1 2 2 2 2 2 2 3 3 3 2 2 3 1 1 1 1 2 4 4 7 6 6 12 12 17 21 21 24 29 29 25 25 27 12 12 5 1 1 0 0 0 0 0 0
 2 2 5 4 4 3 4 4 4 4 5 4 4 4 2 2 1 1 2 5 5 3 4 4 10 10 9 24 24 26 24 24 24 24 21 10 10 8 2 2 2 2 0 0 0 0
 2 2 2 3 3 5 3 3 3 3 4 4 4 4 5 5 3 3 4 4 4 5 4 4 4 4 16 10 10 24 22 22 19 19 22 10 10 5 5 5 2 2 0 0 0 0
 2 2 2 3 3 5 3 3 3 3 4 4 4 4 5 5 3 3 4 4 4 5 4 4 4 4 16 10 10 24 22 22 19 19 22 10 10 5 5 5 2 2 0 0 0 0
 1 1 7 3 3 4 3 3 3 3 3 3 3 6 3 3 3 3 3 1 1 4 4 4 7 7 5 4 4 5 11 11 10 10 9 13 13 5 5 5 7 7 0 0 0 0
 7 7 3 3 3 3 3 3 4 4 3 4 4 3 3 3 3 3 3 1 1 6 6 6 9 9 10 7 7 5 8 8 9 9 5 6 6 7 4 4 2 2 3 0 0 0
 7 7 3 3 3 3 3 3 4 4 3 4 4 3 3 3 3 3 3 1 1 6 6 6 9 9 10 7 7 5 8 8 9 9 5 6 6 7 4 4 2 2 3 0 0 0
 10 10 6 6 6 3 3 3 2 2 4 3 3 3 2 2 4 4 3 1 1 2 6 6 11 11 8 5 5 9 5 5 3 3 1 5 5 4 6 6 2 2 2 2 2 0
 10 10 6 6 6 3 3 3 2 2 4 3 3 3 2 2 4 4 3 1 1 2 6 6 11 11 8 5 5 9 5 5 3 3 1 5 5 4 6 6 2 2 2 2 2 0
 7 7 2 4 4 2 2 2 2 2 3 3 3 3 4 4 7 7 16 2 2 2 16 16 10 10 8 7 7 5 6 6 6 6 6 9 9 2 1 1 1 1 1 0 0 0
 16 16 7 5 5 2 2 2 3 3 2 4 4 3 4 4 4 4 6 7 7 10 16 16 4 4 7 8 8 5 6 6 5 5 6 6 6 1 6 6 1 1 0 0 0 0
 16 16 7 5 5 2 2 2 3 3 2 4 4 3 4 4 4 4 6 7 7 10 16 16 4 4 7 8 8 5 6 6 5 5 6 6 6 1 6 6 1 1 0 0 0 0
 20 20 16 6 6 11 3 3 3 3 3 4 4 4 2 2 4 4 5 4 4 10 5 5 11 11 6 2 2 4 2 2 2 2 8 11 11 7 7 7 1 1 0 0 0 0
 17 17 26 29 29 15 4 4 4 4 4 4 4 6 8 8 6 6 2 11 11 2 3 3 9 9 2 7 7 7 1 1 3 3 6 7 7 3 3 3 1 1 0 0 0 0
 17 17 26 29 29 15 4 4 4 4 4 4 4 6 8 8 6 6 2 11 11 2 3 3 9 9 2 7 7 7 1 1 3 3 6 7 7 3 3 3 1 1 0 0 0 0
 17 17 12 19 19 11 10 10 10 10 4 6 6 6 12 12 11 11 12 16 16 24 17 17 28 28 16 6 6 5 6 6 3 3 8 6 6 3 2 2 1 1 1 4 4 0
 17 17 12 19 19 11 10 10 10 10 4 6 6 6 12 12 11 11 12 16 16 24 17 17 28 28 16 6 6 5 6 6 3 3 8 6 6 3 2 2 1 1 1 4 4 0
 19 19 9 6 6 17 11 11 11 11 11 5 5 6 11 11 11 11 15 16 16 7 13 13 28 28 18 4 4 5 2 2 1 1 4 13 13 6 1 1 1 1 1 0 0 1
 20 20 11 8 8 7 5 5 5 5 6 6 6 12 15 15 16 16 18 14 14 9 18 18 14 14 19 13 13 6 3 3 2 2 1 8 8 4 2 2 0 0 0 1 1 0
 20 20 11 8 8 7 5 5 5 5 6 6 6 12 15 15 16 16 18 14 14 9 18 18 14 14 19 13 13 6 3 3 2 2 1 8 8 4 2 2 0 0 0 1 1 0
 22 22 17 12 12 12 6 6 6 6 9 20 20 16 13 13 14 14 14 13 13 21 19 19 14 14 13 13 13 5 6 6 4 4 2 1 1 3 3 3 2 2 1 0 0 1
 22 22 19 13 13 13 14 14 9 9 20 26 26 24 24 24 20 20 21 25 25 27 26 26 17 17 12 8 8 17 16 16 6 6 2 2 2 1 2 2 3 3 1 1 1 0
 22 22 19 13 13 13 14 14 9 9 20 26 26 24 24 24 20 20 21 25 25 27 26 26 17 17 12 8 8 17 16 16 6 6 2 2 2 1 2 2 3 3 1 1 1 0
 20 20 15 30 30 14 6 6 9 9 18 22 22 25 31 31 33 33 27 37 37 46 38 38 38 38 23 21 21 17 17 17 3 3 4 3 3 1 1 1 1 1 1 0 0 0
 20 20 15 30 30 14 6 6 9 9 18 22 22 25 31 31 33 33 27 37 37 46 38 38 38 38 23 21 21 17 17 17 3 3 4 3 3 1 1 1 1 1 1 0 0 0
 48 48 18 20 20 12 3 3 7 7 9 17 17 28 34 34 34 34 73 37 37 27 23 23 35 35 29 30 30 17 14 14 8 8 9 3 3 2 1 1 1 1 1 1 1 1
 68 68 44 23 23 10 5 5 7 7 4 14 14 18 15 15 14 14 23 32 32 38 38 38 36 36 31 32 32 29 11 11 8 8 9 2 2 4 3 3 1 1 1 1 1 0
 68 68 44 23 23 10 5 5 7 7 4 14 14 18 15 15 14 14 23 32 32 38 38 38 36 36 31 32 32 29 11 11 8 8 9 2 2 4 3 3 1 1 1 1 1 0
 65 65 49 23 23 8 3 3 2 2 4 9 9 9 10 10 12 12 16 15 15 26 44 44 47 47 35 31 31 32 14 14 15 15 15 4 4 3 4 4 2 2 3 1 1 3
 50 50 38 26 26 11 6 6 3 3 2 2 2 2 3 3 4 4 7 10 10 18 30 30 46 46 35 29 29 20 13 13 17 17 17 8 8 5 3 3 1 1 4 0 0 1
