assets/RAT_results_old/precipitation/2017-06-21_IMERG.asc
ncols        46
nrows        77
xllcorner    74.800261325624
yllcorner    8.058333333333
cellsize     0.062500000000
NODATA_value -9999
 3 3 7 8 8 5 1 1 2 2 9 3 3 1 1 1 1 1 0 0 0 0 0 0 0 0 0 0 0 0 0 0 0 0 1 0 0 0 0 0 0 0 0 0 0 0
 3 3 2 3 3 3 5 5 1 1 1 1 1 1 1 1 1 1 0 0 0 0 0 0 0 0 0 0 0 0 0 0 0 0 0 3 3 0 0 0 0 0 0 0 0 0
 3 3 2 3 3 3 5 5 1 1 1 1 1 1 1 1 1 1 0 0 0 0 0 0 0 0 0 0 0 0 0 0 0 0 0 3 3 0 0 0 0 0 0 0 0 0
 2 2 2 4 4 5 4 4 1 1 0 2 2 1 0 0 0 0 0 0 0 0 0 0 0 0 0 0 0 0 0 0 0 0 0 0 0 0 0 0 0 0 0 0 0 0
 5 5 4 6 6 3 4 4 3 3 3 4 4 6 1 1 0 0 0 0 0 0 0 0 0 0 0 0 0 0 0 0 0 0 0 0 0 0 0 0 0 0 0 0 0 0
 5 5 4 6 6 3 4 4 3 3 3 4 4 6 1 1 0 0 0 0 0 0 0 0 0 0 0 0 0 0 0 0 0 0 0 0 0 0 0 0 0 0 0 0 0 0
 11 11 12 3 3 8 3 3 4 4 6 3 3 7 0 0 0 0 0 0 0 0 0 0 0 0 0 0 0 0 0 0 0 0 0 1 1 0 0 0 0 0 0 0 0 0
 11 11 12 3 3 8 3 3 4 4 6 3 3 7 0 0 0 0 0 0 0 0 0 0 0 0 0 0 0 0 0 0 0 0 0 1 1 0 0 0 0 0 0 0 0 0
 12 12 5 3 3 4 4 4 3 3 3 5 5 7 0 0 0 0 0 0 0 0 0 0 0 0 0 0 0 0 0 0 0 0 0 1 1 0 0 0 0 0 0 0 0 0
 5 5 5 2 2 2 2 2 6 6 2 2 2 0 0 0 1 1 0 0 0 0 0 0 0 0 0 3 3 2 0 0 0 0 0 0 0 0 0 0 0 0 1 0 0 0
 5 5 5 2 2 2 2 2 6 6 2 2 2 0 0 0 1 1 0 0 0 0 0 0 0 0 0 3 3 2 0 0 0 0 0 0 0 0 0 0 0 0 1 0 0 0
 19 19 12 2 2 4 4 4 6 6 6 5 5 2 3 3 5 5 3 0 0 0 0 0 0 0 0 0 0 0 0 0 1 1 0 1 1 1 0 0 1 1 1 2 2 1
 16 16 17 11 11 9 13 13 6 6 2 2 2 0 1 1 2 2 2 0 0 0 0 0 0 0 0 0 0 0 0 0 0 0 0 1 1 1 1 1 1 1 2 2 2 1
 16 16 17 11 11 9 13 13 6 6 2 2 2 0 1 1 2 2 2 0 0 0 0 0 0 0 0 0 0 0 0 0 0 0 0 1 1 1 1 1 1 1 2 2 2 1
 10 10 9 33 33 13 14 14 11 11 6 4 4 6 5 5 2 2 0 0 0 0 1 1 2 2 1 0 0 0 1 1 1 1 1 1 1 1 1 1 2 2 2 1 1 1
 10 10 9 33 33 13 14 14 11 11 6 4 4 6 5 5 2 2 0 0 0 0 1 1 2 2 1 0 0 0 1 1 1 1 1 1 1 1 1 1 2 2 2 1 1 1
 7 7 19 21 21 17 17 17 9 9 12 11 11 10 6 6 3 3 3 5 5 0 0 0 2 2 1 0 0 1 1 1 1 1 1 1 1 1 2 2 2 2 2 1 1 1
 7 7 15 25 25 17 10 10 6 6 7 7 7 7 3 3 9 9 11 4 4 1 1 1 2 2 3 0 0 1 1 1 1 1 1 1 1 2 4 4 2 2 1 1 1 0
 7 7 15 25 25 17 10 10 6 6 7 7 7 7 3 3 9 9 11 4 4 1 1 1 2 2 3 0 0 1 1 1 1 1 1 1 1 2 4 4 2 2 1 1 1 0
 4 4 10 9 9 5 4 4 6 6 9 3 3 8 8 8 6 6 9 6 6 1 0 0 1 1 0 0 0 1 1 1 1 1 2 2 2 2 3 3 2 2 3 1 1 1
 2 2 7 9 9 10 1 1 2 2 3 5 5 8 8 8 7 7 16 5 5 5 11 11 4 4 1 1 1 1 2 2 2 2 2 3 3 3 4 4 3 3 3 2 2 2
 2 2 7 9 9 10 1 1 2 2 3 5 5 8 8 8 7 7 16 5 5 5 11 11 4 4 1 1 1 1 2 2 2 2 2 3 3 3 4 4 3 3 3 2 2 2
 1 1 1 3 3 4 6 6 3 3 5 6 6 9 7 7 25 25 18 21 21 11 10 10 4 4 1 1 1 2 2 2 2 2 3 3 3 3 4 4 2 2 1 2 2 1
 1 1 1 3 3 4 6 6 3 3 5 6 6 9 7 7 25 25 18 21 21 11 10 10 4 4 1 1 1 2 2 2 2 2 3 3 3 3 4 4 2 2 1 2 2 1
 1 1 1 2 2 5 3 3 4 4 5 7 7 10 11 11 9 9 11 6 6 10 6 6 1 1 3 1 1 2 2 2 2 2 2 3 3 3 3 3 2 2 1 0 0 0
 1 1 1 3 3 3 8 8 8 8 3 2 2 4 7 7 7 7 12 8 8 12 12 12 7 7 3 2 2 2 1 1 1 1 2 2 2 1 1 1 1 1 1 0 0 0
 1 1 1 3 3 3 8 8 8 8 3 2 2 4 7 7 7 7 12 8 8 12 12 12 7 7 3 2 2 2 1 1 1 1 2 2 2 1 1 1 1 1 1 0 0 0
 0 0 1 1 1 4 23 23 30 30 13 1 1 5 1 1 5 5 6 7 7 7 11 11 15 15 3 2 2 1 1 1 1 1 1 1 1 1 1 1 1 1 0 0 0 0
 0 0 3 1 1 1 3 3 30 30 7 1 1 4 3 3 4 4 4 2 2 2 5 5 11 11 11 8 8 1 3 3 1 1 1 2 2 1 1 1 0 0 0 0 0 0
 0 0 3 1 1 1 3 3 30 30 7 1 1 4 3 3 4 4 4 2 2 2 5 5 11 11 11 8 8 1 3 3 1 1 1 2 2 1 1 1 0 0 0 0 0 0
 1 1 5 8 8 4 2 2 2 2 8 5 5 5 2 2 8 8 6 3 3 1 4 4 1 1 1 2 2 2 5 5 5 5 1 1 1 0 0 0 0 0 0 0 0 0
 1 1 5 8 8 4 2 2 2 2 8 5 5 5 2 2 8 8 6 3 3 1 4 4 1 1 1 2 2 2 5 5 5 5 1 1 1 0 0 0 0 0 0 0 0 0
 2 2 4 5 5 8 5 5 3 3 9 4 4 4 8 8 12 12 10 5 5 1 2 2 2 2 3 5 5 2 1 1 3 3 3 0 0 0 0 0 0 0 0 0 0 0
 3 3 3 4 4 8 7 7 10 10 7 4 4 11 4 4 6 6 8 4 4 5 2 2 2 2 1 3 3 2 0 0 1 1 0 0 0 1 1 1 1 1 1 1 1 1
 3 3 3 4 4 8 7 7 10 10 7 4 4 11 4 4 6 6 8 4 4 5 2 2 2 2 1 3 3 2 0 0 1 1 0 0 0 1 1 1 1 1 1 1 1 1
 5 5 3 4 4 9 11 11 12 12 11 12 12 13 3 3 6 6 15 13 13 2 2 2 1 1 0 1 1 1 2 2 1 1 1 1 1 1 1 1 1 1 1 1 1 1
 5 5 2 11 11 9 11 11 11 11 12 13 13 24 6 6 10 10 41 25 25 6 3 3 2 2 2 3 3 2 2 2 2 2 1 1 1 0 0 0 0 0 0 0 0 0
 5 5 2 11 11 9 11 11 11 11 12 13 13 24 6 6 10 10 41 25 25 6 3 3 2 2 2 3 3 2 2 2 2 2 1 1 1 0 0 0 0 0 0 0 0 0
 1 1 2 10 10 10 17 17 7 7 7 18 18 46 40 40 10 10 24 17 17 16 16 16 10 10 9 9 9 3 2 2 1 1 2 2 2 1 0 0 0 0 0 0 0 0
 1 1 2 10 10 10 17 17 7 7 7 18 18 46 40 40 10 10 24 17 17 16 16 16 10 10 9 9 9 3 2 2 1 1 2 2 2 1 0 0 0 0 0 0 0 0
 1 1 1 8 8 8 6 6 6 6 3 5 5 10 28 28 19 19 21 23 23 14 15 15 13 13 7 10 10 6 1 1 0 0 0 6 6 2 0 0 0 0 0 0 0 1
 0 0 1 5 5 2 2 2 3 3 5 4 4 3 3 3 4 4 45 41 41 30 11 11 5 5 1 1 1 6 1 1 5 5 5 7 7 4 1 1 0 0 0 2 2 1
 0 0 1 5 5 2 2 2 3 3 5 4 4 3 3 3 4 4 45 41 41 30 11 11 5 5 1 1 1 6 1 1 5 5 5 7 7 4 1 1 0 0 0 2 2 1
 1 1 1 1 1 1 1 1 4 4 2 3 3 2 1 1 1 1 24 2 2 4 1 1 3 3 2 7 7 16 6 6 2 2 10 3 3 2 1 1 1 1 1 0 0 0
 1 1 1 1 1 1 1 1 1 1 1 1 1 2 1 1 1 1 2 2 2 3 10 10 8 8 7 5 5 9 15 15 15 15 33 8 8 6 0 0 0 0 0 0 0 0
 1 1 1 1 1 1 1 1 1 1 1 1 1 2 1 1 1 1 2 2 2 3 10 10 8 8 7 5 5 9 15 15 15 15 33 8 8 6 0 0 0 0 0 0 0 0
 1 1 1 1 1 1 1 1 2 2 1 1 1 1 2 2 2 2 2 8 8 4 11 11 20 20 8 4 4 7 9 9 17 17 18 1 1 1 0 0 0 0 0 0 0 0
 1 1 1 1 1 1 1 1 2 2 1 1 1 1 2 2 2 2 2 8 8 4 11 11 20 20 8 4 4 7 9 9 17 17 18 1 1 1 0 0 0 0 0 0 0 0
 1 1 2 2 2 2 2 2 2 2 2 2 2 2 2 2 4 4 3 6 6 14 14 14 4 4 6 9 9 8 6 6 3 3 7 1 1 0 0 0 0 0 0 0 0 0
 1 1 1 1 1 2 2 2 2 2 2 3 3 3 1 1 1 1 1 2 2 9 8 8 2 2 2 3 3 4 1 1 3 3 6 4 4 3 1 1 2 2 0 0 0 0
 1 1 1 1 1 2 2 2 2 2 2 3 3 3 1 1 1 1 1 2 2 9 8 8 2 2 2 3 3 4 1 1 3 3 6 4 4 3 1 1 2 2 0 0 0 0
 1 1 1 2 2 2 2 2 1 1 1 1 1 2 1 1 1 1 1 0 0 0 2 2 1 1 2 2 2 2 3 3 12 12 3 4 4 2 1 1 1 1 0 0 0 0
 1 1 1 1 1 1 1 1 1 1 1 1 1 1 1 1 1 1 1 0 0 1 0 0 1 1 2 1 1 1 1 1 3 3 2 8 8 7 6 6 1 1 0 0 0 0
 1 1 1 1 1 1 1 1 1 1 1 1 1 1 1 1 1 1 1 0 0 1 0 0 1 1 2 1 1 1 1 1 3 3 2 8 8 7 6 6 1 1 0 0 0 0
 0 0 0 0 0 1 1 1 1 1 1 1 1 0 0 0 1 1 2 1 1 1 1 1 2 2 2 1 1 1 1 1 1 1 1 3 3 2 0 0 2 2 0 0 0 0
 0 0 0 0 0 1 1 1 1 1 1 1 1 0 0 0 1 1 2 1 1 1 1 1 2 2 2 1 1 1 1 1 1 1 1 3 3 2 0 0 2 2 0 0 0 0
 1 1 0 0 0 0 1 1 1 1 0 0 0 0 0 0 1 1 1 0 0 1 1 1 2 2 2 1 1 0 3 3 11 11 0 2 2 1 1 1 1 1 0 0 0 0
 1 1 0 0 0 0 0 0 0 0 0 0 0 0 0 0 0 0 0 0 0 0 0 0 0 0 1 0 0 0 3 3 3 3 0 1 1 1 0 0 0 0 0 0 0 0
 1 1 0 0 0 0 0 0 0 0 0 0 0 0 0 0 0 0 0 0 0 0 0 0 0 0 1 0 0 0 3 3 3 3 0 1 1 1 0 0 0 0 0 0 0 0
 0 0 0 0 0 0 0 0 0 0 0 0 0 0 0 0 0 0 0 0 0 0 2 2 0 0 1 0 0 2 5 5 2 2 0 0 0 0 0 0 0 0 0 0 0 1
 0 0 3 0 0 1 0 0 0 0 0 0 0 0 1 1 1 1 1 1 1 0 0 0 1 1 0 2 2 2 2 2 1 1 5 2 2 0 0 0 0 0 0 0 0 0
 0 0 3 0 0 1 0 0 0 0 0 0 0 0 1 1 1 1 1 1 1 0 0 0 1 1 0 2 2 2 2 2 1 1 5 2 2 0 0 0 0 0 0 0 0 0
 1 1 2 0 0 1 0 0 0 0 0 0 0 0 1 1 2 2 1 1 1 1 1 1 6 6 1 0 0 3 3 3 0 0 3 2 2 0 0 0 1 1 0 0 0 0
 1 1 2 0 0 1 0 0 0 0 0 0 0 0 1 1 2 2 1 1 1 1 1 1 6 6 1 0 0 3 3 3 0 0 3 2 2 0 0 0 1 1 0 0 0 0
 1 1 2 0 0 0 1 1 1 1 0 1 1 0 1 1 2 2 2 2 2 1 7 7 6 6 4 0 0 1 4 4 0 0 0 2 2 4 2 2 5 5 0 0 0 0
 0 0 0 0 0 0 3 3 5 5 1 0 0 0 1 1 3 3 2 3 3 1 8 8 6 6 4 1 1 2 0 0 0 0 0 0 0 2 0 0 0 0 0 0 0 0
 0 0 0 0 0 0 3 3 5 5 1 0 0 0 1 1 3 3 2 3 3 1 8 8 6 6 4 1 1 2 0 0 0 0 0 0 0 2 0 0 0 0 0 0 0 0
 1 1 1 1 1 1 2 2 2 2 1 1 1 1 0 0 3 3 4 4 4 6 9 9 8 8 1 1 1 2 0 0 0 0 0 0 0 0 0 0 1 1 1 0 0 0
 1 1 1 1 1 1 1 1 1 1 0 0 0 0 0 0 0 0 1 9 9 3 5 5 9 9 3 0 0 3 5 5 4 4 4 0 0 0 0 0 0 0 1 0 0 0
 1 1 1 1 1 1 1 1 1 1 0 0 0 0 0 0 0 0 1 9 9 3 5 5 9 9 3 0 0 3 5 5 4 4 4 0 0 0 0 0 0 0 1 0 0 0
 1 1 0 0 0 0 0 0 0 0 0 0 0 0 0 0 0 0 2 6 6 5 2 2 2 2 1 0 0 7 10 10 7 7 4 0 0 0 0 0 0 0 0 1 1 0
 1 1 0 0 0 0 0 0 0 0 0 0 0 0 0 0 0 0 2 6 6 5 2 2 2 2 1 0 0 7 10 10 7 7 4 0 0 0 0 0 0 0 0 1 1 0
 0 0 0 0 0 0 0 0 1 1 2 0 0 0 0 0 0 0 1 2 2 2 1 1 2 2 0 0 0 2 7 7 1 1 6 0 0 0 0 0 0 0 0 0 0 0
 0 0 0 0 0 0 1 1 5 5 10 2 2 0 0 0 0 0 0 0 0 1 1 1 1 1 1 2 2 7 5 5 3 3 0 0 0 0 0 0 0 0 0 0 0 0
 0 0 0 0 0 0 1 1 5 5 10 2 2 0 0 0 0 0 0 0 0 1 1 1 1 1 1 2 2 7 5 5 3 3 0 0 0 0 0 0 0 0 0 0 0 0
 2 2 0 0 0 1 4 4 10 10 13 2 2 0 0 0 0 0 0 1 1 1 1 1 1 1 2 2 2 2 10 10 19 19 3 0 0 0 1 1 0 0 0 0 0 0
 5 5 0 0 0 1 8 8 6 6 5 1 1 0 0 0 0 0 1 1 1 0 1 1 1 1 1 2 2 3 3 3 12 12 8 12 12 8 2 2 0 0 0 0 0 0
