assets/RAT_results_old/precipitation/2017-01-27_IMERG.asc
ncols        46
nrows        77
xllcorner    74.800261325624
yllcorner    8.058333333333
cellsize     0.062500000000
NODATA_value -9999
 0 0 0 0 0 0 1 1 1 1 1 3 3 2 1 1 0 0 2 2 2 4 9 9 1 1 0 1 1 0 1 1 0 0 0 0 0 0 0 0 0 0 0 3 3 0
 1 1 0 0 0 0 3 3 15 15 5 7 7 6 3 3 7 7 4 6 6 2 2 2 1 1 0 0 0 0 0 0 0 0 0 0 0 0 1 1 0 0 1 1 1 1
 1 1 0 0 0 0 3 3 15 15 5 7 7 6 3 3 7 7 4 6 6 2 2 2 1 1 0 0 0 0 0 0 0 0 0 0 0 0 1 1 0 0 1 1 1 1
 0 0 0 0 0 0 4 4 24 24 10 9 9 7 6 6 8 8 9 18 18 7 1 1 0 0 0 0 0 0 0 0 0 0 0 0 0 0 0 0 0 0 0 1 1 1
 0 0 0 0 0 7 13 13 11 11 7 9 9 6 7 7 17 17 27 20 20 12 3 3 0 0 0 0 0 0 0 0 0 0 1 0 0 0 0 0 0 0 0 0 0 1
 0 0 0 0 0 7 13 13 11 11 7 9 9 6 7 7 17 17 27 20 20 12 3 3 0 0 0 0 0 0 0 0 0 0 1 0 0 0 0 0 0 0 0 0 0 1
 0 0 0 2 2 2 7 7 10 10 8 9 9 9 17 17 34 34 23 21 21 7 10 10 1 1 0 0 0 0 0 0 0 0 0 0 0 1 0 0 0 0 0 0 0 0
 0 0 0 2 2 2 7 7 10 10 8 9 9 9 17 17 34 34 23 21 21 7 10 10 1 1 0 0 0 0 0 0 0 0 0 0 0 1 0 0 0 0 0 0 0 0
 0 0 0 0 0 0 6 6 14 14 18 14 14 11 15 15 30 30 26 24 24 12 8 8 2 2 1 1 1 0 0 0 0 0 1 0 0 0 0 0 1 1 1 1 1 0
 0 0 1 0 0 0 5 5 7 7 11 21 21 16 19 19 36 36 29 26 26 12 8 8 3 3 2 2 2 0 0 0 0 0 0 0 0 0 0 0 0 0 0 0 0 1
 0 0 1 0 0 0 5 5 7 7 11 21 21 16 19 19 36 36 29 26 26 12 8 8 3 3 2 2 2 0 0 0 0 0 0 0 0 0 0 0 0 0 0 0 0 1
 0 0 0 0 0 0 2 2 9 9 4 18 18 18 21 21 30 30 31 20 20 15 11 11 9 9 3 5 5 2 0 0 0 0 0 0 0 0 0 0 0 0 0 0 0 0
 0 0 1 0 0 0 3 3 3 3 8 14 14 16 17 17 27 27 27 27 27 18 14 14 8 8 3 2 2 2 1 1 0 0 0 0 0 0 0 0 0 0 0 0 0 0
 0 0 1 0 0 0 3 3 3 3 8 14 14 16 17 17 27 27 27 27 27 18 14 14 8 8 3 2 2 2 1 1 0 0 0 0 0 0 0 0 0 0 0 0 0 0
 0 0 0 0 0 0 0 0 2 2 5 14 14 12 12 12 25 25 25 23 23 17 19 19 15 15 8 3 3 1 1 1 0 0 1 0 0 0 0 0 0 0 0 1 1 0
 0 0 0 0 0 0 0 0 2 2 5 14 14 12 12 12 25 25 25 23 23 17 19 19 15 15 8 3 3 1 1 1 0 0 1 0 0 0 0 0 0 0 0 1 1 0
 2 2 1 0 0 0 0 0 0 0 1 4 4 9 14 14 23 23 30 22 22 19 12 12 9 9 6 2 2 1 1 1 1 1 1 1 1 2 0 0 0 0 0 0 0 2
 1 1 0 0 0 0 0 0 0 0 2 3 3 3 5 5 31 31 31 25 25 25 10 10 13 13 6 5 5 1 0 0 1 1 1 1 1 0 0 0 0 0 0 0 0 0
 1 1 0 0 0 0 0 0 0 0 2 3 3 3 5 5 31 31 31 25 25 25 10 10 13 13 6 5 5 1 0 0 1 1 1 1 1 0 0 0 0 0 0 0 0 0
 1 1 0 0 0 0 0 0 0 0 1 3 3 2 4 4 19 19 22 18 18 15 11 11 11 11 6 8 8 4 1 1 0 0 0 0 0 0 0 0 0 0 0 0 0 0
 0 0 1 2 2 0 0 0 0 0 0 0 0 1 3 3 3 3 37 11 11 12 17 17 8 8 8 2 2 1 0 0 1 1 2 1 1 0 0 0 1 1 0 0 0 0
 0 0 1 2 2 0 0 0 0 0 0 0 0 1 3 3 3 3 37 11 11 12 17 17 8 8 8 2 2 1 0 0 1 1 2 1 1 0 0 0 1 1 0 0 0 0
 1 1 0 0 0 0 0 0 0 0 0 0 0 2 4 4 4 4 8 13 13 8 2 2 1 1 1 1 1 2 8 8 4 4 6 3 3 2 1 1 0 0 0 0 0 0
 1 1 0 0 0 0 0 0 0 0 0 0 0 2 4 4 4 4 8 13 13 8 2 2 1 1 1 1 1 2 8 8 4 4 6 3 3 2 1 1 0 0 0 0 0 0
 1 1 1 0 0 0 0 0 1 1 1 0 0 3 2 2 0 0 7 10 10 6 1 1 1 1 1 1 1 1 5 5 28 28 9 5 5 1 0 0 0 0 0 0 0 0
 1 1 1 17 17 0 0 0 0 0 0 0 0 1 1 1 0 0 0 1 1 1 1 1 0 0 1 1 1 2 10 10 14 14 10 1 1 1 0 0 0 0 0 1 1 3
 1 1 1 17 17 0 0 0 0 0 0 0 0 1 1 1 0 0 0 1 1 1 1 1 0 0 1 1 1 2 10 10 14 14 10 1 1 1 0 0 0 0 0 1 1 3
 0 0 1 0 0 0 0 0 0 0 2 0 0 0 0 0 0 0 0 0 0 0 1 1 1 1 1 3 3 1 1 1 6 6 3 0 0 0 0 0 0 0 1 1 1 3
 0 0 0 1 1 0 0 0 0 0 0 0 0 0 0 0 2 2 0 6 6 2 1 1 1 1 1 1 1 0 1 1 5 5 1 0 0 0 0 0 0 0 1 1 1 2
 0 0 0 1 1 0 0 0 0 0 0 0 0 0 0 0 2 2 0 6 6 2 1 1 1 1 1 1 1 0 1 1 5 5 1 0 0 0 0 0 0 0 1 1 1 2
 0 0 1 0 0 1 0 0 0 0 0 0 0 1 0 0 0 0 0 1 1 1 1 1 4 4 4 1 1 0 4 4 3 3 0 0 0 0 1 1 0 0 0 1 1 2
 0 0 1 0 0 1 0 0 0 0 0 0 0 1 0 0 0 0 0 1 1 1 1 1 4 4 4 1 1 0 4 4 3 3 0 0 0 0 1 1 0 0 0 1 1 2
 0 0 0 0 0 0 0 0 0 0 0 14 14 0 1 1 0 0 1 5 5 7 2 2 7 7 2 1 1 0 1 1 0 0 0 0 0 1 1 1 0 0 0 0 0 1
 0 0 0 0 0 0 0 0 0 0 1 0 0 1 1 1 1 1 0 1 1 1 1 1 0 0 0 0 0 0 1 1 0 0 0 1 1 2 2 2 1 1 1 0 0 1
 0 0 0 0 0 0 0 0 0 0 1 0 0 1 1 1 1 1 0 1 1 1 1 1 0 0 0 0 0 0 1 1 0 0 0 1 1 2 2 2 1 1 1 0 0 1
 0 0 0 1 1 1 1 1 0 0 0 0 0 1 2 2 1 1 1 3 3 1 1 1 1 1 0 1 1 0 1 1 1 1 1 0 0 0 5 5 6 6 5 2 2 0
 0 0 1 0 0 0 1 1 0 0 0 0 0 1 3 3 2 2 2 3 3 1 1 1 1 1 0 1 1 0 0 0 0 0 0 0 0 0 4 4 15 15 14 11 11 1
 0 0 1 0 0 0 1 1 0 0 0 0 0 1 3 3 2 2 2 3 3 1 1 1 1 1 0 1 1 0 0 0 0 0 0 0 0 0 4 4 15 15 14 11 11 1
 0 0 0 0 0 1 1 1 0 0 0 4 4 1 3 3 2 2 3 1 1 1 2 2 1 1 0 1 1 0 0 0 0 0 1 0 0 0 2 2 8 8 12 9 9 2
 0 0 0 0 0 1 1 1 0 0 0 4 4 1 3 3 2 2 3 1 1 1 2 2 1 1 0 1 1 0 0 0 0 0 1 0 0 0 2 2 8 8 12 9 9 2
 1 1 0 1 1 0 1 1 1 1 0 0 0 1 1 1 1 1 3 4 4 4 2 2 1 1 2 2 2 1 1 1 0 0 2 8 8 4 3 3 3 3 4 4 4 2
 2 2 2 0 0 1 0 0 1 1 1 1 1 5 1 1 2 2 6 6 6 2 4 4 2 2 2 2 2 2 14 14 12 12 7 5 5 7 6 6 6 6 4 2 2 3
 2 2 2 0 0 1 0 0 1 1 1 1 1 5 1 1 2 2 6 6 6 2 4 4 2 2 2 2 2 2 14 14 12 12 7 5 5 7 6 6 6 6 4 2 2 3
 1 1 0 0 0 4 2 2 1 1 1 0 0 1 3 3 3 3 3 2 2 1 2 2 3 3 3 4 4 4 9 9 13 13 15 16 16 11 10 10 5 5 2 1 1 3
 0 0 0 0 0 0 5 5 0 0 0 0 0 1 2 2 3 3 4 2 2 1 3 3 4 4 7 8 8 14 30 30 31 31 13 17 17 11 10 10 5 5 1 1 1 2
 0 0 0 0 0 0 5 5 0 0 0 0 0 1 2 2 3 3 4 2 2 1 3 3 4 4 7 8 8 14 30 30 31 31 13 17 17 11 10 10 5 5 1 1 1 2
 2 2 0 0 0 0 0 0 1 1 0 1 1 3 3 3 2 2 3 2 2 2 3 3 8 8 11 13 13 24 33 33 32 32 10 6 6 4 2 2 4 4 1 3 3 4
 2 2 0 0 0 0 0 0 1 1 0 1 1 3 3 3 2 2 3 2 2 2 3 3 8 8 11 13 13 24 33 33 32 32 10 6 6 4 2 2 4 4 1 3 3 4
 5 5 1 0 0 0 0 0 0 0 0 1 1 2 1 1 0 0 0 1 1 1 2 2 9 9 12 15 15 41 40 40 39 39 29 1 1 0 1 1 3 3 4 1 1 5
 2 2 1 0 0 0 0 0 0 0 0 0 0 5 0 0 0 0 0 0 0 1 3 3 10 10 14 22 22 47 50 50 38 38 28 4 4 1 15 15 19 19 18 6 6 5
 2 2 1 0 0 0 0 0 0 0 0 0 0 5 0 0 0 0 0 0 0 1 3 3 10 10 14 22 22 47 50 50 38 38 28 4 4 1 15 15 19 19 18 6 6 5
 1 1 1 5 5 0 2 2 1 1 1 0 0 0 0 0 0 0 0 1 1 1 4 4 12 12 16 19 19 18 46 46 16 16 11 3 3 0 5 5 8 8 11 9 9 10
 2 2 0 0 0 0 1 1 1 1 1 1 1 0 3 3 0 0 0 0 0 2 4 4 12 12 17 22 22 23 29 29 16 16 10 2 2 11 12 12 19 19 13 21 21 14
 2 2 0 0 0 0 1 1 1 1 1 1 1 0 3 3 0 0 0 0 0 2 4 4 12 12 17 22 22 23 29 29 16 16 10 2 2 11 12 12 19 19 13 21 21 14
 1 1 1 1 1 1 0 0 1 1 1 1 1 0 0 0 0 0 0 0 0 2 7 7 12 12 27 21 21 21 21 21 12 12 9 2 2 9 29 29 31 31 16 19 19 13
 1 1 1 1 1 1 0 0 1 1 1 1 1 0 0 0 0 0 0 0 0 2 7 7 12 12 27 21 21 21 21 21 12 12 9 2 2 9 29 29 31 31 16 19 19 13
 1 1 1 2 2 1 1 1 1 1 1 0 0 0 0 0 3 3 0 0 0 1 7 7 18 18 25 19 19 17 18 18 17 17 13 3 3 11 24 24 23 23 32 17 17 12
 2 2 4 3 3 2 1 1 1 1 1 1 1 1 2 2 0 0 0 1 1 1 8 8 28 28 27 14 14 22 20 20 20 20 9 3 3 7 30 30 27 27 35 31 31 12
 2 2 4 3 3 2 1 1 1 1 1 1 1 1 2 2 0 0 0 1 1 1 8 8 28 28 27 14 14 22 20 20 20 20 9 3 3 7 30 30 27 27 35 31 31 12
 8 8 3 4 4 3 2 2 2 2 2 2 2 1 1 1 0 0 0 0 0 3 11 11 33 33 28 19 19 21 15 15 6 6 4 6 6 13 47 47 23 23 28 32 32 7
 3 3 3 4 4 3 2 2 2 2 2 2 2 2 1 1 1 1 1 0 0 4 8 8 18 18 30 24 24 11 7 7 5 5 2 7 7 12 12 12 17 17 17 14 14 4
 3 3 3 4 4 3 2 2 2 2 2 2 2 2 1 1 1 1 1 0 0 4 8 8 18 18 30 24 24 11 7 7 5 5 2 7 7 12 12 12 17 17 17 14 14 4
 3 3 3 3 3 4 2 2 3 3 3 2 2 2 2 2 2 2 2 2 2 1 3 3 3 3 16 13 13 8 8 8 4 4 2 7 7 11 9 9 5 5 10 5 5 4
 3 3 3 3 3 4 2 2 3 3 3 2 2 2 2 2 2 2 2 2 2 1 3 3 3 3 16 13 13 8 8 8 4 4 2 7 7 11 9 9 5 5 10 5 5 4
 2 2 2 4 4 2 2 2 3 3 3 2 2 2 3 3 2 2 4 9 9 15 17 17 2 2 3 6 6 6 4 4 3 3 1 1 1 2 7 7 7 7 7 9 9 4
 2 2 3 2 2 2 3 3 4 4 6 7 7 8 21 21 18 18 10 32 32 7 4 4 3 3 1 5 5 6 3 3 1 1 8 6 6 3 9 9 5 5 4 7 7 4
 2 2 3 2 2 2 3 3 4 4 6 7 7 8 21 21 18 18 10 32 32 7 4 4 3 3 1 5 5 6 3 3 1 1 8 6 6 3 9 9 5 5 4 7 7 4
 2 2 2 2 2 2 3 3 4 4 6 7 7 9 24 24 20 20 18 5 5 24 2 2 4 4 1 3 3 5 3 3 6 6 8 39 39 8 4 4 3 3 2 1 1 8
 3 3 2 5 5 5 7 7 9 9 11 27 27 26 26 26 23 23 18 3 3 3 1 1 2 2 0 2 2 3 2 2 2 2 8 7 7 4 2 2 3 3 2 2 2 15
 3 3 2 5 5 5 7 7 9 9 11 27 27 26 26 26 23 23 18 3 3 3 1 1 2 2 0 2 2 3 2 2 2 2 8 7 7 4 2 2 3 3 2 2 2 15
 3 3 3 3 3 4 5 5 7 7 8 21 21 18 3 3 3 3 7 5 5 1 1 1 1 1 2 0 0 1 2 2 1 1 13 3 3 2 3 3 3 3 3 6 6 16
 3 3 3 3 3 4 5 5 7 7 8 21 21 18 3 3 3 3 7 5 5 1 1 1 1 1 2 0 0 1 2 2 1 1 13 3 3 2 3 3 3 3 3 6 6 16
 2 2 1 2 2 2 2 2 3 3 4 4 4 5 7 7 8 8 13 23 23 17 1 1 1 1 1 1 1 0 2 2 5 5 5 11 11 4 4 4 5 5 6 9 9 14
 4 4 2 3 3 2 4 4 5 5 9 4 4 8 6 6 8 8 11 26 26 21 27 27 1 1 2 2 2 1 1 1 4 4 4 3 3 7 6 6 6 6 11 11 11 15
 4 4 2 3 3 2 4 4 5 5 9 4 4 8 6 6 8 8 11 26 26 21 27 27 1 1 2 2 2 1 1 1 4 4 4 3 3 7 6 6 6 6 11 11 11 15
 1 1 1 2 2 2 2 2 3 3 8 4 4 5 5 5 7 7 9 23 23 22 26 26 2 2 5 5 5 2 1 1 6 6 10 6 6 7 10 10 7 7 9 11 11 18
 1 1 1 2 2 2 3 3 2 2 3 2 2 2 3 3 4 4 4 15 15 2 1 1 2 2 2 10 10 1 2 2 9 9 4 6 6 7 9 9 8 8 15 12 12 21
