assets/RAT_results_old/precipitation/2017-07-13_IMERG.asc
ncols        46
nrows        77
xllcorner    74.800261325624
yllcorner    8.058333333333
cellsize     0.062500000000
NODATA_value -9999
 45 45 55 49 49 54 31 31 40 40 37 18 18 24 9 9 9 9 4 4 4 3 8 8 3 3 11 2 2 2 5 5 1 1 0 0 0 2 2 2 1 1 0 0 0 0
 51 51 59 56 56 56 47 47 26 26 37 22 22 16 8 8 10 10 10 6 6 3 3 3 2 2 1 1 1 0 0 0 0 0 3 0 0 1 2 2 2 2 0 0 0 0
 51 51 59 56 56 56 47 47 26 26 37 22 22 16 8 8 10 10 10 6 6 3 3 3 2 2 1 1 1 0 0 0 0 0 3 0 0 1 2 2 2 2 0 0 0 0
 60 60 51 57 57 43 45 45 32 32 26 30 30 17 13 13 10 10 11 4 4 9 1 1 1 1 3 3 3 2 1 1 0 0 1 1 1 7 2 2 1 1 1 0 0 0
 55 55 55 64 64 46 38 38 46 46 27 16 16 19 31 31 15 15 13 10 10 8 1 1 1 1 0 1 1 1 1 1 1 1 1 1 1 2 1 1 1 1 1 0 0 1
 55 55 55 64 64 46 38 38 46 46 27 16 16 19 31 31 15 15 13 10 10 8 1 1 1 1 0 1 1 1 1 1 1 1 1 1 1 2 1 1 1 1 1 0 0 1
 41 41 46 47 47 42 34 34 52 52 25 23 23 20 23 23 20 20 10 6 6 7 3 3 3 3 2 3 3 1 2 2 1 1 1 2 2 1 1 1 1 1 1 1 1 1
 41 41 46 47 47 42 34 34 52 52 25 23 23 20 23 23 20 20 10 6 6 7 3 3 3 3 2 3 3 1 2 2 1 1 1 2 2 1 1 1 1 1 1 1 1 1
 34 34 46 45 45 47 35 35 33 33 36 30 30 20 23 23 17 17 9 7 7 8 6 6 5 5 8 4 4 3 3 3 3 3 3 2 2 2 3 3 3 3 2 1 1 2
 22 22 33 33 33 44 41 41 39 39 27 19 19 26 16 16 16 16 11 8 8 9 8 8 7 7 7 9 9 5 9 9 4 4 4 4 4 3 4 4 3 3 2 8 8 4
 22 22 33 33 33 44 41 41 39 39 27 19 19 26 16 16 16 16 11 8 8 9 8 8 7 7 7 9 9 5 9 9 4 4 4 4 4 3 4 4 3 3 2 8 8 4
 33 33 32 37 37 47 46 46 41 41 32 18 18 19 16 16 14 14 12 12 12 9 9 9 9 9 9 7 7 6 9 9 5 5 4 4 4 3 2 2 2 2 1 2 2 1
 21 21 31 37 37 47 45 45 48 48 41 28 28 19 26 26 17 17 16 18 18 13 11 11 10 10 10 8 8 5 8 8 15 15 5 4 4 5 3 3 2 2 2 1 1 1
 21 21 31 37 37 47 45 45 48 48 41 28 28 19 26 26 17 17 16 18 18 13 11 11 10 10 10 8 8 5 8 8 15 15 5 4 4 5 3 3 2 2 2 1 1 1
 24 24 26 37 37 45 38 38 47 47 34 29 29 22 21 21 28 28 15 17 17 13 11 11 11 11 10 8 8 4 5 5 7 7 15 6 6 16 3 3 5 5 4 6 6 3
 24 24 26 37 37 45 38 38 47 47 34 29 29 22 21 21 28 28 15 17 17 13 11 11 11 11 10 8 8 4 5 5 7 7 15 6 6 16 3 3 5 5 4 6 6 3
 22 22 20 25 25 27 44 44 43 43 41 34 34 29 23 23 25 25 21 16 16 12 8 8 7 7 6 5 5 5 5 5 7 7 7 5 5 5 5 5 7 7 5 3 3 3
 20 20 17 19 19 19 33 33 35 35 34 40 40 33 22 22 31 31 22 20 20 20 7 7 4 4 5 9 9 6 4 4 7 7 5 4 4 4 5 5 4 4 4 2 2 1
 20 20 17 19 19 19 33 33 35 35 34 40 40 33 22 22 31 31 22 20 20 20 7 7 4 4 5 9 9 6 4 4 7 7 5 4 4 4 5 5 4 4 4 2 2 1
 19 19 21 18 18 17 19 19 26 26 32 43 43 34 22 22 20 20 19 17 17 9 6 6 9 9 8 10 10 6 5 5 6 6 5 4 4 4 5 5 9 9 4 7 7 3
 15 15 19 18 18 10 15 15 19 19 24 47 47 45 29 29 23 23 16 15 15 13 11 11 9 9 6 5 5 6 6 6 6 6 6 3 3 3 3 3 3 3 3 3 3 3
 15 15 19 18 18 10 15 15 19 19 24 47 47 45 29 29 23 23 16 15 15 13 11 11 9 9 6 5 5 6 6 6 6 6 6 3 3 3 3 3 3 3 3 3 3 3
 7 7 10 10 10 11 11 11 12 12 11 36 36 51 30 30 21 21 19 20 20 19 13 13 7 7 6 5 5 7 7 7 6 6 5 3 3 2 2 2 3 3 3 3 3 5
 7 7 10 10 10 11 11 11 12 12 11 36 36 51 30 30 21 21 19 20 20 19 13 13 7 7 6 5 5 7 7 7 6 6 5 3 3 2 2 2 3 3 3 3 3 5
 5 5 7 7 7 8 7 7 7 7 7 29 29 27 23 23 22 22 19 15 15 14 9 9 7 7 11 8 8 10 7 7 5 5 4 3 3 1 3 3 4 4 4 5 5 5
 5 5 7 7 7 7 8 8 6 6 9 15 15 19 30 30 26 26 19 16 16 19 10 10 11 11 11 10 10 13 9 9 6 6 3 2 2 1 1 1 4 4 4 4 4 4
 5 5 7 7 7 7 8 8 6 6 9 15 15 19 30 30 26 26 19 16 16 19 10 10 11 11 11 10 10 13 9 9 6 6 3 2 2 1 1 1 4 4 4 4 4 4
 5 5 6 11 11 8 6 6 7 7 9 14 14 20 41 41 39 39 27 23 23 22 23 23 10 10 15 10 10 18 8 8 6 6 3 2 2 2 1 1 4 4 3 4 4 3
 4 4 5 6 6 8 8 8 8 8 10 13 13 19 46 46 49 49 32 25 25 24 25 25 20 20 19 15 15 18 15 15 9 9 5 3 3 2 1 1 4 4 3 3 3 2
 4 4 5 6 6 8 8 8 8 8 10 13 13 19 46 46 49 49 32 25 25 24 25 25 20 20 19 15 15 18 15 15 9 9 5 3 3 2 1 1 4 4 3 3 3 2
 3 3 5 5 5 7 9 9 9 9 12 15 15 17 51 51 63 63 42 25 25 26 29 29 25 25 24 22 22 16 17 17 9 9 6 3 3 2 2 2 3 3 2 2 2 1
 3 3 5 5 5 7 9 9 9 9 12 15 15 17 51 51 63 63 42 25 25 26 29 29 25 25 24 22 22 16 17 17 9 9 6 3 3 2 2 2 3 3 2 2 2 1
 2 2 4 5 5 8 8 8 9 9 10 16 16 17 56 56 71 71 51 29 29 30 32 32 29 29 30 26 26 17 13 13 12 12 14 4 4 3 3 3 3 3 1 1 1 1
 3 3 5 6 6 8 8 8 11 11 12 24 24 17 45 45 66 66 54 34 34 30 33 33 33 33 35 23 23 24 18 18 14 14 10 5 5 6 4 4 4 4 1 1 1 1
 3 3 5 6 6 8 8 8 11 11 12 24 24 17 45 45 66 66 54 34 34 30 33 33 33 33 35 23 23 24 18 18 14 14 10 5 5 6 4 4 4 4 1 1 1 1
 4 4 5 6 6 9 8 8 10 10 10 16 16 22 37 37 53 53 41 34 34 31 31 31 29 29 32 24 24 21 18 18 14 14 10 7 7 9 5 5 4 4 1 1 1 1
 5 5 5 6 6 7 7 7 10 10 12 15 15 23 34 34 43 43 34 32 32 30 28 28 27 27 28 25 25 20 19 19 15 15 12 8 8 8 7 7 4 4 2 1 1 2
 5 5 5 6 6 7 7 7 10 10 12 15 15 23 34 34 43 43 34 32 32 30 28 28 27 27 28 25 25 20 19 19 15 15 12 8 8 8 7 7 4 4 2 1 1 2
 6 6 6 6 6 8 7 7 8 8 8 11 11 13 35 35 33 33 30 28 28 26 28 28 25 25 25 23 23 20 20 20 21 21 16 8 8 8 7 7 5 5 2 1 1 2
 6 6 6 6 6 8 7 7 8 8 8 11 11 13 35 35 33 33 30 28 28 26 28 28 25 25 25 23 23 20 20 20 21 21 16 8 8 8 7 7 5 5 2 1 1 2
 5 5 5 6 6 7 8 8 8 8 6 8 8 10 21 21 24 24 26 25 25 24 26 26 26 26 23 20 20 19 20 20 18 18 15 9 9 9 5 5 5 5 3 2 2 3
 5 5 5 6 6 6 5 5 7 7 5 4 4 5 8 8 13 13 18 20 20 19 21 21 23 23 20 20 20 19 18 18 16 16 12 12 12 7 7 7 6 6 4 2 2 2
 5 5 5 6 6 6 5 5 7 7 5 4 4 5 8 8 13 13 18 20 20 19 21 21 23 23 20 20 20 19 18 18 16 16 12 12 12 7 7 7 6 6 4 2 2 2
 5 5 5 5 5 5 4 4 3 3 4 4 4 5 7 7 7 7 13 16 16 16 17 17 23 23 18 17 17 17 15 15 14 14 11 10 10 7 6 6 5 5 4 2 2 2
 4 4 5 4 4 3 3 3 2 2 2 3 3 3 6 6 6 6 6 10 10 21 16 16 21 21 22 18 18 15 13 13 12 12 16 10 10 8 5 5 5 5 4 3 3 2
 4 4 5 4 4 3 3 3 2 2 2 3 3 3 6 6 6 6 6 10 10 21 16 16 21 21 22 18 18 15 13 13 12 12 16 10 10 8 5 5 5 5 4 3 3 2
 4 4 3 3 3 2 2 2 1 1 1 1 1 2 3 3 5 5 5 8 8 14 15 15 20 20 20 17 17 13 10 10 9 9 8 8 8 3 3 3 4 4 4 4 4 3
 4 4 3 3 3 2 2 2 1 1 1 1 1 2 3 3 5 5 5 8 8 14 15 15 20 20 20 17 17 13 10 10 9 9 8 8 8 3 3 3 4 4 4 4 4 3
 2 2 3 2 2 2 1 1 1 1 1 1 1 1 2 2 3 3 4 5 5 9 10 10 17 17 19 17 17 10 11 11 7 7 6 6 6 3 3 3 3 3 3 3 3 3
 2 2 2 3 3 1 1 1 1 1 0 0 0 1 2 2 3 3 4 4 4 6 7 7 14 14 16 13 13 7 6 6 7 7 5 6 6 3 3 3 2 2 2 2 2 2
 2 2 2 3 3 1 1 1 1 1 0 0 0 1 2 2 3 3 4 4 4 6 7 7 14 14 16 13 13 7 6 6 7 7 5 6 6 3 3 3 2 2 2 2 2 2
 1 1 1 1 1 2 1 1 1 1 0 1 1 1 1 1 2 2 2 3 3 4 5 5 11 11 11 10 10 5 5 5 7 7 6 6 6 4 2 2 1 1 1 1 1 1
 1 1 1 1 1 1 1 1 1 1 1 1 1 1 1 1 2 2 2 3 3 3 4 4 8 8 7 8 8 4 4 4 5 5 11 6 6 5 2 2 1 1 1 1 1 1
 1 1 1 1 1 1 1 1 1 1 1 1 1 1 1 1 2 2 2 3 3 3 4 4 8 8 7 8 8 4 4 4 5 5 11 6 6 5 2 2 1 1 1 1 1 1
 1 1 1 1 1 1 2 2 1 1 1 2 2 1 1 1 2 2 1 2 2 2 3 3 6 6 5 5 5 3 3 3 4 4 5 5 5 5 3 3 3 3 1 1 1 1
 1 1 1 1 1 1 2 2 1 1 1 2 2 1 1 1 2 2 1 2 2 2 3 3 6 6 5 5 5 3 3 3 4 4 5 5 5 5 3 3 3 3 1 1 1 1
 0 0 1 1 1 2 2 2 2 2 2 1 1 1 1 1 2 2 1 1 1 2 3 3 5 5 4 4 4 2 2 2 3 3 3 5 5 4 2 2 1 1 1 1 1 1
 0 0 1 1 1 2 3 3 2 2 2 2 2 2 2 2 2 2 1 2 2 4 4 4 4 4 2 3 3 2 2 2 2 2 2 4 4 3 1 1 1 1 1 1 1 0
 0 0 1 1 1 2 3 3 2 2 2 2 2 2 2 2 2 2 1 2 2 4 4 4 4 4 2 3 3 2 2 2 2 2 2 4 4 3 1 1 1 1 1 1 1 0
 0 0 1 2 2 3 3 3 3 3 3 2 2 2 1 1 2 2 2 2 2 2 2 2 3 3 2 2 2 2 2 2 1 1 1 2 2 2 1 1 0 0 0 0 0 0
 1 1 1 2 2 3 4 4 3 3 3 2 2 1 1 1 1 1 1 1 1 2 2 2 2 2 1 2 2 2 1 1 1 1 1 1 1 1 0 0 0 0 0 0 0 0
 1 1 1 2 2 3 4 4 3 3 3 2 2 1 1 1 1 1 1 1 1 2 2 2 2 2 1 2 2 2 1 1 1 1 1 1 1 1 0 0 0 0 0 0 0 0
 0 0 1 2 2 3 4 4 4 4 3 2 2 1 1 1 1 1 1 1 1 2 1 1 1 1 1 1 1 2 1 1 1 1 1 1 1 1 0 0 0 0 0 0 0 0
 0 0 1 2 2 3 4 4 4 4 3 2 2 1 1 1 1 1 1 1 1 2 1 1 1 1 1 1 1 2 1 1 1 1 1 1 1 1 0 0 0 0 0 0 0 0
 1 1 2 2 2 3 3 3 3 3 3 2 2 1 1 1 1 1 1 1 1 2 1 1 1 1 1 1 1 2 1 1 0 0 0 0 0 1 1 1 0 0 0 0 0 0
 1 1 1 2 2 2 2 2 2 2 2 1 1 1 1 1 1 1 1 1 1 1 1 1 1 1 1 2 2 4 2 2 0 0 1 0 0 1 1 1 0 0 0 0 0 0
 1 1 1 2 2 2 2 2 2 2 2 1 1 1 1 1 1 1 1 1 1 1 1 1 1 1 1 2 2 4 2 2 0 0 1 0 0 1 1 1 0 0 0 0 0 0
 0 0 1 1 1 1 2 2 2 2 2 1 1 1 1 1 0 0 1 1 1 1 1 1 1 1 1 2 2 4 4 4 1 1 0 0 0 0 0 0 0 0 0 0 0 0
 0 0 0 0 0 1 1 1 1 1 1 1 1 1 0 0 0 0 0 0 0 1 0 0 0 0 0 1 1 5 3 3 3 3 2 0 0 0 0 0 0 0 0 0 0 0
 0 0 0 0 0 1 1 1 1 1 1 1 1 1 0 0 0 0 0 0 0 1 0 0 0 0 0 1 1 5 3 3 3 3 2 0 0 0 0 0 0 0 0 0 0 0
 0 0 0 0 0 0 1 1 1 1 1 0 0 0 0 0 0 0 0 0 0 0 0 0 0 0 0 1 1 5 2 2 2 2 1 0 0 0 0 0 0 0 0 0 0 0
 0 0 0 0 0 0 1 1 1 1 1 0 0 0 0 0 0 0 0 0 0 0 0 0 0 0 0 1 1 5 2 2 2 2 1 0 0 0 0 0 0 0 0 0 0 0
 0 0 0 0 0 0 0 0 0 0 0 0 0 0 0 0 0 0 0 0 0 0 0 0 0 0 0 0 0 3 1 1 2 2 2 0 0 0 0 0 0 0 0 0 0 0
 0 0 0 0 0 0 0 0 0 0 0 0 0 0 0 0 0 0 0 0 0 0 0 0 0 0 0 0 0 3 1 1 2 2 1 1 1 0 0 0 0 0 0 0 0 0
 0 0 0 0 0 0 0 0 0 0 0 0 0 0 0 0 0 0 0 0 0 0 0 0 0 0 0 0 0 3 1 1 2 2 1 1 1 0 0 0 0 0 0 0 0 0
 0 0 0 0 0 0 0 0 0 0 0 0 0 0 0 0 0 0 0 0 0 0 0 0 0 0 0 0 0 1 1 1 1 1 1 1 1 1 0 0 0 0 0 0 0 0
 0 0 0 0 0 0 0 0 0 0 0 0 0 0 0 0 0 0 0 0 0 0 0 0 0 0 0 0 0 1 0 0 0 0 1 1 1 1 1 1 1 1 0 0 0 0
