assets/RAT_results_old/precipitation/2017-05-25_IMERG.asc
ncols        46
nrows        77
xllcorner    74.800261325624
yllcorner    8.058333333333
cellsize     0.062500000000
NODATA_value -9999
 0 0 0 0 0 1 1 1 1 1 0 0 0 0 0 0 0 0 0 0 0 0 0 0 0 0 0 0 0 0 0 0 0 0 0 0 0 0 0 0 0 0 0 0 0 1
 0 0 0 0 0 0 0 0 0 0 0 0 0 0 0 0 0 0 0 0 0 0 0 0 0 0 0 0 0 0 0 0 0 0 0 0 0 0 0 0 1 1 1 1 1 1
 0 0 0 0 0 0 0 0 0 0 0 0 0 0 0 0 0 0 0 0 0 0 0 0 0 0 0 0 0 0 0 0 0 0 0 0 0 0 0 0 1 1 1 1 1 1
 0 0 1 0 0 0 0 0 0 0 0 0 0 0 0 0 0 0 0 0 0 0 0 0 0 0 0 0 0 0 0 0 1 1 1 1 1 1 0 0 1 1 1 1 1 1
 0 0 0 0 0 0 0 0 0 0 0 0 0 0 0 0 0 0 0 0 0 0 0 0 0 0 0 0 0 1 1 1 1 1 1 1 1 1 1 1 1 1 1 1 1 1
 0 0 0 0 0 0 0 0 0 0 0 0 0 0 0 0 0 0 0 0 0 0 0 0 0 0 0 0 0 1 1 1 1 1 1 1 1 1 1 1 1 1 1 1 1 1
 0 0 0 1 1 1 1 1 0 0 0 0 0 0 0 0 0 0 0 0 0 0 0 0 0 0 0 0 0 1 1 1 1 1 1 1 1 1 1 1 1 1 1 1 1 3
 0 0 0 1 1 1 1 1 0 0 0 0 0 0 0 0 0 0 0 0 0 0 0 0 0 0 0 0 0 1 1 1 1 1 1 1 1 1 1 1 1 1 1 1 1 3
 0 0 0 1 1 0 0 0 1 1 0 0 0 0 0 0 0 0 0 0 0 0 0 0 0 0 0 1 1 1 1 1 1 1 1 1 1 1 2 2 1 1 2 2 2 3
 0 0 0 0 0 0 0 0 0 0 0 0 0 0 0 0 0 0 0 0 0 0 0 0 0 0 0 1 1 1 1 1 1 1 1 1 1 2 2 2 2 2 3 3 3 7
 0 0 0 0 0 0 0 0 0 0 0 0 0 0 0 0 0 0 0 0 0 0 0 0 0 0 0 1 1 1 1 1 1 1 1 1 1 2 2 2 2 2 3 3 3 7
 0 0 0 0 0 0 1 1 0 0 0 0 0 0 0 0 0 0 0 0 0 0 0 0 0 0 1 1 1 1 1 1 1 1 1 1 1 2 2 2 2 2 2 5 5 22
 0 0 0 0 0 0 1 1 0 0 0 0 0 0 0 0 0 0 0 0 0 0 0 0 1 1 1 1 1 1 1 1 1 1 1 1 1 2 4 4 4 4 4 22 22 22
 0 0 0 0 0 0 1 1 0 0 0 0 0 0 0 0 0 0 0 0 0 0 0 0 1 1 1 1 1 1 1 1 1 1 1 1 1 2 4 4 4 4 4 22 22 22
 4 4 0 1 1 0 0 0 0 0 0 0 0 0 0 0 0 0 0 0 0 0 0 0 1 1 1 1 1 1 1 1 2 2 2 2 2 2 4 4 4 4 16 31 31 31
 4 4 0 1 1 0 0 0 0 0 0 0 0 0 0 0 0 0 0 0 0 0 0 0 1 1 1 1 1 1 1 1 2 2 2 2 2 2 4 4 4 4 16 31 31 31
 4 4 2 0 0 0 0 0 0 0 0 0 0 0 0 0 0 0 0 0 0 0 0 0 1 1 1 1 1 2 2 2 2 2 3 4 4 4 10 10 21 21 21 31 31 31
 2 2 1 0 0 0 0 0 0 0 0 0 0 0 0 0 0 0 0 0 0 0 0 0 1 1 1 1 1 1 3 3 2 2 4 4 4 5 11 11 34 34 34 31 31 28
 2 2 1 0 0 0 0 0 0 0 0 0 0 0 0 0 0 0 0 0 0 0 0 0 1 1 1 1 1 1 3 3 2 2 4 4 4 5 11 11 34 34 34 31 31 28
 0 0 4 0 0 0 0 0 0 0 0 0 0 0 0 0 0 0 0 0 0 0 0 0 1 1 1 1 1 1 2 2 3 3 4 5 5 6 5 5 35 35 34 29 29 32
 1 1 1 1 1 0 0 0 0 0 0 0 0 0 0 0 0 0 0 0 0 0 0 0 1 1 1 1 1 2 3 3 3 3 4 6 6 5 4 4 42 42 41 40 40 32
 1 1 1 1 1 0 0 0 0 0 0 0 0 0 0 0 0 0 0 0 0 0 0 0 1 1 1 1 1 2 3 3 3 3 4 6 6 5 4 4 42 42 41 40 40 32
 2 2 5 1 1 0 0 0 0 0 0 0 0 0 0 0 0 0 0 0 0 0 0 0 1 1 2 2 2 3 5 5 5 5 7 8 8 7 4 4 20 20 25 25 25 43
 2 2 5 1 1 0 0 0 0 0 0 0 0 0 0 0 0 0 0 0 0 0 0 0 1 1 2 2 2 3 5 5 5 5 7 8 8 7 4 4 20 20 25 25 25 43
 0 0 3 1 1 0 0 0 0 0 0 0 0 0 0 0 1 1 1 0 0 1 0 0 1 1 2 3 3 8 7 7 8 8 9 10 10 7 4 4 5 5 24 25 25 8
 1 1 0 2 2 0 0 0 0 0 0 0 0 0 0 0 0 0 0 3 3 1 1 1 3 3 4 5 5 7 9 9 8 8 11 10 10 9 7 7 8 8 18 16 16 7
 1 1 0 2 2 0 0 0 0 0 0 0 0 0 0 0 0 0 0 3 3 1 1 1 3 3 4 5 5 7 9 9 8 8 11 10 10 9 7 7 8 8 18 16 16 7
 1 1 1 1 1 1 1 1 1 1 0 0 0 0 0 0 1 1 0 0 0 1 1 1 4 4 4 5 5 7 8 8 9 9 12 14 14 9 8 8 8 8 15 3 3 2
 1 1 1 1 1 1 1 1 1 1 1 0 0 0 0 0 1 1 0 0 0 0 1 1 4 4 6 6 6 9 10 10 12 12 18 19 19 13 9 9 5 5 3 2 2 1
 1 1 1 1 1 1 1 1 1 1 1 0 0 0 0 0 1 1 0 0 0 0 1 1 4 4 6 6 6 9 10 10 12 12 18 19 19 13 9 9 5 5 3 2 2 1
 1 1 1 1 1 1 1 1 0 0 0 0 0 0 1 1 1 1 1 0 0 0 0 0 5 5 7 9 9 13 10 10 18 18 18 20 20 13 11 11 6 6 1 1 1 1
 1 1 1 1 1 1 1 1 0 0 0 0 0 0 1 1 1 1 1 0 0 0 0 0 5 5 7 9 9 13 10 10 18 18 18 20 20 13 11 11 6 6 1 1 1 1
 1 1 1 1 1 1 1 1 1 1 1 1 1 1 2 2 2 2 3 9 9 0 1 1 6 6 9 13 13 17 15 15 19 19 19 21 21 12 9 9 2 2 1 2 2 3
 1 1 1 2 2 1 2 2 2 2 2 2 2 7 5 5 4 4 4 2 2 1 6 6 6 6 12 14 14 17 18 18 19 19 19 20 20 8 5 5 1 1 1 2 2 4
 1 1 1 2 2 1 2 2 2 2 2 2 2 7 5 5 4 4 4 2 2 1 6 6 6 6 12 14 14 17 18 18 19 19 19 20 20 8 5 5 1 1 1 2 2 4
 1 1 1 4 4 2 2 2 3 3 3 3 3 9 7 7 5 5 4 4 4 3 5 5 9 9 11 12 12 16 18 18 21 21 19 10 10 5 4 4 0 0 0 1 1 2
 1 1 3 3 3 4 2 2 3 3 2 7 7 7 7 7 7 7 7 11 11 4 11 11 10 10 9 16 16 16 25 25 23 23 26 10 10 6 4 4 1 1 1 1 1 1
 1 1 3 3 3 4 2 2 3 3 2 7 7 7 7 7 7 7 7 11 11 4 11 11 10 10 9 16 16 16 25 25 23 23 26 10 10 6 4 4 1 1 1 1 1 1
 15 15 8 3 3 3 3 3 2 2 3 2 2 3 7 7 8 8 6 22 22 13 16 16 22 22 15 24 24 25 26 26 25 25 27 13 13 8 7 7 3 3 3 1 1 1
 15 15 8 3 3 3 3 3 2 2 3 2 2 3 7 7 8 8 6 22 22 13 16 16 22 22 15 24 24 25 26 26 25 25 27 13 13 8 7 7 3 3 3 1 1 1
 3 3 7 8 8 4 4 4 6 6 6 3 3 3 16 16 12 12 12 44 44 42 39 39 41 41 20 33 33 27 29 29 27 27 18 7 7 10 5 5 11 11 5 4 4 2
 5 5 12 8 8 9 8 8 10 10 16 7 7 5 24 24 26 26 31 48 48 51 84 84 144 144 50 53 53 25 24 24 19 19 8 2 2 11 14 14 18 18 8 4 4 5
 5 5 12 8 8 9 8 8 10 10 16 7 7 5 24 24 26 26 31 48 48 51 84 84 144 144 50 53 53 25 24 24 19 19 8 2 2 11 14 14 18 18 8 4 4 5
 5 5 7 11 11 17 26 26 31 31 26 18 18 43 49 49 31 31 20 133 133 156 178 178 156 156 52 64 64 34 25 25 15 15 3 3 3 9 19 19 15 15 6 1 1 1
 6 6 9 17 17 28 29 29 34 34 37 19 19 41 54 54 53 53 53 20 20 136 180 180 162 162 76 78 78 36 19 19 8 8 4 0 0 1 7 7 3 3 1 2 2 0
 6 6 9 17 17 28 29 29 34 34 37 19 19 41 54 54 53 53 53 20 20 136 180 180 162 162 76 78 78 36 19 19 8 8 4 0 0 1 7 7 3 3 1 2 2 0
 18 18 18 16 16 32 47 47 20 20 22 21 21 48 56 56 48 48 53 42 42 61 143 143 130 130 37 34 34 26 33 33 8 8 8 0 0 0 0 0 1 1 0 0 0 0
 18 18 18 16 16 32 47 47 20 20 22 21 21 48 56 56 48 48 53 42 42 61 143 143 130 130 37 34 34 26 33 33 8 8 8 0 0 0 0 0 1 1 0 0 0 0
 14 14 18 27 27 40 43 43 24 24 18 26 26 31 47 47 48 48 39 22 22 19 23 23 28 28 32 32 32 26 43 43 20 20 4 2 2 0 1 1 1 1 1 1 1 0
 21 21 23 26 26 53 59 59 34 34 28 22 22 38 35 35 33 33 40 22 22 21 18 18 15 15 31 27 27 29 42 42 31 31 15 3 3 0 2 2 1 1 0 0 0 1
 21 21 23 26 26 53 59 59 34 34 28 22 22 38 35 35 33 33 40 22 22 21 18 18 15 15 31 27 27 29 42 42 31 31 15 3 3 0 2 2 1 1 0 0 0 1
 12 12 25 26 26 23 45 45 33 33 23 30 30 21 23 23 29 29 37 27 27 26 11 11 15 15 22 50 50 53 49 49 35 35 9 3 3 0 3 3 0 0 0 0 0 1
 15 15 27 24 24 18 19 19 24 24 21 35 35 30 19 19 18 18 29 31 31 24 20 20 10 10 24 52 52 60 34 34 12 12 9 4 4 6 3 3 0 0 0 0 0 1
 15 15 27 24 24 18 19 19 24 24 21 35 35 30 19 19 18 18 29 31 31 24 20 20 10 10 24 52 52 60 34 34 12 12 9 4 4 6 3 3 0 0 0 0 0 1
 13 13 20 11 11 11 20 20 16 16 31 23 23 16 22 22 14 14 23 29 29 42 36 36 9 9 14 28 28 43 50 50 20 20 5 1 1 4 2 2 2 2 1 1 1 1
 13 13 20 11 11 11 20 20 16 16 31 23 23 16 22 22 14 14 23 29 29 42 36 36 9 9 14 28 28 43 50 50 20 20 5 1 1 4 2 2 2 2 1 1 1 1
 7 7 10 14 14 11 9 9 11 11 15 15 15 8 12 12 7 7 46 30 30 69 120 120 27 27 18 25 25 31 36 36 16 16 6 3 3 4 2 2 3 3 3 1 1 1
 6 6 6 5 5 6 8 8 7 7 12 17 17 10 18 18 12 12 65 50 50 96 65 65 54 54 46 24 24 43 26 26 29 29 15 7 7 5 5 5 3 3 3 1 1 1
 6 6 6 5 5 6 8 8 7 7 12 17 17 10 18 18 12 12 65 50 50 96 65 65 54 54 46 24 24 43 26 26 29 29 15 7 7 5 5 5 3 3 3 1 1 1
 3 3 5 13 13 5 5 5 6 6 7 9 9 13 15 15 11 11 29 112 112 57 121 121 37 37 35 48 48 47 55 55 27 27 22 14 14 5 2 2 3 3 2 1 1 0
 7 7 12 20 20 3 4 4 4 4 5 10 10 10 14 14 20 20 27 82 82 96 128 128 128 128 66 48 48 92 67 67 45 45 33 16 16 4 1 1 1 1 1 0 0 0
 7 7 12 20 20 3 4 4 4 4 5 10 10 10 14 14 20 20 27 82 82 96 128 128 128 128 66 48 48 92 67 67 45 45 33 16 16 4 1 1 1 1 1 0 0 0
 11 11 15 8 8 4 4 4 6 6 6 6 6 6 9 9 9 9 20 30 30 61 95 95 76 76 53 35 35 90 61 61 49 49 29 11 11 3 0 0 0 0 0 0 0 0
 11 11 15 8 8 4 4 4 6 6 6 6 6 6 9 9 9 9 20 30 30 61 95 95 76 76 53 35 35 90 61 61 49 49 29 11 11 3 0 0 0 0 0 0 0 0
 6 6 6 7 7 4 4 4 7 7 4 6 6 7 9 9 8 8 9 9 9 20 24 24 40 40 43 33 33 43 40 40 34 34 14 8 8 4 1 1 0 0 1 0 0 0
 7 7 9 5 5 5 5 5 6 6 12 7 7 7 7 7 11 11 8 24 24 45 24 24 45 45 58 50 50 39 42 42 23 23 13 5 5 2 2 2 0 0 0 0 0 0
 7 7 9 5 5 5 5 5 6 6 12 7 7 7 7 7 11 11 8 24 24 45 24 24 45 45 58 50 50 39 42 42 23 23 13 5 5 2 2 2 0 0 0 0 0 0
 8 8 8 6 6 5 5 5 8 8 16 17 17 5 5 5 8 8 7 8 8 22 24 24 10 10 23 55 55 32 29 29 35 35 5 2 2 1 1 1 0 0 1 1 1 0
 4 4 5 5 5 3 4 4 4 4 7 6 6 5 5 5 5 5 6 6 6 7 11 11 5 5 22 34 34 30 31 31 21 21 8 1 1 3 2 2 0 0 1 1 1 0
 4 4 5 5 5 3 4 4 4 4 7 6 6 5 5 5 5 5 6 6 6 7 11 11 5 5 22 34 34 30 31 31 21 21 8 1 1 3 2 2 0 0 1 1 1 0
 3 3 3 4 4 6 6 6 6 6 3 3 3 2 4 4 5 5 7 8 8 8 5 5 6 6 15 27 27 33 28 28 27 27 19 4 4 1 1 1 0 0 0 0 0 0
 3 3 3 4 4 6 6 6 6 6 3 3 3 2 4 4 5 5 7 8 8 8 5 5 6 6 15 27 27 33 28 28 27 27 19 4 4 1 1 1 0 0 0 0 0 0
 5 5 5 4 4 8 11 11 5 5 3 2 2 2 4 4 4 4 6 25 25 6 11 11 7 7 21 29 29 44 29 29 36 36 33 13 13 13 1 1 1 1 0 0 0 0
 3 3 3 2 2 3 4 4 5 5 3 2 2 3 5 5 5 5 5 8 8 7 13 13 13 13 15 39 39 31 23 23 22 22 23 9 9 12 2 2 1 1 0 1 1 1
 3 3 3 2 2 3 4 4 5 5 3 2 2 3 5 5 5 5 5 8 8 7 13 13 13 13 15 39 39 31 23 23 22 22 23 9 9 12 2 2 1 1 0 1 1 1
 6 6 3 3 3 3 3 3 3 3 2 2 2 2 9 9 5 5 8 7 7 10 14 14 26 26 16 27 27 35 33 33 34 34 29 12 12 12 4 4 4 4 1 1 1 1
 3 3 5 9 9 2 3 3 2 2 2 3 3 8 6 6 9 9 8 8 8 9 15 15 18 18 30 47 47 44 84 84 22 22 30 16 16 14 2 2 3 3 1 3 3 3
