assets/RAT_results_old/precipitation/2017-07-06_IMERG.asc
ncols        46
nrows        77
xllcorner    74.800261325624
yllcorner    8.058333333333
cellsize     0.062500000000
NODATA_value -9999
 5 5 7 6 6 7 7 7 9 9 4 8 8 9 9 9 8 8 2 2 2 1 1 1 1 1 1 1 1 1 1 1 1 1 1 1 1 0 1 1 2 2 1 1 1 3
 5 5 7 11 11 5 6 6 6 6 9 17 17 8 10 10 13 13 4 3 3 2 2 2 2 2 2 1 1 2 2 2 1 1 2 1 1 1 1 1 5 5 3 6 6 5
 5 5 7 11 11 5 6 6 6 6 9 17 17 8 10 10 13 13 4 3 3 2 2 2 2 2 2 1 1 2 2 2 1 1 2 1 1 1 1 1 5 5 3 6 6 5
 6 6 9 8 8 11 16 16 9 9 10 18 18 15 14 14 10 10 6 3 3 3 2 2 1 1 1 1 1 2 1 1 1 1 1 1 1 1 2 2 3 3 7 5 5 5
 2 2 6 6 6 5 5 5 5 5 10 11 11 21 9 9 9 9 9 3 3 3 3 3 2 2 2 1 1 1 2 2 1 1 1 0 0 1 0 0 1 1 5 2 2 5
 2 2 6 6 6 5 5 5 5 5 10 11 11 21 9 9 9 9 9 3 3 3 3 3 2 2 2 1 1 1 2 2 1 1 1 0 0 1 0 0 1 1 5 2 2 5
 2 2 2 7 7 6 7 7 6 6 6 7 7 8 22 22 8 8 5 3 3 3 3 3 2 2 2 1 1 1 1 1 1 1 1 0 0 0 1 1 1 1 1 1 1 3
 2 2 2 7 7 6 7 7 6 6 6 7 7 8 22 22 8 8 5 3 3 3 3 3 2 2 2 1 1 1 1 1 1 1 1 0 0 0 1 1 1 1 1 1 1 3
 2 2 2 3 3 4 3 3 3 3 1 1 1 4 2 2 8 8 2 2 2 2 3 3 2 2 2 2 2 2 2 2 2 2 2 1 1 1 1 1 1 1 1 1 1 0
 0 0 1 2 2 2 7 7 4 4 2 9 9 5 3 3 4 4 2 3 3 3 4 4 4 4 4 2 2 2 2 2 2 2 2 1 1 1 1 1 1 1 1 1 1 0
 0 0 1 2 2 2 7 7 4 4 2 9 9 5 3 3 4 4 2 3 3 3 4 4 4 4 4 2 2 2 2 2 2 2 2 1 1 1 1 1 1 1 1 1 1 0
 0 0 0 1 1 2 3 3 3 3 2 5 5 9 3 3 4 4 3 4 4 3 3 3 4 4 4 2 2 2 2 2 1 1 2 1 1 1 2 2 1 1 0 0 0 0
 1 1 1 2 2 6 7 7 5 5 5 7 7 10 7 7 5 5 6 5 5 2 2 2 3 3 2 2 2 1 1 1 1 1 1 1 1 1 1 1 0 0 2 1 1 0
 1 1 1 2 2 6 7 7 5 5 5 7 7 10 7 7 5 5 6 5 5 2 2 2 3 3 2 2 2 1 1 1 1 1 1 1 1 1 1 1 0 0 2 1 1 0
 2 2 2 3 3 6 9 9 9 9 7 9 9 11 25 25 13 13 13 5 5 3 1 1 1 1 2 1 1 0 0 0 0 0 0 0 0 1 1 1 0 0 2 0 0 0
 2 2 2 3 3 6 9 9 9 9 7 9 9 11 25 25 13 13 13 5 5 3 1 1 1 1 2 1 1 0 0 0 0 0 0 0 0 1 1 1 0 0 2 0 0 0
 2 2 2 3 3 5 8 8 12 12 15 16 16 24 12 12 14 14 17 6 6 5 1 1 2 2 1 0 0 0 0 0 0 0 0 0 0 1 1 1 0 0 0 1 1 0
 3 3 2 4 4 7 10 10 14 14 19 13 13 18 7 7 8 8 14 4 4 1 0 0 1 1 1 0 0 1 0 0 0 0 0 0 0 2 0 0 0 0 0 0 0 1
 3 3 2 4 4 7 10 10 14 14 19 13 13 18 7 7 8 8 14 4 4 1 0 0 1 1 1 0 0 1 0 0 0 0 0 0 0 2 0 0 0 0 0 0 0 1
 4 4 3 4 4 6 9 9 15 15 34 35 35 17 22 22 4 4 4 2 2 1 0 0 0 0 0 0 0 0 0 0 0 0 0 0 0 0 0 0 0 0 0 0 0 1
 5 5 5 5 5 2 2 2 24 24 30 35 35 45 20 20 9 9 6 4 4 4 1 1 0 0 1 1 1 1 0 0 0 0 0 0 0 0 0 0 0 0 0 0 0 0
 5 5 5 5 5 2 2 2 24 24 30 35 35 45 20 20 9 9 6 4 4 4 1 1 0 0 1 1 1 1 0 0 0 0 0 0 0 0 0 0 0 0 0 0 0 0
 11 11 9 11 11 9 2 2 5 5 29 47 47 37 18 18 12 12 10 9 9 6 1 1 0 0 0 0 0 1 0 0 1 1 1 0 0 0 0 0 0 0 0 0 0 0
 11 11 9 11 11 9 2 2 5 5 29 47 47 37 18 18 12 12 10 9 9 6 1 1 0 0 0 0 0 1 0 0 1 1 1 0 0 0 0 0 0 0 0 0 0 0
 4 4 3 10 10 6 5 5 3 3 22 3 3 34 24 24 17 17 10 6 6 4 4 4 1 1 1 0 0 0 0 0 0 0 0 0 0 1 1 1 1 1 1 1 1 1
 5 5 4 8 8 3 5 5 3 3 4 3 3 12 14 14 14 14 14 16 16 16 17 17 13 13 9 4 4 0 0 0 0 0 1 1 1 2 2 2 5 5 2 1 1 1
 5 5 4 8 8 3 5 5 3 3 4 3 3 12 14 14 14 14 14 16 16 16 17 17 13 13 9 4 4 0 0 0 0 0 1 1 1 2 2 2 5 5 2 1 1 1
 2 2 1 8 8 1 5 5 4 4 15 3 3 6 21 21 16 16 13 23 23 19 12 12 10 10 6 3 3 1 1 1 1 1 1 2 2 2 2 2 2 2 2 2 2 1
 1 1 3 3 3 1 5 5 5 5 4 4 4 12 16 16 28 28 22 16 16 9 5 5 3 3 3 1 1 1 2 2 1 1 1 1 1 2 2 2 2 2 2 1 1 1
 1 1 3 3 3 1 5 5 5 5 4 4 4 12 16 16 28 28 22 16 16 9 5 5 3 3 3 1 1 1 2 2 1 1 1 1 1 2 2 2 2 2 2 1 1 1
 3 3 4 4 4 1 1 1 1 1 2 2 2 17 16 16 16 16 25 13 13 9 7 7 9 9 3 1 1 2 1 1 1 1 0 0 0 1 1 1 1 1 1 1 1 1
 3 3 4 4 4 1 1 1 1 1 2 2 2 17 16 16 16 16 25 13 13 9 7 7 9 9 3 1 1 2 1 1 1 1 0 0 0 1 1 1 1 1 1 1 1 1
 10 10 7 3 3 15 1 1 3 3 2 6 6 5 26 26 30 30 35 18 18 14 10 10 16 16 2 4 4 2 3 3 1 1 1 0 0 0 0 0 1 1 0 1 1 0
 13 13 9 5 5 2 2 2 2 2 3 4 4 8 23 23 19 19 46 27 27 16 11 11 9 9 9 4 4 5 2 2 6 6 2 2 2 0 1 1 1 1 2 0 0 0
 13 13 9 5 5 2 2 2 2 2 3 4 4 8 23 23 19 19 46 27 27 16 11 11 9 9 9 4 4 5 2 2 6 6 2 2 2 0 1 1 1 1 2 0 0 0
 18 18 14 14 14 5 2 2 1 1 3 4 4 4 8 8 16 16 36 36 36 24 12 12 7 7 8 3 3 3 6 6 10 10 3 1 1 1 1 1 1 1 1 0 0 0
 19 19 17 13 13 8 7 7 3 3 2 7 7 8 3 3 8 8 16 23 23 34 14 14 9 9 3 2 2 8 3 3 4 4 4 1 1 1 1 1 1 1 1 0 0 0
 19 19 17 13 13 8 7 7 3 3 2 7 7 8 3 3 8 8 16 23 23 34 14 14 9 9 3 2 2 8 3 3 4 4 4 1 1 1 1 1 1 1 1 0 0 0
 21 21 12 7 7 7 5 5 2 2 2 5 5 3 4 4 4 4 7 26 26 10 5 5 18 18 2 5 5 2 2 2 4 4 2 1 1 1 2 2 1 1 1 1 1 1
 21 21 12 7 7 7 5 5 2 2 2 5 5 3 4 4 4 4 7 26 26 10 5 5 18 18 2 5 5 2 2 2 4 4 2 1 1 1 2 2 1 1 1 1 1 1
 10 10 10 27 27 25 16 16 3 3 2 3 3 3 6 6 6 6 11 33 33 12 9 9 5 5 10 5 5 6 4 4 7 7 3 2 2 2 2 2 2 2 1 1 1 1
 9 9 9 21 21 2 3 3 8 8 2 6 6 7 5 5 5 5 6 11 11 9 10 10 14 14 11 7 7 8 5 5 7 7 6 3 3 4 3 3 4 4 4 3 3 1
 9 9 9 21 21 2 3 3 8 8 2 6 6 7 5 5 5 5 6 11 11 9 10 10 14 14 11 7 7 8 5 5 7 7 6 3 3 4 3 3 4 4 4 3 3 1
 1 1 1 1 1 5 3 3 3 3 4 3 3 5 5 5 6 6 6 19 19 9 15 15 12 12 7 4 4 5 8 8 4 4 6 3 3 4 3 3 3 3 4 2 2 2
 1 1 0 2 2 1 5 5 2 2 4 3 3 7 14 14 6 6 7 20 20 13 14 14 7 7 10 10 10 9 10 10 10 10 10 5 5 3 3 3 2 2 1 0 0 0
 1 1 0 2 2 1 5 5 2 2 4 3 3 7 14 14 6 6 7 20 20 13 14 14 7 7 10 10 10 9 10 10 10 10 10 5 5 3 3 3 2 2 1 0 0 0
 0 0 1 1 1 1 1 1 3 3 3 5 5 10 7 7 7 7 15 18 18 18 12 12 5 5 8 22 22 13 9 9 11 11 8 6 6 4 4 4 2 2 1 0 0 0
 0 0 1 1 1 1 1 1 3 3 3 5 5 10 7 7 7 7 15 18 18 18 12 12 5 5 8 22 22 13 9 9 11 11 8 6 6 4 4 4 2 2 1 0 0 0
 0 0 0 0 0 0 0 0 1 1 3 3 3 7 12 12 6 6 4 17 17 16 8 8 12 12 10 16 16 9 11 11 12 12 18 4 4 3 3 3 3 3 1 0 0 0
 0 0 0 0 0 0 0 0 0 0 1 1 1 0 3 3 5 5 6 8 8 14 9 9 16 16 16 13 13 19 11 11 9 9 7 5 5 3 3 3 1 1 2 1 1 1
 0 0 0 0 0 0 0 0 0 0 1 1 1 0 3 3 5 5 6 8 8 14 9 9 16 16 16 13 13 19 11 11 9 9 7 5 5 3 3 3 1 1 2 1 1 1
 0 0 0 0 0 0 0 0 1 1 1 1 1 1 1 1 2 2 6 3 3 6 8 8 15 15 18 15 15 26 24 24 9 9 11 9 9 6 6 6 1 1 3 1 1 1
 0 0 0 0 0 0 0 0 0 0 0 0 0 0 1 1 1 1 1 2 2 5 5 5 12 12 23 21 21 32 23 23 18 18 14 11 11 5 1 1 1 1 2 1 1 2
 0 0 0 0 0 0 0 0 0 0 0 0 0 0 1 1 1 1 1 2 2 5 5 5 12 12 23 21 21 32 23 23 18 18 14 11 11 5 1 1 1 1 2 1 1 2
 0 0 0 0 0 0 0 0 0 0 0 0 0 0 0 0 2 2 4 1 1 4 3 3 5 5 5 11 11 8 9 9 11 11 12 13 13 5 2 2 2 2 2 1 1 3
 0 0 0 0 0 0 0 0 0 0 0 0 0 0 0 0 2 2 4 1 1 4 3 3 5 5 5 11 11 8 9 9 11 11 12 13 13 5 2 2 2 2 2 1 1 3
 0 0 0 0 0 0 0 0 0 0 1 0 0 0 0 0 2 2 2 1 1 1 3 3 4 4 3 7 7 4 4 4 4 4 7 5 5 7 6 6 3 3 2 2 2 3
 0 0 0 3 3 0 0 0 0 0 0 0 0 0 0 0 0 0 0 0 0 0 2 2 1 1 2 5 5 4 3 3 3 3 3 4 4 6 5 5 10 10 3 3 3 3
 0 0 0 3 3 0 0 0 0 0 0 0 0 0 0 0 0 0 0 0 0 0 2 2 1 1 2 5 5 4 3 3 3 3 3 4 4 6 5 5 10 10 3 3 3 3
 0 0 0 0 0 0 0 0 0 0 0 3 3 0 1 1 0 0 1 1 1 1 2 2 2 2 4 4 4 4 4 4 4 4 3 4 4 5 4 4 3 3 3 2 2 2
 0 0 0 0 0 0 0 0 4 4 6 1 1 1 1 1 1 1 4 4 4 4 2 2 3 3 1 1 1 2 2 2 3 3 4 6 6 6 4 4 2 2 1 1 1 1
 0 0 0 0 0 0 0 0 4 4 6 1 1 1 1 1 1 1 4 4 4 4 2 2 3 3 1 1 1 2 2 2 3 3 4 6 6 6 4 4 2 2 1 1 1 1
 0 0 0 0 0 0 1 1 1 1 2 1 1 1 1 1 1 1 4 4 4 2 2 2 3 3 1 2 2 1 1 1 2 2 4 6 6 3 1 1 1 1 0 0 0 1
 0 0 0 0 0 0 1 1 1 1 2 1 1 1 1 1 1 1 4 4 4 2 2 2 3 3 1 2 2 1 1 1 2 2 4 6 6 3 1 1 1 1 0 0 0 1
 0 0 0 0 0 1 1 1 1 1 2 2 2 3 2 2 1 1 2 2 2 2 2 2 2 2 1 2 2 2 2 2 2 2 2 3 3 2 1 1 1 1 1 0 0 2
 0 0 0 0 0 0 0 0 0 0 0 0 0 1 0 0 0 0 2 1 1 0 1 1 2 2 2 2 2 2 2 2 1 1 1 1 1 1 1 1 1 1 1 0 0 0
 0 0 0 0 0 0 0 0 0 0 0 0 0 1 0 0 0 0 2 1 1 0 1 1 2 2 2 2 2 2 2 2 1 1 1 1 1 1 1 1 1 1 1 0 0 0
 0 0 1 1 1 0 0 0 0 0 0 0 0 0 0 0 0 0 1 0 0 1 0 0 0 0 2 3 3 0 1 1 1 1 1 1 1 1 1 1 1 1 1 0 0 0
 0 0 0 0 0 1 0 0 0 0 0 0 0 2 0 0 0 0 0 0 0 1 0 0 0 0 0 3 3 3 0 0 1 1 1 1 1 1 1 1 1 1 0 0 0 0
 0 0 0 0 0 1 0 0 0 0 0 0 0 2 0 0 0 0 0 0 0 1 0 0 0 0 0 3 3 3 0 0 1 1 1 1 1 1 1 1 1 1 0 0 0 0
 0 0 0 0 0 0 0 0 0 0 0 0 0 0 0 0 0 0 0 1 1 0 0 0 0 0 0 1 1 2 0 0 0 0 1 1 1 1 0 0 0 0 0 0 0 0
 0 0 0 0 0 0 0 0 0 0 0 0 0 0 0 0 0 0 0 1 1 0 0 0 0 0 0 1 1 2 0 0 0 0 1 1 1 1 0 0 0 0 0 0 0 0
 0 0 0 0 0 0 0 0 0 0 0 0 0 0 13 13 13 13 0 0 0 0 0 0 1 1 0 0 0 0 0 0 0 0 1 0 0 0 0 0 0 0 0 0 0 0
 0 0 0 0 0 0 0 0 0 0 0 1 1 0 0 0 13 13 0 1 1 2 0 0 0 0 1 0 0 0 0 0 0 0 0 0 0 0 0 0 0 0 0 0 0 0
 0 0 0 0 0 0 0 0 0 0 0 1 1 0 0 0 13 13 0 1 1 2 0 0 0 0 1 0 0 0 0 0 0 0 0 0 0 0 0 0 0 0 0 0 0 0
 0 0 0 0 0 0 0 0 0 0 1 0 0 0 0 0 0 0 0 1 1 3 0 0 1 1 1 0 0 0 0 0 0 0 0 0 0 0 1 1 1 1 1 0 0 0
 0 0 0 0 0 0 0 0 0 0 0 0 0 0 0 0 0 0 0 2 2 0 0 0 1 1 1 1 1 0 0 0 0 0 0 0 0 0 1 1 2 2 1 0 0 0
