assets/RAT_results_old/precipitation/2017-08-27_IMERG.asc
ncols        46
nrows        77
xllcorner    74.800261325624
yllcorner    8.058333333333
cellsize     0.062500000000
NODATA_value -9999
 61 61 62 67 67 69 73 73 43 43 34 27 27 19 23 23 17 17 17 6 6 4 3 3 2 2 2 4 4 3 3 3 4 4 4 3 3 2 2 2 4 4 5 7 7 8
 54 54 55 51 51 59 57 57 35 35 30 30 30 25 21 21 21 21 17 12 12 12 7 7 3 3 4 4 4 4 9 9 4 4 3 3 3 3 4 4 4 4 7 8 8 8
 54 54 55 51 51 59 57 57 35 35 30 30 30 25 21 21 21 21 17 12 12 12 7 7 3 3 4 4 4 4 9 9 4 4 3 3 3 3 4 4 4 4 7 8 8 8
 57 57 58 44 44 46 57 57 43 43 22 18 18 14 17 17 15 15 23 11 11 11 9 9 11 11 7 5 5 5 6 6 6 6 3 5 5 6 4 4 4 4 7 4 4 7
 70 70 69 41 41 50 48 48 42 42 27 20 20 12 16 16 21 21 25 14 14 13 8 8 9 9 5 5 5 31 10 10 8 8 4 5 5 8 4 4 7 7 8 7 7 5
 70 70 69 41 41 50 48 48 42 42 27 20 20 12 16 16 21 21 25 14 14 13 8 8 9 9 5 5 5 31 10 10 8 8 4 5 5 8 4 4 7 7 8 7 7 5
 66 66 54 49 49 54 38 38 27 27 27 19 19 16 15 15 19 19 21 15 15 10 8 8 7 7 4 6 6 5 9 9 6 6 8 4 4 7 7 7 13 13 7 4 4 4
 66 66 54 49 49 54 38 38 27 27 27 19 19 16 15 15 19 19 21 15 15 10 8 8 7 7 4 6 6 5 9 9 6 6 8 4 4 7 7 7 13 13 7 4 4 4
 39 39 43 38 38 46 38 38 28 28 22 18 18 12 12 12 14 14 12 12 12 9 9 9 8 8 6 6 6 5 4 4 7 7 6 7 7 8 7 7 6 6 6 4 4 1
 26 26 26 37 37 38 30 30 21 21 33 12 12 12 12 12 13 13 11 10 10 9 6 6 5 5 4 5 5 5 4 4 5 5 7 6 6 9 5 5 5 5 5 3 3 1
 26 26 26 37 37 38 30 30 21 21 33 12 12 12 12 12 13 13 11 10 10 9 6 6 5 5 4 5 5 5 4 4 5 5 7 6 6 9 5 5 5 5 5 3 3 1
 16 16 16 38 38 32 28 28 24 24 21 12 12 12 11 11 11 11 9 17 17 8 5 5 3 3 5 4 4 5 6 6 6 6 9 8 8 11 8 8 6 6 3 1 1 1
 13 13 16 24 24 27 18 18 18 18 19 16 16 13 15 15 16 16 12 10 10 9 4 4 4 4 4 4 4 6 10 10 7 7 6 7 7 7 5 5 4 4 5 1 1 1
 13 13 16 24 24 27 18 18 18 18 19 16 16 13 15 15 16 16 12 10 10 9 4 4 4 4 4 4 4 6 10 10 7 7 6 7 7 7 5 5 4 4 5 1 1 1
 14 14 18 19 19 24 25 25 19 19 25 28 28 18 18 18 18 18 18 14 14 11 7 7 8 8 5 5 5 7 7 7 5 5 4 5 5 5 4 4 4 4 4 1 1 1
 14 14 18 19 19 24 25 25 19 19 25 28 28 18 18 18 18 18 18 14 14 11 7 7 8 8 5 5 5 7 7 7 5 5 4 5 5 5 4 4 4 4 4 1 1 1
 17 17 12 17 17 17 17 17 24 24 23 24 24 21 25 25 26 26 24 21 21 19 15 15 9 9 7 6 6 5 5 5 4 4 3 4 4 2 2 2 3 3 2 1 1 1
 11 11 10 16 16 16 16 16 18 18 21 18 18 19 24 24 29 29 29 38 38 24 14 14 21 21 5 5 5 4 2 2 3 3 2 2 2 1 1 1 3 3 2 1 1 2
 11 11 10 16 16 16 16 16 18 18 21 18 18 19 24 24 29 29 29 38 38 24 14 14 21 21 5 5 5 4 2 2 3 3 2 2 2 1 1 1 3 3 2 1 1 2
 12 12 25 11 11 9 16 16 26 26 24 25 25 24 31 31 23 23 26 23 23 18 12 12 15 15 9 4 4 4 2 2 3 3 2 0 0 1 1 1 2 2 2 1 1 1
 9 9 11 14 14 14 15 15 14 14 16 22 22 45 49 49 18 18 16 17 17 15 12 12 9 9 8 5 5 4 3 3 3 3 3 2 2 1 2 2 2 2 2 1 1 2
 9 9 11 14 14 14 15 15 14 14 16 22 22 45 49 49 18 18 16 17 17 15 12 12 9 9 8 5 5 4 3 3 3 3 3 2 2 1 2 2 2 2 2 1 1 2
 7 7 10 6 6 11 13 13 10 10 12 13 13 20 30 30 26 26 15 12 12 9 8 8 5 5 5 5 5 5 3 3 4 4 3 4 4 4 2 2 4 4 4 3 3 3
 7 7 10 6 6 11 13 13 10 10 12 13 13 20 30 30 26 26 15 12 12 9 8 8 5 5 5 5 5 5 3 3 4 4 3 4 4 4 2 2 4 4 4 3 3 3
 3 3 5 7 7 2 2 2 6 6 10 9 9 16 16 16 16 16 13 7 7 7 2 2 4 4 4 5 5 7 3 3 2 2 3 2 2 2 3 3 3 3 4 2 2 2
 5 5 5 6 6 5 3 3 3 3 5 4 4 15 24 24 21 21 9 8 8 6 7 7 3 3 4 6 6 4 2 2 1 1 2 1 1 1 2 2 3 3 2 2 2 1
 5 5 5 6 6 5 3 3 3 3 5 4 4 15 24 24 21 21 9 8 8 6 7 7 3 3 4 6 6 4 2 2 1 1 2 1 1 1 2 2 3 3 2 2 2 1
 5 5 6 4 4 3 2 2 4 4 6 4 4 8 10 10 13 13 9 11 11 6 9 9 9 9 9 6 6 4 2 2 1 1 1 1 1 1 1 1 2 2 2 1 1 1
 9 9 9 6 6 7 7 7 6 6 9 5 5 9 12 12 15 15 13 8 8 7 12 12 13 13 10 6 6 3 0 0 1 1 1 1 1 1 1 1 2 2 1 1 1 1
 9 9 9 6 6 7 7 7 6 6 9 5 5 9 12 12 15 15 13 8 8 7 12 12 13 13 10 6 6 3 0 0 1 1 1 1 1 1 1 1 2 2 1 1 1 1
 7 7 7 9 9 13 11 11 10 10 9 9 9 9 9 9 17 17 17 17 17 14 15 15 13 13 9 4 4 4 2 2 2 2 1 1 1 1 2 2 2 2 1 1 1 0
 7 7 7 9 9 13 11 11 10 10 9 9 9 9 9 9 17 17 17 17 17 14 15 15 13 13 9 4 4 4 2 2 2 2 1 1 1 1 2 2 2 2 1 1 1 0
 11 11 11 11 11 9 11 11 10 10 8 7 7 6 12 12 16 16 16 19 19 19 22 22 17 17 8 5 5 6 1 1 1 1 3 2 2 1 4 4 1 1 1 0 0 0
 32 32 36 40 40 39 28 28 8 8 6 8 8 6 10 10 10 10 16 16 16 14 14 14 17 17 8 4 4 6 3 3 0 0 0 0 0 1 1 1 1 1 0 0 0 0
 32 32 36 40 40 39 28 28 8 8 6 8 8 6 10 10 10 10 16 16 16 14 14 14 17 17 8 4 4 6 3 3 0 0 0 0 0 1 1 1 1 1 0 0 0 0
 68 68 72 90 90 51 41 41 11 11 11 9 9 8 9 9 9 9 15 19 19 17 12 12 16 16 15 10 10 2 1 1 1 1 0 2 2 2 1 1 2 2 1 0 0 0
 90 90 111 125 125 108 106 106 59 59 13 10 10 8 9 9 8 8 8 12 12 10 8 8 14 14 13 10 10 2 0 0 0 0 0 0 0 0 1 1 1 1 1 0 0 0
 90 90 111 125 125 108 106 106 59 59 13 10 10 8 9 9 8 8 8 12 12 10 8 8 14 14 13 10 10 2 0 0 0 0 0 0 0 0 1 1 1 1 1 0 0 0
 143 143 133 143 143 147 108 108 76 76 24 12 12 9 8 8 9 9 4 7 7 8 7 7 8 8 10 10 10 4 3 3 2 2 2 3 3 2 3 3 3 3 1 0 0 0
 143 143 133 143 143 147 108 108 76 76 24 12 12 9 8 8 9 9 4 7 7 8 7 7 8 8 10 10 10 4 3 3 2 2 2 3 3 2 3 3 3 3 1 0 0 0
 131 131 143 163 163 155 127 127 127 127 109 85 85 39 8 8 8 8 8 12 12 8 9 9 5 5 2 10 10 5 5 5 4 4 1 3 3 4 1 1 1 1 1 1 1 0
 119 119 127 151 151 143 91 91 89 89 79 105 105 54 17 17 18 18 16 15 15 15 9 9 4 4 2 4 4 9 8 8 10 10 11 12 12 6 6 6 4 4 3 1 1 1
 119 119 127 151 151 143 91 91 89 89 79 105 105 54 17 17 18 18 16 15 15 15 9 9 4 4 2 4 4 9 8 8 10 10 11 12 12 6 6 6 4 4 3 1 1 1
 89 89 105 126 126 139 89 89 91 91 91 59 59 55 30 30 18 18 16 15 15 17 12 12 9 9 5 11 11 14 13 13 11 11 9 7 7 5 5 5 3 3 3 1 1 2
 93 93 107 110 110 118 100 100 76 76 66 33 33 51 28 28 23 23 21 11 11 11 10 10 9 9 6 10 10 13 13 13 16 16 13 21 21 8 8 8 3 3 2 3 3 4
 93 93 107 110 110 118 100 100 76 76 66 33 33 51 28 28 23 23 21 11 11 11 10 10 9 9 6 10 10 13 13 13 16 16 13 21 21 8 8 8 3 3 2 3 3 4
 93 93 101 78 78 73 81 81 63 63 76 44 44 24 21 21 23 23 24 12 12 10 6 6 11 11 11 12 12 17 13 13 11 11 13 7 7 8 8 8 3 3 5 5 5 5
 93 93 101 78 78 73 81 81 63 63 76 44 44 24 21 21 23 23 24 12 12 10 6 6 11 11 11 12 12 17 13 13 11 11 13 7 7 8 8 8 3 3 5 5 5 5
 64 64 102 81 81 57 73 73 61 61 52 48 48 29 24 24 23 23 21 6 6 6 6 6 8 8 9 7 7 9 10 10 12 12 5 7 7 4 2 2 3 3 4 4 4 3
 54 54 60 53 53 31 34 34 40 40 49 30 30 26 26 26 9 9 5 5 5 13 12 12 8 8 7 3 3 3 5 5 5 5 6 5 5 4 5 5 6 6 4 4 4 3
 54 54 60 53 53 31 34 34 40 40 49 30 30 26 26 26 9 9 5 5 5 13 12 12 8 8 7 3 3 3 5 5 5 5 6 5 5 4 5 5 6 6 4 4 4 3
 23 23 27 28 28 25 30 30 24 24 24 22 22 18 20 20 9 9 10 4 4 12 13 13 11 11 4 3 3 4 3 3 4 4 3 8 8 7 8 8 6 6 5 5 5 5
 26 26 29 31 31 12 25 25 17 17 10 20 20 15 19 19 11 11 13 8 8 10 9 9 12 12 8 6 6 3 3 3 3 3 5 9 9 11 9 9 5 5 4 3 3 4
 26 26 29 31 31 12 25 25 17 17 10 20 20 15 19 19 11 11 13 8 8 10 9 9 12 12 8 6 6 3 3 3 3 3 5 9 9 11 9 9 5 5 4 3 3 4
 5 5 5 26 26 12 14 14 14 14 10 9 9 7 10 10 8 8 10 9 9 10 9 9 15 15 10 6 6 7 5 5 4 4 4 5 5 4 3 3 3 3 2 2 2 2
 5 5 5 26 26 12 14 14 14 14 10 9 9 7 10 10 8 8 10 9 9 10 9 9 15 15 10 6 6 7 5 5 4 4 4 5 5 4 3 3 3 3 2 2 2 2
 8 8 8 8 8 7 8 8 10 10 8 5 5 4 5 5 8 8 7 7 7 4 5 5 11 11 13 6 6 8 8 8 7 7 5 3 3 3 3 3 3 3 1 1 1 2
 9 9 8 8 8 5 5 5 9 9 7 3 3 4 4 4 7 7 1 2 2 2 3 3 2 2 4 3 3 3 3 3 7 7 3 2 2 3 3 3 2 2 1 1 1 2
 9 9 8 8 8 5 5 5 9 9 7 3 3 4 4 4 7 7 1 2 2 2 3 3 2 2 4 3 3 3 3 3 7 7 3 2 2 3 3 3 2 2 1 1 1 2
 5 5 5 5 5 5 8 8 5 5 5 3 3 3 4 4 9 9 4 2 2 3 4 4 5 5 4 5 5 4 2 2 2 2 1 1 1 2 2 2 2 2 2 2 2 2
 5 5 3 4 4 4 6 6 5 5 5 2 2 4 6 6 6 6 3 3 3 2 4 4 3 3 4 2 2 3 2 2 3 3 3 2 2 3 4 4 2 2 2 2 2 3
 5 5 3 4 4 4 6 6 5 5 5 2 2 4 6 6 6 6 3 3 3 2 4 4 3 3 4 2 2 3 2 2 3 3 3 2 2 3 4 4 2 2 2 2 2 3
 5 5 5 5 5 4 3 3 4 4 4 3 3 3 5 5 5 5 2 2 2 2 3 3 3 3 3 3 3 3 3 3 6 6 5 5 5 5 6 6 3 3 3 3 3 4
 5 5 5 5 5 4 3 3 4 4 4 3 3 3 5 5 5 5 2 2 2 2 3 3 3 3 3 3 3 3 3 3 6 6 5 5 5 5 6 6 3 3 3 3 3 4
 5 5 6 5 5 4 3 3 3 3 2 3 3 3 3 3 4 4 4 2 2 2 1 1 2 2 3 9 9 13 14 14 8 8 7 9 9 8 6 6 3 3 3 3 3 3
 7 7 6 5 5 4 3 3 3 3 1 2 2 2 3 3 3 3 3 3 3 1 1 1 2 2 4 13 13 17 17 17 11 11 7 7 7 6 5 5 4 4 6 3 3 3
 7 7 6 5 5 4 3 3 3 3 1 2 2 2 3 3 3 3 3 3 3 1 1 1 2 2 4 13 13 17 17 17 11 11 7 7 7 6 5 5 4 4 6 3 3 3
 6 6 5 3 3 4 2 2 3 3 1 1 1 1 2 2 3 3 3 3 3 3 4 4 3 3 5 8 8 7 9 9 8 8 8 6 6 6 5 5 5 5 7 5 5 5
 5 5 3 3 3 2 2 2 2 2 1 1 1 1 1 1 2 2 3 4 4 4 5 5 4 4 3 7 7 5 6 6 7 7 8 6 6 7 5 5 4 4 5 4 4 4
 5 5 3 3 3 2 2 2 2 2 1 1 1 1 1 1 2 2 3 4 4 4 5 5 4 4 3 7 7 5 6 6 7 7 8 6 6 7 5 5 4 4 5 4 4 4
 3 3 2 3 3 2 2 2 1 1 1 1 1 1 2 2 3 3 5 7 7 5 3 3 1 1 1 6 6 4 6 6 6 6 7 7 7 6 7 7 5 5 1 1 1 1
 3 3 2 3 3 2 2 2 1 1 1 1 1 1 2 2 3 3 5 7 7 5 3 3 1 1 1 6 6 4 6 6 6 6 7 7 7 6 7 7 5 5 1 1 1 1
 2 2 1 2 2 1 2 2 1 1 1 2 2 2 4 4 5 5 6 6 6 3 2 2 1 1 1 2 2 5 4 4 4 4 5 9 9 9 6 6 5 5 5 0 0 0
 1 1 1 1 1 1 2 2 2 2 3 4 4 7 7 7 6 6 3 2 2 2 2 2 1 1 1 1 1 3 3 3 4 4 3 5 5 6 5 5 7 7 4 0 0 0
 1 1 1 1 1 1 2 2 2 2 3 4 4 7 7 7 6 6 3 2 2 2 2 2 1 1 1 1 1 3 3 3 4 4 3 5 5 6 5 5 7 7 4 0 0 0
 2 2 2 3 3 2 3 3 6 6 6 6 6 6 4 4 3 3 2 2 2 3 3 3 2 2 1 1 1 1 1 1 3 3 2 4 4 4 5 5 1 1 1 2 2 1
 4 4 4 3 3 3 6 6 10 10 7 6 6 5 6 6 6 6 5 5 5 7 5 5 4 4 1 1 1 1 2 2 2 2 2 0 0 0 1 1 1 1 1 1 1 1
