assets/RAT_results_old/precipitation/2017-11-07_IMERG.asc
ncols        46
nrows        77
xllcorner    74.800261325624
yllcorner    8.058333333333
cellsize     0.062500000000
NODATA_value -9999
 10 10 9 3 3 3 5 5 10 10 5 4 4 3 0 0 2 2 4 2 2 0 0 0 0 0 0 0 0 5 12 12 9 9 4 4 4 5 3 3 2 2 0 1 1 0
 6 6 7 2 2 3 2 2 10 10 10 5 5 2 0 0 3 3 3 2 2 3 3 3 0 0 1 0 0 6 11 11 11 11 11 7 7 9 6 6 2 2 2 2 2 1
 6 6 7 2 2 3 2 2 10 10 10 5 5 2 0 0 3 3 3 2 2 3 3 3 0 0 1 0 0 6 11 11 11 11 11 7 7 9 6 6 2 2 2 2 2 1
 5 5 8 4 4 3 1 1 2 2 5 3 3 3 1 1 1 1 4 1 1 1 0 0 1 1 1 4 4 14 6 6 7 7 9 5 5 9 8 8 8 8 3 2 2 1
 1 1 1 3 3 3 3 3 1 1 2 0 0 0 1 1 0 0 1 1 1 0 0 0 0 0 1 4 4 1 6 6 3 3 2 3 3 1 1 1 2 2 2 1 1 0
 1 1 1 3 3 3 3 3 1 1 2 0 0 0 1 1 0 0 1 1 1 0 0 0 0 0 1 4 4 1 6 6 3 3 2 3 3 1 1 1 2 2 2 1 1 0
 1 1 1 3 3 5 7 7 2 2 3 2 2 0 0 0 0 0 0 0 0 3 0 0 0 0 0 0 0 0 0 0 2 2 2 3 3 0 1 1 0 0 0 0 0 0
 1 1 1 3 3 5 7 7 2 2 3 2 2 0 0 0 0 0 0 0 0 3 0 0 0 0 0 0 0 0 0 0 2 2 2 3 3 0 1 1 0 0 0 0 0 0
 0 0 4 12 12 23 14 14 2 2 3 8 8 4 0 0 1 1 1 0 0 1 1 1 0 0 0 0 0 0 0 0 0 0 0 0 0 0 2 2 1 1 0 0 0 1
 0 0 1 5 5 7 10 10 3 3 3 19 19 10 4 4 0 0 1 1 1 0 0 0 0 0 0 0 0 0 0 0 0 0 0 0 0 1 2 2 1 1 0 1 1 2
 0 0 1 5 5 7 10 10 3 3 3 19 19 10 4 4 0 0 1 1 1 0 0 0 0 0 0 0 0 0 0 0 0 0 0 0 0 1 2 2 1 1 0 1 1 2
 0 0 2 4 4 9 5 5 7 7 6 15 15 18 0 0 0 0 0 1 1 1 1 1 0 0 2 3 3 1 1 1 1 1 6 0 0 3 3 3 3 3 1 1 1 2
 1 1 1 4 4 4 4 4 6 6 4 14 14 8 8 8 2 2 0 1 1 0 0 0 1 1 0 1 1 1 2 2 1 1 0 3 3 3 3 3 3 3 1 1 1 0
 1 1 1 4 4 4 4 4 6 6 4 14 14 8 8 8 2 2 0 1 1 0 0 0 1 1 0 1 1 1 2 2 1 1 0 3 3 3 3 3 3 3 1 1 1 0
 0 0 1 3 3 3 3 3 10 10 8 8 8 8 6 6 0 0 0 1 1 2 1 1 1 1 3 3 3 0 0 0 1 1 2 6 6 6 6 6 2 2 0 0 0 0
 0 0 1 3 3 3 3 3 10 10 8 8 8 8 6 6 0 0 0 1 1 2 1 1 1 1 3 3 3 0 0 0 1 1 2 6 6 6 6 6 2 2 0 0 0 0
 0 0 0 2 2 2 2 2 5 5 4 8 8 21 9 9 0 0 1 0 0 0 2 2 0 0 0 3 3 3 0 0 2 2 2 1 1 5 7 7 2 2 0 0 0 1
 5 5 1 3 3 1 2 2 1 1 7 10 10 17 10 10 3 3 1 1 1 2 1 1 0 0 1 1 1 1 0 0 0 0 3 2 2 3 4 4 2 2 2 1 1 1
 5 5 1 3 3 1 2 2 1 1 7 10 10 17 10 10 3 3 1 1 1 2 1 1 0 0 1 1 1 1 0 0 0 0 3 2 2 3 4 4 2 2 2 1 1 1
 3 3 4 1 1 0 0 0 2 2 4 9 9 13 11 11 8 8 8 0 0 1 3 3 0 0 1 1 1 0 0 0 1 1 4 4 4 2 1 1 1 1 2 1 1 0
 1 1 1 1 1 0 1 1 3 3 4 8 8 8 7 7 7 7 11 8 8 8 6 6 4 4 4 0 0 1 1 1 3 3 2 3 3 0 3 3 3 3 2 2 2 1
 1 1 1 1 1 0 1 1 3 3 4 8 8 8 7 7 7 7 11 8 8 8 6 6 4 4 4 0 0 1 1 1 3 3 2 3 3 0 3 3 3 3 2 2 2 1
 2 2 1 0 0 1 1 1 2 2 4 2 2 5 23 23 14 14 6 9 9 3 2 2 1 1 1 0 0 1 3 3 3 3 2 2 2 0 6 6 8 8 4 3 3 2
 2 2 1 0 0 1 1 1 2 2 4 2 2 5 23 23 14 14 6 9 9 3 2 2 1 1 1 0 0 1 3 3 3 3 2 2 2 0 6 6 8 8 4 3 3 2
 2 2 1 0 0 0 1 1 4 4 5 6 6 7 11 11 32 32 35 9 9 8 5 5 0 0 0 1 1 5 5 5 4 4 2 2 2 0 4 4 5 5 4 3 3 3
 1 1 1 1 1 1 2 2 3 3 6 3 3 3 7 7 20 20 14 27 27 21 3 3 3 3 1 1 1 5 4 4 0 0 0 2 2 2 4 4 6 6 3 3 3 3
 1 1 1 1 1 1 2 2 3 3 6 3 3 3 7 7 20 20 14 27 27 21 3 3 3 3 1 1 1 5 4 4 0 0 0 2 2 2 4 4 6 6 3 3 3 3
 1 1 1 0 0 3 3 3 2 2 2 2 2 3 3 3 17 17 18 16 16 6 1 1 4 4 1 1 1 2 5 5 19 19 23 2 2 3 3 3 1 1 2 1 1 1
 2 2 1 0 0 1 1 1 1 1 1 0 0 1 1 1 7 7 20 2 2 1 2 2 1 1 1 2 2 2 7 7 8 8 9 3 3 3 2 2 1 1 1 1 1 0
 2 2 1 0 0 1 1 1 1 1 1 0 0 1 1 1 7 7 20 2 2 1 2 2 1 1 1 2 2 2 7 7 8 8 9 3 3 3 2 2 1 1 1 1 1 0
 1 1 1 1 1 1 1 1 1 1 1 3 3 1 2 2 2 2 1 3 3 0 0 0 0 0 0 1 1 2 1 1 1 1 1 0 0 0 1 1 0 0 0 0 0 0
 1 1 1 1 1 1 1 1 1 1 1 3 3 1 2 2 2 2 1 3 3 0 0 0 0 0 0 1 1 2 1 1 1 1 1 0 0 0 1 1 0 0 0 0 0 0
 3 3 1 3 3 1 1 1 1 1 1 0 0 1 1 1 2 2 1 2 2 1 1 1 1 1 0 4 4 1 1 1 1 1 1 1 1 3 1 1 0 0 0 0 0 0
 2 2 2 3 3 4 1 1 1 1 1 0 0 0 1 1 1 1 2 2 2 1 1 1 0 0 1 16 16 11 1 1 0 0 6 7 7 12 1 1 0 0 0 0 0 0
 2 2 2 3 3 4 1 1 1 1 1 0 0 0 1 1 1 1 2 2 2 1 1 1 0 0 1 16 16 11 1 1 0 0 6 7 7 12 1 1 0 0 0 0 0 0
 2 2 2 1 1 1 1 1 1 1 1 1 1 1 1 1 1 1 3 3 3 2 1 1 0 0 0 8 8 7 3 3 3 3 3 6 6 7 1 1 1 1 1 0 0 2
 1 1 1 1 1 1 1 1 1 1 1 1 1 1 0 0 1 1 2 2 2 7 3 3 3 3 1 16 16 1 0 0 1 1 1 1 1 1 1 1 1 1 0 0 0 2
 1 1 1 1 1 1 1 1 1 1 1 1 1 1 0 0 1 1 2 2 2 7 3 3 3 3 1 16 16 1 0 0 1 1 1 1 1 1 1 1 1 1 0 0 0 2
 3 3 1 1 1 1 1 1 2 2 1 1 1 1 1 1 1 1 2 3 3 5 11 11 3 3 6 0 0 0 0 0 1 1 0 1 1 4 2 2 2 2 0 0 0 0
 3 3 1 1 1 1 1 1 2 2 1 1 1 1 1 1 1 1 2 3 3 5 11 11 3 3 6 0 0 0 0 0 1 1 0 1 1 4 2 2 2 2 0 0 0 0
 4 4 2 1 1 1 1 1 1 1 1 1 1 2 1 1 1 1 3 5 5 5 6 6 2 2 14 4 4 5 9 9 4 4 0 1 1 5 7 7 5 5 1 1 1 0
 3 3 3 2 2 1 1 1 1 1 1 1 1 1 0 0 1 1 2 2 2 3 5 5 4 4 3 2 2 0 1 1 1 1 2 2 2 5 3 3 1 1 2 1 1 0
 3 3 3 2 2 1 1 1 1 1 1 1 1 1 0 0 1 1 2 2 2 3 5 5 4 4 3 2 2 0 1 1 1 1 2 2 2 5 3 3 1 1 2 1 1 0
 3 3 2 3 3 1 1 1 2 2 2 1 1 1 1 1 1 1 2 3 3 5 6 6 4 4 5 2 2 1 3 3 5 5 4 5 5 5 4 4 6 6 1 1 1 0
 11 11 8 4 4 5 3 3 1 1 2 1 1 1 1 1 1 1 1 4 4 5 8 8 4 4 5 4 4 3 12 12 9 9 5 5 5 3 4 4 2 2 1 1 1 3
 11 11 8 4 4 5 3 3 1 1 2 1 1 1 1 1 1 1 1 4 4 5 8 8 4 4 5 4 4 3 12 12 9 9 5 5 5 3 4 4 2 2 1 1 1 3
 14 14 7 7 7 5 4 4 2 2 2 1 1 1 1 1 1 1 1 5 5 6 7 7 7 7 7 9 9 13 47 47 8 8 6 5 5 5 11 11 1 1 1 2 2 0
 14 14 7 7 7 5 4 4 2 2 2 1 1 1 1 1 1 1 1 5 5 6 7 7 7 7 7 9 9 13 47 47 8 8 6 5 5 5 11 11 1 1 1 2 2 0
 10 10 10 8 8 7 3 3 3 3 2 2 2 2 1 1 1 1 2 5 5 5 8 8 10 10 7 10 10 48 47 47 47 47 9 4 4 5 4 4 11 11 2 1 1 0
 8 8 8 8 8 7 3 3 3 3 2 2 2 2 1 1 1 1 2 8 8 10 8 8 11 11 9 51 51 48 27 27 32 32 3 6 6 6 7 7 15 15 9 1 1 2
 8 8 8 8 8 7 3 3 3 3 2 2 2 2 1 1 1 1 2 8 8 10 8 8 11 11 9 51 51 48 27 27 32 32 3 6 6 6 7 7 15 15 9 1 1 2
 8 8 6 5 5 5 4 4 3 3 2 1 1 1 1 1 1 1 3 4 4 15 10 10 13 13 11 8 8 14 21 21 12 12 4 6 6 7 6 6 10 10 7 3 3 11
 11 11 8 7 7 5 4 4 3 3 2 2 2 3 2 2 2 2 4 6 6 18 18 18 13 13 18 34 34 19 14 14 14 14 8 9 9 11 7 7 19 19 12 9 9 9
 11 11 8 7 7 5 4 4 3 3 2 2 2 3 2 2 2 2 4 6 6 18 18 18 13 13 18 34 34 19 14 14 14 14 8 9 9 11 7 7 19 19 12 9 9 9
 16 16 14 11 11 10 5 5 5 5 3 2 2 5 6 6 4 4 5 11 11 18 22 22 21 21 18 30 30 19 23 23 17 17 16 25 25 22 14 14 24 24 14 15 15 8
 16 16 14 11 11 10 5 5 5 5 3 2 2 5 6 6 4 4 5 11 11 18 22 22 21 21 18 30 30 19 23 23 17 17 16 25 25 22 14 14 24 24 14 15 15 8
 16 16 26 14 14 14 9 9 6 6 8 5 5 5 5 5 6 6 6 12 12 17 22 22 20 20 27 31 31 28 18 18 21 21 38 27 27 22 22 22 34 34 29 23 23 19
 30 30 22 20 20 20 21 21 10 10 6 5 5 5 5 5 6 6 5 13 13 19 27 27 19 19 27 28 28 27 46 46 66 66 48 35 35 45 24 24 41 41 34 15 15 21
 30 30 22 20 20 20 21 21 10 10 6 5 5 5 5 5 6 6 5 13 13 19 27 27 19 19 27 28 28 27 46 46 66 66 48 35 35 45 24 24 41 41 34 15 15 21
 33 33 29 22 22 20 18 18 9 9 11 6 6 8 5 5 6 6 5 7 7 10 19 19 27 27 29 16 16 25 29 29 35 35 31 31 31 33 18 18 29 29 33 12 12 20
 34 34 31 28 28 28 21 21 22 22 18 9 9 6 6 6 7 7 6 13 13 9 23 23 23 23 23 41 41 21 15 15 34 34 17 22 22 22 17 17 14 14 15 18 18 18
 34 34 31 28 28 28 21 21 22 22 18 9 9 6 6 6 7 7 6 13 13 9 23 23 23 23 23 41 41 21 15 15 34 34 17 22 22 22 17 17 14 14 15 18 18 18
 44 44 37 32 32 34 24 24 31 31 15 10 10 9 7 7 9 9 12 18 18 14 16 16 23 23 21 36 36 20 17 17 21 21 42 24 24 14 28 28 23 23 16 18 18 13
 44 44 37 32 32 34 24 24 31 31 15 10 10 9 7 7 9 9 12 18 18 14 16 16 23 23 21 36 36 20 17 17 21 21 42 24 24 14 28 28 23 23 16 18 18 13
 50 50 35 39 39 35 36 36 21 21 19 11 11 10 9 9 7 7 11 8 8 14 15 15 29 29 30 35 35 28 15 15 19 19 50 13 13 12 22 22 17 17 13 17 17 7
 44 44 39 40 40 37 26 26 26 26 20 10 10 8 8 8 11 11 7 12 12 11 16 16 25 25 31 31 31 21 23 23 17 17 26 16 16 16 22 22 25 25 16 20 20 14
 44 44 39 40 40 37 26 26 26 26 20 10 10 8 8 8 11 11 7 12 12 11 16 16 25 25 31 31 31 21 23 23 17 17 26 16 16 16 22 22 25 25 16 20 20 14
 43 43 28 24 24 23 13 13 15 15 10 9 9 8 5 5 7 7 10 7 7 12 13 13 15 15 20 22 22 31 25 25 21 21 19 24 24 21 16 16 22 22 13 28 28 23
 41 41 32 30 30 17 17 17 11 11 9 4 4 4 4 4 10 10 6 8 8 11 13 13 16 16 13 12 12 22 18 18 18 18 20 37 37 33 11 11 13 13 15 31 31 21
 41 41 32 30 30 17 17 17 11 11 9 4 4 4 4 4 10 10 6 8 8 11 13 13 16 16 13 12 12 22 18 18 18 18 20 37 37 33 11 11 13 13 15 31 31 21
 35 35 30 25 25 14 14 14 7 7 6 3 3 3 2 2 7 7 5 8 8 7 13 13 8 8 15 12 12 13 14 14 26 26 19 16 16 17 7 7 8 8 15 24 24 24
 35 35 30 25 25 14 14 14 7 7 6 3 3 3 2 2 7 7 5 8 8 7 13 13 8 8 15 12 12 13 14 14 26 26 19 16 16 17 7 7 8 8 15 24 24 24
 42 42 31 23 23 13 12 12 12 12 6 3 3 1 1 1 4 4 4 5 5 7 7 7 7 7 10 10 10 10 12 12 12 12 17 20 20 17 12 12 9 9 19 20 20 38
 31 31 23 18 18 23 10 10 10 10 6 4 4 1 2 2 4 4 4 6 6 5 9 9 7 7 9 7 7 6 11 11 15 15 16 23 23 15 14 14 11 11 8 17 17 13
 31 31 23 18 18 23 10 10 10 10 6 4 4 1 2 2 4 4 4 6 6 5 9 9 7 7 9 7 7 6 11 11 15 15 16 23 23 15 14 14 11 11 8 17 17 13
 21 21 22 21 21 18 23 23 16 16 10 7 7 4 5 5 6 6 6 6 6 6 10 10 6 6 8 6 6 9 2 2 15 15 12 18 18 19 13 13 15 15 14 12 12 18
 29 29 17 29 29 23 22 22 17 17 8 8 8 9 8 8 12 12 6 7 7 6 8 8 11 11 10 11 11 8 3 3 12 12 11 14 14 9 18 18 10 10 14 15 15 15
