assets/RAT_results_old/precipitation/2017-05-24_IMERG.asc
ncols        46
nrows        77
xllcorner    74.800261325624
yllcorner    8.058333333333
cellsize     0.062500000000
NODATA_value -9999
 1 1 2 4 4 9 16 16 10 10 10 7 7 5 6 6 6 6 4 5 5 3 7 7 7 7 7 11 11 11 18 18 8 8 7 12 12 15 14 14 6 6 4 5 5 5
 1 1 1 3 3 11 11 11 9 9 7 6 6 4 3 3 4 4 5 2 2 2 5 5 11 11 10 11 11 11 16 16 10 10 5 11 11 15 15 15 6 6 5 6 6 6
 1 1 1 3 3 11 11 11 9 9 7 6 6 4 3 3 4 4 5 2 2 2 5 5 11 11 10 11 11 11 16 16 10 10 5 11 11 15 15 15 6 6 5 6 6 6
 2 2 1 3 3 6 9 9 11 11 8 5 5 2 3 3 3 3 3 2 2 5 7 7 12 12 11 12 12 9 14 14 8 8 7 10 10 9 11 11 10 10 5 6 6 7
 1 1 1 2 2 8 8 8 7 7 5 3 3 3 2 2 3 3 6 5 5 9 7 7 8 8 12 11 11 10 15 15 12 12 11 8 8 6 11 11 19 19 8 6 6 6
 1 1 1 2 2 8 8 8 7 7 5 3 3 3 2 2 3 3 6 5 5 9 7 7 8 8 12 11 11 10 15 15 12 12 11 8 8 6 11 11 19 19 8 6 6 6
 1 1 1 2 2 3 8 8 6 6 5 3 3 2 1 1 3 3 6 5 5 11 8 8 10 10 14 14 14 20 19 19 12 12 6 5 5 5 8 8 13 13 7 3 3 4
 1 1 1 2 2 3 8 8 6 6 5 3 3 2 1 1 3 3 6 5 5 11 8 8 10 10 14 14 14 20 19 19 12 12 6 5 5 5 8 8 13 13 7 3 3 4
 1 1 2 3 3 5 6 6 6 6 6 2 2 3 2 2 5 5 5 5 5 6 8 8 10 10 14 30 30 21 16 16 8 8 5 7 7 7 12 12 16 16 6 2 2 2
 1 1 2 2 2 1 4 4 2 2 4 2 2 3 3 3 4 4 6 6 6 11 8 8 10 10 11 28 28 22 21 21 12 12 10 8 8 8 10 10 14 14 5 2 2 1
 1 1 2 2 2 1 4 4 2 2 4 2 2 3 3 3 4 4 6 6 6 11 8 8 10 10 11 28 28 22 21 21 12 12 10 8 8 8 10 10 14 14 5 2 2 1
 2 2 1 1 1 2 3 3 4 4 2 3 3 2 3 3 6 6 9 10 10 10 11 11 10 10 16 26 26 18 23 23 12 12 11 11 11 10 10 10 10 10 6 3 3 1
 4 4 1 2 2 2 1 1 5 5 5 4 4 4 6 6 6 6 12 13 13 16 10 10 9 9 7 10 10 13 17 17 19 19 18 12 12 8 13 13 15 15 17 6 6 2
 4 4 1 2 2 2 1 1 5 5 5 4 4 4 6 6 6 6 12 13 13 16 10 10 9 9 7 10 10 13 17 17 19 19 18 12 12 8 13 13 15 15 17 6 6 2
 3 3 1 1 1 1 3 3 3 3 4 5 5 5 8 8 9 9 11 12 12 14 14 14 12 12 6 6 6 7 7 7 17 17 17 15 15 17 12 12 19 19 19 14 14 23
 3 3 1 1 1 1 3 3 3 3 4 5 5 5 8 8 9 9 11 12 12 14 14 14 12 12 6 6 6 7 7 7 17 17 17 15 15 17 12 12 19 19 19 14 14 23
 1 1 1 0 0 1 2 2 2 2 5 8 8 6 8 8 12 12 13 14 14 12 9 9 7 7 5 5 5 4 13 13 16 16 17 19 19 12 22 22 12 12 15 12 12 23
 0 0 1 1 1 1 2 2 2 2 4 7 7 9 10 10 11 11 33 14 14 10 8 8 6 6 5 13 13 11 16 16 19 19 18 15 15 6 4 4 3 3 1 24 24 27
 0 0 1 1 1 1 2 2 2 2 4 7 7 9 10 10 11 11 33 14 14 10 8 8 6 6 5 13 13 11 16 16 19 19 18 15 15 6 4 4 3 3 1 24 24 27
 1 1 1 1 1 1 1 1 2 2 3 5 5 8 7 7 10 10 12 9 9 10 4 4 4 4 14 37 37 33 14 14 21 21 20 15 15 9 4 4 1 1 0 24 24 27
 3 3 0 0 0 0 1 1 1 1 2 3 3 4 5 5 4 4 5 2 2 3 2 2 4 4 33 24 24 34 16 16 11 11 13 3 3 3 1 1 0 0 0 1 1 1
 3 3 0 0 0 0 1 1 1 1 2 3 3 4 5 5 4 4 5 2 2 3 2 2 4 4 33 24 24 34 16 16 11 11 13 3 3 3 1 1 0 0 0 1 1 1
 3 3 1 0 0 0 1 1 1 1 2 2 2 5 3 3 1 1 2 2 2 2 1 1 2 2 31 20 20 33 28 28 25 25 23 6 6 2 0 0 1 1 0 1 1 0
 3 3 1 0 0 0 1 1 1 1 2 2 2 5 3 3 1 1 2 2 2 2 1 1 2 2 31 20 20 33 28 28 25 25 23 6 6 2 0 0 1 1 0 1 1 0
 2 2 4 0 0 1 1 1 1 1 4 5 5 7 6 6 1 1 0 2 2 1 1 1 1 1 12 20 20 30 22 22 13 13 6 3 3 2 0 0 0 0 0 0 0 0
 3 3 4 5 5 5 5 5 5 5 4 4 4 2 3 3 3 3 0 0 0 0 1 1 2 2 74 18 18 26 12 12 8 8 3 3 3 1 0 0 0 0 0 0 0 0
 3 3 4 5 5 5 5 5 5 5 4 4 4 2 3 3 3 3 0 0 0 0 1 1 2 2 74 18 18 26 12 12 8 8 3 3 3 1 0 0 0 0 0 0 0 0
 6 6 6 6 6 5 5 5 4 4 4 4 4 2 2 2 3 3 1 0 0 0 2 2 3 3 10 8 8 9 5 5 2 2 3 3 3 1 0 0 0 0 0 0 0 0
 9 9 7 7 7 6 6 6 4 4 3 4 4 2 2 2 2 2 2 0 0 0 1 1 2 2 11 3 3 10 7 7 7 7 3 3 3 1 0 0 1 1 1 1 1 1
 9 9 7 7 7 6 6 6 4 4 3 4 4 2 2 2 2 2 2 0 0 0 1 1 2 2 11 3 3 10 7 7 7 7 3 3 3 1 0 0 1 1 1 1 1 1
 9 9 9 6 6 6 9 9 6 6 6 4 4 1 2 2 3 3 3 4 4 3 4 4 3 3 1 1 1 2 2 2 2 2 4 4 4 3 0 0 1 1 1 2 2 1
 9 9 9 6 6 6 9 9 6 6 6 4 4 1 2 2 3 3 3 4 4 3 4 4 3 3 1 1 1 2 2 2 2 2 4 4 4 3 0 0 1 1 1 2 2 1
 12 12 12 7 7 6 9 9 9 9 9 6 6 1 3 3 3 3 7 9 9 11 15 15 8 8 1 2 2 2 1 1 4 4 5 4 4 3 3 3 1 1 1 3 3 1
 12 12 13 7 7 6 6 6 15 15 42 45 45 34 38 38 30 30 5 12 12 14 17 17 11 11 4 4 4 2 2 2 2 2 1 4 4 1 3 3 1 1 1 1 1 3
 12 12 13 7 7 6 6 6 15 15 42 45 45 34 38 38 30 30 5 12 12 14 17 17 11 11 4 4 4 2 2 2 2 2 1 4 4 1 3 3 1 1 1 1 1 3
 3 3 4 3 3 3 2 2 19 19 43 38 38 51 38 38 33 33 15 8 8 14 12 12 22 22 1 4 4 1 3 3 2 2 5 4 4 2 3 3 4 4 4 1 1 3
 1 1 2 5 5 2 1 1 1 1 6 10 10 9 39 39 8 8 31 6 6 4 3 3 3 3 11 1 1 2 1 1 3 3 5 2 2 3 3 3 5 5 6 4 4 3
 1 1 2 5 5 2 1 1 1 1 6 10 10 9 39 39 8 8 31 6 6 4 3 3 3 3 11 1 1 2 1 1 3 3 5 2 2 3 3 3 5 5 6 4 4 3
 0 0 1 2 2 3 2 2 1 1 1 10 10 12 23 23 17 17 26 6 6 4 4 4 3 3 4 2 2 1 1 1 5 5 6 9 9 6 7 7 12 12 5 5 5 3
 0 0 1 2 2 3 2 2 1 1 1 10 10 12 23 23 17 17 26 6 6 4 4 4 3 3 4 2 2 1 1 1 5 5 6 9 9 6 7 7 12 12 5 5 5 3
 1 1 0 1 1 1 1 1 1 1 1 2 2 3 16 16 17 17 18 8 8 24 12 12 4 4 3 3 3 2 1 1 1 1 2 11 11 13 17 17 12 12 8 8 8 5
 0 0 0 1 1 0 1 1 0 0 2 1 1 1 4 4 5 5 23 15 15 11 15 15 4 4 5 3 3 3 3 3 3 3 7 16 16 22 16 16 10 10 9 6 6 4
 0 0 0 1 1 0 1 1 0 0 2 1 1 1 4 4 5 5 23 15 15 11 15 15 4 4 5 3 3 3 3 3 3 3 7 16 16 22 16 16 10 10 9 6 6 4
 0 0 0 0 0 0 0 0 0 0 1 0 0 3 1 1 1 1 2 1 1 4 5 5 5 5 6 4 4 6 5 5 2 2 2 12 12 11 10 10 4 4 5 4 4 5
 0 0 0 0 0 0 0 0 0 0 1 1 1 1 1 1 1 1 1 1 1 1 9 9 7 7 18 7 7 7 5 5 7 7 7 19 19 14 8 8 3 3 3 6 6 9
 0 0 0 0 0 0 0 0 0 0 1 1 1 1 1 1 1 1 1 1 1 1 9 9 7 7 18 7 7 7 5 5 7 7 7 19 19 14 8 8 3 3 3 6 6 9
 1 1 1 4 4 1 1 1 0 0 0 0 0 0 1 1 1 1 3 3 3 1 10 10 8 8 15 11 11 12 10 10 10 10 12 11 11 10 6 6 6 6 7 8 8 19
 1 1 1 4 4 1 1 1 0 0 0 0 0 0 1 1 1 1 3 3 3 1 10 10 8 8 15 11 11 12 10 10 10 10 12 11 11 10 6 6 6 6 7 8 8 19
 2 2 5 5 5 1 1 1 1 1 0 0 0 0 11 11 11 11 26 27 27 4 7 7 11 11 16 16 16 18 20 20 22 22 15 11 11 12 8 8 7 7 10 9 9 21
 1 1 4 1 1 3 3 3 2 2 15 0 0 0 0 0 18 18 27 48 48 28 7 7 12 12 17 28 28 29 24 24 22 22 21 20 20 9 11 11 13 13 21 32 32 32
 1 1 4 1 1 3 3 3 2 2 15 0 0 0 0 0 18 18 27 48 48 28 7 7 12 12 17 28 28 29 24 24 22 22 21 20 20 9 11 11 13 13 21 32 32 32
 0 0 1 0 0 0 5 5 3 3 7 2 2 1 1 1 26 26 38 22 22 58 58 58 8 8 20 33 33 34 24 24 22 22 20 16 16 10 11 11 15 15 38 40 40 40
 0 0 0 1 1 1 1 1 0 0 0 1 1 1 1 1 0 0 5 22 22 22 13 13 9 9 9 16 16 28 29 29 27 27 17 16 16 10 14 14 18 18 28 52 52 25
 0 0 0 1 1 1 1 1 0 0 0 1 1 1 1 1 0 0 5 22 22 22 13 13 9 9 9 16 16 28 29 29 27 27 17 16 16 10 14 14 18 18 28 52 52 25
 0 0 0 0 0 0 0 0 0 0 0 0 0 2 1 1 0 0 0 0 0 2 2 2 3 3 3 10 10 11 22 22 30 30 17 20 20 12 14 14 13 13 15 68 68 57
 0 0 0 0 0 0 0 0 0 0 0 0 0 2 1 1 0 0 0 0 0 2 2 2 3 3 3 10 10 11 22 22 30 30 17 20 20 12 14 14 13 13 15 68 68 57
 0 0 0 0 0 0 0 0 0 0 1 0 0 1 1 1 1 1 0 2 2 2 1 1 3 3 3 4 4 10 11 11 29 29 25 20 20 22 14 14 14 14 15 23 23 81
 0 0 0 0 0 0 0 0 0 0 1 0 0 1 1 1 0 0 0 0 0 1 1 1 1 1 2 4 4 3 13 13 16 16 37 39 39 27 17 17 12 12 19 26 26 26
 0 0 0 0 0 0 0 0 0 0 1 0 0 1 1 1 0 0 0 0 0 1 1 1 1 1 2 4 4 3 13 13 16 16 37 39 39 27 17 17 12 12 19 26 26 26
 0 0 0 0 0 1 0 0 0 0 0 0 0 0 0 0 0 0 1 1 1 0 0 0 1 1 2 3 3 2 5 5 12 12 6 15 15 40 12 12 9 9 16 15 15 19
 0 0 0 0 0 0 0 0 1 1 1 1 1 0 0 0 0 0 1 2 2 1 4 4 1 1 1 3 3 4 3 3 2 2 4 4 4 12 4 4 5 5 11 12 12 9
 0 0 0 0 0 0 0 0 1 1 1 1 1 0 0 0 0 0 1 2 2 1 4 4 1 1 1 3 3 4 3 3 2 2 4 4 4 12 4 4 5 5 11 12 12 9
 0 0 0 0 0 0 0 0 1 1 0 0 0 0 0 0 0 0 0 1 1 0 2 2 6 6 6 3 3 4 4 4 3 3 1 1 1 0 2 2 6 6 3 11 11 6
 0 0 0 0 0 0 0 0 1 1 0 0 0 0 0 0 0 0 0 1 1 0 2 2 6 6 6 3 3 4 4 4 3 3 1 1 1 0 2 2 6 6 3 11 11 6
 0 0 0 0 0 0 0 0 1 1 0 0 0 0 0 0 0 0 0 0 0 0 1 1 1 1 15 16 16 9 4 4 4 4 1 0 0 0 0 0 2 2 3 11 11 5
 0 0 0 0 0 0 1 1 0 0 0 0 0 0 0 0 0 0 0 0 0 0 12 12 1 1 15 16 16 9 2 2 3 3 2 3 3 1 0 0 2 2 1 8 8 8
 0 0 0 0 0 0 1 1 0 0 0 0 0 0 0 0 0 0 0 0 0 0 12 12 1 1 15 16 16 9 2 2 3 3 2 3 3 1 0 0 2 2 1 8 8 8
 0 0 1 0 0 0 0 0 0 0 0 0 0 0 0 0 0 0 0 0 0 0 6 6 2 2 0 0 0 1 1 1 2 2 2 4 4 4 2 2 0 0 1 8 8 2
 0 0 0 0 0 0 0 0 0 0 0 0 0 0 1 1 0 0 0 0 0 1 2 2 2 2 0 4 4 0 0 0 1 1 3 4 4 4 0 0 0 0 0 0 0 0
 0 0 0 0 0 0 0 0 0 0 0 0 0 0 1 1 0 0 0 0 0 1 2 2 2 2 0 4 4 0 0 0 1 1 3 4 4 4 0 0 0 0 0 0 0 0
 0 0 0 0 0 0 0 0 0 0 0 0 0 0 0 0 0 0 2 7 7 0 0 0 0 0 5 4 4 9 0 0 1 1 0 2 2 1 1 1 2 2 0 0 0 0
 0 0 0 0 0 0 0 0 0 0 0 0 0 0 0 0 0 0 2 7 7 0 0 0 0 0 5 4 4 9 0 0 1 1 0 2 2 1 1 1 2 2 0 0 0 0
 0 0 0 0 0 0 0 0 0 0 0 0 0 0 0 0 1 1 0 1 1 0 0 0 1 1 6 4 4 10 27 27 9 9 0 1 1 2 1 1 1 1 0 0 0 0
 0 0 0 0 0 0 0 0 1 1 0 0 0 0 0 0 0 0 0 0 0 0 0 0 2 2 4 41 41 58 76 76 49 49 9 1 1 1 2 2 1 1 0 0 0 0
 0 0 0 0 0 0 0 0 1 1 0 0 0 0 0 0 0 0 0 0 0 0 0 0 2 2 4 41 41 58 76 76 49 49 9 1 1 1 2 2 1 1 0 0 0 0
 0 0 0 0 0 0 0 0 2 2 0 0 0 0 0 0 0 0 0 0 0 0 0 0 0 0 0 16 16 50 90 90 53 53 10 1 1 0 3 3 2 2 2 2 2 1
 0 0 0 0 0 0 0 0 0 0 0 0 0 0 0 0 0 0 0 0 0 0 0 0 0 0 1 1 1 4 4 4 10 10 1 1 1 0 0 0 0 0 1 0 0 3
