assets/RAT_results_old/precipitation/2017-11-05_IMERG.asc
ncols        46
nrows        77
xllcorner    74.800261325624
yllcorner    8.058333333333
cellsize     0.062500000000
NODATA_value -9999
 18 18 11 5 5 2 0 0 0 0 0 0 0 0 1 1 2 2 2 1 1 2 0 0 0 0 0 1 1 0 7 7 1 1 5 1 1 2 1 1 3 3 1 1 1 1
 6 6 4 4 4 1 0 0 0 0 1 0 0 1 6 6 7 7 2 0 0 0 0 0 0 0 0 1 1 0 1 1 2 2 3 0 0 5 1 1 1 1 0 0 0 0
 6 6 4 4 4 1 0 0 0 0 1 0 0 1 6 6 7 7 2 0 0 0 0 0 0 0 0 1 1 0 1 1 2 2 3 0 0 5 1 1 1 1 0 0 0 0
 10 10 4 3 3 1 1 1 2 2 1 5 5 5 5 5 6 6 3 1 1 0 0 0 0 0 0 1 1 1 2 2 0 0 1 3 3 1 3 3 1 1 0 0 0 0
 3 3 3 4 4 2 2 2 2 2 0 1 1 1 1 1 2 2 4 0 0 0 0 0 0 0 0 3 3 1 1 1 1 1 2 2 2 2 1 1 0 0 0 0 0 1
 3 3 3 4 4 2 2 2 2 2 0 1 1 1 1 1 2 2 4 0 0 0 0 0 0 0 0 3 3 1 1 1 1 1 2 2 2 2 1 1 0 0 0 0 0 1
 1 1 3 4 4 7 3 3 1 1 0 2 2 6 2 2 1 1 1 1 1 0 0 0 1 1 1 4 4 2 2 2 1 1 4 8 8 6 7 7 3 3 0 0 0 0
 1 1 3 4 4 7 3 3 1 1 0 2 2 6 2 2 1 1 1 1 1 0 0 0 1 1 1 4 4 2 2 2 1 1 4 8 8 6 7 7 3 3 0 0 0 0
 3 3 5 7 7 11 7 7 1 1 1 1 1 2 1 1 0 0 0 0 0 0 0 0 1 1 2 1 1 1 1 1 1 1 2 6 6 3 4 4 1 1 2 2 2 4
 3 3 11 5 5 11 6 6 1 1 1 1 1 0 4 4 0 0 1 1 1 0 0 0 0 0 1 2 2 1 1 1 4 4 5 4 4 4 5 5 4 4 6 5 5 3
 3 3 11 5 5 11 6 6 1 1 1 1 1 0 4 4 0 0 1 1 1 0 0 0 0 0 1 2 2 1 1 1 4 4 5 4 4 4 5 5 4 4 6 5 5 3
 7 7 6 7 7 12 10 10 3 3 1 1 1 0 2 2 2 2 1 1 1 1 1 1 0 0 0 1 1 0 0 0 1 1 5 6 6 5 6 6 7 7 9 8 8 7
 4 4 3 4 4 8 12 12 7 7 4 3 3 1 0 0 0 0 1 1 1 1 0 0 1 1 0 1 1 0 1 1 1 1 1 7 7 6 6 6 9 9 8 6 6 6
 4 4 3 4 4 8 12 12 7 7 4 3 3 1 0 0 0 0 1 1 1 1 0 0 1 1 0 1 1 0 1 1 1 1 1 7 7 6 6 6 9 9 8 6 6 6
 8 8 9 7 7 8 13 13 10 10 10 5 5 3 2 2 1 1 1 2 2 0 0 0 2 2 3 3 3 0 3 3 4 4 5 9 9 5 6 6 6 6 6 7 7 5
 8 8 9 7 7 8 13 13 10 10 10 5 5 3 2 2 1 1 1 2 2 0 0 0 2 2 3 3 3 0 3 3 4 4 5 9 9 5 6 6 6 6 6 7 7 5
 10 10 12 9 9 10 16 16 11 11 19 16 16 9 8 8 2 2 1 1 1 2 1 1 0 0 0 0 0 3 4 4 5 5 10 7 7 3 6 6 6 6 7 6 6 3
 20 20 26 30 30 24 16 16 19 19 20 20 20 15 7 7 3 3 1 1 1 1 1 1 2 2 0 4 4 2 4 4 2 2 8 14 14 9 7 7 9 9 8 6 6 7
 20 20 26 30 30 24 16 16 19 19 20 20 20 15 7 7 3 3 1 1 1 1 1 1 2 2 0 4 4 2 4 4 2 2 8 14 14 9 7 7 9 9 8 6 6 7
 22 22 30 28 28 29 15 15 22 22 16 25 25 15 25 25 20 20 3 7 7 3 1 1 1 1 1 0 0 1 2 2 3 3 5 5 5 7 5 5 9 9 9 4 4 1
 21 21 38 37 37 35 21 21 25 25 17 28 28 25 18 18 11 11 15 8 8 5 3 3 4 4 2 1 1 3 2 2 2 2 4 8 8 8 4 4 8 8 9 4 4 2
 21 21 38 37 37 35 21 21 25 25 17 28 28 25 18 18 11 11 15 8 8 5 3 3 4 4 2 1 1 3 2 2 2 2 4 8 8 8 4 4 8 8 9 4 4 2
 16 16 29 30 30 18 20 20 21 21 24 22 22 30 28 28 19 19 15 22 22 9 9 9 6 6 2 3 3 4 3 3 2 2 1 2 2 1 0 0 0 0 1 1 1 3
 16 16 29 30 30 18 20 20 21 21 24 22 22 30 28 28 19 19 15 22 22 9 9 9 6 6 2 3 3 4 3 3 2 2 1 2 2 1 0 0 0 0 1 1 1 3
 18 18 22 18 18 15 21 21 35 35 35 39 39 28 34 34 40 40 20 19 19 14 15 15 10 10 5 5 5 8 2 2 1 1 1 1 1 1 0 0 0 0 1 3 3 7
 17 17 36 14 14 22 20 20 29 29 82 33 33 24 26 26 19 19 17 12 12 15 11 11 15 15 6 5 5 3 2 2 1 1 1 2 2 1 1 1 0 0 3 5 5 4
 17 17 36 14 14 22 20 20 29 29 82 33 33 24 26 26 19 19 17 12 12 15 11 11 15 15 6 5 5 3 2 2 1 1 1 2 2 1 1 1 0 0 3 5 5 4
 31 31 34 25 25 34 31 31 35 35 81 65 65 18 24 24 14 14 11 7 7 1 4 4 5 5 5 6 6 3 0 0 0 0 1 2 2 2 1 1 2 2 3 5 5 7
 32 32 27 34 34 28 34 34 30 30 34 32 32 31 16 16 12 12 4 1 1 1 1 1 4 4 3 3 3 0 0 0 0 0 1 1 1 2 1 1 2 2 3 6 6 8
 32 32 27 34 34 28 34 34 30 30 34 32 32 31 16 16 12 12 4 1 1 1 1 1 4 4 3 3 3 0 0 0 0 0 1 1 1 2 1 1 2 2 3 6 6 8
 50 50 19 22 22 21 41 41 37 37 21 31 31 9 14 14 5 5 3 1 1 2 17 17 2 2 5 1 1 2 0 0 0 0 0 1 1 1 4 4 1 1 3 5 5 6
 50 50 19 22 22 21 41 41 37 37 21 31 31 9 14 14 5 5 3 1 1 2 17 17 2 2 5 1 1 2 0 0 0 0 0 1 1 1 4 4 1 1 3 5 5 6
 41 41 42 25 25 12 28 28 43 43 17 9 9 5 6 6 4 4 3 4 4 4 2 2 3 3 2 3 3 2 1 1 0 0 0 0 0 0 4 4 6 6 2 10 10 7
 54 54 16 22 22 10 19 19 17 17 3 7 7 3 5 5 3 3 4 4 4 5 5 5 5 5 3 5 5 1 1 1 0 0 0 1 1 4 6 6 1 1 7 10 10 10
 54 54 16 22 22 10 19 19 17 17 3 7 7 3 5 5 3 3 4 4 4 5 5 5 5 5 3 5 5 1 1 1 0 0 0 1 1 4 6 6 1 1 7 10 10 10
 56 56 20 19 19 7 7 7 10 10 9 2 2 5 5 5 4 4 4 4 4 12 14 14 8 8 6 7 7 3 5 5 1 1 1 2 2 2 7 7 3 3 11 10 10 13
 15 15 3 18 18 4 4 4 5 5 5 1 1 4 5 5 4 4 4 6 6 9 19 19 15 15 13 17 17 11 8 8 6 6 5 5 5 12 16 16 12 12 14 13 13 17
 15 15 3 18 18 4 4 4 5 5 5 1 1 4 5 5 4 4 4 6 6 9 19 19 15 15 13 17 17 11 8 8 6 6 5 5 5 12 16 16 12 12 14 13 13 17
 2 2 3 3 3 3 2 2 2 2 3 4 4 4 4 4 8 8 11 16 16 20 34 34 44 44 19 17 17 14 7 7 6 6 7 18 18 9 10 10 12 12 15 18 18 16
 2 2 3 3 3 3 2 2 2 2 3 4 4 4 4 4 8 8 11 16 16 20 34 34 44 44 19 17 17 14 7 7 6 6 7 18 18 9 10 10 12 12 15 18 18 16
 5 5 3 3 3 3 2 2 2 2 3 3 3 2 3 3 7 7 8 17 17 21 40 40 34 34 51 27 27 12 7 7 3 3 4 9 9 12 12 12 7 7 10 17 17 12
 5 5 4 4 4 3 3 3 3 3 4 3 3 4 4 4 4 4 8 8 8 14 15 15 29 29 16 28 28 15 9 9 4 4 2 4 4 6 6 6 11 11 14 16 16 9
 5 5 4 4 4 3 3 3 3 3 4 3 3 4 4 4 4 4 8 8 8 14 15 15 29 29 16 28 28 15 9 9 4 4 2 4 4 6 6 6 11 11 14 16 16 9
 4 4 5 5 5 3 7 7 5 5 4 4 4 4 5 5 4 4 6 5 5 10 9 9 11 11 12 9 9 7 3 3 2 2 3 4 4 13 13 13 13 13 15 13 13 8
 6 6 9 25 25 11 5 5 3 3 7 4 4 4 5 5 4 4 6 6 6 7 6 6 22 22 9 6 6 6 5 5 4 4 4 8 8 9 16 16 17 17 15 13 13 8
 6 6 9 25 25 11 5 5 3 3 7 4 4 4 5 5 4 4 6 6 6 7 6 6 22 22 9 6 6 6 5 5 4 4 4 8 8 9 16 16 17 17 15 13 13 8
 8 8 12 24 24 30 17 17 3 3 3 3 3 5 4 4 4 4 6 5 5 10 9 9 11 11 10 6 6 6 5 5 4 4 4 4 4 6 10 10 15 15 13 9 9 4
 8 8 12 24 24 30 17 17 3 3 3 3 3 5 4 4 4 4 6 5 5 10 9 9 11 11 10 6 6 6 5 5 4 4 4 4 4 6 10 10 15 15 13 9 9 4
 12 12 8 10 10 16 9 9 7 7 3 6 6 2 5 5 6 6 7 7 7 9 13 13 16 16 14 12 12 6 4 4 1 1 1 2 2 5 10 10 9 9 9 6 6 5
 25 25 9 7 7 8 7 7 7 7 4 1 1 1 3 3 6 6 8 10 10 10 13 13 21 21 16 11 11 7 11 11 1 1 0 1 1 2 3 3 3 3 4 5 5 1
 25 25 9 7 7 8 7 7 7 7 4 1 1 1 3 3 6 6 8 10 10 10 13 13 21 21 16 11 11 7 11 11 1 1 0 1 1 2 3 3 3 3 4 5 5 1
 14 14 14 9 9 6 5 5 3 3 3 2 2 1 1 1 3 3 7 9 9 10 12 12 18 18 24 12 12 6 9 9 1 1 1 2 2 2 2 2 4 4 4 3 3 3
 12 12 12 5 5 3 4 4 3 3 3 2 2 2 3 3 2 2 3 5 5 9 9 9 14 14 17 12 12 10 9 9 7 7 2 2 2 2 6 6 5 5 8 12 12 5
 12 12 12 5 5 3 4 4 3 3 3 2 2 2 3 3 2 2 3 5 5 9 9 9 14 14 17 12 12 10 9 9 7 7 2 2 2 2 6 6 5 5 8 12 12 5
 5 5 4 5 5 2 2 2 1 1 3 2 2 2 1 1 2 2 1 1 1 3 4 4 8 8 11 6 6 3 8 8 10 10 2 7 7 6 6 6 5 5 5 15 15 8
 5 5 4 5 5 2 2 2 1 1 3 2 2 2 1 1 2 2 1 1 1 3 4 4 8 8 11 6 6 3 8 8 10 10 2 7 7 6 6 6 5 5 5 15 15 8
 9 9 5 4 4 1 2 2 1 1 1 0 0 1 1 1 2 2 1 0 0 2 3 3 3 3 3 3 3 2 4 4 2 2 1 1 1 4 5 5 7 7 5 8 8 13
 21 21 22 6 6 4 2 2 2 2 3 1 1 1 1 1 1 1 1 1 1 2 2 2 2 2 2 3 3 2 3 3 2 2 1 4 4 7 5 5 6 6 4 7 7 18
 21 21 22 6 6 4 2 2 2 2 3 1 1 1 1 1 1 1 1 1 1 2 2 2 2 2 2 3 3 2 3 3 2 2 1 4 4 7 5 5 6 6 4 7 7 18
 30 30 24 14 14 5 3 3 2 2 2 1 1 1 1 1 2 2 1 3 3 1 2 2 2 2 4 3 3 4 9 9 5 5 6 3 3 7 5 5 3 3 4 3 3 6
 29 29 28 14 14 6 4 4 3 3 2 1 1 1 2 2 3 3 2 2 2 1 1 1 2 2 2 3 3 3 7 7 8 8 10 7 7 9 7 7 6 6 3 3 3 5
 29 29 28 14 14 6 4 4 3 3 2 1 1 1 2 2 3 3 2 2 2 1 1 1 2 2 2 3 3 3 7 7 8 8 10 7 7 9 7 7 6 6 3 3 3 5
 20 20 20 9 9 4 3 3 3 3 3 2 2 2 2 2 2 2 10 1 1 1 2 2 4 4 3 7 7 7 20 20 21 21 14 13 13 7 6 6 3 3 3 4 4 6
 20 20 20 9 9 4 3 3 3 3 3 2 2 2 2 2 2 2 10 1 1 1 2 2 4 4 3 7 7 7 20 20 21 21 14 13 13 7 6 6 3 3 3 4 4 6
 10 10 11 9 9 8 10 10 8 8 5 4 4 2 2 2 1 1 1 1 1 1 1 1 1 1 3 5 5 9 19 19 22 22 13 9 9 7 7 7 5 5 4 6 6 5
 11 11 8 9 9 14 16 16 16 16 10 7 7 6 4 4 4 4 2 2 2 2 1 1 1 1 4 4 4 6 12 12 14 14 11 9 9 4 7 7 9 9 5 7 7 6
 11 11 8 9 9 14 16 16 16 16 10 7 7 6 4 4 4 4 2 2 2 2 1 1 1 1 4 4 4 6 12 12 14 14 11 9 9 4 7 7 9 9 5 7 7 6
 7 7 9 8 8 8 9 9 15 15 13 6 6 6 5 5 6 6 5 4 4 1 1 1 1 1 4 4 4 3 8 8 9 9 7 5 5 8 11 11 9 9 7 8 8 8
 4 4 5 6 6 6 8 8 9 9 7 4 4 4 2 2 4 4 4 4 4 2 1 1 1 1 1 2 2 2 3 3 9 9 7 6 6 9 7 7 13 13 8 9 9 11
 4 4 5 6 6 6 8 8 9 9 7 4 4 4 2 2 4 4 4 4 4 2 1 1 1 1 1 2 2 2 3 3 9 9 7 6 6 9 7 7 13 13 8 9 9 11
 4 4 6 7 7 7 7 7 6 6 5 2 2 2 2 2 2 2 1 2 2 2 4 4 1 1 1 1 1 3 3 3 5 5 7 8 8 4 4 4 7 7 13 13 13 9
 4 4 6 7 7 7 7 7 6 6 5 2 2 2 2 2 2 2 1 2 2 2 4 4 1 1 1 1 1 3 3 3 5 5 7 8 8 4 4 4 7 7 13 13 13 9
 4 4 8 7 7 10 7 7 7 7 4 2 2 2 1 1 1 1 1 0 0 0 1 1 0 0 0 1 1 2 2 2 4 4 7 5 5 5 5 5 6 6 7 5 5 8
 4 4 5 7 7 8 7 7 6 6 3 3 3 3 2 2 1 1 1 1 1 0 1 1 1 1 1 1 1 1 1 1 2 2 3 4 4 6 6 6 7 7 5 4 4 11
 4 4 5 7 7 8 7 7 6 6 3 3 3 3 2 2 1 1 1 1 1 0 1 1 1 1 1 1 1 1 1 1 2 2 3 4 4 6 6 6 7 7 5 4 4 11
 3 3 3 5 5 7 6 6 6 6 2 1 1 5 3 3 2 2 1 1 1 1 1 1 1 1 4 2 2 2 1 1 2 2 3 3 3 4 7 7 9 9 8 5 5 8
 3 3 4 4 4 4 2 2 2 2 1 1 1 2 2 2 2 2 2 2 2 1 2 2 3 3 3 3 3 2 1 1 2 2 1 2 2 3 5 5 6 6 9 4 4 7
