assets/RAT_results_old/precipitation/2017-11-04_IMERG.asc
ncols        46
nrows        77
xllcorner    74.800261325624
yllcorner    8.058333333333
cellsize     0.062500000000
NODATA_value -9999
 4 4 5 3 3 2 1 1 1 1 1 2 2 3 4 4 1 1 0 0 0 0 0 0 2 2 3 2 2 3 1 1 3 3 2 2 2 1 5 5 3 3 4 2 2 3
 4 4 6 3 3 4 2 2 2 2 3 6 6 4 3 3 2 2 1 0 0 0 1 1 2 2 1 1 1 2 1 1 0 0 1 2 2 2 1 1 4 4 3 3 3 3
 4 4 6 3 3 4 2 2 2 2 3 6 6 4 3 3 2 2 1 0 0 0 1 1 2 2 1 1 1 2 1 1 0 0 1 2 2 2 1 1 4 4 3 3 3 3
 11 11 10 4 4 3 4 4 4 4 5 4 4 5 4 4 3 3 1 1 1 0 2 2 2 2 2 3 3 1 1 1 1 1 0 2 2 1 1 1 2 2 1 2 2 3
 9 9 6 9 9 4 7 7 8 8 5 4 4 4 4 4 3 3 1 2 2 3 1 1 1 1 1 3 3 0 0 0 1 1 1 2 2 5 2 2 6 6 3 3 3 3
 9 9 6 9 9 4 7 7 8 8 5 4 4 4 4 4 3 3 1 2 2 3 1 1 1 1 1 3 3 0 0 0 1 1 1 2 2 5 2 2 6 6 3 3 3 3
 11 11 11 14 14 10 9 9 10 10 7 4 4 4 5 5 5 5 4 3 3 3 2 2 1 1 1 2 2 2 1 1 1 1 3 3 3 1 1 1 2 2 1 1 1 2
 11 11 11 14 14 10 9 9 10 10 7 4 4 4 5 5 5 5 4 3 3 3 2 2 1 1 1 2 2 2 1 1 1 1 3 3 3 1 1 1 2 2 1 1 1 2
 6 6 14 18 18 10 31 31 33 33 9 4 4 5 6 6 5 5 5 3 3 2 2 2 0 0 1 1 1 1 2 2 1 1 4 2 2 4 6 6 2 2 1 2 2 3
 4 4 12 16 16 17 18 18 31 31 11 11 11 6 5 5 8 8 3 3 3 3 1 1 4 4 2 4 4 2 2 2 1 1 3 2 2 1 4 4 6 6 9 12 12 15
 4 4 12 16 16 17 18 18 31 31 11 11 11 6 5 5 8 8 3 3 3 3 1 1 4 4 2 4 4 2 2 2 1 1 3 2 2 1 4 4 6 6 9 12 12 15
 12 12 14 23 23 17 36 36 19 19 11 15 15 10 9 9 9 9 8 6 6 7 6 6 6 6 6 6 6 7 5 5 1 1 1 2 2 4 3 3 7 7 5 7 7 7
 10 10 16 25 25 28 30 30 18 18 15 14 14 18 9 9 9 9 8 7 7 4 4 4 4 4 9 12 12 44 5 5 3 3 2 3 3 11 9 9 8 8 8 6 6 7
 10 10 16 25 25 28 30 30 18 18 15 14 14 18 9 9 9 9 8 7 7 4 4 4 4 4 9 12 12 44 5 5 3 3 2 3 3 11 9 9 8 8 8 6 6 7
 12 12 16 18 18 20 21 21 16 16 13 9 9 13 14 14 10 10 11 9 9 6 7 7 7 7 5 9 9 5 6 6 3 3 3 2 2 8 14 14 8 8 4 1 1 2
 12 12 16 18 18 20 21 21 16 16 13 9 9 13 14 14 10 10 11 9 9 6 7 7 7 7 5 9 9 5 6 6 3 3 3 2 2 8 14 14 8 8 4 1 1 2
 19 19 10 14 14 14 14 14 18 18 13 18 18 18 14 14 7 7 7 6 6 4 3 3 3 3 3 5 5 6 7 7 7 7 2 4 4 11 11 11 8 8 1 1 1 1
 16 16 9 21 21 16 9 9 10 10 11 20 20 19 15 15 5 5 4 5 5 4 4 4 12 12 4 5 5 3 5 5 6 6 10 2 2 8 3 3 0 0 0 1 1 0
 16 16 9 21 21 16 9 9 10 10 11 20 20 19 15 15 5 5 4 5 5 4 4 4 12 12 4 5 5 3 5 5 6 6 10 2 2 8 3 3 0 0 0 1 1 0
 8 8 19 16 16 15 14 14 11 11 9 13 13 15 15 15 7 7 5 4 4 4 4 4 7 7 9 16 16 37 7 7 4 4 9 7 7 12 1 1 0 0 0 1 1 1
 8 8 9 10 10 17 19 19 16 16 16 20 20 18 15 15 7 7 3 3 3 2 4 4 4 4 7 8 8 3 2 2 1 1 7 16 16 2 0 0 0 0 0 0 0 1
 8 8 9 10 10 17 19 19 16 16 16 20 20 18 15 15 7 7 3 3 3 2 4 4 4 4 7 8 8 3 2 2 1 1 7 16 16 2 0 0 0 0 0 0 0 1
 9 9 10 11 11 12 10 10 9 9 7 11 11 12 12 12 6 6 3 1 1 1 2 2 5 5 8 1 1 3 3 3 7 7 16 16 16 2 0 0 0 0 0 0 0 0
 9 9 10 11 11 12 10 10 9 9 7 11 11 12 12 12 6 6 3 1 1 1 2 2 5 5 8 1 1 3 3 3 7 7 16 16 16 2 0 0 0 0 0 0 0 0
 17 17 18 23 23 17 6 6 7 7 6 11 11 14 13 13 7 7 3 3 3 1 2 2 7 7 4 3 3 3 4 4 12 12 4 3 3 0 0 0 0 0 0 0 0 0
 23 23 27 26 26 14 12 12 8 8 8 16 16 18 11 11 8 8 3 2 2 1 2 2 1 1 2 3 3 7 4 4 5 5 7 4 4 1 0 0 0 0 0 0 0 0
 23 23 27 26 26 14 12 12 8 8 8 16 16 18 11 11 8 8 3 2 2 1 2 2 1 1 2 3 3 7 4 4 5 5 7 4 4 1 0 0 0 0 0 0 0 0
 21 21 15 13 13 13 15 15 12 12 7 10 10 20 17 17 12 12 5 1 1 0 0 0 0 0 1 1 1 2 1 1 1 1 5 1 1 4 0 0 0 0 0 0 0 0
 17 17 10 9 9 8 10 10 7 7 5 7 7 24 24 24 15 15 7 5 5 3 4 4 1 1 1 1 1 1 1 1 1 1 2 6 6 1 1 1 1 1 1 1 1 0
 17 17 10 9 9 8 10 10 7 7 5 7 7 24 24 24 15 15 7 5 5 3 4 4 1 1 1 1 1 1 1 1 1 1 2 6 6 1 1 1 1 1 1 1 1 0
 21 21 9 7 7 8 16 16 14 14 8 4 4 16 18 18 14 14 5 3 3 2 4 4 2 2 3 1 1 1 2 2 1 1 1 4 4 1 0 0 1 1 1 0 0 0
 21 21 9 7 7 8 16 16 14 14 8 4 4 16 18 18 14 14 5 3 3 2 4 4 2 2 3 1 1 1 2 2 1 1 1 4 4 1 0 0 1 1 1 0 0 0
 14 14 15 8 8 8 9 9 11 11 21 6 6 8 6 6 11 11 9 7 7 8 4 4 3 3 2 1 1 5 1 1 0 0 0 0 0 1 0 0 1 1 0 1 1 1
 16 16 23 17 17 9 8 8 11 11 11 6 6 5 8 8 4 4 4 4 4 3 2 2 1 1 2 1 1 1 2 2 1 1 0 0 0 0 0 0 0 0 0 0 0 0
 16 16 23 17 17 9 8 8 11 11 11 6 6 5 8 8 4 4 4 4 4 3 2 2 1 1 2 1 1 1 2 2 1 1 0 0 0 0 0 0 0 0 0 0 0 0
 22 22 25 21 21 10 6 6 7 7 8 6 6 5 5 5 3 3 4 5 5 8 7 7 11 11 3 1 1 3 3 3 2 2 1 0 0 0 0 0 0 0 0 0 0 0
 20 20 21 19 19 15 9 9 9 9 8 5 5 6 5 5 6 6 4 5 5 8 4 4 5 5 9 7 7 7 1 1 2 2 2 1 1 1 1 1 1 1 0 0 0 0
 20 20 21 19 19 15 9 9 9 9 8 5 5 6 5 5 6 6 4 5 5 8 4 4 5 5 9 7 7 7 1 1 2 2 2 1 1 1 1 1 1 1 0 0 0 0
 11 11 9 8 8 5 4 4 3 3 4 6 6 3 4 4 3 3 4 7 7 9 8 8 7 7 9 10 10 10 2 2 3 3 4 2 2 1 3 3 1 1 0 2 2 1
 11 11 9 8 8 5 4 4 3 3 4 6 6 3 4 4 3 3 4 7 7 9 8 8 7 7 9 10 10 10 2 2 3 3 4 2 2 1 3 3 1 1 0 2 2 1
 12 12 9 10 10 8 6 6 5 5 3 5 5 5 4 4 5 5 6 8 8 9 9 9 10 10 9 11 11 11 3 3 5 5 5 4 4 2 2 2 1 1 1 0 0 1
 10 10 7 5 5 5 3 3 3 3 3 4 4 4 3 3 6 6 7 8 8 12 9 9 12 12 13 12 12 12 6 6 6 6 8 7 7 4 1 1 1 1 1 0 0 1
 10 10 7 5 5 5 3 3 3 3 3 4 4 4 3 3 6 6 7 8 8 12 9 9 12 12 13 12 12 12 6 6 6 6 8 7 7 4 1 1 1 1 1 0 0 1
 4 4 7 4 4 4 4 4 3 3 3 4 4 4 4 4 7 7 8 8 8 13 14 14 32 32 45 31 31 26 11 11 5 5 7 8 8 7 1 1 1 1 1 0 0 2
 5 5 7 4 4 4 3 3 2 2 3 3 3 4 6 6 6 6 9 11 11 19 22 22 39 39 52 56 56 45 49 49 8 8 7 5 5 5 2 2 1 1 1 0 0 0
 5 5 7 4 4 4 3 3 2 2 3 3 3 4 6 6 6 6 9 11 11 19 22 22 39 39 52 56 56 45 49 49 8 8 7 5 5 5 2 2 1 1 1 0 0 0
 4 4 5 8 8 25 26 26 6 6 6 3 3 5 7 7 4 4 17 17 17 25 48 48 40 40 50 62 62 63 60 60 21 21 6 3 3 1 1 1 1 1 1 1 1 0
 4 4 5 8 8 25 26 26 6 6 6 3 3 5 7 7 4 4 17 17 17 25 48 48 40 40 50 62 62 63 60 60 21 21 6 3 3 1 1 1 1 1 1 1 1 0
 7 7 8 28 28 29 29 29 22 22 3 3 3 3 6 6 6 6 12 24 24 35 44 44 49 49 71 66 66 58 51 51 26 26 9 5 5 1 1 1 1 1 2 1 1 1
 10 10 15 31 31 29 26 26 21 21 3 3 3 3 6 6 12 12 20 42 42 47 55 55 62 62 52 65 65 63 58 58 29 29 5 4 4 2 2 2 1 1 1 2 2 2
 10 10 15 31 31 29 26 26 21 21 3 3 3 3 6 6 12 12 20 42 42 47 55 55 62 62 52 65 65 63 58 58 29 29 5 4 4 2 2 2 1 1 1 2 2 2
 11 11 13 31 31 27 25 25 5 5 8 6 6 9 12 12 17 17 17 29 29 43 48 48 45 45 51 62 62 60 44 44 28 28 14 8 8 6 3 3 1 1 2 1 1 1
 2 2 4 4 4 4 4 4 3 3 5 9 9 13 19 19 20 20 15 24 24 36 31 31 28 28 33 39 39 43 39 39 23 23 17 19 19 9 4 4 1 1 1 1 1 1
 2 2 4 4 4 4 4 4 3 3 5 9 9 13 19 19 20 20 15 24 24 36 31 31 28 28 33 39 39 43 39 39 23 23 17 19 19 9 4 4 1 1 1 1 1 1
 4 4 6 7 7 6 6 6 4 4 5 7 7 9 9 9 11 11 12 15 15 21 25 25 38 38 24 27 27 22 54 54 48 48 15 16 16 11 4 4 1 1 1 1 1 1
 4 4 6 7 7 6 6 6 4 4 5 7 7 9 9 9 11 11 12 15 15 21 25 25 38 38 24 27 27 22 54 54 48 48 15 16 16 11 4 4 1 1 1 1 1 1
 8 8 6 7 7 6 2 2 2 2 3 3 3 6 8 8 11 11 11 11 11 13 15 15 26 26 39 30 30 36 55 55 58 58 32 16 16 12 10 10 2 2 2 0 0 1
 10 10 6 3 3 2 3 3 1 1 2 2 2 3 7 7 9 9 12 7 7 9 12 12 18 18 29 27 27 30 38 38 36 36 36 35 35 36 10 10 6 6 2 1 1 2
 10 10 6 3 3 2 3 3 1 1 2 2 2 3 7 7 9 9 12 7 7 9 12 12 18 18 29 27 27 30 38 38 36 36 36 35 35 36 10 10 6 6 2 1 1 2
 24 24 31 17 17 12 7 7 1 1 0 1 1 1 5 5 10 10 10 4 4 9 11 11 18 18 22 26 26 23 32 32 22 22 28 33 33 23 13 13 10 10 4 2 2 1
 37 37 43 26 26 16 8 8 3 3 1 1 1 1 6 6 9 9 8 5 5 8 10 10 14 14 25 22 22 20 22 22 25 25 42 45 45 43 26 26 13 13 8 6 6 7
 37 37 43 26 26 16 8 8 3 3 1 1 1 1 6 6 9 9 8 5 5 8 10 10 14 14 25 22 22 20 22 22 25 25 42 45 45 43 26 26 13 13 8 6 6 7
 28 28 33 18 18 11 5 5 3 3 3 1 1 1 1 1 1 1 2 3 3 3 8 8 12 12 20 21 21 21 33 33 37 37 53 44 44 49 36 36 33 33 23 23 23 11
 28 28 33 18 18 11 5 5 3 3 3 1 1 1 1 1 1 1 2 3 3 3 8 8 12 12 20 21 21 21 33 33 37 37 53 44 44 49 36 36 33 33 23 23 23 11
 21 21 22 13 13 8 3 3 2 2 2 2 2 1 1 1 1 1 2 3 3 2 4 4 6 6 21 76 76 13 16 16 26 26 45 54 54 54 39 39 41 41 32 30 30 34
 3 3 4 4 4 0 0 0 1 1 1 1 1 1 1 1 3 3 5 2 2 4 5 5 5 5 19 37 37 37 14 14 10 10 18 20 20 43 44 44 49 49 44 45 45 39
 3 3 4 4 4 0 0 0 1 1 1 1 1 1 1 1 3 3 5 2 2 4 5 5 5 5 19 37 37 37 14 14 10 10 18 20 20 43 44 44 49 49 44 45 45 39
 4 4 4 4 4 0 2 2 2 2 0 0 0 0 0 0 3 3 11 12 12 8 6 6 6 6 17 79 79 22 34 34 12 12 17 22 22 37 45 45 59 59 54 50 50 48
 4 4 4 3 3 2 2 2 1 1 1 2 2 1 1 1 10 10 12 12 12 15 17 17 7 7 16 37 37 12 39 39 11 11 13 16 16 23 32 32 51 51 38 42 42 49
 4 4 4 3 3 2 2 2 1 1 1 2 2 1 1 1 10 10 12 12 12 15 17 17 7 7 16 37 37 12 39 39 11 11 13 16 16 23 32 32 51 51 38 42 42 49
 4 4 5 3 3 2 2 2 1 1 1 3 3 2 1 1 2 2 3 15 15 15 16 16 15 15 15 11 11 17 15 15 13 13 22 13 13 12 15 15 18 18 23 34 34 40
 4 4 5 3 3 2 2 2 1 1 1 3 3 2 1 1 2 2 3 15 15 15 16 16 15 15 15 11 11 17 15 15 13 13 22 13 13 12 15 15 18 18 23 34 34 40
 4 4 3 3 3 2 2 2 2 2 2 2 2 2 2 2 2 2 3 4 4 11 3 3 9 9 9 10 10 9 17 17 15 15 9 8 8 19 13 13 13 13 14 13 13 19
 4 4 3 2 2 1 1 1 2 2 2 2 2 2 1 1 2 2 2 2 2 2 3 3 8 8 9 6 6 15 16 16 11 11 7 8 8 19 10 10 14 14 6 5 5 9
 4 4 3 2 2 1 1 1 2 2 2 2 2 2 1 1 2 2 2 2 2 2 3 3 8 8 9 6 6 15 16 16 11 11 7 8 8 19 10 10 14 14 6 5 5 9
 2 2 1 0 0 2 0 0 2 2 2 2 2 2 2 2 3 3 3 2 2 2 2 2 3 3 5 4 4 13 5 5 5 5 5 6 6 9 17 17 15 15 6 4 4 4
 1 1 1 0 0 0 1 1 3 3 3 2 2 2 2 2 2 2 3 4 4 3 2 2 3 3 4 3 3 4 4 4 4 4 4 5 5 6 5 5 4 4 5 3 3 3
