assets/RAT_results_old/precipitation/2017-05-18_IMERG.asc
ncols        46
nrows        77
xllcorner    74.800261325624
yllcorner    8.058333333333
cellsize     0.062500000000
NODATA_value -9999
 2 2 6 9 9 8 57 57 85 85 93 59 59 22 28 28 30 30 23 24 24 18 14 14 24 24 27 56 56 30 30 30 22 22 27 48 48 47 44 44 39 39 39 29 29 25
 1 1 2 5 5 4 4 4 28 28 54 17 17 27 21 21 25 25 28 55 55 22 17 17 26 26 24 32 32 37 24 24 24 24 45 58 58 50 56 56 61 61 59 40 40 34
 1 1 2 5 5 4 4 4 28 28 54 17 17 27 21 21 25 25 28 55 55 22 17 17 26 26 24 32 32 37 24 24 24 24 45 58 58 50 56 56 61 61 59 40 40 34
 1 1 2 2 2 2 10 10 16 16 21 16 16 54 17 17 18 18 23 31 31 24 14 14 19 19 19 35 35 37 24 24 31 31 60 61 61 55 58 58 61 61 57 34 34 42
 0 0 1 2 2 2 8 8 51 51 55 12 12 16 22 22 18 18 20 28 28 13 13 13 9 9 11 18 18 23 34 34 41 41 58 59 59 92 86 86 68 68 63 43 43 45
 0 0 1 2 2 2 8 8 51 51 55 12 12 16 22 22 18 18 20 28 28 13 13 13 9 9 11 18 18 23 34 34 41 41 58 59 59 92 86 86 68 68 63 43 43 45
 0 0 0 1 1 2 26 26 50 50 62 8 8 5 12 12 23 23 32 21 21 27 20 20 25 25 21 23 23 24 31 31 27 27 66 68 68 93 89 89 60 60 55 59 59 35
 0 0 0 1 1 2 26 26 50 50 62 8 8 5 12 12 23 23 32 21 21 27 20 20 25 25 21 23 23 24 31 31 27 27 66 68 68 93 89 89 60 60 55 59 59 35
 1 1 1 1 1 11 41 41 43 43 41 9 9 7 8 8 14 14 25 26 26 28 20 20 32 32 25 20 20 19 24 24 27 27 20 52 52 92 81 81 54 54 53 58 58 35
 2 2 2 3 3 3 20 20 41 41 49 9 9 7 12 12 17 17 16 21 21 21 19 19 19 19 27 19 19 15 19 19 20 20 18 49 49 43 49 49 47 47 42 45 45 29
 2 2 2 3 3 3 20 20 41 41 49 9 9 7 12 12 17 17 16 21 21 21 19 19 19 19 27 19 19 15 19 19 20 20 18 49 49 43 49 49 47 47 42 45 45 29
 5 5 5 3 3 4 4 4 31 31 40 17 17 12 15 15 31 31 22 16 16 17 14 14 16 16 16 24 24 16 18 18 17 17 15 47 47 46 48 48 47 47 43 41 41 32
 1 1 1 1 1 2 44 44 30 30 5 28 28 27 21 21 22 22 32 13 13 7 4 4 7 7 9 14 14 12 19 19 16 16 11 39 39 46 48 48 49 49 41 46 46 34
 1 1 1 1 1 2 44 44 30 30 5 28 28 27 21 21 22 22 32 13 13 7 4 4 7 7 9 14 14 12 19 19 16 16 11 39 39 46 48 48 49 49 41 46 46 34
 1 1 1 1 1 1 16 16 4 4 2 1 1 2 12 12 7 7 15 4 4 4 3 3 6 6 5 6 6 5 16 16 20 20 17 52 52 46 48 48 47 47 28 27 27 24
 1 1 1 1 1 1 16 16 4 4 2 1 1 2 12 12 7 7 15 4 4 4 3 3 6 6 5 6 6 5 16 16 20 20 17 52 52 46 48 48 47 47 28 27 27 24
 1 1 1 2 2 2 2 2 4 4 4 2 2 2 3 3 2 2 4 2 2 4 1 1 5 5 5 8 8 8 10 10 11 11 13 17 17 43 58 58 54 54 43 25 25 27
 3 3 2 2 2 2 2 2 2 2 3 2 2 1 2 2 3 3 8 3 3 2 2 2 4 4 7 12 12 8 11 11 11 11 13 15 15 41 30 30 40 40 41 21 21 26
 3 3 2 2 2 2 2 2 2 2 3 2 2 1 2 2 3 3 8 3 3 2 2 2 4 4 7 12 12 8 11 11 11 11 13 15 15 41 30 30 40 40 41 21 21 26
 5 5 4 3 3 2 2 2 2 2 2 3 3 2 2 2 4 4 7 5 5 3 2 2 3 3 6 7 7 7 7 7 8 8 9 11 11 25 26 26 39 39 38 24 24 25
 5 5 4 4 4 3 3 3 3 3 2 3 3 3 3 3 3 3 7 3 3 2 2 2 1 1 1 7 7 6 5 5 6 6 8 9 9 14 12 12 23 23 24 18 18 24
 5 5 4 4 4 3 3 3 3 3 2 3 3 3 3 3 3 3 7 3 3 2 2 2 1 1 1 7 7 6 5 5 6 6 8 9 9 14 12 12 23 23 24 18 18 24
 5 5 4 5 5 5 4 4 8 8 3 3 3 3 4 4 3 3 4 6 6 4 1 1 1 1 2 6 6 12 17 17 13 13 15 14 14 13 12 12 29 29 30 23 23 23
 5 5 4 5 5 5 4 4 8 8 3 3 3 3 4 4 3 3 4 6 6 4 1 1 1 1 2 6 6 12 17 17 13 13 15 14 14 13 12 12 29 29 30 23 23 23
 4 4 4 6 6 6 7 7 11 11 25 5 5 5 8 8 8 8 7 8 8 3 2 2 1 1 1 4 4 13 15 15 12 12 9 11 11 10 32 32 27 27 29 46 46 39
 4 4 4 7 7 7 8 8 9 9 54 19 19 26 22 22 21 21 13 8 8 5 3 3 2 2 3 7 7 7 10 10 7 7 5 8 8 9 29 29 29 29 34 36 36 38
 4 4 4 7 7 7 8 8 9 9 54 19 19 26 22 22 21 21 13 8 8 5 3 3 2 2 3 7 7 7 10 10 7 7 5 8 8 9 29 29 29 29 34 36 36 38
 5 5 6 7 7 8 9 9 13 13 60 36 36 47 37 37 40 40 28 16 16 11 4 4 3 3 2 2 2 3 4 4 9 9 7 10 10 11 28 28 31 31 35 37 37 37
 6 6 6 6 6 7 8 8 10 10 30 40 40 201 52 52 33 33 41 31 31 25 13 13 6 6 3 2 2 2 2 2 5 5 7 16 16 17 29 29 31 31 34 34 34 36
 6 6 6 6 6 7 8 8 10 10 30 40 40 201 52 52 33 33 41 31 31 25 13 13 6 6 3 2 2 2 2 2 5 5 7 16 16 17 29 29 31 31 34 34 34 36
 6 6 6 7 7 7 7 7 7 7 13 31 31 45 20 20 29 29 38 47 47 39 29 29 3 3 3 2 2 2 3 3 3 3 13 9 9 17 31 31 35 35 31 34 34 13
 6 6 6 7 7 7 7 7 7 7 13 31 31 45 20 20 29 29 38 47 47 39 29 29 3 3 3 2 2 2 3 3 3 3 13 9 9 17 31 31 35 35 31 34 34 13
 7 7 7 7 7 8 7 7 7 7 8 9 9 29 13 13 19 19 31 38 38 50 34 34 8 8 4 7 7 8 5 5 3 3 8 9 9 30 32 32 34 34 31 35 35 34
 8 8 6 5 5 6 8 8 8 8 7 6 6 8 23 23 9 9 30 38 38 167 178 178 36 36 7 6 6 6 7 7 7 7 9 8 8 20 21 21 32 32 33 34 34 35
 8 8 6 5 5 6 8 8 8 8 7 6 6 8 23 23 9 9 30 38 38 167 178 178 36 36 7 6 6 6 7 7 7 7 9 8 8 20 21 21 32 32 33 34 34 35
 8 8 5 4 4 5 7 7 8 8 7 9 9 8 4 4 6 6 16 175 175 178 214 214 34 34 15 27 27 14 11 11 8 8 8 4 4 21 21 21 31 31 16 26 26 27
 21 21 21 10 10 4 15 15 7 7 12 6 6 6 9 9 7 7 5 20 20 37 27 27 28 28 39 25 25 26 11 11 8 8 6 2 2 5 7 7 14 14 15 26 26 26
 21 21 21 10 10 4 15 15 7 7 12 6 6 6 9 9 7 7 5 20 20 37 27 27 28 28 39 25 25 26 11 11 8 8 6 2 2 5 7 7 14 14 15 26 26 26
 22 22 31 13 13 64 16 16 14 14 16 7 7 6 6 6 2 2 3 13 13 24 21 21 36 36 18 10 10 10 9 9 7 7 6 7 7 18 9 9 2 2 7 11 11 10
 22 22 31 13 13 64 16 16 14 14 16 7 7 6 6 6 2 2 3 13 13 24 21 21 36 36 18 10 10 10 9 9 7 7 6 7 7 18 9 9 2 2 7 11 11 10
 23 23 31 15 15 60 85 85 34 34 27 20 20 16 30 30 15 15 3 11 11 11 10 10 20 20 16 11 11 7 6 6 10 10 12 14 14 12 16 16 4 4 8 8 8 11
 25 25 37 56 56 105 87 87 33 33 40 43 43 33 37 37 44 44 31 24 24 13 22 22 20 20 15 16 16 10 13 13 13 13 17 16 16 16 22 22 22 22 10 10 10 18
 25 25 37 56 56 105 87 87 33 33 40 43 43 33 37 37 44 44 31 24 24 13 22 22 20 20 15 16 16 10 13 13 13 13 17 16 16 16 22 22 22 22 10 10 10 18
 11 11 20 54 54 106 96 96 46 46 56 97 97 37 40 40 26 26 19 18 18 28 27 27 18 18 18 36 36 17 10 10 10 10 33 21 21 16 13 13 18 18 13 8 8 12
 12 12 21 39 39 34 91 91 45 45 142 94 94 49 46 46 36 36 34 27 27 25 16 16 22 22 23 43 43 18 14 14 21 21 29 21 21 20 11 11 11 11 8 12 12 10
 12 12 21 39 39 34 91 91 45 45 142 94 94 49 46 46 36 36 34 27 27 25 16 16 22 22 23 43 43 18 14 14 21 21 29 21 21 20 11 11 11 11 8 12 12 10
 14 14 24 17 17 37 45 45 43 43 74 74 74 103 45 45 48 48 40 28 28 19 12 12 13 13 23 28 28 39 20 20 27 27 22 13 13 18 22 22 31 31 24 26 26 31
 14 14 24 17 17 37 45 45 43 43 74 74 74 103 45 45 48 48 40 28 28 19 12 12 13 13 23 28 28 39 20 20 27 27 22 13 13 18 22 22 31 31 24 26 26 31
 21 21 19 14 14 27 19 19 87 87 26 26 26 33 43 43 44 44 25 21 21 36 34 34 25 25 21 35 35 39 31 31 24 24 23 26 26 26 34 34 38 38 37 37 37 40
 17 17 17 30 30 31 22 22 14 14 22 24 24 16 19 19 9 9 14 17 17 33 42 42 21 21 33 44 44 62 56 56 36 36 30 29 29 25 32 32 29 29 30 53 53 35
 17 17 17 30 30 31 22 22 14 14 22 24 24 16 19 19 9 9 14 17 17 33 42 42 21 21 33 44 44 62 56 56 36 36 30 29 29 25 32 32 29 29 30 53 53 35
 19 19 32 37 37 30 30 30 23 23 49 28 28 37 15 15 9 9 5 8 8 41 31 31 22 22 58 43 43 66 73 73 48 48 28 19 19 29 30 30 31 31 54 55 55 49
 36 36 166 54 54 41 48 48 47 47 60 83 83 57 24 24 9 9 6 7 7 17 24 24 35 35 47 43 43 45 41 41 48 48 36 26 26 22 32 32 36 36 35 50 50 39
 36 36 166 54 54 41 48 48 47 47 60 83 83 57 24 24 9 9 6 7 7 17 24 24 35 35 47 43 43 45 41 41 48 48 36 26 26 22 32 32 36 36 35 50 50 39
 45 45 144 158 158 149 63 63 73 73 65 82 82 114 74 74 39 39 32 21 21 36 62 62 49 49 32 30 30 43 40 40 32 32 33 15 15 19 28 28 20 20 36 29 29 31
 45 45 144 158 158 149 63 63 73 73 65 82 82 114 74 74 39 39 32 21 21 36 62 62 49 49 32 30 30 43 40 40 32 32 33 15 15 19 28 28 20 20 36 29 29 31
 139 139 146 147 147 154 71 71 110 110 117 109 109 113 56 56 63 63 72 19 19 40 56 56 53 53 35 27 27 26 34 34 25 25 14 12 12 12 12 12 15 15 25 21 21 10
 136 136 79 195 195 81 111 111 60 60 48 72 72 66 82 82 115 115 85 22 22 42 57 57 65 65 21 20 20 8 21 21 17 17 16 8 8 12 8 8 3 3 1 0 0 3
 136 136 79 195 195 81 111 111 60 60 48 72 72 66 82 82 115 115 85 22 22 42 57 57 65 65 21 20 20 8 21 21 17 17 16 8 8 12 8 8 3 3 1 0 0 3
 93 93 120 213 213 90 77 77 47 47 55 71 71 70 53 53 51 51 32 15 15 24 85 85 49 49 38 52 52 20 8 8 8 8 9 10 10 12 10 10 2 2 1 1 1 1
 26 26 128 140 140 78 85 85 68 68 68 69 69 72 60 60 53 53 40 22 22 17 44 44 52 52 61 48 48 34 9 9 7 7 13 15 15 6 2 2 1 1 0 1 1 1
 26 26 128 140 140 78 85 85 68 68 68 69 69 72 60 60 53 53 40 22 22 17 44 44 52 52 61 48 48 34 9 9 7 7 13 15 15 6 2 2 1 1 0 1 1 1
 26 26 142 179 179 178 62 62 65 65 86 87 87 77 88 88 61 61 30 28 28 35 33 33 54 54 52 45 45 39 17 17 8 8 26 17 17 33 4 4 4 4 2 5 5 1
 26 26 142 179 179 178 62 62 65 65 86 87 87 77 88 88 61 61 30 28 28 35 33 33 54 54 52 45 45 39 17 17 8 8 26 17 17 33 4 4 4 4 2 5 5 1
 23 23 140 177 177 168 70 70 65 65 128 102 102 138 109 109 86 86 79 32 32 22 47 47 62 62 46 46 46 32 24 24 36 36 5 16 16 14 2 2 1 1 4 8 8 2
 7 7 28 33 33 55 47 47 117 117 97 96 96 131 124 124 76 76 57 51 51 34 43 43 83 83 55 47 47 21 18 18 12 12 10 27 27 13 2 2 3 3 2 1 1 3
 7 7 28 33 33 55 47 47 117 117 97 96 96 131 124 124 76 76 57 51 51 34 43 43 83 83 55 47 47 21 18 18 12 12 10 27 27 13 2 2 3 3 2 1 1 3
 11 11 29 32 32 69 58 58 77 77 99 104 104 126 92 92 69 69 57 53 53 41 55 55 85 85 72 55 55 29 31 31 14 14 20 23 23 13 8 8 4 4 2 12 12 7
 14 14 27 32 32 38 46 46 71 71 121 149 149 116 69 69 72 72 44 58 58 73 57 57 65 65 66 56 56 56 50 50 74 74 60 20 20 14 23 23 7 7 3 12 12 36
 14 14 27 32 32 38 46 46 71 71 121 149 149 116 69 69 72 72 44 58 58 73 57 57 65 65 66 56 56 56 50 50 74 74 60 20 20 14 23 23 7 7 3 12 12 36
 18 18 25 38 38 35 48 48 106 106 101 87 87 57 105 105 75 75 60 73 73 69 48 48 60 60 65 47 47 36 89 89 102 102 57 44 44 13 3 3 6 6 7 7 7 13
 18 18 25 38 38 35 48 48 106 106 101 87 87 57 105 105 75 75 60 73 73 69 48 48 60 60 65 47 47 36 89 89 102 102 57 44 44 13 3 3 6 6 7 7 7 13
 13 13 19 30 30 33 38 38 139 139 156 96 96 87 79 79 75 75 67 99 99 89 63 63 51 51 34 34 34 25 68 68 105 105 57 49 49 16 35 35 8 8 8 6 6 6
 12 12 12 32 32 30 77 77 133 133 130 82 82 81 85 85 105 105 84 87 87 55 82 82 96 96 58 47 47 63 66 66 101 101 59 92 92 40 44 44 19 19 18 4 4 5
 12 12 12 32 32 30 77 77 133 133 130 82 82 81 85 85 105 105 84 87 87 55 82 82 96 96 58 47 47 63 66 66 101 101 59 92 92 40 44 44 19 19 18 4 4 5
 6 6 11 13 13 12 18 18 22 22 57 74 74 78 82 82 64 64 64 60 60 80 78 78 86 86 129 72 72 98 88 88 114 114 95 88 88 33 34 34 13 13 15 19 19 17
 4 4 5 8 8 9 19 19 20 20 19 34 34 41 42 42 63 63 61 63 63 52 82 82 143 143 144 99 99 100 98 98 84 84 78 82 82 49 53 53 27 27 16 20 20 23
