assets/RAT_results_old/precipitation/2017-09-14_IMERG.asc
ncols        46
nrows        77
xllcorner    74.800261325624
yllcorner    8.058333333333
cellsize     0.062500000000
NODATA_value -9999
 6 6 5 3 3 3 7 7 6 6 8 6 6 8 12 12 12 12 10 11 11 10 9 9 8 8 9 9 9 7 9 9 12 12 14 19 19 22 26 26 17 17 14 10 10 6
 5 5 6 4 4 9 6 6 11 11 7 7 7 8 7 7 11 11 8 7 7 7 5 5 7 7 9 11 11 10 10 10 11 11 14 16 16 17 14 14 13 13 10 9 9 6
 5 5 6 4 4 9 6 6 11 11 7 7 7 8 7 7 11 11 8 7 7 7 5 5 7 7 9 11 11 10 10 10 11 11 14 16 16 17 14 14 13 13 10 9 9 6
 6 6 6 8 8 6 8 8 9 9 11 9 9 6 6 6 11 11 6 4 4 7 6 6 5 5 7 8 8 11 14 14 13 13 13 12 12 11 13 13 10 10 9 9 9 6
 2 2 4 5 5 5 7 7 11 11 10 16 16 11 8 8 6 6 6 9 9 6 6 6 5 5 8 10 10 13 13 13 9 9 10 14 14 11 10 10 14 14 9 8 8 7
 2 2 4 5 5 5 7 7 11 11 10 16 16 11 8 8 6 6 6 9 9 6 6 6 5 5 8 10 10 13 13 13 9 9 10 14 14 11 10 10 14 14 9 8 8 7
 4 4 6 4 4 9 7 7 8 8 10 10 10 9 8 8 7 7 8 5 5 5 4 4 6 6 10 12 12 13 15 15 12 12 12 7 7 8 11 11 11 11 9 9 9 7
 4 4 6 4 4 9 7 7 8 8 10 10 10 9 8 8 7 7 8 5 5 5 4 4 6 6 10 12 12 13 15 15 12 12 12 7 7 8 11 11 11 11 9 9 9 7
 3 3 5 7 7 9 8 8 11 11 8 10 10 10 8 8 9 9 14 6 6 7 6 6 7 7 12 11 11 13 13 13 17 17 13 10 10 11 11 11 11 11 8 7 7 5
 4 4 7 11 11 15 11 11 17 17 15 15 15 13 22 22 11 11 6 4 4 7 6 6 9 9 9 11 11 15 22 22 11 11 12 13 13 14 11 11 9 9 13 13 13 10
 4 4 7 11 11 15 11 11 17 17 15 15 15 13 22 22 11 11 6 4 4 7 6 6 9 9 9 11 11 15 22 22 11 11 12 13 13 14 11 11 9 9 13 13 13 10
 8 8 9 12 12 17 13 13 15 15 21 30 30 19 12 12 13 13 8 6 6 11 6 6 7 7 7 10 10 10 11 11 9 9 10 13 13 17 11 11 11 11 10 14 14 11
 18 18 13 16 16 19 18 18 15 15 29 15 15 22 12 12 13 13 9 12 12 7 7 7 9 9 9 10 10 14 12 12 9 9 20 18 18 17 17 17 10 10 10 23 23 15
 18 18 13 16 16 19 18 18 15 15 29 15 15 22 12 12 13 13 9 12 12 7 7 7 9 9 9 10 10 14 12 12 9 9 20 18 18 17 17 17 10 10 10 23 23 15
 18 18 16 21 21 27 19 19 18 18 27 27 27 21 26 26 12 12 14 12 12 8 11 11 10 10 7 14 14 15 12 12 7 7 12 12 12 11 13 13 26 26 13 10 10 4
 18 18 16 21 21 27 19 19 18 18 27 27 27 21 26 26 12 12 14 12 12 8 11 11 10 10 7 14 14 15 12 12 7 7 12 12 12 11 13 13 26 26 13 10 10 4
 17 17 17 14 14 23 35 35 31 31 25 23 23 27 17 17 12 12 14 8 8 7 7 7 6 6 14 11 11 14 11 11 10 10 11 13 13 12 15 15 25 25 12 15 15 9
 32 32 15 21 21 23 34 34 25 25 27 31 31 24 15 15 16 16 16 8 8 11 12 12 10 10 8 7 7 7 7 7 10 10 11 10 10 12 29 29 11 11 6 7 7 0
 32 32 15 21 21 23 34 34 25 25 27 31 31 24 15 15 16 16 16 8 8 11 12 12 10 10 8 7 7 7 7 7 10 10 11 10 10 12 29 29 11 11 6 7 7 0
 41 41 20 13 13 17 28 28 28 28 37 41 41 35 46 46 13 13 18 17 17 14 11 11 10 10 6 5 5 6 15 15 8 8 8 9 9 5 5 5 6 6 0 0 0 0
 27 27 25 23 23 18 21 21 23 23 29 34 34 34 41 41 21 21 25 22 22 17 13 13 7 7 5 3 3 3 5 5 9 9 5 5 5 4 2 2 0 0 0 0 0 0
 27 27 25 23 23 18 21 21 23 23 29 34 34 34 41 41 21 21 25 22 22 17 13 13 7 7 5 3 3 3 5 5 9 9 5 5 5 4 2 2 0 0 0 0 0 0
 20 20 32 26 26 18 22 22 20 20 31 27 27 24 16 16 18 18 24 21 21 34 15 15 10 10 4 3 3 3 6 6 9 9 1 0 0 0 0 0 0 0 0 0 0 0
 20 20 32 26 26 18 22 22 20 20 31 27 27 24 16 16 18 18 24 21 21 34 15 15 10 10 4 3 3 3 6 6 9 9 1 0 0 0 0 0 0 0 0 0 0 0
 19 19 30 27 27 20 29 29 26 26 26 23 23 15 24 24 11 11 16 11 11 11 13 13 5 5 3 5 5 7 4 4 0 0 0 0 0 0 0 0 0 0 0 0 0 0
 15 15 21 22 22 18 15 15 16 16 21 23 23 12 12 12 10 10 9 8 8 7 9 9 13 13 11 11 11 9 3 3 2 2 0 1 1 0 0 0 1 1 0 0 0 0
 15 15 21 22 22 18 15 15 16 16 21 23 23 12 12 12 10 10 9 8 8 7 9 9 13 13 11 11 11 9 3 3 2 2 0 1 1 0 0 0 1 1 0 0 0 0
 11 11 18 20 20 20 17 17 16 16 34 23 23 12 9 9 7 7 9 12 12 9 13 13 12 12 14 13 13 8 8 8 3 3 1 0 0 0 1 1 1 1 0 0 0 0
 9 9 13 16 16 16 15 15 17 17 25 26 26 11 9 9 7 7 10 11 11 11 27 27 18 18 11 60 60 5 5 5 1 1 0 0 0 0 0 0 0 0 0 0 0 0
 9 9 13 16 16 16 15 15 17 17 25 26 26 11 9 9 7 7 10 11 11 11 27 27 18 18 11 60 60 5 5 5 1 1 0 0 0 0 0 0 0 0 0 0 0 0
 8 8 11 15 15 12 12 12 11 11 20 18 18 11 11 11 8 8 11 12 12 11 41 41 30 30 4 0 0 1 1 1 0 0 0 0 0 0 1 1 1 1 0 0 0 0
 8 8 11 15 15 12 12 12 11 11 20 18 18 11 11 11 8 8 11 12 12 11 41 41 30 30 4 0 0 1 1 1 0 0 0 0 0 0 1 1 1 1 0 0 0 0
 5 5 6 10 10 11 10 10 11 11 17 17 17 13 14 14 10 10 12 12 12 13 5 5 5 5 1 0 0 0 1 1 0 0 0 0 0 0 1 1 1 1 0 1 1 0
 3 3 3 7 7 7 7 7 10 10 16 16 16 14 14 14 8 8 10 13 13 13 10 10 1 1 1 0 0 0 0 0 0 0 1 0 0 1 0 0 0 0 0 0 0 0
 3 3 3 7 7 7 7 7 10 10 16 16 16 14 14 14 8 8 10 13 13 13 10 10 1 1 1 0 0 0 0 0 0 0 1 0 0 1 0 0 0 0 0 0 0 0
 1 1 2 4 4 7 6 6 9 9 13 16 16 12 12 12 7 7 8 13 13 12 2 2 1 1 1 3 3 4 0 0 1 1 6 2 2 1 2 2 1 1 0 1 1 1
 1 1 2 3 3 7 6 6 9 9 12 13 13 10 9 9 9 9 9 13 13 11 8 8 7 7 3 5 5 11 5 5 2 2 3 3 3 3 2 2 0 0 0 1 1 2
 1 1 2 3 3 7 6 6 9 9 12 13 13 10 9 9 9 9 9 13 13 11 8 8 7 7 3 5 5 11 5 5 2 2 3 3 3 3 2 2 0 0 0 1 1 2
 0 0 1 3 3 7 7 7 10 10 11 12 12 10 11 11 10 10 10 11 11 11 9 9 10 10 9 11 11 10 14 14 14 14 9 7 7 9 4 4 1 1 1 4 4 5
 0 0 1 3 3 7 7 7 10 10 11 12 12 10 11 11 10 10 10 11 11 11 9 9 10 10 9 11 11 10 14 14 14 14 9 7 7 9 4 4 1 1 1 4 4 5
 1 1 1 3 3 7 8 8 6 6 9 9 9 12 8 8 9 9 7 11 11 9 10 10 8 8 8 10 10 13 12 12 15 15 16 9 9 9 4 4 2 2 2 5 5 7
 0 0 0 2 2 5 5 5 5 5 8 8 8 9 7 7 5 5 4 8 8 10 7 7 11 11 9 8 8 9 6 6 7 7 13 9 9 8 5 5 4 4 2 7 7 2
 0 0 0 2 2 5 5 5 5 5 8 8 8 9 7 7 5 5 4 8 8 10 7 7 11 11 9 8 8 9 6 6 7 7 13 9 9 8 5 5 4 4 2 7 7 2
 0 0 0 2 2 4 5 5 5 5 6 6 6 9 7 7 5 5 4 8 8 10 13 13 16 16 16 13 13 8 5 5 6 6 6 7 7 10 5 5 4 4 1 0 0 0
 0 0 0 2 2 4 5 5 4 4 5 5 5 8 8 8 6 6 5 9 9 13 26 26 15 15 24 12 12 6 9 9 4 4 7 4 4 6 8 8 1 1 0 0 0 0
 0 0 0 2 2 4 5 5 4 4 5 5 5 8 8 8 6 6 5 9 9 13 26 26 15 15 24 12 12 6 9 9 4 4 7 4 4 6 8 8 1 1 0 0 0 0
 0 0 0 2 2 3 4 4 4 4 4 5 5 9 8 8 7 7 5 5 5 11 15 15 9 9 13 7 7 13 11 11 12 12 8 3 3 3 1 1 0 0 0 0 0 0
 0 0 0 2 2 3 4 4 4 4 4 5 5 9 8 8 7 7 5 5 5 11 15 15 9 9 13 7 7 13 11 11 12 12 8 3 3 3 1 1 0 0 0 0 0 0
 0 0 0 2 2 3 4 4 4 4 4 6 6 9 10 10 7 7 4 4 4 8 7 7 6 6 11 8 8 10 12 12 6 6 9 6 6 9 0 0 0 0 0 0 0 0
 0 0 1 2 2 3 4 4 4 4 4 6 6 9 10 10 7 7 6 4 4 6 1 1 2 2 6 9 9 12 13 13 11 11 12 13 13 15 4 4 0 0 0 0 0 0
 0 0 1 2 2 3 4 4 4 4 4 6 6 9 10 10 7 7 6 4 4 6 1 1 2 2 6 9 9 12 13 13 11 11 12 13 13 15 4 4 0 0 0 0 0 0
 0 0 1 2 2 2 4 4 4 4 5 6 6 10 13 13 9 9 8 5 5 6 6 6 3 3 3 5 5 13 11 11 12 12 11 9 9 11 5 5 1 1 2 0 0 0
 0 0 1 2 2 2 5 5 5 5 6 6 6 10 15 15 9 9 7 5 5 9 4 4 3 3 4 5 5 10 21 21 12 12 10 6 6 10 12 12 4 4 2 1 1 0
 0 0 1 2 2 2 5 5 5 5 6 6 6 10 15 15 9 9 7 5 5 9 4 4 3 3 4 5 5 10 21 21 12 12 10 6 6 10 12 12 4 4 2 1 1 0
 1 1 2 4 4 3 6 6 6 6 7 7 7 11 15 15 14 14 9 5 5 7 5 5 5 5 4 4 4 6 20 20 15 15 13 10 10 9 7 7 4 4 1 1 1 0
 1 1 2 4 4 3 6 6 6 6 7 7 7 11 15 15 14 14 9 5 5 7 5 5 5 5 4 4 4 6 20 20 15 15 13 10 10 9 7 7 4 4 1 1 1 0
 2 2 3 5 5 4 7 7 7 7 8 7 7 11 12 12 14 14 7 3 3 6 1 1 5 5 3 5 5 5 14 14 15 15 9 14 14 12 7 7 4 4 1 2 2 0
 4 4 3 8 8 4 8 8 7 7 8 7 7 10 10 10 9 9 7 4 4 5 5 5 4 4 5 7 7 6 43 43 6 6 9 7 7 7 4 4 5 5 1 1 1 1
 4 4 3 8 8 4 8 8 7 7 8 7 7 10 10 10 9 9 7 4 4 5 5 5 4 4 5 7 7 6 43 43 6 6 9 7 7 7 4 4 5 5 1 1 1 1
 8 8 4 7 7 4 9 9 8 8 7 4 4 7 9 9 6 6 7 5 5 3 3 3 8 8 9 6 6 11 5 5 3 3 5 3 3 4 5 5 4 4 1 1 1 0
 6 6 4 6 6 3 7 7 6 6 5 4 4 6 7 7 5 5 6 5 5 4 7 7 10 10 11 13 13 30 14 14 8 8 4 3 3 1 1 1 1 1 1 0 0 0
 6 6 4 6 6 3 7 7 6 6 5 4 4 6 7 7 5 5 6 5 5 4 7 7 10 10 11 13 13 30 14 14 8 8 4 3 3 1 1 1 1 1 1 0 0 0
 4 4 3 4 4 2 4 4 5 5 3 4 4 5 6 6 3 3 6 5 5 5 7 7 9 9 6 4 4 19 18 18 9 9 1 0 0 0 1 1 0 0 1 0 0 0
 4 4 3 4 4 2 4 4 5 5 3 4 4 5 6 6 3 3 6 5 5 5 7 7 9 9 6 4 4 19 18 18 9 9 1 0 0 0 1 1 0 0 1 0 0 0
 3 3 2 3 3 2 4 4 4 4 2 4 4 4 5 5 3 3 3 4 4 4 4 4 7 7 8 4 4 6 7 7 3 3 2 1 1 1 0 0 0 0 1 0 0 0
 0 0 1 1 1 1 2 2 4 4 1 2 2 4 2 2 2 2 2 6 6 5 4 4 5 5 9 3 3 5 6 6 5 5 5 2 2 1 2 2 5 5 0 1 1 0
 0 0 1 1 1 1 2 2 4 4 1 2 2 4 2 2 2 2 2 6 6 5 4 4 5 5 9 3 3 5 6 6 5 5 5 2 2 1 2 2 5 5 0 1 1 0
 1 1 1 0 0 0 3 3 2 2 7 3 3 2 3 3 4 4 7 19 19 19 11 11 5 5 9 3 3 3 5 5 5 5 4 4 4 6 1 1 3 3 0 2 2 1
 1 1 1 0 0 0 1 1 1 1 3 3 3 3 4 4 7 7 14 24 24 25 9 9 12 12 6 2 2 1 1 1 3 3 8 4 4 6 5 5 2 2 2 1 1 1
 1 1 1 0 0 0 1 1 1 1 3 3 3 3 4 4 7 7 14 24 24 25 9 9 12 12 6 2 2 1 1 1 3 3 8 4 4 6 5 5 2 2 2 1 1 1
 0 0 1 0 0 1 2 2 1 1 2 2 2 2 4 4 6 6 10 11 11 14 8 8 9 9 9 1 1 1 0 0 2 2 8 6 6 3 2 2 2 2 3 3 3 0
 0 0 1 0 0 1 2 2 1 1 2 2 2 2 4 4 6 6 10 11 11 14 8 8 9 9 9 1 1 1 0 0 2 2 8 6 6 3 2 2 2 2 3 3 3 0
 0 0 1 0 0 1 1 1 1 1 4 4 4 2 1 1 3 3 3 3 3 3 10 10 10 10 4 1 1 0 0 0 0 0 3 2 2 4 2 2 0 0 1 0 0 0
 0 0 0 1 1 0 0 0 1 1 2 2 2 1 1 1 1 1 0 0 0 1 3 3 4 4 1 0 0 0 0 0 1 1 1 1 1 2 3 3 1 1 1 0 0 0
 0 0 0 1 1 0 0 0 1 1 2 2 2 1 1 1 1 1 0 0 0 1 3 3 4 4 1 0 0 0 0 0 1 1 1 1 1 2 3 3 1 1 1 0 0 0
 1 1 1 0 0 1 1 1 1 1 1 1 1 1 1 1 1 1 0 0 0 0 1 1 0 0 0 0 0 0 0 0 1 1 1 1 1 1 2 2 3 3 1 1 1 0
 1 1 1 1 1 1 1 1 1 1 1 1 1 1 1 1 4 4 1 1 1 0 0 0 0 0 1 2 2 0 0 0 0 0 0 1 1 2 2 2 2 2 2 1 1 0
