assets/RAT_results_old/precipitation/2017-06-26_IMERG.asc
ncols        46
nrows        77
xllcorner    74.800261325624
yllcorner    8.058333333333
cellsize     0.062500000000
NODATA_value -9999
 19 19 18 6 6 8 19 19 25 25 40 37 37 35 34 34 35 35 23 23 23 10 6 6 3 3 4 3 3 0 2 2 0 0 0 0 0 1 0 0 0 0 0 0 0 1
 15 15 12 13 13 15 16 16 22 22 32 32 32 28 23 23 28 28 29 22 22 17 8 8 7 7 10 3 3 0 1 1 0 0 1 3 3 0 1 1 0 0 0 0 0 2
 15 15 12 13 13 15 16 16 22 22 32 32 32 28 23 23 28 28 29 22 22 17 8 8 7 7 10 3 3 0 1 1 0 0 1 3 3 0 1 1 0 0 0 0 0 2
 17 17 9 15 15 40 23 23 34 34 40 36 36 27 30 30 19 19 19 21 21 8 9 9 10 10 8 4 4 1 0 0 1 1 2 3 3 0 1 1 1 1 1 1 1 0
 9 9 12 24 24 16 25 25 34 34 38 33 33 30 18 18 23 23 25 17 17 15 5 5 5 5 7 6 6 3 1 1 0 0 1 0 0 1 1 1 0 0 0 0 0 3
 9 9 12 24 24 16 25 25 34 34 38 33 33 30 18 18 23 23 25 17 17 15 5 5 5 5 7 6 6 3 1 1 0 0 1 0 0 1 1 1 0 0 0 0 0 3
 6 6 14 31 31 28 27 27 21 21 28 36 36 35 21 21 17 17 20 11 11 11 8 8 2 2 2 2 2 1 1 1 1 1 0 0 0 0 2 2 0 0 0 1 1 0
 6 6 14 31 31 28 27 27 21 21 28 36 36 35 21 21 17 17 20 11 11 11 8 8 2 2 2 2 2 1 1 1 1 1 0 0 0 0 2 2 0 0 0 1 1 0
 9 9 13 23 23 17 29 29 25 25 29 33 33 36 22 22 21 21 11 8 8 7 0 0 0 0 0 0 0 0 0 0 0 0 0 0 0 0 1 1 1 1 0 0 0 0
 15 15 16 36 36 33 26 26 28 28 25 31 31 29 35 35 21 21 13 10 10 7 5 5 5 5 4 1 1 0 0 0 0 0 2 3 3 0 0 0 0 0 0 0 0 0
 15 15 16 36 36 33 26 26 28 28 25 31 31 29 35 35 21 21 13 10 10 7 5 5 5 5 4 1 1 0 0 0 0 0 2 3 3 0 0 0 0 0 0 0 0 0
 6 6 24 19 19 33 29 29 31 31 30 24 24 19 18 18 15 15 22 15 15 10 12 12 9 9 4 2 2 1 1 1 1 1 0 2 2 0 0 0 0 0 1 0 0 0
 3 3 18 25 25 35 29 29 25 25 33 41 41 26 25 25 20 20 22 17 17 23 17 17 10 10 2 2 2 1 2 2 0 0 0 0 0 0 1 1 0 0 0 0 0 0
 3 3 18 25 25 35 29 29 25 25 33 41 41 26 25 25 20 20 22 17 17 23 17 17 10 10 2 2 2 1 2 2 0 0 0 0 0 0 1 1 0 0 0 0 0 0
 4 4 8 8 8 10 21 21 27 27 23 21 21 19 25 25 31 31 17 17 17 21 11 11 7 7 4 2 2 3 1 1 0 0 1 0 0 0 0 0 1 1 0 0 0 0
 4 4 8 8 8 10 21 21 27 27 23 21 21 19 25 25 31 31 17 17 17 21 11 11 7 7 4 2 2 3 1 1 0 0 1 0 0 0 0 0 1 1 0 0 0 0
 5 5 5 4 4 6 20 20 27 27 23 23 23 22 13 13 19 19 30 23 23 21 16 16 4 4 5 4 4 4 1 1 1 1 0 2 2 1 0 0 1 1 0 0 0 0
 4 4 2 4 4 2 8 8 17 17 17 16 16 19 16 16 12 12 34 27 27 23 14 14 8 8 4 8 8 6 1 1 1 1 1 1 1 1 1 1 0 0 0 0 0 0
 4 4 2 4 4 2 8 8 17 17 17 16 16 19 16 16 12 12 34 27 27 23 14 14 8 8 4 8 8 6 1 1 1 1 1 1 1 1 1 1 0 0 0 0 0 0
 4 4 2 12 12 2 12 12 31 31 14 29 29 21 28 28 25 25 13 19 19 29 15 15 10 10 7 6 6 6 3 3 2 2 2 1 1 1 1 1 0 0 2 0 0 0
 5 5 2 3 3 11 17 17 22 22 9 21 21 33 38 38 27 27 11 20 20 21 14 14 7 7 8 5 5 7 2 2 3 3 2 1 1 1 1 1 2 2 1 1 1 0
 5 5 2 3 3 11 17 17 22 22 9 21 21 33 38 38 27 27 11 20 20 21 14 14 7 7 8 5 5 7 2 2 3 3 2 1 1 1 1 1 2 2 1 1 1 0
 2 2 2 1 1 1 7 7 7 7 12 16 16 31 47 47 43 43 34 28 28 23 20 20 10 10 13 7 7 9 8 8 3 3 2 1 1 0 1 1 0 0 0 0 0 0
 2 2 2 1 1 1 7 7 7 7 12 16 16 31 47 47 43 43 34 28 28 23 20 20 10 10 13 7 7 9 8 8 3 3 2 1 1 0 1 1 0 0 0 0 0 0
 3 3 6 5 5 4 7 7 1 1 2 12 12 30 45 45 51 51 34 18 18 14 14 14 19 19 11 12 12 14 7 7 3 3 1 0 0 0 0 0 0 0 0 0 0 0
 8 8 12 17 17 2 1 1 5 5 7 27 27 37 43 43 38 38 21 14 14 23 20 20 30 30 22 17 17 15 12 12 15 15 0 3 3 0 0 0 0 0 0 0 0 0
 8 8 12 17 17 2 1 1 5 5 7 27 27 37 43 43 38 38 21 14 14 23 20 20 30 30 22 17 17 15 12 12 15 15 0 3 3 0 0 0 0 0 0 0 0 0
 21 21 29 10 10 7 1 1 5 5 11 27 27 32 27 27 21 21 17 32 32 31 25 25 28 28 29 25 25 21 11 11 3 3 4 2 2 2 0 0 0 0 0 0 0 0
 35 35 17 6 6 7 6 6 11 11 20 28 28 34 30 30 30 30 26 17 17 15 29 29 37 37 24 31 31 16 28 28 5 5 5 3 3 2 3 3 0 0 0 0 0 0
 35 35 17 6 6 7 6 6 11 11 20 28 28 34 30 30 30 30 26 17 17 15 29 29 37 37 24 31 31 16 28 28 5 5 5 3 3 2 3 3 0 0 0 0 0 0
 16 16 16 15 15 17 17 17 18 18 18 28 28 22 31 31 41 41 30 32 32 35 36 36 36 36 45 25 25 18 20 20 13 13 18 11 11 13 6 6 1 1 0 0 0 0
 16 16 16 15 15 17 17 17 18 18 18 28 28 22 31 31 41 41 30 32 32 35 36 36 36 36 45 25 25 18 20 20 13 13 18 11 11 13 6 6 1 1 0 0 0 0
 10 10 4 15 15 20 31 31 34 34 21 30 30 25 45 45 50 50 48 44 44 36 38 38 37 37 31 33 33 29 35 35 32 32 25 21 21 9 4 4 2 2 0 0 0 0
 12 12 5 10 10 15 15 15 20 20 9 14 14 23 38 38 45 45 39 44 44 43 37 37 40 40 47 50 50 57 43 43 47 47 31 18 18 31 4 4 3 3 1 0 0 0
 12 12 5 10 10 15 15 15 20 20 9 14 14 23 38 38 45 45 39 44 44 43 37 37 40 40 47 50 50 57 43 43 47 47 31 18 18 31 4 4 3 3 1 0 0 0
 15 15 9 5 5 5 12 12 12 12 6 10 10 9 16 16 38 38 42 42 42 53 83 83 63 63 60 61 61 60 45 45 58 58 40 22 22 12 3 3 2 2 0 1 1 1
 12 12 13 10 10 4 6 6 9 9 4 3 3 7 12 12 20 20 35 50 50 60 73 73 71 71 62 58 58 65 56 56 35 35 30 26 26 13 16 16 7 7 11 2 2 1
 12 12 13 10 10 4 6 6 9 9 4 3 3 7 12 12 20 20 35 50 50 60 73 73 71 71 62 58 58 65 56 56 35 35 30 26 26 13 16 16 7 7 11 2 2 1
 9 9 7 6 6 4 5 5 4 4 5 5 5 4 13 13 11 11 18 39 39 52 47 47 49 49 42 36 36 36 42 42 18 18 23 20 20 16 10 10 7 7 7 2 2 1
 9 9 7 6 6 4 5 5 4 4 5 5 5 4 13 13 11 11 18 39 39 52 47 47 49 49 42 36 36 36 42 42 18 18 23 20 20 16 10 10 7 7 7 2 2 1
 4 4 5 7 7 4 3 3 5 5 8 5 5 4 13 13 10 10 19 26 26 35 31 31 54 54 47 19 19 22 24 24 19 19 19 21 21 15 11 11 11 11 11 8 8 5
 4 4 6 10 10 8 6 6 6 6 11 10 10 12 8 8 6 6 13 16 16 26 20 20 32 32 24 27 27 23 25 25 19 19 28 33 33 27 20 20 7 7 10 5 5 4
 4 4 6 10 10 8 6 6 6 6 11 10 10 12 8 8 6 6 13 16 16 26 20 20 32 32 24 27 27 23 25 25 19 19 28 33 33 27 20 20 7 7 10 5 5 4
 6 6 9 12 12 11 8 8 13 13 18 19 19 29 10 10 16 16 25 22 22 25 17 17 21 21 19 24 24 20 24 24 33 33 40 32 32 25 24 24 19 19 18 6 6 6
 6 6 11 15 15 13 8 8 18 18 28 35 35 29 14 14 21 21 23 27 27 28 25 25 24 24 18 21 21 20 34 34 29 29 36 31 31 27 20 20 13 13 15 6 6 6
 6 6 11 15 15 13 8 8 18 18 28 35 35 29 14 14 21 21 23 27 27 28 25 25 24 24 18 21 21 20 34 34 29 29 36 31 31 27 20 20 13 13 15 6 6 6
 5 5 12 18 18 14 7 7 15 15 24 34 34 20 14 14 14 14 17 23 23 29 31 31 22 22 22 31 31 27 56 56 26 26 20 18 18 28 16 16 11 11 15 8 8 3
 5 5 12 18 18 14 7 7 15 15 24 34 34 20 14 14 14 14 17 23 23 29 31 31 22 22 22 31 31 27 56 56 26 26 20 18 18 28 16 16 11 11 15 8 8 3
 6 6 13 12 12 7 4 4 8 8 9 16 16 14 10 10 8 8 4 11 11 32 30 30 25 25 40 30 30 52 44 44 34 34 12 19 19 4 11 11 2 2 6 4 4 5
 2 2 2 6 6 6 3 3 5 5 5 9 9 19 10 10 5 5 4 15 15 42 39 39 58 58 67 36 36 44 41 41 38 38 17 12 12 6 5 5 3 3 4 5 5 5
 2 2 2 6 6 6 3 3 5 5 5 9 9 19 10 10 5 5 4 15 15 42 39 39 58 58 67 36 36 44 41 41 38 38 17 12 12 6 5 5 3 3 4 5 5 5
 2 2 5 3 3 4 5 5 7 7 9 8 8 14 20 20 9 9 5 19 19 46 52 52 52 52 48 66 66 65 51 51 38 38 54 17 17 16 14 14 9 9 7 5 5 4
 5 5 6 7 7 6 6 6 16 16 16 16 16 10 12 12 8 8 6 9 9 24 29 29 40 40 38 41 41 41 52 52 36 36 31 21 21 12 5 5 3 3 10 4 4 7
 5 5 6 7 7 6 6 6 16 16 16 16 16 10 12 12 8 8 6 9 9 24 29 29 40 40 38 41 41 41 52 52 36 36 31 21 21 12 5 5 3 3 10 4 4 7
 5 5 8 6 6 6 6 6 5 5 7 9 9 10 5 5 5 5 7 6 6 18 18 18 32 32 42 49 49 36 35 35 39 39 31 20 20 15 16 16 9 9 18 7 7 25
 5 5 8 6 6 6 6 6 5 5 7 9 9 10 5 5 5 5 7 6 6 18 18 18 32 32 42 49 49 36 35 35 39 39 31 20 20 15 16 16 9 9 18 7 7 25
 4 4 5 5 5 5 4 4 4 4 4 7 7 6 6 6 8 8 7 14 14 16 22 22 36 36 38 35 35 54 70 70 40 40 24 24 24 18 18 18 17 17 18 14 14 7
 3 3 3 4 4 4 3 3 4 4 5 6 6 3 3 3 6 6 8 17 17 28 26 26 61 61 58 51 51 43 62 62 61 61 37 32 32 55 19 19 25 25 18 14 14 7
 3 3 3 4 4 4 3 3 4 4 5 6 6 3 3 3 6 6 8 17 17 28 26 26 61 61 58 51 51 43 62 62 61 61 37 32 32 55 19 19 25 25 18 14 14 7
 3 3 4 5 5 4 6 6 5 5 6 5 5 7 2 2 3 3 6 10 10 20 24 24 42 42 51 104 104 54 35 35 42 42 38 53 53 30 25 25 16 16 16 15 15 8
 5 5 4 7 7 3 5 5 4 4 6 16 16 6 5 5 5 5 6 7 7 10 24 24 34 34 38 42 42 42 30 30 26 26 26 35 35 22 19 19 27 27 22 26 26 8
 5 5 4 7 7 3 5 5 4 4 6 16 16 6 5 5 5 5 6 7 7 10 24 24 34 34 38 42 42 42 30 30 26 26 26 35 35 22 19 19 27 27 22 26 26 8
 7 7 13 7 7 5 7 7 11 11 12 11 11 6 13 13 23 23 11 10 10 19 18 18 25 25 25 43 43 25 30 30 27 27 47 28 28 25 20 20 29 29 18 12 12 5
 7 7 13 7 7 5 7 7 11 11 12 11 11 6 13 13 23 23 11 10 10 19 18 18 25 25 25 43 43 25 30 30 27 27 47 28 28 25 20 20 29 29 18 12 12 5
 15 15 11 10 10 7 23 23 12 12 14 22 22 18 49 49 30 30 16 17 17 18 26 26 28 28 33 27 27 46 44 44 46 46 47 29 29 27 26 26 21 21 22 12 12 6
 20 20 13 9 9 14 23 23 12 12 19 31 31 28 22 22 22 22 15 14 14 19 17 17 21 21 30 38 38 37 36 36 31 31 25 26 26 22 28 28 31 31 25 18 18 12
 20 20 13 9 9 14 23 23 12 12 19 31 31 28 22 22 22 22 15 14 14 19 17 17 21 21 30 38 38 37 36 36 31 31 25 26 26 22 28 28 31 31 25 18 18 12
 13 13 9 7 7 8 26 26 10 10 14 10 10 10 13 13 13 13 12 20 20 22 24 24 26 26 43 42 42 42 42 42 38 38 43 26 26 24 24 24 41 41 26 18 18 15
 8 8 6 4 4 3 5 5 7 7 10 11 11 12 10 10 12 12 13 17 17 19 24 24 34 34 38 56 56 35 23 23 32 32 26 21 21 16 25 25 19 19 23 31 31 17
 8 8 6 4 4 3 5 5 7 7 10 11 11 12 10 10 12 12 13 17 17 19 24 24 34 34 38 56 56 35 23 23 32 32 26 21 21 16 25 25 19 19 23 31 31 17
 7 7 15 5 5 3 3 3 8 8 10 11 11 10 10 10 14 14 19 23 23 25 31 31 34 34 26 20 20 22 25 25 26 26 27 28 28 21 22 22 26 26 19 21 21 18
 7 7 15 5 5 3 3 3 8 8 10 11 11 10 10 10 14 14 19 23 23 25 31 31 34 34 26 20 20 22 25 25 26 26 27 28 28 21 22 22 26 26 19 21 21 18
 8 8 8 4 4 2 2 2 3 3 5 5 5 10 12 12 14 14 17 20 20 21 20 20 19 19 18 18 18 24 30 30 47 47 60 40 40 25 24 24 24 24 17 12 12 12
 7 7 12 1 1 1 2 2 3 3 5 6 6 7 10 10 13 13 18 25 25 21 21 21 17 17 25 35 35 35 32 32 52 52 47 48 48 34 35 35 31 31 16 16 16 11
 7 7 12 1 1 1 2 2 3 3 5 6 6 7 10 10 13 13 18 25 25 21 21 21 17 17 25 35 35 35 32 32 52 52 47 48 48 34 35 35 31 31 16 16 16 11
 1 1 6 1 1 2 4 4 5 5 7 5 5 4 5 5 8 8 13 17 17 21 20 20 21 21 21 26 26 33 38 38 44 44 42 40 40 38 31 31 22 22 16 19 19 13
 1 1 1 2 2 3 3 3 3 3 4 4 4 4 4 4 6 6 10 13 13 15 19 19 18 18 19 22 22 24 28 28 37 37 31 35 35 36 27 27 26 26 28 17 17 21
