assets/RAT_results_old/precipitation/2017-07-11_IMERG.asc
ncols        46
nrows        77
xllcorner    74.800261325624
yllcorner    8.058333333333
cellsize     0.062500000000
NODATA_value -9999
 31 31 36 20 20 16 17 17 24 24 11 7 7 7 8 8 7 7 8 8 8 3 1 1 1 1 1 1 1 1 1 1 2 2 2 7 7 4 3 3 14 14 3 2 2 3
 38 38 33 23 23 19 17 17 16 16 8 6 6 9 10 10 11 11 7 5 5 4 3 3 2 2 1 1 1 2 1 1 1 1 2 2 2 18 6 6 3 3 4 8 8 9
 38 38 33 23 23 19 17 17 16 16 8 6 6 9 10 10 11 11 7 5 5 4 3 3 2 2 1 1 1 2 1 1 1 1 2 2 2 18 6 6 3 3 4 8 8 9
 33 33 32 29 29 31 23 23 13 13 15 8 8 8 9 9 7 7 16 11 11 5 4 4 3 3 2 1 1 1 2 2 1 1 1 1 1 3 5 5 2 2 1 3 3 26
 21 21 36 37 37 30 22 22 16 16 11 12 12 11 13 13 13 13 14 10 10 8 3 3 2 2 3 2 2 1 2 2 1 1 2 2 2 3 7 7 6 6 5 6 6 3
 21 21 36 37 37 30 22 22 16 16 11 12 12 11 13 13 13 13 14 10 10 8 3 3 2 2 3 2 2 1 2 2 1 1 2 2 2 3 7 7 6 6 5 6 6 3
 28 28 28 36 36 34 25 25 14 14 20 11 11 11 12 12 4 4 8 7 7 5 2 2 4 4 2 1 1 2 2 2 1 1 1 2 2 2 2 2 6 6 4 2 2 1
 28 28 28 36 36 34 25 25 14 14 20 11 11 11 12 12 4 4 8 7 7 5 2 2 4 4 2 1 1 2 2 2 1 1 1 2 2 2 2 2 6 6 4 2 2 1
 20 20 24 41 41 22 21 21 11 11 13 10 10 4 7 7 7 7 7 1 1 2 0 0 3 3 1 1 1 2 1 1 1 1 1 2 2 1 1 1 2 2 1 1 1 1
 15 15 15 22 22 20 13 13 12 12 8 10 10 5 5 5 6 6 5 4 4 2 4 4 1 1 1 1 1 1 2 2 2 2 1 1 1 1 1 1 1 1 1 0 0 1
 15 15 15 22 22 20 13 13 12 12 8 10 10 5 5 5 6 6 5 4 4 2 4 4 1 1 1 1 1 1 2 2 2 2 1 1 1 1 1 1 1 1 1 0 0 1
 16 16 13 13 13 19 15 15 10 10 13 12 12 11 9 9 6 6 2 4 4 3 1 1 0 0 1 1 1 2 2 2 1 1 2 1 1 1 1 1 1 1 1 1 1 1
 10 10 9 13 13 19 15 15 13 13 8 13 13 8 7 7 3 3 1 4 4 1 1 1 0 0 0 1 1 1 2 2 1 1 1 1 1 1 1 1 1 1 1 0 0 1
 10 10 9 13 13 19 15 15 13 13 8 13 13 8 7 7 3 3 1 4 4 1 1 1 0 0 0 1 1 1 2 2 1 1 1 1 1 1 1 1 1 1 1 0 0 1
 7 7 6 8 8 13 15 15 14 14 10 7 7 3 3 3 5 5 2 5 5 5 2 2 0 0 0 1 1 1 1 1 2 2 1 1 1 1 1 1 1 1 3 3 3 2
 7 7 6 8 8 13 15 15 14 14 10 7 7 3 3 3 5 5 2 5 5 5 2 2 0 0 0 1 1 1 1 1 2 2 1 1 1 1 1 1 1 1 3 3 3 2
 11 11 15 11 11 14 7 7 19 19 12 6 6 5 5 5 12 12 14 4 4 5 0 0 2 2 0 0 0 0 0 0 0 0 0 0 0 1 3 3 9 9 6 2 2 0
 18 18 12 10 10 15 18 18 12 12 20 10 10 5 7 7 6 6 12 7 7 3 2 2 0 0 0 2 2 0 0 0 0 0 0 0 0 0 2 2 2 2 0 3 3 0
 18 18 12 10 10 15 18 18 12 12 20 10 10 5 7 7 6 6 12 7 7 3 2 2 0 0 0 2 2 0 0 0 0 0 0 0 0 0 2 2 2 2 0 3 3 0
 26 26 11 15 15 17 15 15 15 15 13 13 13 6 4 4 9 9 7 13 13 6 3 3 1 1 1 1 1 0 0 0 5 5 0 0 0 3 5 5 2 2 1 2 2 5
 14 14 16 14 14 18 15 15 15 15 17 21 21 14 15 15 9 9 16 16 16 12 5 5 2 2 0 1 1 1 0 0 0 0 4 0 0 3 11 11 5 5 2 6 6 8
 14 14 16 14 14 18 15 15 15 15 17 21 21 14 15 15 9 9 16 16 16 12 5 5 2 2 0 1 1 1 0 0 0 0 4 0 0 3 11 11 5 5 2 6 6 8
 11 11 13 16 16 29 19 19 21 21 16 20 20 21 17 17 18 18 14 27 27 19 6 6 4 4 3 3 3 1 6 6 1 1 1 3 3 5 4 4 8 8 2 4 4 6
 11 11 13 16 16 29 19 19 21 21 16 20 20 21 17 17 18 18 14 27 27 19 6 6 4 4 3 3 3 1 6 6 1 1 1 3 3 5 4 4 8 8 2 4 4 6
 10 10 10 13 13 22 13 13 16 16 11 28 28 20 18 18 10 10 18 14 14 12 10 10 14 14 6 5 5 6 1 1 2 2 3 2 2 3 2 2 5 5 2 3 3 2
 13 13 9 11 11 15 20 20 15 15 13 12 12 13 15 15 17 17 18 14 14 16 11 11 9 9 3 11 11 5 3 3 2 2 3 5 5 3 4 4 3 3 2 2 2 1
 13 13 9 11 11 15 20 20 15 15 13 12 12 13 15 15 17 17 18 14 14 16 11 11 9 9 3 11 11 5 3 3 2 2 3 5 5 3 4 4 3 3 2 2 2 1
 13 13 17 19 19 10 14 14 7 7 7 8 8 6 8 8 19 19 9 9 9 8 9 9 3 3 3 5 5 6 3 3 2 2 1 3 3 2 2 2 3 3 4 1 1 1
 6 6 12 16 16 17 15 15 7 7 6 3 3 7 6 6 13 13 6 7 7 6 8 8 6 6 3 3 3 8 2 2 1 1 1 1 1 1 4 4 1 1 2 1 1 3
 6 6 12 16 16 17 15 15 7 7 6 3 3 7 6 6 13 13 6 7 7 6 8 8 6 6 3 3 3 8 2 2 1 1 1 1 1 1 4 4 1 1 2 1 1 3
 7 7 13 11 11 26 22 22 12 12 7 3 3 3 5 5 10 10 7 8 8 7 4 4 3 3 4 6 6 4 3 3 4 4 0 0 0 0 3 3 4 4 1 0 0 0
 7 7 13 11 11 26 22 22 12 12 7 3 3 3 5 5 10 10 7 8 8 7 4 4 3 3 4 6 6 4 3 3 4 4 0 0 0 0 3 3 4 4 1 0 0 0
 23 23 10 9 9 10 11 11 9 9 12 5 5 7 13 13 16 16 13 14 14 9 4 4 8 8 9 9 9 5 3 3 3 3 3 0 0 0 1 1 1 1 0 0 0 0
 9 9 14 11 11 9 10 10 25 25 12 6 6 5 8 8 8 8 10 17 17 15 9 9 2 2 3 3 3 3 3 3 1 1 0 0 0 0 0 0 0 0 1 1 1 0
 9 9 14 11 11 9 10 10 25 25 12 6 6 5 8 8 8 8 10 17 17 15 9 9 2 2 3 3 3 3 3 3 1 1 0 0 0 0 0 0 0 0 1 1 1 0
 16 16 19 16 16 14 23 23 12 12 15 7 7 12 9 9 5 5 7 12 12 23 20 20 13 13 6 9 9 4 2 2 1 1 0 0 0 0 0 0 0 0 0 0 0 0
 9 9 16 21 21 14 18 18 18 18 20 17 17 9 6 6 7 7 4 6 6 7 3 3 7 7 13 6 6 6 7 7 11 11 3 0 0 0 1 1 0 0 0 0 0 0
 9 9 16 21 21 14 18 18 18 18 20 17 17 9 6 6 7 7 4 6 6 7 3 3 7 7 13 6 6 6 7 7 11 11 3 0 0 0 1 1 0 0 0 0 0 0
 18 18 7 21 21 16 16 16 14 14 26 17 17 28 13 13 5 5 7 12 12 10 5 5 3 3 2 3 3 5 11 11 9 9 1 1 1 2 0 0 0 0 0 0 0 0
 18 18 7 21 21 16 16 16 14 14 26 17 17 28 13 13 5 5 7 12 12 10 5 5 3 3 2 3 3 5 11 11 9 9 1 1 1 2 0 0 0 0 0 0 0 0
 6 6 10 5 5 11 10 10 22 22 16 12 12 19 8 8 11 11 4 8 8 8 9 9 2 2 2 2 2 1 2 2 3 3 1 2 2 0 1 1 0 0 0 0 0 2
 7 7 17 18 18 12 6 6 9 9 10 24 24 16 16 16 10 10 7 4 4 2 4 4 2 2 3 3 3 3 3 3 2 2 2 1 1 6 0 0 0 0 1 2 2 5
 7 7 17 18 18 12 6 6 9 9 10 24 24 16 16 16 10 10 7 4 4 2 4 4 2 2 3 3 3 3 3 3 2 2 2 1 1 6 0 0 0 0 1 2 2 5
 4 4 8 6 6 8 9 9 14 14 4 14 14 10 13 13 11 11 5 9 9 2 2 2 6 6 5 7 7 2 10 10 1 1 1 4 4 7 4 4 1 1 1 4 4 5
 7 7 9 9 9 8 5 5 5 5 5 8 8 8 10 10 8 8 7 7 7 7 7 7 6 6 5 2 2 4 3 3 5 5 3 2 2 7 10 10 3 3 2 2 2 2
 7 7 9 9 9 8 5 5 5 5 5 8 8 8 10 10 8 8 7 7 7 7 7 7 6 6 5 2 2 4 3 3 5 5 3 2 2 7 10 10 3 3 2 2 2 2
 10 10 6 13 13 15 8 8 9 9 6 11 11 14 22 22 10 10 13 13 13 9 8 8 7 7 6 2 2 1 2 2 4 4 3 7 7 4 1 1 2 2 2 3 3 2
 10 10 6 13 13 15 8 8 9 9 6 11 11 14 22 22 10 10 13 13 13 9 8 8 7 7 6 2 2 1 2 2 4 4 3 7 7 4 1 1 2 2 2 3 3 2
 16 16 14 15 15 9 7 7 12 12 20 8 8 13 17 17 15 15 15 14 14 21 16 16 10 10 10 7 7 6 6 6 8 8 10 8 8 3 1 1 4 4 3 2 2 2
 14 14 23 12 12 15 19 19 23 23 21 19 19 21 19 19 16 16 15 28 28 33 29 29 22 22 10 10 10 9 7 7 8 8 7 7 7 4 1 1 2 2 1 1 1 1
 14 14 23 12 12 15 19 19 23 23 21 19 19 21 19 19 16 16 15 28 28 33 29 29 22 22 10 10 10 9 7 7 8 8 7 7 7 4 1 1 2 2 1 1 1 1
 14 14 14 18 18 16 19 19 18 18 23 21 21 29 21 21 25 25 26 30 30 32 36 36 26 26 23 13 13 11 11 11 12 12 6 7 7 10 3 3 3 3 3 1 1 1
 10 10 13 17 17 18 18 18 16 16 24 28 28 35 35 35 22 22 22 31 31 33 30 30 34 34 29 19 19 33 19 19 14 14 20 20 20 21 9 9 6 6 8 4 4 1
 10 10 13 17 17 18 18 18 16 16 24 28 28 35 35 35 22 22 22 31 31 33 30 30 34 34 29 19 19 33 19 19 14 14 20 20 20 21 9 9 6 6 8 4 4 1
 31 31 16 20 20 21 23 23 17 17 29 26 26 35 32 32 44 44 31 31 31 41 28 28 34 34 29 17 17 15 16 16 20 20 16 14 14 9 1 1 7 7 6 5 5 4
 31 31 16 20 20 21 23 23 17 17 29 26 26 35 32 32 44 44 31 31 31 41 28 28 34 34 29 17 17 15 16 16 20 20 16 14 14 9 1 1 7 7 6 5 5 4
 29 29 22 21 21 21 22 22 21 21 29 27 27 29 35 35 54 54 30 29 29 31 24 24 28 28 20 30 30 10 19 19 12 12 2 8 8 7 8 8 8 8 7 2 2 1
 18 18 23 38 38 20 22 22 21 21 32 34 34 32 32 32 37 37 51 22 22 25 40 40 24 24 25 31 31 14 9 9 12 12 7 7 7 10 3 3 11 11 7 4 4 1
 18 18 23 38 38 20 22 22 21 21 32 34 34 32 32 32 37 37 51 22 22 25 40 40 24 24 25 31 31 14 9 9 12 12 7 7 7 10 3 3 11 11 7 4 4 1
 17 17 22 22 22 25 26 26 21 21 26 32 32 32 23 23 21 21 19 34 34 49 44 44 36 36 32 29 29 27 6 6 7 7 6 10 10 14 15 15 10 10 5 3 3 5
 22 22 16 15 15 20 22 22 23 23 20 24 24 20 35 35 22 22 22 15 15 20 29 29 19 19 33 25 25 25 17 17 27 27 18 13 13 16 17 17 16 16 10 13 13 4
 22 22 16 15 15 20 22 22 23 23 20 24 24 20 35 35 22 22 22 15 15 20 29 29 19 19 33 25 25 25 17 17 27 27 18 13 13 16 17 17 16 16 10 13 13 4
 12 12 14 14 14 15 12 12 14 14 16 17 17 18 18 18 19 19 14 13 13 13 7 7 24 24 30 25 25 17 11 11 18 18 5 5 5 10 11 11 8 8 8 5 5 1
 12 12 14 14 14 15 12 12 14 14 16 17 17 18 18 18 19 19 14 13 13 13 7 7 24 24 30 25 25 17 11 11 18 18 5 5 5 10 11 11 8 8 8 5 5 1
 11 11 12 16 16 12 14 14 13 13 14 13 13 13 7 7 6 6 6 11 11 10 8 8 15 15 13 16 16 20 10 10 6 6 10 12 12 10 9 9 18 18 5 2 2 0
 9 9 20 16 16 10 28 28 9 9 6 7 7 6 8 8 7 7 6 9 9 6 9 9 6 6 12 17 17 14 11 11 10 10 7 5 5 9 11 11 17 17 8 1 1 2
 9 9 20 16 16 10 28 28 9 9 6 7 7 6 8 8 7 7 6 9 9 6 9 9 6 6 12 17 17 14 11 11 10 10 7 5 5 9 11 11 17 17 8 1 1 2
 8 8 9 9 9 4 9 9 5 5 23 7 7 6 10 10 5 5 9 7 7 9 8 8 16 16 7 8 8 8 9 9 8 8 5 4 4 5 7 7 11 11 7 4 4 1
 8 8 12 5 5 4 5 5 4 4 6 5 5 3 4 4 2 2 11 4 4 2 4 4 10 10 5 11 11 8 3 3 3 3 6 2 2 6 12 12 10 10 6 6 6 1
 8 8 12 5 5 4 5 5 4 4 6 5 5 3 4 4 2 2 11 4 4 2 4 4 10 10 5 11 11 8 3 3 3 3 6 2 2 6 12 12 10 10 6 6 6 1
 5 5 6 7 7 6 8 8 4 4 4 2 2 11 2 2 3 3 3 3 3 5 3 3 3 3 4 14 14 10 3 3 2 2 5 4 4 7 5 5 9 9 12 4 4 0
 5 5 6 7 7 6 8 8 4 4 4 2 2 11 2 2 3 3 3 3 3 5 3 3 3 3 4 14 14 10 3 3 2 2 5 4 4 7 5 5 9 9 12 4 4 0
 4 4 9 5 5 5 6 6 3 3 3 6 6 11 2 2 3 3 2 3 3 4 2 2 3 3 2 7 7 2 3 3 3 3 8 4 4 8 6 6 8 8 4 4 4 0
 4 4 9 5 5 7 3 3 3 3 3 6 6 1 5 5 0 0 2 1 1 1 2 2 2 2 2 11 11 3 2 2 3 3 15 5 5 8 3 3 7 7 6 4 4 3
 4 4 9 5 5 7 3 3 3 3 3 6 6 1 5 5 0 0 2 1 1 1 2 2 2 2 2 11 11 3 2 2 3 3 15 5 5 8 3 3 7 7 6 4 4 3
 2 2 3 5 5 5 7 7 11 11 3 2 2 6 4 4 0 0 1 1 1 1 1 1 2 2 4 11 11 2 4 4 2 2 14 4 4 6 5 5 5 5 5 7 7 2
 2 2 2 6 6 3 5 5 12 12 5 5 5 5 3 3 0 0 0 0 0 1 1 1 1 1 0 4 4 2 1 1 1 1 2 6 6 5 3 3 2 2 5 1 1 0
