assets/RAT_results_old/precipitation/2017-06-11_IMERG.asc
ncols        46
nrows        77
xllcorner    74.800261325624
yllcorner    8.058333333333
cellsize     0.062500000000
NODATA_value -9999
 58 58 48 48 48 48 45 45 40 40 39 46 46 43 30 30 30 30 18 12 12 34 13 13 10 10 8 9 9 12 11 11 11 11 20 27 27 19 17 17 12 12 13 3 3 1
 69 69 49 55 55 41 47 47 50 50 40 47 47 35 35 35 34 34 34 21 21 22 11 11 16 16 18 12 12 12 16 16 12 12 24 17 17 11 19 19 14 14 5 2 2 1
 69 69 49 55 55 41 47 47 50 50 40 47 47 35 35 35 34 34 34 21 21 22 11 11 16 16 18 12 12 12 16 16 12 12 24 17 17 11 19 19 14 14 5 2 2 1
 72 72 50 51 51 40 46 46 45 45 54 47 47 65 40 40 37 37 36 38 38 42 18 18 15 15 33 26 26 20 14 14 25 25 26 41 41 11 12 12 15 15 4 5 5 3
 77 77 49 47 47 46 43 43 43 43 48 52 52 41 29 29 26 26 27 30 30 31 51 51 27 27 21 10 10 16 17 17 38 38 14 17 17 14 13 13 9 9 5 1 1 1
 77 77 49 47 47 46 43 43 43 43 48 52 52 41 29 29 26 26 27 30 30 31 51 51 27 27 21 10 10 16 17 17 38 38 14 17 17 14 13 13 9 9 5 1 1 1
 47 47 42 48 48 50 59 59 51 51 41 42 42 40 33 33 30 30 49 38 38 54 33 33 22 22 21 19 19 10 22 22 16 16 18 14 14 11 3 3 1 1 2 0 0 1
 47 47 42 48 48 50 59 59 51 51 41 42 42 40 33 33 30 30 49 38 38 54 33 33 22 22 21 19 19 10 22 22 16 16 18 14 14 11 3 3 1 1 2 0 0 1
 50 50 42 48 48 64 60 60 60 60 61 44 44 32 31 31 42 42 39 37 37 35 16 16 22 22 19 16 16 12 13 13 13 13 9 10 10 5 1 1 0 0 1 0 0 1
 50 50 58 63 63 74 57 57 85 85 67 43 43 52 30 30 37 37 37 26 26 17 15 15 14 14 16 23 23 18 19 19 4 4 10 1 1 2 3 3 1 1 1 1 1 1
 50 50 58 63 63 74 57 57 85 85 67 43 43 52 30 30 37 37 37 26 26 17 15 15 14 14 16 23 23 18 19 19 4 4 10 1 1 2 3 3 1 1 1 1 1 1
 51 51 64 57 57 56 66 66 52 52 64 81 81 62 49 49 43 43 26 32 32 24 28 28 16 16 11 11 11 35 6 6 8 8 8 3 3 2 3 3 2 2 0 1 1 2
 47 47 48 65 65 51 56 56 48 48 49 47 47 45 37 37 54 54 43 37 37 25 10 10 19 19 8 5 5 4 5 5 17 17 0 0 0 0 1 1 1 1 1 0 0 5
 47 47 48 65 65 51 56 56 48 48 49 47 47 45 37 37 54 54 43 37 37 25 10 10 19 19 8 5 5 4 5 5 17 17 0 0 0 0 1 1 1 1 1 0 0 5
 33 33 39 70 70 42 52 52 61 61 52 50 50 44 45 45 52 52 29 29 29 21 13 13 8 8 8 4 4 6 6 6 16 16 1 0 0 0 1 1 2 2 2 3 3 0
 33 33 39 70 70 42 52 52 61 61 52 50 50 44 45 45 52 52 29 29 29 21 13 13 8 8 8 4 4 6 6 6 16 16 1 0 0 0 1 1 2 2 2 3 3 0
 42 42 47 45 45 60 98 98 54 54 56 46 46 46 36 36 49 49 46 35 35 22 15 15 16 16 5 8 8 2 8 8 1 1 4 3 3 1 1 1 2 2 3 0 0 0
 40 40 43 38 38 53 59 59 66 66 54 58 58 45 42 42 42 42 35 39 39 22 9 9 20 20 4 2 2 5 6 6 1 1 1 3 3 1 1 1 3 3 1 0 0 0
 40 40 43 38 38 53 59 59 66 66 54 58 58 45 42 42 42 42 35 39 39 22 9 9 20 20 4 2 2 5 6 6 1 1 1 3 3 1 1 1 3 3 1 0 0 0
 41 41 32 27 27 40 51 51 61 61 66 46 46 77 49 49 36 36 43 25 25 15 7 7 7 7 4 1 1 3 2 2 2 2 1 5 5 2 1 1 1 1 4 0 0 0
 33 33 44 43 43 45 48 48 56 56 100 63 63 52 55 55 40 40 21 21 21 19 16 16 15 15 4 5 5 3 3 3 1 1 1 3 3 1 8 8 2 2 0 0 0 0
 33 33 44 43 43 45 48 48 56 56 100 63 63 52 55 55 40 40 21 21 21 19 16 16 15 15 4 5 5 3 3 3 1 1 1 3 3 1 8 8 2 2 0 0 0 0
 29 29 32 45 45 75 70 70 93 93 92 36 36 44 33 33 15 15 19 18 18 10 24 24 10 10 12 12 12 4 3 3 5 5 1 0 0 1 0 0 0 0 0 0 0 0
 29 29 32 45 45 75 70 70 93 93 92 36 36 44 33 33 15 15 19 18 18 10 24 24 10 10 12 12 12 4 3 3 5 5 1 0 0 1 0 0 0 0 0 0 0 0
 27 27 34 36 36 60 56 56 55 55 34 42 42 48 37 37 29 29 34 17 17 11 17 17 9 9 8 6 6 4 7 7 5 5 3 0 0 0 0 0 0 0 0 0 0 0
 30 30 46 46 46 62 43 43 30 30 45 30 30 33 37 37 36 36 31 22 22 21 11 11 7 7 7 4 4 4 2 2 1 1 3 0 0 0 8 8 0 0 0 0 0 0
 30 30 46 46 46 62 43 43 30 30 45 30 30 33 37 37 36 36 31 22 22 21 11 11 7 7 7 4 4 4 2 2 1 1 3 0 0 0 8 8 0 0 0 0 0 0
 20 20 21 35 35 41 40 40 23 23 19 16 16 21 27 27 29 29 41 15 15 14 7 7 2 2 7 4 4 5 3 3 1 1 0 0 0 0 2 2 3 3 1 0 0 0
 24 24 36 34 34 32 29 29 28 28 24 30 30 20 19 19 32 32 24 20 20 13 2 2 4 4 8 5 5 6 5 5 1 1 1 2 2 5 0 0 1 1 1 1 1 1
 24 24 36 34 34 32 29 29 28 28 24 30 30 20 19 19 32 32 24 20 20 13 2 2 4 4 8 5 5 6 5 5 1 1 1 2 2 5 0 0 1 1 1 1 1 1
 21 21 38 27 27 26 32 32 32 32 34 41 41 24 31 31 44 44 42 19 19 16 3 3 2 2 2 9 9 4 5 5 6 6 2 0 0 0 0 0 1 1 1 1 1 1
 21 21 38 27 27 26 32 32 32 32 34 41 41 24 31 31 44 44 42 19 19 16 3 3 2 2 2 9 9 4 5 5 6 6 2 0 0 0 0 0 1 1 1 1 1 1
 22 22 16 27 27 21 36 36 43 43 110 62 62 52 56 56 33 33 41 11 11 15 10 10 4 4 15 3 3 4 3 3 7 7 7 2 2 1 1 1 1 1 1 1 1 1
 23 23 21 25 25 43 52 52 50 50 57 64 64 54 45 45 36 36 35 19 19 17 15 15 7 7 5 1 1 3 2 2 2 2 1 1 1 2 8 8 1 1 1 1 1 1
 23 23 21 25 25 43 52 52 50 50 57 64 64 54 45 45 36 36 35 19 19 17 15 15 7 7 5 1 1 3 2 2 2 2 1 1 1 2 8 8 1 1 1 1 1 1
 23 23 29 33 33 38 47 47 50 50 54 34 34 37 81 81 59 59 37 40 40 25 14 14 7 7 9 6 6 6 2 2 4 4 3 2 2 2 2 2 5 5 1 1 1 0
 30 30 28 41 41 39 41 41 16 16 25 36 36 47 65 65 68 68 39 36 36 26 15 15 15 15 7 8 8 7 5 5 3 3 9 3 3 2 2 2 1 1 0 1 1 0
 30 30 28 41 41 39 41 41 16 16 25 36 36 47 65 65 68 68 39 36 36 26 15 15 15 15 7 8 8 7 5 5 3 3 9 3 3 2 2 2 1 1 0 1 1 0
 29 29 33 39 39 37 32 32 26 26 37 42 42 58 46 46 61 61 34 27 27 25 13 13 15 15 11 13 13 7 5 5 5 5 3 2 2 2 1 1 0 0 1 1 1 2
 29 29 33 39 39 37 32 32 26 26 37 42 42 58 46 46 61 61 34 27 27 25 13 13 15 15 11 13 13 7 5 5 5 5 3 2 2 2 1 1 0 0 1 1 1 2
 29 29 30 33 33 39 40 40 55 55 39 71 71 64 56 56 49 49 34 32 32 27 18 18 10 10 14 13 13 8 6 6 4 4 5 4 4 5 2 2 2 2 0 0 0 1
 31 31 36 30 30 27 38 38 43 43 44 49 49 56 44 44 53 53 33 52 52 35 19 19 15 15 9 15 15 7 10 10 6 6 6 8 8 4 4 4 3 3 1 1 1 2
 31 31 36 30 30 27 38 38 43 43 44 49 49 56 44 44 53 53 33 52 52 35 19 19 15 15 9 15 15 7 10 10 6 6 6 8 8 4 4 4 3 3 1 1 1 2
 28 28 30 29 29 51 70 70 61 61 51 44 44 66 57 57 55 55 46 51 51 34 17 17 11 11 7 14 14 13 12 12 9 9 9 7 7 8 4 4 2 2 2 2 2 0
 30 30 26 54 54 51 73 73 49 49 48 55 55 57 65 65 57 57 67 74 74 31 23 23 18 18 14 16 16 19 14 14 13 13 12 5 5 8 2 2 2 2 2 2 2 2
 30 30 26 54 54 51 73 73 49 49 48 55 55 57 65 65 57 57 67 74 74 31 23 23 18 18 14 16 16 19 14 14 13 13 12 5 5 8 2 2 2 2 2 2 2 2
 33 33 39 46 46 34 68 68 43 43 51 68 68 66 84 84 73 73 38 42 42 38 17 17 20 20 19 16 16 17 14 14 16 16 13 11 11 7 2 2 1 1 1 0 0 0
 33 33 39 46 46 34 68 68 43 43 51 68 68 66 84 84 73 73 38 42 42 38 17 17 20 20 19 16 16 17 14 14 16 16 13 11 11 7 2 2 1 1 1 0 0 0
 34 34 31 43 43 34 35 35 62 62 58 65 65 77 60 60 39 39 37 33 33 29 23 23 24 24 15 14 14 12 17 17 8 8 7 9 9 5 2 2 1 1 0 0 0 1
 41 41 40 34 34 34 29 29 65 65 48 64 64 64 61 61 42 42 32 41 41 35 24 24 13 13 13 8 8 7 6 6 5 5 3 4 4 3 1 1 1 1 0 0 0 0
 41 41 40 34 34 34 29 29 65 65 48 64 64 64 61 61 42 42 32 41 41 35 24 24 13 13 13 8 8 7 6 6 5 5 3 4 4 3 1 1 1 1 0 0 0 0
 22 22 31 30 30 37 38 38 51 51 45 54 54 67 48 48 54 54 43 38 38 29 18 18 11 11 6 7 7 6 15 15 6 6 3 5 5 3 2 2 1 1 1 1 1 0
 22 22 33 36 36 40 41 41 49 49 39 50 50 42 35 35 27 27 31 21 21 22 25 25 12 12 9 6 6 8 6 6 8 8 2 3 3 4 2 2 1 1 1 1 1 0
 22 22 33 36 36 40 41 41 49 49 39 50 50 42 35 35 27 27 31 21 21 22 25 25 12 12 9 6 6 8 6 6 8 8 2 3 3 4 2 2 1 1 1 1 1 0
 21 21 29 36 36 38 43 43 53 53 41 41 41 33 26 26 22 22 19 15 15 10 19 19 9 9 9 6 6 6 6 6 3 3 3 3 3 3 1 1 2 2 1 1 1 0
 21 21 29 36 36 38 43 43 53 53 41 41 41 33 26 26 22 22 19 15 15 10 19 19 9 9 9 6 6 6 6 6 3 3 3 3 3 3 1 1 2 2 1 1 1 0
 19 19 26 37 37 38 38 38 39 39 29 41 41 25 23 23 19 19 19 14 14 9 7 7 11 11 9 8 8 7 4 4 3 3 4 3 3 4 1 1 1 1 0 0 0 0
 18 18 27 36 36 36 26 26 34 34 25 28 28 21 18 18 17 17 14 9 9 6 8 8 9 9 9 8 8 8 7 7 8 8 8 5 5 3 1 1 1 1 1 0 0 0
 18 18 27 36 36 36 26 26 34 34 25 28 28 21 18 18 17 17 14 9 9 6 8 8 9 9 9 8 8 8 7 7 8 8 8 5 5 3 1 1 1 1 1 0 0 0
 12 12 17 19 19 21 18 18 25 25 18 27 27 12 16 16 14 14 15 12 12 8 6 6 8 8 6 4 4 6 7 7 10 10 7 4 4 2 2 2 1 1 1 0 0 0
 12 12 18 16 16 18 16 16 22 22 13 13 13 14 8 8 8 8 8 12 12 8 7 7 6 6 5 7 7 6 5 5 8 8 3 2 2 2 1 1 1 1 0 0 0 0
 12 12 18 16 16 18 16 16 22 22 13 13 13 14 8 8 8 8 8 12 12 8 7 7 6 6 5 7 7 6 5 5 8 8 3 2 2 2 1 1 1 1 0 0 0 0
 14 14 14 13 13 26 19 19 14 14 11 8 8 6 6 6 6 6 7 6 6 5 6 6 4 4 5 9 9 9 6 6 6 6 3 2 2 3 1 1 0 0 0 0 0 1
 14 14 14 13 13 26 19 19 14 14 11 8 8 6 6 6 6 6 7 6 6 5 6 6 4 4 5 9 9 9 6 6 6 6 3 2 2 3 1 1 0 0 0 0 0 1
 12 12 12 12 12 15 14 14 11 11 11 8 8 5 5 5 6 6 6 5 5 4 3 3 2 2 4 4 4 8 4 4 3 3 2 3 3 2 0 0 1 1 0 0 0 1
 10 10 9 8 8 9 8 8 8 8 7 4 4 3 2 2 4 4 4 3 3 3 2 2 2 2 1 2 2 4 4 4 3 3 2 2 2 1 1 1 0 0 1 0 0 1
 10 10 9 8 8 9 8 8 8 8 7 4 4 3 2 2 4 4 4 3 3 3 2 2 2 2 1 2 2 4 4 4 3 3 2 2 2 1 1 1 0 0 1 0 0 1
 9 9 8 8 8 7 6 6 5 5 5 2 2 2 2 2 2 2 3 3 3 3 2 2 1 1 2 1 1 2 3 3 2 2 1 1 1 1 1 1 1 1 0 1 1 0
 8 8 7 8 8 10 5 5 5 5 4 1 1 1 2 2 2 2 2 2 2 1 1 1 1 1 0 1 1 1 1 1 3 3 2 1 1 3 1 1 1 1 0 0 0 0
 8 8 7 8 8 10 5 5 5 5 4 1 1 1 2 2 2 2 2 2 2 1 1 1 1 1 0 1 1 1 1 1 3 3 2 1 1 3 1 1 1 1 0 0 0 0
 8 8 7 8 8 7 5 5 4 4 4 1 1 1 2 2 2 2 2 1 1 0 0 0 0 0 0 0 0 0 1 1 1 1 2 1 1 1 4 4 1 1 1 1 1 1
 8 8 7 8 8 7 5 5 4 4 4 1 1 1 2 2 2 2 2 1 1 0 0 0 0 0 0 0 0 0 1 1 1 1 2 1 1 1 4 4 1 1 1 1 1 1
 7 7 7 7 7 6 6 6 5 5 4 4 4 1 1 1 1 1 1 0 0 0 0 0 0 0 0 0 0 0 1 1 1 1 2 2 2 4 1 1 3 3 2 2 2 1
 7 7 7 7 7 6 6 6 5 5 4 3 3 1 1 1 1 1 0 0 0 0 0 0 0 0 1 0 0 0 0 0 0 0 1 1 1 3 2 2 4 4 2 1 1 2
 7 7 7 7 7 6 6 6 5 5 4 3 3 1 1 1 1 1 0 0 0 0 0 0 0 0 1 0 0 0 0 0 0 0 1 1 1 3 2 2 4 4 2 1 1 2
 7 7 7 8 8 7 6 6 5 5 4 3 3 1 1 1 1 1 0 0 0 1 1 1 1 1 1 1 1 0 0 0 1 1 1 1 1 1 2 2 3 3 2 2 2 2
 8 8 8 8 8 8 8 8 6 6 4 4 4 3 2 2 1 1 0 3 3 0 0 0 1 1 3 0 0 0 0 0 1 1 1 1 1 1 0 0 1 1 1 2 2 4
