assets/RAT_results_old/precipitation/2017-09-16_IMERG.asc
ncols        46
nrows        77
xllcorner    74.800261325624
yllcorner    8.058333333333
cellsize     0.062500000000
NODATA_value -9999
 52 52 62 64 64 62 66 66 53 53 34 21 21 24 21 21 9 9 11 8 8 6 3 3 3 3 3 3 3 2 1 1 1 1 1 0 0 0 3 3 4 4 3 0 0 0
 51 51 69 66 66 78 63 63 43 43 32 28 28 27 13 13 10 10 7 6 6 5 3 3 4 4 2 3 3 1 3 3 1 1 0 0 0 2 1 1 1 1 2 0 0 0
 51 51 69 66 66 78 63 63 43 43 32 28 28 27 13 13 10 10 7 6 6 5 3 3 4 4 2 3 3 1 3 3 1 1 0 0 0 2 1 1 1 1 2 0 0 0
 45 45 46 51 51 59 40 40 38 38 41 35 35 17 14 14 19 19 26 10 10 5 3 3 3 3 2 1 1 1 1 1 1 1 1 1 1 1 1 1 2 2 0 1 1 1
 42 42 46 53 53 56 41 41 36 36 29 29 29 28 17 17 35 35 21 13 13 6 4 4 3 3 3 3 3 3 3 3 6 6 3 3 3 2 2 2 2 2 2 3 3 2
 42 42 46 53 53 56 41 41 36 36 29 29 29 28 17 17 35 35 21 13 13 6 4 4 3 3 3 3 3 3 3 3 6 6 3 3 3 2 2 2 2 2 2 3 3 2
 48 48 39 44 44 41 41 41 33 33 51 31 31 26 24 24 17 17 16 8 8 5 3 3 7 7 5 5 5 5 5 5 5 5 5 6 6 5 7 7 7 7 5 3 3 2
 48 48 39 44 44 41 41 41 33 33 51 31 31 26 24 24 17 17 16 8 8 5 3 3 7 7 5 5 5 5 5 5 5 5 5 6 6 5 7 7 7 7 5 3 3 2
 34 34 36 44 44 43 47 47 46 46 53 51 51 50 46 46 24 24 18 6 6 3 2 2 3 3 4 6 6 9 8 8 9 9 8 9 9 7 7 7 6 6 5 3 3 2
 25 25 35 53 53 71 107 107 71 71 53 45 45 57 54 54 35 35 19 7 7 7 3 3 4 4 3 3 3 7 13 13 8 8 10 12 12 12 7 7 5 5 4 7 7 5
 25 25 35 53 53 71 107 107 71 71 53 45 45 57 54 54 35 35 19 7 7 7 3 3 4 4 3 3 3 7 13 13 8 8 10 12 12 12 7 7 5 5 4 7 7 5
 22 22 44 47 47 59 64 64 72 72 70 64 64 64 53 53 40 40 22 14 14 12 15 15 13 13 11 3 3 10 4 4 4 4 4 7 7 9 6 6 8 8 5 8 8 10
 20 20 28 46 46 58 58 58 71 71 46 63 63 66 50 50 59 59 30 17 17 19 22 22 23 23 13 9 9 8 5 5 5 5 5 6 6 9 11 11 6 6 7 10 10 7
 20 20 28 46 46 58 58 58 71 71 46 63 63 66 50 50 59 59 30 17 17 19 22 22 23 23 13 9 9 8 5 5 5 5 5 6 6 9 11 11 6 6 7 10 10 7
 24 24 27 29 29 38 58 58 77 77 69 56 56 88 99 99 104 104 19 27 27 28 26 26 31 31 15 13 13 6 7 7 7 7 7 7 7 8 8 8 6 6 7 7 7 4
 24 24 27 29 29 38 58 58 77 77 69 56 56 88 99 99 104 104 19 27 27 28 26 26 31 31 15 13 13 6 7 7 7 7 7 7 7 8 8 8 6 6 7 7 7 4
 25 25 31 29 29 63 63 63 66 66 77 69 69 49 47 47 26 26 17 39 39 34 28 28 28 28 17 15 15 13 14 14 10 10 8 7 7 7 7 7 9 9 11 7 7 2
 19 19 30 33 33 66 42 42 42 42 66 76 76 122 48 48 26 26 30 28 28 29 31 31 27 27 29 15 15 14 15 15 12 12 15 14 14 13 13 13 16 16 9 2 2 3
 19 19 30 33 33 66 42 42 42 42 66 76 76 122 48 48 26 26 30 28 28 29 31 31 27 27 29 15 15 14 15 15 12 12 15 14 14 13 13 13 16 16 9 2 2 3
 26 26 34 26 26 37 60 60 43 43 63 128 128 83 46 46 42 42 42 32 32 32 33 33 35 35 39 21 21 18 17 17 16 16 16 18 18 17 13 13 21 21 9 13 13 4
 21 21 25 22 22 35 79 79 38 38 85 51 51 45 47 47 41 41 46 39 39 32 33 33 36 36 29 20 20 24 20 20 17 17 18 19 19 17 14 14 11 11 9 8 8 10
 21 21 25 22 22 35 79 79 38 38 85 51 51 45 47 47 41 41 46 39 39 32 33 33 36 36 29 20 20 24 20 20 17 17 18 19 19 17 14 14 11 11 9 8 8 10
 19 19 20 26 26 37 54 54 94 94 52 66 66 56 35 35 35 35 25 33 33 29 56 56 37 37 20 24 24 24 18 18 17 17 18 14 14 12 12 12 17 17 12 9 9 8
 19 19 20 26 26 37 54 54 94 94 52 66 66 56 35 35 35 35 25 33 33 29 56 56 37 37 20 24 24 24 18 18 17 17 18 14 14 12 12 12 17 17 12 9 9 8
 14 14 26 33 33 33 52 52 87 87 76 54 54 57 50 50 31 31 28 28 28 27 55 55 30 30 22 16 16 15 24 24 25 25 21 13 13 14 15 15 13 13 11 9 9 8
 18 18 20 22 22 26 42 42 59 59 63 36 36 39 46 46 54 54 25 35 35 33 18 18 18 18 15 16 16 16 25 25 17 17 14 17 17 16 14 14 11 11 8 8 8 7
 18 18 20 22 22 26 42 42 59 59 63 36 36 39 46 46 54 54 25 35 35 33 18 18 18 18 15 16 16 16 25 25 17 17 14 17 17 16 14 14 11 11 8 8 8 7
 14 14 13 19 19 22 35 35 70 70 71 28 28 32 47 47 50 50 41 82 82 40 34 34 20 20 21 13 13 21 23 23 23 23 19 14 14 11 10 10 10 10 6 5 5 6
 20 20 16 28 28 30 27 27 46 46 66 61 61 55 68 68 58 58 49 76 76 53 48 48 33 33 20 26 26 24 17 17 12 12 19 15 15 12 11 11 7 7 5 7 7 6
 20 20 16 28 28 30 27 27 46 46 66 61 61 55 68 68 58 58 49 76 76 53 48 48 33 33 20 26 26 24 17 17 12 12 19 15 15 12 11 11 7 7 5 7 7 6
 21 21 20 35 35 30 32 32 24 24 34 84 84 66 41 41 48 48 52 47 47 57 44 44 36 36 25 22 22 18 16 16 12 12 17 21 21 13 11 11 15 15 8 5 5 6
 21 21 20 35 35 30 32 32 24 24 34 84 84 66 41 41 48 48 52 47 47 57 44 44 36 36 25 22 22 18 16 16 12 12 17 21 21 13 11 11 15 15 8 5 5 6
 23 23 29 48 48 26 29 29 34 34 42 56 56 68 52 52 52 52 47 42 42 55 67 67 39 39 30 20 20 16 19 19 18 18 15 14 14 7 10 10 15 15 12 10 10 7
 21 21 48 52 52 28 44 44 43 43 42 42 42 41 25 25 26 26 49 48 48 29 37 37 43 43 28 30 30 13 14 14 11 11 9 8 8 9 11 11 9 9 13 14 14 5
 21 21 48 52 52 28 44 44 43 43 42 42 42 41 25 25 26 26 49 48 48 29 37 37 43 43 28 30 30 13 14 14 11 11 9 8 8 9 11 11 9 9 13 14 14 5
 22 22 34 55 55 40 41 41 48 48 44 37 37 24 24 24 25 25 27 29 29 30 38 38 50 50 32 25 25 12 12 12 10 10 8 7 7 7 5 5 6 6 8 11 11 4
 25 25 37 47 47 36 41 41 53 53 38 22 22 19 28 28 25 25 32 31 31 34 49 49 37 37 28 15 15 13 11 11 10 10 7 8 8 8 5 5 7 7 8 4 4 4
 25 25 37 47 47 36 41 41 53 53 38 22 22 19 28 28 25 25 32 31 31 34 49 49 37 37 28 15 15 13 11 11 10 10 7 8 8 8 5 5 7 7 8 4 4 4
 29 29 42 59 59 52 58 58 50 50 40 27 27 23 35 35 29 29 38 43 43 39 42 42 35 35 17 19 19 13 18 18 11 11 17 18 18 16 10 10 11 11 7 5 5 6
 29 29 42 59 59 52 58 58 50 50 40 27 27 23 35 35 29 29 38 43 43 39 42 42 35 35 17 19 19 13 18 18 11 11 17 18 18 16 10 10 11 11 7 5 5 6
 33 33 36 53 53 58 55 55 59 59 51 42 42 49 34 34 36 36 31 43 43 39 41 41 37 37 31 24 24 20 14 14 24 24 18 17 17 23 18 18 14 14 8 4 4 4
 29 29 35 46 46 46 51 51 50 50 65 57 57 50 65 65 62 62 35 47 47 47 52 52 29 29 35 25 25 26 32 32 28 28 32 17 17 22 21 21 15 15 10 8 8 10
 29 29 35 46 46 46 51 51 50 50 65 57 57 50 65 65 62 62 35 47 47 47 52 52 29 29 35 25 25 26 32 32 28 28 32 17 17 22 21 21 15 15 10 8 8 10
 32 32 58 76 76 64 48 48 60 60 58 71 71 67 60 60 65 65 25 27 27 48 42 42 60 60 60 36 36 38 31 31 31 31 35 37 37 46 16 16 14 14 11 9 9 5
 67 67 72 68 68 60 53 53 59 59 79 85 85 78 50 50 34 34 27 33 33 47 42 42 52 52 47 53 53 41 38 38 37 37 45 34 34 32 14 14 13 13 8 5 5 1
 67 67 72 68 68 60 53 53 59 59 79 85 85 78 50 50 34 34 27 33 33 47 42 42 52 52 47 53 53 41 38 38 37 37 45 34 34 32 14 14 13 13 8 5 5 1
 57 57 60 59 59 63 65 65 77 77 104 125 125 75 70 70 34 34 28 35 35 40 53 53 70 70 48 45 45 27 41 41 44 44 40 23 23 22 13 13 14 14 8 4 4 4
 57 57 60 59 59 63 65 65 77 77 104 125 125 75 70 70 34 34 28 35 35 40 53 53 70 70 48 45 45 27 41 41 44 44 40 23 23 22 13 13 14 14 8 4 4 4
 74 74 78 83 83 69 99 99 90 90 85 76 76 85 52 52 39 39 22 23 23 36 44 44 48 48 39 29 29 35 53 53 45 45 29 34 34 21 7 7 10 10 5 3 3 2
 71 71 73 78 78 102 120 120 94 94 87 83 83 86 51 51 44 44 23 25 25 32 67 67 41 41 40 39 39 50 54 54 39 39 32 27 27 17 4 4 6 6 6 5 5 7
 71 71 73 78 78 102 120 120 94 94 87 83 83 86 51 51 44 44 23 25 25 32 67 67 41 41 40 39 39 50 54 54 39 39 32 27 27 17 4 4 6 6 6 5 5 7
 79 79 73 85 85 81 79 79 78 78 53 63 63 74 68 68 40 40 31 32 32 30 39 39 41 41 41 33 33 59 59 59 46 46 32 16 16 16 16 16 11 11 11 17 17 9
 71 71 75 87 87 78 112 112 90 90 70 68 68 71 53 53 59 59 35 40 40 33 37 37 37 37 54 56 56 35 63 63 36 36 37 31 31 32 17 17 10 10 11 17 17 9
 71 71 75 87 87 78 112 112 90 90 70 68 68 71 53 53 59 59 35 40 40 33 37 37 37 37 54 56 56 35 63 63 36 36 37 31 31 32 17 17 10 10 11 17 17 9
 49 49 46 52 52 68 121 121 91 91 57 51 51 45 31 31 41 41 39 44 44 49 55 55 51 51 51 47 47 46 69 69 38 38 31 29 29 36 26 26 18 18 15 18 18 10
 49 49 46 52 52 68 121 121 91 91 57 51 51 45 31 31 41 41 39 44 44 49 55 55 51 51 51 47 47 46 69 69 38 38 31 29 29 36 26 26 18 18 15 18 18 10
 39 39 48 57 57 58 82 82 74 74 50 41 41 43 49 49 52 52 62 64 64 63 61 61 47 47 56 74 74 85 71 71 44 44 32 47 47 55 25 25 25 25 23 23 23 15
 45 45 56 52 52 49 36 36 32 32 34 29 29 36 50 50 73 73 82 72 72 73 61 61 54 54 106 82 82 98 122 122 54 54 40 53 53 52 31 31 29 29 39 29 29 14
 45 45 56 52 52 49 36 36 32 32 34 29 29 36 50 50 73 73 82 72 72 73 61 61 54 54 106 82 82 98 122 122 54 54 40 53 53 52 31 31 29 29 39 29 29 14
 28 28 47 32 32 35 39 39 27 27 28 34 34 40 59 59 60 60 72 78 78 91 75 75 57 57 61 50 50 87 66 66 61 61 62 44 44 37 31 31 31 31 37 26 26 28
 27 27 32 27 27 26 23 23 38 38 32 39 39 46 87 87 66 66 75 83 83 82 58 58 51 51 44 76 76 50 62 62 73 73 68 47 47 47 40 40 35 35 37 42 42 19
 27 27 32 27 27 26 23 23 38 38 32 39 39 46 87 87 66 66 75 83 83 82 58 58 51 51 44 76 76 50 62 62 73 73 68 47 47 47 40 40 35 35 37 42 42 19
 34 34 33 29 29 21 25 25 35 35 42 53 53 49 54 54 72 72 77 66 66 73 66 66 39 39 74 33 33 55 75 75 66 66 88 64 64 35 53 53 35 35 44 26 26 16
 34 34 33 29 29 21 25 25 35 35 42 53 53 49 54 54 72 72 77 66 66 73 66 66 39 39 74 33 33 55 75 75 66 66 88 64 64 35 53 53 35 35 44 26 26 16
 34 34 27 23 23 21 31 31 48 48 59 47 47 55 59 59 90 90 60 100 100 58 34 34 37 37 43 42 42 49 77 77 71 71 53 64 64 48 26 26 38 38 26 24 24 17
 20 20 20 22 22 34 40 40 47 47 85 43 43 44 45 45 49 49 46 62 62 40 29 29 28 28 32 43 43 60 44 44 66 66 46 62 62 36 29 29 32 32 23 18 18 6
 20 20 20 22 22 34 40 40 47 47 85 43 43 44 45 45 49 49 46 62 62 40 29 29 28 28 32 43 43 60 44 44 66 66 46 62 62 36 29 29 32 32 23 18 18 6
 20 20 13 18 18 31 34 34 42 42 57 49 49 34 59 59 32 32 71 66 66 39 26 26 26 26 19 41 41 40 43 43 26 26 28 27 27 28 28 28 33 33 32 25 25 15
 14 14 27 21 21 28 27 27 32 32 39 37 37 24 27 27 35 35 40 34 34 18 21 21 32 32 15 16 16 22 30 30 23 23 21 29 29 30 28 28 43 43 32 26 26 11
 14 14 27 21 21 28 27 27 32 32 39 37 37 24 27 27 35 35 40 34 34 18 21 21 32 32 15 16 16 22 30 30 23 23 21 29 29 30 28 28 43 43 32 26 26 11
 16 16 22 14 14 16 22 22 29 29 38 27 27 21 14 14 22 22 31 17 17 21 27 27 35 35 20 14 14 15 15 15 23 23 23 28 28 25 24 24 39 39 32 26 26 17
 16 16 22 14 14 16 22 22 29 29 38 27 27 21 14 14 22 22 31 17 17 21 27 27 35 35 20 14 14 15 15 15 23 23 23 28 28 25 24 24 39 39 32 26 26 17
 7 7 4 6 6 12 13 13 14 14 20 21 21 10 11 11 15 15 22 15 15 11 19 19 27 27 22 18 18 18 15 15 16 16 26 34 34 28 28 28 28 28 16 15 15 14
 7 7 4 5 5 12 9 9 12 12 25 10 10 8 7 7 9 9 14 18 18 13 18 18 19 19 21 14 14 17 15 15 18 18 30 25 25 35 32 32 11 11 16 17 17 12
 7 7 4 5 5 12 9 9 12 12 25 10 10 8 7 7 9 9 14 18 18 13 18 18 19 19 21 14 14 17 15 15 18 18 30 25 25 35 32 32 11 11 16 17 17 12
 7 7 6 9 9 11 15 15 10 10 28 11 11 8 5 5 8 8 14 16 16 21 15 15 16 16 22 21 21 18 13 13 23 23 25 27 27 24 13 13 12 12 7 8 8 7
 9 9 10 7 7 16 17 17 12 12 6 15 15 8 8 8 9 9 13 12 12 17 11 11 14 14 26 28 28 16 15 15 12 12 28 19 19 11 6 6 7 7 6 5 5 5
