assets/RAT_results_old/precipitation/2017-07-03_IMERG.asc
ncols        46
nrows        77
xllcorner    74.800261325624
yllcorner    8.058333333333
cellsize     0.062500000000
NODATA_value -9999
 47 47 40 30 30 33 21 21 18 18 13 13 13 15 10 10 10 10 4 4 4 1 1 1 0 0 0 0 0 0 1 1 1 1 1 0 0 1 0 0 0 0 0 2 2 2
 47 47 48 35 35 33 29 29 21 21 16 15 15 21 18 18 10 10 3 2 2 1 0 0 0 0 2 1 1 2 2 2 1 1 1 1 1 1 1 1 1 1 0 1 1 1
 47 47 48 35 35 33 29 29 21 21 16 15 15 21 18 18 10 10 3 2 2 1 0 0 0 0 2 1 1 2 2 2 1 1 1 1 1 1 1 1 1 1 0 1 1 1
 35 35 45 47 47 29 30 30 27 27 23 23 23 17 17 17 7 7 2 0 0 1 0 0 1 1 1 2 2 1 1 1 1 1 1 2 2 4 2 2 2 2 1 0 0 0
 55 55 37 39 39 32 26 26 33 33 29 28 28 19 24 24 7 7 4 1 1 1 1 1 2 2 1 5 5 1 1 1 1 1 1 3 3 0 1 1 2 2 1 0 0 0
 55 55 37 39 39 32 26 26 33 33 29 28 28 19 24 24 7 7 4 1 1 1 1 1 2 2 1 5 5 1 1 1 1 1 1 3 3 0 1 1 2 2 1 0 0 0
 56 56 43 38 38 27 26 26 24 24 28 26 26 21 17 17 5 5 5 2 2 1 1 1 0 0 0 1 1 2 1 1 1 1 1 3 3 3 1 1 1 1 1 0 0 0
 56 56 43 38 38 27 26 26 24 24 28 26 26 21 17 17 5 5 5 2 2 1 1 1 0 0 0 1 1 2 1 1 1 1 1 3 3 3 1 1 1 1 1 0 0 0
 66 66 64 61 61 39 40 40 24 24 19 35 35 22 10 10 7 7 5 2 2 6 2 2 1 1 0 0 0 1 3 3 1 1 2 1 1 2 0 0 1 1 0 0 0 0
 70 70 49 51 51 43 34 34 20 20 17 18 18 24 11 11 6 6 3 3 3 7 1 1 1 1 1 0 0 0 1 1 3 3 1 1 1 0 0 0 0 0 0 0 0 0
 70 70 49 51 51 43 34 34 20 20 17 18 18 24 11 11 6 6 3 3 3 7 1 1 1 1 1 0 0 0 1 1 3 3 1 1 1 0 0 0 0 0 0 0 0 0
 44 44 31 37 37 34 43 43 23 23 15 17 17 18 7 7 7 7 4 3 3 1 1 1 1 1 1 1 1 0 1 1 1 1 0 1 1 2 0 0 1 1 0 0 0 0
 51 51 39 36 36 50 48 48 23 23 17 24 24 11 8 8 6 6 6 4 4 1 0 0 1 1 2 1 1 1 1 1 0 0 0 1 1 1 1 1 1 1 1 0 0 0
 51 51 39 36 36 50 48 48 23 23 17 24 24 11 8 8 6 6 6 4 4 1 0 0 1 1 2 1 1 1 1 1 0 0 0 1 1 1 1 1 1 1 1 0 0 0
 31 31 21 29 29 80 34 34 26 26 20 12 12 12 12 12 9 9 4 2 2 1 1 1 1 1 3 1 1 1 1 1 1 1 2 1 1 2 2 2 2 2 2 1 1 2
 31 31 21 29 29 80 34 34 26 26 20 12 12 12 12 12 9 9 4 2 2 1 1 1 1 1 3 1 1 1 1 1 1 1 2 1 1 2 2 2 2 2 2 1 1 2
 29 29 22 27 27 28 74 74 30 30 17 15 15 12 6 6 7 7 6 2 2 2 1 1 1 1 1 1 1 1 1 1 1 1 1 2 2 2 3 3 3 3 1 2 2 1
 20 20 21 24 24 33 42 42 32 32 20 19 19 19 14 14 18 18 6 6 6 4 2 2 4 4 1 1 1 1 1 1 1 1 1 4 4 1 2 2 2 2 1 1 1 1
 20 20 21 24 24 33 42 42 32 32 20 19 19 19 14 14 18 18 6 6 6 4 2 2 4 4 1 1 1 1 1 1 1 1 1 4 4 1 2 2 2 2 1 1 1 1
 21 21 21 23 23 24 20 20 27 27 33 28 28 22 18 18 19 19 10 4 4 5 3 3 5 5 7 6 6 1 0 0 1 1 0 0 0 1 1 1 1 1 0 2 2 0
 19 19 24 31 31 13 23 23 21 21 17 29 29 15 18 18 12 12 8 7 7 9 2 2 5 5 2 1 1 1 0 0 1 1 3 3 3 1 0 0 0 0 2 1 1 0
 19 19 24 31 31 13 23 23 21 21 17 29 29 15 18 18 12 12 8 7 7 9 2 2 5 5 2 1 1 1 0 0 1 1 3 3 3 1 0 0 0 0 2 1 1 0
 15 15 16 23 23 18 26 26 22 22 16 10 10 23 20 20 33 33 16 2 2 5 5 5 2 2 3 4 4 5 2 2 4 4 9 1 1 0 0 0 0 0 0 0 0 1
 15 15 16 23 23 18 26 26 22 22 16 10 10 23 20 20 33 33 16 2 2 5 5 5 2 2 3 4 4 5 2 2 4 4 9 1 1 0 0 0 0 0 0 0 0 1
 14 14 20 18 18 22 21 21 13 13 15 16 16 21 17 17 23 23 13 8 8 13 5 5 3 3 4 3 3 4 8 8 4 4 5 0 0 0 0 0 1 1 0 0 0 0
 23 23 33 40 40 57 37 37 19 19 13 17 17 17 24 24 12 12 9 21 21 10 5 5 5 5 9 4 4 5 5 5 1 1 0 0 0 0 1 1 0 0 0 0 0 0
 23 23 33 40 40 57 37 37 19 19 13 17 17 17 24 24 12 12 9 21 21 10 5 5 5 5 9 4 4 5 5 5 1 1 0 0 0 0 1 1 0 0 0 0 0 0
 29 29 33 36 36 43 40 40 37 37 23 27 27 18 24 24 18 18 11 6 6 8 7 7 6 6 16 13 13 5 0 0 0 0 0 0 0 0 0 0 0 0 0 0 0 0
 29 29 40 44 44 57 39 39 39 39 28 22 22 18 20 20 17 17 17 7 7 2 8 8 8 8 22 8 8 5 3 3 0 0 0 0 0 0 0 0 0 0 0 0 0 0
 29 29 40 44 44 57 39 39 39 39 28 22 22 18 20 20 17 17 17 7 7 2 8 8 8 8 22 8 8 5 3 3 0 0 0 0 0 0 0 0 0 0 0 0 0 0
 32 32 24 58 58 46 59 59 48 48 35 20 20 15 16 16 12 12 13 18 18 6 3 3 9 9 5 11 11 3 6 6 1 1 0 0 0 0 0 0 0 0 0 0 0 0
 32 32 24 58 58 46 59 59 48 48 35 20 20 15 16 16 12 12 13 18 18 6 3 3 9 9 5 11 11 3 6 6 1 1 0 0 0 0 0 0 0 0 0 0 0 0
 32 32 28 33 33 39 28 28 44 44 36 27 27 12 15 15 11 11 12 7 7 8 7 7 12 12 7 6 6 8 2 2 3 3 1 1 1 0 0 0 0 0 0 0 0 0
 22 22 26 30 30 24 24 24 22 22 31 17 17 17 8 8 8 8 8 10 10 8 25 25 13 13 10 2 2 8 3 3 0 0 2 3 3 0 0 0 0 0 0 0 0 1
 22 22 26 30 30 24 24 24 22 22 31 17 17 17 8 8 8 8 8 10 10 8 25 25 13 13 10 2 2 8 3 3 0 0 2 3 3 0 0 0 0 0 0 0 0 1
 23 23 19 15 15 19 24 24 21 21 19 21 21 19 24 24 16 16 17 13 13 8 9 9 11 11 11 3 3 7 16 16 12 12 4 4 4 1 0 0 0 0 1 0 0 0
 20 20 27 17 17 39 30 30 24 24 18 22 22 27 34 34 14 14 15 14 14 15 12 12 14 14 12 1 1 3 2 2 2 2 7 1 1 1 0 0 5 5 1 2 2 0
 20 20 27 17 17 39 30 30 24 24 18 22 22 27 34 34 14 14 15 14 14 15 12 12 14 14 12 1 1 3 2 2 2 2 7 1 1 1 0 0 5 5 1 2 2 0
 10 10 20 20 20 36 30 30 20 20 27 30 30 37 28 28 13 13 16 12 12 17 16 16 6 6 11 1 1 2 9 9 9 9 11 6 6 3 1 1 1 1 3 1 1 1
 10 10 20 20 20 36 30 30 20 20 27 30 30 37 28 28 13 13 16 12 12 17 16 16 6 6 11 1 1 2 9 9 9 9 11 6 6 3 1 1 1 1 3 1 1 1
 8 8 8 15 15 22 23 23 23 23 24 29 29 26 21 21 20 20 20 19 19 21 16 16 9 9 3 6 6 4 4 4 10 10 14 8 8 5 5 5 1 1 1 2 2 2
 9 9 12 11 11 15 14 14 12 12 21 23 23 22 16 16 21 21 17 23 23 20 28 28 20 20 6 8 8 10 1 1 5 5 4 3 3 4 4 4 1 1 2 6 6 8
 9 9 12 11 11 15 14 14 12 12 21 23 23 22 16 16 21 21 17 23 23 20 28 28 20 20 6 8 8 10 1 1 5 5 4 3 3 4 4 4 1 1 2 6 6 8
 11 11 23 9 9 11 14 14 15 15 15 18 18 23 15 15 27 27 26 33 33 28 40 40 30 30 18 13 13 17 15 15 7 7 11 5 5 6 2 2 3 3 6 3 3 2
 11 11 22 12 12 12 16 16 15 15 20 31 31 36 25 25 28 28 19 41 41 31 39 39 35 35 17 17 17 15 6 6 5 5 5 7 7 5 3 3 6 6 6 0 0 1
 11 11 22 12 12 12 16 16 15 15 20 31 31 36 25 25 28 28 19 41 41 31 39 39 35 35 17 17 17 15 6 6 5 5 5 7 7 5 3 3 6 6 6 0 0 1
 8 8 8 11 11 10 16 16 22 22 20 31 31 30 79 79 37 37 27 29 29 37 25 25 28 28 23 34 34 22 10 10 3 3 9 4 4 6 2 2 7 7 7 1 1 0
 8 8 8 11 11 10 16 16 22 22 20 31 31 30 79 79 37 37 27 29 29 37 25 25 28 28 23 34 34 22 10 10 3 3 9 4 4 6 2 2 7 7 7 1 1 0
 13 13 13 14 14 15 14 14 22 22 25 29 29 22 22 22 22 22 21 21 21 27 32 32 26 26 28 26 26 26 27 27 5 5 18 12 12 6 1 1 1 1 2 1 1 0
 6 6 8 9 9 24 12 12 14 14 15 17 17 22 17 17 14 14 23 19 19 19 16 16 17 17 13 25 25 27 25 25 23 23 15 8 8 7 7 7 6 6 5 2 2 0
 6 6 8 9 9 24 12 12 14 14 15 17 17 22 17 17 14 14 23 19 19 19 16 16 17 17 13 25 25 27 25 25 23 23 15 8 8 7 7 7 6 6 5 2 2 0
 7 7 7 8 8 9 17 17 15 15 12 13 13 17 13 13 14 14 9 11 11 18 16 16 12 12 12 23 23 24 14 14 20 20 12 4 4 23 18 18 3 3 5 5 5 0
 6 6 11 7 7 7 13 13 9 9 9 9 9 10 11 11 12 12 10 9 9 23 19 19 17 17 20 5 5 23 12 12 3 3 16 0 0 13 6 6 3 3 2 4 4 0
 6 6 11 7 7 7 13 13 9 9 9 9 9 10 11 11 12 12 10 9 9 23 19 19 17 17 20 5 5 23 12 12 3 3 16 0 0 13 6 6 3 3 2 4 4 0
 7 7 5 9 9 10 6 6 7 7 7 12 12 13 6 6 11 11 21 28 28 32 32 32 28 28 30 46 46 9 6 6 8 8 3 3 3 9 2 2 2 2 2 3 3 0
 7 7 5 9 9 10 6 6 7 7 7 12 12 13 6 6 11 11 21 28 28 32 32 32 28 28 30 46 46 9 6 6 8 8 3 3 3 9 2 2 2 2 2 3 3 0
 9 9 6 6 6 6 7 7 7 7 7 8 8 10 11 11 7 7 17 27 27 33 32 32 29 29 27 21 21 11 7 7 14 14 3 5 5 7 6 6 3 3 4 3 3 0
 6 6 5 7 7 9 7 7 7 7 6 19 19 7 13 13 9 9 20 29 29 29 38 38 30 30 24 24 24 14 7 7 5 5 4 0 0 1 7 7 4 4 0 0 0 0
 6 6 5 7 7 9 7 7 7 7 6 19 19 7 13 13 9 9 20 29 29 29 38 38 30 30 24 24 24 14 7 7 5 5 4 0 0 1 7 7 4 4 0 0 0 0
 7 7 5 6 6 8 11 11 8 8 9 9 9 13 17 17 13 13 17 17 17 18 24 24 20 20 24 17 17 17 10 10 20 20 5 0 0 0 3 3 0 0 0 0 0 0
 7 7 6 7 7 11 7 7 9 9 9 14 14 15 8 8 16 16 24 12 12 27 20 20 15 15 11 15 15 13 19 19 16 16 5 1 1 1 0 0 0 0 3 0 0 0
 7 7 6 7 7 11 7 7 9 9 9 14 14 15 8 8 16 16 24 12 12 27 20 20 15 15 11 15 15 13 19 19 16 16 5 1 1 1 0 0 0 0 3 0 0 0
 8 8 14 10 10 11 9 9 10 10 22 19 19 9 7 7 22 22 20 9 9 5 3 3 4 4 6 16 16 12 6 6 7 7 5 0 0 0 0 0 0 0 0 0 0 0
 8 8 14 10 10 11 9 9 10 10 22 19 19 9 7 7 22 22 20 9 9 5 3 3 4 4 6 16 16 12 6 6 7 7 5 0 0 0 0 0 0 0 0 0 0 0
 11 11 14 15 15 12 10 10 8 8 8 12 12 9 7 7 11 11 7 4 4 13 3 3 4 4 8 6 6 7 7 7 4 4 10 2 2 1 0 0 2 2 0 0 0 0
 11 11 15 14 14 12 10 10 8 8 7 10 10 10 6 6 7 7 6 5 5 6 9 9 3 3 5 2 2 4 2 2 3 3 0 4 4 1 2 2 6 6 6 0 0 0
 11 11 15 14 14 12 10 10 8 8 7 10 10 10 6 6 7 7 6 5 5 6 9 9 3 3 5 2 2 4 2 2 3 3 0 4 4 1 2 2 6 6 6 0 0 0
 12 12 15 11 11 11 11 11 9 9 7 6 6 6 8 8 5 5 4 7 7 5 4 4 2 2 5 26 26 1 2 2 2 2 3 0 0 0 0 0 0 0 5 0 0 0
 17 17 18 8 8 9 8 8 8 8 8 11 11 5 5 5 7 7 6 4 4 3 4 4 5 5 2 1 1 1 0 0 0 0 2 0 0 0 0 0 0 0 4 4 4 0
 17 17 18 8 8 9 8 8 8 8 8 11 11 5 5 5 7 7 6 4 4 3 4 4 5 5 2 1 1 1 0 0 0 0 2 0 0 0 0 0 0 0 4 4 4 0
 17 17 16 15 15 12 11 11 7 7 7 7 7 3 4 4 5 5 7 3 3 2 2 2 5 5 2 1 1 1 0 0 0 0 1 0 0 0 0 0 0 0 1 5 5 0
 17 17 16 15 15 12 11 11 7 7 7 7 7 3 4 4 5 5 7 3 3 2 2 2 5 5 2 1 1 1 0 0 0 0 1 0 0 0 0 0 0 0 1 5 5 0
 7 7 7 6 6 5 6 6 6 6 6 4 4 2 2 2 3 3 3 4 4 2 19 19 2 2 2 1 1 1 1 1 0 0 1 0 0 1 0 0 0 0 0 0 0 0
 4 4 6 4 4 5 5 5 1 1 3 5 5 0 1 1 1 1 2 2 2 1 2 2 1 1 0 0 0 0 1 1 2 2 0 0 0 1 0 0 0 0 0 0 0 0
 4 4 6 4 4 5 5 5 1 1 3 5 5 0 1 1 1 1 2 2 2 1 2 2 1 1 0 0 0 0 1 1 2 2 0 0 0 1 0 0 0 0 0 0 0 0
 3 3 5 2 2 1 1 1 6 6 1 4 4 0 0 0 0 0 0 0 0 0 0 0 0 0 1 0 0 2 0 0 4 4 2 0 0 1 3 3 0 0 0 0 0 6
 3 3 3 2 2 2 3 3 1 1 1 1 1 0 0 0 0 0 0 0 0 0 0 0 2 2 1 0 0 0 0 0 3 3 1 0 0 0 0 0 0 0 1 0 0 0
