assets/RAT_results_old/precipitation/2017-10-01_IMERG.asc
ncols        46
nrows        77
xllcorner    74.800261325624
yllcorner    8.058333333333
cellsize     0.062500000000
NODATA_value -9999
 33 33 16 27 27 19 38 38 40 40 43 32 32 48 25 25 25 25 45 40 40 46 29 29 28 28 35 22 22 16 13 13 17 17 24 14 14 11 14 14 19 19 25 32 32 31
 23 23 28 26 26 18 15 15 17 17 18 31 31 41 31 31 16 16 31 32 32 19 31 31 31 31 27 19 19 20 17 17 12 12 13 14 14 9 15 15 19 19 20 19 19 48
 23 23 28 26 26 18 15 15 17 17 18 31 31 41 31 31 16 16 31 32 32 19 31 31 31 31 27 19 19 20 17 17 12 12 13 14 14 9 15 15 19 19 20 19 19 48
 33 33 23 20 20 26 15 15 19 19 37 28 28 24 11 11 13 13 23 14 14 24 12 12 9 9 15 5 5 12 24 24 27 27 19 8 8 18 13 13 15 15 20 30 30 44
 19 19 32 15 15 18 22 22 25 25 37 11 11 16 7 7 12 12 7 7 7 6 4 4 6 6 10 6 6 8 4 4 10 10 3 5 5 7 9 9 13 13 10 10 10 26
 19 19 32 15 15 18 22 22 25 25 37 11 11 16 7 7 12 12 7 7 7 6 4 4 6 6 10 6 6 8 4 4 10 10 3 5 5 7 9 9 13 13 10 10 10 26
 18 18 13 14 14 20 13 13 12 12 19 17 17 21 15 15 13 13 9 7 7 6 1 1 15 15 4 2 2 2 2 2 4 4 5 3 3 2 7 7 6 6 7 13 13 13
 18 18 13 14 14 20 13 13 12 12 19 17 17 21 15 15 13 13 9 7 7 6 1 1 15 15 4 2 2 2 2 2 4 4 5 3 3 2 7 7 6 6 7 13 13 13
 15 15 17 15 15 18 13 13 14 14 9 6 6 21 12 12 15 15 12 2 2 4 2 2 1 1 4 1 1 1 2 2 2 2 1 2 2 4 4 4 8 8 6 4 4 5
 17 17 10 12 12 11 12 12 13 13 6 14 14 15 12 12 9 9 9 2 2 3 15 15 3 3 1 1 1 0 2 2 0 0 1 1 1 2 2 2 2 2 4 10 10 4
 17 17 10 12 12 11 12 12 13 13 6 14 14 15 12 12 9 9 9 2 2 3 15 15 3 3 1 1 1 0 2 2 0 0 1 1 1 2 2 2 2 2 4 10 10 4
 8 8 8 7 7 10 4 4 10 10 9 5 5 4 4 4 6 6 7 5 5 5 2 2 1 1 1 1 1 1 1 1 1 1 1 3 3 2 2 2 2 2 3 3 3 4
 8 8 10 10 10 9 9 9 16 16 4 2 2 5 7 7 6 6 3 4 4 3 2 2 2 2 3 1 1 1 3 3 2 2 4 1 1 2 3 3 1 1 2 10 10 14
 8 8 10 10 10 9 9 9 16 16 4 2 2 5 7 7 6 6 3 4 4 3 2 2 2 2 3 1 1 1 3 3 2 2 4 1 1 2 3 3 1 1 2 10 10 14
 10 10 12 15 15 13 10 10 10 10 28 3 3 5 6 6 7 7 5 4 4 3 2 2 4 4 2 1 1 1 3 3 2 2 1 2 2 2 2 2 8 8 8 11 11 10
 10 10 12 15 15 13 10 10 10 10 28 3 3 5 6 6 7 7 5 4 4 3 2 2 4 4 2 1 1 1 3 3 2 2 1 2 2 2 2 2 8 8 8 11 11 10
 17 17 11 16 16 10 5 5 14 14 18 9 9 5 10 10 7 7 6 5 5 5 4 4 4 4 4 1 1 1 1 1 0 0 0 1 1 2 3 3 8 8 6 8 8 2
 15 15 11 11 11 7 14 14 27 27 27 18 18 9 6 6 6 6 6 7 7 5 4 4 3 3 3 2 2 3 2 2 2 2 1 2 2 3 3 3 8 8 5 5 5 0
 15 15 11 11 11 7 14 14 27 27 27 18 18 9 6 6 6 6 6 7 7 5 4 4 3 3 3 2 2 3 2 2 2 2 1 2 2 3 3 3 8 8 5 5 5 0
 10 10 14 22 22 12 20 20 27 27 16 11 11 10 10 10 3 3 5 18 18 9 7 7 8 8 7 3 3 3 2 2 3 3 2 3 3 2 1 1 1 1 0 0 0 0
 8 8 19 29 29 10 10 10 16 16 23 19 19 13 29 29 9 9 9 12 12 12 7 7 8 8 8 7 7 5 4 4 5 5 4 2 2 0 1 1 0 0 1 0 0 0
 8 8 19 29 29 10 10 10 16 16 23 19 19 13 29 29 9 9 9 12 12 12 7 7 8 8 8 7 7 5 4 4 5 5 4 2 2 0 1 1 0 0 1 0 0 0
 9 9 23 28 28 21 11 11 10 10 16 17 17 39 57 57 16 16 11 14 14 10 15 15 14 14 10 9 9 4 4 4 3 3 1 0 0 0 0 0 0 0 0 0 0 0
 9 9 23 28 28 21 11 11 10 10 16 17 17 39 57 57 16 16 11 14 14 10 15 15 14 14 10 9 9 4 4 4 3 3 1 0 0 0 0 0 0 0 0 0 0 0
 12 12 16 28 28 17 12 12 16 16 22 38 38 59 45 45 42 42 38 14 14 14 14 14 16 16 11 5 5 5 2 2 1 1 0 0 0 0 0 0 0 0 0 0 0 1
 15 15 21 15 15 28 24 24 24 24 21 20 20 28 40 40 45 45 33 28 28 15 14 14 9 9 8 7 7 4 2 2 1 1 0 0 0 0 0 0 0 0 1 1 1 1
 15 15 21 15 15 28 24 24 24 24 21 20 20 28 40 40 45 45 33 28 28 15 14 14 9 9 8 7 7 4 2 2 1 1 0 0 0 0 0 0 0 0 1 1 1 1
 12 12 15 19 19 28 36 36 29 29 34 28 28 31 65 65 48 48 30 33 33 27 14 14 12 12 14 8 8 2 1 1 0 0 0 1 1 0 1 1 1 1 2 2 2 1
 16 16 35 50 50 25 29 29 62 62 50 58 58 46 61 61 57 57 64 34 34 62 24 24 18 18 5 3 3 0 0 0 0 0 1 1 1 1 1 1 1 1 1 1 1 0
 16 16 35 50 50 25 29 29 62 62 50 58 58 46 61 61 57 57 64 34 34 62 24 24 18 18 5 3 3 0 0 0 0 0 1 1 1 1 1 1 1 1 1 1 1 0
 16 16 16 21 21 38 41 41 111 111 88 59 59 73 73 73 82 82 83 65 65 44 26 26 10 10 2 0 0 0 0 0 1 1 1 1 1 1 1 1 1 1 0 0 0 0
 16 16 16 21 21 38 41 41 111 111 88 59 59 73 73 73 82 82 83 65 65 44 26 26 10 10 2 0 0 0 0 0 1 1 1 1 1 1 1 1 1 1 0 0 0 0
 15 15 17 22 22 39 98 98 80 80 188 82 82 71 98 98 119 119 105 39 39 46 24 24 10 10 5 3 3 1 1 1 1 1 1 2 2 1 1 1 0 0 0 0 0 0
 12 12 17 22 22 34 73 73 84 84 128 105 105 74 112 112 67 67 71 84 84 33 17 17 10 10 2 13 13 1 2 2 3 3 2 3 3 1 0 0 0 0 1 1 1 1
 12 12 17 22 22 34 73 73 84 84 128 105 105 74 112 112 67 67 71 84 84 33 17 17 10 10 2 13 13 1 2 2 3 3 2 3 3 1 0 0 0 0 1 1 1 1
 17 17 18 19 19 36 27 27 48 48 139 138 138 136 42 42 84 84 59 83 83 60 27 27 11 11 15 5 5 1 1 1 2 2 2 1 1 0 0 0 1 1 2 2 2 1
 19 19 17 16 16 24 26 26 40 40 86 64 64 66 49 49 51 51 98 76 76 64 29 29 21 21 7 14 14 2 2 2 2 2 2 2 2 1 3 3 1 1 1 2 2 2
 19 19 17 16 16 24 26 26 40 40 86 64 64 66 49 49 51 51 98 76 76 64 29 29 21 21 7 14 14 2 2 2 2 2 2 2 2 1 3 3 1 1 1 2 2 2
 15 15 12 24 24 42 40 40 55 55 32 46 46 34 20 20 28 28 25 51 51 33 47 47 7 7 4 1 1 3 4 4 3 3 2 2 2 4 2 2 2 2 2 2 2 4
 15 15 12 24 24 42 40 40 55 55 32 46 46 34 20 20 28 28 25 51 51 33 47 47 7 7 4 1 1 3 4 4 3 3 2 2 2 4 2 2 2 2 2 2 2 4
 8 8 23 26 26 25 25 25 23 23 24 19 19 10 22 22 12 12 15 25 25 25 19 19 7 7 4 5 5 4 3 3 3 3 3 4 4 2 2 2 3 3 3 3 3 2
 7 7 6 13 13 16 18 18 19 19 20 20 20 6 12 12 8 8 18 12 12 20 13 13 9 9 10 13 13 4 3 3 2 2 3 6 6 4 3 3 3 3 4 2 2 2
 7 7 6 13 13 16 18 18 19 19 20 20 20 6 12 12 8 8 18 12 12 20 13 13 9 9 10 13 13 4 3 3 2 2 3 6 6 4 3 3 3 3 4 2 2 2
 4 4 5 9 9 6 6 6 5 5 6 20 20 4 4 4 5 5 11 13 13 19 12 12 8 8 9 4 4 4 4 4 2 2 2 4 4 4 3 3 2 2 1 1 1 1
 4 4 5 6 6 5 1 1 2 2 3 5 5 7 2 2 4 4 10 7 7 11 17 17 5 5 7 5 5 3 3 3 3 3 2 4 4 4 2 2 1 1 1 1 1 1
 4 4 5 6 6 5 1 1 2 2 3 5 5 7 2 2 4 4 10 7 7 11 17 17 5 5 7 5 5 3 3 3 3 3 2 4 4 4 2 2 1 1 1 1 1 1
 5 5 6 5 5 3 1 1 2 2 2 3 3 2 1 1 2 2 1 48 48 14 10 10 16 16 8 5 5 3 2 2 12 12 3 4 4 4 2 2 1 1 1 1 1 0
 5 5 6 5 5 3 1 1 2 2 2 3 3 2 1 1 2 2 1 48 48 14 10 10 16 16 8 5 5 3 2 2 12 12 3 4 4 4 2 2 1 1 1 1 1 0
 5 5 4 5 5 2 1 1 2 2 2 2 2 2 1 1 1 1 2 3 3 6 7 7 13 13 9 4 4 3 10 10 2 2 2 3 3 2 1 1 0 0 0 0 0 0
 6 6 4 3 3 3 2 2 2 2 1 1 1 1 1 1 1 1 3 2 2 4 9 9 29 29 6 3 3 2 3 3 2 2 1 1 1 1 1 1 0 0 0 0 0 0
 6 6 4 3 3 3 2 2 2 2 1 1 1 1 1 1 1 1 3 2 2 4 9 9 29 29 6 3 3 2 3 3 2 2 1 1 1 1 1 1 0 0 0 0 0 0
 2 2 3 5 5 5 4 4 3 3 1 2 2 1 2 2 2 2 3 3 3 4 2 2 9 9 3 3 3 3 4 4 1 1 1 1 1 0 0 0 0 0 0 0 0 0
 1 1 2 6 6 5 3 3 2 2 2 1 1 1 4 4 2 2 4 5 5 1 1 1 2 2 2 2 2 3 10 10 2 2 0 0 0 0 0 0 0 0 0 0 0 0
 1 1 2 6 6 5 3 3 2 2 2 1 1 1 4 4 2 2 4 5 5 1 1 1 2 2 2 2 2 3 10 10 2 2 0 0 0 0 0 0 0 0 0 0 0 0
 2 2 5 4 4 2 3 3 2 2 2 1 1 1 1 1 1 1 2 2 2 2 0 0 2 2 2 1 1 1 1 1 4 4 5 1 1 1 2 2 0 0 0 0 0 0
 2 2 5 4 4 2 3 3 2 2 2 1 1 1 1 1 1 1 2 2 2 2 0 0 2 2 2 1 1 1 1 1 4 4 5 1 1 1 2 2 0 0 0 0 0 0
 3 3 3 1 1 1 0 0 1 1 1 1 1 1 1 1 1 1 0 4 4 3 2 2 3 3 10 10 10 3 3 3 6 6 6 3 3 2 3 3 1 1 0 0 0 0
 1 1 2 1 1 0 1 1 1 1 0 0 0 1 1 1 0 0 0 0 0 0 1 1 2 2 10 10 10 4 2 2 0 0 13 1 1 3 15 15 1 1 0 0 0 0
 1 1 2 1 1 0 1 1 1 1 0 0 0 1 1 1 0 0 0 0 0 0 1 1 2 2 10 10 10 4 2 2 0 0 13 1 1 3 15 15 1 1 0 0 0 0
 0 0 1 1 1 1 0 0 0 0 0 0 0 0 0 0 0 0 0 0 0 0 1 1 3 3 6 5 5 9 1 1 21 21 5 0 0 0 3 3 0 0 0 0 0 0
 0 0 1 0 0 0 0 0 0 0 0 0 0 1 0 0 1 1 0 0 0 0 0 0 0 0 1 9 9 4 5 5 2 2 12 0 0 0 0 0 0 0 0 0 0 0
 0 0 1 0 0 0 0 0 0 0 0 0 0 1 0 0 1 1 0 0 0 0 0 0 0 0 1 9 9 4 5 5 2 2 12 0 0 0 0 0 0 0 0 0 0 0
 0 0 0 0 0 1 0 0 1 1 0 0 0 0 1 1 2 2 0 0 0 0 7 7 2 2 0 1 1 3 3 3 4 4 2 0 0 0 1 1 0 0 0 0 0 0
 0 0 0 0 0 1 0 0 1 1 0 0 0 0 1 1 2 2 0 0 0 0 7 7 2 2 0 1 1 3 3 3 4 4 2 0 0 0 1 1 0 0 0 0 0 0
 0 0 0 0 0 1 0 0 0 0 0 1 1 0 1 1 1 1 2 2 2 4 5 5 1 1 2 0 0 2 14 14 2 2 3 0 0 7 2 2 0 0 0 0 0 0
 0 0 0 1 1 1 1 1 0 0 0 0 0 0 2 2 1 1 2 2 2 3 2 2 4 4 6 2 2 6 5 5 7 7 3 2 2 2 1 1 0 0 0 0 0 0
 0 0 0 1 1 1 1 1 0 0 0 0 0 0 2 2 1 1 2 2 2 3 2 2 4 4 6 2 2 6 5 5 7 7 3 2 2 2 1 1 0 0 0 0 0 0
 1 1 1 1 1 1 0 0 0 0 0 0 0 1 3 3 3 3 3 3 3 4 4 4 8 8 8 12 12 8 6 6 2 2 2 0 0 0 0 0 0 0 0 0 0 0
 1 1 1 1 1 1 0 0 0 0 0 1 1 1 3 3 4 4 3 3 3 11 5 5 8 8 3 12 12 12 3 3 1 1 1 1 1 0 0 0 0 0 0 0 0 0
 1 1 1 1 1 1 0 0 0 0 0 1 1 1 3 3 4 4 3 3 3 11 5 5 8 8 3 12 12 12 3 3 1 1 1 1 1 0 0 0 0 0 0 0 0 0
 1 1 1 1 1 1 0 0 0 0 0 0 0 1 1 1 2 2 6 3 3 6 5 5 5 5 4 8 8 13 4 4 3 3 1 1 1 0 0 0 0 0 0 0 0 0
 1 1 1 1 1 1 0 0 0 0 0 0 0 1 1 1 2 2 6 3 3 6 5 5 5 5 4 8 8 13 4 4 3 3 1 1 1 0 0 0 0 0 0 0 0 0
 1 1 1 1 1 0 0 0 0 0 0 0 0 0 1 1 1 1 2 2 2 1 8 8 9 9 7 4 4 4 3 3 2 2 1 3 3 1 1 1 0 0 1 0 0 0
 1 1 1 1 1 0 0 0 0 0 0 0 0 0 0 0 0 0 0 3 3 0 3 3 14 14 5 21 21 3 8 8 7 7 13 1 1 1 1 1 0 0 1 0 0 0
 1 1 1 1 1 0 0 0 0 0 0 0 0 0 0 0 0 0 0 3 3 0 3 3 14 14 5 21 21 3 8 8 7 7 13 1 1 1 1 1 0 0 1 0 0 0
 1 1 3 2 2 5 7 7 1 1 0 0 0 0 0 0 0 0 2 1 1 1 7 7 4 4 2 12 12 5 6 6 4 4 13 0 0 0 1 1 1 1 1 1 1 0
 0 0 3 1 1 4 7 7 6 6 2 1 1 0 0 0 0 0 7 0 0 0 5 5 0 0 3 0 0 5 9 9 6 6 1 0 0 0 0 0 0 0 0 0 0 0
