assets/RAT_results_old/precipitation/2017-05-30_IMERG.asc
ncols        46
nrows        77
xllcorner    74.800261325624
yllcorner    8.058333333333
cellsize     0.062500000000
NODATA_value -9999
 6 6 4 1 1 1 1 1 2 2 2 2 2 2 0 0 0 0 0 0 0 0 0 0 0 0 0 0 0 0 0 0 0 0 0 0 0 1 1 1 2 2 2 2 2 1
 10 10 14 0 0 2 1 1 2 2 4 2 2 8 1 1 2 2 0 0 0 0 0 0 0 0 0 0 0 0 0 0 0 0 0 0 0 0 1 1 2 2 1 1 1 1
 10 10 14 0 0 2 1 1 2 2 4 2 2 8 1 1 2 2 0 0 0 0 0 0 0 0 0 0 0 0 0 0 0 0 0 0 0 0 1 1 2 2 1 1 1 1
 12 12 0 0 0 6 3 3 2 2 2 9 9 3 13 13 2 2 0 0 0 0 0 0 0 0 1 0 0 0 0 0 0 0 0 1 1 0 0 0 0 0 0 0 0 1
 1 1 0 0 0 0 4 4 2 2 4 10 10 3 2 2 0 0 0 0 0 0 0 0 0 0 1 0 0 0 0 0 0 0 0 0 0 0 0 0 0 0 0 0 0 0
 1 1 0 0 0 0 4 4 2 2 4 10 10 3 2 2 0 0 0 0 0 0 0 0 0 0 1 0 0 0 0 0 0 0 0 0 0 0 0 0 0 0 0 0 0 0
 0 0 0 0 0 6 9 9 2 2 2 10 10 3 3 3 0 0 0 0 0 0 0 0 0 0 0 0 0 0 0 0 0 0 0 0 0 0 0 0 0 0 0 0 0 0
 0 0 0 0 0 6 9 9 2 2 2 10 10 3 3 3 0 0 0 0 0 0 0 0 0 0 0 0 0 0 0 0 0 0 0 0 0 0 0 0 0 0 0 0 0 0
 1 1 1 3 3 7 4 4 9 9 8 2 2 0 1 1 1 1 0 0 0 0 0 0 0 0 0 0 0 0 0 0 0 0 0 0 0 0 0 0 0 0 0 0 0 0
 1 1 1 3 3 6 2 2 2 2 2 0 0 0 2 2 0 0 0 0 0 0 0 0 0 0 0 0 0 0 0 0 0 0 0 0 0 0 0 0 0 0 0 0 0 0
 1 1 1 3 3 6 2 2 2 2 2 0 0 0 2 2 0 0 0 0 0 0 0 0 0 0 0 0 0 0 0 0 0 0 0 0 0 0 0 0 0 0 0 0 0 0
 1 1 2 5 5 7 3 3 4 4 2 11 11 15 3 3 3 3 0 0 0 0 0 0 0 0 0 0 0 0 0 0 0 0 0 0 0 0 0 0 0 0 0 0 0 0
 1 1 1 2 2 2 1 1 2 2 1 1 1 7 2 2 2 2 0 0 0 0 0 0 0 0 0 0 0 0 0 0 0 0 0 0 0 0 0 0 0 0 0 0 0 0
 1 1 1 2 2 2 1 1 2 2 1 1 1 7 2 2 2 2 0 0 0 0 0 0 0 0 0 0 0 0 0 0 0 0 0 0 0 0 0 0 0 0 0 0 0 0
 1 1 1 2 2 14 8 8 3 3 1 0 0 7 13 13 11 11 0 0 0 0 0 0 0 0 0 0 0 0 0 0 0 0 0 0 0 0 0 0 0 0 0 0 0 0
 1 1 1 2 2 14 8 8 3 3 1 0 0 7 13 13 11 11 0 0 0 0 0 0 0 0 0 0 0 0 0 0 0 0 0 0 0 0 0 0 0 0 0 0 0 0
 1 1 1 14 14 14 9 9 3 3 1 0 0 1 2 2 11 11 1 0 0 0 0 0 0 0 0 0 0 0 0 0 0 0 0 0 0 0 0 0 0 0 0 0 0 0
 3 3 1 0 0 0 1 1 2 2 1 0 0 2 1 1 6 6 3 6 6 1 0 0 0 0 0 0 0 0 0 0 0 0 0 0 0 0 0 0 0 0 0 0 0 0
 3 3 1 0 0 0 1 1 2 2 1 0 0 2 1 1 6 6 3 6 6 1 0 0 0 0 0 0 0 0 0 0 0 0 0 0 0 0 0 0 0 0 0 0 0 0
 2 2 1 1 1 0 0 0 1 1 2 4 4 7 6 6 15 15 4 6 6 3 0 0 0 0 1 0 0 0 0 0 0 0 0 0 0 0 0 0 0 0 0 0 0 0
 4 4 3 2 2 2 1 1 2 2 2 1 1 5 15 15 20 20 9 9 9 10 2 2 0 0 1 0 0 0 0 0 0 0 0 0 0 0 0 0 0 0 0 0 0 0
 4 4 3 2 2 2 1 1 2 2 2 1 1 5 15 15 20 20 9 9 9 10 2 2 0 0 1 0 0 0 0 0 0 0 0 0 0 0 0 0 0 0 0 0 0 0
 6 6 8 4 4 3 3 3 3 3 1 1 1 4 12 12 15 15 22 13 13 13 3 3 0 0 0 0 0 0 0 0 0 0 0 0 0 0 0 0 0 0 0 0 0 0
 6 6 8 4 4 3 3 3 3 3 1 1 1 4 12 12 15 15 22 13 13 13 3 3 0 0 0 0 0 0 0 0 0 0 0 0 0 0 0 0 0 0 0 0 0 0
 5 5 5 5 5 9 6 6 5 5 2 2 2 9 25 25 16 16 15 13 13 5 0 0 0 0 0 0 0 1 0 0 0 0 0 0 0 0 0 0 0 0 0 0 0 0
 6 6 7 8 8 6 6 6 3 3 2 3 3 14 27 27 20 20 18 11 11 3 2 2 0 0 0 1 1 0 0 0 0 0 0 0 0 0 0 0 0 0 0 0 0 0
 6 6 7 8 8 6 6 6 3 3 2 3 3 14 27 27 20 20 18 11 11 3 2 2 0 0 0 1 1 0 0 0 0 0 0 0 0 0 0 0 0 0 0 0 0 0
 12 12 10 12 12 10 5 5 4 4 5 7 7 23 8 8 12 12 11 5 5 5 1 1 0 0 0 1 1 0 0 0 0 0 0 0 0 0 0 0 0 0 0 0 0 0
 22 22 26 88 88 16 12 12 12 12 8 4 4 7 4 4 4 4 2 2 2 2 1 1 0 0 2 2 2 2 0 0 0 0 0 0 0 0 0 0 0 0 0 0 0 0
 22 22 26 88 88 16 12 12 12 12 8 4 4 7 4 4 4 4 2 2 2 2 1 1 0 0 2 2 2 2 0 0 0 0 0 0 0 0 0 0 0 0 0 0 0 0
 40 40 36 33 33 25 17 17 11 11 6 4 4 5 4 4 5 5 2 2 2 1 0 0 0 0 0 3 3 1 0 0 0 0 0 0 0 0 0 0 0 0 0 0 0 0
 40 40 36 33 33 25 17 17 11 11 6 4 4 5 4 4 5 5 2 2 2 1 0 0 0 0 0 3 3 1 0 0 0 0 0 0 0 0 0 0 0 0 0 0 0 0
 47 47 45 58 58 34 20 20 11 11 6 4 4 9 9 9 9 9 5 2 2 1 0 0 0 0 2 6 6 2 1 1 0 0 2 0 0 0 0 0 0 0 0 0 0 0
 45 45 59 42 42 40 16 16 14 14 7 9 9 8 9 9 9 9 4 8 8 6 1 1 1 1 2 4 4 2 0 0 1 1 0 0 0 0 0 0 0 0 0 0 0 0
 45 45 59 42 42 40 16 16 14 14 7 9 9 8 9 9 9 9 4 8 8 6 1 1 1 1 2 4 4 2 0 0 1 1 0 0 0 0 0 0 0 0 0 0 0 0
 42 42 42 30 30 25 21 21 27 27 13 10 10 15 15 15 15 15 27 11 11 6 2 2 2 2 3 4 4 0 0 0 0 0 0 0 0 0 0 0 0 0 0 0 0 0
 67 67 42 37 37 29 15 15 21 21 15 12 12 17 24 24 15 15 14 12 12 9 11 11 6 6 3 5 5 3 1 1 0 0 0 0 0 0 0 0 0 0 0 0 0 0
 67 67 42 37 37 29 15 15 21 21 15 12 12 17 24 24 15 15 14 12 12 9 11 11 6 6 3 5 5 3 1 1 0 0 0 0 0 0 0 0 0 0 0 0 0 0
 94 94 92 52 52 42 25 25 17 17 20 52 52 16 22 22 64 64 34 25 25 20 18 18 11 11 8 5 5 6 2 2 0 0 0 0 0 0 0 0 0 0 0 0 0 0
 94 94 92 52 52 42 25 25 17 17 20 52 52 16 22 22 64 64 34 25 25 20 18 18 11 11 8 5 5 6 2 2 0 0 0 0 0 0 0 0 0 0 0 0 0 0
 132 132 105 89 89 48 36 36 24 24 18 16 16 19 14 14 13 13 14 26 26 28 21 21 20 20 12 18 18 10 9 9 3 3 0 0 0 0 0 0 0 0 0 0 0 0
 176 176 106 188 188 57 32 32 27 27 20 18 18 8 17 17 12 12 12 19 19 26 14 14 15 15 14 12 12 8 5 5 4 4 0 1 1 0 0 0 0 0 0 0 0 0
 176 176 106 188 188 57 32 32 27 27 20 18 18 8 17 17 12 12 12 19 19 26 14 14 15 15 14 12 12 8 5 5 4 4 0 1 1 0 0 0 0 0 0 0 0 0
 136 136 113 128 128 107 69 69 63 63 34 24 24 13 8 8 5 5 9 11 11 27 23 23 13 13 20 25 25 12 11 11 6 6 1 0 0 1 0 0 0 0 0 0 0 0
 100 100 127 131 131 87 112 112 96 96 65 29 29 21 2 2 2 2 5 8 8 20 22 22 25 25 17 35 35 22 10 10 9 9 9 3 3 1 0 0 0 0 0 0 0 0
 100 100 127 131 131 87 112 112 96 96 65 29 29 21 2 2 2 2 5 8 8 20 22 22 25 25 17 35 35 22 10 10 9 9 9 3 3 1 0 0 0 0 0 0 0 0
 97 97 127 117 117 93 99 99 57 57 56 41 41 31 14 14 2 2 5 3 3 11 15 15 40 40 20 21 21 28 16 16 15 15 14 5 5 2 0 0 0 0 0 0 0 0
 97 97 127 117 117 93 99 99 57 57 56 41 41 31 14 14 2 2 5 3 3 11 15 15 40 40 20 21 21 28 16 16 15 15 14 5 5 2 0 0 0 0 0 0 0 0
 136 136 118 101 101 149 92 92 79 79 88 37 37 30 2 2 4 4 5 3 3 5 11 11 24 24 16 12 12 15 28 28 20 20 13 12 12 16 0 0 0 0 0 0 0 0
 157 157 111 72 72 86 99 99 75 75 76 55 55 44 18 18 5 5 4 4 4 8 9 9 5 5 5 10 10 18 14 14 7 7 4 3 3 5 0 0 0 0 0 0 0 0
 157 157 111 72 72 86 99 99 75 75 76 55 55 44 18 18 5 5 4 4 4 8 9 9 5 5 5 10 10 18 14 14 7 7 4 3 3 5 0 0 0 0 0 0 0 0
 184 184 170 160 160 168 125 125 108 108 100 72 72 79 16 16 4 4 2 2 2 3 4 4 4 4 5 6 6 9 3 3 4 4 5 3 3 2 1 1 0 0 0 0 0 0
 143 143 174 220 220 223 130 130 111 111 93 65 65 76 21 21 3 3 2 2 2 6 3 3 5 5 10 4 4 3 2 2 1 1 1 1 1 1 1 1 1 1 0 0 0 0
 143 143 174 220 220 223 130 130 111 111 93 65 65 76 21 21 3 3 2 2 2 6 3 3 5 5 10 4 4 3 2 2 1 1 1 1 1 1 1 1 1 1 0 0 0 0
 50 50 138 226 226 240 136 136 109 109 87 82 82 79 41 41 25 25 2 3 3 3 6 6 8 8 5 4 4 3 4 4 2 2 0 0 0 1 0 0 0 0 0 0 0 0
 50 50 138 226 226 240 136 136 109 109 87 82 82 79 41 41 25 25 2 3 3 3 6 6 8 8 5 4 4 3 4 4 2 2 0 0 0 1 0 0 0 0 0 0 0 0
 30 30 55 90 90 154 147 147 93 93 84 79 79 41 49 49 43 43 5 5 5 3 5 5 8 8 9 10 10 6 4 4 2 2 0 0 0 0 0 0 0 0 0 0 0 0
 13 13 24 27 27 59 62 62 78 78 85 84 84 52 50 50 21 21 22 13 13 7 4 4 9 9 11 12 12 9 2 2 1 1 1 0 0 0 0 0 0 0 0 0 0 0
 13 13 24 27 27 59 62 62 78 78 85 84 84 52 50 50 21 21 22 13 13 7 4 4 9 9 11 12 12 9 2 2 1 1 1 0 0 0 0 0 0 0 0 0 0 0
 9 9 15 15 15 52 52 52 51 51 66 76 76 59 59 59 44 44 50 68 68 30 13 13 21 21 15 12 12 4 2 2 1 1 1 1 1 2 1 1 0 0 0 0 0 0
 9 9 13 10 10 29 33 33 52 52 58 65 65 74 61 61 51 51 47 63 63 60 26 26 17 17 26 12 12 7 7 7 2 2 3 5 5 6 2 2 0 0 0 0 0 0
 9 9 13 10 10 29 33 33 52 52 58 65 65 74 61 61 51 51 47 63 63 60 26 26 17 17 26 12 12 7 7 7 2 2 3 5 5 6 2 2 0 0 0 0 0 0
 12 12 14 18 18 40 24 24 26 26 53 55 55 63 86 86 73 73 70 48 48 57 49 49 22 22 24 19 19 16 13 13 4 4 11 14 14 11 3 3 2 2 1 0 0 0
 12 12 14 18 18 40 24 24 26 26 53 55 55 63 86 86 73 73 70 48 48 57 49 49 22 22 24 19 19 16 13 13 4 4 11 14 14 11 3 3 2 2 1 0 0 0
 26 26 21 19 19 32 17 17 68 68 32 35 35 41 84 84 81 81 82 27 27 57 48 48 14 14 17 26 26 35 14 14 11 11 12 12 12 5 3 3 2 2 1 1 1 0
 29 29 15 17 17 50 56 56 67 67 40 32 32 43 44 44 51 51 56 25 25 41 16 16 13 13 15 9 9 7 7 7 6 6 4 3 3 5 4 4 3 3 1 0 0 1
 29 29 15 17 17 50 56 56 67 67 40 32 32 43 44 44 51 51 56 25 25 41 16 16 13 13 15 9 9 7 7 7 6 6 4 3 3 5 4 4 3 3 1 0 0 1
 20 20 13 25 25 49 57 57 57 57 34 31 31 37 38 38 41 41 30 23 23 17 58 58 36 36 19 23 23 50 8 8 7 7 6 3 3 3 3 3 2 2 2 2 2 2
 18 18 19 37 37 87 63 63 56 56 34 33 33 38 26 26 17 17 11 14 14 17 19 19 36 36 24 24 24 40 9 9 11 11 7 7 7 5 4 4 2 2 2 3 3 2
 18 18 19 37 37 87 63 63 56 56 34 33 33 38 26 26 17 17 11 14 14 17 19 19 36 36 24 24 24 40 9 9 11 11 7 7 7 5 4 4 2 2 2 3 3 2
 100 100 67 65 65 21 37 37 31 31 59 35 35 30 20 20 19 19 9 12 12 10 14 14 17 17 21 22 22 19 8 8 3 3 5 7 7 4 4 4 2 2 2 3 3 3
 100 100 67 65 65 21 37 37 31 31 59 35 35 30 20 20 19 19 9 12 12 10 14 14 17 17 21 22 22 19 8 8 3 3 5 7 7 4 4 4 2 2 2 3 3 3
 56 56 116 110 110 33 46 46 57 57 52 38 38 23 23 23 17 17 10 8 8 8 7 7 11 11 16 42 42 10 17 17 7 7 24 5 5 4 5 5 3 3 3 2 2 2
 24 24 52 29 29 48 47 47 44 44 50 45 45 29 26 26 22 22 9 15 15 8 6 6 7 7 9 20 20 10 11 11 10 10 4 3 3 3 5 5 4 4 3 2 2 1
 24 24 52 29 29 48 47 47 44 44 50 45 45 29 26 26 22 22 9 15 15 8 6 6 7 7 9 20 20 10 11 11 10 10 4 3 3 3 5 5 4 4 3 2 2 1
 36 36 42 47 47 51 55 55 38 38 44 43 43 82 26 26 10 10 10 8 8 10 7 7 7 7 6 8 8 5 6 6 8 8 5 6 6 3 5 5 6 6 5 3 3 4
 50 50 61 56 56 62 38 38 58 58 55 44 44 22 24 24 10 10 10 9 9 10 9 9 10 10 8 8 8 4 2 2 3 3 4 4 4 3 4 4 6 6 5 2 2 2
