assets/RAT_results_old/precipitation/2017-09-26_IMERG.asc
ncols        46
nrows        77
xllcorner    74.800261325624
yllcorner    8.058333333333
cellsize     0.062500000000
NODATA_value -9999
 10 10 8 9 9 7 13 13 9 9 4 7 7 8 9 9 8 8 10 14 14 13 14 14 24 24 34 21 21 21 23 23 20 20 24 21 21 37 42 42 36 36 40 48 48 17
 13 13 6 11 11 6 10 10 7 7 9 13 13 10 10 10 11 11 19 12 12 16 25 25 24 24 24 29 29 41 32 32 24 24 26 28 28 28 107 107 32 32 27 37 37 35
 13 13 6 11 11 6 10 10 7 7 9 13 13 10 10 10 11 11 19 12 12 16 25 25 24 24 24 29 29 41 32 32 24 24 26 28 28 28 107 107 32 32 27 37 37 35
 12 12 9 5 5 5 6 6 7 7 11 15 15 13 11 11 11 11 15 16 16 18 21 21 31 31 38 38 38 47 50 50 40 40 26 33 33 42 23 23 63 63 35 52 52 55
 12 12 53 11 11 8 12 12 14 14 15 20 20 14 13 13 19 19 12 17 17 29 35 35 27 27 41 52 52 35 36 36 50 50 38 30 30 30 34 34 49 49 55 70 70 42
 12 12 53 11 11 8 12 12 14 14 15 20 20 14 13 13 19 19 12 17 17 29 35 35 27 27 41 52 52 35 36 36 50 50 38 30 30 30 34 34 49 49 55 70 70 42
 17 17 9 45 45 11 18 18 17 17 20 30 30 28 14 14 12 12 12 16 16 17 19 19 24 24 35 34 34 44 47 47 31 31 32 21 21 26 31 31 37 37 43 82 82 82
 17 17 9 45 45 11 18 18 17 17 20 30 30 28 14 14 12 12 12 16 16 17 19 19 24 24 35 34 34 44 47 47 31 31 32 21 21 26 31 31 37 37 43 82 82 82
 6 6 7 22 22 12 7 7 11 11 11 37 37 26 37 37 11 11 8 14 14 14 23 23 22 22 24 32 32 36 29 29 44 44 32 52 52 26 31 31 51 51 142 58 58 61
 6 6 5 12 12 15 10 10 11 11 15 33 33 23 18 18 20 20 10 9 9 15 11 11 15 15 18 29 29 33 39 39 42 42 54 33 33 41 34 34 39 39 72 33 33 62
 6 6 5 12 12 15 10 10 11 11 15 33 33 23 18 18 20 20 10 9 9 15 11 11 15 15 18 29 29 33 39 39 42 42 54 33 33 41 34 34 39 39 72 33 33 62
 8 8 6 6 6 11 10 10 9 9 14 21 21 23 22 22 14 14 7 6 6 7 12 12 7 7 15 16 16 33 28 28 36 36 30 36 36 28 32 32 29 29 40 37 37 49
 7 7 3 5 5 8 8 8 8 8 7 15 15 18 19 19 16 16 11 8 8 6 7 7 7 7 19 75 75 12 18 18 22 22 22 58 58 20 20 20 35 35 27 42 42 44
 7 7 3 5 5 8 8 8 8 8 7 15 15 18 19 19 16 16 11 8 8 6 7 7 7 7 19 75 75 12 18 18 22 22 22 58 58 20 20 20 35 35 27 42 42 44
 8 8 6 8 8 5 9 9 13 13 11 10 10 30 43 43 19 19 7 8 8 7 10 10 9 9 11 23 23 22 10 10 9 9 21 16 16 9 23 23 25 25 26 65 65 52
 8 8 6 8 8 5 9 9 13 13 11 10 10 30 43 43 19 19 7 8 8 7 10 10 9 9 11 23 23 22 10 10 9 9 21 16 16 9 23 23 25 25 26 65 65 52
 21 21 31 13 13 7 9 9 11 11 8 9 9 9 33 33 18 18 13 12 12 5 7 7 8 8 9 12 12 9 8 8 9 9 17 15 15 11 37 37 35 35 53 61 61 47
 14 14 17 10 10 10 11 11 7 7 13 12 12 8 7 7 10 10 9 5 5 6 4 4 5 5 12 8 8 11 7 7 8 8 19 8 8 38 50 50 40 40 10 19 19 39
 14 14 17 10 10 10 11 11 7 7 13 12 12 8 7 7 10 10 9 5 5 6 4 4 5 5 12 8 8 11 7 7 8 8 19 8 8 38 50 50 40 40 10 19 19 39
 14 14 16 12 12 10 9 9 6 6 10 9 9 7 6 6 5 5 12 9 9 6 5 5 6 6 8 6 6 9 8 8 16 16 18 25 25 14 45 45 45 45 39 15 15 16
 16 16 9 8 8 20 9 9 4 4 7 9 9 5 3 3 8 8 10 6 6 5 6 6 6 6 10 8 8 6 5 5 7 7 8 15 15 11 23 23 10 10 9 13 13 14
 16 16 9 8 8 20 9 9 4 4 7 9 9 5 3 3 8 8 10 6 6 5 6 6 6 6 10 8 8 6 5 5 7 7 8 15 15 11 23 23 10 10 9 13 13 14
 19 19 10 11 11 18 19 19 7 7 5 7 7 9 3 3 6 6 6 4 4 5 8 8 9 9 8 10 10 7 6 6 7 7 5 6 6 5 6 6 7 7 8 11 11 10
 19 19 10 11 11 18 19 19 7 7 5 7 7 9 3 3 6 6 6 4 4 5 8 8 9 9 8 10 10 7 6 6 7 7 5 6 6 5 6 6 7 7 8 11 11 10
 12 12 10 8 8 6 8 8 6 6 3 6 6 5 3 3 4 4 5 2 2 4 6 6 3 3 4 7 7 8 7 7 4 4 4 3 3 4 4 4 3 3 15 8 8 10
 16 16 8 11 11 17 14 14 2 2 3 4 4 4 4 4 2 2 11 1 1 3 3 3 3 3 2 6 6 9 8 8 4 4 3 3 3 6 7 7 7 7 8 6 6 6
 16 16 8 11 11 17 14 14 2 2 3 4 4 4 4 4 2 2 11 1 1 3 3 3 3 3 2 6 6 9 8 8 4 4 3 3 3 6 7 7 7 7 8 6 6 6
 11 11 9 30 30 11 6 6 2 2 1 6 6 13 4 4 5 5 1 2 2 3 15 15 2 2 2 8 8 8 7 7 2 2 2 3 3 7 7 7 7 7 4 4 4 28
 7 7 6 6 6 6 4 4 4 4 9 10 10 25 17 17 10 10 5 3 3 10 15 15 28 28 5 8 8 3 3 3 2 2 2 2 2 6 7 7 7 7 4 7 7 4
 7 7 6 6 6 6 4 4 4 4 9 10 10 25 17 17 10 10 5 3 3 10 15 15 28 28 5 8 8 3 3 3 2 2 2 2 2 6 7 7 7 7 4 7 7 4
 11 11 5 4 4 5 6 6 11 11 7 11 11 14 12 12 14 14 6 2 2 13 15 15 15 15 2 2 2 2 2 2 2 2 2 2 2 2 3 3 4 4 4 4 4 3
 11 11 5 4 4 5 6 6 11 11 7 11 11 14 12 12 14 14 6 2 2 13 15 15 15 15 2 2 2 2 2 2 2 2 2 2 2 2 3 3 4 4 4 4 4 3
 2 2 3 2 2 16 5 5 6 6 57 48 48 17 20 20 24 24 14 7 7 2 5 5 2 2 1 1 1 1 2 2 3 3 3 3 3 3 3 3 3 3 5 4 4 4
 2 2 3 1 1 2 3 3 4 4 1 17 17 6 3 3 4 4 14 4 4 1 1 1 6 6 1 1 1 1 2 2 3 3 3 4 4 3 3 3 3 3 3 4 4 3
 2 2 3 1 1 2 3 3 4 4 1 17 17 6 3 3 4 4 14 4 4 1 1 1 6 6 1 1 1 1 2 2 3 3 3 4 4 3 3 3 3 3 3 4 4 3
 2 2 1 2 2 2 3 3 5 5 5 2 2 7 4 4 5 5 5 5 5 2 1 1 2 2 0 1 1 1 1 1 2 2 2 3 3 2 2 2 2 2 2 3 3 2
 2 2 2 8 8 1 2 2 6 6 9 3 3 2 4 4 5 5 4 5 5 2 1 1 0 0 1 0 0 1 1 1 1 1 1 2 2 3 2 2 7 7 3 5 5 4
 2 2 2 8 8 1 2 2 6 6 9 3 3 2 4 4 5 5 4 5 5 2 1 1 0 0 1 0 0 1 1 1 1 1 1 2 2 3 2 2 7 7 3 5 5 4
 4 4 3 3 3 6 2 2 3 3 2 1 1 1 1 1 2 2 2 2 2 2 1 1 3 3 7 3 3 3 1 1 14 14 5 2 2 3 3 3 6 6 6 4 4 4
 4 4 3 3 3 6 2 2 3 3 2 1 1 1 1 1 2 2 2 2 2 2 1 1 3 3 7 3 3 3 1 1 14 14 5 2 2 3 3 3 6 6 6 4 4 4
 17 17 3 3 3 2 3 3 3 3 1 2 2 2 1 1 3 3 3 4 4 8 3 3 1 1 16 7 7 13 4 4 14 14 2 2 2 2 4 4 3 3 2 1 1 1
 6 6 16 3 3 3 7 7 11 11 1 2 2 0 6 6 2 2 2 7 7 5 3 3 4 4 7 30 30 13 19 19 4 4 3 5 5 3 2 2 2 2 2 2 2 3
 6 6 16 3 3 3 7 7 11 11 1 2 2 0 6 6 2 2 2 7 7 5 3 3 4 4 7 30 30 13 19 19 4 4 3 5 5 3 2 2 2 2 2 2 2 3
 4 4 1 1 1 2 3 3 7 7 2 1 1 2 57 57 4 4 3 8 8 4 4 4 16 16 36 17 17 7 19 19 4 4 6 3 3 4 12 12 4 4 4 4 4 3
 4 4 2 2 2 3 3 3 2 2 2 1 1 1 15 15 6 6 1 6 6 5 6 6 16 16 7 8 8 6 19 19 8 8 7 4 4 5 5 5 4 4 5 6 6 4
 4 4 2 2 2 3 3 3 2 2 2 1 1 1 15 15 6 6 1 6 6 5 6 6 16 16 7 8 8 6 19 19 8 8 7 4 4 5 5 5 4 4 5 6 6 4
 3 3 2 2 2 2 2 2 1 1 4 6 6 4 4 4 9 9 4 4 4 8 12 12 18 18 8 6 6 3 13 13 18 18 6 7 7 5 5 5 5 5 5 6 6 4
 3 3 2 2 2 2 2 2 1 1 4 6 6 4 4 4 9 9 4 4 4 8 12 12 18 18 8 6 6 3 13 13 18 18 6 7 7 5 5 5 5 5 5 6 6 4
 4 4 4 3 3 1 1 1 1 1 2 4 4 4 2 2 8 8 8 1 1 12 21 21 22 22 12 4 4 4 4 4 7 7 7 6 6 6 4 4 4 4 4 4 4 3
 2 2 4 1 1 2 4 4 11 11 2 2 2 2 1 1 36 36 17 4 4 8 35 35 23 23 5 4 4 4 4 4 4 4 6 6 6 5 3 3 3 3 3 3 3 3
 2 2 4 1 1 2 4 4 11 11 2 2 2 2 1 1 36 36 17 4 4 8 35 35 23 23 5 4 4 4 4 4 4 4 6 6 6 5 3 3 3 3 3 3 3 3
 1 1 4 1 1 1 3 3 2 2 4 3 3 3 3 3 6 6 4 5 5 3 2 2 7 7 5 4 4 3 6 6 5 5 4 4 4 4 2 2 2 2 2 1 1 1
 1 1 2 1 1 1 2 2 3 3 3 4 4 6 5 5 3 3 3 2 2 8 2 2 5 5 3 2 2 2 2 2 1 1 1 1 1 1 2 2 1 1 1 1 1 1
 1 1 2 1 1 1 2 2 3 3 3 4 4 6 5 5 3 3 3 2 2 8 2 2 5 5 3 2 2 2 2 2 1 1 1 1 1 1 2 2 1 1 1 1 1 1
 1 1 1 4 4 1 2 2 2 2 8 3 3 2 4 4 4 4 6 2 2 8 2 2 3 3 2 1 1 1 1 1 0 0 0 0 0 1 0 0 2 2 1 1 1 1
 1 1 1 4 4 1 2 2 2 2 8 3 3 2 4 4 4 4 6 2 2 8 2 2 3 3 2 1 1 1 1 1 0 0 0 0 0 1 0 0 2 2 1 1 1 1
 1 1 2 3 3 2 1 1 1 1 1 3 3 2 2 2 5 5 19 5 5 2 1 1 2 2 1 1 1 2 1 1 1 1 1 0 0 1 1 1 1 1 1 0 0 0
 2 2 2 1 1 2 1 1 1 1 1 0 0 2 2 2 15 15 7 3 3 2 2 2 1 1 2 2 2 4 1 1 1 1 2 1 1 2 1 1 1 1 0 0 0 1
 2 2 2 1 1 2 1 1 1 1 1 0 0 2 2 2 15 15 7 3 3 2 2 2 1 1 2 2 2 4 1 1 1 1 2 1 1 2 1 1 1 1 0 0 0 1
 4 4 5 3 3 2 2 2 1 1 1 1 1 2 4 4 6 6 5 10 10 3 1 1 5 5 11 3 3 2 2 2 3 3 4 2 2 6 1 1 1 1 1 1 1 2
 3 3 6 2 2 4 3 3 1 1 1 0 0 0 1 1 2 2 4 4 4 15 4 4 10 10 3 14 14 3 1 1 1 1 2 8 8 0 0 0 1 1 1 1 1 1
 3 3 6 2 2 4 3 3 1 1 1 0 0 0 1 1 2 2 4 4 4 15 4 4 10 10 3 14 14 3 1 1 1 1 2 8 8 0 0 0 1 1 1 1 1 1
 2 2 4 1 1 2 3 3 2 2 1 0 0 0 1 1 1 1 1 2 2 5 4 4 2 2 2 4 4 1 1 1 8 8 4 1 1 0 1 1 1 1 0 0 0 0
 2 2 4 1 1 2 3 3 2 2 1 0 0 0 1 1 1 1 1 2 2 5 4 4 2 2 2 4 4 1 1 1 8 8 4 1 1 0 1 1 1 1 0 0 0 0
 1 1 2 1 1 0 2 2 0 0 1 0 0 0 0 0 1 1 2 1 1 4 8 8 4 4 1 1 1 2 3 3 5 5 1 2 2 1 0 0 0 0 0 0 0 0
 0 0 1 0 0 1 1 1 2 2 1 1 1 0 1 1 2 2 2 1 1 0 1 1 3 3 2 10 10 2 2 2 1 1 2 1 1 2 1 1 0 0 1 0 0 0
 0 0 1 0 0 1 1 1 2 2 1 1 1 0 1 1 2 2 2 1 1 0 1 1 3 3 2 10 10 2 2 2 1 1 2 1 1 2 1 1 0 0 1 0 0 0
 0 0 0 0 0 0 0 0 1 1 2 1 1 1 1 1 3 3 1 1 1 1 1 1 2 2 2 3 3 3 4 4 2 2 2 1 1 1 1 1 1 1 0 0 0 0
 0 0 0 0 0 0 0 0 0 0 1 1 1 1 1 1 2 2 2 2 2 2 7 7 3 3 4 2 2 4 1 1 4 4 7 1 1 5 1 1 1 1 1 1 1 0
 0 0 0 0 0 0 0 0 0 0 1 1 1 1 1 1 2 2 2 2 2 2 7 7 3 3 4 2 2 4 1 1 4 4 7 1 1 5 1 1 1 1 1 1 1 0
 0 0 0 0 0 0 0 0 0 0 1 1 1 1 2 2 3 3 3 2 2 2 1 1 2 2 7 3 3 2 1 1 1 1 12 3 3 2 2 2 1 1 2 2 2 1
 0 0 0 0 0 0 0 0 0 0 1 1 1 1 2 2 3 3 3 2 2 2 1 1 2 2 7 3 3 2 1 1 1 1 12 3 3 2 2 2 1 1 2 2 2 1
 0 0 0 0 0 1 2 2 1 1 1 1 1 1 3 3 2 2 1 1 1 1 2 2 1 1 2 0 0 0 2 2 2 2 6 4 4 3 5 5 4 4 3 2 2 1
 0 0 0 1 1 1 1 1 1 1 2 2 2 1 2 2 1 1 7 1 1 1 3 3 1 1 1 0 0 0 0 0 4 4 2 2 2 2 3 3 2 2 1 1 1 0
 0 0 0 1 1 1 1 1 1 1 2 2 2 1 2 2 1 1 7 1 1 1 3 3 1 1 1 0 0 0 0 0 4 4 2 2 2 2 3 3 2 2 1 1 1 0
 0 0 2 2 2 0 0 0 0 0 2 0 0 0 0 0 0 0 0 2 2 2 10 10 3 3 2 0 0 0 0 0 3 3 2 3 3 1 2 2 2 2 0 0 0 0
 0 0 0 1 1 0 0 0 0 0 1 1 1 0 0 0 2 2 0 3 3 2 1 1 1 1 0 0 0 1 0 0 0 0 1 0 0 1 1 1 1 1 1 0 0 0
