assets/RAT_results_old/precipitation/2017-05-14_IMERG.asc
ncols        46
nrows        77
xllcorner    74.800261325624
yllcorner    8.058333333333
cellsize     0.062500000000
NODATA_value -9999
 1 1 1 1 1 2 2 2 3 3 5 7 7 43 28 28 20 20 34 19 19 50 49 49 28 28 24 23 23 23 21 21 24 24 24 21 21 11 9 9 5 5 4 4 4 5
 1 1 1 1 1 1 1 1 3 3 5 6 6 6 17 17 22 22 32 12 12 34 27 27 42 42 26 21 21 14 13 13 13 13 15 11 11 10 9 9 8 8 4 3 3 4
 1 1 1 1 1 1 1 1 3 3 5 6 6 6 17 17 22 22 32 12 12 34 27 27 42 42 26 21 21 14 13 13 13 13 15 11 11 10 9 9 8 8 4 3 3 4
 0 0 0 0 0 0 1 1 3 3 4 7 7 7 7 7 6 6 13 11 11 11 17 17 11 11 14 15 15 10 9 9 10 10 11 9 9 8 10 10 13 13 7 5 5 5
 0 0 1 1 1 0 1 1 1 1 2 3 3 5 4 4 4 4 6 8 8 7 5 5 9 9 9 10 10 8 7 7 8 8 8 9 9 13 15 15 20 20 9 6 6 5
 0 0 1 1 1 0 1 1 1 1 2 3 3 5 4 4 4 4 6 8 8 7 5 5 9 9 9 10 10 8 7 7 8 8 8 9 9 13 15 15 20 20 9 6 6 5
 0 0 0 1 1 1 1 1 1 1 6 12 12 9 2 2 4 4 4 3 3 4 5 5 8 8 12 14 14 9 11 11 7 7 7 7 7 7 15 15 20 20 8 5 5 5
 0 0 0 1 1 1 1 1 1 1 6 12 12 9 2 2 4 4 4 3 3 4 5 5 8 8 12 14 14 9 11 11 7 7 7 7 7 7 15 15 20 20 8 5 5 5
 0 0 0 1 1 1 1 1 0 0 5 1 1 1 0 0 1 1 1 2 2 3 5 5 9 9 9 24 24 10 19 19 9 9 9 53 53 30 30 30 20 20 8 4 4 7
 0 0 0 1 1 0 0 0 0 0 0 1 1 1 1 1 3 3 2 3 3 3 5 5 11 11 25 26 26 15 27 27 14 14 14 54 54 31 31 31 34 34 27 4 4 7
 0 0 0 1 1 0 0 0 0 0 0 1 1 1 1 1 3 3 2 3 3 3 5 5 11 11 25 26 26 15 27 27 14 14 14 54 54 31 31 31 34 34 27 4 4 7
 0 0 0 0 0 0 1 1 0 0 1 1 1 1 1 1 3 3 4 5 5 6 7 7 10 10 9 27 27 20 29 29 15 15 34 64 64 63 49 49 30 30 25 5 5 8
 0 0 0 0 0 0 1 1 1 1 1 4 4 3 6 6 8 8 8 9 9 5 8 8 9 9 9 23 23 22 28 28 24 24 38 69 69 64 39 39 14 14 10 5 5 4
 0 0 0 0 0 0 1 1 1 1 1 4 4 3 6 6 8 8 8 9 9 5 8 8 9 9 9 23 23 22 28 28 24 24 38 69 69 64 39 39 14 14 10 5 5 4
 0 0 0 0 0 0 2 2 2 2 2 3 3 4 7 7 8 8 8 8 8 9 9 9 9 9 10 19 19 20 21 21 26 26 29 31 31 60 37 37 8 8 4 3 3 4
 0 0 0 0 0 0 2 2 2 2 2 3 3 4 7 7 8 8 8 8 8 9 9 9 9 9 10 19 19 20 21 21 26 26 29 31 31 60 37 37 8 8 4 3 3 4
 0 0 0 0 0 1 2 2 2 2 2 2 2 3 5 5 6 6 6 9 9 9 7 7 8 8 8 14 14 16 17 17 22 22 27 21 21 21 9 9 6 6 3 3 3 3
 0 0 0 0 0 0 0 0 1 1 5 6 6 7 11 11 8 8 8 9 9 9 7 7 7 7 7 10 10 11 11 11 15 15 11 21 21 22 8 8 8 8 18 17 17 4
 0 0 0 0 0 0 0 0 1 1 5 6 6 7 11 11 8 8 8 9 9 9 7 7 7 7 7 10 10 11 11 11 15 15 11 21 21 22 8 8 8 8 18 17 17 4
 0 0 0 0 0 0 0 0 0 0 1 6 6 7 6 6 8 8 8 8 8 8 6 6 6 6 6 7 7 7 9 9 12 12 10 16 16 7 12 12 17 17 22 19 19 8
 0 0 0 0 0 0 0 0 0 0 1 1 1 5 6 6 7 7 9 7 7 5 5 5 5 5 5 7 7 7 8 8 11 11 9 13 13 6 14 14 26 26 13 11 11 9
 0 0 0 0 0 0 0 0 0 0 1 1 1 5 6 6 7 7 9 7 7 5 5 5 5 5 5 7 7 7 8 8 11 11 9 13 13 6 14 14 26 26 13 11 11 9
 0 0 0 0 0 0 0 0 0 0 1 1 1 3 4 4 7 7 23 27 27 7 4 4 4 4 4 6 6 6 11 11 15 15 11 20 20 8 13 13 31 31 19 13 13 11
 0 0 0 0 0 0 0 0 0 0 1 1 1 3 4 4 7 7 23 27 27 7 4 4 4 4 4 6 6 6 11 11 15 15 11 20 20 8 13 13 31 31 19 13 13 11
 0 0 1 0 0 0 0 0 0 0 0 0 0 2 4 4 3 3 2 3 3 26 3 3 3 3 3 6 6 6 11 11 10 10 10 11 11 10 13 13 30 30 20 15 15 16
 0 0 0 0 0 1 1 1 0 0 0 0 0 0 1 1 1 1 1 10 10 3 4 4 5 5 4 4 4 6 10 10 10 10 11 14 14 15 11 11 24 24 18 14 14 23
 0 0 0 0 0 1 1 1 0 0 0 0 0 0 1 1 1 1 1 10 10 3 4 4 5 5 4 4 4 6 10 10 10 10 11 14 14 15 11 11 24 24 18 14 14 23
 0 0 0 0 0 1 0 0 0 0 0 0 0 0 0 0 1 1 0 2 2 2 7 7 3 3 3 4 4 5 6 6 8 8 11 14 14 14 9 9 15 15 13 11 11 28
 0 0 0 0 0 1 1 1 1 1 1 0 0 0 0 0 0 0 1 0 0 1 3 3 2 2 2 4 4 5 6 6 7 7 8 12 12 12 9 9 9 9 9 11 11 25
 0 0 0 0 0 1 1 1 1 1 1 0 0 0 0 0 0 0 1 0 0 1 3 3 2 2 2 4 4 5 6 6 7 7 8 12 12 12 9 9 9 9 9 11 11 25
 0 0 0 0 0 0 0 0 0 0 0 0 0 0 1 1 0 0 1 1 1 2 4 4 3 3 3 3 3 3 5 5 6 6 8 10 10 9 9 9 9 9 8 8 8 16
 0 0 0 0 0 0 0 0 0 0 0 0 0 0 1 1 0 0 1 1 1 2 4 4 3 3 3 3 3 3 5 5 6 6 8 10 10 9 9 9 9 9 8 8 8 16
 0 0 0 0 0 0 0 0 0 0 0 0 0 0 0 0 1 1 1 1 1 2 4 4 4 4 3 2 2 2 4 4 5 5 7 9 9 8 8 8 10 10 10 5 5 6
 0 0 0 0 0 0 0 0 0 0 0 0 0 0 0 0 0 0 0 1 1 2 3 3 3 3 3 2 2 1 5 5 5 5 10 11 11 9 9 9 6 6 8 2 2 1
 0 0 0 0 0 0 0 0 0 0 0 0 0 0 0 0 0 0 0 1 1 2 3 3 3 3 3 2 2 1 5 5 5 5 10 11 11 9 9 9 6 6 8 2 2 1
 0 0 0 0 0 0 0 0 0 0 0 0 0 0 0 0 0 0 0 0 0 1 2 2 2 2 1 1 1 0 0 0 0 0 2 10 10 7 7 7 4 4 1 0 0 0
 0 0 0 0 0 0 0 0 0 0 0 0 0 0 0 0 0 0 0 0 0 0 0 0 1 1 1 0 0 0 0 0 1 1 1 2 2 3 3 3 2 2 0 0 0 0
 0 0 0 0 0 0 0 0 0 0 0 0 0 0 0 0 0 0 0 0 0 0 0 0 1 1 1 0 0 0 0 0 1 1 1 2 2 3 3 3 2 2 0 0 0 0
 0 0 0 0 0 0 0 0 0 0 0 0 0 0 0 0 0 0 0 0 0 0 0 0 0 0 1 1 1 0 0 0 0 0 0 2 2 2 0 0 2 2 0 0 0 0
 0 0 0 0 0 0 0 0 0 0 0 0 0 0 0 0 0 0 0 0 0 0 0 0 0 0 1 1 1 0 0 0 0 0 0 2 2 2 0 0 2 2 0 0 0 0
 0 0 0 0 0 0 0 0 0 0 0 0 0 0 0 0 0 0 0 0 0 0 0 0 0 0 0 1 1 0 0 0 0 0 0 2 2 2 0 0 0 0 0 2 2 2
 0 0 0 0 0 0 0 0 0 0 0 0 0 0 0 0 0 0 0 0 0 0 0 0 0 0 0 0 0 0 0 0 0 0 0 0 0 0 0 0 0 0 2 2 2 2
 0 0 0 0 0 0 0 0 0 0 0 0 0 0 0 0 0 0 0 0 0 0 0 0 0 0 0 0 0 0 0 0 0 0 0 0 0 0 0 0 0 0 2 2 2 2
 0 0 1 0 0 0 0 0 0 0 0 0 0 0 0 0 0 0 0 0 0 0 0 0 0 0 0 0 0 0 0 0 1 1 1 2 2 2 1 1 1 1 5 3 3 5
 0 0 0 1 1 0 0 0 0 0 1 1 1 1 1 1 0 0 0 0 0 0 0 0 0 0 0 0 0 0 0 0 0 0 1 1 1 3 0 0 0 0 3 3 3 5
 0 0 0 1 1 0 0 0 0 0 1 1 1 1 1 1 0 0 0 0 0 0 0 0 0 0 0 0 0 0 0 0 0 0 1 1 1 3 0 0 0 0 3 3 3 5
 0 0 0 0 0 2 1 1 1 1 3 3 3 3 0 0 0 0 0 0 0 0 0 0 0 0 0 0 0 0 0 0 0 0 0 0 0 0 0 0 0 0 0 0 0 0
 0 0 0 0 0 2 1 1 1 1 3 3 3 3 0 0 0 0 0 0 0 0 0 0 0 0 0 0 0 0 0 0 0 0 0 0 0 0 0 0 0 0 0 0 0 0
 0 0 0 0 0 1 1 1 2 2 5 9 9 9 1 1 1 1 0 0 0 0 0 0 0 0 0 0 0 0 0 0 0 0 0 0 0 1 0 0 0 0 0 0 0 0
 0 0 1 1 1 1 2 2 6 6 7 12 12 12 12 12 13 13 12 6 6 6 0 0 1 1 0 0 0 0 0 0 0 0 0 0 0 0 0 0 0 0 0 0 0 0
 0 0 1 1 1 1 2 2 6 6 7 12 12 12 12 12 13 13 12 6 6 6 0 0 1 1 0 0 0 0 0 0 0 0 0 0 0 0 0 0 0 0 0 0 0 0
 1 1 1 1 1 2 3 3 7 7 7 17 17 16 17 17 13 13 17 7 7 6 1 1 1 1 0 0 0 0 0 0 0 0 0 0 0 0 0 0 0 0 0 0 0 0
 1 1 1 1 1 2 3 3 6 6 7 13 13 18 21 21 13 13 19 19 19 13 8 8 13 13 0 0 0 0 0 0 0 0 0 0 0 0 0 0 0 0 0 0 0 0
 1 1 1 1 1 2 3 3 6 6 7 13 13 18 21 21 13 13 19 19 19 13 8 8 13 13 0 0 0 0 0 0 0 0 0 0 0 0 0 0 0 0 0 0 0 0
 1 1 1 1 1 2 2 2 6 6 6 19 19 11 24 24 22 22 32 29 29 26 14 14 14 14 1 1 1 0 0 0 0 0 1 0 0 0 0 0 0 0 0 0 0 1
 1 1 1 1 1 2 2 2 6 6 6 19 19 11 24 24 22 22 32 29 29 26 14 14 14 14 1 1 1 0 0 0 0 0 1 0 0 0 0 0 0 0 0 0 0 1
 1 1 1 1 1 2 4 4 5 5 6 18 18 18 30 30 27 27 35 37 37 15 15 15 17 17 9 9 9 1 1 1 0 0 2 0 0 0 0 0 0 0 0 1 1 5
 1 1 1 7 7 1 4 4 4 4 8 18 18 17 25 25 29 29 26 28 28 23 22 22 11 11 13 12 12 1 1 1 1 1 2 0 0 3 3 3 1 1 0 0 0 3
 1 1 1 7 7 1 4 4 4 4 8 18 18 17 25 25 29 29 26 28 28 23 22 22 11 11 13 12 12 1 1 1 1 1 2 0 0 3 3 3 1 1 0 0 0 3
 31 31 30 19 19 1 2 2 3 3 6 14 14 17 17 17 21 21 27 27 27 27 24 24 14 14 13 9 9 5 5 5 1 1 3 1 1 0 2 2 2 2 0 0 0 1
 17 17 19 24 24 1 1 1 3 3 8 9 9 18 27 27 27 27 53 27 27 58 24 24 22 22 11 6 6 5 1 1 1 1 1 1 1 1 0 0 0 0 0 0 0 0
 17 17 19 24 24 1 1 1 3 3 8 9 9 18 27 27 27 27 53 27 27 58 24 24 22 22 11 6 6 5 1 1 1 1 1 1 1 1 0 0 0 0 0 0 0 0
 14 14 12 23 23 0 1 1 2 2 5 12 12 13 17 17 28 28 42 41 41 47 18 18 20 20 17 14 14 14 5 5 2 2 2 2 2 2 1 1 1 1 0 0 0 0
 14 14 12 23 23 0 1 1 2 2 5 12 12 13 17 17 28 28 42 41 41 47 18 18 20 20 17 14 14 14 5 5 2 2 2 2 2 2 1 1 1 1 0 0 0 0
 4 4 4 1 1 1 2 2 5 5 6 14 14 13 17 17 15 15 22 34 34 32 45 45 11 11 11 16 16 16 6 6 2 2 1 4 4 3 2 2 2 2 1 1 1 0
 7 7 9 10 10 9 7 7 12 12 13 5 5 6 7 7 11 11 11 31 31 34 48 48 31 31 28 47 47 31 23 23 4 4 7 5 5 2 2 2 3 3 3 3 3 1
 7 7 9 10 10 9 7 7 12 12 13 5 5 6 7 7 11 11 11 31 31 34 48 48 31 31 28 47 47 31 23 23 4 4 7 5 5 2 2 2 3 3 3 3 3 1
 12 12 15 11 11 15 10 10 13 13 12 3 3 7 7 7 11 11 11 10 10 14 15 15 18 18 30 17 17 23 28 28 13 13 12 6 6 1 1 1 2 2 3 3 3 1
 15 15 19 10 10 11 9 9 10 10 10 16 16 16 6 6 4 4 5 3 3 5 13 13 17 17 20 19 19 26 25 25 16 16 21 2 2 1 3 3 1 1 2 2 2 1
 15 15 19 10 10 11 9 9 10 10 10 16 16 16 6 6 4 4 5 3 3 5 13 13 17 17 20 19 19 26 25 25 16 16 21 2 2 1 3 3 1 1 2 2 2 1
 43 43 43 13 13 15 15 15 17 17 14 17 17 23 4 4 4 4 4 4 4 5 6 6 10 10 7 8 8 13 23 23 22 22 27 23 23 8 0 0 3 3 1 1 1 0
 43 43 43 13 13 15 15 15 17 17 14 17 17 23 4 4 4 4 4 4 4 5 6 6 10 10 7 8 8 13 23 23 22 22 27 23 23 8 0 0 3 3 1 1 1 0
 20 20 17 17 17 19 31 31 33 33 31 15 15 14 6 6 5 5 4 4 4 4 2 2 4 4 2 2 2 12 13 13 20 20 7 13 13 0 0 0 1 1 0 0 0 0
 20 20 13 14 14 17 33 33 35 35 28 14 14 18 8 8 7 7 6 10 10 11 1 1 1 1 2 1 1 6 11 11 4 4 2 13 13 1 1 1 0 0 0 0 0 0
 20 20 13 14 14 17 33 33 35 35 28 14 14 18 8 8 7 7 6 10 10 11 1 1 1 1 2 1 1 6 11 11 4 4 2 13 13 1 1 1 0 0 0 0 0 0
 13 13 6 7 7 10 14 14 15 15 11 13 13 31 29 29 23 23 9 10 10 9 2 2 1 1 1 0 0 1 1 1 1 1 0 0 0 0 1 1 1 1 0 0 0 0
 2 2 2 2 2 2 3 3 7 7 10 11 11 17 45 45 48 48 17 3 3 10 3 3 4 4 2 1 1 1 0 0 0 0 0 0 0 0 1 1 0 0 1 0 0 0
