assets/RAT_results_old/precipitation/2017-09-03_IMERG.asc
ncols        46
nrows        77
xllcorner    74.800261325624
yllcorner    8.058333333333
cellsize     0.062500000000
NODATA_value -9999
 3 3 3 2 2 1 1 1 1 1 5 6 6 6 4 4 3 3 3 2 2 2 2 2 1 1 2 4 4 3 3 3 4 4 2 2 2 2 6 6 6 6 15 22 22 16
 5 5 4 2 2 2 1 1 0 0 0 5 5 5 4 4 3 3 4 3 3 1 1 1 1 1 1 3 3 3 6 6 4 4 4 4 4 2 4 4 8 8 10 14 14 18
 5 5 4 2 2 2 1 1 0 0 0 5 5 5 4 4 3 3 4 3 3 1 1 1 1 1 1 3 3 3 6 6 4 4 4 4 4 2 4 4 8 8 10 14 14 18
 3 3 4 8 8 3 1 1 3 3 2 2 2 1 2 2 2 2 3 2 2 3 1 1 2 2 1 3 3 3 1 1 3 3 5 2 2 1 3 3 7 7 5 4 4 8
 1 1 4 2 2 3 1 1 6 6 1 1 1 2 2 2 2 2 2 4 4 2 3 3 2 2 3 4 4 4 3 3 1 1 3 1 1 1 2 2 3 3 2 1 1 1
 1 1 4 2 2 3 1 1 6 6 1 1 1 2 2 2 2 2 2 4 4 2 3 3 2 2 3 4 4 4 3 3 1 1 3 1 1 1 2 2 3 3 2 1 1 1
 2 2 2 2 2 1 1 1 6 6 2 2 2 2 3 3 9 9 2 4 4 2 2 2 2 2 3 3 3 3 4 4 3 3 2 3 3 1 6 6 2 2 2 1 1 1
 2 2 2 2 2 1 1 1 6 6 2 2 2 2 3 3 9 9 2 4 4 2 2 2 2 2 3 3 3 3 4 4 3 3 2 3 3 1 6 6 2 2 2 1 1 1
 1 1 2 4 4 4 1 1 2 2 2 2 2 2 2 2 2 2 2 2 2 2 2 2 2 2 2 1 1 2 2 2 3 3 2 5 5 1 1 1 1 1 1 1 1 1
 2 2 2 3 3 3 3 3 5 5 6 3 3 2 2 2 2 2 2 1 1 1 1 1 1 1 1 1 1 1 1 1 1 1 2 3 3 1 1 1 1 1 1 1 1 2
 2 2 2 3 3 3 3 3 5 5 6 3 3 2 2 2 2 2 2 1 1 1 1 1 1 1 1 1 1 1 1 1 1 1 2 3 3 1 1 1 1 1 1 1 1 2
 3 3 1 1 1 5 8 8 7 7 9 5 5 3 3 3 3 3 4 2 2 1 1 1 1 1 1 1 1 1 1 1 10 10 1 1 1 1 1 1 1 1 2 2 2 3
 2 2 1 1 1 3 4 4 7 7 7 6 6 4 4 4 3 3 4 4 4 3 2 2 2 2 2 1 1 0 0 0 0 0 0 0 0 1 1 1 1 1 2 2 2 2
 2 2 1 1 1 3 4 4 7 7 7 6 6 4 4 4 3 3 4 4 4 3 2 2 2 2 2 1 1 0 0 0 0 0 0 0 0 1 1 1 1 1 2 2 2 2
 1 1 1 1 1 1 3 3 3 3 3 4 4 3 3 3 2 2 3 4 4 3 2 2 2 2 2 1 1 1 1 1 1 1 0 0 0 0 3 3 2 2 2 2 2 4
 1 1 1 1 1 1 3 3 3 3 3 4 4 3 3 3 2 2 3 4 4 3 2 2 2 2 2 1 1 1 1 1 1 1 0 0 0 0 3 3 2 2 2 2 2 4
 1 1 1 0 0 1 1 1 1 1 4 1 1 1 2 2 3 3 4 3 3 2 2 2 1 1 6 2 2 1 2 2 6 6 2 3 3 3 4 4 1 1 6 1 1 3
 1 1 1 0 0 1 1 1 1 1 1 1 1 1 1 1 5 5 6 3 3 2 3 3 5 5 5 4 4 2 2 2 2 2 2 10 10 22 39 39 18 18 10 1 1 8
 1 1 1 0 0 1 1 1 1 1 1 1 1 1 1 1 5 5 6 3 3 2 3 3 5 5 5 4 4 2 2 2 2 2 2 10 10 22 39 39 18 18 10 1 1 8
 0 0 1 1 1 1 1 1 0 0 0 2 2 1 1 1 2 2 2 1 1 1 2 2 1 1 1 2 2 2 7 7 6 6 6 10 10 11 37 37 1 1 0 0 0 0
 0 0 2 1 1 0 0 0 0 0 0 0 0 1 1 1 0 0 1 0 0 1 3 3 2 2 2 3 3 2 7 7 5 5 4 0 0 1 0 0 0 0 0 0 0 0
 0 0 2 1 1 0 0 0 0 0 0 0 0 1 1 1 0 0 1 0 0 1 3 3 2 2 2 3 3 2 7 7 5 5 4 0 0 1 0 0 0 0 0 0 0 0
 0 0 1 1 1 0 1 1 1 1 1 0 0 1 2 2 1 1 1 1 1 2 6 6 7 7 6 3 3 1 5 5 5 5 4 0 0 0 0 0 0 0 3 1 1 0
 0 0 1 1 1 0 1 1 1 1 1 0 0 1 2 2 1 1 1 1 1 2 6 6 7 7 6 3 3 1 5 5 5 5 4 0 0 0 0 0 0 0 3 1 1 0
 0 0 0 1 1 0 0 0 1 1 1 1 1 1 1 1 1 1 1 1 1 1 2 2 7 7 7 3 3 1 1 1 0 0 0 0 0 0 0 0 0 0 2 2 2 2
 0 0 0 0 0 0 0 0 1 1 2 1 1 1 3 3 2 2 1 1 1 3 3 3 6 6 6 4 4 2 1 1 1 1 0 0 0 0 0 0 0 0 0 2 2 2
 0 0 0 0 0 0 0 0 1 1 2 1 1 1 3 3 2 2 1 1 1 3 3 3 6 6 6 4 4 2 1 1 1 1 0 0 0 0 0 0 0 0 0 2 2 2
 0 0 0 1 1 1 1 1 1 1 2 1 1 1 2 2 3 3 4 4 4 4 4 4 5 5 5 5 5 1 0 0 1 1 0 0 0 0 0 0 0 0 0 0 0 0
 2 2 1 1 1 1 1 1 1 1 1 1 1 1 2 2 6 6 6 5 5 6 6 6 8 8 13 5 5 1 1 1 1 1 1 1 1 1 1 1 1 1 0 0 0 0
 2 2 1 1 1 1 1 1 1 1 1 1 1 1 2 2 6 6 6 5 5 6 6 6 8 8 13 5 5 1 1 1 1 1 1 1 1 1 1 1 1 1 0 0 0 0
 2 2 1 0 0 0 7 7 1 1 1 1 1 2 2 2 6 6 7 5 5 5 5 5 3 3 6 6 6 5 0 0 1 1 1 1 1 1 2 2 1 1 1 0 0 0
 2 2 1 0 0 0 7 7 1 1 1 1 1 2 2 2 6 6 7 5 5 5 5 5 3 3 6 6 6 5 0 0 1 1 1 1 1 1 2 2 1 1 1 0 0 0
 1 1 0 0 0 0 0 0 0 0 1 1 1 1 3 3 3 3 4 4 4 4 4 4 3 3 3 2 2 1 1 1 0 0 0 0 0 0 1 1 0 0 0 0 0 0
 1 1 0 1 1 0 0 0 0 0 0 0 0 0 2 2 4 4 2 4 4 4 3 3 1 1 6 2 2 1 1 1 0 0 1 0 0 0 4 4 4 4 0 0 0 0
 1 1 0 1 1 0 0 0 0 0 0 0 0 0 2 2 4 4 2 4 4 4 3 3 1 1 6 2 2 1 1 1 0 0 1 0 0 0 4 4 4 4 0 0 0 0
 2 2 1 2 2 1 0 0 1 1 1 0 0 0 4 4 4 4 6 2 2 3 1 1 7 7 4 2 2 1 0 0 0 0 0 0 0 1 8 8 28 28 2 2 2 0
 0 0 2 3 3 2 2 2 0 0 0 0 0 0 4 4 0 0 0 1 1 1 0 0 0 0 1 0 0 0 1 1 3 3 3 4 4 19 11 11 27 27 2 2 2 5
 0 0 2 3 3 2 2 2 0 0 0 0 0 0 4 4 0 0 0 1 1 1 0 0 0 0 1 0 0 0 1 1 3 3 3 4 4 19 11 11 27 27 2 2 2 5
 1 1 0 2 2 0 1 1 1 1 0 0 0 0 0 0 1 1 0 2 2 2 1 1 0 0 1 0 0 0 1 1 4 4 1 5 5 6 8 8 2 2 1 4 4 6
 1 1 0 2 2 0 1 1 1 1 0 0 0 0 0 0 1 1 0 2 2 2 1 1 0 0 1 0 0 0 1 1 4 4 1 5 5 6 8 8 2 2 1 4 4 6
 1 1 1 1 1 1 2 2 1 1 0 1 1 0 0 0 0 0 1 1 1 2 1 1 1 1 4 7 7 7 3 3 3 3 3 5 5 6 8 8 2 2 4 3 3 2
 1 1 1 0 0 0 1 1 1 1 3 1 1 1 1 1 1 1 1 1 1 2 3 3 5 5 5 11 11 7 4 4 6 6 1 1 1 1 1 1 2 2 2 3 3 1
 1 1 1 0 0 0 1 1 1 1 3 1 1 1 1 1 1 1 1 1 1 2 3 3 5 5 5 11 11 7 4 4 6 6 1 1 1 1 1 1 2 2 2 3 3 1
 1 1 0 0 0 3 1 1 0 0 1 1 1 1 2 2 2 2 2 1 1 4 4 4 4 4 8 23 23 25 6 6 6 6 1 1 1 1 2 2 1 1 1 1 1 0
 3 3 0 1 1 10 3 3 1 1 1 1 1 1 1 1 2 2 3 4 4 1 9 9 6 6 11 3 3 4 3 3 2 2 1 2 2 3 1 1 0 0 0 0 0 0
 3 3 0 1 1 10 3 3 1 1 1 1 1 1 1 1 2 2 3 4 4 1 9 9 6 6 11 3 3 4 3 3 2 2 1 2 2 3 1 1 0 0 0 0 0 0
 2 2 2 2 2 3 1 1 1 1 2 3 3 1 1 1 1 1 2 6 6 6 4 4 4 4 4 6 6 12 6 6 2 2 1 2 2 2 2 2 0 0 0 0 0 0
 2 2 2 2 2 3 1 1 1 1 2 3 3 1 1 1 1 1 2 6 6 6 4 4 4 4 4 6 6 12 6 6 2 2 1 2 2 2 2 2 0 0 0 0 0 0
 1 1 2 2 2 2 2 2 2 2 2 4 4 4 1 1 1 1 1 3 3 5 7 7 2 2 6 8 8 13 17 17 21 21 0 1 1 1 1 1 0 0 0 0 0 0
 2 2 2 2 2 2 2 2 3 3 5 3 3 5 2 2 0 0 1 1 1 5 5 5 2 2 3 5 5 10 11 11 4 4 0 1 1 1 0 0 0 0 0 1 1 1
 2 2 2 2 2 2 2 2 3 3 5 3 3 5 2 2 0 0 1 1 1 5 5 5 2 2 3 5 5 10 11 11 4 4 0 1 1 1 0 0 0 0 0 1 1 1
 3 3 3 2 2 3 3 3 3 3 4 7 7 6 1 1 1 1 1 0 0 4 1 1 2 2 3 5 5 9 10 10 3 3 4 0 0 0 0 0 0 0 1 1 1 1
 4 4 3 3 3 3 5 5 8 8 7 7 7 6 3 3 3 3 2 1 1 1 1 1 4 4 8 6 6 6 5 5 7 7 1 2 2 0 0 0 0 0 0 1 1 1
 4 4 3 3 3 3 5 5 8 8 7 7 7 6 3 3 3 3 2 1 1 1 1 1 4 4 8 6 6 6 5 5 7 7 1 2 2 0 0 0 0 0 0 1 1 1
 6 6 7 8 8 5 4 4 8 8 9 10 10 9 5 5 3 3 2 1 1 1 1 1 4 4 8 12 12 12 21 21 13 13 2 0 0 0 0 0 0 0 0 0 0 0
 6 6 7 8 8 5 4 4 8 8 9 10 10 9 5 5 3 3 2 1 1 1 1 1 4 4 8 12 12 12 21 21 13 13 2 0 0 0 0 0 0 0 0 0 0 0
 9 9 11 11 11 6 7 7 8 8 10 10 10 9 6 6 5 5 2 1 1 0 0 0 3 3 3 2 2 6 15 15 7 7 5 0 0 0 0 0 0 0 0 0 0 0
 12 12 11 17 17 18 10 10 10 10 13 10 10 14 7 7 5 5 2 1 1 2 0 0 0 0 1 1 1 0 2 2 6 6 5 2 2 0 0 0 0 0 0 0 0 0
 12 12 11 17 17 18 10 10 10 10 13 10 10 14 7 7 5 5 2 1 1 2 0 0 0 0 1 1 1 0 2 2 6 6 5 2 2 0 0 0 0 0 0 0 0 0
 16 16 20 18 18 16 16 16 13 13 17 15 15 12 10 10 5 5 2 1 1 1 1 1 1 1 3 1 1 0 0 0 1 1 1 2 2 5 5 5 4 4 4 0 0 0
 17 17 23 24 24 24 35 35 27 27 21 20 20 13 12 12 5 5 4 3 3 2 2 2 1 1 1 1 1 1 0 0 0 0 0 1 1 4 5 5 4 4 1 1 1 0
 17 17 23 24 24 24 35 35 27 27 21 20 20 13 12 12 5 5 4 3 3 2 2 2 1 1 1 1 1 1 0 0 0 0 0 1 1 4 5 5 4 4 1 1 1 0
 23 23 19 30 30 40 45 45 30 30 25 18 18 12 13 13 5 5 3 1 1 1 2 2 2 2 1 1 1 0 0 0 0 0 0 0 0 0 0 0 0 0 0 0 0 0
 23 23 19 30 30 40 45 45 30 30 25 18 18 12 13 13 5 5 3 1 1 1 2 2 2 2 1 1 1 0 0 0 0 0 0 0 0 0 0 0 0 0 0 0 0 0
 31 31 30 38 38 39 42 42 25 25 20 13 13 12 9 9 4 4 4 1 1 0 2 2 3 3 1 1 1 1 2 2 1 1 0 0 0 0 1 1 0 0 0 0 0 0
 27 27 50 37 37 31 39 39 20 20 19 11 11 11 6 6 4 4 2 1 1 0 2 2 4 4 4 2 2 2 5 5 2 2 1 2 2 0 0 0 0 0 0 0 0 0
 27 27 50 37 37 31 39 39 20 20 19 11 11 11 6 6 4 4 2 1 1 0 2 2 4 4 4 2 2 2 5 5 2 2 1 2 2 0 0 0 0 0 0 0 0 0
 18 18 24 36 36 19 25 25 15 15 14 8 8 9 5 5 3 3 2 1 1 1 0 0 0 0 2 1 1 1 7 7 4 4 4 5 5 5 7 7 2 2 0 0 0 0
 11 11 21 22 22 18 16 16 12 12 12 5 5 5 2 2 2 2 0 0 0 1 0 0 0 0 0 1 1 2 3 3 4 4 4 5 5 5 6 6 3 3 8 0 0 0
 11 11 21 22 22 18 16 16 12 12 12 5 5 5 2 2 2 2 0 0 0 1 0 0 0 0 0 1 1 2 3 3 4 4 4 5 5 5 6 6 3 3 8 0 0 0
 11 11 21 21 21 19 11 11 10 10 8 3 3 3 1 1 1 1 0 0 0 0 0 0 0 0 0 0 0 1 4 4 2 2 1 2 2 1 6 6 2 2 6 5 5 0
 11 11 21 21 21 19 11 11 10 10 8 3 3 3 1 1 1 1 0 0 0 0 0 0 0 0 0 0 0 1 4 4 2 2 1 2 2 1 6 6 2 2 6 5 5 0
 8 8 13 10 10 14 9 9 9 9 3 2 2 2 0 0 1 1 0 0 0 0 0 0 0 0 0 0 0 0 1 1 3 3 1 2 2 1 2 2 0 0 0 0 0 0
 7 7 11 14 14 11 7 7 7 7 2 2 2 1 1 1 0 0 0 0 0 0 0 0 0 0 0 0 0 1 1 1 1 1 2 2 2 2 2 2 1 1 1 1 1 1
 7 7 11 14 14 11 7 7 7 7 2 2 2 1 1 1 0 0 0 0 0 0 0 0 0 0 0 0 0 1 1 1 1 1 2 2 2 2 2 2 1 1 1 1 1 1
 9 9 10 9 9 9 7 7 9 9 3 2 2 1 0 0 0 0 0 0 0 0 0 0 0 0 3 0 0 0 1 1 1 1 2 2 2 1 1 1 2 2 1 1 1 1
 9 9 10 8 8 9 7 7 10 10 2 2 2 1 1 1 1 1 1 1 1 0 0 0 0 0 0 0 0 0 0 0 0 0 2 0 0 0 1 1 0 0 2 1 1 1
