assets/RAT_results_old/precipitation/2018-10-01_IMERG.asc
ncols        46
nrows        77
xllcorner    74.800261325624
yllcorner    8.058333333333
cellsize     0.062500000000
NODATA_value -9999
 4 4 4 5 5 9 8 8 7 7 5 4 4 3 2 2 2 2 3 6 6 8 10 10 12 12 10 8 8 7 1 1 0 0 0 0 0 0 0 0 1 1 1 5 5 2
 17 17 5 11 11 3 8 8 12 12 4 2 2 2 0 0 2 2 7 6 6 9 7 7 11 11 12 10 10 9 7 7 1 1 0 0 0 0 0 0 1 1 1 5 5 0
 17 17 5 11 11 3 8 8 12 12 4 2 2 2 0 0 2 2 7 6 6 9 7 7 11 11 12 10 10 9 7 7 1 1 0 0 0 0 0 0 1 1 1 5 5 0
 12 12 15 15 15 10 28 28 11 11 11 9 9 2 2 2 5 5 7 7 7 8 9 9 12 12 11 10 10 11 8 8 2 2 0 0 0 0 0 0 0 0 0 0 0 0
 6 6 33 12 12 6 8 8 7 7 11 4 4 0 2 2 3 3 7 7 7 9 12 12 12 12 8 9 9 7 7 7 1 1 0 0 0 0 0 0 0 0 0 0 0 0
 6 6 33 12 12 6 8 8 7 7 11 4 4 0 2 2 3 3 7 7 7 9 12 12 12 12 8 9 9 7 7 7 1 1 0 0 0 0 0 0 0 0 0 0 0 0
 34 34 18 50 50 9 10 10 13 13 10 3 3 0 10 10 13 13 10 7 7 9 12 12 12 12 7 7 7 7 1 1 0 0 0 0 0 0 0 0 0 0 0 0 0 0
 34 34 18 50 50 9 10 10 13 13 10 3 3 0 10 10 13 13 10 7 7 9 12 12 12 12 7 7 7 7 1 1 0 0 0 0 0 0 0 0 0 0 0 0 0 0
 22 22 32 47 47 17 9 9 13 13 27 7 7 5 8 8 16 16 10 13 13 11 8 8 5 5 1 2 2 0 0 0 0 0 0 0 0 0 0 0 0 0 0 0 0 0
 38 38 29 75 75 20 24 24 18 18 12 24 24 11 19 19 17 17 13 11 11 9 1 1 1 1 1 0 0 1 0 0 0 0 0 0 0 0 0 0 0 0 4 0 0 0
 38 38 29 75 75 20 24 24 18 18 12 24 24 11 19 19 17 17 13 11 11 9 1 1 1 1 1 0 0 1 0 0 0 0 0 0 0 0 0 0 0 0 4 0 0 0
 18 18 51 33 33 41 42 42 38 38 46 48 48 34 24 24 16 16 15 9 9 0 0 0 0 0 0 0 0 0 0 0 0 0 0 0 0 0 0 0 0 0 0 0 0 0
 60 60 47 60 60 30 45 45 84 84 40 41 41 41 30 30 16 16 8 5 5 2 1 1 1 1 1 4 4 4 3 3 0 0 0 0 0 0 0 0 0 0 0 1 1 1
 60 60 47 60 60 30 45 45 84 84 40 41 41 41 30 30 16 16 8 5 5 2 1 1 1 1 1 4 4 4 3 3 0 0 0 0 0 0 0 0 0 0 0 1 1 1
 61 61 47 56 56 73 62 62 79 79 60 49 49 36 30 30 22 22 16 1 1 3 0 0 2 2 5 2 2 0 0 0 0 0 0 0 0 0 0 0 0 0 0 0 0 1
 61 61 47 56 56 73 62 62 79 79 60 49 49 36 30 30 22 22 16 1 1 3 0 0 2 2 5 2 2 0 0 0 0 0 0 0 0 0 0 0 0 0 0 0 0 1
 48 48 53 63 63 64 74 74 48 48 56 53 53 34 26 26 13 13 7 6 6 3 1 1 1 1 5 0 0 0 0 0 0 0 0 0 0 0 0 0 0 0 0 0 0 1
 35 35 39 49 49 55 51 51 62 62 60 58 58 29 22 22 16 16 15 10 10 3 1 1 9 9 4 0 0 0 0 0 0 0 1 1 1 1 0 0 0 0 0 0 0 1
 35 35 39 49 49 55 51 51 62 62 60 58 58 29 22 22 16 16 15 10 10 3 1 1 9 9 4 0 0 0 0 0 0 0 1 1 1 1 0 0 0 0 0 0 0 1
 12 12 36 50 50 56 44 44 50 50 50 46 46 45 29 29 23 23 20 9 9 4 2 2 5 5 4 1 1 0 0 0 0 0 1 5 5 3 0 0 0 0 0 0 0 1
 11 11 29 24 24 22 27 27 38 38 46 42 42 34 35 35 23 23 13 3 3 1 2 2 1 1 8 4 4 1 5 5 5 5 12 4 4 1 0 0 0 0 0 0 0 1
 11 11 29 24 24 22 27 27 38 38 46 42 42 34 35 35 23 23 13 3 3 1 2 2 1 1 8 4 4 1 5 5 5 5 12 4 4 1 0 0 0 0 0 0 0 1
 12 12 16 20 20 19 23 23 32 32 40 31 31 27 22 22 16 16 10 2 2 3 9 9 21 21 8 2 2 2 7 7 11 11 13 10 10 1 0 0 0 0 0 0 0 2
 12 12 16 20 20 19 23 23 32 32 40 31 31 27 22 22 16 16 10 2 2 3 9 9 21 21 8 2 2 2 7 7 11 11 13 10 10 1 0 0 0 0 0 0 0 2
 12 12 11 21 21 18 19 19 17 17 18 27 27 23 20 20 16 16 15 6 6 5 7 7 7 7 7 2 2 11 11 11 30 30 14 5 5 1 0 0 0 0 0 1 1 2
 10 10 9 10 10 7 6 6 10 10 20 28 28 21 26 26 18 18 5 4 4 9 4 4 3 3 1 3 3 10 27 27 30 30 8 7 7 1 5 5 2 2 3 3 3 4
 10 10 9 10 10 7 6 6 10 10 20 28 28 21 26 26 18 18 5 4 4 9 4 4 3 3 1 3 3 10 27 27 30 30 8 7 7 1 5 5 2 2 3 3 3 4
 10 10 8 11 11 12 10 10 13 13 11 8 8 23 23 23 36 36 13 8 8 7 3 3 2 2 12 12 12 17 18 18 13 13 8 5 5 9 7 7 1 1 2 4 4 5
 11 11 14 10 10 13 11 11 19 19 15 13 13 19 17 17 33 33 15 7 7 13 4 4 7 7 15 11 11 13 6 6 4 4 1 6 6 9 2 2 3 3 5 2 2 8
 11 11 14 10 10 13 11 11 19 19 15 13 13 19 17 17 33 33 15 7 7 13 4 4 7 7 15 11 11 13 6 6 4 4 1 6 6 9 2 2 3 3 5 2 2 8
 12 12 13 15 15 14 16 16 18 18 16 20 20 23 28 28 51 51 9 9 9 8 7 7 13 13 34 13 13 7 7 7 1 1 0 14 14 4 4 4 5 5 8 21 21 7
 12 12 13 15 15 14 16 16 18 18 16 20 20 23 28 28 51 51 9 9 9 8 7 7 13 13 34 13 13 7 7 7 1 1 0 14 14 4 4 4 5 5 8 21 21 7
 15 15 15 17 17 17 18 18 18 18 13 13 13 9 7 7 7 7 8 7 7 11 11 11 11 11 17 25 25 8 2 2 1 1 1 1 1 1 5 5 6 6 6 6 6 20
 18 18 21 21 21 20 18 18 15 15 13 9 9 15 5 5 4 4 5 7 7 9 17 17 13 13 13 10 10 5 4 4 1 1 1 1 1 0 4 4 7 7 8 9 9 7
 18 18 21 21 21 20 18 18 15 15 13 9 9 15 5 5 4 4 5 7 7 9 17 17 13 13 13 10 10 5 4 4 1 1 1 1 1 0 4 4 7 7 8 9 9 7
 25 25 20 22 22 21 19 19 15 15 11 11 11 7 4 4 2 2 4 40 40 11 5 5 8 8 9 7 7 2 8 8 4 4 1 1 1 2 0 0 5 5 12 2 2 7
 34 34 26 27 27 25 20 20 17 17 12 10 10 10 4 4 1 1 2 15 15 10 7 7 8 8 7 6 6 3 6 6 2 2 1 3 3 4 1 1 0 0 5 2 2 5
 34 34 26 27 27 25 20 20 17 17 12 10 10 10 4 4 1 1 2 15 15 10 7 7 8 8 7 6 6 3 6 6 2 2 1 3 3 4 1 1 0 0 5 2 2 5
 45 45 39 52 52 48 30 30 21 21 19 19 19 12 5 5 2 2 2 3 3 6 12 12 15 15 13 8 8 10 7 7 3 3 2 1 1 5 1 1 2 2 14 3 3 3
 45 45 39 52 52 48 30 30 21 21 19 19 19 12 5 5 2 2 2 3 3 6 12 12 15 15 13 8 8 10 7 7 3 3 2 1 1 5 1 1 2 2 14 3 3 3
 63 63 44 65 65 57 41 41 24 24 24 21 21 13 5 5 5 5 4 10 10 7 9 9 13 13 14 12 12 16 12 12 10 10 3 7 7 5 5 5 4 4 14 5 5 6
 57 57 58 73 73 58 45 45 26 26 21 19 19 13 9 9 7 7 8 8 8 5 8 8 13 13 18 16 16 19 13 13 8 8 7 4 4 6 5 5 6 6 7 3 3 3
 57 57 58 73 73 58 45 45 26 26 21 19 19 13 9 9 7 7 8 8 8 5 8 8 13 13 18 16 16 19 13 13 8 8 7 4 4 6 5 5 6 6 7 3 3 3
 53 53 73 73 73 66 48 48 30 30 22 19 19 22 17 17 17 17 15 5 5 5 6 6 11 11 13 9 9 16 19 19 12 12 6 8 8 8 10 10 7 7 7 5 5 3
 85 85 73 75 75 70 62 62 45 45 33 24 24 24 16 16 19 19 9 6 6 4 5 5 10 10 9 10 10 17 11 11 7 7 9 7 7 7 9 9 6 6 9 8 8 6
 85 85 73 75 75 70 62 62 45 45 33 24 24 24 16 16 19 19 9 6 6 4 5 5 10 10 9 10 10 17 11 11 7 7 9 7 7 7 9 9 6 6 9 8 8 6
 65 65 58 76 76 84 84 84 58 58 39 25 25 21 18 18 17 17 6 4 4 5 6 6 6 6 6 7 7 7 7 7 5 5 8 3 3 4 5 5 4 4 7 6 6 6
 65 65 58 76 76 84 84 84 58 58 39 25 25 21 18 18 17 17 6 4 4 5 6 6 6 6 6 7 7 7 7 7 5 5 8 3 3 4 5 5 4 4 7 6 6 6
 34 34 39 62 62 77 77 77 54 54 37 27 27 24 17 17 14 14 7 6 6 5 14 14 11 11 5 5 5 4 9 9 10 10 17 3 3 5 2 2 19 19 14 8 8 9
 24 24 27 53 53 68 70 70 62 62 46 35 35 28 23 23 14 14 9 7 7 4 2 2 4 4 4 4 4 5 10 10 5 5 6 1 1 1 5 5 9 9 10 7 7 5
 24 24 27 53 53 68 70 70 62 62 46 35 35 28 23 23 14 14 9 7 7 4 2 2 4 4 4 4 4 5 10 10 5 5 6 1 1 1 5 5 9 9 10 7 7 5
 17 17 19 27 27 33 46 46 54 54 48 39 39 42 21 21 20 20 13 10 10 6 3 3 2 2 4 4 4 4 5 5 6 6 6 5 5 4 7 7 10 10 8 7 7 7
 18 18 24 27 27 61 38 38 46 46 45 44 44 44 27 27 14 14 10 5 5 5 4 4 3 3 4 4 4 4 3 3 4 4 5 4 4 6 4 4 5 5 7 7 7 11
 18 18 24 27 27 61 38 38 46 46 45 44 44 44 27 27 14 14 10 5 5 5 4 4 3 3 4 4 4 4 3 3 4 4 5 4 4 6 4 4 5 5 7 7 7 11
 34 34 36 45 45 55 54 54 57 57 47 50 50 41 29 29 15 15 9 5 5 3 3 3 5 5 5 5 5 4 8 8 17 17 4 1 1 1 24 24 9 9 12 12 12 11
 34 34 36 45 45 55 54 54 57 57 47 50 50 41 29 29 15 15 9 5 5 3 3 3 5 5 5 5 5 4 8 8 17 17 4 1 1 1 24 24 9 9 12 12 12 11
 47 47 31 41 41 33 46 46 40 40 43 46 46 40 30 30 16 16 9 4 4 3 4 4 8 8 6 6 6 5 11 11 4 4 8 6 6 6 5 5 7 7 12 12 12 12
 71 71 74 45 45 37 46 46 44 44 52 49 49 45 47 47 37 37 12 5 5 5 5 5 5 5 7 6 6 5 4 4 7 7 7 9 9 7 13 13 25 25 8 11 11 11
 71 71 74 45 45 37 46 46 44 44 52 49 49 45 47 47 37 37 12 5 5 5 5 5 5 5 7 6 6 5 4 4 7 7 7 9 9 7 13 13 25 25 8 11 11 11
 102 102 93 83 83 75 74 74 74 74 50 44 44 44 39 39 28 28 13 12 12 7 8 8 10 10 8 6 6 8 5 5 4 4 4 5 5 14 12 12 13 13 28 9 9 14
 89 89 104 110 110 97 83 83 76 76 49 46 46 31 31 31 25 25 19 14 14 9 10 10 11 11 6 10 10 7 17 17 11 11 5 5 5 4 15 15 12 12 14 14 14 19
 89 89 104 110 110 97 83 83 76 76 49 46 46 31 31 31 25 25 19 14 14 9 10 10 11 11 6 10 10 7 17 17 11 11 5 5 5 4 15 15 12 12 14 14 14 19
 116 116 117 114 114 102 95 95 82 82 55 48 48 32 28 28 20 20 8 12 12 8 16 16 15 15 9 15 15 16 17 17 11 11 5 4 4 14 6 6 16 16 20 38 38 8
 116 116 117 114 114 102 95 95 82 82 55 48 48 32 28 28 20 20 8 12 12 8 16 16 15 15 9 15 15 16 17 17 11 11 5 4 4 14 6 6 16 16 20 38 38 8
 116 116 115 121 121 117 96 96 78 78 63 55 55 29 26 26 16 16 11 12 12 5 13 13 18 18 10 7 7 12 12 12 7 7 4 4 4 5 7 7 4 4 17 26 26 4
 76 76 75 69 69 68 75 75 58 58 53 39 39 23 18 18 12 12 8 6 6 4 3 3 11 11 23 9 9 7 5 5 4 4 4 4 4 10 14 14 10 10 11 3 3 2
 76 76 75 69 69 68 75 75 58 58 53 39 39 23 18 18 12 12 8 6 6 4 3 3 11 11 23 9 9 7 5 5 4 4 4 4 4 10 14 14 10 10 11 3 3 2
 45 45 57 50 50 38 36 36 34 34 22 17 17 12 11 11 9 9 6 5 5 4 2 2 2 2 3 5 5 5 4 4 3 3 4 4 4 4 4 4 13 13 12 5 5 4
 33 33 21 25 25 13 12 12 17 17 15 7 7 8 7 7 5 5 4 4 4 3 5 5 2 2 1 1 1 6 6 6 2 2 4 4 4 4 5 5 6 6 7 8 8 5
 33 33 21 25 25 13 12 12 17 17 15 7 7 8 7 7 5 5 4 4 4 3 5 5 2 2 1 1 1 6 6 6 2 2 4 4 4 4 5 5 6 6 7 8 8 5
 18 18 19 19 19 7 7 7 9 9 8 4 4 4 4 4 4 4 4 3 3 3 3 3 1 1 2 1 1 5 5 5 1 1 3 1 1 1 2 2 7 7 5 5 5 5
 18 18 19 19 19 7 7 7 9 9 8 4 4 4 4 4 4 4 4 3 3 3 3 3 1 1 2 1 1 5 5 5 1 1 3 1 1 1 2 2 7 7 5 5 5 5
 7 7 13 11 11 1 2 2 4 4 6 4 4 3 2 2 2 2 3 2 2 4 2 2 2 2 3 2 2 1 1 1 1 1 7 4 4 2 1 1 22 22 43 7 7 3
 1 1 2 10 10 1 2 2 2 2 2 2 2 2 1 1 1 1 1 1 1 3 2 2 0 0 0 0 0 1 3 3 4 4 7 4 4 1 3 3 14 14 31 2 2 3
 1 1 2 10 10 1 2 2 2 2 2 2 2 2 1 1 1 1 1 1 1 3 2 2 0 0 0 0 0 1 3 3 4 4 7 4 4 1 3 3 14 14 31 2 2 3
 1 1 2 3 3 2 2 2 2 2 2 1 1 1 1 1 1 1 0 1 1 1 0 0 0 0 0 1 1 1 3 3 14 14 6 2 2 0 3 3 3 3 3 3 3 4
 2 2 1 2 2 2 2 2 2 2 1 1 1 0 1 1 0 0 0 0 0 0 0 0 0 0 0 1 1 1 1 1 2 2 2 1 1 0 2 2 2 2 3 2 2 6
