assets/RAT_results_old/precipitation/2018-05-28_IMERG.asc
ncols        46
nrows        77
xllcorner    74.800261325624
yllcorner    8.058333333333
cellsize     0.062500000000
NODATA_value -9999
 88 88 61 55 55 15 15 15 14 14 11 10 10 4 5 5 8 8 10 23 23 15 7 7 1 1 1 0 0 0 0 0 0 0 0 0 0 0 2 2 1 1 2 1 1 0
 83 83 33 13 13 7 8 8 10 10 9 6 6 8 6 6 11 11 10 14 14 15 13 13 4 4 1 0 0 0 0 0 0 0 0 1 1 3 5 5 2 2 6 3 3 0
 83 83 33 13 13 7 8 8 10 10 9 6 6 8 6 6 11 11 10 14 14 15 13 13 4 4 1 0 0 0 0 0 0 0 0 1 1 3 5 5 2 2 6 3 3 0
 39 39 20 10 10 9 9 9 6 6 13 8 8 8 5 5 6 6 7 11 11 8 5 5 5 5 2 2 2 0 0 0 0 0 0 1 1 3 8 8 11 11 2 2 2 2
 26 26 14 12 12 6 8 8 8 8 11 4 4 6 6 6 8 8 3 1 1 10 3 3 5 5 3 4 4 2 2 2 2 2 2 1 1 2 6 6 3 3 11 6 6 0
 26 26 14 12 12 6 8 8 8 8 11 4 4 6 6 6 8 8 3 1 1 10 3 3 5 5 3 4 4 2 2 2 2 2 2 1 1 2 6 6 3 3 11 6 6 0
 50 50 20 16 16 5 4 4 4 4 5 3 3 3 6 6 7 7 1 0 0 0 2 2 2 2 2 3 3 4 2 2 2 2 2 1 1 1 5 5 3 3 1 1 1 0
 50 50 20 16 16 5 4 4 4 4 5 3 3 3 6 6 7 7 1 0 0 0 2 2 2 2 2 3 3 4 2 2 2 2 2 1 1 1 5 5 3 3 1 1 1 0
 48 48 20 19 19 6 5 5 4 4 5 4 4 2 3 3 2 2 1 1 1 1 1 1 2 2 5 4 4 3 5 5 3 3 2 1 1 1 1 1 1 1 1 0 0 0
 23 23 30 13 13 21 6 6 12 12 7 10 10 5 4 4 4 4 4 3 3 10 9 9 5 5 5 5 5 3 4 4 1 1 7 6 6 4 1 1 0 0 4 0 0 0
 23 23 30 13 13 21 6 6 12 12 7 10 10 5 4 4 4 4 4 3 3 10 9 9 5 5 5 5 5 3 4 4 1 1 7 6 6 4 1 1 0 0 4 0 0 0
 45 45 28 16 16 13 12 12 14 14 13 13 13 17 10 10 11 11 6 6 6 9 9 9 4 4 5 4 4 3 4 4 6 6 11 10 10 7 3 3 8 8 15 2 2 2
 52 52 27 31 31 12 14 14 8 8 12 18 18 27 26 26 12 12 6 4 4 3 2 2 2 2 3 4 4 3 18 18 18 18 25 25 25 19 9 9 10 10 15 6 6 3
 52 52 27 31 31 12 14 14 8 8 12 18 18 27 26 26 12 12 6 4 4 3 2 2 2 2 3 4 4 3 18 18 18 18 25 25 25 19 9 9 10 10 15 6 6 3
 100 100 59 50 50 22 16 16 22 22 13 23 23 15 10 10 15 15 6 4 4 1 2 2 2 2 3 5 5 6 19 19 21 21 9 25 25 7 4 4 3 3 3 5 5 1
 100 100 59 50 50 22 16 16 22 22 13 23 23 15 10 10 15 15 6 4 4 1 2 2 2 2 3 5 5 6 19 19 21 21 9 25 25 7 4 4 3 3 3 5 5 1
 73 73 53 40 40 48 27 27 27 27 30 20 20 25 27 27 13 13 2 2 2 1 3 3 3 3 3 3 3 4 12 12 11 11 10 3 3 2 2 2 3 3 1 1 1 0
 162 162 85 50 50 107 49 49 28 28 28 20 20 21 19 19 5 5 3 2 2 2 3 3 4 4 4 3 3 4 4 4 2 2 1 1 1 0 0 0 1 1 0 1 1 1
 162 162 85 50 50 107 49 49 28 28 28 20 20 21 19 19 5 5 3 2 2 2 3 3 4 4 4 3 3 4 4 4 2 2 1 1 1 0 0 0 1 1 0 1 1 1
 164 164 113 213 213 89 74 74 108 108 64 25 25 22 13 13 17 17 15 5 5 5 4 4 3 3 4 4 4 2 5 5 4 4 4 5 5 1 7 7 2 2 6 3 3 0
 148 148 207 251 251 156 144 144 59 59 41 38 38 29 35 35 41 41 18 10 10 4 3 3 3 3 5 7 7 3 3 3 2 2 2 1 1 2 2 2 2 2 0 1 1 1
 148 148 207 251 251 156 144 144 59 59 41 38 38 29 35 35 41 41 18 10 10 4 3 3 3 3 5 7 7 3 3 3 2 2 2 1 1 2 2 2 2 2 0 1 1 1
 201 201 212 169 169 211 118 118 41 41 59 39 39 22 27 27 42 42 21 9 9 6 7 7 3 3 2 3 3 5 3 3 2 2 3 2 2 1 1 1 1 1 0 1 1 3
 201 201 212 169 169 211 118 118 41 41 59 39 39 22 27 27 42 42 21 9 9 6 7 7 3 3 2 3 3 5 3 3 2 2 3 2 2 1 1 1 1 1 0 1 1 3
 202 202 225 200 200 277 188 188 54 54 55 27 27 21 10 10 11 11 11 14 14 12 12 12 10 10 7 14 14 7 2 2 1 1 1 0 0 0 0 0 3 3 2 1 1 2
 195 195 212 230 230 237 178 178 178 178 72 62 62 19 14 14 18 18 7 14 14 9 12 12 14 14 12 11 11 11 3 3 4 4 0 0 0 0 1 1 0 0 0 1 1 13
 195 195 212 230 230 237 178 178 178 178 72 62 62 19 14 14 18 18 7 14 14 9 12 12 14 14 12 11 11 11 3 3 4 4 0 0 0 0 1 1 0 0 0 1 1 13
 203 203 217 169 169 233 214 214 180 180 144 61 61 38 36 36 19 19 22 26 26 20 15 15 21 21 14 15 15 11 4 4 4 4 1 0 0 1 0 0 1 1 1 1 1 11
 198 198 221 181 181 136 146 146 174 174 167 86 86 36 30 30 30 30 34 17 17 43 14 14 18 18 22 10 10 14 12 12 11 11 5 0 0 0 2 2 3 3 4 5 5 3
 198 198 221 181 181 136 146 146 174 174 167 86 86 36 30 30 30 30 34 17 17 43 14 14 18 18 22 10 10 14 12 12 11 11 5 0 0 0 2 2 3 3 4 5 5 3
 189 189 219 225 225 121 224 224 175 175 188 128 128 105 51 51 41 41 46 24 24 19 19 19 15 15 9 11 11 24 10 10 12 12 2 1 1 1 3 3 4 4 7 2 2 3
 189 189 219 225 225 121 224 224 175 175 188 128 128 105 51 51 41 41 46 24 24 19 19 19 15 15 9 11 11 24 10 10 12 12 2 1 1 1 3 3 4 4 7 2 2 3
 186 186 198 198 198 158 140 140 165 165 198 126 126 92 110 110 94 94 93 91 91 47 38 38 21 21 19 10 10 9 8 8 7 7 6 3 3 3 11 11 6 6 10 8 8 5
 159 159 183 180 180 136 198 198 169 169 97 136 136 130 74 74 86 86 121 118 118 66 33 33 19 19 15 13 13 12 18 18 9 9 12 12 12 8 9 9 10 10 15 8 8 4
 159 159 183 180 180 136 198 198 169 169 97 136 136 130 74 74 86 86 121 118 118 66 33 33 19 19 15 13 13 12 18 18 9 9 12 12 12 8 9 9 10 10 15 8 8 4
 210 210 178 121 121 158 100 100 147 147 155 75 75 93 70 70 123 123 99 146 146 75 38 38 19 19 22 18 18 21 17 17 23 23 19 21 21 19 24 24 26 26 20 6 6 6
 204 204 176 163 163 128 131 131 245 245 148 48 48 63 73 73 95 95 142 168 168 74 58 58 20 20 16 23 23 17 31 31 25 25 26 26 26 16 42 42 37 37 14 6 6 2
 204 204 176 163 163 128 131 131 245 245 148 48 48 63 73 73 95 95 142 168 168 74 58 58 20 20 16 23 23 17 31 31 25 25 26 26 26 16 42 42 37 37 14 6 6 2
 180 180 172 150 150 152 143 143 200 200 127 148 148 89 70 70 100 100 122 131 131 78 45 45 12 12 9 6 6 18 58 58 33 33 30 30 30 32 25 25 35 35 16 7 7 15
 180 180 172 150 150 152 143 143 200 200 127 148 148 89 70 70 100 100 122 131 131 78 45 45 12 12 9 6 6 18 58 58 33 33 30 30 30 32 25 25 35 35 16 7 7 15
 176 176 187 170 170 192 203 203 106 106 111 97 97 102 82 82 133 133 86 53 53 32 29 29 6 6 12 19 19 27 58 58 36 36 27 32 32 26 39 39 36 36 17 13 13 12
 184 184 172 200 200 181 168 168 108 108 99 90 90 137 68 68 95 95 76 47 47 27 22 22 15 15 15 18 18 31 59 59 75 75 90 40 40 42 40 40 26 26 25 10 10 12
 184 184 172 200 200 181 168 168 108 108 99 90 90 137 68 68 95 95 76 47 47 27 22 22 15 15 15 18 18 31 59 59 75 75 90 40 40 42 40 40 26 26 25 10 10 12
 173 173 156 179 179 146 118 118 120 120 110 97 97 105 106 106 62 62 56 49 49 20 14 14 11 11 11 23 23 52 45 45 55 55 68 45 45 26 35 35 28 28 21 5 5 4
 125 125 121 95 95 103 73 73 61 61 67 57 57 126 77 77 57 57 28 26 26 12 10 10 12 12 21 17 17 26 35 35 38 38 49 41 41 28 20 20 25 25 16 10 10 7
 125 125 121 95 95 103 73 73 61 61 67 57 57 126 77 77 57 57 28 26 26 12 10 10 12 12 21 17 17 26 35 35 38 38 49 41 41 28 20 20 25 25 16 10 10 7
 79 79 79 72 72 72 37 37 52 52 52 54 54 77 37 37 42 42 18 17 17 11 17 17 20 20 26 27 27 26 28 28 33 33 44 35 35 22 19 19 22 22 15 12 12 7
 79 79 79 72 72 72 37 37 52 52 52 54 54 77 37 37 42 42 18 17 17 11 17 17 20 20 26 27 27 26 28 28 33 33 44 35 35 22 19 19 22 22 15 12 12 7
 69 69 61 50 50 41 32 32 44 44 38 39 39 70 27 27 15 15 13 9 9 16 17 17 14 14 19 13 13 20 24 24 28 28 27 29 29 30 26 26 23 23 19 16 16 8
 46 46 44 34 34 33 31 31 36 36 29 25 25 25 21 21 16 16 13 7 7 8 17 17 17 17 36 19 19 23 24 24 27 27 22 24 24 22 26 26 24 24 17 8 8 3
 46 46 44 34 34 33 31 31 36 36 29 25 25 25 21 21 16 16 13 7 7 8 17 17 17 17 36 19 19 23 24 24 27 27 22 24 24 22 26 26 24 24 17 8 8 3
 32 32 28 30 30 21 21 21 21 21 16 15 15 13 14 14 22 22 11 10 10 8 15 15 11 11 17 26 26 35 25 25 27 27 20 20 20 18 16 16 11 11 8 3 3 1
 20 20 29 17 17 14 15 15 16 16 15 14 14 13 15 15 18 18 25 16 16 6 12 12 16 16 13 15 15 10 14 14 12 12 10 9 9 7 7 7 4 4 2 2 2 2
 20 20 29 17 17 14 15 15 16 16 15 14 14 13 15 15 18 18 25 16 16 6 12 12 16 16 13 15 15 10 14 14 12 12 10 9 9 7 7 7 4 4 2 2 2 2
 18 18 21 13 13 13 13 13 15 15 11 9 9 10 12 12 8 8 11 13 13 10 9 9 14 14 14 10 10 10 9 9 9 9 8 8 8 5 3 3 1 1 1 1 1 1
 18 18 21 13 13 13 13 13 15 15 11 9 9 10 12 12 8 8 11 13 13 10 9 9 14 14 14 10 10 10 9 9 9 9 8 8 8 5 3 3 1 1 1 1 1 1
 13 13 11 10 10 9 9 9 11 11 11 8 8 17 8 8 10 10 6 6 6 7 7 7 7 7 7 7 7 7 7 7 12 12 7 5 5 3 3 3 2 2 1 1 1 0
 9 9 8 10 10 10 8 8 6 6 6 6 6 5 7 7 5 5 7 7 7 5 6 6 5 5 6 6 6 7 8 8 9 9 5 2 2 2 2 2 2 2 1 1 1 0
 9 9 8 10 10 10 8 8 6 6 6 6 6 5 7 7 5 5 7 7 7 5 6 6 5 5 6 6 6 7 8 8 9 9 5 2 2 2 2 2 2 2 1 1 1 0
 8 8 8 7 7 9 7 7 8 8 7 5 5 4 4 4 4 4 5 13 13 7 6 6 4 4 4 6 6 5 5 5 5 5 4 3 3 4 4 4 5 5 3 1 1 0
 9 9 8 11 11 6 6 6 6 6 5 4 4 3 3 3 3 3 3 8 8 5 7 7 6 6 6 9 9 7 4 4 3 3 5 3 3 3 1 1 1 1 1 1 1 0
 9 9 8 11 11 6 6 6 6 6 5 4 4 3 3 3 3 3 3 8 8 5 7 7 6 6 6 9 9 7 4 4 3 3 5 3 3 3 1 1 1 1 1 1 1 0
 9 9 9 7 7 6 7 7 5 5 6 8 8 3 3 3 3 3 3 3 3 5 6 6 4 4 6 6 6 3 8 8 3 3 7 23 23 3 2 2 0 0 0 1 1 0
 9 9 9 7 7 6 7 7 5 5 6 8 8 3 3 3 3 3 3 3 3 5 6 6 4 4 6 6 6 3 8 8 3 3 7 23 23 3 2 2 0 0 0 1 1 0
 7 7 7 7 7 7 6 6 5 5 5 3 3 3 3 3 3 3 3 2 2 3 2 2 2 2 2 3 3 3 3 3 3 3 9 3 3 2 1 1 1 1 1 1 1 0
 6 6 6 6 6 6 5 5 5 5 4 3 3 3 3 3 3 3 3 2 2 3 3 3 3 3 4 2 2 3 3 3 6 6 13 3 3 3 2 2 2 2 3 3 3 2
 6 6 6 6 6 6 5 5 5 5 4 3 3 3 3 3 3 3 3 2 2 3 3 3 3 3 4 2 2 3 3 3 6 6 13 3 3 3 2 2 2 2 3 3 3 2
 4 4 4 4 4 4 5 5 3 3 2 2 2 2 2 2 4 4 3 3 3 2 2 2 2 2 2 2 2 2 3 3 5 5 9 5 5 4 3 3 4 4 4 4 4 2
 3 3 3 4 4 3 3 3 2 2 2 1 1 1 2 2 2 2 2 2 2 2 2 2 2 2 2 2 2 4 1 1 2 2 6 4 4 3 3 3 6 6 8 4 4 2
 3 3 3 4 4 3 3 3 2 2 2 1 1 1 2 2 2 2 2 2 2 2 2 2 2 2 2 2 2 4 1 1 2 2 6 4 4 3 3 3 6 6 8 4 4 2
 3 3 3 3 3 3 3 3 3 3 3 2 2 1 1 1 2 2 2 2 2 2 2 2 1 1 1 4 4 4 1 1 1 1 2 2 2 2 3 3 5 5 6 4 4 2
 3 3 3 3 3 3 3 3 3 3 3 2 2 1 1 1 2 2 2 2 2 2 2 2 1 1 1 4 4 4 1 1 1 1 2 2 2 2 3 3 5 5 6 4 4 2
 2 2 2 2 2 2 3 3 3 3 3 2 2 2 1 1 1 1 2 2 2 2 2 2 1 1 1 1 1 2 3 3 1 1 3 17 17 16 5 5 2 2 1 0 0 0
 2 2 2 2 2 2 2 2 2 2 3 3 3 2 2 2 2 2 2 2 2 1 1 1 1 1 1 1 1 2 2 2 2 2 2 3 3 2 3 3 2 2 1 0 0 0
 2 2 2 2 2 2 2 2 2 2 3 3 3 2 2 2 2 2 2 2 2 1 1 1 1 1 1 1 1 2 2 2 2 2 2 3 3 2 3 3 2 2 1 0 0 0
 2 2 2 2 2 2 2 2 2 2 2 2 2 2 2 2 2 2 2 2 2 1 2 2 2 2 1 1 1 3 2 2 2 2 2 1 1 1 1 1 2 2 1 1 1 1
 2 2 2 2 2 2 2 2 1 1 1 1 1 1 2 2 2 2 2 2 2 2 1 1 2 2 3 2 2 2 1 1 1 1 0 0 0 0 0 0 0 0 1 0 0 0
