assets/RAT_results_old/precipitation/2018-10-07_IMERG.asc
ncols        46
nrows        77
xllcorner    74.800261325624
yllcorner    8.058333333333
cellsize     0.062500000000
NODATA_value -9999
 6 6 1 1 1 1 5 5 6 6 0 0 0 1 1 1 0 0 0 0 0 0 0 0 0 0 0 0 0 0 0 0 0 0 0 0 0 0 0 0 0 0 0 0 0 0
 4 4 3 1 1 2 4 4 4 4 0 1 1 0 0 0 0 0 1 0 0 0 0 0 0 0 0 0 0 0 0 0 0 0 0 0 0 0 0 0 0 0 0 0 0 0
 4 4 3 1 1 2 4 4 4 4 0 1 1 0 0 0 0 0 1 0 0 0 0 0 0 0 0 0 0 0 0 0 0 0 0 0 0 0 0 0 0 0 0 0 0 0
 7 7 4 2 2 2 1 1 0 0 1 4 4 0 0 0 0 0 0 1 1 0 0 0 0 0 0 0 0 0 0 0 0 0 0 1 1 0 1 1 0 0 0 0 0 0
 5 5 4 2 2 2 7 7 1 1 2 4 4 2 0 0 0 0 0 0 0 0 0 0 0 0 0 0 0 0 0 0 0 0 0 0 0 0 0 0 0 0 0 0 0 0
 5 5 4 2 2 2 7 7 1 1 2 4 4 2 0 0 0 0 0 0 0 0 0 0 0 0 0 0 0 0 0 0 0 0 0 0 0 0 0 0 0 0 0 0 0 0
 10 10 5 5 5 6 1 1 0 0 6 1 1 0 1 1 1 1 0 0 0 0 0 0 0 0 0 0 0 0 0 0 0 0 0 0 0 0 0 0 0 0 0 0 0 0
 10 10 5 5 5 6 1 1 0 0 6 1 1 0 1 1 1 1 0 0 0 0 0 0 0 0 0 0 0 0 0 0 0 0 0 0 0 0 0 0 0 0 0 0 0 0
 26 26 9 12 12 7 1 1 20 20 1 4 4 0 0 0 0 0 0 0 0 0 0 0 0 0 0 0 0 0 0 0 0 0 0 0 0 0 0 0 0 0 0 0 0 0
 54 54 39 17 17 13 13 13 14 14 7 4 4 3 0 0 0 0 0 0 0 0 0 0 0 0 0 0 0 0 0 0 0 0 0 0 0 0 0 0 0 0 0 0 0 0
 54 54 39 17 17 13 13 13 14 14 7 4 4 3 0 0 0 0 0 0 0 0 0 0 0 0 0 0 0 0 0 0 0 0 0 0 0 0 0 0 0 0 0 0 0 0
 58 58 43 35 35 17 25 25 17 17 5 10 10 3 1 1 0 0 0 0 0 0 0 0 0 0 0 0 0 0 0 0 0 0 0 0 0 0 0 0 0 0 0 0 0 0
 35 35 37 55 55 29 36 36 22 22 8 5 5 7 9 9 9 9 3 0 0 0 0 0 0 0 0 0 0 1 0 0 0 0 0 0 0 0 0 0 0 0 0 0 0 0
 35 35 37 55 55 29 36 36 22 22 8 5 5 7 9 9 9 9 3 0 0 0 0 0 0 0 0 0 0 1 0 0 0 0 0 0 0 0 0 0 0 0 0 0 0 0
 13 13 50 71 71 42 36 36 18 18 19 3 3 5 8 8 10 10 5 1 1 0 0 0 0 0 0 0 0 0 0 0 0 0 0 0 0 0 0 0 0 0 0 0 0 0
 13 13 50 71 71 42 36 36 18 18 19 3 3 5 8 8 10 10 5 1 1 0 0 0 0 0 0 0 0 0 0 0 0 0 0 0 0 0 0 0 0 0 0 0 0 0
 14 14 28 33 33 75 37 37 26 26 7 7 7 15 6 6 9 9 10 1 1 3 0 0 0 0 0 0 0 0 0 0 0 0 0 0 0 0 1 1 0 0 0 0 0 0
 7 7 8 9 9 33 25 25 15 15 5 12 12 13 13 13 5 5 3 3 3 1 5 5 4 4 2 0 0 1 1 1 0 0 4 5 5 1 5 5 1 1 0 0 0 0
 7 7 8 9 9 33 25 25 15 15 5 12 12 13 13 13 5 5 3 3 3 1 5 5 4 4 2 0 0 1 1 1 0 0 4 5 5 1 5 5 1 1 0 0 0 0
 5 5 8 8 8 8 2 2 2 2 1 4 4 3 14 14 9 9 7 10 10 9 4 4 5 5 2 0 0 1 1 1 4 4 7 6 6 9 12 12 3 3 2 2 2 1
 3 3 1 1 1 1 2 2 4 4 6 10 10 9 9 9 13 13 33 23 23 30 8 8 3 3 3 3 3 2 1 1 1 1 7 4 4 9 13 13 12 12 8 4 4 1
 3 3 1 1 1 1 2 2 4 4 6 10 10 9 9 9 13 13 33 23 23 30 8 8 3 3 3 3 3 2 1 1 1 1 7 4 4 9 13 13 12 12 8 4 4 1
 1 1 1 2 2 3 2 2 4 4 7 6 6 9 12 12 34 34 36 47 47 36 14 14 2 2 2 1 1 1 1 1 0 0 7 9 9 2 6 6 12 12 11 8 8 1
 1 1 1 2 2 3 2 2 4 4 7 6 6 9 12 12 34 34 36 47 47 36 14 14 2 2 2 1 1 1 1 1 0 0 7 9 9 2 6 6 12 12 11 8 8 1
 1 1 1 4 4 4 6 6 7 7 9 6 6 12 15 15 20 20 37 42 42 19 18 18 6 6 2 3 3 2 2 2 1 1 4 6 6 7 9 9 16 16 9 7 7 19
 1 1 1 3 3 6 10 10 13 13 11 8 8 13 13 13 14 14 15 27 27 22 30 30 21 21 20 10 10 9 0 0 0 0 0 0 0 6 9 9 15 15 11 7 7 0
 1 1 1 3 3 6 10 10 13 13 11 8 8 13 13 13 14 14 15 27 27 22 30 30 21 21 20 10 10 9 0 0 0 0 0 0 0 6 9 9 15 15 11 7 7 0
 1 1 3 3 3 7 10 10 14 14 10 10 10 13 12 12 19 19 18 16 16 38 21 21 34 34 24 14 14 2 0 0 0 0 0 0 0 0 8 8 22 22 5 0 0 0
 1 1 1 3 3 5 19 19 17 17 14 20 20 22 12 12 19 19 15 19 19 24 13 13 10 10 1 2 2 1 0 0 0 0 0 0 0 0 4 4 59 59 12 0 0 0
 1 1 1 3 3 5 19 19 17 17 14 20 20 22 12 12 19 19 15 19 19 24 13 13 10 10 1 2 2 1 0 0 0 0 0 0 0 0 4 4 59 59 12 0 0 0
 0 0 1 1 1 3 8 8 19 19 19 21 21 19 21 21 18 18 14 8 8 15 10 10 5 5 0 0 0 0 0 0 0 0 0 0 0 0 1 1 1 1 4 0 0 0
 0 0 1 1 1 3 8 8 19 19 19 21 21 19 21 21 18 18 14 8 8 15 10 10 5 5 0 0 0 0 0 0 0 0 0 0 0 0 1 1 1 1 4 0 0 0
 2 2 1 0 0 1 1 1 21 21 15 11 11 15 14 14 11 11 7 13 13 4 3 3 1 1 1 0 0 0 0 0 1 1 0 0 0 1 4 4 3 3 0 0 0 3
 2 2 0 1 1 1 2 2 3 3 12 3 3 3 20 20 14 14 14 8 8 7 1 1 1 1 1 0 0 2 3 3 3 3 1 0 0 0 3 3 3 3 2 0 0 2
 2 2 0 1 1 1 2 2 3 3 12 3 3 3 20 20 14 14 14 8 8 7 1 1 1 1 1 0 0 2 3 3 3 3 1 0 0 0 3 3 3 3 2 0 0 2
 2 2 6 2 2 2 1 1 1 1 4 2 2 1 53 53 20 20 4 7 7 8 7 7 4 4 3 3 3 7 6 6 6 6 6 4 4 6 6 6 9 9 13 4 4 1
 3 3 2 6 6 4 1 1 2 2 2 1 1 1 6 6 3 3 4 12 12 16 21 21 5 5 0 2 2 4 7 7 10 10 10 6 6 5 5 5 4 4 12 7 7 2
 3 3 2 6 6 4 1 1 2 2 2 1 1 1 6 6 3 3 4 12 12 16 21 21 5 5 0 2 2 4 7 7 10 10 10 6 6 5 5 5 4 4 12 7 7 2
 4 4 5 5 5 2 2 2 2 2 1 1 1 1 2 2 1 1 4 6 6 11 36 36 16 16 3 4 4 7 10 10 15 15 15 9 9 7 8 8 7 7 4 10 10 16
 4 4 5 5 5 2 2 2 2 2 1 1 1 1 2 2 1 1 4 6 6 11 36 36 16 16 3 4 4 7 10 10 15 15 15 9 9 7 8 8 7 7 4 10 10 16
 3 3 8 6 6 2 2 2 2 2 3 1 1 1 4 4 2 2 4 12 12 25 49 49 34 34 10 7 7 9 11 11 13 13 14 12 12 17 15 15 13 13 9 8 8 10
 3 3 6 5 5 4 6 6 5 5 3 2 2 2 4 4 6 6 5 5 5 13 29 29 44 44 17 9 9 6 11 11 12 12 9 11 11 19 16 16 23 23 18 10 10 7
 3 3 6 5 5 4 6 6 5 5 3 2 2 2 4 4 6 6 5 5 5 13 29 29 44 44 17 9 9 6 11 11 12 12 9 11 11 19 16 16 23 23 18 10 10 7
 3 3 5 3 3 3 5 5 4 4 3 2 2 3 4 4 6 6 10 12 12 27 22 22 36 36 23 16 16 4 9 9 8 8 6 9 9 15 16 16 23 23 34 22 22 16
 1 1 4 2 2 2 3 3 3 3 2 2 2 2 4 4 4 4 5 14 14 21 26 26 54 54 47 42 42 7 7 7 13 13 12 13 13 11 14 14 16 16 33 33 33 45
 1 1 4 2 2 2 3 3 3 3 2 2 2 2 4 4 4 4 5 14 14 21 26 26 54 54 47 42 42 7 7 7 13 13 12 13 13 11 14 14 16 16 33 33 33 45
 4 4 6 1 1 5 3 3 5 5 2 2 2 2 2 2 2 2 4 10 10 20 52 52 57 57 69 47 47 9 8 8 14 14 14 11 11 11 16 16 23 23 36 37 37 41
 4 4 6 1 1 5 3 3 5 5 2 2 2 2 2 2 2 2 4 10 10 20 52 52 57 57 69 47 47 9 8 8 14 14 14 11 11 11 16 16 23 23 36 37 37 41
 9 9 6 3 3 5 5 5 3 3 3 4 4 1 1 1 1 1 1 5 5 16 48 48 71 71 58 41 41 24 12 12 20 20 22 16 16 13 15 15 12 12 11 22 22 19
 6 6 5 3 3 4 5 5 6 6 5 11 11 1 1 1 0 0 0 2 2 13 43 43 40 40 92 37 37 26 21 21 36 36 27 23 23 26 11 11 8 8 12 11 11 18
 6 6 5 3 3 4 5 5 6 6 5 11 11 1 1 1 0 0 0 2 2 13 43 43 40 40 92 37 37 26 21 21 36 36 27 23 23 26 11 11 8 8 12 11 11 18
 5 5 3 4 4 4 10 10 9 9 6 3 3 34 4 4 2 2 2 1 1 12 21 21 28 28 56 25 25 30 36 36 56 56 29 24 24 28 20 20 21 21 20 15 15 23
 7 7 6 5 5 4 5 5 6 6 12 30 30 21 4 4 3 3 2 1 1 7 15 15 12 12 11 21 21 27 49 49 46 46 37 47 47 36 30 30 47 47 46 50 50 18
 7 7 6 5 5 4 5 5 6 6 12 30 30 21 4 4 3 3 2 1 1 7 15 15 12 12 11 21 21 27 49 49 46 46 37 47 47 36 30 30 47 47 46 50 50 18
 15 15 3 3 3 3 7 7 3 3 17 13 13 25 17 17 29 29 12 13 13 9 8 8 10 10 17 18 18 43 42 42 41 41 38 46 46 49 34 34 52 52 51 32 32 13
 15 15 3 3 3 3 7 7 3 3 17 13 13 25 17 17 29 29 12 13 13 9 8 8 10 10 17 18 18 43 42 42 41 41 38 46 46 49 34 34 52 52 51 32 32 13
 5 5 4 2 2 5 8 8 4 4 7 7 7 19 40 40 28 28 8 15 15 3 4 4 10 10 8 14 14 26 27 27 31 31 28 43 43 54 36 36 37 37 30 36 36 23
 6 6 5 5 5 5 2 2 12 12 22 6 6 12 38 38 48 48 40 24 24 3 2 2 5 5 6 19 19 9 21 21 28 28 22 29 29 40 38 38 35 35 31 34 34 22
 6 6 5 5 5 5 2 2 12 12 22 6 6 12 38 38 48 48 40 24 24 3 2 2 5 5 6 19 19 9 21 21 28 28 22 29 29 40 38 38 35 35 31 34 34 22
 6 6 5 2 2 3 8 8 5 5 4 25 25 17 26 26 39 39 58 33 33 9 5 5 3 3 10 9 9 4 16 16 9 9 12 23 23 31 33 33 25 25 19 16 16 12
 6 6 6 3 3 6 3 3 2 2 1 7 7 6 11 11 14 14 68 65 65 40 19 19 13 13 7 4 4 3 3 3 2 2 3 10 10 14 20 20 26 26 15 12 12 5
 6 6 6 3 3 6 3 3 2 2 1 7 7 6 11 11 14 14 68 65 65 40 19 19 13 13 7 4 4 3 3 3 2 2 3 10 10 14 20 20 26 26 15 12 12 5
 7 7 4 4 4 2 3 3 3 3 2 4 4 8 7 7 9 9 9 11 11 43 21 21 11 11 8 4 4 5 5 5 5 5 1 1 1 9 8 8 15 15 12 10 10 3
 7 7 4 4 4 2 3 3 3 3 2 4 4 8 7 7 9 9 9 11 11 43 21 21 11 11 8 4 4 5 5 5 5 5 1 1 1 9 8 8 15 15 12 10 10 3
 6 6 5 4 4 1 2 2 1 1 1 2 2 4 4 4 4 4 7 8 8 17 16 16 24 24 23 5 5 7 5 5 7 7 6 11 11 6 9 9 15 15 4 3 3 2
 6 6 7 4 4 3 2 2 1 1 1 1 1 1 1 1 4 4 4 4 4 5 3 3 21 21 24 5 5 9 7 7 7 7 6 4 4 2 6 6 7 7 4 4 4 2
 6 6 7 4 4 3 2 2 1 1 1 1 1 1 1 1 4 4 4 4 4 5 3 3 21 21 24 5 5 9 7 7 7 7 6 4 4 2 6 6 7 7 4 4 4 2
 9 9 7 6 6 4 4 4 1 1 4 1 1 1 2 2 2 2 3 3 3 2 3 3 3 3 6 5 5 3 11 11 24 24 14 8 8 11 7 7 12 12 9 1 1 2
 6 6 8 5 5 5 5 5 6 6 5 2 2 2 2 2 1 1 3 6 6 2 3 3 4 4 5 4 4 8 8 8 10 10 17 20 20 12 10 10 11 11 22 9 9 3
 6 6 8 5 5 5 5 5 6 6 5 2 2 2 2 2 1 1 3 6 6 2 3 3 4 4 5 4 4 8 8 8 10 10 17 20 20 12 10 10 11 11 22 9 9 3
 7 7 8 7 7 8 5 5 5 5 7 3 3 3 4 4 3 3 6 5 5 5 3 3 5 5 5 5 5 10 13 13 10 10 15 17 17 14 30 30 14 14 16 7 7 4
 7 7 8 7 7 8 5 5 5 5 7 3 3 3 4 4 3 3 6 5 5 5 3 3 5 5 5 5 5 10 13 13 10 10 15 17 17 14 30 30 14 14 16 7 7 4
 12 12 10 9 9 7 7 7 8 8 6 7 7 5 6 6 4 4 4 4 4 11 9 9 12 12 8 12 12 12 6 6 5 5 12 12 12 18 15 15 14 14 23 21 21 3
 10 10 8 10 10 9 10 10 10 10 12 9 9 9 8 8 8 8 9 6 6 13 10 10 12 12 10 9 9 6 6 6 5 5 3 4 4 9 13 13 6 6 5 1 1 1
 10 10 8 10 10 9 10 10 10 10 12 9 9 9 8 8 8 8 9 6 6 13 10 10 12 12 10 9 9 6 6 6 5 5 3 4 4 9 13 13 6 6 5 1 1 1
 11 11 12 9 9 10 12 12 14 14 12 12 12 11 11 11 9 9 10 11 11 13 13 13 15 15 31 14 14 10 5 5 6 6 5 6 6 7 11 11 7 7 8 4 4 8
 8 8 11 10 10 10 13 13 12 12 15 19 19 16 16 16 11 11 11 11 11 9 13 13 9 9 10 14 14 11 5 5 5 5 5 8 8 5 7 7 6 6 9 8 8 9
