assets/RAT_results_old/precipitation/2018-08-18_IMERG.asc
ncols        46
nrows        77
xllcorner    74.800261325624
yllcorner    8.058333333333
cellsize     0.062500000000
NODATA_value -9999
 8 8 4 10 10 15 15 15 11 11 12 10 10 11 9 9 9 9 5 3 3 1 0 0 1 1 0 0 0 0 0 0 0 0 1 1 1 0 0 0 0 0 0 0 0 0
 10 10 8 10 10 14 16 16 13 13 18 18 18 20 16 16 12 12 13 12 12 13 3 3 2 2 1 0 0 0 0 0 0 0 0 0 0 0 0 0 0 0 0 0 0 0
 10 10 8 10 10 14 16 16 13 13 18 18 18 20 16 16 12 12 13 12 12 13 3 3 2 2 1 0 0 0 0 0 0 0 0 0 0 0 0 0 0 0 0 0 0 0
 6 6 7 14 14 14 13 13 15 15 17 17 17 21 29 29 23 23 17 12 12 11 2 2 2 2 1 0 0 0 0 0 0 0 0 0 0 0 0 0 0 0 0 0 0 0
 2 2 5 8 8 6 11 11 18 18 17 17 17 22 15 15 20 20 24 12 12 4 1 1 1 1 1 1 1 0 0 0 0 0 0 0 0 0 0 0 0 0 0 0 0 0
 2 2 5 8 8 6 11 11 18 18 17 17 17 22 15 15 20 20 24 12 12 4 1 1 1 1 1 1 1 0 0 0 0 0 0 0 0 0 0 0 0 0 0 0 0 0
 1 1 3 7 7 10 9 9 8 8 8 15 15 21 19 19 20 20 23 16 16 3 5 5 0 0 1 1 1 0 0 0 0 0 0 0 0 0 0 0 0 0 0 0 0 0
 1 1 3 7 7 10 9 9 8 8 8 15 15 21 19 19 20 20 23 16 16 3 5 5 0 0 1 1 1 0 0 0 0 0 0 0 0 0 0 0 0 0 0 0 0 0
 1 1 3 4 4 3 3 3 4 4 7 10 10 16 15 15 13 13 17 12 12 9 4 4 1 1 1 0 0 0 0 0 0 0 0 0 0 0 0 0 0 0 0 0 0 0
 1 1 1 3 3 8 4 4 5 5 7 11 11 12 14 14 12 12 13 9 9 1 1 1 1 1 2 1 1 1 2 2 0 0 0 0 0 0 0 0 0 0 0 0 0 0
 1 1 1 3 3 8 4 4 5 5 7 11 11 12 14 14 12 12 13 9 9 1 1 1 1 1 2 1 1 1 2 2 0 0 0 0 0 0 0 0 0 0 0 0 0 0
 0 0 1 2 2 6 5 5 6 6 5 16 16 14 13 13 10 10 6 3 3 2 2 2 2 2 2 1 1 2 2 2 0 0 0 0 0 0 0 0 0 0 0 0 0 0
 1 1 1 4 4 5 6 6 8 8 9 16 16 17 10 10 13 13 8 10 10 3 2 2 2 2 2 1 1 0 1 1 0 0 0 0 0 0 0 0 0 0 0 0 0 0
 1 1 1 4 4 5 6 6 8 8 9 16 16 17 10 10 13 13 8 10 10 3 2 2 2 2 2 1 1 0 1 1 0 0 0 0 0 0 0 0 0 0 0 0 0 0
 2 2 1 3 3 3 5 5 7 7 8 18 18 18 18 18 14 14 12 9 9 2 3 3 3 3 2 0 0 1 0 0 0 0 0 0 0 0 0 0 0 0 0 0 0 0
 2 2 1 3 3 3 5 5 7 7 8 18 18 18 18 18 14 14 12 9 9 2 3 3 3 3 2 0 0 1 0 0 0 0 0 0 0 0 0 0 0 0 0 0 0 0
 2 2 2 2 2 3 4 4 6 6 13 16 16 16 13 13 4 4 4 3 3 1 2 2 2 2 2 0 0 0 0 0 0 0 0 0 0 0 1 1 0 0 0 0 0 0
 3 3 2 2 2 2 3 3 3 3 4 7 7 8 2 2 1 1 1 3 3 2 0 0 0 0 1 0 0 0 0 0 0 0 0 0 0 0 0 0 0 0 0 0 0 0
 3 3 2 2 2 2 3 3 3 3 4 7 7 8 2 2 1 1 1 3 3 2 0 0 0 0 1 0 0 0 0 0 0 0 0 0 0 0 0 0 0 0 0 0 0 0
 3 3 3 2 2 2 3 3 3 3 2 6 6 4 1 1 1 1 1 1 1 2 0 0 0 0 0 0 0 0 0 0 0 0 0 0 0 0 0 0 0 0 0 0 0 0
 4 4 3 3 3 2 2 2 2 2 2 4 4 4 2 2 2 2 0 0 0 1 0 0 0 0 1 0 0 0 0 0 0 0 0 0 0 0 0 0 0 0 0 0 0 0
 4 4 3 3 3 2 2 2 2 2 2 4 4 4 2 2 2 2 0 0 0 1 0 0 0 0 1 0 0 0 0 0 0 0 0 0 0 0 0 0 0 0 0 0 0 0
 4 4 3 3 3 3 3 3 1 1 2 1 1 4 5 5 1 1 0 0 0 3 0 0 1 1 3 3 3 1 0 0 0 0 0 0 0 0 0 0 0 0 0 0 0 0
 4 4 3 3 3 3 3 3 1 1 2 1 1 4 5 5 1 1 0 0 0 3 0 0 1 1 3 3 3 1 0 0 0 0 0 0 0 0 0 0 0 0 0 0 0 0
 4 4 4 3 3 3 3 3 1 1 0 2 2 2 2 2 3 3 1 0 0 0 0 0 2 2 2 2 2 1 0 0 0 0 1 0 0 0 0 0 0 0 0 0 0 0
 4 4 4 3 3 3 3 3 2 2 1 2 2 1 2 2 2 2 0 0 0 0 0 0 2 2 0 1 1 2 1 1 0 0 0 0 0 0 0 0 0 0 0 1 1 0
 4 4 4 3 3 3 3 3 2 2 1 2 2 1 2 2 2 2 0 0 0 0 0 0 2 2 0 1 1 2 1 1 0 0 0 0 0 0 0 0 0 0 0 1 1 0
 4 4 7 7 7 7 3 3 2 2 1 1 1 1 1 1 2 2 1 0 0 0 1 1 1 1 1 1 1 2 0 0 0 0 0 0 0 0 0 0 0 0 0 0 0 0
 4 4 10 15 15 6 2 2 3 3 1 4 4 0 1 1 1 1 2 0 0 0 1 1 0 0 0 0 0 0 0 0 1 1 1 0 0 0 0 0 0 0 0 0 0 0
 4 4 10 15 15 6 2 2 3 3 1 4 4 0 1 1 1 1 2 0 0 0 1 1 0 0 0 0 0 0 0 0 1 1 1 0 0 0 0 0 0 0 0 0 0 0
 4 4 3 7 7 7 1 1 1 1 1 2 2 5 2 2 3 3 3 1 1 1 2 2 8 8 3 0 0 0 0 0 0 0 1 0 0 0 0 0 0 0 1 0 0 0
 4 4 3 7 7 7 1 1 1 1 1 2 2 5 2 2 3 3 3 1 1 1 2 2 8 8 3 0 0 0 0 0 0 0 1 0 0 0 0 0 0 0 1 0 0 0
 5 5 4 6 6 7 1 1 1 1 2 3 3 4 3 3 6 6 9 16 16 2 5 5 6 6 4 0 0 0 1 1 0 0 1 1 1 0 0 0 0 0 0 0 0 0
 4 4 4 8 8 3 2 2 1 1 2 1 1 4 2 2 3 3 14 18 18 24 15 15 8 8 2 1 1 0 0 0 0 0 0 0 0 0 0 0 0 0 1 0 0 0
 4 4 4 8 8 3 2 2 1 1 2 1 1 4 2 2 3 3 14 18 18 24 15 15 8 8 2 1 1 0 0 0 0 0 0 0 0 0 0 0 0 0 1 0 0 0
 5 5 4 7 7 2 1 1 1 1 2 1 1 2 6 6 2 2 3 7 7 12 3 3 2 2 0 2 2 0 0 0 0 0 0 4 4 0 0 0 0 0 0 0 0 0
 4 4 3 10 10 2 7 7 2 2 1 2 2 1 7 7 4 4 2 4 4 3 3 3 1 1 1 1 1 1 2 2 3 3 5 7 7 1 0 0 0 0 0 0 0 0
 4 4 3 10 10 2 7 7 2 2 1 2 2 1 7 7 4 4 2 4 4 3 3 3 1 1 1 1 1 1 2 2 3 3 5 7 7 1 0 0 0 0 0 0 0 0
 4 4 10 5 5 5 5 5 3 3 2 1 1 2 2 2 1 1 1 4 4 3 5 5 1 1 1 2 2 4 4 4 4 4 3 5 5 1 0 0 1 1 0 0 0 0
 4 4 10 5 5 5 5 5 3 3 2 1 1 2 2 2 1 1 1 4 4 3 5 5 1 1 1 2 2 4 4 4 4 4 3 5 5 1 0 0 1 1 0 0 0 0
 7 7 12 13 13 5 11 11 3 3 2 2 2 4 2 2 4 4 2 3 3 1 1 1 0 0 0 3 3 8 5 5 3 3 6 4 4 4 1 1 0 0 0 1 1 0
 4 4 4 5 5 9 10 10 13 13 11 2 2 1 3 3 3 3 2 2 2 4 2 2 3 3 3 2 2 3 5 5 12 12 6 9 9 9 4 4 2 2 1 1 1 1
 4 4 4 5 5 9 10 10 13 13 11 2 2 1 3 3 3 3 2 2 2 4 2 2 3 3 3 2 2 3 5 5 12 12 6 9 9 9 4 4 2 2 1 1 1 1
 4 4 4 7 7 22 13 13 15 15 12 6 6 2 3 3 2 2 1 6 6 2 4 4 3 3 3 2 2 1 3 3 6 6 6 10 10 8 4 4 2 2 1 2 2 3
 7 7 4 11 11 16 15 15 15 15 11 8 8 8 2 2 3 3 1 3 3 2 7 7 14 14 6 12 12 17 12 12 8 8 7 4 4 4 9 9 1 1 5 4 4 1
 7 7 4 11 11 16 15 15 15 15 11 8 8 8 2 2 3 3 1 3 3 2 7 7 14 14 6 12 12 17 12 12 8 8 7 4 4 4 9 9 1 1 5 4 4 1
 3 3 12 18 18 20 4 4 13 13 18 12 12 13 1 1 3 3 3 6 6 10 16 16 15 15 8 11 11 19 10 10 7 7 7 5 5 5 3 3 2 2 1 4 4 1
 3 3 12 18 18 20 4 4 13 13 18 12 12 13 1 1 3 3 3 6 6 10 16 16 15 15 8 11 11 19 10 10 7 7 7 5 5 5 3 3 2 2 1 4 4 1
 5 5 13 22 22 14 18 18 11 11 19 16 16 12 2 2 1 1 4 8 8 12 14 14 21 21 17 17 17 34 22 22 25 25 7 6 6 5 4 4 4 4 4 2 2 2
 8 8 23 23 23 15 26 26 18 18 24 15 15 15 6 6 5 5 8 18 18 25 10 10 14 14 17 19 19 22 17 17 16 16 12 15 15 14 7 7 8 8 3 6 6 1
 8 8 23 23 23 15 26 26 18 18 24 15 15 15 6 6 5 5 8 18 18 25 10 10 14 14 17 19 19 22 17 17 16 16 12 15 15 14 7 7 8 8 3 6 6 1
 8 8 17 25 25 19 24 24 25 25 23 17 17 18 14 14 14 14 14 29 29 33 19 19 13 13 20 13 13 11 11 11 14 14 14 19 19 16 10 10 10 10 9 9 9 3
 7 7 11 18 18 23 26 26 22 22 21 17 17 16 14 14 21 21 23 25 25 26 21 21 21 21 15 20 20 11 11 11 13 13 13 18 18 12 12 12 12 12 13 13 13 4
 7 7 11 18 18 23 26 26 22 22 21 17 17 16 14 14 21 21 23 25 25 26 21 21 21 21 15 20 20 11 11 11 13 13 13 18 18 12 12 12 12 12 13 13 13 4
 7 7 9 11 11 12 20 20 16 16 22 16 16 13 15 15 19 19 23 22 22 21 24 24 29 29 23 15 15 11 9 9 9 9 11 11 11 13 13 13 10 10 12 11 11 6
 7 7 9 11 11 12 20 20 16 16 22 16 16 13 15 15 19 19 23 22 22 21 24 24 29 29 23 15 15 11 9 9 9 9 11 11 11 13 13 13 10 10 12 11 11 6
 7 7 8 10 10 9 12 12 9 9 13 19 19 20 12 12 11 11 11 21 21 19 26 26 25 25 28 27 27 21 16 16 8 8 13 12 12 9 14 14 14 14 15 7 7 5
 11 11 11 9 9 14 9 9 8 8 9 19 19 13 13 13 17 17 19 15 15 20 22 22 21 21 22 28 28 31 19 19 14 14 20 13 13 9 13 13 17 17 14 11 11 4
 11 11 11 9 9 14 9 9 8 8 9 19 19 13 13 13 17 17 19 15 15 20 22 22 21 21 22 28 28 31 19 19 14 14 20 13 13 9 13 13 17 17 14 11 11 4
 21 21 16 10 10 11 10 10 10 10 9 10 10 13 16 16 22 22 23 17 17 17 15 15 15 15 19 23 23 31 22 22 18 18 19 13 13 9 12 12 17 17 13 8 8 3
 21 21 11 10 10 12 15 15 14 14 7 6 6 7 12 12 14 14 24 18 18 17 10 10 12 12 18 20 20 18 14 14 15 15 15 19 19 10 16 16 18 18 11 11 11 4
 21 21 11 10 10 12 15 15 14 14 7 6 6 7 12 12 14 14 24 18 18 17 10 10 12 12 18 20 20 18 14 14 15 15 15 19 19 10 16 16 18 18 11 11 11 4
 18 18 12 12 12 16 25 25 20 20 8 8 8 8 10 10 16 16 19 18 18 11 10 10 13 13 14 20 20 16 17 17 16 16 15 21 21 17 18 18 15 15 16 7 7 5
 18 18 12 12 12 16 25 25 20 20 8 8 8 8 10 10 16 16 19 18 18 11 10 10 13 13 14 20 20 16 17 17 16 16 15 21 21 17 18 18 15 15 16 7 7 5
 19 19 18 20 20 17 14 14 9 9 8 9 9 6 10 10 13 13 10 13 13 13 14 14 13 13 15 16 16 18 16 16 25 25 19 14 14 20 18 18 16 16 16 9 9 3
 16 16 42 18 18 13 16 16 20 20 14 13 13 10 8 8 9 9 8 9 9 11 11 11 9 9 14 15 15 20 19 19 18 18 13 14 14 15 21 21 25 25 19 11 11 4
 16 16 42 18 18 13 16 16 20 20 14 13 13 10 8 8 9 9 8 9 9 11 11 11 9 9 14 15 15 20 19 19 18 18 13 14 14 15 21 21 25 25 19 11 11 4
 27 27 18 16 16 14 19 19 25 25 15 10 10 15 9 9 7 7 9 8 8 9 13 13 12 12 14 13 13 11 23 23 19 19 20 12 12 15 36 36 26 26 26 14 14 6
 20 20 20 20 20 29 35 35 21 21 16 14 14 16 13 13 9 9 12 14 14 13 13 13 18 18 21 13 13 17 11 11 12 12 13 19 19 19 23 23 26 26 22 20 20 9
 20 20 20 20 20 29 35 35 21 21 16 14 14 16 13 13 9 9 12 14 14 13 13 13 18 18 21 13 13 17 11 11 12 12 13 19 19 19 23 23 26 26 22 20 20 9
 14 14 15 31 31 44 46 46 31 31 17 14 14 14 11 11 11 11 13 20 20 18 12 12 16 16 25 26 26 20 10 10 10 10 16 11 11 9 19 19 26 26 21 19 19 13
 14 14 15 31 31 44 46 46 31 31 17 14 14 14 11 11 11 11 13 20 20 18 12 12 16 16 25 26 26 20 10 10 10 10 16 11 11 9 19 19 26 26 21 19 19 13
 10 10 11 18 18 30 36 36 31 31 17 15 15 14 15 15 8 8 10 21 21 17 9 9 12 12 20 17 17 7 7 7 8 8 19 10 10 11 10 10 18 18 23 20 20 23
 8 8 6 15 15 14 17 17 17 17 17 16 16 13 14 14 7 7 11 15 15 12 9 9 6 6 8 5 5 5 8 8 8 8 8 6 6 14 13 13 15 15 11 25 25 23
 8 8 6 15 15 14 17 17 17 17 17 16 16 13 14 14 7 7 11 15 15 12 9 9 6 6 8 5 5 5 8 8 8 8 8 6 6 14 13 13 15 15 11 25 25 23
 8 8 9 5 5 9 13 13 9 9 12 14 14 16 19 19 20 20 12 17 17 15 11 11 6 6 7 6 6 6 4 4 2 2 7 8 8 16 15 15 18 18 11 20 20 24
 25 25 13 9 9 8 14 14 14 14 8 16 16 14 12 12 31 31 36 35 35 18 9 9 7 7 10 10 10 11 8 8 7 7 5 5 5 9 9 9 13 13 20 12 12 21
