assets/RAT_results_old/precipitation/2018-08-07_IMERG.asc
ncols        46
nrows        77
xllcorner    74.800261325624
yllcorner    8.058333333333
cellsize     0.062500000000
NODATA_value -9999
 3 3 4 4 4 7 7 7 17 17 22 25 25 27 14 14 14 14 1 1 1 1 0 0 0 0 0 0 0 0 0 0 0 0 0 0 0 1 0 0 0 0 0 0 0 0
 5 5 5 6 6 11 21 21 18 18 12 16 16 19 20 20 9 9 8 0 0 0 0 0 0 0 0 0 0 0 0 0 0 0 0 1 1 3 1 1 1 1 0 0 0 0
 5 5 5 6 6 11 21 21 18 18 12 16 16 19 20 20 9 9 8 0 0 0 0 0 0 0 0 0 0 0 0 0 0 0 0 1 1 3 1 1 1 1 0 0 0 0
 4 4 5 5 5 3 10 10 17 17 23 23 23 23 15 15 12 12 8 0 0 0 0 0 0 0 0 0 0 0 0 0 0 0 1 1 1 1 1 1 0 0 0 0 0 0
 2 2 2 4 4 5 18 18 20 20 21 28 28 23 24 24 16 16 12 2 2 1 0 0 0 0 0 1 1 0 0 0 1 1 1 1 1 0 0 0 0 0 0 0 0 0
 2 2 2 4 4 5 18 18 20 20 21 28 28 23 24 24 16 16 12 2 2 1 0 0 0 0 0 1 1 0 0 0 1 1 1 1 1 0 0 0 0 0 0 0 0 0
 4 4 6 8 8 4 4 4 16 16 22 24 24 21 16 16 14 14 9 3 3 1 0 0 0 0 0 0 0 0 0 0 0 0 0 1 1 0 0 0 0 0 0 0 0 0
 4 4 6 8 8 4 4 4 16 16 22 24 24 21 16 16 14 14 9 3 3 1 0 0 0 0 0 0 0 0 0 0 0 0 0 1 1 0 0 0 0 0 0 0 0 0
 6 6 7 12 12 15 12 12 15 15 34 35 35 30 30 30 19 19 14 5 5 1 0 0 0 0 0 0 0 0 0 0 0 0 0 0 0 0 0 0 0 0 0 0 0 0
 10 10 10 14 14 23 29 29 30 30 30 70 70 66 63 63 48 48 31 30 30 10 1 1 0 0 0 0 0 0 0 0 0 0 0 0 0 0 0 0 0 0 0 0 0 0
 10 10 10 14 14 23 29 29 30 30 30 70 70 66 63 63 48 48 31 30 30 10 1 1 0 0 0 0 0 0 0 0 0 0 0 0 0 0 0 0 0 0 0 0 0 0
 6 6 9 16 16 23 18 18 21 21 27 55 55 93 83 83 74 74 67 24 24 14 7 7 0 0 3 0 0 0 0 0 0 0 0 0 0 0 0 0 0 0 0 0 0 0
 2 2 7 10 10 17 19 19 23 23 34 52 52 72 99 99 95 95 95 43 43 29 11 11 5 5 1 0 0 0 0 0 0 0 0 0 0 0 0 0 0 0 0 0 0 0
 2 2 7 10 10 17 19 19 23 23 34 52 52 72 99 99 95 95 95 43 43 29 11 11 5 5 1 0 0 0 0 0 0 0 0 0 0 0 0 0 0 0 0 0 0 0
 1 1 6 21 21 16 20 20 15 15 37 33 33 52 66 66 97 97 99 58 58 36 21 21 5 5 4 1 1 0 0 0 0 0 0 0 0 0 0 0 0 0 0 0 0 0
 1 1 6 21 21 16 20 20 15 15 37 33 33 52 66 66 97 97 99 58 58 36 21 21 5 5 4 1 1 0 0 0 0 0 0 0 0 0 0 0 0 0 0 0 0 0
 4 4 10 17 17 16 13 13 24 24 23 29 29 46 66 66 94 94 71 65 65 58 34 34 25 25 10 3 3 2 0 0 0 0 0 0 0 0 1 1 0 0 0 0 0 0
 6 6 15 17 17 12 10 10 16 16 21 25 25 44 48 48 60 60 72 66 66 57 55 55 50 50 26 3 3 4 2 2 1 1 0 0 0 0 0 0 0 0 0 0 0 0
 6 6 15 17 17 12 10 10 16 16 21 25 25 44 48 48 60 60 72 66 66 57 55 55 50 50 26 3 3 4 2 2 1 1 0 0 0 0 0 0 0 0 0 0 0 0
 10 10 16 16 16 14 3 3 16 16 17 22 22 25 36 36 37 37 57 84 84 64 42 42 49 49 29 14 14 5 4 4 1 1 0 0 0 0 0 0 0 0 0 0 0 0
 16 16 22 25 25 12 6 6 5 5 13 17 17 22 32 32 23 23 43 77 77 65 52 52 37 37 32 18 18 10 8 8 1 1 1 1 1 0 0 0 0 0 0 0 0 0
 16 16 22 25 25 12 6 6 5 5 13 17 17 22 32 32 23 23 43 77 77 65 52 52 37 37 32 18 18 10 8 8 1 1 1 1 1 0 0 0 0 0 0 0 0 0
 38 38 33 27 27 16 7 7 9 9 16 8 8 21 26 26 29 29 41 45 45 56 57 57 35 35 29 22 22 14 9 9 2 2 1 0 0 1 0 0 0 0 0 0 0 0
 38 38 33 27 27 16 7 7 9 9 16 8 8 21 26 26 29 29 41 45 45 56 57 57 35 35 29 22 22 14 9 9 2 2 1 0 0 1 0 0 0 0 0 0 0 0
 6 6 18 44 44 40 11 11 5 5 14 11 11 19 23 23 36 36 41 42 42 43 47 47 36 36 24 26 26 12 3 3 2 2 0 2 2 0 0 0 0 0 0 0 0 0
 3 3 2 4 4 10 7 7 9 9 10 6 6 9 27 27 30 30 34 34 34 35 36 36 25 25 13 27 27 22 4 4 1 1 1 0 0 0 0 0 0 0 0 0 0 0
 3 3 2 4 4 10 7 7 9 9 10 6 6 9 27 27 30 30 34 34 34 35 36 36 25 25 13 27 27 22 4 4 1 1 1 0 0 0 0 0 0 0 0 0 0 0
 1 1 1 1 1 3 6 6 9 9 10 11 11 14 21 21 19 19 25 31 31 34 23 23 17 17 18 25 25 10 5 5 1 1 1 1 1 0 0 0 0 0 0 0 0 0
 1 1 0 1 1 4 10 10 14 14 11 12 12 15 23 23 33 33 32 38 38 25 15 15 17 17 13 14 14 7 5 5 3 3 1 1 1 0 0 0 0 0 0 0 0 0
 1 1 0 1 1 4 10 10 14 14 11 12 12 15 23 23 33 33 32 38 38 25 15 15 17 17 13 14 14 7 5 5 3 3 1 1 1 0 0 0 0 0 0 0 0 0
 0 0 0 1 1 6 15 15 16 16 12 19 19 31 24 24 44 44 47 35 35 26 17 17 9 9 10 9 9 3 7 7 3 3 1 0 0 0 0 0 0 0 0 0 0 0
 0 0 0 1 1 6 15 15 16 16 12 19 19 31 24 24 44 44 47 35 35 26 17 17 9 9 10 9 9 3 7 7 3 3 1 0 0 0 0 0 0 0 0 0 0 0
 0 0 1 2 2 3 5 5 6 6 11 18 18 34 40 40 48 48 44 41 41 25 19 19 20 20 7 4 4 2 3 3 5 5 0 0 0 0 0 0 0 0 0 0 0 0
 0 0 4 6 6 2 3 3 6 6 9 19 19 36 36 36 35 35 41 49 49 47 36 36 20 20 14 9 9 13 5 5 2 2 0 0 0 0 0 0 0 0 0 0 0 0
 0 0 4 6 6 2 3 3 6 6 9 19 19 36 36 36 35 35 41 49 49 47 36 36 20 20 14 9 9 13 5 5 2 2 0 0 0 0 0 0 0 0 0 0 0 0
 2 2 10 2 2 11 3 3 7 7 9 15 15 25 62 62 29 29 41 49 49 49 39 39 32 32 39 26 26 21 18 18 15 15 1 4 4 4 0 0 0 0 0 0 0 0
 2 2 4 3 3 2 3 3 4 4 4 15 15 35 47 47 52 52 33 52 52 46 46 46 39 39 48 38 38 26 22 22 23 23 11 6 6 2 0 0 0 0 0 0 0 0
 2 2 4 3 3 2 3 3 4 4 4 15 15 35 47 47 52 52 33 52 52 46 46 46 39 39 48 38 38 26 22 22 23 23 11 6 6 2 0 0 0 0 0 0 0 0
 4 4 4 3 3 1 1 1 1 1 1 5 5 20 18 18 20 20 25 49 49 46 53 53 47 47 47 44 44 42 29 29 24 24 12 18 18 5 2 2 1 1 1 0 0 0
 4 4 4 3 3 1 1 1 1 1 1 5 5 20 18 18 20 20 25 49 49 46 53 53 47 47 47 44 44 42 29 29 24 24 12 18 18 5 2 2 1 1 1 0 0 0
 5 5 4 3 3 1 1 1 1 1 1 1 1 7 11 11 20 20 26 33 33 34 44 44 40 40 43 41 41 43 43 43 37 37 27 21 21 9 7 7 5 5 1 1 1 1
 3 3 4 1 1 1 2 2 1 1 1 1 1 3 5 5 15 15 20 13 13 26 22 22 20 20 21 32 32 36 34 34 46 46 38 34 34 27 17 17 7 7 2 2 2 1
 3 3 4 1 1 1 2 2 1 1 1 1 1 3 5 5 15 15 20 13 13 26 22 22 20 20 21 32 32 36 34 34 46 46 38 34 34 27 17 17 7 7 2 2 2 1
 2 2 1 1 1 2 1 1 1 1 4 1 1 1 1 1 1 1 7 5 5 12 9 9 10 10 11 17 17 26 25 25 48 48 39 33 33 41 10 10 6 6 1 1 1 0
 1 1 1 0 0 2 1 1 1 1 1 2 2 2 1 1 1 1 1 2 2 3 7 7 13 13 14 13 13 23 24 24 26 26 28 17 17 28 10 10 7 7 0 0 0 0
 1 1 1 0 0 2 1 1 1 1 1 2 2 2 1 1 1 1 1 2 2 3 7 7 13 13 14 13 13 23 24 24 26 26 28 17 17 28 10 10 7 7 0 0 0 0
 0 0 0 0 0 1 1 1 1 1 1 1 1 2 1 1 1 1 2 3 3 3 3 3 6 6 41 8 8 11 20 20 19 19 18 23 23 20 11 11 4 4 2 0 0 0
 0 0 0 0 0 1 1 1 1 1 1 1 1 2 1 1 1 1 2 3 3 3 3 3 6 6 41 8 8 11 20 20 19 19 18 23 23 20 11 11 4 4 2 0 0 0
 0 0 1 0 0 1 3 3 1 1 1 1 1 1 1 1 1 1 1 3 3 1 2 2 5 5 12 10 10 11 16 16 13 13 17 14 14 16 9 9 1 1 1 0 0 0
 0 0 1 1 1 0 3 3 3 3 2 1 1 1 1 1 1 1 3 3 3 5 4 4 3 3 7 9 9 5 9 9 8 8 14 13 13 9 3 3 1 1 1 0 0 0
 0 0 1 1 1 0 3 3 3 3 2 1 1 1 1 1 1 1 3 3 3 5 4 4 3 3 7 9 9 5 9 9 8 8 14 13 13 9 3 3 1 1 1 0 0 0
 1 1 2 1 1 3 3 3 3 3 2 1 1 1 1 1 2 2 3 5 5 2 1 1 3 3 6 8 8 9 8 8 2 2 2 3 3 6 3 3 1 1 1 1 1 1
 2 2 4 2 2 3 4 4 4 4 2 2 2 3 3 3 6 6 9 12 12 13 3 3 6 6 8 13 13 8 8 8 3 3 7 4 4 4 4 4 1 1 1 1 1 0
 2 2 4 2 2 3 4 4 4 4 2 2 2 3 3 3 6 6 9 12 12 13 3 3 6 6 8 13 13 8 8 8 3 3 7 4 4 4 4 4 1 1 1 1 1 0
 3 3 8 13 13 8 5 5 7 7 5 1 1 1 2 2 5 5 10 10 10 4 4 4 13 13 19 22 22 10 10 10 9 9 10 4 4 5 5 5 1 1 1 0 0 0
 3 3 8 13 13 8 5 5 7 7 5 1 1 1 2 2 5 5 10 10 10 4 4 4 13 13 19 22 22 10 10 10 9 9 10 4 4 5 5 5 1 1 1 0 0 0
 10 10 20 16 16 9 8 8 8 8 2 1 1 2 2 2 4 4 5 6 6 5 5 5 20 20 18 30 30 37 31 31 15 15 9 3 3 6 7 7 1 1 1 1 1 3
 11 11 8 7 7 6 4 4 3 3 2 2 2 1 2 2 5 5 4 4 4 4 6 6 8 8 20 26 26 34 36 36 26 26 11 9 9 4 2 2 1 1 0 3 3 0
 11 11 8 7 7 6 4 4 3 3 2 2 2 1 2 2 5 5 4 4 4 4 6 6 8 8 20 26 26 34 36 36 26 26 11 9 9 4 2 2 1 1 0 3 3 0
 2 2 3 3 3 2 1 1 1 1 1 2 2 1 5 5 6 6 3 4 4 4 6 6 6 6 14 22 22 19 29 29 24 24 19 14 14 13 4 4 1 1 1 1 1 0
 1 1 2 1 1 1 1 1 1 1 1 1 1 3 2 2 3 3 4 6 6 7 3 3 8 8 17 16 16 15 16 16 35 35 42 17 17 14 6 6 1 1 3 0 0 0
 1 1 2 1 1 1 1 1 1 1 1 1 1 3 2 2 3 3 4 6 6 7 3 3 8 8 17 16 16 15 16 16 35 35 42 17 17 14 6 6 1 1 3 0 0 0
 1 1 2 2 2 1 0 0 1 1 1 3 3 5 6 6 3 3 3 5 5 9 14 14 6 6 5 12 12 12 14 14 15 15 32 27 27 22 8 8 5 5 3 3 3 0
 1 1 2 2 2 1 0 0 1 1 1 3 3 5 6 6 3 3 3 5 5 9 14 14 6 6 5 12 12 12 14 14 15 15 32 27 27 22 8 8 5 5 3 3 3 0
 0 0 1 4 4 1 1 1 2 2 1 2 2 8 8 8 3 3 2 2 2 5 12 12 6 6 3 6 6 10 11 11 12 12 16 9 9 11 6 6 5 5 6 3 3 6
 1 1 1 3 3 3 3 3 2 2 1 3 3 6 4 4 2 2 1 1 1 2 4 4 9 9 3 2 2 6 4 4 7 7 11 9 9 3 4 4 6 6 8 19 19 3
 1 1 1 3 3 3 3 3 2 2 1 3 3 6 4 4 2 2 1 1 1 2 4 4 9 9 3 2 2 6 4 4 7 7 11 9 9 3 4 4 6 6 8 19 19 3
 1 1 1 2 2 1 0 0 0 0 0 2 2 4 2 2 1 1 0 1 1 1 2 2 4 4 2 0 0 3 4 4 6 6 6 5 5 14 18 18 7 7 8 5 5 2
 1 1 0 1 1 0 0 0 0 0 0 1 1 1 1 1 0 0 0 0 0 0 3 3 4 4 2 1 1 1 1 1 3 3 2 3 3 3 2 2 6 6 5 2 2 0
 1 1 0 1 1 0 0 0 0 0 0 1 1 1 1 1 0 0 0 0 0 0 3 3 4 4 2 1 1 1 1 1 3 3 2 3 3 3 2 2 6 6 5 2 2 0
 0 0 0 0 0 0 1 1 0 0 0 0 0 0 1 1 0 0 0 0 0 0 1 1 2 2 0 0 0 0 0 0 0 0 1 2 2 2 1 1 0 0 2 0 0 0
 0 0 0 0 0 0 1 1 0 0 0 0 0 0 1 1 0 0 0 0 0 0 1 1 2 2 0 0 0 0 0 0 0 0 1 2 2 2 1 1 0 0 2 0 0 0
 0 0 0 2 2 2 0 0 0 0 0 1 1 0 0 0 0 0 0 0 0 0 0 0 0 0 0 0 0 0 0 0 0 0 0 1 1 0 0 0 0 0 0 0 0 0
 0 0 0 0 0 1 0 0 0 0 0 1 1 2 1 1 0 0 0 0 0 0 0 0 0 0 0 0 0 0 0 0 1 1 0 1 1 0 0 0 0 0 0 0 0 0
 0 0 0 0 0 1 0 0 0 0 0 1 1 2 1 1 0 0 0 0 0 0 0 0 0 0 0 0 0 0 0 0 1 1 0 1 1 0 0 0 0 0 0 0 0 0
 0 0 0 0 0 1 1 1 0 0 0 0 0 2 3 3 0 0 0 0 0 0 0 0 1 1 1 1 1 0 1 1 1 1 0 0 0 0 0 0 0 0 0 0 0 0
 0 0 0 1 1 1 2 2 0 0 0 0 0 4 4 4 1 1 0 0 0 0 0 0 0 0 0 0 0 0 1 1 1 1 0 0 0 0 0 0 0 0 0 0 0 0
