assets/RAT_results_old/precipitation/2018-05-11_IMERG.asc
ncols        46
nrows        77
xllcorner    74.800261325624
yllcorner    8.058333333333
cellsize     0.062500000000
NODATA_value -9999
 20 20 34 31 31 47 45 45 29 29 32 33 33 39 24 24 28 28 62 25 25 26 29 29 26 26 18 7 7 5 3 3 3 3 3 5 5 8 15 15 11 11 9 9 9 10
 27 27 25 94 94 43 42 42 30 30 34 37 37 23 47 47 37 37 53 25 25 16 27 27 17 17 13 10 10 8 8 8 7 7 8 7 7 11 11 11 11 11 8 8 8 10
 27 27 25 94 94 43 42 42 30 30 34 37 37 23 47 47 37 37 53 25 25 16 27 27 17 17 13 10 10 8 8 8 7 7 8 7 7 11 11 11 11 11 8 8 8 10
 26 26 21 87 87 76 85 85 27 27 33 36 36 61 65 65 17 17 10 9 9 9 19 19 25 25 30 7 7 8 7 7 9 9 16 14 14 15 15 15 13 13 11 12 12 10
 16 16 22 83 83 26 31 31 27 27 25 25 25 32 29 29 18 18 10 22 22 6 23 23 19 19 27 4 4 5 6 6 13 13 15 14 14 13 13 13 26 26 15 22 22 24
 16 16 22 83 83 26 31 31 27 27 25 25 25 32 29 29 18 18 10 22 22 6 23 23 19 19 27 4 4 5 6 6 13 13 15 14 14 13 13 13 26 26 15 22 22 24
 14 14 16 30 30 29 29 29 25 25 60 67 67 63 40 40 72 72 71 45 45 8 2 2 2 2 7 8 8 5 4 4 18 18 19 19 19 22 22 22 22 22 21 20 20 22
 14 14 16 30 30 29 29 29 25 25 60 67 67 63 40 40 72 72 71 45 45 8 2 2 2 2 7 8 8 5 4 4 18 18 19 19 19 22 22 22 22 22 21 20 20 22
 11 11 15 21 21 18 56 56 57 57 63 66 66 81 49 49 35 35 27 41 41 11 19 19 2 2 8 7 7 5 5 5 15 15 17 11 11 22 17 17 18 18 17 19 19 20
 9 9 16 21 21 20 21 21 53 53 55 34 34 54 84 84 36 36 31 26 26 24 7 7 2 2 3 9 9 4 3 3 1 1 8 8 8 12 16 16 17 17 5 16 16 4
 9 9 16 21 21 20 21 21 53 53 55 34 34 54 84 84 36 36 31 26 26 24 7 7 2 2 3 9 9 4 3 3 1 1 8 8 8 12 16 16 17 17 5 16 16 4
 4 4 8 16 16 27 23 23 53 53 52 32 32 31 41 41 52 52 28 30 30 26 9 9 3 3 3 3 3 1 1 1 1 1 2 2 2 1 1 1 2 2 2 3 3 3
 11 11 12 13 13 25 21 21 36 36 35 31 31 29 34 34 40 40 50 39 39 20 23 23 4 4 3 3 3 1 0 0 0 0 1 2 2 1 2 2 1 1 0 0 0 0
 11 11 12 13 13 25 21 21 36 36 35 31 31 29 34 34 40 40 50 39 39 20 23 23 4 4 3 3 3 1 0 0 0 0 1 2 2 1 2 2 1 1 0 0 0 0
 37 37 19 18 18 21 25 25 41 41 58 63 63 42 38 38 30 30 48 31 31 84 17 17 8 8 4 4 4 1 0 0 1 1 0 1 1 1 2 2 1 1 0 0 0 0
 37 37 19 18 18 21 25 25 41 41 58 63 63 42 38 38 30 30 48 31 31 84 17 17 8 8 4 4 4 1 0 0 1 1 0 1 1 1 2 2 1 1 0 0 0 0
 48 48 32 28 28 37 41 41 57 57 59 64 64 45 35 35 37 37 89 41 41 85 40 40 15 15 9 10 10 3 3 3 3 3 1 2 2 3 3 3 0 0 0 0 0 0
 35 35 32 29 29 40 30 30 40 40 35 33 33 29 49 49 77 77 71 39 39 34 56 56 42 42 11 13 13 6 3 3 2 2 2 2 2 3 4 4 1 1 3 1 1 0
 35 35 32 29 29 40 30 30 40 40 35 33 33 29 49 49 77 77 71 39 39 34 56 56 42 42 11 13 13 6 3 3 2 2 2 2 2 3 4 4 1 1 3 1 1 0
 33 33 42 37 37 64 38 38 38 38 36 58 58 33 50 50 33 33 28 22 22 30 16 16 11 11 5 6 6 5 2 2 2 2 1 1 1 1 2 2 0 0 0 0 0 0
 24 24 41 39 39 63 62 62 79 79 85 66 66 65 30 30 29 29 21 17 17 21 10 10 9 9 6 7 7 5 1 1 1 1 1 0 0 3 4 4 3 3 2 2 2 0
 24 24 41 39 39 63 62 62 79 79 85 66 66 65 30 30 29 29 21 17 17 21 10 10 9 9 6 7 7 5 1 1 1 1 1 0 0 3 4 4 3 3 2 2 2 0
 28 28 29 33 33 54 68 68 65 65 88 89 89 76 33 33 38 38 22 37 37 38 7 7 10 10 8 6 6 14 6 6 1 1 2 8 8 16 6 6 4 4 5 3 3 2
 28 28 29 33 33 54 68 68 65 65 88 89 89 76 33 33 38 38 22 37 37 38 7 7 10 10 8 6 6 14 6 6 1 1 2 8 8 16 6 6 4 4 5 3 3 2
 26 26 25 26 26 30 63 63 69 69 45 84 84 40 39 39 37 37 21 19 19 18 12 12 22 22 13 7 7 4 4 4 2 2 2 5 5 25 26 26 16 16 14 4 4 2
 23 23 23 26 26 20 47 47 35 35 35 48 48 42 38 38 28 28 27 16 16 29 16 16 36 36 16 32 32 9 5 5 2 2 20 31 31 24 2 2 2 2 3 2 2 1
 23 23 23 26 26 20 47 47 35 35 35 48 48 42 38 38 28 28 27 16 16 29 16 16 36 36 16 32 32 9 5 5 2 2 20 31 31 24 2 2 2 2 3 2 2 1
 23 23 29 62 62 54 36 36 30 30 30 18 18 17 55 55 52 52 49 31 31 32 15 15 31 31 29 30 30 12 7 7 2 2 8 30 30 22 2 2 1 1 2 2 2 2
 22 22 24 22 22 51 53 53 52 52 31 12 12 15 12 12 20 20 20 16 16 18 20 20 28 28 19 40 40 13 35 35 4 4 11 10 10 58 57 57 2 2 3 2 2 3
 22 22 24 22 22 51 53 53 52 52 31 12 12 15 12 12 20 20 20 16 16 18 20 20 28 28 19 40 40 13 35 35 4 4 11 10 10 58 57 57 2 2 3 2 2 3
 22 22 24 24 24 53 52 52 51 51 8 1 1 1 15 15 20 20 20 16 16 17 30 30 29 29 22 37 37 14 10 10 6 6 13 22 22 39 1 1 4 4 3 3 3 1
 22 22 24 24 24 53 52 52 51 51 8 1 1 1 15 15 20 20 20 16 16 17 30 30 29 29 22 37 37 14 10 10 6 6 13 22 22 39 1 1 4 4 3 3 3 1
 13 13 34 16 16 13 10 10 14 14 11 1 1 1 18 18 33 33 29 24 24 26 26 26 22 22 22 20 20 16 16 16 17 17 10 10 10 45 8 8 7 7 2 2 2 5
 40 40 33 19 19 15 13 13 8 8 2 1 1 2 18 18 37 37 56 46 46 12 15 15 19 19 19 23 23 17 17 17 15 15 11 9 9 9 5 5 5 5 4 3 3 11
 40 40 33 19 19 15 13 13 8 8 2 1 1 2 18 18 37 37 56 46 46 12 15 15 19 19 19 23 23 17 17 17 15 15 11 9 9 9 5 5 5 5 4 3 3 11
 18 18 11 21 21 18 14 14 12 12 11 1 1 2 2 2 12 12 53 47 47 12 15 15 7 7 19 14 14 22 19 19 19 19 12 9 9 11 6 6 5 5 8 3 3 3
 31 31 20 22 22 39 37 37 44 44 14 3 3 2 1 1 6 6 7 8 8 7 5 5 7 7 15 14 14 19 18 18 15 15 13 7 7 12 5 5 6 6 7 5 5 3
 31 31 20 22 22 39 37 37 44 44 14 3 3 2 1 1 6 6 7 8 8 7 5 5 7 7 15 14 14 19 18 18 15 15 13 7 7 12 5 5 6 6 7 5 5 3
 33 33 42 41 41 56 39 39 43 43 42 23 23 15 7 7 13 13 9 7 7 3 3 3 2 2 9 14 14 15 18 18 16 16 12 11 11 9 13 13 15 15 7 9 9 2
 33 33 42 41 41 56 39 39 43 43 42 23 23 15 7 7 13 13 9 7 7 3 3 3 2 2 9 14 14 15 18 18 16 16 12 11 11 9 13 13 15 15 7 9 9 2
 32 32 75 65 65 81 79 79 48 48 43 47 47 25 15 15 7 7 5 4 4 3 3 3 3 3 6 10 10 21 19 19 8 8 15 14 14 9 13 13 18 18 10 10 10 2
 84 84 67 58 58 71 78 78 49 49 57 89 89 85 27 27 9 9 8 5 5 6 1 1 1 1 1 8 8 7 18 18 9 9 16 10 10 12 18 18 14 14 7 8 8 8
 84 84 67 58 58 71 78 78 49 49 57 89 89 85 27 27 9 9 8 5 5 6 1 1 1 1 1 8 8 7 18 18 9 9 16 10 10 12 18 18 14 14 7 8 8 8
 90 90 56 46 46 67 89 89 87 87 104 94 94 79 25 25 14 14 6 6 6 13 1 1 2 2 0 11 11 7 11 11 7 7 5 10 10 16 13 13 13 13 12 1 1 0
 79 79 54 52 52 48 63 63 62 62 95 98 98 97 77 77 23 23 9 11 11 10 1 1 2 2 6 10 10 15 24 24 14 14 7 8 8 8 3 3 2 2 3 2 2 0
 79 79 54 52 52 48 63 63 62 62 95 98 98 97 77 77 23 23 9 11 11 10 1 1 2 2 6 10 10 15 24 24 14 14 7 8 8 8 3 3 2 2 3 2 2 0
 45 45 33 50 50 45 63 63 44 44 51 69 69 76 76 76 36 36 11 4 4 21 3 3 6 6 2 5 5 18 17 17 14 14 7 20 20 7 8 8 1 1 38 1 1 0
 45 45 33 50 50 45 63 63 44 44 51 69 69 76 76 76 36 36 11 4 4 21 3 3 6 6 2 5 5 18 17 17 14 14 7 20 20 7 8 8 1 1 38 1 1 0
 43 43 30 32 32 24 28 28 16 16 15 8 8 8 10 10 12 12 9 5 5 24 3 3 6 6 2 4 4 4 15 15 34 34 14 12 12 10 3 3 1 1 2 1 1 0
 35 35 22 16 16 24 9 9 14 14 13 7 7 7 5 5 5 5 9 10 10 30 39 39 25 25 32 14 14 3 9 9 20 20 12 8 8 8 3 3 0 0 0 0 0 0
 35 35 22 16 16 24 9 9 14 14 13 7 7 7 5 5 5 5 9 10 10 30 39 39 25 25 32 14 14 3 9 9 20 20 12 8 8 8 3 3 0 0 0 0 0 0
 24 24 22 15 15 10 9 9 9 9 9 9 9 3 5 5 3 3 13 14 14 43 36 36 39 39 12 5 5 3 31 31 65 65 33 13 13 7 1 1 3 3 0 0 0 0
 13 13 17 11 11 6 5 5 4 4 8 5 5 3 3 3 6 6 9 15 15 27 36 36 23 23 9 3 3 4 25 25 14 14 14 10 10 9 9 9 1 1 1 7 7 1
 13 13 17 11 11 6 5 5 4 4 8 5 5 3 3 3 6 6 9 15 15 27 36 36 23 23 9 3 3 4 25 25 14 14 14 10 10 9 9 9 1 1 1 7 7 1
 10 10 11 11 11 7 3 3 4 4 5 4 4 3 3 3 6 6 8 15 15 18 22 22 33 33 20 9 9 7 12 12 10 10 13 8 8 1 2 2 1 1 1 4 4 19
 10 10 11 11 11 7 3 3 4 4 5 4 4 3 3 3 6 6 8 15 15 18 22 22 33 33 20 9 9 7 12 12 10 10 13 8 8 1 2 2 1 1 1 4 4 19
 9 9 9 6 6 5 4 4 3 3 2 2 2 3 3 3 3 3 4 6 6 15 27 27 27 27 16 3 3 2 3 3 3 3 11 6 6 16 1 1 1 1 6 12 12 6
 9 9 8 5 5 5 4 4 3 3 2 2 2 3 2 2 2 2 2 5 5 8 11 11 20 20 12 5 5 0 0 0 2 2 6 6 6 8 2 2 1 1 2 1 1 22
 9 9 8 5 5 5 4 4 3 3 2 2 2 3 2 2 2 2 2 5 5 8 11 11 20 20 12 5 5 0 0 0 2 2 6 6 6 8 2 2 1 1 2 1 1 22
 7 7 5 6 6 3 3 3 4 4 2 2 2 2 3 3 2 2 3 2 2 6 15 15 27 27 8 3 3 1 1 1 1 1 1 14 14 2 1 1 2 2 2 2 2 2
 9 9 4 7 7 3 3 3 2 2 2 2 2 2 2 2 3 3 4 4 4 5 4 4 5 5 10 3 3 7 0 0 1 1 1 1 1 1 1 1 1 1 1 3 3 2
 9 9 4 7 7 3 3 3 2 2 2 2 2 2 2 2 3 3 4 4 4 5 4 4 5 5 10 3 3 7 0 0 1 1 1 1 1 1 1 1 1 1 1 3 3 2
 5 5 6 4 4 4 3 3 2 2 2 1 1 1 2 2 2 2 3 5 5 4 5 5 6 6 7 16 16 5 0 0 0 0 0 1 1 1 1 1 1 1 6 3 3 2
 5 5 6 4 4 4 3 3 2 2 2 1 1 1 2 2 2 2 3 5 5 4 5 5 6 6 7 16 16 5 0 0 0 0 0 1 1 1 1 1 1 1 6 3 3 2
 5 5 4 4 4 3 3 3 2 2 2 1 1 1 3 3 3 3 5 3 3 4 2 2 1 1 8 23 23 1 1 1 0 0 0 0 0 0 0 0 1 1 1 1 1 2
 2 2 2 2 2 3 2 2 2 2 2 1 1 2 3 3 8 8 7 6 6 3 8 8 6 6 17 16 16 6 2 2 1 1 0 0 0 0 0 0 0 0 0 0 0 0
 2 2 2 2 2 3 2 2 2 2 2 1 1 2 3 3 8 8 7 6 6 3 8 8 6 6 17 16 16 6 2 2 1 1 0 0 0 0 0 0 0 0 0 0 0 0
 1 1 1 1 1 1 2 2 1 1 2 2 2 3 4 4 8 8 8 5 5 10 5 5 4 4 4 6 6 9 1 1 0 0 0 0 0 2 7 7 7 7 0 0 0 0
 1 1 0 1 1 1 1 1 1 1 1 2 2 4 4 4 8 8 10 13 13 12 5 5 2 2 4 5 5 1 1 1 4 4 4 4 4 6 19 19 8 8 2 1 1 3
 1 1 0 1 1 1 1 1 1 1 1 2 2 4 4 4 8 8 10 13 13 12 5 5 2 2 4 5 5 1 1 1 4 4 4 4 4 6 19 19 8 8 2 1 1 3
 0 0 0 0 0 0 1 1 1 1 1 1 1 5 4 4 10 10 14 16 16 14 21 21 12 12 7 4 4 2 3 3 4 4 5 8 8 51 19 19 11 11 17 0 0 0
 0 0 0 0 0 0 1 1 1 1 1 1 1 5 4 4 10 10 14 16 16 14 21 21 12 12 7 4 4 2 3 3 4 4 5 8 8 51 19 19 11 11 17 0 0 0
 1 1 0 0 0 0 1 1 1 1 1 3 3 3 9 9 7 7 17 34 34 22 42 42 30 30 9 8 8 15 13 13 4 4 8 10 10 6 10 10 26 26 20 1 1 0
 1 1 0 0 0 0 0 0 1 1 1 2 2 2 6 6 6 6 18 25 25 27 27 27 22 22 9 9 9 20 5 5 2 2 5 3 3 2 3 3 11 11 0 0 0 0
 1 1 0 0 0 0 0 0 1 1 1 2 2 2 6 6 6 6 18 25 25 27 27 27 22 22 9 9 9 20 5 5 2 2 5 3 3 2 3 3 11 11 0 0 0 0
 1 1 1 2 2 1 1 1 1 1 1 2 2 1 6 6 16 16 16 21 21 16 21 21 18 18 11 15 15 16 6 6 4 4 10 23 23 1 1 1 1 1 1 0 0 0
 2 2 4 4 4 2 2 2 1 1 2 1 1 3 2 2 9 9 14 13 13 15 13 13 10 10 9 9 9 6 8 8 11 11 21 22 22 4 0 0 0 0 1 0 0 0
