assets/RAT_results_old/precipitation/2018-05-15_IMERG.asc
ncols        46
nrows        77
xllcorner    74.800261325624
yllcorner    8.058333333333
cellsize     0.062500000000
NODATA_value -9999
 1 1 0 0 0 0 1 1 3 3 3 16 16 11 20 20 8 8 12 14 14 13 12 12 5 5 4 4 4 4 2 2 2 2 2 11 11 11 21 21 25 25 10 12 12 23
 1 1 2 2 2 2 3 3 4 4 14 20 20 14 18 18 17 17 22 19 19 14 12 12 6 6 6 4 4 4 3 3 4 4 3 13 13 14 20 20 32 32 35 30 30 25
 1 1 2 2 2 2 3 3 4 4 14 20 20 14 18 18 17 17 22 19 19 14 12 12 6 6 6 4 4 4 3 3 4 4 3 13 13 14 20 20 32 32 35 30 30 25
 1 1 3 2 2 6 10 10 16 16 20 19 19 19 26 26 29 29 20 13 13 9 7 7 7 7 6 8 8 9 9 9 4 4 3 19 19 20 20 20 37 37 38 27 27 18
 1 1 0 6 6 5 5 5 12 12 18 49 49 23 32 32 21 21 12 11 11 6 3 3 6 6 6 13 13 13 14 14 13 13 13 13 13 20 7 7 11 11 9 8 8 9
 1 1 0 6 6 5 5 5 12 12 18 49 49 23 32 32 21 21 12 11 11 6 3 3 6 6 6 13 13 13 14 14 13 13 13 13 13 20 7 7 11 11 9 8 8 9
 1 1 1 5 5 5 5 5 11 11 16 17 17 15 22 22 19 19 10 9 9 5 3 3 8 8 9 13 13 12 11 11 7 7 11 10 10 8 6 6 7 7 9 7 7 0
 1 1 1 5 5 5 5 5 11 11 16 17 17 15 22 22 19 19 10 9 9 5 3 3 8 8 9 13 13 12 11 11 7 7 11 10 10 8 6 6 7 7 9 7 7 0
 1 1 1 6 6 5 3 3 5 5 5 52 52 14 11 11 17 17 5 1 1 1 1 1 2 2 2 15 15 15 15 15 6 6 10 10 10 4 0 0 0 0 0 0 0 0
 0 0 0 1 1 3 3 3 5 5 5 2 2 4 4 4 4 4 3 1 1 1 0 0 2 2 2 1 1 1 1 1 0 0 0 0 0 0 0 0 0 0 0 0 0 0
 0 0 0 1 1 3 3 3 5 5 5 2 2 4 4 4 4 4 3 1 1 1 0 0 2 2 2 1 1 1 1 1 0 0 0 0 0 0 0 0 0 0 0 0 0 0
 0 0 0 0 0 0 0 0 0 0 2 1 1 1 3 3 0 0 0 0 0 0 0 0 0 0 0 0 0 0 0 0 0 0 0 0 0 0 0 0 0 0 0 0 0 1
 0 0 0 0 0 0 2 2 2 2 0 0 0 0 0 0 0 0 0 1 1 3 0 0 2 2 0 1 1 1 3 3 3 3 1 0 0 0 0 0 0 0 0 0 0 0
 0 0 0 0 0 0 2 2 2 2 0 0 0 0 0 0 0 0 0 1 1 3 0 0 2 2 0 1 1 1 3 3 3 3 1 0 0 0 0 0 0 0 0 0 0 0
 0 0 0 0 0 1 2 2 2 2 3 3 3 0 0 0 0 0 1 6 6 5 7 7 7 7 3 3 3 4 3 3 5 5 1 0 0 0 0 0 0 0 0 0 0 0
 0 0 0 0 0 1 2 2 2 2 3 3 3 0 0 0 0 0 1 6 6 5 7 7 7 7 3 3 3 4 3 3 5 5 1 0 0 0 0 0 0 0 0 0 0 0
 0 0 0 0 0 1 1 1 2 2 2 3 3 0 0 0 0 0 2 3 3 12 11 11 8 8 12 10 10 10 2 2 4 4 0 0 0 0 0 0 0 0 0 0 0 0
 0 0 0 0 0 0 1 1 2 2 2 0 0 0 2 2 5 5 5 5 5 8 14 14 9 9 14 14 14 4 1 1 0 0 0 0 0 0 0 0 0 0 0 0 0 0
 0 0 0 0 0 0 1 1 2 2 2 0 0 0 2 2 5 5 5 5 5 8 14 14 9 9 14 14 14 4 1 1 0 0 0 0 0 0 0 0 0 0 0 0 0 0
 0 0 0 0 0 0 1 1 1 1 1 0 0 1 3 3 13 13 13 14 14 17 15 15 9 9 5 5 5 1 0 0 0 0 0 0 0 0 0 0 0 0 0 0 0 0
 0 0 0 0 0 0 0 0 1 1 0 3 3 3 1 1 13 13 13 12 12 12 4 4 3 3 1 0 0 1 0 0 0 0 0 0 0 0 0 0 0 0 0 0 0 1
 0 0 0 0 0 0 0 0 1 1 0 3 3 3 1 1 13 13 13 12 12 12 4 4 3 3 1 0 0 1 0 0 0 0 0 0 0 0 0 0 0 0 0 0 0 1
 0 0 1 1 1 1 1 1 1 1 0 2 2 2 2 2 1 1 2 2 2 4 3 3 2 2 0 0 0 1 2 2 4 4 0 0 0 0 0 0 0 0 0 1 1 1
 0 0 1 1 1 1 1 1 1 1 0 2 2 2 2 2 1 1 2 2 2 4 3 3 2 2 0 0 0 1 2 2 4 4 0 0 0 0 0 0 0 0 0 1 1 1
 1 1 1 2 2 1 1 1 1 1 0 3 3 13 4 4 5 5 0 1 1 1 1 1 0 0 0 1 1 1 1 1 0 0 0 0 0 0 0 0 0 0 1 1 1 2
 2 2 3 3 3 2 2 2 1 1 6 6 6 11 15 15 8 8 1 2 2 1 2 2 0 0 0 10 10 7 2 2 0 0 0 0 0 0 0 0 0 0 2 2 2 3
 2 2 3 3 3 2 2 2 1 1 6 6 6 11 15 15 8 8 1 2 2 1 2 2 0 0 0 10 10 7 2 2 0 0 0 0 0 0 0 0 0 0 2 2 2 3
 5 5 3 3 3 3 2 2 1 1 8 11 11 16 15 15 13 13 6 3 3 3 2 2 4 4 4 4 4 2 2 2 1 1 0 0 0 0 0 0 1 1 1 1 1 2
 4 4 6 4 4 3 2 2 1 1 6 8 8 14 14 14 13 13 7 7 7 6 7 7 8 8 12 9 9 4 4 4 3 3 2 0 0 1 1 1 1 1 1 1 1 2
 4 4 6 4 4 3 2 2 1 1 6 8 8 14 14 14 13 13 7 7 7 6 7 7 8 8 12 9 9 4 4 4 3 3 2 0 0 1 1 1 1 1 1 1 1 2
 7 7 4 6 6 4 3 3 2 2 3 6 6 7 8 8 11 11 9 7 7 7 8 8 26 26 34 28 28 8 11 11 5 5 4 2 2 1 2 2 2 2 1 1 1 2
 7 7 4 6 6 4 3 3 2 2 3 6 6 7 8 8 11 11 9 7 7 7 8 8 26 26 34 28 28 8 11 11 5 5 4 2 2 1 2 2 2 2 1 1 1 2
 4 4 6 6 6 4 5 5 3 3 3 4 4 3 9 9 11 11 9 11 11 11 17 17 36 36 52 46 46 12 10 10 9 9 5 1 1 2 2 2 3 3 2 3 3 3
 3 3 4 4 4 3 3 3 8 8 3 3 3 7 9 9 7 7 10 12 12 16 15 15 32 32 48 52 52 29 14 14 13 13 5 3 3 3 3 3 2 2 2 2 2 3
 3 3 4 4 4 3 3 3 8 8 3 3 3 7 9 9 7 7 10 12 12 16 15 15 32 32 48 52 52 29 14 14 13 13 5 3 3 3 3 3 2 2 2 2 2 3
 1 1 3 2 2 2 8 8 10 10 11 11 11 16 17 17 10 10 16 10 10 11 51 51 65 65 39 39 39 18 18 18 14 14 11 5 5 3 3 3 3 3 2 2 2 3
 1 1 2 2 2 2 11 11 12 12 15 14 14 22 20 20 13 13 9 9 9 8 45 45 64 64 27 29 29 38 17 17 16 16 12 9 9 5 5 5 4 4 7 9 9 6
 1 1 2 2 2 2 11 11 12 12 15 14 14 22 20 20 13 13 9 9 9 8 45 45 64 64 27 29 29 38 17 17 16 16 12 9 9 5 5 5 4 4 7 9 9 6
 3 3 3 2 2 3 13 13 15 15 17 15 15 22 21 21 23 23 11 18 18 17 78 78 71 71 30 31 31 35 18 18 35 35 17 14 14 7 6 6 9 9 6 7 7 6
 3 3 3 2 2 3 13 13 15 15 17 15 15 22 21 21 23 23 11 18 18 17 78 78 71 71 30 31 31 35 18 18 35 35 17 14 14 7 6 6 9 9 6 7 7 6
 3 3 3 2 2 3 20 20 16 16 21 16 16 25 22 22 26 26 10 19 19 33 60 60 59 59 61 35 35 38 29 29 37 37 19 21 21 10 9 9 7 7 10 8 8 11
 3 3 3 11 11 15 21 21 21 21 25 29 29 27 28 28 26 26 16 38 38 64 92 92 90 90 114 35 35 35 26 26 29 29 25 24 24 13 13 13 9 9 13 5 5 7
 3 3 3 11 11 15 21 21 21 21 25 29 29 27 28 28 26 26 16 38 38 64 92 92 90 90 114 35 35 35 26 26 29 29 25 24 24 13 13 13 9 9 13 5 5 7
 17 17 4 23 23 16 31 31 35 35 26 24 24 22 27 27 23 23 21 40 40 61 61 61 116 116 90 33 33 34 27 27 32 32 25 24 24 18 17 17 10 10 15 17 17 5
 19 19 24 23 23 57 65 65 46 46 46 35 35 26 27 27 28 28 25 25 25 40 40 40 38 38 38 31 31 36 30 30 24 24 26 15 15 15 11 11 9 9 19 17 17 7
 19 19 24 23 23 57 65 65 46 46 46 35 35 26 27 27 28 28 25 25 25 40 40 40 38 38 38 31 31 36 30 30 24 24 26 15 15 15 11 11 9 9 19 17 17 7
 78 78 94 94 94 90 66 66 46 46 46 39 39 31 29 29 25 25 24 27 27 25 22 22 38 38 33 61 61 65 69 69 33 33 31 12 12 12 8 8 10 10 16 18 18 9
 78 78 94 94 94 90 66 66 46 46 46 39 39 31 29 29 25 25 24 27 27 25 22 22 38 38 33 61 61 65 69 69 33 33 31 12 12 12 8 8 10 10 16 18 18 9
 83 83 95 95 95 91 80 80 82 82 66 58 58 40 41 41 32 32 30 21 21 24 21 21 31 31 29 61 61 40 47 47 47 47 27 23 23 14 7 7 5 5 3 5 5 5
 68 68 70 41 41 46 38 38 39 39 44 56 56 36 36 36 30 30 30 27 27 26 30 30 35 35 49 44 44 42 69 69 66 66 35 31 31 17 9 9 7 7 4 16 16 16
 68 68 70 41 41 46 38 38 39 39 44 56 56 36 36 36 30 30 30 27 27 26 30 30 35 35 49 44 44 42 69 69 66 66 35 31 31 17 9 9 7 7 4 16 16 16
 38 38 46 8 8 61 55 55 52 52 45 35 35 36 34 34 49 49 48 32 32 35 28 28 39 39 54 47 47 88 124 124 125 125 36 37 37 15 14 14 8 8 3 7 7 19
 39 39 41 5 5 18 34 34 45 45 23 32 32 44 36 36 48 48 46 29 29 27 28 28 42 42 83 85 85 125 105 105 107 107 62 26 26 14 13 13 11 11 8 8 8 7
 39 39 41 5 5 18 34 34 45 45 23 32 32 44 36 36 48 48 46 29 29 27 28 28 42 42 83 85 85 125 105 105 107 107 62 26 26 14 13 13 11 11 8 8 8 7
 38 38 21 6 6 18 23 23 26 26 25 44 44 43 52 52 46 46 29 27 27 26 26 26 36 36 78 71 71 77 105 105 103 103 39 24 24 17 12 12 6 6 6 3 3 3
 38 38 21 6 6 18 23 23 26 26 25 44 44 43 52 52 46 46 29 27 27 26 26 26 36 36 78 71 71 77 105 105 103 103 39 24 24 17 12 12 6 6 6 3 3 3
 3 3 23 14 14 14 14 14 27 27 18 33 33 34 32 32 27 27 20 26 26 25 22 22 32 32 68 58 58 52 55 55 35 35 30 25 25 13 3 3 2 2 3 3 3 0
 2 2 4 6 6 13 12 12 13 13 9 20 20 31 28 28 27 27 18 20 20 18 24 24 14 14 16 19 19 13 24 24 22 22 19 13 13 6 1 1 1 1 0 0 0 0
 2 2 4 6 6 13 12 12 13 13 9 20 20 31 28 28 27 27 18 20 20 18 24 24 14 14 16 19 19 13 24 24 22 22 19 13 13 6 1 1 1 1 0 0 0 0
 1 1 1 6 6 6 5 5 4 4 3 15 15 25 20 20 14 14 11 12 12 12 17 17 12 12 14 17 17 11 12 12 8 8 8 6 6 6 1 1 0 0 0 0 0 0
 0 0 0 3 3 3 5 5 0 0 0 3 3 3 1 1 2 2 10 11 11 10 10 10 8 8 7 6 6 6 9 9 5 5 3 1 1 1 1 1 0 0 1 1 1 1
 0 0 0 3 3 3 5 5 0 0 0 3 3 3 1 1 2 2 10 11 11 10 10 10 8 8 7 6 6 6 9 9 5 5 3 1 1 1 1 1 0 0 1 1 1 1
 0 0 1 3 3 3 3 3 0 0 0 0 0 1 1 1 1 1 1 1 1 3 3 3 3 3 3 6 6 5 0 0 0 0 0 0 0 0 0 0 1 1 1 1 1 13
 0 0 1 3 3 3 3 3 0 0 0 0 0 1 1 1 1 1 1 1 1 3 3 3 3 3 3 6 6 5 0 0 0 0 0 0 0 0 0 0 1 1 1 1 1 13
 1 1 1 1 1 1 1 1 0 0 0 0 0 1 0 0 14 14 14 13 13 2 2 2 3 3 4 2 2 6 4 4 0 0 0 0 0 0 0 0 1 1 1 1 1 27
 1 1 1 1 1 1 1 1 0 0 0 0 0 1 1 1 14 14 14 13 13 13 9 9 9 9 2 2 2 6 5 5 5 5 1 0 0 1 1 1 1 1 1 1 1 16
 1 1 1 1 1 1 1 1 0 0 0 0 0 1 1 1 14 14 14 13 13 13 9 9 9 9 2 2 2 6 5 5 5 5 1 0 0 1 1 1 1 1 1 1 1 16
 0 0 1 1 1 1 2 2 2 2 2 2 2 2 11 11 10 10 9 7 7 7 10 10 10 10 2 7 7 10 11 11 4 4 2 2 2 1 1 1 1 1 1 1 1 1
 2 2 5 5 5 5 9 9 9 9 2 3 3 3 2 2 2 2 10 7 7 7 10 10 9 9 0 2 2 3 11 11 2 2 2 2 2 1 3 3 3 3 2 1 1 0
 2 2 5 5 5 5 9 9 9 9 2 3 3 3 2 2 2 2 10 7 7 7 10 10 9 9 0 2 2 3 11 11 2 2 2 2 2 1 3 3 3 3 2 1 1 0
 13 13 13 13 13 5 10 10 9 9 9 3 3 3 3 3 2 2 6 6 6 7 1 1 1 1 0 0 0 1 1 1 1 1 2 3 3 2 2 2 2 2 2 1 1 0
 13 13 13 13 13 5 10 10 9 9 9 3 3 3 3 3 2 2 6 6 6 7 1 1 1 1 0 0 0 1 1 1 1 1 2 3 3 2 2 2 2 2 2 1 1 0
 31 31 14 13 13 12 26 26 26 26 25 7 7 7 6 6 3 3 1 2 2 1 5 5 1 1 0 0 0 0 1 1 0 0 4 2 2 1 8 8 1 1 2 2 2 8
 22 22 20 19 19 13 15 15 26 26 25 8 8 8 7 7 3 3 2 4 4 5 0 0 0 0 0 0 0 0 0 0 1 1 2 0 0 3 1 1 1 1 1 18 18 1
 22 22 20 19 19 13 15 15 26 26 25 8 8 8 7 7 3 3 2 4 4 5 0 0 0 0 0 0 0 0 0 0 1 1 2 0 0 3 1 1 1 1 1 18 18 1
 18 18 14 19 19 10 23 23 23 23 14 10 10 7 6 6 3 3 1 1 1 4 1 1 1 1 0 0 0 0 0 0 0 0 3 2 2 2 2 2 3 3 2 1 1 1
 19 19 16 18 18 10 18 18 18 18 13 8 8 6 5 5 1 1 0 1 1 1 0 0 0 0 0 0 0 0 1 1 0 0 2 0 0 1 2 2 2 2 2 1 1 1
