assets/RAT_results_old/precipitation/2018-05-30_IMERG.asc
ncols        46
nrows        77
xllcorner    74.800261325624
yllcorner    8.058333333333
cellsize     0.062500000000
NODATA_value -9999
 2 2 1 0 0 1 1 1 1 1 1 4 4 4 7 7 5 5 3 5 5 4 4 4 4 4 4 3 3 2 2 2 7 7 7 27 27 31 18 18 19 19 26 25 25 30
 6 6 5 2 2 1 1 1 1 1 2 2 2 4 3 3 4 4 4 4 4 4 5 5 5 5 4 3 3 2 2 2 7 7 6 5 5 4 7 7 6 6 4 5 5 8
 6 6 5 2 2 1 1 1 1 1 2 2 2 4 3 3 4 4 4 4 4 4 5 5 5 5 4 3 3 2 2 2 7 7 6 5 5 4 7 7 6 6 4 5 5 8
 9 9 11 2 2 2 3 3 6 6 1 4 4 2 5 5 3 3 4 6 6 6 4 4 4 4 3 3 3 2 4 4 2 2 3 8 8 3 3 3 1 1 1 3 3 3
 12 12 12 3 3 1 1 1 1 1 2 3 3 1 4 4 2 2 3 3 3 3 4 4 3 3 3 2 2 2 3 3 2 2 2 2 2 2 1 1 1 1 0 1 1 1
 12 12 12 3 3 1 1 1 1 1 2 3 3 1 4 4 2 2 3 3 3 3 4 4 3 3 3 2 2 2 3 3 2 2 2 2 2 2 1 1 1 1 0 1 1 1
 6 6 25 6 6 5 1 1 3 3 2 2 2 2 4 4 4 4 1 3 3 2 3 3 3 3 3 3 3 2 2 2 2 2 3 1 1 1 0 0 0 0 0 0 0 0
 6 6 25 6 6 5 1 1 3 3 2 2 2 2 4 4 4 4 1 3 3 2 3 3 3 3 3 3 3 2 2 2 2 2 3 1 1 1 0 0 0 0 0 0 0 0
 5 5 15 15 15 9 4 4 3 3 4 3 3 3 2 2 2 2 2 1 1 2 2 2 2 2 3 4 4 1 1 1 1 1 2 1 1 1 0 0 0 0 0 0 0 0
 3 3 4 6 6 4 7 7 5 5 6 4 4 6 3 3 3 3 2 1 1 1 1 1 1 1 2 2 2 1 1 1 1 1 1 1 1 0 1 1 0 0 0 0 0 0
 3 3 4 6 6 4 7 7 5 5 6 4 4 6 3 3 3 3 2 1 1 1 1 1 1 1 2 2 2 1 1 1 1 1 1 1 1 0 1 1 0 0 0 0 0 0
 1 1 3 1 1 4 3 3 3 3 3 4 4 5 4 4 5 5 0 0 0 1 1 1 1 1 1 1 1 0 1 1 1 1 0 0 0 0 1 1 0 0 0 0 0 0
 9 9 3 3 3 4 7 7 3 3 3 2 2 6 10 10 5 5 0 1 1 1 1 1 1 1 0 0 0 2 0 0 0 0 0 0 0 0 0 0 0 0 0 0 0 0
 9 9 3 3 3 4 7 7 3 3 3 2 2 6 10 10 5 5 0 1 1 1 1 1 1 1 0 0 0 2 0 0 0 0 0 0 0 0 0 0 0 0 0 0 0 0
 3 3 6 8 8 9 6 6 13 13 5 5 5 13 27 27 8 8 1 1 1 1 1 1 0 0 0 0 0 0 0 0 0 0 0 0 0 0 0 0 0 0 0 0 0 0
 3 3 6 8 8 9 6 6 13 13 5 5 5 13 27 27 8 8 1 1 1 1 1 1 0 0 0 0 0 0 0 0 0 0 0 0 0 0 0 0 0 0 0 0 0 0
 5 5 8 7 7 5 3 3 4 4 5 4 4 5 9 9 6 6 2 1 1 1 0 0 0 0 0 0 0 1 0 0 0 0 0 0 0 0 0 0 0 0 0 0 0 0
 4 4 5 7 7 4 3 3 7 7 7 5 5 4 9 9 5 5 2 1 1 1 0 0 0 0 0 0 0 0 0 0 0 0 0 0 0 0 0 0 0 0 0 0 0 0
 4 4 5 7 7 4 3 3 7 7 7 5 5 4 9 9 5 5 2 1 1 1 0 0 0 0 0 0 0 0 0 0 0 0 0 0 0 0 0 0 0 0 0 0 0 0
 7 7 5 6 6 2 2 2 2 2 3 3 3 2 6 6 3 3 2 3 3 2 0 0 2 2 0 1 1 0 0 0 0 0 0 1 1 0 0 0 0 0 1 0 0 0
 8 8 2 2 2 4 1 1 1 1 1 3 3 3 7 7 2 2 10 3 3 2 0 0 0 0 1 1 1 1 1 1 0 0 1 1 1 0 0 0 0 0 0 0 0 0
 8 8 2 2 2 4 1 1 1 1 1 3 3 3 7 7 2 2 10 3 3 2 0 0 0 0 1 1 1 1 1 1 0 0 1 1 1 0 0 0 0 0 0 0 0 0
 6 6 3 3 3 2 2 2 2 2 2 3 3 3 4 4 1 1 2 2 2 2 0 0 0 0 0 2 2 2 0 0 2 2 0 0 0 1 0 0 0 0 0 0 0 0
 6 6 3 3 3 2 2 2 2 2 2 3 3 3 4 4 1 1 2 2 2 2 0 0 0 0 0 2 2 2 0 0 2 2 0 0 0 1 0 0 0 0 0 0 0 0
 15 15 3 4 4 3 5 5 3 3 2 4 4 4 10 10 4 4 2 0 0 1 0 0 0 0 1 1 1 4 1 1 2 2 0 0 0 0 0 0 0 0 0 0 0 0
 8 8 6 5 5 11 3 3 4 4 2 2 2 2 7 7 2 2 1 0 0 0 0 0 0 0 1 3 3 2 1 1 2 2 0 1 1 1 0 0 0 0 0 0 0 0
 8 8 6 5 5 11 3 3 4 4 2 2 2 2 7 7 2 2 1 0 0 0 0 0 0 0 1 3 3 2 1 1 2 2 0 1 1 1 0 0 0 0 0 0 0 0
 9 9 7 8 8 11 4 4 3 3 6 6 6 3 5 5 2 2 1 0 0 0 1 1 1 1 1 0 0 1 2 2 0 0 0 0 0 0 0 0 0 0 0 0 0 0
 8 8 10 8 8 11 5 5 5 5 2 10 10 7 10 10 5 5 2 1 1 4 1 1 1 1 1 0 0 0 1 1 1 1 0 0 0 0 0 0 0 0 0 0 0 0
 8 8 10 8 8 11 5 5 5 5 2 10 10 7 10 10 5 5 2 1 1 4 1 1 1 1 1 0 0 0 1 1 1 1 0 0 0 0 0 0 0 0 0 0 0 0
 16 16 17 12 12 8 6 6 7 7 5 2 2 12 2 2 5 5 13 1 1 2 2 2 1 1 1 1 1 1 6 6 2 2 1 0 0 0 0 0 0 0 2 0 0 0
 16 16 17 12 12 8 6 6 7 7 5 2 2 12 2 2 5 5 13 1 1 2 2 2 1 1 1 1 1 1 6 6 2 2 1 0 0 0 0 0 0 0 2 0 0 0
 14 14 13 13 13 13 7 7 8 8 33 10 10 4 3 3 15 15 10 3 3 2 3 3 1 1 1 2 2 1 5 5 0 0 1 0 0 1 0 0 0 0 0 0 0 0
 28 28 16 18 18 14 9 9 9 9 12 10 10 8 5 5 5 5 9 7 7 5 5 5 5 5 3 1 1 7 5 5 7 7 1 0 0 1 1 1 0 0 0 0 0 0
 28 28 16 18 18 14 9 9 9 9 12 10 10 8 5 5 5 5 9 7 7 5 5 5 5 5 3 1 1 7 5 5 7 7 1 0 0 1 1 1 0 0 0 0 0 0
 18 18 17 20 20 15 13 13 14 14 21 13 13 8 4 4 9 9 3 10 10 6 3 3 6 6 4 2 2 2 1 1 1 1 1 0 0 1 0 0 0 0 0 0 0 0
 14 14 45 22 22 18 26 26 29 29 34 37 37 15 6 6 7 7 10 5 5 3 3 3 3 3 5 2 2 2 0 0 0 0 2 1 1 3 0 0 0 0 0 1 1 0
 14 14 45 22 22 18 26 26 29 29 34 37 37 15 6 6 7 7 10 5 5 3 3 3 3 3 5 2 2 2 0 0 0 0 2 1 1 3 0 0 0 0 0 1 1 0
 11 11 16 19 19 23 17 17 24 24 37 19 19 7 6 6 4 4 7 3 3 12 16 16 3 3 2 3 3 2 1 1 1 1 0 2 2 5 1 1 0 0 0 0 0 0
 11 11 16 19 19 23 17 17 24 24 37 19 19 7 6 6 4 4 7 3 3 12 16 16 3 3 2 3 3 2 1 1 1 1 0 2 2 5 1 1 0 0 0 0 0 0
 8 8 14 17 17 32 20 20 18 18 18 12 12 10 7 7 4 4 3 2 2 4 2 2 3 3 2 4 4 1 11 11 4 4 7 1 1 2 1 1 2 2 0 0 0 0
 11 11 9 11 11 12 12 12 15 15 9 56 56 14 6 6 6 6 2 2 2 2 3 3 1 1 2 4 4 2 3 3 8 8 14 11 11 1 0 0 2 2 0 1 1 0
 11 11 9 11 11 12 12 12 15 15 9 56 56 14 6 6 6 6 2 2 2 2 3 3 1 1 2 4 4 2 3 3 8 8 14 11 11 1 0 0 2 2 0 1 1 0
 2 2 7 6 6 6 6 6 4 4 7 6 6 4 2 2 1 1 1 11 11 7 2 2 2 2 2 2 2 1 1 1 13 13 13 1 1 0 0 0 1 1 0 0 0 1
 8 8 7 2 2 5 3 3 6 6 7 2 2 2 1 1 3 3 2 8 8 3 2 2 2 2 2 3 3 11 2 2 3 3 5 0 0 0 0 0 0 0 0 1 1 0
 8 8 7 2 2 5 3 3 6 6 7 2 2 2 1 1 3 3 2 8 8 3 2 2 2 2 2 3 3 11 2 2 3 3 5 0 0 0 0 0 0 0 0 1 1 0
 7 7 8 2 2 1 3 3 3 3 2 0 0 1 1 1 9 9 4 1 1 0 1 1 1 1 1 0 0 0 8 8 2 2 1 0 0 0 0 0 0 0 0 1 1 1
 7 7 8 2 2 1 3 3 3 3 2 0 0 1 1 1 9 9 4 1 1 0 1 1 1 1 1 0 0 0 8 8 2 2 1 0 0 0 0 0 0 0 0 1 1 1
 2 2 2 2 2 2 1 1 1 1 0 0 0 1 0 0 0 0 3 1 1 1 2 2 3 3 2 1 1 0 1 1 1 1 0 0 0 0 0 0 0 0 1 0 0 1
 1 1 1 1 1 1 1 1 1 1 0 0 0 0 0 0 0 0 0 1 1 14 11 11 15 15 2 0 0 0 2 2 1 1 0 0 0 0 0 0 0 0 0 0 0 0
 1 1 1 1 1 1 1 1 1 1 0 0 0 0 0 0 0 0 0 1 1 14 11 11 15 15 2 0 0 0 2 2 1 1 0 0 0 0 0 0 0 0 0 0 0 0
 1 1 1 1 1 0 1 1 0 0 0 0 0 1 6 6 1 1 1 5 5 4 4 4 3 3 14 2 2 1 2 2 1 1 0 0 0 0 0 0 0 0 0 0 0 0
 1 1 0 1 1 0 0 0 0 0 1 0 0 0 0 0 1 1 1 1 1 2 0 0 1 1 4 0 0 0 0 0 0 0 0 0 0 0 0 0 0 0 0 1 1 0
 1 1 0 1 1 0 0 0 0 0 1 0 0 0 0 0 1 1 1 1 1 2 0 0 1 1 4 0 0 0 0 0 0 0 0 0 0 0 0 0 0 0 0 1 1 0
 1 1 1 1 1 1 1 1 0 0 1 0 0 0 0 0 0 0 2 3 3 4 0 0 1 1 1 1 1 0 0 0 0 0 0 0 0 0 0 0 0 0 0 0 0 0
 1 1 1 1 1 1 1 1 0 0 1 0 0 0 0 0 0 0 2 3 3 4 0 0 1 1 1 1 1 0 0 0 0 0 0 0 0 0 0 0 0 0 0 0 0 0
 2 2 1 2 2 3 2 2 0 0 0 0 0 0 0 0 2 2 3 10 10 9 1 1 0 0 0 1 1 0 0 0 0 0 0 0 0 0 0 0 0 0 0 0 0 0
 1 1 1 0 0 0 1 1 1 1 0 0 0 1 1 1 0 0 2 9 9 13 1 1 0 0 1 0 0 1 2 2 0 0 0 0 0 0 0 0 0 0 0 0 0 0
 1 1 1 0 0 0 1 1 1 1 0 0 0 1 1 1 0 0 2 9 9 13 1 1 0 0 1 0 0 1 2 2 0 0 0 0 0 0 0 0 0 0 0 0 0 0
 1 1 0 0 0 0 0 0 0 0 0 1 1 2 1 1 0 0 0 0 0 3 0 0 1 1 3 3 3 1 1 1 0 0 0 0 0 0 0 0 0 0 1 0 0 0
 1 1 0 0 0 0 0 0 0 0 0 1 1 0 0 0 0 0 0 0 0 0 0 0 1 1 1 1 1 3 1 1 0 0 1 0 0 1 0 0 0 0 0 0 0 0
 1 1 0 0 0 0 0 0 0 0 0 1 1 0 0 0 0 0 0 0 0 0 0 0 1 1 1 1 1 3 1 1 0 0 1 0 0 1 0 0 0 0 0 0 0 0
 1 1 0 0 0 0 0 0 0 0 0 1 1 0 0 0 0 0 0 0 0 0 1 1 0 0 1 0 0 1 1 1 0 0 1 0 0 0 0 0 0 0 0 0 0 0
 1 1 0 0 0 0 0 0 0 0 0 1 1 0 0 0 0 0 0 0 0 0 1 1 0 0 1 0 0 1 1 1 0 0 1 0 0 0 0 0 0 0 0 0 0 0
 0 0 0 0 0 0 1 1 0 0 0 0 0 0 0 0 0 0 0 0 0 0 0 0 1 1 1 1 1 1 1 1 1 1 1 0 0 0 0 0 0 0 0 0 0 0
 0 0 0 0 0 0 1 1 0 0 0 0 0 0 0 0 0 0 0 0 0 0 0 0 0 0 1 1 1 1 0 0 1 1 1 1 1 0 0 0 0 0 1 1 1 0
 0 0 0 0 0 0 1 1 0 0 0 0 0 0 0 0 0 0 0 0 0 0 0 0 0 0 1 1 1 1 0 0 1 1 1 1 1 0 0 0 0 0 1 1 1 0
 0 0 0 0 0 0 0 0 0 0 0 0 0 0 0 0 0 0 0 0 0 0 0 0 0 0 0 0 0 0 1 1 0 0 1 0 0 1 0 0 1 1 0 0 0 0
 0 0 0 0 0 0 0 0 0 0 0 0 0 0 1 1 0 0 0 0 0 0 0 0 0 0 0 0 0 1 0 0 0 0 1 1 1 0 0 0 0 0 7 5 5 0
 0 0 0 0 0 0 0 0 0 0 0 0 0 0 1 1 0 0 0 0 0 0 0 0 0 0 0 0 0 1 0 0 0 0 1 1 1 0 0 0 0 0 7 5 5 0
 0 0 0 0 0 0 0 0 0 0 0 0 0 0 0 0 0 0 0 0 0 0 0 0 0 0 0 0 0 1 0 0 0 0 1 1 1 0 0 0 0 0 0 2 2 0
 0 0 0 0 0 0 0 0 0 0 0 0 0 0 0 0 0 0 0 0 0 0 0 0 0 0 0 0 0 1 0 0 0 0 1 1 1 0 0 0 0 0 0 2 2 0
 0 0 0 0 0 0 0 0 0 0 0 0 0 0 0 0 0 0 0 0 0 0 0 0 0 0 0 0 0 0 0 0 0 0 0 1 1 0 0 0 0 0 0 1 1 0
 0 0 0 0 0 0 0 0 0 0 0 0 0 0 0 0 0 0 0 0 0 0 0 0 0 0 0 0 0 0 0 0 0 0 0 1 1 1 1 1 1 1 0 1 1 0
 0 0 0 0 0 0 0 0 0 0 0 0 0 0 0 0 0 0 0 0 0 0 0 0 0 0 0 0 0 0 0 0 0 0 0 1 1 1 1 1 1 1 0 1 1 0
 0 0 0 0 0 0 0 0 0 0 0 0 0 0 0 0 0 0 0 0 0 0 0 0 0 0 0 0 0 0 0 0 0 0 0 0 0 0 1 1 1 1 1 0 0 0
 0 0 0 0 0 0 0 0 0 0 0 0 0 0 0 0 0 0 0 0 0 0 0 0 0 0 0 0 0 0 0 0 0 0 0 0 0 0 0 0 0 0 1 0 0 0
