assets/RAT_results_old/precipitation/2018-04-21_IMERG.asc
ncols        46
nrows        77
xllcorner    74.800261325624
yllcorner    8.058333333333
cellsize     0.062500000000
NODATA_value -9999
 0 0 0 0 0 0 0 0 0 0 3 0 0 0 0 0 0 0 0 0 0 0 0 0 0 0 0 0 0 0 1 1 1 1 2 1 1 0 0 0 0 0 0 1 1 0
 0 0 0 0 0 0 0 0 0 0 2 1 1 0 0 0 0 0 0 0 0 0 0 0 0 0 0 0 0 0 1 1 1 1 1 0 0 0 0 0 0 0 0 0 0 1
 0 0 0 0 0 0 0 0 0 0 2 1 1 0 0 0 0 0 0 0 0 0 0 0 0 0 0 0 0 0 1 1 1 1 1 0 0 0 0 0 0 0 0 0 0 1
 0 0 0 0 0 0 0 0 1 1 4 10 10 6 0 0 2 2 0 1 1 0 0 0 0 0 0 0 0 0 0 0 0 0 0 0 0 0 0 0 0 0 0 0 0 1
 0 0 0 1 1 1 2 2 2 2 8 7 7 9 1 1 1 1 2 2 2 3 1 1 0 0 1 1 1 1 0 0 0 0 0 0 0 0 0 0 0 0 0 0 0 0
 0 0 0 1 1 1 2 2 2 2 8 7 7 9 1 1 1 1 2 2 2 3 1 1 0 0 1 1 1 1 0 0 0 0 0 0 0 0 0 0 0 0 0 0 0 0
 0 0 0 5 5 3 4 4 2 2 8 9 9 8 1 1 3 3 11 10 10 12 6 6 1 1 1 3 3 2 0 0 0 0 0 0 0 0 0 0 0 0 0 0 0 0
 0 0 0 5 5 3 4 4 2 2 8 9 9 8 1 1 3 3 11 10 10 12 6 6 1 1 1 3 3 2 0 0 0 0 0 0 0 0 0 0 0 0 0 0 0 0
 0 0 4 1 1 2 6 6 9 9 13 18 18 15 8 8 11 11 22 17 17 18 7 7 2 2 5 3 3 1 0 0 0 0 0 0 0 0 0 0 0 0 0 0 0 0
 2 2 1 2 2 2 13 13 18 18 20 17 17 15 17 17 10 10 24 31 31 30 7 7 8 8 1 1 1 0 0 0 0 0 0 0 0 0 0 0 0 0 0 0 0 0
 2 2 1 2 2 2 13 13 18 18 20 17 17 15 17 17 10 10 24 31 31 30 7 7 8 8 1 1 1 0 0 0 0 0 0 0 0 0 0 0 0 0 0 0 0 0
 2 2 1 5 5 7 25 25 31 31 42 23 23 49 19 19 15 15 16 14 14 6 4 4 0 0 0 0 0 0 0 0 0 0 0 0 0 0 0 0 0 0 0 0 0 0
 2 2 1 5 5 7 18 18 31 31 80 47 47 32 19 19 13 13 9 12 12 2 3 3 0 0 0 0 0 0 0 0 0 0 0 0 0 0 0 0 0 0 2 0 0 0
 2 2 1 5 5 7 18 18 31 31 80 47 47 32 19 19 13 13 9 12 12 2 3 3 0 0 0 0 0 0 0 0 0 0 0 0 0 0 0 0 0 0 2 0 0 0
 1 1 1 4 4 5 15 15 33 33 57 42 42 35 26 26 16 16 12 7 7 10 1 1 0 0 0 0 0 0 0 0 0 0 0 0 0 0 0 0 0 0 0 0 0 0
 1 1 1 4 4 5 15 15 33 33 57 42 42 35 26 26 16 16 12 7 7 10 1 1 0 0 0 0 0 0 0 0 0 0 0 0 0 0 0 0 0 0 0 0 0 0
 5 5 2 3 3 7 11 11 20 20 28 32 32 32 25 25 23 23 14 2 2 0 0 0 0 0 0 0 0 0 0 0 0 0 0 0 0 0 0 0 0 0 0 0 0 0
 5 5 6 6 6 4 11 11 19 19 26 22 22 28 36 36 24 24 6 0 0 0 0 0 0 0 0 0 0 0 0 0 0 0 0 0 0 0 0 0 0 0 0 0 0 0
 5 5 6 6 6 4 11 11 19 19 26 22 22 28 36 36 24 24 6 0 0 0 0 0 0 0 0 0 0 0 0 0 0 0 0 0 0 0 0 0 0 0 0 0 0 0
 6 6 6 8 8 7 9 9 15 15 16 14 14 10 16 16 6 6 0 0 0 0 0 0 0 0 0 0 0 0 0 0 0 0 0 0 0 0 0 0 0 0 0 0 0 0
 5 5 6 9 9 8 8 8 2 2 8 1 1 1 0 0 0 0 0 0 0 0 0 0 0 0 0 0 0 0 0 0 0 0 0 0 0 0 0 0 0 0 0 0 0 0
 5 5 6 9 9 8 8 8 2 2 8 1 1 1 0 0 0 0 0 0 0 0 0 0 0 0 0 0 0 0 0 0 0 0 0 0 0 0 0 0 0 0 0 0 0 0
 1 1 5 3 3 3 4 4 9 9 6 1 1 1 0 0 0 0 0 0 0 0 0 0 0 0 0 0 0 0 0 0 0 0 0 0 0 0 0 0 0 0 0 0 0 0
 1 1 5 3 3 3 4 4 9 9 6 1 1 1 0 0 0 0 0 0 0 0 0 0 0 0 0 0 0 0 0 0 0 0 0 0 0 0 0 0 0 0 0 0 0 0
 1 1 1 1 1 2 5 5 4 4 6 1 1 0 0 0 0 0 0 0 0 0 0 0 0 0 0 0 0 0 0 0 0 0 0 0 0 0 0 0 0 0 0 0 0 0
 1 1 1 1 1 1 4 4 4 4 1 0 0 0 0 0 1 1 1 1 1 0 0 0 0 0 16 0 0 0 0 0 0 0 0 0 0 0 0 0 0 0 0 1 1 1
 1 1 1 1 1 1 4 4 4 4 1 0 0 0 0 0 1 1 1 1 1 0 0 0 0 0 16 0 0 0 0 0 0 0 0 0 0 0 0 0 0 0 0 1 1 1
 1 1 1 1 1 1 4 4 1 1 1 1 1 0 0 0 2 2 2 3 3 3 2 2 2 2 2 2 2 0 0 0 0 0 0 0 0 0 0 0 0 0 1 1 1 1
 1 1 1 1 1 2 1 1 1 1 1 8 8 2 5 5 1 1 2 3 3 2 3 3 1 1 1 0 0 0 0 0 0 0 0 0 0 0 0 0 0 0 0 0 0 0
 1 1 1 1 1 2 1 1 1 1 1 8 8 2 5 5 1 1 2 3 3 2 3 3 1 1 1 0 0 0 0 0 0 0 0 0 0 0 0 0 0 0 0 0 0 0
 1 1 2 2 2 5 12 12 10 10 9 9 9 8 18 18 17 17 14 9 9 8 9 9 2 2 1 0 0 0 0 0 0 0 0 0 0 0 0 0 0 0 0 0 0 0
 1 1 2 2 2 5 12 12 10 10 9 9 9 8 18 18 17 17 14 9 9 8 9 9 2 2 1 0 0 0 0 0 0 0 0 0 0 0 0 0 0 0 0 0 0 0
 2 2 3 2 2 5 24 24 4 4 62 43 43 41 29 29 39 39 43 15 15 8 9 9 13 13 1 0 0 0 0 0 0 0 0 0 0 0 0 0 0 0 0 0 0 0
 2 2 3 21 21 12 17 17 17 17 16 72 72 55 25 25 58 58 39 28 28 20 13 13 13 13 11 0 0 0 0 0 0 0 0 0 0 0 0 0 1 1 0 0 0 0
 2 2 3 21 21 12 17 17 17 17 16 72 72 55 25 25 58 58 39 28 28 20 13 13 13 13 11 0 0 0 0 0 0 0 0 0 0 0 0 0 1 1 0 0 0 0
 2 2 4 38 38 35 34 34 33 33 13 27 27 45 31 31 50 50 38 43 43 35 30 30 21 21 12 0 0 0 0 0 2 2 0 0 0 5 0 0 0 0 0 0 0 0
 6 6 7 38 38 36 34 34 24 24 43 31 31 31 36 36 43 43 46 48 48 41 20 20 19 19 1 0 0 1 2 2 4 4 2 0 0 5 0 0 0 0 0 0 0 0
 6 6 7 38 38 36 34 34 24 24 43 31 31 31 36 36 43 43 46 48 48 41 20 20 19 19 1 0 0 1 2 2 4 4 2 0 0 5 0 0 0 0 0 0 0 0
 7 7 8 24 24 14 44 44 15 15 27 39 39 22 32 32 45 45 41 45 45 35 12 12 11 11 0 12 12 13 6 6 8 8 5 0 0 0 0 0 0 0 0 0 0 0
 7 7 8 24 24 14 44 44 15 15 27 39 39 22 32 32 45 45 41 45 45 35 12 12 11 11 0 12 12 13 6 6 8 8 5 0 0 0 0 0 0 0 0 0 0 0
 9 9 8 16 16 24 32 32 26 26 22 29 29 26 19 19 82 82 37 32 32 31 16 16 11 11 12 14 14 14 7 7 8 8 2 1 1 0 0 0 0 0 0 0 0 0
 8 8 6 9 9 21 26 26 22 22 20 25 25 10 12 12 29 29 24 19 19 22 21 21 6 6 10 6 6 6 10 10 6 6 3 1 1 0 0 0 0 0 2 0 0 0
 8 8 6 9 9 21 26 26 22 22 20 25 25 10 12 12 29 29 24 19 19 22 21 21 6 6 10 6 6 6 10 10 6 6 3 1 1 0 0 0 0 0 2 0 0 0
 8 8 7 8 8 11 18 18 17 17 10 12 12 11 8 8 22 22 26 28 28 21 11 11 7 7 8 13 13 6 3 3 5 5 4 3 3 2 1 1 0 0 0 0 0 0
 9 9 7 10 10 17 20 20 10 10 7 5 5 14 8 8 2 2 14 14 14 14 9 9 10 10 11 10 10 7 4 4 6 6 4 10 10 1 1 1 1 1 0 0 0 0
 9 9 7 10 10 17 20 20 10 10 7 5 5 14 8 8 2 2 14 14 14 14 9 9 10 10 11 10 10 7 4 4 6 6 4 10 10 1 1 1 1 1 0 0 0 0
 7 7 7 6 6 12 9 9 24 24 21 10 10 14 4 4 1 1 7 21 21 18 74 74 12 12 9 29 29 20 13 13 11 11 10 10 10 1 1 1 0 0 0 0 0 0
 7 7 7 6 6 12 9 9 24 24 21 10 10 14 4 4 1 1 7 21 21 18 74 74 12 12 9 29 29 20 13 13 11 11 10 10 10 1 1 1 0 0 0 0 0 0
 5 5 6 25 25 22 23 23 20 20 20 6 6 5 3 3 1 1 0 8 8 12 7 7 12 12 17 29 29 20 15 15 10 10 10 9 9 0 0 0 0 0 0 0 0 0
 4 4 5 22 22 14 29 29 22 22 19 2 2 2 1 1 1 1 0 9 9 15 8 8 16 16 18 21 21 22 15 15 14 14 9 9 9 4 0 0 0 0 0 0 0 0
 4 4 5 22 22 14 29 29 22 22 19 2 2 2 1 1 1 1 0 9 9 15 8 8 16 16 18 21 21 22 15 15 14 14 9 9 9 4 0 0 0 0 0 0 0 0
 1 1 5 15 15 21 22 22 21 21 2 1 1 1 1 1 1 1 1 1 1 35 14 14 35 35 25 10 10 18 18 18 16 16 5 4 4 4 0 0 0 0 0 0 0 0
 1 1 3 5 5 6 1 1 1 1 1 1 1 1 2 2 1 1 1 5 5 18 26 26 26 26 20 11 11 19 16 16 6 6 2 0 0 0 0 0 0 0 0 0 0 0
 1 1 3 5 5 6 1 1 1 1 1 1 1 1 2 2 1 1 1 5 5 18 26 26 26 26 20 11 11 19 16 16 6 6 2 0 0 0 0 0 0 0 0 0 0 0
 2 2 2 2 2 2 1 1 1 1 1 1 1 2 2 2 1 1 1 16 16 16 17 17 30 30 13 10 10 11 19 19 7 7 2 0 0 0 0 0 0 0 0 0 0 0
 2 2 2 2 2 2 1 1 1 1 1 1 1 2 2 2 1 1 1 16 16 16 17 17 30 30 13 10 10 11 19 19 7 7 2 0 0 0 0 0 0 0 0 0 0 0
 2 2 0 1 1 2 1 1 1 1 21 26 26 21 22 22 17 17 17 16 16 16 14 14 28 28 16 10 10 21 10 10 9 9 4 5 5 5 5 5 0 0 0 0 0 0
 1 1 0 0 0 1 1 1 20 20 21 26 26 30 22 22 21 21 21 19 19 18 14 14 23 23 32 15 15 10 11 11 10 10 10 10 10 10 10 10 0 0 0 0 0 0
 1 1 0 0 0 1 1 1 20 20 21 26 26 30 22 22 21 21 21 19 19 18 14 14 23 23 32 15 15 10 11 11 10 10 10 10 10 10 10 10 0 0 0 0 0 0
 1 1 1 1 1 1 1 1 20 20 72 29 29 30 22 22 3 3 20 14 14 13 13 13 21 21 17 11 11 12 23 23 16 16 10 10 10 10 10 10 0 0 0 0 0 0
 0 0 0 0 0 0 0 0 72 72 72 29 29 29 1 1 1 1 13 13 13 13 13 13 12 12 15 9 9 7 20 20 7 7 5 2 2 2 2 2 0 0 0 0 0 0
 0 0 0 0 0 0 0 0 72 72 72 29 29 29 1 1 1 1 13 13 13 13 13 13 12 12 15 9 9 7 20 20 7 7 5 2 2 2 2 2 0 0 0 0 0 0
 0 0 0 0 0 0 0 0 0 0 0 0 0 0 1 1 1 1 13 0 0 0 0 0 7 7 7 0 0 2 4 4 8 8 3 2 2 0 0 0 0 0 0 0 0 0
 0 0 0 0 0 0 0 0 0 0 0 0 0 0 1 1 1 1 13 0 0 0 0 0 7 7 7 0 0 2 4 4 8 8 3 2 2 0 0 0 0 0 0 0 0 0
 0 0 0 0 0 0 0 0 0 0 0 0 0 0 0 0 0 0 0 0 0 0 0 0 1 1 1 1 1 1 4 4 0 0 0 0 0 0 0 0 0 0 0 0 0 0
 0 0 0 0 0 0 0 0 0 0 0 0 0 0 0 0 0 0 0 0 0 0 0 0 1 1 1 1 1 0 0 0 0 0 0 0 0 0 0 0 0 0 0 0 0 0
 0 0 0 0 0 0 0 0 0 0 0 0 0 0 0 0 0 0 0 0 0 0 0 0 1 1 1 1 1 0 0 0 0 0 0 0 0 0 0 0 0 0 0 0 0 0
 0 0 0 0 0 0 0 0 0 0 0 0 0 0 0 0 0 0 0 0 0 0 0 0 0 0 0 0 0 0 0 0 0 0 0 0 0 0 0 0 0 0 0 0 0 0
 0 0 0 0 0 0 0 0 0 0 0 0 0 0 0 0 0 0 0 0 0 0 0 0 0 0 0 0 0 0 0 0 0 0 0 0 0 2 0 0 0 0 0 0 0 0
 0 0 0 0 0 0 0 0 0 0 0 0 0 0 0 0 0 0 0 0 0 0 0 0 0 0 0 0 0 0 0 0 0 0 0 0 0 2 0 0 0 0 0 0 0 0
 0 0 0 0 0 1 1 1 0 0 0 0 0 0 0 0 0 0 0 0 0 0 0 0 0 0 0 0 0 0 0 0 0 0 0 0 0 0 0 0 0 0 0 0 0 0
 0 0 0 0 0 1 1 1 0 0 0 0 0 0 0 0 0 0 0 0 0 0 0 0 0 0 0 0 0 0 0 0 0 0 0 0 0 0 0 0 0 0 0 0 0 0
 0 0 0 0 0 0 1 1 1 1 0 0 0 0 0 0 0 0 0 0 0 0 0 0 0 0 0 0 0 0 0 0 0 0 0 0 0 0 0 0 0 0 0 0 0 0
 0 0 0 0 0 0 1 1 1 1 1 0 0 0 0 0 0 0 1 0 0 0 0 0 0 0 0 0 0 0 0 0 0 0 0 0 0 0 0 0 0 0 0 0 0 0
 0 0 0 0 0 0 1 1 1 1 1 0 0 0 0 0 0 0 1 0 0 0 0 0 0 0 0 0 0 0 0 0 0 0 0 0 0 0 0 0 0 0 0 0 0 0
 0 0 0 0 0 0 0 0 0 0 0 0 0 0 0 0 1 1 0 0 0 0 0 0 0 0 0 0 0 0 0 0 0 0 0 0 0 0 0 0 0 0 0 0 0 0
 0 0 0 0 0 0 0 0 0 0 0 0 0 0 1 1 1 1 0 0 0 0 0 0 0 0 0 0 0 0 0 0 0 0 0 0 0 0 0 0 0 0 0 0 0 0
