assets/RAT_results_old/precipitation/2018-10-06_IMERG.asc
ncols        46
nrows        77
xllcorner    74.800261325624
yllcorner    8.058333333333
cellsize     0.062500000000
NODATA_value -9999
 21 21 22 18 18 14 5 5 4 4 3 1 1 1 2 2 4 4 4 4 4 3 0 0 1 1 2 2 2 3 2 2 1 1 1 4 4 2 1 1 4 4 3 3 3 3
 23 23 28 18 18 19 13 13 3 3 1 1 1 1 1 1 4 4 4 2 2 1 0 0 0 0 1 3 3 5 3 3 2 2 3 5 5 3 3 3 3 3 5 4 4 3
 23 23 28 18 18 19 13 13 3 3 1 1 1 1 1 1 4 4 4 2 2 1 0 0 0 0 1 3 3 5 3 3 2 2 3 5 5 3 3 3 3 3 5 4 4 3
 19 19 28 21 21 19 15 15 17 17 3 2 2 0 3 3 3 3 2 1 1 0 0 0 0 0 0 1 1 4 3 3 3 3 2 4 4 3 4 4 3 3 2 2 2 4
 15 15 26 26 26 19 51 51 46 46 11 7 7 5 4 4 4 4 2 0 0 0 0 0 1 1 0 1 1 2 3 3 2 2 3 15 15 2 3 3 2 2 2 5 5 7
 15 15 26 26 26 19 51 51 46 46 11 7 7 5 4 4 4 4 2 0 0 0 0 0 1 1 0 1 1 2 3 3 2 2 3 15 15 2 3 3 2 2 2 5 5 7
 20 20 22 23 23 19 39 39 17 17 43 10 10 9 7 7 3 3 1 3 3 0 0 0 0 0 2 5 5 0 2 2 1 1 3 3 3 2 2 2 4 4 3 2 2 6
 20 20 22 23 23 19 39 39 17 17 43 10 10 9 7 7 3 3 1 3 3 0 0 0 0 0 2 5 5 0 2 2 1 1 3 3 3 2 2 2 4 4 3 2 2 6
 12 12 19 27 27 27 32 32 24 24 47 27 27 16 10 10 6 6 5 7 7 7 9 9 3 3 4 3 3 0 0 0 0 0 1 0 0 0 0 0 2 2 2 5 5 6
 12 12 17 25 25 24 21 21 29 29 39 29 29 30 23 23 14 14 6 6 6 6 13 13 1 1 3 3 3 0 1 1 0 0 0 0 0 0 0 0 0 0 4 7 7 5
 12 12 17 25 25 24 21 21 29 29 39 29 29 30 23 23 14 14 6 6 6 6 13 13 1 1 3 3 3 0 1 1 0 0 0 0 0 0 0 0 0 0 4 7 7 5
 8 8 11 13 13 19 21 21 26 26 27 27 27 18 18 18 18 18 19 7 7 5 6 6 4 4 3 1 1 0 0 0 0 0 0 0 0 0 1 1 3 3 1 8 8 6
 8 8 11 14 14 20 24 24 29 29 23 24 24 20 18 18 19 19 17 8 8 7 3 3 2 2 1 4 4 5 0 0 0 0 0 1 1 0 0 0 4 4 4 8 8 6
 8 8 11 14 14 20 24 24 29 29 23 24 24 20 18 18 19 19 17 8 8 7 3 3 2 2 1 4 4 5 0 0 0 0 0 1 1 0 0 0 4 4 4 8 8 6
 16 16 18 31 31 19 31 31 40 40 28 27 27 25 25 25 18 18 13 8 8 5 3 3 1 1 1 3 3 0 0 0 1 1 0 0 0 0 0 0 4 4 4 19 19 20
 16 16 18 31 31 19 31 31 40 40 28 27 27 25 25 25 18 18 13 8 8 5 3 3 1 1 1 3 3 0 0 0 1 1 0 0 0 0 0 0 4 4 4 19 19 20
 14 14 17 28 28 22 23 23 44 44 37 33 33 34 32 32 15 15 16 16 16 9 3 3 2 2 0 1 1 0 0 0 0 0 1 7 7 3 4 4 4 4 9 19 19 19
 23 23 27 19 19 50 22 22 59 59 43 39 39 37 38 38 36 36 36 26 26 11 5 5 2 2 0 1 1 2 4 4 8 8 7 8 8 2 5 5 5 5 35 17 17 19
 23 23 27 19 19 50 22 22 59 59 43 39 39 37 38 38 36 36 36 26 26 11 5 5 2 2 0 1 1 2 4 4 8 8 7 8 8 2 5 5 5 5 35 17 17 19
 44 44 51 45 45 75 64 64 65 65 64 43 43 56 43 43 43 43 39 31 31 11 6 6 6 6 5 1 1 4 5 5 10 10 10 23 23 29 24 24 23 23 45 17 17 17
 54 54 49 53 53 83 79 79 81 81 67 37 37 36 47 47 56 56 34 26 26 14 13 13 13 13 10 10 10 18 19 19 18 18 24 27 27 37 42 42 22 22 5 5 5 4
 54 54 49 53 53 83 79 79 81 81 67 37 37 36 47 47 56 56 34 26 26 14 13 13 13 13 10 10 10 18 19 19 18 18 24 27 27 37 42 42 22 22 5 5 5 4
 44 44 43 43 43 65 61 61 54 54 57 38 38 53 30 30 28 28 37 23 23 16 13 13 16 16 13 13 13 24 22 22 21 21 19 32 32 48 53 53 27 27 19 16 16 6
 44 44 43 43 43 65 61 61 54 54 57 38 38 53 30 30 28 28 37 23 23 16 13 13 16 16 13 13 13 24 22 22 21 21 19 32 32 48 53 53 27 27 19 16 16 6
 37 37 37 34 34 15 31 31 26 26 72 58 58 26 19 19 41 41 27 9 9 7 11 11 14 14 22 25 25 27 35 35 22 22 27 34 34 25 33 33 27 27 19 38 38 7
 23 23 19 15 15 12 22 22 17 17 43 68 68 77 25 25 37 37 10 7 7 12 13 13 16 16 30 29 29 30 22 22 21 21 14 18 18 20 19 19 17 17 30 24 24 18
 23 23 19 15 15 12 22 22 17 17 43 68 68 77 25 25 37 37 10 7 7 12 13 13 16 16 30 29 29 30 22 22 21 21 14 18 18 20 19 19 17 17 30 24 24 18
 23 23 19 8 8 6 8 8 12 12 15 33 33 34 31 31 12 12 5 7 7 4 14 14 12 12 23 28 28 24 20 20 22 22 17 12 12 12 15 15 16 16 21 44 44 15
 24 24 21 12 12 8 8 8 5 5 5 6 6 7 10 10 5 5 3 4 4 2 11 11 15 15 24 22 22 19 15 15 14 14 16 12 12 26 6 6 12 12 10 26 26 8
 24 24 21 12 12 8 8 8 5 5 5 6 6 7 10 10 5 5 3 4 4 2 11 11 15 15 24 22 22 19 15 15 14 14 16 12 12 26 6 6 12 12 10 26 26 8
 25 25 19 8 8 5 5 5 9 9 2 1 1 2 1 1 3 3 3 2 2 3 4 4 13 13 16 20 20 16 16 16 8 8 8 11 11 9 16 16 11 11 10 14 14 5
 25 25 19 8 8 5 5 5 9 9 2 1 1 2 1 1 3 3 3 2 2 3 4 4 13 13 16 20 20 16 16 16 8 8 8 11 11 9 16 16 11 11 10 14 14 5
 27 27 21 8 8 7 3 3 4 4 1 0 0 1 2 2 4 4 7 2 2 3 3 3 12 12 11 11 11 9 10 10 5 5 5 4 4 8 10 10 6 6 8 9 9 4
 29 29 10 8 8 6 3 3 3 3 2 1 1 2 2 2 6 6 8 3 3 2 1 1 5 5 6 7 7 4 4 4 4 4 4 5 5 7 7 7 5 5 18 17 17 8
 29 29 10 8 8 6 3 3 3 3 2 1 1 2 2 2 6 6 8 3 3 2 1 1 5 5 6 7 7 4 4 4 4 4 4 5 5 7 7 7 5 5 18 17 17 8
 48 48 10 9 9 7 5 5 3 3 12 20 20 21 7 7 3 3 14 8 8 9 4 4 3 3 1 1 1 2 2 2 1 1 1 3 3 10 8 8 11 11 8 7 7 7
 38 38 13 12 12 9 4 4 12 12 13 23 23 23 6 6 5 5 9 16 16 16 7 7 7 7 2 2 2 2 3 3 6 6 5 13 13 7 10 10 7 7 6 5 5 13
 38 38 13 12 12 9 4 4 12 12 13 23 23 23 6 6 5 5 9 16 16 16 7 7 7 7 2 2 2 2 3 3 6 6 5 13 13 7 10 10 7 7 6 5 5 13
 31 31 23 10 10 7 5 5 12 12 6 6 6 6 7 7 7 7 29 17 17 10 6 6 3 3 6 3 3 6 2 2 6 6 3 6 6 8 8 8 10 10 7 4 4 18
 31 31 23 10 10 7 5 5 12 12 6 6 6 6 7 7 7 7 29 17 17 10 6 6 3 3 6 3 3 6 2 2 6 6 3 6 6 8 8 8 10 10 7 4 4 18
 52 52 39 8 8 5 4 4 10 10 7 5 5 7 7 7 8 8 12 18 18 9 5 5 7 7 5 8 8 7 5 5 6 6 7 5 5 6 7 7 5 5 7 14 14 11
 50 50 42 36 36 33 30 30 12 12 13 7 7 12 7 7 11 11 12 11 11 11 11 11 6 6 5 3 3 7 11 11 8 8 5 4 4 6 5 5 9 9 9 13 13 11
 50 50 42 36 36 33 30 30 12 12 13 7 7 12 7 7 11 11 12 11 11 11 11 11 6 6 5 3 3 7 11 11 8 8 5 4 4 6 5 5 9 9 9 13 13 11
 35 35 25 22 22 27 27 27 18 18 19 19 19 22 28 28 17 17 15 18 18 12 17 17 49 49 39 20 20 10 12 12 10 10 7 12 12 10 13 13 6 6 7 2 2 9
 17 17 24 27 27 33 32 32 30 30 38 21 21 23 23 23 17 17 13 11 11 13 33 33 52 52 40 13 13 6 8 8 10 10 7 8 8 9 8 8 7 7 7 6 6 4
 17 17 24 27 27 33 32 32 30 30 38 21 21 23 23 23 17 17 13 11 11 13 33 33 52 52 40 13 13 6 8 8 10 10 7 8 8 9 8 8 7 7 7 6 6 4
 14 14 15 20 20 24 33 33 30 30 34 14 14 12 14 14 10 10 14 14 14 12 58 58 57 57 52 39 39 6 4 4 10 10 9 10 10 9 9 9 7 7 28 7 7 19
 14 14 15 20 20 24 33 33 30 30 34 14 14 12 14 14 10 10 14 14 14 12 58 58 57 57 52 39 39 6 4 4 10 10 9 10 10 9 9 9 7 7 28 7 7 19
 11 11 7 16 16 25 24 24 25 25 12 13 13 10 8 8 7 7 9 23 23 24 44 44 49 49 16 10 10 2 4 4 5 5 6 6 6 10 13 13 16 16 10 24 24 14
 7 7 5 7 7 9 10 10 11 11 16 14 14 12 10 10 5 5 4 8 8 14 9 9 14 14 11 8 8 3 3 3 6 6 8 7 7 7 5 5 6 6 26 12 12 11
 7 7 5 7 7 9 10 10 11 11 16 14 14 12 10 10 5 5 4 8 8 14 9 9 14 14 11 8 8 3 3 3 6 6 8 7 7 7 5 5 6 6 26 12 12 11
 8 8 4 4 4 5 9 9 9 9 15 13 13 9 9 9 8 8 2 4 4 10 20 20 11 11 9 5 5 3 7 7 8 8 8 6 6 6 6 6 5 5 6 7 7 9
 14 14 6 4 4 4 6 6 7 7 13 12 12 12 10 10 10 10 6 7 7 30 18 18 11 11 12 9 9 9 11 11 15 15 11 7 7 6 3 3 3 3 4 5 5 7
 14 14 6 4 4 4 6 6 7 7 13 12 12 12 10 10 10 10 6 7 7 30 18 18 11 11 12 9 9 9 11 11 15 15 11 7 7 6 3 3 3 3 4 5 5 7
 28 28 6 6 6 3 5 5 6 6 7 7 7 9 11 11 3 3 6 9 9 8 13 13 27 27 25 13 13 11 10 10 15 15 8 13 13 8 5 5 8 8 11 5 5 6
 28 28 6 6 6 3 5 5 6 6 7 7 7 9 11 11 3 3 6 9 9 8 13 13 27 27 25 13 13 11 10 10 15 15 8 13 13 8 5 5 8 8 11 5 5 6
 46 46 15 15 15 6 9 9 6 6 6 6 6 8 7 7 2 2 4 6 6 13 30 30 14 14 17 13 13 13 13 13 15 15 21 30 30 10 11 11 15 15 16 13 13 7
 53 53 36 26 26 12 13 13 10 10 6 4 4 4 3 3 2 2 3 6 6 9 33 33 37 37 15 19 19 16 14 14 15 15 22 21 21 27 18 18 21 21 34 15 15 13
 53 53 36 26 26 12 13 13 10 10 6 4 4 4 3 3 2 2 3 6 6 9 33 33 37 37 15 19 19 16 14 14 15 15 22 21 21 27 18 18 21 21 34 15 15 13
 69 69 55 44 44 25 21 21 16 16 6 4 4 5 3 3 3 3 3 7 7 7 7 7 12 12 11 13 13 17 20 20 24 24 23 29 29 25 35 35 31 31 44 27 27 17
 57 57 52 44 44 39 29 29 18 18 12 7 7 5 5 5 3 3 4 9 9 7 13 13 10 10 11 15 15 18 24 24 21 21 22 17 17 21 31 31 30 30 45 21 21 17
 57 57 52 44 44 39 29 29 18 18 12 7 7 5 5 5 3 3 4 9 9 7 13 13 10 10 11 15 15 18 24 24 21 21 22 17 17 21 31 31 30 30 45 21 21 17
 40 40 45 37 37 33 29 29 29 29 30 21 21 18 7 7 3 3 4 6 6 6 5 5 7 7 8 16 16 19 21 21 21 21 17 19 19 20 33 33 42 42 40 33 33 22
 40 40 45 37 37 33 29 29 29 29 30 21 21 18 7 7 3 3 4 6 6 6 5 5 7 7 8 16 16 19 21 21 21 21 17 19 19 20 33 33 42 42 40 33 33 22
 28 28 25 22 22 20 16 16 14 14 17 16 16 15 3 3 2 2 2 3 3 5 4 4 5 5 7 6 6 16 18 18 21 21 22 22 22 19 34 34 50 50 59 29 29 39
 17 17 22 20 20 17 15 15 12 12 13 12 12 10 6 6 4 4 4 3 3 5 3 3 3 3 6 7 7 14 15 15 19 19 20 21 21 37 35 35 38 38 46 32 32 30
 17 17 22 20 20 17 15 15 12 12 13 12 12 10 6 6 4 4 4 3 3 5 3 3 3 3 6 7 7 14 15 15 19 19 20 21 21 37 35 35 38 38 46 32 32 30
 15 15 20 19 19 18 12 12 7 7 8 8 8 7 5 5 4 4 1 2 2 3 3 3 2 2 2 6 6 11 10 10 16 16 20 18 18 21 21 21 30 30 51 45 45 31
 12 12 19 21 21 19 12 12 7 7 7 6 6 6 5 5 2 2 1 3 3 4 3 3 2 2 3 2 2 7 7 7 16 16 20 20 20 16 21 21 30 30 71 73 73 39
 12 12 19 21 21 19 12 12 7 7 7 6 6 6 5 5 2 2 1 3 3 4 3 3 2 2 3 2 2 7 7 7 16 16 20 20 20 16 21 21 30 30 71 73 73 39
 10 10 19 22 22 18 14 14 8 8 8 6 6 7 4 4 3 3 1 2 2 3 3 3 2 2 1 2 2 5 5 5 18 18 24 18 18 16 17 17 60 60 60 65 65 33
 10 10 19 22 22 18 14 14 8 8 8 6 6 7 4 4 3 3 1 2 2 3 3 3 2 2 1 2 2 5 5 5 18 18 24 18 18 16 17 17 60 60 60 65 65 33
 10 10 16 19 19 15 15 15 11 11 7 8 8 10 4 4 4 4 4 4 4 6 4 4 6 6 2 2 2 4 5 5 17 17 24 17 17 15 17 17 20 20 26 30 30 33
 12 12 16 16 16 18 17 17 11 11 10 17 17 25 19 19 16 16 6 6 6 10 5 5 4 4 4 7 7 4 6 6 8 8 10 11 11 15 14 14 11 11 29 23 23 23
 12 12 16 16 16 18 17 17 11 11 10 17 17 25 19 19 16 16 6 6 6 10 5 5 4 4 4 7 7 4 6 6 8 8 10 11 11 15 14 14 11 11 29 23 23 23
 12 12 20 18 18 21 15 15 17 17 21 25 25 32 27 27 19 19 17 16 16 26 11 11 9 9 14 12 12 5 7 7 13 13 10 10 10 11 17 17 20 20 26 22 22 22
 13 13 16 18 18 19 23 23 21 21 27 34 34 37 33 33 28 28 26 24 24 37 21 21 25 25 29 11 11 11 16 16 14 14 15 13 13 16 18 18 20 20 24 19 19 12
