assets/RAT_results_old/precipitation/2018-05-14_IMERG.asc
ncols        46
nrows        77
xllcorner    74.800261325624
yllcorner    8.058333333333
cellsize     0.062500000000
NODATA_value -9999
 3 3 4 4 4 4 17 17 20 20 26 18 18 13 6 6 3 3 2 2 2 2 2 2 1 1 1 1 1 1 6 6 11 11 4 2 2 1 2 2 3 3 2 1 1 1
 3 3 3 2 2 4 4 4 8 8 6 6 6 7 1 1 2 2 1 1 1 1 0 0 0 0 2 1 1 1 2 2 2 2 0 1 1 1 1 1 1 1 1 0 0 0
 3 3 3 2 2 4 4 4 8 8 6 6 6 7 1 1 2 2 1 1 1 1 0 0 0 0 2 1 1 1 2 2 2 2 0 1 1 1 1 1 1 1 1 0 0 0
 1 1 1 1 1 2 2 2 7 7 6 5 5 1 1 1 1 1 1 0 0 0 1 1 0 0 2 0 0 1 0 0 0 0 0 0 0 0 0 0 0 0 0 0 0 0
 1 1 1 2 2 1 0 0 1 1 2 1 1 3 1 1 2 2 0 0 0 0 0 0 0 0 0 0 0 1 0 0 0 0 0 0 0 0 0 0 0 0 0 0 0 1
 1 1 1 2 2 1 0 0 1 1 2 1 1 3 1 1 2 2 0 0 0 0 0 0 0 0 0 0 0 1 0 0 0 0 0 0 0 0 0 0 0 0 0 0 0 1
 1 1 0 2 2 2 0 0 1 1 3 1 1 2 1 1 2 2 2 1 1 1 0 0 0 0 0 0 0 0 0 0 0 0 0 0 0 0 0 0 0 0 0 1 1 1
 1 1 0 2 2 2 0 0 1 1 3 1 1 2 1 1 2 2 2 1 1 1 0 0 0 0 0 0 0 0 0 0 0 0 0 0 0 0 0 0 0 0 0 1 1 1
 0 0 0 1 1 1 1 1 1 1 0 0 0 2 3 3 2 2 1 0 0 1 0 0 0 0 0 0 0 0 0 0 0 0 0 3 3 15 16 16 11 11 3 1 1 6
 1 1 1 2 2 2 1 1 1 1 0 1 1 4 4 4 5 5 0 1 1 0 1 1 1 1 0 0 0 0 0 0 0 0 0 3 3 16 16 16 20 20 21 14 14 15
 1 1 1 2 2 2 1 1 1 1 0 1 1 4 4 4 5 5 0 1 1 0 1 1 1 1 0 0 0 0 0 0 0 0 0 3 3 16 16 16 20 20 21 14 14 15
 0 0 0 1 1 1 1 1 0 0 0 1 1 3 3 3 3 3 3 0 0 0 0 0 0 0 0 0 0 0 0 0 0 0 0 14 14 14 23 23 20 20 23 26 26 30
 0 0 0 1 1 1 1 1 1 1 0 0 0 2 1 1 1 1 1 1 1 0 0 0 0 0 1 1 1 0 1 1 0 0 0 14 14 15 3 3 4 4 5 19 19 30
 0 0 0 1 1 1 1 1 1 1 0 0 0 2 1 1 1 1 1 1 1 0 0 0 0 0 1 1 1 0 1 1 0 0 0 14 14 15 3 3 4 4 5 19 19 30
 0 0 1 0 0 0 1 1 0 0 1 0 0 0 0 0 2 2 1 1 1 1 0 0 4 4 2 1 1 2 3 3 0 0 1 1 1 2 4 4 3 3 16 17 17 17
 0 0 1 0 0 0 1 1 0 0 1 0 0 0 0 0 2 2 1 1 1 1 0 0 4 4 2 1 1 2 3 3 0 0 1 1 1 2 4 4 3 3 16 17 17 17
 0 0 0 0 0 1 1 1 0 0 1 0 0 1 0 0 0 0 0 1 1 0 0 0 1 1 0 2 2 2 3 3 2 2 3 4 4 4 4 4 4 4 4 4 4 4
 0 0 0 0 0 0 1 1 1 1 0 0 0 0 0 0 0 0 0 1 1 0 1 1 1 1 3 4 4 4 2 2 4 4 8 5 5 4 3 3 6 6 5 5 5 2
 0 0 0 0 0 0 1 1 1 1 0 0 0 0 0 0 0 0 0 1 1 0 1 1 1 1 3 4 4 4 2 2 4 4 8 5 5 4 3 3 6 6 5 5 5 2
 0 0 0 0 0 0 0 0 1 1 1 1 1 1 0 0 0 0 0 0 0 1 2 2 1 1 8 8 8 6 5 5 8 8 12 6 6 3 2 2 5 5 5 5 5 3
 0 0 0 0 0 0 0 0 1 1 0 0 0 1 0 0 0 0 0 0 0 0 1 1 1 1 5 10 10 5 11 11 5 5 6 3 3 2 1 1 2 2 2 2 2 4
 0 0 0 0 0 0 0 0 1 1 0 0 0 1 0 0 0 0 0 0 0 0 1 1 1 1 5 10 10 5 11 11 5 5 6 3 3 2 1 1 2 2 2 2 2 4
 0 0 0 1 1 0 0 0 0 0 0 0 0 0 0 0 0 0 0 0 0 0 1 1 1 1 4 8 8 8 8 8 5 5 6 2 2 2 1 1 1 1 2 3 3 6
 0 0 0 1 1 0 0 0 0 0 0 0 0 0 0 0 0 0 0 0 0 0 1 1 1 1 4 8 8 8 8 8 5 5 6 2 2 2 1 1 1 1 2 3 3 6
 1 1 0 1 1 0 0 0 0 0 0 0 0 1 1 1 2 2 0 0 0 0 1 1 1 1 9 8 8 5 3 3 2 2 4 9 9 9 2 2 2 2 2 3 3 7
 0 0 0 0 0 0 0 0 0 0 0 0 0 1 3 3 2 2 1 0 0 1 2 2 3 3 20 11 11 3 1 1 1 1 9 9 9 9 2 2 1 1 2 2 2 7
 0 0 0 0 0 0 0 0 0 0 0 0 0 1 3 3 2 2 1 0 0 1 2 2 3 3 20 11 11 3 1 1 1 1 9 9 9 9 2 2 1 1 2 2 2 7
 1 1 0 0 0 0 0 0 0 0 1 0 0 1 1 1 1 1 0 0 0 1 3 3 13 13 36 8 8 1 1 1 0 0 8 9 9 3 1 1 1 1 1 1 1 2
 0 0 0 0 0 1 0 0 0 0 1 1 1 1 0 0 0 0 1 1 1 2 2 2 3 3 5 4 4 2 1 1 2 2 8 8 8 1 1 1 1 1 1 1 1 1
 0 0 0 0 0 1 0 0 0 0 1 1 1 1 0 0 0 0 1 1 1 2 2 2 3 3 5 4 4 2 1 1 2 2 8 8 8 1 1 1 1 1 1 1 1 1
 1 1 0 0 0 0 0 0 0 0 0 0 0 0 0 0 1 1 1 2 2 3 3 3 2 2 2 2 2 3 1 1 2 2 0 0 0 1 1 1 1 1 1 0 0 0
 1 1 0 0 0 0 0 0 0 0 0 0 0 0 0 0 1 1 1 2 2 3 3 3 2 2 2 2 2 3 1 1 2 2 0 0 0 1 1 1 1 1 1 0 0 0
 0 0 0 0 0 1 0 0 1 1 0 0 0 0 0 0 1 1 1 4 4 5 4 4 2 2 3 1 1 0 2 2 0 0 0 0 0 0 0 0 0 0 0 0 0 0
 0 0 0 0 0 0 1 1 1 1 0 0 0 2 1 1 1 1 2 3 3 1 4 4 1 1 1 2 2 0 0 0 0 0 1 1 1 0 1 1 1 1 0 1 1 0
 0 0 0 0 0 0 1 1 1 1 0 0 0 2 1 1 1 1 2 3 3 1 4 4 1 1 1 2 2 0 0 0 0 0 1 1 1 0 1 1 1 1 0 1 1 0
 0 0 0 0 0 0 0 0 0 0 0 0 0 1 1 1 1 1 1 4 4 1 2 2 2 2 0 0 0 0 0 0 1 1 2 0 0 0 0 0 1 1 0 0 0 0
 0 0 0 0 0 0 3 3 1 1 0 1 1 0 7 7 1 1 1 1 1 0 1 1 1 1 1 1 1 0 0 0 0 0 0 0 0 0 0 0 0 0 0 0 0 0
 0 0 0 0 0 0 3 3 1 1 0 1 1 0 7 7 1 1 1 1 1 0 1 1 1 1 1 1 1 0 0 0 0 0 0 0 0 0 0 0 0 0 0 0 0 0
 0 0 0 0 0 0 0 0 0 0 0 2 2 0 1 1 1 1 1 1 1 1 1 1 0 0 0 0 0 0 0 0 1 1 0 0 0 0 0 0 0 0 0 0 0 0
 0 0 0 0 0 0 0 0 0 0 0 2 2 0 1 1 1 1 1 1 1 1 1 1 0 0 0 0 0 0 0 0 1 1 0 0 0 0 0 0 0 0 0 0 0 0
 0 0 0 0 0 1 1 1 0 0 0 1 1 0 0 0 2 2 1 3 3 2 2 2 1 1 0 0 0 0 0 0 0 0 0 1 1 1 0 0 0 0 0 0 0 0
 15 15 0 0 0 1 0 0 1 1 0 0 0 0 0 0 0 0 3 4 4 2 2 2 1 1 0 0 0 0 0 0 0 0 0 0 0 1 1 1 1 1 1 10 10 18
 15 15 0 0 0 1 0 0 1 1 0 0 0 0 0 0 0 0 3 4 4 2 2 2 1 1 0 0 0 0 0 0 0 0 0 0 0 1 1 1 1 1 1 10 10 18
 0 0 0 0 0 1 0 0 2 2 0 0 0 0 0 0 0 0 2 5 5 3 4 4 3 3 1 1 1 1 0 0 0 0 0 0 0 2 1 1 1 1 2 22 22 3
 0 0 0 0 0 2 0 0 0 0 0 0 0 0 0 0 0 0 0 5 5 8 11 11 4 4 1 1 1 1 0 0 0 0 0 0 0 1 3 3 5 5 8 28 28 4
 0 0 0 0 0 2 0 0 0 0 0 0 0 0 0 0 0 0 0 5 5 8 11 11 4 4 1 1 1 1 0 0 0 0 0 0 0 1 3 3 5 5 8 28 28 4
 0 0 0 0 0 0 0 0 0 0 0 3 3 1 3 3 0 0 2 4 4 7 9 9 2 2 5 0 0 0 0 0 2 2 1 0 0 4 6 6 30 30 20 10 10 5
 0 0 0 0 0 0 0 0 0 0 0 3 3 1 3 3 0 0 2 4 4 7 9 9 2 2 5 0 0 0 0 0 2 2 1 0 0 4 6 6 30 30 20 10 10 5
 0 0 0 0 0 0 0 0 0 0 0 1 1 1 3 3 0 0 3 4 4 4 2 2 4 4 1 0 0 0 1 1 1 1 1 5 5 20 34 34 32 32 20 9 9 3
 0 0 0 0 0 0 0 0 4 4 0 0 0 0 1 1 0 0 2 4 4 2 6 6 7 7 1 1 1 0 1 1 4 4 2 5 5 17 12 12 12 12 9 13 13 1
 0 0 0 0 0 0 0 0 4 4 0 0 0 0 1 1 0 0 2 4 4 2 6 6 7 7 1 1 1 0 1 1 4 4 2 5 5 17 12 12 12 12 9 13 13 1
 6 6 6 5 5 3 2 2 2 2 1 0 0 1 1 1 1 1 1 1 1 1 2 2 5 5 1 1 1 1 1 1 15 15 32 24 24 12 11 11 19 19 9 27 27 1
 12 12 6 5 5 3 4 4 3 3 1 1 1 1 1 1 10 10 1 1 1 7 2 2 5 5 3 1 1 13 13 13 30 30 33 26 26 10 9 9 9 9 16 3 3 1
 12 12 6 5 5 3 4 4 3 3 1 1 1 1 1 1 10 10 1 1 1 7 2 2 5 5 3 1 1 13 13 13 30 30 33 26 26 10 9 9 9 9 16 3 3 1
 10 10 6 6 6 4 2 2 3 3 1 5 5 1 2 2 4 4 4 1 1 3 2 2 4 4 1 4 4 4 15 15 19 19 24 16 16 11 11 11 15 15 6 1 1 2
 10 10 6 6 6 4 2 2 3 3 1 5 5 1 2 2 4 4 4 1 1 3 2 2 4 4 1 4 4 4 15 15 19 19 24 16 16 11 11 11 15 15 6 1 1 2
 7 7 4 4 4 3 0 0 2 2 1 1 1 3 13 13 8 8 9 4 4 5 3 3 6 6 7 3 3 4 13 13 15 15 17 11 11 6 2 2 4 4 0 2 2 0
 7 7 4 4 4 4 0 0 1 1 1 2 2 3 11 11 4 4 1 7 7 3 7 7 5 5 7 2 2 3 6 6 5 5 8 3 3 3 0 0 1 1 0 1 1 1
 7 7 4 4 4 4 0 0 1 1 1 2 2 3 11 11 4 4 1 7 7 3 7 7 5 5 7 2 2 3 6 6 5 5 8 3 3 3 0 0 1 1 0 1 1 1
 0 0 0 0 0 0 0 0 0 0 7 2 2 8 1 1 3 3 1 4 4 5 3 3 7 7 6 2 2 2 5 5 0 0 0 0 0 0 0 0 1 1 1 1 1 1
 0 0 2 0 0 0 0 0 2 2 3 4 4 2 2 2 2 2 2 2 2 4 2 2 2 2 1 1 1 2 2 2 0 0 0 0 0 0 0 0 0 0 0 1 1 3
 0 0 2 0 0 0 0 0 2 2 3 4 4 2 2 2 2 2 2 2 2 4 2 2 2 2 1 1 1 2 2 2 0 0 0 0 0 0 0 0 0 0 0 1 1 3
 4 4 1 0 0 0 1 1 2 2 5 5 5 8 1 1 2 2 1 2 2 1 2 2 1 1 1 2 2 2 0 0 0 0 0 0 0 0 0 0 0 0 0 0 0 3
 4 4 1 0 0 0 1 1 2 2 5 5 5 8 1 1 2 2 1 2 2 1 2 2 1 1 1 2 2 2 0 0 0 0 0 0 0 0 0 0 0 0 0 0 0 3
 1 1 1 0 0 0 1 1 1 1 6 4 4 8 11 11 0 0 6 2 2 7 1 1 0 0 1 1 1 1 0 0 1 1 0 0 0 0 2 2 0 0 0 1 1 2
 1 1 1 0 0 0 1 1 0 0 1 8 8 9 2 2 0 0 0 0 0 1 1 1 1 1 7 1 1 0 0 0 0 0 0 0 0 0 1 1 0 0 0 0 0 2
 1 1 1 0 0 0 1 1 0 0 1 8 8 9 2 2 0 0 0 0 0 1 1 1 1 1 7 1 1 0 0 0 0 0 0 0 0 0 1 1 0 0 0 0 0 2
 1 1 2 1 1 3 2 2 1 1 0 2 2 4 3 3 2 2 1 0 0 0 1 1 0 0 0 1 1 1 0 0 0 0 0 0 0 0 1 1 0 0 0 1 1 4
 0 0 7 1 1 0 0 0 0 0 1 1 1 11 3 3 1 1 0 0 0 0 0 0 0 0 0 0 0 1 0 0 1 1 1 0 0 0 0 0 0 0 1 1 1 7
 0 0 7 1 1 0 0 0 0 0 1 1 1 11 3 3 1 1 0 0 0 0 0 0 0 0 0 0 0 1 0 0 1 1 1 0 0 0 0 0 0 0 1 1 1 7
 1 1 4 2 2 0 0 0 2 2 0 1 1 1 9 9 1 1 2 2 2 2 1 1 5 5 0 0 0 1 0 0 1 1 1 1 1 0 1 1 1 1 1 1 1 3
 1 1 4 2 2 0 0 0 2 2 0 1 1 1 9 9 1 1 2 2 2 2 1 1 5 5 0 0 0 1 0 0 1 1 1 1 1 0 1 1 1 1 1 1 1 3
 0 0 1 1 1 0 0 0 2 2 1 5 5 1 3 3 8 8 1 3 3 0 1 1 1 1 0 0 0 1 1 1 0 0 1 2 2 1 1 1 1 1 1 1 1 2
 0 0 0 1 1 1 4 4 3 3 3 4 4 1 2 2 10 10 1 1 1 0 2 2 1 1 0 4 4 1 0 0 1 1 2 1 1 1 1 1 1 1 1 0 0 2
 0 0 0 1 1 1 4 4 3 3 3 4 4 1 2 2 10 10 1 1 1 0 2 2 1 1 0 4 4 1 0 0 1 1 2 1 1 1 1 1 1 1 1 0 0 2
 0 0 0 0 0 0 1 1 3 3 3 4 4 4 4 4 4 4 0 0 0 1 0 0 0 0 1 1 1 1 1 1 1 1 2 1 1 1 1 1 2 2 0 1 1 1
 0 0 0 0 0 0 2 2 2 2 2 5 5 5 11 11 11 11 5 2 2 1 2 2 1 1 0 3 3 6 2 2 11 11 7 2 2 1 1 1 1 1 1 1 1 1
