assets/RAT_results_old/precipitation/2018-05-12_IMERG.asc
ncols        46
nrows        77
xllcorner    74.800261325624
yllcorner    8.058333333333
cellsize     0.062500000000
NODATA_value -9999
 2 2 2 2 2 2 1 1 1 1 0 0 0 0 0 0 0 0 0 0 0 0 2 2 2 2 3 4 4 6 7 7 9 9 8 23 23 22 17 17 16 16 7 7 7 3
 2 2 1 2 2 2 1 1 1 1 1 0 0 0 0 0 0 0 0 1 1 2 2 2 3 3 4 5 5 7 8 8 9 9 8 24 24 27 17 17 17 17 2 3 3 3
 2 2 1 2 2 2 1 1 1 1 1 0 0 0 0 0 0 0 0 1 1 2 2 2 3 3 4 5 5 7 8 8 9 9 8 24 24 27 17 17 17 17 2 3 3 3
 2 2 1 2 2 1 1 1 1 1 1 0 0 0 0 0 0 0 0 0 0 2 3 3 3 3 4 6 6 8 7 7 6 6 19 28 28 27 18 18 4 4 1 2 2 2
 1 1 2 1 1 1 0 0 1 1 0 0 0 0 0 0 2 2 0 0 0 2 2 2 4 4 5 5 5 5 6 6 7 7 11 10 10 9 7 7 6 6 3 2 2 6
 1 1 2 1 1 1 0 0 1 1 0 0 0 0 0 0 2 2 0 0 0 2 2 2 4 4 5 5 5 5 6 6 7 7 11 10 10 9 7 7 6 6 3 2 2 6
 2 2 3 1 1 1 0 0 0 0 0 0 0 0 0 0 0 0 0 1 1 3 2 2 4 4 6 7 7 4 5 5 7 7 10 10 10 8 21 21 7 7 12 4 4 4
 2 2 3 1 1 1 0 0 0 0 0 0 0 0 0 0 0 0 0 1 1 3 2 2 4 4 6 7 7 4 5 5 7 7 10 10 10 8 21 21 7 7 12 4 4 4
 2 2 1 2 2 1 1 1 0 0 0 0 0 0 0 0 0 0 0 2 2 2 1 1 2 2 2 2 2 2 3 3 22 22 49 49 49 21 21 21 15 15 19 6 6 3
 1 1 1 2 2 1 1 1 0 0 0 0 0 0 0 0 0 0 0 1 1 2 3 3 2 2 2 1 1 2 1 1 21 21 5 25 25 25 20 20 11 11 10 6 6 12
 1 1 1 2 2 1 1 1 0 0 0 0 0 0 0 0 0 0 0 1 1 2 3 3 2 2 2 1 1 2 1 1 21 21 5 25 25 25 20 20 11 11 10 6 6 12
 1 1 1 1 1 2 1 1 0 0 0 3 3 8 1 1 4 4 10 3 3 5 5 5 3 3 1 1 1 1 1 1 4 4 4 24 24 24 19 19 4 4 5 7 7 14
 1 1 1 2 2 1 1 1 6 6 1 0 0 1 4 4 7 7 13 16 16 5 7 7 2 2 2 3 3 5 2 2 4 4 2 2 2 3 3 3 5 5 6 25 25 17
 1 1 1 2 2 1 1 1 6 6 1 0 0 1 4 4 7 7 13 16 16 5 7 7 2 2 2 3 3 5 2 2 4 4 2 2 2 3 3 3 5 5 6 25 25 17
 0 0 6 1 1 1 2 2 1 1 2 1 1 2 2 2 5 5 17 16 16 10 9 9 8 8 4 4 4 4 3 3 3 3 6 1 1 2 20 20 22 22 20 21 21 8
 0 0 6 1 1 1 2 2 1 1 2 1 1 2 2 2 5 5 17 16 16 10 9 9 8 8 4 4 4 4 3 3 3 3 6 1 1 2 20 20 22 22 20 21 21 8
 1 1 5 1 1 1 1 1 2 2 1 1 1 2 4 4 6 6 19 18 18 19 19 19 10 10 8 2 2 2 3 3 5 5 7 4 4 20 20 20 23 23 23 45 45 13
 1 1 1 1 1 1 2 2 1 1 1 1 1 4 4 4 6 6 6 10 10 21 16 16 12 12 2 2 2 6 7 7 3 3 6 2 2 15 15 15 34 34 36 35 35 11
 1 1 1 1 1 1 2 2 1 1 1 1 1 4 4 4 6 6 6 10 10 21 16 16 12 12 2 2 2 6 7 7 3 3 6 2 2 15 15 15 34 34 36 35 35 11
 0 0 1 1 1 0 1 1 1 1 1 1 1 2 2 2 2 2 2 3 3 9 5 5 3 3 2 1 1 1 1 1 2 2 2 2 2 14 13 13 2 2 2 6 6 2
 1 1 0 1 1 1 0 0 1 1 1 1 1 1 1 1 1 1 1 2 2 1 0 0 4 4 1 3 3 1 1 1 0 0 0 0 0 0 1 1 2 2 1 5 5 1
 1 1 0 1 1 1 0 0 1 1 1 1 1 1 1 1 1 1 1 2 2 1 0 0 4 4 1 3 3 1 1 1 0 0 0 0 0 0 1 1 2 2 1 5 5 1
 1 1 0 0 0 0 0 0 0 0 0 0 0 1 1 1 0 0 0 1 1 1 5 5 8 8 4 2 2 5 1 1 1 1 0 0 0 0 0 0 1 1 0 0 0 0
 1 1 0 0 0 0 0 0 0 0 0 0 0 1 1 1 0 0 0 1 1 1 5 5 8 8 4 2 2 5 1 1 1 1 0 0 0 0 0 0 1 1 0 0 0 0
 0 0 1 0 0 0 0 0 1 1 0 0 0 0 1 1 1 1 0 0 0 6 9 9 8 8 2 3 3 4 1 1 0 0 0 0 0 0 2 2 1 1 0 0 0 0
 0 0 0 0 0 0 0 0 1 1 0 0 0 0 1 1 0 0 0 0 0 1 9 9 4 4 3 1 1 0 0 0 0 0 0 0 0 0 3 3 4 4 0 1 1 0
 0 0 0 0 0 0 0 0 1 1 0 0 0 0 1 1 0 0 0 0 0 1 9 9 4 4 3 1 1 0 0 0 0 0 0 0 0 0 3 3 4 4 0 1 1 0
 0 0 0 0 0 0 3 3 0 0 0 0 0 0 0 0 0 0 0 0 0 5 6 6 1 1 0 0 0 0 0 0 0 0 0 0 0 1 1 1 24 24 24 3 3 3
 0 0 0 0 0 0 0 0 0 0 0 0 0 0 0 0 0 0 0 0 0 0 0 0 0 0 0 0 0 0 0 0 0 0 8 9 9 4 16 16 22 22 23 27 27 12
 0 0 0 0 0 0 0 0 0 0 0 0 0 0 0 0 0 0 0 0 0 0 0 0 0 0 0 0 0 0 0 0 0 0 8 9 9 4 16 16 22 22 23 27 27 12
 0 0 0 1 1 2 1 1 1 1 0 0 0 0 0 0 1 1 0 0 0 0 0 0 0 0 0 0 0 0 1 1 1 1 8 8 8 15 36 36 22 22 13 31 31 33
 0 0 0 1 1 2 1 1 1 1 0 0 0 0 0 0 1 1 0 0 0 0 0 0 0 0 0 0 0 0 1 1 1 1 8 8 8 15 36 36 22 22 13 31 31 33
 8 8 2 2 2 2 1 1 1 1 1 0 0 0 0 0 1 1 1 1 1 0 0 0 1 1 5 0 0 1 29 29 29 29 23 23 23 15 35 35 22 22 6 22 22 5
 5 5 2 3 3 2 3 3 2 2 1 0 0 0 0 0 0 0 1 0 0 0 0 0 8 8 5 3 3 5 7 7 30 30 22 21 21 19 26 26 15 15 7 7 7 12
 5 5 2 3 3 2 3 3 2 2 1 0 0 0 0 0 0 0 1 0 0 0 0 0 8 8 5 3 3 5 7 7 30 30 22 21 21 19 26 26 15 15 7 7 7 12
 8 8 3 6 6 4 5 5 3 3 3 0 0 0 0 0 0 0 1 1 1 1 0 0 10 10 7 10 10 12 5 5 4 4 3 21 21 3 15 15 21 21 21 19 19 17
 12 12 6 4 4 10 6 6 3 3 4 1 1 0 0 0 0 0 0 1 1 1 4 4 4 4 7 14 14 12 8 8 8 8 4 4 4 4 7 7 19 19 18 18 18 9
 12 12 6 4 4 10 6 6 3 3 4 1 1 0 0 0 0 0 0 1 1 1 4 4 4 4 7 14 14 12 8 8 8 8 4 4 4 4 7 7 19 19 18 18 18 9
 7 7 9 6 6 5 5 5 4 4 3 2 2 1 0 0 0 0 1 5 5 5 5 5 9 9 13 15 15 23 13 13 17 17 9 16 16 14 5 5 10 10 8 9 9 10
 7 7 9 6 6 5 5 5 4 4 3 2 2 1 0 0 0 0 1 5 5 5 5 5 9 9 13 15 15 23 13 13 17 17 9 16 16 14 5 5 10 10 8 9 9 10
 14 14 10 8 8 6 5 5 6 6 3 2 2 1 0 0 1 1 1 7 7 18 9 9 11 11 15 26 26 28 44 44 49 49 57 11 11 7 4 4 16 16 4 10 10 8
 40 40 31 9 9 7 10 10 6 6 4 2 2 4 5 5 5 5 13 11 11 15 12 12 13 13 18 15 15 15 29 29 44 44 21 13 13 22 14 14 14 14 6 12 12 7
 40 40 31 9 9 7 10 10 6 6 4 2 2 4 5 5 5 5 13 11 11 15 12 12 13 13 18 15 15 15 29 29 44 44 21 13 13 22 14 14 14 14 6 12 12 7
 38 38 20 12 12 13 11 11 7 7 4 3 3 2 5 5 7 7 13 14 14 21 21 21 27 27 54 19 19 24 62 62 37 37 18 17 17 15 10 10 16 16 16 17 17 5
 37 37 30 21 21 11 5 5 5 5 3 4 4 10 14 14 13 13 12 17 17 21 32 32 75 75 56 54 54 77 37 37 32 32 31 11 11 12 9 9 23 23 4 19 19 4
 37 37 30 21 21 11 5 5 5 5 3 4 4 10 14 14 13 13 12 17 17 21 32 32 75 75 56 54 54 77 37 37 32 32 31 11 11 12 9 9 23 23 4 19 19 4
 26 26 11 8 8 10 6 6 3 3 4 5 5 10 10 10 13 13 15 17 17 28 30 30 89 89 65 55 55 62 38 38 28 28 20 13 13 16 12 12 7 7 8 9 9 6
 26 26 11 8 8 10 6 6 3 3 4 5 5 10 10 10 13 13 15 17 17 28 30 30 89 89 65 55 55 62 38 38 28 28 20 13 13 16 12 12 7 7 8 9 9 6
 18 18 7 8 8 9 4 4 4 4 8 10 10 11 13 13 17 17 12 26 26 21 33 33 120 120 96 37 37 61 90 90 73 73 38 17 17 11 21 21 12 12 12 16 16 10
 17 17 8 7 7 11 8 8 12 12 8 9 9 15 13 13 17 17 14 25 25 29 22 22 77 77 50 16 16 22 59 59 35 35 35 26 26 15 20 20 28 28 14 13 13 11
 17 17 8 7 7 11 8 8 12 12 8 9 9 15 13 13 17 17 14 25 25 29 22 22 77 77 50 16 16 22 59 59 35 35 35 26 26 15 20 20 28 28 14 13 13 11
 9 9 11 7 7 9 15 15 4 4 6 8 8 10 12 12 16 16 16 23 23 29 38 38 22 22 18 13 13 23 39 39 42 42 41 25 25 13 22 22 21 21 17 7 7 9
 7 7 16 8 8 7 11 11 6 6 8 5 5 6 9 9 18 18 14 22 22 21 25 25 25 25 21 17 17 19 18 18 67 67 29 16 16 16 20 20 27 27 12 6 6 16
 7 7 16 8 8 7 11 11 6 6 8 5 5 6 9 9 18 18 14 22 22 21 25 25 25 25 21 17 17 19 18 18 67 67 29 16 16 16 20 20 27 27 12 6 6 16
 11 11 11 16 16 10 9 9 6 6 17 7 7 10 11 11 8 8 12 23 23 24 22 22 18 18 12 19 19 13 15 15 18 18 49 16 16 15 17 17 16 16 18 2 2 2
 11 11 11 16 16 10 9 9 6 6 17 7 7 10 11 11 8 8 12 23 23 24 22 22 18 18 12 19 19 13 15 15 18 18 49 16 16 15 17 17 16 16 18 2 2 2
 21 21 16 14 14 14 19 19 15 15 18 25 25 20 16 16 13 13 17 10 10 9 9 9 10 10 9 6 6 6 12 12 35 35 25 13 13 27 15 15 8 8 5 2 2 4
 16 16 15 22 22 16 26 26 20 20 23 39 39 36 33 33 21 21 22 18 18 14 11 11 11 11 4 2 2 3 7 7 9 9 22 11 11 31 18 18 11 11 2 3 3 7
 16 16 15 22 22 16 26 26 20 20 23 39 39 36 33 33 21 21 22 18 18 14 11 11 11 11 4 2 2 3 7 7 9 9 22 11 11 31 18 18 11 11 2 3 3 7
 24 24 8 15 15 18 20 20 27 27 31 34 34 31 32 32 29 29 29 25 25 22 12 12 11 11 10 2 2 3 8 8 4 4 10 9 9 5 5 5 4 4 2 28 28 3
 20 20 16 19 19 19 15 15 20 20 22 31 31 30 33 33 32 32 26 24 24 27 21 21 11 11 7 1 1 1 1 1 3 3 13 2 2 3 13 13 3 3 11 35 35 10
 20 20 16 19 19 19 15 15 20 20 22 31 31 30 33 33 32 32 26 24 24 27 21 21 11 11 7 1 1 1 1 1 3 3 13 2 2 3 13 13 3 3 11 35 35 10
 27 27 22 20 20 15 13 13 15 15 15 18 18 26 31 31 44 44 18 26 26 48 32 32 23 23 8 13 13 2 1 1 1 1 1 1 1 1 2 2 7 7 16 37 37 60
 27 27 22 20 20 15 13 13 15 15 15 18 18 26 31 31 44 44 18 26 26 48 32 32 23 23 8 13 13 2 1 1 1 1 1 1 1 1 2 2 7 7 16 37 37 60
 33 33 27 25 25 23 18 18 14 14 13 13 13 16 23 23 21 21 20 25 25 38 22 22 23 23 15 6 6 3 3 3 1 1 1 3 3 9 4 4 13 13 13 22 22 22
 45 45 44 22 22 23 20 20 24 24 18 13 13 14 14 14 16 16 19 21 21 20 30 30 20 20 14 5 5 9 5 5 1 1 1 9 9 22 16 16 8 8 8 15 15 13
 45 45 44 22 22 23 20 20 24 24 18 13 13 14 14 14 16 16 19 21 21 20 30 30 20 20 14 5 5 9 5 5 1 1 1 9 9 22 16 16 8 8 8 15 15 13
 56 56 56 39 39 24 27 27 21 21 18 16 16 13 11 11 14 14 22 21 21 19 13 13 13 13 13 15 15 9 6 6 1 1 1 6 6 17 39 39 7 7 3 10 10 6
 66 66 68 42 42 75 61 61 44 44 21 21 21 20 16 16 19 19 17 18 18 24 23 23 21 21 24 19 19 10 10 10 3 3 2 7 7 16 20 20 18 18 18 5 5 0
 66 66 68 42 42 75 61 61 44 44 21 21 21 20 16 16 19 19 17 18 18 24 23 23 21 21 24 19 19 10 10 10 3 3 2 7 7 16 20 20 18 18 18 5 5 0
 42 42 74 35 35 62 41 41 45 45 38 26 26 22 19 19 22 22 24 23 23 19 25 25 28 28 26 28 28 34 13 13 12 12 13 5 5 5 18 18 20 20 23 13 13 2
 42 42 74 35 35 62 41 41 45 45 38 26 26 22 19 19 22 22 24 23 23 19 25 25 28 28 26 28 28 34 13 13 12 12 13 5 5 5 18 18 20 20 23 13 13 2
 51 51 55 39 39 40 61 61 52 52 40 34 34 26 24 24 19 19 15 17 17 16 22 22 19 19 21 25 25 39 38 38 17 17 22 7 7 2 6 6 8 8 14 7 7 2
 63 63 44 37 37 36 45 45 44 44 40 42 42 39 18 18 28 28 20 20 20 20 19 19 20 20 24 24 24 133 36 36 28 28 27 12 12 12 2 2 4 4 6 2 2 2
 63 63 44 37 37 36 45 45 44 44 40 42 42 39 18 18 28 28 20 20 20 20 19 19 20 20 24 24 24 133 36 36 28 28 27 12 12 12 2 2 4 4 6 2 2 2
 79 79 64 38 38 30 34 34 30 30 34 42 42 33 12 12 13 13 15 21 21 22 30 30 30 30 27 129 129 137 44 44 35 35 25 20 20 18 7 7 8 8 2 0 0 1
 94 94 66 53 53 37 40 40 31 31 32 23 23 18 12 12 15 15 20 29 29 36 35 35 40 40 36 52 52 40 52 52 49 49 31 19 19 12 5 5 7 7 1 1 1 0
