assets/RAT_results_old/precipitation/2018-10-16_IMERG.asc
ncols        46
nrows        77
xllcorner    74.800261325624
yllcorner    8.058333333333
cellsize     0.062500000000
NODATA_value -9999
 22 22 33 16 16 16 25 25 20 20 16 15 15 15 14 14 17 17 12 11 11 8 8 8 10 10 9 14 14 13 21 21 38 38 50 21 21 19 8 8 8 8 0 0 0 0
 81 81 16 16 16 16 22 22 23 23 18 19 19 16 15 15 16 16 12 11 11 6 7 7 11 11 10 23 23 22 33 33 38 38 49 32 32 13 10 10 10 10 3 4 4 3
 81 81 16 16 16 16 22 22 23 23 18 19 19 16 15 15 16 16 12 11 11 6 7 7 11 11 10 23 23 22 33 33 38 38 49 32 32 13 10 10 10 10 3 4 4 3
 27 27 18 29 29 43 39 39 33 33 33 30 30 17 15 15 11 11 11 5 5 7 6 6 14 14 10 22 22 25 32 32 43 43 44 46 46 22 17 17 11 11 3 4 4 2
 53 53 32 27 27 26 36 36 25 25 27 22 22 29 18 18 10 10 7 8 8 8 11 11 11 11 26 14 14 20 32 32 27 27 38 28 28 15 12 12 6 6 3 3 3 2
 53 53 32 27 27 26 36 36 25 25 27 22 22 29 18 18 10 10 7 8 8 8 11 11 11 11 26 14 14 20 32 32 27 27 38 28 28 15 12 12 6 6 3 3 3 2
 26 26 26 59 59 29 63 63 26 26 18 25 25 25 23 23 11 11 6 9 9 10 13 13 28 28 18 14 14 30 32 32 28 28 28 33 33 22 7 7 1 1 2 4 4 3
 26 26 26 59 59 29 63 63 26 26 18 25 25 25 23 23 11 11 6 9 9 10 13 13 28 28 18 14 14 30 32 32 28 28 28 33 33 22 7 7 1 1 2 4 4 3
 40 40 28 56 56 17 26 26 88 88 91 19 19 28 11 11 11 11 6 4 4 8 9 9 22 22 14 14 14 33 31 31 33 33 32 13 13 13 3 3 1 1 4 5 5 2
 33 33 26 19 19 25 23 23 26 26 92 85 85 39 20 20 8 8 10 10 10 3 10 10 6 6 13 14 14 34 33 33 31 31 32 13 13 13 3 3 3 3 0 2 2 3
 33 33 26 19 19 25 23 23 26 26 92 85 85 39 20 20 8 8 10 10 10 3 10 10 6 6 13 14 14 34 33 33 31 31 32 13 13 13 3 3 3 3 0 2 2 3
 33 33 50 15 15 24 22 22 27 27 32 35 35 23 30 30 12 12 8 9 9 10 6 6 10 10 8 10 10 15 22 22 14 14 15 13 13 13 9 9 0 0 0 0 0 1
 26 26 28 22 22 39 31 31 25 25 32 32 32 30 23 23 22 22 9 5 5 8 11 11 9 9 7 16 16 15 21 21 16 16 15 19 19 16 15 15 0 0 0 1 1 1
 26 26 28 22 22 39 31 31 25 25 32 32 32 30 23 23 22 22 9 5 5 8 11 11 9 9 7 16 16 15 21 21 16 16 15 19 19 16 15 15 0 0 0 1 1 1
 31 31 32 63 63 104 67 67 42 42 41 27 27 27 26 26 22 22 11 17 17 3 6 6 10 10 7 28 28 8 17 17 15 15 13 18 18 16 7 7 0 0 0 0 0 1
 31 31 32 63 63 104 67 67 42 42 41 27 27 27 26 26 22 22 11 17 17 3 6 6 10 10 7 28 28 8 17 17 15 15 13 18 18 16 7 7 0 0 0 0 0 1
 40 40 38 25 25 32 32 32 29 29 29 27 27 30 20 20 19 19 21 25 25 29 16 16 11 11 9 28 28 11 10 10 16 16 10 12 12 8 9 9 1 1 0 2 2 0
 58 58 43 44 44 24 33 33 28 28 33 28 28 34 36 36 33 33 23 27 27 16 14 14 11 11 8 29 29 20 18 18 15 15 26 11 11 13 15 15 16 16 2 2 2 2
 58 58 43 44 44 24 33 33 28 28 33 28 28 34 36 36 33 33 23 27 27 16 14 14 11 11 8 29 29 20 18 18 15 15 26 11 11 13 15 15 16 16 2 2 2 2
 47 47 44 50 50 34 24 24 24 24 24 27 27 38 36 36 23 23 29 19 19 11 8 8 13 13 9 7 7 11 10 10 26 26 26 16 16 14 13 13 12 12 1 0 0 0
 54 54 46 55 55 39 47 47 40 40 38 47 47 34 45 45 33 33 34 37 37 16 15 15 14 14 5 3 3 17 35 35 52 52 29 24 24 28 18 18 12 12 1 0 0 0
 54 54 46 55 55 39 47 47 40 40 38 47 47 34 45 45 33 33 34 37 37 16 15 15 14 14 5 3 3 17 35 35 52 52 29 24 24 28 18 18 12 12 1 0 0 0
 40 40 55 57 57 57 57 57 37 37 42 62 62 48 53 53 33 33 39 31 31 37 19 19 12 12 4 4 4 10 12 12 25 25 30 17 17 16 0 0 0 0 0 0 0 0
 40 40 55 57 57 57 57 57 37 37 42 62 62 48 53 53 33 33 39 31 31 37 19 19 12 12 4 4 4 10 12 12 25 25 30 17 17 16 0 0 0 0 0 0 0 0
 38 38 54 65 65 72 76 76 85 85 78 45 45 36 35 35 39 39 32 33 33 26 11 11 14 14 4 4 4 5 14 14 11 11 31 3 3 2 0 0 0 0 2 0 0 0
 63 63 65 62 62 70 71 71 82 82 64 42 42 37 32 32 29 29 25 31 31 39 19 19 8 8 5 7 7 12 10 10 4 4 1 0 0 2 4 4 2 2 2 0 0 0
 63 63 65 62 62 70 71 71 82 82 64 42 42 37 32 32 29 29 25 31 31 39 19 19 8 8 5 7 7 12 10 10 4 4 1 0 0 2 4 4 2 2 2 0 0 0
 73 73 59 57 57 74 63 63 53 53 43 36 36 36 48 48 35 35 47 42 42 24 16 16 10 10 6 7 7 4 21 21 7 7 3 2 2 2 4 4 4 4 4 0 0 0
 50 50 75 59 59 67 71 71 54 54 38 42 42 57 58 58 87 87 54 37 37 70 31 31 9 9 17 7 7 5 27 27 26 26 1 1 1 2 3 3 4 4 4 3 3 0
 50 50 75 59 59 67 71 71 54 54 38 42 42 57 58 58 87 87 54 37 37 70 31 31 9 9 17 7 7 5 27 27 26 26 1 1 1 2 3 3 4 4 4 3 3 0
 90 90 52 60 60 67 62 62 50 50 36 96 96 87 56 56 60 60 66 35 35 71 36 36 39 39 30 17 17 9 8 8 3 3 3 1 1 0 1 1 4 4 3 3 3 0
 90 90 52 60 60 67 62 62 50 50 36 96 96 87 56 56 60 60 66 35 35 71 36 36 39 39 30 17 17 9 8 8 3 3 3 1 1 0 1 1 4 4 3 3 3 0
 76 76 56 69 69 82 108 108 85 85 90 92 92 64 66 66 71 71 80 14 14 52 35 35 33 33 27 23 23 22 5 5 3 3 5 5 5 0 1 1 3 3 0 0 0 0
 69 69 65 84 84 97 103 103 89 89 91 91 91 69 86 86 115 115 79 43 43 49 22 22 27 27 16 33 33 60 12 12 18 18 23 5 5 0 4 4 1 1 0 0 0 0
 69 69 65 84 84 97 103 103 89 89 91 91 91 69 86 86 115 115 79 43 43 49 22 22 27 27 16 33 33 60 12 12 18 18 23 5 5 0 4 4 1 1 0 0 0 0
 83 83 95 86 86 90 76 76 137 137 107 110 110 90 83 83 107 107 91 62 62 70 57 57 35 35 26 18 18 46 41 41 70 70 34 40 40 2 1 1 3 3 0 3 3 12
 71 71 102 96 96 82 91 91 138 138 125 125 125 175 166 166 159 159 101 76 76 62 29 29 50 50 43 67 67 34 47 47 57 57 17 10 10 15 4 4 1 1 3 3 3 2
 71 71 102 96 96 82 91 91 138 138 125 125 125 175 166 166 159 159 101 76 76 62 29 29 50 50 43 67 67 34 47 47 57 57 17 10 10 15 4 4 1 1 3 3 3 2
 53 53 80 109 109 76 81 81 127 127 96 94 94 111 180 180 130 130 70 85 85 41 65 65 32 32 43 29 29 22 24 24 17 17 19 16 16 10 16 16 1 1 1 1 1 2
 53 53 80 109 109 76 81 81 127 127 96 94 94 111 180 180 130 130 70 85 85 41 65 65 32 32 43 29 29 22 24 24 17 17 19 16 16 10 16 16 1 1 1 1 1 2
 45 45 41 70 70 72 82 82 100 100 97 85 85 95 118 118 113 113 92 58 58 43 53 53 46 46 42 24 24 34 42 42 12 12 27 15 15 11 8 8 4 4 6 1 1 1
 41 41 41 62 62 73 80 80 71 71 80 84 84 76 55 55 98 98 56 44 44 61 34 34 47 47 45 27 27 25 60 60 23 23 38 18 18 18 12 12 6 6 6 2 2 2
 41 41 41 62 62 73 80 80 71 71 80 84 84 76 55 55 98 98 56 44 44 61 34 34 47 47 45 27 27 25 60 60 23 23 38 18 18 18 12 12 6 6 6 2 2 2
 37 37 39 50 50 64 74 74 82 82 84 72 72 74 116 116 71 71 76 54 54 54 34 34 43 43 45 28 28 43 26 26 31 31 20 21 21 20 10 10 8 8 5 2 2 1
 48 48 40 44 44 49 58 58 73 73 98 81 81 104 161 161 37 37 117 80 80 95 41 41 51 51 42 26 26 36 64 64 41 41 21 12 12 13 9 9 5 5 4 1 1 1
 48 48 40 44 44 49 58 58 73 73 98 81 81 104 161 161 37 37 117 80 80 95 41 41 51 51 42 26 26 36 64 64 41 41 21 12 12 13 9 9 5 5 4 1 1 1
 43 43 52 50 50 54 53 53 55 55 54 60 60 100 54 54 41 41 110 50 50 50 44 44 44 44 47 43 43 37 31 31 32 32 12 12 12 16 11 11 10 10 4 1 1 1
 43 43 52 50 50 54 53 53 55 55 54 60 60 100 54 54 41 41 110 50 50 50 44 44 44 44 47 43 43 37 31 31 32 32 12 12 12 16 11 11 10 10 4 1 1 1
 57 57 70 58 58 63 59 59 41 41 36 37 37 39 36 36 39 39 34 77 77 70 63 63 100 100 81 84 84 48 24 24 21 21 13 17 17 12 8 8 1 1 0 0 0 0
 123 123 120 86 86 69 57 57 48 48 38 60 60 49 42 42 46 46 59 84 84 83 85 85 97 97 96 37 37 28 33 33 24 24 11 7 7 7 4 4 2 2 1 0 0 0
 123 123 120 86 86 69 57 57 48 48 38 60 60 49 42 42 46 46 59 84 84 83 85 85 97 97 96 37 37 28 33 33 24 24 11 7 7 7 4 4 2 2 1 0 0 0
 134 134 139 94 94 86 49 49 47 47 40 123 123 129 100 100 59 59 119 120 120 91 89 89 64 64 61 39 39 54 44 44 56 56 55 9 9 11 6 6 6 6 2 1 1 2
 149 149 141 101 101 65 57 57 53 53 44 125 125 137 130 130 55 55 136 147 147 90 80 80 38 38 18 18 18 76 74 74 39 39 59 19 19 7 10 10 5 5 2 3 3 4
 149 149 141 101 101 65 57 57 53 53 44 125 125 137 130 130 55 55 136 147 147 90 80 80 38 38 18 18 18 76 74 74 39 39 59 19 19 7 10 10 5 5 2 3 3 4
 127 127 117 101 101 65 53 53 46 46 61 85 85 60 73 73 78 78 148 175 175 69 66 66 20 20 22 42 42 44 36 36 29 29 48 30 30 12 11 11 6 6 9 10 10 5
 127 127 117 101 101 65 53 53 46 46 61 85 85 60 73 73 78 78 148 175 175 69 66 66 20 20 22 42 42 44 36 36 29 29 48 30 30 12 11 11 6 6 9 10 10 5
 116 116 113 88 88 70 57 57 50 50 67 96 96 56 66 66 63 63 151 66 66 34 36 36 35 35 28 23 23 41 68 68 24 24 42 10 10 18 10 10 64 64 46 7 7 2
 104 104 112 93 93 71 56 56 50 50 49 36 36 40 56 56 53 53 44 62 62 58 35 35 35 35 19 20 20 60 64 64 47 47 15 9 9 10 5 5 60 60 60 32 32 1
 104 104 112 93 93 71 56 56 50 50 49 36 36 40 56 56 53 53 44 62 62 58 35 35 35 35 19 20 20 60 64 64 47 47 15 9 9 10 5 5 60 60 60 32 32 1
 61 61 86 74 74 55 42 42 47 47 35 32 32 31 45 45 45 45 19 16 16 20 16 16 17 17 19 20 20 20 21 21 11 11 6 5 5 2 14 14 27 27 57 62 62 6
 34 34 53 74 74 46 34 34 39 39 27 18 18 27 15 15 20 20 28 21 21 40 23 23 23 23 20 16 16 19 24 24 15 15 26 11 11 3 6 6 4 4 23 30 30 6
 34 34 53 74 74 46 34 34 39 39 27 18 18 27 15 15 20 20 28 21 21 40 23 23 23 23 20 16 16 19 24 24 15 15 26 11 11 3 6 6 4 4 23 30 30 6
 29 29 43 48 48 38 25 25 30 30 21 25 25 29 16 16 21 21 21 15 15 30 28 28 11 11 99 12 12 14 13 13 21 21 13 6 6 6 7 7 4 4 10 13 13 9
 29 29 43 48 48 38 25 25 30 30 21 25 25 29 16 16 21 21 21 15 15 30 28 28 11 11 99 12 12 14 13 13 21 21 13 6 6 6 7 7 4 4 10 13 13 9
 24 24 37 45 45 19 19 19 24 24 26 30 30 36 22 22 32 32 36 29 29 30 20 20 16 16 123 32 32 13 14 14 26 26 12 4 4 2 2 2 4 4 10 4 4 2
 19 19 23 19 19 22 21 21 29 29 27 40 40 63 82 82 78 78 39 31 31 18 29 29 19 19 108 75 75 13 29 29 39 39 15 10 10 5 5 5 4 4 3 9 9 0
 19 19 23 19 19 22 21 21 29 29 27 40 40 63 82 82 78 78 39 31 31 18 29 29 19 19 108 75 75 13 29 29 39 39 15 10 10 5 5 5 4 4 3 9 9 0
 12 12 15 17 17 21 24 24 24 24 33 58 58 70 89 89 74 74 32 24 24 11 19 19 53 53 51 30 30 11 27 27 23 23 15 11 11 8 3 3 5 5 7 5 5 0
 8 8 12 18 18 26 25 25 30 30 39 64 64 67 80 80 42 42 33 20 20 14 13 13 21 21 21 34 34 26 42 42 21 21 17 6 6 8 5 5 9 9 6 7 7 3
 8 8 12 18 18 26 25 25 30 30 39 64 64 67 80 80 42 42 33 20 20 14 13 13 21 21 21 34 34 26 42 42 21 21 17 6 6 8 5 5 9 9 6 7 7 3
 8 8 40 13 13 18 18 18 33 33 58 57 57 37 38 38 23 23 33 23 23 19 18 18 21 21 20 33 33 15 18 18 25 25 17 6 6 8 7 7 7 7 2 7 7 1
 8 8 40 13 13 18 18 18 33 33 58 57 57 37 38 38 23 23 33 23 23 19 18 18 21 21 20 33 33 15 18 18 25 25 17 6 6 8 7 7 7 7 2 7 7 1
 6 6 28 31 31 18 18 18 32 32 64 32 32 24 27 27 21 21 20 13 13 17 12 12 17 17 15 16 16 13 50 50 20 20 9 23 23 4 2 2 1 1 0 0 0 1
 5 5 7 27 27 8 13 13 20 20 54 48 48 23 14 14 9 9 10 13 13 24 15 15 20 20 16 13 13 31 21 21 71 71 14 12 12 29 5 5 4 4 0 0 0 1
 5 5 7 27 27 8 13 13 20 20 54 48 48 23 14 14 9 9 10 13 13 24 15 15 20 20 16 13 13 31 21 21 71 71 14 12 12 29 5 5 4 4 0 0 0 1
 5 5 4 5 5 7 9 9 16 16 23 21 21 18 9 9 6 6 12 9 9 12 9 9 10 10 15 49 49 154 158 158 163 163 75 90 90 27 10 10 12 12 3 3 3 1
 3 3 2 5 5 6 6 6 5 5 8 8 8 4 3 3 6 6 9 10 10 6 18 18 20 20 20 43 43 64 144 144 64 64 59 60 60 17 10 10 9 9 4 2 2 2
