assets/RAT_results_old/precipitation/2018-07-16_IMERG.asc
ncols        46
nrows        77
xllcorner    74.800261325624
yllcorner    8.058333333333
cellsize     0.062500000000
NODATA_value -9999
 6 6 6 4 4 12 4 4 4 4 6 11 11 9 4 4 3 3 3 3 3 2 0 0 0 0 0 0 0 0 0 0 0 0 0 0 0 0 0 0 0 0 0 0 0 0
 15 15 8 4 4 10 3 3 5 5 9 7 7 14 7 7 4 4 3 2 2 1 1 1 1 1 0 0 0 0 0 0 0 0 0 0 0 0 0 0 0 0 0 0 0 0
 15 15 8 4 4 10 3 3 5 5 9 7 7 14 7 7 4 4 3 2 2 1 1 1 1 1 0 0 0 0 0 0 0 0 0 0 0 0 0 0 0 0 0 0 0 0
 11 11 16 9 9 15 9 9 12 12 9 12 12 14 13 13 6 6 3 4 4 1 2 2 2 2 2 0 0 0 0 0 0 0 0 0 0 0 0 0 0 0 0 0 0 0
 4 4 11 10 10 7 3 3 7 7 7 11 11 12 15 15 14 14 4 5 5 2 2 2 2 2 2 0 0 1 0 0 0 0 0 0 0 0 0 0 0 0 0 0 0 0
 4 4 11 10 10 7 3 3 7 7 7 11 11 12 15 15 14 14 4 5 5 2 2 2 2 2 2 0 0 1 0 0 0 0 0 0 0 0 0 0 0 0 0 0 0 0
 5 5 6 8 8 3 3 3 10 10 9 12 12 15 14 14 7 7 6 4 4 3 3 3 3 3 3 1 1 1 0 0 0 0 0 0 0 0 0 0 0 0 0 0 0 0
 5 5 6 8 8 3 3 3 10 10 9 12 12 15 14 14 7 7 6 4 4 3 3 3 3 3 3 1 1 1 0 0 0 0 0 0 0 0 0 0 0 0 0 0 0 0
 4 4 4 7 7 5 3 3 13 13 13 15 15 22 20 20 14 14 10 4 4 7 3 3 0 0 0 0 0 0 0 0 0 0 0 0 0 0 0 0 0 0 0 0 0 0
 1 1 3 6 6 4 4 4 6 6 11 11 11 22 17 17 11 11 26 7 7 7 0 0 0 0 0 0 0 0 0 0 1 1 0 0 0 0 0 0 0 0 0 0 0 0
 1 1 3 6 6 4 4 4 6 6 11 11 11 22 17 17 11 11 26 7 7 7 0 0 0 0 0 0 0 0 0 0 1 1 0 0 0 0 0 0 0 0 0 0 0 0
 1 1 1 7 7 13 15 15 9 9 15 14 14 31 25 25 30 30 27 7 7 7 1 1 1 1 0 1 1 0 0 0 0 0 0 0 0 0 0 0 0 0 0 0 0 0
 1 1 1 2 2 4 5 5 5 5 9 9 9 31 20 20 17 17 18 16 16 8 1 1 1 1 1 0 0 0 1 1 0 0 0 0 0 0 0 0 0 0 0 0 0 0
 1 1 1 2 2 4 5 5 5 5 9 9 9 31 20 20 17 17 18 16 16 8 1 1 1 1 1 0 0 0 1 1 0 0 0 0 0 0 0 0 0 0 0 0 0 0
 3 3 0 1 1 2 6 6 5 5 7 7 7 7 21 21 19 19 17 7 7 5 2 2 3 3 0 0 0 0 2 2 1 1 1 1 1 0 0 0 1 1 1 0 0 0
 3 3 0 1 1 2 6 6 5 5 7 7 7 7 21 21 19 19 17 7 7 5 2 2 3 3 0 0 0 0 2 2 1 1 1 1 1 0 0 0 1 1 1 0 0 0
 1 1 0 1 1 2 3 3 5 5 5 5 5 6 9 9 11 11 7 7 7 6 3 3 3 3 1 1 1 1 1 1 0 0 1 0 0 0 1 1 1 1 1 1 1 0
 0 0 1 1 1 2 5 5 9 9 11 9 9 10 21 21 8 8 12 7 7 5 3 3 1 1 1 1 1 1 1 1 1 1 0 1 1 2 2 2 2 2 2 1 1 0
 0 0 1 1 1 2 5 5 9 9 11 9 9 10 21 21 8 8 12 7 7 5 3 3 1 1 1 1 1 1 1 1 1 1 0 1 1 2 2 2 2 2 2 1 1 0
 0 0 0 1 1 1 5 5 13 13 21 17 17 16 21 21 11 11 7 9 9 7 3 3 4 4 3 1 1 1 1 1 1 1 0 1 1 1 2 2 1 1 1 1 1 0
 1 1 0 1 1 1 4 4 8 8 9 21 21 26 22 22 11 11 14 11 11 14 8 8 11 11 4 8 8 7 5 5 5 5 2 2 2 0 0 0 1 1 1 1 1 0
 1 1 0 1 1 1 4 4 8 8 9 21 21 26 22 22 11 11 14 11 11 14 8 8 11 11 4 8 8 7 5 5 5 5 2 2 2 0 0 0 1 1 1 1 1 0
 8 8 7 5 5 5 7 7 4 4 8 7 7 18 15 15 13 13 12 17 17 15 18 18 16 16 14 14 14 12 17 17 9 9 18 9 9 3 3 3 1 1 0 0 0 2
 8 8 7 5 5 5 7 7 4 4 8 7 7 18 15 15 13 13 12 17 17 15 18 18 16 16 14 14 14 12 17 17 9 9 18 9 9 3 3 3 1 1 0 0 0 2
 9 9 17 8 8 6 7 7 9 9 12 12 12 21 18 18 18 18 10 11 11 13 15 15 19 19 19 21 21 24 26 26 23 23 19 10 10 8 4 4 3 3 3 2 2 2
 13 13 14 17 17 13 16 16 15 15 16 15 15 17 20 20 20 20 17 17 17 11 19 19 19 19 20 17 17 27 19 19 19 19 18 12 12 12 6 6 5 5 3 2 2 2
 13 13 14 17 17 13 16 16 15 15 16 15 15 17 20 20 20 20 17 17 17 11 19 19 19 19 20 17 17 27 19 19 19 19 18 12 12 12 6 6 5 5 3 2 2 2
 17 17 17 17 17 21 26 26 15 15 12 14 14 17 17 17 23 23 17 14 14 13 12 12 20 20 23 22 22 23 20 20 25 25 23 16 16 11 6 6 6 6 5 2 2 2
 20 20 23 25 25 28 22 22 18 18 17 14 14 14 18 18 25 25 19 16 16 16 20 20 12 12 9 13 13 12 14 14 22 22 22 19 19 14 13 13 10 10 9 6 6 3
 20 20 23 25 25 28 22 22 18 18 17 14 14 14 18 18 25 25 19 16 16 16 20 20 12 12 9 13 13 12 14 14 22 22 22 19 19 14 13 13 10 10 9 6 6 3
 22 22 28 46 46 37 35 35 25 25 20 17 17 29 27 27 30 30 24 26 26 12 9 9 8 8 7 8 8 8 17 17 19 19 19 20 20 15 13 13 10 10 10 7 7 5
 22 22 28 46 46 37 35 35 25 25 20 17 17 29 27 27 30 30 24 26 26 12 9 9 8 8 7 8 8 8 17 17 19 19 19 20 20 15 13 13 10 10 10 7 7 5
 34 34 30 35 35 41 45 45 32 32 26 23 23 17 19 19 26 26 27 22 22 16 13 13 10 10 8 5 5 5 12 12 15 15 14 20 20 13 8 8 8 8 4 15 15 4
 33 33 37 40 40 40 49 49 51 51 54 38 38 24 25 25 23 23 29 35 35 25 19 19 12 12 13 6 6 6 6 6 7 7 7 14 14 11 4 4 4 4 7 5 5 4
 33 33 37 40 40 40 49 49 51 51 54 38 38 24 25 25 23 23 29 35 35 25 19 19 12 12 13 6 6 6 6 6 7 7 7 14 14 11 4 4 4 4 7 5 5 4
 45 45 44 41 41 45 51 51 50 50 50 50 50 27 54 54 30 30 36 42 42 30 30 30 20 20 21 15 15 9 4 4 9 9 7 9 9 4 7 7 5 5 2 3 3 5
 49 49 45 36 36 38 46 46 46 46 61 66 66 44 43 43 43 43 53 40 40 40 47 47 32 32 26 20 20 19 12 12 9 9 9 9 9 5 2 2 5 5 4 2 2 1
 49 49 45 36 36 38 46 46 46 46 61 66 66 44 43 43 43 43 53 40 40 40 47 47 32 32 26 20 20 19 12 12 9 9 9 9 9 5 2 2 5 5 4 2 2 1
 27 27 34 62 62 37 37 37 37 37 61 54 54 74 64 64 42 42 37 35 35 41 41 41 27 27 33 32 32 29 21 21 16 16 10 9 9 8 4 4 5 5 3 2 2 5
 27 27 34 62 62 37 37 37 37 37 61 54 54 74 64 64 42 42 37 35 35 41 41 41 27 27 33 32 32 29 21 21 16 16 10 9 9 8 4 4 5 5 3 2 2 5
 20 20 27 27 27 27 33 33 43 43 38 44 44 48 52 52 36 36 41 43 43 60 40 40 44 44 33 38 38 30 32 32 25 25 15 11 11 7 6 6 6 6 11 7 7 8
 28 28 30 21 21 30 32 32 46 46 34 26 26 46 30 30 27 27 23 36 36 37 41 41 39 39 41 34 34 43 46 46 40 40 18 24 24 18 14 14 15 15 19 7 7 9
 28 28 30 21 21 30 32 32 46 46 34 26 26 46 30 30 27 27 23 36 36 37 41 41 39 39 41 34 34 43 46 46 40 40 18 24 24 18 14 14 15 15 19 7 7 9
 27 27 24 22 22 21 26 26 37 37 29 26 26 32 27 27 28 28 31 29 29 33 47 47 35 35 37 33 33 48 46 46 25 25 18 22 22 27 14 14 16 16 20 14 14 29
 17 17 23 21 21 21 21 21 20 20 20 20 20 23 25 25 34 34 29 27 27 30 46 46 40 40 32 47 47 49 46 46 38 38 27 24 24 18 15 15 20 20 22 15 15 14
 17 17 23 21 21 21 21 21 20 20 20 20 20 23 25 25 34 34 29 27 27 30 46 46 40 40 32 47 47 49 46 46 38 38 27 24 24 18 15 15 20 20 22 15 15 14
 15 15 18 22 22 21 23 23 25 25 19 17 17 27 22 22 34 34 39 36 36 33 25 25 35 35 35 55 55 43 37 37 29 29 28 21 21 22 22 22 25 25 24 20 20 12
 15 15 18 22 22 21 23 23 25 25 19 17 17 27 22 22 34 34 39 36 36 33 25 25 35 35 35 55 55 43 37 37 29 29 28 21 21 22 22 22 25 25 24 20 20 12
 19 19 24 18 18 20 16 16 20 20 19 21 21 23 18 18 23 23 24 38 38 24 29 29 30 30 33 33 33 44 36 36 29 29 30 21 21 23 13 13 27 27 30 20 20 15
 14 14 16 19 19 14 24 24 16 16 21 23 23 21 24 24 32 32 26 23 23 38 30 30 31 31 27 30 30 28 28 28 24 24 27 21 21 14 12 12 22 22 17 16 16 15
 14 14 16 19 19 14 24 24 16 16 21 23 23 21 24 24 32 32 26 23 23 38 30 30 31 31 27 30 30 28 28 28 24 24 27 21 21 14 12 12 22 22 17 16 16 15
 12 12 11 15 15 20 21 21 16 16 15 18 18 19 29 29 30 30 26 37 37 16 26 26 28 28 31 28 28 30 31 31 25 25 19 22 22 26 14 14 18 18 16 20 20 21
 11 11 8 17 17 19 19 19 13 13 16 16 16 17 16 16 13 13 22 32 32 29 21 21 26 26 30 25 25 28 25 25 28 28 20 27 27 20 23 23 15 15 18 21 21 27
 11 11 8 17 17 19 19 19 13 13 16 16 16 17 16 16 13 13 22 32 32 29 21 21 26 26 30 25 25 28 25 25 28 28 20 27 27 20 23 23 15 15 18 21 21 27
 9 9 8 14 14 13 17 17 20 20 21 19 19 19 16 16 18 18 15 24 24 34 25 25 33 33 35 28 28 33 34 34 34 34 31 28 28 45 24 24 18 18 18 26 26 9
 9 9 8 14 14 13 17 17 20 20 21 19 19 19 16 16 18 18 15 24 24 34 25 25 33 33 35 28 28 33 34 34 34 34 31 28 28 45 24 24 18 18 18 26 26 9
 11 11 7 6 6 14 17 17 16 16 21 12 12 16 20 20 16 16 20 34 34 27 32 32 43 43 31 29 29 43 37 37 35 35 33 33 33 28 27 27 26 26 22 13 13 9
 9 9 11 6 6 10 18 18 10 10 17 13 13 20 14 14 15 15 26 17 17 42 47 47 57 57 34 39 39 35 34 34 40 40 35 29 29 26 18 18 26 26 25 15 15 14
 9 9 11 6 6 10 18 18 10 10 17 13 13 20 14 14 15 15 26 17 17 42 47 47 57 57 34 39 39 35 34 34 40 40 35 29 29 26 18 18 26 26 25 15 15 14
 4 4 4 7 7 8 24 24 11 11 13 15 15 18 19 19 15 15 19 23 23 25 44 44 39 39 52 44 44 36 38 38 50 50 35 36 36 24 19 19 26 26 27 20 20 11
 6 6 4 6 6 5 11 11 36 36 11 10 10 23 16 16 26 26 25 23 23 26 24 24 38 38 29 40 40 47 38 38 44 44 33 29 29 28 20 20 20 20 31 26 26 18
 6 6 4 6 6 5 11 11 36 36 11 10 10 23 16 16 26 26 25 23 23 26 24 24 38 38 29 40 40 47 38 38 44 44 33 29 29 28 20 20 20 20 31 26 26 18
 4 4 2 3 3 8 8 8 11 11 14 12 12 11 12 12 40 40 22 20 20 19 20 20 25 25 32 41 41 43 34 34 42 42 50 38 38 29 24 24 26 26 35 16 16 18
 4 4 2 3 3 8 8 8 11 11 14 12 12 11 12 12 40 40 22 20 20 19 20 20 25 25 32 41 41 43 34 34 42 42 50 38 38 29 24 24 26 26 35 16 16 18
 8 8 11 7 7 4 5 5 6 6 8 10 10 11 14 14 11 11 14 19 19 17 22 22 24 24 33 32 32 33 37 37 29 29 28 47 47 40 40 40 23 23 21 18 18 9
 14 14 16 20 20 6 5 5 5 5 6 8 8 9 11 11 10 10 14 9 9 18 17 17 16 16 20 21 21 25 30 30 28 28 31 34 34 17 21 21 25 25 21 15 15 8
 14 14 16 20 20 6 5 5 5 5 6 8 8 9 11 11 10 10 14 9 9 18 17 17 16 16 20 21 21 25 30 30 28 28 31 34 34 17 21 21 25 25 21 15 15 8
 9 9 10 8 8 20 5 5 5 5 6 9 9 7 6 6 6 6 7 5 5 13 12 12 13 13 25 25 25 20 25 25 14 14 12 15 15 10 16 16 38 38 12 15 15 10
 7 7 9 5 5 25 9 9 9 9 7 7 7 7 8 8 7 7 7 6 6 14 11 11 16 16 20 18 18 19 21 21 18 18 15 10 10 7 43 43 20 20 17 13 13 6
 7 7 9 5 5 25 9 9 9 9 7 7 7 7 8 8 7 7 7 6 6 14 11 11 16 16 20 18 18 19 21 21 18 18 15 10 10 7 43 43 20 20 17 13 13 6
 3 3 4 6 6 8 17 17 13 13 20 14 14 15 7 7 8 8 12 6 6 9 10 10 12 12 18 17 17 23 20 20 16 16 16 13 13 10 10 10 28 28 12 12 12 8
 3 3 4 6 6 8 17 17 13 13 20 14 14 15 7 7 8 8 12 6 6 9 10 10 12 12 18 17 17 23 20 20 16 16 16 13 13 10 10 10 28 28 12 12 12 8
 5 5 6 3 3 5 15 15 13 13 14 13 13 27 17 17 11 11 9 5 5 8 10 10 12 12 13 17 17 17 15 15 20 20 21 16 16 7 7 7 7 7 13 11 11 7
 5 5 5 5 5 5 5 5 10 10 10 18 18 13 10 10 6 6 10 22 22 9 11 11 13 13 14 16 16 19 17 17 15 15 17 15 15 5 7 7 6 6 5 5 5 7
 5 5 5 5 5 5 5 5 10 10 10 18 18 13 10 10 6 6 10 22 22 9 11 11 13 13 14 16 16 19 17 17 15 15 17 15 15 5 7 7 6 6 5 5 5 7
 6 6 5 4 4 5 6 6 6 6 8 8 8 18 16 16 12 12 12 13 13 10 10 10 11 11 13 13 13 14 11 11 6 6 6 6 6 4 7 7 5 5 4 3 3 8
 3 3 3 4 4 6 6 6 5 5 8 9 9 13 15 15 12 12 7 8 8 8 7 7 7 7 10 19 19 11 11 11 9 9 1 3 3 3 5 5 4 4 5 7 7 2
