assets/RAT_results_old/precipitation/2018-06-04_IMERG.asc
ncols        46
nrows        77
xllcorner    74.800261325624
yllcorner    8.058333333333
cellsize     0.062500000000
NODATA_value -9999
 7 7 2 5 5 7 6 6 1 1 0 0 0 0 1 1 2 2 0 1 1 0 0 0 1 1 1 4 4 2 3 3 1 1 1 2 2 8 2 2 2 2 4 2 2 1
 21 21 2 6 6 5 9 9 3 3 3 0 0 0 0 0 4 4 1 0 0 1 2 2 3 3 10 9 9 7 8 8 6 6 2 2 2 3 4 4 4 4 3 2 2 1
 21 21 2 6 6 5 9 9 3 3 3 0 0 0 0 0 4 4 1 0 0 1 2 2 3 3 10 9 9 7 8 8 6 6 2 2 2 3 4 4 4 4 3 2 2 1
 24 24 9 6 6 8 5 5 4 4 3 2 2 1 1 1 5 5 0 2 2 4 7 7 10 10 14 11 11 12 2 2 6 6 6 12 12 5 6 6 8 8 4 5 5 4
 17 17 15 8 8 8 6 6 6 6 4 3 3 2 8 8 7 7 4 3 3 3 4 4 11 11 28 11 11 1 1 1 2 2 3 6 6 6 8 8 11 11 8 7 7 5
 17 17 15 8 8 8 6 6 6 6 4 3 3 2 8 8 7 7 4 3 3 3 4 4 11 11 28 11 11 1 1 1 2 2 3 6 6 6 8 8 11 11 8 7 7 5
 14 14 14 9 9 9 8 8 7 7 4 7 7 6 2 2 3 3 5 7 7 8 9 9 12 12 6 2 2 0 0 0 1 1 4 3 3 5 5 5 4 4 3 5 5 10
 14 14 14 9 9 9 8 8 7 7 4 7 7 6 2 2 3 3 5 7 7 8 9 9 12 12 6 2 2 0 0 0 1 1 4 3 3 5 5 5 4 4 3 5 5 10
 9 9 12 12 12 10 7 7 11 11 8 9 9 3 2 2 5 5 3 6 6 1 1 1 2 2 2 0 0 0 6 6 0 0 1 1 1 4 3 3 3 3 3 6 6 9
 6 6 13 13 13 9 13 13 10 10 6 3 3 3 6 6 6 6 6 6 6 2 0 0 2 2 3 2 2 1 5 5 2 2 1 1 1 1 1 1 2 2 2 2 2 6
 6 6 13 13 13 9 13 13 10 10 6 3 3 3 6 6 6 6 6 6 6 2 0 0 2 2 3 2 2 1 5 5 2 2 1 1 1 1 1 1 2 2 2 2 2 6
 5 5 9 9 9 18 16 16 16 16 11 4 4 3 3 3 3 3 8 9 9 8 14 14 10 10 2 4 4 3 5 5 8 8 3 1 1 1 1 1 2 2 2 1 1 2
 11 11 6 9 9 20 23 23 21 21 12 7 7 8 4 4 3 3 4 9 9 17 16 16 12 12 3 7 7 4 10 10 12 12 12 2 2 2 1 1 2 2 1 2 2 2
 11 11 6 9 9 20 23 23 21 21 12 7 7 8 4 4 3 3 4 9 9 17 16 16 12 12 3 7 7 4 10 10 12 12 12 2 2 2 1 1 2 2 1 2 2 2
 10 10 7 10 10 10 24 24 14 14 11 10 10 10 10 10 9 9 7 9 9 10 13 13 8 8 9 7 7 8 1 1 2 2 1 1 1 3 4 4 9 9 1 2 2 5
 10 10 7 10 10 10 24 24 14 14 11 10 10 10 10 10 9 9 7 9 9 10 13 13 8 8 9 7 7 8 1 1 2 2 1 1 1 3 4 4 9 9 1 2 2 5
 3 3 9 6 6 8 8 8 10 10 11 11 11 21 36 36 28 28 9 5 5 5 5 5 6 6 8 9 9 5 0 0 0 0 0 0 0 1 9 9 21 21 2 6 6 5
 6 6 7 2 2 3 9 9 11 11 34 10 10 24 31 31 19 19 6 10 10 9 8 8 11 11 13 6 6 0 0 0 0 0 1 0 0 1 7 7 19 19 16 6 6 6
 6 6 7 2 2 3 9 9 11 11 34 10 10 24 31 31 19 19 6 10 10 9 8 8 11 11 13 6 6 0 0 0 0 0 1 0 0 1 7 7 19 19 16 6 6 6
 4 4 4 2 2 9 8 8 10 10 12 14 14 29 10 10 14 14 10 8 8 8 6 6 4 4 6 1 1 0 0 0 0 0 0 0 0 1 1 1 22 22 3 2 2 5
 10 10 8 14 14 11 8 8 33 33 11 19 19 32 8 8 12 12 8 10 10 6 2 2 2 2 1 0 0 1 0 0 0 0 1 2 2 2 2 2 1 1 1 1 1 1
 10 10 8 14 14 11 8 8 33 33 11 19 19 32 8 8 12 12 8 10 10 6 2 2 2 2 1 0 0 1 0 0 0 0 1 2 2 2 2 2 1 1 1 1 1 1
 20 20 13 23 23 15 28 28 15 15 17 17 17 16 18 18 12 12 9 6 6 5 3 3 1 1 1 0 0 1 2 2 0 0 2 6 6 4 2 2 1 1 0 0 0 0
 20 20 13 23 23 15 28 28 15 15 17 17 17 16 18 18 12 12 9 6 6 5 3 3 1 1 1 0 0 1 2 2 0 0 2 6 6 4 2 2 1 1 0 0 0 0
 20 20 40 15 15 17 10 10 13 13 22 21 21 27 23 23 16 16 6 5 5 3 2 2 2 2 2 2 2 2 2 2 1 1 2 9 9 8 2 2 0 0 1 0 0 0
 27 27 24 21 21 12 14 14 18 18 15 26 26 23 35 35 18 18 7 5 5 3 4 4 1 1 4 3 3 2 1 1 1 1 1 1 1 1 0 0 0 0 0 0 0 0
 27 27 24 21 21 12 14 14 18 18 15 26 26 23 35 35 18 18 7 5 5 3 4 4 1 1 4 3 3 2 1 1 1 1 1 1 1 1 0 0 0 0 0 0 0 0
 19 19 23 21 21 13 16 16 11 11 11 18 18 21 31 31 11 11 14 10 10 7 8 8 6 6 8 4 4 2 4 4 2 2 1 0 0 1 0 0 0 0 0 1 1 0
 41 41 30 18 18 12 14 14 10 10 9 13 13 81 77 77 52 52 14 13 13 9 10 10 8 8 7 7 7 7 10 10 6 6 3 0 0 0 0 0 0 0 0 0 0 0
 41 41 30 18 18 12 14 14 10 10 9 13 13 81 77 77 52 52 14 13 13 9 10 10 8 8 7 7 7 7 10 10 6 6 3 0 0 0 0 0 0 0 0 0 0 0
 32 32 38 21 21 15 13 13 9 9 10 15 15 32 76 76 54 54 8 15 15 8 11 11 13 13 8 13 13 12 7 7 6 6 2 0 0 0 0 0 0 0 0 0 0 1
 32 32 38 21 21 15 13 13 9 9 10 15 15 32 76 76 54 54 8 15 15 8 11 11 13 13 8 13 13 12 7 7 6 6 2 0 0 0 0 0 0 0 0 0 0 1
 38 38 56 21 21 18 13 13 7 7 10 11 11 31 31 31 61 61 16 21 21 12 14 14 9 9 14 13 13 10 7 7 8 8 2 0 0 0 0 0 0 0 0 0 0 0
 119 119 24 17 17 18 19 19 11 11 9 8 8 15 21 21 67 67 16 11 11 11 9 9 18 18 15 9 9 15 6 6 4 4 0 0 0 0 0 0 0 0 0 0 0 0
 119 119 24 17 17 18 19 19 11 11 9 8 8 15 21 21 67 67 16 11 11 11 9 9 18 18 15 9 9 15 6 6 4 4 0 0 0 0 0 0 0 0 0 0 0 0
 24 24 33 32 32 20 17 17 9 9 27 8 8 15 27 27 53 53 11 11 11 18 30 30 43 43 9 6 6 7 3 3 0 0 0 0 0 0 0 0 0 0 0 0 0 0
 17 17 23 14 14 21 13 13 10 10 29 27 27 28 30 30 53 53 21 12 12 22 29 29 68 68 23 11 11 5 3 3 2 2 2 3 3 0 0 0 0 0 0 1 1 1
 17 17 23 14 14 21 13 13 10 10 29 27 27 28 30 30 53 53 21 12 12 22 29 29 68 68 23 11 11 5 3 3 2 2 2 3 3 0 0 0 0 0 0 1 1 1
 10 10 9 15 15 27 28 28 12 12 20 26 26 26 21 21 29 29 29 36 36 24 24 24 22 22 30 18 18 13 9 9 6 6 5 3 3 12 4 4 7 7 3 6 6 3
 10 10 9 15 15 27 28 28 12 12 20 26 26 26 21 21 29 29 29 36 36 24 24 24 22 22 30 18 18 13 9 9 6 6 5 3 3 12 4 4 7 7 3 6 6 3
 12 12 11 17 17 13 22 22 17 17 26 20 20 27 27 27 42 42 18 32 32 18 32 32 20 20 14 21 21 22 58 58 12 12 16 30 30 15 15 15 7 7 4 4 4 3
 12 12 16 15 15 20 21 21 17 17 24 19 19 60 28 28 22 22 41 23 23 43 15 15 22 22 21 20 20 30 23 23 24 24 16 32 32 33 13 13 20 20 12 13 13 6
 12 12 16 15 15 20 21 21 17 17 24 19 19 60 28 28 22 22 41 23 23 43 15 15 22 22 21 20 20 30 23 23 24 24 16 32 32 33 13 13 20 20 12 13 13 6
 17 17 28 27 27 33 33 33 22 22 37 36 36 25 27 27 11 11 17 19 19 27 38 38 24 24 27 23 23 21 29 29 73 73 50 34 34 40 14 14 14 14 12 7 7 4
 12 12 23 24 24 44 41 41 31 31 29 38 38 20 42 42 22 22 21 35 35 23 18 18 27 27 13 25 25 26 59 59 36 36 25 22 22 17 5 5 8 8 3 2 2 3
 12 12 23 24 24 44 41 41 31 31 29 38 38 20 42 42 22 22 21 35 35 23 18 18 27 27 13 25 25 26 59 59 36 36 25 22 22 17 5 5 8 8 3 2 2 3
 14 14 45 44 44 35 33 33 35 35 60 61 61 14 16 16 31 31 30 21 21 25 18 18 27 27 26 9 9 16 25 25 61 61 22 15 15 22 19 19 3 3 8 4 4 3
 14 14 45 44 44 35 33 33 35 35 60 61 61 14 16 16 31 31 30 21 21 25 18 18 27 27 26 9 9 16 25 25 61 61 22 15 15 22 19 19 3 3 8 4 4 3
 15 15 43 55 55 22 34 34 27 27 35 38 38 14 13 13 45 45 8 6 6 18 11 11 16 16 12 12 12 21 14 14 44 44 12 20 20 24 4 4 5 5 2 4 4 2
 25 25 30 27 27 22 35 35 29 29 16 30 30 8 8 8 8 8 4 2 2 5 7 7 9 9 14 25 25 12 28 28 22 22 16 22 22 9 5 5 4 4 1 3 3 4
 25 25 30 27 27 22 35 35 29 29 16 30 30 8 8 8 8 8 4 2 2 5 7 7 9 9 14 25 25 12 28 28 22 22 16 22 22 9 5 5 4 4 1 3 3 4
 31 31 25 14 14 42 18 18 15 15 12 7 7 8 10 10 10 10 3 3 3 7 4 4 8 8 17 6 6 14 19 19 8 8 19 19 19 14 3 3 1 1 4 1 1 1
 36 36 27 41 41 8 17 17 11 11 18 6 6 7 8 8 5 5 5 4 4 20 8 8 6 6 10 19 19 44 16 16 55 55 54 2 2 8 11 11 6 6 2 1 1 1
 36 36 27 41 41 8 17 17 11 11 18 6 6 7 8 8 5 5 5 4 4 20 8 8 6 6 10 19 19 44 16 16 55 55 54 2 2 8 11 11 6 6 2 1 1 1
 31 31 35 7 7 9 9 9 9 9 15 11 11 6 5 5 3 3 3 5 5 18 13 13 12 12 15 18 18 12 15 15 12 12 8 1 1 8 1 1 1 1 2 1 1 1
 31 31 35 7 7 9 9 9 9 9 15 11 11 6 5 5 3 3 3 5 5 18 13 13 12 12 15 18 18 12 15 15 12 12 8 1 1 8 1 1 1 1 2 1 1 1
 26 26 11 7 7 9 11 11 12 12 12 13 13 5 5 5 7 7 5 7 7 15 12 12 16 16 16 14 14 13 9 9 16 16 10 1 1 1 2 2 2 2 2 2 2 1
 27 27 7 15 15 16 20 20 20 20 10 7 7 7 6 6 11 11 11 15 15 11 19 19 18 18 19 12 12 10 10 10 2 2 1 4 4 1 1 1 1 1 0 1 1 0
 27 27 7 15 15 16 20 20 20 20 10 7 7 7 6 6 11 11 11 15 15 11 19 19 18 18 19 12 12 10 10 10 2 2 1 4 4 1 1 1 1 1 0 1 1 0
 33 33 12 12 12 14 15 15 23 23 11 8 8 11 11 11 23 23 44 14 14 9 8 8 18 18 21 14 14 13 4 4 4 4 0 0 0 1 1 1 1 1 0 0 0 0
 29 29 20 20 20 18 18 18 13 13 11 10 10 13 24 24 25 25 15 15 15 14 16 16 21 21 18 14 14 13 4 4 9 9 0 0 0 1 1 1 0 0 1 3 3 1
 29 29 20 20 20 18 18 18 13 13 11 10 10 13 24 24 25 25 15 15 15 14 16 16 21 21 18 14 14 13 4 4 9 9 0 0 0 1 1 1 0 0 1 3 3 1
 37 37 35 32 32 28 16 16 22 22 16 16 16 20 29 29 23 23 36 19 19 14 17 17 14 14 10 14 14 15 10 10 18 18 3 0 0 1 3 3 1 1 1 3 3 2
 37 37 35 32 32 28 16 16 22 22 16 16 16 20 29 29 23 23 36 19 19 14 17 17 14 14 10 14 14 15 10 10 18 18 3 0 0 1 3 3 1 1 1 3 3 2
 26 26 27 36 36 21 19 19 18 18 20 20 20 28 41 41 40 40 44 14 14 11 20 20 13 13 11 13 13 14 11 11 12 12 4 6 6 2 4 4 5 5 2 2 2 1
 18 18 22 28 28 25 19 19 17 17 19 23 23 29 20 20 16 16 28 13 13 7 8 8 8 8 6 20 20 17 22 22 16 16 4 8 8 6 8 8 9 9 2 2 2 1
 18 18 22 28 28 25 19 19 17 17 19 23 23 29 20 20 16 16 28 13 13 7 8 8 8 8 6 20 20 17 22 22 16 16 4 8 8 6 8 8 9 9 2 2 2 1
 15 15 22 18 18 20 16 16 26 26 17 18 18 16 12 12 14 14 19 19 19 8 6 6 18 18 16 26 26 22 31 31 41 41 10 11 11 12 6 6 11 11 4 1 1 0
 14 14 31 34 34 20 14 14 14 14 17 17 17 17 11 11 12 12 16 15 15 14 9 9 15 15 19 20 20 21 16 16 33 33 14 11 11 19 5 5 7 7 4 1 1 0
 14 14 31 34 34 20 14 14 14 14 17 17 17 17 11 11 12 12 16 15 15 14 9 9 15 15 19 20 20 21 16 16 33 33 14 11 11 19 5 5 7 7 4 1 1 0
 11 11 27 31 31 17 15 15 14 14 16 13 13 15 10 10 11 11 7 11 11 14 17 17 17 17 21 10 10 13 13 13 20 20 22 6 6 5 6 6 3 3 3 1 1 0
 11 11 27 31 31 17 15 15 14 14 16 13 13 15 10 10 11 11 7 11 11 14 17 17 17 17 21 10 10 13 13 13 20 20 22 6 6 5 6 6 3 3 3 1 1 0
 13 13 12 12 12 18 20 20 11 11 14 12 12 8 9 9 7 7 7 5 5 9 9 9 11 11 10 4 4 5 15 15 17 17 7 7 7 4 5 5 4 4 2 1 1 0
 24 24 27 10 10 12 14 14 13 13 11 11 11 6 6 6 6 6 6 4 4 4 3 3 1 1 3 2 2 4 1 1 10 10 6 3 3 3 3 3 4 4 2 2 2 0
 24 24 27 10 10 12 14 14 13 13 11 11 11 6 6 6 6 6 6 4 4 4 3 3 1 1 3 2 2 4 1 1 10 10 6 3 3 3 3 3 4 4 2 2 2 0
 11 11 6 9 9 8 7 7 7 7 6 4 4 2 2 2 4 4 2 1 1 1 4 4 2 2 1 1 1 2 1 1 1 1 2 1 1 1 2 2 4 4 6 1 1 0
 7 7 7 8 8 6 4 4 4 4 3 2 2 2 3 3 2 2 2 1 1 1 1 1 1 1 1 0 0 1 0 0 1 1 1 1 1 1 1 1 2 2 2 0 0 0
