assets/RAT_results_old/precipitation/2018-06-07_IMERG.asc
ncols        46
nrows        77
xllcorner    74.800261325624
yllcorner    8.058333333333
cellsize     0.062500000000
NODATA_value -9999
 53 53 56 66 66 43 52 52 68 68 79 35 35 62 31 31 19 19 9 10 10 5 6 6 1 1 3 2 2 1 3 3 4 4 0 0 0 0 0 0 0 0 0 0 0 3
 71 71 58 63 63 59 68 68 54 54 64 52 52 40 25 25 10 10 16 14 14 8 3 3 7 7 4 1 1 1 1 1 0 0 0 0 0 0 0 0 0 0 0 0 0 4
 71 71 58 63 63 59 68 68 54 54 64 52 52 40 25 25 10 10 16 14 14 8 3 3 7 7 4 1 1 1 1 1 0 0 0 0 0 0 0 0 0 0 0 0 0 4
 74 74 62 51 51 45 46 46 60 60 47 47 47 34 21 21 17 17 17 15 15 14 7 7 7 7 6 1 1 0 0 0 1 1 0 1 1 0 0 0 0 0 0 0 0 0
 68 68 66 55 55 43 73 73 67 67 56 42 42 33 17 17 20 20 14 25 25 15 7 7 12 12 3 2 2 1 1 1 3 3 0 0 0 0 0 0 0 0 0 0 0 0
 68 68 66 55 55 43 73 73 67 67 56 42 42 33 17 17 20 20 14 25 25 15 7 7 12 12 3 2 2 1 1 1 3 3 0 0 0 0 0 0 0 0 0 0 0 0
 51 51 66 84 84 91 47 47 61 61 48 38 38 46 41 41 23 23 21 16 16 16 13 13 8 8 10 2 2 1 2 2 0 0 0 0 0 0 0 0 0 0 0 0 0 0
 51 51 66 84 84 91 47 47 61 61 48 38 38 46 41 41 23 23 21 16 16 16 13 13 8 8 10 2 2 1 2 2 0 0 0 0 0 0 0 0 0 0 0 0 0 0
 62 62 46 70 70 43 40 40 74 74 55 52 52 47 39 39 42 42 24 24 24 20 15 15 8 8 6 3 3 1 2 2 1 1 0 0 0 2 0 0 0 0 0 0 0 0
 51 51 55 68 68 45 48 48 68 68 84 52 52 48 55 55 32 32 25 21 21 22 18 18 16 16 12 8 8 3 3 3 1 1 0 0 0 0 1 1 0 0 0 0 0 0
 51 51 55 68 68 45 48 48 68 68 84 52 52 48 55 55 32 32 25 21 21 22 18 18 16 16 12 8 8 3 3 3 1 1 0 0 0 0 1 1 0 0 0 0 0 0
 75 75 75 105 105 75 48 48 46 46 59 63 63 60 48 48 32 32 28 17 17 17 12 12 11 11 6 2 2 3 2 2 2 2 0 0 0 0 0 0 0 0 1 0 0 1
 77 77 54 67 67 49 35 35 52 52 41 57 57 70 62 62 45 45 34 20 20 18 12 12 6 6 9 3 3 3 1 1 0 0 0 0 0 0 0 0 0 0 17 0 0 0
 77 77 54 67 67 49 35 35 52 52 41 57 57 70 62 62 45 45 34 20 20 18 12 12 6 6 9 3 3 3 1 1 0 0 0 0 0 0 0 0 0 0 17 0 0 0
 65 65 45 89 89 52 51 51 73 73 52 55 55 51 48 48 40 40 31 17 17 12 6 6 7 7 11 2 2 1 0 0 0 0 1 1 1 0 3 3 0 0 0 0 0 1
 65 65 45 89 89 52 51 51 73 73 52 55 55 51 48 48 40 40 31 17 17 12 6 6 7 7 11 2 2 1 0 0 0 0 1 1 1 0 3 3 0 0 0 0 0 1
 29 29 91 68 68 60 56 56 56 56 47 58 58 58 48 48 43 43 20 23 23 9 8 8 12 12 9 2 2 1 0 0 0 0 0 0 0 0 0 0 0 0 4 0 0 0
 21 21 47 36 36 45 46 46 65 65 55 60 60 41 29 29 42 42 33 15 15 7 14 14 8 8 5 0 0 3 0 0 0 0 0 0 0 0 0 0 1 1 0 0 0 0
 21 21 47 36 36 45 46 46 65 65 55 60 60 41 29 29 42 42 33 15 15 7 14 14 8 8 5 0 0 3 0 0 0 0 0 0 0 0 0 0 1 1 0 0 0 0
 40 40 30 33 33 25 65 65 75 75 52 41 41 62 31 31 36 36 28 16 16 12 13 13 3 3 3 0 0 0 0 0 0 0 0 0 0 0 0 0 0 0 0 0 0 0
 30 30 26 30 30 31 33 33 45 45 31 35 35 54 25 25 23 23 18 20 20 20 11 11 6 6 3 2 2 1 1 1 1 1 0 0 0 0 0 0 0 0 0 0 0 0
 30 30 26 30 30 31 33 33 45 45 31 35 35 54 25 25 23 23 18 20 20 20 11 11 6 6 3 2 2 1 1 1 1 1 0 0 0 0 0 0 0 0 0 0 0 0
 28 28 29 31 31 25 29 29 36 36 34 25 25 52 34 34 31 31 19 24 24 23 11 11 6 6 7 6 6 3 2 2 1 1 0 0 0 0 0 0 0 0 0 0 0 2
 28 28 29 31 31 25 29 29 36 36 34 25 25 52 34 34 31 31 19 24 24 23 11 11 6 6 7 6 6 3 2 2 1 1 0 0 0 0 0 0 0 0 0 0 0 2
 25 25 24 24 24 27 32 32 31 31 68 23 23 39 38 38 69 69 27 22 22 45 15 15 14 14 10 14 14 7 2 2 1 1 0 0 0 0 0 0 0 0 0 0 0 0
 14 14 17 17 17 18 15 15 15 15 22 25 25 76 65 65 29 29 31 31 31 36 22 22 15 15 10 11 11 7 2 2 1 1 0 0 0 0 0 0 0 0 0 0 0 0
 14 14 17 17 17 18 15 15 15 15 22 25 25 76 65 65 29 29 31 31 31 36 22 22 15 15 10 11 11 7 2 2 1 1 0 0 0 0 0 0 0 0 0 0 0 0
 17 17 13 12 12 19 14 14 19 19 24 26 26 31 40 40 35 35 35 25 25 33 21 21 27 27 13 10 10 11 3 3 2 2 1 0 0 0 0 0 0 0 2 2 2 1
 23 23 25 26 26 18 13 13 14 14 18 41 41 20 28 28 31 31 34 23 23 25 19 19 33 33 21 12 12 8 4 4 3 3 9 3 3 3 0 0 1 1 1 1 1 1
 23 23 25 26 26 18 13 13 14 14 18 41 41 20 28 28 31 31 34 23 23 25 19 19 33 33 21 12 12 8 4 4 3 3 9 3 3 3 0 0 1 1 1 1 1 1
 19 19 20 17 17 18 16 16 17 17 17 42 42 35 34 34 43 43 32 20 20 24 17 17 17 17 20 13 13 10 8 8 8 8 8 8 8 3 0 0 1 1 1 2 2 7
 19 19 20 17 17 18 16 16 17 17 17 42 42 35 34 34 43 43 32 20 20 24 17 17 17 17 20 13 13 10 8 8 8 8 8 8 8 3 0 0 1 1 1 2 2 7
 13 13 14 14 14 12 20 20 16 16 13 12 12 18 27 27 33 33 25 19 19 23 19 19 12 12 19 18 18 15 10 10 10 10 10 12 12 5 1 1 1 1 1 1 1 7
 11 11 8 7 7 13 17 17 14 14 13 14 14 15 23 23 24 24 21 17 17 24 13 13 14 14 15 13 13 11 9 9 10 10 14 6 6 1 1 1 2 2 1 0 0 1
 11 11 8 7 7 13 17 17 14 14 13 14 14 15 23 23 24 24 21 17 17 24 13 13 14 14 15 13 13 11 9 9 10 10 14 6 6 1 1 1 2 2 1 0 0 1
 5 5 5 14 14 13 19 19 11 11 11 9 9 7 18 18 20 20 28 27 27 14 10 10 9 9 15 14 14 11 7 7 7 7 10 3 3 2 1 1 1 1 1 1 1 0
 9 9 22 7 7 24 8 8 5 5 7 7 7 8 18 18 14 14 18 18 18 16 18 18 17 17 14 13 13 9 13 13 12 12 3 4 4 2 1 1 1 1 1 1 1 0
 9 9 22 7 7 24 8 8 5 5 7 7 7 8 18 18 14 14 18 18 18 16 18 18 17 17 14 13 13 9 13 13 12 12 3 4 4 2 1 1 1 1 1 1 1 0
 13 13 8 6 6 5 4 4 21 21 7 5 5 6 9 9 13 13 32 23 23 18 16 16 15 15 17 21 21 13 13 13 10 10 4 3 3 4 4 4 1 1 1 1 1 1
 13 13 8 6 6 5 4 4 21 21 7 5 5 6 9 9 13 13 32 23 23 18 16 16 15 15 17 21 21 13 13 13 10 10 4 3 3 4 4 4 1 1 1 1 1 1
 3 3 5 3 3 2 10 10 4 4 8 5 5 6 13 13 14 14 29 37 37 29 21 21 18 18 18 20 20 17 22 22 13 13 12 9 9 13 10 10 2 2 1 2 2 2
 4 4 4 3 3 2 3 3 6 6 8 4 4 6 12 12 15 15 22 27 27 38 25 25 17 17 15 17 17 20 23 23 21 21 10 8 8 4 6 6 2 2 2 2 2 2
 4 4 4 3 3 2 3 3 6 6 8 4 4 6 12 12 15 15 22 27 27 38 25 25 17 17 15 17 17 20 23 23 21 21 10 8 8 4 6 6 2 2 2 2 2 2
 3 3 4 3 3 3 1 1 5 5 4 5 5 9 10 10 15 15 18 30 30 33 31 31 16 16 21 14 14 17 19 19 17 17 13 5 5 6 3 3 6 6 4 2 2 2
 2 2 2 16 16 6 2 2 4 4 5 3 3 7 8 8 12 12 17 23 23 18 37 37 18 18 19 9 9 15 19 19 19 19 15 9 9 8 8 8 5 5 3 5 5 4
 2 2 2 16 16 6 2 2 4 4 5 3 3 7 8 8 12 12 17 23 23 18 37 37 18 18 19 9 9 15 19 19 19 19 15 9 9 8 8 8 5 5 3 5 5 4
 2 2 16 16 16 6 3 3 6 6 4 8 8 7 8 8 11 11 13 20 20 27 24 24 19 19 15 17 17 18 23 23 19 19 22 20 20 12 12 12 11 11 8 3 3 3
 2 2 16 16 16 6 3 3 6 6 4 8 8 7 8 8 11 11 13 20 20 27 24 24 19 19 15 17 17 18 23 23 19 19 22 20 20 12 12 12 11 11 8 3 3 3
 2 2 2 3 3 4 3 3 3 3 3 3 3 4 5 5 11 11 11 11 11 16 14 14 21 21 13 14 14 31 22 22 28 28 29 28 28 12 11 11 6 6 5 7 7 3
 2 2 1 2 2 2 3 3 2 2 3 2 2 5 5 5 4 4 6 6 6 13 12 12 16 16 18 16 16 29 30 30 24 24 26 23 23 11 11 11 9 9 5 5 5 2
 2 2 1 2 2 2 3 3 2 2 3 2 2 5 5 5 4 4 6 6 6 13 12 12 16 16 18 16 16 29 30 30 24 24 26 23 23 11 11 11 9 9 5 5 5 2
 3 3 2 2 2 2 2 2 1 1 1 2 2 2 3 3 3 3 11 6 6 11 17 17 15 15 18 18 18 31 31 31 33 33 23 22 22 17 8 8 7 7 5 9 9 3
 2 2 3 2 2 3 3 3 3 3 1 1 1 1 1 1 1 1 3 3 3 7 16 16 15 15 22 16 16 24 28 28 21 21 21 29 29 15 6 6 7 7 5 5 5 2
 2 2 3 2 2 3 3 3 3 3 1 1 1 1 1 1 1 1 3 3 3 7 16 16 15 15 22 16 16 24 28 28 21 21 21 29 29 15 6 6 7 7 5 5 5 2
 3 3 3 3 3 3 3 3 3 3 0 0 0 6 2 2 2 2 3 4 4 4 17 17 18 18 18 19 19 24 41 41 25 25 16 20 20 13 11 11 6 6 4 3 3 1
 3 3 3 3 3 3 3 3 3 3 0 0 0 6 2 2 2 2 3 4 4 4 17 17 18 18 18 19 19 24 41 41 25 25 16 20 20 13 11 11 6 6 4 3 3 1
 3 3 5 4 4 5 5 5 4 4 1 1 1 1 2 2 2 2 2 2 2 9 18 18 18 18 19 29 29 25 37 37 23 23 29 24 24 14 11 11 5 5 1 1 1 1
 3 3 3 2 2 3 5 5 3 3 1 1 1 3 2 2 2 2 3 1 1 8 19 19 10 10 21 27 27 26 22 22 22 22 30 23 23 14 9 9 4 4 3 2 2 2
 3 3 3 2 2 3 5 5 3 3 1 1 1 3 2 2 2 2 3 1 1 8 19 19 10 10 21 27 27 26 22 22 22 22 30 23 23 14 9 9 4 4 3 2 2 2
 2 2 2 2 2 3 2 2 2 2 7 1 1 1 0 0 1 1 1 1 1 1 9 9 14 14 16 34 34 20 33 33 22 22 30 27 27 21 12 12 8 8 6 2 2 2
 3 3 5 1 1 2 2 2 3 3 6 1 1 2 2 2 2 2 1 4 4 3 9 9 18 18 10 27 27 30 25 25 30 30 33 33 33 22 14 14 11 11 6 3 3 2
 3 3 5 1 1 2 2 2 3 3 6 1 1 2 2 2 2 2 1 4 4 3 9 9 18 18 10 27 27 30 25 25 30 30 33 33 33 22 14 14 11 11 6 3 3 2
 1 1 3 2 2 2 2 2 3 3 3 3 3 3 2 2 2 2 2 2 2 3 4 4 12 12 15 21 21 27 37 37 31 31 31 32 32 34 23 23 15 15 6 2 2 2
 1 1 3 2 2 2 2 2 3 3 3 3 3 3 2 2 2 2 2 2 2 3 4 4 12 12 15 21 21 27 37 37 31 31 31 32 32 34 23 23 15 15 6 2 2 2
 1 1 2 3 3 1 2 2 2 2 3 2 2 3 3 3 2 2 3 3 3 3 3 3 5 5 17 15 15 31 32 32 31 31 33 37 37 48 20 20 17 17 8 6 6 3
 2 2 2 1 1 2 2 2 3 3 3 3 3 3 3 3 4 4 4 4 4 4 3 3 4 4 11 15 15 29 25 25 24 24 23 31 31 42 27 27 26 26 10 9 9 4
 2 2 2 1 1 2 2 2 3 3 3 3 3 3 3 3 4 4 4 4 4 4 3 3 4 4 11 15 15 29 25 25 24 24 23 31 31 42 27 27 26 26 10 9 9 4
 2 2 2 2 2 2 2 2 2 2 3 2 2 3 4 4 5 5 5 4 4 4 3 3 4 4 8 16 16 18 24 24 24 24 28 22 22 30 21 21 21 21 10 11 11 6
 2 2 2 2 2 2 2 2 2 2 3 3 3 4 4 4 5 5 4 5 5 5 5 5 5 5 8 10 10 11 25 25 29 29 62 19 19 17 17 17 20 20 7 4 4 4
 2 2 2 2 2 2 2 2 2 2 3 3 3 4 4 4 5 5 4 5 5 5 5 5 5 5 8 10 10 11 25 25 29 29 62 19 19 17 17 17 20 20 7 4 4 4
 4 4 3 3 3 2 2 2 3 3 3 5 5 5 4 4 5 5 5 6 6 6 9 9 12 12 11 10 10 15 28 28 25 25 31 23 23 17 21 21 9 9 9 5 5 6
 4 4 3 3 3 2 2 2 3 3 3 5 5 5 4 4 5 5 5 6 6 6 9 9 12 12 11 10 10 15 28 28 25 25 31 23 23 17 21 21 9 9 9 5 5 6
 2 2 2 3 3 4 4 4 6 6 5 7 7 8 6 6 9 9 6 6 6 6 6 6 8 8 7 14 14 16 24 24 46 46 43 30 30 25 21 21 11 11 9 6 6 3
 3 3 4 4 4 6 8 8 9 9 9 8 8 11 13 13 11 11 8 8 8 6 6 6 5 5 8 13 13 14 21 21 32 32 33 39 39 25 26 26 26 26 15 14 14 5
 3 3 4 4 4 6 8 8 9 9 9 8 8 11 13 13 11 11 8 8 8 6 6 6 5 5 8 13 13 14 21 21 32 32 33 39 39 25 26 26 26 26 15 14 14 5
 4 4 5 7 7 7 9 9 12 12 13 11 11 13 10 10 14 14 14 10 10 9 5 5 5 5 6 9 9 8 21 21 22 22 29 40 40 25 29 29 49 49 24 15 15 11
 5 5 7 9 9 12 15 15 18 18 20 20 20 20 17 17 16 16 10 13 13 9 6 6 7 7 6 8 8 9 9 9 14 14 12 16 16 10 15 15 19 19 29 11 11 8
