assets/RAT_results_old/precipitation/2018-04-14_IMERG.asc
ncols        46
nrows        77
xllcorner    74.800261325624
yllcorner    8.058333333333
cellsize     0.062500000000
NODATA_value -9999
 2 2 6 5 5 0 0 0 0 0 0 4 4 4 4 4 0 0 0 0 0 0 0 0 0 0 0 0 0 0 0 0 0 0 1 0 0 0 0 0 0 0 0 0 0 0
 3 3 5 4 4 3 0 0 1 1 2 1 1 8 5 5 0 0 0 0 0 0 0 0 0 0 0 0 0 0 0 0 0 0 0 0 0 0 0 0 0 0 0 0 0 0
 3 3 5 4 4 3 0 0 1 1 2 1 1 8 5 5 0 0 0 0 0 0 0 0 0 0 0 0 0 0 0 0 0 0 0 0 0 0 0 0 0 0 0 0 0 0
 1 1 8 5 5 2 1 1 1 1 5 5 5 9 5 5 0 0 0 0 0 0 0 0 0 0 0 0 0 0 0 0 0 0 2 0 0 0 0 0 0 0 0 0 0 0
 10 10 8 9 9 6 2 2 1 1 3 3 3 2 1 1 0 0 0 0 0 0 0 0 0 0 0 0 0 0 0 0 0 0 2 0 0 0 0 0 0 0 0 0 0 0
 10 10 8 9 9 6 2 2 1 1 3 3 3 2 1 1 0 0 0 0 0 0 0 0 0 0 0 0 0 0 0 0 0 0 2 0 0 0 0 0 0 0 0 0 0 0
 1 1 7 1 1 1 4 4 2 2 2 1 1 0 0 0 0 0 0 0 0 0 0 0 0 0 0 0 0 0 0 0 1 1 3 0 0 0 0 0 0 0 0 0 0 0
 1 1 7 1 1 1 4 4 2 2 2 1 1 0 0 0 0 0 0 0 0 0 0 0 0 0 0 0 0 0 0 0 1 1 3 0 0 0 0 0 0 0 0 0 0 0
 4 4 19 9 9 16 13 13 6 6 2 11 11 1 8 8 0 0 0 0 0 0 0 0 0 0 0 0 0 1 1 1 1 1 0 0 0 0 0 0 0 0 0 0 0 0
 11 11 23 18 18 8 11 11 8 8 3 11 11 0 0 0 0 0 0 0 0 0 0 0 0 0 0 1 1 3 4 4 1 1 0 0 0 0 0 0 0 0 0 0 0 0
 11 11 23 18 18 8 11 11 8 8 3 11 11 0 0 0 0 0 0 0 0 0 0 0 0 0 0 1 1 3 4 4 1 1 0 0 0 0 0 0 0 0 0 0 0 0
 11 11 34 23 23 24 8 8 7 7 3 5 5 4 0 0 0 0 0 0 0 0 0 0 0 0 1 5 5 3 3 3 1 1 0 0 0 0 0 0 0 0 0 0 0 0
 15 15 14 12 12 9 6 6 11 11 4 1 1 4 0 0 0 0 0 0 0 0 0 0 3 3 4 4 4 2 1 1 0 0 0 0 0 0 0 0 0 0 1 1 1 1
 15 15 14 12 12 9 6 6 11 11 4 1 1 4 0 0 0 0 0 0 0 0 0 0 3 3 4 4 4 2 1 1 0 0 0 0 0 0 0 0 0 0 1 1 1 1
 5 5 12 13 13 15 2 2 5 5 5 5 5 3 1 1 0 0 0 0 0 0 0 0 5 5 5 3 3 0 0 0 0 0 0 0 0 0 0 0 3 3 3 2 2 2
 5 5 12 13 13 15 2 2 5 5 5 5 5 3 1 1 0 0 0 0 0 0 0 0 5 5 5 3 3 0 0 0 0 0 0 0 0 0 0 0 3 3 3 2 2 2
 4 4 19 19 19 13 7 7 18 18 21 9 9 5 1 1 0 0 0 0 0 0 0 0 0 0 1 0 0 1 0 0 0 0 0 0 0 0 0 0 0 0 3 0 0 1
 6 6 23 61 61 28 12 12 26 26 14 6 6 7 1 1 0 0 0 0 0 0 0 0 0 0 0 0 0 0 0 0 0 0 0 0 0 0 0 0 0 0 1 1 1 1
 6 6 23 61 61 28 12 12 26 26 14 6 6 7 1 1 0 0 0 0 0 0 0 0 0 0 0 0 0 0 0 0 0 0 0 0 0 0 0 0 0 0 1 1 1 1
 16 16 69 84 84 37 21 21 24 24 13 12 12 4 1 1 1 1 1 2 2 1 0 0 0 0 0 0 0 0 0 0 0 0 0 0 0 0 0 0 0 0 0 0 0 0
 75 75 80 103 103 87 32 32 16 16 12 7 7 2 0 0 7 7 2 1 1 0 0 0 0 0 0 0 0 0 0 0 0 0 0 0 0 0 0 0 0 0 0 0 0 2
 75 75 80 103 103 87 32 32 16 16 12 7 7 2 0 0 7 7 2 1 1 0 0 0 0 0 0 0 0 0 0 0 0 0 0 0 0 0 0 0 0 0 0 0 0 2
 92 92 89 74 74 43 17 17 6 6 7 23 23 1 2 2 4 4 3 0 0 0 0 0 0 0 0 0 0 0 0 0 0 0 0 0 0 1 2 2 1 1 0 0 0 0
 92 92 89 74 74 43 17 17 6 6 7 23 23 1 2 2 4 4 3 0 0 0 0 0 0 0 0 0 0 0 0 0 0 0 0 0 0 1 2 2 1 1 0 0 0 0
 42 42 46 47 47 21 16 16 12 12 11 13 13 5 2 2 1 1 0 0 0 0 0 0 0 0 0 0 0 0 0 0 0 0 0 0 0 1 3 3 2 2 4 1 1 1
 19 19 43 22 22 21 16 16 10 10 11 4 4 1 3 3 2 2 0 0 0 0 4 4 2 2 6 2 2 0 0 0 2 2 1 0 0 2 4 4 2 2 12 8 8 0
 19 19 43 22 22 21 16 16 10 10 11 4 4 1 3 3 2 2 0 0 0 0 4 4 2 2 6 2 2 0 0 0 2 2 1 0 0 2 4 4 2 2 12 8 8 0
 28 28 34 18 18 20 11 11 10 10 17 8 8 2 1 1 17 17 6 0 0 0 5 5 11 11 9 3 3 0 3 3 6 6 2 2 2 0 0 0 2 2 12 0 0 0
 41 41 29 14 14 8 10 10 15 15 10 9 9 5 1 1 9 9 1 2 2 0 6 6 15 15 4 1 1 7 3 3 4 4 10 5 5 0 0 0 0 0 0 0 0 0
 41 41 29 14 14 8 10 10 15 15 10 9 9 5 1 1 9 9 1 2 2 0 6 6 15 15 4 1 1 7 3 3 4 4 10 5 5 0 0 0 0 0 0 0 0 0
 42 42 14 9 9 11 11 11 12 12 15 9 9 12 6 6 9 9 4 4 4 2 6 6 11 11 10 4 4 3 0 0 5 5 12 3 3 3 0 0 0 0 0 0 0 0
 42 42 14 9 9 11 11 11 12 12 15 9 9 12 6 6 9 9 4 4 4 2 6 6 11 11 10 4 4 3 0 0 5 5 12 3 3 3 0 0 0 0 0 0 0 0
 24 24 11 10 10 10 12 12 15 15 9 7 7 4 2 2 10 10 5 2 2 5 7 7 9 9 15 7 7 2 2 2 12 12 12 8 8 0 0 0 0 0 0 0 0 0
 10 10 11 14 14 15 10 10 16 16 7 7 7 3 2 2 4 4 3 3 3 5 4 4 14 14 13 14 14 3 2 2 12 12 4 1 1 0 0 0 0 0 0 0 0 1
 10 10 11 14 14 15 10 10 16 16 7 7 7 3 2 2 4 4 3 3 3 5 4 4 14 14 13 14 14 3 2 2 12 12 4 1 1 0 0 0 0 0 0 0 0 1
 10 10 13 20 20 19 11 11 8 8 5 10 10 2 2 2 7 7 4 1 1 1 4 4 10 10 13 10 10 2 3 3 2 2 1 1 1 1 0 0 1 1 0 0 0 0
 9 9 13 28 28 14 9 9 13 13 15 13 13 1 13 13 3 3 5 3 3 3 3 3 5 5 6 4 4 4 1 1 0 0 0 1 1 1 0 0 0 0 0 0 0 0
 9 9 13 28 28 14 9 9 13 13 15 13 13 1 13 13 3 3 5 3 3 3 3 3 5 5 6 4 4 4 1 1 0 0 0 1 1 1 0 0 0 0 0 0 0 0
 9 9 8 9 9 10 16 16 11 11 6 4 4 2 14 14 14 14 35 8 8 4 2 2 2 2 1 1 1 1 1 1 0 0 0 0 0 1 0 0 0 0 0 0 0 0
 9 9 8 9 9 10 16 16 11 11 6 4 4 2 14 14 14 14 35 8 8 4 2 2 2 2 1 1 1 1 1 1 0 0 0 0 0 1 0 0 0 0 0 0 0 0
 2 2 4 6 6 4 12 12 3 3 3 1 1 1 8 8 14 14 48 30 30 16 9 9 8 8 16 14 14 5 0 0 1 1 3 6 6 0 0 0 0 0 1 0 0 0
 1 1 1 2 2 2 3 3 1 1 1 4 4 6 5 5 71 71 91 113 113 49 14 14 13 13 9 20 20 5 6 6 2 2 1 0 0 1 2 2 0 0 0 0 0 0
 1 1 1 2 2 2 3 3 1 1 1 4 4 6 5 5 71 71 91 113 113 49 14 14 13 13 9 20 20 5 6 6 2 2 1 0 0 1 2 2 0 0 0 0 0 0
 1 1 1 1 1 2 1 1 1 1 1 4 4 6 3 3 32 32 126 119 119 51 21 21 24 24 11 23 23 6 10 10 6 6 5 0 0 1 1 1 0 0 0 0 0 0
 0 0 1 2 2 1 1 1 1 1 5 4 4 1 3 3 17 17 42 55 55 16 21 21 22 22 10 9 9 5 10 10 9 9 5 0 0 1 0 0 0 0 0 0 0 0
 0 0 1 2 2 1 1 1 1 1 5 4 4 1 3 3 17 17 42 55 55 16 21 21 22 22 10 9 9 5 10 10 9 9 5 0 0 1 0 0 0 0 0 0 0 0
 0 0 0 1 1 2 1 1 3 3 10 5 5 2 5 5 16 16 31 45 45 18 15 15 14 14 10 11 11 7 14 14 14 14 4 2 2 1 0 0 0 0 0 0 0 0
 0 0 0 1 1 2 1 1 3 3 10 5 5 2 5 5 16 16 31 45 45 18 15 15 14 14 10 11 11 7 14 14 14 14 4 2 2 1 0 0 0 0 0 0 0 0
 0 0 0 1 1 1 1 1 3 3 11 3 3 4 7 7 9 9 12 11 11 15 15 15 14 14 12 11 11 7 14 14 14 14 4 8 8 2 0 0 0 0 0 1 1 0
 0 0 0 0 0 1 2 2 3 3 4 2 2 6 10 10 10 10 10 9 9 8 7 7 11 11 9 5 5 9 9 9 9 9 10 8 8 1 1 1 1 1 1 4 4 7
 0 0 0 0 0 1 2 2 3 3 4 2 2 6 10 10 10 10 10 9 9 8 7 7 11 11 9 5 5 9 9 9 9 9 10 8 8 1 1 1 1 1 1 4 4 7
 1 1 0 0 0 1 2 2 3 3 3 2 2 6 11 11 12 12 11 9 9 7 7 7 7 7 5 3 3 8 13 13 5 5 1 3 3 1 2 2 2 2 5 12 12 14
 1 1 0 0 0 1 2 2 5 5 2 2 2 5 10 10 11 11 11 9 9 7 6 6 5 5 4 11 11 14 15 15 8 8 3 1 1 3 3 3 4 4 9 14 14 16
 1 1 0 0 0 1 2 2 5 5 2 2 2 5 10 10 11 11 11 9 9 7 6 6 5 5 4 11 11 14 15 15 8 8 3 1 1 3 3 3 4 4 9 14 14 16
 1 1 1 1 1 1 2 2 2 2 1 2 2 4 10 10 12 12 10 9 9 8 6 6 6 6 4 39 39 38 40 40 29 29 28 7 7 8 4 4 4 4 12 15 15 16
 1 1 1 1 1 1 2 2 2 2 1 2 2 4 10 10 12 12 10 9 9 8 6 6 6 6 4 39 39 38 40 40 29 29 28 7 7 8 4 4 4 4 12 15 15 16
 1 1 1 1 1 1 2 2 1 1 1 2 2 5 9 9 10 10 9 9 9 8 6 6 8 8 4 37 37 36 37 37 26 26 40 8 8 10 6 6 5 5 11 15 15 15
 1 1 1 1 1 2 2 2 1 1 1 1 1 3 5 5 8 8 8 8 8 7 6 6 5 5 5 10 10 8 28 28 40 40 39 6 6 8 7 7 8 8 17 20 20 21
 1 1 1 1 1 2 2 2 1 1 1 1 1 3 5 5 8 8 8 8 8 7 6 6 5 5 5 10 10 8 28 28 40 40 39 6 6 8 7 7 8 8 17 20 20 21
 1 1 1 1 1 1 1 1 1 1 1 1 1 2 3 3 4 4 6 7 7 7 6 6 5 5 6 4 4 2 3 3 7 7 12 3 3 2 3 3 7 7 19 20 20 11
 1 1 1 1 1 1 1 1 0 0 1 1 1 1 1 1 2 2 3 4 4 4 5 5 4 4 3 3 3 3 4 4 8 8 13 6 6 4 2 2 1 1 1 2 2 1
 1 1 1 1 1 1 1 1 0 0 1 1 1 1 1 1 2 2 3 4 4 4 5 5 4 4 3 3 3 3 4 4 8 8 13 6 6 4 2 2 1 1 1 2 2 1
 0 0 1 1 1 1 1 1 0 0 0 0 0 0 0 0 0 0 1 1 1 2 2 2 2 2 2 2 2 2 3 3 6 6 7 6 6 3 2 2 1 1 0 0 0 0
 0 0 1 1 1 1 1 1 0 0 0 0 0 0 0 0 0 0 1 1 1 2 2 2 2 2 2 2 2 2 3 3 6 6 7 6 6 3 2 2 1 1 0 0 0 0
 0 0 1 1 1 1 1 1 0 0 0 0 0 0 0 0 0 0 1 2 2 1 2 2 1 1 1 1 1 1 1 1 3 3 3 4 4 2 1 1 4 4 0 1 1 1
 0 0 0 1 1 1 1 1 0 0 1 0 0 0 0 0 1 1 2 4 4 4 3 3 0 0 0 1 1 1 1 1 1 1 1 0 0 0 0 0 0 0 0 0 0 0
 0 0 0 1 1 1 1 1 0 0 1 0 0 0 0 0 1 1 2 4 4 4 3 3 0 0 0 1 1 1 1 1 1 1 1 0 0 0 0 0 0 0 0 0 0 0
 1 1 0 0 0 1 0 0 1 1 1 1 1 1 2 2 0 0 1 1 1 2 2 2 0 0 0 1 1 1 0 0 1 1 0 1 1 1 0 0 1 1 0 1 1 0
 0 0 0 1 1 1 1 1 1 1 1 2 2 1 1 1 0 0 0 1 1 1 1 1 1 1 1 2 2 3 2 2 1 1 1 1 1 1 1 1 1 1 1 1 1 0
 0 0 0 1 1 1 1 1 1 1 1 2 2 1 1 1 0 0 0 1 1 1 1 1 1 1 1 2 2 3 2 2 1 1 1 1 1 1 1 1 1 1 1 1 1 0
 1 1 0 1 1 2 2 2 1 1 1 2 2 4 1 1 0 0 0 0 0 1 1 1 0 0 1 3 3 7 5 5 2 2 2 2 2 1 3 3 2 2 1 3 3 1
 1 1 0 1 1 2 2 2 1 1 1 2 2 4 1 1 0 0 0 0 0 1 1 1 0 0 1 3 3 7 5 5 2 2 2 2 2 1 3 3 2 2 1 3 3 1
 1 1 0 1 1 1 1 1 1 1 1 2 2 1 0 0 0 0 0 1 1 1 0 0 0 0 1 2 2 4 3 3 3 3 3 2 2 2 4 4 4 4 2 1 1 1
 1 1 1 0 0 0 1 1 1 1 0 0 0 0 0 0 0 0 2 0 0 0 0 0 0 0 1 1 1 2 1 1 2 2 1 1 1 2 4 4 3 3 2 1 1 1
 1 1 1 0 0 0 1 1 1 1 0 0 0 0 0 0 0 0 2 0 0 0 0 0 0 0 1 1 1 2 1 1 2 2 1 1 1 2 4 4 3 3 2 1 1 1
 1 1 0 0 0 0 0 0 18 18 2 0 0 0 2 2 0 0 1 0 0 0 0 0 0 0 0 0 0 0 0 0 0 0 1 1 1 2 2 2 2 2 2 1 1 3
 0 0 1 1 1 0 0 0 0 0 0 0 0 0 0 0 0 0 0 0 0 0 0 0 0 0 0 0 0 0 1 1 1 1 0 1 1 1 1 1 1 1 2 2 2 4
