assets/RAT_results_old/precipitation/2018-08-17_IMERG.asc
ncols        46
nrows        77
xllcorner    74.800261325624
yllcorner    8.058333333333
cellsize     0.062500000000
NODATA_value -9999
 3 3 4 4 4 2 3 3 2 2 2 5 5 1 0 0 0 0 0 0 0 1 0 0 0 0 0 0 0 0 0 0 0 0 0 0 0 0 0 0 0 0 0 0 0 0
 6 6 4 1 1 2 6 6 5 5 4 2 2 2 1 1 1 1 1 0 0 0 0 0 0 0 0 0 0 0 0 0 0 0 0 0 0 0 0 0 0 0 0 0 0 0
 6 6 4 1 1 2 6 6 5 5 4 2 2 2 1 1 1 1 1 0 0 0 0 0 0 0 0 0 0 0 0 0 0 0 0 0 0 0 0 0 0 0 0 0 0 0
 2 2 4 3 3 2 7 7 7 7 6 4 4 4 4 4 1 1 1 0 0 0 0 0 0 0 0 0 0 0 0 0 0 0 0 0 0 0 0 0 0 0 0 0 0 0
 9 9 3 3 3 3 3 3 4 4 4 4 4 5 5 5 2 2 0 0 0 0 0 0 0 0 0 0 0 0 0 0 0 0 0 0 0 0 0 0 0 0 0 0 0 0
 9 9 3 3 3 3 3 3 4 4 4 4 4 5 5 5 2 2 0 0 0 0 0 0 0 0 0 0 0 0 0 0 0 0 0 0 0 0 0 0 0 0 0 0 0 0
 5 5 5 6 6 6 7 7 7 7 3 3 3 2 2 2 2 2 0 0 0 0 0 0 0 0 1 0 0 0 0 0 0 0 0 0 0 0 0 0 0 0 0 0 0 0
 5 5 5 6 6 6 7 7 7 7 3 3 3 2 2 2 2 2 0 0 0 0 0 0 0 0 1 0 0 0 0 0 0 0 0 0 0 0 0 0 0 0 0 0 0 0
 5 5 5 6 6 7 9 9 9 9 2 2 2 3 3 3 1 1 1 0 0 0 0 0 0 0 1 0 0 0 0 0 0 0 0 0 0 0 0 0 0 0 0 0 0 0
 7 7 9 11 11 5 6 6 6 6 2 4 4 4 2 2 2 2 3 1 1 1 1 1 0 0 1 1 1 0 0 0 0 0 0 0 0 0 0 0 0 0 0 0 0 0
 7 7 9 11 11 5 6 6 6 6 2 4 4 4 2 2 2 2 3 1 1 1 1 1 0 0 1 1 1 0 0 0 0 0 0 0 0 0 0 0 0 0 0 0 0 0
 10 10 8 5 5 10 6 6 4 4 4 4 4 2 4 4 5 5 3 1 1 1 1 1 1 1 1 1 1 0 0 0 0 0 0 0 0 0 0 0 0 0 0 0 0 0
 10 10 11 5 5 10 8 8 4 4 2 2 2 4 4 4 8 8 5 3 3 1 1 1 1 1 1 1 1 0 0 0 0 0 0 0 0 0 0 0 0 0 0 0 0 0
 10 10 11 5 5 10 8 8 4 4 2 2 2 4 4 4 8 8 5 3 3 1 1 1 1 1 1 1 1 0 0 0 0 0 0 0 0 0 0 0 0 0 0 0 0 0
 11 11 13 7 7 13 11 11 8 8 4 3 3 2 6 6 8 8 8 3 3 2 2 2 2 2 1 1 1 0 0 0 0 0 0 0 0 1 1 1 0 0 0 0 0 0
 11 11 13 7 7 13 11 11 8 8 4 3 3 2 6 6 8 8 8 3 3 2 2 2 2 2 1 1 1 0 0 0 0 0 0 0 0 1 1 1 0 0 0 0 0 0
 16 16 11 9 9 13 8 8 12 12 8 3 3 3 5 5 8 8 6 6 6 5 2 2 1 1 1 0 0 0 0 0 0 0 0 0 0 1 2 2 1 1 1 0 0 0
 23 23 6 4 4 5 6 6 14 14 7 4 4 3 5 5 10 10 7 4 4 2 2 2 2 2 0 0 0 0 0 0 0 0 0 0 0 1 2 2 2 2 1 1 1 1
 23 23 6 4 4 5 6 6 14 14 7 4 4 3 5 5 10 10 7 4 4 2 2 2 2 2 0 0 0 0 0 0 0 0 0 0 0 1 2 2 2 2 1 1 1 1
 18 18 11 3 3 3 5 5 3 3 4 5 5 5 3 3 12 12 9 6 6 2 2 2 2 2 1 0 0 0 0 0 0 0 0 0 0 1 1 1 2 2 2 1 1 1
 12 12 19 6 6 1 2 2 2 2 7 6 6 4 7 7 11 11 10 6 6 0 1 1 2 2 3 1 1 1 0 0 1 1 1 1 1 1 1 1 1 1 2 1 1 1
 12 12 19 6 6 1 2 2 2 2 7 6 6 4 7 7 11 11 10 6 6 0 1 1 2 2 3 1 1 1 0 0 1 1 1 1 1 1 1 1 1 1 2 1 1 1
 10 10 10 9 9 5 3 3 9 9 10 6 6 7 3 3 9 9 8 3 3 1 2 2 2 2 3 3 3 1 1 1 1 1 1 1 1 1 1 1 0 0 1 1 1 1
 10 10 10 9 9 5 3 3 9 9 10 6 6 7 3 3 9 9 8 3 3 1 2 2 2 2 3 3 3 1 1 1 1 1 1 1 1 1 1 1 0 0 1 1 1 1
 8 8 7 8 8 3 2 2 7 7 15 7 7 7 6 6 6 6 7 1 1 1 2 2 2 2 4 3 3 2 1 1 1 1 1 1 1 1 2 2 0 0 1 0 0 1
 7 7 5 8 8 9 10 10 6 6 11 10 10 9 5 5 4 4 4 1 1 1 2 2 2 2 2 5 5 2 0 0 1 1 0 0 0 0 0 0 1 1 1 0 0 0
 7 7 5 8 8 9 10 10 6 6 11 10 10 9 5 5 4 4 4 1 1 1 2 2 2 2 2 5 5 2 0 0 1 1 0 0 0 0 0 0 1 1 1 0 0 0
 4 4 3 4 4 6 5 5 5 5 7 6 6 5 3 3 4 4 4 1 1 1 1 1 2 2 1 3 3 2 1 1 1 1 0 0 0 0 0 0 1 1 1 0 0 0
 2 2 3 3 3 6 8 8 6 6 7 7 7 4 3 3 3 3 3 2 2 1 3 3 2 2 1 0 0 1 1 1 1 1 1 1 1 1 1 1 1 1 1 1 1 0
 2 2 3 3 3 6 8 8 6 6 7 7 7 4 3 3 3 3 3 2 2 1 3 3 2 2 1 0 0 1 1 1 1 1 1 1 1 1 1 1 1 1 1 1 1 0
 1 1 1 2 2 6 6 6 13 13 6 4 4 3 2 2 3 3 3 2 2 1 2 2 1 1 2 1 1 1 1 1 1 1 2 1 1 1 2 2 2 2 1 1 1 0
 1 1 1 2 2 6 6 6 13 13 6 4 4 3 2 2 3 3 3 2 2 1 2 2 1 1 2 1 1 1 1 1 1 1 2 1 1 1 2 2 2 2 1 1 1 0
 1 1 0 2 2 7 5 5 13 13 10 4 4 3 2 2 4 4 6 4 4 2 1 1 2 2 3 3 3 1 1 1 2 2 3 5 5 1 2 2 2 2 1 2 2 1
 1 1 0 2 2 3 6 6 9 9 13 2 2 3 2 2 4 4 7 9 9 6 4 4 2 2 3 3 3 2 1 1 1 1 3 4 4 2 2 2 3 3 5 4 4 1
 1 1 0 2 2 3 6 6 9 9 13 2 2 3 2 2 4 4 7 9 9 6 4 4 2 2 3 3 3 2 1 1 1 1 3 4 4 2 2 2 3 3 5 4 4 1
 0 0 0 2 2 2 5 5 7 7 9 2 2 2 2 2 5 5 8 10 10 10 9 9 4 4 4 3 3 3 1 1 2 2 4 4 4 4 2 2 3 3 4 2 2 0
 0 0 0 2 2 3 3 3 6 6 9 4 4 2 4 4 8 8 8 13 13 12 14 14 9 9 6 8 8 5 6 6 5 5 5 7 7 5 2 2 2 2 3 1 1 0
 0 0 0 2 2 3 3 3 6 6 9 4 4 2 4 4 8 8 8 13 13 12 14 14 9 9 6 8 8 5 6 6 5 5 5 7 7 5 2 2 2 2 3 1 1 0
 0 0 0 0 0 3 3 3 4 4 7 7 7 1 3 3 4 4 4 12 12 12 12 12 10 10 9 8 8 10 14 14 10 10 10 8 8 6 4 4 2 2 1 1 1 2
 0 0 0 0 0 3 3 3 4 4 7 7 7 1 3 3 4 4 4 12 12 12 12 12 10 10 9 8 8 10 14 14 10 10 10 8 8 6 4 4 2 2 1 1 1 2
 1 1 1 2 2 2 6 6 4 4 6 5 5 2 3 3 3 3 3 8 8 9 12 12 15 15 17 10 10 10 15 15 20 20 15 11 11 10 6 6 2 2 3 1 1 2
 3 3 3 2 2 2 6 6 3 3 2 3 3 6 5 5 4 4 3 3 3 5 5 5 11 11 17 15 15 13 18 18 22 22 22 14 14 16 9 9 4 4 4 3 3 2
 3 3 3 2 2 2 6 6 3 3 2 3 3 6 5 5 4 4 3 3 3 5 5 5 11 11 17 15 15 13 18 18 22 22 22 14 14 16 9 9 4 4 4 3 3 2
 6 6 7 15 15 4 8 8 3 3 3 3 3 5 4 4 5 5 3 3 3 7 7 7 9 9 11 11 11 8 12 12 28 28 19 17 17 14 10 10 4 4 4 5 5 2
 16 16 16 10 10 7 8 8 4 4 4 4 4 7 9 9 3 3 5 4 4 5 12 12 8 8 5 6 6 8 19 19 26 26 28 18 18 15 12 12 4 4 4 5 5 6
 16 16 16 10 10 7 8 8 4 4 4 4 4 7 9 9 3 3 5 4 4 5 12 12 8 8 5 6 6 8 19 19 26 26 28 18 18 15 12 12 4 4 4 5 5 6
 19 19 14 17 17 11 8 8 5 5 5 5 5 7 6 6 1 1 4 5 5 6 7 7 8 8 8 6 6 13 17 17 19 19 17 13 13 9 8 8 4 4 6 5 5 6
 19 19 14 17 17 11 8 8 5 5 5 5 5 7 6 6 1 1 4 5 5 6 7 7 8 8 8 6 6 13 17 17 19 19 17 13 13 9 8 8 4 4 6 5 5 6
 17 17 19 10 10 10 12 12 10 10 7 15 15 7 5 5 1 1 3 5 5 7 8 8 15 15 16 9 9 10 12 12 14 14 14 7 7 4 3 3 4 4 4 6 6 8
 15 15 17 19 19 13 18 18 16 16 15 17 17 31 17 17 2 2 3 4 4 9 8 8 10 10 15 16 16 15 12 12 15 15 14 13 13 10 6 6 7 7 5 6 6 3
 15 15 17 19 19 13 18 18 16 16 15 17 17 31 17 17 2 2 3 4 4 9 8 8 10 10 15 16 16 15 12 12 15 15 14 13 13 10 6 6 7 7 5 6 6 3
 18 18 23 26 26 27 37 37 38 38 38 35 35 32 22 22 17 17 12 9 9 12 14 14 17 17 13 15 15 18 14 14 22 22 19 21 21 12 10 10 7 7 7 4 4 4
 31 31 37 39 39 40 50 50 47 47 51 44 44 45 46 46 32 32 30 22 22 22 27 27 26 26 19 14 14 18 20 20 26 26 26 23 23 22 15 15 13 13 8 4 4 3
 31 31 37 39 39 40 50 50 47 47 51 44 44 45 46 46 32 32 30 22 22 22 27 27 26 26 19 14 14 18 20 20 26 26 26 23 23 22 15 15 13 13 8 4 4 3
 39 39 42 44 44 46 58 58 54 54 65 66 66 68 69 69 54 54 36 38 38 28 30 30 31 31 25 22 22 17 20 20 21 21 14 18 18 20 11 11 12 12 8 4 4 3
 39 39 42 44 44 46 58 58 54 54 65 66 66 68 69 69 54 54 36 38 38 28 30 30 31 31 25 22 22 17 20 20 21 21 14 18 18 20 11 11 12 12 8 4 4 3
 51 51 55 58 58 66 78 78 73 73 71 72 72 77 71 71 66 66 57 36 36 29 25 25 40 40 32 27 27 24 20 20 17 17 13 16 16 14 16 16 16 16 7 3 3 2
 60 60 62 61 61 68 84 84 85 85 88 78 78 71 68 68 73 73 69 54 54 47 26 26 26 26 37 35 35 34 30 30 22 22 16 8 8 12 9 9 11 11 4 4 4 1
 60 60 62 61 61 68 84 84 85 85 88 78 78 71 68 68 73 73 69 54 54 47 26 26 26 26 37 35 35 34 30 30 22 22 16 8 8 12 9 9 11 11 4 4 4 1
 57 57 62 59 59 67 85 85 102 102 105 90 90 87 69 69 66 66 44 60 60 47 32 32 24 24 33 30 30 33 30 30 28 28 23 15 15 11 7 7 10 10 4 1 1 0
 52 52 54 52 52 64 82 82 85 85 97 84 84 79 67 67 61 61 49 39 39 31 31 31 24 24 27 32 32 31 33 33 27 27 20 14 14 10 5 5 4 4 4 1 1 0
 52 52 54 52 52 64 82 82 85 85 97 84 84 79 67 67 61 61 49 39 39 31 31 31 24 24 27 32 32 31 33 33 27 27 20 14 14 10 5 5 4 4 4 1 1 0
 48 48 52 54 54 62 77 77 81 81 93 95 95 81 73 73 56 56 45 38 38 30 22 22 26 26 34 34 34 31 30 30 17 17 9 10 10 8 5 5 5 5 5 1 1 0
 48 48 52 54 54 62 77 77 81 81 93 95 95 81 73 73 56 56 45 38 38 30 22 22 26 26 34 34 34 31 30 30 17 17 9 10 10 8 5 5 5 5 5 1 1 0
 54 54 53 61 61 61 72 72 74 74 79 87 87 78 68 68 57 57 46 37 37 31 21 21 27 27 25 30 30 31 28 28 19 19 5 6 6 7 4 4 4 4 5 2 2 0
 45 45 55 57 57 73 71 71 78 78 81 90 90 91 70 70 69 69 61 50 50 41 32 32 20 20 20 21 21 29 23 23 15 15 9 6 6 2 5 5 5 5 5 1 1 0
 45 45 55 57 57 73 71 71 78 78 81 90 90 91 70 70 69 69 61 50 50 41 32 32 20 20 20 21 21 29 23 23 15 15 9 6 6 2 5 5 5 5 5 1 1 0
 43 43 56 67 67 86 93 93 79 79 79 86 86 74 70 70 67 67 64 51 51 51 38 38 30 30 25 23 23 28 28 28 22 22 16 6 6 2 8 8 4 4 5 1 1 0
 40 40 62 89 89 101 98 98 79 79 74 83 83 69 72 72 64 64 66 62 62 65 54 54 32 32 29 27 27 22 26 26 17 17 17 10 10 6 6 6 7 7 6 6 6 2
 40 40 62 89 89 101 98 98 79 79 74 83 83 69 72 72 64 64 66 62 62 65 54 54 32 32 29 27 27 22 26 26 17 17 17 10 10 6 6 6 7 7 6 6 6 2
 40 40 59 90 90 91 76 76 65 65 71 62 62 56 64 64 69 69 74 85 85 60 53 53 36 36 26 26 26 19 19 19 18 18 25 17 17 12 6 6 5 5 4 4 4 6
 40 40 59 90 90 91 76 76 65 65 71 62 62 56 64 64 69 69 74 85 85 60 53 53 36 36 26 26 26 19 19 19 18 18 25 17 17 12 6 6 5 5 4 4 4 6
 42 42 63 88 88 69 62 62 56 56 65 52 52 62 48 48 71 71 70 82 82 58 58 58 33 33 30 16 16 16 10 10 10 10 19 16 16 13 6 6 5 5 4 5 5 3
 42 42 65 82 82 63 50 50 51 51 54 50 50 51 46 46 64 64 65 68 68 69 62 62 33 33 28 24 24 15 11 11 9 9 11 15 15 18 8 8 7 7 6 7 7 7
 42 42 65 82 82 63 50 50 51 51 54 50 50 51 46 46 64 64 65 68 68 69 62 62 33 33 28 24 24 15 11 11 9 9 11 15 15 18 8 8 7 7 6 7 7 7
 31 31 46 46 46 43 41 41 52 52 44 46 46 48 51 51 56 56 64 72 72 71 37 37 31 31 25 23 23 17 10 10 7 7 4 6 6 5 8 8 8 8 6 6 6 4
 27 27 33 32 32 37 35 35 43 43 37 42 42 41 48 48 56 56 65 63 63 36 36 36 33 33 31 24 24 23 10 10 7 7 5 5 5 3 3 3 3 3 6 3 3 3
