assets/RAT_results_old/precipitation/2018-05-21_IMERG.asc
ncols        46
nrows        77
xllcorner    74.800261325624
yllcorner    8.058333333333
cellsize     0.062500000000
NODATA_value -9999
 1 1 6 1 1 0 1 1 3 3 3 6 6 3 3 3 3 3 3 8 8 8 8 8 13 13 9 6 6 5 4 4 5 5 7 4 4 5 11 11 10 10 22 22 22 20
 1 1 7 0 0 1 0 0 6 6 8 10 10 20 24 24 16 16 9 13 13 11 12 12 14 14 8 9 9 4 3 3 2 2 4 11 11 14 14 14 14 14 18 20 20 12
 1 1 7 0 0 1 0 0 6 6 8 10 10 20 24 24 16 16 9 13 13 11 12 12 14 14 8 9 9 4 3 3 2 2 4 11 11 14 14 14 14 14 18 20 20 12
 2 2 11 1 1 0 0 0 3 3 9 16 16 23 20 20 25 25 12 8 8 7 10 10 12 12 8 8 8 4 4 4 4 4 7 10 10 12 7 7 8 8 15 15 15 10
 0 0 1 0 0 0 0 0 0 0 6 10 10 18 27 27 25 25 15 6 6 3 8 8 9 9 9 6 6 9 11 11 15 15 20 20 20 18 8 8 5 5 15 1 1 1
 0 0 1 0 0 0 0 0 0 0 6 10 10 18 27 27 25 25 15 6 6 3 8 8 9 9 9 6 6 9 11 11 15 15 20 20 20 18 8 8 5 5 15 1 1 1
 0 0 0 2 2 1 0 0 1 1 6 6 6 19 13 13 15 15 12 3 3 2 3 3 7 7 7 8 8 10 11 11 21 21 28 28 28 18 13 13 1 1 1 0 0 0
 0 0 0 2 2 1 0 0 1 1 6 6 6 19 13 13 15 15 12 3 3 2 3 3 7 7 7 8 8 10 11 11 21 21 28 28 28 18 13 13 1 1 1 0 0 0
 1 1 0 0 0 0 0 0 0 0 0 0 0 6 5 5 6 6 2 2 2 4 5 5 8 8 4 7 7 21 24 24 24 24 24 25 25 18 13 13 20 20 3 0 0 1
 1 1 1 0 0 4 0 0 0 0 0 0 0 0 2 2 0 0 0 2 2 4 5 5 7 7 8 6 6 4 7 7 7 7 7 13 13 14 21 21 19 19 3 4 4 1
 1 1 1 0 0 4 0 0 0 0 0 0 0 0 2 2 0 0 0 2 2 4 5 5 7 7 8 6 6 4 7 7 7 7 7 13 13 14 21 21 19 19 3 4 4 1
 0 0 1 0 0 0 0 0 1 1 3 1 1 0 1 1 2 2 2 5 5 3 4 4 4 4 7 14 14 8 5 5 4 4 4 3 3 4 8 8 10 10 10 4 4 2
 0 0 0 0 0 0 0 0 0 0 1 1 1 1 0 0 1 1 2 6 6 1 1 1 11 11 16 12 12 7 5 5 7 7 7 7 7 9 14 14 8 8 8 2 2 6
 0 0 0 0 0 0 0 0 0 0 1 1 1 1 0 0 1 1 2 6 6 1 1 1 11 11 16 12 12 7 5 5 7 7 7 7 7 9 14 14 8 8 8 2 2 6
 0 0 0 0 0 0 0 0 1 1 1 0 0 0 0 0 1 1 0 0 0 1 1 1 14 14 16 18 18 13 14 14 8 8 8 13 13 29 18 18 18 18 15 8 8 8
 0 0 0 0 0 0 0 0 1 1 1 0 0 0 0 0 1 1 0 0 0 1 1 1 14 14 16 18 18 13 14 14 8 8 8 13 13 29 18 18 18 18 15 8 8 8
 0 0 0 0 0 0 0 0 1 1 1 0 0 0 0 0 0 0 0 0 0 0 1 1 11 11 16 18 18 13 5 5 7 7 10 11 11 24 19 19 19 19 24 12 12 21
 0 0 0 0 0 1 0 0 0 0 0 0 0 0 0 0 0 0 1 21 21 59 6 6 7 7 4 5 5 6 6 6 13 13 5 37 37 65 63 63 63 63 25 12 12 26
 0 0 0 0 0 1 0 0 0 0 0 0 0 0 0 0 0 0 1 21 21 59 6 6 7 7 4 5 5 6 6 6 13 13 5 37 37 65 63 63 63 63 25 12 12 26
 0 0 0 0 0 0 0 0 0 0 0 1 1 1 0 0 0 0 0 2 2 11 1 1 6 6 5 4 4 4 5 5 6 6 6 37 37 67 21 21 60 60 37 53 53 37
 0 0 0 0 0 0 0 0 0 0 0 0 0 1 1 1 1 1 0 1 1 2 1 1 3 3 4 5 5 5 5 5 5 5 7 21 21 23 25 25 62 62 37 56 56 46
 0 0 0 0 0 0 0 0 0 0 0 0 0 1 1 1 1 1 0 1 1 2 1 1 3 3 4 5 5 5 5 5 5 5 7 21 21 23 25 25 62 62 37 56 56 46
 0 0 0 0 0 0 0 0 0 0 0 0 0 0 1 1 1 1 0 1 1 1 3 3 3 3 4 5 5 6 7 7 6 6 8 22 22 9 18 18 40 40 39 38 38 47
 0 0 0 0 0 0 0 0 0 0 0 0 0 0 1 1 1 1 0 1 1 1 3 3 3 3 4 5 5 6 7 7 6 6 8 22 22 9 18 18 40 40 39 38 38 47
 0 0 0 0 0 0 0 0 0 0 0 0 0 0 1 1 1 1 0 0 0 0 2 2 3 3 4 5 5 7 8 8 6 6 10 12 12 10 18 18 40 40 65 37 37 11
 0 0 0 0 0 0 0 0 0 0 0 0 0 0 0 0 1 1 0 1 1 1 2 2 4 4 4 5 5 6 6 6 6 6 9 10 10 12 54 54 60 60 62 38 38 24
 0 0 0 0 0 0 0 0 0 0 0 0 0 0 0 0 1 1 0 1 1 1 2 2 4 4 4 5 5 6 6 6 6 6 9 10 10 12 54 54 60 60 62 38 38 24
 0 0 0 0 0 0 0 0 0 0 0 0 0 0 0 0 1 1 1 1 1 3 4 4 5 5 4 4 4 4 4 4 5 5 8 8 8 11 43 43 47 47 40 30 30 24
 0 0 0 0 0 0 0 0 0 0 0 0 0 0 0 0 2 2 3 3 3 9 10 10 8 8 4 4 4 3 4 4 4 4 5 6 6 12 44 44 46 46 37 14 14 26
 0 0 0 0 0 0 0 0 0 0 0 0 0 0 0 0 2 2 3 3 3 9 10 10 8 8 4 4 4 3 4 4 4 4 5 6 6 12 44 44 46 46 37 14 14 26
 0 0 0 0 0 0 0 0 0 0 0 0 0 0 3 3 2 2 4 4 4 14 10 10 11 11 4 3 3 3 3 3 4 4 4 4 4 7 18 18 21 21 15 10 10 25
 0 0 0 0 0 0 0 0 0 0 0 0 0 0 3 3 2 2 4 4 4 14 10 10 11 11 4 3 3 3 3 3 4 4 4 4 4 7 18 18 21 21 15 10 10 25
 0 0 0 0 0 0 0 0 0 0 0 2 2 4 6 6 5 5 5 4 4 8 8 8 10 10 7 5 5 4 3 3 3 3 3 3 3 5 13 13 15 15 9 6 6 12
 0 0 0 0 0 0 0 0 0 0 4 7 7 14 13 13 15 15 4 4 4 4 8 8 14 14 7 5 5 5 5 5 3 3 3 4 4 3 8 8 7 7 5 7 7 6
 0 0 0 0 0 0 0 0 0 0 4 7 7 14 13 13 15 15 4 4 4 4 8 8 14 14 7 5 5 5 5 5 3 3 3 4 4 3 8 8 7 7 5 7 7 6
 0 0 0 0 0 0 0 0 0 0 3 15 15 28 38 38 22 22 13 21 21 10 8 8 7 7 6 5 5 6 5 5 4 4 3 4 4 2 3 3 3 3 2 5 5 3
 0 0 0 0 0 1 0 0 0 0 1 12 12 50 65 65 26 26 23 14 14 12 10 10 5 5 10 8 8 6 5 5 3 3 3 2 2 1 2 2 2 2 1 1 1 2
 0 0 0 0 0 1 0 0 0 0 1 12 12 50 65 65 26 26 23 14 14 12 10 10 5 5 10 8 8 6 5 5 3 3 3 2 2 1 2 2 2 2 1 1 1 2
 0 0 0 0 0 0 0 0 0 0 0 3 3 30 83 83 29 29 30 19 19 9 8 8 7 7 16 10 10 8 6 6 6 6 1 1 1 1 1 1 1 1 1 1 1 1
 0 0 0 0 0 0 0 0 0 0 0 3 3 30 83 83 29 29 30 19 19 9 8 8 7 7 16 10 10 8 6 6 6 6 1 1 1 1 1 1 1 1 1 1 1 1
 0 0 0 0 0 0 0 0 0 0 0 1 1 19 47 47 31 31 30 25 25 13 10 10 6 6 5 5 5 5 5 5 10 10 1 1 1 1 1 1 1 1 1 1 1 0
 0 0 0 0 0 0 0 0 0 0 1 1 1 8 25 25 33 33 29 26 26 14 13 13 2 2 1 1 1 1 3 3 6 6 0 0 0 1 1 1 0 0 0 0 0 0
 0 0 0 0 0 0 0 0 0 0 1 1 1 8 25 25 33 33 29 26 26 14 13 13 2 2 1 1 1 1 3 3 6 6 0 0 0 1 1 1 0 0 0 0 0 0
 0 0 0 1 1 0 0 0 1 1 1 1 1 3 13 13 25 25 25 17 17 14 14 14 2 2 1 1 1 0 1 1 0 0 0 0 0 0 0 0 0 0 0 0 0 0
 0 0 0 0 0 1 1 1 1 1 4 1 1 2 7 7 11 11 13 26 26 15 15 15 8 8 5 4 4 0 2 2 2 2 0 0 0 0 0 0 0 0 0 0 0 0
 0 0 0 0 0 1 1 1 1 1 4 1 1 2 7 7 11 11 13 26 26 15 15 15 8 8 5 4 4 0 2 2 2 2 0 0 0 0 0 0 0 0 0 0 0 0
 0 0 0 0 0 1 1 1 4 4 4 5 5 6 6 6 2 2 6 18 18 26 55 55 14 14 6 3 3 0 2 2 1 1 0 0 0 0 0 0 0 0 0 0 0 0
 0 0 0 0 0 1 1 1 4 4 4 5 5 6 6 6 2 2 6 18 18 26 55 55 14 14 6 3 3 0 2 2 1 1 0 0 0 0 0 0 0 0 0 0 0 0
 0 0 0 1 1 1 1 1 11 11 9 13 13 10 11 11 9 9 10 20 20 29 50 50 18 18 13 5 5 0 0 0 1 1 1 0 0 0 0 0 0 0 0 0 0 0
 0 0 0 1 1 2 5 5 6 6 7 14 14 12 10 10 7 7 8 29 29 52 79 79 35 35 21 7 7 9 0 0 1 1 1 0 0 0 0 0 0 0 0 0 0 0
 0 0 0 1 1 2 5 5 6 6 7 14 14 12 10 10 7 7 8 29 29 52 79 79 35 35 21 7 7 9 0 0 1 1 1 0 0 0 0 0 0 0 0 0 0 0
 0 0 0 2 2 2 4 4 3 3 4 4 4 8 8 8 7 7 11 34 34 84 85 85 52 52 35 13 13 3 1 1 1 1 1 0 0 0 0 0 0 0 0 0 0 0
 1 1 1 0 0 0 3 3 3 3 11 5 5 12 5 5 6 6 11 27 27 63 68 68 32 32 51 21 21 4 1 1 1 1 1 0 0 0 0 0 0 0 0 0 0 0
 1 1 1 0 0 0 3 3 3 3 11 5 5 12 5 5 6 6 11 27 27 63 68 68 32 32 51 21 21 4 1 1 1 1 1 0 0 0 0 0 0 0 0 0 0 0
 1 1 1 0 0 1 1 1 2 2 3 4 4 6 5 5 12 12 16 13 13 41 47 47 39 39 55 25 25 9 6 6 1 1 1 0 0 0 0 0 0 0 0 0 0 0
 1 1 1 0 0 1 1 1 2 2 3 4 4 6 5 5 12 12 16 13 13 41 47 47 39 39 55 25 25 9 6 6 1 1 1 0 0 0 0 0 0 0 0 0 0 0
 2 2 1 1 1 0 0 0 0 0 1 1 1 11 5 5 24 24 31 32 32 35 58 58 61 61 67 26 26 11 5 5 2 2 0 0 0 0 0 0 0 0 0 0 0 0
 3 3 1 0 0 1 1 1 1 1 0 0 0 1 4 4 10 10 25 26 26 37 43 43 25 25 66 23 23 6 0 0 1 1 1 0 0 0 0 0 0 0 0 0 0 0
 3 3 1 0 0 1 1 1 1 1 0 0 0 1 4 4 10 10 25 26 26 37 43 43 25 25 66 23 23 6 0 0 1 1 1 0 0 0 0 0 0 0 0 0 0 0
 1 1 2 2 2 1 2 2 1 1 1 0 0 1 3 3 8 8 12 12 12 58 16 16 15 15 24 10 10 5 1 1 0 0 1 1 1 0 0 0 0 0 0 0 0 0
 2 2 2 2 2 3 3 3 3 3 3 2 2 1 2 2 3 3 18 13 13 25 13 13 21 21 7 11 11 4 1 1 0 0 1 1 1 0 0 0 0 0 0 0 0 1
 2 2 2 2 2 3 3 3 3 3 3 2 2 1 2 2 3 3 18 13 13 25 13 13 21 21 7 11 11 4 1 1 0 0 1 1 1 0 0 0 0 0 0 0 0 1
 5 5 4 4 4 8 8 8 8 8 3 3 3 0 1 1 3 3 2 4 4 15 11 11 17 17 3 6 6 4 1 1 0 0 5 3 3 0 0 0 0 0 0 0 0 1
 5 5 4 4 4 8 8 8 8 8 3 3 3 0 1 1 3 3 2 4 4 15 11 11 17 17 3 6 6 4 1 1 0 0 5 3 3 0 0 0 0 0 0 0 0 1
 6 6 8 12 12 19 8 8 12 12 7 5 5 4 2 2 1 1 1 3 3 9 30 30 7 7 4 2 2 7 1 1 1 1 1 0 0 0 0 0 0 0 0 0 0 1
 9 9 8 7 7 7 13 13 13 13 36 6 6 7 2 2 3 3 1 10 10 2 11 11 3 3 4 1 1 4 0 0 1 1 7 0 0 0 0 0 0 0 0 0 0 0
 9 9 8 7 7 7 13 13 13 13 36 6 6 7 2 2 3 3 1 10 10 2 11 11 3 3 4 1 1 4 0 0 1 1 7 0 0 0 0 0 0 0 0 0 0 0
 13 13 12 7 7 7 12 12 13 13 10 25 25 7 6 6 26 26 2 4 4 1 3 3 0 0 4 1 1 1 1 1 1 1 1 1 1 0 0 0 0 0 0 0 0 0
 10 10 9 6 6 4 8 8 12 12 22 35 35 14 5 5 14 14 5 3 3 3 2 2 3 3 0 0 0 0 1 1 1 1 1 1 1 1 1 1 1 1 2 1 1 0
 10 10 9 6 6 4 8 8 12 12 22 35 35 14 5 5 14 14 5 3 3 3 2 2 3 3 0 0 0 0 1 1 1 1 1 1 1 1 1 1 1 1 2 1 1 0
 9 9 8 6 6 4 4 4 4 4 9 17 17 10 7 7 10 10 2 0 0 3 0 0 1 1 1 1 1 2 5 5 7 7 2 4 4 2 1 1 2 2 2 0 0 0
 9 9 8 6 6 4 4 4 4 4 9 17 17 10 7 7 10 10 2 0 0 3 0 0 1 1 1 1 1 2 5 5 7 7 2 4 4 2 1 1 2 2 2 0 0 0
 5 5 5 4 4 3 2 2 2 2 2 11 11 4 4 4 3 3 2 2 2 1 0 0 0 0 1 1 1 1 6 6 7 7 4 2 2 3 8 8 1 1 1 0 0 0
 4 4 2 2 2 2 2 2 1 1 4 4 4 1 2 2 4 4 3 7 7 1 1 1 2 2 3 4 4 13 6 6 5 5 8 5 5 6 4 4 4 4 1 0 0 1
 4 4 2 2 2 2 2 2 1 1 4 4 4 1 2 2 4 4 3 7 7 1 1 1 2 2 3 4 4 13 6 6 5 5 8 5 5 6 4 4 4 4 1 0 0 1
 17 17 2 2 2 2 1 1 1 1 3 5 5 1 15 15 5 5 1 2 2 3 3 3 5 5 5 5 5 7 8 8 9 9 11 9 9 8 17 17 13 13 7 3 3 1
 10 10 14 12 12 5 7 7 1 1 1 1 1 3 10 10 6 6 2 2 2 2 4 4 6 6 7 6 6 8 9 9 14 14 18 10 10 14 18 18 23 23 9 4 4 3
