assets/RAT_results_old/precipitation/2018-06-27_IMERG.asc
ncols        46
nrows        77
xllcorner    74.800261325624
yllcorner    8.058333333333
cellsize     0.062500000000
NODATA_value -9999
 24 24 34 46 46 46 89 89 73 73 51 44 44 40 26 26 20 20 17 14 14 12 8 8 6 6 2 1 1 0 1 1 0 0 0 1 1 1 0 0 0 0 0 0 0 0
 20 20 34 39 39 44 49 49 50 50 66 47 47 40 30 30 26 26 19 12 12 11 6 6 5 5 1 1 1 1 1 1 2 2 3 0 0 1 0 0 0 0 0 0 0 0
 20 20 34 39 39 44 49 49 50 50 66 47 47 40 30 30 26 26 19 12 12 11 6 6 5 5 1 1 1 1 1 1 2 2 3 0 0 1 0 0 0 0 0 0 0 0
 9 9 28 39 39 38 40 40 53 53 67 42 42 33 27 27 28 28 18 21 21 7 5 5 2 2 1 1 1 1 0 0 0 0 1 0 0 0 1 1 0 0 0 1 1 1
 3 3 12 34 34 63 37 37 39 39 61 43 43 40 31 31 24 24 16 6 6 7 2 2 1 1 1 1 1 0 0 0 0 0 0 2 2 2 2 2 1 1 9 1 1 1
 3 3 12 34 34 63 37 37 39 39 61 43 43 40 31 31 24 24 16 6 6 7 2 2 1 1 1 1 1 0 0 0 0 0 0 2 2 2 2 2 1 1 9 1 1 1
 3 3 6 22 22 32 37 37 47 47 43 33 33 32 24 24 24 24 10 5 5 3 1 1 1 1 1 1 1 1 1 1 1 1 0 2 2 3 2 2 2 2 2 5 5 4
 3 3 6 22 22 32 37 37 47 47 43 33 33 32 24 24 24 24 10 5 5 3 1 1 1 1 1 1 1 1 1 1 1 1 0 2 2 3 2 2 2 2 2 5 5 4
 6 6 3 12 12 35 33 33 34 34 45 51 51 32 31 31 24 24 21 9 9 4 2 2 3 3 2 1 1 0 2 2 2 2 1 2 2 3 2 2 2 2 4 4 4 8
 6 6 13 17 17 30 35 35 36 36 33 42 42 48 30 30 34 34 21 15 15 6 4 4 1 1 2 1 1 0 0 0 0 0 0 0 0 1 1 1 0 0 1 1 1 4
 6 6 13 17 17 30 35 35 36 36 33 42 42 48 30 30 34 34 21 15 15 6 4 4 1 1 2 1 1 0 0 0 0 0 0 0 0 1 1 1 0 0 1 1 1 4
 10 10 14 17 17 30 34 34 29 29 34 41 41 32 26 26 30 30 29 27 27 16 8 8 3 3 1 0 0 0 0 0 0 0 0 0 0 0 0 0 0 0 1 0 0 3
 9 9 13 26 26 31 28 28 38 38 32 24 24 43 32 32 29 29 35 22 22 23 10 10 5 5 2 1 1 0 0 0 1 1 0 0 0 1 0 0 1 1 1 1 1 1
 9 9 13 26 26 31 28 28 38 38 32 24 24 43 32 32 29 29 35 22 22 23 10 10 5 5 2 1 1 0 0 0 1 1 0 0 0 1 0 0 1 1 1 1 1 1
 12 12 17 18 18 25 31 31 46 46 26 29 29 49 42 42 43 43 39 23 23 22 12 12 10 10 2 1 1 1 1 1 1 1 1 1 1 2 0 0 1 1 1 1 1 1
 12 12 17 18 18 25 31 31 46 46 26 29 29 49 42 42 43 43 39 23 23 22 12 12 10 10 2 1 1 1 1 1 1 1 1 1 1 2 0 0 1 1 1 1 1 1
 16 16 23 30 30 26 25 25 39 39 38 35 35 52 43 43 55 55 57 35 35 26 11 11 9 9 4 2 2 1 1 1 1 1 1 0 0 1 1 1 1 1 1 1 1 1
 15 15 20 23 23 22 30 30 34 34 44 44 44 52 43 43 58 58 58 43 43 38 11 11 9 9 4 2 2 0 0 0 0 0 0 0 0 1 1 1 1 1 1 0 0 0
 15 15 20 23 23 22 30 30 34 34 44 44 44 52 43 43 58 58 58 43 43 38 11 11 9 9 4 2 2 0 0 0 0 0 0 0 0 1 1 1 1 1 1 0 0 0
 5 5 13 19 19 26 23 23 22 22 29 46 46 45 43 43 66 66 47 44 44 34 16 16 10 10 4 1 1 0 0 0 0 0 0 0 0 0 0 0 1 1 1 1 1 1
 1 1 5 10 10 16 17 17 17 17 36 42 42 38 53 53 59 59 36 46 46 28 17 17 6 6 8 3 3 2 2 2 1 1 1 0 0 1 1 1 1 1 1 1 1 1
 1 1 5 10 10 16 17 17 17 17 36 42 42 38 53 53 59 59 36 46 46 28 17 17 6 6 8 3 3 2 2 2 1 1 1 0 0 1 1 1 1 1 1 1 1 1
 1 1 1 2 2 4 4 4 7 7 10 30 30 44 39 39 35 35 21 19 19 28 20 20 12 12 9 10 10 6 5 5 3 3 2 1 1 1 1 1 1 1 1 1 1 1
 1 1 1 2 2 4 4 4 7 7 10 30 30 44 39 39 35 35 21 19 19 28 20 20 12 12 9 10 10 6 5 5 3 3 2 1 1 1 1 1 1 1 1 1 1 1
 1 1 1 2 2 3 6 6 4 4 10 22 22 37 40 40 30 30 18 19 19 27 15 15 9 9 13 14 14 8 5 5 3 3 2 2 2 2 1 1 1 1 1 1 1 1
 1 1 2 3 3 3 5 5 4 4 3 7 7 14 23 23 19 19 25 23 23 22 13 13 17 17 16 9 9 10 5 5 2 2 2 2 2 1 1 1 1 1 1 1 1 1
 1 1 2 3 3 3 5 5 4 4 3 7 7 14 23 23 19 19 25 23 23 22 13 13 17 17 16 9 9 10 5 5 2 2 2 2 2 1 1 1 1 1 1 1 1 1
 1 1 1 2 2 3 3 3 4 4 2 4 4 10 10 10 16 16 18 9 9 6 7 7 10 10 8 6 6 2 2 2 2 2 1 1 1 2 3 3 2 2 2 2 2 1
 0 0 1 1 1 1 2 2 1 1 1 3 3 5 5 5 5 5 6 8 8 3 9 9 4 4 6 8 8 5 4 4 3 3 3 3 3 3 2 2 3 3 3 1 1 2
 0 0 1 1 1 1 2 2 1 1 1 3 3 5 5 5 5 5 6 8 8 3 9 9 4 4 6 8 8 5 4 4 3 3 3 3 3 3 2 2 3 3 3 1 1 2
 1 1 1 1 1 1 2 2 2 2 2 2 2 2 3 3 5 5 5 5 5 6 7 7 5 5 8 6 6 8 7 7 4 4 4 2 2 2 2 2 3 3 4 3 3 3
 1 1 1 1 1 1 2 2 2 2 2 2 2 2 3 3 5 5 5 5 5 6 7 7 5 5 8 6 6 8 7 7 4 4 4 2 2 2 2 2 3 3 4 3 3 3
 1 1 1 1 1 1 2 2 1 1 2 3 3 3 3 3 5 5 7 10 10 6 10 10 9 9 6 8 8 6 9 9 5 5 3 2 2 1 2 2 2 2 4 2 2 2
 4 4 2 3 3 1 1 1 1 1 2 2 2 2 3 3 4 4 8 9 9 20 9 9 7 7 10 8 8 8 6 6 8 8 5 6 6 4 1 1 1 1 1 1 1 1
 4 4 2 3 3 1 1 1 1 1 2 2 2 2 3 3 4 4 8 9 9 20 9 9 7 7 10 8 8 8 6 6 8 8 5 6 6 4 1 1 1 1 1 1 1 1
 2 2 2 1 1 1 2 2 2 2 1 1 1 2 3 3 5 5 7 9 9 7 8 8 12 12 11 15 15 8 5 5 6 6 4 3 3 3 0 0 0 0 0 0 0 0
 1 1 2 2 2 1 1 1 1 1 1 1 1 1 2 2 6 6 5 9 9 6 6 6 9 9 10 16 16 20 15 15 26 26 2 0 0 0 0 0 0 0 0 0 0 0
 1 1 2 2 2 1 1 1 1 1 1 1 1 1 2 2 6 6 5 9 9 6 6 6 9 9 10 16 16 20 15 15 26 26 2 0 0 0 0 0 0 0 0 0 0 0
 1 1 2 2 2 2 2 2 1 1 1 1 1 1 1 1 5 5 5 7 7 7 7 7 7 7 9 18 18 18 11 11 7 7 1 0 0 0 0 0 0 0 0 0 0 0
 1 1 2 2 2 2 2 2 1 1 1 1 1 1 1 1 5 5 5 7 7 7 7 7 7 7 9 18 18 18 11 11 7 7 1 0 0 0 0 0 0 0 0 0 0 0
 2 2 2 2 2 3 3 3 1 1 1 1 1 0 0 0 2 2 3 3 3 3 3 3 4 4 9 13 13 12 14 14 7 7 3 1 1 2 0 0 0 0 0 0 0 0
 1 1 2 2 2 2 2 2 0 0 1 1 1 1 0 0 1 1 1 1 1 3 3 3 3 3 6 7 7 11 9 9 5 5 4 2 2 3 1 1 0 0 1 1 1 0
 1 1 2 2 2 2 2 2 0 0 1 1 1 1 0 0 1 1 1 1 1 3 3 3 3 3 6 7 7 11 9 9 5 5 4 2 2 3 1 1 0 0 1 1 1 0
 1 1 1 2 2 2 2 2 2 2 2 2 2 1 1 1 1 1 1 1 1 2 4 4 5 5 8 4 4 6 6 6 7 7 6 5 5 2 1 1 0 0 0 0 0 0
 4 4 3 3 3 2 1 1 1 1 2 2 2 1 1 1 2 2 2 4 4 3 7 7 4 4 7 10 10 6 7 7 11 11 13 9 9 2 0 0 0 0 0 0 0 0
 4 4 3 3 3 2 1 1 1 1 2 2 2 1 1 1 2 2 2 4 4 3 7 7 4 4 7 10 10 6 7 7 11 11 13 9 9 2 0 0 0 0 0 0 0 0
 6 6 5 4 4 4 1 1 3 3 1 1 1 1 1 1 2 2 4 7 7 4 5 5 11 11 8 9 9 11 15 15 20 20 14 18 18 4 0 0 0 0 0 0 0 0
 6 6 5 4 4 4 1 1 3 3 1 1 1 1 1 1 2 2 4 7 7 4 5 5 11 11 8 9 9 11 15 15 20 20 14 18 18 4 0 0 0 0 0 0 0 0
 8 8 8 3 3 6 2 2 2 2 1 1 1 1 1 1 1 1 2 4 4 3 3 3 8 8 14 9 9 16 10 10 27 27 10 6 6 3 1 1 0 0 0 0 0 0
 16 16 13 10 10 9 7 7 5 5 3 1 1 1 1 1 1 1 0 2 2 4 3 3 9 9 11 8 8 12 9 9 10 10 8 5 5 4 1 1 0 0 0 0 0 0
 16 16 13 10 10 9 7 7 5 5 3 1 1 1 1 1 1 1 0 2 2 4 3 3 9 9 11 8 8 12 9 9 10 10 8 5 5 4 1 1 0 0 0 0 0 0
 15 15 14 16 16 12 21 21 15 15 11 5 5 4 2 2 2 2 0 1 1 3 1 1 6 6 7 32 32 6 8 8 3 3 3 3 3 2 1 1 0 0 0 0 0 0
 8 8 11 12 12 20 26 26 17 17 11 4 4 4 2 2 3 3 0 5 5 3 3 3 2 2 3 8 8 6 8 8 3 3 8 8 8 3 2 2 0 0 0 0 0 0
 8 8 11 12 12 20 26 26 17 17 11 4 4 4 2 2 3 3 0 5 5 3 3 3 2 2 3 8 8 6 8 8 3 3 8 8 8 3 2 2 0 0 0 0 0 0
 8 8 16 14 14 15 9 9 14 14 10 12 12 7 8 8 5 5 5 2 2 6 3 3 3 3 2 4 4 2 2 2 4 4 9 8 8 7 3 3 0 0 0 0 0 0
 8 8 16 14 14 15 9 9 14 14 10 12 12 7 8 8 5 5 5 2 2 6 3 3 3 3 2 4 4 2 2 2 4 4 9 8 8 7 3 3 0 0 0 0 0 0
 8 8 13 17 17 14 9 9 11 11 10 11 11 12 16 16 5 5 9 9 9 8 7 7 8 8 3 3 3 3 5 5 4 4 6 7 7 11 4 4 0 0 0 0 0 0
 4 4 8 13 13 13 11 11 15 15 13 16 16 14 21 21 20 20 20 18 18 7 14 14 9 9 6 12 12 11 6 6 10 10 7 9 9 8 12 12 1 1 0 0 0 0
 4 4 8 13 13 13 11 11 15 15 13 16 16 14 21 21 20 20 20 18 18 7 14 14 9 9 6 12 12 11 6 6 10 10 7 9 9 8 12 12 1 1 0 0 0 0
 4 4 4 9 9 9 8 8 9 9 13 13 13 21 21 21 19 19 23 23 23 15 16 16 15 15 11 14 14 14 16 16 6 6 5 9 9 3 4 4 5 5 0 0 0 0
 3 3 2 4 4 6 7 7 6 6 10 12 12 13 14 14 17 17 23 24 24 27 11 11 13 13 14 15 15 16 20 20 14 14 15 7 7 3 3 3 0 0 0 0 0 0
 3 3 2 4 4 6 7 7 6 6 10 12 12 13 14 14 17 17 23 24 24 27 11 11 13 13 14 15 15 16 20 20 14 14 15 7 7 3 3 3 0 0 0 0 0 0
 1 1 1 2 2 4 5 5 5 5 9 9 9 10 15 15 18 18 19 20 20 22 16 16 16 16 20 18 18 25 23 23 23 23 14 13 13 5 1 1 2 2 0 0 0 0
 1 1 1 2 2 4 5 5 5 5 9 9 9 10 15 15 18 18 19 20 20 22 16 16 16 16 20 18 18 25 23 23 23 23 14 13 13 5 1 1 2 2 0 0 0 0
 0 0 1 3 3 6 5 5 5 5 4 4 4 5 9 9 16 16 16 16 16 13 18 18 17 17 18 20 20 26 23 23 14 14 9 10 10 10 2 2 2 2 2 0 0 0
 0 0 0 1 1 4 2 2 2 2 3 5 5 6 10 10 14 14 15 9 9 14 15 15 15 15 15 14 14 14 14 14 12 12 15 17 17 10 5 5 1 1 2 0 0 0
 0 0 0 1 1 4 2 2 2 2 3 5 5 6 10 10 14 14 15 9 9 14 15 15 15 15 15 14 14 14 14 14 12 12 15 17 17 10 5 5 1 1 2 0 0 0
 0 0 0 0 0 1 2 2 2 2 3 5 5 4 8 8 10 10 13 9 9 9 10 10 13 13 12 8 8 7 13 13 13 13 20 8 8 6 4 4 3 3 0 0 0 0
 0 0 0 0 0 1 1 1 2 2 2 2 2 2 2 2 7 7 12 6 6 6 8 8 9 9 9 5 5 7 17 17 17 17 8 7 7 2 0 0 0 0 1 0 0 0
 0 0 0 0 0 1 1 1 2 2 2 2 2 2 2 2 7 7 12 6 6 6 8 8 9 9 9 5 5 7 17 17 17 17 8 7 7 2 0 0 0 0 1 0 0 0
 1 1 1 1 1 1 2 2 2 2 2 3 3 2 1 1 0 0 5 6 6 6 4 4 5 5 5 4 4 3 3 3 5 5 15 7 7 1 0 0 0 0 1 1 1 0
 1 1 1 1 1 1 2 2 2 2 2 3 3 2 1 1 0 0 5 6 6 6 4 4 5 5 5 4 4 3 3 3 5 5 15 7 7 1 0 0 0 0 1 1 1 0
 0 0 0 0 0 1 1 1 2 2 2 3 3 3 2 2 1 1 3 3 3 2 6 6 7 7 5 1 1 2 1 1 2 2 2 3 3 1 1 1 1 1 1 0 0 0
 0 0 0 0 0 0 1 1 2 2 1 1 1 1 1 1 1 1 1 3 3 4 4 4 5 5 3 0 0 1 2 2 1 1 1 0 0 1 1 1 1 1 1 1 1 1
 0 0 0 0 0 0 1 1 2 2 1 1 1 1 1 1 1 1 1 3 3 4 4 4 5 5 3 0 0 1 2 2 1 1 1 0 0 1 1 1 1 1 1 1 1 1
 0 0 0 0 0 0 1 1 0 0 0 0 0 1 1 1 1 1 1 1 1 1 1 1 1 1 1 1 1 2 3 3 1 1 1 1 1 0 1 1 1 1 1 1 1 0
 0 0 0 0 0 1 0 0 0 0 0 0 0 0 1 1 1 1 0 1 1 1 1 1 1 1 1 1 1 2 1 1 1 1 1 0 0 1 1 1 0 0 1 1 1 1
