assets/RAT_results_old/precipitation/2018-11-08_IMERG.asc
ncols        46
nrows        77
xllcorner    74.800261325624
yllcorner    8.058333333333
cellsize     0.062500000000
NODATA_value -9999
 0 0 0 0 0 0 0 0 0 0 0 0 0 0 0 0 0 0 0 0 0 0 1 1 0 0 0 0 0 0 1 1 0 0 1 0 0 0 1 1 1 1 1 1 1 1
 0 0 0 0 0 0 0 0 0 0 0 0 0 0 0 0 0 0 0 0 0 0 1 1 1 1 0 0 0 0 0 0 0 0 1 0 0 0 0 0 0 0 1 1 1 1
 0 0 0 0 0 0 0 0 0 0 0 0 0 0 0 0 0 0 0 0 0 0 1 1 1 1 0 0 0 0 0 0 0 0 1 0 0 0 0 0 0 0 1 1 1 1
 0 0 0 0 0 0 0 0 0 0 0 0 0 0 0 0 0 0 0 0 0 0 0 0 0 0 0 0 0 0 0 0 0 0 0 0 0 0 0 0 0 0 0 1 1 1
 0 0 0 0 0 0 0 0 0 0 0 0 0 0 0 0 0 0 0 0 0 0 0 0 0 0 0 0 0 0 0 0 0 0 0 0 0 0 0 0 1 1 1 0 0 0
 0 0 0 0 0 0 0 0 0 0 0 0 0 0 0 0 0 0 0 0 0 0 0 0 0 0 0 0 0 0 0 0 0 0 0 0 0 0 0 0 1 1 1 0 0 0
 0 0 0 0 0 0 0 0 0 0 0 0 0 0 0 0 0 0 0 0 0 0 0 0 0 0 0 0 0 1 1 1 0 0 0 0 0 1 1 1 1 1 1 1 1 1
 0 0 0 0 0 0 0 0 0 0 0 0 0 0 0 0 0 0 0 0 0 0 0 0 0 0 0 0 0 1 1 1 0 0 0 0 0 1 1 1 1 1 1 1 1 1
 0 0 0 0 0 0 0 0 0 0 1 0 0 0 0 0 0 0 0 1 1 1 2 2 1 1 0 0 0 0 0 0 0 0 0 1 1 1 1 1 1 1 1 1 1 1
 0 0 0 0 0 0 0 0 0 0 0 0 0 0 0 0 0 0 0 1 1 1 1 1 0 0 0 0 0 0 0 0 0 0 0 0 0 0 0 0 0 0 1 1 1 0
 0 0 0 0 0 0 0 0 0 0 0 0 0 0 0 0 0 0 0 1 1 1 1 1 0 0 0 0 0 0 0 0 0 0 0 0 0 0 0 0 0 0 1 1 1 0
 0 0 0 0 0 0 0 0 0 0 0 0 0 0 0 0 0 0 1 2 2 1 0 0 0 0 0 0 0 0 0 0 0 0 0 0 0 0 0 0 0 0 0 0 0 0
 0 0 0 0 0 0 0 0 0 0 0 0 0 0 0 0 0 0 1 1 1 0 1 1 1 1 0 0 0 0 0 0 0 0 0 0 0 1 0 0 0 0 0 0 0 0
 0 0 0 0 0 0 0 0 0 0 0 0 0 0 0 0 0 0 1 1 1 0 1 1 1 1 0 0 0 0 0 0 0 0 0 0 0 1 0 0 0 0 0 0 0 0
 0 0 0 0 0 0 0 0 0 0 0 0 0 0 0 0 0 0 1 0 0 0 0 0 1 1 0 0 0 0 0 0 0 0 0 0 0 1 1 1 0 0 0 0 0 0
 0 0 0 0 0 0 0 0 0 0 0 0 0 0 0 0 0 0 1 0 0 0 0 0 1 1 0 0 0 0 0 0 0 0 0 0 0 1 1 1 0 0 0 0 0 0
 0 0 0 1 1 1 1 1 0 0 0 0 0 0 0 0 0 0 0 0 0 0 0 0 1 1 0 0 0 0 1 1 0 0 0 0 0 1 1 1 1 1 1 0 0 0
 0 0 0 0 0 1 1 1 0 0 0 0 0 0 0 0 0 0 0 0 0 0 0 0 0 0 0 0 0 1 3 3 2 2 1 0 0 0 0 0 0 0 1 1 1 0
 0 0 0 0 0 1 1 1 0 0 0 0 0 0 0 0 0 0 0 0 0 0 0 0 0 0 0 0 0 1 3 3 2 2 1 0 0 0 0 0 0 0 1 1 1 0
 0 0 0 0 0 0 0 0 0 0 0 0 0 0 0 0 0 0 0 0 0 0 0 0 0 0 0 0 0 0 1 1 1 1 1 0 0 0 0 0 0 0 0 0 0 1
 0 0 0 0 0 0 0 0 0 0 0 0 0 0 0 0 0 0 0 0 0 0 0 0 0 0 0 0 0 0 0 0 0 0 0 0 0 0 0 0 0 0 0 0 0 0
 0 0 0 0 0 0 0 0 0 0 0 0 0 0 0 0 0 0 0 0 0 0 0 0 0 0 0 0 0 0 0 0 0 0 0 0 0 0 0 0 0 0 0 0 0 0
 0 0 0 0 0 0 0 0 1 1 0 0 0 0 0 0 0 0 0 0 0 0 0 0 0 0 0 0 0 0 0 0 0 0 0 0 0 1 1 1 0 0 0 1 1 0
 0 0 0 0 0 0 0 0 1 1 0 0 0 0 0 0 0 0 0 0 0 0 0 0 0 0 0 0 0 0 0 0 0 0 0 0 0 1 1 1 0 0 0 1 1 0
 0 0 0 0 0 0 0 0 0 0 0 0 0 0 0 0 0 0 0 0 0 0 0 0 0 0 0 0 0 0 0 0 0 0 0 0 0 0 0 0 0 0 0 0 0 0
 0 0 0 0 0 0 0 0 0 0 0 0 0 0 0 0 0 0 0 0 0 0 0 0 0 0 0 0 0 1 0 0 0 0 0 0 0 0 0 0 0 0 0 0 0 0
 0 0 0 0 0 0 0 0 0 0 0 0 0 0 0 0 0 0 0 0 0 0 0 0 0 0 0 0 0 1 0 0 0 0 0 0 0 0 0 0 0 0 0 0 0 0
 0 0 0 0 0 0 0 0 0 0 0 1 1 1 1 1 0 0 0 0 0 0 0 0 0 0 0 0 0 0 0 0 0 0 0 0 0 1 0 0 0 0 0 0 0 0
 0 0 0 0 0 0 0 0 0 0 0 1 1 1 1 1 1 1 0 0 0 0 0 0 0 0 0 0 0 0 0 0 0 0 0 0 0 0 0 0 0 0 0 0 0 0
 0 0 0 0 0 0 0 0 0 0 0 1 1 1 1 1 1 1 0 0 0 0 0 0 0 0 0 0 0 0 0 0 0 0 0 0 0 0 0 0 0 0 0 0 0 0
 0 0 0 0 0 0 0 0 0 0 0 0 0 0 0 0 1 1 0 0 0 0 0 0 0 0 0 0 0 0 0 0 0 0 0 1 1 0 0 0 0 0 0 0 0 0
 0 0 0 0 0 0 0 0 0 0 0 0 0 0 0 0 1 1 0 0 0 0 0 0 0 0 0 0 0 0 0 0 0 0 0 1 1 0 0 0 0 0 0 0 0 0
 0 0 0 0 0 0 0 0 0 0 1 0 0 0 0 0 1 1 0 0 0 0 0 0 0 0 0 0 0 0 0 0 0 0 0 0 0 0 0 0 0 0 0 1 1 0
 0 0 0 0 0 0 0 0 0 0 0 0 0 0 0 0 0 0 0 0 0 0 0 0 0 0 0 0 0 0 1 1 1 1 0 0 0 0 0 0 0 0 0 0 0 0
 0 0 0 0 0 0 0 0 0 0 0 0 0 0 0 0 0 0 0 0 0 0 0 0 0 0 0 0 0 0 1 1 1 1 0 0 0 0 0 0 0 0 0 0 0 0
 0 0 0 0 0 0 0 0 0 0 0 0 0 0 0 0 0 0 0 0 0 0 0 0 0 0 0 0 0 0 0 0 0 0 0 0 0 0 0 0 0 0 0 0 0 0
 0 0 1 2 2 2 0 0 1 1 0 0 0 0 0 0 0 0 0 0 0 0 0 0 0 0 0 0 0 0 0 0 0 0 0 0 0 0 0 0 0 0 0 0 0 0
 0 0 1 2 2 2 0 0 1 1 0 0 0 0 0 0 0 0 0 0 0 0 0 0 0 0 0 0 0 0 0 0 0 0 0 0 0 0 0 0 0 0 0 0 0 0
 1 1 1 2 2 2 1 1 1 1 1 0 0 0 0 0 0 0 0 1 1 1 0 0 0 0 0 0 0 0 0 0 1 1 1 1 1 1 1 1 0 0 0 0 0 0
 1 1 1 2 2 2 1 1 1 1 1 0 0 0 0 0 0 0 0 1 1 1 0 0 0 0 0 0 0 0 0 0 1 1 1 1 1 1 1 1 0 0 0 0 0 0
 2 2 3 4 4 3 2 2 2 2 1 0 0 0 0 0 0 0 0 0 0 0 0 0 0 0 0 0 0 0 1 1 1 1 1 2 2 1 1 1 1 1 1 1 1 3
 1 1 2 6 6 4 2 2 2 2 2 1 1 0 0 0 2 2 2 2 2 1 2 2 0 0 0 0 0 1 1 1 2 2 1 3 3 2 2 2 2 2 1 1 1 1
 1 1 2 6 6 4 2 2 2 2 2 1 1 0 0 0 2 2 2 2 2 1 2 2 0 0 0 0 0 1 1 1 2 2 1 3 3 2 2 2 2 2 1 1 1 1
 1 1 2 5 5 12 14 14 7 7 5 5 5 1 1 1 4 4 4 4 4 2 1 1 1 1 0 1 1 1 1 1 1 1 1 2 2 4 6 6 4 4 1 1 1 0
 2 2 2 7 7 7 8 8 7 7 6 7 7 1 1 1 8 8 13 12 12 9 3 3 2 2 2 2 2 1 1 1 1 1 1 1 1 3 3 3 3 3 1 1 1 0
 2 2 2 7 7 7 8 8 7 7 6 7 7 1 1 1 8 8 13 12 12 9 3 3 2 2 2 2 2 1 1 1 1 1 1 1 1 3 3 3 3 3 1 1 1 0
 1 1 2 6 6 7 9 9 9 9 9 9 9 8 3 3 9 9 13 13 13 11 7 7 4 4 6 7 7 3 4 4 2 2 2 1 1 3 1 1 1 1 0 0 0 1
 1 1 2 6 6 7 9 9 9 9 9 9 9 8 3 3 9 9 13 13 13 11 7 7 4 4 6 7 7 3 4 4 2 2 2 1 1 3 1 1 1 1 0 0 0 1
 0 0 4 6 6 6 7 7 9 9 9 6 6 2 2 2 8 8 12 13 13 13 10 10 3 3 2 2 2 3 2 2 1 1 2 2 2 1 1 1 0 0 0 0 0 0
 0 0 1 1 1 2 4 4 5 5 6 5 5 3 2 2 2 2 4 5 5 5 3 3 1 1 1 1 1 1 1 1 1 1 1 1 1 1 1 1 0 0 1 0 0 0
 0 0 1 1 1 2 4 4 5 5 6 5 5 3 2 2 2 2 4 5 5 5 3 3 1 1 1 1 1 1 1 1 1 1 1 1 1 1 1 1 0 0 1 0 0 0
 0 0 0 0 0 1 3 3 3 3 3 3 3 3 3 3 1 1 1 2 2 2 2 2 1 1 1 1 1 1 1 1 0 0 1 1 1 1 1 1 1 1 2 1 1 0
 0 0 0 0 0 1 1 1 4 4 6 3 3 1 2 2 1 1 1 2 2 4 5 5 4 4 2 2 2 1 1 1 2 2 1 2 2 4 2 2 3 3 2 1 1 0
 0 0 0 0 0 1 1 1 4 4 6 3 3 1 2 2 1 1 1 2 2 4 5 5 4 4 2 2 2 1 1 1 2 2 1 2 2 4 2 2 3 3 2 1 1 0
 0 0 0 0 0 0 0 0 3 3 5 2 2 1 1 1 1 1 3 4 4 6 12 12 4 4 2 2 2 2 1 1 1 1 0 0 0 1 1 1 3 3 4 1 1 0
 0 0 0 0 0 0 0 0 3 3 5 2 2 1 1 1 1 1 3 4 4 6 12 12 4 4 2 2 2 2 1 1 1 1 0 0 0 1 1 1 3 3 4 1 1 0
 1 1 0 0 0 0 0 0 0 0 3 4 4 2 2 2 2 2 8 8 8 11 9 9 4 4 5 6 6 5 1 1 1 1 1 0 0 1 2 2 2 2 1 1 1 1
 1 1 0 0 0 0 1 1 1 1 3 4 4 2 2 2 3 3 2 6 6 4 4 4 4 4 7 8 8 5 1 1 1 1 1 1 1 2 3 3 5 5 2 2 2 3
 1 1 0 0 0 0 1 1 1 1 3 4 4 2 2 2 3 3 2 6 6 4 4 4 4 4 7 8 8 5 1 1 1 1 1 1 1 2 3 3 5 5 2 2 2 3
 1 1 0 1 1 1 1 1 1 1 2 5 5 4 2 2 3 3 1 2 2 2 4 4 9 9 12 5 5 3 2 2 1 1 1 0 0 1 2 2 3 3 1 1 1 1
 1 1 1 1 1 2 3 3 4 4 5 6 6 3 3 3 2 2 2 2 2 3 5 5 9 9 9 1 1 2 3 3 1 1 1 3 3 1 2 2 3 3 1 4 4 4
 1 1 1 1 1 2 3 3 4 4 5 6 6 3 3 3 2 2 2 2 2 3 5 5 9 9 9 1 1 2 3 3 1 1 1 3 3 1 2 2 3 3 1 4 4 4
 1 1 1 2 2 2 6 6 9 9 8 8 8 8 6 6 3 3 2 2 2 2 2 2 5 5 4 2 2 2 3 3 1 1 1 0 0 1 3 3 3 3 1 1 1 3
 1 1 1 2 2 2 6 6 9 9 8 8 8 8 6 6 3 3 2 2 2 2 2 2 5 5 4 2 2 2 3 3 1 1 1 0 0 1 3 3 3 3 1 1 1 3
 1 1 2 2 2 2 4 4 8 8 17 39 39 10 4 4 4 4 3 2 2 3 3 3 2 2 3 2 2 1 2 2 2 2 1 1 1 2 3 3 4 4 2 2 2 2
 12 12 6 3 3 5 5 5 14 14 8 15 15 3 4 4 4 4 5 5 5 6 9 9 9 9 13 17 17 13 4 4 2 2 2 1 1 3 4 4 5 5 5 4 4 3
 12 12 6 3 3 5 5 5 14 14 8 15 15 3 4 4 4 4 5 5 5 6 9 9 9 9 13 17 17 13 4 4 2 2 2 1 1 3 4 4 5 5 5 4 4 3
 12 12 33 10 10 11 5 5 6 6 8 16 16 4 5 5 5 5 7 9 9 12 14 14 18 18 24 25 25 16 8 8 6 6 4 3 3 3 5 5 7 7 6 7 7 7
 16 16 35 15 15 11 7 7 5 5 5 6 6 6 6 6 5 5 6 7 7 7 6 6 6 6 5 5 5 7 9 9 9 9 6 5 5 4 4 4 6 6 7 7 7 8
 16 16 35 15 15 11 7 7 5 5 5 6 6 6 6 6 5 5 6 7 7 7 6 6 6 6 5 5 5 7 9 9 9 9 6 5 5 4 4 4 6 6 7 7 7 8
 10 10 29 24 24 11 9 9 13 13 8 7 7 7 10 10 10 10 10 10 10 10 9 9 8 8 5 5 5 6 7 7 6 6 10 8 8 8 8 8 7 7 12 10 10 9
 10 10 29 24 24 11 9 9 13 13 8 7 7 7 10 10 10 10 10 10 10 10 9 9 8 8 5 5 5 6 7 7 6 6 10 8 8 8 8 8 7 7 12 10 10 9
 11 11 20 36 36 15 11 11 13 13 13 9 9 9 11 11 12 12 13 13 13 12 10 10 5 5 4 7 7 9 8 8 7 7 9 8 8 9 11 11 18 18 20 18 18 19
 8 8 8 12 12 20 10 10 12 12 11 11 11 10 11 11 12 12 19 12 12 12 11 11 9 9 9 14 14 19 18 18 15 15 8 8 8 15 12 12 13 13 19 22 22 20
 8 8 8 12 12 20 10 10 12 12 11 11 11 10 11 11 12 12 19 12 12 12 11 11 9 9 9 14 14 19 18 18 15 15 8 8 8 15 12 12 13 13 19 22 22 20
 2 2 2 7 7 6 7 7 7 7 8 7 7 10 9 9 11 11 10 10 10 12 12 12 10 10 13 28 28 23 27 27 24 24 8 10 10 13 14 14 14 14 19 24 24 24
 6 6 3 8 8 10 12 12 15 15 6 7 7 9 9 9 10 10 9 12 12 14 16 16 25 25 40 22 22 15 28 28 20 20 9 11 11 7 10 10 11 11 19 20 20 22
