assets/RAT_results_old/precipitation/2018-07-08_IMERG.asc
ncols        46
nrows        77
xllcorner    74.800261325624
yllcorner    8.058333333333
cellsize     0.062500000000
NODATA_value -9999
 8 8 9 6 6 15 4 4 12 12 12 10 10 6 9 9 6 6 15 4 4 3 3 3 4 4 5 4 4 6 5 5 10 10 7 6 6 5 5 5 7 7 6 9 9 11
 8 8 14 4 4 7 4 4 5 5 6 9 9 7 8 8 10 10 14 6 6 13 7 7 4 4 4 3 3 3 4 4 5 5 5 4 4 3 3 3 3 3 5 3 3 6
 8 8 14 4 4 7 4 4 5 5 6 9 9 7 8 8 10 10 14 6 6 13 7 7 4 4 4 3 3 3 4 4 5 5 5 4 4 3 3 3 3 3 5 3 3 6
 8 8 7 5 5 5 5 5 6 6 8 19 19 15 22 22 19 19 10 11 11 6 4 4 4 4 3 2 2 2 2 2 2 2 2 2 2 2 1 1 5 5 2 1 1 5
 6 6 16 8 8 6 11 11 12 12 9 20 20 15 13 13 20 20 11 11 11 7 3 3 3 3 1 1 1 1 1 1 1 1 2 2 2 1 1 1 1 1 1 1 1 3
 6 6 16 8 8 6 11 11 12 12 9 20 20 15 13 13 20 20 11 11 11 7 3 3 3 3 1 1 1 1 1 1 1 1 2 2 2 1 1 1 1 1 1 1 1 3
 4 4 9 8 8 9 12 12 9 9 12 21 21 19 19 19 19 19 10 6 6 7 3 3 10 10 2 2 2 1 2 2 2 2 1 1 1 2 1 1 1 1 2 1 1 1
 4 4 9 8 8 9 12 12 9 9 12 21 21 19 19 19 19 19 10 6 6 7 3 3 10 10 2 2 2 1 2 2 2 2 1 1 1 2 1 1 1 1 2 1 1 1
 1 1 3 5 5 9 8 8 10 10 7 20 20 17 18 18 16 16 10 5 5 5 5 5 4 4 3 2 2 4 2 2 1 1 2 2 2 2 2 2 2 2 1 1 1 1
 1 1 1 5 5 6 5 5 8 8 13 16 16 17 19 19 16 16 13 8 8 10 6 6 5 5 4 3 3 3 3 3 2 2 9 2 2 2 2 2 2 2 2 1 1 1
 1 1 1 5 5 6 5 5 8 8 13 16 16 17 19 19 16 16 13 8 8 10 6 6 5 5 4 3 3 3 3 3 2 2 9 2 2 2 2 2 2 2 2 1 1 1
 1 1 1 1 1 7 7 7 7 7 24 24 24 34 21 21 17 17 14 10 10 8 7 7 7 7 6 4 4 8 2 2 2 2 8 1 1 1 1 1 1 1 1 1 1 1
 2 2 3 3 3 8 11 11 8 8 8 9 9 20 12 12 16 16 20 14 14 10 3 3 7 7 4 2 2 2 2 2 2 2 3 2 2 1 1 1 1 1 3 2 2 0
 2 2 3 3 3 8 11 11 8 8 8 9 9 20 12 12 16 16 20 14 14 10 3 3 7 7 4 2 2 2 2 2 2 2 3 2 2 1 1 1 1 1 3 2 2 0
 5 5 3 6 6 5 20 20 11 11 10 35 35 6 12 12 12 12 22 18 18 19 10 10 11 11 4 1 1 1 1 1 1 1 3 1 1 1 1 1 1 1 1 1 1 0
 5 5 3 6 6 5 20 20 11 11 10 35 35 6 12 12 12 12 22 18 18 19 10 10 11 11 4 1 1 1 1 1 1 1 3 1 1 1 1 1 1 1 1 1 1 0
 5 5 2 2 2 2 2 2 5 5 12 13 13 18 13 13 34 34 21 35 35 25 19 19 14 14 5 3 3 2 7 7 2 2 1 1 1 0 0 0 2 2 1 0 0 0
 2 2 1 1 1 3 3 3 4 4 8 10 10 9 9 9 27 27 44 24 24 22 25 25 16 16 3 3 3 5 2 2 1 1 0 0 0 0 1 1 1 1 3 0 0 0
 2 2 1 1 1 3 3 3 4 4 8 10 10 9 9 9 27 27 44 24 24 22 25 25 16 16 3 3 3 5 2 2 1 1 0 0 0 0 1 1 1 1 3 0 0 0
 2 2 2 2 2 2 3 3 9 9 11 14 14 10 15 15 29 29 52 24 24 34 19 19 14 14 3 3 3 1 1 1 0 0 0 0 0 0 2 2 2 2 3 0 0 1
 2 2 2 3 3 4 4 4 11 11 10 13 13 11 14 14 21 21 14 12 12 16 15 15 13 13 7 5 5 2 1 1 0 0 0 1 1 1 3 3 1 1 0 0 0 1
 2 2 2 3 3 4 4 4 11 11 10 13 13 11 14 14 21 21 14 12 12 16 15 15 13 13 7 5 5 2 1 1 0 0 0 1 1 1 3 3 1 1 0 0 0 1
 1 1 2 3 3 5 4 4 4 4 4 8 8 10 8 8 9 9 18 12 12 7 7 7 9 9 9 4 4 6 1 1 1 1 1 0 0 1 3 3 0 0 0 0 0 0
 1 1 2 3 3 5 4 4 4 4 4 8 8 10 8 8 9 9 18 12 12 7 7 7 9 9 9 4 4 6 1 1 1 1 1 0 0 1 3 3 0 0 0 0 0 0
 1 1 2 2 2 2 2 2 2 2 3 4 4 6 11 11 8 8 6 7 7 10 5 5 3 3 8 3 3 6 1 1 1 1 1 0 0 0 0 0 0 0 0 0 0 0
 3 3 1 1 1 1 1 1 1 1 1 2 2 4 5 5 8 8 15 5 5 8 4 4 5 5 1 2 2 2 2 2 1 1 1 0 0 0 0 0 0 0 0 0 0 0
 3 3 1 1 1 1 1 1 1 1 1 2 2 4 5 5 8 8 15 5 5 8 4 4 5 5 1 2 2 2 2 2 1 1 1 0 0 0 0 0 0 0 0 0 0 0
 8 8 2 1 1 1 1 1 1 1 1 1 1 1 1 1 3 3 3 2 2 8 9 9 11 11 5 3 3 3 2 2 1 1 0 0 0 0 0 0 1 1 1 1 1 1
 4 4 1 1 1 1 1 1 3 3 1 1 1 3 1 1 3 3 2 3 3 3 15 15 9 9 10 4 4 3 1 1 1 1 1 2 2 1 1 1 1 1 1 1 1 1
 4 4 1 1 1 1 1 1 3 3 1 1 1 3 1 1 3 3 2 3 3 3 15 15 9 9 10 4 4 3 1 1 1 1 1 2 2 1 1 1 1 1 1 1 1 1
 4 4 2 1 1 4 2 2 3 3 1 0 0 1 1 1 3 3 2 2 2 2 10 10 15 15 7 2 2 2 3 3 4 4 3 4 4 3 5 5 3 3 1 1 1 1
 4 4 2 1 1 4 2 2 3 3 1 0 0 1 1 1 3 3 2 2 2 2 10 10 15 15 7 2 2 2 3 3 4 4 3 4 4 3 5 5 3 3 1 1 1 1
 7 7 7 2 2 4 6 6 9 9 8 1 1 1 2 2 3 3 2 2 2 2 12 12 29 29 3 4 4 4 4 4 5 5 6 5 5 3 1 1 5 5 3 1 1 1
 10 10 4 2 2 5 11 11 15 15 12 3 3 1 2 2 3 3 4 6 6 7 2 2 2 2 9 11 11 11 7 7 8 8 8 7 7 3 2 2 2 2 3 2 2 1
 10 10 4 2 2 5 11 11 15 15 12 3 3 1 2 2 3 3 4 6 6 7 2 2 2 2 9 11 11 11 7 7 8 8 8 7 7 3 2 2 2 2 3 2 2 1
 8 8 6 4 4 9 16 16 14 14 9 3 3 2 3 3 4 4 4 10 10 7 4 4 3 3 11 9 9 6 4 4 7 7 3 4 4 3 5 5 1 1 1 2 2 0
 8 8 3 4 4 13 16 16 14 14 9 6 6 5 2 2 6 6 4 9 9 7 5 5 3 3 9 7 7 4 2 2 2 2 5 5 5 2 0 0 1 1 0 1 1 0
 8 8 3 4 4 13 16 16 14 14 9 6 6 5 2 2 6 6 4 9 9 7 5 5 3 3 9 7 7 4 2 2 2 2 5 5 5 2 0 0 1 1 0 1 1 0
 8 8 6 15 15 11 9 9 10 10 6 37 37 9 4 4 6 6 7 15 15 12 7 7 4 4 3 9 9 8 8 8 13 13 9 9 9 3 1 1 0 0 0 4 4 1
 8 8 6 15 15 11 9 9 10 10 6 37 37 9 4 4 6 6 7 15 15 12 7 7 4 4 3 9 9 8 8 8 13 13 9 9 9 3 1 1 0 0 0 4 4 1
 16 16 13 16 16 18 11 11 10 10 9 11 11 7 14 14 4 4 7 10 10 13 7 7 4 4 5 5 5 13 8 8 6 6 4 8 8 7 3 3 3 3 3 1 1 7
 18 18 18 23 23 24 8 8 7 7 8 6 6 4 7 7 5 5 9 8 8 13 17 17 12 12 7 7 7 10 16 16 11 11 7 10 10 7 4 4 3 3 2 2 2 5
 18 18 18 23 23 24 8 8 7 7 8 6 6 4 7 7 5 5 9 8 8 13 17 17 12 12 7 7 7 10 16 16 11 11 7 10 10 7 4 4 3 3 2 2 2 5
 26 26 28 28 28 22 9 9 9 9 9 10 10 7 7 7 9 9 8 13 13 16 13 13 18 18 22 17 17 16 14 14 22 22 9 7 7 13 6 6 6 6 5 2 2 4
 37 37 43 31 31 23 12 12 9 9 10 12 12 12 7 7 10 10 7 14 14 12 9 9 14 14 14 17 17 20 17 17 19 19 23 12 12 12 4 4 6 6 6 4 4 2
 37 37 43 31 31 23 12 12 9 9 10 12 12 12 7 7 10 10 7 14 14 12 9 9 14 14 14 17 17 20 17 17 19 19 23 12 12 12 4 4 6 6 6 4 4 2
 30 30 22 15 15 11 11 11 23 23 13 15 15 12 5 5 4 4 8 10 10 9 6 6 10 10 21 15 15 13 15 15 17 17 17 12 12 6 4 4 2 2 5 2 2 0
 30 30 22 15 15 11 11 11 23 23 13 15 15 12 5 5 4 4 8 10 10 9 6 6 10 10 21 15 15 13 15 15 17 17 17 12 12 6 4 4 2 2 5 2 2 0
 23 23 13 11 11 10 9 9 12 12 11 13 13 11 11 11 10 10 16 5 5 7 6 6 7 7 8 16 16 13 15 15 22 22 15 11 11 6 2 2 1 1 1 1 1 2
 13 13 9 10 10 8 8 8 8 8 12 10 10 14 13 13 11 11 8 7 7 7 19 19 8 8 13 12 12 10 11 11 12 12 10 8 8 9 4 4 1 1 1 1 1 2
 13 13 9 10 10 8 8 8 8 8 12 10 10 14 13 13 11 11 8 7 7 7 19 19 8 8 13 12 12 10 11 11 12 12 10 8 8 9 4 4 1 1 1 1 1 2
 7 7 7 10 10 10 7 7 24 24 22 16 16 19 18 18 18 18 13 15 15 25 23 23 15 15 13 11 11 17 20 20 13 13 10 7 7 5 2 2 3 3 2 3 3 1
 5 5 6 5 5 6 6 6 23 23 23 22 22 28 40 40 36 36 35 21 21 20 16 16 14 14 14 12 12 15 23 23 15 15 8 7 7 7 9 9 2 2 2 3 3 1
 5 5 6 5 5 6 6 6 23 23 23 22 22 28 40 40 36 36 35 21 21 20 16 16 14 14 14 12 12 15 23 23 15 15 8 7 7 7 9 9 2 2 2 3 3 1
 5 5 5 5 5 7 6 6 20 20 21 23 23 32 15 15 25 25 27 29 29 20 21 21 16 16 15 12 12 19 22 22 21 21 13 13 13 17 8 8 2 2 1 2 2 2
 5 5 5 5 5 7 6 6 20 20 21 23 23 32 15 15 25 25 27 29 29 20 21 21 16 16 15 12 12 19 22 22 21 21 13 13 13 17 8 8 2 2 1 2 2 2
 5 5 5 10 10 7 6 6 8 8 8 15 15 13 14 14 38 38 38 20 20 9 14 14 17 17 15 15 15 22 26 26 21 21 24 6 6 7 9 9 2 2 2 2 2 1
 5 5 7 11 11 9 8 8 9 9 7 10 10 9 17 17 41 41 53 20 20 6 14 14 12 12 17 12 12 11 14 14 16 16 16 10 10 12 4 4 7 7 2 2 2 1
 5 5 7 11 11 9 8 8 9 9 7 10 10 9 17 17 41 41 53 20 20 6 14 14 12 12 17 12 12 11 14 14 16 16 16 10 10 12 4 4 7 7 2 2 2 1
 4 4 10 13 13 10 8 8 9 9 9 9 9 11 15 15 38 38 35 5 5 8 11 11 13 13 21 13 13 10 11 11 19 19 21 14 14 10 4 4 3 3 2 1 1 1
 3 3 7 11 11 5 9 9 4 4 7 10 10 6 9 9 21 21 12 6 6 11 14 14 8 8 14 19 19 21 21 21 13 13 22 5 5 10 10 10 3 3 1 1 1 0
 3 3 7 11 11 5 9 9 4 4 7 10 10 6 9 9 21 21 12 6 6 11 14 14 8 8 14 19 19 21 21 21 13 13 22 5 5 10 10 10 3 3 1 1 1 0
 2 2 3 3 3 3 3 3 2 2 3 4 4 2 3 3 16 16 7 7 7 6 10 10 8 8 12 30 30 26 22 22 25 25 31 8 8 8 5 5 3 3 3 1 1 1
 2 2 3 3 3 3 3 3 2 2 3 4 4 2 3 3 16 16 7 7 7 6 10 10 8 8 12 30 30 26 22 22 25 25 31 8 8 8 5 5 3 3 3 1 1 1
 1 1 1 2 2 2 2 2 1 1 1 1 1 1 7 7 10 10 6 6 6 6 13 13 17 17 12 24 24 21 20 20 15 15 14 7 7 9 6 6 5 5 3 2 2 1
 1 1 1 1 1 1 1 1 1 1 1 1 1 1 4 4 6 6 3 10 10 3 6 6 9 9 11 12 12 14 19 19 17 17 12 3 3 6 5 5 6 6 4 1 1 1
 1 1 1 1 1 1 1 1 1 1 1 1 1 1 4 4 6 6 3 10 10 3 6 6 9 9 11 12 12 14 19 19 17 17 12 3 3 6 5 5 6 6 4 1 1 1
 2 2 3 2 2 2 1 1 1 1 1 1 1 0 1 1 2 2 1 2 2 2 2 2 4 4 3 11 11 5 5 5 13 13 11 8 8 5 5 5 4 4 2 2 2 2
 2 2 1 1 1 1 1 1 1 1 1 1 1 0 0 0 0 0 1 1 1 1 1 1 2 2 2 2 2 3 7 7 6 6 7 2 2 3 5 5 6 6 3 1 1 1
 2 2 1 1 1 1 1 1 1 1 1 1 1 0 0 0 0 0 1 1 1 1 1 1 2 2 2 2 2 3 7 7 6 6 7 2 2 3 5 5 6 6 3 1 1 1
 1 1 0 0 0 1 2 2 3 3 0 0 0 0 0 0 0 0 2 1 1 1 1 1 2 2 2 5 5 3 7 7 10 10 6 9 9 9 8 8 2 2 2 2 2 1
 1 1 0 0 0 1 2 2 3 3 0 0 0 0 0 0 0 0 2 1 1 1 1 1 2 2 2 5 5 3 7 7 10 10 6 9 9 9 8 8 2 2 2 2 2 1
 1 1 0 1 1 0 0 0 0 0 0 0 0 0 0 0 0 0 3 1 1 0 1 1 0 0 3 2 2 1 2 2 7 7 12 5 5 2 2 2 2 2 3 0 0 1
 1 1 1 1 1 1 1 1 0 0 0 0 0 0 0 0 0 0 2 4 4 0 0 0 0 0 2 1 1 1 2 2 4 4 5 12 12 3 2 2 4 4 1 0 0 1
 1 1 1 1 1 1 1 1 0 0 0 0 0 0 0 0 0 0 2 4 4 0 0 0 0 0 2 1 1 1 2 2 4 4 5 12 12 3 2 2 4 4 1 0 0 1
 0 0 0 0 0 0 0 0 0 0 0 0 0 0 0 0 1 1 1 5 5 1 0 0 0 0 0 1 1 3 3 3 10 10 15 13 13 5 4 4 3 3 2 1 1 0
 1 1 0 0 0 0 0 0 0 0 0 1 1 0 1 1 1 1 0 3 3 1 0 0 1 1 0 1 1 1 3 3 8 8 3 3 3 3 8 8 5 5 3 1 1 1
