assets/RAT_results_old/precipitation/2018-05-16_IMERG.asc
ncols        46
nrows        77
xllcorner    74.800261325624
yllcorner    8.058333333333
cellsize     0.062500000000
NODATA_value -9999
 1 1 1 1 1 0 0 0 1 1 3 2 2 1 1 1 0 0 0 0 0 0 0 0 0 0 0 0 0 0 0 0 0 0 0 0 0 0 0 0 0 0 0 0 0 0
 0 0 7 2 2 1 1 1 1 1 0 0 0 0 0 0 0 0 2 0 0 0 0 0 0 0 0 0 0 2 0 0 0 0 0 0 0 0 0 0 0 0 0 0 0 0
 0 0 7 2 2 1 1 1 1 1 0 0 0 0 0 0 0 0 2 0 0 0 0 0 0 0 0 0 0 2 0 0 0 0 0 0 0 0 0 0 0 0 0 0 0 0
 6 6 2 3 3 3 1 1 1 1 0 0 0 0 0 0 0 0 1 0 0 0 0 0 0 0 0 0 0 0 0 0 0 0 0 0 0 0 0 0 0 0 0 0 0 1
 1 1 3 5 5 2 0 0 0 0 0 0 0 0 1 1 0 0 0 0 0 0 0 0 0 0 0 0 0 0 0 0 0 0 0 0 0 0 0 0 0 0 0 0 0 1
 1 1 3 5 5 2 0 0 0 0 0 0 0 0 1 1 0 0 0 0 0 0 0 0 0 0 0 0 0 0 0 0 0 0 0 0 0 0 0 0 0 0 0 0 0 1
 2 2 0 1 1 1 7 7 4 4 2 1 1 0 0 0 1 1 0 1 1 0 0 0 0 0 0 0 0 0 0 0 0 0 0 0 0 0 0 0 0 0 0 0 0 0
 2 2 0 1 1 1 7 7 4 4 2 1 1 0 0 0 1 1 0 1 1 0 0 0 0 0 0 0 0 0 0 0 0 0 0 0 0 0 0 0 0 0 0 0 0 0
 1 1 1 8 8 1 11 11 3 3 7 3 3 2 6 6 10 10 16 35 35 0 0 0 0 0 0 0 0 0 0 0 0 0 0 0 0 0 0 0 0 0 0 0 0 0
 0 0 1 2 2 1 4 4 5 5 9 8 8 5 12 12 6 6 13 36 36 30 27 27 0 0 0 0 0 0 0 0 0 0 0 0 0 0 0 0 0 0 3 6 6 4
 0 0 1 2 2 1 4 4 5 5 9 8 8 5 12 12 6 6 13 36 36 30 27 27 0 0 0 0 0 0 0 0 0 0 0 0 0 0 0 0 0 0 3 6 6 4
 0 0 0 0 0 0 4 4 10 10 12 18 18 12 13 13 7 7 12 10 10 23 1 1 1 1 0 0 0 1 1 1 1 1 0 0 0 0 0 0 0 0 2 3 3 10
 0 0 0 1 1 2 12 12 16 16 8 8 8 8 7 7 9 9 9 16 16 6 1 1 6 6 0 1 1 1 1 1 0 0 0 0 0 0 0 0 0 0 2 5 5 24
 0 0 0 1 1 2 12 12 16 16 8 8 8 8 7 7 9 9 9 16 16 6 1 1 6 6 0 1 1 1 1 1 0 0 0 0 0 0 0 0 0 0 2 5 5 24
 0 0 0 0 0 0 1 1 37 37 7 9 9 18 9 9 19 19 13 9 9 9 4 4 10 10 34 2 2 0 1 1 0 0 0 0 0 0 0 0 0 0 0 6 6 1
 0 0 0 0 0 0 1 1 37 37 7 9 9 18 9 9 19 19 13 9 9 9 4 4 10 10 34 2 2 0 1 1 0 0 0 0 0 0 0 0 0 0 0 6 6 1
 0 0 0 0 0 0 1 1 2 2 6 10 10 6 15 15 23 23 20 10 10 7 1 1 6 6 2 6 6 1 0 0 0 0 0 2 2 1 1 1 1 1 1 1 1 0
 0 0 0 0 0 0 1 1 1 1 3 4 4 3 10 10 17 17 18 7 7 0 0 0 0 0 1 1 1 0 1 1 1 1 1 4 4 2 3 3 1 1 1 1 1 1
 0 0 0 0 0 0 1 1 1 1 3 4 4 3 10 10 17 17 18 7 7 0 0 0 0 0 1 1 1 0 1 1 1 1 1 4 4 2 3 3 1 1 1 1 1 1
 0 0 0 1 1 0 1 1 1 1 2 3 3 6 7 7 11 11 19 10 10 7 0 0 0 0 0 0 0 1 2 2 2 2 8 8 8 6 2 2 1 1 7 1 1 0
 1 1 0 1 1 7 1 1 1 1 1 1 1 4 10 10 11 11 10 35 35 6 0 0 0 0 1 0 0 1 2 2 3 3 10 10 10 9 3 3 1 1 4 8 8 1
 1 1 0 1 1 7 1 1 1 1 1 1 1 4 10 10 11 11 10 35 35 6 0 0 0 0 1 0 0 1 2 2 3 3 10 10 10 9 3 3 1 1 4 8 8 1
 0 0 0 1 1 1 1 1 1 1 1 1 1 2 12 12 5 5 6 1 1 2 2 2 0 0 1 3 3 3 4 4 3 3 7 11 11 6 1 1 1 1 0 1 1 1
 0 0 0 1 1 1 1 1 1 1 1 1 1 2 12 12 5 5 6 1 1 2 2 2 0 0 1 3 3 3 4 4 3 3 7 11 11 6 1 1 1 1 0 1 1 1
 1 1 0 1 1 2 6 6 0 0 1 1 1 4 11 11 1 1 4 3 3 4 1 1 1 1 1 5 5 3 1 1 1 1 2 2 2 0 0 0 0 0 0 0 0 2
 2 2 1 1 1 1 2 2 3 3 1 0 0 1 1 1 0 0 7 2 2 4 0 0 0 0 2 5 5 5 3 3 4 4 1 1 1 0 0 0 0 0 0 1 1 1
 2 2 1 1 1 1 2 2 3 3 1 0 0 1 1 1 0 0 7 2 2 4 0 0 0 0 2 5 5 5 3 3 4 4 1 1 1 0 0 0 0 0 0 1 1 1
 4 4 1 0 0 1 1 1 3 3 1 0 0 1 0 0 1 1 1 0 0 1 2 2 1 1 7 5 5 7 34 34 10 10 9 2 2 0 0 0 0 0 1 1 1 1
 2 2 4 1 1 1 1 1 3 3 1 0 0 0 1 1 0 0 1 0 0 0 1 1 3 3 10 24 24 22 9 9 20 20 5 2 2 0 1 1 4 4 1 1 1 1
 2 2 4 1 1 1 1 1 3 3 1 0 0 0 1 1 0 0 1 0 0 0 1 1 3 3 10 24 24 22 9 9 20 20 5 2 2 0 1 1 4 4 1 1 1 1
 6 6 3 3 3 1 1 1 1 1 1 0 0 0 0 0 0 0 1 0 0 2 3 3 4 4 17 22 22 17 19 19 9 9 11 6 6 2 2 2 8 8 1 2 2 1
 6 6 3 3 3 1 1 1 1 1 1 0 0 0 0 0 0 0 1 0 0 2 3 3 4 4 17 22 22 17 19 19 9 9 11 6 6 2 2 2 8 8 1 2 2 1
 2 2 2 1 1 1 0 0 0 0 1 1 1 0 0 0 1 1 4 3 3 2 6 6 8 8 15 22 22 31 15 15 9 9 8 6 6 3 2 2 2 2 2 1 1 1
 1 1 1 2 2 1 1 1 4 4 0 0 0 1 1 1 2 2 28 5 5 6 8 8 12 12 27 25 25 35 23 23 13 13 12 7 7 3 2 2 1 1 1 0 0 1
 1 1 1 2 2 1 1 1 4 4 0 0 0 1 1 1 2 2 28 5 5 6 8 8 12 12 27 25 25 35 23 23 13 13 12 7 7 3 2 2 1 1 1 0 0 1
 1 1 2 0 0 0 0 0 0 0 1 0 0 0 1 1 3 3 6 10 10 5 13 13 12 12 43 13 13 17 20 20 17 17 17 9 9 5 3 3 4 4 2 18 18 7
 0 0 0 1 1 1 1 1 1 1 1 1 1 1 1 1 5 5 2 8 8 12 5 5 18 18 9 19 19 16 26 26 25 25 19 16 16 13 13 13 7 7 3 24 24 27
 0 0 0 1 1 1 1 1 1 1 1 1 1 1 1 1 5 5 2 8 8 12 5 5 18 18 9 19 19 16 26 26 25 25 19 16 16 13 13 13 7 7 3 24 24 27
 2 2 2 1 1 1 0 0 1 1 2 1 1 1 1 1 2 2 2 7 7 8 3 3 12 12 9 12 12 15 19 19 28 28 25 25 25 17 10 10 3 3 4 10 10 3
 2 2 2 1 1 1 0 0 1 1 2 1 1 1 1 1 2 2 2 7 7 8 3 3 12 12 9 12 12 15 19 19 28 28 25 25 25 17 10 10 3 3 4 10 10 3
 1 1 2 1 1 0 1 1 1 1 0 1 1 1 1 1 1 1 1 9 9 10 4 4 6 6 7 8 8 14 26 26 25 25 29 28 28 26 16 16 5 5 3 4 4 6
 1 1 0 1 1 2 1 1 1 1 1 1 1 1 1 1 1 1 2 2 2 8 11 11 11 11 6 13 13 17 26 26 29 29 26 67 67 27 18 18 6 6 4 3 3 6
 1 1 0 1 1 2 1 1 1 1 1 1 1 1 1 1 1 1 2 2 2 8 11 11 11 11 6 13 13 17 26 26 29 29 26 67 67 27 18 18 6 6 4 3 3 6
 2 2 1 1 1 2 2 2 2 2 1 1 1 2 8 8 7 7 3 5 5 17 23 23 41 41 8 11 11 17 21 21 25 25 22 26 26 24 21 21 5 5 5 3 3 5
 2 2 2 2 2 2 3 3 2 2 3 2 2 4 2 2 5 5 8 13 13 43 20 20 20 20 9 14 14 14 18 18 25 25 22 17 17 14 9 9 1 1 1 2 2 2
 2 2 2 2 2 2 3 3 2 2 3 2 2 4 2 2 5 5 8 13 13 43 20 20 20 20 9 14 14 14 18 18 25 25 22 17 17 14 9 9 1 1 1 2 2 2
 3 3 2 1 1 4 3 3 3 3 3 7 7 3 2 2 2 2 7 41 41 29 16 16 18 18 12 8 8 11 18 18 19 19 17 14 14 9 4 4 1 1 1 1 1 3
 3 3 2 1 1 4 3 3 3 3 3 7 7 3 2 2 2 2 7 41 41 29 16 16 18 18 12 8 8 11 18 18 19 19 17 14 14 9 4 4 1 1 1 1 1 3
 8 8 3 5 5 3 5 5 7 7 3 3 3 5 7 7 3 3 5 31 31 24 38 38 18 18 10 9 9 7 13 13 10 10 16 11 11 8 1 1 0 0 0 4 4 8
 4 4 5 9 9 6 4 4 4 4 5 3 3 2 4 4 2 2 3 12 12 13 53 53 15 15 12 8 8 12 9 9 11 11 9 6 6 9 1 1 2 2 2 6 6 10
 4 4 5 9 9 6 4 4 4 4 5 3 3 2 4 4 2 2 3 12 12 13 53 53 15 15 12 8 8 12 9 9 11 11 9 6 6 9 1 1 2 2 2 6 6 10
 4 4 10 6 6 8 11 11 4 4 9 6 6 4 2 2 3 3 4 10 10 5 8 8 5 5 4 5 5 3 4 4 5 5 9 6 6 3 2 2 1 1 2 8 8 14
 6 6 6 4 4 5 7 7 7 7 4 2 2 2 2 2 1 1 2 1 1 2 2 2 3 3 7 2 2 2 2 2 5 5 8 22 22 9 6 6 3 3 9 13 13 9
 6 6 6 4 4 5 7 7 7 7 4 2 2 2 2 2 1 1 2 1 1 2 2 2 3 3 7 2 2 2 2 2 5 5 8 22 22 9 6 6 3 3 9 13 13 9
 21 21 4 7 7 6 13 13 3 3 7 4 4 1 4 4 1 1 3 1 1 1 2 2 5 5 2 4 4 2 9 9 11 11 14 16 16 7 3 3 3 3 6 7 7 29
 21 21 4 7 7 6 13 13 3 3 7 4 4 1 4 4 1 1 3 1 1 1 2 2 5 5 2 4 4 2 9 9 11 11 14 16 16 7 3 3 3 3 6 7 7 29
 7 7 8 7 7 6 5 5 3 3 1 1 1 1 1 1 1 1 1 1 1 1 5 5 5 5 2 2 2 1 9 9 10 10 24 72 72 8 2 2 2 2 1 7 7 29
 6 6 8 5 5 3 1 1 2 2 1 1 1 1 0 0 1 1 2 1 1 1 13 13 1 1 3 2 2 2 8 8 10 10 13 14 14 5 2 2 1 1 1 8 8 9
 6 6 8 5 5 3 1 1 2 2 1 1 1 1 0 0 1 1 2 1 1 1 13 13 1 1 3 2 2 2 8 8 10 10 13 14 14 5 2 2 1 1 1 8 8 9
 4 4 3 4 4 2 1 1 1 1 1 0 0 0 0 0 1 1 1 1 1 0 12 12 1 1 2 3 3 2 4 4 8 8 6 7 7 5 4 4 1 1 0 0 0 1
 4 4 4 3 3 1 1 1 0 0 0 0 0 0 0 0 0 0 0 0 0 0 0 0 4 4 8 6 6 1 10 10 14 14 2 3 3 1 0 0 0 0 0 0 0 0
 4 4 4 3 3 1 1 1 0 0 0 0 0 0 0 0 0 0 0 0 0 0 0 0 4 4 8 6 6 1 10 10 14 14 2 3 3 1 0 0 0 0 0 0 0 0
 5 5 6 4 4 3 2 2 0 0 0 0 0 0 0 0 0 0 0 0 0 0 0 0 1 1 5 11 11 3 10 10 9 9 3 1 1 3 4 4 0 0 0 0 0 0
 5 5 6 4 4 3 2 2 0 0 0 0 0 0 0 0 0 0 0 0 0 0 0 0 1 1 5 11 11 3 10 10 9 9 3 1 1 3 4 4 0 0 0 0 0 0
 8 8 9 11 11 3 2 2 1 1 1 0 0 1 0 0 0 0 0 0 0 0 0 0 1 1 1 4 4 10 6 6 5 5 6 1 1 3 4 4 0 0 1 1 1 0
 16 16 17 7 7 3 2 2 2 2 2 0 0 1 0 0 0 0 1 0 0 0 0 0 2 2 3 4 4 11 4 4 3 3 4 2 2 9 11 11 30 30 1 1 1 0
 16 16 17 7 7 3 2 2 2 2 2 0 0 1 0 0 0 0 1 0 0 0 0 0 2 2 3 4 4 11 4 4 3 3 4 2 2 9 11 11 30 30 1 1 1 0
 25 25 18 12 12 10 5 5 5 5 2 0 0 1 0 0 0 0 0 0 0 0 0 0 0 0 1 1 1 3 4 4 4 4 10 5 5 9 27 27 68 68 12 6 6 1
 37 37 23 18 18 16 6 6 4 4 2 1 1 1 1 1 1 1 0 1 1 1 1 1 0 0 0 1 1 2 3 3 4 4 4 4 4 4 3 3 6 6 11 6 6 7
 37 37 23 18 18 16 6 6 4 4 2 1 1 1 1 1 1 1 0 1 1 1 1 1 0 0 0 1 1 2 3 3 4 4 4 4 4 4 3 3 6 6 11 6 6 7
 31 31 26 22 22 19 10 10 7 7 2 1 1 1 1 1 1 1 0 2 2 11 10 10 8 8 5 6 6 4 3 3 3 3 5 5 5 3 3 3 1 1 9 10 10 4
 31 31 26 22 22 19 10 10 7 7 2 1 1 1 1 1 1 1 0 2 2 11 10 10 8 8 5 6 6 4 3 3 3 3 5 5 5 3 3 3 1 1 9 10 10 4
 62 62 35 22 22 15 8 8 8 8 3 2 2 1 1 1 1 1 1 5 5 10 18 18 7 7 5 5 5 2 11 11 14 14 16 5 5 4 1 1 1 1 2 2 2 0
 45 45 37 21 21 14 9 9 5 5 4 3 3 2 1 1 1 1 1 9 9 18 15 15 10 10 6 2 2 2 6 6 14 14 14 4 4 5 2 2 2 2 0 0 0 0
 45 45 37 21 21 14 9 9 5 5 4 3 3 2 1 1 1 1 1 9 9 18 15 15 10 10 6 2 2 2 6 6 14 14 14 4 4 5 2 2 2 2 0 0 0 0
 49 49 20 17 17 10 8 8 4 4 3 3 3 1 1 1 1 1 3 3 3 15 12 12 12 12 6 7 7 2 5 5 8 8 9 9 9 8 3 3 0 0 1 2 2 0
 48 48 26 25 25 9 5 5 3 3 6 3 3 3 1 1 3 3 2 5 5 9 10 10 11 11 6 9 9 6 3 3 1 1 2 1 1 9 2 2 0 0 1 1 1 2
