assets/RAT_results_old/precipitation/2018-07-12_IMERG.asc
ncols        46
nrows        77
xllcorner    74.800261325624
yllcorner    8.058333333333
cellsize     0.062500000000
NODATA_value -9999
 15 15 18 15 15 12 19 19 23 23 16 10 10 10 9 9 5 5 4 2 2 2 1 1 1 1 1 0 0 1 0 0 0 0 0 0 0 0 1 1 1 1 2 1 1 1
 12 12 17 14 14 11 26 26 37 37 16 8 8 7 7 7 6 6 2 2 2 4 0 0 0 0 0 2 2 1 2 2 0 0 0 0 0 0 1 1 1 1 1 1 1 1
 12 12 17 14 14 11 26 26 37 37 16 8 8 7 7 7 6 6 2 2 2 4 0 0 0 0 0 2 2 1 2 2 0 0 0 0 0 0 1 1 1 1 1 1 1 1
 8 8 11 14 14 18 33 33 26 26 20 21 21 12 9 9 8 8 4 3 3 1 0 0 1 1 1 1 1 1 1 1 0 0 0 1 1 1 1 1 1 1 1 2 2 1
 2 2 8 12 12 15 32 32 48 48 31 30 30 21 12 12 8 8 4 1 1 3 1 1 1 1 1 1 1 1 0 0 0 0 1 1 1 1 1 1 1 1 1 1 1 0
 2 2 8 12 12 15 32 32 48 48 31 30 30 21 12 12 8 8 4 1 1 3 1 1 1 1 1 1 1 1 0 0 0 0 1 1 1 1 1 1 1 1 1 1 1 0
 4 4 4 16 16 19 27 27 27 27 23 19 19 13 10 10 6 6 6 2 2 1 2 2 1 1 1 1 1 1 0 0 0 0 1 1 1 1 1 1 1 1 1 1 1 0
 4 4 4 16 16 19 27 27 27 27 23 19 19 13 10 10 6 6 6 2 2 1 2 2 1 1 1 1 1 1 0 0 0 0 1 1 1 1 1 1 1 1 1 1 1 0
 2 2 4 7 7 11 15 15 19 19 34 18 18 16 10 10 6 6 3 3 3 2 3 3 2 2 3 1 1 1 0 0 1 1 2 2 2 1 1 1 1 1 1 1 1 0
 2 2 4 6 6 8 8 8 9 9 23 17 17 16 10 10 6 6 5 5 5 4 3 3 2 2 1 1 1 1 1 1 1 1 2 2 2 2 1 1 1 1 1 0 0 0
 2 2 4 6 6 8 8 8 9 9 23 17 17 16 10 10 6 6 5 5 5 4 3 3 2 2 1 1 1 1 1 1 1 1 2 2 2 2 1 1 1 1 1 0 0 0
 3 3 1 3 3 6 8 8 13 13 22 23 23 17 9 9 13 13 6 6 6 4 3 3 2 2 2 2 2 2 2 2 2 2 2 2 2 2 1 1 1 1 1 1 1 0
 1 1 1 1 1 4 5 5 6 6 9 11 11 19 13 13 7 7 11 6 6 3 3 3 3 3 3 3 3 3 2 2 2 2 2 1 1 1 1 1 0 0 0 0 0 0
 1 1 1 1 1 4 5 5 6 6 9 11 11 19 13 13 7 7 11 6 6 3 3 3 3 3 3 3 3 3 2 2 2 2 2 1 1 1 1 1 0 0 0 0 0 0
 1 1 0 1 1 1 4 4 2 2 8 10 10 12 9 9 6 6 9 8 8 3 6 6 4 4 5 2 2 1 1 1 1 1 1 1 1 0 0 0 0 0 0 0 0 0
 1 1 0 1 1 1 4 4 2 2 8 10 10 12 9 9 6 6 9 8 8 3 6 6 4 4 5 2 2 1 1 1 1 1 1 1 1 0 0 0 0 0 0 0 0 0
 5 5 2 1 1 1 1 1 3 3 8 8 8 7 14 14 6 6 4 3 3 2 2 2 2 2 1 1 1 0 1 1 1 1 0 0 0 0 0 0 0 0 0 0 0 0
 9 9 3 2 2 3 3 3 4 4 9 7 7 8 6 6 9 9 7 4 4 3 1 1 1 1 0 0 0 1 1 1 0 0 0 0 0 0 0 0 0 0 0 0 0 0
 9 9 3 2 2 3 3 3 4 4 9 7 7 8 6 6 9 9 7 4 4 3 1 1 1 1 0 0 0 1 1 1 0 0 0 0 0 0 0 0 0 0 0 0 0 0
 3 3 2 3 3 6 4 4 4 4 8 6 6 8 4 4 5 5 6 6 6 3 2 2 2 2 1 0 0 1 1 1 0 0 0 0 0 0 0 0 0 0 0 0 0 0
 6 6 4 3 3 4 11 11 7 7 5 9 9 11 9 9 6 6 6 4 4 4 11 11 1 1 2 0 0 1 1 1 0 0 0 0 0 0 0 0 0 0 0 0 0 0
 6 6 4 3 3 4 11 11 7 7 5 9 9 11 9 9 6 6 6 4 4 4 11 11 1 1 2 0 0 1 1 1 0 0 0 0 0 0 0 0 0 0 0 0 0 0
 3 3 5 7 7 6 5 5 4 4 3 4 4 10 9 9 4 4 7 8 8 7 7 7 3 3 3 1 1 0 0 0 0 0 0 0 0 0 0 0 0 0 0 0 0 0
 3 3 5 7 7 6 5 5 4 4 3 4 4 10 9 9 4 4 7 8 8 7 7 7 3 3 3 1 1 0 0 0 0 0 0 0 0 0 0 0 0 0 0 0 0 0
 2 2 8 6 6 6 2 2 1 1 2 5 5 10 11 11 8 8 6 10 10 4 4 4 2 2 1 0 0 1 1 1 0 0 0 0 0 0 0 0 0 0 0 0 0 0
 1 1 4 3 3 5 3 3 1 1 5 7 7 3 5 5 8 8 7 4 4 1 3 3 2 2 1 0 0 1 0 0 0 0 0 0 0 0 0 0 0 0 0 0 0 0
 1 1 4 3 3 5 3 3 1 1 5 7 7 3 5 5 8 8 7 4 4 1 3 3 2 2 1 0 0 1 0 0 0 0 0 0 0 0 0 0 0 0 0 0 0 0
 1 1 1 2 2 2 2 2 19 19 6 2 2 2 1 1 8 8 9 1 1 1 1 1 3 3 1 1 1 1 0 0 0 0 0 0 0 1 0 0 0 0 0 0 0 0
 1 1 1 2 2 1 4 4 7 7 4 1 1 1 1 1 1 1 6 4 4 0 4 4 0 0 2 1 1 1 0 0 1 1 1 0 0 1 1 1 0 0 0 0 0 0
 1 1 1 2 2 1 4 4 7 7 4 1 1 1 1 1 1 1 6 4 4 0 4 4 0 0 2 1 1 1 0 0 1 1 1 0 0 1 1 1 0 0 0 0 0 0
 1 1 1 3 3 6 9 9 7 7 1 1 1 1 2 2 1 1 1 2 2 1 2 2 0 0 0 1 1 0 0 0 1 1 2 0 0 0 0 0 0 0 0 0 0 0
 1 1 1 3 3 6 9 9 7 7 1 1 1 1 2 2 1 1 1 2 2 1 2 2 0 0 0 1 1 0 0 0 1 1 2 0 0 0 0 0 0 0 0 0 0 0
 0 0 0 1 1 5 6 6 4 4 0 0 0 1 1 1 1 1 1 0 0 0 1 1 3 3 0 1 1 1 1 1 4 4 4 2 2 0 0 0 0 0 0 0 0 0
 0 0 1 3 3 2 1 1 0 0 0 0 0 1 2 2 2 2 5 4 4 1 1 1 1 1 1 1 1 3 2 2 2 2 1 0 0 0 0 0 0 0 0 0 0 0
 0 0 1 3 3 2 1 1 0 0 0 0 0 1 2 2 2 2 5 4 4 1 1 1 1 1 1 1 1 3 2 2 2 2 1 0 0 0 0 0 0 0 0 0 0 0
 1 1 1 0 0 1 1 1 0 0 0 0 0 1 1 1 1 1 1 2 2 0 2 2 3 3 3 1 1 1 0 0 0 0 0 0 0 0 0 0 0 0 0 0 0 0
 1 1 1 4 4 4 2 2 1 1 0 0 0 0 0 0 1 1 4 2 2 4 1 1 1 1 0 1 1 0 0 0 0 0 0 0 0 0 0 0 0 0 0 0 0 0
 1 1 1 4 4 4 2 2 1 1 0 0 0 0 0 0 1 1 4 2 2 4 1 1 1 1 0 1 1 0 0 0 0 0 0 0 0 0 0 0 0 0 0 0 0 0
 1 1 1 9 9 9 4 4 1 1 1 0 0 0 0 0 1 1 6 10 10 7 1 1 1 1 0 1 1 0 2 2 3 3 0 0 0 0 0 0 0 0 0 0 0 0
 1 1 1 9 9 9 4 4 1 1 1 0 0 0 0 0 1 1 6 10 10 7 1 1 1 1 0 1 1 0 2 2 3 3 0 0 0 0 0 0 0 0 0 0 0 0
 0 0 3 4 4 2 1 1 0 0 0 0 0 0 0 0 5 5 1 2 2 1 1 1 1 1 1 2 2 3 2 2 1 1 1 1 1 2 0 0 0 0 0 0 0 0
 0 0 6 4 4 2 2 2 1 1 3 0 0 0 0 0 0 0 1 3 3 1 1 1 4 4 2 4 4 0 0 0 0 0 1 3 3 4 1 1 0 0 0 1 1 0
 0 0 6 4 4 2 2 2 1 1 3 0 0 0 0 0 0 0 1 3 3 1 1 1 4 4 2 4 4 0 0 0 0 0 1 3 3 4 1 1 0 0 0 1 1 0
 1 1 9 6 6 2 1 1 1 1 1 2 2 0 1 1 0 0 3 1 1 7 2 2 3 3 0 3 3 0 1 1 1 1 1 3 3 4 2 2 0 0 0 0 0 0
 4 4 9 2 2 1 5 5 3 3 1 6 6 2 0 0 0 0 0 2 2 1 2 2 6 6 4 1 1 0 1 1 0 0 2 3 3 6 0 0 0 0 0 0 0 0
 4 4 9 2 2 1 5 5 3 3 1 6 6 2 0 0 0 0 0 2 2 1 2 2 6 6 4 1 1 0 1 1 0 0 2 3 3 6 0 0 0 0 0 0 0 0
 5 5 5 1 1 3 3 3 2 2 3 1 1 2 0 0 0 0 0 1 1 6 10 10 3 3 2 5 5 1 4 4 3 3 3 5 5 5 2 2 0 0 0 0 0 0
 5 5 5 1 1 3 3 3 2 2 3 1 1 2 0 0 0 0 0 1 1 6 10 10 3 3 2 5 5 1 4 4 3 3 3 5 5 5 2 2 0 0 0 0 0 0
 6 6 4 1 1 2 1 1 1 1 0 0 0 1 2 2 1 1 3 0 0 5 9 9 4 4 8 4 4 4 4 4 2 2 10 10 10 7 2 2 0 0 0 0 0 0
 7 7 1 0 0 0 0 0 1 1 0 0 0 2 2 2 1 1 10 2 2 7 1 1 4 4 4 5 5 3 3 3 4 4 7 4 4 6 3 3 1 1 1 0 0 0
 7 7 1 0 0 0 0 0 1 1 0 0 0 2 2 2 1 1 10 2 2 7 1 1 4 4 4 5 5 3 3 3 4 4 7 4 4 6 3 3 1 1 1 0 0 0
 6 6 1 0 0 0 0 0 0 0 0 0 0 3 1 1 5 5 19 11 11 1 3 3 3 3 5 6 6 1 2 2 4 4 8 10 10 4 2 2 1 1 0 1 1 0
 1 1 1 0 0 0 0 0 0 0 1 0 0 0 2 2 8 8 22 7 7 1 2 2 3 3 6 4 4 2 1 1 0 0 1 4 4 3 3 3 0 0 0 0 0 0
 1 1 1 0 0 0 0 0 0 0 1 0 0 0 2 2 8 8 22 7 7 1 2 2 3 3 6 4 4 2 1 1 0 0 1 4 4 3 3 3 0 0 0 0 0 0
 0 0 0 0 0 0 0 0 0 0 0 0 0 0 0 0 2 2 6 3 3 2 2 2 2 2 3 4 4 2 0 0 0 0 0 6 6 4 1 1 0 0 0 0 0 0
 0 0 0 0 0 0 0 0 0 0 0 0 0 0 0 0 2 2 6 3 3 2 2 2 2 2 3 4 4 2 0 0 0 0 0 6 6 4 1 1 0 0 0 0 0 0
 0 0 0 0 0 0 0 0 0 0 0 0 0 0 0 0 0 0 1 0 0 1 1 1 4 4 3 2 2 1 0 0 0 0 1 4 4 1 2 2 1 1 0 0 0 0
 0 0 0 0 0 0 0 0 0 0 0 0 0 0 1 1 0 0 0 0 0 1 1 1 3 3 1 2 2 0 1 1 1 1 0 2 2 2 1 1 1 1 0 0 0 0
 0 0 0 0 0 0 0 0 0 0 0 0 0 0 1 1 0 0 0 0 0 1 1 1 3 3 1 2 2 0 1 1 1 1 0 2 2 2 1 1 1 1 0 0 0 0
 0 0 0 0 0 0 0 0 1 1 1 0 0 0 0 0 0 0 0 0 0 0 0 0 0 0 0 0 0 0 0 0 5 5 1 0 0 1 1 1 0 0 0 0 0 0
 0 0 0 0 0 0 0 0 0 0 0 1 1 0 0 0 0 0 0 0 0 0 0 0 0 0 0 0 0 0 0 0 0 0 0 0 0 0 0 0 0 0 0 0 0 0
 0 0 0 0 0 0 0 0 0 0 0 1 1 0 0 0 0 0 0 0 0 0 0 0 0 0 0 0 0 0 0 0 0 0 0 0 0 0 0 0 0 0 0 0 0 0
 0 0 0 0 0 0 0 0 0 0 0 0 0 0 0 0 0 0 0 0 0 0 0 0 0 0 0 0 0 0 0 0 1 1 0 0 0 0 0 0 0 0 0 0 0 0
 0 0 0 0 0 0 0 0 0 0 0 0 0 0 0 0 0 0 0 0 0 0 0 0 0 0 0 0 0 0 0 0 1 1 0 0 0 0 0 0 0 0 0 0 0 0
 0 0 0 0 0 0 0 0 0 0 0 0 0 0 0 0 0 0 0 0 0 0 0 0 0 0 1 2 2 2 1 1 0 0 0 0 0 0 1 1 1 1 0 0 0 0
 0 0 0 0 0 0 0 0 0 0 0 0 0 0 0 0 0 0 0 0 0 0 0 0 1 1 3 3 3 2 1 1 1 1 0 0 0 0 0 0 0 0 0 0 0 0
 0 0 0 0 0 0 0 0 0 0 0 0 0 0 0 0 0 0 0 0 0 0 0 0 1 1 3 3 3 2 1 1 1 1 0 0 0 0 0 0 0 0 0 0 0 0
 0 0 0 0 0 0 0 0 0 0 0 0 0 0 0 0 0 0 0 1 1 1 0 0 0 0 0 0 0 0 1 1 0 0 0 0 0 1 0 0 0 0 1 0 0 0
 2 2 2 0 0 0 0 0 0 0 0 0 0 0 0 0 0 0 0 0 0 0 0 0 0 0 0 1 1 1 1 1 0 0 0 1 1 1 0 0 0 0 2 1 1 1
 2 2 2 0 0 0 0 0 0 0 0 0 0 0 0 0 0 0 0 0 0 0 0 0 0 0 0 1 1 1 1 1 0 0 0 1 1 1 0 0 0 0 2 1 1 1
 3 3 5 0 0 0 0 0 0 0 0 0 0 0 0 0 0 0 0 0 0 0 0 0 0 0 0 1 1 1 1 1 3 3 4 2 2 1 0 0 0 0 0 2 2 1
 3 3 5 0 0 0 0 0 0 0 0 0 0 0 0 0 0 0 0 0 0 0 0 0 0 0 0 1 1 1 1 1 3 3 4 2 2 1 0 0 0 0 0 2 2 1
 0 0 0 0 0 0 0 0 0 0 0 0 0 0 0 0 0 0 0 0 0 0 0 0 0 0 0 0 0 0 1 1 3 3 5 2 2 0 0 0 0 0 0 0 0 0
 0 0 0 0 0 0 0 0 1 1 1 2 2 3 3 3 1 1 0 0 0 0 0 0 0 0 0 0 0 0 1 1 3 3 3 2 2 1 0 0 0 0 0 0 0 0
 0 0 0 0 0 0 0 0 1 1 1 2 2 3 3 3 1 1 0 0 0 0 0 0 0 0 0 0 0 0 1 1 3 3 3 2 2 1 0 0 0 0 0 0 0 0
 0 0 0 0 0 0 0 0 0 0 0 0 0 1 0 0 0 0 0 0 0 0 0 0 0 0 0 0 0 0 0 0 0 0 0 0 0 0 1 1 1 1 1 1 1 1
 1 1 0 0 0 0 0 0 0 0 0 0 0 0 0 0 0 0 0 0 0 0 0 0 0 0 0 0 0 0 0 0 0 0 0 0 0 0 1 1 1 1 1 0 0 1
