assets/RAT_results_old/precipitation/2018-03-18_IMERG.asc
ncols        46
nrows        77
xllcorner    74.800261325624
yllcorner    8.058333333333
cellsize     0.062500000000
NODATA_value -9999
 0 0 0 0 0 1 6 6 2 2 2 18 18 28 3 3 6 6 1 0 0 0 0 0 0 0 1 2 2 1 1 1 3 3 2 1 1 1 1 1 0 0 0 0 0 0
 0 0 0 0 0 0 1 1 3 3 7 18 18 6 7 7 4 4 5 0 0 0 0 0 0 0 2 2 2 1 0 0 0 0 0 0 0 0 0 0 0 0 0 0 0 0
 0 0 0 0 0 0 1 1 3 3 7 18 18 6 7 7 4 4 5 0 0 0 0 0 0 0 2 2 2 1 0 0 0 0 0 0 0 0 0 0 0 0 0 0 0 0
 0 0 0 0 0 0 2 2 5 5 4 15 15 18 5 5 16 16 11 1 1 0 0 0 0 0 1 1 1 1 1 1 0 0 0 0 0 0 0 0 0 0 0 0 0 0
 0 0 0 0 0 0 2 2 12 12 18 12 12 31 20 20 10 10 15 1 1 0 0 0 0 0 0 1 1 1 1 1 0 0 0 0 0 1 1 1 1 1 0 0 0 1
 0 0 0 0 0 0 2 2 12 12 18 12 12 31 20 20 10 10 15 1 1 0 0 0 0 0 0 1 1 1 1 1 0 0 0 0 0 1 1 1 1 1 0 0 0 1
 0 0 0 0 0 0 5 5 13 13 17 33 33 10 15 15 14 14 5 2 2 1 0 0 0 0 0 0 0 0 0 0 0 0 0 0 0 1 1 1 1 1 0 0 0 1
 0 0 0 0 0 0 5 5 13 13 17 33 33 10 15 15 14 14 5 2 2 1 0 0 0 0 0 0 0 0 0 0 0 0 0 0 0 1 1 1 1 1 0 0 0 1
 0 0 0 0 0 0 1 1 5 5 11 14 14 26 26 26 10 10 6 8 8 2 1 1 0 0 0 0 0 0 0 0 0 0 0 0 0 1 1 1 1 1 0 0 0 0
 0 0 0 0 0 0 0 0 1 1 11 8 8 11 4 4 10 10 6 21 21 4 1 1 0 0 0 0 0 0 0 0 0 0 0 1 1 1 3 3 4 4 0 0 0 3
 0 0 0 0 0 0 0 0 1 1 11 8 8 11 4 4 10 10 6 21 21 4 1 1 0 0 0 0 0 0 0 0 0 0 0 1 1 1 3 3 4 4 0 0 0 3
 0 0 0 0 0 1 0 0 0 0 1 1 1 3 4 4 27 27 6 16 16 4 4 4 1 1 1 0 0 0 0 0 0 0 0 2 2 2 2 2 1 1 1 3 3 3
 0 0 0 0 0 1 0 0 0 0 1 1 1 2 6 6 14 14 12 30 30 26 7 7 2 2 3 2 2 1 1 1 0 0 0 2 2 7 3 3 1 1 2 3 3 4
 0 0 0 0 0 1 0 0 0 0 1 1 1 2 6 6 14 14 12 30 30 26 7 7 2 2 3 2 2 1 1 1 0 0 0 2 2 7 3 3 1 1 2 3 3 4
 0 0 0 0 0 0 0 0 0 0 0 0 0 2 8 8 8 8 18 41 41 29 10 10 2 2 3 5 5 3 1 1 3 3 0 2 2 9 4 4 6 6 5 2 2 1
 0 0 0 0 0 0 0 0 0 0 0 0 0 2 8 8 8 8 18 41 41 29 10 10 2 2 3 5 5 3 1 1 3 3 0 2 2 9 4 4 6 6 5 2 2 1
 0 0 0 0 0 0 0 0 0 0 0 0 0 0 3 3 5 5 16 41 41 44 6 6 8 8 7 2 2 4 4 4 3 3 0 2 2 8 5 5 3 3 3 2 2 0
 0 0 0 0 0 0 0 0 0 0 0 0 0 0 2 2 2 2 38 45 45 37 8 8 8 8 16 6 6 27 5 5 3 3 0 0 0 4 1 1 0 0 4 1 1 1
 0 0 0 0 0 0 0 0 0 0 0 0 0 0 2 2 2 2 38 45 45 37 8 8 8 8 16 6 6 27 5 5 3 3 0 0 0 4 1 1 0 0 4 1 1 1
 0 0 0 0 0 0 0 0 0 0 0 0 0 0 2 2 1 1 19 40 40 31 9 9 13 13 32 9 9 28 5 5 0 0 0 1 1 0 0 0 0 0 1 3 3 0
 0 0 0 0 0 0 0 0 0 0 0 0 0 0 1 1 3 3 5 68 68 65 18 18 13 13 8 4 4 4 2 2 2 2 0 0 0 0 0 0 0 0 1 0 0 0
 0 0 0 0 0 0 0 0 0 0 0 0 0 0 1 1 3 3 5 68 68 65 18 18 13 13 8 4 4 4 2 2 2 2 0 0 0 0 0 0 0 0 1 0 0 0
 0 0 0 0 0 0 0 0 0 0 1 1 1 0 0 0 2 2 2 12 12 12 12 12 16 16 12 9 9 15 8 8 9 9 2 1 1 1 0 0 0 0 0 0 0 0
 0 0 0 0 0 0 0 0 0 0 1 1 1 0 0 0 2 2 2 12 12 12 12 12 16 16 12 9 9 15 8 8 9 9 2 1 1 1 0 0 0 0 0 0 0 0
 0 0 0 0 0 0 0 0 14 14 10 1 1 0 0 0 0 0 3 9 9 9 18 18 24 24 12 10 10 9 7 7 6 6 4 4 4 2 0 0 0 0 0 0 0 0
 0 0 0 0 0 0 13 13 14 14 12 15 15 3 4 4 5 5 4 4 4 8 13 13 18 18 14 31 31 11 9 9 7 7 5 4 4 3 0 0 0 0 0 0 0 0
 0 0 0 0 0 0 13 13 14 14 12 15 15 3 4 4 5 5 4 4 4 8 13 13 18 18 14 31 31 11 9 9 7 7 5 4 4 3 0 0 0 0 0 0 0 0
 0 0 0 0 0 0 0 0 1 1 5 17 17 35 18 18 4 4 5 4 4 11 13 13 49 49 21 20 20 11 11 11 7 7 6 5 5 3 0 0 0 0 0 0 0 0
 0 0 0 0 0 0 0 0 0 0 2 5 5 7 6 6 10 10 6 6 6 27 41 41 58 58 41 105 105 19 12 12 7 7 5 1 1 1 0 0 0 0 0 0 0 0
 0 0 0 0 0 0 0 0 0 0 2 5 5 7 6 6 10 10 6 6 6 27 41 41 58 58 41 105 105 19 12 12 7 7 5 1 1 1 0 0 0 0 0 0 0 0
 0 0 0 0 0 0 0 0 1 1 0 2 2 1 6 6 4 4 2 8 8 29 30 30 36 36 22 22 22 46 20 20 20 20 2 1 1 1 0 0 0 0 0 0 0 0
 0 0 0 0 0 0 0 0 1 1 0 2 2 1 6 6 4 4 2 8 8 29 30 30 36 36 22 22 22 46 20 20 20 20 2 1 1 1 0 0 0 0 0 0 0 0
 0 0 0 1 1 2 1 1 1 1 0 1 1 1 1 1 1 1 2 9 9 9 12 12 15 15 18 10 10 46 20 20 7 7 2 1 1 1 0 0 0 0 0 0 0 0
 0 0 0 0 0 1 0 0 2 2 2 1 1 1 1 1 1 1 2 9 9 10 14 14 17 17 14 13 13 14 6 6 4 4 2 1 1 1 1 1 0 0 0 0 0 0
 0 0 0 0 0 1 0 0 2 2 2 1 1 1 1 1 1 1 2 9 9 10 14 14 17 17 14 13 13 14 6 6 4 4 2 1 1 1 1 1 0 0 0 0 0 0
 0 0 0 0 0 1 1 1 4 4 3 1 1 0 1 1 1 1 2 12 12 10 12 12 16 16 7 8 8 9 5 5 4 4 2 2 2 2 1 1 0 0 0 0 0 0
 0 0 1 1 1 1 1 1 4 4 0 1 1 0 0 0 1 1 2 9 9 13 14 14 13 13 32 8 8 28 6 6 6 6 4 4 4 2 1 1 0 0 0 0 0 0
 0 0 1 1 1 1 1 1 4 4 0 1 1 0 0 0 1 1 2 9 9 13 14 14 13 13 32 8 8 28 6 6 6 6 4 4 4 2 1 1 0 0 0 0 0 0
 1 1 1 2 2 1 2 2 1 1 1 0 0 0 0 0 1 1 1 12 12 11 8 8 44 44 10 18 18 18 84 84 13 13 6 5 5 3 2 2 1 1 2 2 2 1
 1 1 1 2 2 1 2 2 1 1 1 0 0 0 0 0 1 1 1 12 12 11 8 8 44 44 10 18 18 18 84 84 13 13 6 5 5 3 2 2 1 1 2 2 2 1
 1 1 1 11 11 4 28 28 28 28 10 1 1 1 0 0 3 3 3 11 11 8 8 8 9 9 25 30 30 19 117 117 47 47 26 9 9 20 7 7 6 6 10 3 3 2
 1 1 6 8 8 2 0 0 28 28 10 2 2 1 1 1 0 0 0 1 1 7 8 8 9 9 19 36 36 27 124 124 36 36 20 11 11 20 6 6 6 6 8 4 4 5
 1 1 6 8 8 2 0 0 28 28 10 2 2 1 1 1 0 0 0 1 1 7 8 8 9 9 19 36 36 27 124 124 36 36 20 11 11 20 6 6 6 6 8 4 4 5
 1 1 3 2 2 1 0 0 1 1 1 2 2 2 1 1 12 12 1 1 1 11 11 11 12 12 16 34 34 33 29 29 26 26 26 8 8 11 8 8 8 8 6 4 4 4
 1 1 1 0 0 0 0 0 1 1 1 1 1 1 2 2 8 8 4 3 3 15 11 11 11 11 20 38 38 27 22 22 15 15 32 6 6 4 4 4 5 5 5 3 3 1
 1 1 1 0 0 0 0 0 1 1 1 1 1 1 2 2 8 8 4 3 3 15 11 11 11 11 20 38 38 27 22 22 15 15 32 6 6 4 4 4 5 5 5 3 3 1
 0 0 0 0 0 0 1 1 1 1 2 2 2 1 2 2 8 8 33 5 5 10 12 12 11 11 20 43 43 19 27 27 35 35 35 6 6 5 5 5 2 2 1 1 1 1
 0 0 0 0 0 0 1 1 1 1 2 2 2 1 2 2 8 8 33 5 5 10 12 12 11 11 20 43 43 19 27 27 35 35 35 6 6 5 5 5 2 2 1 1 1 1
 0 0 0 0 0 0 0 0 1 1 1 2 2 5 2 2 2 2 4 3 3 7 6 6 4 4 15 44 44 27 131 131 49 49 34 5 5 4 3 3 2 2 1 1 1 0
 0 0 1 0 0 0 0 0 0 0 1 2 2 3 2 2 2 2 4 4 4 2 2 2 4 4 11 33 33 38 36 36 40 40 13 6 6 6 5 5 3 3 1 1 1 0
 0 0 1 0 0 0 0 0 0 0 1 2 2 3 2 2 2 2 4 4 4 2 2 2 4 4 11 33 33 38 36 36 40 40 13 6 6 6 5 5 3 3 1 1 1 0
 1 1 1 0 0 0 1 1 1 1 3 4 4 4 2 2 3 3 5 2 2 2 6 6 10 10 8 9 9 28 38 38 43 43 12 11 11 6 6 6 3 3 2 1 1 0
 1 1 2 2 2 1 2 2 2 2 2 2 2 7 2 2 3 3 3 4 4 4 7 7 13 13 14 13 13 29 22 22 26 26 19 10 10 8 4 4 3 3 2 1 1 0
 1 1 2 2 2 1 2 2 2 2 2 2 2 7 2 2 3 3 3 4 4 4 7 7 13 13 14 13 13 29 22 22 26 26 19 10 10 8 4 4 3 3 2 1 1 0
 1 1 3 3 3 2 1 1 1 1 1 1 1 2 2 2 3 3 6 10 10 11 12 12 13 13 124 15 15 35 46 46 16 16 16 11 11 5 4 4 3 3 2 1 1 0
 1 1 3 3 3 2 1 1 1 1 1 1 1 2 2 2 3 3 6 10 10 11 12 12 13 13 124 15 15 35 46 46 16 16 16 11 11 5 4 4 3 3 2 1 1 0
 1 1 3 3 3 1 1 1 1 1 6 1 1 1 6 6 4 4 20 15 15 17 13 13 23 23 47 19 19 29 97 97 71 71 26 9 9 8 5 5 4 4 1 0 0 0
 1 1 1 2 2 1 1 1 1 1 4 0 0 5 6 6 4 4 23 13 13 15 11 11 9 9 8 16 16 29 72 72 13 13 21 24 24 19 4 4 3 3 1 0 0 0
 1 1 1 2 2 1 1 1 1 1 4 0 0 5 6 6 4 4 23 13 13 15 11 11 9 9 8 16 16 29 72 72 13 13 21 24 24 19 4 4 3 3 1 0 0 0
 1 1 1 2 2 1 0 0 0 0 0 2 2 0 1 1 1 1 29 7 7 6 6 6 6 6 6 9 9 16 18 18 9 9 10 18 18 3 3 3 2 2 0 0 0 0
 3 3 3 1 1 1 0 0 0 0 0 2 2 0 0 0 0 0 2 2 2 2 3 3 5 5 5 6 6 19 9 9 9 9 10 1 1 1 1 1 0 0 0 0 0 0
 3 3 3 1 1 1 0 0 0 0 0 2 2 0 0 0 0 0 2 2 2 2 3 3 5 5 5 6 6 19 9 9 9 9 10 1 1 1 1 1 0 0 0 0 0 0
 2 2 3 3 3 1 1 1 1 1 2 0 0 0 0 0 0 0 0 0 0 1 1 1 3 3 4 21 21 13 8 8 28 28 4 0 0 0 0 0 0 0 0 0 0 0
 2 2 3 3 3 1 1 1 1 1 2 0 0 0 0 0 0 0 0 0 0 1 1 1 3 3 4 21 21 13 8 8 28 28 4 0 0 0 0 0 0 0 0 0 0 0
 2 2 3 2 2 1 1 1 1 1 1 1 1 0 0 0 0 0 0 0 0 1 1 1 2 2 3 17 17 4 6 6 5 5 1 1 1 2 1 1 0 0 1 0 0 0
 5 5 4 3 3 7 2 2 1 1 1 0 0 0 0 0 0 0 0 1 1 1 2 2 3 3 3 2 2 4 5 5 1 1 1 2 2 6 13 13 1 1 0 1 1 1
 5 5 4 3 3 7 2 2 1 1 1 0 0 0 0 0 0 0 0 1 1 1 2 2 3 3 3 2 2 4 5 5 1 1 1 2 2 6 13 13 1 1 0 1 1 1
 2 2 4 4 4 7 1 1 1 1 1 0 0 0 0 0 1 1 1 1 1 2 3 3 4 4 4 3 3 2 1 1 0 0 0 15 15 26 10 10 0 0 0 0 0 0
 1 1 1 1 1 1 1 1 0 0 0 0 0 0 0 0 0 0 0 2 2 3 2 2 1 1 1 1 1 1 0 0 0 0 1 7 7 16 20 20 0 0 0 0 0 0
 1 1 1 1 1 1 1 1 0 0 0 0 0 0 0 0 0 0 0 2 2 3 2 2 1 1 1 1 1 1 0 0 0 0 1 7 7 16 20 20 0 0 0 0 0 0
 0 0 0 1 1 0 0 0 0 0 0 0 0 0 0 0 1 1 1 1 1 2 2 2 2 2 2 1 1 0 0 0 0 0 1 2 2 0 5 5 0 0 6 0 0 0
 0 0 0 1 1 0 0 0 0 0 0 0 0 0 0 0 1 1 1 1 1 2 2 2 2 2 2 1 1 0 0 0 0 0 1 2 2 0 5 5 0 0 6 0 0 0
 0 0 0 0 0 0 0 0 0 0 0 0 0 0 0 0 1 1 1 0 0 1 1 1 2 2 1 1 1 1 1 1 0 0 0 0 0 0 0 0 3 3 0 0 0 0
 0 0 1 0 0 0 0 0 0 0 0 0 0 0 0 0 0 0 0 0 0 0 0 0 1 1 0 1 1 2 1 1 0 0 0 0 0 0 0 0 0 0 0 0 0 0
 0 0 1 0 0 0 0 0 0 0 0 0 0 0 0 0 0 0 0 0 0 0 0 0 1 1 0 1 1 2 1 1 0 0 0 0 0 0 0 0 0 0 0 0 0 0
 0 0 0 0 0 0 0 0 0 0 0 0 0 0 0 0 0 0 0 0 0 0 0 0 0 0 0 0 0 0 0 0 0 0 0 0 0 0 0 0 0 0 0 0 0 0
 0 0 0 0 0 0 0 0 0 0 0 0 0 0 0 0 0 0 0 0 0 0 0 0 0 0 1 0 0 0 0 0 0 0 0 0 0 0 0 0 0 0 0 0 0 0
