assets/RAT_results_old/precipitation/2018-09-28_IMERG.asc
ncols        46
nrows        77
xllcorner    74.800261325624
yllcorner    8.058333333333
cellsize     0.062500000000
NODATA_value -9999
 11 11 24 30 30 25 34 34 44 44 34 13 13 16 19 19 23 23 14 18 18 18 17 17 20 20 9 17 17 14 7 7 9 9 13 14 14 18 15 15 8 8 4 1 1 2
 7 7 13 21 21 20 45 45 54 54 50 31 31 16 24 24 24 24 18 10 10 28 29 29 12 12 3 8 8 5 4 4 5 5 12 11 11 12 17 17 11 11 7 1 1 1
 7 7 13 21 21 20 45 45 54 54 50 31 31 16 24 24 24 24 18 10 10 28 29 29 12 12 3 8 8 5 4 4 5 5 12 11 11 12 17 17 11 11 7 1 1 1
 5 5 12 21 21 21 33 33 49 49 62 29 29 27 30 30 35 35 18 17 17 13 23 23 8 8 8 9 9 16 10 10 16 16 12 22 22 16 7 7 8 8 3 0 0 0
 4 4 6 10 10 7 17 17 30 30 30 45 45 29 31 31 29 29 25 21 21 35 33 33 15 15 10 9 9 10 14 14 15 15 18 42 42 22 12 12 11 11 4 0 0 0
 4 4 6 10 10 7 17 17 30 30 30 45 45 29 31 31 29 29 25 21 21 35 33 33 15 15 10 9 9 10 14 14 15 15 18 42 42 22 12 12 11 11 4 0 0 0
 3 3 4 10 10 9 8 8 38 38 27 67 67 56 27 27 21 21 19 22 22 20 31 31 21 21 15 9 9 11 9 9 8 8 8 39 39 21 14 14 6 6 7 0 0 3
 3 3 4 10 10 9 8 8 38 38 27 67 67 56 27 27 21 21 19 22 22 20 31 31 21 21 15 9 9 11 9 9 8 8 8 39 39 21 14 14 6 6 7 0 0 3
 7 7 4 8 8 20 17 17 30 30 36 63 63 55 46 46 29 29 28 19 19 17 23 23 13 13 16 14 14 16 9 9 15 15 16 29 29 32 8 8 11 11 4 0 0 0
 8 8 6 5 5 7 18 18 24 24 64 15 15 44 24 24 16 16 10 14 14 11 14 14 14 14 13 10 10 14 9 9 29 29 24 22 22 24 20 20 5 5 7 1 1 0
 8 8 6 5 5 7 18 18 24 24 64 15 15 44 24 24 16 16 10 14 14 11 14 14 14 14 13 10 10 14 9 9 29 29 24 22 22 24 20 20 5 5 7 1 1 0
 4 4 2 2 2 9 12 12 6 6 22 8 8 9 28 28 12 12 13 11 11 16 11 11 21 21 9 9 9 9 9 9 28 28 27 31 31 33 23 23 15 15 4 29 29 0
 1 1 2 3 3 9 9 9 12 12 3 8 8 9 24 24 25 25 18 10 10 16 20 20 21 21 9 9 9 13 13 13 18 18 19 22 22 22 34 34 27 27 6 2 2 2
 1 1 2 3 3 9 9 9 12 12 3 8 8 9 24 24 25 25 18 10 10 16 20 20 21 21 9 9 9 13 13 13 18 18 19 22 22 22 34 34 27 27 6 2 2 2
 0 0 1 1 1 3 6 6 6 6 8 2 2 8 30 30 21 21 31 24 24 21 26 26 21 21 15 14 14 19 26 26 16 16 23 51 51 21 11 11 13 13 11 6 6 8
 0 0 1 1 1 3 6 6 6 6 8 2 2 8 30 30 21 21 31 24 24 21 26 26 21 21 15 14 14 19 26 26 16 16 23 51 51 21 11 11 13 13 11 6 6 8
 1 1 0 0 0 2 3 3 6 6 6 5 5 18 40 40 21 21 24 22 22 20 22 22 25 25 27 29 29 27 28 28 50 50 24 46 46 34 29 29 34 34 23 11 11 11
 1 1 1 1 1 2 1 1 2 2 6 5 5 10 11 11 24 24 34 34 34 19 25 25 34 34 32 33 33 48 44 44 68 68 51 42 42 58 39 39 41 41 19 16 16 9
 1 1 1 1 1 2 1 1 2 2 6 5 5 10 11 11 24 24 34 34 34 19 25 25 34 34 32 33 33 48 44 44 68 68 51 42 42 58 39 39 41 41 19 16 16 9
 16 16 11 6 6 1 2 2 3 3 3 5 5 11 15 15 18 18 22 23 23 25 22 22 14 14 36 26 26 59 43 43 42 42 52 60 60 86 56 56 30 30 24 16 16 10
 21 21 6 3 3 4 4 4 4 4 3 4 4 9 17 17 19 19 26 18 18 28 17 17 10 10 18 16 16 23 35 35 33 33 50 65 65 58 76 76 65 65 47 18 18 21
 21 21 6 3 3 4 4 4 4 4 3 4 4 9 17 17 19 19 26 18 18 28 17 17 10 10 18 16 16 23 35 35 33 33 50 65 65 58 76 76 65 65 47 18 18 21
 12 12 7 7 7 7 10 10 10 10 6 5 5 13 10 10 11 11 14 12 12 17 7 7 11 11 10 10 10 26 37 37 43 43 46 62 62 56 66 66 61 61 47 25 25 16
 12 12 7 7 7 7 10 10 10 10 6 5 5 13 10 10 11 11 14 12 12 17 7 7 11 11 10 10 10 26 37 37 43 43 46 62 62 56 66 66 61 61 47 25 25 16
 11 11 9 13 13 18 22 22 21 21 15 8 8 16 9 9 12 12 40 11 11 9 10 10 4 4 9 12 12 23 33 33 48 48 37 48 48 32 38 38 46 46 12 8 8 8
 14 14 16 26 26 33 37 37 24 24 18 18 18 12 16 16 17 17 15 18 18 12 12 12 14 14 8 9 9 20 14 14 18 18 27 39 39 27 55 55 32 32 9 5 5 2
 14 14 16 26 26 33 37 37 24 24 18 18 18 12 16 16 17 17 15 18 18 12 12 12 14 14 8 9 9 20 14 14 18 18 27 39 39 27 55 55 32 32 9 5 5 2
 17 17 18 23 23 37 34 34 64 64 45 71 71 18 17 17 19 19 25 24 24 22 38 38 20 20 15 15 15 18 11 11 24 24 27 30 30 25 93 93 47 47 8 2 2 2
 19 19 20 22 22 36 32 32 57 57 56 79 79 26 25 25 64 64 45 45 45 34 52 52 64 64 19 24 24 26 22 22 22 22 26 24 24 14 27 27 12 12 10 3 3 3
 19 19 20 22 22 36 32 32 57 57 56 79 79 26 25 25 64 64 45 45 45 34 52 52 64 64 19 24 24 26 22 22 22 22 26 24 24 14 27 27 12 12 10 3 3 3
 19 19 16 19 19 37 50 50 53 53 72 81 81 25 24 24 37 37 45 42 42 66 33 33 36 36 36 25 25 39 32 32 27 27 20 25 25 11 11 11 17 17 39 31 31 5
 19 19 16 19 19 37 50 50 53 53 72 81 81 25 24 24 37 37 45 42 42 66 33 33 36 36 36 25 25 39 32 32 27 27 20 25 25 11 11 11 17 17 39 31 31 5
 20 20 16 26 26 29 47 47 52 52 83 67 67 58 28 28 56 56 28 41 41 44 42 42 41 41 27 36 36 53 28 28 30 30 28 14 14 9 3 3 9 9 4 8 8 4
 25 25 15 18 18 16 38 38 47 47 63 73 73 55 26 26 42 42 38 34 34 39 48 48 43 43 35 47 47 37 44 44 33 33 15 11 11 3 5 5 3 3 4 5 5 8
 25 25 15 18 18 16 38 38 47 47 63 73 73 55 26 26 42 42 38 34 34 39 48 48 43 43 35 47 47 37 44 44 33 33 15 11 11 3 5 5 3 3 4 5 5 8
 31 31 18 20 20 15 40 40 45 45 49 54 54 53 50 50 26 26 84 35 35 49 27 27 35 35 77 34 34 31 34 34 24 24 10 4 4 9 8 8 1 1 1 1 1 1
 73 73 19 19 19 18 26 26 45 45 48 52 52 36 16 16 22 22 19 38 38 55 34 34 28 28 37 31 31 51 43 43 14 14 9 7 7 8 7 7 4 4 1 7 7 3
 73 73 19 19 19 18 26 26 45 45 48 52 52 36 16 16 22 22 19 38 38 55 34 34 28 28 37 31 31 51 43 43 14 14 9 7 7 8 7 7 4 4 1 7 7 3
 19 19 17 18 18 14 23 23 47 47 57 75 75 42 15 15 21 21 33 41 41 33 19 19 20 20 50 52 52 36 30 30 14 14 19 11 11 6 6 6 9 9 6 3 3 3
 19 19 17 18 18 14 23 23 47 47 57 75 75 42 15 15 21 21 33 41 41 33 19 19 20 20 50 52 52 36 30 30 14 14 19 11 11 6 6 6 9 9 6 3 3 3
 19 19 20 12 12 16 22 22 46 46 90 95 95 56 17 17 34 34 37 64 64 26 24 24 27 27 46 63 63 37 31 31 27 27 25 16 16 17 8 8 7 7 7 4 4 3
 24 24 22 14 14 15 18 18 43 43 104 107 107 73 19 19 4 4 17 22 22 38 45 45 35 35 36 78 78 90 33 33 21 21 22 27 27 36 17 17 11 11 7 6 6 5
 24 24 22 14 14 15 18 18 43 43 104 107 107 73 19 19 4 4 17 22 22 38 45 45 35 35 36 78 78 90 33 33 21 21 22 27 27 36 17 17 11 11 7 6 6 5
 24 24 21 17 17 20 21 21 29 29 107 111 111 51 43 43 5 5 16 18 18 37 64 64 42 42 27 85 85 54 53 53 45 45 54 41 41 29 28 28 20 20 7 8 8 8
 27 27 27 24 24 26 22 22 25 25 129 106 106 51 32 32 9 9 50 24 24 66 59 59 40 40 28 43 43 68 79 79 57 57 51 62 62 43 31 31 28 28 12 10 10 4
 27 27 27 24 24 26 22 22 25 25 129 106 106 51 32 32 9 9 50 24 24 66 59 59 40 40 28 43 43 68 79 79 57 57 51 62 62 43 31 31 28 28 12 10 10 4
 27 27 18 21 21 22 23 23 24 24 99 105 105 50 9 9 5 5 5 35 35 29 41 41 33 33 39 37 37 58 54 54 106 106 54 48 48 77 52 52 42 42 9 8 8 4
 27 27 18 21 21 22 23 23 24 24 99 105 105 50 9 9 5 5 5 35 35 29 41 41 33 33 39 37 37 58 54 54 106 106 54 48 48 77 52 52 42 42 9 8 8 4
 15 15 20 19 19 18 15 15 27 27 66 62 62 37 7 7 4 4 23 12 12 24 16 16 34 34 22 31 31 51 43 43 142 142 39 35 35 52 42 42 21 21 12 9 9 9
 13 13 23 18 18 15 16 16 21 21 34 45 45 30 8 8 7 7 7 11 11 24 19 19 22 22 28 26 26 32 58 58 56 56 41 74 74 71 51 51 28 28 19 14 14 24
 13 13 23 18 18 15 16 16 21 21 34 45 45 30 8 8 7 7 7 11 11 24 19 19 22 22 28 26 26 32 58 58 56 56 41 74 74 71 51 51 28 28 19 14 14 24
 9 9 17 17 17 22 20 20 16 16 36 39 39 20 9 9 7 7 34 12 12 21 27 27 32 32 32 71 71 40 50 50 73 73 49 93 93 56 41 41 27 27 27 24 24 46
 9 9 14 17 17 28 32 32 22 22 28 35 35 25 14 14 14 14 21 10 10 23 24 24 28 28 53 79 79 69 62 62 58 58 66 72 72 72 54 54 56 56 36 15 15 15
 9 9 14 17 17 28 32 32 22 22 28 35 35 25 14 14 14 14 21 10 10 23 24 24 28 28 53 79 79 69 62 62 58 58 66 72 72 72 54 54 56 56 36 15 15 15
 15 15 22 23 23 34 56 56 30 30 44 32 32 29 19 19 9 9 8 26 26 30 33 33 57 57 45 108 108 76 79 79 47 47 67 79 79 65 57 57 51 51 45 25 25 26
 15 15 22 23 23 34 56 56 30 30 44 32 32 29 19 19 9 9 8 26 26 30 33 33 57 57 45 108 108 76 79 79 47 47 67 79 79 65 57 57 51 51 45 25 25 26
 14 14 32 37 37 35 43 43 47 47 68 40 40 46 32 32 16 16 12 32 32 32 34 34 71 71 73 120 120 41 48 48 39 39 152 65 65 42 45 45 43 43 43 32 32 24
 14 14 34 65 65 67 75 75 80 80 65 47 47 85 69 69 31 31 15 10 10 61 20 20 54 54 43 93 93 63 63 63 43 43 46 37 37 46 46 46 28 28 21 4 4 12
 14 14 34 65 65 67 75 75 80 80 65 47 47 85 69 69 31 31 15 10 10 61 20 20 54 54 43 93 93 63 63 63 43 43 46 37 37 46 46 46 28 28 21 4 4 12
 18 18 21 64 64 69 116 116 102 102 59 93 93 133 130 130 44 44 22 30 30 13 25 25 37 37 88 89 89 72 62 62 29 29 40 64 64 36 65 65 20 20 5 3 3 1
 17 17 15 67 67 78 188 188 108 108 90 144 144 145 140 140 76 76 34 13 13 3 18 18 7 7 17 27 27 33 44 44 37 37 33 38 38 34 31 31 11 11 5 1 1 2
 17 17 15 67 67 78 188 188 108 108 90 144 144 145 140 140 76 76 34 13 13 3 18 18 7 7 17 27 27 33 44 44 37 37 33 38 38 34 31 31 11 11 5 1 1 2
 17 17 70 76 76 188 193 193 136 136 88 182 182 154 170 170 107 107 73 11 11 10 6 6 10 10 31 50 50 34 19 19 23 23 38 36 36 16 13 13 6 6 3 0 0 2
 17 17 70 76 76 188 193 193 136 136 88 182 182 154 170 170 107 107 73 11 11 10 6 6 10 10 31 50 50 34 19 19 23 23 38 36 36 16 13 13 6 6 3 0 0 2
 25 25 80 165 165 157 127 127 119 119 99 189 189 152 182 182 149 149 53 35 35 32 10 10 16 16 12 9 9 17 19 19 27 27 15 15 15 22 8 8 5 5 3 4 4 1
 34 34 86 164 164 150 92 92 109 109 120 176 176 148 161 161 140 140 104 54 54 67 39 39 3 3 9 2 2 9 8 8 13 13 6 19 19 29 8 8 15 15 4 1 1 0
 34 34 86 164 164 150 92 92 109 109 120 176 176 148 161 161 140 140 104 54 54 67 39 39 3 3 9 2 2 9 8 8 13 13 6 19 19 29 8 8 15 15 4 1 1 0
 25 25 51 82 82 126 92 92 102 102 117 136 136 146 174 174 161 161 126 118 118 114 83 83 43 43 29 33 33 12 6 6 8 8 6 24 24 63 11 11 4 4 2 4 4 2
 20 20 30 53 53 95 99 99 115 115 125 148 148 169 162 162 127 127 140 130 130 109 84 84 86 86 38 16 16 11 3 3 8 8 7 7 7 15 22 22 10 10 7 1 1 1
 20 20 30 53 53 95 99 99 115 115 125 148 148 169 162 162 127 127 140 130 130 109 84 84 86 86 38 16 16 11 3 3 8 8 7 7 7 15 22 22 10 10 7 1 1 1
 27 27 27 36 36 71 80 80 104 104 146 146 146 152 121 121 123 123 139 140 140 105 70 70 64 64 75 6 6 5 44 44 3 3 8 8 8 10 16 16 22 22 19 1 1 0
 27 27 27 36 36 71 80 80 104 104 146 146 146 152 121 121 123 123 139 140 140 105 70 70 64 64 75 6 6 5 44 44 3 3 8 8 8 10 16 16 22 22 19 1 1 0
 25 25 16 36 36 38 39 39 92 92 90 116 116 152 114 114 121 121 108 103 103 78 72 72 20 20 11 4 4 23 11 11 9 9 9 7 7 6 14 14 14 14 4 1 1 1
 25 25 14 22 22 25 66 66 71 71 71 83 83 158 121 121 109 109 89 79 79 46 35 35 18 18 20 4 4 0 2 2 9 9 7 22 22 20 4 4 11 11 3 5 5 0
 25 25 14 22 22 25 66 66 71 71 71 83 83 158 121 121 109 109 89 79 79 46 35 35 18 18 20 4 4 0 2 2 9 9 7 22 22 20 4 4 11 11 3 5 5 0
 15 15 13 21 21 22 45 45 55 55 59 68 68 123 110 110 96 96 81 73 73 56 47 47 26 26 11 2 2 1 3 3 3 3 19 9 9 3 3 3 9 9 4 3 3 3
 9 9 8 11 11 12 44 44 50 50 58 41 41 55 55 55 55 55 82 83 83 91 70 70 41 41 14 11 11 3 4 4 2 2 2 6 6 8 1 1 1 1 3 1 1 0
