assets/RAT_results_old/precipitation/2018-06-03_IMERG.asc
ncols        46
nrows        77
xllcorner    74.800261325624
yllcorner    8.058333333333
cellsize     0.062500000000
NODATA_value -9999
 4 4 3 10 10 11 5 5 5 5 3 1 1 1 1 1 1 1 1 2 2 4 2 2 3 3 3 4 4 5 6 6 9 9 14 23 23 31 21 21 29 29 7 13 13 6
 4 4 5 7 7 5 5 5 7 7 13 15 15 2 1 1 1 1 1 1 1 4 2 2 2 2 4 6 6 3 2 2 8 8 11 12 12 36 26 26 31 31 9 7 7 4
 4 4 5 7 7 5 5 5 7 7 13 15 15 2 1 1 1 1 1 1 1 4 2 2 2 2 4 6 6 3 2 2 8 8 11 12 12 36 26 26 31 31 9 7 7 4
 6 6 7 10 10 9 14 14 17 17 15 15 15 2 2 2 2 2 1 9 9 3 2 2 2 2 2 4 4 3 3 3 9 9 6 6 6 10 12 12 10 10 4 6 6 4
 8 8 12 15 15 9 9 9 8 8 6 6 6 4 2 2 2 2 2 4 4 3 3 3 2 2 2 4 4 3 3 3 4 4 7 6 6 11 10 10 9 9 6 5 5 5
 8 8 12 15 15 9 9 9 8 8 6 6 6 4 2 2 2 2 2 4 4 3 3 3 2 2 2 4 4 3 3 3 4 4 7 6 6 11 10 10 9 9 6 5 5 5
 21 21 22 22 22 16 11 11 11 11 11 6 6 6 1 1 2 2 2 5 5 3 4 4 4 4 3 2 2 3 4 4 5 5 5 6 6 7 5 5 4 4 13 7 7 7
 21 21 22 22 22 16 11 11 11 11 11 6 6 6 1 1 2 2 2 5 5 3 4 4 4 4 3 2 2 3 4 4 5 5 5 6 6 7 5 5 4 4 13 7 7 7
 28 28 24 20 20 22 17 17 17 17 7 4 4 3 1 1 1 1 4 3 3 2 3 3 6 6 4 2 2 2 4 4 3 3 6 6 6 7 7 7 7 7 6 15 15 13
 36 36 31 41 41 20 18 18 20 20 11 8 8 10 3 3 2 2 2 1 1 2 12 12 7 7 2 1 1 2 4 4 4 4 5 5 5 8 8 8 10 10 7 6 6 8
 36 36 31 41 41 20 18 18 20 20 11 8 8 10 3 3 2 2 2 1 1 2 12 12 7 7 2 1 1 2 4 4 4 4 5 5 5 8 8 8 10 10 7 6 6 8
 55 55 35 32 32 34 31 31 20 20 20 15 15 16 3 3 1 1 1 1 1 5 4 4 4 4 4 2 2 3 4 4 5 5 7 7 7 14 5 5 5 5 7 6 6 6
 52 52 42 36 36 37 41 41 24 24 30 34 34 18 14 14 2 2 2 1 1 1 2 2 5 5 2 2 2 3 3 3 3 3 6 6 6 5 5 5 2 2 2 4 4 3
 52 52 42 36 36 37 41 41 24 24 30 34 34 18 14 14 2 2 2 1 1 1 2 2 5 5 2 2 2 3 3 3 3 3 6 6 6 5 5 5 2 2 2 4 4 3
 44 44 36 30 30 30 39 39 35 35 28 28 28 9 10 10 5 5 2 1 1 2 1 1 2 2 1 1 1 2 2 2 2 2 4 3 3 4 3 3 11 11 14 1 1 2
 44 44 36 30 30 30 39 39 35 35 28 28 28 9 10 10 5 5 2 1 1 2 1 1 2 2 1 1 1 2 2 2 2 2 4 3 3 4 3 3 11 11 14 1 1 2
 36 36 32 31 31 19 16 16 16 16 25 28 28 18 3 3 2 2 1 2 2 11 1 1 1 1 1 1 1 2 2 2 2 2 3 3 3 3 4 4 11 11 7 1 1 2
 33 33 20 21 21 20 41 41 19 19 13 12 12 11 17 17 2 2 1 1 1 7 1 1 1 1 1 1 1 1 1 1 1 1 1 2 2 4 4 4 3 3 6 8 8 3
 33 33 20 21 21 20 41 41 19 19 13 12 12 11 17 17 2 2 1 1 1 7 1 1 1 1 1 1 1 1 1 1 1 1 1 2 2 4 4 4 3 3 6 8 8 3
 33 33 24 16 16 12 14 14 13 13 11 13 13 13 13 13 19 19 6 1 1 1 1 1 1 1 1 1 1 1 1 1 1 1 2 3 3 4 5 5 4 4 4 2 2 1
 18 18 24 17 17 19 13 13 14 14 10 13 13 10 8 8 17 17 25 12 12 0 1 1 1 1 1 1 1 1 3 3 5 5 5 8 8 8 3 3 2 2 1 1 1 1
 18 18 24 17 17 19 13 13 14 14 10 13 13 10 8 8 17 17 25 12 12 0 1 1 1 1 1 1 1 1 3 3 5 5 5 8 8 8 3 3 2 2 1 1 1 1
 33 33 45 23 23 34 21 21 9 9 10 9 9 14 13 13 14 14 10 10 10 3 1 1 0 0 0 1 1 3 5 5 7 7 3 2 2 3 2 2 2 2 2 3 3 1
 33 33 45 23 23 34 21 21 9 9 10 9 9 14 13 13 14 14 10 10 10 3 1 1 0 0 0 1 1 3 5 5 7 7 3 2 2 3 2 2 2 2 2 3 3 1
 24 24 22 29 29 34 17 17 14 14 10 14 14 20 15 15 13 13 12 18 18 7 0 0 1 1 1 0 0 2 2 2 2 2 1 1 1 3 3 3 1 1 1 1 1 1
 11 11 12 11 11 17 13 13 12 12 13 23 23 19 21 21 18 18 24 15 15 15 4 4 8 8 2 5 5 2 4 4 0 0 0 1 1 1 2 2 1 1 1 1 1 1
 11 11 12 11 11 17 13 13 12 12 13 23 23 19 21 21 18 18 24 15 15 15 4 4 8 8 2 5 5 2 4 4 0 0 0 1 1 1 2 2 1 1 1 1 1 1
 16 16 16 17 17 11 17 17 14 14 14 15 15 21 29 29 36 36 43 15 15 13 6 6 14 14 14 6 6 4 2 2 0 0 0 0 0 1 0 0 1 1 2 2 2 2
 31 31 19 14 14 12 9 9 15 15 18 20 20 33 44 44 57 57 44 22 22 9 6 6 9 9 15 27 27 17 8 8 4 4 1 0 0 0 0 0 1 1 1 1 1 1
 31 31 19 14 14 12 9 9 15 15 18 20 20 33 44 44 57 57 44 22 22 9 6 6 9 9 15 27 27 17 8 8 4 4 1 0 0 0 0 0 1 1 1 1 1 1
 27 27 26 22 22 12 12 12 19 19 20 24 24 32 43 43 56 56 36 27 27 18 15 15 23 23 15 54 54 28 11 11 3 3 1 0 0 0 0 0 1 1 1 1 1 1
 27 27 26 22 22 12 12 12 19 19 20 24 24 32 43 43 56 56 36 27 27 18 15 15 23 23 15 54 54 28 11 11 3 3 1 0 0 0 0 0 1 1 1 1 1 1
 21 21 21 21 21 15 12 12 13 13 18 29 29 40 70 70 50 50 60 28 28 22 25 25 44 44 66 80 80 13 24 24 7 7 1 0 0 0 0 0 0 0 1 1 1 1
 21 21 14 15 15 16 21 21 41 41 43 89 89 66 61 61 92 92 75 48 48 37 32 32 54 54 70 32 32 15 7 7 16 16 8 1 1 1 0 0 0 0 1 1 1 1
 21 21 14 15 15 16 21 21 41 41 43 89 89 66 61 61 92 92 75 48 48 37 32 32 54 54 70 32 32 15 7 7 16 16 8 1 1 1 0 0 0 0 1 1 1 1
 9 9 11 23 23 22 26 26 42 42 73 105 105 117 96 96 85 85 75 52 52 46 40 40 50 50 64 16 16 28 8 8 3 3 0 6 6 0 0 0 0 0 0 0 0 1
 11 11 12 17 17 22 30 30 48 48 97 116 116 133 120 120 95 95 81 48 48 41 30 30 37 37 33 32 32 13 7 7 4 4 5 3 3 1 0 0 0 0 0 0 0 0
 11 11 12 17 17 22 30 30 48 48 97 116 116 133 120 120 95 95 81 48 48 41 30 30 37 37 33 32 32 13 7 7 4 4 5 3 3 1 0 0 0 0 0 0 0 0
 16 16 13 12 12 16 27 27 48 48 58 121 121 114 100 100 71 71 66 71 71 50 48 48 41 41 30 38 38 19 11 11 14 14 9 4 4 3 3 3 4 4 0 0 0 1
 16 16 13 12 12 16 27 27 48 48 58 121 121 114 100 100 71 71 66 71 71 50 48 48 41 41 30 38 38 19 11 11 14 14 9 4 4 3 3 3 4 4 0 0 0 1
 13 13 11 14 14 22 28 28 45 45 55 80 80 65 73 73 48 48 63 61 61 41 45 45 36 36 34 28 28 26 23 23 34 34 23 7 7 8 5 5 3 3 3 2 2 3
 14 14 14 16 16 32 39 39 52 52 73 64 64 54 30 30 35 35 44 50 50 64 44 44 57 57 25 26 26 29 19 19 38 38 14 12 12 19 6 6 7 7 10 6 6 12
 14 14 14 16 16 32 39 39 52 52 73 64 64 54 30 30 35 35 44 50 50 64 44 44 57 57 25 26 26 29 19 19 38 38 14 12 12 19 6 6 7 7 10 6 6 12
 19 19 21 21 21 31 45 45 64 64 62 38 38 27 26 26 33 33 45 82 82 97 96 96 38 38 37 23 23 22 22 22 19 19 11 12 12 21 8 8 5 5 4 2 2 6
 20 20 43 23 23 35 54 54 56 56 54 34 34 26 25 25 33 33 37 57 57 113 48 48 40 40 37 35 35 33 28 28 21 21 13 11 11 14 7 7 2 2 4 4 4 2
 20 20 43 23 23 35 54 54 56 56 54 34 34 26 25 25 33 33 37 57 57 113 48 48 40 40 37 35 35 33 28 28 21 21 13 11 11 14 7 7 2 2 4 4 4 2
 29 29 41 31 31 39 53 53 32 32 35 34 34 38 43 43 80 80 78 78 78 85 57 57 63 63 50 46 46 33 26 26 21 21 12 19 19 6 5 5 3 3 3 1 1 0
 29 29 41 31 31 39 53 53 32 32 35 34 34 38 43 43 80 80 78 78 78 85 57 57 63 63 50 46 46 33 26 26 21 21 12 19 19 6 5 5 3 3 3 1 1 0
 33 33 38 46 46 43 31 31 25 25 31 32 32 38 30 30 57 57 52 68 68 86 51 51 75 75 82 53 53 40 26 26 33 33 23 10 10 14 5 5 3 3 1 3 3 1
 45 45 45 42 42 42 36 36 35 35 26 22 22 31 41 41 68 68 61 93 93 84 76 76 99 99 59 43 43 32 37 37 27 27 11 12 12 16 5 5 4 4 3 3 3 1
 45 45 45 42 42 42 36 36 35 35 26 22 22 31 41 41 68 68 61 93 93 84 76 76 99 99 59 43 43 32 37 37 27 27 11 12 12 16 5 5 4 4 3 3 3 1
 50 50 49 78 78 65 52 52 29 29 33 37 37 30 57 57 71 71 90 81 81 95 99 99 82 82 63 51 51 51 36 36 37 37 20 19 19 13 8 8 8 8 5 4 4 3
 36 36 34 65 65 68 53 53 79 79 76 80 80 83 63 63 74 74 105 111 111 140 133 133 106 106 59 58 58 58 68 68 31 31 29 27 27 13 7 7 9 9 11 9 9 2
 36 36 34 65 65 68 53 53 79 79 76 80 80 83 63 63 74 74 105 111 111 140 133 133 106 106 59 58 58 58 68 68 31 31 29 27 27 13 7 7 9 9 11 9 9 2
 33 33 30 24 24 27 24 24 23 23 87 88 88 87 87 87 99 99 174 143 143 153 118 118 104 104 62 68 68 63 63 63 43 43 29 24 24 15 12 12 12 12 10 5 5 2
 33 33 30 24 24 27 24 24 23 23 87 88 88 87 87 87 99 99 174 143 143 153 118 118 104 104 62 68 68 63 63 63 43 43 29 24 24 15 12 12 12 12 10 5 5 2
 26 26 20 22 22 21 21 21 37 37 89 97 97 52 101 101 116 116 122 147 147 128 124 124 123 123 94 64 64 64 53 53 45 45 35 26 26 16 13 13 11 11 10 2 2 1
 25 25 17 26 26 33 28 28 25 25 37 88 88 84 81 81 99 99 107 104 104 120 94 94 83 83 98 77 77 103 67 67 46 46 39 20 20 16 12 12 8 8 6 0 0 0
 25 25 17 26 26 33 28 28 25 25 37 88 88 84 81 81 99 99 107 104 104 120 94 94 83 83 98 77 77 103 67 67 46 46 39 20 20 16 12 12 8 8 6 0 0 0
 21 21 14 22 22 27 28 28 22 22 38 34 34 40 43 43 49 49 72 102 102 113 102 102 92 92 105 107 107 98 54 54 46 46 42 26 26 20 8 8 9 9 6 0 0 0
 26 26 15 22 22 21 29 29 16 16 22 19 19 37 41 41 44 44 54 79 79 75 66 66 73 73 70 91 91 93 77 77 44 44 46 34 34 28 10 10 9 9 3 1 1 0
 26 26 15 22 22 21 29 29 16 16 22 19 19 37 41 41 44 44 54 79 79 75 66 66 73 73 70 91 91 93 77 77 44 44 46 34 34 28 10 10 9 9 3 1 1 0
 17 17 21 13 13 11 15 15 14 14 19 17 17 31 27 27 33 33 51 44 44 46 66 66 68 68 66 59 59 59 99 99 42 42 62 39 39 31 22 22 22 22 3 3 3 0
 17 17 21 13 13 11 15 15 14 14 19 17 17 31 27 27 33 33 51 44 44 46 66 66 68 68 66 59 59 59 99 99 42 42 62 39 39 31 22 22 22 22 3 3 3 0
 17 17 17 11 11 17 19 19 16 16 14 26 26 24 31 31 28 28 40 26 26 35 32 32 62 62 61 40 40 95 86 86 88 88 53 40 40 36 29 29 24 24 3 4 4 0
 15 15 16 10 10 12 17 17 24 24 10 21 21 23 29 29 26 26 30 32 32 22 17 17 31 31 44 29 29 42 52 52 48 48 39 38 38 34 29 29 28 28 14 5 5 0
 15 15 16 10 10 12 17 17 24 24 10 21 21 23 29 29 26 26 30 32 32 22 17 17 31 31 44 29 29 42 52 52 48 48 39 38 38 34 29 29 28 28 14 5 5 0
 20 20 13 9 9 8 18 18 27 27 21 15 15 14 16 16 20 20 25 31 31 19 19 19 17 17 14 14 14 33 37 37 48 48 27 34 34 38 33 33 19 19 18 4 4 0
 15 15 18 15 15 8 18 18 16 16 23 10 10 10 16 16 23 23 23 21 21 12 21 21 13 13 7 9 9 14 22 22 22 22 23 20 20 41 26 26 16 16 15 8 8 1
 15 15 18 15 15 8 18 18 16 16 23 10 10 10 16 16 23 23 23 21 21 12 21 21 13 13 7 9 9 14 22 22 22 22 23 20 20 41 26 26 16 16 15 8 8 1
 17 17 20 20 20 12 16 16 13 13 9 16 16 12 14 14 26 26 26 11 11 7 13 13 9 9 6 7 7 9 16 16 22 22 22 17 17 19 17 17 12 12 8 4 4 2
 17 17 20 20 20 12 16 16 13 13 9 16 16 12 14 14 26 26 26 11 11 7 13 13 9 9 6 7 7 9 16 16 22 22 22 17 17 19 17 17 12 12 8 4 4 2
 12 12 12 10 10 13 14 14 15 15 18 12 12 13 14 14 24 24 22 5 5 4 4 4 6 6 4 4 4 12 21 21 13 13 16 15 15 21 12 12 8 8 7 1 1 0
 11 11 10 10 10 11 11 11 13 13 19 10 10 7 13 13 17 17 6 4 4 2 2 2 3 3 4 2 2 7 8 8 10 10 6 6 6 8 8 8 3 3 2 5 5 1
 11 11 10 10 10 11 11 11 13 13 19 10 10 7 13 13 17 17 6 4 4 2 2 2 3 3 4 2 2 7 8 8 10 10 6 6 6 8 8 8 3 3 2 5 5 1
 8 8 9 10 10 8 8 8 10 10 12 7 7 5 5 5 6 6 5 5 5 17 9 9 9 9 5 3 3 3 6 6 8 8 3 3 3 5 3 3 3 3 2 1 1 3
 6 6 6 6 6 6 6 6 7 7 8 6 6 5 8 8 11 11 8 9 9 27 26 26 17 17 6 4 4 5 3 3 3 3 9 2 2 6 2 2 2 2 2 0 0 0
