assets/RAT_results_old/precipitation/2018-07-09_IMERG.asc
ncols        46
nrows        77
xllcorner    74.800261325624
yllcorner    8.058333333333
cellsize     0.062500000000
NODATA_value -9999
 5 5 3 3 3 3 7 7 13 13 18 25 25 28 20 20 11 11 13 9 9 8 5 5 3 3 1 0 0 0 0 0 0 0 0 0 0 0 0 0 0 0 0 0 0 0
 5 5 5 2 2 2 10 10 11 11 13 17 17 16 34 34 22 22 12 9 9 8 4 4 1 1 1 1 1 0 0 0 0 0 0 0 0 0 0 0 0 0 0 0 0 0
 5 5 5 2 2 2 10 10 11 11 13 17 17 16 34 34 22 22 12 9 9 8 4 4 1 1 1 1 1 0 0 0 0 0 0 0 0 0 0 0 0 0 0 0 0 0
 5 5 7 6 6 8 16 16 19 19 15 21 21 21 26 26 35 35 16 12 12 9 1 1 1 1 1 1 1 1 1 1 0 0 0 0 0 0 0 0 0 0 0 0 0 0
 3 3 8 11 11 7 40 40 16 16 15 40 40 27 23 23 18 18 19 21 21 10 2 2 1 1 1 1 1 1 0 0 0 0 0 0 0 0 0 0 0 0 0 0 0 0
 3 3 8 11 11 7 40 40 16 16 15 40 40 27 23 23 18 18 19 21 21 10 2 2 1 1 1 1 1 1 0 0 0 0 0 0 0 0 0 0 0 0 0 0 0 0
 5 5 5 7 7 7 13 13 9 9 16 20 20 21 22 22 15 15 8 6 6 5 1 1 0 0 0 0 0 0 1 1 1 1 1 0 0 0 0 0 0 0 0 0 0 2
 5 5 5 7 7 7 13 13 9 9 16 20 20 21 22 22 15 15 8 6 6 5 1 1 0 0 0 0 0 0 1 1 1 1 1 0 0 0 0 0 0 0 0 0 0 2
 6 6 5 7 7 5 5 5 4 4 6 15 15 13 12 12 7 7 5 4 4 2 2 2 1 1 1 1 1 1 1 1 1 1 1 0 0 0 0 0 2 2 2 2 2 2
 4 4 8 7 7 7 9 9 7 7 17 23 23 20 11 11 7 7 7 4 4 3 3 3 2 2 2 3 3 2 4 4 3 3 3 1 1 1 2 2 3 3 3 2 2 2
 4 4 8 7 7 7 9 9 7 7 17 23 23 20 11 11 7 7 7 4 4 3 3 3 2 2 2 3 3 2 4 4 3 3 3 1 1 1 2 2 3 3 3 2 2 2
 2 2 4 4 4 10 7 7 8 8 33 51 51 25 17 17 19 19 10 6 6 5 5 5 7 7 2 3 3 3 4 4 3 3 3 1 1 1 1 1 1 1 1 1 1 1
 3 3 21 8 8 16 11 11 8 8 12 13 13 26 20 20 28 28 22 18 18 12 7 7 11 11 3 1 1 1 4 4 1 1 0 1 1 1 1 1 2 2 1 1 1 1
 3 3 21 8 8 16 11 11 8 8 12 13 13 26 20 20 28 28 22 18 18 12 7 7 11 11 3 1 1 1 4 4 1 1 0 1 1 1 1 1 2 2 1 1 1 1
 7 7 13 18 18 18 12 12 11 11 12 10 10 18 30 30 30 30 43 17 17 20 7 7 4 4 5 5 5 1 1 1 1 1 1 1 1 1 1 1 1 1 1 0 0 0
 7 7 13 18 18 18 12 12 11 11 12 10 10 18 30 30 30 30 43 17 17 20 7 7 4 4 5 5 5 1 1 1 1 1 1 1 1 1 1 1 1 1 1 0 0 0
 4 4 11 11 11 16 18 18 18 18 14 10 10 12 35 35 22 22 29 22 22 18 10 10 6 6 2 2 2 1 1 1 2 2 2 2 2 3 2 2 2 2 1 1 1 1
 5 5 8 11 11 17 17 17 16 16 18 15 15 17 23 23 47 47 54 47 47 31 31 31 12 12 7 3 3 2 1 1 2 2 2 2 2 2 1 1 2 2 4 2 2 1
 5 5 8 11 11 17 17 17 16 16 18 15 15 17 23 23 47 47 54 47 47 31 31 31 12 12 7 3 3 2 1 1 2 2 2 2 2 2 1 1 2 2 4 2 2 1
 7 7 10 9 9 11 9 9 21 21 20 24 24 18 42 42 39 39 54 47 47 45 32 32 27 27 12 6 6 4 2 2 4 4 4 5 5 1 1 1 1 1 1 2 2 4
 12 12 7 10 10 7 8 8 12 12 13 26 26 21 18 18 23 23 32 39 39 39 38 38 44 44 30 17 17 9 5 5 6 6 6 4 4 1 2 2 1 1 1 1 1 6
 12 12 7 10 10 7 8 8 12 12 13 26 26 21 18 18 23 23 32 39 39 39 38 38 44 44 30 17 17 9 5 5 6 6 6 4 4 1 2 2 1 1 1 1 1 6
 8 8 6 14 14 9 15 15 16 16 10 21 21 27 19 19 20 20 19 44 44 68 39 39 69 69 67 16 16 14 14 14 6 6 2 1 1 1 1 1 1 1 1 1 1 1
 8 8 6 14 14 9 15 15 16 16 10 21 21 27 19 19 20 20 19 44 44 68 39 39 69 69 67 16 16 14 14 14 6 6 2 1 1 1 1 1 1 1 1 1 1 1
 6 6 12 7 7 8 9 9 45 45 15 39 39 23 74 74 21 21 32 34 34 62 55 55 39 39 26 23 23 10 11 11 3 3 2 2 2 1 1 1 1 1 2 1 1 0
 7 7 11 7 7 7 7 7 8 8 10 15 15 12 24 24 37 37 24 57 57 86 54 54 36 36 22 26 26 36 13 13 8 8 4 2 2 2 1 1 1 1 1 1 1 1
 7 7 11 7 7 7 7 7 8 8 10 15 15 12 24 24 37 37 24 57 57 86 54 54 36 36 22 26 26 36 13 13 8 8 4 2 2 2 1 1 1 1 1 1 1 1
 10 10 10 10 10 10 11 11 10 10 10 8 8 11 17 17 18 18 18 14 14 37 33 33 40 40 41 27 27 15 11 11 13 13 5 5 5 2 1 1 1 1 1 6 6 1
 8 8 11 12 12 13 13 13 10 10 11 8 8 16 18 18 21 21 15 10 10 18 19 19 18 18 16 10 10 18 15 15 10 10 5 4 4 4 4 4 2 2 1 1 1 1
 8 8 11 12 12 13 13 13 10 10 11 8 8 16 18 18 21 21 15 10 10 18 19 19 18 18 16 10 10 18 15 15 10 10 5 4 4 4 4 4 2 2 1 1 1 1
 8 8 15 15 15 19 18 18 13 13 9 8 8 13 18 18 27 27 22 13 13 22 23 23 39 39 20 19 19 19 35 35 29 29 19 13 13 6 4 4 2 2 2 2 2 1
 8 8 15 15 15 19 18 18 13 13 9 8 8 13 18 18 27 27 22 13 13 22 23 23 39 39 20 19 19 19 35 35 29 29 19 13 13 6 4 4 2 2 2 2 2 1
 27 27 20 19 19 20 25 25 47 47 27 13 13 15 20 20 31 31 26 14 14 22 19 19 20 20 26 15 15 25 26 26 25 25 23 11 11 11 8 8 2 2 3 1 1 1
 14 14 16 21 21 21 24 24 21 21 39 31 31 22 26 26 25 25 33 22 22 24 29 29 35 35 18 20 20 16 24 24 15 15 13 16 16 8 9 9 4 4 3 2 2 1
 14 14 16 21 21 21 24 24 21 21 39 31 31 22 26 26 25 25 33 22 22 24 29 29 35 35 18 20 20 16 24 24 15 15 13 16 16 8 9 9 4 4 3 2 2 1
 19 19 16 23 23 18 17 17 26 26 22 28 28 22 25 25 32 32 39 43 43 39 29 29 32 32 26 19 19 14 14 14 13 13 10 7 7 7 5 5 7 7 10 5 5 2
 21 21 18 31 31 17 34 34 31 31 25 40 40 20 17 17 23 23 48 38 38 42 44 44 50 50 33 20 20 25 34 34 23 23 31 13 13 10 6 6 5 5 11 3 3 2
 21 21 18 31 31 17 34 34 31 31 25 40 40 20 17 17 23 23 48 38 38 42 44 44 50 50 33 20 20 25 34 34 23 23 31 13 13 10 6 6 5 5 11 3 3 2
 25 25 27 25 25 21 27 27 23 23 23 36 36 28 15 15 22 22 27 40 40 43 32 32 42 42 36 33 33 32 34 34 34 34 22 16 16 18 15 15 11 11 5 5 5 4
 25 25 27 25 25 21 27 27 23 23 23 36 36 28 15 15 22 22 27 40 40 43 32 32 42 42 36 33 33 32 34 34 34 34 22 16 16 18 15 15 11 11 5 5 5 4
 17 17 16 23 23 23 22 22 22 22 31 18 18 20 29 29 16 16 28 30 30 36 54 54 64 64 36 39 39 45 45 45 24 24 38 39 39 23 24 24 11 11 6 3 3 5
 8 8 15 15 15 18 15 15 23 23 29 17 17 16 12 12 18 18 21 28 28 50 48 48 79 79 58 72 72 36 31 31 56 56 33 56 56 44 28 28 15 15 9 4 4 3
 8 8 15 15 15 18 15 15 23 23 29 17 17 16 12 12 18 18 21 28 28 50 48 48 79 79 58 72 72 36 31 31 56 56 33 56 56 44 28 28 15 15 9 4 4 3
 8 8 8 10 10 11 22 22 19 19 16 12 12 16 26 26 24 24 40 32 32 43 51 51 86 86 49 55 55 38 31 31 29 29 30 23 23 35 22 22 19 19 9 4 4 3
 10 10 12 9 9 18 12 12 63 63 53 44 44 18 18 18 24 24 38 32 32 55 49 49 62 62 51 59 59 54 30 30 32 32 30 28 28 19 16 16 12 12 9 4 4 2
 10 10 12 9 9 18 12 12 63 63 53 44 44 18 18 18 24 24 38 32 32 55 49 49 62 62 51 59 59 54 30 30 32 32 30 28 28 19 16 16 12 12 9 4 4 2
 7 7 13 16 16 17 13 13 17 17 36 21 21 18 23 23 25 25 28 54 54 52 54 54 60 60 55 61 61 88 43 43 39 39 26 28 28 20 17 17 17 17 11 5 5 7
 7 7 13 16 16 17 13 13 17 17 36 21 21 18 23 23 25 25 28 54 54 52 54 54 60 60 55 61 61 88 43 43 39 39 26 28 28 20 17 17 17 17 11 5 5 7
 6 6 6 10 10 14 13 13 19 19 14 18 18 20 25 25 25 25 31 41 41 36 38 38 56 56 55 56 56 48 62 62 51 51 36 18 18 14 17 17 15 15 9 3 3 4
 5 5 5 5 5 6 6 6 9 9 18 19 19 19 17 17 25 25 33 31 31 35 30 30 51 51 47 51 51 52 70 70 42 42 30 34 34 17 17 17 13 13 9 7 7 5
 5 5 5 5 5 6 6 6 9 9 18 19 19 19 17 17 25 25 33 31 31 35 30 30 51 51 47 51 51 52 70 70 42 42 30 34 34 17 17 17 13 13 9 7 7 5
 3 3 3 4 4 7 7 7 14 14 10 14 14 15 21 21 21 21 24 28 28 52 29 29 33 33 31 28 28 51 53 53 46 46 30 29 29 19 21 21 15 15 6 7 7 5
 2 2 3 4 4 8 5 5 6 6 8 10 10 10 13 13 31 31 20 38 38 39 38 38 31 31 26 25 25 35 38 38 43 43 29 23 23 13 9 9 9 9 6 5 5 2
 2 2 3 4 4 8 5 5 6 6 8 10 10 10 13 13 31 31 20 38 38 39 38 38 31 31 26 25 25 35 38 38 43 43 29 23 23 13 9 9 9 9 6 5 5 2
 2 2 3 4 4 6 4 4 7 7 9 13 13 10 10 10 11 11 12 39 39 56 29 29 24 24 26 25 25 30 42 42 39 39 33 26 26 11 10 10 8 8 17 9 9 5
 2 2 3 4 4 6 4 4 7 7 9 13 13 10 10 10 11 11 12 39 39 56 29 29 24 24 26 25 25 30 42 42 39 39 33 26 26 11 10 10 8 8 17 9 9 5
 4 4 3 12 12 5 8 8 6 6 16 9 9 9 7 7 11 11 12 13 13 18 22 22 25 25 26 16 16 22 29 29 35 35 36 21 21 11 12 12 21 21 7 7 7 13
 4 4 4 5 5 7 9 9 9 9 10 8 8 11 10 10 13 13 15 13 13 7 15 15 15 15 24 18 18 26 32 32 29 29 29 30 30 24 8 8 7 7 4 6 6 6
 4 4 4 5 5 7 9 9 9 9 10 8 8 11 10 10 13 13 15 13 13 7 15 15 15 15 24 18 18 26 32 32 29 29 29 30 30 24 8 8 7 7 4 6 6 6
 2 2 4 5 5 5 7 7 6 6 11 11 11 11 7 7 21 21 12 10 10 6 8 8 16 16 31 18 18 25 21 21 23 23 35 33 33 18 10 10 6 6 10 6 6 2
 2 2 3 5 5 4 7 7 36 36 16 4 4 6 5 5 7 7 9 16 16 10 9 9 11 11 18 17 17 19 20 20 22 22 25 29 29 17 12 12 13 13 6 3 3 1
 2 2 3 5 5 4 7 7 36 36 16 4 4 6 5 5 7 7 9 16 16 10 9 9 11 11 18 17 17 19 20 20 22 22 25 29 29 17 12 12 13 13 6 3 3 1
 3 3 3 3 3 4 2 2 4 4 15 3 3 3 4 4 6 6 8 9 9 10 10 10 24 24 32 41 41 40 18 18 21 21 19 14 14 16 9 9 9 9 6 6 6 2
 3 3 3 3 3 4 2 2 4 4 15 3 3 3 4 4 6 6 8 9 9 10 10 10 24 24 32 41 41 40 18 18 21 21 19 14 14 16 9 9 9 9 6 6 6 2
 3 3 3 4 4 4 6 6 6 6 4 3 3 4 5 5 5 5 7 7 7 11 9 9 23 23 32 19 19 35 31 31 22 22 13 16 16 14 8 8 7 7 6 1 1 1
 5 5 5 8 8 7 8 8 6 6 8 8 8 7 6 6 5 5 6 9 9 8 9 9 11 11 15 19 19 28 25 25 21 21 14 10 10 14 16 16 8 8 4 2 2 0
 5 5 5 8 8 7 8 8 6 6 8 8 8 7 6 6 5 5 6 9 9 8 9 9 11 11 15 19 19 28 25 25 21 21 14 10 10 14 16 16 8 8 4 2 2 0
 10 10 10 11 11 12 14 14 12 12 12 8 8 7 6 6 11 11 6 5 5 6 12 12 17 17 15 17 17 17 27 27 25 25 29 22 22 10 7 7 8 8 2 3 3 1
 17 17 13 11 11 10 13 13 15 15 15 11 11 10 8 8 7 7 5 8 8 11 9 9 13 13 17 22 22 20 22 22 17 17 18 10 10 9 14 14 4 4 4 4 4 1
 17 17 13 11 11 10 13 13 15 15 15 11 11 10 8 8 7 7 5 8 8 11 9 9 13 13 17 22 22 20 22 22 17 17 18 10 10 9 14 14 4 4 4 4 4 1
 17 17 13 7 7 9 7 7 10 10 11 12 12 8 9 9 8 8 8 10 10 16 13 13 18 18 17 31 31 16 21 21 17 17 21 19 19 9 7 7 19 19 4 2 2 2
 17 17 13 7 7 9 7 7 10 10 11 12 12 8 9 9 8 8 8 10 10 16 13 13 18 18 17 31 31 16 21 21 17 17 21 19 19 9 7 7 19 19 4 2 2 2
 10 10 10 6 6 7 8 8 8 8 12 11 11 11 9 9 7 7 10 20 20 13 14 14 18 18 15 12 12 10 14 14 23 23 18 24 24 31 5 5 4 4 3 1 1 3
 5 5 6 4 4 6 4 4 6 6 9 9 9 12 9 9 9 9 13 11 11 6 27 27 12 12 6 8 8 10 8 8 19 19 21 12 12 15 13 13 9 9 10 1 1 2
 5 5 6 4 4 6 4 4 6 6 9 9 9 12 9 9 9 9 13 11 11 6 27 27 12 12 6 8 8 10 8 8 19 19 21 12 12 15 13 13 9 9 10 1 1 2
 5 5 5 5 5 6 6 6 7 7 11 11 11 14 8 8 6 6 6 4 4 6 5 5 11 11 8 5 5 11 15 15 13 13 24 16 16 6 6 6 7 7 4 3 3 1
 3 3 3 4 4 4 6 6 7 7 11 11 11 14 6 6 5 5 8 5 5 5 9 9 10 10 12 5 5 21 16 16 12 12 21 7 7 8 50 50 6 6 4 1 1 0
