assets/RAT_results_old/precipitation/2018-10-21_IMERG.asc
ncols        46
nrows        77
xllcorner    74.800261325624
yllcorner    8.058333333333
cellsize     0.062500000000
NODATA_value -9999
 0 0 0 0 0 0 0 0 0 0 0 0 0 0 0 0 0 0 0 0 0 0 0 0 0 0 0 0 0 0 0 0 0 0 0 0 0 1 1 1 0 0 0 0 0 0
 0 0 0 0 0 0 0 0 0 0 0 0 0 0 0 0 0 0 0 0 0 0 0 0 0 0 0 0 0 0 0 0 1 1 2 2 2 1 1 1 2 2 1 0 0 0
 0 0 0 0 0 0 0 0 0 0 0 0 0 0 0 0 0 0 0 0 0 0 0 0 0 0 0 0 0 0 0 0 1 1 2 2 2 1 1 1 2 2 1 0 0 0
 0 0 0 0 0 0 0 0 0 0 0 0 0 0 0 0 0 0 0 0 0 0 0 0 0 0 0 0 0 0 0 0 1 1 3 5 5 3 1 1 2 2 2 2 2 1
 0 0 1 0 0 0 0 0 0 0 0 0 0 1 0 0 0 0 0 0 0 0 0 0 0 0 0 1 1 0 0 0 1 1 3 4 4 1 1 1 3 3 6 3 3 1
 0 0 1 0 0 0 0 0 0 0 0 0 0 1 0 0 0 0 0 0 0 0 0 0 0 0 0 1 1 0 0 0 1 1 3 4 4 1 1 1 3 3 6 3 3 1
 0 0 0 0 0 0 0 0 0 0 2 0 0 0 0 0 0 0 0 0 0 0 0 0 0 0 0 0 0 0 0 0 0 0 1 4 4 5 3 3 4 4 6 2 2 2
 0 0 0 0 0 0 0 0 0 0 2 0 0 0 0 0 0 0 0 0 0 0 0 0 0 0 0 0 0 0 0 0 0 0 1 4 4 5 3 3 4 4 6 2 2 2
 0 0 0 0 0 0 0 0 0 0 0 0 0 0 0 0 0 0 0 0 0 0 0 0 0 0 0 0 0 0 0 0 0 0 1 1 1 9 9 9 4 4 4 3 3 1
 0 0 0 0 0 0 0 0 0 0 0 0 0 0 0 0 0 0 0 0 0 0 0 0 0 0 0 0 0 0 0 0 0 0 0 1 1 4 4 4 2 2 1 2 2 4
 0 0 0 0 0 0 0 0 0 0 0 0 0 0 0 0 0 0 0 0 0 0 0 0 0 0 0 0 0 0 0 0 0 0 0 1 1 4 4 4 2 2 1 2 2 4
 0 0 0 0 0 0 0 0 0 0 0 0 0 0 0 0 0 0 0 0 0 0 0 0 0 0 0 0 0 0 0 0 0 0 0 0 0 1 1 1 1 1 2 2 2 4
 0 0 0 0 0 0 0 0 2 2 0 0 0 0 0 0 0 0 0 0 0 0 0 0 0 0 0 0 0 0 2 2 1 1 0 0 0 1 1 1 1 1 1 2 2 6
 0 0 0 0 0 0 0 0 2 2 0 0 0 0 0 0 0 0 0 0 0 0 0 0 0 0 0 0 0 0 2 2 1 1 0 0 0 1 1 1 1 1 1 2 2 6
 0 0 0 0 0 0 0 0 5 5 0 0 0 0 0 0 0 0 4 0 0 0 0 0 0 0 0 0 0 0 1 1 1 1 1 0 0 0 1 1 1 1 2 2 2 6
 0 0 0 0 0 0 0 0 5 5 0 0 0 0 0 0 0 0 4 0 0 0 0 0 0 0 0 0 0 0 1 1 1 1 1 0 0 0 1 1 1 1 2 2 2 6
 0 0 0 0 0 0 0 0 1 1 0 0 0 0 0 0 1 1 1 0 0 0 0 0 0 0 0 0 0 0 0 0 1 1 1 2 2 1 1 1 0 0 2 2 2 3
 0 0 0 0 0 0 0 0 0 0 0 0 0 0 0 0 2 2 0 0 0 0 0 0 0 0 0 0 0 0 0 0 0 0 1 2 2 1 1 1 0 0 0 0 0 2
 0 0 0 0 0 0 0 0 0 0 0 0 0 0 0 0 2 2 0 0 0 0 0 0 0 0 0 0 0 0 0 0 0 0 1 2 2 1 1 1 0 0 0 0 0 2
 0 0 0 0 0 0 0 0 0 0 0 0 0 0 0 0 0 0 1 3 3 0 0 0 0 0 0 0 0 0 0 0 0 0 0 1 1 0 0 0 3 3 1 0 0 0
 0 0 0 0 0 0 0 0 0 0 0 0 0 1 0 0 0 0 1 1 1 3 0 0 0 0 0 1 1 1 1 1 1 1 0 0 0 0 0 0 3 3 0 0 0 0
 0 0 0 0 0 0 0 0 0 0 0 0 0 1 0 0 0 0 1 1 1 3 0 0 0 0 0 1 1 1 1 1 1 1 0 0 0 0 0 0 3 3 0 0 0 0
 0 0 0 0 0 0 0 0 0 0 0 0 0 0 0 0 0 0 0 0 0 0 0 0 0 0 0 1 1 2 1 1 1 1 0 0 0 0 0 0 0 0 0 0 0 0
 0 0 0 0 0 0 0 0 0 0 0 0 0 0 0 0 0 0 0 0 0 0 0 0 0 0 0 1 1 2 1 1 1 1 0 0 0 0 0 0 0 0 0 0 0 0
 0 0 0 0 0 0 0 0 0 0 0 0 0 1 0 0 0 0 0 0 0 0 0 0 0 0 0 1 1 2 0 0 0 0 0 0 0 0 0 0 0 0 0 0 0 0
 0 0 0 0 0 0 0 0 0 0 0 0 0 0 1 1 0 0 0 0 0 0 0 0 0 0 0 0 0 0 0 0 0 0 0 0 0 0 0 0 0 0 0 0 0 0
 0 0 0 0 0 0 0 0 0 0 0 0 0 0 1 1 0 0 0 0 0 0 0 0 0 0 0 0 0 0 0 0 0 0 0 0 0 0 0 0 0 0 0 0 0 0
 0 0 0 0 0 0 0 0 0 0 0 0 0 1 2 2 0 0 0 0 0 1 1 1 1 1 0 0 0 0 0 0 0 0 0 0 0 0 0 0 0 0 0 0 0 0
 0 0 0 0 0 1 0 0 0 0 0 0 0 1 2 2 1 1 0 0 0 0 3 3 0 0 0 0 0 0 0 0 0 0 0 0 0 0 0 0 0 0 0 1 1 1
 0 0 0 0 0 1 0 0 0 0 0 0 0 1 2 2 1 1 0 0 0 0 3 3 0 0 0 0 0 0 0 0 0 0 0 0 0 0 0 0 0 0 0 1 1 1
 0 0 0 0 0 1 0 0 0 0 0 0 0 2 2 2 2 2 0 2 2 0 2 2 0 0 1 1 1 0 0 0 0 0 0 0 0 0 0 0 0 0 1 2 2 1
 0 0 0 0 0 1 0 0 0 0 0 0 0 2 2 2 2 2 0 2 2 0 2 2 0 0 1 1 1 0 0 0 0 0 0 0 0 0 0 0 0 0 1 2 2 1
 0 0 0 1 1 0 1 1 0 0 0 6 6 3 4 4 3 3 1 3 3 1 1 1 0 0 1 1 1 0 0 0 0 0 0 0 0 0 0 0 0 0 1 1 1 1
 0 0 0 1 1 11 1 1 1 1 1 8 8 16 10 10 8 8 2 6 6 1 2 2 1 1 1 3 3 1 0 0 0 0 0 0 0 0 0 0 0 0 1 1 1 0
 0 0 0 1 1 11 1 1 1 1 1 8 8 16 10 10 8 8 2 6 6 1 2 2 1 1 1 3 3 1 0 0 0 0 0 0 0 0 0 0 0 0 1 1 1 0
 0 0 1 1 1 2 2 2 1 1 1 16 16 16 11 11 11 11 3 5 5 2 2 2 1 1 1 3 3 1 0 0 0 0 0 0 0 0 0 0 0 0 4 0 0 0
 2 2 0 0 0 1 8 8 1 1 2 20 20 19 30 30 15 15 33 8 8 5 3 3 2 2 2 2 2 1 0 0 0 0 0 0 0 0 0 0 1 1 0 0 0 0
 2 2 0 0 0 1 8 8 1 1 2 20 20 19 30 30 15 15 33 8 8 5 3 3 2 2 2 2 2 1 0 0 0 0 0 0 0 0 0 0 1 1 0 0 0 0
 0 0 1 0 0 0 0 0 1 1 1 28 28 25 48 48 40 40 48 11 11 10 7 7 10 10 3 2 2 1 0 0 0 0 1 1 1 1 0 0 0 0 0 1 1 1
 0 0 1 0 0 0 0 0 1 1 1 28 28 25 48 48 40 40 48 11 11 10 7 7 10 10 3 2 2 1 0 0 0 0 1 1 1 1 0 0 0 0 0 1 1 1
 0 0 0 1 1 1 1 1 1 1 14 38 38 52 60 60 56 56 69 13 13 16 17 17 12 12 7 4 4 2 1 1 1 1 0 0 0 1 1 1 1 1 0 1 1 1
 1 1 1 2 2 1 1 1 2 2 11 37 37 68 74 74 72 72 91 38 38 31 12 12 20 20 13 8 8 6 5 5 0 0 0 0 0 1 2 2 1 1 2 0 0 0
 1 1 1 2 2 1 1 1 2 2 11 37 37 68 74 74 72 72 91 38 38 31 12 12 20 20 13 8 8 6 5 5 0 0 0 0 0 1 2 2 1 1 2 0 0 0
 1 1 2 3 3 5 3 3 3 3 13 27 27 67 86 86 93 93 94 49 49 20 15 15 19 19 17 15 15 17 8 8 2 2 0 1 1 3 2 2 0 0 1 0 0 0
 2 2 3 2 2 3 5 5 4 4 17 37 37 86 96 96 88 88 80 56 56 25 18 18 22 22 16 15 15 16 25 25 6 6 2 2 2 2 1 1 1 1 1 0 0 0
 2 2 3 2 2 3 5 5 4 4 17 37 37 86 96 96 88 88 80 56 56 25 18 18 22 22 16 15 15 16 25 25 6 6 2 2 2 2 1 1 1 1 1 0 0 0
 6 6 5 4 4 5 9 9 7 7 17 53 53 78 86 86 76 76 62 67 67 23 19 19 22 22 21 15 15 24 40 40 18 18 5 2 2 2 1 1 3 3 2 0 0 0
 6 6 5 4 4 5 9 9 7 7 17 53 53 78 86 86 76 76 62 67 67 23 19 19 22 22 21 15 15 24 40 40 18 18 5 2 2 2 1 1 3 3 2 0 0 0
 5 5 6 6 6 4 10 10 14 14 18 60 60 69 82 82 72 72 47 51 51 24 24 24 23 23 22 19 19 20 43 43 18 18 8 6 6 3 2 2 8 8 3 0 0 0
 7 7 7 9 9 6 16 16 19 19 17 44 44 53 53 53 54 54 27 35 35 20 18 18 22 22 22 18 18 26 42 42 22 22 42 8 8 7 2 2 4 4 4 4 4 0
 7 7 7 9 9 6 16 16 19 19 17 44 44 53 53 53 54 54 27 35 35 20 18 18 22 22 22 18 18 26 42 42 22 22 42 8 8 7 2 2 4 4 4 4 4 0
 8 8 6 8 8 3 7 7 26 26 18 25 25 27 45 45 45 45 17 21 21 14 13 13 17 17 23 21 21 18 16 16 12 12 51 9 9 7 3 3 5 5 4 2 2 0
 6 6 9 8 8 4 4 4 6 6 14 12 12 19 40 40 51 51 14 10 10 8 9 9 16 16 21 18 18 19 25 25 26 26 30 8 8 7 7 7 8 8 4 0 0 0
 6 6 9 8 8 4 4 4 6 6 14 12 12 19 40 40 51 51 14 10 10 8 9 9 16 16 21 18 18 19 25 25 26 26 30 8 8 7 7 7 8 8 4 0 0 0
 4 4 7 5 5 6 7 7 7 7 11 10 10 12 29 29 49 49 11 6 6 5 6 6 14 14 22 28 28 25 26 26 26 26 31 22 22 18 15 15 11 11 1 0 0 0
 4 4 7 5 5 6 7 7 7 7 11 10 10 12 29 29 49 49 11 6 6 5 6 6 14 14 22 28 28 25 26 26 26 26 31 22 22 18 15 15 11 11 1 0 0 0
 5 5 5 3 3 5 4 4 8 8 8 9 9 16 34 34 30 30 11 4 4 7 4 4 11 11 21 24 24 24 26 26 23 23 39 30 30 38 18 18 10 10 1 0 0 1
 17 17 4 5 5 6 5 5 7 7 9 15 15 9 10 10 18 18 11 6 6 11 5 5 11 11 22 25 25 27 25 25 27 27 32 25 25 24 27 27 9 9 4 3 3 3
 17 17 4 5 5 6 5 5 7 7 9 15 15 9 10 10 18 18 11 6 6 11 5 5 11 11 22 25 25 27 25 25 27 27 32 25 25 24 27 27 9 9 4 3 3 3
 16 16 2 4 4 9 5 5 6 6 7 13 13 13 11 11 10 10 9 7 7 11 5 5 4 4 13 18 18 24 28 28 25 25 32 35 35 27 17 17 13 13 8 4 4 3
 1 1 3 3 3 9 7 7 7 7 6 6 6 14 6 6 10 10 8 8 8 13 18 18 3 3 10 15 15 20 26 26 53 53 53 41 41 19 18 18 42 42 37 5 5 4
 1 1 3 3 3 9 7 7 7 7 6 6 6 14 6 6 10 10 8 8 8 13 18 18 3 3 10 15 15 20 26 26 53 53 53 41 41 19 18 18 42 42 37 5 5 4
 0 0 0 5 5 7 8 8 8 8 7 7 7 4 6 6 7 7 10 14 14 11 5 5 1 1 9 15 15 16 24 24 30 30 54 34 34 30 24 24 44 44 40 5 5 7
 0 0 0 5 5 7 8 8 8 8 7 7 7 4 6 6 7 7 10 14 14 11 5 5 1 1 9 15 15 16 24 24 30 30 54 34 34 30 24 24 44 44 40 5 5 7
 1 1 0 1 1 4 9 9 8 8 2 2 2 6 9 9 10 10 19 22 22 15 5 5 3 3 10 13 13 12 18 18 22 22 68 45 45 30 26 26 23 23 36 31 31 8
 0 0 1 0 0 0 0 0 4 4 1 1 1 2 10 10 18 18 24 55 55 32 3 3 2 2 2 8 8 11 13 13 14 14 16 27 27 29 43 43 26 26 36 13 13 12
 0 0 1 0 0 0 0 0 4 4 1 1 1 2 10 10 18 18 24 55 55 32 3 3 2 2 2 8 8 11 13 13 14 14 16 27 27 29 43 43 26 26 36 13 13 12
 1 1 0 1 1 1 0 0 0 0 1 1 1 2 3 3 10 10 12 34 34 12 6 6 2 2 1 9 9 11 8 8 10 10 11 23 23 35 43 43 18 18 17 12 12 14
 5 5 1 2 2 2 1 1 0 0 0 1 1 1 1 1 4 4 8 5 5 7 10 10 6 6 1 7 7 5 5 5 10 10 6 17 17 30 40 40 31 31 30 17 17 18
 5 5 1 2 2 2 1 1 0 0 0 1 1 1 1 1 4 4 8 5 5 7 10 10 6 6 1 7 7 5 5 5 10 10 6 17 17 30 40 40 31 31 30 17 17 18
 2 2 1 3 3 2 0 0 1 1 0 0 0 0 1 1 3 3 3 4 4 4 28 28 14 14 2 0 0 4 5 5 6 6 7 6 6 20 22 22 21 21 26 15 15 5
 2 2 1 3 3 2 0 0 1 1 0 0 0 0 1 1 3 3 3 4 4 4 28 28 14 14 2 0 0 4 5 5 6 6 7 6 6 20 22 22 21 21 26 15 15 5
 2 2 1 2 2 4 3 3 2 2 0 0 0 0 0 0 1 1 1 2 2 3 14 14 15 15 3 1 1 10 10 10 6 6 8 6 6 9 11 11 13 13 20 21 21 3
 6 6 2 2 2 1 1 1 2 2 1 1 1 2 0 0 0 0 0 0 0 1 3 3 6 6 7 1 1 5 11 11 7 7 8 1 1 4 6 6 4 4 10 7 7 4
 6 6 2 2 2 1 1 1 2 2 1 1 1 2 0 0 0 0 0 0 0 1 3 3 6 6 7 1 1 5 11 11 7 7 8 1 1 4 6 6 4 4 10 7 7 4
 2 2 4 2 2 3 2 2 3 3 1 2 2 1 0 0 0 0 0 0 0 0 1 1 2 2 5 1 1 0 7 7 7 7 8 1 1 2 3 3 2 2 7 7 7 5
 2 2 3 3 3 3 3 3 2 2 1 0 0 0 0 0 0 0 0 0 0 0 0 0 1 1 2 1 1 1 1 1 1 1 1 1 1 1 1 1 2 2 1 3 3 2
