assets/RAT_results_old/precipitation/2018-09-30_IMERG.asc
ncols        46
nrows        77
xllcorner    74.800261325624
yllcorner    8.058333333333
cellsize     0.062500000000
NODATA_value -9999
 28 28 24 28 28 19 24 24 33 33 24 28 28 13 13 13 12 12 20 9 9 9 4 4 1 1 3 0 0 0 4 4 5 5 5 8 8 7 6 6 1 1 3 1 1 0
 29 29 29 15 15 21 26 26 24 24 31 13 13 8 12 12 10 10 12 4 4 3 12 12 2 2 4 3 3 4 7 7 10 10 10 15 15 14 11 11 0 0 0 0 0 0
 29 29 29 15 15 21 26 26 24 24 31 13 13 8 12 12 10 10 12 4 4 3 12 12 2 2 4 3 3 4 7 7 10 10 10 15 15 14 11 11 0 0 0 0 0 0
 10 10 15 12 12 18 21 21 32 32 23 13 13 11 18 18 6 6 6 5 5 4 8 8 7 7 4 4 4 7 8 8 10 10 20 18 18 10 2 2 0 0 0 0 0 0
 1 1 6 8 8 26 12 12 36 36 25 29 29 50 12 12 6 6 4 6 6 14 14 14 2 2 9 9 9 9 8 8 5 5 7 21 21 0 0 0 0 0 0 0 0 0
 1 1 6 8 8 26 12 12 36 36 25 29 29 50 12 12 6 6 4 6 6 14 14 14 2 2 9 9 9 9 8 8 5 5 7 21 21 0 0 0 0 0 0 0 0 0
 2 2 1 3 3 5 5 5 11 11 11 17 17 13 10 10 5 5 2 3 3 25 7 7 2 2 6 9 9 8 4 4 4 4 4 3 3 0 0 0 0 0 0 0 0 0
 2 2 1 3 3 5 5 5 11 11 11 17 17 13 10 10 5 5 2 3 3 25 7 7 2 2 6 9 9 8 4 4 4 4 4 3 3 0 0 0 0 0 0 0 0 0
 4 4 1 4 4 4 3 3 5 5 8 7 7 9 4 4 2 2 3 2 2 15 1 1 2 2 7 7 7 7 0 0 0 0 3 3 3 3 0 0 0 0 0 0 0 0
 2 2 3 4 4 4 6 6 2 2 1 1 1 2 1 1 1 1 0 0 0 9 5 5 0 0 4 0 0 0 0 0 0 0 0 3 3 3 0 0 0 0 0 1 1 2
 2 2 3 4 4 4 6 6 2 2 1 1 1 2 1 1 1 1 0 0 0 9 5 5 0 0 4 0 0 0 0 0 0 0 0 3 3 3 0 0 0 0 0 1 1 2
 1 1 1 2 2 3 5 5 1 1 1 1 1 1 0 0 0 0 0 0 0 0 3 3 12 12 15 3 3 0 3 3 27 27 0 0 0 0 0 0 0 0 0 3 3 3
 2 2 1 1 1 2 2 2 2 2 2 1 1 2 1 1 0 0 0 0 0 3 15 15 12 12 8 7 7 5 3 3 3 3 2 1 1 0 0 0 1 1 1 1 1 0
 2 2 1 1 1 2 2 2 2 2 2 1 1 2 1 1 0 0 0 0 0 3 15 15 12 12 8 7 7 5 3 3 3 3 2 1 1 0 0 0 1 1 1 1 1 0
 3 3 1 1 1 2 2 2 2 2 2 2 2 5 2 2 2 2 4 4 4 4 23 23 12 12 15 9 9 6 9 9 9 9 6 0 0 0 0 0 1 1 2 2 2 1
 3 3 1 1 1 2 2 2 2 2 2 2 2 5 2 2 2 2 4 4 4 4 23 23 12 12 15 9 9 6 9 9 9 9 6 0 0 0 0 0 1 1 2 2 2 1
 2 2 1 1 1 2 2 2 3 3 2 2 2 2 3 3 7 7 4 6 6 3 5 5 12 12 13 10 10 7 15 15 8 8 7 0 0 0 0 0 0 0 2 1 1 2
 2 2 2 2 2 1 1 1 1 1 2 3 3 2 3 3 6 6 7 3 3 4 12 12 15 15 8 2 2 4 9 9 5 5 0 3 3 0 0 0 3 3 1 1 1 3
 2 2 2 2 2 1 1 1 1 1 2 3 3 2 3 3 6 6 7 3 3 4 12 12 15 15 8 2 2 4 9 9 5 5 0 3 3 0 0 0 3 3 1 1 1 3
 4 4 6 9 9 8 3 3 2 2 1 2 2 2 2 2 3 3 4 6 6 2 2 2 7 7 14 20 20 3 9 9 2 2 3 1 1 1 2 2 4 4 2 4 4 5
 2 2 5 10 10 11 11 11 8 8 2 2 2 17 9 9 5 5 6 8 8 3 9 9 2 2 9 4 4 5 6 6 7 7 4 5 5 3 1 1 3 3 4 4 4 10
 2 2 5 10 10 11 11 11 8 8 2 2 2 17 9 9 5 5 6 8 8 3 9 9 2 2 9 4 4 5 6 6 7 7 4 5 5 3 1 1 3 3 4 4 4 10
 1 1 3 4 4 10 11 11 10 10 5 3 3 11 9 9 9 9 7 5 5 3 4 4 1 1 2 5 5 7 15 15 11 11 26 7 7 7 9 9 11 11 12 7 7 7
 1 1 3 4 4 10 11 11 10 10 5 3 3 11 9 9 9 9 7 5 5 3 4 4 1 1 2 5 5 7 15 15 11 11 26 7 7 7 9 9 11 11 12 7 7 7
 0 0 0 1 1 3 6 6 8 8 10 3 3 12 9 9 15 15 31 3 3 1 1 1 1 1 3 7 7 14 13 13 19 19 19 12 12 9 12 12 13 13 28 22 22 5
 0 0 0 1 1 2 4 4 7 7 2 1 1 6 16 16 10 10 2 4 4 4 1 1 1 1 1 7 7 12 33 33 46 46 37 25 25 15 10 10 37 37 17 5 5 5
 0 0 0 1 1 2 4 4 7 7 2 1 1 6 16 16 10 10 2 4 4 4 1 1 1 1 1 7 7 12 33 33 46 46 37 25 25 15 10 10 37 37 17 5 5 5
 0 0 1 1 1 3 2 2 5 5 5 2 2 1 7 7 9 9 6 6 6 4 1 1 4 4 5 18 18 18 51 51 32 32 35 33 33 21 36 36 31 31 33 3 3 4
 0 0 1 1 1 2 2 2 2 2 2 2 2 6 8 8 8 8 5 7 7 5 20 20 8 8 10 18 18 19 25 25 30 30 24 39 39 19 29 29 49 49 9 0 0 0
 0 0 1 1 1 2 2 2 2 2 2 2 2 6 8 8 8 8 5 7 7 5 20 20 8 8 10 18 18 19 25 25 30 30 24 39 39 19 29 29 49 49 9 0 0 0
 0 0 1 1 1 2 2 2 3 3 4 3 3 5 3 3 3 3 2 2 2 10 15 15 16 16 17 7 7 18 20 20 15 15 19 38 38 29 69 69 37 37 61 6 6 1
 0 0 1 1 1 2 2 2 3 3 4 3 3 5 3 3 3 3 2 2 2 10 15 15 16 16 17 7 7 18 20 20 15 15 19 38 38 29 69 69 37 37 61 6 6 1
 0 0 1 1 1 2 13 13 3 3 3 3 3 2 2 2 2 2 4 7 7 7 14 14 20 20 20 18 18 15 18 18 17 17 19 24 24 24 78 78 62 62 44 17 17 5
 1 1 1 1 1 2 7 7 4 4 6 3 3 3 3 3 1 1 8 15 15 7 23 23 18 18 19 16 16 8 6 6 17 17 22 22 22 24 19 19 15 15 13 8 8 3
 1 1 1 1 1 2 7 7 4 4 6 3 3 3 3 3 1 1 8 15 15 7 23 23 18 18 19 16 16 8 6 6 17 17 22 22 22 24 19 19 15 15 13 8 8 3
 1 1 1 2 2 2 3 3 5 5 4 3 3 2 1 1 2 2 10 10 10 15 24 24 22 22 19 21 21 11 9 9 14 14 20 21 21 16 14 14 15 15 29 6 6 2
 1 1 1 2 2 3 3 3 6 6 4 3 3 3 4 4 3 3 8 8 8 15 19 19 38 38 14 19 19 13 39 39 32 32 82 31 31 17 17 17 62 62 9 0 0 0
 1 1 1 2 2 3 3 3 6 6 4 3 3 3 4 4 3 3 8 8 8 15 19 19 38 38 14 19 19 13 39 39 32 32 82 31 31 17 17 17 62 62 9 0 0 0
 1 1 1 3 3 3 13 13 16 16 5 7 7 6 9 9 7 7 6 9 9 15 17 17 30 30 31 25 25 28 123 123 77 77 22 21 21 9 4 4 29 29 60 4 4 1
 1 1 1 3 3 3 13 13 16 16 5 7 7 6 9 9 7 7 6 9 9 15 17 17 30 30 31 25 25 28 123 123 77 77 22 21 21 9 4 4 29 29 60 4 4 1
 1 1 1 4 4 4 16 16 28 28 11 10 10 18 67 67 18 18 8 12 12 17 23 23 24 24 21 18 18 56 88 88 15 15 9 8 8 7 30 30 10 10 27 4 4 1
 1 1 2 4 4 6 16 16 28 28 14 14 14 14 31 31 12 12 9 31 31 25 28 28 38 38 24 18 18 8 8 8 4 4 4 2 2 3 8 8 4 4 7 3 3 0
 1 1 2 4 4 6 16 16 28 28 14 14 14 14 31 31 12 12 9 31 31 25 28 28 38 38 24 18 18 8 8 8 4 4 4 2 2 3 8 8 4 4 7 3 3 0
 2 2 4 5 5 6 21 21 22 22 18 13 13 27 17 17 64 64 39 29 29 16 28 28 37 37 50 22 22 12 5 5 2 2 3 2 2 4 3 3 8 8 14 60 60 37
 3 3 4 5 5 14 15 15 19 19 25 25 25 18 29 29 34 34 64 25 25 10 36 36 36 36 30 24 24 12 10 10 10 10 3 3 3 5 13 13 7 7 5 16 16 3
 3 3 4 5 5 14 15 15 19 19 25 25 25 18 29 29 34 34 64 25 25 10 36 36 36 36 30 24 24 12 10 10 10 10 3 3 3 5 13 13 7 7 5 16 16 3
 11 11 4 3 3 7 8 8 26 26 28 27 27 24 15 15 10 10 101 23 23 13 14 14 22 22 22 9 9 6 6 6 21 21 3 4 4 7 11 11 14 14 26 0 0 6
 11 11 4 3 3 7 8 8 26 26 28 27 27 24 15 15 10 10 101 23 23 13 14 14 22 22 22 9 9 6 6 6 21 21 3 4 4 7 11 11 14 14 26 0 0 6
 18 18 3 2 2 5 7 7 24 24 27 25 25 16 14 14 10 10 15 33 33 8 31 31 25 25 13 6 6 4 4 4 4 4 17 34 34 15 15 15 71 71 7 5 5 5
 25 25 16 2 2 4 5 5 24 24 22 24 24 22 16 16 7 7 7 6 6 9 10 10 14 14 9 5 5 6 1 1 4 4 27 20 20 17 8 8 33 33 15 8 8 4
 25 25 16 2 2 4 5 5 24 24 22 24 24 22 16 16 7 7 7 6 6 9 10 10 14 14 9 5 5 6 1 1 4 4 27 20 20 17 8 8 33 33 15 8 8 4
 17 17 17 3 3 2 3 3 7 7 8 25 25 26 10 10 10 10 6 8 8 23 6 6 10 10 5 5 5 3 6 6 10 10 7 7 7 16 5 5 3 3 3 8 8 7
 9 9 9 7 7 1 2 2 2 2 4 12 12 16 11 11 8 8 9 9 9 4 3 3 4 4 5 6 6 2 32 32 9 9 4 4 4 7 8 8 4 4 2 15 15 8
 9 9 9 7 7 1 2 2 2 2 4 12 12 16 11 11 8 8 9 9 9 4 3 3 4 4 5 6 6 2 32 32 9 9 4 4 4 7 8 8 4 4 2 15 15 8
 1 1 2 1 1 2 1 1 1 1 13 12 12 12 7 7 12 12 7 8 8 2 1 1 3 3 3 4 4 3 1 1 4 4 5 0 0 3 3 3 2 2 0 37 37 8
 1 1 2 1 1 2 1 1 1 1 13 12 12 12 7 7 12 12 7 8 8 2 1 1 3 3 3 4 4 3 1 1 4 4 5 0 0 3 3 3 2 2 0 37 37 8
 2 2 1 1 1 1 1 1 1 1 3 4 4 6 6 6 11 11 7 7 7 48 1 1 1 1 3 2 2 1 4 4 1 1 0 0 0 1 3 3 1 1 0 3 3 0
 2 2 2 1 1 1 1 1 1 1 3 2 2 6 7 7 14 14 14 11 11 3 2 2 0 0 1 2 2 1 1 1 0 0 0 3 3 4 7 7 2 2 0 0 0 0
 2 2 2 1 1 1 1 1 1 1 3 2 2 6 7 7 14 14 14 11 11 3 2 2 0 0 1 2 2 1 1 1 0 0 0 3 3 4 7 7 2 2 0 0 0 0
 3 3 1 1 1 1 1 1 1 1 3 2 2 5 7 7 7 7 11 14 14 3 0 0 0 0 1 1 1 1 1 1 1 1 0 4 4 9 5 5 5 5 4 1 1 1
 3 3 1 1 1 1 1 1 2 2 3 3 3 5 6 6 8 8 6 5 5 2 1 1 0 0 0 1 1 2 1 1 1 1 1 7 7 11 8 8 1 1 7 2 2 2
 3 3 1 1 1 1 1 1 2 2 3 3 3 5 6 6 8 8 6 5 5 2 1 1 0 0 0 1 1 2 1 1 1 1 1 7 7 11 8 8 1 1 7 2 2 2
 1 1 3 2 2 9 9 9 3 3 2 6 6 5 8 8 7 7 8 5 5 7 7 7 1 1 0 1 1 1 6 6 2 2 12 6 6 10 7 7 1 1 8 7 7 3
 1 1 3 2 2 9 9 9 3 3 2 6 6 5 8 8 7 7 8 5 5 7 7 7 1 1 0 1 1 1 6 6 2 2 12 6 6 10 7 7 1 1 8 7 7 3
 1 1 2 0 0 1 8 8 3 3 2 4 4 5 7 7 16 16 14 5 5 8 11 11 6 6 1 0 0 1 2 2 7 7 13 10 10 5 5 5 5 5 1 4 4 3
 1 1 1 0 0 1 1 1 2 2 6 7 7 9 11 11 11 11 15 10 10 10 11 11 12 12 5 1 1 2 3 3 4 4 7 8 8 4 3 3 4 4 6 6 6 2
 1 1 1 0 0 1 1 1 2 2 6 7 7 9 11 11 11 11 15 10 10 10 11 11 12 12 5 1 1 2 3 3 4 4 7 8 8 4 3 3 4 4 6 6 6 2
 2 2 4 1 1 0 1 1 2 2 7 7 7 8 10 10 17 17 20 16 16 11 15 15 61 61 12 3 3 1 3 3 3 3 8 24 24 5 23 23 6 6 6 5 5 4
 2 2 4 7 7 5 0 0 1 1 3 5 5 7 11 11 14 14 20 21 21 44 96 96 96 96 31 1 1 30 1 1 4 4 17 20 20 4 2 2 1 1 8 7 7 7
 2 2 4 7 7 5 0 0 1 1 3 5 5 7 11 11 14 14 20 21 21 44 96 96 96 96 31 1 1 30 1 1 4 4 17 20 20 4 2 2 1 1 8 7 7 7
 0 0 0 12 12 12 1 1 1 1 2 4 4 6 8 8 11 11 18 18 18 41 92 92 54 54 28 9 9 1 1 1 1 1 1 2 2 4 2 2 1 1 4 4 4 5
 0 0 0 12 12 12 1 1 1 1 2 4 4 6 8 8 11 11 18 18 18 41 92 92 54 54 28 9 9 1 1 1 1 1 1 2 2 4 2 2 1 1 4 4 4 5
 2 2 0 9 9 9 2 2 1 1 1 1 1 5 6 6 8 8 9 14 14 12 69 69 15 15 9 9 9 0 0 0 4 4 1 2 2 1 1 1 2 2 1 1 1 6
 0 0 0 1 1 1 1 1 1 1 2 1 1 3 4 4 3 3 5 4 4 3 8 8 3 3 4 0 0 0 2 2 4 4 0 0 0 1 1 1 6 6 1 1 1 1
 0 0 0 1 1 1 1 1 1 1 2 1 1 3 4 4 3 3 5 4 4 3 8 8 3 3 4 0 0 0 2 2 4 4 0 0 0 1 1 1 6 6 1 1 1 1
 1 1 1 1 1 1 0 0 1 1 1 1 1 2 3 3 3 3 3 2 2 2 2 2 1 1 1 1 1 2 2 2 1 1 0 0 0 0 2 2 1 1 1 0 0 0
 4 4 5 2 2 0 0 0 2 2 2 2 2 1 2 2 1 1 1 1 1 1 1 1 2 2 2 4 4 4 2 2 2 2 0 0 0 0 1 1 0 0 1 0 0 0
