assets/RAT_results_old/precipitation/2018-06-06_IMERG.asc
ncols        46
nrows        77
xllcorner    74.800261325624
yllcorner    8.058333333333
cellsize     0.062500000000
NODATA_value -9999
 29 29 12 8 8 6 4 4 5 5 1 2 2 2 0 0 0 0 0 0 0 0 0 0 0 0 0 0 0 0 0 0 0 0 0 0 0 0 0 0 0 0 0 0 0 0
 21 21 9 9 9 8 14 14 1 1 0 1 1 0 0 0 1 1 0 0 0 0 0 0 0 0 0 0 0 0 0 0 0 0 0 0 0 0 0 0 0 0 0 0 0 2
 21 21 9 9 9 8 14 14 1 1 0 1 1 0 0 0 1 1 0 0 0 0 0 0 0 0 0 0 0 0 0 0 0 0 0 0 0 0 0 0 0 0 0 0 0 2
 9 9 32 11 11 10 3 3 1 1 0 1 1 0 0 0 1 1 0 0 0 0 0 0 0 0 0 0 0 0 0 0 0 0 0 0 0 0 0 0 0 0 0 1 1 0
 5 5 14 24 24 3 11 11 1 1 3 1 1 0 0 0 0 0 0 0 0 0 0 0 0 0 0 0 0 0 0 0 0 0 0 0 0 0 0 0 0 0 0 0 0 0
 5 5 14 24 24 3 11 11 1 1 3 1 1 0 0 0 0 0 0 0 0 0 0 0 0 0 0 0 0 0 0 0 0 0 0 0 0 0 0 0 0 0 0 0 0 0
 7 7 10 7 7 21 8 8 4 4 0 0 0 0 0 0 0 0 0 0 0 0 0 0 0 0 0 1 1 2 1 1 0 0 0 0 0 0 0 0 1 1 1 1 1 1
 7 7 10 7 7 21 8 8 4 4 0 0 0 0 0 0 0 0 0 0 0 0 0 0 0 0 0 1 1 2 1 1 0 0 0 0 0 0 0 0 1 1 1 1 1 1
 5 5 11 15 15 14 26 26 5 5 1 1 1 2 0 0 2 2 2 0 0 1 1 1 0 0 0 0 0 0 0 0 0 0 0 1 1 1 1 1 1 1 1 1 1 1
 6 6 5 26 26 19 15 15 7 7 1 1 1 0 1 1 2 2 2 0 0 0 0 0 0 0 0 0 0 0 0 0 0 0 1 1 1 1 1 1 1 1 1 1 1 1
 6 6 5 26 26 19 15 15 7 7 1 1 1 0 1 1 2 2 2 0 0 0 0 0 0 0 0 0 0 0 0 0 0 0 1 1 1 1 1 1 1 1 1 1 1 1
 5 5 4 23 23 15 22 22 9 9 1 2 2 4 4 4 4 4 7 0 0 0 0 0 0 0 0 0 0 1 1 1 1 1 1 1 1 1 1 1 1 1 1 1 1 1
 4 4 4 4 4 7 8 8 3 3 5 1 1 1 7 7 3 3 2 3 3 1 0 0 0 0 0 1 1 1 1 1 1 1 1 1 1 1 1 1 1 1 1 1 1 1
 4 4 4 4 4 7 8 8 3 3 5 1 1 1 7 7 3 3 2 3 3 1 0 0 0 0 0 1 1 1 1 1 1 1 1 1 1 1 1 1 1 1 1 1 1 1
 4 4 6 6 6 9 14 14 28 28 11 11 11 2 3 3 2 2 1 0 0 0 0 0 0 0 1 1 1 1 1 1 1 1 1 1 1 1 1 1 1 1 2 1 1 1
 4 4 6 6 6 9 14 14 28 28 11 11 11 2 3 3 2 2 1 0 0 0 0 0 0 0 1 1 1 1 1 1 1 1 1 1 1 1 1 1 1 1 2 1 1 1
 3 3 2 14 14 19 12 12 21 21 27 22 22 11 5 5 1 1 1 1 1 1 0 0 0 0 0 0 0 0 1 1 1 1 1 1 1 1 1 1 1 1 1 1 1 1
 9 9 3 3 3 7 21 21 24 24 23 42 42 15 12 12 1 1 1 1 1 1 1 1 0 0 0 0 0 0 0 0 1 1 1 1 1 1 1 1 1 1 1 1 1 1
 9 9 3 3 3 7 21 21 24 24 23 42 42 15 12 12 1 1 1 1 1 1 1 1 0 0 0 0 0 0 0 0 1 1 1 1 1 1 1 1 1 1 1 1 1 1
 9 9 3 5 5 6 10 10 9 9 47 15 15 18 10 10 3 3 1 2 2 1 1 1 0 0 0 0 0 1 1 1 1 1 1 1 1 1 1 1 1 1 2 2 2 3
 18 18 9 5 5 7 11 11 8 8 12 11 11 13 7 7 8 8 2 2 2 1 2 2 0 0 1 1 1 1 1 1 1 1 1 1 1 1 1 1 1 1 1 2 2 19
 18 18 9 5 5 7 11 11 8 8 12 11 11 13 7 7 8 8 2 2 2 1 2 2 0 0 1 1 1 1 1 1 1 1 1 1 1 1 1 1 1 1 1 2 2 19
 23 23 6 23 23 13 8 8 4 4 6 13 13 9 15 15 11 11 7 6 6 1 1 1 1 1 1 2 2 2 1 1 1 1 1 1 1 1 1 1 1 1 12 18 18 19
 23 23 6 23 23 13 8 8 4 4 6 13 13 9 15 15 11 11 7 6 6 1 1 1 1 1 1 2 2 2 1 1 1 1 1 1 1 1 1 1 1 1 12 18 18 19
 20 20 7 8 8 7 4 4 5 5 4 4 4 9 8 8 10 10 9 8 8 2 1 1 1 1 2 1 1 1 1 1 1 1 1 1 1 1 1 1 1 1 1 1 1 1
 26 26 10 12 12 4 5 5 5 5 4 4 4 3 5 5 4 4 9 5 5 6 2 2 1 1 2 1 1 1 1 1 1 1 1 1 1 1 1 1 1 1 1 1 1 1
 26 26 10 12 12 4 5 5 5 5 4 4 4 3 5 5 4 4 9 5 5 6 2 2 1 1 2 1 1 1 1 1 1 1 1 1 1 1 1 1 1 1 1 1 1 1
 9 9 2 3 3 7 3 3 6 6 4 3 3 3 3 3 8 8 10 8 8 6 2 2 1 1 1 1 1 2 2 2 1 1 1 0 0 0 0 0 0 0 0 0 0 1
 6 6 5 6 6 9 3 3 5 5 2 1 1 1 2 2 3 3 7 2 2 4 2 2 1 1 1 1 1 2 2 2 1 1 1 0 0 0 0 0 0 0 0 0 0 0
 6 6 5 6 6 9 3 3 5 5 2 1 1 1 2 2 3 3 7 2 2 4 2 2 1 1 1 1 1 2 2 2 1 1 1 0 0 0 0 0 0 0 0 0 0 0
 4 4 7 7 7 8 12 12 2 2 4 1 1 1 1 1 2 2 2 1 1 1 1 1 1 1 1 1 1 1 1 1 0 0 0 0 0 0 1 1 0 0 0 0 0 0
 4 4 7 7 7 8 12 12 2 2 4 1 1 1 1 1 2 2 2 1 1 1 1 1 1 1 1 1 1 1 1 1 0 0 0 0 0 0 1 1 0 0 0 0 0 0
 2 2 5 11 11 24 13 13 8 8 8 2 2 1 1 1 2 2 2 1 1 1 1 1 1 1 1 1 1 0 0 0 0 0 0 0 0 1 1 1 0 0 0 0 0 0
 4 4 8 12 12 7 5 5 4 4 4 2 2 1 3 3 2 2 2 2 2 1 1 1 1 1 0 0 0 0 0 0 0 0 0 0 0 1 1 1 0 0 0 0 0 0
 4 4 8 12 12 7 5 5 4 4 4 2 2 1 3 3 2 2 2 2 2 1 1 1 1 1 0 0 0 0 0 0 0 0 0 0 0 1 1 1 0 0 0 0 0 0
 11 11 12 16 16 10 19 19 7 7 3 1 1 1 3 3 3 3 9 2 2 1 0 0 0 0 0 0 0 0 0 0 0 0 0 0 0 1 0 0 1 1 1 0 0 0
 8 8 4 10 10 16 9 9 4 4 3 2 2 1 6 6 2 2 2 1 1 1 0 0 1 1 0 0 0 0 0 0 0 0 0 0 0 0 0 0 0 0 1 0 0 0
 8 8 4 10 10 16 9 9 4 4 3 2 2 1 6 6 2 2 2 1 1 1 0 0 1 1 0 0 0 0 0 0 0 0 0 0 0 0 0 0 0 0 1 0 0 0
 12 12 8 6 6 12 6 6 3 3 3 3 3 2 2 2 2 2 2 2 2 2 1 1 1 1 0 0 0 0 0 0 0 0 0 0 0 1 1 1 1 1 1 0 0 1
 12 12 8 6 6 12 6 6 3 3 3 3 3 2 2 2 2 2 2 2 2 2 1 1 1 1 0 0 0 0 0 0 0 0 0 0 0 1 1 1 1 1 1 0 0 1
 7 7 6 10 10 6 14 14 3 3 4 3 3 3 3 3 3 3 3 2 2 1 1 1 0 0 0 0 0 0 0 0 0 0 1 1 1 2 1 1 1 1 2 2 2 1
 7 7 4 3 3 3 7 7 2 2 3 3 3 2 2 2 3 3 2 2 2 2 2 2 2 2 9 1 1 1 1 1 0 0 2 1 1 2 1 1 2 2 2 3 3 4
 7 7 4 3 3 3 7 7 2 2 3 3 3 2 2 2 3 3 2 2 2 2 2 2 2 2 9 1 1 1 1 1 0 0 2 1 1 2 1 1 2 2 2 3 3 4
 1 1 2 2 2 1 7 7 3 3 3 4 4 2 1 1 1 1 2 2 2 3 7 7 5 5 5 15 15 3 3 3 2 2 1 1 1 1 1 1 1 1 1 4 4 1
 1 1 2 1 1 2 3 3 2 2 4 7 7 3 2 2 2 2 2 5 5 1 5 5 3 3 11 8 8 8 1 1 1 1 1 1 1 1 1 1 1 1 1 2 2 1
 1 1 2 1 1 2 3 3 2 2 4 7 7 3 2 2 2 2 2 5 5 1 5 5 3 3 11 8 8 8 1 1 1 1 1 1 1 1 1 1 1 1 1 2 2 1
 2 2 2 2 2 4 2 2 1 1 2 3 3 3 1 1 1 1 1 0 0 1 1 1 3 3 1 1 1 1 1 1 4 4 1 1 1 2 1 1 4 4 1 1 1 1
 2 2 2 2 2 4 2 2 1 1 2 3 3 3 1 1 1 1 1 0 0 1 1 1 3 3 1 1 1 1 1 1 4 4 1 1 1 2 1 1 4 4 1 1 1 1
 2 2 1 1 1 2 6 6 1 1 1 1 1 3 3 3 5 5 1 1 1 1 2 2 10 10 2 4 4 4 9 9 2 2 1 3 3 2 3 3 3 3 2 1 1 1
 2 2 1 2 2 2 3 3 1 1 1 1 1 4 4 4 5 5 3 0 0 0 0 0 8 8 7 1 1 2 1 1 2 2 2 1 1 1 3 3 6 6 3 1 1 1
 2 2 1 2 2 2 3 3 1 1 1 1 1 4 4 4 5 5 3 0 0 0 0 0 8 8 7 1 1 2 1 1 2 2 2 1 1 1 3 3 6 6 3 1 1 1
 2 2 1 2 2 3 2 2 1 1 1 1 1 3 7 7 3 3 1 0 0 3 3 3 7 7 6 0 0 1 1 1 1 1 2 0 0 0 1 1 1 1 0 0 0 0
 2 2 1 2 2 1 3 3 12 12 7 4 4 2 2 2 2 2 1 0 0 3 3 3 7 7 1 1 1 0 0 0 0 0 2 5 5 0 1 1 0 0 1 1 1 1
 2 2 1 2 2 1 3 3 12 12 7 4 4 2 2 2 2 2 1 0 0 3 3 3 7 7 1 1 1 0 0 0 0 0 2 5 5 0 1 1 0 0 1 1 1 1
 1 1 1 1 1 0 0 0 11 11 44 7 7 1 1 1 1 1 1 1 1 1 0 0 4 4 1 1 1 0 1 1 2 2 1 1 1 2 1 1 0 0 1 2 2 5
 1 1 1 1 1 0 0 0 11 11 44 7 7 1 1 1 1 1 1 1 1 1 0 0 4 4 1 1 1 0 1 1 2 2 1 1 1 2 1 1 0 0 1 2 2 5
 1 1 1 0 0 1 1 1 20 20 7 9 9 2 1 1 1 1 1 2 2 1 3 3 3 3 1 1 1 1 0 0 0 0 4 1 1 0 0 0 0 0 0 0 0 1
 1 1 2 0 0 0 2 2 3 3 2 2 2 1 2 2 0 0 0 1 1 1 4 4 4 4 3 3 3 4 3 3 1 1 1 7 7 0 2 2 1 1 0 0 0 0
 1 1 2 0 0 0 2 2 3 3 2 2 2 1 2 2 0 0 0 1 1 1 4 4 4 4 3 3 3 4 3 3 1 1 1 7 7 0 2 2 1 1 0 0 0 0
 0 0 1 1 1 1 0 0 5 5 2 1 1 2 1 1 0 0 0 4 4 1 4 4 4 4 4 8 8 7 4 4 4 4 6 5 5 4 1 1 2 2 1 1 1 0
 1 1 1 0 0 0 0 0 0 0 1 2 2 1 1 1 0 0 3 6 6 3 2 2 4 4 3 13 13 8 15 15 8 8 2 4 4 4 1 1 1 1 1 1 1 0
 1 1 1 0 0 0 0 0 0 0 1 2 2 1 1 1 0 0 3 6 6 3 2 2 4 4 3 13 13 8 15 15 8 8 2 4 4 4 1 1 1 1 1 1 1 0
 0 0 0 0 0 2 0 0 0 0 0 0 0 0 0 0 2 2 4 6 6 3 1 1 4 4 5 9 9 12 8 8 2 2 4 4 4 4 4 4 4 4 6 4 4 2
 0 0 0 0 0 2 0 0 0 0 0 0 0 0 0 0 2 2 4 6 6 3 1 1 4 4 5 9 9 12 8 8 2 2 4 4 4 4 4 4 4 4 6 4 4 2
 0 0 0 0 0 2 0 0 3 3 0 0 0 0 1 1 2 2 6 5 5 1 2 2 5 5 5 13 13 11 7 7 5 5 4 6 6 6 5 5 3 3 2 2 2 1
 0 0 0 0 0 0 1 1 0 0 3 1 1 0 1 1 2 2 4 2 2 3 3 3 5 5 8 13 13 14 12 12 8 8 8 5 5 7 7 7 5 5 3 2 2 1
 0 0 0 0 0 0 1 1 0 0 3 1 1 0 1 1 2 2 4 2 2 3 3 3 5 5 8 13 13 14 12 12 8 8 8 5 5 7 7 7 5 5 3 2 2 1
 0 0 1 0 0 0 0 0 0 0 0 2 2 1 2 2 2 2 4 3 3 4 7 7 10 10 13 9 9 8 9 9 9 9 7 3 3 3 2 2 2 2 1 1 1 1
 0 0 0 0 0 0 0 0 0 0 0 1 1 1 2 2 2 2 3 4 4 5 9 9 12 12 12 9 9 10 9 9 7 7 21 3 3 1 2 2 1 1 1 0 0 1
 0 0 0 0 0 0 0 0 0 0 0 1 1 1 2 2 2 2 3 4 4 5 9 9 12 12 12 9 9 10 9 9 7 7 21 3 3 1 2 2 1 1 1 0 0 1
 2 2 0 1 1 1 1 1 1 1 1 0 0 1 1 1 1 1 2 3 3 6 6 6 10 10 10 4 4 5 8 8 5 5 8 4 4 4 4 4 2 2 1 1 1 1
 2 2 0 1 1 1 1 1 1 1 1 0 0 1 1 1 1 1 2 3 3 6 6 6 10 10 10 4 4 5 8 8 5 5 8 4 4 4 4 4 2 2 1 1 1 1
 1 1 0 0 0 1 1 1 1 1 1 1 1 1 1 1 0 0 1 6 6 5 3 3 4 4 6 7 7 5 6 6 4 4 4 6 6 6 5 5 4 4 2 2 2 1
 1 1 0 0 0 0 0 0 0 0 0 1 1 0 1 1 1 1 1 4 4 3 1 1 2 2 1 4 4 5 5 5 7 7 7 7 7 4 6 6 10 10 4 3 3 0
 1 1 0 0 0 0 0 0 0 0 0 1 1 0 1 1 1 1 1 4 4 3 1 1 2 2 1 4 4 5 5 5 7 7 7 7 7 4 6 6 10 10 4 3 3 0
 1 1 1 2 2 1 1 1 1 1 1 1 1 1 1 1 1 1 0 1 1 1 0 0 0 0 2 3 3 7 13 13 6 6 7 8 8 11 12 12 21 21 9 6 6 5
 1 1 1 1 1 1 1 1 1 1 2 2 2 2 3 3 2 2 1 0 0 1 1 1 1 1 1 2 2 16 9 9 9 9 12 13 13 6 5 5 7 7 9 3 3 4
