assets/RAT_results_old/precipitation/2018-11-02_IMERG.asc
ncols        46
nrows        77
xllcorner    74.800261325624
yllcorner    8.058333333333
cellsize     0.062500000000
NODATA_value -9999
 0 0 0 0 0 0 0 0 0 0 0 0 0 0 0 0 0 0 0 0 0 0 0 0 0 0 0 0 0 0 0 0 0 0 0 2 2 2 1 1 0 0 0 0 0 0
 0 0 0 0 0 0 1 1 0 0 0 0 0 0 0 0 0 0 0 0 0 0 0 0 0 0 0 0 0 0 0 0 0 0 0 2 2 1 1 1 0 0 0 0 0 0
 0 0 0 0 0 0 1 1 0 0 0 0 0 0 0 0 0 0 0 0 0 0 0 0 0 0 0 0 0 0 0 0 0 0 0 2 2 1 1 1 0 0 0 0 0 0
 2 2 0 0 0 0 0 0 0 0 0 0 0 0 0 0 0 0 0 0 0 0 0 0 0 0 0 0 0 0 0 0 0 0 0 2 2 0 0 0 1 1 0 0 0 1
 0 0 0 0 0 0 0 0 0 0 0 0 0 0 0 0 0 0 0 0 0 0 0 0 0 0 0 0 0 0 0 0 0 0 0 0 0 0 0 0 0 0 0 0 0 1
 0 0 0 0 0 0 0 0 0 0 0 0 0 0 0 0 0 0 0 0 0 0 0 0 0 0 0 0 0 0 0 0 0 0 0 0 0 0 0 0 0 0 0 0 0 1
 0 0 0 0 0 0 0 0 0 0 3 0 0 0 0 0 0 0 0 0 0 0 0 0 0 0 0 0 0 1 0 0 0 0 0 0 0 0 0 0 0 0 0 0 0 0
 0 0 0 0 0 0 0 0 0 0 3 0 0 0 0 0 0 0 0 0 0 0 0 0 0 0 0 0 0 1 0 0 0 0 0 0 0 0 0 0 0 0 0 0 0 0
 2 2 1 1 1 0 1 1 2 2 1 0 0 0 0 0 1 1 0 0 0 0 0 0 0 0 0 0 0 0 0 0 0 0 0 0 0 0 0 0 0 0 0 1 1 0
 2 2 1 1 1 1 3 3 4 4 2 2 2 1 0 0 0 0 0 0 0 0 0 0 0 0 0 0 0 0 0 0 0 0 0 0 0 0 0 0 0 0 0 0 0 0
 2 2 1 1 1 1 3 3 4 4 2 2 2 1 0 0 0 0 0 0 0 0 0 0 0 0 0 0 0 0 0 0 0 0 0 0 0 0 0 0 0 0 0 0 0 0
 4 4 2 3 3 3 3 3 0 0 1 5 5 5 1 1 0 0 1 1 1 0 1 1 3 3 1 1 1 1 1 1 0 0 0 0 0 0 1 1 0 0 0 0 0 0
 3 3 3 2 2 3 1 1 0 0 0 1 1 0 0 0 2 2 1 1 1 2 0 0 4 4 1 1 1 1 1 1 0 0 0 0 0 0 1 1 1 1 1 0 0 0
 3 3 3 2 2 3 1 1 0 0 0 1 1 0 0 0 2 2 1 1 1 2 0 0 4 4 1 1 1 1 1 1 0 0 0 0 0 0 1 1 1 1 1 0 0 0
 7 7 7 3 3 3 1 1 2 2 2 0 0 0 0 0 1 1 1 22 22 3 1 1 2 2 2 3 3 2 2 2 0 0 0 1 1 1 1 1 1 1 0 0 0 0
 7 7 7 3 3 3 1 1 2 2 2 0 0 0 0 0 1 1 1 22 22 3 1 1 2 2 2 3 3 2 2 2 0 0 0 1 1 1 1 1 1 1 0 0 0 0
 16 16 19 7 7 9 2 2 2 2 1 1 1 0 1 1 0 0 0 1 1 1 1 1 3 3 2 4 4 3 2 2 0 0 0 1 1 3 1 1 0 0 1 1 1 2
 17 17 19 31 31 44 14 14 2 2 2 3 3 1 1 1 1 1 1 2 2 1 1 1 3 3 3 3 3 3 3 3 0 0 0 1 1 1 2 2 1 1 1 2 2 3
 17 17 19 31 31 44 14 14 2 2 2 3 3 1 1 1 1 1 1 2 2 1 1 1 3 3 3 3 3 3 3 3 0 0 0 1 1 1 2 2 1 1 1 2 2 3
 11 11 15 15 15 17 22 22 7 7 3 3 3 1 1 1 1 1 1 1 1 2 2 2 2 2 2 1 1 1 1 1 1 1 2 2 2 2 2 2 3 3 3 2 2 4
 8 8 9 10 10 24 26 26 30 30 33 28 28 14 6 6 4 4 0 0 0 4 2 2 1 1 1 2 2 2 1 1 1 1 0 1 1 2 2 2 5 5 6 5 5 8
 8 8 9 10 10 24 26 26 30 30 33 28 28 14 6 6 4 4 0 0 0 4 2 2 1 1 1 2 2 2 1 1 1 1 0 1 1 2 2 2 5 5 6 5 5 8
 8 8 11 16 16 23 32 32 50 50 45 35 35 20 14 14 8 8 4 0 0 1 1 1 0 0 0 2 2 3 1 1 1 1 2 1 1 2 5 5 4 4 6 6 6 8
 8 8 11 16 16 23 32 32 50 50 45 35 35 20 14 14 8 8 4 0 0 1 1 1 0 0 0 2 2 3 1 1 1 1 2 1 1 2 5 5 4 4 6 6 6 8
 23 23 17 23 23 24 38 38 49 49 47 44 44 28 28 28 12 12 4 3 3 5 1 1 3 3 3 4 4 4 1 1 1 1 2 1 1 0 3 3 4 4 8 7 7 8
 27 27 23 22 22 17 30 30 43 43 38 34 34 24 7 7 4 4 1 1 1 3 2 2 4 4 4 4 4 7 2 2 0 0 1 2 2 0 4 4 4 4 6 7 7 9
 27 27 23 22 22 17 30 30 43 43 38 34 34 24 7 7 4 4 1 1 1 3 2 2 4 4 4 4 4 7 2 2 0 0 1 2 2 0 4 4 4 4 6 7 7 9
 30 30 29 18 18 10 7 7 16 16 5 6 6 18 3 3 6 6 1 1 1 3 6 6 7 7 3 4 4 1 0 0 0 0 1 1 1 1 2 2 3 3 7 7 7 9
 18 18 12 10 10 6 6 6 5 5 2 1 1 1 1 1 2 2 1 0 0 1 2 2 1 1 2 5 5 1 0 0 0 0 0 1 1 1 3 3 5 5 6 7 7 8
 18 18 12 10 10 6 6 6 5 5 2 1 1 1 1 1 2 2 1 0 0 1 2 2 1 1 2 5 5 1 0 0 0 0 0 1 1 1 3 3 5 5 6 7 7 8
 13 13 6 3 3 3 2 2 2 2 1 0 0 0 1 1 1 1 2 1 1 2 1 1 2 2 1 2 2 1 1 1 0 0 0 2 2 1 1 1 6 6 6 7 7 7
 13 13 6 3 3 3 2 2 2 2 1 0 0 0 1 1 1 1 2 1 1 2 1 1 2 2 1 2 2 1 1 1 0 0 0 2 2 1 1 1 6 6 6 7 7 7
 5 5 3 2 2 1 1 1 1 1 1 0 0 0 1 1 1 1 2 2 2 1 1 1 1 1 0 2 2 2 1 1 1 1 0 1 1 1 1 1 3 3 5 7 7 8
 2 2 2 1 1 1 1 1 1 1 1 0 0 0 0 0 3 3 4 1 1 1 0 0 1 1 1 0 0 0 0 0 1 1 1 1 1 1 1 1 4 4 4 4 4 3
 2 2 2 1 1 1 1 1 1 1 1 0 0 0 0 0 3 3 4 1 1 1 0 0 1 1 1 0 0 0 0 0 1 1 1 1 1 1 1 1 4 4 4 4 4 3
 1 1 1 1 1 1 1 1 1 1 1 0 0 0 1 1 2 2 5 3 3 0 0 0 1 1 0 0 0 0 0 0 0 0 0 1 1 1 2 2 3 3 3 1 1 2
 1 1 1 1 1 1 1 1 1 1 1 2 2 1 1 1 3 3 3 6 6 1 2 2 1 1 0 1 1 0 0 0 0 0 1 1 1 1 1 1 2 2 1 1 1 0
 1 1 1 1 1 1 1 1 1 1 1 2 2 1 1 1 3 3 3 6 6 1 2 2 1 1 0 1 1 0 0 0 0 0 1 1 1 1 1 1 2 2 1 1 1 0
 1 1 1 1 1 4 2 2 2 2 3 5 5 5 6 6 4 4 5 6 6 5 3 3 1 1 3 1 1 0 0 0 0 0 0 1 1 1 1 1 1 1 0 0 0 1
 1 1 1 1 1 4 2 2 2 2 3 5 5 5 6 6 4 4 5 6 6 5 3 3 1 1 3 1 1 0 0 0 0 0 0 1 1 1 1 1 1 1 0 0 0 1
 1 1 2 2 2 4 8 8 10 10 11 12 12 12 10 10 7 7 6 8 8 11 3 3 3 3 3 2 2 2 2 2 0 0 0 2 2 2 1 1 1 1 0 1 1 0
 6 6 6 7 7 7 18 18 9 9 13 12 12 15 14 14 17 17 11 18 18 13 8 8 13 13 4 12 12 6 0 0 1 1 3 3 3 3 1 1 3 3 1 2 2 2
 6 6 6 7 7 7 18 18 9 9 13 12 12 15 14 14 17 17 11 18 18 13 8 8 13 13 4 12 12 6 0 0 1 1 3 3 3 3 1 1 3 3 1 2 2 2
 9 9 9 8 8 10 7 7 16 16 13 15 15 37 21 21 16 16 9 33 33 16 27 27 27 27 26 9 9 7 2 2 1 1 1 2 2 3 2 2 5 5 3 5 5 1
 9 9 10 15 15 13 13 13 18 18 19 22 22 41 62 62 28 28 22 23 23 31 24 24 17 17 31 15 15 5 2 2 1 1 2 2 2 2 2 2 2 2 1 1 1 0
 9 9 10 15 15 13 13 13 18 18 19 22 22 41 62 62 28 28 22 23 23 31 24 24 17 17 31 15 15 5 2 2 1 1 2 2 2 2 2 2 2 2 1 1 1 0
 6 6 27 24 24 8 14 14 22 22 23 32 32 47 41 41 37 37 19 19 19 14 35 35 21 21 23 19 19 9 7 7 1 1 1 0 0 0 0 0 0 0 0 0 0 0
 6 6 27 24 24 8 14 14 22 22 23 32 32 47 41 41 37 37 19 19 19 14 35 35 21 21 23 19 19 9 7 7 1 1 1 0 0 0 0 0 0 0 0 0 0 0
 8 8 10 13 13 12 14 14 16 16 18 22 22 58 42 42 50 50 23 27 27 21 17 17 37 37 29 19 19 10 8 8 2 2 0 1 1 0 0 0 0 0 1 0 0 0
 6 6 12 18 18 19 13 13 15 15 16 36 36 38 35 35 19 19 20 25 25 17 19 19 33 33 34 24 24 9 4 4 5 5 2 1 1 1 1 1 1 1 2 0 0 0
 6 6 12 18 18 19 13 13 15 15 16 36 36 38 35 35 19 19 20 25 25 17 19 19 33 33 34 24 24 9 4 4 5 5 2 1 1 1 1 1 1 1 2 0 0 0
 7 7 14 19 19 20 20 20 20 20 27 27 27 27 10 10 4 4 18 13 13 31 32 32 30 30 36 26 26 9 5 5 2 2 1 1 1 0 0 0 1 1 1 2 2 0
 15 15 16 21 21 27 24 24 27 27 22 22 22 8 5 5 7 7 6 14 14 6 16 16 45 45 35 26 26 15 5 5 2 2 1 0 0 1 1 1 3 3 3 3 3 1
 15 15 16 21 21 27 24 24 27 27 22 22 22 8 5 5 7 7 6 14 14 6 16 16 45 45 35 26 26 15 5 5 2 2 1 0 0 1 1 1 3 3 3 3 3 1
 9 9 19 19 19 20 24 24 23 23 37 28 28 7 22 22 5 5 6 23 23 43 34 34 41 41 29 25 25 16 5 5 3 3 5 4 4 3 4 4 3 3 7 4 4 3
 9 9 19 19 19 20 24 24 23 23 37 28 28 7 22 22 5 5 6 23 23 43 34 34 41 41 29 25 25 16 5 5 3 3 5 4 4 3 4 4 3 3 7 4 4 3
 10 10 17 17 17 17 22 22 11 11 7 5 5 5 8 8 8 8 8 8 8 43 124 124 23 23 23 16 16 11 6 6 5 5 2 5 5 4 5 5 4 4 6 12 12 8
 6 6 3 5 5 6 17 17 8 8 4 12 12 12 19 19 9 9 10 8 8 11 15 15 15 15 17 19 19 10 10 10 6 6 4 3 3 3 5 5 4 4 8 8 8 8
 6 6 3 5 5 6 17 17 8 8 4 12 12 12 19 19 9 9 10 8 8 11 15 15 15 15 17 19 19 10 10 10 6 6 4 3 3 3 5 5 4 4 8 8 8 8
 2 2 2 3 3 5 6 6 7 7 8 16 16 16 17 17 12 12 28 8 8 9 16 16 17 17 24 22 22 20 14 14 17 17 9 7 7 4 5 5 5 5 8 6 6 4
 2 2 2 3 3 4 5 5 9 9 18 32 32 22 24 24 14 14 15 18 18 9 18 18 19 19 24 28 28 25 22 22 19 19 16 14 14 11 9 9 5 5 7 6 6 4
 2 2 2 3 3 4 5 5 9 9 18 32 32 22 24 24 14 14 15 18 18 9 18 18 19 19 24 28 28 25 22 22 19 19 16 14 14 11 9 9 5 5 7 6 6 4
 5 5 3 3 3 4 11 11 21 21 23 43 43 62 66 66 17 17 17 20 20 15 19 19 24 24 25 30 30 34 30 30 28 28 26 29 29 23 16 16 13 13 7 8 8 8
 5 5 3 3 3 4 11 11 21 21 23 43 43 62 66 66 17 17 17 20 20 15 19 19 24 24 25 30 30 34 30 30 28 28 26 29 29 23 16 16 13 13 7 8 8 8
 4 4 3 4 4 6 10 10 16 16 23 54 54 66 74 74 52 52 24 28 28 29 19 19 22 22 27 27 27 33 40 40 41 41 93 47 47 40 42 42 35 35 27 22 22 17
 2 2 2 5 5 5 5 5 30 30 40 18 18 83 84 84 90 90 27 29 29 28 22 22 23 23 26 22 22 45 56 56 135 135 136 57 57 44 36 36 38 38 27 21 21 21
 2 2 2 5 5 5 5 5 30 30 40 18 18 83 84 84 90 90 27 29 29 28 22 22 23 23 26 22 22 45 56 56 135 135 136 57 57 44 36 36 38 38 27 21 21 21
 1 1 1 2 2 2 3 3 7 7 17 17 17 31 70 70 52 52 27 30 30 30 23 23 21 21 36 33 33 38 55 55 74 74 152 51 51 45 49 49 49 49 34 30 30 49
 1 1 1 1 1 2 3 3 6 6 21 13 13 35 51 51 46 46 22 22 22 16 20 20 25 25 31 40 40 43 50 50 76 76 75 105 105 70 64 64 71 71 57 38 38 51
 1 1 1 1 1 2 3 3 6 6 21 13 13 35 51 51 46 46 22 22 22 16 20 20 25 25 31 40 40 43 50 50 76 76 75 105 105 70 64 64 71 71 57 38 38 51
 0 0 1 1 1 4 3 3 4 4 11 16 16 36 36 36 36 36 23 19 19 18 19 19 47 47 43 52 52 45 49 49 49 49 72 93 93 65 46 46 76 76 74 86 86 83
 0 0 1 1 1 4 3 3 4 4 11 16 16 36 36 36 36 36 23 19 19 18 19 19 47 47 43 52 52 45 49 49 49 49 72 93 93 65 46 46 76 76 74 86 86 83
 1 1 0 4 4 4 5 5 6 6 6 20 20 26 20 20 23 23 13 20 20 19 37 37 41 41 42 53 53 50 60 60 63 63 62 91 91 70 47 47 41 41 104 100 100 149
 1 1 1 6 6 6 11 11 7 7 7 9 9 7 12 12 13 13 11 22 22 32 83 83 82 82 86 56 56 76 50 50 53 53 43 53 53 63 55 55 51 51 58 106 106 62
 1 1 1 6 6 6 11 11 7 7 7 9 9 7 12 12 13 13 11 22 22 32 83 83 82 82 86 56 56 76 50 50 53 53 43 53 53 63 55 55 51 51 58 106 106 62
 1 1 1 6 6 7 12 12 14 14 15 12 12 11 12 12 17 17 15 35 35 54 34 34 88 88 103 39 39 45 45 45 50 50 38 39 39 32 47 47 64 64 54 51 51 56
 3 3 1 3 3 8 10 10 17 17 17 16 16 15 16 16 18 18 40 154 154 122 98 98 99 99 112 53 53 37 34 34 35 35 27 26 26 29 28 28 40 40 41 51 51 44
