assets/RAT_results_old/precipitation/2018-04-12_IMERG.asc
ncols        46
nrows        77
xllcorner    74.800261325624
yllcorner    8.058333333333
cellsize     0.062500000000
NODATA_value -9999
 0 0 0 0 0 0 1 1 0 0 0 0 0 0 2 2 6 6 7 3 3 2 1 1 0 0 0 0 0 0 0 0 0 0 0 0 0 0 0 0 0 0 0 0 0 0
 1 1 0 0 0 0 0 0 0 0 1 1 1 3 4 4 11 11 9 8 8 4 3 3 3 3 3 0 0 0 0 0 0 0 0 0 0 0 0 0 0 0 0 0 0 0
 1 1 0 0 0 0 0 0 0 0 1 1 1 3 4 4 11 11 9 8 8 4 3 3 3 3 3 0 0 0 0 0 0 0 0 0 0 0 0 0 0 0 0 0 0 0
 0 0 0 0 0 0 0 0 5 5 0 1 1 10 15 15 25 25 12 8 8 4 4 4 4 4 3 4 4 1 0 0 0 0 0 0 0 0 0 0 0 0 0 0 0 0
 0 0 0 0 0 1 0 0 0 0 1 3 3 10 23 23 22 22 23 9 9 6 4 4 2 2 1 2 2 2 0 0 0 0 0 0 0 0 0 0 0 0 0 0 0 0
 0 0 0 0 0 1 0 0 0 0 1 3 3 10 23 23 22 22 23 9 9 6 4 4 2 2 1 2 2 2 0 0 0 0 0 0 0 0 0 0 0 0 0 0 0 0
 0 0 1 0 0 2 2 2 0 0 2 7 7 9 15 15 20 20 19 9 9 6 2 2 2 2 3 2 2 2 0 0 0 0 0 0 0 0 0 0 0 0 0 0 0 0
 0 0 1 0 0 2 2 2 0 0 2 7 7 9 15 15 20 20 19 9 9 6 2 2 2 2 3 2 2 2 0 0 0 0 0 0 0 0 0 0 0 0 0 0 0 0
 0 0 0 0 0 1 3 3 3 3 5 16 16 15 15 15 18 18 16 10 10 7 6 6 5 5 2 2 2 2 1 1 0 0 0 0 0 0 0 0 0 0 0 0 0 0
 0 0 0 0 0 1 2 2 2 2 8 17 17 14 11 11 7 7 13 6 6 3 5 5 4 4 2 1 1 1 0 0 0 0 0 0 0 0 0 0 0 0 0 0 0 0
 0 0 0 0 0 1 2 2 2 2 8 17 17 14 11 11 7 7 13 6 6 3 5 5 4 4 2 1 1 1 0 0 0 0 0 0 0 0 0 0 0 0 0 0 0 0
 0 0 0 0 0 1 2 2 3 3 2 14 14 13 9 9 6 6 4 6 6 5 1 1 2 2 2 2 2 1 0 0 0 0 0 0 0 0 1 1 0 0 0 0 0 0
 0 0 0 0 0 1 2 2 3 3 2 5 5 11 14 14 9 9 8 5 5 10 1 1 1 1 5 6 6 0 0 0 0 0 0 1 1 1 1 1 0 0 0 0 0 0
 0 0 0 0 0 1 2 2 3 3 2 5 5 11 14 14 9 9 8 5 5 10 1 1 1 1 5 6 6 0 0 0 0 0 0 1 1 1 1 1 0 0 0 0 0 0
 0 0 0 0 0 0 1 1 2 2 2 6 6 8 16 16 15 15 10 5 5 5 1 1 1 1 1 1 1 0 0 0 0 0 0 0 0 2 0 0 0 0 0 0 0 0
 0 0 0 0 0 0 1 1 2 2 2 6 6 8 16 16 15 15 10 5 5 5 1 1 1 1 1 1 1 0 0 0 0 0 0 0 0 2 0 0 0 0 0 0 0 0
 0 0 0 0 0 0 0 0 1 1 2 0 0 6 17 17 15 15 5 4 4 3 1 1 3 3 3 3 3 0 0 0 0 0 0 0 0 0 0 0 0 0 0 0 0 0
 0 0 0 2 2 0 2 2 2 2 1 0 0 1 7 7 6 6 7 3 3 5 7 7 4 4 3 3 3 0 1 1 1 1 1 0 0 0 0 0 0 0 0 0 0 0
 0 0 0 2 2 0 2 2 2 2 1 0 0 1 7 7 6 6 7 3 3 5 7 7 4 4 3 3 3 0 1 1 1 1 1 0 0 0 0 0 0 0 0 0 0 0
 0 0 0 0 0 0 2 2 0 0 1 0 0 0 7 7 7 7 6 8 8 11 6 6 3 3 3 3 3 1 1 1 1 1 1 0 0 0 0 0 0 0 0 0 0 1
 0 0 0 0 0 0 1 1 1 1 0 0 0 0 3 3 6 6 6 8 8 12 2 2 3 3 2 2 2 2 1 1 1 1 2 0 0 0 0 0 1 1 1 2 2 2
 0 0 0 0 0 0 1 1 1 1 0 0 0 0 3 3 6 6 6 8 8 12 2 2 3 3 2 2 2 2 1 1 1 1 2 0 0 0 0 0 1 1 1 2 2 2
 0 0 0 0 0 0 1 1 1 1 1 0 0 0 0 0 0 0 2 2 2 2 3 3 2 2 2 2 2 0 1 1 1 1 1 1 1 0 0 0 0 0 0 1 1 0
 0 0 0 0 0 0 1 1 1 1 1 0 0 0 0 0 0 0 2 2 2 2 3 3 2 2 2 2 2 0 1 1 1 1 1 1 1 0 0 0 0 0 0 1 1 0
 0 0 0 0 0 1 1 1 2 2 3 1 1 1 0 0 1 1 2 5 5 1 1 1 1 1 0 0 0 1 2 2 3 3 2 1 1 4 5 5 0 0 0 0 0 0
 0 0 0 0 0 1 1 1 1 1 4 2 2 2 2 2 1 1 5 7 7 5 5 5 3 3 2 1 1 2 2 2 12 12 13 9 9 5 2 2 0 0 0 0 0 0
 0 0 0 0 0 1 1 1 1 1 4 2 2 2 2 2 1 1 5 7 7 5 5 5 3 3 2 1 1 2 2 2 12 12 13 9 9 5 2 2 0 0 0 0 0 0
 0 0 0 0 0 0 1 1 1 1 5 7 7 5 3 3 5 5 16 8 8 14 7 7 7 7 5 1 1 10 10 10 2 2 14 3 3 1 0 0 0 0 0 0 0 0
 0 0 0 0 0 0 0 0 2 2 2 5 5 4 4 4 15 15 10 9 9 12 14 14 10 10 10 6 6 3 3 3 1 1 1 0 0 0 0 0 0 0 0 0 0 0
 0 0 0 0 0 0 0 0 2 2 2 5 5 4 4 4 15 15 10 9 9 12 14 14 10 10 10 6 6 3 3 3 1 1 1 0 0 0 0 0 0 0 0 0 0 0
 0 0 0 0 0 0 1 1 1 1 1 3 3 3 4 4 5 5 5 8 8 15 14 14 10 10 14 6 6 3 0 0 0 0 0 0 0 0 0 0 0 0 0 0 0 0
 0 0 0 0 0 0 1 1 1 1 1 3 3 3 4 4 5 5 5 8 8 15 14 14 10 10 14 6 6 3 0 0 0 0 0 0 0 0 0 0 0 0 0 0 0 0
 0 0 0 1 1 1 1 1 1 1 1 4 4 1 3 3 1 1 10 15 15 21 15 15 8 8 6 3 3 1 1 1 0 0 1 0 0 0 0 0 0 0 0 0 0 0
 0 0 0 1 1 1 2 2 2 2 2 3 3 1 1 1 1 1 15 19 19 25 11 11 11 11 8 3 3 1 1 1 3 3 1 2 2 2 0 0 0 0 0 0 0 0
 0 0 0 1 1 1 2 2 2 2 2 3 3 1 1 1 1 1 15 19 19 25 11 11 11 11 8 3 3 1 1 1 3 3 1 2 2 2 0 0 0 0 0 0 0 0
 0 0 0 1 1 1 2 2 2 2 5 6 6 4 5 5 3 3 4 9 9 11 13 13 16 16 4 4 4 5 5 5 3 3 3 3 3 1 0 0 0 0 0 0 0 0
 0 0 0 1 1 0 2 2 5 5 7 25 25 8 4 4 1 1 6 6 6 6 8 8 2 2 3 5 5 7 8 8 3 3 5 4 4 3 1 1 0 0 0 1 1 0
 0 0 0 1 1 0 2 2 5 5 7 25 25 8 4 4 1 1 6 6 6 6 8 8 2 2 3 5 5 7 8 8 3 3 5 4 4 3 1 1 0 0 0 1 1 0
 0 0 9 2 2 1 3 3 3 3 4 25 25 5 2 2 4 4 6 6 6 4 1 1 1 1 1 0 0 2 2 2 1 1 2 1 1 2 0 0 0 0 1 3 3 1
 0 0 9 2 2 1 3 3 3 3 4 25 25 5 2 2 4 4 6 6 6 4 1 1 1 1 1 0 0 2 2 2 1 1 2 1 1 2 0 0 0 0 1 3 3 1
 0 0 2 2 2 1 1 1 6 6 1 7 7 12 3 3 5 5 2 6 6 4 1 1 5 5 3 0 0 0 0 0 0 0 0 0 0 0 0 0 0 0 1 2 2 0
 2 2 0 1 1 1 1 1 1 1 2 3 3 10 2 2 7 7 1 1 1 1 10 10 6 6 0 0 0 0 0 0 1 1 0 0 0 0 0 0 0 0 1 2 2 1
 2 2 0 1 1 1 1 1 1 1 2 3 3 10 2 2 7 7 1 1 1 1 10 10 6 6 0 0 0 0 0 0 1 1 0 0 0 0 0 0 0 0 1 2 2 1
 1 1 1 0 0 1 1 1 1 1 1 0 0 1 1 1 4 4 3 0 0 0 0 0 0 0 0 0 0 0 17 17 6 6 1 1 1 1 0 0 0 0 0 1 1 1
 5 5 1 0 0 1 0 0 0 0 1 1 1 2 5 5 3 3 2 0 0 0 0 0 0 0 0 0 0 4 12 12 6 6 4 2 2 3 2 2 1 1 4 5 5 1
 5 5 1 0 0 1 0 0 0 0 1 1 1 2 5 5 3 3 2 0 0 0 0 0 0 0 0 0 0 4 12 12 6 6 4 2 2 3 2 2 1 1 4 5 5 1
 5 5 0 0 0 0 0 0 0 0 1 3 3 19 9 9 4 4 0 0 0 0 0 0 0 0 2 9 9 7 20 20 13 13 13 6 6 4 3 3 5 5 6 7 7 4
 5 5 0 0 0 0 0 0 0 0 1 3 3 19 9 9 4 4 0 0 0 0 0 0 0 0 2 9 9 7 20 20 13 13 13 6 6 4 3 3 5 5 6 7 7 4
 1 1 1 0 0 0 0 0 0 0 2 10 10 26 20 20 1 1 1 0 0 0 0 0 0 0 4 5 5 15 12 12 12 12 7 10 10 6 6 6 7 7 4 7 7 7
 1 1 0 1 1 1 1 1 1 1 4 18 18 21 13 13 15 15 15 0 0 0 0 0 0 0 2 14 14 10 13 13 8 8 4 8 8 9 8 8 8 8 8 11 11 13
 1 1 0 1 1 1 1 1 1 1 4 18 18 21 13 13 15 15 15 0 0 0 0 0 0 0 2 14 14 10 13 13 8 8 4 8 8 9 8 8 8 8 8 11 11 13
 0 0 1 2 2 1 3 3 3 3 5 10 10 18 16 16 15 15 15 0 0 0 0 0 0 0 0 3 3 9 7 7 6 6 6 9 9 8 10 10 12 12 20 16 16 18
 2 2 2 2 2 2 7 7 8 8 13 20 20 18 3 3 2 2 0 0 0 0 0 0 0 0 0 3 3 0 3 3 6 6 9 11 11 13 12 12 15 15 23 17 17 32
 2 2 2 2 2 2 7 7 8 8 13 20 20 18 3 3 2 2 0 0 0 0 0 0 0 0 0 3 3 0 3 3 6 6 9 11 11 13 12 12 15 15 23 17 17 32
 1 1 4 5 5 17 19 19 11 11 13 6 6 4 2 2 2 2 0 0 0 0 0 0 0 0 0 0 0 0 2 2 7 7 10 14 14 19 17 17 25 25 30 30 30 29
 1 1 4 5 5 17 19 19 11 11 13 6 6 4 2 2 2 2 0 0 0 0 0 0 0 0 0 0 0 0 2 2 7 7 10 14 14 19 17 17 25 25 30 30 30 29
 2 2 7 8 8 21 20 20 20 20 15 9 9 4 2 2 0 0 0 0 0 0 0 0 0 0 0 0 0 1 1 1 16 16 25 22 22 22 21 21 25 25 28 22 22 13
 4 4 11 13 13 23 24 24 24 24 19 18 18 6 4 4 0 0 0 0 0 0 0 0 0 0 0 0 0 0 1 1 11 11 27 24 24 28 17 17 22 22 27 23 23 15
 4 4 11 13 13 23 24 24 24 24 19 18 18 6 4 4 0 0 0 0 0 0 0 0 0 0 0 0 0 0 1 1 11 11 27 24 24 28 17 17 22 22 27 23 23 15
 9 9 16 18 18 27 28 28 24 24 23 14 14 13 5 5 1 1 0 0 0 0 0 0 0 0 0 0 0 0 2 2 15 15 18 27 27 44 24 24 19 19 33 26 26 11
 12 12 17 30 30 31 33 33 25 25 47 15 15 9 6 6 1 1 0 0 0 0 0 0 0 0 0 0 0 1 7 7 20 20 14 17 17 41 19 19 34 34 25 12 12 10
 12 12 17 30 30 31 33 33 25 25 47 15 15 9 6 6 1 1 0 0 0 0 0 0 0 0 0 0 0 1 7 7 20 20 14 17 17 41 19 19 34 34 25 12 12 10
 15 15 19 21 21 24 27 27 28 28 45 14 14 8 4 4 4 4 5 0 0 0 0 0 0 0 0 1 1 3 8 8 12 12 26 9 9 22 31 31 39 39 38 17 17 12
 15 15 19 21 21 24 27 27 28 28 45 14 14 8 4 4 4 4 5 0 0 0 0 0 0 0 0 1 1 3 8 8 12 12 26 9 9 22 31 31 39 39 38 17 17 12
 23 23 44 32 32 24 44 44 48 48 49 16 16 13 8 8 4 4 2 1 1 0 1 1 1 1 1 1 1 1 2 2 4 4 16 6 6 8 26 26 23 23 26 11 11 5
 16 16 37 36 36 44 41 41 41 41 36 27 27 21 17 17 10 10 5 4 4 2 2 2 2 2 1 1 1 3 5 5 6 6 8 9 9 10 12 12 5 5 9 1 1 4
 16 16 37 36 36 44 41 41 41 41 36 27 27 21 17 17 10 10 5 4 4 2 2 2 2 2 1 1 1 3 5 5 6 6 8 9 9 10 12 12 5 5 9 1 1 4
 12 12 14 19 19 23 26 26 28 28 27 25 25 23 23 23 12 12 6 5 5 4 4 4 2 2 2 2 2 4 7 7 8 8 25 26 26 10 6 6 17 17 5 5 5 5
 10 10 12 15 15 18 21 21 33 33 41 49 49 65 46 46 17 17 10 11 11 11 8 8 16 16 5 5 5 6 6 6 11 11 67 42 42 29 35 35 11 11 9 9 9 3
 10 10 12 15 15 18 21 21 33 33 41 49 49 65 46 46 17 17 10 11 11 11 8 8 16 16 5 5 5 6 6 6 11 11 67 42 42 29 35 35 11 11 9 9 9 3
 6 6 11 14 14 16 19 19 22 22 25 29 29 31 25 25 15 15 13 12 12 11 15 15 18 18 45 41 41 32 33 33 43 43 57 38 38 27 26 26 4 4 3 3 3 3
 6 6 11 14 14 16 19 19 22 22 25 29 29 31 25 25 15 15 13 12 12 11 15 15 18 18 45 41 41 32 33 33 43 43 57 38 38 27 26 26 4 4 3 3 3 3
 4 4 8 12 12 15 19 19 23 23 25 26 26 31 23 23 13 13 12 16 16 22 28 28 33 33 42 36 36 31 33 33 29 29 30 20 20 8 3 3 2 2 6 7 7 7
 6 6 4 6 6 8 8 8 10 10 14 13 13 16 13 13 4 4 2 4 4 12 23 23 30 30 37 31 31 26 28 28 42 42 10 3 3 2 2 2 2 2 7 13 13 5
 6 6 4 6 6 8 8 8 10 10 14 13 13 16 13 13 4 4 2 4 4 12 23 23 30 30 37 31 31 26 28 28 42 42 10 3 3 2 2 2 2 2 7 13 13 5
 3 3 4 4 4 5 4 4 9 9 11 11 11 13 11 11 4 4 2 5 5 12 23 23 35 35 36 26 26 20 24 24 27 27 1 1 1 0 1 1 2 2 3 30 30 25
 2 2 2 2 2 2 2 2 5 5 9 12 12 13 11 11 8 8 5 7 7 13 28 28 69 69 68 27 27 19 30 30 1 1 0 1 1 0 1 1 1 1 15 7 7 3
