assets/RAT_results_old/precipitation/2018-06-14_IMERG.asc
ncols        46
nrows        77
xllcorner    74.800261325624
yllcorner    8.058333333333
cellsize     0.062500000000
NODATA_value -9999
 10 10 9 5 5 7 9 9 11 11 14 21 21 19 17 17 9 9 4 4 4 2 1 1 1 1 1 1 1 1 1 1 2 2 0 0 0 0 1 1 0 0 0 1 1 1
 4 4 8 9 9 9 9 9 7 7 9 18 18 20 4 4 12 12 2 2 2 2 1 1 1 1 1 1 1 1 2 2 1 1 1 0 0 1 0 0 0 0 0 0 0 1
 4 4 8 9 9 9 9 9 7 7 9 18 18 20 4 4 12 12 2 2 2 2 1 1 1 1 1 1 1 1 2 2 1 1 1 0 0 1 0 0 0 0 0 0 0 1
 5 5 10 11 11 13 12 12 7 7 11 10 10 12 4 4 4 4 2 2 2 2 1 1 1 1 1 1 1 1 1 1 5 5 2 1 1 2 1 1 0 0 0 0 0 1
 10 10 11 10 10 11 8 8 7 7 10 8 8 5 9 9 4 4 4 5 5 4 2 2 1 1 2 2 2 2 1 1 1 1 1 2 2 1 3 3 1 1 1 1 1 0
 10 10 11 10 10 11 8 8 7 7 10 8 8 5 9 9 4 4 4 5 5 4 2 2 1 1 2 2 2 2 1 1 1 1 1 2 2 1 3 3 1 1 1 1 1 0
 13 13 16 19 19 21 9 9 8 8 7 9 9 6 7 7 12 12 12 5 5 3 2 2 2 2 3 2 2 3 4 4 3 3 3 2 2 1 1 1 1 1 1 2 2 4
 13 13 16 19 19 21 9 9 8 8 7 9 9 6 7 7 12 12 12 5 5 3 2 2 2 2 3 2 2 3 4 4 3 3 3 2 2 1 1 1 1 1 1 2 2 4
 12 12 16 24 24 19 9 9 9 9 12 11 11 9 10 10 15 15 12 13 13 9 8 8 8 8 6 6 6 4 4 4 3 3 3 2 2 2 2 2 2 2 1 4 4 4
 16 16 17 30 30 36 15 15 16 16 16 13 13 14 25 25 24 24 24 21 21 15 10 10 8 8 9 8 8 5 7 7 5 5 6 4 4 4 2 2 3 3 2 4 4 5
 16 16 17 30 30 36 15 15 16 16 16 13 13 14 25 25 24 24 24 21 21 15 10 10 8 8 9 8 8 5 7 7 5 5 6 4 4 4 2 2 3 3 2 4 4 5
 13 13 28 17 17 26 19 19 18 18 18 12 12 16 21 21 26 26 25 27 27 17 17 17 19 19 13 12 12 11 7 7 7 7 5 4 4 4 4 4 5 5 5 4 4 4
 26 26 15 19 19 30 34 34 24 24 19 12 12 15 24 24 26 26 17 23 23 20 22 22 22 22 17 16 16 11 9 9 7 7 6 6 6 7 8 8 6 6 4 4 4 3
 26 26 15 19 19 30 34 34 24 24 19 12 12 15 24 24 26 26 17 23 23 20 22 22 22 22 17 16 16 11 9 9 7 7 6 6 6 7 8 8 6 6 4 4 4 3
 20 20 15 27 27 22 33 33 28 28 25 14 14 17 30 30 29 29 27 35 35 36 36 36 24 24 17 18 18 22 14 14 10 10 10 9 9 7 7 7 5 5 4 4 4 3
 20 20 15 27 27 22 33 33 28 28 25 14 14 17 30 30 29 29 27 35 35 36 36 36 24 24 17 18 18 22 14 14 10 10 10 9 9 7 7 7 5 5 4 4 4 3
 25 25 20 15 15 24 22 22 34 34 33 45 45 51 48 48 48 48 41 40 40 42 37 37 21 21 18 16 16 19 13 13 11 11 8 9 9 5 5 5 4 4 4 4 4 3
 43 43 30 28 28 28 24 24 47 47 57 63 63 45 50 50 52 52 46 49 49 45 24 24 28 28 18 19 19 19 9 9 9 9 8 8 8 5 4 4 5 5 5 5 5 6
 43 43 30 28 28 28 24 24 47 47 57 63 63 45 50 50 52 52 46 49 49 45 24 24 28 28 18 19 19 19 9 9 9 9 8 8 8 5 4 4 5 5 5 5 5 6
 39 39 28 31 31 43 55 55 76 76 40 52 52 48 74 74 43 43 43 49 49 44 32 32 29 29 26 23 23 15 11 11 11 11 9 8 8 5 5 5 6 6 7 9 9 9
 40 40 46 53 53 51 46 46 42 42 41 47 47 57 39 39 44 44 45 47 47 41 32 32 38 38 25 26 26 15 12 12 12 12 8 6 6 5 4 4 6 6 7 9 9 9
 40 40 46 53 53 51 46 46 42 42 41 47 47 57 39 39 44 44 45 47 47 41 32 32 38 38 25 26 26 15 12 12 12 12 8 6 6 5 4 4 6 6 7 9 9 9
 45 45 67 136 136 83 56 56 55 55 47 43 43 59 50 50 28 28 47 31 31 39 53 53 40 40 24 24 24 15 15 15 9 9 8 5 5 4 4 4 5 5 5 5 5 6
 45 45 67 136 136 83 56 56 55 55 47 43 43 59 50 50 28 28 47 31 31 39 53 53 40 40 24 24 24 15 15 15 9 9 8 5 5 4 4 4 5 5 5 5 5 6
 117 117 118 91 91 85 71 71 79 79 58 66 66 58 49 49 35 35 31 25 25 29 42 42 27 27 21 23 23 11 13 13 9 9 7 4 4 3 4 4 3 3 3 4 4 7
 99 99 106 142 142 116 106 106 96 96 69 73 73 56 64 64 48 48 39 27 27 28 26 26 22 22 20 15 15 11 11 11 8 8 6 6 6 3 4 4 3 3 3 4 4 5
 99 99 106 142 142 116 106 106 96 96 69 73 73 56 64 64 48 48 39 27 27 28 26 26 22 22 20 15 15 11 11 11 8 8 6 6 6 3 4 4 3 3 3 4 4 5
 101 101 92 96 96 110 114 114 66 66 84 70 70 55 49 49 46 46 26 21 21 16 22 22 20 20 17 7 7 11 11 11 14 14 8 6 6 4 3 3 3 3 4 3 3 4
 104 104 95 94 94 94 87 87 78 78 45 50 50 53 59 59 62 62 28 16 16 13 13 13 21 21 28 23 23 15 10 10 13 13 11 11 11 4 3 3 4 4 3 3 3 4
 104 104 95 94 94 94 87 87 78 78 45 50 50 53 59 59 62 62 28 16 16 13 13 13 21 21 28 23 23 15 10 10 13 13 11 11 11 4 3 3 4 4 3 3 3 4
 100 100 78 86 86 60 64 64 38 38 41 29 29 30 33 33 38 38 21 13 13 9 23 23 21 21 27 24 24 17 21 21 21 21 14 12 12 4 4 4 4 4 3 3 3 2
 100 100 78 86 86 60 64 64 38 38 41 29 29 30 33 33 38 38 21 13 13 9 23 23 21 21 27 24 24 17 21 21 21 21 14 12 12 4 4 4 4 4 3 3 3 2
 61 61 63 51 51 63 50 50 47 47 37 53 53 29 30 30 37 37 26 19 19 13 21 21 19 19 31 22 22 21 19 19 20 20 14 6 6 6 4 4 4 4 3 2 2 2
 41 41 36 51 51 40 40 40 41 41 56 68 68 45 39 39 30 30 26 19 19 14 15 15 19 19 20 20 20 20 21 21 24 24 16 7 7 5 3 3 3 3 2 1 1 1
 41 41 36 51 51 40 40 40 41 41 56 68 68 45 39 39 30 30 26 19 19 14 15 15 19 19 20 20 20 20 21 21 24 24 16 7 7 5 3 3 3 3 2 1 1 1
 46 46 42 42 42 48 37 37 51 51 30 47 47 56 36 36 35 35 50 30 30 21 17 17 19 19 19 35 35 33 33 33 14 14 15 8 8 6 5 5 3 3 2 1 1 1
 40 40 40 36 36 34 32 32 32 32 32 36 36 26 27 27 36 36 31 33 33 36 29 29 26 26 22 18 18 32 33 33 14 14 21 10 10 7 5 5 4 4 2 1 1 0
 40 40 40 36 36 34 32 32 32 32 32 36 36 26 27 27 36 36 31 33 33 36 29 29 26 26 22 18 18 32 33 33 14 14 21 10 10 7 5 5 4 4 2 1 1 0
 39 39 41 24 24 23 22 22 27 27 17 12 12 15 18 18 34 34 43 48 48 47 41 41 22 22 26 22 22 17 16 16 8 8 6 6 6 8 6 6 4 4 2 2 2 1
 39 39 41 24 24 23 22 22 27 27 17 12 12 15 18 18 34 34 43 48 48 47 41 41 22 22 26 22 22 17 16 16 8 8 6 6 6 8 6 6 4 4 2 2 2 1
 34 34 35 32 32 36 16 16 17 17 16 19 19 14 22 22 24 24 35 65 65 55 24 24 19 19 18 15 15 11 8 8 6 6 6 6 6 7 6 6 4 4 2 1 1 1
 35 35 33 54 54 33 14 14 12 12 15 11 11 10 17 17 14 14 36 33 33 38 25 25 18 18 9 10 10 10 9 9 6 6 7 6 6 8 6 6 3 3 1 2 2 1
 35 35 33 54 54 33 14 14 12 12 15 11 11 10 17 17 14 14 36 33 33 38 25 25 18 18 9 10 10 10 9 9 6 6 7 6 6 8 6 6 3 3 1 2 2 1
 23 23 24 14 14 16 12 12 9 9 10 13 13 17 13 13 16 16 39 34 34 40 33 33 19 19 12 10 10 11 12 12 7 7 7 8 8 8 7 7 3 3 1 0 0 0
 12 12 10 15 15 16 11 11 12 12 12 13 13 17 30 30 31 31 32 33 33 29 29 29 20 20 13 16 16 17 10 10 7 7 11 4 4 3 3 3 2 2 1 1 1 0
 12 12 10 15 15 16 11 11 12 12 12 13 13 17 30 30 31 31 32 33 33 29 29 29 20 20 13 16 16 17 10 10 7 7 11 4 4 3 3 3 2 2 1 1 1 0
 7 7 9 12 12 11 9 9 9 9 9 14 14 12 13 13 17 17 17 32 32 33 25 25 21 21 21 16 16 14 10 10 5 5 4 2 2 4 4 4 1 1 2 1 1 1
 7 7 9 12 12 11 9 9 9 9 9 14 14 12 13 13 17 17 17 32 32 33 25 25 21 21 21 16 16 14 10 10 5 5 4 2 2 4 4 4 1 1 2 1 1 1
 6 6 9 10 10 11 10 10 12 12 15 14 14 16 22 22 48 48 40 34 34 26 24 24 30 30 22 20 20 19 18 18 5 5 3 3 3 3 1 1 1 1 2 1 1 1
 8 8 9 11 11 12 13 13 14 14 14 11 11 19 22 22 30 30 32 26 26 27 33 33 29 29 25 20 20 18 18 18 6 6 5 4 4 2 1 1 1 1 1 0 0 1
 8 8 9 11 11 12 13 13 14 14 14 11 11 19 22 22 30 30 32 26 26 27 33 33 29 29 25 20 20 18 18 18 6 6 5 4 4 2 1 1 1 1 1 0 0 1
 8 8 10 9 9 11 11 11 8 8 9 9 9 19 18 18 26 26 44 45 45 27 27 27 27 27 22 21 21 18 18 18 11 11 7 7 7 5 2 2 1 1 1 1 1 0
 6 6 6 7 7 9 10 10 9 9 9 10 10 20 32 32 21 21 19 37 37 22 21 21 18 18 21 17 17 13 17 17 9 9 2 5 5 6 5 5 4 4 1 1 1 0
 6 6 6 7 7 9 10 10 9 9 9 10 10 20 32 32 21 21 19 37 37 22 21 21 18 18 21 17 17 13 17 17 9 9 2 5 5 6 5 5 4 4 1 1 1 0
 5 5 6 7 7 8 11 11 12 12 10 12 12 22 20 20 18 18 23 21 21 23 19 19 23 23 18 17 17 13 13 13 12 12 5 5 5 9 7 7 5 5 2 0 0 0
 5 5 6 7 7 8 11 11 12 12 10 12 12 22 20 20 18 18 23 21 21 23 19 19 23 23 18 17 17 13 13 13 12 12 5 5 5 9 7 7 5 5 2 0 0 0
 6 6 5 12 12 13 14 14 8 8 10 20 20 21 25 25 24 24 14 17 17 12 18 18 23 23 18 16 16 10 14 14 11 11 3 4 4 5 7 7 4 4 3 0 0 0
 5 5 5 7 7 13 16 16 11 11 9 12 12 12 16 16 24 24 15 9 9 16 18 18 11 11 11 7 7 2 11 11 3 3 3 2 2 1 1 1 4 4 1 0 0 0
 5 5 5 7 7 13 16 16 11 11 9 12 12 12 16 16 24 24 15 9 9 16 18 18 11 11 11 7 7 2 11 11 3 3 3 2 2 1 1 1 4 4 1 0 0 0
 6 6 6 8 8 8 9 9 11 11 13 11 11 15 16 16 21 21 24 25 25 19 14 14 5 5 5 5 5 5 5 5 8 8 7 1 1 3 3 3 1 1 2 0 0 0
 5 5 6 6 6 8 9 9 10 10 9 8 8 9 9 9 12 12 12 3 3 3 4 4 5 5 3 5 5 4 2 2 6 6 7 5 5 3 5 5 3 3 4 0 0 0
 5 5 6 6 6 8 9 9 10 10 9 8 8 9 9 9 12 12 12 3 3 3 4 4 5 5 3 5 5 4 2 2 6 6 7 5 5 3 5 5 3 3 4 0 0 0
 4 4 5 6 6 8 8 8 10 10 6 6 6 6 5 5 9 9 9 11 11 4 4 4 3 3 6 6 6 6 4 4 9 9 4 4 4 1 11 11 5 5 3 4 4 0
 4 4 5 6 6 8 8 8 10 10 6 6 6 6 5 5 9 9 9 11 11 4 4 4 3 3 6 6 6 6 4 4 9 9 4 4 4 1 11 11 5 5 3 4 4 0
 3 3 4 6 6 7 7 7 6 6 6 6 6 5 4 4 4 4 10 11 11 28 3 3 3 3 5 6 6 10 3 3 3 3 3 7 7 6 13 13 13 13 4 1 1 0
 5 5 4 5 5 8 7 7 6 6 7 5 5 5 8 8 6 6 14 15 15 35 33 33 10 10 8 8 8 5 4 4 3 3 4 4 4 6 9 9 5 5 5 2 2 0
 5 5 4 5 5 8 7 7 6 6 7 5 5 5 8 8 6 6 14 15 15 35 33 33 10 10 8 8 8 5 4 4 3 3 4 4 4 6 9 9 5 5 5 2 2 0
 4 4 5 7 7 5 6 6 6 6 6 4 4 4 7 7 10 10 7 8 8 11 9 9 6 6 2 2 2 1 4 4 1 1 1 4 4 4 6 6 5 5 4 0 0 0
 7 7 8 7 7 8 7 7 8 8 7 5 5 4 3 3 1 1 1 1 1 3 2 2 2 2 2 2 2 1 2 2 1 1 1 1 1 1 0 0 0 0 1 1 1 0
 7 7 8 7 7 8 7 7 8 8 7 5 5 4 3 3 1 1 1 1 1 3 2 2 2 2 2 2 2 1 2 2 1 1 1 1 1 1 0 0 0 0 1 1 1 0
 8 8 10 10 10 12 12 12 9 9 7 5 5 4 3 3 1 1 1 0 0 1 2 2 2 2 2 1 1 3 2 2 1 1 2 2 2 1 1 1 1 1 4 2 2 0
 8 8 10 10 10 12 12 12 9 9 7 5 5 4 3 3 1 1 1 0 0 1 2 2 2 2 2 1 1 3 2 2 1 1 2 2 2 1 1 1 1 1 4 2 2 0
 9 9 8 9 9 13 14 14 14 14 8 4 4 4 3 3 2 2 1 1 1 1 1 1 3 3 3 2 2 1 2 2 4 4 6 5 5 8 9 9 1 1 1 2 2 0
 4 4 6 8 8 6 8 8 10 10 6 3 3 3 2 2 1 1 1 1 1 2 3 3 3 3 2 3 3 3 4 4 6 6 5 2 2 4 4 4 1 1 0 0 0 0
 4 4 6 8 8 6 8 8 10 10 6 3 3 3 2 2 1 1 1 1 1 2 3 3 3 3 2 3 3 3 4 4 6 6 5 2 2 4 4 4 1 1 0 0 0 0
 3 3 3 3 3 3 7 7 5 5 8 4 4 2 2 2 2 2 1 1 1 2 6 6 1 1 2 8 8 6 4 4 2 2 4 2 2 2 2 2 1 1 1 0 0 1
 2 2 3 4 4 2 1 1 1 1 1 1 1 1 2 2 3 3 3 2 2 3 2 2 4 4 9 3 3 5 4 4 1 1 1 2 2 2 1 1 1 1 4 2 2 0
