assets/RAT_results_old/precipitation/2018-05-18_IMERG.asc
ncols        46
nrows        77
xllcorner    74.800261325624
yllcorner    8.058333333333
cellsize     0.062500000000
NODATA_value -9999
 5 5 2 1 1 0 1 1 0 0 1 1 1 2 3 3 2 2 1 1 1 5 4 4 2 2 2 1 1 1 2 2 3 3 4 6 6 7 7 7 7 7 6 6 6 5
 5 5 2 1 1 0 0 0 0 0 1 1 1 2 3 3 4 4 3 4 4 9 7 7 3 3 1 2 2 2 4 4 3 3 2 4 4 5 5 5 5 5 5 5 5 4
 5 5 2 1 1 0 0 0 0 0 1 1 1 2 3 3 4 4 3 4 4 9 7 7 3 3 1 2 2 2 4 4 3 3 2 4 4 5 5 5 5 5 5 5 5 4
 2 2 1 1 1 0 0 0 0 0 0 1 1 1 3 3 4 4 4 3 3 3 1 1 1 1 0 0 0 1 2 2 2 2 2 3 3 4 4 4 3 3 3 3 3 3
 2 2 2 3 3 1 0 0 0 0 0 0 0 1 2 2 4 4 4 3 3 2 1 1 1 1 0 0 0 1 1 1 1 1 0 1 1 1 2 2 2 2 2 2 2 2
 2 2 2 3 3 1 0 0 0 0 0 0 0 1 2 2 4 4 4 3 3 2 1 1 1 1 0 0 0 1 1 1 1 1 0 1 1 1 2 2 2 2 2 2 2 2
 1 1 0 1 1 1 1 1 0 0 0 0 0 0 1 1 2 2 2 2 2 2 1 1 0 0 0 0 0 1 1 1 0 0 0 0 0 0 1 1 1 1 1 1 1 1
 1 1 0 1 1 1 1 1 0 0 0 0 0 0 1 1 2 2 2 2 2 2 1 1 0 0 0 0 0 1 1 1 0 0 0 0 0 0 1 1 1 1 1 1 1 1
 1 1 1 2 2 1 0 0 1 1 0 0 0 0 1 1 1 1 2 2 2 2 1 1 1 1 0 1 1 0 0 0 0 0 0 0 0 0 0 0 0 0 0 0 0 0
 1 1 1 2 2 1 1 1 0 0 0 1 1 1 2 2 2 2 2 3 3 4 4 4 2 2 1 1 1 1 0 0 0 0 0 0 0 0 0 0 0 0 0 0 0 0
 1 1 1 2 2 1 1 1 0 0 0 1 1 1 2 2 2 2 2 3 3 4 4 4 2 2 1 1 1 1 0 0 0 0 0 0 0 0 0 0 0 0 0 0 0 0
 1 1 0 0 0 1 1 1 1 1 2 4 4 6 6 6 5 5 4 3 3 4 3 3 2 2 0 0 0 0 1 1 1 1 1 0 0 0 0 0 0 0 0 0 0 0
 0 0 2 3 3 3 2 2 2 2 3 6 6 9 13 13 11 11 7 3 3 2 2 2 1 1 0 0 0 1 2 2 3 3 1 0 0 0 0 0 0 0 0 0 0 0
 0 0 2 3 3 3 2 2 2 2 3 6 6 9 13 13 11 11 7 3 3 2 2 2 1 1 0 0 0 1 2 2 3 3 1 0 0 0 0 0 0 0 0 0 0 0
 1 1 1 3 3 3 3 3 2 2 3 5 5 6 10 10 9 9 4 2 2 2 1 1 1 1 0 0 0 1 2 2 2 2 1 0 0 0 0 0 0 0 0 0 0 0
 1 1 1 3 3 3 3 3 2 2 3 5 5 6 10 10 9 9 4 2 2 2 1 1 1 1 0 0 0 1 2 2 2 2 1 0 0 0 0 0 0 0 0 0 0 0
 1 1 1 1 1 1 1 1 1 1 2 2 2 3 3 3 2 2 2 1 1 1 0 0 1 1 0 0 0 0 1 1 1 1 0 0 0 0 0 0 0 0 0 0 0 0
 1 1 1 1 1 1 0 0 0 0 1 1 1 1 1 1 1 1 0 0 0 0 1 1 0 0 0 0 0 0 0 0 0 0 0 0 0 0 0 0 0 0 0 0 0 0
 1 1 1 1 1 1 0 0 0 0 1 1 1 1 1 1 1 1 0 0 0 0 1 1 0 0 0 0 0 0 0 0 0 0 0 0 0 0 0 0 0 0 0 0 0 0
 2 2 1 1 1 0 0 0 0 0 0 0 0 0 0 0 0 0 0 0 0 0 0 0 0 0 0 0 0 0 0 0 0 0 0 0 0 0 0 0 0 0 0 0 0 0
 1 1 0 0 0 0 0 0 0 0 0 0 0 0 0 0 0 0 0 0 0 0 0 0 0 0 0 0 0 0 0 0 0 0 0 0 0 0 0 0 0 0 0 0 0 0
 1 1 0 0 0 0 0 0 0 0 0 0 0 0 0 0 0 0 0 0 0 0 0 0 0 0 0 0 0 0 0 0 0 0 0 0 0 0 0 0 0 0 0 0 0 0
 1 1 1 0 0 0 0 0 0 0 1 3 3 0 1 1 0 0 0 0 0 0 0 0 0 0 0 1 1 2 0 0 0 0 0 0 0 0 0 0 0 0 0 0 0 0
 1 1 1 0 0 0 0 0 0 0 1 3 3 0 1 1 0 0 0 0 0 0 0 0 0 0 0 1 1 2 0 0 0 0 0 0 0 0 0 0 0 0 0 0 0 0
 3 3 1 1 1 0 0 0 0 0 0 2 2 0 0 0 0 0 0 0 0 0 0 0 0 0 2 2 2 3 1 1 0 0 0 0 0 0 0 0 0 0 0 0 0 0
 4 4 4 1 1 0 0 0 0 0 0 0 0 0 1 1 0 0 0 0 0 0 0 0 0 0 0 1 1 0 0 0 0 0 0 0 0 0 0 0 0 0 0 0 0 0
 4 4 4 1 1 0 0 0 0 0 0 0 0 0 1 1 0 0 0 0 0 0 0 0 0 0 0 1 1 0 0 0 0 0 0 0 0 0 0 0 0 0 0 0 0 0
 9 9 4 4 4 5 0 0 0 0 0 0 0 1 0 0 0 0 0 0 0 0 0 0 0 0 0 0 0 0 0 0 0 0 0 0 0 0 0 0 0 0 0 0 0 1
 33 33 6 5 5 6 1 1 0 0 1 0 0 1 0 0 0 0 0 0 0 0 0 0 0 0 0 0 0 0 0 0 0 0 0 0 0 0 0 0 0 0 0 1 1 1
 33 33 6 5 5 6 1 1 0 0 1 0 0 1 0 0 0 0 0 0 0 0 0 0 0 0 0 0 0 0 0 0 0 0 0 0 0 0 0 0 0 0 0 1 1 1
 9 9 6 5 5 1 1 1 1 1 1 0 0 1 1 1 2 2 0 0 0 0 0 0 0 0 0 0 0 0 0 0 0 0 0 0 0 0 0 0 0 0 1 1 1 2
 9 9 6 5 5 1 1 1 1 1 1 0 0 1 1 1 2 2 0 0 0 0 0 0 0 0 0 0 0 0 0 0 0 0 0 0 0 0 0 0 0 0 1 1 1 2
 3 3 1 2 2 1 1 1 1 1 1 30 30 1 2 2 0 0 0 0 0 0 0 0 0 0 0 0 0 0 0 0 0 0 0 0 0 0 0 0 1 1 2 3 3 4
 1 1 1 4 4 1 2 2 2 2 1 29 29 1 0 0 0 0 0 0 0 0 0 0 0 0 0 0 0 0 0 0 0 0 0 0 0 0 1 1 1 1 2 3 3 4
 1 1 1 4 4 1 2 2 2 2 1 29 29 1 0 0 0 0 0 0 0 0 0 0 0 0 0 0 0 0 0 0 0 0 0 0 0 0 1 1 1 1 2 3 3 4
 1 1 4 8 8 2 3 3 2 2 1 0 0 1 0 0 0 0 0 0 0 0 0 0 0 0 0 0 0 0 0 0 0 0 0 0 0 0 0 0 1 1 1 2 2 2
 3 3 1 5 5 7 1 1 1 1 1 0 0 1 0 0 0 0 0 0 0 0 0 0 0 0 0 0 0 0 0 0 1 1 3 1 1 3 0 0 0 0 1 1 1 2
 3 3 1 5 5 7 1 1 1 1 1 0 0 1 0 0 0 0 0 0 0 0 0 0 0 0 0 0 0 0 0 0 1 1 3 1 1 3 0 0 0 0 1 1 1 2
 2 2 1 8 8 8 3 3 1 1 1 0 0 0 0 0 0 0 0 2 2 16 1 1 0 0 0 0 0 0 0 0 1 1 3 2 2 3 2 2 1 1 1 1 1 1
 2 2 1 8 8 8 3 3 1 1 1 0 0 0 0 0 0 0 0 2 2 16 1 1 0 0 0 0 0 0 0 0 1 1 3 2 2 3 2 2 1 1 1 1 1 1
 7 7 2 1 1 1 1 1 1 1 1 0 0 0 0 0 0 0 3 1 1 2 3 3 0 0 0 0 0 0 0 0 1 1 2 3 3 5 7 7 1 1 2 1 1 2
 2 2 2 1 1 1 1 1 1 1 1 0 0 0 0 0 0 0 0 0 0 1 2 2 1 1 0 0 0 0 0 0 0 0 2 2 2 8 4 4 3 3 3 4 4 7
 2 2 2 1 1 1 1 1 1 1 1 0 0 0 0 0 0 0 0 0 0 1 2 2 1 1 0 0 0 0 0 0 0 0 2 2 2 8 4 4 3 3 3 4 4 7
 14 14 14 26 26 1 1 1 1 1 1 1 1 0 0 0 0 0 0 0 0 1 1 1 1 1 2 0 0 0 0 0 0 0 0 0 0 6 7 7 4 4 5 2 2 3
 3 3 15 26 26 1 1 1 1 1 0 0 0 1 1 1 0 0 0 4 4 1 4 4 11 11 2 0 0 1 0 0 0 0 0 1 1 3 3 3 6 6 2 3 3 3
 3 3 15 26 26 1 1 1 1 1 0 0 0 1 1 1 0 0 0 4 4 1 4 4 11 11 2 0 0 1 0 0 0 0 0 1 1 3 3 3 6 6 2 3 3 3
 3 3 3 8 8 4 1 1 1 1 0 0 0 1 0 0 0 0 0 1 1 1 5 5 10 10 5 0 0 0 0 0 1 1 1 1 1 2 2 2 4 4 4 5 5 6
 3 3 3 8 8 4 1 1 1 1 0 0 0 1 0 0 0 0 0 1 1 1 5 5 10 10 5 0 0 0 0 0 1 1 1 1 1 2 2 2 4 4 4 5 5 6
 4 4 3 2 2 2 2 2 1 1 15 5 5 5 1 1 0 0 0 4 4 1 1 1 6 6 2 3 3 1 1 1 1 1 2 3 3 3 5 5 7 7 8 8 8 9
 9 9 4 2 2 1 0 0 1 1 7 7 7 5 1 1 0 0 0 2 2 7 2 2 2 2 2 2 2 1 1 1 2 2 2 3 3 4 5 5 7 7 8 9 9 11
 9 9 4 2 2 1 0 0 1 1 7 7 7 5 1 1 0 0 0 2 2 7 2 2 2 2 2 2 2 1 1 1 2 2 2 3 3 4 5 5 7 7 8 9 9 11
 19 19 8 2 2 2 0 0 1 1 10 4 4 3 5 5 4 4 7 3 3 1 0 0 1 1 1 1 1 4 2 2 2 2 2 3 3 4 5 5 7 7 9 12 12 13
 18 18 7 5 5 2 1 1 2 2 5 4 4 4 6 6 6 6 5 2 2 2 2 2 1 1 2 1 1 1 2 2 2 2 3 3 3 4 5 5 7 7 10 11 11 13
 18 18 7 5 5 2 1 1 2 2 5 4 4 4 6 6 6 6 5 2 2 2 2 2 1 1 2 1 1 1 2 2 2 2 3 3 3 4 5 5 7 7 10 11 11 13
 10 10 7 7 7 9 4 4 4 4 6 4 4 4 7 7 8 8 18 12 12 7 3 3 2 2 1 5 5 2 1 1 1 1 2 2 2 3 4 4 6 6 6 11 11 10
 10 10 7 7 7 9 4 4 4 4 6 4 4 4 7 7 8 8 18 12 12 7 3 3 2 2 1 5 5 2 1 1 1 1 2 2 2 3 4 4 6 6 6 11 11 10
 14 14 8 8 8 22 10 10 7 7 2 1 1 4 6 6 6 6 19 9 9 11 12 12 4 4 2 6 6 3 2 2 2 2 3 3 3 2 3 3 3 3 6 7 7 5
 16 16 13 11 11 12 8 8 8 8 5 2 2 4 5 5 8 8 19 14 14 23 14 14 6 6 9 11 11 13 4 4 8 8 6 3 3 3 3 3 4 4 6 3 3 3
 16 16 13 11 11 12 8 8 8 8 5 2 2 4 5 5 8 8 19 14 14 23 14 14 6 6 9 11 11 13 4 4 8 8 6 3 3 3 3 3 4 4 6 3 3 3
 14 14 12 5 5 6 11 11 6 6 5 4 4 5 5 5 10 10 14 17 17 17 16 16 14 14 21 21 21 10 12 12 14 14 10 6 6 4 5 5 2 2 1 1 1 2
 21 21 17 17 17 9 9 9 11 11 15 17 17 8 8 8 11 11 9 13 13 14 14 14 18 18 26 22 22 16 15 15 14 14 13 4 4 3 1 1 0 0 1 1 1 1
 21 21 17 17 17 9 9 9 11 11 15 17 17 8 8 8 11 11 9 13 13 14 14 14 18 18 26 22 22 16 15 15 14 14 13 4 4 3 1 1 0 0 1 1 1 1
 20 20 13 10 10 11 11 11 11 11 16 16 16 19 20 20 9 9 15 13 13 19 24 24 21 21 25 32 32 21 17 17 14 14 13 5 5 1 0 0 0 0 1 1 1 1
 20 20 13 10 10 11 11 11 11 11 16 16 16 19 20 20 9 9 15 13 13 19 24 24 21 21 25 32 32 21 17 17 14 14 13 5 5 1 0 0 0 0 1 1 1 1
 44 44 15 10 10 4 13 13 16 16 17 15 15 19 15 15 19 19 13 13 13 22 21 21 31 31 29 34 34 37 19 19 16 16 16 5 5 1 2 2 1 1 1 1 1 2
 29 29 22 11 11 6 9 9 6 6 7 7 7 18 15 15 19 19 12 13 13 16 23 23 33 33 40 42 42 36 35 35 24 24 13 5 5 4 2 2 5 5 1 1 1 1
 29 29 22 11 11 6 9 9 6 6 7 7 7 18 15 15 19 19 12 13 13 16 23 23 33 33 40 42 42 36 35 35 24 24 13 5 5 4 2 2 5 5 1 1 1 1
 35 35 10 10 10 8 5 5 8 8 7 7 7 8 8 8 9 9 13 16 16 23 55 55 61 61 30 31 31 37 31 31 21 21 10 6 6 6 4 4 7 7 2 4 4 1
 25 25 21 11 11 9 5 5 7 7 5 5 5 6 8 8 10 10 11 11 11 18 54 54 23 23 24 27 27 25 21 21 21 21 29 11 11 7 8 8 5 5 4 2 2 2
 25 25 21 11 11 9 5 5 7 7 5 5 5 6 8 8 10 10 11 11 11 18 54 54 23 23 24 27 27 25 21 21 21 21 29 11 11 7 8 8 5 5 4 2 2 2
 27 27 25 20 20 12 16 16 10 10 6 8 8 5 7 7 8 8 8 9 9 12 18 18 23 23 16 13 13 14 16 16 16 16 29 17 17 11 13 13 6 6 6 3 3 2
 27 27 25 20 20 12 16 16 10 10 6 8 8 5 7 7 8 8 8 9 9 12 18 18 23 23 16 13 13 14 16 16 16 16 29 17 17 11 13 13 6 6 6 3 3 2
 32 32 20 17 17 15 9 9 10 10 6 5 5 4 8 8 7 7 12 11 11 14 10 10 11 11 9 9 9 17 11 11 24 24 41 18 18 16 19 19 8 8 13 7 7 2
 22 22 20 25 25 20 10 10 16 16 6 11 11 7 7 7 12 12 8 8 8 7 6 6 8 8 9 9 9 4 9 9 9 9 17 30 30 17 16 16 20 20 20 6 6 8
 22 22 20 25 25 20 10 10 16 16 6 11 11 7 7 7 12 12 8 8 8 7 6 6 8 8 9 9 9 4 9 9 9 9 17 30 30 17 16 16 20 20 20 6 6 8
 34 34 16 20 20 17 10 10 15 15 12 9 9 18 19 19 20 20 15 7 7 6 4 4 4 4 5 6 6 4 5 5 7 7 11 47 47 36 26 26 19 19 22 13 13 5
 22 22 24 22 22 16 14 14 16 16 23 19 19 26 13 13 18 18 7 5 5 6 5 5 5 5 4 4 4 3 2 2 8 8 1 9 9 36 34 34 21 21 18 21 21 12
