assets/RAT_results_old/precipitation/2018-03-13_IMERG.asc
ncols        46
nrows        77
xllcorner    74.800261325624
yllcorner    8.058333333333
cellsize     0.062500000000
NODATA_value -9999
 1 1 0 0 0 0 0 0 0 0 0 0 0 1 1 1 1 1 0 0 0 0 1 1 1 1 1 1 1 2 1 1 1 1 1 0 0 0 0 0 0 0 0 0 0 2
 1 1 1 0 0 0 0 0 0 0 0 1 1 1 1 1 1 1 1 1 1 0 0 0 0 0 1 1 1 2 1 1 1 1 1 1 1 0 0 0 0 0 0 0 0 1
 1 1 1 0 0 0 0 0 0 0 0 1 1 1 1 1 1 1 1 1 1 0 0 0 0 0 1 1 1 2 1 1 1 1 1 1 1 0 0 0 0 0 0 0 0 1
 1 1 1 0 0 0 0 0 0 0 1 2 2 3 1 1 1 1 1 1 1 1 1 1 1 1 1 1 1 2 1 1 1 1 0 1 1 0 0 0 0 0 1 0 0 1
 1 1 1 1 1 0 0 0 0 0 2 3 3 4 2 2 2 2 1 1 1 1 1 1 1 1 1 2 2 1 1 1 0 0 1 1 1 1 1 1 1 1 1 1 1 2
 1 1 1 1 1 0 0 0 0 0 2 3 3 4 2 2 2 2 1 1 1 1 1 1 1 1 1 2 2 1 1 1 0 0 1 1 1 1 1 1 1 1 1 1 1 2
 2 2 1 1 1 0 1 1 1 1 3 4 4 5 4 4 4 4 2 1 1 1 1 1 1 1 1 1 1 1 1 1 0 0 1 3 3 1 1 1 1 1 1 2 2 2
 2 2 1 1 1 0 1 1 1 1 3 4 4 5 4 4 4 4 2 1 1 1 1 1 1 1 1 1 1 1 1 1 0 0 1 3 3 1 1 1 1 1 1 2 2 2
 2 2 1 1 1 1 1 1 2 2 4 6 6 6 5 5 4 4 3 1 1 1 1 1 1 1 1 2 2 1 1 1 1 1 1 1 1 1 1 1 1 1 1 2 2 2
 2 2 1 2 2 2 3 3 3 3 6 8 8 7 6 6 4 4 4 2 2 1 1 1 2 2 2 2 2 1 1 1 1 1 2 2 2 1 2 2 2 2 1 3 3 3
 2 2 1 2 2 2 3 3 3 3 6 8 8 7 6 6 4 4 4 2 2 1 1 1 2 2 2 2 2 1 1 1 1 1 2 2 2 1 2 2 2 2 1 3 3 3
 3 3 2 3 3 4 5 5 4 4 7 9 9 7 8 8 5 5 7 3 3 2 2 2 2 2 2 2 2 1 2 2 1 1 2 2 2 1 2 2 2 2 1 3 3 3
 3 3 3 5 5 5 7 7 8 8 10 11 11 7 12 12 12 12 8 5 5 5 3 3 2 2 2 2 2 2 2 2 2 2 3 2 2 2 3 3 1 1 1 3 3 3
 3 3 3 5 5 5 7 7 8 8 10 11 11 7 12 12 12 12 8 5 5 5 3 3 2 2 2 2 2 2 2 2 2 2 3 2 2 2 3 3 1 1 1 3 3 3
 5 5 15 14 14 6 10 10 20 20 16 13 13 9 15 15 22 22 12 7 7 7 4 4 2 2 2 2 2 2 3 3 2 2 3 1 1 2 3 3 1 1 1 3 3 3
 5 5 15 14 14 6 10 10 20 20 16 13 13 9 15 15 22 22 12 7 7 7 4 4 2 2 2 2 2 2 3 3 2 2 3 1 1 2 3 3 1 1 1 3 3 3
 18 18 26 23 23 14 13 13 14 14 17 21 21 12 29 29 30 30 8 8 8 9 2 2 1 1 2 2 2 3 5 5 3 3 2 1 1 2 3 3 1 1 1 4 4 3
 31 31 44 43 43 33 17 17 15 15 17 26 26 25 41 41 39 39 8 6 6 5 2 2 1 1 1 2 2 3 4 4 2 2 1 1 1 1 2 2 1 1 2 4 4 4
 31 31 44 43 43 33 17 17 15 15 17 26 26 25 41 41 39 39 8 6 6 5 2 2 1 1 1 2 2 3 4 4 2 2 1 1 1 1 2 2 1 1 2 4 4 4
 54 54 74 72 72 55 20 20 18 18 18 33 33 31 37 37 34 34 6 5 5 4 2 2 2 2 1 2 2 3 4 4 2 2 1 1 1 1 1 1 1 1 2 4 4 4
 82 82 110 89 89 72 29 29 21 21 17 26 26 24 22 22 17 17 6 5 5 4 2 2 2 2 1 1 1 3 3 3 2 2 1 1 1 1 1 1 1 1 2 4 4 4
 82 82 110 89 89 72 29 29 21 21 17 26 26 24 22 22 17 17 6 5 5 4 2 2 2 2 1 1 1 3 3 3 2 2 1 1 1 1 1 1 1 1 2 4 4 4
 108 108 127 114 114 113 51 51 24 24 24 25 25 21 19 19 11 11 8 4 4 3 2 2 2 2 1 1 1 2 2 2 2 2 1 3 3 2 1 1 1 1 1 4 4 4
 108 108 127 114 114 113 51 51 24 24 24 25 25 21 19 19 11 11 8 4 4 3 2 2 2 2 1 1 1 2 2 2 2 2 1 3 3 2 1 1 1 1 1 4 4 4
 129 129 139 125 125 131 67 67 34 34 47 41 41 41 26 26 10 10 10 5 5 3 2 2 1 1 1 1 1 2 2 2 2 2 2 4 4 4 2 2 2 2 1 4 4 5
 119 119 131 116 116 117 66 66 63 63 70 53 53 66 39 39 16 16 14 5 5 4 2 2 2 2 1 1 1 1 2 2 3 3 3 6 6 5 4 4 5 5 1 3 3 6
 119 119 131 116 116 117 66 66 63 63 70 53 53 66 39 39 16 16 14 5 5 4 2 2 2 2 1 1 1 1 2 2 3 3 3 6 6 5 4 4 5 5 1 3 3 6
 113 113 110 79 79 85 54 54 94 94 76 64 64 71 45 45 35 35 22 6 6 2 2 2 2 2 1 2 2 1 2 2 3 3 5 8 8 7 8 8 8 8 3 7 7 10
 94 94 91 53 53 60 53 53 94 94 69 56 56 61 27 27 48 48 23 9 9 1 2 2 2 2 1 2 2 1 1 1 6 6 5 8 8 10 16 16 12 12 6 12 12 15
 94 94 91 53 53 60 53 53 94 94 69 56 56 61 27 27 48 48 23 9 9 1 2 2 2 2 1 2 2 1 1 1 6 6 5 8 8 10 16 16 12 12 6 12 12 15
 80 80 78 53 53 36 77 77 79 79 69 37 37 54 33 33 39 39 15 8 8 1 1 1 1 1 1 1 1 1 2 2 5 5 4 7 7 10 20 20 13 13 11 20 20 19
 80 80 78 53 53 36 77 77 79 79 69 37 37 54 33 33 39 39 15 8 8 1 1 1 1 1 1 1 1 1 2 2 5 5 4 7 7 10 20 20 13 13 11 20 20 19
 70 70 66 47 47 29 76 76 66 66 81 22 22 51 65 65 30 30 10 6 6 1 1 1 1 1 1 1 1 1 1 1 4 4 3 8 8 10 19 19 12 12 13 26 26 28
 83 83 57 47 47 26 63 63 58 58 70 16 16 49 67 67 23 23 7 6 6 1 1 1 1 1 1 2 2 1 2 2 4 4 5 7 7 11 14 14 9 9 11 26 26 27
 83 83 57 47 47 26 63 63 58 58 70 16 16 49 67 67 23 23 7 6 6 1 1 1 1 1 1 2 2 1 2 2 4 4 5 7 7 11 14 14 9 9 11 26 26 27
 56 56 44 35 35 19 39 39 39 39 33 17 17 54 62 62 17 17 5 4 4 2 1 1 2 2 2 2 2 1 2 2 4 4 5 6 6 10 9 9 5 5 8 28 28 28
 43 43 33 29 29 19 20 20 28 28 11 13 13 47 54 54 11 11 5 3 3 3 2 2 3 3 3 2 2 1 3 3 5 5 5 6 6 9 8 8 4 4 10 23 23 28
 43 43 33 29 29 19 20 20 28 28 11 13 13 47 54 54 11 11 5 3 3 3 2 2 3 3 3 2 2 1 3 3 5 5 5 6 6 9 8 8 4 4 10 23 23 28
 32 32 25 21 21 23 35 35 29 29 15 8 8 37 41 41 5 5 2 2 2 2 3 3 3 3 4 4 4 2 5 5 10 10 7 9 9 11 10 10 6 6 12 21 21 26
 32 32 25 21 21 23 35 35 29 29 15 8 8 37 41 41 5 5 2 2 2 2 3 3 3 3 4 4 4 2 5 5 10 10 7 9 9 11 10 10 6 6 12 21 21 26
 22 22 14 24 24 22 32 32 30 30 8 7 7 28 30 30 4 4 1 1 1 2 3 3 4 4 6 4 4 3 10 10 10 10 8 9 9 14 11 11 8 8 22 28 28 31
 10 10 8 8 8 21 15 15 17 17 6 5 5 14 16 16 3 3 3 0 0 3 3 3 4 4 5 3 3 3 7 7 7 7 10 8 8 11 14 14 11 11 30 25 25 19
 10 10 8 8 8 21 15 15 17 17 6 5 5 14 16 16 3 3 3 0 0 3 3 3 4 4 5 3 3 3 7 7 7 7 10 8 8 11 14 14 11 11 30 25 25 19
 6 6 3 4 4 4 3 3 4 4 3 3 3 8 9 9 5 5 13 1 1 2 4 4 4 4 5 3 3 3 8 8 7 7 8 9 9 12 12 12 14 14 22 25 25 15
 4 4 4 3 3 3 2 2 2 2 1 2 2 3 4 4 16 16 3 2 2 1 3 3 6 6 4 5 5 5 8 8 6 6 10 10 10 10 9 9 16 16 16 19 19 11
 4 4 4 3 3 3 2 2 2 2 1 2 2 3 4 4 16 16 3 2 2 1 3 3 6 6 4 5 5 5 8 8 6 6 10 10 10 10 9 9 16 16 16 19 19 11
 5 5 6 5 5 3 2 2 1 1 1 1 1 2 3 3 34 34 22 2 2 2 6 6 9 9 5 4 4 6 13 13 6 6 9 10 10 9 8 8 21 21 12 10 10 9
 5 5 6 5 5 3 2 2 1 1 1 1 1 2 3 3 34 34 22 2 2 2 6 6 9 9 5 4 4 6 13 13 6 6 9 10 10 9 8 8 21 21 12 10 10 9
 4 4 4 3 3 4 3 3 1 1 1 1 1 2 5 5 13 13 16 3 3 3 4 4 7 7 7 9 9 8 15 15 17 17 13 16 16 8 7 7 9 9 12 11 11 8
 6 6 4 5 5 6 4 4 1 1 1 1 1 2 2 2 2 2 3 3 3 4 4 4 7 7 7 14 14 14 20 20 21 21 18 16 16 10 7 7 7 7 10 10 10 7
 6 6 4 5 5 6 4 4 1 1 1 1 1 2 2 2 2 2 3 3 3 4 4 4 7 7 7 14 14 14 20 20 21 21 18 16 16 10 7 7 7 7 10 10 10 7
 7 7 5 5 5 7 7 7 2 2 1 2 2 3 2 2 3 3 4 4 4 4 5 5 8 8 12 17 17 16 27 27 27 27 26 20 20 15 10 10 10 10 18 16 16 6
 7 7 5 6 6 8 9 9 8 8 2 5 5 4 5 5 3 3 4 4 4 4 6 6 18 18 18 22 22 26 27 27 30 30 22 10 10 14 14 14 12 12 21 23 23 4
 7 7 5 6 6 8 9 9 8 8 2 5 5 4 5 5 3 3 4 4 4 4 6 6 18 18 18 22 22 26 27 27 30 30 22 10 10 14 14 14 12 12 21 23 23 4
 6 6 5 6 6 8 10 10 15 15 9 11 11 5 4 4 2 2 2 5 5 6 15 15 22 22 28 34 34 43 39 39 40 40 28 12 12 17 16 16 17 17 16 11 11 9
 6 6 5 6 6 8 10 10 15 15 9 11 11 5 4 4 2 2 2 5 5 6 15 15 22 22 28 34 34 43 39 39 40 40 28 12 12 17 16 16 17 17 16 11 11 9
 7 7 7 9 9 12 15 15 25 25 17 28 28 8 7 7 3 3 3 6 6 8 20 20 28 28 33 48 48 61 71 71 52 52 42 24 24 25 22 22 27 27 22 13 13 11
 10 10 9 12 12 16 22 22 44 44 22 50 50 13 12 12 6 6 5 8 8 9 24 24 29 29 36 58 58 70 59 59 63 63 46 49 49 35 47 47 33 33 36 13 13 10
 10 10 9 12 12 16 22 22 44 44 22 50 50 13 12 12 6 6 5 8 8 9 24 24 29 29 36 58 58 70 59 59 63 63 46 49 49 35 47 47 33 33 36 13 13 10
 15 15 15 17 17 21 27 27 47 47 31 63 63 20 18 18 11 11 9 11 11 11 23 23 31 31 64 63 63 61 70 70 70 70 52 54 54 46 41 41 51 51 40 26 26 28
 20 20 21 23 23 29 35 35 46 46 51 107 107 34 25 25 15 15 13 16 16 13 18 18 25 25 37 49 49 44 78 78 86 86 66 75 75 62 58 58 53 53 43 37 37 35
 20 20 21 23 23 29 35 35 46 46 51 107 107 34 25 25 15 15 13 16 16 13 18 18 25 25 37 49 49 44 78 78 86 86 66 75 75 62 58 58 53 53 43 37 37 35
 26 26 28 30 30 32 43 43 57 57 61 126 126 42 49 49 35 35 22 24 24 9 12 12 20 20 25 50 50 42 61 61 71 71 66 67 67 62 58 58 62 62 61 60 60 35
 26 26 28 30 30 32 43 43 57 57 61 126 126 42 49 49 35 35 22 24 24 9 12 12 20 20 25 50 50 42 61 61 71 71 66 67 67 62 58 58 62 62 61 60 60 35
 29 29 32 35 35 35 53 53 65 65 77 93 93 53 94 94 76 76 34 33 33 9 9 9 17 17 23 34 34 31 54 54 33 33 68 66 66 71 206 206 86 86 69 60 60 41
 27 27 42 36 36 38 58 58 72 72 65 122 122 64 150 150 135 135 35 23 23 8 12 12 18 18 26 31 31 37 41 41 41 41 29 55 55 80 74 74 70 70 81 77 77 44
 27 27 42 36 36 38 58 58 72 72 65 122 122 64 150 150 135 135 35 23 23 8 12 12 18 18 26 31 31 37 41 41 41 41 29 55 55 80 74 74 70 70 81 77 77 44
 29 29 45 48 48 61 80 80 74 74 61 118 118 116 52 52 31 31 23 23 23 19 22 22 18 18 25 29 29 29 28 28 24 24 22 26 26 27 33 33 58 58 77 59 59 59
 48 48 49 60 60 80 69 69 59 59 55 41 41 32 33 33 33 33 31 25 25 26 28 28 17 17 22 23 23 22 24 24 27 27 29 28 28 22 22 22 50 50 79 56 56 52
 48 48 49 60 60 80 69 69 59 59 55 41 41 32 33 33 33 33 31 25 25 26 28 28 17 17 22 23 23 22 24 24 27 27 29 28 28 22 22 22 50 50 79 56 56 52
 59 59 64 76 76 79 82 82 66 66 50 45 45 37 39 39 31 31 34 33 33 38 33 33 23 23 28 24 24 18 19 19 29 29 34 30 30 25 34 34 41 41 65 63 63 48
 59 59 64 76 76 79 82 82 66 66 50 45 45 37 39 39 31 31 34 33 33 38 33 33 23 23 28 24 24 18 19 19 29 29 34 30 30 25 34 34 41 41 65 63 63 48
 78 78 98 91 91 83 67 67 71 71 62 39 39 36 38 38 36 36 48 44 44 41 39 39 28 28 34 34 34 33 30 30 37 37 49 43 43 29 42 42 56 56 58 56 56 44
 76 76 97 117 117 91 70 70 131 131 74 46 46 44 43 43 43 43 56 52 52 60 45 45 46 46 45 47 47 40 49 49 57 57 49 49 49 47 53 53 67 67 47 38 38 45
 76 76 97 117 117 91 70 70 131 131 74 46 46 44 43 43 43 43 56 52 52 60 45 45 46 46 45 47 47 40 49 49 57 57 49 49 49 47 53 53 67 67 47 38 38 45
 83 83 84 128 128 128 100 100 142 142 84 64 64 58 58 58 54 54 70 77 77 71 56 56 63 63 66 59 59 57 94 94 56 56 67 66 66 49 61 61 70 70 71 52 52 51
 125 125 109 96 96 158 111 111 128 128 85 86 86 79 77 77 73 73 99 89 89 85 77 77 78 78 88 91 91 83 104 104 65 65 88 84 84 84 76 76 76 76 62 49 49 43
