assets/RAT_results_old/precipitation/2018-06-20_IMERG.asc
ncols        46
nrows        77
xllcorner    74.800261325624
yllcorner    8.058333333333
cellsize     0.062500000000
NODATA_value -9999
 65 65 56 33 33 44 43 43 16 16 19 12 12 11 7 7 6 6 2 1 1 1 0 0 0 0 0 0 0 0 0 0 0 0 0 0 0 0 0 0 0 0 0 0 0 0
 47 47 43 30 30 25 27 27 23 23 15 13 13 8 5 5 5 5 1 1 1 1 0 0 0 0 0 0 0 0 0 0 0 0 0 0 0 0 0 0 0 0 0 0 0 0
 47 47 43 30 30 25 27 27 23 23 15 13 13 8 5 5 5 5 1 1 1 1 0 0 0 0 0 0 0 0 0 0 0 0 0 0 0 0 0 0 0 0 0 0 0 0
 39 39 34 26 26 33 40 40 28 28 21 32 32 12 10 10 7 7 7 7 7 2 2 2 0 0 0 0 0 0 0 0 0 0 0 0 0 0 0 0 0 0 0 0 0 0
 45 45 38 29 29 42 44 44 36 36 37 31 31 13 7 7 7 7 3 2 2 0 2 2 1 1 1 1 1 1 0 0 0 0 0 0 0 0 0 0 0 0 0 0 0 0
 45 45 38 29 29 42 44 44 36 36 37 31 31 13 7 7 7 7 3 2 2 0 2 2 1 1 1 1 1 1 0 0 0 0 0 0 0 0 0 0 0 0 0 0 0 0
 41 41 56 45 45 48 54 54 45 45 48 36 36 19 13 13 9 9 6 3 3 3 2 2 1 1 1 0 0 0 0 0 0 0 0 0 0 0 0 0 0 0 0 0 0 0
 41 41 56 45 45 48 54 54 45 45 48 36 36 19 13 13 9 9 6 3 3 3 2 2 1 1 1 0 0 0 0 0 0 0 0 0 0 0 0 0 0 0 0 0 0 0
 46 46 48 74 74 42 40 40 57 57 38 40 40 29 17 17 14 14 10 2 2 2 4 4 1 1 2 0 0 0 1 1 0 0 0 0 0 0 0 0 0 0 0 0 0 0
 40 40 42 53 53 53 44 44 46 46 34 41 41 31 13 13 12 12 9 3 3 6 2 2 1 1 1 4 4 0 0 0 0 0 2 0 0 0 0 0 0 0 0 0 0 0
 40 40 42 53 53 53 44 44 46 46 34 41 41 31 13 13 12 12 9 3 3 6 2 2 1 1 1 4 4 0 0 0 0 0 2 0 0 0 0 0 0 0 0 0 0 0
 50 50 50 55 55 60 51 51 44 44 42 31 31 29 19 19 11 11 9 9 9 5 4 4 2 2 1 2 2 0 1 1 2 2 0 0 0 0 0 0 0 0 0 0 0 0
 51 51 48 98 98 63 55 55 45 45 34 28 28 22 14 14 11 11 10 10 10 6 3 3 3 3 2 2 2 1 0 0 0 0 0 0 0 0 0 0 0 0 0 0 0 0
 51 51 48 98 98 63 55 55 45 45 34 28 28 22 14 14 11 11 10 10 10 6 3 3 3 3 2 2 2 1 0 0 0 0 0 0 0 0 0 0 0 0 0 0 0 0
 85 85 53 84 84 50 49 49 38 38 38 30 30 24 27 27 16 16 19 12 12 8 2 2 1 1 1 0 0 1 1 1 0 0 0 0 0 0 0 0 0 0 0 0 0 0
 85 85 53 84 84 50 49 49 38 38 38 30 30 24 27 27 16 16 19 12 12 8 2 2 1 1 1 0 0 1 1 1 0 0 0 0 0 0 0 0 0 0 0 0 0 0
 47 47 34 67 67 46 53 53 54 54 48 46 46 34 30 30 19 19 35 7 7 7 1 1 1 1 1 2 2 0 0 0 0 0 0 0 0 0 0 0 0 0 0 0 0 0
 72 72 36 57 57 56 51 51 54 54 61 47 47 36 33 33 20 20 15 12 12 5 1 1 0 0 0 0 0 1 0 0 0 0 0 0 0 0 0 0 0 0 0 0 0 0
 72 72 36 57 57 56 51 51 54 54 61 47 47 36 33 33 20 20 15 12 12 5 1 1 0 0 0 0 0 1 0 0 0 0 0 0 0 0 0 0 0 0 0 0 0 0
 67 67 41 52 52 51 54 54 63 63 62 37 37 31 21 21 17 17 14 13 13 6 1 1 0 0 2 5 5 1 0 0 1 1 0 0 0 0 0 0 0 0 0 0 0 0
 77 77 79 65 65 60 54 54 60 60 76 46 46 43 18 18 17 17 17 13 13 5 3 3 5 5 1 1 1 2 0 0 0 0 0 0 0 0 0 0 0 0 0 0 0 1
 77 77 79 65 65 60 54 54 60 60 76 46 46 43 18 18 17 17 17 13 13 5 3 3 5 5 1 1 1 2 0 0 0 0 0 0 0 0 0 0 0 0 0 0 0 1
 90 90 83 58 58 52 60 60 63 63 64 43 43 43 38 38 20 20 19 15 15 9 1 1 1 1 0 2 2 1 2 2 0 0 0 0 0 0 0 0 0 0 0 0 0 2
 90 90 83 58 58 52 60 60 63 63 64 43 43 43 38 38 20 20 19 15 15 9 1 1 1 1 0 2 2 1 2 2 0 0 0 0 0 0 0 0 0 0 0 0 0 2
 105 105 101 76 76 53 54 54 52 52 49 22 22 47 21 21 19 19 21 17 17 11 9 9 4 4 4 2 2 5 0 0 0 0 0 0 0 0 0 0 0 0 0 0 0 0
 141 141 81 64 64 51 58 58 22 22 47 13 13 26 16 16 22 22 24 19 19 23 21 21 7 7 5 3 3 3 0 0 0 0 0 0 0 0 0 0 0 0 0 0 0 0
 141 141 81 64 64 51 58 58 22 22 47 13 13 26 16 16 22 22 24 19 19 23 21 21 7 7 5 3 3 3 0 0 0 0 0 0 0 0 0 0 0 0 0 0 0 0
 127 127 86 85 85 53 36 36 24 24 21 9 9 11 19 19 26 26 26 26 26 29 24 24 11 11 10 3 3 4 0 0 0 0 0 0 0 0 0 0 0 0 0 1 1 0
 98 98 76 85 85 75 46 46 23 23 20 8 8 46 14 14 24 24 43 39 39 40 33 33 15 15 12 5 5 1 1 1 0 0 1 1 1 0 0 0 0 0 0 0 0 0
 98 98 76 85 85 75 46 46 23 23 20 8 8 46 14 14 24 24 43 39 39 40 33 33 15 15 12 5 5 1 1 1 0 0 1 1 1 0 0 0 0 0 0 0 0 0
 89 89 82 73 73 69 57 57 58 58 20 13 13 14 16 16 25 25 44 54 54 48 15 15 17 17 11 4 4 2 1 1 0 0 2 0 0 0 0 0 0 0 0 0 0 0
 89 89 82 73 73 69 57 57 58 58 20 13 13 14 16 16 25 25 44 54 54 48 15 15 17 17 11 4 4 2 1 1 0 0 2 0 0 0 0 0 0 0 0 0 0 0
 76 76 76 74 74 88 80 80 35 35 56 12 12 18 14 14 25 25 32 49 49 50 14 14 18 18 12 6 6 2 3 3 1 1 3 1 1 0 1 1 0 0 0 0 0 0
 74 74 42 61 61 66 66 66 48 48 60 13 13 32 14 14 16 16 31 17 17 15 12 12 13 13 9 5 5 1 2 2 1 1 1 3 3 2 0 0 1 1 0 0 0 0
 74 74 42 61 61 66 66 66 48 48 60 13 13 32 14 14 16 16 31 17 17 15 12 12 13 13 9 5 5 1 2 2 1 1 1 3 3 2 0 0 1 1 0 0 0 0
 69 69 58 49 49 42 43 43 39 39 36 16 16 16 14 14 11 11 14 13 13 18 12 12 17 17 7 7 7 3 0 0 1 1 1 1 1 0 2 2 0 0 1 0 0 0
 48 48 38 39 39 38 46 46 31 31 16 15 15 16 12 12 13 13 9 12 12 13 22 22 28 28 9 6 6 7 2 2 4 4 1 1 1 2 2 2 0 0 0 0 0 0
 48 48 38 39 39 38 46 46 31 31 16 15 15 16 12 12 13 13 9 12 12 13 22 22 28 28 9 6 6 7 2 2 4 4 1 1 1 2 2 2 0 0 0 0 0 0
 44 44 73 30 30 29 46 46 25 25 21 12 12 16 13 13 9 9 12 12 12 23 27 27 25 25 13 7 7 8 6 6 8 8 4 8 8 5 2 2 2 2 3 1 1 0
 44 44 73 30 30 29 46 46 25 25 21 12 12 16 13 13 9 9 12 12 12 23 27 27 25 25 13 7 7 8 6 6 8 8 4 8 8 5 2 2 2 2 3 1 1 0
 42 42 39 24 24 24 31 31 17 17 23 14 14 10 13 13 12 12 7 19 19 16 23 23 26 26 22 12 12 10 13 13 11 11 9 8 8 9 1 1 1 1 1 0 0 0
 34 34 32 22 22 24 17 17 20 20 16 13 13 7 11 11 15 15 20 20 20 17 24 24 29 29 22 28 28 19 21 21 12 12 11 7 7 3 3 3 2 2 1 1 1 1
 34 34 32 22 22 24 17 17 20 20 16 13 13 7 11 11 15 15 20 20 20 17 24 24 29 29 22 28 28 19 21 21 12 12 11 7 7 3 3 3 2 2 1 1 1 1
 16 16 22 18 18 30 28 28 37 37 15 13 13 15 8 8 15 15 19 18 18 21 24 24 31 31 39 44 44 34 24 24 15 15 13 9 9 5 3 3 2 2 2 1 1 0
 10 10 19 16 16 24 32 32 32 32 18 17 17 11 9 9 11 11 16 19 19 32 34 34 39 39 40 51 51 41 32 32 20 20 16 12 12 9 3 3 3 3 2 0 0 1
 10 10 19 16 16 24 32 32 32 32 18 17 17 11 9 9 11 11 16 19 19 32 34 34 39 39 40 51 51 41 32 32 20 20 16 12 12 9 3 3 3 3 2 0 0 1
 12 12 9 14 14 19 23 23 32 32 19 24 24 17 11 11 14 14 15 20 20 31 35 35 47 47 52 73 73 50 31 31 24 24 17 14 14 10 4 4 4 4 3 1 1 0
 12 12 9 14 14 19 23 23 32 32 19 24 24 17 11 11 14 14 15 20 20 31 35 35 47 47 52 73 73 50 31 31 24 24 17 14 14 10 4 4 4 4 3 1 1 0
 10 10 8 11 11 18 20 20 20 20 14 19 19 21 25 25 20 20 22 22 22 36 38 38 80 80 46 54 54 46 36 36 25 25 24 19 19 16 6 6 3 3 3 0 0 0
 6 6 7 9 9 8 17 17 16 16 17 18 18 15 15 15 14 14 21 31 31 23 32 32 40 40 42 48 48 40 35 35 31 31 23 19 19 16 3 3 2 2 1 1 1 0
 6 6 7 9 9 8 17 17 16 16 17 18 18 15 15 15 14 14 21 31 31 23 32 32 40 40 42 48 48 40 35 35 31 31 23 19 19 16 3 3 2 2 1 1 1 0
 3 3 8 9 9 5 19 19 12 12 13 11 11 12 24 24 14 14 19 22 22 23 44 44 40 40 66 46 46 67 69 69 34 34 29 18 18 16 5 5 7 7 1 1 1 0
 3 3 3 4 4 3 9 9 7 7 9 7 7 12 16 16 11 11 18 28 28 23 32 32 43 43 58 31 31 42 36 36 33 33 38 15 15 13 14 14 2 2 1 1 1 0
 3 3 3 4 4 3 9 9 7 7 9 7 7 12 16 16 11 11 18 28 28 23 32 32 43 43 58 31 31 42 36 36 33 33 38 15 15 13 14 14 2 2 1 1 1 0
 2 2 2 7 7 8 11 11 11 11 8 6 6 20 13 13 16 16 14 21 21 20 23 23 26 26 22 24 24 31 34 34 27 27 12 12 12 9 6 6 0 0 0 2 2 0
 2 2 2 7 7 8 11 11 11 11 8 6 6 20 13 13 16 16 14 21 21 20 23 23 26 26 22 24 24 31 34 34 27 27 12 12 12 9 6 6 0 0 0 2 2 0
 3 3 3 8 8 8 7 7 10 10 12 18 18 14 14 14 24 24 19 21 21 17 13 13 17 17 23 23 23 21 26 26 26 26 23 16 16 12 4 4 0 0 1 0 0 0
 5 5 2 6 6 7 6 6 7 7 4 4 4 7 10 10 14 14 11 10 10 11 15 15 12 12 30 22 22 43 39 39 43 43 21 9 9 7 2 2 0 0 0 0 0 0
 5 5 2 6 6 7 6 6 7 7 4 4 4 7 10 10 14 14 11 10 10 11 15 15 12 12 30 22 22 43 39 39 43 43 21 9 9 7 2 2 0 0 0 0 0 0
 4 4 4 6 6 7 1 1 5 5 2 2 2 7 5 5 5 5 6 5 5 10 20 20 34 34 28 24 24 24 26 26 22 22 8 5 5 6 2 2 0 0 0 0 0 0
 1 1 4 0 0 6 1 1 1 1 1 1 1 3 3 3 3 3 2 2 2 6 29 29 24 24 16 32 32 16 15 15 12 12 6 3 3 3 2 2 2 2 0 0 0 0
 1 1 4 0 0 6 1 1 1 1 1 1 1 3 3 3 3 3 2 2 2 6 29 29 24 24 16 32 32 16 15 15 12 12 6 3 3 3 2 2 2 2 0 0 0 0
 1 1 1 1 1 1 1 1 1 1 0 0 0 1 2 2 2 2 2 0 0 4 5 5 4 4 8 12 12 9 10 10 8 8 5 1 1 1 0 0 0 0 0 0 0 0
 1 1 1 1 1 1 1 1 1 1 0 0 0 1 2 2 2 2 2 0 0 4 5 5 4 4 8 12 12 9 10 10 8 8 5 1 1 1 0 0 0 0 0 0 0 0
 1 1 1 2 2 1 1 1 1 1 0 0 0 2 1 1 2 2 2 1 1 0 2 2 2 2 5 10 10 7 4 4 1 1 1 5 5 3 2 2 1 1 0 0 0 0
 3 3 3 3 3 1 1 1 0 0 1 0 0 0 1 1 1 1 1 1 1 0 0 0 3 3 4 5 5 5 5 5 2 2 2 2 2 2 2 2 0 0 0 0 0 0
 3 3 3 3 3 1 1 1 0 0 1 0 0 0 1 1 1 1 1 1 1 0 0 0 3 3 4 5 5 5 5 5 2 2 2 2 2 2 2 2 0 0 0 0 0 0
 5 5 4 1 1 1 2 2 0 0 1 0 0 0 1 1 1 1 0 0 0 0 0 0 16 16 12 2 2 3 5 5 3 3 4 1 1 0 1 1 1 1 0 0 0 0
 4 4 2 1 1 0 2 2 1 1 1 0 0 0 0 0 0 0 0 0 0 0 1 1 1 1 2 3 3 3 3 3 6 6 2 1 1 0 0 0 0 0 0 0 0 0
 4 4 2 1 1 0 2 2 1 1 1 0 0 0 0 0 0 0 0 0 0 0 1 1 1 1 2 3 3 3 3 3 6 6 2 1 1 0 0 0 0 0 0 0 0 0
 2 2 1 0 0 1 3 3 3 3 2 1 1 1 1 1 1 1 1 1 1 0 1 1 2 2 3 2 2 1 1 1 1 1 3 2 2 1 1 1 0 0 1 0 0 0
 2 2 1 0 0 1 3 3 3 3 2 1 1 1 1 1 1 1 1 1 1 0 1 1 2 2 3 2 2 1 1 1 1 1 3 2 2 1 1 1 0 0 1 0 0 0
 1 1 1 6 6 2 2 2 7 7 4 3 3 2 2 2 4 4 5 1 1 1 1 1 1 1 2 2 2 1 1 1 1 1 3 2 2 2 2 2 1 1 1 1 1 0
 2 2 2 3 3 4 4 4 3 3 3 5 5 8 4 4 6 6 4 1 1 1 1 1 2 2 2 2 2 1 2 2 3 3 1 3 3 3 2 2 1 1 1 0 0 1
 2 2 2 3 3 4 4 4 3 3 3 5 5 8 4 4 6 6 4 1 1 1 1 1 2 2 2 2 2 1 2 2 3 3 1 3 3 3 2 2 1 1 1 0 0 1
 4 4 6 6 6 2 5 5 6 6 6 7 7 4 3 3 4 4 3 3 3 3 2 2 6 6 3 4 4 10 2 2 3 3 3 2 2 3 2 2 3 3 3 1 1 1
 8 8 8 7 7 5 8 8 8 8 8 10 10 3 3 3 4 4 4 3 3 4 3 3 7 7 7 8 8 6 5 5 5 5 4 2 2 2 2 2 1 1 4 0 0 0
