assets/RAT_results_old/precipitation/2018-07-14_IMERG.asc
ncols        46
nrows        77
xllcorner    74.800261325624
yllcorner    8.058333333333
cellsize     0.062500000000
NODATA_value -9999
 4 4 3 2 2 2 1 1 2 2 7 1 1 2 2 2 2 2 2 6 6 1 1 1 2 2 2 1 1 1 1 1 1 1 2 3 3 3 3 3 3 3 3 2 2 1
 6 6 4 2 2 2 4 4 1 1 2 1 1 2 1 1 3 3 1 1 1 0 1 1 1 1 1 1 1 1 1 1 1 1 2 3 3 3 2 2 2 2 2 1 1 1
 6 6 4 2 2 2 4 4 1 1 2 1 1 2 1 1 3 3 1 1 1 0 1 1 1 1 1 1 1 1 1 1 1 1 2 3 3 3 2 2 2 2 2 1 1 1
 7 7 6 5 5 4 7 7 7 7 3 2 2 2 1 1 1 1 0 0 0 0 0 0 1 1 1 0 0 0 0 0 1 1 3 2 2 2 1 1 1 1 1 1 1 0
 3 3 5 5 5 4 5 5 1 1 1 1 1 2 3 3 1 1 0 1 1 1 0 0 0 0 1 0 0 0 0 0 1 1 1 1 1 1 1 1 0 0 1 0 0 0
 3 3 5 5 5 4 5 5 1 1 1 1 1 2 3 3 1 1 0 1 1 1 0 0 0 0 1 0 0 0 0 0 1 1 1 1 1 1 1 1 0 0 1 0 0 0
 2 2 2 3 3 2 3 3 2 2 2 1 1 4 4 4 1 1 1 1 1 1 0 0 0 0 0 0 0 0 0 0 0 0 0 0 0 0 0 0 0 0 0 0 0 0
 2 2 2 3 3 2 3 3 2 2 2 1 1 4 4 4 1 1 1 1 1 1 0 0 0 0 0 0 0 0 0 0 0 0 0 0 0 0 0 0 0 0 0 0 0 0
 1 1 0 1 1 2 2 2 3 3 5 7 7 4 2 2 1 1 2 1 1 0 0 0 0 0 0 0 0 0 0 0 0 0 0 0 0 0 0 0 0 0 0 0 0 0
 1 1 1 1 1 1 2 2 3 3 6 9 9 4 1 1 2 2 4 0 0 0 0 0 0 0 0 0 0 0 0 0 0 0 0 0 0 0 0 0 0 0 0 0 0 0
 1 1 1 1 1 1 2 2 3 3 6 9 9 4 1 1 2 2 4 0 0 0 0 0 0 0 0 0 0 0 0 0 0 0 0 0 0 0 0 0 0 0 0 0 0 0
 1 1 1 1 1 4 6 6 4 4 9 8 8 5 4 4 5 5 4 0 0 0 0 0 0 0 0 0 0 0 0 0 0 0 0 0 0 0 0 0 0 0 1 0 0 0
 0 0 1 1 1 6 7 7 7 7 5 7 7 6 4 4 5 5 8 5 5 0 0 0 0 0 0 0 0 0 0 0 0 0 0 0 0 0 0 0 0 0 0 0 0 0
 0 0 1 1 1 6 7 7 7 7 5 7 7 6 4 4 5 5 8 5 5 0 0 0 0 0 0 0 0 0 0 0 0 0 0 0 0 0 0 0 0 0 0 0 0 0
 1 1 1 1 1 5 10 10 7 7 5 8 8 7 6 6 8 8 8 6 6 1 1 1 1 1 0 0 0 0 0 0 0 0 0 1 1 1 0 0 0 0 1 0 0 0
 1 1 1 1 1 5 10 10 7 7 5 8 8 7 6 6 8 8 8 6 6 1 1 1 1 1 0 0 0 0 0 0 0 0 0 1 1 1 0 0 0 0 1 0 0 0
 1 1 1 1 1 1 5 5 4 4 4 5 5 6 5 5 5 5 3 4 4 1 0 0 0 0 0 0 0 1 0 0 0 0 0 0 0 0 0 0 1 1 1 2 2 0
 0 0 1 1 1 3 2 2 2 2 3 4 4 4 5 5 5 5 1 1 1 0 0 0 0 0 0 0 0 1 0 0 0 0 0 0 0 0 0 0 0 0 0 0 0 0
 0 0 1 1 1 3 2 2 2 2 3 4 4 4 5 5 5 5 1 1 1 0 0 0 0 0 0 0 0 1 0 0 0 0 0 0 0 0 0 0 0 0 0 0 0 0
 1 1 2 1 1 1 1 1 4 4 2 1 1 3 8 8 7 7 4 3 3 3 2 2 0 0 0 0 0 0 0 0 0 0 0 0 0 0 0 0 0 0 0 0 0 0
 1 1 1 1 1 0 1 1 0 0 0 2 2 2 3 3 4 4 3 1 1 1 2 2 3 3 1 0 0 0 0 0 0 0 0 0 0 0 0 0 0 0 0 0 0 0
 1 1 1 1 1 0 1 1 0 0 0 2 2 2 3 3 4 4 3 1 1 1 2 2 3 3 1 0 0 0 0 0 0 0 0 0 0 0 0 0 0 0 0 0 0 0
 1 1 0 1 1 1 0 0 1 1 2 1 1 4 3 3 2 2 8 4 4 1 2 2 1 1 0 0 0 2 0 0 0 0 0 0 0 0 0 0 0 0 0 0 0 0
 1 1 0 1 1 1 0 0 1 1 2 1 1 4 3 3 2 2 8 4 4 1 2 2 1 1 0 0 0 2 0 0 0 0 0 0 0 0 0 0 0 0 0 0 0 0
 1 1 1 1 1 2 1 1 0 0 2 3 3 8 10 10 5 5 2 2 2 2 1 1 2 2 1 1 1 3 0 0 0 0 0 0 0 0 0 0 0 0 0 0 0 0
 0 0 1 0 0 0 0 0 1 1 4 5 5 13 11 11 8 8 3 3 3 2 2 2 2 2 4 2 2 0 0 0 0 0 0 0 0 0 0 0 0 0 0 0 0 0
 0 0 1 0 0 0 0 0 1 1 4 5 5 13 11 11 8 8 3 3 3 2 2 2 2 2 4 2 2 0 0 0 0 0 0 0 0 0 0 0 0 0 0 0 0 0
 0 0 0 2 2 1 0 0 1 1 1 4 4 7 2 2 7 7 3 2 2 4 3 3 2 2 1 2 2 0 0 0 0 0 0 0 0 0 0 0 0 0 0 0 0 0
 1 1 2 0 0 0 1 1 0 0 0 0 0 4 2 2 2 2 6 9 9 5 3 3 2 2 1 0 0 0 0 0 0 0 0 0 0 0 0 0 0 0 0 0 0 0
 1 1 2 0 0 0 1 1 0 0 0 0 0 4 2 2 2 2 6 9 9 5 3 3 2 2 1 0 0 0 0 0 0 0 0 0 0 0 0 0 0 0 0 0 0 0
 2 2 3 2 2 2 1 1 0 0 1 0 0 5 3 3 2 2 5 7 7 8 8 8 5 5 1 0 0 0 0 0 0 0 0 1 1 0 0 0 0 0 0 0 0 0
 2 2 3 2 2 2 1 1 0 0 1 0 0 5 3 3 2 2 5 7 7 8 8 8 5 5 1 0 0 0 0 0 0 0 0 1 1 0 0 0 0 0 0 0 0 0
 2 2 3 2 2 6 1 1 1 1 1 1 1 1 2 2 3 3 10 8 8 16 10 10 7 7 1 1 1 0 0 0 0 0 0 1 1 0 1 1 0 0 0 0 0 0
 4 4 3 3 3 1 1 1 1 1 1 1 1 1 3 3 3 3 6 5 5 7 5 5 3 3 1 1 1 0 0 0 0 0 0 1 1 1 1 1 0 0 0 0 0 0
 4 4 3 3 3 1 1 1 1 1 1 1 1 1 3 3 3 3 6 5 5 7 5 5 3 3 1 1 1 0 0 0 0 0 0 1 1 1 1 1 0 0 0 0 0 0
 4 4 4 3 3 5 3 3 2 2 1 1 1 2 3 3 3 3 4 5 5 5 5 5 3 3 1 1 1 1 1 1 0 0 0 0 0 1 1 1 0 0 0 0 0 0
 6 6 7 9 9 8 10 10 8 8 2 3 3 4 3 3 4 4 7 8 8 8 7 7 11 11 4 1 1 1 1 1 1 1 1 1 1 1 1 1 0 0 0 0 0 0
 6 6 7 9 9 8 10 10 8 8 2 3 3 4 3 3 4 4 7 8 8 8 7 7 11 11 4 1 1 1 1 1 1 1 1 1 1 1 1 1 0 0 0 0 0 0
 8 8 7 5 5 6 4 4 5 5 4 18 18 7 6 6 3 3 5 7 7 7 9 9 12 12 13 4 4 3 2 2 1 1 1 1 1 1 0 0 0 0 0 0 0 0
 8 8 7 5 5 6 4 4 5 5 4 18 18 7 6 6 3 3 5 7 7 7 9 9 12 12 13 4 4 3 2 2 1 1 1 1 1 1 0 0 0 0 0 0 0 0
 6 6 6 4 4 4 3 3 5 5 7 7 7 16 6 6 4 4 3 3 3 4 5 5 5 5 9 7 7 6 3 3 2 2 2 2 2 2 2 2 1 1 1 0 0 0
 5 5 4 4 4 4 2 2 2 2 4 4 4 9 7 7 7 7 4 3 3 3 2 2 2 2 4 6 6 6 11 11 3 3 2 4 4 6 1 1 0 0 0 0 0 0
 5 5 4 4 4 4 2 2 2 2 4 4 4 9 7 7 7 7 4 3 3 3 2 2 2 2 4 6 6 6 11 11 3 3 2 4 4 6 1 1 0 0 0 0 0 0
 6 6 4 4 4 2 3 3 3 3 3 4 4 6 6 6 17 17 6 4 4 6 5 5 6 6 4 4 4 6 5 5 3 3 3 4 4 4 1 1 0 0 0 0 0 0
 6 6 3 3 3 3 5 5 4 4 3 16 16 7 9 9 22 22 19 8 8 11 10 10 11 11 7 8 8 8 5 5 7 7 4 3 3 1 0 0 0 0 0 0 0 0
 6 6 3 3 3 3 5 5 4 4 3 16 16 7 9 9 22 22 19 8 8 11 10 10 11 11 7 8 8 8 5 5 7 7 4 3 3 1 0 0 0 0 0 0 0 0
 7 7 3 3 3 5 6 6 9 9 9 53 53 26 15 15 33 33 25 12 12 15 22 22 25 25 14 8 8 11 8 8 6 6 5 6 6 2 0 0 0 0 0 0 0 0
 7 7 3 3 3 5 6 6 9 9 9 53 53 26 15 15 33 33 25 12 12 15 22 22 25 25 14 8 8 11 8 8 6 6 5 6 6 2 0 0 0 0 0 0 0 0
 5 5 5 3 3 7 4 4 9 9 37 53 53 66 66 66 49 49 24 15 15 12 23 23 28 28 18 16 16 14 5 5 5 5 3 3 3 2 1 1 1 1 1 0 0 0
 3 3 3 3 3 6 5 5 39 39 41 70 70 85 86 86 66 66 56 12 12 5 34 34 30 30 31 17 17 15 7 7 4 4 3 2 2 1 1 1 1 1 1 0 0 0
 3 3 3 3 3 6 5 5 39 39 41 70 70 85 86 86 66 66 56 12 12 5 34 34 30 30 31 17 17 15 7 7 4 4 3 2 2 1 1 1 1 1 1 0 0 0
 3 3 3 3 3 4 8 8 41 41 37 69 69 76 81 81 82 82 51 38 38 19 11 11 29 29 43 18 18 11 21 21 10 10 3 3 3 1 1 1 1 1 1 0 0 0
 4 4 6 4 4 4 14 14 14 14 35 50 50 44 50 50 43 43 54 71 71 9 15 15 15 15 9 11 11 13 17 17 10 10 9 2 2 1 1 1 1 1 1 0 0 0
 4 4 6 4 4 4 14 14 14 14 35 50 50 44 50 50 43 43 54 71 71 9 15 15 15 15 9 11 11 13 17 17 10 10 9 2 2 1 1 1 1 1 1 0 0 0
 7 7 7 5 5 6 9 9 6 6 21 32 32 34 33 33 38 38 54 55 55 10 10 10 13 13 11 17 17 14 36 36 14 14 11 7 7 3 1 1 1 1 0 0 0 0
 7 7 7 5 5 6 9 9 6 6 21 32 32 34 33 33 38 38 54 55 55 10 10 10 13 13 11 17 17 14 36 36 14 14 11 7 7 3 1 1 1 1 0 0 0 0
 8 8 7 5 5 6 7 7 7 7 21 37 37 26 22 22 50 50 45 53 53 38 5 5 12 12 11 9 9 17 27 27 23 23 14 9 9 6 2 2 1 1 1 1 1 0
 5 5 4 4 4 6 4 4 4 4 6 12 12 21 22 22 38 38 40 37 37 36 7 7 9 9 13 8 8 8 14 14 27 27 20 15 15 9 2 2 1 1 1 0 0 0
 5 5 4 4 4 6 4 4 4 4 6 12 12 21 22 22 38 38 40 37 37 36 7 7 9 9 13 8 8 8 14 14 27 27 20 15 15 9 2 2 1 1 1 0 0 0
 6 6 4 4 4 4 4 4 4 4 6 9 9 12 21 21 24 24 29 33 33 22 6 6 10 10 11 9 9 21 15 15 46 46 45 12 12 7 2 2 1 1 0 0 0 0
 9 9 6 5 5 4 4 4 14 14 10 8 8 14 19 19 21 21 16 30 30 38 16 16 10 10 13 18 18 20 19 19 30 30 20 10 10 4 2 2 2 2 0 0 0 0
 9 9 6 5 5 4 4 4 14 14 10 8 8 14 19 19 21 21 16 30 30 38 16 16 10 10 13 18 18 20 19 19 30 30 20 10 10 4 2 2 2 2 0 0 0 0
 10 10 6 5 5 4 10 10 16 16 18 23 23 19 18 18 11 11 12 34 34 37 17 17 10 10 13 15 15 13 19 19 24 24 22 13 13 2 4 4 1 1 1 0 0 0
 10 10 6 5 5 4 10 10 16 16 18 23 23 19 18 18 11 11 12 34 34 37 17 17 10 10 13 15 15 13 19 19 24 24 22 13 13 2 4 4 1 1 1 0 0 0
 9 9 7 5 5 3 4 4 6 6 16 15 15 18 14 14 8 8 15 31 31 31 21 21 5 5 7 21 21 29 8 8 10 10 13 17 17 3 3 3 1 1 1 0 0 0
 7 7 4 4 4 1 1 1 6 6 2 4 4 11 5 5 6 6 9 20 20 24 13 13 8 8 8 8 8 7 12 12 6 6 9 13 13 7 3 3 1 1 1 1 1 0
 7 7 4 4 4 1 1 1 6 6 2 4 4 11 5 5 6 6 9 20 20 24 13 13 8 8 8 8 8 7 12 12 6 6 9 13 13 7 3 3 1 1 1 1 1 0
 4 4 5 3 3 2 2 2 2 2 3 4 4 5 9 9 7 7 8 15 15 24 27 27 16 16 6 7 7 5 14 14 8 8 10 10 10 8 3 3 2 2 1 0 0 0
 4 4 4 3 3 2 2 2 3 3 6 10 10 24 16 16 8 8 8 15 15 22 18 18 23 23 11 12 12 7 8 8 11 11 10 5 5 4 3 3 1 1 1 1 1 0
 4 4 4 3 3 2 2 2 3 3 6 10 10 24 16 16 8 8 8 15 15 22 18 18 23 23 11 12 12 7 8 8 11 11 10 5 5 4 3 3 1 1 1 1 1 0
 3 3 3 3 3 3 4 4 5 5 7 11 11 15 9 9 4 4 7 10 10 21 20 20 22 22 15 16 16 22 15 15 5 5 6 4 4 2 2 2 2 2 2 2 2 2
 3 3 3 3 3 3 4 4 5 5 7 11 11 15 9 9 4 4 7 10 10 21 20 20 22 22 15 16 16 22 15 15 5 5 6 4 4 2 2 2 2 2 2 2 2 2
 2 2 3 3 3 3 7 7 6 6 5 12 12 14 9 9 5 5 8 11 11 14 13 13 14 14 9 10 10 14 7 7 8 8 6 10 10 6 3 3 2 2 1 2 2 3
 3 3 3 5 5 5 11 11 9 9 8 16 16 15 5 5 3 3 4 8 8 4 9 9 3 3 6 8 8 8 6 6 4 4 4 5 5 4 4 4 3 3 1 1 1 2
 3 3 3 5 5 5 11 11 9 9 8 16 16 15 5 5 3 3 4 8 8 4 9 9 3 3 6 8 8 8 6 6 4 4 4 5 5 4 4 4 3 3 1 1 1 2
 3 3 4 6 6 14 15 15 15 15 19 17 17 14 3 3 3 3 3 2 2 3 5 5 6 6 7 5 5 3 2 2 3 3 3 2 2 2 2 2 3 3 2 1 1 1
 5 5 7 13 13 14 17 17 18 18 16 14 14 12 4 4 5 5 16 2 2 2 4 4 5 5 5 2 2 2 2 2 2 2 2 2 2 1 1 1 2 2 2 1 1 0
