assets/RAT_results_old/precipitation/2018-04-20_IMERG.asc
ncols        46
nrows        77
xllcorner    74.800261325624
yllcorner    8.058333333333
cellsize     0.062500000000
NODATA_value -9999
 1 1 1 0 0 1 1 1 1 1 0 0 0 0 0 0 0 0 0 0 0 0 0 0 0 0 0 0 0 0 0 0 0 0 0 0 0 1 1 1 2 2 2 3 3 4
 1 1 1 0 0 1 1 1 1 1 1 1 1 0 0 0 0 0 0 0 0 0 0 0 0 0 0 0 0 0 0 0 0 0 0 0 0 1 1 1 2 2 4 3 3 4
 1 1 1 0 0 1 1 1 1 1 1 1 1 0 0 0 0 0 0 0 0 0 0 0 0 0 0 0 0 0 0 0 0 0 0 0 0 1 1 1 2 2 4 3 3 4
 1 1 1 1 1 1 0 0 1 1 1 0 0 0 0 0 0 0 0 0 0 0 0 0 0 0 0 1 1 1 0 0 1 1 1 1 1 3 3 3 4 4 5 4 4 4
 1 1 1 1 1 0 0 0 0 0 0 0 0 0 0 0 0 0 1 2 2 3 2 2 2 2 2 2 2 3 3 3 3 3 2 1 1 4 4 4 5 5 6 5 5 5
 1 1 1 1 1 0 0 0 0 0 0 0 0 0 0 0 0 0 1 2 2 3 2 2 2 2 2 2 2 3 3 3 3 3 2 1 1 4 4 4 5 5 6 5 5 5
 1 1 1 1 1 0 0 0 0 0 0 0 0 0 0 0 1 1 2 2 2 2 3 3 6 6 5 3 3 3 3 3 2 2 2 2 2 3 5 5 7 7 6 7 7 5
 1 1 1 1 1 0 0 0 0 0 0 0 0 0 0 0 1 1 2 2 2 2 3 3 6 6 5 3 3 3 3 3 2 2 2 2 2 3 5 5 7 7 6 7 7 5
 0 0 1 1 1 1 0 0 0 0 2 3 3 2 1 1 1 1 2 4 4 5 8 8 11 11 8 3 3 1 1 1 1 1 1 1 1 1 4 4 6 6 6 2 2 2
 0 0 1 1 1 1 0 0 0 0 1 3 3 3 2 2 2 2 2 4 4 11 12 12 11 11 11 2 2 1 1 1 0 0 1 0 0 1 3 3 3 3 5 4 4 3
 0 0 1 1 1 1 0 0 0 0 1 3 3 3 2 2 2 2 2 4 4 11 12 12 11 11 11 2 2 1 1 1 0 0 1 0 0 1 3 3 3 3 5 4 4 3
 0 0 0 0 0 0 0 0 0 0 1 2 2 4 3 3 7 7 10 9 9 15 13 13 14 14 10 2 2 0 0 0 0 0 0 0 0 3 3 3 8 8 6 10 10 11
 0 0 0 0 0 1 0 0 0 0 0 1 1 4 4 4 6 6 11 14 14 19 20 20 13 13 3 2 2 0 0 0 0 0 0 0 0 2 8 8 8 8 13 23 23 11
 0 0 0 0 0 1 0 0 0 0 0 1 1 4 4 4 6 6 11 14 14 19 20 20 13 13 3 2 2 0 0 0 0 0 0 0 0 2 8 8 8 8 13 23 23 11
 0 0 0 0 0 0 1 1 1 1 1 2 2 5 13 13 11 11 16 17 17 20 15 15 4 4 3 0 0 0 0 0 0 0 2 10 10 8 12 12 14 14 14 18 18 6
 0 0 0 0 0 0 1 1 1 1 1 2 2 5 13 13 11 11 16 17 17 20 15 15 4 4 3 0 0 0 0 0 0 0 2 10 10 8 12 12 14 14 14 18 18 6
 0 0 0 0 0 0 0 0 0 0 1 2 2 6 14 14 12 12 15 14 14 16 16 16 4 4 1 0 0 0 1 1 1 1 3 3 3 4 12 12 15 15 11 8 8 3
 0 0 1 0 0 0 0 0 0 0 2 3 3 4 11 11 15 15 16 15 15 12 11 11 7 7 3 1 1 1 1 1 2 2 2 5 5 4 16 16 13 13 12 1 1 1
 0 0 1 0 0 0 0 0 0 0 2 3 3 4 11 11 15 15 16 15 15 12 11 11 7 7 3 1 1 1 1 1 2 2 2 5 5 4 16 16 13 13 12 1 1 1
 1 1 1 1 1 0 0 0 1 1 1 3 3 5 11 11 16 16 12 17 17 12 16 16 10 10 7 4 4 2 2 2 5 5 1 5 5 3 8 8 8 8 12 1 1 1
 2 2 2 1 1 1 0 0 1 1 2 3 3 4 8 8 13 13 11 16 16 12 17 17 9 9 6 6 6 7 7 7 7 7 2 2 2 1 7 7 7 7 2 1 1 0
 2 2 2 1 1 1 0 0 1 1 2 3 3 4 8 8 13 13 11 16 16 12 17 17 9 9 6 6 6 7 7 7 7 7 2 2 2 1 7 7 7 7 2 1 1 0
 3 3 1 1 1 1 1 1 1 1 1 3 3 3 5 5 5 5 6 6 6 5 3 3 5 5 4 5 5 11 7 7 8 8 14 6 6 1 1 1 1 1 0 1 1 0
 3 3 1 1 1 1 1 1 1 1 1 3 3 3 5 5 5 5 6 6 6 5 3 3 5 5 4 5 5 11 7 7 8 8 14 6 6 1 1 1 1 1 0 1 1 0
 4 4 2 1 1 1 2 2 2 2 1 1 1 1 2 2 2 2 2 2 2 2 1 1 2 2 3 4 4 12 12 12 13 13 14 8 8 4 0 0 1 1 0 0 0 0
 5 5 3 1 1 1 1 1 1 1 1 1 1 0 1 1 1 1 1 0 0 1 0 0 1 1 3 4 4 4 8 8 8 8 16 9 9 5 0 0 0 0 0 0 0 0
 5 5 3 1 1 1 1 1 1 1 1 1 1 0 1 1 1 1 1 0 0 1 0 0 1 1 3 4 4 4 8 8 8 8 16 9 9 5 0 0 0 0 0 0 0 0
 5 5 4 1 1 1 1 1 2 2 2 1 1 0 0 0 2 2 1 0 0 0 0 0 0 0 2 3 3 3 8 8 14 14 15 12 12 4 0 0 0 0 0 0 0 0
 5 5 5 2 2 1 1 1 1 1 1 0 0 0 1 1 2 2 1 1 1 1 0 0 0 0 1 3 3 4 8 8 13 13 1 1 1 0 0 0 0 0 0 0 0 0
 5 5 5 2 2 1 1 1 1 1 1 0 0 0 1 1 2 2 1 1 1 1 0 0 0 0 1 3 3 4 8 8 13 13 1 1 1 0 0 0 0 0 0 0 0 0
 5 5 5 1 1 1 0 0 0 0 0 0 0 0 1 1 1 1 0 1 1 1 0 0 0 0 2 3 3 3 4 4 2 2 1 0 0 4 0 0 0 0 0 0 0 0
 5 5 5 1 1 1 0 0 0 0 0 0 0 0 1 1 1 1 0 1 1 1 0 0 0 0 2 3 3 3 4 4 2 2 1 0 0 4 0 0 0 0 0 0 0 0
 6 6 5 1 1 1 0 0 0 0 0 0 0 0 0 0 0 0 0 0 0 0 0 0 0 0 2 11 11 5 4 4 3 3 2 0 0 0 0 0 0 0 0 0 0 0
 6 6 5 1 1 0 0 0 0 0 0 0 0 0 3 3 0 0 0 0 0 0 0 0 1 1 2 7 7 6 5 5 3 3 1 0 0 0 0 0 0 0 0 0 0 0
 6 6 5 1 1 0 0 0 0 0 0 0 0 0 3 3 0 0 0 0 0 0 0 0 1 1 2 7 7 6 5 5 3 3 1 0 0 0 0 0 0 0 0 0 0 0
 4 4 3 1 1 0 0 0 0 0 0 0 0 4 1 1 0 0 0 0 0 1 2 2 4 4 4 8 8 8 5 5 1 1 0 0 0 0 0 0 0 0 0 0 0 0
 2 2 2 1 1 1 0 0 0 0 0 0 0 0 1 1 0 0 0 1 1 3 3 3 6 6 7 7 7 13 4 4 0 0 0 0 0 0 0 0 0 0 0 0 0 0
 2 2 2 1 1 1 0 0 0 0 0 0 0 0 1 1 0 0 0 1 1 3 3 3 6 6 7 7 7 13 4 4 0 0 0 0 0 0 0 0 0 0 0 0 0 0
 2 2 1 1 1 2 3 3 3 3 0 0 0 0 0 0 0 0 0 1 1 3 5 5 6 6 24 12 12 12 7 7 0 0 0 0 0 0 0 0 0 0 0 0 0 0
 2 2 1 1 1 2 3 3 3 3 0 0 0 0 0 0 0 0 0 1 1 3 5 5 6 6 24 12 12 12 7 7 0 0 0 0 0 0 0 0 0 0 0 0 0 0
 1 1 1 2 2 3 5 5 2 2 0 0 0 0 0 0 0 0 1 2 2 4 8 8 10 10 11 6 6 5 4 4 0 0 0 0 0 0 0 0 0 0 0 0 0 0
 1 1 1 3 3 6 2 2 0 0 0 0 0 0 0 0 0 0 0 1 1 3 7 7 9 9 8 6 6 2 1 1 0 0 0 1 1 2 0 0 0 0 0 0 0 0
 1 1 1 3 3 6 2 2 0 0 0 0 0 0 0 0 0 0 0 1 1 3 7 7 9 9 8 6 6 2 1 1 0 0 0 1 1 2 0 0 0 0 0 0 0 0
 1 1 1 2 2 2 1 1 0 0 1 0 0 0 0 0 0 0 0 1 1 2 3 3 6 6 6 14 14 0 0 0 1 1 1 2 2 1 1 1 0 0 0 0 0 0
 2 2 2 2 2 2 1 1 1 1 1 1 1 0 0 0 0 0 1 1 1 1 2 2 3 3 4 2 2 0 0 0 2 2 2 2 2 1 0 0 0 0 0 0 0 0
 2 2 2 2 2 2 1 1 1 1 1 1 1 0 0 0 0 0 1 1 1 1 2 2 3 3 4 2 2 0 0 0 2 2 2 2 2 1 0 0 0 0 0 0 0 0
 2 2 1 1 1 1 1 1 1 1 1 2 2 1 0 0 0 0 1 1 1 0 0 0 1 1 1 0 0 0 1 1 0 0 2 0 0 0 0 0 0 0 0 0 0 0
 2 2 1 1 1 1 1 1 1 1 1 2 2 1 0 0 0 0 1 1 1 0 0 0 1 1 1 0 0 0 1 1 0 0 2 0 0 0 0 0 0 0 0 0 0 0
 2 2 2 1 1 1 1 1 2 2 2 2 2 4 2 2 1 1 0 0 0 0 0 0 0 0 0 0 0 0 0 0 0 0 0 0 0 0 1 1 0 0 0 0 0 0
 1 1 1 1 1 1 2 2 5 5 7 12 12 13 12 12 2 2 1 0 0 0 0 0 0 0 0 0 0 0 0 0 0 0 0 2 2 0 1 1 0 0 0 0 0 0
 1 1 1 1 1 1 2 2 5 5 7 12 12 13 12 12 2 2 1 0 0 0 0 0 0 0 0 0 0 0 0 0 0 0 0 2 2 0 1 1 0 0 0 0 0 0
 1 1 2 2 2 1 2 2 4 4 7 14 14 21 15 15 7 7 3 3 3 0 0 0 0 0 0 0 0 0 0 0 1 1 0 1 1 0 3 3 3 3 0 0 0 0
 2 2 3 2 2 2 2 2 3 3 3 6 6 17 25 25 16 16 11 2 2 3 1 1 0 0 0 0 0 0 0 0 5 5 1 1 1 1 0 0 0 0 0 0 0 0
 2 2 3 2 2 2 2 2 3 3 3 6 6 17 25 25 16 16 11 2 2 3 1 1 0 0 0 0 0 0 0 0 5 5 1 1 1 1 0 0 0 0 0 0 0 0
 1 1 2 3 3 2 2 2 2 2 3 3 3 8 27 27 24 24 5 8 8 28 1 1 0 0 0 0 0 0 0 0 5 5 4 4 4 0 0 0 0 0 0 0 0 0
 1 1 2 3 3 2 2 2 2 2 3 3 3 8 27 27 24 24 5 8 8 28 1 1 0 0 0 0 0 0 0 0 5 5 4 4 4 0 0 0 0 0 0 0 0 0
 6 6 12 12 12 12 2 2 2 2 2 5 5 5 19 19 11 11 9 10 10 4 9 9 0 0 0 0 0 0 0 0 4 4 4 1 1 0 0 0 0 0 0 0 0 0
 14 14 16 14 14 13 3 3 3 3 3 4 4 3 13 13 10 10 9 25 25 3 3 3 0 0 0 0 0 0 0 0 0 0 1 0 0 0 0 0 0 0 0 0 0 0
 14 14 16 14 14 13 3 3 3 3 3 4 4 3 13 13 10 10 9 25 25 3 3 3 0 0 0 0 0 0 0 0 0 0 1 0 0 0 0 0 0 0 0 0 0 0
 15 15 22 29 29 30 20 20 18 18 9 4 4 3 2 2 2 2 3 9 9 3 1 1 0 0 0 0 0 0 0 0 0 0 0 0 0 0 0 0 0 0 0 0 0 0
 31 31 32 50 50 30 28 28 19 19 17 8 8 7 7 7 2 2 2 26 26 2 0 0 1 1 0 0 0 0 0 0 0 0 1 0 0 0 0 0 0 0 0 0 0 0
 31 31 32 50 50 30 28 28 19 19 17 8 8 7 7 7 2 2 2 26 26 2 0 0 1 1 0 0 0 0 0 0 0 0 1 0 0 0 0 0 0 0 0 0 0 0
 35 35 36 60 60 49 30 30 21 21 6 8 8 6 7 7 6 6 0 0 0 1 0 0 0 0 0 0 0 0 0 0 0 0 0 0 0 0 0 0 0 0 0 0 0 0
 35 35 36 60 60 49 30 30 21 21 6 8 8 6 7 7 6 6 0 0 0 1 0 0 0 0 0 0 0 0 0 0 0 0 0 0 0 0 0 0 0 0 0 0 0 0
 29 29 33 35 35 38 20 20 7 7 5 3 3 1 1 1 1 1 1 0 0 0 0 0 0 0 0 0 0 0 0 0 0 0 0 0 0 0 0 0 0 0 0 0 0 0
 18 18 17 18 18 13 5 5 4 4 3 2 2 1 1 1 1 1 1 0 0 0 0 0 0 0 0 0 0 0 0 0 0 0 1 1 1 0 0 0 0 0 0 0 0 0
 18 18 17 18 18 13 5 5 4 4 3 2 2 1 1 1 1 1 1 0 0 0 0 0 0 0 0 0 0 0 0 0 0 0 1 1 1 0 0 0 0 0 0 0 0 0
 11 11 10 12 12 4 3 3 2 2 2 2 2 1 1 1 1 1 1 0 0 0 0 0 0 0 0 0 0 0 0 0 1 1 0 0 0 0 0 0 0 0 0 0 0 0
 5 5 5 3 3 1 2 2 1 1 2 2 2 1 1 1 1 1 1 0 0 0 0 0 0 0 0 0 0 0 0 0 2 2 0 0 0 0 0 0 0 0 0 0 0 0
 5 5 5 3 3 1 2 2 1 1 2 2 2 1 1 1 1 1 1 0 0 0 0 0 0 0 0 0 0 0 0 0 2 2 0 0 0 0 0 0 0 0 0 0 0 0
 3 3 3 2 2 1 1 1 1 1 2 2 2 1 1 1 1 1 1 0 0 0 1 1 0 0 0 0 0 0 0 0 0 0 0 1 1 1 2 2 0 0 0 0 0 0
 3 3 3 2 2 1 1 1 1 1 2 2 2 1 1 1 1 1 1 0 0 0 1 1 0 0 0 0 0 0 0 0 0 0 0 1 1 1 2 2 0 0 0 0 0 0
 2 2 2 1 1 1 1 1 1 1 1 2 2 2 2 2 2 2 1 1 1 1 0 0 1 1 1 0 0 0 0 0 3 3 1 1 1 2 1 1 0 0 0 0 0 0
 1 1 1 1 1 1 1 1 1 1 1 2 2 2 2 2 2 2 2 2 2 1 1 1 0 0 0 0 0 0 0 0 3 3 1 1 1 2 0 0 0 0 0 0 0 0
 1 1 1 1 1 1 1 1 1 1 1 2 2 2 2 2 2 2 2 2 2 1 1 1 0 0 0 0 0 0 0 0 3 3 1 1 1 2 0 0 0 0 0 0 0 0
 1 1 1 1 1 1 1 1 1 1 1 1 1 2 2 2 2 2 2 2 2 1 1 1 1 1 0 0 0 0 0 0 1 1 7 1 1 1 1 1 0 0 0 0 0 0
 1 1 1 1 1 1 2 2 2 2 1 1 1 2 2 2 2 2 2 2 2 1 1 1 1 1 1 3 3 0 0 0 2 2 11 16 16 5 2 2 1 1 0 0 0 0
