assets/RAT_results_old/precipitation/2018-09-25_IMERG.asc
ncols        46
nrows        77
xllcorner    74.800261325624
yllcorner    8.058333333333
cellsize     0.062500000000
NODATA_value -9999
 6 6 4 4 4 6 7 7 10 10 26 20 20 22 25 25 17 17 15 50 50 29 37 37 24 24 21 22 22 12 37 37 45 45 44 28 28 24 29 29 25 25 11 5 5 7
 4 4 7 9 9 8 10 10 14 14 32 22 22 20 20 20 21 21 24 27 27 53 28 28 24 24 20 23 23 16 28 28 51 51 38 39 39 36 24 24 22 22 13 4 4 1
 4 4 7 9 9 8 10 10 14 14 32 22 22 20 20 20 21 21 24 27 27 53 28 28 24 24 20 23 23 16 28 28 51 51 38 39 39 36 24 24 22 22 13 4 4 1
 2 2 8 9 9 9 12 12 14 14 22 21 21 30 35 35 27 27 31 67 67 26 54 54 23 23 19 23 23 24 35 35 47 47 67 52 52 43 40 40 16 16 43 3 3 5
 5 5 9 10 10 12 12 12 13 13 18 17 17 34 37 37 30 30 37 40 40 42 35 35 26 26 30 21 21 23 25 25 20 20 30 64 64 31 16 16 24 24 9 7 7 8
 5 5 9 10 10 12 12 12 13 13 18 17 17 34 37 37 30 30 37 40 40 42 35 35 26 26 30 21 21 23 25 25 20 20 30 64 64 31 16 16 24 24 9 7 7 8
 3 3 3 10 10 13 13 13 13 13 18 19 19 30 42 42 30 30 37 31 31 43 54 54 43 43 23 25 25 19 24 24 23 23 19 33 33 30 29 29 15 15 24 5 5 0
 3 3 3 10 10 13 13 13 13 13 18 19 19 30 42 42 30 30 37 31 31 43 54 54 43 43 23 25 25 19 24 24 23 23 19 33 33 30 29 29 15 15 24 5 5 0
 2 2 3 10 10 11 11 11 13 13 15 21 21 28 47 47 39 39 54 41 41 50 74 74 55 55 57 26 26 13 21 21 20 20 47 43 43 37 18 18 14 14 8 0 0 0
 1 1 3 9 9 11 10 10 12 12 14 19 19 33 33 33 35 35 27 29 29 36 40 40 50 50 51 11 11 14 16 16 28 28 25 40 40 44 22 22 17 17 8 1 1 1
 1 1 3 9 9 11 10 10 12 12 14 19 19 33 33 33 35 35 27 29 29 36 40 40 50 50 51 11 11 14 16 16 28 28 25 40 40 44 22 22 17 17 8 1 1 1
 1 1 2 4 4 6 6 6 6 6 7 15 15 13 23 23 23 23 23 23 23 19 17 17 43 43 9 12 12 12 11 11 14 14 24 38 38 25 16 16 8 8 6 0 0 0
 1 1 1 2 2 4 4 4 4 4 4 7 7 15 20 20 16 16 18 15 15 18 9 9 29 29 26 12 12 9 8 8 16 16 13 29 29 17 7 7 7 7 4 0 0 0
 1 1 1 2 2 4 4 4 4 4 4 7 7 15 20 20 16 16 18 15 15 18 9 9 29 29 26 12 12 9 8 8 16 16 13 29 29 17 7 7 7 7 4 0 0 0
 1 1 1 1 1 2 5 5 6 6 7 4 4 8 7 7 11 11 23 13 13 2 4 4 21 21 17 16 16 7 11 11 9 9 14 9 9 13 8 8 7 7 4 1 1 4
 1 1 1 1 1 2 5 5 6 6 7 4 4 8 7 7 11 11 23 13 13 2 4 4 21 21 17 16 16 7 11 11 9 9 14 9 9 13 8 8 7 7 4 1 1 4
 0 0 2 1 1 4 4 4 5 5 3 3 3 4 4 4 4 4 10 68 68 9 2 2 3 3 8 5 5 12 10 10 5 5 13 16 16 9 43 43 6 6 5 8 8 6
 0 0 1 1 1 1 4 4 3 3 4 2 2 2 1 1 4 4 9 50 50 14 7 7 4 4 3 4 4 13 11 11 8 8 6 17 17 32 10 10 5 5 8 6 6 8
 0 0 1 1 1 1 4 4 3 3 4 2 2 2 1 1 4 4 9 50 50 14 7 7 4 4 3 4 4 13 11 11 8 8 6 17 17 32 10 10 5 5 8 6 6 8
 0 0 1 1 1 1 2 2 3 3 1 3 3 2 1 1 1 1 7 14 14 4 1 1 3 3 4 10 10 13 10 10 10 10 9 39 39 11 20 20 4 4 8 5 5 15
 2 2 1 1 1 0 0 0 2 2 0 1 1 0 1 1 2 2 4 9 9 5 2 2 5 5 10 12 12 16 19 19 36 36 30 42 42 28 5 5 3 3 8 7 7 6
 2 2 1 1 1 0 0 0 2 2 0 1 1 0 1 1 2 2 4 9 9 5 2 2 5 5 10 12 12 16 19 19 36 36 30 42 42 28 5 5 3 3 8 7 7 6
 0 0 1 0 0 0 5 5 1 1 1 3 3 1 1 1 1 1 6 8 8 13 5 5 6 6 12 12 12 11 18 18 17 17 23 37 37 5 4 4 5 5 9 5 5 6
 0 0 1 0 0 0 5 5 1 1 1 3 3 1 1 1 1 1 6 8 8 13 5 5 6 6 12 12 12 11 18 18 17 17 23 37 37 5 4 4 5 5 9 5 5 6
 0 0 1 1 1 0 0 0 0 0 3 3 3 1 1 1 1 1 2 0 0 3 6 6 3 3 4 6 6 14 8 8 10 10 15 51 51 5 3 3 3 3 3 1 1 3
 1 1 1 1 1 1 0 0 0 0 1 3 3 1 1 1 1 1 1 1 1 0 0 0 1 1 1 3 3 9 5 5 7 7 12 14 14 7 2 2 0 0 0 3 3 4
 1 1 1 1 1 1 0 0 0 0 1 3 3 1 1 1 1 1 1 1 1 0 0 0 1 1 1 3 3 9 5 5 7 7 12 14 14 7 2 2 0 0 0 3 3 4
 1 1 1 2 2 0 0 0 0 0 0 2 2 2 0 0 1 1 2 1 1 1 1 1 1 1 1 2 2 1 5 5 2 2 3 2 2 5 4 4 0 0 0 0 0 1
 1 1 1 1 1 1 0 0 0 0 1 0 0 0 1 1 1 1 2 1 1 1 1 1 2 2 1 2 2 2 1 1 3 3 2 2 2 2 2 2 0 0 2 3 3 5
 1 1 1 1 1 1 0 0 0 0 1 0 0 0 1 1 1 1 2 1 1 1 1 1 2 2 1 2 2 2 1 1 3 3 2 2 2 2 2 2 0 0 2 3 3 5
 0 0 1 0 0 1 0 0 0 0 3 0 0 0 0 0 1 1 1 1 1 1 3 3 2 2 1 2 2 2 1 1 2 2 3 6 6 3 1 1 3 3 2 0 0 0
 0 0 1 0 0 1 0 0 0 0 3 0 0 0 0 0 1 1 1 1 1 1 3 3 2 2 1 2 2 2 1 1 2 2 3 6 6 3 1 1 3 3 2 0 0 0
 0 0 0 1 1 0 0 0 1 1 0 0 0 0 0 0 1 1 1 1 1 1 1 1 1 1 2 1 1 1 1 1 1 1 6 5 5 2 2 2 8 8 8 2 2 0
 1 1 1 0 0 1 0 0 0 0 0 0 0 0 0 0 1 1 1 0 0 1 1 1 1 1 0 1 1 1 1 1 1 1 2 1 1 1 0 0 3 3 3 6 6 0
 1 1 1 0 0 1 0 0 0 0 0 0 0 0 0 0 1 1 1 0 0 1 1 1 1 1 0 1 1 1 1 1 1 1 2 1 1 1 0 0 3 3 3 6 6 0
 2 2 1 1 1 2 1 1 0 0 0 0 0 0 0 0 1 1 0 1 1 1 1 1 1 1 1 0 0 0 0 0 0 0 3 2 2 2 0 0 0 0 0 0 0 2
 2 2 0 0 0 0 0 0 0 0 1 0 0 0 0 0 1 1 1 1 1 1 1 1 1 1 0 0 0 0 0 0 1 1 2 2 2 0 0 0 0 0 0 1 1 2
 2 2 0 0 0 0 0 0 0 0 1 0 0 0 0 0 1 1 1 1 1 1 1 1 1 1 0 0 0 0 0 0 1 1 2 2 2 0 0 0 0 0 0 1 1 2
 0 0 0 0 0 0 1 1 1 1 1 0 0 0 0 0 3 3 1 0 0 1 1 1 0 0 0 0 0 0 0 0 0 0 0 0 0 0 0 0 0 0 0 0 0 3
 0 0 0 0 0 0 1 1 1 1 1 0 0 0 0 0 3 3 1 0 0 1 1 1 0 0 0 0 0 0 0 0 0 0 0 0 0 0 0 0 0 0 0 0 0 3
 0 0 0 0 0 0 0 0 1 1 0 0 0 0 0 0 0 0 1 0 0 1 1 1 1 1 0 0 0 0 0 0 0 0 0 0 0 0 0 0 0 0 1 1 1 2
 1 1 1 1 1 0 0 0 1 1 0 0 0 0 0 0 0 0 1 0 0 2 1 1 1 1 0 0 0 0 0 0 0 0 0 0 0 1 0 0 0 0 1 2 2 1
 1 1 1 1 1 0 0 0 1 1 0 0 0 0 0 0 0 0 1 0 0 2 1 1 1 1 0 0 0 0 0 0 0 0 0 0 0 1 0 0 0 0 1 2 2 1
 1 1 1 1 1 0 0 0 1 1 0 0 0 0 0 0 0 0 1 0 0 0 1 1 0 0 0 0 0 0 1 1 1 1 1 1 1 3 3 3 0 0 1 9 9 3
 2 2 2 1 1 1 1 1 1 1 0 0 0 1 0 0 0 0 0 0 0 1 1 1 1 1 0 0 0 0 1 1 1 1 2 1 1 3 3 3 2 2 1 23 23 5
 2 2 2 1 1 1 1 1 1 1 0 0 0 1 0 0 0 0 0 0 0 1 1 1 1 1 0 0 0 0 1 1 1 1 2 1 1 3 3 3 2 2 1 23 23 5
 3 3 2 2 2 1 1 1 0 0 1 0 0 0 0 0 0 0 0 0 0 1 1 1 1 1 0 0 0 0 0 0 0 0 1 1 1 4 4 4 2 2 6 23 23 28
 3 3 2 2 2 1 1 1 0 0 1 0 0 0 0 0 0 0 0 0 0 1 1 1 1 1 0 0 0 0 0 0 0 0 1 1 1 4 4 4 2 2 6 23 23 28
 6 6 5 3 3 2 1 1 0 0 0 0 0 0 0 0 0 0 0 0 0 1 1 1 1 1 0 0 0 0 0 0 0 0 0 0 0 4 1 1 4 4 11 7 7 28
 13 13 11 5 5 2 1 1 0 0 0 0 0 0 0 0 0 0 0 1 1 1 1 1 1 1 1 1 1 1 1 1 1 1 1 1 1 1 1 1 1 1 3 4 4 2
 13 13 11 5 5 2 1 1 0 0 0 0 0 0 0 0 0 0 0 1 1 1 1 1 1 1 1 1 1 1 1 1 1 1 1 1 1 1 1 1 1 1 3 4 4 2
 20 20 12 11 11 3 2 2 1 1 1 0 0 0 0 0 0 0 1 1 1 0 0 0 1 1 1 1 1 1 1 1 2 2 1 1 1 0 2 2 3 3 6 7 7 15
 24 24 19 16 16 6 2 2 1 1 0 0 0 1 0 0 1 1 0 0 0 0 0 0 1 1 1 2 2 2 2 2 1 1 1 1 1 3 2 2 2 2 3 0 0 1
 24 24 19 16 16 6 2 2 1 1 0 0 0 1 0 0 1 1 0 0 0 0 0 0 1 1 1 2 2 2 2 2 1 1 1 1 1 3 2 2 2 2 3 0 0 1
 23 23 18 17 17 6 6 6 4 4 1 1 1 1 1 1 0 0 1 0 0 1 1 1 1 1 2 2 2 3 2 2 2 2 1 2 2 4 3 3 5 5 7 4 4 1
 23 23 18 17 17 6 6 6 4 4 1 1 1 1 1 1 0 0 1 0 0 1 1 1 1 1 2 2 2 3 2 2 2 2 1 2 2 4 3 3 5 5 7 4 4 1
 37 37 21 10 10 7 6 6 4 4 1 1 1 2 0 0 0 0 0 0 0 1 0 0 0 0 1 1 1 5 3 3 4 4 4 4 4 4 4 4 3 3 2 1 1 1
 26 26 20 8 8 7 6 6 6 6 1 1 1 1 0 0 0 0 0 0 0 0 0 0 0 0 1 1 1 1 2 2 2 2 2 3 3 5 5 5 4 4 1 1 1 1
 26 26 20 8 8 7 6 6 6 6 1 1 1 1 0 0 0 0 0 0 0 0 0 0 0 0 1 1 1 1 2 2 2 2 2 3 3 5 5 5 4 4 1 1 1 1
 15 15 16 8 8 6 4 4 1 1 1 0 0 1 0 0 0 0 0 0 0 0 0 0 0 0 1 0 0 0 1 1 2 2 1 1 1 2 4 4 4 4 3 3 3 3
 12 12 11 6 6 4 4 4 2 2 1 1 1 1 0 0 0 0 0 0 0 0 0 0 0 0 1 2 2 0 1 1 1 1 1 2 2 1 2 2 2 2 4 4 4 4
 12 12 11 6 6 4 4 4 2 2 1 1 1 1 0 0 0 0 0 0 0 0 0 0 0 0 1 2 2 0 1 1 1 1 1 2 2 1 2 2 2 2 4 4 4 4
 8 8 7 5 5 5 4 4 3 3 2 1 1 1 0 0 0 0 0 0 0 0 0 0 1 1 1 1 1 1 1 1 1 1 1 2 2 3 2 2 2 2 4 5 5 7
 8 8 7 5 5 5 4 4 3 3 2 1 1 1 0 0 0 0 0 0 0 0 0 0 1 1 1 1 1 1 1 1 1 1 1 2 2 3 2 2 2 2 4 5 5 7
 7 7 7 6 6 6 5 5 6 6 4 2 2 1 1 1 1 1 1 2 2 0 0 0 0 0 1 0 0 1 1 1 1 1 1 2 2 1 2 2 5 5 5 6 6 9
 6 6 6 5 5 7 5 5 6 6 5 4 4 2 1 1 1 1 1 0 0 0 0 0 1 1 1 0 0 1 1 1 1 1 1 1 1 1 2 2 5 5 13 81 81 10
 6 6 6 5 5 7 5 5 6 6 5 4 4 2 1 1 1 1 1 0 0 0 0 0 1 1 1 0 0 1 1 1 1 1 1 1 1 1 2 2 5 5 13 81 81 10
 6 6 7 5 5 8 7 7 5 5 5 4 4 3 2 2 2 2 2 1 1 1 1 1 0 0 0 1 1 1 2 2 2 2 1 1 1 1 4 4 6 6 13 15 15 10
 5 5 6 6 6 6 7 7 5 5 6 5 5 4 3 3 4 4 2 2 2 2 1 1 0 0 0 2 2 1 0 0 2 2 1 1 1 1 2 2 4 4 14 7 7 3
 5 5 6 6 6 6 7 7 5 5 6 5 5 4 3 3 4 4 2 2 2 2 1 1 0 0 0 2 2 1 0 0 2 2 1 1 1 1 2 2 4 4 14 7 7 3
 4 4 5 6 6 5 5 5 5 5 5 4 4 4 7 7 6 6 3 2 2 3 2 2 2 2 1 1 1 1 1 1 1 1 2 1 1 2 2 2 3 3 6 6 6 4
 4 4 5 6 6 5 5 5 5 5 5 4 4 4 7 7 6 6 3 2 2 3 2 2 2 2 1 1 1 1 1 1 1 1 2 1 1 2 2 2 3 3 6 6 6 4
 3 3 3 3 3 4 4 4 3 3 4 4 4 3 5 5 3 3 3 2 2 2 3 3 1 1 0 1 1 1 1 1 1 1 2 2 2 1 2 2 2 2 3 5 5 12
 2 2 3 1 1 1 3 3 1 1 2 1 1 1 1 1 3 3 2 2 2 2 3 3 2 2 0 0 0 1 1 1 2 2 1 0 0 1 1 1 1 1 1 1 1 7
 2 2 3 1 1 1 3 3 1 1 2 1 1 1 1 1 3 3 2 2 2 2 3 3 2 2 0 0 0 1 1 1 2 2 1 0 0 1 1 1 1 1 1 1 1 7
 1 1 1 0 0 0 1 1 1 1 0 1 1 0 0 0 1 1 1 2 2 2 8 8 12 12 1 0 0 1 1 1 1 1 1 1 1 0 1 1 1 1 0 0 0 1
 1 1 0 0 0 0 0 0 0 0 0 0 0 0 0 0 0 0 1 1 1 2 7 7 12 12 11 0 0 0 0 0 0 0 0 1 1 0 1 1 0 0 0 0 0 0
