assets/RAT_results_old/precipitation/2018-08-31_IMERG.asc
ncols        46
nrows        77
xllcorner    74.800261325624
yllcorner    8.058333333333
cellsize     0.062500000000
NODATA_value -9999
 1 1 2 0 0 3 0 0 0 0 0 0 0 0 1 1 2 2 5 5 5 4 4 4 4 4 4 3 3 4 4 4 4 4 7 7 7 6 8 8 8 8 4 3 3 1
 2 2 2 7 7 3 1 1 0 0 0 1 1 3 3 3 4 4 5 5 5 4 3 3 2 2 2 3 3 4 6 6 9 9 13 14 14 14 10 10 16 16 12 15 15 10
 2 2 2 7 7 3 1 1 0 0 0 1 1 3 3 3 4 4 5 5 5 4 3 3 2 2 2 3 3 4 6 6 9 9 13 14 14 14 10 10 16 16 12 15 15 10
 11 11 3 6 6 4 2 2 0 0 1 1 1 3 3 3 5 5 6 5 5 4 2 2 3 3 3 4 4 4 5 5 7 7 18 20 20 24 23 23 21 21 19 15 15 16
 2 2 3 4 4 2 2 2 0 0 0 5 5 8 8 8 5 5 5 3 3 2 2 2 2 2 3 3 3 2 4 4 4 4 12 9 9 14 12 12 19 19 18 18 18 24
 2 2 3 4 4 2 2 2 0 0 0 5 5 8 8 8 5 5 5 3 3 2 2 2 2 2 3 3 3 2 4 4 4 4 12 9 9 14 12 12 19 19 18 18 18 24
 1 1 3 3 3 4 3 3 1 1 1 6 6 1 5 5 1 1 1 1 1 1 1 1 1 1 3 5 5 1 1 1 2 2 3 4 4 10 9 9 18 18 13 17 17 18
 1 1 3 3 3 4 3 3 1 1 1 6 6 1 5 5 1 1 1 1 1 1 1 1 1 1 3 5 5 1 1 1 2 2 3 4 4 10 9 9 18 18 13 17 17 18
 1 1 1 2 2 4 3 3 1 1 0 1 1 2 5 5 2 2 1 1 1 1 1 1 1 1 1 1 1 1 1 1 2 2 2 3 3 4 5 5 12 12 12 19 19 19
 0 0 2 4 4 3 2 2 2 2 2 0 0 1 1 1 1 1 1 1 1 1 1 1 1 1 1 1 1 1 1 1 2 2 3 4 4 4 4 4 17 17 15 51 51 51
 0 0 2 4 4 3 2 2 2 2 2 0 0 1 1 1 1 1 1 1 1 1 1 1 1 1 1 1 1 1 1 1 2 2 3 4 4 4 4 4 17 17 15 51 51 51
 0 0 3 4 4 4 3 3 4 4 5 2 2 1 3 3 3 3 0 0 0 0 1 1 1 1 1 1 1 4 4 4 3 3 4 2 2 3 7 7 4 4 18 12 12 14
 0 0 1 3 3 5 4 4 4 4 6 4 4 5 3 3 3 3 1 1 1 1 1 1 1 1 1 10 10 6 7 7 4 4 2 10 10 3 8 8 5 5 5 4 4 12
 0 0 1 3 3 5 4 4 4 4 6 4 4 5 3 3 3 3 1 1 1 1 1 1 1 1 1 10 10 6 7 7 4 4 2 10 10 3 8 8 5 5 5 4 4 12
 0 0 0 3 3 3 5 5 4 4 4 3 3 4 4 4 6 6 6 1 1 0 1 1 2 2 2 3 3 4 4 4 4 4 2 3 3 3 5 5 4 4 6 5 5 5
 0 0 0 3 3 3 5 5 4 4 4 3 3 4 4 4 6 6 6 1 1 0 1 1 2 2 2 3 3 4 4 4 4 4 2 3 3 3 5 5 4 4 6 5 5 5
 0 0 1 4 4 6 8 8 9 9 6 4 4 6 4 4 5 5 8 7 7 7 7 7 5 5 6 6 6 3 2 2 2 2 2 3 3 4 8 8 4 4 5 4 4 4
 1 1 1 2 2 4 5 5 7 7 8 5 5 6 4 4 8 8 9 8 8 8 7 7 8 8 6 5 5 5 3 3 2 2 2 3 3 3 5 5 4 4 5 5 5 4
 1 1 1 2 2 4 5 5 7 7 8 5 5 6 4 4 8 8 9 8 8 8 7 7 8 8 6 5 5 5 3 3 2 2 2 3 3 3 5 5 4 4 5 5 5 4
 1 1 1 1 1 2 4 4 5 5 4 5 5 3 4 4 1 1 6 8 8 8 10 10 7 7 5 6 6 7 3 3 2 2 2 3 3 5 4 4 5 5 5 7 7 7
 1 1 1 1 1 2 2 2 3 3 6 5 5 3 3 3 3 3 7 7 7 11 11 11 17 17 15 16 16 9 12 12 7 7 7 10 10 13 12 12 13 13 8 9 9 9
 1 1 1 1 1 2 2 2 3 3 6 5 5 3 3 3 3 3 7 7 7 11 11 11 17 17 15 16 16 9 12 12 7 7 7 10 10 13 12 12 13 13 8 9 9 9
 1 1 1 1 1 2 3 3 5 5 10 7 7 13 8 8 7 7 9 11 11 19 20 20 23 23 23 18 18 22 21 21 17 17 17 15 15 17 15 15 12 12 7 9 9 11
 1 1 1 1 1 2 3 3 5 5 10 7 7 13 8 8 7 7 9 11 11 19 20 20 23 23 23 18 18 22 21 21 17 17 17 15 15 17 15 15 12 12 7 9 9 11
 1 1 1 1 1 2 3 3 4 4 10 9 9 14 12 12 9 9 10 12 12 32 30 30 28 28 30 25 25 37 26 26 26 26 20 16 16 14 12 12 11 11 24 11 11 18
 1 1 1 1 1 1 2 2 3 3 4 7 7 9 13 13 9 9 8 12 12 18 20 20 25 25 25 29 29 32 19 19 23 23 18 22 22 18 12 12 9 9 12 19 19 14
 1 1 1 1 1 1 2 2 3 3 4 7 7 9 13 13 9 9 8 12 12 18 20 20 25 25 25 29 29 32 19 19 23 23 18 22 22 18 12 12 9 9 12 19 19 14
 1 1 0 0 0 0 1 1 1 1 2 2 2 4 7 7 7 7 7 6 6 11 13 13 18 18 20 26 26 23 18 18 16 16 16 17 17 14 14 14 11 11 19 13 13 13
 1 1 2 1 1 0 1 1 1 1 1 1 1 3 5 5 6 6 5 5 5 7 8 8 10 10 20 23 23 22 20 20 17 17 19 17 17 13 13 13 19 19 10 8 8 14
 1 1 2 1 1 0 1 1 1 1 1 1 1 3 5 5 6 6 5 5 5 7 8 8 10 10 20 23 23 22 20 20 17 17 19 17 17 13 13 13 19 19 10 8 8 14
 3 3 0 0 0 0 1 1 1 1 1 0 0 1 4 4 6 6 5 5 5 4 7 7 7 7 18 16 16 24 28 28 14 14 12 11 11 10 9 9 8 8 8 13 13 10
 3 3 0 0 0 0 1 1 1 1 1 0 0 1 4 4 6 6 5 5 5 4 7 7 7 7 18 16 16 24 28 28 14 14 12 11 11 10 9 9 8 8 8 13 13 10
 5 5 1 3 3 1 1 1 1 1 1 1 1 0 3 3 7 7 3 4 4 4 7 7 11 11 14 20 20 18 15 15 16 16 13 7 7 6 7 7 11 11 6 9 9 7
 4 4 2 0 0 4 1 1 1 1 1 1 1 6 3 3 6 6 4 3 3 2 3 3 2 2 6 4 4 9 10 10 10 10 12 4 4 3 4 4 6 6 5 3 3 2
 4 4 2 0 0 4 1 1 1 1 1 1 1 6 3 3 6 6 4 3 3 2 3 3 2 2 6 4 4 9 10 10 10 10 12 4 4 3 4 4 6 6 5 3 3 2
 0 0 1 0 0 0 1 1 1 1 1 1 1 0 1 1 5 5 4 4 4 2 2 2 2 2 1 1 1 1 0 0 1 1 5 4 4 1 2 2 3 3 3 4 4 3
 0 0 1 0 0 0 0 0 1 1 1 1 1 0 1 1 6 6 6 3 3 3 3 3 4 4 1 1 1 1 1 1 2 2 0 0 0 0 1 1 1 1 5 4 4 7
 0 0 1 0 0 0 0 0 1 1 1 1 1 0 1 1 6 6 6 3 3 3 3 3 4 4 1 1 1 1 1 1 2 2 0 0 0 0 1 1 1 1 5 4 4 7
 0 0 0 0 0 0 0 0 1 1 1 2 2 0 0 0 5 5 6 5 5 4 5 5 1 1 1 1 1 2 2 2 2 2 2 2 2 4 3 3 4 4 4 4 4 3
 0 0 0 0 0 0 0 0 1 1 1 2 2 0 0 0 5 5 6 5 5 4 5 5 1 1 1 1 1 2 2 2 2 2 2 2 2 4 3 3 4 4 4 4 4 3
 0 0 0 0 0 0 0 0 1 1 1 1 1 1 1 1 5 5 6 4 4 3 3 3 3 3 2 3 3 5 4 4 5 5 6 8 8 15 17 17 15 15 18 15 15 14
 0 0 0 1 1 0 5 5 1 1 1 1 1 2 1 1 1 1 3 8 8 10 8 8 5 5 5 6 6 7 8 8 11 11 16 26 26 26 27 27 23 23 28 29 29 24
 0 0 0 1 1 0 5 5 1 1 1 1 1 2 1 1 1 1 3 8 8 10 8 8 5 5 5 6 6 7 8 8 11 11 16 26 26 26 27 27 23 23 28 29 29 24
 1 1 0 0 0 0 0 0 2 2 2 2 2 2 2 2 2 2 6 10 10 13 14 14 10 10 16 11 11 12 14 14 20 20 25 30 30 28 29 29 36 36 33 30 30 32
 0 0 1 2 2 9 8 8 3 3 1 2 2 3 1 1 2 2 6 8 8 14 15 15 13 13 11 12 12 15 20 20 26 26 30 37 37 27 29 29 32 32 36 32 32 38
 0 0 1 2 2 9 8 8 3 3 1 2 2 3 1 1 2 2 6 8 8 14 15 15 13 13 11 12 12 15 20 20 26 26 30 37 37 27 29 29 32 32 36 32 32 38
 4 4 3 1 1 2 1 1 1 1 2 2 2 1 1 1 1 1 4 9 9 15 14 14 19 19 18 14 14 21 22 22 28 28 33 34 34 28 30 30 34 34 38 39 39 41
 4 4 3 1 1 2 1 1 1 1 2 2 2 1 1 1 1 1 4 9 9 15 14 14 19 19 18 14 14 21 22 22 28 28 33 34 34 28 30 30 34 34 38 39 39 41
 5 5 2 5 5 1 1 1 1 1 1 1 1 2 1 1 1 1 1 2 2 12 17 17 21 21 22 15 15 21 29 29 30 30 35 30 30 33 32 32 35 35 37 37 37 39
 2 2 1 2 2 2 1 1 1 1 1 2 2 1 1 1 0 0 1 4 4 15 19 19 24 24 25 17 17 17 22 22 24 24 34 37 37 24 24 24 32 32 31 29 29 29
 2 2 1 2 2 2 1 1 1 1 1 2 2 1 1 1 0 0 1 4 4 15 19 19 24 24 25 17 17 17 22 22 24 24 34 37 37 24 24 24 32 32 31 29 29 29
 1 1 1 0 0 3 1 1 3 3 1 1 1 2 1 1 1 1 1 4 4 7 17 17 15 15 12 14 14 14 20 20 22 22 27 31 31 16 20 20 22 22 25 20 20 20
 0 0 1 1 1 2 2 2 2 2 2 2 2 2 2 2 1 1 2 3 3 5 12 12 12 12 10 6 6 9 4 4 7 7 6 12 12 10 16 16 13 13 19 10 10 8
 0 0 1 1 1 2 2 2 2 2 2 2 2 2 2 2 1 1 2 3 3 5 12 12 12 12 10 6 6 9 4 4 7 7 6 12 12 10 16 16 13 13 19 10 10 8
 0 0 0 0 0 2 1 1 1 1 1 2 2 2 3 3 2 2 2 3 3 6 7 7 9 9 5 5 5 4 2 2 6 6 3 4 4 4 6 6 7 7 6 5 5 3
 0 0 0 0 0 2 1 1 1 1 1 2 2 2 3 3 2 2 2 3 3 6 7 7 9 9 5 5 5 4 2 2 6 6 3 4 4 4 6 6 7 7 6 5 5 3
 1 1 1 1 1 1 1 1 1 1 1 1 1 2 3 3 3 3 3 3 3 4 7 7 10 10 6 7 7 13 4 4 8 8 5 5 5 5 8 8 11 11 9 7 7 6
 1 1 1 1 1 1 2 2 1 1 1 1 1 2 2 2 3 3 3 2 2 3 4 4 10 10 8 8 8 10 8 8 7 7 6 9 9 13 13 13 13 13 14 9 9 8
 1 1 1 1 1 1 2 2 1 1 1 1 1 2 2 2 3 3 3 2 2 3 4 4 10 10 8 8 8 10 8 8 7 7 6 9 9 13 13 13 13 13 14 9 9 8
 1 1 1 1 1 1 1 1 2 2 2 2 2 2 2 2 2 2 3 3 3 2 6 6 9 9 5 14 14 9 5 5 8 8 5 5 5 6 9 9 12 12 9 13 13 11
 1 1 2 1 1 1 1 1 1 1 4 3 3 3 2 2 2 2 1 2 2 1 1 1 6 6 6 3 3 3 3 3 4 4 4 5 5 3 4 4 8 8 3 2 2 5
 1 1 2 1 1 1 1 1 1 1 4 3 3 3 2 2 2 2 1 2 2 1 1 1 6 6 6 3 3 3 3 3 4 4 4 5 5 3 4 4 8 8 3 2 2 5
 0 0 1 1 1 1 1 1 2 2 6 4 4 2 2 2 6 6 1 1 1 1 1 1 2 2 2 3 3 4 3 3 2 2 3 2 2 2 2 2 5 5 2 1 1 2
 0 0 1 1 1 1 1 1 2 2 6 4 4 2 2 2 6 6 1 1 1 1 1 1 2 2 2 3 3 4 3 3 2 2 3 2 2 2 2 2 5 5 2 1 1 2
 1 1 2 1 1 2 3 3 3 3 4 3 3 2 2 2 2 2 2 1 1 1 1 1 1 1 2 2 2 2 2 2 2 2 2 2 2 1 1 1 1 1 1 1 1 1
 1 1 0 1 1 2 4 4 4 4 2 2 2 2 1 1 1 1 1 0 0 0 0 0 0 0 1 2 2 1 1 1 2 2 2 1 1 1 1 1 1 1 1 1 1 1
 1 1 0 1 1 2 4 4 4 4 2 2 2 2 1 1 1 1 1 0 0 0 0 0 0 0 1 2 2 1 1 1 2 2 2 1 1 1 1 1 1 1 1 1 1 1
 3 3 0 1 1 2 4 4 5 5 2 1 1 3 1 1 1 1 1 0 0 1 0 0 4 4 1 2 2 1 1 1 1 1 1 1 1 1 4 4 4 4 2 2 2 3
 3 3 0 2 2 2 2 2 3 3 1 1 1 2 7 7 1 1 1 3 3 0 0 0 0 0 0 1 1 1 1 1 1 1 2 1 1 3 3 3 2 2 1 2 2 1
 3 3 0 2 2 2 2 2 3 3 1 1 1 2 7 7 1 1 1 3 3 0 0 0 0 0 0 1 1 1 1 1 1 1 2 1 1 3 3 3 2 2 1 2 2 1
 0 0 1 0 0 1 1 1 1 1 1 2 2 7 5 5 1 1 1 3 3 0 0 0 0 0 0 0 0 1 1 1 1 1 1 2 2 2 1 1 1 1 2 3 3 2
 0 0 1 0 0 1 1 1 1 1 1 2 2 7 5 5 1 1 1 3 3 0 0 0 0 0 0 0 0 1 1 1 1 1 1 2 2 2 1 1 1 1 2 3 3 2
 0 0 0 0 0 1 1 1 1 1 1 3 3 3 4 4 3 3 1 1 1 0 0 0 0 0 0 0 0 0 1 1 1 1 2 2 2 2 2 2 3 3 3 2 2 1
 0 0 0 0 0 4 3 3 1 1 1 1 1 1 4 4 2 2 2 1 1 0 0 0 0 0 0 1 1 2 3 3 4 4 4 3 3 4 4 4 2 2 2 1 1 1
 0 0 0 0 0 4 3 3 1 1 1 1 1 1 4 4 2 2 2 1 1 0 0 0 0 0 0 1 1 2 3 3 4 4 4 3 3 4 4 4 2 2 2 1 1 1
 1 1 1 9 9 2 1 1 1 1 1 1 1 4 2 2 2 2 1 2 2 2 1 1 1 1 1 2 2 4 4 4 4 4 3 2 2 1 1 1 1 1 1 0 0 0
 1 1 1 1 1 2 2 2 1 1 1 1 1 1 2 2 1 1 1 2 2 3 2 2 2 2 4 2 2 2 2 2 2 2 1 1 1 0 0 0 0 0 0 0 0 0
