assets/RAT_results_old/precipitation/2018-06-02_IMERG.asc
ncols        46
nrows        77
xllcorner    74.800261325624
yllcorner    8.058333333333
cellsize     0.062500000000
NODATA_value -9999
 2 2 2 1 1 1 4 4 3 3 1 1 1 1 1 1 1 1 1 2 2 3 6 6 6 6 3 5 5 4 4 4 4 4 4 2 2 6 2 2 1 1 1 1 1 10
 3 3 5 2 2 2 5 5 4 4 5 10 10 10 2 2 1 1 1 2 2 4 2 2 2 2 3 3 3 7 7 7 7 7 1 1 1 1 1 1 1 1 1 2 2 4
 3 3 5 2 2 2 5 5 4 4 5 10 10 10 2 2 1 1 1 2 2 4 2 2 2 2 3 3 3 7 7 7 7 7 1 1 1 1 1 1 1 1 1 2 2 4
 2 2 3 5 5 7 8 8 4 4 6 6 6 9 3 3 2 2 2 3 3 3 2 2 2 2 1 9 9 7 6 6 6 6 1 1 1 1 1 1 1 1 1 1 1 2
 0 0 2 6 6 7 7 7 2 2 1 2 2 3 4 4 4 4 2 4 4 2 2 2 1 1 1 9 9 11 9 9 8 8 4 4 4 1 2 2 1 1 2 2 2 2
 0 0 2 6 6 7 7 7 2 2 1 2 2 3 4 4 4 4 2 4 4 2 2 2 1 1 1 9 9 11 9 9 8 8 4 4 4 1 2 2 1 1 2 2 2 2
 0 0 0 1 1 2 2 2 1 1 4 1 1 1 6 6 6 6 5 2 2 2 2 2 1 1 1 7 7 18 12 12 8 8 7 7 7 7 1 1 1 1 1 1 1 1
 0 0 0 1 1 2 2 2 1 1 4 1 1 1 6 6 6 6 5 2 2 2 2 2 1 1 1 7 7 18 12 12 8 8 7 7 7 7 1 1 1 1 1 1 1 1
 0 0 0 1 1 1 1 1 1 1 1 1 1 3 4 4 4 4 3 3 3 3 3 3 3 3 2 2 2 11 10 10 12 12 7 7 7 5 2 2 0 0 1 0 0 0
 1 1 1 3 3 5 4 4 3 3 3 3 3 4 4 4 7 7 4 4 4 4 6 6 5 5 4 4 4 6 8 8 5 5 7 3 3 1 1 1 0 0 1 0 0 0
 1 1 1 3 3 5 4 4 3 3 3 3 3 4 4 4 7 7 4 4 4 4 6 6 5 5 4 4 4 6 8 8 5 5 7 3 3 1 1 1 0 0 1 0 0 0
 3 3 6 5 5 10 8 8 5 5 4 5 5 9 7 7 8 8 7 5 5 9 7 7 10 10 5 5 5 9 11 11 5 5 3 2 2 1 1 1 0 0 1 4 4 0
 3 3 5 3 3 5 5 5 5 5 6 6 6 8 7 7 11 11 7 6 6 5 15 15 15 15 13 9 9 14 11 11 3 3 3 1 1 1 1 1 14 14 0 0 0 1
 3 3 5 3 3 5 5 5 5 5 6 6 6 8 7 7 11 11 7 6 6 5 15 15 15 15 13 9 9 14 11 11 3 3 3 1 1 1 1 1 14 14 0 0 0 1
 5 5 5 6 6 2 5 5 4 4 5 7 7 6 7 7 9 9 6 5 5 9 14 14 18 18 16 12 12 8 11 11 2 2 2 2 2 5 2 2 2 2 1 0 0 1
 5 5 5 6 6 2 5 5 4 4 5 7 7 6 7 7 9 9 6 5 5 9 14 14 18 18 16 12 12 8 11 11 2 2 2 2 2 5 2 2 2 2 1 0 0 1
 3 3 3 3 3 3 3 3 4 4 6 5 5 4 7 7 11 11 11 7 7 18 10 10 16 16 11 7 7 7 3 3 3 3 3 3 3 4 2 2 2 2 1 2 2 4
 3 3 2 4 4 2 1 1 2 2 6 3 3 8 8 8 14 14 24 5 5 5 9 9 6 6 3 2 2 2 0 0 4 4 3 4 4 4 3 3 1 1 1 2 2 3
 3 3 2 4 4 2 1 1 2 2 6 3 3 8 8 8 14 14 24 5 5 5 9 9 6 6 3 2 2 2 0 0 4 4 3 4 4 4 3 3 1 1 1 2 2 3
 2 2 1 1 1 1 1 1 1 1 3 2 2 2 4 4 10 10 6 2 2 5 3 3 1 1 0 0 0 0 2 2 3 3 4 3 3 4 3 3 1 1 1 2 2 5
 1 1 0 0 0 0 0 0 1 1 2 3 3 0 0 0 0 0 2 2 2 3 1 1 1 1 1 0 0 0 3 3 4 4 5 5 5 4 2 2 2 2 1 2 2 2
 1 1 0 0 0 0 0 0 1 1 2 3 3 0 0 0 0 0 2 2 2 3 1 1 1 1 1 0 0 0 3 3 4 4 5 5 5 4 2 2 2 2 1 2 2 2
 0 0 0 0 0 0 0 0 2 2 6 0 0 5 2 2 1 1 1 1 1 3 3 3 3 3 2 1 1 1 2 2 3 3 12 4 4 3 2 2 2 2 2 1 1 3
 0 0 0 0 0 0 0 0 2 2 6 0 0 5 2 2 1 1 1 1 1 3 3 3 3 3 2 1 1 1 2 2 3 3 12 4 4 3 2 2 2 2 2 1 1 3
 1 1 0 1 1 1 0 0 1 1 5 1 1 55 7 7 1 1 1 1 1 2 2 2 11 11 8 1 1 2 2 2 2 2 2 2 2 3 2 2 2 2 1 3 3 3
 1 1 0 1 1 1 0 0 1 1 2 7 7 2 29 29 1 1 1 1 1 2 3 3 16 16 11 8 8 1 1 1 1 1 2 2 2 6 3 3 3 3 2 2 2 1
 1 1 0 1 1 1 0 0 1 1 2 7 7 2 29 29 1 1 1 1 1 2 3 3 16 16 11 8 8 1 1 1 1 1 2 2 2 6 3 3 3 3 2 2 2 1
 1 1 0 0 0 1 3 3 3 3 3 1 1 3 8 8 5 5 2 1 1 1 2 2 2 2 7 6 6 1 1 1 0 0 1 2 2 2 2 2 2 2 1 1 1 0
 2 2 2 1 1 3 3 3 2 2 3 3 3 8 7 7 56 56 3 2 2 2 2 2 2 2 3 2 2 1 1 1 0 0 0 0 0 0 0 0 0 0 0 1 1 0
 2 2 2 1 1 3 3 3 2 2 3 3 3 8 7 7 56 56 3 2 2 2 2 2 2 2 3 2 2 1 1 1 0 0 0 0 0 0 0 0 0 0 0 1 1 0
 8 8 2 1 1 1 2 2 5 5 3 4 4 7 11 11 13 13 3 3 3 2 2 2 2 2 2 1 1 1 0 0 0 0 0 0 0 0 0 0 0 0 0 0 0 0
 8 8 2 1 1 1 2 2 5 5 3 4 4 7 11 11 13 13 3 3 3 2 2 2 2 2 2 1 1 1 0 0 0 0 0 0 0 0 0 0 0 0 0 0 0 0
 8 8 3 3 3 4 2 2 1 1 3 7 7 5 29 29 13 13 4 11 11 1 1 1 1 1 1 0 0 0 0 0 0 0 0 0 0 0 0 0 0 0 0 0 0 0
 8 8 12 5 5 4 1 1 10 10 12 29 29 28 23 23 89 89 6 74 74 8 1 1 0 0 0 0 0 0 0 0 0 0 0 0 0 0 0 0 0 0 0 0 0 0
 8 8 12 5 5 4 1 1 10 10 12 29 29 28 23 23 89 89 6 74 74 8 1 1 0 0 0 0 0 0 0 0 0 0 0 0 0 0 0 0 0 0 0 0 0 0
 5 5 4 5 5 3 2 2 4 4 30 29 29 96 18 18 27 27 52 29 29 2 1 1 0 0 0 0 0 0 0 0 0 0 0 0 0 0 0 0 0 0 0 0 0 1
 6 6 3 4 4 5 4 4 8 8 6 23 23 26 46 46 22 22 11 16 16 1 0 0 0 0 0 0 0 0 0 0 0 0 0 0 0 1 1 1 3 3 2 4 4 2
 6 6 3 4 4 5 4 4 8 8 6 23 23 26 46 46 22 22 11 16 16 1 0 0 0 0 0 0 0 0 0 0 0 0 0 0 0 1 1 1 3 3 2 4 4 2
 8 8 7 7 7 6 8 8 12 12 8 23 23 10 22 22 9 9 11 7 7 11 1 1 1 1 1 3 3 0 0 0 0 0 0 1 1 2 2 2 2 2 2 5 5 3
 8 8 7 7 7 6 8 8 12 12 8 23 23 10 22 22 9 9 11 7 7 11 1 1 1 1 1 3 3 0 0 0 0 0 0 1 1 2 2 2 2 2 2 5 5 3
 12 12 11 10 10 9 13 13 18 18 18 48 48 9 11 11 9 9 7 5 5 3 10 10 2 2 2 4 4 3 1 1 1 1 1 1 1 4 3 3 2 2 3 3 3 2
 11 11 12 10 10 11 19 19 19 19 24 29 29 14 9 9 8 8 4 4 4 4 11 11 3 3 2 5 5 4 3 3 1 1 2 2 2 4 6 6 5 5 3 1 1 1
 11 11 12 10 10 11 19 19 19 19 24 29 29 14 9 9 8 8 4 4 4 4 11 11 3 3 2 5 5 4 3 3 1 1 2 2 2 4 6 6 5 5 3 1 1 1
 16 16 14 13 13 15 15 15 17 17 23 19 19 18 13 13 9 9 5 16 16 14 5 5 6 6 4 3 3 3 2 2 2 2 2 2 2 13 5 5 2 2 1 0 0 1
 13 13 15 17 17 10 12 12 20 20 27 23 23 18 19 19 19 19 13 20 20 30 6 6 9 9 4 4 4 5 6 6 17 17 3 1 1 1 0 0 1 1 0 0 0 0
 13 13 15 17 17 10 12 12 20 20 27 23 23 18 19 19 19 19 13 20 20 30 6 6 9 9 4 4 4 5 6 6 17 17 3 1 1 1 0 0 1 1 0 0 0 0
 13 13 14 12 12 10 13 13 19 19 25 24 24 23 22 22 21 21 33 25 25 24 13 13 15 15 5 4 4 11 7 7 6 6 3 1 1 0 0 0 0 0 0 0 0 0
 13 13 14 12 12 10 13 13 19 19 25 24 24 23 22 22 21 21 33 25 25 24 13 13 15 15 5 4 4 11 7 7 6 6 3 1 1 0 0 0 0 0 0 0 0 0
 10 10 11 11 11 11 15 15 16 16 19 22 22 21 19 19 30 30 44 39 39 31 19 19 28 28 13 7 7 13 8 8 7 7 1 1 1 0 0 0 0 0 0 0 0 0
 8 8 10 10 10 7 13 13 15 15 16 22 22 21 23 23 42 42 34 32 32 40 36 36 26 26 9 13 13 13 10 10 8 8 4 1 1 0 0 0 0 0 0 0 0 0
 8 8 10 10 10 7 13 13 15 15 16 22 22 21 23 23 42 42 34 32 32 40 36 36 26 26 9 13 13 13 10 10 8 8 4 1 1 0 0 0 0 0 0 0 0 0
 8 8 12 11 11 10 15 15 14 14 15 20 20 24 43 43 42 42 48 60 60 62 47 47 42 42 21 12 12 16 11 11 11 11 1 1 1 1 0 0 1 1 2 0 0 0
 6 6 6 7 7 7 25 25 13 13 14 18 18 17 28 28 26 26 56 56 56 56 49 49 51 51 23 15 15 15 12 12 12 12 9 6 6 0 0 0 0 0 0 0 0 0
 6 6 6 7 7 7 25 25 13 13 14 18 18 17 28 28 26 26 56 56 56 56 49 49 51 51 23 15 15 15 12 12 12 12 9 6 6 0 0 0 0 0 0 0 0 0
 13 13 10 14 14 8 15 15 15 15 24 23 23 15 23 23 29 29 49 62 62 60 38 38 40 40 50 16 16 14 17 17 13 13 10 6 6 6 2 2 0 0 0 0 0 0
 13 13 10 14 14 8 15 15 15 15 24 23 23 15 23 23 29 29 49 62 62 60 38 38 40 40 50 16 16 14 17 17 13 13 10 6 6 6 2 2 0 0 0 0 0 0
 8 8 10 14 14 14 16 16 16 16 17 17 17 15 21 21 35 35 40 54 54 43 41 41 43 43 45 23 23 24 27 27 17 17 15 7 7 7 3 3 2 2 0 0 0 1
 12 12 26 18 18 22 24 24 22 22 18 15 15 17 22 22 27 27 47 50 50 44 47 47 40 40 42 44 44 24 27 27 10 10 13 6 6 5 2 2 2 2 0 0 0 1
 12 12 26 18 18 22 24 24 22 22 18 15 15 17 22 22 27 27 47 50 50 44 47 47 40 40 42 44 44 24 27 27 10 10 13 6 6 5 2 2 2 2 0 0 0 1
 10 10 12 21 21 29 31 31 25 25 26 23 23 25 21 21 23 23 22 25 25 37 37 37 44 44 48 79 79 46 18 18 12 12 14 7 7 5 0 0 0 0 0 0 0 1
 11 11 13 24 24 27 25 25 29 29 45 38 38 32 31 31 46 46 39 70 70 40 34 34 38 38 28 36 36 38 21 21 8 8 8 7 7 3 1 1 0 0 0 0 0 0
 11 11 13 24 24 27 25 25 29 29 45 38 38 32 31 31 46 46 39 70 70 40 34 34 38 38 28 36 36 38 21 21 8 8 8 7 7 3 1 1 0 0 0 0 0 0
 10 10 12 13 13 18 34 34 28 28 30 34 34 50 35 35 48 48 59 61 61 74 46 46 49 49 26 31 31 30 17 17 9 9 3 1 1 0 0 0 0 0 0 0 0 0
 10 10 12 13 13 18 34 34 28 28 30 34 34 50 35 35 48 48 59 61 61 74 46 46 49 49 26 31 31 30 17 17 9 9 3 1 1 0 0 0 0 0 0 0 0 0
 13 13 12 56 56 32 29 29 43 43 42 46 46 38 49 49 47 47 64 69 69 122 101 101 45 45 28 22 22 17 14 14 4 4 2 1 1 0 0 0 0 0 0 0 0 0
 8 8 11 22 22 40 40 40 44 44 69 47 47 58 57 57 85 85 50 71 71 116 94 94 99 99 91 38 38 39 8 8 2 2 1 1 1 2 2 2 0 0 0 0 0 0
 8 8 11 22 22 40 40 40 44 44 69 47 47 58 57 57 85 85 50 71 71 116 94 94 99 99 91 38 38 39 8 8 2 2 1 1 1 2 2 2 0 0 0 0 0 0
 11 11 15 20 20 40 53 53 69 69 64 80 80 92 124 124 90 90 66 78 78 65 46 46 90 90 84 44 44 32 12 12 5 5 6 6 6 3 2 2 1 1 0 0 0 0
 12 12 15 22 22 39 39 39 52 52 64 105 105 140 175 175 158 158 104 98 98 69 37 37 40 40 37 18 18 20 12 12 17 17 10 3 3 3 3 3 1 1 2 1 1 0
 12 12 15 22 22 39 39 39 52 52 64 105 105 140 175 175 158 158 104 98 98 69 37 37 40 40 37 18 18 20 12 12 17 17 10 3 3 3 3 3 1 1 2 1 1 0
 15 15 20 26 26 65 47 47 57 57 52 85 85 159 169 169 153 153 76 71 71 83 37 37 38 38 20 20 20 12 12 12 14 14 15 11 11 6 0 0 1 1 2 4 4 1
 15 15 20 26 26 65 47 47 57 57 52 85 85 159 169 169 153 153 76 71 71 83 37 37 38 38 20 20 20 12 12 12 14 14 15 11 11 6 0 0 1 1 2 4 4 1
 15 15 19 23 23 42 50 50 51 51 54 68 68 88 77 77 138 138 68 96 96 80 44 44 43 43 24 34 34 21 12 12 12 12 31 10 10 7 2 2 1 1 1 1 1 1
 19 19 24 28 28 35 57 57 52 52 67 63 63 73 131 131 84 84 87 59 59 73 50 50 35 35 17 15 15 14 14 14 11 11 19 15 15 15 2 2 1 1 1 1 1 1
 19 19 24 28 28 35 57 57 52 52 67 63 63 73 131 131 84 84 87 59 59 73 50 50 35 35 17 15 15 14 14 14 11 11 19 15 15 15 2 2 1 1 1 1 1 1
 19 19 20 27 27 50 37 37 35 35 41 61 61 58 70 70 95 95 82 49 49 30 20 20 22 22 27 20 20 10 18 18 23 23 25 5 5 2 2 2 2 2 2 1 1 1
 24 24 26 26 26 28 32 32 36 36 45 50 50 68 69 69 75 75 42 44 44 23 19 19 23 23 23 16 16 13 12 12 12 12 20 5 5 2 1 1 1 1 2 1 1 0
