assets/RAT_results_old/precipitation/2018-05-04_IMERG.asc
ncols        46
nrows        77
xllcorner    74.800261325624
yllcorner    8.058333333333
cellsize     0.062500000000
NODATA_value -9999
 0 0 0 0 0 0 0 0 0 0 0 0 0 0 0 0 0 0 0 0 0 0 0 0 0 0 0 0 0 0 0 0 0 0 0 0 0 0 0 0 0 0 0 0 0 0
 0 0 0 0 0 0 0 0 0 0 0 0 0 0 0 0 0 0 0 0 0 0 0 0 0 0 0 0 0 0 0 0 0 0 0 0 0 0 0 0 0 0 0 0 0 0
 0 0 0 0 0 0 0 0 0 0 0 0 0 0 0 0 0 0 0 0 0 0 0 0 0 0 0 0 0 0 0 0 0 0 0 0 0 0 0 0 0 0 0 0 0 0
 0 0 0 0 0 0 0 0 0 0 0 0 0 0 0 0 0 0 0 0 0 0 0 0 0 0 0 0 0 0 0 0 0 0 0 0 0 0 0 0 0 0 0 0 0 0
 0 0 0 0 0 0 0 0 0 0 0 0 0 0 0 0 0 0 0 0 0 0 0 0 0 0 0 0 0 0 0 0 0 0 0 0 0 0 0 0 0 0 0 0 0 0
 0 0 0 0 0 0 0 0 0 0 0 0 0 0 0 0 0 0 0 0 0 0 0 0 0 0 0 0 0 0 0 0 0 0 0 0 0 0 0 0 0 0 0 0 0 0
 0 0 0 0 0 0 0 0 0 0 0 0 0 0 0 0 0 0 0 0 0 0 0 0 0 0 0 0 0 0 0 0 0 0 0 0 0 0 0 0 0 0 0 0 0 0
 0 0 0 0 0 0 0 0 0 0 0 0 0 0 0 0 0 0 0 0 0 0 0 0 0 0 0 0 0 0 0 0 0 0 0 0 0 0 0 0 0 0 0 0 0 0
 0 0 0 0 0 0 0 0 0 0 0 0 0 0 0 0 0 0 0 0 0 0 0 0 0 0 0 0 0 0 0 0 0 0 0 0 0 0 0 0 0 0 0 0 0 0
 0 0 0 1 1 1 0 0 0 0 0 0 0 1 0 0 0 0 0 0 0 0 0 0 0 0 0 0 0 0 0 0 0 0 0 0 0 0 0 0 0 0 0 0 0 0
 0 0 0 1 1 1 0 0 0 0 0 0 0 1 0 0 0 0 0 0 0 0 0 0 0 0 0 0 0 0 0 0 0 0 0 0 0 0 0 0 0 0 0 0 0 0
 1 1 1 1 1 1 0 0 0 0 0 0 0 0 0 0 1 1 0 0 0 0 0 0 0 0 0 0 0 0 0 0 0 0 0 0 0 0 0 0 0 0 0 0 0 0
 2 2 1 1 1 0 1 1 1 1 0 0 0 0 0 0 1 1 1 0 0 0 0 0 0 0 0 0 0 0 0 0 0 0 0 0 0 0 0 0 0 0 0 0 0 0
 2 2 1 1 1 0 1 1 1 1 0 0 0 0 0 0 1 1 1 0 0 0 0 0 0 0 0 0 0 0 0 0 0 0 0 0 0 0 0 0 0 0 0 0 0 0
 2 2 2 2 2 0 1 1 1 1 1 1 1 1 1 1 1 1 1 1 1 0 1 1 0 0 0 0 0 0 0 0 0 0 0 0 0 0 0 0 0 0 0 0 0 0
 2 2 2 2 2 0 1 1 1 1 1 1 1 1 1 1 1 1 1 1 1 0 1 1 0 0 0 0 0 0 0 0 0 0 0 0 0 0 0 0 0 0 0 0 0 0
 2 2 2 3 3 1 1 1 2 2 2 1 1 1 2 2 2 2 2 2 2 1 1 1 1 1 0 0 0 1 0 0 0 0 0 0 0 0 0 0 0 0 0 0 0 0
 2 2 2 2 2 0 1 1 1 1 1 1 1 2 2 2 2 2 3 2 2 2 1 1 1 1 1 0 0 0 0 0 0 0 0 0 0 0 0 0 0 0 0 0 0 0
 2 2 2 2 2 0 1 1 1 1 1 1 1 2 2 2 2 2 3 2 2 2 1 1 1 1 1 0 0 0 0 0 0 0 0 0 0 0 0 0 0 0 0 0 0 0
 2 2 2 0 0 0 1 1 1 1 1 2 2 2 3 3 3 3 3 2 2 2 1 1 1 1 1 0 0 1 1 1 1 1 1 0 0 0 0 0 0 0 0 0 0 0
 2 2 2 0 0 0 0 0 1 1 1 2 2 2 2 2 3 3 3 3 3 2 2 2 1 1 1 1 1 1 1 1 1 1 1 1 1 0 0 0 0 0 0 0 0 0
 2 2 2 0 0 0 0 0 1 1 1 2 2 2 2 2 3 3 3 3 3 2 2 2 1 1 1 1 1 1 1 1 1 1 1 1 1 0 0 0 0 0 0 0 0 0
 2 2 2 1 1 1 0 0 1 1 1 2 2 2 2 2 2 2 2 3 3 3 2 2 1 1 1 1 1 1 1 1 1 1 1 1 1 1 0 0 0 0 0 0 0 0
 2 2 2 1 1 1 0 0 1 1 1 2 2 2 2 2 2 2 2 3 3 3 2 2 1 1 1 1 1 1 1 1 1 1 1 1 1 1 0 0 0 0 0 0 0 0
 2 2 2 1 1 1 0 0 0 0 1 1 1 2 2 2 2 2 3 4 4 4 3 3 2 2 2 2 2 2 2 2 2 2 1 1 1 1 0 0 0 0 0 0 0 0
 2 2 1 2 2 2 1 1 1 1 1 1 1 1 1 1 3 3 4 4 4 5 4 4 2 2 2 2 2 3 3 3 2 2 1 1 1 0 0 0 0 0 0 0 0 0
 2 2 1 2 2 2 1 1 1 1 1 1 1 1 1 1 3 3 4 4 4 5 4 4 2 2 2 2 2 3 3 3 2 2 1 1 1 0 0 0 0 0 0 0 0 0
 2 2 1 2 2 2 2 2 2 2 1 1 1 1 2 2 4 4 5 6 6 5 5 5 4 4 2 2 2 3 2 2 3 3 2 1 1 0 0 0 0 0 0 0 0 0
 2 2 2 2 2 2 2 2 2 2 2 3 3 2 3 3 3 3 4 5 5 6 6 6 5 5 4 2 2 2 2 2 4 4 1 1 1 0 0 0 0 0 0 0 0 0
 2 2 2 2 2 2 2 2 2 2 2 3 3 2 3 3 3 3 4 5 5 6 6 6 5 5 4 2 2 2 2 2 4 4 1 1 1 0 0 0 0 0 0 0 0 0
 2 2 2 2 2 3 3 3 3 3 3 3 3 3 3 3 3 3 4 5 5 5 5 5 4 4 3 3 3 2 3 3 2 2 2 2 2 0 0 0 0 0 0 0 0 0
 2 2 2 2 2 3 3 3 3 3 3 3 3 3 3 3 3 3 4 5 5 5 5 5 4 4 3 3 3 2 3 3 2 2 2 2 2 0 0 0 0 0 0 0 0 0
 1 1 2 2 2 3 3 3 4 4 3 5 5 4 3 3 3 3 4 4 4 6 6 6 4 4 3 3 3 2 2 2 2 2 2 1 1 1 0 0 0 0 0 0 0 0
 1 1 2 2 2 3 3 3 4 4 5 5 5 4 4 4 4 4 4 5 5 7 6 6 4 4 3 3 3 1 2 2 2 2 1 1 1 1 0 0 0 0 0 0 0 0
 1 1 2 2 2 3 3 3 4 4 5 5 5 4 4 4 4 4 4 5 5 7 6 6 4 4 3 3 3 1 2 2 2 2 1 1 1 1 0 0 0 0 0 0 0 0
 2 2 2 3 3 4 6 6 6 6 5 5 5 4 5 5 5 5 4 4 4 5 6 6 5 5 3 2 2 2 2 2 2 2 1 1 1 1 1 1 1 1 0 0 0 0
 3 3 2 3 3 3 7 7 6 6 6 5 5 5 5 5 5 5 7 6 6 6 7 7 7 7 5 3 3 2 2 2 2 2 1 2 2 1 1 1 3 3 1 0 0 0
 3 3 2 3 3 3 7 7 6 6 6 5 5 5 5 5 5 5 7 6 6 6 7 7 7 7 5 3 3 2 2 2 2 2 1 2 2 1 1 1 3 3 1 0 0 0
 2 2 2 4 4 3 7 7 7 7 9 4 4 4 5 5 6 6 7 7 7 6 7 7 7 7 7 4 4 3 2 2 2 2 2 4 4 2 1 1 1 1 1 1 1 0
 2 2 2 4 4 3 7 7 7 7 9 4 4 4 5 5 6 6 7 7 7 6 7 7 7 7 7 4 4 3 2 2 2 2 2 4 4 2 1 1 1 1 1 1 1 0
 2 2 2 3 3 5 10 10 10 10 9 8 8 4 5 5 6 6 6 6 6 6 7 7 8 8 8 5 5 3 4 4 5 5 6 4 4 2 1 1 1 1 3 2 2 1
 1 1 3 3 3 4 12 12 16 16 11 11 11 10 11 11 10 10 6 6 6 6 9 9 9 9 10 7 7 7 5 5 7 7 4 3 3 1 1 1 1 1 2 2 2 1
 1 1 3 3 3 4 12 12 16 16 11 11 11 10 11 11 10 10 6 6 6 6 9 9 9 9 10 7 7 7 5 5 7 7 4 3 3 1 1 1 1 1 2 2 2 1
 1 1 2 3 3 11 11 11 18 18 16 14 14 14 11 11 9 9 7 6 6 6 8 8 9 9 7 5 5 10 8 8 17 17 9 1 1 1 1 1 0 0 1 1 1 1
 1 1 2 2 2 6 7 7 9 9 13 15 15 15 12 12 9 9 7 6 6 4 5 5 6 6 6 6 6 12 12 12 14 14 4 1 1 1 1 1 0 0 2 1 1 1
 1 1 2 2 2 6 7 7 9 9 13 15 15 15 12 12 9 9 7 6 6 4 5 5 6 6 6 6 6 12 12 12 14 14 4 1 1 1 1 1 0 0 2 1 1 1
 0 0 1 1 1 5 6 6 8 8 6 6 6 6 6 6 4 4 4 3 3 4 3 3 5 5 5 4 4 12 6 6 16 16 13 1 1 1 0 0 0 0 2 6 6 1
 0 0 1 1 1 5 6 6 8 8 6 6 6 6 6 6 4 4 4 3 3 4 3 3 5 5 5 4 4 12 6 6 16 16 13 1 1 1 0 0 0 0 2 6 6 1
 1 1 1 1 1 4 5 5 5 5 4 3 3 5 4 4 3 3 3 2 2 4 3 3 5 5 5 4 4 10 8 8 4 4 1 1 1 1 0 0 0 0 1 2 2 5
 0 0 1 2 2 2 3 3 3 3 3 2 2 1 1 1 2 2 2 2 2 3 10 10 4 4 5 6 6 7 7 7 4 4 1 1 1 0 0 0 0 0 0 1 1 5
 0 0 1 2 2 2 3 3 3 3 3 2 2 1 1 1 2 2 2 2 2 3 10 10 4 4 5 6 6 7 7 7 4 4 1 1 1 0 0 0 0 0 0 1 1 5
 1 1 1 1 1 1 2 2 2 2 1 1 1 1 1 1 1 1 1 1 1 2 3 3 4 4 4 8 8 7 5 5 5 5 1 0 0 0 0 0 1 1 1 2 2 5
 1 1 1 2 2 2 1 1 1 1 1 1 1 0 1 1 0 0 0 0 0 1 2 2 4 4 5 6 6 6 9 9 6 6 2 1 1 1 1 1 1 1 2 2 2 2
 1 1 1 2 2 2 1 1 1 1 1 1 1 0 1 1 0 0 0 0 0 1 2 2 4 4 5 6 6 6 9 9 6 6 2 1 1 1 1 1 1 1 2 2 2 2
 1 1 1 3 3 3 2 2 1 1 1 1 1 1 0 0 0 0 0 0 0 1 1 1 3 3 9 6 6 5 10 10 10 10 4 1 1 1 1 1 1 1 2 3 3 5
 1 1 1 3 3 3 2 2 1 1 1 1 1 1 0 0 0 0 0 0 0 1 1 1 3 3 9 6 6 5 10 10 10 10 4 1 1 1 1 1 1 1 2 3 3 5
 3 3 4 4 4 5 4 4 4 4 2 1 1 1 1 1 0 0 0 0 0 1 1 1 2 2 8 7 7 14 11 11 5 5 8 7 7 2 1 1 1 1 3 4 4 14
 5 5 4 5 5 7 7 7 5 5 5 2 2 1 1 1 0 0 0 0 0 2 1 1 3 3 8 12 12 5 5 5 2 2 6 7 7 3 2 2 2 2 2 4 4 4
 5 5 4 5 5 7 7 7 5 5 5 2 2 1 1 1 0 0 0 0 0 2 1 1 3 3 8 12 12 5 5 5 2 2 6 7 7 3 2 2 2 2 2 4 4 4
 8 8 9 9 9 10 9 9 7 7 6 4 4 3 2 2 1 1 0 0 0 2 3 3 4 4 10 14 14 5 2 2 1 1 1 9 9 7 7 7 7 7 3 3 3 2
 12 12 11 10 10 11 10 10 9 9 7 5 5 4 3 3 2 2 1 0 0 4 4 4 1 1 6 6 6 6 2 2 7 7 4 4 4 8 10 10 11 11 7 1 1 1
 12 12 11 10 10 11 10 10 9 9 7 5 5 4 3 3 2 2 1 0 0 4 4 4 1 1 6 6 6 6 2 2 7 7 4 4 4 8 10 10 11 11 7 1 1 1
 12 12 14 10 10 12 17 17 10 10 7 6 6 5 3 3 2 2 2 1 1 0 1 1 1 1 1 3 3 2 9 9 9 9 9 4 4 8 13 13 6 6 1 1 1 1
 12 12 14 10 10 12 17 17 10 10 7 6 6 5 3 3 2 2 2 1 1 0 1 1 1 1 1 3 3 2 9 9 9 9 9 4 4 8 13 13 6 6 1 1 1 1
 6 6 8 7 7 11 8 8 9 9 8 6 6 13 12 12 4 4 2 1 1 1 1 1 1 1 3 3 3 6 1 1 7 7 1 2 2 4 2 2 2 2 0 0 0 0
 2 2 4 2 2 6 4 4 7 7 8 6 6 14 13 13 11 11 10 10 10 8 8 8 8 8 9 3 3 6 1 1 1 1 1 1 1 4 1 1 2 2 1 5 5 5
 2 2 4 2 2 6 4 4 7 7 8 6 6 14 13 13 11 11 10 10 10 8 8 8 8 8 9 3 3 6 1 1 1 1 1 1 1 4 1 1 2 2 1 5 5 5
 1 1 1 2 2 2 4 4 6 6 18 15 15 23 14 14 14 14 14 10 10 14 8 8 8 8 9 10 10 9 5 5 4 4 1 1 1 0 10 10 5 5 3 4 4 9
 1 1 1 2 2 2 2 2 7 7 19 32 32 26 15 15 15 15 14 14 14 15 15 15 14 14 14 14 14 7 6 6 4 4 0 1 1 4 10 10 21 21 2 2 2 0
 1 1 1 2 2 2 2 2 7 7 19 32 32 26 15 15 15 15 14 14 14 15 15 15 14 14 14 14 14 7 6 6 4 4 0 1 1 4 10 10 21 21 2 2 2 0
 1 1 1 2 2 2 3 3 24 24 20 32 32 20 19 19 19 19 16 22 22 22 22 22 18 18 15 15 15 7 8 8 23 23 5 2 2 5 4 4 3 3 2 1 1 0
 1 1 1 2 2 2 3 3 24 24 20 32 32 20 19 19 19 19 16 22 22 22 22 22 18 18 15 15 15 7 8 8 23 23 5 2 2 5 4 4 3 3 2 1 1 0
 2 2 2 2 2 2 11 11 13 13 14 19 19 20 24 24 25 25 17 27 27 23 23 23 20 20 19 20 20 17 17 17 24 24 18 14 14 7 1 1 1 1 0 0 0 0
 5 5 4 5 5 4 16 16 16 16 16 19 19 18 26 26 25 25 23 28 28 28 28 28 25 25 25 22 22 34 34 34 44 44 15 9 9 15 1 1 6 6 0 0 0 0
 5 5 4 5 5 4 16 16 16 16 16 19 19 18 26 26 25 25 23 28 28 28 28 28 25 25 25 22 22 34 34 34 44 44 15 9 9 15 1 1 6 6 0 0 0 0
 8 8 5 8 8 8 19 19 17 17 20 20 20 19 30 30 29 29 27 29 29 30 29 29 28 28 28 25 25 38 37 37 40 40 8 13 13 28 9 9 7 7 0 11 11 0
 10 10 8 9 9 8 19 19 20 20 19 20 20 21 29 29 31 31 31 29 29 31 30 30 31 31 32 30 30 28 24 24 8 8 5 4 4 1 1 1 3 3 11 10 10 1
