assets/RAT_results_old/precipitation/2018-05-10_IMERG.asc
ncols        46
nrows        77
xllcorner    74.800261325624
yllcorner    8.058333333333
cellsize     0.062500000000
NODATA_value -9999
 3 3 2 2 2 1 0 0 1 1 4 1 1 2 4 4 7 7 18 30 30 10 15 15 12 12 13 15 15 15 10 10 9 9 11 28 28 29 46 46 35 35 34 29 29 28
 3 3 6 3 3 0 1 1 2 2 18 4 4 8 7 7 9 9 8 25 25 10 15 15 11 11 11 11 11 11 11 11 9 9 8 10 10 13 12 12 25 25 24 8 8 8
 3 3 6 3 3 0 1 1 2 2 18 4 4 8 7 7 9 9 8 25 25 10 15 15 11 11 11 11 11 11 11 11 9 9 8 10 10 13 12 12 25 25 24 8 8 8
 3 3 4 1 1 0 0 0 2 2 19 13 13 6 9 9 13 13 8 16 16 9 11 11 10 10 10 8 8 9 12 12 7 7 7 9 9 7 7 7 7 7 7 8 8 7
 2 2 3 2 2 1 1 1 2 2 5 7 7 13 13 13 14 14 11 9 9 5 6 6 4 4 4 7 7 8 8 8 6 6 5 5 5 4 4 4 5 5 5 6 6 5
 2 2 3 2 2 1 1 1 2 2 5 7 7 13 13 13 14 14 11 9 9 5 6 6 4 4 4 7 7 8 8 8 6 6 5 5 5 4 4 4 5 5 5 6 6 5
 4 4 2 3 3 2 1 1 1 1 4 8 8 20 17 17 12 12 7 8 8 6 5 5 6 6 7 6 6 5 7 7 4 4 4 3 3 3 1 1 1 1 2 3 3 3
 4 4 2 3 3 2 1 1 1 1 4 8 8 20 17 17 12 12 7 8 8 6 5 5 6 6 7 6 6 5 7 7 4 4 4 3 3 3 1 1 1 1 2 3 3 3
 2 2 2 2 2 1 3 3 0 0 2 3 3 3 10 10 9 9 2 6 6 4 4 4 7 7 7 6 6 3 2 2 2 2 1 1 1 1 1 1 1 1 1 1 1 0
 2 2 2 2 2 4 1 1 1 1 1 2 2 2 1 1 1 1 4 4 4 4 3 3 4 4 3 4 4 2 4 4 2 2 1 0 0 0 0 0 0 0 0 0 0 0
 2 2 2 2 2 4 1 1 1 1 1 2 2 2 1 1 1 1 4 4 4 4 3 3 4 4 3 4 4 2 4 4 2 2 1 0 0 0 0 0 0 0 0 0 0 0
 3 3 1 1 1 2 2 2 1 1 2 1 1 2 0 0 1 1 1 1 1 3 2 2 2 2 4 3 3 2 5 5 2 2 2 0 0 1 1 1 1 1 0 0 0 0
 1 1 1 1 1 2 1 1 3 3 1 1 1 1 0 0 0 0 1 1 1 3 2 2 3 3 3 7 7 6 4 4 5 5 2 0 0 1 1 1 2 2 0 0 0 0
 1 1 1 1 1 2 1 1 3 3 1 1 1 1 0 0 0 0 1 1 1 3 2 2 3 3 3 7 7 6 4 4 5 5 2 0 0 1 1 1 2 2 0 0 0 0
 1 1 1 2 2 1 2 2 1 1 1 3 3 0 2 2 1 1 0 3 3 3 3 3 17 17 10 3 3 7 7 7 3 3 3 1 1 1 3 3 5 5 1 0 0 0
 1 1 1 2 2 1 2 2 1 1 1 3 3 0 2 2 1 1 0 3 3 3 3 3 17 17 10 3 3 7 7 7 3 3 3 1 1 1 3 3 5 5 1 0 0 0
 3 3 1 2 2 1 1 1 1 1 1 0 0 0 0 0 0 0 1 3 3 2 0 0 10 10 32 9 9 14 13 13 3 3 1 1 1 1 0 0 11 11 10 0 0 9
 3 3 4 1 1 2 2 2 1 1 1 0 0 4 1 1 1 1 0 2 2 1 4 4 0 0 1 3 3 11 8 8 2 2 0 1 1 1 0 0 0 0 0 0 0 0
 3 3 4 1 1 2 2 2 1 1 1 0 0 4 1 1 1 1 0 2 2 1 4 4 0 0 1 3 3 11 8 8 2 2 0 1 1 1 0 0 0 0 0 0 0 0
 7 7 9 7 7 12 1 1 1 1 1 1 1 1 0 0 0 0 3 1 1 2 0 0 0 0 5 6 6 4 2 2 1 1 1 0 0 0 0 0 0 0 0 0 0 0
 15 15 6 12 12 10 13 13 9 9 2 6 6 2 1 1 1 1 2 1 1 5 1 1 1 1 6 6 6 5 2 2 2 2 1 1 1 0 0 0 0 0 0 0 0 0
 15 15 6 12 12 10 13 13 9 9 2 6 6 2 1 1 1 1 2 1 1 5 1 1 1 1 6 6 6 5 2 2 2 2 1 1 1 0 0 0 0 0 0 0 0 0
 28 28 14 10 10 24 11 11 7 7 10 5 5 5 11 11 1 1 1 1 1 2 33 33 2 2 2 1 1 1 0 0 1 1 4 2 2 0 0 0 0 0 0 0 0 0
 28 28 14 10 10 24 11 11 7 7 10 5 5 5 11 11 1 1 1 1 1 2 33 33 2 2 2 1 1 1 0 0 1 1 4 2 2 0 0 0 0 0 0 0 0 0
 82 82 20 12 12 9 6 6 4 4 5 10 10 6 4 4 2 2 0 1 1 2 61 61 6 6 1 2 2 1 2 2 0 0 0 1 1 0 0 0 0 0 0 0 0 0
 86 86 70 7 7 6 4 4 4 4 5 7 7 6 4 4 7 7 1 1 1 2 61 61 10 10 2 3 3 2 0 0 0 0 7 2 2 0 0 0 0 0 0 0 0 3
 86 86 70 7 7 6 4 4 4 4 5 7 7 6 4 4 7 7 1 1 1 2 61 61 10 10 2 3 3 2 0 0 0 0 7 2 2 0 0 0 0 0 0 0 0 3
 90 90 84 9 9 5 5 5 5 5 5 4 4 4 6 6 6 6 3 4 4 32 19 19 16 16 3 5 5 2 3 3 1 1 31 1 1 0 0 0 0 0 0 0 0 3
 85 85 100 12 12 4 4 4 5 5 5 4 4 4 6 6 8 8 4 3 3 5 69 69 43 43 9 9 9 3 7 7 8 8 2 1 1 0 0 0 0 0 3 0 0 3
 85 85 100 12 12 4 4 4 5 5 5 4 4 4 6 6 8 8 4 3 3 5 69 69 43 43 9 9 9 3 7 7 8 8 2 1 1 0 0 0 0 0 3 0 0 3
 90 90 70 27 27 2 2 2 4 4 5 3 3 3 3 3 8 8 4 4 4 3 22 22 18 18 7 1 1 8 1 1 1 1 1 1 1 1 1 1 0 0 3 0 0 12
 90 90 70 27 27 2 2 2 4 4 5 3 3 3 3 3 8 8 4 4 4 3 22 22 18 18 7 1 1 8 1 1 1 1 1 1 1 1 1 1 0 0 3 0 0 12
 77 77 24 15 15 2 2 2 4 4 4 2 2 2 4 4 5 5 4 6 6 4 14 14 19 19 5 9 9 2 1 1 5 5 0 1 1 3 1 1 7 7 3 1 1 19
 26 26 6 1 1 1 0 0 1 1 2 2 2 1 3 3 4 4 5 8 8 2 3 3 16 16 3 2 2 2 6 6 0 0 1 1 1 14 16 16 10 10 8 1 1 2
 26 26 6 1 1 1 0 0 1 1 2 2 2 1 3 3 4 4 5 8 8 2 3 3 16 16 3 2 2 2 6 6 0 0 1 1 1 14 16 16 10 10 8 1 1 2
 3 3 1 0 0 1 1 1 1 1 2 2 2 1 2 2 3 3 5 3 3 2 2 2 4 4 2 11 11 9 8 8 6 6 4 6 6 8 10 10 3 3 5 2 2 2
 3 3 2 1 1 0 1 1 1 1 1 1 1 1 1 1 2 2 3 4 4 2 7 7 2 2 8 5 5 10 15 15 18 18 10 6 6 9 7 7 8 8 8 7 7 2
 3 3 2 1 1 0 1 1 1 1 1 1 1 1 1 1 2 2 3 4 4 2 7 7 2 2 8 5 5 10 15 15 18 18 10 6 6 9 7 7 8 8 8 7 7 2
 1 1 3 1 1 0 1 1 1 1 1 1 1 1 1 1 2 2 3 3 3 7 3 3 6 6 7 15 15 27 21 21 11 11 19 12 12 6 8 8 8 8 8 7 7 5
 1 1 3 1 1 0 1 1 1 1 1 1 1 1 1 1 2 2 3 3 3 7 3 3 6 6 7 15 15 27 21 21 11 11 19 12 12 6 8 8 8 8 8 7 7 5
 1 1 1 1 1 1 1 1 1 1 1 2 2 1 1 1 3 3 3 13 13 6 6 6 13 13 8 32 32 25 31 31 25 25 13 12 12 11 14 14 9 9 8 7 7 4
 1 1 1 1 1 0 0 0 0 0 0 1 1 1 1 1 1 1 2 6 6 12 16 16 13 13 20 15 15 18 41 41 16 16 18 11 11 23 15 15 3 3 8 7 7 2
 1 1 1 1 1 0 0 0 0 0 0 1 1 1 1 1 1 1 2 6 6 12 16 16 13 13 20 15 15 18 41 41 16 16 18 11 11 23 15 15 3 3 8 7 7 2
 2 2 6 1 1 1 1 1 0 0 1 0 0 1 2 2 3 3 7 9 9 27 10 10 16 16 15 19 19 19 13 13 18 18 18 18 18 17 9 9 1 1 4 6 6 0
 5 5 3 1 1 1 0 0 0 0 1 1 1 2 3 3 3 3 4 8 8 11 23 23 15 15 46 22 22 42 13 13 20 20 20 16 16 15 1 1 1 1 1 1 1 1
 5 5 3 1 1 1 0 0 0 0 1 1 1 2 3 3 3 3 4 8 8 11 23 23 15 15 46 22 22 42 13 13 20 20 20 16 16 15 1 1 1 1 1 1 1 1
 4 4 4 2 2 0 0 0 0 0 0 0 0 0 3 3 5 5 7 13 13 20 14 14 19 19 24 30 30 54 24 24 32 32 18 40 40 10 1 1 2 2 1 1 1 0
 4 4 4 2 2 0 0 0 0 0 0 0 0 0 3 3 5 5 7 13 13 20 14 14 19 19 24 30 30 54 24 24 32 32 18 40 40 10 1 1 2 2 1 1 1 0
 5 5 4 2 2 2 0 0 0 0 0 1 1 0 3 3 7 7 8 5 5 11 25 25 19 19 23 14 14 59 78 78 69 69 37 30 30 19 7 7 2 2 3 0 0 0
 7 7 3 2 2 2 0 0 2 2 1 0 0 1 3 3 18 18 3 5 5 24 25 25 17 17 16 35 35 16 43 43 87 87 126 19 19 17 9 9 2 2 2 0 0 0
 7 7 3 2 2 2 0 0 2 2 1 0 0 1 3 3 18 18 3 5 5 24 25 25 17 17 16 35 35 16 43 43 87 87 126 19 19 17 9 9 2 2 2 0 0 0
 4 4 2 2 2 2 0 0 0 0 1 0 0 0 1 1 3 3 3 7 7 60 10 10 14 14 9 15 15 25 35 35 44 44 86 23 23 13 7 7 10 10 7 0 0 0
 1 1 0 0 0 0 0 0 0 0 1 0 0 1 1 1 7 7 2 3 3 9 10 10 20 20 21 22 22 80 72 72 42 42 20 17 17 8 7 7 4 4 0 0 0 0
 1 1 0 0 0 0 0 0 0 0 1 0 0 1 1 1 7 7 2 3 3 9 10 10 20 20 21 22 22 80 72 72 42 42 20 17 17 8 7 7 4 4 0 0 0 0
 0 0 0 2 2 0 1 1 0 0 0 0 0 1 1 1 2 2 14 4 4 5 6 6 5 5 17 8 8 31 18 18 25 25 15 10 10 6 4 4 0 0 0 0 0 0
 0 0 0 2 2 0 1 1 0 0 0 0 0 1 1 1 2 2 14 4 4 5 6 6 5 5 17 8 8 31 18 18 25 25 15 10 10 6 4 4 0 0 0 0 0 0
 1 1 0 0 0 0 0 0 0 0 0 0 0 1 1 1 1 1 1 2 2 2 4 4 10 10 19 4 4 15 9 9 39 39 13 9 9 6 2 2 5 5 0 0 0 0
 1 1 0 0 0 0 1 1 0 0 0 0 0 0 1 1 1 1 1 2 2 2 6 6 6 6 7 4 4 11 15 15 39 39 7 7 7 9 2 2 1 1 0 0 0 1
 1 1 0 0 0 0 1 1 0 0 0 0 0 0 1 1 1 1 1 2 2 2 6 6 6 6 7 4 4 11 15 15 39 39 7 7 7 9 2 2 1 1 0 0 0 1
 0 0 1 0 0 0 0 0 0 0 0 0 0 0 0 0 0 0 1 1 1 2 2 2 2 2 2 5 5 9 16 16 10 10 13 5 5 3 0 0 0 0 0 0 0 2
 1 1 0 0 0 1 0 0 0 0 0 0 0 0 1 1 1 1 0 0 0 0 1 1 1 1 3 15 15 11 9 9 18 18 8 41 41 9 3 3 4 4 0 0 0 2
 1 1 0 0 0 1 0 0 0 0 0 0 0 0 1 1 1 1 0 0 0 0 1 1 1 1 3 15 15 11 9 9 18 18 8 41 41 9 3 3 4 4 0 0 0 2
 1 1 0 0 0 0 3 3 0 0 1 0 0 0 0 0 0 0 8 0 0 11 1 1 1 1 3 2 2 5 4 4 15 15 8 28 28 22 11 11 13 13 4 0 0 1
 1 1 0 0 0 0 3 3 0 0 1 0 0 0 0 0 0 0 8 0 0 11 1 1 1 1 3 2 2 5 4 4 15 15 8 28 28 22 11 11 13 13 4 0 0 1
 7 7 0 0 0 1 0 0 0 0 1 5 5 5 13 13 9 9 8 11 11 11 2 2 1 1 1 1 1 2 4 4 7 7 5 24 24 36 17 17 17 17 5 4 4 3
 2 2 5 2 2 0 0 0 1 1 2 6 6 6 9 9 20 20 14 11 11 11 0 0 1 1 2 1 1 2 3 3 3 3 5 9 9 19 22 22 21 21 16 9 9 4
 2 2 5 2 2 0 0 0 1 1 2 6 6 6 9 9 20 20 14 11 11 11 0 0 1 1 2 1 1 2 3 3 3 3 5 9 9 19 22 22 21 21 16 9 9 4
 4 4 4 1 1 2 1 1 4 4 10 8 8 10 22 22 33 33 43 16 16 11 0 0 0 0 1 2 2 2 3 3 3 3 7 8 8 13 17 17 18 18 14 15 15 5
 12 12 7 4 4 4 4 4 4 4 7 9 9 7 14 14 12 12 33 2 2 1 0 0 0 0 1 3 3 3 3 3 3 3 3 5 5 9 18 18 24 24 21 16 16 6
 12 12 7 4 4 4 4 4 4 4 7 9 9 7 14 14 12 12 33 2 2 1 0 0 0 0 1 3 3 3 3 3 3 3 3 5 5 9 18 18 24 24 21 16 16 6
 7 7 11 6 6 2 2 2 1 1 7 11 11 9 13 13 7 7 6 8 8 3 2 2 1 1 1 4 4 5 5 5 9 9 8 4 4 9 5 5 12 12 22 21 21 15
 7 7 11 6 6 2 2 2 1 1 7 11 11 9 13 13 7 7 6 8 8 3 2 2 1 1 1 4 4 5 5 5 9 9 8 4 4 9 5 5 12 12 22 21 21 15
 8 8 8 4 4 1 2 2 1 1 8 4 4 3 3 3 5 5 18 7 7 3 2 2 6 6 9 9 9 14 1 1 6 6 7 1 1 5 4 4 6 6 14 12 12 8
 7 7 5 5 5 2 3 3 12 12 12 12 12 14 3 3 6 6 18 19 19 14 14 14 15 15 8 14 14 14 6 6 6 6 6 3 3 1 1 1 4 4 3 2 2 1
 7 7 5 5 5 2 3 3 12 12 12 12 12 14 3 3 6 6 18 19 19 14 14 14 15 15 8 14 14 14 6 6 6 6 6 3 3 1 1 1 4 4 3 2 2 1
 7 7 5 5 5 2 1 1 5 5 11 10 10 15 9 9 9 9 12 18 18 14 15 15 15 15 14 18 18 18 1 1 6 6 3 3 3 4 2 2 2 2 0 0 0 0
 5 5 4 4 4 1 1 1 4 4 4 11 11 13 17 17 10 10 12 5 5 4 1 1 1 1 0 1 1 16 1 1 0 0 0 0 0 0 0 0 0 0 1 0 0 0
