assets/RAT_results_old/precipitation/2018-10-22_IMERG.asc
ncols        46
nrows        77
xllcorner    74.800261325624
yllcorner    8.058333333333
cellsize     0.062500000000
NODATA_value -9999
 0 0 0 0 0 0 0 0 0 0 0 0 0 0 0 0 0 0 0 1 1 0 0 0 0 0 0 0 0 0 0 0 0 0 0 0 0 0 0 0 0 0 0 0 0 0
 0 0 0 0 0 0 0 0 0 0 0 0 0 0 0 0 0 0 0 0 0 0 0 0 0 0 0 0 0 0 0 0 0 0 0 0 0 0 0 0 0 0 0 0 0 0
 0 0 0 0 0 0 0 0 0 0 0 0 0 0 0 0 0 0 0 0 0 0 0 0 0 0 0 0 0 0 0 0 0 0 0 0 0 0 0 0 0 0 0 0 0 0
 1 1 0 0 0 0 0 0 0 0 0 0 0 0 0 0 0 0 0 0 0 0 0 0 0 0 0 0 0 0 0 0 0 0 0 0 0 0 0 0 0 0 0 0 0 0
 0 0 0 0 0 0 0 0 0 0 0 0 0 0 1 1 1 1 1 0 0 0 0 0 0 0 0 0 0 0 0 0 0 0 0 0 0 0 0 0 0 0 0 0 0 0
 0 0 0 0 0 0 0 0 0 0 0 0 0 0 1 1 1 1 1 0 0 0 0 0 0 0 0 0 0 0 0 0 0 0 0 0 0 0 0 0 0 0 0 0 0 0
 0 0 0 0 0 0 0 0 0 0 0 0 0 1 0 0 1 1 0 0 0 0 0 0 0 0 0 0 0 0 0 0 0 0 0 0 0 0 0 0 0 0 0 0 0 0
 0 0 0 0 0 0 0 0 0 0 0 0 0 1 0 0 1 1 0 0 0 0 0 0 0 0 0 0 0 0 0 0 0 0 0 0 0 0 0 0 0 0 0 0 0 0
 0 0 0 0 0 0 0 0 0 0 0 0 0 1 0 0 0 0 0 0 0 0 0 0 0 0 0 0 0 0 0 0 0 0 0 0 0 0 0 0 0 0 0 0 0 0
 0 0 0 1 1 1 0 0 0 0 0 0 0 1 0 0 0 0 0 0 0 0 0 0 0 0 0 0 0 0 0 0 0 0 0 0 0 0 0 0 0 0 0 0 0 0
 0 0 0 1 1 1 0 0 0 0 0 0 0 1 0 0 0 0 0 0 0 0 0 0 0 0 0 0 0 0 0 0 0 0 0 0 0 0 0 0 0 0 0 0 0 0
 0 0 0 1 1 1 0 0 0 0 1 0 0 1 0 0 0 0 0 0 0 0 0 0 0 0 0 0 0 0 0 0 0 0 0 0 0 0 0 0 0 0 0 0 0 0
 0 0 0 1 1 1 1 1 0 0 0 0 0 0 0 0 0 0 0 0 0 0 0 0 0 0 0 0 0 0 0 0 0 0 0 0 0 0 0 0 0 0 0 0 0 0
 0 0 0 1 1 1 1 1 0 0 0 0 0 0 0 0 0 0 0 0 0 0 0 0 0 0 0 0 0 0 0 0 0 0 0 0 0 0 0 0 0 0 0 0 0 0
 0 0 0 0 0 1 1 1 0 0 0 0 0 0 0 0 1 1 1 1 1 0 0 0 0 0 0 0 0 0 0 0 0 0 0 0 0 0 0 0 0 0 0 0 0 0
 0 0 0 0 0 1 1 1 0 0 0 0 0 0 0 0 1 1 1 1 1 0 0 0 0 0 0 0 0 0 0 0 0 0 0 0 0 0 0 0 0 0 0 0 0 0
 0 0 0 0 0 1 1 1 1 1 0 0 0 3 2 2 1 1 2 1 1 1 1 1 0 0 0 0 0 0 0 0 0 0 0 0 0 0 0 0 0 0 0 0 0 0
 0 0 0 0 0 0 1 1 1 1 0 1 1 7 11 11 5 5 3 2 2 1 1 1 0 0 0 0 0 0 0 0 0 0 0 0 0 0 0 0 0 0 0 0 0 0
 0 0 0 0 0 0 1 1 1 1 0 1 1 7 11 11 5 5 3 2 2 1 1 1 0 0 0 0 0 0 0 0 0 0 0 0 0 0 0 0 0 0 0 0 0 0
 0 0 0 1 1 0 1 1 1 1 0 1 1 5 15 15 6 6 6 4 4 1 1 1 1 1 0 1 1 0 0 0 0 0 0 0 0 0 0 0 0 0 0 0 0 0
 0 0 1 1 1 0 0 0 0 0 0 1 1 4 16 16 9 9 5 5 5 2 2 2 0 0 0 1 1 1 0 0 0 0 0 0 0 0 0 0 0 0 0 0 0 0
 0 0 1 1 1 0 0 0 0 0 0 1 1 4 16 16 9 9 5 5 5 2 2 2 0 0 0 1 1 1 0 0 0 0 0 0 0 0 0 0 0 0 0 0 0 0
 0 0 0 0 0 0 0 0 0 0 1 1 1 2 6 6 18 18 10 7 7 4 1 1 1 1 1 1 1 1 3 3 0 0 0 0 0 0 0 0 0 0 0 0 0 0
 0 0 0 0 0 0 0 0 0 0 1 1 1 2 6 6 18 18 10 7 7 4 1 1 1 1 1 1 1 1 3 3 0 0 0 0 0 0 0 0 0 0 0 0 0 0
 1 1 1 2 2 2 1 1 4 4 0 1 1 2 6 6 8 8 4 2 2 1 1 1 0 0 0 1 1 1 0 0 0 0 0 0 0 0 0 0 0 0 0 0 0 0
 32 32 31 23 23 9 1 1 1 1 0 1 1 0 4 4 4 4 4 4 4 5 1 1 1 1 1 2 2 1 1 1 0 0 0 0 0 0 0 0 0 0 0 0 0 0
 32 32 31 23 23 9 1 1 1 1 0 1 1 0 4 4 4 4 4 4 4 5 1 1 1 1 1 2 2 1 1 1 0 0 0 0 0 0 0 0 0 0 0 0 0 0
 88 88 51 19 19 11 1 1 1 1 0 0 0 1 2 2 4 4 1 4 4 2 1 1 1 1 2 3 3 3 1 1 0 0 0 0 0 0 0 0 0 0 0 0 0 1
 36 36 34 33 33 4 1 1 1 1 0 0 0 0 1 1 2 2 2 2 2 2 3 3 3 3 6 6 6 4 2 2 1 1 0 0 0 0 0 0 0 0 0 0 0 1
 36 36 34 33 33 4 1 1 1 1 0 0 0 0 1 1 2 2 2 2 2 2 3 3 3 3 6 6 6 4 2 2 1 1 0 0 0 0 0 0 0 0 0 0 0 1
 2 2 3 3 3 3 2 2 2 2 1 1 1 2 2 2 4 4 3 8 8 4 8 8 11 11 11 10 10 7 3 3 2 2 1 0 0 0 0 0 0 0 0 1 1 0
 2 2 3 3 3 3 2 2 2 2 1 1 1 2 2 2 4 4 3 8 8 4 8 8 11 11 11 10 10 7 3 3 2 2 1 0 0 0 0 0 0 0 0 1 1 0
 3 3 5 4 4 5 3 3 3 3 3 5 5 2 8 8 5 5 11 12 12 10 10 10 22 22 15 24 24 20 5 5 2 2 1 0 0 0 1 1 1 1 0 0 0 0
 3 3 5 5 5 4 5 5 4 4 7 12 12 10 9 9 13 13 10 14 14 36 15 15 23 23 24 44 44 35 7 7 3 3 2 0 0 0 1 1 1 1 1 0 0 0
 3 3 5 5 5 4 5 5 4 4 7 12 12 10 9 9 13 13 10 14 14 36 15 15 23 23 24 44 44 35 7 7 3 3 2 0 0 0 1 1 1 1 1 0 0 0
 3 3 6 7 7 6 8 8 6 6 13 9 9 11 17 17 23 23 17 15 15 16 19 19 29 29 29 55 55 43 9 9 4 4 2 0 0 0 1 1 1 1 0 0 0 0
 3 3 6 7 7 6 9 9 55 55 54 94 94 19 17 17 21 21 20 22 22 18 21 21 42 42 33 49 49 34 23 23 6 6 3 1 1 1 2 2 2 2 0 0 0 0
 3 3 6 7 7 6 9 9 55 55 54 94 94 19 17 17 21 21 20 22 22 18 21 21 42 42 33 49 49 34 23 23 6 6 3 1 1 1 2 2 2 2 0 0 0 0
 5 5 5 9 9 9 9 9 57 57 55 120 120 122 33 33 22 22 20 29 29 34 29 29 41 41 38 40 40 19 23 23 8 8 4 1 1 2 3 3 2 2 1 1 1 0
 5 5 5 9 9 9 9 9 57 57 55 120 120 122 33 33 22 22 20 29 29 34 29 29 41 41 38 40 40 19 23 23 8 8 4 1 1 2 3 3 2 2 1 1 1 0
 4 4 5 8 8 9 7 7 6 6 116 122 122 103 31 31 35 35 36 31 31 34 28 28 35 35 32 36 36 18 28 28 10 10 3 2 2 3 4 4 3 3 2 2 2 1
 4 4 4 9 9 9 7 7 6 6 12 11 11 24 34 34 34 34 35 20 20 30 27 27 29 29 29 43 43 20 13 13 8 8 3 2 2 3 4 4 3 3 3 1 1 1
 4 4 4 9 9 9 7 7 6 6 12 11 11 24 34 34 34 34 35 20 20 30 27 27 29 29 29 43 43 20 13 13 8 8 3 2 2 3 4 4 3 3 3 1 1 1
 3 3 11 4 4 5 4 4 4 4 12 11 11 24 21 21 21 21 36 36 36 26 23 23 23 23 29 29 29 25 15 15 11 11 2 3 3 4 4 4 4 4 4 2 2 2
 3 3 3 2 2 4 2 2 1 1 4 5 5 13 20 20 21 21 35 30 30 17 23 23 23 23 30 36 36 22 15 15 10 10 4 3 3 4 5 5 4 4 3 3 3 3
 3 3 3 2 2 4 2 2 1 1 4 5 5 13 20 20 21 21 35 30 30 17 23 23 23 23 30 36 36 22 15 15 10 10 4 3 3 4 5 5 4 4 3 3 3 3
 4 4 2 1 1 1 1 1 1 1 5 5 5 15 4 4 19 19 30 30 30 18 18 18 21 21 33 51 51 33 21 21 16 16 5 2 2 4 5 5 3 3 5 3 3 2
 4 4 2 1 1 1 1 1 1 1 5 5 5 15 4 4 19 19 30 30 30 18 18 18 21 21 33 51 51 33 21 21 16 16 5 2 2 4 5 5 3 3 5 3 3 2
 6 6 2 1 1 1 0 0 2 2 1 1 1 3 12 12 3 3 3 18 18 15 16 16 19 19 33 60 60 39 19 19 10 10 7 4 4 4 10 10 4 4 6 4 4 2
 3 3 2 1 1 1 1 1 0 0 1 1 1 1 3 3 2 2 2 17 17 1 12 12 15 15 23 27 27 22 14 14 10 10 9 5 5 10 12 12 5 5 7 5 5 3
 3 3 2 1 1 1 1 1 0 0 1 1 1 1 3 3 2 2 2 17 17 1 12 12 15 15 23 27 27 22 14 14 10 10 9 5 5 10 12 12 5 5 7 5 5 3
 3 3 1 1 1 0 0 0 0 0 1 1 1 1 4 4 1 1 0 1 1 1 10 10 12 12 17 19 19 20 16 16 17 17 17 8 8 8 5 5 5 5 10 8 8 4
 1 1 2 3 3 0 0 0 2 2 0 5 5 6 2 2 2 2 1 2 2 1 8 8 10 10 15 16 16 17 64 64 22 22 34 12 12 5 6 6 7 7 10 13 13 8
 1 1 2 3 3 0 0 0 2 2 0 5 5 6 2 2 2 2 1 2 2 1 8 8 10 10 15 16 16 17 64 64 22 22 34 12 12 5 6 6 7 7 10 13 13 8
 5 5 3 0 0 0 0 0 1 1 1 16 16 14 10 10 7 7 3 6 6 3 6 6 12 12 14 13 13 28 25 25 47 47 28 27 27 6 11 11 19 19 21 13 13 11
 5 5 3 0 0 0 0 0 1 1 1 16 16 14 10 10 7 7 3 6 6 3 6 6 12 12 14 13 13 28 25 25 47 47 28 27 27 6 11 11 19 19 21 13 13 11
 3 3 4 1 1 0 1 1 4 4 2 17 17 16 28 28 6 6 9 5 5 4 6 6 8 8 10 14 14 42 30 30 32 32 17 14 14 10 15 15 22 22 26 8 8 11
 2 2 3 2 2 10 1 1 4 4 16 7 7 19 20 20 11 11 7 7 7 5 5 5 5 5 8 11 11 24 25 25 21 21 12 10 10 11 25 25 40 40 20 12 12 12
 2 2 3 2 2 10 1 1 4 4 16 7 7 19 20 20 11 11 7 7 7 5 5 5 5 5 8 11 11 24 25 25 21 21 12 10 10 11 25 25 40 40 20 12 12 12
 2 2 3 7 7 26 3 3 10 10 15 7 7 15 14 14 9 9 11 18 18 12 7 7 5 5 7 8 8 13 19 19 11 11 7 11 11 13 35 35 30 30 17 17 17 13
 0 0 1 11 11 3 5 5 3 3 3 4 4 2 6 6 5 5 14 11 11 19 4 4 4 4 5 6 6 9 12 12 8 8 4 9 9 28 35 35 22 22 15 19 19 15
 0 0 1 11 11 3 5 5 3 3 3 4 4 2 6 6 5 5 14 11 11 19 4 4 4 4 5 6 6 9 12 12 8 8 4 9 9 28 35 35 22 22 15 19 19 15
 3 3 2 4 4 3 2 2 4 4 3 3 3 1 5 5 5 5 16 13 13 13 1 1 1 1 2 4 4 5 9 9 7 7 7 10 10 16 29 29 16 16 11 16 16 14
 3 3 2 4 4 3 2 2 4 4 3 3 3 1 5 5 5 5 16 13 13 13 1 1 1 1 2 4 4 5 9 9 7 7 7 10 10 16 29 29 16 16 11 16 16 14
 2 2 2 1 1 2 2 2 7 7 4 2 2 3 6 6 9 9 28 16 16 12 1 1 2 2 3 2 2 4 5 5 4 4 9 28 28 20 30 30 15 15 12 12 12 11
 2 2 6 1 1 1 1 1 1 1 1 4 4 1 5 5 13 13 14 12 12 15 1 1 1 1 2 1 1 2 4 4 4 4 8 16 16 19 15 15 24 24 24 12 12 12
 2 2 6 1 1 1 1 1 1 1 1 4 4 1 5 5 13 13 14 12 12 15 1 1 1 1 2 1 1 2 4 4 4 4 8 16 16 19 15 15 24 24 24 12 12 12
 2 2 2 3 3 1 1 1 1 1 1 2 2 3 6 6 12 12 13 11 11 3 1 1 0 0 0 2 2 1 2 2 3 3 5 10 10 7 13 13 16 16 22 21 21 14
 2 2 2 4 4 1 1 1 2 2 1 5 5 7 4 4 13 13 17 15 15 3 3 3 1 1 0 1 1 1 1 1 2 2 5 6 6 8 13 13 32 32 38 17 17 20
 2 2 2 4 4 1 1 1 2 2 1 5 5 7 4 4 13 13 17 15 15 3 3 3 1 1 0 1 1 1 1 1 2 2 5 6 6 8 13 13 32 32 38 17 17 20
 2 2 2 2 2 18 1 1 6 6 2 2 2 8 10 10 38 38 17 15 15 4 2 2 2 2 2 1 1 2 1 1 1 1 3 5 5 7 12 12 13 13 18 16 16 19
 2 2 2 2 2 18 1 1 6 6 2 2 2 8 10 10 38 38 17 15 15 4 2 2 2 2 2 1 1 2 1 1 1 1 3 5 5 7 12 12 13 13 18 16 16 19
 2 2 2 4 4 19 69 69 73 73 39 24 24 29 9 9 35 35 19 19 19 7 1 1 2 2 1 8 8 2 1 1 1 1 1 5 5 6 10 10 10 10 13 9 9 12
 2 2 1 2 2 1 3 3 5 5 46 29 29 31 11 11 13 13 9 20 20 3 2 2 2 2 1 8 8 2 1 1 1 1 1 2 2 6 5 5 6 6 9 6 6 7
 2 2 1 2 2 1 3 3 5 5 46 29 29 31 11 11 13 13 9 20 20 3 2 2 2 2 1 8 8 2 1 1 1 1 1 2 2 6 5 5 6 6 9 6 6 7
 2 2 3 2 2 2 2 2 2 2 8 2 2 9 9 9 16 16 12 7 7 5 4 4 1 1 2 2 2 2 1 1 1 1 0 1 1 2 6 6 8 8 7 6 6 7
 1 1 2 2 2 2 2 2 1 1 3 3 3 4 10 10 13 13 12 8 8 4 7 7 3 3 2 3 3 2 2 2 2 2 1 1 1 1 3 3 4 4 5 3 3 4
