assets/RAT_results_old/precipitation/2018-06-16_IMERG.asc
ncols        46
nrows        77
xllcorner    74.800261325624
yllcorner    8.058333333333
cellsize     0.062500000000
NODATA_value -9999
 14 14 6 2 2 2 3 3 4 4 5 2 2 1 1 1 2 2 1 0 0 0 0 0 0 0 0 0 0 0 0 0 0 0 0 0 0 0 0 0 0 0 0 1 1 1
 11 11 9 9 9 8 2 2 5 5 3 1 1 2 2 2 1 1 0 0 0 0 0 0 0 0 0 0 0 0 0 0 0 0 0 0 0 0 0 0 0 0 0 0 0 0
 11 11 9 9 9 8 2 2 5 5 3 1 1 2 2 2 1 1 0 0 0 0 0 0 0 0 0 0 0 0 0 0 0 0 0 0 0 0 0 0 0 0 0 0 0 0
 38 38 21 25 25 3 2 2 1 1 1 0 0 1 0 0 1 1 0 0 0 0 0 0 0 0 0 0 0 0 0 0 0 0 0 0 0 0 0 0 0 0 0 0 0 0
 32 32 12 6 6 4 2 2 1 1 1 0 0 1 1 1 1 1 0 0 0 0 0 0 0 0 0 0 0 0 0 0 0 0 0 0 0 0 0 0 0 0 0 0 0 0
 32 32 12 6 6 4 2 2 1 1 1 0 0 1 1 1 1 1 0 0 0 0 0 0 0 0 0 0 0 0 0 0 0 0 0 0 0 0 0 0 0 0 0 0 0 0
 13 13 11 11 11 7 4 4 1 1 5 0 0 0 0 0 1 1 0 0 0 0 0 0 0 0 0 0 0 0 0 0 0 0 0 0 0 0 0 0 0 0 0 0 0 0
 13 13 11 11 11 7 4 4 1 1 5 0 0 0 0 0 1 1 0 0 0 0 0 0 0 0 0 0 0 0 0 0 0 0 0 0 0 0 0 0 0 0 0 0 0 0
 12 12 11 6 6 4 6 6 10 10 5 1 1 0 0 0 0 0 0 0 0 0 0 0 0 0 0 0 0 0 0 0 0 0 0 0 0 0 0 0 0 0 0 0 0 0
 12 12 6 5 5 6 3 3 5 5 7 2 2 2 0 0 0 0 0 0 0 0 0 0 0 0 0 0 0 0 0 0 0 0 0 0 0 0 0 0 0 0 0 0 0 0
 12 12 6 5 5 6 3 3 5 5 7 2 2 2 0 0 0 0 0 0 0 0 0 0 0 0 0 0 0 0 0 0 0 0 0 0 0 0 0 0 0 0 0 0 0 0
 11 11 4 3 3 12 4 4 1 1 2 1 1 0 0 0 0 0 1 0 0 0 0 0 0 0 0 0 0 0 0 0 0 0 0 0 0 0 1 1 0 0 0 0 0 0
 12 12 18 8 8 4 4 4 2 2 1 0 0 0 0 0 0 0 0 0 0 0 0 0 0 0 0 0 0 0 0 0 0 0 0 0 0 0 1 1 0 0 0 0 0 0
 12 12 18 8 8 4 4 4 2 2 1 0 0 0 0 0 0 0 0 0 0 0 0 0 0 0 0 0 0 0 0 0 0 0 0 0 0 0 1 1 0 0 0 0 0 0
 12 12 9 4 4 4 9 9 7 7 1 0 0 0 0 0 0 0 0 0 0 0 0 0 0 0 0 0 0 0 0 0 0 0 0 0 0 0 1 1 0 0 1 0 0 0
 12 12 9 4 4 4 9 9 7 7 1 0 0 0 0 0 0 0 0 0 0 0 0 0 0 0 0 0 0 0 0 0 0 0 0 0 0 0 1 1 0 0 1 0 0 0
 5 5 6 15 15 19 9 9 10 10 1 1 1 1 0 0 0 0 0 0 0 0 0 0 0 0 0 0 0 0 0 0 0 0 0 0 0 0 0 0 0 0 0 0 0 0
 2 2 5 10 10 9 4 4 4 4 4 1 1 1 0 0 0 0 0 1 1 0 0 0 0 0 0 0 0 0 0 0 0 0 0 0 0 0 0 0 0 0 0 0 0 1
 2 2 5 10 10 9 4 4 4 4 4 1 1 1 0 0 0 0 0 1 1 0 0 0 0 0 0 0 0 0 0 0 0 0 0 0 0 0 0 0 0 0 0 0 0 1
 2 2 2 6 6 6 4 4 5 5 4 2 2 1 0 0 0 0 1 1 1 1 0 0 0 0 1 1 1 2 0 0 0 0 0 0 0 0 0 0 0 0 0 0 0 1
 1 1 1 2 2 2 1 1 1 1 2 6 6 2 1 1 0 0 3 1 1 1 1 1 1 1 1 5 5 2 0 0 0 0 0 0 0 0 0 0 0 0 1 2 2 24
 1 1 1 2 2 2 1 1 1 1 2 6 6 2 1 1 0 0 3 1 1 1 1 1 1 1 1 5 5 2 0 0 0 0 0 0 0 0 0 0 0 0 1 2 2 24
 1 1 1 0 0 0 1 1 1 1 2 2 2 4 3 3 7 7 4 3 3 2 2 2 1 1 1 4 4 1 1 1 0 0 0 0 0 0 0 0 0 0 0 2 2 7
 1 1 1 0 0 0 1 1 1 1 2 2 2 4 3 3 7 7 4 3 3 2 2 2 1 1 1 4 4 1 1 1 0 0 0 0 0 0 0 0 0 0 0 2 2 7
 4 4 2 1 1 2 3 3 2 2 4 7 7 15 16 16 16 16 8 4 4 2 2 2 1 1 1 1 1 4 3 3 1 1 0 0 0 0 0 0 0 0 0 0 0 1
 5 5 8 9 9 8 3 3 4 4 8 13 13 16 18 18 16 16 12 10 10 7 2 2 1 1 2 1 1 0 1 1 0 0 0 0 0 0 0 0 0 0 0 0 0 0
 5 5 8 9 9 8 3 3 4 4 8 13 13 16 18 18 16 16 12 10 10 7 2 2 1 1 2 1 1 0 1 1 0 0 0 0 0 0 0 0 0 0 0 0 0 0
 9 9 12 14 14 11 6 6 5 5 5 7 7 10 18 18 23 23 24 26 26 19 7 7 4 4 2 0 0 0 0 0 0 0 0 0 0 0 1 1 1 1 1 0 0 0
 10 10 12 15 15 12 6 6 4 4 3 3 3 6 8 8 10 10 16 19 19 12 6 6 3 3 2 1 1 1 1 1 0 0 0 0 0 0 0 0 1 1 2 0 0 0
 10 10 12 15 15 12 6 6 4 4 3 3 3 6 8 8 10 10 16 19 19 12 6 6 3 3 2 1 1 1 1 1 0 0 0 0 0 0 0 0 1 1 2 0 0 0
 18 18 15 7 7 5 4 4 4 4 2 2 2 2 4 4 4 4 7 8 8 10 8 8 8 8 3 4 4 4 3 3 2 2 2 2 2 1 2 2 2 2 4 0 0 0
 18 18 15 7 7 5 4 4 4 4 2 2 2 2 4 4 4 4 7 8 8 10 8 8 8 8 3 4 4 4 3 3 2 2 2 2 2 1 2 2 2 2 4 0 0 0
 6 6 8 4 4 4 3 3 2 2 2 1 1 1 2 2 4 4 7 8 8 9 12 12 9 9 2 2 2 1 0 0 0 0 0 0 0 1 1 1 1 1 2 0 0 0
 7 7 4 1 1 1 0 0 0 0 0 0 0 0 1 1 3 3 7 9 9 15 9 9 6 6 3 2 2 1 0 0 0 0 0 0 0 0 0 0 0 0 0 0 0 0
 7 7 4 1 1 1 0 0 0 0 0 0 0 0 1 1 3 3 7 9 9 15 9 9 6 6 3 2 2 1 0 0 0 0 0 0 0 0 0 0 0 0 0 0 0 0
 5 5 2 2 2 1 1 1 1 1 0 0 0 0 0 0 1 1 2 2 2 2 2 2 2 2 1 1 1 0 0 0 0 0 0 0 0 0 0 0 0 0 0 0 0 0
 13 13 3 3 3 1 1 1 0 0 0 1 1 0 0 0 0 0 0 0 0 0 0 0 0 0 0 0 0 0 0 0 0 0 1 1 1 0 0 0 1 1 0 0 0 0
 13 13 3 3 3 1 1 1 0 0 0 1 1 0 0 0 0 0 0 0 0 0 0 0 0 0 0 0 0 0 0 0 0 0 1 1 1 0 0 0 1 1 0 0 0 0
 12 12 4 3 3 3 2 2 1 1 1 1 1 0 0 0 0 0 0 1 1 0 0 0 0 0 2 3 3 2 2 2 2 2 2 2 2 1 1 1 1 1 1 0 0 2
 12 12 4 3 3 3 2 2 1 1 1 1 1 0 0 0 0 0 0 1 1 0 0 0 0 0 2 3 3 2 2 2 2 2 2 2 2 1 1 1 1 1 1 0 0 2
 3 3 3 6 6 6 3 3 1 1 1 0 0 1 0 0 0 0 0 1 1 1 1 1 0 0 3 7 7 4 3 3 3 3 3 5 5 3 2 2 1 1 3 4 4 1
 6 6 4 4 4 4 4 4 6 6 1 0 0 0 0 0 0 0 0 1 1 1 1 1 1 1 2 5 5 3 7 7 9 9 9 10 10 5 2 2 1 1 3 3 3 1
 6 6 4 4 4 4 4 4 6 6 1 0 0 0 0 0 0 0 0 1 1 1 1 1 1 1 2 5 5 3 7 7 9 9 9 10 10 5 2 2 1 1 3 3 3 1
 19 19 18 6 6 4 5 5 4 4 1 1 1 0 0 0 0 0 0 4 4 3 7 7 10 10 9 6 6 5 9 9 15 15 22 13 13 7 2 2 2 2 5 2 2 2
 22 22 27 6 6 6 4 4 6 6 3 1 1 1 1 1 5 5 1 5 5 2 4 4 7 7 10 24 24 10 10 10 19 19 25 18 18 9 3 3 2 2 3 2 2 1
 22 22 27 6 6 6 4 4 6 6 3 1 1 1 1 1 5 5 1 5 5 2 4 4 7 7 10 24 24 10 10 10 19 19 25 18 18 9 3 3 2 2 3 2 2 1
 23 23 25 27 27 8 4 4 4 4 5 2 2 2 2 2 1 1 2 7 7 3 4 4 19 19 16 39 39 23 18 18 17 17 19 15 15 11 5 5 1 1 1 1 1 1
 23 23 25 27 27 8 4 4 4 4 5 2 2 2 2 2 1 1 2 7 7 3 4 4 19 19 16 39 39 23 18 18 17 17 19 15 15 11 5 5 1 1 1 1 1 1
 44 44 37 41 41 22 17 17 10 10 7 4 4 4 3 3 4 4 2 2 2 5 5 5 14 14 42 18 18 17 10 10 15 15 14 19 19 6 3 3 1 1 1 1 1 0
 63 63 54 73 73 90 73 73 15 15 8 5 5 3 3 3 5 5 3 3 3 4 5 5 10 10 14 22 22 14 8 8 8 8 9 4 4 4 1 1 1 1 1 0 0 1
 63 63 54 73 73 90 73 73 15 15 8 5 5 3 3 3 5 5 3 3 3 4 5 5 10 10 14 22 22 14 8 8 8 8 9 4 4 4 1 1 1 1 1 0 0 1
 56 56 64 78 78 126 102 102 50 50 37 11 11 5 3 3 4 4 3 6 6 6 7 7 11 11 20 14 14 9 14 14 6 6 8 4 4 2 4 4 4 4 0 1 1 2
 57 57 80 65 65 56 59 59 35 35 31 25 25 7 4 4 5 5 4 6 6 5 3 3 12 12 8 11 11 9 11 11 13 13 10 13 13 7 5 5 6 6 0 1 1 2
 57 57 80 65 65 56 59 59 35 35 31 25 25 7 4 4 5 5 4 6 6 5 3 3 12 12 8 11 11 9 11 11 13 13 10 13 13 7 5 5 6 6 0 1 1 2
 52 52 43 45 45 41 56 56 62 62 30 24 24 12 6 6 10 10 5 7 7 12 8 8 13 13 9 16 16 8 16 16 17 17 19 16 16 11 6 6 10 10 2 0 0 2
 52 52 43 45 45 41 56 56 62 62 30 24 24 12 6 6 10 10 5 7 7 12 8 8 13 13 9 16 16 8 16 16 17 17 19 16 16 11 6 6 10 10 2 0 0 2
 68 68 62 28 28 46 36 36 24 24 18 24 24 19 15 15 15 15 18 14 14 14 18 18 17 17 6 8 8 22 19 19 25 25 32 33 33 33 19 19 10 10 4 3 3 1
 99 99 68 37 37 30 39 39 35 35 21 27 27 17 17 17 13 13 20 21 21 23 23 23 20 20 30 9 9 9 13 13 19 19 26 33 33 29 20 20 17 17 9 4 4 3
 99 99 68 37 37 30 39 39 35 35 21 27 27 17 17 17 13 13 20 21 21 23 23 23 20 20 30 9 9 9 13 13 19 19 26 33 33 29 20 20 17 17 9 4 4 3
 78 78 63 49 49 40 49 49 44 44 43 34 34 36 21 21 17 17 23 30 30 31 16 16 34 34 18 19 19 14 6 6 14 14 17 22 22 25 23 23 16 16 9 8 8 1
 70 70 101 98 98 73 66 66 62 62 70 51 51 32 30 30 42 42 51 49 49 64 31 31 27 27 18 30 30 19 11 11 10 10 14 13 13 14 25 25 25 25 11 1 1 0
 70 70 101 98 98 73 66 66 62 62 70 51 51 32 30 30 42 42 51 49 49 64 31 31 27 27 18 30 30 19 11 11 10 10 14 13 13 14 25 25 25 25 11 1 1 0
 56 56 107 88 88 88 77 77 86 86 68 47 47 43 36 36 58 58 72 53 53 70 75 75 50 50 36 29 29 20 21 21 14 14 15 21 21 19 21 21 16 16 7 3 3 1
 56 56 107 88 88 88 77 77 86 86 68 47 47 43 36 36 58 58 72 53 53 70 75 75 50 50 36 29 29 20 21 21 14 14 15 21 21 19 21 21 16 16 7 3 3 1
 56 56 75 103 103 93 75 75 61 61 61 55 55 49 53 53 82 82 71 75 75 78 73 73 56 56 46 30 30 38 38 38 26 26 24 20 20 18 18 18 17 17 6 8 8 1
 66 66 51 67 67 62 62 62 62 62 63 58 58 60 80 80 86 86 108 156 156 137 80 80 57 57 49 50 50 52 48 48 33 33 31 24 24 29 17 17 22 22 9 4 4 11
 66 66 51 67 67 62 62 62 62 62 63 58 58 60 80 80 86 86 108 156 156 137 80 80 57 57 49 50 50 52 48 48 33 33 31 24 24 29 17 17 22 22 9 4 4 11
 51 51 44 58 58 60 63 63 45 45 49 53 53 61 78 78 89 89 105 160 160 150 122 122 66 66 52 42 42 45 37 37 42 42 61 54 54 26 22 22 21 21 18 13 13 10
 54 54 45 50 50 45 63 63 68 68 77 48 48 64 60 60 58 58 63 83 83 87 60 60 60 60 59 43 43 43 33 33 37 37 42 25 25 22 23 23 19 19 15 16 16 20
 54 54 45 50 50 45 63 63 68 68 77 48 48 64 60 60 58 58 63 83 83 87 60 60 60 60 59 43 43 43 33 33 37 37 42 25 25 22 23 23 19 19 15 16 16 20
 45 45 41 42 42 44 60 60 71 71 60 47 47 59 58 58 53 53 74 72 72 45 35 35 41 41 47 49 49 46 33 33 22 22 35 22 22 22 11 11 19 19 14 13 13 15
 45 45 41 42 42 44 60 60 71 71 60 47 47 59 58 58 53 53 74 72 72 45 35 35 41 41 47 49 49 46 33 33 22 22 35 22 22 22 11 11 19 19 14 13 13 15
 52 52 27 25 25 28 34 34 50 50 58 48 48 60 45 45 53 53 56 57 57 51 32 32 27 27 17 48 48 47 20 20 22 22 31 48 48 19 15 15 15 15 19 12 12 5
 41 41 19 34 34 24 19 19 52 52 24 33 33 46 37 37 44 44 58 41 41 38 47 47 23 23 15 13 13 10 16 16 16 16 17 39 39 22 19 19 12 12 19 15 15 17
 41 41 19 34 34 24 19 19 52 52 24 33 33 46 37 37 44 44 58 41 41 38 47 47 23 23 15 13 13 10 16 16 16 16 17 39 39 22 19 19 12 12 19 15 15 17
 30 30 19 14 14 21 21 21 21 21 23 30 30 41 48 48 50 50 40 39 39 54 41 41 29 29 27 28 28 10 7 7 16 16 13 20 20 14 16 16 23 23 15 12 12 17
 28 28 24 22 22 23 28 28 50 50 18 20 20 27 66 66 54 54 39 38 38 36 34 34 24 24 24 26 26 21 21 21 18 18 16 15 15 14 13 13 17 17 14 6 6 1
