assets/RAT_results_old/precipitation/2018-07-06_IMERG.asc
ncols        46
nrows        77
xllcorner    74.800261325624
yllcorner    8.058333333333
cellsize     0.062500000000
NODATA_value -9999
 25 25 35 44 44 76 68 68 74 74 79 50 50 44 38 38 27 27 20 11 11 12 10 10 3 3 2 4 4 1 2 2 3 3 2 0 0 0 1 1 1 1 1 0 0 1
 20 20 34 45 45 54 62 62 82 82 83 64 64 52 35 35 31 31 25 14 14 10 7 7 4 4 2 4 4 3 1 1 3 3 0 0 0 1 1 1 1 1 1 0 0 0
 20 20 34 45 45 54 62 62 82 82 83 64 64 52 35 35 31 31 25 14 14 10 7 7 4 4 2 4 4 3 1 1 3 3 0 0 0 1 1 1 1 1 1 0 0 0
 27 27 25 30 30 46 68 68 86 86 97 78 78 52 41 41 31 31 31 15 15 12 6 6 9 9 4 1 1 2 2 2 2 2 2 2 2 2 2 2 1 1 1 0 0 1
 22 22 22 30 30 27 60 60 69 69 81 81 81 65 44 44 34 34 28 16 16 14 7 7 9 9 7 4 4 1 3 3 2 2 0 0 0 0 0 0 0 0 0 0 0 1
 22 22 22 30 30 27 60 60 69 69 81 81 81 65 44 44 34 34 28 16 16 14 7 7 9 9 7 4 4 1 3 3 2 2 0 0 0 0 0 0 0 0 0 0 0 1
 18 18 17 32 32 36 55 55 61 61 76 61 61 42 50 50 36 36 25 19 19 15 9 9 5 5 4 1 1 1 1 1 1 1 0 1 1 0 0 0 0 0 0 1 1 1
 18 18 17 32 32 36 55 55 61 61 76 61 61 42 50 50 36 36 25 19 19 15 9 9 5 5 4 1 1 1 1 1 1 1 0 1 1 0 0 0 0 0 0 1 1 1
 12 12 16 29 29 36 42 42 53 53 60 55 55 35 42 42 43 43 19 16 16 9 7 7 3 3 3 1 1 1 1 1 1 1 0 0 0 0 0 0 0 0 0 0 0 0
 11 11 15 23 23 25 22 22 46 46 60 48 48 54 51 51 36 36 20 17 17 16 9 9 7 7 3 1 1 1 1 1 1 1 0 0 0 0 0 0 0 0 0 0 0 0
 11 11 15 23 23 25 22 22 46 46 60 48 48 54 51 51 36 36 20 17 17 16 9 9 7 7 3 1 1 1 1 1 1 1 0 0 0 0 0 0 0 0 0 0 0 0
 8 8 16 16 16 18 23 23 37 37 40 47 47 63 56 56 51 51 37 23 23 18 11 11 8 8 5 2 2 2 2 2 2 2 1 1 1 1 0 0 0 0 0 0 0 0
 7 7 13 11 11 14 14 14 22 22 37 54 54 53 49 49 47 47 36 27 27 28 8 8 10 10 8 4 4 3 2 2 2 2 1 1 1 1 1 1 1 1 0 0 0 0
 7 7 13 11 11 14 14 14 22 22 37 54 54 53 49 49 47 47 36 27 27 28 8 8 10 10 8 4 4 3 2 2 2 2 1 1 1 1 1 1 1 1 0 0 0 0
 4 4 4 2 2 9 14 14 25 25 33 55 55 61 57 57 37 37 42 25 25 30 18 18 12 12 12 8 8 7 4 4 2 2 2 2 2 1 1 1 1 1 1 0 0 0
 4 4 4 2 2 9 14 14 25 25 33 55 55 61 57 57 37 37 42 25 25 30 18 18 12 12 12 8 8 7 4 4 2 2 2 2 2 1 1 1 1 1 1 0 0 0
 2 2 1 1 1 10 10 10 18 18 29 37 37 49 48 48 45 45 36 23 23 31 27 27 19 19 17 12 12 8 5 5 2 2 2 2 2 1 1 1 1 1 2 1 1 1
 1 1 1 1 1 1 4 4 5 5 15 15 15 20 33 33 51 51 34 27 27 28 28 28 23 23 20 15 15 15 4 4 4 4 3 1 1 2 2 2 2 2 2 1 1 1
 1 1 1 1 1 1 4 4 5 5 15 15 15 20 33 33 51 51 34 27 27 28 28 28 23 23 20 15 15 15 4 4 4 4 3 1 1 2 2 2 2 2 2 1 1 1
 2 2 1 2 2 1 1 1 4 4 6 12 12 20 23 23 33 33 35 31 31 37 31 31 26 26 21 13 13 11 7 7 5 5 5 1 1 1 2 2 2 2 2 2 2 1
 1 1 1 1 1 1 1 1 1 1 2 4 4 15 20 20 19 19 28 30 30 32 31 31 32 32 27 18 18 17 9 9 7 7 2 2 2 1 1 1 2 2 1 1 1 1
 1 1 1 1 1 1 1 1 1 1 2 4 4 15 20 20 19 19 28 30 30 32 31 31 32 32 27 18 18 17 9 9 7 7 2 2 2 1 1 1 2 2 1 1 1 1
 1 1 1 1 1 1 0 0 1 1 1 2 2 10 12 12 16 16 22 28 28 33 25 25 25 25 25 26 26 17 8 8 8 8 3 2 2 1 1 1 1 1 1 0 0 1
 1 1 1 1 1 1 0 0 1 1 1 2 2 10 12 12 16 16 22 28 28 33 25 25 25 25 25 26 26 17 8 8 8 8 3 2 2 1 1 1 1 1 1 0 0 1
 0 0 1 1 1 1 1 1 1 1 2 7 7 11 12 12 13 13 22 30 30 33 29 29 30 30 20 23 23 22 10 10 7 7 4 2 2 1 1 1 1 1 0 0 0 1
 0 0 1 1 1 1 1 1 1 1 1 2 2 3 5 5 14 14 18 23 23 17 22 22 21 21 18 9 9 5 4 4 3 3 3 2 2 1 0 0 0 0 1 0 0 0
 0 0 1 1 1 1 1 1 1 1 1 2 2 3 5 5 14 14 18 23 23 17 22 22 21 21 18 9 9 5 4 4 3 3 3 2 2 1 0 0 0 0 1 0 0 0
 1 1 1 0 0 0 1 1 1 1 1 1 1 3 2 2 5 5 6 10 10 14 15 15 16 16 10 8 8 6 3 3 3 3 2 2 2 0 0 0 0 0 0 0 0 0
 1 1 1 0 0 1 1 1 1 1 1 2 2 1 2 2 3 3 5 7 7 9 4 4 6 6 6 8 8 5 4 4 3 3 3 2 2 1 0 0 0 0 0 0 0 0
 1 1 1 0 0 1 1 1 1 1 1 2 2 1 2 2 3 3 5 7 7 9 4 4 6 6 6 8 8 5 4 4 3 3 3 2 2 1 0 0 0 0 0 0 0 0
 0 0 0 1 1 1 1 1 1 1 2 0 0 1 1 1 3 3 6 6 6 5 5 5 4 4 10 7 7 7 4 4 5 5 3 1 1 1 0 0 0 0 0 0 0 0
 0 0 0 1 1 1 1 1 1 1 2 0 0 1 1 1 3 3 6 6 6 5 5 5 4 4 10 7 7 7 4 4 5 5 3 1 1 1 0 0 0 0 0 0 0 0
 0 0 1 1 1 1 1 1 2 2 2 0 0 1 2 2 3 3 5 6 6 4 3 3 3 3 8 6 6 7 6 6 8 8 4 1 1 1 1 1 0 0 1 1 1 0
 1 1 1 1 1 1 1 1 1 1 1 1 1 1 1 1 2 2 3 3 3 3 3 3 3 3 4 4 4 5 5 5 7 7 4 3 3 1 1 1 2 2 2 2 2 1
 1 1 1 1 1 1 1 1 1 1 1 1 1 1 1 1 2 2 3 3 3 3 3 3 3 3 4 4 4 5 5 5 7 7 4 3 3 1 1 1 2 2 2 2 2 1
 0 0 1 2 2 1 1 1 2 2 1 1 1 1 1 1 1 1 4 2 2 2 1 1 2 2 1 1 1 0 4 4 4 4 4 3 3 2 1 1 1 1 2 2 2 2
 0 0 2 2 2 1 1 1 1 1 1 1 1 0 0 0 0 0 0 1 1 2 1 1 1 1 1 1 1 0 0 0 1 1 1 1 1 0 0 0 1 1 2 1 1 1
 0 0 2 2 2 1 1 1 1 1 1 1 1 0 0 0 0 0 0 1 1 2 1 1 1 1 1 1 1 0 0 0 1 1 1 1 1 0 0 0 1 1 2 1 1 1
 0 0 2 2 2 2 2 2 2 2 2 1 1 0 0 0 0 0 0 1 1 2 2 2 1 1 1 0 0 0 0 0 1 1 1 1 1 1 0 0 0 0 0 1 1 1
 0 0 2 2 2 2 2 2 2 2 2 1 1 0 0 0 0 0 0 1 1 2 2 2 1 1 1 0 0 0 0 0 1 1 1 1 1 1 0 0 0 0 0 1 1 1
 2 2 1 1 1 1 1 1 2 2 2 0 0 0 0 0 0 0 0 0 0 1 1 1 0 0 1 0 0 0 0 0 0 0 4 1 1 2 1 1 1 1 1 0 0 0
 1 1 1 1 1 1 1 1 1 1 1 0 0 0 0 0 0 0 0 0 0 0 0 0 4 4 2 0 0 0 0 0 0 0 1 1 1 4 3 3 1 1 1 1 1 1
 1 1 1 1 1 1 1 1 1 1 1 0 0 0 0 0 0 0 0 0 0 0 0 0 4 4 2 0 0 0 0 0 0 0 1 1 1 4 3 3 1 1 1 1 1 1
 1 1 1 1 1 1 1 1 1 1 1 0 0 0 0 0 0 0 1 1 1 1 2 2 0 0 2 0 0 1 1 1 1 1 3 2 2 3 1 1 1 1 1 1 1 0
 0 0 0 0 0 1 1 1 1 1 1 0 0 0 0 0 0 0 0 0 0 1 1 1 0 0 1 0 0 2 1 1 1 1 1 0 0 1 0 0 0 0 0 1 1 0
 0 0 0 0 0 1 1 1 1 1 1 0 0 0 0 0 0 0 0 0 0 1 1 1 0 0 1 0 0 2 1 1 1 1 1 0 0 1 0 0 0 0 0 1 1 0
 0 0 0 0 0 1 1 1 1 1 0 0 0 0 0 0 0 0 0 1 1 1 0 0 0 0 0 0 0 2 8 8 1 1 0 0 0 0 0 0 0 0 0 0 0 0
 0 0 0 0 0 1 1 1 1 1 0 0 0 0 0 0 0 0 0 1 1 1 0 0 0 0 0 0 0 2 8 8 1 1 0 0 0 0 0 0 0 0 0 0 0 0
 0 0 0 0 0 0 0 0 1 1 0 0 0 0 0 0 0 0 0 0 0 0 0 0 0 0 0 0 0 0 1 1 1 1 0 0 0 0 0 0 0 0 0 0 0 0
 0 0 0 1 1 0 0 0 0 0 0 0 0 0 0 0 0 0 0 0 0 0 0 0 1 1 0 0 0 0 0 0 0 0 0 0 0 0 0 0 0 0 0 0 0 0
 0 0 0 1 1 0 0 0 0 0 0 0 0 0 0 0 0 0 0 0 0 0 0 0 1 1 0 0 0 0 0 0 0 0 0 0 0 0 0 0 0 0 0 0 0 0
 0 0 0 1 1 1 1 1 1 1 0 0 0 0 0 0 0 0 0 0 0 0 1 1 1 1 0 0 0 1 0 0 0 0 0 0 0 0 0 0 0 0 1 0 0 0
 0 0 0 1 1 1 1 1 0 0 0 0 0 0 0 0 0 0 0 0 0 0 0 0 0 0 0 0 0 0 0 0 0 0 0 0 0 0 0 0 0 0 0 0 0 0
 0 0 0 1 1 1 1 1 0 0 0 0 0 0 0 0 0 0 0 0 0 0 0 0 0 0 0 0 0 0 0 0 0 0 0 0 0 0 0 0 0 0 0 0 0 0
 0 0 0 1 1 1 1 1 0 0 0 0 0 0 0 0 0 0 0 0 0 1 1 1 1 1 0 1 1 0 0 0 0 0 0 1 1 0 0 0 0 0 0 0 0 0
 0 0 0 1 1 1 1 1 0 0 0 0 0 0 0 0 0 0 0 0 0 1 1 1 1 1 0 1 1 0 0 0 0 0 0 1 1 0 0 0 0 0 0 0 0 0
 0 0 1 1 1 1 1 1 0 0 0 0 0 0 0 0 0 0 0 0 0 0 1 1 1 1 0 1 1 0 0 0 0 0 0 0 0 0 0 0 0 0 0 0 0 1
 0 0 1 1 1 1 1 1 0 0 0 0 0 0 0 0 0 0 0 0 0 0 1 1 1 1 0 0 0 0 0 0 0 0 0 0 0 0 0 0 0 0 0 0 0 1
 0 0 1 1 1 1 1 1 0 0 0 0 0 0 0 0 0 0 0 0 0 0 1 1 1 1 0 0 0 0 0 0 0 0 0 0 0 0 0 0 0 0 0 0 0 1
 0 0 1 1 1 1 0 0 0 0 0 0 0 0 0 0 0 0 0 0 0 0 1 1 1 1 0 0 0 0 0 0 0 0 0 0 0 0 0 0 0 0 0 0 0 0
 0 0 1 1 1 1 0 0 0 0 0 0 0 0 0 0 0 0 0 0 0 0 0 0 1 1 1 1 1 0 0 0 0 0 0 0 0 0 0 0 0 0 0 0 0 0
 0 0 1 1 1 1 0 0 0 0 0 0 0 0 0 0 0 0 0 0 0 0 0 0 1 1 1 1 1 0 0 0 0 0 0 0 0 0 0 0 0 0 0 0 0 0
 1 1 1 1 1 1 0 0 0 0 0 0 0 0 0 0 0 0 0 0 0 0 0 0 1 1 1 0 0 0 0 0 0 0 0 0 0 0 0 0 0 0 0 0 0 0
 1 1 1 1 1 1 0 0 0 0 0 0 0 0 0 0 0 0 0 0 0 0 0 0 1 1 1 0 0 0 0 0 0 0 0 0 0 0 0 0 0 0 0 0 0 0
 1 1 1 1 1 1 0 0 0 0 0 0 0 0 0 0 0 0 0 0 0 0 0 0 0 0 1 1 1 1 0 0 0 0 0 0 0 0 0 0 1 1 0 0 0 0
 0 0 0 1 1 0 0 0 0 0 0 0 0 0 0 0 0 0 0 0 0 0 0 0 0 0 1 1 1 1 0 0 0 0 0 0 0 0 0 0 1 1 0 0 0 0
 0 0 0 1 1 0 0 0 0 0 0 0 0 0 0 0 0 0 0 0 0 0 0 0 0 0 1 1 1 1 0 0 0 0 0 0 0 0 0 0 1 1 0 0 0 0
 0 0 0 0 0 1 0 0 0 0 0 0 0 0 0 0 0 0 0 0 0 0 0 0 3 3 2 1 1 2 1 1 0 0 0 0 0 0 0 0 1 1 2 2 2 0
 0 0 0 0 0 0 1 1 0 0 0 0 0 0 0 0 0 0 0 0 0 0 0 0 0 0 0 0 0 1 1 1 1 1 1 1 1 0 0 0 0 0 1 0 0 0
 0 0 0 0 0 0 1 1 0 0 0 0 0 0 0 0 0 0 0 0 0 0 0 0 0 0 0 0 0 1 1 1 1 1 1 1 1 0 0 0 0 0 1 0 0 0
 0 0 0 0 0 0 1 1 0 0 0 0 0 0 0 0 0 0 0 0 0 0 0 0 0 0 0 0 0 1 1 1 1 1 2 0 0 0 0 0 0 0 0 0 0 1
 0 0 0 0 0 0 1 1 0 0 0 0 0 0 0 0 0 0 0 0 0 0 0 0 0 0 0 0 0 1 1 1 1 1 2 0 0 0 0 0 0 0 0 0 0 1
 0 0 0 0 0 0 1 1 0 0 0 0 0 0 0 0 0 0 0 0 0 0 0 0 0 0 0 0 0 0 1 1 2 2 2 1 1 1 0 0 0 0 0 0 0 1
 0 0 1 0 0 0 1 1 0 0 0 0 0 0 0 0 0 0 0 0 0 0 0 0 0 0 0 0 0 0 0 0 1 1 2 2 2 1 0 0 0 0 0 0 0 0
 0 0 1 0 0 0 1 1 0 0 0 0 0 0 0 0 0 0 0 0 0 0 0 0 0 0 0 0 0 0 0 0 1 1 2 2 2 1 0 0 0 0 0 0 0 0
 0 0 1 1 1 0 1 1 0 0 0 0 0 0 0 0 0 0 1 0 0 0 1 1 1 1 0 0 0 1 0 0 1 1 2 2 2 2 2 2 1 1 1 0 0 1
 0 0 0 1 1 1 0 0 0 0 0 0 0 0 0 0 0 0 0 0 0 0 0 0 0 0 0 1 1 0 0 0 0 0 1 2 2 2 2 2 2 2 4 3 3 3
