assets/RAT_results_old/precipitation/2018-06-21_IMERG.asc
ncols        46
nrows        77
xllcorner    74.800261325624
yllcorner    8.058333333333
cellsize     0.062500000000
NODATA_value -9999
 16 16 13 11 11 13 9 9 24 24 8 7 7 5 5 5 5 5 3 3 3 2 4 4 2 2 3 1 1 2 0 0 0 0 0 0 0 0 0 0 0 0 1 3 3 1
 13 13 9 11 11 17 14 14 8 8 9 17 17 6 5 5 5 5 10 3 3 1 6 6 2 2 2 3 3 0 0 0 0 0 0 0 0 0 0 0 0 0 0 0 0 0
 13 13 9 11 11 17 14 14 8 8 9 17 17 6 5 5 5 5 10 3 3 1 6 6 2 2 2 3 3 0 0 0 0 0 0 0 0 0 0 0 0 0 0 0 0 0
 16 16 14 24 24 9 16 16 18 18 19 18 18 8 7 7 3 3 4 2 2 1 4 4 2 2 6 1 1 2 1 1 0 0 0 0 0 0 0 0 0 0 0 0 0 0
 10 10 8 6 6 7 7 7 10 10 13 10 10 14 6 6 3 3 2 2 2 0 2 2 3 3 1 0 0 0 1 1 0 0 1 1 1 0 0 0 0 0 0 0 0 0
 10 10 8 6 6 7 7 7 10 10 13 10 10 14 6 6 3 3 2 2 2 0 2 2 3 3 1 0 0 0 1 1 0 0 1 1 1 0 0 0 0 0 0 0 0 0
 9 9 7 7 7 9 6 6 8 8 9 5 5 2 3 3 4 4 1 2 2 1 4 4 1 1 1 0 0 0 0 0 2 2 2 1 1 0 0 0 0 0 0 0 0 0
 9 9 7 7 7 9 6 6 8 8 9 5 5 2 3 3 4 4 1 2 2 1 4 4 1 1 1 0 0 0 0 0 2 2 2 1 1 0 0 0 0 0 0 0 0 0
 14 14 11 19 19 8 11 11 17 17 14 2 2 1 0 0 1 1 1 1 1 1 2 2 8 8 2 0 0 0 0 0 0 0 0 0 0 0 0 0 0 0 0 0 0 0
 19 19 18 14 14 9 11 11 6 6 2 2 2 1 1 1 1 1 1 1 1 1 3 3 3 3 1 1 1 1 1 1 0 0 0 0 0 0 0 0 0 0 0 0 0 0
 19 19 18 14 14 9 11 11 6 6 2 2 2 1 1 1 1 1 1 1 1 1 3 3 3 3 1 1 1 1 1 1 0 0 0 0 0 0 0 0 0 0 0 0 0 0
 30 30 29 26 26 15 10 10 7 7 5 7 7 6 11 11 1 1 1 1 1 3 3 3 4 4 2 8 8 5 3 3 2 2 0 1 1 0 1 1 0 0 0 0 0 0
 42 42 42 42 42 30 23 23 22 22 14 12 12 7 9 9 8 8 11 13 13 7 10 10 8 8 11 9 9 10 6 6 4 4 1 2 2 7 1 1 0 0 0 0 0 0
 42 42 42 42 42 30 23 23 22 22 14 12 12 7 9 9 8 8 11 13 13 7 10 10 8 8 11 9 9 10 6 6 4 4 1 2 2 7 1 1 0 0 0 0 0 0
 50 50 55 61 61 52 41 41 22 22 24 19 19 21 22 22 21 21 22 26 26 20 13 13 25 25 18 12 12 9 6 6 5 5 4 0 0 0 0 0 0 0 0 0 0 0
 50 50 55 61 61 52 41 41 22 22 24 19 19 21 22 22 21 21 22 26 26 20 13 13 25 25 18 12 12 9 6 6 5 5 4 0 0 0 0 0 0 0 0 0 0 0
 83 83 85 85 85 73 66 66 43 43 33 24 24 24 24 24 24 24 37 58 58 44 45 45 18 18 12 12 12 10 5 5 3 3 2 0 0 1 0 0 0 0 0 0 0 0
 77 77 82 86 86 81 92 92 44 44 36 33 33 30 40 40 26 26 41 37 37 27 20 20 12 12 9 11 11 5 4 4 3 3 2 0 0 0 1 1 0 0 0 0 0 0
 77 77 82 86 86 81 92 92 44 44 36 33 33 30 40 40 26 26 41 37 37 27 20 20 12 12 9 11 11 5 4 4 3 3 2 0 0 0 1 1 0 0 0 0 0 0
 71 71 83 101 101 96 94 94 49 49 35 47 47 37 34 34 28 28 35 36 36 27 13 13 11 11 7 8 8 4 3 3 4 4 6 0 0 0 0 0 0 0 0 0 0 0
 62 62 71 89 89 93 98 98 65 65 65 56 56 45 35 35 26 26 19 15 15 11 4 4 7 7 5 6 6 3 2 2 1 1 1 1 1 0 0 0 0 0 0 0 0 0
 62 62 71 89 89 93 98 98 65 65 65 56 56 45 35 35 26 26 19 15 15 11 4 4 7 7 5 6 6 3 2 2 1 1 1 1 1 0 0 0 0 0 0 0 0 0
 73 73 56 77 77 87 90 90 47 47 38 43 43 36 24 24 17 17 18 28 28 14 4 4 1 1 1 2 2 2 1 1 1 1 0 1 1 0 0 0 0 0 0 0 0 0
 73 73 56 77 77 87 90 90 47 47 38 43 43 36 24 24 17 17 18 28 28 14 4 4 1 1 1 2 2 2 1 1 1 1 0 1 1 0 0 0 0 0 0 0 0 0
 27 27 23 31 31 34 41 41 40 40 44 29 29 26 29 29 19 19 20 15 15 5 3 3 1 1 2 1 1 1 0 0 0 0 0 0 0 0 0 0 0 0 0 0 0 0
 25 25 21 26 26 17 23 23 21 21 26 23 23 21 32 32 22 22 32 12 12 11 3 3 1 1 1 3 3 1 1 1 0 0 0 0 0 0 0 0 0 0 0 0 0 0
 25 25 21 26 26 17 23 23 21 21 26 23 23 21 32 32 22 22 32 12 12 11 3 3 1 1 1 3 3 1 1 1 0 0 0 0 0 0 0 0 0 0 0 0 0 0
 25 25 24 21 21 24 25 25 25 25 22 13 13 14 14 14 19 19 23 18 18 14 23 23 5 5 6 1 1 3 0 0 0 0 0 0 0 0 0 0 0 0 0 0 0 0
 24 24 21 22 22 21 34 34 21 21 14 14 14 13 15 15 21 21 14 20 20 17 12 12 14 14 14 4 4 2 0 0 0 0 0 0 0 0 0 0 0 0 0 0 0 0
 24 24 21 22 22 21 34 34 21 21 14 14 14 13 15 15 21 21 14 20 20 17 12 12 14 14 14 4 4 2 0 0 0 0 0 0 0 0 0 0 0 0 0 0 0 0
 20 20 21 21 21 23 19 19 23 23 19 14 14 12 18 18 19 19 18 25 25 42 26 26 26 26 15 11 11 6 1 1 1 1 0 0 0 2 1 1 0 0 0 0 0 0
 20 20 21 21 21 23 19 19 23 23 19 14 14 12 18 18 19 19 18 25 25 42 26 26 26 26 15 11 11 6 1 1 1 1 0 0 0 2 1 1 0 0 0 0 0 0
 21 21 25 21 21 23 22 22 23 23 26 18 18 21 21 21 23 23 19 32 32 19 28 28 25 25 14 9 9 16 2 2 0 0 0 2 2 0 0 0 0 0 0 0 0 0
 23 23 20 21 21 21 24 24 31 31 44 20 20 27 23 23 28 28 41 28 28 37 46 46 23 23 27 8 8 4 3 3 9 9 0 1 1 1 2 2 0 0 0 0 0 0
 23 23 20 21 21 21 24 24 31 31 44 20 20 27 23 23 28 28 41 28 28 37 46 46 23 23 27 8 8 4 3 3 9 9 0 1 1 1 2 2 0 0 0 0 0 0
 17 17 20 18 18 20 37 37 35 35 58 27 27 22 29 29 31 31 31 28 28 26 26 26 20 20 8 2 2 5 0 0 0 0 1 0 0 0 2 2 0 0 1 1 1 0
 22 22 17 21 21 22 38 38 29 29 27 33 33 16 16 16 21 21 20 32 32 29 16 16 10 10 5 3 3 2 0 0 0 0 0 1 1 1 1 1 1 1 1 1 1 0
 22 22 17 21 21 22 38 38 29 29 27 33 33 16 16 16 21 21 20 32 32 29 16 16 10 10 5 3 3 2 0 0 0 0 0 1 1 1 1 1 1 1 1 1 1 0
 14 14 12 14 14 16 19 19 31 31 21 30 30 24 16 16 15 15 24 30 30 24 21 21 10 10 4 4 4 2 2 2 1 1 2 2 2 2 2 2 1 1 0 1 1 1
 14 14 12 14 14 16 19 19 31 31 21 30 30 24 16 16 15 15 24 30 30 24 21 21 10 10 4 4 4 2 2 2 1 1 2 2 2 2 2 2 1 1 0 1 1 1
 13 13 7 9 9 13 13 13 18 18 45 21 21 20 15 15 12 12 31 19 19 17 27 27 9 9 7 6 6 9 7 7 6 6 3 7 7 7 6 6 3 3 2 1 1 1
 4 4 7 6 6 8 8 8 11 11 53 26 26 27 23 23 18 18 44 33 33 14 9 9 4 4 8 5 5 7 11 11 15 15 12 12 12 7 8 8 5 5 1 2 2 1
 4 4 7 6 6 8 8 8 11 11 53 26 26 27 23 23 18 18 44 33 33 14 9 9 4 4 8 5 5 7 11 11 15 15 12 12 12 7 8 8 5 5 1 2 2 1
 3 3 4 6 6 24 7 7 18 18 42 37 37 31 38 38 37 37 77 15 15 9 9 9 4 4 9 8 8 17 19 19 16 16 13 13 13 13 7 7 6 6 3 3 3 1
 5 5 6 7 7 4 8 8 9 9 21 21 21 28 23 23 61 61 75 20 20 12 8 8 6 6 7 18 18 22 38 38 18 18 15 10 10 11 4 4 3 3 1 1 1 0
 5 5 6 7 7 4 8 8 9 9 21 21 21 28 23 23 61 61 75 20 20 12 8 8 6 6 7 18 18 22 38 38 18 18 15 10 10 11 4 4 3 3 1 1 1 0
 2 2 3 4 4 6 6 6 8 8 9 10 10 10 20 20 42 42 53 42 42 16 12 12 13 13 24 21 21 22 36 36 17 17 12 6 6 5 1 1 1 1 1 1 1 0
 2 2 3 4 4 6 6 6 8 8 9 10 10 10 20 20 42 42 53 42 42 16 12 12 13 13 24 21 21 22 36 36 17 17 12 6 6 5 1 1 1 1 1 1 1 0
 2 2 5 3 3 4 5 5 9 9 9 12 12 11 11 11 30 30 41 55 55 21 18 18 15 15 19 26 26 26 18 18 16 16 10 6 6 4 1 1 1 1 2 1 1 0
 1 1 5 4 4 3 4 4 12 12 15 12 12 14 18 18 28 28 41 41 41 21 12 12 18 18 20 12 12 15 14 14 11 11 9 6 6 7 2 2 0 0 0 1 1 0
 1 1 5 4 4 3 4 4 12 12 15 12 12 14 18 18 28 28 41 41 41 21 12 12 18 18 20 12 12 15 14 14 11 11 9 6 6 7 2 2 0 0 0 1 1 0
 1 1 3 12 12 3 3 3 12 12 17 14 14 12 20 20 28 28 39 37 37 30 19 19 14 14 18 15 15 14 15 15 13 13 12 4 4 2 1 1 0 0 1 1 1 0
 1 1 4 7 7 10 7 7 12 12 13 12 12 10 17 17 28 28 23 23 23 26 21 21 14 14 16 16 16 12 11 11 9 9 8 6 6 1 2 2 1 1 1 1 1 0
 1 1 4 7 7 10 7 7 12 12 13 12 12 10 17 17 28 28 23 23 23 26 21 21 14 14 16 16 16 12 11 11 9 9 8 6 6 1 2 2 1 1 1 1 1 0
 2 2 2 8 8 6 12 12 11 11 16 12 12 11 11 11 22 22 23 16 16 42 17 17 19 19 13 22 22 22 11 11 5 5 12 4 4 2 1 1 1 1 1 0 0 0
 2 2 2 8 8 6 12 12 11 11 16 12 12 11 11 11 22 22 23 16 16 42 17 17 19 19 13 22 22 22 11 11 5 5 12 4 4 2 1 1 1 1 1 0 0 0
 2 2 2 2 2 18 8 8 14 14 13 12 12 8 10 10 23 23 13 12 12 14 13 13 55 55 22 42 42 8 5 5 4 4 10 7 7 4 3 3 1 1 1 0 0 0
 1 1 1 2 2 3 9 9 11 11 16 14 14 10 9 9 18 18 11 8 8 12 11 11 62 62 18 24 24 7 3 3 3 3 2 1 1 4 1 1 1 1 0 1 1 0
 1 1 1 2 2 3 9 9 11 11 16 14 14 10 9 9 18 18 11 8 8 12 11 11 62 62 18 24 24 7 3 3 3 3 2 1 1 4 1 1 1 1 0 1 1 0
 1 1 1 1 1 2 4 4 12 12 9 17 17 15 11 11 29 29 24 8 8 7 11 11 13 13 21 8 8 8 4 4 4 4 3 1 1 1 1 1 1 1 1 0 0 0
 1 1 1 1 1 1 1 1 2 2 7 9 9 15 16 16 27 27 23 17 17 6 4 4 3 3 1 2 2 7 4 4 8 8 4 1 1 0 0 0 3 3 2 1 1 0
 1 1 1 1 1 1 1 1 2 2 7 9 9 15 16 16 27 27 23 17 17 6 4 4 3 3 1 2 2 7 4 4 8 8 4 1 1 0 0 0 3 3 2 1 1 0
 1 1 1 1 1 1 1 1 1 1 1 9 9 3 8 8 15 15 23 19 19 14 4 4 5 5 1 2 2 2 2 2 3 3 7 1 1 0 0 0 1 1 1 0 0 0
 1 1 1 1 1 1 1 1 1 1 1 9 9 3 8 8 15 15 23 19 19 14 4 4 5 5 1 2 2 2 2 2 3 3 7 1 1 0 0 0 1 1 1 0 0 0
 2 2 1 1 1 1 1 1 2 2 2 2 2 3 2 2 1 1 5 21 21 14 9 9 6 6 4 2 2 3 4 4 2 2 6 2 2 2 1 1 3 3 3 0 0 0
 2 2 1 1 1 2 2 2 2 2 2 1 1 1 1 1 1 1 1 9 9 8 6 6 8 8 7 4 4 5 5 5 4 4 7 4 4 8 4 4 3 3 2 0 0 0
 2 2 1 1 1 2 2 2 2 2 2 1 1 1 1 1 1 1 1 9 9 8 6 6 8 8 7 4 4 5 5 5 4 4 7 4 4 8 4 4 3 3 2 0 0 0
 2 2 1 1 1 2 2 2 2 2 1 1 1 1 1 1 0 0 1 2 2 6 9 9 6 6 5 6 6 4 6 6 4 4 5 5 5 7 5 5 4 4 0 0 0 0
 2 2 2 2 2 2 2 2 1 1 1 1 1 1 1 1 1 1 1 1 1 2 4 4 5 5 4 6 6 3 2 2 5 5 5 4 4 2 0 0 0 0 1 1 1 0
 2 2 2 2 2 2 2 2 1 1 1 1 1 1 1 1 1 1 1 1 1 2 4 4 5 5 4 6 6 3 2 2 5 5 5 4 4 2 0 0 0 0 1 1 1 0
 2 2 2 1 1 0 0 0 0 0 0 1 1 1 1 1 1 1 1 1 1 1 2 2 3 3 5 5 5 4 2 2 2 2 4 2 2 1 0 0 0 0 0 1 1 0
 2 2 2 1 1 0 0 0 0 0 0 1 1 1 1 1 1 1 1 1 1 1 2 2 3 3 5 5 5 4 2 2 2 2 4 2 2 1 0 0 0 0 0 1 1 0
 2 2 2 1 1 0 0 0 0 0 0 0 0 1 1 1 1 1 1 1 1 1 1 1 2 2 3 8 8 3 11 11 6 6 4 3 3 2 1 1 0 0 0 1 1 0
 2 2 2 2 2 1 1 1 0 0 0 0 0 1 1 1 1 1 1 1 1 1 1 1 1 1 3 2 2 5 5 5 11 11 3 2 2 2 1 1 1 1 0 0 0 0
 2 2 2 2 2 1 1 1 0 0 0 0 0 1 1 1 1 1 1 1 1 1 1 1 1 1 3 2 2 5 5 5 11 11 3 2 2 2 1 1 1 1 0 0 0 0
 4 4 5 4 4 3 1 1 1 1 1 0 0 0 2 2 2 2 2 1 1 1 0 0 0 0 1 2 2 5 7 7 9 9 2 1 1 1 2 2 1 1 1 1 1 1
 4 4 5 7 7 8 7 7 5 5 3 2 2 1 6 6 5 5 2 1 1 1 0 0 0 0 0 0 0 0 3 3 5 5 1 1 1 1 1 1 1 1 3 0 0 0
