assets/RAT_results_old/precipitation/2018-11-20_IMERG.asc
ncols        46
nrows        77
xllcorner    74.800261325624
yllcorner    8.058333333333
cellsize     0.062500000000
NODATA_value -9999
 0 0 0 0 0 0 0 0 0 0 0 0 0 0 0 0 0 0 0 0 0 0 0 0 0 0 0 0 0 0 0 0 0 0 0 0 0 0 0 0 0 0 0 0 0 0
 0 0 0 0 0 0 0 0 0 0 0 0 0 0 0 0 0 0 0 0 0 0 0 0 0 0 0 0 0 0 0 0 0 0 0 0 0 0 0 0 0 0 0 0 0 0
 0 0 0 0 0 0 0 0 0 0 0 0 0 0 0 0 0 0 0 0 0 0 0 0 0 0 0 0 0 0 0 0 0 0 0 0 0 0 0 0 0 0 0 0 0 0
 0 0 0 0 0 0 0 0 0 0 0 0 0 0 0 0 0 0 0 0 0 0 0 0 0 0 0 0 0 0 0 0 0 0 0 0 0 0 0 0 0 0 0 0 0 0
 0 0 0 0 0 0 0 0 0 0 0 0 0 0 0 0 0 0 0 0 0 0 0 0 0 0 0 0 0 0 0 0 0 0 0 0 0 0 0 0 0 0 0 0 0 0
 0 0 0 0 0 0 0 0 0 0 0 0 0 0 0 0 0 0 0 0 0 0 0 0 0 0 0 0 0 0 0 0 0 0 0 0 0 0 0 0 0 0 0 0 0 0
 0 0 0 0 0 0 0 0 0 0 0 0 0 0 0 0 0 0 0 0 0 0 0 0 0 0 0 0 0 0 0 0 0 0 0 0 0 0 0 0 0 0 0 0 0 0
 0 0 0 0 0 0 0 0 0 0 0 0 0 0 0 0 0 0 0 0 0 0 0 0 0 0 0 0 0 0 0 0 0 0 0 0 0 0 0 0 0 0 0 0 0 0
 0 0 0 0 0 0 0 0 0 0 0 0 0 0 0 0 0 0 0 0 0 0 0 0 0 0 0 0 0 0 0 0 0 0 0 0 0 0 0 0 0 0 0 0 0 0
 0 0 0 0 0 0 0 0 0 0 0 0 0 0 0 0 0 0 0 0 0 0 0 0 0 0 0 0 0 0 0 0 0 0 0 0 0 0 0 0 0 0 0 0 0 0
 0 0 0 0 0 0 0 0 0 0 0 0 0 0 0 0 0 0 0 0 0 0 0 0 0 0 0 0 0 0 0 0 0 0 0 0 0 0 0 0 0 0 0 0 0 0
 0 0 0 0 0 0 0 0 0 0 0 0 0 0 0 0 0 0 0 0 0 0 0 0 0 0 0 0 0 0 0 0 0 0 0 0 0 0 0 0 0 0 0 0 0 0
 1 1 0 0 0 0 0 0 0 0 0 0 0 0 0 0 0 0 0 0 0 0 0 0 0 0 0 0 0 0 0 0 0 0 0 0 0 0 0 0 0 0 0 0 0 0
 1 1 0 0 0 0 0 0 0 0 0 0 0 0 0 0 0 0 0 0 0 0 0 0 0 0 0 0 0 0 0 0 0 0 0 0 0 0 0 0 0 0 0 0 0 0
 1 1 0 0 0 0 0 0 0 0 0 0 0 0 0 0 0 0 0 0 0 0 0 0 0 0 0 0 0 0 0 0 0 0 1 0 0 0 0 0 0 0 0 0 0 0
 1 1 0 0 0 0 0 0 0 0 0 0 0 0 0 0 0 0 0 0 0 0 0 0 0 0 0 0 0 0 0 0 0 0 1 0 0 0 0 0 0 0 0 0 0 0
 1 1 0 0 0 0 0 0 0 0 0 0 0 0 0 0 0 0 0 0 0 0 0 0 0 0 0 0 0 0 0 0 0 0 0 0 0 0 0 0 0 0 0 0 0 0
 1 1 0 0 0 0 0 0 0 0 0 0 0 0 0 0 0 0 0 0 0 0 0 0 0 0 0 0 0 0 0 0 0 0 0 0 0 0 0 0 0 0 0 0 0 0
 1 1 0 0 0 0 0 0 0 0 0 0 0 0 0 0 0 0 0 0 0 0 0 0 0 0 0 0 0 0 0 0 0 0 0 0 0 0 0 0 0 0 0 0 0 0
 1 1 0 0 0 0 0 0 0 0 0 0 0 0 0 0 0 0 1 2 2 1 0 0 0 0 0 0 0 0 0 0 0 0 0 0 0 0 0 0 0 0 0 0 0 0
 4 4 1 0 0 0 0 0 0 0 0 0 0 0 0 0 1 1 2 7 7 4 1 1 1 1 0 1 1 0 0 0 0 0 0 0 0 0 0 0 0 0 0 0 0 0
 4 4 1 0 0 0 0 0 0 0 0 0 0 0 0 0 1 1 2 7 7 4 1 1 1 1 0 1 1 0 0 0 0 0 0 0 0 0 0 0 0 0 0 0 0 0
 5 5 3 1 1 0 0 0 0 0 0 0 0 0 0 0 1 1 2 5 5 5 1 1 0 0 1 0 0 0 0 0 0 0 0 0 0 0 0 0 0 0 0 0 0 0
 5 5 3 1 1 0 0 0 0 0 0 0 0 0 0 0 1 1 2 5 5 5 1 1 0 0 1 0 0 0 0 0 0 0 0 0 0 0 0 0 0 0 0 0 0 0
 4 4 3 4 4 4 0 0 0 0 0 1 1 1 1 1 2 2 1 4 4 0 0 0 0 0 0 0 0 0 0 0 0 0 0 0 0 0 0 0 0 0 0 0 0 0
 8 8 6 6 6 6 7 7 0 0 1 0 0 1 1 1 2 2 2 1 1 4 1 1 0 0 0 0 0 0 0 0 0 0 0 0 0 0 0 0 0 0 0 0 0 0
 8 8 6 6 6 6 7 7 0 0 1 0 0 1 1 1 2 2 2 1 1 4 1 1 0 0 0 0 0 0 0 0 0 0 0 0 0 0 0 0 0 0 0 0 0 0
 15 15 9 9 9 6 8 8 9 9 9 4 4 1 1 1 1 1 1 1 1 18 6 6 0 0 5 1 1 1 0 0 0 0 0 0 0 0 0 0 0 0 0 0 0 0
 14 14 13 11 11 8 14 14 19 19 9 14 14 3 1 1 1 1 0 0 0 16 9 9 6 6 1 0 0 0 0 0 0 0 0 0 0 0 0 0 0 0 0 0 0 0
 14 14 13 11 11 8 14 14 19 19 9 14 14 3 1 1 1 1 0 0 0 16 9 9 6 6 1 0 0 0 0 0 0 0 0 0 0 0 0 0 0 0 0 0 0 0
 21 21 23 11 11 9 15 15 23 23 13 17 17 8 3 3 2 2 1 0 0 1 1 1 1 1 0 0 0 0 0 0 0 0 0 0 0 0 0 0 0 0 0 0 0 0
 21 21 23 11 11 9 15 15 23 23 13 17 17 8 3 3 2 2 1 0 0 1 1 1 1 1 0 0 0 0 0 0 0 0 0 0 0 0 0 0 0 0 0 0 0 0
 21 21 21 24 24 11 12 12 12 12 13 20 20 11 5 5 5 5 17 1 1 1 3 3 5 5 1 1 1 0 0 0 0 0 0 0 0 0 0 0 0 0 0 0 0 0
 12 12 19 17 17 10 11 11 13 13 58 15 15 14 6 6 5 5 7 24 24 4 3 3 5 5 1 1 1 0 0 0 0 0 0 0 0 0 0 0 0 0 0 0 0 0
 12 12 19 17 17 10 11 11 13 13 58 15 15 14 6 6 5 5 7 24 24 4 3 3 5 5 1 1 1 0 0 0 0 0 0 0 0 0 0 0 0 0 0 0 0 0
 10 10 14 13 13 8 9 9 9 9 15 14 14 13 22 22 30 30 18 5 5 10 8 8 13 13 13 0 0 0 0 0 1 1 0 0 0 0 0 0 0 0 0 0 0 0
 11 11 14 13 13 8 9 9 10 10 12 15 15 27 17 17 18 18 16 22 22 12 8 8 13 13 0 0 0 0 0 0 1 1 1 0 0 2 0 0 0 0 0 0 0 0
 11 11 14 13 13 8 9 9 10 10 12 15 15 27 17 17 18 18 16 22 22 12 8 8 13 13 0 0 0 0 0 0 1 1 1 0 0 2 0 0 0 0 0 0 0 0
 26 26 14 13 13 7 9 9 11 11 14 14 14 29 17 17 28 28 29 23 23 10 3 3 0 0 0 0 0 0 0 0 0 0 1 0 0 1 0 0 0 0 0 0 0 0
 26 26 14 13 13 7 9 9 11 11 14 14 14 29 17 17 28 28 29 23 23 10 3 3 0 0 0 0 0 0 0 0 0 0 1 0 0 1 0 0 0 0 0 0 0 0
 17 17 15 6 6 8 9 9 7 7 12 9 9 22 54 54 26 26 34 26 26 7 3 3 2 2 1 0 0 0 0 0 0 0 2 1 1 1 1 1 0 0 1 0 0 0
 14 14 12 7 7 8 13 13 9 9 14 26 26 18 29 29 25 25 23 4 4 4 4 4 1 1 0 2 2 1 0 0 1 1 2 2 2 2 1 1 0 0 1 1 1 0
 14 14 12 7 7 8 13 13 9 9 14 26 26 18 29 29 25 25 23 4 4 4 4 4 1 1 0 2 2 1 0 0 1 1 2 2 2 2 1 1 0 0 1 1 1 0
 11 11 12 8 8 6 8 8 20 20 16 31 31 50 26 26 57 57 25 5 5 3 4 4 2 2 1 0 0 2 5 5 6 6 2 2 2 2 1 1 1 1 0 0 0 0
 9 9 10 7 7 9 8 8 20 20 25 33 33 56 37 37 20 20 25 4 4 5 9 9 2 2 4 4 4 5 19 19 10 10 4 3 3 4 1 1 0 0 0 0 0 0
 9 9 10 7 7 9 8 8 20 20 25 33 33 56 37 37 20 20 25 4 4 5 9 9 2 2 4 4 4 5 19 19 10 10 4 3 3 4 1 1 0 0 0 0 0 0
 6 6 3 4 4 8 8 8 21 21 28 39 39 50 117 117 26 26 13 11 11 16 8 8 9 9 4 5 5 11 31 31 10 10 8 7 7 3 0 0 0 0 0 0 0 0
 6 6 3 4 4 8 8 8 21 21 28 39 39 50 117 117 26 26 13 11 11 16 8 8 9 9 4 5 5 11 31 31 10 10 8 7 7 3 0 0 0 0 0 0 0 0
 3 3 2 1 1 7 10 10 19 19 29 34 34 41 91 91 37 37 16 10 10 17 16 16 34 34 34 24 24 11 31 31 25 25 15 2 2 1 0 0 0 0 0 0 0 0
 1 1 1 2 2 5 25 25 27 27 36 52 52 35 57 57 76 76 24 14 14 26 16 16 34 34 34 18 18 24 13 13 15 15 34 1 1 0 0 0 0 0 0 0 0 0
 1 1 1 2 2 5 25 25 27 27 36 52 52 35 57 57 76 76 24 14 14 26 16 16 34 34 34 18 18 24 13 13 15 15 34 1 1 0 0 0 0 0 0 0 0 0
 1 1 1 7 7 6 20 20 30 30 53 45 45 29 31 31 53 53 71 19 19 12 14 14 35 35 34 17 17 18 9 9 6 6 6 0 0 0 0 0 0 0 0 0 0 0
 2 2 4 10 10 5 18 18 11 11 46 32 32 26 54 54 66 66 40 13 13 2 15 15 16 16 16 11 11 14 7 7 4 4 5 0 0 0 0 0 1 1 1 0 0 0
 2 2 4 10 10 5 18 18 11 11 46 32 32 26 54 54 66 66 40 13 13 2 15 15 16 16 16 11 11 14 7 7 4 4 5 0 0 0 0 0 1 1 1 0 0 0
 1 1 2 7 7 2 12 12 23 23 43 27 27 33 28 28 51 51 19 15 15 6 16 16 17 17 15 5 5 6 8 8 2 2 0 0 0 1 4 4 4 4 0 0 0 0
 1 1 2 7 7 2 12 12 23 23 43 27 27 33 28 28 51 51 19 15 15 6 16 16 17 17 15 5 5 6 8 8 2 2 0 0 0 1 4 4 4 4 0 0 0 0
 1 1 2 2 2 7 5 5 76 76 43 31 31 21 24 24 31 31 17 15 15 5 5 5 6 6 7 5 5 5 2 2 2 2 1 0 0 3 5 5 5 5 6 0 0 0
 1 1 2 1 1 4 4 4 31 31 40 30 30 20 21 21 18 18 13 11 11 12 13 13 5 5 10 3 3 0 0 0 1 1 3 1 1 3 6 6 9 9 7 1 1 1
 1 1 2 1 1 4 4 4 31 31 40 30 30 20 21 21 18 18 13 11 11 12 13 13 5 5 10 3 3 0 0 0 1 1 3 1 1 3 6 6 9 9 7 1 1 1
 1 1 1 1 1 2 2 2 8 8 11 31 31 23 23 23 16 16 13 26 26 25 26 26 9 9 7 4 4 0 0 0 0 0 1 0 0 3 3 3 9 9 7 1 1 1
 2 2 3 2 2 1 1 1 2 2 7 8 8 7 22 22 38 38 19 28 28 26 26 26 9 9 7 8 8 2 1 1 0 0 0 0 0 0 0 0 3 3 4 0 0 1
 2 2 3 2 2 1 1 1 2 2 7 8 8 7 22 22 38 38 19 28 28 26 26 26 9 9 7 8 8 2 1 1 0 0 0 0 0 0 0 0 3 3 4 0 0 1
 3 3 3 2 2 1 1 1 1 1 2 4 4 5 23 23 38 38 44 23 23 21 19 19 10 10 9 9 9 6 2 2 1 1 1 1 1 1 0 0 0 0 2 1 1 2
 3 3 3 2 2 1 1 1 1 1 2 4 4 5 23 23 38 38 44 23 23 21 19 19 10 10 9 9 9 6 2 2 1 1 1 1 1 1 0 0 0 0 2 1 1 2
 5 5 4 3 3 2 1 1 1 1 1 1 1 2 7 7 20 20 33 27 27 21 17 17 8 8 10 6 6 6 6 6 6 6 4 11 11 7 4 4 2 2 0 0 0 2
 3 3 3 2 2 1 1 1 1 1 1 2 2 3 3 3 16 16 14 27 27 23 13 13 14 14 17 10 10 9 11 11 6 6 7 36 36 7 7 7 6 6 2 1 1 1
 3 3 3 2 2 1 1 1 1 1 1 2 2 3 3 3 16 16 14 27 27 23 13 13 14 14 17 10 10 9 11 11 6 6 7 36 36 7 7 7 6 6 2 1 1 1
 3 3 2 2 2 1 1 1 1 1 1 2 2 1 2 2 3 3 5 8 8 6 7 7 8 8 17 12 12 11 12 12 8 8 10 8 8 12 8 8 8 8 5 2 2 1
 3 3 2 1 1 1 1 1 1 1 0 1 1 0 0 0 0 0 0 2 2 5 7 7 7 7 16 13 13 17 18 18 11 11 8 10 10 17 11 11 11 11 6 3 3 1
 3 3 2 1 1 1 1 1 1 1 0 1 1 0 0 0 0 0 0 2 2 5 7 7 7 7 16 13 13 17 18 18 11 11 8 10 10 17 11 11 11 11 6 3 3 1
 3 3 2 1 1 1 1 1 0 0 0 0 0 0 0 0 0 0 0 0 0 3 3 3 4 4 6 12 12 16 21 21 25 25 18 11 11 13 24 24 15 15 6 4 4 2
 3 3 2 1 1 1 1 1 0 0 0 0 0 0 0 0 0 0 0 0 0 3 3 3 4 4 6 12 12 16 21 21 25 25 18 11 11 13 24 24 15 15 6 4 4 2
 2 2 2 1 1 1 0 0 0 0 0 0 0 0 0 0 0 0 0 1 1 3 3 3 3 3 7 8 8 12 23 23 28 28 32 18 18 13 13 13 16 16 3 2 2 3
 2 2 1 1 1 1 1 1 0 0 0 0 0 0 0 0 0 0 0 2 2 2 2 2 10 10 12 15 15 12 28 28 31 31 38 38 38 20 12 12 9 9 4 5 5 8
 2 2 1 1 1 1 1 1 0 0 0 0 0 0 0 0 0 0 0 2 2 2 2 2 10 10 12 15 15 12 28 28 31 31 38 38 38 20 12 12 9 9 4 5 5 8
 2 2 2 1 1 1 1 1 0 0 0 0 0 0 0 0 0 0 0 2 2 2 2 2 10 10 12 26 26 15 32 32 46 46 35 37 37 28 30 30 25 25 19 16 16 20
 2 2 2 2 2 1 1 1 1 1 1 0 0 0 0 0 0 0 0 0 0 0 4 4 15 15 16 26 26 16 37 37 63 63 48 46 46 64 55 55 43 43 31 23 23 18
