assets/RAT_results_old/precipitation/2018-04-10_IMERG.asc
ncols        46
nrows        77
xllcorner    74.800261325624
yllcorner    8.058333333333
cellsize     0.062500000000
NODATA_value -9999
 0 0 0 0 0 0 0 0 0 0 12 7 7 7 4 4 4 4 11 1 1 1 0 0 0 0 0 0 0 0 0 0 0 0 0 0 0 0 0 0 0 0 0 0 0 0
 0 0 0 0 0 0 0 0 0 0 11 9 9 9 9 9 9 9 12 6 6 1 0 0 0 0 0 0 0 0 0 0 0 0 0 0 0 0 0 0 0 0 0 0 0 0
 0 0 0 0 0 0 0 0 0 0 11 9 9 9 9 9 9 9 12 6 6 1 0 0 0 0 0 0 0 0 0 0 0 0 0 0 0 0 0 0 0 0 0 0 0 0
 0 0 0 0 0 0 0 0 9 9 6 6 6 2 9 9 10 10 4 3 3 0 0 0 0 0 0 0 0 0 0 0 0 0 0 0 0 0 0 0 0 0 0 0 0 0
 0 0 0 0 0 1 10 10 13 13 19 5 5 14 19 19 10 10 2 1 1 0 0 0 0 0 0 0 0 0 0 0 0 0 0 0 0 0 0 0 0 0 0 0 0 0
 0 0 0 0 0 1 10 10 13 13 19 5 5 14 19 19 10 10 2 1 1 0 0 0 0 0 0 0 0 0 0 0 0 0 0 0 0 0 0 0 0 0 0 0 0 0
 14 14 8 12 12 9 18 18 18 18 15 13 13 14 17 17 5 5 1 1 1 0 0 0 0 0 0 0 0 0 0 0 0 0 0 0 0 0 0 0 0 0 0 0 0 0
 14 14 8 12 12 9 18 18 18 18 15 13 13 14 17 17 5 5 1 1 1 0 0 0 0 0 0 0 0 0 0 0 0 0 0 0 0 0 0 0 0 0 0 0 0 0
 14 14 6 0 0 1 0 0 15 15 0 9 9 4 5 5 1 1 1 0 0 0 0 0 0 0 0 0 0 0 0 0 0 0 0 0 0 0 0 0 0 0 0 0 0 0
 17 17 7 0 0 0 0 0 0 0 0 4 4 0 0 0 0 0 0 0 0 0 0 0 0 0 0 0 0 0 0 0 0 0 0 0 0 0 0 0 0 0 0 0 0 0
 17 17 7 0 0 0 0 0 0 0 0 4 4 0 0 0 0 0 0 0 0 0 0 0 0 0 0 0 0 0 0 0 0 0 0 0 0 0 0 0 0 0 0 0 0 0
 6 6 0 0 0 0 0 0 0 0 0 4 4 0 0 0 0 0 0 0 0 0 0 0 0 0 0 0 0 0 0 0 0 0 0 0 0 0 0 0 0 0 0 0 0 0
 3 3 1 0 0 0 0 0 0 0 0 0 0 0 0 0 0 0 0 0 0 0 0 0 0 0 0 0 0 0 0 0 0 0 0 0 0 0 0 0 0 0 0 0 0 0
 3 3 1 0 0 0 0 0 0 0 0 0 0 0 0 0 0 0 0 0 0 0 0 0 0 0 0 0 0 0 0 0 0 0 0 0 0 0 0 0 0 0 0 0 0 0
 1 1 1 0 0 0 0 0 0 0 0 0 0 0 0 0 0 0 0 0 0 0 0 0 0 0 0 0 0 0 0 0 0 0 0 0 0 0 0 0 0 0 0 0 0 0
 1 1 1 0 0 0 0 0 0 0 0 0 0 0 0 0 0 0 0 0 0 0 0 0 0 0 0 0 0 0 0 0 0 0 0 0 0 0 0 0 0 0 0 0 0 0
 0 0 0 0 0 0 0 0 0 0 0 0 0 0 0 0 0 0 0 0 0 0 0 0 0 0 0 0 0 0 0 0 0 0 0 0 0 0 0 0 0 0 0 0 0 0
 0 0 0 0 0 0 0 0 0 0 0 0 0 0 0 0 0 0 0 0 0 0 0 0 0 0 0 0 0 0 0 0 0 0 0 0 0 0 0 0 0 0 0 0 0 0
 0 0 0 0 0 0 0 0 0 0 0 0 0 0 0 0 0 0 0 0 0 0 0 0 0 0 0 0 0 0 0 0 0 0 0 0 0 0 0 0 0 0 0 0 0 0
 0 0 0 0 0 0 0 0 0 0 0 0 0 0 0 0 0 0 0 0 0 0 0 0 0 0 0 0 0 0 0 0 0 0 0 0 0 0 0 0 0 0 0 0 0 0
 0 0 0 0 0 0 0 0 0 0 0 0 0 0 0 0 0 0 0 0 0 0 0 0 0 0 0 0 0 0 0 0 0 0 0 0 0 0 0 0 0 0 0 0 0 0
 0 0 0 0 0 0 0 0 0 0 0 0 0 0 0 0 0 0 0 0 0 0 0 0 0 0 0 0 0 0 0 0 0 0 0 0 0 0 0 0 0 0 0 0 0 0
 0 0 0 0 0 0 0 0 0 0 0 0 0 0 0 0 0 0 0 0 0 0 0 0 0 0 0 0 0 0 0 0 0 0 0 0 0 0 0 0 0 0 0 0 0 0
 0 0 0 0 0 0 0 0 0 0 0 0 0 0 0 0 0 0 0 0 0 0 0 0 0 0 0 0 0 0 0 0 0 0 0 0 0 0 0 0 0 0 0 0 0 0
 0 0 0 0 0 0 0 0 0 0 0 0 0 0 0 0 0 0 0 0 0 0 0 0 0 0 0 0 0 0 0 0 0 0 0 0 0 0 2 2 0 0 0 0 0 0
 0 0 0 0 0 0 0 0 0 0 0 0 0 0 0 0 0 0 0 0 0 0 0 0 0 0 0 0 0 0 0 0 0 0 0 0 0 0 0 0 0 0 0 0 0 0
 0 0 0 0 0 0 0 0 0 0 0 0 0 0 0 0 0 0 0 0 0 0 0 0 0 0 0 0 0 0 0 0 0 0 0 0 0 0 0 0 0 0 0 0 0 0
 0 0 0 0 0 0 0 0 0 0 0 0 0 0 0 0 0 0 0 0 0 0 0 0 0 0 0 0 0 0 0 0 0 0 0 0 0 0 0 0 0 0 0 0 0 0
 0 0 0 0 0 0 0 0 0 0 0 0 0 0 0 0 0 0 0 0 0 0 0 0 0 0 0 0 0 0 0 0 0 0 0 0 0 0 0 0 0 0 0 0 0 0
 0 0 0 0 0 0 0 0 0 0 0 0 0 0 0 0 0 0 0 0 0 0 0 0 0 0 0 0 0 0 0 0 0 0 0 0 0 0 0 0 0 0 0 0 0 0
 0 0 0 0 0 0 0 0 0 0 0 0 0 0 0 0 0 0 0 0 0 0 0 0 0 0 0 0 0 0 0 0 0 0 0 0 0 0 0 0 0 0 0 0 0 0
 0 0 0 0 0 0 0 0 0 0 0 0 0 0 0 0 0 0 0 0 0 0 0 0 0 0 0 0 0 0 0 0 0 0 0 0 0 0 0 0 0 0 0 0 0 0
 0 0 0 0 0 0 12 12 2 2 1 5 5 0 1 1 0 0 0 0 0 0 0 0 0 0 0 0 0 0 0 0 0 0 0 0 0 0 0 0 0 0 0 0 0 0
 0 0 0 0 0 7 20 20 15 15 5 10 10 8 1 1 1 1 2 0 0 1 0 0 0 0 0 0 0 0 0 0 0 0 0 0 0 0 0 0 0 0 0 0 0 0
 0 0 0 0 0 7 20 20 15 15 5 10 10 8 1 1 1 1 2 0 0 1 0 0 0 0 0 0 0 0 0 0 0 0 0 0 0 0 0 0 0 0 0 0 0 0
 0 0 0 0 0 1 15 15 19 19 10 7 7 1 4 4 1 1 2 2 2 2 1 1 1 1 0 0 0 0 0 0 0 0 0 0 0 0 0 0 0 0 0 0 0 0
 0 0 1 2 2 5 49 49 51 51 14 1 1 1 1 1 1 1 1 1 1 1 0 0 0 0 0 0 0 0 0 0 0 0 0 0 0 0 0 0 0 0 0 0 0 0
 0 0 1 2 2 5 49 49 51 51 14 1 1 1 1 1 1 1 1 1 1 1 0 0 0 0 0 0 0 0 0 0 0 0 0 0 0 0 0 0 0 0 0 0 0 0
 6 6 6 4 4 72 56 56 68 68 9 2 2 1 3 3 3 3 1 1 1 1 6 6 3 3 2 2 2 0 1 1 1 1 0 0 0 4 0 0 0 0 0 0 0 0
 6 6 6 4 4 72 56 56 68 68 9 2 2 1 3 3 3 3 1 1 1 1 6 6 3 3 2 2 2 0 1 1 1 1 0 0 0 4 0 0 0 0 0 0 0 0
 2 2 2 5 5 35 34 34 80 80 14 3 3 1 1 1 4 4 4 4 4 9 9 9 8 8 3 1 1 1 1 1 1 1 1 2 2 4 4 4 0 0 0 0 0 0
 2 2 2 4 4 33 61 61 76 76 28 4 4 2 3 3 6 6 2 4 4 3 11 11 11 11 12 7 7 7 11 11 4 4 2 2 2 4 4 4 1 1 2 11 11 11
 2 2 2 4 4 33 61 61 76 76 28 4 4 2 3 3 6 6 2 4 4 3 11 11 11 11 12 7 7 7 11 11 4 4 2 2 2 4 4 4 1 1 2 11 11 11
 3 3 2 2 2 27 87 87 102 102 91 8 8 10 8 8 5 5 2 9 9 10 15 15 15 15 21 11 11 18 19 19 8 8 7 4 4 8 2 2 3 3 3 11 11 12
 1 1 1 1 1 5 101 101 73 73 105 5 5 13 8 8 7 7 7 2 2 8 15 15 26 26 24 12 12 9 17 17 7 7 7 20 20 13 5 5 2 2 9 11 11 11
 1 1 1 1 1 5 101 101 73 73 105 5 5 13 8 8 7 7 7 2 2 8 15 15 26 26 24 12 12 9 17 17 7 7 7 20 20 13 5 5 2 2 9 11 11 11
 1 1 1 1 1 2 8 8 87 87 102 76 76 18 15 15 13 13 6 6 6 7 6 6 12 12 16 16 16 9 5 5 11 11 18 9 9 6 3 3 2 2 10 4 4 1
 1 1 1 1 1 2 8 8 87 87 102 76 76 18 15 15 13 13 6 6 6 7 6 6 12 12 16 16 16 9 5 5 11 11 18 9 9 6 3 3 2 2 10 4 4 1
 1 1 1 1 1 1 11 11 45 45 128 35 35 26 15 15 12 12 12 9 9 7 9 9 26 26 22 23 23 18 8 8 27 27 22 12 12 12 7 7 17 17 2 1 1 2
 21 21 20 19 19 18 20 20 33 33 98 41 41 26 18 18 17 17 13 23 23 31 16 16 20 20 29 27 27 22 30 30 19 19 25 28 28 5 3 3 2 2 1 1 1 19
 21 21 20 19 19 18 20 20 33 33 98 41 41 26 18 18 17 17 13 23 23 31 16 16 20 20 29 27 27 22 30 30 19 19 25 28 28 5 3 3 2 2 1 1 1 19
 13 13 19 20 20 21 22 22 114 114 96 66 66 34 19 19 20 20 18 23 23 25 69 69 55 55 58 20 20 27 14 14 8 8 18 20 20 16 2 2 1 1 2 2 2 4
 10 10 10 13 13 23 34 34 36 36 48 59 59 26 18 18 18 18 45 44 44 74 33 33 20 20 58 17 17 17 11 11 9 9 17 11 11 12 10 10 2 2 4 2 2 7
 10 10 10 13 13 23 34 34 36 36 48 59 59 26 18 18 18 18 45 44 44 74 33 33 20 20 58 17 17 17 11 11 9 9 17 11 11 12 10 10 2 2 4 2 2 7
 9 9 9 17 17 33 39 39 23 23 20 18 18 9 12 12 24 24 22 54 54 61 14 14 17 17 16 15 15 20 15 15 15 15 21 20 20 22 12 12 17 17 13 3 3 7
 9 9 9 17 17 33 39 39 23 23 20 18 18 9 12 12 24 24 22 54 54 61 14 14 17 17 16 15 15 20 15 15 15 15 21 20 20 22 12 12 17 17 13 3 3 7
 10 10 10 16 16 107 29 29 8 8 8 7 7 5 12 12 18 18 22 29 29 70 29 29 20 20 18 14 14 11 11 11 21 21 58 18 18 5 6 6 9 9 4 2 2 4
 14 14 14 117 117 118 106 106 23 23 15 6 6 8 10 10 21 21 28 63 63 42 22 22 16 16 18 13 13 11 10 10 20 20 22 12 12 4 5 5 1 1 1 7 7 5
 14 14 14 117 117 118 106 106 23 23 15 6 6 8 10 10 21 21 28 63 63 42 22 22 16 16 18 13 13 11 10 10 20 20 22 12 12 4 5 5 1 1 1 7 7 5
 18 18 14 37 37 105 37 37 16 16 15 13 13 14 18 18 28 28 30 67 67 86 31 31 15 15 14 20 20 8 12 12 22 22 16 24 24 2 0 0 0 0 0 15 15 5
 20 20 30 29 29 165 144 144 27 27 13 3 3 4 12 12 10 10 29 29 29 32 19 19 16 16 7 12 12 2 4 4 4 4 12 5 5 0 0 0 0 0 1 1 1 3
 20 20 30 29 29 165 144 144 27 27 13 3 3 4 12 12 10 10 29 29 29 32 19 19 16 16 7 12 12 2 4 4 4 4 12 5 5 0 0 0 0 0 1 1 1 3
 31 31 31 62 62 68 47 47 15 15 12 4 4 4 4 4 3 3 3 20 20 20 27 27 19 19 14 1 1 1 0 0 2 2 2 0 0 0 0 0 0 0 0 2 2 3
 31 31 31 62 62 68 47 47 15 15 12 4 4 4 4 4 3 3 3 20 20 20 27 27 19 19 14 1 1 1 0 0 2 2 2 0 0 0 0 0 0 0 0 2 2 3
 21 21 3 59 59 60 8 8 5 5 5 3 3 3 4 4 17 17 15 18 18 17 17 17 10 10 10 0 0 1 0 0 0 0 0 0 0 0 0 0 0 0 1 3 3 4
 1 1 2 1 1 2 3 3 5 5 7 6 6 5 18 18 17 17 16 19 19 19 1 1 1 1 0 0 0 0 0 0 0 0 0 0 0 0 0 0 1 1 0 2 2 3
 1 1 2 1 1 2 3 3 5 5 7 6 6 5 18 18 17 17 16 19 19 19 1 1 1 1 0 0 0 0 0 0 0 0 0 0 0 0 0 0 1 1 0 2 2 3
 1 1 1 3 3 3 7 7 7 7 10 9 9 9 20 20 20 20 19 5 5 4 1 1 0 0 0 0 0 0 0 0 0 0 0 0 0 0 0 0 0 0 0 0 0 4
 2 2 2 5 5 4 8 8 10 10 19 20 20 20 10 10 21 21 8 6 6 5 1 1 0 0 0 0 0 0 0 0 0 0 0 0 0 0 4 4 5 5 1 1 1 1
 2 2 2 5 5 4 8 8 10 10 19 20 20 20 10 10 21 21 8 6 6 5 1 1 0 0 0 0 0 0 0 0 0 0 0 0 0 0 4 4 5 5 1 1 1 1
 3 3 2 7 7 6 9 9 8 8 8 19 19 20 10 10 7 7 6 4 4 3 1 1 0 0 0 0 0 0 0 0 0 0 0 0 0 3 23 23 10 10 10 2 2 1
 3 3 2 7 7 6 9 9 8 8 8 19 19 20 10 10 7 7 6 4 4 3 1 1 0 0 0 0 0 0 0 0 0 0 0 0 0 3 23 23 10 10 10 2 2 1
 3 3 4 7 7 7 7 7 9 9 7 12 12 8 8 8 5 5 1 2 2 3 0 0 0 0 0 0 0 0 0 0 0 0 0 0 0 3 22 22 23 23 1 0 0 0
 3 3 3 6 6 7 9 9 7 7 7 7 7 7 4 4 4 4 1 1 1 0 0 0 0 0 0 0 0 0 0 0 0 0 0 0 0 1 1 1 0 0 0 6 6 7
 3 3 3 6 6 7 9 9 7 7 7 7 7 7 4 4 4 4 1 1 1 0 0 0 0 0 0 0 0 0 0 0 0 0 0 0 0 1 1 1 0 0 0 6 6 7
 3 3 6 6 6 6 7 7 6 6 6 4 4 5 3 3 4 4 1 1 1 0 0 0 0 0 0 0 0 0 0 0 0 0 0 0 0 0 1 1 0 0 5 6 6 8
 3 3 5 7 7 4 5 5 4 4 6 4 4 3 2 2 2 2 0 1 1 0 0 0 0 0 0 0 0 1 0 0 0 0 0 1 1 0 1 1 3 3 23 25 25 29
