assets/RAT_results_old/precipitation/2018-07-30_IMERG.asc
ncols        46
nrows        77
xllcorner    74.800261325624
yllcorner    8.058333333333
cellsize     0.062500000000
NODATA_value -9999
 4 4 4 3 3 3 5 5 5 5 25 3 3 1 0 0 0 0 1 0 0 0 0 0 0 0 0 0 0 0 1 1 1 1 2 1 1 0 0 0 0 0 1 0 0 0
 2 2 3 4 4 3 11 11 10 10 8 3 3 1 1 1 0 0 1 0 0 0 0 0 0 0 0 0 0 1 1 1 2 2 2 1 1 1 0 0 0 0 0 0 0 0
 2 2 3 4 4 3 11 11 10 10 8 3 3 1 1 1 0 0 1 0 0 0 0 0 0 0 0 0 0 1 1 1 2 2 2 1 1 1 0 0 0 0 0 0 0 0
 3 3 3 6 6 3 1 1 3 3 3 3 3 1 1 1 1 1 1 1 1 1 2 2 1 1 1 1 1 1 2 2 3 3 3 1 1 1 0 0 0 0 0 0 0 0
 4 4 5 4 4 4 5 5 9 9 7 6 6 2 1 1 0 0 1 1 1 1 2 2 2 2 2 1 1 2 2 2 2 2 2 2 2 1 0 0 0 0 0 0 0 0
 4 4 5 4 4 4 5 5 9 9 7 6 6 2 1 1 0 0 1 1 1 1 2 2 2 2 2 1 1 2 2 2 2 2 2 2 2 1 0 0 0 0 0 0 0 0
 1 1 3 6 6 6 12 12 12 12 16 6 6 3 1 1 0 0 0 0 0 0 1 1 1 1 1 1 1 1 1 1 1 1 1 1 1 0 0 0 0 0 0 2 2 2
 1 1 3 6 6 6 12 12 12 12 16 6 6 3 1 1 0 0 0 0 0 0 1 1 1 1 1 1 1 1 1 1 1 1 1 1 1 0 0 0 0 0 0 2 2 2
 1 1 3 8 8 7 9 9 16 16 13 10 10 4 3 3 0 0 0 0 0 0 0 0 0 0 0 0 0 0 0 0 0 0 0 0 0 0 0 0 0 0 0 0 0 2
 1 1 5 7 7 8 13 13 12 12 14 8 8 6 3 3 0 0 0 0 0 0 0 0 0 0 0 0 0 1 2 2 2 2 1 0 0 0 0 0 0 0 0 0 0 0
 1 1 5 7 7 8 13 13 12 12 14 8 8 6 3 3 0 0 0 0 0 0 0 0 0 0 0 0 0 1 2 2 2 2 1 0 0 0 0 0 0 0 0 0 0 0
 3 3 4 7 7 13 14 14 11 11 14 13 13 3 1 1 1 1 0 1 1 0 0 0 0 0 0 0 0 1 3 3 3 3 1 0 0 0 0 0 0 0 1 1 1 1
 3 3 5 11 11 15 15 15 23 23 14 9 9 5 1 1 0 0 0 1 1 2 2 2 2 2 0 0 0 0 1 1 1 1 1 1 1 1 1 1 1 1 1 1 1 0
 3 3 5 11 11 15 15 15 23 23 14 9 9 5 1 1 0 0 0 1 1 2 2 2 2 2 0 0 0 0 1 1 1 1 1 1 1 1 1 1 1 1 1 1 1 0
 2 2 4 12 12 14 22 22 22 22 24 25 25 17 8 8 1 1 3 3 3 2 3 3 3 3 8 2 2 3 0 0 0 0 1 2 2 2 2 2 1 1 0 1 1 1
 2 2 4 12 12 14 22 22 22 22 24 25 25 17 8 8 1 1 3 3 3 2 3 3 3 3 8 2 2 3 0 0 0 0 1 2 2 2 2 2 1 1 0 1 1 1
 2 2 2 3 3 9 9 9 17 17 19 30 30 19 12 12 5 5 7 3 3 3 1 1 4 4 13 13 13 3 1 1 1 1 1 2 2 4 3 3 1 1 1 1 1 1
 2 2 1 3 3 8 7 7 14 14 22 33 33 32 29 29 13 13 12 3 3 2 0 0 2 2 14 7 7 7 8 8 1 1 2 3 3 4 5 5 3 3 2 1 1 1
 2 2 1 3 3 8 7 7 14 14 22 33 33 32 29 29 13 13 12 3 3 2 0 0 2 2 14 7 7 7 8 8 1 1 2 3 3 4 5 5 3 3 2 1 1 1
 1 1 1 2 2 3 3 3 11 11 16 21 21 32 30 30 19 19 11 2 2 2 1 1 1 1 3 3 3 2 2 2 3 3 3 3 3 3 4 4 3 3 2 2 2 2
 1 1 1 2 2 2 3 3 7 7 8 15 15 13 14 14 19 19 9 3 3 13 4 4 3 3 2 3 3 4 4 4 4 4 4 4 4 4 4 4 3 3 3 3 3 2
 1 1 1 2 2 2 3 3 7 7 8 15 15 13 14 14 19 19 9 3 3 13 4 4 3 3 2 3 3 4 4 4 4 4 4 4 4 4 4 4 3 3 3 3 3 2
 1 1 1 1 1 2 3 3 5 5 7 6 6 9 11 11 9 9 8 10 10 14 11 11 4 4 3 3 3 5 5 5 4 4 4 5 5 5 4 4 5 5 5 4 4 3
 1 1 1 1 1 2 3 3 5 5 7 6 6 9 11 11 9 9 8 10 10 14 11 11 4 4 3 3 3 5 5 5 4 4 4 5 5 5 4 4 5 5 5 4 4 3
 1 1 1 1 1 1 4 4 3 3 4 6 6 11 11 11 17 17 20 26 26 16 6 6 2 2 2 3 3 6 4 4 3 3 4 5 5 5 5 5 6 6 6 5 5 5
 1 1 1 1 1 1 1 1 1 1 2 4 4 8 20 20 18 18 25 31 31 35 8 8 5 5 3 2 2 2 2 2 2 2 2 3 3 3 4 4 5 5 5 5 5 5
 1 1 1 1 1 1 1 1 1 1 2 4 4 8 20 20 18 18 25 31 31 35 8 8 5 5 3 2 2 2 2 2 2 2 2 3 3 3 4 4 5 5 5 5 5 5
 1 1 1 1 1 1 0 0 1 1 3 3 3 5 20 20 25 25 32 40 40 48 9 9 1 1 2 1 1 1 1 1 1 1 1 1 1 1 1 1 2 2 2 2 2 2
 1 1 0 1 1 1 1 1 1 1 1 1 1 6 32 32 33 33 29 35 35 19 10 10 6 6 2 1 1 0 0 0 0 0 0 0 0 0 0 0 0 0 0 0 0 0
 1 1 0 1 1 1 1 1 1 1 1 1 1 6 32 32 33 33 29 35 35 19 10 10 6 6 2 1 1 0 0 0 0 0 0 0 0 0 0 0 0 0 0 0 0 0
 1 1 0 0 0 0 1 1 0 0 0 2 2 4 27 27 39 39 47 36 36 24 9 9 4 4 2 4 4 2 0 0 0 0 0 0 0 0 0 0 0 0 1 0 0 0
 1 1 0 0 0 0 1 1 0 0 0 2 2 4 27 27 39 39 47 36 36 24 9 9 4 4 2 4 4 2 0 0 0 0 0 0 0 0 0 0 0 0 1 0 0 0
 1 1 0 1 1 1 1 1 1 1 0 1 1 5 17 17 27 27 29 27 27 29 10 10 12 12 4 4 4 3 1 1 0 0 1 0 0 0 0 0 0 0 0 0 0 0
 2 2 2 1 1 1 0 0 1 1 1 2 2 3 8 8 19 19 30 21 21 23 20 20 6 6 6 2 2 2 1 1 1 1 1 1 1 1 1 1 1 1 1 1 1 0
 2 2 2 1 1 1 0 0 1 1 1 2 2 3 8 8 19 19 30 21 21 23 20 20 6 6 6 2 2 2 1 1 1 1 1 1 1 1 1 1 1 1 1 1 1 0
 3 3 2 2 2 2 1 1 2 2 2 4 4 10 8 8 21 21 26 17 17 22 15 15 8 8 8 4 4 4 3 3 3 3 1 1 1 2 3 3 5 5 3 3 3 1
 4 4 3 4 4 5 5 5 5 5 6 8 8 16 16 16 31 31 25 27 27 34 14 14 8 8 7 5 5 9 6 6 7 7 5 4 4 5 8 8 10 10 9 5 5 1
 4 4 3 4 4 5 5 5 5 5 6 8 8 16 16 16 31 31 25 27 27 34 14 14 8 8 7 5 5 9 6 6 7 7 5 4 4 5 8 8 10 10 9 5 5 1
 4 4 4 5 5 6 7 7 8 8 8 12 12 17 20 20 21 21 29 38 38 34 25 25 20 20 5 7 7 15 14 14 8 8 6 8 8 5 4 4 4 4 4 3 3 2
 4 4 4 5 5 6 7 7 8 8 8 12 12 17 20 20 21 21 29 38 38 34 25 25 20 20 5 7 7 15 14 14 8 8 6 8 8 5 4 4 4 4 4 3 3 2
 4 4 4 5 5 5 7 7 8 8 9 13 13 16 23 23 20 20 16 25 25 30 29 29 19 19 15 19 19 19 17 17 12 12 6 12 12 9 3 3 2 2 2 1 1 1
 15 15 2 3 3 4 6 6 8 8 8 11 11 13 20 20 13 13 10 23 23 30 27 27 25 25 27 19 19 20 20 20 14 14 15 13 13 7 4 4 4 4 1 3 3 2
 15 15 2 3 3 4 6 6 8 8 8 11 11 13 20 20 13 13 10 23 23 30 27 27 25 25 27 19 19 20 20 20 14 14 15 13 13 7 4 4 4 4 1 3 3 2
 16 16 2 4 4 4 5 5 8 8 9 11 11 9 10 10 8 8 18 31 31 38 34 34 31 31 28 26 26 20 19 19 24 24 16 16 16 8 8 8 3 3 1 1 1 1
 14 14 2 3 3 5 4 4 5 5 6 5 5 6 8 8 13 13 17 25 25 25 30 30 32 32 45 41 41 32 36 36 27 27 22 21 21 17 5 5 2 2 1 1 1 0
 14 14 2 3 3 5 4 4 5 5 6 5 5 6 8 8 13 13 17 25 25 25 30 30 32 32 45 41 41 32 36 36 27 27 22 21 21 17 5 5 2 2 1 1 1 0
 20 20 2 2 2 3 4 4 5 5 7 3 3 4 7 7 10 10 13 15 15 26 30 30 43 43 49 47 47 66 68 68 47 47 26 14 14 5 1 1 1 1 1 3 3 1
 20 20 2 2 2 3 4 4 5 5 7 3 3 4 7 7 10 10 13 15 15 26 30 30 43 43 49 47 47 66 68 68 47 47 26 14 14 5 1 1 1 1 1 3 3 1
 2 2 2 2 2 3 5 5 6 6 16 8 8 4 9 9 8 8 9 18 18 23 40 40 57 57 49 82 82 97 77 77 76 76 30 11 11 3 2 2 2 2 2 4 4 4
 2 2 3 2 2 3 4 4 15 15 23 10 10 7 7 7 7 7 9 23 23 29 28 28 47 47 59 62 62 72 98 98 82 82 41 7 7 1 1 1 3 3 4 4 4 4
 2 2 3 2 2 3 4 4 15 15 23 10 10 7 7 7 7 7 9 23 23 29 28 28 47 47 59 62 62 72 98 98 82 82 41 7 7 1 1 1 3 3 4 4 4 4
 2 2 3 12 12 12 13 13 25 25 25 51 51 10 11 11 10 10 29 19 19 28 20 20 37 37 60 50 50 53 63 63 42 42 18 16 16 2 1 1 2 2 4 3 3 3
 1 1 2 2 2 3 11 11 24 24 14 18 18 9 48 48 46 46 24 31 31 29 34 34 49 49 57 41 41 40 45 45 43 43 26 14 14 5 2 2 2 2 2 2 2 2
 1 1 2 2 2 3 11 11 24 24 14 18 18 9 48 48 46 46 24 31 31 29 34 34 49 49 57 41 41 40 45 45 43 43 26 14 14 5 2 2 2 2 2 2 2 2
 2 2 2 2 2 3 9 9 9 9 13 24 24 18 33 33 22 22 12 45 45 46 63 63 80 80 109 70 70 58 39 39 33 33 28 14 14 12 4 4 2 2 2 3 3 3
 2 2 2 2 2 3 9 9 9 9 13 24 24 18 33 33 22 22 12 45 45 46 63 63 80 80 109 70 70 58 39 39 33 33 28 14 14 12 4 4 2 2 2 3 3 3
 3 3 3 4 4 5 6 6 6 6 11 14 14 17 20 20 41 41 28 30 30 36 52 52 65 65 77 79 79 71 72 72 44 44 30 27 27 15 9 9 4 4 4 5 5 6
 4 4 5 7 7 9 10 10 9 9 12 11 11 26 20 20 25 25 40 29 29 57 53 53 58 58 61 77 77 71 64 64 46 46 30 18 18 14 7 7 2 2 2 2 2 2
 4 4 5 7 7 9 10 10 9 9 12 11 11 26 20 20 25 25 40 29 29 57 53 53 58 58 61 77 77 71 64 64 46 46 30 18 18 14 7 7 2 2 2 2 2 2
 4 4 6 7 7 7 7 7 7 7 7 8 8 11 12 12 14 14 21 27 27 60 66 66 57 57 54 66 66 77 57 57 51 51 35 23 23 6 5 5 2 2 3 1 1 1
 3 3 3 3 3 3 4 4 5 5 4 8 8 13 13 13 18 18 14 18 18 35 57 57 55 55 62 68 68 56 57 57 62 62 40 20 20 14 12 12 6 6 3 1 1 1
 3 3 3 3 3 3 4 4 5 5 4 8 8 13 13 13 18 18 14 18 18 35 57 57 55 55 62 68 68 56 57 57 62 62 40 20 20 14 12 12 6 6 3 1 1 1
 2 2 2 2 2 3 4 4 9 9 7 7 7 10 10 10 9 9 9 11 11 17 43 43 57 57 59 79 79 74 80 80 70 70 44 17 17 16 6 6 8 8 1 2 2 1
 2 2 2 2 2 3 4 4 9 9 7 7 7 10 10 10 9 9 9 11 11 17 43 43 57 57 59 79 79 74 80 80 70 70 44 17 17 16 6 6 8 8 1 2 2 1
 2 2 2 3 3 5 6 6 6 6 3 6 6 6 7 7 8 8 11 26 26 24 41 41 43 43 53 79 79 62 75 75 61 61 43 23 23 19 11 11 14 14 8 3 3 1
 1 1 1 2 2 3 8 8 14 14 15 10 10 12 7 7 6 6 5 8 8 26 24 24 41 41 39 54 54 56 71 71 63 63 49 42 42 30 18 18 19 19 11 3 3 4
 1 1 1 2 2 3 8 8 14 14 15 10 10 12 7 7 6 6 5 8 8 26 24 24 41 41 39 54 54 56 71 71 63 63 49 42 42 30 18 18 19 19 11 3 3 4
 2 2 2 3 3 2 7 7 7 7 13 15 15 16 17 17 13 13 13 7 7 11 23 23 17 17 19 45 45 44 44 44 53 53 50 50 50 60 21 21 30 30 9 6 6 3
 3 3 3 3 3 3 9 9 9 9 15 15 15 15 15 15 12 12 12 13 13 14 18 18 10 10 12 35 35 35 46 46 40 40 40 73 73 75 74 74 58 58 17 7 7 6
 3 3 3 3 3 3 9 9 9 9 15 15 15 15 15 15 12 12 12 13 13 14 18 18 10 10 12 35 35 35 46 46 40 40 40 73 73 75 74 74 58 58 17 7 7 6
 3 3 3 3 3 4 12 12 6 6 8 7 7 14 13 13 11 11 11 12 12 13 14 14 4 4 9 11 11 15 38 38 39 39 52 84 84 54 49 49 66 66 26 12 12 13
 3 3 3 3 3 4 12 12 6 6 8 7 7 14 13 13 11 11 11 12 12 13 14 14 4 4 9 11 11 15 38 38 39 39 52 84 84 54 49 49 66 66 26 12 12 13
 2 2 2 2 2 3 4 4 4 4 8 7 7 15 6 6 4 4 4 4 4 5 3 3 4 4 7 3 3 10 24 24 19 19 31 65 65 93 108 108 74 74 37 22 22 15
 0 0 1 1 1 1 2 2 2 2 3 3 3 3 6 6 6 6 3 3 3 2 2 2 2 2 4 6 6 9 8 8 13 13 28 37 37 78 87 87 109 109 61 35 35 28
 0 0 1 1 1 1 2 2 2 2 3 3 3 3 6 6 6 6 3 3 3 2 2 2 2 2 4 6 6 9 8 8 13 13 28 37 37 78 87 87 109 109 61 35 35 28
 0 0 0 0 0 1 0 0 0 0 0 2 2 2 3 3 2 2 1 1 1 1 1 1 1 1 2 7 7 5 7 7 34 34 12 35 35 45 63 63 54 54 59 59 59 28
 0 0 0 0 0 0 0 0 0 0 10 10 10 2 3 3 2 2 1 1 1 1 1 1 2 2 1 2 2 2 5 5 6 6 8 15 15 34 26 26 41 41 52 41 41 19
