assets/RAT_results_old/precipitation/2018-04-30_IMERG.asc
ncols        46
nrows        77
xllcorner    74.800261325624
yllcorner    8.058333333333
cellsize     0.062500000000
NODATA_value -9999
 0 0 0 0 0 0 0 0 0 0 0 0 0 0 0 0 0 0 0 0 0 0 0 0 0 0 0 1 1 1 5 5 2 2 0 0 0 1 2 2 6 6 3 4 4 12
 0 0 0 0 0 0 0 0 0 0 0 0 0 0 0 0 0 0 0 0 0 0 0 0 1 1 1 1 1 1 1 1 0 0 1 1 1 1 1 1 2 2 3 3 3 3
 0 0 0 0 0 0 0 0 0 0 0 0 0 0 0 0 0 0 0 0 0 0 0 0 1 1 1 1 1 1 1 1 0 0 1 1 1 1 1 1 2 2 3 3 3 3
 0 0 0 0 0 0 0 0 0 0 0 0 0 0 0 0 0 0 0 1 1 1 1 1 1 1 7 1 1 2 2 2 1 1 1 5 5 1 4 4 3 3 3 2 2 2
 0 0 0 0 0 0 0 0 0 0 0 0 0 0 0 0 0 0 0 1 1 3 2 2 6 6 4 5 5 5 3 3 1 1 3 10 10 2 7 7 3 3 5 9 9 5
 0 0 0 0 0 0 0 0 0 0 0 0 0 0 0 0 0 0 0 1 1 3 2 2 6 6 4 5 5 5 3 3 1 1 3 10 10 2 7 7 3 3 5 9 9 5
 0 0 0 0 0 0 0 0 0 0 0 0 0 0 0 0 0 0 0 0 0 3 5 5 2 2 3 4 4 2 2 2 1 1 2 9 9 7 3 3 13 13 7 5 5 2
 0 0 0 0 0 0 0 0 0 0 0 0 0 0 0 0 0 0 0 0 0 3 5 5 2 2 3 4 4 2 2 2 1 1 2 9 9 7 3 3 13 13 7 5 5 2
 0 0 0 0 0 0 0 0 0 0 0 0 0 0 0 0 0 0 1 3 3 2 11 11 11 11 2 3 3 2 2 2 2 2 8 17 17 20 25 25 33 33 29 5 5 3
 0 0 0 0 0 0 0 0 0 0 0 0 0 0 0 0 0 0 1 9 9 3 3 3 2 2 1 2 2 2 2 2 7 7 6 11 11 14 28 28 30 30 31 33 33 21
 0 0 0 0 0 0 0 0 0 0 0 0 0 0 0 0 0 0 1 9 9 3 3 3 2 2 1 2 2 2 2 2 7 7 6 11 11 14 28 28 30 30 31 33 33 21
 0 0 0 1 1 0 0 0 0 0 0 0 0 0 0 0 0 0 0 5 5 2 2 2 1 1 1 1 1 2 1 1 2 2 2 6 6 7 19 19 22 22 30 25 25 9
 0 0 1 0 0 0 0 0 1 1 1 1 1 1 0 0 0 0 0 0 0 0 0 0 1 1 2 1 1 1 3 3 2 2 7 5 5 4 16 16 18 18 22 25 25 32
 0 0 1 0 0 0 0 0 1 1 1 1 1 1 0 0 0 0 0 0 0 0 0 0 1 1 2 1 1 1 3 3 2 2 7 5 5 4 16 16 18 18 22 25 25 32
 0 0 3 4 4 1 1 1 1 1 2 2 2 2 2 2 1 1 1 1 1 0 0 0 0 0 0 2 2 2 1 1 2 2 3 6 6 12 24 24 20 20 31 27 27 26
 0 0 3 4 4 1 1 1 1 1 2 2 2 2 2 2 1 1 1 1 1 0 0 0 0 0 0 2 2 2 1 1 2 2 3 6 6 12 24 24 20 20 31 27 27 26
 0 0 1 2 2 6 2 2 3 3 5 3 3 3 3 3 2 2 2 1 1 1 0 0 2 2 12 10 10 4 3 3 3 3 5 10 10 12 21 21 29 29 36 16 16 48
 14 14 14 15 15 12 6 6 7 7 9 7 7 5 9 9 20 20 2 2 2 3 3 3 5 5 10 13 13 3 3 3 4 4 5 8 8 9 23 23 33 33 28 62 62 47
 14 14 14 15 15 12 6 6 7 7 9 7 7 5 9 9 20 20 2 2 2 3 3 3 5 5 10 13 13 3 3 3 4 4 5 8 8 9 23 23 33 33 28 62 62 47
 1 1 2 12 12 11 67 67 61 61 9 8 8 5 27 27 17 17 3 3 3 5 11 11 3 3 4 3 3 3 3 3 5 5 6 10 10 19 16 16 21 21 21 19 19 60
 1 1 5 9 9 68 68 68 16 16 9 24 24 34 28 28 7 7 9 7 7 7 5 5 3 3 4 3 3 6 6 6 7 7 15 8 8 8 9 9 15 15 18 17 17 15
 1 1 5 9 9 68 68 68 16 16 9 24 24 34 28 28 7 7 9 7 7 7 5 5 3 3 4 3 3 6 6 6 7 7 15 8 8 8 9 9 15 15 18 17 17 15
 6 6 11 26 26 18 15 15 9 9 13 40 40 26 31 31 14 14 14 8 8 19 3 3 4 4 5 7 7 9 16 16 13 13 21 11 11 9 15 15 14 14 27 16 16 14
 6 6 11 26 26 18 15 15 9 9 13 40 40 26 31 31 14 14 14 8 8 19 3 3 4 4 5 7 7 9 16 16 13 13 21 11 11 9 15 15 14 14 27 16 16 14
 10 10 18 17 17 10 6 6 4 4 4 12 12 100 25 25 5 5 4 8 8 4 4 4 3 3 5 8 8 26 24 24 13 13 20 15 15 14 22 22 21 21 23 14 14 13
 10 10 16 15 15 17 13 13 11 11 9 7 7 6 5 5 9 9 9 11 11 10 6 6 5 5 10 24 24 75 28 28 13 13 20 26 26 10 15 15 13 13 17 15 15 16
 10 10 16 15 15 17 13 13 11 11 9 7 7 6 5 5 9 9 9 11 11 10 6 6 5 5 10 24 24 75 28 28 13 13 20 26 26 10 15 15 13 13 17 15 15 16
 16 16 34 45 45 38 32 32 24 24 16 10 10 4 4 4 8 8 11 10 10 9 8 8 9 9 17 16 16 20 26 26 18 18 26 19 19 12 16 16 16 16 16 15 15 14
 9 9 28 36 36 43 35 35 29 29 22 14 14 9 6 6 7 7 6 9 9 10 18 18 40 40 43 23 23 30 23 23 15 15 14 24 24 16 13 13 12 12 15 13 13 8
 9 9 28 36 36 43 35 35 29 29 22 14 14 9 6 6 7 7 6 9 9 10 18 18 40 40 43 23 23 30 23 23 15 15 14 24 24 16 13 13 12 12 15 13 13 8
 16 16 32 43 43 50 42 42 34 34 26 17 17 12 8 8 6 6 7 11 11 15 22 22 90 90 50 44 44 89 23 23 18 18 21 17 17 16 11 11 11 11 21 11 11 5
 16 16 32 43 43 50 42 42 34 34 26 17 17 12 8 8 6 6 7 11 11 15 22 22 90 90 50 44 44 89 23 23 18 18 21 17 17 16 11 11 11 11 21 11 11 5
 11 11 14 35 35 47 58 58 63 63 62 47 47 33 22 22 10 10 9 12 12 16 21 21 88 88 30 26 26 72 33 33 24 24 21 25 25 9 14 14 7 7 7 5 5 2
 2 2 5 24 24 38 46 46 55 55 43 34 34 25 17 17 13 13 11 15 15 18 31 31 31 31 96 74 74 43 42 42 25 25 13 12 12 3 6 6 3 3 2 2 2 1
 2 2 5 24 24 38 46 46 55 55 43 34 34 25 17 17 13 13 11 15 15 18 31 31 31 31 96 74 74 43 42 42 25 25 13 12 12 3 6 6 3 3 2 2 2 1
 0 0 0 0 0 0 1 1 2 2 4 7 7 7 7 7 8 8 9 14 14 18 25 25 37 37 19 47 47 21 15 15 18 18 9 12 12 4 2 2 1 1 1 1 1 1
 0 0 0 0 0 0 0 0 1 1 1 3 3 4 4 4 6 6 8 10 10 15 24 24 29 29 37 23 23 21 18 18 17 17 13 10 10 4 2 2 1 1 0 1 1 0
 0 0 0 0 0 0 0 0 1 1 1 3 3 4 4 4 6 6 8 10 10 15 24 24 29 29 37 23 23 21 18 18 17 17 13 10 10 4 2 2 1 1 0 1 1 0
 0 0 0 0 0 0 0 0 0 0 2 3 3 3 2 2 3 3 5 8 8 13 18 18 28 28 33 19 19 16 25 25 16 16 16 7 7 5 1 1 0 0 0 0 0 0
 0 0 0 0 0 0 0 0 0 0 2 3 3 3 2 2 3 3 5 8 8 13 18 18 28 28 33 19 19 16 25 25 16 16 16 7 7 5 1 1 0 0 0 0 0 0
 0 0 0 0 0 0 0 0 1 1 2 2 2 2 2 2 1 1 2 4 4 4 9 9 34 34 19 14 14 12 14 14 16 16 13 8 8 3 0 0 0 0 4 1 1 0
 0 0 0 0 0 0 1 1 1 1 2 1 1 1 1 1 1 1 1 1 1 2 2 2 17 17 3 5 5 2 11 11 16 16 7 4 4 7 0 0 2 2 5 3 3 0
 0 0 0 0 0 0 1 1 1 1 2 1 1 1 1 1 1 1 1 1 1 2 2 2 17 17 3 5 5 2 11 11 16 16 7 4 4 7 0 0 2 2 5 3 3 0
 0 0 0 0 0 1 0 0 0 0 0 1 1 0 0 0 0 0 0 0 0 0 1 1 2 2 2 2 2 2 4 4 3 3 1 1 1 1 4 4 2 2 3 2 2 2
 0 0 0 0 0 0 0 0 0 0 1 1 1 0 0 0 0 0 0 0 0 0 0 0 1 1 1 1 1 2 4 4 1 1 1 2 2 2 3 3 2 2 0 3 3 1
 0 0 0 0 0 0 0 0 0 0 1 1 1 0 0 0 0 0 0 0 0 0 0 0 1 1 1 1 1 2 4 4 1 1 1 2 2 2 3 3 2 2 0 3 3 1
 0 0 0 0 0 0 0 0 0 0 0 0 0 0 0 0 0 0 0 0 0 0 0 0 0 0 0 0 0 1 5 5 2 2 4 4 4 2 0 0 0 0 0 0 0 0
 0 0 0 0 0 0 0 0 0 0 0 0 0 0 0 0 0 0 0 0 0 0 0 0 0 0 0 0 0 1 5 5 2 2 4 4 4 2 0 0 0 0 0 0 0 0
 0 0 0 0 0 0 0 0 0 0 0 0 0 0 0 0 0 0 0 0 0 0 0 0 0 0 0 0 0 2 2 2 1 1 4 0 0 0 1 1 0 0 0 0 0 0
 0 0 0 0 0 0 0 0 0 0 0 0 0 0 0 0 0 0 0 0 0 0 0 0 0 0 0 0 0 0 1 1 1 1 0 0 0 1 1 1 0 0 0 0 0 0
 0 0 0 0 0 0 0 0 0 0 0 0 0 0 0 0 0 0 0 0 0 0 0 0 0 0 0 0 0 0 1 1 1 1 0 0 0 1 1 1 0 0 0 0 0 0
 1 1 1 0 0 0 0 0 0 0 0 0 0 0 0 0 0 0 0 0 0 0 0 0 0 0 0 1 1 0 1 1 3 3 1 0 0 0 0 0 0 0 0 0 0 0
 0 0 0 0 0 0 0 0 0 0 0 0 0 0 0 0 0 0 0 0 0 0 0 0 0 0 0 0 0 0 1 1 2 2 1 1 1 0 0 0 0 0 0 0 0 0
 0 0 0 0 0 0 0 0 0 0 0 0 0 0 0 0 0 0 0 0 0 0 0 0 0 0 0 0 0 0 1 1 2 2 1 1 1 0 0 0 0 0 0 0 0 0
 0 0 0 0 0 0 0 0 0 0 0 0 0 0 0 0 0 0 0 0 0 0 0 0 0 0 0 0 0 0 0 0 4 4 3 0 0 0 0 0 0 0 0 0 0 0
 0 0 0 0 0 0 0 0 0 0 0 0 0 0 0 0 0 0 0 0 0 0 0 0 0 0 0 0 0 0 0 0 4 4 3 0 0 0 0 0 0 0 0 0 0 0
 0 0 0 0 0 0 0 0 0 0 0 0 0 0 0 0 0 0 0 0 0 0 0 0 0 0 0 0 0 0 0 0 0 0 6 2 2 0 0 0 0 0 0 0 0 0
 0 0 0 0 0 0 0 0 0 0 0 0 0 0 0 0 0 0 0 0 0 0 0 0 0 0 0 0 0 0 0 0 0 0 0 0 0 0 0 0 0 0 0 0 0 0
 0 0 0 0 0 0 0 0 0 0 0 0 0 0 0 0 0 0 0 0 0 0 0 0 0 0 0 0 0 0 0 0 0 0 0 0 0 0 0 0 0 0 0 0 0 0
 0 0 0 0 0 0 0 0 0 0 0 0 0 0 0 0 0 0 0 0 0 0 0 0 0 0 0 0 0 0 0 0 4 4 4 4 4 2 2 2 0 0 0 0 0 0
 0 0 0 0 0 0 0 0 0 0 0 0 0 0 0 0 0 0 0 0 0 0 0 0 0 0 0 0 0 0 0 0 4 4 4 2 2 2 2 2 0 0 0 0 0 0
 0 0 0 0 0 0 0 0 0 0 0 0 0 0 0 0 0 0 0 0 0 0 0 0 0 0 0 0 0 0 0 0 4 4 4 2 2 2 2 2 0 0 0 0 0 0
 0 0 0 0 0 0 0 0 0 0 0 0 0 0 0 0 0 0 0 0 0 0 0 0 0 0 0 0 0 0 0 0 0 0 3 2 2 2 2 2 0 0 0 0 0 0
 0 0 0 0 0 0 0 0 0 0 0 0 0 0 0 0 0 0 0 0 0 0 0 0 0 0 0 0 0 0 0 0 0 0 3 2 2 2 2 2 0 0 0 0 0 0
 0 0 0 0 0 0 0 0 0 0 0 0 0 0 0 0 0 0 0 0 0 0 0 0 0 0 0 0 0 0 0 0 0 0 0 0 0 0 0 0 0 0 0 0 0 0
 0 0 0 0 0 0 0 0 0 0 0 0 0 0 0 0 0 0 0 0 0 0 0 0 0 0 0 0 0 0 0 0 0 0 0 0 0 0 0 0 0 0 0 0 0 0
 0 0 0 0 0 0 0 0 0 0 0 0 0 0 0 0 0 0 0 0 0 0 0 0 0 0 0 0 0 0 0 0 0 0 0 0 0 0 0 0 0 0 0 0 0 0
 0 0 0 0 0 0 0 0 0 0 0 0 0 0 0 0 0 0 0 0 0 0 0 0 0 0 0 0 0 0 0 0 0 0 0 0 0 0 0 0 0 0 0 0 0 0
 0 0 0 0 0 0 0 0 0 0 0 0 0 0 0 0 0 0 0 0 0 0 0 0 0 0 0 0 0 0 0 0 0 0 0 0 0 0 0 0 0 0 0 0 0 0
 0 0 0 0 0 0 0 0 0 0 0 0 0 0 0 0 0 0 0 0 0 0 0 0 0 0 0 0 0 0 0 0 0 0 0 0 0 0 0 0 0 0 0 0 0 0
 0 0 0 0 0 0 0 0 0 0 0 0 0 0 0 0 0 0 0 0 0 0 0 0 0 0 0 0 0 0 0 0 0 0 0 0 0 0 0 0 0 0 0 0 0 0
 0 0 0 0 0 0 0 0 0 0 0 0 0 0 0 0 0 0 0 0 0 0 0 0 0 0 0 0 0 0 0 0 0 0 0 0 0 0 0 0 0 0 0 0 0 0
 0 0 0 0 0 0 0 0 0 0 0 0 0 0 0 0 0 0 0 0 0 0 0 0 0 0 0 1 1 0 0 0 0 0 0 0 0 0 0 0 0 0 0 0 0 0
 0 0 0 0 0 0 0 0 0 0 0 0 0 0 0 0 0 0 0 0 0 0 0 0 0 0 1 1 1 0 0 0 0 0 0 0 0 0 0 0 0 0 0 0 0 0
 0 0 0 0 0 0 0 0 0 0 0 0 0 0 0 0 0 0 0 0 0 0 0 0 0 0 1 1 1 0 0 0 0 0 0 0 0 0 0 0 0 0 0 0 0 0
 0 0 0 0 0 0 0 0 0 0 0 0 0 0 0 0 0 0 0 0 0 0 0 0 0 0 0 0 0 1 0 0 0 0 0 0 0 0 0 0 0 0 0 0 0 0
 0 0 0 0 0 0 0 0 0 0 0 0 0 0 0 0 0 0 0 0 0 0 0 0 0 0 0 0 0 2 0 0 0 0 0 0 0 0 0 0 0 0 0 0 0 0
