assets/RAT_results_old/precipitation/2018-08-01_IMERG.asc
ncols        46
nrows        77
xllcorner    74.800261325624
yllcorner    8.058333333333
cellsize     0.062500000000
NODATA_value -9999
 2 2 22 14 14 11 14 14 21 21 12 12 12 2 5 5 3 3 1 1 1 1 1 1 1 1 1 1 1 0 0 0 0 0 1 1 1 1 0 0 1 1 0 0 0 0
 2 2 2 9 9 4 20 20 23 23 7 3 3 5 2 2 2 2 2 2 2 3 2 2 2 2 1 1 1 1 1 1 1 1 1 0 0 0 0 0 1 1 1 0 0 0
 2 2 2 9 9 4 20 20 23 23 7 3 3 5 2 2 2 2 2 2 2 3 2 2 2 2 1 1 1 1 1 1 1 1 1 0 0 0 0 0 1 1 1 0 0 0
 3 3 1 5 5 5 14 14 37 37 18 8 8 9 3 3 2 2 3 2 2 2 3 3 2 2 1 1 1 1 1 1 1 1 1 0 0 1 1 1 1 1 1 0 0 0
 1 1 3 6 6 5 15 15 23 23 24 10 10 10 4 4 2 2 2 1 1 2 2 2 2 2 3 2 2 1 1 1 1 1 1 1 1 1 1 1 1 1 0 0 0 0
 1 1 3 6 6 5 15 15 23 23 24 10 10 10 4 4 2 2 2 1 1 2 2 2 2 2 3 2 2 1 1 1 1 1 1 1 1 1 1 1 1 1 0 0 0 0
 1 1 1 9 9 6 10 10 9 9 11 5 5 5 2 2 1 1 1 1 1 1 2 2 2 2 4 3 3 2 2 2 1 1 1 0 0 1 1 1 0 0 0 0 0 0
 1 1 1 9 9 6 10 10 9 9 11 5 5 5 2 2 1 1 1 1 1 1 2 2 2 2 4 3 3 2 2 2 1 1 1 0 0 1 1 1 0 0 0 0 0 0
 1 1 0 9 9 3 7 7 17 17 13 10 10 1 1 1 0 0 0 0 0 1 1 1 1 1 1 1 1 1 1 1 0 0 0 0 0 1 1 1 1 1 0 0 0 0
 2 2 0 2 2 3 10 10 3 3 3 1 1 1 0 0 0 0 0 0 0 0 0 0 0 0 0 0 0 0 0 0 1 1 0 0 0 2 0 0 0 0 0 0 0 0
 2 2 0 2 2 3 10 10 3 3 3 1 1 1 0 0 0 0 0 0 0 0 0 0 0 0 0 0 0 0 0 0 1 1 0 0 0 2 0 0 0 0 0 0 0 0
 2 2 1 4 4 4 3 3 8 8 12 2 2 2 0 0 0 0 0 0 0 0 0 0 0 0 0 0 0 0 0 0 0 0 0 0 0 0 0 0 0 0 0 0 0 0
 1 1 0 13 13 5 3 3 8 8 12 2 2 4 5 5 6 6 4 0 0 0 0 0 0 0 0 0 0 0 0 0 0 0 0 0 0 0 0 0 0 0 0 0 0 0
 1 1 0 13 13 5 3 3 8 8 12 2 2 4 5 5 6 6 4 0 0 0 0 0 0 0 0 0 0 0 0 0 0 0 0 0 0 0 0 0 0 0 0 0 0 0
 1 1 12 13 13 3 6 6 3 3 9 2 2 3 6 6 9 9 11 7 7 2 0 0 0 0 0 0 0 0 0 0 0 0 0 0 0 0 0 0 0 0 1 0 0 0
 1 1 12 13 13 3 6 6 3 3 9 2 2 3 6 6 9 9 11 7 7 2 0 0 0 0 0 0 0 0 0 0 0 0 0 0 0 0 0 0 0 0 1 0 0 0
 1 1 10 78 78 5 2 2 2 2 1 1 1 3 8 8 15 15 31 5 5 4 4 4 0 0 0 0 0 0 0 0 0 0 0 0 0 0 0 0 0 0 0 0 0 0
 1 1 1 0 0 0 1 1 7 7 2 7 7 6 10 10 59 59 30 14 14 6 6 6 0 0 0 0 0 0 0 0 0 0 0 0 0 1 0 0 0 0 0 0 0 0
 1 1 1 0 0 0 1 1 7 7 2 7 7 6 10 10 59 59 30 14 14 6 6 6 0 0 0 0 0 0 0 0 0 0 0 0 0 1 0 0 0 0 0 0 0 0
 1 1 0 3 3 0 0 0 6 6 3 12 12 21 16 16 41 41 37 20 20 16 4 4 0 0 0 0 0 0 0 0 0 0 0 0 0 0 0 0 0 0 0 0 0 0
 2 2 1 1 1 0 1 1 2 2 2 9 9 16 31 31 31 31 15 15 15 16 15 15 2 2 0 0 0 0 0 0 0 0 0 0 0 0 0 0 0 0 0 0 0 0
 2 2 1 1 1 0 1 1 2 2 2 9 9 16 31 31 31 31 15 15 15 16 15 15 2 2 0 0 0 0 0 0 0 0 0 0 0 0 0 0 0 0 0 0 0 0
 0 0 0 2 2 1 0 0 0 0 0 3 3 7 10 10 7 7 5 16 16 15 14 14 10 10 2 0 0 0 0 0 0 0 0 0 0 0 0 0 1 1 1 0 0 0
 0 0 0 2 2 1 0 0 0 0 0 3 3 7 10 10 7 7 5 16 16 15 14 14 10 10 2 0 0 0 0 0 0 0 0 0 0 0 0 0 1 1 1 0 0 0
 0 0 0 0 0 1 0 0 0 0 1 1 1 2 2 2 9 9 8 8 8 16 22 22 9 9 20 5 5 1 0 0 0 0 0 0 0 0 0 0 2 2 2 1 1 0
 0 0 0 0 0 0 0 0 0 0 0 0 0 0 1 1 9 9 0 4 4 5 23 23 19 19 27 6 6 2 2 2 3 3 1 0 0 0 1 1 0 0 1 0 0 0
 0 0 0 0 0 0 0 0 0 0 0 0 0 0 1 1 9 9 0 4 4 5 23 23 19 19 27 6 6 2 2 2 3 3 1 0 0 0 1 1 0 0 1 0 0 0
 0 0 0 0 0 0 0 0 1 1 0 0 0 0 0 0 1 1 0 3 3 3 4 4 16 16 18 12 12 1 1 1 2 2 1 1 1 1 1 1 1 1 0 0 0 0
 0 0 0 0 0 0 0 0 0 0 0 0 0 0 0 0 1 1 1 1 1 3 3 3 4 4 10 6 6 0 0 0 0 0 0 0 0 1 1 1 0 0 0 0 0 0
 0 0 0 0 0 0 0 0 0 0 0 0 0 0 0 0 1 1 1 1 1 3 3 3 4 4 10 6 6 0 0 0 0 0 0 0 0 1 1 1 0 0 0 0 0 0
 0 0 0 0 0 0 0 0 0 0 0 0 0 0 0 0 2 2 1 0 0 1 4 4 5 5 4 3 3 6 0 0 0 0 0 0 0 0 0 0 0 0 1 2 2 1
 0 0 0 0 0 0 0 0 0 0 0 0 0 0 0 0 2 2 1 0 0 1 4 4 5 5 4 3 3 6 0 0 0 0 0 0 0 0 0 0 0 0 1 2 2 1
 0 0 0 0 0 0 0 0 0 0 0 0 0 0 0 0 1 1 1 1 1 1 4 4 7 7 8 1 1 1 1 1 1 1 0 0 0 0 0 0 0 0 0 0 0 0
 1 1 0 0 0 0 0 0 0 0 0 0 0 0 0 0 0 0 0 0 0 2 2 2 2 2 1 10 10 1 1 1 1 1 1 0 0 0 0 0 0 0 0 0 0 0
 1 1 0 0 0 0 0 0 0 0 0 0 0 0 0 0 0 0 0 0 0 2 2 2 2 2 1 10 10 1 1 1 1 1 1 0 0 0 0 0 0 0 0 0 0 0
 0 0 0 0 0 0 1 1 0 0 0 0 0 0 0 0 0 0 0 3 3 0 0 0 1 1 0 0 0 2 0 0 0 0 0 0 0 0 0 0 0 0 0 0 0 0
 0 0 2 3 3 1 0 0 1 1 0 0 0 0 0 0 0 0 0 0 0 0 0 0 0 0 0 0 0 0 0 0 0 0 0 0 0 0 0 0 0 0 1 1 1 0
 0 0 2 3 3 1 0 0 1 1 0 0 0 0 0 0 0 0 0 0 0 0 0 0 0 0 0 0 0 0 0 0 0 0 0 0 0 0 0 0 0 0 1 1 1 0
 0 0 1 1 1 1 0 0 0 0 0 0 0 0 0 0 0 0 0 0 0 0 0 0 0 0 0 0 0 9 0 0 0 0 0 0 0 0 0 0 0 0 2 1 1 0
 0 0 1 1 1 1 0 0 0 0 0 0 0 0 0 0 0 0 0 0 0 0 0 0 0 0 0 0 0 9 0 0 0 0 0 0 0 0 0 0 0 0 2 1 1 0
 2 2 2 1 1 0 0 0 0 0 0 0 0 0 0 0 0 0 0 1 1 0 0 0 0 0 1 0 0 7 2 2 0 0 0 0 0 1 0 0 0 0 1 1 1 0
 0 0 0 0 0 0 0 0 0 0 0 0 0 0 0 0 0 0 1 1 1 0 0 0 0 0 0 0 0 1 0 0 0 0 0 0 0 1 0 0 0 0 0 0 0 0
 0 0 0 0 0 0 0 0 0 0 0 0 0 0 0 0 0 0 1 1 1 0 0 0 0 0 0 0 0 1 0 0 0 0 0 0 0 1 0 0 0 0 0 0 0 0
 0 0 0 0 0 0 1 1 0 0 1 0 0 0 0 0 0 0 1 1 1 1 0 0 0 0 1 1 1 2 0 0 0 0 1 1 1 2 1 1 0 0 0 0 0 0
 0 0 0 0 0 1 1 1 0 0 1 1 1 1 1 1 0 0 1 1 1 0 0 0 0 0 0 0 0 2 3 3 0 0 1 1 1 2 1 1 0 0 0 0 0 0
 0 0 0 0 0 1 1 1 0 0 1 1 1 1 1 1 0 0 1 1 1 0 0 0 0 0 0 0 0 2 3 3 0 0 1 1 1 2 1 1 0 0 0 0 0 0
 0 0 1 1 1 3 3 3 1 1 2 4 4 5 2 2 0 0 0 0 0 2 0 0 2 2 0 0 0 2 4 4 1 1 1 1 1 2 2 2 0 0 0 0 0 0
 0 0 1 1 1 3 3 3 1 1 2 4 4 5 2 2 0 0 0 0 0 2 0 0 2 2 0 0 0 2 4 4 1 1 1 1 1 2 2 2 0 0 0 0 0 0
 1 1 1 1 1 2 5 5 6 6 6 5 5 6 16 16 0 0 1 0 0 8 7 7 7 7 0 0 0 0 0 0 0 0 1 1 1 1 1 1 0 0 0 0 0 0
 2 2 2 1 1 3 12 12 20 20 7 3 3 3 13 13 5 5 5 0 0 20 21 21 13 13 1 2 2 0 0 0 1 1 0 0 0 1 1 1 1 1 1 0 0 0
 2 2 2 1 1 3 12 12 20 20 7 3 3 3 13 13 5 5 5 0 0 20 21 21 13 13 1 2 2 0 0 0 1 1 0 0 0 1 1 1 1 1 1 0 0 0
 2 2 3 5 5 3 12 12 21 21 20 10 10 12 12 12 2 2 6 1 1 20 22 22 18 18 5 3 3 0 0 0 0 0 0 1 1 1 0 0 1 1 1 0 0 0
 2 2 2 4 4 5 5 5 7 7 21 3 3 12 11 11 2 2 2 3 3 12 19 19 21 21 4 12 12 7 0 0 0 0 1 1 1 1 1 1 0 0 0 0 0 0
 2 2 2 4 4 5 5 5 7 7 21 3 3 12 11 11 2 2 2 3 3 12 19 19 21 21 4 12 12 7 0 0 0 0 1 1 1 1 1 1 0 0 0 0 0 0
 3 3 2 3 3 3 4 4 6 6 6 3 3 3 4 4 3 3 3 2 2 12 17 17 19 19 30 21 21 12 3 3 0 0 0 0 0 0 1 1 0 0 0 0 0 0
 3 3 2 3 3 3 4 4 6 6 6 3 3 3 4 4 3 3 3 2 2 12 17 17 19 19 30 21 21 12 3 3 0 0 0 0 0 0 1 1 0 0 0 0 0 0
 3 3 3 2 2 2 3 3 5 5 7 6 6 8 3 3 3 3 3 4 4 3 11 11 25 25 25 15 15 6 5 5 5 5 5 2 2 2 2 2 1 1 0 1 1 1
 6 6 5 2 2 2 4 4 5 5 4 8 8 9 4 4 1 1 0 0 0 0 0 0 25 25 27 16 16 9 9 9 7 7 7 6 6 7 5 5 4 4 1 2 2 1
 6 6 5 2 2 2 4 4 5 5 4 8 8 9 4 4 1 1 0 0 0 0 0 0 25 25 27 16 16 9 9 9 7 7 7 6 6 7 5 5 4 4 1 2 2 1
 38 38 56 43 43 13 5 5 3 3 4 4 4 4 5 5 2 2 0 0 0 1 2 2 2 2 6 8 8 4 9 9 10 10 7 4 4 6 1 1 2 2 1 3 3 2
 98 98 58 45 45 19 4 4 3 3 5 4 4 6 7 7 4 4 2 0 0 1 1 1 2 2 2 6 6 2 4 4 6 6 6 3 3 1 0 0 1 1 1 1 1 1
 98 98 58 45 45 19 4 4 3 3 5 4 4 6 7 7 4 4 2 0 0 1 1 1 2 2 2 6 6 2 4 4 6 6 6 3 3 1 0 0 1 1 1 1 1 1
 88 88 107 50 50 50 12 12 5 5 6 4 4 7 6 6 4 4 4 0 0 0 0 0 0 0 1 1 1 4 7 7 6 6 6 3 3 2 0 0 2 2 1 1 1 1
 88 88 107 50 50 50 12 12 5 5 6 4 4 7 6 6 4 4 4 0 0 0 0 0 0 0 1 1 1 4 7 7 6 6 6 3 3 2 0 0 2 2 1 1 1 1
 5 5 7 5 5 50 12 12 9 9 8 6 6 8 8 8 6 6 5 5 5 0 0 0 0 0 0 3 3 1 4 4 1 1 2 2 2 1 4 4 3 3 2 1 1 1
 5 5 5 5 5 4 5 5 8 8 10 10 10 11 10 10 6 6 6 3 3 0 0 0 0 0 1 4 4 3 2 2 1 1 1 2 2 3 5 5 7 7 3 4 4 2
 5 5 5 5 5 4 5 5 8 8 10 10 10 11 10 10 6 6 6 3 3 0 0 0 0 0 1 4 4 3 2 2 1 1 1 2 2 3 5 5 7 7 3 4 4 2
 3 3 3 4 4 4 4 4 8 8 10 13 13 17 18 18 15 15 15 11 11 8 3 3 1 1 0 3 3 1 6 6 5 5 7 1 1 5 9 9 9 9 8 5 5 3
 1 1 1 2 2 2 7 7 10 10 13 21 21 21 22 22 15 15 16 12 12 11 3 3 5 5 5 1 1 7 6 6 7 7 6 3 3 3 7 7 6 6 9 6 6 2
 1 1 1 2 2 2 7 7 10 10 13 21 21 21 22 22 15 15 16 12 12 11 3 3 5 5 5 1 1 7 6 6 7 7 6 3 3 3 7 7 6 6 9 6 6 2
 0 0 0 1 1 1 5 5 9 9 12 20 20 19 18 18 19 19 21 14 14 4 3 3 8 8 3 3 3 9 13 13 8 8 9 6 6 3 4 4 6 6 7 7 7 2
 0 0 0 1 1 1 5 5 9 9 12 20 20 19 18 18 19 19 21 14 14 4 3 3 8 8 3 3 3 9 13 13 8 8 9 6 6 3 4 4 6 6 7 7 7 2
 0 0 1 1 1 1 5 5 10 10 10 16 16 26 25 25 19 19 17 14 14 5 6 6 13 13 3 0 0 1 6 6 6 6 5 5 5 7 8 8 6 6 5 5 5 5
 0 0 0 0 0 1 3 3 2 2 3 3 3 7 23 23 18 18 12 13 13 4 4 4 3 3 2 0 0 0 1 1 3 3 3 5 5 4 6 6 4 4 5 12 12 7
 0 0 0 0 0 1 3 3 2 2 3 3 3 7 23 23 18 18 12 13 13 4 4 4 3 3 2 0 0 0 1 1 3 3 3 5 5 4 6 6 4 4 5 12 12 7
 1 1 1 0 0 1 1 1 2 2 2 1 1 2 2 2 2 2 2 2 2 2 1 1 1 1 0 0 0 0 0 0 0 0 0 2 2 0 1 1 3 3 2 7 7 6
 1 1 0 0 0 0 1 1 1 1 1 0 0 0 0 0 0 0 0 1 1 1 1 1 1 1 0 1 1 1 1 1 0 0 1 0 0 0 0 0 1 1 3 0 0 1
