assets/RAT_results_old/precipitation/2018-05-02_IMERG.asc
ncols        46
nrows        77
xllcorner    74.800261325624
yllcorner    8.058333333333
cellsize     0.062500000000
NODATA_value -9999
 0 0 0 0 0 0 0 0 0 0 0 0 0 0 0 0 0 0 0 0 0 35 11 11 3 3 6 7 7 15 15 15 16 16 13 23 23 12 5 5 6 6 6 3 3 4
 0 0 0 0 0 0 0 0 0 0 0 0 0 0 0 0 0 0 1 1 1 1 56 56 2 2 20 8 8 12 19 19 27 27 26 5 5 5 2 2 1 1 3 3 3 2
 0 0 0 0 0 0 0 0 0 0 0 0 0 0 0 0 0 0 1 1 1 1 56 56 2 2 20 8 8 12 19 19 27 27 26 5 5 5 2 2 1 1 3 3 3 2
 0 0 0 0 0 0 0 0 0 0 0 0 0 0 0 0 1 1 1 1 1 1 1 1 5 5 5 10 10 23 30 30 31 31 29 21 21 10 1 1 6 6 3 2 2 3
 0 0 0 0 0 0 0 0 0 0 0 0 0 0 0 0 1 1 1 1 1 1 2 2 7 7 8 8 8 29 26 26 28 28 14 12 12 4 3 3 8 8 3 2 2 5
 0 0 0 0 0 0 0 0 0 0 0 0 0 0 0 0 1 1 1 1 1 1 2 2 7 7 8 8 8 29 26 26 28 28 14 12 12 4 3 3 8 8 3 2 2 5
 0 0 0 0 0 0 0 0 0 0 0 0 0 0 1 1 1 1 1 3 3 5 4 4 7 7 13 12 12 16 20 20 28 28 22 6 6 2 1 1 1 1 3 7 7 9
 0 0 0 0 0 0 0 0 0 0 0 0 0 0 1 1 1 1 1 3 3 5 4 4 7 7 13 12 12 16 20 20 28 28 22 6 6 2 1 1 1 1 3 7 7 9
 0 0 0 0 0 0 0 0 0 0 0 0 0 1 1 1 1 1 2 3 3 5 5 5 5 5 14 14 14 8 21 21 26 26 22 6 6 1 1 1 2 2 4 5 5 3
 0 0 0 1 1 0 0 0 0 0 0 1 1 1 1 1 1 1 17 17 17 9 10 10 17 17 15 15 15 8 8 8 18 18 9 7 7 1 1 1 3 3 10 5 5 10
 0 0 0 1 1 0 0 0 0 0 0 1 1 1 1 1 1 1 17 17 17 9 10 10 17 17 15 15 15 8 8 8 18 18 9 7 7 1 1 1 3 3 10 5 5 10
 0 0 0 0 0 1 0 0 0 0 1 1 1 1 1 1 6 6 17 17 17 9 16 16 9 9 21 16 16 7 7 7 7 7 10 9 9 1 3 3 3 3 9 5 5 2
 0 0 0 0 0 1 1 1 0 0 1 1 1 1 1 1 5 5 6 15 15 19 17 17 15 15 66 28 28 9 5 5 7 7 8 8 8 2 1 1 2 2 1 3 3 1
 0 0 0 0 0 1 1 1 0 0 1 1 1 1 1 1 5 5 6 15 15 19 17 17 15 15 66 28 28 9 5 5 7 7 8 8 8 2 1 1 2 2 1 3 3 1
 0 0 0 1 1 0 1 1 1 1 1 1 1 2 2 2 6 6 7 24 24 13 23 23 55 55 64 28 28 31 4 4 6 6 4 4 4 2 1 1 2 2 3 11 11 7
 0 0 0 1 1 0 1 1 1 1 1 1 1 2 2 2 6 6 7 24 24 13 23 23 55 55 64 28 28 31 4 4 6 6 4 4 4 2 1 1 2 2 3 11 11 7
 0 0 1 1 1 1 1 1 2 2 2 2 2 6 3 3 3 3 3 8 8 7 21 21 13 13 63 30 30 33 4 4 4 4 4 4 4 9 2 2 1 1 2 21 21 22
 1 1 1 2 2 2 2 2 2 2 5 3 3 3 8 8 9 9 7 5 5 5 13 13 12 12 55 28 28 53 5 5 5 5 13 11 11 8 3 3 2 2 3 6 6 12
 1 1 1 2 2 2 2 2 2 2 5 3 3 3 8 8 9 9 7 5 5 5 13 13 12 12 55 28 28 53 5 5 5 5 13 11 11 8 3 3 2 2 3 6 6 12
 2 2 2 3 3 3 7 7 8 8 4 7 7 12 18 18 13 13 15 6 6 5 4 4 3 3 15 13 13 47 6 6 5 5 15 16 16 2 2 2 3 3 3 5 5 6
 3 3 3 5 5 5 5 5 7 7 10 14 14 16 15 15 16 16 20 6 6 3 4 4 2 2 13 3 3 4 5 5 4 4 14 14 14 3 3 3 4 4 5 4 4 4
 3 3 3 5 5 5 5 5 7 7 10 14 14 16 15 15 16 16 20 6 6 3 4 4 2 2 13 3 3 4 5 5 4 4 14 14 14 3 3 3 4 4 5 4 4 4
 6 6 5 9 9 9 7 7 11 11 13 13 13 16 15 15 16 16 9 3 3 5 5 5 3 3 2 2 2 4 5 5 2 2 3 3 3 3 3 3 7 7 6 6 6 3
 6 6 5 9 9 9 7 7 11 11 13 13 13 16 15 15 16 16 9 3 3 5 5 5 3 3 2 2 2 4 5 5 2 2 3 3 3 3 3 3 7 7 6 6 6 3
 9 9 8 11 11 11 11 11 9 9 11 11 11 15 14 14 13 13 8 4 4 8 5 5 4 4 2 2 2 3 4 4 2 2 3 3 3 8 8 8 18 18 9 8 8 3
 13 13 19 18 18 21 14 14 13 13 12 14 14 15 14 14 13 13 12 9 9 10 6 6 6 6 5 5 5 4 2 2 3 3 3 3 3 8 8 8 25 25 25 22 22 2
 13 13 19 18 18 21 14 14 13 13 12 14 14 15 14 14 13 13 12 9 9 10 6 6 6 6 5 5 5 4 2 2 3 3 3 3 3 8 8 8 25 25 25 22 22 2
 23 23 31 23 23 25 18 18 29 29 15 20 20 19 20 20 16 16 15 9 9 9 9 9 8 8 6 10 10 5 4 4 4 4 3 3 3 3 27 27 25 25 24 22 22 3
 24 24 42 34 34 26 24 24 22 22 21 18 18 18 17 17 22 22 13 10 10 11 12 12 10 10 8 8 8 9 6 6 5 5 3 4 4 4 14 14 66 66 65 33 33 3
 24 24 42 34 34 26 24 24 22 22 21 18 18 18 17 17 22 22 13 10 10 11 12 12 10 10 8 8 8 9 6 6 5 5 3 4 4 4 14 14 66 66 65 33 33 3
 35 35 40 54 54 42 30 30 32 32 28 22 22 20 19 19 19 19 18 16 16 18 19 19 10 10 11 12 12 12 9 9 6 6 4 5 5 4 14 14 22 22 65 3 3 2
 35 35 40 54 54 42 30 30 32 32 28 22 22 20 19 19 19 19 18 16 16 18 19 19 10 10 11 12 12 12 9 9 6 6 4 5 5 4 14 14 22 22 65 3 3 2
 23 23 42 62 62 87 34 34 30 30 28 18 18 17 17 17 24 24 24 19 19 20 22 22 14 14 14 18 18 14 11 11 8 8 6 6 6 5 22 22 22 22 30 3 3 2
 36 36 29 51 51 58 51 51 27 27 26 21 21 17 14 14 15 15 22 23 23 23 21 21 21 21 21 16 16 13 10 10 8 8 6 5 5 5 45 45 15 15 23 24 24 2
 36 36 29 51 51 58 51 51 27 27 26 21 21 17 14 14 15 15 22 23 23 23 21 21 21 21 21 16 16 13 10 10 8 8 6 5 5 5 45 45 15 15 23 24 24 2
 80 80 60 37 37 27 25 25 23 23 26 15 15 17 22 22 19 19 24 27 27 33 23 23 23 23 17 14 14 11 9 9 8 8 6 8 8 45 44 44 15 15 22 23 23 2
 80 80 30 30 30 30 30 30 26 26 42 41 41 42 44 44 40 40 22 25 25 28 22 22 23 23 19 13 13 10 9 9 7 7 6 7 7 4 9 9 9 9 11 3 3 2
 80 80 30 30 30 30 30 30 26 26 42 41 41 42 44 44 40 40 22 25 25 28 22 22 23 23 19 13 13 10 9 9 7 7 6 7 7 4 9 9 9 9 11 3 3 2
 74 74 16 15 15 17 47 47 40 40 106 91 91 97 43 43 41 41 23 23 23 31 22 22 22 22 22 14 14 9 9 9 7 7 4 5 5 4 9 9 9 9 2 3 3 5
 74 74 16 15 15 17 47 47 40 40 106 91 91 97 43 43 41 41 23 23 23 31 22 22 22 22 22 14 14 9 9 9 7 7 4 5 5 4 9 9 9 9 2 3 3 5
 21 21 11 14 14 15 42 42 99 99 153 104 104 110 71 71 17 17 21 21 21 27 18 18 19 19 18 13 13 10 8 8 6 6 4 5 5 4 3 3 3 3 3 3 3 12
 17 17 8 14 14 16 39 39 119 119 178 122 122 106 47 47 15 15 19 15 15 22 21 21 20 20 14 17 17 8 6 6 5 5 3 4 4 5 5 5 4 4 4 12 12 13
 17 17 8 14 14 16 39 39 119 119 178 122 122 106 47 47 15 15 19 15 15 22 21 21 20 20 14 17 17 8 6 6 5 5 3 4 4 5 5 5 4 4 4 12 12 13
 10 10 7 8 8 17 16 16 65 65 75 58 58 50 43 43 15 15 15 13 13 18 22 22 14 14 13 14 14 9 8 8 5 5 4 5 5 7 8 8 5 5 7 9 9 19
 9 9 8 8 8 17 15 15 21 21 46 43 43 31 23 23 19 19 17 10 10 14 20 20 20 20 12 8 8 8 5 5 5 5 4 5 5 6 8 8 6 6 14 13 13 20
 9 9 8 8 8 17 15 15 21 21 46 43 43 31 23 23 19 19 17 10 10 14 20 20 20 20 12 8 8 8 5 5 5 5 4 5 5 6 8 8 6 6 14 13 13 20
 8 8 8 9 9 11 9 9 9 9 10 32 32 23 18 18 17 17 18 19 19 20 22 22 20 20 13 7 7 5 3 3 4 4 4 2 2 4 7 7 11 11 24 20 20 26
 8 8 8 9 9 11 9 9 9 9 10 32 32 23 18 18 17 17 18 19 19 20 22 22 20 20 13 7 7 5 3 3 4 4 4 2 2 4 7 7 11 11 24 20 20 26
 7 7 6 8 8 10 8 8 7 7 8 8 8 6 2 2 3 3 12 12 12 52 22 22 14 14 3 2 2 0 1 1 2 2 2 2 2 2 4 4 17 17 21 39 39 34
 3 3 5 5 5 7 5 5 7 7 7 6 6 5 1 1 1 1 11 20 20 117 38 38 33 33 6 7 7 1 1 1 2 2 2 2 2 2 2 2 15 15 17 25 25 33
 3 3 5 5 5 7 5 5 7 7 7 6 6 5 1 1 1 1 11 20 20 117 38 38 33 33 6 7 7 1 1 1 2 2 2 2 2 2 2 2 15 15 17 25 25 33
 3 3 2 4 4 4 3 3 5 5 6 5 5 5 1 1 1 1 1 28 28 37 41 41 43 43 16 6 6 2 1 1 6 6 2 2 2 1 3 3 10 10 36 10 10 8
 0 0 0 0 0 4 3 3 3 3 5 6 6 1 1 1 0 0 0 12 12 36 53 53 42 42 13 1 1 1 5 5 2 2 4 5 5 2 4 4 18 18 21 29 29 11
 0 0 0 0 0 4 3 3 3 3 5 6 6 1 1 1 0 0 0 12 12 36 53 53 42 42 13 1 1 1 5 5 2 2 4 5 5 2 4 4 18 18 21 29 29 11
 0 0 0 0 0 0 0 0 0 0 2 2 2 1 1 1 0 0 0 12 12 30 51 51 16 16 16 8 8 5 4 4 8 8 5 9 9 5 3 3 15 15 3 2 2 2
 0 0 0 0 0 0 0 0 0 0 2 2 2 1 1 1 0 0 0 12 12 30 51 51 16 16 16 8 8 5 4 4 8 8 5 9 9 5 3 3 15 15 3 2 2 2
 0 0 0 0 0 0 0 0 0 0 2 1 1 1 1 1 1 1 1 1 1 12 19 19 17 17 17 7 7 11 3 3 3 3 1 2 2 2 2 2 7 7 2 6 6 2
 0 0 0 1 1 0 0 0 0 0 0 1 1 0 1 1 1 1 1 1 1 8 18 18 10 10 16 8 8 10 7 7 0 0 2 1 1 1 3 3 7 7 2 1 1 2
 0 0 0 1 1 0 0 0 0 0 0 1 1 0 1 1 1 1 1 1 1 8 18 18 10 10 16 8 8 10 7 7 0 0 2 1 1 1 3 3 7 7 2 1 1 2
 0 0 0 0 0 0 0 0 0 0 0 1 1 0 0 0 0 0 0 0 0 0 3 3 0 0 9 4 4 3 13 13 2 2 1 1 1 2 2 2 3 3 1 0 0 0
 0 0 0 0 0 0 0 0 0 0 0 0 0 0 0 0 0 0 0 0 0 0 0 0 8 8 1 4 4 7 1 1 0 0 0 0 0 0 0 0 0 0 1 2 2 1
 0 0 0 0 0 0 0 0 0 0 0 0 0 0 0 0 0 0 0 0 0 0 0 0 8 8 1 4 4 7 1 1 0 0 0 0 0 0 0 0 0 0 1 2 2 1
 0 0 0 0 0 0 0 0 0 0 0 0 0 0 0 0 0 0 0 0 0 0 0 0 0 0 0 0 0 0 0 0 0 0 0 0 0 0 0 0 0 0 0 0 0 1
 0 0 0 0 0 0 0 0 0 0 0 0 0 0 0 0 0 0 0 0 0 0 0 0 0 0 0 0 0 0 0 0 0 0 0 0 0 0 0 0 0 0 0 0 0 1
 0 0 0 0 0 0 0 0 0 0 0 0 0 0 0 0 0 0 0 0 0 0 1 1 1 1 0 0 0 0 0 0 0 0 0 0 0 1 0 0 0 0 0 0 0 0
 0 0 0 0 0 0 0 0 0 0 0 0 0 0 0 0 0 0 0 0 0 0 1 1 1 1 0 0 0 0 0 0 0 0 0 1 1 1 1 1 0 0 0 0 0 0
 0 0 0 0 0 0 0 0 0 0 0 0 0 0 0 0 0 0 0 0 0 0 1 1 1 1 0 0 0 0 0 0 0 0 0 1 1 1 1 1 0 0 0 0 0 0
 0 0 1 0 0 0 0 0 0 0 2 1 1 1 1 1 0 0 0 0 0 0 0 0 0 0 0 0 0 0 0 0 0 0 0 0 0 0 0 0 0 0 0 0 0 0
 0 0 0 0 0 0 0 0 0 0 0 0 0 0 0 0 0 0 0 0 0 0 0 0 0 0 0 0 0 0 0 0 0 0 0 0 0 0 0 0 1 1 1 0 0 0
 0 0 0 0 0 0 0 0 0 0 0 0 0 0 0 0 0 0 0 0 0 0 0 0 0 0 0 0 0 0 0 0 0 0 0 0 0 0 0 0 1 1 1 0 0 0
 0 0 0 0 0 0 0 0 0 0 0 0 0 0 0 0 0 0 0 0 0 0 0 0 0 0 0 0 0 0 0 0 0 0 0 0 0 0 0 0 1 1 1 0 0 0
 0 0 0 0 0 0 0 0 0 0 0 0 0 0 0 0 0 0 0 0 0 0 0 0 0 0 0 0 0 0 0 0 0 0 0 0 0 0 0 0 1 1 1 0 0 0
 0 0 0 0 0 0 0 0 0 0 0 0 0 0 0 0 0 0 0 0 0 0 0 0 0 0 0 0 0 0 0 0 0 0 0 0 0 0 0 0 0 0 0 0 0 0
 1 1 0 0 0 0 0 0 0 0 0 0 0 0 0 0 0 0 0 0 0 0 0 0 0 0 0 0 0 0 0 0 0 0 0 0 0 0 0 0 0 0 0 0 0 0
 1 1 0 0 0 0 0 0 0 0 0 0 0 0 0 0 0 0 0 0 0 0 0 0 0 0 0 0 0 0 0 0 0 0 0 0 0 0 0 0 0 0 0 0 0 0
 17 17 1 0 0 0 0 0 0 0 0 0 0 0 0 0 0 0 0 0 0 0 0 0 0 0 0 0 0 0 0 0 0 0 0 0 0 0 0 0 0 0 0 0 0 0
 11 11 12 0 0 0 0 0 0 0 0 0 0 0 0 0 0 0 0 0 0 0 0 0 0 0 0 0 0 0 0 0 0 0 0 0 0 0 0 0 0 0 0 0 0 0
