assets/RAT_results_old/precipitation/2018-09-23_IMERG.asc
ncols        46
nrows        77
xllcorner    74.800261325624
yllcorner    8.058333333333
cellsize     0.062500000000
NODATA_value -9999
 0 0 1 0 0 0 0 0 0 0 0 1 1 0 0 0 1 1 1 3 3 3 3 3 7 7 4 6 6 9 14 14 15 15 18 16 16 16 34 34 42 42 35 46 46 17
 0 0 1 0 0 0 0 0 0 0 0 0 0 0 0 0 1 1 2 3 3 5 10 10 8 8 12 11 11 11 19 19 22 22 20 19 19 22 49 49 38 38 42 66 66 12
 0 0 1 0 0 0 0 0 0 0 0 0 0 0 0 0 1 1 2 3 3 5 10 10 8 8 12 11 11 11 19 19 22 22 20 19 19 22 49 49 38 38 42 66 66 12
 0 0 1 0 0 0 0 0 0 0 0 0 0 0 1 1 1 1 5 5 5 5 10 10 9 9 13 14 14 15 21 21 17 17 12 22 22 29 37 37 56 56 19 11 11 8
 0 0 0 1 1 0 0 0 0 0 0 0 0 0 1 1 2 2 4 4 4 5 16 16 6 6 10 10 10 18 19 19 19 19 21 30 30 35 17 17 19 19 4 10 10 2
 0 0 0 1 1 0 0 0 0 0 0 0 0 0 1 1 2 2 4 4 4 5 16 16 6 6 10 10 10 18 19 19 19 19 21 30 30 35 17 17 19 19 4 10 10 2
 0 0 0 1 1 1 0 0 0 0 1 3 3 1 3 3 4 4 7 8 8 26 17 17 15 15 12 13 13 17 26 26 31 31 45 26 26 19 16 16 18 18 25 11 11 2
 0 0 0 1 1 1 0 0 0 0 1 3 3 1 3 3 4 4 7 8 8 26 17 17 15 15 12 13 13 17 26 26 31 31 45 26 26 19 16 16 18 18 25 11 11 2
 0 0 0 1 1 1 0 0 0 0 1 2 2 3 5 5 10 10 13 18 18 27 14 14 10 10 14 21 21 21 20 20 25 25 43 37 37 18 10 10 23 23 17 20 20 15
 0 0 0 1 1 1 1 1 0 0 1 3 3 12 9 9 12 12 13 17 17 23 10 10 15 15 11 21 21 22 17 17 39 39 36 41 41 20 21 21 15 15 16 13 13 13
 0 0 0 1 1 1 1 1 0 0 1 3 3 12 9 9 12 12 13 17 17 23 10 10 15 15 11 21 21 22 17 17 39 39 36 41 41 20 21 21 15 15 16 13 13 13
 0 0 0 0 0 1 1 1 1 1 1 4 4 7 13 13 15 15 12 14 14 10 11 11 13 13 10 9 9 22 55 55 21 21 43 43 43 37 29 29 13 13 11 14 14 10
 0 0 0 0 0 1 1 1 1 1 1 3 3 11 13 13 13 13 13 15 15 10 10 10 14 14 13 15 15 16 19 19 65 65 45 39 39 22 14 14 10 10 19 13 13 5
 0 0 0 0 0 1 1 1 1 1 1 3 3 11 13 13 13 13 13 15 15 10 10 10 14 14 13 15 15 16 19 19 65 65 45 39 39 22 14 14 10 10 19 13 13 5
 0 0 0 0 0 0 1 1 1 1 3 4 4 9 14 14 11 11 16 11 11 9 9 9 12 12 23 49 49 23 45 45 37 37 18 38 38 21 28 28 10 10 11 11 11 7
 0 0 0 0 0 0 1 1 1 1 3 4 4 9 14 14 11 11 16 11 11 9 9 9 12 12 23 49 49 23 45 45 37 37 18 38 38 21 28 28 10 10 11 11 11 7
 0 0 0 0 0 0 0 0 1 1 3 4 4 7 9 9 15 15 19 19 19 27 13 13 14 14 16 56 56 41 28 28 37 37 42 30 30 30 15 15 6 6 5 6 6 5
 0 0 0 0 0 0 0 0 0 0 3 5 5 9 14 14 17 17 24 33 33 27 48 48 33 33 42 58 58 25 33 33 22 22 21 28 28 23 22 22 16 16 17 21 21 8
 0 0 0 0 0 0 0 0 0 0 3 5 5 9 14 14 17 17 24 33 33 27 48 48 33 33 42 58 58 25 33 33 22 22 21 28 28 23 22 22 16 16 17 21 21 8
 0 0 0 0 0 0 0 0 1 1 2 4 4 8 20 20 20 20 25 22 22 40 42 42 49 49 40 44 44 42 42 42 33 33 32 59 59 40 25 25 16 16 33 25 25 24
 0 0 0 0 0 0 0 0 1 1 2 4 4 11 30 30 33 33 31 40 40 56 52 52 49 49 34 43 43 31 42 42 48 48 49 67 67 60 71 71 56 56 47 19 19 17
 0 0 0 0 0 0 0 0 1 1 2 4 4 11 30 30 33 33 31 40 40 56 52 52 49 49 34 43 43 31 42 42 48 48 49 67 67 60 71 71 56 56 47 19 19 17
 0 0 0 0 0 0 0 0 1 1 2 7 7 9 11 11 15 15 17 35 35 30 30 30 33 33 25 30 30 30 34 34 96 96 81 38 38 32 41 41 33 33 27 19 19 18
 0 0 0 0 0 0 0 0 1 1 2 7 7 9 11 11 15 15 17 35 35 30 30 30 33 33 25 30 30 30 34 34 96 96 81 38 38 32 41 41 33 33 27 19 19 18
 0 0 0 0 0 0 0 0 1 1 4 9 9 6 8 8 7 7 13 22 22 28 29 29 22 22 32 26 26 34 33 33 61 61 60 79 79 38 26 26 63 63 36 18 18 20
 1 1 0 0 0 0 1 1 2 2 3 4 4 7 8 8 8 8 12 14 14 16 17 17 22 22 20 74 74 32 50 50 40 40 45 58 58 38 51 51 20 20 33 18 18 28
 1 1 0 0 0 0 1 1 2 2 3 4 4 7 8 8 8 8 12 14 14 16 17 17 22 22 20 74 74 32 50 50 40 40 45 58 58 38 51 51 20 20 33 18 18 28
 0 0 0 0 0 1 0 0 1 1 1 2 2 4 12 12 9 9 10 13 13 13 16 16 19 19 56 38 38 27 49 49 53 53 57 44 44 72 55 55 41 41 26 41 41 15
 0 0 1 0 0 0 1 1 1 1 1 1 1 3 5 5 6 6 7 14 14 18 29 29 18 18 21 17 17 35 37 37 40 40 48 25 25 20 35 35 38 38 46 17 17 31
 0 0 1 0 0 0 1 1 1 1 1 1 1 3 5 5 6 6 7 14 14 18 29 29 18 18 21 17 17 35 37 37 40 40 48 25 25 20 35 35 38 38 46 17 17 31
 1 1 1 1 1 1 1 1 2 2 7 7 7 5 12 12 6 6 6 8 8 11 13 13 17 17 18 29 29 23 31 31 40 40 30 61 61 23 43 43 54 54 57 18 18 7
 1 1 1 1 1 1 1 1 2 2 7 7 7 5 12 12 6 6 6 8 8 11 13 13 17 17 18 29 29 23 31 31 40 40 30 61 61 23 43 43 54 54 57 18 18 7
 1 1 1 1 1 1 1 1 4 4 7 7 7 11 15 15 10 10 9 9 9 6 8 8 16 16 18 13 13 15 15 15 21 21 16 19 19 18 35 35 22 22 23 12 12 5
 1 1 1 1 1 1 1 1 2 2 9 13 13 13 21 21 19 19 12 12 12 10 10 10 12 12 5 12 12 24 13 13 9 9 12 18 18 16 16 16 47 47 20 25 25 9
 1 1 1 1 1 1 1 1 2 2 9 13 13 13 21 21 19 19 12 12 12 10 10 10 12 12 5 12 12 24 13 13 9 9 12 18 18 16 16 16 47 47 20 25 25 9
 0 0 1 1 1 1 1 1 1 1 59 19 19 28 18 18 45 45 47 21 21 21 12 12 10 10 8 5 5 8 13 13 11 11 20 17 17 28 19 19 19 19 26 13 13 12
 1 1 0 1 1 1 1 1 2 2 59 19 19 31 71 71 50 50 48 28 28 18 7 7 9 9 7 6 6 9 15 15 16 16 17 25 25 21 26 26 20 20 26 12 12 4
 1 1 0 1 1 1 1 1 2 2 59 19 19 31 71 71 50 50 48 28 28 18 7 7 9 9 7 6 6 9 15 15 16 16 17 25 25 21 26 26 20 20 26 12 12 4
 1 1 1 1 1 1 1 1 2 2 7 6 6 29 25 25 37 37 40 24 24 22 9 9 14 14 12 16 16 21 23 23 21 21 21 18 18 18 27 27 43 43 62 39 39 20
 1 1 1 1 1 1 1 1 2 2 7 6 6 29 25 25 37 37 40 24 24 22 9 9 14 14 12 16 16 21 23 23 21 21 21 18 18 18 27 27 43 43 62 39 39 20
 1 1 1 1 1 1 1 1 2 2 3 14 14 29 16 16 26 26 17 14 14 7 8 8 9 9 17 18 18 30 25 25 42 42 36 34 34 41 31 31 28 28 56 34 34 40
 1 1 1 1 1 1 1 1 3 3 3 7 7 23 9 9 5 5 14 10 10 5 9 9 16 16 21 46 46 44 51 51 35 35 57 54 54 53 25 25 43 43 27 38 38 43
 1 1 1 1 1 1 1 1 3 3 3 7 7 23 9 9 5 5 14 10 10 5 9 9 16 16 21 46 46 44 51 51 35 35 57 54 54 53 25 25 43 43 27 38 38 43
 1 1 2 1 1 1 1 1 2 2 4 4 4 5 5 5 6 6 10 11 11 12 16 16 17 17 24 24 24 37 72 72 53 53 99 61 61 56 30 30 37 37 38 35 35 20
 1 1 1 1 1 1 1 1 2 2 3 3 3 6 3 3 6 6 8 10 10 7 18 18 32 32 35 22 22 38 50 50 51 51 55 57 57 57 54 54 42 42 39 38 38 21
 1 1 1 1 1 1 1 1 2 2 3 3 3 6 3 3 6 6 8 10 10 7 18 18 32 32 35 22 22 38 50 50 51 51 55 57 57 57 54 54 42 42 39 38 38 21
 1 1 1 0 0 1 1 1 2 2 1 1 1 2 2 2 5 5 8 9 9 11 12 12 41 41 39 35 35 46 47 47 74 74 57 90 90 57 47 47 52 52 46 43 43 34
 1 1 1 0 0 1 1 1 2 2 1 1 1 2 2 2 5 5 8 9 9 11 12 12 41 41 39 35 35 46 47 47 74 74 57 90 90 57 47 47 52 52 46 43 43 34
 1 1 1 0 0 0 0 0 1 1 1 1 1 0 6 6 6 6 7 13 13 14 15 15 37 37 50 31 31 33 47 47 66 66 67 75 75 79 73 73 45 45 42 46 46 25
 1 1 1 1 1 0 0 0 0 0 4 0 0 1 3 3 4 4 4 7 7 16 17 17 24 24 51 52 52 33 30 30 55 55 47 56 56 95 42 42 42 42 29 27 27 19
 1 1 1 1 1 0 0 0 0 0 4 0 0 1 3 3 4 4 4 7 7 16 17 17 24 24 51 52 52 33 30 30 55 55 47 56 56 95 42 42 42 42 29 27 27 19
 1 1 1 2 2 1 0 0 0 0 0 0 0 0 1 1 2 2 2 7 7 13 28 28 20 20 81 29 29 40 35 35 49 49 30 37 37 29 30 30 25 25 20 16 16 9
 1 1 2 2 2 1 0 0 0 0 1 0 0 0 1 1 1 1 3 4 4 14 15 15 20 20 41 43 43 40 50 50 38 38 34 26 26 27 16 16 16 16 22 13 13 48
 1 1 2 2 2 1 0 0 0 0 1 0 0 0 1 1 1 1 3 4 4 14 15 15 20 20 41 43 43 40 50 50 38 38 34 26 26 27 16 16 16 16 22 13 13 48
 1 1 1 1 1 0 0 0 0 0 0 0 0 3 2 2 2 2 2 4 4 9 15 15 34 34 34 38 38 54 39 39 41 41 62 46 46 30 30 30 38 38 40 10 10 13
 1 1 1 1 1 0 0 0 0 0 0 0 0 3 2 2 2 2 2 4 4 9 15 15 34 34 34 38 38 54 39 39 41 41 62 46 46 30 30 30 38 38 40 10 10 13
 0 0 1 1 1 0 0 0 1 1 1 5 5 1 2 2 7 7 3 5 5 11 16 16 23 23 44 60 60 86 26 26 88 88 36 45 45 38 30 30 35 35 51 28 28 9
 0 0 0 0 0 0 0 0 0 0 0 2 2 2 2 2 3 3 7 5 5 6 12 12 27 27 22 64 64 75 37 37 39 39 52 39 39 30 24 24 24 24 57 30 30 45
 0 0 0 0 0 0 0 0 0 0 0 2 2 2 2 2 3 3 7 5 5 6 12 12 27 27 22 64 64 75 37 37 39 39 52 39 39 30 24 24 24 24 57 30 30 45
 0 0 0 0 0 0 0 0 0 0 0 1 1 3 6 6 4 4 7 5 5 5 7 7 16 16 34 16 16 13 18 18 44 44 32 36 36 43 35 35 29 29 49 16 16 19
 0 0 0 0 0 1 0 0 0 0 0 1 1 3 10 10 13 13 11 9 9 9 2 2 4 4 7 12 12 9 8 8 21 21 27 27 27 36 36 36 28 28 37 68 68 15
 0 0 0 0 0 1 0 0 0 0 0 1 1 3 10 10 13 13 11 9 9 9 2 2 4 4 7 12 12 9 8 8 21 21 27 27 27 36 36 36 28 28 37 68 68 15
 0 0 0 0 0 0 0 0 1 1 2 2 2 9 15 15 20 20 16 13 13 10 3 3 1 1 3 4 4 6 18 18 13 13 18 24 24 44 66 66 50 50 36 46 46 34
 0 0 0 0 0 0 0 0 1 1 2 2 2 9 15 15 20 20 16 13 13 10 3 3 1 1 3 4 4 6 18 18 13 13 18 24 24 44 66 66 50 50 36 46 46 34
 0 0 0 0 0 2 2 2 1 1 2 2 2 3 9 9 14 14 8 14 14 6 7 7 4 4 3 4 4 5 6 6 15 15 17 26 26 30 36 36 47 47 61 33 33 31
 1 1 0 0 0 0 0 0 0 0 0 1 1 1 1 1 4 4 2 6 6 5 7 7 6 6 7 12 12 10 10 10 24 24 20 20 20 15 27 27 46 46 50 33 33 15
 1 1 0 0 0 0 0 0 0 0 0 1 1 1 1 1 4 4 2 6 6 5 7 7 6 6 7 12 12 10 10 10 24 24 20 20 20 15 27 27 46 46 50 33 33 15
 1 1 0 0 0 0 0 0 0 0 0 0 0 0 2 2 2 2 1 10 10 13 5 5 13 13 14 16 16 15 39 39 23 23 19 18 18 9 4 4 16 16 68 37 37 14
 0 0 0 0 0 5 0 0 1 1 0 0 0 1 3 3 2 2 1 2 2 8 14 14 6 6 14 22 22 12 7 7 14 14 16 2 2 12 15 15 18 18 16 35 35 18
 0 0 0 0 0 5 0 0 1 1 0 0 0 1 3 3 2 2 1 2 2 8 14 14 6 6 14 22 22 12 7 7 14 14 16 2 2 12 15 15 18 18 16 35 35 18
 0 0 1 0 0 0 0 0 0 0 0 1 1 2 2 2 1 1 1 1 1 3 4 4 5 5 13 16 16 23 11 11 2 2 2 2 2 0 1 1 2 2 16 9 9 2
 0 0 1 0 0 0 0 0 0 0 0 1 1 2 2 2 1 1 1 1 1 3 4 4 5 5 13 16 16 23 11 11 2 2 2 2 2 0 1 1 2 2 16 9 9 2
 0 0 0 0 0 0 0 0 0 0 0 0 0 0 0 0 2 2 1 1 1 2 3 3 3 3 5 10 10 4 7 7 0 0 2 1 1 1 1 1 2 2 0 3 3 3
 0 0 0 0 0 0 0 0 0 0 0 0 0 0 0 0 1 1 1 0 0 1 1 1 1 1 1 1 1 0 0 0 2 2 0 0 0 4 1 1 0 0 0 1 1 3
 0 0 0 0 0 0 0 0 0 0 0 0 0 0 0 0 1 1 1 0 0 1 1 1 1 1 1 1 1 0 0 0 2 2 0 0 0 4 1 1 0 0 0 1 1 3
 0 0 1 0 0 0 0 0 0 0 0 0 0 0 0 0 1 1 0 0 0 1 1 1 0 0 0 0 0 0 0 0 0 0 0 0 0 2 0 0 0 0 0 0 0 3
 0 0 0 1 1 0 0 0 0 0 0 0 0 0 0 0 0 0 0 0 0 0 0 0 1 1 0 0 0 0 0 0 0 0 2 0 0 0 0 0 0 0 2 0 0 0
