assets/RAT_results_old/precipitation/2018-03-16_IMERG.asc
ncols        46
nrows        77
xllcorner    74.800261325624
yllcorner    8.058333333333
cellsize     0.062500000000
NODATA_value -9999
 19 19 10 5 5 4 4 4 1 1 0 0 0 0 0 0 0 0 0 0 0 1 1 1 1 1 0 0 0 0 1 1 2 2 0 1 1 1 1 1 1 1 1 15 15 23
 16 16 7 5 5 2 4 4 1 1 1 0 0 0 0 0 0 0 0 0 0 1 1 1 0 0 1 0 0 0 0 0 0 0 2 1 1 1 2 2 2 2 13 19 19 32
 16 16 7 5 5 2 4 4 1 1 1 0 0 0 0 0 0 0 0 0 0 1 1 1 0 0 1 0 0 0 0 0 0 0 2 1 1 1 2 2 2 2 13 19 19 32
 7 7 6 5 5 1 1 1 4 4 0 0 0 0 0 0 0 0 0 0 0 0 0 0 0 0 0 0 0 0 0 0 0 0 1 3 3 1 2 2 2 2 3 19 19 28
 3 3 4 5 5 0 1 1 0 0 0 0 0 0 1 1 0 0 0 0 0 0 1 1 1 1 0 0 0 0 0 0 1 1 2 3 3 3 2 2 3 3 3 11 11 17
 3 3 4 5 5 0 1 1 0 0 0 0 0 0 1 1 0 0 0 0 0 0 1 1 1 1 0 0 0 0 0 0 1 1 2 3 3 3 2 2 3 3 3 11 11 17
 4 4 3 6 6 1 1 1 1 1 1 0 0 0 0 0 0 0 0 0 0 0 4 4 4 4 2 0 0 2 1 1 3 3 3 3 3 6 9 9 5 5 4 8 8 12
 4 4 3 6 6 1 1 1 1 1 1 0 0 0 0 0 0 0 0 0 0 0 4 4 4 4 2 0 0 2 1 1 3 3 3 3 3 6 9 9 5 5 4 8 8 12
 4 4 1 2 2 1 1 1 0 0 1 0 0 0 0 0 1 1 0 0 0 0 0 0 4 4 3 0 0 1 2 2 3 3 11 4 4 12 6 6 30 30 9 8 8 9
 2 2 2 2 2 1 2 2 0 0 0 0 0 0 0 0 0 0 0 0 0 0 0 0 7 7 6 2 2 1 3 3 4 4 15 4 4 5 7 7 29 29 21 10 10 8
 2 2 2 2 2 1 2 2 0 0 0 0 0 0 0 0 0 0 0 0 0 0 0 0 7 7 6 2 2 1 3 3 4 4 15 4 4 5 7 7 29 29 21 10 10 8
 4 4 3 7 7 6 1 1 0 0 0 0 0 0 0 0 0 0 0 2 2 2 0 0 4 4 5 2 2 1 3 3 9 9 7 4 4 4 5 5 8 8 9 13 13 11
 2 2 3 4 4 2 1 1 1 1 0 0 0 0 0 0 0 0 0 2 2 0 3 3 5 5 1 3 3 6 10 10 11 11 8 15 15 7 13 13 9 9 6 27 27 12
 2 2 3 4 4 2 1 1 1 1 0 0 0 0 0 0 0 0 0 2 2 0 3 3 5 5 1 3 3 6 10 10 11 11 8 15 15 7 13 13 9 9 6 27 27 12
 4 4 6 2 2 2 1 1 1 1 1 0 0 0 0 0 0 0 0 0 0 0 4 4 3 3 11 7 7 14 9 9 8 8 18 16 16 17 16 16 10 10 8 9 9 7
 4 4 6 2 2 2 1 1 1 1 1 0 0 0 0 0 0 0 0 0 0 0 4 4 3 3 11 7 7 14 9 9 8 8 18 16 16 17 16 16 10 10 8 9 9 7
 3 3 7 2 2 1 1 1 1 1 1 0 0 0 0 0 0 0 0 0 0 0 7 7 1 1 4 6 6 11 9 9 12 12 8 15 15 7 10 10 4 4 5 5 5 3
 3 3 2 1 1 0 0 0 2 2 1 1 1 1 0 0 0 0 0 0 0 0 0 0 2 2 3 2 2 5 5 5 6 6 7 5 5 6 5 5 10 10 4 6 6 3
 3 3 2 1 1 0 0 0 2 2 1 1 1 1 0 0 0 0 0 0 0 0 0 0 2 2 3 2 2 5 5 5 6 6 7 5 5 6 5 5 10 10 4 6 6 3
 1 1 1 1 1 0 0 0 4 4 2 2 2 1 0 0 0 0 0 5 5 0 0 0 2 2 0 0 0 3 5 5 7 7 5 3 3 4 4 4 10 10 10 4 4 2
 1 1 1 1 1 1 0 0 2 2 4 3 3 1 0 0 0 0 0 0 0 5 0 0 0 0 0 0 0 3 1 1 3 3 5 1 1 1 1 1 1 1 13 2 2 3
 1 1 1 1 1 1 0 0 2 2 4 3 3 1 0 0 0 0 0 0 0 5 0 0 0 0 0 0 0 3 1 1 3 3 5 1 1 1 1 1 1 1 13 2 2 3
 2 2 1 2 2 1 0 0 0 0 1 2 2 1 1 1 1 1 0 0 0 0 0 0 0 0 0 4 4 8 3 3 1 1 2 1 1 1 1 1 1 1 2 2 2 2
 2 2 1 2 2 1 0 0 0 0 1 2 2 1 1 1 1 1 0 0 0 0 0 0 0 0 0 4 4 8 3 3 1 1 2 1 1 1 1 1 1 1 2 2 2 2
 1 1 1 1 1 1 0 0 1 1 1 1 1 2 1 1 2 2 1 0 0 12 0 0 0 0 0 10 10 5 1 1 1 1 0 1 1 11 11 11 2 2 2 1 1 0
 1 1 1 1 1 1 0 0 1 1 2 1 1 3 3 3 2 2 1 0 0 7 0 0 5 5 0 4 4 4 1 1 0 0 0 8 8 5 9 9 5 5 1 1 1 0
 1 1 1 1 1 1 0 0 1 1 2 1 1 3 3 3 2 2 1 0 0 7 0 0 5 5 0 4 4 4 1 1 0 0 0 8 8 5 9 9 5 5 1 1 1 0
 2 2 1 0 0 0 0 0 0 0 2 0 0 1 1 1 1 1 1 0 0 0 0 0 5 5 1 1 1 1 0 0 0 0 0 1 1 2 2 2 7 7 1 1 1 0
 2 2 1 0 0 0 0 0 0 0 0 0 0 0 2 2 1 1 2 1 1 0 0 0 0 0 0 1 1 1 2 2 0 0 0 0 0 0 4 4 1 1 1 1 1 1
 2 2 1 0 0 0 0 0 0 0 0 0 0 0 2 2 1 1 2 1 1 0 0 0 0 0 0 1 1 1 2 2 0 0 0 0 0 0 4 4 1 1 1 1 1 1
 7 7 2 1 1 0 0 0 0 0 0 0 0 0 3 3 2 2 3 1 1 1 0 0 1 1 0 0 0 0 0 0 0 0 0 1 1 7 5 5 15 15 2 1 1 2
 7 7 2 1 1 0 0 0 0 0 0 0 0 0 3 3 2 2 3 1 1 1 0 0 1 1 0 0 0 0 0 0 0 0 0 1 1 7 5 5 15 15 2 1 1 2
 6 6 3 2 2 1 0 0 0 0 0 1 1 1 1 1 2 2 1 1 1 1 1 1 1 1 0 0 0 0 0 0 12 12 9 1 1 4 6 6 4 4 11 4 4 0
 4 4 4 3 3 1 1 1 0 0 1 4 4 2 1 1 1 1 0 1 1 1 1 1 1 1 0 0 0 0 0 0 5 5 1 3 3 3 13 13 12 12 12 5 5 2
 4 4 4 3 3 1 1 1 0 0 1 4 4 2 1 1 1 1 0 1 1 1 1 1 1 1 0 0 0 0 0 0 5 5 1 3 3 3 13 13 12 12 12 5 5 2
 11 11 3 1 1 1 0 0 0 0 1 6 6 3 1 1 2 2 1 2 2 1 0 0 0 0 0 0 0 0 0 0 0 0 0 5 5 6 5 5 15 15 2 2 2 2
 3 3 3 1 1 0 0 0 0 0 0 2 2 6 1 1 1 1 1 1 1 0 0 0 1 1 0 0 0 0 0 0 1 1 15 15 15 11 3 3 2 2 1 2 2 1
 3 3 3 1 1 0 0 0 0 0 0 2 2 6 1 1 1 1 1 1 1 0 0 0 1 1 0 0 0 0 0 0 1 1 15 15 15 11 3 3 2 2 1 2 2 1
 4 4 2 2 2 1 0 0 0 0 1 6 6 5 3 3 1 1 1 1 1 0 1 1 0 0 0 0 0 0 0 0 0 0 19 29 29 13 4 4 1 1 1 1 1 1
 4 4 2 2 2 1 0 0 0 0 1 6 6 5 3 3 1 1 1 1 1 0 1 1 0 0 0 0 0 0 0 0 0 0 19 29 29 13 4 4 1 1 1 1 1 1
 3 3 1 1 1 1 0 0 0 0 1 2 2 2 1 1 2 2 1 1 1 0 1 1 1 1 0 0 0 0 8 8 9 9 18 36 36 40 8 8 3 3 7 1 1 5
 4 4 1 1 1 1 0 0 1 1 1 1 1 1 1 1 2 2 1 1 1 1 1 1 0 0 0 0 0 2 0 0 13 13 14 32 32 28 10 10 16 16 6 7 7 1
 4 4 1 1 1 1 0 0 1 1 1 1 1 1 1 1 2 2 1 1 1 1 1 1 0 0 0 0 0 2 0 0 13 13 14 32 32 28 10 10 16 16 6 7 7 1
 3 3 1 1 1 1 1 1 3 3 1 1 1 1 2 2 1 1 1 1 1 1 1 1 1 1 0 0 0 1 0 0 13 13 14 23 23 43 12 12 12 12 4 2 2 0
 3 3 1 1 1 0 2 2 4 4 1 1 1 1 2 2 0 0 0 1 1 1 1 1 5 5 1 1 1 1 0 0 17 17 20 33 33 34 21 21 9 9 0 0 0 0
 3 3 1 1 1 0 2 2 4 4 1 1 1 1 2 2 0 0 0 1 1 1 1 1 5 5 1 1 1 1 0 0 17 17 20 33 33 34 21 21 9 9 0 0 0 0
 1 1 1 1 1 0 1 1 1 1 0 0 0 1 1 1 0 0 0 0 0 1 1 1 0 0 1 1 1 1 1 1 18 18 25 27 27 37 33 33 17 17 1 1 1 0
 1 1 1 1 1 0 1 1 1 1 0 0 0 1 1 1 0 0 0 0 0 1 1 1 0 0 1 1 1 1 1 1 18 18 25 27 27 37 33 33 17 17 1 1 1 0
 2 2 0 1 1 0 1 1 1 1 1 1 1 1 1 1 0 0 0 0 0 0 0 0 1 1 1 1 1 3 3 3 4 4 38 30 30 28 23 23 18 18 6 0 0 0
 1 1 1 0 0 0 1 1 1 1 2 0 0 0 0 0 0 0 0 0 0 0 0 0 1 1 2 0 0 1 1 1 7 7 34 31 31 18 21 21 3 3 3 0 0 0
 1 1 1 0 0 0 1 1 1 1 2 0 0 0 0 0 0 0 0 0 0 0 0 0 1 1 2 0 0 1 1 1 7 7 34 31 31 18 21 21 3 3 3 0 0 0
 2 2 1 0 0 0 0 0 0 0 0 0 0 0 0 0 0 0 0 0 0 1 0 0 1 1 2 1 1 0 1 1 6 6 25 27 27 14 6 6 4 4 4 0 0 0
 1 1 0 0 0 0 0 0 0 0 0 0 0 0 0 0 0 0 0 0 0 0 0 0 0 0 0 0 0 1 1 1 2 2 6 5 5 7 6 6 8 8 5 1 1 0
 1 1 0 0 0 0 0 0 0 0 0 0 0 0 0 0 0 0 0 0 0 0 0 0 0 0 0 0 0 1 1 1 2 2 6 5 5 7 6 6 8 8 5 1 1 0
 3 3 0 0 0 0 0 0 0 0 0 0 0 0 0 0 0 0 0 0 0 0 0 0 1 1 1 0 0 0 0 0 1 1 2 3 3 2 6 6 8 8 3 0 0 0
 3 3 0 0 0 0 0 0 0 0 0 0 0 0 0 0 0 0 0 0 0 0 0 0 1 1 1 0 0 0 0 0 1 1 2 3 3 2 6 6 8 8 3 0 0 0
 3 3 0 0 0 0 0 0 0 0 0 0 0 0 0 0 0 0 0 0 0 0 2 2 0 0 0 0 0 0 0 0 1 1 0 0 0 0 1 1 1 1 0 0 0 0
 2 2 0 0 0 0 0 0 0 0 0 0 0 0 0 0 0 0 0 0 0 0 1 1 0 0 0 0 0 1 1 1 1 1 0 0 0 0 1 1 1 1 0 0 0 0
 2 2 0 0 0 0 0 0 0 0 0 0 0 0 0 0 0 0 0 0 0 0 1 1 0 0 0 0 0 1 1 1 1 1 0 0 0 0 1 1 1 1 0 0 0 0
 0 0 0 0 0 0 0 0 0 0 0 0 0 0 0 0 0 0 0 0 0 0 0 0 0 0 1 0 0 1 1 1 0 0 0 0 0 0 0 0 0 0 0 1 1 0
 0 0 0 0 0 0 0 0 0 0 0 0 0 0 0 0 0 0 0 0 0 0 0 0 0 0 0 1 1 0 1 1 0 0 0 0 0 0 0 0 0 0 0 0 0 0
 0 0 0 0 0 0 0 0 0 0 0 0 0 0 0 0 0 0 0 0 0 0 0 0 0 0 0 1 1 0 1 1 0 0 0 0 0 0 0 0 0 0 0 0 0 0
 0 0 0 0 0 0 0 0 0 0 0 0 0 0 0 0 0 0 0 0 0 0 0 0 1 1 0 0 0 0 1 1 1 1 0 0 0 0 0 0 0 0 0 0 0 0
 0 0 0 0 0 0 0 0 0 0 0 0 0 0 0 0 0 0 0 0 0 0 0 0 1 1 0 0 0 0 1 1 1 1 0 0 0 0 0 0 0 0 0 0 0 0
 0 0 0 0 0 0 0 0 0 0 0 0 0 0 0 0 0 0 0 0 0 0 0 0 0 0 0 0 0 1 0 0 0 0 0 0 0 0 0 0 6 6 0 0 0 0
 0 0 0 0 0 0 0 0 0 0 0 0 0 0 0 0 0 0 0 0 0 0 0 0 0 0 0 0 0 0 0 0 0 0 0 0 0 0 1 1 11 11 4 0 0 0
 0 0 0 0 0 0 0 0 0 0 0 0 0 0 0 0 0 0 0 0 0 0 0 0 0 0 0 0 0 0 0 0 0 0 0 0 0 0 1 1 11 11 4 0 0 0
 0 0 0 0 0 0 0 0 0 0 0 0 0 0 0 0 0 0 0 0 0 0 0 0 0 0 0 0 0 0 0 0 0 0 0 0 0 0 0 0 5 5 4 1 1 0
 0 0 0 0 0 0 0 0 0 0 0 0 0 0 0 0 0 0 0 0 0 0 0 0 0 0 0 0 0 1 1 1 0 0 0 0 0 0 0 0 2 2 3 4 4 0
 0 0 0 0 0 0 0 0 0 0 0 0 0 0 0 0 0 0 0 0 0 0 0 0 0 0 0 0 0 1 1 1 0 0 0 0 0 0 0 0 2 2 3 4 4 0
 0 0 0 0 0 0 0 0 0 0 0 0 0 0 0 0 0 0 0 0 0 0 0 0 0 0 0 0 0 1 1 1 0 0 0 0 0 0 0 0 0 0 2 4 4 0
 0 0 0 0 0 0 0 0 0 0 0 0 0 0 0 0 0 0 0 0 0 0 0 0 0 0 0 0 0 1 1 1 0 0 0 0 0 0 0 0 0 0 2 4 4 0
 0 0 0 0 0 0 0 0 0 0 0 0 0 0 0 0 0 0 0 0 0 0 0 0 0 0 0 0 0 0 0 0 0 0 0 0 0 0 0 0 0 0 0 0 0 0
 0 0 0 0 0 0 0 0 0 0 0 0 0 0 0 0 0 0 0 0 0 0 0 0 0 0 0 0 0 0 0 0 0 0 0 0 0 0 0 0 0 0 0 0 0 0
 0 0 0 0 0 0 0 0 0 0 0 0 0 0 0 0 0 0 0 0 0 0 0 0 0 0 0 0 0 0 0 0 0 0 0 0 0 0 0 0 0 0 0 0 0 0
 0 0 0 0 0 0 0 0 0 0 0 0 0 0 0 0 0 0 0 0 0 0 0 0 0 0 0 0 0 0 0 0 0 0 0 0 0 0 0 0 0 0 0 0 0 0
 0 0 0 0 0 0 0 0 0 0 0 0 0 0 0 0 0 0 0 0 0 0 0 0 0 0 0 0 0 0 0 0 0 0 0 0 0 0 0 0 0 0 0 0 0 0
