assets/RAT_results_old/precipitation/2018-05-20_IMERG.asc
ncols        46
nrows        77
xllcorner    74.800261325624
yllcorner    8.058333333333
cellsize     0.062500000000
NODATA_value -9999
 9 9 8 5 5 8 6 6 8 8 4 3 3 8 3 3 1 1 3 3 3 7 7 7 13 13 13 18 18 33 33 33 59 59 58 55 55 58 72 72 32 32 38 41 41 9
 17 17 11 7 7 6 19 19 3 3 2 4 4 2 1 1 1 1 1 2 2 4 6 6 14 14 21 26 26 35 35 35 52 52 52 54 54 52 52 52 28 28 37 49 49 15
 17 17 11 7 7 6 19 19 3 3 2 4 4 2 1 1 1 1 1 2 2 4 6 6 14 14 21 26 26 35 35 35 52 52 52 54 54 52 52 52 28 28 37 49 49 15
 6 6 6 17 17 3 3 3 6 6 7 9 9 1 1 1 1 1 2 2 2 1 5 5 13 13 13 15 15 11 15 15 15 15 48 51 51 54 53 53 66 66 36 38 38 26
 23 23 19 4 4 9 4 4 8 8 2 1 1 3 1 1 2 2 1 1 1 1 6 6 7 7 8 8 8 14 16 16 16 16 44 44 44 62 62 62 58 58 33 34 34 25
 23 23 19 4 4 9 4 4 8 8 2 1 1 3 1 1 2 2 1 1 1 1 6 6 7 7 8 8 8 14 16 16 16 16 44 44 44 62 62 62 58 58 33 34 34 25
 8 8 12 11 11 8 6 6 5 5 5 3 3 15 1 1 26 26 0 0 0 0 6 6 6 6 20 21 21 21 21 21 23 23 37 37 37 25 50 50 49 49 32 29 29 28
 8 8 12 11 11 8 6 6 5 5 5 3 3 15 1 1 26 26 0 0 0 0 6 6 6 6 20 21 21 21 21 21 23 23 37 37 37 25 50 50 49 49 32 29 29 28
 6 6 4 9 9 4 12 12 20 20 3 2 2 3 11 11 3 3 4 0 0 0 8 8 8 8 19 20 20 20 15 15 17 17 21 21 21 21 49 49 48 48 28 13 13 13
 5 5 8 5 5 5 6 6 14 14 12 2 2 3 9 9 1 1 3 0 0 0 4 4 4 4 4 17 17 17 10 10 12 12 13 4 4 7 20 20 20 20 16 11 11 10
 5 5 8 5 5 5 6 6 14 14 12 2 2 3 9 9 1 1 3 0 0 0 4 4 4 4 4 17 17 17 10 10 12 12 13 4 4 7 20 20 20 20 16 11 11 10
 5 5 1 9 9 10 3 3 1 1 2 2 2 1 4 4 4 4 0 0 0 0 0 0 4 4 4 13 13 1 1 1 3 3 3 2 2 2 15 15 1 1 1 3 3 2
 2 2 1 2 2 3 0 0 1 1 0 0 0 0 0 0 0 0 0 0 0 0 0 0 0 0 0 1 1 1 1 1 1 1 0 0 0 0 1 1 1 1 1 2 2 1
 2 2 1 2 2 3 0 0 1 1 0 0 0 0 0 0 0 0 0 0 0 0 0 0 0 0 0 1 1 1 1 1 1 1 0 0 0 0 1 1 1 1 1 2 2 1
 1 1 0 1 1 1 1 1 1 1 1 0 0 0 0 0 0 0 0 0 0 0 0 0 0 0 0 0 0 0 0 0 0 0 0 0 0 0 0 0 0 0 0 0 0 0
 1 1 0 1 1 1 1 1 1 1 1 0 0 0 0 0 0 0 0 0 0 0 0 0 0 0 0 0 0 0 0 0 0 0 0 0 0 0 0 0 0 0 0 0 0 0
 2 2 0 0 0 1 1 1 1 1 1 1 1 0 0 0 0 0 0 0 0 0 0 0 0 0 0 0 0 0 0 0 0 0 0 0 0 0 0 0 0 0 0 0 0 0
 1 1 0 0 0 1 1 1 1 1 1 1 1 0 0 0 0 0 0 0 0 0 0 0 0 0 0 0 0 0 0 0 0 0 0 0 0 0 0 0 0 0 0 0 0 0
 1 1 0 0 0 1 1 1 1 1 1 1 1 0 0 0 0 0 0 0 0 0 0 0 0 0 0 0 0 0 0 0 0 0 0 0 0 0 0 0 0 0 0 0 0 0
 1 1 1 1 1 0 0 0 1 1 1 1 1 1 0 0 0 0 0 0 0 0 0 0 0 0 0 0 0 0 0 0 0 0 0 0 0 3 0 0 0 0 0 0 0 0
 3 3 1 0 0 0 0 0 1 1 2 1 1 1 5 5 1 1 1 0 0 0 0 0 0 0 0 0 0 0 0 0 0 0 0 0 0 3 0 0 0 0 0 0 0 0
 3 3 1 0 0 0 0 0 1 1 2 1 1 1 5 5 1 1 1 0 0 0 0 0 0 0 0 0 0 0 0 0 0 0 0 0 0 3 0 0 0 0 0 0 0 0
 1 1 0 1 1 3 1 1 0 0 2 2 2 1 1 1 0 0 0 0 0 0 1 1 1 1 0 0 0 0 0 0 0 0 0 0 0 0 0 0 0 0 0 0 0 0
 1 1 0 1 1 3 1 1 0 0 2 2 2 1 1 1 0 0 0 0 0 0 1 1 1 1 0 0 0 0 0 0 0 0 0 0 0 0 0 0 0 0 0 0 0 0
 1 1 3 1 1 0 0 0 0 0 0 2 2 3 1 1 0 0 1 1 1 1 1 1 1 1 0 0 0 0 1 1 0 0 0 0 0 0 0 0 0 0 0 0 0 0
 2 2 2 0 0 2 0 0 1 1 1 1 1 1 1 1 0 0 3 2 2 3 2 2 0 0 0 0 0 0 0 0 0 0 0 0 0 0 0 0 0 0 0 0 0 0
 2 2 2 0 0 2 0 0 1 1 1 1 1 1 1 1 0 0 3 2 2 3 2 2 0 0 0 0 0 0 0 0 0 0 0 0 0 0 0 0 0 0 0 0 0 0
 7 7 1 1 1 3 1 1 1 1 2 1 1 2 2 2 2 2 3 1 1 2 3 3 1 1 0 0 0 0 0 0 0 0 0 0 0 0 0 0 0 0 0 0 0 0
 6 6 0 0 0 1 0 0 1 1 2 1 1 1 18 18 1 1 0 1 1 2 1 1 0 0 0 1 1 1 0 0 0 0 0 0 0 0 0 0 0 0 0 0 0 0
 6 6 0 0 0 1 0 0 1 1 2 1 1 1 18 18 1 1 0 1 1 2 1 1 0 0 0 1 1 1 0 0 0 0 0 0 0 0 0 0 0 0 0 0 0 0
 2 2 1 3 3 5 7 7 2 2 2 5 5 5 4 4 10 10 13 14 14 2 1 1 0 0 3 1 1 0 1 1 0 0 0 0 0 0 0 0 0 0 0 0 0 0
 2 2 1 3 3 5 7 7 2 2 2 5 5 5 4 4 10 10 13 14 14 2 1 1 0 0 3 1 1 0 1 1 0 0 0 0 0 0 0 0 0 0 0 0 0 0
 2 2 1 1 1 4 1 1 1 1 2 5 5 3 3 3 6 6 12 3 3 9 4 4 1 1 0 1 1 0 1 1 0 0 1 0 0 0 0 0 0 0 0 0 0 0
 3 3 12 1 1 3 2 2 1 1 1 6 6 1 3 3 3 3 3 3 3 1 8 8 1 1 15 1 1 0 1 1 0 0 0 0 0 0 0 0 0 0 0 0 0 0
 3 3 12 1 1 3 2 2 1 1 1 6 6 1 3 3 3 3 3 3 3 1 8 8 1 1 15 1 1 0 1 1 0 0 0 0 0 0 0 0 0 0 0 0 0 0
 2 2 5 3 3 6 1 1 1 1 4 0 0 0 7 7 2 2 3 3 3 1 1 1 0 0 0 0 0 0 0 0 0 0 0 0 0 0 0 0 0 0 0 0 0 0
 0 0 2 2 2 3 0 0 0 0 5 0 0 0 0 0 1 1 1 0 0 0 0 0 0 0 0 0 0 0 0 0 0 0 0 0 0 0 0 0 0 0 0 0 0 0
 0 0 2 2 2 3 0 0 0 0 5 0 0 0 0 0 1 1 1 0 0 0 0 0 0 0 0 0 0 0 0 0 0 0 0 0 0 0 0 0 0 0 0 0 0 0
 0 0 1 0 0 0 0 0 0 0 0 0 0 0 0 0 1 1 1 0 0 0 1 1 1 1 1 0 0 0 0 0 0 0 0 0 0 0 0 0 0 0 0 0 0 0
 0 0 1 0 0 0 0 0 0 0 0 0 0 0 0 0 1 1 1 0 0 0 1 1 1 1 1 0 0 0 0 0 0 0 0 0 0 0 0 0 0 0 0 0 0 0
 0 0 0 0 0 0 0 0 0 0 0 0 0 0 0 0 0 0 1 1 1 1 2 2 2 2 2 2 2 2 1 1 1 1 1 1 1 0 0 0 0 0 0 0 0 0
 0 0 0 0 0 0 0 0 1 1 1 0 0 0 0 0 0 0 1 1 1 3 6 6 5 5 5 4 4 4 6 6 3 3 2 1 1 1 0 0 0 0 1 1 1 1
 0 0 0 0 0 0 0 0 1 1 1 0 0 0 0 0 0 0 1 1 1 3 6 6 5 5 5 4 4 4 6 6 3 3 2 1 1 1 0 0 0 0 1 1 1 1
 0 0 0 1 1 0 0 0 0 0 1 1 1 1 0 0 0 0 1 2 2 5 8 8 18 18 6 6 6 18 10 10 10 10 3 1 1 1 0 0 1 1 1 1 1 3
 1 1 1 0 0 0 1 1 2 2 2 10 10 2 0 0 2 2 0 2 2 16 32 32 16 16 11 19 19 23 21 21 16 16 7 3 3 0 1 1 0 0 6 7 7 8
 1 1 1 0 0 0 1 1 2 2 2 10 10 2 0 0 2 2 0 2 2 16 32 32 16 16 11 19 19 23 21 21 16 16 7 3 3 0 1 1 0 0 6 7 7 8
 2 2 3 3 3 2 1 1 2 2 2 1 1 1 0 0 0 0 0 3 3 16 27 27 15 15 16 16 16 38 44 44 39 39 8 3 3 0 0 0 0 0 6 3 3 3
 2 2 3 3 3 2 1 1 2 2 2 1 1 1 0 0 0 0 0 3 3 16 27 27 15 15 16 16 16 38 44 44 39 39 8 3 3 0 0 0 0 0 6 3 3 3
 6 6 8 8 8 5 3 3 3 3 2 2 2 2 1 1 1 1 0 2 2 11 36 36 18 18 23 16 16 38 46 46 36 36 10 0 0 0 0 0 0 0 2 3 3 4
 13 13 16 16 16 12 7 7 4 4 3 2 2 3 5 5 2 2 1 1 1 14 13 13 17 17 23 27 27 19 24 24 10 10 6 0 0 0 0 0 0 0 0 1 1 2
 13 13 16 16 16 12 7 7 4 4 3 2 2 3 5 5 2 2 1 1 1 14 13 13 17 17 23 27 27 19 24 24 10 10 6 0 0 0 0 0 0 0 0 1 1 2
 33 33 32 28 28 18 13 13 5 5 2 13 13 3 7 7 3 3 3 5 5 15 11 11 12 12 11 9 9 7 3 3 3 3 0 0 0 0 0 0 0 0 0 1 1 0
 42 42 41 29 29 21 23 23 17 17 14 13 13 3 15 15 3 3 8 13 13 22 13 13 6 6 5 5 5 5 1 1 1 1 1 0 0 0 0 0 0 0 0 1 1 0
 42 42 41 29 29 21 23 23 17 17 14 13 13 3 15 15 3 3 8 13 13 22 13 13 6 6 5 5 5 5 1 1 1 1 1 0 0 0 0 0 0 0 0 1 1 0
 43 43 42 27 27 24 29 29 18 18 78 75 75 11 14 14 10 10 9 19 19 12 11 11 3 3 2 3 3 4 1 1 0 0 2 1 1 2 0 0 0 0 0 0 0 0
 43 43 42 27 27 24 29 29 18 18 78 75 75 11 14 14 10 10 9 19 19 12 11 11 3 3 2 3 3 4 1 1 0 0 2 1 1 2 0 0 0 0 0 0 0 0
 51 51 43 22 22 21 10 10 58 58 78 74 74 12 9 9 6 6 5 21 21 11 4 4 3 3 1 1 1 5 3 3 3 3 5 9 9 5 0 0 0 0 0 0 0 0
 49 49 40 20 20 18 8 8 25 25 25 26 26 10 14 14 10 10 4 6 6 5 9 9 6 6 10 8 8 20 7 7 6 6 7 6 6 9 0 0 0 0 0 0 0 0
 49 49 40 20 20 18 8 8 25 25 25 26 26 10 14 14 10 10 4 6 6 5 9 9 6 6 10 8 8 20 7 7 6 6 7 6 6 9 0 0 0 0 0 0 0 0
 42 42 43 14 14 15 13 13 29 29 31 28 28 5 9 9 11 11 13 16 16 13 7 7 13 13 12 13 13 20 13 13 8 8 9 6 6 8 1 1 0 0 0 0 0 0
 21 21 6 10 10 15 13 13 15 15 14 15 15 15 16 16 23 23 25 29 29 19 15 15 16 16 17 8 8 17 11 11 15 15 16 8 8 1 1 1 0 0 1 1 1 1
 21 21 6 10 10 15 13 13 15 15 14 15 15 15 16 16 23 23 25 29 29 19 15 15 16 16 17 8 8 17 11 11 15 15 16 8 8 1 1 1 0 0 1 1 1 1
 29 29 7 14 14 11 16 16 17 17 24 20 20 22 18 18 26 26 30 30 30 31 22 22 28 28 19 24 24 19 8 8 5 5 4 1 1 2 0 0 0 0 1 1 1 1
 29 29 7 14 14 11 16 16 17 17 24 20 20 22 18 18 26 26 30 30 30 31 22 22 28 28 19 24 24 19 8 8 5 5 4 1 1 2 0 0 0 0 1 1 1 1
 2 2 8 13 13 19 32 32 30 30 38 31 31 23 21 21 26 26 38 41 41 38 40 40 37 37 20 21 21 22 13 13 3 3 3 2 2 2 5 5 3 3 1 1 1 1
 1 1 3 9 9 7 14 14 30 30 44 26 26 35 37 37 38 38 47 48 48 42 40 40 33 33 11 14 14 19 17 17 4 4 5 0 0 3 3 3 2 2 2 2 2 1
 1 1 3 9 9 7 14 14 30 30 44 26 26 35 37 37 38 38 47 48 48 42 40 40 33 33 11 14 14 19 17 17 4 4 5 0 0 3 3 3 2 2 2 2 2 1
 1 1 2 7 7 7 13 13 35 35 16 22 22 33 34 34 39 39 35 51 51 31 31 31 20 20 20 7 7 4 6 6 2 2 2 4 4 5 5 5 3 3 2 2 2 0
 1 1 2 2 2 1 9 9 35 35 19 29 29 14 12 12 33 33 30 27 27 28 22 22 19 19 18 14 14 6 8 8 3 3 3 6 6 10 12 12 7 7 5 2 2 0
 1 1 2 2 2 1 9 9 35 35 19 29 29 14 12 12 33 33 30 27 27 28 22 22 19 19 18 14 14 6 8 8 3 3 3 6 6 10 12 12 7 7 5 2 2 0
 1 1 2 3 3 2 2 2 7 7 12 13 13 13 14 14 15 15 29 40 40 27 22 22 18 18 18 17 17 8 8 8 6 6 9 19 19 18 13 13 12 12 7 4 4 1
 1 1 2 3 3 2 2 2 7 7 12 13 13 13 14 14 15 15 29 40 40 27 22 22 18 18 18 17 17 8 8 8 6 6 9 19 19 18 13 13 12 12 7 4 4 1
 0 0 1 1 1 4 3 3 2 2 7 14 14 15 11 11 9 9 9 13 13 13 11 11 11 11 19 20 20 12 9 9 9 9 16 22 22 27 19 19 17 17 10 7 7 1
 0 0 1 1 1 2 3 3 5 5 7 10 10 11 12 12 8 8 9 10 10 10 12 12 15 15 15 23 23 21 37 37 38 38 30 38 38 28 27 27 14 14 8 4 4 1
 0 0 1 1 1 2 3 3 5 5 7 10 10 11 12 12 8 8 9 10 10 10 12 12 15 15 15 23 23 21 37 37 38 38 30 38 38 28 27 27 14 14 8 4 4 1
 0 0 0 0 0 1 2 2 4 4 4 5 5 7 14 14 5 5 7 5 5 10 5 5 8 8 12 14 14 14 39 39 48 48 44 27 27 43 36 36 29 29 16 12 12 2
 0 0 1 0 0 1 0 0 2 2 2 5 5 7 11 11 4 4 3 2 2 4 5 5 6 6 7 8 8 8 8 8 18 18 38 29 29 36 30 30 20 20 18 7 7 3
