assets/RAT_results_old/precipitation/2018-07-18_IMERG.asc
ncols        46
nrows        77
xllcorner    74.800261325624
yllcorner    8.058333333333
cellsize     0.062500000000
NODATA_value -9999
 56 56 50 38 38 44 58 58 48 48 33 15 15 18 12 12 9 9 5 5 5 4 2 2 0 0 1 0 0 0 0 0 0 0 0 0 0 0 0 0 0 0 0 0 0 0
 54 54 61 43 43 33 59 59 37 37 34 21 21 19 23 23 26 26 12 3 3 1 1 1 1 1 1 0 0 0 0 0 0 0 0 0 0 0 0 0 0 0 0 0 0 0
 54 54 61 43 43 33 59 59 37 37 34 21 21 19 23 23 26 26 12 3 3 1 1 1 1 1 1 0 0 0 0 0 0 0 0 0 0 0 0 0 0 0 0 0 0 0
 62 62 54 50 50 44 42 42 44 44 31 31 31 22 28 28 14 14 8 3 3 2 2 2 2 2 1 0 0 0 0 0 0 0 0 0 0 0 0 0 0 0 0 0 0 0
 47 47 54 58 58 45 52 52 76 76 42 36 36 18 17 17 14 14 7 4 4 2 2 2 2 2 1 1 1 1 0 0 0 0 0 0 0 0 0 0 0 0 0 0 0 0
 47 47 54 58 58 45 52 52 76 76 42 36 36 18 17 17 14 14 7 4 4 2 2 2 2 2 1 1 1 1 0 0 0 0 0 0 0 0 0 0 0 0 0 0 0 0
 55 55 63 54 54 79 51 51 54 54 42 27 27 18 11 11 11 11 5 5 5 1 1 1 2 2 0 1 1 1 0 0 0 0 0 0 0 0 0 0 0 0 0 0 0 0
 55 55 63 54 54 79 51 51 54 54 42 27 27 18 11 11 11 11 5 5 5 1 1 1 2 2 0 1 1 1 0 0 0 0 0 0 0 0 0 0 0 0 0 0 0 0
 55 55 58 61 61 68 44 44 44 44 40 26 26 23 12 12 24 24 6 1 1 1 1 1 5 5 0 0 0 0 0 0 0 0 0 0 0 0 0 0 0 0 0 0 0 0
 133 133 76 78 78 72 74 74 88 88 39 46 46 32 22 22 15 15 3 3 3 1 1 1 0 0 0 0 0 0 0 0 0 0 0 0 0 0 0 0 0 0 0 0 0 0
 133 133 76 78 78 72 74 74 88 88 39 46 46 32 22 22 15 15 3 3 3 1 1 1 0 0 0 0 0 0 0 0 0 0 0 0 0 0 0 0 0 0 0 0 0 0
 58 58 86 87 87 86 67 67 44 44 53 40 40 38 22 22 14 14 5 3 3 1 1 1 1 1 0 1 1 0 2 2 0 0 0 0 0 0 0 0 0 0 0 0 0 0
 46 46 56 67 67 69 78 78 47 47 36 44 44 38 29 29 15 15 12 14 14 5 2 2 2 2 1 1 1 0 0 0 0 0 0 0 0 0 0 0 0 0 0 0 0 0
 46 46 56 67 67 69 78 78 47 47 36 44 44 38 29 29 15 15 12 14 14 5 2 2 2 2 1 1 1 0 0 0 0 0 0 0 0 0 0 0 0 0 0 0 0 0
 56 56 57 77 77 67 65 65 56 56 34 28 28 26 30 30 27 27 28 15 15 20 10 10 6 6 9 1 1 1 0 0 0 0 0 0 0 0 0 0 2 2 0 0 0 0
 56 56 57 77 77 67 65 65 56 56 34 28 28 26 30 30 27 27 28 15 15 20 10 10 6 6 9 1 1 1 0 0 0 0 0 0 0 0 0 0 2 2 0 0 0 0
 45 45 57 65 65 62 60 60 52 52 39 33 33 20 32 32 19 19 32 24 24 8 6 6 2 2 3 6 6 2 1 1 1 1 0 0 0 0 0 0 0 0 0 0 0 0
 55 55 84 76 76 79 52 52 49 49 47 32 32 28 29 29 24 24 34 11 11 3 6 6 1 1 4 1 1 1 0 0 0 0 0 1 1 1 1 1 0 0 0 0 0 0
 55 55 84 76 76 79 52 52 49 49 47 32 32 28 29 29 24 24 34 11 11 3 6 6 1 1 4 1 1 1 0 0 0 0 0 1 1 1 1 1 0 0 0 0 0 0
 44 44 70 99 99 105 74 74 62 62 62 61 61 39 30 30 15 15 21 17 17 11 7 7 5 5 3 2 2 0 0 0 0 0 0 1 1 0 0 0 0 0 0 0 0 0
 35 35 40 64 64 51 50 50 72 72 82 62 62 41 47 47 24 24 12 17 17 10 11 11 8 8 9 13 13 1 0 0 1 1 0 0 0 0 4 4 0 0 0 0 0 0
 35 35 40 64 64 51 50 50 72 72 82 62 62 41 47 47 24 24 12 17 17 10 11 11 8 8 9 13 13 1 0 0 1 1 0 0 0 0 4 4 0 0 0 0 0 0
 37 37 33 30 30 51 48 48 73 73 49 63 63 60 52 52 28 28 16 22 22 11 9 9 11 11 12 8 8 3 3 3 2 2 1 1 1 2 0 0 0 0 0 0 0 0
 37 37 33 30 30 51 48 48 73 73 49 63 63 60 52 52 28 28 16 22 22 11 9 9 11 11 12 8 8 3 3 3 2 2 1 1 1 2 0 0 0 0 0 0 0 0
 27 27 31 32 32 27 29 29 34 34 32 51 51 50 87 87 39 39 27 24 24 17 22 22 12 12 4 8 8 7 4 4 3 3 1 0 0 2 0 0 0 0 0 1 1 0
 23 23 31 27 27 37 41 41 70 70 44 40 40 37 44 44 58 58 31 28 28 18 21 21 14 14 6 6 6 8 4 4 2 2 1 7 7 0 0 0 0 0 0 0 0 0
 23 23 31 27 27 37 41 41 70 70 44 40 40 37 44 44 58 58 31 28 28 18 21 21 14 14 6 6 6 8 4 4 2 2 1 7 7 0 0 0 0 0 0 0 0 0
 16 16 16 20 20 26 44 44 26 26 39 22 22 32 28 28 42 42 27 24 24 16 17 17 12 12 12 7 7 8 6 6 3 3 1 1 1 0 2 2 0 0 1 0 0 0
 20 20 16 12 12 24 36 36 28 28 34 21 21 44 30 30 27 27 21 8 8 15 28 28 19 19 10 6 6 9 6 6 5 5 4 0 0 1 1 1 0 0 0 0 0 0
 20 20 16 12 12 24 36 36 28 28 34 21 21 44 30 30 27 27 21 8 8 15 28 28 19 19 10 6 6 9 6 6 5 5 4 0 0 1 1 1 0 0 0 0 0 0
 31 31 32 30 30 21 32 32 26 26 39 69 69 34 29 29 22 22 21 15 15 13 9 9 7 7 5 2 2 7 6 6 4 4 2 0 0 1 1 1 0 0 0 0 0 1
 31 31 32 30 30 21 32 32 26 26 39 69 69 34 29 29 22 22 21 15 15 13 9 9 7 7 5 2 2 7 6 6 4 4 2 0 0 1 1 1 0 0 0 0 0 1
 13 13 21 41 41 23 33 33 28 28 21 17 17 20 20 20 23 23 27 23 23 39 16 16 13 13 10 14 14 8 4 4 7 7 1 3 3 2 1 1 0 0 0 0 0 0
 17 17 23 16 16 22 33 33 26 26 20 27 27 17 29 29 22 22 25 39 39 27 29 29 21 21 18 8 8 6 4 4 9 9 7 3 3 13 2 2 3 3 0 0 0 0
 17 17 23 16 16 22 33 33 26 26 20 27 27 17 29 29 22 22 25 39 39 27 29 29 21 21 18 8 8 6 4 4 9 9 7 3 3 13 2 2 3 3 0 0 0 0
 13 13 20 19 19 26 46 46 22 22 31 17 17 41 42 42 26 26 22 36 36 32 21 21 23 23 25 6 6 9 9 9 5 5 3 1 1 7 3 3 0 0 0 0 0 0
 9 9 25 44 44 34 29 29 30 30 31 22 22 18 18 18 25 25 23 22 22 18 22 22 15 15 14 11 11 22 8 8 2 2 7 2 2 1 1 1 0 0 0 0 0 0
 9 9 25 44 44 34 29 29 30 30 31 22 22 18 18 18 25 25 23 22 22 18 22 22 15 15 14 11 11 22 8 8 2 2 7 2 2 1 1 1 0 0 0 0 0 0
 19 19 23 30 30 26 35 35 42 42 42 38 38 33 19 19 21 21 20 27 27 21 20 20 12 12 13 30 30 19 3 3 5 5 7 2 2 9 1 1 3 3 0 1 1 0
 19 19 23 30 30 26 35 35 42 42 42 38 38 33 19 19 21 21 20 27 27 21 20 20 12 12 13 30 30 19 3 3 5 5 7 2 2 9 1 1 3 3 0 1 1 0
 25 25 22 29 29 31 29 29 37 37 43 37 37 31 30 30 21 21 19 28 28 23 24 24 23 23 15 17 17 8 9 9 7 7 9 9 9 15 9 9 5 5 1 0 0 3
 20 20 23 26 26 35 33 33 32 32 35 31 31 20 17 17 16 16 13 15 15 29 22 22 52 52 18 33 33 30 10 10 6 6 7 6 6 18 7 7 12 12 3 4 4 1
 20 20 23 26 26 35 33 33 32 32 35 31 31 20 17 17 16 16 13 15 15 29 22 22 52 52 18 33 33 30 10 10 6 6 7 6 6 18 7 7 12 12 3 4 4 1
 16 16 18 29 29 36 23 23 41 41 40 30 30 30 17 17 17 17 17 22 22 29 21 21 31 31 20 15 15 9 9 9 3 3 5 4 4 4 8 8 4 4 1 3 3 1
 9 9 13 16 16 17 34 34 31 31 36 32 32 22 15 15 16 16 16 24 24 18 31 31 27 27 16 19 19 16 19 19 12 12 13 4 4 3 4 4 2 2 1 0 0 1
 9 9 13 16 16 17 34 34 31 31 36 32 32 22 15 15 16 16 16 24 24 18 31 31 27 27 16 19 19 16 19 19 12 12 13 4 4 3 4 4 2 2 1 0 0 1
 23 23 25 14 14 18 25 25 19 19 31 24 24 38 18 18 16 16 19 24 24 16 28 28 26 26 24 26 26 17 23 23 16 16 24 10 10 1 2 2 5 5 6 0 0 0
 23 23 25 14 14 18 25 25 19 19 31 24 24 38 18 18 16 16 19 24 24 16 28 28 26 26 24 26 26 17 23 23 16 16 24 10 10 1 2 2 5 5 6 0 0 0
 26 26 22 28 28 19 22 22 22 22 31 33 33 29 17 17 15 15 17 20 20 14 19 19 26 26 23 22 22 13 22 22 14 14 7 3 3 1 1 1 3 3 2 4 4 1
 14 14 19 18 18 23 25 25 20 20 24 22 22 23 25 25 28 28 20 17 17 22 16 16 26 26 29 24 24 12 32 32 4 4 5 3 3 1 5 5 3 3 1 8 8 6
 14 14 19 18 18 23 25 25 20 20 24 22 22 23 25 25 28 28 20 17 17 22 16 16 26 26 29 24 24 12 32 32 4 4 5 3 3 1 5 5 3 3 1 8 8 6
 18 18 22 18 18 25 21 21 21 21 50 26 26 35 29 29 30 30 27 19 19 23 15 15 29 29 26 14 14 21 11 11 4 4 6 7 7 5 3 3 9 9 7 9 9 3
 11 11 15 17 17 28 19 19 20 20 20 30 30 21 37 37 28 28 30 35 35 22 16 16 29 29 37 24 24 12 13 13 6 6 5 3 3 4 7 7 5 5 7 3 3 2
 11 11 15 17 17 28 19 19 20 20 20 30 30 21 37 37 28 28 30 35 35 22 16 16 29 29 37 24 24 12 13 13 6 6 5 3 3 4 7 7 5 5 7 3 3 2
 12 12 16 24 24 18 21 21 37 37 21 22 22 39 35 35 26 26 28 43 43 18 28 28 30 30 24 21 21 22 19 19 11 11 3 4 4 5 7 7 2 2 5 3 3 1
 12 12 16 24 24 18 21 21 37 37 21 22 22 39 35 35 26 26 28 43 43 18 28 28 30 30 24 21 21 22 19 19 11 11 3 4 4 5 7 7 2 2 5 3 3 1
 16 16 7 25 25 14 15 15 31 31 20 17 17 17 20 20 25 25 25 27 27 50 32 32 27 27 19 12 12 14 7 7 7 7 3 2 2 6 1 1 1 1 2 5 5 3
 6 6 9 13 13 15 13 13 12 12 34 37 37 29 27 27 25 25 34 32 32 29 18 18 21 21 13 10 10 8 5 5 10 10 4 3 3 1 1 1 1 1 3 1 1 0
 6 6 9 13 13 15 13 13 12 12 34 37 37 29 27 27 25 25 34 32 32 29 18 18 21 21 13 10 10 8 5 5 10 10 4 3 3 1 1 1 1 1 3 1 1 0
 7 7 7 18 18 23 17 17 15 15 7 19 19 16 13 13 24 24 20 31 31 31 20 20 11 11 17 12 12 4 14 14 13 13 5 1 1 0 0 0 4 4 34 0 0 5
 8 8 10 7 7 10 12 12 4 4 7 8 8 15 16 16 13 13 14 13 13 15 28 28 32 32 8 13 13 5 9 9 16 16 3 4 4 0 0 0 6 6 1 1 1 0
 8 8 10 7 7 10 12 12 4 4 7 8 8 15 16 16 13 13 14 13 13 15 28 28 32 32 8 13 13 5 9 9 16 16 3 4 4 0 0 0 6 6 1 1 1 0
 9 9 9 13 13 24 11 11 11 11 6 4 4 9 4 4 2 2 7 8 8 8 11 11 8 8 14 15 15 13 12 12 2 2 7 5 5 0 0 0 0 0 1 0 0 0
 9 9 9 13 13 24 11 11 11 11 6 4 4 9 4 4 2 2 7 8 8 8 11 11 8 8 14 15 15 13 12 12 2 2 7 5 5 0 0 0 0 0 1 0 0 0
 6 6 3 9 9 13 12 12 5 5 4 2 2 2 2 2 2 2 1 1 1 2 3 3 6 6 6 11 11 20 8 8 13 13 5 2 2 14 0 0 1 1 1 0 0 0
 2 2 2 1 1 1 2 2 2 2 4 2 2 2 3 3 2 2 1 1 1 1 10 10 3 3 6 8 8 15 8 8 9 9 5 1 1 2 2 2 2 2 1 0 0 0
 2 2 2 1 1 1 2 2 2 2 4 2 2 2 3 3 2 2 1 1 1 1 10 10 3 3 6 8 8 15 8 8 9 9 5 1 1 2 2 2 2 2 1 0 0 0
 1 1 1 1 1 1 1 1 0 0 3 1 1 1 1 1 1 1 1 2 2 4 1 1 1 1 2 3 3 7 2 2 1 1 0 8 8 3 1 1 1 1 1 0 0 0
 1 1 1 0 0 1 2 2 1 1 1 1 1 0 1 1 0 0 2 0 0 1 1 1 1 1 1 0 0 2 0 0 1 1 2 1 1 7 0 0 0 0 2 0 0 0
 1 1 1 0 0 1 2 2 1 1 1 1 1 0 1 1 0 0 2 0 0 1 1 1 1 1 1 0 0 2 0 0 1 1 2 1 1 7 0 0 0 0 2 0 0 0
 2 2 1 1 1 0 1 1 1 1 0 0 0 0 6 6 1 1 0 1 1 0 1 1 1 1 1 1 1 0 0 0 0 0 1 1 1 0 0 0 0 0 0 1 1 0
 2 2 1 1 1 0 1 1 1 1 0 0 0 0 6 6 1 1 0 1 1 0 1 1 1 1 1 1 1 0 0 0 0 0 1 1 1 0 0 0 0 0 0 1 1 0
 1 1 2 1 1 2 1 1 1 1 0 2 2 1 17 17 0 0 0 1 1 17 1 1 1 1 1 1 1 0 1 1 0 0 1 3 3 1 0 0 0 0 0 1 1 0
 2 2 1 1 1 0 0 0 1 1 2 9 9 24 11 11 9 9 5 16 16 1 25 25 1 1 1 2 2 1 0 0 0 0 1 0 0 2 1 1 0 0 0 1 1 0
 2 2 1 1 1 0 0 0 1 1 2 9 9 24 11 11 9 9 5 16 16 1 25 25 1 1 1 2 2 1 0 0 0 0 1 0 0 2 1 1 0 0 0 1 1 0
 1 1 0 0 0 0 1 1 1 1 1 1 1 5 9 9 2 2 2 8 8 6 7 7 12 12 2 2 2 1 2 2 0 0 1 1 1 1 1 1 1 1 0 0 0 0
 1 1 1 5 5 0 1 1 0 0 0 3 3 4 0 0 1 1 1 3 3 1 10 10 0 0 3 3 3 5 1 1 0 0 0 2 2 1 1 1 1 1 1 0 0 0
