assets/RAT_results_old/precipitation/2018-05-23_IMERG.asc
ncols        46
nrows        77
xllcorner    74.800261325624
yllcorner    8.058333333333
cellsize     0.062500000000
NODATA_value -9999
 0 0 1 2 2 7 14 14 19 19 21 12 12 10 13 13 19 19 14 14 14 16 20 20 16 16 12 10 10 10 23 23 18 18 18 20 20 16 18 18 21 21 18 16 16 15
 0 0 1 2 2 3 10 10 17 17 20 13 13 6 7 7 10 10 7 7 7 11 15 15 15 15 16 14 14 10 23 23 12 12 17 17 17 16 14 14 15 15 12 12 12 15
 0 0 1 2 2 3 10 10 17 17 20 13 13 6 7 7 10 10 7 7 7 11 15 15 15 15 16 14 14 10 23 23 12 12 17 17 17 16 14 14 15 15 12 12 12 15
 0 0 2 3 3 2 7 7 10 10 12 9 9 4 4 4 8 8 4 7 7 7 6 6 7 7 7 10 10 11 12 12 12 12 13 16 16 14 10 10 9 9 5 6 6 9
 1 1 1 2 2 3 4 4 9 9 14 9 9 3 2 2 4 4 3 10 10 30 2 2 3 3 2 5 5 7 8 8 11 11 10 16 16 9 7 7 4 4 3 3 3 4
 1 1 1 2 2 3 4 4 9 9 14 9 9 3 2 2 4 4 3 10 10 30 2 2 3 3 2 5 5 7 8 8 11 11 10 16 16 9 7 7 4 4 3 3 3 4
 1 1 1 1 1 1 2 2 9 9 8 6 6 6 1 1 2 2 2 5 5 20 3 3 2 2 2 3 3 6 5 5 11 11 9 15 15 7 8 8 4 4 2 3 3 4
 1 1 1 1 1 1 2 2 9 9 8 6 6 6 1 1 2 2 2 5 5 20 3 3 2 2 2 3 3 6 5 5 11 11 9 15 15 7 8 8 4 4 2 3 3 4
 1 1 0 1 1 1 1 1 1 1 3 2 2 2 1 1 2 2 3 4 4 2 2 2 7 7 1 1 1 2 5 5 8 8 7 12 12 5 2 2 2 2 4 8 8 10
 2 2 1 1 1 1 2 2 1 1 1 2 2 5 2 2 3 3 3 5 5 2 8 8 6 6 6 2 2 3 4 4 9 9 8 7 7 2 2 2 3 3 5 11 11 12
 2 2 1 1 1 1 2 2 1 1 1 2 2 5 2 2 3 3 3 5 5 2 8 8 6 6 6 2 2 3 4 4 9 9 8 7 7 2 2 2 3 3 5 11 11 12
 2 2 3 6 6 2 3 3 2 2 3 3 3 4 2 2 3 3 2 2 2 7 7 7 6 6 7 5 5 5 7 7 10 10 9 10 10 2 2 2 2 2 5 10 10 10
 2 2 3 3 3 4 3 3 3 3 4 4 4 6 6 6 5 5 5 2 2 5 4 4 4 4 6 3 3 5 6 6 6 6 8 9 9 2 2 2 4 4 6 10 10 11
 2 2 3 3 3 4 3 3 3 3 4 4 4 6 6 6 5 5 5 2 2 5 4 4 4 4 6 3 3 5 6 6 6 6 8 9 9 2 2 2 4 4 6 10 10 11
 2 2 3 4 4 4 5 5 5 5 6 6 6 10 12 12 8 8 4 8 8 9 8 8 6 6 7 2 2 2 15 15 7 7 7 15 15 4 4 4 5 5 7 12 12 18
 2 2 3 4 4 4 5 5 5 5 6 6 6 10 12 12 8 8 4 8 8 9 8 8 6 6 7 2 2 2 15 15 7 7 7 15 15 4 4 4 5 5 7 12 12 18
 1 1 3 4 4 5 5 5 7 7 9 9 9 16 14 14 11 11 12 10 10 11 8 8 7 7 7 2 2 2 3 3 10 10 17 10 10 3 7 7 12 12 10 12 12 17
 1 1 2 3 3 4 7 7 7 7 11 11 11 22 17 17 14 14 20 17 17 17 12 12 8 8 7 2 2 2 6 6 9 9 17 4 4 5 10 10 18 18 9 25 25 12
 1 1 2 3 3 4 7 7 7 7 11 11 11 22 17 17 14 14 20 17 17 17 12 12 8 8 7 2 2 2 6 6 9 9 17 4 4 5 10 10 18 18 9 25 25 12
 1 1 1 2 2 3 5 5 7 7 9 14 14 60 56 56 31 31 16 21 21 13 7 7 7 7 4 2 2 2 8 8 8 8 11 12 12 13 10 10 13 13 9 19 19 14
 2 2 1 1 1 2 4 4 6 6 8 15 15 86 67 67 46 46 15 17 17 13 11 11 7 7 5 5 5 2 3 3 7 7 8 7 7 5 15 15 10 10 15 16 16 32
 2 2 1 1 1 2 4 4 6 6 8 15 15 86 67 67 46 46 15 17 17 13 11 11 7 7 5 5 5 2 3 3 7 7 8 7 7 5 15 15 10 10 15 16 16 32
 2 2 2 1 1 1 4 4 4 4 6 13 13 73 81 81 61 61 16 16 16 13 7 7 9 9 9 6 6 3 5 5 7 7 10 7 7 6 9 9 8 8 7 8 8 7
 2 2 2 1 1 1 4 4 4 4 6 13 13 73 81 81 61 61 16 16 16 13 7 7 9 9 9 6 6 3 5 5 7 7 10 7 7 6 9 9 8 8 7 8 8 7
 3 3 3 3 3 2 3 3 3 3 3 10 10 62 76 76 60 60 15 11 11 11 9 9 10 10 6 3 3 7 7 7 11 11 13 10 10 9 4 4 5 5 2 5 5 6
 4 4 4 5 5 9 8 8 3 3 2 4 4 18 35 35 30 30 9 8 8 10 12 12 10 10 6 5 5 5 6 6 7 7 17 13 13 11 4 4 3 3 2 5 5 7
 4 4 4 5 5 9 8 8 3 3 2 4 4 18 35 35 30 30 9 8 8 10 12 12 10 10 6 5 5 5 6 6 7 7 17 13 13 11 4 4 3 3 2 5 5 7
 4 4 5 5 5 7 13 13 8 8 3 2 2 3 4 4 7 7 9 12 12 12 13 13 8 8 3 3 3 7 6 6 7 7 16 12 12 8 4 4 3 3 3 16 16 9
 6 6 6 7 7 7 13 13 10 10 11 5 5 3 6 6 9 9 10 10 10 8 11 11 5 5 2 5 5 6 7 7 6 6 8 8 8 5 4 4 5 5 6 4 4 15
 6 6 6 7 7 7 13 13 10 10 11 5 5 3 6 6 9 9 10 10 10 8 11 11 5 5 2 5 5 6 7 7 6 6 8 8 8 5 4 4 5 5 6 4 4 15
 15 15 17 17 17 16 12 12 16 16 13 49 49 5 6 6 16 16 15 14 14 3 3 3 5 5 2 2 2 3 4 4 2 2 4 5 5 4 4 4 6 6 6 4 4 23
 15 15 17 17 17 16 12 12 16 16 13 49 49 5 6 6 16 16 15 14 14 3 3 3 5 5 2 2 2 3 4 4 2 2 4 5 5 4 4 4 6 6 6 4 4 23
 17 17 27 22 22 18 9 9 12 12 17 18 18 27 8 8 17 17 15 18 18 15 6 6 6 6 2 2 2 3 2 2 2 2 4 3 3 4 5 5 21 21 21 23 23 24
 18 18 16 12 12 17 10 10 23 23 12 17 17 14 10 10 17 17 13 16 16 13 26 26 10 10 13 13 13 8 2 2 2 2 3 3 3 4 5 5 4 4 20 17 17 20
 18 18 16 12 12 17 10 10 23 23 12 17 17 14 10 10 17 17 13 16 16 13 26 26 10 10 13 13 13 8 2 2 2 2 3 3 3 4 5 5 4 4 20 17 17 20
 32 32 7 6 6 10 8 8 13 13 18 19 19 20 12 12 17 17 16 11 11 25 24 24 10 10 13 12 12 14 2 2 2 2 2 3 3 3 3 3 3 3 16 21 21 20
 6 6 3 3 3 5 7 7 13 13 20 23 23 24 16 16 17 17 14 11 11 14 13 13 8 8 15 14 14 13 2 2 2 2 2 2 2 2 2 2 2 2 7 15 15 37
 6 6 3 3 3 5 7 7 13 13 20 23 23 24 16 16 17 17 14 11 11 14 13 13 8 8 15 14 14 13 2 2 2 2 2 2 2 2 2 2 2 2 7 15 15 37
 2 2 1 3 3 6 7 7 14 14 18 26 26 26 20 20 12 12 9 15 15 14 12 12 8 8 5 7 7 3 4 4 2 2 2 2 2 2 2 2 4 4 11 16 16 42
 2 2 1 3 3 6 7 7 14 14 18 26 26 26 20 20 12 12 9 15 15 14 12 12 8 8 5 7 7 3 4 4 2 2 2 2 2 2 2 2 4 4 11 16 16 42
 2 2 1 2 2 3 5 5 11 11 16 22 22 23 17 17 12 12 8 5 5 18 8 8 5 5 4 7 7 15 4 4 3 3 2 3 3 2 2 2 4 4 5 18 18 10
 4 4 1 1 1 2 3 3 6 6 9 17 17 17 12 12 6 6 5 4 4 18 2 2 2 2 3 16 16 21 11 11 9 9 4 10 10 4 1 1 5 5 13 9 9 13
 4 4 1 1 1 2 3 3 6 6 9 17 17 17 12 12 6 6 5 4 4 18 2 2 2 2 3 16 16 21 11 11 9 9 4 10 10 4 1 1 5 5 13 9 9 13
 9 9 6 1 1 2 3 3 5 5 6 12 12 13 10 10 4 4 4 4 4 3 2 2 3 3 5 13 13 12 21 21 10 10 4 3 3 3 2 2 4 4 9 12 12 16
 12 12 9 1 1 1 3 3 4 4 5 8 8 8 6 6 5 5 2 3 3 2 4 4 6 6 8 10 10 36 19 19 11 11 3 1 1 2 2 2 4 4 6 12 12 12
 12 12 9 1 1 1 3 3 4 4 5 8 8 8 6 6 5 5 2 3 3 2 4 4 6 6 8 10 10 36 19 19 11 11 3 1 1 2 2 2 4 4 6 12 12 12
 14 14 9 1 1 1 2 2 3 3 3 4 4 6 6 6 8 8 4 4 4 4 5 5 8 8 10 11 11 34 71 71 7 7 4 1 1 2 1 1 1 1 4 11 11 10
 14 14 9 1 1 1 2 2 3 3 3 4 4 6 6 6 8 8 4 4 4 4 5 5 8 8 10 11 11 34 71 71 7 7 4 1 1 2 1 1 1 1 4 11 11 10
 4 4 2 11 11 1 4 4 3 3 3 3 3 6 7 7 7 7 7 9 9 9 18 18 15 15 10 16 16 29 173 173 3 3 2 2 2 2 1 1 1 1 7 10 10 9
 6 6 2 8 8 2 4 4 4 4 8 2 2 4 6 6 9 9 11 11 11 11 22 22 26 26 26 21 21 11 15 15 5 5 5 1 1 1 2 2 1 1 9 10 10 6
 6 6 2 8 8 2 4 4 4 4 8 2 2 4 6 6 9 9 11 11 11 11 22 22 26 26 26 21 21 11 15 15 5 5 5 1 1 1 2 2 1 1 9 10 10 6
 13 13 7 2 2 9 14 14 12 12 7 2 2 4 7 7 14 14 16 31 31 9 27 27 28 28 24 21 21 26 18 18 6 6 13 4 4 0 1 1 1 1 4 7 7 5
 8 8 14 5 5 13 35 35 8 8 3 3 3 4 8 8 21 21 33 44 44 13 39 39 38 38 39 22 22 25 17 17 12 12 77 18 18 1 1 1 3 3 4 5 5 3
 8 8 14 5 5 13 35 35 8 8 3 3 3 4 8 8 21 21 33 44 44 13 39 39 38 38 39 22 22 25 17 17 12 12 77 18 18 1 1 1 3 3 4 5 5 3
 12 12 12 8 8 28 40 40 8 8 4 9 9 5 11 11 23 23 38 33 33 20 37 37 36 36 31 9 9 5 4 4 10 10 7 8 8 2 1 1 2 2 2 2 2 2
 12 12 12 8 8 28 40 40 8 8 4 9 9 5 11 11 23 23 38 33 33 20 37 37 36 36 31 9 9 5 4 4 10 10 7 8 8 2 1 1 2 2 2 2 2 2
 20 20 12 11 11 29 32 32 14 14 8 7 7 8 10 10 10 10 23 22 22 19 18 18 35 35 39 11 11 4 4 4 20 20 7 14 14 6 2 2 2 2 18 2 2 2
 17 17 13 12 12 24 19 19 12 12 10 9 9 8 11 11 9 9 12 23 23 27 17 17 29 29 20 13 13 7 5 5 4 4 12 3 3 4 2 2 6 6 5 2 2 2
 17 17 13 12 12 24 19 19 12 12 10 9 9 8 11 11 9 9 12 23 23 27 17 17 29 29 20 13 13 7 5 5 4 4 12 3 3 4 2 2 6 6 5 2 2 2
 9 9 16 32 32 30 23 23 24 24 14 9 9 11 12 12 9 9 13 19 19 22 31 31 24 24 25 27 27 18 10 10 13 13 11 6 6 5 2 2 2 2 1 1 1 1
 8 8 8 23 23 27 28 28 29 29 18 15 15 15 15 15 13 13 19 22 22 28 29 29 26 26 39 36 36 27 25 25 15 15 14 11 11 5 3 3 3 3 3 2 2 2
 8 8 8 23 23 27 28 28 29 29 18 15 15 15 15 15 13 13 19 22 22 28 29 29 26 26 39 36 36 27 25 25 15 15 14 11 11 5 3 3 3 3 3 2 2 2
 6 6 8 20 20 29 24 24 12 12 11 9 9 13 13 13 16 16 22 26 26 34 61 61 38 38 51 53 53 32 29 29 29 29 17 12 12 8 4 4 5 5 3 3 3 2
 6 6 8 20 20 29 24 24 12 12 11 9 9 13 13 13 16 16 22 26 26 34 61 61 38 38 51 53 53 32 29 29 29 29 17 12 12 8 4 4 5 5 3 3 3 2
 19 19 11 18 18 24 15 15 12 12 9 12 12 13 18 18 21 21 27 34 34 41 50 50 46 46 32 35 35 53 35 35 31 31 20 13 13 8 11 11 7 7 3 2 2 4
 18 18 15 23 23 18 14 14 12 12 11 16 16 17 12 12 14 14 20 35 35 34 33 33 26 26 28 40 40 41 38 38 31 31 22 16 16 14 15 15 7 7 3 3 3 9
 18 18 15 23 23 18 14 14 12 12 11 16 16 17 12 12 14 14 20 35 35 34 33 33 26 26 28 40 40 41 38 38 31 31 22 16 16 14 15 15 7 7 3 3 3 9
 17 17 16 12 12 16 10 10 9 9 12 13 13 20 16 16 19 19 18 22 22 21 28 28 19 19 26 29 29 29 30 30 31 31 22 19 19 18 14 14 12 12 4 7 7 6
 19 19 15 17 17 15 10 10 12 12 13 22 22 18 15 15 16 16 15 17 17 18 17 17 18 18 22 23 23 37 22 22 28 28 20 20 20 17 15 15 6 6 11 15 15 3
 19 19 15 17 17 15 10 10 12 12 13 22 22 18 15 15 16 16 15 17 17 18 17 17 18 18 22 23 23 37 22 22 28 28 20 20 20 17 15 15 6 6 11 15 15 3
 19 19 26 19 19 16 16 16 15 15 22 29 29 24 24 24 17 17 15 11 11 13 12 12 15 15 22 24 24 18 24 24 18 18 17 16 16 18 13 13 10 10 14 14 14 3
 19 19 26 19 19 16 16 16 15 15 22 29 29 24 24 24 17 17 15 11 11 13 12 12 15 15 22 24 24 18 24 24 18 18 17 16 16 18 13 13 10 10 14 14 14 3
 27 27 27 23 23 17 15 15 22 22 27 60 60 42 30 30 19 19 15 14 14 13 15 15 18 18 19 23 23 17 12 12 8 8 14 16 16 16 12 12 8 8 14 10 10 3
 23 23 24 28 28 20 25 25 30 30 54 77 77 62 39 39 22 22 21 18 18 18 14 14 19 19 27 22 22 15 8 8 9 9 5 6 6 6 10 10 11 11 6 8 8 4
 23 23 24 28 28 20 25 25 30 30 54 77 77 62 39 39 22 22 21 18 18 18 14 14 19 19 27 22 22 15 8 8 9 9 5 6 6 6 10 10 11 11 6 8 8 4
 16 16 17 19 19 18 28 28 35 35 54 199 199 83 46 46 29 29 38 25 25 22 18 18 26 26 20 19 19 18 9 9 5 5 3 5 5 2 11 11 6 6 5 6 6 3
 13 13 11 16 16 20 34 34 34 34 68 109 109 115 56 56 44 44 44 26 26 18 19 19 11 11 14 20 20 12 8 8 5 5 4 3 3 2 2 2 2 2 2 1 1 0
