assets/RAT_results_old/precipitation/2018-11-23_IMERG.asc
ncols        46
nrows        77
xllcorner    74.800261325624
yllcorner    8.058333333333
cellsize     0.062500000000
NODATA_value -9999
 105 105 19 31 31 20 8 8 5 5 0 0 0 0 0 0 0 0 0 0 0 0 0 0 0 0 0 0 0 0 0 0 0 0 0 0 0 0 0 0 1 1 1 2 2 9
 56 56 30 27 27 14 6 6 2 2 1 0 0 0 0 0 0 0 0 0 0 0 0 0 0 0 0 0 0 0 0 0 0 0 0 0 0 1 1 1 2 2 1 4 4 5
 56 56 30 27 27 14 6 6 2 2 1 0 0 0 0 0 0 0 0 0 0 0 0 0 0 0 0 0 0 0 0 0 0 0 0 0 0 1 1 1 2 2 1 4 4 5
 42 42 68 65 65 13 4 4 3 3 1 1 1 0 0 0 0 0 0 0 0 0 0 0 0 0 0 0 0 0 0 0 0 0 0 0 0 0 1 1 1 1 1 5 5 4
 37 37 64 62 62 2 6 6 2 2 1 1 1 0 0 0 0 0 0 0 0 0 0 0 0 0 0 0 0 0 0 0 0 0 0 0 0 0 1 1 0 0 1 2 2 3
 37 37 64 62 62 2 6 6 2 2 1 1 1 0 0 0 0 0 0 0 0 0 0 0 0 0 0 0 0 0 0 0 0 0 0 0 0 0 1 1 0 0 1 2 2 3
 9 9 9 6 6 2 6 6 6 6 2 5 5 0 0 0 0 0 0 0 0 0 0 0 0 0 0 0 0 0 0 0 0 0 0 0 0 0 0 0 0 0 4 3 3 3
 9 9 9 6 6 2 6 6 6 6 2 5 5 0 0 0 0 0 0 0 0 0 0 0 0 0 0 0 0 0 0 0 0 0 0 0 0 0 0 0 0 0 4 3 3 3
 8 8 9 1 1 1 1 1 5 5 5 16 16 3 1 1 0 0 0 0 0 0 0 0 0 0 0 0 0 0 0 0 1 1 0 0 0 0 0 0 0 0 1 7 7 3
 0 0 1 2 2 2 2 2 13 13 11 14 14 9 9 9 3 3 0 0 0 0 0 0 0 0 0 0 0 0 0 0 0 0 0 0 0 0 0 0 0 0 1 1 1 1
 0 0 1 2 2 2 2 2 13 13 11 14 14 9 9 9 3 3 0 0 0 0 0 0 0 0 0 0 0 0 0 0 0 0 0 0 0 0 0 0 0 0 1 1 1 1
 0 0 1 1 1 3 6 6 9 9 23 41 41 8 8 8 20 20 4 2 2 0 0 0 0 0 0 0 0 0 0 0 0 0 0 0 0 0 0 0 0 0 0 0 0 1
 2 2 1 1 1 3 7 7 11 11 9 23 23 15 22 22 46 46 3 3 3 0 0 0 0 0 0 0 0 0 0 0 0 0 0 0 0 0 0 0 0 0 0 0 0 1
 2 2 1 1 1 3 7 7 11 11 9 23 23 15 22 22 46 46 3 3 3 0 0 0 0 0 0 0 0 0 0 0 0 0 0 0 0 0 0 0 0 0 0 0 0 1
 0 0 0 1 1 2 7 7 10 10 15 45 45 16 24 24 22 22 12 2 2 3 8 8 0 0 0 0 0 0 0 0 0 0 0 0 0 0 0 0 0 0 0 0 0 1
 0 0 0 1 1 2 7 7 10 10 15 45 45 16 24 24 22 22 12 2 2 3 8 8 0 0 0 0 0 0 0 0 0 0 0 0 0 0 0 0 0 0 0 0 0 1
 0 0 0 0 0 1 1 1 5 5 15 12 12 16 17 17 17 17 17 2 2 5 9 9 6 6 0 0 0 0 0 0 0 0 0 0 0 0 0 0 0 0 0 0 0 0
 16 16 1 0 0 0 1 1 4 4 4 10 10 9 16 16 26 26 12 3 3 5 7 7 4 4 0 0 0 0 0 0 0 0 0 0 0 1 0 0 0 0 0 0 0 0
 16 16 1 0 0 0 1 1 4 4 4 10 10 9 16 16 26 26 12 3 3 5 7 7 4 4 0 0 0 0 0 0 0 0 0 0 0 1 0 0 0 0 0 0 0 0
 17 17 3 3 3 0 1 1 2 2 3 10 10 4 15 15 16 16 8 7 7 6 5 5 2 2 0 0 0 0 0 0 0 0 0 0 0 1 0 0 0 0 0 0 0 0
 9 9 5 2 2 0 0 0 1 1 5 10 10 8 20 20 16 16 19 8 8 17 9 9 3 3 0 0 0 0 0 0 0 0 0 0 0 0 0 0 0 0 0 0 0 0
 9 9 5 2 2 0 0 0 1 1 5 10 10 8 20 20 16 16 19 8 8 17 9 9 3 3 0 0 0 0 0 0 0 0 0 0 0 0 0 0 0 0 0 0 0 0
 30 30 29 28 28 3 25 25 1 1 4 7 7 10 8 8 11 11 17 13 13 11 9 9 12 12 1 1 1 0 0 0 0 0 0 0 0 0 0 0 0 0 1 1 1 1
 30 30 29 28 28 3 25 25 1 1 4 7 7 10 8 8 11 11 17 13 13 11 9 9 12 12 1 1 1 0 0 0 0 0 0 0 0 0 0 0 0 0 1 1 1 1
 34 34 32 28 28 29 25 25 20 20 20 11 11 13 11 11 13 13 15 22 22 16 24 24 17 17 10 0 0 1 1 1 0 0 0 0 0 0 0 0 1 1 1 1 1 2
 39 39 37 33 33 31 28 28 22 22 22 4 4 8 13 13 21 21 21 21 21 21 20 20 24 24 10 1 1 2 1 1 0 0 0 0 0 0 0 0 0 0 1 1 1 1
 39 39 37 33 33 31 28 28 22 22 22 4 4 8 13 13 21 21 21 21 21 21 20 20 24 24 10 1 1 2 1 1 0 0 0 0 0 0 0 0 0 0 1 1 1 1
 35 35 29 29 29 5 28 28 23 23 43 23 23 23 33 33 15 15 15 17 17 13 35 35 14 14 5 2 2 1 1 1 1 1 2 3 3 2 1 1 2 2 0 1 1 0
 35 35 25 25 25 8 4 4 24 24 23 21 21 21 24 24 18 18 13 18 18 18 34 34 39 39 0 2 2 8 3 3 3 3 4 4 4 3 6 6 10 10 1 1 1 1
 35 35 25 25 25 8 4 4 24 24 23 21 21 21 24 24 18 18 13 18 18 18 34 34 39 39 0 2 2 8 3 3 3 3 4 4 4 3 6 6 10 10 1 1 1 1
 14 14 26 29 29 28 6 6 29 29 101 82 82 21 21 21 17 17 14 10 10 16 16 16 9 9 2 2 2 8 4 4 2 2 2 2 2 5 6 6 11 11 6 1 1 1
 14 14 26 29 29 28 6 6 29 29 101 82 82 21 21 21 17 17 14 10 10 16 16 16 9 9 2 2 2 8 4 4 2 2 2 2 2 5 6 6 11 11 6 1 1 1
 32 32 31 34 34 29 33 33 30 30 100 82 82 34 18 18 11 11 12 9 9 9 6 6 6 6 3 3 3 2 2 2 1 1 1 1 1 2 2 2 2 2 1 0 0 0
 32 32 32 35 35 34 25 25 24 24 35 35 35 34 17 17 19 19 19 8 8 8 3 3 2 2 2 2 2 0 0 0 2 2 1 0 0 0 1 1 0 0 0 0 0 0
 32 32 32 35 35 34 25 25 24 24 35 35 35 34 17 17 19 19 19 8 8 8 3 3 2 2 2 2 2 0 0 0 2 2 1 0 0 0 1 1 0 0 0 0 0 0
 21 21 21 29 29 34 25 25 22 22 35 2 2 4 19 19 20 20 17 6 6 6 1 1 5 5 2 0 0 2 2 2 2 2 2 4 4 0 0 0 0 0 0 0 0 0
 18 18 20 28 28 10 10 10 9 9 6 4 4 5 1 1 2 2 2 3 3 2 3 3 8 8 5 1 1 2 2 2 2 2 7 9 9 3 1 1 1 1 2 2 2 1
 18 18 20 28 28 10 10 10 9 9 6 4 4 5 1 1 2 2 2 3 3 2 3 3 8 8 5 1 1 2 2 2 2 2 7 9 9 3 1 1 1 1 2 2 2 1
 20 20 12 13 13 13 14 14 13 13 10 6 6 3 1 1 3 3 3 3 3 2 7 7 14 14 7 7 7 2 3 3 4 4 5 9 9 13 4 4 3 3 6 4 4 2
 20 20 12 13 13 13 14 14 13 13 10 6 6 3 1 1 3 3 3 3 3 2 7 7 14 14 7 7 7 2 3 3 4 4 5 9 9 13 4 4 3 3 6 4 4 2
 26 26 15 15 15 15 16 16 16 16 14 9 9 4 1 1 2 2 3 3 3 3 3 3 16 16 4 18 18 10 10 10 10 10 14 14 14 10 7 7 3 3 3 4 4 2
 25 25 16 18 18 19 18 18 17 17 16 11 11 5 3 3 1 1 1 17 17 9 20 20 18 18 24 25 25 61 33 33 10 10 14 10 10 9 7 7 2 2 2 3 3 3
 25 25 16 18 18 19 18 18 17 17 16 11 11 5 3 3 1 1 1 17 17 9 20 20 18 18 24 25 25 61 33 33 10 10 14 10 10 9 7 7 2 2 2 3 3 3
 34 34 36 34 34 35 28 28 20 20 17 13 13 6 4 4 3 3 1 19 19 26 32 32 27 27 25 39 39 51 10 10 8 8 9 12 12 12 4 4 4 4 3 3 3 1
 37 37 35 35 35 37 32 32 26 26 17 12 12 7 4 4 3 3 1 24 24 27 34 34 36 36 29 29 29 58 36 36 85 85 13 9 9 6 1 1 2 2 2 1 1 1
 37 37 35 35 35 37 32 32 26 26 17 12 12 7 4 4 3 3 1 24 24 27 34 34 36 36 29 29 29 58 36 36 85 85 13 9 9 6 1 1 2 2 2 1 1 1
 44 44 46 47 47 49 47 47 27 27 33 9 9 5 4 4 3 3 4 6 6 16 18 18 16 16 22 41 41 38 31 31 72 72 6 9 9 3 1 1 1 1 0 0 0 0
 44 44 46 47 47 49 47 47 27 27 33 9 9 5 4 4 3 3 4 6 6 16 18 18 16 16 22 41 41 38 31 31 72 72 6 9 9 3 1 1 1 1 0 0 0 0
 22 22 51 53 53 48 43 43 35 35 30 23 23 25 8 8 3 3 5 11 11 13 17 17 14 14 23 20 20 29 16 16 12 12 8 3 3 1 1 1 1 1 3 1 1 0
 17 17 38 48 48 47 39 39 27 27 27 25 25 27 11 11 3 3 6 10 10 16 13 13 12 12 15 26 26 17 12 12 9 9 4 3 3 2 2 2 2 2 3 2 2 3
 17 17 38 48 48 47 39 39 27 27 27 25 25 27 11 11 3 3 6 10 10 16 13 13 12 12 15 26 26 17 12 12 9 9 4 3 3 2 2 2 2 2 3 2 2 3
 8 8 12 13 13 21 7 7 18 18 23 22 22 55 40 40 10 10 3 5 5 13 10 10 15 15 17 20 20 13 14 14 4 4 2 2 2 3 7 7 15 15 8 3 3 0
 5 5 5 3 3 4 4 4 16 16 22 22 22 20 12 12 5 5 3 5 5 12 15 15 10 10 13 11 11 20 13 13 7 7 3 7 7 13 20 20 8 8 7 4 4 2
 5 5 5 3 3 4 4 4 16 16 22 22 22 20 12 12 5 5 3 5 5 12 15 15 10 10 13 11 11 20 13 13 7 7 3 7 7 13 20 20 8 8 7 4 4 2
 2 2 3 2 2 2 12 12 12 12 12 12 12 2 11 11 1 1 2 5 5 2 12 12 6 6 9 6 6 13 12 12 8 8 8 12 12 9 7 7 7 7 8 4 4 1
 2 2 3 2 2 2 12 12 12 12 12 12 12 2 11 11 1 1 2 5 5 2 12 12 6 6 9 6 6 13 12 12 8 8 8 12 12 9 7 7 7 7 8 4 4 1
 1 1 1 3 3 2 5 5 13 13 13 12 12 2 2 2 1 1 2 2 2 2 11 11 7 7 5 5 5 13 34 34 32 32 9 6 6 7 6 6 6 6 8 3 3 6
 1 1 1 2 2 2 4 4 4 4 2 1 1 1 1 1 2 2 11 37 37 37 8 8 3 3 11 9 9 20 29 29 87 87 5 3 3 3 4 4 5 5 4 5 5 3
 1 1 1 2 2 2 4 4 4 4 2 1 1 1 1 1 2 2 11 37 37 37 8 8 3 3 11 9 9 20 29 29 87 87 5 3 3 3 4 4 5 5 4 5 5 3
 1 1 1 1 1 5 5 5 5 5 7 2 2 2 1 1 2 2 11 27 27 44 31 31 30 30 16 18 18 14 8 8 6 6 2 1 1 1 2 2 3 3 3 3 3 3
 1 1 1 1 1 3 6 6 12 12 8 3 3 3 2 2 7 7 28 27 27 46 30 30 31 31 13 16 16 20 12 12 6 6 0 0 0 0 0 0 2 2 2 6 6 6
 1 1 1 1 1 3 6 6 12 12 8 3 3 3 2 2 7 7 28 27 27 46 30 30 31 31 13 16 16 20 12 12 6 6 0 0 0 0 0 0 2 2 2 6 6 6
 0 0 0 2 2 2 2 2 6 6 5 3 3 3 2 2 6 6 25 24 24 21 21 21 14 14 3 7 7 9 12 12 7 7 0 0 0 0 1 1 2 2 6 9 9 7
 0 0 0 2 2 2 2 2 6 6 5 3 3 3 2 2 6 6 25 24 24 21 21 21 14 14 3 7 7 9 12 12 7 7 0 0 0 0 1 1 2 2 6 9 9 7
 0 0 0 1 1 1 2 2 2 2 4 3 3 1 2 2 25 25 25 24 24 21 21 21 61 61 2 3 3 4 6 6 4 4 3 1 1 0 0 0 1 1 1 3 3 4
 2 2 1 0 0 0 1 1 1 1 2 3 3 2 4 4 5 5 3 7 7 7 38 38 61 61 24 1 1 6 6 6 4 4 4 9 9 8 3 3 2 2 1 1 1 1
 2 2 1 0 0 0 1 1 1 1 2 3 3 2 4 4 5 5 3 7 7 7 38 38 61 61 24 1 1 6 6 6 4 4 4 9 9 8 3 3 2 2 1 1 1 1
 0 0 0 0 0 0 0 0 0 0 1 2 2 2 3 3 4 4 4 9 9 6 2 2 23 23 23 2 2 5 5 5 7 7 4 8 8 9 4 4 3 3 4 2 2 1
 0 0 0 0 0 0 0 0 0 0 0 1 1 1 1 1 2 2 3 5 5 6 3 3 1 1 28 19 19 22 2 2 3 3 6 10 10 11 11 11 4 4 2 1 1 2
 0 0 0 0 0 0 0 0 0 0 0 1 1 1 1 1 2 2 3 5 5 6 3 3 1 1 28 19 19 22 2 2 3 3 6 10 10 11 11 11 4 4 2 1 1 2
 0 0 0 0 0 0 0 0 0 0 0 0 0 1 1 1 2 2 3 4 4 5 2 2 2 2 28 18 18 18 2 2 2 2 5 1 1 4 4 4 1 1 0 2 2 1
 0 0 0 0 0 0 0 0 0 0 0 0 0 1 1 1 2 2 3 4 4 5 2 2 2 2 28 18 18 18 2 2 2 2 5 1 1 4 4 4 1 1 0 2 2 1
 0 0 0 0 0 0 0 0 0 0 0 0 0 0 0 0 1 1 2 2 2 2 1 1 1 1 1 0 0 0 2 2 2 2 2 4 4 5 3 3 0 0 0 0 0 1
 0 0 0 0 0 0 0 0 0 0 0 0 0 0 0 0 0 0 0 1 1 1 1 1 1 1 2 1 1 0 0 0 1 1 1 2 2 1 1 1 1 1 0 2 2 1
 0 0 0 0 0 0 0 0 0 0 0 0 0 0 0 0 0 0 0 1 1 1 1 1 1 1 2 1 1 0 0 0 1 1 1 2 2 1 1 1 1 1 0 2 2 1
 0 0 0 0 0 0 0 0 0 0 0 0 0 0 1 1 0 0 1 1 1 2 1 1 0 0 0 0 0 0 0 0 1 1 1 2 2 1 2 2 2 2 4 1 1 1
 0 0 0 0 0 0 0 0 0 0 1 0 0 0 0 0 1 1 1 1 1 1 1 1 0 0 0 0 0 0 0 0 0 0 0 1 1 1 1 1 1 1 2 0 0 0
