assets/RAT_results_old/precipitation/2018-05-24_IMERG.asc
ncols        46
nrows        77
xllcorner    74.800261325624
yllcorner    8.058333333333
cellsize     0.062500000000
NODATA_value -9999
 1 1 1 1 1 1 4 4 7 7 2 10 10 10 2 2 2 2 2 10 10 24 11 11 6 6 3 2 2 2 1 1 1 1 1 1 1 1 0 0 0 0 1 0 0 0
 1 1 1 1 1 2 4 4 8 8 4 5 5 4 6 6 6 6 7 15 15 21 30 30 17 17 19 2 2 2 2 2 2 2 2 1 1 1 2 2 1 1 3 1 1 2
 1 1 1 1 1 2 4 4 8 8 4 5 5 4 6 6 6 6 7 15 15 21 30 30 17 17 19 2 2 2 2 2 2 2 2 1 1 1 2 2 1 1 3 1 1 2
 1 1 2 2 2 3 3 3 9 9 6 5 5 8 8 8 17 17 14 31 31 26 33 33 15 15 19 17 17 9 3 3 3 3 3 3 3 7 5 5 5 5 4 7 7 6
 2 2 2 2 2 4 15 15 6 6 4 8 8 10 10 10 16 16 23 37 37 48 38 38 44 44 34 21 21 9 4 4 4 4 8 6 6 9 6 6 4 4 5 8 8 11
 2 2 2 2 2 4 15 15 6 6 4 8 8 10 10 10 16 16 23 37 37 48 38 38 44 44 34 21 21 9 4 4 4 4 8 6 6 9 6 6 4 4 5 8 8 11
 2 2 4 3 3 5 8 8 14 14 15 9 9 16 27 27 30 30 36 34 34 66 53 53 44 44 53 15 15 11 6 6 6 6 5 13 13 7 4 4 5 5 10 13 13 12
 2 2 4 3 3 5 8 8 14 14 15 9 9 16 27 27 30 30 36 34 34 66 53 53 44 44 53 15 15 11 6 6 6 6 5 13 13 7 4 4 5 5 10 13 13 12
 4 4 4 3 3 6 10 10 19 19 19 17 17 18 21 21 22 22 34 30 30 37 55 55 37 37 21 15 15 7 6 6 5 5 5 6 6 7 5 5 10 10 7 12 12 24
 6 6 4 6 6 8 17 17 10 10 15 43 43 45 21 21 19 19 29 19 19 39 45 45 23 23 22 24 24 10 6 6 5 5 5 20 20 13 16 16 18 18 9 23 23 30
 6 6 4 6 6 8 17 17 10 10 15 43 43 45 21 21 19 19 29 19 19 39 45 45 23 23 22 24 24 10 6 6 5 5 5 20 20 13 16 16 18 18 9 23 23 30
 5 5 5 6 6 18 11 11 11 11 15 32 32 34 23 23 33 33 42 27 27 25 24 24 20 20 15 11 11 10 9 9 6 6 16 32 32 15 36 36 16 16 18 22 22 36
 5 5 6 12 12 12 11 11 20 20 39 18 18 13 22 22 30 30 30 25 25 23 23 23 20 20 19 15 15 10 10 10 9 9 6 57 57 69 57 57 21 21 31 28 28 22
 5 5 6 12 12 12 11 11 20 20 39 18 18 13 22 22 30 30 30 25 25 23 23 23 20 20 19 15 15 10 10 10 9 9 6 57 57 69 57 57 21 21 31 28 28 22
 4 4 6 5 5 10 15 15 16 16 43 15 15 25 35 35 33 33 31 32 32 34 25 25 31 31 18 15 15 12 13 13 12 12 9 16 16 57 24 24 19 19 18 28 28 10
 4 4 6 5 5 10 15 15 16 16 43 15 15 25 35 35 33 33 31 32 32 34 25 25 31 31 18 15 15 12 13 13 12 12 9 16 16 57 24 24 19 19 18 28 28 10
 6 6 7 9 9 44 43 43 18 18 21 31 31 22 56 56 35 35 33 34 34 57 41 41 35 35 22 23 23 14 17 17 14 14 10 28 28 35 6 6 6 6 10 31 31 24
 9 9 6 8 8 11 71 71 36 36 12 29 29 43 58 58 42 42 40 68 68 49 41 41 26 26 26 23 23 18 18 18 16 16 22 24 24 7 11 11 7 7 10 24 24 23
 9 9 6 8 8 11 71 71 36 36 12 29 29 43 58 58 42 42 40 68 68 49 41 41 26 26 26 23 23 18 18 18 16 16 22 24 24 7 11 11 7 7 10 24 24 23
 12 12 16 28 28 68 74 74 27 27 15 49 49 51 58 58 39 39 40 53 53 48 27 27 31 31 28 37 37 28 14 14 13 13 26 13 13 11 10 10 8 8 9 26 26 26
 20 20 22 31 31 72 75 75 18 18 15 55 55 80 52 52 44 44 37 47 47 32 27 27 34 34 21 32 32 23 9 9 15 15 15 16 16 30 9 9 8 8 8 27 27 5
 20 20 22 31 31 72 75 75 18 18 15 55 55 80 52 52 44 44 37 47 47 32 27 27 34 34 21 32 32 23 9 9 15 15 15 16 16 30 9 9 8 8 8 27 27 5
 23 23 22 44 44 47 41 41 18 18 26 57 57 101 86 86 59 59 49 46 46 34 20 20 29 29 14 9 9 7 12 12 12 12 13 18 18 8 7 7 3 3 4 6 6 6
 23 23 22 44 44 47 41 41 18 18 26 57 57 101 86 86 59 59 49 46 46 34 20 20 29 29 14 9 9 7 12 12 12 12 13 18 18 8 7 7 3 3 4 6 6 6
 19 19 31 29 29 22 61 61 24 24 66 71 71 113 85 85 117 117 72 49 49 32 27 27 25 25 5 4 4 3 6 6 7 7 6 9 9 12 6 6 3 3 4 5 5 4
 19 19 25 26 26 67 93 93 46 46 64 65 65 85 100 100 97 97 77 43 43 31 27 27 15 15 10 11 11 5 6 6 6 6 3 7 7 7 4 4 4 4 4 3 3 3
 19 19 25 26 26 67 93 93 46 46 64 65 65 85 100 100 97 97 77 43 43 31 27 27 15 15 10 11 11 5 6 6 6 6 3 7 7 7 4 4 4 4 4 3 3 3
 24 24 31 19 19 32 51 51 60 60 101 49 49 54 124 124 121 121 104 89 89 33 24 24 15 15 36 10 10 7 6 6 6 6 4 4 4 4 3 3 6 6 5 3 3 2
 26 26 29 31 31 26 51 51 57 57 122 115 115 116 130 130 127 127 120 62 62 67 35 35 23 23 24 34 34 17 10 10 8 8 9 5 5 6 8 8 8 8 8 4 4 5
 26 26 29 31 31 26 51 51 57 57 122 115 115 116 130 130 127 127 120 62 62 67 35 35 23 23 24 34 34 17 10 10 8 8 9 5 5 6 8 8 8 8 8 4 4 5
 22 22 22 32 32 27 49 49 62 62 107 145 145 117 103 103 117 117 98 64 64 65 81 81 31 31 20 16 16 56 14 14 7 7 6 9 9 5 6 6 7 7 6 4 4 8
 22 22 22 32 32 27 49 49 62 62 107 145 145 117 103 103 117 117 98 64 64 65 81 81 31 31 20 16 16 56 14 14 7 7 6 9 9 5 6 6 7 7 6 4 4 8
 21 21 22 37 37 34 47 47 86 86 117 160 160 109 113 113 118 118 47 110 110 74 39 39 31 31 24 17 17 21 7 7 6 6 5 5 5 6 6 6 13 13 10 2 2 4
 19 19 23 37 37 66 72 72 103 103 118 116 116 104 108 108 104 104 62 56 56 59 84 84 24 24 27 10 10 14 13 13 5 5 7 19 19 9 13 13 12 12 7 4 4 9
 19 19 23 37 37 66 72 72 103 103 118 116 116 104 108 108 104 104 62 56 56 59 84 84 24 24 27 10 10 14 13 13 5 5 7 19 19 9 13 13 12 12 7 4 4 9
 19 19 22 59 59 34 81 81 92 92 99 94 94 80 48 48 32 32 57 31 31 80 65 65 65 65 21 11 11 10 6 6 7 7 9 11 11 12 11 11 11 11 11 15 15 20
 23 23 47 67 67 84 53 53 66 66 99 83 83 72 34 34 31 31 27 28 28 39 44 44 33 33 16 10 10 9 7 7 8 8 10 11 11 12 10 10 12 12 17 8 8 10
 23 23 47 67 67 84 53 53 66 66 99 83 83 72 34 34 31 31 27 28 28 39 44 44 33 33 16 10 10 9 7 7 8 8 10 11 11 12 10 10 12 12 17 8 8 10
 39 39 80 52 52 26 47 47 40 40 108 101 101 73 38 38 24 24 25 30 30 23 39 39 23 23 10 6 6 8 8 8 9 9 11 12 12 11 11 11 14 14 11 12 12 9
 39 39 80 52 52 26 47 47 40 40 108 101 101 73 38 38 24 24 25 30 30 23 39 39 23 23 10 6 6 8 8 8 9 9 11 12 12 11 11 11 14 14 11 12 12 9
 50 50 43 32 32 24 31 31 31 31 67 70 70 72 38 38 42 42 39 32 32 19 31 31 36 36 20 13 13 12 7 7 8 8 8 11 11 15 15 15 17 17 15 12 12 8
 20 20 24 19 19 34 31 31 65 65 53 82 82 85 37 37 35 35 30 22 22 15 20 20 38 38 17 11 11 17 11 11 11 11 10 14 14 14 18 18 17 17 15 14 14 9
 20 20 24 19 19 34 31 31 65 65 53 82 82 85 37 37 35 35 30 22 22 15 20 20 38 38 17 11 11 17 11 11 11 11 10 14 14 14 18 18 17 17 15 14 14 9
 29 29 33 31 31 34 33 33 68 68 77 103 103 75 75 75 61 61 30 26 26 25 9 9 18 18 23 12 12 12 8 8 7 7 8 11 11 13 12 12 11 11 12 13 13 8
 36 36 37 54 54 38 34 34 56 56 82 75 75 73 81 81 68 68 44 29 29 14 12 12 22 22 55 6 6 10 13 13 12 12 7 9 9 11 15 15 9 9 9 10 10 7
 36 36 37 54 54 38 34 34 56 56 82 75 75 73 81 81 68 68 44 29 29 14 12 12 22 22 55 6 6 10 13 13 12 12 7 9 9 11 15 15 9 9 9 10 10 7
 30 30 41 28 28 62 46 46 72 72 88 84 84 87 75 75 74 74 46 14 14 11 6 6 6 6 11 18 18 10 17 17 13 13 10 10 10 6 12 12 8 8 9 8 8 6
 30 30 41 28 28 62 46 46 72 72 88 84 84 87 75 75 74 74 46 14 14 11 6 6 6 6 11 18 18 10 17 17 13 13 10 10 10 6 12 12 8 8 9 8 8 6
 57 57 40 35 35 37 44 44 85 85 88 94 94 93 118 118 64 64 59 33 33 12 6 6 8 8 7 7 7 11 10 10 17 17 18 6 6 5 7 7 6 6 6 8 8 8
 41 41 42 35 35 32 83 83 66 66 115 103 103 86 117 117 73 73 65 28 28 15 12 12 11 11 8 13 13 25 19 19 40 40 17 7 7 7 5 5 5 5 7 8 8 9
 41 41 42 35 35 32 83 83 66 66 115 103 103 86 117 117 73 73 65 28 28 15 12 12 11 11 8 13 13 25 19 19 40 40 17 7 7 7 5 5 5 5 7 8 8 9
 31 31 33 31 31 28 65 65 68 68 82 95 95 111 111 111 95 95 80 35 35 18 17 17 15 15 13 17 17 18 28 28 20 20 21 7 7 4 4 4 5 5 6 8 8 9
 40 40 37 40 40 35 50 50 40 40 47 70 70 109 97 97 75 75 79 39 39 19 18 18 15 15 21 27 27 39 27 27 21 21 17 4 4 4 4 4 5 5 4 4 4 4
 40 40 37 40 40 35 50 50 40 40 47 70 70 109 97 97 75 75 79 39 39 19 18 18 15 15 21 27 27 39 27 27 21 21 17 4 4 4 4 4 5 5 4 4 4 4
 36 36 39 40 40 44 43 43 30 30 47 37 37 99 84 84 87 87 56 63 63 33 24 24 19 19 18 33 33 40 40 40 31 31 11 4 4 4 5 5 5 5 4 3 3 5
 36 36 39 40 40 44 43 43 30 30 47 37 37 99 84 84 87 87 56 63 63 33 24 24 19 19 18 33 33 40 40 40 31 31 11 4 4 4 5 5 5 5 4 3 3 5
 24 24 40 28 28 41 35 35 42 42 37 38 38 67 151 151 136 136 145 63 63 51 23 23 22 22 23 44 44 34 29 29 26 26 6 11 11 8 4 4 4 4 3 3 3 6
 33 33 32 34 34 38 44 44 55 55 49 42 42 32 54 54 138 138 142 54 54 49 25 25 21 21 31 72 72 36 19 19 16 16 7 9 9 9 6 6 4 4 4 4 4 5
 33 33 32 34 34 38 44 44 55 55 49 42 42 32 54 54 138 138 142 54 54 49 25 25 21 21 31 72 72 36 19 19 16 16 7 9 9 9 6 6 4 4 4 4 4 5
 31 31 36 29 29 39 34 34 41 41 32 42 42 28 55 55 56 56 50 64 64 25 25 25 29 29 42 39 39 26 20 20 25 25 10 11 11 5 6 6 4 4 3 4 4 4
 31 31 36 30 30 38 42 42 27 27 38 37 37 31 24 24 44 44 68 62 62 26 26 26 46 46 51 49 49 39 26 26 8 8 11 10 10 8 7 7 4 4 3 4 4 4
 31 31 36 30 30 38 42 42 27 27 38 37 37 31 24 24 44 44 68 62 62 26 26 26 46 46 51 49 49 39 26 26 8 8 11 10 10 8 7 7 4 4 3 4 4 4
 47 47 49 34 34 49 46 46 43 43 43 35 35 26 32 32 59 59 57 52 52 25 30 30 58 58 26 39 39 46 12 12 6 6 8 16 16 15 15 15 6 6 4 3 3 5
 47 47 49 34 34 49 46 46 43 43 43 35 35 26 32 32 59 59 57 52 52 25 30 30 58 58 26 39 39 46 12 12 6 6 8 16 16 15 15 15 6 6 4 3 3 5
 69 69 50 43 43 65 53 53 38 38 39 41 41 31 35 35 39 39 54 44 44 39 28 28 52 52 14 19 19 26 11 11 4 4 7 16 16 19 21 21 18 18 6 5 5 5
 64 64 66 51 51 54 49 49 55 55 50 48 48 48 45 45 45 45 46 47 47 32 24 24 20 20 24 17 17 22 18 18 8 8 8 14 14 18 21 21 18 18 10 8 8 6
 64 64 66 51 51 54 49 49 55 55 50 48 48 48 45 45 45 45 46 47 47 32 24 24 20 20 24 17 17 22 18 18 8 8 8 14 14 18 21 21 18 18 10 8 8 6
 70 70 81 65 65 58 52 52 61 61 59 59 59 59 55 55 51 51 48 46 46 29 22 22 30 30 27 21 21 21 16 16 9 9 8 10 10 11 13 13 10 10 8 6 6 8
 65 65 70 85 85 66 59 59 68 68 70 65 65 56 58 58 55 55 51 55 55 36 33 33 25 25 16 21 21 12 11 11 10 10 14 8 8 3 3 3 5 5 4 4 4 7
 65 65 70 85 85 66 59 59 68 68 70 65 65 56 58 58 55 55 51 55 55 36 33 33 25 25 16 21 21 12 11 11 10 10 14 8 8 3 3 3 5 5 4 4 4 7
 62 62 68 74 74 96 72 72 69 69 79 63 63 56 57 57 68 68 49 52 52 40 24 24 19 19 11 11 11 9 9 9 7 7 8 12 12 3 2 2 2 2 2 2 2 4
 62 62 68 74 74 96 72 72 69 69 79 63 63 56 57 57 68 68 49 52 52 40 24 24 19 19 11 11 11 9 9 9 7 7 8 12 12 3 2 2 2 2 2 2 2 4
 55 55 66 76 76 87 69 69 68 68 75 58 58 59 57 57 45 45 42 44 44 35 31 31 19 19 17 19 19 15 5 5 5 5 6 4 4 3 2 2 2 2 2 3 3 1
 52 52 63 72 72 86 78 78 74 74 82 70 70 72 59 59 43 43 35 25 25 19 12 12 21 21 19 20 20 15 4 4 9 9 10 4 4 4 3 3 3 3 2 2 2 2
 52 52 63 72 72 86 78 78 74 74 82 70 70 72 59 59 43 43 35 25 25 19 12 12 21 21 19 20 20 15 4 4 9 9 10 4 4 4 3 3 3 3 2 2 2 2
 51 51 54 72 72 83 84 84 83 83 74 81 81 70 63 63 31 31 25 16 16 15 13 13 21 21 21 21 21 9 8 8 13 13 15 8 8 3 4 4 3 3 2 2 2 3
 53 53 49 61 61 74 74 74 67 67 71 72 72 67 60 60 58 58 24 14 14 11 9 9 7 7 8 8 8 9 7 7 16 16 12 6 6 10 4 4 5 5 6 4 4 3
