assets/RAT_results_old/precipitation/2018-07-19_IMERG.asc
ncols        46
nrows        77
xllcorner    74.800261325624
yllcorner    8.058333333333
cellsize     0.062500000000
NODATA_value -9999
 25 25 19 24 24 26 32 32 23 23 22 23 23 16 7 7 7 7 3 1 1 1 2 2 5 5 0 0 0 0 0 0 0 0 0 0 0 0 2 2 0 0 0 0 0 0
 30 30 29 29 29 31 33 33 34 34 33 29 29 26 14 14 7 7 12 8 8 2 0 0 1 1 5 1 1 0 0 0 1 1 0 0 0 1 0 0 0 0 0 0 0 0
 30 30 29 29 29 31 33 33 34 34 33 29 29 26 14 14 7 7 12 8 8 2 0 0 1 1 5 1 1 0 0 0 1 1 0 0 0 1 0 0 0 0 0 0 0 0
 30 30 31 35 35 51 36 36 41 41 40 23 23 17 12 12 12 12 9 5 5 8 2 2 1 1 3 1 1 1 1 1 0 0 0 0 0 0 0 0 0 0 0 0 0 0
 26 26 33 32 32 34 27 27 28 28 27 21 21 21 20 20 15 15 13 8 8 3 1 1 8 8 2 2 2 1 1 1 1 1 0 0 0 0 0 0 1 1 0 0 0 1
 26 26 33 32 32 34 27 27 28 28 27 21 21 21 20 20 15 15 13 8 8 3 1 1 8 8 2 2 2 1 1 1 1 1 0 0 0 0 0 0 1 1 0 0 0 1
 31 31 39 31 31 50 33 33 41 41 29 24 24 23 19 19 19 19 18 7 7 4 1 1 4 4 3 1 1 1 3 3 1 1 0 0 0 0 0 0 0 0 2 0 0 0
 31 31 39 31 31 50 33 33 41 41 29 24 24 23 19 19 19 19 18 7 7 4 1 1 4 4 3 1 1 1 3 3 1 1 0 0 0 0 0 0 0 0 2 0 0 0
 43 43 41 57 57 65 55 55 45 45 41 31 31 22 21 21 16 16 15 9 9 2 4 4 4 4 5 3 3 2 1 1 0 0 0 0 0 0 0 0 0 0 0 0 0 1
 23 23 33 58 58 64 59 59 68 68 31 28 28 26 21 21 14 14 17 11 11 8 4 4 1 1 4 2 2 1 1 1 0 0 0 0 0 1 0 0 0 0 0 0 0 0
 23 23 33 58 58 64 59 59 68 68 31 28 28 26 21 21 14 14 17 11 11 8 4 4 1 1 4 2 2 1 1 1 0 0 0 0 0 1 0 0 0 0 0 0 0 0
 24 24 18 33 33 62 64 64 53 53 32 20 20 21 20 20 15 15 7 11 11 6 1 1 2 2 2 4 4 3 3 3 1 1 1 0 0 0 0 0 1 1 0 0 0 0
 15 15 19 35 35 36 61 61 61 61 38 33 33 33 31 31 20 20 9 6 6 3 2 2 2 2 2 2 2 1 1 1 1 1 0 1 1 1 2 2 2 2 1 1 1 1
 15 15 19 35 35 36 61 61 61 61 38 33 33 33 31 31 20 20 9 6 6 3 2 2 2 2 2 2 2 1 1 1 1 1 0 1 1 1 2 2 2 2 1 1 1 1
 26 26 19 28 28 27 42 42 54 54 54 39 39 37 24 24 23 23 12 6 6 4 3 3 2 2 1 3 3 1 0 0 0 0 0 0 0 1 2 2 1 1 1 1 1 1
 26 26 19 28 28 27 42 42 54 54 54 39 39 37 24 24 23 23 12 6 6 4 3 3 2 2 1 3 3 1 0 0 0 0 0 0 0 1 2 2 1 1 1 1 1 1
 15 15 9 26 26 26 35 35 51 51 37 39 39 45 32 32 22 22 16 10 10 8 4 4 2 2 1 1 1 0 1 1 0 0 0 0 0 0 0 0 1 1 1 0 0 0
 8 8 24 18 18 32 29 29 33 33 57 39 39 43 32 32 33 33 23 16 16 11 4 4 3 3 5 0 0 1 0 0 1 1 0 0 0 0 2 2 1 1 2 0 0 1
 8 8 24 18 18 32 29 29 33 33 57 39 39 43 32 32 33 33 23 16 16 11 4 4 3 3 5 0 0 1 0 0 1 1 0 0 0 0 2 2 1 1 2 0 0 1
 14 14 16 23 23 28 28 28 28 28 34 49 49 40 31 31 23 23 24 21 21 12 6 6 4 4 2 1 1 0 0 0 0 0 0 1 1 0 1 1 0 0 0 1 1 1
 8 8 11 14 14 22 26 26 29 29 31 41 41 42 36 36 37 37 28 22 22 28 13 13 9 9 1 2 2 1 3 3 0 0 1 1 1 1 0 0 0 0 0 0 0 0
 8 8 11 14 14 22 26 26 29 29 31 41 41 42 36 36 37 37 28 22 22 28 13 13 9 9 1 2 2 1 3 3 0 0 1 1 1 1 0 0 0 0 0 0 0 0
 11 11 19 17 17 19 26 26 23 23 36 31 31 41 49 49 35 35 27 32 32 37 20 20 14 14 5 3 3 5 6 6 3 3 1 1 1 0 1 1 0 0 0 2 2 0
 11 11 19 17 17 19 26 26 23 23 36 31 31 41 49 49 35 35 27 32 32 37 20 20 14 14 5 3 3 5 6 6 3 3 1 1 1 0 1 1 0 0 0 2 2 0
 16 16 21 21 21 20 31 31 43 43 37 32 32 36 36 36 34 34 33 31 31 30 33 33 19 19 19 5 5 11 4 4 4 4 0 0 0 0 0 0 0 0 1 2 2 0
 18 18 20 29 29 38 42 42 56 56 32 42 42 50 45 45 37 37 38 28 28 28 23 23 22 22 18 12 12 9 5 5 2 2 0 0 0 0 0 0 1 1 1 0 0 1
 18 18 20 29 29 38 42 42 56 56 32 42 42 50 45 45 37 37 38 28 28 28 23 23 22 22 18 12 12 9 5 5 2 2 0 0 0 0 0 0 1 1 1 0 0 1
 13 13 29 33 33 32 28 28 32 32 32 35 35 25 33 33 33 33 52 36 36 30 28 28 17 17 16 9 9 7 3 3 1 1 0 0 0 0 1 1 1 1 0 0 0 0
 14 14 17 29 29 24 43 43 17 17 14 17 17 27 23 23 32 32 32 28 28 28 25 25 27 27 17 13 13 10 11 11 3 3 5 2 2 1 1 1 1 1 2 0 0 1
 14 14 17 29 29 24 43 43 17 17 14 17 17 27 23 23 32 32 32 28 28 28 25 25 27 27 17 13 13 10 11 11 3 3 5 2 2 1 1 1 1 1 2 0 0 1
 15 15 27 19 19 22 30 30 19 19 26 14 14 25 27 27 40 40 33 21 21 26 26 26 25 25 24 18 18 10 13 13 7 7 6 5 5 3 2 2 1 1 2 3 3 4
 15 15 27 19 19 22 30 30 19 19 26 14 14 25 27 27 40 40 33 21 21 26 26 26 25 25 24 18 18 10 13 13 7 7 6 5 5 3 2 2 1 1 2 3 3 4
 12 12 16 24 24 22 28 28 32 32 24 22 22 22 23 23 38 38 26 18 18 26 27 27 22 22 17 12 12 10 13 13 12 12 7 4 4 4 4 4 3 3 4 3 3 1
 23 23 21 22 22 38 36 36 39 39 27 24 24 37 24 24 27 27 27 27 27 30 30 30 27 27 21 16 16 15 14 14 9 9 8 7 7 4 5 5 2 2 3 1 1 2
 23 23 21 22 22 38 36 36 39 39 27 24 24 37 24 24 27 27 27 27 27 30 30 30 27 27 21 16 16 15 14 14 9 9 8 7 7 4 5 5 2 2 3 1 1 2
 22 22 25 29 29 62 38 38 39 39 30 41 41 31 25 25 28 28 30 34 34 28 21 21 19 19 15 17 17 21 14 14 8 8 5 7 7 5 3 3 2 2 2 1 1 1
 17 17 37 31 31 28 35 35 50 50 43 26 26 22 26 26 26 26 25 30 30 32 28 28 25 25 15 15 15 19 22 22 15 15 6 6 6 4 3 3 2 2 2 4 4 1
 17 17 37 31 31 28 35 35 50 50 43 26 26 22 26 26 26 26 25 30 30 32 28 28 25 25 15 15 15 19 22 22 15 15 6 6 6 4 3 3 2 2 2 4 4 1
 25 25 24 27 27 28 31 31 34 34 35 34 34 22 21 21 23 23 27 24 24 24 22 22 16 16 18 15 15 17 20 20 16 16 9 4 4 4 2 2 2 2 1 1 1 3
 25 25 24 27 27 28 31 31 34 34 35 34 34 22 21 21 23 23 27 24 24 24 22 22 16 16 18 15 15 17 20 20 16 16 9 4 4 4 2 2 2 2 1 1 1 3
 28 28 16 26 26 23 30 30 39 39 47 45 45 27 24 24 24 24 27 30 30 24 20 20 18 18 16 18 18 18 15 15 13 13 12 4 4 7 4 4 6 6 3 2 2 5
 19 19 18 23 23 24 46 46 33 33 51 62 62 30 25 25 21 21 23 21 21 27 20 20 20 20 17 12 12 17 14 14 17 17 15 7 7 9 6 6 6 6 5 6 6 3
 19 19 18 23 23 24 46 46 33 33 51 62 62 30 25 25 21 21 23 21 21 27 20 20 20 20 17 12 12 17 14 14 17 17 15 7 7 9 6 6 6 6 5 6 6 3
 15 15 17 21 21 27 22 22 25 25 28 37 37 44 30 30 29 29 21 27 27 48 28 28 20 20 21 18 18 19 14 14 21 21 20 13 13 14 10 10 11 11 9 8 8 4
 8 8 17 11 11 21 16 16 23 23 18 26 26 28 37 37 28 28 32 34 34 34 24 24 28 28 27 23 23 27 28 28 19 19 21 19 19 16 16 16 12 12 9 8 8 6
 8 8 17 11 11 21 16 16 23 23 18 26 26 28 37 37 28 28 32 34 34 34 24 24 28 28 27 23 23 27 28 28 19 19 21 19 19 16 16 16 12 12 9 8 8 6
 13 13 18 10 10 11 20 20 19 19 20 21 21 23 34 34 29 29 50 39 39 42 23 23 24 24 25 25 25 26 24 24 15 15 21 22 22 17 17 17 13 13 11 6 6 7
 13 13 18 10 10 11 20 20 19 19 20 21 21 23 34 34 29 29 50 39 39 42 23 23 24 24 25 25 25 26 24 24 15 15 21 22 22 17 17 17 13 13 11 6 6 7
 7 7 13 10 10 12 17 17 18 18 21 33 33 17 27 27 60 60 44 46 46 35 28 28 28 28 31 23 23 24 22 22 16 16 15 17 17 22 22 22 28 28 14 7 7 4
 7 7 7 26 26 9 9 9 19 19 25 12 12 22 21 21 22 22 24 33 33 32 31 31 43 43 34 25 25 21 30 30 15 15 13 15 15 15 17 17 22 22 17 9 9 4
 7 7 7 26 26 9 9 9 19 19 25 12 12 22 21 21 22 22 24 33 33 32 31 31 43 43 34 25 25 21 30 30 15 15 13 15 15 15 17 17 22 22 17 9 9 4
 4 4 3 21 21 5 8 8 15 15 26 11 11 15 18 18 21 21 18 37 37 22 36 36 39 39 33 29 29 26 23 23 22 22 14 15 15 14 15 15 18 18 19 15 15 5
 3 3 2 2 2 5 7 7 6 6 14 12 12 11 15 15 11 11 20 23 23 23 21 21 33 33 34 39 39 33 39 39 27 27 18 22 22 15 17 17 19 19 21 15 15 4
 3 3 2 2 2 5 7 7 6 6 14 12 12 11 15 15 11 11 20 23 23 23 21 21 33 33 34 39 39 33 39 39 27 27 18 22 22 15 17 17 19 19 21 15 15 4
 2 2 2 1 1 5 5 5 4 4 7 7 7 9 9 9 10 10 21 15 15 17 20 20 31 31 32 28 28 30 36 36 26 26 18 20 20 17 19 19 20 20 17 16 16 5
 2 2 2 1 1 5 5 5 4 4 7 7 7 9 9 9 10 10 21 15 15 17 20 20 31 31 32 28 28 30 36 36 26 26 18 20 20 17 19 19 20 20 17 16 16 5
 2 2 1 2 2 4 5 5 4 4 14 4 4 8 12 12 8 8 8 21 21 21 18 18 22 22 32 31 31 25 25 25 24 24 20 18 18 19 12 12 17 17 14 15 15 4
 1 1 1 1 1 3 2 2 2 2 2 2 2 4 9 9 6 6 4 14 14 13 6 6 10 10 21 16 16 15 16 16 13 13 17 17 17 15 14 14 14 14 16 13 13 2
 1 1 1 1 1 3 2 2 2 2 2 2 2 4 9 9 6 6 4 14 14 13 6 6 10 10 21 16 16 15 16 16 13 13 17 17 17 15 14 14 14 14 16 13 13 2
 1 1 0 0 0 2 1 1 2 2 1 2 2 1 2 2 3 3 4 5 5 5 4 4 7 7 16 16 16 12 14 14 10 10 10 8 8 6 11 11 14 14 13 8 8 2
 1 1 1 1 1 1 1 1 1 1 2 1 1 1 1 1 3 3 3 8 8 4 3 3 8 8 7 12 12 9 13 13 15 15 6 6 6 3 8 8 12 12 7 6 6 5
 1 1 1 1 1 1 1 1 1 1 2 1 1 1 1 1 3 3 3 8 8 4 3 3 8 8 7 12 12 9 13 13 15 15 6 6 6 3 8 8 12 12 7 6 6 5
 1 1 1 1 1 1 1 1 2 2 1 3 3 1 1 1 3 3 2 2 2 5 5 5 4 4 8 11 11 12 9 9 15 15 6 4 4 7 5 5 12 12 7 7 7 2
 1 1 1 1 1 1 1 1 2 2 1 3 3 1 1 1 3 3 2 2 2 5 5 5 4 4 8 11 11 12 9 9 15 15 6 4 4 7 5 5 12 12 7 7 7 2
 2 2 2 2 2 2 1 1 2 2 2 2 2 1 1 1 1 1 1 1 1 1 9 9 2 2 6 5 5 7 8 8 6 6 5 8 8 11 11 11 11 11 16 9 9 1
 2 2 2 2 2 1 1 1 2 2 2 2 2 2 6 6 2 2 1 2 2 1 1 1 3 3 5 4 4 8 8 8 9 9 10 9 9 8 11 11 10 10 6 3 3 2
 2 2 2 2 2 1 1 1 2 2 2 2 2 2 6 6 2 2 1 2 2 1 1 1 3 3 5 4 4 8 8 8 9 9 10 9 9 8 11 11 10 10 6 3 3 2
 3 3 4 2 2 2 2 2 2 2 2 2 2 2 2 2 2 2 1 0 0 10 2 2 2 2 1 4 4 4 10 10 7 7 8 10 10 10 11 11 9 9 9 1 1 1
 2 2 3 4 4 3 3 3 1 1 2 2 2 11 1 1 1 1 10 2 2 1 1 1 1 1 4 3 3 2 3 3 6 6 8 8 8 9 12 12 15 15 6 1 1 1
 2 2 3 4 4 3 3 3 1 1 2 2 2 11 1 1 1 1 10 2 2 1 1 1 1 1 4 3 3 2 3 3 6 6 8 8 8 9 12 12 15 15 6 1 1 1
 2 2 4 5 5 4 3 3 2 2 3 2 2 2 1 1 1 1 3 2 2 2 1 1 3 3 1 3 3 2 1 1 4 4 5 7 7 5 8 8 8 8 5 2 2 1
 2 2 4 5 5 4 3 3 2 2 3 2 2 2 1 1 1 1 3 2 2 2 1 1 3 3 1 3 3 2 1 1 4 4 5 7 7 5 8 8 8 8 5 2 2 1
 5 5 5 4 4 4 3 3 3 3 3 3 3 3 2 2 1 1 1 2 2 1 4 4 1 1 1 0 0 0 1 1 3 3 6 8 8 5 6 6 6 6 10 5 5 1
 6 6 5 4 4 4 4 4 3 3 2 3 3 3 2 2 3 3 2 1 1 1 1 1 0 0 1 1 1 0 1 1 2 2 3 4 4 6 4 4 5 5 1 4 4 0
 6 6 5 4 4 4 4 4 3 3 2 3 3 3 2 2 3 3 2 1 1 1 1 1 0 0 1 1 1 0 1 1 2 2 3 4 4 6 4 4 5 5 1 4 4 0
 4 4 4 4 4 4 4 4 4 4 4 4 4 4 3 3 3 3 3 2 2 3 1 1 1 1 1 1 1 0 0 0 1 1 3 2 2 3 1 1 2 2 1 0 0 1
 3 3 3 4 4 4 4 4 4 4 4 4 4 4 3 3 3 3 3 3 3 3 2 2 1 1 1 0 0 3 1 1 2 2 1 1 1 1 1 1 1 1 2 1 1 0
