assets/RAT_results_old/precipitation/2018-07-29_IMERG.asc
ncols        46
nrows        77
xllcorner    74.800261325624
yllcorner    8.058333333333
cellsize     0.062500000000
NODATA_value -9999
 2 2 2 0 0 0 0 0 0 0 0 0 0 0 0 0 1 1 1 1 1 0 0 0 0 0 0 0 0 0 0 0 0 0 0 0 0 0 0 0 0 0 0 0 0 0
 2 2 2 1 1 0 0 0 0 0 0 0 0 0 0 0 0 0 0 0 0 0 0 0 0 0 0 0 0 0 0 0 0 0 0 0 0 0 0 0 0 0 0 0 0 0
 2 2 2 1 1 0 0 0 0 0 0 0 0 0 0 0 0 0 0 0 0 0 0 0 0 0 0 0 0 0 0 0 0 0 0 0 0 0 0 0 0 0 0 0 0 0
 1 1 1 1 1 0 0 0 0 0 0 0 0 0 0 0 0 0 0 0 0 0 0 0 0 0 0 1 1 0 0 0 0 0 0 0 0 0 0 0 0 0 0 0 0 0
 0 0 1 3 3 1 0 0 0 0 0 0 0 0 0 0 0 0 0 0 0 0 0 0 0 0 0 1 1 1 0 0 0 0 0 0 0 0 0 0 0 0 0 1 1 0
 0 0 1 3 3 1 0 0 0 0 0 0 0 0 0 0 0 0 0 0 0 0 0 0 0 0 0 1 1 1 0 0 0 0 0 0 0 0 0 0 0 0 0 1 1 0
 2 2 1 4 4 1 0 0 1 1 0 0 0 0 0 0 0 0 0 0 0 0 0 0 0 0 0 1 1 1 0 0 0 0 0 0 0 0 0 0 0 0 0 0 0 1
 2 2 1 4 4 1 0 0 1 1 0 0 0 0 0 0 0 0 0 0 0 0 0 0 0 0 0 1 1 1 0 0 0 0 0 0 0 0 0 0 0 0 0 0 0 1
 1 1 1 1 1 2 2 2 0 0 0 0 0 0 0 0 0 0 0 0 0 0 0 0 0 0 0 0 0 0 0 0 0 0 0 0 0 0 0 0 0 0 0 0 0 0
 1 1 1 1 1 2 2 2 0 0 0 0 0 0 0 0 0 0 0 0 0 0 0 0 0 0 1 0 0 0 0 0 0 0 0 0 0 0 0 0 0 0 0 0 0 0
 1 1 1 1 1 2 2 2 0 0 0 0 0 0 0 0 0 0 0 0 0 0 0 0 0 0 1 0 0 0 0 0 0 0 0 0 0 0 0 0 0 0 0 0 0 0
 1 1 0 2 2 2 6 6 1 1 1 1 1 0 0 0 0 0 0 0 0 0 0 0 1 1 2 0 0 0 0 0 0 0 0 0 0 0 0 0 0 0 0 0 0 0
 0 0 0 1 1 2 4 4 2 2 1 0 0 0 0 0 0 0 0 0 0 0 0 0 0 0 2 1 1 0 0 0 0 0 0 0 0 0 0 0 0 0 0 0 0 0
 0 0 0 1 1 2 4 4 2 2 1 0 0 0 0 0 0 0 0 0 0 0 0 0 0 0 2 1 1 0 0 0 0 0 0 0 0 0 0 0 0 0 0 0 0 0
 0 0 1 1 1 2 3 3 1 1 2 1 1 1 1 1 0 0 2 1 1 2 1 1 1 1 1 0 0 0 0 0 0 0 0 0 0 0 0 0 0 0 0 0 0 0
 0 0 1 1 1 2 3 3 1 1 2 1 1 1 1 1 0 0 2 1 1 2 1 1 1 1 1 0 0 0 0 0 0 0 0 0 0 0 0 0 0 0 0 0 0 0
 1 1 1 1 1 3 3 3 7 7 3 3 3 8 4 4 3 3 4 2 2 2 1 1 1 1 1 1 1 1 1 1 2 2 1 0 0 0 0 0 0 0 0 0 0 0
 3 3 3 2 2 2 4 4 5 5 6 4 4 10 14 14 9 9 1 2 2 0 0 0 1 1 1 0 0 0 0 0 0 0 0 0 0 0 0 0 0 0 0 0 0 0
 3 3 3 2 2 2 4 4 5 5 6 4 4 10 14 14 9 9 1 2 2 0 0 0 1 1 1 0 0 0 0 0 0 0 0 0 0 0 0 0 0 0 0 0 0 0
 1 1 1 1 1 2 4 4 4 4 3 5 5 5 11 11 4 4 1 1 1 0 0 0 0 0 0 0 0 0 0 0 0 0 0 0 0 0 0 0 0 0 0 0 0 0
 1 1 2 4 4 1 1 1 1 1 3 5 5 3 3 3 1 1 1 2 2 1 1 1 0 0 0 0 0 1 1 1 1 1 0 0 0 0 0 0 0 0 0 0 0 0
 1 1 2 4 4 1 1 1 1 1 3 5 5 3 3 3 1 1 1 2 2 1 1 1 0 0 0 0 0 1 1 1 1 1 0 0 0 0 0 0 0 0 0 0 0 0
 1 1 1 3 3 1 4 4 2 2 2 1 1 2 2 2 2 2 1 1 1 1 0 0 0 0 0 0 0 1 1 1 1 1 0 0 0 0 0 0 0 0 0 0 0 0
 1 1 1 3 3 1 4 4 2 2 2 1 1 2 2 2 2 2 1 1 1 1 0 0 0 0 0 0 0 1 1 1 1 1 0 0 0 0 0 0 0 0 0 0 0 0
 4 4 2 3 3 13 8 8 14 14 1 2 2 7 6 6 1 1 1 0 0 1 1 1 1 1 0 0 0 3 0 0 0 0 0 0 0 0 0 0 0 0 0 0 0 0
 2 2 3 3 3 9 7 7 12 12 2 2 2 9 6 6 1 1 1 0 0 1 0 0 0 0 0 1 1 2 1 1 1 1 1 0 0 0 0 0 0 0 0 0 0 0
 2 2 3 3 3 9 7 7 12 12 2 2 2 9 6 6 1 1 1 0 0 1 0 0 0 0 0 1 1 2 1 1 1 1 1 0 0 0 0 0 0 0 0 0 0 0
 3 3 2 2 2 7 4 4 2 2 1 3 3 3 5 5 2 2 1 0 0 1 0 0 0 0 0 0 0 0 0 0 0 0 1 1 1 0 0 0 0 0 0 0 0 0
 1 1 1 7 7 0 1 1 4 4 3 3 3 5 4 4 5 5 7 9 9 0 0 0 0 0 0 0 0 0 0 0 0 0 0 0 0 0 0 0 0 0 0 0 0 0
 1 1 1 7 7 0 1 1 4 4 3 3 3 5 4 4 5 5 7 9 9 0 0 0 0 0 0 0 0 0 0 0 0 0 0 0 0 0 0 0 0 0 0 0 0 0
 0 0 0 0 0 0 0 0 2 2 3 13 13 8 8 8 15 15 3 5 5 2 0 0 2 2 2 0 0 0 0 0 0 0 0 0 0 0 0 0 0 0 0 0 0 0
 0 0 0 0 0 0 0 0 2 2 3 13 13 8 8 8 15 15 3 5 5 2 0 0 2 2 2 0 0 0 0 0 0 0 0 0 0 0 0 0 0 0 0 0 0 0
 0 0 0 0 0 1 0 0 1 1 3 12 12 7 33 33 5 5 4 2 2 1 1 1 0 0 0 0 0 0 0 0 0 0 0 0 0 0 0 0 0 0 0 0 0 0
 0 0 0 0 0 0 0 0 0 0 2 1 1 4 5 5 7 7 4 2 2 2 1 1 0 0 0 0 0 0 0 0 0 0 0 0 0 0 0 0 0 0 0 0 0 0
 0 0 0 0 0 0 0 0 0 0 2 1 1 4 5 5 7 7 4 2 2 2 1 1 0 0 0 0 0 0 0 0 0 0 0 0 0 0 0 0 0 0 0 0 0 0
 0 0 0 0 0 1 0 0 0 0 1 1 1 1 1 1 3 3 5 5 5 3 2 2 1 1 0 0 0 0 0 0 0 0 0 0 0 0 6 6 0 0 0 0 0 0
 0 0 0 0 0 1 2 2 1 1 1 0 0 1 1 1 9 9 13 14 14 15 2 2 1 1 0 0 0 0 0 0 0 0 0 1 1 0 6 6 6 6 0 5 5 3
 0 0 0 0 0 1 2 2 1 1 1 0 0 1 1 1 9 9 13 14 14 15 2 2 1 1 0 0 0 0 0 0 0 0 0 1 1 0 6 6 6 6 0 5 5 3
 0 0 0 0 0 0 0 0 1 1 1 0 0 0 1 1 14 14 15 13 13 15 3 3 1 1 0 1 1 1 1 1 0 0 0 1 1 0 4 4 0 0 0 8 8 3
 0 0 0 0 0 0 0 0 1 1 1 0 0 0 1 1 14 14 15 13 13 15 3 3 1 1 0 1 1 1 1 1 0 0 0 1 1 0 4 4 0 0 0 8 8 3
 0 0 4 0 0 0 0 0 0 0 0 0 0 0 0 0 1 1 6 6 6 9 4 4 3 3 0 1 1 2 1 1 2 2 2 1 1 1 0 0 0 0 0 2 2 0
 1 1 0 0 0 2 0 0 0 0 0 0 0 0 0 0 0 0 7 5 5 10 23 23 3 3 1 2 2 4 8 8 5 5 2 1 1 3 1 1 1 1 1 11 11 2
 1 1 0 0 0 2 0 0 0 0 0 0 0 0 0 0 0 0 7 5 5 10 23 23 3 3 1 2 2 4 8 8 5 5 2 1 1 3 1 1 1 1 1 11 11 2
 1 1 1 0 0 2 0 0 0 0 0 0 0 0 0 0 0 0 0 4 4 5 10 10 7 7 6 7 7 6 6 6 4 4 7 4 4 3 2 2 2 2 3 2 2 0
 1 1 1 1 1 4 0 0 0 0 0 0 0 0 0 0 1 1 1 1 1 2 3 3 9 9 6 6 6 4 7 7 8 8 8 11 11 2 1 1 0 0 1 2 2 0
 1 1 1 1 1 4 0 0 0 0 0 0 0 0 0 0 1 1 1 1 1 2 3 3 9 9 6 6 6 4 7 7 8 8 8 11 11 2 1 1 0 0 1 2 2 0
 1 1 1 1 1 1 0 0 0 0 0 0 0 6 0 0 1 1 1 1 1 1 12 12 6 6 5 4 4 4 8 8 8 8 20 13 13 0 0 0 0 0 1 1 1 0
 1 1 1 1 1 1 0 0 0 0 0 0 0 6 0 0 1 1 1 1 1 1 12 12 6 6 5 4 4 4 8 8 8 8 20 13 13 0 0 0 0 0 1 1 1 0
 1 1 2 2 2 2 1 1 0 0 0 0 0 0 1 1 1 1 1 2 2 1 3 3 3 3 5 5 5 6 11 11 7 7 21 9 9 1 0 0 0 0 0 0 0 0
 1 1 2 6 6 2 10 10 9 9 0 0 0 0 0 0 1 1 1 2 2 1 1 1 2 2 4 7 7 7 6 6 8 8 12 10 10 6 2 2 1 1 0 0 0 0
 1 1 2 6 6 2 10 10 9 9 0 0 0 0 0 0 1 1 1 2 2 1 1 1 2 2 4 7 7 7 6 6 8 8 12 10 10 6 2 2 1 1 0 0 0 0
 2 2 7 6 6 9 11 11 9 9 1 0 0 0 0 0 0 0 0 1 1 1 1 1 3 3 4 9 9 6 4 4 7 7 6 6 6 5 3 3 2 2 0 0 0 0
 2 2 9 12 12 92 91 91 24 24 1 1 1 0 0 0 0 0 0 0 0 1 1 1 1 1 5 11 11 5 6 6 3 3 5 6 6 2 3 3 1 1 0 0 0 0
 2 2 9 12 12 92 91 91 24 24 1 1 1 0 0 0 0 0 0 0 0 1 1 1 1 1 5 11 11 5 6 6 3 3 5 6 6 2 3 3 1 1 0 0 0 0
 7 7 13 11 11 100 100 100 22 22 22 1 1 1 1 1 0 0 0 1 1 1 1 1 1 1 4 10 10 8 4 4 6 6 5 6 6 4 2 2 1 1 0 0 0 0
 7 7 13 11 11 100 100 100 22 22 22 1 1 1 1 1 0 0 0 1 1 1 1 1 1 1 4 10 10 8 4 4 6 6 5 6 6 4 2 2 1 1 0 0 0 0
 8 8 9 19 19 103 102 102 22 22 22 1 1 2 2 2 2 2 1 1 1 3 2 2 2 2 2 7 7 2 2 2 4 4 12 6 6 6 4 4 0 0 1 0 0 0
 13 13 10 20 20 27 122 122 2 2 1 2 2 5 3 3 4 4 2 3 3 5 5 5 3 3 6 4 4 5 6 6 4 4 11 6 6 2 5 5 2 2 0 0 0 0
 13 13 10 20 20 27 122 122 2 2 1 2 2 5 3 3 4 4 2 3 3 5 5 5 3 3 6 4 4 5 6 6 4 4 11 6 6 2 5 5 2 2 0 0 0 0
 11 11 11 28 28 35 128 128 39 39 2 2 2 4 2 2 2 2 3 6 6 5 5 5 3 3 6 4 4 2 3 3 3 3 2 3 3 2 1 1 0 0 0 0 0 0
 4 4 11 27 27 31 41 41 41 41 4 3 3 2 3 3 2 2 4 6 6 6 3 3 3 3 1 12 12 2 1 1 1 1 1 1 1 0 0 0 0 0 0 0 0 0
 4 4 11 27 27 31 41 41 41 41 4 3 3 2 3 3 2 2 4 6 6 6 3 3 3 3 1 12 12 2 1 1 1 1 1 1 1 0 0 0 0 0 0 0 0 0
 1 1 7 25 25 27 40 40 16 16 3 5 5 12 25 25 10 10 3 3 3 4 3 3 1 1 1 11 11 9 16 16 1 1 1 3 3 0 0 0 0 0 0 0 0 0
 1 1 7 25 25 27 40 40 16 16 3 5 5 12 25 25 10 10 3 3 3 4 3 3 1 1 1 11 11 9 16 16 1 1 1 3 3 0 0 0 0 0 0 0 0 0
 1 1 1 1 1 6 14 14 21 21 5 12 12 11 27 27 11 11 2 1 1 1 1 1 1 1 1 20 20 22 6 6 6 6 2 3 3 0 0 0 0 0 0 0 0 0
 1 1 1 1 1 2 2 2 11 11 17 24 24 19 13 13 4 4 2 2 2 1 0 0 6 6 7 1 1 2 11 11 1 1 4 0 0 0 0 0 0 0 0 0 0 0
 1 1 1 1 1 2 2 2 11 11 17 24 24 19 13 13 4 4 2 2 2 1 0 0 6 6 7 1 1 2 11 11 1 1 4 0 0 0 0 0 0 0 0 0 0 0
 1 1 1 1 1 2 8 8 10 10 16 23 23 19 10 10 5 5 3 2 2 1 1 1 1 1 1 1 1 7 8 8 4 4 6 3 3 0 0 0 0 0 0 0 0 0
 1 1 1 1 1 1 8 8 10 10 16 23 23 23 20 20 16 16 11 5 5 2 2 2 0 0 1 1 1 2 2 2 3 3 2 1 1 0 0 0 0 0 0 0 0 0
 1 1 1 1 1 1 8 8 10 10 16 23 23 23 20 20 16 16 11 5 5 2 2 2 0 0 1 1 1 2 2 2 3 3 2 1 1 0 0 0 0 0 0 0 0 0
 1 1 0 1 1 1 3 3 18 18 19 26 26 28 25 25 18 18 11 6 6 4 2 2 1 1 1 1 1 1 2 2 0 0 3 1 1 1 0 0 0 0 0 0 0 0
 1 1 0 1 1 1 3 3 18 18 19 26 26 28 25 25 18 18 11 6 6 4 2 2 1 1 1 1 1 1 2 2 0 0 3 1 1 1 0 0 0 0 0 0 0 0
 1 1 1 1 1 5 6 6 17 17 21 28 28 33 40 40 22 22 21 7 7 8 5 5 2 2 1 1 1 1 0 0 0 0 1 1 1 1 1 1 1 1 0 0 0 0
 1 1 1 1 1 5 7 7 17 17 21 29 29 39 49 49 48 48 32 21 21 6 3 3 3 3 1 1 1 1 0 0 1 1 0 0 0 1 1 1 1 1 1 0 0 0
 1 1 1 1 1 5 7 7 17 17 21 29 29 39 49 49 48 48 32 21 21 6 3 3 3 3 1 1 1 1 0 0 1 1 0 0 0 1 1 1 1 1 1 0 0 0
 1 1 1 2 2 3 4 4 8 8 21 28 28 33 45 45 33 33 33 22 22 15 16 16 3 3 4 1 1 0 0 0 1 1 1 1 1 0 1 1 1 1 1 1 1 1
 1 1 1 2 2 3 3 3 7 7 19 21 21 36 42 42 33 33 31 31 31 24 27 27 24 24 1 1 1 0 0 0 0 0 0 0 0 0 0 0 0 0 0 0 0 0
