assets/RAT_results_old/precipitation/2018-10-08_IMERG.asc
ncols        46
nrows        77
xllcorner    74.800261325624
yllcorner    8.058333333333
cellsize     0.062500000000
NODATA_value -9999
 19 19 19 17 17 17 27 27 22 22 23 22 22 6 2 2 4 4 3 3 3 3 2 2 1 1 3 3 3 6 3 3 3 3 2 1 1 1 0 0 5 5 5 6 6 7
 19 19 20 15 15 14 16 16 18 18 15 23 23 12 10 10 11 11 9 8 8 8 5 5 5 5 7 6 6 11 8 8 6 6 4 2 2 2 1 1 1 1 5 5 5 2
 19 19 20 15 15 14 16 16 18 18 15 23 23 12 10 10 11 11 9 8 8 8 5 5 5 5 7 6 6 11 8 8 6 6 4 2 2 2 1 1 1 1 5 5 5 2
 18 18 18 13 13 12 15 15 10 10 9 18 18 16 14 14 14 14 16 9 9 14 17 17 16 16 10 9 9 13 13 13 12 12 9 11 11 12 11 11 1 1 6 2 2 2
 17 17 20 17 17 9 13 13 17 17 22 19 19 16 13 13 13 13 18 15 15 18 20 20 19 19 19 19 19 13 15 15 17 17 14 15 15 14 15 15 6 6 7 2 2 2
 17 17 20 17 17 9 13 13 17 17 22 19 19 16 13 13 13 13 18 15 15 18 20 20 19 19 19 19 19 13 15 15 17 17 14 15 15 14 15 15 6 6 7 2 2 2
 17 17 18 18 18 14 13 13 20 20 45 22 22 16 11 11 13 13 15 15 15 23 22 22 23 23 19 20 20 14 15 15 18 18 18 21 21 19 16 16 20 20 18 6 6 5
 17 17 18 18 18 14 13 13 20 20 45 22 22 16 11 11 13 13 15 15 15 23 22 22 23 23 19 20 20 14 15 15 18 18 18 21 21 19 16 16 20 20 18 6 6 5
 15 15 13 26 26 28 10 10 13 13 21 16 16 19 12 12 11 11 14 14 14 19 23 23 30 30 27 20 20 19 17 17 17 17 18 13 13 13 22 22 22 22 18 7 7 6
 15 15 11 25 25 27 21 21 9 9 12 15 15 19 22 22 19 19 12 11 11 13 19 19 27 27 32 31 31 41 48 48 17 17 17 16 16 16 13 13 21 21 34 35 35 7
 15 15 11 25 25 27 21 21 9 9 12 15 15 19 22 22 19 19 12 11 11 13 19 19 27 27 32 31 31 41 48 48 17 17 17 16 16 16 13 13 21 21 34 35 35 7
 14 14 9 18 18 24 21 21 8 8 13 10 10 42 21 21 12 12 12 10 10 14 9 9 21 21 20 32 32 41 47 47 16 16 15 14 14 13 14 14 21 21 33 35 35 13
 16 16 8 14 14 14 27 27 13 13 10 5 5 14 19 19 20 20 11 16 16 14 12 12 11 11 13 13 13 12 15 15 15 15 16 15 15 18 20 20 15 15 28 26 26 15
 16 16 8 14 14 14 27 27 13 13 10 5 5 14 19 19 20 20 11 16 16 14 12 12 11 11 13 13 13 12 15 15 15 15 16 15 15 18 20 20 15 15 28 26 26 15
 18 18 17 18 18 14 28 28 27 27 24 9 9 9 14 14 9 9 11 15 15 15 12 12 15 15 18 16 16 15 16 16 16 16 24 22 22 22 23 23 21 21 10 12 12 17
 18 18 17 18 18 14 28 28 27 27 24 9 9 9 14 14 9 9 11 15 15 15 12 12 15 15 18 16 16 15 16 16 16 16 24 22 22 22 23 23 21 21 10 12 12 17
 23 23 21 21 21 13 34 34 32 32 26 15 15 21 16 16 13 13 16 17 17 13 15 15 25 25 23 19 19 18 16 16 18 18 24 24 24 25 25 25 23 23 17 17 17 15
 23 23 21 18 18 13 85 85 84 84 102 15 15 18 4 4 15 15 30 19 19 14 14 14 15 15 18 21 21 22 20 20 24 24 27 23 23 29 31 31 27 27 26 25 25 20
 23 23 21 18 18 13 85 85 84 84 102 15 15 18 4 4 15 15 30 19 19 14 14 14 15 15 18 21 21 22 20 20 24 24 27 23 23 29 31 31 27 27 26 25 25 20
 18 18 26 24 24 19 89 89 87 87 37 32 32 32 17 17 13 13 15 17 17 14 12 12 13 13 15 21 21 33 28 28 22 22 21 25 25 25 30 30 29 29 27 21 21 16
 17 17 15 20 20 17 22 22 17 17 41 35 35 33 19 19 20 20 14 9 9 11 17 17 13 13 17 18 18 42 30 30 24 24 22 28 28 24 22 22 24 24 22 21 21 24
 17 17 15 20 20 17 22 22 17 17 41 35 35 33 19 19 20 20 14 9 9 11 17 17 13 13 17 18 18 42 30 30 24 24 22 28 28 24 22 22 24 24 22 21 21 24
 12 12 11 12 12 19 20 20 19 19 8 26 26 29 22 22 22 22 24 28 28 28 20 20 17 17 11 19 19 49 28 28 24 24 26 33 33 18 15 15 19 19 23 22 22 26
 12 12 11 12 12 19 20 20 19 19 8 26 26 29 22 22 22 22 24 28 28 28 20 20 17 17 11 19 19 49 28 28 24 24 26 33 33 18 15 15 19 19 23 22 22 26
 13 13 11 11 11 25 26 26 25 25 10 15 15 31 30 30 36 36 23 27 27 34 22 22 20 20 13 14 14 15 25 25 20 20 35 34 34 59 47 47 23 23 27 24 24 24
 10 10 4 7 7 15 23 23 17 17 26 18 18 40 34 34 18 18 17 20 20 29 23 23 27 27 11 11 11 11 11 11 16 16 29 41 41 38 36 36 29 29 31 28 28 26
 10 10 4 7 7 15 23 23 17 17 26 18 18 40 34 34 18 18 17 20 20 29 23 23 27 27 11 11 11 11 11 11 16 16 29 41 41 38 36 36 29 29 31 28 28 26
 10 10 8 14 14 14 12 12 13 13 9 10 10 14 10 10 20 20 21 25 25 24 23 23 48 48 16 12 12 10 6 6 6 6 11 23 23 33 26 26 28 28 40 29 29 48
 25 25 7 10 10 6 12 12 14 14 5 8 8 11 10 10 15 15 18 15 15 20 20 20 29 29 21 18 18 12 12 12 10 10 7 7 7 18 24 24 27 27 44 36 36 31
 25 25 7 10 10 6 12 12 14 14 5 8 8 11 10 10 15 15 18 15 15 20 20 20 29 29 21 18 18 12 12 12 10 10 7 7 7 18 24 24 27 27 44 36 36 31
 14 14 21 6 6 4 3 3 5 5 6 7 7 13 11 11 16 16 20 20 20 19 16 16 18 18 17 13 13 18 40 40 8 8 6 6 6 15 20 20 23 23 33 30 30 55
 14 14 21 6 6 4 3 3 5 5 6 7 7 13 11 11 16 16 20 20 20 19 16 16 18 18 17 13 13 18 40 40 8 8 6 6 6 15 20 20 23 23 33 30 30 55
 5 5 21 27 27 17 7 7 6 6 9 7 7 10 13 13 17 17 18 18 18 17 12 12 12 12 10 14 14 19 14 14 7 7 6 6 6 18 19 19 18 18 14 16 16 82
 10 10 12 16 16 25 11 11 7 7 10 5 5 11 8 8 8 8 13 9 9 7 9 9 8 8 7 11 11 10 18 18 5 5 4 5 5 11 17 17 20 20 19 62 62 18
 10 10 12 16 16 25 11 11 7 7 10 5 5 11 8 8 8 8 13 9 9 7 9 9 8 8 7 11 11 10 18 18 5 5 4 5 5 11 17 17 20 20 19 62 62 18
 17 17 34 12 12 29 16 16 27 27 14 13 13 14 10 10 8 8 10 18 18 14 12 12 13 13 8 10 10 11 16 16 3 3 3 5 5 12 17 17 19 19 21 28 28 15
 28 28 26 22 22 26 41 41 26 26 31 12 12 11 11 11 11 11 9 19 19 14 25 25 24 24 13 13 13 6 5 5 4 4 4 8 8 8 19 19 19 19 20 24 24 14
 28 28 26 22 22 26 41 41 26 26 31 12 12 11 11 11 11 11 9 19 19 14 25 25 24 24 13 13 13 6 5 5 4 4 4 8 8 8 19 19 19 19 20 24 24 14
 60 60 40 24 24 22 19 19 20 20 19 15 15 13 12 12 13 13 12 26 26 29 26 26 27 27 23 17 17 19 10 10 17 17 4 7 7 6 19 19 17 17 32 35 35 28
 60 60 40 24 24 22 19 19 20 20 19 15 15 13 12 12 13 13 12 26 26 29 26 26 27 27 23 17 17 19 10 10 17 17 4 7 7 6 19 19 17 17 32 35 35 28
 63 63 35 31 31 30 30 30 32 32 21 18 18 13 12 12 11 11 15 27 27 16 37 37 24 24 26 22 22 47 19 19 23 23 15 6 6 7 9 9 27 27 28 29 29 22
 53 53 38 34 34 33 35 35 27 27 15 19 19 15 14 14 12 12 18 22 22 16 42 42 27 27 25 31 31 31 33 33 22 22 49 13 13 7 10 10 17 17 20 21 21 21
 53 53 38 34 34 33 35 35 27 27 15 19 19 15 14 14 12 12 18 22 22 16 42 42 27 27 25 31 31 31 33 33 22 22 49 13 13 7 10 10 17 17 20 21 21 21
 19 19 15 25 25 36 43 43 37 37 24 13 13 16 14 14 12 12 13 7 7 21 23 23 22 22 26 76 76 38 27 27 35 35 19 15 15 14 10 10 17 17 20 9 9 8
 19 19 21 41 41 37 58 58 46 46 35 18 18 17 18 18 13 13 14 6 6 18 25 25 24 24 49 49 49 82 62 62 40 40 31 11 11 13 8 8 10 10 10 8 8 9
 19 19 21 41 41 37 58 58 46 46 35 18 18 17 18 18 13 13 14 6 6 18 25 25 24 24 49 49 49 82 62 62 40 40 31 11 11 13 8 8 10 10 10 8 8 9
 22 22 24 52 52 79 66 66 66 66 64 23 23 34 16 16 7 7 12 5 5 16 25 25 24 24 16 27 27 21 27 27 15 15 8 10 10 12 16 16 18 18 17 8 8 6
 22 22 24 52 52 79 66 66 66 66 64 23 23 34 16 16 7 7 12 5 5 16 25 25 24 24 16 27 27 21 27 27 15 15 8 10 10 12 16 16 18 18 17 8 8 6
 12 12 16 31 31 56 62 62 49 49 50 41 41 24 34 34 6 6 3 1 1 16 11 11 22 22 20 27 27 24 64 64 12 12 13 11 11 13 21 21 23 23 18 11 11 6
 16 16 8 13 13 29 24 24 27 27 28 20 20 14 14 14 8 8 5 4 4 10 10 10 25 25 59 24 24 60 21 21 16 16 14 13 13 16 20 20 20 20 21 23 23 18
 16 16 8 13 13 29 24 24 27 27 28 20 20 14 14 14 8 8 5 4 4 10 10 10 25 25 59 24 24 60 21 21 16 16 14 13 13 16 20 20 20 20 21 23 23 18
 13 13 9 17 17 22 15 15 18 18 20 20 20 21 7 7 4 4 4 5 5 2 9 9 13 13 36 22 22 43 28 28 24 24 16 12 12 15 22 22 15 15 21 15 15 19
 14 14 11 11 11 9 10 10 11 11 15 20 20 17 19 19 16 16 8 5 5 2 10 10 12 12 15 16 16 40 60 60 17 17 12 36 36 11 13 13 8 8 9 11 11 16
 14 14 11 11 11 9 10 10 11 11 15 20 20 17 19 19 16 16 8 5 5 2 10 10 12 12 15 16 16 40 60 60 17 17 12 36 36 11 13 13 8 8 9 11 11 16
 13 13 11 10 10 15 11 11 11 11 17 19 19 20 20 20 18 18 12 12 12 15 16 16 13 13 15 17 17 49 37 37 20 20 19 6 6 8 4 4 6 6 13 9 9 17
 13 13 11 10 10 15 11 11 11 11 17 19 19 20 20 20 18 18 12 12 12 15 16 16 13 13 15 17 17 49 37 37 20 20 19 6 6 8 4 4 6 6 13 9 9 17
 19 19 18 20 20 16 12 12 14 14 26 16 16 24 30 30 25 25 29 18 18 16 15 15 17 17 14 37 37 41 13 13 21 21 18 6 6 7 3 3 4 4 3 5 5 6
 23 23 24 22 22 21 25 25 28 28 30 18 18 33 31 31 28 28 29 25 25 16 17 17 15 15 28 33 33 74 20 20 16 16 11 6 6 7 20 20 7 7 4 3 3 7
 23 23 24 22 22 21 25 25 28 28 30 18 18 33 31 31 28 28 29 25 25 16 17 17 15 15 28 33 33 74 20 20 16 16 11 6 6 7 20 20 7 7 4 3 3 7
 40 40 39 30 30 29 32 32 32 32 36 32 32 34 24 24 27 27 35 38 38 39 27 27 25 25 28 30 30 33 66 66 39 39 15 6 6 8 7 7 12 12 12 7 7 8
 43 43 50 36 36 35 36 36 39 39 39 27 27 35 34 34 38 38 41 49 49 42 32 32 119 119 117 129 129 29 38 38 80 80 22 14 14 12 11 11 13 13 10 7 7 10
 43 43 50 36 36 35 36 36 39 39 39 27 27 35 34 34 38 38 41 49 49 42 32 32 119 119 117 129 129 29 38 38 80 80 22 14 14 12 11 11 13 13 10 7 7 10
 45 45 57 42 42 37 40 40 39 39 43 33 33 37 32 32 40 40 70 64 64 63 61 61 130 130 129 131 131 50 50 50 21 21 27 17 17 13 12 12 10 10 10 5 5 8
 45 45 57 42 42 37 40 40 39 39 43 33 33 37 32 32 40 40 70 64 64 63 61 61 130 130 129 131 131 50 50 50 21 21 27 17 17 13 12 12 10 10 10 5 5 8
 43 43 60 39 39 37 41 41 40 40 38 33 33 32 29 29 48 48 70 66 66 68 62 62 55 55 34 88 88 71 42 42 49 49 35 20 20 19 13 13 16 16 10 12 12 12
 54 54 46 38 38 39 38 38 47 47 36 35 35 30 28 28 42 42 63 66 66 65 69 69 57 57 50 54 54 52 105 105 27 27 24 18 18 29 16 16 15 15 16 10 10 10
 54 54 46 38 38 39 38 38 47 47 36 35 35 30 28 28 42 42 63 66 66 65 69 69 57 57 50 54 54 52 105 105 27 27 24 18 18 29 16 16 15 15 16 10 10 10
 37 37 30 34 34 39 53 53 44 44 37 27 27 26 29 29 47 47 49 53 53 57 69 69 67 67 55 52 52 60 61 61 34 34 23 20 20 19 16 16 14 14 11 10 10 5
 27 27 32 30 30 42 36 36 29 29 24 22 22 22 27 27 42 42 46 51 51 54 61 61 59 59 54 47 47 35 37 37 37 37 22 14 14 19 19 19 16 16 12 12 12 6
 27 27 32 30 30 42 36 36 29 29 24 22 22 22 27 27 42 42 46 51 51 54 61 61 59 59 54 47 47 35 37 37 37 37 22 14 14 19 19 19 16 16 12 12 12 6
 34 34 37 39 39 36 32 32 25 25 22 23 23 26 34 34 37 37 40 45 45 47 54 54 57 57 50 44 44 48 40 40 41 41 37 27 27 20 16 16 16 16 14 11 11 8
 34 34 37 39 39 36 32 32 25 25 22 23 23 26 34 34 37 37 40 45 45 47 54 54 57 57 50 44 44 48 40 40 41 41 37 27 27 20 16 16 16 16 14 11 11 8
 31 31 33 26 26 26 25 25 22 22 20 21 21 26 26 26 28 28 31 35 35 37 39 39 40 40 42 38 38 39 35 35 38 38 41 45 45 18 15 15 16 16 12 11 11 10
 27 27 31 28 28 26 23 23 25 25 22 21 21 22 21 21 23 23 26 29 29 30 32 32 32 32 30 29 29 27 25 25 26 26 22 24 24 27 16 16 15 15 12 9 9 7
 27 27 31 28 28 26 23 23 25 25 22 21 21 22 21 21 23 23 26 29 29 30 32 32 32 32 30 29 29 27 25 25 26 26 22 24 24 27 16 16 15 15 12 9 9 7
 33 33 29 30 30 26 28 28 26 26 23 21 21 19 19 19 18 18 19 19 19 19 18 18 18 18 17 18 18 19 20 20 20 20 21 24 24 21 12 12 11 11 10 10 10 7
 33 33 34 29 29 32 32 32 29 29 25 22 22 19 18 18 23 23 28 30 30 34 39 39 40 40 35 32 32 30 25 25 22 22 20 19 19 20 19 19 10 10 9 6 6 6
