assets/RAT_results_old/precipitation/2018-05-27_IMERG.asc
ncols        46
nrows        77
xllcorner    74.800261325624
yllcorner    8.058333333333
cellsize     0.062500000000
NODATA_value -9999
 94 94 80 67 67 61 50 50 41 41 37 26 26 21 17 17 18 18 17 14 14 13 9 9 9 9 6 3 3 1 1 1 6 6 5 3 3 2 1 1 0 0 0 0 0 0
 62 62 60 61 61 54 52 52 48 48 46 30 30 22 16 16 16 16 14 12 12 17 9 9 7 7 4 2 2 1 1 1 10 10 3 2 2 1 0 0 0 0 0 0 0 0
 62 62 60 61 61 54 52 52 48 48 46 30 30 22 16 16 16 16 14 12 12 17 9 9 7 7 4 2 2 1 1 1 10 10 3 2 2 1 0 0 0 0 0 0 0 0
 45 45 54 59 59 54 62 62 60 60 68 56 56 22 16 16 13 13 24 19 19 17 10 10 6 6 5 12 12 11 9 9 9 9 1 0 0 0 0 0 0 0 0 0 0 0
 46 46 55 46 46 53 72 72 70 70 58 54 54 28 24 24 20 20 18 14 14 11 11 11 8 8 7 14 14 12 9 9 3 3 1 0 0 0 0 0 0 0 0 0 0 0
 46 46 55 46 46 53 72 72 70 70 58 54 54 28 24 24 20 20 18 14 14 11 11 11 8 8 7 14 14 12 9 9 3 3 1 0 0 0 0 0 0 0 0 0 0 0
 72 72 61 51 51 56 84 84 87 87 63 59 59 30 25 25 20 20 15 13 13 12 12 12 10 10 7 5 5 5 3 3 3 3 0 0 0 0 0 0 1 1 2 1 1 1
 72 72 61 51 51 56 84 84 87 87 63 59 59 30 25 25 20 20 15 13 13 12 12 12 10 10 7 5 5 5 3 3 3 3 0 0 0 0 0 0 1 1 2 1 1 1
 80 80 50 54 54 84 76 76 88 88 46 62 62 28 29 29 19 19 11 9 9 10 9 9 9 9 8 5 5 2 0 0 0 0 0 0 0 0 0 0 2 2 2 1 1 1
 73 73 51 50 50 49 48 48 50 50 76 43 43 33 28 28 31 31 14 8 8 7 6 6 5 5 4 2 2 1 0 0 0 0 0 0 0 0 0 0 1 1 1 1 1 1
 73 73 51 50 50 49 48 48 50 50 76 43 43 33 28 28 31 31 14 8 8 7 6 6 5 5 4 2 2 1 0 0 0 0 0 0 0 0 0 0 1 1 1 1 1 1
 28 28 25 46 46 38 39 39 34 34 77 78 78 67 41 41 22 22 15 9 9 5 5 5 4 4 2 1 1 0 1 1 1 1 1 0 0 0 1 1 1 1 0 1 1 3
 33 33 20 27 27 27 25 25 27 27 60 65 65 65 26 26 26 26 25 15 15 11 4 4 5 5 2 1 1 1 2 2 1 1 1 0 0 0 0 0 0 0 0 1 1 2
 33 33 20 27 27 27 25 25 27 27 60 65 65 65 26 26 26 26 25 15 15 11 4 4 5 5 2 1 1 1 2 2 1 1 1 0 0 0 0 0 0 0 0 1 1 2
 21 21 15 13 13 31 30 30 29 29 47 36 36 37 26 26 27 27 24 18 18 12 5 5 5 5 2 2 2 2 2 2 1 1 1 0 0 0 0 0 0 0 0 0 0 1
 21 21 15 13 13 31 30 30 29 29 47 36 36 37 26 26 27 27 24 18 18 12 5 5 5 5 2 2 2 2 2 2 1 1 1 0 0 0 0 0 0 0 0 0 0 1
 45 45 11 10 10 26 31 31 34 34 50 23 23 25 24 24 14 14 22 23 23 7 5 5 4 4 1 1 1 1 2 2 1 1 1 0 0 0 0 0 0 0 0 0 0 0
 51 51 13 11 11 19 24 24 32 32 30 22 22 22 21 21 14 14 16 15 15 5 1 1 1 1 0 1 1 1 2 2 1 1 1 0 0 0 0 0 0 0 0 0 0 0
 51 51 13 11 11 19 24 24 32 32 30 22 22 22 21 21 14 14 16 15 15 5 1 1 1 1 0 1 1 1 2 2 1 1 1 0 0 0 0 0 0 0 0 0 0 0
 27 27 31 11 11 19 19 19 26 26 27 21 21 19 23 23 13 13 13 11 11 4 1 1 1 1 0 0 0 1 1 1 2 2 0 0 0 0 0 0 0 0 0 0 0 0
 36 36 35 13 13 11 25 25 26 26 29 22 22 15 18 18 16 16 11 5 5 2 1 1 1 1 0 0 0 0 2 2 1 1 0 0 0 0 0 0 0 0 0 0 0 0
 36 36 35 13 13 11 25 25 26 26 29 22 22 15 18 18 16 16 11 5 5 2 1 1 1 1 0 0 0 0 2 2 1 1 0 0 0 0 0 0 0 0 0 0 0 0
 61 61 42 18 18 21 23 23 24 24 22 23 23 18 16 16 17 17 14 7 7 4 2 2 1 1 2 1 1 1 0 0 1 1 0 0 0 0 0 0 0 0 0 0 0 0
 61 61 42 18 18 21 23 23 24 24 22 23 23 18 16 16 17 17 14 7 7 4 2 2 1 1 2 1 1 1 0 0 1 1 0 0 0 0 0 0 0 0 0 0 0 0
 96 96 42 24 24 18 26 26 18 18 22 18 18 18 16 16 21 21 19 11 11 11 5 5 4 4 3 1 1 1 0 0 0 0 0 0 0 0 0 0 0 0 0 0 0 0
 79 79 23 25 25 26 24 24 17 17 20 17 17 21 17 17 18 18 18 27 27 23 13 13 6 6 6 4 4 3 1 1 2 2 0 0 0 0 0 0 0 0 0 0 0 0
 79 79 23 25 25 26 24 24 17 17 20 17 17 21 17 17 18 18 18 27 27 23 13 13 6 6 6 4 4 3 1 1 2 2 0 0 0 0 0 0 0 0 0 0 0 0
 100 100 33 29 29 22 22 22 22 22 25 19 19 24 20 20 17 17 16 14 14 26 64 64 65 65 60 21 21 16 4 4 2 2 0 0 0 0 0 0 0 0 0 0 0 0
 37 37 48 25 25 22 19 19 43 43 75 80 80 19 19 19 15 15 13 11 11 34 62 62 62 62 96 87 87 55 15 15 23 23 1 1 1 0 0 0 0 0 0 0 0 1
 37 37 48 25 25 22 19 19 43 43 75 80 80 19 19 19 15 15 13 11 11 34 62 62 62 62 96 87 87 55 15 15 23 23 1 1 1 0 0 0 0 0 0 0 0 1
 61 61 14 25 25 22 25 25 28 28 26 26 26 14 15 15 15 15 11 11 11 12 11 11 60 60 104 79 79 62 61 61 18 18 1 1 1 1 0 0 0 0 0 0 0 1
 61 61 14 25 25 22 25 25 28 28 26 26 26 14 15 15 15 15 11 11 11 12 11 11 60 60 104 79 79 62 61 61 18 18 1 1 1 1 0 0 0 0 0 0 0 1
 32 32 145 38 38 24 26 26 30 30 25 25 25 14 13 13 17 17 12 10 10 12 11 11 37 37 40 29 29 53 58 58 18 18 2 1 1 0 0 0 0 0 1 2 2 1
 45 45 142 84 84 27 26 26 29 29 16 25 25 12 11 11 13 13 11 12 12 17 27 27 36 36 36 27 27 57 26 26 16 16 8 7 7 4 0 0 0 0 3 2 2 2
 45 45 142 84 84 27 26 26 29 29 16 25 25 12 11 11 13 13 11 12 12 17 27 27 36 36 36 27 27 57 26 26 16 16 8 7 7 4 0 0 0 0 3 2 2 2
 78 78 146 29 29 20 31 31 20 20 20 17 17 10 8 8 11 11 11 12 12 20 78 78 107 107 74 30 30 19 19 19 16 16 16 13 13 17 1 1 3 3 4 3 3 1
 17 17 22 14 14 19 22 22 12 12 16 9 9 8 8 8 8 8 12 18 18 18 80 80 41 41 75 54 54 18 18 18 14 14 10 4 4 7 4 4 5 5 4 1 1 0
 17 17 22 14 14 19 22 22 12 12 16 9 9 8 8 8 8 8 12 18 18 18 80 80 41 41 75 54 54 18 18 18 14 14 10 4 4 7 4 4 5 5 4 1 1 0
 28 28 21 21 21 16 21 21 18 18 15 9 9 8 8 8 11 11 13 13 13 17 30 30 35 35 59 35 35 37 22 22 10 10 10 9 9 11 6 6 7 7 1 0 0 0
 28 28 21 21 21 16 21 21 18 18 15 9 9 8 8 8 11 11 13 13 13 17 30 30 35 35 59 35 35 37 22 22 10 10 10 9 9 11 6 6 7 7 1 0 0 0
 33 33 22 26 26 16 21 21 19 19 15 8 8 8 9 9 13 13 14 14 14 15 13 13 15 15 27 26 26 11 11 11 13 13 21 9 9 12 10 10 9 9 7 4 4 0
 33 33 39 27 27 23 23 23 12 12 13 8 8 8 9 9 14 14 16 13 13 13 12 12 14 14 19 10 10 7 5 5 6 6 9 10 10 8 9 9 9 9 8 5 5 1
 33 33 39 27 27 23 23 23 12 12 13 8 8 8 9 9 14 14 16 13 13 13 12 12 14 14 19 10 10 7 5 5 6 6 9 10 10 8 9 9 9 9 8 5 5 1
 27 27 24 28 28 31 26 26 25 25 23 11 11 14 11 11 13 13 13 9 9 12 11 11 11 11 12 9 9 7 15 15 5 5 5 7 7 13 12 12 13 13 53 52 52 1
 26 26 30 32 32 29 26 26 26 26 18 11 11 22 16 16 15 15 12 9 9 10 10 10 7 7 12 8 8 5 9 9 6 6 3 5 5 8 5 5 11 11 7 2 2 0
 26 26 30 32 32 29 26 26 26 26 18 11 11 22 16 16 15 15 12 9 9 10 10 10 7 7 12 8 8 5 9 9 6 6 3 5 5 8 5 5 11 11 7 2 2 0
 30 30 32 35 35 42 38 38 32 32 29 55 55 17 19 19 7 7 14 7 7 6 6 6 8 8 8 7 7 7 6 6 2 2 1 4 4 5 4 4 4 4 2 2 2 0
 30 30 32 35 35 42 38 38 32 32 29 55 55 17 19 19 7 7 14 7 7 6 6 6 8 8 8 7 7 7 6 6 2 2 1 4 4 5 4 4 4 4 2 2 2 0
 31 31 31 38 38 29 37 37 53 53 57 55 55 21 21 21 13 13 12 9 9 5 5 5 9 9 9 8 8 7 5 5 2 2 1 3 3 2 1 1 1 1 1 1 1 0
 23 23 32 31 31 29 53 53 47 47 57 55 55 21 56 56 9 9 11 11 11 6 5 5 5 5 5 9 9 5 5 5 8 8 2 2 2 1 1 1 1 1 1 1 1 0
 23 23 32 31 31 29 53 53 47 47 57 55 55 21 56 56 9 9 11 11 11 6 5 5 5 5 5 9 9 5 5 5 8 8 2 2 2 1 1 1 1 1 1 1 1 0
 17 17 27 25 25 25 33 33 27 27 49 48 48 54 54 54 50 50 11 11 11 6 5 5 5 5 9 6 6 48 47 47 32 32 5 3 3 2 0 0 0 0 1 0 0 1
 11 11 16 25 25 27 37 37 29 29 50 25 25 15 14 14 11 11 8 7 7 6 7 7 9 9 11 9 9 7 12 12 8 8 9 3 3 5 3 3 0 0 0 0 0 1
 11 11 16 25 25 27 37 37 29 29 50 25 25 15 14 14 11 11 8 7 7 6 7 7 9 9 11 9 9 7 12 12 8 8 9 3 3 5 3 3 0 0 0 0 0 1
 12 12 26 23 23 28 42 42 36 36 25 26 26 12 13 13 8 8 5 6 6 8 18 18 17 17 12 11 11 15 14 14 11 11 11 13 13 1 0 0 0 0 0 1 1 3
 12 12 26 23 23 28 42 42 36 36 25 26 26 12 13 13 8 8 5 6 6 8 18 18 17 17 12 11 11 15 14 14 11 11 11 13 13 1 0 0 0 0 0 1 1 3
 11 11 15 18 18 20 19 19 30 30 24 14 14 12 8 8 7 7 7 7 7 10 13 13 31 31 29 10 10 14 15 15 14 14 17 31 31 6 0 0 0 0 1 3 3 5
 18 18 31 23 23 18 15 15 20 20 25 12 12 7 5 5 6 6 8 9 9 9 18 18 23 23 20 9 9 10 8 8 12 12 11 11 11 3 2 2 0 0 1 2 2 4
 18 18 31 23 23 18 15 15 20 20 25 12 12 7 5 5 6 6 8 9 9 9 18 18 23 23 20 9 9 10 8 8 12 12 11 11 11 3 2 2 0 0 1 2 2 4
 17 17 23 26 26 48 16 16 19 19 25 8 8 6 14 14 5 5 9 11 11 11 21 21 17 17 17 10 10 9 9 9 6 6 8 3 3 1 0 0 1 1 1 1 1 3
 54 54 72 27 27 21 18 18 21 21 13 41 41 24 19 19 5 5 11 10 10 26 24 24 15 15 10 10 10 3 6 6 3 3 0 0 0 0 1 1 1 1 3 1 1 1
 54 54 72 27 27 21 18 18 21 21 13 41 41 24 19 19 5 5 11 10 10 26 24 24 15 15 10 10 10 3 6 6 3 3 0 0 0 0 1 1 1 1 3 1 1 1
 65 65 41 26 26 21 10 10 19 19 15 59 59 52 19 19 7 7 10 10 10 17 19 19 16 16 16 8 8 4 9 9 6 6 10 0 0 7 2 2 1 1 2 2 2 1
 65 65 41 26 26 21 10 10 19 19 15 59 59 52 19 19 7 7 10 10 10 17 19 19 16 16 16 8 8 4 9 9 6 6 10 0 0 7 2 2 1 1 2 2 2 1
 22 22 18 23 23 16 11 11 19 19 25 17 17 5 7 7 7 7 13 9 9 11 9 9 11 11 7 9 9 4 8 8 2 2 2 4 4 7 3 3 3 3 2 2 2 1
 14 14 16 14 14 13 11 11 12 12 10 15 15 8 3 3 17 17 17 9 9 4 4 4 6 6 7 5 5 5 10 10 7 7 5 8 8 8 4 4 3 3 2 2 2 1
 14 14 16 14 14 13 11 11 12 12 10 15 15 8 3 3 17 17 17 9 9 4 4 4 6 6 7 5 5 5 10 10 7 7 5 8 8 8 4 4 3 3 2 2 2 1
 18 18 16 15 15 13 12 12 17 17 12 8 8 4 4 4 11 11 5 3 3 3 2 2 3 3 10 5 5 3 4 4 2 2 3 3 3 4 3 3 2 2 2 1 1 1
 16 16 16 17 17 12 12 12 11 11 9 17 17 6 10 10 7 7 4 5 5 7 8 8 3 3 3 2 2 2 3 3 2 2 4 7 7 8 6 6 3 3 2 2 2 1
 16 16 16 17 17 12 12 12 11 11 9 17 17 6 10 10 7 7 4 5 5 7 8 8 3 3 3 2 2 2 3 3 2 2 4 7 7 8 6 6 3 3 2 2 2 1
 16 16 15 14 14 12 11 11 10 10 8 6 6 5 3 3 2 2 3 5 5 5 9 9 6 6 2 1 1 3 2 2 1 1 4 7 7 9 4 4 1 1 0 0 0 1
 16 16 15 14 14 12 11 11 10 10 8 6 6 5 3 3 2 2 3 5 5 5 9 9 6 6 2 1 1 3 2 2 1 1 4 7 7 9 4 4 1 1 0 0 0 1
 14 14 14 11 11 9 8 8 9 9 8 6 6 4 5 5 12 12 2 4 4 5 8 8 8 8 10 2 2 3 3 3 1 1 2 4 4 3 3 3 3 3 1 0 0 0
 10 10 11 9 9 10 7 7 5 5 7 5 5 3 3 3 1 1 3 3 3 5 4 4 6 6 3 3 3 3 3 3 1 1 1 2 2 3 4 4 3 3 3 0 0 0
 10 10 11 9 9 10 7 7 5 5 7 5 5 3 3 3 1 1 3 3 3 5 4 4 6 6 3 3 3 3 3 3 1 1 1 2 2 3 4 4 3 3 3 0 0 0
 8 8 9 7 7 7 7 7 5 5 5 3 3 4 2 2 3 3 2 3 3 3 6 6 5 5 4 4 4 2 0 0 0 0 1 2 2 1 2 2 2 2 4 3 3 2
 9 9 8 8 8 6 7 7 6 6 7 4 4 5 3 3 3 3 4 3 3 4 4 4 4 4 4 3 3 0 0 0 0 0 1 1 1 1 1 1 0 0 1 0 0 0
