assets/RAT_results_old/precipitation/2019-06-13_IMERG.asc
ncols        46
nrows        77
xllcorner    74.800261325624
yllcorner    8.058333333333
cellsize     0.062500000000
NODATA_value -9999
 41 41 56 77 77 54 45 45 37 37 20 13 13 5 6 6 4 4 2 1 1 1 2 2 2 2 1 1 1 1 1 1 1 1 1 0 0 0 1 1 1 1 1 0 0 0
 32 32 40 49 49 30 28 28 14 14 3 5 5 4 4 4 6 6 3 1 1 1 0 0 1 1 0 0 0 1 1 1 1 1 0 0 0 0 1 1 1 1 1 0 0 0
 32 32 40 49 49 30 28 28 14 14 3 5 5 4 4 4 6 6 3 1 1 1 0 0 1 1 0 0 0 1 1 1 1 1 0 0 0 0 1 1 1 1 1 0 0 0
 27 27 30 76 76 15 10 10 9 9 5 3 3 2 4 4 5 5 2 1 1 2 0 0 0 0 1 1 1 1 1 1 0 0 0 0 0 0 1 1 1 1 0 1 1 1
 12 12 23 25 25 13 12 12 5 5 4 4 4 7 9 9 11 11 13 6 6 3 1 1 1 1 1 1 1 0 0 0 0 0 0 0 0 0 0 0 1 1 0 1 1 1
 12 12 23 25 25 13 12 12 5 5 4 4 4 7 9 9 11 11 13 6 6 3 1 1 1 1 1 1 1 0 0 0 0 0 0 0 0 0 0 0 1 1 0 1 1 1
 11 11 7 12 12 13 20 20 9 9 7 14 14 8 11 11 9 9 6 2 2 2 1 1 1 1 0 0 0 1 0 0 0 0 0 0 0 0 0 0 0 0 0 1 1 1
 11 11 7 12 12 13 20 20 9 9 7 14 14 8 11 11 9 9 6 2 2 2 1 1 1 1 0 0 0 1 0 0 0 0 0 0 0 0 0 0 0 0 0 1 1 1
 3 3 6 8 8 10 15 15 7 7 7 14 14 18 10 10 5 5 4 2 2 1 1 1 0 0 0 0 0 1 1 1 0 0 0 0 0 0 0 0 0 0 0 0 0 1
 2 2 1 5 5 6 7 7 11 11 12 13 13 11 9 9 6 6 4 2 2 1 1 1 1 1 1 0 0 0 0 0 0 0 0 0 0 0 0 0 0 0 0 0 0 1
 2 2 1 5 5 6 7 7 11 11 12 13 13 11 9 9 6 6 4 2 2 1 1 1 1 1 1 0 0 0 0 0 0 0 0 0 0 0 0 0 0 0 0 0 0 1
 3 3 3 6 6 6 9 9 6 6 17 19 19 12 12 12 10 10 1 1 1 0 0 0 0 0 0 0 0 0 0 0 0 0 0 0 0 0 0 0 0 0 0 0 0 0
 5 5 11 11 11 4 11 11 3 3 3 15 15 9 5 5 9 9 10 11 11 0 0 0 1 1 0 0 0 0 0 0 0 0 0 0 0 0 0 0 0 0 0 0 0 0
 5 5 11 11 11 4 11 11 3 3 3 15 15 9 5 5 9 9 10 11 11 0 0 0 1 1 0 0 0 0 0 0 0 0 0 0 0 0 0 0 0 0 0 0 0 0
 3 3 10 9 9 3 2 2 3 3 16 23 23 6 1 1 1 1 3 5 5 0 0 0 0 0 0 0 0 0 0 0 0 0 0 0 0 0 0 0 0 0 0 0 0 0
 3 3 10 9 9 3 2 2 3 3 16 23 23 6 1 1 1 1 3 5 5 0 0 0 0 0 0 0 0 0 0 0 0 0 0 0 0 0 0 0 0 0 0 0 0 0
 1 1 1 1 1 2 2 2 8 8 13 10 10 16 1 1 0 0 0 0 0 0 0 0 0 0 0 0 0 0 0 0 0 0 0 0 0 0 0 0 0 0 0 0 0 0
 5 5 5 5 5 6 6 6 7 7 8 7 7 7 29 29 11 11 2 0 0 0 0 0 0 0 0 0 0 0 0 0 0 0 0 0 0 0 0 0 0 0 0 0 0 0
 5 5 5 5 5 6 6 6 7 7 8 7 7 7 29 29 11 11 2 0 0 0 0 0 0 0 0 0 0 0 0 0 0 0 0 0 0 0 0 0 0 0 0 0 0 0
 3 3 3 4 4 6 9 9 8 8 5 8 8 9 6 6 13 13 5 1 1 2 1 1 1 1 0 0 0 2 0 0 0 0 0 0 0 0 0 0 0 0 0 0 0 0
 1 1 1 2 2 6 7 7 5 5 5 13 13 5 7 7 18 18 9 3 3 4 3 3 2 2 2 4 4 4 1 1 1 1 0 0 0 0 0 0 0 0 0 0 0 0
 1 1 1 2 2 6 7 7 5 5 5 13 13 5 7 7 18 18 9 3 3 4 3 3 2 2 2 4 4 4 1 1 1 1 0 0 0 0 0 0 0 0 0 0 0 0
 2 2 1 2 2 4 7 7 1 1 5 9 9 12 14 14 22 22 28 6 6 18 10 10 7 7 3 9 9 3 1 1 1 1 1 0 0 0 0 0 0 0 0 0 0 0
 2 2 1 2 2 4 7 7 1 1 5 9 9 12 14 14 22 22 28 6 6 18 10 10 7 7 3 9 9 3 1 1 1 1 1 0 0 0 0 0 0 0 0 0 0 0
 2 2 1 2 2 2 3 3 2 2 4 11 11 17 30 30 33 33 17 7 7 13 17 17 13 13 8 6 6 5 1 1 1 1 0 0 0 0 0 0 0 0 0 0 0 0
 2 2 2 2 2 1 3 3 2 2 3 8 8 17 27 27 24 24 13 8 8 12 17 17 17 17 9 12 12 7 1 1 0 0 0 0 0 0 0 0 0 0 0 0 0 0
 2 2 2 2 2 1 3 3 2 2 3 8 8 17 27 27 24 24 13 8 8 12 17 17 17 17 9 12 12 7 1 1 0 0 0 0 0 0 0 0 0 0 0 0 0 0
 1 1 1 2 2 1 3 3 3 3 5 13 13 16 32 32 12 12 14 6 6 11 16 16 15 15 9 15 15 9 2 2 0 0 0 0 0 0 0 0 0 0 0 0 0 0
 2 2 1 1 1 2 2 2 4 4 4 4 4 8 9 9 8 8 8 7 7 14 15 15 19 19 20 16 16 9 6 6 0 0 0 0 0 0 0 0 0 0 0 0 0 0
 2 2 1 1 1 2 2 2 4 4 4 4 4 8 9 9 8 8 8 7 7 14 15 15 19 19 20 16 16 9 6 6 0 0 0 0 0 0 0 0 0 0 0 0 0 0
 1 1 1 2 2 2 3 3 3 3 3 5 5 6 12 12 9 9 13 10 10 9 11 11 11 11 9 7 7 4 2 2 0 0 1 1 1 1 0 0 0 0 0 0 0 0
 1 1 1 2 2 2 3 3 3 3 3 5 5 6 12 12 9 9 13 10 10 9 11 11 11 11 9 7 7 4 2 2 0 0 1 1 1 1 0 0 0 0 0 0 0 0
 1 1 1 2 2 2 3 3 3 3 3 5 5 7 5 5 7 7 5 7 7 9 6 6 10 10 11 16 16 6 2 2 1 1 2 0 0 1 1 1 0 0 1 1 1 1
 3 3 2 2 2 3 4 4 3 3 4 18 18 27 5 5 7 7 8 6 6 12 13 13 13 13 24 19 19 9 5 5 6 6 9 5 5 1 0 0 0 0 0 1 1 1
 3 3 2 2 2 3 4 4 3 3 4 18 18 27 5 5 7 7 8 6 6 12 13 13 13 13 24 19 19 9 5 5 6 6 9 5 5 1 0 0 0 0 0 1 1 1
 2 2 3 3 3 4 6 6 7 7 7 12 12 34 16 16 16 16 19 25 25 26 25 25 27 27 19 13 13 7 6 6 7 7 6 9 9 6 2 2 0 0 0 1 1 0
 2 2 2 3 3 4 5 5 8 8 11 26 26 37 74 74 14 14 18 24 24 24 34 34 24 24 6 4 4 2 6 6 5 5 4 3 3 4 0 0 0 0 1 0 0 1
 2 2 2 3 3 4 5 5 8 8 11 26 26 37 74 74 14 14 18 24 24 24 34 34 24 24 6 4 4 2 6 6 5 5 4 3 3 4 0 0 0 0 1 0 0 1
 2 2 3 3 3 3 5 5 7 7 11 25 25 43 93 93 18 18 25 25 25 27 27 27 28 28 9 11 11 6 6 6 3 3 3 8 8 2 0 0 0 0 2 1 1 1
 2 2 3 3 3 3 5 5 7 7 11 25 25 43 93 93 18 18 25 25 25 27 27 27 28 28 9 11 11 6 6 6 3 3 3 8 8 2 0 0 0 0 2 1 1 1
 2 2 2 4 4 3 11 11 12 12 11 35 35 48 49 49 37 37 13 19 19 18 24 24 11 11 8 12 12 4 4 4 6 6 10 7 7 6 6 6 4 4 2 2 2 1
 4 4 4 5 5 4 12 12 13 13 19 40 40 63 52 52 22 22 8 11 11 7 6 6 18 18 16 11 11 8 20 20 14 14 14 10 10 10 10 10 8 8 8 2 2 1
 4 4 4 5 5 4 12 12 13 13 19 40 40 63 52 52 22 22 8 11 11 7 6 6 18 18 16 11 11 8 20 20 14 14 14 10 10 10 10 10 8 8 8 2 2 1
 7 7 7 7 7 15 14 14 13 13 15 25 25 53 51 51 16 16 2 2 2 4 9 9 14 14 27 31 31 20 17 17 28 28 31 26 26 25 6 6 6 6 2 3 3 0
 9 9 6 6 6 6 13 13 13 13 14 22 22 36 39 39 27 27 5 3 3 5 13 13 16 16 31 33 33 39 32 32 23 23 24 27 27 16 5 5 7 7 0 0 0 0
 9 9 6 6 6 6 13 13 13 13 14 22 22 36 39 39 27 27 5 3 3 5 13 13 16 16 31 33 33 39 32 32 23 23 24 27 27 16 5 5 7 7 0 0 0 0
 25 25 19 5 5 7 5 5 9 9 13 27 27 26 29 29 23 23 15 3 3 3 10 10 22 22 24 24 24 22 23 23 20 20 17 19 19 12 5 5 8 8 1 0 0 0
 25 25 19 5 5 7 5 5 9 9 13 27 27 26 29 29 23 23 15 3 3 3 10 10 22 22 24 24 24 22 23 23 20 20 17 19 19 12 5 5 8 8 1 0 0 0
 33 33 32 9 9 13 10 10 15 15 26 25 25 17 15 15 19 19 21 2 2 3 9 9 14 14 22 26 26 24 28 28 24 24 23 19 19 9 10 10 4 4 2 1 1 0
 37 37 24 21 21 20 11 11 17 17 23 14 14 5 3 3 8 8 6 2 2 3 4 4 8 8 20 35 35 28 37 37 27 27 26 21 21 17 4 4 1 1 3 2 2 0
 37 37 24 21 21 20 11 11 17 17 23 14 14 5 3 3 8 8 6 2 2 3 4 4 8 8 20 35 35 28 37 37 27 27 26 21 21 17 4 4 1 1 3 2 2 0
 3 3 4 4 4 14 5 5 4 4 8 3 3 2 2 2 3 3 4 5 5 3 4 4 13 13 22 32 32 29 32 32 24 24 25 21 21 16 4 4 1 1 2 0 0 0
 2 2 2 2 2 1 3 3 2 2 2 1 1 2 4 4 3 3 3 5 5 4 8 8 10 10 14 19 19 39 35 35 31 31 27 17 17 10 4 4 1 1 0 0 0 0
 2 2 2 2 2 1 3 3 2 2 2 1 1 2 4 4 3 3 3 5 5 4 8 8 10 10 14 19 19 39 35 35 31 31 27 17 17 10 4 4 1 1 0 0 0 0
 2 2 1 1 1 1 1 1 1 1 1 1 1 1 1 1 3 3 3 6 6 7 20 20 24 24 23 37 37 37 43 43 66 66 41 20 20 10 8 8 5 5 2 2 2 0
 2 2 1 1 1 1 1 1 1 1 1 1 1 1 1 1 3 3 3 6 6 7 20 20 24 24 23 37 37 37 43 43 66 66 41 20 20 10 8 8 5 5 2 2 2 0
 2 2 1 1 1 2 1 1 2 2 1 1 1 1 2 2 3 3 5 8 8 11 22 22 26 26 24 74 74 67 50 50 52 52 51 22 22 24 12 12 5 5 1 1 1 0
 2 2 1 2 2 2 2 2 2 2 2 2 2 3 3 3 4 4 6 8 8 12 18 18 29 29 46 45 45 61 64 64 55 55 32 24 24 26 17 17 8 8 4 1 1 1
 2 2 1 2 2 2 2 2 2 2 2 2 2 3 3 3 4 4 6 8 8 12 18 18 29 29 46 45 45 61 64 64 55 55 32 24 24 26 17 17 8 8 4 1 1 1
 2 2 1 1 1 2 2 2 2 2 3 3 3 3 3 3 5 5 7 10 10 12 16 16 17 17 39 47 47 58 46 46 38 38 32 28 28 21 9 9 5 5 2 1 1 0
 4 4 2 2 2 3 3 3 3 3 3 8 8 7 4 4 4 4 6 8 8 12 14 14 16 16 25 41 41 48 35 35 31 31 28 19 19 11 7 7 4 4 2 1 1 0
 4 4 2 2 2 3 3 3 3 3 3 8 8 7 4 4 4 4 6 8 8 12 14 14 16 16 25 41 41 48 35 35 31 31 28 19 19 11 7 7 4 4 2 1 1 0
 4 4 4 3 3 4 4 4 4 4 8 20 20 17 6 6 4 4 5 9 9 12 13 13 17 17 28 37 37 49 41 41 28 28 23 20 20 17 8 8 6 6 4 1 1 0
 4 4 4 3 3 4 4 4 4 4 8 20 20 17 6 6 4 4 5 9 9 12 13 13 17 17 28 37 37 49 41 41 28 28 23 20 20 17 8 8 6 6 4 1 1 0
 4 4 4 6 6 5 5 5 3 3 5 14 14 16 4 4 3 3 3 5 5 9 14 14 16 16 17 32 32 38 21 21 22 22 21 20 20 17 15 15 12 12 4 1 1 0
 4 4 4 5 5 5 6 6 6 6 6 6 6 6 5 5 5 5 6 6 6 9 14 14 16 16 19 23 23 21 20 20 20 20 22 20 20 16 11 11 5 5 3 1 1 1
 4 4 4 5 5 5 6 6 6 6 6 6 6 6 5 5 5 5 6 6 6 9 14 14 16 16 19 23 23 21 20 20 20 20 22 20 20 16 11 11 5 5 3 1 1 1
 4 4 4 4 4 5 6 6 4 4 3 4 4 3 3 3 3 3 3 4 4 6 9 9 11 11 11 13 13 13 18 18 19 19 19 19 19 14 10 10 4 4 2 1 1 1
 4 4 3 3 3 2 3 3 2 2 2 3 3 3 3 3 3 3 2 3 3 4 7 7 8 8 10 12 12 14 14 14 17 17 15 13 13 11 12 12 7 7 4 2 2 1
 4 4 3 3 3 2 3 3 2 2 2 3 3 3 3 3 3 3 2 3 3 4 7 7 8 8 10 12 12 14 14 14 17 17 15 13 13 11 12 12 7 7 4 2 2 1
 3 3 2 2 2 2 1 1 1 1 1 2 2 2 2 2 2 2 2 3 3 4 4 4 6 6 8 10 10 10 12 12 15 15 14 13 13 10 10 10 7 7 3 2 2 1
 3 3 2 2 2 2 1 1 1 1 1 2 2 2 2 2 2 2 2 3 3 4 4 4 6 6 8 10 10 10 12 12 15 15 14 13 13 10 10 10 7 7 3 2 2 1
 1 1 1 1 1 1 1 1 1 1 1 1 1 2 2 2 2 2 3 3 3 3 4 4 4 4 5 6 6 7 8 8 10 10 10 10 10 9 5 5 5 5 4 1 1 0
 1 1 1 1 1 1 1 1 1 1 1 1 1 1 2 2 2 2 3 3 3 3 3 3 4 4 3 5 5 5 5 5 5 5 5 5 5 5 5 5 5 5 3 1 1 1
 1 1 1 1 1 1 1 1 1 1 1 1 1 1 2 2 2 2 3 3 3 3 3 3 4 4 3 5 5 5 5 5 5 5 5 5 5 5 5 5 5 5 3 1 1 1
 1 1 1 1 1 1 0 0 1 1 1 1 1 1 1 1 1 1 2 2 2 2 2 2 2 2 2 2 2 3 3 3 3 3 3 3 3 3 4 4 4 4 5 4 4 1
 1 1 1 0 0 0 0 0 0 0 0 1 1 1 1 1 0 0 0 0 0 1 1 1 1 1 1 1 1 1 1 1 1 1 2 2 2 2 2 2 3 3 4 3 3 1
