assets/RAT_results_old/precipitation/2019-04-22_IMERG.asc
ncols        46
nrows        77
xllcorner    74.800261325624
yllcorner    8.058333333333
cellsize     0.062500000000
NODATA_value -9999
 0 0 0 0 0 0 0 0 0 0 0 0 0 0 0 0 0 0 0 1 1 2 0 0 0 0 0 1 1 0 0 0 0 0 0 1 1 3 3 3 3 3 2 1 1 0
 0 0 0 0 0 0 0 0 0 0 0 0 0 0 0 0 0 0 0 2 2 4 1 1 0 0 0 0 0 0 0 0 0 0 0 1 1 3 3 3 4 4 6 6 6 2
 0 0 0 0 0 0 0 0 0 0 0 0 0 0 0 0 0 0 0 2 2 4 1 1 0 0 0 0 0 0 0 0 0 0 0 1 1 3 3 3 4 4 6 6 6 2
 0 0 0 0 0 0 0 0 0 0 0 0 0 0 0 0 0 0 0 4 4 6 1 1 0 0 1 1 1 0 0 0 0 0 2 1 1 3 3 3 5 5 9 7 7 4
 0 0 0 0 0 0 0 0 0 0 0 0 0 0 0 0 0 0 0 5 5 10 2 2 1 1 2 2 2 1 1 1 1 1 4 1 1 1 2 2 6 6 6 8 8 9
 0 0 0 0 0 0 0 0 0 0 0 0 0 0 0 0 0 0 0 5 5 10 2 2 1 1 2 2 2 1 1 1 1 1 4 1 1 1 2 2 6 6 6 8 8 9
 0 0 0 0 0 0 0 0 0 0 0 0 0 0 0 0 0 0 1 8 8 15 5 5 3 3 4 4 4 2 2 2 4 4 11 5 5 2 2 2 4 4 5 6 6 5
 0 0 0 0 0 0 0 0 0 0 0 0 0 0 0 0 0 0 1 8 8 15 5 5 3 3 4 4 4 2 2 2 4 4 11 5 5 2 2 2 4 4 5 6 6 5
 0 0 0 0 0 0 0 0 0 0 0 0 0 0 0 0 0 0 1 9 9 20 10 10 7 7 7 7 7 5 6 6 10 10 19 8 8 3 2 2 4 4 6 6 6 6
 0 0 0 0 0 0 0 0 0 0 0 0 0 0 0 0 1 1 2 9 9 24 18 18 15 15 12 11 11 8 7 7 16 16 23 14 14 6 2 2 3 3 6 6 6 7
 0 0 0 0 0 0 0 0 0 0 0 0 0 0 0 0 1 1 2 9 9 24 18 18 15 15 12 11 11 8 7 7 16 16 23 14 14 6 2 2 3 3 6 6 6 7
 0 0 0 0 0 1 0 0 0 0 0 0 0 0 1 1 2 2 5 13 13 28 33 33 28 28 21 17 17 13 9 9 36 36 26 18 18 2 2 2 2 2 4 4 4 6
 0 0 0 0 0 0 0 0 0 0 0 0 0 1 1 1 2 2 16 16 16 29 43 43 35 35 27 22 22 51 27 27 35 35 18 3 3 2 2 2 2 2 3 3 3 6
 0 0 0 0 0 0 0 0 0 0 0 0 0 1 1 1 2 2 16 16 16 29 43 43 35 35 27 22 22 51 27 27 35 35 18 3 3 2 2 2 2 2 3 3 3 6
 0 0 0 0 0 0 0 0 0 0 0 0 0 1 1 1 2 2 9 16 16 30 51 51 40 40 31 25 25 59 16 16 14 14 6 2 2 2 3 3 3 3 2 4 4 4
 0 0 0 0 0 0 0 0 0 0 0 0 0 1 1 1 2 2 9 16 16 30 51 51 40 40 31 25 25 59 16 16 14 14 6 2 2 2 3 3 3 3 2 4 4 4
 0 0 0 0 0 0 0 0 1 1 1 2 2 4 3 3 2 2 9 16 16 29 55 55 45 45 34 26 26 28 14 14 12 12 4 6 6 1 4 4 5 5 4 3 3 2
 0 0 0 0 0 0 0 0 1 1 1 4 4 8 6 6 4 4 9 17 17 26 51 51 48 48 35 29 29 17 9 9 7 7 3 5 5 3 4 4 4 4 4 1 1 1
 0 0 0 0 0 0 0 0 1 1 1 4 4 8 6 6 4 4 9 17 17 26 51 51 48 48 35 29 29 17 9 9 7 7 3 5 5 3 4 4 4 4 4 1 1 1
 1 1 1 0 0 0 0 0 1 1 4 10 10 14 12 12 6 6 11 19 19 25 42 42 43 43 34 30 30 14 9 9 7 7 8 1 1 4 5 5 6 6 7 20 20 1
 1 1 1 1 1 0 0 0 2 2 7 18 18 21 22 22 11 11 16 22 22 23 37 37 39 39 31 34 34 14 10 10 27 27 23 2 2 4 5 5 29 29 17 1 1 1
 1 1 1 1 1 0 0 0 2 2 7 18 18 21 22 22 11 11 16 22 22 23 37 37 39 39 31 34 34 14 10 10 27 27 23 2 2 4 5 5 29 29 17 1 1 1
 1 1 1 1 1 1 1 1 4 4 11 37 37 28 32 32 16 16 21 25 25 24 29 29 29 29 25 33 33 12 8 8 10 10 8 9 9 3 6 6 21 21 5 2 2 18
 1 1 1 1 1 1 1 1 4 4 11 37 37 28 32 32 16 16 21 25 25 24 29 29 29 29 25 33 33 12 8 8 10 10 8 9 9 3 6 6 21 21 5 2 2 18
 0 0 1 1 1 2 2 2 6 6 16 43 43 30 36 36 19 19 24 28 28 27 30 30 25 25 20 31 31 11 7 7 7 7 9 9 9 4 7 7 5 5 2 5 5 12
 0 0 0 2 2 2 3 3 8 8 26 51 51 41 35 35 22 22 27 31 31 31 29 29 22 22 18 48 48 15 9 9 7 7 8 3 3 4 7 7 6 6 31 20 20 20
 0 0 0 2 2 2 3 3 8 8 26 51 51 41 35 35 22 22 27 31 31 31 29 29 22 22 18 48 48 15 9 9 7 7 8 3 3 4 7 7 6 6 31 20 20 20
 0 0 0 2 2 3 3 3 11 11 36 62 62 46 48 48 28 28 31 36 36 39 31 31 19 19 22 44 44 14 11 11 11 11 7 3 3 8 11 11 10 10 36 23 23 22
 0 0 1 3 3 4 3 3 14 14 52 81 81 64 56 56 31 31 33 38 38 39 27 27 16 16 13 19 19 12 8 8 8 8 5 5 5 11 8 8 8 8 33 24 24 24
 0 0 1 3 3 4 3 3 14 14 52 81 81 64 56 56 31 31 33 38 38 39 27 27 16 16 13 19 19 12 8 8 8 8 5 5 5 11 8 8 8 8 33 24 24 24
 0 0 1 3 3 4 4 4 17 17 62 106 106 89 68 68 34 34 33 39 39 40 32 32 28 28 12 11 11 10 6 6 5 5 6 8 8 11 10 10 11 11 36 8 8 5
 0 0 1 3 3 4 4 4 17 17 62 106 106 89 68 68 34 34 33 39 39 40 32 32 28 28 12 11 11 10 6 6 5 5 6 8 8 11 10 10 11 11 36 8 8 5
 0 0 1 3 3 6 4 4 19 19 74 126 126 117 86 86 38 38 31 40 40 46 43 43 36 36 13 11 11 13 8 8 7 7 10 13 13 14 14 14 17 17 12 11 11 9
 0 0 1 4 4 6 4 4 19 19 81 147 147 145 103 103 51 51 30 39 39 51 49 49 44 44 28 17 17 19 18 18 14 14 17 17 17 16 14 14 13 13 16 8 8 6
 0 0 1 4 4 6 4 4 19 19 81 147 147 145 103 103 51 51 30 39 39 51 49 49 44 44 28 17 17 19 18 18 14 14 17 17 17 16 14 14 13 13 16 8 8 6
 0 0 1 4 4 6 3 3 18 18 82 153 153 164 118 118 57 57 29 36 36 51 50 50 50 50 40 25 25 28 27 27 23 23 22 20 20 17 15 15 14 14 17 9 9 6
 0 0 0 5 5 5 3 3 15 15 76 151 151 176 132 132 66 66 44 34 34 50 60 60 54 54 50 30 30 32 32 32 28 28 26 25 25 22 21 21 17 17 11 8 8 5
 0 0 0 5 5 5 3 3 15 15 76 151 151 176 132 132 66 66 44 34 34 50 60 60 54 54 50 30 30 32 32 32 28 28 26 25 25 22 21 21 17 17 11 8 8 5
 0 0 0 4 4 4 2 2 12 12 68 146 146 176 145 145 77 77 56 32 32 47 61 61 61 61 57 40 40 34 37 37 30 30 30 28 28 25 21 21 16 16 28 34 34 5
 0 0 0 4 4 4 2 2 12 12 68 146 146 176 145 145 77 77 56 32 32 47 61 61 61 61 57 40 40 34 37 37 30 30 30 28 28 25 21 21 16 16 28 34 34 5
 0 0 0 3 3 3 2 2 10 10 55 128 128 171 148 148 91 91 71 32 32 45 60 60 66 66 59 45 45 38 37 37 31 31 34 31 31 26 19 19 35 35 11 17 17 6
 0 0 0 2 2 3 2 2 7 7 41 108 108 158 145 145 109 109 91 50 50 44 58 58 60 60 55 50 50 55 48 48 36 36 35 32 32 23 25 25 21 21 18 29 29 19
 0 0 0 2 2 3 2 2 7 7 41 108 108 158 145 145 109 109 91 50 50 44 58 58 60 60 55 50 50 55 48 48 36 36 35 32 32 23 25 25 21 21 18 29 29 19
 0 0 1 2 2 2 3 3 5 5 28 87 87 139 144 144 127 127 112 63 63 45 52 52 55 55 63 61 61 66 44 44 60 60 45 36 36 27 28 28 22 22 18 24 24 48
 1 1 1 2 2 2 4 4 5 5 22 64 64 118 133 133 138 138 127 66 66 51 47 47 53 53 60 62 62 58 46 46 54 54 69 44 44 28 29 29 22 22 19 23 23 27
 1 1 1 2 2 2 4 4 5 5 22 64 64 118 133 133 138 138 127 66 66 51 47 47 53 53 60 62 62 58 46 46 54 54 69 44 44 28 29 29 22 22 19 23 23 27
 1 1 2 3 3 2 5 5 6 6 13 42 42 91 118 118 140 140 138 77 77 53 54 54 57 57 59 56 56 54 44 44 77 77 69 51 51 36 33 33 22 22 25 28 28 34
 1 1 2 3 3 2 5 5 6 6 13 42 42 91 118 118 140 140 138 77 77 53 54 54 57 57 59 56 56 54 44 44 77 77 69 51 51 36 33 33 22 22 25 28 28 34
 2 2 4 4 4 3 6 6 7 7 9 27 27 65 99 99 138 138 140 85 85 54 50 50 59 59 52 53 53 67 44 44 55 55 61 72 72 42 56 56 47 47 42 58 58 14
 3 3 5 6 6 5 7 7 7 7 6 19 19 44 76 76 128 128 134 88 88 54 57 57 57 57 48 49 49 66 46 46 55 55 84 56 56 50 23 23 42 42 23 64 64 13
 3 3 5 6 6 5 7 7 7 7 6 19 19 44 76 76 128 128 134 88 88 54 57 57 57 57 48 49 49 66 46 46 55 55 84 56 56 50 23 23 42 42 23 64 64 13
 4 4 5 5 5 4 6 6 6 6 5 10 10 28 56 56 112 112 121 84 84 54 40 40 48 48 41 42 42 43 48 48 65 65 75 31 31 30 21 21 43 43 24 24 24 10
 3 3 3 3 3 2 3 3 5 5 3 4 4 17 38 38 92 92 100 72 72 48 30 30 39 39 30 35 35 34 37 37 42 42 34 22 22 14 15 15 15 15 14 16 16 12
 3 3 3 3 3 2 3 3 5 5 3 4 4 17 38 38 92 92 100 72 72 48 30 30 39 39 30 35 35 34 37 37 42 42 34 22 22 14 15 15 15 15 14 16 16 12
 1 1 1 1 1 1 1 1 3 3 2 4 4 9 25 25 68 68 77 56 56 36 21 21 26 26 23 28 28 28 27 27 29 29 28 16 16 13 14 14 13 13 15 46 46 13
 1 1 1 1 1 1 1 1 3 3 2 4 4 9 25 25 68 68 77 56 56 36 21 21 26 26 23 28 28 28 27 27 29 29 28 16 16 13 14 14 13 13 15 46 46 13
 1 1 1 1 1 1 1 1 3 3 3 5 5 8 15 15 48 48 59 46 46 27 15 15 18 18 17 22 22 20 19 19 21 21 19 15 15 12 19 19 22 22 48 46 46 117
 1 1 2 3 3 2 2 2 4 4 5 6 6 9 10 10 33 33 44 33 33 20 10 10 13 13 12 18 18 14 14 14 16 16 14 12 12 13 21 21 57 57 117 122 122 121
 1 1 2 3 3 2 2 2 4 4 5 6 6 9 10 10 33 33 44 33 33 20 10 10 13 13 12 18 18 14 14 14 16 16 14 12 12 13 21 21 57 57 117 122 122 121
 2 2 3 6 6 5 3 3 7 7 7 7 7 9 9 9 22 22 32 25 25 15 7 7 6 6 7 14 14 13 12 12 12 12 11 9 9 12 69 69 79 79 116 132 132 31
 4 4 5 8 8 6 4 4 8 8 10 8 8 8 7 7 14 14 23 16 16 6 3 3 2 2 3 8 8 11 11 11 11 11 10 9 9 18 25 25 77 77 102 134 134 30
 4 4 5 8 8 6 4 4 8 8 10 8 8 8 7 7 14 14 23 16 16 6 3 3 2 2 3 8 8 11 11 11 11 11 10 9 9 18 25 25 77 77 102 134 134 30
 6 6 6 12 12 9 7 7 9 9 12 8 8 8 7 7 9 9 18 13 13 4 1 1 1 1 2 5 5 8 10 10 13 13 17 17 17 30 30 30 53 53 16 17 17 3
 6 6 6 12 12 9 7 7 9 9 12 8 8 8 7 7 9 9 18 13 13 4 1 1 1 1 2 5 5 8 10 10 13 13 17 17 17 30 30 30 53 53 16 17 17 3
 7 7 6 14 14 10 6 6 8 8 12 7 7 7 7 7 7 7 14 11 11 3 1 1 0 0 1 4 4 7 9 9 15 15 18 26 26 20 17 17 21 21 17 16 16 2
 5 5 6 11 11 9 4 4 6 6 10 5 5 4 4 4 4 4 10 8 8 3 1 1 0 0 0 2 2 5 8 8 10 10 17 18 18 16 18 18 8 8 3 1 1 0
 5 5 6 11 11 9 4 4 6 6 10 5 5 4 4 4 4 4 10 8 8 3 1 1 0 0 0 2 2 5 8 8 10 10 17 18 18 16 18 18 8 8 3 1 1 0
 2 2 3 5 5 5 2 2 2 2 6 3 3 2 2 2 3 3 7 5 5 2 0 0 0 0 0 1 1 2 3 3 4 4 13 13 13 15 14 14 9 9 6 3 3 0
 1 1 1 3 3 2 1 1 1 1 2 1 1 1 1 1 2 2 4 4 4 1 0 0 0 0 0 1 1 1 1 1 2 2 5 5 5 9 15 15 31 31 11 4 4 0
 1 1 1 3 3 2 1 1 1 1 2 1 1 1 1 1 2 2 4 4 4 1 0 0 0 0 0 1 1 1 1 1 2 2 5 5 5 9 15 15 31 31 11 4 4 0
 0 0 0 1 1 1 0 0 1 1 1 1 1 0 1 1 2 2 3 2 2 1 0 0 0 0 0 0 0 0 0 0 3 3 10 9 9 7 11 11 18 18 19 7 7 0
 0 0 0 1 1 1 0 0 1 1 1 1 1 0 1 1 2 2 3 2 2 1 0 0 0 0 0 0 0 0 0 0 3 3 10 9 9 7 11 11 18 18 19 7 7 0
 0 0 0 0 0 0 0 0 1 1 1 0 0 0 1 1 1 1 1 1 1 1 0 0 0 0 0 0 0 0 0 0 0 0 1 2 2 1 8 8 18 18 33 10 10 7
 0 0 0 0 0 0 0 0 0 0 0 0 0 0 1 1 1 1 1 1 1 1 1 1 2 2 2 1 1 0 0 0 0 0 0 0 0 1 1 1 9 9 2 0 0 0
 0 0 0 0 0 0 0 0 0 0 0 0 0 0 1 1 1 1 1 1 1 1 1 1 2 2 2 1 1 0 0 0 0 0 0 0 0 1 1 1 9 9 2 0 0 0
 0 0 0 0 0 0 0 0 0 0 0 0 0 0 1 1 1 1 1 1 1 1 4 4 6 6 6 3 3 0 0 0 0 0 0 0 0 0 0 0 0 0 1 0 0 0
 0 0 0 0 0 0 0 0 0 0 0 0 0 0 1 1 1 1 0 1 1 2 5 5 7 7 7 4 4 1 0 0 0 0 0 0 0 0 0 0 0 0 0 0 0 0
