assets/RAT_results_old/precipitation/2019-09-02_IMERG.asc
ncols        46
nrows        77
xllcorner    74.800261325624
yllcorner    8.058333333333
cellsize     0.062500000000
NODATA_value -9999
 24 24 25 18 18 9 22 22 23 23 25 18 18 15 15 15 13 13 11 11 11 13 13 13 8 8 4 6 6 6 2 2 2 2 1 0 0 0 1 1 1 1 1 2 2 3
 22 22 24 14 14 14 21 21 22 22 24 16 16 13 15 15 15 15 14 13 13 17 11 11 5 5 3 2 2 2 2 2 1 1 2 3 3 2 2 2 2 2 1 3 3 2
 22 22 24 14 14 14 21 21 22 22 24 16 16 13 15 15 15 15 14 13 13 17 11 11 5 5 3 2 2 2 2 2 1 1 2 3 3 2 2 2 2 2 1 3 3 2
 23 23 24 21 21 15 19 19 18 18 18 14 14 15 15 15 12 12 11 11 11 6 5 5 3 3 2 2 2 1 1 1 1 1 2 3 3 1 1 1 1 1 2 2 2 2
 22 22 25 25 25 24 18 18 18 18 18 15 15 16 17 17 12 12 11 6 6 3 3 3 3 3 3 1 1 0 0 0 1 1 1 1 1 0 0 0 1 1 1 2 2 3
 22 22 25 25 25 24 18 18 18 18 18 15 15 16 17 17 12 12 11 6 6 3 3 3 3 3 3 1 1 0 0 0 1 1 1 1 1 0 0 0 1 1 1 2 2 3
 20 20 20 19 19 15 16 16 22 22 21 20 20 13 14 14 10 10 10 5 5 3 3 3 3 3 2 2 2 0 0 0 0 0 1 1 1 0 0 0 0 0 0 0 0 0
 20 20 20 19 19 15 16 16 22 22 21 20 20 13 14 14 10 10 10 5 5 3 3 3 3 3 2 2 2 0 0 0 0 0 1 1 1 0 0 0 0 0 0 0 0 0
 15 15 17 25 25 19 15 15 27 27 14 11 11 4 6 6 7 7 7 5 5 4 3 3 2 2 1 2 2 1 1 1 1 1 1 0 0 0 0 0 0 0 0 0 0 0
 10 10 20 26 26 22 17 17 12 12 9 7 7 9 8 8 8 8 6 3 3 3 4 4 3 3 2 0 0 0 1 1 0 0 1 1 1 1 0 0 1 1 1 0 0 0
 10 10 20 26 26 22 17 17 12 12 9 7 7 9 8 8 8 8 6 3 3 3 4 4 3 3 2 0 0 0 1 1 0 0 1 1 1 1 0 0 1 1 1 0 0 0
 10 10 15 18 18 22 20 20 13 13 13 14 14 11 9 9 9 9 5 4 4 4 6 6 5 5 3 1 1 1 1 1 1 1 1 1 1 1 1 1 2 2 2 1 1 0
 19 19 19 19 19 23 24 24 20 20 21 16 16 14 15 15 8 8 7 6 6 8 10 10 8 8 3 2 2 1 1 1 0 0 1 1 1 1 2 2 2 2 2 3 3 1
 19 19 19 19 19 23 24 24 20 20 21 16 16 14 15 15 8 8 7 6 6 8 10 10 8 8 3 2 2 1 1 1 0 0 1 1 1 1 2 2 2 2 2 3 3 1
 26 26 30 23 23 27 34 34 29 29 22 18 18 19 12 12 6 6 6 5 5 6 6 6 3 3 2 2 2 1 1 1 1 1 1 1 1 2 2 2 3 3 2 2 2 1
 26 26 30 23 23 27 34 34 29 29 22 18 18 19 12 12 6 6 6 5 5 6 6 6 3 3 2 2 2 1 1 1 1 1 1 1 1 2 2 2 3 3 2 2 2 1
 27 27 21 23 23 28 30 30 27 27 20 15 15 10 6 6 4 4 2 4 4 5 4 4 3 3 3 1 1 1 1 1 1 1 1 2 2 3 3 3 4 4 2 2 2 2
 29 29 23 25 25 26 25 25 23 23 17 13 13 10 10 10 10 10 5 4 4 3 2 2 2 2 2 1 1 1 2 2 2 2 2 2 2 3 4 4 5 5 4 3 3 3
 29 29 23 25 25 26 25 25 23 23 17 13 13 10 10 10 10 10 5 4 4 3 2 2 2 2 2 1 1 1 2 2 2 2 2 2 2 3 4 4 5 5 4 3 3 3
 21 21 16 19 19 23 28 28 24 24 18 14 14 12 11 11 10 10 7 6 6 3 2 2 2 2 2 1 1 2 3 3 3 3 4 4 4 3 4 4 3 3 3 2 2 1
 11 11 17 18 18 13 13 13 14 14 15 17 17 15 16 16 23 23 21 10 10 5 4 4 4 4 3 4 4 4 5 5 6 6 5 4 4 3 2 2 2 2 2 1 1 2
 11 11 17 18 18 13 13 13 14 14 15 17 17 15 16 16 23 23 21 10 10 5 4 4 4 4 3 4 4 4 5 5 6 6 5 4 4 3 2 2 2 2 2 1 1 2
 9 9 10 11 11 16 15 15 12 12 13 11 11 15 19 19 17 17 13 11 11 9 7 7 6 6 5 4 4 6 6 6 6 6 5 4 4 1 1 1 1 1 1 1 1 1
 9 9 10 11 11 16 15 15 12 12 13 11 11 15 19 19 17 17 13 11 11 9 7 7 6 6 5 4 4 6 6 6 6 6 5 4 4 1 1 1 1 1 1 1 1 1
 7 7 10 13 13 17 14 14 17 17 12 12 12 21 23 23 20 20 19 14 14 10 7 7 3 3 3 1 1 3 4 4 5 5 3 1 1 1 1 1 1 1 1 0 0 1
 9 9 13 16 16 15 14 14 17 17 21 17 17 16 19 19 19 19 17 13 13 10 8 8 1 1 3 2 2 4 3 3 2 2 2 1 1 1 0 0 1 1 1 0 0 1
 9 9 13 16 16 15 14 14 17 17 21 17 17 16 19 19 19 19 17 13 13 10 8 8 1 1 3 2 2 4 3 3 2 2 2 1 1 1 0 0 1 1 1 0 0 1
 9 9 13 14 14 15 12 12 11 11 14 11 11 12 15 15 21 21 20 13 13 14 9 9 9 9 8 7 7 6 5 5 4 4 6 3 3 1 1 1 1 1 1 1 1 1
 12 12 13 13 13 12 10 10 9 9 9 8 8 7 16 16 17 17 19 15 15 15 6 6 8 8 11 16 16 14 10 10 8 8 8 4 4 3 2 2 2 2 2 2 2 2
 12 12 13 13 13 12 10 10 9 9 9 8 8 7 16 16 17 17 19 15 15 15 6 6 8 8 11 16 16 14 10 10 8 8 8 4 4 3 2 2 2 2 2 2 2 2
 13 13 13 11 11 11 8 8 8 8 7 6 6 11 16 16 18 18 17 18 18 16 19 19 16 16 16 17 17 15 14 14 12 12 9 4 4 4 2 2 4 4 5 3 3 3
 13 13 13 11 11 11 8 8 8 8 7 6 6 11 16 16 18 18 17 18 18 16 19 19 16 16 16 17 17 15 14 14 12 12 9 4 4 4 2 2 4 4 5 3 3 3
 11 11 12 10 10 9 6 6 5 5 4 5 5 5 8 8 24 24 18 19 19 18 23 23 19 19 15 14 14 15 13 13 11 11 10 4 4 3 3 3 6 6 7 4 4 4
 5 5 6 2 2 3 2 2 2 2 4 4 4 5 7 7 15 15 21 20 20 18 24 24 19 19 10 10 10 11 9 9 7 7 11 8 8 7 6 6 5 5 5 3 3 3
 5 5 6 2 2 3 2 2 2 2 4 4 4 5 7 7 15 15 21 20 20 18 24 24 19 19 10 10 10 11 9 9 7 7 11 8 8 7 6 6 5 5 5 3 3 3
 4 4 4 2 2 3 2 2 3 3 4 3 3 4 16 16 18 18 22 22 22 14 14 14 7 7 5 3 3 4 7 7 8 8 10 10 10 9 9 9 8 8 3 3 3 3
 4 4 2 2 2 2 2 2 3 3 4 3 3 3 8 8 19 19 15 20 20 21 15 15 8 8 3 5 5 5 7 7 7 7 10 8 8 8 8 8 7 7 3 4 4 5
 4 4 2 2 2 2 2 2 3 3 4 3 3 3 8 8 19 19 15 20 20 21 15 15 8 8 3 5 5 5 7 7 7 7 10 8 8 8 8 8 7 7 3 4 4 5
 4 4 3 2 2 2 3 3 3 3 3 4 4 7 10 10 19 19 21 21 21 12 15 15 8 8 6 10 10 10 11 11 11 11 11 10 10 10 10 10 8 8 6 6 6 8
 4 4 3 2 2 2 3 3 3 3 3 4 4 7 10 10 19 19 21 21 21 12 15 15 8 8 6 10 10 10 11 11 11 11 11 10 10 10 10 10 8 8 6 6 6 8
 3 3 3 2 2 2 3 3 3 3 3 5 5 7 7 7 17 17 15 18 18 20 8 8 5 5 6 13 13 8 11 11 16 16 16 16 16 15 14 14 12 12 10 9 9 10
 3 3 2 3 3 4 3 3 3 3 2 5 5 5 11 11 16 16 20 15 15 18 11 11 16 16 19 7 7 9 12 12 19 19 20 20 20 19 19 19 16 16 14 9 9 10
 3 3 2 3 3 4 3 3 3 3 2 5 5 5 11 11 16 16 20 15 15 18 11 11 16 16 19 7 7 9 12 12 19 19 20 20 20 19 19 19 16 16 14 9 9 10
 2 2 2 2 2 2 2 2 1 1 2 4 4 4 7 7 12 12 21 18 18 13 12 12 14 14 10 12 12 9 17 17 18 18 24 25 25 22 18 18 16 16 16 12 12 9
 2 2 1 1 1 1 1 1 1 1 1 3 3 3 8 8 10 10 17 19 19 8 15 15 13 13 13 12 12 10 16 16 19 19 25 24 24 22 16 16 12 12 12 12 12 10
 2 2 1 1 1 1 1 1 1 1 1 3 3 3 8 8 10 10 17 19 19 8 15 15 13 13 13 12 12 10 16 16 19 19 25 24 24 22 16 16 12 12 12 12 12 10
 1 1 1 1 1 1 1 1 1 1 1 1 1 2 2 2 4 4 5 5 5 5 7 7 12 12 7 8 8 10 15 15 22 22 27 23 23 17 14 14 15 15 14 13 13 11
 1 1 1 1 1 1 1 1 1 1 1 1 1 2 2 2 4 4 5 5 5 5 7 7 12 12 7 8 8 10 15 15 22 22 27 23 23 17 14 14 15 15 14 13 13 11
 2 2 2 2 2 1 1 1 1 1 1 1 1 2 3 3 3 3 4 4 4 5 7 7 9 9 8 8 8 10 14 14 20 20 21 20 20 12 13 13 13 13 13 11 11 11
 3 3 3 2 2 2 1 1 1 1 1 1 1 1 2 2 2 2 2 2 2 3 6 6 7 7 6 4 4 5 7 7 9 9 10 8 8 8 7 7 8 8 9 9 9 9
 3 3 3 2 2 2 1 1 1 1 1 1 1 1 2 2 2 2 2 2 2 3 6 6 7 7 6 4 4 5 7 7 9 9 10 8 8 8 7 7 8 8 9 9 9 9
 3 3 3 2 2 1 1 1 1 1 1 1 1 1 1 1 1 1 1 1 1 3 6 6 5 5 4 4 4 4 5 5 5 5 5 4 4 5 4 4 5 5 6 6 6 6
 3 3 3 1 1 1 1 1 1 1 1 1 1 1 1 1 2 2 2 3 3 4 4 4 8 8 11 5 5 6 3 3 2 2 2 4 4 3 2 2 4 4 4 3 3 3
 3 3 3 1 1 1 1 1 1 1 1 1 1 1 1 1 2 2 2 3 3 4 4 4 8 8 11 5 5 6 3 3 2 2 2 4 4 3 2 2 4 4 4 3 3 3
 1 1 1 1 1 1 1 1 1 1 1 1 1 1 1 1 2 2 4 6 6 7 9 9 8 8 11 8 8 5 3 3 3 3 6 3 3 2 1 1 2 2 2 1 1 1
 1 1 1 1 1 1 1 1 1 1 1 1 1 1 1 1 2 2 4 6 6 7 9 9 8 8 11 8 8 5 3 3 3 3 6 3 3 2 1 1 2 2 2 1 1 1
 0 0 1 1 1 0 0 0 1 1 1 1 1 1 2 2 2 2 3 3 3 4 10 10 13 13 13 7 7 6 3 3 2 2 4 1 1 1 0 0 1 1 1 0 0 0
 0 0 0 0 0 0 1 1 1 1 1 2 2 1 1 1 1 1 2 3 3 5 5 5 4 4 5 3 3 6 4 4 2 2 4 3 3 2 6 6 7 7 2 1 1 0
 0 0 0 0 0 0 1 1 1 1 1 2 2 1 1 1 1 1 2 3 3 5 5 5 4 4 5 3 3 6 4 4 2 2 4 3 3 2 6 6 7 7 2 1 1 0
 0 0 1 0 0 0 0 0 2 2 2 2 2 1 1 1 2 2 5 6 6 3 4 4 3 3 4 3 3 3 4 4 1 1 3 3 3 4 6 6 5 5 1 0 0 0
 2 2 3 2 2 1 1 1 1 1 1 1 1 0 1 1 1 1 2 2 2 1 0 0 1 1 1 4 4 9 4 4 2 2 1 1 1 1 1 1 1 1 1 1 1 0
 2 2 3 2 2 1 1 1 1 1 1 1 1 0 1 1 1 1 2 2 2 1 0 0 1 1 1 4 4 9 4 4 2 2 1 1 1 1 1 1 1 1 1 1 1 0
 2 2 2 1 1 0 0 0 0 0 0 0 0 0 0 0 1 1 1 0 0 1 1 1 4 4 4 8 8 10 6 6 2 2 1 1 1 1 1 1 1 1 1 0 0 0
 2 2 2 1 1 0 0 0 0 0 0 0 0 0 0 0 1 1 1 0 0 1 1 1 4 4 4 8 8 10 6 6 2 2 1 1 1 1 1 1 1 1 1 0 0 0
 1 1 1 0 0 0 0 0 0 0 0 0 0 0 0 0 1 1 1 1 1 2 3 3 4 4 5 6 6 7 6 6 4 4 1 2 2 1 1 1 0 0 0 0 0 0
 1 1 0 0 0 1 1 1 1 1 1 1 1 1 2 2 2 2 2 2 2 2 2 2 3 3 4 3 3 5 4 4 3 3 2 1 1 1 1 1 1 1 1 1 1 1
 1 1 0 0 0 1 1 1 1 1 1 1 1 1 2 2 2 2 2 2 2 2 2 2 3 3 4 3 3 5 4 4 3 3 2 1 1 1 1 1 1 1 1 1 1 1
 0 0 0 1 1 3 2 2 1 1 2 1 1 1 1 1 1 1 1 2 2 2 1 1 0 0 1 2 2 2 2 2 2 2 4 2 2 1 1 1 1 1 3 1 1 1
 1 1 1 1 1 3 2 2 1 1 1 2 2 1 1 1 0 0 0 0 0 0 1 1 2 2 0 0 0 0 1 1 3 3 4 2 2 1 1 1 1 1 5 3 3 1
 1 1 1 1 1 3 2 2 1 1 1 2 2 1 1 1 0 0 0 0 0 0 1 1 2 2 0 0 0 0 1 1 3 3 4 2 2 1 1 1 1 1 5 3 3 1
 1 1 1 2 2 3 2 2 1 1 1 1 1 0 0 0 0 0 0 0 0 0 1 1 2 2 0 0 0 1 1 1 1 1 2 2 2 2 1 1 2 2 4 2 2 1
 1 1 1 2 2 3 2 2 1 1 1 1 1 0 0 0 0 0 0 0 0 0 1 1 2 2 0 0 0 1 1 1 1 1 2 2 2 2 1 1 2 2 4 2 2 1
 2 2 2 1 1 1 1 1 1 1 0 0 0 0 0 0 0 0 0 1 1 1 1 1 2 2 1 1 1 1 2 2 2 2 3 5 5 5 2 2 2 2 2 2 2 2
 2 2 2 1 1 1 1 1 0 0 1 0 0 0 0 0 1 1 0 1 1 1 2 2 2 2 1 1 1 2 3 3 4 4 1 1 1 2 2 2 4 4 3 2 2 3
 2 2 2 1 1 1 1 1 0 0 1 0 0 0 0 0 1 1 0 1 1 1 2 2 2 2 1 1 1 2 3 3 4 4 1 1 1 2 2 2 4 4 3 2 2 3
 1 1 2 1 1 1 2 2 3 3 4 1 1 0 0 0 1 1 1 1 1 2 2 2 1 1 2 1 1 1 2 2 1 1 1 1 1 1 2 2 3 3 2 3 3 3
 1 1 2 2 2 2 4 4 7 7 7 6 6 0 0 0 0 0 2 2 2 3 2 2 1 1 1 1 1 1 1 1 1 1 1 1 1 3 1 1 0 0 2 1 1 0
