assets/RAT_results_old/precipitation/2019-09-01_IMERG.asc
ncols        46
nrows        77
xllcorner    74.800261325624
yllcorner    8.058333333333
cellsize     0.062500000000
NODATA_value -9999
 45 45 35 25 25 28 26 26 33 33 38 19 19 10 9 9 5 5 7 3 3 2 1 1 0 0 0 1 1 2 2 2 2 2 2 1 1 1 1 1 1 1 2 2 2 2
 34 34 28 43 43 33 23 23 35 35 44 23 23 8 8 8 5 5 2 2 2 1 1 1 1 1 1 1 1 1 1 1 1 1 1 1 1 1 1 1 2 2 2 2 2 1
 34 34 28 43 43 33 23 23 35 35 44 23 23 8 8 8 5 5 2 2 2 1 1 1 1 1 1 1 1 1 1 1 1 1 1 1 1 1 1 1 2 2 2 2 2 1
 23 23 28 37 37 26 24 24 32 32 36 6 6 4 4 4 6 6 4 2 2 0 0 0 1 1 1 1 1 1 1 1 0 0 0 1 1 1 1 1 1 1 2 2 2 2
 22 22 27 30 30 26 19 19 15 15 26 13 13 6 3 3 6 6 4 2 2 0 0 0 1 1 0 1 1 0 0 0 0 0 0 0 0 0 0 0 0 0 1 1 1 1
 22 22 27 30 30 26 19 19 15 15 26 13 13 6 3 3 6 6 4 2 2 0 0 0 1 1 0 1 1 0 0 0 0 0 0 0 0 0 0 0 0 0 1 1 1 1
 28 28 21 27 27 18 15 15 12 12 18 17 17 10 16 16 6 6 4 1 1 1 1 1 0 0 1 1 1 1 0 0 0 0 1 1 1 0 0 0 0 0 0 0 0 0
 28 28 21 27 27 18 15 15 12 12 18 17 17 10 16 16 6 6 4 1 1 1 1 1 0 0 1 1 1 1 0 0 0 0 1 1 1 0 0 0 0 0 0 0 0 0
 19 19 19 26 26 25 15 15 11 11 17 27 27 9 5 5 3 3 5 1 1 1 0 0 0 0 0 0 0 1 1 1 1 1 1 1 1 1 1 1 1 1 1 1 1 1
 20 20 15 25 25 17 15 15 12 12 31 22 22 10 7 7 6 6 8 5 5 1 1 1 1 1 0 0 0 0 1 1 1 1 0 1 1 2 1 1 2 2 2 1 1 2
 20 20 15 25 25 17 15 15 12 12 31 22 22 10 7 7 6 6 8 5 5 1 1 1 1 1 0 0 0 0 1 1 1 1 0 1 1 2 1 1 2 2 2 1 1 2
 15 15 20 16 16 23 14 14 15 15 14 18 18 12 13 13 8 8 9 10 10 5 4 4 1 1 0 0 0 0 2 2 1 1 0 1 1 1 1 1 2 2 2 2 2 2
 16 16 23 14 14 21 20 20 17 17 17 37 37 14 9 9 5 5 5 3 3 6 1 1 1 1 2 0 0 0 1 1 1 1 1 1 1 2 2 2 3 3 3 1 1 2
 16 16 23 14 14 21 20 20 17 17 17 37 37 14 9 9 5 5 5 3 3 6 1 1 1 1 2 0 0 0 1 1 1 1 1 1 1 2 2 2 3 3 3 1 1 2
 11 11 13 13 13 22 25 25 24 24 24 85 85 33 12 12 6 6 6 6 6 8 4 4 2 2 3 0 0 1 1 1 1 1 1 2 2 1 2 2 3 3 3 1 1 2
 11 11 13 13 13 22 25 25 24 24 24 85 85 33 12 12 6 6 6 6 6 8 4 4 2 2 3 0 0 1 1 1 1 1 1 2 2 1 2 2 3 3 3 1 1 2
 13 13 13 15 15 21 27 27 26 26 29 22 22 18 6 6 3 3 5 7 7 4 1 1 2 2 1 1 1 0 1 1 1 1 2 2 2 2 2 2 2 2 1 1 1 1
 16 16 17 14 14 17 23 23 23 23 23 19 19 10 7 7 5 5 14 16 16 13 8 8 3 3 2 1 1 1 1 1 1 1 2 2 2 1 2 2 2 2 1 0 0 1
 16 16 17 14 14 17 23 23 23 23 23 19 19 10 7 7 5 5 14 16 16 13 8 8 3 3 2 1 1 1 1 1 1 1 2 2 2 1 2 2 2 2 1 0 0 1
 15 15 14 18 18 21 17 17 16 16 14 18 18 14 11 11 15 15 27 30 30 35 6 6 2 2 2 2 2 2 1 1 2 2 1 2 2 1 1 1 1 1 0 0 0 0
 9 9 16 18 18 15 10 10 10 10 11 14 14 19 22 22 29 29 177 43 43 9 5 5 2 2 2 3 3 3 3 3 3 3 2 1 1 1 1 1 1 1 0 1 1 1
 9 9 16 18 18 15 10 10 10 10 11 14 14 19 22 22 29 29 177 43 43 9 5 5 2 2 2 3 3 3 3 3 3 3 2 1 1 1 1 1 1 1 0 1 1 1
 7 7 9 11 11 15 12 12 10 10 13 14 14 24 17 17 17 17 31 14 14 12 3 3 2 2 3 2 2 4 4 4 5 5 3 2 2 1 1 1 1 1 0 1 1 2
 7 7 9 11 11 15 12 12 10 10 13 14 14 24 17 17 17 17 31 14 14 12 3 3 2 2 3 2 2 4 4 4 5 5 3 2 2 1 1 1 1 1 0 1 1 2
 6 6 11 13 13 16 12 12 8 8 11 10 10 21 25 25 17 17 41 33 33 4 2 2 3 3 2 7 7 7 6 6 6 6 3 3 3 2 1 1 1 1 1 1 1 1
 6 6 9 10 10 9 7 7 8 8 9 13 13 22 25 25 25 25 24 28 28 4 2 2 3 3 6 4 4 3 3 3 7 7 4 6 6 3 2 2 2 2 2 1 1 1
 6 6 9 10 10 9 7 7 8 8 9 13 13 22 25 25 25 25 24 28 28 4 2 2 3 3 6 4 4 3 3 3 7 7 4 6 6 3 2 2 2 2 2 1 1 1
 6 6 5 6 6 4 3 3 4 4 8 25 25 18 14 14 16 16 19 16 16 7 4 4 4 4 4 4 4 5 5 5 12 12 5 4 4 3 2 2 2 2 2 2 2 1
 4 4 4 4 4 1 2 2 3 3 7 14 14 11 15 15 19 19 23 15 15 8 7 7 6 6 7 9 9 14 15 15 9 9 9 4 4 3 2 2 2 2 2 2 2 1
 4 4 4 4 4 1 2 2 3 3 7 14 14 11 15 15 19 19 23 15 15 8 7 7 6 6 7 9 9 14 15 15 9 9 9 4 4 3 2 2 2 2 2 2 2 1
 3 3 2 3 3 1 2 2 5 5 15 14 14 10 15 15 27 27 29 19 19 13 12 12 13 13 13 13 13 10 9 9 11 11 7 8 8 4 2 2 2 2 1 0 0 1
 3 3 2 3 3 1 2 2 5 5 15 14 14 10 15 15 27 27 29 19 19 13 12 12 13 13 13 13 13 10 9 9 11 11 7 8 8 4 2 2 2 2 1 0 0 1
 4 4 2 3 3 1 4 4 14 14 20 18 18 17 14 14 32 32 26 22 22 21 25 25 22 22 23 16 16 12 12 12 12 12 9 7 7 4 2 2 1 1 1 1 1 1
 6 6 4 6 6 3 6 6 16 16 14 11 11 13 18 18 26 26 31 27 27 27 23 23 19 19 14 11 11 9 7 7 8 8 6 5 5 4 3 3 2 2 2 2 2 3
 6 6 4 6 6 3 6 6 16 16 14 11 11 13 18 18 26 26 31 27 27 27 23 23 19 19 14 11 11 9 7 7 8 8 6 5 5 4 3 3 2 2 2 2 2 3
 3 3 4 5 5 4 9 9 14 14 11 11 11 13 16 16 22 22 30 28 28 26 19 19 16 16 13 14 14 10 8 8 6 6 3 3 3 3 3 3 2 2 2 1 1 1
 2 2 4 5 5 8 12 12 16 16 12 13 13 16 19 19 28 28 20 25 25 20 15 15 14 14 11 14 14 11 8 8 5 5 2 2 2 2 1 1 1 1 1 1 1 2
 2 2 4 5 5 8 12 12 16 16 12 13 13 16 19 19 28 28 20 25 25 20 15 15 14 14 11 14 14 11 8 8 5 5 2 2 2 2 1 1 1 1 1 1 1 2
 2 2 3 6 6 10 9 9 10 10 10 12 12 14 16 16 25 25 14 17 17 17 13 13 12 12 11 10 10 9 7 7 3 3 5 3 3 2 2 2 2 2 2 1 1 2
 2 2 3 6 6 10 9 9 10 10 10 12 12 14 16 16 25 25 14 17 17 17 13 13 12 12 11 10 10 9 7 7 3 3 5 3 3 2 2 2 2 2 2 1 1 2
 4 4 5 6 6 8 8 8 6 6 8 11 11 17 18 18 11 11 8 12 12 13 11 11 9 9 9 6 6 4 2 2 4 4 4 4 4 5 5 5 5 5 3 2 2 3
 5 5 5 6 6 10 7 7 6 6 8 11 11 13 13 13 10 10 11 8 8 9 9 9 5 5 16 8 8 3 4 4 4 4 4 6 6 8 7 7 5 5 3 2 2 3
 5 5 5 6 6 10 7 7 6 6 8 11 11 13 13 13 10 10 11 8 8 9 9 9 5 5 16 8 8 3 4 4 4 4 4 6 6 8 7 7 5 5 3 2 2 3
 5 5 7 11 11 14 8 8 5 5 5 5 5 4 4 4 6 6 10 7 7 10 9 9 9 9 12 16 16 8 7 7 6 6 6 6 6 7 5 5 3 3 2 2 2 4
 5 5 6 8 8 7 4 4 3 3 4 4 4 2 2 2 5 5 11 8 8 9 9 9 9 9 13 16 16 12 11 11 8 8 8 4 4 5 5 5 3 3 3 3 3 4
 5 5 6 8 8 7 4 4 3 3 4 4 4 2 2 2 5 5 11 8 8 9 9 9 9 9 13 16 16 12 11 11 8 8 8 4 4 5 5 5 3 3 3 3 3 4
 6 6 6 4 4 3 1 1 3 3 3 3 3 2 3 3 3 3 5 9 9 8 8 8 15 15 22 14 14 9 6 6 5 5 3 5 5 5 7 7 5 5 5 5 5 5
 6 6 6 4 4 3 1 1 3 3 3 3 3 2 3 3 3 3 5 9 9 8 8 8 15 15 22 14 14 9 6 6 5 5 3 5 5 5 7 7 5 5 5 5 5 5
 5 5 5 4 4 3 2 2 2 2 3 3 3 4 5 5 5 5 6 7 7 10 9 9 11 11 14 8 8 9 6 6 4 4 7 10 10 5 6 6 5 5 3 2 2 3
 2 2 2 2 2 2 1 1 2 2 4 7 7 9 9 9 9 9 7 9 9 9 9 9 13 13 12 9 9 15 12 12 9 9 10 15 15 8 5 5 3 3 2 2 2 3
 2 2 2 2 2 2 1 1 2 2 4 7 7 9 9 9 9 9 7 9 9 9 9 9 13 13 12 9 9 15 12 12 9 9 10 15 15 8 5 5 3 3 2 2 2 3
 1 1 1 1 1 2 3 3 4 4 9 15 15 13 6 6 5 5 4 6 6 6 9 9 13 13 16 11 11 15 21 21 19 19 14 10 10 6 3 3 3 3 3 3 3 2
 1 1 1 1 1 2 3 3 5 5 7 12 12 13 4 4 2 2 3 4 4 4 7 7 14 14 13 16 16 18 19 19 18 18 12 3 3 3 3 3 3 3 3 3 3 3
 1 1 1 1 1 2 3 3 5 5 7 12 12 13 4 4 2 2 3 4 4 4 7 7 14 14 13 16 16 18 19 19 18 18 12 3 3 3 3 3 3 3 3 3 3 3
 1 1 1 1 1 1 2 2 3 3 4 4 4 5 3 3 1 1 1 4 4 4 5 5 14 14 14 12 12 7 6 6 3 3 6 3 3 3 2 2 2 2 2 2 2 1
 1 1 1 1 1 1 2 2 3 3 4 4 4 5 3 3 1 1 1 4 4 4 5 5 14 14 14 12 12 7 6 6 3 3 6 3 3 3 2 2 2 2 2 2 2 1
 1 1 1 2 2 2 2 2 2 2 2 2 2 2 2 2 1 1 1 4 4 4 4 4 10 10 10 9 9 3 3 3 1 1 3 3 3 2 2 2 1 1 1 1 1 2
 1 1 2 2 2 3 2 2 3 3 3 3 3 2 2 2 1 1 1 1 1 1 5 5 8 8 4 7 7 2 2 2 3 3 2 2 2 1 2 2 1 1 1 1 1 1
 1 1 2 2 2 3 2 2 3 3 3 3 3 2 2 2 1 1 1 1 1 1 5 5 8 8 4 7 7 2 2 2 3 3 2 2 2 1 2 2 1 1 1 1 1 1
 1 1 1 1 1 1 1 1 1 1 1 1 1 1 1 1 1 1 1 1 1 1 7 7 7 7 3 4 4 2 0 0 1 1 1 1 1 1 2 2 2 2 2 2 2 2
 1 1 1 1 1 1 1 1 1 1 0 1 1 1 1 1 1 1 0 1 1 1 0 0 0 0 0 2 2 3 2 2 3 3 3 3 3 2 3 3 3 3 4 4 4 4
 1 1 1 1 1 1 1 1 1 1 0 1 1 1 1 1 1 1 0 1 1 1 0 0 0 0 0 2 2 3 2 2 3 3 3 3 3 2 3 3 3 3 4 4 4 4
 1 1 1 1 1 1 1 1 0 0 0 0 0 1 1 1 1 1 1 1 1 1 1 1 1 1 2 4 4 6 3 3 5 5 4 4 4 6 7 7 9 9 5 4 4 3
 1 1 1 1 1 1 1 1 0 0 0 0 0 1 1 1 1 1 1 1 1 1 1 1 1 1 2 4 4 6 3 3 5 5 4 4 4 6 7 7 9 9 5 4 4 3
 0 0 0 0 0 0 1 1 1 1 1 1 1 1 1 1 1 1 2 1 1 2 2 2 3 3 2 3 3 8 7 7 7 7 7 7 7 8 9 9 8 8 3 2 2 2
 1 1 2 2 2 1 1 1 2 2 2 2 2 2 1 1 1 1 2 2 2 2 2 2 3 3 3 4 4 10 12 12 13 13 10 10 10 8 7 7 5 5 2 1 1 1
 1 1 2 2 2 1 1 1 2 2 2 2 2 2 1 1 1 1 2 2 2 2 2 2 3 3 3 4 4 10 12 12 13 13 10 10 10 8 7 7 5 5 2 1 1 1
 1 1 5 5 5 4 4 4 3 3 3 3 3 3 2 2 2 2 2 2 2 3 4 4 4 4 4 6 6 8 14 14 12 12 10 6 6 4 4 4 4 4 2 1 1 1
 2 2 5 5 5 4 4 4 3 3 3 3 3 3 2 2 2 2 2 3 3 4 7 7 7 7 5 6 6 6 6 6 8 8 5 3 3 2 2 2 3 3 2 1 1 0
 2 2 5 5 5 4 4 4 3 3 3 3 3 3 2 2 2 2 2 3 3 4 7 7 7 7 5 6 6 6 6 6 8 8 5 3 3 2 2 2 3 3 2 1 1 0
 3 3 5 5 5 4 4 4 4 4 4 4 4 3 3 3 2 2 3 4 4 5 5 5 5 5 4 4 4 4 3 3 2 2 3 3 3 2 2 2 2 2 1 1 1 0
 3 3 5 5 5 4 4 4 4 4 4 4 4 3 3 3 2 2 3 4 4 5 5 5 5 5 4 4 4 4 3 3 2 2 3 3 3 2 2 2 2 2 1 1 1 0
 1 1 2 2 2 2 2 2 3 3 3 3 3 4 4 4 3 3 3 4 4 5 5 5 4 4 3 2 2 2 2 2 2 2 4 3 3 3 3 3 1 1 1 1 1 1
 1 1 1 1 1 2 2 2 2 2 2 4 4 8 6 6 4 4 4 5 5 7 8 8 8 8 5 3 3 2 2 2 3 3 3 6 6 13 14 14 10 10 9 7 7 6
 1 1 1 1 1 2 2 2 2 2 2 4 4 8 6 6 4 4 4 5 5 7 8 8 8 8 5 3 3 2 2 2 3 3 3 6 6 13 14 14 10 10 9 7 7 6
 1 1 1 2 2 2 2 2 2 2 3 3 3 3 4 4 6 6 6 6 6 6 6 6 5 5 4 3 3 3 4 4 5 5 5 8 8 10 12 12 13 13 12 11 11 8
 1 1 2 2 2 2 3 3 3 3 3 3 3 3 3 3 4 4 4 3 3 3 4 4 3 3 2 3 3 4 5 5 6 6 7 9 9 11 13 13 13 13 14 11 11 10
