assets/RAT_results_old/precipitation/2019-04-19_IMERG.asc
ncols        46
nrows        77
xllcorner    74.800261325624
yllcorner    8.058333333333
cellsize     0.062500000000
NODATA_value -9999
 0 0 0 0 0 0 0 0 0 0 0 0 0 0 0 0 0 0 0 0 0 0 0 0 0 0 4 3 3 3 0 0 10 10 9 4 4 0 0 0 0 0 0 0 0 0
 0 0 0 0 0 0 0 0 0 0 0 0 0 0 0 0 0 0 0 0 0 0 0 0 8 8 8 6 6 1 0 0 0 0 0 0 0 0 0 0 0 0 0 0 0 0
 0 0 0 0 0 0 0 0 0 0 0 0 0 0 0 0 0 0 0 0 0 0 0 0 8 8 8 6 6 1 0 0 0 0 0 0 0 0 0 0 0 0 0 0 0 0
 0 0 0 0 0 0 0 0 0 0 0 0 0 0 0 0 0 0 0 0 0 3 3 3 8 8 11 7 7 1 0 0 0 0 0 0 0 0 0 0 0 0 0 0 0 0
 0 0 0 0 0 0 0 0 0 0 0 0 0 0 0 0 0 0 0 0 0 0 0 0 5 5 8 8 8 1 0 0 0 0 0 0 0 0 0 0 0 0 0 0 0 0
 0 0 0 0 0 0 0 0 0 0 0 0 0 0 0 0 0 0 0 0 0 0 0 0 5 5 8 8 8 1 0 0 0 0 0 0 0 0 0 0 0 0 0 0 0 0
 0 0 0 0 0 0 0 0 0 0 0 0 0 0 0 0 0 0 0 0 0 0 0 0 0 0 0 0 0 1 1 1 0 0 0 0 0 0 0 0 3 3 0 0 0 0
 0 0 0 0 0 0 0 0 0 0 0 0 0 0 0 0 0 0 0 0 0 0 0 0 0 0 0 0 0 1 1 1 0 0 0 0 0 0 0 0 3 3 0 0 0 0
 0 0 0 0 0 0 0 0 0 0 0 0 0 0 0 0 1 1 1 1 1 0 0 0 0 0 0 0 0 1 1 1 0 0 0 0 0 1 0 0 3 3 3 0 0 1
 0 0 0 0 0 0 0 0 0 0 0 0 0 0 0 0 3 3 5 2 2 1 1 1 2 2 0 1 1 0 1 1 1 1 1 0 0 1 6 6 6 6 4 0 0 1
 0 0 0 0 0 0 0 0 0 0 0 0 0 0 0 0 3 3 5 2 2 1 1 1 2 2 0 1 1 0 1 1 1 1 1 0 0 1 6 6 6 6 4 0 0 1
 0 0 0 0 0 0 0 0 0 0 0 0 0 0 0 0 1 1 7 4 4 8 7 7 5 5 7 7 7 4 4 4 4 4 4 1 1 2 6 6 4 4 4 0 0 0
 0 0 0 0 0 0 0 0 0 0 0 0 0 0 0 0 6 6 7 11 11 10 14 14 13 13 12 8 8 18 6 6 6 6 5 4 4 2 6 6 4 4 7 1 1 1
 0 0 0 0 0 0 0 0 0 0 0 0 0 0 0 0 6 6 7 11 11 10 14 14 13 13 12 8 8 18 6 6 6 6 5 4 4 2 6 6 4 4 7 1 1 1
 0 0 0 0 0 0 1 1 1 1 0 0 0 0 0 0 0 0 8 24 24 13 33 33 22 22 48 25 25 21 8 8 6 6 5 5 5 2 2 2 1 1 1 1 1 1
 0 0 0 0 0 0 1 1 1 1 0 0 0 0 0 0 0 0 8 24 24 13 33 33 22 22 48 25 25 21 8 8 6 6 5 5 5 2 2 2 1 1 1 1 1 1
 0 0 0 0 0 0 0 0 1 1 0 0 0 0 0 0 4 4 23 8 8 26 32 32 36 36 49 25 25 20 9 9 8 8 9 5 5 4 5 5 2 2 1 0 0 0
 0 0 0 0 0 0 0 0 0 0 1 1 1 0 0 0 2 2 4 17 17 33 45 45 63 63 37 40 40 25 12 12 7 7 4 10 10 14 2 2 5 5 1 0 0 0
 0 0 0 0 0 0 0 0 0 0 1 1 1 0 0 0 2 2 4 17 17 33 45 45 63 63 37 40 40 25 12 12 7 7 4 10 10 14 2 2 5 5 1 0 0 0
 0 0 0 0 0 0 0 0 0 0 1 0 0 0 0 0 0 0 4 5 5 18 19 19 62 62 51 38 38 37 6 6 7 7 3 0 0 0 1 1 1 1 1 1 1 9
 0 0 0 0 0 0 0 0 0 0 0 1 1 0 0 0 0 0 0 0 0 8 31 31 60 60 58 53 53 36 11 11 10 10 4 4 4 6 7 7 1 1 21 22 22 6
 0 0 0 0 0 0 0 0 0 0 0 1 1 0 0 0 0 0 0 0 0 8 31 31 60 60 58 53 53 36 11 11 10 10 4 4 4 6 7 7 1 1 21 22 22 6
 0 0 1 0 0 1 0 0 0 0 0 1 1 1 0 0 0 0 0 0 0 1 11 11 17 17 53 50 50 53 27 27 31 31 13 10 10 12 6 6 4 4 9 24 24 21
 0 0 1 0 0 1 0 0 0 0 0 1 1 1 0 0 0 0 0 0 0 1 11 11 17 17 53 50 50 53 27 27 31 31 13 10 10 12 6 6 4 4 9 24 24 21
 1 1 1 0 0 0 0 0 0 0 0 0 0 1 0 0 0 0 0 2 2 4 7 7 15 15 18 49 49 53 32 32 28 28 25 14 14 10 11 11 26 26 19 30 30 13
 2 2 2 0 0 0 0 0 0 0 0 0 0 0 0 0 0 0 1 4 4 8 10 10 18 18 19 44 44 44 39 39 40 40 25 25 25 16 14 14 20 20 9 10 10 9
 2 2 2 0 0 0 0 0 0 0 0 0 0 0 0 0 0 0 1 4 4 8 10 10 18 18 19 44 44 44 39 39 40 40 25 25 25 16 14 14 20 20 9 10 10 9
 1 1 1 0 0 0 0 0 0 0 0 0 0 3 0 0 0 0 0 2 2 4 5 5 7 7 15 15 15 22 30 30 31 31 23 26 26 16 9 9 5 5 7 15 15 11
 1 1 1 0 0 0 0 0 0 0 0 0 0 3 0 0 0 0 0 0 0 1 2 2 4 4 6 13 13 26 16 16 31 31 21 22 22 13 10 10 9 9 10 13 13 8
 1 1 1 0 0 0 0 0 0 0 0 0 0 3 0 0 0 0 0 0 0 1 2 2 4 4 6 13 13 26 16 16 31 31 21 22 22 13 10 10 9 9 10 13 13 8
 0 0 0 0 0 0 0 0 0 0 0 0 0 0 0 0 0 0 0 0 0 1 1 1 1 1 9 13 13 25 47 47 42 42 36 32 32 19 10 10 8 8 13 6 6 8
 0 0 0 0 0 0 0 0 0 0 0 0 0 0 0 0 0 0 0 0 0 1 1 1 1 1 9 13 13 25 47 47 42 42 36 32 32 19 10 10 8 8 13 6 6 8
 0 0 0 0 0 0 0 0 0 0 0 0 0 0 0 0 0 0 0 1 1 1 2 2 2 2 7 25 25 46 63 63 37 37 44 43 43 34 19 19 11 11 7 10 10 8
 0 0 0 0 0 0 0 0 0 0 0 0 0 0 0 0 0 0 0 2 2 4 8 8 9 9 11 20 20 67 41 41 32 32 43 42 42 30 17 17 9 9 9 7 7 10
 0 0 0 0 0 0 0 0 0 0 0 0 0 0 0 0 0 0 0 2 2 4 8 8 9 9 11 20 20 67 41 41 32 32 43 42 42 30 17 17 9 9 9 7 7 10
 0 0 0 0 0 0 0 0 0 0 0 0 0 0 0 0 0 0 0 2 2 4 10 10 11 11 10 46 46 55 26 26 29 29 17 19 19 23 21 21 13 13 2 15 15 12
 0 0 0 0 0 0 0 0 0 0 0 0 0 0 0 0 1 1 1 2 2 5 6 6 6 6 14 29 29 28 30 30 25 25 26 25 25 23 20 20 12 12 24 29 29 26
 0 0 0 0 0 0 0 0 0 0 0 0 0 0 0 0 1 1 1 2 2 5 6 6 6 6 14 29 29 28 30 30 25 25 26 25 25 23 20 20 12 12 24 29 29 26
 0 0 0 0 0 0 0 0 0 0 0 0 0 0 1 1 2 2 1 1 1 2 2 2 3 3 15 27 27 35 29 29 45 45 76 54 54 31 24 24 14 14 12 30 30 29
 0 0 0 0 0 0 0 0 0 0 0 0 0 0 1 1 2 2 1 1 1 2 2 2 3 3 15 27 27 35 29 29 45 45 76 54 54 31 24 24 14 14 12 30 30 29
 0 0 0 0 0 0 0 0 0 0 0 0 0 0 1 1 1 1 1 1 1 1 3 3 6 6 21 29 29 32 37 37 49 49 89 82 82 58 43 43 24 24 24 27 27 27
 0 0 0 0 0 0 0 0 0 0 0 0 0 0 2 2 2 2 0 0 0 1 4 4 5 5 19 47 47 49 55 55 54 54 63 72 72 64 51 51 23 23 35 59 59 61
 0 0 0 0 0 0 0 0 0 0 0 0 0 0 2 2 2 2 0 0 0 1 4 4 5 5 19 47 47 49 55 55 54 54 63 72 72 64 51 51 23 23 35 59 59 61
 0 0 0 0 0 0 0 0 0 0 0 0 0 1 1 1 1 1 0 0 0 0 2 2 12 12 38 45 45 45 58 58 55 55 65 61 61 63 53 53 30 30 34 46 46 60
 0 0 0 0 0 0 0 0 0 0 0 1 1 2 1 1 0 0 0 0 0 0 1 1 40 40 40 55 55 65 74 74 74 74 66 71 71 48 45 45 35 35 49 52 52 57
 0 0 0 0 0 0 0 0 0 0 0 1 1 2 1 1 0 0 0 0 0 0 1 1 40 40 40 55 55 65 74 74 74 74 66 71 71 48 45 45 35 35 49 52 52 57
 0 0 0 0 0 0 0 0 0 0 0 0 0 1 1 1 0 0 1 1 1 3 3 3 42 42 48 70 70 82 102 102 117 117 84 66 66 46 43 43 35 35 55 69 69 71
 0 0 0 0 0 0 0 0 0 0 0 0 0 1 1 1 0 0 1 1 1 3 3 3 42 42 48 70 70 82 102 102 117 117 84 66 66 46 43 43 35 35 55 69 69 71
 0 0 0 0 0 0 0 0 0 0 0 0 0 0 0 0 0 0 0 1 1 1 10 10 17 17 27 66 66 81 104 104 123 123 117 85 85 53 30 30 24 24 69 70 70 73
 0 0 0 0 0 0 0 0 1 1 0 0 0 0 0 0 0 0 0 0 0 0 10 10 8 8 28 73 73 80 127 127 150 150 156 138 138 65 54 54 32 32 41 68 68 71
 0 0 0 0 0 0 0 0 1 1 0 0 0 0 0 0 0 0 0 0 0 0 10 10 8 8 28 73 73 80 127 127 150 150 156 138 138 65 54 54 32 32 41 68 68 71
 0 0 0 0 0 1 1 1 4 4 1 1 1 0 0 0 0 0 0 0 0 0 3 3 7 7 23 49 49 77 114 114 104 104 103 109 109 79 61 61 37 37 39 41 41 37
 0 0 0 1 1 3 3 3 2 2 2 1 1 0 0 0 0 0 0 0 0 0 3 3 5 5 20 36 36 66 83 83 103 103 113 83 83 71 60 60 79 79 87 92 92 69
 0 0 0 1 1 3 3 3 2 2 2 1 1 0 0 0 0 0 0 0 0 0 3 3 5 5 20 36 36 66 83 83 103 103 113 83 83 71 60 60 79 79 87 92 92 69
 0 0 0 0 0 1 1 1 3 3 4 1 1 0 0 0 1 1 0 0 0 0 2 2 4 4 17 28 28 141 156 156 123 123 104 81 81 65 80 80 115 115 104 104 104 73
 0 0 0 0 0 1 1 1 3 3 4 1 1 0 0 0 1 1 0 0 0 0 2 2 4 4 17 28 28 141 156 156 123 123 104 81 81 65 80 80 115 115 104 104 104 73
 0 0 0 0 0 0 1 1 1 1 4 2 2 1 1 1 2 2 1 0 0 0 0 0 12 12 74 77 77 138 150 150 115 115 133 149 149 141 81 81 123 123 119 94 94 72
 0 0 0 0 0 2 2 2 3 3 4 2 2 1 1 1 1 1 1 0 0 1 1 1 11 11 16 96 96 100 132 132 114 114 148 134 134 153 79 79 84 84 77 42 42 14
 0 0 0 0 0 2 2 2 3 3 4 2 2 1 1 1 1 1 1 0 0 1 1 1 11 11 16 96 96 100 132 132 114 114 148 134 134 153 79 79 84 84 77 42 42 14
 0 0 0 14 14 14 7 7 4 4 3 3 3 4 2 2 1 1 2 1 1 1 2 2 12 12 16 98 98 104 75 75 96 96 131 149 149 157 55 55 64 64 48 13 13 8
 0 0 1 3 3 10 1 1 1 1 1 8 8 12 1 1 2 2 3 2 2 1 3 3 12 12 11 20 20 31 74 74 100 100 133 67 67 72 43 43 33 33 9 3 3 1
 0 0 1 3 3 10 1 1 1 1 1 8 8 12 1 1 2 2 3 2 2 1 3 3 12 12 11 20 20 31 74 74 100 100 133 67 67 72 43 43 33 33 9 3 3 1
 0 0 1 2 2 1 0 0 0 0 1 13 13 6 4 4 7 7 5 1 1 1 1 1 2 2 12 10 10 34 32 32 67 67 75 52 52 32 30 30 9 9 2 1 1 1
 0 0 1 2 2 1 0 0 0 0 1 13 13 6 4 4 7 7 5 1 1 1 1 1 2 2 12 10 10 34 32 32 67 67 75 52 52 32 30 30 9 9 2 1 1 1
 1 1 0 0 0 1 1 1 0 0 2 4 4 2 13 13 7 7 2 1 1 2 2 2 1 1 4 2 2 18 19 19 19 19 23 25 25 14 8 8 8 8 7 2 2 1
 2 2 0 0 0 1 1 1 1 1 2 3 3 4 6 6 5 5 2 1 1 1 1 1 1 1 1 2 2 5 6 6 13 13 13 20 20 25 25 25 11 11 6 2 2 1
 2 2 0 0 0 1 1 1 1 1 2 3 3 4 6 6 5 5 2 1 1 1 1 1 1 1 1 2 2 5 6 6 13 13 13 20 20 25 25 25 11 11 6 2 2 1
 2 2 2 1 1 1 1 1 1 1 4 5 5 7 8 8 9 9 6 3 3 1 0 0 0 0 0 1 1 2 6 6 11 11 15 24 24 27 33 33 19 19 9 2 2 2
 3 3 6 1 1 1 1 1 2 2 5 9 9 12 13 13 13 13 11 7 7 3 0 0 0 0 0 1 1 3 4 4 9 9 11 24 24 27 46 46 41 41 15 4 4 3
 3 3 6 1 1 1 1 1 2 2 5 9 9 12 13 13 13 13 11 7 7 3 0 0 0 0 0 1 1 3 4 4 9 9 11 24 24 27 46 46 41 41 15 4 4 3
 2 2 2 1 1 1 2 2 3 3 4 8 8 10 12 12 12 12 44 39 39 33 16 16 0 0 0 0 0 1 3 3 3 3 5 14 14 14 31 31 23 23 12 7 7 3
 2 2 2 1 1 1 2 2 3 3 4 8 8 10 12 12 12 12 44 39 39 33 16 16 0 0 0 0 0 1 3 3 3 3 5 14 14 14 31 31 23 23 12 7 7 3
 2 2 1 2 2 1 4 4 6 6 16 6 6 6 9 9 8 8 9 34 34 32 16 16 16 16 16 0 0 0 1 1 2 2 5 5 5 12 53 53 17 17 14 9 9 4
 1 1 5 4 4 3 5 5 15 15 16 4 4 4 5 5 4 4 5 4 4 3 2 2 2 2 17 1 1 1 1 1 2 2 3 3 3 3 6 6 8 8 4 1 1 1
 1 1 5 4 4 3 5 5 15 15 16 4 4 4 5 5 4 4 5 4 4 3 2 2 2 2 17 1 1 1 1 1 2 2 3 3 3 3 6 6 8 8 4 1 1 1
 6 6 12 6 6 5 4 4 6 6 5 3 3 3 3 3 2 2 2 2 2 3 3 3 4 4 7 5 5 4 3 3 3 3 6 6 6 5 4 4 7 7 2 0 0 1
 5 5 7 5 5 6 5 5 3 3 3 3 3 2 2 2 2 2 2 2 2 3 2 2 4 4 9 8 8 7 7 7 6 6 6 9 9 7 5 5 2 2 2 1 1 1
