assets/RAT_results_old/precipitation/2019-10-23_IMERG.asc
ncols        46
nrows        77
xllcorner    74.800261325624
yllcorner    8.058333333333
cellsize     0.062500000000
NODATA_value -9999
 67 67 70 57 57 56 49 49 48 48 30 19 19 11 8 8 3 3 2 3 3 2 1 1 2 2 3 3 3 2 2 2 2 2 2 2 2 3 2 2 2 2 6 9 9 14
 62 62 67 55 55 55 50 50 48 48 28 19 19 15 7 7 4 4 2 1 1 1 1 1 1 1 1 1 1 1 1 1 2 2 2 2 2 2 2 2 2 2 7 10 10 12
 62 62 67 55 55 55 50 50 48 48 28 19 19 15 7 7 4 4 2 1 1 1 1 1 1 1 1 1 1 1 1 1 2 2 2 2 2 2 2 2 2 2 7 10 10 12
 60 60 56 40 40 34 35 35 30 30 28 18 18 10 5 5 1 1 1 1 1 0 0 0 1 1 1 1 1 1 1 1 1 1 1 1 1 1 2 2 3 3 10 11 11 11
 55 55 45 49 49 27 25 25 17 17 28 17 17 9 3 3 3 3 1 1 1 1 0 0 0 0 1 1 1 1 1 1 0 0 1 1 1 1 1 1 2 2 4 5 5 8
 55 55 45 49 49 27 25 25 17 17 28 17 17 9 3 3 3 3 1 1 1 1 0 0 0 0 1 1 1 1 1 1 0 0 1 1 1 1 1 1 2 2 4 5 5 8
 58 58 45 48 48 28 22 22 13 13 14 10 10 7 5 5 2 2 3 1 1 1 0 0 0 0 1 2 2 1 1 1 0 0 0 0 0 1 1 1 2 2 3 4 4 6
 58 58 45 48 48 28 22 22 13 13 14 10 10 7 5 5 2 2 3 1 1 1 0 0 0 0 1 2 2 1 1 1 0 0 0 0 0 1 1 1 2 2 3 4 4 6
 53 53 42 36 36 22 19 19 4 4 6 6 6 6 3 3 3 3 3 3 3 3 1 1 1 1 2 2 2 2 1 1 2 2 1 1 1 1 1 1 1 1 2 3 3 6
 20 20 16 20 20 19 19 19 15 15 15 11 11 3 4 4 2 2 2 3 3 5 6 6 3 3 3 4 4 3 3 3 5 5 4 2 2 1 0 0 0 0 1 2 2 3
 20 20 16 20 20 19 19 19 15 15 15 11 11 3 4 4 2 2 2 3 3 5 6 6 3 3 3 4 4 3 3 3 5 5 4 2 2 1 0 0 0 0 1 2 2 3
 11 11 16 18 18 19 24 24 17 17 17 15 15 26 4 4 5 5 3 4 4 4 4 4 3 3 2 2 2 2 2 2 3 3 2 2 2 2 0 0 0 0 1 1 1 2
 8 8 11 17 17 18 37 37 37 37 42 32 32 29 5 5 6 6 5 12 12 7 5 5 5 5 2 1 1 1 1 1 1 1 2 2 2 2 1 1 1 1 1 1 1 1
 8 8 11 17 17 18 37 37 37 37 42 32 32 29 5 5 6 6 5 12 12 7 5 5 5 5 2 1 1 1 1 1 1 1 2 2 2 2 1 1 1 1 1 1 1 1
 3 3 5 32 32 22 41 41 38 38 26 21 21 17 13 13 11 11 13 13 13 9 6 6 5 5 2 1 1 1 1 1 2 2 2 2 2 3 2 2 2 2 1 1 1 4
 3 3 5 32 32 22 41 41 38 38 26 21 21 17 13 13 11 11 13 13 13 9 6 6 5 5 2 1 1 1 1 1 2 2 2 2 2 3 2 2 2 2 1 1 1 4
 3 3 8 30 30 30 30 30 34 34 34 28 28 23 16 16 10 10 11 12 12 10 8 8 6 6 3 1 1 2 2 2 3 3 3 3 3 4 4 4 3 3 3 3 3 8
 6 6 10 34 34 36 40 40 50 50 49 48 48 24 18 18 16 16 23 22 22 18 15 15 8 8 4 2 2 2 3 3 4 4 4 4 4 4 4 4 4 4 6 21 21 49
 6 6 10 34 34 36 40 40 50 50 49 48 48 24 18 18 16 16 23 22 22 18 15 15 8 8 4 2 2 2 3 3 4 4 4 4 4 4 4 4 4 4 6 21 21 49
 32 32 20 42 42 41 37 37 46 46 53 54 54 44 40 40 20 20 28 21 21 20 14 14 5 5 5 2 2 2 3 3 4 4 4 5 5 5 5 5 6 6 6 23 23 52
 36 36 43 55 55 47 44 44 63 63 69 58 58 47 40 40 36 36 36 27 27 15 11 11 7 7 3 3 3 3 3 3 4 4 4 4 4 5 6 6 6 6 8 35 35 52
 36 36 43 55 55 47 44 44 63 63 69 58 58 47 40 40 36 36 36 27 27 15 11 11 7 7 3 3 3 3 3 3 4 4 4 4 4 5 6 6 6 6 8 35 35 52
 18 18 42 48 48 43 43 43 63 63 66 46 46 49 52 52 26 26 24 30 30 39 14 14 7 7 3 3 3 3 3 3 3 3 3 4 4 4 4 4 7 7 10 51 51 26
 18 18 42 48 48 43 43 43 63 63 66 46 46 49 52 52 26 26 24 30 30 39 14 14 7 7 3 3 3 3 3 3 3 3 3 4 4 4 4 4 7 7 10 51 51 26
 15 15 37 41 41 40 57 57 63 63 60 53 53 60 43 43 20 20 16 29 29 37 38 38 19 19 7 3 3 3 2 2 2 2 2 2 2 5 6 6 35 35 45 56 56 31
 12 12 16 21 21 16 33 33 13 13 36 42 42 46 41 41 30 30 34 35 35 33 34 34 34 34 16 3 3 3 1 1 1 1 2 2 2 6 6 6 12 12 20 25 25 17
 12 12 16 21 21 16 33 33 13 13 36 42 42 46 41 41 30 30 34 35 35 33 34 34 34 34 16 3 3 3 1 1 1 1 2 2 2 6 6 6 12 12 20 25 25 17
 7 7 10 19 19 20 18 18 13 13 9 11 11 25 28 28 29 29 34 34 34 33 34 34 34 34 15 5 5 4 1 1 1 1 2 3 3 3 4 4 11 11 16 21 21 17
 7 7 6 7 7 9 9 9 13 13 10 11 11 10 24 24 32 32 37 34 34 27 27 27 16 16 16 4 4 4 1 1 2 2 2 3 3 3 4 4 6 6 8 8 8 8
 7 7 6 7 7 9 9 9 13 13 10 11 11 10 24 24 32 32 37 34 34 27 27 27 16 16 16 4 4 4 1 1 2 2 2 3 3 3 4 4 6 6 8 8 8 8
 5 5 7 7 7 12 15 15 13 13 14 13 13 13 25 25 31 31 29 28 28 18 18 18 10 10 15 4 4 2 2 2 2 2 3 3 3 4 4 4 5 5 8 7 7 7
 5 5 7 7 7 12 15 15 13 13 14 13 13 13 25 25 31 31 29 28 28 18 18 18 10 10 15 4 4 2 2 2 2 2 3 3 3 4 4 4 5 5 8 7 7 7
 6 6 7 21 21 27 28 28 22 22 15 12 12 13 15 15 15 15 22 23 23 18 17 17 9 9 4 3 3 3 3 3 3 3 2 3 3 3 3 3 5 5 6 6 6 6
 7 7 19 23 23 27 33 33 20 20 21 17 17 13 13 13 13 13 22 20 20 13 12 12 9 9 4 3 3 3 3 3 4 4 2 2 2 3 3 3 4 4 5 5 5 6
 7 7 19 23 23 27 33 33 20 20 21 17 17 13 13 13 13 13 22 20 20 13 12 12 9 9 4 3 3 3 3 3 4 4 2 2 2 3 3 3 4 4 5 5 5 6
 10 10 12 23 23 28 36 36 19 19 18 27 27 23 8 8 15 15 18 13 13 9 22 22 17 17 15 10 10 3 3 3 3 3 3 2 2 3 3 3 4 4 4 4 4 5
 14 14 13 30 30 30 38 38 38 38 37 22 22 18 6 6 16 16 15 23 23 23 18 18 16 16 13 6 6 2 1 1 2 2 2 2 2 2 3 3 3 3 4 5 5 5
 14 14 13 30 30 30 38 38 38 38 37 22 22 18 6 6 16 16 15 23 23 23 18 18 16 16 13 6 6 2 1 1 2 2 2 2 2 2 3 3 3 3 4 5 5 5
 16 16 20 21 21 31 39 39 39 39 54 43 43 36 15 15 16 16 14 23 23 25 26 26 24 24 8 6 6 2 2 2 2 2 2 2 2 2 3 3 5 5 4 4 4 5
 16 16 20 21 21 31 39 39 39 39 54 43 43 36 15 15 16 16 14 23 23 25 26 26 24 24 8 6 6 2 2 2 2 2 2 2 2 2 3 3 5 5 4 4 4 5
 19 19 22 54 54 59 49 49 55 55 53 49 49 35 25 25 8 8 12 15 15 25 25 25 23 23 13 15 15 15 9 9 4 4 3 3 3 4 3 3 5 5 5 6 6 6
 31 31 46 56 56 65 69 69 85 85 78 58 58 29 25 25 8 8 28 34 34 42 34 34 33 33 32 34 34 24 9 9 7 7 6 13 13 9 7 7 9 9 10 11 11 9
 31 31 46 56 56 65 69 69 85 85 78 58 58 29 25 25 8 8 28 34 34 42 34 34 33 33 32 34 34 24 9 9 7 7 6 13 13 9 7 7 9 9 10 11 11 9
 56 56 58 64 64 85 71 71 79 79 85 69 69 54 53 53 45 45 36 41 41 50 47 47 27 27 28 26 26 17 15 15 13 13 14 16 16 14 11 11 15 15 15 16 16 17
 50 50 65 69 69 67 93 93 92 92 92 77 77 73 72 72 101 101 87 62 62 48 48 48 37 37 25 20 20 36 15 15 19 19 12 16 16 13 15 15 16 16 17 17 17 19
 50 50 65 69 69 67 93 93 92 92 92 77 77 73 72 72 101 101 87 62 62 48 48 48 37 37 25 20 20 36 15 15 19 19 12 16 16 13 15 15 16 16 17 17 17 19
 62 62 72 85 85 68 94 94 81 81 84 76 76 84 90 90 103 103 111 88 88 82 62 62 46 46 43 21 21 33 14 14 16 16 13 16 16 13 13 13 17 17 17 21 21 21
 62 62 72 85 85 68 94 94 81 81 84 76 76 84 90 90 103 103 111 88 88 82 62 62 46 46 43 21 21 33 14 14 16 16 13 16 16 13 13 13 17 17 17 21 21 21
 58 58 75 73 73 69 92 92 76 76 80 74 74 85 87 87 93 93 114 103 103 83 64 64 48 48 29 29 29 28 19 19 9 9 10 11 11 10 10 10 15 15 15 17 17 18
 56 56 74 72 72 70 51 51 67 67 64 62 62 68 89 89 94 94 109 88 88 49 30 30 30 30 28 26 26 29 21 21 9 9 10 10 10 10 10 10 14 14 13 15 15 16
 56 56 74 72 72 70 51 51 67 67 64 62 62 68 89 89 94 94 109 88 88 49 30 30 30 30 28 26 26 29 21 21 9 9 10 10 10 10 10 10 14 14 13 15 15 16
 54 54 67 63 63 61 48 48 72 72 63 54 54 67 76 76 93 93 105 105 105 52 19 19 30 30 27 25 25 22 21 21 14 14 15 15 15 10 10 10 10 10 13 14 14 17
 47 47 61 60 60 59 53 53 57 57 53 63 63 71 77 77 68 68 71 70 70 28 18 18 28 28 27 22 22 17 16 16 18 18 12 14 14 9 9 9 7 7 10 10 10 12
 47 47 61 60 60 59 53 53 57 57 53 63 63 71 77 77 68 68 71 70 70 28 18 18 28 28 27 22 22 17 16 16 18 18 12 14 14 9 9 9 7 7 10 10 10 12
 42 42 54 45 45 47 49 49 60 60 59 73 73 51 55 55 68 68 48 65 65 23 19 19 23 23 21 21 21 16 15 15 17 17 11 11 11 7 5 5 5 5 5 5 5 6
 42 42 54 45 45 47 49 49 60 60 59 73 73 51 55 55 68 68 48 65 65 23 19 19 23 23 21 21 21 16 15 15 17 17 11 11 11 7 5 5 5 5 5 5 5 6
 35 35 28 34 34 37 44 44 64 64 58 71 71 64 54 54 66 66 55 51 51 39 19 19 24 24 23 21 21 14 18 18 17 17 7 10 10 5 4 4 5 5 4 4 4 4
 28 28 28 29 29 35 25 25 41 41 49 54 54 67 56 56 66 66 55 69 69 52 31 31 16 16 23 13 13 12 9 9 18 18 8 5 5 5 5 5 5 5 3 2 2 2
 28 28 28 29 29 35 25 25 41 41 49 54 54 67 56 56 66 66 55 69 69 52 31 31 16 16 23 13 13 12 9 9 18 18 8 5 5 5 5 5 5 5 3 2 2 2
 17 17 15 18 18 31 36 36 42 42 53 47 47 59 60 60 63 63 57 63 63 51 32 32 18 18 26 14 14 13 10 10 9 9 9 9 9 9 8 8 5 5 3 2 2 3
 16 16 14 15 15 28 33 33 41 41 59 58 58 75 78 78 80 80 39 26 26 41 39 39 26 26 21 17 17 11 10 10 9 9 8 7 7 10 7 7 4 4 3 2 2 4
 16 16 14 15 15 28 33 33 41 41 59 58 58 75 78 78 80 80 39 26 26 41 39 39 26 26 21 17 17 11 10 10 9 9 8 7 7 10 7 7 4 4 3 2 2 4
 10 10 15 18 18 31 42 42 45 45 56 58 58 73 75 75 78 78 41 23 23 16 18 18 35 35 37 22 22 15 17 17 14 14 5 5 5 4 4 4 3 3 2 2 2 3
 10 10 15 18 18 31 42 42 45 45 56 58 58 73 75 75 78 78 41 23 23 16 18 18 35 35 37 22 22 15 17 17 14 14 5 5 5 4 4 4 3 3 2 2 2 3
 10 10 14 16 16 29 39 39 43 43 56 64 64 65 69 69 35 35 29 17 17 10 24 24 58 58 48 41 41 28 15 15 13 13 1 1 1 1 4 4 2 2 3 4 4 5
 12 12 15 16 16 25 34 34 43 43 51 61 61 52 43 43 33 33 14 14 14 18 32 32 94 94 51 63 63 33 25 25 20 20 1 2 2 2 2 2 3 3 3 6 6 7
 12 12 15 16 16 25 34 34 43 43 51 61 61 52 43 43 33 33 14 14 14 18 32 32 94 94 51 63 63 33 25 25 20 20 1 2 2 2 2 2 3 3 3 6 6 7
 12 12 13 13 13 18 28 28 37 37 44 55 55 48 41 41 31 31 16 18 18 34 54 54 110 110 34 47 47 29 13 13 20 20 2 2 2 3 3 3 4 4 4 5 5 5
 9 9 9 10 10 14 25 25 34 34 41 48 48 38 34 34 28 28 21 21 21 44 52 52 76 76 47 49 49 35 24 24 17 17 7 4 4 5 5 5 5 5 3 3 3 3
 9 9 9 10 10 14 25 25 34 34 41 48 48 38 34 34 28 28 21 21 21 44 52 52 76 76 47 49 49 35 24 24 17 17 7 4 4 5 5 5 5 5 3 3 3 3
 6 6 7 7 7 13 19 19 28 28 35 42 42 37 34 34 29 29 26 33 33 42 57 57 57 57 48 67 67 76 71 71 18 18 9 5 5 6 6 6 4 4 4 3 3 2
 6 6 7 7 7 13 19 19 28 28 35 42 42 37 34 34 29 29 26 33 33 42 57 57 57 57 48 67 67 76 71 71 18 18 9 5 5 6 6 6 4 4 4 3 3 2
 5 5 6 6 6 10 18 18 27 27 33 40 40 31 32 32 30 30 31 34 34 41 38 38 47 47 40 63 63 64 61 61 28 28 20 16 16 5 4 4 3 3 4 4 4 4
 5 5 6 5 5 7 15 15 23 23 31 37 37 29 35 35 30 30 31 35 35 37 31 31 45 45 41 66 66 63 44 44 21 21 22 11 11 7 3 3 2 2 2 3 3 3
 5 5 6 5 5 7 15 15 23 23 31 37 37 29 35 35 30 30 31 35 35 37 31 31 45 45 41 66 66 63 44 44 21 21 22 11 11 7 3 3 2 2 2 3 3 3
 6 6 8 6 6 8 13 13 25 25 27 33 33 29 30 30 27 27 30 26 26 27 24 24 34 34 44 43 43 42 37 37 21 21 22 22 22 10 11 11 8 8 3 7 7 3
 5 5 7 11 11 10 12 12 19 19 24 29 29 32 31 31 27 27 26 25 25 22 19 19 29 29 40 41 41 30 15 15 14 14 12 9 9 8 10 10 7 7 7 6 6 2
