assets/RAT_results_old/precipitation/2019-08-22_IMERG.asc
ncols        46
nrows        77
xllcorner    74.800261325624
yllcorner    8.058333333333
cellsize     0.062500000000
NODATA_value -9999
 27 27 21 20 20 18 15 15 26 26 25 13 13 6 6 6 5 5 5 2 2 2 2 2 2 2 3 3 3 4 4 4 3 3 4 6 6 10 17 17 15 15 11 7 7 6
 30 30 23 23 23 19 28 28 29 29 24 24 24 19 18 18 6 6 5 2 2 2 4 4 5 5 5 5 5 6 8 8 8 8 8 8 8 10 14 14 24 24 14 11 11 8
 30 30 23 23 23 19 28 28 29 29 24 24 24 19 18 18 6 6 5 2 2 2 4 4 5 5 5 5 5 6 8 8 8 8 8 8 8 10 14 14 24 24 14 11 11 8
 31 31 20 17 17 16 11 11 17 17 14 15 15 10 6 6 4 4 3 1 1 2 4 4 5 5 6 7 7 7 10 10 11 11 12 11 11 15 21 21 26 26 24 15 15 9
 35 35 22 19 19 6 4 4 3 3 6 8 8 8 7 7 4 4 2 1 1 1 2 2 2 2 3 3 3 4 6 6 9 9 11 15 15 18 22 22 23 23 24 22 22 16
 35 35 22 19 19 6 4 4 3 3 6 8 8 8 7 7 4 4 2 1 1 1 2 2 2 2 3 3 3 4 6 6 9 9 11 15 15 18 22 22 23 23 24 22 22 16
 20 20 20 18 18 12 3 3 2 2 5 7 7 6 5 5 4 4 2 1 1 1 1 1 1 1 2 2 2 2 2 2 5 5 10 12 12 18 21 21 27 27 26 20 20 16
 20 20 20 18 18 12 3 3 2 2 5 7 7 6 5 5 4 4 2 1 1 1 1 1 1 1 2 2 2 2 2 2 5 5 10 12 12 18 21 21 27 27 26 20 20 16
 18 18 20 17 17 12 3 3 2 2 6 6 6 3 2 2 2 2 2 2 2 1 0 0 1 1 1 1 1 1 1 1 2 2 3 7 7 13 19 19 18 18 20 16 16 16
 16 16 14 17 17 15 4 4 3 3 3 3 3 3 1 1 1 1 2 2 2 2 1 1 2 2 2 1 1 0 0 0 1 1 1 4 4 5 8 8 10 10 13 13 13 13
 16 16 14 17 17 15 4 4 3 3 3 3 3 3 1 1 1 1 2 2 2 2 1 1 2 2 2 1 1 0 0 0 1 1 1 4 4 5 8 8 10 10 13 13 13 13
 13 13 12 14 14 15 11 11 9 9 4 4 4 4 6 6 6 6 4 4 4 4 4 4 7 7 7 4 4 2 2 2 2 2 3 3 3 3 5 5 6 6 8 9 9 11
 16 16 13 17 17 24 14 14 11 11 13 9 9 14 16 16 16 16 10 11 11 9 5 5 5 5 4 3 3 3 3 3 4 4 5 5 5 5 6 6 7 7 7 8 8 9
 16 16 13 17 17 24 14 14 11 11 13 9 9 14 16 16 16 16 10 11 11 9 5 5 5 5 4 3 3 3 3 3 4 4 5 5 5 5 6 6 7 7 7 8 8 9
 26 26 15 17 17 17 26 26 20 20 22 17 17 18 19 19 17 17 16 16 16 12 8 8 7 7 4 4 4 5 6 6 8 8 9 9 9 12 11 11 11 11 11 11 11 8
 26 26 15 17 17 17 26 26 20 20 22 17 17 18 19 19 17 17 16 16 16 12 8 8 7 7 4 4 4 5 6 6 8 8 9 9 9 12 11 11 11 11 11 11 11 8
 31 31 34 42 42 26 22 22 24 24 19 12 12 11 11 11 13 13 12 11 11 9 7 7 6 6 3 3 3 3 5 5 7 7 8 8 8 9 13 13 16 16 14 11 11 7
 35 35 44 44 44 56 27 27 17 17 25 15 15 11 9 9 7 7 6 3 3 2 2 2 1 1 1 1 1 1 1 1 2 2 4 6 6 5 7 7 11 11 8 7 7 5
 35 35 44 44 44 56 27 27 17 17 25 15 15 11 9 9 7 7 6 3 3 2 2 2 1 1 1 1 1 1 1 1 2 2 4 6 6 5 7 7 11 11 8 7 7 5
 44 44 48 61 61 57 50 50 25 25 21 17 17 11 13 13 8 8 6 3 3 1 1 1 1 1 1 2 2 2 2 2 3 3 5 7 7 5 7 7 13 13 6 5 5 5
 41 41 47 46 46 49 49 49 44 44 38 36 36 18 12 12 11 11 12 10 10 7 6 6 2 2 2 4 4 4 3 3 5 5 7 8 8 7 9 9 11 11 7 4 4 3
 41 41 47 46 46 49 49 49 44 44 38 36 36 18 12 12 11 11 12 10 10 7 6 6 2 2 2 4 4 4 3 3 5 5 7 8 8 7 9 9 11 11 7 4 4 3
 39 39 48 46 46 47 44 44 44 44 38 40 40 16 18 18 11 11 8 11 11 13 8 8 3 3 2 3 3 4 3 3 5 5 6 7 7 7 7 7 8 8 8 7 7 7
 39 39 48 46 46 47 44 44 44 44 38 40 40 16 18 18 11 11 8 11 11 13 8 8 3 3 2 3 3 4 3 3 5 5 6 7 7 7 7 7 8 8 8 7 7 7
 37 37 64 67 67 70 52 52 54 54 45 44 44 24 26 26 11 11 5 10 10 15 14 14 8 8 5 3 3 2 3 3 3 3 4 5 5 5 5 5 6 6 6 6 6 7
 55 55 27 68 68 70 51 51 48 48 69 67 67 31 27 27 24 24 6 7 7 18 16 16 8 8 8 4 4 2 1 1 2 2 2 3 3 3 4 4 5 5 5 5 5 5
 55 55 27 68 68 70 51 51 48 48 69 67 67 31 27 27 24 24 6 7 7 18 16 16 8 8 8 4 4 2 1 1 2 2 2 3 3 3 4 4 5 5 5 5 5 5
 32 32 32 40 40 52 66 66 63 63 81 73 73 65 29 29 29 29 8 6 6 4 8 8 10 10 14 7 7 1 1 1 1 1 2 2 2 2 2 2 3 3 3 3 3 3
 36 36 35 30 30 34 56 56 61 61 62 98 98 67 34 34 32 32 14 6 6 5 6 6 10 10 14 12 12 7 4 4 1 1 1 1 1 1 1 1 2 2 2 2 2 2
 36 36 35 30 30 34 56 56 61 61 62 98 98 67 34 34 32 32 14 6 6 5 6 6 10 10 14 12 12 7 4 4 1 1 1 1 1 1 1 1 2 2 2 2 2 2
 30 30 27 26 26 33 39 39 56 56 75 78 78 67 34 34 32 32 31 15 15 8 4 4 8 8 12 11 11 9 9 9 2 2 1 1 1 1 1 1 1 1 2 1 1 2
 30 30 27 26 26 33 39 39 56 56 75 78 78 67 34 34 32 32 31 15 15 8 4 4 8 8 12 11 11 9 9 9 2 2 1 1 1 1 1 1 1 1 2 1 1 2
 25 25 29 31 31 32 41 41 64 64 65 76 76 69 42 42 36 36 31 15 15 11 6 6 6 6 6 11 11 11 8 8 5 5 2 1 1 1 1 1 1 1 1 1 1 1
 20 20 25 27 27 35 42 42 58 58 64 73 73 66 45 45 37 37 41 31 31 26 14 14 8 8 9 8 8 10 8 8 6 6 3 2 2 2 2 2 2 2 1 1 1 1
 20 20 25 27 27 35 42 42 58 58 64 73 73 66 45 45 37 37 41 31 31 26 14 14 8 8 9 8 8 10 8 8 6 6 3 2 2 2 2 2 2 2 1 1 1 1
 16 16 29 31 31 35 36 36 47 47 54 65 65 68 59 59 49 49 45 30 30 29 21 21 18 18 10 8 8 9 7 7 6 6 3 3 3 4 4 4 1 1 1 1 1 1
 28 28 39 37 37 41 32 32 39 39 44 48 48 54 65 65 61 61 49 40 40 36 26 26 19 19 14 11 11 10 6 6 5 5 5 4 4 4 4 4 1 1 1 1 1 1
 28 28 39 37 37 41 32 32 39 39 44 48 48 54 65 65 61 61 49 40 40 36 26 26 19 19 14 11 11 10 6 6 5 5 5 4 4 4 4 4 1 1 1 1 1 1
 29 29 41 37 37 40 44 44 30 30 35 35 35 44 51 51 54 54 47 41 41 41 39 39 27 27 16 14 14 7 7 7 6 6 5 5 5 4 3 3 1 1 1 1 1 2
 29 29 41 37 37 40 44 44 30 30 35 35 35 44 51 51 54 54 47 41 41 41 39 39 27 27 16 14 14 7 7 7 6 6 5 5 5 4 3 3 1 1 1 1 1 2
 20 20 23 38 38 36 35 35 32 32 36 36 36 39 37 37 48 48 56 40 40 38 31 31 21 21 18 16 16 12 10 10 5 5 6 5 5 4 3 3 1 1 2 2 2 2
 18 18 23 32 32 31 44 44 42 42 34 33 33 40 39 39 40 40 33 32 32 33 30 30 20 20 26 20 20 26 29 29 12 12 14 4 4 4 3 3 1 1 2 3 3 5
 18 18 23 32 32 31 44 44 42 42 34 33 33 40 39 39 40 40 33 32 32 33 30 30 20 20 26 20 20 26 29 29 12 12 14 4 4 4 3 3 1 1 2 3 3 5
 20 20 25 28 28 34 38 38 42 42 32 37 37 35 43 43 36 36 34 31 31 36 24 24 27 27 29 27 27 26 28 28 12 12 9 6 6 4 3 3 3 3 2 1 1 1
 24 24 29 35 35 32 41 41 44 44 49 61 61 51 43 43 27 27 16 15 15 21 31 31 30 30 28 19 19 22 23 23 7 7 8 6 6 4 3 3 2 2 1 1 1 1
 24 24 29 35 35 32 41 41 44 44 49 61 61 51 43 43 27 27 16 15 15 21 31 31 30 30 28 19 19 22 23 23 7 7 8 6 6 4 3 3 2 2 1 1 1 1
 27 27 32 30 30 31 37 37 39 39 41 45 45 35 44 44 52 52 40 19 19 15 22 22 18 18 19 16 16 20 8 8 7 7 5 3 3 3 4 4 3 3 2 1 1 1
 27 27 32 30 30 31 37 37 39 39 41 45 45 35 44 44 52 52 40 19 19 15 22 22 18 18 19 16 16 20 8 8 7 7 5 3 3 3 4 4 3 3 2 1 1 1
 27 27 30 30 30 30 36 36 28 28 32 52 52 51 55 55 52 52 36 41 41 22 21 21 16 16 12 11 11 10 8 8 8 8 3 6 6 7 4 4 3 3 1 1 1 1
 27 27 29 35 35 38 38 38 38 38 38 39 39 39 53 53 41 41 37 38 38 20 20 20 13 13 13 8 8 6 6 6 5 5 5 6 6 6 2 2 2 2 1 1 1 1
 27 27 29 35 35 38 38 38 38 38 38 39 39 39 53 53 41 41 37 38 38 20 20 20 13 13 13 8 8 6 6 6 5 5 5 6 6 6 2 2 2 2 1 1 1 1
 29 29 35 36 36 37 36 36 36 36 27 23 23 25 50 50 11 11 35 37 37 39 23 23 13 13 12 8 8 7 5 5 6 6 6 6 6 3 2 2 1 1 3 2 2 1
 29 29 30 30 30 32 32 32 33 33 35 34 34 31 26 26 14 14 37 40 40 38 22 22 25 25 16 19 19 15 10 10 8 8 7 8 8 4 3 3 1 1 2 2 2 1
 29 29 30 30 30 32 32 32 33 33 35 34 34 31 26 26 14 14 37 40 40 38 22 22 25 25 16 19 19 15 10 10 8 8 7 8 8 4 3 3 1 1 2 2 2 1
 19 19 23 26 26 29 30 30 27 27 30 28 28 24 18 18 10 10 10 10 10 32 34 34 31 31 25 17 17 17 20 20 16 16 11 12 12 5 2 2 1 1 2 2 2 2
 19 19 23 26 26 29 30 30 27 27 30 28 28 24 18 18 10 10 10 10 10 32 34 34 31 31 25 17 17 17 20 20 16 16 11 12 12 5 2 2 1 1 2 2 2 2
 19 19 21 20 20 19 17 17 17 17 18 19 19 19 21 21 14 14 14 13 13 15 24 24 33 33 25 21 21 16 21 21 18 18 18 22 22 17 2 2 1 1 2 1 1 3
 17 17 20 18 18 14 13 13 13 13 14 14 14 15 15 15 16 16 13 11 11 16 19 19 19 19 23 20 20 17 21 21 17 17 18 21 21 19 3 3 3 3 3 2 2 2
 17 17 20 18 18 14 13 13 13 13 14 14 14 15 15 15 16 16 13 11 11 16 19 19 19 19 23 20 20 17 21 21 17 17 18 21 21 19 3 3 3 3 3 2 2 2
 12 12 11 9 9 8 8 8 8 8 9 9 9 10 10 10 10 10 10 9 9 12 8 8 16 16 17 17 17 15 17 17 12 12 15 13 13 9 4 4 3 3 3 2 2 1
 8 8 7 5 5 5 6 6 6 6 6 7 7 7 6 6 6 6 7 9 9 8 9 9 9 9 9 13 13 15 17 17 12 12 15 16 16 6 4 4 5 5 1 2 2 1
 8 8 7 5 5 5 6 6 6 6 6 7 7 7 6 6 6 6 7 9 9 8 9 9 9 9 9 13 13 15 17 17 12 12 15 16 16 6 4 4 5 5 1 2 2 1
 6 6 7 4 4 4 6 6 4 4 5 5 5 4 4 4 5 5 4 5 5 5 3 3 4 4 8 11 11 12 10 10 9 9 11 10 10 8 6 6 5 5 3 3 3 2
 6 6 7 4 4 4 6 6 4 4 5 5 5 4 4 4 5 5 4 5 5 5 3 3 4 4 8 11 11 12 10 10 9 9 11 10 10 8 6 6 5 5 3 3 3 2
 4 4 4 3 3 4 5 5 3 3 4 4 4 3 2 2 2 2 2 2 2 2 3 3 3 3 8 7 7 8 7 7 6 6 7 8 8 11 9 9 16 16 6 3 3 3
 2 2 3 3 3 4 6 6 5 5 5 5 5 4 4 4 5 5 6 6 6 6 6 6 4 4 6 4 4 5 6 6 7 7 9 7 7 5 10 10 15 15 12 9 9 7
 2 2 3 3 3 4 6 6 5 5 5 5 5 4 4 4 5 5 6 6 6 6 6 6 4 4 6 4 4 5 6 6 7 7 9 7 7 5 10 10 15 15 12 9 9 7
 2 2 3 4 4 5 7 7 7 7 8 7 7 6 6 6 5 5 6 8 8 9 8 8 7 7 7 4 4 3 4 4 7 7 6 9 9 7 10 10 15 15 15 13 13 7
 4 4 4 5 5 6 9 9 10 10 9 9 9 9 10 10 11 11 12 12 12 10 8 8 6 6 6 4 4 3 8 8 10 10 14 13 13 11 9 9 8 8 10 9 9 5
 4 4 4 5 5 6 9 9 10 10 9 9 9 9 10 10 11 11 12 12 12 10 8 8 6 6 6 4 4 3 8 8 10 10 14 13 13 11 9 9 8 8 10 9 9 5
 6 6 7 7 7 7 8 8 10 10 10 11 11 11 12 12 14 14 15 14 14 14 13 13 13 13 12 8 8 5 3 3 5 5 8 15 15 11 9 9 6 6 7 8 8 5
 6 6 7 7 7 7 8 8 10 10 10 11 11 11 12 12 14 14 15 14 14 14 13 13 13 13 12 8 8 5 3 3 5 5 8 15 15 11 9 9 6 6 7 8 8 5
 5 5 5 6 6 7 9 9 11 11 14 16 16 20 22 22 26 26 30 31 31 33 33 33 31 31 28 26 26 24 16 16 13 13 13 10 10 8 8 8 8 8 8 9 9 6
 4 4 5 7 7 8 11 11 12 12 16 23 23 30 29 29 35 35 47 55 55 61 66 66 69 69 68 65 65 62 60 60 76 76 26 42 42 23 19 19 12 12 11 12 12 9
 4 4 5 7 7 8 11 11 12 12 16 23 23 30 29 29 35 35 47 55 55 61 66 66 69 69 68 65 65 62 60 60 76 76 26 42 42 23 19 19 12 12 11 12 12 9
 7 7 9 11 11 14 18 18 19 19 24 33 33 36 37 37 46 46 59 74 74 89 102 102 113 113 119 122 122 121 120 120 117 117 153 29 29 22 18 18 11 11 12 18 18 12
 10 10 13 16 16 20 24 24 26 26 30 35 35 35 36 36 39 39 43 49 49 56 62 62 64 64 63 62 62 57 51 51 51 51 51 44 44 40 23 23 22 22 30 14 14 8
