assets/RAT_results_old/precipitation/2019-05-01_IMERG.asc
ncols        46
nrows        77
xllcorner    74.800261325624
yllcorner    8.058333333333
cellsize     0.062500000000
NODATA_value -9999
 0 0 1 0 0 0 0 0 0 0 0 0 0 1 0 0 0 0 1 1 1 1 1 1 1 1 1 0 0 1 1 1 1 1 2 2 2 1 1 1 1 1 1 0 0 1
 0 0 0 0 0 0 0 0 0 0 0 1 1 0 1 1 1 1 1 3 3 1 0 0 0 0 0 0 0 0 1 1 1 1 2 2 2 2 1 1 1 1 1 1 1 1
 0 0 0 0 0 0 0 0 0 0 0 1 1 0 1 1 1 1 1 3 3 1 0 0 0 0 0 0 0 0 1 1 1 1 2 2 2 2 1 1 1 1 1 1 1 1
 0 0 0 0 0 0 0 0 0 0 0 1 1 0 1 1 2 2 1 1 1 0 0 0 0 0 0 1 1 1 1 1 1 1 1 1 1 1 1 1 1 1 2 1 1 0
 0 0 0 0 0 0 0 0 0 0 0 0 0 1 0 0 0 0 0 0 0 1 0 0 0 0 1 2 2 3 2 2 1 1 1 1 1 1 1 1 1 1 1 0 0 0
 0 0 0 0 0 0 0 0 0 0 0 0 0 1 0 0 0 0 0 0 0 1 0 0 0 0 1 2 2 3 2 2 1 1 1 1 1 1 1 1 1 1 1 0 0 0
 0 0 0 0 0 1 0 0 0 0 0 0 0 1 0 0 0 0 0 0 0 0 0 0 0 0 0 1 1 1 1 1 0 0 1 1 1 1 1 1 1 1 1 0 0 0
 0 0 0 0 0 1 0 0 0 0 0 0 0 1 0 0 0 0 0 0 0 0 0 0 0 0 0 1 1 1 1 1 0 0 1 1 1 1 1 1 1 1 1 0 0 0
 0 0 0 0 0 0 0 0 0 0 0 0 0 0 0 0 0 0 0 0 0 0 0 0 0 0 0 0 0 0 0 0 0 0 0 0 0 1 1 1 1 1 0 0 0 0
 0 0 0 1 1 0 0 0 0 0 0 2 2 5 2 2 0 0 0 0 0 0 0 0 0 0 1 0 0 0 0 0 0 0 0 0 0 1 0 0 0 0 0 0 0 0
 0 0 0 1 1 0 0 0 0 0 0 2 2 5 2 2 0 0 0 0 0 0 0 0 0 0 1 0 0 0 0 0 0 0 0 0 0 1 0 0 0 0 0 0 0 0
 0 0 0 0 0 1 0 0 1 1 8 9 9 5 2 2 0 0 0 0 0 0 0 0 1 1 1 0 0 0 0 0 0 0 0 1 1 1 1 1 0 0 0 0 0 0
 0 0 0 0 0 2 2 2 2 2 5 4 4 8 5 5 5 5 0 0 0 0 0 0 0 0 0 0 0 0 0 0 0 0 0 2 2 1 1 1 0 0 0 0 0 0
 0 0 0 0 0 2 2 2 2 2 5 4 4 8 5 5 5 5 0 0 0 0 0 0 0 0 0 0 0 0 0 0 0 0 0 2 2 1 1 1 0 0 0 0 0 0
 0 0 0 1 1 1 2 2 3 3 3 4 4 8 5 5 5 5 3 0 0 0 0 0 0 0 1 0 0 0 0 0 0 0 0 1 1 1 1 1 0 0 0 0 0 1
 0 0 0 1 1 1 2 2 3 3 3 4 4 8 5 5 5 5 3 0 0 0 0 0 0 0 1 0 0 0 0 0 0 0 0 1 1 1 1 1 0 0 0 0 0 1
 0 0 0 0 0 0 0 0 1 1 4 12 12 12 9 9 14 14 8 0 0 0 0 0 0 0 0 0 0 0 0 0 0 0 0 1 1 1 1 1 0 0 0 0 0 1
 0 0 0 0 0 0 0 0 1 1 11 13 13 16 15 15 15 15 6 0 0 0 0 0 0 0 0 0 0 0 0 0 0 0 0 1 1 1 1 1 0 0 0 0 0 1
 0 0 0 0 0 0 0 0 1 1 11 13 13 16 15 15 15 15 6 0 0 0 0 0 0 0 0 0 0 0 0 0 0 0 0 1 1 1 1 1 0 0 0 0 0 1
 0 0 0 0 0 0 0 0 1 1 2 6 6 14 14 14 11 11 25 0 0 0 0 0 0 0 0 0 0 0 0 0 0 0 0 1 1 1 1 1 1 1 0 0 0 1
 0 0 0 0 0 0 0 0 1 1 1 7 7 7 11 11 13 13 10 7 7 0 0 0 0 0 0 0 0 0 0 0 0 0 0 0 0 1 1 1 0 0 0 1 1 1
 0 0 0 0 0 0 0 0 1 1 1 7 7 7 11 11 13 13 10 7 7 0 0 0 0 0 0 0 0 0 0 0 0 0 0 0 0 1 1 1 0 0 0 1 1 1
 0 0 0 0 0 0 0 0 1 1 0 8 8 9 7 7 2 2 8 11 11 0 0 0 0 0 0 0 0 0 0 0 0 0 0 0 0 0 0 0 0 0 0 0 0 1
 0 0 0 0 0 0 0 0 1 1 0 8 8 9 7 7 2 2 8 11 11 0 0 0 0 0 0 0 0 0 0 0 0 0 0 0 0 0 0 0 0 0 0 0 0 1
 0 0 0 1 1 1 1 1 2 2 1 8 8 9 5 5 4 4 9 10 10 2 0 0 0 0 1 0 0 0 0 0 0 0 0 0 0 0 0 0 0 0 0 0 0 0
 0 0 0 1 1 1 5 5 4 4 5 3 3 1 1 1 1 1 1 2 2 1 1 1 1 1 5 1 1 1 0 0 0 0 0 0 0 0 0 0 0 0 0 0 0 0
 0 0 0 1 1 1 5 5 4 4 5 3 3 1 1 1 1 1 1 2 2 1 1 1 1 1 5 1 1 1 0 0 0 0 0 0 0 0 0 0 0 0 0 0 0 0
 0 0 0 1 1 3 5 5 6 6 6 5 5 0 0 0 1 1 1 2 2 1 0 0 2 2 7 2 2 2 1 1 1 1 0 0 0 0 0 0 0 0 0 0 0 1
 0 0 0 2 2 4 7 7 9 9 54 3 3 1 1 1 1 1 1 0 0 0 0 0 5 5 14 4 4 1 1 1 1 1 0 0 0 0 0 0 0 0 1 1 1 1
 0 0 0 2 2 4 7 7 9 9 54 3 3 1 1 1 1 1 1 0 0 0 0 0 5 5 14 4 4 1 1 1 1 1 0 0 0 0 0 0 0 0 1 1 1 1
 0 0 2 6 6 8 16 16 13 13 65 12 12 1 0 0 1 1 0 0 0 0 0 0 0 0 1 4 4 1 0 0 0 0 0 0 0 0 1 1 0 0 1 1 1 0
 0 0 2 6 6 8 16 16 13 13 65 12 12 1 0 0 1 1 0 0 0 0 0 0 0 0 1 4 4 1 0 0 0 0 0 0 0 0 1 1 0 0 1 1 1 0
 1 1 2 5 5 42 22 22 24 24 12 10 10 2 0 0 0 0 0 0 0 0 0 0 1 1 1 1 1 0 0 0 0 0 0 0 0 1 2 2 1 1 1 1 1 0
 1 1 1 2 2 7 15 15 12 12 13 67 67 5 2 2 0 0 0 0 0 0 0 0 1 1 0 0 0 0 0 0 0 0 0 0 0 1 1 1 1 1 1 1 1 1
 1 1 1 2 2 7 15 15 12 12 13 67 67 5 2 2 0 0 0 0 0 0 0 0 1 1 0 0 0 0 0 0 0 0 0 0 0 1 1 1 1 1 1 1 1 1
 2 2 1 2 2 10 20 20 17 17 10 12 12 11 3 3 0 0 0 0 0 0 0 0 0 0 0 0 0 0 0 0 0 0 0 0 0 0 0 0 1 1 1 1 1 1
 2 2 2 16 16 18 9 9 12 12 10 3 3 1 1 1 0 0 1 0 0 0 0 0 0 0 0 0 0 0 0 0 0 0 0 1 1 1 1 1 1 1 1 2 2 2
 2 2 2 16 16 18 9 9 12 12 10 3 3 1 1 1 0 0 1 0 0 0 0 0 0 0 0 0 0 0 0 0 0 0 0 1 1 1 1 1 1 1 1 2 2 2
 14 14 2 17 17 18 17 17 28 28 15 2 2 2 0 0 0 0 1 3 3 0 1 1 1 1 0 0 0 0 0 0 0 0 0 0 0 1 0 0 0 0 0 1 1 1
 14 14 2 17 17 18 17 17 28 28 15 2 2 2 0 0 0 0 1 3 3 0 1 1 1 1 0 0 0 0 0 0 0 0 0 0 0 1 0 0 0 0 0 1 1 1
 14 14 20 20 20 29 31 31 29 29 14 3 3 3 0 0 0 0 1 3 3 3 1 1 4 4 4 0 0 1 0 0 0 0 0 0 0 0 0 0 0 0 0 0 0 0
 6 6 16 19 19 28 29 29 29 29 28 13 13 13 0 0 0 0 1 3 3 3 4 4 7 7 4 2 2 0 0 0 0 0 0 0 0 0 0 0 0 0 0 0 0 0
 6 6 16 19 19 28 29 29 29 29 28 13 13 13 0 0 0 0 1 3 3 3 4 4 7 7 4 2 2 0 0 0 0 0 0 0 0 0 0 0 0 0 0 0 0 0
 6 6 16 85 85 82 109 109 27 27 27 24 24 13 1 1 0 0 0 3 3 4 6 6 11 11 10 7 7 1 0 0 0 0 0 0 0 0 1 1 0 0 0 0 0 0
 1 1 2 12 12 7 7 7 26 26 26 23 23 24 24 24 1 1 22 1 1 4 7 7 5 5 2 3 3 1 0 0 0 0 0 0 0 1 1 1 1 1 0 0 0 0
 1 1 2 12 12 7 7 7 26 26 26 23 23 24 24 24 1 1 22 1 1 4 7 7 5 5 2 3 3 1 0 0 0 0 0 0 0 1 1 1 1 1 0 0 0 0
 6 6 6 9 9 7 7 7 7 7 9 8 8 13 24 24 1 1 22 14 14 16 3 3 7 7 11 9 9 3 0 0 0 0 0 0 0 0 1 1 1 1 0 0 0 0
 6 6 6 9 9 7 7 7 7 7 9 8 8 13 24 24 1 1 22 14 14 16 3 3 7 7 11 9 9 3 0 0 0 0 0 0 0 0 1 1 1 1 0 0 0 0
 3 3 2 1 1 1 2 2 4 4 10 9 9 14 35 35 34 34 13 7 7 6 2 2 6 6 14 7 7 6 3 3 1 1 0 0 0 0 0 0 0 0 0 0 0 0
 1 1 1 1 1 1 2 2 4 4 4 4 4 3 3 3 34 34 14 7 7 7 1 1 1 1 3 6 6 2 5 5 1 1 1 0 0 0 0 0 0 0 0 1 1 1
 1 1 1 1 1 1 2 2 4 4 4 4 4 3 3 3 34 34 14 7 7 7 1 1 1 1 3 6 6 2 5 5 1 1 1 0 0 0 0 0 0 0 0 1 1 1
 1 1 1 1 1 2 2 2 3 3 3 2 2 2 2 2 1 1 1 25 25 21 18 18 1 1 1 2 2 1 1 1 3 3 0 0 0 0 0 0 0 0 1 2 2 3
 1 1 1 2 2 2 2 2 2 2 2 1 1 1 0 0 0 0 0 1 1 20 18 18 0 0 1 1 1 0 0 0 0 0 0 0 0 0 0 0 0 0 1 1 1 1
 1 1 1 2 2 2 2 2 2 2 2 1 1 1 0 0 0 0 0 1 1 20 18 18 0 0 1 1 1 0 0 0 0 0 0 0 0 0 0 0 0 0 1 1 1 1
 2 2 3 2 2 3 3 3 2 2 2 1 1 1 1 1 0 0 1 2 2 33 26 26 20 20 1 1 1 1 1 1 0 0 0 0 0 0 0 0 0 0 0 0 0 0
 2 2 3 2 2 3 3 3 2 2 2 1 1 1 1 1 0 0 1 2 2 33 26 26 20 20 1 1 1 1 1 1 0 0 0 0 0 0 0 0 0 0 0 0 0 0
 3 3 4 3 3 4 4 4 3 3 2 3 3 3 2 2 2 2 7 23 23 22 25 25 21 21 1 0 0 2 7 7 2 2 0 0 0 0 1 1 1 1 0 0 0 0
 3 3 3 4 4 4 5 5 4 4 4 4 4 5 7 7 9 9 9 25 25 23 16 16 2 2 4 3 3 2 6 6 4 4 1 0 0 1 2 2 1 1 0 0 0 1
 3 3 3 4 4 4 5 5 4 4 4 4 4 5 7 7 9 9 9 25 25 23 16 16 2 2 4 3 3 2 6 6 4 4 1 0 0 1 2 2 1 1 0 0 0 1
 3 3 3 5 5 4 6 6 5 5 5 5 5 6 9 9 9 9 15 28 28 31 19 19 16 16 6 4 4 2 3 3 2 2 2 1 1 1 1 1 0 0 0 0 0 0
 3 3 4 4 4 4 3 3 3 3 3 4 4 5 16 16 17 17 19 30 30 24 33 33 27 27 17 14 14 3 2 2 2 2 2 1 1 1 0 0 0 0 0 0 0 0
 3 3 4 4 4 4 3 3 3 3 3 4 4 5 16 16 17 17 19 30 30 24 33 33 27 27 17 14 14 3 2 2 2 2 2 1 1 1 0 0 0 0 0 0 0 0
 2 2 3 3 3 2 1 1 1 1 2 2 2 2 3 3 15 15 15 20 20 28 31 31 60 60 52 17 17 2 2 2 2 2 0 0 0 0 0 0 0 0 0 0 0 0
 2 2 3 3 3 2 1 1 1 1 2 2 2 2 3 3 15 15 15 20 20 28 31 31 60 60 52 17 17 2 2 2 2 2 0 0 0 0 0 0 0 0 0 0 0 0
 1 1 1 2 2 2 1 1 1 1 1 1 1 2 2 2 3 3 4 4 4 9 47 47 64 64 63 41 41 6 1 1 1 1 0 0 0 0 0 0 0 0 0 0 0 0
 0 0 0 0 0 0 1 1 0 0 1 1 1 1 2 2 2 2 3 3 3 23 21 21 28 28 28 26 26 7 1 1 1 1 1 0 0 0 0 0 0 0 0 0 0 0
 0 0 0 0 0 0 1 1 0 0 1 1 1 1 2 2 2 2 3 3 3 23 21 21 28 28 28 26 26 7 1 1 1 1 1 0 0 0 0 0 0 0 0 0 0 0
 0 0 0 0 0 0 0 0 0 0 0 0 0 0 1 1 1 1 2 6 6 23 35 35 24 24 30 14 14 3 1 1 1 1 1 0 0 0 0 0 0 0 0 0 0 0
 0 0 0 0 0 0 0 0 0 0 0 0 0 1 1 1 1 1 2 5 5 6 27 27 17 17 15 2 2 13 13 13 1 1 1 0 0 0 0 0 0 0 1 0 0 0
 0 0 0 0 0 0 0 0 0 0 0 0 0 1 1 1 1 1 2 5 5 6 27 27 17 17 15 2 2 13 13 13 1 1 1 0 0 0 0 0 0 0 1 0 0 0
 0 0 0 0 0 0 0 0 0 0 1 1 1 2 2 2 3 3 3 5 5 7 12 12 8 8 6 2 2 14 14 14 1 1 1 1 1 0 0 0 0 0 1 0 0 0
 0 0 0 0 0 0 0 0 0 0 1 1 1 2 2 2 3 3 3 5 5 7 12 12 8 8 6 2 2 14 14 14 1 1 1 1 1 0 0 0 0 0 1 0 0 0
 0 0 0 0 0 0 0 0 1 1 1 2 2 2 4 4 4 4 5 7 7 7 7 7 3 3 1 1 1 0 0 0 1 1 0 1 1 0 0 0 0 0 1 0 0 0
 0 0 0 0 0 0 1 1 1 1 2 3 3 4 6 6 10 10 10 9 9 9 6 6 5 5 3 2 2 2 2 2 1 1 0 0 0 0 1 1 1 1 1 0 0 0
 0 0 0 0 0 0 1 1 1 1 2 3 3 4 6 6 10 10 10 9 9 9 6 6 5 5 3 2 2 2 2 2 1 1 0 0 0 0 1 1 1 1 1 0 0 0
 0 0 0 0 0 0 1 1 3 3 5 5 5 7 9 9 9 9 13 7 7 8 6 6 6 6 5 3 3 2 4 4 1 1 0 0 0 0 1 1 1 1 1 1 1 1
 0 0 0 0 0 1 2 2 3 3 6 9 9 8 12 12 12 12 12 12 12 12 8 8 6 6 4 4 4 1 1 1 0 0 0 0 0 0 0 0 0 0 0 0 0 0
