assets/RAT_results_old/precipitation/2019-10-16_IMERG.asc
ncols        46
nrows        77
xllcorner    74.800261325624
yllcorner    8.058333333333
cellsize     0.062500000000
NODATA_value -9999
 20 20 19 11 11 6 7 7 15 15 13 9 9 6 8 8 8 8 9 9 9 21 26 26 30 30 31 17 17 4 1 1 2 2 1 0 0 0 0 0 0 0 0 0 0 0
 26 26 24 18 18 15 8 8 15 15 15 11 11 14 13 13 9 9 2 6 6 21 8 8 9 9 10 7 7 9 5 5 1 1 0 0 0 0 0 0 0 0 0 0 0 0
 26 26 24 18 18 15 8 8 15 15 15 11 11 14 13 13 9 9 2 6 6 21 8 8 9 9 10 7 7 9 5 5 1 1 0 0 0 0 0 0 0 0 0 0 0 0
 42 42 29 22 22 24 20 20 15 15 21 30 30 18 13 13 10 10 4 2 2 4 3 3 7 7 11 8 8 2 2 2 0 0 1 0 0 0 0 0 0 0 0 0 0 0
 65 65 31 24 24 19 20 20 18 18 44 55 55 27 16 16 9 9 3 5 5 4 1 1 6 6 6 3 3 2 3 3 0 0 0 0 0 0 1 1 0 0 0 1 1 1
 65 65 31 24 24 19 20 20 18 18 44 55 55 27 16 16 9 9 3 5 5 4 1 1 6 6 6 3 3 2 3 3 0 0 0 0 0 0 1 1 0 0 0 1 1 1
 25 25 29 26 26 21 35 35 43 43 51 56 56 29 18 18 5 5 4 7 7 4 3 3 14 14 2 3 3 2 1 1 1 1 1 1 1 1 2 2 2 2 2 7 7 1
 25 25 29 26 26 21 35 35 43 43 51 56 56 29 18 18 5 5 4 7 7 4 3 3 14 14 2 3 3 2 1 1 1 1 1 1 1 1 2 2 2 2 2 7 7 1
 15 15 19 22 22 20 40 40 38 38 47 51 51 30 21 21 10 10 5 5 5 5 13 13 1 1 1 1 1 1 1 1 1 1 1 0 0 1 2 2 5 5 5 8 8 5
 8 8 11 21 21 24 39 39 45 45 49 35 35 30 20 20 15 15 4 5 5 7 6 6 1 1 0 0 0 0 0 0 1 1 1 0 0 1 2 2 10 10 13 10 10 6
 8 8 11 21 21 24 39 39 45 45 49 35 35 30 20 20 15 15 4 5 5 7 6 6 1 1 0 0 0 0 0 0 1 1 1 0 0 1 2 2 10 10 13 10 10 6
 7 7 9 14 14 23 37 37 49 49 49 33 33 35 32 32 20 20 10 8 8 8 4 4 0 0 0 0 0 0 0 0 0 0 0 1 1 1 4 4 3 3 7 9 9 4
 8 8 11 14 14 19 29 29 50 50 56 84 84 84 102 102 64 64 25 26 26 20 5 5 2 2 1 0 0 0 0 0 0 0 0 1 1 1 10 10 5 5 8 7 7 5
 8 8 11 14 14 19 29 29 50 50 56 84 84 84 102 102 64 64 25 26 26 20 5 5 2 2 1 0 0 0 0 0 0 0 0 1 1 1 10 10 5 5 8 7 7 5
 9 9 13 18 18 19 37 37 37 37 68 64 64 53 77 77 47 47 22 12 12 8 4 4 3 3 4 1 1 1 1 1 1 1 1 3 3 7 9 9 8 8 6 4 4 5
 9 9 13 18 18 19 37 37 37 37 68 64 64 53 77 77 47 47 22 12 12 8 4 4 3 3 4 1 1 1 1 1 1 1 1 3 3 7 9 9 8 8 6 4 4 5
 13 13 27 19 19 18 29 29 36 36 27 30 30 63 39 39 41 41 23 15 15 14 9 9 5 5 2 2 2 4 3 3 3 3 5 6 6 11 10 10 9 9 8 6 6 5
 16 16 32 19 19 19 21 21 34 34 25 29 29 48 41 41 42 42 47 37 37 19 7 7 5 5 3 3 3 4 7 7 7 7 12 20 20 35 37 37 13 13 11 8 8 6
 16 16 32 19 19 19 21 21 34 34 25 29 29 48 41 41 42 42 47 37 37 19 7 7 5 5 3 3 3 4 7 7 7 7 12 20 20 35 37 37 13 13 11 8 8 6
 14 14 18 20 20 22 25 25 25 25 28 29 29 51 67 67 55 55 49 30 30 31 9 9 6 6 7 6 6 6 7 7 12 12 15 23 23 41 38 38 16 16 14 12 12 9
 17 17 20 20 20 23 22 22 24 24 27 47 47 54 96 96 122 122 78 55 55 39 23 23 8 8 7 7 7 8 10 10 16 16 17 40 40 45 36 36 22 22 16 16 16 17
 17 17 20 20 20 23 22 22 24 24 27 47 47 54 96 96 122 122 78 55 55 39 23 23 8 8 7 7 7 8 10 10 16 16 17 40 40 45 36 36 22 22 16 16 16 17
 17 17 21 27 27 39 42 42 34 34 30 31 31 46 51 51 86 86 81 63 63 36 21 21 22 22 14 12 12 13 13 13 28 28 18 19 19 18 20 20 23 23 18 18 18 20
 17 17 21 27 27 39 42 42 34 34 30 31 31 46 51 51 86 86 81 63 63 36 21 21 22 22 14 12 12 13 13 13 28 28 18 19 19 18 20 20 23 23 18 18 18 20
 20 20 24 29 29 49 50 50 33 33 35 33 33 47 51 51 58 58 59 45 45 32 27 27 29 29 18 12 12 23 30 30 33 33 22 14 14 12 12 12 21 21 20 22 22 23
 24 24 25 36 36 41 46 46 43 43 34 30 30 31 58 58 44 44 38 43 43 44 63 63 44 44 35 26 26 27 29 29 12 12 12 9 9 6 8 8 15 15 14 22 22 21
 24 24 25 36 36 41 46 46 43 43 34 30 30 31 58 58 44 44 38 43 43 44 63 63 44 44 35 26 26 27 29 29 12 12 12 9 9 6 8 8 15 15 14 22 22 21
 38 38 64 51 51 64 50 50 36 36 34 30 30 33 48 48 42 42 36 46 46 44 66 66 45 45 39 27 27 20 12 12 10 10 8 8 8 8 11 11 18 18 16 20 20 23
 41 41 40 44 44 65 49 49 39 39 39 26 26 27 48 48 51 51 38 52 52 34 61 61 71 71 38 15 15 20 9 9 4 4 3 7 7 6 10 10 16 16 16 15 15 21
 41 41 40 44 44 65 49 49 39 39 39 26 26 27 48 48 51 51 38 52 52 34 61 61 71 71 38 15 15 20 9 9 4 4 3 7 7 6 10 10 16 16 16 15 15 21
 42 42 51 50 50 49 52 52 37 37 38 38 38 33 32 32 38 38 53 20 20 55 44 44 59 59 25 19 19 12 5 5 1 1 1 5 5 5 7 7 8 8 14 25 25 30
 42 42 51 50 50 49 52 52 37 37 38 38 38 33 32 32 38 38 53 20 20 55 44 44 59 59 25 19 19 12 5 5 1 1 1 5 5 5 7 7 8 8 14 25 25 30
 41 41 50 53 53 54 53 53 38 38 39 39 39 28 28 28 27 27 27 60 60 52 36 36 55 55 29 7 7 2 2 2 1 1 2 1 1 1 5 5 8 8 13 24 24 33
 38 38 49 56 56 50 56 56 53 53 37 47 47 55 53 53 109 109 31 61 61 49 48 48 34 34 7 19 19 2 1 1 4 4 5 1 1 1 7 7 7 7 11 10 10 15
 38 38 49 56 56 50 56 56 53 53 37 47 47 55 53 53 109 109 31 61 61 49 48 48 34 34 7 19 19 2 1 1 4 4 5 1 1 1 7 7 7 7 11 10 10 15
 41 41 49 55 55 58 58 58 55 55 39 43 43 48 17 17 34 34 52 52 52 30 31 31 38 38 2 0 0 0 1 1 3 3 3 1 1 1 4 4 4 4 10 8 8 4
 51 51 50 56 56 58 61 61 65 65 29 28 28 22 18 18 20 20 116 58 58 33 40 40 39 39 5 1 1 1 1 1 4 4 3 3 3 2 2 2 2 2 1 1 1 8
 51 51 50 56 56 58 61 61 65 65 29 28 28 22 18 18 20 20 116 58 58 33 40 40 39 39 5 1 1 1 1 1 4 4 3 3 3 2 2 2 2 2 1 1 1 8
 53 53 59 54 54 61 65 65 63 63 35 38 38 44 23 23 21 21 26 46 46 76 51 51 37 37 12 4 4 2 3 3 3 3 5 6 6 4 2 2 1 1 1 6 6 16
 53 53 59 54 54 61 65 65 63 63 35 38 38 44 23 23 21 21 26 46 46 76 51 51 37 37 12 4 4 2 3 3 3 3 5 6 6 4 2 2 1 1 1 6 6 16
 57 57 57 55 55 63 66 66 77 77 78 43 43 46 30 30 38 38 45 39 39 48 41 41 47 47 16 17 17 3 4 4 4 4 5 8 8 13 13 13 7 7 5 12 12 19
 66 66 61 56 56 65 68 68 78 78 79 59 59 59 53 53 49 49 44 139 139 76 81 81 107 107 28 28 28 5 3 3 8 8 9 11 11 19 18 18 11 11 9 11 11 12
 66 66 61 56 56 65 68 68 78 78 79 59 59 59 53 53 49 49 44 139 139 76 81 81 107 107 28 28 28 5 3 3 8 8 9 11 11 19 18 18 11 11 9 11 11 12
 67 67 65 70 70 77 91 91 85 85 92 73 73 66 68 68 61 61 58 63 63 63 75 75 60 60 70 16 16 6 4 4 7 7 21 12 12 21 22 22 16 16 17 10 10 12
 67 67 65 67 67 87 93 93 89 89 95 76 76 76 84 84 66 66 56 64 64 35 69 69 71 71 54 44 44 10 7 7 18 18 22 19 19 18 15 15 21 21 14 14 14 14
 67 67 65 67 67 87 93 93 89 89 95 76 76 76 84 84 66 66 56 64 64 35 69 69 71 71 54 44 44 10 7 7 18 18 22 19 19 18 15 15 21 21 14 14 14 14
 70 70 51 55 55 85 87 87 77 77 115 110 110 87 97 97 72 72 61 34 34 38 37 37 56 56 50 44 44 35 25 25 22 22 23 16 16 19 17 17 20 20 25 20 20 19
 70 70 51 55 55 85 87 87 77 77 115 110 110 87 97 97 72 72 61 34 34 38 37 37 56 56 50 44 44 35 25 25 22 22 23 16 16 19 17 17 20 20 25 20 20 19
 56 56 48 49 49 77 78 78 81 81 93 111 111 89 91 91 65 65 52 27 27 37 43 43 48 48 38 56 56 22 23 23 33 33 29 17 17 19 26 26 27 27 22 21 21 19
 37 37 46 45 45 75 76 76 73 73 65 74 74 74 76 76 79 79 59 38 38 44 40 40 39 39 61 48 48 41 38 38 18 18 31 27 27 34 29 29 32 32 50 27 27 24
 37 37 46 45 45 75 76 76 73 73 65 74 74 74 76 76 79 79 59 38 38 44 40 40 39 39 61 48 48 41 38 38 18 18 31 27 27 34 29 29 32 32 50 27 27 24
 38 38 49 49 49 53 72 72 72 72 78 81 81 67 78 78 86 86 51 24 24 81 119 119 42 42 75 51 51 44 37 37 20 20 31 28 28 22 22 22 38 38 45 25 25 24
 50 50 66 56 56 58 75 75 47 47 61 76 76 73 65 65 73 73 56 65 65 40 134 134 56 56 68 40 40 41 31 31 13 13 15 15 15 18 26 26 26 26 24 17 17 23
 50 50 66 56 56 58 75 75 47 47 61 76 76 73 65 65 73 73 56 65 65 40 134 134 56 56 68 40 40 41 31 31 13 13 15 15 15 18 26 26 26 26 24 17 17 23
 63 63 55 39 39 40 77 77 82 82 97 98 98 115 59 59 52 52 39 99 99 51 35 35 55 55 75 80 80 27 48 48 12 12 10 11 11 14 21 21 34 34 31 23 23 21
 63 63 55 39 39 40 77 77 82 82 97 98 98 115 59 59 52 52 39 99 99 51 35 35 55 55 75 80 80 27 48 48 12 12 10 11 11 14 21 21 34 34 31 23 23 21
 60 60 51 47 47 53 95 95 92 92 99 108 108 127 57 57 51 51 64 64 64 44 38 38 41 41 71 61 61 44 27 27 14 14 12 15 15 16 24 24 30 30 31 27 27 21
 52 52 42 44 44 43 66 66 95 95 104 89 89 84 43 43 39 39 63 72 72 21 54 54 41 41 50 60 60 89 69 69 16 16 16 16 16 18 18 18 23 23 25 26 26 25
 52 52 42 44 44 43 66 66 95 95 104 89 89 84 43 43 39 39 63 72 72 21 54 54 41 41 50 60 60 89 69 69 16 16 16 16 16 18 18 18 23 23 25 26 26 25
 48 48 50 54 54 52 55 55 99 99 56 42 42 45 41 41 41 41 39 16 16 14 25 25 29 29 49 30 30 65 60 60 20 20 16 16 16 18 18 18 22 22 26 25 25 26
 45 45 47 50 50 47 53 53 45 45 34 30 30 36 36 36 36 36 31 15 15 15 7 7 15 15 19 21 21 19 50 50 24 24 14 15 15 13 16 16 21 21 26 24 24 26
 45 45 47 50 50 47 53 53 45 45 34 30 30 36 36 36 36 36 31 15 15 15 7 7 15 15 19 21 21 19 50 50 24 24 14 15 15 13 16 16 21 21 26 24 24 26
 40 40 50 51 51 45 30 30 33 33 33 29 29 50 52 52 74 74 68 16 16 14 23 23 24 24 20 10 10 10 20 20 21 21 11 13 13 12 15 15 18 18 22 21 21 27
 40 40 50 51 51 45 30 30 33 33 33 29 29 50 52 52 74 74 68 16 16 14 23 23 24 24 20 10 10 10 20 20 21 21 11 13 13 12 15 15 18 18 22 21 21 27
 48 48 47 50 50 43 29 29 29 29 23 21 21 48 50 50 79 79 80 77 77 33 23 23 16 16 16 12 12 17 13 13 15 15 7 10 10 10 13 13 15 15 23 22 22 28
 27 27 45 40 40 44 23 23 23 23 21 20 20 29 34 34 40 40 81 83 83 75 66 66 61 61 63 15 15 15 10 10 9 9 9 6 6 6 9 9 16 16 16 21 21 19
 27 27 45 40 40 44 23 23 23 23 21 20 20 29 34 34 40 40 81 83 83 75 66 66 61 61 63 15 15 15 10 10 9 9 9 6 6 6 9 9 16 16 16 21 21 19
 24 24 45 38 38 38 18 18 17 17 23 20 20 46 27 27 33 33 81 85 85 87 66 66 148 148 146 150 150 23 26 26 6 6 6 10 10 6 8 8 16 16 15 19 19 16
 24 24 33 22 22 12 13 13 17 17 23 29 29 28 30 30 28 28 58 61 61 153 128 128 145 145 139 153 153 36 28 28 13 13 11 11 11 10 14 14 17 17 23 22 22 27
 24 24 33 22 22 12 13 13 17 17 23 29 29 28 30 30 28 28 58 61 61 153 128 128 145 145 139 153 153 36 28 28 13 13 11 11 11 10 14 14 17 17 23 22 22 27
 16 16 12 10 10 13 16 16 17 17 22 29 29 39 50 50 48 48 65 65 65 70 46 46 60 60 56 54 54 41 42 42 19 19 20 17 17 16 19 19 17 17 26 25 25 30
 16 16 12 10 10 13 16 16 17 17 22 29 29 39 50 50 48 48 65 65 65 70 46 46 60 60 56 54 54 41 42 42 19 19 20 17 17 16 19 19 17 17 26 25 25 30
 13 13 9 8 8 15 17 17 25 25 22 24 24 33 48 48 47 47 40 56 56 72 66 66 64 64 84 63 63 65 48 48 40 40 36 21 21 19 19 19 16 16 21 23 23 29
 9 9 9 19 19 18 17 17 22 22 33 32 32 39 56 56 61 61 59 69 69 61 63 63 70 70 99 77 77 75 53 53 37 37 31 27 27 20 20 20 21 21 25 25 25 29
 9 9 9 19 19 18 17 17 22 22 33 32 32 39 56 56 61 61 59 69 69 61 63 63 70 70 99 77 77 75 53 53 37 37 31 27 27 20 20 20 21 21 25 25 25 29
 9 9 11 29 29 37 25 25 31 31 41 41 41 48 47 47 61 61 59 60 60 58 61 61 57 57 102 74 74 65 44 44 44 44 44 29 29 29 35 35 28 28 26 22 22 27
 11 11 15 35 35 32 18 18 35 35 47 38 38 57 61 61 61 61 49 47 47 50 50 50 73 73 81 63 63 67 48 48 53 53 44 20 20 25 33 33 30 30 39 30 30 22
