assets/RAT_results_old/precipitation/2019-09-26_IMERG.asc
ncols        46
nrows        77
xllcorner    74.800261325624
yllcorner    8.058333333333
cellsize     0.062500000000
NODATA_value -9999
 26 26 13 7 7 6 5 5 2 2 0 0 0 0 0 0 1 1 1 2 2 2 0 0 0 0 0 0 0 0 0 0 0 0 0 0 0 0 0 0 1 1 0 0 0 0
 15 15 14 12 12 7 4 4 5 5 1 1 1 1 1 1 1 1 1 1 1 3 0 0 0 0 0 0 0 0 0 0 1 1 0 0 0 0 3 3 3 3 0 0 0 0
 15 15 14 12 12 7 4 4 5 5 1 1 1 1 1 1 1 1 1 1 1 3 0 0 0 0 0 0 0 0 0 0 1 1 0 0 0 0 3 3 3 3 0 0 0 0
 14 14 18 14 14 11 7 7 3 3 3 1 1 1 1 1 1 1 1 0 0 0 0 0 0 0 0 0 0 0 0 0 1 1 1 1 1 1 1 1 0 0 0 0 0 0
 10 10 15 15 15 9 8 8 4 4 1 1 1 3 3 3 1 1 1 0 0 0 0 0 0 0 0 1 1 1 1 1 3 3 2 1 1 1 1 1 0 0 0 0 0 0
 10 10 15 15 15 9 8 8 4 4 1 1 1 3 3 3 1 1 1 0 0 0 0 0 0 0 0 1 1 1 1 1 3 3 2 1 1 1 1 1 0 0 0 0 0 0
 8 8 16 14 14 14 6 6 1 1 4 0 0 0 2 2 1 1 0 0 0 0 0 0 0 0 0 1 1 1 0 0 1 1 1 0 0 0 0 0 0 0 0 0 0 0
 8 8 16 14 14 14 6 6 1 1 4 0 0 0 2 2 1 1 0 0 0 0 0 0 0 0 0 1 1 1 0 0 1 1 1 0 0 0 0 0 0 0 0 0 0 0
 6 6 11 12 12 14 17 17 9 9 8 1 1 3 1 1 0 0 0 0 0 0 0 0 0 0 0 1 1 1 1 1 0 0 0 0 0 0 0 0 0 0 0 0 0 0
 9 9 10 17 17 16 18 18 15 15 14 3 3 3 3 3 1 1 1 0 0 0 0 0 0 0 0 0 0 1 1 1 0 0 0 0 0 0 0 0 0 0 0 0 0 0
 9 9 10 17 17 16 18 18 15 15 14 3 3 3 3 3 1 1 1 0 0 0 0 0 0 0 0 0 0 1 1 1 0 0 0 0 0 0 0 0 0 0 0 0 0 0
 9 9 14 15 15 28 31 31 24 24 17 1 1 6 2 2 1 1 0 0 0 0 0 0 0 0 0 0 0 0 0 0 0 0 0 0 0 0 0 0 0 0 0 0 0 0
 8 8 13 13 13 17 19 19 21 21 17 5 5 4 1 1 1 1 0 0 0 0 0 0 0 0 1 0 0 0 0 0 2 2 2 0 0 2 2 2 1 1 0 0 0 0
 8 8 13 13 13 17 19 19 21 21 17 5 5 4 1 1 1 1 0 0 0 0 0 0 0 0 1 0 0 0 0 0 2 2 2 0 0 2 2 2 1 1 0 0 0 0
 7 7 9 6 6 9 13 13 12 12 10 0 0 1 1 1 0 0 0 0 0 0 0 0 0 0 0 0 0 0 0 0 2 2 2 0 0 0 1 1 0 0 0 0 0 0
 7 7 9 6 6 9 13 13 12 12 10 0 0 1 1 1 0 0 0 0 0 0 0 0 0 0 0 0 0 0 0 0 2 2 2 0 0 0 1 1 0 0 0 0 0 0
 6 6 4 3 3 4 6 6 6 6 4 1 1 0 0 0 0 0 0 0 0 0 0 0 0 0 0 0 0 0 0 0 0 0 0 0 0 0 0 0 0 0 1 0 0 0
 9 9 5 3 3 4 7 7 9 9 3 2 2 2 0 0 0 0 1 0 0 0 0 0 0 0 0 0 0 0 0 0 0 0 0 0 0 0 0 0 0 0 0 0 0 0
 9 9 5 3 3 4 7 7 9 9 3 2 2 2 0 0 0 0 1 0 0 0 0 0 0 0 0 0 0 0 0 0 0 0 0 0 0 0 0 0 0 0 0 0 0 0
 8 8 10 5 5 5 5 5 7 7 3 2 2 7 1 1 6 6 3 2 2 3 0 0 0 0 0 0 0 0 0 0 0 0 0 0 0 0 0 0 0 0 0 0 0 0
 5 5 5 5 5 6 6 6 9 9 5 4 4 9 5 5 7 7 5 4 4 5 4 4 0 0 0 1 1 1 2 2 0 0 0 0 0 0 0 0 0 0 0 0 0 6
 5 5 5 5 5 6 6 6 9 9 5 4 4 9 5 5 7 7 5 4 4 5 4 4 0 0 0 1 1 1 2 2 0 0 0 0 0 0 0 0 0 0 0 0 0 6
 4 4 5 4 4 7 8 8 9 9 5 4 4 5 3 3 2 2 7 6 6 4 5 5 4 4 3 1 1 2 2 2 1 1 1 0 0 0 0 0 0 0 1 1 1 6
 4 4 5 4 4 7 8 8 9 9 5 4 4 5 3 3 2 2 7 6 6 4 5 5 4 4 3 1 1 2 2 2 1 1 1 0 0 0 0 0 0 0 1 1 1 6
 7 7 10 16 16 8 10 10 12 12 6 5 5 4 4 4 6 6 5 1 1 4 2 2 1 1 2 2 2 2 1 1 1 1 1 0 0 0 0 0 0 0 0 3 3 12
 14 14 15 18 18 19 15 15 17 17 12 5 5 4 4 4 3 3 2 1 1 1 1 1 0 0 1 3 3 2 1 1 0 0 1 0 0 0 0 0 0 0 0 1 1 0
 14 14 15 18 18 19 15 15 17 17 12 5 5 4 4 4 3 3 2 1 1 1 1 1 0 0 1 3 3 2 1 1 0 0 1 0 0 0 0 0 0 0 0 1 1 0
 14 14 14 14 14 10 16 16 17 17 15 4 4 5 5 5 3 3 2 1 1 0 0 0 1 1 1 3 3 2 1 1 1 1 1 1 1 0 1 1 2 2 8 8 8 0
 4 4 3 13 13 7 8 8 14 14 11 4 4 3 4 4 3 3 2 0 0 0 0 0 0 0 1 1 1 2 2 2 1 1 1 3 3 3 3 3 4 4 9 7 7 5
 4 4 3 13 13 7 8 8 14 14 11 4 4 3 4 4 3 3 2 0 0 0 0 0 0 0 1 1 1 2 2 2 1 1 1 3 3 3 3 3 4 4 9 7 7 5
 4 4 2 9 9 6 8 8 14 14 12 5 5 3 6 6 3 3 2 1 1 0 0 0 0 0 0 0 0 0 2 2 3 3 2 2 2 3 5 5 3 3 4 2 2 0
 4 4 2 9 9 6 8 8 14 14 12 5 5 3 6 6 3 3 2 1 1 0 0 0 0 0 0 0 0 0 2 2 3 3 2 2 2 3 5 5 3 3 4 2 2 0
 2 2 2 4 4 3 7 7 8 8 7 4 4 4 6 6 4 4 2 3 3 2 0 0 0 0 1 3 3 1 1 1 2 2 3 2 2 3 4 4 2 2 1 0 0 0
 2 2 3 3 3 2 7 7 9 9 4 3 3 4 7 7 8 8 3 1 1 2 1 1 0 0 1 3 3 1 1 1 2 2 6 4 4 6 6 6 1 1 5 0 0 18
 2 2 3 3 3 2 7 7 9 9 4 3 3 4 7 7 8 8 3 1 1 2 1 1 0 0 1 3 3 1 1 1 2 2 6 4 4 6 6 6 1 1 5 0 0 18
 3 3 3 3 3 4 6 6 6 6 3 2 2 5 8 8 9 9 7 6 6 4 3 3 1 1 1 2 2 0 2 2 5 5 11 6 6 3 1 1 5 5 5 19 19 18
 3 3 4 5 5 5 6 6 6 6 4 8 8 12 14 14 18 18 11 6 6 4 2 2 6 6 7 2 2 6 3 3 6 6 7 5 5 1 1 1 5 5 5 19 19 6
 3 3 4 5 5 5 6 6 6 6 4 8 8 12 14 14 18 18 11 6 6 4 2 2 6 6 7 2 2 6 3 3 6 6 7 5 5 1 1 1 5 5 5 19 19 6
 2 2 4 4 4 4 5 5 8 8 7 7 7 11 14 14 13 13 4 4 4 3 2 2 0 0 0 2 2 3 2 2 3 3 5 3 3 2 1 1 9 9 9 6 6 6
 2 2 4 4 4 4 5 5 8 8 7 7 7 11 14 14 13 13 4 4 4 3 2 2 0 0 0 2 2 3 2 2 3 3 5 3 3 2 1 1 9 9 9 6 6 6
 2 2 4 5 5 4 3 3 5 5 6 6 6 13 11 11 6 6 2 3 3 2 2 2 1 1 0 0 0 0 1 1 0 0 1 4 4 3 1 1 1 1 2 1 1 1
 2 2 3 3 3 4 2 2 5 5 6 13 13 26 10 10 7 7 4 2 2 2 2 2 1 1 0 0 0 0 0 0 0 0 2 0 0 2 2 2 2 2 3 2 2 1
 2 2 3 3 3 4 2 2 5 5 6 13 13 26 10 10 7 7 4 2 2 2 2 2 1 1 0 0 0 0 0 0 0 0 2 0 0 2 2 2 2 2 3 2 2 1
 10 10 6 4 4 4 3 3 6 6 6 20 20 14 9 9 8 8 6 5 5 7 2 2 3 3 2 1 1 0 0 0 0 0 0 0 0 3 1 1 1 1 1 1 1 0
 17 17 12 4 4 4 4 4 5 5 12 13 13 13 14 14 9 9 8 10 10 9 5 5 3 3 2 0 0 0 0 0 0 0 0 0 0 0 0 0 1 1 0 0 0 0
 17 17 12 4 4 4 4 4 5 5 12 13 13 13 14 14 9 9 8 10 10 9 5 5 3 3 2 0 0 0 0 0 0 0 0 0 0 0 0 0 1 1 0 0 0 0
 21 21 8 5 5 4 5 5 4 4 7 10 10 11 13 13 14 14 9 6 6 9 7 7 5 5 2 0 0 0 0 0 0 0 0 0 0 0 1 1 1 1 0 0 0 0
 21 21 8 5 5 4 5 5 4 4 7 10 10 11 13 13 14 14 9 6 6 9 7 7 5 5 2 0 0 0 0 0 0 0 0 0 0 0 1 1 1 1 0 0 0 0
 21 21 8 4 4 8 4 4 4 4 4 6 6 6 7 7 6 6 7 6 6 10 5 5 5 5 3 3 3 4 1 1 0 0 0 0 0 0 0 0 1 1 1 0 0 0
 18 18 14 8 8 7 3 3 4 4 6 5 5 4 7 7 6 6 7 8 8 12 14 14 5 5 10 4 4 8 3 3 1 1 0 2 2 2 1 1 1 1 1 0 0 0
 18 18 14 8 8 7 3 3 4 4 6 5 5 4 7 7 6 6 7 8 8 12 14 14 5 5 10 4 4 8 3 3 1 1 0 2 2 2 1 1 1 1 1 0 0 0
 11 11 9 4 4 3 3 3 4 4 7 6 6 4 5 5 4 4 6 8 8 12 20 20 16 16 20 17 17 8 5 5 0 0 0 0 0 3 2 2 0 0 0 0 0 0
 7 7 6 5 5 3 3 3 5 5 8 6 6 4 6 6 6 6 6 7 7 12 21 21 13 13 18 19 19 16 5 5 0 0 0 0 0 3 2 2 1 1 0 0 0 0
 7 7 6 5 5 3 3 3 5 5 8 6 6 4 6 6 6 6 6 7 7 12 21 21 13 13 18 19 19 16 5 5 0 0 0 0 0 3 2 2 1 1 0 0 0 0
 4 4 4 4 4 4 2 2 3 3 8 6 6 6 8 8 7 7 8 8 8 13 37 37 22 22 28 24 24 10 4 4 1 1 1 0 0 0 3 3 0 0 0 0 0 0
 4 4 4 4 4 4 2 2 3 3 8 6 6 6 8 8 7 7 8 8 8 13 37 37 22 22 28 24 24 10 4 4 1 1 1 0 0 0 3 3 0 0 0 0 0 0
 4 4 4 4 4 3 4 4 5 5 6 4 4 5 7 7 8 8 9 11 11 32 33 33 30 30 25 23 23 10 5 5 2 2 3 2 2 2 3 3 2 2 0 0 0 0
 5 5 4 4 4 4 3 3 4 4 6 5 5 4 5 5 8 8 10 14 14 20 24 24 29 29 27 29 29 16 10 10 8 8 3 3 3 2 2 2 2 2 0 0 0 0
 5 5 4 4 4 4 3 3 4 4 6 5 5 4 5 5 8 8 10 14 14 20 24 24 29 29 27 29 29 16 10 10 8 8 3 3 3 2 2 2 2 2 0 0 0 0
 3 3 4 4 4 5 3 3 4 4 6 7 7 5 3 3 4 4 7 7 7 8 14 14 25 25 24 30 30 20 11 11 10 10 7 3 3 2 1 1 0 0 1 0 0 0
 3 3 3 4 4 4 3 3 3 3 3 3 3 4 3 3 5 5 6 8 8 9 13 13 29 29 31 30 30 29 22 22 17 17 12 6 6 6 4 4 0 0 0 0 0 0
 3 3 3 4 4 4 3 3 3 3 3 3 3 4 3 3 5 5 6 8 8 9 13 13 29 29 31 30 30 29 22 22 17 17 12 6 6 6 4 4 0 0 0 0 0 0
 4 4 4 3 3 6 7 7 4 4 3 4 4 4 4 4 4 4 7 9 9 12 15 15 21 21 29 27 27 31 30 30 16 16 16 7 7 4 3 3 1 1 0 0 0 0
 4 4 4 3 3 6 7 7 4 4 3 4 4 4 4 4 4 4 7 9 9 12 15 15 21 21 29 27 27 31 30 30 16 16 16 7 7 4 3 3 1 1 0 0 0 0
 5 5 4 4 4 10 10 10 7 7 3 3 3 3 3 3 6 6 6 9 9 13 15 15 17 17 26 36 36 30 33 33 25 25 13 10 10 4 4 4 3 3 0 3 3 0
 4 4 3 6 6 5 12 12 9 9 4 3 3 3 3 3 5 5 5 7 7 11 15 15 18 18 23 36 36 31 31 31 27 27 12 9 9 4 4 4 3 3 1 1 1 0
 4 4 3 6 6 5 12 12 9 9 4 3 3 3 3 3 5 5 5 7 7 11 15 15 18 18 23 36 36 31 31 31 27 27 12 9 9 4 4 4 3 3 1 1 1 0
 2 2 4 6 6 8 7 7 5 5 3 2 2 2 3 3 6 6 5 12 12 12 12 12 10 10 16 33 33 48 31 31 24 24 15 13 13 6 3 3 4 4 0 0 0 0
 2 2 4 8 8 11 8 8 5 5 5 2 2 2 3 3 6 6 6 10 10 9 10 10 18 18 19 32 32 41 29 29 18 18 11 8 8 5 3 3 4 4 4 1 1 0
 2 2 4 8 8 11 8 8 5 5 5 2 2 2 3 3 6 6 6 10 10 9 10 10 18 18 19 32 32 41 29 29 18 18 11 8 8 5 3 3 4 4 4 1 1 0
 3 3 4 7 7 9 9 9 6 6 4 4 4 3 5 5 6 6 7 9 9 9 12 12 15 15 25 31 31 32 15 15 17 17 9 3 3 5 4 4 1 1 3 1 1 0
 3 3 4 7 7 9 9 9 6 6 4 4 4 3 5 5 6 6 7 9 9 9 12 12 15 15 25 31 31 32 15 15 17 17 9 3 3 5 4 4 1 1 3 1 1 0
 3 3 7 5 5 7 6 6 5 5 5 4 4 3 4 4 7 7 8 8 8 9 16 16 18 18 22 25 25 8 10 10 10 10 10 4 4 5 3 3 1 1 1 1 1 1
 8 8 8 4 4 7 6 6 5 5 4 4 4 3 5 5 6 6 7 8 8 6 14 14 15 15 22 12 12 9 6 6 5 5 5 3 3 9 6 6 2 2 1 1 1 3
 8 8 8 4 4 7 6 6 5 5 4 4 4 3 5 5 6 6 7 8 8 6 14 14 15 15 22 12 12 9 6 6 5 5 5 3 3 9 6 6 2 2 1 1 1 3
 8 8 8 4 4 6 4 4 4 4 3 3 3 3 4 4 6 6 14 7 7 6 13 13 13 13 18 7 7 8 5 5 4 4 6 7 7 10 13 13 10 10 5 4 4 8
 8 8 8 9 9 7 7 7 4 4 2 2 2 2 4 4 5 5 13 8 8 11 11 11 19 19 19 23 23 7 4 4 4 4 4 3 3 9 15 15 13 13 16 14 14 16
