assets/RAT_results_old/precipitation/2019-06-20_IMERG.asc
ncols        46
nrows        77
xllcorner    74.800261325624
yllcorner    8.058333333333
cellsize     0.062500000000
NODATA_value -9999
 22 22 16 8 8 6 2 2 2 2 0 0 0 0 0 0 0 0 0 1 1 0 0 0 0 0 0 0 0 0 0 0 0 0 0 0 0 0 0 0 0 0 0 0 0 0
 31 31 14 7 7 3 3 3 2 2 0 0 0 1 0 0 1 1 1 1 1 1 0 0 0 0 0 0 0 0 0 0 0 0 0 0 0 0 0 0 0 0 0 0 0 0
 31 31 14 7 7 3 3 3 2 2 0 0 0 1 0 0 1 1 1 1 1 1 0 0 0 0 0 0 0 0 0 0 0 0 0 0 0 0 0 0 0 0 0 0 0 0
 29 29 25 12 12 3 3 3 3 3 1 0 0 0 0 0 0 0 0 1 1 1 0 0 0 0 0 0 0 0 0 0 0 0 1 0 0 0 0 0 0 0 0 0 0 0
 44 44 20 19 19 7 5 5 2 2 1 0 0 0 0 0 0 0 1 0 0 1 1 1 0 0 0 1 1 0 0 0 0 0 1 0 0 0 0 0 0 0 0 0 0 0
 44 44 20 19 19 7 5 5 2 2 1 0 0 0 0 0 0 0 1 0 0 1 1 1 0 0 0 1 1 0 0 0 0 0 1 0 0 0 0 0 0 0 0 0 0 0
 43 43 23 18 18 11 6 6 4 4 4 1 1 1 2 2 1 1 0 0 0 0 0 0 0 0 0 0 0 0 0 0 0 0 0 0 0 0 0 0 0 0 0 0 0 0
 43 43 23 18 18 11 6 6 4 4 4 1 1 1 2 2 1 1 0 0 0 0 0 0 0 0 0 0 0 0 0 0 0 0 0 0 0 0 0 0 0 0 0 0 0 0
 36 36 30 18 18 20 10 10 8 8 4 5 5 3 3 3 2 2 1 0 0 0 0 0 0 0 0 0 0 0 0 0 0 0 0 0 0 0 0 0 0 0 0 0 0 0
 47 47 39 24 24 19 11 11 6 6 6 3 3 3 2 2 3 3 2 1 1 0 0 0 0 0 0 0 0 0 0 0 0 0 0 0 0 0 0 0 0 0 0 0 0 0
 47 47 39 24 24 19 11 11 6 6 6 3 3 3 2 2 3 3 2 1 1 0 0 0 0 0 0 0 0 0 0 0 0 0 0 0 0 0 0 0 0 0 0 0 0 0
 24 24 29 21 21 12 11 11 8 8 7 6 6 4 3 3 2 2 2 3 3 1 1 1 0 0 0 0 0 0 0 0 0 0 0 0 0 0 0 0 0 0 0 0 0 0
 19 19 18 27 27 15 13 13 11 11 13 8 8 6 4 4 4 4 3 2 2 1 0 0 0 0 0 0 0 0 0 0 0 0 0 0 0 0 0 0 0 0 0 0 0 0
 19 19 18 27 27 15 13 13 11 11 13 8 8 6 4 4 4 4 3 2 2 1 0 0 0 0 0 0 0 0 0 0 0 0 0 0 0 0 0 0 0 0 0 0 0 0
 25 25 22 28 28 23 18 18 11 11 12 10 10 8 4 4 2 2 0 1 1 0 0 0 0 0 0 0 0 0 0 0 0 0 0 0 0 0 0 0 0 0 0 0 0 0
 25 25 22 28 28 23 18 18 11 11 12 10 10 8 4 4 2 2 0 1 1 0 0 0 0 0 0 0 0 0 0 0 0 0 0 0 0 0 0 0 0 0 0 0 0 0
 30 30 21 29 29 30 16 16 11 11 11 10 10 4 4 4 2 2 0 0 0 0 1 1 1 1 0 0 0 0 0 0 0 0 0 0 0 0 0 0 0 0 0 0 0 0
 26 26 26 17 17 26 22 22 11 11 8 9 9 5 4 4 1 1 0 1 1 1 0 0 1 1 1 0 0 0 0 0 0 0 0 0 0 0 0 0 0 0 0 0 0 0
 26 26 26 17 17 26 22 22 11 11 8 9 9 5 4 4 1 1 0 1 1 1 0 0 1 1 1 0 0 0 0 0 0 0 0 0 0 0 0 0 0 0 0 0 0 0
 24 24 27 19 19 17 16 16 9 9 8 10 10 6 4 4 2 2 1 1 1 0 0 0 0 0 0 0 0 2 0 0 0 0 1 0 0 0 0 0 0 0 0 0 0 0
 28 28 22 15 15 13 17 17 3 3 4 6 6 7 8 8 3 3 1 1 1 1 0 0 0 0 0 0 0 1 0 0 0 0 2 0 0 0 1 1 1 1 1 0 0 0
 28 28 22 15 15 13 17 17 3 3 4 6 6 7 8 8 3 3 1 1 1 1 0 0 0 0 0 0 0 1 0 0 0 0 2 0 0 0 1 1 1 1 1 0 0 0
 23 23 20 16 16 12 22 22 22 22 4 12 12 9 10 10 5 5 2 2 2 1 0 0 0 0 0 0 0 1 1 1 2 2 2 2 2 0 0 0 0 0 0 0 0 0
 23 23 20 16 16 12 22 22 22 22 4 12 12 9 10 10 5 5 2 2 2 1 0 0 0 0 0 0 0 1 1 1 2 2 2 2 2 0 0 0 0 0 0 0 0 0
 18 18 16 14 14 20 28 28 18 18 5 10 10 13 7 7 8 8 6 2 2 0 0 0 0 0 0 0 0 1 1 1 0 0 0 0 0 0 0 0 0 0 0 0 0 0
 18 18 15 10 10 19 31 31 19 19 6 17 17 14 11 11 11 11 7 3 3 1 1 1 0 0 0 0 0 2 0 0 0 0 0 0 0 0 0 0 0 0 0 0 0 0
 18 18 15 10 10 19 31 31 19 19 6 17 17 14 11 11 11 11 7 3 3 1 1 1 0 0 0 0 0 2 0 0 0 0 0 0 0 0 0 0 0 0 0 0 0 0
 24 24 25 18 18 31 27 27 8 8 8 19 19 17 16 16 8 8 10 6 6 5 1 1 0 0 0 1 1 1 0 0 0 0 0 0 0 0 0 0 0 0 0 0 0 0
 16 16 15 12 12 32 27 27 8 8 5 10 10 34 19 19 14 14 10 9 9 5 5 5 0 0 0 0 0 0 0 0 0 0 0 0 0 0 0 0 0 0 0 0 0 0
 16 16 15 12 12 32 27 27 8 8 5 10 10 34 19 19 14 14 10 9 9 5 5 5 0 0 0 0 0 0 0 0 0 0 0 0 0 0 0 0 0 0 0 0 0 0
 25 25 25 18 18 19 12 12 11 11 7 8 8 5 14 14 9 9 10 7 7 6 4 4 3 3 0 0 0 0 0 0 0 0 0 0 0 0 0 0 0 0 0 0 0 0
 25 25 25 18 18 19 12 12 11 11 7 8 8 5 14 14 9 9 10 7 7 6 4 4 3 3 0 0 0 0 0 0 0 0 0 0 0 0 0 0 0 0 0 0 0 0
 25 25 28 27 27 36 16 16 8 8 5 2 2 3 3 3 4 4 5 7 7 6 3 3 3 3 0 0 0 0 0 0 0 0 0 0 0 0 0 0 0 0 0 0 0 0
 23 23 31 36 36 43 23 23 29 29 6 2 2 0 3 3 5 5 4 6 6 6 2 2 3 3 2 1 1 0 0 0 0 0 0 0 0 0 0 0 0 0 0 0 0 0
 23 23 31 36 36 43 23 23 29 29 6 2 2 0 3 3 5 5 4 6 6 6 2 2 3 3 2 1 1 0 0 0 0 0 0 0 0 0 0 0 0 0 0 0 0 0
 21 21 27 36 36 41 32 32 31 31 28 18 18 4 9 9 9 9 8 8 8 7 1 1 2 2 2 1 1 0 0 0 0 0 0 0 0 0 0 0 0 0 0 0 0 0
 16 16 22 32 32 40 32 32 27 27 21 5 5 6 8 8 5 5 6 9 9 6 11 11 6 6 4 1 1 0 0 0 0 0 0 1 1 1 0 0 0 0 0 0 0 1
 16 16 22 32 32 40 32 32 27 27 21 5 5 6 8 8 5 5 6 9 9 6 11 11 6 6 4 1 1 0 0 0 0 0 0 1 1 1 0 0 0 0 0 0 0 1
 6 6 10 21 21 36 31 31 24 24 25 15 15 14 34 34 5 5 18 15 15 14 5 5 3 3 5 2 2 0 0 0 0 0 0 1 1 1 0 0 0 0 1 1 1 1
 6 6 10 21 21 36 31 31 24 24 25 15 15 14 34 34 5 5 18 15 15 14 5 5 3 3 5 2 2 0 0 0 0 0 0 1 1 1 0 0 0 0 1 1 1 1
 4 4 16 14 14 19 21 21 25 25 22 21 21 23 29 29 12 12 13 14 14 14 4 4 4 4 4 2 2 5 3 3 2 2 0 2 2 1 2 2 1 1 0 0 0 0
 4 4 13 11 11 21 18 18 24 24 26 25 25 15 59 59 12 12 15 8 8 12 5 5 3 3 5 7 7 5 3 3 2 2 3 2 2 3 2 2 0 0 0 1 1 2
 4 4 13 11 11 21 18 18 24 24 26 25 25 15 59 59 12 12 15 8 8 12 5 5 3 3 5 7 7 5 3 3 2 2 3 2 2 3 2 2 0 0 0 1 1 2
 8 8 14 12 12 14 17 17 23 23 31 27 27 16 17 17 3 3 4 4 4 7 4 4 3 3 10 14 14 12 3 3 2 2 2 1 1 3 2 2 1 1 0 0 0 0
 6 6 11 7 7 7 16 16 17 17 25 23 23 30 10 10 11 11 9 6 6 6 8 8 9 9 11 11 11 11 0 0 0 0 1 2 2 2 2 2 0 0 0 0 0 0
 6 6 11 7 7 7 16 16 17 17 25 23 23 30 10 10 11 11 9 6 6 6 8 8 9 9 11 11 11 11 0 0 0 0 1 2 2 2 2 2 0 0 0 0 0 0
 3 3 8 6 6 5 9 9 11 11 15 30 30 38 12 12 12 12 7 12 12 7 11 11 15 15 12 13 13 13 1 1 1 1 1 1 1 2 0 0 1 1 0 0 0 0
 3 3 8 6 6 5 9 9 11 11 15 30 30 38 12 12 12 12 7 12 12 7 11 11 15 15 12 13 13 13 1 1 1 1 1 1 1 2 0 0 1 1 0 0 0 0
 3 3 8 6 6 5 7 7 10 10 14 28 28 21 16 16 15 15 14 17 17 12 11 11 13 13 13 9 9 11 7 7 1 1 1 1 1 0 1 1 0 0 0 0 0 0
 2 2 5 7 7 4 4 4 12 12 11 21 21 19 18 18 12 12 11 18 18 19 14 14 20 20 22 8 8 6 6 6 1 1 0 1 1 0 0 0 0 0 0 0 0 0
 2 2 5 7 7 4 4 4 12 12 11 21 21 19 18 18 12 12 11 18 18 19 14 14 20 20 22 8 8 6 6 6 1 1 0 1 1 0 0 0 0 0 0 0 0 0
 4 4 3 4 4 4 7 7 7 7 8 14 14 13 13 13 16 16 13 19 19 21 19 19 23 23 24 14 14 12 9 9 1 1 3 2 2 0 0 0 0 0 0 0 0 0
 11 11 5 4 4 4 4 4 6 6 5 12 12 13 10 10 12 12 8 17 17 18 16 16 57 57 59 101 101 62 3 3 3 3 1 0 0 0 0 0 0 0 0 0 0 0
 11 11 5 4 4 4 4 4 6 6 5 12 12 13 10 10 12 12 8 17 17 18 16 16 57 57 59 101 101 62 3 3 3 3 1 0 0 0 0 0 0 0 0 0 0 0
 28 28 7 4 4 3 3 3 6 6 4 4 4 10 8 8 9 9 7 10 10 10 5 5 16 16 52 100 100 61 10 10 4 4 1 0 0 0 0 0 0 0 0 0 0 0
 28 28 7 4 4 3 3 3 6 6 4 4 4 10 8 8 9 9 7 10 10 10 5 5 16 16 52 100 100 61 10 10 4 4 1 0 0 0 0 0 0 0 0 0 0 0
 48 48 17 6 6 4 5 5 5 5 4 4 4 9 9 9 7 7 6 7 7 5 11 11 16 16 14 8 8 5 4 4 4 4 1 1 1 0 1 1 1 1 0 0 0 0
 47 47 41 9 9 6 5 5 5 5 8 4 4 8 8 8 6 6 7 8 8 3 21 21 22 22 6 10 10 4 4 4 4 4 2 2 2 1 1 1 1 1 0 0 0 0
 47 47 41 9 9 6 5 5 5 5 8 4 4 8 8 8 6 6 7 8 8 3 21 21 22 22 6 10 10 4 4 4 4 4 2 2 2 1 1 1 1 1 0 0 0 0
 59 59 33 12 12 8 6 6 11 11 12 12 12 10 8 8 7 7 13 13 13 4 21 21 22 22 4 6 6 5 4 4 4 4 4 4 4 1 1 1 0 0 0 0 0 0
 40 40 32 11 11 11 6 6 9 9 39 36 36 7 9 9 10 10 18 13 13 15 4 4 4 4 2 4 4 5 5 5 8 8 8 8 8 3 1 1 0 0 0 0 0 0
 40 40 32 11 11 11 6 6 9 9 39 36 36 7 9 9 10 10 18 13 13 15 4 4 4 4 2 4 4 5 5 5 8 8 8 8 8 3 1 1 0 0 0 0 0 0
 26 26 21 13 13 11 4 4 15 15 28 21 21 9 11 11 11 11 20 26 26 25 97 97 8 8 2 2 2 4 6 6 6 6 8 7 7 7 3 3 2 2 1 1 1 0
 26 26 21 13 13 11 4 4 15 15 28 21 21 9 11 11 11 11 20 26 26 25 97 97 8 8 2 2 2 4 6 6 6 6 8 7 7 7 3 3 2 2 1 1 1 0
 15 15 11 19 19 13 6 6 12 12 18 16 16 10 12 12 11 11 13 24 24 22 41 41 8 8 2 2 2 5 8 8 4 4 8 7 7 5 5 5 3 3 1 0 0 0
 7 7 10 21 21 13 13 13 11 11 23 20 20 7 9 9 10 10 11 26 26 10 7 7 10 10 2 3 3 7 8 8 3 3 5 5 5 4 2 2 2 2 0 1 1 0
 7 7 10 21 21 13 13 13 11 11 23 20 20 7 9 9 10 10 11 26 26 10 7 7 10 10 2 3 3 7 8 8 3 3 5 5 5 4 2 2 2 2 0 1 1 0
 6 6 7 15 15 9 9 9 6 6 13 14 14 12 5 5 8 8 9 18 18 19 6 6 8 8 11 4 4 3 7 7 4 4 5 2 2 1 1 1 0 0 0 1 1 1
 4 4 5 8 8 7 5 5 4 4 5 9 9 9 7 7 7 7 8 12 12 11 5 5 4 4 4 5 5 2 6 6 8 8 10 2 2 1 1 1 3 3 1 0 0 1
 4 4 5 8 8 7 5 5 4 4 5 9 9 9 7 7 7 7 8 12 12 11 5 5 4 4 4 5 5 2 6 6 8 8 10 2 2 1 1 1 3 3 1 0 0 1
 2 2 3 5 5 5 5 5 5 5 5 11 11 10 6 6 7 7 10 13 13 12 9 9 4 4 10 5 5 6 9 9 19 19 16 9 9 2 1 1 1 1 1 1 1 1
 2 2 3 5 5 5 5 5 5 5 5 11 11 10 6 6 7 7 10 13 13 12 9 9 4 4 10 5 5 6 9 9 19 19 16 9 9 2 1 1 1 1 1 1 1 1
 3 3 3 4 4 3 4 4 5 5 5 7 7 7 6 6 9 9 9 11 11 15 9 9 8 8 23 12 12 11 13 13 20 20 16 9 9 3 2 2 2 2 1 1 1 1
 4 4 4 5 5 3 5 5 4 4 4 5 5 7 7 7 11 11 12 13 13 14 8 8 14 14 24 19 19 7 7 7 10 10 14 8 8 3 5 5 2 2 1 1 1 0
 4 4 4 5 5 3 5 5 4 4 4 5 5 7 7 7 11 11 12 13 13 14 8 8 14 14 24 19 19 7 7 7 10 10 14 8 8 3 5 5 2 2 1 1 1 0
 6 6 6 5 5 6 6 6 3 3 4 5 5 7 7 7 8 8 11 12 12 13 7 7 12 12 20 31 31 6 4 4 11 11 12 7 7 1 2 2 2 2 1 1 1 1
 5 5 4 6 6 8 9 9 4 4 4 6 6 9 9 9 10 10 11 10 10 12 6 6 9 9 13 13 13 4 1 1 5 5 6 6 6 1 0 0 2 2 1 0 0 0
