assets/RAT_results_old/precipitation/2019-10-11_IMERG.asc
ncols        46
nrows        77
xllcorner    74.800261325624
yllcorner    8.058333333333
cellsize     0.062500000000
NODATA_value -9999
 4 4 7 9 9 10 16 16 23 23 27 20 20 13 11 11 10 10 20 33 33 2 24 24 6 6 16 13 13 12 4 4 5 5 12 11 11 9 0 0 0 0 2 1 1 11
 4 4 6 8 8 10 8 8 29 29 35 16 16 19 10 10 12 12 11 4 4 2 8 8 6 6 12 8 8 12 2 2 2 2 1 4 4 6 0 0 1 1 0 0 0 0
 4 4 6 8 8 10 8 8 29 29 35 16 16 19 10 10 12 12 11 4 4 2 8 8 6 6 12 8 8 12 2 2 2 2 1 4 4 6 0 0 1 1 0 0 0 0
 3 3 4 6 6 8 14 14 21 21 29 23 23 12 8 8 15 15 15 5 5 2 3 3 3 3 8 12 12 25 3 3 1 1 0 0 0 0 1 1 1 1 1 0 0 0
 5 5 8 8 8 9 14 14 30 30 47 31 31 19 11 11 16 16 16 25 25 2 1 1 2 2 6 11 11 4 1 1 0 0 0 0 0 1 1 1 1 1 0 0 0 1
 5 5 8 8 8 9 14 14 30 30 47 31 31 19 11 11 16 16 16 25 25 2 1 1 2 2 6 11 11 4 1 1 0 0 0 0 0 1 1 1 1 1 0 0 0 1
 10 10 9 15 15 14 13 13 22 22 21 46 46 18 13 13 9 9 10 24 24 3 1 1 1 1 1 2 2 1 0 0 0 0 0 0 0 1 0 0 1 1 0 0 0 3
 10 10 9 15 15 14 13 13 22 22 21 46 46 18 13 13 9 9 10 24 24 3 1 1 1 1 1 2 2 1 0 0 0 0 0 0 0 1 0 0 1 1 0 0 0 3
 16 16 22 18 18 12 10 10 11 11 11 18 18 21 9 9 5 5 5 4 4 3 1 1 1 1 0 0 0 0 0 0 0 0 0 0 0 1 0 0 0 0 0 0 0 2
 43 43 53 39 39 16 21 21 9 9 8 15 15 24 7 7 8 8 5 3 3 3 2 2 0 0 0 0 0 1 2 2 2 2 0 0 0 0 1 1 0 0 0 0 0 0
 43 43 53 39 39 16 21 21 9 9 8 15 15 24 7 7 8 8 5 3 3 3 2 2 0 0 0 0 0 1 2 2 2 2 0 0 0 0 1 1 0 0 0 0 0 0
 20 20 38 48 48 23 13 13 10 10 6 9 9 21 6 6 6 6 4 1 1 0 16 16 0 0 1 2 2 3 3 3 3 3 1 1 1 1 5 5 1 1 0 0 0 0
 39 39 24 44 44 24 24 24 18 18 12 12 12 11 6 6 6 6 5 3 3 3 1 1 0 0 1 1 1 2 1 1 2 2 1 2 2 4 6 6 4 4 3 2 2 1
 39 39 24 44 44 24 24 24 18 18 12 12 12 11 6 6 6 6 5 3 3 3 1 1 0 0 1 1 1 2 1 1 2 2 1 2 2 4 6 6 4 4 3 2 2 1
 39 39 36 43 43 48 28 28 16 16 20 15 15 15 12 12 8 8 7 15 15 8 6 6 1 1 0 0 0 1 2 2 3 3 3 5 5 8 8 8 5 5 3 3 3 1
 39 39 36 43 43 48 28 28 16 16 20 15 15 15 12 12 8 8 7 15 15 8 6 6 1 1 0 0 0 1 2 2 3 3 3 5 5 8 8 8 5 5 3 3 3 1
 47 47 51 49 49 38 31 31 24 24 22 22 22 17 17 17 18 18 15 18 18 13 28 28 3 3 2 1 1 2 3 3 3 3 4 8 8 17 14 14 13 13 3 3 3 1
 51 51 49 64 64 42 48 48 25 25 28 24 24 20 48 48 43 43 18 18 18 14 20 20 6 6 4 3 3 3 3 3 3 3 2 14 14 16 15 15 13 13 9 4 4 1
 51 51 49 64 64 42 48 48 25 25 28 24 24 20 48 48 43 43 18 18 18 14 20 20 6 6 4 3 3 3 3 3 3 3 2 14 14 16 15 15 13 13 9 4 4 1
 61 61 58 68 68 73 60 60 29 29 32 28 28 19 29 29 38 38 27 23 23 18 22 22 29 29 5 5 5 5 4 4 3 3 3 9 9 9 16 16 16 16 11 8 8 1
 59 59 70 68 68 73 77 77 42 42 46 36 36 18 28 28 26 26 29 22 22 25 33 33 17 17 7 7 7 11 8 8 4 4 2 1 1 2 3 3 13 13 11 10 10 2
 59 59 70 68 68 73 77 77 42 42 46 36 36 18 28 28 26 26 29 22 22 25 33 33 17 17 7 7 7 11 8 8 4 4 2 1 1 2 3 3 13 13 11 10 10 2
 57 57 65 82 82 79 81 81 65 65 64 41 41 31 29 29 27 27 30 28 28 24 34 34 22 22 12 19 19 21 18 18 7 7 2 1 1 2 1 1 3 3 5 5 5 4
 57 57 65 82 82 79 81 81 65 65 64 41 41 31 29 29 27 27 30 28 28 24 34 34 22 22 12 19 19 21 18 18 7 7 2 1 1 2 1 1 3 3 5 5 5 4
 80 80 75 65 65 67 81 81 63 63 60 42 42 39 36 36 42 42 30 29 29 26 34 34 20 20 14 20 20 19 11 11 7 7 4 1 1 0 0 0 0 0 1 3 3 3
 68 68 73 61 61 60 62 62 69 69 50 54 54 52 43 43 36 36 35 25 25 28 23 23 18 18 18 19 19 12 7 7 3 3 2 1 1 0 0 0 0 0 0 0 0 1
 68 68 73 61 61 60 62 62 69 69 50 54 54 52 43 43 36 36 35 25 25 28 23 23 18 18 18 19 19 12 7 7 3 3 2 1 1 0 0 0 0 0 0 0 0 1
 49 49 45 47 47 48 37 37 41 41 97 55 55 52 24 24 28 28 26 29 29 23 26 26 23 23 18 11 11 8 6 6 3 3 2 1 1 0 0 0 0 0 0 0 0 0
 32 32 36 41 41 36 36 36 118 118 41 45 45 29 27 27 28 28 30 41 41 30 28 28 12 12 19 14 14 8 7 7 4 4 2 1 1 0 0 0 0 0 0 0 0 0
 32 32 36 41 41 36 36 36 118 118 41 45 45 29 27 27 28 28 30 41 41 30 28 28 12 12 19 14 14 8 7 7 4 4 2 1 1 0 0 0 0 0 0 0 0 0
 27 27 35 41 41 33 43 43 34 34 50 58 58 72 17 17 29 29 29 48 48 23 31 31 30 30 18 40 40 18 7 7 6 6 8 2 2 0 0 0 0 0 1 2 2 0
 27 27 35 41 41 33 43 43 34 34 50 58 58 72 17 17 29 29 29 48 48 23 31 31 30 30 18 40 40 18 7 7 6 6 8 2 2 0 0 0 0 0 1 2 2 0
 28 28 31 32 32 28 36 36 34 34 67 52 52 38 14 14 20 20 22 17 17 26 31 31 19 19 37 57 57 19 7 7 12 12 9 2 2 2 0 0 0 0 1 3 3 1
 26 26 29 32 32 30 29 29 31 31 36 48 48 15 11 11 10 10 11 15 15 11 12 12 12 12 12 15 15 15 8 8 12 12 10 2 2 3 1 1 1 1 1 3 3 3
 26 26 29 32 32 30 29 29 31 31 36 48 48 15 11 11 10 10 11 15 15 11 12 12 12 12 12 15 15 15 8 8 12 12 10 2 2 3 1 1 1 1 1 3 3 3
 30 30 29 29 29 28 29 29 25 25 57 26 26 25 10 10 7 7 10 12 12 15 18 18 16 16 11 12 12 8 11 11 12 12 12 4 4 2 2 2 2 2 1 2 2 3
 36 36 35 34 34 42 28 28 31 31 29 28 28 17 8 8 6 6 7 14 14 17 17 17 22 22 17 13 13 6 7 7 7 7 9 4 4 3 3 3 3 3 1 1 1 1
 36 36 35 34 34 42 28 28 31 31 29 28 28 17 8 8 6 6 7 14 14 17 17 17 22 22 17 13 13 6 7 7 7 7 9 4 4 3 3 3 3 3 1 1 1 1
 38 38 40 42 42 38 38 38 36 36 37 32 32 22 18 18 6 6 5 11 11 8 11 11 13 13 14 12 12 6 8 8 6 6 7 6 6 4 5 5 5 5 2 2 2 2
 38 38 40 42 42 38 38 38 36 36 37 32 32 22 18 18 6 6 5 11 11 8 11 11 13 13 14 12 12 6 8 8 6 6 7 6 6 4 5 5 5 5 2 2 2 2
 35 35 38 45 45 44 47 47 46 46 50 33 33 22 19 19 5 5 4 7 7 8 11 11 17 17 15 12 12 8 6 6 7 7 11 9 9 7 12 12 12 12 9 6 6 2
 41 41 42 46 46 48 53 53 49 49 49 41 41 30 26 26 5 5 4 6 6 9 11 11 9 9 21 23 23 10 9 9 14 14 24 23 23 23 12 12 12 12 12 7 7 5
 41 41 42 46 46 48 53 53 49 49 49 41 41 30 26 26 5 5 4 6 6 9 11 11 9 9 21 23 23 10 9 9 14 14 24 23 23 23 12 12 12 12 12 7 7 5
 53 53 42 46 46 54 55 55 70 70 62 44 44 40 24 24 8 8 5 8 8 9 8 8 7 7 37 9 9 12 9 9 14 14 16 23 23 14 15 15 12 12 10 10 10 11
 60 60 59 62 62 55 59 59 69 69 64 43 43 39 33 33 9 9 10 9 9 8 10 10 10 10 10 24 24 9 13 13 16 16 13 18 18 17 12 12 6 6 2 3 3 3
 60 60 59 62 62 55 59 59 69 69 64 43 43 39 33 33 9 9 10 9 9 8 10 10 10 10 10 24 24 9 13 13 16 16 13 18 18 17 12 12 6 6 2 3 3 3
 43 43 58 46 46 52 62 62 64 64 58 42 42 39 22 22 18 18 18 6 6 8 11 11 12 12 32 16 16 13 17 17 13 13 15 13 13 13 4 4 4 4 0 0 0 0
 43 43 58 46 46 52 62 62 64 64 58 42 42 39 22 22 18 18 18 6 6 8 11 11 12 12 32 16 16 13 17 17 13 13 15 13 13 13 4 4 4 4 0 0 0 0
 49 49 60 59 59 65 54 54 56 56 55 41 41 38 22 22 17 17 18 3 3 8 13 13 14 14 12 15 15 35 22 22 21 21 14 2 2 1 0 0 0 0 0 0 0 0
 33 33 29 33 33 58 47 47 45 45 47 33 33 25 19 19 18 18 3 4 4 7 12 12 18 18 12 11 11 25 21 21 9 9 4 1 1 1 0 0 0 0 0 2 2 0
 33 33 29 33 33 58 47 47 45 45 47 33 33 25 19 19 18 18 3 4 4 7 12 12 18 18 12 11 11 25 21 21 9 9 4 1 1 1 0 0 0 0 0 2 2 0
 29 29 28 28 28 36 49 49 44 44 14 12 12 10 8 8 7 7 3 5 5 9 11 11 18 18 17 14 14 21 18 18 5 5 6 4 4 5 5 5 4 4 3 2 2 0
 26 26 37 39 39 31 31 31 29 29 8 11 11 9 8 8 8 8 3 6 6 9 11 11 16 16 26 27 27 16 18 18 18 18 8 5 5 6 5 5 5 5 5 5 5 5
 26 26 37 39 39 31 31 31 29 29 8 11 11 9 8 8 8 8 3 6 6 9 11 11 16 16 26 27 27 16 18 18 18 18 8 5 5 6 5 5 5 5 5 5 5 5
 23 23 19 37 37 28 28 28 27 27 20 21 21 18 5 5 5 5 7 6 6 7 13 13 18 18 17 28 28 25 22 22 27 27 20 10 10 10 7 7 5 5 5 6 6 2
 23 23 19 37 37 28 28 28 27 27 20 21 21 18 5 5 5 5 7 6 6 7 13 13 18 18 17 28 28 25 22 22 27 27 20 10 10 10 7 7 5 5 5 6 6 2
 19 19 19 20 20 15 12 12 22 22 18 17 17 17 2 2 3 3 14 10 10 7 11 11 18 18 19 24 24 31 46 46 36 36 19 8 8 6 8 8 6 6 5 2 2 2
 15 15 15 14 14 10 12 12 22 22 23 30 30 30 3 3 4 4 5 4 4 5 7 7 15 15 17 25 25 32 31 31 40 40 15 8 8 8 6 6 1 1 5 2 2 3
 15 15 15 14 14 10 12 12 22 22 23 30 30 30 3 3 4 4 5 4 4 5 7 7 15 15 17 25 25 32 31 31 40 40 15 8 8 8 6 6 1 1 5 2 2 3
 12 12 11 14 14 13 13 13 24 24 21 17 17 24 24 24 7 7 6 4 4 3 5 5 14 14 13 24 24 30 37 37 33 33 25 10 10 7 2 2 1 1 5 2 2 3
 13 13 11 8 8 8 11 11 8 8 20 19 19 25 25 25 12 12 12 3 3 1 3 3 7 7 5 12 12 17 28 28 24 24 25 18 18 9 4 4 2 2 2 2 2 2
 13 13 11 8 8 8 11 11 8 8 20 19 19 25 25 25 12 12 12 3 3 1 3 3 7 7 5 12 12 17 28 28 24 24 25 18 18 9 4 4 2 2 2 2 2 2
 16 16 10 13 13 7 9 9 7 7 20 19 19 33 33 33 12 12 11 2 2 2 3 3 4 4 9 13 13 13 18 18 22 22 25 14 14 11 5 5 4 4 4 3 3 0
 16 16 10 13 13 7 9 9 7 7 20 19 19 33 33 33 12 12 11 2 2 2 3 3 4 4 9 13 13 13 18 18 22 22 25 14 14 11 5 5 4 4 4 3 3 0
 20 20 11 12 12 12 12 12 12 12 27 22 22 34 58 58 33 33 32 3 3 2 2 2 4 4 10 13 13 17 19 19 19 19 20 23 23 29 22 22 12 12 10 5 5 1
 12 12 13 17 17 16 14 14 14 14 30 24 24 25 58 58 58 58 91 90 90 23 2 2 4 4 10 12 12 16 16 16 24 24 28 25 25 24 30 30 11 11 16 9 9 3
 12 12 13 17 17 16 14 14 14 14 30 24 24 25 58 58 58 58 91 90 90 23 2 2 4 4 10 12 12 16 16 16 24 24 28 25 25 24 30 30 11 11 16 9 9 3
 12 12 12 18 18 18 14 14 14 14 17 21 21 21 33 33 32 32 91 91 91 23 19 19 3 3 2 11 11 20 28 28 19 19 23 29 29 37 29 29 14 14 16 9 9 8
 16 16 17 18 18 17 16 16 16 16 8 19 19 20 35 35 36 36 112 112 112 20 20 20 1 1 1 13 13 20 34 34 30 30 43 29 29 39 27 27 14 14 6 4 4 4
 16 16 17 18 18 17 16 16 16 16 8 19 19 20 35 35 36 36 112 112 112 20 20 20 1 1 1 13 13 20 34 34 30 30 43 29 29 39 27 27 14 14 6 4 4 4
 16 16 15 12 12 15 11 11 18 18 8 14 14 11 40 40 37 37 106 108 108 5 4 4 2 2 1 18 18 19 23 23 26 26 47 31 31 35 21 21 12 12 11 1 1 1
 16 16 15 12 12 15 11 11 18 18 8 14 14 11 40 40 37 37 106 108 108 5 4 4 2 2 1 18 18 19 23 23 26 26 47 31 31 35 21 21 12 12 11 1 1 1
 15 15 9 11 11 8 11 11 8 8 9 13 13 11 21 21 19 19 18 29 29 26 2 2 1 1 1 7 7 12 19 19 17 17 23 17 17 27 20 20 13 13 15 1 1 0
 9 9 10 11 11 7 7 7 6 6 10 11 11 7 8 8 21 21 3 4 4 2 1 1 1 1 0 0 0 3 12 12 10 10 16 16 16 9 5 5 6 6 9 1 1 2
 9 9 10 11 11 7 7 7 6 6 10 11 11 7 8 8 21 21 3 4 4 2 1 1 1 1 0 0 0 3 12 12 10 10 16 16 16 9 5 5 6 6 9 1 1 2
 7 7 7 5 5 6 5 5 6 6 8 7 7 5 4 4 6 6 5 3 3 2 3 3 2 2 1 0 0 1 8 8 11 11 16 6 6 4 1 1 3 3 4 8 8 7
 5 5 8 5 5 4 4 4 4 4 5 5 5 6 5 5 4 4 5 4 4 1 4 4 3 3 1 0 0 1 1 1 8 8 12 7 7 5 2 2 0 0 3 9 9 27
