assets/RAT_results_old/precipitation/2019-08-06_IMERG.asc
ncols        46
nrows        77
xllcorner    74.800261325624
yllcorner    8.058333333333
cellsize     0.062500000000
NODATA_value -9999
 62 62 61 58 58 54 48 48 50 50 51 56 56 72 77 77 89 89 77 76 76 56 49 49 42 42 43 49 49 39 25 25 11 11 10 19 19 15 24 24 17 17 13 13 13 10
 57 57 59 58 58 48 48 48 56 56 54 67 67 74 87 87 70 70 78 65 65 54 41 41 45 45 38 25 25 24 22 22 10 10 13 17 17 14 13 13 12 12 13 15 15 10
 57 57 59 58 58 48 48 48 56 56 54 67 67 74 87 87 70 70 78 65 65 54 41 41 45 45 38 25 25 24 22 22 10 10 13 17 17 14 13 13 12 12 13 15 15 10
 57 57 54 49 49 41 44 44 54 54 66 66 66 92 86 86 76 76 58 40 40 36 41 41 42 42 35 27 27 20 14 14 11 11 12 15 15 13 10 10 10 10 9 8 8 6
 33 33 44 46 46 47 48 48 59 59 66 75 75 94 88 88 75 75 51 35 35 34 37 37 35 35 23 29 29 22 13 13 12 12 13 15 15 15 13 13 10 10 9 6 6 4
 33 33 44 46 46 47 48 48 59 59 66 75 75 94 88 88 75 75 51 35 35 34 37 37 35 35 23 29 29 22 13 13 12 12 13 15 15 15 13 13 10 10 9 6 6 4
 45 45 57 57 57 45 52 52 56 56 73 72 72 79 94 94 67 67 49 34 34 32 29 29 39 39 34 29 29 20 14 14 12 12 12 11 11 12 14 14 11 11 10 10 10 7
 45 45 57 57 57 45 52 52 56 56 73 72 72 79 94 94 67 67 49 34 34 32 29 29 39 39 34 29 29 20 14 14 12 12 12 11 11 12 14 14 11 11 10 10 10 7
 44 44 55 51 51 50 55 55 68 68 77 90 90 80 110 110 82 82 67 42 42 36 32 32 36 36 22 19 19 15 22 22 18 18 13 12 12 12 13 13 24 24 21 26 26 18
 45 45 52 48 48 45 52 52 54 54 63 99 99 81 82 82 84 84 50 41 41 37 34 34 40 40 37 41 41 33 31 31 22 22 23 22 22 21 27 27 21 21 21 23 23 9
 45 45 52 48 48 45 52 52 54 54 63 99 99 81 82 82 84 84 50 41 41 37 34 34 40 40 37 41 41 33 31 31 22 22 23 22 22 21 27 27 21 21 21 23 23 9
 49 49 41 39 39 50 45 45 48 48 48 57 57 50 65 65 54 54 35 33 33 42 40 40 52 52 62 57 57 58 53 53 40 40 29 25 25 23 29 29 32 32 36 25 25 20
 26 26 56 60 60 53 49 49 40 40 39 39 39 48 37 37 30 30 31 29 29 42 43 43 42 42 58 54 54 61 53 53 63 63 37 32 32 24 27 27 34 34 34 18 18 10
 26 26 56 60 60 53 49 49 40 40 39 39 39 48 37 37 30 30 31 29 29 42 43 43 42 42 58 54 54 61 53 53 63 63 37 32 32 24 27 27 34 34 34 18 18 10
 64 64 66 73 73 49 50 50 51 51 50 37 37 37 29 29 26 26 28 40 40 44 56 56 50 50 47 35 35 51 46 46 44 44 43 38 38 25 24 24 26 26 22 18 18 5
 64 64 66 73 73 49 50 50 51 51 50 37 37 37 29 29 26 26 28 40 40 44 56 56 50 50 47 35 35 51 46 46 44 44 43 38 38 25 24 24 26 26 22 18 18 5
 42 42 61 55 55 52 61 61 74 74 59 48 48 41 46 46 53 53 43 59 59 65 68 68 48 48 45 30 30 32 35 35 32 32 37 33 33 18 16 16 15 15 15 9 9 2
 61 61 82 56 56 58 42 42 49 49 51 55 55 58 46 46 49 49 53 71 71 69 107 107 96 96 50 27 27 28 36 36 31 31 36 18 18 14 13 13 13 13 11 7 7 3
 61 61 82 56 56 58 42 42 49 49 51 55 55 58 46 46 49 49 53 71 71 69 107 107 96 96 50 27 27 28 36 36 31 31 36 18 18 14 13 13 13 13 11 7 7 3
 56 56 64 68 68 77 68 68 54 54 71 66 66 71 86 86 76 76 81 83 83 86 101 101 106 106 34 39 39 29 33 33 30 30 27 21 21 16 15 15 9 9 6 4 4 2
 64 64 70 66 66 92 96 96 73 73 88 90 90 101 96 96 84 84 91 61 61 73 54 54 45 45 35 28 28 23 32 32 29 29 35 21 21 12 10 10 4 4 4 3 3 1
 64 64 70 66 66 92 96 96 73 73 88 90 90 101 96 96 84 84 91 61 61 73 54 54 45 45 35 28 28 23 32 32 29 29 35 21 21 12 10 10 4 4 4 3 3 1
 59 59 53 72 72 89 123 123 108 108 97 90 90 88 64 64 48 48 58 72 72 71 45 45 38 38 37 36 36 27 25 25 22 22 15 14 14 11 7 7 5 5 3 3 3 3
 59 59 53 72 72 89 123 123 108 108 97 90 90 88 64 64 48 48 58 72 72 71 45 45 38 38 37 36 36 27 25 25 22 22 15 14 14 11 7 7 5 5 3 3 3 3
 61 61 69 94 94 124 217 217 188 188 127 120 120 85 80 80 52 52 71 72 72 74 59 59 52 52 53 40 40 30 31 31 16 16 15 10 10 11 7 7 4 4 4 2 2 3
 86 86 135 138 138 103 119 119 132 132 96 120 120 68 63 63 73 73 76 84 84 86 77 77 57 57 55 52 52 59 31 31 15 15 15 15 15 10 8 8 7 7 4 2 2 2
 86 86 135 138 138 103 119 119 132 132 96 120 120 68 63 63 73 73 76 84 84 86 77 77 57 57 55 52 52 59 31 31 15 15 15 15 15 10 8 8 7 7 4 2 2 2
 115 115 153 138 138 111 89 89 104 104 89 106 106 99 77 77 59 59 75 55 55 46 69 69 70 70 64 48 48 45 27 27 16 16 15 18 18 9 9 9 8 8 8 7 7 7
 119 119 141 78 78 81 100 100 125 125 44 33 33 40 42 42 38 38 45 37 37 38 48 48 32 32 32 23 23 23 21 21 23 23 21 27 27 16 11 11 12 12 9 9 9 8
 119 119 141 78 78 81 100 100 125 125 44 33 33 40 42 42 38 38 45 37 37 38 48 48 32 32 32 23 23 23 21 21 23 23 21 27 27 16 11 11 12 12 9 9 9 8
 138 138 61 67 67 68 66 66 50 50 19 19 19 20 25 25 24 24 24 27 27 29 40 40 41 41 32 24 24 33 25 25 27 27 31 24 24 24 24 24 15 15 9 10 10 9
 138 138 61 67 67 68 66 66 50 50 19 19 19 20 25 25 24 24 24 27 27 29 40 40 41 41 32 24 24 33 25 25 27 27 31 24 24 24 24 24 15 15 9 10 10 9
 135 135 58 49 49 77 107 107 33 33 16 15 15 17 19 19 30 30 27 24 24 36 43 43 53 53 41 52 52 45 32 32 36 36 37 31 31 33 24 24 26 26 10 11 11 6
 52 52 59 51 51 71 108 108 34 34 26 14 14 16 23 23 28 28 31 46 46 63 55 55 69 69 55 54 54 39 34 34 39 39 31 22 22 24 18 18 12 12 9 9 9 4
 52 52 59 51 51 71 108 108 34 34 26 14 14 16 23 23 28 28 31 46 46 63 55 55 69 69 55 54 54 39 34 34 39 39 31 22 22 24 18 18 12 12 9 9 9 4
 52 52 22 21 21 41 41 41 43 43 34 20 20 26 41 41 62 62 62 65 65 69 54 54 55 55 53 50 50 38 63 63 34 34 32 32 32 27 18 18 14 14 9 7 7 3
 19 19 20 21 21 53 39 39 53 53 51 61 61 56 116 116 82 82 76 92 92 86 66 66 50 50 51 49 49 38 39 39 39 39 36 34 34 26 19 19 9 9 6 2 2 2
 19 19 20 21 21 53 39 39 53 53 51 61 61 56 116 116 82 82 76 92 92 86 66 66 50 50 51 49 49 38 39 39 39 39 36 34 34 26 19 19 9 9 6 2 2 2
 13 13 11 15 15 21 25 25 36 36 41 62 62 57 115 115 132 132 78 89 89 80 64 64 66 66 55 57 57 34 30 30 31 31 41 24 24 27 12 12 6 6 6 2 2 2
 13 13 11 15 15 21 25 25 36 36 41 62 62 57 115 115 132 132 78 89 89 80 64 64 66 66 55 57 57 34 30 30 31 31 41 24 24 27 12 12 6 6 6 2 2 2
 11 11 10 14 14 19 30 30 32 32 41 58 58 50 86 86 92 92 54 63 63 69 68 68 51 51 68 62 62 44 54 54 51 51 54 34 34 32 12 12 7 7 7 2 2 1
 9 9 12 25 25 27 60 60 22 22 27 44 44 48 87 87 93 93 61 60 60 47 60 60 55 55 62 67 67 44 51 51 58 58 61 42 42 40 15 15 13 13 12 3 3 1
 9 9 12 25 25 27 60 60 22 22 27 44 44 48 87 87 93 93 61 60 60 47 60 60 55 55 62 67 67 44 51 51 58 58 61 42 42 40 15 15 13 13 12 3 3 1
 9 9 12 24 24 24 62 62 68 68 80 38 38 53 50 50 41 41 53 39 39 42 48 48 61 61 43 38 38 48 78 78 83 83 103 92 92 71 24 24 12 12 4 3 3 3
 13 13 15 18 18 19 22 22 19 19 68 21 21 20 21 21 22 22 40 47 47 31 46 46 43 43 34 35 35 44 57 57 61 61 65 63 63 61 19 19 17 17 6 6 6 6
 13 13 15 18 18 19 22 22 19 19 68 21 21 20 21 21 22 22 40 47 47 31 46 46 43 43 34 35 35 44 57 57 61 61 65 63 63 61 19 19 17 17 6 6 6 6
 12 12 14 16 16 23 24 24 22 22 19 16 16 17 17 17 20 20 22 58 58 68 73 73 48 48 41 46 46 38 64 64 51 51 42 38 38 46 41 41 40 40 8 6 6 6
 12 12 14 16 16 23 24 24 22 22 19 16 16 17 17 17 20 20 22 58 58 68 73 73 48 48 41 46 46 38 64 64 51 51 42 38 38 46 41 41 40 40 8 6 6 6
 12 12 13 14 14 16 17 17 17 17 16 15 15 14 17 17 21 21 32 47 47 36 71 71 40 40 94 49 49 29 42 42 39 39 42 36 36 28 39 39 40 40 7 7 7 3
 10 10 11 12 12 13 15 15 14 14 14 12 12 13 11 11 9 9 10 11 11 38 21 21 37 37 68 34 34 38 37 37 28 28 49 47 47 31 25 25 6 6 6 6 6 4
 10 10 11 12 12 13 15 15 14 14 14 12 12 13 11 11 9 9 10 11 11 38 21 21 37 37 68 34 34 38 37 37 28 28 49 47 47 31 25 25 6 6 6 6 6 4
 11 11 11 11 11 11 11 11 10 10 10 9 9 10 8 8 7 7 8 6 6 9 9 9 15 15 20 29 29 31 27 27 41 41 56 45 45 10 8 8 7 7 8 8 8 5
 13 13 13 13 13 15 16 16 13 13 11 11 11 8 7 7 6 6 6 5 5 8 6 6 9 9 10 9 9 12 10 10 31 31 51 25 25 13 8 8 9 9 9 9 9 7
 13 13 13 13 13 15 16 16 13 13 11 11 11 8 7 7 6 6 6 5 5 8 6 6 9 9 10 9 9 12 10 10 31 31 51 25 25 13 8 8 9 9 9 9 9 7
 18 18 16 14 14 13 12 12 11 11 9 9 9 6 6 6 5 5 4 5 5 5 5 5 6 6 6 9 9 8 9 9 21 21 16 14 14 14 13 13 8 8 9 6 6 6
 18 18 16 14 14 13 12 12 11 11 9 9 9 6 6 6 5 5 4 5 5 5 5 5 6 6 6 9 9 8 9 9 21 21 16 14 14 14 13 13 8 8 9 6 6 6
 15 15 13 11 11 10 9 9 7 7 5 4 4 4 5 5 5 5 6 6 6 6 4 4 6 6 6 8 8 8 8 8 13 13 10 9 9 8 10 10 9 9 8 5 5 5
 12 12 11 9 9 7 6 6 4 4 3 3 3 4 4 4 5 5 7 8 8 7 5 5 4 4 5 6 6 5 4 4 4 4 9 8 8 7 8 8 8 8 8 5 5 5
 12 12 11 9 9 7 6 6 4 4 3 3 3 4 4 4 5 5 7 8 8 7 5 5 4 4 5 6 6 5 4 4 4 4 9 8 8 7 8 8 8 8 8 5 5 5
 10 10 11 10 10 6 3 3 2 2 3 2 2 3 3 3 5 5 6 7 7 6 4 4 5 5 7 6 6 5 4 4 7 7 5 4 4 4 4 4 5 5 7 4 4 4
 5 5 5 4 4 4 3 3 2 2 2 2 2 3 3 3 3 3 3 3 3 4 5 5 6 6 4 4 4 3 4 4 2 2 2 2 2 5 4 4 5 5 4 2 2 2
 5 5 5 4 4 4 3 3 2 2 2 2 2 3 3 3 3 3 3 3 3 4 5 5 6 6 4 4 4 3 4 4 2 2 2 2 2 5 4 4 5 5 4 2 2 2
 2 2 3 3 3 3 2 2 2 2 2 2 2 2 2 2 1 1 1 2 2 2 2 2 3 3 3 3 3 3 5 5 3 3 2 3 3 2 2 2 2 2 1 2 2 2
 2 2 3 3 3 3 2 2 2 2 2 2 2 2 2 2 1 1 1 2 2 2 2 2 3 3 3 3 3 3 5 5 3 3 2 3 3 2 2 2 2 2 1 2 2 2
 1 1 2 2 2 2 2 2 3 3 2 1 1 1 1 1 1 1 1 1 1 1 1 1 2 2 3 2 2 4 5 5 3 3 2 3 3 2 3 3 2 2 2 1 1 1
 1 1 1 1 1 1 2 2 3 3 3 1 1 1 0 0 0 0 0 0 0 1 1 1 3 3 3 3 3 6 8 8 4 4 3 2 2 2 3 3 2 2 1 1 1 1
 1 1 1 1 1 1 2 2 3 3 3 1 1 1 0 0 0 0 0 0 0 1 1 1 3 3 3 3 3 6 8 8 4 4 3 2 2 2 3 3 2 2 1 1 1 1
 0 0 1 1 1 1 1 1 1 1 1 1 1 1 0 0 0 0 0 1 1 1 2 2 5 5 5 2 2 2 5 5 3 3 2 3 3 3 2 2 2 2 1 1 1 1
 1 1 0 1 1 1 1 1 0 0 0 0 0 0 1 1 1 1 1 1 1 1 1 1 2 2 2 1 1 2 1 1 3 3 2 2 2 1 2 2 4 4 1 1 1 1
 1 1 0 1 1 1 1 1 0 0 0 0 0 0 1 1 1 1 1 1 1 1 1 1 2 2 2 1 1 2 1 1 3 3 2 2 2 1 2 2 4 4 1 1 1 1
 1 1 1 1 1 1 0 0 0 0 0 0 0 0 0 0 1 1 1 1 1 1 1 1 1 1 1 1 1 2 1 1 1 1 1 1 1 1 1 1 3 3 3 1 1 1
 1 1 1 1 1 1 0 0 0 0 0 0 0 0 0 0 1 1 1 1 1 1 1 1 1 1 1 1 1 2 1 1 1 1 1 1 1 1 1 1 3 3 3 1 1 1
 1 1 1 0 0 0 0 0 0 0 0 0 0 0 0 0 1 1 1 1 1 1 1 1 0 0 0 0 0 0 1 1 1 1 1 1 1 1 1 1 1 1 2 2 2 1
 0 0 0 0 0 0 0 0 0 0 0 0 0 1 1 1 1 1 1 1 1 1 0 0 0 0 0 0 0 0 0 0 1 1 1 0 0 1 1 1 1 1 1 1 1 1
 0 0 0 0 0 0 0 0 0 0 0 0 0 1 1 1 1 1 1 1 1 1 0 0 0 0 0 0 0 0 0 0 1 1 1 0 0 1 1 1 1 1 1 1 1 1
 0 0 0 0 0 0 0 0 0 0 0 0 0 1 1 1 1 1 1 1 1 0 0 0 0 0 0 0 0 0 0 0 1 1 1 1 1 1 1 1 1 1 1 1 1 4
 1 1 0 0 0 0 1 1 1 1 1 1 1 1 1 1 1 1 1 1 1 0 0 0 0 0 0 0 0 0 0 0 0 0 0 1 1 1 0 0 0 0 2 5 5 1
