assets/RAT_results_old/precipitation/2019-12-04_IMERG.asc
ncols        46
nrows        77
xllcorner    74.800261325624
yllcorner    8.058333333333
cellsize     0.062500000000
NODATA_value -9999
 2 2 0 0 0 0 0 0 0 0 0 0 0 0 0 0 0 0 0 0 0 0 0 0 0 0 0 0 0 0 0 0 0 0 0 0 0 0 0 0 0 0 0 0 0 0
 3 3 0 0 0 0 0 0 0 0 0 0 0 0 0 0 0 0 0 0 0 0 0 0 0 0 0 0 0 0 0 0 0 0 0 0 0 0 0 0 0 0 0 0 0 0
 3 3 0 0 0 0 0 0 0 0 0 0 0 0 0 0 0 0 0 0 0 0 0 0 0 0 0 0 0 0 0 0 0 0 0 0 0 0 0 0 0 0 0 0 0 0
 2 2 1 0 0 0 0 0 0 0 0 0 0 0 0 0 0 0 0 0 0 0 0 0 0 0 0 0 0 0 0 0 0 0 0 0 0 0 0 0 0 0 0 0 0 0
 1 1 1 0 0 0 0 0 0 0 0 0 0 0 0 0 0 0 0 0 0 0 0 0 0 0 0 0 0 0 0 0 0 0 0 0 0 0 0 0 0 0 0 0 0 1
 1 1 1 0 0 0 0 0 0 0 0 0 0 0 0 0 0 0 0 0 0 0 0 0 0 0 0 0 0 0 0 0 0 0 0 0 0 0 0 0 0 0 0 0 0 1
 1 1 2 0 0 0 0 0 0 0 0 0 0 0 0 0 0 0 0 0 0 0 0 0 0 0 0 0 0 0 0 0 0 0 0 0 0 0 0 0 0 0 0 0 0 1
 1 1 2 0 0 0 0 0 0 0 0 0 0 0 0 0 0 0 0 0 0 0 0 0 0 0 0 0 0 0 0 0 0 0 0 0 0 0 0 0 0 0 0 0 0 1
 1 1 1 1 1 0 0 0 0 0 0 0 0 0 0 0 0 0 0 0 0 0 0 0 0 0 0 0 0 0 0 0 0 0 0 0 0 0 0 0 0 0 1 1 1 0
 1 1 1 1 1 0 0 0 0 0 0 0 0 1 0 0 0 0 0 0 0 0 0 0 0 0 0 0 0 0 0 0 0 0 0 1 1 1 0 0 1 1 1 1 1 0
 1 1 1 1 1 0 0 0 0 0 0 0 0 1 0 0 0 0 0 0 0 0 0 0 0 0 0 0 0 0 0 0 0 0 0 1 1 1 0 0 1 1 1 1 1 0
 0 0 1 1 1 1 0 0 0 0 0 0 0 0 0 0 1 1 0 0 0 0 0 0 1 1 0 0 0 0 0 0 0 0 0 1 1 1 0 0 1 1 1 0 0 0
 0 0 0 1 1 1 0 0 0 0 0 0 0 0 0 0 0 0 0 0 0 0 1 1 2 2 1 0 0 0 0 0 0 0 0 0 0 0 0 0 0 0 0 0 0 0
 0 0 0 1 1 1 0 0 0 0 0 0 0 0 0 0 0 0 0 0 0 0 1 1 2 2 1 0 0 0 0 0 0 0 0 0 0 0 0 0 0 0 0 0 0 0
 0 0 0 1 1 1 1 1 0 0 0 1 1 0 0 0 0 0 0 0 0 0 0 0 1 1 1 0 0 0 0 0 0 0 0 0 0 0 0 0 0 0 0 0 0 0
 0 0 0 1 1 1 1 1 0 0 0 1 1 0 0 0 0 0 0 0 0 0 0 0 1 1 1 0 0 0 0 0 0 0 0 0 0 0 0 0 0 0 0 0 0 0
 0 0 0 0 0 1 1 1 0 0 0 1 1 1 0 0 0 0 0 0 0 0 0 0 0 0 0 0 0 0 0 0 0 0 0 0 0 0 0 0 0 0 0 0 0 0
 0 0 0 0 0 1 1 1 1 1 0 0 0 0 0 0 0 0 0 0 0 0 0 0 0 0 0 0 0 0 0 0 0 0 0 0 0 0 0 0 0 0 0 0 0 0
 0 0 0 0 0 1 1 1 1 1 0 0 0 0 0 0 0 0 0 0 0 0 0 0 0 0 0 0 0 0 0 0 0 0 0 0 0 0 0 0 0 0 0 0 0 0
 0 0 0 0 0 0 0 0 1 1 0 0 0 0 0 0 0 0 0 0 0 0 0 0 0 0 0 0 0 0 0 0 0 0 0 0 0 0 0 0 1 1 0 0 0 0
 0 0 0 0 0 0 0 0 0 0 1 1 1 1 0 0 0 0 0 0 0 0 0 0 0 0 0 0 0 0 0 0 0 0 0 0 0 0 0 0 0 0 0 0 0 1
 0 0 0 0 0 0 0 0 0 0 1 1 1 1 0 0 0 0 0 0 0 0 0 0 0 0 0 0 0 0 0 0 0 0 0 0 0 0 0 0 0 0 0 0 0 1
 0 0 0 0 0 0 0 0 0 0 0 1 1 1 0 0 0 0 0 0 0 0 0 0 0 0 0 0 0 0 0 0 1 1 1 0 0 0 1 1 1 1 0 1 1 2
 0 0 0 0 0 0 0 0 0 0 0 1 1 1 0 0 0 0 0 0 0 0 0 0 0 0 0 0 0 0 0 0 1 1 1 0 0 0 1 1 1 1 0 1 1 2
 0 0 0 0 0 0 0 0 0 0 0 1 1 0 0 0 0 0 0 0 0 0 0 0 0 0 0 0 0 1 1 1 1 1 0 0 0 1 1 1 1 1 0 1 1 3
 0 0 0 1 1 1 1 1 0 0 0 0 0 1 0 0 0 0 0 0 0 0 0 0 0 0 0 1 1 3 2 2 1 1 0 0 0 0 1 1 0 0 0 0 0 1
 0 0 0 1 1 1 1 1 0 0 0 0 0 1 0 0 0 0 0 0 0 0 0 0 0 0 0 1 1 3 2 2 1 1 0 0 0 0 1 1 0 0 0 0 0 1
 0 0 1 1 1 0 1 1 2 2 2 1 1 1 1 1 0 0 0 0 0 0 0 0 0 0 0 0 0 1 1 1 1 1 1 1 1 1 2 2 2 2 1 0 0 0
 0 0 0 0 0 0 0 0 0 0 1 0 0 3 3 3 3 3 1 0 0 0 0 0 0 0 0 0 0 0 0 0 1 1 1 1 1 2 2 2 2 2 1 0 0 0
 0 0 0 0 0 0 0 0 0 0 1 0 0 3 3 3 3 3 1 0 0 0 0 0 0 0 0 0 0 0 0 0 1 1 1 1 1 2 2 2 2 2 1 0 0 0
 0 0 0 0 0 1 0 0 0 0 0 1 1 2 2 2 2 2 1 0 0 0 0 0 0 0 0 0 0 0 0 0 0 0 1 1 1 0 0 0 0 0 0 0 0 0
 0 0 0 0 0 1 0 0 0 0 0 1 1 2 2 2 2 2 1 0 0 0 0 0 0 0 0 0 0 0 0 0 0 0 1 1 1 0 0 0 0 0 0 0 0 0
 0 0 0 0 0 1 1 1 1 1 2 2 2 2 2 2 1 1 0 0 0 0 0 0 0 0 0 0 0 0 0 0 0 0 1 2 2 1 0 0 0 0 0 0 0 0
 0 0 0 1 1 1 1 1 1 1 0 2 2 5 5 5 0 0 0 0 0 0 0 0 0 0 0 0 0 0 0 0 0 0 1 1 1 1 0 0 0 0 0 0 0 0
 0 0 0 1 1 1 1 1 1 1 0 2 2 5 5 5 0 0 0 0 0 0 0 0 0 0 0 0 0 0 0 0 0 0 1 1 1 1 0 0 0 0 0 0 0 0
 0 0 0 0 0 1 1 1 1 1 0 1 1 1 1 1 0 0 0 0 0 0 0 0 0 0 0 0 0 1 0 0 0 0 0 1 1 1 1 1 1 1 1 1 1 0
 0 0 0 0 0 0 0 0 0 0 0 1 1 1 0 0 2 2 2 2 2 1 0 0 0 0 0 0 0 1 1 1 0 0 0 1 1 1 1 1 2 2 2 2 2 3
 0 0 0 0 0 0 0 0 0 0 0 1 1 1 0 0 2 2 2 2 2 1 0 0 0 0 0 0 0 1 1 1 0 0 0 1 1 1 1 1 2 2 2 2 2 3
 0 0 0 0 0 0 0 0 0 0 0 0 0 0 0 0 0 0 2 2 2 1 0 0 0 0 0 0 0 0 1 1 1 1 0 1 1 1 2 2 2 2 2 2 2 3
 0 0 0 0 0 0 0 0 0 0 0 0 0 0 0 0 0 0 2 2 2 1 0 0 0 0 0 0 0 0 1 1 1 1 0 1 1 1 2 2 2 2 2 2 2 3
 0 0 0 0 0 0 0 0 0 0 0 0 0 0 0 0 0 0 0 0 0 0 0 0 0 0 0 0 0 1 1 1 1 1 1 1 1 4 2 2 2 2 1 1 1 1
 0 0 0 0 0 0 0 0 0 0 0 0 0 0 0 0 0 0 0 0 0 0 0 0 0 0 0 0 0 1 1 1 1 1 1 1 1 3 2 2 3 3 3 4 4 1
 0 0 0 0 0 0 0 0 0 0 0 0 0 0 0 0 0 0 0 0 0 0 0 0 0 0 0 0 0 1 1 1 1 1 1 1 1 3 2 2 3 3 3 4 4 1
 0 0 0 0 0 0 0 0 0 0 0 1 1 1 0 0 0 0 0 0 0 0 0 0 0 0 0 0 0 1 1 1 2 2 1 1 1 6 4 4 3 3 2 2 2 1
 0 0 0 0 0 0 0 0 1 1 1 1 1 1 0 0 0 0 0 3 3 3 1 1 1 1 1 1 1 1 1 1 2 2 1 1 1 5 5 5 2 2 1 1 1 0
 0 0 0 0 0 0 0 0 1 1 1 1 1 1 0 0 0 0 0 3 3 3 1 1 1 1 1 1 1 1 1 1 2 2 1 1 1 5 5 5 2 2 1 1 1 0
 0 0 0 0 0 0 0 0 1 1 2 2 2 2 1 1 1 1 0 3 3 4 4 4 2 2 1 1 1 1 1 1 1 1 1 2 2 2 2 2 2 2 1 0 0 0
 0 0 0 0 0 0 0 0 1 1 2 2 2 2 1 1 1 1 0 3 3 4 4 4 2 2 1 1 1 1 1 1 1 1 1 2 2 2 2 2 2 2 1 0 0 0
 0 0 1 1 1 1 1 1 3 3 4 3 3 2 1 1 1 1 2 1 1 2 1 1 1 1 1 1 1 3 2 2 1 1 1 10 10 2 2 2 2 2 1 1 1 1
 2 2 2 2 2 2 2 2 4 4 5 3 3 3 3 3 3 3 3 2 2 2 1 1 0 0 0 1 1 1 1 1 2 2 1 1 1 2 2 2 1 1 1 1 1 1
 2 2 2 2 2 2 2 2 4 4 5 3 3 3 3 3 3 3 3 2 2 2 1 1 0 0 0 1 1 1 1 1 2 2 1 1 1 2 2 2 1 1 1 1 1 1
 2 2 2 3 3 4 4 4 5 5 5 3 3 2 1 1 3 3 2 2 2 2 2 2 1 1 2 1 1 1 2 2 1 1 1 3 3 3 2 2 1 1 1 1 1 1
 3 3 3 3 3 4 4 4 5 5 3 2 2 2 1 1 1 1 0 1 1 1 1 1 1 1 2 3 3 1 1 1 1 1 1 3 3 2 1 1 1 1 3 1 1 1
 3 3 3 3 3 4 4 4 5 5 3 2 2 2 1 1 1 1 0 1 1 1 1 1 1 1 2 3 3 1 1 1 1 1 1 3 3 2 1 1 1 1 3 1 1 1
 3 3 3 3 3 3 4 4 4 4 3 2 2 2 1 1 1 1 1 1 1 1 3 3 2 2 2 2 2 2 1 1 1 1 1 2 2 2 2 2 3 3 2 2 2 1
 3 3 3 3 3 3 4 4 4 4 3 2 2 2 1 1 1 1 1 1 1 1 3 3 2 2 2 2 2 2 1 1 1 1 1 2 2 2 2 2 3 3 2 2 2 1
 2 2 3 3 3 3 4 4 4 4 3 3 3 2 2 2 2 2 4 3 3 3 4 4 4 4 2 3 3 2 2 2 2 2 2 2 2 2 2 2 4 4 3 2 2 1
 2 2 3 3 3 3 4 4 4 4 4 4 4 3 3 3 3 3 3 4 4 4 3 3 3 3 5 4 4 3 3 3 3 3 3 2 2 1 2 2 4 4 2 2 2 1
 2 2 3 3 3 3 4 4 4 4 4 4 4 3 3 3 3 3 3 4 4 4 3 3 3 3 5 4 4 3 3 3 3 3 3 2 2 1 2 2 4 4 2 2 2 1
 2 2 3 4 4 4 5 5 4 4 4 5 5 4 3 3 3 3 4 6 6 7 8 8 7 7 6 4 4 3 4 4 4 4 3 2 2 2 1 1 3 3 2 2 2 1
 3 3 3 4 4 4 5 5 5 5 5 5 5 4 5 5 6 6 6 7 7 8 9 9 6 6 5 3 3 4 4 4 4 4 4 4 4 3 2 2 4 4 4 4 4 3
 3 3 3 4 4 4 5 5 5 5 5 5 5 4 5 5 6 6 6 7 7 8 9 9 6 6 5 3 3 4 4 4 4 4 4 4 4 3 2 2 4 4 4 4 4 3
 4 4 4 4 4 5 6 6 5 5 5 5 5 5 5 5 6 6 6 6 6 6 7 7 4 4 5 7 7 8 6 6 4 4 5 4 4 4 3 3 4 4 3 3 3 2
 4 4 4 4 4 5 6 6 5 5 5 5 5 5 5 5 6 6 6 6 6 6 7 7 4 4 5 7 7 8 6 6 4 4 5 4 4 4 3 3 4 4 3 3 3 2
 5 5 6 6 6 7 7 7 6 6 6 6 6 5 5 5 4 4 5 5 5 5 6 6 4 4 7 8 8 9 11 11 8 8 5 4 4 5 4 4 7 7 5 4 4 2
 8 8 8 8 8 8 6 6 5 5 5 5 5 5 5 5 5 5 6 6 6 6 6 6 7 7 11 11 11 11 12 12 9 9 6 6 6 5 4 4 5 5 5 4 4 3
 8 8 8 8 8 8 6 6 5 5 5 5 5 5 5 5 5 5 6 6 6 6 6 6 7 7 11 11 11 11 12 12 9 9 6 6 6 5 4 4 5 5 5 4 4 3
 8 8 8 9 9 9 8 8 7 7 6 6 6 6 6 6 6 6 6 5 5 5 4 4 4 4 5 11 11 12 14 14 12 12 8 7 7 7 8 8 12 12 10 10 10 7
 7 7 7 7 7 7 6 6 5 5 4 4 4 5 5 5 5 5 4 4 4 4 4 4 4 4 5 9 9 12 11 11 13 13 9 9 9 10 15 15 18 18 18 15 15 12
 7 7 7 7 7 7 6 6 5 5 4 4 4 5 5 5 5 5 4 4 4 4 4 4 4 4 5 9 9 12 11 11 13 13 9 9 9 10 15 15 18 18 18 15 15 12
 4 4 4 5 5 5 4 4 4 4 4 4 4 4 4 4 5 5 4 4 4 3 3 3 4 4 5 7 7 11 13 13 13 13 12 14 14 17 22 22 28 28 27 24 24 19
 4 4 4 5 5 5 4 4 4 4 4 4 4 4 4 4 5 5 4 4 4 3 3 3 4 4 5 7 7 11 13 13 13 13 12 14 14 17 22 22 28 28 27 24 24 19
 2 2 2 3 3 2 2 2 3 3 3 4 4 4 5 5 5 5 5 5 5 4 4 4 4 4 5 7 7 8 10 10 10 10 11 13 13 15 17 17 18 18 22 18 18 17
 2 2 2 2 2 2 2 2 3 3 3 4 4 5 5 5 5 5 6 5 5 4 4 4 4 4 4 4 4 4 6 6 8 8 10 12 12 16 19 19 22 22 26 31 31 24
 2 2 2 2 2 2 2 2 3 3 3 4 4 5 5 5 5 5 6 5 5 4 4 4 4 4 4 4 4 4 6 6 8 8 10 12 12 16 19 19 22 22 26 31 31 24
 2 2 2 2 2 2 2 2 3 3 4 4 4 4 5 5 5 5 6 5 5 5 5 5 4 4 4 4 4 5 7 7 9 9 12 17 17 20 25 25 25 25 28 32 32 32
 1 1 2 3 3 2 3 3 4 4 4 4 4 5 5 5 5 5 5 5 5 5 5 5 5 5 5 6 6 7 10 10 12 12 14 18 18 22 27 27 30 30 31 37 37 37
