assets/RAT_results_old/precipitation/2019-11-08_IMERG.asc
ncols        46
nrows        77
xllcorner    74.800261325624
yllcorner    8.058333333333
cellsize     0.062500000000
NODATA_value -9999
 0 0 0 0 0 0 0 0 0 0 0 0 0 0 3 3 2 2 1 1 1 3 5 5 4 4 7 5 5 5 3 3 2 2 2 2 2 3 4 4 4 4 5 6 6 7
 0 0 0 0 0 0 0 0 0 0 0 0 0 0 5 5 2 2 1 1 1 3 4 4 9 9 15 8 8 5 4 4 4 4 3 3 3 3 4 4 4 4 7 6 6 7
 0 0 0 0 0 0 0 0 0 0 0 0 0 0 5 5 2 2 1 1 1 3 4 4 9 9 15 8 8 5 4 4 4 4 3 3 3 3 4 4 4 4 7 6 6 7
 0 0 0 0 0 0 0 0 0 0 0 0 0 1 6 6 1 1 8 8 8 6 4 4 6 6 28 14 14 9 5 5 4 4 3 3 3 4 7 7 6 6 5 6 6 6
 0 0 0 0 0 0 0 0 0 0 0 0 0 1 5 5 2 2 5 5 5 4 5 5 7 7 21 28 28 10 5 5 3 3 3 4 4 4 10 10 5 5 4 5 5 3
 0 0 0 0 0 0 0 0 0 0 0 0 0 1 5 5 2 2 5 5 5 4 5 5 7 7 21 28 28 10 5 5 3 3 3 4 4 4 10 10 5 5 4 5 5 3
 0 0 0 0 0 0 0 0 0 0 0 0 0 1 3 3 2 2 5 5 5 4 5 5 11 11 27 28 28 28 8 8 12 12 3 4 4 11 9 9 8 8 1 1 1 2
 0 0 0 0 0 0 0 0 0 0 0 0 0 1 3 3 2 2 5 5 5 4 5 5 11 11 27 28 28 28 8 8 12 12 3 4 4 11 9 9 8 8 1 1 1 2
 0 0 0 0 0 0 0 0 0 0 0 1 1 2 2 2 3 3 3 2 2 3 6 6 13 13 32 29 29 15 13 13 11 11 13 14 14 15 11 11 4 4 1 3 3 4
 0 0 0 0 0 0 0 0 0 0 0 1 1 3 4 4 4 4 3 3 3 3 5 5 25 25 25 35 35 16 15 15 16 16 27 28 28 11 10 10 4 4 2 5 5 25
 0 0 0 0 0 0 0 0 0 0 0 1 1 3 4 4 4 4 3 3 3 3 5 5 25 25 25 35 35 16 15 15 16 16 27 28 28 11 10 10 4 4 2 5 5 25
 0 0 0 0 0 0 0 0 0 0 0 1 1 3 3 3 3 3 3 3 3 6 7 7 13 13 9 17 17 5 11 11 16 16 26 27 27 20 8 8 8 8 5 6 6 8
 0 0 0 0 0 0 0 0 0 0 0 1 1 1 1 1 2 2 5 3 3 11 6 6 12 12 8 15 15 5 3 3 2 2 11 8 8 8 9 9 10 10 6 9 9 10
 0 0 0 0 0 0 0 0 0 0 0 1 1 1 1 1 2 2 5 3 3 11 6 6 12 12 8 15 15 5 3 3 2 2 11 8 8 8 9 9 10 10 6 9 9 10
 0 0 0 0 0 0 0 0 0 0 0 0 0 0 0 0 1 1 15 7 7 12 14 14 13 13 14 4 4 3 1 1 2 2 11 8 8 8 11 11 10 10 11 11 11 14
 0 0 0 0 0 0 0 0 0 0 0 0 0 0 0 0 1 1 15 7 7 12 14 14 13 13 14 4 4 3 1 1 2 2 11 8 8 8 11 11 10 10 11 11 11 14
 0 0 0 0 0 0 0 0 0 0 0 0 0 0 0 0 9 9 17 13 13 20 18 18 16 16 40 13 13 5 0 0 0 0 1 2 2 2 5 5 7 7 7 8 8 9
 0 0 0 0 0 0 0 0 0 0 0 0 0 0 0 0 4 4 14 18 18 18 16 16 2 2 16 13 13 5 3 3 0 0 1 1 1 1 5 5 6 6 6 7 7 6
 0 0 0 0 0 0 0 0 0 0 0 0 0 0 0 0 4 4 14 18 18 18 16 16 2 2 16 13 13 5 3 3 0 0 1 1 1 1 5 5 6 6 6 7 7 6
 0 0 0 0 0 0 0 0 0 0 0 0 0 0 0 0 1 1 8 9 9 12 8 8 8 8 7 16 16 4 3 3 1 1 3 2 2 1 3 3 2 2 4 3 3 2
 0 0 0 0 0 0 0 0 0 0 0 0 0 0 0 0 0 0 5 14 14 11 11 11 8 8 8 13 13 2 1 1 3 3 4 2 2 1 2 2 2 2 2 3 3 2
 0 0 0 0 0 0 0 0 0 0 0 0 0 0 0 0 0 0 5 14 14 11 11 11 8 8 8 13 13 2 1 1 3 3 4 2 2 1 2 2 2 2 2 3 3 2
 0 0 0 0 0 0 0 0 0 0 0 0 0 0 0 0 0 0 5 5 5 29 18 18 7 7 5 3 3 2 2 2 3 3 4 0 0 0 0 0 1 1 2 3 3 2
 0 0 0 0 0 0 0 0 0 0 0 0 0 0 0 0 0 0 5 5 5 29 18 18 7 7 5 3 3 2 2 2 3 3 4 0 0 0 0 0 1 1 2 3 3 2
 0 0 0 0 0 0 0 0 0 0 0 1 1 0 0 0 0 0 0 3 3 9 9 9 3 3 4 2 2 2 3 3 4 4 3 1 1 0 0 0 0 0 2 3 3 1
 0 0 0 0 0 0 0 0 0 0 0 1 1 1 1 1 0 0 0 1 1 10 0 0 1 1 2 2 2 2 2 2 3 3 2 1 1 0 0 0 0 0 0 0 0 0
 0 0 0 0 0 0 0 0 0 0 0 1 1 1 1 1 0 0 0 1 1 10 0 0 1 1 2 2 2 2 2 2 3 3 2 1 1 0 0 0 0 0 0 0 0 0
 0 0 0 0 0 0 0 0 0 0 0 0 0 1 1 1 0 0 0 1 1 1 1 1 1 1 1 2 2 3 4 4 5 5 4 2 2 1 0 0 0 0 0 0 0 0
 0 0 0 0 0 0 0 0 0 0 0 0 0 1 1 1 1 1 1 1 1 1 1 1 2 2 2 5 5 5 5 5 6 6 5 3 3 2 1 1 1 1 0 0 0 0
 0 0 0 0 0 0 0 0 0 0 0 0 0 1 1 1 1 1 1 1 1 1 1 1 2 2 2 5 5 5 5 5 6 6 5 3 3 2 1 1 1 1 0 0 0 0
 0 0 0 0 0 0 0 0 0 0 0 0 0 2 3 3 2 2 2 1 1 1 1 1 2 2 3 6 6 5 5 5 3 3 4 4 4 4 2 2 1 1 0 0 0 1
 0 0 0 0 0 0 0 0 0 0 0 0 0 2 3 3 2 2 2 1 1 1 1 1 2 2 3 6 6 5 5 5 3 3 4 4 4 4 2 2 1 1 0 0 0 1
 0 0 0 0 0 0 0 0 0 0 0 1 1 2 4 4 3 3 3 1 1 0 0 0 1 1 4 5 5 4 1 1 2 2 1 6 6 7 7 7 4 4 1 1 1 2
 0 0 0 0 0 0 0 0 0 0 0 1 1 4 6 6 3 3 3 1 1 0 0 0 1 1 4 4 4 2 1 1 1 1 2 5 5 9 13 13 9 9 4 2 2 0
 0 0 0 0 0 0 0 0 0 0 0 1 1 4 6 6 3 3 3 1 1 0 0 0 1 1 4 4 4 2 1 1 1 1 2 5 5 9 13 13 9 9 4 2 2 0
 0 0 0 0 0 0 0 0 0 0 1 2 2 5 6 6 3 3 3 2 2 1 1 1 1 1 5 6 6 3 2 2 5 5 5 5 5 6 6 6 4 4 3 4 4 2
 0 0 0 0 0 0 0 0 0 0 0 2 2 4 5 5 2 2 1 2 2 1 1 1 1 1 3 4 4 4 4 4 8 8 9 4 4 6 3 3 3 3 2 2 2 1
 0 0 0 0 0 0 0 0 0 0 0 2 2 4 5 5 2 2 1 2 2 1 1 1 1 1 3 4 4 4 4 4 8 8 9 4 4 6 3 3 3 3 2 2 2 1
 0 0 0 0 0 0 0 0 0 0 0 2 2 5 4 4 2 2 2 2 2 2 5 5 3 3 2 4 4 5 10 10 9 9 4 2 2 3 4 4 4 4 3 2 2 1
 0 0 0 0 0 0 0 0 0 0 0 2 2 5 4 4 2 2 2 2 2 2 5 5 3 3 2 4 4 5 10 10 9 9 4 2 2 3 4 4 4 4 3 2 2 1
 0 0 0 0 0 0 0 0 0 0 1 5 5 10 4 4 3 3 5 5 5 4 4 4 3 3 2 7 7 14 19 19 10 10 5 2 2 4 4 4 7 7 5 3 3 7
 0 0 0 0 0 0 0 0 0 0 0 3 3 6 6 6 2 2 6 10 10 6 6 6 10 10 4 4 4 13 14 14 10 10 10 6 6 6 5 5 8 8 6 6 6 10
 0 0 0 0 0 0 0 0 0 0 0 3 3 6 6 6 2 2 6 10 10 6 6 6 10 10 4 4 4 13 14 14 10 10 10 6 6 6 5 5 8 8 6 6 6 10
 0 0 0 0 0 0 0 0 0 0 0 1 1 4 5 5 3 3 14 10 10 6 29 29 26 26 12 3 3 10 15 15 11 11 11 7 7 8 9 9 9 9 8 6 6 10
 0 0 0 0 0 0 0 0 0 0 0 1 1 4 3 3 3 3 14 11 11 16 32 32 12 12 11 1 1 9 11 11 10 10 8 7 7 7 9 9 9 9 8 6 6 5
 0 0 0 0 0 0 0 0 0 0 0 1 1 4 3 3 3 3 14 11 11 16 32 32 12 12 11 1 1 9 11 11 10 10 8 7 7 7 9 9 9 9 8 6 6 5
 0 0 0 0 0 0 0 0 0 0 1 1 1 3 3 3 3 3 10 10 10 7 6 6 15 15 11 4 4 8 7 7 9 9 8 6 6 7 10 10 8 8 7 6 6 8
 0 0 0 0 0 0 0 0 0 0 1 1 1 3 3 3 3 3 10 10 10 7 6 6 15 15 11 4 4 8 7 7 9 9 8 6 6 7 10 10 8 8 7 6 6 8
 0 0 0 0 0 0 0 0 0 0 1 1 1 3 6 6 8 8 15 20 20 7 0 0 8 8 7 2 2 7 7 7 7 7 8 7 7 7 9 9 8 8 9 7 7 9
 0 0 0 0 0 0 0 0 0 0 1 2 2 0 38 38 49 49 40 6 6 0 7 7 8 8 7 5 5 2 4 4 6 6 12 9 9 9 11 11 15 15 9 6 6 7
 0 0 0 0 0 0 0 0 0 0 1 2 2 0 38 38 49 49 40 6 6 0 7 7 8 8 7 5 5 2 4 4 6 6 12 9 9 9 11 11 15 15 9 6 6 7
 0 0 0 0 0 0 0 0 0 0 2 3 3 0 3 3 6 6 9 4 4 0 0 0 1 1 1 1 1 3 5 5 9 9 9 13 13 11 21 21 22 22 9 7 7 9
 0 0 0 0 0 0 0 0 0 0 1 4 4 0 1 1 3 3 2 0 0 1 0 0 2 2 2 5 5 11 8 8 9 9 17 22 22 12 34 34 30 30 11 7 7 14
 0 0 0 0 0 0 0 0 0 0 1 4 4 0 1 1 3 3 2 0 0 1 0 0 2 2 2 5 5 11 8 8 9 9 17 22 22 12 34 34 30 30 11 7 7 14
 0 0 0 0 0 0 0 0 0 0 1 5 5 0 2 2 4 4 1 0 0 1 0 0 2 2 1 1 1 4 7 7 11 11 16 23 23 27 33 33 44 44 18 13 13 19
 0 0 0 0 0 0 0 0 0 0 1 5 5 0 2 2 4 4 1 0 0 1 0 0 2 2 1 1 1 4 7 7 11 11 16 23 23 27 33 33 44 44 18 13 13 19
 0 0 0 0 0 0 0 0 0 0 1 0 0 2 3 3 12 12 2 0 0 0 0 0 3 3 2 1 1 3 9 9 9 9 12 19 19 22 33 33 36 36 21 50 50 27
 0 0 0 0 0 0 0 0 0 0 0 0 0 2 7 7 7 7 13 0 0 0 3 3 4 4 3 1 1 2 9 9 12 12 9 11 11 15 54 54 22 22 25 26 26 34
 0 0 0 0 0 0 0 0 0 0 0 0 0 2 7 7 7 7 13 0 0 0 3 3 4 4 3 1 1 2 9 9 12 12 9 11 11 15 54 54 22 22 25 26 26 34
 0 0 0 0 0 0 0 0 0 0 0 0 0 1 4 4 7 7 13 0 0 1 2 2 2 2 2 0 0 1 2 2 3 3 8 10 10 29 57 57 16 16 20 16 16 15
 0 0 0 0 0 0 0 0 0 0 0 0 0 1 2 2 4 4 4 0 0 1 2 2 12 12 11 1 1 3 1 1 4 4 5 12 12 43 26 26 22 22 14 13 13 12
 0 0 0 0 0 0 0 0 0 0 0 0 0 1 2 2 4 4 4 0 0 1 2 2 12 12 11 1 1 3 1 1 4 4 5 12 12 43 26 26 22 22 14 13 13 12
 0 0 0 0 0 0 0 0 0 0 0 0 0 1 2 2 4 4 4 0 0 0 0 0 0 0 12 1 1 3 4 4 7 7 12 14 14 19 9 9 10 10 10 12 12 15
 0 0 0 0 0 0 0 0 0 0 0 0 0 1 2 2 4 4 4 0 0 0 0 0 0 0 12 1 1 3 4 4 7 7 12 14 14 19 9 9 10 10 10 12 12 15
 0 0 0 0 0 0 0 0 0 0 0 0 0 1 2 2 3 3 4 0 0 0 0 0 0 0 0 0 0 1 1 1 2 2 9 11 11 9 11 11 10 10 10 12 12 12
 0 0 0 0 0 0 0 0 0 0 0 0 0 0 0 0 2 2 3 0 0 0 0 0 0 0 0 0 0 4 0 0 0 0 2 8 8 10 10 10 13 13 10 10 10 7
 0 0 0 0 0 0 0 0 0 0 0 0 0 0 0 0 2 2 3 0 0 0 0 0 0 0 0 0 0 4 0 0 0 0 2 8 8 10 10 10 13 13 10 10 10 7
 0 0 0 0 0 1 0 0 0 0 0 0 0 0 0 0 2 2 2 1 1 0 0 0 0 0 0 1 1 4 10 10 10 10 1 3 3 7 8 8 12 12 8 9 9 9
 0 0 0 0 0 0 1 1 0 0 0 0 0 0 0 0 1 1 1 1 1 1 0 0 2 2 2 6 6 6 26 26 11 11 1 2 2 5 10 10 11 11 6 6 6 5
 0 0 0 0 0 0 1 1 0 0 0 0 0 0 0 0 1 1 1 1 1 1 0 0 2 2 2 6 6 6 26 26 11 11 1 2 2 5 10 10 11 11 6 6 6 5
 0 0 0 0 0 0 0 0 0 0 0 0 0 0 0 0 1 1 1 1 1 0 1 1 1 1 1 6 6 6 26 26 1 1 1 1 1 3 7 7 9 9 8 6 6 1
 0 0 0 0 0 0 0 0 0 0 0 0 0 0 0 0 1 1 1 1 1 0 1 1 1 1 1 6 6 6 26 26 1 1 1 1 1 3 7 7 9 9 8 6 6 1
 0 0 0 0 0 0 0 0 0 0 0 0 0 0 0 0 0 0 0 0 0 1 1 1 2 2 1 1 1 1 1 1 0 0 0 0 0 1 2 2 6 6 6 3 3 1
 0 0 0 0 0 0 0 0 0 0 0 0 0 0 0 0 0 0 0 0 0 0 1 1 1 1 1 1 1 35 1 1 1 1 0 0 0 0 0 0 2 2 2 0 0 0
 0 0 0 0 0 0 0 0 0 0 0 0 0 0 0 0 0 0 0 0 0 0 1 1 1 1 1 1 1 35 1 1 1 1 0 0 0 0 0 0 2 2 2 0 0 0
 0 0 0 0 0 0 0 0 0 0 0 0 0 0 0 0 0 0 0 0 0 0 0 0 0 0 0 1 1 35 40 40 41 41 0 0 0 0 0 0 0 0 0 0 0 0
 0 0 0 0 0 0 0 0 0 0 0 0 0 0 0 0 0 0 0 0 0 0 0 0 0 0 0 0 0 1 1 1 1 1 0 0 0 0 1 1 1 1 0 0 0 0
