assets/RAT_results_old/precipitation/2019-10-22_IMERG.asc
ncols        46
nrows        77
xllcorner    74.800261325624
yllcorner    8.058333333333
cellsize     0.062500000000
NODATA_value -9999
 7 7 6 4 4 2 1 1 1 1 11 13 13 8 4 4 5 5 5 3 3 4 3 3 5 5 11 13 13 13 15 15 14 14 16 15 15 19 18 18 19 19 14 10 10 6
 9 9 10 3 3 2 2 2 3 3 3 11 11 9 13 13 6 6 5 4 4 4 4 4 5 5 9 10 10 13 21 21 9 9 12 13 13 12 14 14 17 17 18 14 14 13
 9 9 10 3 3 2 2 2 3 3 3 11 11 9 13 13 6 6 5 4 4 4 4 4 5 5 9 10 10 13 21 21 9 9 12 13 13 12 14 14 17 17 18 14 14 13
 19 19 5 4 4 1 1 1 1 1 5 3 3 12 21 21 8 8 8 5 5 4 5 5 6 6 7 13 13 19 22 22 13 13 9 12 12 13 15 15 15 15 15 12 12 15
 5 5 6 6 6 4 4 4 10 10 8 6 6 9 21 21 16 16 10 6 6 5 4 4 4 4 10 10 10 10 12 12 11 11 12 13 13 8 13 13 13 13 12 16 16 15
 5 5 6 6 6 4 4 4 10 10 8 6 6 9 21 21 16 16 10 6 6 5 4 4 4 4 10 10 10 10 12 12 11 11 12 13 13 8 13 13 13 13 12 16 16 15
 11 11 6 5 5 3 22 22 14 14 10 6 6 6 12 12 20 20 13 5 5 5 2 2 6 6 18 29 29 21 9 9 4 4 4 8 8 9 16 16 17 17 12 16 16 14
 11 11 6 5 5 3 22 22 14 14 10 6 6 6 12 12 20 20 13 5 5 5 2 2 6 6 18 29 29 21 9 9 4 4 4 8 8 9 16 16 17 17 12 16 16 14
 11 11 6 10 10 7 12 12 7 7 5 6 6 6 9 9 11 11 13 7 7 4 3 3 4 4 27 34 34 12 11 11 3 3 3 5 5 6 7 7 11 11 12 18 18 17
 14 14 6 7 7 5 8 8 4 4 6 6 6 7 7 7 11 11 8 10 10 7 4 4 4 4 7 9 9 14 19 19 6 6 5 5 5 3 3 3 5 5 8 11 11 8
 14 14 6 7 7 5 8 8 4 4 6 6 6 7 7 7 11 11 8 10 10 7 4 4 4 4 7 9 9 14 19 19 6 6 5 5 5 3 3 3 5 5 8 11 11 8
 14 14 3 5 5 3 6 6 5 5 6 6 6 6 5 5 9 9 4 7 7 5 5 5 5 5 5 10 10 14 15 15 13 13 6 8 8 8 9 9 5 5 12 6 6 7
 10 10 4 4 4 3 7 7 6 6 5 5 5 6 8 8 5 5 5 4 4 4 3 3 3 3 6 10 10 12 12 12 13 13 10 15 15 10 14 14 14 14 9 7 7 9
 10 10 4 4 4 3 7 7 6 6 5 5 5 6 8 8 5 5 5 4 4 4 3 3 3 3 6 10 10 12 12 12 13 13 10 15 15 10 14 14 14 14 9 7 7 9
 6 6 2 5 5 5 9 9 10 10 10 6 6 7 6 6 6 6 5 4 4 3 2 2 3 3 4 7 7 9 9 9 10 10 10 15 15 9 10 10 14 14 9 8 8 10
 6 6 2 5 5 5 9 9 10 10 10 6 6 7 6 6 6 6 5 4 4 3 2 2 3 3 4 7 7 9 9 9 10 10 10 15 15 9 10 10 14 14 9 8 8 10
 8 8 2 3 3 5 7 7 8 8 12 7 7 7 5 5 5 5 5 4 4 2 2 2 2 2 2 2 2 6 9 9 10 10 12 14 14 6 7 7 13 13 14 6 6 9
 20 20 4 2 2 1 1 1 1 1 3 4 4 4 14 14 6 6 4 3 3 3 4 4 3 3 3 1 1 1 2 2 6 6 7 8 8 9 8 8 7 7 9 10 10 13
 20 20 4 2 2 1 1 1 1 1 3 4 4 4 14 14 6 6 4 3 3 3 4 4 3 3 3 1 1 1 2 2 6 6 7 8 8 9 8 8 7 7 9 10 10 13
 26 26 7 4 4 3 1 1 1 1 1 3 3 6 14 14 14 14 12 9 9 5 5 5 4 4 1 1 1 1 1 1 1 1 2 5 5 10 6 6 6 6 11 11 11 12
 17 17 11 6 6 3 2 2 3 3 15 9 9 15 16 16 22 22 20 21 21 11 4 4 1 1 1 2 2 1 2 2 3 3 4 5 5 12 12 12 6 6 11 11 11 11
 17 17 11 6 6 3 2 2 3 3 15 9 9 15 16 16 22 22 20 21 21 11 4 4 1 1 1 2 2 1 2 2 3 3 4 5 5 12 12 12 6 6 11 11 11 11
 17 17 11 6 6 3 1 1 1 1 1 9 9 11 13 13 21 21 23 17 17 12 9 9 3 3 1 1 1 4 3 3 5 5 5 4 4 2 4 4 9 9 11 13 13 12
 17 17 11 6 6 3 1 1 1 1 1 9 9 11 13 13 21 21 23 17 17 12 9 9 3 3 1 1 1 4 3 3 5 5 5 4 4 2 4 4 9 9 11 13 13 12
 15 15 9 3 3 2 1 1 1 1 4 2 2 4 6 6 12 12 20 24 24 19 11 11 5 5 1 3 3 7 5 5 4 4 3 2 2 1 1 1 3 3 5 11 11 17
 11 11 6 3 3 3 2 2 1 1 2 2 2 2 3 3 7 7 8 13 13 17 10 10 2 2 1 2 2 8 5 5 3 3 1 1 1 1 1 1 3 3 3 3 3 3
 11 11 6 3 3 3 2 2 1 1 2 2 2 2 3 3 7 7 8 13 13 17 10 10 2 2 1 2 2 8 5 5 3 3 1 1 1 1 1 1 3 3 3 3 3 3
 10 10 7 3 3 2 2 2 1 1 1 2 2 2 5 5 6 6 3 10 10 7 5 5 4 4 6 6 6 5 2 2 1 1 1 0 0 1 2 2 2 2 3 2 2 3
 11 11 8 5 5 3 3 3 1 1 2 2 2 6 8 8 8 8 8 5 5 9 13 13 5 5 7 2 2 3 1 1 1 1 1 0 0 1 1 1 2 2 2 2 2 2
 11 11 8 5 5 3 3 3 1 1 2 2 2 6 8 8 8 8 8 5 5 9 13 13 5 5 7 2 2 3 1 1 1 1 1 0 0 1 1 1 2 2 2 2 2 2
 10 10 10 7 7 8 4 4 1 1 3 2 2 7 12 12 7 7 8 5 5 6 9 9 9 9 5 2 2 2 1 1 2 2 1 1 1 3 1 1 1 1 1 1 1 1
 10 10 10 7 7 8 4 4 1 1 3 2 2 7 12 12 7 7 8 5 5 6 9 9 9 9 5 2 2 2 1 1 2 2 1 1 1 3 1 1 1 1 1 1 1 1
 17 17 14 10 10 10 4 4 3 3 3 3 3 9 11 11 7 7 9 9 9 16 9 9 17 17 8 3 3 3 2 2 2 2 2 1 1 1 1 1 1 1 1 1 1 1
 18 18 14 13 13 7 5 5 4 4 2 3 3 3 6 6 11 11 10 9 9 13 12 12 9 9 3 2 2 2 2 2 3 3 2 2 2 1 1 1 1 1 1 1 1 0
 18 18 14 13 13 7 5 5 4 4 2 3 3 3 6 6 11 11 10 9 9 13 12 12 9 9 3 2 2 2 2 2 3 3 2 2 2 1 1 1 1 1 1 1 1 0
 25 25 22 19 19 9 8 8 7 7 4 3 3 4 8 8 9 9 18 24 24 22 9 9 6 6 4 2 2 4 2 2 3 3 5 4 4 2 0 0 0 0 0 0 0 0
 34 34 35 34 34 18 11 11 6 6 6 6 6 10 10 10 10 10 19 17 17 9 9 9 20 20 8 3 3 4 2 2 3 3 4 4 4 1 0 0 0 0 0 0 0 0
 34 34 35 34 34 18 11 11 6 6 6 6 6 10 10 10 10 10 19 17 17 9 9 9 20 20 8 3 3 4 2 2 3 3 4 4 4 1 0 0 0 0 0 0 0 0
 36 36 41 37 37 25 17 17 7 7 6 6 6 10 10 10 12 12 19 17 17 9 10 10 9 9 6 4 4 3 1 1 1 1 2 2 2 1 0 0 0 0 0 0 0 0
 36 36 41 37 37 25 17 17 7 7 6 6 6 10 10 10 12 12 19 17 17 9 10 10 9 9 6 4 4 3 1 1 1 1 2 2 2 1 0 0 0 0 0 0 0 0
 32 32 36 27 27 23 12 12 11 11 6 7 7 11 12 12 12 12 17 11 11 9 11 11 10 10 5 7 7 2 2 2 2 2 2 3 3 3 1 1 0 0 0 0 0 2
 28 28 36 35 35 23 13 13 11 11 8 7 7 14 11 11 12 12 13 11 11 11 14 14 9 9 7 7 7 4 3 3 3 3 6 4 4 6 2 2 1 1 2 2 2 1
 28 28 36 35 35 23 13 13 11 11 8 7 7 14 11 11 12 12 13 11 11 11 14 14 9 9 7 7 7 4 3 3 3 3 6 4 4 6 2 2 1 1 2 2 2 1
 32 32 35 34 34 21 10 10 9 9 7 7 7 12 11 11 9 9 10 9 9 13 14 14 10 10 7 12 12 5 3 3 4 4 6 9 9 7 4 4 3 3 1 0 0 1
 36 36 36 45 45 23 11 11 11 11 8 9 9 10 8 8 9 9 10 10 10 15 15 15 17 17 10 9 9 5 3 3 5 5 3 9 9 8 6 6 1 1 0 2 2 1
 36 36 36 45 45 23 11 11 11 11 8 9 9 10 8 8 9 9 10 10 10 15 15 15 17 17 10 9 9 5 3 3 5 5 3 9 9 8 6 6 1 1 0 2 2 1
 36 36 41 43 43 22 20 20 10 10 7 6 6 7 11 11 7 7 7 10 10 15 14 14 22 22 23 3 3 5 5 5 4 4 5 8 8 7 4 4 1 1 2 3 3 5
 36 36 41 43 43 22 20 20 10 10 7 6 6 7 11 11 7 7 7 10 10 15 14 14 22 22 23 3 3 5 5 5 4 4 5 8 8 7 4 4 1 1 2 3 3 5
 37 37 39 51 51 21 19 19 11 11 7 7 7 8 8 8 9 9 6 2 2 6 8 8 18 18 11 5 5 6 5 5 7 7 7 7 7 6 6 6 3 3 2 2 2 5
 35 35 38 31 31 30 15 15 11 11 8 8 8 8 8 8 10 10 8 4 4 6 11 11 14 14 11 6 6 4 4 4 7 7 8 8 8 5 4 4 4 4 2 3 3 4
 35 35 38 31 31 30 15 15 11 11 8 8 8 8 8 8 10 10 8 4 4 6 11 11 14 14 11 6 6 4 4 4 7 7 8 8 8 5 4 4 4 4 2 3 3 4
 34 34 38 28 28 33 14 14 14 14 8 10 10 10 8 8 7 7 6 3 3 10 9 9 12 12 10 4 4 4 5 5 5 5 4 8 8 10 2 2 3 3 4 3 3 3
 23 23 35 32 32 37 18 18 11 11 9 12 12 13 10 10 9 9 2 3 3 3 7 7 9 9 11 5 5 4 3 3 4 4 2 2 2 3 4 4 4 4 6 5 5 4
 23 23 35 32 32 37 18 18 11 11 9 12 12 13 10 10 9 9 2 3 3 3 7 7 9 9 11 5 5 4 3 3 4 4 2 2 2 3 4 4 4 4 6 5 5 4
 27 27 35 35 35 39 28 28 13 13 11 16 16 16 13 13 11 11 2 2 2 4 10 10 7 7 12 6 6 6 5 5 2 2 1 2 2 2 4 4 5 5 6 6 6 6
 27 27 35 35 35 39 28 28 13 13 11 16 16 16 13 13 11 11 2 2 2 4 10 10 7 7 12 6 6 6 5 5 2 2 1 2 2 2 4 4 5 5 6 6 6 6
 38 38 35 42 42 39 38 38 24 24 11 13 13 10 10 10 9 9 6 3 3 7 8 8 9 9 9 8 8 8 3 3 1 1 2 2 2 2 3 3 5 5 8 7 7 8
 43 43 39 37 37 42 39 39 38 38 14 15 15 13 16 16 19 19 16 6 6 4 4 4 12 12 11 8 8 10 5 5 5 5 2 2 2 4 6 6 8 8 9 7 7 7
 43 43 39 37 37 42 39 39 38 38 14 15 15 13 16 16 19 19 16 6 6 4 4 4 12 12 11 8 8 10 5 5 5 5 2 2 2 4 6 6 8 8 9 7 7 7
 43 43 43 41 41 38 38 38 28 28 22 19 19 20 19 19 20 20 20 16 16 6 10 10 7 7 8 13 13 10 5 5 4 4 3 3 3 4 6 6 9 9 12 8 8 6
 45 45 49 46 46 38 33 33 21 21 24 19 19 21 22 22 24 24 23 19 19 8 8 8 15 15 19 9 9 7 3 3 3 3 4 3 3 4 4 4 8 8 9 3 3 3
 45 45 49 46 46 38 33 33 21 21 24 19 19 21 22 22 24 24 23 19 19 8 8 8 15 15 19 9 9 7 3 3 3 3 4 3 3 4 4 4 8 8 9 3 3 3
 50 50 55 55 55 56 37 37 19 19 17 19 19 23 26 26 31 31 34 31 31 21 22 22 40 40 58 10 10 9 7 7 6 6 2 2 2 2 4 4 8 8 7 4 4 4
 50 50 55 55 55 56 37 37 19 19 17 19 19 23 26 26 31 31 34 31 31 21 22 22 40 40 58 10 10 9 7 7 6 6 2 2 2 2 4 4 8 8 7 4 4 4
 51 51 55 63 63 67 62 62 27 27 20 21 21 23 25 25 35 35 42 46 46 52 45 45 94 94 15 19 19 13 10 10 6 6 1 1 1 2 2 2 13 13 18 7 7 1
 50 50 56 65 65 79 69 69 36 36 23 21 21 20 20 20 24 24 26 30 30 32 91 91 25 25 26 12 12 12 11 11 15 15 5 2 2 2 4 4 12 12 17 13 13 2
 50 50 56 65 65 79 69 69 36 36 23 21 21 20 20 20 24 24 26 30 30 32 91 91 25 25 26 12 12 12 11 11 15 15 5 2 2 2 4 4 12 12 17 13 13 2
 51 51 59 63 63 71 37 37 38 38 26 23 23 18 20 20 23 23 28 30 30 35 29 29 25 25 35 14 14 11 5 5 13 13 8 6 6 6 5 5 11 11 10 6 6 4
 51 51 58 67 67 64 36 36 25 25 22 20 20 17 18 18 21 21 23 26 26 27 16 16 31 31 10 22 22 20 6 6 6 6 4 2 2 2 3 3 8 8 8 5 5 3
 51 51 58 67 67 64 36 36 25 25 22 20 20 17 18 18 21 21 23 26 26 27 16 16 31 31 10 22 22 20 6 6 6 6 4 2 2 2 3 3 8 8 8 5 5 3
 49 49 56 60 60 57 26 26 16 16 14 20 20 16 16 16 16 16 20 17 17 19 20 20 9 9 6 24 24 23 8 8 4 4 4 3 3 2 2 2 6 6 6 6 6 6
 49 49 56 60 60 57 26 26 16 16 14 20 20 16 16 16 16 16 20 17 17 19 20 20 9 9 6 24 24 23 8 8 4 4 4 3 3 2 2 2 6 6 6 6 6 6
 53 53 60 61 61 46 24 24 13 13 19 20 20 13 14 14 11 11 13 14 14 15 19 19 19 19 5 9 9 8 8 8 6 6 6 4 4 4 1 1 1 1 12 9 9 9
 52 52 56 62 62 41 18 18 16 16 11 13 13 12 12 12 9 9 11 12 12 11 17 17 9 9 7 16 16 11 5 5 5 5 3 1 1 3 3 3 4 4 4 14 14 11
 52 52 56 62 62 41 18 18 16 16 11 13 13 12 12 12 9 9 11 12 12 11 17 17 9 9 7 16 16 11 5 5 5 5 3 1 1 3 3 3 4 4 4 14 14 11
 41 41 49 49 49 44 17 17 12 12 12 12 12 14 9 9 9 9 9 10 10 11 15 15 15 15 19 12 12 7 8 8 10 10 4 3 3 1 9 9 7 7 6 10 10 13
 36 36 38 31 31 16 15 15 14 14 14 16 16 16 10 10 9 9 9 10 10 15 15 15 16 16 19 11 11 6 7 7 10 10 6 5 5 4 3 3 1 1 3 2 2 4
