assets/RAT_results_old/precipitation/2019-12-02_IMERG.asc
ncols        46
nrows        77
xllcorner    74.800261325624
yllcorner    8.058333333333
cellsize     0.062500000000
NODATA_value -9999
 20 20 22 29 29 36 14 14 9 9 9 7 7 7 7 7 8 8 6 3 3 2 2 2 2 2 2 1 1 0 1 1 1 1 1 0 0 0 0 0 0 0 0 0 0 0
 23 23 19 19 19 23 36 36 23 23 10 13 13 12 9 9 9 9 6 3 3 2 2 2 1 1 1 1 1 0 1 1 1 1 0 0 0 0 0 0 0 0 0 0 0 1
 23 23 19 19 19 23 36 36 23 23 10 13 13 12 9 9 9 9 6 3 3 2 2 2 1 1 1 1 1 0 1 1 1 1 0 0 0 0 0 0 0 0 0 0 0 1
 24 24 30 31 31 25 28 28 23 23 13 11 11 12 11 11 9 9 7 4 4 2 2 2 1 1 1 1 1 1 0 0 0 0 0 0 0 0 0 0 0 0 0 0 0 1
 26 26 21 21 21 20 18 18 24 24 21 14 14 10 11 11 7 7 5 5 5 3 2 2 1 1 1 1 1 1 0 0 0 0 0 0 0 0 0 0 0 0 0 0 0 1
 26 26 21 21 21 20 18 18 24 24 21 14 14 10 11 11 7 7 5 5 5 3 2 2 1 1 1 1 1 1 0 0 0 0 0 0 0 0 0 0 0 0 0 0 0 1
 26 26 27 24 24 17 16 16 16 16 24 15 15 8 8 8 6 6 5 4 4 4 2 2 2 2 2 1 1 1 0 0 0 0 0 0 0 0 0 0 0 0 0 1 1 1
 26 26 27 24 24 17 16 16 16 16 24 15 15 8 8 8 6 6 5 4 4 4 2 2 2 2 2 1 1 1 0 0 0 0 0 0 0 0 0 0 0 0 0 1 1 1
 25 25 23 23 23 29 28 28 20 20 11 10 10 6 6 6 6 6 4 3 3 4 3 3 2 2 1 0 0 0 0 0 0 0 0 0 0 1 1 1 0 0 0 1 1 1
 20 20 27 24 24 24 31 31 30 30 23 15 15 13 12 12 9 9 8 6 6 3 4 4 3 3 2 0 0 0 0 0 1 1 1 1 1 1 1 1 0 0 0 0 0 1
 20 20 27 24 24 24 31 31 30 30 23 15 15 13 12 12 9 9 8 6 6 3 4 4 3 3 2 0 0 0 0 0 1 1 1 1 1 1 1 1 0 0 0 0 0 1
 19 19 22 29 29 26 32 32 36 36 29 32 32 20 10 10 9 9 6 8 8 7 3 3 4 4 1 0 0 0 0 0 0 0 0 1 1 1 0 0 0 0 0 0 0 1
 28 28 23 25 25 28 33 33 34 34 37 37 37 32 17 17 13 13 10 12 12 11 6 6 6 6 1 0 0 0 0 0 1 1 1 1 1 1 1 1 1 1 1 0 0 0
 28 28 23 25 25 28 33 33 34 34 37 37 37 32 17 17 13 13 10 12 12 11 6 6 6 6 1 0 0 0 0 0 1 1 1 1 1 1 1 1 1 1 1 0 0 0
 35 35 24 26 26 31 33 33 33 33 42 39 39 31 28 28 15 15 12 11 11 10 6 6 4 4 2 1 1 0 1 1 1 1 1 1 1 2 1 1 1 1 0 0 0 0
 35 35 24 26 26 31 33 33 33 33 42 39 39 31 28 28 15 15 12 11 11 10 6 6 4 4 2 1 1 0 1 1 1 1 1 1 1 2 1 1 1 1 0 0 0 0
 30 30 25 23 23 28 30 30 33 33 38 44 44 41 23 23 14 14 16 14 14 4 7 7 3 3 1 1 1 0 0 0 1 1 1 2 2 2 3 3 3 3 1 0 0 0
 33 33 26 23 23 29 28 28 32 32 33 40 40 40 19 19 18 18 21 17 17 10 1 1 1 1 1 1 1 0 0 0 0 0 1 2 2 4 4 4 3 3 1 1 1 1
 33 33 26 23 23 29 28 28 32 32 33 40 40 40 19 19 18 18 21 17 17 10 1 1 1 1 1 1 1 0 0 0 0 0 1 2 2 4 4 4 3 3 1 1 1 1
 30 30 22 22 22 21 20 20 31 31 30 35 35 35 23 23 19 19 16 12 12 10 1 1 0 0 2 0 0 0 1 1 2 2 4 4 4 7 5 5 4 4 3 3 3 1
 25 25 18 20 20 19 17 17 23 23 33 30 30 25 17 17 13 13 4 4 4 3 1 1 0 0 1 0 0 2 5 5 10 10 11 9 9 7 5 5 4 4 3 3 3 2
 25 25 18 20 20 19 17 17 23 23 33 30 30 25 17 17 13 13 4 4 4 3 1 1 0 0 1 0 0 2 5 5 10 10 11 9 9 7 5 5 4 4 3 3 3 2
 19 19 14 13 13 12 15 15 17 17 50 50 50 42 39 39 11 11 3 1 1 1 0 0 0 0 2 1 1 3 10 10 17 17 17 12 12 8 5 5 4 4 2 1 1 2
 19 19 14 13 13 12 15 15 17 17 50 50 50 42 39 39 11 11 3 1 1 1 0 0 0 0 2 1 1 3 10 10 17 17 17 12 12 8 5 5 4 4 2 1 1 2
 20 20 14 7 7 9 11 11 11 11 37 38 38 36 17 17 3 3 1 1 1 0 0 0 0 0 1 0 0 2 6 6 12 12 15 14 14 8 7 7 5 5 0 0 0 0
 19 19 15 8 8 9 14 14 27 27 25 39 39 29 17 17 5 5 2 1 1 0 0 0 0 0 0 0 0 2 4 4 7 7 12 9 9 5 6 6 5 5 3 0 0 0
 19 19 15 8 8 9 14 14 27 27 25 39 39 29 17 17 5 5 2 1 1 0 0 0 0 0 0 0 0 2 4 4 7 7 12 9 9 5 6 6 5 5 3 0 0 0
 23 23 15 9 9 9 16 16 32 32 31 5 5 19 6 6 5 5 2 1 1 0 0 0 0 0 0 0 0 1 2 2 4 4 3 3 3 3 3 3 2 2 2 0 0 0
 26 26 20 17 17 36 32 32 23 23 11 5 5 7 13 13 6 6 2 0 0 0 0 0 0 0 0 0 0 1 1 1 1 1 1 1 1 2 3 3 0 0 0 0 0 0
 26 26 20 17 17 36 32 32 23 23 11 5 5 7 13 13 6 6 2 0 0 0 0 0 0 0 0 0 0 1 1 1 1 1 1 1 1 2 3 3 0 0 0 0 0 0
 28 28 29 18 18 37 32 32 36 36 19 20 20 5 13 13 3 3 2 0 0 1 0 0 0 0 1 2 2 1 2 2 1 1 0 0 0 0 0 0 0 0 0 0 0 0
 28 28 29 18 18 37 32 32 36 36 19 20 20 5 13 13 3 3 2 0 0 1 0 0 0 0 1 2 2 1 2 2 1 1 0 0 0 0 0 0 0 0 0 0 0 0
 37 37 33 24 24 45 45 45 36 36 27 20 20 10 14 14 7 7 4 1 1 0 0 0 1 1 2 2 2 2 2 2 2 2 2 1 1 0 0 0 0 0 0 0 0 0
 30 30 28 16 16 36 25 25 28 28 24 18 18 2 7 7 8 8 3 2 2 1 1 1 3 3 1 2 2 3 2 2 2 2 2 2 2 0 0 0 0 0 0 0 0 0
 30 30 28 16 16 36 25 25 28 28 24 18 18 2 7 7 8 8 3 2 2 1 1 1 3 3 1 2 2 3 2 2 2 2 2 2 2 0 0 0 0 0 0 0 0 0
 35 35 31 19 19 16 21 21 24 24 19 17 17 5 7 7 13 13 5 3 3 3 7 7 4 4 3 6 6 4 4 4 3 3 3 1 1 1 0 0 0 0 0 0 0 0
 28 28 33 25 25 10 15 15 20 20 19 19 19 7 10 10 18 18 15 6 6 9 15 15 12 12 11 10 10 9 6 6 5 5 6 1 1 1 0 0 4 4 2 0 0 0
 28 28 33 25 25 10 15 15 20 20 19 19 19 7 10 10 18 18 15 6 6 9 15 15 12 12 11 10 10 9 6 6 5 5 6 1 1 1 0 0 4 4 2 0 0 0
 17 17 31 27 27 16 13 13 11 11 9 8 8 9 10 10 19 19 16 8 8 10 15 15 13 13 16 17 17 22 19 19 13 13 7 4 4 2 1 1 0 0 1 1 1 0
 17 17 31 27 27 16 13 13 11 11 9 8 8 9 10 10 19 19 16 8 8 10 15 15 13 13 16 17 17 22 19 19 13 13 7 4 4 2 1 1 0 0 1 1 1 0
 20 20 20 27 27 21 12 12 10 10 8 10 10 12 14 14 24 24 20 10 10 9 7 7 20 20 23 35 35 34 23 23 16 16 9 9 9 8 2 2 2 2 1 1 1 1
 16 16 12 15 15 17 7 7 7 7 8 12 12 18 21 21 35 35 24 10 10 8 8 8 19 19 27 28 28 30 23 23 12 12 7 6 6 6 3 3 1 1 1 0 0 0
 16 16 12 15 15 17 7 7 7 7 8 12 12 18 21 21 35 35 24 10 10 8 8 8 19 19 27 28 28 30 23 23 12 12 7 6 6 6 3 3 1 1 1 0 0 0
 14 14 11 8 8 11 7 7 8 8 11 19 19 27 41 41 41 41 26 10 10 9 9 9 20 20 32 39 39 31 34 34 6 6 3 3 3 3 3 3 1 1 0 1 1 1
 18 18 12 7 7 8 8 8 4 4 13 21 21 27 25 25 80 80 19 8 8 10 7 7 20 20 37 37 37 51 18 18 14 14 3 1 1 1 2 2 0 0 0 3 3 3
 18 18 12 7 7 8 8 8 4 4 13 21 21 27 25 25 80 80 19 8 8 10 7 7 20 20 37 37 37 51 18 18 14 14 3 1 1 1 2 2 0 0 0 3 3 3
 16 16 13 10 10 7 7 7 3 3 6 15 15 21 27 27 75 75 29 18 18 15 8 8 12 12 18 26 26 61 24 24 13 13 2 0 0 1 0 0 0 0 2 3 3 5
 16 16 13 10 10 7 7 7 3 3 6 15 15 21 27 27 75 75 29 18 18 15 8 8 12 12 18 26 26 61 24 24 13 13 2 0 0 1 0 0 0 0 2 3 3 5
 14 14 12 12 12 11 11 11 5 5 7 8 8 15 30 30 38 38 33 20 20 15 5 5 4 4 6 18 18 46 19 19 9 9 4 0 0 0 0 0 0 0 2 3 3 3
 14 14 15 12 12 10 9 9 6 6 8 8 8 13 33 33 39 39 34 24 24 16 6 6 3 3 4 17 17 27 12 12 16 16 1 2 2 0 0 0 1 1 1 2 2 0
 14 14 15 12 12 10 9 9 6 6 8 8 8 13 33 33 39 39 34 24 24 16 6 6 3 3 4 17 17 27 12 12 16 16 1 2 2 0 0 0 1 1 1 2 2 0
 11 11 12 10 10 9 10 10 7 7 6 6 6 10 30 30 42 42 30 35 35 18 9 9 5 5 4 7 7 4 4 4 2 2 0 0 0 0 0 0 1 1 1 2 2 0
 9 9 8 7 7 7 10 10 9 9 5 4 4 6 34 34 50 50 33 33 33 14 10 10 4 4 4 2 2 3 1 1 1 1 0 0 0 0 0 0 1 1 1 4 4 1
 9 9 8 7 7 7 10 10 9 9 5 4 4 6 34 34 50 50 33 33 33 14 10 10 4 4 4 2 2 3 1 1 1 1 0 0 0 0 0 0 1 1 1 4 4 1
 10 10 6 5 5 6 7 7 6 6 3 3 3 6 18 18 43 43 41 21 21 12 9 9 3 3 3 0 0 0 0 0 0 0 0 0 0 0 0 0 0 0 2 3 3 0
 10 10 6 5 5 6 7 7 6 6 3 3 3 6 18 18 43 43 41 21 21 12 9 9 3 3 3 0 0 0 0 0 0 0 0 0 0 0 0 0 0 0 2 3 3 0
 16 16 7 6 6 5 6 6 5 5 4 3 3 3 5 5 18 18 27 18 18 8 2 2 1 1 2 2 2 0 0 0 0 0 0 0 0 0 0 0 0 0 1 6 6 0
 20 20 14 9 9 6 5 5 5 5 4 4 4 3 3 3 20 20 33 24 24 22 1 1 1 1 1 1 1 0 0 0 0 0 0 0 0 0 0 0 0 0 2 3 3 1
 20 20 14 9 9 6 5 5 5 5 4 4 4 3 3 3 20 20 33 24 24 22 1 1 1 1 1 1 1 0 0 0 0 0 0 0 0 0 0 0 0 0 2 3 3 1
 21 21 20 15 15 10 7 7 8 8 9 6 6 3 3 3 6 6 26 15 15 15 1 1 2 2 1 3 3 0 0 0 0 0 0 0 0 0 0 0 0 0 2 2 2 0
 22 22 21 16 16 15 13 13 12 12 14 8 8 3 2 2 4 4 17 14 14 14 1 1 2 2 2 3 3 1 1 1 1 1 1 0 0 0 0 0 0 0 2 2 2 3
 22 22 21 16 16 15 13 13 12 12 14 8 8 3 2 2 4 4 17 14 14 14 1 1 2 2 2 3 3 1 1 1 1 1 1 0 0 0 0 0 0 0 2 2 2 3
 20 20 23 16 16 15 13 13 14 14 12 8 8 6 4 4 7 7 4 1 1 0 0 0 1 1 2 2 2 3 9 9 1 1 1 1 1 1 1 1 1 1 1 3 3 4
 20 20 23 16 16 15 13 13 14 14 12 8 8 6 4 4 7 7 4 1 1 0 0 0 1 1 2 2 2 3 9 9 1 1 1 1 1 1 1 1 1 1 1 3 3 4
 20 20 21 14 14 13 11 11 13 13 16 10 10 9 4 4 6 6 6 1 1 0 0 0 1 1 2 3 3 3 6 6 2 2 0 1 1 1 1 1 1 1 2 3 3 7
 23 23 27 21 21 13 14 14 13 13 13 9 9 5 1 1 3 3 3 0 0 0 0 0 1 1 2 2 2 4 3 3 1 1 2 1 1 1 1 1 4 4 1 2 2 1
 23 23 27 21 21 13 14 14 13 13 13 9 9 5 1 1 3 3 3 0 0 0 0 0 1 1 2 2 2 4 3 3 1 1 2 1 1 1 1 1 4 4 1 2 2 1
 20 20 25 20 20 17 13 13 15 15 19 12 12 4 1 1 2 2 0 0 0 0 0 0 0 0 2 2 2 3 3 3 3 3 1 1 1 1 1 1 1 1 1 0 0 1
 15 15 15 20 20 18 21 21 23 23 27 16 16 7 0 0 3 3 2 1 1 0 0 0 1 1 0 1 1 3 4 4 3 3 2 1 1 1 1 1 1 1 5 1 1 1
 15 15 15 20 20 18 21 21 23 23 27 16 16 7 0 0 3 3 2 1 1 0 0 0 1 1 0 1 1 3 4 4 3 3 2 1 1 1 1 1 1 1 5 1 1 1
 15 15 13 14 14 16 19 19 24 24 23 21 21 8 1 1 1 1 2 0 0 1 1 1 1 1 1 1 1 3 2 2 2 2 3 3 3 2 10 10 2 2 1 2 2 3
 15 15 13 14 14 16 19 19 24 24 23 21 21 8 1 1 1 1 2 0 0 1 1 1 1 1 1 1 1 3 2 2 2 2 3 3 3 2 10 10 2 2 1 2 2 3
 13 13 12 14 14 17 17 17 21 21 22 23 23 10 3 3 1 1 0 0 0 1 3 3 2 2 1 1 1 0 2 2 6 6 7 5 5 4 3 3 3 3 2 2 2 4
 12 12 13 15 15 20 20 20 24 24 26 21 21 17 8 8 1 1 0 0 0 1 1 1 1 1 1 1 1 1 4 4 5 5 4 3 3 4 2 2 2 2 3 4 4 8
 12 12 13 15 15 20 20 20 24 24 26 21 21 17 8 8 1 1 0 0 0 1 1 1 1 1 1 1 1 1 4 4 5 5 4 3 3 4 2 2 2 2 3 4 4 8
 12 12 14 18 18 21 21 21 25 25 29 28 28 28 15 15 4 4 1 1 1 1 1 1 1 1 1 1 1 1 1 1 2 2 2 5 5 3 5 5 4 4 4 3 3 6
 10 10 12 20 20 23 24 24 27 27 33 28 28 28 16 16 6 6 2 1 1 1 1 1 1 1 1 0 0 0 1 1 0 0 3 4 4 4 4 4 5 5 6 3 3 4
