assets/RAT_results_old/precipitation/2019-09-29_IMERG.asc
ncols        46
nrows        77
xllcorner    74.800261325624
yllcorner    8.058333333333
cellsize     0.062500000000
NODATA_value -9999
 4 4 3 2 2 2 2 2 1 1 0 0 0 0 0 0 0 0 1 1 1 0 0 0 0 0 0 0 0 0 0 0 0 0 0 0 0 0 0 0 0 0 0 0 0 0
 2 2 2 1 1 1 4 4 3 3 3 0 0 0 0 0 0 0 1 0 0 0 0 0 0 0 0 0 0 0 0 0 0 0 0 0 0 0 0 0 0 0 0 0 0 0
 2 2 2 1 1 1 4 4 3 3 3 0 0 0 0 0 0 0 1 0 0 0 0 0 0 0 0 0 0 0 0 0 0 0 0 0 0 0 0 0 0 0 0 0 0 0
 1 1 1 1 1 3 7 7 6 6 4 0 0 0 0 0 0 0 0 0 0 0 0 0 0 0 0 0 0 0 0 0 0 0 0 0 0 0 0 0 0 0 0 0 0 0
 1 1 0 2 2 1 1 1 1 1 2 1 1 0 0 0 0 0 0 0 0 0 0 0 0 0 0 0 0 0 0 0 0 0 0 0 0 0 0 0 0 0 0 0 0 0
 1 1 0 2 2 1 1 1 1 1 2 1 1 0 0 0 0 0 0 0 0 0 0 0 0 0 0 0 0 0 0 0 0 0 0 0 0 0 0 0 0 0 0 0 0 0
 1 1 1 2 2 2 2 2 4 4 6 4 4 2 1 1 0 0 0 0 0 0 0 0 0 0 0 0 0 1 0 0 0 0 0 0 0 0 0 0 0 0 0 0 0 0
 1 1 1 2 2 2 2 2 4 4 6 4 4 2 1 1 0 0 0 0 0 0 0 0 0 0 0 0 0 1 0 0 0 0 0 0 0 0 0 0 0 0 0 0 0 0
 1 1 1 2 2 2 3 3 6 6 8 6 6 4 1 1 0 0 0 0 0 0 0 0 0 0 0 0 0 0 0 0 0 0 0 0 0 0 0 0 0 0 0 0 0 0
 1 1 1 1 1 2 2 2 2 2 4 3 3 2 0 0 0 0 0 0 0 0 0 0 0 0 0 0 0 0 0 0 0 0 0 0 0 0 0 0 0 0 0 0 0 0
 1 1 1 1 1 2 2 2 2 2 4 3 3 2 0 0 0 0 0 0 0 0 0 0 0 0 0 0 0 0 0 0 0 0 0 0 0 0 0 0 0 0 0 0 0 0
 0 0 0 0 0 0 1 1 1 1 1 1 1 0 0 0 0 0 0 0 0 0 0 0 0 0 0 0 0 0 0 0 0 0 0 0 0 0 0 0 0 0 0 0 0 0
 0 0 0 0 0 0 0 0 0 0 0 0 0 0 0 0 0 0 0 2 2 2 0 0 0 0 0 0 0 0 0 0 0 0 0 0 0 0 0 0 0 0 0 0 0 0
 0 0 0 0 0 0 0 0 0 0 0 0 0 0 0 0 0 0 0 2 2 2 0 0 0 0 0 0 0 0 0 0 0 0 0 0 0 0 0 0 0 0 0 0 0 0
 0 0 0 1 1 0 0 0 1 1 0 0 0 0 0 0 1 1 1 1 1 1 1 1 1 1 1 1 1 0 0 0 0 0 1 1 1 0 0 0 0 0 1 0 0 1
 0 0 0 1 1 0 0 0 1 1 0 0 0 0 0 0 1 1 1 1 1 1 1 1 1 1 1 1 1 0 0 0 0 0 1 1 1 0 0 0 0 0 1 0 0 1
 1 1 0 0 0 0 0 0 0 0 0 0 0 0 0 0 1 1 0 1 1 1 1 1 1 1 1 0 0 0 0 0 0 0 0 0 0 0 0 0 0 0 3 9 9 11
 1 1 0 0 0 0 0 0 1 1 0 1 1 1 1 1 1 1 1 0 0 0 1 1 0 0 0 0 0 0 0 0 0 0 0 0 0 0 1 1 2 2 8 30 30 12
 1 1 0 0 0 0 0 0 1 1 0 1 1 1 1 1 1 1 1 0 0 0 1 1 0 0 0 0 0 0 0 0 0 0 0 0 0 0 1 1 2 2 8 30 30 12
 0 0 0 0 0 0 0 0 1 1 0 1 1 1 1 1 1 1 2 0 0 0 0 0 0 0 0 3 3 3 1 1 2 2 0 0 0 0 0 0 0 0 2 0 0 1
 0 0 0 1 1 1 2 2 2 2 1 2 2 4 3 3 2 2 1 0 0 0 0 0 0 0 2 5 5 1 2 2 6 6 2 1 1 4 0 0 0 0 0 0 0 0
 0 0 0 1 1 1 2 2 2 2 1 2 2 4 3 3 2 2 1 0 0 0 0 0 0 0 2 5 5 1 2 2 6 6 2 1 1 4 0 0 0 0 0 0 0 0
 2 2 4 1 1 1 3 3 4 4 3 2 2 8 8 8 2 2 0 0 0 1 0 0 1 1 1 2 2 6 1 1 8 8 5 3 3 1 0 0 0 0 0 0 0 0
 2 2 4 1 1 1 3 3 4 4 3 2 2 8 8 8 2 2 0 0 0 1 0 0 1 1 1 2 2 6 1 1 8 8 5 3 3 1 0 0 0 0 0 0 0 0
 4 4 4 2 2 2 13 13 18 18 18 10 10 9 10 10 4 4 1 2 2 9 2 2 2 2 2 4 4 3 2 2 7 7 0 1 1 0 0 0 0 0 0 0 0 0
 5 5 8 6 6 12 39 39 54 54 51 32 32 18 11 11 7 7 4 12 12 30 10 10 4 4 6 8 8 8 16 16 1 1 0 0 0 0 0 0 0 0 0 0 0 0
 5 5 8 6 6 12 39 39 54 54 51 32 32 18 11 11 7 7 4 12 12 30 10 10 4 4 6 8 8 8 16 16 1 1 0 0 0 0 0 0 0 0 0 0 0 0
 17 17 12 12 12 15 53 53 79 79 33 21 21 13 12 12 6 6 10 11 11 30 19 19 12 12 6 7 7 2 0 0 0 0 0 0 0 0 0 0 0 0 0 0 0 0
 28 28 20 15 15 25 18 18 49 49 25 15 15 13 8 8 3 3 3 4 4 7 12 12 2 2 2 2 2 1 0 0 0 0 0 0 0 0 0 0 0 0 0 0 0 0
 28 28 20 15 15 25 18 18 49 49 25 15 15 13 8 8 3 3 3 4 4 7 12 12 2 2 2 2 2 1 0 0 0 0 0 0 0 0 0 0 0 0 0 0 0 0
 34 34 33 24 24 28 23 23 21 21 16 14 14 14 10 10 3 3 4 2 2 8 11 11 4 4 5 2 2 1 0 0 0 0 0 0 0 0 0 0 0 0 0 0 0 0
 34 34 33 24 24 28 23 23 21 21 16 14 14 14 10 10 3 3 4 2 2 8 11 11 4 4 5 2 2 1 0 0 0 0 0 0 0 0 0 0 0 0 0 0 0 0
 43 43 55 32 32 30 23 23 20 20 24 17 17 37 24 24 8 8 3 9 9 24 17 17 34 34 11 0 0 0 0 0 0 0 0 0 0 0 0 0 0 0 0 0 0 0
 62 62 59 44 44 44 37 37 25 25 26 34 34 42 37 37 18 18 9 7 7 26 33 33 26 26 37 0 0 0 0 0 0 0 0 0 0 0 0 0 0 0 0 0 0 0
 62 62 59 44 44 44 37 37 25 25 26 34 34 42 37 37 18 18 9 7 7 26 33 33 26 26 37 0 0 0 0 0 0 0 0 0 0 0 0 0 0 0 0 0 0 0
 90 90 91 61 61 65 49 49 39 39 25 43 43 42 14 14 10 10 10 9 9 28 30 30 26 26 38 8 8 1 0 0 0 0 0 0 0 0 1 1 0 0 0 0 0 0
 214 214 235 165 165 151 126 126 66 66 57 43 43 36 11 11 8 8 9 14 14 30 37 37 32 32 41 8 8 2 3 3 2 2 1 0 0 0 0 0 0 0 0 0 0 1
 214 214 235 165 165 151 126 126 66 66 57 43 43 36 11 11 8 8 9 14 14 30 37 37 32 32 41 8 8 2 3 3 2 2 1 0 0 0 0 0 0 0 0 0 0 1
 219 219 236 262 262 158 84 84 66 66 66 33 33 29 27 27 28 28 38 37 37 41 35 35 27 27 26 9 9 4 7 7 4 4 2 1 1 4 4 4 4 4 4 0 0 1
 219 219 236 262 262 158 84 84 66 66 66 33 33 29 27 27 28 28 38 37 37 41 35 35 27 27 26 9 9 4 7 7 4 4 2 1 1 4 4 4 4 4 4 0 0 1
 238 238 259 249 249 174 153 153 86 86 84 71 71 97 118 118 125 125 112 100 100 74 38 38 24 24 26 3 3 5 1 1 1 1 2 1 1 4 5 5 5 5 5 4 4 4
 254 254 263 239 239 216 123 123 96 96 92 81 81 91 112 112 107 107 87 63 63 39 17 17 3 3 5 4 4 15 8 8 4 4 4 3 3 4 8 8 9 9 15 8 8 6
 254 254 263 239 239 216 123 123 96 96 92 81 81 91 112 112 107 107 87 63 63 39 17 17 3 3 5 4 4 15 8 8 4 4 4 3 3 4 8 8 9 9 15 8 8 6
 193 193 216 246 246 116 111 111 105 105 107 99 99 111 135 135 140 140 109 79 79 47 19 19 4 4 3 17 17 18 13 13 7 7 7 6 6 6 8 8 14 14 18 13 13 10
 168 168 166 164 164 154 101 101 109 109 152 105 105 121 139 139 141 141 114 77 77 53 20 20 6 6 16 17 17 16 16 16 12 12 8 6 6 6 12 12 21 21 17 13 13 10
 168 168 166 164 164 154 101 101 109 109 152 105 105 121 139 139 141 141 114 77 77 53 20 20 6 6 16 17 17 16 16 16 12 12 8 6 6 6 12 12 21 21 17 13 13 10
 136 136 132 127 127 79 138 138 99 99 167 106 106 119 120 120 115 115 86 73 73 54 38 38 34 34 33 33 33 69 13 13 13 13 6 7 7 16 22 22 29 29 31 30 30 12
 136 136 132 127 127 79 138 138 99 99 167 106 106 119 120 120 115 115 86 73 73 54 38 38 34 34 33 33 33 69 13 13 13 13 6 7 7 16 22 22 29 29 31 30 30 12
 115 115 124 113 113 120 66 66 92 92 164 160 160 140 57 57 32 32 18 18 18 16 8 8 14 14 100 27 27 64 28 28 9 9 7 12 12 24 20 20 29 29 29 41 41 13
 129 129 123 110 110 109 59 59 74 74 154 175 175 156 48 48 28 28 19 13 13 14 18 18 30 30 25 66 66 79 14 14 10 10 15 17 17 34 40 40 84 84 42 43 43 20
 129 129 123 110 110 109 59 59 74 74 154 175 175 156 48 48 28 28 19 13 13 14 18 18 30 30 25 66 66 79 14 14 10 10 15 17 17 34 40 40 84 84 42 43 43 20
 150 150 125 110 110 110 56 56 66 66 135 159 159 137 47 47 32 32 23 23 23 37 29 29 30 30 65 75 75 71 11 11 10 10 26 29 29 30 39 39 38 38 39 31 31 17
 157 157 141 64 64 46 55 55 104 104 144 150 150 73 48 48 40 40 29 20 20 35 32 32 16 16 25 25 25 26 13 13 18 18 28 26 26 74 38 38 47 47 59 36 36 26
 157 157 141 64 64 46 55 55 104 104 144 150 150 73 48 48 40 40 29 20 20 35 32 32 16 16 25 25 25 26 13 13 18 18 28 26 26 74 38 38 47 47 59 36 36 26
 193 193 168 80 80 66 79 79 65 65 132 128 128 64 43 43 39 39 28 21 21 17 23 23 17 17 19 22 22 19 20 20 31 31 34 64 64 80 41 41 58 58 53 56 56 22
 193 193 168 80 80 66 79 79 65 65 132 128 128 64 43 43 39 39 28 21 21 17 23 23 17 17 19 22 22 19 20 20 31 31 34 64 64 80 41 41 58 58 53 56 56 22
 200 200 235 135 135 149 147 147 95 95 138 75 75 58 42 42 29 29 22 20 20 17 19 19 19 19 25 19 19 22 21 21 45 45 46 82 82 78 72 72 43 43 41 34 34 26
 199 199 187 185 185 121 117 117 85 85 63 40 40 32 27 27 20 20 18 19 19 22 21 21 26 26 85 23 23 22 31 31 36 36 36 45 45 70 31 31 26 26 41 93 93 38
 199 199 187 185 185 121 117 117 85 85 63 40 40 32 27 27 20 20 18 19 19 22 21 21 26 26 85 23 23 22 31 31 36 36 36 45 45 70 31 31 26 26 41 93 93 38
 126 126 125 145 145 93 84 84 67 67 46 35 35 26 25 25 20 20 20 26 26 31 109 109 90 90 97 22 22 20 19 19 30 30 39 43 43 36 35 35 28 28 50 107 107 64
 105 105 109 76 76 68 57 57 46 46 32 27 27 21 22 22 19 19 20 23 23 31 60 60 55 55 43 12 12 13 16 16 24 24 38 32 32 35 42 42 46 46 38 97 97 29
 105 105 109 76 76 68 57 57 46 46 32 27 27 21 22 22 19 19 20 23 23 31 60 60 55 55 43 12 12 13 16 16 24 24 38 32 32 35 42 42 46 46 38 97 97 29
 53 53 49 44 44 41 35 35 32 32 24 22 22 23 23 23 22 22 20 23 23 26 23 23 26 26 20 20 20 11 14 14 18 18 30 33 33 40 42 42 44 44 34 78 78 46
 53 53 49 44 44 41 35 35 32 32 24 22 22 23 23 23 22 22 20 23 23 26 23 23 26 26 20 20 20 11 14 14 18 18 30 33 33 40 42 42 44 44 34 78 78 46
 38 38 40 32 32 32 27 27 27 27 24 26 26 27 26 26 23 23 24 26 26 30 31 31 28 28 32 21 21 11 17 17 15 15 19 14 14 19 32 32 34 34 33 47 47 15
 40 40 40 38 38 35 31 31 36 36 38 31 31 36 27 27 24 24 26 30 30 33 44 44 49 49 24 16 16 6 14 14 10 10 11 15 15 21 26 26 26 26 43 34 34 24
 40 40 40 38 38 35 31 31 36 36 38 31 31 36 27 27 24 24 26 30 30 33 44 44 49 49 24 16 16 6 14 14 10 10 11 15 15 21 26 26 26 26 43 34 34 24
 41 41 37 37 37 36 31 31 35 35 33 30 30 29 25 25 22 22 22 21 21 23 21 21 22 22 20 20 20 8 16 16 29 29 10 19 19 18 20 20 25 25 27 36 36 26
 39 39 32 28 28 26 27 27 26 26 27 23 23 20 21 21 23 23 23 23 23 27 18 18 15 15 141 39 39 40 8 8 18 18 10 10 10 11 15 15 19 19 22 28 28 23
 39 39 32 28 28 26 27 27 26 26 27 23 23 20 21 21 23 23 23 23 23 27 18 18 15 15 141 39 39 40 8 8 18 18 10 10 10 11 15 15 19 19 22 28 28 23
 37 37 33 32 32 36 46 46 59 59 74 76 76 52 34 34 27 27 27 28 28 30 27 27 102 102 123 43 43 34 11 11 11 11 9 13 13 17 21 21 18 18 27 19 19 29
 37 37 33 32 32 36 46 46 59 59 74 76 76 52 34 34 27 27 27 28 28 30 27 27 102 102 123 43 43 34 11 11 11 11 9 13 13 17 21 21 18 18 27 19 19 29
 38 38 39 42 42 45 51 51 59 59 68 80 80 93 87 87 67 67 60 52 52 47 36 36 21 21 15 8 8 8 7 7 25 25 21 26 26 23 21 21 14 14 20 19 19 28
 41 41 48 54 54 62 72 72 78 78 83 86 86 96 104 104 90 90 67 56 56 51 38 38 18 18 18 14 14 9 19 19 27 27 20 22 22 25 19 19 14 14 20 24 24 46
 41 41 48 54 54 62 72 72 78 78 83 86 86 96 104 104 90 90 67 56 56 51 38 38 18 18 18 14 14 9 19 19 27 27 20 22 22 25 19 19 14 14 20 24 24 46
 41 41 50 58 58 68 76 76 80 80 76 79 79 82 86 86 81 81 62 50 50 39 29 29 17 17 17 19 19 51 60 60 53 53 40 46 46 16 9 9 9 9 9 12 12 12
 41 41 51 66 66 83 97 97 106 106 100 123 123 68 56 56 46 46 35 30 30 23 19 19 18 18 20 46 46 48 54 54 110 110 14 13 13 9 4 4 6 6 7 6 6 7
