assets/RAT_results_old/precipitation/2019-10-06_IMERG.asc
ncols        46
nrows        77
xllcorner    74.800261325624
yllcorner    8.058333333333
cellsize     0.062500000000
NODATA_value -9999
 19 19 11 8 8 10 14 14 24 24 37 30 30 6 2 2 4 4 2 1 1 2 1 1 1 1 0 1 1 3 3 3 5 5 14 16 16 21 12 12 1 1 1 0 0 0
 17 17 10 8 8 9 9 9 20 20 25 22 22 16 8 8 39 39 2 4 4 1 1 1 0 0 0 1 1 2 5 5 9 9 10 16 16 17 8 8 2 2 1 0 0 0
 17 17 10 8 8 9 9 9 20 20 25 22 22 16 8 8 39 39 2 4 4 1 1 1 0 0 0 1 1 2 5 5 9 9 10 16 16 17 8 8 2 2 1 0 0 0
 12 12 10 6 6 3 5 5 7 7 8 8 8 10 9 9 11 11 2 5 5 2 2 2 2 2 1 1 1 4 7 7 8 8 9 32 32 16 0 0 1 1 2 1 1 2
 12 12 9 10 10 3 5 5 4 4 9 16 16 6 6 6 4 4 1 1 1 5 3 3 3 3 2 2 2 5 5 5 7 7 11 55 55 53 5 5 2 2 4 6 6 5
 12 12 9 10 10 3 5 5 4 4 9 16 16 6 6 6 4 4 1 1 1 5 3 3 3 3 2 2 2 5 5 5 7 7 11 55 55 53 5 5 2 2 4 6 6 5
 12 12 10 6 6 6 5 5 4 4 17 23 23 13 9 9 6 6 2 3 3 3 3 3 1 1 2 5 5 6 5 5 4 4 7 10 10 4 2 2 8 8 7 21 21 19
 12 12 10 6 6 6 5 5 4 4 17 23 23 13 9 9 6 6 2 3 3 3 3 3 1 1 2 5 5 6 5 5 4 4 7 10 10 4 2 2 8 8 7 21 21 19
 9 9 10 8 8 5 4 4 2 2 14 16 16 16 15 15 16 16 1 6 6 4 4 4 0 0 1 2 2 3 4 4 16 16 15 12 12 5 2 2 7 7 6 3 3 3
 8 8 8 7 7 6 2 2 2 2 8 10 10 13 34 34 27 27 16 0 0 2 2 2 3 3 3 3 3 3 7 7 1 1 5 1 1 1 1 1 1 1 5 1 1 0
 8 8 8 7 7 6 2 2 2 2 8 10 10 13 34 34 27 27 16 0 0 2 2 2 3 3 3 3 3 3 7 7 1 1 5 1 1 1 1 1 1 1 5 1 1 0
 7 7 7 4 4 7 3 3 3 3 5 5 5 5 8 8 15 15 33 1 1 1 2 2 3 3 6 5 5 5 1 1 0 0 1 0 0 0 0 0 0 0 0 0 0 0
 6 6 2 4 4 7 4 4 2 2 3 3 3 5 4 4 6 6 11 0 0 0 1 1 2 2 1 2 2 7 13 13 0 0 0 0 0 0 0 0 0 0 0 0 0 0
 6 6 2 4 4 7 4 4 2 2 3 3 3 5 4 4 6 6 11 0 0 0 1 1 2 2 1 2 2 7 13 13 0 0 0 0 0 0 0 0 0 0 0 0 0 0
 4 4 0 4 4 4 4 4 2 2 2 3 3 2 2 2 3 3 5 0 0 0 0 0 1 1 0 3 3 7 4 4 0 0 0 0 0 0 0 0 0 0 0 0 0 0
 4 4 0 4 4 4 4 4 2 2 2 3 3 2 2 2 3 3 5 0 0 0 0 0 1 1 0 3 3 7 4 4 0 0 0 0 0 0 0 0 0 0 0 0 0 0
 2 2 0 0 0 2 2 2 2 2 2 2 2 1 1 1 1 1 2 1 1 0 0 0 0 0 0 2 2 0 0 0 0 0 0 0 0 0 0 0 0 0 1 0 0 0
 1 1 0 0 0 1 2 2 2 2 2 1 1 0 1 1 3 3 11 1 1 0 0 0 0 0 0 0 0 0 0 0 0 0 0 0 0 0 0 0 1 1 0 0 0 0
 1 1 0 0 0 1 2 2 2 2 2 1 1 0 1 1 3 3 11 1 1 0 0 0 0 0 0 0 0 0 0 0 0 0 0 0 0 0 0 0 1 1 0 0 0 0
 1 1 0 1 1 3 2 2 2 2 1 2 2 1 1 1 1 1 1 1 1 0 0 0 2 2 4 0 0 0 0 0 0 0 0 0 0 2 0 0 0 0 0 0 0 0
 0 0 0 0 0 2 0 0 1 1 0 1 1 1 1 1 1 1 0 1 1 3 2 2 3 3 10 0 0 3 0 0 0 0 0 0 0 0 0 0 0 0 0 0 0 0
 0 0 0 0 0 2 0 0 1 1 0 1 1 1 1 1 1 1 0 1 1 3 2 2 3 3 10 0 0 3 0 0 0 0 0 0 0 0 0 0 0 0 0 0 0 0
 0 0 0 0 0 0 0 0 0 0 0 1 1 1 0 0 1 1 0 0 0 0 0 0 0 0 0 1 1 3 2 2 1 1 0 0 0 0 0 0 0 0 0 0 0 0
 0 0 0 0 0 0 0 0 0 0 0 1 1 1 0 0 1 1 0 0 0 0 0 0 0 0 0 1 1 3 2 2 1 1 0 0 0 0 0 0 0 0 0 0 0 0
 0 0 0 0 0 1 1 1 10 10 4 1 1 4 1 1 3 3 2 3 3 1 0 0 0 0 0 1 1 2 2 2 3 3 0 3 3 0 0 0 0 0 0 0 0 0
 0 0 1 1 1 3 3 3 20 20 19 9 9 16 3 3 3 3 3 5 5 1 9 9 12 12 3 1 1 6 7 7 0 0 0 0 0 0 0 0 0 0 0 0 0 0
 0 0 1 1 1 3 3 3 20 20 19 9 9 16 3 3 3 3 3 5 5 1 9 9 12 12 3 1 1 6 7 7 0 0 0 0 0 0 0 0 0 0 0 0 0 0
 0 0 1 3 3 3 20 20 58 58 19 21 21 31 15 15 6 6 5 5 5 6 14 14 18 18 11 2 2 1 2 2 0 0 0 0 0 0 0 0 0 0 0 0 0 0
 2 2 6 4 4 7 24 24 13 13 13 13 13 13 19 19 26 26 19 19 19 18 20 20 23 23 7 3 3 1 0 0 0 0 0 0 0 0 0 0 0 0 0 0 0 0
 2 2 6 4 4 7 24 24 13 13 13 13 13 13 19 19 26 26 19 19 19 18 20 20 23 23 7 3 3 1 0 0 0 0 0 0 0 0 0 0 0 0 0 0 0 0
 1 1 6 8 8 16 13 13 8 8 13 7 7 8 8 8 9 9 22 43 43 16 23 23 35 35 45 3 3 3 3 3 0 0 0 0 0 0 0 0 0 0 0 0 0 0
 1 1 6 8 8 16 13 13 8 8 13 7 7 8 8 8 9 9 22 43 43 16 23 23 35 35 45 3 3 3 3 3 0 0 0 0 0 0 0 0 0 0 0 0 0 0
 6 6 6 7 7 10 7 7 7 7 19 31 31 15 5 5 8 8 8 17 17 7 21 21 32 32 72 42 42 5 0 0 0 0 0 0 0 0 0 0 0 0 0 0 0 0
 6 6 6 6 6 2 2 2 2 2 3 16 16 4 6 6 8 8 2 7 7 5 8 8 12 12 58 5 5 4 0 0 0 0 0 0 0 0 0 0 0 0 0 0 0 0
 6 6 6 6 6 2 2 2 2 2 3 16 16 4 6 6 8 8 2 7 7 5 8 8 12 12 58 5 5 4 0 0 0 0 0 0 0 0 0 0 0 0 0 0 0 0
 6 6 6 7 7 3 3 3 3 3 3 2 2 1 3 3 6 6 6 5 5 3 3 3 2 2 0 2 2 0 0 0 0 0 0 0 0 0 0 0 0 0 0 0 0 0
 5 5 6 6 6 2 2 2 3 3 1 1 1 2 3 3 18 18 17 5 5 1 1 1 0 0 0 0 0 0 0 0 0 0 0 0 0 0 0 0 0 0 0 0 0 0
 5 5 6 6 6 2 2 2 3 3 1 1 1 2 3 3 18 18 17 5 5 1 1 1 0 0 0 0 0 0 0 0 0 0 0 0 0 0 0 0 0 0 0 0 0 0
 5 5 5 1 1 2 2 2 2 2 1 2 2 2 10 10 10 10 5 5 5 0 2 2 0 0 0 0 0 0 0 0 6 6 0 0 0 0 0 0 0 0 1 0 0 0
 5 5 5 1 1 2 2 2 2 2 1 2 2 2 10 10 10 10 5 5 5 0 2 2 0 0 0 0 0 0 0 0 6 6 0 0 0 0 0 0 0 0 1 0 0 0
 2 2 2 0 0 0 1 1 1 1 1 3 3 3 4 4 8 8 6 6 6 1 1 1 1 1 1 1 1 1 3 3 8 8 0 6 6 6 2 2 0 0 3 5 5 5
 0 0 2 0 0 0 0 0 1 1 1 2 2 12 4 4 7 7 6 3 3 2 1 1 1 1 1 1 1 1 1 1 2 2 8 25 25 24 6 6 2 2 4 10 10 0
 0 0 2 0 0 0 0 0 1 1 1 2 2 12 4 4 7 7 6 3 3 2 1 1 1 1 1 1 1 1 1 1 2 2 8 25 25 24 6 6 2 2 4 10 10 0
 0 0 0 0 0 0 0 0 0 0 1 15 15 12 16 16 27 27 24 5 5 6 3 3 0 0 2 1 1 1 1 1 4 4 15 14 14 9 13 13 2 2 1 0 0 0
 1 1 0 0 0 0 0 0 1 1 3 31 31 32 8 8 40 40 87 16 16 8 6 6 5 5 4 1 1 1 1 1 4 4 6 6 6 5 4 4 0 0 0 0 0 0
 1 1 0 0 0 0 0 0 1 1 3 31 31 32 8 8 40 40 87 16 16 8 6 6 5 5 4 1 1 1 1 1 4 4 6 6 6 5 4 4 0 0 0 0 0 0
 0 0 0 0 0 0 0 0 1 1 4 31 31 15 37 37 34 34 12 16 16 7 5 5 5 5 5 14 14 10 5 5 6 6 4 5 5 0 0 0 0 0 0 0 0 0
 0 0 0 0 0 0 0 0 1 1 4 31 31 15 37 37 34 34 12 16 16 7 5 5 5 5 5 14 14 10 5 5 6 6 4 5 5 0 0 0 0 0 0 0 0 0
 0 0 1 0 0 0 1 1 1 1 2 15 15 16 23 23 20 20 17 16 16 10 8 8 6 6 12 20 20 16 14 14 3 3 2 0 0 1 1 1 2 2 1 0 0 0
 0 0 1 1 1 1 1 1 1 1 1 16 16 15 17 17 24 24 23 30 30 31 19 19 19 19 12 23 23 10 10 10 3 3 1 1 1 5 6 6 6 6 5 0 0 0
 0 0 1 1 1 1 1 1 1 1 1 16 16 15 17 17 24 24 23 30 30 31 19 19 19 19 12 23 23 10 10 10 3 3 1 1 1 5 6 6 6 6 5 0 0 0
 1 1 1 1 1 1 1 1 2 2 2 16 16 18 19 19 22 22 18 23 23 35 30 30 29 29 21 27 27 13 21 21 2 2 1 1 1 10 15 15 8 8 6 1 1 1
 2 2 2 2 2 2 1 1 1 1 15 15 15 16 21 21 28 28 19 20 20 58 26 26 29 29 33 68 68 57 24 24 2 2 1 2 2 5 27 27 49 49 3 4 4 1
 2 2 2 2 2 2 1 1 1 1 15 15 15 16 21 21 28 28 19 20 20 58 26 26 29 29 33 68 68 57 24 24 2 2 1 2 2 5 27 27 49 49 3 4 4 1
 3 3 2 2 2 2 2 2 2 2 14 16 16 17 20 20 21 21 27 26 26 27 32 32 24 24 25 64 64 59 9 9 4 4 2 5 5 12 54 54 16 16 4 5 5 2
 3 3 2 2 2 2 2 2 2 2 14 16 16 17 20 20 21 21 27 26 26 27 32 32 24 24 25 64 64 59 9 9 4 4 2 5 5 12 54 54 16 16 4 5 5 2
 3 3 3 3 3 3 3 3 3 3 14 14 14 14 18 18 22 22 26 27 27 28 26 26 31 31 18 16 16 13 14 14 7 7 2 9 9 10 13 13 5 5 1 2 2 1
 1 1 1 2 2 3 3 3 3 3 5 5 5 12 13 13 16 16 18 19 19 18 22 22 18 18 13 20 20 27 8 8 3 3 2 13 13 11 13 13 3 3 1 1 1 2
 1 1 1 2 2 3 3 3 3 3 5 5 5 12 13 13 16 16 18 19 19 18 22 22 18 18 13 20 20 27 8 8 3 3 2 13 13 11 13 13 3 3 1 1 1 2
 1 1 1 2 2 2 3 3 3 3 2 5 5 3 3 3 11 11 12 17 17 12 17 17 18 18 8 6 6 18 6 6 4 4 5 10 10 9 9 9 2 2 1 2 2 2
 0 0 0 2 2 2 3 3 3 3 2 2 2 3 3 3 11 11 11 13 13 10 21 21 29 29 11 7 7 10 6 6 3 3 3 3 3 14 3 3 3 3 2 2 2 2
 0 0 0 2 2 2 3 3 3 3 2 2 2 3 3 3 11 11 11 13 13 10 21 21 29 29 11 7 7 10 6 6 3 3 3 3 3 14 3 3 3 3 2 2 2 2
 0 0 1 2 2 2 2 2 2 2 1 1 1 1 1 1 1 1 0 1 1 4 5 5 23 23 7 9 9 11 5 5 4 4 2 2 2 2 1 1 1 1 2 1 1 1
 0 0 1 2 2 2 2 2 2 2 1 1 1 1 1 1 1 1 0 1 1 4 5 5 23 23 7 9 9 11 5 5 4 4 2 2 2 2 1 1 1 1 2 1 1 1
 0 0 1 1 1 1 2 2 1 1 1 1 1 1 1 1 1 1 1 1 1 6 18 18 22 22 4 7 7 15 15 15 7 7 6 3 3 2 2 2 2 2 2 2 2 1
 0 0 0 1 1 1 1 1 1 1 1 1 1 1 2 2 1 1 1 2 2 10 5 5 5 5 2 9 9 15 16 16 8 8 15 8 8 3 3 3 2 2 1 1 1 1
 0 0 0 1 1 1 1 1 1 1 1 1 1 1 2 2 1 1 1 2 2 10 5 5 5 5 2 9 9 15 16 16 8 8 15 8 8 3 3 3 2 2 1 1 1 1
 0 0 0 1 1 0 1 1 1 1 1 1 1 1 1 1 1 1 1 2 2 6 1 1 1 1 0 6 6 6 20 20 11 11 11 10 10 7 10 10 3 3 2 1 1 1
 0 0 0 0 0 0 0 0 1 1 1 1 1 1 1 1 1 1 1 1 1 2 1 1 1 1 0 1 1 2 16 16 14 14 9 8 8 9 13 13 3 3 4 1 1 0
 0 0 0 0 0 0 0 0 1 1 1 1 1 1 1 1 1 1 1 1 1 2 1 1 1 1 0 1 1 2 16 16 14 14 9 8 8 9 13 13 3 3 4 1 1 0
 1 1 1 0 0 0 0 0 1 1 1 1 1 1 1 1 1 1 1 1 1 0 0 0 0 0 0 0 0 1 11 11 12 12 12 9 9 10 7 7 5 5 2 1 1 1
 1 1 1 0 0 0 0 0 1 1 1 1 1 1 1 1 1 1 1 1 1 0 0 0 0 0 0 0 0 1 11 11 12 12 12 9 9 10 7 7 5 5 2 1 1 1
 4 4 0 0 0 0 0 0 1 1 1 1 1 2 1 1 1 1 1 0 0 0 0 0 0 0 0 0 0 0 3 3 4 4 12 5 5 8 2 2 2 2 1 3 3 7
 4 4 0 1 1 0 1 1 0 0 0 0 0 1 2 2 2 2 1 1 1 1 0 0 0 0 0 0 0 0 0 0 3 3 3 3 3 3 2 2 1 1 0 1 1 4
 4 4 0 1 1 0 1 1 0 0 0 0 0 1 2 2 2 2 1 1 1 1 0 0 0 0 0 0 0 0 0 0 3 3 3 3 3 3 2 2 1 1 0 1 1 4
 6 6 0 1 1 0 1 1 1 1 1 1 1 1 1 1 2 2 1 1 1 1 0 0 0 0 0 0 0 0 0 0 3 3 2 2 2 1 2 2 1 1 1 1 1 2
 6 6 0 1 1 1 0 0 0 0 0 1 1 1 1 1 1 1 1 0 0 0 0 0 0 0 0 0 0 1 1 1 2 2 2 3 3 1 1 1 0 0 2 1 1 2
