assets/RAT_results_old/precipitation/2019-10-12_IMERG.asc
ncols        46
nrows        77
xllcorner    74.800261325624
yllcorner    8.058333333333
cellsize     0.062500000000
NODATA_value -9999
 22 22 29 34 34 37 37 37 32 32 37 43 43 7 2 2 0 0 1 1 1 1 1 1 0 0 0 0 0 0 0 0 0 0 0 0 0 0 0 0 0 0 0 0 0 0
 25 25 33 32 32 34 31 31 35 35 40 41 41 13 8 8 7 7 8 4 4 4 2 2 2 2 0 4 4 1 0 0 0 0 0 0 0 0 0 0 0 0 0 0 0 0
 25 25 33 32 32 34 31 31 35 35 40 41 41 13 8 8 7 7 8 4 4 4 2 2 2 2 0 4 4 1 0 0 0 0 0 0 0 0 0 0 0 0 0 0 0 0
 27 27 31 32 32 29 32 32 39 39 39 37 37 11 7 7 7 7 5 4 4 4 2 2 2 2 5 4 4 1 1 1 0 0 1 1 1 1 1 1 1 1 0 0 0 0
 27 27 30 25 25 23 20 20 15 15 17 19 19 5 6 6 15 15 8 4 4 4 3 3 2 2 12 12 12 11 1 1 1 1 1 2 2 2 2 2 1 1 3 1 1 1
 27 27 30 25 25 23 20 20 15 15 17 19 19 5 6 6 15 15 8 4 4 4 3 3 2 2 12 12 12 11 1 1 1 1 1 2 2 2 2 2 1 1 3 1 1 1
 70 70 37 41 41 27 17 17 10 10 6 4 4 2 2 2 3 3 4 2 2 1 0 0 1 1 4 14 14 11 4 4 4 4 2 3 3 3 2 2 2 2 3 2 2 2
 70 70 37 41 41 27 17 17 10 10 6 4 4 2 2 2 3 3 4 2 2 1 0 0 1 1 4 14 14 11 4 4 4 4 2 3 3 3 2 2 2 2 3 2 2 2
 100 100 38 35 35 17 12 12 4 4 7 1 1 2 2 2 0 0 0 0 0 0 0 0 1 1 4 8 8 7 7 7 7 7 7 4 4 5 4 4 4 4 4 3 3 2
 26 26 38 41 41 26 58 58 1 1 14 12 12 14 14 14 13 13 0 0 0 0 0 0 1 1 3 4 4 5 8 8 7 7 8 8 8 9 7 7 6 6 5 3 3 2
 26 26 38 41 41 26 58 58 1 1 14 12 12 14 14 14 13 13 0 0 0 0 0 0 1 1 3 4 4 5 8 8 7 7 8 8 8 9 7 7 6 6 5 3 3 2
 21 21 29 27 27 24 7 7 2 2 13 12 12 14 8 8 8 8 0 0 0 0 1 1 2 2 2 4 4 6 9 9 11 11 10 10 10 11 10 10 8 8 6 4 4 5
 24 24 14 18 18 9 16 16 3 3 6 5 5 9 9 9 8 8 0 1 1 1 2 2 4 4 6 6 6 12 13 13 15 15 12 9 9 10 9 9 9 9 9 9 9 7
 24 24 14 18 18 9 16 16 3 3 6 5 5 9 9 9 8 8 0 1 1 1 2 2 4 4 6 6 6 12 13 13 15 15 12 9 9 10 9 9 9 9 9 9 9 7
 28 28 23 15 15 8 8 8 7 7 8 1 1 4 14 14 13 13 4 4 4 7 4 4 5 5 9 6 6 10 13 13 14 14 13 10 10 7 7 7 8 8 11 12 12 12
 28 28 23 15 15 8 8 8 7 7 8 1 1 4 14 14 13 13 4 4 4 7 4 4 5 5 9 6 6 10 13 13 14 14 13 10 10 7 7 7 8 8 11 12 12 12
 82 82 19 16 16 21 12 12 13 13 8 8 8 5 18 18 14 14 5 6 6 8 14 14 9 9 11 11 11 15 15 15 16 16 14 15 15 15 10 10 11 11 12 11 11 12
 81 81 48 31 31 38 42 42 24 24 24 16 16 6 6 6 8 8 9 8 8 10 20 20 15 15 16 15 15 18 16 16 16 16 14 18 18 15 14 14 13 13 15 19 19 22
 81 81 48 31 31 38 42 42 24 24 24 16 16 6 6 6 8 8 9 8 8 10 20 20 15 15 16 15 15 18 16 16 16 16 14 18 18 15 14 14 13 13 15 19 19 22
 73 73 26 49 49 58 65 65 63 63 34 29 29 23 19 19 16 16 14 21 21 29 26 26 15 15 17 18 18 19 17 17 17 17 17 17 17 25 17 17 25 25 16 23 23 20
 35 35 34 43 43 31 30 30 42 42 36 36 36 28 34 34 24 24 21 21 21 24 25 25 19 19 16 19 19 19 20 20 17 17 16 16 16 25 30 30 40 40 30 25 25 19
 35 35 34 43 43 31 30 30 42 42 36 36 36 28 34 34 24 24 21 21 21 24 25 25 19 19 16 19 19 19 20 20 17 17 16 16 16 25 30 30 40 40 30 25 25 19
 31 31 30 30 30 29 39 39 38 38 40 40 40 31 33 33 29 29 25 25 25 27 28 28 23 23 17 17 17 19 21 21 17 17 15 26 26 32 34 34 39 39 56 60 60 60
 31 31 30 30 30 29 39 39 38 38 40 40 40 31 33 33 29 29 25 25 25 27 28 28 23 23 17 17 17 19 21 21 17 17 15 26 26 32 34 34 39 39 56 60 60 60
 39 39 36 34 34 26 44 44 37 37 40 45 45 40 28 28 26 26 23 29 29 26 19 19 18 18 15 16 16 19 20 20 21 21 19 34 34 50 77 77 66 66 74 67 67 59
 34 34 30 33 33 50 62 62 66 66 62 58 58 33 29 29 25 25 18 18 18 36 18 18 21 21 18 17 17 13 16 16 18 18 25 31 31 40 50 50 56 56 25 15 15 12
 34 34 30 33 33 50 62 62 66 66 62 58 58 33 29 29 25 25 18 18 18 36 18 18 21 21 18 17 17 13 16 16 18 18 25 31 31 40 50 50 56 56 25 15 15 12
 37 37 45 42 42 58 59 59 65 65 43 48 48 20 20 20 26 26 20 17 17 18 27 27 25 25 24 42 42 12 17 17 17 17 32 33 33 42 41 41 34 34 18 10 10 6
 41 41 25 41 41 57 48 48 51 51 48 25 25 20 15 15 29 29 31 29 29 42 36 36 34 34 49 51 51 15 21 21 27 27 26 27 27 36 32 32 25 25 8 5 5 4
 41 41 25 41 41 57 48 48 51 51 48 25 25 20 15 15 29 29 31 29 29 42 36 36 34 34 49 51 51 15 21 21 27 27 26 27 27 36 32 32 25 25 8 5 5 4
 44 44 27 19 19 25 28 28 24 24 25 30 30 20 14 14 26 26 25 23 23 31 27 27 50 50 44 44 44 44 19 19 28 28 27 26 26 25 24 24 23 23 10 3 3 2
 44 44 27 19 19 25 28 28 24 24 25 30 30 20 14 14 26 26 25 23 23 31 27 27 50 50 44 44 44 44 19 19 28 28 27 26 26 25 24 24 23 23 10 3 3 2
 46 46 20 22 22 26 27 27 32 32 20 23 23 10 13 13 33 33 37 18 18 14 47 47 47 47 42 45 45 29 11 11 27 27 27 16 16 14 12 12 9 9 8 2 2 1
 39 39 17 14 14 8 15 15 10 10 9 11 11 7 15 15 28 28 23 13 13 13 20 20 18 18 23 25 25 31 17 17 18 18 18 19 19 16 8 8 5 5 0 0 0 0
 39 39 17 14 14 8 15 15 10 10 9 11 11 7 15 15 28 28 23 13 13 13 20 20 18 18 23 25 25 31 17 17 18 18 18 19 19 16 8 8 5 5 0 0 0 0
 6 6 6 6 6 5 5 5 8 8 6 6 6 5 13 13 28 28 22 12 12 11 20 20 20 20 11 19 19 18 16 16 20 20 14 14 14 12 10 10 5 5 1 0 0 0
 9 9 10 7 7 5 5 5 5 5 4 4 4 8 13 13 21 21 19 20 20 13 10 10 9 9 13 13 13 20 18 18 18 18 14 13 13 7 10 10 7 7 1 1 1 2
 9 9 10 7 7 5 5 5 5 5 4 4 4 8 13 13 21 21 19 20 20 13 10 10 9 9 13 13 13 20 18 18 18 18 14 13 13 7 10 10 7 7 1 1 1 2
 8 8 6 6 6 5 4 4 5 5 4 5 5 11 15 15 22 22 16 23 23 15 19 19 15 15 37 14 14 19 13 13 9 9 5 5 5 5 9 9 3 3 5 3 3 4
 8 8 6 6 6 5 4 4 5 5 4 5 5 11 15 15 22 22 16 23 23 15 19 19 15 15 37 14 14 19 13 13 9 9 5 5 5 5 9 9 3 3 5 3 3 4
 8 8 7 7 7 5 5 5 6 6 7 9 9 9 9 9 19 19 22 25 25 22 21 21 18 18 38 19 19 25 18 18 14 14 7 6 6 8 7 7 4 4 3 3 3 5
 25 25 7 7 7 6 7 7 11 11 10 8 8 10 8 8 15 15 25 25 25 34 35 35 35 35 36 21 21 22 19 19 6 6 6 25 25 18 17 17 15 15 5 5 5 4
 25 25 7 7 7 6 7 7 11 11 10 8 8 10 8 8 15 15 25 25 25 34 35 35 35 35 36 21 21 22 19 19 6 6 6 25 25 18 17 17 15 15 5 5 5 4
 26 26 9 7 7 6 7 7 7 7 9 9 9 7 4 4 21 21 25 28 28 36 53 53 25 25 30 49 49 61 38 38 27 27 26 25 25 17 16 16 19 19 4 6 6 6
 8 8 9 9 9 8 6 6 8 8 6 11 11 7 10 10 11 11 31 34 34 36 32 32 31 31 24 27 27 60 28 28 18 18 15 14 14 20 20 20 19 19 6 6 6 6
 8 8 9 9 9 8 6 6 8 8 6 11 11 7 10 10 11 11 31 34 34 36 32 32 31 31 24 27 27 60 28 28 18 18 15 14 14 20 20 20 19 19 6 6 6 6
 6 6 7 7 7 9 6 6 8 8 4 10 10 12 11 11 16 16 46 42 42 50 26 26 39 39 46 21 21 28 30 30 21 21 18 13 13 19 1 1 0 0 1 1 1 1
 6 6 7 7 7 9 6 6 8 8 4 10 10 12 11 11 16 16 46 42 42 50 26 26 39 39 46 21 21 28 30 30 21 21 18 13 13 19 1 1 0 0 1 1 1 1
 3 3 3 3 3 5 8 8 8 8 9 20 20 30 71 71 71 71 70 43 43 39 30 30 27 27 27 29 29 32 23 23 20 20 7 4 4 5 1 1 1 1 0 1 1 1
 3 3 3 2 2 3 4 4 6 6 11 17 17 13 27 27 65 65 64 42 42 38 30 30 26 26 34 33 33 27 21 21 15 15 5 5 5 8 8 8 8 8 13 1 1 3
 3 3 3 2 2 3 4 4 6 6 11 17 17 13 27 27 65 65 64 42 42 38 30 30 26 26 34 33 33 27 21 21 15 15 5 5 5 8 8 8 8 8 13 1 1 3
 3 3 4 2 2 3 3 3 10 10 6 4 4 2 20 20 60 60 55 24 24 26 30 30 24 24 27 21 21 23 25 25 14 14 8 6 6 6 4 4 9 9 10 6 6 4
 2 2 3 2 2 2 2 2 3 3 4 3 3 3 4 4 6 6 7 20 20 20 38 38 21 21 50 31 31 26 19 19 14 14 13 7 7 8 5 5 11 11 18 6 6 5
 2 2 3 2 2 2 2 2 3 3 4 3 3 3 4 4 6 6 7 20 20 20 38 38 21 21 50 31 31 26 19 19 14 14 13 7 7 8 5 5 11 11 18 6 6 5
 3 3 2 2 2 2 2 2 2 2 4 5 5 3 6 6 15 15 15 15 15 18 25 25 15 15 23 52 52 33 17 17 16 16 21 18 18 12 21 21 5 5 14 2 2 3
 3 3 2 2 2 2 2 2 2 2 4 5 5 3 6 6 15 15 15 15 15 18 25 25 15 15 23 52 52 33 17 17 16 16 21 18 18 12 21 21 5 5 14 2 2 3
 3 3 10 10 10 19 2 2 2 2 1 2 2 3 5 5 15 15 19 16 16 13 16 16 9 9 16 29 29 24 20 20 17 17 19 24 24 15 21 21 9 9 9 21 21 25
 2 2 9 9 9 18 32 32 32 32 20 3 3 3 3 3 5 5 14 14 14 12 10 10 3 3 6 10 10 8 6 6 11 11 12 14 14 17 17 17 12 12 7 7 7 6
 2 2 9 9 9 18 32 32 32 32 20 3 3 3 3 3 5 5 14 14 14 12 10 10 3 3 6 10 10 8 6 6 11 11 12 14 14 17 17 17 12 12 7 7 7 6
 0 0 0 15 15 15 14 14 32 32 20 2 2 3 5 5 6 6 8 5 5 11 10 10 9 9 3 4 4 3 3 3 10 10 9 6 6 6 4 4 7 7 3 6 6 1
 0 0 0 0 0 15 16 16 2 2 2 2 2 4 4 4 5 5 3 5 5 10 8 8 1 1 2 3 3 3 0 0 9 9 8 8 8 3 3 3 0 0 0 1 1 1
 0 0 0 0 0 15 16 16 2 2 2 2 2 4 4 4 5 5 3 5 5 10 8 8 1 1 2 3 3 3 0 0 9 9 8 8 8 3 3 3 0 0 0 1 1 1
 1 1 0 0 0 0 0 0 0 0 2 2 2 4 3 3 6 6 9 7 7 3 1 1 1 1 1 5 5 4 16 16 39 39 8 1 1 2 0 0 2 2 0 0 0 3
 1 1 0 0 0 0 0 0 0 0 2 2 2 4 3 3 6 6 9 7 7 3 1 1 1 1 1 5 5 4 16 16 39 39 8 1 1 2 0 0 2 2 0 0 0 3
 0 0 0 0 0 0 0 0 0 0 0 0 0 4 5 5 8 8 9 6 6 1 2 2 1 1 2 4 4 7 14 14 24 24 16 16 16 2 1 1 3 3 4 4 4 4
 1 1 0 0 0 0 0 0 0 0 0 1 1 1 2 2 3 3 3 10 10 8 7 7 1 1 2 5 5 8 5 5 5 5 8 9 9 0 1 1 1 1 3 6 6 5
 1 1 0 0 0 0 0 0 0 0 0 1 1 1 2 2 3 3 3 10 10 8 7 7 1 1 2 5 5 8 5 5 5 5 8 9 9 0 1 1 1 1 3 6 6 5
 3 3 1 0 0 0 1 1 0 0 4 2 2 1 1 1 4 4 7 4 4 2 7 7 1 1 1 0 0 1 4 4 5 5 3 2 2 0 2 2 2 2 1 2 2 3
 11 11 3 1 1 1 1 1 5 5 4 3 3 1 0 0 1 1 2 1 1 2 2 2 0 0 0 0 0 1 0 0 2 2 1 2 2 2 4 4 6 6 5 4 4 5
 11 11 3 1 1 1 1 1 5 5 4 3 3 1 0 0 1 1 2 1 1 2 2 2 0 0 0 0 0 1 0 0 2 2 1 2 2 2 4 4 6 6 5 4 4 5
 7 7 6 1 1 1 1 1 7 7 6 4 4 1 0 0 0 0 1 1 1 1 1 1 0 0 0 0 0 1 1 1 1 1 2 4 4 22 19 19 8 8 5 6 6 5
 7 7 6 1 1 1 1 1 7 7 6 4 4 1 0 0 0 0 1 1 1 1 1 1 0 0 0 0 0 1 1 1 1 1 2 4 4 22 19 19 8 8 5 6 6 5
 3 3 2 1 1 1 2 2 3 3 9 8 8 8 2 2 1 1 0 1 1 1 2 2 1 1 2 1 1 1 1 1 4 4 4 8 8 7 10 10 10 10 7 2 2 2
 3 3 1 1 1 0 2 2 2 2 6 6 6 8 4 4 2 2 1 0 0 5 22 22 23 23 15 4 4 7 6 6 8 8 7 7 7 8 13 13 11 11 12 7 7 3
 3 3 1 1 1 0 2 2 2 2 6 6 6 8 4 4 2 2 1 0 0 5 22 22 23 23 15 4 4 7 6 6 8 8 7 7 7 8 13 13 11 11 12 7 7 3
 3 3 1 1 1 1 2 2 2 2 2 3 3 6 5 5 4 4 2 0 0 11 22 22 22 22 15 17 17 2 1 1 6 6 8 8 8 5 6 6 7 7 9 11 11 8
 1 1 2 3 3 2 2 2 2 2 3 2 2 3 3 3 3 3 6 11 11 11 18 18 18 18 7 3 3 2 0 0 8 8 8 8 8 6 5 5 5 5 8 8 8 24
