assets/RAT_results_old/precipitation/2019-10-03_IMERG.asc
ncols        46
nrows        77
xllcorner    74.800261325624
yllcorner    8.058333333333
cellsize     0.062500000000
NODATA_value -9999
 9 9 12 13 13 28 34 34 30 30 23 19 19 18 1 1 1 1 1 2 2 1 13 13 14 14 6 6 6 3 3 3 3 3 0 0 0 0 0 0 7 7 7 10 10 10
 12 12 3 4 4 23 29 29 17 17 6 6 6 6 0 0 1 1 1 2 2 1 1 1 3 3 1 3 3 3 5 5 7 7 3 1 1 0 0 0 5 5 5 8 8 9
 12 12 3 4 4 23 29 29 17 17 6 6 6 6 0 0 1 1 1 2 2 1 1 1 3 3 1 3 3 3 5 5 7 7 3 1 1 0 0 0 5 5 5 8 8 9
 5 5 2 3 3 12 19 19 12 12 6 6 6 6 0 0 1 1 1 3 3 0 0 0 0 0 1 3 3 5 5 5 8 8 6 4 4 1 0 0 0 0 0 0 0 0
 1 1 3 2 2 19 12 12 0 0 2 1 1 0 0 0 2 2 1 0 0 5 1 1 0 0 0 2 2 4 7 7 7 7 6 3 3 1 0 0 0 0 0 0 0 0
 1 1 3 2 2 19 12 12 0 0 2 1 1 0 0 0 2 2 1 0 0 5 1 1 0 0 0 2 2 4 7 7 7 7 6 3 3 1 0 0 0 0 0 0 0 0
 2 2 2 4 4 7 10 10 4 4 10 1 1 0 7 7 2 2 2 2 2 1 2 2 2 2 0 1 1 1 3 3 6 6 6 8 8 4 2 2 1 1 0 0 0 0
 2 2 2 4 4 7 10 10 4 4 10 1 1 0 7 7 2 2 2 2 2 1 2 2 2 2 0 1 1 1 3 3 6 6 6 8 8 4 2 2 1 1 0 0 0 0
 2 2 3 3 3 8 13 13 16 16 25 6 6 37 5 5 0 0 0 2 2 1 0 0 0 0 0 0 0 0 1 1 6 6 8 5 5 9 4 4 1 1 0 0 0 0
 4 4 8 4 4 4 4 4 1 1 3 4 4 13 3 3 3 3 2 2 2 1 0 0 0 0 0 0 0 0 1 1 3 3 6 5 5 2 2 2 0 0 0 0 0 0
 4 4 8 4 4 4 4 4 1 1 3 4 4 13 3 3 3 3 2 2 2 1 0 0 0 0 0 0 0 0 1 1 3 3 6 5 5 2 2 2 0 0 0 0 0 0
 10 10 13 10 10 13 7 7 1 1 1 1 1 14 7 7 7 7 4 0 0 0 0 0 0 0 0 2 2 4 2 2 3 3 2 1 1 0 0 0 0 0 0 0 0 0
 24 24 11 13 13 13 12 12 7 7 6 10 10 6 6 6 6 6 10 3 3 1 1 1 0 0 0 2 2 3 2 2 2 2 1 0 0 0 0 0 0 0 0 0 0 0
 24 24 11 13 13 13 12 12 7 7 6 10 10 6 6 6 6 6 10 3 3 1 1 1 0 0 0 2 2 3 2 2 2 2 1 0 0 0 0 0 0 0 0 0 0 0
 7 7 10 12 12 9 12 12 19 19 17 9 9 7 6 6 23 23 13 13 13 6 2 2 0 0 1 7 7 4 4 4 3 3 1 0 0 0 1 1 0 0 0 0 0 0
 7 7 10 12 12 9 12 12 19 19 17 9 9 7 6 6 23 23 13 13 13 6 2 2 0 0 1 7 7 4 4 4 3 3 1 0 0 0 1 1 0 0 0 0 0 0
 19 19 18 23 23 8 8 8 18 18 15 17 17 7 8 8 21 21 5 11 11 8 1 1 1 1 2 8 8 8 6 6 3 3 1 1 1 2 2 2 1 1 1 0 0 0
 2 2 2 23 23 11 10 10 10 10 12 6 6 6 6 6 5 5 10 9 9 8 1 1 2 2 1 0 0 6 2 2 2 2 2 1 1 1 1 1 1 1 1 1 1 1
 2 2 2 23 23 11 10 10 10 10 12 6 6 6 6 6 5 5 10 9 9 8 1 1 2 2 1 0 0 6 2 2 2 2 2 1 1 1 1 1 1 1 1 1 1 1
 5 5 4 5 5 3 8 8 5 5 9 9 9 5 4 4 8 8 11 20 20 4 2 2 4 4 5 5 5 1 3 3 3 3 1 1 1 2 2 2 2 2 1 2 2 3
 8 8 6 4 4 7 17 17 6 6 8 13 13 6 4 4 9 9 10 20 20 7 4 4 6 6 9 3 3 3 3 3 3 3 1 2 2 1 2 2 2 2 3 1 1 2
 8 8 6 4 4 7 17 17 6 6 8 13 13 6 4 4 9 9 10 20 20 7 4 4 6 6 9 3 3 3 3 3 3 3 1 2 2 1 2 2 2 2 3 1 1 2
 8 8 7 12 12 13 30 30 12 12 3 2 2 6 7 7 6 6 26 15 15 18 2 2 7 7 7 7 7 7 4 4 5 5 3 2 2 0 0 0 1 1 0 0 0 0
 8 8 7 12 12 13 30 30 12 12 3 2 2 6 7 7 6 6 26 15 15 18 2 2 7 7 7 7 7 7 4 4 5 5 3 2 2 0 0 0 1 1 0 0 0 0
 8 8 9 15 15 25 23 23 46 46 21 4 4 3 2 2 1 1 4 4 4 6 5 5 5 5 15 1 1 1 1 1 4 4 2 2 2 0 0 0 0 0 0 0 0 0
 8 8 16 17 17 28 26 26 26 26 19 4 4 1 2 2 2 2 1 1 1 4 7 7 13 13 15 9 9 1 1 1 1 1 0 0 0 0 0 0 0 0 0 0 0 0
 8 8 16 17 17 28 26 26 26 26 19 4 4 1 2 2 2 2 1 1 1 4 7 7 13 13 15 9 9 1 1 1 1 1 0 0 0 0 0 0 0 0 0 0 0 0
 6 6 11 16 16 19 13 13 13 13 4 3 3 6 7 7 1 1 0 1 1 3 7 7 15 15 20 23 23 19 2 2 0 0 0 0 0 0 0 0 0 0 0 0 0 0
 4 4 8 11 11 13 6 6 5 5 5 17 17 17 17 17 1 1 0 0 0 2 6 6 11 11 20 18 18 14 3 3 0 0 0 0 0 0 0 0 0 0 0 0 0 0
 4 4 8 11 11 13 6 6 5 5 5 17 17 17 17 17 1 1 0 0 0 2 6 6 11 11 20 18 18 14 3 3 0 0 0 0 0 0 0 0 0 0 0 0 0 0
 4 4 5 10 10 6 5 5 4 4 6 4 4 6 2 2 6 6 0 0 0 0 1 1 3 3 3 2 2 2 0 0 0 0 0 0 0 0 0 0 0 0 0 0 0 0
 4 4 5 10 10 6 5 5 4 4 6 4 4 6 2 2 6 6 0 0 0 0 1 1 3 3 3 2 2 2 0 0 0 0 0 0 0 0 0 0 0 0 0 0 0 0
 4 4 4 9 9 6 6 6 8 8 7 8 8 7 7 7 7 7 3 3 3 0 0 0 0 0 0 0 0 0 0 0 0 0 0 0 0 0 0 0 0 0 0 0 0 0
 3 3 3 4 4 6 14 14 8 8 12 11 11 10 10 10 6 6 7 4 4 3 0 0 1 1 1 0 0 0 0 0 0 0 0 0 0 0 0 0 0 0 0 0 0 0
 3 3 3 4 4 6 14 14 8 8 12 11 11 10 10 10 6 6 7 4 4 3 0 0 1 1 1 0 0 0 0 0 0 0 0 0 0 0 0 0 0 0 0 0 0 0
 2 2 2 3 3 4 17 17 18 18 16 18 18 16 11 11 8 8 13 13 13 1 1 1 2 2 2 2 2 1 0 0 0 0 0 0 0 0 0 0 0 0 0 0 0 0
 1 1 2 2 2 12 16 16 16 16 16 18 18 18 16 16 13 13 12 14 14 5 3 3 4 4 5 6 6 1 10 10 2 2 2 0 0 0 0 0 0 0 0 0 0 0
 1 1 2 2 2 12 16 16 16 16 16 18 18 18 16 16 13 13 12 14 14 5 3 3 4 4 5 6 6 1 10 10 2 2 2 0 0 0 0 0 0 0 0 0 0 0
 1 1 1 1 1 1 14 14 16 16 14 17 17 21 22 22 21 21 13 15 15 8 10 10 9 9 9 15 15 10 9 9 8 8 7 1 1 2 0 0 0 0 0 0 0 0
 1 1 1 1 1 1 14 14 16 16 14 17 17 21 22 22 21 21 13 15 15 8 10 10 9 9 9 15 15 10 9 9 8 8 7 1 1 2 0 0 0 0 0 0 0 0
 2 2 1 2 2 2 3 3 7 7 20 22 22 25 24 24 17 17 17 14 14 9 14 14 14 14 19 14 14 27 29 29 12 12 12 3 3 3 0 0 0 0 0 0 0 0
 3 3 2 2 2 3 3 3 9 9 12 21 21 23 20 20 15 15 16 12 12 2 11 11 15 15 16 33 33 28 31 31 25 25 8 3 3 3 0 0 0 0 1 0 0 0
 3 3 2 2 2 3 3 3 9 9 12 21 21 23 20 20 15 15 16 12 12 2 11 11 15 15 16 33 33 28 31 31 25 25 8 3 3 3 0 0 0 0 1 0 0 0
 2 2 2 3 3 4 5 5 9 9 13 12 12 9 6 6 4 4 4 1 1 1 8 8 13 13 14 10 10 22 26 26 25 25 7 3 3 3 0 0 0 0 0 0 0 0
 2 2 2 3 3 4 7 7 16 16 16 14 14 14 8 8 6 6 6 3 3 3 2 2 9 9 9 5 5 21 12 12 8 8 2 2 2 5 2 2 0 0 0 0 0 0
 2 2 2 3 3 4 7 7 16 16 16 14 14 14 8 8 6 6 6 3 3 3 2 2 9 9 9 5 5 21 12 12 8 8 2 2 2 5 2 2 0 0 0 0 0 0
 2 2 3 3 3 4 5 5 7 7 16 14 14 14 18 18 7 7 7 3 3 3 3 3 7 7 3 2 2 8 8 8 8 8 2 2 2 0 0 0 0 0 0 0 0 0
 2 2 3 3 3 4 5 5 7 7 16 14 14 14 18 18 7 7 7 3 3 3 3 3 7 7 3 2 2 8 8 8 8 8 2 2 2 0 0 0 0 0 0 0 0 0
 3 3 4 5 5 6 11 11 9 9 8 9 9 8 11 11 13 13 8 5 5 3 3 3 6 6 0 0 0 4 4 4 6 6 3 0 0 0 0 0 0 0 0 0 0 0
 5 5 6 6 6 5 5 5 8 8 8 7 7 14 15 15 15 15 17 15 15 6 3 3 6 6 1 1 1 5 5 5 12 12 1 0 0 0 0 0 0 0 0 0 0 0
 5 5 6 6 6 5 5 5 8 8 8 7 7 14 15 15 15 15 17 15 15 6 3 3 6 6 1 1 1 5 5 5 12 12 1 0 0 0 0 0 0 0 0 0 0 0
 6 6 7 8 8 5 5 5 6 6 5 5 5 9 26 26 26 26 23 22 22 22 16 16 6 6 3 3 3 4 11 11 5 5 3 2 2 0 0 0 0 0 0 0 0 0
 8 8 8 8 8 5 5 5 6 6 13 11 11 10 21 21 21 21 28 18 18 22 16 16 9 9 3 15 15 7 26 26 8 8 10 2 2 0 0 0 0 0 1 1 1 0
 8 8 8 8 8 5 5 5 6 6 13 11 11 10 21 21 21 21 28 18 18 22 16 16 9 9 3 15 15 7 26 26 8 8 10 2 2 0 0 0 0 0 1 1 1 0
 10 10 10 13 13 10 27 27 5 5 12 20 20 36 48 48 43 43 27 30 30 15 14 14 9 9 5 8 8 7 23 23 64 64 8 2 2 1 1 1 1 1 0 1 1 0
 10 10 10 13 13 10 27 27 5 5 12 20 20 36 48 48 43 43 27 30 30 15 14 14 9 9 5 8 8 7 23 23 64 64 8 2 2 1 1 1 1 1 0 1 1 0
 16 16 19 21 21 17 33 33 33 33 37 45 45 57 47 47 48 48 23 22 22 21 16 16 5 5 7 9 9 14 14 14 22 22 9 3 3 1 1 1 2 2 1 2 2 2
 16 16 19 14 14 18 32 32 34 34 36 46 46 47 48 48 32 32 40 22 22 19 18 18 3 3 7 9 9 5 6 6 8 8 5 3 3 4 3 3 2 2 3 5 5 2
 16 16 19 14 14 18 32 32 34 34 36 46 46 47 48 48 32 32 40 22 22 19 18 18 3 3 7 9 9 5 6 6 8 8 5 3 3 4 3 3 2 2 3 5 5 2
 21 21 17 12 12 17 30 30 35 35 36 31 31 13 22 22 33 33 35 39 39 18 19 19 3 3 4 4 4 4 6 6 7 7 3 3 3 7 6 6 5 5 6 5 5 3
 15 15 12 11 11 9 6 6 7 7 7 11 11 11 18 18 25 25 132 142 142 26 19 19 3 3 1 2 2 3 1 1 1 1 2 8 8 8 7 7 7 7 8 15 15 7
 15 15 12 11 11 9 6 6 7 7 7 11 11 11 18 18 25 25 132 142 142 26 19 19 3 3 1 2 2 3 1 1 1 1 2 8 8 8 7 7 7 7 8 15 15 7
 12 12 12 10 10 9 6 6 6 6 10 10 10 14 26 26 23 23 131 100 100 100 10 10 15 15 14 10 10 9 3 3 11 11 43 5 5 5 9 9 8 8 10 5 5 10
 12 12 12 10 10 9 6 6 6 6 10 10 10 14 26 26 23 23 131 100 100 100 10 10 15 15 14 10 10 9 3 3 11 11 43 5 5 5 9 9 8 8 10 5 5 10
 12 12 23 23 23 8 6 6 8 8 10 14 14 14 27 27 26 26 38 24 24 14 26 26 16 16 13 5 5 12 4 4 18 18 94 4 4 9 9 9 11 11 12 8 8 11
 9 9 8 7 7 7 7 7 10 10 12 22 22 30 29 29 32 32 34 20 20 8 18 18 16 16 11 10 10 6 4 4 1 1 1 2 2 4 9 9 10 10 9 6 6 3
 9 9 8 7 7 7 7 7 10 10 12 22 22 30 29 29 32 32 34 20 20 8 18 18 16 16 11 10 10 6 4 4 1 1 1 2 2 4 9 9 10 10 9 6 6 3
 5 5 6 6 6 7 7 7 10 10 12 21 21 32 48 48 63 63 50 29 29 17 3 3 3 3 1 0 0 2 3 3 0 0 0 0 0 1 4 4 4 4 4 3 3 1
 4 4 6 6 6 6 8 8 9 9 10 23 23 34 48 48 63 63 68 44 44 20 15 15 3 3 1 0 0 1 1 1 0 0 0 0 0 1 4 4 4 4 1 1 1 2
 4 4 6 6 6 6 8 8 9 9 10 23 23 34 48 48 63 63 68 44 44 20 15 15 3 3 1 0 0 1 1 1 0 0 0 0 0 1 4 4 4 4 1 1 1 2
 4 4 6 7 7 7 10 10 9 9 8 18 18 27 39 39 63 63 52 33 33 32 14 14 22 22 8 0 0 0 1 1 3 3 0 0 0 0 1 1 5 5 5 4 4 5
 4 4 6 7 7 7 10 10 9 9 8 18 18 27 39 39 63 63 52 33 33 32 14 14 22 22 8 0 0 0 1 1 3 3 0 0 0 0 1 1 5 5 5 4 4 5
 4 4 5 6 6 7 11 11 10 10 19 25 25 26 53 53 74 74 51 47 47 51 62 62 8 8 15 2 2 0 3 3 3 3 1 1 1 2 4 4 6 6 4 4 4 5
 5 5 6 7 7 9 10 10 12 12 30 35 35 28 52 52 71 71 60 55 55 48 9 9 9 9 17 2 2 0 0 0 2 2 2 5 5 3 5 5 6 6 12 12 12 19
 5 5 6 7 7 9 10 10 12 12 30 35 35 28 52 52 71 71 60 55 55 48 9 9 9 9 17 2 2 0 0 0 2 2 2 5 5 3 5 5 6 6 12 12 12 19
 4 4 8 8 8 9 9 9 10 10 17 21 21 40 55 55 64 64 50 51 51 48 10 10 7 7 7 1 1 0 1 1 3 3 3 6 6 20 22 22 17 17 13 13 13 23
 4 4 8 8 8 9 6 6 6 6 9 16 16 38 64 64 73 73 47 25 25 23 7 7 4 4 0 0 0 1 2 2 4 4 3 3 3 4 20 20 16 16 16 68 68 69
