assets/RAT_results_old/precipitation/2019-09-19_IMERG.asc
ncols        46
nrows        77
xllcorner    74.800261325624
yllcorner    8.058333333333
cellsize     0.062500000000
NODATA_value -9999
 6 6 3 2 2 1 1 1 1 1 1 0 0 1 3 3 3 3 1 1 1 0 1 1 0 0 8 2 2 0 0 0 2 2 1 1 1 1 1 1 1 1 2 1 1 1
 4 4 4 1 1 2 1 1 2 2 2 0 0 0 0 0 1 1 1 1 1 1 1 1 0 0 2 2 2 2 0 0 0 0 0 0 0 1 1 1 1 1 1 1 1 1
 4 4 4 1 1 2 1 1 2 2 2 0 0 0 0 0 1 1 1 1 1 1 1 1 0 0 2 2 2 2 0 0 0 0 0 0 0 1 1 1 1 1 1 1 1 1
 2 2 4 5 5 3 2 2 1 1 1 0 0 0 1 1 1 1 1 1 1 1 1 1 0 0 0 0 0 0 0 0 0 0 0 0 0 0 0 0 0 0 0 0 0 0
 1 1 4 4 4 2 0 0 0 0 0 0 0 0 1 1 1 1 1 1 1 1 0 0 0 0 0 0 0 0 0 0 0 0 0 0 0 0 0 0 0 0 0 0 0 0
 1 1 4 4 4 2 0 0 0 0 0 0 0 0 1 1 1 1 1 1 1 1 0 0 0 0 0 0 0 0 0 0 0 0 0 0 0 0 0 0 0 0 0 0 0 0
 1 1 2 3 3 3 1 1 0 0 0 0 0 0 1 1 1 1 0 1 1 1 0 0 0 0 0 0 0 1 0 0 0 0 0 0 0 0 0 0 0 0 0 0 0 0
 1 1 2 3 3 3 1 1 0 0 0 0 0 0 1 1 1 1 0 1 1 1 0 0 0 0 0 0 0 1 0 0 0 0 0 0 0 0 0 0 0 0 0 0 0 0
 2 2 3 5 5 3 1 1 0 0 0 0 0 2 3 3 3 3 3 1 1 1 0 0 0 0 0 0 0 1 1 1 1 1 0 0 0 0 0 0 0 0 1 0 0 1
 0 0 1 5 5 2 1 1 1 1 0 1 1 3 4 4 4 4 2 3 3 3 0 0 0 0 1 0 0 0 0 0 0 0 0 0 0 0 0 0 0 0 1 1 1 2
 0 0 1 5 5 2 1 1 1 1 0 1 1 3 4 4 4 4 2 3 3 3 0 0 0 0 1 0 0 0 0 0 0 0 0 0 0 0 0 0 0 0 1 1 1 2
 0 0 1 1 1 2 3 3 1 1 0 1 1 2 4 4 3 3 3 4 4 3 0 0 0 0 1 1 1 0 0 0 0 0 0 0 0 0 0 0 0 0 1 1 1 0
 0 0 2 2 2 5 5 5 2 2 2 0 0 1 1 1 1 1 0 2 2 0 0 0 0 0 0 0 0 0 0 0 0 0 0 0 0 0 0 0 0 0 0 0 0 0
 0 0 2 2 2 5 5 5 2 2 2 0 0 1 1 1 1 1 0 2 2 0 0 0 0 0 0 0 0 0 0 0 0 0 0 0 0 0 0 0 0 0 0 0 0 0
 1 1 1 1 1 1 1 1 2 2 3 1 1 1 0 0 0 0 3 0 0 0 0 0 0 0 0 0 0 0 0 0 0 0 0 0 0 0 0 0 0 0 0 0 0 1
 1 1 1 1 1 1 1 1 2 2 3 1 1 1 0 0 0 0 3 0 0 0 0 0 0 0 0 0 0 0 0 0 0 0 0 0 0 0 0 0 0 0 0 0 0 1
 0 0 0 0 0 1 3 3 3 3 3 2 2 2 3 3 1 1 3 2 2 0 0 0 0 0 0 0 0 0 0 0 0 0 0 0 0 0 0 0 0 0 0 0 0 1
 0 0 0 0 0 1 2 2 3 3 3 2 2 3 4 4 2 2 2 2 2 0 0 0 0 0 0 0 0 0 0 0 0 0 0 0 0 0 0 0 0 0 0 1 1 1
 0 0 0 0 0 1 2 2 3 3 3 2 2 3 4 4 2 2 2 2 2 0 0 0 0 0 0 0 0 0 0 0 0 0 0 0 0 0 0 0 0 0 0 1 1 1
 0 0 0 0 0 2 2 2 2 2 2 3 3 3 5 5 3 3 3 2 2 1 2 2 1 1 1 0 0 0 0 0 0 0 1 0 0 0 0 0 0 0 0 1 1 1
 0 0 0 0 0 0 0 0 0 0 2 3 3 5 3 3 4 4 2 2 2 1 3 3 3 3 4 0 0 1 0 0 1 1 1 3 3 0 0 0 0 0 0 1 1 1
 0 0 0 0 0 0 0 0 0 0 2 3 3 5 3 3 4 4 2 2 2 1 3 3 3 3 4 0 0 1 0 0 1 1 1 3 3 0 0 0 0 0 0 1 1 1
 0 0 0 1 1 1 0 0 1 1 2 3 3 6 4 4 3 3 3 1 1 1 2 2 3 3 2 2 2 2 1 1 1 1 3 1 1 1 1 1 1 1 1 1 1 1
 0 0 0 1 1 1 0 0 1 1 2 3 3 6 4 4 3 3 3 1 1 1 2 2 3 3 2 2 2 2 1 1 1 1 3 1 1 1 1 1 1 1 1 1 1 1
 0 0 1 1 1 1 1 1 2 2 2 4 4 7 6 6 4 4 3 1 1 1 1 1 0 0 1 2 2 3 1 1 1 1 1 1 1 1 1 1 1 1 1 1 1 2
 0 0 1 0 0 1 2 2 1 1 1 4 4 4 6 6 5 5 3 1 1 1 1 1 1 1 1 2 2 2 1 1 1 1 1 1 1 1 1 1 1 1 2 2 2 2
 0 0 1 0 0 1 2 2 1 1 1 4 4 4 6 6 5 5 3 1 1 1 1 1 1 1 1 2 2 2 1 1 1 1 1 1 1 1 1 1 1 1 2 2 2 2
 0 0 0 1 1 1 1 1 1 1 4 6 6 9 7 7 7 7 5 2 2 1 1 1 2 2 2 2 2 2 0 0 1 1 1 1 1 1 1 1 2 2 3 2 2 2
 0 0 0 0 0 0 3 3 2 2 3 3 3 6 8 8 11 11 11 6 6 2 3 3 3 3 3 2 2 2 2 2 1 1 1 1 1 2 2 2 2 2 2 1 1 2
 0 0 0 0 0 0 3 3 2 2 3 3 3 6 8 8 11 11 11 6 6 2 3 3 3 3 3 2 2 2 2 2 1 1 1 1 1 2 2 2 2 2 2 1 1 2
 0 0 0 1 1 3 3 3 5 5 11 12 12 9 15 15 10 10 15 10 10 5 3 3 4 4 3 2 2 3 2 2 2 2 1 2 2 2 3 3 2 2 2 2 2 2
 0 0 0 1 1 3 3 3 5 5 11 12 12 9 15 15 10 10 15 10 10 5 3 3 4 4 3 2 2 3 2 2 2 2 1 2 2 2 3 3 2 2 2 2 2 2
 0 0 0 1 1 2 2 2 5 5 12 12 12 9 26 26 18 18 21 18 18 7 4 4 3 3 3 2 2 2 2 2 2 2 2 2 2 2 3 3 2 2 2 2 2 2
 0 0 0 0 0 1 2 2 4 4 8 12 12 16 95 95 102 102 40 22 22 11 3 3 4 4 8 3 3 2 1 1 1 1 1 1 1 2 2 2 3 3 2 2 2 2
 0 0 0 0 0 1 2 2 4 4 8 12 12 16 95 95 102 102 40 22 22 11 3 3 4 4 8 3 3 2 1 1 1 1 1 1 1 2 2 2 3 3 2 2 2 2
 1 1 1 0 0 1 2 2 2 2 5 7 7 23 99 99 102 102 33 25 25 13 17 17 15 15 16 5 5 1 1 1 1 1 1 2 2 2 3 3 3 3 2 3 3 2
 1 1 1 1 1 1 1 1 3 3 3 5 5 13 26 26 26 26 15 16 16 21 27 27 16 16 11 1 1 0 1 1 1 1 2 2 2 2 3 3 2 2 2 3 3 3
 1 1 1 1 1 1 1 1 3 3 3 5 5 13 26 26 26 26 15 16 16 21 27 27 16 16 11 1 1 0 1 1 1 1 2 2 2 2 3 3 2 2 2 3 3 3
 1 1 1 1 1 0 1 1 3 3 7 12 12 6 8 8 17 17 23 19 19 19 13 13 8 8 6 6 6 1 2 2 2 2 2 2 2 3 3 3 2 2 3 3 3 3
 1 1 1 1 1 0 1 1 3 3 7 12 12 6 8 8 17 17 23 19 19 19 13 13 8 8 6 6 6 1 2 2 2 2 2 2 2 3 3 3 2 2 3 3 3 3
 1 1 1 1 1 1 1 1 5 5 10 6 6 5 6 6 11 11 17 22 22 21 19 19 18 18 13 7 7 1 2 2 2 2 2 3 3 5 3 3 3 3 4 4 4 4
 0 0 1 1 1 1 3 3 5 5 8 13 13 6 8 8 11 11 17 22 22 24 27 27 28 28 24 5 5 1 1 1 1 1 2 4 4 5 4 4 5 5 4 9 9 9
 0 0 1 1 1 1 3 3 5 5 8 13 13 6 8 8 11 11 17 22 22 24 27 27 28 28 24 5 5 1 1 1 1 1 2 4 4 5 4 4 5 5 4 9 9 9
 1 1 1 1 1 1 2 2 5 5 7 15 15 19 16 16 19 19 21 21 21 23 23 23 28 28 4 2 2 2 1 1 1 1 1 3 3 4 4 4 7 7 6 6 6 6
 0 0 0 0 0 1 2 2 11 11 11 17 17 19 12 12 17 17 15 18 18 24 24 24 23 23 10 6 6 3 2 2 3 3 2 3 3 3 2 2 3 3 3 3 3 2
 0 0 0 0 0 1 2 2 11 11 11 17 17 19 12 12 17 17 15 18 18 24 24 24 23 23 10 6 6 3 2 2 3 3 2 3 3 3 2 2 3 3 3 3 3 2
 1 1 1 1 1 2 11 11 13 13 13 19 19 19 14 14 11 11 10 11 11 21 22 22 19 19 10 7 7 4 2 2 3 3 1 2 2 2 2 2 2 2 3 2 2 2
 1 1 1 1 1 2 11 11 13 13 13 19 19 19 14 14 11 11 10 11 11 21 22 22 19 19 10 7 7 4 2 2 3 3 1 2 2 2 2 2 2 2 3 2 2 2
 2 2 2 2 2 2 12 12 12 12 15 22 22 20 17 17 13 13 13 13 13 24 27 27 19 19 17 9 9 5 3 3 1 1 1 1 1 1 1 1 2 2 2 2 2 2
 2 2 2 2 2 3 6 6 5 5 8 11 11 20 15 15 13 13 15 12 12 26 27 27 17 17 16 8 8 4 2 2 2 2 1 3 3 1 1 1 1 1 3 2 2 2
 2 2 2 2 2 3 6 6 5 5 8 11 11 20 15 15 13 13 15 12 12 26 27 27 17 17 16 8 8 4 2 2 2 2 1 3 3 1 1 1 1 1 3 2 2 2
 2 2 5 5 5 6 4 4 4 4 7 7 7 3 9 9 10 10 13 15 15 14 15 15 19 19 17 15 15 2 1 1 0 0 1 1 1 4 3 3 2 2 5 3 3 2
 3 3 3 5 5 5 3 3 3 3 2 2 2 3 3 3 4 4 5 9 9 12 34 34 13 13 9 9 9 2 1 1 0 0 1 1 1 1 1 1 3 3 2 2 2 4
 3 3 3 5 5 5 3 3 3 3 2 2 2 3 3 3 4 4 5 9 9 12 34 34 13 13 9 9 9 2 1 1 0 0 1 1 1 1 1 1 3 3 2 2 2 4
 2 2 2 2 2 3 4 4 3 3 1 3 3 2 2 2 6 6 1 2 2 8 7 7 12 12 10 7 7 2 1 1 0 0 5 5 5 4 3 3 4 4 3 3 3 6
 2 2 2 2 2 3 4 4 3 3 1 3 3 2 2 2 6 6 1 2 2 8 7 7 12 12 10 7 7 2 1 1 0 0 5 5 5 4 3 3 4 4 3 3 3 6
 1 1 1 1 1 2 3 3 3 3 1 1 1 1 0 0 2 2 0 1 1 2 2 2 4 4 5 7 7 2 1 1 2 2 4 4 4 6 6 6 5 5 3 4 4 5
 1 1 1 2 2 3 3 3 1 1 1 2 2 1 1 1 0 0 0 1 1 1 2 2 3 3 3 4 4 3 3 3 2 2 1 1 1 3 4 4 4 4 2 3 3 5
 1 1 1 2 2 3 3 3 1 1 1 2 2 1 1 1 0 0 0 1 1 1 2 2 3 3 3 4 4 3 3 3 2 2 1 1 1 3 4 4 4 4 2 3 3 5
 2 2 2 2 2 3 3 3 2 2 2 2 2 1 1 1 1 1 2 3 3 3 3 3 3 3 3 4 4 4 3 3 1 1 1 1 1 2 2 2 5 5 2 3 3 4
 2 2 2 2 2 3 3 3 1 1 1 1 1 2 3 3 2 2 2 4 4 4 3 3 2 2 2 3 3 4 2 2 0 0 0 3 3 6 3 3 2 2 1 2 2 2
 2 2 2 2 2 3 3 3 1 1 1 1 1 2 3 3 2 2 2 4 4 4 3 3 2 2 2 3 3 4 2 2 0 0 0 3 3 6 3 3 2 2 1 2 2 2
 1 1 1 3 3 2 2 2 1 1 0 1 1 1 2 2 2 2 3 3 3 3 1 1 1 1 2 2 2 4 2 2 0 0 0 1 1 4 7 7 4 4 1 1 1 1
 1 1 1 3 3 2 2 2 1 1 0 1 1 1 2 2 2 2 3 3 3 3 1 1 1 1 2 2 2 4 2 2 0 0 0 1 1 4 7 7 4 4 1 1 1 1
 1 1 1 1 1 0 0 0 0 0 0 1 1 1 2 2 2 2 3 3 3 2 1 1 1 1 1 1 1 1 3 3 1 1 1 5 5 5 6 6 3 3 2 1 1 1
 1 1 1 0 0 0 0 0 0 0 0 0 0 1 1 1 2 2 2 2 2 2 2 2 1 1 1 0 0 1 2 2 3 3 1 1 1 3 9 9 4 4 1 1 1 1
 1 1 1 0 0 0 0 0 0 0 0 0 0 1 1 1 2 2 2 2 2 2 2 2 1 1 1 0 0 1 2 2 3 3 1 1 1 3 9 9 4 4 1 1 1 1
 1 1 1 1 1 1 0 0 0 0 0 1 1 1 1 1 1 1 1 1 1 1 2 2 1 1 1 1 1 1 2 2 3 3 1 1 1 6 10 10 8 8 3 1 1 1
 1 1 1 1 1 1 1 1 1 1 1 2 2 1 1 1 1 1 1 2 2 2 2 2 1 1 1 1 1 2 3 3 2 2 2 1 1 2 1 1 8 8 0 1 1 1
 1 1 1 1 1 1 1 1 1 1 1 2 2 1 1 1 1 1 1 2 2 2 2 2 1 1 1 1 1 2 3 3 2 2 2 1 1 2 1 1 8 8 0 1 1 1
 1 1 2 2 2 1 1 1 1 1 1 1 1 1 1 1 1 1 2 2 2 2 2 2 1 1 1 1 1 2 4 4 6 6 2 2 2 3 1 1 1 1 1 2 2 1
 1 1 2 2 2 1 1 1 1 1 1 1 1 1 1 1 1 1 2 2 2 2 2 2 1 1 1 1 1 2 4 4 6 6 2 2 2 3 1 1 1 1 1 2 2 1
 1 1 1 1 1 0 0 0 0 0 1 1 1 1 1 1 1 1 1 1 1 2 2 2 3 3 2 2 2 2 3 3 5 5 5 5 5 6 2 2 1 1 0 1 1 1
 1 1 1 0 0 0 0 0 0 0 1 1 1 1 1 1 1 1 1 1 1 2 2 2 2 2 3 2 2 2 3 3 4 4 7 9 9 7 6 6 2 2 1 1 1 0
 1 1 1 0 0 0 0 0 0 0 1 1 1 1 1 1 1 1 1 1 1 2 2 2 2 2 3 2 2 2 3 3 4 4 7 9 9 7 6 6 2 2 1 1 1 0
 1 1 2 1 1 1 0 0 0 0 1 1 1 1 1 1 1 1 1 1 1 2 2 2 2 2 3 0 0 1 2 2 4 4 6 5 5 3 3 3 2 2 3 2 2 2
 2 2 1 2 2 1 1 1 1 1 1 2 2 3 2 2 1 1 1 1 1 1 1 1 2 2 2 1 1 1 1 1 3 3 5 0 0 0 0 0 0 0 1 0 0 0
