assets/RAT_results_old/precipitation/2019-04-20_IMERG.asc
ncols        46
nrows        77
xllcorner    74.800261325624
yllcorner    8.058333333333
cellsize     0.062500000000
NODATA_value -9999
 0 0 0 0 0 0 0 0 0 0 0 0 0 0 0 0 0 0 0 0 0 2 0 0 1 1 0 1 1 4 3 3 5 5 7 5 5 1 2 2 4 4 6 4 4 4
 0 0 0 0 0 0 0 0 0 0 0 0 0 0 0 0 0 0 0 0 0 0 0 0 7 7 4 5 5 4 0 0 3 3 2 1 1 1 3 3 7 7 7 2 2 4
 0 0 0 0 0 0 0 0 0 0 0 0 0 0 0 0 0 0 0 0 0 0 0 0 7 7 4 5 5 4 0 0 3 3 2 1 1 1 3 3 7 7 7 2 2 4
 0 0 0 0 0 0 0 0 0 0 0 0 0 0 0 0 0 0 0 0 0 0 3 3 8 8 7 3 3 1 1 1 1 1 0 2 2 0 5 5 3 3 3 1 1 5
 0 0 0 0 0 0 0 0 0 0 0 0 0 0 0 0 0 0 0 0 0 2 2 2 8 8 11 10 10 1 0 0 0 0 0 1 1 0 1 1 3 3 2 15 15 15
 0 0 0 0 0 0 0 0 0 0 0 0 0 0 0 0 0 0 0 0 0 2 2 2 8 8 11 10 10 1 0 0 0 0 0 1 1 0 1 1 3 3 2 15 15 15
 0 0 0 0 0 0 0 0 0 0 0 0 0 0 0 0 0 0 0 0 0 3 8 8 9 9 12 7 7 6 4 4 0 0 2 0 0 2 3 3 10 10 9 24 24 24
 0 0 0 0 0 0 0 0 0 0 0 0 0 0 0 0 0 0 0 0 0 3 8 8 9 9 12 7 7 6 4 4 0 0 2 0 0 2 3 3 10 10 9 24 24 24
 0 0 0 0 0 0 0 0 0 0 0 0 0 0 0 0 0 0 0 0 0 0 9 9 10 10 11 7 7 7 3 3 1 1 2 1 1 3 7 7 25 25 40 26 26 14
 0 0 0 0 0 0 0 0 0 0 0 0 0 0 0 0 0 0 0 0 0 0 8 8 7 7 8 11 11 6 2 2 2 2 1 4 4 13 19 19 26 26 21 27 27 19
 0 0 0 0 0 0 0 0 0 0 0 0 0 0 0 0 0 0 0 0 0 0 8 8 7 7 8 11 11 6 2 2 2 2 1 4 4 13 19 19 26 26 21 27 27 19
 0 0 0 0 0 0 0 0 0 0 0 0 0 0 0 0 0 0 0 0 0 3 14 14 4 4 9 8 8 2 2 2 3 3 7 8 8 15 18 18 16 16 17 19 19 19
 0 0 0 0 0 0 0 0 0 0 0 0 0 0 0 0 0 0 0 0 0 4 7 7 4 4 4 3 3 3 3 3 6 6 9 9 9 14 16 16 16 16 19 20 20 11
 0 0 0 0 0 0 0 0 0 0 0 0 0 0 0 0 0 0 0 0 0 4 7 7 4 4 4 3 3 3 3 3 6 6 9 9 9 14 16 16 16 16 19 20 20 11
 0 0 0 0 0 0 0 0 0 0 0 0 0 0 0 0 0 0 0 0 0 2 12 12 4 4 3 3 3 11 13 13 11 11 18 11 11 19 24 24 16 16 17 18 18 18
 0 0 0 0 0 0 0 0 0 0 0 0 0 0 0 0 0 0 0 0 0 2 12 12 4 4 3 3 3 11 13 13 11 11 18 11 11 19 24 24 16 16 17 18 18 18
 0 0 0 0 0 0 0 0 0 0 0 0 0 0 0 0 0 0 0 0 0 3 11 11 4 4 6 13 13 16 73 73 50 50 30 20 20 14 22 22 15 15 15 17 17 15
 0 0 0 0 0 0 0 0 0 0 0 0 0 0 0 0 0 0 2 9 9 10 12 12 11 11 22 28 28 51 74 74 46 46 25 18 18 13 16 16 18 18 19 19 19 30
 0 0 0 0 0 0 0 0 0 0 0 0 0 0 0 0 0 0 2 9 9 10 12 12 11 11 22 28 28 51 74 74 46 46 25 18 18 13 16 16 18 18 19 19 19 30
 0 0 0 0 0 0 0 0 0 0 0 0 0 0 1 1 2 2 7 10 10 17 17 17 15 15 31 36 36 65 82 82 73 73 64 24 24 14 14 14 21 21 25 27 27 37
 0 0 0 0 0 0 0 0 0 0 0 1 1 0 4 4 14 14 16 20 20 20 17 17 14 14 22 61 61 84 81 81 75 75 62 57 57 14 16 16 19 19 20 23 23 39
 0 0 0 0 0 0 0 0 0 0 0 1 1 0 4 4 14 14 16 20 20 20 17 17 14 14 22 61 61 84 81 81 75 75 62 57 57 14 16 16 19 19 20 23 23 39
 0 0 0 0 0 0 0 0 1 1 0 0 0 1 5 5 16 16 39 12 12 10 5 5 10 10 21 26 26 25 40 40 38 38 30 28 28 15 13 13 10 10 10 11 11 51
 0 0 0 0 0 0 0 0 1 1 0 0 0 1 5 5 16 16 39 12 12 10 5 5 10 10 21 26 26 25 40 40 38 38 30 28 28 15 13 13 10 10 10 11 11 51
 0 0 0 0 0 0 0 0 0 0 0 0 0 1 8 8 10 10 12 15 15 11 4 4 12 12 12 16 16 32 43 43 28 28 18 12 12 8 10 10 6 6 15 9 9 45
 0 0 0 0 0 0 0 0 0 0 2 7 7 13 13 13 19 19 13 9 9 6 5 5 9 9 10 14 14 30 34 34 32 32 24 15 15 8 8 8 7 7 7 11 11 29
 0 0 0 0 0 0 0 0 0 0 2 7 7 13 13 13 19 19 13 9 9 6 5 5 9 9 10 14 14 30 34 34 32 32 24 15 15 8 8 8 7 7 7 11 11 29
 0 0 0 0 0 0 0 0 0 0 2 11 11 9 14 14 40 40 16 4 4 1 3 3 4 4 4 7 7 26 29 29 27 27 15 13 13 10 15 15 23 23 13 17 17 17
 0 0 0 0 0 0 0 0 0 0 8 15 15 11 27 27 39 39 26 7 7 1 9 9 5 5 2 10 10 23 27 27 18 18 13 13 13 17 20 20 52 52 22 26 26 14
 0 0 0 0 0 0 0 0 0 0 8 15 15 11 27 27 39 39 26 7 7 1 9 9 5 5 2 10 10 23 27 27 18 18 13 13 13 17 20 20 52 52 22 26 26 14
 0 0 0 0 0 0 1 1 2 2 7 15 15 31 20 20 44 44 23 28 28 9 10 10 10 10 17 17 17 25 29 29 14 14 17 11 11 16 59 59 53 53 61 25 25 29
 0 0 0 0 0 0 1 1 2 2 7 15 15 31 20 20 44 44 23 28 28 9 10 10 10 10 17 17 17 25 29 29 14 14 17 11 11 16 59 59 53 53 61 25 25 29
 0 0 0 0 0 0 2 2 2 2 5 16 16 25 22 22 33 33 21 20 20 19 26 26 35 35 32 35 35 34 53 53 27 27 20 32 32 57 66 66 56 56 69 38 38 38
 0 0 0 0 0 0 1 1 4 4 13 15 15 27 11 11 11 11 14 30 30 21 22 22 32 32 50 34 34 14 15 15 21 21 24 35 35 32 69 69 121 121 103 53 53 50
 0 0 0 0 0 0 1 1 4 4 13 15 15 27 11 11 11 11 14 30 30 21 22 22 32 32 50 34 34 14 15 15 21 21 24 35 35 32 69 69 121 121 103 53 53 50
 0 0 1 0 0 1 2 2 3 3 13 31 31 33 13 13 12 12 13 30 30 16 21 21 17 17 20 21 21 24 15 15 19 19 19 35 35 32 64 64 34 34 22 26 26 34
 0 0 0 0 0 1 3 3 8 8 14 32 32 34 14 14 19 19 20 37 37 19 19 19 18 18 29 39 39 38 44 44 29 29 24 15 15 18 48 48 31 31 22 11 11 12
 0 0 0 0 0 1 3 3 8 8 14 32 32 34 14 14 19 19 20 37 37 19 19 19 18 18 29 39 39 38 44 44 29 29 24 15 15 18 48 48 31 31 22 11 11 12
 0 0 0 0 0 1 4 4 7 7 11 13 13 24 12 12 32 32 20 37 37 24 24 24 33 33 35 48 48 52 74 74 85 85 59 53 53 56 54 54 32 32 23 14 14 17
 0 0 0 0 0 1 4 4 7 7 11 13 13 24 12 12 32 32 20 37 37 24 24 24 33 33 35 48 48 52 74 74 85 85 59 53 53 56 54 54 32 32 23 14 14 17
 0 0 0 0 0 1 3 3 4 4 4 5 5 13 47 47 50 50 83 81 81 61 29 29 29 29 57 63 63 62 72 72 76 76 66 82 82 146 53 53 49 49 42 29 29 26
 0 0 0 0 0 1 2 2 3 3 2 4 4 10 82 82 85 85 119 79 79 74 40 40 32 32 54 60 60 64 62 62 74 74 75 95 95 87 50 50 58 58 58 60 60 25
 0 0 0 0 0 1 2 2 3 3 2 4 4 10 82 82 85 85 119 79 79 74 40 40 32 32 54 60 60 64 62 62 74 74 75 95 95 87 50 50 58 58 58 60 60 25
 0 0 0 0 0 1 2 2 2 2 3 8 8 13 55 55 131 131 161 119 119 95 63 63 34 34 49 62 62 62 62 62 39 39 47 89 89 99 79 79 63 63 60 47 47 33
 0 0 0 1 1 2 3 3 3 3 4 11 11 18 49 49 122 122 162 128 128 92 71 71 35 35 28 45 45 46 58 58 53 53 91 99 99 95 62 62 59 59 47 37 37 37
 0 0 0 1 1 2 3 3 3 3 4 11 11 18 49 49 122 122 162 128 128 92 71 71 35 35 28 45 45 46 58 58 53 53 91 99 99 95 62 62 59 59 47 37 37 37
 0 0 0 1 1 1 1 1 2 2 3 23 23 27 51 51 64 64 86 80 80 38 44 44 37 37 32 40 40 45 44 44 73 73 74 72 72 94 84 84 63 63 64 45 45 38
 0 0 0 1 1 1 1 1 2 2 3 23 23 27 51 51 64 64 86 80 80 38 44 44 37 37 32 40 40 45 44 44 73 73 74 72 72 94 84 84 63 63 64 45 45 38
 0 0 1 2 2 5 2 2 1 1 5 22 22 29 47 47 49 49 66 50 50 36 36 36 30 30 31 36 36 42 45 45 51 51 93 81 81 111 87 87 87 87 56 60 60 70
 0 0 1 5 5 11 6 6 3 3 18 28 28 30 37 37 84 84 107 113 113 46 29 29 23 23 38 63 63 55 84 84 69 69 101 78 78 87 106 106 88 88 55 61 61 52
 0 0 1 5 5 11 6 6 3 3 18 28 28 30 37 37 84 84 107 113 113 46 29 29 23 23 38 63 63 55 84 84 69 69 101 78 78 87 106 106 88 88 55 61 61 52
 0 0 1 3 3 4 3 3 3 3 8 13 13 19 28 28 78 78 38 38 38 39 38 38 23 23 26 63 63 62 117 117 99 99 99 125 125 137 103 103 51 51 77 63 63 62
 0 0 1 1 1 1 2 2 4 4 8 14 14 18 16 16 25 25 40 30 30 30 17 17 33 33 35 81 81 113 94 94 95 95 78 84 84 71 95 95 105 105 77 94 94 45
 0 0 1 1 1 1 2 2 4 4 8 14 14 18 16 16 25 25 40 30 30 30 17 17 33 33 35 81 81 113 94 94 95 95 78 84 84 71 95 95 105 105 77 94 94 45
 0 0 0 0 0 2 3 3 5 5 7 10 10 11 13 13 72 72 49 30 30 15 18 18 27 27 63 69 69 109 125 125 100 100 92 78 78 79 64 64 71 71 81 64 64 42
 0 0 0 0 0 2 3 3 5 5 7 10 10 11 13 13 72 72 49 30 30 15 18 18 27 27 63 69 69 109 125 125 100 100 92 78 78 79 64 64 71 71 81 64 64 42
 0 0 0 1 1 5 9 9 8 8 7 15 15 15 39 39 86 86 59 45 45 10 16 16 21 21 34 39 39 80 140 140 72 72 96 120 120 83 74 74 75 75 74 55 55 27
 0 0 0 2 2 11 20 20 18 18 11 17 17 20 39 39 79 79 91 46 46 12 8 8 6 6 12 15 15 25 151 151 111 111 94 138 138 118 95 95 86 86 46 23 23 16
 0 0 0 2 2 11 20 20 18 18 11 17 17 20 39 39 79 79 91 46 46 12 8 8 6 6 12 15 15 25 151 151 111 111 94 138 138 118 95 95 86 86 46 23 23 16
 0 0 1 4 4 19 27 27 18 18 13 21 21 21 41 41 65 65 84 43 43 11 6 6 11 11 9 9 9 33 77 77 64 64 116 107 107 104 102 102 84 84 45 23 23 26
 0 0 2 10 10 24 27 27 15 15 17 13 13 31 30 30 59 59 118 40 40 9 3 3 12 12 7 8 8 29 41 41 61 61 98 103 103 80 108 108 78 78 63 32 32 33
 0 0 2 10 10 24 27 27 15 15 17 13 13 31 30 30 59 59 118 40 40 9 3 3 12 12 7 8 8 29 41 41 61 61 98 103 103 80 108 108 78 78 63 32 32 33
 1 1 2 7 7 17 27 27 14 14 24 21 21 32 30 30 49 49 165 43 43 8 2 2 1 1 5 19 19 56 57 57 77 77 89 109 109 64 84 84 77 77 80 37 37 32
 1 1 2 7 7 17 27 27 14 14 24 21 21 32 30 30 49 49 165 43 43 8 2 2 1 1 5 19 19 56 57 57 77 77 89 109 109 64 84 84 77 77 80 37 37 32
 1 1 3 7 7 20 28 28 67 67 70 43 43 47 43 43 62 62 157 50 50 27 1 1 0 0 5 8 8 26 62 62 59 59 61 116 116 82 64 64 79 79 75 34 34 14
 4 4 7 12 12 27 37 37 104 104 89 31 31 53 62 62 76 76 150 101 101 49 4 4 2 2 2 8 8 21 30 30 50 50 39 93 93 46 33 33 59 59 65 33 33 21
 4 4 7 12 12 27 37 37 104 104 89 31 31 53 62 62 76 76 150 101 101 49 4 4 2 2 2 8 8 21 30 30 50 50 39 93 93 46 33 33 59 59 65 33 33 21
 15 15 19 20 20 30 39 39 116 116 79 70 70 71 69 69 75 75 93 86 86 90 64 64 5 5 4 10 10 20 33 33 41 41 15 12 12 30 35 35 71 71 45 32 32 3
 21 21 23 41 41 66 108 108 105 105 64 33 33 31 39 39 40 40 54 54 54 37 51 51 13 13 8 6 6 18 15 15 16 16 13 17 17 21 22 22 35 35 30 33 33 8
 21 21 23 41 41 66 108 108 105 105 64 33 33 31 39 39 40 40 54 54 54 37 51 51 13 13 8 6 6 18 15 15 16 16 13 17 17 21 22 22 35 35 30 33 33 8
 80 80 78 63 63 57 93 93 111 111 73 38 38 37 46 46 43 43 38 27 27 39 89 89 72 72 12 5 5 10 10 10 10 10 14 13 13 17 12 12 32 32 29 60 60 14
 80 80 78 63 63 57 93 93 111 111 73 38 38 37 46 46 43 43 38 27 27 39 89 89 72 72 12 5 5 10 10 10 10 10 14 13 13 17 12 12 32 32 29 60 60 14
 72 72 82 67 67 78 125 125 78 78 67 40 40 31 46 46 47 47 42 48 48 92 73 73 80 80 48 26 26 27 22 22 21 21 23 14 14 13 9 9 9 9 70 52 52 30
 89 89 139 99 99 128 93 93 52 52 42 38 38 40 40 40 38 38 39 39 39 94 107 107 131 131 104 32 32 36 28 28 25 25 26 36 36 32 30 30 18 18 33 49 49 30
 89 89 139 99 99 128 93 93 52 52 42 38 38 40 40 40 38 38 39 39 39 94 107 107 131 131 104 32 32 36 28 28 25 25 26 36 36 32 30 30 18 18 33 49 49 30
 86 86 143 141 141 128 95 95 78 78 63 62 62 57 53 53 48 48 63 43 43 48 116 116 105 105 120 63 63 116 70 70 70 70 73 80 80 31 80 80 91 91 39 20 20 31
 112 112 112 117 117 130 97 97 83 83 76 56 56 59 39 39 39 39 60 40 40 44 71 71 76 76 119 100 100 113 78 78 85 85 86 85 85 37 31 31 53 53 58 70 70 50
