assets/RAT_results_old/precipitation/2019-08-05_IMERG.asc
ncols        46
nrows        77
xllcorner    74.800261325624
yllcorner    8.058333333333
cellsize     0.062500000000
NODATA_value -9999
 88 88 94 81 81 108 104 104 112 112 112 119 119 111 100 100 83 83 52 40 40 37 15 15 18 18 16 8 8 4 2 2 3 3 2 2 2 1 2 2 1 1 4 2 2 4
 71 71 88 100 100 110 116 116 92 92 104 101 101 107 90 90 72 72 53 45 45 35 14 14 12 12 10 4 4 3 3 3 3 3 2 1 1 1 1 1 2 2 2 10 10 8
 71 71 88 100 100 110 116 116 92 92 104 101 101 107 90 90 72 72 53 45 45 35 14 14 12 12 10 4 4 3 3 3 3 3 2 1 1 1 1 1 2 2 2 10 10 8
 75 75 98 96 96 82 96 96 94 94 115 126 126 106 95 95 78 78 50 43 43 35 15 15 12 12 14 5 5 3 4 4 3 3 4 3 3 1 1 1 2 2 3 8 8 7
 54 54 86 80 80 85 80 80 84 84 88 95 95 95 93 93 95 95 64 35 35 21 14 14 11 11 9 8 8 6 4 4 3 3 2 1 1 0 1 1 1 1 1 1 1 1
 54 54 86 80 80 85 80 80 84 84 88 95 95 95 93 93 95 95 64 35 35 21 14 14 11 11 9 8 8 6 4 4 3 3 2 1 1 0 1 1 1 1 1 1 1 1
 28 28 33 51 51 65 77 77 83 83 110 98 98 96 72 72 81 81 51 35 35 19 16 16 11 11 8 8 8 4 4 4 3 3 1 0 0 3 4 4 2 2 4 4 4 2
 28 28 33 51 51 65 77 77 83 83 110 98 98 96 72 72 81 81 51 35 35 19 16 16 11 11 8 8 8 4 4 4 3 3 1 0 0 3 4 4 2 2 4 4 4 2
 29 29 27 47 47 52 51 51 52 52 90 84 84 72 64 64 63 63 37 31 31 14 9 9 8 8 8 5 5 4 4 4 3 3 1 1 1 2 1 1 1 1 2 3 3 0
 28 28 19 40 40 41 44 44 42 42 77 114 114 73 61 61 31 31 29 15 15 17 11 11 11 11 7 5 5 3 3 3 2 2 1 1 1 1 1 1 1 1 2 1 1 0
 28 28 19 40 40 41 44 44 42 42 77 114 114 73 61 61 31 31 29 15 15 17 11 11 11 11 7 5 5 3 3 3 2 2 1 1 1 1 1 1 1 1 2 1 1 0
 35 35 24 33 33 36 38 38 42 42 46 52 52 46 50 50 53 53 40 19 19 16 9 9 7 7 6 6 6 1 1 1 1 1 0 0 0 1 1 1 1 1 1 0 0 0
 31 31 29 30 30 34 31 31 37 37 48 54 54 60 50 50 42 42 42 25 25 12 8 8 6 6 4 3 3 2 1 1 0 0 0 0 0 2 1 1 3 3 1 0 0 0
 31 31 29 30 30 34 31 31 37 37 48 54 54 60 50 50 42 42 42 25 25 12 8 8 6 6 4 3 3 2 1 1 0 0 0 0 0 2 1 1 3 3 1 0 0 0
 16 16 18 30 30 40 34 34 32 32 33 34 34 24 21 21 22 22 26 27 27 9 5 5 3 3 2 1 1 1 0 0 0 0 0 0 0 2 2 2 3 3 1 0 0 0
 16 16 18 30 30 40 34 34 32 32 33 34 34 24 21 21 22 22 26 27 27 9 5 5 3 3 2 1 1 1 0 0 0 0 0 0 0 2 2 2 3 3 1 0 0 0
 15 15 24 26 26 26 40 40 34 34 30 25 25 20 15 15 26 26 17 17 17 8 2 2 2 2 1 0 0 1 0 0 0 0 0 0 0 1 3 3 1 1 0 0 0 1
 12 12 32 14 14 25 25 25 32 32 17 16 16 17 27 27 20 20 22 17 17 8 2 2 2 2 2 1 1 0 0 0 0 0 0 0 0 0 2 2 1 1 0 0 0 0
 12 12 32 14 14 25 25 25 32 32 17 16 16 17 27 27 20 20 22 17 17 8 2 2 2 2 2 1 1 0 0 0 0 0 0 0 0 0 2 2 1 1 0 0 0 0
 11 11 17 14 14 7 9 9 7 7 9 13 13 22 15 15 33 33 13 12 12 4 2 2 3 3 2 2 2 0 1 1 1 1 1 0 0 0 0 0 1 1 1 0 0 2
 13 13 8 7 7 6 7 7 3 3 4 15 15 16 15 15 13 13 16 9 9 3 2 2 2 2 3 3 3 5 2 2 1 1 1 1 1 0 1 1 0 0 0 1 1 1
 13 13 8 7 7 6 7 7 3 3 4 15 15 16 15 15 13 13 16 9 9 3 2 2 2 2 3 3 3 5 2 2 1 1 1 1 1 0 1 1 0 0 0 1 1 1
 20 20 21 5 5 5 3 3 2 2 5 6 6 8 8 8 12 12 8 5 5 8 7 7 4 4 4 5 5 7 4 4 3 3 2 2 2 2 1 1 1 1 0 0 0 1
 20 20 21 5 5 5 3 3 2 2 5 6 6 8 8 8 12 12 8 5 5 8 7 7 4 4 4 5 5 7 4 4 3 3 2 2 2 2 1 1 1 1 0 0 0 1
 19 19 21 22 22 11 3 3 5 5 6 5 5 8 6 6 5 5 6 7 7 9 11 11 10 10 7 9 9 7 6 6 6 6 4 4 4 3 2 2 3 3 1 1 1 1
 17 17 22 11 11 11 6 6 6 6 8 6 6 8 11 11 10 10 12 12 12 12 13 13 14 14 12 12 12 10 8 8 7 7 9 8 8 5 6 6 3 3 3 2 2 1
 17 17 22 11 11 11 6 6 6 6 8 6 6 8 11 11 10 10 12 12 12 12 13 13 14 14 12 12 12 10 8 8 7 7 9 8 8 5 6 6 3 3 3 2 2 1
 15 15 20 19 19 18 13 13 8 8 8 8 8 10 11 11 13 13 19 14 14 20 13 13 22 22 15 13 13 14 14 14 11 11 9 8 8 8 8 8 5 5 4 3 3 4
 14 14 20 17 17 19 15 15 17 17 11 13 13 17 21 21 18 18 24 22 22 22 22 22 19 19 16 12 12 15 11 11 8 8 6 8 8 10 9 9 6 6 7 3 3 4
 14 14 20 17 17 19 15 15 17 17 11 13 13 17 21 21 18 18 24 22 22 22 22 22 19 19 16 12 12 15 11 11 8 8 6 8 8 10 9 9 6 6 7 3 3 4
 14 14 14 18 18 16 14 14 18 18 27 22 22 34 28 28 24 24 24 21 21 26 30 30 20 20 18 14 14 15 10 10 6 6 6 7 7 13 8 8 4 4 6 6 6 5
 14 14 14 18 18 16 14 14 18 18 27 22 22 34 28 28 24 24 24 21 21 26 30 30 20 20 18 14 14 15 10 10 6 6 6 7 7 13 8 8 4 4 6 6 6 5
 12 12 16 10 10 16 12 12 20 20 22 24 24 33 25 25 19 19 23 26 26 24 29 29 35 35 42 22 22 20 9 9 6 6 11 6 6 13 10 10 8 8 8 10 10 5
 13 13 14 11 11 11 11 11 11 11 11 19 19 48 126 126 108 108 26 33 33 27 33 33 40 40 40 43 43 27 16 16 12 12 11 8 8 13 11 11 9 9 9 6 6 4
 13 13 14 11 11 11 11 11 11 11 11 19 19 48 126 126 108 108 26 33 33 27 33 33 40 40 40 43 43 27 16 16 12 12 11 8 8 13 11 11 9 9 9 6 6 4
 18 18 15 10 10 10 33 33 31 31 48 15 15 17 107 107 109 109 23 30 30 28 49 49 43 43 28 20 20 29 26 26 17 17 11 9 9 13 13 13 15 15 12 3 3 5
 10 10 6 18 18 18 44 44 28 28 45 18 18 16 13 13 17 17 22 34 34 28 39 39 32 32 26 24 24 24 17 17 15 15 24 19 19 19 18 18 13 13 9 4 4 1
 10 10 6 18 18 18 44 44 28 28 45 18 18 16 13 13 17 17 22 34 34 28 39 39 32 32 26 24 24 24 17 17 15 15 24 19 19 19 18 18 13 13 9 4 4 1
 5 5 4 4 4 17 41 41 31 31 33 15 15 21 11 11 30 30 23 27 27 28 68 68 68 68 36 28 28 29 31 31 50 50 50 41 41 23 16 16 13 13 6 5 5 3
 5 5 4 4 4 17 41 41 31 31 33 15 15 21 11 11 30 30 23 27 27 28 68 68 68 68 36 28 28 29 31 31 50 50 50 41 41 23 16 16 13 13 6 5 5 3
 5 5 5 5 5 5 5 5 6 6 31 12 12 40 33 33 27 27 21 25 25 24 34 34 88 88 66 38 38 54 46 46 126 126 68 29 29 38 22 22 13 13 6 4 4 4
 6 6 5 5 5 6 7 7 5 5 6 7 7 35 44 44 39 39 21 26 26 37 30 30 43 43 52 63 63 54 80 80 131 131 82 83 83 78 21 21 14 14 9 6 6 4
 6 6 5 5 5 6 7 7 5 5 6 7 7 35 44 44 39 39 21 26 26 37 30 30 43 43 52 63 63 54 80 80 131 131 82 83 83 78 21 21 14 14 9 6 6 4
 4 4 4 5 5 5 4 4 7 7 7 10 10 10 18 18 15 15 23 16 16 22 19 19 25 25 27 21 21 26 28 28 60 60 29 50 50 87 24 24 17 17 7 3 3 4
 3 3 2 3 3 3 3 3 7 7 8 10 10 15 36 36 18 18 17 10 10 11 15 15 14 14 15 10 10 12 15 15 23 23 20 21 21 19 9 9 8 8 6 3 3 2
 3 3 2 3 3 3 3 3 7 7 8 10 10 15 36 36 18 18 17 10 10 11 15 15 14 14 15 10 10 12 15 15 23 23 20 21 21 19 9 9 8 8 6 3 3 2
 2 2 2 2 2 2 2 2 5 5 7 11 11 13 17 17 19 19 21 5 5 5 5 5 9 9 8 6 6 9 9 9 13 13 22 10 10 12 10 10 8 8 5 1 1 1
 2 2 2 2 2 2 2 2 5 5 7 11 11 13 17 17 19 19 21 5 5 5 5 5 9 9 8 6 6 9 9 9 13 13 22 10 10 12 10 10 8 8 5 1 1 1
 1 1 2 1 1 2 3 3 5 5 7 9 9 16 12 12 18 18 19 4 4 4 3 3 6 6 3 3 3 3 6 6 13 13 15 10 10 8 9 9 3 3 2 2 2 2
 1 1 1 1 1 1 3 3 3 3 7 7 7 11 6 6 5 5 6 5 5 3 1 1 3 3 2 1 1 1 2 2 6 6 9 10 10 9 7 7 2 2 2 2 2 2
 1 1 1 1 1 1 3 3 3 3 7 7 7 11 6 6 5 5 6 5 5 3 1 1 3 3 2 1 1 1 2 2 6 6 9 10 10 9 7 7 2 2 2 2 2 2
 1 1 1 1 1 1 2 2 3 3 6 6 6 9 11 11 12 12 3 3 3 1 1 1 3 3 1 1 1 0 1 1 6 6 3 3 3 4 2 2 1 1 2 2 2 1
 1 1 1 1 1 1 2 2 2 2 3 5 5 4 5 5 1 1 2 1 1 1 1 1 3 3 3 1 1 1 1 1 2 2 3 3 3 4 3 3 2 2 2 2 2 1
 1 1 1 1 1 1 2 2 2 2 3 5 5 4 5 5 1 1 2 1 1 1 1 1 3 3 3 1 1 1 1 1 2 2 3 3 3 4 3 3 2 2 2 2 2 1
 1 1 1 1 1 1 1 1 2 2 3 4 4 4 5 5 1 1 1 1 1 1 3 3 5 5 5 3 3 2 1 1 2 2 3 2 2 4 3 3 2 2 2 1 1 1
 1 1 1 1 1 1 1 1 2 2 3 4 4 4 5 5 1 1 1 1 1 1 3 3 5 5 5 3 3 2 1 1 2 2 3 2 2 4 3 3 2 2 2 1 1 1
 1 1 1 2 2 2 3 3 3 3 4 4 4 4 4 4 4 4 2 2 2 4 3 3 6 6 4 3 3 2 3 3 3 3 3 2 2 3 4 4 3 3 1 1 1 1
 2 2 2 2 2 3 4 4 5 5 4 3 3 3 4 4 4 4 2 2 2 5 4 4 4 4 4 4 4 2 2 2 3 3 2 2 2 2 2 2 3 3 2 1 1 1
 2 2 2 2 2 3 4 4 5 5 4 3 3 3 4 4 4 4 2 2 2 5 4 4 4 4 4 4 4 2 2 2 3 3 2 2 2 2 2 2 3 3 2 1 1 1
 2 2 3 3 3 4 5 5 7 7 5 4 4 4 5 5 4 4 4 4 4 5 4 4 2 2 5 8 8 7 5 5 2 2 2 2 2 2 4 4 4 4 3 2 2 5
 2 2 2 4 4 4 4 4 4 4 3 2 2 2 2 2 3 3 2 2 2 2 3 3 3 3 3 4 4 5 2 2 2 2 2 2 2 2 4 4 5 5 4 5 5 4
 2 2 2 4 4 4 4 4 4 4 3 2 2 2 2 2 3 3 2 2 2 2 3 3 3 3 3 4 4 5 2 2 2 2 2 2 2 2 4 4 5 5 4 5 5 4
 1 1 1 2 2 2 2 2 1 1 1 1 1 1 1 1 1 1 1 1 1 1 2 2 1 1 2 3 3 3 3 3 3 3 2 2 2 2 6 6 6 6 5 5 5 4
 1 1 1 2 2 2 2 2 1 1 1 1 1 1 1 1 1 1 1 1 1 1 2 2 1 1 2 3 3 3 3 3 3 3 2 2 2 2 6 6 6 6 5 5 5 4
 1 1 1 1 1 1 1 1 1 1 1 0 0 0 0 0 0 0 0 0 0 0 1 1 1 1 1 1 1 3 3 3 2 2 2 2 2 4 9 9 5 5 5 3 3 3
 1 1 1 1 1 1 1 1 1 1 0 0 0 0 0 0 0 0 0 0 0 0 0 0 1 1 1 1 1 4 3 3 1 1 1 2 2 3 4 4 4 4 5 4 4 3
 1 1 1 1 1 1 1 1 1 1 0 0 0 0 0 0 0 0 0 0 0 0 0 0 1 1 1 1 1 4 3 3 1 1 1 2 2 3 4 4 4 4 5 4 4 3
 1 1 1 1 1 1 1 1 1 1 0 0 0 0 0 0 1 1 1 0 0 0 0 0 1 1 1 1 1 1 2 2 2 2 2 2 2 1 1 1 2 2 2 2 2 2
 1 1 1 1 1 1 1 1 1 1 0 0 0 0 0 0 1 1 1 0 0 0 0 0 1 1 1 1 1 1 1 1 3 3 3 2 2 2 3 3 3 3 3 5 5 2
 1 1 1 1 1 1 1 1 1 1 0 0 0 0 0 0 1 1 1 0 0 0 0 0 1 1 1 1 1 1 1 1 3 3 3 2 2 2 3 3 3 3 3 5 5 2
 1 1 1 0 0 1 1 1 1 1 1 1 1 1 1 1 1 1 1 1 1 1 1 1 1 1 1 1 1 2 2 2 2 2 4 3 3 3 3 3 5 5 4 4 4 2
 1 1 1 0 0 1 1 1 1 1 1 1 1 1 1 1 1 1 1 1 1 1 1 1 1 1 1 1 1 2 2 2 2 2 4 3 3 3 3 3 5 5 4 4 4 2
 1 1 1 0 0 0 0 0 1 1 1 1 1 2 1 1 1 1 1 1 1 1 2 2 2 2 2 2 2 2 2 2 2 2 4 4 4 3 3 3 3 3 2 2 2 6
 1 1 1 0 0 0 1 1 1 1 1 1 1 1 1 1 1 1 1 2 2 2 2 2 2 2 2 3 3 4 3 3 2 2 3 4 4 4 3 3 3 3 3 3 3 5
 1 1 1 0 0 0 1 1 1 1 1 1 1 1 1 1 1 1 1 2 2 2 2 2 2 2 2 3 3 4 3 3 2 2 3 4 4 4 3 3 3 3 3 3 3 5
 1 1 1 1 1 0 1 1 1 1 1 1 1 1 1 1 2 2 2 2 2 2 2 2 2 2 3 5 5 5 3 3 3 3 3 3 3 3 4 4 4 4 4 3 3 3
 0 0 0 1 1 1 1 1 1 1 2 2 2 2 2 2 2 2 2 2 2 2 3 3 3 3 4 4 4 4 3 3 2 2 3 3 3 3 3 3 2 2 5 2 2 1
