assets/RAT_results_old/precipitation/2019-09-23_IMERG.asc
ncols        46
nrows        77
xllcorner    74.800261325624
yllcorner    8.058333333333
cellsize     0.062500000000
NODATA_value -9999
 8 8 10 12 12 18 25 25 31 31 45 27 27 31 33 33 39 39 39 44 44 53 55 55 57 57 57 54 54 45 42 42 44 44 40 36 36 34 34 34 34 34 34 29 29 25
 12 12 12 15 15 23 23 23 42 42 46 57 57 45 43 43 44 44 48 49 49 53 67 67 74 74 69 79 79 59 56 56 57 57 48 46 46 44 38 38 33 33 36 33 33 33
 12 12 12 15 15 23 23 23 42 42 46 57 57 45 43 43 44 44 48 49 49 53 67 67 74 74 69 79 79 59 56 56 57 57 48 46 46 44 38 38 33 33 36 33 33 33
 14 14 15 21 21 23 27 27 25 25 38 56 56 51 44 44 41 41 50 50 50 52 61 61 71 71 85 74 74 72 70 70 66 66 66 58 58 52 39 39 35 35 32 30 30 35
 7 7 14 12 12 16 19 19 32 32 40 49 49 43 41 41 40 40 48 56 56 58 62 62 78 78 65 64 64 65 79 79 77 77 79 74 74 62 48 48 42 42 37 35 35 40
 7 7 14 12 12 16 19 19 32 32 40 49 49 43 41 41 40 40 48 56 56 58 62 62 78 78 65 64 64 65 79 79 77 77 79 74 74 62 48 48 42 42 37 35 35 40
 7 7 7 9 9 10 16 16 20 20 30 34 34 32 29 29 33 33 42 47 47 54 60 60 62 62 62 62 62 59 60 60 70 70 72 69 69 67 59 59 51 51 40 39 39 38
 7 7 7 9 9 10 16 16 20 20 30 34 34 32 29 29 33 33 42 47 47 54 60 60 62 62 62 62 62 59 60 60 70 70 72 69 69 67 59 59 51 51 40 39 39 38
 6 6 3 7 7 9 9 9 13 13 24 19 19 20 22 22 27 27 32 35 35 40 47 47 49 49 61 55 55 56 57 57 54 54 57 61 61 72 67 67 51 51 43 42 42 43
 8 8 7 7 7 8 7 7 6 6 11 13 13 13 17 17 22 22 28 32 32 30 39 39 41 41 50 48 48 49 48 48 47 47 51 57 57 64 60 60 51 51 49 38 38 48
 8 8 7 7 7 8 7 7 6 6 11 13 13 13 17 17 22 22 28 32 32 30 39 39 41 41 50 48 48 49 48 48 47 47 51 57 57 64 60 60 51 51 49 38 38 48
 8 8 6 5 5 6 4 4 5 5 6 8 8 11 14 14 23 23 24 30 30 32 32 32 33 33 38 38 38 39 43 43 46 46 47 44 44 44 42 42 44 44 44 36 36 44
 4 4 4 6 6 9 10 10 9 9 10 10 10 11 13 13 18 18 21 21 21 28 28 28 34 34 39 34 34 38 40 40 39 39 39 36 36 34 39 39 40 40 39 33 33 50
 4 4 4 6 6 9 10 10 9 9 10 10 10 11 13 13 18 18 21 21 21 28 28 28 34 34 39 34 34 38 40 40 39 39 39 36 36 34 39 39 40 40 39 33 33 50
 4 4 4 7 7 7 10 10 13 13 17 17 17 20 21 21 21 21 25 25 25 24 28 28 36 36 38 33 33 31 32 32 35 35 41 38 38 35 35 35 37 37 33 31 31 51
 4 4 4 7 7 7 10 10 13 13 17 17 17 20 21 21 21 21 25 25 25 24 28 28 36 36 38 33 33 31 32 32 35 35 41 38 38 35 35 35 37 37 33 31 31 51
 3 3 5 8 8 6 9 9 10 10 13 16 16 21 25 25 23 23 24 22 22 20 24 24 26 26 28 29 29 31 33 33 37 37 36 35 35 34 34 34 33 33 32 29 29 48
 4 4 6 9 9 7 9 9 6 6 11 15 15 14 24 24 28 28 26 21 21 23 26 26 26 26 26 28 28 32 35 35 34 34 34 30 30 31 29 29 29 29 30 56 56 59
 4 4 6 9 9 7 9 9 6 6 11 15 15 14 24 24 28 28 26 21 21 23 26 26 26 26 26 28 28 32 35 35 34 34 34 30 30 31 29 29 29 29 30 56 56 59
 3 3 8 9 9 10 12 12 12 12 12 14 14 19 19 19 22 22 21 21 21 24 28 28 24 24 22 23 23 26 38 38 33 33 34 36 36 25 27 27 27 27 28 23 23 75
 4 4 5 5 5 8 12 12 11 11 10 13 13 14 15 15 14 14 17 19 19 26 33 33 21 21 22 20 20 24 27 27 41 41 33 39 39 27 21 21 25 25 27 23 23 41
 4 4 5 5 5 8 12 12 11 11 10 13 13 14 15 15 14 14 17 19 19 26 33 33 21 21 22 20 20 24 27 27 41 41 33 39 39 27 21 21 25 25 27 23 23 41
 3 3 3 4 4 8 8 8 7 7 8 12 12 16 17 17 19 19 18 17 17 29 33 33 27 27 37 37 37 25 39 39 32 32 71 49 49 34 19 19 24 24 26 20 20 21
 3 3 3 4 4 8 8 8 7 7 8 12 12 16 17 17 19 19 18 17 17 29 33 33 27 27 37 37 37 25 39 39 32 32 71 49 49 34 19 19 24 24 26 20 20 21
 2 2 3 4 4 5 5 5 5 5 7 9 9 14 17 17 21 21 26 22 22 29 34 34 60 60 61 34 34 31 31 31 31 31 32 46 46 47 30 30 34 34 28 21 21 23
 5 5 6 3 3 3 5 5 5 5 5 5 5 8 14 14 16 16 22 28 28 32 32 32 44 44 43 30 30 24 21 21 24 24 21 19 19 20 23 23 37 37 34 23 23 23
 5 5 6 3 3 3 5 5 5 5 5 5 5 8 14 14 16 16 22 28 28 32 32 32 44 44 43 30 30 24 21 21 24 24 21 19 19 20 23 23 37 37 34 23 23 23
 5 5 6 3 3 3 3 3 3 3 3 4 4 6 9 9 18 18 16 16 16 26 29 29 62 62 55 39 39 19 21 21 22 22 22 21 21 21 22 22 32 32 32 26 26 29
 4 4 4 4 4 3 4 4 3 3 3 4 4 6 8 8 18 18 17 19 19 18 22 22 62 62 44 38 38 20 22 22 22 22 24 26 26 25 27 27 32 32 31 34 34 37
 4 4 4 4 4 3 4 4 3 3 3 4 4 6 8 8 18 18 17 19 19 18 22 22 62 62 44 38 38 20 22 22 22 22 24 26 26 25 27 27 32 32 31 34 34 37
 4 4 4 5 5 4 4 4 4 4 4 4 4 5 7 7 16 16 18 20 20 20 20 20 35 35 43 43 43 52 23 23 23 23 24 26 26 25 29 29 30 30 32 38 38 41
 4 4 4 5 5 4 4 4 4 4 4 4 4 5 7 7 16 16 18 20 20 20 20 20 35 35 43 43 43 52 23 23 23 23 24 26 26 25 29 29 30 30 32 38 38 41
 3 3 3 4 4 4 4 4 4 4 6 5 5 5 11 11 15 15 18 20 20 20 20 20 25 25 26 26 26 31 23 23 22 22 23 25 25 24 27 27 30 30 39 41 41 38
 3 3 3 4 4 5 4 4 4 4 10 15 15 7 8 8 13 13 18 19 19 21 20 20 20 20 23 19 19 21 21 21 21 21 23 23 23 22 25 25 28 28 36 44 44 42
 3 3 3 4 4 5 4 4 4 4 10 15 15 7 8 8 13 13 18 19 19 21 20 20 20 20 23 19 19 21 21 21 21 21 23 23 23 22 25 25 28 28 36 44 44 42
 4 4 4 5 5 10 6 6 8 8 8 11 11 8 9 9 16 16 21 21 21 21 21 21 18 18 21 21 21 16 17 17 19 19 22 22 22 25 25 25 30 30 35 41 41 43
 4 4 4 6 6 12 9 9 10 10 14 12 12 14 15 15 16 16 45 34 34 29 18 18 15 15 17 17 17 17 16 16 17 17 21 22 22 24 24 24 28 28 31 34 34 37
 4 4 4 6 6 12 9 9 10 10 14 12 12 14 15 15 16 16 45 34 34 29 18 18 15 15 17 17 17 17 16 16 17 17 21 22 22 24 24 24 28 28 31 34 34 37
 4 4 5 6 6 13 13 13 12 12 13 17 17 19 14 14 21 21 22 36 36 28 18 18 11 11 11 15 15 19 16 16 19 19 20 22 22 24 26 26 30 30 29 32 32 34
 4 4 5 6 6 13 13 13 12 12 13 17 17 19 14 14 21 21 22 36 36 28 18 18 11 11 11 15 15 19 16 16 19 19 20 22 22 24 26 26 30 30 29 32 32 34
 6 6 7 7 7 9 10 10 9 9 9 15 15 18 22 22 24 24 21 18 18 16 11 11 10 10 10 13 13 18 23 23 20 20 22 27 27 30 31 31 27 27 30 30 30 35
 7 7 8 9 9 9 10 10 9 9 10 8 8 10 12 12 15 15 20 12 12 12 10 10 10 10 10 14 14 35 44 44 19 19 21 27 27 29 27 27 25 25 34 32 32 34
 7 7 8 9 9 9 10 10 9 9 10 8 8 10 12 12 15 15 20 12 12 12 10 10 10 10 10 14 14 35 44 44 19 19 21 27 27 29 27 27 25 25 34 32 32 34
 7 7 7 9 9 10 9 9 8 8 9 7 7 8 13 13 14 14 22 11 11 10 11 11 10 10 10 13 13 22 24 24 45 45 26 25 25 27 24 24 21 21 22 25 25 27
 7 7 7 8 8 9 8 8 8 8 9 9 9 9 10 10 11 11 18 15 15 10 16 16 11 11 11 14 14 14 23 23 44 44 28 24 24 23 17 17 20 20 16 14 14 18
 7 7 7 8 8 9 8 8 8 8 9 9 9 9 10 10 11 11 18 15 15 10 16 16 11 11 11 14 14 14 23 23 44 44 28 24 24 23 17 17 20 20 16 14 14 18
 5 5 7 8 8 10 9 9 10 10 16 16 16 17 15 15 14 14 18 16 16 12 10 10 12 12 12 12 12 14 35 35 35 35 38 23 23 21 22 22 19 19 14 14 14 15
 5 5 7 8 8 10 9 9 10 10 16 16 16 17 15 15 14 14 18 16 16 12 10 10 12 12 12 12 12 14 35 35 35 35 38 23 23 21 22 22 19 19 14 14 14 15
 5 5 7 8 8 12 15 15 17 17 23 19 19 18 22 22 20 20 21 24 24 17 14 14 13 13 15 14 14 15 24 24 38 38 41 24 24 22 23 23 19 19 15 15 15 17
 6 6 8 9 9 11 13 13 19 19 20 15 15 16 24 24 23 23 31 26 26 28 20 20 20 20 21 22 22 16 27 27 30 30 27 31 31 34 28 28 19 19 16 15 15 16
 6 6 8 9 9 11 13 13 19 19 20 15 15 16 24 24 23 23 31 26 26 28 20 20 20 20 21 22 22 16 27 27 30 30 27 31 31 34 28 28 19 19 16 15 15 16
 10 10 14 12 12 13 18 18 20 20 16 18 18 19 24 24 32 32 37 32 32 32 32 32 29 29 27 28 28 29 29 29 44 44 31 56 56 54 28 28 18 18 19 16 16 16
 12 12 16 17 17 17 17 17 16 16 17 22 22 30 38 38 43 43 35 36 36 27 26 26 24 24 18 18 18 28 32 32 29 29 30 52 52 41 31 31 23 23 24 39 39 21
 12 12 16 17 17 17 17 17 16 16 17 22 22 30 38 38 43 43 35 36 36 27 26 26 24 24 18 18 18 28 32 32 29 29 30 52 52 41 31 31 23 23 24 39 39 21
 12 12 13 17 17 18 18 18 20 20 24 34 34 49 39 39 45 45 45 44 44 36 19 19 20 20 20 20 20 24 33 33 27 27 39 52 52 29 30 30 27 27 32 37 37 20
 12 12 13 17 17 18 18 18 20 20 24 34 34 49 39 39 45 45 45 44 44 36 19 19 20 20 20 20 20 24 33 33 27 27 39 52 52 29 30 30 27 27 32 37 37 20
 14 14 15 18 18 21 23 23 25 25 33 40 40 40 52 52 44 44 41 34 34 22 18 18 25 25 16 21 21 20 25 25 21 21 38 38 38 48 29 29 18 18 22 15 15 13
 18 18 19 19 19 20 21 21 21 21 26 35 35 38 49 49 45 45 42 34 34 29 24 24 14 14 20 20 20 17 23 23 28 28 27 27 27 50 22 22 15 15 11 11 11 10
 18 18 19 19 19 20 21 21 21 21 26 35 35 38 49 49 45 45 42 34 34 29 24 24 14 14 20 20 20 17 23 23 28 28 27 27 27 50 22 22 15 15 11 11 11 10
 16 16 16 16 16 17 22 22 22 22 26 29 29 35 36 36 38 38 42 40 40 36 22 22 12 12 18 15 15 10 13 13 35 35 25 19 19 16 9 9 11 11 11 9 9 8
 21 21 21 22 22 22 24 24 25 25 30 32 32 34 43 43 51 51 62 60 60 37 32 32 13 13 10 13 13 14 14 14 33 33 22 19 19 11 12 12 11 11 10 12 12 9
 21 21 21 22 22 22 24 24 25 25 30 32 32 34 43 43 51 51 62 60 60 37 32 32 13 13 10 13 13 14 14 14 33 33 22 19 19 11 12 12 11 11 10 12 12 9
 21 21 22 23 23 24 26 26 27 27 32 35 35 35 43 43 58 58 68 70 70 62 55 55 32 32 11 12 12 18 13 13 11 11 17 19 19 15 16 16 15 15 12 15 15 9
 21 21 22 23 23 24 26 26 27 27 32 35 35 35 43 43 58 58 68 70 70 62 55 55 32 32 11 12 12 18 13 13 11 11 17 19 19 15 16 16 15 15 12 15 15 9
 24 24 26 27 27 27 30 30 33 33 36 35 35 40 46 46 47 47 49 50 50 51 57 57 35 35 29 13 13 20 14 14 14 14 11 9 9 22 16 16 16 16 17 19 19 6
 26 26 28 30 30 31 33 33 35 35 39 38 38 49 48 48 38 38 37 41 41 38 37 37 33 33 18 13 13 20 12 12 14 14 9 10 10 17 10 10 15 15 20 18 18 24
 26 26 28 30 30 31 33 33 35 35 39 38 38 49 48 48 38 38 37 41 41 38 37 37 33 33 18 13 13 20 12 12 14 14 9 10 10 17 10 10 15 15 20 18 18 24
 25 25 29 33 33 34 33 33 35 35 37 35 35 46 38 38 33 33 30 31 31 36 38 38 37 37 20 12 12 10 14 14 14 14 13 13 13 12 5 5 8 8 8 8 8 14
 25 25 27 30 30 31 31 31 31 31 29 27 27 28 35 35 31 31 27 30 30 39 40 40 45 45 21 16 16 11 11 11 13 13 12 11 11 9 10 10 9 9 4 5 5 8
 25 25 27 30 30 31 31 31 31 31 29 27 27 28 35 35 31 31 27 30 30 39 40 40 45 45 21 16 16 11 11 11 13 13 12 11 11 9 10 10 9 9 4 5 5 8
 23 23 22 23 23 25 29 29 28 28 29 31 31 36 36 36 36 36 22 24 24 25 32 32 34 34 21 15 15 11 10 10 7 7 15 13 13 11 10 10 6 6 5 5 5 6
 23 23 22 23 23 25 29 29 28 28 29 31 31 36 36 36 36 36 22 24 24 25 32 32 34 34 21 15 15 11 10 10 7 7 15 13 13 11 10 10 6 6 5 5 5 6
 22 22 23 19 19 22 24 24 24 24 28 31 31 34 43 43 48 48 39 33 33 23 22 22 22 22 18 14 14 10 8 8 6 6 12 15 15 13 15 15 5 5 4 3 3 5
 22 22 21 23 23 20 20 20 21 21 29 31 31 34 37 37 44 44 38 40 40 38 37 37 30 30 19 13 13 10 9 9 6 6 6 4 4 11 10 10 6 6 4 3 3 2
 22 22 21 23 23 20 20 20 21 21 29 31 31 34 37 37 44 44 38 40 40 38 37 37 30 30 19 13 13 10 9 9 6 6 6 4 4 11 10 10 6 6 4 3 3 2
 20 20 24 23 23 20 19 19 23 23 25 30 30 36 36 36 49 49 46 53 53 52 55 55 51 51 40 21 21 13 10 10 8 8 5 5 5 5 8 8 6 6 6 3 3 2
 31 31 28 22 22 18 16 16 18 18 19 25 25 31 34 34 50 50 43 54 54 53 67 67 54 54 39 29 29 20 14 14 14 14 10 6 6 5 8 8 6 6 9 5 5 3
