assets/RAT_results_old/precipitation/2019-04-29_IMERG.asc
ncols        46
nrows        77
xllcorner    74.800261325624
yllcorner    8.058333333333
cellsize     0.062500000000
NODATA_value -9999
 4 4 6 5 5 5 7 7 12 12 15 17 17 13 11 11 6 6 4 4 4 3 3 3 6 6 29 13 13 4 1 1 3 3 3 3 3 5 3 3 2 2 0 1 1 0
 5 5 5 5 5 5 9 9 18 18 29 25 25 16 12 12 9 9 5 5 5 3 4 4 4 4 20 15 15 5 2 2 1 1 4 3 3 3 2 2 2 2 0 0 0 0
 5 5 5 5 5 5 9 9 18 18 29 25 25 16 12 12 9 9 5 5 5 3 4 4 4 4 20 15 15 5 2 2 1 1 4 3 3 3 2 2 2 2 0 0 0 0
 8 8 7 6 6 6 13 13 25 25 48 44 44 22 14 14 9 9 6 6 6 5 4 4 3 3 12 12 12 3 1 1 1 1 3 0 0 1 1 1 0 0 0 0 0 1
 10 10 10 10 10 10 22 22 45 45 48 39 39 27 24 24 10 10 8 8 8 6 4 4 2 2 6 7 7 2 1 1 1 1 0 0 0 0 0 0 1 1 1 0 0 0
 10 10 10 10 10 10 22 22 45 45 48 39 39 27 24 24 10 10 8 8 8 6 4 4 2 2 6 7 7 2 1 1 1 1 0 0 0 0 0 0 1 1 1 0 0 0
 10 10 11 11 11 12 28 28 54 54 53 26 26 22 21 21 12 12 9 12 12 8 5 5 2 2 3 4 4 1 0 0 0 0 0 0 0 0 0 0 0 0 1 0 0 1
 10 10 11 11 11 12 28 28 54 54 53 26 26 22 21 21 12 12 9 12 12 8 5 5 2 2 3 4 4 1 0 0 0 0 0 0 0 0 0 0 0 0 1 0 0 1
 11 11 15 17 17 21 54 54 53 53 49 27 27 19 20 20 20 20 17 17 17 11 10 10 5 5 3 3 3 1 0 0 0 0 0 0 0 0 0 0 0 0 1 1 1 1
 12 12 16 19 19 26 51 51 54 54 34 27 27 22 28 28 22 22 28 20 20 19 14 14 9 9 6 3 3 2 0 0 0 0 0 0 0 0 0 0 0 0 1 2 2 2
 12 12 16 19 19 26 51 51 54 54 34 27 27 22 28 28 22 22 28 20 20 19 14 14 9 9 6 3 3 2 0 0 0 0 0 0 0 0 0 0 0 0 1 2 2 2
 12 12 16 20 20 26 48 48 58 58 64 57 57 33 44 44 29 29 28 27 27 30 20 20 12 12 11 8 8 2 0 0 0 0 0 0 0 0 1 1 1 1 2 2 2 2
 13 13 12 23 23 30 29 29 54 54 69 54 54 34 45 45 41 41 37 30 30 29 22 22 19 19 14 9 9 5 4 4 1 1 0 0 0 1 1 1 4 4 5 4 4 3
 13 13 12 23 23 30 29 29 54 54 69 54 54 34 45 45 41 41 37 30 30 29 22 22 19 19 14 9 9 5 4 4 1 1 0 0 0 1 1 1 4 4 5 4 4 3
 17 17 14 21 21 30 29 29 74 74 72 35 35 36 45 45 38 38 32 33 33 32 23 23 20 20 17 11 11 11 6 6 2 2 2 1 1 1 1 1 2 2 5 4 4 1
 17 17 14 21 21 30 29 29 74 74 72 35 35 36 45 45 38 38 32 33 33 32 23 23 20 20 17 11 11 11 6 6 2 2 2 1 1 1 1 1 2 2 5 4 4 1
 15 15 11 13 13 12 22 22 69 69 73 51 51 48 41 41 25 25 26 29 29 31 22 22 15 15 13 14 14 13 11 11 8 8 4 4 4 1 0 0 0 0 1 1 1 1
 13 13 10 13 13 8 24 24 65 65 65 49 49 35 30 30 15 15 16 20 20 20 18 18 18 18 15 25 25 23 23 23 22 22 7 3 3 0 0 0 0 0 0 1 1 1
 13 13 10 13 13 8 24 24 65 65 65 49 49 35 30 30 15 15 16 20 20 20 18 18 18 18 15 25 25 23 23 23 22 22 7 3 3 0 0 0 0 0 0 1 1 1
 14 14 11 9 9 8 18 18 7 7 19 21 21 19 14 14 15 15 16 20 20 13 17 17 13 13 22 20 20 18 24 24 23 23 3 1 1 1 0 0 0 0 0 1 1 1
 13 13 9 7 7 6 5 5 5 5 16 18 18 20 12 12 20 20 14 16 16 13 16 16 10 10 11 15 15 19 12 12 11 11 2 1 1 0 0 0 0 0 0 0 0 1
 13 13 9 7 7 6 5 5 5 5 16 18 18 20 12 12 20 20 14 16 16 13 16 16 10 10 11 15 15 19 12 12 11 11 2 1 1 0 0 0 0 0 0 0 0 1
 12 12 7 5 5 3 2 2 2 2 12 14 14 15 10 10 17 17 8 11 11 9 14 14 13 13 15 12 12 13 3 3 3 3 1 1 1 1 0 0 0 0 1 1 1 1
 12 12 7 5 5 3 2 2 2 2 12 14 14 15 10 10 17 17 8 11 11 9 14 14 13 13 15 12 12 13 3 3 3 3 1 1 1 1 0 0 0 0 1 1 1 1
 9 9 3 1 1 1 1 1 1 1 10 11 11 12 10 10 12 12 7 6 6 5 14 14 6 6 4 2 2 2 2 2 2 2 1 2 2 2 3 3 3 3 3 3 3 2
 11 11 6 3 3 2 1 1 1 1 1 11 11 10 13 13 12 12 6 6 6 3 8 8 5 5 2 1 1 1 0 0 1 1 2 4 4 5 5 5 6 6 9 10 10 6
 11 11 6 3 3 2 1 1 1 1 1 11 11 10 13 13 12 12 6 6 6 3 8 8 5 5 2 1 1 1 0 0 1 1 2 4 4 5 5 5 6 6 9 10 10 6
 11 11 5 2 2 0 1 1 1 1 2 2 2 11 13 13 11 11 6 7 7 4 7 7 7 7 0 0 0 0 0 0 0 0 1 2 2 4 5 5 7 7 11 10 10 10
 5 5 3 1 1 0 1 1 2 2 1 1 1 2 13 13 7 7 7 3 3 2 2 2 1 1 0 0 0 2 0 0 0 0 0 0 0 1 1 1 1 1 3 3 3 3
 5 5 3 1 1 0 1 1 2 2 1 1 1 2 13 13 7 7 7 3 3 2 2 2 1 1 0 0 0 2 0 0 0 0 0 0 0 1 1 1 1 1 3 3 3 3
 1 1 1 1 1 0 0 0 1 1 1 1 1 1 12 12 6 6 10 2 2 2 1 1 1 1 1 1 1 1 0 0 0 0 0 0 0 0 0 0 0 0 0 0 0 0
 1 1 1 1 1 0 0 0 1 1 1 1 1 1 12 12 6 6 10 2 2 2 1 1 1 1 1 1 1 1 0 0 0 0 0 0 0 0 0 0 0 0 0 0 0 0
 1 1 1 0 0 0 0 0 1 1 1 2 2 3 13 13 13 13 9 1 1 1 1 1 1 1 1 0 0 0 0 0 0 0 0 0 0 0 0 0 0 0 0 0 0 0
 1 1 1 1 1 1 1 1 1 1 3 3 3 3 13 13 14 14 12 2 2 1 1 1 1 1 0 0 0 0 0 0 0 0 0 0 0 0 0 0 0 0 0 0 0 0
 1 1 1 1 1 1 1 1 1 1 3 3 3 3 13 13 14 14 12 2 2 1 1 1 1 1 0 0 0 0 0 0 0 0 0 0 0 0 0 0 0 0 0 0 0 0
 1 1 1 2 2 2 1 1 1 1 2 3 3 3 14 14 16 16 14 12 12 2 2 2 2 2 1 1 1 0 0 0 1 1 0 0 0 1 1 1 1 1 0 0 0 0
 1 1 2 3 3 2 2 2 3 3 4 7 7 5 7 7 18 18 12 13 13 3 2 2 2 2 2 1 1 1 1 1 1 1 0 1 1 1 2 2 2 2 2 1 1 0
 1 1 2 3 3 2 2 2 3 3 4 7 7 5 7 7 18 18 12 13 13 3 2 2 2 2 2 1 1 1 1 1 1 1 0 1 1 1 2 2 2 2 2 1 1 0
 4 4 5 6 6 7 7 7 6 6 7 7 7 5 4 4 13 13 7 7 7 5 3 3 3 3 2 1 1 1 3 3 1 1 1 1 1 2 3 3 3 3 3 3 3 2
 4 4 5 6 6 7 7 7 6 6 7 7 7 5 4 4 13 13 7 7 7 5 3 3 3 3 2 1 1 1 3 3 1 1 1 1 1 2 3 3 3 3 3 3 3 2
 12 12 13 13 13 12 11 11 12 12 15 10 10 15 8 8 6 6 3 7 7 6 3 3 2 2 4 2 2 2 2 2 2 2 2 2 2 3 4 4 5 5 6 6 6 6
 20 20 19 18 18 16 13 13 12 12 14 10 10 23 13 13 11 11 4 4 4 4 4 4 6 6 8 6 6 6 4 4 3 3 3 3 3 4 5 5 7 7 9 10 10 10
 20 20 19 18 18 16 13 13 12 12 14 10 10 23 13 13 11 11 4 4 4 4 4 4 6 6 8 6 6 6 4 4 3 3 3 3 3 4 5 5 7 7 9 10 10 10
 21 21 21 18 18 17 15 15 13 13 13 9 9 47 17 17 15 15 3 4 4 5 5 5 5 5 7 4 4 17 10 10 9 9 8 6 6 5 6 6 8 8 10 11 11 11
 20 20 21 19 19 17 15 15 12 12 11 10 10 149 80 80 71 71 2 2 2 4 6 6 8 8 9 5 5 15 9 9 7 7 13 6 6 8 7 7 8 8 10 10 10 10
 20 20 21 19 19 17 15 15 12 12 11 10 10 149 80 80 71 71 2 2 2 4 6 6 8 8 9 5 5 15 9 9 7 7 13 6 6 8 7 7 8 8 10 10 10 10
 16 16 18 19 19 17 16 16 14 14 13 24 24 147 80 80 71 71 5 5 5 5 6 6 8 8 9 8 8 16 13 13 13 13 13 7 7 8 9 9 10 10 13 12 12 11
 16 16 18 19 19 17 16 16 14 14 13 24 24 147 80 80 71 71 5 5 5 5 6 6 8 8 9 8 8 16 13 13 13 13 13 7 7 8 9 9 10 10 13 12 12 11
 14 14 16 17 17 15 14 14 15 15 15 13 13 107 106 106 103 103 6 6 6 6 8 8 9 9 7 19 19 16 14 14 5 5 8 8 8 9 13 13 11 11 12 13 13 15
 12 12 12 13 13 13 13 13 16 16 19 18 18 105 141 141 61 61 24 18 18 14 7 7 4 4 9 6 6 13 13 13 6 6 10 8 8 9 18 18 14 14 15 18 18 16
 12 12 12 13 13 13 13 13 16 16 19 18 18 105 141 141 61 61 24 18 18 14 7 7 4 4 9 6 6 13 13 13 6 6 10 8 8 9 18 18 14 14 15 18 18 16
 14 14 11 11 11 15 14 14 17 17 21 20 20 17 57 57 62 62 64 52 52 47 30 30 4 4 4 8 8 3 2 2 3 3 8 7 7 7 13 13 14 14 14 18 18 14
 14 14 14 11 11 12 11 11 13 13 16 15 15 19 28 28 33 33 12 19 19 27 35 35 3 3 9 21 21 4 5 5 3 3 7 6 6 5 6 6 10 10 9 12 12 8
 14 14 14 11 11 12 11 11 13 13 16 15 15 19 28 28 33 33 12 19 19 27 35 35 3 3 9 21 21 4 5 5 3 3 7 6 6 5 6 6 10 10 9 12 12 8
 12 12 11 8 8 7 6 6 7 7 7 6 6 9 23 23 22 22 24 6 6 11 16 16 9 9 10 11 11 11 15 15 12 12 6 5 5 14 7 7 3 3 3 2 2 2
 12 12 11 8 8 7 6 6 7 7 7 6 6 9 23 23 22 22 24 6 6 11 16 16 9 9 10 11 11 11 15 15 12 12 6 5 5 14 7 7 3 3 3 2 2 2
 14 14 11 10 10 8 7 7 8 8 8 8 8 11 21 21 21 21 21 6 6 11 34 34 24 24 11 10 10 18 26 26 20 20 14 13 13 12 3 3 4 4 4 1 1 1
 13 13 14 14 14 10 9 9 10 10 10 9 9 10 12 12 14 14 15 9 9 10 27 27 23 23 13 14 14 13 26 26 18 18 18 8 8 7 5 5 3 3 2 2 2 2
 13 13 14 14 14 10 9 9 10 10 10 9 9 10 12 12 14 14 15 9 9 10 27 27 23 23 13 14 14 13 26 26 18 18 18 8 8 7 5 5 3 3 2 2 2 2
 10 10 10 10 10 11 12 12 12 12 11 9 9 10 14 14 16 16 19 10 10 18 16 16 86 86 26 18 18 18 21 21 31 31 12 8 8 8 1 1 1 1 1 1 1 1
 8 8 8 9 9 11 12 12 11 11 11 9 9 11 12 12 15 15 16 14 14 18 12 12 22 22 17 7 7 14 9 9 17 17 3 3 3 3 2 2 1 1 1 3 3 1
 8 8 8 9 9 11 12 12 11 11 11 9 9 11 12 12 15 15 16 14 14 18 12 12 22 22 17 7 7 14 9 9 17 17 3 3 3 3 2 2 1 1 1 3 3 1
 12 12 12 12 12 12 12 12 9 9 10 9 9 11 13 13 15 15 16 14 14 14 15 15 23 23 6 6 6 4 4 4 15 15 16 4 4 2 1 1 0 0 0 1 1 1
 12 12 12 12 12 12 12 12 9 9 10 9 9 11 13 13 15 15 16 14 14 14 15 15 23 23 6 6 6 4 4 4 15 15 16 4 4 2 1 1 0 0 0 1 1 1
 25 25 24 23 23 23 18 18 10 10 9 9 9 11 12 12 14 14 14 13 13 15 12 12 9 9 8 13 13 4 5 5 4 4 5 3 3 3 1 1 0 0 0 1 1 1
 100 100 59 69 69 41 19 19 22 22 11 12 12 12 22 22 104 104 93 16 16 20 15 15 1 1 2 8 8 4 4 4 5 5 5 3 3 2 2 2 1 1 0 0 0 1
 100 100 59 69 69 41 19 19 22 22 11 12 12 12 22 22 104 104 93 16 16 20 15 15 1 1 2 8 8 4 4 4 5 5 5 3 3 2 2 2 1 1 0 0 0 1
 97 97 202 194 194 156 76 76 25 25 26 26 26 17 33 33 111 111 97 25 25 23 19 19 1 1 2 8 8 6 6 6 7 7 6 4 4 3 3 3 3 3 1 1 1 1
 215 215 251 102 102 44 33 33 33 33 31 31 31 33 56 56 43 43 35 16 16 15 15 15 4 4 7 6 6 7 10 10 10 10 9 8 8 5 4 4 4 4 5 5 5 3
 215 215 251 102 102 44 33 33 33 33 31 31 31 33 56 56 43 43 35 16 16 15 15 15 4 4 7 6 6 7 10 10 10 10 9 8 8 5 4 4 4 4 5 5 5 3
 262 262 220 188 188 48 36 36 42 42 34 29 29 35 60 60 112 112 62 22 22 17 17 17 6 6 11 14 14 21 35 35 31 31 15 18 18 9 8 8 7 7 9 4 4 2
 262 262 220 188 188 48 36 36 42 42 34 29 29 35 60 60 112 112 62 22 22 17 17 17 6 6 11 14 14 21 35 35 31 31 15 18 18 9 8 8 7 7 9 4 4 2
 218 218 308 47 47 47 36 36 34 34 32 31 31 26 38 38 53 53 57 16 16 9 8 8 9 9 13 17 17 21 10 10 69 69 24 18 18 9 9 9 15 15 5 5 5 4
 207 207 186 69 69 46 29 29 27 27 30 21 21 18 7 7 11 11 16 13 13 7 4 4 5 5 10 15 15 15 11 11 68 68 11 20 20 15 15 15 14 14 13 5 5 4
 207 207 186 69 69 46 29 29 27 27 30 21 21 18 7 7 11 11 16 13 13 7 4 4 5 5 10 15 15 15 11 11 68 68 11 20 20 15 15 15 14 14 13 5 5 4
 73 73 91 39 39 32 28 28 24 24 25 20 20 20 7 7 9 9 11 11 11 8 4 4 3 3 7 13 13 22 19 19 17 17 15 15 15 2 10 10 10 10 10 4 4 4
 45 45 34 29 29 24 30 30 26 26 23 18 18 7 6 6 7 7 7 7 7 5 4 4 6 6 2 9 9 5 4 4 6 6 13 3 3 1 8 8 8 8 1 0 0 0
