assets/RAT_results_old/precipitation/2019-09-24_IMERG.asc
ncols        46
nrows        77
xllcorner    74.800261325624
yllcorner    8.058333333333
cellsize     0.062500000000
NODATA_value -9999
 48 48 41 24 24 14 27 27 30 30 33 24 24 18 9 9 10 10 16 16 16 24 35 35 71 71 62 42 42 11 12 12 2 2 2 2 2 3 4 4 5 5 4 3 3 3
 35 35 32 16 16 19 15 15 12 12 10 9 9 7 11 11 10 10 30 29 29 29 32 32 54 54 54 35 35 16 5 5 2 2 1 1 1 1 1 1 1 1 1 2 2 2
 35 35 32 16 16 19 15 15 12 12 10 9 9 7 11 11 10 10 30 29 29 29 32 32 54 54 54 35 35 16 5 5 2 2 1 1 1 1 1 1 1 1 1 2 2 2
 24 24 16 13 13 11 13 13 15 15 13 12 12 6 12 12 10 10 29 28 28 26 21 21 22 22 25 15 15 20 5 5 1 1 1 1 1 1 0 0 0 0 2 2 2 1
 23 23 17 19 19 8 9 9 16 16 16 12 12 16 11 11 11 11 12 11 11 26 21 21 21 21 27 12 12 9 3 3 1 1 1 1 1 1 1 1 0 0 1 1 1 1
 23 23 17 19 19 8 9 9 16 16 16 12 12 16 11 11 11 11 12 11 11 26 21 21 21 21 27 12 12 9 3 3 1 1 1 1 1 1 1 1 0 0 1 1 1 1
 57 57 25 16 16 13 15 15 21 21 25 18 18 16 12 12 11 11 10 5 5 6 8 8 10 10 8 4 4 1 0 0 1 1 1 1 1 1 0 0 0 0 0 2 2 0
 57 57 25 16 16 13 15 15 21 21 25 18 18 16 12 12 11 11 10 5 5 6 8 8 10 10 8 4 4 1 0 0 1 1 1 1 1 1 0 0 0 0 0 2 2 0
 43 43 11 12 12 16 15 15 25 25 27 23 23 23 13 13 8 8 5 4 4 5 4 4 4 4 2 0 0 0 0 0 0 0 1 1 1 1 0 0 1 1 0 0 0 0
 95 95 10 12 12 11 21 21 23 23 23 28 28 29 11 11 9 9 3 4 4 3 2 2 1 1 0 0 0 0 1 1 1 1 1 1 1 0 0 0 1 1 1 0 0 0
 95 95 10 12 12 11 21 21 23 23 23 28 28 29 11 11 9 9 3 4 4 3 2 2 1 1 0 0 0 0 1 1 1 1 1 1 1 0 0 0 1 1 1 0 0 0
 52 52 9 20 20 25 15 15 15 15 13 35 35 38 19 19 16 16 8 4 4 4 1 1 2 2 1 0 0 1 1 1 1 1 1 1 1 1 0 0 1 1 1 1 1 1
 78 78 13 10 10 28 28 28 29 29 29 30 30 31 11 11 12 12 16 9 9 6 5 5 7 7 3 4 4 2 0 0 2 2 0 1 1 1 0 0 0 0 1 1 1 1
 78 78 13 10 10 28 28 28 29 29 29 30 30 31 11 11 12 12 16 9 9 6 5 5 7 7 3 4 4 2 0 0 2 2 0 1 1 1 0 0 0 0 1 1 1 1
 68 68 95 16 16 21 27 27 28 28 37 33 33 16 26 26 23 23 17 14 14 15 13 13 10 10 7 10 10 8 6 6 3 3 3 2 2 1 2 2 2 2 1 0 0 0
 68 68 95 16 16 21 27 27 28 28 37 33 33 16 26 26 23 23 17 14 14 15 13 13 10 10 7 10 10 8 6 6 3 3 3 2 2 1 2 2 2 2 1 0 0 0
 46 46 108 53 53 26 24 24 28 28 31 39 39 25 28 28 32 32 11 12 12 16 12 12 9 9 8 9 9 12 13 13 11 11 2 2 2 2 3 3 2 2 0 0 0 0
 47 47 80 92 92 29 31 31 37 37 36 43 43 27 37 37 22 22 18 8 8 7 4 4 4 4 7 11 11 10 15 15 6 6 4 2 2 5 7 7 4 4 1 1 1 0
 47 47 80 92 92 29 31 31 37 37 36 43 43 27 37 37 22 22 18 8 8 7 4 4 4 4 7 11 11 10 15 15 6 6 4 2 2 5 7 7 4 4 1 1 1 0
 29 29 55 90 90 58 27 27 38 38 20 27 27 34 25 25 21 21 15 9 9 7 4 4 4 4 6 6 6 12 14 14 4 4 3 2 2 4 3 3 2 2 1 1 1 1
 40 40 48 71 71 78 32 32 26 26 20 27 27 28 17 17 14 14 20 17 17 9 7 7 11 11 6 9 9 9 8 8 6 6 3 2 2 2 1 1 1 1 0 1 1 0
 40 40 48 71 71 78 32 32 26 26 20 27 27 28 17 17 14 14 20 17 17 9 7 7 11 11 6 9 9 9 8 8 6 6 3 2 2 2 1 1 1 1 0 1 1 0
 18 18 46 52 52 56 38 38 23 23 14 15 15 22 16 16 15 15 27 16 16 10 8 8 10 10 8 6 6 9 5 5 7 7 6 1 1 1 1 1 2 2 5 6 6 6
 18 18 46 52 52 56 38 38 23 23 14 15 15 22 16 16 15 15 27 16 16 10 8 8 10 10 8 6 6 9 5 5 7 7 6 1 1 1 1 1 2 2 5 6 6 6
 18 18 38 51 51 35 37 37 26 26 19 2 2 17 13 13 14 14 17 12 12 12 6 6 9 9 10 6 6 7 4 4 5 5 4 2 2 3 3 3 6 6 5 5 5 8
 37 37 41 43 43 24 22 22 11 11 4 2 2 17 10 10 13 13 11 7 7 6 10 10 10 10 9 8 8 8 4 4 3 3 4 3 3 4 3 3 8 8 10 12 12 10
 37 37 41 43 43 24 22 22 11 11 4 2 2 17 10 10 13 13 11 7 7 6 10 10 10 10 9 8 8 8 4 4 3 3 4 3 3 4 3 3 8 8 10 12 12 10
 48 48 45 39 39 56 17 17 10 10 9 5 5 5 5 5 9 9 7 7 7 6 8 8 11 11 10 12 12 4 3 3 2 2 3 3 3 3 3 3 8 8 8 13 13 5
 40 40 40 92 92 77 77 77 13 13 14 4 4 5 3 3 4 4 8 5 5 3 8 8 11 11 12 6 6 6 4 4 2 2 2 2 2 2 4 4 6 6 6 3 3 5
 40 40 40 92 92 77 77 77 13 13 14 4 4 5 3 3 4 4 8 5 5 3 8 8 11 11 12 6 6 6 4 4 2 2 2 2 2 2 4 4 6 6 6 3 3 5
 41 41 32 91 91 90 90 90 40 40 22 4 4 3 3 3 4 4 7 2 2 2 8 8 6 6 5 3 3 3 2 2 1 1 1 2 2 2 4 4 2 2 9 7 7 7
 41 41 32 91 91 90 90 90 40 40 22 4 4 3 3 3 4 4 7 2 2 2 8 8 6 6 5 3 3 3 2 2 1 1 1 2 2 2 4 4 2 2 9 7 7 7
 29 29 34 90 90 54 37 37 28 28 22 5 5 2 3 3 3 3 21 7 7 4 5 5 5 5 4 2 2 1 2 2 1 1 1 2 2 2 2 2 1 1 8 5 5 8
 23 23 26 49 49 59 35 35 39 39 18 16 16 11 18 18 24 24 18 6 6 4 5 5 3 3 3 2 2 1 1 1 1 1 1 1 1 1 1 1 0 0 1 1 1 2
 23 23 26 49 49 59 35 35 39 39 18 16 16 11 18 18 24 24 18 6 6 4 5 5 3 3 3 2 2 1 1 1 1 1 1 1 1 1 1 1 0 0 1 1 1 2
 23 23 41 43 43 60 42 42 44 44 22 25 25 21 7 7 10 10 18 9 9 5 4 4 2 2 1 1 1 0 1 1 1 1 0 0 0 1 0 0 0 0 0 1 1 1
 24 24 52 54 54 62 43 43 44 44 32 26 26 31 35 35 13 13 10 10 10 5 4 4 1 1 1 1 1 0 3 3 3 3 1 2 2 2 2 2 1 1 1 0 0 3
 24 24 52 54 54 62 43 43 44 44 32 26 26 31 35 35 13 13 10 10 10 5 4 4 1 1 1 1 1 0 3 3 3 3 1 2 2 2 2 2 1 1 1 0 0 3
 21 21 44 54 54 39 39 39 35 35 31 25 25 27 27 27 24 24 10 8 8 7 6 6 2 2 1 0 0 4 2 2 2 2 4 6 6 6 5 5 3 3 3 5 5 7
 21 21 44 54 54 39 39 39 35 35 31 25 25 27 27 27 24 24 10 8 8 7 6 6 2 2 1 0 0 4 2 2 2 2 4 6 6 6 5 5 3 3 3 5 5 7
 27 27 45 58 58 53 41 41 30 30 25 26 26 20 21 21 14 14 7 7 7 8 11 11 8 8 4 6 6 9 5 5 5 5 4 5 5 6 7 7 6 6 6 8 8 2
 36 36 46 77 77 56 46 46 21 21 20 28 28 22 37 37 19 19 2 8 8 14 15 15 8 8 4 6 6 11 7 7 7 7 4 5 5 8 6 6 10 10 6 7 7 5
 36 36 46 77 77 56 46 46 21 21 20 28 28 22 37 37 19 19 2 8 8 14 15 15 8 8 4 6 6 11 7 7 7 7 4 5 5 8 6 6 10 10 6 7 7 5
 54 54 68 81 81 40 22 22 16 16 19 21 21 36 35 35 23 23 2 8 8 11 12 12 6 6 3 5 5 6 10 10 8 8 6 7 7 12 8 8 7 7 8 5 5 4
 65 65 75 78 78 34 25 25 15 15 16 18 18 28 36 36 12 12 6 11 11 14 11 11 15 15 2 5 5 8 10 10 9 9 5 6 6 9 9 9 11 11 17 13 13 11
 65 65 75 78 78 34 25 25 15 15 16 18 18 28 36 36 12 12 6 11 11 14 11 11 15 15 2 5 5 8 10 10 9 9 5 6 6 9 9 9 11 11 17 13 13 11
 61 61 73 36 36 28 26 26 14 14 19 20 20 28 36 36 21 21 10 20 20 37 16 16 14 14 6 5 5 8 9 9 5 5 3 5 5 7 8 8 18 18 21 24 24 16
 61 61 73 36 36 28 26 26 14 14 19 20 20 28 36 36 21 21 10 20 20 37 16 16 14 14 6 5 5 8 9 9 5 5 3 5 5 7 8 8 18 18 21 24 24 16
 67 67 61 39 39 36 23 23 15 15 18 21 21 24 24 24 21 21 28 37 37 32 16 16 17 17 9 7 7 11 9 9 6 6 8 10 10 9 8 8 13 13 18 57 57 32
 51 51 50 41 41 38 33 33 27 27 22 22 22 17 16 16 18 18 21 14 14 44 28 28 22 22 9 10 10 15 15 15 15 15 9 10 10 10 8 8 13 13 21 26 26 27
 51 51 50 41 41 38 33 33 27 27 22 22 22 17 16 16 18 18 21 14 14 44 28 28 22 22 9 10 10 15 15 15 15 15 9 10 10 10 8 8 13 13 21 26 26 27
 57 57 64 44 44 51 37 37 36 36 19 19 19 9 9 9 18 18 14 11 11 23 14 14 17 17 14 13 13 16 11 11 16 16 7 8 8 7 8 8 10 10 17 31 31 28
 63 63 60 41 41 41 33 33 31 31 23 27 27 8 7 7 7 7 6 6 6 11 15 15 16 16 16 14 14 12 13 13 11 11 12 12 12 9 7 7 7 7 15 21 21 16
 63 63 60 41 41 41 33 33 31 31 23 27 27 8 7 7 7 7 6 6 6 11 15 15 16 16 16 14 14 12 13 13 11 11 12 12 12 9 7 7 7 7 15 21 21 16
 55 55 45 33 33 33 27 27 21 21 14 21 21 10 15 15 6 6 4 4 4 3 9 9 14 14 13 17 17 18 14 14 11 11 13 13 13 15 12 12 9 9 10 12 12 27
 55 55 45 33 33 33 27 27 21 21 14 21 21 10 15 15 6 6 4 4 4 3 9 9 14 14 13 17 17 18 14 14 11 11 13 13 13 15 12 12 9 9 10 12 12 27
 38 38 28 26 26 20 16 16 17 17 19 28 28 26 16 16 10 10 6 2 2 2 3 3 7 7 9 10 10 15 26 26 29 29 21 19 19 16 14 14 12 12 8 8 8 7
 30 30 27 22 22 17 14 14 11 11 22 22 22 26 11 11 5 5 3 3 3 2 3 3 4 4 9 8 8 8 16 16 30 30 19 9 9 10 9 9 9 9 6 5 5 4
 30 30 27 22 22 17 14 14 11 11 22 22 22 26 11 11 5 5 3 3 3 2 3 3 4 4 9 8 8 8 16 16 30 30 19 9 9 10 9 9 9 9 6 5 5 4
 36 36 43 23 23 14 12 12 13 13 29 31 31 18 7 7 6 6 3 3 3 2 3 3 5 5 13 9 9 4 3 3 10 10 8 5 5 6 2 2 3 3 2 2 2 1
 61 61 36 23 23 17 21 21 40 40 41 51 51 22 11 11 8 8 5 1 1 2 7 7 17 17 3 7 7 3 4 4 4 4 4 5 5 4 6 6 1 1 1 1 1 0
 61 61 36 23 23 17 21 21 40 40 41 51 51 22 11 11 8 8 5 1 1 2 7 7 17 17 3 7 7 3 4 4 4 4 4 5 5 4 6 6 1 1 1 1 1 0
 45 45 30 24 24 29 41 41 47 47 45 47 47 35 16 16 11 11 9 3 3 3 6 6 7 7 4 5 5 4 6 6 2 2 21 9 9 1 1 1 0 0 1 1 1 0
 45 45 30 24 24 29 41 41 47 47 45 47 47 35 16 16 11 11 9 3 3 3 6 6 7 7 4 5 5 4 6 6 2 2 21 9 9 1 1 1 0 0 1 1 1 0
 54 54 35 33 33 39 49 49 54 54 45 37 37 44 26 26 15 15 7 6 6 7 11 11 3 3 7 3 3 21 43 43 36 36 14 2 2 1 1 1 0 0 3 1 1 0
 77 77 59 66 66 54 49 49 44 44 35 38 38 33 23 23 21 21 13 16 16 17 24 24 14 14 12 9 9 9 15 15 18 18 16 2 2 1 0 0 0 0 1 1 1 2
 77 77 59 66 66 54 49 49 44 44 35 38 38 33 23 23 21 21 13 16 16 17 24 24 14 14 12 9 9 9 15 15 18 18 16 2 2 1 0 0 0 0 1 1 1 2
 94 94 76 97 97 108 60 60 42 42 29 29 29 24 24 24 26 26 39 47 47 35 37 37 28 28 12 7 7 6 9 9 5 5 4 3 3 17 5 5 1 1 2 3 3 4
 79 79 96 127 127 158 81 81 73 73 43 33 33 32 27 27 36 36 47 40 40 57 47 47 16 16 4 7 7 1 2 2 4 4 6 4 4 5 5 5 4 4 5 7 7 5
 79 79 96 127 127 158 81 81 73 73 43 33 33 32 27 27 36 36 47 40 40 57 47 47 16 16 4 7 7 1 2 2 4 4 6 4 4 5 5 5 4 4 5 7 7 5
 75 75 81 141 141 144 142 142 93 93 71 61 61 49 43 43 44 44 41 42 42 27 15 15 10 10 3 4 4 1 3 3 3 3 6 10 10 6 5 5 7 7 10 9 9 5
 75 75 81 141 141 144 142 142 93 93 71 61 61 49 43 43 44 44 41 42 42 27 15 15 10 10 3 4 4 1 3 3 3 3 6 10 10 6 5 5 7 7 10 9 9 5
 59 59 128 114 114 130 136 136 76 76 48 53 53 56 46 46 40 40 42 31 31 21 10 10 7 7 4 3 3 2 3 3 4 4 8 12 12 13 11 11 12 12 7 3 3 2
 48 48 83 79 79 86 57 57 48 48 44 59 59 58 57 57 48 48 28 21 21 18 12 12 10 10 9 7 7 5 5 5 5 5 6 7 7 12 14 14 11 11 7 4 4 1
 48 48 83 79 79 86 57 57 48 48 44 59 59 58 57 57 48 48 28 21 21 18 12 12 10 10 9 7 7 5 5 5 5 5 6 7 7 12 14 14 11 11 7 4 4 1
 55 55 58 61 61 66 57 57 62 62 62 71 71 61 58 58 44 44 28 23 23 18 15 15 13 13 11 11 11 7 7 7 8 8 3 7 7 8 9 9 11 11 7 4 4 3
 52 52 55 59 59 61 63 63 76 76 128 75 75 63 39 39 30 30 30 25 25 21 20 20 19 19 18 14 14 12 10 10 4 4 7 8 8 13 14 14 12 12 7 4 4 3
