assets/RAT_results_old/precipitation/2019-07-26_IMERG.asc
ncols        46
nrows        77
xllcorner    74.800261325624
yllcorner    8.058333333333
cellsize     0.062500000000
NODATA_value -9999
 51 51 43 36 36 29 32 32 33 33 28 30 30 22 14 14 14 14 13 12 12 12 10 10 7 7 6 4 4 3 2 2 3 3 3 2 2 2 2 2 2 2 2 2 2 2
 54 54 45 39 39 28 41 41 32 32 26 26 26 23 14 14 13 13 13 9 9 8 7 7 5 5 4 4 4 3 3 3 2 2 3 1 1 1 2 2 2 2 2 1 1 1
 54 54 45 39 39 28 41 41 32 32 26 26 26 23 14 14 13 13 13 9 9 8 7 7 5 5 4 4 4 3 3 3 2 2 3 1 1 1 2 2 2 2 2 1 1 1
 53 53 53 41 41 30 26 26 30 30 26 29 29 13 15 15 13 13 13 11 11 11 8 8 5 5 4 2 2 1 2 2 3 3 3 2 2 1 2 2 2 2 1 1 1 1
 57 57 52 49 49 33 31 31 33 33 34 33 33 24 26 26 15 15 12 10 10 9 7 7 6 6 4 2 2 2 1 1 2 2 2 2 2 1 1 1 1 1 1 2 2 2
 57 57 52 49 49 33 31 31 33 33 34 33 33 24 26 26 15 15 12 10 10 9 7 7 6 6 4 2 2 2 1 1 2 2 2 2 2 1 1 1 1 1 1 2 2 2
 47 47 55 45 45 38 43 43 39 39 41 29 29 22 24 24 19 19 18 14 14 12 6 6 6 6 4 2 2 3 2 2 3 3 3 2 2 1 2 2 2 2 2 2 2 0
 47 47 55 45 45 38 43 43 39 39 41 29 29 22 24 24 19 19 18 14 14 12 6 6 6 6 4 2 2 3 2 2 3 3 3 2 2 1 2 2 2 2 2 2 2 0
 43 43 51 45 45 43 41 41 42 42 39 42 42 36 35 35 35 35 21 19 19 12 10 10 11 11 8 4 4 4 2 2 2 2 2 2 2 2 3 3 2 2 3 2 2 2
 44 44 47 42 42 44 45 45 41 41 40 50 50 45 39 39 35 35 27 27 27 24 19 19 21 21 10 8 8 4 4 4 3 3 4 2 2 4 4 4 4 4 3 2 2 2
 44 44 47 42 42 44 45 45 41 41 40 50 50 45 39 39 35 35 27 27 27 24 19 19 21 21 10 8 8 4 4 4 3 3 4 2 2 4 4 4 4 4 3 2 2 2
 54 54 47 50 50 42 50 50 42 42 41 45 45 44 41 41 43 43 37 38 38 30 20 20 21 21 16 13 13 6 5 5 6 6 5 6 6 6 6 6 4 4 3 2 2 1
 41 41 48 56 56 48 57 57 48 48 44 37 37 37 39 39 35 35 34 39 39 34 23 23 20 20 20 13 13 7 6 6 6 6 6 7 7 7 6 6 4 4 2 2 2 1
 41 41 48 56 56 48 57 57 48 48 44 37 37 37 39 39 35 35 34 39 39 34 23 23 20 20 20 13 13 7 6 6 6 6 6 7 7 7 6 6 4 4 2 2 2 1
 42 42 59 58 58 66 59 59 55 55 44 33 33 41 40 40 30 30 28 30 30 21 20 20 18 18 18 12 12 9 12 12 12 12 10 8 8 7 7 7 4 4 2 2 2 1
 42 42 59 58 58 66 59 59 55 55 44 33 33 41 40 40 30 30 28 30 30 21 20 20 18 18 18 12 12 9 12 12 12 12 10 8 8 7 7 7 4 4 2 2 2 1
 64 64 33 48 48 50 53 53 51 51 43 34 34 23 23 23 19 19 20 27 27 21 19 19 13 13 16 18 18 15 16 16 16 16 16 10 10 9 9 9 3 3 2 1 1 1
 37 37 33 39 39 42 45 45 46 46 47 39 39 26 22 22 20 20 23 20 20 15 14 14 11 11 18 17 17 17 18 18 18 18 18 13 13 12 4 4 3 3 3 1 1 1
 37 37 33 39 39 42 45 45 46 46 47 39 39 26 22 22 20 20 23 20 20 15 14 14 11 11 18 17 17 17 18 18 18 18 18 13 13 12 4 4 3 3 3 1 1 1
 42 42 38 35 35 36 35 35 38 38 34 37 37 30 24 24 17 17 19 18 18 21 17 17 11 11 13 17 17 17 17 17 17 17 16 10 10 9 3 3 3 3 3 0 0 1
 39 39 48 37 37 29 26 26 37 37 32 32 32 33 27 27 19 19 21 18 18 25 16 16 13 13 19 19 19 20 13 13 16 16 9 8 8 8 3 3 3 3 3 1 1 1
 39 39 48 37 37 29 26 26 37 37 32 32 32 33 27 27 19 19 21 18 18 25 16 16 13 13 19 19 19 20 13 13 16 16 9 8 8 8 3 3 3 3 3 1 1 1
 37 37 31 26 26 16 16 16 17 17 18 25 25 28 23 23 19 19 16 30 30 21 18 18 15 15 23 17 17 11 11 11 11 11 6 6 6 6 2 2 2 2 1 1 1 1
 37 37 31 26 26 16 16 16 17 17 18 25 25 28 23 23 19 19 16 30 30 21 18 18 15 15 23 17 17 11 11 11 11 11 6 6 6 6 2 2 2 2 1 1 1 1
 33 33 27 16 16 15 15 15 18 18 20 21 21 28 22 22 17 17 12 14 14 14 20 20 22 22 21 19 19 11 11 11 11 11 4 4 4 3 2 2 2 2 2 2 2 2
 32 32 29 12 12 15 16 16 15 15 15 12 12 13 20 20 15 15 10 10 10 14 13 13 17 17 18 17 17 11 8 8 7 7 3 3 3 3 3 3 3 3 3 2 2 2
 32 32 29 12 12 15 16 16 15 15 15 12 12 13 20 20 15 15 10 10 10 14 13 13 17 17 18 17 17 11 8 8 7 7 3 3 3 3 3 3 3 3 3 2 2 2
 25 25 26 17 17 18 13 13 12 12 8 9 9 12 11 11 15 15 9 7 7 8 9 9 8 8 16 16 16 9 7 7 9 9 3 4 4 3 3 3 4 4 3 3 3 2
 25 25 23 16 16 15 10 10 11 11 6 7 7 10 10 10 15 15 10 7 7 6 6 6 6 6 6 5 5 2 3 3 2 2 3 4 4 4 4 4 4 4 4 3 3 3
 25 25 23 16 16 15 10 10 11 11 6 7 7 10 10 10 15 15 10 7 7 6 6 6 6 6 6 5 5 2 3 3 2 2 3 4 4 4 4 4 4 4 4 3 3 3
 9 9 16 15 15 7 7 7 6 6 5 12 12 15 9 9 12 12 8 7 7 4 3 3 4 4 4 1 1 3 4 4 4 4 5 5 5 5 5 5 4 4 4 3 3 3
 9 9 16 15 15 7 7 7 6 6 5 12 12 15 9 9 12 12 8 7 7 4 3 3 4 4 4 1 1 3 4 4 4 4 5 5 5 5 5 5 4 4 4 3 3 3
 8 8 8 8 8 6 6 6 5 5 6 13 13 12 7 7 13 13 8 4 4 3 2 2 3 3 4 3 3 4 5 5 6 6 6 6 6 6 5 5 4 4 3 3 3 3
 2 2 4 6 6 6 6 6 4 4 7 17 17 14 5 5 6 6 10 6 6 6 3 3 3 3 4 4 4 5 6 6 7 7 7 6 6 6 5 5 4 4 3 2 2 3
 2 2 4 6 6 6 6 6 4 4 7 17 17 14 5 5 6 6 10 6 6 6 3 3 3 3 4 4 4 5 6 6 7 7 7 6 6 6 5 5 4 4 3 2 2 3
 2 2 4 4 4 5 2 2 2 2 5 12 12 15 4 4 7 7 10 8 8 8 4 4 5 5 6 6 6 7 7 7 7 7 6 5 5 5 4 4 3 3 3 2 2 2
 2 2 3 3 3 3 2 2 3 3 11 12 12 8 4 4 5 5 8 10 10 10 8 8 8 8 9 10 10 9 8 8 6 6 6 6 6 5 4 4 3 3 3 2 2 2
 2 2 3 3 3 3 2 2 3 3 11 12 12 8 4 4 5 5 8 10 10 10 8 8 8 8 9 10 10 9 8 8 6 6 6 6 6 5 4 4 3 3 3 2 2 2
 3 3 3 3 3 3 2 2 4 4 4 6 6 5 5 5 7 7 9 10 10 11 11 11 10 10 11 11 11 10 8 8 7 7 6 6 6 5 4 4 3 3 3 2 2 1
 3 3 3 3 3 3 2 2 4 4 4 6 6 5 5 5 7 7 9 10 10 11 11 11 10 10 11 11 11 10 8 8 7 7 6 6 6 5 4 4 3 3 3 2 2 1
 3 3 4 3 3 3 3 3 4 4 5 6 6 5 6 6 8 8 10 13 13 9 13 13 13 13 14 13 13 11 8 8 7 7 5 4 4 4 3 3 2 2 2 2 2 1
 3 3 4 4 4 3 3 3 4 4 6 6 6 7 6 6 6 6 7 8 8 11 16 16 16 16 16 14 14 10 8 8 6 6 5 4 4 4 2 2 2 2 2 2 2 1
 3 3 4 4 4 3 3 3 4 4 6 6 6 7 6 6 6 6 7 8 8 11 16 16 16 16 16 14 14 10 8 8 6 6 5 4 4 4 2 2 2 2 2 2 2 1
 4 4 4 4 4 4 6 6 6 6 6 7 7 6 6 6 5 5 5 6 6 16 18 18 16 16 15 13 13 9 7 7 6 6 5 4 4 4 4 4 3 3 2 1 1 1
 5 5 5 6 6 6 7 7 8 8 6 6 6 5 6 6 5 5 5 6 6 9 19 19 18 18 14 12 12 9 6 6 5 5 4 3 3 4 3 3 2 2 1 0 0 0
 5 5 5 6 6 6 7 7 8 8 6 6 6 5 6 6 5 5 5 6 6 9 19 19 18 18 14 12 12 9 6 6 5 5 4 3 3 4 3 3 2 2 1 0 0 0
 4 4 5 5 5 6 6 6 5 5 5 5 5 6 6 6 5 5 5 8 8 9 10 10 17 17 14 11 11 8 6 6 5 5 3 2 2 2 2 2 1 1 1 0 0 0
 4 4 5 5 5 6 6 6 5 5 5 5 5 6 6 6 5 5 5 8 8 9 10 10 17 17 14 11 11 8 6 6 5 5 3 2 2 2 2 2 1 1 1 0 0 0
 4 4 4 4 4 4 4 4 4 4 4 5 5 6 6 6 5 5 5 8 8 10 10 10 15 15 14 11 11 8 6 6 4 4 2 1 1 1 1 1 1 1 0 0 0 0
 4 4 4 3 3 4 4 4 5 5 5 6 6 7 6 6 5 5 4 5 5 9 8 8 16 16 12 9 9 7 5 5 3 3 2 1 1 1 0 0 1 1 0 0 0 0
 4 4 4 3 3 4 4 4 5 5 5 6 6 7 6 6 5 5 4 5 5 9 8 8 16 16 12 9 9 7 5 5 3 3 2 1 1 1 0 0 1 1 0 0 0 0
 4 4 4 3 3 4 5 5 6 6 6 6 6 6 5 5 4 4 3 6 6 7 8 8 17 17 13 7 7 4 3 3 2 2 1 0 0 0 0 0 0 0 0 0 0 0
 4 4 4 4 4 5 5 5 5 5 6 5 5 4 3 3 3 3 2 2 2 7 9 9 16 16 10 5 5 3 2 2 1 1 1 0 0 0 0 0 0 0 0 0 0 0
 4 4 4 4 4 5 5 5 5 5 6 5 5 4 3 3 3 3 2 2 2 7 9 9 16 16 10 5 5 3 2 2 1 1 1 0 0 0 0 0 0 0 0 0 0 0
 4 4 5 5 5 5 5 5 5 5 4 4 4 3 3 3 2 2 3 8 8 6 8 8 10 10 7 3 3 2 3 3 3 3 1 1 1 0 0 0 0 0 0 0 0 0
 4 4 5 5 5 5 5 5 5 5 4 4 4 3 3 3 2 2 3 8 8 6 8 8 10 10 7 3 3 2 3 3 3 3 1 1 1 0 0 0 0 0 0 0 0 0
 5 5 5 5 5 5 4 4 4 4 3 3 3 3 3 3 2 2 2 5 5 5 6 6 6 6 5 2 2 1 1 1 1 1 1 0 0 0 0 0 0 0 0 0 0 0
 4 4 4 4 4 4 3 3 3 3 2 2 2 2 2 2 2 2 4 4 4 2 4 4 3 3 5 2 2 1 1 1 1 1 1 1 1 1 1 1 0 0 0 0 0 0
 4 4 4 4 4 4 3 3 3 3 2 2 2 2 2 2 2 2 4 4 4 2 4 4 3 3 5 2 2 1 1 1 1 1 1 1 1 1 1 1 0 0 0 0 0 0
 3 3 2 2 2 3 3 3 2 2 2 2 2 1 1 1 1 1 3 2 2 1 3 3 3 3 3 3 3 1 1 1 1 1 0 0 0 0 0 0 0 0 0 0 0 0
 3 3 3 2 2 2 2 2 2 2 1 1 1 1 1 1 1 1 1 1 1 0 0 0 3 3 1 4 4 2 0 0 0 0 0 0 0 0 0 0 0 0 0 0 0 0
 3 3 3 2 2 2 2 2 2 2 1 1 1 1 1 1 1 1 1 1 1 0 0 0 3 3 1 4 4 2 0 0 0 0 0 0 0 0 0 0 0 0 0 0 0 0
 2 2 2 1 1 1 1 1 1 1 1 1 1 1 1 1 1 1 0 1 1 1 1 1 2 2 2 3 3 2 0 0 0 0 0 0 0 0 0 0 0 0 0 0 0 0
 2 2 2 1 1 1 1 1 1 1 1 1 1 1 1 1 1 1 0 1 1 1 1 1 2 2 2 3 3 2 0 0 0 0 0 0 0 0 0 0 0 0 0 0 0 0
 1 1 1 1 1 1 1 1 1 1 1 2 2 1 1 1 1 1 1 1 1 1 1 1 1 1 2 2 2 1 1 1 0 0 0 0 0 0 0 0 0 0 0 0 0 0
 1 1 1 1 1 1 1 1 2 2 2 1 1 1 1 1 1 1 2 1 1 1 1 1 1 1 2 2 2 1 1 1 0 0 0 0 0 0 0 0 0 0 0 0 0 0
 1 1 1 1 1 1 1 1 2 2 2 1 1 1 1 1 1 1 2 1 1 1 1 1 1 1 2 2 2 1 1 1 0 0 0 0 0 0 0 0 0 0 0 0 0 0
 1 1 1 1 1 1 1 1 1 1 2 2 2 2 2 2 2 2 2 1 1 2 2 2 1 1 1 2 2 3 0 0 0 0 0 0 0 0 0 0 0 0 0 0 0 0
 1 1 1 1 1 1 1 1 1 1 2 2 2 2 2 2 2 2 2 1 1 2 2 2 1 1 2 2 2 4 1 1 1 1 0 0 0 0 0 0 0 0 1 0 0 0
 1 1 1 1 1 1 1 1 1 1 2 2 2 2 2 2 2 2 2 1 1 2 2 2 1 1 2 2 2 4 1 1 1 1 0 0 0 0 0 0 0 0 1 0 0 0
 1 1 1 1 1 1 0 0 0 0 0 0 0 0 2 2 2 2 2 2 2 2 2 2 2 2 2 2 2 2 2 2 1 1 2 1 1 0 0 0 0 0 0 0 0 0
 1 1 1 1 1 1 0 0 0 0 0 0 0 0 2 2 2 2 2 2 2 2 2 2 2 2 2 2 2 2 2 2 1 1 2 1 1 0 0 0 0 0 0 0 0 0
 1 1 1 1 1 0 0 0 0 0 0 0 0 0 2 2 2 2 2 2 2 2 2 2 2 2 2 2 2 2 0 0 1 1 0 0 0 0 0 0 0 0 0 0 0 0
 0 0 0 0 0 0 1 1 1 1 1 1 1 1 2 2 0 0 0 0 0 2 2 2 2 2 2 2 2 2 0 0 0 0 1 1 1 2 1 1 1 1 0 0 0 0
 0 0 0 0 0 0 1 1 1 1 1 1 1 1 2 2 0 0 0 0 0 2 2 2 2 2 2 2 2 2 0 0 0 0 1 1 1 2 1 1 1 1 0 0 0 0
 1 1 1 1 1 1 1 1 1 1 2 2 2 1 1 1 1 1 1 1 1 1 1 1 1 1 2 2 2 2 2 2 0 0 1 1 1 2 1 1 2 2 1 0 0 0
 1 1 1 1 1 1 1 1 2 2 2 1 1 1 1 1 1 1 0 0 0 1 1 1 1 1 2 2 2 2 2 2 0 0 0 0 0 1 2 2 2 2 1 0 0 0
