assets/RAT_results_old/precipitation/2019-07-04_IMERG.asc
ncols        46
nrows        77
xllcorner    74.800261325624
yllcorner    8.058333333333
cellsize     0.062500000000
NODATA_value -9999
 8 8 8 4 4 9 22 22 14 14 23 29 29 26 9 9 5 5 1 0 0 0 0 0 0 0 0 0 0 0 0 0 0 0 0 0 0 0 1 1 1 1 1 0 0 0
 6 6 7 7 7 7 7 7 10 10 23 12 12 4 3 3 2 2 1 1 1 0 0 0 0 0 0 0 0 0 0 0 0 0 0 0 0 1 0 0 0 0 0 0 0 0
 6 6 7 7 7 7 7 7 10 10 23 12 12 4 3 3 2 2 1 1 1 0 0 0 0 0 0 0 0 0 0 0 0 0 0 0 0 1 0 0 0 0 0 0 0 0
 5 5 6 5 5 3 4 4 3 3 8 6 6 1 1 1 0 0 0 0 0 0 0 0 0 0 0 0 0 0 0 0 0 0 0 0 0 0 0 0 0 0 0 0 0 0
 0 0 4 4 4 3 8 8 25 25 2 0 0 0 1 1 0 0 0 0 0 0 0 0 0 0 0 4 4 2 0 0 0 0 0 0 0 0 0 0 0 0 0 0 0 0
 0 0 4 4 4 3 8 8 25 25 2 0 0 0 1 1 0 0 0 0 0 0 0 0 0 0 0 4 4 2 0 0 0 0 0 0 0 0 0 0 0 0 0 0 0 0
 0 0 1 2 2 3 3 3 4 4 2 3 3 6 2 2 2 2 0 1 1 1 3 3 0 0 0 0 0 0 0 0 0 0 0 0 0 0 0 0 0 0 0 0 0 0
 0 0 1 2 2 3 3 3 4 4 2 3 3 6 2 2 2 2 0 1 1 1 3 3 0 0 0 0 0 0 0 0 0 0 0 0 0 0 0 0 0 0 0 0 0 0
 0 0 1 3 3 3 1 1 5 5 3 3 3 5 3 3 7 7 0 0 0 1 1 1 0 0 0 0 0 0 0 0 0 0 0 0 0 0 0 0 0 0 0 0 0 0
 0 0 0 2 2 4 5 5 4 4 4 4 4 1 4 4 6 6 3 0 0 0 0 0 5 5 6 0 0 0 0 0 0 0 0 0 0 0 0 0 0 0 0 1 1 1
 0 0 0 2 2 4 5 5 4 4 4 4 4 1 4 4 6 6 3 0 0 0 0 0 5 5 6 0 0 0 0 0 0 0 0 0 0 0 0 0 0 0 0 1 1 1
 0 0 1 1 1 3 4 4 3 3 2 1 1 4 2 2 4 4 1 0 0 3 4 4 5 5 9 4 4 0 0 0 0 0 0 0 0 0 0 0 0 0 0 0 0 0
 0 0 1 1 1 2 4 4 3 3 6 4 4 2 1 1 1 1 6 5 5 4 1 1 1 1 3 0 0 0 0 0 0 0 0 0 0 0 0 0 0 0 0 0 0 0
 0 0 1 1 1 2 4 4 3 3 6 4 4 2 1 1 1 1 6 5 5 4 1 1 1 1 3 0 0 0 0 0 0 0 0 0 0 0 0 0 0 0 0 0 0 0
 1 1 1 2 2 4 5 5 4 4 1 1 1 0 0 0 0 0 3 1 1 2 4 4 1 1 0 0 0 0 0 0 0 0 0 0 0 0 0 0 0 0 0 1 1 0
 1 1 1 2 2 4 5 5 4 4 1 1 1 0 0 0 0 0 3 1 1 2 4 4 1 1 0 0 0 0 0 0 0 0 0 0 0 0 0 0 0 0 0 1 1 0
 1 1 1 3 3 5 6 6 8 8 9 4 4 1 2 2 1 1 1 1 1 1 5 5 0 0 0 0 0 0 0 0 0 0 0 0 0 0 0 0 0 0 0 0 0 0
 0 0 0 1 1 4 7 7 5 5 8 9 9 4 9 9 16 16 8 6 6 5 0 0 0 0 0 0 0 0 0 0 0 0 0 0 0 0 0 0 0 0 0 0 0 0
 0 0 0 1 1 4 7 7 5 5 8 9 9 4 9 9 16 16 8 6 6 5 0 0 0 0 0 0 0 0 0 0 0 0 0 0 0 0 0 0 0 0 0 0 0 0
 3 3 0 1 1 1 3 3 3 3 4 7 7 7 10 10 10 10 17 24 24 21 8 8 1 1 0 0 0 0 0 0 1 1 1 0 0 0 0 0 0 0 0 0 0 0
 4 4 2 1 1 1 2 2 2 2 2 7 7 8 5 5 8 8 19 14 14 42 5 5 1 1 0 0 0 0 0 0 0 0 0 1 1 1 0 0 0 0 0 0 0 0
 4 4 2 1 1 1 2 2 2 2 2 7 7 8 5 5 8 8 19 14 14 42 5 5 1 1 0 0 0 0 0 0 0 0 0 1 1 1 0 0 0 0 0 0 0 0
 5 5 4 3 3 1 1 1 1 1 4 5 5 9 9 9 8 8 6 32 32 5 5 5 2 2 2 2 2 2 1 1 0 0 1 0 0 0 0 0 0 0 0 0 0 0
 5 5 4 3 3 1 1 1 1 1 4 5 5 9 9 9 8 8 6 32 32 5 5 5 2 2 2 2 2 2 1 1 0 0 1 0 0 0 0 0 0 0 0 0 0 0
 4 4 4 3 3 3 3 3 4 4 4 6 6 11 12 12 12 12 7 10 10 15 11 11 6 6 2 2 2 1 0 0 0 0 0 0 0 0 0 0 0 0 0 0 0 0
 3 3 3 3 3 3 2 2 3 3 3 6 6 15 16 16 13 13 9 10 10 11 6 6 6 6 6 8 8 1 0 0 0 0 0 0 0 0 0 0 0 0 0 0 0 0
 3 3 3 3 3 3 2 2 3 3 3 6 6 15 16 16 13 13 9 10 10 11 6 6 6 6 6 8 8 1 0 0 0 0 0 0 0 0 0 0 0 0 0 0 0 0
 2 2 2 2 2 2 2 2 3 3 2 5 5 12 12 12 11 11 10 10 10 11 6 6 7 7 8 9 9 0 0 0 0 0 0 0 0 0 0 0 0 0 0 0 0 0
 1 1 1 1 1 1 1 1 2 2 2 4 4 10 9 9 12 12 17 16 16 14 12 12 14 14 15 22 22 9 4 4 0 0 0 0 0 0 0 0 0 0 0 0 0 0
 1 1 1 1 1 1 1 1 2 2 2 4 4 10 9 9 12 12 17 16 16 14 12 12 14 14 15 22 22 9 4 4 0 0 0 0 0 0 0 0 0 0 0 0 0 0
 1 1 1 1 1 1 1 1 2 2 2 12 12 8 8 8 9 9 13 13 13 13 8 8 12 12 11 10 10 4 1 1 0 0 0 0 0 0 0 0 0 0 0 0 0 0
 1 1 1 1 1 1 1 1 2 2 2 12 12 8 8 8 9 9 13 13 13 13 8 8 12 12 11 10 10 4 1 1 0 0 0 0 0 0 0 0 0 0 0 0 0 0
 2 2 1 1 1 3 3 3 0 0 0 5 5 7 7 7 10 10 14 14 14 11 10 10 11 11 13 6 6 5 7 7 7 7 4 0 0 0 0 0 0 0 0 0 0 0
 1 1 1 1 1 4 2 2 2 2 1 3 3 6 3 3 3 3 12 9 9 11 25 25 20 20 16 3 3 4 6 6 5 5 4 1 1 1 0 0 0 0 0 0 0 0
 1 1 1 1 1 4 2 2 2 2 1 3 3 6 3 3 3 3 12 9 9 11 25 25 20 20 16 3 3 4 6 6 5 5 4 1 1 1 0 0 0 0 0 0 0 0
 1 1 1 1 1 1 1 1 3 3 0 1 1 3 1 1 3 3 15 14 14 15 14 14 13 13 15 12 12 4 0 0 0 0 0 0 0 0 0 0 0 0 0 0 0 0
 0 0 1 1 1 1 3 3 3 3 3 1 1 0 2 2 4 4 6 13 13 9 12 12 11 11 7 15 15 5 9 9 4 4 0 0 0 0 0 0 0 0 0 0 0 0
 0 0 1 1 1 1 3 3 3 3 3 1 1 0 2 2 4 4 6 13 13 9 12 12 11 11 7 15 15 5 9 9 4 4 0 0 0 0 0 0 0 0 0 0 0 0
 1 1 1 1 1 1 3 3 4 4 4 3 3 4 4 4 6 6 8 11 11 6 8 8 9 9 6 3 3 4 3 3 2 2 2 0 0 0 0 0 0 0 0 0 0 0
 1 1 1 1 1 1 3 3 4 4 4 3 3 4 4 4 6 6 8 11 11 6 8 8 9 9 6 3 3 4 3 3 2 2 2 0 0 0 0 0 0 0 0 0 0 0
 1 1 0 1 1 1 4 4 5 5 5 8 8 5 5 5 7 7 6 11 11 10 10 10 12 12 11 6 6 7 4 4 5 5 25 3 3 0 3 3 0 0 0 0 0 0
 0 0 1 2 2 1 4 4 4 4 5 8 8 7 8 8 9 9 8 7 7 11 9 9 11 11 10 7 7 4 6 6 2 2 1 1 1 0 1 1 0 0 0 0 0 1
 0 0 1 2 2 1 4 4 4 4 5 8 8 7 8 8 9 9 8 7 7 11 9 9 11 11 10 7 7 4 6 6 2 2 1 1 1 0 1 1 0 0 0 0 0 1
 0 0 1 1 1 1 3 3 3 3 6 6 6 7 7 7 7 7 7 6 6 9 12 12 11 11 3 1 1 1 3 3 1 1 2 0 0 3 1 1 0 0 0 0 0 0
 0 0 1 0 0 2 2 2 5 5 4 6 6 7 6 6 7 7 6 6 6 6 8 8 9 9 1 2 2 0 0 0 0 0 2 3 3 0 0 0 0 0 0 0 0 0
 0 0 1 0 0 2 2 2 5 5 4 6 6 7 6 6 7 7 6 6 6 6 8 8 9 9 1 2 2 0 0 0 0 0 2 3 3 0 0 0 0 0 0 0 0 0
 1 1 1 1 1 2 1 1 4 4 5 6 6 6 5 5 4 4 4 8 8 10 9 9 9 9 7 5 5 1 1 1 0 0 0 0 0 0 0 0 0 0 0 0 0 0
 1 1 1 1 1 2 1 1 4 4 5 6 6 6 5 5 4 4 4 8 8 10 9 9 9 9 7 5 5 1 1 1 0 0 0 0 0 0 0 0 0 0 0 0 0 0
 3 3 1 1 1 1 1 1 3 3 3 4 4 2 4 4 5 5 3 7 7 5 9 9 10 10 11 4 4 6 1 1 1 1 0 1 1 0 0 0 0 0 0 0 0 0
 3 3 1 1 1 1 1 1 2 2 3 3 3 2 2 2 1 1 3 3 3 3 6 6 19 19 18 7 7 6 3 3 3 3 1 0 0 0 0 0 0 0 0 0 0 0
 3 3 1 1 1 1 1 1 2 2 3 3 3 2 2 2 1 1 3 3 3 3 6 6 19 19 18 7 7 6 3 3 3 3 1 0 0 0 0 0 0 0 0 0 0 0
 1 1 0 1 1 0 1 1 2 2 3 3 3 2 2 2 1 1 1 2 2 6 15 15 24 24 17 18 18 5 4 4 3 3 0 1 1 0 0 0 0 0 0 0 0 0
 1 1 1 1 1 1 1 1 1 1 2 2 2 2 2 2 0 0 1 2 2 8 8 8 7 7 17 7 7 7 3 3 1 1 0 1 1 0 0 0 0 0 0 0 0 0
 1 1 1 1 1 1 1 1 1 1 2 2 2 2 2 2 0 0 1 2 2 8 8 8 7 7 17 7 7 7 3 3 1 1 0 1 1 0 0 0 0 0 0 0 0 0
 1 1 1 1 1 1 1 1 1 1 1 1 1 1 1 1 1 1 0 1 1 3 3 3 4 4 5 2 2 3 2 2 1 1 0 0 0 0 0 0 0 0 0 0 0 0
 1 1 1 1 1 1 1 1 1 1 1 1 1 1 1 1 1 1 0 1 1 3 3 3 4 4 5 2 2 3 2 2 1 1 0 0 0 0 0 0 0 0 0 0 0 0
 0 0 0 2 2 2 1 1 0 0 1 1 1 1 0 0 0 0 0 1 1 3 2 2 3 3 5 4 4 1 1 1 0 0 0 0 0 0 0 0 0 0 0 0 0 0
 0 0 0 0 0 2 0 0 0 0 0 1 1 1 0 0 0 0 0 0 0 0 0 0 4 4 6 7 7 5 5 5 2 2 0 0 0 0 0 0 0 0 1 0 0 0
 0 0 0 0 0 2 0 0 0 0 0 1 1 1 0 0 0 0 0 0 0 0 0 0 4 4 6 7 7 5 5 5 2 2 0 0 0 0 0 0 0 0 1 0 0 0
 0 0 0 0 0 1 0 0 0 0 0 1 1 0 0 0 0 0 0 1 1 0 0 0 3 3 5 8 8 1 6 6 2 2 2 2 2 0 0 0 0 0 1 0 0 0
 0 0 0 0 0 0 0 0 0 0 0 0 0 0 0 0 0 0 0 1 1 0 0 0 0 0 4 3 3 3 0 0 0 0 0 0 0 0 0 0 0 0 0 0 0 0
 0 0 0 0 0 0 0 0 0 0 0 0 0 0 0 0 0 0 0 1 1 0 0 0 0 0 4 3 3 3 0 0 0 0 0 0 0 0 0 0 0 0 0 0 0 0
 0 0 2 2 2 0 0 0 0 0 0 0 0 0 0 0 0 0 0 0 0 0 0 0 0 0 2 3 3 3 0 0 0 0 0 0 0 0 0 0 0 0 0 0 0 0
 0 0 2 2 2 0 0 0 0 0 0 0 0 0 0 0 0 0 0 0 0 0 0 0 0 0 2 3 3 3 0 0 0 0 0 0 0 0 0 0 0 0 0 0 0 0
 0 0 1 2 2 0 0 0 0 0 0 0 0 1 0 0 0 0 0 0 0 0 0 0 0 0 4 2 2 2 1 1 0 0 0 0 0 0 0 0 0 0 2 0 0 0
 0 0 1 1 1 1 0 0 0 0 0 0 0 0 1 1 1 1 0 0 0 0 0 0 0 0 4 2 2 1 1 1 1 1 0 0 0 0 0 0 0 0 0 0 0 0
 0 0 1 1 1 1 0 0 0 0 0 0 0 0 1 1 1 1 0 0 0 0 0 0 0 0 4 2 2 1 1 1 1 1 0 0 0 0 0 0 0 0 0 0 0 0
 0 0 0 0 0 0 0 0 0 0 0 0 0 0 0 0 0 0 0 0 0 0 0 0 0 0 0 0 0 0 1 1 1 1 0 0 0 0 0 0 0 0 0 0 0 0
 0 0 0 0 0 0 0 0 0 0 0 0 0 0 0 0 0 0 0 0 0 0 0 0 0 0 0 0 0 0 1 1 3 3 4 1 1 0 0 0 0 0 0 0 0 0
 0 0 0 0 0 0 0 0 0 0 0 0 0 0 0 0 0 0 0 0 0 0 0 0 0 0 0 0 0 0 1 1 3 3 4 1 1 0 0 0 0 0 0 0 0 0
 0 0 0 0 0 0 0 0 0 0 0 0 0 0 0 0 0 0 0 0 0 0 1 1 0 0 0 0 0 1 1 1 2 2 3 3 3 2 0 0 0 0 0 0 0 0
 0 0 0 0 0 0 0 0 0 0 0 0 0 0 0 0 0 0 0 0 0 0 1 1 0 0 0 0 0 1 1 1 2 2 3 3 3 2 0 0 0 0 0 0 0 0
 0 0 0 0 0 0 0 0 0 0 0 0 0 0 0 0 0 0 0 0 0 0 1 1 1 1 0 0 0 0 0 0 0 0 1 2 2 2 0 0 4 4 6 6 6 0
 0 0 0 0 0 0 0 0 0 0 1 0 0 0 0 0 0 0 0 0 0 0 0 0 1 1 1 0 0 0 0 0 0 0 0 0 0 0 0 0 2 2 3 28 28 17
 0 0 0 0 0 0 0 0 0 0 1 0 0 0 0 0 0 0 0 0 0 0 0 0 1 1 1 0 0 0 0 0 0 0 0 0 0 0 0 0 2 2 3 28 28 17
 0 0 0 0 0 0 0 0 0 0 0 0 0 0 0 0 0 0 0 0 0 0 0 0 0 0 0 0 0 0 0 0 0 0 0 0 0 0 0 0 2 2 1 4 4 0
 0 0 0 0 0 0 0 0 0 0 0 0 0 0 0 0 0 0 0 0 0 0 0 0 0 0 0 0 0 0 0 0 0 0 0 1 1 1 1 1 0 0 2 4 4 0
