assets/RAT_results_old/precipitation/2019-10-08_IMERG.asc
ncols        46
nrows        77
xllcorner    74.800261325624
yllcorner    8.058333333333
cellsize     0.062500000000
NODATA_value -9999
 35 35 17 12 12 21 23 23 26 26 27 27 27 24 21 21 19 19 18 11 11 3 0 0 0 0 1 4 4 0 0 0 0 0 0 0 0 4 4 4 8 8 10 12 12 10
 10 10 10 24 24 38 14 14 14 14 12 19 19 23 15 15 22 22 9 8 8 17 2 2 1 1 1 3 3 1 1 1 0 0 0 0 0 0 2 2 2 2 9 4 4 3
 10 10 10 24 24 38 14 14 14 14 12 19 19 23 15 15 22 22 9 8 8 17 2 2 1 1 1 3 3 1 1 1 0 0 0 0 0 0 2 2 2 2 9 4 4 3
 9 9 8 20 20 61 16 16 13 13 2 9 9 11 18 18 25 25 13 11 11 11 7 7 4 4 1 0 0 0 1 1 0 0 0 0 0 1 2 2 0 0 0 0 0 1
 6 6 8 11 11 45 35 35 9 9 12 6 6 14 12 12 15 15 30 9 9 8 7 7 5 5 1 0 0 0 0 0 0 0 0 0 0 0 0 0 0 0 0 0 0 0
 6 6 8 11 11 45 35 35 9 9 12 6 6 14 12 12 15 15 30 9 9 8 7 7 5 5 1 0 0 0 0 0 0 0 0 0 0 0 0 0 0 0 0 0 0 0
 6 6 4 12 12 10 47 47 12 12 22 8 8 5 6 6 8 8 30 10 10 12 5 5 2 2 1 1 1 0 0 0 0 0 0 0 0 0 0 0 0 0 0 0 0 0
 6 6 4 12 12 10 47 47 12 12 22 8 8 5 6 6 8 8 30 10 10 12 5 5 2 2 1 1 1 0 0 0 0 0 0 0 0 0 0 0 0 0 0 0 0 0
 3 3 3 10 10 9 6 6 4 4 4 11 11 4 4 4 4 4 17 40 40 25 10 10 4 4 4 1 1 0 0 0 0 0 0 0 0 0 0 0 0 0 0 0 0 0
 1 1 1 6 6 6 4 4 5 5 1 18 18 8 15 15 18 18 18 30 30 14 9 9 4 4 4 0 0 1 0 0 0 0 0 1 1 0 1 1 0 0 0 0 0 0
 1 1 1 6 6 6 4 4 5 5 1 18 18 8 15 15 18 18 18 30 30 14 9 9 4 4 4 0 0 1 0 0 0 0 0 1 1 0 1 1 0 0 0 0 0 0
 6 6 4 5 5 3 3 3 6 6 7 11 11 22 24 24 18 18 16 17 17 8 5 5 6 6 4 4 4 2 2 2 2 2 0 1 1 1 1 1 0 0 0 0 0 0
 14 14 5 6 6 7 5 5 3 3 6 15 15 23 21 21 15 15 13 10 10 12 13 13 4 4 5 4 4 2 2 2 2 2 2 2 2 1 1 1 0 0 0 0 0 0
 14 14 5 6 6 7 5 5 3 3 6 15 15 23 21 21 15 15 13 10 10 12 13 13 4 4 5 4 4 2 2 2 2 2 2 2 2 1 1 1 0 0 0 0 0 0
 13 13 5 6 6 5 7 7 9 9 3 4 4 13 16 16 6 6 13 7 7 3 11 11 3 3 2 1 1 2 5 5 5 5 3 3 3 1 0 0 0 0 0 0 0 0
 13 13 5 6 6 5 7 7 9 9 3 4 4 13 16 16 6 6 13 7 7 3 11 11 3 3 2 1 1 2 5 5 5 5 3 3 3 1 0 0 0 0 0 0 0 0
 4 4 6 6 6 7 7 7 6 6 3 2 2 2 7 7 7 7 8 10 10 3 3 3 2 2 1 4 4 3 5 5 4 4 3 3 3 1 0 0 0 0 0 0 0 0
 4 4 4 4 4 9 7 7 2 2 5 5 5 4 5 5 10 10 11 10 10 2 2 2 2 2 1 5 5 4 5 5 3 3 4 2 2 2 0 0 0 0 0 0 0 0
 4 4 4 4 4 9 7 7 2 2 5 5 5 4 5 5 10 10 11 10 10 2 2 2 2 2 1 5 5 4 5 5 3 3 4 2 2 2 0 0 0 0 0 0 0 0
 0 0 0 4 4 4 6 6 3 3 5 5 5 5 4 4 7 7 8 8 8 2 1 1 1 1 1 4 4 4 5 5 4 4 3 2 2 2 0 0 0 0 0 0 0 0
 0 0 0 0 0 0 3 3 1 1 5 4 4 4 4 4 3 3 2 2 2 1 0 0 0 0 0 6 6 3 6 6 4 4 3 2 2 0 0 0 0 0 0 0 0 0
 0 0 0 0 0 0 3 3 1 1 5 4 4 4 4 4 3 3 2 2 2 1 0 0 0 0 0 6 6 3 6 6 4 4 3 2 2 0 0 0 0 0 0 0 0 0
 0 0 0 0 0 0 3 3 0 0 8 8 8 5 5 5 3 3 3 1 1 1 1 1 1 1 1 5 5 3 7 7 3 3 1 0 0 0 2 2 0 0 0 0 0 0
 0 0 0 0 0 0 3 3 0 0 8 8 8 5 5 5 3 3 3 1 1 1 1 1 1 1 1 5 5 3 7 7 3 3 1 0 0 0 2 2 0 0 0 0 0 0
 4 4 2 0 0 0 0 0 1 1 8 10 10 10 5 5 5 5 2 4 4 3 0 0 1 1 7 4 4 2 3 3 2 2 1 1 1 0 0 0 0 0 0 0 0 0
 12 12 14 2 2 0 0 0 0 0 1 7 7 13 6 6 4 4 3 3 3 3 6 6 5 5 9 2 2 2 1 1 2 2 0 0 0 0 0 0 0 0 0 0 0 0
 12 12 14 2 2 0 0 0 0 0 1 7 7 13 6 6 4 4 3 3 3 3 6 6 5 5 9 2 2 2 1 1 2 2 0 0 0 0 0 0 0 0 0 0 0 0
 14 14 6 2 2 0 0 0 0 0 0 2 2 4 4 4 1 1 4 0 0 1 0 0 4 4 2 1 1 1 0 0 0 0 0 0 0 0 0 0 0 0 0 0 0 0
 5 5 4 2 2 1 0 0 0 0 0 0 0 1 4 4 1 1 0 0 0 0 0 0 0 0 2 0 0 1 0 0 0 0 1 1 1 1 0 0 0 0 0 0 0 0
 5 5 4 2 2 1 0 0 0 0 0 0 0 1 4 4 1 1 0 0 0 0 0 0 0 0 2 0 0 1 0 0 0 0 1 1 1 1 0 0 0 0 0 0 0 0
 3 3 16 4 4 4 1 1 0 0 0 0 0 1 1 1 2 2 0 0 0 0 0 0 0 0 0 0 0 2 1 1 2 2 1 1 1 1 0 0 0 0 0 0 0 0
 3 3 16 4 4 4 1 1 0 0 0 0 0 1 1 1 2 2 0 0 0 0 0 0 0 0 0 0 0 2 1 1 2 2 1 1 1 1 0 0 0 0 0 0 0 0
 5 5 6 23 23 7 1 1 0 0 1 2 2 1 1 1 7 7 1 1 1 0 0 0 0 0 0 0 0 0 0 0 1 1 1 1 1 0 0 0 0 0 0 0 0 0
 4 4 2 8 8 2 0 0 0 0 0 1 1 0 1 1 1 1 1 1 1 0 0 0 0 0 0 0 0 0 0 0 1 1 1 0 0 0 0 0 0 0 0 0 0 0
 4 4 2 8 8 2 0 0 0 0 0 1 1 0 1 1 1 1 1 1 1 0 0 0 0 0 0 0 0 0 0 0 1 1 1 0 0 0 0 0 0 0 0 0 0 0
 5 5 0 1 1 0 0 0 0 0 0 0 0 0 0 0 1 1 1 0 0 0 0 0 0 0 1 0 0 0 0 0 0 0 0 0 0 1 0 0 0 0 0 0 0 0
 7 7 0 0 0 0 0 0 0 0 0 0 0 0 0 0 1 1 0 1 1 1 1 1 0 0 1 1 1 2 1 1 2 2 2 1 1 0 0 0 0 0 0 0 0 0
 7 7 0 0 0 0 0 0 0 0 0 0 0 0 0 0 1 1 0 1 1 1 1 1 0 0 1 1 1 2 1 1 2 2 2 1 1 0 0 0 0 0 0 0 0 0
 2 2 0 0 0 0 0 0 0 0 0 0 0 1 1 1 1 1 1 1 1 1 2 2 2 2 3 5 5 6 26 26 7 7 3 1 1 0 0 0 0 0 1 2 2 8
 2 2 0 0 0 0 0 0 0 0 0 0 0 1 1 1 1 1 1 1 1 1 2 2 2 2 3 5 5 6 26 26 7 7 3 1 1 0 0 0 0 0 1 2 2 8
 0 0 0 0 0 0 0 0 0 0 0 1 1 2 1 1 0 0 0 2 2 0 3 3 3 3 4 6 6 15 57 57 24 24 11 9 9 2 1 1 0 0 1 5 5 11
 0 0 0 0 0 0 0 0 0 0 0 0 0 1 0 0 0 0 0 1 1 2 4 4 5 5 6 15 15 23 55 55 17 17 11 10 10 8 1 1 2 2 6 14 14 5
 0 0 0 0 0 0 0 0 0 0 0 0 0 1 0 0 0 0 0 1 1 2 4 4 5 5 6 15 15 23 55 55 17 17 11 10 10 8 1 1 2 2 6 14 14 5
 0 0 0 0 0 0 0 0 0 0 0 0 0 0 0 0 0 0 0 1 1 1 3 3 3 3 5 20 20 23 54 54 24 24 7 6 6 11 11 11 5 5 1 0 0 0
 0 0 0 0 0 0 0 0 0 0 0 1 1 1 1 1 0 0 0 0 0 1 5 5 7 7 9 13 13 19 23 23 18 18 7 6 6 15 10 10 2 2 2 1 1 4
 0 0 0 0 0 0 0 0 0 0 0 1 1 1 1 1 0 0 0 0 0 1 5 5 7 7 9 13 13 19 23 23 18 18 7 6 6 15 10 10 2 2 2 1 1 4
 0 0 0 0 0 0 0 0 0 0 0 2 2 5 6 6 2 2 0 0 0 1 16 16 17 17 10 11 11 12 13 13 14 14 4 5 5 11 4 4 3 3 2 1 1 0
 0 0 0 0 0 0 0 0 0 0 0 2 2 5 6 6 2 2 0 0 0 1 16 16 17 17 10 11 11 12 13 13 14 14 4 5 5 11 4 4 3 3 2 1 1 0
 0 0 0 0 0 0 0 0 0 0 0 1 1 2 2 2 2 2 1 0 0 1 11 11 18 18 9 5 5 9 8 8 6 6 6 10 10 15 6 6 2 2 1 0 0 0
 0 0 0 0 0 0 0 0 0 0 0 0 0 0 0 0 0 0 0 0 0 1 1 1 3 3 0 0 0 3 3 3 5 5 3 6 6 2 0 0 0 0 0 0 0 0
 0 0 0 0 0 0 0 0 0 0 0 0 0 0 0 0 0 0 0 0 0 1 1 1 3 3 0 0 0 3 3 3 5 5 3 6 6 2 0 0 0 0 0 0 0 0
 0 0 0 0 0 0 0 0 0 0 0 0 0 0 0 0 0 0 0 0 0 1 1 1 3 3 0 0 0 0 0 0 2 2 4 2 2 1 1 1 0 0 0 0 0 0
 0 0 0 0 0 0 0 0 0 0 0 0 0 0 0 0 1 1 3 1 1 1 1 1 3 3 2 0 0 0 2 2 0 0 5 11 11 14 4 4 2 2 0 7 7 10
 0 0 0 0 0 0 0 0 0 0 0 0 0 0 0 0 1 1 3 1 1 1 1 1 3 3 2 0 0 0 2 2 0 0 5 11 11 14 4 4 2 2 0 7 7 10
 0 0 0 0 0 0 0 0 0 0 0 0 0 1 1 1 5 5 5 5 5 2 2 2 6 6 6 1 1 0 1 1 2 2 16 25 25 2 5 5 0 0 0 0 0 0
 0 0 0 0 0 0 0 0 0 0 0 0 0 1 1 1 5 5 5 5 5 2 2 2 6 6 6 1 1 0 1 1 2 2 16 25 25 2 5 5 0 0 0 0 0 0
 0 0 0 0 0 0 0 0 0 0 0 1 1 2 2 2 12 12 5 7 7 2 8 8 7 7 7 2 2 5 5 5 11 11 13 7 7 0 1 1 0 0 0 0 0 1
 0 0 0 0 0 0 0 0 0 0 0 1 1 1 2 2 12 12 23 23 23 2 5 5 1 1 5 4 4 4 4 4 12 12 18 10 10 0 3 3 0 0 0 0 0 0
 0 0 0 0 0 0 0 0 0 0 0 1 1 1 2 2 12 12 23 23 23 2 5 5 1 1 5 4 4 4 4 4 12 12 18 10 10 0 3 3 0 0 0 0 0 0
 0 0 0 0 0 0 0 0 0 0 1 1 1 1 5 5 5 5 37 36 36 1 1 1 9 9 4 5 5 5 5 5 12 12 14 9 9 0 1 1 0 0 0 0 0 1
 0 0 0 0 0 0 0 0 0 0 1 0 0 0 4 4 5 5 36 36 36 21 1 1 0 0 0 5 5 5 0 0 1 1 2 2 2 2 2 2 1 1 1 1 1 1
 0 0 0 0 0 0 0 0 0 0 1 0 0 0 4 4 5 5 36 36 36 21 1 1 0 0 0 5 5 5 0 0 1 1 2 2 2 2 2 2 1 1 1 1 1 1
 0 0 0 0 0 0 0 0 0 0 0 0 0 0 0 0 0 0 1 2 2 3 4 4 1 1 0 0 0 0 0 0 1 1 2 2 2 2 2 2 2 2 2 2 2 1
 0 0 0 0 0 0 0 0 0 0 0 0 0 0 0 0 0 0 1 2 2 3 4 4 1 1 0 0 0 0 0 0 1 1 2 2 2 2 2 2 2 2 2 2 2 1
 0 0 0 0 0 0 0 0 0 0 0 0 0 0 0 0 0 0 1 3 3 3 4 4 1 1 0 0 0 1 1 1 1 1 2 2 2 2 2 2 2 2 2 2 2 2
 0 0 0 0 0 0 0 0 0 0 0 0 0 0 1 1 0 0 0 0 0 0 1 1 0 0 0 0 0 1 1 1 1 1 1 2 2 2 6 6 2 2 2 2 2 2
 0 0 0 0 0 0 0 0 0 0 0 0 0 0 1 1 0 0 0 0 0 0 1 1 0 0 0 0 0 1 1 1 1 1 1 2 2 2 6 6 2 2 2 2 2 2
 0 0 0 0 0 0 0 0 0 0 0 0 0 0 1 1 0 0 0 0 0 0 0 0 0 0 0 1 1 1 3 3 2 2 22 5 5 4 5 5 3 3 2 2 2 2
 0 0 0 0 0 0 0 0 0 0 0 0 0 0 0 0 0 0 0 0 0 1 1 1 2 2 2 2 2 1 32 32 26 26 25 7 7 4 5 5 5 5 6 5 5 4
 0 0 0 0 0 0 0 0 0 0 0 0 0 0 0 0 0 0 0 0 0 1 1 1 2 2 2 2 2 1 32 32 26 26 25 7 7 4 5 5 5 5 6 5 5 4
 0 0 0 0 0 0 0 0 0 0 0 0 0 0 0 0 0 0 1 1 1 2 2 2 3 3 3 3 3 5 33 33 19 19 35 31 31 30 5 5 8 8 14 11 11 7
 0 0 0 0 0 0 0 0 0 0 0 0 0 0 0 0 0 0 1 1 1 2 2 2 3 3 3 3 3 5 33 33 19 19 35 31 31 30 5 5 8 8 14 11 11 7
 1 1 0 0 0 0 0 0 0 0 0 0 0 0 0 0 1 1 1 2 2 4 3 3 3 3 3 3 3 3 18 18 28 28 37 32 32 33 11 11 8 8 20 10 10 5
 0 0 0 0 0 0 0 0 0 0 0 0 0 0 0 0 1 1 1 3 3 7 3 3 2 2 3 14 14 3 8 8 17 17 19 22 22 34 11 11 18 18 8 16 16 1
 0 0 0 0 0 0 0 0 0 0 0 0 0 0 0 0 1 1 1 3 3 7 3 3 2 2 3 14 14 3 8 8 17 17 19 22 22 34 11 11 18 18 8 16 16 1
 1 1 0 3 3 2 0 0 0 0 0 0 0 1 1 1 1 1 2 2 2 3 2 2 4 4 5 14 14 15 15 15 8 8 19 19 19 23 16 16 15 15 5 1 1 1
 1 1 1 1 1 0 0 0 0 0 0 1 1 0 0 0 1 1 1 1 1 3 4 4 5 5 4 2 2 2 2 2 1 1 16 16 16 23 0 0 0 0 1 0 0 1
