assets/RAT_results_old/precipitation/2019-08-25_IMERG.asc
ncols        46
nrows        77
xllcorner    74.800261325624
yllcorner    8.058333333333
cellsize     0.062500000000
NODATA_value -9999
 1 1 1 1 1 0 0 0 0 0 0 0 0 0 0 0 0 0 0 0 0 0 0 0 0 0 0 0 0 0 0 0 0 0 0 0 0 0 0 0 1 1 1 0 0 0
 2 2 2 1 1 0 0 0 0 0 0 0 0 0 0 0 1 1 1 0 0 0 0 0 0 0 0 0 0 0 0 0 0 0 0 0 0 0 0 0 0 0 0 0 0 0
 2 2 2 1 1 0 0 0 0 0 0 0 0 0 0 0 1 1 1 0 0 0 0 0 0 0 0 0 0 0 0 0 0 0 0 0 0 0 0 0 0 0 0 0 0 0
 3 3 4 2 2 1 0 0 0 0 0 0 0 0 0 0 1 1 0 0 0 0 0 0 0 0 0 0 0 0 0 0 0 0 0 0 0 0 0 0 0 0 0 1 1 1
 4 4 5 2 2 1 0 0 1 1 0 0 0 0 0 0 1 1 1 0 0 0 0 0 0 0 0 1 1 1 0 0 0 0 0 1 1 1 1 1 1 1 0 1 1 1
 4 4 5 2 2 1 0 0 1 1 0 0 0 0 0 0 1 1 1 0 0 0 0 0 0 0 0 1 1 1 0 0 0 0 0 1 1 1 1 1 1 1 0 1 1 1
 3 3 3 5 5 5 3 3 1 1 0 0 0 1 1 1 1 1 1 1 1 1 0 0 0 0 0 0 0 0 0 0 0 0 1 1 1 2 1 1 1 1 2 1 1 1
 3 3 3 5 5 5 3 3 1 1 0 0 0 1 1 1 1 1 1 1 1 1 0 0 0 0 0 0 0 0 0 0 0 0 1 1 1 2 1 1 1 1 2 1 1 1
 7 7 6 7 7 6 5 5 5 5 3 2 2 1 2 2 2 2 1 1 1 1 0 0 0 0 0 0 0 0 0 0 0 0 0 1 1 0 1 1 1 1 1 0 0 0
 6 6 10 10 10 7 7 7 6 6 3 3 3 3 5 5 4 4 3 1 1 1 0 0 0 0 0 0 0 0 0 0 0 0 0 0 0 0 0 0 0 0 1 1 1 0
 6 6 10 10 10 7 7 7 6 6 3 3 3 3 5 5 4 4 3 1 1 1 0 0 0 0 0 0 0 0 0 0 0 0 0 0 0 0 0 0 0 0 1 1 1 0
 6 6 11 4 4 7 9 9 12 12 9 8 8 6 7 7 6 6 5 2 2 1 0 0 0 0 0 0 0 0 0 0 0 0 1 0 0 0 0 0 0 0 1 0 0 1
 7 7 10 9 9 11 10 10 10 10 9 9 9 7 5 5 3 3 3 2 2 2 1 1 0 0 0 0 0 0 0 0 0 0 1 0 0 0 0 0 1 1 1 0 0 1
 7 7 10 9 9 11 10 10 10 10 9 9 9 7 5 5 3 3 3 2 2 2 1 1 0 0 0 0 0 0 0 0 0 0 1 0 0 0 0 0 1 1 1 0 0 1
 12 12 14 14 14 12 12 12 13 13 14 12 12 9 9 9 6 6 5 5 5 4 3 3 1 1 1 0 0 0 0 0 0 0 0 0 0 0 0 0 1 1 1 1 1 2
 12 12 14 14 14 12 12 12 13 13 14 12 12 9 9 9 6 6 5 5 5 4 3 3 1 1 1 0 0 0 0 0 0 0 0 0 0 0 0 0 1 1 1 1 1 2
 7 7 9 14 14 11 13 13 17 17 21 17 17 19 14 14 14 14 11 8 8 7 2 2 2 2 2 1 1 1 0 0 0 0 0 0 0 0 0 0 0 0 1 1 1 1
 6 6 7 10 10 16 26 26 29 29 24 23 23 21 25 25 17 17 14 11 11 6 4 4 2 2 2 2 2 2 1 1 0 0 0 0 0 0 0 0 0 0 1 1 1 1
 6 6 7 10 10 16 26 26 29 29 24 23 23 21 25 25 17 17 14 11 11 6 4 4 2 2 2 2 2 2 1 1 0 0 0 0 0 0 0 0 0 0 1 1 1 1
 11 11 11 12 12 16 25 25 31 31 28 30 30 26 24 24 19 19 13 10 10 7 4 4 3 3 3 2 2 2 1 1 0 0 0 0 0 0 0 0 0 0 0 0 0 0
 8 8 6 7 7 10 17 17 21 21 17 16 16 13 16 16 14 14 13 11 11 9 6 6 5 5 5 3 3 3 2 2 0 0 1 0 0 0 0 0 0 0 0 0 0 0
 8 8 6 7 7 10 17 17 21 21 17 16 16 13 16 16 14 14 13 11 11 9 6 6 5 5 5 3 3 3 2 2 0 0 1 0 0 0 0 0 0 0 0 0 0 0
 5 5 5 9 9 10 13 13 10 10 9 9 9 6 9 9 10 10 14 16 16 11 8 8 5 5 8 5 5 5 2 2 1 1 2 1 1 0 0 0 0 0 0 0 0 0
 5 5 5 9 9 10 13 13 10 10 9 9 9 6 9 9 10 10 14 16 16 11 8 8 5 5 8 5 5 5 2 2 1 1 2 1 1 0 0 0 0 0 0 0 0 0
 2 2 4 4 4 8 8 8 7 7 6 5 5 4 3 3 3 3 6 7 7 6 10 10 9 9 6 5 5 5 2 2 1 1 0 0 0 0 0 0 0 0 0 0 0 0
 4 4 3 4 4 6 6 6 7 7 4 5 5 3 4 4 7 7 5 4 4 5 12 12 17 17 11 5 5 4 2 2 1 1 0 0 0 0 0 0 0 0 0 0 0 0
 4 4 3 4 4 6 6 6 7 7 4 5 5 3 4 4 7 7 5 4 4 5 12 12 17 17 11 5 5 4 2 2 1 1 0 0 0 0 0 0 0 0 0 0 0 0
 4 4 3 2 2 4 4 4 3 3 5 5 5 4 3 3 9 9 8 4 4 2 2 2 4 4 4 3 3 3 2 2 0 0 0 0 0 0 0 0 0 0 0 0 0 0
 4 4 5 4 4 6 6 6 5 5 11 9 9 10 5 5 7 7 6 4 4 2 3 3 1 1 2 1 1 2 1 1 1 1 1 1 1 1 1 1 1 1 2 1 1 1
 4 4 5 4 4 6 6 6 5 5 11 9 9 10 5 5 7 7 6 4 4 2 3 3 1 1 2 1 1 2 1 1 1 1 1 1 1 1 1 1 1 1 2 1 1 1
 17 17 17 6 6 7 7 7 8 8 8 7 7 10 9 9 11 11 12 11 11 10 9 9 8 8 7 3 3 2 2 2 2 2 2 2 2 1 1 1 0 0 0 0 0 0
 17 17 17 6 6 7 7 7 8 8 8 7 7 10 9 9 11 11 12 11 11 10 9 9 8 8 7 3 3 2 2 2 2 2 2 2 2 1 1 1 0 0 0 0 0 0
 22 22 18 16 16 7 8 8 8 8 8 9 9 8 9 9 9 9 11 8 8 11 11 11 10 10 12 8 8 4 3 3 3 3 1 2 2 1 0 0 0 0 0 0 0 0
 25 25 24 17 17 14 9 9 8 8 10 10 10 12 12 12 11 11 14 14 14 10 10 10 10 10 12 7 7 6 2 2 3 3 2 1 1 1 1 1 0 0 0 0 0 0
 25 25 24 17 17 14 9 9 8 8 10 10 10 12 12 12 11 11 14 14 14 10 10 10 10 10 12 7 7 6 2 2 3 3 2 1 1 1 1 1 0 0 0 0 0 0
 30 30 29 24 24 16 12 12 21 21 21 13 13 10 10 10 9 9 11 12 12 9 6 6 11 11 7 7 7 6 3 3 3 3 2 2 2 0 1 1 1 1 1 1 1 1
 14 14 12 11 11 10 8 8 20 20 21 12 12 8 6 6 7 7 7 8 8 7 5 5 8 8 7 4 4 6 2 2 3 3 2 1 1 1 1 1 1 1 1 1 1 1
 14 14 12 11 11 10 8 8 20 20 21 12 12 8 6 6 7 7 7 8 8 7 5 5 8 8 7 4 4 6 2 2 3 3 2 1 1 1 1 1 1 1 1 1 1 1
 8 8 6 5 5 6 7 7 7 7 8 8 8 6 5 5 8 8 4 5 5 6 6 6 3 3 5 3 3 5 4 4 2 2 1 2 2 2 1 1 1 1 1 1 1 1
 8 8 6 5 5 6 7 7 7 7 8 8 8 6 5 5 8 8 4 5 5 6 6 6 3 3 5 3 3 5 4 4 2 2 1 2 2 2 1 1 1 1 1 1 1 1
 8 8 6 5 5 6 6 6 7 7 7 7 7 5 4 4 5 5 4 6 6 7 8 8 7 7 6 4 4 7 4 4 4 4 3 2 2 3 1 1 1 1 1 1 1 1
 9 9 7 7 7 6 7 7 8 8 7 6 6 7 5 5 6 6 4 5 5 6 8 8 8 8 4 7 7 7 8 8 4 4 3 3 3 3 1 1 1 1 1 2 2 1
 9 9 7 7 7 6 7 7 8 8 7 6 6 7 5 5 6 6 4 5 5 6 8 8 8 8 4 7 7 7 8 8 4 4 3 3 3 3 1 1 1 1 1 2 2 1
 9 9 8 7 7 7 7 7 7 7 7 7 7 6 5 5 5 5 5 5 5 7 9 9 9 9 4 3 3 4 7 7 3 3 3 2 2 2 2 2 2 2 2 1 1 0
 10 10 8 7 7 7 7 7 8 8 7 8 8 6 5 5 4 4 3 4 4 5 7 7 9 9 5 4 4 4 6 6 3 3 3 2 2 2 3 3 3 3 2 1 1 0
 10 10 8 7 7 7 7 7 8 8 7 8 8 6 5 5 4 4 3 4 4 5 7 7 9 9 5 4 4 4 6 6 3 3 3 2 2 2 3 3 3 3 2 1 1 0
 9 9 8 7 7 7 6 6 7 7 7 7 7 5 4 4 4 4 5 3 3 5 6 6 11 11 10 5 5 4 6 6 4 4 2 2 2 2 2 2 3 3 2 1 1 1
 9 9 8 7 7 7 6 6 7 7 7 7 7 5 4 4 4 4 5 3 3 5 6 6 11 11 10 5 5 4 6 6 4 4 2 2 2 2 2 2 3 3 2 1 1 1
 9 9 8 8 8 8 8 8 10 10 9 7 7 5 4 4 3 3 4 8 8 11 9 9 10 10 10 6 6 10 7 7 15 15 2 2 2 2 2 2 2 2 2 1 1 1
 9 9 8 8 8 8 8 8 10 10 10 10 10 5 5 5 5 5 6 9 9 9 9 9 15 15 16 18 18 17 13 13 12 12 3 6 6 4 3 3 2 2 1 2 2 1
 9 9 8 8 8 8 8 8 10 10 10 10 10 5 5 5 5 5 6 9 9 9 9 9 15 15 16 18 18 17 13 13 12 12 3 6 6 4 3 3 2 2 1 2 2 1
 8 8 7 7 7 7 7 7 7 7 8 5 5 5 5 5 5 5 5 8 8 11 8 8 15 15 10 17 17 14 11 11 9 9 6 6 6 4 2 2 1 1 2 1 1 1
 6 6 6 6 6 6 7 7 7 7 7 5 5 5 6 6 8 8 9 14 14 21 13 13 17 17 16 11 11 14 12 12 8 8 3 4 4 2 1 1 2 2 2 1 1 0
 6 6 6 6 6 6 7 7 7 7 7 5 5 5 6 6 8 8 9 14 14 21 13 13 17 17 16 11 11 14 12 12 8 8 3 4 4 2 1 1 2 2 2 1 1 0
 5 5 5 5 5 5 6 6 7 7 7 7 7 10 11 11 13 13 12 16 16 22 10 10 22 22 13 10 10 8 7 7 3 3 4 4 4 3 3 3 3 3 1 0 0 0
 5 5 5 5 5 5 6 6 7 7 7 7 7 10 11 11 13 13 12 16 16 22 10 10 22 22 13 10 10 8 7 7 3 3 4 4 4 3 3 3 3 3 1 0 0 0
 5 5 5 5 5 5 6 6 4 4 7 9 9 14 13 13 14 14 10 10 10 7 7 7 13 13 14 13 13 9 6 6 6 6 9 6 6 4 4 4 3 3 0 0 0 0
 5 5 5 6 6 6 6 6 5 5 5 7 7 7 7 7 5 5 6 8 8 6 8 8 8 8 11 12 12 11 11 11 12 12 10 6 6 5 3 3 2 2 0 0 0 0
 5 5 5 6 6 6 6 6 5 5 5 7 7 7 7 7 5 5 6 8 8 6 8 8 8 8 11 12 12 11 11 11 12 12 10 6 6 5 3 3 2 2 0 0 0 0
 4 4 4 5 5 5 4 4 2 2 2 2 2 3 3 3 3 3 4 4 4 5 7 7 7 7 12 12 12 22 10 10 7 7 7 5 5 3 4 4 3 3 1 0 0 1
 4 4 3 3 3 3 1 1 1 1 1 1 1 1 1 1 2 2 2 3 3 4 5 5 9 9 8 9 9 9 6 6 5 5 4 4 4 4 1 1 0 0 0 0 0 1
 4 4 3 3 3 3 1 1 1 1 1 1 1 1 1 1 2 2 2 3 3 4 5 5 9 9 8 9 9 9 6 6 5 5 4 4 4 4 1 1 0 0 0 0 0 1
 3 3 3 2 2 2 1 1 1 1 1 1 1 1 1 1 1 1 2 2 2 3 4 4 9 9 11 11 11 9 7 7 4 4 3 4 4 2 2 2 1 1 0 0 0 0
 3 3 3 2 2 2 1 1 1 1 1 1 1 1 1 1 1 1 2 2 2 3 4 4 9 9 11 11 11 9 7 7 4 4 3 4 4 2 2 2 1 1 0 0 0 0
 3 3 2 2 2 2 1 1 1 1 1 1 1 1 1 1 1 1 2 2 2 3 3 3 5 5 8 14 14 11 12 12 6 6 4 2 2 2 2 2 5 5 1 0 0 0
 2 2 2 1 1 0 0 0 0 0 0 1 1 1 1 1 1 1 2 3 3 5 5 5 8 8 10 11 11 12 12 12 9 9 5 4 4 3 2 2 3 3 1 1 1 0
 2 2 2 1 1 0 0 0 0 0 0 1 1 1 1 1 1 1 2 3 3 5 5 5 8 8 10 11 11 12 12 12 9 9 5 4 4 3 2 2 3 3 1 1 1 0
 2 2 2 1 1 1 0 0 0 0 0 0 0 1 2 2 1 1 3 4 4 7 5 5 7 7 9 8 8 9 9 9 9 9 5 4 4 3 2 2 1 1 1 0 0 1
 3 3 3 2 2 1 0 0 1 1 1 1 1 1 3 3 3 3 3 6 6 7 7 7 9 9 9 4 4 6 6 6 7 7 6 4 4 3 1 1 1 1 1 1 1 2
 3 3 3 2 2 1 0 0 1 1 1 1 1 1 3 3 3 3 3 6 6 7 7 7 9 9 9 4 4 6 6 6 7 7 6 4 4 3 1 1 1 1 1 1 1 2
 4 4 3 3 3 2 1 1 1 1 1 1 1 3 3 3 4 4 4 6 6 7 8 8 4 4 3 4 4 4 6 6 5 5 5 6 6 3 1 1 1 1 1 1 1 2
 4 4 3 3 3 2 1 1 1 1 1 1 1 3 3 3 4 4 4 6 6 7 8 8 4 4 3 4 4 4 6 6 5 5 5 6 6 3 1 1 1 1 1 1 1 2
 4 4 3 3 3 2 2 2 2 2 2 2 2 3 3 3 5 5 6 7 7 7 6 6 4 4 3 3 3 3 4 4 6 6 7 6 6 4 3 3 2 2 1 1 1 1
 6 6 5 5 5 4 3 3 3 3 3 3 3 3 4 4 4 4 5 6 6 5 4 4 3 3 2 2 2 2 2 2 3 3 3 2 2 3 2 2 2 2 1 1 1 1
 6 6 5 5 5 4 3 3 3 3 3 3 3 3 4 4 4 4 5 6 6 5 4 4 3 3 2 2 2 2 2 2 3 3 3 2 2 3 2 2 2 2 1 1 1 1
 8 8 8 7 7 6 4 4 4 4 4 4 4 2 2 2 3 3 2 4 4 3 3 3 4 4 2 2 2 2 2 2 2 2 2 2 2 2 2 2 1 1 2 2 2 1
 8 8 9 7 7 4 3 3 3 3 2 2 2 1 1 1 1 1 1 2 2 2 2 2 3 3 3 3 3 2 1 1 1 1 1 2 2 2 2 2 1 1 2 1 1 1
