assets/RAT_results_old/precipitation/2019-10-20_IMERG.asc
ncols        46
nrows        77
xllcorner    74.800261325624
yllcorner    8.058333333333
cellsize     0.062500000000
NODATA_value -9999
 5 5 8 4 4 8 15 15 11 11 16 6 6 6 7 7 9 9 10 8 8 5 4 4 3 3 5 3 3 5 14 14 6 6 1 0 0 3 3 3 1 1 0 0 0 2
 16 16 9 3 3 7 6 6 7 7 12 10 10 8 10 10 10 10 12 7 7 6 9 9 4 4 4 7 7 5 14 14 6 6 13 1 1 2 6 6 1 1 1 1 1 9
 16 16 9 3 3 7 6 6 7 7 12 10 10 8 10 10 10 10 12 7 7 6 9 9 4 4 4 7 7 5 14 14 6 6 13 1 1 2 6 6 1 1 1 1 1 9
 16 16 5 3 3 5 4 4 6 6 8 9 9 5 9 9 9 9 9 7 7 6 8 8 5 5 3 15 15 14 20 20 12 12 12 4 4 2 8 8 7 7 4 7 7 23
 13 13 5 4 4 5 7 7 11 11 16 10 10 11 15 15 13 13 11 4 4 7 7 7 9 9 4 17 17 14 20 20 3 3 4 11 11 7 5 5 4 4 6 16 16 24
 13 13 5 4 4 5 7 7 11 11 16 10 10 11 15 15 13 13 11 4 4 7 7 7 9 9 4 17 17 14 20 20 3 3 4 11 11 7 5 5 4 4 6 16 16 24
 14 14 4 8 8 9 13 13 20 20 30 11 11 17 9 9 19 19 29 13 13 7 6 6 7 7 4 3 3 7 3 3 3 3 5 8 8 19 14 14 9 9 11 17 17 14
 14 14 4 8 8 9 13 13 20 20 30 11 11 17 9 9 19 19 29 13 13 7 6 6 7 7 4 3 3 7 3 3 3 3 5 8 8 19 14 14 9 9 11 17 17 14
 23 23 4 8 8 12 13 13 17 17 19 14 14 10 9 9 14 14 26 15 15 6 3 3 4 4 3 3 3 10 3 3 1 1 4 5 5 16 14 14 12 12 8 8 8 23
 41 41 35 10 10 5 7 7 11 11 29 22 22 12 6 6 13 13 15 16 16 9 3 3 3 3 4 3 3 3 5 5 4 4 4 3 3 9 12 12 12 12 5 9 9 12
 41 41 35 10 10 5 7 7 11 11 29 22 22 12 6 6 13 13 15 16 16 9 3 3 3 3 4 3 3 3 5 5 4 4 4 3 3 9 12 12 12 12 5 9 9 12
 48 48 36 8 8 19 7 7 5 5 16 16 16 17 13 13 13 13 9 6 6 8 7 7 3 3 3 4 4 3 15 15 4 4 3 3 3 11 9 9 6 6 2 4 4 4
 42 42 28 16 16 20 7 7 5 5 10 11 11 20 12 12 8 8 10 9 9 5 5 5 8 8 4 6 6 3 12 12 6 6 4 5 5 10 10 10 7 7 3 3 3 4
 42 42 28 16 16 20 7 7 5 5 10 11 11 20 12 12 8 8 10 9 9 5 5 5 8 8 4 6 6 3 12 12 6 6 4 5 5 10 10 10 7 7 3 3 3 4
 44 44 21 8 8 5 9 9 5 5 6 13 13 11 15 15 20 20 12 5 5 3 7 7 7 7 13 4 4 2 2 2 6 6 8 4 4 4 13 13 4 4 3 5 5 5
 44 44 21 8 8 5 9 9 5 5 6 13 13 11 15 15 20 20 12 5 5 3 7 7 7 7 13 4 4 2 2 2 6 6 8 4 4 4 13 13 4 4 3 5 5 5
 34 34 30 16 16 5 8 8 7 7 6 10 10 14 16 16 15 15 10 8 8 8 9 9 13 13 14 14 14 14 3 3 3 3 2 4 4 5 11 11 6 6 3 5 5 7
 45 45 32 36 36 24 11 11 8 8 10 9 9 16 15 15 14 14 10 14 14 21 12 12 18 18 19 12 12 9 7 7 6 6 2 2 2 3 3 3 4 4 2 5 5 6
 45 45 32 36 36 24 11 11 8 8 10 9 9 16 15 15 14 14 10 14 14 21 12 12 18 18 19 12 12 9 7 7 6 6 2 2 2 3 3 3 4 4 2 5 5 6
 60 60 72 93 93 52 21 21 23 23 16 12 12 18 28 28 23 23 17 21 21 20 27 27 21 21 18 22 22 17 17 17 8 8 5 0 0 1 1 1 0 0 0 1 1 6
 75 75 75 77 77 73 56 56 23 23 22 17 17 12 23 23 23 23 21 12 12 24 26 26 27 27 24 27 27 22 20 20 13 13 9 9 9 1 0 0 0 0 0 2 2 5
 75 75 75 77 77 73 56 56 23 23 22 17 17 12 23 23 23 23 21 12 12 24 26 26 27 27 24 27 27 22 20 20 13 13 9 9 9 1 0 0 0 0 0 2 2 5
 76 76 101 106 106 84 108 108 42 42 19 12 12 12 27 27 27 27 21 22 22 19 18 18 14 14 17 26 26 26 24 24 10 10 21 5 5 1 0 0 0 0 0 4 4 4
 76 76 101 106 106 84 108 108 42 42 19 12 12 12 27 27 27 27 21 22 22 19 18 18 14 14 17 26 26 26 24 24 10 10 21 5 5 1 0 0 0 0 0 4 4 4
 45 45 89 101 101 103 92 92 40 40 12 10 10 17 27 27 30 30 23 16 16 19 10 10 5 5 14 24 24 58 39 39 18 18 19 5 5 2 2 2 0 0 0 0 0 2
 40 40 62 90 90 91 90 90 104 104 67 71 71 34 30 30 26 26 25 27 27 24 17 17 19 19 51 58 58 56 38 38 48 48 27 22 22 20 2 2 1 1 3 1 1 4
 40 40 62 90 90 91 90 90 104 104 67 71 71 34 30 30 26 26 25 27 27 24 17 17 19 19 51 58 58 56 38 38 48 48 27 22 22 20 2 2 1 1 3 1 1 4
 43 43 48 69 69 70 85 85 136 136 90 80 80 70 22 22 26 26 36 37 37 32 29 29 25 25 55 71 71 51 46 46 48 48 33 24 24 24 9 9 6 6 7 6 6 6
 59 59 50 70 70 65 62 62 102 102 114 76 76 81 34 34 25 25 35 43 43 26 27 27 55 55 79 81 81 50 51 51 40 40 21 15 15 16 13 13 13 13 8 12 12 6
 59 59 50 70 70 65 62 62 102 102 114 76 76 81 34 34 25 25 35 43 43 26 27 27 55 55 79 81 81 50 51 51 40 40 21 15 15 16 13 13 13 13 8 12 12 6
 56 56 62 85 85 71 77 77 66 66 66 91 91 58 42 42 52 52 44 48 48 34 28 28 32 32 37 76 76 66 55 55 44 44 24 55 55 40 28 28 39 39 22 14 14 13
 56 56 62 85 85 71 77 77 66 66 66 91 91 58 42 42 52 52 44 48 48 34 28 28 32 32 37 76 76 66 55 55 44 44 24 55 55 40 28 28 39 39 22 14 14 13
 68 68 77 89 89 79 93 93 74 74 71 71 71 41 52 52 50 50 48 48 48 31 22 22 30 30 29 74 74 36 75 75 60 60 59 57 57 43 22 22 38 38 36 35 35 11
 75 75 81 112 112 104 96 96 88 88 55 47 47 51 46 46 47 47 39 37 37 29 41 41 31 31 28 48 48 37 69 69 55 55 67 53 53 41 41 41 14 14 9 16 16 15
 75 75 81 112 112 104 96 96 88 88 55 47 47 51 46 46 47 47 39 37 37 29 41 41 31 31 28 48 48 37 69 69 55 55 67 53 53 41 41 41 14 14 9 16 16 15
 60 60 101 101 101 130 124 124 108 108 84 60 60 57 42 42 33 33 40 36 36 32 37 37 34 34 31 64 64 57 77 77 62 62 63 51 51 44 28 28 15 15 10 16 16 15
 40 40 71 76 76 111 129 129 126 126 119 103 103 112 79 79 64 64 58 38 38 32 37 37 24 24 30 55 55 56 67 67 61 61 66 42 42 43 30 30 16 16 14 9 9 16
 40 40 71 76 76 111 129 129 126 126 119 103 103 112 79 79 64 64 58 38 38 32 37 37 24 24 30 55 55 56 67 67 61 61 66 42 42 43 30 30 16 16 14 9 9 16
 46 46 51 65 65 82 110 110 132 132 159 134 134 147 104 104 93 93 65 40 40 26 22 22 44 44 49 36 36 33 61 61 63 63 65 25 25 29 12 12 7 7 15 12 12 29
 46 46 51 65 65 82 110 110 132 132 159 134 134 147 104 104 93 93 65 40 40 26 22 22 44 44 49 36 36 33 61 61 63 63 65 25 25 29 12 12 7 7 15 12 12 29
 40 40 44 50 50 69 87 87 129 129 178 168 168 182 183 183 108 108 166 76 76 66 33 33 49 49 57 62 62 39 49 49 30 30 49 28 28 25 13 13 11 11 7 12 12 30
 35 35 43 63 63 70 79 79 119 119 190 198 198 185 193 193 176 176 179 78 78 71 47 47 35 35 38 69 69 51 46 46 31 31 38 39 39 33 11 11 13 13 6 7 7 8
 35 35 43 63 63 70 79 79 119 119 190 198 198 185 193 193 176 176 179 78 78 71 47 47 35 35 38 69 69 51 46 46 31 31 38 39 39 33 11 11 13 13 6 7 7 8
 34 34 37 59 59 64 78 78 98 98 160 197 197 221 178 178 178 178 88 51 51 75 53 53 30 30 31 27 27 20 24 24 20 20 38 42 42 33 30 30 17 17 6 5 5 4
 34 34 40 58 58 56 78 78 93 93 130 196 196 246 183 183 160 160 68 41 41 39 33 33 33 33 29 30 30 39 15 15 14 14 18 33 33 30 29 29 19 19 11 12 12 1
 34 34 40 58 58 56 78 78 93 93 130 196 196 246 183 183 160 160 68 41 41 39 33 33 33 33 29 30 30 39 15 15 14 14 18 33 33 30 29 29 19 19 11 12 12 1
 39 39 48 53 53 61 90 90 101 101 122 165 165 222 206 206 105 105 56 64 64 50 26 26 30 30 25 55 55 46 41 41 21 21 20 21 21 19 14 14 23 23 25 31 31 9
 39 39 48 53 53 61 90 90 101 101 122 165 165 222 206 206 105 105 56 64 64 50 26 26 30 30 25 55 55 46 41 41 21 21 20 21 21 19 14 14 23 23 25 31 31 9
 42 42 58 54 54 72 89 89 84 84 111 135 135 191 188 188 160 160 152 51 51 62 44 44 30 30 36 40 40 49 42 42 27 27 23 19 19 17 14 14 8 8 10 11 11 3
 34 34 53 54 54 70 86 86 91 91 116 130 130 184 197 197 183 183 125 63 63 51 46 46 36 36 35 44 44 51 36 36 42 42 23 39 39 37 9 9 7 7 6 7 7 3
 34 34 53 54 54 70 86 86 91 91 116 130 130 184 197 197 183 183 125 63 63 51 46 46 36 36 35 44 44 51 36 36 42 42 23 39 39 37 9 9 7 7 6 7 7 3
 45 45 44 59 59 80 90 90 114 114 120 124 124 156 184 184 165 165 164 158 158 52 47 47 44 44 48 47 47 50 47 47 43 43 29 19 19 29 16 16 15 15 9 4 4 3
 39 39 51 61 61 78 93 93 121 121 121 127 127 141 182 182 167 167 187 175 175 71 58 58 34 34 39 33 33 54 64 64 34 34 24 24 24 32 23 23 23 23 13 11 11 9
 39 39 51 61 61 78 93 93 121 121 121 127 127 141 182 182 167 167 187 175 175 71 58 58 34 34 39 33 33 54 64 64 34 34 24 24 24 32 23 23 23 23 13 11 11 9
 36 36 51 64 64 83 103 103 126 126 126 127 127 160 205 205 219 219 187 175 175 64 63 63 37 37 31 23 23 32 49 49 31 31 20 17 17 18 21 21 19 19 12 11 11 10
 36 36 51 64 64 83 103 103 126 126 126 127 127 160 205 205 219 219 187 175 175 64 63 63 37 37 31 23 23 32 49 49 31 31 20 17 17 18 21 21 19 19 12 11 11 10
 51 51 66 61 61 91 105 105 137 137 144 140 140 153 184 184 244 244 180 137 137 56 51 51 39 39 34 27 27 35 29 29 35 35 26 13 13 18 19 19 10 10 10 21 21 12
 55 55 72 71 71 78 96 96 128 128 150 143 143 157 214 214 207 207 179 148 148 94 61 61 37 37 27 31 31 44 52 52 64 64 41 21 21 21 9 9 10 10 17 24 24 11
 55 55 72 71 71 78 96 96 128 128 150 143 143 157 214 214 207 207 179 148 148 94 61 61 37 37 27 31 31 44 52 52 64 64 41 21 21 21 9 9 10 10 17 24 24 11
 56 56 71 53 53 59 86 86 109 109 142 149 149 144 158 158 193 193 177 121 121 97 59 59 36 36 45 49 49 46 64 64 57 57 35 22 22 16 11 11 12 12 14 15 15 13
 32 32 37 50 50 58 72 72 90 90 127 137 137 135 148 148 151 151 194 174 174 96 62 62 59 59 39 43 43 47 68 68 39 39 36 14 14 23 20 20 19 19 14 11 11 14
 32 32 37 50 50 58 72 72 90 90 127 137 137 135 148 148 151 151 194 174 174 96 62 62 59 59 39 43 43 47 68 68 39 39 36 14 14 23 20 20 19 19 14 11 11 14
 30 30 34 46 46 50 59 59 83 83 104 127 127 133 123 123 124 124 136 174 174 153 70 70 37 37 21 35 35 45 52 52 37 37 37 30 30 27 27 27 22 22 16 20 20 24
 30 30 34 46 46 50 59 59 83 83 104 127 127 133 123 123 124 124 136 174 174 153 70 70 37 37 21 35 35 45 52 52 37 37 37 30 30 27 27 27 22 22 16 20 20 24
 30 30 34 42 42 49 62 62 66 66 89 111 111 118 102 102 106 106 115 162 162 162 137 137 54 54 36 36 36 36 35 35 37 37 27 39 39 30 22 22 16 16 17 25 25 15
 33 33 36 37 37 40 51 51 55 55 82 97 97 111 101 101 98 98 89 96 96 145 135 135 66 66 30 35 35 41 42 42 29 29 32 27 27 17 14 14 11 11 17 20 20 15
 33 33 36 37 37 40 51 51 55 55 82 97 97 111 101 101 98 98 89 96 96 145 135 135 66 66 30 35 35 41 42 42 29 29 32 27 27 17 14 14 11 11 17 20 20 15
 34 34 34 40 40 47 51 51 60 60 79 79 79 99 103 103 98 98 101 106 106 155 138 138 77 77 86 27 27 25 24 24 25 25 23 33 33 21 14 14 18 18 18 19 19 20
 33 33 40 44 44 52 49 49 55 55 60 73 73 97 107 107 116 116 108 110 110 147 150 150 133 133 39 34 34 40 45 45 21 21 20 22 22 16 19 19 26 26 21 27 27 24
 33 33 40 44 44 52 49 49 55 55 60 73 73 97 107 107 116 116 108 110 110 147 150 150 133 133 39 34 34 40 45 45 21 21 20 22 22 16 19 19 26 26 21 27 27 24
 32 32 29 34 34 44 59 59 65 65 74 78 78 95 103 103 103 103 94 85 85 130 159 159 141 141 33 47 47 50 49 49 26 26 20 17 17 18 20 20 35 35 17 15 15 22
 32 32 29 34 34 44 59 59 65 65 74 78 78 95 103 103 103 103 94 85 85 130 159 159 141 141 33 47 47 50 49 49 26 26 20 17 17 18 20 20 35 35 17 15 15 22
 35 35 31 33 33 33 43 43 63 63 68 72 72 79 82 82 86 86 78 86 86 76 90 90 132 132 88 48 48 42 52 52 22 22 26 19 19 23 19 19 26 26 25 29 29 16
 33 33 32 33 33 34 40 40 47 47 53 54 54 64 65 65 62 62 59 78 78 94 104 104 95 95 84 44 44 41 43 43 45 45 43 33 33 38 30 30 21 21 28 32 32 27
 33 33 32 33 33 34 40 40 47 47 53 54 54 64 65 65 62 62 59 78 78 94 104 104 95 95 84 44 44 41 43 43 45 45 43 33 33 38 30 30 21 21 28 32 32 27
 34 34 32 40 40 43 42 42 41 41 43 44 44 43 71 71 50 50 60 64 64 76 103 103 58 58 82 44 44 43 44 44 41 41 47 44 44 27 34 34 36 36 32 33 33 28
 35 35 35 38 38 82 78 78 74 74 75 129 129 68 73 73 53 53 83 71 71 69 66 66 78 78 85 55 55 32 27 27 29 29 31 69 69 62 63 63 29 29 41 37 37 24
