assets/RAT_results_old/precipitation/2019-08-27_IMERG.asc
ncols        46
nrows        77
xllcorner    74.800261325624
yllcorner    8.058333333333
cellsize     0.062500000000
NODATA_value -9999
 9 9 14 17 17 12 8 8 4 4 4 4 4 4 2 2 1 1 0 0 0 0 0 0 0 0 0 0 0 0 0 0 0 0 0 0 0 0 0 0 0 0 0 0 0 0
 9 9 9 9 9 9 6 6 4 4 4 3 3 2 2 2 2 2 1 1 1 1 0 0 0 0 0 0 0 0 0 0 0 0 0 0 0 0 0 0 0 0 0 0 0 0
 9 9 9 9 9 9 6 6 4 4 4 3 3 2 2 2 2 2 1 1 1 1 0 0 0 0 0 0 0 0 0 0 0 0 0 0 0 0 0 0 0 0 0 0 0 0
 10 10 10 10 10 8 4 4 5 5 3 1 1 2 1 1 1 1 1 1 1 0 0 0 0 0 0 0 0 0 0 0 0 0 0 0 0 0 0 0 0 0 0 0 0 0
 7 7 8 10 10 7 3 3 3 3 3 2 2 2 1 1 1 1 1 1 1 0 0 0 0 0 0 0 0 0 0 0 0 0 0 0 0 0 0 0 0 0 0 0 0 0
 7 7 8 10 10 7 3 3 3 3 3 2 2 2 1 1 1 1 1 1 1 0 0 0 0 0 0 0 0 0 0 0 0 0 0 0 0 0 0 0 0 0 0 0 0 0
 6 6 4 8 8 7 6 6 7 7 8 7 7 3 4 4 2 2 2 1 1 0 0 0 0 0 0 0 0 0 0 0 0 0 0 0 0 0 0 0 0 0 0 0 0 0
 6 6 4 8 8 7 6 6 7 7 8 7 7 3 4 4 2 2 2 1 1 0 0 0 0 0 0 0 0 0 0 0 0 0 0 0 0 0 0 0 0 0 0 0 0 0
 4 4 5 9 9 7 9 9 10 10 9 11 11 11 8 8 4 4 5 3 3 2 2 2 1 1 0 0 0 0 0 0 0 0 0 0 0 0 0 0 0 0 0 0 0 0
 4 4 6 11 11 9 12 12 21 21 14 22 22 12 12 12 14 14 16 6 6 4 4 4 1 1 0 0 0 0 0 0 0 0 0 0 0 0 0 0 0 0 0 0 0 0
 4 4 6 11 11 9 12 12 21 21 14 22 22 12 12 12 14 14 16 6 6 4 4 4 1 1 0 0 0 0 0 0 0 0 0 0 0 0 0 0 0 0 0 0 0 0
 4 4 6 12 12 17 20 20 18 18 21 19 19 18 17 17 17 17 18 20 20 16 4 4 2 2 0 0 0 0 0 0 0 0 0 0 0 0 0 0 0 0 0 0 0 0
 4 4 8 13 13 12 16 16 23 23 24 21 21 20 24 24 20 20 18 18 18 4 1 1 2 2 0 0 0 0 0 0 0 0 0 0 0 0 0 0 0 0 0 0 0 0
 4 4 8 13 13 12 16 16 23 23 24 21 21 20 24 24 20 20 18 18 18 4 1 1 2 2 0 0 0 0 0 0 0 0 0 0 0 0 0 0 0 0 0 0 0 0
 3 3 4 7 7 12 19 19 18 18 20 23 23 22 21 21 22 22 18 4 4 2 0 0 0 0 0 0 0 0 0 0 0 0 0 0 0 0 0 0 0 0 0 0 0 0
 3 3 4 7 7 12 19 19 18 18 20 23 23 22 21 21 22 22 18 4 4 2 0 0 0 0 0 0 0 0 0 0 0 0 0 0 0 0 0 0 0 0 0 0 0 0
 1 1 3 4 4 7 13 13 12 12 18 23 23 22 21 21 17 17 11 2 2 0 0 0 0 0 0 0 0 0 0 0 0 0 0 0 0 0 0 0 0 0 0 0 0 0
 2 2 1 2 2 3 8 8 9 9 13 13 13 12 13 13 10 10 5 2 2 1 0 0 0 0 0 0 0 0 0 0 0 0 0 0 0 0 0 0 0 0 0 0 0 0
 2 2 1 2 2 3 8 8 9 9 13 13 13 12 13 13 10 10 5 2 2 1 0 0 0 0 0 0 0 0 0 0 0 0 0 0 0 0 0 0 0 0 0 0 0 0
 2 2 1 2 2 2 5 5 6 6 8 11 11 15 11 11 8 8 5 2 2 1 0 0 0 0 0 0 0 0 0 0 0 0 0 0 0 0 0 0 0 0 0 0 0 0
 1 1 1 1 1 2 3 3 3 3 4 11 11 14 10 10 8 8 4 2 2 1 0 0 2 2 0 0 0 0 0 0 0 0 0 0 0 0 0 0 0 0 0 0 0 0
 1 1 1 1 1 2 3 3 3 3 4 11 11 14 10 10 8 8 4 2 2 1 0 0 2 2 0 0 0 0 0 0 0 0 0 0 0 0 0 0 0 0 0 0 0 0
 1 1 1 1 1 1 3 3 4 4 5 9 9 11 7 7 7 7 2 2 2 2 1 1 1 1 0 1 1 2 1 1 0 0 0 0 0 0 0 0 0 0 0 0 0 0
 1 1 1 1 1 1 3 3 4 4 5 9 9 11 7 7 7 7 2 2 2 2 1 1 1 1 0 1 1 2 1 1 0 0 0 0 0 0 0 0 0 0 0 0 0 0
 1 1 1 1 1 1 1 1 2 2 3 4 4 7 9 9 8 8 3 2 2 1 2 2 2 2 0 1 1 2 1 1 0 0 0 0 0 0 0 0 0 0 0 0 0 0
 1 1 1 1 1 1 1 1 2 2 2 3 3 7 9 9 11 11 6 3 3 2 3 3 2 2 0 1 1 1 0 0 0 0 0 0 0 0 0 0 0 0 0 0 0 0
 1 1 1 1 1 1 1 1 2 2 2 3 3 7 9 9 11 11 6 3 3 2 3 3 2 2 0 1 1 1 0 0 0 0 0 0 0 0 0 0 0 0 0 0 0 0
 1 1 1 1 1 1 1 1 1 1 1 3 3 4 6 6 7 7 4 3 3 4 4 4 3 3 0 0 0 0 0 0 1 1 0 0 0 0 0 0 0 0 0 0 0 0
 1 1 1 1 1 1 1 1 1 1 2 2 2 3 6 6 6 6 6 5 5 4 2 2 2 2 1 0 0 1 1 1 1 1 1 0 0 0 0 0 0 0 0 0 0 0
 1 1 1 1 1 1 1 1 1 1 2 2 2 3 6 6 6 6 6 5 5 4 2 2 2 2 1 0 0 1 1 1 1 1 1 0 0 0 0 0 0 0 0 0 0 0
 2 2 2 3 3 4 4 4 2 2 2 1 1 3 6 6 8 8 9 10 10 6 4 4 2 2 1 1 1 1 1 1 1 1 1 2 2 1 1 1 1 1 1 1 1 1
 2 2 2 3 3 4 4 4 2 2 2 1 1 3 6 6 8 8 9 10 10 6 4 4 2 2 1 1 1 1 1 1 1 1 1 2 2 1 1 1 1 1 1 1 1 1
 7 7 6 5 5 5 4 4 2 2 2 2 2 3 7 7 9 9 10 15 15 13 8 8 6 6 2 1 1 1 1 1 2 2 2 2 2 2 1 1 1 1 1 1 1 1
 11 11 11 11 11 7 6 6 2 2 2 1 1 2 4 4 7 7 9 10 10 8 8 8 6 6 3 3 3 2 1 1 1 1 1 1 1 0 2 2 1 1 0 0 0 0
 11 11 11 11 11 7 6 6 2 2 2 1 1 2 4 4 7 7 9 10 10 8 8 8 6 6 3 3 3 2 1 1 1 1 1 1 1 0 2 2 1 1 0 0 0 0
 17 17 15 13 13 7 5 5 2 2 2 5 5 6 6 6 8 8 9 9 9 9 7 7 11 11 8 3 3 2 1 1 0 0 2 0 0 0 1 1 1 1 1 0 0 0
 16 16 12 9 9 8 8 8 7 7 10 8 8 8 8 8 10 10 11 10 10 15 15 15 10 10 12 4 4 2 0 0 0 0 0 0 0 1 1 1 2 2 0 0 0 0
 16 16 12 9 9 8 8 8 7 7 10 8 8 8 8 8 10 10 11 10 10 15 15 15 10 10 12 4 4 2 0 0 0 0 0 0 0 1 1 1 2 2 0 0 0 0
 18 18 13 9 9 8 9 9 9 9 15 14 14 17 13 13 16 16 17 24 24 20 19 19 15 15 11 7 7 3 2 2 0 0 0 3 3 1 2 2 2 2 1 1 1 0
 18 18 13 9 9 8 9 9 9 9 15 14 14 17 13 13 16 16 17 24 24 20 19 19 15 15 11 7 7 3 2 2 0 0 0 3 3 1 2 2 2 2 1 1 1 0
 11 11 9 7 7 7 11 11 13 13 18 16 16 14 14 14 18 18 29 35 35 33 31 31 25 25 19 14 14 11 5 5 5 5 2 4 4 10 9 9 3 3 1 1 1 1
 10 10 9 8 8 7 7 7 9 9 13 10 10 12 19 19 23 23 45 33 33 37 25 25 21 21 19 16 16 10 6 6 5 5 7 3 3 5 6 6 2 2 2 1 1 1
 10 10 9 8 8 7 7 7 9 9 13 10 10 12 19 19 23 23 45 33 33 37 25 25 21 21 19 16 16 10 6 6 5 5 7 3 3 5 6 6 2 2 2 1 1 1
 10 10 12 11 11 11 6 6 5 5 4 4 4 7 8 8 10 10 16 19 19 25 23 23 19 19 26 23 23 30 13 13 12 12 9 5 5 3 6 6 5 5 3 1 1 1
 11 11 12 11 11 8 10 10 9 9 4 3 3 3 5 5 5 5 9 24 24 20 19 19 20 20 23 28 28 28 25 25 14 14 11 4 4 5 7 7 5 5 2 1 1 1
 11 11 12 11 11 8 10 10 9 9 4 3 3 3 5 5 5 5 9 24 24 20 19 19 20 20 23 28 28 28 25 25 14 14 11 4 4 5 7 7 5 5 2 1 1 1
 11 11 12 11 11 9 8 8 3 3 3 3 3 4 4 4 11 11 13 18 18 15 19 19 24 24 31 37 37 28 20 20 12 12 4 4 4 4 2 2 3 3 1 1 1 1
 11 11 12 11 11 9 8 8 3 3 3 3 3 4 4 4 11 11 13 18 18 15 19 19 24 24 31 37 37 28 20 20 12 12 4 4 4 4 2 2 3 3 1 1 1 1
 11 11 12 12 12 9 8 8 3 3 4 3 3 4 4 4 9 9 14 15 15 22 27 27 31 31 24 27 27 25 16 16 13 13 5 2 2 2 0 0 2 2 2 3 3 2
 9 9 10 11 11 9 4 4 2 2 3 3 3 4 3 3 9 9 9 11 11 16 25 25 27 27 23 20 20 17 14 14 11 11 4 1 1 3 1 1 2 2 4 3 3 3
 9 9 10 11 11 9 4 4 2 2 3 3 3 4 3 3 9 9 9 11 11 16 25 25 27 27 23 20 20 17 14 14 11 11 4 1 1 3 1 1 2 2 4 3 3 3
 9 9 6 6 6 7 3 3 3 3 3 5 5 7 6 6 3 3 3 7 7 22 18 18 24 24 19 16 16 13 10 10 10 10 4 4 4 3 1 1 2 2 4 4 4 2
 8 8 6 6 6 5 5 5 2 2 2 3 3 6 4 4 3 3 3 7 7 14 14 14 15 15 13 11 11 6 4 4 4 4 4 5 5 3 3 3 3 3 4 3 3 0
 8 8 6 6 6 5 5 5 2 2 2 3 3 6 4 4 3 3 3 7 7 14 14 14 15 15 13 11 11 6 4 4 4 4 4 5 5 3 3 3 3 3 4 3 3 0
 7 7 5 4 4 3 3 3 3 3 4 3 3 3 4 4 4 4 6 6 6 3 10 10 9 9 9 9 9 4 3 3 4 4 4 4 4 2 2 2 4 4 3 0 0 0
 7 7 5 4 4 3 3 3 3 3 4 3 3 3 4 4 4 4 6 6 6 3 10 10 9 9 9 9 9 4 3 3 4 4 4 4 4 2 2 2 4 4 3 0 0 0
 11 11 12 9 9 7 6 6 5 5 4 5 5 4 4 4 6 6 14 3 3 1 5 5 7 7 6 5 5 6 7 7 5 5 4 5 5 2 2 2 2 2 1 0 0 0
 19 19 17 17 17 15 12 12 11 11 11 11 11 11 7 7 8 8 5 0 0 0 4 4 4 4 6 9 9 8 6 6 8 8 5 2 2 1 4 4 4 4 1 0 0 0
 19 19 17 17 17 15 12 12 11 11 11 11 11 11 7 7 8 8 5 0 0 0 4 4 4 4 6 9 9 8 6 6 8 8 5 2 2 1 4 4 4 4 1 0 0 0
 29 29 28 26 26 22 19 19 18 18 21 18 18 15 11 11 9 9 5 0 0 1 3 3 4 4 8 11 11 9 10 10 5 5 4 0 0 1 3 3 4 4 0 0 0 0
 37 37 33 31 31 27 28 28 35 35 29 26 26 18 15 15 15 15 8 5 5 2 2 2 6 6 8 7 7 12 7 7 2 2 4 1 1 2 2 2 3 3 0 0 0 0
 37 37 33 31 31 27 28 28 35 35 29 26 26 18 15 15 15 15 8 5 5 2 2 2 6 6 8 7 7 12 7 7 2 2 4 1 1 2 2 2 3 3 0 0 0 0
 47 47 50 47 47 41 40 40 34 34 28 22 22 15 15 15 6 6 5 6 6 3 2 2 5 5 10 8 8 6 5 5 3 3 4 1 1 1 2 2 2 2 0 0 0 0
 47 47 50 47 47 41 40 40 34 34 28 22 22 15 15 15 6 6 5 6 6 3 2 2 5 5 10 8 8 6 5 5 3 3 4 1 1 1 2 2 2 2 0 0 0 0
 41 41 42 44 44 38 39 39 27 27 20 16 16 8 10 10 2 2 2 3 3 2 2 2 4 4 10 5 5 7 5 5 3 3 3 3 3 1 2 2 1 1 0 0 0 0
 35 35 35 39 39 33 31 31 20 20 14 10 10 9 6 6 2 2 1 2 2 1 5 5 7 7 6 6 6 5 3 3 3 3 1 1 1 0 1 1 1 1 0 0 0 0
 35 35 35 39 39 33 31 31 20 20 14 10 10 9 6 6 2 2 1 2 2 1 5 5 7 7 6 6 6 5 3 3 3 3 1 1 1 0 1 1 1 1 0 0 0 0
 26 26 23 23 23 18 14 14 10 10 7 6 6 6 1 1 1 1 1 2 2 2 3 3 5 5 5 5 5 1 3 3 3 3 2 1 1 0 2 2 1 1 0 1 1 0
 13 13 13 13 13 10 8 8 5 5 5 4 4 2 4 4 4 4 1 2 2 2 2 2 1 1 1 1 1 2 1 1 2 2 2 2 2 2 0 0 2 2 3 4 4 2
 13 13 13 13 13 10 8 8 5 5 5 4 4 2 4 4 4 4 1 2 2 2 2 2 1 1 1 1 1 2 1 1 2 2 2 2 2 2 0 0 2 2 3 4 4 2
 6 6 6 6 6 5 4 4 4 4 3 2 2 0 2 2 6 6 6 5 5 2 1 1 2 2 1 2 2 0 1 1 1 1 2 3 3 2 1 1 2 2 4 3 3 3
 6 6 6 6 6 5 4 4 4 4 3 2 2 0 2 2 6 6 6 5 5 2 1 1 2 2 1 2 2 0 1 1 1 1 2 3 3 2 1 1 2 2 4 3 3 3
 5 5 5 4 4 3 2 2 2 2 1 1 1 2 4 4 5 5 5 4 4 3 2 2 2 2 2 1 1 0 1 1 1 1 3 3 3 1 2 2 0 0 0 1 1 3
 2 2 2 2 2 1 1 1 2 2 3 3 3 4 6 6 7 7 5 4 4 3 2 2 2 2 1 1 1 0 0 0 1 1 2 1 1 1 2 2 0 0 0 0 0 1
 2 2 2 2 2 1 1 1 2 2 3 3 3 4 6 6 7 7 5 4 4 3 2 2 2 2 1 1 1 0 0 0 1 1 2 1 1 1 2 2 0 0 0 0 0 1
 1 1 1 1 1 1 1 1 2 2 3 4 4 4 7 7 6 6 4 3 3 2 2 2 1 1 1 0 0 0 0 0 1 1 1 2 2 1 2 2 2 2 2 0 0 1
 1 1 1 1 1 1 1 1 2 2 3 3 3 3 3 3 6 6 3 2 2 1 1 1 1 1 0 0 0 0 0 0 0 0 1 1 1 0 0 0 0 0 2 0 0 0
