assets/RAT_results_old/precipitation/2019-11-09_IMERG.asc
ncols        46
nrows        77
xllcorner    74.800261325624
yllcorner    8.058333333333
cellsize     0.062500000000
NODATA_value -9999
 0 0 0 0 0 0 0 0 0 0 0 0 0 0 0 0 0 0 0 0 0 0 0 0 0 0 0 0 0 0 0 0 0 0 0 0 0 0 0 0 0 0 1 4 4 4
 0 0 0 0 0 0 0 0 0 0 0 0 0 0 1 1 1 1 0 0 0 0 0 0 0 0 0 0 0 0 0 0 0 0 0 0 0 0 0 0 4 4 4 5 5 1
 0 0 0 0 0 0 0 0 0 0 0 0 0 0 1 1 1 1 0 0 0 0 0 0 0 0 0 0 0 0 0 0 0 0 0 0 0 0 0 0 4 4 4 5 5 1
 0 0 0 0 0 0 0 0 0 0 1 1 1 1 1 1 1 1 0 0 0 0 0 0 0 0 0 0 0 2 0 0 0 0 0 0 0 2 2 2 6 6 9 7 7 4
 0 0 0 0 0 0 0 0 1 1 1 1 1 2 1 1 1 1 0 0 0 0 0 0 0 0 0 1 1 2 2 2 2 2 2 1 1 3 7 7 31 31 34 11 11 6
 0 0 0 0 0 0 0 0 1 1 1 1 1 2 1 1 1 1 0 0 0 0 0 0 0 0 0 1 1 2 2 2 2 2 2 1 1 3 7 7 31 31 34 11 11 6
 0 0 0 0 0 0 0 0 1 1 3 2 2 1 2 2 1 1 1 0 0 0 0 0 0 0 2 3 3 5 4 4 4 4 2 2 2 3 8 8 34 34 19 17 17 9
 0 0 0 0 0 0 0 0 1 1 3 2 2 1 2 2 1 1 1 0 0 0 0 0 0 0 2 3 3 5 4 4 4 4 2 2 2 3 8 8 34 34 19 17 17 9
 0 0 0 0 0 0 0 0 1 1 2 1 1 8 1 1 2 2 2 0 0 0 1 1 1 1 4 5 5 7 11 11 6 6 2 2 2 2 13 13 14 14 13 16 16 13
 0 0 0 0 0 0 0 0 1 1 2 1 1 4 2 2 6 6 1 1 1 0 1 1 1 1 6 8 8 14 13 13 8 8 5 5 5 1 3 3 9 9 10 11 11 14
 0 0 0 0 0 0 0 0 1 1 2 1 1 4 2 2 6 6 1 1 1 0 1 1 1 1 6 8 8 14 13 13 8 8 5 5 5 1 3 3 9 9 10 11 11 14
 0 0 0 0 0 0 0 0 1 1 1 0 0 1 0 0 2 2 2 1 1 1 1 1 7 7 13 14 14 16 11 11 8 8 5 4 4 2 1 1 3 3 19 20 20 15
 1 1 1 0 0 0 0 0 0 0 0 0 0 0 2 2 6 6 2 1 1 1 1 1 7 7 12 12 12 12 7 7 4 4 1 1 1 1 1 1 3 3 20 31 31 52
 1 1 1 0 0 0 0 0 0 0 0 0 0 0 2 2 6 6 2 1 1 1 1 1 7 7 12 12 12 12 7 7 4 4 1 1 1 1 1 1 3 3 20 31 31 52
 1 1 1 0 0 1 1 1 1 1 1 0 0 0 2 2 14 14 7 2 2 2 1 1 20 20 6 5 5 5 3 3 2 2 0 2 2 3 3 3 3 3 4 5 5 18
 1 1 1 0 0 1 1 1 1 1 1 0 0 0 2 2 14 14 7 2 2 2 1 1 20 20 6 5 5 5 3 3 2 2 0 2 2 3 3 3 3 3 4 5 5 18
 1 1 1 1 1 1 2 2 2 2 2 1 1 2 6 6 14 14 4 2 2 2 2 2 26 26 5 1 1 3 4 4 1 1 1 2 2 4 4 4 4 4 5 6 6 8
 1 1 1 1 1 2 2 2 3 3 4 3 3 2 3 3 5 5 5 3 3 6 7 7 4 4 4 2 2 5 8 8 1 1 3 5 5 7 7 7 4 4 4 6 6 12
 1 1 1 1 1 2 2 2 3 3 4 3 3 2 3 3 5 5 5 3 3 6 7 7 4 4 4 2 2 5 8 8 1 1 3 5 5 7 7 7 4 4 4 6 6 12
 0 0 1 2 2 3 3 3 5 5 3 5 5 3 1 1 1 1 1 4 4 7 12 12 10 10 9 5 5 4 3 3 5 5 3 9 9 9 8 8 6 6 13 26 26 13
 0 0 1 3 3 4 5 5 7 7 3 5 5 3 1 1 1 1 2 15 15 14 21 21 13 13 14 8 8 4 1 1 1 1 4 6 6 7 5 5 8 8 21 10 10 7
 0 0 1 3 3 4 5 5 7 7 3 5 5 3 1 1 1 1 2 15 15 14 21 21 13 13 14 8 8 4 1 1 1 1 4 6 6 7 5 5 8 8 21 10 10 7
 0 0 1 3 3 6 6 6 7 7 6 5 5 4 3 3 2 2 1 23 23 29 32 32 33 33 25 6 6 4 4 4 2 2 3 3 3 3 1 1 4 4 12 2 2 0
 0 0 1 3 3 6 6 6 7 7 6 5 5 4 3 3 2 2 1 23 23 29 32 32 33 33 25 6 6 4 4 4 2 2 3 3 3 3 1 1 4 4 12 2 2 0
 0 0 1 3 3 4 11 11 7 7 4 6 6 3 2 2 7 7 7 16 16 20 29 29 31 31 27 7 7 6 3 3 3 3 3 3 3 2 1 1 0 0 2 0 0 0
 0 0 0 1 1 1 7 7 5 5 1 5 5 2 2 2 8 8 4 5 5 4 12 12 54 54 23 9 9 13 8 8 6 6 11 9 9 4 1 1 1 1 0 0 0 0
 0 0 0 1 1 1 7 7 5 5 1 5 5 2 2 2 8 8 4 5 5 4 12 12 54 54 23 9 9 13 8 8 6 6 11 9 9 4 1 1 1 1 0 0 0 0
 0 0 0 0 0 0 1 1 0 0 0 0 0 0 0 0 4 4 4 1 1 4 8 8 53 53 29 14 14 14 24 24 13 13 6 5 5 3 2 2 1 1 0 0 0 0
 0 0 0 0 0 0 0 0 0 0 0 0 0 0 0 0 2 2 1 0 0 0 2 2 25 25 26 19 19 20 21 21 14 14 4 4 4 10 8 8 1 1 0 0 0 0
 0 0 0 0 0 0 0 0 0 0 0 0 0 0 0 0 2 2 1 0 0 0 2 2 25 25 26 19 19 20 21 21 14 14 4 4 4 10 8 8 1 1 0 0 0 0
 0 0 0 0 0 0 0 0 0 0 0 0 0 0 0 0 1 1 5 1 1 1 0 0 5 5 25 10 10 26 18 18 11 11 3 11 11 10 7 7 3 3 0 0 0 0
 0 0 0 0 0 0 0 0 0 0 0 0 0 0 0 0 1 1 5 1 1 1 0 0 5 5 25 10 10 26 18 18 11 11 3 11 11 10 7 7 3 3 0 0 0 0
 0 0 0 0 0 0 0 0 0 0 0 0 0 0 11 11 1 1 1 2 2 0 0 0 3 3 6 8 8 26 18 18 15 15 4 9 9 8 4 4 3 3 0 0 0 0
 0 0 0 0 0 0 0 0 0 0 0 0 0 0 0 0 0 0 1 2 2 0 0 0 1 1 3 9 9 12 14 14 6 6 3 9 9 9 0 0 0 0 0 0 0 0
 0 0 0 0 0 0 0 0 0 0 0 0 0 0 0 0 0 0 1 2 2 0 0 0 1 1 3 9 9 12 14 14 6 6 3 9 9 9 0 0 0 0 0 0 0 0
 0 0 0 0 0 0 0 0 0 0 0 2 2 0 0 0 0 0 1 1 1 0 1 1 1 1 2 12 12 13 9 9 7 7 3 2 2 2 0 0 0 0 2 2 2 1
 0 0 0 0 0 0 0 0 0 0 1 1 1 1 3 3 0 0 0 1 1 1 1 1 1 1 4 14 14 28 19 19 9 9 7 3 3 2 1 1 1 1 2 2 2 1
 0 0 0 0 0 0 0 0 0 0 1 1 1 1 3 3 0 0 0 1 1 1 1 1 1 1 4 14 14 28 19 19 9 9 7 3 3 2 1 1 1 1 2 2 2 1
 0 0 0 0 0 0 0 0 0 0 0 1 1 2 4 4 0 0 0 1 1 1 0 0 1 1 7 21 21 30 39 39 25 25 9 13 13 4 3 3 2 2 3 2 2 1
 0 0 0 0 0 0 0 0 0 0 0 1 1 2 4 4 0 0 0 1 1 1 0 0 1 1 7 21 21 30 39 39 25 25 9 13 13 4 3 3 2 2 3 2 2 1
 0 0 0 0 0 0 0 0 0 0 0 3 3 12 4 4 0 0 0 0 0 1 1 1 0 0 6 11 11 32 47 47 28 28 11 32 32 5 3 3 3 3 3 4 4 6
 0 0 0 0 0 0 0 0 0 0 0 3 3 8 2 2 0 0 0 0 0 1 1 1 5 5 8 9 9 21 41 41 22 22 18 15 15 8 4 4 4 4 3 4 4 4
 0 0 0 0 0 0 0 0 0 0 0 3 3 8 2 2 0 0 0 0 0 1 1 1 5 5 8 9 9 21 41 41 22 22 18 15 15 8 4 4 4 4 3 4 4 4
 0 0 0 0 0 0 0 0 0 0 0 1 1 3 2 2 1 1 0 0 0 1 1 1 5 5 5 5 5 23 48 48 27 27 22 18 18 10 3 3 3 3 3 2 2 4
 1 1 0 0 0 0 0 0 0 0 0 0 0 1 2 2 1 1 0 0 0 0 1 1 4 4 2 5 5 22 55 55 46 46 18 12 12 8 4 4 3 3 2 4 4 4
 1 1 0 0 0 0 0 0 0 0 0 0 0 1 2 2 1 1 0 0 0 0 1 1 4 4 2 5 5 22 55 55 46 46 18 12 12 8 4 4 3 3 2 4 4 4
 1 1 1 0 0 0 0 0 0 0 0 0 0 1 2 2 1 1 0 0 0 0 0 0 1 1 0 3 3 13 27 27 35 35 22 13 13 11 5 5 5 5 5 7 7 7
 1 1 1 0 0 0 0 0 0 0 0 0 0 1 2 2 1 1 0 0 0 0 0 0 1 1 0 3 3 13 27 27 35 35 22 13 13 11 5 5 5 5 5 7 7 7
 0 0 0 0 0 0 0 0 0 0 0 0 0 1 1 1 0 0 0 0 0 0 0 0 1 1 0 2 2 7 44 44 48 48 24 16 16 9 4 4 4 4 2 6 6 10
 0 0 0 0 0 0 0 0 0 0 0 0 0 1 0 0 0 0 0 0 0 0 0 0 1 1 1 2 2 6 39 39 19 19 22 43 43 31 3 3 5 5 1 2 2 8
 0 0 0 0 0 0 0 0 0 0 0 0 0 1 0 0 0 0 0 0 0 0 0 0 1 1 1 2 2 6 39 39 19 19 22 43 43 31 3 3 5 5 1 2 2 8
 0 0 0 0 0 0 0 0 0 0 0 0 0 0 0 0 0 0 0 0 0 0 0 0 0 0 0 1 1 1 15 15 15 15 21 62 62 68 5 5 2 2 1 7 7 12
 0 0 0 0 0 0 0 0 0 0 0 0 0 0 0 0 0 0 0 0 0 0 0 0 0 0 1 1 1 1 9 9 9 9 8 28 28 22 3 3 2 2 6 16 16 15
 0 0 0 0 0 0 0 0 0 0 0 0 0 0 0 0 0 0 0 0 0 0 0 0 0 0 1 1 1 1 9 9 9 9 8 28 28 22 3 3 2 2 6 16 16 15
 0 0 0 0 0 0 0 0 0 0 0 0 0 0 0 0 0 0 0 0 0 1 1 1 1 1 1 1 1 2 7 7 10 10 7 7 7 11 14 14 3 3 5 7 7 7
 0 0 0 0 0 0 0 0 0 0 0 0 0 0 0 0 0 0 0 0 0 1 1 1 1 1 1 1 1 2 7 7 10 10 7 7 7 11 14 14 3 3 5 7 7 7
 0 0 0 0 0 0 0 0 0 0 0 0 0 0 0 0 0 0 0 0 0 1 1 1 1 1 0 1 1 4 13 13 18 18 16 14 14 13 13 13 6 6 8 6 6 5
 0 0 0 0 0 0 0 0 0 0 0 0 0 0 0 0 0 0 0 0 0 0 1 1 0 0 1 2 2 0 9 9 20 20 30 14 14 15 11 11 17 17 4 2 2 1
 0 0 0 0 0 0 0 0 0 0 0 0 0 0 0 0 0 0 0 0 0 0 1 1 0 0 1 2 2 0 9 9 20 20 30 14 14 15 11 11 17 17 4 2 2 1
 0 0 0 0 0 0 0 0 0 0 0 0 0 0 0 0 0 0 0 0 0 0 0 0 0 0 0 2 2 1 3 3 51 51 16 10 10 7 4 4 3 3 3 2 2 1
 0 0 0 0 0 0 0 0 0 0 0 0 0 0 0 0 0 0 0 0 0 0 0 0 0 0 0 1 1 0 3 3 37 37 19 10 10 5 3 3 2 2 1 3 3 4
 0 0 0 0 0 0 0 0 0 0 0 0 0 0 0 0 0 0 0 0 0 0 0 0 0 0 0 1 1 0 3 3 37 37 19 10 10 5 3 3 2 2 1 3 3 4
 0 0 0 0 0 0 0 0 0 0 0 0 0 0 0 0 0 0 0 0 0 0 0 0 0 0 0 1 1 1 3 3 12 12 13 10 10 8 1 1 0 0 3 9 9 4
 0 0 0 0 0 0 0 0 0 0 0 0 0 0 0 0 0 0 0 0 0 0 0 0 0 0 0 1 1 1 3 3 12 12 13 10 10 8 1 1 0 0 3 9 9 4
 0 0 0 0 0 0 0 0 0 0 0 0 0 0 0 0 0 0 0 0 0 0 0 0 0 0 2 0 0 1 2 2 4 4 11 14 14 6 5 5 3 3 2 4 4 7
 0 0 0 0 0 0 0 0 0 0 0 0 0 0 0 0 0 0 0 0 0 0 0 0 0 0 3 3 3 2 1 1 2 2 9 5 5 5 13 13 3 3 1 2 2 3
 0 0 0 0 0 0 0 0 0 0 0 0 0 0 0 0 0 0 0 0 0 0 0 0 0 0 3 3 3 2 1 1 2 2 9 5 5 5 13 13 3 3 1 2 2 3
 0 0 0 0 0 0 0 0 0 0 0 0 0 0 0 0 0 0 0 0 0 0 0 0 0 0 0 1 1 1 1 1 2 2 2 5 5 7 22 22 12 12 3 2 2 3
 0 0 0 0 0 0 0 0 0 0 0 0 0 0 0 0 0 0 0 0 0 0 0 0 0 0 0 1 1 2 2 2 3 3 4 6 6 7 7 7 45 45 20 7 7 2
 0 0 0 0 0 0 0 0 0 0 0 0 0 0 0 0 0 0 0 0 0 0 0 0 0 0 0 1 1 2 2 2 3 3 4 6 6 7 7 7 45 45 20 7 7 2
 0 0 0 0 0 0 0 0 0 0 0 0 0 0 0 0 0 0 0 0 0 0 0 0 0 0 0 1 1 1 1 1 1 1 4 5 5 6 8 8 46 46 12 8 8 0
 0 0 0 0 0 0 0 0 0 0 0 0 0 0 0 0 0 0 0 0 0 0 0 0 0 0 0 1 1 1 1 1 1 1 4 5 5 6 8 8 46 46 12 8 8 0
 0 0 0 0 0 0 0 0 0 0 0 0 0 0 0 0 0 0 0 0 0 0 0 0 0 0 0 0 0 0 0 0 0 0 2 3 3 3 5 5 15 15 40 46 46 9
 0 0 0 0 0 0 0 0 0 0 0 0 0 0 0 0 0 0 0 0 0 1 0 0 0 0 0 0 0 1 0 0 0 0 1 1 1 2 2 2 2 2 15 3 3 0
 0 0 0 0 0 0 0 0 0 0 0 0 0 0 0 0 0 0 0 0 0 1 0 0 0 0 0 0 0 1 0 0 0 0 1 1 1 2 2 2 2 2 15 3 3 0
 0 0 0 0 0 0 0 0 0 0 0 0 0 0 0 0 0 0 0 0 0 1 0 0 0 0 0 0 0 0 1 1 2 2 0 1 1 1 1 1 1 1 1 0 0 0
 0 0 0 0 0 0 0 0 0 0 0 0 0 0 0 0 0 0 0 0 0 0 1 1 1 1 0 0 0 0 0 0 0 0 0 0 0 0 0 0 0 0 1 0 0 0
