assets/RAT_results_old/precipitation/2019-09-22_IMERG.asc
ncols        46
nrows        77
xllcorner    74.800261325624
yllcorner    8.058333333333
cellsize     0.062500000000
NODATA_value -9999
 2 2 1 1 1 2 2 2 3 3 2 3 3 5 22 22 9 9 10 19 19 20 39 39 32 32 26 23 23 46 46 46 49 49 62 41 41 22 18 18 5 5 3 6 6 4
 1 1 2 2 2 3 3 3 5 5 4 12 12 14 26 26 8 8 10 20 20 23 31 31 27 27 21 17 17 20 41 41 46 46 45 51 51 40 17 17 8 8 6 4 4 6
 1 1 2 2 2 3 3 3 5 5 4 12 12 14 26 26 8 8 10 20 20 23 31 31 27 27 21 17 17 20 41 41 46 46 45 51 51 40 17 17 8 8 6 4 4 6
 0 0 1 5 5 3 3 3 6 6 6 20 20 18 6 6 7 7 8 14 14 15 37 37 38 38 18 20 20 21 30 30 27 27 25 26 26 26 19 19 9 9 10 25 25 8
 0 0 2 3 3 1 1 1 2 2 9 11 11 10 8 8 7 7 8 9 9 10 34 34 37 37 20 27 27 42 45 45 28 28 22 44 44 56 34 34 39 39 44 26 26 12
 0 0 2 3 3 1 1 1 2 2 9 11 11 10 8 8 7 7 8 9 9 10 34 34 37 37 20 27 27 42 45 45 28 28 22 44 44 56 34 34 39 39 44 26 26 12
 0 0 1 3 3 2 0 0 0 0 1 2 2 5 18 18 19 19 8 8 8 8 15 15 18 18 31 51 51 60 35 35 38 38 45 33 33 68 19 19 25 25 16 18 18 14
 0 0 1 3 3 2 0 0 0 0 1 2 2 5 18 18 19 19 8 8 8 8 15 15 18 18 31 51 51 60 35 35 38 38 45 33 33 68 19 19 25 25 16 18 18 14
 1 1 1 3 3 3 1 1 1 1 1 0 0 0 1 1 24 24 22 5 5 9 9 9 15 15 27 45 45 57 42 42 36 36 33 29 29 21 14 14 10 10 42 12 12 18
 1 1 1 2 2 3 2 2 2 2 1 1 1 0 0 0 0 0 7 5 5 10 9 9 19 19 27 52 52 68 78 78 54 54 44 23 23 18 12 12 20 20 53 17 17 15
 1 1 1 2 2 3 2 2 2 2 1 1 1 0 0 0 0 0 7 5 5 10 9 9 19 19 27 52 52 68 78 78 54 54 44 23 23 18 12 12 20 20 53 17 17 15
 1 1 1 1 1 3 3 3 3 3 2 1 1 0 0 0 0 0 1 1 1 7 6 6 17 17 24 27 27 59 77 77 80 80 72 22 22 17 17 17 39 39 20 26 26 16
 0 0 1 1 1 3 3 3 4 4 2 2 2 3 3 3 1 1 6 1 1 6 8 8 8 8 19 20 20 69 72 72 53 53 54 18 18 23 43 43 42 42 20 24 24 23
 0 0 1 1 1 3 3 3 4 4 2 2 2 3 3 3 1 1 6 1 1 6 8 8 8 8 19 20 20 69 72 72 53 53 54 18 18 23 43 43 42 42 20 24 24 23
 0 0 0 1 1 1 2 2 3 3 1 1 1 5 20 20 20 20 12 1 1 5 9 9 12 12 18 17 17 57 22 22 31 31 34 16 16 23 34 34 17 17 17 22 22 48
 0 0 0 1 1 1 2 2 3 3 1 1 1 5 20 20 20 20 12 1 1 5 9 9 12 12 18 17 17 57 22 22 31 31 34 16 16 23 34 34 17 17 17 22 22 48
 0 0 0 1 1 2 2 2 1 1 3 1 1 1 1 1 14 14 12 2 2 2 5 5 5 5 7 8 8 15 20 20 27 27 24 26 26 36 29 29 20 20 14 18 18 21
 1 1 0 0 0 1 2 2 2 2 3 8 8 10 2 2 5 5 5 2 2 2 2 2 4 4 4 3 3 9 15 15 29 29 32 29 29 41 42 42 34 34 22 25 25 17
 1 1 0 0 0 1 2 2 2 2 3 8 8 10 2 2 5 5 5 2 2 2 2 2 4 4 4 3 3 9 15 15 29 29 32 29 29 41 42 42 34 34 22 25 25 17
 1 1 1 0 0 0 1 1 2 2 3 3 3 4 2 2 2 2 2 2 2 6 3 3 4 4 4 4 4 7 18 18 26 26 18 15 15 21 23 23 26 26 28 40 40 33
 1 1 1 1 1 1 0 0 1 1 2 2 2 4 1 1 2 2 1 2 2 2 4 4 5 5 11 13 13 12 23 23 15 15 14 14 14 32 31 31 26 26 30 37 37 29
 1 1 1 1 1 1 0 0 1 1 2 2 2 4 1 1 2 2 1 2 2 2 4 4 5 5 11 13 13 12 23 23 15 15 14 14 14 32 31 31 26 26 30 37 37 29
 1 1 1 1 1 1 1 1 1 1 2 3 3 3 1 1 2 2 3 3 3 1 7 7 5 5 3 12 12 22 33 33 31 31 39 35 35 30 24 24 10 10 17 1 1 1
 1 1 1 1 1 1 1 1 1 1 2 3 3 3 1 1 2 2 3 3 3 1 7 7 5 5 3 12 12 22 33 33 31 31 39 35 35 30 24 24 10 10 17 1 1 1
 1 1 1 1 1 1 1 1 1 1 2 2 2 4 4 4 4 4 4 5 5 13 7 7 5 5 10 8 8 29 19 19 22 22 26 25 25 18 18 18 11 11 9 2 2 2
 1 1 1 1 1 1 0 0 0 0 1 1 1 3 5 5 4 4 4 4 4 4 9 9 8 8 10 13 13 12 8 8 15 15 12 21 21 19 7 7 6 6 4 3 3 3
 1 1 1 1 1 1 0 0 0 0 1 1 1 3 5 5 4 4 4 4 4 4 9 9 8 8 10 13 13 12 8 8 15 15 12 21 21 19 7 7 6 6 4 3 3 3
 1 1 1 1 1 1 0 0 0 0 0 0 0 3 3 3 4 4 5 4 4 2 6 6 17 17 11 9 9 8 9 9 8 8 4 12 12 9 9 9 9 9 10 5 5 2
 1 1 1 2 2 1 0 0 0 0 0 0 0 4 7 7 4 4 3 2 2 3 3 3 9 9 15 14 14 19 8 8 4 4 6 11 11 12 12 12 10 10 11 6 6 2
 1 1 1 2 2 1 0 0 0 0 0 0 0 4 7 7 4 4 3 2 2 3 3 3 9 9 15 14 14 19 8 8 4 4 6 11 11 12 12 12 10 10 11 6 6 2
 1 1 1 2 2 0 0 0 0 0 0 0 0 0 2 2 3 3 4 3 3 7 10 10 7 7 6 9 9 20 8 8 6 6 5 5 5 8 13 13 13 13 44 22 22 4
 1 1 1 2 2 0 0 0 0 0 0 0 0 0 2 2 3 3 4 3 3 7 10 10 7 7 6 9 9 20 8 8 6 6 5 5 5 8 13 13 13 13 44 22 22 4
 1 1 1 1 1 0 0 0 0 0 0 0 0 0 2 2 4 4 5 8 8 7 14 14 20 20 21 8 8 16 9 9 6 6 5 5 5 13 13 13 13 13 28 17 17 18
 1 1 1 1 1 0 0 0 0 0 0 0 0 0 1 1 6 6 8 10 10 17 9 9 10 10 17 4 4 3 4 4 4 4 3 3 3 11 12 12 16 16 16 16 16 17
 1 1 1 1 1 0 0 0 0 0 0 0 0 0 1 1 6 6 8 10 10 17 9 9 10 10 17 4 4 3 4 4 4 4 3 3 3 11 12 12 16 16 16 16 16 17
 0 0 1 1 1 1 0 0 0 0 0 0 0 0 0 0 8 8 9 8 8 14 11 11 11 11 3 4 4 2 2 2 2 2 2 3 3 7 10 10 16 16 18 17 17 9
 0 0 1 1 1 1 0 0 0 0 0 0 0 0 7 7 10 10 9 12 12 20 21 21 1 1 1 1 1 3 2 2 2 2 2 2 2 5 4 4 10 10 16 24 24 10
 0 0 1 1 1 1 0 0 0 0 0 0 0 0 7 7 10 10 9 12 12 20 21 21 1 1 1 1 1 3 2 2 2 2 2 2 2 5 4 4 10 10 16 24 24 10
 0 0 1 1 1 1 0 0 0 0 0 0 0 0 1 1 4 4 8 9 9 16 16 16 8 8 9 2 2 4 9 9 4 4 2 2 2 3 5 5 10 10 16 18 18 12
 0 0 1 1 1 1 0 0 0 0 0 0 0 0 1 1 4 4 8 9 9 16 16 16 8 8 9 2 2 4 9 9 4 4 2 2 2 3 5 5 10 10 16 18 18 12
 0 0 0 1 1 1 1 1 0 0 0 0 0 0 0 0 2 2 7 10 10 13 16 16 8 8 2 3 3 12 17 17 14 14 19 5 5 12 4 4 9 9 20 23 23 40
 1 1 0 1 1 1 0 0 0 0 0 0 0 0 0 0 1 1 3 4 4 7 12 12 4 4 3 3 3 13 18 18 16 16 26 15 15 10 10 10 15 15 25 23 23 41
 1 1 0 1 1 1 0 0 0 0 0 0 0 0 0 0 1 1 3 4 4 7 12 12 4 4 3 3 3 13 18 18 16 16 26 15 15 10 10 10 15 15 25 23 23 41
 1 1 0 0 0 0 0 0 0 0 0 0 0 0 0 0 1 1 2 3 3 3 3 3 3 3 5 3 3 18 15 15 23 23 23 15 15 16 18 18 14 14 13 15 15 10
 0 0 0 0 0 0 0 0 0 0 0 0 0 0 1 1 1 1 1 2 2 2 3 3 11 11 16 4 4 7 12 12 20 20 25 21 21 13 17 17 13 13 9 9 9 5
 0 0 0 0 0 0 0 0 0 0 0 0 0 0 1 1 1 1 1 2 2 2 3 3 11 11 16 4 4 7 12 12 20 20 25 21 21 13 17 17 13 13 9 9 9 5
 0 0 0 0 0 0 0 0 0 0 0 0 0 0 0 0 1 1 1 1 1 3 3 3 8 8 7 8 8 13 16 16 25 25 22 21 21 23 16 16 19 19 11 8 8 7
 0 0 0 0 0 0 0 0 0 0 0 0 0 0 0 0 1 1 1 1 1 3 3 3 8 8 7 8 8 13 16 16 25 25 22 21 21 23 16 16 19 19 11 8 8 7
 0 0 1 1 1 1 0 0 0 0 0 0 0 0 0 0 1 1 1 1 1 3 6 6 11 11 26 28 28 11 17 17 16 16 17 16 16 9 12 12 21 21 15 12 12 6
 0 0 0 1 1 0 0 0 0 0 0 0 0 0 0 0 1 1 0 5 5 5 4 4 13 13 11 15 15 9 12 12 11 11 8 8 8 8 11 11 8 8 9 8 8 9
 0 0 0 1 1 0 0 0 0 0 0 0 0 0 0 0 1 1 0 5 5 5 4 4 13 13 11 15 15 9 12 12 11 11 8 8 8 8 11 11 8 8 9 8 8 9
 0 0 0 0 0 0 0 0 0 0 1 0 0 0 1 1 0 0 0 3 3 1 4 4 13 13 10 8 8 12 10 10 7 7 7 7 7 12 24 24 21 21 8 7 7 9
 1 1 0 1 1 1 1 1 1 1 1 1 1 1 1 1 0 0 0 1 1 1 2 2 11 11 13 8 8 9 7 7 6 6 8 11 11 13 12 12 20 20 14 11 11 10
 1 1 0 1 1 1 1 1 1 1 1 1 1 1 1 1 0 0 0 1 1 1 2 2 11 11 13 8 8 9 7 7 6 6 8 11 11 13 12 12 20 20 14 11 11 10
 1 1 1 1 1 1 1 1 1 1 1 2 2 2 2 2 1 1 1 1 1 5 7 7 13 13 15 12 12 10 8 8 13 13 10 15 15 19 19 19 13 13 19 16 16 15
 1 1 1 1 1 1 1 1 1 1 1 2 2 2 2 2 1 1 1 1 1 5 7 7 13 13 15 12 12 10 8 8 13 13 10 15 15 19 19 19 13 13 19 16 16 15
 0 0 1 1 1 2 2 2 2 2 2 2 2 2 2 2 2 2 1 2 2 5 9 9 11 11 11 9 9 4 5 5 7 7 9 21 21 27 22 22 33 33 13 16 16 15
 0 0 1 2 2 1 1 1 2 2 2 2 2 2 3 3 2 2 3 3 3 12 11 11 8 8 13 11 11 4 4 4 6 6 7 25 25 21 18 18 15 15 10 11 11 12
 0 0 1 2 2 1 1 1 2 2 2 2 2 2 3 3 2 2 3 3 3 12 11 11 8 8 13 11 11 4 4 4 6 6 7 25 25 21 18 18 15 15 10 11 11 12
 0 0 1 1 1 1 2 2 3 3 1 2 2 2 2 2 2 2 3 4 4 11 14 14 11 11 15 13 13 8 13 13 13 13 11 16 16 29 16 16 12 12 12 16 16 11
 0 0 1 1 1 1 2 2 2 2 2 2 2 2 2 2 2 2 4 4 4 8 14 14 14 14 11 16 16 13 16 16 19 19 18 19 19 33 19 19 17 17 16 20 20 11
 0 0 1 1 1 1 2 2 2 2 2 2 2 2 2 2 2 2 4 4 4 8 14 14 14 14 11 16 16 13 16 16 19 19 18 19 19 33 19 19 17 17 16 20 20 11
 0 0 1 1 1 1 2 2 1 1 2 2 2 2 2 2 2 2 4 4 4 7 14 14 18 18 15 20 20 15 16 16 20 20 16 23 23 28 51 51 32 32 21 14 14 13
 0 0 1 1 1 1 2 2 1 1 2 2 2 2 2 2 2 2 4 4 4 7 14 14 18 18 15 20 20 15 16 16 20 20 16 23 23 28 51 51 32 32 21 14 14 13
 1 1 1 1 1 1 1 1 2 2 2 2 2 2 2 2 2 2 2 9 9 9 10 10 22 22 23 24 24 20 16 16 13 13 13 17 17 22 31 31 55 55 19 16 16 12
 1 1 3 1 1 2 1 1 1 1 1 1 1 1 1 1 1 1 5 8 8 8 10 10 13 13 20 24 24 14 23 23 19 19 13 13 13 23 29 29 55 55 21 19 19 13
 1 1 3 1 1 2 1 1 1 1 1 1 1 1 1 1 1 1 5 8 8 8 10 10 13 13 20 24 24 14 23 23 19 19 13 13 13 23 29 29 55 55 21 19 19 13
 3 3 7 3 3 3 2 2 1 1 1 1 1 1 1 1 1 1 1 2 2 3 5 5 9 9 6 14 14 10 10 10 10 10 11 7 7 9 13 13 24 24 22 14 14 10
 4 4 7 6 6 3 1 1 1 1 2 1 1 1 1 1 1 1 2 1 1 2 4 4 5 5 5 10 10 12 4 4 16 16 9 6 6 3 13 13 4 4 16 5 5 2
 4 4 7 6 6 3 1 1 1 1 2 1 1 1 1 1 1 1 2 1 1 2 4 4 5 5 5 10 10 12 4 4 16 16 9 6 6 3 13 13 4 4 16 5 5 2
 2 2 5 4 4 3 3 3 4 4 7 5 5 2 2 2 4 4 9 4 4 2 2 2 2 2 2 4 4 9 14 14 5 5 9 7 7 5 3 3 9 9 50 21 21 0
 2 2 5 4 4 3 3 3 4 4 7 5 5 2 2 2 4 4 9 4 4 2 2 2 2 2 2 4 4 9 14 14 5 5 9 7 7 5 3 3 9 9 50 21 21 0
 3 3 5 4 4 3 4 4 7 7 6 6 6 7 8 8 10 10 8 2 2 2 3 3 3 3 4 5 5 6 10 10 9 9 17 17 17 15 9 9 4 4 10 3 3 0
 2 2 3 4 4 5 5 5 5 5 4 6 6 13 13 13 9 9 6 4 4 3 5 5 6 6 9 10 10 10 10 10 8 8 13 6 6 13 12 12 5 5 1 0 0 0
 2 2 3 4 4 5 5 5 5 5 4 6 6 13 13 13 9 9 6 4 4 3 5 5 6 6 9 10 10 10 10 10 8 8 13 6 6 13 12 12 5 5 1 0 0 0
 1 1 2 3 3 3 4 4 5 5 5 5 5 9 5 5 3 3 4 3 3 3 3 3 4 4 4 5 5 7 8 8 9 9 8 9 9 8 10 10 7 7 2 4 4 0
 1 1 1 1 1 2 3 3 3 3 4 3 3 4 2 2 1 1 2 1 1 1 1 1 2 2 3 4 4 7 4 4 6 6 7 10 10 22 19 19 8 8 7 2 2 0
