assets/RAT_results_old/precipitation/2019-07-07_IMERG.asc
ncols        46
nrows        77
xllcorner    74.800261325624
yllcorner    8.058333333333
cellsize     0.062500000000
NODATA_value -9999
 7 7 7 3 3 3 6 6 4 4 3 2 2 2 2 2 1 1 0 0 0 0 0 0 0 0 0 0 0 0 0 0 0 0 0 0 0 0 0 0 0 0 0 0 0 0
 6 6 7 6 6 3 2 2 3 3 3 4 4 3 3 3 2 2 1 0 0 0 0 0 0 0 0 0 0 0 0 0 0 0 0 0 0 0 0 0 0 0 0 0 0 0
 6 6 7 6 6 3 2 2 3 3 3 4 4 3 3 3 2 2 1 0 0 0 0 0 0 0 0 0 0 0 0 0 0 0 0 0 0 0 0 0 0 0 0 0 0 0
 6 6 6 2 2 2 1 1 1 1 4 1 1 1 1 1 1 1 0 0 0 0 0 0 0 0 0 0 0 0 0 0 0 0 0 0 0 0 0 0 0 0 0 0 0 0
 2 2 2 0 0 0 0 0 0 0 2 1 1 0 0 0 0 0 0 0 0 0 0 0 0 0 0 0 0 0 0 0 0 0 0 0 0 0 0 0 0 0 0 0 0 0
 2 2 2 0 0 0 0 0 0 0 2 1 1 0 0 0 0 0 0 0 0 0 0 0 0 0 0 0 0 0 0 0 0 0 0 0 0 0 0 0 0 0 0 0 0 0
 2 2 2 1 1 0 2 2 5 5 3 3 3 2 2 2 1 1 0 0 0 0 0 0 0 0 0 0 0 0 0 0 0 0 0 0 0 0 0 0 0 0 0 0 0 0
 2 2 2 1 1 0 2 2 5 5 3 3 3 2 2 2 1 1 0 0 0 0 0 0 0 0 0 0 0 0 0 0 0 0 0 0 0 0 0 0 0 0 0 0 0 0
 1 1 1 2 2 3 3 3 5 5 8 15 15 9 6 6 1 1 0 0 0 0 0 0 0 0 0 0 0 0 0 0 0 0 0 0 0 0 0 0 0 0 0 0 0 0
 1 1 1 3 3 3 6 6 4 4 6 6 6 15 8 8 1 1 0 0 0 0 0 0 0 0 0 0 0 0 0 0 0 0 0 0 0 0 0 0 0 0 0 0 0 0
 1 1 1 3 3 3 6 6 4 4 6 6 6 15 8 8 1 1 0 0 0 0 0 0 0 0 0 0 0 0 0 0 0 0 0 0 0 0 0 0 0 0 0 0 0 0
 0 0 0 1 1 1 3 3 0 0 0 0 0 0 1 1 0 0 0 0 0 1 0 0 2 2 2 0 0 0 0 0 0 0 0 1 1 0 0 0 0 0 0 0 0 0
 0 0 0 0 0 2 1 1 1 1 0 0 0 0 1 1 1 1 1 1 1 0 0 0 0 0 0 0 0 0 0 0 0 0 1 1 1 0 0 0 0 0 0 0 0 0
 0 0 0 0 0 2 1 1 1 1 0 0 0 0 1 1 1 1 1 1 1 0 0 0 0 0 0 0 0 0 0 0 0 0 1 1 1 0 0 0 0 0 0 0 0 0
 1 1 1 0 0 2 2 2 2 2 1 1 1 1 1 1 1 1 1 1 1 1 0 0 0 0 0 0 0 0 0 0 0 0 0 0 0 0 0 0 0 0 0 0 0 0
 1 1 1 0 0 2 2 2 2 2 1 1 1 1 1 1 1 1 1 1 1 1 0 0 0 0 0 0 0 0 0 0 0 0 0 0 0 0 0 0 0 0 0 0 0 0
 1 1 1 1 1 3 3 3 3 3 3 1 1 1 1 1 1 1 1 0 0 0 1 1 1 1 1 0 0 0 0 0 0 0 0 0 0 0 0 0 0 0 0 0 0 0
 1 1 1 6 6 3 4 4 3 3 4 4 4 3 3 3 2 2 2 1 1 0 0 0 0 0 0 0 0 0 0 0 0 0 0 0 0 0 0 0 0 0 0 0 0 0
 1 1 1 6 6 3 4 4 3 3 4 4 4 3 3 3 2 2 2 1 1 0 0 0 0 0 0 0 0 0 0 0 0 0 0 0 0 0 0 0 0 0 0 0 0 0
 1 1 2 6 6 7 9 9 4 4 4 6 6 6 5 5 3 3 3 3 3 2 0 0 0 0 0 0 0 0 0 0 0 0 0 0 0 0 0 0 0 0 0 0 0 0
 4 4 7 7 7 7 9 9 9 9 6 8 8 9 7 7 6 6 9 9 9 2 2 2 2 2 0 0 0 0 1 1 0 0 0 0 0 0 0 0 0 0 0 0 0 0
 4 4 7 7 7 7 9 9 9 9 6 8 8 9 7 7 6 6 9 9 9 2 2 2 2 2 0 0 0 0 1 1 0 0 0 0 0 0 0 0 0 0 0 0 0 0
 4 4 6 9 9 9 7 7 7 7 7 5 5 9 8 8 9 9 12 9 9 4 5 5 3 3 3 0 0 0 1 1 0 0 0 0 0 0 0 0 0 0 0 0 0 0
 4 4 6 9 9 9 7 7 7 7 7 5 5 9 8 8 9 9 12 9 9 4 5 5 3 3 3 0 0 0 1 1 0 0 0 0 0 0 0 0 0 0 0 0 0 0
 4 4 7 7 7 7 7 7 7 7 6 7 7 10 9 9 10 10 9 7 7 7 5 5 3 3 3 3 3 0 0 0 0 0 0 0 0 0 0 0 0 0 0 0 0 0
 2 2 3 3 3 7 5 5 8 8 7 8 8 7 11 11 11 11 11 9 9 9 5 5 4 4 4 3 3 3 3 3 0 0 0 0 0 0 0 0 0 0 0 0 0 0
 2 2 3 3 3 7 5 5 8 8 7 8 8 7 11 11 11 11 11 9 9 9 5 5 4 4 4 3 3 3 3 3 0 0 0 0 0 0 0 0 0 0 0 0 0 0
 0 0 1 1 1 2 3 3 5 5 4 10 10 8 7 7 11 11 10 7 7 7 5 5 3 3 4 4 4 4 3 3 0 0 0 0 0 0 0 0 0 0 0 0 0 0
 0 0 0 0 0 1 1 1 3 3 3 9 9 8 7 7 11 11 8 7 7 8 3 3 3 3 3 4 4 4 0 0 0 0 0 0 0 0 0 0 0 0 0 0 0 0
 0 0 0 0 0 1 1 1 3 3 3 9 9 8 7 7 11 11 8 7 7 8 3 3 3 3 3 4 4 4 0 0 0 0 0 0 0 0 0 0 0 0 0 0 0 0
 0 0 0 0 0 0 0 0 1 1 1 3 3 3 6 6 13 13 10 9 9 10 2 2 2 2 3 3 3 3 1 1 1 1 1 2 2 0 0 0 0 0 0 0 0 0
 0 0 0 0 0 0 0 0 1 1 1 3 3 3 6 6 13 13 10 9 9 10 2 2 2 2 3 3 3 3 1 1 1 1 1 2 2 0 0 0 0 0 0 0 0 0
 0 0 1 1 1 1 1 1 1 1 1 1 1 5 5 5 13 13 13 13 13 7 3 3 3 3 3 2 2 4 2 2 3 3 3 2 2 2 0 0 0 0 0 0 0 0
 1 1 1 1 1 2 2 2 3 3 2 4 4 7 19 19 24 24 29 20 20 8 3 3 5 5 5 2 2 1 1 1 1 1 2 3 3 3 2 2 0 0 0 0 0 0
 1 1 1 1 1 2 2 2 3 3 2 4 4 7 19 19 24 24 29 20 20 8 3 3 5 5 5 2 2 1 1 1 1 1 2 3 3 3 2 2 0 0 0 0 0 0
 3 3 2 1 1 2 3 3 3 3 3 12 12 18 21 21 23 23 27 30 30 16 5 5 6 6 5 5 5 2 1 1 2 2 4 3 3 2 1 1 1 1 0 0 0 0
 1 1 1 1 1 1 3 3 3 3 3 11 11 17 18 18 24 24 27 19 19 8 6 6 5 5 2 4 4 3 4 4 3 3 4 3 3 3 2 2 2 2 0 0 0 0
 1 1 1 1 1 1 3 3 3 3 3 11 11 17 18 18 24 24 27 19 19 8 6 6 5 5 2 4 4 3 4 4 3 3 4 3 3 3 2 2 2 2 0 0 0 0
 3 3 2 2 2 1 1 1 2 2 2 1 1 10 14 14 23 23 29 19 19 6 2 2 0 0 1 1 1 0 2 2 3 3 3 4 4 2 3 3 0 0 0 0 0 0
 3 3 2 2 2 1 1 1 2 2 2 1 1 10 14 14 23 23 29 19 19 6 2 2 0 0 1 1 1 0 2 2 3 3 3 4 4 2 3 3 0 0 0 0 0 0
 5 5 4 2 2 2 1 1 2 2 2 3 3 11 13 13 23 23 38 30 30 15 4 4 2 2 0 4 4 2 2 2 1 1 1 2 2 3 1 1 1 1 0 0 0 0
 3 3 3 2 2 1 1 1 1 1 2 2 2 12 14 14 23 23 34 14 14 13 12 12 9 9 7 6 6 10 8 8 3 3 3 4 4 2 1 1 0 0 0 0 0 0
 3 3 3 2 2 1 1 1 1 1 2 2 2 12 14 14 23 23 34 14 14 13 12 12 9 9 7 6 6 10 8 8 3 3 3 4 4 2 1 1 0 0 0 0 0 0
 1 1 1 1 1 1 0 0 1 1 3 1 1 1 12 12 22 22 9 9 9 7 11 11 14 14 11 8 8 8 6 6 3 3 1 1 1 1 0 0 0 0 0 0 0 0
 1 1 1 1 1 1 1 1 1 1 1 1 1 1 2 2 2 2 4 5 5 8 13 13 9 9 8 4 4 5 5 5 2 2 0 0 0 1 0 0 0 0 0 0 0 0
 1 1 1 1 1 1 1 1 1 1 1 1 1 1 2 2 2 2 4 5 5 8 13 13 9 9 8 4 4 5 5 5 2 2 0 0 0 1 0 0 0 0 0 0 0 0
 0 0 0 0 0 1 1 1 1 1 1 6 6 8 4 4 5 5 8 8 8 6 8 8 6 6 3 1 1 3 1 1 1 1 0 1 1 1 1 1 0 0 0 0 0 0
 0 0 0 0 0 1 1 1 1 1 1 6 6 8 4 4 5 5 8 8 8 6 8 8 6 6 3 1 1 3 1 1 1 1 0 1 1 1 1 1 0 0 0 0 0 0
 0 0 1 1 1 1 1 1 1 1 1 1 1 6 3 3 6 6 11 3 3 4 2 2 3 3 3 1 1 1 0 0 0 0 1 0 0 0 0 0 0 0 0 0 0 0
 1 1 1 1 1 1 1 1 1 1 1 1 1 1 1 1 4 4 3 2 2 1 0 0 1 1 1 1 1 1 1 1 1 1 1 1 1 1 1 1 1 1 0 0 0 0
 1 1 1 1 1 1 1 1 1 1 1 1 1 1 1 1 4 4 3 2 2 1 0 0 1 1 1 1 1 1 1 1 1 1 1 1 1 1 1 1 1 1 0 0 0 0
 2 2 1 0 0 0 0 0 0 0 0 1 1 1 1 1 1 1 1 1 1 0 0 0 1 1 1 2 2 2 2 2 2 2 2 1 1 1 1 1 1 1 0 0 0 0
 1 1 0 0 0 0 0 0 0 0 0 0 0 0 0 0 0 0 4 4 4 0 0 0 1 1 1 1 1 1 1 1 2 2 1 1 1 1 1 1 1 1 0 0 0 0
 1 1 0 0 0 0 0 0 0 0 0 0 0 0 0 0 0 0 4 4 4 0 0 0 1 1 1 1 1 1 1 1 2 2 1 1 1 1 1 1 1 1 0 0 0 0
 0 0 0 0 0 0 0 0 0 0 0 0 0 0 0 0 1 1 1 4 4 4 3 3 14 14 14 7 7 1 3 3 2 2 2 3 3 2 1 1 0 0 0 0 0 0
 0 0 0 0 0 0 0 0 0 0 0 0 0 0 0 0 1 1 1 4 4 4 3 3 14 14 14 7 7 1 3 3 2 2 2 3 3 2 1 1 0 0 0 0 0 0
 0 0 0 0 0 0 0 0 0 0 0 0 0 0 0 0 1 1 1 2 2 5 4 4 14 14 14 8 8 8 3 3 6 6 3 2 2 2 0 0 0 0 0 0 0 0
 0 0 0 0 0 0 0 0 0 0 0 0 0 0 1 1 1 1 1 1 1 1 1 1 11 11 18 9 9 9 4 4 3 3 3 0 0 0 0 0 0 0 0 0 0 0
 0 0 0 0 0 0 0 0 0 0 0 0 0 0 1 1 1 1 1 1 1 1 1 1 11 11 18 9 9 9 4 4 3 3 3 0 0 0 0 0 0 0 0 0 0 0
 0 0 0 0 0 0 0 0 0 0 0 1 1 1 1 1 1 1 0 1 1 1 1 1 2 2 18 11 11 10 2 2 1 1 2 2 2 0 0 0 0 0 0 0 0 0
 0 0 0 0 0 0 0 0 0 0 0 0 0 1 1 1 1 1 0 1 1 1 1 1 2 2 1 4 4 3 3 3 1 1 1 0 0 0 0 0 0 0 0 0 0 0
 0 0 0 0 0 0 0 0 0 0 0 0 0 1 1 1 1 1 0 1 1 1 1 1 2 2 1 4 4 3 3 3 1 1 1 0 0 0 0 0 0 0 0 0 0 0
 0 0 0 0 0 0 0 0 0 0 1 1 1 1 1 1 1 1 1 1 1 1 1 1 2 2 2 3 3 2 2 2 1 1 2 0 0 0 0 0 0 0 0 0 0 0
 0 0 0 0 0 0 0 0 0 0 1 1 1 1 1 1 1 1 1 1 1 1 1 1 2 2 2 3 3 2 2 2 1 1 2 0 0 0 0 0 0 0 0 0 0 0
 0 0 1 1 1 0 0 0 0 0 1 1 1 1 1 1 1 1 1 1 1 1 1 1 2 2 1 1 1 2 1 1 1 1 0 0 0 0 0 0 0 0 0 0 0 0
 1 1 1 1 1 0 0 0 0 0 0 0 0 0 0 0 0 0 0 0 0 0 0 0 0 0 1 1 1 1 1 1 0 0 0 0 0 0 0 0 0 0 0 0 0 0
 1 1 1 1 1 0 0 0 0 0 0 0 0 0 0 0 0 0 0 0 0 0 0 0 0 0 1 1 1 1 1 1 0 0 0 0 0 0 0 0 0 0 0 0 0 0
 1 1 0 0 0 0 0 0 0 0 0 0 0 0 0 0 0 0 0 0 0 0 0 0 0 0 0 0 0 0 1 1 0 0 0 0 0 0 0 0 0 0 0 0 0 0
 0 0 0 0 0 0 0 0 0 0 0 0 0 0 0 0 0 0 0 0 0 0 0 0 0 0 0 0 0 0 0 0 0 0 0 0 0 0 0 0 0 0 0 0 0 0
 0 0 0 0 0 0 0 0 0 0 0 0 0 0 0 0 0 0 0 0 0 0 0 0 0 0 0 0 0 0 0 0 0 0 0 0 0 0 0 0 0 0 0 0 0 0
 0 0 0 0 0 0 0 0 0 0 0 0 0 0 0 0 0 0 0 0 0 0 0 0 0 0 0 0 0 0 0 0 0 0 0 0 0 0 0 0 0 0 0 0 0 0
 0 0 0 0 0 0 0 0 0 0 0 0 0 0 0 0 0 0 0 0 0 0 0 0 0 0 0 0 0 0 0 0 0 0 0 0 0 0 0 0 0 0 0 0 0 0
 0 0 0 0 0 0 0 0 0 0 0 0 0 0 0 0 0 0 0 0 0 0 0 0 0 0 0 0 0 0 0 0 0 0 1 0 0 0 0 0 0 0 0 0 0 0
 0 0 0 0 0 0 0 0 0 0 0 0 0 0 0 0 0 0 0 0 0 0 0 0 0 0 0 0 0 0 0 0 0 0 0 0 0 0 0 0 0 0 0 1 1 1
 0 0 0 0 0 0 0 0 0 0 0 0 0 0 0 0 0 0 0 0 0 0 0 0 0 0 0 0 0 0 0 0 0 0 0 0 0 0 0 0 0 0 0 1 1 1
 0 0 0 0 0 0 0 0 0 0 0 0 0 0 0 0 0 0 0 0 0 0 0 0 0 0 0 0 0 0 0 0 0 0 0 0 0 0 1 1 1 1 1 1 1 2
 0 0 0 0 0 0 0 0 0 0 0 0 0 0 0 0 0 0 0 0 0 0 0 0 0 0 0 0 0 0 0 0 0 0 0 0 0 0 0 0 0 0 1 0 0 0
