assets/RAT_results_old/precipitation/2019-08-17_IMERG.asc
ncols        46
nrows        77
xllcorner    74.800261325624
yllcorner    8.058333333333
cellsize     0.062500000000
NODATA_value -9999
 16 16 15 11 11 14 22 22 33 33 42 25 25 22 16 16 11 11 16 16 16 20 6 6 5 5 4 1 1 1 2 2 2 2 3 4 4 5 9 9 16 16 17 21 21 24
 16 16 14 13 13 11 20 20 38 38 41 22 22 16 10 10 8 8 8 9 9 7 4 4 3 3 3 1 1 2 2 2 3 3 4 6 6 7 9 9 17 17 20 25 25 26
 16 16 14 13 13 11 20 20 38 38 41 22 22 16 10 10 8 8 8 9 9 7 4 4 3 3 3 1 1 2 2 2 3 3 4 6 6 7 9 9 17 17 20 25 25 26
 22 22 23 20 20 16 42 42 36 36 33 15 15 5 8 8 7 7 5 4 4 4 4 4 3 3 5 3 3 1 6 6 4 4 5 6 6 9 12 12 17 17 19 27 27 29
 16 16 21 23 23 14 14 14 22 22 21 13 13 8 7 7 7 7 5 3 3 4 6 6 9 9 20 12 12 12 8 8 4 4 5 10 10 10 13 13 20 20 30 32 32 35
 16 16 21 23 23 14 14 14 22 22 21 13 13 8 7 7 7 7 5 3 3 4 6 6 9 9 20 12 12 12 8 8 4 4 5 10 10 10 13 13 20 20 30 32 32 35
 13 13 14 16 16 16 18 18 24 24 18 18 18 10 8 8 6 6 8 13 13 13 18 18 24 24 26 27 27 16 15 15 14 14 5 10 10 9 14 14 21 21 26 32 32 40
 13 13 14 16 16 16 18 18 24 24 18 18 18 10 8 8 6 6 8 13 13 13 18 18 24 24 26 27 27 16 15 15 14 14 5 10 10 9 14 14 21 21 26 32 32 40
 14 14 16 17 17 13 15 15 19 19 18 32 32 18 16 16 16 16 18 23 23 19 15 15 19 19 22 28 28 23 19 19 11 11 8 10 10 11 19 19 21 21 29 29 29 32
 25 25 10 17 17 18 18 18 26 26 29 28 28 20 23 23 14 14 16 21 21 19 22 22 14 14 15 12 12 20 16 16 18 18 17 15 15 16 15 15 15 15 14 13 13 21
 25 25 10 17 17 18 18 18 26 26 29 28 28 20 23 23 14 14 16 21 21 19 22 22 14 14 15 12 12 20 16 16 18 18 17 15 15 16 15 15 15 15 14 13 13 21
 19 19 26 30 30 26 32 32 22 22 21 21 21 21 20 20 15 15 15 12 12 13 13 13 8 8 10 13 13 17 20 20 24 24 23 22 22 20 13 13 12 12 10 10 10 11
 4 4 9 28 28 25 27 27 23 23 18 12 12 17 14 14 9 9 9 11 11 14 8 8 10 10 12 12 12 19 22 22 18 18 19 19 19 17 9 9 9 9 10 9 9 10
 4 4 9 28 28 25 27 27 23 23 18 12 12 17 14 14 9 9 9 11 11 14 8 8 10 10 12 12 12 19 22 22 18 18 19 19 19 17 9 9 9 9 10 9 9 10
 2 2 7 8 8 14 17 17 17 17 22 18 18 18 16 16 12 12 11 11 11 12 12 12 13 13 16 16 16 18 21 21 16 16 22 20 20 15 16 16 9 9 7 7 7 8
 2 2 7 8 8 14 17 17 17 17 22 18 18 18 16 16 12 12 11 11 11 12 12 12 13 13 16 16 16 18 21 21 16 16 22 20 20 15 16 16 9 9 7 7 7 8
 1 1 2 6 6 10 12 12 17 17 22 18 18 20 17 17 17 17 16 13 13 12 14 14 11 11 14 14 14 20 23 23 19 19 19 19 19 11 10 10 8 8 8 6 6 7
 2 2 3 6 6 5 9 9 10 10 18 22 22 16 15 15 11 11 17 14 14 16 16 16 17 17 20 16 16 20 21 21 20 20 19 19 19 10 10 10 10 10 10 6 6 5
 2 2 3 6 6 5 9 9 10 10 18 22 22 16 15 15 11 11 17 14 14 16 16 16 17 17 20 16 16 20 21 21 20 20 19 19 19 10 10 10 10 10 10 6 6 5
 4 4 4 4 4 4 3 3 9 9 8 18 18 12 8 8 12 12 12 14 14 13 14 14 19 19 20 21 21 21 17 17 19 19 18 20 20 10 10 10 9 9 8 4 4 4
 4 4 3 4 4 3 2 2 5 5 6 11 11 10 11 11 14 14 10 7 7 13 13 13 19 19 20 20 20 20 19 19 18 18 20 21 21 11 9 9 7 7 5 3 3 3
 4 4 3 4 4 3 2 2 5 5 6 11 11 10 11 11 14 14 10 7 7 13 13 13 19 19 20 20 20 20 19 19 18 18 20 21 21 11 9 9 7 7 5 3 3 3
 3 3 3 2 2 4 4 4 2 2 4 8 8 15 14 14 13 13 12 10 10 7 11 11 13 13 17 19 19 20 19 19 19 19 19 11 11 10 6 6 5 5 4 3 3 3
 3 3 3 2 2 4 4 4 2 2 4 8 8 15 14 14 13 13 12 10 10 7 11 11 13 13 17 19 19 20 19 19 19 19 19 11 11 10 6 6 5 5 4 3 3 3
 1 1 1 2 2 2 3 3 2 2 4 8 8 11 15 15 12 12 11 9 9 12 6 6 11 11 10 13 13 15 15 15 16 16 14 11 11 7 4 4 5 5 4 3 3 3
 1 1 1 2 2 3 4 4 4 4 6 5 5 10 13 13 9 9 7 5 5 4 4 4 6 6 6 9 9 11 9 9 11 11 11 10 10 6 4 4 4 4 4 4 4 4
 1 1 1 2 2 3 4 4 4 4 6 5 5 10 13 13 9 9 7 5 5 4 4 4 6 6 6 9 9 11 9 9 11 11 11 10 10 6 4 4 4 4 4 4 4 4
 1 1 2 3 3 5 4 4 6 6 3 1 1 10 12 12 12 12 8 3 3 3 5 5 5 5 5 9 9 9 6 6 7 7 8 7 7 7 4 4 4 4 4 4 4 5
 1 1 2 2 2 4 4 4 5 5 9 9 9 14 10 10 12 12 13 5 5 5 5 5 6 6 6 5 5 5 6 6 6 6 4 5 5 6 6 6 6 6 5 5 5 8
 1 1 2 2 2 4 4 4 5 5 9 9 9 14 10 10 12 12 13 5 5 5 5 5 6 6 6 5 5 5 6 6 6 6 4 5 5 6 6 6 6 6 5 5 5 8
 1 1 1 1 1 1 1 1 2 2 4 9 9 9 10 10 10 10 10 4 4 5 6 6 6 6 4 4 4 4 4 4 5 5 5 5 5 5 6 6 6 6 6 7 7 7
 1 1 1 1 1 1 1 1 2 2 4 9 9 9 10 10 10 10 10 4 4 5 6 6 6 6 4 4 4 4 4 4 5 5 5 5 5 5 6 6 6 6 6 7 7 7
 1 1 1 1 1 0 1 1 2 2 4 7 7 11 14 14 12 12 12 7 7 6 5 5 6 6 4 5 5 4 4 4 3 3 3 4 4 4 6 6 6 6 5 6 6 6
 0 0 1 1 1 1 1 1 1 1 2 4 4 6 9 9 9 9 10 10 10 6 7 7 6 6 6 5 5 4 4 4 6 6 3 4 4 4 7 7 7 7 7 6 6 6
 0 0 1 1 1 1 1 1 1 1 2 4 4 6 9 9 9 9 10 10 10 6 7 7 6 6 6 5 5 4 4 4 6 6 3 4 4 4 7 7 7 7 7 6 6 6
 1 1 1 1 1 1 1 1 2 2 2 4 4 6 13 13 19 19 14 9 9 5 5 5 3 3 4 4 4 5 6 6 6 6 4 4 4 4 6 6 7 7 7 5 5 6
 2 2 1 1 1 1 1 1 2 2 2 3 3 4 6 6 9 9 11 8 8 5 5 5 3 3 2 4 4 5 8 8 7 7 5 5 5 6 9 9 9 9 8 7 7 6
 2 2 1 1 1 1 1 1 2 2 2 3 3 4 6 6 9 9 11 8 8 5 5 5 3 3 2 4 4 5 8 8 7 7 5 5 5 6 9 9 9 9 8 7 7 6
 2 2 2 1 1 1 1 1 2 2 2 2 2 2 3 3 3 3 7 9 9 7 6 6 4 4 3 4 4 5 4 4 5 5 5 5 5 4 6 6 7 7 6 5 5 5
 2 2 2 1 1 1 1 1 2 2 2 2 2 2 3 3 3 3 7 9 9 7 6 6 4 4 3 4 4 5 4 4 5 5 5 5 5 4 6 6 7 7 6 5 5 5
 2 2 2 2 2 2 1 1 2 2 2 2 2 2 2 2 3 3 6 10 10 8 9 9 6 6 4 2 2 2 3 3 3 3 5 6 6 6 5 5 5 5 6 5 5 5
 12 12 12 2 2 2 2 2 2 2 3 4 4 4 4 4 4 4 9 9 9 12 9 9 8 8 5 3 3 2 2 2 3 3 4 9 9 11 10 10 9 9 9 9 9 8
 12 12 12 2 2 2 2 2 2 2 3 4 4 4 4 4 4 4 9 9 9 12 9 9 8 8 5 3 3 2 2 2 3 3 4 9 9 11 10 10 9 9 9 9 9 8
 12 12 12 1 1 2 2 2 3 3 4 4 4 5 4 4 3 3 7 9 9 14 16 16 15 15 9 6 6 6 5 5 5 5 6 14 14 15 15 15 17 17 16 14 14 12
 2 2 2 2 2 2 2 2 2 2 3 3 3 3 3 3 3 3 6 9 9 11 17 17 18 18 18 13 13 8 8 8 7 7 11 18 18 20 21 21 24 24 19 16 16 18
 2 2 2 2 2 2 2 2 2 2 3 3 3 3 3 3 3 3 6 9 9 11 17 17 18 18 18 13 13 8 8 8 7 7 11 18 18 20 21 21 24 24 19 16 16 18
 2 2 3 2 2 2 2 2 2 2 2 3 3 3 3 3 4 4 4 9 9 11 8 8 12 12 13 15 15 14 14 14 12 12 13 15 15 16 24 24 22 22 25 20 20 22
 2 2 3 2 2 2 2 2 2 2 2 3 3 3 3 3 4 4 4 9 9 11 8 8 12 12 13 15 15 14 14 14 12 12 13 15 15 16 24 24 22 22 25 20 20 22
 2 2 3 3 3 2 2 2 2 2 3 3 3 3 3 3 3 3 6 10 10 13 10 10 12 12 12 12 12 14 16 16 14 14 14 16 16 15 23 23 22 22 20 19 19 19
 3 3 3 3 3 3 2 2 2 2 3 4 4 3 3 3 7 7 7 10 10 12 8 8 11 11 12 13 13 16 19 19 15 15 13 14 14 18 19 19 18 18 18 17 17 16
 3 3 3 3 3 3 2 2 2 2 3 4 4 3 3 3 7 7 7 10 10 12 8 8 11 11 12 13 13 16 19 19 15 15 13 14 14 18 19 19 18 18 18 17 17 16
 3 3 3 3 3 3 3 3 5 5 3 3 3 2 2 2 3 3 2 5 5 8 9 9 12 12 12 11 11 19 18 18 13 13 14 14 14 17 18 18 17 17 17 17 17 15
 4 4 2 2 2 2 3 3 4 4 2 2 2 1 1 1 2 2 2 1 1 9 9 9 12 12 12 11 11 15 15 15 12 12 10 12 12 17 14 14 18 18 18 17 17 12
 4 4 2 2 2 2 3 3 4 4 2 2 2 1 1 1 2 2 2 1 1 9 9 9 12 12 12 11 11 15 15 15 12 12 10 12 12 17 14 14 18 18 18 17 17 12
 4 4 2 2 2 2 3 3 2 2 1 1 1 1 1 1 0 0 1 1 1 9 9 9 10 10 11 11 11 11 12 12 12 12 15 13 13 11 16 16 16 16 17 21 21 12
 4 4 2 2 2 2 3 3 2 2 1 1 1 1 1 1 0 0 1 1 1 9 9 9 10 10 11 11 11 11 12 12 12 12 15 13 13 11 16 16 16 16 17 21 21 12
 4 4 4 2 2 2 3 3 2 2 1 1 1 2 3 3 4 4 1 1 1 3 6 6 8 8 12 11 11 11 6 6 8 8 10 15 15 12 16 16 16 16 19 18 18 15
 5 5 6 4 4 3 5 5 4 4 2 1 1 5 9 9 7 7 5 3 3 3 7 7 5 5 9 9 9 6 5 5 5 5 9 10 10 12 15 15 17 17 17 16 16 17
 5 5 6 4 4 3 5 5 4 4 2 1 1 5 9 9 7 7 5 3 3 3 7 7 5 5 9 9 9 6 5 5 5 5 9 10 10 12 15 15 17 17 17 16 16 17
 4 4 4 5 5 6 8 8 5 5 3 3 3 3 5 5 6 6 3 2 2 2 6 6 6 6 8 9 9 7 5 5 3 3 5 6 6 8 16 16 16 16 16 16 16 17
 4 4 6 7 7 10 9 9 7 7 3 3 3 2 3 3 2 2 2 5 5 5 5 5 5 5 5 8 8 8 4 4 4 4 5 4 4 7 14 14 15 15 15 12 12 13
 4 4 6 7 7 10 9 9 7 7 3 3 3 2 3 3 2 2 2 5 5 5 5 5 5 5 5 8 8 8 4 4 4 4 5 4 4 7 14 14 15 15 15 12 12 13
 5 5 7 7 7 6 7 7 4 4 2 1 1 1 1 1 1 1 1 1 1 1 4 4 5 5 5 7 7 8 4 4 2 2 3 4 4 5 6 6 8 8 8 8 8 9
 5 5 7 7 7 6 7 7 4 4 2 1 1 1 1 1 1 1 1 1 1 1 4 4 5 5 5 7 7 8 4 4 2 2 3 4 4 5 6 6 8 8 8 8 8 9
 6 6 8 7 7 8 4 4 3 3 1 1 1 1 1 1 1 1 1 0 0 0 0 0 3 3 4 5 5 7 4 4 2 2 2 6 6 6 6 6 10 10 9 8 8 8
 3 3 7 5 5 7 6 6 3 3 2 6 6 2 2 2 2 2 2 1 1 1 1 1 2 2 1 3 3 5 5 5 5 5 3 3 3 10 11 11 10 10 14 11 11 9
 3 3 7 5 5 7 6 6 3 3 2 6 6 2 2 2 2 2 2 1 1 1 1 1 2 2 1 3 3 5 5 5 5 5 3 3 3 10 11 11 10 10 14 11 11 9
 4 4 8 8 8 8 7 7 9 9 11 12 12 6 4 4 3 3 1 1 1 1 1 1 2 2 2 5 5 6 11 11 9 9 7 7 7 8 13 13 18 18 11 7 7 5
 5 5 10 10 10 9 7 7 14 14 14 13 13 9 6 6 4 4 2 2 2 2 1 1 2 2 2 5 5 8 9 9 12 12 13 11 11 7 6 6 5 5 5 3 3 1
 5 5 10 10 10 9 7 7 14 14 14 13 13 9 6 6 4 4 2 2 2 2 1 1 2 2 2 5 5 8 9 9 12 12 13 11 11 7 6 6 5 5 5 3 3 1
 10 10 10 9 9 10 8 8 11 11 11 14 14 11 12 12 12 12 7 4 4 6 2 2 3 3 4 7 7 9 10 10 8 8 11 8 8 4 2 2 2 2 2 2 2 1
 10 10 10 9 9 10 8 8 11 11 11 14 14 11 12 12 12 12 7 4 4 6 2 2 3 3 4 7 7 9 10 10 8 8 11 8 8 4 2 2 2 2 2 2 2 1
 8 8 9 7 7 9 7 7 11 11 12 11 11 8 8 8 7 7 9 10 10 9 7 7 6 6 6 5 5 5 4 4 6 6 9 7 7 4 1 1 2 2 2 1 1 2
 6 6 8 7 7 4 6 6 9 9 8 8 8 9 8 8 9 9 8 11 11 12 8 8 7 7 5 4 4 3 3 3 6 6 6 5 5 7 5 5 4 4 2 3 3 5
 6 6 8 7 7 4 6 6 9 9 8 8 8 9 8 8 9 9 8 11 11 12 8 8 7 7 5 4 4 3 3 3 6 6 6 5 5 7 5 5 4 4 2 3 3 5
 7 7 7 5 5 4 7 7 7 7 10 9 9 8 7 7 8 8 7 11 11 12 7 7 8 8 5 4 4 3 4 4 3 3 7 8 8 8 10 10 10 10 7 8 8 7
 8 8 4 8 8 5 6 6 7 7 8 7 7 9 8 8 9 9 7 7 7 7 5 5 5 5 5 5 5 3 2 2 3 3 2 5 5 5 8 8 7 7 14 12 12 10
