assets/RAT_results_old/precipitation/2019-09-25_IMERG.asc
ncols        46
nrows        77
xllcorner    74.800261325624
yllcorner    8.058333333333
cellsize     0.062500000000
NODATA_value -9999
 24 24 28 30 30 18 16 16 16 16 15 18 18 14 11 11 8 8 11 12 12 7 4 4 4 4 6 6 6 10 11 11 10 10 7 11 11 17 14 14 14 14 15 13 13 12
 20 20 22 21 21 17 13 13 22 22 15 12 12 14 12 12 8 8 8 9 9 5 6 6 7 7 9 8 8 13 11 11 10 10 11 10 10 14 12 12 15 15 14 14 14 12
 20 20 22 21 21 17 13 13 22 22 15 12 12 14 12 12 8 8 8 9 9 5 6 6 7 7 9 8 8 13 11 11 10 10 11 10 10 14 12 12 15 15 14 14 14 12
 15 15 20 17 17 20 21 21 17 17 14 14 14 13 11 11 10 10 11 4 4 3 5 5 8 8 8 9 9 7 13 13 11 11 13 17 17 17 17 17 18 18 17 17 17 10
 7 7 14 16 16 22 25 25 23 23 22 10 10 3 9 9 6 6 6 3 3 2 6 6 6 6 9 10 10 11 17 17 16 16 16 14 14 14 18 18 19 19 22 19 19 14
 7 7 14 16 16 22 25 25 23 23 22 10 10 3 9 9 6 6 6 3 3 2 6 6 6 6 9 10 10 11 17 17 16 16 16 14 14 14 18 18 19 19 22 19 19 14
 5 5 8 10 10 14 14 14 9 9 5 11 11 4 5 5 2 2 2 2 2 3 5 5 4 4 7 11 11 13 14 14 22 22 20 26 26 23 26 26 24 24 15 15 15 11
 5 5 8 10 10 14 14 14 9 9 5 11 11 4 5 5 2 2 2 2 2 3 5 5 4 4 7 11 11 13 14 14 22 22 20 26 26 23 26 26 24 24 15 15 15 11
 5 5 9 14 14 14 15 15 10 10 2 2 2 11 13 13 5 5 3 4 4 4 6 6 5 5 10 12 12 12 25 25 24 24 46 29 29 32 28 28 16 16 14 12 12 12
 3 3 4 10 10 11 9 9 5 5 4 6 6 11 14 14 6 6 4 3 3 5 5 5 4 4 9 12 12 12 17 17 29 29 24 27 27 32 26 26 17 17 18 15 15 16
 3 3 4 10 10 11 9 9 5 5 4 6 6 11 14 14 6 6 4 3 3 5 5 5 4 4 9 12 12 12 17 17 29 29 24 27 27 32 26 26 17 17 18 15 15 16
 4 4 3 6 6 9 9 9 7 7 3 3 3 8 5 5 6 6 4 7 7 7 7 7 8 8 8 10 10 15 13 13 21 21 16 17 17 25 12 12 15 15 19 18 18 16
 4 4 4 5 5 6 7 7 7 7 3 2 2 7 8 8 6 6 3 5 5 8 7 7 8 8 8 8 8 11 12 12 10 10 13 14 14 12 9 9 11 11 14 16 16 16
 4 4 4 5 5 6 7 7 7 7 3 2 2 7 8 8 6 6 3 5 5 8 7 7 8 8 8 8 8 11 12 12 10 10 13 14 14 12 9 9 11 11 14 16 16 16
 10 10 10 16 16 6 8 8 6 6 5 2 2 3 4 4 6 6 7 8 8 7 8 8 7 7 8 8 8 5 6 6 7 7 6 5 5 6 7 7 10 10 15 15 15 19
 10 10 10 16 16 6 8 8 6 6 5 2 2 3 4 4 6 6 7 8 8 7 8 8 7 7 8 8 8 5 6 6 7 7 6 5 5 6 7 7 10 10 15 15 15 19
 19 19 18 28 28 13 11 11 6 6 6 2 2 0 4 4 8 8 7 7 7 6 5 5 3 3 3 4 4 6 7 7 6 6 5 4 4 6 6 6 10 10 14 14 14 19
 26 26 29 27 27 25 19 19 7 7 9 10 10 7 9 9 8 8 7 8 8 8 4 4 4 4 3 2 2 3 3 3 3 3 4 4 4 8 10 10 10 10 8 14 14 21
 26 26 29 27 27 25 19 19 7 7 9 10 10 7 9 9 8 8 7 8 8 8 4 4 4 4 3 2 2 3 3 3 3 3 4 4 4 8 10 10 10 10 8 14 14 21
 20 20 21 22 22 23 20 20 10 10 7 9 9 8 3 3 3 3 3 5 5 5 5 5 3 3 3 2 2 3 4 4 6 6 6 7 7 7 9 9 9 9 10 21 21 25
 30 30 20 19 19 22 23 23 13 13 10 11 11 7 6 6 5 5 4 2 2 3 4 4 3 3 3 3 3 4 4 4 4 4 8 10 10 10 11 11 12 12 13 23 23 21
 30 30 20 19 19 22 23 23 13 13 10 11 11 7 6 6 5 5 4 2 2 3 4 4 3 3 3 3 3 4 4 4 4 4 8 10 10 10 11 11 12 12 13 23 23 21
 28 28 71 23 23 23 17 17 18 18 7 10 10 9 7 7 2 2 5 4 4 3 3 3 3 3 2 2 2 5 6 6 6 6 10 11 11 9 11 11 13 13 13 19 19 11
 28 28 71 23 23 23 17 17 18 18 7 10 10 9 7 7 2 2 5 4 4 3 3 3 3 3 2 2 2 5 6 6 6 6 10 11 11 9 11 11 13 13 13 19 19 11
 28 28 64 72 72 23 19 19 9 9 10 9 9 5 6 6 2 2 1 1 1 2 2 2 2 2 2 8 8 5 5 5 4 4 5 4 4 6 8 8 7 7 12 8 8 4
 63 63 63 65 65 23 25 25 18 18 6 7 7 3 4 4 3 3 5 1 1 1 2 2 6 6 7 9 9 4 3 3 2 2 2 4 4 5 5 5 7 7 6 7 7 5
 63 63 63 65 65 23 25 25 18 18 6 7 7 3 4 4 3 3 5 1 1 1 2 2 6 6 7 9 9 4 3 3 2 2 2 4 4 5 5 5 7 7 6 7 7 5
 62 62 66 67 67 104 28 28 18 18 19 8 8 9 6 6 6 6 3 4 4 6 2 2 7 7 9 7 7 3 2 2 2 2 2 3 3 4 4 4 7 7 9 7 7 7
 57 57 60 176 176 151 149 149 25 25 24 9 9 4 5 5 9 9 9 4 4 5 3 3 4 4 5 5 5 2 2 2 2 2 2 3 3 2 3 3 8 8 9 6 6 8
 57 57 60 176 176 151 149 149 25 25 24 9 9 4 5 5 9 9 9 4 4 5 3 3 4 4 5 5 5 2 2 2 2 2 2 3 3 2 3 3 8 8 9 6 6 8
 56 56 59 175 175 171 172 172 56 56 14 5 5 4 8 8 7 7 7 3 3 4 1 1 1 1 1 1 1 2 2 2 1 1 1 1 1 2 5 5 8 8 8 14 14 12
 56 56 59 175 175 171 172 172 56 56 14 5 5 4 8 8 7 7 7 3 3 4 1 1 1 1 1 1 1 2 2 2 1 1 1 1 1 2 5 5 8 8 8 14 14 12
 38 38 58 172 172 99 55 55 12 12 14 8 8 2 4 4 7 7 5 3 3 4 1 1 1 1 1 1 1 1 1 1 1 1 1 1 1 4 6 6 8 8 10 15 15 14
 33 33 39 86 86 99 44 44 43 43 10 10 10 4 4 4 10 10 6 4 4 4 1 1 1 1 1 0 0 0 1 1 1 1 2 2 2 4 7 7 8 8 13 12 12 10
 33 33 39 86 86 99 44 44 43 43 10 10 10 4 4 4 10 10 6 4 4 4 1 1 1 1 1 0 0 0 1 1 1 1 2 2 2 4 7 7 8 8 13 12 12 10
 32 32 68 68 68 86 43 43 56 56 10 10 10 12 7 7 8 8 8 4 4 3 2 2 1 1 1 1 1 1 1 1 4 4 5 3 3 4 3 3 3 3 13 11 11 4
 36 36 88 82 82 80 39 39 49 49 26 16 16 18 18 18 18 18 11 8 8 4 1 1 1 1 2 2 2 2 2 2 3 3 2 2 2 2 4 4 4 4 8 7 7 4
 36 36 88 82 82 80 39 39 49 49 26 16 16 18 18 18 18 18 11 8 8 4 1 1 1 1 2 2 2 2 2 2 3 3 2 2 2 2 4 4 4 4 8 7 7 4
 33 33 72 80 80 36 36 36 35 35 28 12 12 17 18 18 19 19 8 5 5 3 2 2 1 1 1 2 2 2 1 1 2 2 1 2 2 3 2 2 1 1 1 1 1 2
 33 33 72 80 80 36 36 36 35 35 28 12 12 17 18 18 19 19 8 5 5 3 2 2 1 1 1 2 2 2 1 1 2 2 1 2 2 3 2 2 1 1 1 1 1 2
 41 41 73 61 61 32 35 35 37 37 23 26 26 20 15 15 10 10 9 6 6 5 4 4 2 2 0 0 0 1 1 1 1 1 3 3 3 4 1 1 2 2 2 2 2 1
 54 54 70 74 74 32 37 37 25 25 25 30 30 30 12 12 8 8 4 5 5 5 5 5 1 1 0 0 0 1 1 1 2 2 2 3 3 5 2 2 2 2 2 2 2 1
 54 54 70 74 74 32 37 37 25 25 25 30 30 30 12 12 8 8 4 5 5 5 5 5 1 1 0 0 0 1 1 1 2 2 2 3 3 5 2 2 2 2 2 2 2 1
 83 83 81 81 81 38 32 32 24 24 24 40 40 33 13 13 9 9 5 7 7 6 5 5 2 2 1 0 0 0 1 1 1 1 1 2 2 3 2 2 2 2 1 0 0 0
 101 101 93 91 91 48 40 40 23 23 29 34 34 22 22 22 18 18 10 15 15 13 7 7 4 4 2 0 0 0 1 1 1 1 0 1 1 1 1 1 0 0 0 0 0 0
 101 101 93 91 91 48 40 40 23 23 29 34 34 22 22 22 18 18 10 15 15 13 7 7 4 4 2 0 0 0 1 1 1 1 0 1 1 1 1 1 0 0 0 0 0 0
 92 92 98 48 48 40 42 42 21 21 27 28 28 31 38 38 38 38 22 24 24 38 13 13 7 7 3 0 0 0 1 1 1 1 1 1 1 1 1 1 0 0 0 0 0 0
 92 92 98 48 48 40 42 42 21 21 27 28 28 31 38 38 38 38 22 24 24 38 13 13 7 7 3 0 0 0 1 1 1 1 1 1 1 1 1 1 0 0 0 0 0 0
 100 100 85 45 45 46 22 22 22 22 23 24 24 23 33 33 29 29 29 37 37 34 10 10 6 6 3 1 1 1 2 2 2 2 2 1 1 1 0 0 0 0 0 0 0 0
 54 54 51 39 39 40 22 22 23 23 24 21 21 21 23 23 22 22 20 21 21 43 17 17 10 10 4 1 1 1 1 1 2 2 1 1 1 2 0 0 0 0 0 0 0 0
 54 54 51 39 39 40 22 22 23 23 24 21 21 21 23 23 22 22 20 21 21 43 17 17 10 10 4 1 1 1 1 1 2 2 1 1 1 2 0 0 0 0 0 0 0 0
 43 43 43 29 29 27 21 21 22 22 15 15 15 14 15 15 31 31 15 12 12 11 14 14 13 13 6 4 4 4 1 1 2 2 1 1 1 1 0 0 1 1 1 0 0 0
 44 44 26 26 26 24 16 16 20 20 11 11 11 10 10 10 10 10 6 8 8 9 12 12 10 10 11 6 6 2 1 1 1 1 1 1 1 2 1 1 2 2 0 0 0 0
 44 44 26 26 26 24 16 16 20 20 11 11 11 10 10 10 10 10 6 8 8 9 12 12 10 10 11 6 6 2 1 1 1 1 1 1 1 2 1 1 2 2 0 0 0 0
 27 27 18 18 18 18 14 14 12 12 10 10 10 7 6 6 7 7 6 5 5 7 18 18 11 11 11 8 8 3 1 1 1 1 3 2 2 4 3 3 2 2 0 0 0 0
 27 27 18 18 18 18 14 14 12 12 10 10 10 7 6 6 7 7 6 5 5 7 18 18 11 11 11 8 8 3 1 1 1 1 3 2 2 4 3 3 2 2 0 0 0 0
 22 22 13 21 21 9 8 8 9 9 8 7 7 3 3 3 3 3 4 5 5 17 15 15 10 10 7 4 4 2 2 2 3 3 4 6 6 5 5 5 2 2 0 0 0 0
 16 16 12 14 14 9 9 9 7 7 6 6 6 5 3 3 6 6 4 8 8 7 6 6 9 9 8 4 4 3 6 6 6 6 4 4 4 4 3 3 2 2 0 0 0 0
 16 16 12 14 14 9 9 9 7 7 6 6 6 5 3 3 6 6 4 8 8 7 6 6 9 9 8 4 4 3 6 6 6 6 4 4 4 4 3 3 2 2 0 0 0 0
 15 15 13 11 11 13 9 9 8 8 6 5 5 5 4 4 4 4 4 4 4 4 7 7 8 8 10 8 8 9 6 6 6 6 4 5 5 4 1 1 2 2 1 0 0 0
 12 12 14 12 12 11 12 12 8 8 8 6 6 6 6 6 8 8 6 4 4 5 7 7 16 16 16 18 18 17 10 10 5 5 4 4 4 2 3 3 3 3 2 2 2 2
 12 12 14 12 12 11 12 12 8 8 8 6 6 6 6 6 8 8 6 4 4 5 7 7 16 16 16 18 18 17 10 10 5 5 4 4 4 2 3 3 3 3 2 2 2 2
 11 11 13 14 14 13 14 14 10 10 8 8 8 6 7 7 7 7 9 10 10 10 16 16 25 25 24 23 23 19 13 13 6 6 6 5 5 3 6 6 6 6 8 8 8 5
 11 11 13 14 14 13 14 14 10 10 8 8 8 6 7 7 7 7 9 10 10 10 16 16 25 25 24 23 23 19 13 13 6 6 6 5 5 3 6 6 6 6 8 8 8 5
 11 11 12 11 11 12 12 12 10 10 9 8 8 9 8 8 11 11 11 11 11 12 15 15 21 21 20 29 29 25 20 20 10 10 10 11 11 10 9 9 6 6 9 8 8 6
 10 10 11 11 11 10 11 11 8 8 9 10 10 15 14 14 15 15 12 14 14 14 17 17 22 22 20 35 35 25 21 21 14 14 9 12 12 12 11 11 10 10 10 9 9 6
 10 10 11 11 11 10 11 11 8 8 9 10 10 15 14 14 15 15 12 14 14 14 17 17 22 22 20 35 35 25 21 21 14 14 9 12 12 12 11 11 10 10 10 9 9 6
 9 9 9 10 10 11 13 13 9 9 11 11 11 14 13 13 15 15 12 17 17 17 10 10 10 10 12 38 38 39 22 22 13 13 11 9 9 8 13 13 12 12 11 10 10 6
 9 9 9 11 11 11 13 13 13 13 15 19 19 24 21 21 15 15 10 16 16 16 12 12 18 18 17 31 31 38 24 24 13 13 13 10 10 8 13 13 13 13 14 8 8 6
 9 9 9 11 11 11 13 13 13 13 15 19 19 24 21 21 15 15 10 16 16 16 12 12 18 18 17 31 31 38 24 24 13 13 13 10 10 8 13 13 13 13 14 8 8 6
 12 12 14 15 15 15 19 19 22 22 26 21 21 25 22 22 15 15 13 16 16 11 14 14 15 15 23 32 32 32 15 15 14 14 12 10 10 10 10 10 13 13 11 17 17 17
 12 12 14 15 15 15 19 19 22 22 26 21 21 25 22 22 15 15 13 16 16 11 14 14 15 15 23 32 32 32 15 15 14 14 12 10 10 10 10 10 13 13 11 17 17 17
 14 14 19 19 19 17 22 22 25 25 29 33 33 33 28 28 23 23 16 16 16 15 17 17 19 19 22 25 25 9 16 16 13 13 12 14 14 13 15 15 21 21 11 26 26 28
 13 13 19 20 20 21 28 28 32 32 33 30 30 23 24 24 21 21 16 17 17 14 20 20 24 24 32 16 16 11 5 5 6 6 8 9 9 12 17 17 27 27 33 31 31 32
 13 13 19 20 20 21 28 28 32 32 33 30 30 23 24 24 21 21 16 17 17 14 20 20 24 24 32 16 16 11 5 5 6 6 8 9 9 12 17 17 27 27 33 31 31 32
 19 19 24 26 26 28 27 27 29 29 29 30 30 22 24 24 15 15 18 19 19 14 21 21 24 24 32 8 8 9 5 5 5 5 8 14 14 12 21 21 34 34 30 32 32 22
 19 19 20 37 37 29 26 26 25 25 24 22 22 17 18 18 10 10 15 8 8 20 20 20 29 29 29 22 22 5 5 5 5 5 5 12 12 12 22 22 23 23 23 22 22 21
