assets/RAT_results_old/precipitation/2019-08-20_IMERG.asc
ncols        46
nrows        77
xllcorner    74.800261325624
yllcorner    8.058333333333
cellsize     0.062500000000
NODATA_value -9999
 35 35 34 39 39 38 48 48 29 29 18 16 16 10 9 9 7 7 7 8 8 10 11 11 13 13 15 15 15 16 23 23 27 27 29 28 28 27 35 35 29 29 30 27 27 26
 51 51 54 52 52 32 40 40 33 33 25 20 20 16 15 15 9 9 8 9 9 11 13 13 16 16 22 20 20 16 20 20 25 25 19 26 26 24 38 38 38 38 34 32 32 19
 51 51 54 52 52 32 40 40 33 33 25 20 20 16 15 15 9 9 8 9 9 11 13 13 16 16 22 20 20 16 20 20 25 25 19 26 26 24 38 38 38 38 34 32 32 19
 44 44 42 35 35 31 30 30 24 24 30 26 26 26 20 20 14 14 10 9 9 10 11 11 16 16 28 27 27 23 28 28 29 29 32 25 25 28 30 30 29 29 13 13 13 6
 56 56 41 33 33 32 21 21 30 30 28 29 29 28 30 30 16 16 12 9 9 8 9 9 16 16 28 26 26 25 25 25 22 22 28 23 23 22 23 23 23 23 17 3 3 2
 56 56 41 33 33 32 21 21 30 30 28 29 29 28 30 30 16 16 12 9 9 8 9 9 16 16 28 26 26 25 25 25 22 22 28 23 23 22 23 23 23 23 17 3 3 2
 65 65 50 38 38 35 30 30 25 25 23 28 28 29 28 28 17 17 12 9 9 7 7 7 12 12 16 15 15 13 15 15 12 12 13 20 20 15 13 13 25 25 16 4 4 2
 65 65 50 38 38 35 30 30 25 25 23 28 28 29 28 28 17 17 12 9 9 7 7 7 12 12 16 15 15 13 15 15 12 12 13 20 20 15 13 13 25 25 16 4 4 2
 41 41 35 41 41 40 27 27 19 19 15 22 22 22 15 15 15 15 10 8 8 11 11 11 13 13 14 8 8 8 9 9 9 9 12 16 16 17 16 16 16 16 16 2 2 2
 42 42 32 36 36 38 28 28 20 20 20 29 29 25 20 20 12 12 8 9 9 15 16 16 13 13 16 12 12 8 8 8 9 9 12 15 15 18 18 18 12 12 9 4 4 2
 42 42 32 36 36 38 28 28 20 20 20 29 29 25 20 20 12 12 8 9 9 15 16 16 13 13 16 12 12 8 8 8 9 9 12 15 15 18 18 18 12 12 9 4 4 2
 43 43 43 31 31 34 27 27 19 19 20 25 25 23 41 41 12 12 8 12 12 12 7 7 13 13 16 9 9 10 8 8 14 14 16 26 26 25 25 25 25 25 10 5 5 3
 27 27 39 37 37 33 34 34 23 23 25 31 31 32 37 37 32 32 17 13 13 7 5 5 15 15 15 17 17 12 14 14 16 16 22 31 31 26 24 24 24 24 19 16 16 12
 27 27 39 37 37 33 34 34 23 23 25 31 31 32 37 37 32 32 17 13 13 7 5 5 15 15 15 17 17 12 14 14 16 16 22 31 31 26 24 24 24 24 19 16 16 12
 37 37 46 39 39 28 38 38 35 35 31 21 21 22 27 27 27 27 15 9 9 8 7 7 15 15 16 25 25 17 19 19 20 20 24 26 26 25 29 29 27 27 27 23 23 23
 37 37 46 39 39 28 38 38 35 35 31 21 21 22 27 27 27 27 15 9 9 8 7 7 15 15 16 25 25 17 19 19 20 20 24 26 26 25 29 29 27 27 27 23 23 23
 29 29 33 29 29 32 34 34 34 34 29 23 23 21 24 24 12 12 12 6 6 6 7 7 15 15 25 25 25 23 24 24 26 26 26 31 31 28 30 30 34 34 38 32 32 30
 29 29 30 25 25 24 36 36 30 30 30 21 21 12 12 12 16 16 16 6 6 7 8 8 14 14 24 23 23 20 22 22 29 29 28 30 30 28 29 29 33 33 37 34 34 33
 29 29 30 25 25 24 36 36 30 30 30 21 21 12 12 12 16 16 16 6 6 7 8 8 14 14 24 23 23 20 22 22 29 29 28 30 30 28 29 29 33 33 37 34 34 33
 21 21 27 16 16 20 16 16 21 21 22 23 23 14 15 15 11 11 11 9 9 8 8 8 10 10 20 28 28 23 27 27 27 27 22 21 21 20 22 22 25 25 27 31 31 30
 17 17 17 12 12 14 14 14 21 21 16 27 27 20 11 11 13 13 12 9 9 11 11 11 13 13 22 25 25 25 22 22 20 20 18 18 18 18 21 21 21 21 22 30 30 27
 17 17 17 12 12 14 14 14 21 21 16 27 27 20 11 11 13 13 12 9 9 11 11 11 13 13 22 25 25 25 22 22 20 20 18 18 18 18 21 21 21 21 22 30 30 27
 13 13 16 14 14 11 9 9 11 11 23 22 22 20 13 13 12 12 10 7 7 7 6 6 9 9 11 16 16 20 20 20 17 17 17 17 17 18 17 17 16 16 18 19 19 14
 13 13 16 14 14 11 9 9 11 11 23 22 22 20 13 13 12 12 10 7 7 7 6 6 9 9 11 16 16 20 20 20 17 17 17 17 17 18 17 17 16 16 18 19 19 14
 10 10 16 11 11 9 7 7 9 9 24 21 21 26 15 15 14 14 9 6 6 6 6 6 6 6 10 14 14 19 20 20 16 16 18 17 17 16 16 16 15 15 16 14 14 12
 9 9 13 13 13 15 10 10 9 9 9 19 19 19 24 24 19 19 10 8 8 5 4 4 5 5 11 13 13 21 22 22 17 17 21 18 18 15 14 14 14 14 13 10 10 9
 9 9 13 13 13 15 10 10 9 9 9 19 19 19 24 24 19 19 10 8 8 5 4 4 5 5 11 13 13 21 22 22 17 17 21 18 18 15 14 14 14 14 13 10 10 9
 8 8 10 10 10 11 10 10 35 35 9 21 21 20 13 13 14 14 14 8 8 7 5 5 5 5 9 8 8 11 11 11 14 14 19 15 15 11 11 11 12 12 12 10 10 9
 7 7 6 10 10 10 14 14 7 7 12 18 18 15 13 13 11 11 10 8 8 5 3 3 3 3 4 4 4 4 7 7 6 6 8 9 9 9 9 9 11 11 11 9 9 8
 7 7 6 10 10 10 14 14 7 7 12 18 18 15 13 13 11 11 10 8 8 5 3 3 3 3 4 4 4 4 7 7 6 6 8 9 9 9 9 9 11 11 11 9 9 8
 8 8 8 10 10 12 15 15 13 13 13 14 14 11 12 12 9 9 8 4 4 2 2 2 1 1 2 3 3 5 5 5 4 4 5 7 7 7 9 9 11 11 12 8 8 7
 8 8 8 10 10 12 15 15 13 13 13 14 14 11 12 12 9 9 8 4 4 2 2 2 1 1 2 3 3 5 5 5 4 4 5 7 7 7 9 9 11 11 12 8 8 7
 8 8 12 10 10 14 15 15 16 16 9 10 10 9 8 8 10 10 7 4 4 3 2 2 2 2 3 3 3 6 6 6 5 5 5 7 7 7 6 6 7 7 11 8 8 6
 10 10 14 11 11 15 15 15 20 20 10 16 16 8 7 7 6 6 9 7 7 3 2 2 3 3 4 4 4 4 3 3 4 4 3 5 5 7 6 6 8 8 7 6 6 6
 10 10 14 11 11 15 15 15 20 20 10 16 16 8 7 7 6 6 9 7 7 3 2 2 3 3 4 4 4 4 3 3 4 4 3 5 5 7 6 6 8 8 7 6 6 6
 7 7 8 8 8 13 17 17 18 18 13 16 16 11 11 11 24 24 20 15 15 4 4 4 3 3 4 4 4 4 4 4 5 5 4 3 3 3 4 4 3 3 3 3 3 3
 5 5 5 6 6 11 18 18 15 15 12 9 9 10 13 13 24 24 14 21 21 12 8 8 8 8 7 7 7 6 6 6 5 5 4 4 4 3 3 3 3 3 4 4 4 3
 5 5 5 6 6 11 18 18 15 15 12 9 9 10 13 13 24 24 14 21 21 12 8 8 8 8 7 7 7 6 6 6 5 5 4 4 4 3 3 3 3 3 4 4 4 3
 6 6 4 5 5 7 11 11 14 14 16 11 11 10 12 12 18 18 11 17 17 16 13 13 14 14 14 13 13 9 9 9 8 8 5 5 5 6 6 6 6 6 7 7 7 10
 6 6 4 5 5 7 11 11 14 14 16 11 11 10 12 12 18 18 11 17 17 16 13 13 14 14 14 13 13 9 9 9 8 8 5 5 5 6 6 6 6 6 7 7 7 10
 5 5 3 4 4 5 6 6 7 7 12 10 10 9 13 13 16 16 16 26 26 25 19 19 20 20 14 13 13 9 10 10 9 9 7 7 7 8 8 8 11 11 12 11 11 14
 2 2 3 3 3 5 5 5 5 5 5 9 9 12 15 15 14 14 15 16 16 27 18 18 16 16 13 7 7 8 10 10 10 10 10 9 9 9 9 9 10 10 11 13 13 13
 2 2 3 3 3 5 5 5 5 5 5 9 9 12 15 15 14 14 15 16 16 27 18 18 16 16 13 7 7 8 10 10 10 10 10 9 9 9 9 9 10 10 11 13 13 13
 2 2 2 2 2 4 3 3 3 3 3 6 6 7 15 15 17 17 26 16 16 24 17 17 8 8 6 7 7 6 10 10 9 9 11 9 9 8 8 8 7 7 8 7 7 8
 2 2 2 2 2 2 2 2 2 2 3 4 4 4 14 14 12 12 8 9 9 11 12 12 11 11 8 6 6 9 10 10 9 9 10 6 6 7 8 8 7 7 6 6 6 5
 2 2 2 2 2 2 2 2 2 2 3 4 4 4 14 14 12 12 8 9 9 11 12 12 11 11 8 6 6 9 10 10 9 9 10 6 6 7 8 8 7 7 6 6 6 5
 2 2 2 2 2 2 2 2 2 2 3 3 3 3 6 6 6 6 7 9 9 14 10 10 13 13 11 9 9 14 12 12 14 14 11 7 7 7 9 9 8 8 7 6 6 7
 2 2 2 2 2 2 2 2 2 2 3 3 3 3 6 6 6 6 7 9 9 14 10 10 13 13 11 9 9 14 12 12 14 14 11 7 7 7 9 9 8 8 7 6 6 7
 1 1 1 3 3 4 2 2 2 2 2 2 2 4 5 5 5 5 5 6 6 8 7 7 13 13 11 13 13 15 15 15 15 15 13 9 9 8 9 9 9 9 8 9 9 7
 0 0 1 1 1 1 1 1 1 1 1 1 1 3 3 3 3 3 3 5 5 7 5 5 12 12 11 9 9 10 8 8 8 8 8 6 6 5 6 6 7 7 8 6 6 7
 0 0 1 1 1 1 1 1 1 1 1 1 1 3 3 3 3 3 3 5 5 7 5 5 12 12 11 9 9 10 8 8 8 8 8 6 6 5 6 6 7 7 8 6 6 7
 0 0 0 1 1 1 1 1 1 1 1 1 1 3 3 3 2 2 2 3 3 6 3 3 9 9 10 9 9 7 6 6 5 5 4 4 4 4 3 3 3 3 4 5 5 4
 0 0 0 0 0 0 0 0 0 0 1 1 1 1 2 2 1 1 1 1 1 3 2 2 7 7 7 5 5 5 5 5 3 3 1 2 2 2 3 3 2 2 2 2 2 2
 0 0 0 0 0 0 0 0 0 0 1 1 1 1 2 2 1 1 1 1 1 3 2 2 7 7 7 5 5 5 5 5 3 3 1 2 2 2 3 3 2 2 2 2 2 2
 0 0 0 0 0 0 0 0 0 0 0 1 1 1 1 1 1 1 1 1 1 1 1 1 5 5 7 9 9 4 4 4 1 1 2 3 3 3 2 2 1 1 0 0 0 0
 0 0 0 0 0 0 0 0 0 0 0 1 1 1 1 1 1 1 1 1 1 1 1 1 5 5 7 9 9 4 4 4 1 1 2 3 3 3 2 2 1 1 0 0 0 0
 0 0 0 0 0 0 1 1 1 1 0 0 0 0 1 1 1 1 1 1 1 1 1 1 3 3 5 6 6 2 2 2 3 3 4 8 8 4 3 3 0 0 0 0 0 0
 0 0 0 0 0 0 0 0 0 0 0 0 0 0 0 0 1 1 0 0 0 0 1 1 1 1 3 3 3 2 2 2 1 1 2 3 3 5 1 1 0 0 0 0 0 0
 0 0 0 0 0 0 0 0 0 0 0 0 0 0 0 0 1 1 0 0 0 0 1 1 1 1 3 3 3 2 2 2 1 1 2 3 3 5 1 1 0 0 0 0 0 0
 0 0 0 0 0 0 0 0 0 0 0 0 0 0 0 0 0 0 0 0 0 0 0 0 0 0 2 2 2 2 5 5 3 3 2 1 1 3 1 1 1 1 0 2 2 2
 1 1 1 1 1 1 1 1 1 1 0 0 0 0 0 0 0 0 0 0 0 0 0 0 0 0 0 2 2 2 3 3 3 3 1 2 2 4 3 3 1 1 0 0 0 0
 1 1 1 1 1 1 1 1 1 1 0 0 0 0 0 0 0 0 0 0 0 0 0 0 0 0 0 2 2 2 3 3 3 3 1 2 2 4 3 3 1 1 0 0 0 0
 1 1 1 1 1 1 0 0 0 0 0 0 0 0 0 0 0 0 0 0 0 0 0 0 0 0 0 2 2 1 1 1 0 0 0 3 3 4 5 5 1 1 1 0 0 0
 1 1 1 1 1 1 0 0 0 0 0 0 0 0 0 0 0 0 0 0 0 0 0 0 0 0 0 2 2 1 1 1 0 0 0 3 3 4 5 5 1 1 1 0 0 0
 1 1 1 0 0 0 0 0 0 0 0 0 0 0 0 0 0 0 0 0 0 0 0 0 0 0 0 0 0 1 1 1 1 1 0 0 0 4 2 2 0 0 0 0 0 0
 0 0 0 0 0 0 0 0 0 0 0 0 0 0 0 0 0 0 0 0 0 0 0 0 0 0 0 0 0 1 1 1 1 1 0 0 0 0 1 1 0 0 0 0 0 0
 0 0 0 0 0 0 0 0 0 0 0 0 0 0 0 0 0 0 0 0 0 0 0 0 0 0 0 0 0 1 1 1 1 1 0 0 0 0 1 1 0 0 0 0 0 0
 0 0 0 0 0 0 0 0 0 0 0 0 0 0 0 0 0 0 0 0 0 0 0 0 0 0 0 0 0 0 1 1 0 0 0 0 0 0 0 0 0 0 0 0 0 0
 0 0 0 0 0 0 0 0 0 0 0 0 0 0 0 0 0 0 0 0 0 0 0 0 0 0 0 0 0 0 0 0 1 1 0 0 0 0 0 0 2 2 2 0 0 0
 0 0 0 0 0 0 0 0 0 0 0 0 0 0 0 0 0 0 0 0 0 0 0 0 0 0 0 0 0 0 0 0 1 1 0 0 0 0 0 0 2 2 2 0 0 0
 0 0 0 0 0 0 0 0 0 0 0 0 0 0 0 0 0 0 0 0 0 0 0 0 0 0 0 0 0 0 0 0 0 0 1 1 1 0 0 0 1 1 2 0 0 0
 0 0 0 0 0 0 0 0 0 0 0 0 0 0 0 0 0 0 0 0 0 0 0 0 0 0 0 0 0 0 0 0 0 0 1 1 1 0 0 0 1 1 2 0 0 0
 0 0 0 0 0 0 0 0 0 0 0 0 0 0 0 0 0 0 0 0 0 0 0 0 0 0 0 0 0 0 0 0 0 0 1 1 1 0 0 0 0 0 0 0 0 0
 0 0 0 0 0 0 0 0 0 0 0 0 0 0 0 0 0 0 0 0 0 0 0 0 0 0 0 0 0 0 0 0 0 0 0 0 0 0 1 1 0 0 0 0 0 0
 0 0 0 0 0 0 0 0 0 0 0 0 0 0 0 0 0 0 0 0 0 0 0 0 0 0 0 0 0 0 0 0 0 0 0 0 0 0 1 1 0 0 0 0 0 0
 0 0 0 0 0 0 0 0 0 0 0 0 0 0 0 0 0 0 0 0 0 0 0 0 0 0 0 0 0 0 0 0 0 0 0 0 0 0 0 0 0 0 0 0 0 0
 0 0 0 0 0 0 0 0 0 0 0 0 0 0 0 0 0 0 0 0 0 0 0 0 0 0 0 0 0 0 0 0 0 0 0 0 0 0 0 0 0 0 0 0 0 0
