assets/RAT_results_old/precipitation/2019-09-04_IMERG.asc
ncols        46
nrows        77
xllcorner    74.800261325624
yllcorner    8.058333333333
cellsize     0.062500000000
NODATA_value -9999
 79 79 87 63 63 60 48 48 43 43 50 40 40 28 22 22 19 19 16 12 12 12 5 5 4 4 4 2 2 1 2 2 1 1 1 1 1 1 1 1 0 0 0 0 0 1
 52 52 59 39 39 38 42 42 42 42 40 38 38 22 23 23 18 18 17 11 11 7 4 4 3 3 3 2 2 1 1 1 1 1 1 1 1 1 0 0 0 0 0 0 0 1
 52 52 59 39 39 38 42 42 42 42 40 38 38 22 23 23 18 18 17 11 11 7 4 4 3 3 3 2 2 1 1 1 1 1 1 1 1 1 0 0 0 0 0 0 0 1
 40 40 40 27 27 31 33 33 41 41 40 34 34 26 19 19 16 16 12 10 10 7 5 5 4 4 3 2 2 1 1 1 1 1 1 1 1 1 2 2 1 1 1 1 1 0
 24 24 34 31 31 27 28 28 31 31 30 25 25 25 21 21 16 16 14 9 9 9 6 6 4 4 3 3 3 1 1 1 1 1 2 3 3 3 2 2 1 1 1 1 1 0
 24 24 34 31 31 27 28 28 31 31 30 25 25 25 21 21 16 16 14 9 9 9 6 6 4 4 3 3 3 1 1 1 1 1 2 3 3 3 2 2 1 1 1 1 1 0
 27 27 26 32 32 31 20 20 29 29 33 27 27 28 25 25 20 20 12 11 11 8 7 7 7 7 7 6 6 3 2 2 4 4 4 3 3 3 2 2 1 1 1 1 1 0
 27 27 26 32 32 31 20 20 29 29 33 27 27 28 25 25 20 20 12 11 11 8 7 7 7 7 7 6 6 3 2 2 4 4 4 3 3 3 2 2 1 1 1 1 1 0
 30 30 25 34 34 23 16 16 22 22 15 25 25 30 24 24 23 23 17 12 12 10 11 11 12 12 8 5 5 3 3 3 4 4 4 2 2 2 1 1 1 1 1 1 1 1
 22 22 20 17 17 19 18 18 22 22 26 30 30 37 33 33 29 29 21 18 18 13 12 12 12 12 8 5 5 2 2 2 2 2 2 2 2 1 1 1 1 1 1 1 1 1
 22 22 20 17 17 19 18 18 22 22 26 30 30 37 33 33 29 29 21 18 18 13 12 12 12 12 8 5 5 2 2 2 2 2 2 2 2 1 1 1 1 1 1 1 1 1
 21 21 20 15 15 20 28 28 27 27 31 36 36 33 32 32 32 32 25 21 21 17 12 12 11 11 6 6 6 4 3 3 3 3 1 1 1 1 1 1 1 1 1 1 1 1
 27 27 13 17 17 21 30 30 43 43 45 43 43 38 30 30 27 27 23 23 23 20 9 9 10 10 5 3 3 3 2 2 2 2 1 0 0 0 1 1 1 1 1 1 1 1
 27 27 13 17 17 21 30 30 43 43 45 43 43 38 30 30 27 27 23 23 23 20 9 9 10 10 5 3 3 3 2 2 2 2 1 0 0 0 1 1 1 1 1 1 1 1
 26 26 26 23 23 24 38 38 34 34 57 39 39 31 25 25 16 16 15 15 15 15 11 11 4 4 4 2 2 2 1 1 1 1 1 0 0 0 1 1 1 1 1 1 1 1
 26 26 26 23 23 24 38 38 34 34 57 39 39 31 25 25 16 16 15 15 15 15 11 11 4 4 4 2 2 2 1 1 1 1 1 0 0 0 1 1 1 1 1 1 1 1
 18 18 22 19 19 28 32 32 39 39 25 23 23 27 26 26 15 15 12 11 11 10 4 4 2 2 2 1 1 3 4 4 3 3 1 1 1 0 0 0 1 1 1 1 1 1
 13 13 12 10 10 13 25 25 12 12 19 24 24 31 28 28 17 17 10 8 8 4 3 3 2 2 2 1 1 2 2 2 1 1 1 0 0 1 1 1 1 1 1 2 2 2
 13 13 12 10 10 13 25 25 12 12 19 24 24 31 28 28 17 17 10 8 8 4 3 3 2 2 2 1 1 2 2 2 1 1 1 0 0 1 1 1 1 1 1 2 2 2
 8 8 7 4 4 4 7 7 12 12 18 21 21 23 19 19 12 12 10 7 7 5 4 4 3 3 1 1 1 1 1 1 0 0 0 1 1 1 1 1 1 1 1 1 1 2
 3 3 3 3 3 3 8 8 13 13 22 20 20 18 13 13 12 12 10 11 11 7 5 5 3 3 2 1 1 1 1 1 0 0 1 1 1 1 1 1 1 1 0 0 0 0
 3 3 3 3 3 3 8 8 13 13 22 20 20 18 13 13 12 12 10 11 11 7 5 5 3 3 2 1 1 1 1 1 0 0 1 1 1 1 1 1 1 1 0 0 0 0
 2 2 1 2 2 3 4 4 7 7 17 17 17 19 14 14 11 11 13 12 12 9 6 6 2 2 2 2 2 3 1 1 2 2 1 1 1 1 0 0 0 0 0 0 0 0
 2 2 1 2 2 3 4 4 7 7 17 17 17 19 14 14 11 11 13 12 12 9 6 6 2 2 2 2 2 3 1 1 2 2 1 1 1 1 0 0 0 0 0 0 0 0
 3 3 3 4 4 5 9 9 10 10 8 11 11 17 19 19 17 17 22 14 14 11 6 6 4 4 4 2 2 2 2 2 1 1 1 1 1 1 0 0 0 0 0 0 0 0
 4 4 4 6 6 7 13 13 16 16 8 15 15 30 23 23 25 25 25 17 17 9 8 8 6 6 4 2 2 3 2 2 1 1 1 0 0 0 0 0 0 0 0 0 0 0
 4 4 4 6 6 7 13 13 16 16 8 15 15 30 23 23 25 25 25 17 17 9 8 8 6 6 4 2 2 3 2 2 1 1 1 0 0 0 0 0 0 0 0 0 0 0
 5 5 6 7 7 6 8 8 10 10 9 8 8 16 36 36 16 16 21 12 12 18 16 16 9 9 7 3 3 3 2 2 2 2 1 0 0 0 0 0 0 0 0 0 0 1
 4 4 6 6 6 5 4 4 4 4 5 5 5 7 8 8 14 14 17 20 20 19 25 25 20 20 12 10 10 8 2 2 5 5 2 0 0 0 0 0 0 0 0 0 0 1
 4 4 6 6 6 5 4 4 4 4 5 5 5 7 8 8 14 14 17 20 20 19 25 25 20 20 12 10 10 8 2 2 5 5 2 0 0 0 0 0 0 0 0 0 0 1
 4 4 6 5 5 2 1 1 1 1 2 5 5 6 11 11 9 9 15 15 15 17 18 18 21 21 22 13 13 8 5 5 4 4 3 1 1 1 1 1 1 1 0 1 1 1
 4 4 6 5 5 2 1 1 1 1 2 5 5 6 11 11 9 9 15 15 15 17 18 18 21 21 22 13 13 8 5 5 4 4 3 1 1 1 1 1 1 1 0 1 1 1
 4 4 6 4 4 1 1 1 1 1 1 2 2 5 13 13 14 14 10 14 14 19 18 18 20 20 18 13 13 10 6 6 7 7 4 3 3 2 2 2 1 1 1 2 2 1
 5 5 5 2 2 0 1 1 1 1 1 2 2 6 7 7 11 11 21 14 14 16 14 14 18 18 15 11 11 7 5 5 7 7 4 2 2 1 2 2 2 2 3 1 1 1
 5 5 5 2 2 0 1 1 1 1 1 2 2 6 7 7 11 11 21 14 14 16 14 14 18 18 15 11 11 7 5 5 7 7 4 2 2 1 2 2 2 2 3 1 1 1
 4 4 3 1 1 0 1 1 1 1 1 2 2 3 3 3 5 5 10 16 16 16 19 19 19 19 19 18 18 14 7 7 5 5 6 7 7 4 2 2 3 3 4 1 1 1
 1 1 1 0 0 0 0 0 1 1 1 1 1 1 2 2 5 5 6 13 13 22 22 22 24 24 14 8 8 13 11 11 14 14 12 9 9 6 2 2 2 2 2 1 1 1
 1 1 1 0 0 0 0 0 1 1 1 1 1 1 2 2 5 5 6 13 13 22 22 22 24 24 14 8 8 13 11 11 14 14 12 9 9 6 2 2 2 2 2 1 1 1
 0 0 0 0 0 0 0 0 1 1 1 1 1 1 1 1 2 2 4 18 18 32 41 41 17 17 11 8 8 9 10 10 27 27 20 20 20 6 2 2 2 2 1 1 1 1
 0 0 0 0 0 0 0 0 1 1 1 1 1 1 1 1 2 2 4 18 18 32 41 41 17 17 11 8 8 9 10 10 27 27 20 20 20 6 2 2 2 2 1 1 1 1
 1 1 0 0 0 0 1 1 1 1 1 1 1 1 1 1 2 2 6 13 13 23 26 26 14 14 13 10 10 8 4 4 25 25 8 5 5 5 3 3 2 2 2 1 1 2
 1 1 0 0 0 0 0 0 1 1 1 2 2 1 1 1 2 2 4 8 8 17 13 13 11 11 14 12 12 15 12 12 32 32 16 13 13 9 6 6 4 4 2 1 1 1
 1 1 0 0 0 0 0 0 1 1 1 2 2 1 1 1 2 2 4 8 8 17 13 13 11 11 14 12 12 15 12 12 32 32 16 13 13 9 6 6 4 4 2 1 1 1
 0 0 0 0 0 0 1 1 1 1 1 2 2 1 1 1 2 2 3 6 6 9 10 10 10 10 15 17 17 22 26 26 19 19 21 17 17 12 8 8 6 6 2 1 1 1
 0 0 0 0 0 0 1 1 1 1 2 2 2 3 1 1 2 2 4 5 5 5 7 7 9 9 13 13 13 17 14 14 14 14 16 15 15 10 8 8 2 2 1 1 1 1
 0 0 0 0 0 0 1 1 1 1 2 2 2 3 1 1 2 2 4 5 5 5 7 7 9 9 13 13 13 17 14 14 14 14 16 15 15 10 8 8 2 2 1 1 1 1
 0 0 0 0 0 0 1 1 1 1 2 2 2 3 1 1 1 1 2 3 3 4 5 5 12 12 12 15 15 13 13 13 12 12 6 6 6 3 3 3 0 0 1 1 1 1
 0 0 0 0 0 0 1 1 1 1 2 2 2 3 1 1 1 1 2 3 3 4 5 5 12 12 12 15 15 13 13 13 12 12 6 6 6 3 3 3 0 0 1 1 1 1
 0 0 0 0 0 0 1 1 1 1 2 2 2 1 2 2 0 0 1 2 2 3 4 4 9 9 12 10 10 4 4 4 3 3 1 2 2 0 0 0 0 0 0 0 0 0
 0 0 1 0 0 0 1 1 1 1 2 2 2 2 2 2 0 0 0 1 1 2 2 2 5 5 6 5 5 2 1 1 1 1 1 2 2 1 0 0 0 0 0 0 0 0
 0 0 1 0 0 0 1 1 1 1 2 2 2 2 2 2 0 0 0 1 1 2 2 2 5 5 6 5 5 2 1 1 1 1 1 2 2 1 0 0 0 0 0 0 0 0
 0 0 0 0 0 1 2 2 3 3 3 2 2 2 2 2 1 1 0 1 1 1 1 1 2 2 5 6 6 4 4 4 9 9 9 19 19 1 0 0 0 0 1 0 0 0
 1 1 2 1 1 1 3 3 5 5 4 4 4 3 2 2 1 1 0 1 1 1 1 1 2 2 10 14 14 10 8 8 10 10 9 19 19 6 6 6 0 0 0 0 0 0
 1 1 2 1 1 1 3 3 5 5 4 4 4 3 2 2 1 1 0 1 1 1 1 1 2 2 10 14 14 10 8 8 10 10 9 19 19 6 6 6 0 0 0 0 0 0
 2 2 2 1 1 1 2 2 5 5 8 8 8 3 4 4 3 3 4 4 4 4 13 13 15 15 8 11 11 9 11 11 30 30 26 26 26 1 5 5 0 0 0 0 0 0
 2 2 2 1 1 1 2 2 5 5 8 8 8 3 4 4 3 3 4 4 4 4 13 13 15 15 8 11 11 9 11 11 30 30 26 26 26 1 5 5 0 0 0 0 0 0
 4 4 4 4 4 3 3 3 5 5 8 8 8 6 5 5 3 3 5 5 5 5 14 14 20 20 19 20 20 13 13 13 2 2 27 26 26 1 1 1 1 1 1 1 1 0
 4 4 6 6 6 6 5 5 4 4 6 6 6 8 8 8 8 8 8 11 11 21 24 24 21 21 20 19 19 16 14 14 10 10 2 1 1 1 2 2 1 1 1 0 0 0
 4 4 6 6 6 6 5 5 4 4 6 6 6 8 8 8 8 8 8 11 11 21 24 24 21 21 20 19 19 16 14 14 10 10 2 1 1 1 2 2 1 1 1 0 0 0
 7 7 8 9 9 10 6 6 8 8 7 6 6 7 8 8 12 12 13 11 11 12 13 13 21 21 22 18 18 10 7 7 11 11 3 2 2 2 1 1 1 1 0 0 0 0
 7 7 7 7 7 7 5 5 8 8 7 7 7 7 11 11 13 13 13 11 11 12 14 14 12 12 6 10 10 19 11 11 8 8 8 4 4 3 1 1 0 0 0 0 0 0
 7 7 7 7 7 7 5 5 8 8 7 7 7 7 11 11 13 13 13 11 11 12 14 14 12 12 6 10 10 19 11 11 8 8 8 4 4 3 1 1 0 0 0 0 0 0
 6 6 6 5 5 4 4 4 6 6 6 7 7 7 9 9 12 12 13 12 12 12 13 13 7 7 8 11 11 9 18 18 11 11 9 5 5 3 1 1 0 0 0 0 0 0
 6 6 6 5 5 4 4 4 6 6 6 7 7 7 9 9 12 12 13 12 12 12 13 13 7 7 8 11 11 9 18 18 11 11 9 5 5 3 1 1 0 0 0 0 0 0
 5 5 4 4 4 3 2 2 3 3 7 7 7 7 10 10 20 20 15 9 9 12 11 11 8 8 8 8 8 9 11 11 9 9 8 4 4 3 0 0 0 0 1 0 0 0
 2 2 2 2 2 2 2 2 2 2 4 6 6 9 12 12 12 12 9 6 6 7 5 5 5 5 6 9 9 21 10 10 12 12 12 5 5 1 2 2 2 2 1 0 0 0
 2 2 2 2 2 2 2 2 2 2 4 6 6 9 12 12 12 12 9 6 6 7 5 5 5 5 6 9 9 21 10 10 12 12 12 5 5 1 2 2 2 2 1 0 0 0
 0 0 0 1 1 2 1 1 1 1 3 3 3 4 5 5 5 5 5 4 4 4 5 5 6 6 6 10 10 22 10 10 8 8 6 24 24 7 2 2 2 2 2 2 2 1
 0 0 0 0 0 1 1 1 2 2 2 2 2 2 2 2 2 2 3 5 5 6 6 6 9 9 8 10 10 5 15 15 14 14 10 10 10 4 6 6 4 4 3 3 3 2
 0 0 0 0 0 1 1 1 2 2 2 2 2 2 2 2 2 2 3 5 5 6 6 6 9 9 8 10 10 5 15 15 14 14 10 10 10 4 6 6 4 4 3 3 3 2
 0 0 0 0 0 0 0 0 1 1 1 1 1 1 2 2 2 2 2 2 2 4 5 5 6 6 8 7 7 26 31 31 16 16 18 9 9 6 6 6 7 7 6 3 3 3
 0 0 0 0 0 0 0 0 1 1 1 1 1 1 2 2 2 2 2 2 2 4 5 5 6 6 8 7 7 26 31 31 16 16 18 9 9 6 6 6 7 7 6 3 3 3
 0 0 0 0 0 0 3 3 0 0 1 1 1 1 1 1 1 1 1 2 2 2 3 3 5 5 4 23 23 22 23 23 10 10 14 12 12 8 6 6 7 7 4 5 5 5
 0 0 0 0 0 1 3 3 4 4 4 1 1 1 1 1 1 1 2 2 2 2 2 2 3 3 4 3 3 4 6 6 10 10 11 11 11 6 5 5 7 7 3 2 2 5
 0 0 0 0 0 1 3 3 4 4 4 1 1 1 1 1 1 1 2 2 2 2 2 2 3 3 4 3 3 4 6 6 10 10 11 11 11 6 5 5 7 7 3 2 2 5
 0 0 0 0 0 2 2 2 3 3 4 4 4 1 1 1 1 1 2 1 1 1 1 1 2 2 3 3 3 5 4 4 4 4 3 2 2 7 2 2 3 3 1 2 2 4
 0 0 0 0 0 0 1 1 3 3 2 3 3 4 2 2 1 1 1 1 1 1 2 2 3 3 4 3 3 2 3 3 3 3 4 5 5 4 5 5 6 6 6 5 5 2
