assets/RAT_results_old/precipitation/2019-06-19_IMERG.asc
ncols        46
nrows        77
xllcorner    74.800261325624
yllcorner    8.058333333333
cellsize     0.062500000000
NODATA_value -9999
 32 32 34 18 18 16 5 5 2 2 10 8 8 4 3 3 2 2 0 0 0 0 0 0 0 0 0 0 0 0 0 0 0 0 0 0 0 0 0 0 0 0 0 0 0 0
 35 35 37 22 22 15 12 12 7 7 9 6 6 6 6 6 5 5 0 0 0 0 0 0 0 0 0 0 0 0 0 0 0 0 0 0 0 0 0 0 0 0 0 0 0 0
 35 35 37 22 22 15 12 12 7 7 9 6 6 6 6 6 5 5 0 0 0 0 0 0 0 0 0 0 0 0 0 0 0 0 0 0 0 0 0 0 0 0 0 0 0 0
 37 37 38 29 29 14 12 12 14 14 7 4 4 4 6 6 4 4 0 0 0 0 0 0 0 0 0 0 0 0 0 0 0 0 0 0 0 0 0 0 0 0 0 0 0 0
 40 40 33 29 29 16 13 13 11 11 12 4 4 1 1 1 0 0 0 0 0 0 0 0 0 0 0 0 0 0 0 0 0 0 0 0 0 0 0 0 0 0 0 0 0 0
 40 40 33 29 29 16 13 13 11 11 12 4 4 1 1 1 0 0 0 0 0 0 0 0 0 0 0 0 0 0 0 0 0 0 0 0 0 0 0 0 0 0 0 0 0 0
 31 31 37 33 33 28 22 22 15 15 8 9 9 4 2 2 1 1 2 0 0 0 0 0 0 0 0 0 0 0 0 0 0 0 0 0 0 0 0 0 0 0 0 0 0 0
 31 31 37 33 33 28 22 22 15 15 8 9 9 4 2 2 1 1 2 0 0 0 0 0 0 0 0 0 0 0 0 0 0 0 0 0 0 0 0 0 0 0 0 0 0 0
 46 46 57 40 40 36 23 23 20 20 12 10 10 5 5 5 3 3 2 1 1 0 0 0 0 0 0 0 0 0 0 0 0 0 0 0 0 0 0 0 0 0 0 0 0 0
 106 106 58 45 45 43 41 41 20 20 16 16 16 8 7 7 3 3 9 6 6 3 0 0 0 0 0 0 0 0 1 1 1 1 2 1 1 1 0 0 0 0 0 0 0 1
 106 106 58 45 45 43 41 41 20 20 16 16 16 8 7 7 3 3 9 6 6 3 0 0 0 0 0 0 0 0 1 1 1 1 2 1 1 1 0 0 0 0 0 0 0 1
 53 53 58 60 60 58 47 47 30 30 31 25 25 12 11 11 9 9 4 4 4 2 0 0 0 0 0 0 0 0 0 0 0 0 1 2 2 2 1 1 0 0 0 0 0 0
 40 40 42 69 69 67 55 55 41 41 36 13 13 12 13 13 9 9 8 2 2 0 0 0 0 0 0 0 0 0 0 0 0 0 1 1 1 1 1 1 1 1 0 0 0 0
 40 40 42 69 69 67 55 55 41 41 36 13 13 12 13 13 9 9 8 2 2 0 0 0 0 0 0 0 0 0 0 0 0 0 1 1 1 1 1 1 1 1 0 0 0 0
 40 40 41 39 39 73 59 59 39 39 30 12 12 10 4 4 3 3 3 2 2 0 0 0 0 0 0 0 0 0 0 0 0 0 0 0 0 0 1 1 0 0 0 0 0 0
 40 40 41 39 39 73 59 59 39 39 30 12 12 10 4 4 3 3 3 2 2 0 0 0 0 0 0 0 0 0 0 0 0 0 0 0 0 0 1 1 0 0 0 0 0 0
 41 41 25 31 31 30 43 43 30 30 29 12 12 10 7 7 5 5 3 1 1 0 0 0 0 0 0 0 0 0 0 0 0 0 0 0 0 0 0 0 0 0 0 0 0 0
 51 51 25 39 39 26 28 28 17 17 15 16 16 12 9 9 4 4 2 0 0 0 0 0 0 0 0 0 0 0 0 0 0 0 0 0 0 0 0 0 0 0 0 0 0 0
 51 51 25 39 39 26 28 28 17 17 15 16 16 12 9 9 4 4 2 0 0 0 0 0 0 0 0 0 0 0 0 0 0 0 0 0 0 0 0 0 0 0 0 0 0 0
 65 65 32 32 32 13 16 16 13 13 13 19 19 8 7 7 2 2 1 0 0 0 0 0 0 0 0 0 0 1 1 1 0 0 0 0 0 0 0 0 0 0 0 0 0 0
 75 75 43 13 13 15 9 9 10 10 11 15 15 7 6 6 2 2 2 0 0 0 0 0 0 0 0 0 0 0 1 1 1 1 0 0 0 0 0 0 0 0 0 0 0 0
 75 75 43 13 13 15 9 9 10 10 11 15 15 7 6 6 2 2 2 0 0 0 0 0 0 0 0 0 0 0 1 1 1 1 0 0 0 0 0 0 0 0 0 0 0 0
 53 53 48 38 38 16 8 8 6 6 8 7 7 9 8 8 5 5 2 0 0 0 0 0 0 0 0 4 4 1 1 1 1 1 1 0 0 0 0 0 1 1 0 0 0 0
 53 53 48 38 38 16 8 8 6 6 8 7 7 9 8 8 5 5 2 0 0 0 0 0 0 0 0 4 4 1 1 1 1 1 1 0 0 0 0 0 1 1 0 0 0 0
 53 53 53 37 37 30 16 16 8 8 7 6 6 8 7 7 5 5 1 0 0 0 0 0 0 0 0 4 4 2 1 1 2 2 2 1 1 1 1 1 1 1 0 0 0 0
 68 68 55 51 51 34 16 16 10 10 8 8 8 9 10 10 7 7 1 0 0 1 0 0 0 0 0 0 0 1 1 1 1 1 1 1 1 0 0 0 0 0 0 0 0 0
 68 68 55 51 51 34 16 16 10 10 8 8 8 9 10 10 7 7 1 0 0 1 0 0 0 0 0 0 0 1 1 1 1 1 1 1 1 0 0 0 0 0 0 0 0 0
 71 71 62 54 54 25 13 13 7 7 7 3 3 5 7 7 6 6 1 0 0 0 0 0 0 0 0 0 0 1 0 0 0 0 0 0 0 0 0 0 0 0 0 0 0 0
 78 78 66 56 56 50 38 38 9 9 5 3 3 11 11 11 10 10 5 3 3 2 1 1 0 0 0 0 0 0 0 0 0 0 0 0 0 0 0 0 0 0 0 0 0 1
 78 78 66 56 56 50 38 38 9 9 5 3 3 11 11 11 10 10 5 3 3 2 1 1 0 0 0 0 0 0 0 0 0 0 0 0 0 0 0 0 0 0 0 0 0 1
 74 74 67 69 69 54 42 42 11 11 8 8 8 16 22 22 26 26 13 6 6 4 1 1 2 2 2 1 1 1 1 1 0 0 0 0 0 0 0 0 0 0 0 0 0 1
 74 74 67 69 69 54 42 42 11 11 8 8 8 16 22 22 26 26 13 6 6 4 1 1 2 2 2 1 1 1 1 1 0 0 0 0 0 0 0 0 0 0 0 0 0 1
 62 62 65 63 63 52 31 31 14 14 11 16 16 28 28 28 20 20 13 7 7 3 2 2 2 2 2 1 1 1 2 2 0 0 0 0 0 0 0 0 0 0 0 0 0 0
 69 69 63 58 58 45 31 31 13 13 16 16 16 15 9 9 13 13 16 6 6 4 2 2 1 1 1 0 0 0 0 0 0 0 0 0 0 0 0 0 0 0 0 0 0 0
 69 69 63 58 58 45 31 31 13 13 16 16 16 15 9 9 13 13 16 6 6 4 2 2 1 1 1 0 0 0 0 0 0 0 0 0 0 0 0 0 0 0 0 0 0 0
 64 64 65 56 56 60 47 47 25 25 25 15 15 11 5 5 8 8 7 4 4 4 2 2 1 1 1 0 0 0 0 0 0 0 0 0 0 0 0 0 0 0 0 0 0 0
 65 65 65 55 55 49 38 38 25 25 28 2 2 3 3 3 5 5 3 4 4 5 3 3 1 1 1 1 1 0 0 0 0 0 0 1 1 1 0 0 0 0 0 0 0 0
 65 65 65 55 55 49 38 38 25 25 28 2 2 3 3 3 5 5 3 4 4 5 3 3 1 1 1 1 1 0 0 0 0 0 0 1 1 1 0 0 0 0 0 0 0 0
 65 65 68 53 53 43 38 38 31 31 20 2 2 2 3 3 13 13 1 4 4 4 4 4 3 3 1 1 1 1 0 0 1 1 4 4 4 1 1 1 0 0 0 1 1 1
 65 65 68 53 53 43 38 38 31 31 20 2 2 2 3 3 13 13 1 4 4 4 4 4 3 3 1 1 1 1 0 0 1 1 4 4 4 1 1 1 0 0 0 1 1 1
 62 62 66 55 55 41 35 35 28 28 16 11 11 2 1 1 1 1 1 4 4 8 6 6 3 3 1 1 1 1 1 1 1 1 3 2 2 3 1 1 0 0 0 3 3 0
 43 43 65 49 49 44 29 29 20 20 16 11 11 2 2 2 1 1 3 3 3 6 2 2 1 1 1 1 1 4 5 5 5 5 3 3 3 3 2 2 1 1 0 1 1 1
 43 43 65 49 49 44 29 29 20 20 16 11 11 2 2 2 1 1 3 3 3 6 2 2 1 1 1 1 1 4 5 5 5 5 3 3 3 3 2 2 1 1 0 1 1 1
 42 42 59 54 54 40 27 27 16 16 11 11 11 3 4 4 2 2 4 2 2 10 14 14 13 13 1 1 1 2 6 6 7 7 3 4 4 3 2 2 1 1 0 0 0 0
 34 34 43 44 44 28 31 31 20 20 12 11 11 3 5 5 4 4 7 2 2 13 14 14 13 13 1 1 1 1 1 1 2 2 3 4 4 1 0 0 0 0 0 0 0 0
 34 34 43 44 44 28 31 31 20 20 12 11 11 3 5 5 4 4 7 2 2 13 14 14 13 13 1 1 1 1 1 1 2 2 3 4 4 1 0 0 0 0 0 0 0 0
 30 30 27 32 32 26 26 26 19 19 11 12 12 5 7 7 4 4 11 4 4 9 1 1 2 2 1 1 1 2 1 1 3 3 3 5 5 3 1 1 1 1 0 0 0 0
 30 30 27 32 32 26 26 26 19 19 11 12 12 5 7 7 4 4 11 4 4 9 1 1 2 2 1 1 1 2 1 1 3 3 3 5 5 3 1 1 1 1 0 0 0 0
 25 25 25 26 26 13 11 11 10 10 7 10 10 5 10 10 6 6 17 5 5 5 4 4 2 2 1 1 1 2 1 1 2 2 4 4 4 3 3 3 2 2 1 0 0 0
 16 16 20 13 13 13 5 5 8 8 5 7 7 5 16 16 12 12 16 6 6 4 3 3 3 3 1 1 1 2 2 2 1 1 2 6 6 6 2 2 3 3 3 0 0 0
 16 16 20 13 13 13 5 5 8 8 5 7 7 5 16 16 12 12 16 6 6 4 3 3 3 3 1 1 1 2 2 2 1 1 2 6 6 6 2 2 3 3 3 0 0 0
 11 11 18 11 11 6 6 6 3 3 3 5 5 4 13 13 8 8 12 12 12 11 5 5 4 4 2 1 1 1 2 2 3 3 5 7 7 5 2 2 3 3 3 0 0 0
 7 7 16 13 13 5 6 6 2 2 2 3 3 2 7 7 7 7 9 8 8 7 8 8 7 7 4 3 3 2 2 2 1 1 3 4 4 4 2 2 2 2 2 0 0 0
 7 7 16 13 13 5 6 6 2 2 2 3 3 2 7 7 7 7 9 8 8 7 8 8 7 7 4 3 3 2 2 2 1 1 3 4 4 4 2 2 2 2 2 0 0 0
 7 7 22 21 21 4 5 5 2 2 1 1 1 1 2 2 3 3 8 9 9 8 9 9 9 9 12 18 18 4 2 2 1 1 2 1 1 1 1 1 2 2 0 0 0 0
 7 7 22 21 21 4 5 5 2 2 1 1 1 1 2 2 3 3 8 9 9 8 9 9 9 9 12 18 18 4 2 2 1 1 2 1 1 1 1 1 2 2 0 0 0 0
 4 4 15 14 14 4 6 6 1 1 1 1 1 1 8 8 11 11 8 9 9 10 6 6 19 19 13 16 16 6 4 4 3 3 2 2 2 2 2 2 2 2 1 0 0 0
 2 2 3 2 2 5 5 5 1 1 1 1 1 7 7 7 10 10 9 9 9 8 5 5 14 14 13 16 16 11 14 14 10 10 8 2 2 2 1 1 1 1 0 0 0 0
 2 2 3 2 2 5 5 5 1 1 1 1 1 7 7 7 10 10 9 9 9 8 5 5 14 14 13 16 16 11 14 14 10 10 8 2 2 2 1 1 1 1 0 0 0 0
 1 1 2 2 2 4 4 4 1 1 1 1 1 3 3 3 10 10 9 8 8 7 11 11 25 25 22 16 16 10 21 21 17 17 15 4 4 2 0 0 0 0 0 0 0 0
 1 1 2 1 1 3 3 3 1 1 1 1 1 1 3 3 8 8 9 8 8 7 7 7 21 21 23 25 25 24 25 25 19 19 26 8 8 5 4 4 0 0 0 0 0 0
 1 1 2 1 1 3 3 3 1 1 1 1 1 1 3 3 8 8 9 8 8 7 7 7 21 21 23 25 25 24 25 25 19 19 26 8 8 5 4 4 0 0 0 0 0 0
 1 1 2 2 2 1 1 1 1 1 1 1 1 1 3 3 4 4 5 4 4 5 6 6 18 18 30 31 31 34 25 25 21 21 28 12 12 10 6 6 1 1 0 0 0 0
 1 1 2 2 2 1 1 1 1 1 1 1 1 1 3 3 4 4 5 4 4 5 6 6 18 18 30 31 31 34 25 25 21 21 28 12 12 10 6 6 1 1 0 0 0 0
 1 1 2 2 2 1 1 1 1 1 1 2 2 1 2 2 2 2 5 4 4 5 5 5 9 9 16 28 28 34 23 23 23 23 20 17 17 13 9 9 1 1 0 0 0 0
 1 1 1 1 1 1 1 1 1 1 1 2 2 3 2 2 4 4 4 4 4 5 5 5 10 10 15 14 14 20 31 31 23 23 18 9 9 11 10 10 3 3 1 0 0 0
 1 1 1 1 1 1 1 1 1 1 1 2 2 3 2 2 4 4 4 4 4 5 5 5 10 10 15 14 14 20 31 31 23 23 18 9 9 11 10 10 3 3 1 0 0 0
 0 0 0 1 1 1 2 2 2 2 1 2 2 3 3 3 4 4 5 4 4 4 4 4 6 6 5 5 5 5 18 18 9 9 6 6 6 4 3 3 2 2 1 1 1 0
 0 0 0 0 0 1 2 2 4 4 6 6 6 4 3 3 3 3 2 2 2 2 1 1 2 2 2 2 2 3 3 3 4 4 4 5 5 2 2 2 2 2 2 1 1 1
 0 0 0 0 0 1 2 2 4 4 6 6 6 4 3 3 3 3 2 2 2 2 1 1 2 2 2 2 2 3 3 3 4 4 4 5 5 2 2 2 2 2 2 1 1 1
 1 1 1 1 1 1 2 2 3 3 7 10 10 11 8 8 5 5 5 4 4 3 1 1 1 1 1 1 1 1 1 1 1 1 1 2 2 1 1 1 1 1 2 2 2 1
 1 1 1 1 1 1 2 2 3 3 7 10 10 11 8 8 5 5 5 4 4 3 1 1 1 1 1 1 1 1 1 1 1 1 1 2 2 1 1 1 1 1 2 2 2 1
 1 1 1 1 1 1 1 1 2 2 4 5 5 9 9 9 7 7 10 9 9 5 1 1 0 0 0 1 1 0 1 1 1 1 1 1 1 1 1 1 1 1 1 1 1 0
 0 0 0 0 0 0 0 0 0 0 1 4 4 4 2 2 2 2 3 3 3 3 2 2 1 1 1 1 1 1 1 1 2 2 2 1 1 1 1 1 0 0 0 0 0 0
 0 0 0 0 0 0 0 0 0 0 1 4 4 4 2 2 2 2 3 3 3 3 2 2 1 1 1 1 1 1 1 1 2 2 2 1 1 1 1 1 0 0 0 0 0 0
 0 0 0 0 0 0 0 0 0 0 0 1 1 1 0 0 1 1 1 1 1 1 1 1 1 1 0 2 2 3 3 3 3 3 3 2 2 2 2 2 1 1 0 0 0 0
 0 0 0 0 0 0 0 0 0 0 0 0 0 0 0 0 0 0 1 1 1 1 1 1 1 1 1 2 2 2 3 3 3 3 4 4 4 2 2 2 1 1 2 1 1 0
