assets/RAT_results_old/precipitation/2019-10-26_IMERG.asc
ncols        46
nrows        77
xllcorner    74.800261325624
yllcorner    8.058333333333
cellsize     0.062500000000
NODATA_value -9999
 43 43 38 31 31 26 24 24 22 22 15 10 10 6 5 5 3 3 2 1 1 2 1 1 0 0 1 2 2 2 2 2 2 2 1 0 0 0 0 0 1 1 1 1 1 2
 46 46 42 34 34 28 26 26 24 24 16 12 12 6 5 5 3 3 2 1 1 1 0 0 0 0 1 1 1 2 2 2 1 1 1 0 0 0 0 0 1 1 1 1 1 1
 46 46 42 34 34 28 26 26 24 24 16 12 12 6 5 5 3 3 2 1 1 1 0 0 0 0 1 1 1 2 2 2 1 1 1 0 0 0 0 0 1 1 1 1 1 1
 51 51 46 37 37 31 29 29 25 25 16 13 13 7 6 6 5 5 2 2 2 1 1 1 1 1 2 2 2 2 1 1 1 1 0 0 0 0 0 0 1 1 0 0 0 1
 55 55 49 40 40 34 32 32 26 26 19 15 15 9 8 8 5 5 3 2 2 1 1 1 1 1 2 2 2 1 1 1 1 1 0 0 0 0 2 2 1 1 0 1 1 2
 55 55 49 40 40 34 32 32 26 26 19 15 15 9 8 8 5 5 3 2 2 1 1 1 1 1 2 2 2 1 1 1 1 1 0 0 0 0 2 2 1 1 0 1 1 2
 57 57 56 42 42 37 30 30 28 28 21 17 17 11 9 9 5 5 4 3 3 2 1 1 2 2 2 1 1 1 0 0 0 0 0 0 0 1 2 2 3 3 1 3 3 2
 57 57 56 42 42 37 30 30 28 28 21 17 17 11 9 9 5 5 4 3 3 2 1 1 2 2 2 1 1 1 0 0 0 0 0 0 0 1 2 2 3 3 1 3 3 2
 54 54 55 45 45 36 30 30 27 27 22 18 18 12 9 9 5 5 4 3 3 2 1 1 2 2 1 1 1 0 0 0 1 1 0 1 1 1 1 1 3 3 3 2 2 3
 53 53 53 48 48 41 32 32 28 28 23 16 16 14 8 8 4 4 5 3 3 3 2 2 2 2 1 1 1 0 0 0 1 1 1 1 1 1 2 2 2 2 3 2 2 2
 53 53 53 48 48 41 32 32 28 28 23 16 16 14 8 8 4 4 5 3 3 3 2 2 2 2 1 1 1 0 0 0 1 1 1 1 1 1 2 2 2 2 3 2 2 2
 57 57 55 46 46 42 31 31 25 25 27 21 21 12 7 7 4 4 5 3 3 3 2 2 2 2 1 0 0 0 0 0 1 1 1 2 2 1 1 1 2 2 1 1 1 0
 63 63 50 50 50 45 33 33 28 28 26 21 21 11 5 5 4 4 5 3 3 4 3 3 2 2 2 1 1 1 1 1 1 1 2 2 2 1 1 1 2 2 0 0 0 0
 63 63 50 50 50 45 33 33 28 28 26 21 21 11 5 5 4 4 5 3 3 4 3 3 2 2 2 1 1 1 1 1 1 1 2 2 2 1 1 1 2 2 0 0 0 0
 66 66 47 47 47 42 30 30 32 32 20 20 20 10 5 5 5 5 6 4 4 4 3 3 3 3 2 2 2 1 1 1 2 2 2 3 3 1 1 1 0 0 0 0 0 1
 66 66 47 47 47 42 30 30 32 32 20 20 20 10 5 5 5 5 6 4 4 4 3 3 3 3 2 2 2 1 1 1 2 2 2 3 3 1 1 1 0 0 0 0 0 1
 65 65 48 44 44 45 31 31 26 26 21 16 16 11 7 7 5 5 6 5 5 4 4 4 3 3 3 2 2 2 1 1 0 0 3 4 4 3 1 1 0 0 0 0 0 0
 59 59 46 41 41 39 36 36 27 27 24 21 21 14 12 12 7 7 8 7 7 6 4 4 3 3 3 2 2 2 1 1 1 1 3 2 2 1 0 0 0 0 0 0 0 0
 59 59 46 41 41 39 36 36 27 27 24 21 21 14 12 12 7 7 8 7 7 6 4 4 3 3 3 2 2 2 1 1 1 1 3 2 2 1 0 0 0 0 0 0 0 0
 52 52 43 37 37 35 34 34 23 23 28 25 25 21 14 14 10 10 11 9 9 7 4 4 4 4 4 2 2 2 2 2 5 5 4 1 1 0 0 0 0 0 0 0 0 0
 45 45 39 33 33 31 29 29 23 23 25 21 21 22 18 18 16 16 13 10 10 9 7 7 4 4 4 4 4 4 3 3 4 4 2 0 0 0 0 0 0 0 0 0 0 0
 45 45 39 33 33 31 29 29 23 23 25 21 21 22 18 18 16 16 13 10 10 9 7 7 4 4 4 4 4 4 3 3 4 4 2 0 0 0 0 0 0 0 0 0 0 0
 38 38 36 30 30 26 26 26 25 25 25 23 23 22 20 20 17 17 15 11 11 10 11 11 7 7 8 4 4 5 3 3 4 4 1 0 0 0 0 0 0 0 0 0 0 0
 38 38 36 30 30 26 26 26 25 25 25 23 23 22 20 20 17 17 15 11 11 10 11 11 7 7 8 4 4 5 3 3 4 4 1 0 0 0 0 0 0 0 0 0 0 0
 32 32 31 29 29 25 24 24 27 27 21 22 22 22 20 20 19 19 18 13 13 13 10 10 9 9 3 3 3 6 3 3 2 2 1 0 0 0 0 0 0 0 0 0 0 0
 26 26 27 24 24 23 23 23 29 29 30 21 21 24 20 20 18 18 18 25 25 22 11 11 5 5 3 2 2 6 1 1 1 1 0 0 0 0 0 0 0 0 0 0 0 0
 26 26 27 24 24 23 23 23 29 29 30 21 21 24 20 20 18 18 18 25 25 22 11 11 5 5 3 2 2 6 1 1 1 1 0 0 0 0 0 0 0 0 0 0 0 0
 21 21 25 22 22 20 21 21 31 31 29 26 26 23 22 22 17 17 18 16 16 15 5 5 2 2 2 1 1 2 1 1 1 1 1 0 0 0 0 0 0 0 1 0 0 0
 18 18 25 22 22 18 22 22 25 25 23 21 21 21 20 20 18 18 16 20 20 20 7 7 3 3 3 2 2 2 2 2 1 1 1 1 1 0 0 0 0 0 0 0 0 0
 18 18 25 22 22 18 22 22 25 25 23 21 21 21 20 20 18 18 16 20 20 20 7 7 3 3 3 2 2 2 2 2 1 1 1 1 1 0 0 0 0 0 0 0 0 0
 16 16 23 24 24 19 20 20 21 21 22 18 18 18 18 18 20 20 13 15 15 10 8 8 4 4 3 1 1 2 1 1 2 2 2 2 2 0 0 0 0 0 0 0 0 1
 16 16 23 24 24 19 20 20 21 21 22 18 18 18 18 18 20 20 13 15 15 10 8 8 4 4 3 1 1 2 1 1 2 2 2 2 2 0 0 0 0 0 0 0 0 1
 21 21 20 20 20 17 17 17 20 20 19 18 18 18 18 18 21 21 15 17 17 14 14 14 9 9 4 4 4 2 1 1 2 2 1 1 1 0 0 0 0 0 0 0 0 1
 23 23 20 20 20 15 15 15 18 18 17 16 16 19 18 18 20 20 15 14 14 16 20 20 21 21 13 8 8 5 4 4 2 2 0 1 1 0 0 0 0 0 0 0 0 1
 23 23 20 20 20 15 15 15 18 18 17 16 16 19 18 18 20 20 15 14 14 16 20 20 21 21 13 8 8 5 4 4 2 2 0 1 1 0 0 0 0 0 0 0 0 1
 19 19 18 18 18 15 16 16 18 18 15 14 14 15 16 16 24 24 21 22 22 18 21 21 25 25 17 11 11 7 4 4 2 2 1 1 1 0 0 0 0 0 0 0 0 0
 18 18 17 16 16 15 16 16 17 17 14 12 12 12 15 15 9 9 14 17 17 12 10 10 12 12 9 4 4 6 2 2 5 5 3 2 2 0 0 0 0 0 1 1 1 1
 18 18 17 16 16 15 16 16 17 17 14 12 12 12 15 15 9 9 14 17 17 12 10 10 12 12 9 4 4 6 2 2 5 5 3 2 2 0 0 0 0 0 1 1 1 1
 19 19 18 15 15 15 18 18 18 18 14 12 12 13 13 13 9 9 17 19 19 18 14 14 9 9 4 3 3 3 6 6 6 6 3 2 2 1 0 0 2 2 1 1 1 3
 19 19 18 15 15 15 18 18 18 18 14 12 12 13 13 13 9 9 17 19 19 18 14 14 9 9 4 3 3 3 6 6 6 6 3 2 2 1 0 0 2 2 1 1 1 3
 20 20 19 15 15 16 21 21 22 22 18 12 12 14 16 16 10 10 18 19 19 25 23 23 19 19 12 6 6 6 5 5 6 6 3 3 3 2 2 2 0 0 0 3 3 5
 18 18 20 18 18 23 28 28 30 30 21 17 17 21 18 18 13 13 19 23 23 22 18 18 22 22 17 4 4 3 2 2 1 1 1 3 3 3 3 3 2 2 1 2 2 2
 18 18 20 18 18 23 28 28 30 30 21 17 17 21 18 18 13 13 19 23 23 22 18 18 22 22 17 4 4 3 2 2 1 1 1 3 3 3 3 3 2 2 1 2 2 2
 17 17 20 22 22 28 41 41 40 40 26 16 16 18 17 17 12 12 14 16 16 17 15 15 12 12 12 3 3 4 3 3 2 2 0 2 2 5 5 5 4 4 1 2 2 1
 18 18 19 21 21 28 44 44 50 50 33 31 31 22 18 18 11 11 12 12 12 12 13 13 7 7 7 1 1 2 2 2 0 0 1 1 1 1 3 3 3 3 1 2 2 2
 18 18 19 21 21 28 44 44 50 50 33 31 31 22 18 18 11 11 12 12 12 12 13 13 7 7 7 1 1 2 2 2 0 0 1 1 1 1 3 3 3 3 1 2 2 2
 21 21 25 25 25 30 37 37 50 50 47 40 40 25 20 20 14 14 7 11 11 9 8 8 6 6 5 2 2 1 1 1 0 0 1 1 1 0 0 0 4 4 0 0 0 0
 21 21 25 25 25 30 37 37 50 50 47 40 40 25 20 20 14 14 7 11 11 9 8 8 6 6 5 2 2 1 1 1 0 0 1 1 1 0 0 0 4 4 0 0 0 0
 23 23 27 33 33 37 38 38 49 49 49 42 42 34 25 25 14 14 6 7 7 10 8 8 8 8 5 2 2 2 1 1 1 1 2 4 4 1 0 0 0 0 1 0 0 0
 23 23 33 33 33 40 37 37 34 34 49 44 44 39 30 30 17 17 11 7 7 9 8 8 9 9 6 3 3 3 2 2 2 2 2 2 2 2 1 1 1 1 0 0 0 0
 23 23 33 33 33 40 37 37 34 34 49 44 44 39 30 30 17 17 11 7 7 9 8 8 9 9 6 3 3 3 2 2 2 2 2 2 2 2 1 1 1 1 0 0 0 0
 28 28 39 39 39 41 41 41 38 38 44 37 37 37 36 36 16 16 13 9 9 10 10 10 10 10 10 5 5 5 3 3 3 3 3 4 4 3 2 2 1 1 1 3 3 2
 42 42 43 47 47 52 43 43 43 43 46 35 35 34 28 28 20 20 19 8 8 12 12 12 14 14 10 8 8 9 8 8 7 7 6 7 7 4 3 3 5 5 2 1 1 3
 42 42 43 47 47 52 43 43 43 43 46 35 35 34 28 28 20 20 19 8 8 12 12 12 14 14 10 8 8 9 8 8 7 7 6 7 7 4 3 3 5 5 2 1 1 3
 49 49 52 54 54 50 56 56 45 45 44 35 35 27 23 23 29 29 19 10 10 13 12 12 14 14 14 11 11 9 9 9 6 6 6 6 6 3 3 3 3 3 1 0 0 3
 49 49 52 54 54 50 56 56 45 45 44 35 35 27 23 23 29 29 19 10 10 13 12 12 14 14 14 11 11 9 9 9 6 6 6 6 6 3 3 3 3 3 1 0 0 3
 48 48 42 53 53 46 49 49 37 37 35 36 36 26 19 19 12 12 14 9 9 9 7 7 11 11 13 11 11 9 8 8 4 4 4 2 2 3 5 5 5 5 1 1 1 2
 47 47 47 47 47 48 49 49 42 42 34 33 33 20 14 14 13 13 13 12 12 9 5 5 10 10 11 12 12 8 7 7 3 3 3 2 2 2 4 4 3 3 2 1 1 1
 47 47 47 47 47 48 49 49 42 42 34 33 33 20 14 14 13 13 13 12 12 9 5 5 10 10 11 12 12 8 7 7 3 3 3 2 2 2 4 4 3 3 2 1 1 1
 36 36 41 40 40 43 42 42 36 36 33 32 32 19 19 19 12 12 8 9 9 6 7 7 10 10 11 8 8 9 9 9 3 3 3 1 1 1 1 1 2 2 2 2 2 2
 35 35 32 34 34 30 32 32 30 30 22 23 23 27 15 15 14 14 12 11 11 9 17 17 14 14 13 7 7 14 4 4 2 2 2 1 1 1 1 1 1 1 1 1 1 1
 35 35 32 34 34 30 32 32 30 30 22 23 23 27 15 15 14 14 12 11 11 9 17 17 14 14 13 7 7 14 4 4 2 2 2 1 1 1 1 1 1 1 1 1 1 1
 33 33 34 30 30 27 34 34 33 33 26 18 18 21 11 11 10 10 9 10 10 11 14 14 16 16 17 12 12 11 6 6 2 2 2 1 1 1 1 1 1 1 1 1 1 1
 33 33 34 30 30 27 34 34 33 33 26 18 18 21 11 11 10 10 9 10 10 11 14 14 16 16 17 12 12 11 6 6 2 2 2 1 1 1 1 1 1 1 1 1 1 1
 33 33 38 33 33 27 29 29 30 30 26 19 19 21 8 8 8 8 12 13 13 11 22 22 23 23 22 20 20 16 9 9 6 6 1 1 1 1 1 1 3 3 1 1 1 1
 31 31 40 34 34 30 24 24 32 32 26 18 18 20 7 7 7 7 13 16 16 15 21 21 21 21 21 19 19 21 10 10 8 8 2 0 0 0 1 1 1 1 1 1 1 1
 31 31 40 34 34 30 24 24 32 32 26 18 18 20 7 7 7 7 13 16 16 15 21 21 21 21 21 19 19 21 10 10 8 8 2 0 0 0 1 1 1 1 1 1 1 1
 38 38 37 27 27 29 22 22 35 35 36 21 21 21 20 20 6 6 9 14 14 13 21 21 21 21 14 14 14 17 12 12 10 10 1 1 1 2 4 4 3 3 5 6 6 12
 33 33 33 27 27 32 21 21 36 36 39 25 25 23 19 19 7 7 7 8 8 8 6 6 14 14 4 13 13 7 8 8 9 9 3 6 6 4 4 4 4 4 10 9 9 12
 33 33 33 27 27 32 21 21 36 36 39 25 25 23 19 19 7 7 7 8 8 8 6 6 14 14 4 13 13 7 8 8 9 9 3 6 6 4 4 4 4 4 10 9 9 12
 28 28 29 25 25 29 25 25 32 32 33 27 27 20 19 19 7 7 3 4 4 3 6 6 5 5 2 2 2 0 3 3 3 3 5 8 8 6 8 8 10 10 8 14 14 15
 28 28 29 25 25 29 25 25 32 32 33 27 27 20 19 19 7 7 3 4 4 3 6 6 5 5 2 2 2 0 3 3 3 3 5 8 8 6 8 8 10 10 8 14 14 15
 24 24 22 22 22 25 26 26 24 24 30 26 26 18 17 17 7 7 3 3 3 2 0 0 0 0 0 0 0 0 2 2 4 4 7 10 10 8 6 6 14 14 11 13 13 20
 18 18 21 23 23 18 25 25 24 24 27 18 18 12 12 12 9 9 3 2 2 0 0 0 0 0 0 0 0 0 1 1 2 2 2 5 5 5 6 6 12 12 12 10 10 11
 18 18 21 23 23 18 25 25 24 24 27 18 18 12 12 12 9 9 3 2 2 0 0 0 0 0 0 0 0 0 1 1 2 2 2 5 5 5 6 6 12 12 12 10 10 11
 19 19 21 20 20 16 20 20 15 15 20 17 17 9 7 7 7 7 2 1 1 0 0 0 0 0 0 0 0 0 0 0 1 1 1 3 3 3 7 7 4 4 5 4 4 9
 17 17 17 16 16 14 16 16 10 10 12 11 11 10 6 6 5 5 1 1 1 1 1 1 1 1 1 1 1 1 0 0 0 0 0 3 3 3 4 4 2 2 4 2 2 4
