assets/RAT_results_old/precipitation/2019-08-12_IMERG.asc
ncols        46
nrows        77
xllcorner    74.800261325624
yllcorner    8.058333333333
cellsize     0.062500000000
NODATA_value -9999
 48 48 47 32 32 34 26 26 20 20 21 20 20 18 14 14 9 9 6 4 4 1 0 0 0 0 0 0 0 0 0 0 0 0 0 0 0 0 0 0 0 0 0 0 0 0
 48 48 44 38 38 36 29 29 27 27 22 25 25 25 21 21 9 9 4 2 2 1 0 0 0 0 0 0 0 0 0 0 0 0 0 0 0 0 0 0 0 0 0 0 0 0
 48 48 44 38 38 36 29 29 27 27 22 25 25 25 21 21 9 9 4 2 2 1 0 0 0 0 0 0 0 0 0 0 0 0 0 0 0 0 0 0 0 0 0 0 0 0
 39 39 32 34 34 24 14 14 21 21 24 18 18 15 24 24 14 14 2 0 0 0 0 0 0 0 0 0 0 0 0 0 0 0 0 0 0 0 0 0 0 0 0 0 0 0
 25 25 37 36 36 24 16 16 24 24 12 14 14 12 12 12 8 8 2 1 1 1 1 1 0 0 0 0 0 0 0 0 0 0 0 0 0 0 0 0 0 0 0 0 0 0
 25 25 37 36 36 24 16 16 24 24 12 14 14 12 12 12 8 8 2 1 1 1 1 1 0 0 0 0 0 0 0 0 0 0 0 0 0 0 0 0 0 0 0 0 0 0
 40 40 36 32 32 22 19 19 19 19 17 18 18 13 11 11 9 9 9 2 2 2 1 1 0 0 0 0 0 0 0 0 0 0 0 0 0 0 0 0 0 0 0 0 0 0
 40 40 36 32 32 22 19 19 19 19 17 18 18 13 11 11 9 9 9 2 2 2 1 1 0 0 0 0 0 0 0 0 0 0 0 0 0 0 0 0 0 0 0 0 0 0
 48 48 35 29 29 26 29 29 22 22 16 16 16 16 13 13 5 5 5 1 1 1 1 1 0 0 0 0 0 0 0 0 0 0 0 0 0 0 0 0 0 0 0 0 0 0
 55 55 44 40 40 38 30 30 23 23 18 15 15 16 14 14 9 9 8 1 1 0 0 0 0 0 1 0 0 0 0 0 0 0 0 0 0 0 0 0 0 0 0 0 0 0
 55 55 44 40 40 38 30 30 23 23 18 15 15 16 14 14 9 9 8 1 1 0 0 0 0 0 1 0 0 0 0 0 0 0 0 0 0 0 0 0 0 0 0 0 0 0
 49 49 59 46 46 55 39 39 31 31 18 11 11 15 15 15 8 8 13 2 2 0 0 0 0 0 1 1 1 0 0 0 0 0 0 0 0 0 0 0 0 0 0 0 0 0
 53 53 69 76 76 69 47 47 33 33 22 15 15 22 15 15 13 13 15 4 4 4 1 1 1 1 2 1 1 0 0 0 0 0 0 0 0 0 0 0 0 0 0 0 0 0
 53 53 69 76 76 69 47 47 33 33 22 15 15 22 15 15 13 13 15 4 4 4 1 1 1 1 2 1 1 0 0 0 0 0 0 0 0 0 0 0 0 0 0 0 0 0
 51 51 64 74 74 59 64 64 44 44 28 11 11 13 20 20 20 20 22 14 14 6 3 3 1 1 0 0 0 0 0 0 0 0 0 1 1 0 1 1 0 0 0 0 0 0
 51 51 64 74 74 59 64 64 44 44 28 11 11 13 20 20 20 20 22 14 14 6 3 3 1 1 0 0 0 0 0 0 0 0 0 1 1 0 1 1 0 0 0 0 0 0
 47 47 48 59 59 48 46 46 44 44 38 14 14 11 19 19 17 17 14 5 5 3 1 1 0 0 0 0 0 0 0 0 0 0 0 0 0 0 1 1 0 0 0 0 0 0
 51 51 44 41 41 46 41 41 36 36 34 14 14 11 14 14 17 17 12 7 7 1 0 0 0 0 0 0 0 0 0 0 0 0 0 0 0 0 0 0 0 0 0 0 0 0
 51 51 44 41 41 46 41 41 36 36 34 14 14 11 14 14 17 17 12 7 7 1 0 0 0 0 0 0 0 0 0 0 0 0 0 0 0 0 0 0 0 0 0 0 0 0
 56 56 45 45 45 47 65 65 36 36 25 24 24 16 8 8 12 12 8 5 5 2 4 4 1 1 1 0 0 0 0 0 0 0 0 0 0 0 0 0 0 0 0 1 1 0
 60 60 58 65 65 68 45 45 42 42 38 34 34 28 13 13 5 5 20 13 13 6 4 4 5 5 5 5 5 1 0 0 0 0 0 0 0 0 0 0 0 0 0 0 0 0
 60 60 58 65 65 68 45 45 42 42 38 34 34 28 13 13 5 5 20 13 13 6 4 4 5 5 5 5 5 1 0 0 0 0 0 0 0 0 0 0 0 0 0 0 0 0
 66 66 69 56 56 42 39 39 39 39 33 33 33 27 22 22 15 15 9 18 18 3 7 7 7 7 8 6 6 1 1 1 0 0 0 0 0 0 0 0 0 0 0 0 0 0
 66 66 69 56 56 42 39 39 39 39 33 33 33 27 22 22 15 15 9 18 18 3 7 7 7 7 8 6 6 1 1 1 0 0 0 0 0 0 0 0 0 0 0 0 0 0
 63 63 64 50 50 46 44 44 42 42 32 23 23 18 15 15 18 18 3 4 4 1 1 1 4 4 5 2 2 0 0 0 0 0 0 0 0 0 0 0 0 0 0 0 0 0
 64 64 64 58 58 42 33 33 23 23 26 16 16 18 15 15 11 11 13 14 14 6 1 1 1 1 0 1 1 1 0 0 0 0 0 0 0 0 0 0 0 0 0 0 0 0
 64 64 64 58 58 42 33 33 23 23 26 16 16 18 15 15 11 11 13 14 14 6 1 1 1 1 0 1 1 1 0 0 0 0 0 0 0 0 0 0 0 0 0 0 0 0
 55 55 56 55 55 64 25 25 20 20 18 15 15 19 14 14 12 12 5 4 4 5 4 4 4 4 0 1 1 1 0 0 0 0 0 0 0 0 0 0 0 0 0 0 0 0
 59 59 57 60 60 60 16 16 21 21 15 15 15 18 13 13 14 14 9 5 5 7 8 8 3 3 0 0 0 1 0 0 0 0 0 0 0 0 0 0 0 0 0 0 0 0
 59 59 57 60 60 60 16 16 21 21 15 15 15 18 13 13 14 14 9 5 5 7 8 8 3 3 0 0 0 1 0 0 0 0 0 0 0 0 0 0 0 0 0 0 0 0
 61 61 57 59 59 58 45 45 38 38 21 17 17 19 22 22 27 27 21 14 14 15 14 14 3 3 1 2 2 0 0 0 0 0 0 0 0 0 0 0 0 0 0 0 0 0
 61 61 57 59 59 58 45 45 38 38 21 17 17 19 22 22 27 27 21 14 14 15 14 14 3 3 1 2 2 0 0 0 0 0 0 0 0 0 0 0 0 0 0 0 0 0
 69 69 65 57 57 54 44 44 40 40 23 17 17 21 21 21 21 21 28 22 22 17 11 11 7 7 8 7 7 3 1 1 0 0 0 0 0 0 0 0 0 0 0 0 0 0
 57 57 50 51 51 49 46 46 35 35 29 24 24 19 21 21 20 20 31 27 27 22 12 12 14 14 12 9 9 3 4 4 4 4 3 0 0 0 0 0 0 0 0 0 0 0
 57 57 50 51 51 49 46 46 35 35 29 24 24 19 21 21 20 20 31 27 27 22 12 12 14 14 12 9 9 3 4 4 4 4 3 0 0 0 0 0 0 0 0 0 0 0
 52 52 45 46 46 38 36 36 32 32 35 32 32 24 19 19 15 15 25 27 27 24 26 26 19 19 15 15 15 11 4 4 3 3 1 0 0 0 0 0 0 0 0 0 0 0
 54 54 49 43 43 34 32 32 28 28 22 25 25 22 20 20 16 16 18 24 24 20 22 22 20 20 19 20 20 14 5 5 2 2 1 0 0 0 0 0 0 0 0 0 0 0
 54 54 49 43 43 34 32 32 28 28 22 25 25 22 20 20 16 16 18 24 24 20 22 22 20 20 19 20 20 14 5 5 2 2 1 0 0 0 0 0 0 0 0 0 0 0
 52 52 41 33 33 31 29 29 27 27 24 26 26 25 22 22 19 19 18 20 20 19 16 16 14 14 19 27 27 25 10 10 4 4 4 1 1 1 0 0 0 0 0 0 0 0
 52 52 41 33 33 31 29 29 27 27 24 26 26 25 22 22 19 19 18 20 20 19 16 16 14 14 19 27 27 25 10 10 4 4 4 1 1 1 0 0 0 0 0 0 0 0
 70 70 58 48 48 39 31 31 30 30 29 24 24 22 20 20 20 20 23 26 26 22 18 18 12 12 13 14 14 11 10 10 5 5 6 5 5 2 1 1 0 0 0 0 0 0
 82 82 60 49 49 42 36 36 36 36 33 32 32 19 16 16 19 19 24 28 28 27 25 25 19 19 8 12 12 12 9 9 11 11 11 8 8 3 2 2 0 0 0 0 0 0
 82 82 60 49 49 42 36 36 36 36 33 32 32 19 16 16 19 19 24 28 28 27 25 25 19 19 8 12 12 12 9 9 11 11 11 8 8 3 2 2 0 0 0 0 0 0
 92 92 65 54 54 49 43 43 39 39 38 35 35 39 23 23 21 21 22 23 23 23 29 29 20 20 16 17 17 11 11 11 12 12 10 5 5 2 2 2 1 1 0 0 0 0
 124 124 100 75 75 62 54 54 50 50 49 49 49 44 20 20 25 25 28 21 21 18 15 15 15 15 14 7 7 14 18 18 14 14 10 3 3 2 2 2 0 0 0 0 0 0
 124 124 100 75 75 62 54 54 50 50 49 49 49 44 20 20 25 25 28 21 21 18 15 15 15 15 14 7 7 14 18 18 14 14 10 3 3 2 2 2 0 0 0 0 0 0
 142 142 121 94 94 81 73 73 68 68 57 56 56 51 26 26 22 22 32 19 19 13 16 16 12 12 13 9 9 14 29 29 22 22 7 5 5 1 2 2 0 0 0 0 0 0
 142 142 121 94 94 81 73 73 68 68 57 56 56 51 26 26 22 22 32 19 19 13 16 16 12 12 13 9 9 14 29 29 22 22 7 5 5 1 2 2 0 0 0 0 0 0
 112 112 118 112 112 87 77 77 67 67 68 62 62 57 52 52 19 19 12 12 12 13 12 12 7 7 6 4 4 13 19 19 12 12 8 3 3 1 1 1 0 0 0 0 0 0
 94 94 109 110 110 108 106 106 108 108 104 100 100 66 47 47 22 22 14 14 14 13 10 10 9 9 7 4 4 9 14 14 13 13 6 3 3 1 1 1 0 0 0 0 0 0
 94 94 109 110 110 108 106 106 108 108 104 100 100 66 47 47 22 22 14 14 14 13 10 10 9 9 7 4 4 9 14 14 13 13 6 3 3 1 1 1 0 0 0 0 0 0
 84 84 97 108 108 117 119 119 117 117 114 102 102 90 69 69 42 42 21 13 13 10 8 8 9 9 6 5 5 7 12 12 11 11 13 3 3 2 0 0 0 0 0 0 0 0
 68 68 81 95 95 107 114 114 120 120 120 123 123 94 86 86 44 44 13 10 10 7 10 10 8 8 6 8 8 6 11 11 9 9 11 6 6 2 1 1 0 0 0 0 0 0
 68 68 81 95 95 107 114 114 120 120 120 123 123 94 86 86 44 44 13 10 10 7 10 10 8 8 6 8 8 6 11 11 9 9 11 6 6 2 1 1 0 0 0 0 0 0
 49 49 64 75 75 86 97 97 108 108 117 112 112 107 86 86 45 45 20 8 8 5 7 7 11 11 8 9 9 7 6 6 6 6 8 5 5 4 1 1 0 0 0 0 0 0
 49 49 64 75 75 86 97 97 108 108 117 112 112 107 86 86 45 45 20 8 8 5 7 7 11 11 8 9 9 7 6 6 6 6 8 5 5 4 1 1 0 0 0 0 0 0
 41 41 44 57 57 72 70 70 75 75 90 103 103 100 71 71 52 52 26 8 8 5 8 8 12 12 9 12 12 10 8 8 6 6 7 7 7 5 3 3 1 1 0 0 0 0
 25 25 30 46 46 62 60 60 62 62 77 92 92 108 80 80 58 58 32 12 12 6 7 7 10 10 12 12 12 14 9 9 8 8 8 7 7 9 5 5 2 2 0 0 0 0
 25 25 30 46 46 62 60 60 62 62 77 92 92 108 80 80 58 58 32 12 12 6 7 7 10 10 12 12 12 14 9 9 8 8 8 7 7 9 5 5 2 2 0 0 0 0
 22 22 30 35 35 38 43 43 47 47 63 85 85 95 83 83 48 48 30 15 15 8 8 8 12 12 11 14 14 14 12 12 16 16 8 5 5 5 5 5 0 0 0 0 0 0
 20 20 23 28 28 30 34 34 37 37 44 65 65 75 54 54 37 37 23 13 13 9 11 11 18 18 13 13 13 13 21 21 12 12 8 5 5 2 3 3 2 2 0 0 0 0
 20 20 23 28 28 30 34 34 37 37 44 65 65 75 54 54 37 37 23 13 13 9 11 11 18 18 13 13 13 13 21 21 12 12 8 5 5 2 3 3 2 2 0 0 0 0
 21 21 21 24 24 26 27 27 30 30 35 47 47 52 47 47 37 37 25 16 16 15 12 12 16 16 14 13 13 11 19 19 20 20 14 9 9 6 2 2 1 1 1 0 0 0
 21 21 21 24 24 26 27 27 30 30 35 47 47 52 47 47 37 37 25 16 16 15 12 12 16 16 14 13 13 11 19 19 20 20 14 9 9 6 2 2 1 1 1 0 0 0
 26 26 25 27 27 27 27 27 26 26 25 29 29 33 34 34 30 30 21 21 21 20 13 13 12 12 14 12 12 19 11 11 18 18 12 15 15 5 6 6 3 3 2 0 0 0
 27 27 29 29 29 29 27 27 26 26 25 22 22 22 20 20 19 19 18 24 24 26 17 17 10 10 16 11 11 14 9 9 10 10 12 13 13 10 7 7 4 4 2 0 0 0
 27 27 29 29 29 29 27 27 26 26 25 22 22 22 20 20 19 19 18 24 24 26 17 17 10 10 16 11 11 14 9 9 10 10 12 13 13 10 7 7 4 4 2 0 0 0
 32 32 32 32 32 32 33 33 33 33 28 22 22 20 19 19 17 17 15 16 16 22 18 18 11 11 10 10 10 9 9 9 9 9 9 8 8 11 4 4 5 5 2 1 1 0
 31 31 34 34 34 36 36 36 34 34 32 24 24 22 19 19 18 18 14 12 12 16 14 14 8 8 8 10 10 9 8 8 7 7 7 5 5 3 5 5 5 5 2 2 2 1
 31 31 34 34 34 36 36 36 34 34 32 24 24 22 19 19 18 18 14 12 12 16 14 14 8 8 8 10 10 9 8 8 7 7 7 5 5 3 5 5 5 5 2 2 2 1
 30 30 32 33 33 35 36 36 35 35 30 29 29 25 21 21 17 17 19 17 17 14 15 15 10 10 8 9 9 7 8 8 6 6 8 7 7 6 5 5 4 4 5 2 2 1
 30 30 32 33 33 35 36 36 35 35 30 29 29 25 21 21 17 17 19 17 17 14 15 15 10 10 8 9 9 7 8 8 6 6 8 7 7 6 5 5 4 4 5 2 2 1
 26 26 30 31 31 33 33 33 32 32 33 32 32 27 23 23 17 17 16 15 15 15 12 12 13 13 9 7 7 5 5 5 5 5 8 8 8 6 7 7 5 5 3 1 1 1
 24 24 26 27 27 29 30 30 29 29 28 27 27 23 22 22 18 18 14 14 14 15 15 15 13 13 11 7 7 4 4 4 4 4 4 5 5 6 7 7 5 5 3 1 1 1
 24 24 26 27 27 29 30 30 29 29 28 27 27 23 22 22 18 18 14 14 14 15 15 15 13 13 11 7 7 4 4 4 4 4 4 5 5 6 7 7 5 5 3 1 1 1
 23 23 22 25 25 25 23 23 24 24 27 28 28 22 20 20 18 18 14 11 11 15 12 12 11 11 9 7 7 6 4 4 4 4 3 2 2 3 5 5 3 3 4 3 3 3
 23 23 21 20 20 22 21 21 23 23 24 23 23 20 20 20 16 16 14 11 11 9 8 8 8 8 7 5 5 5 5 5 4 4 4 2 2 2 3 3 3 3 5 1 1 3
