assets/RAT_results_old/precipitation/2019-11-20_IMERG.asc
ncols        46
nrows        77
xllcorner    74.800261325624
yllcorner    8.058333333333
cellsize     0.062500000000
NODATA_value -9999
 1 1 6 10 10 12 15 15 9 9 6 2 2 1 1 1 0 0 0 0 0 1 2 2 4 4 6 8 8 6 3 3 2 2 3 2 2 2 1 1 1 1 1 1 1 1
 1 1 2 11 11 12 14 14 16 16 6 4 4 2 1 1 0 0 0 0 0 1 3 3 4 4 6 8 8 5 2 2 2 2 2 2 2 2 1 1 2 2 4 4 4 5
 1 1 2 11 11 12 14 14 16 16 6 4 4 2 1 1 0 0 0 0 0 1 3 3 4 4 6 8 8 5 2 2 2 2 2 2 2 2 1 1 2 2 4 4 4 5
 1 1 3 5 5 8 10 10 10 10 9 6 6 4 2 2 1 1 1 0 0 1 1 1 2 2 2 3 3 3 3 3 1 1 3 4 4 4 6 6 5 5 6 6 6 7
 6 6 4 4 4 5 7 7 8 8 6 5 5 4 3 3 1 1 1 1 1 2 2 2 2 2 2 3 3 3 3 3 2 2 3 4 4 6 7 7 6 6 7 8 8 11
 6 6 4 4 4 5 7 7 8 8 6 5 5 4 3 3 1 1 1 1 1 2 2 2 2 2 2 3 3 3 3 3 2 2 3 4 4 6 7 7 6 6 7 8 8 11
 7 7 7 6 6 6 6 6 6 6 6 4 4 3 2 2 1 1 1 1 1 2 3 3 3 3 3 3 3 4 4 4 2 2 2 4 4 6 7 7 6 6 6 5 5 4
 7 7 7 6 6 6 6 6 6 6 6 4 4 3 2 2 1 1 1 1 1 2 3 3 3 3 3 3 3 4 4 4 2 2 2 4 4 6 7 7 6 6 6 5 5 4
 8 8 8 7 7 8 7 7 5 5 4 5 5 4 2 2 1 1 1 1 1 2 3 3 3 3 4 4 4 5 6 6 7 7 7 7 7 7 6 6 7 7 6 6 6 6
 5 5 8 8 8 8 7 7 7 7 5 4 4 8 4 4 1 1 1 1 1 2 3 3 4 4 4 5 5 6 7 7 7 7 7 9 9 11 12 12 11 11 10 8 8 7
 5 5 8 8 8 8 7 7 7 7 5 4 4 8 4 4 1 1 1 1 1 2 3 3 4 4 4 5 5 6 7 7 7 7 7 9 9 11 12 12 11 11 10 8 8 7
 5 5 7 6 6 10 8 8 12 12 9 6 6 3 4 4 1 1 1 1 1 2 2 2 3 3 4 5 5 6 6 6 6 6 7 8 8 10 11 11 10 10 9 8 8 8
 4 4 6 8 8 12 10 10 11 11 17 9 9 5 1 1 1 1 1 1 1 2 2 2 3 3 4 5 5 6 5 5 4 4 4 5 5 5 5 5 6 6 7 8 8 8
 4 4 6 8 8 12 10 10 11 11 17 9 9 5 1 1 1 1 1 1 1 2 2 2 3 3 4 5 5 6 5 5 4 4 4 5 5 5 5 5 6 6 7 8 8 8
 4 4 5 14 14 14 13 13 16 16 11 8 8 11 7 7 1 1 1 1 1 1 1 1 1 1 1 2 2 3 3 3 4 4 4 4 4 3 3 3 3 3 5 6 6 8
 4 4 5 14 14 14 13 13 16 16 11 8 8 11 7 7 1 1 1 1 1 1 1 1 1 1 1 2 2 3 3 3 4 4 4 4 4 3 3 3 3 3 5 6 6 8
 4 4 9 16 16 27 26 26 24 24 31 15 15 41 14 14 4 4 2 3 3 1 1 1 1 1 1 1 1 1 2 2 3 3 4 4 4 5 3 3 3 3 5 8 8 7
 8 8 7 39 39 29 30 30 56 56 16 15 15 18 12 12 8 8 10 9 9 8 1 1 1 1 1 1 1 2 3 3 4 4 5 7 7 7 7 7 6 6 7 9 9 8
 8 8 7 39 39 29 30 30 56 56 16 15 15 18 12 12 8 8 10 9 9 8 1 1 1 1 1 1 1 2 3 3 4 4 5 7 7 7 7 7 6 6 7 9 9 8
 9 9 8 7 7 7 8 8 6 6 5 17 17 14 13 13 14 14 12 7 7 4 2 2 1 1 1 2 2 3 4 4 5 5 6 6 6 6 7 7 6 6 9 12 12 10
 10 10 9 8 8 7 6 6 5 5 5 11 11 11 8 8 16 16 33 15 15 5 1 1 1 1 1 2 2 3 5 5 5 5 7 7 7 8 8 8 8 8 10 11 11 11
 10 10 9 8 8 7 6 6 5 5 5 11 11 11 8 8 16 16 33 15 15 5 1 1 1 1 1 2 2 3 5 5 5 5 7 7 7 8 8 8 8 8 10 11 11 11
 11 11 10 8 8 8 7 7 7 7 8 15 15 12 10 10 13 13 14 7 7 4 2 2 1 1 2 2 2 4 4 4 5 5 6 8 8 7 8 8 10 10 12 14 14 10
 11 11 10 8 8 8 7 7 7 7 8 15 15 12 10 10 13 13 14 7 7 4 2 2 1 1 2 2 2 4 4 4 5 5 6 8 8 7 8 8 10 10 12 14 14 10
 11 11 9 9 9 9 8 8 6 6 7 9 9 7 12 12 9 9 9 8 8 5 4 4 3 3 3 4 4 5 5 5 6 6 6 6 6 7 8 8 7 7 9 6 6 4
 8 8 10 11 11 12 14 14 14 14 16 15 15 15 14 14 12 12 8 8 8 6 5 5 4 4 4 6 6 6 7 7 8 8 7 6 6 6 5 5 5 5 5 4 4 3
 8 8 10 11 11 12 14 14 14 14 16 15 15 15 14 14 12 12 8 8 8 6 5 5 4 4 4 6 6 6 7 7 8 8 7 6 6 6 5 5 5 5 5 4 4 3
 7 7 8 13 13 13 11 11 13 13 13 19 19 13 19 19 17 17 13 8 8 6 7 7 7 7 5 5 5 7 7 7 6 6 5 4 4 4 3 3 2 2 2 1 1 1
 8 8 9 9 9 9 9 9 11 11 12 16 16 12 15 15 16 16 13 6 6 4 5 5 4 4 5 5 5 7 6 6 5 5 4 3 3 3 2 2 2 2 1 0 0 0
 8 8 9 9 9 9 9 9 11 11 12 16 16 12 15 15 16 16 13 6 6 4 5 5 4 4 5 5 5 7 6 6 5 5 4 3 3 3 2 2 2 2 1 0 0 0
 6 6 6 6 6 5 5 5 5 5 5 6 6 6 17 17 12 12 13 5 5 4 3 3 3 3 3 4 4 4 3 3 3 3 2 2 2 2 1 1 1 1 0 0 0 0
 6 6 6 6 6 5 5 5 5 5 5 6 6 6 17 17 12 12 13 5 5 4 3 3 3 3 3 4 4 4 3 3 3 3 2 2 2 2 1 1 1 1 0 0 0 0
 5 5 5 5 5 4 4 4 3 3 3 2 2 2 7 7 9 9 9 9 9 5 3 3 2 2 2 2 2 2 2 2 1 1 1 1 1 1 0 0 0 0 0 0 0 0
 5 5 7 7 7 6 5 5 3 3 3 2 2 2 2 2 8 8 7 4 4 3 2 2 1 1 1 1 1 1 0 0 0 0 0 0 0 0 0 0 0 0 1 1 1 0
 5 5 7 7 7 6 5 5 3 3 3 2 2 2 2 2 8 8 7 4 4 3 2 2 1 1 1 1 1 1 0 0 0 0 0 0 0 0 0 0 0 0 1 1 1 0
 6 6 7 7 7 5 4 4 3 3 2 2 2 1 1 1 1 1 2 2 2 2 1 1 0 0 0 0 0 0 0 0 0 0 0 0 0 0 0 0 0 0 1 1 1 1
 6 6 7 7 7 6 5 5 4 4 2 1 1 1 1 1 1 1 1 1 1 1 0 0 0 0 0 0 0 0 1 1 4 4 3 0 0 0 0 0 0 0 0 1 1 1
 6 6 7 7 7 6 5 5 4 4 2 1 1 1 1 1 1 1 1 1 1 1 0 0 0 0 0 0 0 0 1 1 4 4 3 0 0 0 0 0 0 0 0 1 1 1
 6 6 7 7 7 6 4 4 3 3 2 1 1 1 0 0 0 0 0 1 1 1 1 1 0 0 0 0 0 1 1 1 3 3 0 0 0 0 0 0 0 0 0 1 1 1
 6 6 7 7 7 6 4 4 3 3 2 1 1 1 0 0 0 0 0 1 1 1 1 1 0 0 0 0 0 1 1 1 3 3 0 0 0 0 0 0 0 0 0 1 1 1
 5 5 6 5 5 5 4 4 3 3 2 1 1 1 1 1 0 0 0 1 1 1 1 1 1 1 0 0 0 0 0 0 1 1 3 0 0 0 1 1 3 3 4 4 4 4
 8 8 9 8 8 7 6 6 5 5 3 3 3 2 2 2 1 1 1 1 1 3 3 3 3 3 1 1 1 1 1 1 4 4 3 4 4 3 3 3 3 3 5 7 7 10
 8 8 9 8 8 7 6 6 5 5 3 3 3 2 2 2 1 1 1 1 1 3 3 3 3 3 1 1 1 1 1 1 4 4 3 4 4 3 3 3 3 3 5 7 7 10
 12 12 13 12 12 11 10 10 9 9 8 8 8 7 7 7 6 6 5 5 5 5 6 6 8 8 8 7 7 5 2 2 2 2 3 6 6 8 7 7 7 7 8 10 10 12
 17 17 18 18 18 19 19 19 17 17 15 14 14 13 14 14 18 18 24 25 25 18 10 10 9 9 7 6 6 5 4 4 4 4 5 9 9 11 9 9 9 9 10 11 11 13
 17 17 18 18 18 19 19 19 17 17 15 14 14 13 14 14 18 18 24 25 25 18 10 10 9 9 7 6 6 5 4 4 4 4 5 9 9 11 9 9 9 9 10 11 11 13
 21 21 21 22 22 22 22 22 18 18 19 20 20 20 22 22 24 24 27 28 28 31 30 30 27 27 20 14 14 10 7 7 6 6 6 9 9 8 9 9 11 11 12 12 12 11
 21 21 21 22 22 22 22 22 18 18 19 20 20 20 22 22 24 24 27 28 28 31 30 30 27 27 20 14 14 10 7 7 6 6 6 9 9 8 9 9 11 11 12 12 12 11
 22 22 23 27 27 30 28 28 24 24 26 28 28 30 42 42 55 55 69 78 78 76 68 68 43 43 30 25 25 18 14 14 9 9 7 7 7 7 8 8 8 8 8 8 8 8
 21 21 25 28 28 30 28 28 25 25 26 28 28 30 42 42 55 55 56 54 54 49 36 36 26 26 22 20 20 13 8 8 8 8 6 6 6 7 7 7 8 8 8 7 7 7
 21 21 25 28 28 30 28 28 25 25 26 28 28 30 42 42 55 55 56 54 54 49 36 36 26 26 22 20 20 13 8 8 8 8 6 6 6 7 7 7 8 8 8 7 7 7
 22 22 26 28 28 30 27 27 23 23 22 23 23 25 31 31 39 39 43 44 44 46 37 37 28 28 21 22 22 22 11 11 15 15 7 5 5 6 7 7 8 8 9 8 8 7
 21 21 24 26 26 28 24 24 22 22 21 22 22 25 30 30 45 45 50 44 44 30 20 20 17 17 18 14 14 14 38 38 13 13 7 7 7 8 8 8 15 15 21 22 22 18
 21 21 24 26 26 28 24 24 22 22 21 22 22 25 30 30 45 45 50 44 44 30 20 20 17 17 18 14 14 14 38 38 13 13 7 7 7 8 8 8 15 15 21 22 22 18
 20 20 21 25 25 28 27 27 28 28 31 34 34 38 34 34 39 39 42 34 34 21 13 13 15 15 16 25 25 8 9 9 6 6 7 7 7 10 12 12 17 17 20 21 21 17
 20 20 21 25 25 28 27 27 28 28 31 34 34 38 34 34 39 39 42 34 34 21 13 13 15 15 16 25 25 8 9 9 6 6 7 7 7 10 12 12 17 17 20 21 21 17
 19 19 21 25 25 23 22 22 22 22 23 24 24 25 17 17 14 14 10 9 9 7 7 7 13 13 17 18 18 11 4 4 5 5 6 5 5 5 5 5 5 5 3 2 2 2
 19 19 19 21 21 20 19 19 20 20 21 19 19 18 16 16 13 13 9 7 7 6 13 13 18 18 14 14 14 8 6 6 3 3 3 3 3 3 6 6 6 6 3 0 0 0
 19 19 19 21 21 20 19 19 20 20 21 19 19 18 16 16 13 13 9 7 7 6 13 13 18 18 14 14 14 8 6 6 3 3 3 3 3 3 6 6 6 6 3 0 0 0
 15 15 17 19 19 17 17 17 17 17 16 13 13 9 8 8 7 7 7 6 6 6 12 12 8 8 10 7 7 6 3 3 2 2 1 3 3 3 3 3 4 4 5 2 2 0
 18 18 19 21 21 22 21 21 17 17 12 8 8 8 6 6 7 7 6 5 5 5 7 7 11 11 7 7 7 5 3 3 1 1 1 5 5 9 8 8 7 7 4 0 0 0
 18 18 19 21 21 22 21 21 17 17 12 8 8 8 6 6 7 7 6 5 5 5 7 7 11 11 7 7 7 5 3 3 1 1 1 5 5 9 8 8 7 7 4 0 0 0
 20 20 22 24 24 22 23 23 22 22 20 16 16 12 7 7 6 6 5 4 4 5 5 5 3 3 3 4 4 3 1 1 1 1 1 4 4 4 3 3 4 4 0 0 0 0
 20 20 22 24 24 22 23 23 22 22 20 16 16 12 7 7 6 6 5 4 4 5 5 5 3 3 3 4 4 3 1 1 1 1 1 4 4 4 3 3 4 4 0 0 0 0
 21 21 22 23 23 25 26 26 27 27 23 20 20 42 54 54 60 60 46 31 31 22 11 11 7 7 3 2 2 2 5 5 3 3 1 2 2 1 1 1 1 1 0 0 0 0
 19 19 22 25 25 29 32 32 41 41 52 89 89 95 79 79 63 63 45 29 29 18 9 9 5 5 2 3 3 4 3 3 2 2 1 0 0 0 0 0 0 0 0 0 0 0
 19 19 22 25 25 29 32 32 41 41 52 89 89 95 79 79 63 63 45 29 29 18 9 9 5 5 2 3 3 4 3 3 2 2 1 0 0 0 0 0 0 0 0 0 0 0
 19 19 19 18 18 18 18 18 17 17 16 16 16 24 30 30 34 34 26 19 19 14 8 8 5 5 2 2 2 1 2 2 1 1 1 0 0 0 0 0 0 0 2 5 5 7
 19 19 20 20 20 21 19 19 17 17 17 16 16 25 21 21 14 14 11 8 8 7 4 4 2 2 1 1 1 1 1 1 2 2 11 8 8 10 8 8 0 0 5 6 6 5
 19 19 20 20 20 21 19 19 17 17 17 16 16 25 21 21 14 14 11 8 8 7 4 4 2 2 1 1 1 1 1 1 2 2 11 8 8 10 8 8 0 0 5 6 6 5
 19 19 20 22 22 23 24 24 21 21 17 15 15 14 13 13 12 12 12 14 14 16 15 15 12 12 9 6 6 3 2 2 1 1 1 1 1 0 0 0 0 0 0 0 0 0
 19 19 20 22 22 23 24 24 21 21 17 15 15 14 13 13 12 12 12 14 14 16 15 15 12 12 9 6 6 3 2 2 1 1 1 1 1 0 0 0 0 0 0 0 0 0
 18 18 21 24 24 26 25 25 23 23 19 19 19 18 16 16 14 14 13 14 14 15 14 14 13 13 13 9 9 5 3 3 2 2 1 1 1 2 1 1 1 1 1 1 1 0
 19 19 22 23 23 24 22 22 21 21 24 25 25 21 19 19 16 16 15 17 17 18 17 17 14 14 14 10 10 5 3 3 2 2 1 1 1 1 2 2 3 3 3 3 3 2
 19 19 22 23 23 24 22 22 21 21 24 25 25 21 19 19 16 16 15 17 17 18 17 17 14 14 14 10 10 5 3 3 2 2 1 1 1 1 2 2 3 3 3 3 3 2
 20 20 24 24 24 28 29 29 28 28 28 24 24 19 17 17 14 14 13 12 12 12 10 10 6 6 3 2 2 1 1 1 0 0 0 1 1 1 2 2 4 4 4 4 4 3
 15 15 19 21 21 24 33 33 42 42 39 38 38 33 28 28 22 22 19 13 13 12 11 11 7 7 3 2 2 1 1 1 0 0 0 1 1 1 1 1 2 2 4 4 4 3
