assets/RAT_results_old/precipitation/2019-08-26_IMERG.asc
ncols        46
nrows        77
xllcorner    74.800261325624
yllcorner    8.058333333333
cellsize     0.062500000000
NODATA_value -9999
 14 14 13 12 12 15 16 16 9 9 6 4 4 3 2 2 1 1 0 0 0 0 0 0 0 0 0 0 0 0 0 0 0 0 0 0 0 0 0 0 0 0 0 0 0 0
 21 21 20 18 18 14 11 11 9 9 6 4 4 3 2 2 1 1 1 0 0 0 0 0 0 0 0 0 0 0 0 0 0 0 0 0 0 0 0 0 0 0 0 0 0 0
 21 21 20 18 18 14 11 11 9 9 6 4 4 3 2 2 1 1 1 0 0 0 0 0 0 0 0 0 0 0 0 0 0 0 0 0 0 0 0 0 0 0 0 0 0 0
 22 22 25 20 20 15 10 10 8 8 5 4 4 3 2 2 1 1 1 0 0 0 0 0 0 0 0 0 0 0 0 0 0 0 0 0 0 0 0 0 0 0 0 0 0 0
 20 20 18 21 21 21 15 15 10 10 8 5 5 3 2 2 1 1 1 0 0 0 0 0 0 0 0 0 0 0 0 0 0 0 0 0 0 0 0 0 0 0 0 0 0 0
 20 20 18 21 21 21 15 15 10 10 8 5 5 3 2 2 1 1 1 0 0 0 0 0 0 0 0 0 0 0 0 0 0 0 0 0 0 0 0 0 0 0 0 0 0 0
 19 19 20 24 24 22 18 18 14 14 10 7 7 3 2 2 1 1 1 0 0 0 0 0 0 0 0 0 0 0 0 0 0 0 0 0 0 0 0 0 0 0 0 0 0 0
 19 19 20 24 24 22 18 18 14 14 10 7 7 3 2 2 1 1 1 0 0 0 0 0 0 0 0 0 0 0 0 0 0 0 0 0 0 0 0 0 0 0 0 0 0 0
 21 21 24 27 27 27 20 20 13 13 10 7 7 5 3 3 4 4 1 1 1 1 1 1 0 0 0 0 0 0 0 0 0 0 0 0 0 0 0 0 0 0 0 0 0 0
 24 24 21 25 25 25 21 21 25 25 18 18 18 12 7 7 9 9 6 2 2 1 1 1 0 0 0 0 0 0 0 0 0 0 0 0 0 0 0 0 0 0 0 0 0 0
 24 24 21 25 25 25 21 21 25 25 18 18 18 12 7 7 9 9 6 2 2 1 1 1 0 0 0 0 0 0 0 0 0 0 0 0 0 0 0 0 0 0 0 0 0 0
 25 25 20 24 24 31 29 29 26 26 23 21 21 15 18 18 16 16 9 8 8 4 2 2 1 1 0 0 0 0 0 0 0 0 0 0 0 0 0 0 0 0 0 0 0 0
 19 19 17 23 23 26 28 28 30 30 26 24 24 20 20 20 19 19 9 4 4 3 1 1 1 1 0 0 0 0 0 0 0 0 0 0 0 0 0 0 0 0 0 0 0 0
 19 19 17 23 23 26 28 28 30 30 26 24 24 20 20 20 19 19 9 4 4 3 1 1 1 1 0 0 0 0 0 0 0 0 0 0 0 0 0 0 0 0 0 0 0 0
 12 12 15 15 15 22 21 21 24 24 23 21 21 14 22 22 19 19 12 5 5 3 1 1 1 1 1 0 0 0 0 0 0 0 0 0 0 0 0 0 0 0 0 0 0 0
 12 12 15 15 15 22 21 21 24 24 23 21 21 14 22 22 19 19 12 5 5 3 1 1 1 1 1 0 0 0 0 0 0 0 0 0 0 0 0 0 0 0 0 0 0 0
 7 7 7 9 9 14 11 11 21 21 21 17 17 10 17 17 14 14 18 6 6 4 2 2 2 2 1 0 0 0 0 0 0 0 0 0 0 0 0 0 0 0 0 0 0 0
 4 4 5 6 6 10 11 11 9 9 11 16 16 13 23 23 20 20 18 9 9 5 3 3 3 3 2 1 1 0 0 0 0 0 0 0 0 0 0 0 0 0 0 0 0 0
 4 4 5 6 6 10 11 11 9 9 11 16 16 13 23 23 20 20 18 9 9 5 3 3 3 3 2 1 1 0 0 0 0 0 0 0 0 0 0 0 0 0 0 0 0 0
 4 4 5 4 4 5 8 8 8 8 10 14 14 17 25 25 19 19 18 10 10 5 3 3 3 3 3 0 0 0 0 0 0 0 0 0 0 0 0 0 0 0 0 0 0 0
 8 8 6 7 7 6 9 9 9 9 8 17 17 20 31 31 30 30 22 10 10 8 4 4 3 3 2 1 1 0 0 0 0 0 0 0 0 0 0 0 0 0 0 0 0 0
 8 8 6 7 7 6 9 9 9 9 8 17 17 20 31 31 30 30 22 10 10 8 4 4 3 3 2 1 1 0 0 0 0 0 0 0 0 0 0 0 0 0 0 0 0 0
 8 8 8 5 5 5 8 8 7 7 9 10 10 18 23 23 26 26 17 11 11 10 5 5 4 4 4 2 2 1 0 0 0 0 0 0 0 0 0 0 0 0 0 0 0 0
 8 8 8 5 5 5 8 8 7 7 9 10 10 18 23 23 26 26 17 11 11 10 5 5 4 4 4 2 2 1 0 0 0 0 0 0 0 0 0 0 0 0 0 0 0 0
 9 9 10 9 9 7 7 7 8 8 8 7 7 16 17 17 23 23 21 13 13 10 5 5 2 2 1 0 0 0 1 1 1 1 0 0 0 0 0 0 0 0 0 0 0 0
 11 11 10 11 11 11 7 7 6 6 6 5 5 6 13 13 19 19 12 10 10 6 10 10 6 6 5 3 3 0 0 0 0 0 0 0 0 0 0 0 0 0 0 0 0 0
 11 11 10 11 11 11 7 7 6 6 6 5 5 6 13 13 19 19 12 10 10 6 10 10 6 6 5 3 3 0 0 0 0 0 0 0 0 0 0 0 0 0 0 0 0 0
 12 12 11 11 11 12 11 11 10 10 10 10 10 9 10 10 14 14 14 13 13 13 13 13 7 7 5 3 3 2 0 0 0 0 1 0 0 0 1 1 1 1 0 0 0 0
 11 11 10 10 10 11 12 12 13 13 14 16 16 18 16 16 24 24 21 15 15 17 15 15 12 12 5 4 4 4 0 0 2 2 2 1 1 1 1 1 0 0 0 0 0 0
 11 11 10 10 10 11 12 12 13 13 14 16 16 18 16 16 24 24 21 15 15 17 15 15 12 12 5 4 4 4 0 0 2 2 2 1 1 1 1 1 0 0 0 0 0 0
 9 9 7 8 8 9 10 10 11 11 14 16 16 21 22 22 30 30 32 35 35 24 33 33 29 29 21 12 12 8 2 2 2 2 2 3 3 1 1 1 1 1 0 0 0 0
 9 9 7 8 8 9 10 10 11 11 14 16 16 21 22 22 30 30 32 35 35 24 33 33 29 29 21 12 12 8 2 2 2 2 2 3 3 1 1 1 1 1 0 0 0 0
 10 10 7 8 8 8 9 9 10 10 12 15 15 18 23 23 28 28 33 39 39 37 45 45 42 42 29 15 15 11 4 4 4 4 4 3 3 2 1 1 1 1 0 0 0 0
 8 8 8 8 8 9 8 8 9 9 9 11 11 15 20 20 23 23 26 38 38 47 46 46 39 39 27 27 27 19 5 5 4 4 2 1 1 1 0 0 0 0 0 0 0 0
 8 8 8 8 8 9 8 8 9 9 9 11 11 15 20 20 23 23 26 38 38 47 46 46 39 39 27 27 27 19 5 5 4 4 2 1 1 1 0 0 0 0 0 0 0 0
 6 6 5 4 4 5 5 5 6 6 6 8 8 10 13 13 16 16 19 26 26 34 37 37 36 36 19 11 11 5 4 4 2 2 2 1 1 0 0 0 0 0 0 0 0 0
 4 4 4 3 3 3 5 5 6 6 9 7 7 9 10 10 14 14 19 28 28 31 33 33 28 28 22 15 15 7 7 7 7 7 2 1 1 1 0 0 0 0 0 0 0 0
 4 4 4 3 3 3 5 5 6 6 9 7 7 9 10 10 14 14 19 28 28 31 33 33 28 28 22 15 15 7 7 7 7 7 2 1 1 1 0 0 0 0 0 0 0 0
 3 3 3 3 3 3 5 5 6 6 8 8 8 8 9 9 15 15 19 23 23 28 29 29 27 27 21 11 11 7 7 7 5 5 2 2 2 1 1 1 0 0 0 0 0 0
 3 3 3 3 3 3 5 5 6 6 8 8 8 8 9 9 15 15 19 23 23 28 29 29 27 27 21 11 11 7 7 7 5 5 2 2 2 1 1 1 0 0 0 0 0 0
 11 11 10 7 7 5 6 6 7 7 7 7 7 7 10 10 16 16 21 25 25 29 26 26 22 22 20 10 10 11 9 9 5 5 4 4 4 4 1 1 0 0 0 0 0 0
 15 15 12 10 10 9 9 9 8 8 10 10 10 10 12 12 14 14 19 21 21 23 32 32 36 36 46 34 34 24 11 11 4 4 7 6 6 5 2 2 1 1 0 0 0 0
 15 15 12 10 10 9 9 9 8 8 10 10 10 10 12 12 14 14 19 21 21 23 32 32 36 36 46 34 34 24 11 11 4 4 7 6 6 5 2 2 1 1 0 0 0 0
 27 27 21 17 17 15 14 14 11 11 10 12 12 13 15 15 16 16 22 24 24 27 31 31 30 30 33 30 30 20 9 9 10 10 9 8 8 5 2 2 1 1 0 0 0 0
 21 21 19 17 17 16 15 15 13 13 12 11 11 13 15 15 15 15 20 21 21 25 33 33 43 43 34 35 35 23 16 16 10 10 6 5 5 4 1 1 1 1 1 0 0 0
 21 21 19 17 17 16 15 15 13 13 12 11 11 13 15 15 15 15 20 21 21 25 33 33 43 43 34 35 35 23 16 16 10 10 6 5 5 4 1 1 1 1 1 0 0 0
 21 21 19 17 17 15 13 13 10 10 9 8 8 10 14 14 16 16 20 23 23 28 38 38 40 40 34 34 34 27 18 18 9 9 4 4 4 1 0 0 0 0 3 1 1 0
 21 21 19 17 17 15 13 13 10 10 9 8 8 10 14 14 16 16 20 23 23 28 38 38 40 40 34 34 34 27 18 18 9 9 4 4 4 1 0 0 0 0 3 1 1 0
 11 11 9 9 9 9 10 10 7 7 6 6 6 8 13 13 17 17 20 24 24 30 36 36 33 33 38 37 37 37 17 17 9 9 5 1 1 1 0 0 0 0 1 0 0 0
 7 7 6 6 6 5 4 4 4 4 5 5 5 7 8 8 11 11 16 18 18 24 23 23 31 31 42 35 35 30 20 20 11 11 4 2 2 2 0 0 0 0 1 0 0 0
 7 7 6 6 6 5 4 4 4 4 5 5 5 7 8 8 11 11 16 18 18 24 23 23 31 31 42 35 35 30 20 20 11 11 4 2 2 2 0 0 0 0 1 0 0 0
 3 3 3 4 4 5 4 4 4 4 5 5 5 7 8 8 8 8 9 13 13 20 23 23 27 27 35 45 45 36 24 24 14 14 6 4 4 1 0 0 1 1 1 1 1 1
 3 3 3 4 4 4 5 5 5 5 5 6 6 7 8 8 10 10 10 13 13 14 19 19 21 21 30 34 34 32 18 18 12 12 6 3 3 3 2 2 2 2 2 1 1 1
 3 3 3 4 4 4 5 5 5 5 5 6 6 7 8 8 10 10 10 13 13 14 19 19 21 21 30 34 34 32 18 18 12 12 6 3 3 3 2 2 2 2 2 1 1 1
 2 2 3 3 3 4 5 5 6 6 6 6 6 6 6 6 7 7 9 10 10 12 18 18 27 27 32 18 18 14 14 14 11 11 4 8 8 6 3 3 3 3 1 2 2 1
 2 2 3 3 3 4 5 5 6 6 6 6 6 6 6 6 7 7 9 10 10 12 18 18 27 27 32 18 18 14 14 14 11 11 4 8 8 6 3 3 3 3 1 2 2 1
 3 3 3 4 4 5 6 6 7 7 7 8 8 8 8 8 9 9 9 10 10 12 18 18 24 24 26 18 18 17 17 17 6 6 5 4 4 3 2 2 3 3 3 2 2 1
 4 4 4 6 6 8 9 9 10 10 10 10 10 9 9 9 9 9 9 10 10 11 14 14 16 16 20 17 17 15 13 13 10 10 5 5 5 2 2 2 3 3 4 1 1 1
 4 4 4 6 6 8 9 9 10 10 10 10 10 9 9 9 9 9 9 10 10 11 14 14 16 16 20 17 17 15 13 13 10 10 5 5 5 2 2 2 3 3 4 1 1 1
 4 4 5 6 6 7 8 8 9 9 9 9 9 9 9 9 10 10 11 12 12 13 18 18 24 24 24 31 31 28 22 22 17 17 8 5 5 4 2 2 3 3 3 3 3 0
 4 4 4 5 5 6 7 7 9 9 9 10 10 10 11 11 13 13 16 18 18 20 26 26 23 23 32 33 33 28 18 18 13 13 7 4 4 3 2 2 2 2 3 0 0 0
 4 4 4 5 5 6 7 7 9 9 9 10 10 10 11 11 13 13 16 18 18 20 26 26 23 23 32 33 33 28 18 18 13 13 7 4 4 3 2 2 2 2 3 0 0 0
 3 3 4 4 4 5 7 7 8 8 9 10 10 11 13 13 16 16 19 22 22 24 23 23 27 27 26 23 23 19 13 13 12 12 7 6 6 8 7 7 7 7 1 0 0 0
 3 3 4 4 4 5 7 7 8 8 9 10 10 11 13 13 16 16 19 22 22 24 23 23 27 27 26 23 23 19 13 13 12 12 7 6 6 8 7 7 7 7 1 0 0 0
 3 3 4 5 5 6 7 7 8 8 9 11 11 12 14 14 16 16 19 22 22 24 25 25 33 33 28 21 21 21 15 15 12 12 8 10 10 10 8 8 9 9 7 4 4 0
 3 3 4 4 4 6 7 7 8 8 10 12 12 14 17 17 19 19 21 24 24 27 31 31 43 43 27 20 20 18 23 23 15 15 23 18 18 12 12 12 10 10 8 4 4 0
 3 3 4 4 4 6 7 7 8 8 10 12 12 14 17 17 19 19 21 24 24 27 31 31 43 43 27 20 20 18 23 23 15 15 23 18 18 12 12 12 10 10 8 4 4 0
 4 4 4 5 5 6 7 7 9 9 11 13 13 15 17 17 20 20 23 26 26 28 28 28 32 32 32 15 15 13 15 15 16 16 26 15 15 13 14 14 14 14 13 3 3 0
 5 5 5 6 6 7 8 8 10 10 17 22 22 21 19 19 19 19 17 17 17 16 15 15 21 21 19 17 17 15 14 14 19 19 16 14 14 20 17 17 19 19 11 2 2 1
 5 5 5 6 6 7 8 8 10 10 17 22 22 21 19 19 19 19 17 17 17 16 15 15 21 21 19 17 17 15 14 14 19 19 16 14 14 20 17 17 19 19 11 2 2 1
 5 5 6 7 7 7 9 9 11 11 18 23 23 21 19 19 18 18 17 15 15 14 17 17 18 18 15 12 12 13 12 12 12 12 16 18 18 16 17 17 10 10 11 7 7 8
 5 5 6 7 7 7 9 9 11 11 18 23 23 21 19 19 18 18 17 15 15 14 17 17 18 18 15 12 12 13 12 12 12 12 16 18 18 16 17 17 10 10 11 7 7 8
 7 7 9 10 10 11 11 11 13 13 13 17 17 19 17 17 16 16 14 13 13 12 11 11 10 10 10 10 10 9 11 11 13 13 14 14 14 12 8 8 8 8 10 9 9 7
 9 9 11 14 14 14 14 14 14 14 15 16 16 16 14 14 13 13 12 11 11 9 9 9 11 11 12 13 13 11 11 11 12 12 10 11 11 10 8 8 9 9 10 4 4 2
 9 9 11 14 14 14 14 14 14 14 15 16 16 16 14 14 13 13 12 11 11 9 9 9 11 11 12 13 13 11 11 11 12 12 10 11 11 10 8 8 9 9 10 4 4 2
 14 14 15 18 18 19 17 17 17 17 15 13 13 11 11 11 11 11 9 8 8 8 8 8 9 9 11 12 12 12 13 13 13 13 12 11 11 9 8 8 9 9 6 4 4 3
 13 13 13 13 13 13 12 12 11 11 11 8 8 8 8 8 9 9 8 8 8 8 8 8 9 9 11 12 12 11 10 10 7 7 6 5 5 6 5 5 3 3 2 1 1 1
