assets/RAT_results_old/precipitation/2019-06-04_IMERG.asc
ncols        46
nrows        77
xllcorner    74.800261325624
yllcorner    8.058333333333
cellsize     0.062500000000
NODATA_value -9999
 0 0 0 0 0 0 0 0 0 0 0 0 0 0 0 0 0 0 0 0 0 0 0 0 0 0 0 0 0 0 0 0 0 0 0 0 0 0 0 0 0 0 1 1 1 1
 0 0 0 0 0 0 0 0 1 1 1 1 1 0 0 0 0 0 0 0 0 0 0 0 0 0 0 0 0 0 0 0 0 0 0 0 0 1 1 1 1 1 1 1 1 1
 0 0 0 0 0 0 0 0 1 1 1 1 1 0 0 0 0 0 0 0 0 0 0 0 0 0 0 0 0 0 0 0 0 0 0 0 0 1 1 1 1 1 1 1 1 1
 0 0 0 1 1 0 0 0 0 0 0 0 0 0 0 0 0 0 0 0 0 0 0 0 0 0 0 0 0 0 0 0 0 0 1 1 1 1 1 1 1 1 1 1 1 3
 0 0 0 1 1 0 0 0 0 0 0 0 0 0 0 0 0 0 0 0 0 0 0 0 0 0 0 0 0 0 0 0 1 1 1 2 2 2 2 2 3 3 2 2 2 11
 0 0 0 1 1 0 0 0 0 0 0 0 0 0 0 0 0 0 0 0 0 0 0 0 0 0 0 0 0 0 0 0 1 1 1 2 2 2 2 2 3 3 2 2 2 11
 0 0 0 0 0 0 0 0 0 0 0 0 0 0 0 0 0 0 0 0 0 0 0 0 0 0 0 0 0 0 0 0 1 1 1 2 2 3 3 3 5 5 6 5 5 4
 0 0 0 0 0 0 0 0 0 0 0 0 0 0 0 0 0 0 0 0 0 0 0 0 0 0 0 0 0 0 0 0 1 1 1 2 2 3 3 3 5 5 6 5 5 4
 0 0 0 0 0 0 0 0 0 0 0 0 0 0 0 0 0 0 0 0 0 0 0 0 0 0 0 0 0 1 1 1 1 1 1 2 2 3 5 5 7 7 8 7 7 6
 0 0 0 0 0 0 1 1 0 0 0 0 0 0 1 1 0 0 0 0 0 0 1 1 0 0 0 0 0 1 1 1 2 2 3 3 3 3 5 5 8 8 8 8 8 18
 0 0 0 0 0 0 1 1 0 0 0 0 0 0 1 1 0 0 0 0 0 0 1 1 0 0 0 0 0 1 1 1 2 2 3 3 3 3 5 5 8 8 8 8 8 18
 0 0 0 4 4 3 0 0 0 0 0 0 0 0 0 0 0 0 1 1 1 2 3 3 1 1 0 0 0 1 1 1 1 1 3 5 5 5 7 7 7 7 8 9 9 51
 0 0 0 5 5 4 2 2 1 1 0 0 0 0 0 0 0 0 0 0 0 1 2 2 1 1 0 0 0 1 1 1 1 1 2 4 4 5 6 6 8 8 9 74 74 41
 0 0 0 5 5 4 2 2 1 1 0 0 0 0 0 0 0 0 0 0 0 1 2 2 1 1 0 0 0 1 1 1 1 1 2 4 4 5 6 6 8 8 9 74 74 41
 0 0 0 0 0 1 1 1 0 0 0 0 0 0 0 0 0 0 0 0 0 0 0 0 0 0 0 1 1 1 1 1 2 2 3 3 3 4 5 5 6 6 10 23 23 40
 0 0 0 0 0 1 1 1 0 0 0 0 0 0 0 0 0 0 0 0 0 0 0 0 0 0 0 1 1 1 1 1 2 2 3 3 3 4 5 5 6 6 10 23 23 40
 0 0 0 0 0 0 0 0 0 0 1 0 0 0 0 0 0 0 0 0 0 0 0 0 0 0 0 1 1 1 2 2 2 2 4 4 4 4 5 5 5 5 9 22 22 24
 0 0 0 0 0 0 0 0 0 0 0 0 0 0 0 0 0 0 0 0 0 0 0 0 0 0 0 1 1 1 2 2 2 2 3 6 6 5 5 5 6 6 11 20 20 36
 0 0 0 0 0 0 0 0 0 0 0 0 0 0 0 0 0 0 0 0 0 0 0 0 0 0 0 1 1 1 2 2 2 2 3 6 6 5 5 5 6 6 11 20 20 36
 0 0 0 0 0 0 0 0 0 0 0 0 0 0 0 0 0 0 0 0 0 0 0 0 0 0 1 2 2 2 3 3 4 4 5 5 5 5 9 9 5 5 10 24 24 27
 0 0 0 0 0 0 0 0 0 0 0 0 0 0 0 0 0 0 0 0 0 0 1 1 1 1 1 2 2 3 4 4 5 5 6 5 5 5 9 9 8 8 23 28 28 19
 0 0 0 0 0 0 0 0 0 0 0 0 0 0 0 0 0 0 0 0 0 0 1 1 1 1 1 2 2 3 4 4 5 5 6 5 5 5 9 9 8 8 23 28 28 19
 0 0 0 0 0 0 0 0 0 0 0 0 0 0 0 0 0 0 0 0 0 0 1 1 2 2 4 3 3 5 5 5 6 6 8 4 4 4 5 5 19 19 22 19 19 36
 0 0 0 0 0 0 0 0 0 0 0 0 0 0 0 0 0 0 0 0 0 0 1 1 2 2 4 3 3 5 5 5 6 6 8 4 4 4 5 5 19 19 22 19 19 36
 0 0 0 0 0 0 0 0 0 0 0 0 0 0 0 0 0 0 0 0 0 1 7 7 8 8 4 3 3 5 7 7 9 9 9 7 7 5 7 7 8 8 26 21 21 28
 0 0 0 0 0 0 0 0 0 0 0 0 0 1 0 0 0 0 0 0 0 1 5 5 6 6 5 4 4 6 5 5 9 9 8 6 6 8 21 21 12 12 7 30 30 22
 0 0 0 0 0 0 0 0 0 0 0 0 0 1 0 0 0 0 0 0 0 1 5 5 6 6 5 4 4 6 5 5 9 9 8 6 6 8 21 21 12 12 7 30 30 22
 0 0 0 0 0 0 0 0 0 0 0 0 0 0 0 0 0 0 4 1 1 1 2 2 4 4 4 4 4 4 4 4 8 8 7 6 6 13 48 48 12 12 6 31 31 22
 0 0 0 0 0 0 0 0 0 0 0 0 0 0 0 0 0 0 1 0 0 1 1 1 4 4 2 2 2 3 3 3 6 6 6 5 5 25 84 84 37 37 6 3 3 3
 0 0 0 0 0 0 0 0 0 0 0 0 0 0 0 0 0 0 1 0 0 1 1 1 4 4 2 2 2 3 3 3 6 6 6 5 5 25 84 84 37 37 6 3 3 3
 0 0 0 0 0 0 0 0 0 0 0 0 0 0 1 1 0 0 1 1 1 1 1 1 1 1 2 3 3 2 2 2 2 2 6 7 7 46 25 25 16 16 24 2 2 2
 0 0 0 0 0 0 0 0 0 0 0 0 0 0 1 1 0 0 1 1 1 1 1 1 1 1 2 3 3 2 2 2 2 2 6 7 7 46 25 25 16 16 24 2 2 2
 0 0 0 0 0 0 0 0 0 0 0 0 0 0 0 0 0 0 1 1 1 1 1 1 1 1 4 2 2 1 2 2 2 2 4 15 15 4 4 4 15 15 8 2 2 2
 0 0 0 0 0 0 0 0 0 0 0 0 0 0 0 0 0 0 1 1 1 1 1 1 1 1 1 1 1 5 10 10 2 2 3 2 2 7 3 3 4 4 5 4 4 3
 0 0 0 0 0 0 0 0 0 0 0 0 0 0 0 0 0 0 1 1 1 1 1 1 1 1 1 1 1 5 10 10 2 2 3 2 2 7 3 3 4 4 5 4 4 3
 0 0 0 0 0 0 0 0 0 0 0 0 0 0 0 0 0 0 0 1 1 0 0 0 0 0 0 0 0 3 1 1 1 1 2 0 0 3 4 4 4 4 3 4 4 2
 0 0 0 0 0 0 0 0 0 0 0 0 0 0 0 0 0 0 0 0 0 0 0 0 1 1 0 0 0 2 8 8 7 7 1 1 1 2 3 3 3 3 3 4 4 2
 0 0 0 0 0 0 0 0 0 0 0 0 0 0 0 0 0 0 0 0 0 0 0 0 1 1 0 0 0 2 8 8 7 7 1 1 1 2 3 3 3 3 3 4 4 2
 0 0 0 0 0 0 0 0 0 0 0 1 1 1 1 1 1 1 0 1 1 1 1 1 1 1 1 1 1 7 12 12 6 6 1 1 1 2 3 3 3 3 2 3 3 4
 0 0 0 0 0 0 0 0 0 0 0 1 1 1 1 1 1 1 0 1 1 1 1 1 1 1 1 1 1 7 12 12 6 6 1 1 1 2 3 3 3 3 2 3 3 4
 0 0 0 0 0 0 0 0 1 1 1 2 2 2 2 2 2 2 1 2 2 2 1 1 1 1 1 1 1 4 12 12 8 8 2 2 2 3 3 3 4 4 3 4 4 4
 0 0 0 0 0 0 1 1 1 1 1 1 1 1 1 1 1 1 1 2 2 3 4 4 3 3 3 3 3 6 9 9 7 7 9 5 5 3 4 4 3 3 4 3 3 3
 0 0 0 0 0 0 1 1 1 1 1 1 1 1 1 1 1 1 1 2 2 3 4 4 3 3 3 3 3 6 9 9 7 7 9 5 5 3 4 4 3 3 4 3 3 3
 0 0 0 0 0 0 0 0 1 1 1 1 1 1 1 1 1 1 1 1 1 1 7 7 2 2 1 2 2 9 3 3 3 3 7 5 5 4 3 3 3 3 3 2 2 2
 0 0 0 0 0 0 0 0 1 1 1 1 1 1 1 1 1 1 1 2 2 5 6 6 2 2 1 2 2 2 5 5 6 6 5 5 5 4 3 3 3 3 5 10 10 10
 0 0 0 0 0 0 0 0 1 1 1 1 1 1 1 1 1 1 1 2 2 5 6 6 2 2 1 2 2 2 5 5 6 6 5 5 5 4 3 3 3 3 5 10 10 10
 0 0 0 0 0 0 0 0 0 0 0 0 0 0 0 0 1 1 1 2 2 3 9 9 3 3 3 2 2 1 13 13 13 13 4 1 1 3 3 3 3 3 5 26 26 27
 0 0 0 0 0 0 0 0 0 0 0 0 0 0 0 0 1 1 1 2 2 3 9 9 3 3 3 2 2 1 13 13 13 13 4 1 1 3 3 3 3 3 5 26 26 27
 0 0 0 0 0 0 0 0 0 0 0 0 0 0 0 0 0 0 0 2 2 2 8 8 2 2 3 4 4 9 11 11 8 8 3 3 3 3 2 2 3 3 21 26 26 26
 1 1 2 1 1 1 0 0 0 0 0 0 0 0 0 0 1 1 2 0 0 0 7 7 3 3 3 4 4 3 5 5 10 10 9 9 9 5 2 2 4 4 7 5 5 3
 1 1 2 1 1 1 0 0 0 0 0 0 0 0 0 0 1 1 2 0 0 0 7 7 3 3 3 4 4 3 5 5 10 10 9 9 9 5 2 2 4 4 7 5 5 3
 3 3 5 1 1 1 0 0 0 0 0 0 0 0 0 0 3 3 3 0 0 0 2 2 3 3 2 3 3 3 4 4 2 2 15 11 11 6 2 2 6 6 6 4 4 2
 6 6 3 8 8 10 9 9 2 2 0 0 0 0 0 0 2 2 1 0 0 1 3 3 3 3 2 1 1 2 9 9 9 9 13 5 5 6 0 0 0 0 0 1 1 1
 6 6 3 8 8 10 9 9 2 2 0 0 0 0 0 0 2 2 1 0 0 1 3 3 3 3 2 1 1 2 9 9 9 9 13 5 5 6 0 0 0 0 0 1 1 1
 19 19 3 3 3 10 10 10 2 2 0 0 0 0 0 0 0 0 0 0 0 0 0 0 1 1 1 1 1 2 9 9 3 3 5 3 3 1 0 0 0 0 0 0 0 0
 19 19 3 3 3 10 10 10 2 2 0 0 0 0 0 0 0 0 0 0 0 0 0 0 1 1 1 1 1 2 9 9 3 3 5 3 3 1 0 0 0 0 0 0 0 0
 19 19 3 3 3 11 14 14 13 13 1 1 1 0 0 0 0 0 0 0 0 0 0 0 1 1 0 0 0 0 3 3 3 3 5 2 2 1 0 0 0 0 2 0 0 0
 2 2 3 3 3 9 14 14 14 14 2 1 1 1 3 3 3 3 3 1 1 1 0 0 0 0 1 0 0 0 0 0 0 0 1 1 1 0 0 0 0 0 0 0 0 0
 2 2 3 3 3 9 14 14 14 14 2 1 1 1 3 3 3 3 3 1 1 1 0 0 0 0 1 0 0 0 0 0 0 0 1 1 1 0 0 0 0 0 0 0 0 0
 2 2 2 3 3 9 10 10 9 9 7 8 8 8 3 3 3 3 3 4 4 4 5 5 2 2 1 0 0 0 0 0 0 0 0 0 0 0 0 0 0 0 0 0 0 0
 0 0 1 24 24 23 113 113 10 10 8 8 8 8 7 7 16 16 4 4 4 6 5 5 3 3 2 1 1 1 0 0 0 0 0 0 0 0 0 0 0 0 1 0 0 0
 0 0 1 24 24 23 113 113 10 10 8 8 8 8 7 7 16 16 4 4 4 6 5 5 3 3 2 1 1 1 0 0 0 0 0 0 0 0 0 0 0 0 1 0 0 0
 1 1 1 1 1 24 112 112 12 12 12 5 5 2 2 2 3 3 5 3 3 6 9 9 9 9 3 1 1 0 0 0 0 0 0 0 0 0 0 0 0 0 0 0 0 0
 1 1 1 1 1 24 112 112 12 12 12 5 5 2 2 2 3 3 5 3 3 6 9 9 9 9 3 1 1 0 0 0 0 0 0 0 0 0 0 0 0 0 0 0 0 0
 2 2 2 2 2 3 2 2 3 3 3 3 3 3 3 3 2 2 3 1 1 5 2 2 1 1 1 4 4 1 0 0 0 0 0 0 0 0 0 0 0 0 0 0 0 0
 2 2 1 3 3 6 4 4 4 4 3 3 3 4 2 2 2 2 2 2 2 2 1 1 1 1 6 3 3 8 6 6 3 3 0 0 0 0 0 0 0 0 0 0 0 0
 2 2 1 3 3 6 4 4 4 4 3 3 3 4 2 2 2 2 2 2 2 2 1 1 1 1 6 3 3 8 6 6 3 3 0 0 0 0 0 0 0 0 0 0 0 0
 1 1 1 2 2 3 2 2 2 2 1 1 1 2 2 2 2 2 2 2 2 2 2 2 1 1 4 2 2 3 5 5 0 0 0 0 0 0 0 0 0 0 0 0 0 0
 1 1 2 2 2 2 2 2 2 2 2 1 1 1 1 1 1 1 1 2 2 2 2 2 1 1 4 3 3 12 0 0 0 0 0 0 0 0 0 0 0 0 0 2 2 2
 1 1 2 2 2 2 2 2 2 2 2 1 1 1 1 1 1 1 1 2 2 2 2 2 1 1 4 3 3 12 0 0 0 0 0 0 0 0 0 0 0 0 0 2 2 2
 5 5 3 3 3 3 2 2 3 3 4 2 2 2 1 1 1 1 2 2 2 3 3 3 6 6 30 31 31 33 1 1 1 1 1 0 0 0 0 0 0 0 0 0 0 0
 5 5 3 3 3 3 2 2 3 3 4 2 2 2 1 1 1 1 2 2 2 3 3 3 6 6 30 31 31 33 1 1 1 1 1 0 0 0 0 0 0 0 0 0 0 0
 6 6 4 4 4 4 7 7 5 5 5 3 3 3 3 3 3 3 2 2 2 2 2 2 1 1 31 31 31 31 2 2 5 5 5 1 1 1 0 0 0 0 0 0 0 0
 7 7 7 6 6 5 6 6 4 4 4 3 3 3 3 3 3 3 2 3 3 3 2 2 2 2 1 1 1 1 2 2 6 6 5 0 0 0 0 0 0 0 0 0 0 0
 7 7 7 6 6 5 6 6 4 4 4 3 3 3 3 3 3 3 2 3 3 3 2 2 2 2 1 1 1 1 2 2 6 6 5 0 0 0 0 0 0 0 0 0 0 0
 8 8 9 9 9 6 7 7 2 2 2 2 2 1 2 2 2 2 1 2 2 2 2 2 2 2 1 1 1 0 2 2 4 4 1 0 0 0 1 1 0 0 0 0 0 0
 9 9 8 7 7 4 4 4 2 2 2 2 2 1 1 1 1 1 1 1 1 2 2 2 2 2 2 1 1 1 2 2 2 2 1 1 1 0 0 0 0 0 0 0 0 0
