assets/RAT_results_old/precipitation/2019-08-10_IMERG.asc
ncols        46
nrows        77
xllcorner    74.800261325624
yllcorner    8.058333333333
cellsize     0.062500000000
NODATA_value -9999
 65 65 68 79 79 87 99 99 101 101 87 97 97 75 69 69 42 42 34 41 41 48 18 18 13 13 10 7 7 6 4 4 2 2 2 1 1 0 0 0 0 0 1 0 0 0
 43 43 47 61 61 75 64 64 79 79 69 52 52 67 76 76 44 44 42 25 25 23 14 14 11 11 9 5 5 10 3 3 2 2 2 2 2 0 1 1 1 1 0 0 0 0
 43 43 47 61 61 75 64 64 79 79 69 52 52 67 76 76 44 44 42 25 25 23 14 14 11 11 9 5 5 10 3 3 2 2 2 2 2 0 1 1 1 1 0 0 0 0
 53 53 46 86 86 82 71 71 92 92 74 79 79 68 64 64 62 62 40 30 30 24 12 12 11 11 8 6 6 10 7 7 6 6 2 1 1 1 3 3 1 1 0 0 0 0
 62 62 73 78 78 79 84 84 97 97 93 82 82 68 70 70 66 66 36 34 34 28 11 11 8 8 7 8 8 8 7 7 7 7 2 1 1 1 2 2 2 2 2 0 0 0
 62 62 73 78 78 79 84 84 97 97 93 82 82 68 70 70 66 66 36 34 34 28 11 11 8 8 7 8 8 8 7 7 7 7 2 1 1 1 2 2 2 2 2 0 0 0
 50 50 88 92 92 83 96 96 92 92 101 92 92 81 64 64 62 62 43 26 26 32 10 10 10 10 7 6 6 5 5 5 1 1 1 2 2 1 2 2 1 1 2 0 0 0
 50 50 88 92 92 83 96 96 92 92 101 92 92 81 64 64 62 62 43 26 26 32 10 10 10 10 7 6 6 5 5 5 1 1 1 2 2 1 2 2 1 1 2 0 0 0
 45 45 56 86 86 81 79 79 103 103 107 94 94 89 79 79 77 77 38 26 26 21 10 10 7 7 8 4 4 5 6 6 4 4 2 1 1 2 1 1 1 1 1 1 1 1
 43 43 54 51 51 54 62 62 80 80 93 96 96 89 86 86 63 63 57 37 37 25 16 16 10 10 11 6 6 5 5 5 4 4 2 2 2 1 1 1 1 1 1 0 0 0
 43 43 54 51 51 54 62 62 80 80 93 96 96 89 86 86 63 63 57 37 37 25 16 16 10 10 11 6 6 5 5 5 4 4 2 2 2 1 1 1 1 1 1 0 0 0
 18 18 24 39 39 50 69 69 74 74 112 112 112 89 100 100 75 75 68 39 39 28 19 19 13 13 13 11 11 6 5 5 6 6 3 1 1 3 1 1 1 1 1 1 1 1
 29 29 19 43 43 46 62 62 72 72 91 100 100 99 104 104 82 82 71 61 61 41 33 33 27 27 24 14 14 7 10 10 8 8 3 3 3 2 1 1 1 1 1 1 1 1
 29 29 19 43 43 46 62 62 72 72 91 100 100 99 104 104 82 82 71 61 61 41 33 33 27 27 24 14 14 7 10 10 8 8 3 3 3 2 1 1 1 1 1 1 1 1
 33 33 41 58 58 80 70 70 70 70 71 90 90 93 113 113 96 96 72 34 34 33 40 40 31 31 20 14 14 9 12 12 8 8 4 2 2 1 1 1 2 2 3 1 1 1
 33 33 41 58 58 80 70 70 70 70 71 90 90 93 113 113 96 96 72 34 34 33 40 40 31 31 20 14 14 9 12 12 8 8 4 2 2 1 1 1 2 2 3 1 1 1
 36 36 53 53 53 85 74 74 64 64 80 87 87 84 79 79 104 104 92 45 45 51 37 37 17 17 16 13 13 12 10 10 6 6 3 2 2 1 3 3 4 4 2 2 2 2
 38 38 51 56 56 80 61 61 98 98 80 94 94 86 73 73 69 69 78 64 64 65 43 43 28 28 18 18 18 10 8 8 6 6 2 2 2 3 6 6 6 6 3 3 3 3
 38 38 51 56 56 80 61 61 98 98 80 94 94 86 73 73 69 69 78 64 64 65 43 43 28 28 18 18 18 10 8 8 6 6 2 2 2 3 6 6 6 6 3 3 3 3
 33 33 37 48 48 53 66 66 65 65 101 94 94 97 92 92 84 84 90 92 92 76 59 59 39 39 23 16 16 9 5 5 5 5 5 5 5 7 6 6 5 5 4 3 3 2
 35 35 37 41 41 47 61 61 70 70 97 97 97 118 101 101 79 79 82 84 84 64 51 51 35 35 18 17 17 12 5 5 7 7 12 11 11 7 6 6 3 3 1 1 1 0
 35 35 37 41 41 47 61 61 70 70 97 97 97 118 101 101 79 79 82 84 84 64 51 51 35 35 18 17 17 12 5 5 7 7 12 11 11 7 6 6 3 3 1 1 1 0
 35 35 36 48 48 70 68 68 93 93 94 105 105 116 103 103 78 78 68 67 67 34 37 37 33 33 23 19 19 18 8 8 7 7 9 11 11 6 3 3 2 2 0 0 0 0
 35 35 36 48 48 70 68 68 93 93 94 105 105 116 103 103 78 78 68 67 67 34 37 37 33 33 23 19 19 18 8 8 7 7 9 11 11 6 3 3 2 2 0 0 0 0
 64 64 54 71 71 189 77 77 95 95 107 185 185 93 93 93 87 87 72 74 74 53 42 42 36 36 26 20 20 18 17 17 16 16 11 7 7 4 2 2 2 2 0 0 0 0
 61 61 59 65 65 179 230 230 250 250 287 245 245 102 95 95 99 99 91 77 77 81 69 69 43 43 36 20 20 16 17 17 16 16 11 6 6 2 2 2 2 2 1 1 1 1
 61 61 59 65 65 179 230 230 250 250 287 245 245 102 95 95 99 99 91 77 77 81 69 69 43 43 36 20 20 16 17 17 16 16 11 6 6 2 2 2 2 2 1 1 1 1
 61 61 59 68 68 190 196 196 249 249 267 201 201 167 96 96 87 87 87 83 83 90 87 87 46 46 52 24 24 16 15 15 10 10 8 4 4 3 3 3 2 2 2 0 0 0
 45 45 50 65 65 183 211 211 245 245 238 87 87 81 95 95 86 86 91 90 90 105 83 83 73 73 54 30 30 24 19 19 17 17 12 12 12 6 3 3 4 4 2 1 1 1
 45 45 50 65 65 183 211 211 245 245 238 87 87 81 95 95 86 86 91 90 90 105 83 83 73 73 54 30 30 24 19 19 17 17 12 12 12 6 3 3 4 4 2 1 1 1
 52 52 60 173 173 178 88 88 112 112 158 68 68 61 84 84 94 94 102 111 111 112 93 93 74 74 70 48 48 31 27 27 32 32 21 13 13 10 5 5 3 3 3 2 2 1
 52 52 60 173 173 178 88 88 112 112 158 68 68 61 84 84 94 94 102 111 111 112 93 93 74 74 70 48 48 31 27 27 32 32 21 13 13 10 5 5 3 3 3 2 2 1
 39 39 40 39 39 173 68 68 66 66 162 101 101 62 97 97 95 95 95 94 94 98 98 98 95 95 80 55 55 43 31 31 33 33 22 19 19 17 6 6 3 3 3 1 1 0
 33 33 38 33 33 31 41 41 46 46 72 88 88 80 96 96 105 105 102 102 102 94 86 86 105 105 78 66 66 52 40 40 40 40 27 20 20 16 10 10 5 5 5 2 2 1
 33 33 38 33 33 31 41 41 46 46 72 88 88 80 96 96 105 105 102 102 102 94 86 86 105 105 78 66 66 52 40 40 40 40 27 20 20 16 10 10 5 5 5 2 2 1
 43 43 37 39 39 41 37 37 47 47 70 179 179 95 64 64 85 85 90 100 100 110 92 92 123 123 76 64 64 39 44 44 41 41 35 24 24 18 15 15 7 7 8 3 3 3
 23 23 26 33 33 42 44 44 53 53 60 82 82 94 154 154 90 90 104 97 97 119 109 109 102 102 119 68 68 49 50 50 45 45 44 31 31 24 19 19 10 10 8 6 6 4
 23 23 26 33 33 42 44 44 53 53 60 82 82 94 154 154 90 90 104 97 97 119 109 109 102 102 119 68 68 49 50 50 45 45 44 31 31 24 19 19 10 10 8 6 6 4
 27 27 24 25 25 25 29 29 48 48 60 89 89 98 154 154 162 162 194 176 176 174 120 120 124 124 104 85 85 85 46 46 48 48 36 27 27 18 22 22 15 15 13 10 10 6
 27 27 24 25 25 25 29 29 48 48 60 89 89 98 154 154 162 162 194 176 176 174 120 120 124 124 104 85 85 85 46 46 48 48 36 27 27 18 22 22 15 15 13 10 10 6
 26 26 26 32 32 26 25 25 37 37 49 81 81 95 156 156 232 232 203 185 185 185 133 133 108 108 99 94 94 90 57 57 52 52 40 28 28 25 23 23 16 16 17 13 13 10
 32 32 32 35 35 35 47 47 100 100 108 252 252 75 130 130 212 212 229 154 154 115 124 124 110 110 116 106 106 81 58 58 50 50 41 32 32 21 18 18 18 18 15 14 14 12
 32 32 32 35 35 35 47 47 100 100 108 252 252 75 130 130 212 212 229 154 154 115 124 124 110 110 116 106 106 81 58 58 50 50 41 32 32 21 18 18 18 18 15 14 14 12
 35 35 39 57 57 85 81 81 165 165 114 300 300 109 94 94 72 72 69 82 82 111 105 105 94 94 95 75 75 83 71 71 42 42 41 36 36 25 22 22 23 23 15 13 13 11
 29 29 35 57 57 82 108 108 184 184 247 298 298 118 112 112 66 66 66 76 76 71 72 72 78 78 85 75 75 70 69 69 58 58 36 30 30 26 22 22 25 25 16 12 12 10
 29 29 35 57 57 82 108 108 184 184 247 298 298 118 112 112 66 66 66 76 76 71 72 72 78 78 85 75 75 70 69 69 58 58 36 30 30 26 22 22 25 25 16 12 12 10
 29 29 37 44 44 58 85 85 95 95 97 262 262 144 60 60 66 66 48 58 58 56 67 67 72 72 79 69 69 78 69 69 54 54 44 26 26 22 15 15 15 15 17 10 10 7
 29 29 37 44 44 58 85 85 95 95 97 262 262 144 60 60 66 66 48 58 58 56 67 67 72 72 79 69 69 78 69 69 54 54 44 26 26 22 15 15 15 15 17 10 10 7
 21 21 25 34 34 39 56 56 71 71 69 80 80 79 84 84 76 76 182 85 85 73 64 64 63 63 58 70 70 63 65 65 54 54 41 25 25 18 15 15 18 18 16 10 10 7
 25 25 23 32 32 33 46 46 61 61 65 79 79 77 73 73 79 79 108 90 90 85 65 65 61 61 54 49 49 52 47 47 35 35 33 29 29 23 17 17 21 21 15 12 12 7
 25 25 23 32 32 33 46 46 61 61 65 79 79 77 73 73 79 79 108 90 90 85 65 65 61 61 54 49 49 52 47 47 35 35 33 29 29 23 17 17 21 21 15 12 12 7
 31 31 24 26 26 28 46 46 61 61 73 71 71 72 97 97 107 107 88 81 81 94 70 70 68 68 61 50 50 56 56 56 44 44 30 28 28 22 19 19 21 21 19 17 17 11
 32 32 33 32 32 52 66 66 86 86 82 86 86 79 108 108 160 160 173 139 139 112 89 89 79 79 64 49 49 64 56 56 57 57 47 47 47 42 25 25 23 23 22 21 21 11
 32 32 33 32 32 52 66 66 86 86 82 86 86 79 108 108 160 160 173 139 139 112 89 89 79 79 64 49 49 64 56 56 57 57 47 47 47 42 25 25 23 23 22 21 21 11
 33 33 44 46 46 55 60 60 73 73 75 72 72 119 130 130 155 155 197 162 162 91 88 88 81 81 73 64 64 62 60 60 51 51 49 56 56 42 29 29 23 23 23 16 16 15
 33 33 44 46 46 55 60 60 73 73 75 72 72 119 130 130 155 155 197 162 162 91 88 88 81 81 73 64 64 62 60 60 51 51 49 56 56 42 29 29 23 23 23 16 16 15
 29 29 51 55 55 69 77 77 79 79 73 69 69 80 102 102 132 132 177 161 161 128 89 89 80 80 78 74 74 78 71 71 58 58 50 57 57 55 42 42 24 24 24 22 22 15
 27 27 30 50 50 52 80 80 79 79 69 70 70 94 73 73 89 89 93 154 154 105 95 95 80 80 72 87 87 67 68 68 56 56 41 40 40 34 40 40 26 26 25 21 21 11
 27 27 30 50 50 52 80 80 79 79 69 70 70 94 73 73 89 89 93 154 154 105 95 95 80 80 72 87 87 67 68 68 56 56 41 40 40 34 40 40 26 26 25 21 21 11
 22 22 23 39 39 43 64 64 67 67 47 167 167 104 83 83 73 73 77 96 96 104 68 68 69 69 61 68 68 47 37 37 42 42 44 48 48 36 38 38 29 29 31 23 23 8
 17 17 18 33 33 34 154 154 153 153 150 153 153 66 72 72 118 118 71 70 70 60 60 60 70 70 61 53 53 42 31 31 40 40 34 30 30 28 31 31 37 37 34 19 19 11
 17 17 18 33 33 34 154 154 153 153 150 153 153 66 72 72 118 118 71 70 70 60 60 60 70 70 61 53 53 42 31 31 40 40 34 30 30 28 31 31 37 37 34 19 19 11
 10 10 10 28 28 28 146 146 57 57 59 74 74 79 129 129 116 116 71 79 79 71 70 70 62 62 49 50 50 36 33 33 29 29 31 35 35 30 28 28 40 40 25 21 21 9
 10 10 10 28 28 28 146 146 57 57 59 74 74 79 129 129 116 116 71 79 79 71 70 70 62 62 49 50 50 36 33 33 29 29 31 35 35 30 28 28 40 40 25 21 21 9
 8 8 8 9 9 9 53 53 58 58 59 73 73 30 60 60 56 56 81 77 77 68 98 98 105 105 87 43 43 46 37 37 30 30 30 32 32 30 30 30 35 35 27 21 21 10
 8 8 8 5 5 6 11 11 13 13 23 27 27 43 51 51 44 44 48 38 38 41 61 61 75 75 76 66 66 55 47 47 37 37 33 28 28 30 37 37 30 30 28 12 12 6
 8 8 8 5 5 6 11 11 13 13 23 27 27 43 51 51 44 44 48 38 38 41 61 61 75 75 76 66 66 55 47 47 37 37 33 28 28 30 37 37 30 30 28 12 12 6
 4 4 5 5 5 7 8 8 9 9 10 11 11 15 39 39 33 33 44 36 36 40 48 48 59 59 62 64 64 56 61 61 62 62 56 50 50 48 41 41 27 27 31 15 15 8
 5 5 6 5 5 6 7 7 8 8 11 12 12 16 19 19 19 19 29 32 32 35 47 47 40 40 50 66 66 65 62 62 61 61 62 54 54 50 45 45 45 45 40 21 21 14
 5 5 6 5 5 6 7 7 8 8 11 12 12 16 19 19 19 19 29 32 32 35 47 47 40 40 50 66 66 65 62 62 61 61 62 54 54 50 45 45 45 45 40 21 21 14
 4 4 5 5 5 6 8 8 9 9 9 10 10 13 20 20 19 19 26 30 30 35 42 42 38 38 47 59 59 71 81 81 81 81 76 75 75 62 63 63 37 37 51 28 28 18
 4 4 5 5 5 6 8 8 9 9 9 10 10 13 20 20 19 19 26 30 30 35 42 42 38 38 47 59 59 71 81 81 81 81 76 75 75 62 63 63 37 37 51 28 28 18
 5 5 5 5 5 6 7 7 8 8 8 10 10 12 16 16 20 20 23 30 30 35 41 41 37 37 38 39 39 42 50 50 63 63 62 65 65 65 57 57 30 30 31 44 44 22
 4 4 4 3 3 3 4 4 5 5 6 8 8 11 16 16 24 24 28 37 37 39 44 44 41 41 42 39 39 43 46 46 61 61 59 54 54 51 45 45 39 39 37 44 44 21
 4 4 4 3 3 3 4 4 5 5 6 8 8 11 16 16 24 24 28 37 37 39 44 44 41 41 42 39 39 43 46 46 61 61 59 54 54 51 45 45 39 39 37 44 44 21
 5 5 4 3 3 3 3 3 4 4 5 9 9 12 17 17 22 22 27 32 32 35 41 41 39 39 41 46 46 43 40 40 33 33 42 43 43 35 39 39 44 44 46 46 46 35
 4 4 4 4 4 4 4 4 7 7 9 13 13 14 17 17 22 22 22 27 27 31 34 34 35 35 40 39 39 32 27 27 24 24 33 33 33 31 30 30 27 27 31 38 38 29
