assets/RAT_results_old/precipitation/2019-10-04_IMERG.asc
ncols        46
nrows        77
xllcorner    74.800261325624
yllcorner    8.058333333333
cellsize     0.062500000000
NODATA_value -9999
 18 18 15 1 1 1 1 1 1 1 2 8 8 7 7 7 1 1 1 1 1 10 12 12 2 2 10 4 4 12 6 6 5 5 5 2 2 1 1 1 1 1 2 5 5 6
 21 21 5 0 0 0 0 0 2 2 6 6 6 5 4 4 2 2 1 5 5 3 12 12 14 14 12 10 10 16 13 13 17 17 10 2 2 1 1 1 1 1 1 5 5 7
 21 21 5 0 0 0 0 0 2 2 6 6 6 5 4 4 2 2 1 5 5 3 12 12 14 14 12 10 10 16 13 13 17 17 10 2 2 1 1 1 1 1 1 5 5 7
 14 14 6 0 0 0 0 0 1 1 3 6 6 6 3 3 3 3 8 5 5 10 12 12 10 10 12 14 14 23 31 31 19 19 12 2 2 1 0 0 1 1 1 4 4 6
 14 14 6 6 6 0 0 0 1 1 3 7 7 5 4 4 2 2 4 4 4 2 4 4 6 6 8 39 39 27 18 18 25 25 11 1 1 0 0 0 0 0 1 4 4 5
 14 14 6 6 6 0 0 0 1 1 3 7 7 5 4 4 2 2 4 4 4 2 4 4 6 6 8 39 39 27 18 18 25 25 11 1 1 0 0 0 0 0 1 4 4 5
 12 12 14 10 10 0 0 0 0 0 0 6 6 6 0 0 2 2 0 0 0 0 3 3 1 1 1 1 1 5 5 5 4 4 4 1 1 0 0 0 0 0 0 1 1 3
 12 12 14 10 10 0 0 0 0 0 0 6 6 6 0 0 2 2 0 0 0 0 3 3 1 1 1 1 1 5 5 5 4 4 4 1 1 0 0 0 0 0 0 1 1 3
 43 43 7 7 7 0 0 0 0 0 0 1 1 5 3 3 0 0 0 0 0 0 0 0 0 0 0 0 0 0 1 1 1 1 1 1 1 0 0 0 0 0 0 0 0 1
 29 29 24 23 23 4 3 3 0 0 0 2 2 0 0 0 0 0 0 0 0 0 0 0 0 0 0 0 0 0 0 0 1 1 0 0 0 1 2 2 0 0 0 0 0 1
 29 29 24 23 23 4 3 3 0 0 0 2 2 0 0 0 0 0 0 0 0 0 0 0 0 0 0 0 0 0 0 0 1 1 0 0 0 1 2 2 0 0 0 0 0 1
 121 121 42 3 3 4 3 3 0 0 0 0 0 0 1 1 9 9 0 0 0 0 0 0 0 0 1 1 1 0 2 2 6 6 6 5 5 1 4 4 2 2 1 1 1 0
 130 130 40 17 17 18 18 18 1 1 0 0 0 1 1 1 9 9 4 0 0 0 0 0 1 1 5 10 10 3 2 2 2 2 8 7 7 6 7 7 8 8 1 1 1 1
 130 130 40 17 17 18 18 18 1 1 0 0 0 1 1 1 9 9 4 0 0 0 0 0 1 1 5 10 10 3 2 2 2 2 8 7 7 6 7 7 8 8 1 1 1 1
 97 97 42 15 15 16 1 1 1 1 0 0 0 0 0 0 0 0 0 0 0 0 0 0 1 1 4 7 7 6 4 4 5 5 4 5 5 9 25 25 7 7 6 3 3 2
 97 97 42 15 15 16 1 1 1 1 0 0 0 0 0 0 0 0 0 0 0 0 0 0 1 1 4 7 7 6 4 4 5 5 4 5 5 9 25 25 7 7 6 3 3 2
 70 70 61 7 7 3 0 0 1 1 1 0 0 0 0 0 0 0 0 0 0 0 1 1 4 4 5 10 10 9 9 9 9 9 9 8 8 14 17 17 11 11 14 7 7 4
 15 15 2 14 14 1 0 0 0 0 1 1 1 0 0 0 0 0 0 1 1 2 4 4 7 7 16 20 20 16 21 21 15 15 12 15 15 16 16 16 15 15 15 9 9 6
 15 15 2 14 14 1 0 0 0 0 1 1 1 0 0 0 0 0 0 1 1 2 4 4 7 7 16 20 20 16 21 21 15 15 12 15 15 16 16 16 15 15 15 9 9 6
 6 6 2 0 0 0 0 0 0 0 0 0 0 1 0 0 0 0 1 1 1 4 8 8 14 14 13 17 17 19 37 37 14 14 17 25 25 22 17 17 13 13 13 12 12 10
 7 7 2 0 0 0 0 0 0 0 0 1 1 1 1 1 0 0 0 5 5 6 6 6 4 4 9 18 18 36 37 37 12 12 9 13 13 49 40 40 16 16 16 17 17 14
 7 7 2 0 0 0 0 0 0 0 0 1 1 1 1 1 0 0 0 5 5 6 6 6 4 4 9 18 18 36 37 37 12 12 9 13 13 49 40 40 16 16 16 17 17 14
 7 7 3 3 3 2 2 2 2 2 0 1 1 1 1 1 1 1 0 5 5 1 1 1 0 0 4 19 19 27 16 16 5 5 2 9 9 29 32 32 16 16 17 16 16 12
 7 7 3 3 3 2 2 2 2 2 0 1 1 1 1 1 1 1 0 5 5 1 1 1 0 0 4 19 19 27 16 16 5 5 2 9 9 29 32 32 16 16 17 16 16 12
 6 6 3 4 4 4 3 3 3 3 1 0 0 1 1 1 0 0 0 0 0 1 0 0 0 0 1 1 1 3 6 6 2 2 2 2 2 6 7 7 14 14 17 13 13 8
 7 7 8 5 5 5 5 5 3 3 0 0 0 0 1 1 1 1 0 0 0 0 0 0 3 3 2 1 1 2 1 1 1 1 1 1 1 4 6 6 9 9 10 7 7 5
 7 7 8 5 5 5 5 5 3 3 0 0 0 0 1 1 1 1 0 0 0 0 0 0 3 3 2 1 1 2 1 1 1 1 1 1 1 4 6 6 9 9 10 7 7 5
 7 7 8 8 8 6 3 3 3 3 0 0 0 0 0 0 1 1 0 0 0 0 1 1 1 1 1 0 0 0 0 0 0 0 0 0 0 3 3 3 6 6 8 7 7 5
 3 3 6 6 6 6 2 2 1 1 1 0 0 0 0 0 1 1 0 0 0 0 0 0 1 1 0 0 0 0 0 0 1 1 0 3 3 0 0 0 5 5 5 7 7 4
 3 3 6 6 6 6 2 2 1 1 1 0 0 0 0 0 1 1 0 0 0 0 0 0 1 1 0 0 0 0 0 0 1 1 0 3 3 0 0 0 5 5 5 7 7 4
 3 3 3 6 6 2 2 2 1 1 2 1 1 0 0 0 1 1 1 0 0 0 0 0 0 0 0 0 0 0 0 0 0 0 0 0 0 0 1 1 5 5 6 9 9 1
 3 3 3 6 6 2 2 2 1 1 2 1 1 0 0 0 1 1 1 0 0 0 0 0 0 0 0 0 0 0 0 0 0 0 0 0 0 0 1 1 5 5 6 9 9 1
 2 2 1 5 5 2 1 1 1 1 2 2 2 0 0 0 1 1 1 0 0 0 0 0 0 0 0 1 1 1 1 1 0 0 0 0 0 0 0 0 2 2 10 5 5 0
 0 0 1 1 1 1 1 1 1 1 2 3 3 1 0 0 0 0 1 0 0 0 0 0 0 0 0 0 0 0 0 0 0 0 0 0 0 0 1 1 3 3 7 1 1 0
 0 0 1 1 1 1 1 1 1 1 2 3 3 1 0 0 0 0 1 0 0 0 0 0 0 0 0 0 0 0 0 0 0 0 0 0 0 0 1 1 3 3 7 1 1 0
 0 0 0 1 1 1 1 1 1 1 1 0 0 0 0 0 0 0 1 0 0 0 0 0 0 0 0 0 0 0 0 0 0 0 1 1 1 0 1 1 1 1 1 0 0 0
 0 0 0 0 0 1 0 0 0 0 0 0 0 0 0 0 0 0 0 0 0 0 0 0 0 0 0 0 0 0 0 0 1 1 1 1 1 4 1 1 1 1 1 0 0 0
 0 0 0 0 0 1 0 0 0 0 0 0 0 0 0 0 0 0 0 0 0 0 0 0 0 0 0 0 0 0 0 0 1 1 1 1 1 4 1 1 1 1 1 0 0 0
 0 0 0 0 0 0 0 0 0 0 0 0 0 0 0 0 0 0 0 0 0 1 0 0 0 0 0 1 1 1 1 1 4 4 4 4 4 4 1 1 2 2 1 1 1 0
 0 0 0 0 0 0 0 0 0 0 0 0 0 0 0 0 0 0 0 0 0 1 0 0 0 0 0 1 1 1 1 1 4 4 4 4 4 4 1 1 2 2 1 1 1 0
 0 0 0 0 0 0 0 0 0 0 0 0 0 0 0 0 0 0 0 1 1 0 1 1 0 0 0 1 1 1 1 1 4 4 4 6 6 10 1 1 1 1 2 0 0 0
 0 0 0 0 0 0 0 0 0 0 0 0 0 0 0 0 0 0 0 0 0 0 1 1 4 4 4 4 4 0 8 8 8 8 7 12 12 12 2 2 2 2 3 1 1 1
 0 0 0 0 0 0 0 0 0 0 0 0 0 0 0 0 0 0 0 0 0 0 1 1 4 4 4 4 4 0 8 8 8 8 7 12 12 12 2 2 2 2 3 1 1 1
 0 0 0 0 0 1 1 1 1 1 1 1 1 1 0 0 0 0 0 0 0 1 5 5 5 5 5 4 4 4 4 4 9 9 1 1 1 5 3 3 3 3 1 1 1 1
 0 0 0 1 1 1 1 1 1 1 1 2 2 1 2 2 1 1 1 1 1 0 2 2 8 8 8 8 8 0 0 0 0 0 1 1 1 3 2 2 1 1 2 2 2 0
 0 0 0 1 1 1 1 1 1 1 1 2 2 1 2 2 1 1 1 1 1 0 2 2 8 8 8 8 8 0 0 0 0 0 1 1 1 3 2 2 1 1 2 2 2 0
 0 0 0 1 1 1 1 1 1 1 1 1 1 4 5 5 5 5 4 1 1 1 1 1 9 9 7 11 11 0 0 0 1 1 1 0 0 0 1 1 1 1 2 2 2 0
 0 0 0 1 1 1 1 1 1 1 1 1 1 4 5 5 5 5 4 1 1 1 1 1 9 9 7 11 11 0 0 0 1 1 1 0 0 0 1 1 1 1 2 2 2 0
 0 0 1 2 2 2 6 6 1 1 1 3 3 3 4 4 8 8 5 1 1 1 0 0 12 12 11 11 11 0 0 0 0 0 0 0 0 0 0 0 0 0 0 0 0 0
 0 0 0 2 2 3 1 1 1 1 1 3 3 5 3 3 2 2 1 1 1 0 0 0 11 11 10 10 10 10 0 0 0 0 0 0 0 0 0 0 1 1 2 2 2 1
 0 0 0 2 2 3 1 1 1 1 1 3 3 5 3 3 2 2 1 1 1 0 0 0 11 11 10 10 10 10 0 0 0 0 0 0 0 0 0 0 1 1 2 2 2 1
 0 0 1 1 1 2 1 1 1 1 1 1 1 4 2 2 2 2 1 0 0 0 0 0 10 10 10 0 0 0 0 0 0 0 0 0 0 0 0 0 0 0 1 1 1 1
 1 1 1 1 1 0 0 0 1 1 2 1 1 3 6 6 4 4 4 2 2 0 0 0 1 1 1 0 0 0 0 0 0 0 0 0 0 1 0 0 0 0 0 0 0 0
 1 1 1 1 1 0 0 0 1 1 2 1 1 3 6 6 4 4 4 2 2 0 0 0 1 1 1 0 0 0 0 0 0 0 0 0 0 1 0 0 0 0 0 0 0 0
 1 1 1 1 1 1 0 0 1 1 2 1 1 1 6 6 17 17 22 10 10 1 0 0 0 0 1 0 0 0 0 0 3 3 0 0 0 0 0 0 0 0 0 0 0 0
 1 1 1 1 1 1 0 0 1 1 2 1 1 1 6 6 17 17 22 10 10 1 0 0 0 0 1 0 0 0 0 0 3 3 0 0 0 0 0 0 0 0 0 0 0 0
 1 1 0 0 0 1 0 0 1 1 2 3 3 1 1 1 6 6 20 22 22 7 1 1 0 0 1 0 0 0 0 0 3 3 3 4 4 0 0 0 0 0 0 0 0 0
 1 1 0 0 0 0 1 1 1 1 2 1 1 1 0 0 2 2 15 21 21 21 3 3 0 0 0 0 0 0 0 0 0 0 6 1 1 0 0 0 0 0 0 0 0 0
 1 1 0 0 0 0 1 1 1 1 2 1 1 1 0 0 2 2 15 21 21 21 3 3 0 0 0 0 0 0 0 0 0 0 6 1 1 0 0 0 0 0 0 0 0 0
 0 0 0 1 1 1 0 0 0 0 0 0 0 0 0 0 0 0 2 12 12 13 9 9 0 0 1 1 1 0 0 0 0 0 2 0 0 0 0 0 0 0 0 0 0 0
 0 0 0 0 0 0 0 0 0 0 0 0 0 0 0 0 0 0 1 1 1 1 0 0 1 1 0 1 1 1 0 0 0 0 0 0 0 0 0 0 0 0 0 0 0 0
 0 0 0 0 0 0 0 0 0 0 0 0 0 0 0 0 0 0 1 1 1 1 0 0 1 1 0 1 1 1 0 0 0 0 0 0 0 0 0 0 0 0 0 0 0 0
 0 0 0 0 0 0 0 0 0 0 0 0 0 0 0 0 0 0 1 2 2 1 0 0 0 0 0 1 1 1 0 0 0 0 0 0 0 0 0 0 0 0 0 0 0 0
 0 0 0 0 0 0 0 0 0 0 0 0 0 0 0 0 0 0 1 2 2 1 0 0 0 0 0 1 1 1 0 0 0 0 0 0 0 0 0 0 0 0 0 0 0 0
 0 0 0 0 0 0 0 0 0 0 0 0 0 0 0 0 0 0 0 2 2 2 1 1 1 1 1 0 0 1 0 0 0 0 0 0 0 0 0 0 0 0 0 0 0 0
 0 0 0 0 0 0 0 0 0 0 0 0 0 0 0 0 0 0 0 1 1 2 1 1 3 3 1 1 1 1 0 0 0 0 0 0 0 0 0 0 0 0 0 0 0 0
 0 0 0 0 0 0 0 0 0 0 0 0 0 0 0 0 0 0 0 1 1 2 1 1 3 3 1 1 1 1 0 0 0 0 0 0 0 0 0 0 0 0 0 0 0 0
 0 0 0 0 0 0 0 0 0 0 0 0 0 0 0 0 0 0 0 0 0 0 0 0 2 2 2 1 1 0 1 1 0 0 0 0 0 0 0 0 0 0 0 0 0 0
 0 0 0 0 0 0 0 0 0 0 0 0 0 0 0 0 0 0 0 0 0 0 0 0 3 3 3 1 1 4 3 3 1 1 0 0 0 0 0 0 0 0 1 1 1 0
 0 0 0 0 0 0 0 0 0 0 0 0 0 0 0 0 0 0 0 0 0 0 0 0 3 3 3 1 1 4 3 3 1 1 0 0 0 0 0 0 0 0 1 1 1 0
 0 0 0 0 0 0 0 0 0 0 0 0 0 1 0 0 0 0 0 0 0 0 0 0 1 1 1 2 2 1 4 4 0 0 1 0 0 1 0 0 0 0 0 1 1 0
 0 0 0 0 0 0 0 0 0 0 0 0 0 1 0 0 0 0 0 0 0 0 0 0 1 1 1 2 2 1 4 4 0 0 1 0 0 1 0 0 0 0 0 1 1 0
 0 0 0 0 0 0 0 0 0 0 0 0 0 0 0 0 0 0 1 0 0 0 0 0 0 0 1 0 0 0 0 0 6 6 7 11 11 11 0 0 0 0 0 1 1 1
 0 0 0 0 0 0 0 0 0 0 0 0 0 0 0 0 1 1 1 1 1 1 0 0 0 0 0 0 0 0 0 0 0 0 6 9 9 11 11 11 6 6 8 2 2 8
 0 0 0 0 0 0 0 0 0 0 0 0 0 0 0 0 1 1 1 1 1 1 0 0 0 0 0 0 0 0 0 0 0 0 6 9 9 11 11 11 6 6 8 2 2 8
 2 2 0 0 0 0 0 0 0 0 0 0 0 0 0 0 1 1 1 0 0 0 0 0 0 0 0 0 0 0 0 0 0 0 0 10 10 10 12 12 3 3 4 2 2 6
 3 3 2 0 0 0 0 0 0 0 0 0 0 0 0 0 0 0 0 0 0 0 0 0 0 0 0 0 0 0 0 0 0 0 0 0 0 11 3 3 4 4 4 8 8 9
