assets/RAT_results_old/precipitation/2019-04-17_IMERG.asc
ncols        46
nrows        77
xllcorner    74.800261325624
yllcorner    8.058333333333
cellsize     0.062500000000
NODATA_value -9999
 1 1 0 0 0 0 0 0 0 0 0 1 1 1 1 1 0 0 0 1 1 4 15 15 9 9 6 4 4 2 1 1 0 0 0 0 0 3 13 13 12 12 12 8 8 7
 1 1 1 0 0 0 0 0 0 0 0 1 1 1 1 1 1 1 1 3 3 14 24 24 15 15 6 8 8 6 5 5 0 0 0 1 1 5 15 15 11 11 13 7 7 2
 1 1 1 0 0 0 0 0 0 0 0 1 1 1 1 1 1 1 1 3 3 14 24 24 15 15 6 8 8 6 5 5 0 0 0 1 1 5 15 15 11 11 13 7 7 2
 1 1 1 0 0 0 0 0 0 0 0 1 1 2 2 2 2 2 3 14 14 36 23 23 19 19 16 8 8 7 5 5 0 0 3 2 2 9 8 8 7 7 4 2 2 3
 0 0 1 1 1 1 0 0 0 0 0 1 1 2 4 4 4 4 10 26 26 21 21 21 24 24 21 14 14 7 5 5 0 0 2 2 2 6 3 3 8 8 5 2 2 3
 0 0 1 1 1 1 0 0 0 0 0 1 1 2 4 4 4 4 10 26 26 21 21 21 24 24 21 14 14 7 5 5 0 0 2 2 2 6 3 3 8 8 5 2 2 3
 0 0 0 1 1 1 1 1 0 0 0 0 0 2 5 5 8 8 15 25 25 32 36 36 32 32 19 15 15 9 2 2 0 0 1 0 0 4 4 4 5 5 4 3 3 5
 0 0 0 1 1 1 1 1 0 0 0 0 0 2 5 5 8 8 15 25 25 32 36 36 32 32 19 15 15 9 2 2 0 0 1 0 0 4 4 4 5 5 4 3 3 5
 0 0 0 1 1 1 1 1 0 0 0 1 1 3 13 13 13 13 26 35 35 35 25 25 23 23 11 9 9 8 5 5 0 0 0 0 0 1 3 3 3 3 2 1 1 7
 0 0 0 1 1 1 1 1 0 0 13 9 9 10 12 12 9 9 25 35 35 32 24 24 20 20 14 6 6 11 1 1 0 0 0 0 0 4 7 7 7 7 3 1 1 9
 0 0 0 1 1 1 1 1 0 0 13 9 9 10 12 12 9 9 25 35 35 32 24 24 20 20 14 6 6 11 1 1 0 0 0 0 0 4 7 7 7 7 3 1 1 9
 0 0 0 0 0 2 1 1 1 1 15 19 19 21 18 18 19 19 17 31 31 30 26 26 18 18 17 8 8 6 1 1 1 1 1 4 4 5 9 9 8 8 3 4 4 2
 0 0 0 0 0 2 2 2 1 1 16 26 26 27 26 26 23 23 21 25 25 76 39 39 18 18 18 9 9 7 1 1 2 2 2 3 3 6 16 16 11 11 25 2 2 0
 0 0 0 0 0 2 2 2 1 1 16 26 26 27 26 26 23 23 21 25 25 76 39 39 18 18 18 9 9 7 1 1 2 2 2 3 3 6 16 16 11 11 25 2 2 0
 0 0 0 0 0 1 2 2 2 2 13 15 15 28 27 27 35 35 32 70 70 72 77 77 44 44 24 24 24 8 7 7 2 2 4 3 3 7 33 33 14 14 10 0 0 0
 0 0 0 0 0 1 2 2 2 2 13 15 15 28 27 27 35 35 32 70 70 72 77 77 44 44 24 24 24 8 7 7 2 2 4 3 3 7 33 33 14 14 10 0 0 0
 1 1 1 0 0 1 1 1 3 3 14 18 18 28 29 29 26 26 27 68 68 83 92 92 97 97 22 21 21 9 8 8 6 6 3 3 3 5 24 24 12 12 6 0 0 0
 1 1 1 0 0 1 1 1 2 2 11 15 15 24 29 29 27 27 63 76 76 74 71 71 106 106 28 24 24 13 11 11 9 9 3 4 4 3 11 11 12 12 4 0 0 0
 1 1 1 0 0 1 1 1 2 2 11 15 15 24 29 29 27 27 63 76 76 74 71 71 106 106 28 24 24 13 11 11 9 9 3 4 4 3 11 11 12 12 4 0 0 0
 1 1 1 0 0 1 1 1 2 2 8 16 16 18 19 19 21 21 55 59 59 57 47 47 94 94 36 30 30 15 19 19 30 30 14 4 4 11 3 3 6 6 3 0 0 0
 2 2 1 0 0 0 1 1 2 2 5 12 12 15 16 16 10 10 46 54 54 54 54 54 64 64 56 29 29 18 21 21 31 31 10 3 3 4 4 4 3 3 0 0 0 0
 2 2 1 0 0 0 1 1 2 2 5 12 12 15 16 16 10 10 46 54 54 54 54 54 64 64 56 29 29 18 21 21 31 31 10 3 3 4 4 4 3 3 0 0 0 0
 2 2 1 0 0 0 0 0 1 1 2 5 5 10 10 10 10 10 49 56 56 74 73 73 59 59 81 31 31 25 20 20 20 20 12 4 4 7 7 7 2 2 0 0 0 0
 2 2 1 0 0 0 0 0 1 1 2 5 5 10 10 10 10 10 49 56 56 74 73 73 59 59 81 31 31 25 20 20 20 20 12 4 4 7 7 7 2 2 0 0 0 0
 2 2 1 0 0 0 0 0 0 0 1 2 2 6 8 8 10 10 16 62 62 99 98 98 70 70 46 28 28 25 25 25 9 9 1 0 0 2 4 4 1 1 0 0 0 0
 2 2 1 0 0 0 0 0 0 0 1 1 1 3 6 6 17 17 15 62 62 90 88 88 46 46 70 48 48 28 35 35 4 4 4 4 4 4 4 4 0 0 0 0 0 0
 2 2 1 0 0 0 0 0 0 0 1 1 1 3 6 6 17 17 15 62 62 90 88 88 46 46 70 48 48 28 35 35 4 4 4 4 4 4 4 4 0 0 0 0 0 0
 2 2 1 0 0 0 0 0 1 1 4 2 2 3 5 5 9 9 9 93 93 91 93 93 49 49 65 28 28 35 17 17 2 2 4 6 6 4 1 1 0 0 0 0 0 0
 2 2 1 0 0 0 0 0 1 1 7 5 5 5 6 6 8 8 12 39 39 39 51 51 77 77 24 24 24 15 16 16 1 1 2 5 5 5 1 1 0 0 0 0 0 0
 2 2 1 0 0 0 0 0 1 1 7 5 5 5 6 6 8 8 12 39 39 39 51 51 77 77 24 24 24 15 16 16 1 1 2 5 5 5 1 1 0 0 0 0 0 0
 3 3 2 0 0 0 0 0 1 1 3 4 4 9 13 13 16 16 16 49 49 49 61 61 56 56 49 55 55 18 10 10 6 6 5 5 5 5 0 0 0 0 0 0 0 0
 3 3 2 0 0 0 0 0 1 1 3 4 4 9 13 13 16 16 16 49 49 49 61 61 56 56 49 55 55 18 10 10 6 6 5 5 5 5 0 0 0 0 0 0 0 0
 3 3 2 0 0 0 1 1 1 1 2 3 3 5 6 6 10 10 12 10 10 9 22 22 30 30 53 53 53 21 12 12 6 6 6 9 9 8 3 3 3 3 0 0 0 1
 2 2 1 0 0 0 1 1 2 2 3 4 4 4 4 4 4 4 6 10 10 8 12 12 30 30 26 26 26 20 13 13 6 6 11 9 9 4 0 0 1 1 0 1 1 1
 2 2 1 0 0 0 1 1 2 2 3 4 4 4 4 4 4 4 6 10 10 8 12 12 30 30 26 26 26 20 13 13 6 6 11 9 9 4 0 0 1 1 0 1 1 1
 2 2 1 0 0 0 1 1 3 3 4 5 5 6 5 5 5 5 7 12 12 16 13 13 25 25 24 25 25 25 18 18 18 18 9 5 5 4 1 1 2 2 1 0 0 0
 1 1 0 1 1 1 2 2 3 3 4 5 5 6 8 8 9 9 9 12 12 12 18 18 52 52 58 39 39 33 42 42 18 18 7 1 1 0 1 1 2 2 1 0 0 0
 1 1 0 1 1 1 2 2 3 3 4 5 5 6 8 8 9 9 9 12 12 12 18 18 52 52 58 39 39 33 42 42 18 18 7 1 1 0 1 1 2 2 1 0 0 0
 1 1 0 1 1 1 2 2 3 3 5 6 6 8 9 9 8 8 7 9 9 8 9 9 25 25 42 47 47 51 43 43 22 22 24 1 1 1 1 1 1 1 0 1 1 2
 1 1 0 1 1 1 2 2 3 3 5 6 6 8 9 9 8 8 7 9 9 8 9 9 25 25 42 47 47 51 43 43 22 22 24 1 1 1 1 1 1 1 0 1 1 2
 1 1 0 1 1 2 2 2 4 4 7 9 9 12 12 12 11 11 9 9 9 8 9 9 31 31 46 49 49 59 48 48 32 32 28 10 10 1 7 7 1 1 0 1 1 1
 1 1 1 1 1 2 3 3 5 5 9 12 12 15 15 15 14 14 12 10 10 11 23 23 31 31 47 55 55 59 46 46 40 40 29 9 9 8 24 24 13 13 1 1 1 0
 1 1 1 1 1 2 3 3 5 5 9 12 12 15 15 15 14 14 12 10 10 11 23 23 31 31 47 55 55 59 46 46 40 40 29 9 9 8 24 24 13 13 1 1 1 0
 2 2 1 1 1 2 4 4 6 6 11 15 15 17 18 18 16 16 15 12 12 13 24 24 33 33 52 37 37 32 48 48 41 41 17 4 4 9 6 6 9 9 0 1 1 0
 4 4 2 2 2 2 4 4 6 6 10 14 14 16 18 18 17 17 16 14 14 39 99 99 95 95 27 50 50 44 46 46 32 32 18 2 2 3 8 8 1 1 0 1 1 1
 4 4 2 2 2 2 4 4 6 6 10 14 14 16 18 18 17 17 16 14 14 39 99 99 95 95 27 50 50 44 46 46 32 32 18 2 2 3 8 8 1 1 0 1 1 1
 7 7 4 2 2 2 3 3 5 5 8 11 11 14 16 16 16 16 15 13 13 38 40 40 98 98 79 58 58 38 44 44 31 31 17 1 1 1 1 1 1 1 1 2 2 3
 7 7 4 2 2 2 3 3 5 5 8 11 11 14 16 16 16 16 15 13 13 38 40 40 98 98 79 58 58 38 44 44 31 31 17 1 1 1 1 1 1 1 1 2 2 3
 7 7 7 3 3 2 2 2 3 3 5 6 6 8 11 11 12 12 12 11 11 39 50 50 80 80 81 91 91 85 81 81 64 64 32 33 33 8 3 3 3 3 1 2 2 3
 3 3 7 4 4 2 1 1 1 1 2 3 3 4 7 7 11 11 13 13 13 56 57 57 109 109 105 76 76 72 72 72 57 57 39 52 52 30 2 2 1 1 1 2 2 1
 3 3 7 4 4 2 1 1 1 1 2 3 3 4 7 7 11 11 13 13 13 56 57 57 109 109 105 76 76 72 72 72 57 57 39 52 52 30 2 2 1 1 1 2 2 1
 1 1 4 2 2 1 0 0 1 1 1 3 3 5 7 7 9 9 9 7 7 10 48 48 40 40 47 64 64 81 77 77 65 65 62 53 53 26 1 1 1 1 1 1 1 0
 1 1 1 0 0 0 1 1 1 1 2 2 2 3 5 5 7 7 8 8 8 10 35 35 39 39 41 36 36 63 44 44 32 32 34 23 23 9 1 1 0 0 0 1 1 2
 1 1 1 0 0 0 1 1 1 1 2 2 2 3 5 5 7 7 8 8 8 10 35 35 39 39 41 36 36 63 44 44 32 32 34 23 23 9 1 1 0 0 0 1 1 2
 0 0 1 1 1 1 1 1 1 1 3 4 4 4 6 6 8 8 9 11 11 12 13 13 13 13 23 32 32 34 41 41 35 35 22 23 23 0 1 1 1 1 1 0 0 2
 0 0 1 1 1 1 1 1 1 1 3 4 4 4 6 6 8 8 9 11 11 12 13 13 13 13 23 32 32 34 41 41 35 35 22 23 23 0 1 1 1 1 1 0 0 2
 0 0 1 1 1 1 1 1 2 2 4 7 7 7 8 8 10 10 13 17 17 19 18 18 18 18 24 24 24 23 22 22 33 33 13 12 12 1 3 3 3 3 1 7 7 2
 1 1 1 1 1 2 2 2 3 3 5 9 9 8 9 9 13 13 17 22 22 23 21 21 17 17 18 23 23 21 38 38 32 32 49 18 18 10 2 2 1 1 1 7 7 2
 1 1 1 1 1 2 2 2 3 3 5 9 9 8 9 9 13 13 17 22 22 23 21 21 17 17 18 23 23 21 38 38 32 32 49 18 18 10 2 2 1 1 1 7 7 2
 1 1 1 1 1 2 2 2 4 4 5 7 7 8 10 10 15 15 21 25 25 25 21 21 28 28 30 29 29 35 36 36 57 57 35 11 11 9 1 1 10 10 20 23 23 13
 2 2 1 2 2 3 3 3 6 6 7 7 7 8 10 10 12 12 17 22 22 23 21 21 29 29 26 31 31 65 101 101 74 74 56 12 12 11 2 2 11 11 12 39 39 21
 2 2 1 2 2 3 3 3 6 6 7 7 7 8 10 10 12 12 17 22 22 23 21 21 29 29 26 31 31 65 101 101 74 74 56 12 12 11 2 2 11 11 12 39 39 21
 2 2 2 2 2 3 5 5 4 4 7 9 9 8 8 8 9 9 12 18 18 21 19 19 38 38 34 58 58 64 82 82 88 88 75 55 55 19 4 4 26 26 34 26 26 23
 2 2 2 2 2 3 5 5 4 4 7 9 9 8 8 8 9 9 12 18 18 21 19 19 38 38 34 58 58 64 82 82 88 88 75 55 55 19 4 4 26 26 34 26 26 23
 2 2 3 2 2 4 10 10 6 6 7 10 10 8 8 8 10 10 10 13 13 16 15 15 12 12 25 60 60 65 108 108 104 104 39 36 36 30 15 15 13 13 41 43 43 17
 5 5 5 3 3 4 6 6 6 6 6 9 9 9 13 13 14 14 9 10 10 12 12 12 10 10 21 8 8 55 81 81 41 41 45 31 31 32 21 21 21 21 37 40 40 29
 5 5 5 3 3 4 6 6 6 6 6 9 9 9 13 13 14 14 9 10 10 12 12 12 10 10 21 8 8 55 81 81 41 41 45 31 31 32 21 21 21 21 37 40 40 29
 4 4 5 3 3 5 6 6 6 6 7 7 7 8 8 8 11 11 9 9 9 9 10 10 9 9 7 5 5 51 39 39 67 67 45 45 45 28 20 20 17 17 44 49 49 34
 4 4 3 3 3 5 8 8 9 9 8 7 7 8 8 8 6 6 7 7 7 12 8 8 8 8 6 6 6 51 54 54 61 61 47 32 32 21 26 26 28 28 49 13 13 10
 4 4 3 3 3 5 8 8 9 9 8 7 7 8 8 8 6 6 7 7 7 12 8 8 8 8 6 6 6 51 54 54 61 61 47 32 32 21 26 26 28 28 49 13 13 10
 4 4 3 4 4 6 11 11 13 13 10 7 7 7 8 8 6 6 5 46 46 54 16 16 10 10 9 7 7 51 51 51 26 26 61 46 46 25 20 20 24 24 24 20 20 67
 4 4 3 4 4 6 11 11 13 13 10 7 7 7 8 8 6 6 5 46 46 54 16 16 10 10 9 7 7 51 51 51 26 26 61 46 46 25 20 20 24 24 24 20 20 67
 4 4 5 6 6 6 10 10 14 14 15 8 8 7 9 9 7 7 7 12 12 50 16 16 14 14 12 11 11 8 6 6 47 47 51 42 42 27 12 12 43 43 27 17 17 34
 4 4 6 8 8 10 12 12 12 12 13 11 11 10 8 8 9 9 10 13 13 13 15 15 16 16 14 11 11 6 5 5 48 48 48 34 34 36 46 46 19 19 18 13 13 9
 4 4 6 8 8 10 12 12 12 12 13 11 11 10 8 8 9 9 10 13 13 13 15 15 16 16 14 11 11 6 5 5 48 48 48 34 34 36 46 46 19 19 18 13 13 9
 4 4 6 9 9 11 12 12 11 11 14 13 13 13 9 9 9 9 9 12 12 10 11 11 14 14 13 10 10 8 7 7 6 6 48 55 55 100 24 24 43 43 41 6 6 4
 5 5 6 9 9 13 13 13 13 13 17 31 31 37 32 32 11 11 8 12 12 8 9 9 11 11 12 12 12 69 9 9 6 6 54 52 52 65 85 85 56 56 38 5 5 2
