assets/RAT_results_old/precipitation/2019-07-25_IMERG.asc
ncols        46
nrows        77
xllcorner    74.800261325624
yllcorner    8.058333333333
cellsize     0.062500000000
NODATA_value -9999
 18 18 21 8 8 4 5 5 6 6 3 1 1 3 6 6 3 3 3 1 1 1 1 1 2 2 2 2 2 3 3 3 2 2 1 1 1 3 8 8 1 1 0 0 0 0
 28 28 18 9 9 4 4 4 1 1 3 6 6 9 9 9 6 6 5 2 2 2 2 2 2 2 2 3 3 2 2 2 1 1 0 0 0 1 7 7 9 9 0 0 0 0
 28 28 18 9 9 4 4 4 1 1 3 6 6 9 9 9 6 6 5 2 2 2 2 2 2 2 2 3 3 2 2 2 1 1 0 0 0 1 7 7 9 9 0 0 0 0
 28 28 22 14 14 11 3 3 2 2 3 9 9 32 14 14 11 11 6 5 5 3 2 2 2 2 2 1 1 1 0 0 0 0 0 0 0 0 2 2 5 5 0 0 0 0
 27 27 26 25 25 8 7 7 1 1 0 7 7 6 12 12 9 9 7 4 4 6 3 3 3 3 2 2 2 1 0 0 0 0 1 1 1 2 2 2 0 0 1 0 0 1
 27 27 26 25 25 8 7 7 1 1 0 7 7 6 12 12 9 9 7 4 4 6 3 3 3 3 2 2 2 1 0 0 0 0 1 1 1 2 2 2 0 0 1 0 0 1
 17 17 19 21 21 11 13 13 6 6 7 0 0 3 4 4 2 2 2 3 3 3 2 2 3 3 2 2 2 0 0 0 0 0 0 0 0 0 0 0 0 0 1 1 1 1
 17 17 19 21 21 11 13 13 6 6 7 0 0 3 4 4 2 2 2 3 3 3 2 2 3 3 2 2 2 0 0 0 0 0 0 0 0 0 0 0 0 0 1 1 1 1
 19 19 22 27 27 27 11 11 10 10 12 12 12 11 11 11 3 3 0 1 1 1 1 1 2 2 2 4 4 0 0 0 0 0 0 1 1 1 1 1 1 1 1 1 1 2
 27 27 30 29 29 29 27 27 15 15 6 11 11 17 22 22 5 5 6 4 4 2 2 2 0 0 2 3 3 1 0 0 3 3 2 1 1 1 1 1 2 2 2 1 1 3
 27 27 30 29 29 29 27 27 15 15 6 11 11 17 22 22 5 5 6 4 4 2 2 2 0 0 2 3 3 1 0 0 3 3 2 1 1 1 1 1 2 2 2 1 1 3
 36 36 32 34 34 30 32 32 20 20 10 5 5 10 2 2 9 9 10 6 6 4 3 3 1 1 3 1 1 2 1 1 1 1 3 2 2 2 2 2 2 2 2 2 2 2
 27 27 34 38 38 36 37 37 24 24 18 5 5 4 3 3 5 5 19 12 12 7 3 3 2 2 1 3 3 3 1 1 1 1 2 3 3 2 2 2 2 2 2 2 2 1
 27 27 34 38 38 36 37 37 24 24 18 5 5 4 3 3 5 5 19 12 12 7 3 3 2 2 1 3 3 3 1 1 1 1 2 3 3 2 2 2 2 2 2 2 2 1
 25 25 45 39 39 41 32 32 30 30 25 23 23 18 2 2 4 4 23 14 14 6 2 2 2 2 2 2 2 1 1 1 1 1 2 2 2 2 2 2 2 2 2 1 1 1
 25 25 45 39 39 41 32 32 30 30 25 23 23 18 2 2 4 4 23 14 14 6 2 2 2 2 2 2 2 1 1 1 1 1 2 2 2 2 2 2 2 2 2 1 1 1
 54 54 32 44 44 35 30 30 24 24 20 13 13 12 5 5 13 13 8 11 11 3 2 2 2 2 2 1 1 1 2 2 2 2 2 2 2 2 2 2 2 2 2 1 1 1
 45 45 36 37 37 33 25 25 20 20 21 18 18 10 6 6 6 6 9 9 9 3 2 2 2 2 2 2 2 2 2 2 2 2 2 1 1 2 2 2 2 2 1 3 3 3
 45 45 36 37 37 33 25 25 20 20 21 18 18 10 6 6 6 6 9 9 9 3 2 2 2 2 2 2 2 2 2 2 2 2 2 1 1 2 2 2 2 2 1 3 3 3
 49 49 42 35 35 35 34 34 16 16 13 13 13 15 14 14 9 9 16 11 11 5 3 3 2 2 2 4 4 7 2 2 2 2 2 1 1 1 2 2 2 2 2 2 2 7
 37 37 56 37 37 24 16 16 20 20 10 12 12 14 13 13 12 12 32 18 18 15 8 8 5 5 6 6 6 4 1 1 1 1 2 1 1 1 2 2 2 2 6 2 2 1
 37 37 56 37 37 24 16 16 20 20 10 12 12 14 13 13 12 12 32 18 18 15 8 8 5 5 6 6 6 4 1 1 1 1 2 1 1 1 2 2 2 2 6 2 2 1
 33 33 30 25 25 14 13 13 11 11 6 8 8 7 13 13 11 11 25 28 28 15 9 9 6 6 21 5 5 3 1 1 3 3 4 1 1 1 1 1 2 2 1 1 1 2
 33 33 30 25 25 14 13 13 11 11 6 8 8 7 13 13 11 11 25 28 28 15 9 9 6 6 21 5 5 3 1 1 3 3 4 1 1 1 1 1 2 2 1 1 1 2
 29 29 17 13 13 11 10 10 7 7 5 3 3 6 7 7 9 9 11 10 10 9 12 12 12 12 5 3 3 3 2 2 3 3 1 1 1 1 1 1 1 1 1 1 1 1
 22 22 14 11 11 9 8 8 6 6 4 7 7 3 5 5 4 4 4 13 13 10 7 7 8 8 5 1 1 2 1 1 1 1 1 1 1 1 1 1 1 1 1 1 1 0
 22 22 14 11 11 9 8 8 6 6 4 7 7 3 5 5 4 4 4 13 13 10 7 7 8 8 5 1 1 2 1 1 1 1 1 1 1 1 1 1 1 1 1 1 1 0
 17 17 17 12 12 9 8 8 4 4 3 3 3 6 3 3 4 4 3 1 1 2 5 5 3 3 6 1 1 1 1 1 1 1 1 1 1 1 1 1 1 1 1 1 1 1
 16 16 13 10 10 8 7 7 6 6 6 4 4 2 2 2 5 5 4 1 1 1 4 4 2 2 1 1 1 1 0 0 0 0 0 0 0 0 1 1 1 1 1 1 1 1
 16 16 13 10 10 8 7 7 6 6 6 4 4 2 2 2 5 5 4 1 1 1 4 4 2 2 1 1 1 1 0 0 0 0 0 0 0 0 1 1 1 1 1 1 1 1
 12 12 12 8 8 8 7 7 6 6 6 4 4 2 2 2 4 4 4 2 2 3 3 3 2 2 1 1 1 0 0 0 0 0 0 0 0 0 0 0 1 1 1 2 2 1
 12 12 12 8 8 8 7 7 6 6 6 4 4 2 2 2 4 4 4 2 2 3 3 3 2 2 1 1 1 0 0 0 0 0 0 0 0 0 0 0 1 1 1 2 2 1
 13 13 9 9 9 8 5 5 5 5 5 5 5 3 2 2 5 5 8 6 6 3 9 9 8 8 4 3 3 0 0 0 0 0 0 0 0 0 0 0 0 0 1 4 4 2
 10 10 10 11 11 10 7 7 5 5 4 5 5 4 2 2 2 2 8 6 6 12 19 19 15 15 6 0 0 2 0 0 0 0 0 1 1 1 1 1 1 1 2 5 5 3
 10 10 10 11 11 10 7 7 5 5 4 5 5 4 2 2 2 2 8 6 6 12 19 19 15 15 6 0 0 2 0 0 0 0 0 1 1 1 1 1 1 1 2 5 5 3
 9 9 9 8 8 9 5 5 4 4 3 3 3 2 1 1 1 1 6 16 16 21 22 22 20 20 3 0 0 1 1 1 1 1 1 2 2 1 1 1 1 1 2 7 7 6
 9 9 9 8 8 5 4 4 3 3 3 1 1 1 1 1 1 1 3 11 11 19 18 18 8 8 7 4 4 3 4 4 3 3 3 2 2 2 1 1 1 1 2 3 3 6
 9 9 9 8 8 5 4 4 3 3 3 1 1 1 1 1 1 1 3 11 11 19 18 18 8 8 7 4 4 3 4 4 3 3 3 2 2 2 1 1 1 1 2 3 3 6
 24 24 6 6 6 5 4 4 3 3 3 3 3 3 1 1 4 4 4 8 8 12 17 17 12 12 13 9 9 10 10 10 7 7 5 4 4 3 2 2 2 2 2 3 3 5
 24 24 6 6 6 5 4 4 3 3 3 3 3 3 1 1 4 4 4 8 8 12 17 17 12 12 13 9 9 10 10 10 7 7 5 4 4 3 2 2 2 2 2 3 3 5
 24 24 6 6 6 4 3 3 2 2 1 1 1 4 2 2 3 3 3 12 12 14 20 20 20 20 32 25 25 10 21 21 9 9 8 5 5 5 3 3 2 2 4 6 6 8
 28 28 5 5 5 4 4 4 4 4 2 2 2 3 2 2 5 5 6 7 7 15 21 21 25 25 33 58 58 15 17 17 10 10 10 7 7 6 4 4 4 4 4 7 7 13
 28 28 5 5 5 4 4 4 4 4 2 2 2 3 2 2 5 5 6 7 7 15 21 21 25 25 33 58 58 15 17 17 10 10 10 7 7 6 4 4 4 4 4 7 7 13
 12 12 7 3 3 5 4 4 5 5 5 4 4 2 3 3 4 4 3 4 4 11 24 24 27 27 49 64 64 30 13 13 13 13 9 6 6 6 5 5 4 4 6 6 6 3
 11 11 6 4 4 3 2 2 4 4 3 5 5 2 3 3 4 4 5 3 3 5 26 26 32 32 39 42 42 52 21 21 13 13 6 5 5 6 6 6 4 4 3 3 3 2
 11 11 6 4 4 3 2 2 4 4 3 5 5 2 3 3 4 4 5 3 3 5 26 26 32 32 39 42 42 52 21 21 13 13 6 5 5 6 6 6 4 4 3 3 3 2
 11 11 7 5 5 2 3 3 4 4 4 3 3 2 3 3 5 5 5 8 8 5 17 17 31 31 35 31 31 23 13 13 12 12 9 4 4 5 4 4 2 2 3 1 1 1
 11 11 7 5 5 2 3 3 4 4 4 3 3 2 3 3 5 5 5 8 8 5 17 17 31 31 35 31 31 23 13 13 12 12 9 4 4 5 4 4 2 2 3 1 1 1
 19 19 17 11 11 6 4 4 3 3 5 3 3 3 4 4 5 5 6 7 7 13 15 15 30 30 28 21 21 18 12 12 12 12 9 4 4 4 2 2 2 2 1 1 1 2
 26 26 21 13 13 9 7 7 7 7 8 3 3 3 4 4 5 5 5 5 5 11 13 13 18 18 13 9 9 14 4 4 7 7 18 5 5 4 2 2 1 1 3 4 4 2
 26 26 21 13 13 9 7 7 7 7 8 3 3 3 4 4 5 5 5 5 5 11 13 13 18 18 13 9 9 14 4 4 7 7 18 5 5 4 2 2 1 1 3 4 4 2
 22 22 17 15 15 10 8 8 8 8 7 2 2 2 3 3 4 4 5 10 10 13 15 15 12 12 10 6 6 4 4 4 6 6 7 6 6 3 2 2 2 2 2 3 3 2
 22 22 21 22 22 16 12 12 8 8 6 4 4 2 2 2 2 2 4 3 3 7 9 9 12 12 7 5 5 3 2 2 2 2 4 4 4 9 3 3 2 2 2 1 1 0
 22 22 21 22 22 16 12 12 8 8 6 4 4 2 2 2 2 2 4 3 3 7 9 9 12 12 7 5 5 3 2 2 2 2 4 4 4 9 3 3 2 2 2 1 1 0
 23 23 24 24 24 22 16 16 10 10 6 4 4 1 1 1 2 2 3 3 3 5 4 4 6 6 5 4 4 2 1 1 1 1 1 3 3 6 3 3 2 2 1 1 1 0
 23 23 24 24 24 22 16 16 10 10 6 4 4 1 1 1 2 2 3 3 3 5 4 4 6 6 5 4 4 2 1 1 1 1 1 3 3 6 3 3 2 2 1 1 1 0
 31 31 22 21 21 20 17 17 10 10 6 5 5 3 0 0 0 0 1 2 2 3 2 2 3 3 4 3 3 1 1 1 1 1 0 0 0 3 2 2 1 1 1 0 0 0
 32 32 31 27 27 16 17 17 12 12 7 6 6 4 1 1 1 1 1 1 1 1 0 0 1 1 2 2 2 1 1 1 1 1 0 0 0 2 0 0 0 0 0 0 0 0
 32 32 31 27 27 16 17 17 12 12 7 6 6 4 1 1 1 1 1 1 1 1 0 0 1 1 2 2 2 1 1 1 1 1 0 0 0 2 0 0 0 0 0 0 0 0
 29 29 21 18 18 14 16 16 11 11 9 7 7 5 3 3 1 1 0 1 1 2 2 2 0 0 2 2 2 1 1 1 1 1 0 0 0 2 0 0 0 0 0 0 0 0
 35 35 22 16 16 12 16 16 13 13 13 10 10 7 4 4 2 2 0 1 1 2 1 1 0 0 0 2 2 1 0 0 0 0 0 0 0 0 0 0 0 0 0 0 0 0
 35 35 22 16 16 12 16 16 13 13 13 10 10 7 4 4 2 2 0 1 1 2 1 1 0 0 0 2 2 1 0 0 0 0 0 0 0 0 0 0 0 0 0 0 0 0
 36 36 20 12 12 9 16 16 16 16 14 12 12 8 5 5 2 2 0 1 1 1 1 1 0 0 0 1 1 2 1 1 0 0 0 0 0 0 1 1 0 0 0 0 0 0
 36 36 20 12 12 9 16 16 16 16 14 12 12 8 5 5 2 2 0 1 1 1 1 1 0 0 0 1 1 2 1 1 0 0 0 0 0 0 1 1 0 0 0 0 0 0
 26 26 18 12 12 24 20 20 17 17 17 10 10 7 5 5 2 2 1 0 0 0 0 0 0 0 0 0 0 2 1 1 1 1 0 0 0 0 1 1 0 0 2 0 0 0
 38 38 27 13 13 25 20 20 15 15 13 10 10 6 5 5 4 4 2 1 1 0 1 1 0 0 0 1 1 3 2 2 1 1 1 0 0 0 2 2 0 0 2 0 0 0
 38 38 27 13 13 25 20 20 15 15 13 10 10 6 5 5 4 4 2 1 1 0 1 1 0 0 0 1 1 3 2 2 1 1 1 0 0 0 2 2 0 0 2 0 0 0
 41 41 31 16 16 10 22 22 16 16 11 9 9 7 5 5 5 5 3 2 2 1 1 1 1 1 1 3 3 3 6 6 4 4 1 0 0 0 0 0 0 0 0 0 0 0
 48 48 42 27 27 31 23 23 17 17 13 9 9 6 5 5 5 5 4 3 3 4 2 2 2 2 2 4 4 5 3 3 4 4 1 0 0 0 0 0 0 0 0 0 0 0
 48 48 42 27 27 31 23 23 17 17 13 9 9 6 5 5 5 5 4 3 3 4 2 2 2 2 2 4 4 5 3 3 4 4 1 0 0 0 0 0 0 0 0 0 0 0
 21 21 26 22 22 29 20 20 18 18 12 10 10 7 6 6 5 5 4 4 4 4 2 2 2 2 2 2 2 2 2 2 1 1 1 1 1 0 0 0 0 0 0 1 1 0
 21 21 26 22 22 29 20 20 18 18 12 10 10 7 6 6 5 5 4 4 4 4 2 2 2 2 2 2 2 2 2 2 1 1 1 1 1 0 0 0 0 0 0 1 1 0
 17 17 18 25 25 22 17 17 14 14 12 9 9 8 7 7 5 5 4 4 4 3 3 3 1 1 1 1 1 1 1 1 1 1 2 1 1 1 1 1 0 0 0 0 0 0
 9 9 12 21 21 22 17 17 16 16 12 9 9 7 7 7 4 4 3 3 3 3 3 3 0 0 0 0 0 0 0 0 0 0 1 0 0 2 0 0 0 0 0 0 0 0
 9 9 12 21 21 22 17 17 16 16 12 9 9 7 7 7 4 4 3 3 3 3 3 3 0 0 0 0 0 0 0 0 0 0 1 0 0 2 0 0 0 0 0 0 0 0
 9 9 9 21 21 18 15 15 13 13 9 7 7 5 5 5 6 6 2 3 3 3 3 3 2 2 0 0 0 0 0 0 0 0 1 0 0 0 1 1 1 1 0 0 0 0
 6 6 6 14 14 12 11 11 9 9 7 7 7 4 4 4 4 4 4 3 3 3 2 2 2 2 2 0 0 0 0 0 0 0 0 0 0 1 0 0 0 0 1 0 0 0
