assets/RAT_results_old/precipitation/2019-08-29_IMERG.asc
ncols        46
nrows        77
xllcorner    74.800261325624
yllcorner    8.058333333333
cellsize     0.062500000000
NODATA_value -9999
 8 8 14 7 7 5 3 3 2 2 2 1 1 1 1 1 0 0 1 1 1 0 0 0 0 0 0 0 0 0 0 0 0 0 0 0 0 0 0 0 0 0 0 0 0 0
 9 9 8 5 5 3 2 2 2 2 1 1 1 2 1 1 1 1 0 0 0 0 0 0 0 0 0 0 0 0 0 0 0 0 1 1 1 1 0 0 0 0 0 0 0 0
 9 9 8 5 5 3 2 2 2 2 1 1 1 2 1 1 1 1 0 0 0 0 0 0 0 0 0 0 0 0 0 0 0 0 1 1 1 1 0 0 0 0 0 0 0 0
 7 7 8 6 6 3 1 1 1 1 1 1 1 1 1 1 0 0 0 0 0 0 0 0 0 0 0 0 0 0 0 0 0 0 0 0 0 1 0 0 0 0 0 0 0 0
 6 6 6 6 6 4 3 3 3 3 3 3 3 2 2 2 1 1 0 0 0 0 0 0 0 0 0 0 0 0 0 0 0 0 0 0 0 0 0 0 1 1 2 2 2 1
 6 6 6 6 6 4 3 3 3 3 3 3 3 2 2 2 1 1 0 0 0 0 0 0 0 0 0 0 0 0 0 0 0 0 0 0 0 0 0 0 1 1 2 2 2 1
 5 5 6 7 7 6 5 5 5 5 4 3 3 2 2 2 2 2 1 0 0 0 0 0 0 0 0 0 0 0 0 0 0 0 0 0 0 1 1 1 3 3 3 4 4 2
 5 5 6 7 7 6 5 5 5 5 4 3 3 2 2 2 2 2 1 0 0 0 0 0 0 0 0 0 0 0 0 0 0 0 0 0 0 1 1 1 3 3 3 4 4 2
 6 6 7 9 9 9 10 10 9 9 8 8 8 7 6 6 4 4 2 1 1 1 0 0 0 0 0 1 1 0 0 0 1 1 1 1 1 1 2 2 5 5 8 7 7 3
 10 10 13 15 15 16 18 18 18 18 14 12 12 10 8 8 5 5 4 2 2 1 1 1 1 1 1 2 2 3 3 3 3 3 2 2 2 2 2 2 4 4 5 5 5 9
 10 10 13 15 15 16 18 18 18 18 14 12 12 10 8 8 5 5 4 2 2 1 1 1 1 1 1 2 2 3 3 3 3 3 2 2 2 2 2 2 4 4 5 5 5 9
 15 15 16 16 16 16 19 19 20 20 17 16 16 13 15 15 10 10 6 3 3 1 1 1 2 2 3 3 3 4 4 4 2 2 2 2 2 2 3 3 3 3 6 7 7 12
 14 14 16 17 17 20 21 21 21 21 17 14 14 11 8 8 5 5 3 1 1 1 1 1 1 1 2 2 2 2 2 2 2 2 2 2 2 3 3 3 4 4 6 6 6 12
 14 14 16 17 17 20 21 21 21 21 17 14 14 11 8 8 5 5 3 1 1 1 1 1 1 1 2 2 2 2 2 2 2 2 2 2 2 3 3 3 4 4 6 6 6 12
 16 16 18 20 20 26 28 28 27 27 22 14 14 8 5 5 4 4 2 3 3 2 2 2 2 2 2 2 2 2 2 2 3 3 3 3 3 4 4 4 7 7 6 8 8 5
 16 16 18 20 20 26 28 28 27 27 22 14 14 8 5 5 4 4 2 3 3 2 2 2 2 2 2 2 2 2 2 2 3 3 3 3 3 4 4 4 7 7 6 8 8 5
 17 17 20 23 23 23 22 22 22 22 31 19 19 13 12 12 8 8 4 4 4 4 3 3 3 3 3 2 2 2 3 3 4 4 7 10 10 10 8 8 14 14 14 9 9 7
 13 13 17 22 22 25 26 26 24 24 25 22 22 21 18 18 12 12 8 8 8 6 4 4 3 3 3 3 3 3 3 3 6 6 6 10 10 14 16 16 18 18 18 12 12 14
 13 13 17 22 22 25 26 26 24 24 25 22 22 21 18 18 12 12 8 8 8 6 4 4 3 3 3 3 3 3 3 3 6 6 6 10 10 14 16 16 18 18 18 12 12 14
 15 15 18 25 25 27 26 26 31 31 30 32 32 30 23 23 16 16 15 17 17 15 9 9 7 7 6 5 5 4 3 3 5 5 5 7 7 9 11 11 12 12 11 11 11 12
 15 15 18 21 21 22 24 24 28 28 31 33 33 34 33 33 31 31 20 14 14 15 16 16 9 9 8 6 6 6 6 6 7 7 8 8 8 9 9 9 8 8 10 8 8 5
 15 15 18 21 21 22 24 24 28 28 31 33 33 34 33 33 31 31 20 14 14 15 16 16 9 9 8 6 6 6 6 6 7 7 8 8 8 9 9 9 8 8 10 8 8 5
 18 18 20 22 22 20 24 24 31 31 34 35 35 38 36 36 23 23 16 9 9 14 13 13 5 5 6 5 5 6 7 7 8 8 8 8 8 8 6 6 5 5 3 3 3 3
 18 18 20 22 22 20 24 24 31 31 34 35 35 38 36 36 23 23 16 9 9 14 13 13 5 5 6 5 5 6 7 7 8 8 8 8 8 8 6 6 5 5 3 3 3 3
 15 15 16 20 20 22 23 23 23 23 25 25 25 30 31 31 28 28 22 14 14 11 8 8 4 4 4 3 3 5 7 7 7 7 7 8 8 8 7 7 6 6 4 3 3 3
 13 13 13 14 14 16 18 18 19 19 23 23 23 23 27 27 22 22 16 11 11 12 12 12 7 7 4 2 2 4 6 6 6 6 6 6 6 6 6 6 5 5 4 3 3 4
 13 13 13 14 14 16 18 18 19 19 23 23 23 23 27 27 22 22 16 11 11 12 12 12 7 7 4 2 2 4 6 6 6 6 6 6 6 6 6 6 5 5 4 3 3 4
 13 13 12 14 14 16 18 18 20 20 20 18 18 22 23 23 25 25 22 19 19 17 20 20 20 20 15 8 8 6 6 6 4 4 5 5 5 5 5 5 5 5 4 3 3 3
 14 14 16 18 18 19 21 21 23 23 25 30 30 28 29 29 33 33 27 21 21 17 17 17 19 19 16 12 12 7 7 7 6 6 6 5 5 5 4 4 4 4 3 2 2 3
 14 14 16 18 18 19 21 21 23 23 25 30 30 28 29 29 33 33 27 21 21 17 17 17 19 19 16 12 12 7 7 7 6 6 6 5 5 5 4 4 4 4 3 2 2 3
 13 13 15 19 19 18 20 20 23 23 28 33 33 34 29 29 33 33 30 27 27 25 19 19 17 17 11 10 10 9 8 8 5 5 5 5 5 4 3 3 2 2 2 2 2 2
 13 13 15 19 19 18 20 20 23 23 28 33 33 34 29 29 33 33 30 27 27 25 19 19 17 17 11 10 10 9 8 8 5 5 5 5 5 4 3 3 2 2 2 2 2 2
 10 10 12 15 15 17 22 22 25 25 28 34 34 35 36 36 38 38 37 37 37 36 30 30 29 29 20 13 13 10 7 7 5 5 4 4 4 4 3 3 3 3 2 2 2 1
 10 10 12 14 14 18 25 25 31 31 32 39 39 41 42 42 40 40 41 41 41 39 39 39 33 33 24 20 20 9 5 5 4 4 3 3 3 2 2 2 2 2 2 1 1 1
 10 10 12 14 14 18 25 25 31 31 32 39 39 41 42 42 40 40 41 41 41 39 39 39 33 33 24 20 20 9 5 5 4 4 3 3 3 2 2 2 2 2 2 1 1 1
 10 10 12 14 14 18 22 22 27 27 33 39 39 45 43 43 42 42 41 40 40 39 41 41 39 39 28 25 25 9 5 5 4 4 3 3 3 3 3 3 2 2 2 1 1 1
 13 13 13 14 14 16 18 18 21 21 25 29 29 33 36 36 38 38 39 40 40 38 42 42 29 29 28 18 18 9 4 4 5 5 4 3 3 2 2 2 2 2 2 2 2 2
 13 13 13 14 14 16 18 18 21 21 25 29 29 33 36 36 38 38 39 40 40 38 42 42 29 29 28 18 18 9 4 4 5 5 4 3 3 2 2 2 2 2 2 2 2 2
 13 13 13 12 12 13 15 15 17 17 19 23 23 25 27 27 31 31 33 33 33 32 30 30 23 23 17 13 13 13 6 6 5 5 3 3 3 3 3 3 3 3 3 3 3 4
 13 13 13 12 12 13 15 15 17 17 19 23 23 25 27 27 31 31 33 33 33 32 30 30 23 23 17 13 13 13 6 6 5 5 3 3 3 3 3 3 3 3 3 3 3 4
 12 12 12 11 11 10 11 11 11 11 13 15 15 16 19 19 21 21 24 34 34 30 31 31 25 25 20 17 17 12 7 7 6 6 3 7 7 3 3 3 3 3 5 4 4 4
 11 11 10 9 9 7 7 7 6 6 6 7 7 8 10 10 13 13 16 22 22 23 24 24 22 22 18 18 18 15 12 12 11 11 9 9 9 9 3 3 4 4 6 5 5 5
 11 11 10 9 9 7 7 7 6 6 6 7 7 8 10 10 13 13 16 22 22 23 24 24 22 22 18 18 18 15 12 12 11 11 9 9 9 9 3 3 4 4 6 5 5 5
 7 7 6 4 4 3 3 3 3 3 3 5 5 6 8 8 14 14 16 15 15 19 21 21 20 20 20 14 14 18 16 16 11 11 8 8 8 6 5 5 5 5 6 6 6 6
 2 2 1 1 1 1 1 1 2 2 2 4 4 5 8 8 14 14 16 16 16 20 26 26 22 22 21 20 20 20 13 13 12 12 7 7 7 6 6 6 6 6 6 6 6 6
 2 2 1 1 1 1 1 1 2 2 2 4 4 5 8 8 14 14 16 16 16 20 26 26 22 22 21 20 20 20 13 13 12 12 7 7 7 6 6 6 6 6 6 6 6 6
 1 1 1 1 1 1 1 1 1 1 2 3 3 5 8 8 10 10 13 20 20 23 22 22 26 26 29 30 30 23 15 15 9 9 9 8 8 7 7 7 6 6 6 5 5 6
 1 1 1 1 1 1 1 1 1 1 2 3 3 5 8 8 10 10 13 20 20 23 22 22 26 26 29 30 30 23 15 15 9 9 9 8 8 7 7 7 6 6 6 5 5 6
 2 2 1 0 0 0 1 1 1 1 4 5 5 5 7 7 9 9 14 19 19 20 22 22 28 28 30 29 29 30 21 21 11 11 12 7 7 6 4 4 5 5 5 5 5 5
 2 2 2 1 1 1 2 2 2 2 4 6 6 8 10 10 11 11 14 17 17 19 23 23 33 33 33 31 31 35 36 36 29 29 24 14 14 12 6 6 5 5 5 4 4 5
 2 2 2 1 1 1 2 2 2 2 4 6 6 8 10 10 11 11 14 17 17 19 23 23 33 33 33 31 31 35 36 36 29 29 24 14 14 12 6 6 5 5 5 4 4 5
 2 2 2 2 2 2 3 3 4 4 5 7 7 8 9 9 14 14 18 21 21 24 27 27 36 36 33 36 36 36 39 39 34 34 31 20 20 14 6 6 5 5 5 4 4 4
 6 6 6 5 5 5 5 5 5 5 6 7 7 8 9 9 16 16 18 22 22 33 35 35 36 36 34 39 39 42 47 47 51 51 44 32 32 19 8 8 4 4 4 3 3 3
 6 6 6 5 5 5 5 5 5 5 6 7 7 8 9 9 16 16 18 22 22 33 35 35 36 36 34 39 39 42 47 47 51 51 44 32 32 19 8 8 4 4 4 3 3 3
 7 7 7 7 7 7 6 6 6 6 6 8 8 7 7 7 13 13 15 18 18 29 31 31 32 32 53 58 58 61 58 58 42 42 43 36 36 22 12 12 7 7 4 2 2 1
 7 7 7 7 7 7 6 6 6 6 6 8 8 7 7 7 13 13 15 18 18 29 31 31 32 32 53 58 58 61 58 58 42 42 43 36 36 22 12 12 7 7 4 2 2 1
 8 8 7 7 7 6 6 6 5 5 5 6 6 6 6 6 11 11 16 36 36 101 101 101 77 77 47 51 51 49 45 45 37 37 39 38 38 25 21 21 14 14 5 2 2 1
 5 5 4 4 4 4 4 4 4 4 4 4 4 6 6 6 9 9 15 12 12 35 82 82 24 24 23 38 38 38 34 34 26 26 31 26 26 18 12 12 6 6 3 1 1 1
 5 5 4 4 4 4 4 4 4 4 4 4 4 6 6 6 9 9 15 12 12 35 82 82 24 24 23 38 38 38 34 34 26 26 31 26 26 18 12 12 6 6 3 1 1 1
 3 3 3 3 3 3 3 3 3 3 3 4 4 5 6 6 6 6 10 12 12 16 27 27 27 27 28 36 36 34 31 31 22 22 20 17 17 18 9 9 5 5 2 0 0 0
 4 4 4 3 3 3 3 3 3 3 3 4 4 5 5 5 5 5 8 10 10 12 22 22 20 20 23 35 35 33 33 33 33 33 30 23 23 22 9 9 1 1 1 0 0 0
 4 4 4 3 3 3 3 3 3 3 3 4 4 5 5 5 5 5 8 10 10 12 22 22 20 20 23 35 35 33 33 33 33 33 30 23 23 22 9 9 1 1 1 0 0 0
 5 5 4 3 3 3 3 3 3 3 3 3 3 3 3 3 3 3 6 8 8 10 15 15 14 14 18 32 32 31 30 30 31 31 32 25 25 23 12 12 1 1 1 0 0 0
 5 5 4 3 3 3 3 3 3 3 3 3 3 3 3 3 3 3 6 8 8 10 15 15 14 14 18 32 32 31 30 30 31 31 32 25 25 23 12 12 1 1 1 0 0 0
 7 7 5 4 4 4 3 3 3 3 3 3 3 3 4 4 5 5 8 11 11 15 20 20 22 22 22 34 34 29 26 26 26 26 31 27 27 23 12 12 1 1 1 0 0 0
 7 7 6 4 4 4 3 3 3 3 3 3 3 4 4 4 6 6 9 13 13 18 24 24 46 46 28 24 24 32 30 30 28 28 22 16 16 12 7 7 1 1 0 0 0 0
 7 7 6 4 4 4 3 3 3 3 3 3 3 4 4 4 6 6 9 13 13 18 24 24 46 46 28 24 24 32 30 30 28 28 22 16 16 12 7 7 1 1 0 0 0 0
 6 6 5 5 5 4 3 3 3 3 3 4 4 4 5 5 6 6 7 11 11 11 13 13 19 19 22 24 24 28 30 30 34 34 37 19 19 13 10 10 7 7 1 1 1 0
 7 7 5 5 5 4 4 4 3 3 3 4 4 4 5 5 6 6 6 8 8 10 11 11 13 13 15 16 16 21 20 20 19 19 20 14 14 11 9 9 7 7 1 0 0 0
 7 7 5 5 5 4 4 4 3 3 3 4 4 4 5 5 6 6 6 8 8 10 11 11 13 13 15 16 16 21 20 20 19 19 20 14 14 11 9 9 7 7 1 0 0 0
 8 8 6 6 6 6 5 5 4 4 4 4 4 5 6 6 7 7 8 9 9 11 10 10 10 10 9 10 10 13 12 12 12 12 11 10 10 7 5 5 2 2 1 0 0 0
 8 8 6 6 6 6 5 5 4 4 4 4 4 5 6 6 7 7 8 9 9 11 10 10 10 10 9 10 10 13 12 12 12 12 11 10 10 7 5 5 2 2 1 0 0 0
 11 11 9 9 9 9 7 7 5 5 4 3 3 3 4 4 4 4 5 6 6 7 6 6 6 6 6 5 5 5 7 7 7 7 8 7 7 5 4 4 2 2 1 0 0 0
 16 16 11 9 9 9 9 9 6 6 4 3 3 3 3 3 3 3 4 5 5 5 4 4 4 4 4 3 3 3 5 5 5 5 5 5 5 6 4 4 2 2 2 0 0 0
 16 16 11 9 9 9 9 9 6 6 4 3 3 3 3 3 3 3 4 5 5 5 4 4 4 4 4 3 3 3 5 5 5 5 5 5 5 6 4 4 2 2 2 0 0 0
 22 22 15 12 12 10 9 9 6 6 4 3 3 3 2 2 2 2 3 3 3 4 4 4 3 3 3 3 3 3 4 4 5 5 5 5 5 6 6 6 6 6 4 1 1 1
 36 36 25 18 18 13 11 11 9 9 7 5 5 4 3 3 3 3 3 3 3 3 3 3 3 3 2 2 2 2 2 2 3 3 4 5 5 5 5 5 4 4 2 1 1 1
