assets/RAT_results_old/precipitation/2019-08-31_IMERG.asc
ncols        46
nrows        77
xllcorner    74.800261325624
yllcorner    8.058333333333
cellsize     0.062500000000
NODATA_value -9999
 16 16 13 10 10 14 21 21 20 20 16 15 15 15 13 13 10 10 9 10 10 9 5 5 4 4 3 2 2 2 2 2 2 2 3 3 3 2 2 2 2 2 3 2 2 2
 19 19 13 14 14 14 19 19 14 14 10 11 11 10 12 12 10 10 10 9 9 7 3 3 2 2 1 2 2 2 2 2 3 3 2 2 2 2 2 2 2 2 2 2 2 2
 19 19 13 14 14 14 19 19 14 14 10 11 11 10 12 12 10 10 10 9 9 7 3 3 2 2 1 2 2 2 2 2 3 3 2 2 2 2 2 2 2 2 2 2 2 2
 22 22 17 15 15 11 11 11 14 14 8 10 10 10 7 7 7 7 5 4 4 3 1 1 1 1 1 1 1 2 2 2 2 2 2 1 1 1 1 1 1 1 1 1 1 2
 16 16 26 18 18 14 12 12 16 16 8 13 13 6 5 5 3 3 2 2 2 1 1 1 1 1 2 2 2 1 1 1 1 1 1 1 1 1 1 1 1 1 1 1 1 1
 16 16 26 18 18 14 12 12 16 16 8 13 13 6 5 5 3 3 2 2 2 1 1 1 1 1 2 2 2 1 1 1 1 1 1 1 1 1 1 1 1 1 1 1 1 1
 24 24 25 26 26 19 14 14 17 17 17 16 16 5 4 4 3 3 2 1 1 2 2 2 2 2 2 2 2 1 1 1 1 1 2 3 3 3 2 2 2 2 2 1 1 1
 24 24 25 26 26 19 14 14 17 17 17 16 16 5 4 4 3 3 2 1 1 2 2 2 2 2 2 2 2 1 1 1 1 1 2 3 3 3 2 2 2 2 2 1 1 1
 14 14 16 29 29 22 15 15 18 18 18 10 10 5 3 3 2 2 2 2 2 2 1 1 2 2 2 2 2 1 1 1 2 2 2 3 3 4 3 3 3 3 3 2 2 3
 9 9 14 24 24 21 16 16 10 10 8 6 6 5 3 3 2 2 2 2 2 1 2 2 2 2 2 3 3 3 3 3 2 2 3 3 3 3 4 4 5 5 5 3 3 3
 9 9 14 24 24 21 16 16 10 10 8 6 6 5 3 3 2 2 2 2 2 1 2 2 2 2 2 3 3 3 3 3 2 2 3 3 3 3 4 4 5 5 5 3 3 3
 11 11 25 31 31 35 14 14 9 9 5 3 3 3 3 3 5 5 5 5 5 2 2 2 3 3 4 4 4 4 4 4 4 4 4 4 4 4 5 5 5 5 5 3 3 2
 11 11 12 20 20 28 14 14 10 10 5 4 4 6 5 5 5 5 4 3 3 2 2 2 4 4 5 5 5 5 5 5 5 5 5 5 5 6 6 6 5 5 4 2 2 1
 11 11 12 20 20 28 14 14 10 10 5 4 4 6 5 5 5 5 4 3 3 2 2 2 4 4 5 5 5 5 5 5 5 5 5 5 5 6 6 6 5 5 4 2 2 1
 11 11 10 13 13 12 14 14 13 13 9 8 8 8 9 9 8 8 10 6 6 4 3 3 6 6 6 6 6 7 6 6 6 6 6 6 6 5 4 4 2 2 1 1 1 1
 11 11 10 13 13 12 14 14 13 13 9 8 8 8 9 9 8 8 10 6 6 4 3 3 6 6 6 6 6 7 6 6 6 6 6 6 6 5 4 4 2 2 1 1 1 1
 14 14 15 13 13 11 10 10 14 14 11 10 10 9 11 11 9 9 9 6 6 4 3 3 7 7 6 5 5 4 5 5 5 5 4 3 3 2 1 1 1 1 0 0 0 0
 14 14 13 11 11 11 9 9 10 10 13 11 11 10 8 8 7 7 8 6 6 4 4 4 6 6 5 3 3 2 2 2 2 2 2 1 1 1 1 1 1 1 0 0 0 0
 14 14 13 11 11 11 9 9 10 10 13 11 11 10 8 8 7 7 8 6 6 4 4 4 6 6 5 3 3 2 2 2 2 2 2 1 1 1 1 1 1 1 0 0 0 0
 13 13 11 10 10 9 8 8 7 7 10 11 11 10 7 7 7 7 8 6 6 4 3 3 3 3 4 3 3 1 1 1 1 1 1 1 1 1 1 1 2 2 1 1 1 1
 8 8 8 7 7 9 8 8 7 7 9 12 12 13 11 11 8 8 7 5 5 3 3 3 3 3 3 2 2 2 1 1 1 1 1 1 1 2 2 2 2 2 2 2 2 2
 8 8 8 7 7 9 8 8 7 7 9 12 12 13 11 11 8 8 7 5 5 3 3 3 3 3 3 2 2 2 1 1 1 1 1 1 1 2 2 2 2 2 2 2 2 2
 6 6 6 7 7 6 5 5 5 5 6 6 6 10 10 10 11 11 8 5 5 3 2 2 2 2 2 2 2 2 2 2 2 2 2 2 2 3 3 3 4 4 4 4 4 4
 6 6 6 7 7 6 5 5 5 5 6 6 6 10 10 10 11 11 8 5 5 3 2 2 2 2 2 2 2 2 2 2 2 2 2 2 2 3 3 3 4 4 4 4 4 4
 5 5 5 5 5 5 4 4 5 5 6 5 5 8 9 9 7 7 7 5 5 3 2 2 2 2 2 2 2 3 2 2 3 3 2 3 3 4 4 4 5 5 5 5 5 4
 5 5 5 4 4 4 4 4 3 3 3 3 3 6 9 9 7 7 4 3 3 1 1 1 1 1 1 2 2 3 2 2 2 2 2 2 2 3 3 3 4 4 4 3 3 2
 5 5 5 4 4 4 4 4 3 3 3 3 3 6 9 9 7 7 4 3 3 1 1 1 1 1 1 2 2 3 2 2 2 2 2 2 2 3 3 3 4 4 4 3 3 2
 5 5 4 4 4 4 4 4 3 3 3 3 3 4 6 6 6 6 3 1 1 1 1 1 1 1 2 2 2 2 2 2 2 2 3 2 2 2 2 2 2 2 2 2 2 2
 5 5 4 4 4 4 3 3 3 3 2 2 2 4 4 4 5 5 3 2 2 1 1 1 1 1 1 2 2 2 2 2 3 3 4 3 3 3 2 2 2 2 1 1 1 1
 5 5 4 4 4 4 3 3 3 3 2 2 2 4 4 4 5 5 3 2 2 1 1 1 1 1 1 2 2 2 2 2 3 3 4 3 3 3 2 2 2 2 1 1 1 1
 3 3 3 3 3 3 3 3 2 2 2 2 2 3 5 5 7 7 5 4 4 4 4 4 4 4 3 5 5 5 4 4 4 4 3 2 2 2 1 1 1 1 1 1 1 1
 3 3 3 3 3 3 3 3 2 2 2 2 2 3 5 5 7 7 5 4 4 4 4 4 4 4 3 5 5 5 4 4 4 4 3 2 2 2 1 1 1 1 1 1 1 1
 3 3 2 2 2 2 2 2 2 2 2 3 3 3 6 6 7 7 6 6 6 6 6 6 6 6 6 9 9 8 5 5 4 4 3 2 2 2 1 1 1 1 1 1 1 1
 2 2 2 2 2 2 3 3 2 2 2 3 3 4 6 6 7 7 10 10 10 9 8 8 8 8 8 10 10 9 6 6 5 5 4 3 3 2 2 2 2 2 1 1 1 1
 2 2 2 2 2 2 3 3 2 2 2 3 3 4 6 6 7 7 10 10 10 9 8 8 8 8 8 10 10 9 6 6 5 5 4 3 3 2 2 2 2 2 1 1 1 1
 2 2 2 2 2 2 2 2 3 3 3 4 4 6 7 7 8 8 12 11 11 11 9 9 8 8 8 7 7 7 5 5 4 4 4 3 3 3 2 2 3 3 2 2 2 2
 2 2 2 2 2 2 3 3 3 3 3 4 4 5 7 7 8 8 8 9 9 8 8 8 7 7 6 6 6 4 4 4 3 3 3 3 3 2 2 2 3 3 3 2 2 2
 2 2 2 2 2 2 3 3 3 3 3 4 4 5 7 7 8 8 8 9 9 8 8 8 7 7 6 6 6 4 4 4 3 3 3 3 3 2 2 2 3 3 3 2 2 2
 1 1 1 2 2 2 2 2 3 3 3 3 3 4 4 4 4 4 4 4 4 3 3 3 3 3 4 5 5 4 3 3 3 3 2 2 2 2 2 2 2 2 2 2 2 3
 1 1 1 2 2 2 2 2 3 3 3 3 3 4 4 4 4 4 4 4 4 3 3 3 3 3 4 5 5 4 3 3 3 3 2 2 2 2 2 2 2 2 2 2 2 3
 1 1 1 1 1 2 2 2 2 2 2 2 2 2 2 2 2 2 2 2 2 2 3 3 4 4 6 5 5 4 2 2 1 1 2 2 2 2 2 2 3 3 3 4 4 5
 1 1 1 1 1 1 1 1 1 1 1 2 2 2 2 2 1 1 1 1 1 2 4 4 4 4 4 3 3 2 1 1 1 1 1 3 3 3 4 4 4 4 4 3 3 3
 1 1 1 1 1 1 1 1 1 1 1 2 2 2 2 2 1 1 1 1 1 2 4 4 4 4 4 3 3 2 1 1 1 1 1 3 3 3 4 4 4 4 4 3 3 3
 1 1 1 1 1 1 2 2 2 2 1 1 1 1 2 2 2 2 1 2 2 3 5 5 4 4 2 2 2 2 2 2 2 2 3 4 4 5 6 6 4 4 2 2 2 1
 1 1 1 1 1 1 1 1 1 1 1 1 1 1 2 2 2 2 3 4 4 4 6 6 5 5 4 4 4 4 3 3 5 5 5 5 5 4 4 4 2 2 1 1 1 1
 1 1 1 1 1 1 1 1 1 1 1 1 1 1 2 2 2 2 3 4 4 4 6 6 5 5 4 4 4 4 3 3 5 5 5 5 5 4 4 4 2 2 1 1 1 1
 1 1 1 1 1 1 1 1 2 2 3 3 3 3 4 4 4 4 5 6 6 5 3 3 5 5 6 7 7 6 5 5 5 5 3 1 1 1 1 1 0 0 1 0 0 0
 1 1 1 1 1 1 1 1 2 2 3 3 3 3 4 4 4 4 5 6 6 5 3 3 5 5 6 7 7 6 5 5 5 5 3 1 1 1 1 1 0 0 1 0 0 0
 1 1 1 1 1 2 3 3 4 4 6 5 5 4 3 3 4 4 4 4 4 3 2 2 5 5 5 4 4 2 2 2 2 2 1 0 0 0 0 0 0 0 0 0 0 0
 1 1 1 1 1 2 2 2 3 3 3 4 4 2 2 2 3 3 3 4 4 4 2 2 2 2 2 2 2 2 2 2 2 2 2 1 1 1 0 0 0 0 0 0 0 0
 1 1 1 1 1 2 2 2 3 3 3 4 4 2 2 2 3 3 3 4 4 4 2 2 2 2 2 2 2 2 2 2 2 2 2 1 1 1 0 0 0 0 0 0 0 0
 1 1 1 1 1 1 2 2 2 2 1 1 1 2 2 2 3 3 3 4 4 2 1 1 1 1 1 1 1 0 1 1 2 2 2 1 1 1 0 0 0 0 0 0 0 0
 1 1 1 1 1 1 1 1 1 1 1 1 1 1 2 2 2 2 2 1 1 1 1 1 1 1 1 0 0 0 0 0 1 1 2 3 3 3 0 0 0 0 0 0 0 0
 1 1 1 1 1 1 1 1 1 1 1 1 1 1 2 2 2 2 2 1 1 1 1 1 1 1 1 0 0 0 0 0 1 1 2 3 3 3 0 0 0 0 0 0 0 0
 0 0 0 0 0 0 0 0 0 0 0 0 0 0 1 1 1 1 1 1 1 1 1 1 2 2 1 0 0 0 1 1 1 1 6 6 6 3 2 2 0 0 0 0 0 0
 0 0 0 0 0 0 0 0 0 0 0 0 0 0 1 1 1 1 1 1 1 1 1 1 2 2 1 0 0 0 1 1 1 1 6 6 6 3 2 2 0 0 0 0 0 0
 0 0 0 0 0 0 0 0 0 0 0 0 0 0 0 0 1 1 1 1 1 1 2 2 4 4 3 3 3 2 4 4 4 4 6 2 2 0 1 1 0 0 0 0 0 0
 0 0 0 0 0 0 0 0 0 0 0 0 0 0 0 0 1 1 1 0 0 1 2 2 2 2 3 3 3 3 5 5 6 6 5 5 5 2 2 2 0 0 0 0 0 0
 0 0 0 0 0 0 0 0 0 0 0 0 0 0 0 0 1 1 1 0 0 1 2 2 2 2 3 3 3 3 5 5 6 6 5 5 5 2 2 2 0 0 0 0 0 0
 0 0 0 0 0 0 0 0 0 0 0 0 0 0 0 0 1 1 0 0 0 0 1 1 4 4 5 4 4 3 4 4 4 4 4 6 6 6 1 1 0 0 0 0 0 0
 0 0 0 0 0 0 0 0 0 0 0 0 0 0 0 0 0 0 0 0 0 0 1 1 3 3 5 4 4 3 2 2 2 2 2 3 3 3 0 0 0 0 0 0 0 0
 0 0 0 0 0 0 0 0 0 0 0 0 0 0 0 0 0 0 0 0 0 0 1 1 3 3 5 4 4 3 2 2 2 2 2 3 3 3 0 0 0 0 0 0 0 0
 1 1 1 1 1 0 0 0 0 0 0 0 0 0 0 0 0 0 0 0 0 0 1 1 4 4 1 4 4 4 2 2 1 1 0 1 1 1 0 0 0 0 0 0 0 0
 1 1 1 1 1 0 0 0 0 0 0 0 0 0 0 0 0 0 0 0 0 0 1 1 4 4 1 4 4 4 2 2 1 1 0 1 1 1 0 0 0 0 0 0 0 0
 1 1 1 1 1 1 0 0 0 0 0 0 0 0 0 0 0 0 0 0 0 1 1 1 1 1 1 1 1 3 2 2 1 1 1 1 1 5 1 1 0 0 0 0 0 0
 1 1 1 1 1 1 0 0 1 1 1 0 0 0 0 0 0 0 1 0 0 0 0 0 0 0 1 1 1 2 2 2 1 1 1 1 1 1 0 0 0 0 0 0 0 0
 1 1 1 1 1 1 0 0 1 1 1 0 0 0 0 0 0 0 1 0 0 0 0 0 0 0 1 1 1 2 2 2 1 1 1 1 1 1 0 0 0 0 0 0 0 0
 1 1 1 1 1 1 1 1 2 2 3 2 2 0 0 0 0 0 0 0 0 0 1 1 1 1 1 0 0 1 1 1 0 0 1 0 0 0 1 1 0 0 0 0 0 0
 1 1 1 1 1 1 1 1 2 2 2 2 2 0 0 0 0 0 0 0 0 0 1 1 2 2 1 1 1 1 1 1 1 1 3 2 2 2 0 0 0 0 0 0 0 0
 1 1 1 1 1 1 1 1 2 2 2 2 2 0 0 0 0 0 0 0 0 0 1 1 2 2 1 1 1 1 1 1 1 1 3 2 2 2 0 0 0 0 0 0 0 0
 0 0 0 0 0 0 0 0 1 1 1 0 0 0 0 0 0 0 0 0 0 0 0 0 1 1 0 0 0 1 1 1 1 1 3 5 5 3 3 3 3 3 1 0 0 0
 0 0 0 0 0 0 0 0 1 1 1 0 0 0 0 0 0 0 0 0 0 0 0 0 1 1 0 0 0 1 1 1 1 1 3 5 5 3 3 3 3 3 1 0 0 0
 0 0 0 0 0 0 0 0 0 0 0 0 0 0 0 0 0 0 0 0 0 0 0 0 0 0 0 0 0 0 0 0 1 1 2 2 2 3 2 2 1 1 1 0 0 0
 0 0 0 0 0 0 0 0 0 0 0 0 0 0 0 0 0 0 0 0 0 0 0 0 0 0 0 0 0 0 0 0 0 0 0 0 0 1 1 1 0 0 0 0 0 0
 0 0 0 0 0 0 0 0 0 0 0 0 0 0 0 0 0 0 0 0 0 0 0 0 0 0 0 0 0 0 0 0 0 0 0 0 0 1 1 1 0 0 0 0 0 0
 0 0 0 0 0 0 0 0 0 0 0 0 0 0 0 0 0 0 0 0 0 0 0 0 0 0 0 0 0 0 0 0 0 0 0 0 0 0 0 0 0 0 0 0 0 1
 0 0 0 0 0 0 0 0 0 0 0 0 0 0 0 0 0 0 0 0 0 0 0 0 0 0 0 0 0 0 0 0 0 0 0 0 0 0 0 0 0 0 0 0 0 0
