assets/RAT_results_old/precipitation/2019-08-09_IMERG.asc
ncols        46
nrows        77
xllcorner    74.800261325624
yllcorner    8.058333333333
cellsize     0.062500000000
NODATA_value -9999
 84 84 125 151 151 119 141 141 155 155 140 188 188 220 152 152 130 130 138 144 144 141 102 102 87 87 74 55 55 45 37 37 32 32 19 15 15 5 2 2 4 4 4 3 3 6
 77 77 86 92 92 106 128 128 129 129 125 116 116 129 129 129 107 107 122 130 130 104 84 84 78 78 67 50 50 50 31 31 27 27 27 23 23 11 5 5 8 8 3 3 3 4
 77 77 86 92 92 106 128 128 129 129 125 116 116 129 129 129 107 107 122 130 130 104 84 84 78 78 67 50 50 50 31 31 27 27 27 23 23 11 5 5 8 8 3 3 3 4
 79 79 68 85 85 87 78 78 122 122 125 112 112 102 78 78 68 68 69 70 70 73 70 70 53 53 57 42 42 43 35 35 28 28 25 24 24 15 9 9 6 6 4 3 3 2
 60 60 96 89 89 92 100 100 120 120 118 106 106 98 82 82 79 79 74 61 61 62 66 66 41 41 41 38 38 21 25 25 24 24 21 24 24 13 8 8 6 6 4 1 1 3
 60 60 96 89 89 92 100 100 120 120 118 106 106 98 82 82 79 79 74 61 61 62 66 66 41 41 41 38 38 21 25 25 24 24 21 24 24 13 8 8 6 6 4 1 1 3
 93 93 117 108 108 100 110 110 109 109 133 107 107 94 87 87 82 82 62 59 59 51 50 50 43 43 37 33 33 22 14 14 22 22 18 12 12 6 7 7 6 6 5 5 5 5
 93 93 117 108 108 100 110 110 109 109 133 107 107 94 87 87 82 82 62 59 59 51 50 50 43 43 37 33 33 22 14 14 22 22 18 12 12 6 7 7 6 6 5 5 5 5
 85 85 90 133 133 119 134 134 140 140 157 131 131 119 138 138 138 138 105 76 76 63 62 62 41 41 42 38 38 29 25 25 28 28 21 12 12 11 13 13 13 13 16 10 10 11
 58 58 71 83 83 95 145 145 171 171 198 252 252 157 155 155 156 156 115 81 81 71 66 66 70 70 59 37 37 27 41 41 41 41 31 23 23 22 21 21 18 18 18 13 13 14
 58 58 71 83 83 95 145 145 171 171 198 252 252 157 155 155 156 156 115 81 81 71 66 66 70 70 59 37 37 27 41 41 41 41 31 23 23 22 21 21 18 18 18 13 13 14
 28 28 49 53 53 81 98 98 111 111 133 152 152 140 136 136 128 128 138 103 103 82 87 87 84 84 74 58 58 54 53 53 52 52 36 26 26 33 33 33 30 30 24 17 17 20
 33 33 40 41 41 60 83 83 90 90 121 113 113 116 122 122 104 104 108 107 107 91 95 95 87 87 82 72 72 62 56 56 54 54 44 30 30 33 29 29 32 32 30 21 21 20
 33 33 40 41 41 60 83 83 90 90 121 113 113 116 122 122 104 104 108 107 107 91 95 95 87 87 82 72 72 62 56 56 54 54 44 30 30 33 29 29 32 32 30 21 21 20
 31 31 42 80 80 88 98 98 98 98 100 101 101 85 101 101 92 92 93 109 109 138 114 114 102 102 84 70 70 66 61 61 40 40 40 28 28 27 34 34 35 35 36 23 23 19
 31 31 42 80 80 88 98 98 98 98 100 101 101 85 101 101 92 92 93 109 109 138 114 114 102 102 84 70 70 66 61 61 40 40 40 28 28 27 34 34 35 35 36 23 23 19
 53 53 66 82 82 97 96 96 104 104 115 98 98 99 72 72 82 82 83 110 110 121 107 107 98 98 100 62 62 56 55 55 38 38 38 27 27 22 31 31 38 38 32 19 19 21
 57 57 58 75 75 101 109 109 82 82 98 89 89 94 80 80 76 76 93 109 109 120 83 83 80 80 69 57 57 43 37 37 28 28 30 25 25 20 33 33 30 30 21 17 17 14
 57 57 58 75 75 101 109 109 82 82 98 89 89 94 80 80 76 76 93 109 109 120 83 83 80 80 69 57 57 43 37 37 28 28 30 25 25 20 33 33 30 30 21 17 17 14
 62 62 64 75 75 92 102 102 113 113 108 114 114 112 95 95 83 83 114 116 116 127 94 94 83 83 74 54 54 41 33 33 26 26 23 22 22 13 24 24 15 15 19 13 13 13
 57 57 65 91 91 105 112 112 133 133 136 134 134 133 122 122 100 100 85 154 154 120 89 89 67 67 63 43 43 37 19 19 21 21 16 19 19 10 8 8 15 15 14 13 13 11
 57 57 65 91 91 105 112 112 133 133 136 134 134 133 122 122 100 100 85 154 154 120 89 89 67 67 63 43 43 37 19 19 21 21 16 19 19 10 8 8 15 15 14 13 13 11
 56 56 58 79 79 85 105 105 145 145 161 199 199 167 120 120 70 70 83 147 147 161 105 105 63 63 54 46 46 37 18 18 14 14 11 9 9 7 7 7 7 7 8 9 9 10
 56 56 58 79 79 85 105 105 145 145 161 199 199 167 120 120 70 70 83 147 147 161 105 105 63 63 54 46 46 37 18 18 14 14 11 9 9 7 7 7 7 7 8 9 9 10
 52 52 56 84 84 102 207 207 209 209 194 163 163 129 105 105 108 108 106 85 85 151 86 86 58 58 51 37 37 33 16 16 14 14 11 8 8 7 6 6 6 6 8 8 8 14
 55 55 66 81 81 89 143 143 209 209 214 207 207 162 157 157 119 119 213 111 111 89 81 81 53 53 51 34 34 30 24 24 17 17 13 13 13 8 5 5 7 7 10 16 16 12
 55 55 66 81 81 89 143 143 209 209 214 207 207 162 157 157 119 119 213 111 111 89 81 81 53 53 51 34 34 30 24 24 17 17 13 13 13 8 5 5 7 7 10 16 16 12
 59 59 71 101 101 133 146 146 153 153 139 189 189 118 104 104 108 108 201 172 172 92 112 112 85 85 57 35 35 32 23 23 21 21 19 21 21 17 14 14 12 12 10 9 9 14
 67 67 112 106 106 124 121 121 131 131 124 140 140 120 76 76 102 102 126 142 142 105 91 91 89 89 54 56 56 31 27 27 26 26 27 35 35 23 30 30 27 27 23 17 17 18
 67 67 112 106 106 124 121 121 131 131 124 140 140 120 76 76 102 102 126 142 142 105 91 91 89 89 54 56 56 31 27 27 26 26 27 35 35 23 30 30 27 27 23 17 17 18
 67 67 105 113 113 142 127 127 140 140 118 145 145 110 74 74 95 95 106 111 111 107 103 103 111 111 75 65 65 48 54 54 37 37 31 42 42 47 39 39 39 39 35 21 21 17
 67 67 105 113 113 142 127 127 140 140 118 145 145 110 74 74 95 95 106 111 111 107 103 103 111 111 75 65 65 48 54 54 37 37 31 42 42 47 39 39 39 39 35 21 21 17
 65 65 83 119 119 127 139 139 131 131 107 98 98 100 80 80 81 81 76 75 75 79 98 98 105 105 105 69 69 61 62 62 42 42 36 41 41 51 44 44 38 38 35 22 22 16
 74 74 83 116 116 118 121 121 102 102 123 87 87 94 87 87 68 68 85 80 80 79 87 87 106 106 104 74 74 72 71 71 55 55 52 45 45 47 45 45 41 41 33 22 22 15
 74 74 83 116 116 118 121 121 102 102 123 87 87 94 87 87 68 68 85 80 80 79 87 87 106 106 104 74 74 72 71 71 55 55 52 45 45 47 45 45 41 41 33 22 22 15
 71 71 98 146 146 151 221 221 164 164 154 136 136 91 89 89 72 72 74 68 68 64 69 69 108 108 90 87 87 69 61 61 54 54 39 38 38 39 37 37 37 37 32 24 24 14
 71 71 73 111 111 156 212 212 166 166 152 111 111 96 103 103 86 86 67 65 65 62 69 69 88 88 87 60 60 59 42 42 39 39 38 35 35 39 30 30 31 31 28 26 26 15
 71 71 73 111 111 156 212 212 166 166 152 111 111 96 103 103 86 86 67 65 65 62 69 69 88 88 87 60 60 59 42 42 39 39 38 35 35 39 30 30 31 31 28 26 26 15
 67 67 70 109 109 143 156 156 125 125 90 131 131 112 134 134 78 78 64 64 64 60 58 58 66 66 75 55 55 56 49 49 42 42 39 27 27 30 29 29 28 28 26 22 22 18
 67 67 70 109 109 143 156 156 125 125 90 131 131 112 134 134 78 78 64 64 64 60 58 58 66 66 75 55 55 56 49 49 42 42 39 27 27 30 29 29 28 28 26 22 22 18
 63 63 46 49 49 43 148 148 42 42 47 127 127 112 102 102 105 105 68 61 61 70 67 67 62 62 80 72 72 54 44 44 37 37 34 27 27 27 24 24 24 24 25 23 23 18
 49 49 40 62 62 60 55 55 42 42 52 89 89 88 111 111 112 112 74 81 81 87 75 75 65 65 77 68 68 31 28 28 24 24 21 23 23 25 25 25 24 24 24 17 17 12
 49 49 40 62 62 60 55 55 42 42 52 89 89 88 111 111 112 112 74 81 81 87 75 75 65 65 77 68 68 31 28 28 24 24 21 23 23 25 25 25 24 24 24 17 17 12
 101 101 124 132 132 92 81 81 47 47 48 182 182 87 63 63 71 71 72 77 77 81 54 54 43 43 38 39 39 33 32 32 24 24 22 22 22 19 18 18 21 21 21 13 13 11
 113 113 120 151 151 117 140 140 104 104 125 140 140 86 69 69 78 78 75 74 74 54 49 49 32 32 29 31 31 41 39 39 29 29 20 19 19 18 16 16 16 16 13 7 7 6
 113 113 120 151 151 117 140 140 104 104 125 140 140 86 69 69 78 78 75 74 74 54 49 49 32 32 29 31 31 41 39 39 29 29 20 19 19 18 16 16 16 16 13 7 7 6
 85 85 110 122 122 163 157 157 122 122 138 172 172 65 66 66 63 63 63 62 62 59 36 36 29 29 29 30 30 28 36 36 29 29 25 18 18 15 12 12 11 11 9 6 6 3
 85 85 110 122 122 163 157 157 122 122 138 172 172 65 66 66 63 63 63 62 62 59 36 36 29 29 29 30 30 28 36 36 29 29 25 18 18 15 12 12 11 11 9 6 6 3
 54 54 71 67 67 101 73 73 108 108 120 170 170 54 24 24 35 35 40 54 54 53 36 36 30 30 27 26 26 28 30 30 30 30 26 20 20 17 12 12 9 9 7 4 4 2
 24 24 29 28 28 33 32 32 35 35 31 28 28 27 33 33 53 53 113 51 51 50 29 29 29 29 24 24 24 29 28 28 23 23 23 17 17 15 11 11 7 7 4 3 3 2
 24 24 29 28 28 33 32 32 35 35 31 28 28 27 33 33 53 53 113 51 51 50 29 29 29 29 24 24 24 29 28 28 23 23 23 17 17 15 11 11 7 7 4 3 3 2
 21 21 24 21 21 21 23 23 29 29 28 33 33 45 46 46 52 52 109 54 54 49 39 39 42 42 31 30 30 34 33 33 20 20 20 18 18 17 13 13 11 11 8 4 4 4
 38 38 40 39 39 46 23 23 28 28 31 42 42 58 62 62 88 88 65 72 72 55 38 38 37 37 35 37 37 36 33 33 31 31 29 20 20 17 15 15 13 13 10 9 9 4
 38 38 40 39 39 46 23 23 28 28 31 42 42 58 62 62 88 88 65 72 72 55 38 38 37 37 35 37 37 36 33 33 31 31 29 20 20 17 15 15 13 13 10 9 9 4
 33 33 35 36 36 38 39 39 45 45 57 62 62 68 76 76 88 88 57 64 64 97 89 89 33 33 27 29 29 26 35 35 45 45 33 25 25 25 21 21 15 15 14 6 6 5
 33 33 35 36 36 38 39 39 45 45 57 62 62 68 76 76 88 88 57 64 64 97 89 89 33 33 27 29 29 26 35 35 45 45 33 25 25 25 21 21 15 15 14 6 6 5
 33 33 34 33 33 33 36 36 41 41 46 56 56 63 69 69 68 68 69 64 64 97 89 89 34 34 29 28 28 28 52 52 47 47 47 47 47 34 35 35 24 24 22 10 10 6
 33 33 35 37 37 36 38 38 40 40 43 47 47 46 54 54 57 57 71 54 54 64 33 33 33 33 30 28 28 26 49 49 49 49 52 46 46 78 36 36 32 32 26 13 13 11
 33 33 35 37 37 36 38 38 40 40 43 47 47 46 54 54 57 57 71 54 54 64 33 33 33 33 30 28 28 26 49 49 49 49 52 46 46 78 36 36 32 32 26 13 13 11
 29 29 30 30 30 30 32 32 34 34 38 50 50 54 67 67 76 76 99 67 67 64 37 37 35 35 38 33 33 29 29 29 45 45 47 64 64 78 60 60 45 45 36 14 14 15
 22 22 23 25 25 27 30 30 34 34 43 52 52 64 69 69 87 87 89 55 55 45 25 25 28 28 25 28 28 28 27 27 40 40 41 56 56 58 62 62 40 40 38 14 14 11
 22 22 23 25 25 27 30 30 34 34 43 52 52 64 69 69 87 87 89 55 55 45 25 25 28 28 25 28 28 28 27 27 40 40 41 56 56 58 62 62 40 40 38 14 14 11
 22 22 24 26 26 28 33 33 37 37 43 49 49 59 62 62 65 65 73 46 46 34 21 21 23 23 23 33 33 30 29 29 31 31 31 28 28 36 29 29 36 36 17 13 13 8
 22 22 24 26 26 28 33 33 37 37 43 49 49 59 62 62 65 65 73 46 46 34 21 21 23 23 23 33 33 30 29 29 31 31 31 28 28 36 29 29 36 36 17 13 13 8
 21 21 23 24 24 28 35 35 40 40 46 55 55 67 77 77 73 73 83 61 61 37 33 33 25 25 28 29 29 42 30 30 30 30 28 27 27 29 20 20 21 21 9 7 7 3
 21 21 23 26 26 33 38 38 45 45 53 59 59 66 70 70 66 66 51 49 49 38 35 35 33 33 38 41 41 40 41 41 39 39 36 32 32 28 24 24 20 20 12 8 8 4
 21 21 23 26 26 33 38 38 45 45 53 59 59 66 70 70 66 66 51 49 49 38 35 35 33 33 38 41 41 40 41 41 39 39 36 32 32 28 24 24 20 20 12 8 8 4
 19 19 22 27 27 34 39 39 45 45 49 55 55 66 83 83 79 79 84 90 90 86 77 77 61 61 61 57 57 40 38 38 37 37 35 34 34 28 27 27 22 22 16 10 10 6
 20 20 24 30 30 37 45 45 56 56 55 49 49 55 54 54 58 58 60 64 64 69 57 57 54 54 52 45 45 39 33 33 31 31 35 32 32 27 24 24 22 22 17 11 11 8
 20 20 24 30 30 37 45 45 56 56 55 49 49 55 54 54 58 58 60 64 64 69 57 57 54 54 52 45 45 39 33 33 31 31 35 32 32 27 24 24 22 22 17 11 11 8
 34 34 30 29 29 31 36 36 42 42 50 45 45 49 43 43 53 53 64 71 71 74 75 75 66 66 56 49 49 40 38 38 38 38 39 35 35 27 25 25 23 23 20 16 16 11
 34 34 30 29 29 31 36 36 42 42 50 45 45 49 43 43 53 53 64 71 71 74 75 75 66 66 56 49 49 40 38 38 38 38 39 35 35 27 25 25 23 23 20 16 16 11
 57 57 43 34 34 29 27 27 28 28 28 25 25 33 41 41 46 46 60 66 66 66 69 69 68 68 69 55 55 43 40 40 37 37 33 26 26 22 19 19 15 15 15 13 13 10
 68 68 50 35 35 26 22 22 20 20 20 21 21 28 39 39 43 43 55 63 63 54 49 49 48 48 51 45 45 33 28 28 24 24 21 20 20 20 19 19 16 16 13 14 14 7
 68 68 50 35 35 26 22 22 20 20 20 21 21 28 39 39 43 43 55 63 63 54 49 49 48 48 51 45 45 33 28 28 24 24 21 20 20 20 19 19 16 16 13 14 14 7
 15 15 16 16 16 18 19 19 20 20 20 19 19 21 23 23 27 27 26 47 47 40 39 39 36 36 28 21 21 19 18 18 18 18 20 23 23 23 20 20 17 17 20 20 20 18
 13 13 14 15 15 18 18 18 17 17 17 16 16 18 22 22 24 24 28 34 34 37 40 40 39 39 33 23 23 20 17 17 19 19 20 22 22 32 50 50 46 46 34 35 35 26
