assets/RAT_results_old/precipitation/2019-08-23_IMERG.asc
ncols        46
nrows        77
xllcorner    74.800261325624
yllcorner    8.058333333333
cellsize     0.062500000000
NODATA_value -9999
 34 34 39 26 26 18 23 23 14 14 11 9 9 7 8 8 4 4 2 3 3 2 2 2 1 1 2 1 1 2 2 2 11 11 12 12 12 7 2 2 2 2 1 1 1 1
 35 35 38 29 29 24 27 27 12 12 6 4 4 4 5 5 4 4 3 2 2 2 2 2 1 1 1 2 2 3 3 3 13 13 5 8 8 8 6 6 4 4 1 1 1 2
 35 35 38 29 29 24 27 27 12 12 6 4 4 4 5 5 4 4 3 2 2 2 2 2 1 1 1 2 2 3 3 3 13 13 5 8 8 8 6 6 4 4 1 1 1 2
 35 35 35 28 28 22 17 17 15 15 7 5 5 5 3 3 2 2 2 2 2 1 1 1 1 1 1 2 2 3 4 4 6 6 7 11 11 10 8 8 9 9 4 3 3 2
 32 32 26 36 36 22 15 15 10 10 15 14 14 7 5 5 1 1 1 1 1 0 1 1 1 1 2 3 3 3 4 4 5 5 8 11 11 10 10 10 9 9 6 10 10 3
 32 32 26 36 36 22 15 15 10 10 15 14 14 7 5 5 1 1 1 1 1 0 1 1 1 1 2 3 3 3 4 4 5 5 8 11 11 10 10 10 9 9 6 10 10 3
 44 44 30 29 29 25 9 9 10 10 16 16 16 6 5 5 1 1 2 2 2 1 1 1 3 3 5 4 4 4 5 5 6 6 9 9 9 8 6 6 6 6 5 7 7 1
 44 44 30 29 29 25 9 9 10 10 16 16 16 6 5 5 1 1 2 2 2 1 1 1 3 3 5 4 4 4 5 5 6 6 9 9 9 8 6 6 6 6 5 7 7 1
 51 51 53 46 46 26 8 8 9 9 11 12 12 7 3 3 1 1 2 2 2 3 3 3 2 2 3 4 4 5 8 8 7 7 8 9 9 8 7 7 5 5 3 2 2 2
 49 49 56 40 40 18 9 9 7 7 4 3 3 6 4 4 3 3 3 3 3 4 4 4 4 4 4 6 6 7 7 7 8 8 8 10 10 10 10 10 7 7 6 4 4 3
 49 49 56 40 40 18 9 9 7 7 4 3 3 6 4 4 3 3 3 3 3 4 4 4 4 4 4 6 6 7 7 7 8 8 8 10 10 10 10 10 7 7 6 4 4 3
 55 55 69 29 29 17 9 9 8 8 9 13 13 9 6 6 2 2 3 3 3 4 4 4 5 5 7 12 12 11 9 9 8 8 8 9 9 9 9 9 9 9 10 9 9 6
 71 71 57 22 22 15 10 10 9 9 7 11 11 9 3 3 4 4 5 6 6 3 4 4 4 4 5 7 7 8 6 6 6 6 7 9 9 9 8 8 9 9 9 9 9 8
 71 71 57 22 22 15 10 10 9 9 7 11 11 9 3 3 4 4 5 6 6 3 4 4 4 4 5 7 7 8 6 6 6 6 7 9 9 9 8 8 9 9 9 9 9 8
 47 47 23 21 21 20 12 12 10 10 10 4 4 4 8 8 6 6 8 5 5 2 2 2 3 3 4 6 6 5 4 4 4 4 6 5 5 5 6 6 6 6 6 6 6 7
 47 47 23 21 21 20 12 12 10 10 10 4 4 4 8 8 6 6 8 5 5 2 2 2 3 3 4 6 6 5 4 4 4 4 6 5 5 5 6 6 6 6 6 6 6 7
 30 30 26 20 20 12 10 10 12 12 17 11 11 9 9 9 9 9 9 6 6 1 2 2 2 2 3 3 3 3 2 2 2 2 2 3 3 3 4 4 2 2 4 5 5 10
 39 39 13 13 13 13 14 14 14 14 16 15 15 13 11 11 12 12 14 8 8 3 2 2 1 1 2 2 2 1 1 1 2 2 2 3 3 3 4 4 3 3 4 4 4 7
 39 39 13 13 13 13 14 14 14 14 16 15 15 13 11 11 12 12 14 8 8 3 2 2 1 1 2 2 2 1 1 1 2 2 2 3 3 3 4 4 3 3 4 4 4 7
 14 14 12 10 10 9 14 14 14 14 12 17 17 15 13 13 10 10 10 6 6 2 1 1 1 1 1 1 1 1 1 1 2 2 2 2 2 4 6 6 5 5 6 4 4 11
 12 12 12 12 12 14 16 16 11 11 13 14 14 12 8 8 11 11 6 6 6 3 1 1 1 1 1 0 0 0 0 0 1 1 1 2 2 3 6 6 6 6 5 5 5 4
 12 12 12 12 12 14 16 16 11 11 13 14 14 12 8 8 11 11 6 6 6 3 1 1 1 1 1 0 0 0 0 0 1 1 1 2 2 3 6 6 6 6 5 5 5 4
 11 11 11 12 12 14 13 13 10 10 10 13 13 16 12 12 13 13 7 5 5 5 1 1 1 1 1 1 1 1 0 0 0 0 0 1 1 2 3 3 6 6 5 5 5 3
 11 11 11 12 12 14 13 13 10 10 10 13 13 16 12 12 13 13 7 5 5 5 1 1 1 1 1 1 1 1 0 0 0 0 0 1 1 2 3 3 6 6 5 5 5 3
 8 8 9 8 8 8 17 17 9 9 6 11 11 16 10 10 9 9 7 5 5 6 3 3 2 2 2 2 2 1 1 1 0 0 1 0 0 2 0 0 4 4 4 2 2 2
 5 5 5 4 4 4 16 16 9 9 21 5 5 6 8 8 8 8 6 5 5 6 4 4 3 3 3 3 3 1 1 1 1 1 1 1 1 1 1 1 3 3 4 3 3 0
 5 5 5 4 4 4 16 16 9 9 21 5 5 6 8 8 8 8 6 5 5 6 4 4 3 3 3 3 3 1 1 1 1 1 1 1 1 1 1 1 3 3 4 3 3 0
 6 6 6 9 9 7 9 9 25 25 22 4 4 4 5 5 6 6 6 4 4 5 5 5 4 4 5 3 3 1 1 1 1 1 1 1 1 1 1 1 1 1 2 2 2 0
 8 8 8 12 12 9 13 13 14 14 8 4 4 8 9 9 8 8 7 5 5 5 8 8 6 6 5 2 2 2 1 1 1 1 1 1 1 1 1 1 0 0 2 2 2 1
 8 8 8 12 12 9 13 13 14 14 8 4 4 8 9 9 8 8 7 5 5 5 8 8 6 6 5 2 2 2 1 1 1 1 1 1 1 1 1 1 0 0 2 2 2 1
 10 10 12 23 23 14 14 14 14 14 10 8 8 9 6 6 9 9 7 5 5 5 6 6 7 7 6 2 2 3 3 3 1 1 1 1 1 1 0 0 0 0 0 1 1 0
 10 10 12 23 23 14 14 14 14 14 10 8 8 9 6 6 9 9 7 5 5 5 6 6 7 7 6 2 2 3 3 3 1 1 1 1 1 1 0 0 0 0 0 1 1 0
 11 11 21 24 24 14 12 12 12 12 10 8 8 6 5 5 10 10 6 6 6 4 6 6 5 5 4 2 2 3 2 2 1 1 0 1 1 1 0 0 0 0 0 0 0 0
 12 12 10 13 13 14 12 12 11 11 8 3 3 1 2 2 4 4 7 6 6 6 5 5 4 4 3 1 1 2 2 2 1 1 0 1 1 1 1 1 1 1 0 0 0 0
 12 12 10 13 13 14 12 12 11 11 8 3 3 1 2 2 4 4 7 6 6 6 5 5 4 4 3 1 1 2 2 2 1 1 0 1 1 1 1 1 1 1 0 0 0 0
 12 12 11 13 13 15 9 9 6 6 5 2 2 1 2 2 5 5 7 8 8 10 10 10 5 5 4 5 5 3 1 1 1 1 1 1 1 1 1 1 1 1 1 0 0 0
 14 14 14 13 13 13 10 10 8 8 10 7 7 5 6 6 7 7 8 9 9 11 6 6 7 7 14 4 4 3 6 6 2 2 1 0 0 0 0 0 0 0 0 0 0 0
 14 14 14 13 13 13 10 10 8 8 10 7 7 5 6 6 7 7 8 9 9 11 6 6 7 7 14 4 4 3 6 6 2 2 1 0 0 0 0 0 0 0 0 0 0 0
 12 12 12 11 11 11 10 10 10 10 13 17 17 16 11 11 11 11 11 9 9 5 9 9 7 7 6 8 8 3 2 2 4 4 1 1 1 1 0 0 0 0 0 0 0 0
 12 12 12 11 11 11 10 10 10 10 13 17 17 16 11 11 11 11 11 9 9 5 9 9 7 7 6 8 8 3 2 2 4 4 1 1 1 1 0 0 0 0 0 0 0 0
 10 10 10 9 9 8 9 9 10 10 14 17 17 16 12 12 24 24 22 19 19 11 9 9 7 7 4 6 6 5 5 5 8 8 2 2 2 1 1 1 0 0 0 1 1 0
 8 8 9 10 10 9 9 9 9 9 7 6 6 9 20 20 21 21 24 18 18 31 13 13 9 9 6 6 6 4 6 6 7 7 3 2 2 2 1 1 1 1 0 1 1 1
 8 8 9 10 10 9 9 9 9 9 7 6 6 9 20 20 21 21 24 18 18 31 13 13 9 9 6 6 6 4 6 6 7 7 3 2 2 2 1 1 1 1 0 1 1 1
 10 10 12 10 10 9 8 8 7 7 6 7 7 7 7 7 7 7 28 34 34 29 12 12 7 7 5 3 3 5 7 7 7 7 6 4 4 4 4 4 2 2 0 0 0 0
 8 8 10 9 9 9 9 9 7 7 6 7 7 7 8 8 6 6 4 5 5 14 8 8 7 7 6 2 2 3 6 6 3 3 4 3 3 4 3 3 2 2 0 0 0 0
 8 8 10 9 9 9 9 9 7 7 6 7 7 7 8 8 6 6 4 5 5 14 8 8 7 7 6 2 2 3 6 6 3 3 4 3 3 4 3 3 2 2 0 0 0 0
 6 6 6 6 6 6 7 7 7 7 7 7 7 8 7 7 6 6 5 5 5 14 2 2 5 5 5 6 6 9 4 4 5 5 3 2 2 1 2 2 3 3 0 0 0 0
 6 6 6 6 6 6 7 7 7 7 7 7 7 8 7 7 6 6 5 5 5 14 2 2 5 5 5 6 6 9 4 4 5 5 3 2 2 1 2 2 3 3 0 0 0 0
 3 3 3 2 2 2 2 2 2 2 3 5 5 5 6 6 6 6 4 4 4 3 2 2 3 3 8 3 3 6 7 7 3 3 2 1 1 2 1 1 4 4 0 0 0 0
 2 2 1 1 1 0 0 0 0 0 1 2 2 2 2 2 3 3 2 3 3 3 3 3 6 6 6 6 6 6 3 3 4 4 5 5 5 3 4 4 4 4 0 0 0 0
 2 2 1 1 1 0 0 0 0 0 1 2 2 2 2 2 3 3 2 3 3 3 3 3 6 6 6 6 6 6 3 3 4 4 5 5 5 3 4 4 4 4 0 0 0 0
 2 2 2 1 1 1 0 0 0 0 0 1 1 2 2 2 2 2 3 3 3 7 4 4 5 5 3 4 4 4 2 2 4 4 4 2 2 2 4 4 3 3 2 0 0 0
 2 2 2 2 2 1 1 1 0 0 1 1 1 2 2 2 2 2 2 2 2 7 7 7 3 3 3 5 5 2 3 3 4 4 9 3 3 4 2 2 1 1 1 2 2 0
 2 2 2 2 2 1 1 1 0 0 1 1 1 2 2 2 2 2 2 2 2 7 7 7 3 3 3 5 5 2 3 3 4 4 9 3 3 4 2 2 1 1 1 2 2 0
 3 3 3 3 3 1 1 1 0 0 0 1 1 1 2 2 3 3 3 5 5 5 6 6 6 6 5 7 7 9 3 3 3 3 3 6 6 7 5 5 4 4 1 1 1 1
 3 3 3 3 3 1 1 1 0 0 0 1 1 1 2 2 3 3 3 5 5 5 6 6 6 6 5 7 7 9 3 3 3 3 3 6 6 7 5 5 4 4 1 1 1 1
 4 4 5 4 4 3 3 3 2 2 2 2 2 3 6 6 4 4 5 6 6 7 9 9 5 5 8 13 13 4 5 5 4 4 3 8 8 10 5 5 4 4 1 0 0 0
 6 6 8 9 9 9 10 10 15 15 15 15 15 6 5 5 4 4 4 1 1 1 1 1 2 2 3 3 3 1 8 8 3 3 4 9 9 10 3 3 1 1 2 0 0 0
 6 6 8 9 9 9 10 10 15 15 15 15 15 6 5 5 4 4 4 1 1 1 1 1 2 2 3 3 3 1 8 8 3 3 4 9 9 10 3 3 1 1 2 0 0 0
 5 5 6 8 8 9 10 10 12 12 13 14 14 3 3 3 3 3 2 1 1 1 1 1 2 2 3 3 3 3 6 6 3 3 5 6 6 4 3 3 2 2 1 1 1 2
 3 3 3 2 2 3 3 3 2 2 2 1 1 1 1 1 2 2 2 1 1 0 0 0 1 1 1 2 2 3 2 2 2 2 4 5 5 4 2 2 3 3 3 4 4 3
 3 3 3 2 2 3 3 3 2 2 2 1 1 1 1 1 2 2 2 1 1 0 0 0 1 1 1 2 2 3 2 2 2 2 4 5 5 4 2 2 3 3 3 4 4 3
 4 4 4 4 4 3 3 3 2 2 2 2 2 1 1 1 2 2 2 3 3 1 1 1 1 1 1 2 2 2 2 2 2 2 2 3 3 4 2 2 2 2 1 1 1 1
 4 4 4 4 4 3 3 3 2 2 2 2 2 1 1 1 2 2 2 3 3 1 1 1 1 1 1 2 2 2 2 2 2 2 2 3 3 4 2 2 2 2 1 1 1 1
 4 4 3 3 3 3 3 3 2 2 2 2 2 2 3 3 3 3 5 6 6 3 1 1 1 1 1 1 1 1 3 3 1 1 0 1 1 3 4 4 3 3 0 0 0 0
 3 3 3 3 3 3 3 3 3 3 3 3 3 2 3 3 5 5 7 7 7 3 1 1 1 1 1 2 2 2 3 3 1 1 1 1 1 2 4 4 3 3 0 0 0 0
 3 3 3 3 3 3 3 3 3 3 3 3 3 2 3 3 5 5 7 7 7 3 1 1 1 1 1 2 2 2 3 3 1 1 1 1 1 2 4 4 3 3 0 0 0 0
 3 3 3 3 3 3 2 2 2 2 3 3 3 3 3 3 3 3 7 5 5 3 2 2 1 1 1 1 1 3 2 2 1 1 1 0 0 1 3 3 1 1 0 0 0 0
 2 2 2 2 2 2 2 2 1 1 2 3 3 3 3 3 3 3 3 3 3 3 2 2 2 2 2 2 2 2 4 4 3 3 2 1 1 1 6 6 7 7 4 0 0 0
 2 2 2 2 2 2 2 2 1 1 2 3 3 3 3 3 3 3 3 3 3 3 2 2 2 2 2 2 2 2 4 4 3 3 2 1 1 1 6 6 7 7 4 0 0 0
 2 2 2 2 2 2 2 2 1 1 1 2 2 4 4 4 3 3 4 4 4 4 4 4 4 4 4 4 4 4 4 4 3 3 2 1 1 1 1 1 1 1 1 1 1 1
 2 2 2 2 2 2 2 2 1 1 1 2 2 4 4 4 3 3 4 4 4 4 4 4 4 4 4 4 4 4 4 4 3 3 2 1 1 1 1 1 1 1 1 1 1 1
 1 1 2 2 2 2 3 3 3 3 2 2 2 3 3 3 3 3 3 4 4 4 5 5 5 5 6 6 6 7 8 8 4 4 6 4 4 3 2 2 1 1 1 2 2 1
 1 1 1 1 1 1 2 2 2 2 2 3 3 3 3 3 3 3 4 5 5 6 6 6 7 7 7 7 7 8 8 8 12 12 11 5 5 5 3 3 1 1 1 1 1 0
 1 1 1 1 1 1 2 2 2 2 2 3 3 3 3 3 3 3 4 5 5 6 6 6 7 7 7 7 7 8 8 8 12 12 11 5 5 5 3 3 1 1 1 1 1 0
 1 1 1 1 1 1 1 1 1 1 1 2 2 2 2 2 3 3 4 5 5 7 7 7 9 9 12 13 13 11 10 10 10 10 12 11 11 8 8 8 3 3 5 2 2 1
 1 1 1 1 1 1 1 1 0 0 1 1 1 1 2 2 3 3 5 7 7 11 15 15 19 19 22 21 21 19 19 19 14 14 11 9 9 11 8 8 1 1 5 1 1 0
