assets/RAT_results_old/precipitation/2019-04-24_IMERG.asc
ncols        46
nrows        77
xllcorner    74.800261325624
yllcorner    8.058333333333
cellsize     0.062500000000
NODATA_value -9999
 1 1 1 0 0 0 0 0 0 0 2 1 1 0 0 0 0 0 0 0 0 3 2 2 0 0 0 0 0 0 0 0 0 0 0 0 0 0 0 0 0 0 0 0 0 0
 1 1 3 1 1 1 0 0 0 0 4 1 1 3 3 3 0 0 0 0 0 0 0 0 0 0 0 0 0 0 0 0 0 0 0 0 0 0 0 0 0 0 0 0 0 0
 1 1 3 1 1 1 0 0 0 0 4 1 1 3 3 3 0 0 0 0 0 0 0 0 0 0 0 0 0 0 0 0 0 0 0 0 0 0 0 0 0 0 0 0 0 0
 2 2 5 3 3 1 2 2 7 7 4 4 4 3 3 3 0 0 0 0 0 0 0 0 0 0 0 0 0 0 0 0 0 0 0 0 0 0 0 0 0 0 0 0 0 0
 1 1 2 3 3 1 3 3 25 25 17 5 5 5 5 5 0 0 0 0 0 0 0 0 0 0 0 0 0 0 0 0 0 0 0 0 0 0 0 0 0 0 0 0 0 0
 1 1 2 3 3 1 3 3 25 25 17 5 5 5 5 5 0 0 0 0 0 0 0 0 0 0 0 0 0 0 0 0 0 0 0 0 0 0 0 0 0 0 0 0 0 0
 0 0 1 2 2 0 16 16 26 26 27 10 10 10 0 0 0 0 0 0 0 0 0 0 0 0 0 0 0 0 0 0 0 0 0 0 0 0 0 0 0 0 0 0 0 0
 0 0 1 2 2 0 16 16 26 26 27 10 10 10 0 0 0 0 0 0 0 0 0 0 0 0 0 0 0 0 0 0 0 0 0 0 0 0 0 0 0 0 0 0 0 0
 0 0 0 2 2 2 15 15 27 27 17 7 7 2 0 0 0 0 0 0 0 0 0 0 0 0 0 0 0 0 0 0 0 0 0 0 0 0 0 0 0 0 0 0 0 0
 0 0 0 0 0 0 0 0 18 18 7 0 0 0 0 0 0 0 0 0 0 0 0 0 0 0 0 0 0 0 0 0 0 0 0 0 0 0 0 0 0 0 0 0 0 0
 0 0 0 0 0 0 0 0 18 18 7 0 0 0 0 0 0 0 0 0 0 0 0 0 0 0 0 0 0 0 0 0 0 0 0 0 0 0 0 0 0 0 0 0 0 0
 0 0 0 0 0 0 0 0 0 0 0 0 0 0 0 0 0 0 0 0 0 0 0 0 0 0 0 0 0 0 0 0 0 0 0 0 0 0 0 0 0 0 0 0 0 0
 0 0 0 0 0 0 2 2 0 0 0 0 0 0 0 0 0 0 0 0 0 0 0 0 0 0 0 0 0 0 0 0 0 0 0 0 0 0 0 0 0 0 0 0 0 1
 0 0 0 0 0 0 2 2 0 0 0 0 0 0 0 0 0 0 0 0 0 0 0 0 0 0 0 0 0 0 0 0 0 0 0 0 0 0 0 0 0 0 0 0 0 1
 0 0 0 0 0 0 0 0 0 0 1 1 1 0 0 0 0 0 0 0 0 0 0 0 0 0 0 0 0 0 0 0 0 0 0 0 0 0 0 0 0 0 0 0 0 2
 0 0 0 0 0 0 0 0 0 0 1 1 1 0 0 0 0 0 0 0 0 0 0 0 0 0 0 0 0 0 0 0 0 0 0 0 0 0 0 0 0 0 0 0 0 2
 0 0 0 0 0 0 0 0 0 0 1 1 1 1 1 1 0 0 0 0 0 3 3 3 0 0 0 0 0 0 0 0 0 0 0 0 0 0 0 0 0 0 0 0 0 3
 0 0 0 0 0 0 0 0 0 0 1 1 1 1 1 1 0 0 0 0 0 5 14 14 1 1 0 0 0 0 0 0 0 0 0 0 0 0 0 0 0 0 0 0 0 1
 0 0 0 0 0 0 0 0 0 0 1 1 1 1 1 1 0 0 0 0 0 5 14 14 1 1 0 0 0 0 0 0 0 0 0 0 0 0 0 0 0 0 0 0 0 1
 0 0 0 0 0 0 0 0 0 0 0 1 1 1 11 11 11 11 11 11 11 11 11 11 11 11 0 0 0 0 0 0 0 0 0 0 0 0 0 0 0 0 0 0 0 0
 0 0 0 0 0 0 0 0 0 0 0 0 0 0 11 11 11 11 11 11 11 6 6 6 6 6 0 0 0 0 0 0 0 0 0 0 0 0 0 0 0 0 0 0 0 0
 0 0 0 0 0 0 0 0 0 0 0 0 0 0 11 11 11 11 11 11 11 6 6 6 6 6 0 0 0 0 0 0 0 0 0 0 0 0 0 0 0 0 0 0 0 0
 0 0 0 0 0 0 0 0 0 0 0 0 0 0 13 13 13 13 13 13 13 7 6 6 0 0 0 0 0 0 0 0 0 0 0 0 0 0 0 0 0 0 0 0 0 0
 0 0 0 0 0 0 0 0 0 0 0 0 0 0 13 13 13 13 13 13 13 7 6 6 0 0 0 0 0 0 0 0 0 0 0 0 0 0 0 0 0 0 0 0 0 0
 0 0 0 0 0 0 0 0 0 0 0 0 0 0 0 0 0 0 0 0 0 0 0 0 0 0 0 0 0 1 1 1 1 1 0 0 0 0 0 0 0 0 0 0 0 0
 0 0 0 0 0 0 0 0 0 0 0 0 0 0 0 0 0 0 0 0 0 1 1 1 1 1 0 0 0 0 1 1 0 0 0 0 0 0 0 0 0 0 0 0 0 0
 0 0 0 0 0 0 0 0 0 0 0 0 0 0 0 0 0 0 0 0 0 1 1 1 1 1 0 0 0 0 1 1 0 0 0 0 0 0 0 0 0 0 0 0 0 0
 0 0 0 0 0 0 0 0 0 0 0 0 0 0 0 0 0 0 1 2 2 5 6 6 5 5 2 1 1 0 0 0 0 0 0 0 0 0 0 0 0 0 0 0 0 0
 0 0 0 0 0 0 0 0 0 0 0 0 0 0 0 0 0 0 2 6 6 12 15 15 13 13 9 4 4 1 1 1 1 1 0 0 0 0 0 0 0 0 0 0 0 0
 0 0 0 0 0 0 0 0 0 0 0 0 0 0 0 0 0 0 2 6 6 12 15 15 13 13 9 4 4 1 1 1 1 1 0 0 0 0 0 0 0 0 0 0 0 0
 0 0 0 0 0 0 0 0 0 0 0 0 0 0 0 0 0 0 1 6 6 14 16 16 16 16 15 7 7 1 0 0 0 0 0 0 0 0 0 0 0 0 0 0 0 0
 0 0 0 0 0 0 0 0 0 0 0 0 0 0 0 0 0 0 1 6 6 14 16 16 16 16 15 7 7 1 0 0 0 0 0 0 0 0 0 0 0 0 0 0 0 0
 1 1 1 0 0 0 0 0 0 0 0 0 0 1 0 0 0 0 1 2 2 6 12 12 12 12 11 5 5 1 0 0 0 0 0 0 0 0 0 0 0 0 0 0 0 0
 1 1 1 1 1 0 1 1 2 2 2 2 2 2 2 2 1 1 1 0 0 2 3 3 3 3 2 1 1 0 0 0 0 0 0 0 0 0 0 0 0 0 0 0 0 0
 1 1 1 1 1 0 1 1 2 2 2 2 2 2 2 2 1 1 1 0 0 2 3 3 3 3 2 1 1 0 0 0 0 0 0 0 0 0 0 0 0 0 0 0 0 0
 2 2 1 1 1 1 4 4 8 8 8 8 8 7 6 6 4 4 2 1 1 1 0 0 0 0 0 0 0 0 0 0 0 0 0 0 0 0 0 0 0 0 0 0 0 0
 2 2 1 2 2 11 18 18 26 26 24 21 21 19 17 17 17 17 17 87 87 19 17 17 0 0 0 1 1 0 0 0 1 1 0 0 0 0 0 0 0 0 0 0 0 0
 2 2 1 2 2 11 18 18 26 26 24 21 21 19 17 17 17 17 17 87 87 19 17 17 0 0 0 1 1 0 0 0 1 1 0 0 0 0 0 0 0 0 0 0 0 0
 1 1 1 3 3 11 36 36 44 44 37 32 32 28 25 25 29 29 26 78 78 18 16 16 5 5 6 5 5 0 0 0 1 1 1 0 0 0 0 0 0 0 0 0 0 0
 1 1 1 3 3 11 36 36 44 44 37 32 32 28 25 25 29 29 26 78 78 18 16 16 5 5 6 5 5 0 0 0 1 1 1 0 0 0 0 0 0 0 0 0 0 0
 1 1 2 16 16 43 35 35 34 34 28 25 25 19 12 12 8 8 6 14 14 0 0 0 5 5 7 3 3 1 2 2 3 3 8 1 1 1 1 1 0 0 0 0 0 0
 2 2 4 17 17 20 19 19 19 19 18 18 18 16 14 14 10 10 7 15 15 0 1 1 5 5 7 7 7 8 12 12 15 15 43 40 40 8 7 7 13 13 0 0 0 0
 2 2 4 17 17 20 19 19 19 19 18 18 18 16 14 14 10 10 7 15 15 0 1 1 5 5 7 7 7 8 12 12 15 15 43 40 40 8 7 7 13 13 0 0 0 0
 4 4 16 43 43 32 31 31 29 29 27 27 27 22 20 20 17 17 13 2 2 1 3 3 7 7 21 20 20 14 23 23 51 51 46 43 43 16 6 6 3 3 1 1 1 1
 5 5 17 16 16 15 14 14 16 16 18 20 20 18 21 21 17 17 11 3 3 1 2 2 5 5 6 23 23 11 11 11 10 10 7 36 36 33 1 1 2 2 3 3 3 3
 5 5 17 16 16 15 14 14 16 16 18 20 20 18 21 21 17 17 11 3 3 1 2 2 5 5 6 23 23 11 11 11 10 10 7 36 36 33 1 1 2 2 3 3 3 3
 7 7 10 10 10 9 11 11 14 14 18 20 20 17 18 18 13 13 7 2 2 1 1 1 1 1 3 13 13 21 10 10 10 10 6 4 4 1 2 2 3 3 5 7 7 8
 7 7 10 10 10 9 11 11 14 14 18 20 20 17 18 18 13 13 7 2 2 1 1 1 1 1 3 13 13 21 10 10 10 10 6 4 4 1 2 2 3 3 5 7 7 8
 13 13 13 13 13 10 11 11 15 15 17 19 19 14 10 10 7 7 4 2 2 2 2 2 1 1 6 15 15 11 6 6 5 5 1 1 1 1 3 3 6 6 6 3 3 4
 23 23 22 19 19 17 14 14 15 15 12 11 11 7 5 5 3 3 2 2 2 2 2 2 1 1 5 12 12 9 5 5 3 3 8 13 13 13 22 22 6 6 5 0 0 0
 23 23 22 19 19 17 14 14 15 15 12 11 11 7 5 5 3 3 2 2 2 2 2 2 1 1 5 12 12 9 5 5 3 3 8 13 13 13 22 22 6 6 5 0 0 0
 37 37 32 28 28 24 19 19 15 15 11 8 8 5 3 3 3 3 3 3 3 3 3 3 3 3 6 6 6 6 5 5 6 6 8 3 3 6 12 12 11 11 3 0 0 0
 79 79 70 62 62 53 43 43 30 30 20 13 13 9 6 6 3 3 3 3 3 4 4 4 3 3 3 3 3 11 8 8 10 10 13 8 8 12 12 12 10 10 1 1 1 4
 79 79 70 62 62 53 43 43 30 30 20 13 13 9 6 6 3 3 3 3 3 4 4 4 3 3 3 3 3 11 8 8 10 10 13 8 8 12 12 12 10 10 1 1 1 4
 89 89 83 75 75 66 54 54 40 40 26 16 16 12 7 7 3 3 2 3 3 4 4 4 4 4 3 6 6 8 5 5 8 8 9 13 13 10 2 2 2 2 2 1 1 5
 89 89 83 75 75 66 54 54 40 40 26 16 16 12 7 7 3 3 2 3 3 4 4 4 4 4 3 6 6 8 5 5 8 8 9 13 13 10 2 2 2 2 2 1 1 5
 81 81 109 95 95 84 69 69 55 55 39 22 22 15 9 9 5 5 2 2 2 3 4 4 5 5 4 9 9 14 7 7 8 8 10 16 16 10 2 2 2 2 3 3 3 0
 18 18 37 42 42 39 34 34 29 29 24 15 15 9 5 5 4 4 2 2 2 3 4 4 4 4 6 9 9 8 10 10 7 7 13 16 16 13 3 3 3 3 3 3 3 0
 18 18 37 42 42 39 34 34 29 29 24 15 15 9 5 5 4 4 2 2 2 3 4 4 4 4 6 9 9 8 10 10 7 7 13 16 16 13 3 3 3 3 3 3 3 0
 20 20 25 47 47 40 36 36 30 30 26 18 18 13 9 9 6 6 4 2 2 3 4 4 5 5 8 5 5 9 8 8 8 8 14 14 14 15 15 15 1 1 1 1 1 0
 4 4 6 11 11 11 14 14 18 18 20 18 18 15 11 11 8 8 6 4 4 4 5 5 7 7 8 8 8 10 9 9 10 10 19 15 15 15 15 15 1 1 4 5 5 1
 4 4 6 11 11 11 14 14 18 18 20 18 18 15 11 11 8 8 6 4 4 4 5 5 7 7 8 8 8 10 9 9 10 10 19 15 15 15 15 15 1 1 4 5 5 1
 5 5 5 5 5 4 8 8 21 21 50 38 38 34 27 27 22 22 15 9 9 5 5 5 7 7 6 8 8 12 10 10 6 6 19 4 4 4 4 4 4 4 6 4 4 9
 5 5 5 5 5 4 8 8 21 21 50 38 38 34 27 27 22 22 15 9 9 5 5 5 7 7 6 8 8 12 10 10 6 6 19 4 4 4 4 4 4 4 6 4 4 9
 6 6 5 5 5 2 4 4 7 7 11 11 11 9 7 7 6 6 4 3 3 2 2 2 2 2 3 5 5 6 6 6 4 4 3 4 4 4 4 4 4 4 4 6 6 21
 6 6 5 4 4 2 2 2 3 3 3 3 3 4 3 3 3 3 2 2 2 1 1 1 1 1 1 2 2 4 5 5 4 4 3 4 4 4 4 4 4 4 8 21 21 15
 6 6 5 4 4 2 2 2 3 3 3 3 3 4 3 3 3 3 2 2 2 1 1 1 1 1 1 2 2 4 5 5 4 4 3 4 4 4 4 4 4 4 8 21 21 15
 3 3 3 2 2 1 0 0 1 1 1 2 2 2 3 3 2 2 2 1 1 1 1 1 1 1 1 1 1 2 3 3 2 2 1 1 1 1 1 1 1 1 7 22 22 15
 1 1 1 0 0 0 0 0 1 1 2 2 2 3 3 3 3 3 2 2 2 1 1 1 1 1 1 1 1 1 2 2 1 1 1 1 1 1 7 7 8 8 8 12 12 15
 1 1 1 0 0 0 0 0 1 1 2 2 2 3 3 3 3 3 2 2 2 1 1 1 1 1 1 1 1 1 2 2 1 1 1 1 1 1 7 7 8 8 8 12 12 15
 0 0 1 0 0 0 0 0 0 0 1 2 2 3 2 2 2 2 2 1 1 1 1 1 1 1 0 0 0 0 1 1 0 0 0 7 7 7 7 7 8 8 7 7 7 9
 0 0 1 0 0 0 0 0 0 0 1 2 2 3 2 2 2 2 2 1 1 1 1 1 1 1 0 0 0 0 1 1 0 0 0 7 7 7 7 7 8 8 7 7 7 9
 1 1 1 0 0 0 0 0 0 0 0 1 1 1 1 1 1 1 2 2 2 1 1 1 1 1 0 0 0 0 0 0 1 1 1 1 1 11 12 12 12 12 9 9 9 9
 1 1 0 0 0 0 0 0 0 0 0 0 0 0 0 0 0 0 0 0 0 0 0 0 0 0 0 0 0 0 0 0 1 1 1 1 1 11 11 11 1 1 8 5 5 5
 1 1 0 0 0 0 0 0 0 0 0 0 0 0 0 0 0 0 0 0 0 0 0 0 0 0 0 0 0 0 0 0 1 1 1 1 1 11 11 11 1 1 8 5 5 5
 1 1 0 0 0 0 0 0 0 0 0 0 0 0 0 0 0 0 0 0 0 0 0 0 0 0 0 0 0 0 0 0 0 0 1 1 1 2 3 3 2 2 1 5 5 5
 0 0 0 0 0 0 0 0 0 0 0 0 0 0 0 0 0 0 0 0 0 0 0 0 0 0 0 0 0 0 0 0 0 0 0 1 1 2 1 1 1 1 1 1 1 1
