assets/RAT_results_old/precipitation/2019-04-30_IMERG.asc
ncols        46
nrows        77
xllcorner    74.800261325624
yllcorner    8.058333333333
cellsize     0.062500000000
NODATA_value -9999
 6 6 3 3 3 3 4 4 6 6 6 6 6 7 12 12 10 10 12 11 11 12 15 15 16 16 16 18 18 16 24 24 27 27 45 30 30 39 27 27 22 22 19 22 22 31
 4 4 4 3 3 3 4 4 6 6 6 6 6 7 10 10 10 10 12 12 12 12 16 16 20 20 18 21 21 18 22 22 34 34 43 26 26 32 37 37 33 33 21 20 20 29
 4 4 4 3 3 3 4 4 6 6 6 6 6 7 10 10 10 10 12 12 12 12 16 16 20 20 18 21 21 18 22 22 34 34 43 26 26 32 37 37 33 33 21 20 20 29
 6 6 5 4 4 4 5 5 5 5 5 6 6 6 6 6 7 7 10 13 13 13 20 20 23 23 22 22 22 17 17 17 25 25 29 61 61 34 42 42 36 36 18 23 23 14
 8 8 7 6 6 7 7 7 7 7 7 7 7 7 6 6 7 7 9 14 14 14 20 20 25 25 25 24 24 17 18 18 30 30 30 27 27 35 54 54 46 46 29 22 22 17
 8 8 7 6 6 7 7 7 7 7 7 7 7 7 6 6 7 7 9 14 14 14 20 20 25 25 25 24 24 17 18 18 30 30 30 27 27 35 54 54 46 46 29 22 22 17
 8 8 8 10 10 13 13 13 11 11 12 10 10 9 8 8 8 8 10 15 15 18 22 22 27 27 29 25 25 17 16 16 16 16 16 18 18 48 29 29 68 68 28 27 27 13
 8 8 8 10 10 13 13 13 11 11 12 10 10 9 8 8 8 8 10 15 15 18 22 22 27 27 29 25 25 17 16 16 16 16 16 18 18 48 29 29 68 68 28 27 27 13
 6 6 7 12 12 17 17 17 16 16 13 12 12 12 10 10 10 10 11 18 18 19 21 21 29 29 30 25 25 17 17 17 15 15 13 20 20 18 27 27 52 52 51 23 23 13
 5 5 6 9 9 15 17 17 15 15 12 12 12 13 13 13 12 12 14 21 21 21 20 20 28 28 31 26 26 17 17 17 13 13 13 17 17 13 23 23 60 60 50 41 41 20
 5 5 6 9 9 15 17 17 15 15 12 12 12 13 13 13 12 12 14 21 21 21 20 20 28 28 31 26 26 17 17 17 13 13 13 17 17 13 23 23 60 60 50 41 41 20
 5 5 6 8 8 15 17 17 18 18 13 12 12 12 13 13 12 12 13 18 18 22 19 19 27 27 28 26 26 20 18 18 13 13 14 13 13 12 16 16 25 25 45 33 33 24
 6 6 7 9 9 16 18 18 17 17 12 10 10 9 9 9 10 10 11 15 15 18 17 17 22 22 25 24 24 19 15 15 12 12 14 12 12 10 12 12 16 16 33 14 14 11
 6 6 7 9 9 16 18 18 17 17 12 10 10 9 9 9 10 10 11 15 15 18 17 17 22 22 25 24 24 19 15 15 12 12 14 12 12 10 12 12 16 16 33 14 14 11
 6 6 8 10 10 12 19 19 21 21 19 13 13 9 8 8 9 9 10 13 13 16 16 16 17 17 23 22 22 18 12 12 12 12 12 10 10 9 9 9 10 10 12 10 10 9
 6 6 8 10 10 12 19 19 21 21 19 13 13 9 8 8 9 9 10 13 13 16 16 16 17 17 23 22 22 18 12 12 12 12 12 10 10 9 9 9 10 10 12 10 10 9
 8 8 11 14 14 15 19 19 22 22 24 17 17 12 8 8 8 8 9 11 11 14 17 17 16 16 21 20 20 17 12 12 11 11 10 9 9 8 7 7 7 7 10 9 9 7
 11 11 12 16 16 15 19 19 21 21 22 21 21 15 10 10 8 8 8 9 9 12 13 13 13 13 19 19 19 17 11 11 10 10 9 7 7 7 6 6 6 6 8 8 8 8
 11 11 12 16 16 15 19 19 21 21 22 21 21 15 10 10 8 8 8 9 9 12 13 13 13 13 19 19 19 17 11 11 10 10 9 7 7 7 6 6 6 6 8 8 8 8
 12 12 12 17 17 15 20 20 21 21 23 25 25 18 10 10 8 8 8 7 7 8 9 9 10 10 14 16 16 13 9 9 8 8 6 5 5 5 6 6 6 6 8 8 8 7
 7 7 6 11 11 13 18 18 22 22 22 26 26 21 13 13 8 8 7 6 6 6 6 6 7 7 8 11 11 9 6 6 5 5 4 4 4 5 6 6 6 6 7 10 10 8
 7 7 6 11 11 13 18 18 22 22 22 26 26 21 13 13 8 8 7 6 6 6 6 6 7 7 8 11 11 9 6 6 5 5 4 4 4 5 6 6 6 6 7 10 10 8
 7 7 7 12 12 15 23 23 27 27 24 24 24 24 13 13 10 10 7 7 7 4 4 4 4 4 6 8 8 6 5 5 4 4 4 4 4 7 6 6 7 7 7 13 13 10
 7 7 7 12 12 15 23 23 27 27 24 24 24 24 13 13 10 10 7 7 7 4 4 4 4 4 6 8 8 6 5 5 4 4 4 4 4 7 6 6 7 7 7 13 13 10
 6 6 7 12 12 19 28 28 27 27 24 22 22 22 10 10 9 9 6 6 6 5 7 7 4 4 3 4 4 5 4 4 4 4 4 5 5 9 9 9 8 8 6 5 5 6
 7 7 6 10 10 14 23 23 22 22 21 19 19 17 8 8 8 8 6 6 6 6 8 8 6 6 4 5 5 5 5 5 5 5 5 5 5 7 10 10 9 9 6 4 4 4
 7 7 6 10 10 14 23 23 22 22 21 19 19 17 8 8 8 8 6 6 6 6 8 8 6 6 4 5 5 5 5 5 5 5 5 5 5 7 10 10 9 9 6 4 4 4
 4 4 4 5 5 7 14 14 14 14 16 14 14 13 7 7 7 7 7 7 7 7 8 8 9 9 8 7 7 6 6 6 5 5 5 5 5 5 8 8 10 10 5 4 4 4
 2 2 1 2 2 3 8 8 9 9 10 10 10 10 6 6 7 7 7 7 7 7 7 7 8 8 7 6 6 5 5 5 4 4 5 7 7 7 9 9 9 9 5 4 4 4
 2 2 1 2 2 3 8 8 9 9 10 10 10 10 6 6 7 7 7 7 7 7 7 7 8 8 7 6 6 5 5 5 4 4 5 7 7 7 9 9 9 9 5 4 4 4
 2 2 1 1 1 2 5 5 5 5 6 6 6 6 5 5 7 7 7 7 7 7 6 6 6 6 6 5 5 4 3 3 5 5 10 8 8 5 6 6 6 6 5 4 4 3
 2 2 1 1 1 2 5 5 5 5 6 6 6 6 5 5 7 7 7 7 7 7 6 6 6 6 6 5 5 4 3 3 5 5 10 8 8 5 6 6 6 6 5 4 4 3
 1 1 1 1 1 2 3 3 3 3 4 4 4 4 4 4 6 6 7 8 8 7 6 6 5 5 4 4 4 4 4 4 8 8 8 7 7 8 7 7 7 7 5 4 4 3
 1 1 1 1 1 1 2 2 2 2 2 2 2 2 2 2 4 4 6 10 10 7 5 5 4 4 5 6 6 9 10 10 11 11 7 7 7 7 8 8 7 7 5 4 4 3
 1 1 1 1 1 1 2 2 2 2 2 2 2 2 2 2 4 4 6 10 10 7 5 5 4 4 5 6 6 9 10 10 11 11 7 7 7 7 8 8 7 7 5 4 4 3
 0 0 0 0 0 0 1 1 1 1 1 1 1 1 1 1 2 2 4 12 12 7 5 5 5 5 9 13 13 10 8 8 9 9 8 7 7 6 7 7 6 6 4 5 5 4
 0 0 0 0 0 0 0 0 0 0 0 0 0 1 1 1 1 1 2 12 12 7 6 6 10 10 12 8 8 8 9 9 9 9 7 6 6 7 4 4 3 3 3 5 5 4
 0 0 0 0 0 0 0 0 0 0 0 0 0 1 1 1 1 1 2 12 12 7 6 6 10 10 12 8 8 8 9 9 9 9 7 6 6 7 4 4 3 3 3 5 5 4
 0 0 0 0 0 0 0 0 0 0 0 0 0 1 1 1 1 1 1 7 7 6 6 6 11 11 7 7 7 9 10 10 8 8 6 5 5 8 3 3 3 3 3 4 4 4
 0 0 0 0 0 0 0 0 0 0 0 0 0 1 1 1 1 1 1 7 7 6 6 6 11 11 7 7 7 9 10 10 8 8 6 5 5 8 3 3 3 3 3 4 4 4
 0 0 0 0 0 0 0 0 0 0 1 1 1 0 0 0 0 0 1 2 2 2 5 5 7 7 5 7 7 9 9 9 6 6 4 6 6 8 4 4 4 4 4 5 5 5
 0 0 0 0 0 0 0 0 1 1 3 2 2 1 0 0 0 0 0 1 1 2 2 2 3 3 3 4 4 5 5 5 4 4 7 8 8 8 4 4 5 5 5 5 5 6
 0 0 0 0 0 0 0 0 1 1 3 2 2 1 0 0 0 0 0 1 1 2 2 2 3 3 3 4 4 5 5 5 4 4 7 8 8 8 4 4 5 5 5 5 5 6
 0 0 0 0 0 0 0 0 1 1 2 1 1 1 1 1 1 1 1 1 1 2 1 1 2 2 2 2 2 2 4 4 6 6 8 6 6 5 5 5 8 8 8 7 7 7
 0 0 0 0 0 0 1 1 1 1 1 1 1 1 1 1 1 1 1 1 1 2 2 2 2 2 4 4 4 3 3 3 3 3 4 6 6 6 7 7 9 9 10 8 8 6
 0 0 0 0 0 0 1 1 1 1 1 1 1 1 1 1 1 1 1 1 1 2 2 2 2 2 4 4 4 3 3 3 3 3 4 6 6 6 7 7 9 9 10 8 8 6
 0 0 0 0 0 1 0 0 1 1 1 1 1 1 0 0 0 0 0 1 1 2 2 2 2 2 3 4 4 5 4 4 4 4 5 7 7 7 8 8 8 8 7 5 5 5
 0 0 0 0 0 1 0 0 1 1 1 1 1 1 0 0 0 0 0 1 1 2 2 2 2 2 3 4 4 5 4 4 4 4 5 7 7 7 8 8 8 8 7 5 5 5
 0 0 0 0 0 0 0 0 1 1 1 1 1 2 1 1 1 1 1 1 1 2 3 3 4 4 4 4 4 5 6 6 6 6 7 8 8 8 6 6 5 5 4 5 5 5
 1 1 0 0 0 1 1 1 1 1 2 2 2 2 9 9 8 8 2 2 2 3 4 4 7 7 6 5 5 5 6 6 8 8 8 7 7 5 4 4 4 4 4 4 4 3
 1 1 0 0 0 1 1 1 1 1 2 2 2 2 9 9 8 8 2 2 2 3 4 4 7 7 6 5 5 5 6 6 8 8 8 7 7 5 4 4 4 4 4 4 4 3
 1 1 1 1 1 1 1 1 2 2 2 2 2 3 10 10 9 9 11 5 5 4 8 8 9 9 7 6 6 5 6 6 7 7 6 5 5 4 4 4 5 5 5 4 4 4
 1 1 1 1 1 2 2 2 3 3 3 3 3 5 6 6 8 8 7 8 8 7 13 13 13 13 8 6 6 4 5 5 5 5 6 5 5 5 4 4 4 4 4 4 4 5
 1 1 1 1 1 2 2 2 3 3 3 3 3 5 6 6 8 8 7 8 8 7 13 13 13 13 8 6 6 4 5 5 5 5 6 5 5 5 4 4 4 4 4 4 4 5
 3 3 2 2 2 2 3 3 4 4 4 4 4 6 9 9 11 11 11 12 12 10 24 24 24 24 13 8 8 2 3 3 4 4 5 5 5 5 3 3 3 3 3 4 4 3
 3 3 2 2 2 2 3 3 4 4 4 4 4 6 9 9 11 11 11 12 12 10 24 24 24 24 13 8 8 2 3 3 4 4 5 5 5 5 3 3 3 3 3 4 4 3
 3 3 3 3 3 3 3 3 4 4 5 5 5 7 10 10 12 12 18 19 19 19 36 36 36 36 20 13 13 2 3 3 3 3 3 3 3 3 2 2 2 2 1 2 2 3
 2 2 3 3 3 4 4 4 5 5 6 7 7 10 14 14 21 21 29 28 28 24 46 46 49 49 20 18 18 2 2 2 2 2 2 2 2 2 2 2 2 2 2 1 1 2
 2 2 3 3 3 4 4 4 5 5 6 7 7 10 14 14 21 21 29 28 28 24 46 46 49 49 20 18 18 2 2 2 2 2 2 2 2 2 2 2 2 2 2 1 1 2
 3 3 3 3 3 4 5 5 8 8 11 12 12 17 25 25 31 31 40 38 38 28 54 54 55 55 19 20 20 3 3 3 2 2 2 3 3 3 4 4 2 2 1 1 1 2
 5 5 6 7 7 8 8 8 13 13 17 20 20 29 36 36 41 41 51 51 51 35 44 44 44 44 17 17 17 4 4 4 3 3 3 3 3 2 2 2 1 1 1 1 1 1
 5 5 6 7 7 8 8 8 13 13 17 20 20 29 36 36 41 41 51 51 51 35 44 44 44 44 17 17 17 4 4 4 3 3 3 3 3 2 2 2 1 1 1 1 1 1
 3 3 4 6 6 8 13 13 18 18 22 24 24 39 47 47 55 55 72 69 69 47 37 37 39 39 19 16 16 8 6 6 4 4 2 2 2 1 1 1 1 1 1 1 1 1
 3 3 4 6 6 8 13 13 18 18 22 24 24 39 47 47 55 55 72 69 69 47 37 37 39 39 19 16 16 8 6 6 4 4 2 2 2 1 1 1 1 1 1 1 1 1
 5 5 5 7 7 10 13 13 19 19 24 28 28 41 52 52 63 63 82 74 74 49 27 27 32 32 20 17 17 12 11 11 9 9 3 1 1 1 0 0 0 0 1 1 1 1
 7 7 7 7 7 9 10 10 15 15 25 23 23 24 54 54 53 53 145 71 71 62 7 7 16 16 26 11 11 12 10 10 7 7 5 4 4 2 1 1 1 1 0 0 0 1
 7 7 7 7 7 9 10 10 15 15 25 23 23 24 54 54 53 53 145 71 71 62 7 7 16 16 26 11 11 12 10 10 7 7 5 4 4 2 1 1 1 1 0 0 0 1
 8 8 7 6 6 6 8 8 10 10 18 20 20 18 60 60 59 59 168 150 150 145 59 59 6 6 7 6 6 7 6 6 4 4 4 2 2 1 0 0 1 1 0 1 1 0
 14 14 8 6 6 8 14 14 9 9 17 18 18 16 62 62 156 156 153 138 138 142 138 138 57 57 3 2 2 7 6 6 4 4 3 3 3 1 1 1 1 1 1 1 1 0
 14 14 8 6 6 8 14 14 9 9 17 18 18 16 62 62 156 156 153 138 138 142 138 138 57 57 3 2 2 7 6 6 4 4 3 3 3 1 1 1 1 1 1 1 1 0
 12 12 8 6 6 9 14 14 16 16 11 15 15 14 72 72 170 170 155 139 139 144 140 140 57 57 25 24 24 20 22 22 16 16 6 5 5 2 2 2 1 1 2 2 2 1
 12 12 8 6 6 9 14 14 16 16 11 15 15 14 72 72 170 170 155 139 139 144 140 140 57 57 25 24 24 20 22 22 16 16 6 5 5 2 2 2 1 1 2 2 2 1
 7 7 8 10 10 9 10 10 10 10 10 14 14 14 71 71 169 169 140 138 138 164 160 160 79 79 5 4 4 19 20 20 16 16 9 10 10 4 2 2 1 1 2 1 1 1
 8 8 8 9 9 9 11 11 11 11 11 20 20 28 35 35 55 55 66 61 61 44 164 164 81 81 6 4 4 1 1 1 2 2 4 7 7 5 3 3 3 3 2 0 0 0
 8 8 8 9 9 9 11 11 11 11 11 20 20 28 35 35 55 55 66 61 61 44 164 164 81 81 6 4 4 1 1 1 2 2 4 7 7 5 3 3 3 3 2 0 0 0
 6 6 8 8 8 7 6 6 6 6 11 9 9 28 53 53 81 81 69 64 64 46 2 2 2 2 2 2 2 2 3 3 5 5 8 6 6 8 8 8 5 5 3 1 1 0
 6 6 6 7 7 7 8 8 8 8 16 10 10 29 30 30 37 37 37 18 18 16 5 5 5 5 2 2 2 4 4 4 6 6 8 7 7 9 8 8 4 4 2 1 1 1
