assets/RAT_results_old/precipitation/2019-09-03_IMERG.asc
ncols        46
nrows        77
xllcorner    74.800261325624
yllcorner    8.058333333333
cellsize     0.062500000000
NODATA_value -9999
 46 46 33 34 34 34 52 52 45 45 39 29 29 20 17 17 16 16 15 11 11 12 10 10 6 6 2 1 1 1 1 1 0 0 1 0 0 0 0 0 1 1 2 4 4 2
 39 39 35 36 36 30 51 51 51 51 53 49 49 35 16 16 12 12 10 11 11 7 15 15 13 13 2 1 1 1 1 1 1 1 0 0 0 0 0 0 1 1 1 2 2 2
 39 39 35 36 36 30 51 51 51 51 53 49 49 35 16 16 12 12 10 11 11 7 15 15 13 13 2 1 1 1 1 1 1 1 0 0 0 0 0 0 1 1 1 2 2 2
 39 39 42 37 37 33 32 32 26 26 44 50 50 31 22 22 14 14 12 9 9 7 13 13 12 12 9 8 8 1 1 1 1 1 0 0 0 0 0 0 0 0 0 1 1 1
 35 35 43 43 43 32 29 29 40 40 53 54 54 19 31 31 11 11 10 7 7 6 3 3 12 12 3 9 9 2 1 1 1 1 0 0 0 0 0 0 0 0 0 0 0 0
 35 35 43 43 43 32 29 29 40 40 53 54 54 19 31 31 11 11 10 7 7 6 3 3 12 12 3 9 9 2 1 1 1 1 0 0 0 0 0 0 0 0 0 0 0 0
 41 41 34 40 40 35 32 32 28 28 35 34 34 30 28 28 13 13 12 6 6 5 3 3 2 2 3 2 2 2 2 2 2 2 1 0 0 0 1 1 0 0 0 1 1 1
 41 41 34 40 40 35 32 32 28 28 35 34 34 30 28 28 13 13 12 6 6 5 3 3 2 2 3 2 2 2 2 2 2 2 1 0 0 0 1 1 0 0 0 1 1 1
 32 32 39 37 37 28 29 29 25 25 33 26 26 15 13 13 5 5 12 4 4 1 2 2 3 3 3 3 3 5 10 10 6 6 3 3 3 2 3 3 2 2 2 2 2 2
 22 22 32 33 33 24 24 24 15 15 13 12 12 11 19 19 8 8 7 6 6 4 4 4 5 5 4 3 3 6 9 9 9 9 8 9 9 5 4 4 3 3 2 2 2 2
 22 22 32 33 33 24 24 24 15 15 13 12 12 11 19 19 8 8 7 6 6 4 4 4 5 5 4 3 3 6 9 9 9 9 8 9 9 5 4 4 3 3 2 2 2 2
 19 19 24 24 24 25 18 18 17 17 18 15 15 17 13 13 10 10 8 7 7 9 12 12 6 6 10 4 4 4 5 5 6 6 5 2 2 3 2 2 3 3 2 1 1 1
 6 6 17 25 25 34 22 22 21 21 18 15 15 18 20 20 19 19 15 20 20 14 15 15 12 12 8 5 5 2 4 4 4 4 1 1 1 3 3 3 2 2 3 2 2 2
 6 6 17 25 25 34 22 22 21 21 18 15 15 18 20 20 19 19 15 20 20 14 15 15 12 12 8 5 5 2 4 4 4 4 1 1 1 3 3 3 2 2 3 2 2 2
 11 11 16 21 21 29 34 34 28 28 23 15 15 18 20 20 20 20 18 18 18 17 15 15 9 9 5 2 2 1 1 1 1 1 2 1 1 3 2 2 1 1 1 2 2 1
 11 11 16 21 21 29 34 34 28 28 23 15 15 18 20 20 20 20 18 18 18 17 15 15 9 9 5 2 2 1 1 1 1 1 2 1 1 3 2 2 1 1 1 2 2 1
 15 15 20 20 20 27 37 37 40 40 33 15 15 12 14 14 18 18 17 15 15 16 9 9 7 7 3 2 2 1 1 1 1 1 2 1 1 2 2 2 1 1 2 3 3 4
 9 9 12 6 6 26 31 31 37 37 43 34 34 13 14 14 17 17 19 23 23 11 7 7 6 6 2 2 2 1 0 0 1 1 2 2 2 2 2 2 2 2 3 4 4 4
 9 9 12 6 6 26 31 31 37 37 43 34 34 13 14 14 17 17 19 23 23 11 7 7 6 6 2 2 2 1 0 0 1 1 2 2 2 2 2 2 2 2 3 4 4 4
 8 8 2 5 5 5 8 8 25 25 27 23 23 14 12 12 15 15 14 19 19 8 6 6 6 6 2 1 1 1 1 1 2 2 1 1 1 2 2 2 2 2 4 4 4 10
 16 16 11 11 11 5 6 6 25 25 17 23 23 16 12 12 10 10 16 16 16 9 4 4 4 4 4 3 3 3 2 2 2 2 2 2 2 2 3 3 3 3 5 4 4 6
 16 16 11 11 11 5 6 6 25 25 17 23 23 16 12 12 10 10 16 16 16 9 4 4 4 4 4 3 3 3 2 2 2 2 2 2 2 2 3 3 3 3 5 4 4 6
 14 14 9 9 9 7 7 7 10 10 12 19 19 15 12 12 8 8 7 5 5 11 9 9 5 5 4 4 4 4 3 3 4 4 3 2 2 3 3 3 3 3 3 3 3 4
 14 14 9 9 9 7 7 7 10 10 12 19 19 15 12 12 8 8 7 5 5 11 9 9 5 5 4 4 4 4 3 3 4 4 3 2 2 3 3 3 3 3 3 3 3 4
 2 2 1 1 1 2 3 3 8 8 12 7 7 16 13 13 9 9 8 6 6 7 8 8 7 7 9 8 8 4 4 4 5 5 3 3 3 3 3 3 3 3 3 2 2 3
 2 2 1 1 1 2 2 2 6 6 7 3 3 7 10 10 9 9 8 7 7 12 12 12 9 9 7 5 5 3 2 2 3 3 2 2 2 2 2 2 2 2 2 2 2 2
 2 2 1 1 1 2 2 2 6 6 7 3 3 7 10 10 9 9 8 7 7 12 12 12 9 9 7 5 5 3 2 2 3 3 2 2 2 2 2 2 2 2 2 2 2 2
 0 0 1 1 1 2 1 1 5 5 6 4 4 9 9 9 13 13 10 12 12 19 9 9 11 11 6 5 5 4 3 3 2 2 1 1 1 0 1 1 1 1 1 2 2 3
 1 1 1 3 3 1 1 1 4 4 4 3 3 6 8 8 12 12 13 14 14 13 16 16 14 14 4 5 5 4 3 3 1 1 3 1 1 0 2 2 1 1 1 1 1 2
 1 1 1 3 3 1 1 1 4 4 4 3 3 6 8 8 12 12 13 14 14 13 16 16 14 14 4 5 5 4 3 3 1 1 3 1 1 0 2 2 1 1 1 1 1 2
 1 1 1 3 3 3 3 3 5 5 6 6 6 6 14 14 19 19 13 12 12 9 13 13 10 10 4 3 3 3 2 2 2 2 3 2 2 1 2 2 1 1 1 1 1 2
 1 1 1 3 3 3 3 3 5 5 6 6 6 6 14 14 19 19 13 12 12 9 13 13 10 10 4 3 3 3 2 2 2 2 3 2 2 1 2 2 1 1 1 1 1 2
 1 1 1 1 1 2 3 3 5 5 6 5 5 9 18 18 21 21 11 10 10 8 17 17 16 16 6 4 4 4 3 3 3 3 3 4 4 3 1 1 1 1 2 1 1 2
 1 1 1 1 1 3 2 2 3 3 5 5 5 5 16 16 13 13 24 17 17 16 9 9 19 19 6 5 5 4 7 7 6 6 4 2 2 3 3 3 2 2 2 1 1 2
 1 1 1 1 1 3 2 2 3 3 5 5 5 5 16 16 13 13 24 17 17 16 9 9 19 19 6 5 5 4 7 7 6 6 4 2 2 3 3 3 2 2 2 1 1 2
 1 1 1 1 1 2 2 2 3 3 3 5 5 4 4 4 9 9 11 17 17 15 9 9 9 9 10 7 7 3 5 5 2 2 2 3 3 1 1 1 1 1 2 2 2 2
 1 1 1 1 1 1 1 1 1 1 1 4 4 3 5 5 4 4 4 10 10 11 14 14 10 10 8 8 8 4 3 3 1 1 3 3 3 2 1 1 2 2 2 1 1 1
 1 1 1 1 1 1 1 1 1 1 1 4 4 3 5 5 4 4 4 10 10 11 14 14 10 10 8 8 8 4 3 3 1 1 3 3 3 2 1 1 2 2 2 1 1 1
 2 2 3 1 1 0 0 0 1 1 1 2 2 1 2 2 2 2 2 7 7 8 9 9 6 6 7 6 6 3 2 2 2 2 3 3 3 4 2 2 2 2 2 2 2 2
 2 2 3 1 1 0 0 0 1 1 1 2 2 1 2 2 2 2 2 7 7 8 9 9 6 6 7 6 6 3 2 2 2 2 3 3 3 4 2 2 2 2 2 2 2 2
 1 1 1 1 1 1 1 1 1 1 2 2 2 1 1 1 1 1 2 5 5 6 5 5 5 5 4 4 4 3 2 2 2 2 5 4 4 4 4 4 3 3 3 2 2 2
 0 0 1 1 1 1 1 1 3 3 3 1 1 1 1 1 2 2 2 3 3 4 4 4 4 4 4 3 3 2 2 2 3 3 3 4 4 5 4 4 3 3 3 2 2 2
 0 0 1 1 1 1 1 1 3 3 3 1 1 1 1 1 2 2 2 3 3 4 4 4 4 4 4 3 3 2 2 2 3 3 3 4 4 5 4 4 3 3 3 2 2 2
 0 0 1 1 1 2 3 3 2 2 1 1 1 1 1 1 1 1 1 1 1 4 4 4 4 4 3 3 3 3 3 3 3 3 3 3 3 4 3 3 4 4 3 3 3 3
 1 1 1 1 1 1 2 2 2 2 1 1 1 1 1 1 1 1 1 1 1 1 5 5 3 3 3 3 3 3 4 4 3 3 5 3 3 4 4 4 4 4 4 3 3 4
 1 1 1 1 1 1 2 2 2 2 1 1 1 1 1 1 1 1 1 1 1 1 5 5 3 3 3 3 3 3 4 4 3 3 5 3 3 4 4 4 4 4 4 3 3 4
 1 1 1 2 2 1 1 1 2 2 1 1 1 1 1 1 1 1 1 1 1 3 5 5 7 7 8 4 4 4 6 6 5 5 5 3 3 3 4 4 4 4 4 4 4 4
 1 1 1 2 2 1 1 1 2 2 1 1 1 1 1 1 1 1 1 1 1 3 5 5 7 7 8 4 4 4 6 6 5 5 5 3 3 3 4 4 4 4 4 4 4 4
 1 1 1 2 2 2 1 1 1 1 1 1 1 1 0 0 0 0 0 1 1 4 5 5 7 7 6 4 4 5 6 6 4 4 3 3 3 3 3 3 3 3 3 3 3 3
 1 1 1 1 1 1 1 1 1 1 1 1 1 1 0 0 0 0 0 1 1 1 2 2 3 3 2 3 3 2 3 3 2 2 2 2 2 2 2 2 2 2 3 3 3 3
 1 1 1 1 1 1 1 1 1 1 1 1 1 1 0 0 0 0 0 1 1 1 2 2 3 3 2 3 3 2 3 3 2 2 2 2 2 2 2 2 2 2 3 3 3 3
 1 1 1 1 1 1 1 1 1 1 2 2 2 1 0 0 0 0 1 1 1 1 1 1 2 2 1 1 1 1 1 1 1 1 1 2 2 1 2 2 2 2 2 2 2 3
 1 1 1 1 1 2 2 2 2 2 2 1 1 1 1 1 0 0 0 0 0 0 0 0 1 1 1 1 1 1 1 1 1 1 1 1 1 1 1 1 1 1 1 1 1 2
 1 1 1 1 1 2 2 2 2 2 2 1 1 1 1 1 0 0 0 0 0 0 0 0 1 1 1 1 1 1 1 1 1 1 1 1 1 1 1 1 1 1 1 1 1 2
 1 1 1 1 1 3 3 3 3 3 1 1 1 1 1 1 0 0 0 1 1 1 1 1 1 1 1 1 1 1 1 1 0 0 1 1 1 1 1 1 1 1 1 1 1 1
 1 1 1 1 1 3 3 3 3 3 1 1 1 1 1 1 0 0 0 1 1 1 1 1 1 1 1 1 1 1 1 1 0 0 1 1 1 1 1 1 1 1 1 1 1 1
 3 3 1 2 2 2 2 2 1 1 1 1 1 1 1 1 1 1 1 1 1 1 1 1 1 1 3 3 3 3 2 2 2 2 1 1 1 2 1 1 1 1 1 1 1 1
 4 4 3 1 1 1 1 1 1 1 1 1 1 2 2 2 1 1 1 2 2 1 1 1 1 1 4 7 7 7 8 8 6 6 3 2 2 2 2 2 1 1 1 1 1 1
 4 4 3 1 1 1 1 1 1 1 1 1 1 2 2 2 1 1 1 2 2 1 1 1 1 1 4 7 7 7 8 8 6 6 3 2 2 2 2 2 1 1 1 1 1 1
 3 3 1 1 1 0 1 1 1 1 1 2 2 3 4 4 2 2 1 1 1 1 1 1 1 1 2 3 3 3 4 4 4 4 2 2 2 2 2 2 1 1 1 1 1 1
 0 0 0 0 0 0 1 1 1 1 1 2 2 2 2 2 1 1 1 1 1 1 1 1 1 1 1 2 2 1 1 1 1 1 2 2 2 2 1 1 1 1 1 1 1 2
 0 0 0 0 0 0 1 1 1 1 1 2 2 2 2 2 1 1 1 1 1 1 1 1 1 1 1 2 2 1 1 1 1 1 2 2 2 2 1 1 1 1 1 1 1 2
 0 0 0 0 0 1 1 1 1 1 1 2 2 2 1 1 1 1 0 0 0 0 0 0 1 1 0 1 1 1 1 1 1 1 1 2 2 1 1 1 1 1 2 2 2 2
 0 0 0 0 0 1 1 1 1 1 1 2 2 2 1 1 1 1 0 0 0 0 0 0 1 1 0 1 1 1 1 1 1 1 1 2 2 1 1 1 1 1 2 2 2 2
 0 0 0 0 0 0 1 1 1 1 1 1 1 1 1 1 1 1 0 0 0 0 1 1 1 1 1 1 1 1 1 1 1 1 1 1 1 2 2 2 3 3 3 3 3 3
 0 0 0 0 0 0 0 0 0 0 0 1 1 1 0 0 0 0 0 1 1 1 2 2 2 2 1 1 1 1 1 1 1 1 2 2 2 3 4 4 4 4 5 4 4 4
 0 0 0 0 0 0 0 0 0 0 0 1 1 1 0 0 0 0 0 1 1 1 2 2 2 2 1 1 1 1 1 1 1 1 2 2 2 3 4 4 4 4 5 4 4 4
 0 0 0 0 0 0 0 0 0 0 0 0 0 0 0 0 0 0 0 1 1 2 2 2 1 1 1 1 1 0 1 1 3 3 3 3 3 4 5 5 6 6 6 6 6 4
 1 1 0 0 0 0 0 0 0 0 0 0 0 0 0 0 1 1 1 1 1 1 1 1 1 1 1 1 1 1 1 1 3 3 3 4 4 4 6 6 6 6 5 6 6 2
 1 1 0 0 0 0 0 0 0 0 0 0 0 0 0 0 1 1 1 1 1 1 1 1 1 1 1 1 1 1 1 1 3 3 3 4 4 4 6 6 6 6 5 6 6 2
 1 1 0 0 0 1 0 0 0 0 0 0 0 0 0 0 1 1 1 1 1 1 0 0 1 1 1 1 1 1 1 1 1 1 3 3 3 4 4 4 4 4 3 3 3 1
 1 1 0 0 0 1 0 0 0 0 0 0 0 0 0 0 1 1 1 1 1 1 0 0 1 1 1 1 1 1 1 1 1 1 3 3 3 4 4 4 4 4 3 3 3 1
 0 0 0 1 1 1 1 1 0 0 0 1 1 1 1 1 1 1 1 1 1 0 0 0 1 1 1 1 1 1 1 1 1 1 2 3 3 3 2 2 1 1 1 1 1 0
 1 1 1 1 1 1 1 1 0 0 1 1 1 1 1 1 1 1 1 1 1 1 0 0 1 1 1 1 1 1 1 1 1 1 1 1 1 2 1 1 0 0 0 1 1 1
 1 1 1 1 1 1 1 1 0 0 1 1 1 1 1 1 1 1 1 1 1 1 0 0 1 1 1 1 1 1 1 1 1 1 1 1 1 2 1 1 0 0 0 1 1 1
 1 1 1 1 1 1 1 1 1 1 1 1 1 2 1 1 1 1 1 1 1 1 0 0 0 0 0 1 1 1 1 1 1 1 1 0 0 0 1 1 1 1 1 3 3 4
 1 1 1 1 1 1 1 1 1 1 1 2 2 1 1 1 1 1 0 1 1 0 0 0 0 0 0 1 1 1 0 0 0 0 0 0 0 1 0 0 0 0 1 1 1 1
