assets/RAT_results_old/precipitation/2020-04-25_IMERG.asc
ncols        46
nrows        77
xllcorner    74.800261325624
yllcorner    8.058333333333
cellsize     0.062500000000
NODATA_value -9999
 3 3 2 0 0 0 0 0 3 3 5 8 8 8 7 7 10 10 15 17 17 19 21 21 20 20 16 15 15 15 15 15 14 14 13 15 15 18 20 20 19 19 11 6 6 7
 4 4 3 1 1 1 2 2 2 2 3 3 3 5 6 6 8 8 13 15 15 17 20 20 14 14 13 14 14 14 10 10 9 9 12 12 12 15 16 16 15 15 9 4 4 3
 4 4 3 1 1 1 2 2 2 2 3 3 3 5 6 6 8 8 13 15 15 17 20 20 14 14 13 14 14 14 10 10 9 9 12 12 12 15 16 16 15 15 9 4 4 3
 7 7 5 2 2 1 1 1 1 1 2 7 7 5 5 5 6 6 8 10 10 12 14 14 10 10 9 12 12 10 8 8 7 7 9 8 8 8 8 8 7 7 3 2 2 2
 2 2 5 1 1 0 0 0 1 1 2 13 13 6 6 6 6 6 7 8 8 7 9 9 8 8 7 7 7 7 5 5 4 4 5 6 6 5 5 5 4 4 1 1 1 1
 2 2 5 1 1 0 0 0 1 1 2 13 13 6 6 6 6 6 7 8 8 7 9 9 8 8 7 7 7 7 5 5 4 4 5 6 6 5 5 5 4 4 1 1 1 1
 1 1 1 1 1 0 1 1 4 4 5 7 7 2 3 3 6 6 6 6 6 5 5 5 5 5 5 5 5 5 4 4 3 3 3 3 3 2 3 3 2 2 1 0 0 1
 1 1 1 1 1 0 1 1 4 4 5 7 7 2 3 3 6 6 6 6 6 5 5 5 5 5 5 5 5 5 4 4 3 3 3 3 3 2 3 3 2 2 1 0 0 1
 0 0 0 2 2 2 3 3 5 5 4 1 1 2 2 2 4 4 4 4 4 5 4 4 3 3 4 3 3 3 3 3 2 2 2 2 2 2 2 2 1 1 0 0 0 3
 0 0 0 2 2 3 3 3 3 3 1 1 1 1 2 2 3 3 3 4 4 4 3 3 2 2 2 2 2 2 2 2 2 2 1 1 1 1 1 1 1 1 0 0 0 3
 0 0 0 2 2 3 3 3 3 3 1 1 1 1 2 2 3 3 3 4 4 4 3 3 2 2 2 2 2 2 2 2 2 2 1 1 1 1 1 1 1 1 0 0 0 3
 0 0 1 2 2 2 2 2 1 1 1 1 1 1 2 2 2 2 1 1 1 1 1 1 1 1 2 2 2 1 1 1 1 1 1 1 1 1 2 2 2 2 2 2 2 4
 0 0 0 1 1 2 2 2 0 0 0 0 0 0 1 1 1 1 1 1 1 0 0 0 1 1 3 2 2 2 1 1 1 1 1 1 1 2 3 3 3 3 3 3 3 4
 0 0 0 1 1 2 2 2 0 0 0 0 0 0 1 1 1 1 1 1 1 0 0 0 1 1 3 2 2 2 1 1 1 1 1 1 1 2 3 3 3 3 3 3 3 4
 0 0 0 0 0 1 3 3 1 1 0 0 0 1 1 1 1 1 0 0 0 0 0 0 0 0 1 3 3 2 3 3 4 4 3 1 1 2 4 4 4 4 4 3 3 6
 0 0 0 0 0 1 3 3 1 1 0 0 0 1 1 1 1 1 0 0 0 0 0 0 0 0 1 3 3 2 3 3 4 4 3 1 1 2 4 4 4 4 4 3 3 6
 0 0 0 0 0 0 1 1 3 3 1 1 1 1 1 1 1 1 1 0 0 0 0 0 0 0 1 3 3 3 3 3 4 4 6 5 5 5 7 7 7 7 5 5 5 6
 3 3 0 0 0 0 0 0 1 1 2 3 3 1 1 1 1 1 1 1 1 0 0 0 1 1 1 0 0 1 4 4 3 3 6 8 8 10 12 12 8 8 9 11 11 9
 3 3 0 0 0 0 0 0 1 1 2 3 3 1 1 1 1 1 1 1 1 0 0 0 1 1 1 0 0 1 4 4 3 3 6 8 8 10 12 12 8 8 9 11 11 9
 2 2 0 0 0 0 0 0 0 0 1 4 4 2 1 1 1 1 1 1 1 0 0 0 0 0 1 0 0 1 1 1 3 3 7 11 11 13 14 14 10 10 9 10 10 15
 1 1 1 0 0 0 0 0 0 0 0 3 3 3 1 1 1 1 1 1 1 1 0 0 0 0 1 1 1 1 2 2 3 3 8 7 7 8 12 12 9 9 8 8 8 10
 1 1 1 0 0 0 0 0 0 0 0 3 3 3 1 1 1 1 1 1 1 1 0 0 0 0 1 1 1 1 2 2 3 3 8 7 7 8 12 12 9 9 8 8 8 10
 0 0 0 1 1 0 0 0 0 0 0 1 1 3 1 1 1 1 1 0 0 1 1 1 1 1 1 1 1 1 1 1 3 3 5 8 8 13 13 13 12 12 9 7 7 17
 0 0 0 1 1 0 0 0 0 0 0 1 1 3 1 1 1 1 1 0 0 1 1 1 1 1 1 1 1 1 1 1 3 3 5 8 8 13 13 13 12 12 9 7 7 17
 0 0 0 0 0 0 0 0 0 0 1 0 0 3 3 3 2 2 1 1 1 0 0 0 1 1 1 1 1 2 1 1 2 2 4 9 9 9 15 15 10 10 8 7 7 9
 1 1 0 0 0 0 0 0 0 0 1 0 0 1 2 2 1 1 2 2 2 1 1 1 1 1 1 1 1 1 1 1 1 1 5 5 5 12 8 8 8 8 7 6 6 7
 1 1 0 0 0 0 0 0 0 0 1 0 0 1 2 2 1 1 2 2 2 1 1 1 1 1 1 1 1 1 1 1 1 1 5 5 5 12 8 8 8 8 7 6 6 7
 1 1 0 0 0 0 0 0 0 0 0 1 1 1 0 0 3 3 3 6 6 5 5 5 5 5 4 2 2 1 0 0 1 1 2 7 7 6 8 8 8 8 10 7 7 6
 0 0 0 0 0 0 0 0 0 0 1 1 1 1 3 3 5 5 5 7 7 5 5 5 6 6 6 4 4 2 0 0 0 0 1 4 4 6 8 8 8 8 8 7 7 8
 0 0 0 0 0 0 0 0 0 0 1 1 1 1 3 3 5 5 5 7 7 5 5 5 6 6 6 4 4 2 0 0 0 0 1 4 4 6 8 8 8 8 8 7 7 8
 0 0 0 0 0 0 1 1 1 1 1 1 1 1 2 2 7 7 6 7 7 6 5 5 4 4 5 5 5 2 0 0 0 0 1 3 3 4 6 6 8 8 8 8 8 9
 0 0 0 0 0 0 1 1 1 1 1 1 1 1 2 2 7 7 6 7 7 6 5 5 4 4 5 5 5 2 0 0 0 0 1 3 3 4 6 6 8 8 8 8 8 9
 0 0 0 0 0 0 1 1 1 1 1 1 1 1 9 9 9 9 7 7 7 7 6 6 4 4 3 3 3 1 0 0 0 0 1 2 2 3 5 5 7 7 8 8 8 10
 0 0 0 0 0 0 0 0 0 0 1 1 1 2 6 6 4 4 7 6 6 6 4 4 2 2 2 1 1 0 0 0 0 0 1 1 1 3 4 4 6 6 7 7 7 11
 0 0 0 0 0 0 0 0 0 0 1 1 1 2 6 6 4 4 7 6 6 6 4 4 2 2 2 1 1 0 0 0 0 0 1 1 1 3 4 4 6 6 7 7 7 11
 0 0 0 0 0 0 0 0 0 0 0 2 2 2 3 3 2 2 4 3 3 4 3 3 1 1 1 1 1 1 1 1 1 1 1 1 1 2 3 3 5 5 7 8 8 8
 0 0 0 0 0 0 0 0 0 0 0 0 0 2 1 1 1 1 1 2 2 1 2 2 2 2 3 3 3 3 2 2 2 2 2 2 2 2 3 3 5 5 8 9 9 8
 0 0 0 0 0 0 0 0 0 0 0 0 0 2 1 1 1 1 1 2 2 1 2 2 2 2 3 3 3 3 2 2 2 2 2 2 2 2 3 3 5 5 8 9 9 8
 0 0 0 0 0 0 0 0 0 0 0 0 0 0 1 1 1 1 1 2 2 2 2 2 2 2 5 7 7 5 3 3 3 3 4 3 3 3 5 5 7 7 9 9 9 8
 0 0 0 0 0 0 0 0 0 0 0 0 0 0 1 1 1 1 1 2 2 2 2 2 2 2 5 7 7 5 3 3 3 3 4 3 3 3 5 5 7 7 9 9 9 8
 0 0 0 0 0 0 0 0 0 0 0 0 0 0 1 1 1 1 1 2 2 2 2 2 2 2 3 9 9 8 6 6 4 4 6 5 5 5 8 8 12 12 13 10 10 9
 1 1 0 1 1 0 1 1 0 0 0 0 0 0 1 1 1 1 0 1 1 1 1 1 1 1 1 4 4 6 6 6 3 3 5 6 6 13 16 16 19 19 15 14 14 7
 1 1 0 1 1 0 1 1 0 0 0 0 0 0 1 1 1 1 0 1 1 1 1 1 1 1 1 4 4 6 6 6 3 3 5 6 6 13 16 16 19 19 15 14 14 7
 2 2 1 2 2 1 1 1 1 1 0 0 0 1 1 1 0 0 0 0 0 1 1 1 0 0 1 1 1 2 3 3 3 3 5 11 11 14 15 15 14 14 11 10 10 6
 3 3 3 3 3 2 1 1 1 1 0 1 1 3 3 3 1 1 1 1 1 1 1 1 0 0 1 0 0 1 1 1 2 2 3 5 5 9 14 14 11 11 10 10 10 7
 3 3 3 3 3 2 1 1 1 1 0 1 1 3 3 3 1 1 1 1 1 1 1 1 0 0 1 0 0 1 1 1 2 2 3 5 5 9 14 14 11 11 10 10 10 7
 7 7 5 4 4 3 2 2 2 2 0 1 1 2 5 5 2 2 1 1 1 1 0 0 1 1 0 0 0 1 2 2 3 3 4 4 4 7 7 7 10 10 10 10 10 6
 7 7 5 4 4 3 2 2 2 2 0 1 1 2 5 5 2 2 1 1 1 1 0 0 1 1 0 0 0 1 2 2 3 3 4 4 4 7 7 7 10 10 10 10 10 6
 7 7 7 5 5 3 2 2 2 2 1 1 1 1 1 1 1 1 0 1 1 1 0 0 1 1 1 1 1 2 2 2 3 3 3 4 4 5 5 5 7 7 8 12 12 6
 20 20 7 6 6 4 2 2 0 0 1 1 1 0 1 1 0 0 0 2 2 2 1 1 0 0 1 1 1 2 2 2 3 3 4 4 4 5 5 5 9 9 7 13 13 5
 20 20 7 6 6 4 2 2 0 0 1 1 1 0 1 1 0 0 0 2 2 2 1 1 0 0 1 1 1 2 2 2 3 3 4 4 4 5 5 5 9 9 7 13 13 5
 11 11 17 15 15 5 2 2 1 1 1 1 1 1 1 1 0 0 1 2 2 2 2 2 1 1 1 1 1 2 2 2 2 2 2 4 4 4 7 7 7 7 41 6 6 5
 33 33 39 24 24 5 3 3 2 2 1 2 2 1 1 1 1 1 1 1 1 1 2 2 3 3 2 1 1 1 2 2 2 2 2 3 3 4 3 3 8 8 3 5 5 2
 33 33 39 24 24 5 3 3 2 2 1 2 2 1 1 1 1 1 1 1 1 1 2 2 3 3 2 1 1 1 2 2 2 2 2 3 3 4 3 3 8 8 3 5 5 2
 48 48 50 30 30 7 13 13 6 6 3 3 3 2 2 2 2 2 2 2 2 1 1 1 4 4 4 1 1 1 1 1 2 2 3 3 3 2 1 1 1 1 2 0 0 1
 48 48 50 30 30 7 13 13 6 6 3 3 3 2 2 2 2 2 2 2 2 1 1 1 4 4 4 1 1 1 1 1 2 2 3 3 3 2 1 1 1 1 2 0 0 1
 45 45 42 40 40 35 20 20 10 10 4 3 3 2 2 2 0 0 0 2 2 0 0 0 2 2 3 2 2 1 0 0 1 1 1 1 1 1 0 0 1 1 0 0 0 1
 38 38 41 40 40 39 33 33 13 13 6 4 4 2 2 2 2 2 2 4 4 5 4 4 1 1 0 1 1 0 1 1 0 0 0 0 0 2 2 2 1 1 2 1 1 1
 38 38 41 40 40 39 33 33 13 13 6 4 4 2 2 2 2 2 2 4 4 5 4 4 1 1 0 1 1 0 1 1 0 0 0 0 0 2 2 2 1 1 2 1 1 1
 36 36 40 46 46 47 39 39 33 33 11 5 5 3 2 2 6 6 2 5 5 4 2 2 0 0 1 0 0 0 1 1 1 1 0 0 0 3 5 5 6 6 7 4 4 3
 37 37 39 38 38 53 40 40 39 39 16 8 8 4 2 2 3 3 3 3 3 3 0 0 0 0 0 0 0 0 1 1 1 1 2 3 3 4 7 7 8 8 10 9 9 8
 37 37 39 38 38 53 40 40 39 39 16 8 8 4 2 2 3 3 3 3 3 3 0 0 0 0 0 0 0 0 1 1 1 1 2 3 3 4 7 7 8 8 10 9 9 8
 22 22 20 28 28 43 41 41 41 41 40 15 15 7 6 6 5 5 5 1 1 0 0 0 0 0 0 1 1 1 0 0 1 1 1 4 4 6 7 7 9 9 10 10 10 10
 22 22 20 28 28 43 41 41 41 41 40 15 15 7 6 6 5 5 5 1 1 0 0 0 0 0 0 1 1 1 0 0 1 1 1 4 4 6 7 7 9 9 10 10 10 10
 19 19 19 20 20 20 35 35 39 39 37 16 16 9 7 7 6 6 6 4 4 2 0 0 0 0 0 0 0 1 0 0 0 0 1 3 3 5 7 7 6 6 8 8 8 8
 12 12 11 15 15 16 30 30 33 33 31 22 22 10 7 7 7 7 8 6 6 6 0 0 0 0 0 0 0 1 0 0 0 0 0 1 1 2 2 2 3 3 4 4 4 3
 12 12 11 15 15 16 30 30 33 33 31 22 22 10 7 7 7 7 8 6 6 6 0 0 0 0 0 0 0 1 0 0 0 0 0 1 1 2 2 2 3 3 4 4 4 3
 12 12 11 12 12 24 24 24 29 29 28 22 22 14 10 10 7 7 9 7 7 2 1 1 0 0 0 0 0 0 1 1 0 0 0 0 0 1 1 1 1 1 1 1 1 0
 4 4 4 5 5 13 20 20 26 26 28 27 27 12 11 11 7 7 4 3 3 1 0 0 0 0 0 0 0 1 1 1 0 0 0 0 0 0 0 0 0 0 0 0 0 0
 4 4 4 5 5 13 20 20 26 26 28 27 27 12 11 11 7 7 4 3 3 1 0 0 0 0 0 0 0 1 1 1 0 0 0 0 0 0 0 0 0 0 0 0 0 0
 3 3 3 3 3 8 8 8 10 10 10 25 25 9 9 9 5 5 5 4 4 2 0 0 0 0 1 0 0 1 1 1 0 0 0 0 0 1 0 0 0 0 0 0 0 0
 3 3 3 3 3 8 8 8 10 10 10 25 25 9 9 9 5 5 5 4 4 2 0 0 0 0 1 0 0 1 1 1 0 0 0 0 0 1 0 0 0 0 0 0 0 0
 1 1 2 4 4 4 4 4 4 4 5 4 4 4 6 6 5 5 5 4 4 2 2 2 1 1 3 6 6 4 3 3 0 0 1 1 1 0 0 0 0 0 0 0 0 0
 0 0 0 1 1 1 1 1 1 1 1 1 1 1 4 4 5 5 3 1 1 2 5 5 5 5 5 78 78 18 6 6 0 0 0 0 0 1 0 0 0 0 0 0 0 0
 0 0 0 1 1 1 1 1 1 1 1 1 1 1 4 4 5 5 3 1 1 2 5 5 5 5 5 78 78 18 6 6 0 0 0 0 0 1 0 0 0 0 0 0 0 0
 0 0 0 0 0 0 0 0 0 0 0 0 0 1 2 2 2 2 1 1 1 4 7 7 4 4 2 3 3 4 14 14 7 7 1 4 4 5 1 1 1 1 0 0 0 0
 0 0 0 0 0 0 0 0 0 0 0 0 0 0 0 0 0 0 0 1 1 4 6 6 4 4 2 2 2 1 0 0 0 0 0 0 0 0 0 0 0 0 1 0 0 0
