assets/RAT_results_old/precipitation/2020-08-10_IMERG.asc
ncols        46
nrows        77
xllcorner    74.800261325624
yllcorner    8.058333333333
cellsize     0.062500000000
NODATA_value -9999
 52 52 51 40 40 34 31 31 22 22 19 17 17 19 17 17 15 15 12 7 7 3 3 3 3 3 2 2 2 2 2 2 3 3 3 2 2 2 2 2 2 2 2 2 2 2
 47 47 49 34 34 37 30 30 18 18 19 15 15 14 14 14 13 13 9 6 6 5 4 4 5 5 4 4 4 3 3 3 3 3 2 2 2 2 1 1 2 2 2 2 2 1
 47 47 49 34 34 37 30 30 18 18 19 15 15 14 14 14 13 13 9 6 6 5 4 4 5 5 4 4 4 3 3 3 3 3 2 2 2 2 1 1 2 2 2 2 2 1
 46 46 43 37 37 34 31 31 22 22 19 14 14 10 12 12 15 15 10 7 7 6 6 6 7 7 6 4 4 3 3 3 3 3 2 2 2 2 1 1 1 1 1 1 1 1
 43 43 48 37 37 33 31 31 29 29 21 19 19 15 12 12 12 12 11 10 10 8 7 7 7 7 7 5 5 3 3 3 2 2 1 1 1 2 2 2 1 1 1 1 1 1
 43 43 48 37 37 33 31 31 29 29 21 19 19 15 12 12 12 12 11 10 10 8 7 7 7 7 7 5 5 3 3 3 2 2 1 1 1 2 2 2 1 1 1 1 1 1
 41 41 57 45 45 40 25 25 24 24 26 19 19 19 17 17 15 15 13 11 11 9 7 7 7 7 5 4 4 3 2 2 2 2 1 2 2 2 2 2 2 2 2 3 3 2
 41 41 57 45 45 40 25 25 24 24 26 19 19 19 17 17 15 15 13 11 11 9 7 7 7 7 5 4 4 3 2 2 2 2 1 2 2 2 2 2 2 2 2 3 3 2
 36 36 41 35 35 32 24 24 25 25 26 20 20 17 15 15 13 13 9 9 9 7 5 5 3 3 4 3 3 2 1 1 2 2 3 3 3 2 2 2 2 2 3 4 4 4
 23 23 28 35 35 28 21 21 25 25 22 13 13 13 12 12 10 10 6 5 5 5 3 3 3 3 3 2 2 2 2 2 3 3 4 5 5 5 3 3 3 3 3 2 2 3
 23 23 28 35 35 28 21 21 25 25 22 13 13 13 12 12 10 10 6 5 5 5 3 3 3 3 3 2 2 2 2 2 3 3 4 5 5 5 3 3 3 3 3 2 2 3
 24 24 21 21 21 24 20 20 16 16 14 9 9 5 4 4 5 5 5 5 5 4 3 3 3 3 4 4 4 3 5 5 5 5 5 5 5 4 3 3 3 3 4 2 2 1
 20 20 19 15 15 20 18 18 13 13 12 6 6 5 4 4 4 4 4 5 5 5 4 4 3 3 4 4 4 6 6 6 5 5 6 4 4 3 3 3 3 3 3 2 2 1
 20 20 19 15 15 20 18 18 13 13 12 6 6 5 4 4 4 4 4 5 5 5 4 4 3 3 4 4 4 6 6 6 5 5 6 4 4 3 3 3 3 3 3 2 2 1
 22 22 24 15 15 14 16 16 12 12 9 11 11 8 5 5 5 5 5 5 5 4 4 4 3 3 3 3 3 4 4 4 3 3 4 4 4 2 2 2 1 1 2 1 1 0
 22 22 24 15 15 14 16 16 12 12 9 11 11 8 5 5 5 5 5 5 5 4 4 4 3 3 3 3 3 4 4 4 3 3 4 4 4 2 2 2 1 1 2 1 1 0
 22 22 21 18 18 18 11 11 16 16 11 13 13 11 7 7 5 5 6 5 5 4 4 4 3 3 3 3 3 4 3 3 3 3 2 3 3 3 2 2 1 1 1 0 0 0
 19 19 22 15 15 15 16 16 14 14 20 13 13 9 5 5 4 4 6 4 4 3 4 4 2 2 2 3 3 4 3 3 2 2 2 2 2 1 1 1 1 1 0 0 0 0
 19 19 22 15 15 15 16 16 14 14 20 13 13 9 5 5 4 4 6 4 4 3 4 4 2 2 2 3 3 4 3 3 2 2 2 2 2 1 1 1 1 1 0 0 0 0
 19 19 18 21 21 20 12 12 17 17 14 14 14 10 5 5 4 4 3 4 4 5 5 5 3 3 3 3 3 3 3 3 1 1 1 1 1 0 1 1 2 2 1 0 0 0
 26 26 23 19 19 21 13 13 16 16 15 17 17 9 5 5 3 3 3 4 4 7 8 8 4 4 3 3 3 3 2 2 2 2 1 0 0 0 1 1 1 1 0 0 0 0
 26 26 23 19 19 21 13 13 16 16 15 17 17 9 5 5 3 3 3 4 4 7 8 8 4 4 3 3 3 3 2 2 2 2 1 0 0 0 1 1 1 1 0 0 0 0
 22 22 23 22 22 23 12 12 11 11 7 6 6 9 6 6 6 6 4 4 4 7 6 6 3 3 3 3 3 4 4 4 3 3 1 1 1 0 0 0 0 0 0 0 0 0
 22 22 23 22 22 23 12 12 11 11 7 6 6 9 6 6 6 6 4 4 4 7 6 6 3 3 3 3 3 4 4 4 3 3 1 1 1 0 0 0 0 0 0 0 0 0
 20 20 22 17 17 21 13 13 7 7 6 7 7 11 12 12 10 10 6 7 7 7 5 5 4 4 4 5 5 7 5 5 2 2 2 1 1 0 0 0 0 0 0 0 0 0
 19 19 13 14 14 13 11 11 11 11 13 9 9 8 10 10 13 13 11 11 11 11 7 7 6 6 7 6 6 6 3 3 2 2 1 1 1 0 0 0 0 0 0 0 0 0
 19 19 13 14 14 13 11 11 11 11 13 9 9 8 10 10 13 13 11 11 11 11 7 7 6 6 7 6 6 6 3 3 2 2 1 1 1 0 0 0 0 0 0 0 0 0
 14 14 9 13 13 10 14 14 24 24 21 13 13 11 9 9 14 14 16 15 15 10 8 8 6 6 5 6 6 4 2 2 2 2 1 0 0 1 1 1 0 0 0 0 0 0
 24 24 16 19 19 11 17 17 24 24 16 10 10 12 12 12 16 16 15 9 9 7 7 7 6 6 5 5 5 3 4 4 4 4 2 1 1 0 0 0 0 0 0 0 0 0
 24 24 16 19 19 11 17 17 24 24 16 10 10 12 12 12 16 16 15 9 9 7 7 7 6 6 5 5 5 3 4 4 4 4 2 1 1 0 0 0 0 0 0 0 0 0
 34 34 17 20 20 17 19 19 17 17 13 14 14 17 12 12 14 14 15 9 9 7 5 5 5 5 3 3 3 3 3 3 4 4 1 0 0 1 0 0 0 0 1 0 0 0
 34 34 17 20 20 17 19 19 17 17 13 14 14 17 12 12 14 14 15 9 9 7 5 5 5 5 3 3 3 3 3 3 4 4 1 0 0 1 0 0 0 0 1 0 0 0
 41 41 31 24 24 17 16 16 15 15 11 10 10 13 5 5 12 12 11 9 9 8 7 7 4 4 3 3 3 5 5 5 3 3 2 1 1 0 1 1 2 2 1 1 1 2
 70 70 43 18 18 9 7 7 7 7 5 5 5 6 9 9 12 12 13 14 14 9 7 7 5 5 4 2 2 2 4 4 4 4 2 2 2 1 0 0 1 1 1 1 1 0
 70 70 43 18 18 9 7 7 7 7 5 5 5 6 9 9 12 12 13 14 14 9 7 7 5 5 4 2 2 2 4 4 4 4 2 2 2 1 0 0 1 1 1 1 1 0
 64 64 34 13 13 6 4 4 4 4 3 4 4 7 11 11 11 11 13 12 12 12 9 9 5 5 3 1 1 1 2 2 2 2 1 1 1 1 0 0 1 1 1 1 1 1
 31 31 26 11 11 6 3 3 4 4 3 4 4 4 7 7 11 11 6 10 10 9 10 10 5 5 3 1 1 1 2 2 2 2 3 1 1 2 1 1 2 2 2 2 2 2
 31 31 26 11 11 6 3 3 4 4 3 4 4 4 7 7 11 11 6 10 10 9 10 10 5 5 3 1 1 1 2 2 2 2 3 1 1 2 1 1 2 2 2 2 2 2
 44 44 26 10 10 9 4 4 6 6 4 3 3 4 7 7 7 7 9 9 9 8 8 8 6 6 5 2 2 0 1 1 2 2 1 2 2 2 3 3 2 2 3 3 3 2
 44 44 26 10 10 9 4 4 6 6 4 3 3 4 7 7 7 7 9 9 9 8 8 8 6 6 5 2 2 0 1 1 2 2 1 2 2 2 3 3 2 2 3 3 3 2
 39 39 16 10 10 10 8 8 9 9 7 7 7 5 11 11 11 11 9 10 10 8 8 8 6 6 5 5 5 2 5 5 6 6 4 4 4 4 4 4 3 3 4 4 4 1
 24 24 9 10 10 7 8 8 7 7 5 9 9 3 13 13 13 13 10 11 11 10 9 9 8 8 8 6 6 8 6 6 10 10 6 6 6 7 5 5 6 6 4 5 5 1
 24 24 9 10 10 7 8 8 7 7 5 9 9 3 13 13 13 13 10 11 11 10 9 9 8 8 8 6 6 8 6 6 10 10 6 6 6 7 5 5 6 6 4 5 5 1
 18 18 8 9 9 11 13 13 11 11 12 11 11 10 13 13 14 14 11 7 7 10 11 11 10 10 9 8 8 7 3 3 4 4 7 6 6 5 4 4 4 4 3 1 1 0
 8 8 9 5 5 11 20 20 11 11 12 8 8 8 10 10 10 10 10 8 8 11 10 10 11 11 11 8 8 4 4 4 0 0 2 4 4 3 3 3 3 3 3 0 0 0
 8 8 9 5 5 11 20 20 11 11 12 8 8 8 10 10 10 10 10 8 8 11 10 10 11 11 11 8 8 4 4 4 0 0 2 4 4 3 3 3 3 3 3 0 0 0
 5 5 7 4 4 6 12 12 8 8 6 7 7 9 12 12 13 13 8 8 8 9 8 8 13 13 12 9 9 5 1 1 0 0 1 2 2 2 3 3 1 1 2 0 0 0
 5 5 7 4 4 6 12 12 8 8 6 7 7 9 12 12 13 13 8 8 8 9 8 8 13 13 12 9 9 5 1 1 0 0 1 2 2 2 3 3 1 1 2 0 0 0
 5 5 5 3 3 4 7 7 11 11 9 8 8 8 8 8 8 8 5 5 5 8 8 8 12 12 9 7 7 3 3 3 0 0 1 2 2 1 2 2 1 1 2 1 1 0
 4 4 4 2 2 4 7 7 8 8 13 7 7 8 5 5 4 4 5 5 5 12 7 7 10 10 8 7 7 5 3 3 1 1 1 1 1 1 0 0 1 1 2 1 1 0
 4 4 4 2 2 4 7 7 8 8 13 7 7 8 5 5 4 4 5 5 5 12 7 7 10 10 8 7 7 5 3 3 1 1 1 1 1 1 0 0 1 1 2 1 1 0
 3 3 3 3 3 6 6 6 4 4 7 5 5 5 5 5 4 4 5 5 5 2 3 3 5 5 8 7 7 5 3 3 1 1 2 1 1 1 0 0 1 1 3 1 1 1
 3 3 3 3 3 6 4 4 4 4 7 6 6 4 4 4 5 5 4 4 4 2 2 2 5 5 7 8 8 4 4 4 3 3 2 2 2 2 1 1 2 2 2 3 3 3
 3 3 3 3 3 6 4 4 4 4 7 6 6 4 4 4 5 5 4 4 4 2 2 2 5 5 7 8 8 4 4 4 3 3 2 2 2 2 1 1 2 2 2 3 3 3
 4 4 3 6 6 2 4 4 4 4 6 9 9 5 3 3 3 3 2 4 4 5 6 6 8 8 7 6 6 4 4 4 3 3 1 2 2 2 1 1 1 1 1 2 2 3
 4 4 3 6 6 2 4 4 4 4 6 9 9 5 3 3 3 3 2 4 4 5 6 6 8 8 7 6 6 4 4 4 3 3 1 2 2 2 1 1 1 1 1 2 2 3
 6 6 4 3 3 2 4 4 4 4 8 8 8 6 4 4 3 3 1 4 4 6 6 6 7 7 6 5 5 4 3 3 1 1 2 0 0 1 1 1 1 1 2 3 3 1
 3 3 2 2 2 2 6 6 10 10 8 9 9 6 5 5 4 4 2 6 6 6 5 5 4 4 4 3 3 4 2 2 2 2 1 0 0 1 1 1 1 1 1 3 3 1
 3 3 2 2 2 2 6 6 10 10 8 9 9 6 5 5 4 4 2 6 6 6 5 5 4 4 4 3 3 4 2 2 2 2 1 0 0 1 1 1 1 1 1 3 3 1
 3 3 2 2 2 3 4 4 14 14 9 4 4 4 6 6 5 5 3 8 8 8 2 2 2 2 3 2 2 2 2 2 3 3 2 1 1 1 0 0 1 1 1 2 2 1
 3 3 3 3 3 4 4 4 13 13 9 4 4 5 4 4 3 3 3 7 7 6 5 5 2 2 2 4 4 3 2 2 2 2 2 2 2 1 1 1 1 1 1 1 1 0
 3 3 3 3 3 4 4 4 13 13 9 4 4 5 4 4 3 3 3 7 7 6 5 5 2 2 2 4 4 3 2 2 2 2 2 2 2 1 1 1 1 1 1 1 1 0
 3 3 4 5 5 6 5 5 10 10 7 5 5 5 6 6 7 7 8 6 6 6 5 5 3 3 3 7 7 5 3 3 3 3 3 2 2 2 1 1 1 1 1 0 0 0
 3 3 4 5 5 6 5 5 10 10 7 5 5 5 6 6 7 7 8 6 6 6 5 5 3 3 3 7 7 5 3 3 3 3 3 2 2 2 1 1 1 1 1 0 0 0
 4 4 5 5 5 6 5 5 4 4 5 5 5 4 9 9 10 10 7 6 6 5 4 4 4 4 7 5 5 8 4 4 3 3 2 1 1 1 1 1 1 1 1 1 1 0
 7 7 3 5 5 4 5 5 4 4 3 7 7 4 6 6 3 3 5 5 5 5 5 5 5 5 5 3 3 4 4 4 4 4 0 0 0 0 1 1 3 3 2 0 0 0
 7 7 3 5 5 4 5 5 4 4 3 7 7 4 6 6 3 3 5 5 5 5 5 5 5 5 5 3 3 4 4 4 4 4 0 0 0 0 1 1 3 3 2 0 0 0
 7 7 2 4 4 6 6 6 5 5 3 5 5 4 6 6 3 3 5 5 5 6 7 7 6 6 4 3 3 2 3 3 3 3 1 0 0 0 1 1 3 3 3 1 1 0
 2 2 3 3 3 8 8 8 5 5 6 3 3 7 7 7 6 6 6 6 6 6 7 7 6 6 4 2 2 1 1 1 1 1 1 1 1 0 0 0 3 3 3 1 1 0
 2 2 3 3 3 8 8 8 5 5 6 3 3 7 7 7 6 6 6 6 6 6 7 7 6 6 4 2 2 1 1 1 1 1 1 1 1 0 0 0 3 3 3 1 1 0
 2 2 3 3 3 5 6 6 8 8 7 3 3 4 5 5 4 4 3 3 3 4 7 7 5 5 3 3 3 1 1 1 1 1 2 1 1 0 1 1 2 2 3 3 3 4
 2 2 3 3 3 5 6 6 8 8 7 3 3 4 5 5 4 4 3 3 3 4 7 7 5 5 3 3 3 1 1 1 1 1 2 1 1 0 1 1 2 2 3 3 3 4
 2 2 3 4 4 7 7 7 8 8 7 4 4 5 5 5 5 5 4 4 4 5 4 4 4 4 3 3 3 0 0 0 1 1 2 2 2 1 1 1 1 1 3 3 3 5
 2 2 3 3 3 7 5 5 7 7 5 3 3 3 4 4 3 3 4 5 5 7 4 4 3 3 1 3 3 3 0 0 0 0 1 1 1 1 1 1 1 1 2 3 3 5
 2 2 3 3 3 7 5 5 7 7 5 3 3 3 4 4 3 3 4 5 5 7 4 4 3 3 1 3 3 3 0 0 0 0 1 1 1 1 1 1 1 1 2 3 3 5
 3 3 3 4 4 4 4 4 4 4 3 2 2 2 4 4 3 3 3 5 5 10 3 3 2 2 1 3 3 2 3 3 1 1 1 0 0 0 1 1 1 1 2 2 2 2
 2 2 3 5 5 3 3 3 2 2 1 2 2 1 2 2 3 3 2 3 3 10 3 3 3 3 2 2 2 3 3 3 2 2 1 3 3 0 0 0 0 0 2 0 0 1
