assets/RAT_results_old/precipitation/2020-05-02_IMERG.asc
ncols        46
nrows        77
xllcorner    74.800261325624
yllcorner    8.058333333333
cellsize     0.062500000000
NODATA_value -9999
 26 26 22 22 22 10 21 21 31 31 33 22 22 15 17 17 18 18 24 23 23 18 13 13 9 9 5 8 8 4 2 2 3 3 6 8 8 6 3 3 2 2 1 1 1 0
 25 25 21 13 13 6 18 18 21 21 22 22 22 14 15 15 13 13 15 21 21 18 11 11 8 8 5 11 11 4 2 2 4 4 6 6 6 4 2 2 2 2 1 0 0 0
 25 25 21 13 13 6 18 18 21 21 22 22 22 14 15 15 13 13 15 21 21 18 11 11 8 8 5 11 11 4 2 2 4 4 6 6 6 4 2 2 2 2 1 0 0 0
 7 7 13 12 12 5 18 18 5 5 5 7 7 7 9 9 11 11 12 18 18 16 9 9 6 6 4 10 10 8 20 20 8 8 9 3 3 3 3 3 2 2 3 3 3 0
 5 5 3 3 3 2 3 3 4 4 4 12 12 15 18 18 23 23 25 14 14 14 8 8 6 6 4 4 4 6 5 5 11 11 4 3 3 2 1 1 1 1 1 3 3 1
 5 5 3 3 3 2 3 3 4 4 4 12 12 15 18 18 23 23 25 14 14 14 8 8 6 6 4 4 4 6 5 5 11 11 4 3 3 2 1 1 1 1 1 3 3 1
 0 0 0 2 2 1 2 2 3 3 2 8 8 21 17 17 22 22 13 18 18 12 8 8 5 5 3 2 2 1 1 1 2 2 1 1 1 0 0 0 0 0 1 3 3 3
 0 0 0 2 2 1 2 2 3 3 2 8 8 21 17 17 22 22 13 18 18 12 8 8 5 5 3 2 2 1 1 1 2 2 1 1 1 0 0 0 0 0 1 3 3 3
 0 0 0 1 1 1 1 1 2 2 2 2 2 2 5 5 7 7 17 27 27 9 8 8 5 5 3 2 2 1 0 0 0 0 1 0 0 0 1 1 1 1 1 3 3 6
 0 0 1 1 1 1 1 1 2 2 2 2 2 3 10 10 10 10 6 5 5 9 9 9 6 6 3 1 1 1 0 0 0 0 0 0 0 0 0 0 1 1 1 0 0 0
 0 0 1 1 1 1 1 1 2 2 2 2 2 3 10 10 10 10 6 5 5 9 9 9 6 6 3 1 1 1 0 0 0 0 0 0 0 0 0 0 1 1 1 0 0 0
 1 1 0 1 1 1 1 1 1 1 3 5 5 6 14 14 13 13 10 17 17 10 24 24 5 5 2 1 1 0 0 0 0 0 0 0 0 0 0 0 0 0 0 1 1 0
 0 0 0 1 1 1 1 1 2 2 3 13 13 20 49 49 24 24 22 24 24 14 11 11 6 6 3 2 2 2 1 1 0 0 0 2 2 0 0 0 0 0 1 0 0 0
 0 0 0 1 1 1 1 1 2 2 3 13 13 20 49 49 24 24 22 24 24 14 11 11 6 6 3 2 2 2 1 1 0 0 0 2 2 0 0 0 0 0 1 0 0 0
 0 0 0 0 0 1 3 3 3 3 4 13 13 20 50 50 27 27 39 38 38 28 12 12 7 7 3 2 2 2 1 1 1 1 1 3 3 2 1 1 0 0 0 0 0 1
 0 0 0 0 0 1 3 3 3 3 4 13 13 20 50 50 27 27 39 38 38 28 12 12 7 7 3 2 2 2 1 1 1 1 1 3 3 2 1 1 0 0 0 0 0 1
 0 0 0 1 1 2 2 2 4 4 7 21 21 29 25 25 44 44 43 48 48 17 11 11 10 10 5 3 3 2 1 1 1 1 0 1 1 4 1 1 0 0 0 0 0 1
 0 0 0 2 2 5 5 5 3 3 8 8 8 26 47 47 36 36 36 40 40 26 11 11 15 15 10 6 6 4 4 4 6 6 2 4 4 5 3 3 1 1 1 0 0 0
 0 0 0 2 2 5 5 5 3 3 8 8 8 26 47 47 36 36 36 40 40 26 11 11 15 15 10 6 6 4 4 4 6 6 2 4 4 5 3 3 1 1 1 0 0 0
 0 0 1 2 2 6 6 6 10 10 10 26 26 29 44 44 32 32 30 31 31 28 13 13 15 15 14 15 15 11 7 7 3 3 3 5 5 5 3 3 2 2 1 0 0 0
 0 0 1 2 2 25 26 26 10 10 10 20 20 23 33 33 35 35 33 31 31 33 13 13 13 13 15 20 20 16 11 11 9 9 5 5 5 6 2 2 1 1 0 0 0 0
 0 0 1 2 2 25 26 26 10 10 10 20 20 23 33 33 35 35 33 31 31 33 13 13 13 13 15 20 20 16 11 11 9 9 5 5 5 6 2 2 1 1 0 0 0 0
 0 0 1 2 2 3 4 4 4 4 23 21 21 21 17 17 15 15 18 18 18 11 11 11 11 11 10 14 14 15 13 13 11 11 4 4 4 5 1 1 1 1 0 0 0 0
 0 0 1 2 2 3 4 4 4 4 23 21 21 21 17 17 15 15 18 18 18 11 11 11 11 11 10 14 14 15 13 13 11 11 4 4 4 5 1 1 1 1 0 0 0 0
 0 0 1 2 2 3 4 4 3 3 3 6 6 12 16 16 17 17 18 15 15 13 8 8 8 8 8 8 8 9 10 10 13 13 10 12 12 5 2 2 1 1 0 0 0 0
 0 0 1 2 2 2 2 2 2 2 3 6 6 11 11 11 15 15 19 16 16 15 7 7 5 5 5 4 4 5 9 9 16 16 20 12 12 8 2 2 1 1 0 0 0 0
 0 0 1 2 2 2 2 2 2 2 3 6 6 11 11 11 15 15 19 16 16 15 7 7 5 5 5 4 4 5 9 9 16 16 20 12 12 8 2 2 1 1 0 0 0 0
 0 0 1 2 2 3 2 2 2 2 2 3 3 7 9 9 10 10 13 11 11 9 5 5 3 3 4 4 4 5 9 9 23 23 30 14 14 20 5 5 2 2 0 0 0 0
 0 0 1 1 1 2 2 2 2 2 3 15 15 16 6 6 7 7 6 5 5 4 2 2 1 1 2 2 2 3 10 10 24 24 30 28 28 7 6 6 2 2 0 0 0 0
 0 0 1 1 1 2 2 2 2 2 3 15 15 16 6 6 7 7 6 5 5 4 2 2 1 1 2 2 2 3 10 10 24 24 30 28 28 7 6 6 2 2 0 0 0 0
 1 1 1 1 1 1 1 1 2 2 3 24 24 26 24 24 4 4 2 1 1 1 0 0 1 1 1 1 1 1 5 5 14 14 16 14 14 7 3 3 1 1 1 0 0 0
 1 1 1 1 1 1 1 1 2 2 3 24 24 26 24 24 4 4 2 1 1 1 0 0 1 1 1 1 1 1 5 5 14 14 16 14 14 7 3 3 1 1 1 0 0 0
 0 0 1 1 1 1 1 1 2 2 3 16 16 24 6 6 2 2 1 1 1 0 0 0 0 0 0 0 0 1 3 3 7 7 9 8 8 21 23 23 11 11 5 2 2 2
 0 0 0 0 0 0 1 1 2 2 2 3 3 11 12 12 1 1 1 1 1 0 0 0 0 0 0 0 0 0 1 1 2 2 3 12 12 7 23 23 14 14 15 7 7 4
 0 0 0 0 0 0 1 1 2 2 2 3 3 11 12 12 1 1 1 1 1 0 0 0 0 0 0 0 0 0 1 1 2 2 3 12 12 7 23 23 14 14 15 7 7 4
 0 0 0 0 0 1 1 1 2 2 2 2 2 2 4 4 1 1 1 0 0 0 0 0 0 0 0 0 0 0 0 0 0 0 0 1 1 7 25 25 149 149 15 8 8 4
 0 0 0 1 1 2 2 2 3 3 2 1 1 2 2 2 1 1 0 0 0 0 0 0 0 0 0 0 0 0 0 0 0 0 0 1 1 3 12 12 15 15 16 14 14 5
 0 0 0 1 1 2 2 2 3 3 2 1 1 2 2 2 1 1 0 0 0 0 0 0 0 0 0 0 0 0 0 0 0 0 0 1 1 3 12 12 15 15 16 14 14 5
 0 0 0 0 0 1 1 1 1 1 0 0 0 2 1 1 0 0 0 1 1 0 0 0 0 0 2 3 3 3 2 2 2 2 2 2 2 4 13 13 16 16 15 12 12 4
 0 0 0 0 0 1 1 1 1 1 0 0 0 2 1 1 0 0 0 1 1 0 0 0 0 0 2 3 3 3 2 2 2 2 2 2 2 4 13 13 16 16 15 12 12 4
 0 0 0 0 0 0 0 0 0 0 0 1 1 1 1 1 1 1 1 1 1 1 1 1 3 3 9 18 18 19 12 12 7 7 4 3 3 5 4 4 10 10 14 8 8 2
 0 0 0 0 0 0 0 0 0 0 0 0 0 1 1 1 1 1 1 1 1 1 2 2 6 6 19 31 31 30 18 18 10 10 7 4 4 4 4 4 4 4 4 4 4 1
 0 0 0 0 0 0 0 0 0 0 0 0 0 1 1 1 1 1 1 1 1 1 2 2 6 6 19 31 31 30 18 18 10 10 7 4 4 4 4 4 4 4 4 4 4 1
 0 0 0 0 0 0 0 0 0 0 0 0 0 2 3 3 1 1 1 0 0 1 3 3 7 7 17 27 27 24 14 14 7 7 5 2 2 2 2 2 4 4 4 3 3 0
 0 0 0 0 0 0 0 0 0 0 0 0 0 1 2 2 1 1 1 0 0 1 2 2 6 6 12 18 18 14 10 10 5 5 2 1 1 2 1 1 2 2 1 1 1 0
 0 0 0 0 0 0 0 0 0 0 0 0 0 1 2 2 1 1 1 0 0 1 2 2 6 6 12 18 18 14 10 10 5 5 2 1 1 2 1 1 2 2 1 1 1 0
 0 0 0 0 0 0 0 0 0 0 0 1 1 1 1 1 1 1 0 0 0 1 2 2 4 4 7 10 10 14 8 8 4 4 1 0 0 0 1 1 1 1 1 1 1 0
 0 0 0 0 0 0 0 0 0 0 0 1 1 1 1 1 1 1 0 0 0 1 2 2 4 4 7 10 10 14 8 8 4 4 1 0 0 0 1 1 1 1 1 1 1 0
 0 0 0 0 0 0 0 0 0 0 0 1 1 0 0 0 0 0 0 0 0 0 1 1 1 1 3 4 4 11 11 11 4 4 1 0 0 0 0 0 0 0 1 0 0 0
 0 0 0 0 0 0 0 0 0 0 0 0 0 0 0 0 0 0 0 0 0 0 0 0 1 1 1 2 2 10 13 13 5 5 1 0 0 0 0 0 0 0 0 0 0 0
 0 0 0 0 0 0 0 0 0 0 0 0 0 0 0 0 0 0 0 0 0 0 0 0 1 1 1 2 2 10 13 13 5 5 1 0 0 0 0 0 0 0 0 0 0 0
 0 0 0 0 0 0 0 0 0 0 0 0 0 0 0 0 0 0 0 0 0 0 0 0 1 1 1 2 2 9 8 8 3 3 1 0 0 1 0 0 0 0 0 0 0 0
 0 0 0 0 0 0 0 0 0 0 0 0 0 0 0 0 0 0 0 0 0 1 0 0 1 1 1 1 1 4 4 4 2 2 2 10 10 1 0 0 0 0 0 2 2 2
 0 0 0 0 0 0 0 0 0 0 0 0 0 0 0 0 0 0 0 0 0 1 0 0 1 1 1 1 1 4 4 4 2 2 2 10 10 1 0 0 0 0 0 2 2 2
 0 0 0 0 0 0 0 0 0 0 0 0 0 0 0 0 0 0 0 1 1 1 0 0 1 1 1 1 1 1 2 2 1 1 12 10 10 2 0 0 0 0 0 2 2 3
 0 0 0 0 0 0 0 0 0 0 0 0 0 0 0 0 0 0 0 1 1 1 0 0 1 1 1 1 1 1 2 2 1 1 12 10 10 2 0 0 0 0 0 2 2 3
 0 0 0 0 0 0 0 0 0 0 0 0 0 0 0 0 0 0 0 1 1 1 1 1 1 1 1 0 0 0 1 1 1 1 14 18 18 1 0 0 0 0 0 3 3 1
 0 0 0 0 0 0 0 0 0 0 0 0 0 0 0 0 0 0 1 2 2 4 3 3 2 2 1 1 1 0 1 1 0 0 2 5 5 2 0 0 1 1 2 2 2 2
 0 0 0 0 0 0 0 0 0 0 0 0 0 0 0 0 0 0 1 2 2 4 3 3 2 2 1 1 1 0 1 1 0 0 2 5 5 2 0 0 1 1 2 2 2 2
 0 0 0 0 0 0 0 0 0 0 0 0 0 0 1 1 2 2 4 7 7 10 9 9 7 7 6 3 3 7 1 1 0 0 2 4 4 3 4 4 10 10 2 3 3 3
 0 0 0 0 0 0 0 0 0 0 0 0 0 1 3 3 6 6 9 13 13 15 14 14 18 18 16 13 13 7 1 1 0 0 1 2 2 10 17 17 24 24 4 9 9 5
 0 0 0 0 0 0 0 0 0 0 0 0 0 1 3 3 6 6 9 13 13 15 14 14 18 18 16 13 13 7 1 1 0 0 1 2 2 10 17 17 24 24 4 9 9 5
 0 0 0 0 0 0 0 0 0 0 0 1 1 2 6 6 9 9 30 17 17 18 17 17 21 21 35 20 20 13 11 11 1 1 1 3 3 12 17 17 25 25 15 7 7 1
 0 0 0 0 0 0 0 0 0 0 0 1 1 2 6 6 9 9 30 17 17 18 17 17 21 21 35 20 20 13 11 11 1 1 1 3 3 12 17 17 25 25 15 7 7 1
 0 0 0 0 0 0 0 0 1 1 1 2 2 5 8 8 11 11 32 34 34 32 32 32 52 52 48 30 30 18 5 5 2 2 4 5 5 13 11 11 11 11 8 4 4 2
 0 0 0 0 0 0 1 1 2 2 3 4 4 8 14 14 17 17 31 35 35 37 38 38 29 29 25 9 9 12 7 7 5 5 7 10 10 13 20 20 7 7 8 5 5 1
 0 0 0 0 0 0 1 1 2 2 3 4 4 8 14 14 17 17 31 35 35 37 38 38 29 29 25 9 9 12 7 7 5 5 7 10 10 13 20 20 7 7 8 5 5 1
 0 0 0 0 0 0 2 2 4 4 6 18 18 20 22 22 16 16 33 35 35 38 34 34 30 30 27 7 7 8 9 9 7 7 7 6 6 9 19 19 6 6 5 4 4 1
 0 0 0 1 1 2 3 3 6 6 7 18 18 19 20 20 27 27 29 31 31 32 30 30 28 28 26 6 6 8 8 8 14 14 13 12 12 13 22 22 8 8 9 5 5 5
 0 0 0 1 1 2 3 3 6 6 7 18 18 19 20 20 27 27 29 31 31 32 30 30 28 28 26 6 6 8 8 8 14 14 13 12 12 13 22 22 8 8 9 5 5 5
 0 0 1 1 1 2 3 3 4 4 26 57 57 61 57 57 32 32 29 31 31 31 31 31 28 28 80 75 75 213 192 192 173 173 15 18 18 22 17 17 14 14 15 5 5 5
 0 0 1 1 1 2 3 3 4 4 26 57 57 61 57 57 32 32 29 31 31 31 31 31 28 28 80 75 75 213 192 192 173 173 15 18 18 22 17 17 14 14 15 5 5 5
 0 0 1 1 1 2 2 2 3 3 7 147 147 150 55 55 32 32 29 29 29 7 8 8 7 7 79 71 71 70 249 249 242 242 17 19 19 21 19 19 18 18 25 9 9 6
 1 1 1 1 1 2 2 2 2 2 4 133 133 139 137 137 48 48 26 25 25 15 6 6 5 5 228 199 199 191 239 239 234 234 13 16 16 13 16 16 16 16 26 13 13 5
 1 1 1 1 1 2 2 2 2 2 4 133 133 139 137 137 48 48 26 25 25 15 6 6 5 5 228 199 199 191 239 239 234 234 13 16 16 13 16 16 16 16 26 13 13 5
 1 1 1 1 1 2 2 2 2 2 2 3 3 3 4 4 5 5 6 24 24 14 5 5 4 4 9 176 176 170 31 31 30 30 16 16 16 11 13 13 14 14 10 6 6 6
 1 1 5 1 1 2 2 2 1 1 2 2 2 2 2 2 4 4 5 4 4 4 4 4 8 8 9 163 163 158 32 32 2 2 2 2 2 2 9 9 9 9 7 4 4 3
