assets/RAT_results_old/precipitation/2020-08-05_IMERG.asc
ncols        46
nrows        77
xllcorner    74.800261325624
yllcorner    8.058333333333
cellsize     0.062500000000
NODATA_value -9999
 24 24 25 22 22 19 21 21 23 23 24 18 18 19 16 16 19 19 12 4 4 4 4 4 1 1 4 1 1 1 1 1 1 1 0 0 0 0 0 0 0 0 0 0 0 0
 24 24 26 21 21 17 17 17 19 19 19 17 17 18 15 15 13 13 7 4 4 4 6 6 6 6 7 1 1 2 0 0 0 0 0 0 0 0 0 0 0 0 0 0 0 0
 24 24 26 21 21 17 17 17 19 19 19 17 17 18 15 15 13 13 7 4 4 4 6 6 6 6 7 1 1 2 0 0 0 0 0 0 0 0 0 0 0 0 0 0 0 0
 21 21 23 23 23 20 31 31 17 17 19 21 21 9 10 10 9 9 5 3 3 2 5 5 5 5 6 2 2 2 0 0 0 0 0 0 0 0 0 0 0 0 0 0 0 0
 12 12 21 26 26 31 50 50 40 40 24 32 32 16 13 13 8 8 9 3 3 3 4 4 4 4 5 1 1 0 0 0 0 0 0 1 1 0 0 0 0 0 0 0 0 0
 12 12 21 26 26 31 50 50 40 40 24 32 32 16 13 13 8 8 9 3 3 3 4 4 4 4 5 1 1 0 0 0 0 0 0 1 1 0 0 0 0 0 0 0 0 0
 15 15 15 19 19 18 25 25 24 24 23 34 34 40 40 40 19 19 12 6 6 5 3 3 3 3 3 1 1 1 0 0 0 0 0 1 1 0 0 0 0 0 0 0 0 0
 15 15 15 19 19 18 25 25 24 24 23 34 34 40 40 40 19 19 12 6 6 5 3 3 3 3 3 1 1 1 0 0 0 0 0 1 1 0 0 0 0 0 0 0 0 0
 14 14 10 17 17 18 15 15 22 22 32 33 33 53 39 39 20 20 20 5 5 5 3 3 3 3 2 6 6 1 0 0 0 0 0 0 0 0 0 0 0 0 0 0 0 0
 10 10 10 16 16 17 15 15 14 14 15 27 27 35 37 37 14 14 13 8 8 5 3 3 6 6 6 6 6 1 1 1 0 0 0 0 0 0 0 0 0 0 1 0 0 0
 10 10 10 16 16 17 15 15 14 14 15 27 27 35 37 37 14 14 13 8 8 5 3 3 6 6 6 6 6 1 1 1 0 0 0 0 0 0 0 0 0 0 1 0 0 0
 8 8 9 10 10 14 14 14 16 16 14 24 24 12 16 16 15 15 16 6 6 6 7 7 7 7 5 6 6 1 1 1 0 0 0 0 0 0 0 0 0 0 0 0 0 0
 6 6 5 6 6 12 13 13 11 11 11 10 10 12 15 15 16 16 14 8 8 6 4 4 3 3 1 1 1 1 0 0 0 0 0 0 0 0 1 1 1 1 0 0 0 1
 6 6 5 6 6 12 13 13 11 11 11 10 10 12 15 15 16 16 14 8 8 6 4 4 3 3 1 1 1 1 0 0 0 0 0 0 0 0 1 1 1 1 0 0 0 1
 4 4 3 4 4 4 8 8 9 9 9 8 8 8 13 13 12 12 11 6 6 4 6 6 3 3 3 1 1 1 0 0 0 0 0 0 0 0 1 1 1 1 1 1 1 1
 4 4 3 4 4 4 8 8 9 9 9 8 8 8 13 13 12 12 11 6 6 4 6 6 3 3 3 1 1 1 0 0 0 0 0 0 0 0 1 1 1 1 1 1 1 1
 5 5 4 5 5 7 4 4 10 10 8 8 8 8 8 8 14 14 23 11 11 7 5 5 3 3 2 1 1 1 0 0 0 0 0 0 0 1 1 1 1 1 1 1 1 1
 4 4 4 4 4 4 5 5 6 6 7 7 7 6 25 25 17 17 33 16 16 7 14 14 11 11 10 3 3 3 0 0 0 0 0 0 0 1 1 1 1 1 1 1 1 1
 4 4 4 4 4 4 5 5 6 6 7 7 7 6 25 25 17 17 33 16 16 7 14 14 11 11 10 3 3 3 0 0 0 0 0 0 0 1 1 1 1 1 1 1 1 1
 4 4 5 5 5 5 6 6 4 4 7 12 12 11 12 12 14 14 15 16 16 17 13 13 9 9 12 3 3 1 1 1 1 1 0 1 1 1 1 1 0 0 0 1 1 1
 4 4 6 5 5 4 4 4 3 3 9 12 12 8 8 8 6 6 8 7 7 8 11 11 9 9 8 5 5 1 2 2 1 1 2 0 0 0 1 1 0 0 0 1 1 1
 4 4 6 5 5 4 4 4 3 3 9 12 12 8 8 8 6 6 8 7 7 8 11 11 9 9 8 5 5 1 2 2 1 1 2 0 0 0 1 1 0 0 0 1 1 1
 4 4 4 3 3 3 3 3 6 6 5 5 5 10 8 8 5 5 4 8 8 6 13 13 17 17 20 9 9 3 2 2 2 2 2 0 0 0 0 0 0 0 0 0 0 0
 4 4 4 3 3 3 3 3 6 6 5 5 5 10 8 8 5 5 4 8 8 6 13 13 17 17 20 9 9 3 2 2 2 2 2 0 0 0 0 0 0 0 0 0 0 0
 3 3 3 1 1 2 3 3 4 4 4 2 2 6 5 5 6 6 3 3 3 3 9 9 3 3 11 20 20 17 3 3 0 0 0 0 0 0 0 0 0 0 0 0 0 0
 3 3 2 2 2 2 3 3 3 3 3 2 2 1 3 3 3 3 2 2 2 2 2 2 2 2 12 21 21 16 1 1 0 0 0 0 0 1 0 0 0 0 0 0 0 0
 3 3 2 2 2 2 3 3 3 3 3 2 2 1 3 3 3 3 2 2 2 2 2 2 2 2 12 21 21 16 1 1 0 0 0 0 0 1 0 0 0 0 0 0 0 0
 3 3 3 3 3 2 3 3 3 3 3 2 2 0 0 0 2 2 1 1 1 1 1 1 3 3 2 2 2 3 0 0 0 0 1 1 1 1 0 0 0 0 0 0 0 0
 2 2 3 3 3 3 2 2 3 3 2 2 2 0 2 2 1 1 1 0 0 1 1 1 1 1 1 1 1 0 0 0 0 0 1 1 1 0 0 0 0 0 0 0 0 0
 2 2 3 3 3 3 2 2 3 3 2 2 2 0 2 2 1 1 1 0 0 1 1 1 1 1 1 1 1 0 0 0 0 0 1 1 1 0 0 0 0 0 0 0 0 0
 2 2 2 2 2 2 3 3 2 2 2 2 2 2 2 2 1 1 1 1 1 0 0 0 0 0 0 0 0 0 0 0 0 0 1 1 1 0 1 1 0 0 0 1 1 0
 2 2 2 2 2 2 3 3 2 2 2 2 2 2 2 2 1 1 1 1 1 0 0 0 0 0 0 0 0 0 0 0 0 0 1 1 1 0 1 1 0 0 0 1 1 0
 3 3 3 3 3 2 2 2 2 2 2 2 2 0 0 0 1 1 1 1 1 1 1 1 1 1 0 0 0 0 1 1 1 1 1 0 0 0 2 2 1 1 0 0 0 0
 3 3 2 2 2 3 2 2 2 2 2 2 2 1 1 1 1 1 2 2 2 1 1 1 1 1 1 1 1 0 0 0 0 0 1 0 0 1 1 1 1 1 2 1 1 0
 3 3 2 2 2 3 2 2 2 2 2 2 2 1 1 1 1 1 2 2 2 1 1 1 1 1 1 1 1 0 0 0 0 0 1 0 0 1 1 1 1 1 2 1 1 0
 2 2 2 2 2 1 3 3 2 2 2 2 2 2 2 2 1 1 2 2 2 2 2 2 1 1 1 1 1 1 0 0 1 1 1 1 1 1 2 2 2 2 2 2 2 1
 2 2 1 1 1 2 3 3 2 2 2 2 2 2 2 2 2 2 2 3 3 2 2 2 2 2 3 2 2 1 1 1 1 1 1 1 1 1 1 1 2 2 1 1 1 1
 2 2 1 1 1 2 3 3 2 2 2 2 2 2 2 2 2 2 2 3 3 2 2 2 2 2 3 2 2 1 1 1 1 1 1 1 1 1 1 1 2 2 1 1 1 1
 2 2 2 2 2 2 3 3 1 1 1 2 2 2 2 2 2 2 2 3 3 2 5 5 5 5 3 2 2 1 2 2 2 2 3 3 3 2 1 1 1 1 0 1 1 0
 2 2 2 2 2 2 3 3 1 1 1 2 2 2 2 2 2 2 2 3 3 2 5 5 5 5 3 2 2 1 2 2 2 2 3 3 3 2 1 1 1 1 0 1 1 0
 2 2 2 2 2 1 2 2 2 2 2 2 2 2 2 2 2 2 3 5 5 9 9 9 7 7 4 3 3 3 6 6 6 6 9 4 4 5 2 2 1 1 1 0 0 2
 1 1 3 2 2 2 2 2 2 2 2 2 2 2 2 2 2 2 3 7 7 8 9 9 9 9 5 4 4 4 5 5 6 6 9 6 6 5 4 4 3 3 2 1 1 1
 1 1 3 2 2 2 2 2 2 2 2 2 2 2 2 2 2 2 3 7 7 8 9 9 9 9 5 4 4 4 5 5 6 6 9 6 6 5 4 4 3 3 2 1 1 1
 2 2 2 2 2 3 3 3 3 3 2 2 2 3 3 3 3 3 9 5 5 9 9 9 7 7 3 3 3 3 6 6 7 7 9 6 6 5 4 4 3 3 2 1 1 1
 2 2 2 3 3 3 3 3 3 3 2 2 2 3 2 2 3 3 3 4 4 11 5 5 5 5 3 3 3 6 6 6 6 6 8 6 6 7 3 3 2 2 1 0 0 0
 2 2 2 3 3 3 3 3 3 3 2 2 2 3 2 2 3 3 3 4 4 11 5 5 5 5 3 3 3 6 6 6 6 6 8 6 6 7 3 3 2 2 1 0 0 0
 2 2 3 2 2 3 3 3 2 2 2 2 2 1 2 2 2 2 1 1 1 5 3 3 4 4 3 4 4 5 5 5 7 7 8 8 8 4 3 3 2 2 1 1 1 0
 2 2 3 2 2 3 3 3 2 2 2 2 2 1 2 2 2 2 1 1 1 5 3 3 4 4 3 4 4 5 5 5 7 7 8 8 8 4 3 3 2 2 1 1 1 0
 2 2 2 3 3 3 3 3 2 2 1 1 1 1 1 1 1 1 1 1 1 1 2 2 4 4 4 4 4 5 5 5 6 6 9 7 7 6 3 3 3 3 2 1 1 1
 0 0 1 1 1 1 2 2 2 2 1 1 1 1 1 1 1 1 1 1 1 1 1 1 4 4 3 3 3 5 6 6 5 5 8 7 7 6 3 3 3 3 2 2 2 2
 0 0 1 1 1 1 2 2 2 2 1 1 1 1 1 1 1 1 1 1 1 1 1 1 4 4 3 3 3 5 6 6 5 5 8 7 7 6 3 3 3 3 2 2 2 2
 0 0 0 1 1 1 1 1 1 1 1 1 1 1 1 1 1 1 0 1 1 1 1 1 2 2 2 4 4 5 6 6 4 4 6 6 6 5 3 3 3 3 3 3 3 2
 0 0 0 0 0 0 1 1 1 1 1 1 1 1 0 0 0 0 0 0 0 0 3 3 2 2 3 4 4 4 4 4 5 5 6 8 8 7 5 5 4 4 4 4 4 2
 0 0 0 0 0 0 1 1 1 1 1 1 1 1 0 0 0 0 0 0 0 0 3 3 2 2 3 4 4 4 4 4 5 5 6 8 8 7 5 5 4 4 4 4 4 2
 0 0 0 0 0 0 0 0 0 0 1 1 1 1 0 0 0 0 0 0 0 0 2 2 1 1 2 3 3 2 3 3 7 7 8 8 8 6 6 6 6 6 5 3 3 1
 0 0 0 0 0 0 0 0 0 0 1 1 1 1 0 0 0 0 0 0 0 0 2 2 1 1 2 3 3 2 3 3 7 7 8 8 8 6 6 6 6 6 5 3 3 1
 0 0 0 0 0 0 0 0 0 0 0 1 1 2 1 1 0 0 0 0 0 0 1 1 1 1 2 2 2 2 3 3 5 5 7 7 7 9 10 10 6 6 3 3 3 1
 0 0 0 0 0 0 0 0 0 0 0 0 0 1 2 2 0 0 0 0 0 0 1 1 1 1 1 4 4 3 4 4 5 5 7 6 6 6 5 5 4 4 2 1 1 1
 0 0 0 0 0 0 0 0 0 0 0 0 0 1 2 2 0 0 0 0 0 0 1 1 1 1 1 4 4 3 4 4 5 5 7 6 6 6 5 5 4 4 2 1 1 1
 1 1 0 0 0 0 0 0 0 0 0 0 0 0 0 0 0 0 0 0 0 0 0 0 3 3 5 7 7 5 5 5 21 21 14 3 3 3 2 2 1 1 1 1 1 0
 1 1 0 0 0 0 0 0 0 0 0 0 0 0 0 0 0 0 0 1 1 0 0 0 3 3 4 14 14 8 19 19 19 19 12 4 4 11 2 2 1 1 1 0 0 0
 1 1 0 0 0 0 0 0 0 0 0 0 0 0 0 0 0 0 0 1 1 0 0 0 3 3 4 14 14 8 19 19 19 19 12 4 4 11 2 2 1 1 1 0 0 0
 0 0 0 0 0 0 0 0 0 0 0 0 0 0 0 0 0 0 1 1 1 1 2 2 4 4 4 13 13 8 5 5 8 8 16 15 15 9 2 2 0 0 0 0 0 0
 0 0 0 0 0 0 0 0 0 0 0 0 0 0 0 0 0 0 1 1 1 1 2 2 4 4 4 13 13 8 5 5 8 8 16 15 15 9 2 2 0 0 0 0 0 0
 0 0 0 0 0 0 0 0 0 0 0 0 0 0 0 0 1 1 1 1 1 1 0 0 1 1 0 2 2 4 3 3 6 6 15 0 0 1 0 0 0 0 0 0 0 0
 0 0 0 0 0 0 0 0 0 0 0 0 0 1 1 1 2 2 1 1 1 0 0 0 2 2 0 2 2 2 2 2 1 1 0 0 0 1 0 0 1 1 0 2 2 0
 0 0 0 0 0 0 0 0 0 0 0 0 0 1 1 1 2 2 1 1 1 0 0 0 2 2 0 2 2 2 2 2 1 1 0 0 0 1 0 0 1 1 0 2 2 0
 1 1 1 1 1 1 0 0 0 0 3 5 5 1 1 1 1 1 1 0 0 0 0 0 1 1 2 1 1 1 1 1 1 1 0 0 0 0 1 1 3 3 2 0 0 1
 1 1 1 2 2 2 2 2 2 2 3 4 4 3 3 3 2 2 2 1 1 0 1 1 1 1 3 3 3 2 0 0 1 1 1 1 1 1 1 1 0 0 1 2 2 1
 1 1 1 2 2 2 2 2 2 2 3 4 4 3 3 3 2 2 2 1 1 0 1 1 1 1 3 3 3 2 0 0 1 1 1 1 1 1 1 1 0 0 1 2 2 1
 2 2 2 2 2 2 2 2 2 2 2 2 2 2 2 2 2 2 2 1 1 1 1 1 1 1 3 3 3 2 1 1 1 1 1 1 1 1 1 1 0 0 0 4 4 2
 2 2 2 2 2 2 2 2 2 2 2 2 2 2 2 2 2 2 2 1 1 1 1 1 1 1 3 3 3 2 1 1 1 1 1 1 1 1 1 1 0 0 0 4 4 2
 3 3 3 2 2 2 2 2 1 1 1 1 1 1 0 0 0 0 1 1 1 0 0 0 0 0 0 2 2 2 1 1 1 1 2 1 1 2 1 1 0 0 0 0 0 3
 3 3 3 2 2 2 2 2 1 1 1 1 1 1 0 0 0 0 0 0 0 0 0 0 0 0 0 1 1 1 1 1 1 1 1 0 0 1 1 1 1 1 0 0 0 0
 3 3 3 2 2 2 2 2 1 1 1 1 1 1 0 0 0 0 0 0 0 0 0 0 0 0 0 1 1 1 1 1 1 1 1 0 0 1 1 1 1 1 0 0 0 0
 4 4 4 3 3 2 2 2 2 2 1 1 1 1 1 1 1 1 1 0 0 1 1 1 1 1 1 1 1 2 2 2 2 2 2 2 2 2 2 2 2 2 1 1 1 1
 6 6 5 3 3 3 3 3 2 2 2 1 1 1 1 1 1 1 2 2 2 2 2 2 2 2 3 3 3 3 2 2 4 4 3 2 2 3 3 3 3 3 4 4 4 5
