assets/RAT_results_old/precipitation/2020-06-14_IMERG.asc
ncols        46
nrows        77
xllcorner    74.800261325624
yllcorner    8.058333333333
cellsize     0.062500000000
NODATA_value -9999
 37 37 32 32 32 19 20 20 12 12 11 4 4 4 2 2 1 1 2 2 2 0 0 0 0 0 0 0 0 0 0 0 0 0 0 0 0 0 0 0 0 0 0 0 0 0
 46 46 38 35 35 37 34 34 28 28 26 16 16 4 3 3 2 2 1 1 1 1 0 0 0 0 0 0 0 0 0 0 0 0 0 0 0 0 0 0 0 0 0 0 0 0
 46 46 38 35 35 37 34 34 28 28 26 16 16 4 3 3 2 2 1 1 1 1 0 0 0 0 0 0 0 0 0 0 0 0 0 0 0 0 0 0 0 0 0 0 0 0
 46 46 49 36 36 35 33 33 29 29 28 16 16 5 4 4 3 3 1 1 1 1 0 0 0 0 0 0 0 0 0 0 0 0 0 0 0 0 0 0 0 0 0 0 0 0
 31 31 34 32 32 32 30 30 29 29 24 20 20 8 8 8 4 4 2 1 1 1 0 0 0 0 0 0 0 0 0 0 0 0 0 0 0 0 0 0 0 0 0 0 0 0
 31 31 34 32 32 32 30 30 29 29 24 20 20 8 8 8 4 4 2 1 1 1 0 0 0 0 0 0 0 0 0 0 0 0 0 0 0 0 0 0 0 0 0 0 0 0
 32 32 35 29 29 27 18 18 18 18 18 20 20 9 8 8 3 3 3 1 1 1 0 0 0 0 0 0 0 0 0 0 0 0 0 0 0 0 0 0 0 0 0 0 0 0
 32 32 35 29 29 27 18 18 18 18 18 20 20 9 8 8 3 3 3 1 1 1 0 0 0 0 0 0 0 0 0 0 0 0 0 0 0 0 0 0 0 0 0 0 0 0
 29 29 28 31 31 22 18 18 18 18 19 14 14 10 7 7 5 5 3 1 1 1 0 0 0 0 0 0 0 0 0 0 0 0 0 0 0 0 0 0 0 0 0 0 0 0
 22 22 23 25 25 21 14 14 15 15 16 14 14 10 3 3 4 4 1 1 1 0 0 0 0 0 0 1 1 0 0 0 0 0 0 0 0 0 0 0 0 0 0 0 0 0
 22 22 23 25 25 21 14 14 15 15 16 14 14 10 3 3 4 4 1 1 1 0 0 0 0 0 0 1 1 0 0 0 0 0 0 0 0 0 0 0 0 0 0 0 0 0
 5 5 5 17 17 18 15 15 19 19 13 19 19 9 7 7 5 5 3 3 3 1 1 1 0 0 0 0 0 0 0 0 0 0 0 0 0 0 0 0 0 0 0 0 0 0
 11 11 10 32 32 28 19 19 16 16 15 13 13 11 14 14 7 7 5 4 4 3 2 2 1 1 0 0 0 0 0 0 0 0 0 0 0 0 0 0 0 0 0 0 0 0
 11 11 10 32 32 28 19 19 16 16 15 13 13 11 14 14 7 7 5 4 4 3 2 2 1 1 0 0 0 0 0 0 0 0 0 0 0 0 0 0 0 0 0 0 0 0
 20 20 18 36 36 28 37 37 21 21 18 15 15 13 19 19 17 17 16 7 7 7 2 2 1 1 1 0 0 0 0 0 0 0 0 0 0 0 0 0 0 0 0 0 0 0
 20 20 18 36 36 28 37 37 21 21 18 15 15 13 19 19 17 17 16 7 7 7 2 2 1 1 1 0 0 0 0 0 0 0 0 0 0 0 0 0 0 0 0 0 0 0
 45 45 47 44 44 34 30 30 30 30 22 20 20 27 24 24 16 16 16 12 12 8 3 3 2 2 2 1 1 0 0 0 0 0 0 0 0 0 0 0 0 0 0 0 0 0
 34 34 50 47 47 37 26 26 27 27 35 28 28 23 22 22 22 22 23 7 7 6 4 4 4 4 1 1 1 1 0 0 0 0 0 0 0 0 0 0 0 0 0 0 0 0
 34 34 50 47 47 37 26 26 27 27 35 28 28 23 22 22 22 22 23 7 7 6 4 4 4 4 1 1 1 1 0 0 0 0 0 0 0 0 0 0 0 0 0 0 0 0
 28 28 38 27 27 42 17 17 22 22 29 26 26 23 22 22 10 10 10 8 8 5 4 4 4 4 2 2 2 1 0 0 0 0 0 0 0 0 0 0 0 0 0 0 0 0
 21 21 26 37 37 36 19 19 18 18 22 29 29 21 29 29 15 15 14 12 12 7 5 5 4 4 2 3 3 1 1 1 0 0 0 0 0 0 0 0 0 0 0 0 0 0
 21 21 26 37 37 36 19 19 18 18 22 29 29 21 29 29 15 15 14 12 12 7 5 5 4 4 2 3 3 1 1 1 0 0 0 0 0 0 0 0 0 0 0 0 0 0
 16 16 22 29 29 29 31 31 16 16 17 20 20 25 22 22 16 16 16 15 15 11 9 9 5 5 2 3 3 2 2 2 1 1 0 0 0 0 0 0 0 0 0 0 0 0
 16 16 22 29 29 29 31 31 16 16 17 20 20 25 22 22 16 16 16 15 15 11 9 9 5 5 2 3 3 2 2 2 1 1 0 0 0 0 0 0 0 0 0 0 0 0
 18 18 16 30 30 32 27 27 16 16 18 18 18 28 33 33 21 21 17 15 15 11 9 9 8 8 3 3 3 2 2 2 1 1 0 0 0 0 0 0 0 0 0 0 0 0
 16 16 16 19 19 11 15 15 12 12 11 11 11 17 34 34 23 23 13 14 14 11 7 7 5 5 3 4 4 3 1 1 0 0 0 0 0 0 0 0 0 0 0 0 0 0
 16 16 16 19 19 11 15 15 12 12 11 11 11 17 34 34 23 23 13 14 14 11 7 7 5 5 3 4 4 3 1 1 0 0 0 0 0 0 0 0 0 0 0 0 0 0
 9 9 8 13 13 12 14 14 15 15 10 10 10 14 18 18 24 24 15 12 12 10 8 8 6 6 4 3 3 2 0 0 0 0 0 0 0 0 0 0 0 0 0 0 0 0
 11 11 16 21 21 18 13 13 14 14 11 9 9 10 12 12 17 17 14 12 12 10 7 7 9 9 7 11 11 1 1 1 0 0 0 0 0 0 0 0 0 0 0 0 0 0
 11 11 16 21 21 18 13 13 14 14 11 9 9 10 12 12 17 17 14 12 12 10 7 7 9 9 7 11 11 1 1 1 0 0 0 0 0 0 0 0 0 0 0 0 0 0
 15 15 19 20 20 16 20 20 19 19 21 13 13 13 9 9 14 14 10 11 11 11 8 8 7 7 5 4 4 1 1 1 0 0 0 0 0 0 0 0 0 0 0 0 0 0
 15 15 19 20 20 16 20 20 19 19 21 13 13 13 9 9 14 14 10 11 11 11 8 8 7 7 5 4 4 1 1 1 0 0 0 0 0 0 0 0 0 0 0 0 0 0
 20 20 26 21 21 20 19 19 15 15 20 18 18 10 15 15 27 27 26 18 18 13 8 8 6 6 5 4 4 2 1 1 0 0 0 0 0 0 0 0 0 0 0 0 0 0
 20 20 23 19 19 20 17 17 23 23 21 21 21 17 10 10 22 22 25 20 20 15 8 8 4 4 2 1 1 0 0 0 0 0 0 0 0 0 0 0 0 0 0 0 0 0
 20 20 23 19 19 20 17 17 23 23 21 21 21 17 10 10 22 22 25 20 20 15 8 8 4 4 2 1 1 0 0 0 0 0 0 0 0 0 0 0 0 0 0 0 0 0
 17 17 21 9 9 15 12 12 20 20 26 23 23 17 16 16 23 23 23 23 23 11 6 6 4 4 2 1 1 0 1 1 1 1 1 0 0 0 0 0 0 0 0 0 0 0
 6 6 20 6 6 10 12 12 15 15 21 25 25 11 10 10 15 15 10 20 20 11 7 7 5 5 5 2 2 0 0 0 0 0 0 0 0 0 0 0 0 0 0 0 0 0
 6 6 20 6 6 10 12 12 15 15 21 25 25 11 10 10 15 15 10 20 20 11 7 7 5 5 5 2 2 0 0 0 0 0 0 0 0 0 0 0 0 0 0 0 0 0
 3 3 5 6 6 8 10 10 16 16 18 22 22 13 14 14 12 12 20 16 16 12 10 10 8 8 5 3 3 3 2 2 2 2 0 0 0 0 0 0 0 0 0 0 0 0
 3 3 5 6 6 8 10 10 16 16 18 22 22 13 14 14 12 12 20 16 16 12 10 10 8 8 5 3 3 3 2 2 2 2 0 0 0 0 0 0 0 0 0 0 0 0
 3 3 4 5 5 6 9 9 15 15 16 17 17 14 10 10 10 10 17 16 16 12 13 13 11 11 6 6 6 6 6 6 5 5 1 0 0 1 0 0 0 0 0 0 0 0
 5 5 4 4 4 5 9 9 16 16 14 19 19 12 6 6 16 16 17 19 19 18 17 17 14 14 7 6 6 5 5 5 8 8 4 2 2 2 0 0 0 0 0 0 0 0
 5 5 4 4 4 5 9 9 16 16 14 19 19 12 6 6 16 16 17 19 19 18 17 17 14 14 7 6 6 5 5 5 8 8 4 2 2 2 0 0 0 0 0 0 0 0
 6 6 3 4 4 7 10 10 13 13 17 18 18 13 10 10 13 13 14 13 13 14 12 12 10 10 9 6 6 6 6 6 7 7 6 3 3 2 0 0 0 0 0 0 0 0
 7 7 3 4 4 4 8 8 10 10 14 15 15 18 9 9 9 9 11 10 10 10 9 9 8 8 8 6 6 5 5 5 4 4 3 2 2 1 1 1 0 0 0 0 0 0
 7 7 3 4 4 4 8 8 10 10 14 15 15 18 9 9 9 9 11 10 10 10 9 9 8 8 8 6 6 5 5 5 4 4 3 2 2 1 1 1 0 0 0 0 0 0
 7 7 2 2 2 4 4 4 10 10 13 15 15 14 9 9 9 9 6 6 6 5 5 5 7 7 7 7 7 7 6 6 7 7 3 2 2 2 0 0 0 0 0 0 0 0
 7 7 2 2 2 4 4 4 10 10 13 15 15 14 9 9 9 9 6 6 6 5 5 5 7 7 7 7 7 7 6 6 7 7 3 2 2 2 0 0 0 0 0 0 0 0
 5 5 7 2 2 5 7 7 7 7 8 11 11 13 6 6 5 5 4 7 7 7 7 7 8 8 6 5 5 4 4 4 8 8 4 4 4 3 1 1 0 0 0 0 0 0
 6 6 8 3 3 3 5 5 6 6 9 11 11 11 9 9 7 7 5 5 5 3 3 3 4 4 5 4 4 3 3 3 3 3 2 3 3 2 1 1 0 0 0 0 0 0
 6 6 8 3 3 3 5 5 6 6 9 11 11 11 9 9 7 7 5 5 5 3 3 3 4 4 5 4 4 3 3 3 3 3 2 3 3 2 1 1 0 0 0 0 0 0
 5 5 6 1 1 3 5 5 5 5 4 4 4 7 8 8 6 6 5 5 5 6 4 4 3 3 2 2 2 3 3 3 2 2 3 1 1 1 0 0 0 0 0 0 0 0
 3 3 3 1 1 2 3 3 2 2 3 4 4 7 10 10 5 5 5 4 4 5 5 5 8 8 6 4 4 5 3 3 4 4 3 1 1 1 0 0 0 0 0 0 0 0
 3 3 3 1 1 2 3 3 2 2 3 4 4 7 10 10 5 5 5 4 4 5 5 5 8 8 6 4 4 5 3 3 4 4 3 1 1 1 0 0 0 0 0 0 0 0
 1 1 0 1 1 1 2 2 3 3 2 4 4 8 11 11 6 6 5 4 4 7 6 6 6 6 5 4 4 4 2 2 4 4 3 3 3 2 0 0 0 0 0 0 0 0
 1 1 0 1 1 1 2 2 3 3 2 4 4 8 11 11 6 6 5 4 4 7 6 6 6 6 5 4 4 4 2 2 4 4 3 3 3 2 0 0 0 0 0 0 0 0
 3 3 2 2 2 3 3 3 4 4 7 4 4 7 15 15 8 8 6 5 5 6 7 7 8 8 4 4 4 2 3 3 3 3 3 5 5 4 1 1 0 0 0 0 0 0
 1 1 2 2 2 2 4 4 6 6 9 6 6 12 14 14 23 23 11 10 10 10 7 7 6 6 7 6 6 5 3 3 3 3 5 4 4 3 1 1 0 0 0 0 0 0
 1 1 2 2 2 2 4 4 6 6 9 6 6 12 14 14 23 23 11 10 10 10 7 7 6 6 7 6 6 5 3 3 3 3 5 4 4 3 1 1 0 0 0 0 0 0
 0 0 1 1 1 2 4 4 7 7 9 16 16 15 22 22 32 32 20 24 24 20 19 19 11 11 8 6 6 6 4 4 3 3 3 6 6 4 1 1 0 0 0 0 0 0
 1 1 1 2 2 3 5 5 7 7 9 18 18 35 31 31 36 36 20 17 17 17 13 13 10 10 10 8 8 7 6 6 5 5 5 7 7 2 0 0 0 0 0 0 0 0
 1 1 1 2 2 3 5 5 7 7 9 18 18 35 31 31 36 36 20 17 17 17 13 13 10 10 10 8 8 7 6 6 5 5 5 7 7 2 0 0 0 0 0 0 0 0
 1 1 1 3 3 4 6 6 9 9 12 21 21 22 35 35 40 40 12 12 12 12 11 11 10 10 12 8 8 7 5 5 4 4 5 2 2 1 0 0 0 0 0 0 0 0
 1 1 1 3 3 4 6 6 9 9 12 21 21 22 35 35 40 40 12 12 12 12 11 11 10 10 12 8 8 7 5 5 4 4 5 2 2 1 0 0 0 0 0 0 0 0
 1 1 1 2 2 4 6 6 13 13 18 24 24 38 41 41 45 45 38 12 12 11 10 10 7 7 10 9 9 5 4 4 2 2 3 2 2 0 0 0 0 0 0 0 0 0
 1 1 1 2 2 4 5 5 22 22 24 29 29 30 35 35 38 38 32 19 19 13 6 6 5 5 7 6 6 4 3 3 1 1 0 1 1 0 0 0 0 0 0 0 0 0
 1 1 1 2 2 4 5 5 22 22 24 29 29 30 35 35 38 38 32 19 19 13 6 6 5 5 7 6 6 4 3 3 1 1 0 1 1 0 0 0 0 0 0 0 0 0
 2 2 2 2 2 6 6 6 11 11 23 23 23 37 22 22 33 33 18 11 11 9 8 8 6 6 7 8 8 6 4 4 0 0 0 0 0 0 0 0 0 0 0 0 0 0
 2 2 2 2 2 4 7 7 12 12 9 12 12 17 12 12 11 11 18 11 11 13 7 7 8 8 8 8 8 5 5 5 3 3 1 0 0 0 0 0 0 0 0 0 0 0
 2 2 2 2 2 4 7 7 12 12 9 12 12 17 12 12 11 11 18 11 11 13 7 7 8 8 8 8 8 5 5 5 3 3 1 0 0 0 0 0 0 0 0 0 0 0
 2 2 2 2 2 3 3 3 4 4 9 7 7 7 13 13 7 7 12 8 8 10 9 9 6 6 5 6 6 4 4 4 4 4 2 0 0 0 0 0 0 0 0 1 1 0
 2 2 2 2 2 3 3 3 4 4 9 7 7 7 13 13 7 7 12 8 8 10 9 9 6 6 5 6 6 4 4 4 4 4 2 0 0 0 0 0 0 0 0 1 1 0
 1 1 2 2 2 1 2 2 3 3 4 4 4 3 6 6 4 4 4 9 9 7 7 7 5 5 3 4 4 3 0 0 2 2 2 1 1 0 0 0 0 0 0 0 0 0
 1 1 1 1 1 1 1 1 2 2 2 3 3 1 1 1 3 3 2 6 6 5 5 5 5 5 4 1 1 1 0 0 0 0 1 1 1 1 0 0 0 0 0 0 0 0
 1 1 1 1 1 1 1 1 2 2 2 3 3 1 1 1 3 3 2 6 6 5 5 5 5 5 4 1 1 1 0 0 0 0 1 1 1 1 0 0 0 0 0 0 0 0
 0 0 1 2 2 2 2 2 2 2 2 1 1 1 0 0 1 1 2 4 4 5 6 6 6 6 10 0 0 0 0 0 0 0 1 1 1 1 0 0 0 0 0 0 0 0
 1 1 1 2 2 3 6 6 3 3 2 1 1 1 1 1 3 3 3 1 1 3 5 5 6 6 8 9 9 1 0 0 0 0 0 0 0 0 0 0 0 0 1 0 0 0
