assets/RAT_results_old/precipitation/2020-09-07_IMERG.asc
ncols        46
nrows        77
xllcorner    74.800261325624
yllcorner    8.058333333333
cellsize     0.062500000000
NODATA_value -9999
 6 6 6 1 1 1 1 1 0 0 0 0 0 5 2 2 2 2 2 2 2 3 2 2 1 1 1 2 2 2 3 3 3 3 2 4 4 6 8 8 8 8 9 8 8 10
 5 5 3 2 2 0 0 0 3 3 2 5 5 6 2 2 3 3 1 2 2 2 1 1 1 1 4 2 2 4 3 3 4 4 2 3 3 4 6 6 7 7 6 7 7 9
 5 5 3 2 2 0 0 0 3 3 2 5 5 6 2 2 3 3 1 2 2 2 1 1 1 1 4 2 2 4 3 3 4 4 2 3 3 4 6 6 7 7 6 7 7 9
 3 3 4 3 3 2 1 1 4 4 4 2 2 3 3 3 3 3 1 1 1 1 1 1 2 2 3 5 5 4 3 3 3 3 2 1 1 3 4 4 5 5 4 7 7 6
 6 6 4 3 3 3 2 2 5 5 4 2 2 2 3 3 0 0 0 1 1 0 1 1 1 1 4 5 5 3 2 2 2 2 1 1 1 2 2 2 2 2 3 4 4 6
 6 6 4 3 3 3 2 2 5 5 4 2 2 2 3 3 0 0 0 1 1 0 1 1 1 1 4 5 5 3 2 2 2 2 1 1 1 2 2 2 2 2 3 4 4 6
 5 5 5 8 8 3 2 2 3 3 2 2 2 1 1 1 0 0 0 0 0 1 1 1 1 1 1 3 3 3 1 1 1 1 2 2 2 2 3 3 2 2 3 5 5 6
 5 5 5 8 8 3 2 2 3 3 2 2 2 1 1 1 0 0 0 0 0 1 1 1 1 1 1 3 3 3 1 1 1 1 2 2 2 2 3 3 2 2 3 5 5 6
 20 20 10 9 9 4 2 2 1 1 2 1 1 0 0 0 0 0 0 0 0 0 0 0 1 1 1 1 1 1 0 0 1 1 2 3 3 3 2 2 2 2 6 4 4 6
 29 29 17 12 12 7 3 3 1 1 1 1 1 0 0 0 0 0 0 0 0 0 0 0 0 0 1 1 1 0 0 0 1 1 2 10 10 14 13 13 4 4 5 4 4 7
 29 29 17 12 12 7 3 3 1 1 1 1 1 0 0 0 0 0 0 0 0 0 0 0 0 0 1 1 1 0 0 0 1 1 2 10 10 14 13 13 4 4 5 4 4 7
 24 24 13 11 11 12 3 3 0 0 0 0 0 0 0 0 0 0 0 0 0 0 0 0 0 0 0 0 0 0 0 0 3 3 3 12 12 14 19 19 18 18 14 4 4 6
 27 27 15 12 12 13 4 4 2 2 0 0 0 0 0 0 0 0 0 0 0 0 0 0 0 0 0 0 0 0 2 2 5 5 7 14 14 13 19 19 17 17 14 10 10 4
 27 27 15 12 12 13 4 4 2 2 0 0 0 0 0 0 0 0 0 0 0 0 0 0 0 0 0 0 0 0 2 2 5 5 7 14 14 13 19 19 17 17 14 10 10 4
 34 34 23 26 26 26 22 22 14 14 2 0 0 0 0 0 0 0 0 0 0 0 0 0 0 0 0 0 0 1 2 2 4 4 5 5 5 5 7 7 6 6 8 9 9 3
 34 34 23 26 26 26 22 22 14 14 2 0 0 0 0 0 0 0 0 0 0 0 0 0 0 0 0 0 0 1 2 2 4 4 5 5 5 5 7 7 6 6 8 9 9 3
 42 42 60 68 68 27 21 21 14 14 10 5 5 2 0 0 0 0 0 0 0 0 0 0 0 0 0 0 0 1 2 2 3 3 4 2 2 4 3 3 4 4 4 4 4 6
 39 39 59 55 55 29 13 13 16 16 22 7 7 3 0 0 0 0 0 0 0 0 0 0 1 1 1 1 1 1 2 2 2 2 2 1 1 3 4 4 5 5 4 5 5 11
 39 39 59 55 55 29 13 13 16 16 22 7 7 3 0 0 0 0 0 0 0 0 0 0 1 1 1 1 1 1 2 2 2 2 2 1 1 3 4 4 5 5 4 5 5 11
 26 26 36 25 25 22 14 14 16 16 22 20 20 19 10 10 8 8 8 0 0 0 1 1 2 2 1 1 1 1 1 1 2 2 1 1 1 1 2 2 2 2 4 3 3 8
 22 22 22 22 22 20 14 14 22 22 19 22 22 21 10 10 8 8 8 3 3 0 1 1 0 0 2 1 1 1 1 1 1 1 1 1 1 1 1 1 1 1 2 2 2 7
 22 22 22 22 22 20 14 14 22 22 19 22 22 21 10 10 8 8 8 3 3 0 1 1 0 0 2 1 1 1 1 1 1 1 1 1 1 1 1 1 1 1 2 2 2 7
 24 24 21 10 10 6 6 6 9 9 19 20 20 23 20 20 16 16 7 7 7 1 0 0 0 0 0 1 1 1 1 1 0 0 1 0 0 1 1 1 1 1 1 1 1 2
 24 24 21 10 10 6 6 6 9 9 19 20 20 23 20 20 16 16 7 7 7 1 0 0 0 0 0 1 1 1 1 1 0 0 1 0 0 1 1 1 1 1 1 1 1 2
 23 23 17 7 7 6 7 7 10 10 13 12 12 14 21 21 10 10 8 7 7 1 0 0 0 0 0 0 0 0 0 0 0 0 0 0 0 0 0 0 1 1 1 1 1 1
 19 19 16 10 10 4 4 4 5 5 6 7 7 13 13 13 12 12 4 3 3 0 0 0 0 0 0 0 0 0 0 0 0 0 0 0 0 0 0 0 1 1 1 1 1 1
 19 19 16 10 10 4 4 4 5 5 6 7 7 13 13 13 12 12 4 3 3 0 0 0 0 0 0 0 0 0 0 0 0 0 0 0 0 0 0 0 1 1 1 1 1 1
 16 16 11 9 9 5 3 3 4 4 7 8 8 10 11 11 12 12 4 5 5 1 0 0 0 0 0 0 0 0 0 0 0 0 0 0 0 0 0 0 1 1 1 1 1 1
 16 16 9 7 7 4 4 4 4 4 13 10 10 12 20 20 16 16 6 3 3 1 0 0 0 0 0 0 0 0 0 0 0 0 0 0 0 0 0 0 0 0 1 1 1 0
 16 16 9 7 7 4 4 4 4 4 13 10 10 12 20 20 16 16 6 3 3 1 0 0 0 0 0 0 0 0 0 0 0 0 0 0 0 0 0 0 0 0 1 1 1 0
 14 14 9 4 4 4 5 5 4 4 14 11 11 19 24 24 11 11 5 3 3 0 0 0 0 0 0 0 0 0 0 0 0 0 0 0 0 0 0 0 0 0 0 0 0 0
 14 14 9 4 4 4 5 5 4 4 14 11 11 19 24 24 11 11 5 3 3 0 0 0 0 0 0 0 0 0 0 0 0 0 0 0 0 0 0 0 0 0 0 0 0 0
 11 11 11 8 8 6 4 4 5 5 11 12 12 17 15 15 4 4 2 3 3 1 0 0 0 0 0 0 0 0 0 0 0 0 0 0 0 0 0 0 0 0 0 0 0 0
 26 26 26 22 22 15 5 5 5 5 9 8 8 13 9 9 1 1 1 4 4 2 0 0 0 0 0 0 0 0 0 0 0 0 0 0 0 0 0 0 0 0 0 0 0 0
 26 26 26 22 22 15 5 5 5 5 9 8 8 13 9 9 1 1 1 4 4 2 0 0 0 0 0 0 0 0 0 0 0 0 0 0 0 0 0 0 0 0 0 0 0 0
 12 12 9 7 7 6 6 6 4 4 4 3 3 4 2 2 2 2 2 5 5 5 2 2 0 0 0 0 0 0 0 0 0 0 0 0 0 0 0 0 0 0 0 0 0 0
 7 7 5 3 3 3 4 4 4 4 2 2 2 3 4 4 1 1 4 3 3 2 2 2 0 0 0 0 0 0 0 0 0 0 0 0 0 0 0 0 0 0 0 0 0 0
 7 7 5 3 3 3 4 4 4 4 2 2 2 3 4 4 1 1 4 3 3 2 2 2 0 0 0 0 0 0 0 0 0 0 0 0 0 0 0 0 0 0 0 0 0 0
 4 4 3 2 2 3 2 2 2 2 3 2 2 3 3 3 1 1 2 3 3 1 1 1 0 0 0 0 0 0 0 0 0 0 0 1 1 1 1 1 0 0 0 0 0 0
 4 4 3 2 2 3 2 2 2 2 3 2 2 3 3 3 1 1 2 3 3 1 1 1 0 0 0 0 0 0 0 0 0 0 0 1 1 1 1 1 0 0 0 0 0 0
 2 2 1 2 2 2 1 1 1 1 2 2 2 3 4 4 3 3 1 2 2 2 2 2 1 1 1 1 1 0 0 0 1 1 0 1 1 1 1 1 0 0 0 0 0 0
 2 2 1 1 1 1 1 1 1 1 2 2 2 3 3 3 3 3 3 1 1 3 2 2 1 1 1 3 3 3 1 1 1 1 0 1 1 2 2 2 1 1 0 0 0 0
 2 2 1 1 1 1 1 1 1 1 2 2 2 3 3 3 3 3 3 1 1 3 2 2 1 1 1 3 3 3 1 1 1 1 0 1 1 2 2 2 1 1 0 0 0 0
 2 2 2 1 1 1 1 1 2 2 2 2 2 2 3 3 3 3 3 1 1 3 3 3 2 2 1 3 3 3 1 1 1 1 0 1 1 1 1 1 1 1 0 0 0 0
 2 2 1 1 1 1 1 1 1 1 2 2 2 1 2 2 3 3 3 0 0 2 3 3 1 1 0 0 0 0 0 0 0 0 0 0 0 0 0 0 0 0 0 0 0 0
 2 2 1 1 1 1 1 1 1 1 2 2 2 1 2 2 3 3 3 0 0 2 3 3 1 1 0 0 0 0 0 0 0 0 0 0 0 0 0 0 0 0 0 0 0 0
 1 1 1 1 1 2 1 1 2 2 1 1 1 2 1 1 3 3 3 1 1 1 1 1 1 1 0 0 0 0 0 0 0 0 1 0 0 0 0 0 0 0 0 0 0 0
 1 1 1 1 1 2 1 1 2 2 1 1 1 2 1 1 3 3 3 1 1 1 1 1 1 1 0 0 0 0 0 0 0 0 1 0 0 0 0 0 0 0 0 0 0 0
 1 1 1 1 1 2 2 2 2 2 2 1 1 2 3 3 4 4 2 3 3 0 0 0 1 1 1 0 0 0 0 0 0 0 0 0 0 0 0 0 0 0 0 0 0 0
 1 1 1 1 1 2 3 3 2 2 2 1 1 3 4 4 4 4 4 1 1 0 0 0 1 1 1 0 0 0 0 0 0 0 1 1 1 0 0 0 0 0 1 0 0 0
 1 1 1 1 1 2 3 3 2 2 2 1 1 3 4 4 4 4 4 1 1 0 0 0 1 1 1 0 0 0 0 0 0 0 1 1 1 0 0 0 0 0 1 0 0 0
 1 1 1 2 2 3 2 2 2 2 2 1 1 2 3 3 4 4 3 2 2 2 0 0 1 1 1 0 0 0 0 0 0 0 1 1 1 0 0 0 0 0 0 1 1 0
 2 2 3 3 3 2 2 2 2 2 1 1 1 3 2 2 3 3 3 3 3 2 1 1 2 2 1 1 1 0 1 1 0 0 0 0 0 0 0 0 0 0 1 1 1 0
 2 2 3 3 3 2 2 2 2 2 1 1 1 3 2 2 3 3 3 3 3 2 1 1 2 2 1 1 1 0 1 1 0 0 0 0 0 0 0 0 0 0 1 1 1 0
 2 2 3 3 3 2 1 1 1 1 1 2 2 2 2 2 2 2 3 2 2 2 2 2 1 1 1 1 1 1 1 1 2 2 2 1 1 0 0 0 0 0 1 0 0 0
 2 2 3 3 3 2 1 1 1 1 1 2 2 2 2 2 2 2 3 2 2 2 2 2 1 1 1 1 1 1 1 1 2 2 2 1 1 0 0 0 0 0 1 0 0 0
 3 3 4 2 2 2 1 1 1 1 1 2 2 2 2 2 2 2 2 1 1 2 2 2 1 1 1 3 3 1 1 1 1 1 1 1 1 1 1 1 1 1 0 0 0 0
 3 3 3 2 2 1 2 2 2 2 1 2 2 2 2 2 2 2 1 0 0 1 2 2 1 1 4 4 4 3 2 2 2 2 2 0 0 0 1 1 2 2 0 0 0 0
 3 3 3 2 2 1 2 2 2 2 1 2 2 2 2 2 2 2 1 0 0 1 2 2 1 1 4 4 4 3 2 2 2 2 2 0 0 0 1 1 2 2 0 0 0 0
 2 2 1 2 2 2 2 2 2 2 1 2 2 2 2 2 5 5 6 6 6 6 1 1 4 4 4 7 7 5 4 4 3 3 3 1 1 0 1 1 1 1 0 0 0 0
 1 1 1 1 1 2 2 2 2 2 1 1 1 1 5 5 5 5 6 7 7 6 6 6 7 7 4 7 7 7 5 5 6 6 4 2 2 2 0 0 1 1 0 0 0 0
 1 1 1 1 1 2 2 2 2 2 1 1 1 1 5 5 5 5 6 7 7 6 6 6 7 7 4 7 7 7 5 5 6 6 4 2 2 2 0 0 1 1 0 0 0 0
 1 1 1 1 1 2 1 1 2 2 1 1 1 1 4 4 4 4 5 7 7 6 6 6 6 6 4 3 3 7 6 6 5 5 4 2 2 3 3 3 1 1 1 1 1 1
 1 1 1 1 1 2 1 1 2 2 1 1 1 1 4 4 4 4 5 7 7 6 6 6 6 6 4 3 3 7 6 6 5 5 4 2 2 3 3 3 1 1 1 1 1 1
 0 0 0 1 1 1 1 1 1 1 1 1 1 1 0 0 4 4 0 1 1 1 0 0 1 1 2 3 3 3 3 3 3 3 4 2 2 4 4 4 3 3 0 0 0 0
 0 0 0 1 1 1 1 1 1 1 0 0 0 0 0 0 0 0 0 1 1 1 0 0 0 0 1 3 3 4 3 3 2 2 0 2 2 2 2 2 2 2 0 0 0 0
 0 0 0 1 1 1 1 1 1 1 0 0 0 0 0 0 0 0 0 1 1 1 0 0 0 0 1 3 3 4 3 3 2 2 0 2 2 2 2 2 2 2 0 0 0 0
 0 0 0 0 0 1 1 1 1 1 0 0 0 0 0 0 0 0 0 0 0 0 0 0 0 0 1 2 2 5 5 5 2 2 1 0 0 1 2 2 2 2 2 0 0 2
 0 0 0 0 0 1 1 1 0 0 0 0 0 0 0 0 0 0 0 0 0 4 4 4 1 1 1 3 3 3 2 2 3 3 2 1 1 3 2 2 2 2 2 4 4 2
 0 0 0 0 0 1 1 1 0 0 0 0 0 0 0 0 0 0 0 0 0 4 4 4 1 1 1 3 3 3 2 2 3 3 2 1 1 3 2 2 2 2 2 4 4 2
 0 0 0 1 1 2 1 1 1 1 0 0 0 0 0 0 0 0 1 1 1 4 5 5 1 1 1 2 2 2 3 3 3 3 3 3 3 4 3 3 2 2 2 3 3 3
 0 0 0 1 1 2 1 1 1 1 0 0 0 0 0 0 0 0 1 1 1 4 5 5 1 1 1 2 2 2 3 3 3 3 3 3 3 4 3 3 2 2 2 3 3 3
 0 0 0 0 0 0 1 1 1 1 0 0 0 0 0 0 0 0 0 0 0 0 0 0 1 1 3 3 3 3 4 4 4 4 4 3 3 4 3 3 2 2 3 4 4 6
 0 0 0 1 1 1 0 0 0 0 0 0 0 0 0 0 0 0 0 0 0 0 0 0 1 1 1 3 3 3 5 5 5 5 6 4 4 5 6 6 5 5 6 9 9 11
 0 0 0 1 1 1 0 0 0 0 0 0 0 0 0 0 0 0 0 0 0 0 0 0 1 1 1 3 3 3 5 5 5 5 6 4 4 5 6 6 5 5 6 9 9 11
 0 0 0 2 2 1 1 1 0 0 0 0 0 0 0 0 0 0 0 0 0 1 0 0 0 0 0 0 0 1 1 1 2 2 5 5 5 5 6 6 6 6 6 8 8 12
 0 0 1 2 2 1 0 0 0 0 0 0 0 0 0 0 0 0 0 0 0 0 0 0 0 0 0 0 0 1 0 0 2 2 0 5 5 4 6 6 7 7 8 8 8 9
