assets/RAT_results_old/precipitation/2020-10-20_IMERG.asc
ncols        46
nrows        77
xllcorner    74.800261325624
yllcorner    8.058333333333
cellsize     0.062500000000
NODATA_value -9999
 5 5 3 3 3 3 3 3 3 3 4 6 6 6 5 5 4 4 4 5 5 7 10 10 11 11 10 10 10 20 22 22 18 18 19 21 21 20 33 33 37 37 43 58 58 51
 5 5 5 4 4 2 2 2 3 3 3 4 4 6 7 7 5 5 5 4 4 6 6 6 7 7 6 6 6 12 8 8 9 9 11 12 12 14 28 28 28 28 38 50 50 51
 5 5 5 4 4 2 2 2 3 3 3 4 4 6 7 7 5 5 5 4 4 6 6 6 7 7 6 6 6 12 8 8 9 9 11 12 12 14 28 28 28 28 38 50 50 51
 6 6 4 4 4 3 4 4 3 3 3 6 6 6 8 8 6 6 5 4 4 4 5 5 4 4 5 7 7 6 4 4 5 5 7 16 16 19 13 13 13 13 18 22 22 23
 3 3 5 5 5 4 3 3 3 3 3 3 3 3 4 4 4 4 4 4 4 4 6 6 5 5 6 6 6 5 7 7 7 7 9 11 11 10 8 8 8 8 2 14 14 3
 3 3 5 5 5 4 3 3 3 3 3 3 3 3 4 4 4 4 4 4 4 4 6 6 5 5 6 6 6 5 7 7 7 7 9 11 11 10 8 8 8 8 2 14 14 3
 3 3 4 5 5 3 2 2 3 3 3 2 2 3 4 4 3 3 3 2 2 3 4 4 4 4 4 5 5 5 8 8 6 6 10 11 11 9 12 12 3 3 2 2 2 2
 3 3 4 5 5 3 2 2 3 3 3 2 2 3 4 4 3 3 3 2 2 3 4 4 4 4 4 5 5 5 8 8 6 6 10 11 11 9 12 12 3 3 2 2 2 2
 4 4 3 4 4 4 3 3 3 3 3 2 2 2 1 1 1 1 2 1 1 1 2 2 3 3 3 3 3 3 4 4 6 6 12 16 16 12 15 15 3 3 2 1 1 1
 4 4 5 4 4 4 6 6 4 4 3 3 3 3 2 2 1 1 1 1 1 1 1 1 2 2 2 2 2 3 3 3 5 5 6 14 14 20 9 9 4 4 3 8 8 3
 4 4 5 4 4 4 6 6 4 4 3 3 3 3 2 2 1 1 1 1 1 1 1 1 2 2 2 2 2 3 3 3 5 5 6 14 14 20 9 9 4 4 3 8 8 3
 5 5 3 2 2 5 3 3 1 1 2 3 3 2 2 2 0 0 0 0 0 0 1 1 1 1 1 2 2 3 3 3 2 2 3 5 5 10 11 11 5 5 4 3 3 8
 4 4 4 3 3 4 2 2 2 2 2 3 3 8 6 6 1 1 1 1 1 1 1 1 1 1 2 2 2 2 3 3 3 3 4 6 6 7 7 7 6 6 5 5 5 4
 4 4 4 3 3 4 2 2 2 2 2 3 3 8 6 6 1 1 1 1 1 1 1 1 1 1 2 2 2 2 3 3 3 3 4 6 6 7 7 7 6 6 5 5 5 4
 3 3 3 4 4 4 4 4 2 2 2 1 1 6 6 6 3 3 3 1 1 3 1 1 2 2 2 2 2 2 3 3 4 4 4 4 4 10 10 10 8 8 5 4 4 2
 3 3 3 4 4 4 4 4 2 2 2 1 1 6 6 6 3 3 3 1 1 3 1 1 2 2 2 2 2 2 3 3 4 4 4 4 4 10 10 10 8 8 5 4 4 2
 2 2 4 4 4 4 2 2 2 2 3 1 1 1 2 2 3 3 3 3 3 2 3 3 1 1 2 2 2 2 3 3 4 4 4 5 5 6 8 8 11 11 11 11 11 3
 2 2 3 5 5 4 3 3 2 2 3 2 2 1 1 1 4 4 4 3 3 2 2 2 1 1 2 2 2 2 3 3 4 4 4 4 4 5 5 5 8 8 7 8 8 3
 2 2 3 5 5 4 3 3 2 2 3 2 2 1 1 1 4 4 4 3 3 2 2 2 1 1 2 2 2 2 3 3 4 4 4 4 4 5 5 5 8 8 7 8 8 3
 3 3 7 8 8 6 3 3 9 9 4 3 3 2 5 5 4 4 7 8 8 6 2 2 1 1 2 2 2 2 3 3 4 4 4 5 5 6 3 3 7 7 7 7 7 2
 3 3 9 18 18 14 10 10 20 20 5 4 4 3 5 5 3 3 4 7 7 6 3 3 1 1 2 2 2 2 3 3 2 2 4 2 2 3 2 2 1 1 1 1 1 1
 3 3 9 18 18 14 10 10 20 20 5 4 4 3 5 5 3 3 4 7 7 6 3 3 1 1 2 2 2 2 3 3 2 2 4 2 2 3 2 2 1 1 1 1 1 1
 7 7 7 15 15 19 21 21 21 21 14 4 4 3 4 4 3 3 1 3 3 6 4 4 2 2 2 1 1 2 2 2 2 2 2 1 1 1 1 1 1 1 1 1 1 1
 7 7 7 15 15 19 21 21 21 21 14 4 4 3 4 4 3 3 1 3 3 6 4 4 2 2 2 1 1 2 2 2 2 2 2 1 1 1 1 1 1 1 1 1 1 1
 6 6 6 5 5 8 11 11 18 18 8 5 5 7 6 6 3 3 2 1 1 1 5 5 1 1 3 2 2 1 1 1 1 1 1 1 1 1 1 1 1 1 1 1 1 1
 3 3 3 5 5 2 2 2 5 5 5 4 4 3 7 7 5 5 3 2 2 2 2 2 1 1 1 1 1 1 1 1 1 1 1 1 1 1 1 1 1 1 1 1 1 1
 3 3 3 5 5 2 2 2 5 5 5 4 4 3 7 7 5 5 3 2 2 2 2 2 1 1 1 1 1 1 1 1 1 1 1 1 1 1 1 1 1 1 1 1 1 1
 3 3 2 3 3 3 2 2 2 2 6 5 5 5 10 10 9 9 8 4 4 4 4 4 1 1 0 1 1 1 1 1 1 1 1 1 1 2 1 1 1 1 1 1 1 1
 2 2 1 2 2 2 3 3 4 4 4 2 2 9 10 10 11 11 7 4 4 5 5 5 3 3 1 2 2 2 2 2 1 1 1 1 1 2 2 2 1 1 1 2 2 1
 2 2 1 2 2 2 3 3 4 4 4 2 2 9 10 10 11 11 7 4 4 5 5 5 3 3 1 2 2 2 2 2 1 1 1 1 1 2 2 2 1 1 1 2 2 1
 2 2 2 2 2 2 2 2 2 2 2 3 3 11 10 10 10 10 5 4 4 4 7 7 6 6 7 2 2 3 2 2 2 2 1 1 1 1 1 1 1 1 0 1 1 0
 2 2 2 2 2 2 2 2 2 2 2 3 3 11 10 10 10 10 5 4 4 4 7 7 6 6 7 2 2 3 2 2 2 2 1 1 1 1 1 1 1 1 0 1 1 0
 2 2 2 1 1 2 2 2 1 1 1 2 2 2 2 2 12 12 8 7 7 4 8 8 8 8 7 5 5 6 2 2 1 1 1 0 0 0 0 0 1 1 0 0 0 0
 2 2 2 1 1 1 1 1 1 1 1 2 2 1 2 2 7 7 9 9 9 6 9 9 5 5 5 3 3 1 1 1 0 0 0 0 0 0 0 0 0 0 1 1 1 1
 2 2 2 1 1 1 1 1 1 1 1 2 2 1 2 2 7 7 9 9 9 6 9 9 5 5 5 3 3 1 1 1 0 0 0 0 0 0 0 0 0 0 1 1 1 1
 3 3 1 1 1 1 1 1 1 1 1 1 1 1 4 4 4 4 14 12 12 10 8 8 7 7 6 3 3 1 0 0 0 0 0 0 0 0 0 0 0 0 1 2 2 1
 1 1 0 1 1 1 1 1 1 1 1 1 1 1 1 1 4 4 3 10 10 10 9 9 5 5 6 2 2 1 0 0 0 0 0 0 0 0 0 0 0 0 1 1 1 0
 1 1 0 1 1 1 1 1 1 1 1 1 1 1 1 1 4 4 3 10 10 10 9 9 5 5 6 2 2 1 0 0 0 0 0 0 0 0 0 0 0 0 1 1 1 0
 0 0 0 0 0 0 0 0 0 0 1 1 1 1 1 1 4 4 4 7 7 9 9 9 3 3 3 2 2 1 1 1 1 1 1 1 1 1 1 1 1 1 0 0 0 0
 0 0 0 0 0 0 0 0 0 0 1 1 1 1 1 1 4 4 4 7 7 9 9 9 3 3 3 2 2 1 1 1 1 1 1 1 1 1 1 1 1 1 0 0 0 0
 0 0 0 0 0 0 0 0 0 0 1 1 1 1 1 1 2 2 3 5 5 4 9 9 4 4 3 2 2 2 4 4 2 2 2 2 2 1 1 1 2 2 1 1 1 1
 0 0 0 0 0 0 0 0 0 0 0 0 0 0 1 1 1 1 2 2 2 3 2 2 3 3 3 2 2 2 6 6 3 3 1 1 1 1 1 1 1 1 1 1 1 1
 0 0 0 0 0 0 0 0 0 0 0 0 0 0 1 1 1 1 2 2 2 3 2 2 3 3 3 2 2 2 6 6 3 3 1 1 1 1 1 1 1 1 1 1 1 1
 0 0 1 2 2 1 0 0 0 0 0 0 0 0 0 0 0 0 2 2 2 4 3 3 2 2 1 3 3 2 3 3 1 1 1 1 1 1 1 1 1 1 1 1 1 1
 1 1 1 1 1 1 0 0 0 0 0 0 0 0 0 0 0 0 1 2 2 2 1 1 1 1 1 1 1 0 0 0 0 0 1 1 1 1 1 1 1 1 1 1 1 1
 1 1 1 1 1 1 0 0 0 0 0 0 0 0 0 0 0 0 1 2 2 2 1 1 1 1 1 1 1 0 0 0 0 0 1 1 1 1 1 1 1 1 1 1 1 1
 0 0 0 0 0 0 0 0 0 0 0 0 0 0 0 0 0 0 0 1 1 1 1 1 1 1 1 2 2 1 0 0 0 0 0 1 1 1 1 1 1 1 1 2 2 2
 0 0 0 0 0 0 0 0 0 0 0 0 0 0 0 0 0 0 0 1 1 1 1 1 1 1 1 2 2 1 0 0 0 0 0 1 1 1 1 1 1 1 1 2 2 2
 0 0 0 0 0 0 0 0 0 0 0 0 0 0 0 0 0 0 0 0 0 2 1 1 1 1 1 1 1 0 0 0 0 0 1 1 1 1 1 1 1 1 3 3 3 4
 0 0 0 0 0 0 0 0 0 0 0 0 0 0 1 1 0 0 0 1 1 2 2 2 1 1 1 0 0 0 0 0 0 0 1 1 1 2 1 1 1 1 2 3 3 2
 0 0 0 0 0 0 0 0 0 0 0 0 0 0 1 1 0 0 0 1 1 2 2 2 1 1 1 0 0 0 0 0 0 0 1 1 1 2 1 1 1 1 2 3 3 2
 0 0 0 0 0 0 0 0 0 0 0 0 0 0 1 1 1 1 0 0 0 2 1 1 1 1 1 0 0 0 0 0 0 0 1 1 1 1 1 1 2 2 2 2 2 2
 0 0 0 0 0 0 0 0 0 0 0 0 0 1 1 1 1 1 0 0 0 1 2 2 1 1 1 0 0 1 1 1 1 1 1 3 3 1 2 2 2 2 2 1 1 1
 0 0 0 0 0 0 0 0 0 0 0 0 0 1 1 1 1 1 0 0 0 1 2 2 1 1 1 0 0 1 1 1 1 1 1 3 3 1 2 2 2 2 2 1 1 1
 0 0 0 0 0 0 0 0 0 0 0 0 0 0 1 1 3 3 3 3 3 3 7 7 5 5 3 1 1 1 1 1 1 1 4 4 4 1 1 1 1 1 1 1 1 1
 0 0 0 0 0 0 0 0 0 0 0 0 0 0 1 1 3 3 3 3 3 3 7 7 5 5 3 1 1 1 1 1 1 1 4 4 4 1 1 1 1 1 1 1 1 1
 0 0 0 0 0 1 1 1 0 0 0 0 0 0 0 0 4 4 5 4 4 4 6 6 9 9 7 2 2 2 1 1 0 0 3 3 3 2 1 1 1 1 1 1 1 1
 1 1 0 1 1 2 1 1 1 1 0 0 0 0 0 0 2 2 3 5 5 5 6 6 6 6 3 2 2 3 2 2 1 1 1 1 1 1 2 2 1 1 2 4 4 3
 1 1 0 1 1 2 1 1 1 1 0 0 0 0 0 0 2 2 3 5 5 5 6 6 6 6 3 2 2 3 2 2 1 1 1 1 1 1 2 2 1 1 2 4 4 3
 1 1 2 2 2 3 4 4 3 3 2 0 0 0 1 1 3 3 3 5 5 4 3 3 0 0 1 1 1 0 1 1 1 1 0 1 1 1 3 3 3 3 3 4 4 3
 1 1 1 2 2 2 3 3 3 3 2 1 1 1 2 2 3 3 1 3 3 4 2 2 0 0 0 1 1 0 0 0 0 0 1 1 1 0 1 1 1 1 1 1 1 1
 1 1 1 2 2 2 3 3 3 3 2 1 1 1 2 2 3 3 1 3 3 4 2 2 0 0 0 1 1 0 0 0 0 0 1 1 1 0 1 1 1 1 1 1 1 1
 1 1 1 1 1 1 2 2 4 4 3 2 2 1 2 2 2 2 1 0 0 2 5 5 2 2 0 1 1 0 0 0 0 0 0 1 1 0 0 0 0 0 1 0 0 0
 1 1 1 1 1 1 2 2 4 4 3 2 2 1 2 2 2 2 1 0 0 2 5 5 2 2 0 1 1 0 0 0 0 0 0 1 1 0 0 0 0 0 1 0 0 0
 0 0 0 0 0 0 0 0 1 1 3 2 2 1 2 2 2 2 2 1 1 3 3 3 3 3 1 0 0 1 0 0 0 0 0 0 0 0 0 0 0 0 0 0 0 0
 0 0 0 0 0 1 0 0 0 0 0 0 0 1 2 2 3 3 2 2 2 2 3 3 4 4 6 4 4 5 3 3 0 0 0 0 0 0 0 0 0 0 0 0 0 0
 0 0 0 0 0 1 0 0 0 0 0 0 0 1 2 2 3 3 2 2 2 2 3 3 4 4 6 4 4 5 3 3 0 0 0 0 0 0 0 0 0 0 0 0 0 0
 0 0 0 0 0 1 0 0 0 0 0 0 0 0 2 2 2 2 1 1 1 1 1 1 2 2 1 8 8 4 3 3 1 1 0 0 0 0 0 0 0 0 0 0 0 0
 0 0 0 0 0 1 0 0 0 0 0 0 0 0 1 1 0 0 0 1 1 1 1 1 1 1 2 6 6 4 5 5 2 2 1 1 1 0 0 0 0 0 0 0 0 0
 0 0 0 0 0 1 0 0 0 0 0 0 0 0 1 1 0 0 0 1 1 1 1 1 1 1 2 6 6 4 5 5 2 2 1 1 1 0 0 0 0 0 0 0 0 0
 0 0 0 0 0 0 0 0 0 0 0 0 0 0 0 0 0 0 0 0 0 0 1 1 1 1 2 3 3 1 2 2 0 0 1 0 0 0 0 0 0 0 0 0 0 0
 0 0 0 0 0 0 0 0 0 0 0 0 0 0 0 0 0 0 0 0 0 0 1 1 1 1 2 3 3 1 2 2 0 0 1 0 0 0 0 0 0 0 0 0 0 0
 1 1 1 0 0 0 1 1 0 0 0 0 0 1 0 0 0 0 0 0 0 0 0 0 0 0 0 1 1 1 1 1 1 1 1 0 0 0 0 0 0 0 0 0 0 0
 1 1 0 1 1 1 0 0 0 0 0 0 0 0 1 1 0 0 0 0 0 0 0 0 0 0 1 2 2 2 1 1 1 1 1 0 0 0 0 0 0 0 0 0 0 0
 1 1 0 1 1 1 0 0 0 0 0 0 0 0 1 1 0 0 0 0 0 0 0 0 0 0 1 2 2 2 1 1 1 1 1 0 0 0 0 0 0 0 0 0 0 0
 1 1 0 1 1 2 0 0 0 0 0 0 0 0 1 1 2 2 0 1 1 0 0 0 0 0 2 1 1 1 0 0 1 1 1 0 0 0 1 1 0 0 0 0 0 0
 0 0 0 2 2 2 0 0 0 0 0 0 0 0 0 0 1 1 0 0 0 0 0 0 0 0 0 0 0 0 0 0 0 0 0 0 0 0 0 0 0 0 1 0 0 0
