assets/RAT_results_old/precipitation/2020-11-13_IMERG.asc
ncols        46
nrows        77
xllcorner    74.800261325624
yllcorner    8.058333333333
cellsize     0.062500000000
NODATA_value -9999
 16 16 22 20 20 29 34 34 31 31 19 30 30 24 20 20 18 18 12 6 6 8 7 7 7 7 3 1 1 0 0 0 2 2 15 21 21 18 5 5 6 6 8 4 4 2
 17 17 22 24 24 28 40 40 29 29 28 29 29 34 21 21 10 10 13 6 6 9 15 15 8 8 3 0 0 2 1 1 2 2 6 14 14 3 3 3 5 5 6 8 8 6
 17 17 22 24 24 28 40 40 29 29 28 29 29 34 21 21 10 10 13 6 6 9 15 15 8 8 3 0 0 2 1 1 2 2 6 14 14 3 3 3 5 5 6 8 8 6
 18 18 19 26 26 39 44 44 38 38 34 31 31 31 20 20 10 10 9 7 7 12 13 13 9 9 5 2 2 4 4 4 4 4 3 3 3 4 1 1 2 2 2 10 10 5
 15 15 18 31 31 50 56 56 41 41 41 31 31 29 34 34 21 21 10 9 9 6 7 7 6 6 6 7 7 8 11 11 10 10 6 5 5 4 2 2 1 1 2 2 2 3
 15 15 18 31 31 50 56 56 41 41 41 31 31 29 34 34 21 21 10 9 9 6 7 7 6 6 6 7 7 8 11 11 10 10 6 5 5 4 2 2 1 1 2 2 2 3
 10 10 18 25 25 40 93 93 43 43 40 31 31 30 30 30 20 20 12 10 10 7 7 7 5 5 7 5 5 8 8 8 6 6 6 5 5 3 3 3 4 4 4 5 5 6
 10 10 18 25 25 40 93 93 43 43 40 31 31 30 30 30 20 20 12 10 10 7 7 7 5 5 7 5 5 8 8 8 6 6 6 5 5 3 3 3 4 4 4 5 5 6
 13 13 17 21 21 31 38 38 38 38 43 31 31 25 29 29 28 28 14 11 11 8 5 5 3 3 3 5 5 4 4 4 4 4 4 4 4 2 13 13 8 8 7 6 6 6
 15 15 17 25 25 37 43 43 37 37 29 43 43 36 34 34 27 27 14 11 11 7 5 5 3 3 3 3 3 1 2 2 1 1 4 2 2 2 16 16 20 20 8 7 7 7
 15 15 17 25 25 37 43 43 37 37 29 43 43 36 34 34 27 27 14 11 11 7 5 5 3 3 3 3 3 1 2 2 1 1 4 2 2 2 16 16 20 20 8 7 7 7
 13 13 20 27 27 41 49 49 39 39 53 41 41 48 53 53 49 49 19 14 14 5 4 4 5 5 3 2 2 2 1 1 0 0 2 2 2 1 15 15 15 15 10 9 9 11
 16 16 18 19 19 40 44 44 49 49 35 32 32 29 44 44 47 47 14 12 12 6 5 5 5 5 4 2 2 2 1 1 1 1 2 3 3 3 17 17 16 16 9 12 12 15
 16 16 18 19 19 40 44 44 49 49 35 32 32 29 44 44 47 47 14 12 12 6 5 5 5 5 4 2 2 2 1 1 1 1 2 3 3 3 17 17 16 16 9 12 12 15
 16 16 16 15 15 29 33 33 34 34 31 28 28 42 50 50 31 31 18 12 12 7 6 6 6 6 5 4 4 3 4 4 2 2 5 5 5 4 11 11 16 16 10 11 11 11
 16 16 16 15 15 29 33 33 34 34 31 28 28 42 50 50 31 31 18 12 12 7 6 6 6 6 5 4 4 3 4 4 2 2 5 5 5 4 11 11 16 16 10 11 11 11
 14 14 11 11 11 18 16 16 27 27 27 25 25 43 55 55 33 33 29 16 16 21 10 10 8 8 7 6 6 7 5 5 3 3 3 5 5 6 7 7 9 9 13 8 8 12
 12 12 8 8 8 13 16 16 27 27 31 34 34 45 52 52 44 44 29 21 21 24 14 14 14 14 9 9 9 9 7 7 6 6 10 11 11 8 7 7 6 6 7 14 14 7
 12 12 8 8 8 13 16 16 27 27 31 34 34 45 52 52 44 44 29 21 21 24 14 14 14 14 9 9 9 9 7 7 6 6 10 11 11 8 7 7 6 6 7 14 14 7
 13 13 17 7 7 11 16 16 34 34 82 38 38 70 58 58 68 68 46 33 33 25 26 26 19 19 12 7 7 10 5 5 7 7 6 7 7 9 6 6 8 8 3 7 7 5
 9 9 16 7 7 8 12 12 19 19 25 26 26 39 65 65 62 62 48 34 34 33 33 33 21 21 16 13 13 13 9 9 8 8 6 4 4 3 1 1 2 2 5 4 4 7
 9 9 16 7 7 8 12 12 19 19 25 26 26 39 65 65 62 62 48 34 34 33 33 33 21 21 16 13 13 13 9 9 8 8 6 4 4 3 1 1 2 2 5 4 4 7
 11 11 18 17 17 9 13 13 17 17 20 23 23 40 55 55 65 65 44 32 32 27 25 25 29 29 20 13 13 15 12 12 9 9 5 3 3 1 1 1 2 2 3 5 5 5
 11 11 18 17 17 9 13 13 17 17 20 23 23 40 55 55 65 65 44 32 32 27 25 25 29 29 20 13 13 15 12 12 9 9 5 3 3 1 1 1 2 2 3 5 5 5
 11 11 17 16 16 9 13 13 16 16 20 19 19 36 47 47 56 56 39 36 36 24 29 29 30 30 17 15 15 12 8 8 7 7 2 1 1 1 2 2 4 4 5 7 7 6
 25 25 24 27 27 25 15 15 16 16 18 20 20 33 29 29 32 32 39 32 32 60 30 30 23 23 21 14 14 9 5 5 3 3 2 1 1 1 2 2 5 5 9 12 12 7
 25 25 24 27 27 25 15 15 16 16 18 20 20 33 29 29 32 32 39 32 32 60 30 30 23 23 21 14 14 9 5 5 3 3 2 1 1 1 2 2 5 5 9 12 12 7
 36 36 33 26 26 20 18 18 20 20 20 22 22 28 39 39 20 20 28 33 33 27 29 29 29 29 19 17 17 9 5 5 2 2 1 0 0 1 3 3 5 5 8 15 15 12
 17 17 16 16 16 17 25 25 27 27 33 57 57 56 51 51 21 21 24 19 19 30 31 31 25 25 15 12 12 9 5 5 4 4 2 1 1 1 3 3 5 5 10 12 12 7
 17 17 16 16 16 17 25 25 27 27 33 57 57 56 51 51 21 21 24 19 19 30 31 31 25 25 15 12 12 9 5 5 4 4 2 1 1 1 3 3 5 5 10 12 12 7
 13 13 12 14 14 14 19 19 20 20 22 30 30 47 24 24 25 25 22 21 21 29 21 21 21 21 9 10 10 6 4 4 3 3 2 3 3 3 6 6 8 8 11 8 8 9
 13 13 12 14 14 14 19 19 20 20 22 30 30 47 24 24 25 25 22 21 21 29 21 21 21 21 9 10 10 6 4 4 3 3 2 3 3 3 6 6 8 8 11 8 8 9
 12 12 8 10 10 11 17 17 19 19 16 19 19 17 24 24 23 23 23 20 20 16 10 10 7 7 8 8 8 4 3 3 3 3 5 8 8 9 8 8 8 8 13 10 10 12
 8 8 8 10 10 13 21 21 23 23 21 11 11 12 16 16 12 12 16 14 14 7 5 5 3 3 3 4 4 2 3 3 3 3 5 10 10 12 12 12 8 8 9 10 10 16
 8 8 8 10 10 13 21 21 23 23 21 11 11 12 16 16 12 12 16 14 14 7 5 5 3 3 3 4 4 2 3 3 3 3 5 10 10 12 12 12 8 8 9 10 10 16
 8 8 8 9 9 14 17 17 22 22 17 8 8 11 14 14 14 14 11 11 11 10 6 6 5 5 3 3 3 3 4 4 6 6 7 11 11 13 15 15 10 10 8 8 8 18
 8 8 7 6 6 11 16 16 17 17 12 7 7 9 11 11 12 12 15 18 18 15 12 12 10 10 5 4 4 6 7 7 9 9 10 13 13 18 16 16 11 11 8 8 8 9
 8 8 7 6 6 11 16 16 17 17 12 7 7 9 11 11 12 12 15 18 18 15 12 12 10 10 5 4 4 6 7 7 9 9 10 13 13 18 16 16 11 11 8 8 8 9
 8 8 5 6 6 10 13 13 13 13 11 12 12 7 10 10 13 13 16 23 23 16 16 16 13 13 11 10 10 11 12 12 10 10 18 17 17 18 16 16 10 10 7 8 8 11
 8 8 5 6 6 10 13 13 13 13 11 12 12 7 10 10 13 13 16 23 23 16 16 16 13 13 11 10 10 11 12 12 10 10 18 17 17 18 16 16 10 10 7 8 8 11
 7 7 5 6 6 7 12 12 11 11 11 14 14 12 16 16 26 26 45 29 29 26 25 25 19 19 18 13 13 14 16 16 13 13 16 17 17 22 14 14 9 9 6 10 10 9
 7 7 6 7 7 7 9 9 9 9 13 14 14 16 15 15 21 21 24 40 40 28 28 28 29 29 26 18 18 16 26 26 28 28 26 21 21 20 18 18 13 13 10 8 8 6
 7 7 6 7 7 7 9 9 9 9 13 14 14 16 15 15 21 21 24 40 40 28 28 28 29 29 26 18 18 16 26 26 28 28 26 21 21 20 18 18 13 13 10 8 8 6
 10 10 10 10 10 9 11 11 13 13 14 14 14 19 21 21 26 26 34 51 51 51 33 33 30 30 27 23 23 20 21 21 31 31 30 23 23 24 20 20 13 13 9 7 7 6
 47 47 49 45 45 39 33 33 26 26 22 19 19 20 19 19 22 22 26 33 33 36 34 34 29 29 26 20 20 17 18 18 22 22 18 21 21 13 15 15 12 12 7 5 5 4
 47 47 49 45 45 39 33 33 26 26 22 19 19 20 19 19 22 22 26 33 33 36 34 34 29 29 26 20 20 17 18 18 22 22 18 21 21 13 15 15 12 12 7 5 5 4
 48 48 53 50 50 44 36 36 31 31 25 21 21 22 21 21 26 26 30 37 37 46 51 51 25 25 25 22 22 20 17 17 21 21 15 11 11 12 11 11 10 10 10 9 9 8
 48 48 53 50 50 44 36 36 31 31 25 21 21 22 21 21 26 26 30 37 37 46 51 51 25 25 25 22 22 20 17 17 21 21 15 11 11 12 11 11 10 10 10 9 9 8
 43 43 48 48 48 45 38 38 33 33 29 25 25 24 24 24 25 25 28 33 33 39 55 55 33 33 27 32 32 29 28 28 25 25 15 12 12 11 9 9 10 10 12 13 13 11
 37 37 40 43 43 41 37 37 33 33 32 28 28 27 28 28 27 27 29 32 32 39 50 50 28 28 28 33 33 40 43 43 32 32 21 17 17 13 13 13 12 12 11 12 12 11
 37 37 40 43 43 41 37 37 33 33 32 28 28 27 28 28 27 27 29 32 32 39 50 50 28 28 28 33 33 40 43 43 32 32 21 17 17 13 13 13 12 12 11 12 12 11
 30 30 25 27 27 29 30 30 28 28 29 29 29 29 29 29 26 26 25 27 27 28 39 39 31 31 31 33 33 38 38 38 32 32 21 14 14 13 16 16 14 14 11 13 13 12
 22 22 18 17 17 18 20 20 22 22 25 27 27 29 31 31 28 28 22 22 22 21 20 20 21 21 26 28 28 28 29 29 20 20 11 11 11 15 20 20 19 19 13 12 12 11
 22 22 18 17 17 18 20 20 22 22 25 27 27 29 31 31 28 28 22 22 22 21 20 20 21 21 26 28 28 28 29 29 20 20 11 11 11 15 20 20 19 19 13 12 12 11
 20 20 16 13 13 16 19 19 22 22 29 34 34 41 45 45 40 40 32 27 27 26 23 23 28 28 33 39 39 31 21 21 14 14 15 13 13 14 17 17 17 17 15 13 13 11
 20 20 16 13 13 16 19 19 22 22 29 34 34 41 45 45 40 40 32 27 27 26 23 23 28 28 33 39 39 31 21 21 14 14 15 13 13 14 17 17 17 17 15 13 13 11
 25 25 21 17 17 19 24 24 26 26 32 37 37 43 48 48 45 45 39 32 32 29 24 24 24 24 29 37 37 28 18 18 10 10 8 7 7 8 10 10 8 8 8 11 11 12
 29 29 28 21 21 23 25 25 26 26 27 32 32 40 48 48 51 51 48 43 43 38 28 28 23 23 21 30 30 41 28 28 15 15 11 5 5 7 10 10 7 7 6 8 8 13
 29 29 28 21 21 23 25 25 26 26 27 32 32 40 48 48 51 51 48 43 43 38 28 28 23 23 21 30 30 41 28 28 15 15 11 5 5 7 10 10 7 7 6 8 8 13
 32 32 31 27 27 24 24 24 25 25 24 26 26 30 36 36 43 43 46 44 44 37 28 28 22 22 17 21 21 26 20 20 13 13 8 6 6 8 9 9 6 6 5 5 5 10
 32 32 31 30 30 21 24 24 25 25 24 31 31 34 35 35 42 42 46 44 44 38 30 30 23 23 19 18 18 18 16 16 12 12 8 9 9 13 12 12 8 8 5 5 5 5
 32 32 31 30 30 21 24 24 25 25 24 31 31 34 35 35 42 42 46 44 44 38 30 30 23 23 19 18 18 18 16 16 12 12 8 9 9 13 12 12 8 8 5 5 5 5
 27 27 30 29 29 24 29 29 30 30 29 30 30 34 34 34 43 43 46 46 46 40 31 31 23 23 19 16 16 15 11 11 11 11 8 10 10 14 12 12 10 10 8 6 6 5
 27 27 30 29 29 24 29 29 30 30 29 30 30 34 34 34 43 43 46 46 46 40 31 31 23 23 19 16 16 15 11 11 11 11 8 10 10 14 12 12 10 10 8 6 6 5
 27 27 39 40 40 37 28 28 28 28 26 27 27 29 22 22 25 25 24 21 21 19 16 16 13 13 12 13 13 7 12 12 8 8 8 11 11 12 17 17 11 11 9 9 9 7
 31 31 36 37 37 37 31 31 30 30 23 22 22 20 12 12 14 14 15 14 14 11 9 9 8 8 9 10 10 10 14 14 10 10 7 12 12 10 14 14 11 11 8 12 12 11
 31 31 36 37 37 37 31 31 30 30 23 22 22 20 12 12 14 14 15 14 14 11 9 9 8 8 9 10 10 10 14 14 10 10 7 12 12 10 14 14 11 11 8 12 12 11
 31 31 104 103 103 36 32 32 31 31 22 21 21 9 8 8 10 10 12 13 13 11 9 9 7 7 6 14 14 14 11 11 12 12 9 9 9 11 19 19 18 18 16 13 13 14
 33 33 51 50 50 34 32 32 32 32 16 13 13 9 7 7 9 9 9 8 8 7 6 6 7 7 13 12 12 12 15 15 16 16 18 14 14 12 10 10 20 20 32 25 25 22
 33 33 51 50 50 34 32 32 32 32 16 13 13 9 7 7 9 9 9 8 8 7 6 6 7 7 13 12 12 12 15 15 16 16 18 14 14 12 10 10 20 20 32 25 25 22
 46 46 46 45 45 22 21 21 13 13 13 13 13 10 10 10 12 12 12 11 11 10 8 8 8 8 13 13 13 15 18 18 22 22 21 17 17 17 12 12 17 17 30 28 28 27
 46 46 46 45 45 22 21 21 13 13 13 13 13 10 10 10 12 12 12 11 11 10 8 8 8 8 13 13 13 15 18 18 22 22 21 17 17 17 12 12 17 17 30 28 28 27
 33 33 31 30 30 21 19 19 13 13 14 14 14 11 10 10 9 9 8 7 7 8 7 7 7 7 13 14 14 14 20 20 21 21 21 17 17 18 16 16 17 17 28 25 25 27
 12 12 10 22 22 22 22 22 13 13 15 16 16 13 11 11 9 9 9 8 8 13 12 12 7 7 17 14 14 15 28 28 28 28 28 16 16 23 24 24 27 27 30 28 28 35
 12 12 10 22 22 22 22 22 13 13 15 16 16 13 11 11 9 9 9 8 8 13 12 12 7 7 17 14 14 15 28 28 28 28 28 16 16 23 24 24 27 27 30 28 28 35
 10 10 15 14 14 14 12 12 13 13 13 15 15 15 13 13 20 20 18 17 17 15 13 13 12 12 15 13 13 13 24 24 28 28 29 21 21 22 34 34 33 33 38 39 39 47
 11 11 17 14 14 14 13 13 13 13 14 15 15 14 13 13 21 21 20 18 18 18 17 17 16 16 15 14 14 25 26 26 30 30 31 19 19 21 28 28 29 29 45 41 41 50
