assets/RAT_results_old/precipitation/2020-09-17_IMERG.asc
ncols        46
nrows        77
xllcorner    74.800261325624
yllcorner    8.058333333333
cellsize     0.062500000000
NODATA_value -9999
 46 46 54 53 53 38 15 15 14 14 17 16 16 7 3 3 4 4 3 3 3 2 0 0 0 0 0 0 0 0 0 0 0 0 0 0 0 0 0 0 0 0 0 0 0 0
 38 38 49 33 33 20 18 18 13 13 19 14 14 7 6 6 5 5 3 3 3 2 0 0 0 0 0 0 0 0 0 0 0 0 0 0 0 0 0 0 0 0 0 0 0 0
 38 38 49 33 33 20 18 18 13 13 19 14 14 7 6 6 5 5 3 3 3 2 0 0 0 0 0 0 0 0 0 0 0 0 0 0 0 0 0 0 0 0 0 0 0 0
 39 39 31 35 35 16 8 8 12 12 9 9 9 8 2 2 5 5 4 3 3 2 0 0 0 0 0 0 0 0 0 0 0 0 0 0 0 0 0 0 0 0 0 0 0 0
 43 43 29 23 23 20 7 7 7 7 10 14 14 11 14 14 15 15 10 3 3 0 0 0 1 1 0 0 0 0 0 0 0 0 0 0 0 0 0 0 0 0 0 0 0 0
 43 43 29 23 23 20 7 7 7 7 10 14 14 11 14 14 15 15 10 3 3 0 0 0 1 1 0 0 0 0 0 0 0 0 0 0 0 0 0 0 0 0 0 0 0 0
 51 51 46 20 20 20 11 11 8 8 9 10 10 12 17 17 13 13 2 0 0 1 1 1 1 1 0 1 1 0 0 0 0 0 0 0 0 0 0 0 0 0 0 0 0 0
 51 51 46 20 20 20 11 11 8 8 9 10 10 12 17 17 13 13 2 0 0 1 1 1 1 1 0 1 1 0 0 0 0 0 0 0 0 0 0 0 0 0 0 0 0 0
 54 54 38 18 18 23 25 25 22 22 35 21 21 9 7 7 5 5 2 1 1 2 2 2 1 1 0 0 0 1 0 0 0 0 0 0 0 0 0 0 0 0 0 0 0 0
 33 33 30 23 23 23 29 29 33 33 28 16 16 30 16 16 94 94 8 3 3 2 2 2 2 2 1 3 3 5 1 1 0 0 0 0 0 0 0 0 0 0 0 0 0 0
 33 33 30 23 23 23 29 29 33 33 28 16 16 30 16 16 94 94 8 3 3 2 2 2 2 2 1 3 3 5 1 1 0 0 0 0 0 0 0 0 0 0 0 0 0 0
 30 30 14 21 21 17 19 19 11 11 6 14 14 11 33 33 33 33 4 8 8 5 4 4 7 7 3 4 4 5 1 1 0 0 0 0 0 0 0 0 0 0 0 0 0 0
 18 18 14 20 20 30 8 8 10 10 5 8 8 10 7 7 6 6 4 7 7 10 4 4 7 7 5 1 1 5 0 0 0 0 0 0 0 0 0 0 0 0 0 0 0 0
 18 18 14 20 20 30 8 8 10 10 5 8 8 10 7 7 6 6 4 7 7 10 4 4 7 7 5 1 1 5 0 0 0 0 0 0 0 0 0 0 0 0 0 0 0 0
 8 8 11 42 42 25 13 13 11 11 8 12 12 14 10 10 3 3 3 6 6 3 5 5 5 5 2 1 1 0 0 0 0 0 0 0 0 0 0 0 0 0 0 0 0 0
 8 8 11 42 42 25 13 13 11 11 8 12 12 14 10 10 3 3 3 6 6 3 5 5 5 5 2 1 1 0 0 0 0 0 0 0 0 0 0 0 0 0 0 0 0 0
 7 7 13 15 15 14 7 7 17 17 13 14 14 9 5 5 7 7 10 2 2 2 2 2 5 5 5 0 0 0 1 1 1 1 1 0 0 0 0 0 0 0 0 0 0 1
 16 16 17 17 17 8 4 4 8 8 7 11 11 12 10 10 9 9 8 10 10 3 2 2 1 1 2 0 0 1 1 1 1 1 1 0 0 0 0 0 0 0 0 0 0 1
 16 16 17 17 17 8 4 4 8 8 7 11 11 12 10 10 9 9 8 10 10 3 2 2 1 1 2 0 0 1 1 1 1 1 1 0 0 0 0 0 0 0 0 0 0 1
 20 20 29 29 29 13 5 5 5 5 5 8 8 18 6 6 3 3 2 5 5 5 1 1 1 1 2 1 1 0 1 1 0 0 0 0 0 0 0 0 0 0 0 0 0 0
 23 23 33 28 28 15 14 14 9 9 13 20 20 17 12 12 4 4 12 6 6 4 2 2 4 4 4 3 3 1 1 1 1 1 1 1 1 0 0 0 0 0 0 0 0 0
 23 23 33 28 28 15 14 14 9 9 13 20 20 17 12 12 4 4 12 6 6 4 2 2 4 4 4 3 3 1 1 1 1 1 1 1 1 0 0 0 0 0 0 0 0 0
 15 15 19 27 27 22 16 16 17 17 10 25 25 15 14 14 11 11 3 1 1 4 0 0 2 2 2 1 1 1 1 1 3 3 2 1 1 1 1 1 1 1 1 1 1 1
 15 15 19 27 27 22 16 16 17 17 10 25 25 15 14 14 11 11 3 1 1 4 0 0 2 2 2 1 1 1 1 1 3 3 2 1 1 1 1 1 1 1 1 1 1 1
 12 12 15 12 12 12 14 14 20 20 23 29 29 16 15 15 12 12 4 7 7 4 2 2 0 0 0 1 1 1 1 1 1 1 2 0 0 0 0 0 0 0 0 0 0 0
 4 4 7 7 7 13 16 16 20 20 29 20 20 17 17 17 19 19 17 10 10 6 3 3 1 1 1 1 1 1 1 1 1 1 0 0 0 0 0 0 0 0 0 0 0 0
 4 4 7 7 7 13 16 16 20 20 29 20 20 17 17 17 19 19 17 10 10 6 3 3 1 1 1 1 1 1 1 1 1 1 0 0 0 0 0 0 0 0 0 0 0 0
 2 2 5 7 7 13 19 19 23 23 15 16 16 11 17 17 29 29 20 13 13 7 2 2 2 2 1 1 1 1 0 0 2 2 0 0 0 0 0 0 0 0 0 0 0 0
 3 3 5 8 8 11 14 14 15 15 12 10 10 12 17 17 30 30 23 18 18 9 8 8 3 3 2 1 1 3 0 0 0 0 0 0 0 0 0 0 0 0 0 0 0 0
 3 3 5 8 8 11 14 14 15 15 12 10 10 12 17 17 30 30 23 18 18 9 8 8 3 3 2 1 1 3 0 0 0 0 0 0 0 0 0 0 0 0 0 0 0 0
 2 2 4 7 7 8 4 4 10 10 7 8 8 10 12 12 13 13 17 19 19 12 10 10 6 6 6 7 7 3 7 7 5 5 0 0 0 0 0 0 0 0 0 0 0 0
 2 2 4 7 7 8 4 4 10 10 7 8 8 10 12 12 13 13 17 19 19 12 10 10 6 6 6 7 7 3 7 7 5 5 0 0 0 0 0 0 0 0 0 0 0 0
 1 1 2 2 2 2 3 3 6 6 3 4 4 6 5 5 5 5 8 11 11 11 18 18 20 20 9 9 9 11 27 27 3 3 0 0 0 0 0 0 0 0 0 0 0 0
 1 1 1 1 1 1 2 2 5 5 3 3 3 3 4 4 3 3 4 8 8 11 12 12 8 8 1 2 2 5 6 6 3 3 0 0 0 0 0 0 0 0 0 0 0 0
 1 1 1 1 1 1 2 2 5 5 3 3 3 3 4 4 3 3 4 8 8 11 12 12 8 8 1 2 2 5 6 6 3 3 0 0 0 0 0 0 0 0 0 0 0 0
 1 1 1 1 1 1 2 2 4 4 4 3 3 2 2 2 3 3 6 6 6 5 11 11 2 2 1 1 1 2 1 1 1 1 0 1 1 0 0 0 1 1 0 0 0 0
 2 2 0 0 0 0 1 1 1 1 1 1 1 1 1 1 3 3 3 5 5 4 3 3 3 3 5 6 6 2 1 1 0 0 1 0 0 1 1 1 1 1 1 0 0 0
 2 2 0 0 0 0 1 1 1 1 1 1 1 1 1 1 3 3 3 5 5 4 3 3 3 3 5 6 6 2 1 1 0 0 1 0 0 1 1 1 1 1 1 0 0 0
 3 3 0 0 0 0 1 1 0 0 0 0 0 0 0 0 2 2 3 3 3 8 8 8 4 4 4 2 2 3 1 1 1 1 1 1 1 4 1 1 3 3 1 1 1 2
 3 3 0 0 0 0 1 1 0 0 0 0 0 0 0 0 2 2 3 3 3 8 8 8 4 4 4 2 2 3 1 1 1 1 1 1 1 4 1 1 3 3 1 1 1 2
 0 0 0 0 0 2 2 2 0 0 0 0 0 0 0 0 0 0 1 2 2 7 8 8 9 9 13 13 13 11 3 3 3 3 1 4 4 2 3 3 4 4 3 4 4 3
 0 0 1 2 2 6 3 3 2 2 1 1 1 0 0 0 0 0 1 2 2 4 9 9 14 14 13 9 9 16 8 8 9 9 4 5 5 4 1 1 4 4 2 1 1 2
 0 0 1 2 2 6 3 3 2 2 1 1 1 0 0 0 0 0 1 2 2 4 9 9 14 14 13 9 9 16 8 8 9 9 4 5 5 4 1 1 4 4 2 1 1 2
 0 0 0 1 1 5 8 8 7 7 0 1 1 0 0 0 0 0 1 2 2 3 6 6 10 10 16 30 30 11 9 9 7 7 7 6 6 5 3 3 5 5 2 5 5 4
 0 0 1 1 1 1 6 6 4 4 3 2 2 0 0 0 0 0 0 1 1 1 4 4 6 6 17 11 11 8 11 11 7 7 4 6 6 5 6 6 2 2 6 1 1 5
 0 0 1 1 1 1 6 6 4 4 3 2 2 0 0 0 0 0 0 1 1 1 4 4 6 6 17 11 11 8 11 11 7 7 4 6 6 5 6 6 2 2 6 1 1 5
 2 2 1 2 2 0 2 2 1 1 2 3 3 0 1 1 0 0 0 0 0 1 1 1 6 6 7 9 9 6 5 5 2 2 3 3 3 5 6 6 5 5 1 0 0 0
 2 2 1 2 2 0 2 2 1 1 2 3 3 0 1 1 0 0 0 0 0 1 1 1 6 6 7 9 9 6 5 5 2 2 3 3 3 5 6 6 5 5 1 0 0 0
 1 1 1 2 2 2 1 1 0 0 3 3 3 3 2 2 1 1 1 1 1 1 3 3 7 7 13 6 6 2 2 2 1 1 0 2 2 3 4 4 2 2 1 0 0 1
 1 1 1 1 1 1 1 1 1 1 2 5 5 4 6 6 1 1 2 2 2 2 5 5 10 10 14 7 7 4 3 3 2 2 2 2 2 3 2 2 1 1 0 0 0 1
 1 1 1 1 1 1 1 1 1 1 2 5 5 4 6 6 1 1 2 2 2 2 5 5 10 10 14 7 7 4 3 3 2 2 2 2 2 3 2 2 1 1 0 0 0 1
 1 1 1 1 1 1 0 0 0 0 0 0 0 1 11 11 10 10 4 3 3 2 4 4 5 5 6 9 9 11 9 9 5 5 6 5 5 2 2 2 1 1 0 0 0 1
 1 1 1 1 1 1 1 1 1 1 0 0 0 0 1 1 1 1 2 3 3 2 3 3 4 4 4 6 6 4 10 10 9 9 7 4 4 6 5 5 4 4 0 0 0 0
 1 1 1 1 1 1 1 1 1 1 0 0 0 0 1 1 1 1 2 3 3 2 3 3 4 4 4 6 6 4 10 10 9 9 7 4 4 6 5 5 4 4 0 0 0 0
 0 0 0 1 1 2 1 1 0 0 1 1 1 1 2 2 1 1 2 2 2 3 3 3 3 3 5 5 5 4 6 6 7 7 1 0 0 4 4 4 0 0 1 0 0 0
 0 0 0 1 1 2 1 1 0 0 1 1 1 1 2 2 1 1 2 2 2 3 3 3 3 3 5 5 5 4 6 6 7 7 1 0 0 4 4 4 0 0 1 0 0 0
 0 0 0 1 1 2 0 0 0 0 0 1 1 1 1 1 1 1 1 1 1 3 2 2 4 4 5 1 1 3 1 1 0 0 1 4 4 3 5 5 1 1 0 2 2 1
 0 0 1 1 1 3 3 3 0 0 1 1 1 2 3 3 3 3 1 1 1 1 1 1 2 2 5 4 4 2 2 2 1 1 0 3 3 3 3 3 4 4 1 0 0 0
 0 0 1 1 1 3 3 3 0 0 1 1 1 2 3 3 3 3 1 1 1 1 1 1 2 2 5 4 4 2 2 2 1 1 0 3 3 3 3 3 4 4 1 0 0 0
 0 0 1 1 1 1 5 5 1 1 1 1 1 2 2 2 2 2 1 1 1 1 2 2 1 1 4 4 4 2 3 3 5 5 4 3 3 4 3 3 1 1 1 0 0 0
 0 0 1 1 1 2 2 2 1 1 1 0 0 2 2 2 1 1 0 0 0 1 3 3 2 2 4 8 8 7 1 1 7 7 4 3 3 0 3 3 1 1 0 0 0 0
 0 0 1 1 1 2 2 2 1 1 1 0 0 2 2 2 1 1 0 0 0 1 3 3 2 2 4 8 8 7 1 1 7 7 4 3 3 0 3 3 1 1 0 0 0 0
 0 0 1 1 1 1 0 0 0 0 0 0 0 1 1 1 1 1 1 3 3 3 3 3 1 1 3 8 8 7 2 2 0 0 0 0 0 0 1 1 3 3 0 0 0 0
 0 0 1 1 1 1 0 0 0 0 0 0 0 1 1 1 1 1 1 3 3 3 3 3 1 1 3 8 8 7 2 2 0 0 0 0 0 0 1 1 3 3 0 0 0 0
 0 0 1 1 1 1 0 0 0 0 0 1 1 1 1 1 1 1 1 2 2 2 1 1 2 2 1 0 0 3 3 3 2 2 0 1 1 2 2 2 0 0 0 0 0 0
 0 0 1 1 1 1 0 0 0 0 0 0 0 0 0 0 1 1 1 1 1 0 0 0 0 0 0 0 0 1 3 3 1 1 0 2 2 3 2 2 0 0 0 0 0 0
 0 0 1 1 1 1 0 0 0 0 0 0 0 0 0 0 1 1 1 1 1 0 0 0 0 0 0 0 0 1 3 3 1 1 0 2 2 3 2 2 0 0 0 0 0 0
 0 0 1 1 1 1 1 1 0 0 0 0 0 0 0 0 1 1 1 1 1 1 1 1 1 1 0 1 1 0 2 2 3 3 0 0 0 0 1 1 0 0 0 0 0 0
 1 1 1 1 1 1 1 1 1 1 0 0 0 0 0 0 0 0 0 0 0 1 1 1 1 1 2 0 0 0 0 0 2 2 2 0 0 0 1 1 9 9 8 0 0 0
 1 1 1 1 1 1 1 1 1 1 0 0 0 0 0 0 0 0 0 0 0 1 1 1 1 1 2 0 0 0 0 0 2 2 2 0 0 0 1 1 9 9 8 0 0 0
 2 2 2 2 2 2 3 3 3 3 1 1 1 1 0 0 0 0 0 0 0 0 0 0 2 2 7 3 3 1 0 0 0 0 2 3 3 0 0 0 0 0 4 0 0 0
 2 2 2 2 2 2 3 3 3 3 1 1 1 1 0 0 0 0 0 0 0 0 0 0 2 2 7 3 3 1 0 0 0 0 2 3 3 0 0 0 0 0 4 0 0 0
 3 3 3 3 3 4 4 4 5 5 2 2 2 1 0 0 0 0 0 0 0 0 0 0 7 7 8 2 2 2 0 0 0 0 1 1 1 2 0 0 0 0 0 0 0 0
 4 4 4 4 4 4 4 4 4 4 3 1 1 1 1 1 0 0 3 0 0 0 1 1 3 3 4 2 2 0 0 0 0 0 0 0 0 1 2 2 0 0 0 0 0 0
 4 4 4 4 4 4 4 4 4 4 3 1 1 1 1 1 0 0 3 0 0 0 1 1 3 3 4 2 2 0 0 0 0 0 0 0 0 1 2 2 0 0 0 0 0 0
 3 3 3 3 3 3 3 3 2 2 2 1 1 0 0 0 1 1 4 3 3 0 0 0 0 0 1 0 0 0 1 1 1 1 0 0 0 0 2 2 2 2 1 2 2 1
 2 2 2 2 2 2 2 2 2 2 1 0 0 0 1 1 0 0 2 1 1 0 0 0 0 0 0 0 0 0 0 0 0 0 0 0 0 0 1 1 0 0 1 0 0 0
