assets/RAT_results_old/precipitation/2020-07-17_IMERG.asc
ncols        46
nrows        77
xllcorner    74.800261325624
yllcorner    8.058333333333
cellsize     0.062500000000
NODATA_value -9999
 61 61 33 36 36 37 40 40 34 34 32 23 23 26 19 19 13 13 11 8 8 8 3 3 2 2 2 9 9 4 3 3 0 0 0 1 1 2 1 1 1 1 1 1 1 1
 49 49 38 45 45 42 42 42 36 36 38 23 23 25 17 17 14 14 11 11 11 13 8 8 5 5 2 1 1 1 1 1 0 0 0 0 0 0 1 1 1 1 1 1 1 2
 49 49 38 45 45 42 42 42 36 36 38 23 23 25 17 17 14 14 11 11 11 13 8 8 5 5 2 1 1 1 1 1 0 0 0 0 0 0 1 1 1 1 1 1 1 2
 69 69 60 46 46 42 47 47 40 40 41 27 27 18 24 24 15 15 13 13 13 11 7 7 6 6 3 1 1 1 2 2 0 0 1 0 0 0 0 0 0 0 1 2 2 1
 62 62 60 55 55 44 46 46 57 57 32 33 33 29 24 24 12 12 15 12 12 8 7 7 4 4 5 2 2 2 2 2 1 1 1 1 1 0 0 0 0 0 2 1 1 2
 62 62 60 55 55 44 46 46 57 57 32 33 33 29 24 24 12 12 15 12 12 8 7 7 4 4 5 2 2 2 2 2 1 1 1 1 1 0 0 0 0 0 2 1 1 2
 51 51 47 49 49 54 52 52 61 61 47 46 46 45 26 26 17 17 19 18 18 8 7 7 4 4 4 3 3 2 2 2 1 1 3 1 1 0 1 1 1 1 2 1 1 3
 51 51 47 49 49 54 52 52 61 61 47 46 46 45 26 26 17 17 19 18 18 8 7 7 4 4 4 3 3 2 2 2 1 1 3 1 1 0 1 1 1 1 2 1 1 3
 53 53 54 56 56 50 52 52 69 69 49 45 45 43 34 34 24 24 20 24 24 9 8 8 5 5 3 3 3 2 2 2 2 2 1 2 2 1 4 4 3 3 3 1 1 1
 46 46 61 59 59 56 60 60 65 65 54 47 47 38 38 38 26 26 26 20 20 18 13 13 8 8 4 3 3 4 3 3 2 2 2 3 3 2 6 6 5 5 3 1 1 4
 46 46 61 59 59 56 60 60 65 65 54 47 47 38 38 38 26 26 26 20 20 18 13 13 8 8 4 3 3 4 3 3 2 2 2 3 3 2 6 6 5 5 3 1 1 4
 48 48 79 46 46 49 66 66 62 62 70 61 61 49 46 46 44 44 37 28 28 28 16 16 13 13 6 5 5 5 4 4 3 3 4 4 4 5 8 8 2 2 2 2 2 4
 95 95 97 52 52 56 50 50 65 65 59 56 56 54 44 44 43 43 38 31 31 29 17 17 15 15 16 8 8 6 4 4 3 3 4 4 4 5 8 8 5 5 3 3 3 3
 95 95 97 52 52 56 50 50 65 65 59 56 56 54 44 44 43 43 38 31 31 29 17 17 15 15 16 8 8 6 4 4 3 3 4 4 4 5 8 8 5 5 3 3 3 3
 70 70 56 66 66 68 50 50 56 56 46 44 44 55 50 50 45 45 47 52 52 48 23 23 22 22 17 20 20 11 5 5 3 3 3 4 4 6 7 7 7 7 3 5 5 5
 70 70 56 66 66 68 50 50 56 56 46 44 44 55 50 50 45 45 47 52 52 48 23 23 22 22 17 20 20 11 5 5 3 3 3 4 4 6 7 7 7 7 3 5 5 5
 88 88 59 67 67 75 61 61 39 39 43 46 46 51 47 47 58 58 56 57 57 52 40 40 25 25 47 17 17 21 7 7 4 4 2 4 4 6 8 8 7 7 3 3 3 5
 61 61 44 66 66 51 61 61 54 54 46 53 53 54 52 52 64 64 74 70 70 56 44 44 49 49 46 21 21 19 6 6 6 6 3 6 6 6 6 6 8 8 3 5 5 7
 61 61 44 66 66 51 61 61 54 54 46 53 53 54 52 52 64 64 74 70 70 56 44 44 49 49 46 21 21 19 6 6 6 6 3 6 6 6 6 6 8 8 3 5 5 7
 79 79 38 33 33 36 37 37 32 32 41 47 47 49 53 53 46 46 60 75 75 63 53 53 39 39 39 24 24 22 9 9 6 6 6 10 10 5 8 8 6 6 2 4 4 4
 44 44 56 34 34 32 32 32 30 30 35 47 47 44 50 50 48 48 61 69 69 76 67 67 47 47 43 24 24 22 12 12 4 4 7 7 7 4 1 1 7 7 1 1 1 2
 44 44 56 34 34 32 32 32 30 30 35 47 47 44 50 50 48 48 61 69 69 76 67 67 47 47 43 24 24 22 12 12 4 4 7 7 7 4 1 1 7 7 1 1 1 2
 32 32 37 28 28 28 21 21 27 27 38 39 39 45 51 51 57 57 60 56 56 63 71 71 48 48 46 43 43 24 30 30 17 17 11 9 9 2 0 0 0 0 0 0 0 0
 32 32 37 28 28 28 21 21 27 27 38 39 39 45 51 51 57 57 60 56 56 63 71 71 48 48 46 43 43 24 30 30 17 17 11 9 9 2 0 0 0 0 0 0 0 0
 17 17 39 31 31 38 16 16 22 22 27 49 49 49 60 60 60 60 66 75 75 74 65 65 52 52 60 53 53 21 23 23 10 10 6 4 4 0 0 0 1 1 1 0 0 2
 13 13 24 28 28 20 14 14 19 19 25 28 28 37 41 41 46 46 58 73 73 53 55 55 52 52 60 58 58 23 14 14 4 4 1 0 0 0 0 0 2 2 1 1 1 4
 13 13 24 28 28 20 14 14 19 19 25 28 28 37 41 41 46 46 58 73 73 53 55 55 52 52 60 58 58 23 14 14 4 4 1 0 0 0 0 0 2 2 1 1 1 4
 16 16 22 19 19 22 17 17 19 19 19 24 24 24 35 35 38 38 40 38 38 36 50 50 47 47 47 43 43 26 13 13 6 6 0 0 0 0 0 0 2 2 2 2 2 3
 16 16 15 18 18 18 18 18 20 20 17 16 16 16 24 24 34 34 28 33 33 31 47 47 41 41 32 42 42 20 7 7 5 5 1 1 1 3 2 2 2 2 2 2 2 3
 16 16 15 18 18 18 18 18 20 20 17 16 16 16 24 24 34 34 28 33 33 31 47 47 41 41 32 42 42 20 7 7 5 5 1 1 1 3 2 2 2 2 2 2 2 3
 18 18 19 19 19 20 29 29 30 30 21 19 19 12 22 22 24 24 24 26 26 35 51 51 39 39 25 26 26 23 8 8 6 6 2 2 2 5 5 5 4 4 5 2 2 2
 18 18 19 19 19 20 29 29 30 30 21 19 19 12 22 22 24 24 24 26 26 35 51 51 39 39 25 26 26 23 8 8 6 6 2 2 2 5 5 5 4 4 5 2 2 2
 19 19 19 19 19 22 28 28 35 35 28 20 20 14 10 10 25 25 27 27 27 41 40 40 42 42 41 26 26 21 5 5 5 5 2 3 3 7 8 8 4 4 4 3 3 2
 19 19 23 17 17 17 21 21 26 26 17 16 16 14 16 16 19 19 20 24 24 26 23 23 28 28 41 21 21 18 2 2 1 1 2 3 3 6 5 5 3 3 2 2 2 2
 19 19 23 17 17 17 21 21 26 26 17 16 16 14 16 16 19 19 20 24 24 26 23 23 28 28 41 21 21 18 2 2 1 1 2 3 3 6 5 5 3 3 2 2 2 2
 20 20 21 17 17 17 17 17 14 14 15 10 10 8 11 11 13 13 18 19 19 24 21 21 20 20 17 12 12 3 2 2 1 1 2 5 5 3 3 3 4 4 2 2 2 3
 18 18 19 19 19 20 23 23 16 16 16 7 7 12 10 10 10 10 9 13 13 16 14 14 13 13 22 8 8 3 3 3 2 2 3 3 3 4 2 2 5 5 3 2 2 1
 18 18 19 19 19 20 23 23 16 16 16 7 7 12 10 10 10 10 9 13 13 16 14 14 13 13 22 8 8 3 3 3 2 2 3 3 3 4 2 2 5 5 3 2 2 1
 18 18 23 20 20 24 26 26 25 25 15 8 8 6 7 7 6 6 8 12 12 8 8 8 5 5 10 13 13 5 4 4 3 3 3 4 4 5 5 5 2 2 2 1 1 2
 18 18 23 20 20 24 26 26 25 25 15 8 8 6 7 7 6 6 8 12 12 8 8 8 5 5 10 13 13 5 4 4 3 3 3 4 4 5 5 5 2 2 2 1 1 2
 17 17 18 21 21 28 31 31 30 30 19 6 6 9 7 7 3 3 5 7 7 7 4 4 2 2 1 3 3 2 4 4 3 3 3 3 3 9 9 9 2 2 1 1 1 2
 24 24 21 27 27 28 33 33 30 30 24 9 9 10 12 12 21 21 3 9 9 11 10 10 9 9 2 2 2 2 2 2 3 3 3 6 6 7 5 5 4 4 2 2 2 3
 24 24 21 27 27 28 33 33 30 30 24 9 9 10 12 12 21 21 3 9 9 11 10 10 9 9 2 2 2 2 2 2 3 3 3 6 6 7 5 5 4 4 2 2 2 3
 27 27 28 26 26 31 20 20 30 30 18 13 13 15 23 23 34 34 4 3 3 11 9 9 10 10 3 2 2 4 9 9 9 9 5 5 5 8 3 3 2 2 1 0 0 0
 22 22 24 27 27 29 19 19 19 19 18 20 20 23 28 28 59 59 4 4 4 4 5 5 5 5 4 7 7 11 13 13 11 11 11 6 6 4 3 3 1 1 0 0 0 1
 22 22 24 27 27 29 19 19 19 19 18 20 20 23 28 28 59 59 4 4 4 4 5 5 5 5 4 7 7 11 13 13 11 11 11 6 6 4 3 3 1 1 0 0 0 1
 21 21 27 32 32 34 33 33 30 30 19 27 27 32 49 49 58 58 63 4 4 7 7 7 8 8 6 10 10 15 16 16 13 13 13 8 8 4 2 2 1 1 1 1 1 2
 21 21 27 32 32 34 33 33 30 30 19 27 27 32 49 49 58 58 63 4 4 7 7 7 8 8 6 10 10 15 16 16 13 13 13 8 8 4 2 2 1 1 1 1 1 2
 23 23 31 38 38 36 37 37 35 35 26 34 34 49 55 55 49 49 30 3 3 9 10 10 12 12 12 15 15 17 16 16 15 15 13 11 11 8 6 6 1 1 2 2 2 4
 25 25 30 41 41 51 49 49 42 42 29 33 33 31 15 15 14 14 5 2 2 4 6 6 9 9 15 15 15 22 19 19 17 17 10 8 8 7 7 7 6 6 5 5 5 4
 25 25 30 41 41 51 49 49 42 42 29 33 33 31 15 15 14 14 5 2 2 4 6 6 9 9 15 15 15 22 19 19 17 17 10 8 8 7 7 7 6 6 5 5 5 4
 23 23 19 29 29 36 36 36 40 40 20 16 16 9 5 5 3 3 2 2 2 3 6 6 13 13 15 14 14 17 18 18 16 16 14 7 7 9 10 10 11 11 13 11 11 3
 19 19 18 19 19 24 21 21 27 27 19 12 12 9 13 13 3 3 2 2 2 3 6 6 9 9 14 13 13 17 16 16 17 17 17 8 8 10 15 15 16 16 17 9 9 4
 19 19 18 19 19 24 21 21 27 27 19 12 12 9 13 13 3 3 2 2 2 3 6 6 9 9 14 13 13 17 16 16 17 17 17 8 8 10 15 15 16 16 17 9 9 4
 21 21 18 16 16 18 17 17 15 15 19 7 7 9 13 13 3 3 3 2 2 4 8 8 12 12 13 12 12 16 17 17 18 18 18 14 14 13 14 14 16 16 15 10 10 4
 21 21 18 16 16 18 17 17 15 15 19 7 7 9 13 13 3 3 3 2 2 4 8 8 12 12 13 12 12 16 17 17 18 18 18 14 14 13 14 14 16 16 15 10 10 4
 20 20 21 24 24 19 18 18 16 16 9 9 9 13 13 13 12 12 11 4 4 4 4 4 9 9 10 14 14 14 20 20 20 20 14 13 13 15 15 15 17 17 12 6 6 5
 20 20 25 17 17 21 18 18 16 16 15 9 9 6 8 8 16 16 11 4 4 3 15 15 11 11 13 10 10 11 20 20 21 21 13 11 11 13 15 15 19 19 13 7 7 5
 20 20 25 17 17 21 18 18 16 16 15 9 9 6 8 8 16 16 11 4 4 3 15 15 11 11 13 10 10 11 20 20 21 21 13 11 11 13 15 15 19 19 13 7 7 5
 22 22 28 16 16 20 19 19 20 20 16 11 11 14 8 8 10 10 9 8 8 3 14 14 10 10 11 8 8 11 14 14 19 19 16 10 10 11 12 12 15 15 13 7 7 4
 20 20 25 18 18 24 20 20 23 23 21 14 14 14 9 9 12 12 10 7 7 17 17 17 12 12 13 10 10 10 13 13 16 16 17 12 12 13 14 14 12 12 10 6 6 3
 20 20 25 18 18 24 20 20 23 23 21 14 14 14 9 9 12 12 10 7 7 17 17 17 12 12 13 10 10 10 13 13 16 16 17 12 12 13 14 14 12 12 10 6 6 3
 17 17 18 16 16 20 23 23 18 18 21 16 16 15 12 12 15 15 3 1 1 1 1 1 2 2 13 9 9 9 8 8 7 7 9 10 10 12 13 13 10 10 6 3 3 2
 17 17 18 16 16 20 23 23 18 18 21 16 16 15 12 12 15 15 3 1 1 1 1 1 2 2 13 9 9 9 8 8 7 7 9 10 10 12 13 13 10 10 6 3 3 2
 16 16 15 17 17 13 19 19 16 16 20 14 14 16 15 15 15 15 5 2 2 1 1 1 1 1 6 8 8 10 9 9 8 8 8 10 10 14 13 13 11 11 4 2 2 1
 14 14 16 16 16 13 16 16 14 14 14 14 14 17 18 18 15 15 13 4 4 1 0 0 1 1 1 1 1 10 13 13 9 9 8 12 12 19 17 17 8 8 3 3 3 1
 14 14 16 16 16 13 16 16 14 14 14 14 14 17 18 18 15 15 13 4 4 1 0 0 1 1 1 1 1 10 13 13 9 9 8 12 12 19 17 17 8 8 3 3 3 1
 13 13 13 14 14 16 16 16 12 12 13 13 13 20 14 14 13 13 10 4 4 4 1 1 0 0 1 4 4 8 11 11 11 11 13 13 13 17 14 14 13 13 8 2 2 1
 14 14 13 14 14 13 13 13 12 12 13 12 12 14 11 11 13 13 8 4 4 4 1 1 1 1 1 6 6 7 9 9 13 13 15 17 17 14 17 17 17 17 11 4 4 1
 14 14 13 14 14 13 13 13 12 12 13 12 12 14 11 11 13 13 8 4 4 4 1 1 1 1 1 6 6 7 9 9 13 13 15 17 17 14 17 17 17 17 11 4 4 1
 13 13 15 15 15 13 12 12 12 12 10 12 12 9 10 10 9 9 6 4 4 4 2 2 1 1 2 3 3 7 10 10 12 12 13 15 15 14 11 11 8 8 8 6 6 0
 13 13 15 15 15 13 12 12 12 12 10 12 12 9 10 10 9 9 6 4 4 4 2 2 1 1 2 3 3 7 10 10 12 12 13 15 15 14 11 11 8 8 8 6 6 0
 15 15 15 15 15 14 13 13 12 12 10 10 10 6 6 6 6 6 6 4 4 3 2 2 10 10 10 3 3 4 5 5 15 15 17 13 13 12 8 8 7 7 5 4 4 1
 19 19 18 18 18 17 17 17 13 13 11 8 8 6 5 5 4 4 3 3 3 4 4 4 13 13 13 4 4 3 4 4 14 14 14 11 11 11 10 10 6 6 7 6 6 1
 19 19 18 18 18 17 17 17 13 13 11 8 8 6 5 5 4 4 3 3 3 4 4 4 13 13 13 4 4 3 4 4 14 14 14 11 11 11 10 10 6 6 7 6 6 1
 22 22 21 21 21 22 21 21 17 17 16 9 9 7 4 4 3 3 3 2 2 2 2 2 11 11 11 3 3 4 5 5 7 7 11 9 9 8 10 10 6 6 5 3 3 2
 28 28 26 24 24 25 27 27 24 24 21 11 11 9 3 3 2 2 2 2 2 2 1 1 1 1 1 2 2 3 5 5 4 4 9 9 9 9 9 9 7 7 6 2 2 2
