assets/RAT_results_old/precipitation/2020-05-03_IMERG.asc
ncols        46
nrows        77
xllcorner    74.800261325624
yllcorner    8.058333333333
cellsize     0.062500000000
NODATA_value -9999
 3 3 4 5 5 3 21 21 42 42 47 52 52 40 25 25 19 19 16 6 6 10 4 4 1 1 1 0 0 0 0 0 0 0 0 0 0 9 28 28 3 3 3 1 1 1
 10 10 7 4 4 4 9 9 9 9 56 50 50 21 16 16 20 20 15 13 13 4 2 2 1 1 1 1 1 1 1 1 1 1 0 9 9 9 27 27 2 2 2 0 0 0
 10 10 7 4 4 4 9 9 9 9 56 50 50 21 16 16 20 20 15 13 13 4 2 2 1 1 1 1 1 1 1 1 1 1 0 9 9 9 27 27 2 2 2 0 0 0
 11 11 7 18 18 6 7 7 11 11 27 27 27 17 6 6 6 6 2 6 6 2 1 1 1 1 2 3 3 4 4 4 3 3 2 1 1 1 0 0 0 0 0 0 0 0
 4 4 40 39 39 13 15 15 6 6 26 19 19 11 5 5 4 4 2 2 2 1 1 1 1 1 3 5 5 6 7 7 4 4 3 1 1 1 0 0 0 0 0 0 0 0
 4 4 40 39 39 13 15 15 6 6 26 19 19 11 5 5 4 4 2 2 2 1 1 1 1 1 3 5 5 6 7 7 4 4 3 1 1 1 0 0 0 0 0 0 0 0
 4 4 6 15 15 30 9 9 9 9 10 16 16 25 16 16 4 4 2 1 1 1 1 1 2 2 4 6 6 6 7 7 6 6 5 12 12 3 0 0 0 0 0 0 0 0
 4 4 6 15 15 30 9 9 9 9 10 16 16 25 16 16 4 4 2 1 1 1 1 1 2 2 4 6 6 6 7 7 6 6 5 12 12 3 0 0 0 0 0 0 0 0
 4 4 6 9 9 21 16 16 15 15 25 41 41 12 15 15 2 2 1 1 1 1 1 1 2 2 3 5 5 6 9 9 9 9 6 13 13 3 2 2 0 0 0 0 0 0
 4 4 5 8 8 16 24 24 32 32 25 8 8 12 4 4 2 2 1 1 1 1 0 0 1 1 3 4 4 6 8 8 8 8 5 7 7 3 2 2 0 0 0 0 0 0
 4 4 5 8 8 16 24 24 32 32 25 8 8 12 4 4 2 2 1 1 1 1 0 0 1 1 3 4 4 6 8 8 8 8 5 7 7 3 2 2 0 0 0 0 0 0
 3 3 5 6 6 9 10 10 18 18 26 13 13 11 3 3 2 2 1 0 0 0 1 1 1 1 2 4 4 5 5 5 5 5 3 2 2 2 1 1 0 0 0 0 0 0
 3 3 5 5 5 9 10 10 12 12 6 6 6 5 4 4 2 2 3 1 1 1 1 1 1 1 6 4 4 4 4 4 3 3 2 2 2 1 1 1 0 0 0 0 0 0
 3 3 5 5 5 9 10 10 12 12 6 6 6 5 4 4 2 2 3 1 1 1 1 1 1 1 6 4 4 4 4 4 3 3 2 2 2 1 1 1 0 0 0 0 0 0
 3 3 3 3 3 6 8 8 8 8 5 4 4 3 3 3 12 12 11 7 7 3 3 3 6 6 11 8 8 4 3 3 3 3 2 2 2 1 0 0 0 0 0 0 0 0
 3 3 3 3 3 6 8 8 8 8 5 4 4 3 3 3 12 12 11 7 7 3 3 3 6 6 11 8 8 4 3 3 3 3 2 2 2 1 0 0 0 0 0 0 0 0
 2 2 3 3 3 4 4 4 5 5 4 3 3 2 3 3 14 14 17 7 7 7 21 21 27 27 11 7 7 7 4 4 3 3 2 2 2 0 0 0 0 0 0 0 0 0
 1 1 1 2 2 4 3 3 2 2 2 3 3 2 2 2 15 15 17 13 13 7 6 6 20 20 20 7 7 4 4 4 4 4 7 1 1 0 0 0 0 0 0 0 0 0
 1 1 1 2 2 4 3 3 2 2 2 3 3 2 2 2 15 15 17 13 13 7 6 6 20 20 20 7 7 4 4 4 4 4 7 1 1 0 0 0 0 0 0 0 0 0
 0 0 1 1 1 2 2 2 2 2 2 3 3 3 2 2 2 2 4 2 2 7 4 4 4 4 3 5 5 1 2 2 2 2 1 0 0 0 0 0 0 0 0 0 0 0
 0 0 0 1 1 1 1 1 2 2 2 4 4 3 3 3 2 2 2 2 2 2 5 5 1 1 1 1 1 1 1 1 0 0 0 0 0 0 0 0 0 0 0 0 0 0
 0 0 0 1 1 1 1 1 2 2 2 4 4 3 3 3 2 2 2 2 2 2 5 5 1 1 1 1 1 1 1 1 0 0 0 0 0 0 0 0 0 0 0 0 0 0
 0 0 0 1 1 1 1 1 2 2 2 20 20 21 5 5 2 2 2 2 2 2 2 2 1 1 1 1 1 1 1 1 0 0 0 0 0 0 0 0 0 0 0 0 0 0
 0 0 0 1 1 1 1 1 2 2 2 20 20 21 5 5 2 2 2 2 2 2 2 2 1 1 1 1 1 1 1 1 0 0 0 0 0 0 0 0 0 0 0 0 0 0
 0 0 0 0 0 0 1 1 1 1 22 19 19 21 11 11 4 4 2 2 2 2 2 2 1 1 1 1 1 1 1 1 0 0 0 1 1 1 0 0 0 0 0 0 0 0
 0 0 0 0 0 0 1 1 1 1 1 2 2 6 11 11 3 3 2 2 2 1 1 1 1 1 1 1 1 1 0 0 0 0 0 0 0 1 1 1 0 0 0 0 0 0
 0 0 0 0 0 0 1 1 1 1 1 2 2 6 11 11 3 3 2 2 2 1 1 1 1 1 1 1 1 1 0 0 0 0 0 0 0 1 1 1 0 0 0 0 0 0
 0 0 0 0 0 0 1 1 1 1 1 1 1 2 2 2 3 3 2 1 1 1 1 1 1 1 1 1 1 1 1 1 0 0 0 0 0 0 0 0 0 0 0 0 0 0
 0 0 0 0 0 0 1 1 1 1 1 2 2 2 2 2 3 3 2 1 1 0 0 0 0 0 0 0 0 0 0 0 0 0 0 0 0 0 0 0 0 0 0 0 0 0
 0 0 0 0 0 0 1 1 1 1 1 2 2 2 2 2 3 3 2 1 1 0 0 0 0 0 0 0 0 0 0 0 0 0 0 0 0 0 0 0 0 0 0 0 0 0
 0 0 0 0 0 0 0 0 1 1 1 1 1 1 1 1 2 2 1 1 1 1 0 0 0 0 0 0 0 0 0 0 0 0 0 0 0 0 0 0 0 0 0 0 0 0
 0 0 0 0 0 0 0 0 1 1 1 1 1 1 1 1 2 2 1 1 1 1 0 0 0 0 0 0 0 0 0 0 0 0 0 0 0 0 0 0 0 0 0 0 0 0
 0 0 0 0 0 0 0 0 0 0 1 1 1 1 1 1 1 1 2 1 1 0 0 0 0 0 0 0 0 0 0 0 0 0 0 0 0 0 0 0 0 0 0 0 0 0
 0 0 0 0 0 0 0 0 0 0 0 0 0 0 0 0 0 0 1 0 0 0 0 0 0 0 0 0 0 0 0 0 0 0 0 0 0 0 0 0 0 0 0 0 0 0
 0 0 0 0 0 0 0 0 0 0 0 0 0 0 0 0 0 0 1 0 0 0 0 0 0 0 0 0 0 0 0 0 0 0 0 0 0 0 0 0 0 0 0 0 0 0
 0 0 0 0 0 0 0 0 0 0 0 0 0 0 0 0 0 0 1 1 1 0 0 0 0 0 0 0 0 0 0 0 0 0 0 0 0 0 0 0 0 0 0 0 0 0
 0 0 0 0 0 0 0 0 0 0 0 0 0 0 0 0 0 0 1 1 1 0 0 0 0 0 0 0 0 0 0 0 0 0 0 0 0 0 0 0 0 0 0 0 0 0
 0 0 0 0 0 0 0 0 0 0 0 0 0 0 0 0 0 0 1 1 1 0 0 0 0 0 0 0 0 0 0 0 0 0 0 0 0 0 0 0 0 0 0 0 0 0
 0 0 0 0 0 0 0 0 0 0 0 0 0 0 0 0 0 0 0 1 1 1 0 0 0 0 0 0 0 0 0 0 0 0 0 0 0 0 0 0 0 0 0 0 0 0
 0 0 0 0 0 0 0 0 0 0 0 0 0 0 0 0 0 0 0 1 1 1 0 0 0 0 0 0 0 0 0 0 0 0 0 0 0 0 0 0 0 0 0 0 0 0
 0 0 0 0 0 0 0 0 0 0 0 0 0 0 0 0 0 0 0 1 1 1 1 1 0 0 0 0 0 0 0 0 0 0 0 0 0 2 1 1 0 0 0 0 0 0
 0 0 0 0 0 0 0 0 0 0 0 0 0 0 0 0 0 0 0 0 0 1 1 1 1 1 0 0 0 0 0 0 0 0 0 0 0 1 1 1 0 0 0 0 0 0
 0 0 0 0 0 0 0 0 0 0 0 0 0 0 0 0 0 0 0 0 0 1 1 1 1 1 0 0 0 0 0 0 0 0 0 0 0 1 1 1 0 0 0 0 0 0
 0 0 0 0 0 0 0 0 0 0 0 0 0 0 0 0 0 0 0 0 0 1 1 1 1 1 0 0 0 0 5 5 2 2 0 0 0 2 2 2 0 0 0 0 0 0
 0 0 0 0 0 0 0 0 0 0 0 0 0 0 0 0 0 0 0 0 0 0 1 1 1 1 0 8 8 1 9 9 2 2 0 0 0 2 1 1 0 0 0 0 0 0
 0 0 0 0 0 0 0 0 0 0 0 0 0 0 0 0 0 0 0 0 0 0 1 1 1 1 0 8 8 1 9 9 2 2 0 0 0 2 1 1 0 0 0 0 0 0
 0 0 0 0 0 0 0 0 0 0 0 0 0 0 0 0 0 0 0 0 0 0 0 0 1 1 1 4 4 5 7 7 1 1 1 0 0 5 0 0 0 0 0 0 0 0
 0 0 0 0 0 0 0 0 0 0 0 0 0 0 0 0 0 0 0 0 0 0 0 0 1 1 1 4 4 5 7 7 1 1 1 0 0 5 0 0 0 0 0 0 0 0
 0 0 0 0 0 0 1 1 1 1 0 1 1 0 0 0 0 0 0 0 0 0 0 0 1 1 1 5 5 7 5 5 5 5 5 1 1 0 0 0 0 0 0 0 0 0
 0 0 0 0 0 0 0 0 1 1 1 1 1 0 0 0 0 0 0 0 0 0 0 0 1 1 6 8 8 8 26 26 89 89 50 8 8 4 3 3 0 0 0 0 0 0
 0 0 0 0 0 0 0 0 1 1 1 1 1 0 0 0 0 0 0 0 0 0 0 0 1 1 6 8 8 8 26 26 89 89 50 8 8 4 3 3 0 0 0 0 0 0
 0 0 0 0 0 0 0 0 1 1 0 0 0 0 0 0 0 0 0 0 0 0 0 0 2 2 3 4 4 104 18 18 20 20 52 12 12 3 2 2 1 1 0 0 0 0
 0 0 0 0 0 0 0 0 0 0 0 0 0 0 0 0 0 0 0 0 0 0 1 1 3 3 5 3 3 15 11 11 14 14 22 8 8 1 1 1 1 1 0 0 0 0
 0 0 0 0 0 0 0 0 0 0 0 0 0 0 0 0 0 0 0 0 0 0 1 1 3 3 5 3 3 15 11 11 14 14 22 8 8 1 1 1 1 1 0 0 0 0
 0 0 0 0 0 0 0 0 0 0 0 0 0 0 19 19 0 0 0 1 1 15 15 15 12 12 5 4 4 8 13 13 7 7 7 7 7 2 1 1 0 0 0 0 0 0
 0 0 0 0 0 0 0 0 0 0 0 0 0 0 19 19 0 0 0 1 1 15 15 15 12 12 5 4 4 8 13 13 7 7 7 7 7 2 1 1 0 0 0 0 0 0
 0 0 0 0 0 0 0 0 0 0 0 1 1 1 252 252 26 26 26 9 9 16 16 16 13 13 16 8 8 7 3 3 4 4 4 3 3 2 2 2 0 0 0 1 1 0
 0 0 0 0 0 0 0 0 1 1 2 7 7 8 253 253 275 275 234 21 21 21 13 13 12 12 15 7 7 4 7 7 4 4 3 2 2 2 1 1 0 0 2 1 1 0
 0 0 0 0 0 0 0 0 1 1 2 7 7 8 253 253 275 275 234 21 21 21 13 13 12 12 15 7 7 4 7 7 4 4 3 2 2 2 1 1 0 0 2 1 1 0
 0 0 0 0 0 0 1 1 1 1 2 3 3 30 275 275 276 276 234 21 21 22 26 26 27 27 26 12 12 7 7 7 4 4 6 2 2 2 1 1 0 0 0 0 0 0
 0 0 0 0 0 0 1 1 2 2 4 4 4 31 33 33 235 235 237 238 238 29 27 27 27 27 22 14 14 13 8 8 6 6 6 2 2 4 1 1 4 4 1 0 0 0
 0 0 0 0 0 0 1 1 2 2 4 4 4 31 33 33 235 235 237 238 238 29 27 27 27 27 22 14 14 13 8 8 6 6 6 2 2 4 1 1 4 4 1 0 0 0
 0 0 0 0 0 1 2 2 3 3 4 5 5 34 33 33 235 235 237 237 237 29 29 29 29 29 29 14 14 14 8 8 4 4 3 2 2 2 2 2 1 1 0 0 0 0
 0 0 0 0 0 1 2 2 3 3 4 5 5 34 33 33 235 235 237 237 237 29 29 29 29 29 29 14 14 14 8 8 4 4 3 2 2 2 2 2 1 1 0 0 0 0
 0 0 1 1 1 2 3 3 5 5 10 5 5 4 11 11 72 72 72 71 71 28 5 5 28 28 10 10 10 4 5 5 4 4 3 2 2 2 1 1 1 1 1 0 0 0
 0 0 1 3 3 5 2 2 7 7 7 8 8 8 11 11 71 71 2 10 10 5 4 4 1 1 10 10 10 3 3 3 3 3 3 5 5 5 1 1 1 1 1 0 0 0
 0 0 1 3 3 5 2 2 7 7 7 8 8 8 11 11 71 71 2 10 10 5 4 4 1 1 10 10 10 3 3 3 3 3 3 5 5 5 1 1 1 1 1 0 0 0
 1 1 3 4 4 5 5 5 13 13 13 6 6 6 1 1 2 2 1 10 10 1 2 2 2 2 2 1 1 1 2 2 2 2 5 6 6 6 11 11 1 1 1 0 0 0
 2 2 2 3 3 4 2 2 4 4 14 6 6 6 1 1 1 1 1 1 1 1 2 2 2 2 2 1 1 0 1 1 2 2 5 4 4 85 10 10 5 5 5 2 2 0
 2 2 2 3 3 4 2 2 4 4 14 6 6 6 1 1 1 1 1 1 1 1 2 2 2 2 2 1 1 0 1 1 2 2 5 4 4 85 10 10 5 5 5 2 2 0
 3 3 5 5 5 6 5 5 6 6 4 5 5 1 1 1 2 2 2 3 3 2 3 3 2 2 1 0 0 0 0 0 1 1 1 1 1 9 13 13 12 12 8 6 6 0
 3 3 5 5 5 6 5 5 6 6 4 5 5 1 1 1 2 2 2 3 3 2 3 3 2 2 1 0 0 0 0 0 1 1 1 1 1 9 13 13 12 12 8 6 6 0
 3 3 6 9 9 8 11 11 8 8 7 7 7 4 2 2 3 3 2 3 3 2 3 3 51 51 1 0 0 0 0 0 0 0 2 1 1 5 8 8 10 10 10 7 7 2
 4 4 5 11 11 13 16 16 13 13 12 9 9 7 4 4 3 3 3 4 4 2 53 53 52 52 1 1 1 0 0 0 0 0 0 0 0 4 7 7 12 12 18 7 7 2
 4 4 5 11 11 13 16 16 13 13 12 9 9 7 4 4 3 3 3 4 4 2 53 53 52 52 1 1 1 0 0 0 0 0 0 0 0 4 7 7 12 12 18 7 7 2
 6 6 12 19 19 17 20 20 17 17 16 12 12 15 7 7 4 4 4 3 3 2 2 2 56 56 2 1 1 1 1 1 1 1 1 1 1 1 5 5 9 9 5 2 2 2
 6 6 15 26 26 18 23 23 18 18 24 14 14 25 10 10 7 7 4 3 3 2 2 2 55 55 2 1 1 1 1 1 1 1 1 1 1 1 2 2 4 4 6 1 1 1
