assets/RAT_results_old/precipitation/2020-05-18_IMERG.asc
ncols        46
nrows        77
xllcorner    74.800261325624
yllcorner    8.058333333333
cellsize     0.062500000000
NODATA_value -9999
 94 94 77 49 49 44 53 53 15 15 16 18 18 6 6 6 5 5 4 4 4 1 1 1 0 0 1 2 2 2 1 1 1 1 1 1 1 2 2 2 2 2 2 2 2 2
 87 87 77 61 61 52 48 48 17 17 17 20 20 10 9 9 8 8 4 4 4 3 1 1 1 1 3 5 5 2 2 2 2 2 2 2 2 2 3 3 4 4 5 6 6 7
 87 87 77 61 61 52 48 48 17 17 17 20 20 10 9 9 8 8 4 4 4 3 1 1 1 1 3 5 5 2 2 2 2 2 2 2 2 2 3 3 4 4 5 6 6 7
 98 98 78 59 59 58 48 48 26 26 19 14 14 11 10 10 11 11 9 9 9 4 2 2 1 1 1 2 2 1 1 1 2 2 2 2 2 2 4 4 4 4 6 8 8 10
 112 112 63 46 46 68 46 46 35 35 23 19 19 14 13 13 14 14 13 9 9 7 2 2 1 1 1 1 1 1 1 1 1 1 1 1 1 1 2 2 4 4 6 8 8 11
 112 112 63 46 46 68 46 46 35 35 23 19 19 14 13 13 14 14 13 9 9 7 2 2 1 1 1 1 1 1 1 1 1 1 1 1 1 1 2 2 4 4 6 8 8 11
 95 95 70 39 39 39 35 35 29 29 22 24 24 18 15 15 14 14 13 9 9 8 6 6 1 1 1 1 1 1 1 1 1 1 1 1 1 1 1 1 2 2 3 5 5 8
 95 95 70 39 39 39 35 35 29 29 22 24 24 18 15 15 14 14 13 9 9 8 6 6 1 1 1 1 1 1 1 1 1 1 1 1 1 1 1 1 2 2 3 5 5 8
 80 80 72 34 34 38 41 41 41 41 31 29 29 19 23 23 23 23 18 7 7 6 1 1 0 0 1 1 1 3 2 2 2 2 2 1 1 1 1 1 1 1 2 3 3 4
 77 77 70 35 35 40 43 43 36 36 31 28 28 22 20 20 19 19 13 5 5 5 1 1 0 0 0 1 1 1 1 1 2 2 2 2 2 1 1 1 1 1 1 1 1 2
 77 77 70 35 35 40 43 43 36 36 31 28 28 22 20 20 19 19 13 5 5 5 1 1 0 0 0 1 1 1 1 1 2 2 2 2 2 1 1 1 1 1 1 1 1 2
 78 78 64 46 46 40 39 39 30 30 28 24 24 22 22 22 17 17 14 4 4 2 1 1 1 1 0 1 1 1 1 1 1 1 2 2 2 2 1 1 1 1 1 1 1 1
 92 92 56 34 34 26 28 28 21 21 27 19 19 19 14 14 10 10 7 4 4 1 1 1 0 0 0 0 0 1 1 1 2 2 2 3 3 2 2 2 2 2 1 1 1 1
 92 92 56 34 34 26 28 28 21 21 27 19 19 19 14 14 10 10 7 4 4 1 1 1 0 0 0 0 0 1 1 1 2 2 2 3 3 2 2 2 2 2 1 1 1 1
 90 90 49 31 31 29 22 22 20 20 16 12 12 12 12 12 7 7 4 4 4 1 0 0 0 0 0 0 0 1 1 1 2 2 2 3 3 2 2 2 1 1 1 1 1 1
 90 90 49 31 31 29 22 22 20 20 16 12 12 12 12 12 7 7 4 4 4 1 0 0 0 0 0 0 0 1 1 1 2 2 2 3 3 2 2 2 1 1 1 1 1 1
 91 91 46 52 52 23 18 18 22 22 16 12 12 12 11 11 4 4 3 2 2 1 0 0 0 0 0 0 0 1 2 2 2 2 1 2 2 2 1 1 1 1 1 1 1 1
 84 84 42 30 30 26 25 25 19 19 14 10 10 10 4 4 3 3 2 1 1 0 0 0 0 0 0 0 0 1 1 1 1 1 1 2 2 2 1 1 1 1 1 1 1 1
 84 84 42 30 30 26 25 25 19 19 14 10 10 10 4 4 3 3 2 1 1 0 0 0 0 0 0 0 0 1 1 1 1 1 1 2 2 2 1 1 1 1 1 1 1 1
 66 66 42 63 63 23 19 19 19 19 15 9 9 9 5 5 3 3 1 1 1 0 0 0 0 0 1 0 0 1 1 1 1 1 1 1 1 1 1 1 0 0 0 0 0 0
 53 53 47 52 52 16 15 15 17 17 11 7 7 5 2 2 1 1 1 1 1 1 0 0 0 0 0 1 1 1 1 1 1 1 1 1 1 1 0 0 0 0 0 0 0 0
 53 53 47 52 52 16 15 15 17 17 11 7 7 5 2 2 1 1 1 1 1 1 0 0 0 0 0 1 1 1 1 1 1 1 1 1 1 1 0 0 0 0 0 0 0 0
 44 44 37 38 38 24 16 16 13 13 6 4 4 4 2 2 1 1 1 1 1 1 0 0 0 0 0 1 1 2 1 1 0 0 0 0 0 1 0 0 0 0 1 1 1 1
 44 44 37 38 38 24 16 16 13 13 6 4 4 4 2 2 1 1 1 1 1 1 0 0 0 0 0 1 1 2 1 1 0 0 0 0 0 1 0 0 0 0 1 1 1 1
 35 35 34 23 23 19 18 18 9 9 1 1 1 3 3 3 2 2 1 1 1 1 0 0 0 0 0 1 1 0 0 0 0 0 0 1 1 1 1 1 0 0 0 0 0 1
 32 32 31 24 24 18 12 12 2 2 0 1 1 1 4 4 4 4 1 0 0 0 1 1 1 1 0 0 0 1 0 0 0 0 0 0 0 1 1 1 1 1 0 1 1 1
 32 32 31 24 24 18 12 12 2 2 0 1 1 1 4 4 4 4 1 0 0 0 1 1 1 1 0 0 0 1 0 0 0 0 0 0 0 1 1 1 1 1 0 1 1 1
 29 29 24 18 18 14 11 11 1 1 0 1 1 1 1 1 3 3 1 1 1 1 1 1 1 1 1 1 1 1 0 0 0 0 0 0 0 1 1 1 1 1 1 1 1 1
 27 27 22 14 14 16 11 11 1 1 1 0 0 1 1 1 1 1 1 1 1 2 1 1 1 1 0 0 0 0 0 0 0 0 0 0 0 0 0 0 0 0 1 1 1 1
 27 27 22 14 14 16 11 11 1 1 1 0 0 1 1 1 1 1 1 1 1 2 1 1 1 1 0 0 0 0 0 0 0 0 0 0 0 0 0 0 0 0 1 1 1 1
 24 24 20 15 15 16 11 11 2 2 2 1 1 0 0 0 5 5 1 1 1 1 1 1 1 1 0 0 0 0 0 0 0 0 0 0 0 0 0 0 0 0 0 1 1 2
 24 24 20 15 15 16 11 11 2 2 2 1 1 0 0 0 5 5 1 1 1 1 1 1 1 1 0 0 0 0 0 0 0 0 0 0 0 0 0 0 0 0 0 1 1 2
 21 21 18 13 13 10 6 6 3 3 3 1 1 0 1 1 5 5 1 1 1 0 0 0 1 1 0 0 0 0 0 0 0 0 0 0 0 0 0 0 0 0 1 1 1 1
 19 19 15 10 10 8 2 2 2 2 3 1 1 1 1 1 1 1 3 1 1 0 0 0 0 0 0 0 0 0 0 0 0 0 0 0 0 0 1 1 1 1 1 2 2 2
 19 19 15 10 10 8 2 2 2 2 3 1 1 1 1 1 1 1 3 1 1 0 0 0 0 0 0 0 0 0 0 0 0 0 0 0 0 0 1 1 1 1 1 2 2 2
 17 17 14 6 6 8 3 3 3 3 2 2 2 2 2 2 15 15 16 11 11 1 1 1 0 0 0 0 0 0 0 0 0 0 0 0 0 0 0 0 1 1 1 2 2 2
 17 17 13 4 4 4 5 5 5 5 11 4 4 3 3 3 17 17 15 12 12 4 2 2 0 0 0 0 0 0 0 0 0 0 0 1 1 0 0 0 0 0 0 1 1 1
 17 17 13 4 4 4 5 5 5 5 11 4 4 3 3 3 17 17 15 12 12 4 2 2 0 0 0 0 0 0 0 0 0 0 0 1 1 0 0 0 0 0 0 1 1 1
 19 19 14 12 12 5 6 6 6 6 12 11 11 11 8 8 16 16 14 18 18 15 4 4 1 1 0 0 0 0 0 0 0 0 1 1 1 1 0 0 1 1 1 1 1 1
 19 19 14 12 12 5 6 6 6 6 12 11 11 11 8 8 16 16 14 18 18 15 4 4 1 1 0 0 0 0 0 0 0 0 1 1 1 1 0 0 1 1 1 1 1 1
 20 20 14 11 11 5 5 5 5 5 15 14 14 11 11 11 11 11 20 21 21 14 5 5 1 1 1 1 1 1 2 2 1 1 2 2 2 1 0 0 1 1 2 2 2 2
 20 20 16 16 16 11 10 10 5 5 13 13 13 11 18 18 21 21 20 21 21 15 7 7 4 4 7 5 5 3 2 2 1 1 1 2 2 2 0 0 1 1 2 2 2 1
 20 20 16 16 16 11 10 10 5 5 13 13 13 11 18 18 21 21 20 21 21 15 7 7 4 4 7 5 5 3 2 2 1 1 1 2 2 2 0 0 1 1 2 2 2 1
 23 23 19 19 19 12 10 10 9 9 5 4 4 3 7 7 16 16 12 20 20 22 10 10 11 11 13 8 8 7 4 4 3 3 1 1 1 1 0 0 1 1 1 1 1 1
 26 26 27 23 23 25 18 18 20 20 10 6 6 5 7 7 7 7 13 26 26 25 18 18 18 18 21 9 9 9 6 6 5 5 5 2 2 0 1 1 1 1 1 1 1 1
 26 26 27 23 23 25 18 18 20 20 10 6 6 5 7 7 7 7 13 26 26 25 18 18 18 18 21 9 9 9 6 6 5 5 5 2 2 0 1 1 1 1 1 1 1 1
 31 31 32 36 36 29 30 30 30 30 14 11 11 6 8 8 7 7 15 20 20 26 31 31 31 31 24 12 12 5 5 5 4 4 5 4 4 1 0 0 0 0 0 1 1 1
 31 31 32 36 36 29 30 30 30 30 14 11 11 6 8 8 7 7 15 20 20 26 31 31 31 31 24 12 12 5 5 5 4 4 5 4 4 1 0 0 0 0 0 1 1 1
 28 28 32 38 38 31 32 32 31 31 27 20 20 17 10 10 11 11 16 16 16 31 32 32 25 25 21 10 10 6 5 5 2 2 3 3 3 1 0 0 0 0 0 0 0 0
 29 29 32 35 35 37 33 33 37 37 25 24 24 20 15 15 15 15 10 11 11 30 28 28 30 30 15 12 12 9 4 4 2 2 2 2 2 1 0 0 0 0 0 0 0 0
 29 29 32 35 35 37 33 33 37 37 25 24 24 20 15 15 15 15 10 11 11 30 28 28 30 30 15 12 12 9 4 4 2 2 2 2 2 1 0 0 0 0 0 0 0 0
 34 34 39 50 50 42 30 30 28 28 23 42 42 34 31 31 15 15 14 16 16 35 40 40 31 31 20 11 11 13 2 2 2 2 2 1 1 0 1 1 1 1 1 0 0 0
 40 40 52 49 49 46 31 31 26 26 21 46 46 42 36 36 21 21 20 20 20 27 41 41 39 39 20 14 14 16 6 6 8 8 1 1 1 1 1 1 1 1 1 0 0 0
 40 40 52 49 49 46 31 31 26 26 21 46 46 42 36 36 21 21 20 20 20 27 41 41 39 39 20 14 14 16 6 6 8 8 1 1 1 1 1 1 1 1 1 0 0 0
 67 67 66 70 70 68 60 60 29 29 29 27 27 26 21 21 11 11 9 18 18 22 20 20 22 22 16 14 14 18 10 10 6 6 5 2 2 1 1 1 1 1 1 1 1 1
 67 67 66 70 70 68 60 60 29 29 29 27 27 26 21 21 11 11 9 18 18 22 20 20 22 22 16 14 14 18 10 10 6 6 5 2 2 1 1 1 1 1 1 1 1 1
 47 47 61 71 71 62 52 52 32 32 31 21 21 14 18 18 13 13 10 7 7 8 4 4 17 17 19 13 13 13 13 13 12 12 8 2 2 3 2 2 1 1 1 1 1 2
 50 50 52 61 61 59 59 59 37 37 29 16 16 16 18 18 9 9 2 8 8 14 18 18 19 19 13 12 12 13 14 14 11 11 12 4 4 2 1 1 1 1 2 2 2 3
 50 50 52 61 61 59 59 59 37 37 29 16 16 16 18 18 9 9 2 8 8 14 18 18 19 19 13 12 12 13 14 14 11 11 12 4 4 2 1 1 1 1 2 2 2 3
 40 40 38 47 47 38 48 48 33 33 29 15 15 15 16 16 9 9 11 6 6 10 22 22 24 24 16 14 14 13 14 14 13 13 12 7 7 7 1 1 2 2 4 4 4 3
 42 42 36 41 41 41 39 39 32 32 30 16 16 16 11 11 10 10 10 6 6 10 17 17 30 30 17 19 19 14 7 7 6 6 5 2 2 2 1 1 2 2 4 3 3 2
 42 42 36 41 41 41 39 39 32 32 30 16 16 16 11 11 10 10 10 6 6 10 17 17 30 30 17 19 19 14 7 7 6 6 5 2 2 2 1 1 2 2 4 3 3 2
 42 42 35 33 33 36 35 35 29 29 18 18 18 16 10 10 12 12 12 10 10 10 23 23 25 25 19 17 17 12 7 7 5 5 5 1 1 1 1 1 2 2 2 2 2 2
 42 42 35 33 33 36 35 35 29 29 18 18 18 16 10 10 12 12 12 10 10 10 23 23 25 25 19 17 17 12 7 7 5 5 5 1 1 1 1 1 2 2 2 2 2 2
 48 48 38 30 30 29 33 33 32 32 29 23 23 21 15 15 15 15 13 13 13 8 15 15 21 21 23 21 21 20 10 10 6 6 2 2 2 2 2 2 2 2 2 1 1 1
 50 50 46 41 41 35 32 32 32 32 22 23 23 20 17 17 15 15 16 14 14 10 6 6 20 20 33 22 22 17 16 16 8 8 4 4 4 5 4 4 2 2 1 1 1 1
 50 50 46 41 41 35 32 32 32 32 22 23 23 20 17 17 15 15 16 14 14 10 6 6 20 20 33 22 22 17 16 16 8 8 4 4 4 5 4 4 2 2 1 1 1 1
 51 51 48 44 44 41 30 30 27 27 22 22 22 21 23 23 19 19 16 15 15 8 9 9 10 10 26 25 25 14 18 18 10 10 6 9 9 11 5 5 2 2 1 2 2 2
 39 39 52 47 47 42 34 34 32 32 25 18 18 17 17 17 19 19 19 13 13 11 9 9 12 12 43 34 34 27 20 20 17 17 16 13 13 7 3 3 1 1 2 3 3 3
 39 39 52 47 47 42 34 34 32 32 25 18 18 17 17 17 19 19 19 13 13 11 9 9 12 12 43 34 34 27 20 20 17 17 16 13 13 7 3 3 1 1 2 3 3 3
 32 32 44 54 54 50 48 48 31 31 29 19 19 19 21 21 20 20 15 17 17 14 15 15 19 19 20 15 15 18 18 18 22 22 12 10 10 4 2 2 2 2 2 2 2 4
 32 32 44 54 54 50 48 48 31 31 29 19 19 19 21 21 20 20 15 17 17 14 15 15 19 19 20 15 15 18 18 18 22 22 12 10 10 4 2 2 2 2 2 2 2 4
 32 32 36 48 48 54 52 52 46 46 37 26 26 23 19 19 21 21 14 15 15 14 14 14 17 17 16 10 10 10 12 12 19 19 17 11 11 12 8 8 3 3 1 1 1 1
 29 29 33 41 41 50 52 52 50 50 41 31 31 29 22 22 32 32 22 19 19 14 11 11 11 11 14 16 16 9 6 6 14 14 13 13 13 13 4 4 5 5 1 1 1 4
 29 29 33 41 41 50 52 52 50 50 41 31 31 29 22 22 32 32 22 19 19 14 11 11 11 11 14 16 16 9 6 6 14 14 13 13 13 13 4 4 5 5 1 1 1 4
 29 29 34 37 37 42 41 41 41 41 39 35 35 29 26 26 33 33 30 28 28 22 19 19 18 18 15 21 21 16 7 7 11 11 13 11 11 14 11 11 8 8 6 8 8 5
 25 25 33 35 35 38 40 40 39 39 40 40 40 35 34 34 35 35 31 38 38 38 20 20 18 18 14 15 15 14 6 6 3 3 4 2 2 9 12 12 8 8 8 6 6 5
