assets/RAT_results_old/precipitation/2020-07-04_IMERG.asc
ncols        46
nrows        77
xllcorner    74.800261325624
yllcorner    8.058333333333
cellsize     0.062500000000
NODATA_value -9999
 51 51 54 54 54 51 54 54 42 42 35 26 26 27 23 23 14 14 13 9 9 4 5 5 1 1 1 1 1 1 1 1 1 1 0 0 0 0 0 0 0 0 0 0 0 0
 40 40 44 41 41 42 51 51 49 49 39 28 28 14 10 10 10 10 9 5 5 3 2 2 2 2 1 1 1 0 0 0 0 0 0 0 0 0 0 0 0 0 1 0 0 0
 40 40 44 41 41 42 51 51 49 49 39 28 28 14 10 10 10 10 9 5 5 3 2 2 2 2 1 1 1 0 0 0 0 0 0 0 0 0 0 0 0 0 1 0 0 0
 37 37 35 35 35 41 36 36 46 46 35 34 34 13 12 12 10 10 4 3 3 2 2 2 1 1 1 0 0 0 0 0 0 0 0 0 0 1 1 1 1 1 0 0 0 0
 22 22 29 33 33 33 40 40 59 59 39 37 37 22 15 15 9 9 4 3 3 1 1 1 1 1 0 0 0 0 0 0 0 0 1 1 1 1 2 2 1 1 0 0 0 1
 22 22 29 33 33 33 40 40 59 59 39 37 37 22 15 15 9 9 4 3 3 1 1 1 1 1 0 0 0 0 0 0 0 0 1 1 1 1 2 2 1 1 0 0 0 1
 27 27 26 42 42 61 57 57 31 31 35 34 34 26 7 7 6 6 2 2 2 1 2 2 1 1 1 1 1 2 1 1 1 1 1 1 1 1 1 1 0 0 0 0 0 0
 27 27 26 42 42 61 57 57 31 31 35 34 34 26 7 7 6 6 2 2 2 1 2 2 1 1 1 1 1 2 1 1 1 1 1 1 1 1 1 1 0 0 0 0 0 0
 27 27 40 53 53 73 52 52 29 29 33 36 36 33 13 13 7 7 4 5 5 4 2 2 1 1 1 1 1 1 1 1 1 1 0 0 0 0 1 1 0 0 0 0 0 1
 23 23 35 40 40 46 42 42 37 37 35 32 32 25 21 21 9 9 6 4 4 5 4 4 3 3 2 1 1 1 1 1 1 1 0 0 0 0 1 1 1 1 0 1 1 1
 23 23 35 40 40 46 42 42 37 37 35 32 32 25 21 21 9 9 6 4 4 5 4 4 3 3 2 1 1 1 1 1 1 1 0 0 0 0 1 1 1 1 0 1 1 1
 29 29 30 26 26 44 55 55 32 32 44 25 25 27 14 14 12 12 8 5 5 4 4 4 3 3 4 1 1 1 1 1 1 1 1 0 0 1 1 1 1 1 1 1 1 1
 16 16 25 30 30 36 43 43 41 41 31 20 20 16 10 10 8 8 7 6 6 6 4 4 3 3 2 2 2 1 1 1 1 1 1 1 1 1 2 2 2 2 3 2 2 3
 16 16 25 30 30 36 43 43 41 41 31 20 20 16 10 10 8 8 7 6 6 6 4 4 3 3 2 2 2 1 1 1 1 1 1 1 1 1 2 2 2 2 3 2 2 3
 15 15 24 29 29 29 31 31 38 38 29 15 15 11 6 6 6 6 6 3 3 2 3 3 2 2 2 1 1 1 1 1 1 1 1 2 2 2 3 3 3 3 4 5 5 4
 15 15 24 29 29 29 31 31 38 38 29 15 15 11 6 6 6 6 6 3 3 2 3 3 2 2 2 1 1 1 1 1 1 1 1 2 2 2 3 3 3 3 4 5 5 4
 4 4 5 6 6 13 13 13 16 16 25 17 17 10 7 7 2 2 5 1 1 1 1 1 2 2 1 1 1 1 1 1 2 2 2 3 3 3 5 5 4 4 3 3 3 5
 4 4 4 3 3 7 15 15 9 9 17 15 15 21 21 21 7 7 5 1 1 1 3 3 3 3 2 1 1 1 2 2 2 2 2 3 3 3 4 4 4 4 2 2 2 4
 4 4 4 3 3 7 15 15 9 9 17 15 15 21 21 21 7 7 5 1 1 1 3 3 3 3 2 1 1 1 2 2 2 2 2 3 3 3 4 4 4 4 2 2 2 4
 6 6 3 3 3 4 13 13 10 10 11 13 13 16 28 28 5 5 5 3 3 3 4 4 6 6 2 1 1 2 3 3 3 3 3 2 2 3 3 3 2 2 2 2 2 2
 8 8 12 12 12 25 5 5 9 9 11 4 4 5 4 4 4 4 5 5 5 8 3 3 2 2 4 5 5 3 3 3 3 3 2 2 2 3 3 3 3 3 3 3 3 3
 8 8 12 12 12 25 5 5 9 9 11 4 4 5 4 4 4 4 5 5 5 8 3 3 2 2 4 5 5 3 3 3 3 3 2 2 2 3 3 3 3 3 3 3 3 3
 13 13 11 12 12 25 6 6 4 4 5 4 4 3 3 3 2 2 5 7 7 6 5 5 2 2 3 3 3 5 4 4 3 3 3 3 3 3 3 3 3 3 4 4 4 3
 13 13 11 12 12 25 6 6 4 4 5 4 4 3 3 3 2 2 5 7 7 6 5 5 2 2 3 3 3 5 4 4 3 3 3 3 3 3 3 3 3 3 4 4 4 3
 13 13 9 7 7 8 6 6 7 7 7 5 5 5 5 5 9 9 1 1 1 2 1 1 2 2 2 3 3 4 3 3 3 3 3 3 3 3 3 3 3 3 3 2 2 2
 6 6 6 4 4 8 6 6 8 8 12 8 8 9 8 8 9 9 2 1 1 1 1 1 1 1 2 3 3 3 3 3 3 3 4 4 4 3 3 3 3 3 2 2 2 1
 6 6 6 4 4 8 6 6 8 8 12 8 8 9 8 8 9 9 2 1 1 1 1 1 1 1 2 3 3 3 3 3 3 3 4 4 4 3 3 3 3 3 2 2 2 1
 4 4 4 4 4 4 6 6 7 7 12 8 8 12 11 11 10 10 4 3 3 2 1 1 1 1 2 3 3 3 3 3 3 3 3 3 3 2 2 2 2 2 2 1 1 1
 2 2 2 2 2 2 4 4 4 4 6 7 7 13 19 19 12 12 10 22 22 5 4 4 2 2 2 3 3 2 2 2 2 2 3 2 2 2 2 2 1 1 1 1 1 1
 2 2 2 2 2 2 4 4 4 4 6 7 7 13 19 19 12 12 10 22 22 5 4 4 2 2 2 3 3 2 2 2 2 2 3 2 2 2 2 2 1 1 1 1 1 1
 2 2 2 1 1 2 2 2 3 3 6 5 5 10 18 18 13 13 15 29 29 8 2 2 3 3 2 2 2 2 2 2 2 2 2 2 2 1 1 1 1 1 1 1 1 0
 2 2 2 1 1 2 2 2 3 3 6 5 5 10 18 18 13 13 15 29 29 8 2 2 3 3 2 2 2 2 2 2 2 2 2 2 2 1 1 1 1 1 1 1 1 0
 7 7 1 13 13 1 1 1 3 3 8 7 7 10 11 11 12 12 14 21 21 8 3 3 3 3 8 6 6 5 8 8 9 9 1 1 1 1 1 1 1 1 1 0 0 0
 6 6 14 31 31 1 2 2 2 2 7 7 7 8 8 8 6 6 10 7 7 12 9 9 4 4 6 5 5 7 9 9 13 13 19 6 6 0 0 0 0 0 0 0 0 0
 6 6 14 31 31 1 2 2 2 2 7 7 7 8 8 8 6 6 10 7 7 12 9 9 4 4 6 5 5 7 9 9 13 13 19 6 6 0 0 0 0 0 0 0 0 0
 6 6 21 38 38 19 9 9 4 4 6 5 5 7 7 7 6 6 8 7 7 21 16 16 4 4 6 6 6 12 13 13 11 11 3 3 3 0 0 0 2 2 0 0 0 0
 24 24 2 21 21 2 2 2 4 4 5 4 4 9 8 8 5 5 6 16 16 23 23 23 11 11 9 7 7 12 10 10 7 7 3 1 1 0 0 0 0 0 0 0 0 0
 24 24 2 21 21 2 2 2 4 4 5 4 4 9 8 8 5 5 6 16 16 23 23 23 11 11 9 7 7 12 10 10 7 7 3 1 1 0 0 0 0 0 0 0 0 0
 2 2 2 3 3 3 2 2 3 3 3 4 4 7 11 11 8 8 8 8 8 11 15 15 11 11 7 9 9 11 9 9 8 8 5 3 3 1 0 0 0 0 0 0 0 0
 2 2 2 3 3 3 2 2 3 3 3 4 4 7 11 11 8 8 8 8 8 11 15 15 11 11 7 9 9 11 9 9 8 8 5 3 3 1 0 0 0 0 0 0 0 0
 2 2 2 2 2 3 2 2 2 2 2 4 4 6 11 11 7 7 5 11 11 16 23 23 5 5 4 8 8 10 13 13 6 6 7 6 6 3 0 0 1 1 1 0 0 0
 2 2 2 1 1 2 1 1 1 1 1 2 2 3 7 7 7 7 4 7 7 8 24 24 6 6 4 9 9 8 9 9 7 7 9 8 8 5 1 1 1 1 0 0 0 0
 2 2 2 1 1 2 1 1 1 1 1 2 2 3 7 7 7 7 4 7 7 8 24 24 6 6 4 9 9 8 9 9 7 7 9 8 8 5 1 1 1 1 0 0 0 0
 4 4 1 1 1 2 2 2 1 1 2 2 2 2 4 4 5 5 2 5 5 16 22 22 22 22 6 4 4 9 10 10 12 12 9 7 7 3 1 1 1 1 2 2 2 0
 5 5 1 1 1 3 2 2 2 2 3 2 2 2 3 3 2 2 2 9 9 12 17 17 9 9 10 7 7 9 11 11 43 43 19 2 2 2 1 1 1 1 0 0 0 1
 5 5 1 1 1 3 2 2 2 2 3 2 2 2 3 3 2 2 2 9 9 12 17 17 9 9 10 7 7 9 11 11 43 43 19 2 2 2 1 1 1 1 0 0 0 1
 2 2 1 1 1 3 3 3 3 3 2 2 2 2 2 2 1 1 2 9 9 13 11 11 9 9 13 4 4 9 8 8 22 22 3 1 1 1 1 1 1 1 1 1 1 1
 2 2 1 1 1 3 3 3 3 3 2 2 2 2 2 2 1 1 2 9 9 13 11 11 9 9 13 4 4 9 8 8 22 22 3 1 1 1 1 1 1 1 1 1 1 1
 1 1 1 2 2 2 2 2 3 3 3 2 2 2 3 3 4 4 2 9 9 10 6 6 6 6 6 9 9 7 6 6 2 2 1 1 1 1 1 1 1 1 2 2 2 2
 1 1 1 2 2 3 3 3 2 2 2 1 1 1 6 6 4 4 1 14 14 15 11 11 13 13 12 18 18 5 4 4 1 1 2 2 2 2 2 2 2 2 3 3 3 2
 1 1 1 2 2 3 3 3 2 2 2 1 1 1 6 6 4 4 1 14 14 15 11 11 13 13 12 18 18 5 4 4 1 1 2 2 2 2 2 2 2 2 3 3 3 2
 1 1 1 3 3 3 2 2 2 2 1 1 1 1 2 2 5 5 3 0 0 15 11 11 12 12 6 7 7 6 3 3 2 2 2 3 3 2 2 2 2 2 2 2 2 1
 1 1 1 2 2 2 1 1 1 1 1 1 1 1 2 2 7 7 1 1 1 12 13 13 15 15 8 7 7 8 4 4 3 3 4 3 3 3 1 1 1 1 1 1 1 0
 1 1 1 2 2 2 1 1 1 1 1 1 1 1 2 2 7 7 1 1 1 12 13 13 15 15 8 7 7 8 4 4 3 3 4 3 3 3 1 1 1 1 1 1 1 0
 1 1 2 2 2 2 1 1 1 1 1 1 1 1 2 2 4 4 2 3 3 3 5 5 4 4 6 8 8 3 3 3 3 3 2 2 2 2 2 2 0 0 0 0 0 0
 1 1 2 2 2 2 1 1 1 1 1 1 1 1 2 2 4 4 2 3 3 3 5 5 4 4 6 8 8 3 3 3 3 3 2 2 2 2 2 2 0 0 0 0 0 0
 1 1 2 2 2 2 1 1 1 1 1 1 1 1 3 3 2 2 1 2 2 2 4 4 4 4 4 3 3 3 6 6 3 3 1 0 0 1 1 1 1 1 0 0 0 0
 2 2 3 3 3 1 1 1 1 1 1 1 1 1 2 2 1 1 1 1 1 1 3 3 2 2 3 2 2 1 12 12 2 2 2 0 0 1 1 1 1 1 0 0 0 0
 2 2 3 3 3 1 1 1 1 1 1 1 1 1 2 2 1 1 1 1 1 1 3 3 2 2 3 2 2 1 12 12 2 2 2 0 0 1 1 1 1 1 0 0 0 0
 2 2 3 3 3 1 1 1 0 0 0 0 0 1 2 2 1 1 1 2 2 1 1 1 1 1 2 1 1 0 0 0 0 0 0 0 0 1 0 0 1 1 0 0 0 0
 4 4 3 3 3 1 1 1 0 0 0 1 1 2 1 1 0 0 0 1 1 1 1 1 1 1 1 2 2 1 0 0 0 0 0 0 0 0 1 1 1 1 1 1 1 1
 4 4 3 3 3 1 1 1 0 0 0 1 1 2 1 1 0 0 0 1 1 1 1 1 1 1 1 2 2 1 0 0 0 0 0 0 0 0 1 1 1 1 1 1 1 1
 4 4 5 5 5 2 1 1 0 0 1 1 1 1 0 0 0 0 0 0 0 1 1 1 2 2 1 2 2 1 3 3 0 0 0 2 2 2 2 2 2 2 0 1 1 1
 4 4 5 5 5 2 1 1 0 0 1 1 1 1 0 0 0 0 0 0 0 1 1 1 2 2 1 2 2 1 3 3 0 0 0 2 2 2 2 2 2 2 0 1 1 1
 4 4 4 2 2 1 2 2 1 1 1 0 0 0 0 0 0 0 0 0 0 1 2 2 2 2 5 5 5 4 4 4 0 0 0 0 0 2 2 2 2 2 0 0 0 0
 4 4 4 1 1 2 1 1 2 2 1 0 0 0 0 0 0 0 17 0 0 2 4 4 0 0 4 5 5 7 5 5 3 3 3 2 2 2 0 0 0 0 0 0 0 0
 4 4 4 1 1 2 1 1 2 2 1 0 0 0 0 0 0 0 17 0 0 2 4 4 0 0 4 5 5 7 5 5 3 3 3 2 2 2 0 0 0 0 0 0 0 0
 4 4 4 2 2 2 3 3 8 8 7 1 1 0 1 1 0 0 17 19 19 18 3 3 0 0 1 10 10 6 6 6 4 4 6 11 11 11 1 1 1 1 1 0 0 0
 2 2 3 1 1 2 1 1 4 4 2 1 1 0 1 1 1 1 1 4 4 3 1 1 0 0 0 1 1 2 6 6 8 8 7 0 0 11 1 1 1 1 0 0 0 0
 2 2 3 1 1 2 1 1 4 4 2 1 1 0 1 1 1 1 1 4 4 3 1 1 0 0 0 1 1 2 6 6 8 8 7 0 0 11 1 1 1 1 0 0 0 0
 2 2 1 1 1 1 1 1 1 1 1 1 1 0 0 0 0 0 1 2 2 2 2 2 0 0 0 0 0 1 6 6 1 1 3 2 2 2 1 1 0 0 0 1 1 0
 2 2 1 1 1 1 1 1 1 1 1 1 1 0 0 0 0 0 1 2 2 2 2 2 0 0 0 0 0 1 6 6 1 1 3 2 2 2 1 1 0 0 0 1 1 0
 1 1 1 2 2 2 2 2 1 1 0 0 0 0 0 0 1 1 1 2 2 3 2 2 0 0 0 0 0 0 1 1 1 1 3 3 3 1 1 1 0 0 0 0 0 0
 1 1 1 1 1 1 1 1 0 0 0 0 0 0 0 0 0 0 1 3 3 4 3 3 1 1 0 0 0 1 1 1 1 1 2 2 2 1 1 1 1 1 1 0 0 0
 1 1 1 1 1 1 1 1 0 0 0 0 0 0 0 0 0 0 1 3 3 4 3 3 1 1 0 0 0 1 1 1 1 1 2 2 2 1 1 1 1 1 1 0 0 0
 1 1 0 0 0 0 0 0 1 1 1 1 1 1 0 0 1 1 1 3 3 4 2 2 2 2 1 0 0 1 1 1 1 1 2 2 2 3 3 3 2 2 1 1 1 3
 0 0 0 0 0 0 0 0 1 1 1 1 1 1 2 2 2 2 3 3 3 2 1 1 1 1 1 1 1 1 1 1 2 2 2 2 2 3 2 2 2 2 3 2 2 2
