assets/RAT_results_old/precipitation/2020-07-31_IMERG.asc
ncols        46
nrows        77
xllcorner    74.800261325624
yllcorner    8.058333333333
cellsize     0.062500000000
NODATA_value -9999
 34 34 28 10 10 2 2 2 3 3 2 4 4 2 0 0 0 0 0 1 1 2 2 2 1 1 1 1 1 2 3 3 4 4 4 4 4 4 4 4 4 4 4 4 4 3
 42 42 17 8 8 2 2 2 3 3 1 1 1 1 3 3 4 4 3 6 6 4 6 6 3 3 1 2 2 2 2 2 3 3 4 6 6 7 4 4 4 4 4 4 4 4
 42 42 17 8 8 2 2 2 3 3 1 1 1 1 3 3 4 4 3 6 6 4 6 6 3 3 1 2 2 2 2 2 3 3 4 6 6 7 4 4 4 4 4 4 4 4
 32 32 10 7 7 1 3 3 3 3 1 2 2 3 3 3 3 3 3 7 7 10 5 5 5 5 6 10 10 2 2 2 3 3 4 6 6 8 7 7 5 5 5 5 5 7
 39 39 16 9 9 3 3 3 6 6 2 6 6 5 5 5 5 5 6 8 8 9 7 7 5 5 6 4 4 3 2 2 2 2 3 5 5 7 6 6 6 6 7 6 6 10
 39 39 16 9 9 3 3 3 6 6 2 6 6 5 5 5 5 5 6 8 8 9 7 7 5 5 6 4 4 3 2 2 2 2 3 5 5 7 6 6 6 6 7 6 6 10
 52 52 20 21 21 17 11 11 3 3 3 8 8 7 11 11 5 5 7 4 4 8 8 8 8 8 7 7 7 5 3 3 3 3 3 5 5 5 7 7 6 6 6 6 6 14
 52 52 20 21 21 17 11 11 3 3 3 8 8 7 11 11 5 5 7 4 4 8 8 8 8 8 7 7 7 5 3 3 3 3 3 5 5 5 7 7 6 6 6 6 6 14
 52 52 29 23 23 22 13 13 11 11 14 12 12 6 4 4 3 3 3 3 3 4 6 6 8 8 8 10 10 6 6 6 3 3 3 4 4 5 4 4 4 4 6 7 7 16
 29 29 30 35 35 37 32 32 25 25 17 12 12 6 3 3 3 3 4 3 3 2 2 2 7 7 13 9 9 7 3 3 5 5 5 6 6 5 4 4 8 8 27 8 8 12
 29 29 30 35 35 37 32 32 25 25 17 12 12 6 3 3 3 3 4 3 3 2 2 2 7 7 13 9 9 7 3 3 5 5 5 6 6 5 4 4 8 8 27 8 8 12
 30 30 28 28 28 29 41 41 39 39 15 18 18 16 3 3 1 1 1 2 2 7 2 2 3 3 6 7 7 6 5 5 7 7 6 8 8 8 17 17 34 34 71 65 65 35
 32 32 21 24 24 34 29 29 27 27 29 19 19 21 6 6 4 4 1 1 1 1 1 1 3 3 3 4 4 4 6 6 9 9 14 12 12 13 16 16 30 30 42 39 39 25
 32 32 21 24 24 34 29 29 27 27 29 19 19 21 6 6 4 4 1 1 1 1 1 1 3 3 3 4 4 4 6 6 9 9 14 12 12 13 16 16 30 30 42 39 39 25
 20 20 15 9 9 6 19 19 19 19 25 15 15 14 2 2 2 2 5 1 1 1 2 2 5 5 7 6 6 7 9 9 14 14 17 27 27 15 21 21 12 12 19 99 99 25
 20 20 15 9 9 6 19 19 19 19 25 15 15 14 2 2 2 2 5 1 1 1 2 2 5 5 7 6 6 7 9 9 14 14 17 27 27 15 21 21 12 12 19 99 99 25
 15 15 10 10 10 4 4 4 8 8 8 19 19 29 16 16 13 13 4 3 3 2 3 3 4 4 6 17 17 10 14 14 11 11 13 19 19 18 16 16 23 23 21 16 16 22
 13 13 12 10 10 6 5 5 4 4 7 18 18 26 28 28 26 26 5 6 6 7 4 4 10 10 9 16 16 9 10 10 10 10 18 20 20 25 23 23 21 21 18 21 21 21
 13 13 12 10 10 6 5 5 4 4 7 18 18 26 28 28 26 26 5 6 6 7 4 4 10 10 9 16 16 9 10 10 10 10 18 20 20 25 23 23 21 21 18 21 21 21
 12 12 13 12 12 16 10 10 3 3 2 8 8 14 27 27 15 15 13 6 6 7 5 5 12 12 10 17 17 9 11 11 6 6 11 37 37 30 12 12 16 16 20 22 22 73
 12 12 14 15 15 20 19 19 7 7 3 6 6 5 24 24 17 17 12 14 14 7 5 5 8 8 9 17 17 10 17 17 9 9 11 10 10 8 8 8 9 9 13 22 22 77
 12 12 14 15 15 20 19 19 7 7 3 6 6 5 24 24 17 17 12 14 14 7 5 5 8 8 9 17 17 10 17 17 9 9 11 10 10 8 8 8 9 9 13 22 22 77
 10 10 13 15 15 19 21 21 13 13 8 4 4 5 7 7 22 22 21 17 17 13 8 8 5 5 8 12 12 12 19 19 11 11 13 8 8 6 5 5 9 9 11 13 13 15
 10 10 13 15 15 19 21 21 13 13 8 4 4 5 7 7 22 22 21 17 17 13 8 8 5 5 8 12 12 12 19 19 11 11 13 8 8 6 5 5 9 9 11 13 13 15
 12 12 14 14 14 16 14 14 14 14 14 8 8 10 14 14 22 22 21 30 30 19 13 13 10 10 9 5 5 6 6 6 7 7 8 7 7 6 4 4 4 4 5 10 10 9
 14 14 15 14 14 15 16 16 16 16 19 7 7 12 25 25 26 26 30 25 25 26 29 29 18 18 16 13 13 5 6 6 4 4 4 4 4 4 3 3 5 5 4 5 5 3
 14 14 15 14 14 15 16 16 16 16 19 7 7 12 25 25 26 26 30 25 25 26 29 29 18 18 16 13 13 5 6 6 4 4 4 4 4 4 3 3 5 5 4 5 5 3
 22 22 16 15 15 14 19 19 19 19 18 14 14 10 16 16 20 20 33 30 30 47 32 32 16 16 16 9 9 5 3 3 4 4 4 6 6 4 6 6 7 7 4 2 2 2
 29 29 17 16 16 15 21 21 19 19 16 17 17 15 11 11 20 20 26 27 27 32 28 28 28 28 20 17 17 10 3 3 5 5 5 5 5 3 6 6 5 5 3 2 2 2
 29 29 17 16 16 15 21 21 19 19 16 17 17 15 11 11 20 20 26 27 27 32 28 28 28 28 20 17 17 10 3 3 5 5 5 5 5 3 6 6 5 5 3 2 2 2
 41 41 33 36 36 28 26 26 16 16 16 22 22 22 17 17 11 11 19 17 17 22 20 20 30 30 15 20 20 11 5 5 6 6 18 15 15 27 28 28 19 19 8 3 3 4
 41 41 33 36 36 28 26 26 16 16 16 22 22 22 17 17 11 11 19 17 17 22 20 20 30 30 15 20 20 11 5 5 6 6 18 15 15 27 28 28 19 19 8 3 3 4
 41 41 38 40 40 44 55 55 21 21 19 22 22 20 13 13 13 13 21 20 20 20 35 35 30 30 29 17 17 12 13 13 19 19 18 15 15 29 25 25 19 19 21 13 13 8
 33 33 33 34 34 36 47 47 23 23 20 23 23 21 24 24 25 25 26 20 20 30 30 30 60 60 23 11 11 9 12 12 26 26 22 24 24 27 29 29 19 19 14 8 8 8
 33 33 33 34 34 36 47 47 23 23 20 23 23 21 24 24 25 25 26 20 20 30 30 30 60 60 23 11 11 9 12 12 26 26 22 24 24 27 29 29 19 19 14 8 8 8
 38 38 27 25 25 25 23 23 24 24 20 24 24 23 29 29 25 25 26 22 22 26 24 24 25 25 36 36 36 15 25 25 27 27 20 21 21 9 7 7 6 6 7 10 10 6
 39 39 34 30 30 21 24 24 26 26 19 19 19 43 58 58 27 27 28 34 34 36 39 39 30 30 39 39 39 38 46 46 45 45 25 5 5 8 3 3 7 7 5 8 8 11
 39 39 34 30 30 21 24 24 26 26 19 19 19 43 58 58 27 27 28 34 34 36 39 39 30 30 39 39 39 38 46 46 45 45 25 5 5 8 3 3 7 7 5 8 8 11
 40 40 32 29 29 19 18 18 21 21 19 33 33 43 50 50 24 24 24 30 30 29 37 37 28 28 61 40 40 43 48 48 47 47 6 10 10 4 5 5 6 6 5 9 9 14
 40 40 32 29 29 19 18 18 21 21 19 33 33 43 50 50 24 24 24 30 30 29 37 37 28 28 61 40 40 43 48 48 47 47 6 10 10 4 5 5 6 6 5 9 9 14
 36 36 30 31 31 19 19 19 20 20 25 32 32 30 25 25 40 40 25 25 25 25 31 31 33 33 24 28 28 28 29 29 19 19 10 11 11 14 10 10 6 6 8 17 17 17
 42 42 35 33 33 22 20 20 17 17 23 28 28 24 18 18 19 19 20 20 20 28 34 34 24 24 16 35 35 24 23 23 14 14 18 17 17 21 16 16 12 12 10 15 15 13
 42 42 35 33 33 22 20 20 17 17 23 28 28 24 18 18 19 19 20 20 20 28 34 34 24 24 16 35 35 24 23 23 14 14 18 17 17 21 16 16 12 12 10 15 15 13
 34 34 36 35 35 21 15 15 19 19 19 26 26 25 20 20 23 23 28 24 24 31 28 28 33 33 18 20 20 15 20 20 22 22 19 20 20 20 10 10 10 10 9 4 4 5
 38 38 35 33 33 30 15 15 16 16 15 19 19 32 32 32 29 29 24 19 19 35 31 31 30 30 20 22 22 32 32 32 26 26 28 38 38 38 10 10 5 5 3 2 2 2
 38 38 35 33 33 30 15 15 16 16 15 19 19 32 32 32 29 29 24 19 19 35 31 31 30 30 20 22 22 32 32 32 26 26 28 38 38 38 10 10 5 5 3 2 2 2
 34 34 36 38 38 32 17 17 15 15 18 21 21 31 36 36 24 24 22 27 27 40 24 24 37 37 31 31 31 36 29 29 22 22 31 27 27 26 9 9 6 6 1 1 1 1
 34 34 36 38 38 32 17 17 15 15 18 21 21 31 36 36 24 24 22 27 27 40 24 24 37 37 31 31 31 36 29 29 22 22 31 27 27 26 9 9 6 6 1 1 1 1
 34 34 37 30 30 27 24 24 16 16 17 24 24 36 43 43 30 30 19 13 13 20 34 34 46 46 35 32 32 34 24 24 22 22 27 29 29 17 5 5 1 1 0 0 0 0
 35 35 34 32 32 19 22 22 15 15 18 21 21 39 46 46 31 31 24 9 9 13 21 21 28 28 35 32 32 43 21 21 20 20 24 19 19 7 1 1 1 1 1 1 1 0
 35 35 34 32 32 19 22 22 15 15 18 21 21 39 46 46 31 31 24 9 9 13 21 21 28 28 35 32 32 43 21 21 20 20 24 19 19 7 1 1 1 1 1 1 1 0
 32 32 25 22 22 17 15 15 14 14 16 21 21 32 38 38 19 19 11 4 4 11 17 17 23 23 26 36 36 33 23 23 18 18 15 14 14 5 3 3 2 2 1 1 1 0
 26 26 23 23 23 18 15 15 11 11 16 20 20 23 32 32 11 11 5 4 4 9 13 13 15 15 19 30 30 26 31 31 16 16 10 8 8 4 5 5 3 3 1 0 0 0
 26 26 23 23 23 18 15 15 11 11 16 20 20 23 32 32 11 11 5 4 4 9 13 13 15 15 19 30 30 26 31 31 16 16 10 8 8 4 5 5 3 3 1 0 0 0
 23 23 19 20 20 16 13 13 10 10 11 15 15 13 18 18 7 7 4 6 6 11 14 14 13 13 18 24 24 20 11 11 7 7 9 7 7 2 3 3 1 1 0 0 0 0
 23 23 19 20 20 16 13 13 10 10 11 15 15 13 18 18 7 7 4 6 6 11 14 14 13 13 18 24 24 20 11 11 7 7 9 7 7 2 3 3 1 1 0 0 0 0
 20 20 17 18 18 13 9 9 10 10 9 8 8 9 9 9 10 10 4 8 8 9 11 11 14 14 17 24 24 22 23 23 8 8 9 8 8 26 16 16 3 3 2 1 1 0
 16 16 13 13 13 13 8 8 9 9 10 10 10 9 7 7 10 10 5 5 5 6 8 8 11 11 10 21 21 20 27 27 25 25 21 23 23 24 15 15 3 3 5 1 1 1
 16 16 13 13 13 13 8 8 9 9 10 10 10 9 7 7 10 10 5 5 5 6 8 8 11 11 10 21 21 20 27 27 25 25 21 23 23 24 15 15 3 3 5 1 1 1
 13 13 10 10 10 10 9 9 9 9 10 8 8 10 9 9 8 8 9 3 3 3 4 4 6 6 10 9 9 12 17 17 17 17 20 12 12 18 14 14 6 6 5 1 1 1
 10 10 10 9 9 8 8 8 9 9 9 8 8 8 9 9 7 7 5 2 2 2 7 7 7 7 6 6 6 6 5 5 5 5 12 12 12 18 15 15 2 2 1 1 1 1
 10 10 10 9 9 8 8 8 9 9 9 8 8 8 9 9 7 7 5 2 2 2 7 7 7 7 6 6 6 6 5 5 5 5 12 12 12 18 15 15 2 2 1 1 1 1
 7 7 7 6 6 7 7 7 8 8 9 7 7 6 8 8 6 6 7 5 5 1 4 4 6 6 4 7 7 7 6 6 1 1 1 1 1 2 3 3 2 2 2 1 1 1
 7 7 7 6 6 7 7 7 8 8 9 7 7 6 8 8 6 6 7 5 5 1 4 4 6 6 4 7 7 7 6 6 1 1 1 1 1 2 3 3 2 2 2 1 1 1
 5 5 5 6 6 6 6 6 8 8 10 11 11 5 6 6 5 5 4 4 4 3 4 4 1 1 2 3 3 5 5 5 3 3 1 1 1 1 1 1 2 2 2 1 1 1
 4 4 5 6 6 6 6 6 6 6 9 9 9 5 5 5 5 5 3 4 4 2 2 2 2 2 1 2 2 4 6 6 3 3 1 1 1 1 1 1 1 1 1 1 1 1
 4 4 5 6 6 6 6 6 6 6 9 9 9 5 5 5 5 5 3 4 4 2 2 2 2 2 1 2 2 4 6 6 3 3 1 1 1 1 1 1 1 1 1 1 1 1
 3 3 5 5 5 7 8 8 8 8 8 6 6 5 5 5 3 3 3 3 3 3 3 3 3 3 2 2 2 2 4 4 2 2 3 1 1 1 2 2 2 2 2 0 0 0
 3 3 4 5 5 6 8 8 9 9 7 5 5 4 4 4 4 4 3 2 2 2 3 3 3 3 3 2 2 2 1 1 4 4 3 3 3 2 1 1 1 1 1 1 1 1
 3 3 4 5 5 6 8 8 9 9 7 5 5 4 4 4 4 4 3 2 2 2 3 3 3 3 3 2 2 2 1 1 4 4 3 3 3 2 1 1 1 1 1 1 1 1
 2 2 3 3 3 5 5 5 5 5 5 4 4 4 5 5 4 4 3 2 2 2 3 3 4 4 3 2 2 2 2 2 2 2 4 2 2 1 0 0 0 0 0 1 1 1
 2 2 3 3 3 5 5 5 5 5 5 4 4 4 5 5 4 4 3 2 2 2 3 3 4 4 3 2 2 2 2 2 2 2 4 2 2 1 0 0 0 0 0 1 1 1
 3 3 3 4 4 4 4 4 4 4 4 2 2 4 7 7 5 5 3 2 2 3 3 3 4 4 3 3 3 3 2 2 2 2 3 1 1 2 1 1 0 0 0 1 1 2
 3 3 4 4 4 4 3 3 3 3 2 2 2 3 3 3 2 2 1 0 0 3 3 3 3 3 3 3 3 3 2 2 0 0 0 0 0 1 2 2 1 1 0 0 0 1
 3 3 4 4 4 4 3 3 3 3 2 2 2 3 3 3 2 2 1 0 0 3 3 3 3 3 3 3 3 3 2 2 0 0 0 0 0 1 2 2 1 1 0 0 0 1
 5 5 4 4 4 3 3 3 2 2 1 1 1 2 0 0 1 1 1 0 0 3 3 3 2 2 2 2 2 1 1 1 0 0 0 0 0 0 2 2 1 1 1 0 0 2
 4 4 4 3 3 3 2 2 2 2 1 1 1 1 1 1 0 0 1 1 1 2 2 2 2 2 0 0 0 1 1 1 0 0 0 0 0 1 0 0 0 0 1 0 0 0
