assets/RAT_results_old/precipitation/2020-06-22_IMERG.asc
ncols        46
nrows        77
xllcorner    74.800261325624
yllcorner    8.058333333333
cellsize     0.062500000000
NODATA_value -9999
 8 8 7 6 6 9 9 9 7 7 4 2 2 2 1 1 1 1 0 0 0 0 0 0 1 1 1 0 0 0 0 0 0 0 0 0 0 0 0 0 0 0 0 0 0 1
 8 8 6 6 6 8 9 9 10 10 7 6 6 5 2 2 1 1 1 1 1 1 1 1 1 1 1 0 0 0 0 0 0 0 0 0 0 0 0 0 0 0 0 0 0 0
 8 8 6 6 6 8 9 9 10 10 7 6 6 5 2 2 1 1 1 1 1 1 1 1 1 1 1 0 0 0 0 0 0 0 0 0 0 0 0 0 0 0 0 0 0 0
 7 7 5 5 5 5 10 10 16 16 9 11 11 5 3 3 2 2 1 1 1 1 1 1 1 1 1 0 0 0 0 0 0 0 0 0 0 0 0 0 0 0 0 0 0 0
 4 4 8 6 6 5 5 5 6 6 6 8 8 4 2 2 2 2 1 1 1 1 1 1 1 1 1 0 0 0 0 0 0 0 0 0 0 0 0 0 0 0 0 0 0 0
 4 4 8 6 6 5 5 5 6 6 6 8 8 4 2 2 2 2 1 1 1 1 1 1 1 1 1 0 0 0 0 0 0 0 0 0 0 0 0 0 0 0 0 0 0 0
 4 4 3 5 5 5 3 3 5 5 3 3 3 4 5 5 1 1 1 1 1 0 0 0 0 0 0 0 0 0 0 0 0 0 0 0 0 0 0 0 0 0 0 0 0 0
 4 4 3 5 5 5 3 3 5 5 3 3 3 4 5 5 1 1 1 1 1 0 0 0 0 0 0 0 0 0 0 0 0 0 0 0 0 0 0 0 0 0 0 0 0 0
 7 7 5 6 6 6 3 3 4 4 5 4 4 3 2 2 1 1 1 1 1 0 2 2 0 0 2 4 4 0 0 0 0 0 0 0 0 0 0 0 0 0 0 0 0 0
 14 14 12 8 8 6 5 5 3 3 4 6 6 2 2 2 1 1 1 1 1 1 2 2 1 1 0 1 1 1 0 0 0 0 0 0 0 0 0 0 0 0 0 0 0 0
 14 14 12 8 8 6 5 5 3 3 4 6 6 2 2 2 1 1 1 1 1 1 2 2 1 1 0 1 1 1 0 0 0 0 0 0 0 0 0 0 0 0 0 0 0 0
 15 15 14 8 8 7 5 5 3 3 1 2 2 3 2 2 2 2 1 0 0 0 0 0 0 0 0 0 0 0 0 0 0 0 0 0 0 0 0 0 0 0 0 0 0 0
 13 13 15 7 7 6 4 4 3 3 2 1 1 1 3 3 3 3 0 0 0 0 0 0 0 0 0 0 0 0 0 0 0 0 0 0 0 0 0 0 0 0 0 0 0 0
 13 13 15 7 7 6 4 4 3 3 2 1 1 1 3 3 3 3 0 0 0 0 0 0 0 0 0 0 0 0 0 0 0 0 0 0 0 0 0 0 0 0 0 0 0 0
 8 8 11 8 8 3 7 7 5 5 2 2 2 1 0 0 1 1 0 0 0 0 0 0 0 0 0 0 0 0 0 0 0 0 0 0 0 0 0 0 0 0 1 0 0 0
 8 8 11 8 8 3 7 7 5 5 2 2 2 1 0 0 1 1 0 0 0 0 0 0 0 0 0 0 0 0 0 0 0 0 0 0 0 0 0 0 0 0 1 0 0 0
 11 11 6 6 6 4 4 4 6 6 3 4 4 3 2 2 1 1 0 0 0 0 0 0 0 0 0 0 0 0 0 0 0 0 0 0 0 0 0 0 0 0 0 0 0 0
 11 11 7 8 8 6 3 3 4 4 5 5 5 4 1 1 2 2 1 0 0 0 0 0 0 0 0 0 0 0 0 0 0 0 0 0 0 0 0 0 0 0 0 0 0 0
 11 11 7 8 8 6 3 3 4 4 5 5 5 4 1 1 2 2 1 0 0 0 0 0 0 0 0 0 0 0 0 0 0 0 0 0 0 0 0 0 0 0 0 0 0 0
 12 12 9 8 8 5 6 6 3 3 3 6 6 5 1 1 0 0 2 0 0 0 0 0 0 0 0 0 0 0 0 0 0 0 0 0 0 0 0 0 0 0 0 0 0 0
 16 16 9 7 7 4 4 4 2 2 2 5 5 5 1 1 0 0 0 0 0 1 1 1 3 3 1 0 0 0 0 0 0 0 0 0 0 0 0 0 0 0 0 0 0 0
 16 16 9 7 7 4 4 4 2 2 2 5 5 5 1 1 0 0 0 0 0 1 1 1 3 3 1 0 0 0 0 0 0 0 0 0 0 0 0 0 0 0 0 0 0 0
 18 18 12 9 9 7 6 6 5 5 4 4 4 4 4 4 2 2 0 1 1 2 2 2 3 3 1 1 1 2 2 2 0 0 0 0 0 0 0 0 0 0 0 0 0 0
 18 18 12 9 9 7 6 6 5 5 4 4 4 4 4 4 2 2 0 1 1 2 2 2 3 3 1 1 1 2 2 2 0 0 0 0 0 0 0 0 0 0 0 0 0 0
 14 14 15 8 8 8 7 7 6 6 6 5 5 8 8 8 6 6 1 3 3 3 3 3 3 3 2 2 2 3 2 2 0 0 0 0 0 0 0 0 0 0 0 0 0 0
 15 15 12 8 8 8 8 8 8 8 9 9 9 8 8 8 8 8 7 2 2 3 3 3 3 3 2 3 3 3 0 0 0 0 0 0 0 0 0 0 0 0 0 0 0 0
 15 15 12 8 8 8 8 8 8 8 9 9 9 8 8 8 8 8 7 2 2 3 3 3 3 3 2 3 3 3 0 0 0 0 0 0 0 0 0 0 0 0 0 0 0 0
 13 13 10 9 9 25 9 9 10 10 10 10 10 11 8 8 10 10 9 5 5 3 3 3 3 3 2 2 2 0 0 0 0 0 0 0 0 0 0 0 1 1 1 0 0 0
 17 17 18 10 10 28 18 18 15 15 16 16 16 20 20 20 13 13 17 10 10 5 4 4 3 3 3 1 1 0 0 0 0 0 0 0 0 0 0 0 1 1 1 1 1 2
 17 17 18 10 10 28 18 18 15 15 16 16 16 20 20 20 13 13 17 10 10 5 4 4 3 3 3 1 1 0 0 0 0 0 0 0 0 0 0 0 1 1 1 1 1 2
 18 18 19 19 19 25 21 21 29 29 26 18 18 21 18 18 13 13 16 15 15 13 5 5 5 5 3 2 2 1 1 1 1 1 0 0 0 0 0 0 1 1 2 2 2 7
 18 18 19 19 19 25 21 21 29 29 26 18 18 21 18 18 13 13 16 15 15 13 5 5 5 5 3 2 2 1 1 1 1 1 0 0 0 0 0 0 1 1 2 2 2 7
 13 13 16 19 19 21 23 23 30 30 24 26 26 18 19 19 21 21 18 19 19 17 9 9 8 8 4 3 3 1 1 1 1 1 0 0 0 0 0 0 1 1 4 2 2 2
 16 16 20 26 26 22 25 25 30 30 25 22 22 21 19 19 17 17 10 15 15 11 11 11 9 9 5 1 1 0 1 1 1 1 0 0 0 0 0 0 1 1 1 1 1 0
 16 16 20 26 26 22 25 25 30 30 25 22 22 21 19 19 17 17 10 15 15 11 11 11 9 9 5 1 1 0 1 1 1 1 0 0 0 0 0 0 1 1 1 1 1 0
 16 16 16 19 19 33 25 25 31 31 35 44 44 16 16 16 21 21 14 16 16 15 7 7 9 9 5 2 2 1 1 1 1 1 0 0 0 1 0 0 0 0 0 0 0 0
 17 17 18 23 23 35 37 37 36 36 25 29 29 32 19 19 24 24 14 18 18 21 14 14 10 10 8 10 10 7 4 4 1 1 2 0 0 0 0 0 0 0 0 0 0 0
 17 17 18 23 23 35 37 37 36 36 25 29 29 32 19 19 24 24 14 18 18 21 14 14 10 10 8 10 10 7 4 4 1 1 2 0 0 0 0 0 0 0 0 0 0 0
 20 20 22 25 25 46 52 52 41 41 31 30 30 25 16 16 25 25 18 34 34 22 16 16 8 8 8 9 9 8 6 6 4 4 3 2 2 1 1 1 0 0 0 0 0 0
 20 20 22 25 25 46 52 52 41 41 31 30 30 25 16 16 25 25 18 34 34 22 16 16 8 8 8 9 9 8 6 6 4 4 3 2 2 1 1 1 0 0 0 0 0 0
 24 24 23 35 35 57 61 61 43 43 22 29 29 17 13 13 20 20 16 29 29 17 16 16 8 8 9 6 6 8 11 11 5 5 5 2 2 4 2 2 0 0 1 0 0 0
 26 26 32 43 43 36 34 34 27 27 24 21 21 19 11 11 16 16 26 33 33 17 18 18 10 10 12 9 9 17 12 12 10 10 7 3 3 4 0 0 1 1 1 1 1 1
 26 26 32 43 43 36 34 34 27 27 24 21 21 19 11 11 16 16 26 33 33 17 18 18 10 10 12 9 9 17 12 12 10 10 7 3 3 4 0 0 1 1 1 1 1 1
 32 32 37 36 36 33 33 33 23 23 32 18 18 10 7 7 19 19 30 29 29 21 22 22 11 11 18 17 17 15 14 14 16 16 7 3 3 4 1 1 1 1 1 1 1 0
 32 32 33 37 37 35 45 45 35 35 33 18 18 11 7 7 5 5 14 22 22 24 26 26 14 14 21 22 22 24 19 19 14 14 4 2 2 1 0 0 0 0 0 0 0 0
 32 32 33 37 37 35 45 45 35 35 33 18 18 11 7 7 5 5 14 22 22 24 26 26 14 14 21 22 22 24 19 19 14 14 4 2 2 1 0 0 0 0 0 0 0 0
 39 39 40 41 41 46 52 52 40 40 36 20 20 15 9 9 6 6 20 29 29 28 18 18 23 23 21 24 24 26 14 14 7 7 6 5 5 1 0 0 0 0 0 0 0 0
 39 39 40 41 41 46 52 52 40 40 36 20 20 15 9 9 6 6 20 29 29 28 18 18 23 23 21 24 24 26 14 14 7 7 6 5 5 1 0 0 0 0 0 0 0 0
 48 48 54 53 53 46 46 46 44 44 38 27 27 20 14 14 26 26 25 29 29 28 17 17 17 17 18 13 13 14 11 11 9 9 6 1 1 1 0 0 0 0 0 0 0 0
 45 45 49 51 51 77 79 79 46 46 32 30 30 25 23 23 31 31 26 25 25 34 15 15 23 23 19 11 11 6 7 7 8 8 5 0 0 0 1 1 0 0 0 0 0 1
 45 45 49 51 51 77 79 79 46 46 32 30 30 25 23 23 31 31 26 25 25 34 15 15 23 23 19 11 11 6 7 7 8 8 5 0 0 0 1 1 0 0 0 0 0 1
 49 49 49 62 62 76 75 75 34 34 35 31 31 26 23 23 33 33 25 20 20 34 13 13 21 21 18 21 21 5 7 7 5 5 3 1 1 3 0 0 0 0 2 1 1 1
 36 36 52 49 49 50 48 48 28 28 25 25 25 23 26 26 21 21 23 19 19 15 13 13 21 21 19 12 12 7 6 6 4 4 3 3 3 0 0 0 0 0 0 1 1 1
 36 36 52 49 49 50 48 48 28 28 25 25 25 23 26 26 21 21 23 19 19 15 13 13 21 21 19 12 12 7 6 6 4 4 3 3 3 0 0 0 0 0 0 1 1 1
 36 36 46 44 44 43 33 33 33 33 23 22 22 20 19 19 17 17 17 14 14 21 23 23 19 19 17 11 11 17 14 14 10 10 5 4 4 1 1 1 2 2 1 1 1 1
 36 36 46 44 44 43 33 33 33 33 23 22 22 20 19 19 17 17 17 14 14 21 23 23 19 19 17 11 11 17 14 14 10 10 5 4 4 1 1 1 2 2 1 1 1 1
 37 37 42 41 41 37 30 30 29 29 22 18 18 14 13 13 12 12 8 14 14 20 25 25 23 23 15 9 9 10 7 7 13 13 12 6 6 1 2 2 2 2 2 1 1 1
 35 35 38 39 39 21 22 22 20 20 19 15 15 14 6 6 7 7 5 6 6 7 11 11 6 6 7 8 8 5 6 6 7 7 5 4 4 3 2 2 2 2 2 2 2 1
 35 35 38 39 39 21 22 22 20 20 19 15 15 14 6 6 7 7 5 6 6 7 11 11 6 6 7 8 8 5 6 6 7 7 5 4 4 3 2 2 2 2 2 2 2 1
 18 18 17 17 17 15 18 18 14 14 10 9 9 8 3 3 2 2 1 1 1 4 9 9 5 5 5 2 2 1 2 2 1 1 2 2 2 3 2 2 3 3 1 1 1 1
 15 15 13 18 18 16 14 14 9 9 6 5 5 5 3 3 1 1 2 2 2 3 3 3 4 4 3 3 3 3 1 1 1 1 1 2 2 1 2 2 2 2 2 1 1 1
 15 15 13 18 18 16 14 14 9 9 6 5 5 5 3 3 1 1 2 2 2 3 3 3 4 4 3 3 3 3 1 1 1 1 1 2 2 1 2 2 2 2 2 1 1 1
 12 12 20 24 24 13 10 10 7 7 7 8 8 5 3 3 2 2 2 2 2 4 2 2 3 3 2 3 3 3 1 1 0 0 1 0 0 2 1 1 1 1 0 0 0 1
 12 12 20 24 24 13 10 10 7 7 7 8 8 5 3 3 2 2 2 2 2 4 2 2 3 3 2 3 3 3 1 1 0 0 1 0 0 2 1 1 1 1 0 0 0 1
 12 12 20 21 21 12 9 9 9 9 11 11 11 7 3 3 3 3 2 3 3 5 2 2 1 1 1 2 2 2 3 3 1 1 1 1 1 0 1 1 6 6 2 1 1 1
 11 11 25 21 21 8 7 7 13 13 16 11 11 9 4 4 3 3 2 3 3 5 3 3 1 1 0 1 1 3 1 1 1 1 0 1 1 1 1 1 6 6 2 2 2 2
 11 11 25 21 21 8 7 7 13 13 16 11 11 9 4 4 3 3 2 3 3 5 3 3 1 1 0 1 1 3 1 1 1 1 0 1 1 1 1 1 6 6 2 2 2 2
 8 8 14 21 21 9 7 7 8 8 8 12 12 7 4 4 3 3 1 1 1 1 0 0 0 0 0 1 1 1 2 2 2 2 1 0 0 1 2 2 3 3 3 3 3 2
 5 5 11 16 16 8 6 6 6 6 9 8 8 5 3 3 3 3 1 1 1 0 0 0 0 0 0 1 1 2 1 1 2 2 2 1 1 3 3 3 4 4 4 2 2 1
 5 5 11 16 16 8 6 6 6 6 9 8 8 5 3 3 3 3 1 1 1 0 0 0 0 0 0 1 1 2 1 1 2 2 2 1 1 3 3 3 4 4 4 2 2 1
 3 3 4 8 8 6 5 5 6 6 5 5 5 5 3 3 3 3 2 1 1 0 0 0 0 0 0 1 1 1 1 1 1 1 3 2 2 1 3 3 3 3 4 2 2 1
 3 3 4 8 8 6 5 5 6 6 5 5 5 5 3 3 3 3 2 1 1 0 0 0 0 0 0 1 1 1 1 1 1 1 3 2 2 1 3 3 3 3 4 2 2 1
 4 4 3 4 4 4 3 3 4 4 4 5 5 4 5 5 3 3 2 1 1 1 0 0 0 0 1 0 0 1 1 1 1 1 3 3 3 3 2 2 1 1 2 1 1 2
 9 9 3 3 3 6 3 3 2 2 2 3 3 3 4 4 3 3 5 1 1 1 0 0 0 0 0 0 0 0 1 1 1 1 1 1 1 3 3 3 1 1 1 1 1 0
 9 9 3 3 3 6 3 3 2 2 2 3 3 3 4 4 3 3 5 1 1 1 0 0 0 0 0 0 0 0 1 1 1 1 1 1 1 3 3 3 1 1 1 1 1 0
 2 2 3 3 3 5 5 5 3 3 3 3 3 3 4 4 5 5 4 2 2 1 1 1 1 1 1 1 1 1 1 1 1 1 1 1 1 1 3 3 3 3 3 1 1 0
 1 1 2 2 2 5 4 4 2 2 2 2 2 2 2 2 6 6 4 3 3 3 3 3 3 3 1 1 1 1 1 1 0 0 0 1 1 1 1 1 1 1 4 1 1 1
