assets/RAT_results_old/precipitation/2020-07-07_IMERG.asc
ncols        46
nrows        77
xllcorner    74.800261325624
yllcorner    8.058333333333
cellsize     0.062500000000
NODATA_value -9999
 31 31 29 25 25 18 14 14 11 11 8 3 3 3 1 1 0 0 0 0 0 0 0 0 0 0 0 0 0 0 0 0 1 1 1 1 1 1 2 2 2 2 2 3 3 3
 39 39 31 26 26 22 19 19 11 11 12 5 5 3 1 1 1 1 1 0 0 0 0 0 0 0 0 0 0 0 0 0 1 1 1 1 1 2 2 2 2 2 2 2 2 3
 39 39 31 26 26 22 19 19 11 11 12 5 5 3 1 1 1 1 1 0 0 0 0 0 0 0 0 0 0 0 0 0 1 1 1 1 1 2 2 2 2 2 2 2 2 3
 48 48 33 27 27 15 27 27 26 26 21 20 20 9 4 4 2 2 1 0 0 0 0 0 0 0 0 0 0 0 0 0 0 0 1 1 1 1 1 1 1 1 1 1 1 1
 37 37 44 35 35 28 24 24 26 26 20 16 16 9 4 4 1 1 1 0 0 0 0 0 0 0 0 1 1 1 0 0 0 0 0 1 1 1 1 1 1 1 1 1 1 1
 37 37 44 35 35 28 24 24 26 26 20 16 16 9 4 4 1 1 1 0 0 0 0 0 0 0 0 1 1 1 0 0 0 0 0 1 1 1 1 1 1 1 1 1 1 1
 33 33 48 34 34 39 21 21 22 22 22 16 16 7 6 6 3 3 1 0 0 0 0 0 0 0 0 1 1 1 0 0 0 0 0 0 0 1 1 1 1 1 2 2 2 1
 33 33 48 34 34 39 21 21 22 22 22 16 16 7 6 6 3 3 1 0 0 0 0 0 0 0 0 1 1 1 0 0 0 0 0 0 0 1 1 1 1 1 2 2 2 1
 33 33 47 36 36 35 26 26 23 23 31 24 24 15 10 10 4 4 2 1 1 1 1 1 0 0 1 0 0 0 0 0 0 0 0 0 0 1 1 1 1 1 1 1 1 1
 26 26 44 37 37 42 36 36 33 33 28 25 25 16 12 12 7 7 5 5 5 3 2 2 1 1 1 1 1 0 0 0 0 0 0 0 0 0 0 0 0 0 1 0 0 0
 26 26 44 37 37 42 36 36 33 33 28 25 25 16 12 12 7 7 5 5 5 3 2 2 1 1 1 1 1 0 0 0 0 0 0 0 0 0 0 0 0 0 1 0 0 0
 25 25 44 31 31 45 34 34 29 29 25 19 19 30 15 15 16 16 10 5 5 3 1 1 0 0 1 1 1 0 0 0 0 0 0 0 0 0 0 0 1 1 0 0 0 0
 20 20 31 29 29 37 31 31 25 25 21 22 22 20 16 16 16 16 9 8 8 2 1 1 1 1 1 1 1 1 0 0 0 0 0 0 0 0 1 1 1 1 1 1 1 1
 20 20 31 29 29 37 31 31 25 25 21 22 22 20 16 16 16 16 9 8 8 2 1 1 1 1 1 1 1 1 0 0 0 0 0 0 0 0 1 1 1 1 1 1 1 1
 18 18 16 15 15 26 31 31 26 26 22 22 22 17 11 11 11 11 4 2 2 3 1 1 1 1 1 1 1 1 0 0 0 0 0 0 0 1 2 2 2 2 1 1 1 2
 18 18 16 15 15 26 31 31 26 26 22 22 22 17 11 11 11 11 4 2 2 3 1 1 1 1 1 1 1 1 0 0 0 0 0 0 0 1 2 2 2 2 1 1 1 2
 20 20 17 12 12 17 20 20 30 30 26 20 20 15 5 5 8 8 3 2 2 2 1 1 1 1 1 1 1 1 0 0 0 0 1 1 1 1 2 2 2 2 1 1 1 2
 23 23 12 12 12 18 21 21 22 22 21 23 23 16 6 6 8 8 6 6 6 2 3 3 2 2 1 1 1 1 1 1 1 1 1 1 1 1 2 2 2 2 1 1 1 1
 23 23 12 12 12 18 21 21 22 22 21 23 23 16 6 6 8 8 6 6 6 2 3 3 2 2 1 1 1 1 1 1 1 1 1 1 1 1 2 2 2 2 1 1 1 1
 24 24 13 14 14 18 24 24 23 23 23 25 25 16 11 11 12 12 8 8 8 4 5 5 2 2 2 2 2 1 1 1 1 1 1 1 1 2 3 3 2 2 1 1 1 1
 29 29 27 22 22 18 16 16 14 14 27 24 24 19 15 15 14 14 13 8 8 5 4 4 4 4 3 2 2 2 2 2 2 2 2 2 2 3 3 3 3 3 2 2 2 2
 29 29 27 22 22 18 16 16 14 14 27 24 24 19 15 15 14 14 13 8 8 5 4 4 4 4 3 2 2 2 2 2 2 2 2 2 2 3 3 3 3 3 2 2 2 2
 24 24 22 31 31 20 10 10 9 9 17 18 18 16 16 16 20 20 17 10 10 6 4 4 4 4 4 3 3 3 2 2 2 2 2 3 3 3 4 4 4 4 2 2 2 2
 24 24 22 31 31 20 10 10 9 9 17 18 18 16 16 16 20 20 17 10 10 6 4 4 4 4 4 3 3 3 2 2 2 2 2 3 3 3 4 4 4 4 2 2 2 2
 24 24 24 25 25 22 3 3 8 8 10 8 8 17 14 14 14 14 10 10 10 6 6 6 6 6 8 4 4 4 2 2 2 2 2 2 2 3 3 3 2 2 1 1 1 1
 19 19 18 19 19 19 20 20 18 18 7 7 7 11 16 16 14 14 12 9 9 8 11 11 7 7 10 4 4 4 1 1 1 1 2 2 2 2 1 1 1 1 0 0 0 0
 19 19 18 19 19 19 20 20 18 18 7 7 7 11 16 16 14 14 12 9 9 8 11 11 7 7 10 4 4 4 1 1 1 1 2 2 2 2 1 1 1 1 0 0 0 0
 14 14 15 19 19 27 22 22 20 20 20 14 14 9 9 9 12 12 8 7 7 7 9 9 7 7 5 2 2 1 1 1 1 1 1 1 1 0 0 0 0 0 0 0 0 0
 13 13 14 17 17 18 23 23 23 23 21 13 13 16 12 12 14 14 13 6 6 6 3 3 2 2 2 0 0 1 1 1 1 1 1 0 0 0 0 0 0 0 0 0 0 0
 13 13 14 17 17 18 23 23 23 23 21 13 13 16 12 12 14 14 13 6 6 6 3 3 2 2 2 0 0 1 1 1 1 1 1 0 0 0 0 0 0 0 0 0 0 0
 13 13 14 16 16 16 20 20 20 20 18 14 14 14 14 14 11 11 11 3 3 4 1 1 0 0 0 0 0 1 1 1 1 1 1 0 0 0 0 0 0 0 0 0 0 0
 13 13 14 16 16 16 20 20 20 20 18 14 14 14 14 14 11 11 11 3 3 4 1 1 0 0 0 0 0 1 1 1 1 1 1 0 0 0 0 0 0 0 0 0 0 0
 13 13 15 15 15 14 17 17 9 9 5 4 4 10 8 8 9 9 7 4 4 1 1 1 0 0 1 0 0 0 0 0 0 0 0 0 0 0 0 0 0 0 0 0 0 0
 10 10 8 4 4 3 4 4 4 4 2 3 3 9 8 8 5 5 4 3 3 1 0 0 1 1 1 2 2 4 2 2 0 0 0 0 0 0 0 0 0 0 0 0 0 0
 10 10 8 4 4 3 4 4 4 4 2 3 3 9 8 8 5 5 4 3 3 1 0 0 1 1 1 2 2 4 2 2 0 0 0 0 0 0 0 0 0 0 0 0 0 0
 6 6 3 1 1 2 2 2 2 2 1 3 3 4 2 2 1 1 3 3 3 1 1 1 1 1 6 12 12 5 2 2 0 0 0 0 0 0 0 0 0 0 1 1 1 1
 2 2 0 0 0 1 2 2 2 2 1 1 1 4 4 4 2 2 5 7 7 5 1 1 1 1 5 3 3 3 1 1 1 1 1 1 1 0 0 0 1 1 1 1 1 1
 2 2 0 0 0 1 2 2 2 2 1 1 1 4 4 4 2 2 5 7 7 5 1 1 1 1 5 3 3 3 1 1 1 1 1 1 1 0 0 0 1 1 1 1 1 1
 2 2 0 0 0 1 2 2 2 2 1 1 1 1 1 1 3 3 6 11 11 10 7 7 3 3 2 2 2 5 1 1 4 4 1 1 1 1 1 1 1 1 1 1 1 1
 2 2 0 0 0 1 2 2 2 2 1 1 1 1 1 1 3 3 6 11 11 10 7 7 3 3 2 2 2 5 1 1 4 4 1 1 1 1 1 1 1 1 1 1 1 1
 2 2 0 0 0 0 0 0 1 1 0 0 0 1 1 1 1 1 16 20 20 22 19 19 13 13 10 1 1 3 4 4 4 4 6 8 8 3 1 1 1 1 1 3 3 1
 0 0 0 0 0 0 0 0 0 0 0 2 2 2 12 12 2 2 15 13 13 18 17 17 18 18 14 11 11 11 19 19 18 18 14 8 8 4 2 2 2 2 3 3 3 3
 0 0 0 0 0 0 0 0 0 0 0 2 2 2 12 12 2 2 15 13 13 18 17 17 18 18 14 11 11 11 19 19 18 18 14 8 8 4 2 2 2 2 3 3 3 3
 1 1 0 0 0 0 0 0 0 0 0 6 6 3 13 13 16 16 14 16 16 16 16 16 13 13 12 17 17 19 20 20 19 19 14 5 5 5 2 2 1 1 1 2 2 1
 1 1 2 1 1 1 1 1 1 1 0 6 6 11 12 12 12 12 13 17 17 18 17 17 17 17 14 18 18 18 30 30 25 25 24 5 5 6 2 2 0 0 0 0 0 0
 1 1 2 1 1 1 1 1 1 1 0 6 6 11 12 12 12 12 13 17 17 18 17 17 17 17 14 18 18 18 30 30 25 25 24 5 5 6 2 2 0 0 0 0 0 0
 2 2 2 1 1 2 8 8 4 4 5 4 4 12 12 12 11 11 13 15 15 17 15 15 17 17 16 19 19 30 26 26 7 7 25 5 5 3 1 1 1 1 0 0 0 0
 2 2 2 1 1 2 8 8 4 4 5 4 4 12 12 12 11 11 13 15 15 17 15 15 17 17 16 19 19 30 26 26 7 7 25 5 5 3 1 1 1 1 0 0 0 0
 3 3 3 3 3 3 3 3 2 2 1 5 5 12 13 13 12 12 4 3 3 10 9 9 9 9 12 2 2 21 22 22 6 6 6 4 4 2 1 1 0 0 0 0 0 0
 1 1 1 2 2 2 2 2 2 2 2 2 2 3 3 3 2 2 1 1 1 1 8 8 8 8 3 2 2 0 0 0 2 2 3 4 4 2 1 1 0 0 0 0 0 0
 1 1 1 2 2 2 2 2 2 2 2 2 2 3 3 3 2 2 1 1 1 1 8 8 8 8 3 2 2 0 0 0 2 2 3 4 4 2 1 1 0 0 0 0 0 0
 1 1 1 1 1 2 2 2 2 2 1 2 2 2 2 2 1 1 0 0 0 1 1 1 1 1 1 0 0 1 1 1 3 3 3 2 2 1 0 0 0 0 0 0 0 0
 0 0 0 1 1 1 1 1 1 1 1 1 1 1 1 1 0 0 0 0 0 1 1 1 1 1 1 1 1 1 1 1 0 0 0 0 0 1 1 1 0 0 0 0 0 0
 0 0 0 1 1 1 1 1 1 1 1 1 1 1 1 1 0 0 0 0 0 1 1 1 1 1 1 1 1 1 1 1 0 0 0 0 0 1 1 1 0 0 0 0 0 0
 0 0 0 0 0 0 0 0 0 0 0 0 0 1 1 1 0 0 1 0 0 0 1 1 1 1 0 0 0 0 0 0 0 0 0 0 0 1 1 1 0 0 0 0 0 0
 0 0 0 0 0 0 0 0 0 0 0 0 0 1 1 1 0 0 1 0 0 0 1 1 1 1 0 0 0 0 0 0 0 0 0 0 0 1 1 1 0 0 0 0 0 0
 0 0 0 0 0 0 0 0 0 0 0 0 0 1 1 1 0 0 1 0 0 0 2 2 2 2 1 1 1 1 0 0 0 0 0 0 0 0 0 0 0 0 0 0 0 0
 0 0 0 0 0 0 0 0 0 0 1 1 1 1 1 1 1 1 0 0 0 0 1 1 1 1 2 2 2 1 1 1 0 0 0 0 0 0 0 0 0 0 0 0 0 0
 0 0 0 0 0 0 0 0 0 0 1 1 1 1 1 1 1 1 0 0 0 0 1 1 1 1 2 2 2 1 1 1 0 0 0 0 0 0 0 0 0 0 0 0 0 0
 0 0 0 0 0 0 0 0 0 0 0 1 1 1 1 1 1 1 0 0 0 0 0 0 2 2 3 2 2 2 1 1 4 4 0 0 0 0 0 0 0 0 0 0 0 0
 0 0 0 0 0 0 0 0 0 0 0 1 1 1 1 1 1 1 1 0 0 0 0 0 4 4 2 2 2 3 1 1 4 4 4 4 4 3 0 0 0 0 0 0 0 0
 0 0 0 0 0 0 0 0 0 0 0 1 1 1 1 1 1 1 1 0 0 0 0 0 4 4 2 2 2 3 1 1 4 4 4 4 4 3 0 0 0 0 0 0 0 0
 0 0 0 0 0 0 0 0 0 0 0 0 0 1 1 1 1 1 1 1 1 0 0 0 4 4 2 3 3 3 2 2 1 1 1 4 4 0 0 0 0 0 0 0 0 0
 0 0 0 0 0 0 0 0 0 0 0 0 0 1 1 1 1 1 1 1 1 0 0 0 4 4 2 3 3 3 2 2 1 1 1 4 4 0 0 0 0 0 0 0 0 0
 0 0 0 0 0 0 0 0 0 0 0 0 0 1 1 1 1 1 1 1 1 0 0 0 0 0 1 1 1 4 2 2 1 1 1 0 0 0 0 0 0 0 0 0 0 0
 0 0 0 0 0 0 0 0 0 0 0 0 0 0 1 1 0 0 0 1 1 1 0 0 1 1 2 2 2 3 1 1 1 1 1 0 0 0 0 0 0 0 0 0 0 0
 0 0 0 0 0 0 0 0 0 0 0 0 0 0 1 1 0 0 0 1 1 1 0 0 1 1 2 2 2 3 1 1 1 1 1 0 0 0 0 0 0 0 0 0 0 0
 0 0 0 0 0 0 0 0 0 0 0 0 0 0 0 0 0 0 0 0 0 1 2 2 0 0 3 7 7 4 4 4 2 2 1 0 0 0 0 0 0 0 0 0 0 0
 0 0 0 0 0 0 0 0 0 0 0 0 0 0 0 0 0 0 0 0 0 1 2 2 0 0 3 1 1 3 3 3 2 2 1 0 0 0 0 0 0 0 0 0 0 0
 0 0 0 0 0 0 0 0 0 0 0 0 0 0 0 0 0 0 0 0 0 1 2 2 0 0 3 1 1 3 3 3 2 2 1 0 0 0 0 0 0 0 0 0 0 0
 0 0 0 0 0 0 0 0 0 0 0 0 0 0 0 0 0 0 0 0 0 1 1 1 2 2 0 0 0 1 2 2 2 2 1 0 0 0 0 0 0 0 0 0 0 0
 0 0 0 0 0 0 0 0 0 0 0 0 0 0 0 0 0 0 0 0 0 1 1 1 2 2 0 0 0 1 2 2 2 2 1 0 0 0 0 0 0 0 0 0 0 0
 0 0 0 0 0 0 0 0 0 0 0 0 0 0 0 0 0 0 0 0 0 0 1 1 1 1 0 0 0 0 2 2 1 1 1 0 0 0 0 0 0 0 0 0 0 0
 0 0 0 0 0 0 0 0 0 0 0 0 0 0 0 0 0 0 0 0 0 0 1 1 1 1 1 1 1 0 0 0 1 1 0 0 0 1 0 0 0 0 0 0 0 0
 0 0 0 0 0 0 0 0 0 0 0 0 0 0 0 0 0 0 0 0 0 0 1 1 1 1 1 1 1 0 0 0 1 1 0 0 0 1 0 0 0 0 0 0 0 0
 0 0 0 0 0 0 0 0 0 0 0 0 0 0 0 0 0 0 0 0 0 0 0 0 0 0 0 0 0 0 0 0 0 0 0 0 0 0 1 1 0 0 0 0 0 0
 0 0 0 0 0 0 0 0 0 0 0 0 0 0 0 0 0 0 0 0 0 0 0 0 0 0 0 0 0 0 0 0 0 0 0 0 0 1 1 1 1 1 1 0 0 0
