assets/RAT_results_old/precipitation/2020-05-08_IMERG.asc
ncols        46
nrows        77
xllcorner    74.800261325624
yllcorner    8.058333333333
cellsize     0.062500000000
NODATA_value -9999
 6 6 2 2 2 1 0 0 0 0 0 0 0 0 0 0 0 0 0 0 0 0 0 0 0 0 0 0 0 0 0 0 0 0 0 0 0 0 0 0 3 3 1 1 1 2
 6 6 3 2 2 1 1 1 0 0 0 0 0 0 0 0 0 0 0 0 0 0 0 0 0 0 0 0 0 0 0 0 0 0 0 1 1 3 3 3 2 2 0 0 0 0
 6 6 3 2 2 1 1 1 0 0 0 0 0 0 0 0 0 0 0 0 0 0 0 0 0 0 0 0 0 0 0 0 0 0 0 1 1 3 3 3 2 2 0 0 0 0
 11 11 3 3 3 1 0 0 0 0 0 0 0 0 0 0 0 0 0 0 0 0 0 0 0 0 0 0 0 0 0 0 0 0 0 1 1 2 3 3 0 0 0 0 0 0
 13 13 9 2 2 1 1 1 0 0 0 0 0 0 0 0 0 0 0 0 0 0 0 0 0 0 0 0 0 0 0 0 0 0 2 3 3 2 3 3 0 0 0 0 0 0
 13 13 9 2 2 1 1 1 0 0 0 0 0 0 0 0 0 0 0 0 0 0 0 0 0 0 0 0 0 0 0 0 0 0 2 3 3 2 3 3 0 0 0 0 0 0
 15 15 13 9 9 2 1 1 1 1 1 1 1 0 0 0 0 0 0 0 0 0 0 0 0 0 0 0 0 0 0 0 0 0 2 0 0 0 0 0 0 0 0 0 0 0
 15 15 13 9 9 2 1 1 1 1 1 1 1 0 0 0 0 0 0 0 0 0 0 0 0 0 0 0 0 0 0 0 0 0 2 0 0 0 0 0 0 0 0 0 0 0
 12 12 13 10 10 4 4 4 1 1 1 1 1 1 1 1 0 0 0 0 0 0 0 0 0 0 0 0 0 0 0 0 0 0 0 0 0 0 0 0 0 0 0 0 0 0
 12 12 14 13 13 10 8 8 2 2 1 1 1 1 1 1 0 0 0 0 0 0 0 0 0 0 0 0 0 0 0 0 0 0 0 0 0 0 0 0 0 0 0 0 0 0
 12 12 14 13 13 10 8 8 2 2 1 1 1 1 1 1 0 0 0 0 0 0 0 0 0 0 0 0 0 0 0 0 0 0 0 0 0 0 0 0 0 0 0 0 0 0
 12 12 15 14 14 9 10 10 3 3 2 3 3 1 1 1 0 0 0 0 0 0 0 0 0 0 0 0 0 0 0 0 0 0 0 0 0 0 0 0 0 0 0 0 0 0
 10 10 13 12 12 11 7 7 5 5 3 2 2 1 1 1 0 0 0 0 0 0 0 0 0 0 0 0 0 0 0 0 0 0 0 0 0 0 0 0 0 0 0 0 0 0
 10 10 13 12 12 11 7 7 5 5 3 2 2 1 1 1 0 0 0 0 0 0 0 0 0 0 0 0 0 0 0 0 0 0 0 0 0 0 0 0 0 0 0 0 0 0
 16 16 8 9 9 9 10 10 6 6 3 1 1 0 0 0 0 0 1 1 1 0 0 0 0 0 0 0 0 0 0 0 0 0 0 0 0 0 0 0 0 0 0 0 0 0
 16 16 8 9 9 9 10 10 6 6 3 1 1 0 0 0 0 0 1 1 1 0 0 0 0 0 0 0 0 0 0 0 0 0 0 0 0 0 0 0 0 0 0 0 0 0
 16 16 8 10 10 11 11 11 7 7 5 2 2 1 0 0 1 1 1 1 1 1 1 1 0 0 0 0 0 0 0 0 0 0 0 0 0 0 0 0 0 0 0 0 0 0
 8 8 8 5 5 4 8 8 7 7 8 2 2 2 0 0 0 0 1 1 1 1 2 2 1 1 0 0 0 0 0 0 0 0 0 0 0 0 0 0 0 0 0 0 0 0
 8 8 8 5 5 4 8 8 7 7 8 2 2 2 0 0 0 0 1 1 1 1 2 2 1 1 0 0 0 0 0 0 0 0 0 0 0 0 0 0 0 0 0 0 0 0
 8 8 6 3 3 4 8 8 7 7 7 3 3 1 1 1 0 0 0 1 1 2 2 2 1 1 0 0 0 0 0 0 0 0 0 0 0 0 0 0 0 0 0 0 0 0
 6 6 6 1 1 1 0 0 0 0 1 1 1 1 1 1 1 1 0 0 0 1 0 0 0 0 0 0 0 0 0 0 0 0 0 0 0 0 0 0 0 0 0 0 0 0
 6 6 6 1 1 1 0 0 0 0 1 1 1 1 1 1 1 1 0 0 0 1 0 0 0 0 0 0 0 0 0 0 0 0 0 0 0 0 0 0 0 0 0 0 0 0
 2 2 1 1 1 1 0 0 0 0 1 1 1 1 1 1 1 1 0 0 0 0 0 0 0 0 0 0 0 0 1 1 0 0 0 0 0 0 0 0 0 0 0 0 0 0
 2 2 1 1 1 1 0 0 0 0 1 1 1 1 1 1 1 1 0 0 0 0 0 0 0 0 0 0 0 0 1 1 0 0 0 0 0 0 0 0 0 0 0 0 0 0
 25 25 1 1 1 1 0 0 1 1 1 0 0 0 0 0 0 0 0 0 0 0 0 0 0 0 0 0 0 0 0 0 0 0 0 0 0 0 0 0 0 0 0 0 0 0
 25 25 1 1 1 1 1 1 1 1 1 0 0 0 0 0 0 0 0 0 0 0 0 0 0 0 0 0 0 0 0 0 0 0 0 0 0 0 0 0 0 0 1 0 0 0
 25 25 1 1 1 1 1 1 1 1 1 0 0 0 0 0 0 0 0 0 0 0 0 0 0 0 0 0 0 0 0 0 0 0 0 0 0 0 0 0 0 0 1 0 0 0
 15 15 1 1 1 0 1 1 1 1 1 0 0 0 0 0 1 1 0 0 0 0 0 0 0 0 0 0 0 0 0 0 0 0 0 0 0 0 0 0 1 1 1 0 0 0
 14 14 1 1 1 0 0 0 0 0 1 0 0 0 0 0 0 0 0 0 0 0 0 0 0 0 0 0 0 0 0 0 0 0 0 0 0 0 0 0 1 1 0 0 0 0
 14 14 1 1 1 0 0 0 0 0 1 0 0 0 0 0 0 0 0 0 0 0 0 0 0 0 0 0 0 0 0 0 0 0 0 0 0 0 0 0 1 1 0 0 0 0
 7 7 6 1 1 0 0 0 0 0 0 0 0 0 0 0 1 1 1 0 0 0 0 0 0 0 0 0 0 0 0 0 0 0 0 0 0 0 0 0 1 1 0 0 0 0
 7 7 6 1 1 0 0 0 0 0 0 0 0 0 0 0 1 1 1 0 0 0 0 0 0 0 0 0 0 0 0 0 0 0 0 0 0 0 0 0 1 1 0 0 0 0
 13 13 6 2 2 0 0 0 0 0 0 0 0 0 0 0 1 1 1 0 0 0 0 0 0 0 0 0 0 0 0 0 0 0 0 0 0 0 0 0 0 0 0 0 0 0
 14 14 3 3 3 0 0 0 0 0 0 0 0 0 0 0 1 1 1 0 0 0 0 0 0 0 0 0 0 0 0 0 0 0 0 0 0 0 0 0 0 0 0 0 0 1
 14 14 3 3 3 0 0 0 0 0 0 0 0 0 0 0 1 1 1 0 0 0 0 0 0 0 0 0 0 0 0 0 0 0 0 0 0 0 0 0 0 0 0 0 0 1
 18 18 11 11 11 0 0 0 0 0 0 1 1 0 0 0 0 0 0 1 1 0 0 0 0 0 0 0 0 0 0 0 0 0 0 0 0 0 0 0 0 0 1 1 1 2
 14 14 13 11 11 1 1 1 0 0 0 0 0 0 0 0 0 0 0 0 0 0 0 0 0 0 0 0 0 0 0 0 0 0 0 1 1 1 1 1 0 0 1 2 2 3
 14 14 13 11 11 1 1 1 0 0 0 0 0 0 0 0 0 0 0 0 0 0 0 0 0 0 0 0 0 0 0 0 0 0 0 1 1 1 1 1 0 0 1 2 2 3
 14 14 8 2 2 1 1 1 0 0 0 0 0 0 0 0 0 0 0 0 0 0 0 0 0 0 0 0 0 0 0 0 0 0 1 1 1 1 1 1 0 0 0 1 1 2
 14 14 8 2 2 1 1 1 0 0 0 0 0 0 0 0 0 0 0 0 0 0 0 0 0 0 0 0 0 0 0 0 0 0 1 1 1 1 1 1 0 0 0 1 1 2
 7 7 7 1 1 1 1 1 0 0 0 0 0 0 0 0 0 0 0 0 0 0 0 0 0 0 0 0 0 0 0 0 2 2 1 1 1 1 1 1 0 0 0 0 0 1
 7 7 7 1 1 1 0 0 0 0 0 0 0 0 0 0 0 0 0 0 0 1 0 0 0 0 0 0 0 1 1 1 2 2 1 2 2 1 0 0 0 0 0 0 0 0
 7 7 7 1 1 1 0 0 0 0 0 0 0 0 0 0 0 0 0 0 0 1 0 0 0 0 0 0 0 1 1 1 2 2 1 2 2 1 0 0 0 0 0 0 0 0
 11 11 2 1 1 1 0 0 0 0 0 0 0 0 0 0 0 0 0 0 0 0 1 1 1 1 1 1 1 2 1 1 2 2 1 1 1 2 0 0 1 1 0 0 0 0
 10 10 2 1 1 0 0 0 0 0 0 0 0 0 0 0 0 0 1 1 1 3 2 2 1 1 1 2 2 2 6 6 6 6 0 0 0 1 1 1 0 0 0 0 0 0
 10 10 2 1 1 0 0 0 0 0 0 0 0 0 0 0 0 0 1 1 1 3 2 2 1 1 1 2 2 2 6 6 6 6 0 0 0 1 1 1 0 0 0 0 0 0
 10 10 2 1 1 0 0 0 1 1 0 0 0 0 0 0 1 1 1 1 1 3 2 2 3 3 2 2 2 9 6 6 6 6 0 0 0 0 0 0 0 0 0 0 0 0
 10 10 2 1 1 0 0 0 1 1 0 0 0 0 0 0 1 1 1 1 1 3 2 2 3 3 2 2 2 9 6 6 6 6 0 0 0 0 0 0 0 0 0 0 0 0
 7 7 1 0 0 0 0 0 0 0 0 0 0 1 1 1 1 1 1 2 2 2 2 2 3 3 3 1 1 4 4 4 1 1 0 0 0 2 1 1 0 0 0 0 0 0
 7 7 0 0 0 1 0 0 0 0 0 1 1 1 1 1 2 2 3 3 3 7 6 6 1 1 1 1 1 4 4 4 1 1 0 1 1 4 4 4 1 1 2 1 1 1
 7 7 0 0 0 1 0 0 0 0 0 1 1 1 1 1 2 2 3 3 3 7 6 6 1 1 1 1 1 4 4 4 1 1 0 1 1 4 4 4 1 1 2 1 1 1
 0 0 0 0 0 0 0 0 1 1 1 1 1 1 2 2 11 11 12 9 9 7 5 5 1 1 10 2 2 1 1 1 5 5 5 2 2 3 2 2 1 1 2 4 4 3
 0 0 0 0 0 0 0 0 0 0 0 1 1 1 2 2 3 3 13 31 31 31 210 210 10 10 12 3 3 4 8 8 25 25 4 4 4 3 3 3 8 8 3 6 6 6
 0 0 0 0 0 0 0 0 0 0 0 1 1 1 2 2 3 3 13 31 31 31 210 210 10 10 12 3 3 4 8 8 25 25 4 4 4 3 3 3 8 8 3 6 6 6
 0 0 0 0 0 0 0 0 0 0 1 1 1 2 2 2 3 3 11 35 35 36 86 86 71 71 6 4 4 11 10 10 8 8 2 6 6 8 2 2 6 6 6 3 3 8
 0 0 0 0 0 0 0 0 0 0 1 1 1 2 2 2 3 3 11 35 35 36 86 86 71 71 6 4 4 11 10 10 8 8 2 6 6 8 2 2 6 6 6 3 3 8
 0 0 0 0 0 0 0 0 1 1 1 2 2 2 3 3 4 4 5 4 4 36 87 87 72 72 7 7 7 21 26 26 7 7 3 5 5 7 2 2 4 4 6 5 5 15
 0 0 0 0 0 0 0 0 1 1 2 2 2 2 3 3 6 6 7 5 5 7 7 7 12 12 6 9 9 46 295 295 26 26 14 5 5 5 2 2 2 2 2 4 4 1
 0 0 0 0 0 0 0 0 1 1 2 2 2 2 3 3 6 6 7 5 5 7 7 7 12 12 6 9 9 46 295 295 26 26 14 5 5 5 2 2 2 2 2 4 4 1
 0 0 0 0 0 0 1 1 1 1 3 3 3 3 4 4 5 5 4 3 3 7 7 7 11 11 9 20 20 49 295 295 26 26 19 7 7 7 5 5 3 3 2 0 0 0
 0 0 0 0 0 0 0 0 1 1 5 3 3 2 3 3 3 3 3 26 26 231 231 231 8 8 6 15 15 42 69 69 27 27 20 12 12 9 6 6 5 5 2 0 0 0
 0 0 0 0 0 0 0 0 1 1 5 3 3 2 3 3 3 3 3 26 26 231 231 231 8 8 6 15 15 42 69 69 27 27 20 12 12 9 6 6 5 5 2 0 0 0
 1 1 0 0 0 0 0 0 1 1 6 2 2 2 2 2 1 1 2 25 25 10 12 12 5 5 10 27 27 40 45 45 12 12 20 13 13 11 6 6 2 2 1 0 0 0
 1 1 0 0 0 0 0 0 1 1 6 2 2 2 2 2 1 1 2 25 25 10 12 12 5 5 10 27 27 40 45 45 12 12 20 13 13 11 6 6 2 2 1 0 0 0
 0 0 0 0 0 0 0 0 0 0 2 1 1 2 2 2 2 2 9 10 10 10 12 12 5 5 20 28 28 21 41 41 38 38 74 56 56 22 5 5 3 3 1 5 5 5
 0 0 0 0 0 0 0 0 0 0 0 1 1 1 1 1 1 1 9 13 13 11 3 3 5 5 20 14 14 17 16 16 29 29 40 36 36 15 38 38 7 7 5 6 6 6
 0 0 0 0 0 0 0 0 0 0 0 1 1 1 1 1 1 1 9 13 13 11 3 3 5 5 20 14 14 17 16 16 29 29 40 36 36 15 38 38 7 7 5 6 6 6
 0 0 0 0 0 0 0 0 0 0 0 0 0 1 3 3 4 4 12 13 13 13 3 3 16 16 14 53 53 21 21 21 24 24 38 62 62 36 21 21 11 11 10 11 11 7
 0 0 0 0 0 0 0 0 0 0 0 0 0 0 3 3 4 4 15 15 15 14 18 18 21 21 14 168 168 186 23 23 27 27 26 63 63 31 25 25 20 20 15 11 11 7
 0 0 0 0 0 0 0 0 0 0 0 0 0 0 3 3 4 4 15 15 15 14 18 18 21 21 14 168 168 186 23 23 27 27 26 63 63 31 25 25 20 20 15 11 11 7
 0 0 0 0 0 0 1 1 1 1 0 0 0 1 2 2 13 13 16 17 17 15 28 28 56 56 54 184 184 40 31 31 40 40 27 44 44 38 34 34 36 36 26 12 12 9
 0 0 0 0 0 0 1 1 1 1 0 0 0 1 2 2 13 13 16 17 17 15 28 28 56 56 54 184 184 40 31 31 40 40 27 44 44 38 34 34 36 36 26 12 12 9
 0 0 0 0 0 1 1 1 1 1 2 2 2 2 2 2 14 14 14 22 22 20 30 30 22 22 32 160 160 146 47 47 26 26 33 25 25 32 46 46 25 25 18 13 13 9
 0 0 0 1 1 3 1 1 1 1 7 4 4 13 11 11 15 15 15 21 21 22 23 23 20 20 23 23 23 42 27 27 20 20 32 14 14 27 68 68 24 24 18 17 17 7
 0 0 0 1 1 3 1 1 1 1 7 4 4 13 11 11 15 15 15 21 21 22 23 23 20 20 23 23 23 42 27 27 20 20 32 14 14 27 68 68 24 24 18 17 17 7
 0 0 0 1 1 1 0 0 0 0 1 2 2 1 7 7 16 16 17 19 19 26 24 24 17 17 19 15 15 40 10 10 18 18 15 12 12 24 26 26 17 17 12 10 10 4
 0 0 0 2 2 1 0 0 0 0 0 1 1 1 7 7 1 1 3 7 7 15 20 20 22 22 17 16 16 9 3 3 6 6 10 14 14 9 24 24 20 20 12 10 10 2
