assets/RAT_results_old/precipitation/2020-07-08_IMERG.asc
ncols        46
nrows        77
xllcorner    74.800261325624
yllcorner    8.058333333333
cellsize     0.062500000000
NODATA_value -9999
 3 3 3 4 4 3 5 5 5 5 9 6 6 4 4 4 5 5 3 3 3 6 7 7 9 9 15 18 18 16 18 18 24 24 22 39 39 30 31 31 33 33 29 41 41 37
 5 5 8 10 10 14 10 10 16 16 19 8 8 6 5 5 4 4 4 5 5 5 8 8 10 10 15 20 20 13 18 18 17 17 33 33 33 32 43 43 43 43 37 44 44 39
 5 5 8 10 10 14 10 10 16 16 19 8 8 6 5 5 4 4 4 5 5 5 8 8 10 10 15 20 20 13 18 18 17 17 33 33 33 32 43 43 43 43 37 44 44 39
 12 12 14 23 23 23 28 28 23 23 10 17 17 6 6 6 6 6 5 5 5 7 9 9 11 11 15 21 21 15 19 19 17 17 32 32 32 30 40 40 38 38 36 38 38 33
 18 18 18 19 19 23 21 21 18 18 18 8 8 8 7 7 7 7 7 5 5 6 10 10 14 14 18 25 25 19 19 19 19 19 33 36 36 27 40 40 30 30 30 31 31 79
 18 18 18 19 19 23 21 21 18 18 18 8 8 8 7 7 7 7 7 5 5 6 10 10 14 14 18 25 25 19 19 19 19 19 33 36 36 27 40 40 30 30 30 31 31 79
 14 14 23 17 17 27 24 24 23 23 20 9 9 7 9 9 10 10 10 10 10 10 11 11 13 13 17 30 30 24 19 19 17 17 18 15 15 20 26 26 23 23 30 31 31 77
 14 14 23 17 17 27 24 24 23 23 20 9 9 7 9 9 10 10 10 10 10 10 11 11 13 13 17 30 30 24 19 19 17 17 18 15 15 20 26 26 23 23 30 31 31 77
 14 14 12 18 18 19 24 24 26 26 17 9 9 11 13 13 13 13 13 12 12 12 14 14 14 14 17 22 22 19 16 16 10 10 9 10 10 13 19 19 22 22 23 22 22 23
 11 11 10 14 14 20 20 20 18 18 20 14 14 14 13 13 21 21 19 17 17 14 15 15 16 16 15 12 12 10 11 11 10 10 9 8 8 18 19 19 21 21 23 21 21 9
 11 11 10 14 14 20 20 20 18 18 20 14 14 14 13 13 21 21 19 17 17 14 15 15 16 16 15 12 12 10 11 11 10 10 9 8 8 18 19 19 21 21 23 21 21 9
 5 5 5 7 7 15 16 16 14 14 17 14 14 17 18 18 19 19 17 13 13 12 14 14 12 12 16 12 12 9 8 8 6 6 6 8 8 19 19 19 8 8 8 10 10 10
 8 8 5 7 7 17 16 16 18 18 22 24 24 19 18 18 15 15 15 13 13 13 13 13 15 15 21 18 18 9 6 6 7 7 7 9 9 13 12 12 12 12 13 16 16 8
 8 8 5 7 7 17 16 16 18 18 22 24 24 19 18 18 15 15 15 13 13 13 13 13 15 15 21 18 18 9 6 6 7 7 7 9 9 13 12 12 12 12 13 16 16 8
 9 9 10 11 11 14 19 19 23 23 27 26 26 19 16 16 16 16 11 12 12 14 19 19 16 16 20 14 14 8 6 6 8 8 11 12 12 12 10 10 11 11 13 19 19 11
 9 9 10 11 11 14 19 19 23 23 27 26 26 19 16 16 16 16 11 12 12 14 19 19 16 16 20 14 14 8 6 6 8 8 11 12 12 12 10 10 11 11 13 19 19 11
 12 12 8 10 10 13 19 19 24 24 21 24 24 26 19 19 15 15 13 12 12 12 11 11 14 14 15 11 11 7 6 6 10 10 12 11 11 16 10 10 10 10 16 14 14 10
 32 32 14 13 13 15 16 16 19 19 19 17 17 16 22 22 12 12 10 11 11 11 14 14 16 16 17 9 9 9 10 10 12 12 14 15 15 13 12 12 17 17 25 15 15 10
 32 32 14 13 13 15 16 16 19 19 19 17 17 16 22 22 12 12 10 11 11 11 14 14 16 16 17 9 9 9 10 10 12 12 14 15 15 13 12 12 17 17 25 15 15 10
 38 38 14 13 13 10 14 14 20 20 16 16 16 16 9 9 7 7 12 13 13 11 12 12 12 12 11 9 9 5 8 8 10 10 11 12 12 13 13 13 14 14 19 23 23 7
 36 36 20 11 11 10 13 13 26 26 22 21 21 20 17 17 18 18 20 15 15 11 11 11 11 11 6 5 5 6 9 9 10 10 9 9 9 7 9 9 10 10 10 17 17 5
 36 36 20 11 11 10 13 13 26 26 22 21 21 20 17 17 18 18 20 15 15 11 11 11 11 11 6 5 5 6 9 9 10 10 9 9 9 7 9 9 10 10 10 17 17 5
 37 37 21 22 22 13 10 10 22 22 12 14 14 21 21 21 22 22 18 14 14 11 9 9 9 9 5 5 5 8 6 6 10 10 7 5 5 4 7 7 7 7 14 19 19 4
 37 37 21 22 22 13 10 10 22 22 12 14 14 21 21 21 22 22 18 14 14 11 9 9 9 9 5 5 5 8 6 6 10 10 7 5 5 4 7 7 7 7 14 19 19 4
 39 39 26 22 22 24 7 7 11 11 13 14 14 26 23 23 19 19 17 17 17 14 7 7 9 9 9 7 7 8 9 9 8 8 8 8 8 10 9 9 6 6 7 18 18 3
 60 60 52 22 22 9 6 6 12 12 16 17 17 17 22 22 17 17 14 15 15 14 7 7 10 10 8 10 10 8 8 8 6 6 7 10 10 10 8 8 6 6 5 4 4 1
 60 60 52 22 22 9 6 6 12 12 16 17 17 17 22 22 17 17 14 15 15 14 7 7 10 10 8 10 10 8 8 8 6 6 7 10 10 10 8 8 6 6 5 4 4 1
 48 48 44 37 37 32 7 7 12 12 16 15 15 17 11 11 15 15 13 12 12 7 4 4 8 8 7 8 8 4 5 5 7 7 8 9 9 7 4 4 3 3 2 2 2 3
 20 20 30 10 10 27 7 7 11 11 16 16 16 10 10 10 12 12 11 7 7 8 1 1 3 3 3 4 4 5 5 5 7 7 6 6 6 4 3 3 2 2 1 1 1 3
 20 20 30 10 10 27 7 7 11 11 16 16 16 10 10 10 12 12 11 7 7 8 1 1 3 3 3 4 4 5 5 5 7 7 6 6 6 4 3 3 2 2 1 1 1 3
 17 17 21 6 6 6 7 7 12 12 14 12 12 8 8 8 9 9 9 5 5 3 3 3 1 1 4 3 3 4 5 5 5 5 4 5 5 5 4 4 4 4 4 3 3 3
 17 17 21 6 6 6 7 7 12 12 14 12 12 8 8 8 9 9 9 5 5 3 3 3 1 1 4 3 3 4 5 5 5 5 4 5 5 5 4 4 4 4 4 3 3 3
 8 8 5 3 3 3 5 5 9 9 10 11 11 10 10 10 7 7 6 4 4 1 1 1 1 1 3 4 4 5 5 5 5 5 7 5 5 7 6 6 2 2 1 1 1 1
 7 7 8 5 5 4 3 3 4 4 5 7 7 9 8 8 3 3 5 4 4 2 1 1 1 1 2 4 4 6 5 5 4 4 5 2 2 1 1 1 1 1 1 2 2 1
 7 7 8 5 5 4 3 3 4 4 5 7 7 9 8 8 3 3 5 4 4 2 1 1 1 1 2 4 4 6 5 5 4 4 5 2 2 1 1 1 1 1 1 2 2 1
 9 9 8 7 7 6 3 3 2 2 3 6 6 11 11 11 5 5 3 2 2 2 1 1 1 1 4 4 4 6 3 3 2 2 1 0 0 0 1 1 1 1 1 1 1 0
 8 8 8 7 7 5 3 3 3 3 2 2 2 5 6 6 4 4 1 2 2 2 1 1 1 1 2 4 4 6 4 4 2 2 1 1 1 1 0 0 0 0 0 0 0 0
 8 8 8 7 7 5 3 3 3 3 2 2 2 5 6 6 4 4 1 2 2 2 1 1 1 1 2 4 4 6 4 4 2 2 1 1 1 1 0 0 0 0 0 0 0 0
 14 14 11 6 6 5 6 6 5 5 3 2 2 6 5 5 4 4 2 2 2 2 2 2 1 1 1 2 2 1 1 1 3 3 2 1 1 1 1 1 2 2 2 2 2 1
 14 14 11 6 6 5 6 6 5 5 3 2 2 6 5 5 4 4 2 2 2 2 2 2 1 1 1 2 2 1 1 1 3 3 2 1 1 1 1 1 2 2 2 2 2 1
 13 13 7 3 3 4 7 7 7 7 4 2 2 4 5 5 2 2 1 2 2 1 1 1 0 0 0 0 0 1 2 2 2 2 3 2 2 3 5 5 6 6 9 6 6 4
 9 9 6 4 4 6 10 10 7 7 8 3 3 4 3 3 2 2 1 1 1 2 2 2 1 1 1 1 1 4 7 7 3 3 4 6 6 7 12 12 13 13 12 11 11 5
 9 9 6 4 4 6 10 10 7 7 8 3 3 4 3 3 2 2 1 1 1 2 2 2 1 1 1 1 1 4 7 7 3 3 4 6 6 7 12 12 13 13 12 11 11 5
 11 11 10 6 6 7 4 4 9 9 8 3 3 1 0 0 2 2 1 0 0 1 2 2 3 3 2 4 4 7 9 9 6 6 7 9 9 10 14 14 15 15 13 8 8 6
 6 6 10 7 7 7 5 5 5 5 5 2 2 1 0 0 1 1 1 1 1 1 3 3 4 4 6 6 6 7 11 11 8 8 10 13 13 13 12 12 8 8 7 4 4 4
 6 6 10 7 7 7 5 5 5 5 5 2 2 1 0 0 1 1 1 1 1 1 3 3 4 4 6 6 6 7 11 11 8 8 10 13 13 13 12 12 8 8 7 4 4 4
 6 6 6 6 6 7 9 9 8 8 4 4 4 3 2 2 2 2 2 2 2 3 4 4 9 9 11 8 8 9 9 9 9 9 9 9 9 8 7 7 5 5 4 3 3 5
 6 6 6 6 6 7 9 9 8 8 4 4 4 3 2 2 2 2 2 2 2 3 4 4 9 9 11 8 8 9 9 9 9 9 9 9 9 8 7 7 5 5 4 3 3 5
 6 6 6 7 7 15 18 18 7 7 5 7 7 7 5 5 3 3 3 3 3 3 4 4 7 7 8 6 6 6 6 6 6 6 6 5 5 5 4 4 4 4 6 6 6 6
 5 5 8 8 8 17 11 11 6 6 6 5 5 6 6 6 4 4 2 2 2 2 2 2 4 4 4 4 4 3 3 3 3 3 3 4 4 5 4 4 5 5 6 5 5 5
 5 5 8 8 8 17 11 11 6 6 6 5 5 6 6 6 4 4 2 2 2 2 2 2 4 4 4 4 4 3 3 3 3 3 3 4 4 5 4 4 5 5 6 5 5 5
 5 5 8 6 6 10 7 7 8 8 7 5 5 5 8 8 3 3 2 1 1 1 2 2 3 3 4 3 3 2 2 2 2 2 1 3 3 4 4 4 8 8 10 10 10 7
 3 3 4 5 5 8 9 9 8 8 8 9 9 10 13 13 9 9 2 2 2 1 1 1 3 3 4 3 3 2 2 2 3 3 3 5 5 4 7 7 8 8 10 5 5 5
 3 3 4 5 5 8 9 9 8 8 8 9 9 10 13 13 9 9 2 2 2 1 1 1 3 3 4 3 3 2 2 2 3 3 3 5 5 4 7 7 8 8 10 5 5 5
 5 5 4 5 5 7 12 12 13 13 9 12 12 10 10 10 7 7 1 3 3 1 1 1 4 4 4 3 3 3 2 2 3 3 3 5 5 4 5 5 5 5 4 5 5 3
 5 5 4 5 5 7 12 12 13 13 9 12 12 10 10 10 7 7 1 3 3 1 1 1 4 4 4 3 3 3 2 2 3 3 3 5 5 4 5 5 5 5 4 5 5 3
 3 3 3 5 5 6 11 11 12 12 15 15 15 7 4 4 5 5 2 1 1 1 1 1 4 4 4 3 3 2 1 1 3 3 3 5 5 4 5 5 5 5 1 2 2 2
 3 3 7 14 14 16 12 12 21 21 22 10 10 3 3 3 1 1 2 3 3 1 0 0 1 1 3 4 4 2 1 1 3 3 3 4 4 3 3 3 2 2 1 1 1 1
 3 3 7 14 14 16 12 12 21 21 22 10 10 3 3 3 1 1 2 3 3 1 0 0 1 1 3 4 4 2 1 1 3 3 3 4 4 3 3 3 2 2 1 1 1 1
 4 4 6 10 10 10 11 11 17 17 25 5 5 1 3 3 0 0 2 4 4 1 0 0 0 0 3 4 4 2 1 1 1 1 2 3 3 2 2 2 2 2 2 1 1 3
 3 3 3 3 3 3 9 9 16 16 12 1 1 1 1 1 0 0 1 4 4 1 0 0 0 0 2 3 3 2 2 2 0 0 2 3 3 2 2 2 3 3 3 2 2 2
 3 3 3 3 3 3 9 9 16 16 12 1 1 1 1 1 0 0 1 4 4 1 0 0 0 0 2 3 3 2 2 2 0 0 2 3 3 2 2 2 3 3 3 2 2 2
 2 2 2 1 1 2 5 5 9 9 4 1 1 1 2 2 1 1 1 1 1 1 1 1 0 0 0 2 2 2 2 2 1 1 2 2 2 3 3 3 5 5 4 2 2 3
 2 2 2 1 1 2 5 5 9 9 4 1 1 1 2 2 1 1 1 1 1 1 1 1 0 0 0 2 2 2 2 2 1 1 2 2 2 3 3 3 5 5 4 2 2 3
 2 2 3 2 2 3 4 4 8 8 5 1 1 2 3 3 2 2 1 1 1 1 1 1 0 0 1 1 1 3 2 2 1 1 2 2 2 2 4 4 4 4 3 3 3 2
 3 3 3 2 2 4 6 6 8 8 2 1 1 3 3 3 2 2 1 1 1 1 1 1 1 1 1 1 1 2 2 2 2 2 2 2 2 2 3 3 6 6 5 2 2 4
 3 3 3 2 2 4 6 6 8 8 2 1 1 3 3 3 2 2 1 1 1 1 1 1 1 1 1 1 1 2 2 2 2 2 2 2 2 2 3 3 6 6 5 2 2 4
 4 4 4 4 4 3 7 7 5 5 3 1 1 1 3 3 2 2 1 1 1 1 1 1 1 1 1 1 1 1 3 3 2 2 1 2 2 2 2 2 2 2 2 2 2 4
 4 4 5 6 6 6 7 7 5 5 2 2 2 1 1 1 2 2 1 1 1 1 1 1 1 1 1 1 1 1 1 1 3 3 3 2 2 2 2 2 2 2 2 2 2 2
 4 4 5 6 6 6 7 7 5 5 2 2 2 1 1 1 2 2 1 1 1 1 1 1 1 1 1 1 1 1 1 1 3 3 3 2 2 2 2 2 2 2 2 2 2 2
 3 3 4 6 6 6 10 10 8 8 4 2 2 1 1 1 2 2 2 1 1 1 1 1 1 1 1 1 1 1 1 1 0 0 2 2 2 1 1 1 1 1 4 4 4 0
 3 3 4 6 6 6 10 10 8 8 4 2 2 1 1 1 2 2 2 1 1 1 1 1 1 1 1 1 1 1 1 1 0 0 2 2 2 1 1 1 1 1 4 4 4 0
 3 3 5 6 6 7 9 9 12 12 7 2 2 1 2 2 2 2 2 2 2 2 2 2 2 2 1 1 1 1 1 1 1 1 3 2 2 2 1 1 1 1 0 0 0 0
 4 4 5 6 6 7 10 10 12 12 8 2 2 1 1 1 2 2 2 2 2 3 2 2 1 1 1 1 1 1 0 0 1 1 1 0 0 1 1 1 1 1 1 1 1 1
 4 4 5 6 6 7 10 10 12 12 8 2 2 1 1 1 2 2 2 2 2 3 2 2 1 1 1 1 1 1 0 0 1 1 1 0 0 1 1 1 1 1 1 1 1 1
 2 2 6 5 5 7 10 10 6 6 5 3 3 2 2 2 4 4 4 4 4 3 1 1 1 1 1 1 1 1 0 0 1 1 1 1 1 1 2 2 1 1 2 2 2 1
 1 1 4 5 5 7 7 7 6 6 3 3 3 2 3 3 5 5 6 4 4 2 1 1 1 1 1 0 0 0 0 0 0 0 0 1 1 1 1 1 1 1 1 0 0 0
