assets/RAT_results_old/precipitation/2020-05-17_IMERG.asc
ncols        46
nrows        77
xllcorner    74.800261325624
yllcorner    8.058333333333
cellsize     0.062500000000
NODATA_value -9999
 13 13 16 28 28 49 32 32 12 12 10 50 50 32 31 31 32 32 18 59 59 17 14 14 13 13 8 10 10 16 16 16 17 17 7 15 15 23 28 28 11 11 8 11 11 9
 16 16 18 19 19 68 50 50 11 11 11 51 51 28 33 33 24 24 12 10 10 28 17 17 15 15 12 14 14 12 12 12 12 12 11 11 11 16 29 29 15 15 13 8 8 5
 16 16 18 19 19 68 50 50 11 11 11 51 51 28 33 33 24 24 12 10 10 28 17 17 15 15 12 14 14 12 12 12 12 12 11 11 11 16 29 29 15 15 13 8 8 5
 5 5 15 14 14 39 45 45 49 49 13 23 23 43 50 50 38 38 9 10 10 23 7 7 16 16 19 21 21 18 17 17 16 16 13 22 22 22 26 26 17 17 16 10 10 8
 18 18 18 19 19 28 73 73 69 69 23 29 29 34 58 58 23 23 6 18 18 6 4 4 13 13 17 30 30 34 32 32 20 20 13 20 20 19 29 29 32 32 11 8 8 7
 18 18 18 19 19 28 73 73 69 69 23 29 29 34 58 58 23 23 6 18 18 6 4 4 13 13 17 30 30 34 32 32 20 20 13 20 20 19 29 29 32 32 11 8 8 7
 29 29 27 19 19 15 45 45 52 52 38 35 35 35 33 33 19 19 6 2 2 1 3 3 8 8 12 25 25 31 24 24 30 30 20 23 23 21 22 22 26 26 8 8 8 5
 29 29 27 19 19 15 45 45 52 52 38 35 35 35 33 33 19 19 6 2 2 1 3 3 8 8 12 25 25 31 24 24 30 30 20 23 23 21 22 22 26 26 8 8 8 5
 17 17 19 8 8 10 37 37 27 27 42 68 68 41 27 27 27 27 10 2 2 5 3 3 4 4 6 21 21 23 26 26 26 26 20 16 16 14 17 17 20 20 13 12 12 9
 13 13 12 5 5 21 20 20 100 100 70 53 53 28 15 15 14 14 5 2 2 3 4 4 4 4 6 8 8 16 21 21 22 22 16 17 17 12 18 18 19 19 19 13 13 23
 13 13 12 5 5 21 20 20 100 100 70 53 53 28 15 15 14 14 5 2 2 3 4 4 4 4 6 8 8 16 21 21 22 22 16 17 17 12 18 18 19 19 19 13 13 23
 11 11 43 7 7 22 24 24 101 101 47 25 25 14 18 18 6 6 5 5 5 3 1 1 5 5 6 8 8 15 19 19 20 20 17 17 17 14 15 15 8 8 14 15 15 28
 24 24 39 8 8 13 36 36 49 49 41 26 26 14 7 7 12 12 19 14 14 8 3 3 5 5 53 46 46 21 21 21 18 18 14 15 15 13 7 7 5 5 8 15 15 22
 24 24 39 8 8 13 36 36 49 49 41 26 26 14 7 7 12 12 19 14 14 8 3 3 5 5 53 46 46 21 21 21 18 18 14 15 15 13 7 7 5 5 8 15 15 22
 17 17 32 15 15 25 38 38 14 14 13 9 9 10 6 6 13 13 14 27 27 20 24 24 23 23 52 46 46 20 29 29 26 26 26 15 15 6 6 6 5 5 6 16 16 19
 17 17 32 15 15 25 38 38 14 14 13 9 9 10 6 6 13 13 14 27 27 20 24 24 23 23 52 46 46 20 29 29 26 26 26 15 15 6 6 6 5 5 6 16 16 19
 17 17 39 21 21 10 16 16 24 24 16 10 10 11 7 7 10 10 33 29 29 23 33 33 19 19 21 31 31 28 29 29 26 26 26 7 7 7 5 5 5 5 6 9 9 17
 36 36 63 33 33 59 52 52 44 44 23 17 17 16 26 26 13 13 22 28 28 32 51 51 23 23 18 30 30 10 20 20 29 29 29 7 7 7 6 6 5 5 7 6 6 16
 36 36 63 33 33 59 52 52 44 44 23 17 17 16 26 26 13 13 22 28 28 32 51 51 23 23 18 30 30 10 20 20 29 29 29 7 7 7 6 6 5 5 7 6 6 16
 48 48 90 64 64 19 42 42 48 48 51 27 27 15 24 24 20 20 81 27 27 17 49 49 25 25 4 10 10 12 20 20 7 7 6 6 6 7 6 6 5 5 9 5 5 8
 39 39 98 76 76 34 55 55 50 50 46 23 23 13 19 19 30 30 27 27 27 18 23 23 25 25 6 5 5 5 6 6 6 6 6 5 5 8 7 7 6 6 6 6 6 5
 39 39 98 76 76 34 55 55 50 50 46 23 23 13 19 19 30 30 27 27 27 18 23 23 25 25 6 5 5 5 6 6 6 6 6 5 5 8 7 7 6 6 6 6 6 5
 24 24 58 68 68 51 29 29 19 19 20 23 23 26 29 29 20 20 26 19 19 17 15 15 27 27 11 5 5 8 5 5 6 6 6 7 7 7 6 6 5 5 5 5 5 10
 24 24 58 68 68 51 29 29 19 19 20 23 23 26 29 29 20 20 26 19 19 17 15 15 27 27 11 5 5 8 5 5 6 6 6 7 7 7 6 6 5 5 5 5 5 10
 18 18 23 31 31 45 35 35 20 20 22 22 22 36 35 35 38 38 25 22 22 22 20 20 24 24 17 5 5 9 5 5 6 6 5 5 5 4 4 4 5 5 5 5 5 10
 9 9 9 9 9 11 23 23 22 22 18 24 24 82 43 43 29 29 31 28 28 26 26 26 15 15 49 6 6 6 3 3 6 6 4 3 3 4 4 4 5 5 5 5 5 10
 9 9 9 9 9 11 23 23 22 22 18 24 24 82 43 43 29 29 31 28 28 26 26 26 15 15 49 6 6 6 3 3 6 6 4 3 3 4 4 4 5 5 5 5 5 10
 6 6 7 7 7 10 14 14 15 15 27 27 27 40 40 40 28 28 29 23 23 32 25 25 21 21 48 6 6 5 4 4 4 4 4 13 13 12 5 5 5 5 6 6 6 6
 5 5 8 8 8 11 12 12 14 14 25 24 24 15 20 20 19 19 16 20 20 30 22 22 26 26 53 22 22 5 3 3 5 5 5 11 11 12 7 7 6 6 6 7 7 7
 5 5 8 8 8 11 12 12 14 14 25 24 24 15 20 20 19 19 16 20 20 30 22 22 26 26 53 22 22 5 3 3 5 5 5 11 11 12 7 7 6 6 6 7 7 7
 5 5 6 10 10 12 20 20 13 13 13 18 18 17 16 16 19 19 17 13 13 13 12 12 24 24 60 53 53 20 5 5 3 3 3 11 11 11 7 7 5 5 7 8 8 9
 5 5 6 10 10 12 20 20 13 13 13 18 18 17 16 16 19 19 17 13 13 13 12 12 24 24 60 53 53 20 5 5 3 3 3 11 11 11 7 7 5 5 7 8 8 9
 6 6 7 8 8 10 21 21 28 28 16 21 21 20 15 15 19 19 20 16 16 17 14 14 16 16 27 27 27 12 7 7 4 4 3 4 4 4 5 5 5 5 7 8 8 9
 9 9 10 10 10 11 20 20 36 36 31 20 20 16 18 18 17 17 23 23 23 21 17 17 14 14 15 14 14 14 9 9 4 4 3 3 3 4 5 5 6 6 7 9 9 11
 9 9 10 10 10 11 20 20 36 36 31 20 20 16 18 18 17 17 23 23 23 21 17 17 14 14 15 14 14 14 9 9 4 4 3 3 3 4 5 5 6 6 7 9 9 11
 7 7 9 11 11 12 16 16 34 34 77 40 40 20 20 20 19 19 25 24 24 22 16 16 17 17 18 14 14 14 9 9 5 5 4 3 3 4 5 5 6 6 8 9 9 11
 7 7 7 12 12 14 16 16 24 24 65 76 76 34 23 23 15 15 22 28 28 23 17 17 17 17 19 14 14 15 11 11 8 8 5 5 5 4 5 5 7 7 9 10 10 11
 7 7 7 12 12 14 16 16 24 24 65 76 76 34 23 23 15 15 22 28 28 23 17 17 17 17 19 14 14 15 11 11 8 8 5 5 5 4 5 5 7 7 9 10 10 11
 9 9 9 13 13 15 15 15 20 20 40 56 56 44 23 23 24 24 48 48 48 26 19 19 18 18 19 17 17 16 12 12 11 11 9 10 10 7 6 6 8 8 8 9 9 11
 9 9 9 13 13 15 15 15 20 20 40 56 56 44 23 23 24 24 48 48 48 26 19 19 18 18 19 17 17 16 12 12 11 11 9 10 10 7 6 6 8 8 8 9 9 11
 11 11 16 16 16 18 17 17 19 19 18 55 55 26 21 21 14 14 45 42 42 35 18 18 17 17 18 22 22 24 19 19 12 12 12 12 12 8 7 7 8 8 9 10 10 11
 13 13 17 15 15 17 20 20 19 19 20 27 27 25 25 25 24 24 87 44 44 43 20 20 30 30 36 39 39 27 19 19 16 16 14 13 13 9 9 9 9 9 10 12 12 13
 13 13 17 15 15 17 20 20 19 19 20 27 27 25 25 25 24 24 87 44 44 43 20 20 30 30 36 39 39 27 19 19 16 16 14 13 13 9 9 9 9 9 10 12 12 13
 13 13 20 20 20 19 20 20 21 21 22 29 29 25 26 26 23 23 72 27 27 31 15 15 22 22 45 33 33 26 26 26 15 15 13 16 16 11 8 8 8 8 8 9 9 11
 16 16 55 23 23 22 28 28 18 18 24 28 28 116 46 46 25 25 20 21 21 21 18 18 15 15 60 29 29 31 29 29 23 23 15 10 10 8 8 8 7 7 7 10 10 10
 16 16 55 23 23 22 28 28 18 18 24 28 28 116 46 46 25 25 20 21 21 21 18 18 15 15 60 29 29 31 29 29 23 23 15 10 10 8 8 8 7 7 7 10 10 10
 41 41 44 60 60 33 31 31 20 20 27 30 30 54 62 62 19 19 15 17 17 22 23 23 16 16 44 34 34 49 41 41 33 33 14 8 8 6 6 6 7 7 7 9 9 8
 41 41 44 60 60 33 31 31 20 20 27 30 30 54 62 62 19 19 15 17 17 22 23 23 16 16 44 34 34 49 41 41 33 33 14 8 8 6 6 6 7 7 7 9 9 8
 27 27 29 60 60 23 24 24 26 26 28 31 31 31 41 41 34 34 23 16 16 20 21 21 21 21 24 40 40 37 28 28 26 26 15 6 6 5 6 6 7 7 6 8 8 7
 21 21 26 22 22 20 31 31 26 26 37 42 42 39 59 59 49 49 16 15 15 18 20 20 26 26 15 16 16 21 24 24 21 21 13 9 9 4 6 6 5 5 5 5 5 7
 21 21 26 22 22 20 31 31 26 26 37 42 42 39 59 59 49 49 16 15 15 18 20 20 26 26 15 16 16 21 24 24 21 21 13 9 9 4 6 6 5 5 5 5 5 7
 30 30 25 32 32 24 25 25 25 25 39 52 52 40 39 39 34 34 17 16 16 20 19 19 27 27 21 11 11 44 22 22 24 24 15 16 16 5 6 6 4 4 5 5 5 7
 34 34 38 31 31 25 19 19 24 24 42 54 54 45 39 39 36 36 20 24 24 23 31 31 26 26 24 10 10 8 11 11 12 12 12 15 15 8 7 7 4 4 5 5 5 6
 34 34 38 31 31 25 19 19 24 24 42 54 54 45 39 39 36 36 20 24 24 23 31 31 26 26 24 10 10 8 11 11 12 12 12 15 15 8 7 7 4 4 5 5 5 6
 27 27 40 37 37 39 22 22 22 22 25 30 30 50 39 39 34 34 37 43 43 43 31 31 27 27 29 15 15 10 10 10 19 19 11 11 11 11 7 7 7 7 4 4 4 5
 27 27 40 37 37 39 22 22 22 22 25 30 30 50 39 39 34 34 37 43 43 43 31 31 27 27 29 15 15 10 10 10 19 19 11 11 11 11 7 7 7 7 4 4 4 5
 21 21 29 26 26 24 22 22 18 18 21 20 20 31 37 37 36 36 42 43 43 37 37 37 26 26 28 20 20 14 8 8 12 12 10 11 11 10 7 7 6 6 3 3 3 4
 15 15 24 27 27 24 25 25 25 25 22 24 24 33 43 43 47 47 38 46 46 75 71 71 65 65 25 21 21 10 12 12 12 12 16 8 8 9 4 4 2 2 3 3 3 3
 15 15 24 27 27 24 25 25 25 25 22 24 24 33 43 43 47 47 38 46 46 75 71 71 65 65 25 21 21 10 12 12 12 12 16 8 8 9 4 4 2 2 3 3 3 3
 15 15 15 21 21 30 25 25 24 24 30 34 34 39 47 47 51 51 47 45 45 93 83 83 74 74 35 31 31 26 16 16 10 10 11 7 7 6 1 1 2 2 2 2 2 3
 16 16 14 16 16 20 19 19 20 20 34 35 35 39 43 43 50 50 58 50 50 44 36 36 25 25 41 38 38 29 21 21 16 16 16 4 4 3 3 3 1 1 1 2 2 2
 16 16 14 16 16 20 19 19 20 20 34 35 35 39 43 43 50 50 58 50 50 44 36 36 25 25 41 38 38 29 21 21 16 16 16 4 4 3 3 3 1 1 1 2 2 2
 26 26 21 13 13 17 19 19 24 24 31 33 33 35 36 36 39 39 32 38 38 37 22 22 19 19 40 36 36 32 20 20 15 15 6 4 4 6 7 7 1 1 1 1 1 1
 26 26 21 13 13 17 19 19 24 24 31 33 33 35 36 36 39 39 32 38 38 37 22 22 19 19 40 36 36 32 20 20 15 15 6 4 4 6 7 7 1 1 1 1 1 1
 35 35 32 24 24 16 17 17 21 21 23 24 24 28 31 31 32 32 34 28 28 26 20 20 24 24 24 27 27 25 21 21 14 14 9 8 8 6 9 9 1 1 1 1 1 1
 40 40 35 29 29 16 13 13 14 14 15 23 23 20 22 22 31 31 32 36 36 30 20 20 18 18 26 28 28 24 22 22 14 14 11 9 9 8 5 5 3 3 1 1 1 1
 40 40 35 29 29 16 13 13 14 14 15 23 23 20 22 22 31 31 32 36 36 30 20 20 18 18 26 28 28 24 22 22 14 14 11 9 9 8 5 5 3 3 1 1 1 1
 27 27 28 23 23 21 15 15 10 10 12 20 20 24 31 31 40 40 33 38 38 36 29 29 30 30 27 21 21 21 22 22 20 20 12 13 13 8 11 11 3 3 1 0 0 1
 15 15 19 13 13 13 15 15 9 9 12 13 13 13 29 29 39 39 44 34 34 35 30 30 29 29 31 24 24 25 23 23 20 20 17 11 11 8 1 1 2 2 1 0 0 0
 15 15 19 13 13 13 15 15 9 9 12 13 13 13 29 29 39 39 44 34 34 35 30 30 29 29 31 24 24 25 23 23 20 20 17 11 11 8 1 1 2 2 1 0 0 0
 12 12 10 10 10 10 10 10 10 10 16 13 13 13 33 33 39 39 51 41 41 33 33 33 23 23 19 16 16 15 22 22 21 21 23 21 21 8 1 1 1 1 1 1 1 0
 12 12 10 10 10 10 10 10 10 10 16 13 13 13 33 33 39 39 51 41 41 33 33 33 23 23 19 16 16 15 22 22 21 21 23 21 21 8 1 1 1 1 1 1 1 0
 11 11 11 11 11 10 10 10 10 10 14 14 14 17 26 26 33 33 36 52 52 36 33 33 31 31 18 18 18 17 16 16 25 25 22 21 21 8 2 2 2 2 2 1 1 0
 11 11 10 10 10 11 11 11 12 12 16 14 14 16 26 26 31 31 28 43 43 49 49 49 44 44 21 19 19 19 20 20 17 17 14 9 9 10 6 6 4 4 2 1 1 0
 11 11 10 10 10 11 11 11 12 12 16 14 14 16 26 26 31 31 28 43 43 49 49 49 44 44 21 19 19 19 20 20 17 17 14 9 9 10 6 6 4 4 2 1 1 0
 9 9 9 10 10 11 11 11 12 12 17 12 12 18 20 20 23 23 22 28 28 55 63 63 54 54 43 28 28 21 20 20 18 18 15 12 12 11 7 7 6 6 3 2 2 1
 11 11 10 10 10 12 12 12 13 13 15 13 13 20 22 22 42 42 41 29 29 42 35 35 57 57 54 27 27 26 19 19 20 20 20 13 13 13 9 9 6 6 5 1 1 1
