assets/RAT_results_old/precipitation/2020-05-30_IMERG.asc
ncols        46
nrows        77
xllcorner    74.800261325624
yllcorner    8.058333333333
cellsize     0.062500000000
NODATA_value -9999
 26 26 21 17 17 17 13 13 2 2 3 2 2 0 0 0 1 1 0 0 0 1 1 1 1 1 1 1 1 4 4 4 34 34 34 30 30 4 2 2 1 1 2 1 1 3
 53 53 43 22 22 36 17 17 6 6 3 1 1 0 1 1 1 1 0 1 1 0 1 1 1 1 1 1 1 0 4 4 3 3 4 4 4 3 2 2 1 1 1 1 1 1
 53 53 43 22 22 36 17 17 6 6 3 1 1 0 1 1 1 1 0 1 1 0 1 1 1 1 1 1 1 0 4 4 3 3 4 4 4 3 2 2 1 1 1 1 1 1
 51 51 55 62 62 33 37 37 27 27 14 1 1 1 0 0 1 1 0 1 1 1 1 1 1 1 1 1 1 1 3 3 1 1 2 2 2 2 2 2 1 1 1 1 1 1
 103 103 61 59 59 32 27 27 43 43 16 3 3 1 1 1 1 1 0 0 0 0 0 0 0 0 1 1 1 0 1 1 1 1 2 2 2 2 1 1 2 2 2 1 1 1
 103 103 61 59 59 32 27 27 43 43 16 3 3 1 1 1 1 1 0 0 0 0 0 0 0 0 1 1 1 0 1 1 1 1 2 2 2 2 1 1 2 2 2 1 1 1
 95 95 67 63 63 23 50 50 49 49 27 20 20 10 5 5 1 1 0 0 0 0 0 0 0 0 0 0 0 0 0 0 0 0 1 1 1 1 1 1 1 1 1 1 1 1
 95 95 67 63 63 23 50 50 49 49 27 20 20 10 5 5 1 1 0 0 0 0 0 0 0 0 0 0 0 0 0 0 0 0 1 1 1 1 1 1 1 1 1 1 1 1
 62 62 67 98 98 33 49 49 48 48 24 17 17 10 3 3 3 3 0 1 1 0 0 0 0 0 0 0 0 0 0 0 0 0 0 0 0 0 1 1 1 1 1 1 1 0
 80 80 110 112 112 89 21 21 25 25 25 24 24 18 3 3 3 3 1 0 0 0 0 0 0 0 0 0 0 1 1 1 0 0 0 0 0 0 0 0 0 0 0 0 0 0
 80 80 110 112 112 89 21 21 25 25 25 24 24 18 3 3 3 3 1 0 0 0 0 0 0 0 0 0 0 1 1 1 0 0 0 0 0 0 0 0 0 0 0 0 0 0
 93 93 37 56 56 34 29 29 27 27 19 24 24 27 15 15 14 14 1 0 0 0 0 0 0 0 0 0 0 1 1 1 1 1 1 0 0 0 0 0 0 0 0 0 0 0
 56 56 56 75 75 24 28 28 24 24 21 25 25 25 19 19 16 16 3 3 3 0 0 0 0 0 0 0 0 0 2 2 2 2 2 0 0 0 0 0 0 0 0 0 0 0
 56 56 56 75 75 24 28 28 24 24 21 25 25 25 19 19 16 16 3 3 3 0 0 0 0 0 0 0 0 0 2 2 2 2 2 0 0 0 0 0 0 0 0 0 0 0
 31 31 30 26 26 17 28 28 24 24 24 22 22 21 22 22 16 16 25 3 3 5 1 1 1 1 0 0 0 0 2 2 1 1 2 1 1 1 1 1 0 0 0 0 0 0
 31 31 30 26 26 17 28 28 24 24 24 22 22 21 22 22 16 16 25 3 3 5 1 1 1 1 0 0 0 0 2 2 1 1 2 1 1 1 1 1 0 0 0 0 0 0
 31 31 29 21 21 14 14 14 30 30 26 27 27 21 44 44 28 28 28 5 5 5 2 2 4 4 0 0 0 0 1 1 1 1 3 1 1 2 1 1 1 1 0 0 0 0
 9 9 8 7 7 15 15 15 66 66 30 32 32 44 45 45 49 49 102 7 7 6 2 2 2 2 4 0 0 0 0 0 1 1 2 0 0 1 1 1 1 1 0 0 0 0
 9 9 8 7 7 15 15 15 66 66 30 32 32 44 45 45 49 49 102 7 7 6 2 2 2 2 4 0 0 0 0 0 1 1 2 0 0 1 1 1 1 1 0 0 0 0
 6 6 10 8 8 18 18 18 64 64 37 36 36 28 146 146 93 93 102 32 32 7 0 0 0 0 0 0 0 0 0 0 0 0 1 0 0 0 0 0 0 0 0 0 0 0
 9 9 8 8 8 10 13 13 39 39 37 31 31 35 129 129 119 119 113 112 112 18 0 0 0 0 0 0 0 0 0 0 0 0 0 0 0 0 0 0 0 0 0 0 0 0
 9 9 8 8 8 10 13 13 39 39 37 31 31 35 129 129 119 119 113 112 112 18 0 0 0 0 0 0 0 0 0 0 0 0 0 0 0 0 0 0 0 0 0 0 0 0
 14 14 6 5 5 11 16 16 14 14 14 34 34 42 146 146 149 149 91 89 89 15 14 14 3 3 1 1 1 1 0 0 0 0 0 0 0 0 0 0 0 0 0 0 0 0
 14 14 6 5 5 11 16 16 14 14 14 34 34 42 146 146 149 149 91 89 89 15 14 14 3 3 1 1 1 1 0 0 0 0 0 0 0 0 0 0 0 0 0 0 0 0
 7 7 10 5 5 5 11 11 11 11 15 10 10 40 135 135 134 134 26 26 26 16 15 15 12 12 10 5 5 5 1 1 0 0 0 0 0 0 0 0 0 0 0 0 0 0
 3 3 5 3 3 3 9 9 9 9 16 10 10 60 65 65 138 138 72 8 8 10 10 10 13 13 10 5 5 2 0 0 0 0 0 0 0 0 0 0 0 0 0 0 0 0
 3 3 5 3 3 3 9 9 9 9 16 10 10 60 65 65 138 138 72 8 8 10 10 10 13 13 10 5 5 2 0 0 0 0 0 0 0 0 0 0 0 0 0 0 0 0
 4 4 2 3 3 3 10 10 9 9 16 14 14 66 59 59 73 73 72 8 8 4 11 11 15 15 10 5 5 2 0 0 0 0 0 0 0 0 0 0 0 0 0 0 0 0
 4 4 2 2 2 7 7 7 6 6 15 14 14 67 75 75 15 15 12 3 3 3 10 10 10 10 10 4 4 5 0 0 0 0 0 0 0 0 0 0 0 0 0 0 0 0
 4 4 2 2 2 7 7 7 6 6 15 14 14 67 75 75 15 15 12 3 3 3 10 10 10 10 10 4 4 5 0 0 0 0 0 0 0 0 0 0 0 0 0 0 0 0
 4 4 3 2 2 6 5 5 6 6 15 15 15 15 16 16 17 17 13 2 2 1 2 2 1 1 5 4 4 5 8 8 4 4 3 0 0 0 0 0 0 0 0 0 0 0
 4 4 3 2 2 6 5 5 6 6 15 15 15 15 16 16 17 17 13 2 2 1 2 2 1 1 5 4 4 5 8 8 4 4 3 0 0 0 0 0 0 0 0 0 0 0
 4 4 3 2 2 6 5 5 6 6 9 8 8 14 12 12 13 13 6 1 1 1 2 2 4 4 8 7 7 9 9 9 4 4 6 3 3 0 0 0 0 0 0 0 0 0
 3 3 3 2 2 5 4 4 7 7 8 7 7 6 11 11 7 7 3 3 3 3 2 2 5 5 9 8 8 11 10 10 4 4 6 5 5 7 0 0 1 1 1 0 0 0
 3 3 3 2 2 5 4 4 7 7 8 7 7 6 11 11 7 7 3 3 3 3 2 2 5 5 9 8 8 11 10 10 4 4 6 5 5 7 0 0 1 1 1 0 0 0
 3 3 2 3 3 4 5 5 7 7 7 8 8 5 4 4 2 2 3 3 3 3 4 4 15 15 16 25 25 12 10 10 4 4 4 6 6 10 1 1 3 3 1 0 0 1
 2 2 2 2 2 3 3 3 4 4 4 4 4 4 3 3 6 6 6 6 6 5 5 5 11 11 16 30 30 19 18 18 5 5 4 2 2 11 7 7 4 4 2 1 1 1
 2 2 2 2 2 3 3 3 4 4 4 4 4 4 3 3 6 6 6 6 6 5 5 5 11 11 16 30 30 19 18 18 5 5 4 2 2 11 7 7 4 4 2 1 1 1
 1 1 1 1 1 1 1 1 3 3 5 4 4 5 6 6 7 7 8 11 11 8 7 7 7 7 8 25 25 23 75 75 28 28 22 6 6 2 6 6 11 11 2 1 1 2
 1 1 1 1 1 1 1 1 3 3 5 4 4 5 6 6 7 7 8 11 11 8 7 7 7 7 8 25 25 23 75 75 28 28 22 6 6 2 6 6 11 11 2 1 1 2
 2 2 1 1 1 0 1 1 2 2 3 3 3 8 2 2 7 7 8 17 17 15 11 11 9 9 7 16 16 18 76 76 50 50 25 11 11 21 3 3 4 4 1 2 2 1
 1 1 1 1 1 0 0 0 1 1 2 2 2 10 5 5 6 6 8 12 12 16 10 10 8 8 6 9 9 8 86 86 88 88 29 22 22 20 4 4 3 3 1 3 3 4
 1 1 1 1 1 0 0 0 1 1 2 2 2 10 5 5 6 6 8 12 12 16 10 10 8 8 6 9 9 8 86 86 88 88 29 22 22 20 4 4 3 3 1 3 3 4
 0 0 1 0 0 0 1 1 0 0 1 2 2 3 2 2 1 1 7 12 12 13 6 6 5 5 3 8 8 15 91 91 16 16 12 10 10 12 5 5 3 3 1 3 3 5
 0 0 0 0 0 0 0 0 0 0 1 2 2 3 3 3 5 5 8 11 11 9 6 6 4 4 3 4 4 12 14 14 10 10 13 7 7 11 3 3 2 2 1 1 1 5
 0 0 0 0 0 0 0 0 0 0 1 2 2 3 3 3 5 5 8 11 11 9 6 6 4 4 3 4 4 12 14 14 10 10 13 7 7 11 3 3 2 2 1 1 1 5
 0 0 0 0 0 0 0 0 0 0 0 1 1 1 3 3 4 4 9 9 9 15 8 8 2 2 2 6 6 13 15 15 14 14 12 8 8 7 3 3 3 3 2 0 0 1
 0 0 0 0 0 0 0 0 0 0 0 1 1 1 3 3 4 4 9 9 9 15 8 8 2 2 2 6 6 13 15 15 14 14 12 8 8 7 3 3 3 3 2 0 0 1
 1 1 1 0 0 0 0 0 0 0 0 0 0 1 3 3 13 13 14 16 16 10 4 4 2 2 2 5 5 5 9 9 9 9 11 13 13 2 2 2 3 3 3 0 0 0
 0 0 1 1 1 1 0 0 0 0 0 0 0 1 17 17 10 10 19 6 6 3 2 2 2 2 1 1 1 1 0 0 7 7 10 12 12 2 1 1 5 5 2 5 5 0
 0 0 1 1 1 1 0 0 0 0 0 0 0 1 17 17 10 10 19 6 6 3 2 2 2 2 1 1 1 1 0 0 7 7 10 12 12 2 1 1 5 5 2 5 5 0
 0 0 0 0 0 0 0 0 0 0 0 0 0 1 7 7 10 10 12 10 10 1 2 2 2 2 2 0 0 1 1 1 17 17 20 27 27 27 1 1 3 3 3 5 5 0
 0 0 0 0 0 1 1 1 0 0 0 1 1 1 2 2 4 4 5 3 3 1 1 1 3 3 1 1 1 2 5 5 20 20 20 27 27 2 0 0 1 1 0 6 6 0
 0 0 0 0 0 1 1 1 0 0 0 1 1 1 2 2 4 4 5 3 3 1 1 1 3 3 1 1 1 2 5 5 20 20 20 27 27 2 0 0 1 1 0 6 6 0
 0 0 0 0 0 0 0 0 1 1 0 0 0 1 3 3 8 8 4 1 1 1 1 1 2 2 2 2 2 2 5 5 7 7 14 13 13 4 0 0 1 1 1 0 0 0
 0 0 0 0 0 0 0 0 1 1 0 0 0 1 3 3 8 8 4 1 1 1 1 1 2 2 2 2 2 2 5 5 7 7 14 13 13 4 0 0 1 1 1 0 0 0
 1 1 0 0 0 0 0 0 3 3 1 0 0 1 4 4 9 9 6 2 2 1 1 1 1 1 2 2 2 2 5 5 5 5 6 12 12 1 1 1 0 0 0 0 0 0
 1 1 0 0 0 0 0 0 0 0 1 1 1 2 2 2 5 5 2 7 7 0 0 0 0 0 2 2 2 1 1 1 2 2 1 8 8 2 0 0 0 0 0 0 0 0
 1 1 0 0 0 0 0 0 0 0 1 1 1 2 2 2 5 5 2 7 7 0 0 0 0 0 2 2 2 1 1 1 2 2 1 8 8 2 0 0 0 0 0 0 0 0
 1 1 1 0 0 3 3 3 0 0 0 0 0 1 2 2 3 3 2 0 0 7 1 1 0 0 1 2 2 0 0 0 0 0 1 0 0 0 0 0 0 0 0 0 0 0
 1 1 1 0 0 2 2 2 0 0 0 0 0 1 1 1 2 2 3 0 0 1 1 1 0 0 0 0 0 1 0 0 0 0 0 0 0 2 3 3 0 0 0 0 0 0
 1 1 1 0 0 2 2 2 0 0 0 0 0 1 1 1 2 2 3 0 0 1 1 1 0 0 0 0 0 1 0 0 0 0 0 0 0 2 3 3 0 0 0 0 0 0
 1 1 2 1 1 2 2 2 0 0 0 0 0 1 1 1 1 1 2 0 0 1 2 2 2 2 0 1 1 1 2 2 0 0 0 0 0 2 3 3 1 1 0 0 0 0
 1 1 2 1 1 2 2 2 0 0 0 0 0 1 1 1 1 1 2 0 0 1 2 2 2 2 0 1 1 1 2 2 0 0 0 0 0 2 3 3 1 1 0 0 0 0
 1 1 1 0 0 0 0 0 0 0 0 0 0 0 1 1 1 1 1 1 1 0 0 0 1 1 0 0 0 1 1 1 3 3 1 0 0 4 4 4 4 4 1 0 0 0
 1 1 1 1 1 0 0 0 0 0 0 0 0 0 0 0 1 1 0 0 0 0 0 0 0 0 0 0 0 0 0 0 2 2 0 0 0 0 0 0 1 1 3 0 0 0
 1 1 1 1 1 0 0 0 0 0 0 0 0 0 0 0 1 1 0 0 0 0 0 0 0 0 0 0 0 0 0 0 2 2 0 0 0 0 0 0 1 1 3 0 0 0
 1 1 1 1 1 0 0 0 0 0 1 0 0 0 1 1 1 1 0 0 0 0 0 0 0 0 0 0 0 2 1 1 1 1 0 0 0 0 0 0 0 0 0 0 0 0
 1 1 1 1 1 0 0 0 0 0 1 1 1 1 1 1 1 1 0 0 0 0 0 0 0 0 1 0 0 0 1 1 1 1 2 0 0 3 0 0 0 0 1 0 0 0
 1 1 1 1 1 0 0 0 0 0 1 1 1 1 1 1 1 1 0 0 0 0 0 0 0 0 1 0 0 0 1 1 1 1 2 0 0 3 0 0 0 0 1 0 0 0
 1 1 1 1 1 0 0 0 0 0 0 0 0 0 0 0 1 1 1 1 1 0 1 1 0 0 0 0 0 0 1 1 2 2 2 3 3 4 0 0 0 0 0 0 0 0
 1 1 1 1 1 0 0 0 0 0 0 0 0 0 0 0 1 1 1 1 1 0 1 1 0 0 0 0 0 0 1 1 2 2 2 3 3 4 0 0 0 0 0 0 0 0
 2 2 2 1 1 1 0 0 0 0 0 0 0 0 0 0 0 0 1 1 1 0 0 0 0 0 0 0 0 0 0 0 2 2 2 1 1 1 5 5 0 0 0 0 0 0
 4 4 2 1 1 2 1 1 0 0 0 0 0 0 0 0 0 0 0 0 0 0 0 0 0 0 0 0 0 0 0 0 0 0 0 1 1 3 2 2 7 7 1 0 0 0
 4 4 2 1 1 2 1 1 0 0 0 0 0 0 0 0 0 0 0 0 0 0 0 0 0 0 0 0 0 0 0 0 0 0 0 1 1 3 2 2 7 7 1 0 0 0
 5 5 3 2 2 2 1 1 0 0 0 0 0 0 0 0 0 0 0 0 0 0 0 0 0 0 0 0 0 0 0 0 0 0 0 0 0 0 2 2 2 2 2 0 0 0
 7 7 3 2 2 2 0 0 0 0 0 0 0 0 0 0 0 0 0 0 0 0 0 0 0 0 0 0 0 0 0 0 0 0 0 0 0 0 0 0 1 1 1 0 0 0
