assets/RAT_results_old/precipitation/2020-05-16_IMERG.asc
ncols        46
nrows        77
xllcorner    74.800261325624
yllcorner    8.058333333333
cellsize     0.062500000000
NODATA_value -9999
 1 1 0 0 0 1 1 1 1 1 3 3 3 3 2 2 1 1 1 0 0 0 0 0 0 0 0 0 0 1 1 1 0 0 0 0 0 1 1 1 0 0 0 0 0 0
 1 1 1 1 1 1 2 2 1 1 2 2 2 2 2 2 1 1 1 1 1 1 1 1 1 1 1 1 1 1 1 1 0 0 0 0 0 1 2 2 1 1 0 0 0 0
 1 1 1 1 1 1 2 2 1 1 2 2 2 2 2 2 1 1 1 1 1 1 1 1 1 1 1 1 1 1 1 1 0 0 0 0 0 1 2 2 1 1 0 0 0 0
 1 1 2 1 1 2 2 2 1 1 1 1 1 1 1 1 1 1 1 1 1 2 1 1 2 2 1 1 1 1 0 0 0 0 0 0 0 1 2 2 2 2 1 0 0 0
 1 1 2 1 1 2 2 2 1 1 1 1 1 1 1 1 1 1 1 1 1 1 2 2 3 3 2 1 1 1 1 1 0 0 0 0 0 0 1 1 2 2 2 1 1 0
 1 1 2 1 1 2 2 2 1 1 1 1 1 1 1 1 1 1 1 1 1 1 2 2 3 3 2 1 1 1 1 1 0 0 0 0 0 0 1 1 2 2 2 1 1 0
 1 1 1 1 1 2 1 1 1 1 1 1 1 1 0 0 1 1 0 0 0 0 1 1 4 4 4 1 1 1 1 1 0 0 0 0 0 0 0 0 0 0 1 1 1 1
 1 1 1 1 1 2 1 1 1 1 1 1 1 1 0 0 1 1 0 0 0 0 1 1 4 4 4 1 1 1 1 1 0 0 0 0 0 0 0 0 0 0 1 1 1 1
 1 1 1 1 1 1 2 2 3 3 0 0 0 0 1 1 1 1 1 0 0 0 0 0 3 3 3 2 2 1 0 0 0 0 0 0 0 0 0 0 0 0 1 1 1 1
 1 1 1 1 1 1 1 1 1 1 0 1 1 1 1 1 1 1 1 0 0 0 0 0 1 1 1 1 1 0 0 0 0 0 0 0 0 1 1 1 0 0 0 0 0 0
 1 1 1 1 1 1 1 1 1 1 0 1 1 1 1 1 1 1 1 0 0 0 0 0 1 1 1 1 1 0 0 0 0 0 0 0 0 1 1 1 0 0 0 0 0 0
 0 0 0 1 1 1 1 1 1 1 1 0 0 1 1 1 1 1 1 0 0 0 0 0 0 0 0 0 0 0 0 0 0 0 0 0 0 0 1 1 1 1 0 0 0 0
 0 0 0 0 0 1 1 1 1 1 1 0 0 1 1 1 0 0 0 0 0 0 0 0 0 0 0 0 0 0 0 0 0 0 0 0 0 0 1 1 0 0 0 0 0 1
 0 0 0 0 0 1 1 1 1 1 1 0 0 1 1 1 0 0 0 0 0 0 0 0 0 0 0 0 0 0 0 0 0 0 0 0 0 0 1 1 0 0 0 0 0 1
 1 1 0 0 0 1 1 1 1 1 1 0 0 1 0 0 0 0 0 0 0 0 0 0 0 0 0 0 0 0 0 0 0 0 0 0 0 1 1 1 1 1 1 0 0 0
 1 1 0 0 0 1 1 1 1 1 1 0 0 1 0 0 0 0 0 0 0 0 0 0 0 0 0 0 0 0 0 0 0 0 0 0 0 1 1 1 1 1 1 0 0 0
 1 1 1 0 0 1 1 1 1 1 2 1 1 1 0 0 0 0 0 0 0 0 0 0 0 0 0 0 0 0 0 0 0 0 0 0 0 0 0 0 0 0 0 0 0 0
 1 1 1 1 1 1 1 1 1 1 2 2 2 1 0 0 0 0 0 0 0 0 0 0 0 0 0 0 0 0 0 0 0 0 0 0 0 0 0 0 0 0 0 1 1 0
 1 1 1 1 1 1 1 1 1 1 2 2 2 1 0 0 0 0 0 0 0 0 0 0 0 0 0 0 0 0 0 0 0 0 0 0 0 0 0 0 0 0 0 1 1 0
 1 1 1 0 0 1 1 1 1 1 1 2 2 1 0 0 0 0 0 0 0 0 0 0 0 0 0 0 0 0 0 0 0 0 0 0 0 0 0 0 1 1 1 1 1 1
 1 1 0 1 1 1 2 2 2 2 2 2 2 1 1 1 0 0 0 0 0 0 0 0 0 0 0 0 0 0 0 0 0 0 0 1 1 0 0 0 0 0 0 0 0 1
 1 1 0 1 1 1 2 2 2 2 2 2 2 1 1 1 0 0 0 0 0 0 0 0 0 0 0 0 0 0 0 0 0 0 0 1 1 0 0 0 0 0 0 0 0 1
 1 1 1 1 1 3 9 9 8 8 8 13 13 2 1 1 1 1 0 0 0 0 0 0 0 0 0 0 0 0 0 0 0 0 0 1 1 0 0 0 0 0 0 0 0 1
 1 1 1 1 1 3 9 9 8 8 8 13 13 2 1 1 1 1 0 0 0 0 0 0 0 0 0 0 0 0 0 0 0 0 0 1 1 0 0 0 0 0 0 0 0 1
 1 1 1 1 1 3 10 10 9 9 8 12 12 12 8 8 1 1 0 0 0 0 0 0 0 0 0 0 0 0 0 0 0 0 0 1 1 0 1 1 1 1 1 0 0 1
 1 1 0 1 1 1 10 10 16 16 15 14 14 17 15 15 1 1 0 0 0 0 0 0 1 1 0 0 0 0 0 0 0 0 0 0 0 0 0 0 1 1 1 0 0 0
 1 1 0 1 1 1 10 10 16 16 15 14 14 17 15 15 1 1 0 0 0 0 0 0 1 1 0 0 0 0 0 0 0 0 0 0 0 0 0 0 1 1 1 0 0 0
 1 1 1 1 1 0 1 1 1 1 14 13 13 17 16 16 5 5 1 1 1 1 0 0 1 1 0 0 0 1 1 1 0 0 0 0 0 0 0 0 0 0 0 0 0 0
 1 1 1 1 1 0 0 0 0 0 1 1 1 5 3 3 4 4 1 1 1 1 0 0 0 0 0 1 1 1 1 1 1 1 1 1 1 0 0 0 0 0 0 0 0 0
 1 1 1 1 1 0 0 0 0 0 1 1 1 5 3 3 4 4 1 1 1 1 0 0 0 0 0 1 1 1 1 1 1 1 1 1 1 0 0 0 0 0 0 0 0 0
 1 1 1 0 0 1 1 1 0 0 0 1 1 0 3 3 4 4 1 1 1 1 0 0 0 0 0 0 0 0 0 0 1 1 1 1 1 1 0 0 0 0 0 0 0 1
 1 1 1 0 0 1 1 1 0 0 0 1 1 0 3 3 4 4 1 1 1 1 0 0 0 0 0 0 0 0 0 0 1 1 1 1 1 1 0 0 0 0 0 0 0 1
 0 0 0 1 1 1 1 1 1 1 0 0 0 0 1 1 2 2 1 1 1 1 1 1 0 0 0 0 0 0 0 0 1 1 1 1 1 1 0 0 1 1 0 0 0 0
 0 0 0 0 0 1 1 1 1 1 0 1 1 0 2 2 2 2 1 1 1 0 1 1 1 1 0 0 0 0 0 0 0 0 0 0 0 0 0 0 1 1 1 1 1 2
 0 0 0 0 0 1 1 1 1 1 0 1 1 0 2 2 2 2 1 1 1 0 1 1 1 1 0 0 0 0 0 0 0 0 0 0 0 0 0 0 1 1 1 1 1 2
 0 0 0 0 0 1 1 1 1 1 1 2 2 2 8 8 8 8 1 1 1 0 0 0 1 1 0 0 0 0 0 0 1 1 1 1 1 1 1 1 1 1 2 4 4 6
 0 0 0 1 1 1 1 1 2 2 3 7 7 6 10 10 10 10 2 2 2 1 1 1 0 0 0 0 0 1 1 1 1 1 1 1 1 1 2 2 2 2 3 4 4 7
 0 0 0 1 1 1 1 1 2 2 3 7 7 6 10 10 10 10 2 2 2 1 1 1 0 0 0 0 0 1 1 1 1 1 1 1 1 1 2 2 2 2 3 4 4 7
 0 0 0 0 0 0 1 1 1 1 3 4 4 6 4 4 4 4 5 5 5 3 1 1 0 0 0 1 1 1 1 1 1 1 1 1 1 1 1 1 2 2 4 5 5 7
 0 0 0 0 0 0 1 1 1 1 3 4 4 6 4 4 4 4 5 5 5 3 1 1 0 0 0 1 1 1 1 1 1 1 1 1 1 1 1 1 2 2 4 5 5 7
 0 0 0 0 0 0 0 0 1 1 1 4 4 5 4 4 6 6 4 3 3 2 3 3 0 0 0 1 1 1 1 1 1 1 2 2 2 2 1 1 1 1 2 4 4 6
 0 0 0 0 0 0 0 0 0 0 1 3 3 5 11 11 11 11 6 1 1 1 5 5 0 0 0 1 1 2 2 2 1 1 2 2 2 2 1 1 2 2 1 3 3 3
 0 0 0 0 0 0 0 0 0 0 1 3 3 5 11 11 11 11 6 1 1 1 5 5 0 0 0 1 1 2 2 2 1 1 2 2 2 2 1 1 2 2 1 3 3 3
 0 0 0 0 0 4 1 1 1 1 2 3 3 5 8 8 11 11 4 7 7 1 1 1 1 1 1 1 1 2 2 2 1 1 1 1 1 2 1 1 1 1 1 1 1 1
 0 0 1 12 12 12 1 1 2 2 2 2 2 3 2 2 9 9 1 1 1 1 1 1 2 2 1 1 1 2 3 3 1 1 1 1 1 1 1 1 1 1 1 1 1 2
 0 0 1 12 12 12 1 1 2 2 2 2 2 3 2 2 9 9 1 1 1 1 1 1 2 2 1 1 1 2 3 3 1 1 1 1 1 1 1 1 1 1 1 1 1 2
 1 1 1 12 12 12 11 11 11 11 11 5 5 3 2 2 1 1 1 1 1 0 0 0 1 1 1 1 1 2 3 3 1 1 0 0 0 0 0 0 1 1 1 2 2 2
 1 1 1 12 12 12 11 11 11 11 11 5 5 3 2 2 1 1 1 1 1 0 0 0 1 1 1 1 1 2 3 3 1 1 0 0 0 0 0 0 1 1 1 2 2 2
 1 1 1 1 1 7 7 7 10 10 10 5 5 3 2 2 1 1 1 0 0 1 1 1 2 2 2 3 3 1 2 2 2 2 0 0 0 0 0 0 1 1 2 3 3 3
 2 2 1 1 1 7 8 8 13 13 15 12 12 9 2 2 2 2 0 0 0 1 1 1 2 2 2 5 5 4 1 1 2 2 0 0 0 0 1 1 1 1 3 2 2 2
 2 2 1 1 1 7 8 8 13 13 15 12 12 9 2 2 2 2 0 0 0 1 1 1 2 2 2 5 5 4 1 1 2 2 0 0 0 0 1 1 1 1 3 2 2 2
 2 2 11 11 11 12 10 10 16 16 19 17 17 16 3 3 3 3 1 1 1 1 1 1 2 2 2 2 2 1 1 1 1 1 0 0 0 0 0 0 1 1 2 1 1 1
 6 6 16 16 16 14 12 12 19 19 18 20 20 17 10 10 1 1 1 1 1 10 10 10 3 3 2 2 2 1 1 1 1 1 0 0 0 0 0 0 1 1 1 1 1 1
 6 6 16 16 16 14 12 12 19 19 18 20 20 17 10 10 1 1 1 1 1 10 10 10 3 3 2 2 2 1 1 1 1 1 0 0 0 0 0 0 1 1 1 1 1 1
 14 14 24 27 27 25 18 18 17 17 47 112 112 17 18 18 9 9 2 2 2 10 11 11 2 2 2 2 2 1 1 1 1 1 1 1 1 0 1 1 1 1 1 1 1 1
 14 14 24 27 27 25 18 18 17 17 47 112 112 17 18 18 9 9 2 2 2 10 11 11 2 2 2 2 2 1 1 1 1 1 1 1 1 0 1 1 1 1 1 1 1 1
 22 22 26 20 20 25 18 18 20 20 19 111 111 21 18 18 11 11 7 6 6 4 7 7 12 12 12 2 2 1 1 1 1 1 1 1 1 2 1 1 1 1 1 1 1 2
 22 22 21 17 17 18 16 16 20 20 20 51 51 20 20 20 11 11 10 10 10 10 13 13 11 11 14 7 7 1 1 1 1 1 1 1 1 2 3 3 3 3 2 1 1 2
 22 22 21 17 17 18 16 16 20 20 20 51 51 20 20 20 11 11 10 10 10 10 13 13 11 11 14 7 7 1 1 1 1 1 1 1 1 2 3 3 3 3 2 1 1 2
 14 14 13 12 12 11 9 9 17 17 21 20 20 14 20 20 11 11 10 11 11 10 14 14 15 15 11 7 7 4 1 1 1 1 1 2 2 1 2 2 3 3 1 1 1 2
 6 6 6 5 5 8 9 9 12 12 18 17 17 15 11 11 11 11 11 10 10 10 10 10 11 11 11 7 7 6 1 1 1 1 1 1 1 1 1 1 1 1 1 2 2 2
 6 6 6 5 5 8 9 9 12 12 18 17 17 15 11 11 11 11 11 10 10 10 10 10 11 11 11 7 7 6 1 1 1 1 1 1 1 1 1 1 1 1 1 2 2 2
 5 5 5 4 4 6 12 12 14 14 24 24 24 22 22 22 15 15 16 10 10 10 10 10 9 9 11 14 14 10 8 8 6 6 1 1 1 1 0 0 1 1 1 2 2 2
 5 5 5 4 4 6 12 12 14 14 24 24 24 22 22 22 15 15 16 10 10 10 10 10 9 9 11 14 14 10 8 8 6 6 1 1 1 1 0 0 1 1 1 2 2 2
 3 3 3 3 3 8 11 11 12 12 17 18 18 22 22 22 15 15 15 10 10 9 9 9 10 10 9 9 9 13 9 9 4 4 3 3 3 1 1 1 1 1 1 1 1 2
 2 2 4 7 7 7 11 11 12 12 16 16 16 18 18 18 14 14 10 10 10 9 9 9 7 7 8 8 8 13 13 13 8 8 4 3 3 1 1 1 1 1 1 1 1 2
 2 2 4 7 7 7 11 11 12 12 16 16 16 18 18 18 14 14 10 10 10 9 9 9 7 7 8 8 8 13 13 13 8 8 4 3 3 1 1 1 1 1 1 1 1 2
 1 1 3 7 7 7 10 10 10 10 11 11 11 11 11 11 10 10 9 9 9 8 8 8 7 7 4 4 4 8 14 14 12 12 4 1 1 1 1 1 1 1 1 1 1 1
 3 3 4 4 4 8 8 8 8 8 10 9 9 9 9 9 8 8 8 8 8 8 7 7 7 7 8 5 5 7 7 7 8 8 5 1 1 1 1 1 1 1 2 2 2 1
 3 3 4 4 4 8 8 8 8 8 10 9 9 9 9 9 8 8 8 8 8 8 7 7 7 7 8 5 5 7 7 7 8 8 5 1 1 1 1 1 1 1 2 2 2 1
 1 1 4 1 1 8 8 8 7 7 10 10 10 9 8 8 8 8 8 7 7 7 7 7 7 7 7 5 5 4 8 8 4 4 5 2 2 1 0 0 1 1 1 1 1 1
 1 1 4 1 1 8 8 8 7 7 10 10 10 9 8 8 8 8 8 7 7 7 7 7 7 7 7 5 5 4 8 8 4 4 5 2 2 1 0 0 1 1 1 1 1 1
 1 1 1 0 0 2 3 3 3 3 4 7 7 7 7 7 7 7 8 7 7 7 5 5 8 8 8 8 8 4 7 7 5 5 6 5 5 3 1 1 1 1 1 1 1 1
 1 1 0 0 0 1 1 1 1 1 2 7 7 6 6 6 2 2 2 5 5 3 2 2 5 5 8 8 8 0 1 1 3 3 6 3 3 4 2 2 2 2 1 1 1 1
 1 1 0 0 0 1 1 1 1 1 2 7 7 6 6 6 2 2 2 5 5 3 2 2 5 5 8 8 8 0 1 1 3 3 6 3 3 4 2 2 2 2 1 1 1 1
 0 0 1 1 1 1 1 1 0 0 1 3 3 6 2 2 0 0 1 5 5 2 2 2 5 5 5 6 6 0 0 0 0 0 5 5 5 4 5 5 4 4 2 2 2 2
 0 0 0 1 1 1 1 1 1 1 1 1 1 6 2 2 0 0 0 1 1 1 0 0 0 0 0 1 1 0 0 0 0 0 0 1 1 1 4 4 3 3 2 2 2 2
