assets/RAT_results_old/precipitation/2020-05-28_IMERG.asc
ncols        46
nrows        77
xllcorner    74.800261325624
yllcorner    8.058333333333
cellsize     0.062500000000
NODATA_value -9999
 0 0 1 0 0 0 0 0 0 0 0 0 0 0 0 0 0 0 0 0 0 0 0 0 0 0 0 1 1 1 2 2 3 3 5 5 5 4 3 3 4 4 4 5 5 9
 0 0 0 0 0 0 0 0 0 0 0 0 0 0 0 0 0 0 0 0 0 0 0 0 0 0 0 1 1 3 4 4 5 5 7 8 8 14 11 11 11 11 5 5 5 5
 0 0 0 0 0 0 0 0 0 0 0 0 0 0 0 0 0 0 0 0 0 0 0 0 0 0 0 1 1 3 4 4 5 5 7 8 8 14 11 11 11 11 5 5 5 5
 0 0 0 0 0 1 0 0 0 0 0 0 0 0 0 0 0 0 0 0 0 0 1 1 1 1 1 2 2 3 7 7 7 7 7 12 12 22 17 17 16 16 10 11 11 6
 0 0 1 1 1 1 1 1 0 0 0 0 0 0 0 0 0 0 0 0 0 0 0 0 1 1 1 2 2 5 9 9 15 15 49 26 26 28 20 20 17 17 11 9 9 7
 0 0 1 1 1 1 1 1 0 0 0 0 0 0 0 0 0 0 0 0 0 0 0 0 1 1 1 2 2 5 9 9 15 15 49 26 26 28 20 20 17 17 11 9 9 7
 0 0 0 1 1 1 1 1 1 1 0 0 0 0 1 1 2 2 0 0 0 0 1 1 1 1 2 5 5 7 17 17 14 14 43 25 25 25 27 27 22 22 16 13 13 7
 0 0 0 1 1 1 1 1 1 1 0 0 0 0 1 1 2 2 0 0 0 0 1 1 1 1 2 5 5 7 17 17 14 14 43 25 25 25 27 27 22 22 16 13 13 7
 0 0 0 1 1 1 1 1 0 0 0 0 0 0 0 0 1 1 1 0 0 1 2 2 3 3 3 5 5 8 13 13 21 21 52 34 34 36 22 22 21 21 14 14 14 8
 0 0 0 1 1 1 1 1 0 0 0 0 0 0 0 0 0 0 0 0 0 1 5 5 7 7 3 12 12 17 22 22 22 22 46 65 65 30 32 32 22 22 20 17 17 17
 0 0 0 1 1 1 1 1 0 0 0 0 0 0 0 0 0 0 0 0 0 1 5 5 7 7 3 12 12 17 22 22 22 22 46 65 65 30 32 32 22 22 20 17 17 17
 0 0 0 0 0 1 5 5 2 2 1 0 0 0 0 0 1 1 2 1 1 1 3 3 4 4 4 5 5 13 32 32 36 36 60 70 70 35 31 31 22 22 20 19 19 18
 0 0 0 0 0 3 6 6 7 7 12 1 1 0 0 0 3 3 3 2 2 4 3 3 2 2 4 8 8 8 34 34 44 44 41 57 57 36 32 32 22 22 20 23 23 18
 0 0 0 0 0 3 6 6 7 7 12 1 1 0 0 0 3 3 3 2 2 4 3 3 2 2 4 8 8 8 34 34 44 44 41 57 57 36 32 32 22 22 20 23 23 18
 0 0 1 1 1 1 3 3 10 10 10 2 2 0 0 0 4 4 5 5 5 8 6 6 5 5 9 10 10 10 21 21 43 43 44 57 57 56 33 33 24 24 22 23 23 20
 0 0 1 1 1 1 3 3 10 10 10 2 2 0 0 0 4 4 5 5 5 8 6 6 5 5 9 10 10 10 21 21 43 43 44 57 57 56 33 33 24 24 22 23 23 20
 0 0 0 1 1 3 5 5 2 2 9 7 7 1 4 4 6 6 7 8 8 11 15 15 10 10 12 14 14 13 20 20 37 37 42 59 59 56 35 35 42 42 21 28 28 23
 0 0 2 8 8 1 1 1 6 6 5 3 3 2 8 8 8 8 15 11 11 12 14 14 11 11 15 13 13 14 26 26 40 40 42 60 60 53 42 42 41 41 21 28 28 23
 0 0 2 8 8 1 1 1 6 6 5 3 3 2 8 8 8 8 15 11 11 12 14 14 11 11 15 13 13 14 26 26 40 40 42 60 60 53 42 42 41 41 21 28 28 23
 1 1 12 24 24 27 1 1 1 1 2 5 5 10 9 9 14 14 23 12 12 18 20 20 14 14 19 15 15 13 20 20 28 28 29 32 32 52 38 38 22 22 21 27 27 22
 1 1 10 23 23 36 23 23 1 1 1 5 5 7 11 11 14 14 21 20 20 17 16 16 31 31 22 21 21 20 13 13 19 19 26 22 22 23 23 23 21 21 22 18 18 25
 1 1 10 23 23 36 23 23 1 1 1 5 5 7 11 11 14 14 21 20 20 17 16 16 31 31 22 21 21 20 13 13 19 19 26 22 22 23 23 23 21 21 22 18 18 25
 1 1 7 27 27 24 8 8 2 2 3 3 3 8 13 13 19 19 20 22 22 15 10 10 13 13 27 28 28 47 19 19 23 23 24 23 23 27 29 29 21 21 21 21 21 27
 1 1 7 27 27 24 8 8 2 2 3 3 3 8 13 13 19 19 20 22 22 15 10 10 13 13 27 28 28 47 19 19 23 23 24 23 23 27 29 29 21 21 21 21 21 27
 1 1 2 5 5 32 12 12 3 3 2 4 4 8 13 13 15 15 19 15 15 16 10 10 10 10 21 17 17 26 24 24 26 26 24 25 25 28 27 27 24 24 25 26 26 30
 1 1 3 8 8 22 19 19 7 7 3 3 3 9 12 12 14 14 20 17 17 13 13 13 13 13 15 17 17 16 24 24 20 20 25 24 24 26 34 34 28 28 26 30 30 30
 1 1 3 8 8 22 19 19 7 7 3 3 3 9 12 12 14 14 20 17 17 13 13 13 13 13 15 17 17 16 24 24 20 20 25 24 24 26 34 34 28 28 26 30 30 30
 1 1 2 3 3 17 29 29 11 11 5 8 8 7 12 12 20 20 22 21 21 20 14 14 20 20 17 19 19 15 13 13 16 16 15 24 24 38 32 32 26 26 25 33 33 34
 2 2 2 3 3 34 62 62 16 16 8 6 6 8 13 13 14 14 20 13 13 17 17 17 12 12 13 19 19 23 12 12 14 14 23 22 22 23 23 23 34 34 23 14 14 12
 2 2 2 3 3 34 62 62 16 16 8 6 6 8 13 13 14 14 20 13 13 17 17 17 12 12 13 19 19 23 12 12 14 14 23 22 22 23 23 23 34 34 23 14 14 12
 3 3 3 4 4 41 29 29 17 17 7 5 5 8 16 16 13 13 14 11 11 13 12 12 17 17 12 31 31 91 54 54 16 16 21 23 23 22 22 22 28 28 17 23 23 13
 3 3 3 4 4 41 29 29 17 17 7 5 5 8 16 16 13 13 14 11 11 13 12 12 17 17 12 31 31 91 54 54 16 16 21 23 23 22 22 22 28 28 17 23 23 13
 4 4 5 14 14 19 9 9 4 4 3 3 3 13 13 13 10 10 12 10 10 11 16 16 15 15 17 23 23 31 29 29 17 17 23 25 25 24 22 22 21 21 12 15 15 19
 5 5 6 8 8 9 7 7 4 4 3 2 2 6 11 11 8 8 6 8 8 9 11 11 13 13 15 14 14 12 10 10 10 10 15 14 14 11 10 10 14 14 13 15 15 19
 5 5 6 8 8 9 7 7 4 4 3 2 2 6 11 11 8 8 6 8 8 9 11 11 13 13 15 14 14 12 10 10 10 10 15 14 14 11 10 10 14 14 13 15 15 19
 5 5 7 7 7 6 14 14 6 6 5 4 4 7 10 10 7 7 5 5 5 8 7 7 9 9 8 9 9 10 11 11 12 12 13 12 12 10 10 10 10 10 10 8 8 22
 7 7 9 9 9 12 17 17 12 12 10 6 6 7 9 9 9 9 4 4 4 4 9 9 7 7 5 12 12 13 12 12 13 13 15 12 12 11 12 12 10 10 10 11 11 14
 7 7 9 9 9 12 17 17 12 12 10 6 6 7 9 9 9 9 4 4 4 4 9 9 7 7 5 12 12 13 12 12 13 13 15 12 12 11 12 12 10 10 10 11 11 14
 11 11 11 11 11 18 22 22 17 17 11 8 8 9 11 11 10 10 6 9 9 8 6 6 9 9 9 12 12 18 18 18 20 20 28 34 34 19 20 20 14 14 11 15 15 15
 11 11 11 11 11 18 22 22 17 17 11 8 8 9 11 11 10 10 6 9 9 8 6 6 9 9 9 12 12 18 18 18 20 20 28 34 34 19 20 20 14 14 11 15 15 15
 11 11 12 15 15 18 19 19 21 21 14 11 11 12 12 12 11 11 8 13 13 14 13 13 12 12 11 19 19 22 21 21 25 25 25 28 28 29 34 34 39 39 31 19 19 19
 10 10 11 15 15 13 19 19 21 21 15 12 12 13 14 14 13 13 9 8 8 14 16 16 12 12 17 24 24 60 25 25 36 36 29 34 34 27 30 30 28 28 17 23 23 19
 10 10 11 15 15 13 19 19 21 21 15 12 12 13 14 14 13 13 9 8 8 14 16 16 12 12 17 24 24 60 25 25 36 36 29 34 34 27 30 30 28 28 17 23 23 19
 5 5 8 8 8 9 16 16 18 18 16 11 11 15 16 16 25 25 30 8 8 14 15 15 16 16 19 40 40 38 24 24 17 17 22 22 22 22 20 20 26 26 34 24 24 18
 5 5 10 7 7 10 12 12 14 14 12 11 11 20 26 26 30 30 47 7 7 7 16 16 16 16 20 62 62 50 47 47 18 18 23 18 18 21 26 26 26 26 26 29 29 21
 5 5 10 7 7 10 12 12 14 14 12 11 11 20 26 26 30 30 47 7 7 7 16 16 16 16 20 62 62 50 47 47 18 18 23 18 18 21 26 26 26 26 26 29 29 21
 11 11 12 8 8 14 13 13 13 13 12 9 9 15 22 22 22 22 22 4 4 7 13 13 16 16 24 53 53 44 53 53 48 48 18 19 19 19 25 25 26 26 24 25 25 22
 11 11 12 8 8 14 13 13 13 13 12 9 9 15 22 22 22 22 22 4 4 7 13 13 16 16 24 53 53 44 53 53 48 48 18 19 19 19 25 25 26 26 24 25 25 22
 5 5 9 10 10 17 15 15 18 18 8 6 6 5 7 7 9 9 21 9 9 4 13 13 19 19 23 47 47 37 35 35 33 33 23 22 22 23 29 29 29 29 22 28 28 31
 2 2 5 9 9 17 18 18 17 17 8 5 5 3 6 6 4 4 6 5 5 9 10 10 19 19 22 33 33 33 33 33 28 28 22 23 23 29 33 33 32 32 31 27 27 31
 2 2 5 9 9 17 18 18 17 17 8 5 5 3 6 6 4 4 6 5 5 9 10 10 19 19 22 33 33 33 33 33 28 28 22 23 23 29 33 33 32 32 31 27 27 31
 2 2 4 11 11 15 20 20 16 16 12 11 11 9 8 8 9 9 10 12 12 7 12 12 17 17 26 31 31 28 51 51 55 55 23 23 23 28 35 35 29 29 33 31 31 30
 6 6 8 16 16 19 25 25 24 24 21 23 23 13 27 27 11 11 13 12 12 8 10 10 18 18 18 23 23 33 36 36 37 37 57 31 31 29 26 26 43 43 36 32 32 31
 6 6 8 16 16 19 25 25 24 24 21 23 23 13 27 27 11 11 13 12 12 8 10 10 18 18 18 23 23 33 36 36 37 37 57 31 31 29 26 26 43 43 36 32 32 31
 10 10 13 19 19 22 31 31 35 35 35 28 28 27 36 36 36 36 37 30 30 11 12 12 17 17 14 21 21 29 49 49 45 45 75 38 38 35 36 36 50 50 35 31 31 24
 10 10 13 19 19 22 31 31 35 35 35 28 28 27 36 36 36 36 37 30 30 11 12 12 17 17 14 21 21 29 49 49 45 45 75 38 38 35 36 36 50 50 35 31 31 24
 17 17 18 21 21 25 41 41 45 45 96 90 90 87 152 152 112 112 110 17 17 12 12 12 19 19 14 20 20 32 35 35 48 48 49 65 65 31 40 40 75 75 30 28 28 14
 28 28 35 25 25 25 38 38 49 49 96 98 98 83 146 146 109 109 106 18 18 15 12 12 11 11 14 21 21 28 23 23 36 36 77 65 65 40 38 38 35 35 47 28 28 12
 28 28 35 25 25 25 38 38 49 49 96 98 98 83 146 146 109 109 106 18 18 15 12 12 11 11 14 21 21 28 23 23 36 36 77 65 65 40 38 38 35 35 47 28 28 12
 40 40 33 26 26 25 27 27 34 34 83 81 81 42 39 39 24 24 27 16 16 13 16 16 9 9 17 24 24 36 30 30 26 26 48 49 49 31 24 24 33 33 32 25 25 12
 51 51 29 27 27 23 20 20 20 20 23 20 20 26 30 30 22 22 24 14 14 15 16 16 11 11 15 12 12 16 16 16 28 28 31 45 45 23 23 23 23 23 25 20 20 18
 51 51 29 27 27 23 20 20 20 20 23 20 20 26 30 30 22 22 24 14 14 15 16 16 11 11 15 12 12 16 16 16 28 28 31 45 45 23 23 23 23 23 25 20 20 18
 47 47 50 50 50 28 24 24 12 12 14 12 12 13 15 15 15 15 13 26 26 24 24 24 12 12 13 8 8 14 15 15 23 23 32 41 41 38 28 28 31 31 31 29 29 20
 47 47 50 50 50 28 24 24 12 12 14 12 12 13 15 15 15 15 13 26 26 24 24 24 12 12 13 8 8 14 15 15 23 23 32 41 41 38 28 28 31 31 31 29 29 20
 20 20 21 22 22 27 24 24 10 10 7 5 5 9 9 9 12 12 12 18 18 24 18 18 8 8 12 11 11 8 10 10 16 16 28 44 44 40 39 39 28 28 27 30 30 28
 14 14 15 18 18 21 16 16 6 6 3 3 3 5 9 9 13 13 14 19 19 19 5 5 4 4 7 5 5 6 5 5 15 15 20 43 43 67 29 29 30 30 29 31 31 26
 14 14 15 18 18 21 16 16 6 6 3 3 3 5 9 9 13 13 14 19 19 19 5 5 4 4 7 5 5 6 5 5 15 15 20 43 43 67 29 29 30 30 29 31 31 26
 9 9 12 16 16 16 16 16 4 4 2 5 5 5 6 6 8 8 15 13 13 13 5 5 4 4 1 2 2 4 1 1 6 6 9 17 17 30 37 37 43 43 31 28 28 22
 6 6 10 14 14 15 13 13 3 3 1 0 0 1 2 2 3 3 11 8 8 9 11 11 4 4 1 1 1 1 2 2 6 6 12 19 19 25 28 28 36 36 34 24 24 15
 6 6 10 14 14 15 13 13 3 3 1 0 0 1 2 2 3 3 11 8 8 9 11 11 4 4 1 1 1 1 2 2 6 6 12 19 19 25 28 28 36 36 34 24 24 15
 4 4 6 10 10 14 11 11 3 3 1 0 0 1 3 3 4 4 6 3 3 12 13 13 15 15 1 1 1 2 2 2 8 8 13 25 25 23 21 21 23 23 17 13 13 7
 4 4 6 10 10 14 11 11 3 3 1 0 0 1 3 3 4 4 6 3 3 12 13 13 15 15 1 1 1 2 2 2 8 8 13 25 25 23 21 21 23 23 17 13 13 7
 3 3 4 8 8 10 7 7 3 3 1 1 1 1 3 3 8 8 6 5 5 6 5 5 4 4 2 3 3 3 3 3 6 6 10 11 11 13 12 12 10 10 18 8 8 5
 4 4 5 7 7 9 7 7 3 3 2 3 3 1 5 5 10 10 9 6 6 6 7 7 6 6 6 4 4 3 5 5 8 8 8 7 7 7 5 5 6 6 4 4 4 3
 4 4 5 7 7 9 7 7 3 3 2 3 3 1 5 5 10 10 9 6 6 6 7 7 6 6 6 4 4 3 5 5 8 8 8 7 7 7 5 5 6 6 4 4 4 3
 4 4 7 8 8 9 8 8 6 6 10 4 4 1 3 3 8 8 10 8 8 6 8 8 6 6 6 12 12 7 7 7 6 6 7 13 13 15 8 8 7 7 5 3 3 3
 3 3 5 6 6 4 3 3 9 9 4 2 2 2 2 2 7 7 8 11 11 9 9 9 9 9 9 10 10 13 13 13 8 8 14 14 14 17 11 11 9 9 15 8 8 8
