assets/RAT_results_old/precipitation/2020-05-15_IMERG.asc
ncols        46
nrows        77
xllcorner    74.800261325624
yllcorner    8.058333333333
cellsize     0.062500000000
NODATA_value -9999
 12 12 3 2 2 3 4 4 3 3 2 2 2 0 0 0 1 1 0 0 0 0 1 1 30 30 66 7 7 8 2 2 3 3 2 2 2 2 1 1 1 1 0 0 0 0
 17 17 7 4 4 4 3 3 3 3 8 8 8 0 0 0 1 1 1 12 12 1 1 1 29 29 64 4 4 1 1 1 2 2 3 3 3 3 2 2 1 1 0 0 0 0
 17 17 7 4 4 4 3 3 3 3 8 8 8 0 0 0 1 1 1 12 12 1 1 1 29 29 64 4 4 1 1 1 2 2 3 3 3 3 2 2 1 1 0 0 0 0
 23 23 19 9 9 6 5 5 4 4 7 6 6 6 1 1 1 1 1 0 0 1 0 0 3 3 3 4 4 1 0 0 1 1 3 4 4 4 3 3 1 1 0 0 0 0
 22 22 26 14 14 15 53 53 17 17 8 6 6 6 4 4 3 3 2 1 1 1 1 1 3 3 0 0 0 0 0 0 0 0 1 2 2 3 5 5 2 2 0 0 0 0
 22 22 26 14 14 15 53 53 17 17 8 6 6 6 4 4 3 3 2 1 1 1 1 1 3 3 0 0 0 0 0 0 0 0 1 2 2 3 5 5 2 2 0 0 0 0
 25 25 14 16 16 39 34 34 10 10 15 4 4 2 2 2 3 3 3 3 3 2 3 3 1 1 0 0 0 0 1 1 0 0 0 1 1 1 3 3 2 2 0 0 0 0
 25 25 14 16 16 39 34 34 10 10 15 4 4 2 2 2 3 3 3 3 3 2 3 3 1 1 0 0 0 0 1 1 0 0 0 1 1 1 3 3 2 2 0 0 0 0
 23 23 25 26 26 11 6 6 12 12 15 3 3 3 5 5 5 5 5 5 5 2 1 1 1 1 0 0 0 0 0 0 0 0 0 0 0 0 1 1 3 3 4 0 0 0
 26 26 21 20 20 80 6 6 8 8 8 1 1 3 4 4 4 4 12 13 13 1 0 0 0 0 0 1 1 1 1 1 0 0 0 0 0 0 2 2 1 1 3 0 0 0
 26 26 21 20 20 80 6 6 8 8 8 1 1 3 4 4 4 4 12 13 13 1 0 0 0 0 0 1 1 1 1 1 0 0 0 0 0 0 2 2 1 1 3 0 0 0
 32 32 77 89 89 84 4 4 2 2 3 1 1 4 4 4 14 14 12 12 12 1 1 1 0 0 1 2 2 3 3 3 1 1 0 0 0 3 4 4 5 5 3 0 0 0
 24 24 76 80 80 70 3 3 2 2 2 1 1 1 3 3 1 1 1 2 2 0 0 0 0 0 1 3 3 5 5 5 5 5 2 0 0 3 2 2 4 4 1 0 0 0
 24 24 76 80 80 70 3 3 2 2 2 1 1 1 3 3 1 1 1 2 2 0 0 0 0 0 1 3 3 5 5 5 5 5 2 0 0 3 2 2 4 4 1 0 0 0
 36 36 88 84 84 83 12 12 17 17 4 3 3 3 6 6 6 6 6 1 1 0 0 0 0 0 0 3 3 6 6 6 9 9 6 2 2 3 2 2 2 2 1 0 0 2
 36 36 88 84 84 83 12 12 17 17 4 3 3 3 6 6 6 6 6 1 1 0 0 0 0 0 0 3 3 6 6 6 9 9 6 2 2 3 2 2 2 2 1 0 0 2
 45 45 75 76 76 36 17 17 18 18 5 12 12 3 5 5 4 4 1 1 1 1 0 0 0 0 0 1 1 5 6 6 8 8 6 4 4 4 2 2 2 2 0 0 0 3
 37 37 73 74 74 38 19 19 30 30 24 13 13 3 7 7 5 5 0 0 0 0 0 0 0 0 0 1 1 5 7 7 7 7 5 5 5 4 1 1 2 2 0 3 3 3
 37 37 73 74 74 38 19 19 30 30 24 13 13 3 7 7 5 5 0 0 0 0 0 0 0 0 0 1 1 5 7 7 7 7 5 5 5 4 1 1 2 2 0 3 3 3
 21 21 15 15 15 6 5 5 27 27 12 13 13 2 2 2 7 7 1 1 1 3 2 2 1 1 1 1 1 4 6 6 7 7 9 8 8 3 4 4 2 2 0 0 0 0
 22 22 25 21 21 7 8 8 12 12 10 16 16 2 4 4 4 4 3 4 4 8 1 1 1 1 1 2 2 2 5 5 9 9 8 8 8 2 2 2 1 1 0 0 0 0
 22 22 25 21 21 7 8 8 12 12 10 16 16 2 4 4 4 4 3 4 4 8 1 1 1 1 1 2 2 2 5 5 9 9 8 8 8 2 2 2 1 1 0 0 0 0
 31 31 21 9 9 7 8 8 8 8 12 19 19 3 4 4 6 6 10 22 22 17 11 11 8 8 1 2 2 2 2 2 2 2 1 3 3 0 0 0 0 0 0 0 0 0
 31 31 21 9 9 7 8 8 8 8 12 19 19 3 4 4 6 6 10 22 22 17 11 11 8 8 1 2 2 2 2 2 2 2 1 3 3 0 0 0 0 0 0 0 0 0
 35 35 26 16 16 13 10 10 8 8 7 19 19 28 7 7 7 7 16 27 27 19 10 10 8 8 6 3 3 2 2 2 3 3 2 1 1 0 0 0 0 0 0 0 0 0
 31 31 26 17 17 15 20 20 12 12 7 47 47 48 8 8 10 10 11 15 15 15 16 16 10 10 7 2 2 1 0 0 0 0 1 1 1 0 0 0 0 0 0 0 0 0
 31 31 26 17 17 15 20 20 12 12 7 47 47 48 8 8 10 10 11 15 15 15 16 16 10 10 7 2 2 1 0 0 0 0 1 1 1 0 0 0 0 0 0 0 0 0
 28 28 24 14 14 14 17 17 18 18 13 7 7 6 4 4 10 10 12 8 8 13 15 15 28 28 9 0 0 0 0 0 0 0 2 1 1 0 0 0 0 0 0 0 0 0
 18 18 18 15 15 19 18 18 18 18 19 13 13 6 2 2 3 3 2 5 5 11 16 16 11 11 4 1 1 1 0 0 0 0 0 0 0 0 0 0 0 0 0 0 0 0
 18 18 18 15 15 19 18 18 18 18 19 13 13 6 2 2 3 3 2 5 5 11 16 16 11 11 4 1 1 1 0 0 0 0 0 0 0 0 0 0 0 0 0 0 0 0
 18 18 18 15 15 17 17 17 17 17 21 20 20 10 5 5 4 4 2 0 0 2 6 6 4 4 5 4 4 1 0 0 0 0 0 0 0 1 0 0 0 0 0 0 0 0
 18 18 18 15 15 17 17 17 17 17 21 20 20 10 5 5 4 4 2 0 0 2 6 6 4 4 5 4 4 1 0 0 0 0 0 0 0 1 0 0 0 0 0 0 0 0
 21 21 24 17 17 16 19 19 19 19 26 19 19 8 4 4 6 6 2 0 0 3 0 0 0 0 1 1 1 1 1 1 0 0 0 0 0 0 0 0 0 0 0 0 0 0
 27 27 27 18 18 13 17 17 23 23 20 11 11 2 2 2 3 3 5 4 4 0 0 0 0 0 1 1 1 1 0 0 0 0 0 0 0 0 0 0 0 0 0 0 0 0
 27 27 27 18 18 13 17 17 23 23 20 11 11 2 2 2 3 3 5 4 4 0 0 0 0 0 1 1 1 1 0 0 0 0 0 0 0 0 0 0 0 0 0 0 0 0
 19 19 18 9 9 12 15 15 19 19 21 9 9 4 3 3 4 4 7 7 7 1 5 5 0 0 0 2 2 1 0 0 0 0 0 0 0 0 0 0 0 0 0 0 0 0
 10 10 8 8 8 9 11 11 15 15 24 15 15 4 4 4 2 2 3 4 4 4 1 1 8 8 5 1 1 1 1 1 0 0 0 1 1 1 1 1 1 1 1 1 1 1
 10 10 8 8 8 9 11 11 15 15 24 15 15 4 4 4 2 2 3 4 4 4 1 1 8 8 5 1 1 1 1 1 0 0 0 1 1 1 1 1 1 1 1 1 1 1
 8 8 7 8 8 8 10 10 14 14 15 12 12 5 1 1 1 1 5 6 6 4 1 1 0 0 0 0 0 0 1 1 1 1 1 5 5 2 2 2 2 2 2 4 4 4
 8 8 7 8 8 8 10 10 14 14 15 12 12 5 1 1 1 1 5 6 6 4 1 1 0 0 0 0 0 0 1 1 1 1 1 5 5 2 2 2 2 2 2 4 4 4
 11 11 9 9 9 8 10 10 8 8 9 7 7 5 0 0 1 1 5 7 7 7 3 3 3 3 0 0 0 1 2 2 2 2 5 6 6 7 6 6 6 6 5 6 6 6
 20 20 14 10 10 9 10 10 10 10 10 9 9 10 9 9 19 19 16 20 20 12 11 11 9 9 0 1 1 5 7 7 5 5 7 14 14 14 11 11 10 10 9 11 11 9
 20 20 14 10 10 9 10 10 10 10 10 9 9 10 9 9 19 19 16 20 20 12 11 11 9 9 0 1 1 5 7 7 5 5 7 14 14 14 11 11 10 10 9 11 11 9
 40 40 34 11 11 10 12 12 11 11 8 11 11 13 21 21 28 28 29 23 23 65 19 19 4 4 0 1 1 2 5 5 5 5 11 21 21 21 18 18 15 15 12 15 15 17
 48 48 45 30 30 14 8 8 8 8 13 16 16 15 25 25 31 31 68 53 53 19 27 27 10 10 1 1 1 2 6 6 6 6 10 20 20 21 22 22 21 21 19 22 22 19
 48 48 45 30 30 14 8 8 8 8 13 16 16 15 25 25 31 31 68 53 53 19 27 27 10 10 1 1 1 2 6 6 6 6 10 20 20 21 22 22 21 21 19 22 22 19
 23 23 21 14 14 7 9 9 12 12 19 18 18 21 20 20 22 22 44 33 33 10 3 3 4 4 3 4 4 3 5 5 4 4 5 14 14 19 19 19 23 23 22 33 33 37
 23 23 21 14 14 7 9 9 12 12 19 18 18 21 20 20 22 22 44 33 33 10 3 3 4 4 3 4 4 3 5 5 4 4 5 14 14 19 19 19 23 23 22 33 33 37
 7 7 8 8 8 9 16 16 28 28 30 33 33 34 32 32 29 29 16 12 12 17 12 12 14 14 13 12 12 7 7 7 4 4 3 9 9 17 23 23 29 29 22 37 37 23
 6 6 7 9 9 13 20 20 38 38 48 41 41 71 55 55 29 29 21 29 29 25 15 15 15 15 17 16 16 14 13 13 5 5 4 7 7 13 18 18 27 27 24 23 23 22
 6 6 7 9 9 13 20 20 38 38 48 41 41 71 55 55 29 29 21 29 29 25 15 15 15 15 17 16 16 14 13 13 5 5 4 7 7 13 18 18 27 27 24 23 23 22
 6 6 9 14 14 21 28 28 40 40 36 53 53 131 70 70 35 35 23 22 22 24 21 21 28 28 22 19 19 13 20 20 14 14 6 7 7 13 16 16 23 23 24 26 26 19
 10 10 15 21 21 27 31 31 32 32 37 42 42 49 50 50 41 41 29 22 22 26 25 25 66 66 62 44 44 30 23 23 15 15 13 13 13 16 20 20 24 24 28 25 25 24
 10 10 15 21 21 27 31 31 32 32 37 42 42 49 50 50 41 41 29 22 22 26 25 25 66 66 62 44 44 30 23 23 15 15 13 13 13 16 20 20 24 24 28 25 25 24
 19 19 24 30 30 34 34 34 40 40 38 42 42 48 62 62 52 52 45 38 38 32 28 28 47 47 66 353 353 39 26 26 28 28 14 15 15 20 24 24 27 27 33 31 31 27
 19 19 24 30 30 34 34 34 40 40 38 42 42 48 62 62 52 52 45 38 38 32 28 28 47 47 66 353 353 39 26 26 28 28 14 15 15 20 24 24 27 27 33 31 31 27
 24 24 29 34 34 36 39 39 41 41 48 62 62 60 64 64 58 58 46 39 39 40 262 262 241 241 367 346 346 44 30 30 17 17 18 12 12 11 20 20 29 29 33 30 30 27
 29 29 31 35 35 37 40 40 42 42 51 73 73 117 74 74 95 95 158 109 109 281 270 270 245 245 227 172 172 46 34 34 15 15 14 8 8 5 6 6 17 17 25 23 23 21
 29 29 31 35 35 37 40 40 42 42 51 73 73 117 74 74 95 95 158 109 109 281 270 270 245 245 227 172 172 46 34 34 15 15 14 8 8 5 6 6 17 17 25 23 23 21
 34 34 33 36 36 36 39 39 42 42 47 71 71 106 177 177 97 97 169 121 121 170 151 151 245 245 270 172 172 46 38 38 22 22 12 9 9 3 1 1 3 3 5 5 5 5
 39 39 34 34 34 34 40 40 41 41 47 51 51 140 215 215 170 170 206 198 198 182 165 165 84 84 250 266 266 258 250 250 26 26 11 7 7 5 2 2 0 0 0 0 0 1
 39 39 34 34 34 34 40 40 41 41 47 51 51 140 215 215 170 170 206 198 198 182 165 165 84 84 250 266 266 258 250 250 26 26 11 7 7 5 2 2 0 0 0 0 0 1
 28 28 33 33 33 33 40 40 42 42 51 49 49 83 246 246 205 205 119 89 89 70 109 109 90 90 253 258 258 177 173 173 165 165 160 16 16 8 2 2 0 0 0 0 0 0
 28 28 33 33 33 33 40 40 42 42 51 49 49 83 246 246 205 205 119 89 89 70 109 109 90 90 253 258 258 177 173 173 165 165 160 16 16 8 2 2 0 0 0 0 0 0
 23 23 34 34 34 38 42 42 55 55 59 71 71 179 241 241 202 202 163 71 71 68 45 45 53 53 190 161 161 174 168 168 32 32 54 16 16 15 4 4 0 0 0 0 0 0
 19 19 25 31 31 36 43 43 55 55 58 65 65 84 166 166 210 210 130 68 68 61 45 45 55 55 189 36 36 43 39 39 31 31 56 12 12 12 0 0 0 0 0 0 0 0
 19 19 25 31 31 36 43 43 55 55 58 65 65 84 166 166 210 210 130 68 68 61 45 45 55 55 189 36 36 43 39 39 31 31 56 12 12 12 0 0 0 0 0 0 0 0
 14 14 17 19 19 27 34 34 37 37 40 40 40 49 171 171 182 182 180 67 67 60 45 45 45 45 45 38 38 45 26 26 27 27 43 14 14 12 0 0 1 1 0 0 0 0
 8 8 10 12 12 19 25 25 25 25 25 26 26 34 59 59 167 167 156 58 58 46 42 42 41 41 39 31 31 33 24 24 27 27 43 28 28 9 1 1 1 1 1 0 0 0
 8 8 10 12 12 19 25 25 25 25 25 26 26 34 59 59 167 167 156 58 58 46 42 42 41 41 39 31 31 33 24 24 27 27 43 28 28 9 1 1 1 1 1 0 0 0
 6 6 7 8 8 14 17 17 16 16 19 21 21 22 29 29 63 63 86 41 41 38 37 37 38 38 35 30 30 25 18 18 34 34 34 31 31 12 2 2 1 1 2 1 1 0
 6 6 7 8 8 14 17 17 16 16 19 21 21 22 29 29 63 63 86 41 41 38 37 37 38 38 35 30 30 25 18 18 34 34 34 31 31 12 2 2 1 1 2 1 1 0
 3 3 3 4 4 6 8 8 9 9 12 13 13 15 22 22 51 51 89 37 37 34 32 32 36 36 36 29 29 30 20 20 36 36 14 17 17 10 5 5 2 2 2 1 1 0
 1 1 1 2 2 4 3 3 4 4 5 6 6 10 18 18 60 60 46 27 27 27 29 29 32 32 40 32 32 28 29 29 26 26 30 30 30 29 31 31 13 13 3 2 2 1
 1 1 1 2 2 4 3 3 4 4 5 6 6 10 18 18 60 60 46 27 27 27 29 29 32 32 40 32 32 28 29 29 26 26 30 30 30 29 31 31 13 13 3 2 2 1
 1 1 1 1 1 1 2 2 2 2 3 3 3 5 12 12 18 18 27 26 26 27 28 28 34 34 37 33 33 30 33 33 32 32 38 36 36 34 47 47 20 20 4 2 2 2
 0 0 1 1 1 1 1 1 2 2 2 2 2 3 5 5 7 7 18 26 26 22 25 25 28 28 34 29 29 32 32 32 33 33 36 36 36 33 27 27 15 15 6 3 3 1
