assets/RAT_results_old/precipitation/2020-12-31_IMERG.asc
ncols        46
nrows        77
xllcorner    74.800261325624
yllcorner    8.058333333333
cellsize     0.062500000000
NODATA_value -9999
 0 0 0 0 0 0 0 0 0 0 0 0 0 0 0 0 0 0 0 0 0 1 0 0 2 2 0 3 3 0 3 3 1 1 1 1 1 1 4 4 5 5 6 7 7 5
 0 0 0 0 0 0 0 0 0 0 0 0 0 0 0 0 1 1 1 0 0 0 0 0 0 0 0 1 1 1 1 1 0 0 0 4 4 4 7 7 8 8 6 8 8 5
 0 0 0 0 0 0 0 0 0 0 0 0 0 0 0 0 1 1 1 0 0 0 0 0 0 0 0 1 1 1 1 1 0 0 0 4 4 4 7 7 8 8 6 8 8 5
 0 0 0 0 0 0 0 0 0 0 0 0 0 0 0 0 1 1 1 0 0 0 0 0 0 0 2 1 1 1 4 4 4 4 8 9 9 10 9 9 9 9 6 7 7 4
 0 0 0 0 0 0 0 0 0 0 0 0 0 0 0 0 1 1 1 1 1 0 0 0 2 2 0 1 1 0 4 4 5 5 8 10 10 7 7 7 7 7 3 3 3 3
 0 0 0 0 0 0 0 0 0 0 0 0 0 0 0 0 1 1 1 1 1 0 0 0 2 2 0 1 1 0 4 4 5 5 8 10 10 7 7 7 7 7 3 3 3 3
 0 0 0 0 0 0 0 0 0 0 0 0 0 0 1 1 7 7 1 2 2 1 0 0 2 2 0 0 0 1 4 4 4 4 7 9 9 6 5 5 3 3 3 6 6 3
 0 0 0 0 0 0 0 0 0 0 0 0 0 0 1 1 7 7 1 2 2 1 0 0 2 2 0 0 0 1 4 4 4 4 7 9 9 6 5 5 3 3 3 6 6 3
 0 0 0 1 1 1 0 0 0 0 0 0 0 3 2 2 4 4 2 2 2 1 0 0 0 0 0 1 1 2 2 2 3 3 3 3 3 3 4 4 3 3 3 4 4 3
 0 0 0 0 0 1 0 0 0 0 0 0 0 1 5 5 4 4 2 2 2 1 0 0 1 1 0 0 0 1 2 2 2 2 3 3 3 3 4 4 5 5 5 6 6 6
 0 0 0 0 0 1 0 0 0 0 0 0 0 1 5 5 4 4 2 2 2 1 0 0 1 1 0 0 0 1 2 2 2 2 3 3 3 3 4 4 5 5 5 6 6 6
 0 0 0 0 0 1 0 0 0 0 0 0 0 2 5 5 2 2 6 2 2 2 1 1 2 2 1 0 0 1 1 1 0 0 1 2 2 2 4 4 5 5 7 9 9 8
 0 0 1 1 1 0 1 1 1 1 3 0 0 4 5 5 5 5 5 7 7 4 4 4 2 2 1 0 0 0 0 0 0 0 1 2 2 3 4 4 5 5 6 7 7 7
 0 0 1 1 1 0 1 1 1 1 3 0 0 4 5 5 5 5 5 7 7 4 4 4 2 2 1 0 0 0 0 0 0 0 1 2 2 3 4 4 5 5 6 7 7 7
 0 0 0 1 1 1 1 1 1 1 5 9 9 4 7 7 10 10 7 8 8 5 2 2 2 2 2 1 1 0 0 0 3 3 1 3 3 5 4 4 4 4 6 7 7 10
 0 0 0 1 1 1 1 1 1 1 5 9 9 4 7 7 10 10 7 8 8 5 2 2 2 2 2 1 1 0 0 0 3 3 1 3 3 5 4 4 4 4 6 7 7 10
 0 0 0 1 1 1 1 1 2 2 6 4 4 4 7 7 10 10 10 10 10 4 1 1 1 1 1 4 4 2 1 1 1 1 2 4 4 4 4 4 4 4 5 4 4 7
 0 0 0 0 0 0 4 4 2 2 10 6 6 6 8 8 11 11 14 8 8 5 1 1 3 3 3 2 2 5 1 1 3 3 1 2 2 2 3 3 6 6 7 6 6 4
 0 0 0 0 0 0 4 4 2 2 10 6 6 6 8 8 11 11 14 8 8 5 1 1 3 3 3 2 2 5 1 1 3 3 1 2 2 2 3 3 6 6 7 6 6 4
 0 0 0 2 2 2 2 2 8 8 16 9 9 9 12 12 9 9 11 12 12 6 5 5 4 4 4 6 6 2 1 1 1 1 1 3 3 1 3 3 2 2 4 3 3 2
 1 1 3 3 3 7 8 8 10 10 7 10 10 9 12 12 11 11 15 12 12 15 19 19 16 16 11 7 7 6 3 3 1 1 2 4 4 1 2 2 3 3 4 3 3 5
 1 1 3 3 3 7 8 8 10 10 7 10 10 9 12 12 11 11 15 12 12 15 19 19 16 16 11 7 7 6 3 3 1 1 2 4 4 1 2 2 3 3 4 3 3 5
 1 1 3 3 3 5 9 9 7 7 10 15 15 10 15 15 18 18 13 24 24 21 24 24 25 25 19 18 18 15 9 9 4 4 5 5 5 1 3 3 5 5 7 7 7 6
 1 1 3 3 3 5 9 9 7 7 10 15 15 10 15 15 18 18 13 24 24 21 24 24 25 25 19 18 18 15 9 9 4 4 5 5 5 1 3 3 5 5 7 7 7 6
 2 2 4 4 4 2 4 4 6 6 10 19 19 14 18 18 24 24 21 34 34 30 36 36 26 26 17 16 16 26 14 14 7 7 6 7 7 9 5 5 7 7 6 5 5 6
 2 2 5 4 4 6 6 6 6 6 10 15 15 15 14 14 26 26 22 32 32 29 38 38 25 25 24 15 15 12 19 19 10 10 7 12 12 12 4 4 7 7 3 8 8 7
 2 2 5 4 4 6 6 6 6 6 10 15 15 15 14 14 26 26 22 32 32 29 38 38 25 25 24 15 15 12 19 19 10 10 7 12 12 12 4 4 7 7 3 8 8 7
 3 3 3 6 6 6 9 9 7 7 10 9 9 10 14 14 22 22 24 33 33 28 29 29 24 24 24 14 14 16 23 23 14 14 11 12 12 12 6 6 3 3 5 7 7 7
 3 3 3 7 7 6 10 10 11 11 9 7 7 7 9 9 21 21 17 19 19 32 28 28 27 27 22 19 19 17 18 18 14 14 14 9 9 7 8 8 7 7 10 7 7 15
 3 3 3 7 7 6 10 10 11 11 9 7 7 7 9 9 21 21 17 19 19 32 28 28 27 27 22 19 19 17 18 18 14 14 14 9 9 7 8 8 7 7 10 7 7 15
 4 4 4 8 8 7 12 12 11 11 2 3 3 9 8 8 10 10 19 18 18 28 25 25 20 20 17 20 20 19 16 16 17 17 14 10 10 8 7 7 6 6 15 12 12 14
 4 4 4 8 8 7 12 12 11 11 2 3 3 9 8 8 10 10 19 18 18 28 25 25 20 20 17 20 20 19 16 16 17 17 14 10 10 8 7 7 6 6 15 12 12 14
 4 4 4 8 8 8 12 12 12 12 7 3 3 8 11 11 10 10 12 17 17 22 27 27 25 25 22 25 25 15 13 13 15 15 11 9 9 5 6 6 9 9 10 10 10 12
 5 5 4 8 8 9 9 9 11 11 6 7 7 8 11 11 11 11 10 10 10 21 20 20 19 19 21 18 18 10 7 7 11 11 11 5 5 4 7 7 9 9 8 6 6 13
 5 5 4 8 8 9 9 9 11 11 6 7 7 8 11 11 11 11 10 10 10 21 20 20 19 19 21 18 18 10 7 7 11 11 11 5 5 4 7 7 9 9 8 6 6 13
 3 3 3 3 3 7 8 8 10 10 10 7 7 6 11 11 5 5 11 10 10 13 16 16 22 22 24 11 11 7 5 5 2 2 7 4 4 3 3 3 1 1 3 5 5 12
 0 0 2 2 2 7 7 7 7 7 9 2 2 6 4 4 4 4 3 7 7 13 15 15 15 15 14 11 11 15 10 10 3 3 13 6 6 2 1 1 1 1 3 6 6 8
 0 0 2 2 2 7 7 7 7 7 9 2 2 6 4 4 4 4 3 7 7 13 15 15 15 15 14 11 11 15 10 10 3 3 13 6 6 2 1 1 1 1 3 6 6 8
 0 0 2 3 3 6 6 6 7 7 7 0 0 0 0 0 1 1 3 11 11 15 21 21 19 19 23 18 18 13 12 12 13 13 5 5 5 2 2 2 3 3 2 3 3 5
 0 0 2 3 3 6 6 6 7 7 7 0 0 0 0 0 1 1 3 11 11 15 21 21 19 19 23 18 18 13 12 12 13 13 5 5 5 2 2 2 3 3 2 3 3 5
 0 0 1 2 2 3 2 2 3 3 3 0 0 0 0 0 2 2 5 12 12 17 19 19 26 26 32 17 17 17 16 16 11 11 7 5 5 5 5 5 3 3 7 2 2 4
 0 0 1 0 0 1 1 1 1 1 1 1 1 0 0 0 4 4 5 8 8 21 22 22 22 22 32 21 21 18 20 20 11 11 6 5 5 4 9 9 11 11 6 5 5 3
 0 0 1 0 0 1 1 1 1 1 1 1 1 0 0 0 4 4 5 8 8 21 22 22 22 22 32 21 21 18 20 20 11 11 6 5 5 4 9 9 11 11 6 5 5 3
 1 1 1 0 0 0 0 0 0 0 0 0 0 0 0 0 4 4 5 10 10 14 24 24 26 26 29 27 27 25 17 17 14 14 8 5 5 7 6 6 6 6 6 4 4 5
 5 5 3 1 1 1 0 0 0 0 0 0 0 0 0 0 1 1 3 12 12 18 30 30 41 41 45 36 36 25 15 15 12 12 11 5 5 5 4 4 4 4 6 6 6 4
 5 5 3 1 1 1 0 0 0 0 0 0 0 0 0 0 1 1 3 12 12 18 30 30 41 41 45 36 36 25 15 15 12 12 11 5 5 5 4 4 4 4 6 6 6 4
 8 8 7 4 4 2 2 2 1 1 1 0 0 0 1 1 1 1 3 13 13 33 38 38 52 52 48 41 41 23 23 23 13 13 9 6 6 6 5 5 10 10 8 6 6 5
 8 8 7 4 4 2 2 2 1 1 1 0 0 0 1 1 1 1 3 13 13 33 38 38 52 52 48 41 41 23 23 23 13 13 9 6 6 6 5 5 10 10 8 6 6 5
 3 3 3 5 5 6 7 7 8 8 8 6 6 4 3 3 2 2 1 2 2 18 34 34 40 40 45 37 37 22 25 25 15 15 13 7 7 13 3 3 11 11 12 4 4 2
 6 6 7 12 12 15 17 17 16 16 14 12 12 8 7 7 6 6 5 6 6 17 19 19 33 33 46 39 39 28 36 36 20 20 14 12 12 7 4 4 6 6 3 4 4 1
 6 6 7 12 12 15 17 17 16 16 14 12 12 8 7 7 6 6 5 6 6 17 19 19 33 33 46 39 39 28 36 36 20 20 14 12 12 7 4 4 6 6 3 4 4 1
 7 7 8 12 12 17 20 20 21 21 22 19 19 16 13 13 10 10 8 13 13 19 14 14 37 37 50 45 45 29 26 26 28 28 14 8 8 8 5 5 4 4 2 1 1 5
 11 11 15 18 18 20 22 22 23 23 23 20 20 15 14 14 12 12 20 26 26 30 30 30 43 43 53 50 50 43 23 23 20 20 20 19 19 10 4 4 3 3 3 2 2 1
 11 11 15 18 18 20 22 22 23 23 23 20 20 15 14 14 12 12 20 26 26 30 30 30 43 43 53 50 50 43 23 23 20 20 20 19 19 10 4 4 3 3 3 2 2 1
 12 12 18 22 22 24 22 22 23 23 21 19 19 18 19 19 18 18 27 39 39 35 44 44 48 48 41 43 43 33 16 16 12 12 9 16 16 10 3 3 1 1 2 1 1 2
 12 12 18 22 22 24 22 22 23 23 21 19 19 18 19 19 18 18 27 39 39 35 44 44 48 48 41 43 43 33 16 16 12 12 9 16 16 10 3 3 1 1 2 1 1 2
 11 11 16 21 21 25 27 27 29 29 28 25 25 23 21 21 20 20 24 27 27 28 30 30 37 37 30 22 22 12 4 4 8 8 8 9 9 5 2 2 2 2 2 2 2 1
 5 5 4 4 4 6 9 9 13 13 18 16 16 16 13 13 13 13 14 16 16 19 21 21 30 30 23 16 16 5 2 2 8 8 5 2 2 3 2 2 1 1 2 1 1 1
 5 5 4 4 4 6 9 9 13 13 18 16 16 16 13 13 13 13 14 16 16 19 21 21 30 30 23 16 16 5 2 2 8 8 5 2 2 3 2 2 1 1 2 1 1 1
 2 2 2 1 1 1 1 1 1 1 1 2 2 3 4 4 6 6 11 14 14 17 21 21 22 22 17 13 13 6 3 3 3 3 4 2 2 1 1 1 2 2 2 1 1 2
 1 1 1 1 1 1 1 1 1 1 1 2 2 2 3 3 5 5 6 8 8 9 9 9 10 10 9 8 8 3 3 3 6 6 2 1 1 2 3 3 7 7 4 2 2 3
 1 1 1 1 1 1 1 1 1 1 1 2 2 2 3 3 5 5 6 8 8 9 9 9 10 10 9 8 8 3 3 3 6 6 2 1 1 2 3 3 7 7 4 2 2 3
 1 1 1 1 1 1 1 1 1 1 1 1 1 2 1 1 1 1 1 1 1 1 1 1 1 1 2 2 2 1 3 3 6 6 3 4 4 3 12 12 18 18 10 3 3 3
 1 1 1 1 1 1 1 1 1 1 1 1 1 2 1 1 1 1 1 1 1 1 1 1 1 1 2 2 2 1 3 3 6 6 3 4 4 3 12 12 18 18 10 3 3 3
 7 7 5 3 3 1 1 1 1 1 1 1 1 2 1 1 1 1 1 1 1 1 1 1 1 1 2 1 1 2 2 2 5 5 5 10 10 11 17 17 13 13 15 2 2 3
 8 8 10 7 7 4 3 3 3 3 2 2 2 2 1 1 1 1 1 1 1 1 1 1 1 1 1 2 2 3 4 4 4 4 6 10 10 16 18 18 19 19 8 7 7 5
 8 8 10 7 7 4 3 3 3 3 2 2 2 2 1 1 1 1 1 1 1 1 1 1 1 1 1 2 2 3 4 4 4 4 6 10 10 16 18 18 19 19 8 7 7 5
 13 13 14 11 11 7 5 5 4 4 3 2 2 2 2 2 1 1 1 1 1 1 1 1 1 1 1 1 1 2 5 5 5 5 5 6 6 15 16 16 22 22 8 14 14 9
 6 6 5 5 5 4 3 3 4 4 5 7 7 8 7 7 7 7 7 4 4 3 3 3 2 2 2 2 2 2 4 4 4 4 6 14 14 21 9 9 16 16 18 18 18 10
 6 6 5 5 5 4 3 3 4 4 5 7 7 8 7 7 7 7 7 4 4 3 3 3 2 2 2 2 2 2 4 4 4 4 6 14 14 21 9 9 16 16 18 18 18 10
 5 5 5 6 6 4 5 5 6 6 8 12 12 16 17 17 16 16 15 11 11 7 6 6 4 4 3 2 2 2 2 2 3 3 5 12 12 13 21 21 6 6 13 9 9 13
 5 5 5 6 6 4 5 5 6 6 8 12 12 16 17 17 16 16 15 11 11 7 6 6 4 4 3 2 2 2 2 2 3 3 5 12 12 13 21 21 6 6 13 9 9 13
 2 2 4 4 4 5 6 6 6 6 7 9 9 11 11 11 13 13 13 12 12 10 8 8 6 6 4 3 3 3 2 2 6 6 7 14 14 14 13 13 6 6 6 10 10 9
 10 10 9 10 10 12 14 14 17 17 16 15 15 13 13 13 15 15 14 13 13 10 8 8 6 6 4 3 3 3 3 3 4 4 9 13 13 13 10 10 7 7 21 11 11 2
 10 10 9 10 10 12 14 14 17 17 16 15 15 13 13 13 15 15 14 13 13 10 8 8 6 6 4 3 3 3 3 3 4 4 9 13 13 13 10 10 7 7 21 11 11 2
 10 10 14 15 15 14 16 16 21 21 18 17 17 15 18 18 23 23 21 16 16 12 8 8 6 6 4 2 2 3 5 5 6 6 8 12 12 11 14 14 8 8 6 4 4 3
 8 8 12 15 15 15 15 15 16 16 15 17 17 20 25 25 27 27 25 19 19 15 10 10 6 6 5 3 3 5 7 7 6 6 7 8 8 13 11 11 13 13 9 4 4 5
