assets/RAT_results_old/precipitation/2020-07-19_IMERG.asc
ncols        46
nrows        77
xllcorner    74.800261325624
yllcorner    8.058333333333
cellsize     0.062500000000
NODATA_value -9999
 1 1 1 0 0 4 5 5 4 4 0 0 0 1 2 2 2 2 4 8 8 12 9 9 10 10 15 15 15 15 13 13 13 13 12 12 12 23 7 7 6 6 3 2 2 5
 2 2 2 0 0 1 3 3 2 2 0 0 0 0 1 1 1 1 2 5 5 8 12 12 8 8 8 11 11 11 14 14 15 15 14 14 14 9 5 5 3 3 1 2 2 3
 2 2 2 0 0 1 3 3 2 2 0 0 0 0 1 1 1 1 2 5 5 8 12 12 8 8 8 11 11 11 14 14 15 15 14 14 14 9 5 5 3 3 1 2 2 3
 3 3 2 0 0 3 6 6 4 4 0 33 33 4 2 2 3 3 3 5 5 8 7 7 7 7 9 8 8 11 10 10 13 13 13 8 8 7 4 4 3 3 1 1 1 2
 1 1 2 0 0 4 3 3 21 21 20 33 33 5 7 7 3 3 5 4 4 6 8 8 11 11 11 13 13 9 11 11 11 11 14 7 7 5 2 2 38 38 2 2 2 2
 1 1 2 0 0 4 3 3 21 21 20 33 33 5 7 7 3 3 5 4 4 6 8 8 11 11 11 13 13 9 11 11 11 11 14 7 7 5 2 2 38 38 2 2 2 2
 0 0 1 4 4 4 4 4 18 18 15 34 34 7 7 7 3 3 4 8 8 8 10 10 11 11 10 12 12 10 11 11 17 17 30 16 16 24 40 40 38 38 2 6 6 9
 0 0 1 4 4 4 4 4 18 18 15 34 34 7 7 7 3 3 4 8 8 8 10 10 11 11 10 12 12 10 11 11 17 17 30 16 16 24 40 40 38 38 2 6 6 9
 1 1 1 2 2 3 4 4 4 4 16 33 33 4 16 16 3 3 4 7 7 6 8 8 11 11 17 16 16 13 16 16 20 20 38 39 39 29 34 34 26 26 10 8 8 9
 1 1 1 2 2 3 1 1 2 2 3 5 5 8 17 17 4 4 5 5 5 7 9 9 16 16 18 18 18 11 14 14 23 23 20 19 19 36 32 32 27 27 12 11 11 61
 1 1 1 2 2 3 1 1 2 2 3 5 5 8 17 17 4 4 5 5 5 7 9 9 16 16 18 18 18 11 14 14 23 23 20 19 19 36 32 32 27 27 12 11 11 61
 0 0 0 1 1 3 1 1 1 1 2 6 6 14 7 7 7 7 5 5 5 4 5 5 15 15 17 11 11 8 9 9 17 17 14 12 12 15 14 14 12 12 15 16 16 64
 0 0 0 1 1 4 4 4 5 5 4 5 5 14 6 6 18 18 9 2 2 2 4 4 10 10 12 9 9 6 6 6 6 6 7 9 9 13 14 14 12 12 8 18 18 107
 0 0 0 1 1 4 4 4 5 5 4 5 5 14 6 6 18 18 9 2 2 2 4 4 10 10 12 9 9 6 6 6 6 6 7 9 9 13 14 14 12 12 8 18 18 107
 0 0 0 1 1 3 3 3 5 5 1 1 1 5 17 17 17 17 6 1 1 1 2 2 3 3 3 4 4 4 5 5 5 5 4 4 4 6 16 16 16 16 20 94 94 8
 0 0 0 1 1 3 3 3 5 5 1 1 1 5 17 17 17 17 6 1 1 1 2 2 3 3 3 4 4 4 5 5 5 5 4 4 4 6 16 16 16 16 20 94 94 8
 0 0 0 0 0 0 0 0 1 1 1 1 1 2 1 1 1 1 1 1 1 0 0 0 1 1 1 1 1 3 5 5 6 6 4 4 4 9 9 9 20 20 30 25 25 5
 0 0 0 1 1 1 0 0 1 1 2 2 2 2 3 3 4 4 5 3 3 1 0 0 0 0 0 3 3 3 3 3 8 8 6 5 5 4 18 18 15 15 9 9 9 8
 0 0 0 1 1 1 0 0 1 1 2 2 2 2 3 3 4 4 5 3 3 1 0 0 0 0 0 3 3 3 3 3 8 8 6 5 5 4 18 18 15 15 9 9 9 8
 0 0 0 1 1 1 1 1 1 1 1 2 2 3 4 4 3 3 4 1 1 0 1 1 0 0 1 4 4 16 5 5 9 9 9 5 5 4 5 5 6 6 6 15 15 3
 0 0 0 1 1 2 2 2 1 1 1 2 2 2 1 1 1 1 1 1 1 0 1 1 3 3 4 4 4 6 6 6 7 7 7 5 5 7 4 4 6 6 11 11 11 2
 0 0 0 1 1 2 2 2 1 1 1 2 2 2 1 1 1 1 1 1 1 0 1 1 3 3 4 4 4 6 6 6 7 7 7 5 5 7 4 4 6 6 11 11 11 2
 0 0 0 0 0 0 0 0 0 0 1 1 1 3 2 2 1 1 1 1 1 1 1 1 1 1 7 7 7 8 8 8 12 12 13 15 15 7 5 5 5 5 9 7 7 1
 0 0 0 0 0 0 0 0 0 0 1 1 1 3 2 2 1 1 1 1 1 1 1 1 1 1 7 7 7 8 8 8 12 12 13 15 15 7 5 5 5 5 9 7 7 1
 0 0 0 0 0 0 1 1 0 0 1 1 1 2 2 2 1 1 1 1 1 1 2 2 2 2 5 8 8 22 5 5 5 5 7 5 5 5 4 4 11 11 8 6 6 3
 0 0 0 0 0 1 0 0 1 1 1 1 1 1 3 3 1 1 1 1 1 2 2 2 1 1 3 3 3 7 3 3 5 5 5 5 5 2 1 1 7 7 5 2 2 1
 0 0 0 0 0 1 0 0 1 1 1 1 1 1 3 3 1 1 1 1 1 2 2 2 1 1 3 3 3 7 3 3 5 5 5 5 5 2 1 1 7 7 5 2 2 1
 1 1 0 0 0 0 0 0 0 0 1 1 1 1 1 1 3 3 1 1 1 3 4 4 3 3 3 1 1 3 5 5 2 2 3 2 2 1 1 1 5 5 5 2 2 1
 1 1 1 1 1 0 1 1 0 0 1 0 0 1 1 1 2 2 2 1 1 1 0 0 1 1 1 1 1 1 1 1 2 2 1 1 1 1 2 2 4 4 5 2 2 1
 1 1 1 1 1 0 1 1 0 0 1 0 0 1 1 1 2 2 2 1 1 1 0 0 1 1 1 1 1 1 1 1 2 2 1 1 1 1 2 2 4 4 5 2 2 1
 2 2 1 2 2 2 2 2 0 0 1 0 0 0 0 0 2 2 2 1 1 0 0 0 0 0 0 0 0 1 1 1 1 1 1 2 2 4 8 8 6 6 5 4 4 2
 2 2 1 2 2 2 2 2 0 0 1 0 0 0 0 0 2 2 2 1 1 0 0 0 0 0 0 0 0 1 1 1 1 1 1 2 2 4 8 8 6 6 5 4 4 2
 2 2 2 2 2 3 3 3 2 2 2 2 2 2 0 0 1 1 1 2 2 0 0 0 0 0 0 0 0 0 1 1 1 1 2 2 2 5 9 9 13 13 10 9 9 7
 3 3 3 3 3 3 2 2 2 2 0 1 1 2 0 0 1 1 2 1 1 1 1 1 0 0 0 0 0 0 0 0 0 0 1 5 5 12 23 23 22 22 10 9 9 3
 3 3 3 3 3 3 2 2 2 2 0 1 1 2 0 0 1 1 2 1 1 1 1 1 0 0 0 0 0 0 0 0 0 0 1 5 5 12 23 23 22 22 10 9 9 3
 3 3 3 3 3 3 3 3 2 2 0 1 1 1 1 1 1 1 1 2 2 1 0 0 0 0 0 1 1 2 2 2 0 0 0 5 5 7 16 16 10 10 8 10 10 3
 3 3 3 4 4 4 4 4 3 3 3 1 1 1 0 0 1 1 0 2 2 1 0 0 1 1 1 2 2 2 3 3 3 3 4 3 3 4 6 6 7 7 4 5 5 1
 3 3 3 4 4 4 4 4 3 3 3 1 1 1 0 0 1 1 0 2 2 1 0 0 1 1 1 2 2 2 3 3 3 3 4 3 3 4 6 6 7 7 4 5 5 1
 2 2 2 4 4 4 4 4 4 4 4 1 1 0 0 0 1 1 0 2 2 2 1 1 2 2 4 3 3 8 8 8 7 7 8 7 7 3 3 3 0 0 2 4 4 3
 2 2 2 4 4 4 4 4 4 4 4 1 1 0 0 0 1 1 0 2 2 2 1 1 2 2 4 3 3 8 8 8 7 7 8 7 7 3 3 3 0 0 2 4 4 3
 2 2 2 3 3 2 3 3 4 4 4 4 4 0 0 0 0 0 0 2 2 1 1 1 1 1 2 2 2 6 13 13 13 13 9 7 7 4 1 1 1 1 1 1 1 3
 1 1 1 2 2 2 3 3 4 4 4 4 4 1 1 1 0 0 1 1 1 2 2 2 2 2 2 2 2 4 5 5 8 8 10 10 10 4 2 2 1 1 2 4 4 1
 1 1 1 2 2 2 3 3 4 4 4 4 4 1 1 1 0 0 1 1 1 2 2 2 2 2 2 2 2 4 5 5 8 8 10 10 10 4 2 2 1 1 2 4 4 1
 1 1 1 1 1 2 2 2 2 2 5 5 5 2 1 1 1 1 1 2 2 3 3 3 5 5 7 9 9 14 12 12 11 11 7 7 7 5 1 1 3 3 3 0 0 0
 2 2 2 1 1 2 1 1 2 2 6 8 8 7 2 2 2 2 0 1 1 1 3 3 2 2 6 6 6 13 14 14 11 11 9 12 12 7 2 2 1 1 0 0 0 0
 2 2 2 1 1 2 1 1 2 2 6 8 8 7 2 2 2 2 0 1 1 1 3 3 2 2 6 6 6 13 14 14 11 11 9 12 12 7 2 2 1 1 0 0 0 0
 2 2 2 2 2 2 1 1 4 4 5 6 6 8 5 5 2 2 0 0 0 0 1 1 1 1 1 3 3 3 7 7 12 12 7 8 8 6 1 1 0 0 0 0 0 0
 2 2 2 2 2 2 1 1 4 4 5 6 6 8 5 5 2 2 0 0 0 0 1 1 1 1 1 3 3 3 7 7 12 12 7 8 8 6 1 1 0 0 0 0 0 0
 2 2 2 2 2 3 2 2 4 4 5 8 8 8 8 8 3 3 1 1 1 0 0 0 2 2 1 2 2 7 12 12 10 10 3 3 3 2 1 1 0 0 0 0 0 0
 3 3 2 1 1 3 3 3 4 4 5 6 6 6 7 7 2 2 2 1 1 1 1 1 2 2 2 3 3 8 4 4 5 5 1 2 2 3 0 0 0 0 0 0 0 0
 3 3 2 1 1 3 3 3 4 4 5 6 6 6 7 7 2 2 2 1 1 1 1 1 2 2 2 3 3 8 4 4 5 5 1 2 2 3 0 0 0 0 0 0 0 0
 3 3 2 2 2 2 3 3 5 5 5 5 5 4 3 3 2 2 3 4 4 6 2 2 4 4 2 2 2 3 3 3 4 4 1 2 2 2 3 3 1 1 0 0 0 0
 2 2 1 1 1 3 3 3 4 4 3 2 2 2 1 1 2 2 2 4 4 8 2 2 3 3 3 2 2 2 5 5 4 4 2 2 2 2 2 2 1 1 1 1 1 0
 2 2 1 1 1 3 3 3 4 4 3 2 2 2 1 1 2 2 2 4 4 8 2 2 3 3 3 2 2 2 5 5 4 4 2 2 2 2 2 2 1 1 1 1 1 0
 1 1 1 0 0 1 1 1 3 3 1 1 1 1 2 2 1 1 2 2 2 2 2 2 3 3 4 5 5 4 10 10 8 8 7 5 5 5 8 8 1 1 0 0 0 1
 1 1 1 0 0 1 1 1 3 3 1 1 1 1 2 2 1 1 2 2 2 2 2 2 3 3 4 5 5 4 10 10 8 8 7 5 5 5 8 8 1 1 0 0 0 1
 1 1 1 1 1 1 1 1 1 1 1 1 1 1 1 1 1 1 0 2 2 2 1 1 4 4 6 6 6 5 5 5 11 11 16 15 15 12 11 11 9 9 2 0 0 0
 1 1 1 1 1 1 1 1 1 1 1 1 1 1 1 1 1 1 0 0 0 1 4 4 3 3 8 9 9 7 18 18 8 8 36 97 97 19 91 91 15 15 17 1 1 0
 1 1 1 1 1 1 1 1 1 1 1 1 1 1 1 1 1 1 0 0 0 1 4 4 3 3 8 9 9 7 18 18 8 8 36 97 97 19 91 91 15 15 17 1 1 0
 3 3 2 1 1 1 1 1 2 2 1 1 1 1 1 1 1 1 2 1 1 1 3 3 4 4 8 8 8 8 10 10 19 19 31 70 70 97 98 98 34 34 18 3 3 0
 4 4 2 3 3 2 1 1 2 2 1 1 1 1 1 1 1 1 1 2 2 1 4 4 5 5 10 6 6 6 9 9 11 11 29 32 32 99 34 34 10 10 14 3 3 0
 4 4 2 3 3 2 1 1 2 2 1 1 1 1 1 1 1 1 1 2 2 1 4 4 5 5 10 6 6 6 9 9 11 11 29 32 32 99 34 34 10 10 14 3 3 0
 5 5 5 4 4 3 2 2 3 3 2 2 2 1 1 1 1 1 2 3 3 1 1 1 2 2 5 6 6 4 7 7 8 8 23 22 22 21 25 25 12 12 3 2 2 0
 5 5 5 4 4 3 2 2 3 3 2 2 2 1 1 1 1 1 2 3 3 1 1 1 2 2 5 6 6 4 7 7 8 8 23 22 22 21 25 25 12 12 3 2 2 0
 7 7 6 7 7 5 5 5 5 5 3 2 2 1 1 1 1 1 1 4 4 2 3 3 2 2 4 4 4 3 5 5 7 7 8 12 12 10 5 5 2 2 0 1 1 0
 8 8 10 8 8 6 6 6 6 6 4 4 4 2 1 1 1 1 1 2 2 2 3 3 2 2 3 3 3 3 3 3 6 6 5 69 69 11 3 3 1 1 0 0 0 0
 8 8 10 8 8 6 6 6 6 6 4 4 4 2 1 1 1 1 1 2 2 2 3 3 2 2 3 3 3 3 3 3 6 6 5 69 69 11 3 3 1 1 0 0 0 0
 7 7 8 14 14 12 11 11 8 8 6 4 4 1 1 1 0 0 0 1 1 1 2 2 2 2 3 3 3 2 3 3 3 3 12 12 12 4 1 1 0 0 0 0 0 0
 7 7 9 10 10 10 9 9 8 8 8 7 7 2 1 1 1 1 1 0 0 0 0 0 0 0 0 0 0 2 2 2 2 2 3 3 3 1 1 1 3 3 2 0 0 0
 7 7 9 10 10 10 9 9 8 8 8 7 7 2 1 1 1 1 1 0 0 0 0 0 0 0 0 0 0 2 2 2 2 2 3 3 3 1 1 1 3 3 2 0 0 0
 8 8 8 9 9 11 12 12 9 9 9 9 9 4 2 2 1 1 1 0 0 0 0 0 0 0 0 0 0 0 1 1 1 1 4 4 4 3 3 3 1 1 1 1 1 0
 8 8 8 9 9 11 12 12 9 9 9 9 9 4 2 2 1 1 1 0 0 0 0 0 0 0 0 0 0 0 1 1 1 1 4 4 4 3 3 3 1 1 1 1 1 0
 12 12 10 10 10 11 10 10 10 10 12 8 8 8 4 4 3 3 1 0 0 0 0 0 0 0 0 0 0 0 0 0 1 1 3 4 4 5 6 6 1 1 1 0 0 0
 14 14 11 13 13 14 13 13 17 17 15 15 15 8 8 8 3 3 1 1 1 0 0 0 0 0 0 0 0 0 0 0 1 1 1 2 2 4 6 6 5 5 1 0 0 0
 14 14 11 13 13 14 13 13 17 17 15 15 15 8 8 8 3 3 1 1 1 0 0 0 0 0 0 0 0 0 0 0 1 1 1 2 2 4 6 6 5 5 1 0 0 0
 16 16 14 15 15 16 14 14 18 18 20 15 15 17 7 7 6 6 3 1 1 1 0 0 0 0 0 0 0 0 0 0 0 0 1 1 1 1 2 2 1 1 1 0 0 1
 22 22 15 16 16 22 18 18 21 21 17 13 13 15 8 8 7 7 4 2 2 1 1 1 0 0 0 0 0 0 0 0 0 0 0 0 0 1 0 0 0 0 1 0 0 0
