assets/RAT_results_old/precipitation/2020-06-01_IMERG.asc
ncols        46
nrows        77
xllcorner    74.800261325624
yllcorner    8.058333333333
cellsize     0.062500000000
NODATA_value -9999
 35 35 25 12 12 8 11 11 10 10 12 3 3 2 1 1 0 0 0 0 0 0 0 0 0 0 0 0 0 0 0 0 0 0 0 0 0 0 1 1 1 1 2 3 3 3
 35 35 36 13 13 6 9 9 6 6 9 3 3 2 1 1 0 0 0 0 0 0 0 0 0 0 0 0 0 0 0 0 0 0 0 0 0 1 3 3 2 2 4 4 4 3
 35 35 36 13 13 6 9 9 6 6 9 3 3 2 1 1 0 0 0 0 0 0 0 0 0 0 0 0 0 0 0 0 0 0 0 0 0 1 3 3 2 2 4 4 4 3
 34 34 36 20 20 8 6 6 10 10 13 5 5 3 1 1 0 0 0 0 0 0 0 0 0 0 0 0 0 0 0 0 1 1 0 0 0 1 3 3 6 6 6 6 6 1
 37 37 80 84 84 14 13 13 13 13 15 6 6 4 1 1 0 0 0 0 0 0 0 0 0 0 0 0 0 0 0 0 0 0 0 3 3 3 4 4 8 8 5 5 5 17
 37 37 80 84 84 14 13 13 13 13 15 6 6 4 1 1 0 0 0 0 0 0 0 0 0 0 0 0 0 0 0 0 0 0 0 3 3 3 4 4 8 8 5 5 5 17
 78 78 99 85 85 18 17 17 16 16 17 11 11 4 1 1 0 0 0 0 0 0 0 0 0 0 0 0 0 0 0 0 0 0 2 3 3 4 7 7 3 3 5 6 6 7
 78 78 99 85 85 18 17 17 16 16 17 11 11 4 1 1 0 0 0 0 0 0 0 0 0 0 0 0 0 0 0 0 0 0 2 3 3 4 7 7 3 3 5 6 6 7
 87 87 93 63 63 38 38 38 20 20 17 9 9 4 1 1 0 0 0 0 0 0 0 0 0 0 0 0 0 0 0 0 0 0 0 3 3 5 4 4 2 2 4 5 5 6
 51 51 55 40 40 36 39 39 20 20 19 11 11 4 1 1 0 0 0 0 0 0 0 0 0 0 0 0 0 0 0 0 0 0 1 4 4 5 2 2 2 2 3 5 5 0
 51 51 55 40 40 36 39 39 20 20 19 11 11 4 1 1 0 0 0 0 0 0 0 0 0 0 0 0 0 0 0 0 0 0 1 4 4 5 2 2 2 2 3 5 5 0
 35 35 71 62 62 29 24 24 28 28 22 12 12 5 2 2 1 1 0 0 0 0 0 0 0 0 0 0 0 0 0 0 1 1 2 3 3 3 1 1 2 2 1 1 1 1
 25 25 50 43 43 33 40 40 27 27 20 11 11 5 3 3 1 1 1 0 0 1 0 0 0 0 0 0 0 0 0 0 0 0 1 2 2 2 1 1 1 1 0 0 0 0
 25 25 50 43 43 33 40 40 27 27 20 11 11 5 3 3 1 1 1 0 0 1 0 0 0 0 0 0 0 0 0 0 0 0 1 2 2 2 1 1 1 1 0 0 0 0
 21 21 36 40 40 30 47 47 47 47 14 10 10 5 4 4 2 2 1 1 1 1 2 2 1 1 0 0 0 0 0 0 1 1 2 2 2 1 1 1 1 1 0 0 0 0
 21 21 36 40 40 30 47 47 47 47 14 10 10 5 4 4 2 2 1 1 1 1 2 2 1 1 0 0 0 0 0 0 1 1 2 2 2 1 1 1 1 1 0 0 0 0
 24 24 41 31 31 66 48 48 47 47 19 10 10 6 5 5 4 4 3 2 2 2 1 1 1 1 0 0 0 0 1 1 1 1 1 1 1 1 1 1 1 1 0 0 0 0
 29 29 35 38 38 59 57 57 50 50 18 18 18 9 7 7 4 4 5 4 4 4 1 1 1 1 3 0 0 0 1 1 1 1 0 0 0 0 0 0 0 0 0 0 0 0
 29 29 35 38 38 59 57 57 50 50 18 18 18 9 7 7 4 4 5 4 4 4 1 1 1 1 3 0 0 0 1 1 1 1 0 0 0 0 0 0 0 0 0 0 0 0
 27 27 30 33 33 59 55 55 20 20 22 23 23 21 6 6 4 4 6 3 3 3 3 3 3 3 3 0 0 0 0 0 0 0 0 0 0 0 0 0 0 0 0 0 0 0
 21 21 20 19 19 21 16 16 17 17 20 28 28 28 20 20 7 7 6 1 1 2 3 3 5 5 1 2 2 1 0 0 0 0 0 0 0 0 0 0 0 0 0 0 0 0
 21 21 20 19 19 21 16 16 17 17 20 28 28 28 20 20 7 7 6 1 1 2 3 3 5 5 1 2 2 1 0 0 0 0 0 0 0 0 0 0 0 0 0 0 0 0
 19 19 20 20 20 22 16 16 16 16 21 19 19 33 25 25 14 14 6 1 1 2 1 1 2 2 0 1 1 0 0 0 0 0 0 0 0 0 0 0 0 0 0 0 0 0
 19 19 20 20 20 22 16 16 16 16 21 19 19 33 25 25 14 14 6 1 1 2 1 1 2 2 0 1 1 0 0 0 0 0 0 0 0 0 0 0 0 0 0 0 0 0
 19 19 37 34 34 32 16 16 20 20 16 31 31 46 23 23 13 13 1 1 1 1 0 0 0 0 0 1 1 0 0 0 0 0 0 0 0 0 0 0 0 0 0 0 0 0
 19 19 38 36 36 17 11 11 12 12 13 32 32 42 26 26 19 19 2 1 1 1 0 0 0 0 0 0 0 0 0 0 0 0 0 0 0 1 0 0 0 0 0 0 0 0
 19 19 38 36 36 17 11 11 12 12 13 32 32 42 26 26 19 19 2 1 1 1 0 0 0 0 0 0 0 0 0 0 0 0 0 0 0 1 0 0 0 0 0 0 0 0
 27 27 34 37 37 20 12 12 7 7 9 8 8 9 13 13 10 10 1 0 0 0 0 0 0 0 0 0 0 0 0 0 0 0 0 0 0 1 0 0 0 0 0 0 0 0
 25 25 21 21 21 15 7 7 7 7 7 11 11 22 20 20 9 9 4 1 1 0 0 0 0 0 1 1 1 0 0 0 0 0 0 0 0 0 0 0 0 0 0 0 0 0
 25 25 21 21 21 15 7 7 7 7 7 11 11 22 20 20 9 9 4 1 1 0 0 0 0 0 1 1 1 0 0 0 0 0 0 0 0 0 0 0 0 0 0 0 0 0
 15 15 18 16 16 12 12 12 8 8 9 15 15 17 13 13 8 8 3 1 1 5 4 4 0 0 4 2 2 0 0 0 0 0 0 0 0 0 0 0 0 0 0 0 0 0
 15 15 18 16 16 12 12 12 8 8 9 15 15 17 13 13 8 8 3 1 1 5 4 4 0 0 4 2 2 0 0 0 0 0 0 0 0 0 0 0 0 0 0 0 0 0
 13 13 16 15 15 16 16 16 12 12 10 11 11 13 11 11 6 6 3 1 1 0 1 1 0 0 0 0 0 0 0 0 0 0 0 0 0 0 0 0 0 0 0 0 0 0
 14 14 16 16 16 16 17 17 16 16 13 8 8 6 5 5 4 4 2 1 1 1 1 1 0 0 0 0 0 0 0 0 0 0 0 0 0 0 0 0 0 0 0 0 0 0
 14 14 16 16 16 16 17 17 16 16 13 8 8 6 5 5 4 4 2 1 1 1 1 1 0 0 0 0 0 0 0 0 0 0 0 0 0 0 0 0 0 0 0 0 0 0
 18 18 17 22 22 22 21 21 26 26 13 9 9 5 3 3 7 7 2 2 2 1 1 1 0 0 0 0 0 1 1 1 0 0 0 0 0 0 0 0 0 0 0 0 0 0
 20 20 23 27 27 27 32 32 26 26 15 8 8 2 6 6 6 6 12 4 4 1 1 1 0 0 1 3 3 6 1 1 1 1 0 0 0 0 0 0 0 0 0 0 0 0
 20 20 23 27 27 27 32 32 26 26 15 8 8 2 6 6 6 6 12 4 4 1 1 1 0 0 1 3 3 6 1 1 1 1 0 0 0 0 0 0 0 0 0 0 0 0
 20 20 21 27 27 30 31 31 36 36 18 11 11 15 15 15 15 15 12 3 3 2 1 1 1 1 2 7 7 10 6 6 2 2 0 0 0 0 0 0 2 2 2 0 0 0
 20 20 21 27 27 30 31 31 36 36 18 11 11 15 15 15 15 15 12 3 3 2 1 1 1 1 2 7 7 10 6 6 2 2 0 0 0 0 0 0 2 2 2 0 0 0
 20 20 23 27 27 26 28 28 36 36 32 28 28 19 19 19 14 14 12 7 7 9 9 9 11 11 5 3 3 7 5 5 2 2 2 0 0 0 0 0 1 1 0 0 0 0
 25 25 28 33 33 33 34 34 45 45 39 31 31 15 21 21 21 21 14 8 8 16 7 7 17 17 10 4 4 7 5 5 4 4 2 0 0 1 0 0 0 0 0 0 0 0
 25 25 28 33 33 33 34 34 45 45 39 31 31 15 21 21 21 21 14 8 8 16 7 7 17 17 10 4 4 7 5 5 4 4 2 0 0 1 0 0 0 0 0 0 0 0
 29 29 37 39 39 40 37 37 36 36 30 28 28 22 28 28 26 26 22 20 20 20 8 8 16 16 11 3 3 4 6 6 4 4 2 1 1 0 0 0 0 0 0 0 0 1
 35 35 45 46 46 45 47 47 42 42 39 41 41 50 37 37 27 27 26 21 21 24 15 15 15 15 5 7 7 4 5 5 5 5 2 1 1 0 0 0 0 0 0 0 0 1
 35 35 45 46 46 45 47 47 42 42 39 41 41 50 37 37 27 27 26 21 21 24 15 15 15 15 5 7 7 4 5 5 5 5 2 1 1 0 0 0 0 0 0 0 0 1
 40 40 53 55 55 61 64 64 58 58 48 61 61 53 37 37 44 44 27 28 28 22 17 17 12 12 20 16 16 15 7 7 8 8 6 2 2 0 0 0 0 0 0 0 0 0
 40 40 53 55 55 61 64 64 58 58 48 61 61 53 37 37 44 44 27 28 28 22 17 17 12 12 20 16 16 15 7 7 8 8 6 2 2 0 0 0 0 0 0 0 0 0
 49 49 63 68 68 74 73 73 66 66 62 55 55 68 58 58 37 37 23 24 24 17 14 14 23 23 21 16 16 9 6 6 4 4 1 0 0 0 0 0 0 0 0 1 1 1
 57 57 66 69 69 77 78 78 73 73 67 61 61 92 51 51 24 24 25 26 26 23 23 23 12 12 15 5 5 4 3 3 1 1 4 0 0 0 0 0 0 0 0 1 1 1
 57 57 66 69 69 77 78 78 73 73 67 61 61 92 51 51 24 24 25 26 26 23 23 23 12 12 15 5 5 4 3 3 1 1 4 0 0 0 0 0 0 0 0 1 1 1
 65 65 74 88 88 89 85 85 83 83 77 109 109 102 66 66 31 31 29 24 24 21 22 22 9 9 15 4 4 5 8 8 10 10 7 2 2 0 0 0 0 0 0 0 0 0
 60 60 77 84 84 110 104 104 111 111 113 116 116 108 75 75 41 41 24 18 18 10 10 10 13 13 13 11 11 8 5 5 8 8 9 5 5 2 1 1 1 1 0 0 0 0
 60 60 77 84 84 110 104 104 111 111 113 116 116 108 75 75 41 41 24 18 18 10 10 10 13 13 13 11 11 8 5 5 8 8 9 5 5 2 1 1 1 1 0 0 0 0
 55 55 64 74 74 82 92 92 89 89 100 92 92 81 55 55 50 50 36 12 12 8 10 10 12 12 19 9 9 17 10 10 10 10 9 7 7 4 1 1 0 0 0 0 0 0
 55 55 64 74 74 82 92 92 89 89 100 92 92 81 55 55 50 50 36 12 12 8 10 10 12 12 19 9 9 17 10 10 10 10 9 7 7 4 1 1 0 0 0 0 0 0
 49 49 55 67 67 74 81 81 75 75 82 66 66 57 42 42 46 46 34 6 6 14 12 12 18 18 22 17 17 15 17 17 25 25 15 7 7 2 1 1 1 1 0 0 0 0
 47 47 54 73 73 74 79 79 74 74 77 61 61 53 40 40 30 30 17 19 19 12 13 13 14 14 27 23 23 17 12 12 27 27 22 2 2 2 0 0 0 0 0 0 0 0
 47 47 54 73 73 74 79 79 74 74 77 61 61 53 40 40 30 30 17 19 19 12 13 13 14 14 27 23 23 17 12 12 27 27 22 2 2 2 0 0 0 0 0 0 0 0
 49 49 53 65 65 68 72 72 64 64 69 56 56 46 37 37 30 30 24 26 26 20 18 18 20 20 28 30 30 25 21 21 14 14 2 6 6 4 1 1 0 0 0 0 0 0
 43 43 53 58 58 60 65 65 62 62 66 56 56 45 38 38 30 30 24 25 25 21 5 5 9 9 28 28 28 27 17 17 10 10 6 5 5 3 0 0 0 0 0 0 0 0
 43 43 53 58 58 60 65 65 62 62 66 56 56 45 38 38 30 30 24 25 25 21 5 5 9 9 28 28 28 27 17 17 10 10 6 5 5 3 0 0 0 0 0 0 0 0
 44 44 53 58 58 57 63 63 61 61 56 49 49 41 40 40 30 30 29 24 24 15 4 4 10 10 22 19 19 18 14 14 6 6 7 7 7 2 0 0 1 1 0 0 0 0
 44 44 53 58 58 57 63 63 61 61 56 49 49 41 40 40 30 30 29 24 24 15 4 4 10 10 22 19 19 18 14 14 6 6 7 7 7 2 0 0 1 1 0 0 0 0
 49 49 59 65 65 70 71 71 73 73 62 65 65 51 46 46 33 33 31 25 25 9 4 4 9 9 34 21 21 17 15 15 10 10 6 6 6 6 2 2 1 1 0 0 0 0
 59 59 71 81 81 83 78 78 75 75 70 71 71 57 48 48 36 36 28 24 24 11 8 8 9 9 30 31 31 28 23 23 21 21 13 8 8 12 2 2 1 1 0 0 0 0
 59 59 71 81 81 83 78 78 75 75 70 71 71 57 48 48 36 36 28 24 24 11 8 8 9 9 30 31 31 28 23 23 21 21 13 8 8 12 2 2 1 1 0 0 0 0
 64 64 68 74 74 66 65 65 62 62 68 69 69 66 55 55 48 48 34 24 24 17 11 11 10 10 19 31 31 32 38 38 41 41 23 16 16 7 9 9 2 2 2 0 0 0
 82 82 77 62 62 53 58 58 53 53 59 67 67 67 68 68 58 58 46 33 33 30 26 26 11 11 9 17 17 27 36 36 33 33 27 20 20 14 8 8 6 6 4 2 2 1
 82 82 77 62 62 53 58 58 53 53 59 67 67 67 68 68 58 58 46 33 33 30 26 26 11 11 9 17 17 27 36 36 33 33 27 20 20 14 8 8 6 6 4 2 2 1
 73 73 64 52 52 50 49 49 50 50 54 56 56 61 56 56 50 50 43 36 36 33 30 30 14 14 16 16 16 16 31 31 41 41 30 22 22 13 11 11 6 6 4 4 4 0
 73 73 64 52 52 50 49 49 50 50 54 56 56 61 56 56 50 50 43 36 36 33 30 30 14 14 16 16 16 16 31 31 41 41 30 22 22 13 11 11 6 6 4 4 4 0
 62 62 61 53 53 56 60 60 64 64 71 75 75 86 56 56 52 52 45 40 40 36 45 45 43 43 24 24 24 27 28 28 34 34 36 43 43 20 16 16 16 16 11 10 10 0
 60 60 59 47 47 54 53 53 57 57 60 71 71 75 63 63 41 41 32 26 26 29 37 37 23 23 22 31 31 38 39 39 44 44 47 27 27 20 22 22 14 14 11 7 7 1
 60 60 59 47 47 54 53 53 57 57 60 71 71 75 63 63 41 41 32 26 26 29 37 37 23 23 22 31 31 38 39 39 44 44 47 27 27 20 22 22 14 14 11 7 7 1
 54 54 51 44 44 49 48 48 49 49 49 51 51 58 54 54 34 34 22 22 22 23 20 20 21 21 21 24 24 63 39 39 30 30 31 25 25 34 18 18 12 12 6 5 5 1
 50 50 46 48 48 52 52 52 50 50 48 42 42 38 34 34 23 23 22 22 22 21 23 23 21 21 20 19 19 55 40 40 20 20 20 8 8 11 8 8 18 18 4 1 1 1
