assets/RAT_results_old/precipitation/2020-09-04_IMERG.asc
ncols        46
nrows        77
xllcorner    74.800261325624
yllcorner    8.058333333333
cellsize     0.062500000000
NODATA_value -9999
 7 7 6 5 5 4 7 7 4 4 14 11 11 8 8 8 9 9 9 7 7 4 0 0 0 0 0 0 0 0 0 0 0 0 0 0 0 1 1 1 1 1 1 2 2 2
 5 5 4 4 4 4 3 3 4 4 6 11 11 12 12 12 12 12 13 15 15 8 9 9 7 7 1 1 1 1 0 0 0 0 0 0 0 1 0 0 0 0 1 1 1 1
 5 5 4 4 4 4 3 3 4 4 6 11 11 12 12 12 12 12 13 15 15 8 9 9 7 7 1 1 1 1 0 0 0 0 0 0 0 1 0 0 0 0 1 1 1 1
 2 2 5 4 4 7 5 5 6 6 9 9 9 9 9 9 26 26 27 19 19 15 8 8 7 7 7 6 6 7 0 0 1 1 2 2 2 3 2 2 0 0 0 0 0 0
 1 1 3 3 3 5 4 4 6 6 22 23 23 36 27 27 26 26 26 15 15 2 1 1 3 3 3 7 7 7 1 1 2 2 2 2 2 2 1 1 1 1 0 1 1 0
 1 1 3 3 3 5 4 4 6 6 22 23 23 36 27 27 26 26 26 15 15 2 1 1 3 3 3 7 7 7 1 1 2 2 2 2 2 2 1 1 1 1 0 1 1 0
 1 1 1 4 4 4 6 6 9 9 22 21 21 37 28 28 12 12 12 12 12 3 3 3 2 2 3 2 2 2 2 2 2 2 3 11 11 4 4 4 3 3 1 3 3 4
 1 1 1 4 4 4 6 6 9 9 22 21 21 37 28 28 12 12 12 12 12 3 3 3 2 2 3 2 2 2 2 2 2 2 3 11 11 4 4 4 3 3 1 3 3 4
 1 1 2 4 4 5 4 4 3 3 4 24 24 26 25 25 13 13 4 5 5 5 8 8 7 7 7 7 7 6 6 6 8 8 9 15 15 9 6 6 3 3 3 5 5 4
 2 2 2 6 6 6 6 6 5 5 3 7 7 8 4 4 3 3 4 4 4 5 9 9 8 8 11 10 10 8 9 9 11 11 9 16 16 18 11 11 6 6 4 5 5 3
 2 2 2 6 6 6 6 6 5 5 3 7 7 8 4 4 3 3 4 4 4 5 9 9 8 8 11 10 10 8 9 9 11 11 9 16 16 18 11 11 6 6 4 5 5 3
 3 3 3 2 2 8 7 7 7 7 5 5 5 6 3 3 5 5 3 3 3 3 4 4 5 5 7 6 6 5 6 6 5 5 8 18 18 19 15 15 7 7 5 5 5 4
 3 3 3 3 3 8 10 10 10 10 8 7 7 18 7 7 12 12 8 11 11 10 5 5 5 5 6 5 5 3 3 3 3 3 3 7 7 16 12 12 12 12 5 4 4 2
 3 3 3 3 3 8 10 10 10 10 8 7 7 18 7 7 12 12 8 11 11 10 5 5 5 5 6 5 5 3 3 3 3 3 3 7 7 16 12 12 12 12 5 4 4 2
 4 4 5 3 3 3 9 9 11 11 11 7 7 13 68 68 11 11 15 13 13 23 12 12 13 13 10 9 9 5 4 4 6 6 8 7 7 15 11 11 3 3 4 4 4 4
 4 4 5 3 3 3 9 9 11 11 11 7 7 13 68 68 11 11 15 13 13 23 12 12 13 13 10 9 9 5 4 4 6 6 8 7 7 15 11 11 3 3 4 4 4 4
 5 5 7 7 7 4 4 4 14 14 12 7 7 13 19 19 18 18 18 12 12 16 23 23 14 14 14 14 14 11 9 9 12 12 15 8 8 10 8 8 5 5 5 5 5 12
 5 5 9 7 7 5 7 7 9 9 13 10 10 10 16 16 27 27 32 14 14 11 18 18 18 18 18 12 12 12 10 10 10 10 55 81 81 11 7 7 6 6 6 7 7 6
 5 5 9 7 7 5 7 7 9 9 13 10 10 10 16 16 27 27 32 14 14 11 18 18 18 18 18 12 12 12 10 10 10 10 55 81 81 11 7 7 6 6 6 7 7 6
 4 4 7 7 7 7 7 7 10 10 8 15 15 17 17 17 19 19 36 17 17 14 14 14 17 17 16 14 14 14 42 42 44 44 56 53 53 7 7 7 5 5 6 6 6 7
 4 4 5 5 5 5 5 5 9 9 8 14 14 17 17 17 20 20 31 28 28 20 15 15 17 17 18 15 15 14 58 58 62 62 75 72 72 69 8 8 4 4 4 4 4 6
 4 4 5 5 5 5 5 5 9 9 8 14 14 17 17 17 20 20 31 28 28 20 15 15 17 17 18 15 15 14 58 58 62 62 75 72 72 69 8 8 4 4 4 4 4 6
 4 4 4 2 2 4 6 6 11 11 10 5 5 14 14 14 17 17 23 24 24 19 15 15 16 16 19 26 26 26 27 27 57 57 57 11 11 10 6 6 5 5 4 7 7 5
 4 4 4 2 2 4 6 6 11 11 10 5 5 14 14 14 17 17 23 24 24 19 15 15 16 16 19 26 26 26 27 27 57 57 57 11 11 10 6 6 5 5 4 7 7 5
 2 2 3 2 2 3 4 4 3 3 3 3 3 9 12 12 9 9 10 15 15 13 13 13 13 13 16 18 18 27 25 25 16 16 14 13 13 12 9 9 7 7 5 5 5 30
 2 2 2 2 2 2 3 3 2 2 2 3 3 3 9 9 8 8 7 12 12 12 8 8 9 9 14 16 16 22 22 22 14 14 14 13 13 14 12 12 10 10 8 8 8 42
 2 2 2 2 2 2 3 3 2 2 2 3 3 3 9 9 8 8 7 12 12 12 8 8 9 9 14 16 16 22 22 22 14 14 14 13 13 14 12 12 10 10 8 8 8 42
 2 2 2 3 3 3 5 5 5 5 5 5 5 4 4 4 6 6 5 10 10 8 11 11 8 8 6 9 9 9 10 10 12 12 14 11 11 11 12 12 13 13 12 11 11 44
 2 2 5 6 6 8 14 14 17 17 15 11 11 4 4 4 5 5 4 4 4 5 5 5 1 1 4 5 5 6 4 4 2 2 5 6 6 8 8 8 8 8 8 7 7 7
 2 2 5 6 6 8 14 14 17 17 15 11 11 4 4 4 5 5 4 4 4 5 5 5 1 1 4 5 5 6 4 4 2 2 5 6 6 8 8 8 8 8 8 7 7 7
 1 1 2 3 3 4 10 10 11 11 10 7 7 5 5 5 4 4 3 3 3 3 1 1 1 1 1 0 0 3 0 0 0 0 1 4 4 4 4 4 6 6 3 5 5 5
 1 1 2 3 3 4 10 10 11 11 10 7 7 5 5 5 4 4 3 3 3 3 1 1 1 1 1 0 0 3 0 0 0 0 1 4 4 4 4 4 6 6 3 5 5 5
 1 1 1 1 1 1 3 3 3 3 3 4 4 2 2 2 4 4 4 4 4 4 3 3 1 1 1 1 1 1 1 1 0 0 2 3 3 3 5 5 3 3 2 3 3 4
 1 1 1 1 1 1 1 1 1 1 1 1 1 1 1 1 2 2 4 6 6 5 4 4 4 4 3 2 2 3 2 2 1 1 1 1 1 4 7 7 5 5 2 0 0 0
 1 1 1 1 1 1 1 1 1 1 1 1 1 1 1 1 2 2 4 6 6 5 4 4 4 4 3 2 2 3 2 2 1 1 1 1 1 4 7 7 5 5 2 0 0 0
 2 2 2 2 2 2 2 2 2 2 2 2 2 2 2 2 3 3 6 9 9 8 8 8 11 11 7 5 5 6 6 6 4 4 4 17 17 14 7 7 4 4 2 2 2 0
 2 2 3 3 3 4 3 3 3 3 3 3 3 3 3 3 5 5 4 11 11 13 12 12 10 10 10 13 13 12 13 13 11 11 22 17 17 9 9 9 7 7 2 2 2 0
 2 2 3 3 3 4 3 3 3 3 3 3 3 3 3 3 5 5 4 11 11 13 12 12 10 10 10 13 13 12 13 13 11 11 22 17 17 9 9 9 7 7 2 2 2 0
 2 2 2 4 4 5 4 4 3 3 3 3 3 3 4 4 5 5 5 13 13 14 17 17 12 12 9 8 8 10 13 13 20 20 19 15 15 15 9 9 4 4 6 5 5 4
 2 2 2 4 4 5 4 4 3 3 3 3 3 3 4 4 5 5 5 13 13 14 17 17 12 12 9 8 8 10 13 13 20 20 19 15 15 15 9 9 4 4 6 5 5 4
 3 3 2 3 3 4 3 3 3 3 3 3 3 3 3 3 4 4 7 15 15 14 15 15 18 18 13 12 12 17 14 14 20 20 18 19 19 37 22 22 7 7 13 16 16 6
 3 3 2 2 2 2 3 3 3 3 3 5 5 3 4 4 4 4 6 10 10 14 14 14 15 15 17 14 14 27 25 25 17 17 20 37 37 46 62 62 19 19 16 21 21 22
 3 3 2 2 2 2 3 3 3 3 3 5 5 3 4 4 4 4 6 10 10 14 14 14 15 15 17 14 14 27 25 25 17 17 20 37 37 46 62 62 19 19 16 21 21 22
 2 2 2 2 2 3 4 4 4 4 5 5 5 5 5 5 5 5 8 10 10 14 11 11 16 16 19 24 24 19 19 19 18 18 17 18 18 23 22 22 17 17 17 16 16 36
 1 1 2 2 2 3 3 3 4 4 5 5 5 5 5 5 5 5 11 11 11 12 17 17 17 17 17 22 22 21 19 19 19 19 15 14 14 13 18 18 40 40 39 28 28 46
 1 1 2 2 2 3 3 3 4 4 5 5 5 5 5 5 5 5 11 11 11 12 17 17 17 17 17 22 22 21 19 19 19 19 15 14 14 13 18 18 40 40 39 28 28 46
 1 1 1 2 2 2 3 3 4 4 5 5 5 3 3 3 3 3 6 11 11 10 18 18 21 21 23 23 23 34 28 28 23 23 15 16 16 15 14 14 14 14 15 28 28 42
 1 1 1 2 2 2 3 3 4 4 5 5 5 3 3 3 3 3 6 11 11 10 18 18 21 21 23 23 23 34 28 28 23 23 15 16 16 15 14 14 14 14 15 28 28 42
 1 1 1 2 2 2 2 2 2 2 2 2 2 2 3 3 3 3 3 7 7 7 11 11 20 20 17 16 16 27 35 35 23 23 19 17 17 16 29 29 31 31 9 11 11 30
 3 3 1 1 1 1 1 1 1 1 2 2 2 2 2 2 2 2 2 5 5 4 5 5 11 11 11 13 13 15 26 26 14 14 15 16 16 18 17 17 17 17 13 9 9 8
 3 3 1 1 1 1 1 1 1 1 2 2 2 2 2 2 2 2 2 5 5 4 5 5 11 11 11 13 13 15 26 26 14 14 15 16 16 18 17 17 17 17 13 9 9 8
 3 3 3 1 1 1 1 1 1 1 1 1 1 1 1 1 2 2 2 4 4 4 3 3 7 7 8 7 7 10 12 12 13 13 9 11 11 11 12 12 11 11 11 9 9 8
 1 1 1 1 1 1 1 1 1 1 1 2 2 1 1 1 2 2 3 3 3 4 5 5 7 7 7 7 7 8 8 8 7 7 7 8 8 9 12 12 11 11 8 9 9 9
 1 1 1 1 1 1 1 1 1 1 1 2 2 1 1 1 2 2 3 3 3 4 5 5 7 7 7 7 7 8 8 8 7 7 7 8 8 9 12 12 11 11 8 9 9 9
 0 0 2 1 1 0 1 1 1 1 1 2 2 2 2 2 3 3 3 4 4 5 4 4 6 6 5 4 4 4 7 7 5 5 4 4 4 5 6 6 8 8 8 8 8 11
 0 0 2 1 1 0 1 1 1 1 1 2 2 2 2 2 3 3 3 4 4 5 4 4 6 6 5 4 4 4 7 7 5 5 4 4 4 5 6 6 8 8 8 8 8 11
 0 0 1 0 0 0 0 0 0 0 0 1 1 1 1 1 2 2 2 3 3 4 5 5 6 6 4 2 2 2 3 3 7 7 3 3 3 2 5 5 6 6 5 5 5 5
 0 0 0 0 0 0 1 1 0 0 0 0 0 0 0 0 0 0 1 1 1 1 2 2 1 1 2 2 2 1 4 4 6 6 5 5 5 2 1 1 4 4 5 6 6 3
 0 0 0 0 0 0 1 1 0 0 0 0 0 0 0 0 0 0 1 1 1 1 2 2 1 1 2 2 2 1 4 4 6 6 5 5 5 2 1 1 4 4 5 6 6 3
 0 0 0 0 0 0 2 2 1 1 0 0 0 0 0 0 0 0 0 0 0 1 2 2 1 1 2 2 2 0 2 2 2 2 6 1 1 1 1 1 1 1 1 1 1 1
 0 0 0 0 0 0 1 1 0 0 0 0 0 0 0 0 0 0 0 0 0 1 1 1 1 1 1 2 2 1 1 1 0 0 1 0 0 1 1 1 1 1 1 1 1 0
 0 0 0 0 0 0 1 1 0 0 0 0 0 0 0 0 0 0 0 0 0 1 1 1 1 1 1 2 2 1 1 1 0 0 1 0 0 1 1 1 1 1 1 1 1 0
 0 0 0 0 0 0 0 0 0 0 0 0 0 0 0 0 0 0 0 0 0 0 0 0 1 1 1 3 3 4 4 4 1 1 1 1 1 0 0 0 0 0 1 1 1 0
 0 0 0 0 0 0 0 0 0 0 0 0 0 0 0 0 0 0 0 0 0 0 0 0 1 1 1 3 3 4 4 4 1 1 1 1 1 0 0 0 0 0 1 1 1 0
 1 1 0 1 1 1 0 0 0 0 0 0 0 0 0 0 0 0 0 0 0 0 0 0 0 0 0 1 1 4 3 3 3 3 0 0 0 1 0 0 1 1 3 1 1 0
 1 1 1 2 2 3 1 1 0 0 0 0 0 0 0 0 0 0 0 0 0 0 0 0 0 0 0 0 0 3 2 2 3 3 1 0 0 1 3 3 2 2 2 3 3 1
 1 1 1 2 2 3 1 1 0 0 0 0 0 0 0 0 0 0 0 0 0 0 0 0 0 0 0 0 0 3 2 2 3 3 1 0 0 1 3 3 2 2 2 3 3 1
 0 0 0 2 2 3 2 2 0 0 0 0 0 0 0 0 0 0 0 0 0 0 0 0 0 0 0 0 0 0 2 2 2 2 0 1 1 2 2 2 3 3 5 9 9 6
 0 0 0 1 1 2 1 1 1 1 0 0 0 0 0 0 0 0 0 0 0 0 0 0 0 0 0 0 0 0 0 0 2 2 1 0 0 0 1 1 2 2 1 4 4 0
 0 0 0 1 1 2 1 1 1 1 0 0 0 0 0 0 0 0 0 0 0 0 0 0 0 0 0 0 0 0 0 0 2 2 1 0 0 0 1 1 2 2 1 4 4 0
 0 0 0 0 0 1 1 1 1 1 1 1 1 1 0 0 0 0 0 1 1 1 0 0 0 0 0 0 0 0 0 0 0 0 2 0 0 0 0 0 0 0 0 0 0 0
 0 0 0 0 0 1 1 1 1 1 1 1 1 1 0 0 0 0 0 1 1 1 0 0 0 0 0 0 0 0 0 0 0 0 2 0 0 0 0 0 0 0 0 0 0 0
 0 0 0 0 0 0 0 0 1 1 1 2 2 2 1 1 1 1 1 2 2 0 0 0 0 0 0 0 0 0 0 0 0 0 1 0 0 0 0 0 0 0 0 0 0 0
 0 0 0 0 0 0 0 0 0 0 1 1 1 1 1 1 1 1 1 1 1 0 0 0 0 0 0 0 0 0 0 0 0 0 0 0 0 1 1 1 0 0 0 0 0 0
 0 0 0 0 0 0 0 0 0 0 1 1 1 1 1 1 1 1 1 1 1 0 0 0 0 0 0 0 0 0 0 0 0 0 0 0 0 1 1 1 0 0 0 0 0 0
 0 0 0 0 0 0 0 0 1 1 1 1 1 0 1 1 0 0 6 6 6 0 0 0 1 1 1 0 0 0 0 0 0 0 0 0 0 0 1 1 1 1 0 0 0 0
 0 0 0 0 0 0 0 0 0 0 1 0 0 0 0 0 0 0 0 0 0 0 0 0 0 0 0 0 0 0 0 0 0 0 0 0 0 0 0 0 0 0 1 0 0 0
