assets/RAT_results_old/precipitation/2020-05-06_IMERG.asc
ncols        46
nrows        77
xllcorner    74.800261325624
yllcorner    8.058333333333
cellsize     0.062500000000
NODATA_value -9999
 0 0 0 0 0 0 0 0 0 0 0 0 0 0 0 0 0 0 0 0 0 0 0 0 0 0 0 0 0 0 0 0 0 0 0 1 1 0 0 0 0 0 0 0 0 0
 0 0 0 0 0 0 0 0 0 0 0 0 0 0 0 0 0 0 0 0 0 0 0 0 0 0 0 0 0 0 0 0 0 0 0 0 0 0 0 0 0 0 0 0 0 0
 0 0 0 0 0 0 0 0 0 0 0 0 0 0 0 0 0 0 0 0 0 0 0 0 0 0 0 0 0 0 0 0 0 0 0 0 0 0 0 0 0 0 0 0 0 0
 0 0 0 0 0 0 0 0 0 0 1 1 1 0 0 0 0 0 0 0 0 0 0 0 0 0 0 0 0 0 0 0 0 0 0 0 0 0 0 0 0 0 0 1 1 1
 0 0 0 0 0 0 1 1 8 8 9 2 2 2 6 6 1 1 1 1 1 0 0 0 0 0 0 0 0 0 0 0 0 0 0 0 0 0 0 0 0 0 0 0 0 0
 0 0 0 0 0 0 1 1 8 8 9 2 2 2 6 6 1 1 1 1 1 0 0 0 0 0 0 0 0 0 0 0 0 0 0 0 0 0 0 0 0 0 0 0 0 0
 0 0 0 1 1 1 2 2 8 8 9 3 3 7 5 5 4 4 2 1 1 1 1 1 1 1 1 0 0 0 0 0 0 0 0 0 0 0 0 0 0 0 0 1 1 0
 0 0 0 1 1 1 2 2 8 8 9 3 3 7 5 5 4 4 2 1 1 1 1 1 1 1 1 0 0 0 0 0 0 0 0 0 0 0 0 0 0 0 0 1 1 0
 0 0 0 1 1 2 4 4 4 4 5 7 7 10 13 13 6 6 6 3 3 2 2 2 1 1 1 1 1 0 0 0 0 0 0 0 0 0 0 0 0 0 1 0 0 0
 1 1 1 2 2 3 4 4 5 5 6 9 9 11 7 7 5 5 5 4 4 3 3 3 2 2 1 1 1 0 0 0 0 0 0 0 0 0 0 0 0 0 0 0 0 0
 1 1 1 2 2 3 4 4 5 5 6 9 9 11 7 7 5 5 5 4 4 3 3 3 2 2 1 1 1 0 0 0 0 0 0 0 0 0 0 0 0 0 0 0 0 0
 0 0 1 2 2 3 3 3 6 6 7 10 10 11 9 9 7 7 6 6 6 4 4 4 2 2 2 1 1 0 0 0 0 0 0 0 0 0 0 0 0 0 0 0 0 0
 0 0 1 2 2 3 6 6 10 10 9 10 10 10 11 11 10 10 9 8 8 22 4 4 6 6 2 1 1 0 0 0 0 0 0 0 0 0 0 0 0 0 0 0 0 0
 0 0 1 2 2 3 6 6 10 10 9 10 10 10 11 11 10 10 9 8 8 22 4 4 6 6 2 1 1 0 0 0 0 0 0 0 0 0 0 0 0 0 0 0 0 0
 0 0 1 3 3 4 7 7 12 12 14 11 11 12 12 12 13 13 10 24 24 22 7 7 7 7 2 2 2 1 1 1 0 0 0 0 0 0 0 0 0 0 0 0 0 0
 0 0 1 3 3 4 7 7 12 12 14 11 11 12 12 12 13 13 10 24 24 22 7 7 7 7 2 2 2 1 1 1 0 0 0 0 0 0 0 0 0 0 0 0 0 0
 0 0 0 3 3 3 4 4 9 9 11 11 11 12 12 12 13 13 10 23 23 10 5 5 6 6 5 3 3 2 2 2 0 0 1 1 1 1 0 0 0 0 0 0 0 0
 0 0 0 0 0 1 2 2 7 7 7 10 10 11 11 11 15 15 13 10 10 11 8 8 16 16 15 13 13 9 2 2 0 0 0 0 0 0 0 0 0 0 0 0 0 0
 0 0 0 0 0 1 2 2 7 7 7 10 10 11 11 11 15 15 13 10 10 11 8 8 16 16 15 13 13 9 2 2 0 0 0 0 0 0 0 0 0 0 0 0 0 0
 0 0 0 0 0 0 1 1 2 2 4 8 8 8 8 8 14 14 17 16 16 13 8 8 11 11 20 9 9 2 1 1 0 0 0 0 0 0 0 0 0 0 0 0 0 0
 0 0 0 0 0 0 0 0 1 1 2 4 4 6 14 14 13 13 16 15 15 12 12 12 16 16 21 11 11 3 1 1 1 1 0 0 0 0 0 0 0 0 0 1 1 0
 0 0 0 0 0 0 0 0 1 1 2 4 4 6 14 14 13 13 16 15 15 12 12 12 16 16 21 11 11 3 1 1 1 1 0 0 0 0 0 0 0 0 0 1 1 0
 0 0 0 0 0 0 0 0 0 0 1 2 2 4 19 19 18 18 63 61 61 10 11 11 11 11 22 9 9 3 1 1 1 1 0 0 0 0 0 0 0 0 0 0 0 0
 0 0 0 0 0 0 0 0 0 0 1 2 2 4 19 19 18 18 63 61 61 10 11 11 11 11 22 9 9 3 1 1 1 1 0 0 0 0 0 0 0 0 0 0 0 0
 0 0 0 0 0 0 0 0 0 0 0 1 1 2 16 16 16 16 64 11 11 5 7 7 2 2 2 1 1 2 2 2 2 2 1 0 0 0 0 0 0 0 0 0 0 0
 0 0 0 0 0 0 0 0 0 0 0 0 0 0 1 1 7 7 2 11 11 2 4 4 1 1 2 2 2 2 2 2 2 2 1 1 1 0 0 0 0 0 0 0 0 0
 0 0 0 0 0 0 0 0 0 0 0 0 0 0 1 1 7 7 2 11 11 2 4 4 1 1 2 2 2 2 2 2 2 2 1 1 1 0 0 0 0 0 0 0 0 0
 0 0 0 0 0 0 0 0 0 0 0 0 0 0 1 1 1 1 1 1 1 1 3 3 3 3 2 2 2 3 4 4 3 3 2 1 1 0 0 0 0 0 0 0 0 0
 0 0 0 0 0 0 0 0 0 0 0 0 0 0 0 0 0 0 1 1 1 2 2 2 2 2 2 2 2 4 5 5 3 3 2 1 1 0 0 0 0 0 0 0 0 0
 0 0 0 0 0 0 0 0 0 0 0 0 0 0 0 0 0 0 1 1 1 2 2 2 2 2 2 2 2 4 5 5 3 3 2 1 1 0 0 0 0 0 0 0 0 0
 0 0 0 0 0 0 0 0 0 0 0 0 0 0 0 0 1 1 1 1 1 1 1 1 2 2 3 4 4 6 5 5 3 3 2 1 1 1 1 1 0 0 0 0 0 0
 0 0 0 0 0 0 0 0 0 0 0 0 0 0 0 0 1 1 1 1 1 1 1 1 2 2 3 4 4 6 5 5 3 3 2 1 1 1 1 1 0 0 0 0 0 0
 0 0 0 0 0 0 0 0 0 0 0 0 0 0 0 0 1 1 1 1 1 1 2 2 3 3 4 6 6 7 5 5 4 4 2 2 2 2 1 1 0 0 0 0 0 0
 0 0 0 0 0 0 0 0 0 0 0 0 0 0 0 0 0 0 1 2 2 2 4 4 4 4 5 10 10 7 9 9 5 5 4 3 3 2 1 1 0 0 0 0 0 0
 0 0 0 0 0 0 0 0 0 0 0 0 0 0 0 0 0 0 1 2 2 2 4 4 4 4 5 10 10 7 9 9 5 5 4 3 3 2 1 1 0 0 0 0 0 0
 0 0 0 0 0 0 0 0 0 0 0 0 0 0 0 0 1 1 2 2 2 3 4 4 5 5 8 9 9 12 10 10 6 6 4 3 3 2 1 1 0 0 0 0 0 0
 0 0 0 1 1 1 0 0 0 0 0 0 0 1 1 1 2 2 2 3 3 4 4 4 6 6 10 9 9 11 12 12 7 7 3 2 2 1 1 1 1 1 0 0 0 0
 0 0 0 1 1 1 0 0 0 0 0 0 0 1 1 1 2 2 2 3 3 4 4 4 6 6 10 9 9 11 12 12 7 7 3 2 2 1 1 1 1 1 0 0 0 0
 0 0 0 1 1 2 1 1 0 0 0 0 0 1 2 2 2 2 2 4 4 6 7 7 12 12 18 20 20 14 14 14 8 8 4 1 1 0 0 0 0 0 0 0 0 1
 0 0 0 1 1 2 1 1 0 0 0 0 0 1 2 2 2 2 2 4 4 6 7 7 12 12 18 20 20 14 14 14 8 8 4 1 1 0 0 0 0 0 0 0 0 1
 0 0 0 0 0 0 0 0 0 0 0 0 0 1 2 2 5 5 5 7 7 7 13 13 13 13 21 23 23 22 21 21 37 37 12 6 6 3 2 2 1 1 1 4 4 1
 0 0 1 0 0 0 0 0 0 0 0 0 0 1 1 1 2 2 6 11 11 10 27 27 25 25 25 30 30 78 21 21 18 18 11 5 5 7 8 8 6 6 4 2 2 1
 0 0 1 0 0 0 0 0 0 0 0 0 0 1 1 1 2 2 6 11 11 10 27 27 25 25 25 30 30 78 21 21 18 18 11 5 5 7 8 8 6 6 4 2 2 1
 0 0 1 1 1 0 0 0 1 1 1 0 0 0 1 1 2 2 10 14 14 13 28 28 25 25 21 170 170 26 30 30 16 16 9 7 7 12 11 11 1 1 0 0 0 0
 0 0 1 0 0 0 1 1 2 2 4 2 2 1 1 1 2 2 3 3 3 15 17 17 21 21 167 164 164 162 21 21 16 16 10 2 2 2 1 1 0 0 0 0 0 0
 0 0 1 0 0 0 1 1 2 2 4 2 2 1 1 1 2 2 3 3 3 15 17 17 21 21 167 164 164 162 21 21 16 16 10 2 2 2 1 1 0 0 0 0 0 0
 0 0 0 0 0 0 1 1 1 1 2 4 4 2 2 2 3 3 3 4 4 10 17 17 184 184 180 171 171 171 20 20 17 17 6 2 2 1 0 0 0 0 0 0 0 0
 0 0 0 0 0 0 1 1 1 1 2 4 4 2 2 2 3 3 3 4 4 10 17 17 184 184 180 171 171 171 20 20 17 17 6 2 2 1 0 0 0 0 0 0 0 0
 0 0 0 0 0 1 2 2 2 2 2 5 5 5 3 3 3 3 3 4 4 9 17 17 186 186 180 172 172 175 17 17 18 18 6 2 2 1 1 1 0 0 0 1 1 2
 0 0 1 0 0 1 2 2 10 10 11 3 3 5 3 3 3 3 3 10 10 16 23 23 215 215 207 134 134 140 19 19 13 13 9 4 4 1 1 1 0 0 1 4 4 4
 0 0 1 0 0 1 2 2 10 10 11 3 3 5 3 3 3 3 3 10 10 16 23 23 215 215 207 134 134 140 19 19 13 13 9 4 4 1 1 1 0 0 1 4 4 4
 0 0 0 0 0 1 1 1 10 10 11 10 10 5 4 4 2 2 3 9 9 10 16 16 13 13 205 14 14 28 22 22 13 13 5 3 3 1 1 1 1 1 9 14 14 8
 0 0 0 0 0 0 1 1 3 3 4 4 4 5 5 5 3 3 2 3 3 3 7 7 12 12 14 15 15 24 25 25 12 12 10 7 7 4 4 4 5 5 15 17 17 8
 0 0 0 0 0 0 1 1 3 3 4 4 4 5 5 5 3 3 2 3 3 3 7 7 12 12 14 15 15 24 25 25 12 12 10 7 7 4 4 4 5 5 15 17 17 8
 0 0 0 0 0 0 1 1 3 3 4 4 4 6 8 8 5 5 2 2 2 2 6 6 7 7 9 43 43 15 15 15 11 11 10 7 7 6 6 6 6 6 8 5 5 3
 0 0 0 0 0 0 1 1 3 3 4 4 4 6 8 8 5 5 2 2 2 2 6 6 7 7 9 43 43 15 15 15 11 11 10 7 7 6 6 6 6 6 8 5 5 3
 0 0 0 0 0 0 1 1 2 2 2 2 2 2 3 3 4 4 2 1 1 1 4 4 7 7 13 23 23 13 12 12 12 12 10 9 9 8 6 6 8 8 7 5 5 2
 0 0 0 0 0 1 1 1 1 1 1 1 1 1 1 1 1 1 1 1 1 2 1 1 9 9 13 22 22 18 14 14 14 14 15 15 15 24 11 11 12 12 5 3 3 3
 0 0 0 0 0 1 1 1 1 1 1 1 1 1 1 1 1 1 1 1 1 2 1 1 9 9 13 22 22 18 14 14 14 14 15 15 15 24 11 11 12 12 5 3 3 3
 0 0 0 0 0 1 1 1 1 1 3 1 1 0 0 0 0 0 0 2 2 3 1 1 7 7 9 12 12 18 19 19 24 24 25 30 30 44 24 24 8 8 4 3 3 2
 0 0 0 0 0 0 0 0 0 0 1 1 1 1 0 0 0 0 0 1 1 4 2 2 6 6 9 11 11 13 25 25 18 18 21 27 27 30 20 20 10 10 7 3 3 1
 0 0 0 0 0 0 0 0 0 0 1 1 1 1 0 0 0 0 0 1 1 4 2 2 6 6 9 11 11 13 25 25 18 18 21 27 27 30 20 20 10 10 7 3 3 1
 0 0 0 0 0 0 1 1 1 1 3 2 2 1 1 1 0 0 0 0 0 1 1 1 3 3 5 12 12 14 17 17 23 23 22 20 20 29 20 20 16 16 6 2 2 1
 0 0 0 0 0 0 1 1 1 1 3 2 2 1 1 1 0 0 0 0 0 1 1 1 3 3 5 12 12 14 17 17 23 23 22 20 20 29 20 20 16 16 6 2 2 1
 0 0 0 0 0 0 0 0 0 0 1 1 1 1 1 1 1 1 1 0 0 1 1 1 2 2 4 7 7 13 16 16 21 21 16 16 16 25 21 21 5 5 2 1 1 0
 0 0 0 0 0 1 1 1 0 0 0 0 0 1 1 1 2 2 1 1 1 1 2 2 1 1 2 4 4 16 15 15 14 14 8 12 12 10 5 5 5 5 0 0 0 0
 0 0 0 0 0 1 1 1 0 0 0 0 0 1 1 1 2 2 1 1 1 1 2 2 1 1 2 4 4 16 15 15 14 14 8 12 12 10 5 5 5 5 0 0 0 0
 0 0 0 1 1 3 2 2 1 1 1 1 1 1 0 0 1 1 2 2 2 2 1 1 1 1 1 5 5 7 6 6 6 6 7 6 6 7 7 7 6 6 1 0 0 0
 0 0 0 0 0 1 1 1 1 1 0 1 1 0 0 0 1 1 1 2 2 3 4 4 3 3 2 2 2 2 3 3 4 4 4 5 5 10 8 8 5 5 8 7 7 2
 0 0 0 0 0 1 1 1 1 1 0 1 1 0 0 0 1 1 1 2 2 3 4 4 3 3 2 2 2 2 3 3 4 4 4 5 5 10 8 8 5 5 8 7 7 2
 0 0 0 0 0 0 0 0 0 0 0 0 0 0 0 0 0 0 1 2 2 4 6 6 5 5 4 4 4 2 9 9 11 11 5 8 8 12 6 6 5 5 8 6 6 2
 0 0 0 0 0 0 0 0 0 0 0 0 0 0 0 0 0 0 1 2 2 4 6 6 5 5 4 4 4 2 9 9 11 11 5 8 8 12 6 6 5 5 8 6 6 2
 0 0 0 0 0 0 0 0 0 0 0 0 0 0 0 0 0 0 1 1 1 3 5 5 6 6 4 4 4 2 4 4 11 11 8 12 12 5 4 4 6 6 2 2 2 4
 0 0 0 0 0 0 0 0 0 0 0 0 0 0 0 0 0 0 1 1 1 2 3 3 3 3 3 2 2 4 4 4 18 18 17 16 16 10 5 5 6 6 1 7 7 1
 0 0 0 0 0 0 0 0 0 0 0 0 0 0 0 0 0 0 1 1 1 2 3 3 3 3 3 2 2 4 4 4 18 18 17 16 16 10 5 5 6 6 1 7 7 1
 0 0 0 0 0 0 0 0 0 0 0 0 0 0 0 0 0 0 1 1 1 1 2 2 2 2 1 1 1 5 6 6 19 19 7 15 15 13 12 12 8 8 6 10 10 0
 0 0 0 0 0 0 0 0 0 0 0 0 0 0 0 0 0 0 0 1 1 1 3 3 2 2 2 2 2 4 2 2 1 1 6 14 14 3 4 4 2 2 2 1 1 1
