assets/RAT_results_old/precipitation/2020-06-30_IMERG.asc
ncols        46
nrows        77
xllcorner    74.800261325624
yllcorner    8.058333333333
cellsize     0.062500000000
NODATA_value -9999
 4 4 4 2 2 1 0 0 0 0 0 1 1 1 2 2 2 2 1 1 1 1 2 2 2 2 3 2 2 2 2 2 2 2 2 2 2 1 1 1 2 2 2 2 2 2
 3 3 3 2 2 1 0 0 0 0 1 1 1 1 2 2 1 1 1 1 1 1 2 2 2 2 2 2 2 2 2 2 2 2 2 1 1 1 1 1 1 1 2 1 1 1
 3 3 3 2 2 1 0 0 0 0 1 1 1 1 2 2 1 1 1 1 1 1 2 2 2 2 2 2 2 2 2 2 2 2 2 1 1 1 1 1 1 1 2 1 1 1
 3 3 2 2 2 1 1 1 1 1 1 1 1 1 1 1 1 1 1 0 0 1 1 1 1 1 1 1 1 1 1 1 1 1 1 1 1 1 1 1 1 1 1 1 1 2
 1 1 2 1 1 1 1 1 2 2 1 1 1 1 0 0 0 0 0 0 0 0 0 0 0 0 0 0 0 1 1 1 1 1 1 2 2 2 1 1 1 1 1 1 1 1
 1 1 2 1 1 1 1 1 2 2 1 1 1 1 0 0 0 0 0 0 0 0 0 0 0 0 0 0 0 1 1 1 1 1 1 2 2 2 1 1 1 1 1 1 1 1
 1 1 1 3 3 3 2 2 1 1 1 1 1 1 1 1 0 0 0 0 0 0 0 0 0 0 0 0 0 1 2 2 1 1 1 1 1 2 1 1 1 1 3 3 3 2
 1 1 1 3 3 3 2 2 1 1 1 1 1 1 1 1 0 0 0 0 0 0 0 0 0 0 0 0 0 1 2 2 1 1 1 1 1 2 1 1 1 1 3 3 3 2
 4 4 3 6 6 5 2 2 1 1 1 1 1 1 1 1 0 0 0 0 0 0 0 0 0 0 0 1 1 1 1 1 1 1 1 1 1 1 2 2 4 4 6 5 5 2
 5 5 8 9 9 7 4 4 1 1 0 0 0 1 1 1 1 1 1 1 1 0 0 0 0 0 1 1 1 1 1 1 1 1 1 1 1 1 1 1 1 1 3 4 4 1
 5 5 8 9 9 7 4 4 1 1 0 0 0 1 1 1 1 1 1 1 1 0 0 0 0 0 1 1 1 1 1 1 1 1 1 1 1 1 1 1 1 1 3 4 4 1
 4 4 8 10 10 12 5 5 4 4 3 0 0 1 1 1 1 1 1 1 1 1 0 0 0 0 1 1 1 0 0 0 1 1 1 1 1 1 1 1 1 1 1 1 1 1
 12 12 13 15 15 13 8 8 4 4 3 3 3 1 1 1 1 1 1 1 1 1 1 1 0 0 1 0 0 0 0 0 1 1 1 1 1 1 1 1 0 0 1 1 1 1
 12 12 13 15 15 13 8 8 4 4 3 3 3 1 1 1 1 1 1 1 1 1 1 1 0 0 1 0 0 0 0 0 1 1 1 1 1 1 1 1 0 0 1 1 1 1
 13 13 13 18 18 16 9 9 10 10 6 5 5 1 1 1 1 1 1 1 1 1 0 0 0 0 0 0 0 0 0 0 1 1 1 1 1 1 0 0 0 0 1 1 1 1
 13 13 13 18 18 16 9 9 10 10 6 5 5 1 1 1 1 1 1 1 1 1 0 0 0 0 0 0 0 0 0 0 1 1 1 1 1 1 0 0 0 0 1 1 1 1
 12 12 14 13 13 23 12 12 12 12 9 7 7 2 1 1 1 1 1 0 0 0 0 0 0 0 0 0 0 0 0 0 1 1 1 1 1 0 0 0 0 0 0 0 0 1
 10 10 9 12 12 8 12 12 12 12 10 5 5 1 1 1 1 1 1 0 0 0 0 0 0 0 0 0 0 0 0 0 0 0 1 0 0 0 0 0 0 0 1 1 1 2
 10 10 9 12 12 8 12 12 12 12 10 5 5 1 1 1 1 1 1 0 0 0 0 0 0 0 0 0 0 0 0 0 0 0 1 0 0 0 0 0 0 0 1 1 1 2
 14 14 11 8 8 9 10 10 12 12 5 3 3 1 0 0 0 0 1 0 0 0 0 0 0 0 0 0 0 1 0 0 0 0 0 0 0 0 0 0 0 0 1 1 1 3
 14 14 18 12 12 19 8 8 6 6 7 5 5 1 1 1 0 0 0 0 0 0 0 0 1 1 1 1 1 0 0 0 1 1 1 1 1 1 1 1 1 1 1 1 1 1
 14 14 18 12 12 19 8 8 6 6 7 5 5 1 1 1 0 0 0 0 0 0 0 0 1 1 1 1 1 0 0 0 1 1 1 1 1 1 1 1 1 1 1 1 1 1
 15 15 12 22 22 16 12 12 9 9 6 4 4 3 3 3 1 1 1 1 1 1 1 1 1 1 1 1 1 1 1 1 1 1 1 1 1 1 1 1 2 2 1 1 1 1
 15 15 12 22 22 16 12 12 9 9 6 4 4 3 3 3 1 1 1 1 1 1 1 1 1 1 1 1 1 1 1 1 1 1 1 1 1 1 1 1 2 2 1 1 1 1
 19 19 17 22 22 17 13 13 19 19 45 5 5 6 5 5 2 2 1 1 1 2 2 2 1 1 1 1 1 1 2 2 3 3 1 1 1 1 2 2 2 2 1 1 1 0
 21 21 18 20 20 17 19 19 39 39 27 20 20 6 5 5 5 5 3 4 4 3 1 1 1 1 1 1 1 1 1 1 2 2 1 1 1 1 1 1 1 1 1 0 0 0
 21 21 18 20 20 17 19 19 39 39 27 20 20 6 5 5 5 5 3 4 4 3 1 1 1 1 1 1 1 1 1 1 2 2 1 1 1 1 1 1 1 1 1 0 0 0
 22 22 18 21 21 21 21 21 23 23 18 10 10 6 6 6 10 10 6 5 5 3 1 1 1 1 1 1 1 1 1 1 2 2 2 1 1 2 1 1 1 1 1 0 0 0
 23 23 18 18 18 22 20 20 20 20 20 6 6 8 8 8 10 10 7 4 4 5 1 1 1 1 2 2 2 1 1 1 2 2 2 1 1 1 1 1 0 0 1 0 0 0
 23 23 18 18 18 22 20 20 20 20 20 6 6 8 8 8 10 10 7 4 4 5 1 1 1 1 2 2 2 1 1 1 2 2 2 1 1 1 1 1 0 0 1 0 0 0
 25 25 21 20 20 18 17 17 11 11 11 9 9 12 9 9 10 10 8 4 4 4 1 1 1 1 1 1 1 1 1 1 1 1 1 1 1 0 0 0 0 0 0 0 0 0
 25 25 21 20 20 18 17 17 11 11 11 9 9 12 9 9 10 10 8 4 4 4 1 1 1 1 1 1 1 1 1 1 1 1 1 1 1 0 0 0 0 0 0 0 0 0
 25 25 23 22 22 23 23 23 22 22 23 11 11 7 5 5 9 9 7 4 4 3 4 4 1 1 1 1 1 1 1 1 1 1 1 0 0 0 0 0 0 0 0 0 0 0
 25 25 27 18 18 20 18 18 16 16 15 8 8 5 4 4 4 4 4 2 2 2 1 1 0 0 1 1 1 1 1 1 0 0 0 0 0 0 0 0 0 0 0 0 0 0
 25 25 27 18 18 20 18 18 16 16 15 8 8 5 4 4 4 4 4 2 2 2 1 1 0 0 1 1 1 1 1 1 0 0 0 0 0 0 0 0 0 0 0 0 0 0
 24 24 23 17 17 18 16 16 10 10 13 4 4 3 2 2 1 1 4 3 3 3 0 0 0 0 1 0 0 0 0 0 0 0 0 0 0 0 0 0 0 0 0 0 0 0
 24 24 23 17 17 12 12 12 8 8 9 3 3 3 1 1 1 1 1 4 4 4 1 1 0 0 0 0 0 0 0 0 0 0 0 0 0 0 0 0 0 0 0 0 0 0
 24 24 23 17 17 12 12 12 8 8 9 3 3 3 1 1 1 1 1 4 4 4 1 1 0 0 0 0 0 0 0 0 0 0 0 0 0 0 0 0 0 0 0 0 0 0
 20 20 18 16 16 11 9 9 8 8 7 3 3 2 1 1 1 1 2 5 5 5 2 2 0 0 0 0 0 0 0 0 0 0 0 0 0 0 0 0 0 0 0 0 0 0
 20 20 18 16 16 11 9 9 8 8 7 3 3 2 1 1 1 1 2 5 5 5 2 2 0 0 0 0 0 0 0 0 0 0 0 0 0 0 0 0 0 0 0 0 0 0
 29 29 23 17 17 15 12 12 10 10 6 6 6 2 2 2 1 1 4 5 5 5 2 2 0 0 0 0 0 0 1 1 1 1 1 0 0 1 1 1 0 0 0 0 0 0
 26 26 23 17 17 17 12 12 12 12 4 5 5 2 1 1 4 4 6 6 6 3 1 1 1 1 1 1 1 1 0 0 1 1 1 0 0 1 1 1 0 0 0 0 0 0
 26 26 23 17 17 17 12 12 12 12 4 5 5 2 1 1 4 4 6 6 6 3 1 1 1 1 1 1 1 1 0 0 1 1 1 0 0 1 1 1 0 0 0 0 0 0
 24 24 22 19 19 15 12 12 10 10 5 4 4 2 2 2 2 2 4 4 4 2 3 3 0 0 1 1 1 1 0 0 0 0 0 0 0 1 1 1 1 1 0 1 1 1
 23 23 18 16 16 10 16 16 10 10 9 3 3 2 2 2 3 3 2 2 2 1 3 3 3 3 2 1 1 1 0 0 0 0 0 0 0 0 0 0 0 0 0 0 0 0
 23 23 18 16 16 10 16 16 10 10 9 3 3 2 2 2 3 3 2 2 2 1 3 3 3 3 2 1 1 1 0 0 0 0 0 0 0 0 0 0 0 0 0 0 0 0
 22 22 20 19 19 13 17 17 10 10 9 7 7 2 2 2 3 3 3 1 1 3 3 3 5 5 3 3 3 1 0 0 0 0 0 0 0 0 0 0 0 0 0 0 0 0
 22 22 20 19 19 13 17 17 10 10 9 7 7 2 2 2 3 3 3 1 1 3 3 3 5 5 3 3 3 1 0 0 0 0 0 0 0 0 0 0 0 0 0 0 0 0
 32 32 33 31 31 22 11 11 8 8 7 6 6 7 9 9 9 9 8 4 4 4 3 3 4 4 5 3 3 1 1 1 1 1 0 0 0 0 0 0 0 0 0 0 0 0
 32 32 31 31 31 21 22 22 14 14 10 9 9 9 8 8 7 7 8 4 4 4 4 4 3 3 3 3 3 0 0 0 1 1 0 0 0 0 0 0 0 0 0 0 0 0
 32 32 31 31 31 21 22 22 14 14 10 9 9 9 8 8 7 7 8 4 4 4 4 4 3 3 3 3 3 0 0 0 1 1 0 0 0 0 0 0 0 0 0 0 0 0
 26 26 24 19 19 19 19 19 14 14 13 12 12 13 12 12 7 7 7 3 3 2 2 2 4 4 3 3 3 0 0 0 0 0 0 0 0 0 0 0 0 0 0 0 0 0
 18 18 15 9 9 19 17 17 17 17 15 12 12 8 7 7 7 7 6 3 3 2 2 2 3 3 4 3 3 1 0 0 0 0 0 0 0 0 0 0 0 0 0 0 0 0
 18 18 15 9 9 19 17 17 17 17 15 12 12 8 7 7 7 7 6 3 3 2 2 2 3 3 4 3 3 1 0 0 0 0 0 0 0 0 0 0 0 0 0 0 0 0
 19 19 10 13 13 13 19 19 12 12 10 10 10 9 8 8 8 8 7 2 2 2 2 2 3 3 3 2 2 1 1 1 1 1 0 0 0 0 0 0 0 0 0 0 0 0
 19 19 10 13 13 13 19 19 12 12 10 10 10 9 8 8 8 8 7 2 2 2 2 2 3 3 3 2 2 1 1 1 1 1 0 0 0 0 0 0 0 0 0 0 0 0
 25 25 12 8 8 8 14 14 9 9 10 10 10 7 6 6 7 7 4 2 2 1 2 2 3 3 5 1 1 2 1 1 2 2 0 0 0 0 0 0 0 0 0 0 0 0
 23 23 15 10 10 5 10 10 12 12 13 7 7 6 5 5 9 9 2 2 2 2 3 3 3 3 4 3 3 4 2 2 2 2 0 1 1 0 0 0 0 0 0 1 1 0
 23 23 15 10 10 5 10 10 12 12 13 7 7 6 5 5 9 9 2 2 2 2 3 3 3 3 4 3 3 4 2 2 2 2 0 1 1 0 0 0 0 0 0 1 1 0
 13 13 6 6 6 4 5 5 8 8 9 9 9 6 6 6 7 7 0 0 0 0 1 1 1 1 3 3 3 2 2 2 2 2 2 2 2 2 0 0 1 1 0 1 1 0
 9 9 7 4 4 2 2 2 6 6 8 7 7 7 5 5 5 5 6 1 1 0 0 0 2 2 1 1 1 2 1 1 1 1 2 2 2 2 0 0 1 1 0 0 0 0
 9 9 7 4 4 2 2 2 6 6 8 7 7 7 5 5 5 5 6 1 1 0 0 0 2 2 1 1 1 2 1 1 1 1 2 2 2 2 0 0 1 1 0 0 0 0
 9 9 7 4 4 3 4 4 5 5 7 8 8 5 6 6 6 6 5 0 0 0 1 1 1 1 1 2 2 2 2 2 2 2 1 2 2 2 0 0 1 1 0 0 0 0
 9 9 7 4 4 3 4 4 5 5 7 8 8 5 6 6 6 6 5 0 0 0 1 1 1 1 1 2 2 2 2 2 2 2 1 2 2 2 0 0 1 1 0 0 0 0
 6 6 7 5 5 6 8 8 6 6 6 8 8 8 4 4 5 5 3 3 3 0 1 1 1 1 1 1 1 2 2 2 2 2 2 1 1 0 0 0 0 0 0 0 0 0
 5 5 6 9 9 5 6 6 7 7 7 13 13 7 3 3 5 5 5 3 3 1 0 0 1 1 1 1 1 2 1 1 2 2 2 1 1 0 0 0 0 0 0 0 0 0
 5 5 6 9 9 5 6 6 7 7 7 13 13 7 3 3 5 5 5 3 3 1 0 0 1 1 1 1 1 2 1 1 2 2 2 1 1 0 0 0 0 0 0 0 0 0
 6 6 9 16 16 11 11 11 11 11 11 16 16 7 4 4 4 4 3 3 3 3 0 0 1 1 1 1 1 2 3 3 2 2 1 1 1 0 0 0 0 0 0 0 0 0
 8 8 10 15 15 17 16 16 10 10 14 7 7 6 3 3 2 2 2 3 3 2 0 0 0 0 0 1 1 1 1 1 2 2 1 1 1 0 0 0 0 0 0 0 0 0
 8 8 10 15 15 17 16 16 10 10 14 7 7 6 3 3 2 2 2 3 3 2 0 0 0 0 0 1 1 1 1 1 2 2 1 1 1 0 0 0 0 0 0 0 0 0
 5 5 12 12 12 13 13 13 12 12 10 5 5 5 4 4 1 1 1 2 2 2 2 2 0 0 0 0 0 0 0 0 0 0 1 1 1 0 0 0 0 0 1 0 0 0
 5 5 12 12 12 13 13 13 12 12 10 5 5 5 4 4 1 1 1 2 2 2 2 2 0 0 0 0 0 0 0 0 0 0 1 1 1 0 0 0 0 0 1 0 0 0
 4 4 7 12 12 11 18 18 15 15 10 6 6 12 5 5 2 2 1 1 1 1 1 1 0 0 0 0 0 0 0 0 0 0 1 0 0 0 0 0 0 0 0 0 0 0
 2 2 3 5 5 6 10 10 15 15 10 12 12 8 4 4 2 2 1 1 1 1 0 0 0 0 0 0 0 0 0 0 0 0 0 0 0 0 0 0 0 0 0 0 0 0
 2 2 3 5 5 6 10 10 15 15 10 12 12 8 4 4 2 2 1 1 1 1 0 0 0 0 0 0 0 0 0 0 0 0 0 0 0 0 0 0 0 0 0 0 0 0
 1 1 1 2 2 4 5 5 8 8 10 9 9 3 1 1 0 0 1 2 2 0 0 0 0 0 0 0 0 0 0 0 0 0 0 0 0 0 1 1 1 1 1 1 1 1
 0 0 0 1 1 2 3 3 4 4 6 5 5 2 0 0 0 0 3 1 1 0 0 0 0 0 0 0 0 0 0 0 0 0 0 1 1 1 1 1 0 0 2 0 0 0
