assets/RAT_results_old/precipitation/2020-06-21_IMERG.asc
ncols        46
nrows        77
xllcorner    74.800261325624
yllcorner    8.058333333333
cellsize     0.062500000000
NODATA_value -9999
 5 5 6 12 12 36 34 34 32 32 38 22 22 19 10 10 6 6 4 2 2 2 0 0 0 0 0 0 0 2 0 0 0 0 4 1 1 2 1 1 0 0 0 0 0 0
 21 21 29 50 50 44 48 48 42 42 30 38 38 30 18 18 10 10 5 2 2 2 0 0 0 0 0 0 0 1 1 1 0 0 0 0 0 0 0 0 0 0 1 0 0 0
 21 21 29 50 50 44 48 48 42 42 30 38 38 30 18 18 10 10 5 2 2 2 0 0 0 0 0 0 0 1 1 1 0 0 0 0 0 0 0 0 0 0 1 0 0 0
 40 40 27 48 48 51 51 51 25 25 43 38 38 39 13 13 12 12 7 1 1 1 0 0 0 0 1 1 1 2 1 1 0 0 0 0 0 0 0 0 0 0 0 0 0 0
 89 89 33 33 33 51 25 25 29 29 29 22 22 22 21 21 12 12 4 4 4 1 0 0 0 0 1 2 2 2 1 1 0 0 0 0 0 0 0 0 0 0 0 0 0 0
 89 89 33 33 33 51 25 25 29 29 29 22 22 22 21 21 12 12 4 4 4 1 0 0 0 0 1 2 2 2 1 1 0 0 0 0 0 0 0 0 0 0 0 0 0 0
 56 56 32 39 39 64 55 55 53 53 24 13 13 10 6 6 6 6 3 2 2 1 1 1 1 1 0 1 1 1 0 0 0 0 0 0 0 0 0 0 0 0 0 0 0 0
 56 56 32 39 39 64 55 55 53 53 24 13 13 10 6 6 6 6 3 2 2 1 1 1 1 1 0 1 1 1 0 0 0 0 0 0 0 0 0 0 0 0 0 0 0 0
 36 36 25 43 43 56 50 50 45 45 18 12 12 11 5 5 5 5 2 1 1 0 1 1 1 1 0 0 0 1 1 1 0 0 0 0 0 0 0 0 0 0 0 0 0 0
 34 34 40 56 56 55 48 48 27 27 26 16 16 19 17 17 4 4 4 1 1 0 0 0 1 1 0 0 0 0 0 0 0 0 0 0 0 1 1 1 0 0 0 0 0 0
 34 34 40 56 56 55 48 48 27 27 26 16 16 19 17 17 4 4 4 1 1 0 0 0 1 1 0 0 0 0 0 0 0 0 0 0 0 1 1 1 0 0 0 0 0 0
 30 30 33 39 39 65 31 31 30 30 40 23 23 19 14 14 5 5 3 5 5 1 0 0 0 0 1 0 0 0 0 0 0 0 0 1 1 1 1 1 1 1 0 0 0 0
 31 31 30 37 37 52 51 51 44 44 43 22 22 17 10 10 6 6 7 5 5 3 1 1 1 1 2 1 1 0 0 0 0 0 0 0 0 0 1 1 2 2 1 0 0 0
 31 31 30 37 37 52 51 51 44 44 43 22 22 17 10 10 6 6 7 5 5 3 1 1 1 1 2 1 1 0 0 0 0 0 0 0 0 0 1 1 2 2 1 0 0 0
 23 23 25 27 27 31 48 48 53 53 52 32 32 18 9 9 9 9 11 8 8 4 2 2 2 2 2 2 2 1 1 1 0 0 0 0 0 0 1 1 2 2 1 0 0 0
 23 23 25 27 27 31 48 48 53 53 52 32 32 18 9 9 9 9 11 8 8 4 2 2 2 2 2 2 2 1 1 1 0 0 0 0 0 0 1 1 2 2 1 0 0 0
 25 25 25 22 22 36 45 45 54 54 52 43 43 31 20 20 11 11 12 5 5 3 1 1 1 1 3 3 3 2 1 1 0 0 0 0 0 0 1 1 1 1 0 0 0 0
 22 22 29 34 34 37 49 49 51 51 55 50 50 44 28 28 11 11 8 4 4 3 3 3 1 1 2 3 3 3 2 2 1 1 0 1 1 1 0 0 1 1 2 1 1 0
 22 22 29 34 34 37 49 49 51 51 55 50 50 44 28 28 11 11 8 4 4 3 3 3 1 1 2 3 3 3 2 2 1 1 0 1 1 1 0 0 1 1 2 1 1 0
 28 28 36 36 36 43 58 58 51 51 54 47 47 44 35 35 19 19 15 12 12 6 4 4 4 4 3 5 5 3 2 2 1 1 1 1 1 2 1 1 1 1 2 2 2 2
 43 43 34 43 43 39 54 54 42 42 54 47 47 48 35 35 28 28 30 21 21 17 5 5 3 3 3 4 4 3 2 2 1 1 1 1 1 1 1 1 1 1 1 2 2 6
 43 43 34 43 43 39 54 54 42 42 54 47 47 48 35 35 28 28 30 21 21 17 5 5 3 3 3 4 4 3 2 2 1 1 1 1 1 1 1 1 1 1 1 2 2 6
 45 45 45 60 60 55 63 63 67 67 77 63 63 60 50 50 44 44 38 28 28 16 9 9 9 9 6 4 4 4 2 2 1 1 1 0 0 1 1 1 1 1 1 3 3 10
 45 45 45 60 60 55 63 63 67 67 77 63 63 60 50 50 44 44 38 28 28 16 9 9 9 9 6 4 4 4 2 2 1 1 1 0 0 1 1 1 1 1 1 3 3 10
 27 27 45 47 47 54 68 68 66 66 76 71 71 63 63 63 55 55 45 38 38 28 19 19 11 11 6 5 5 3 1 1 0 0 1 1 1 1 1 1 1 1 1 2 2 1
 22 22 34 50 50 52 55 55 59 59 88 99 99 88 67 67 63 63 57 28 28 21 17 17 18 18 12 6 6 5 1 1 0 0 1 1 1 1 1 1 1 1 1 1 1 2
 22 22 34 50 50 52 55 55 59 59 88 99 99 88 67 67 63 63 57 28 28 21 17 17 18 18 12 6 6 5 1 1 0 0 1 1 1 1 1 1 1 1 1 1 1 2
 14 14 18 29 29 34 57 57 57 57 69 90 90 78 71 71 60 60 42 28 28 21 19 19 18 18 13 15 15 5 2 2 1 1 2 2 2 2 2 2 2 2 2 1 1 1
 10 10 17 27 27 32 43 43 73 73 62 64 64 50 64 64 47 47 33 26 26 31 25 25 20 20 16 16 16 6 3 3 2 2 3 4 4 4 4 4 3 3 2 1 1 1
 10 10 17 27 27 32 43 43 73 73 62 64 64 50 64 64 47 47 33 26 26 31 25 25 20 20 16 16 16 6 3 3 2 2 3 4 4 4 4 4 3 3 2 1 1 1
 14 14 15 15 15 21 24 24 32 32 38 52 52 37 44 44 37 37 35 31 31 25 22 22 21 21 19 13 13 4 2 2 2 2 2 3 3 3 2 2 1 1 1 1 1 1
 14 14 15 15 15 21 24 24 32 32 38 52 52 37 44 44 37 37 35 31 31 25 22 22 21 21 19 13 13 4 2 2 2 2 2 3 3 3 2 2 1 1 1 1 1 1
 20 20 11 13 13 17 17 17 24 24 34 38 38 37 28 28 39 39 32 22 22 19 23 23 20 20 21 12 12 4 1 1 1 1 1 1 1 1 1 1 0 0 1 1 1 1
 21 21 12 11 11 15 15 15 18 18 19 20 20 22 25 25 25 25 25 22 22 21 26 26 24 24 22 9 9 9 2 2 2 2 1 1 1 1 1 1 1 1 0 0 0 1
 21 21 12 11 11 15 15 15 18 18 19 20 20 22 25 25 25 25 25 22 22 21 26 26 24 24 22 9 9 9 2 2 2 2 1 1 1 1 1 1 1 1 0 0 0 1
 26 26 18 18 18 17 15 15 12 12 16 16 16 16 19 19 20 20 29 28 28 23 27 27 27 27 21 13 13 10 6 6 4 4 4 4 4 1 1 1 1 1 1 0 0 0
 28 28 21 18 18 15 14 14 11 11 17 13 13 8 7 7 19 19 19 31 31 28 22 22 21 21 21 14 14 14 10 10 7 7 5 5 5 6 4 4 1 1 1 1 1 1
 28 28 21 18 18 15 14 14 11 11 17 13 13 8 7 7 19 19 19 31 31 28 22 22 21 21 21 14 14 14 10 10 7 7 5 5 5 6 4 4 1 1 1 1 1 1
 24 24 20 20 20 19 14 14 14 14 17 16 16 13 10 10 16 16 17 32 32 31 25 25 23 23 24 21 21 17 14 14 9 9 8 10 10 9 5 5 3 3 1 1 1 1
 24 24 20 20 20 19 14 14 14 14 17 16 16 13 10 10 16 16 17 32 32 31 25 25 23 23 24 21 21 17 14 14 9 9 8 10 10 9 5 5 3 3 1 1 1 1
 20 20 19 19 19 20 14 14 16 16 15 15 15 16 14 14 14 14 19 29 29 27 26 26 24 24 29 23 23 16 12 12 10 10 14 14 14 13 8 8 5 5 4 3 3 3
 19 19 19 18 18 20 14 14 14 14 14 13 13 13 18 18 18 18 24 29 29 35 34 34 30 30 31 25 25 25 16 16 16 16 19 22 22 14 9 9 6 6 5 5 5 5
 19 19 19 18 18 20 14 14 14 14 14 13 13 13 18 18 18 18 24 29 29 35 34 34 30 30 31 25 25 25 16 16 16 16 19 22 22 14 9 9 6 6 5 5 5 5
 11 11 12 12 12 20 14 14 12 12 12 11 11 10 11 11 16 16 29 30 30 37 37 37 33 33 32 32 32 30 23 23 21 21 28 27 27 16 10 10 8 8 5 5 5 5
 12 12 12 13 13 15 16 16 13 13 11 12 12 12 17 17 14 14 24 27 27 30 35 35 33 33 33 27 27 33 27 27 27 27 24 23 23 13 8 8 7 7 5 5 5 4
 12 12 12 13 13 15 16 16 13 13 11 12 12 12 17 17 14 14 24 27 27 30 35 35 33 33 33 27 27 33 27 27 27 27 24 23 23 13 8 8 7 7 5 5 5 4
 13 13 11 13 13 15 18 18 16 16 14 11 11 11 14 14 13 13 25 28 28 22 23 23 27 27 27 33 33 37 37 37 29 29 22 17 17 9 6 6 5 5 5 5 5 5
 13 13 11 13 13 15 18 18 16 16 14 11 11 11 14 14 13 13 25 28 28 22 23 23 27 27 27 33 33 37 37 37 29 29 22 17 17 9 6 6 5 5 5 5 5 5
 9 9 10 16 16 18 19 19 18 18 16 14 14 20 18 18 22 22 24 22 22 23 27 27 30 30 33 33 33 43 44 44 39 39 22 16 16 8 6 6 6 6 5 5 5 5
 7 7 8 17 17 15 18 18 22 22 19 18 18 20 17 17 23 23 20 32 32 33 23 23 32 32 35 32 32 44 41 41 30 30 22 15 15 8 7 7 6 6 6 5 5 5
 7 7 8 17 17 15 18 18 22 22 19 18 18 20 17 17 23 23 20 32 32 33 23 23 32 32 35 32 32 44 41 41 30 30 22 15 15 8 7 7 6 6 6 5 5 5
 6 6 8 16 16 12 19 19 24 24 23 23 23 20 21 21 15 15 15 23 23 30 22 22 35 35 38 31 31 34 37 37 28 28 22 13 13 9 6 6 7 7 7 5 5 5
 7 7 10 11 11 15 18 18 28 28 23 26 26 18 19 19 15 15 22 24 24 18 27 27 37 37 36 35 35 37 33 33 25 25 20 15 15 8 6 6 6 6 7 6 6 5
 7 7 10 11 11 15 18 18 28 28 23 26 26 18 19 19 15 15 22 24 24 18 27 27 37 37 36 35 35 37 33 33 25 25 20 15 15 8 6 6 6 6 7 6 6 5
 8 8 15 14 14 19 16 16 25 25 22 21 21 24 26 26 16 16 17 20 20 23 25 25 34 34 35 29 29 28 27 27 27 27 22 17 17 9 9 9 7 7 7 6 6 5
 8 8 15 14 14 19 16 16 25 25 22 21 21 24 26 26 16 16 17 20 20 23 25 25 34 34 35 29 29 28 27 27 27 27 22 17 17 9 9 9 7 7 7 6 6 5
 9 9 17 12 12 20 15 15 22 22 23 23 23 28 26 26 12 12 16 22 22 23 23 23 32 32 25 21 21 20 18 18 19 19 18 16 16 8 8 8 7 7 6 5 5 5
 11 11 18 19 19 19 20 20 31 31 26 26 26 25 24 24 16 16 13 11 11 17 21 21 20 20 21 18 18 19 16 16 11 11 12 11 11 8 6 6 6 6 6 5 5 5
 11 11 18 19 19 19 20 20 31 31 26 26 26 25 24 24 16 16 13 11 11 17 21 21 20 20 21 18 18 19 16 16 11 11 12 11 11 8 6 6 6 6 6 5 5 5
 13 13 18 22 22 23 32 32 35 35 25 25 25 20 21 21 6 6 6 6 6 8 7 7 9 9 14 13 13 17 13 13 9 9 8 6 6 7 4 4 5 5 5 4 4 4
 23 23 19 25 25 21 27 27 34 34 25 18 18 19 19 19 12 12 5 4 4 6 6 6 5 5 7 8 8 6 10 10 8 8 5 5 5 4 4 4 4 4 5 3 3 3
 23 23 19 25 25 21 27 27 34 34 25 18 18 19 19 19 12 12 5 4 4 6 6 6 5 5 7 8 8 6 10 10 8 8 5 5 5 4 4 4 4 4 5 3 3 3
 21 21 23 25 25 25 25 25 28 28 20 17 17 18 12 12 13 13 6 5 5 4 3 3 2 2 9 10 10 7 6 6 6 6 3 3 3 3 4 4 5 5 4 2 2 2
 21 21 23 25 25 25 25 25 28 28 20 17 17 18 12 12 13 13 6 5 5 4 3 3 2 2 9 10 10 7 6 6 6 6 3 3 3 3 4 4 5 5 4 2 2 2
 23 23 26 27 27 19 21 21 19 19 18 17 17 19 12 12 13 13 11 5 5 4 3 3 5 5 6 8 8 9 7 7 5 5 3 3 3 3 3 3 3 3 2 2 2 1
 25 25 25 22 22 20 22 22 19 19 19 18 18 18 13 13 13 13 11 10 10 4 3 3 5 5 7 8 8 9 8 8 6 6 3 2 2 2 2 2 2 2 2 2 2 1
 25 25 25 22 22 20 22 22 19 19 19 18 18 18 13 13 13 13 11 10 10 4 3 3 5 5 7 8 8 9 8 8 6 6 3 2 2 2 2 2 2 2 2 2 2 1
 26 26 26 23 23 21 26 26 21 21 26 24 24 19 17 17 13 13 11 6 6 5 4 4 3 3 3 5 5 5 7 7 5 5 4 3 3 3 5 5 3 3 3 4 4 2
 28 28 27 24 24 21 23 23 22 22 24 22 22 19 16 16 13 13 13 8 8 8 5 5 4 4 3 4 4 4 5 5 5 5 4 4 4 4 5 5 3 3 2 4 4 2
 28 28 27 24 24 21 23 23 22 22 24 22 22 19 16 16 13 13 13 8 8 8 5 5 4 4 3 4 4 4 5 5 5 5 4 4 4 4 5 5 3 3 2 4 4 2
 31 31 26 22 22 21 20 20 19 19 15 14 14 13 13 13 12 12 13 8 8 9 6 6 8 8 5 4 4 4 4 4 4 4 5 4 4 4 4 4 2 2 2 3 3 2
 31 31 26 22 22 21 20 20 19 19 15 14 14 13 13 13 12 12 13 8 8 9 6 6 8 8 5 4 4 4 4 4 4 4 5 4 4 4 4 4 2 2 2 3 3 2
 28 28 25 24 24 17 13 13 11 11 11 11 11 10 14 14 8 8 9 6 6 7 6 6 7 7 5 5 5 4 4 4 4 4 6 5 5 4 2 2 2 2 2 2 2 2
 22 22 22 20 20 17 11 11 12 12 10 10 10 8 10 10 6 6 11 7 7 6 4 4 4 4 4 4 4 4 3 3 7 7 11 5 5 6 3 3 2 2 2 2 2 3
 22 22 22 20 20 17 11 11 12 12 10 10 10 8 10 10 6 6 11 7 7 6 4 4 4 4 4 4 4 4 3 3 7 7 11 5 5 6 3 3 2 2 2 2 2 3
 21 21 22 20 20 17 16 16 12 12 8 11 11 12 8 8 10 10 5 6 6 5 4 4 4 4 4 7 7 7 2 2 7 7 4 4 4 4 5 5 3 3 3 3 3 3
 20 20 21 17 17 20 20 20 18 18 14 14 14 15 12 12 20 20 17 10 10 10 10 10 4 4 3 5 5 6 3 3 2 2 3 3 3 4 4 4 2 2 5 2 2 2
