assets/RAT_results_old/precipitation/2020-12-04_IMERG.asc
ncols        46
nrows        77
xllcorner    74.800261325624
yllcorner    8.058333333333
cellsize     0.062500000000
NODATA_value -9999
 0 0 0 0 0 0 0 0 0 0 0 0 0 0 0 0 0 0 0 0 0 1 0 0 0 0 1 1 1 1 1 1 2 2 1 0 0 0 0 0 0 0 1 1 1 2
 0 0 0 0 0 0 0 0 0 0 0 0 0 0 1 1 1 1 0 0 0 0 0 0 0 0 0 0 0 1 0 0 0 0 0 0 0 0 0 0 0 0 1 1 1 2
 0 0 0 0 0 0 0 0 0 0 0 0 0 0 1 1 1 1 0 0 0 0 0 0 0 0 0 0 0 1 0 0 0 0 0 0 0 0 0 0 0 0 1 1 1 2
 0 0 0 0 0 0 0 0 0 0 0 0 0 0 1 1 0 0 0 0 0 0 0 0 0 0 0 0 0 0 0 0 0 0 0 0 0 0 0 0 2 2 2 2 2 3
 0 0 0 0 0 0 0 0 0 0 0 1 1 1 1 1 1 1 0 0 0 0 0 0 0 0 0 0 0 0 0 0 0 0 0 0 0 1 1 1 1 1 2 3 3 3
 0 0 0 0 0 0 0 0 0 0 0 1 1 1 1 1 1 1 0 0 0 0 0 0 0 0 0 0 0 0 0 0 0 0 0 0 0 1 1 1 1 1 2 3 3 3
 0 0 0 1 1 0 0 0 0 0 0 0 0 1 1 1 1 1 1 0 0 0 0 0 0 0 0 1 1 0 0 0 1 1 1 1 1 1 2 2 1 1 3 3 3 3
 0 0 0 1 1 0 0 0 0 0 0 0 0 1 1 1 1 1 1 0 0 0 0 0 0 0 0 1 1 0 0 0 1 1 1 1 1 1 2 2 1 1 3 3 3 3
 0 0 0 1 1 1 0 0 0 0 0 0 0 0 1 1 1 1 1 0 0 1 1 1 0 0 1 2 2 1 1 1 1 1 1 1 1 1 2 2 3 3 3 3 3 4
 0 0 0 1 1 1 0 0 0 0 1 3 3 4 3 3 2 2 1 1 1 1 2 2 1 1 2 2 2 1 1 1 0 0 0 1 1 1 2 2 3 3 2 4 4 2
 0 0 0 1 1 1 0 0 0 0 1 3 3 4 3 3 2 2 1 1 1 1 2 2 1 1 2 2 2 1 1 1 0 0 0 1 1 1 2 2 3 3 2 4 4 2
 1 1 1 0 0 1 1 1 4 4 6 4 4 5 6 6 4 4 5 3 3 4 2 2 2 2 1 1 1 1 0 0 0 0 0 1 1 1 1 1 2 2 2 3 3 3
 1 1 1 1 1 1 1 1 5 5 3 6 6 6 8 8 8 8 6 6 6 4 3 3 3 3 1 1 1 1 0 0 0 0 1 2 2 2 5 5 5 5 5 4 4 4
 1 1 1 1 1 1 1 1 5 5 3 6 6 6 8 8 8 8 6 6 6 4 3 3 3 3 1 1 1 1 0 0 0 0 1 2 2 2 5 5 5 5 5 4 4 4
 1 1 1 1 1 1 1 1 1 1 2 3 3 4 6 6 8 8 9 7 7 4 3 3 4 4 4 3 3 3 3 3 1 1 3 2 2 2 3 3 5 5 6 5 5 9
 1 1 1 1 1 1 1 1 1 1 2 3 3 4 6 6 8 8 9 7 7 4 3 3 4 4 4 3 3 3 3 3 1 1 3 2 2 2 3 3 5 5 6 5 5 9
 0 0 1 1 1 3 3 3 2 2 3 2 2 7 6 6 8 8 9 8 8 6 3 3 5 5 5 4 4 4 2 2 3 3 1 2 2 2 4 4 3 3 4 6 6 11
 0 0 1 1 1 3 4 4 4 4 4 6 6 7 10 10 11 11 11 9 9 8 4 4 6 6 5 6 6 4 3 3 3 3 3 2 2 2 2 2 2 2 3 6 6 12
 0 0 1 1 1 3 4 4 4 4 4 6 6 7 10 10 11 11 11 9 9 8 4 4 6 6 5 6 6 4 3 3 3 3 3 2 2 2 2 2 2 2 3 6 6 12
 0 0 1 1 1 1 1 1 5 5 6 9 9 8 9 9 10 10 17 13 13 10 6 6 6 6 5 5 5 4 3 3 3 3 3 3 3 3 2 2 2 2 4 10 10 16
 2 2 1 1 1 1 1 1 4 4 7 11 11 12 10 10 11 11 17 15 15 11 5 5 6 6 5 5 5 4 4 4 2 2 2 2 2 2 3 3 2 2 3 8 8 8
 2 2 1 1 1 1 1 1 4 4 7 11 11 12 10 10 11 11 17 15 15 11 5 5 6 6 5 5 5 4 4 4 2 2 2 2 2 2 3 3 2 2 3 8 8 8
 5 5 3 3 3 3 2 2 3 3 6 11 11 15 15 15 13 13 14 14 14 13 7 7 7 7 7 6 6 6 6 6 5 5 5 2 2 2 2 2 2 2 4 4 4 5
 5 5 3 3 3 3 2 2 3 3 6 11 11 15 15 15 13 13 14 14 14 13 7 7 7 7 7 6 6 6 6 6 5 5 5 2 2 2 2 2 2 2 4 4 4 5
 5 5 3 3 3 2 2 2 5 5 5 13 13 19 16 16 17 17 16 10 10 8 7 7 4 4 5 7 7 5 4 4 3 3 2 2 2 1 3 3 3 3 2 5 5 3
 2 2 2 2 2 4 7 7 7 7 6 10 10 12 19 19 17 17 15 10 10 8 6 6 2 2 4 4 4 4 4 4 3 3 2 1 1 2 2 2 8 8 7 3 3 3
 2 2 2 2 2 4 7 7 7 7 6 10 10 12 19 19 17 17 15 10 10 8 6 6 2 2 4 4 4 4 4 4 3 3 2 1 1 2 2 2 8 8 7 3 3 3
 3 3 4 2 2 3 3 3 5 5 4 4 4 13 17 17 11 11 8 6 6 6 7 7 3 3 3 9 9 9 4 4 6 6 3 2 2 2 8 8 8 8 6 3 3 3
 4 4 4 3 3 3 4 4 4 4 3 5 5 12 15 15 17 17 12 6 6 5 5 5 4 4 2 5 5 4 6 6 11 11 5 2 2 2 8 8 10 10 10 3 3 3
 4 4 4 3 3 3 4 4 4 4 3 5 5 12 15 15 17 17 12 6 6 5 5 5 4 4 2 5 5 4 6 6 11 11 5 2 2 2 8 8 10 10 10 3 3 3
 4 4 3 3 3 3 3 3 3 3 3 5 5 10 16 16 13 13 13 8 8 4 3 3 3 3 4 5 5 6 6 6 7 7 5 1 1 2 2 2 8 8 9 4 4 3
 4 4 3 3 3 3 3 3 3 3 3 5 5 10 16 16 13 13 13 8 8 4 3 3 3 3 4 5 5 6 6 6 7 7 5 1 1 2 2 2 8 8 9 4 4 3
 4 4 4 4 4 3 3 3 4 4 3 5 5 8 11 11 14 14 16 10 10 5 4 4 3 3 1 5 5 6 5 5 5 5 6 3 3 3 4 4 9 9 7 4 4 3
 4 4 6 6 6 3 4 4 4 4 5 5 5 5 10 10 11 11 13 10 10 6 4 4 2 2 3 3 3 4 6 6 6 6 7 5 5 5 4 4 4 4 3 3 3 3
 4 4 6 6 6 3 4 4 4 4 5 5 5 5 10 10 11 11 13 10 10 6 4 4 2 2 3 3 3 4 6 6 6 6 7 5 5 5 4 4 4 4 3 3 3 3
 4 4 6 6 6 4 5 5 4 4 3 4 4 4 10 10 9 9 9 13 13 9 2 2 4 4 4 4 4 5 5 5 4 4 5 5 5 4 4 4 4 4 3 3 3 3
 4 4 5 5 5 4 4 4 4 4 3 4 4 3 4 4 7 7 7 10 10 12 3 3 4 4 4 3 3 4 4 4 4 4 4 4 4 3 2 2 1 1 3 3 3 4
 4 4 5 5 5 4 4 4 4 4 3 4 4 3 4 4 7 7 7 10 10 12 3 3 4 4 4 3 3 4 4 4 4 4 4 4 4 3 2 2 1 1 3 3 3 4
 5 5 5 4 4 4 4 4 4 4 3 3 3 3 5 5 6 6 9 13 13 11 7 7 4 4 3 3 3 5 4 4 4 4 4 3 3 5 4 4 2 2 2 5 5 8
 5 5 5 4 4 4 4 4 4 4 3 3 3 3 5 5 6 6 9 13 13 11 7 7 4 4 3 3 3 5 4 4 4 4 4 3 3 5 4 4 2 2 2 5 5 8
 4 4 5 3 3 3 3 3 3 3 3 3 3 4 4 4 6 6 10 12 12 11 11 11 5 5 4 3 3 4 4 4 4 4 3 4 4 6 4 4 3 3 9 6 6 7
 4 4 4 4 4 3 3 3 4 4 4 3 3 3 5 5 5 5 8 9 9 9 12 12 5 5 5 4 4 3 3 3 4 4 5 5 5 8 5 5 9 9 11 10 10 8
 4 4 4 4 4 3 3 3 4 4 4 3 3 3 5 5 5 5 8 9 9 9 12 12 5 5 5 4 4 3 3 3 4 4 5 5 5 8 5 5 9 9 11 10 10 8
 4 4 4 4 4 3 4 4 4 4 4 3 3 3 4 4 5 5 8 11 11 10 14 14 8 8 4 4 4 4 6 6 9 9 8 9 9 9 7 7 9 9 8 7 7 9
 5 5 4 4 4 3 4 4 4 4 4 4 4 4 4 4 5 5 8 9 9 12 12 12 13 13 6 5 5 7 7 7 19 19 13 15 15 10 8 8 7 7 9 10 10 16
 5 5 4 4 4 3 4 4 4 4 4 4 4 4 4 4 5 5 8 9 9 12 12 12 13 13 6 5 5 7 7 7 19 19 13 15 15 10 8 8 7 7 9 10 10 16
 6 6 3 3 3 2 3 3 3 3 3 3 3 3 3 3 4 4 4 8 8 12 9 9 15 15 8 8 8 18 19 19 22 22 20 35 35 11 7 7 5 5 26 26 26 18
 6 6 3 3 3 2 3 3 3 3 3 3 3 3 3 3 4 4 4 8 8 12 9 9 15 15 8 8 8 18 19 19 22 22 20 35 35 11 7 7 5 5 26 26 26 18
 5 5 3 3 3 2 2 2 3 3 3 3 3 3 4 4 4 4 4 7 7 17 16 16 21 21 17 15 15 16 20 20 27 27 39 38 38 16 21 21 15 15 22 14 14 13
 5 5 4 3 3 2 2 2 3 3 3 3 3 4 5 5 5 5 5 8 8 16 19 19 24 24 31 19 19 34 54 54 70 70 122 57 57 49 20 20 12 12 11 12 12 9
 5 5 4 3 3 2 2 2 3 3 3 3 3 4 5 5 5 5 5 8 8 16 19 19 24 24 31 19 19 34 54 54 70 70 122 57 57 49 20 20 12 12 11 12 12 9
 4 4 4 4 4 3 3 3 3 3 4 3 3 4 5 5 5 5 7 7 7 9 19 19 21 21 29 22 22 36 119 119 111 111 105 72 72 51 25 25 25 25 16 29 29 21
 4 4 4 4 4 3 3 3 3 3 3 3 3 4 5 5 5 5 5 7 7 11 21 21 21 21 28 26 26 125 117 117 86 86 91 63 63 47 26 26 27 27 37 32 32 25
 4 4 4 4 4 3 3 3 3 3 3 3 3 4 5 5 5 5 5 7 7 11 21 21 21 21 28 26 26 125 117 117 86 86 91 63 63 47 26 26 27 27 37 32 32 25
 3 3 3 3 3 4 4 4 3 3 3 4 4 5 5 5 5 5 5 6 6 10 20 20 21 21 29 26 26 32 42 42 41 41 34 41 41 35 22 22 25 25 52 51 51 28
 3 3 3 3 3 4 4 4 3 3 3 4 4 5 5 5 5 5 5 6 6 10 20 20 21 21 29 26 26 32 42 42 41 41 34 41 41 35 22 22 25 25 52 51 51 28
 3 3 3 3 3 2 2 2 3 3 3 4 4 5 5 5 7 7 6 6 6 12 20 20 19 19 21 17 17 22 32 32 34 34 40 68 68 60 42 42 35 35 50 52 52 31
 3 3 3 3 3 2 2 2 3 3 3 3 3 3 7 7 8 8 6 6 6 8 8 8 12 12 12 9 9 10 13 13 14 14 40 38 38 63 43 43 54 54 51 58 58 27
 3 3 3 3 3 2 2 2 3 3 3 3 3 3 7 7 8 8 6 6 6 8 8 8 12 12 12 9 9 10 13 13 14 14 40 38 38 63 43 43 54 54 51 58 58 27
 3 3 3 3 3 3 2 2 2 2 3 3 3 3 10 10 16 16 9 7 7 6 8 8 13 13 13 13 13 13 13 13 12 12 30 39 39 39 41 41 50 50 45 92 92 86
 3 3 3 3 3 3 2 2 2 2 3 5 5 4 11 11 14 14 25 7 7 8 6 6 12 12 16 17 17 18 15 15 13 13 25 20 20 33 30 30 68 68 66 99 99 90
 3 3 3 3 3 3 2 2 2 2 3 5 5 4 11 11 14 14 25 7 7 8 6 6 12 12 16 17 17 18 15 15 13 13 25 20 20 33 30 30 68 68 66 99 99 90
 5 5 4 3 3 3 3 3 2 2 5 8 8 10 12 12 11 11 24 26 26 27 21 21 21 21 23 20 20 18 23 23 17 17 25 27 27 19 37 37 54 54 36 54 54 53
 5 5 4 3 3 3 3 3 2 2 5 8 8 10 12 12 11 11 24 26 26 27 21 21 21 21 23 20 20 18 23 23 17 17 25 27 27 19 37 37 54 54 36 54 54 53
 4 4 3 3 3 3 3 3 3 3 7 8 8 7 12 12 14 14 21 28 28 53 52 52 58 58 20 27 27 20 20 20 22 22 26 25 25 33 28 28 35 35 40 29 29 58
 6 6 6 5 5 4 3 3 4 4 7 7 7 15 16 16 29 29 44 56 56 121 47 47 57 57 53 23 23 16 22 22 19 19 15 21 21 31 36 36 37 37 36 30 30 36
 6 6 6 5 5 4 3 3 4 4 7 7 7 15 16 16 29 29 44 56 56 121 47 47 57 57 53 23 23 16 22 22 19 19 15 21 21 31 36 36 37 37 36 30 30 36
 5 5 4 5 5 6 5 5 4 4 11 10 10 17 19 19 30 30 53 67 67 130 56 56 48 48 60 47 47 38 33 33 32 32 12 15 15 24 55 55 40 40 39 32 32 34
 2 2 3 2 2 4 5 5 4 4 6 10 10 18 17 17 23 23 41 66 66 81 58 58 99 99 109 34 34 31 61 61 28 28 18 18 18 24 40 40 28 28 33 32 32 28
 2 2 3 2 2 4 5 5 4 4 6 10 10 18 17 17 23 23 41 66 66 81 58 58 99 99 109 34 34 31 61 61 28 28 18 18 18 24 40 40 28 28 33 32 32 28
 2 2 2 2 2 2 2 2 3 3 6 8 8 15 14 14 21 21 27 38 38 59 69 69 61 61 104 37 37 42 72 72 53 53 27 24 24 30 35 35 23 23 32 25 25 22
 2 2 2 2 2 2 2 2 3 3 6 8 8 15 14 14 21 21 27 38 38 59 69 69 61 61 104 37 37 42 72 72 53 53 27 24 24 30 35 35 23 23 32 25 25 22
 2 2 2 2 2 3 3 3 4 4 6 12 12 12 10 10 18 18 16 25 25 48 48 48 46 46 57 49 49 33 56 56 158 158 56 30 30 27 36 36 11 11 18 21 21 14
 2 2 2 2 2 2 2 2 3 3 4 8 8 5 5 5 12 12 12 14 14 26 44 44 55 55 51 81 81 47 44 44 176 176 53 44 44 31 31 31 11 11 7 14 14 14
 2 2 2 2 2 2 2 2 3 3 4 8 8 5 5 5 12 12 12 14 14 26 44 44 55 55 51 81 81 47 44 44 176 176 53 44 44 31 31 31 11 11 7 14 14 14
 3 3 2 2 2 2 2 2 3 3 3 2 2 2 3 3 3 3 7 6 6 9 26 26 42 42 56 84 84 61 46 46 39 39 35 35 35 39 32 32 17 17 12 10 10 13
 3 3 3 2 2 3 2 2 2 2 3 1 1 2 2 2 3 3 4 4 4 5 10 10 29 29 30 70 70 49 39 39 37 37 31 33 33 33 54 54 28 28 15 18 18 22
