assets/RAT_results_old/precipitation/2020-11-05_IMERG.asc
ncols        46
nrows        77
xllcorner    74.800261325624
yllcorner    8.058333333333
cellsize     0.062500000000
NODATA_value -9999
 16 16 19 19 19 25 28 28 26 26 204 59 59 35 91 91 13 13 8 14 14 10 3 3 1 1 2 6 6 7 14 14 16 16 24 32 32 33 46 46 55 55 25 18 18 12
 18 18 21 19 19 21 23 23 23 23 140 26 26 46 42 42 17 17 12 13 13 16 4 4 5 5 5 10 10 14 18 18 14 14 24 23 23 34 24 24 32 32 22 17 17 8
 18 18 21 19 19 21 23 23 23 23 140 26 26 46 42 42 17 17 12 13 13 16 4 4 5 5 5 10 10 14 18 18 14 14 24 23 23 34 24 24 32 32 22 17 17 8
 17 17 22 20 20 19 19 19 24 24 84 15 15 42 38 38 13 13 4 8 8 17 9 9 18 18 9 15 15 25 28 28 29 29 31 24 24 29 12 12 17 17 14 13 13 1
 3 3 10 10 10 15 14 14 17 17 22 15 15 39 30 30 7 7 7 6 6 15 17 17 18 18 20 22 22 33 36 36 27 27 36 22 22 23 14 14 5 5 4 4 4 2
 3 3 10 10 10 15 14 14 17 17 22 15 15 39 30 30 7 7 7 6 6 15 17 17 18 18 20 22 22 33 36 36 27 27 36 22 22 23 14 14 5 5 4 4 4 2
 1 1 1 5 5 7 7 7 14 14 18 17 17 16 11 11 29 29 5 6 6 23 27 27 27 27 22 25 25 29 30 30 23 23 32 26 26 24 3 3 4 4 3 3 3 3
 1 1 1 5 5 7 7 7 14 14 18 17 17 16 11 11 29 29 5 6 6 23 27 27 27 27 22 25 25 29 30 30 23 23 32 26 26 24 3 3 4 4 3 3 3 3
 0 0 1 2 2 3 3 3 2 2 14 10 10 9 11 11 6 6 9 11 11 18 22 22 29 29 25 21 21 28 33 33 23 23 21 21 21 20 10 10 2 2 3 4 4 10
 0 0 1 3 3 4 2 2 1 1 8 11 11 12 11 11 5 5 8 11 11 16 15 15 21 21 19 20 20 18 26 26 29 29 27 52 52 18 3 3 6 6 6 7 7 8
 0 0 1 3 3 4 2 2 1 1 8 11 11 12 11 11 5 5 8 11 11 16 15 15 21 21 19 20 20 18 26 26 29 29 27 52 52 18 3 3 6 6 6 7 7 8
 1 1 1 1 1 3 5 5 4 4 4 10 10 5 12 12 10 10 14 11 11 10 7 7 9 9 18 8 8 8 9 9 20 20 21 15 15 14 5 5 4 4 7 17 17 19
 1 1 1 1 1 3 5 5 6 6 7 6 6 5 14 14 15 15 19 14 14 11 6 6 8 8 12 20 20 11 16 16 31 31 25 8 8 10 5 5 5 5 19 19 19 23
 1 1 1 1 1 3 5 5 6 6 7 6 6 5 14 14 15 15 19 14 14 11 6 6 8 8 12 20 20 11 16 16 31 31 25 8 8 10 5 5 5 5 19 19 19 23
 1 1 1 3 3 3 13 13 11 11 11 9 9 6 17 17 19 19 19 14 14 18 17 17 9 9 21 12 12 17 16 16 11 11 9 8 8 7 7 7 5 5 9 12 12 15
 1 1 1 3 3 3 13 13 11 11 11 9 9 6 17 17 19 19 19 14 14 18 17 17 9 9 21 12 12 17 16 16 11 11 9 8 8 7 7 7 5 5 9 12 12 15
 2 2 2 3 3 4 9 9 13 13 12 11 11 11 13 13 23 23 23 51 51 27 17 17 13 13 14 14 14 21 22 22 17 17 10 6 6 7 9 9 7 7 11 9 9 10
 5 5 3 4 4 6 17 17 15 15 20 16 16 19 28 28 27 27 129 100 100 36 56 56 56 56 24 20 20 21 25 25 9 9 4 4 4 6 7 7 6 6 7 6 6 9
 5 5 3 4 4 6 17 17 15 15 20 16 16 19 28 28 27 27 129 100 100 36 56 56 56 56 24 20 20 21 25 25 9 9 4 4 4 6 7 7 6 6 7 6 6 9
 5 5 5 6 6 88 89 89 26 26 17 19 19 27 25 25 26 26 33 48 48 85 54 54 57 57 29 33 33 19 18 18 10 10 5 3 3 7 7 7 6 6 6 7 7 10
 11 11 7 8 8 90 88 88 24 24 58 46 46 38 28 28 33 33 31 61 61 34 89 89 33 33 34 23 23 11 10 10 9 9 7 7 7 9 9 9 11 11 7 10 10 12
 11 11 7 8 8 90 88 88 24 24 58 46 46 38 28 28 33 33 31 61 61 34 89 89 33 33 34 23 23 11 10 10 9 9 7 7 7 9 9 9 11 11 7 10 10 12
 14 14 10 9 9 58 106 106 102 102 84 57 57 35 45 45 35 35 35 49 49 33 84 84 63 63 8 10 10 10 23 23 23 23 18 18 18 10 13 13 28 28 23 14 14 16
 14 14 10 9 9 58 106 106 102 102 84 57 57 35 45 45 35 35 35 49 49 33 84 84 63 63 8 10 10 10 23 23 23 23 18 18 18 10 13 13 28 28 23 14 14 16
 12 12 13 12 12 9 65 65 101 101 81 39 39 32 42 42 26 26 29 31 31 20 14 14 7 7 8 12 12 21 34 34 35 35 21 12 12 14 31 31 33 33 24 19 19 19
 12 12 14 12 12 12 66 66 63 63 73 33 33 33 25 25 23 23 26 22 22 14 12 12 8 8 11 14 14 26 46 46 36 36 20 16 16 14 27 27 25 25 23 20 20 24
 12 12 14 12 12 12 66 66 63 63 73 33 33 33 25 25 23 23 26 22 22 14 12 12 8 8 11 14 14 26 46 46 36 36 20 16 16 14 27 27 25 25 23 20 20 24
 11 11 12 13 13 7 21 21 23 23 22 4 4 32 25 25 19 19 18 22 22 21 13 13 12 12 13 22 22 27 31 31 23 23 15 18 18 20 33 33 31 31 30 31 31 28
 9 9 11 11 11 11 19 19 23 23 24 8 8 9 6 6 11 11 4 10 10 14 10 10 22 22 20 17 17 35 30 30 25 25 16 14 14 21 29 29 27 27 40 38 38 25
 9 9 11 11 11 11 19 19 23 23 24 8 8 9 6 6 11 11 4 10 10 14 10 10 22 22 20 17 17 35 30 30 25 25 16 14 14 21 29 29 27 27 40 38 38 25
 10 10 10 9 9 9 8 8 7 7 10 12 12 7 5 5 8 8 5 8 8 10 18 18 22 22 20 18 18 26 21 21 7 7 13 11 11 21 38 38 32 32 33 22 22 20
 10 10 10 9 9 9 8 8 7 7 10 12 12 7 5 5 8 8 5 8 8 10 18 18 22 22 20 18 18 26 21 21 7 7 13 11 11 21 38 38 32 32 33 22 22 20
 8 8 11 11 11 10 7 7 12 12 8 7 7 5 2 2 4 4 8 7 7 15 17 17 19 19 19 14 14 12 7 7 8 8 8 16 16 20 21 21 25 25 18 14 14 9
 9 9 10 11 11 8 9 9 10 10 6 4 4 3 2 2 3 3 8 10 10 15 19 19 13 13 11 7 7 8 4 4 3 3 6 7 7 11 14 14 14 14 12 8 8 6
 9 9 10 11 11 8 9 9 10 10 6 4 4 3 2 2 3 3 8 10 10 15 19 19 13 13 11 7 7 8 4 4 3 3 6 7 7 11 14 14 14 14 12 8 8 6
 9 9 10 11 11 10 9 9 9 9 6 4 4 3 2 2 3 3 7 8 8 13 17 17 7 7 9 9 9 7 6 6 5 5 4 7 7 8 9 9 7 7 8 7 7 6
 9 9 10 11 11 11 10 10 10 10 5 4 4 3 3 3 2 2 2 11 11 12 12 12 8 8 51 14 14 10 6 6 5 5 6 7 7 9 9 9 11 11 7 6 6 5
 9 9 10 11 11 11 10 10 10 10 5 4 4 3 3 3 2 2 2 11 11 12 12 12 8 8 51 14 14 10 6 6 5 5 6 7 7 9 9 9 11 11 7 6 6 5
 8 8 10 10 10 11 12 12 11 11 10 4 4 3 2 2 3 3 2 9 9 12 11 11 10 10 28 20 20 11 6 6 5 5 5 6 6 8 12 12 12 12 9 7 7 10
 8 8 10 10 10 11 12 12 11 11 10 4 4 3 2 2 3 3 2 9 9 12 11 11 10 10 28 20 20 11 6 6 5 5 5 6 6 8 12 12 12 12 9 7 7 10
 8 8 12 13 13 13 13 13 12 12 12 5 5 3 4 4 2 2 3 9 9 10 12 12 9 9 27 13 13 5 5 5 6 6 7 12 12 10 8 8 7 7 7 7 7 22
 4 4 6 10 10 12 13 13 11 11 10 5 5 4 4 4 2 2 3 4 4 6 9 9 9 9 8 5 5 7 6 6 5 5 10 9 9 9 8 8 8 8 9 7 7 15
 4 4 6 10 10 12 13 13 11 11 10 5 5 4 4 4 2 2 3 4 4 6 9 9 9 9 8 5 5 7 6 6 5 5 10 9 9 9 8 8 8 8 9 7 7 15
 4 4 3 9 9 12 8 8 7 7 8 9 9 3 2 2 1 1 2 2 2 4 8 8 8 8 6 10 10 10 9 9 6 6 9 9 9 8 6 6 8 8 12 5 5 4
 3 3 2 8 8 11 6 6 6 6 7 7 7 5 3 3 35 35 3 15 15 4 12 12 12 12 15 14 14 15 14 14 9 9 9 5 5 10 9 9 5 5 5 2 2 3
 3 3 2 8 8 11 6 6 6 6 7 7 7 5 3 3 35 35 3 15 15 4 12 12 12 12 15 14 14 15 14 14 9 9 9 5 5 10 9 9 5 5 5 2 2 3
 0 0 1 3 3 6 5 5 3 3 5 7 7 5 44 44 43 43 24 26 26 6 7 7 17 17 18 18 18 23 16 16 8 8 4 5 5 5 5 5 3 3 3 3 3 4
 0 0 1 3 3 6 5 5 3 3 5 7 7 5 44 44 43 43 24 26 26 6 7 7 17 17 18 18 18 23 16 16 8 8 4 5 5 5 5 5 3 3 3 3 3 4
 0 0 0 1 1 1 2 2 3 3 5 7 7 6 6 6 42 42 12 10 10 4 9 9 18 18 23 22 22 23 14 14 8 8 4 7 7 4 2 2 4 4 3 5 5 4
 0 0 0 0 0 1 2 2 3 3 5 7 7 7 1 1 3 3 1 1 1 1 7 7 14 14 18 24 24 23 15 15 9 9 8 11 11 6 3 3 3 3 4 3 3 3
 0 0 0 0 0 1 2 2 3 3 5 7 7 7 1 1 3 3 1 1 1 1 7 7 14 14 18 24 24 23 15 15 9 9 8 11 11 6 3 3 3 3 4 3 3 3
 1 1 0 1 1 1 4 4 8 8 7 8 8 7 7 7 0 0 0 1 1 1 3 3 11 11 16 22 22 23 21 21 15 15 11 9 9 8 3 3 2 2 3 3 3 3
 4 4 1 1 1 2 6 6 11 11 12 14 14 9 7 7 0 0 1 1 1 2 3 3 11 11 17 25 25 25 22 22 20 20 10 8 8 7 6 6 5 5 3 3 3 3
 4 4 1 1 1 2 6 6 11 11 12 14 14 9 7 7 0 0 1 1 1 2 3 3 11 11 17 25 25 25 22 22 20 20 10 8 8 7 6 6 5 5 3 3 3 3
 5 5 6 3 3 3 5 5 9 9 13 13 13 14 5 5 2 2 1 3 3 4 4 4 11 11 17 24 24 21 20 20 13 13 17 10 10 9 6 6 6 6 6 5 5 7
 5 5 6 3 3 3 5 5 9 9 13 13 13 14 5 5 2 2 1 3 3 4 4 4 11 11 17 24 24 21 20 20 13 13 17 10 10 9 6 6 6 6 6 5 5 7
 1 1 2 2 2 2 4 4 7 7 9 11 11 7 4 4 3 3 1 3 3 4 4 4 10 10 15 20 20 23 18 18 14 14 16 11 11 6 4 4 6 6 8 6 6 9
 0 0 0 1 1 1 3 3 5 5 7 6 6 4 2 2 1 1 3 6 6 4 2 2 3 3 12 14 14 18 17 17 15 15 13 7 7 4 4 4 8 8 10 8 8 12
 0 0 0 1 1 1 3 3 5 5 7 6 6 4 2 2 1 1 3 6 6 4 2 2 3 3 12 14 14 18 17 17 15 15 13 7 7 4 4 4 8 8 10 8 8 12
 0 0 0 1 1 1 2 2 3 3 3 4 4 2 2 2 2 2 3 2 2 1 1 1 2 2 7 10 10 10 12 12 9 9 9 7 7 4 5 5 10 10 11 10 10 14
 0 0 0 0 0 1 0 0 1 1 1 2 2 2 5 5 4 4 1 0 0 1 0 0 0 0 2 4 4 4 3 3 3 3 5 2 2 6 14 14 17 17 27 17 17 11
 0 0 0 0 0 1 0 0 1 1 1 2 2 2 5 5 4 4 1 0 0 1 0 0 0 0 2 4 4 4 3 3 3 3 5 2 2 6 14 14 17 17 27 17 17 11
 0 0 0 0 0 0 0 0 1 1 2 4 4 5 5 5 4 4 1 1 1 0 0 0 1 1 1 3 3 8 6 6 2 2 5 5 5 13 28 28 26 26 26 26 26 22
 0 0 0 0 0 0 0 0 1 1 2 4 4 5 5 5 4 4 1 1 1 0 0 0 1 1 1 3 3 8 6 6 2 2 5 5 5 13 28 28 26 26 26 26 26 22
 0 0 0 0 0 0 1 1 1 1 3 5 5 8 9 9 9 9 5 1 1 0 0 0 3 3 2 2 2 7 8 8 11 11 5 12 12 15 29 29 36 36 31 24 24 23
 0 0 0 0 0 1 1 1 2 2 4 6 6 8 9 9 7 7 6 1 1 0 1 1 0 0 3 2 2 12 21 21 14 14 11 10 10 15 32 32 32 32 21 17 17 33
 0 0 0 0 0 1 1 1 2 2 4 6 6 8 9 9 7 7 6 1 1 0 1 1 0 0 3 2 2 12 21 21 14 14 11 10 10 15 32 32 32 32 21 17 17 33
 0 0 1 1 1 1 1 1 2 2 3 4 4 7 7 7 6 6 3 3 3 1 1 1 0 0 1 1 1 11 17 17 15 15 13 14 14 17 19 19 24 24 21 17 17 24
 0 0 0 1 1 0 1 1 1 1 1 2 2 7 5 5 5 5 3 3 3 1 1 1 0 0 1 0 0 9 12 12 14 14 12 8 8 5 14 14 19 19 30 28 28 27
 0 0 0 1 1 0 1 1 1 1 1 2 2 7 5 5 5 5 3 3 3 1 1 1 0 0 1 0 0 9 12 12 14 14 12 8 8 5 14 14 19 19 30 28 28 27
 0 0 1 0 0 0 1 1 1 1 1 1 1 4 4 4 3 3 2 2 2 1 1 1 1 1 0 1 1 1 4 4 2 2 7 7 7 8 14 14 20 20 27 37 37 34
 0 0 1 0 0 0 1 1 1 1 1 1 1 4 4 4 3 3 2 2 2 1 1 1 1 1 0 1 1 1 4 4 2 2 7 7 7 8 14 14 20 20 27 37 37 34
 5 5 9 2 2 0 0 0 1 1 1 1 1 1 2 2 2 2 2 1 1 1 1 1 0 0 1 1 1 1 3 3 5 5 10 12 12 12 15 15 22 22 26 40 40 37
 8 8 2 0 0 0 0 0 0 0 0 0 0 1 2 2 2 2 2 1 1 1 1 1 1 1 1 3 3 2 2 2 3 3 4 8 8 21 20 20 26 26 29 30 30 30
 8 8 2 0 0 0 0 0 0 0 0 0 0 1 2 2 2 2 2 1 1 1 1 1 1 1 1 3 3 2 2 2 3 3 4 8 8 21 20 20 26 26 29 30 30 30
 2 2 3 0 0 0 0 0 0 0 0 0 0 0 0 0 0 0 1 1 1 1 1 1 1 1 1 3 3 2 2 2 2 2 8 18 18 19 20 20 68 68 43 27 27 21
 1 1 0 0 0 0 0 0 0 0 3 7 7 7 3 3 3 3 1 1 1 1 1 1 1 1 2 2 2 8 2 2 4 4 9 14 14 14 25 25 150 150 46 44 44 15
