assets/RAT_results_old/precipitation/2020-09-21_IMERG.asc
ncols        46
nrows        77
xllcorner    74.800261325624
yllcorner    8.058333333333
cellsize     0.062500000000
NODATA_value -9999
 54 54 61 48 48 38 36 36 29 29 16 16 16 7 6 6 6 6 6 4 4 2 1 1 0 0 0 0 0 0 0 0 0 0 0 0 0 0 0 0 0 0 0 0 0 0
 49 49 52 40 40 47 37 37 31 31 21 16 16 14 5 5 6 6 8 6 6 2 1 1 1 1 0 0 0 0 0 0 0 0 0 0 0 0 0 0 0 0 0 0 0 0
 49 49 52 40 40 47 37 37 31 31 21 16 16 14 5 5 6 6 8 6 6 2 1 1 1 1 0 0 0 0 0 0 0 0 0 0 0 0 0 0 0 0 0 0 0 0
 36 36 40 34 34 28 33 33 26 26 22 18 18 6 6 6 6 6 10 3 3 1 1 1 1 1 0 0 0 0 0 0 0 0 0 0 0 0 0 0 0 0 0 0 0 0
 29 29 35 41 41 31 32 32 24 24 14 6 6 6 12 12 5 5 3 1 1 1 1 1 1 1 1 0 0 0 0 0 0 0 0 0 0 0 0 0 0 0 0 0 0 0
 29 29 35 41 41 31 32 32 24 24 14 6 6 6 12 12 5 5 3 1 1 1 1 1 1 1 1 0 0 0 0 0 0 0 0 0 0 0 0 0 0 0 0 0 0 0
 28 28 30 40 40 32 25 25 12 12 8 7 7 4 4 4 4 4 3 2 2 1 1 1 1 1 0 0 0 0 0 0 0 0 0 0 0 0 0 0 0 0 0 0 0 0
 28 28 30 40 40 32 25 25 12 12 8 7 7 4 4 4 4 4 3 2 2 1 1 1 1 1 0 0 0 0 0 0 0 0 0 0 0 0 0 0 0 0 0 0 0 0
 21 21 24 24 24 21 17 17 9 9 7 5 5 5 5 5 5 5 3 3 3 1 1 1 1 1 1 0 0 0 0 0 0 0 0 0 0 0 0 0 0 0 0 0 0 0
 14 14 19 18 18 14 9 9 4 4 5 9 9 8 7 7 7 7 5 3 3 1 1 1 1 1 1 0 0 0 0 0 0 0 0 0 0 0 0 0 0 0 0 0 0 0
 14 14 19 18 18 14 9 9 4 4 5 9 9 8 7 7 7 7 5 3 3 1 1 1 1 1 1 0 0 0 0 0 0 0 0 0 0 0 0 0 0 0 0 0 0 0
 9 9 12 11 11 10 5 5 5 5 5 17 17 18 17 17 3 3 4 1 1 1 0 0 3 3 2 0 0 0 0 0 0 0 0 0 0 0 0 0 0 0 0 0 0 0
 8 8 10 9 9 11 7 7 6 6 6 16 16 15 15 15 15 15 2 1 1 1 2 2 2 2 1 0 0 0 0 0 0 0 0 0 0 0 0 0 0 0 0 0 0 0
 8 8 10 9 9 11 7 7 6 6 6 16 16 15 15 15 15 15 2 1 1 1 2 2 2 2 1 0 0 0 0 0 0 0 0 0 0 0 0 0 0 0 0 0 0 0
 6 6 7 9 9 5 10 10 9 9 10 7 7 6 9 9 9 9 1 2 2 1 1 1 0 0 0 0 0 0 0 0 0 0 1 0 0 0 1 1 1 1 0 1 1 1
 6 6 7 9 9 5 10 10 9 9 10 7 7 6 9 9 9 9 1 2 2 1 1 1 0 0 0 0 0 0 0 0 0 0 1 0 0 0 1 1 1 1 0 1 1 1
 3 3 3 4 4 4 5 5 7 7 5 4 4 6 9 9 10 10 3 2 2 1 1 1 1 1 0 0 0 0 0 0 0 0 0 1 1 1 1 1 1 1 1 0 0 0
 4 4 4 2 2 3 5 5 5 5 6 5 5 1 0 0 1 1 1 1 1 1 1 1 1 1 0 0 0 0 0 0 0 0 0 1 1 0 1 1 0 0 0 0 0 0
 4 4 4 2 2 3 5 5 5 5 6 5 5 1 0 0 1 1 1 1 1 1 1 1 1 1 0 0 0 0 0 0 0 0 0 1 1 0 1 1 0 0 0 0 0 0
 4 4 3 3 3 2 4 4 4 4 4 4 4 3 1 1 0 0 0 1 1 1 1 1 2 2 0 0 0 0 0 0 0 0 0 0 0 0 0 0 0 0 0 0 0 0
 3 3 3 2 2 2 1 1 3 3 3 3 3 3 2 2 1 1 0 1 1 2 5 5 4 4 1 2 2 1 1 1 1 1 1 1 1 0 0 0 0 0 0 0 0 0
 3 3 3 2 2 2 1 1 3 3 3 3 3 3 2 2 1 1 0 1 1 2 5 5 4 4 1 2 2 1 1 1 1 1 1 1 1 0 0 0 0 0 0 0 0 0
 2 2 2 2 2 1 1 1 1 1 2 3 3 4 4 4 2 2 1 0 0 3 4 4 8 8 4 2 2 2 2 2 3 3 2 1 1 0 0 0 0 0 0 0 0 0
 2 2 2 2 2 1 1 1 1 1 2 3 3 4 4 4 2 2 1 0 0 3 4 4 8 8 4 2 2 2 2 2 3 3 2 1 1 0 0 0 0 0 0 0 0 0
 1 1 2 2 2 1 3 3 2 2 2 2 2 5 4 4 3 3 2 2 2 7 3 3 4 4 4 3 3 5 3 3 2 2 1 1 1 1 0 0 0 0 0 0 0 0
 1 1 2 2 2 3 3 3 3 3 2 3 3 3 5 5 4 4 3 3 3 5 5 5 7 7 6 6 6 5 2 2 1 1 0 0 0 0 0 0 0 0 0 0 0 0
 1 1 2 2 2 3 3 3 3 3 2 3 3 3 5 5 4 4 3 3 3 5 5 5 7 7 6 6 6 5 2 2 1 1 0 0 0 0 0 0 0 0 0 0 0 0
 2 2 2 3 3 4 5 5 6 6 5 4 4 2 2 2 5 5 4 5 5 6 4 4 6 6 6 4 4 2 1 1 1 1 0 0 0 0 0 0 0 0 0 0 0 0
 2 2 2 2 2 5 5 5 5 5 3 4 4 2 2 2 5 5 5 5 5 4 4 4 4 4 4 2 2 2 1 1 2 2 1 3 3 1 1 1 1 1 1 0 0 0
 2 2 2 2 2 5 5 5 5 5 3 4 4 2 2 2 5 5 5 5 5 4 4 4 4 4 4 2 2 2 1 1 2 2 1 3 3 1 1 1 1 1 1 0 0 0
 2 2 2 2 2 5 6 6 4 4 1 2 2 2 2 2 4 4 4 6 6 3 3 3 2 2 0 3 3 3 2 2 3 3 3 2 2 2 1 1 1 1 0 0 0 0
 2 2 2 2 2 5 6 6 4 4 1 2 2 2 2 2 4 4 4 6 6 3 3 3 2 2 0 3 3 3 2 2 3 3 3 2 2 2 1 1 1 1 0 0 0 0
 1 1 1 2 2 4 5 5 5 5 4 1 1 2 5 5 6 6 6 5 5 2 1 1 1 1 1 1 1 3 2 2 3 3 3 3 3 3 1 1 0 0 0 1 1 0
 1 1 1 1 1 3 4 4 5 5 4 2 2 2 4 4 5 5 5 5 5 3 1 1 1 1 1 1 1 2 3 3 3 3 2 3 3 2 1 1 1 1 1 1 1 1
 1 1 1 1 1 3 4 4 5 5 4 2 2 2 4 4 5 5 5 5 5 3 1 1 1 1 1 1 1 2 3 3 3 3 2 3 3 2 1 1 1 1 1 1 1 1
 3 3 2 2 2 3 4 4 5 5 3 2 2 3 2 2 2 2 4 7 7 6 5 5 4 4 1 1 1 2 3 3 3 3 3 1 1 3 1 1 1 1 0 0 0 0
 12 12 5 2 2 2 3 3 4 4 2 3 3 2 2 2 7 7 4 6 6 7 6 6 5 5 4 6 6 6 7 7 4 4 3 3 3 2 2 2 1 1 0 0 0 0
 12 12 5 2 2 2 3 3 4 4 2 3 3 2 2 2 7 7 4 6 6 7 6 6 5 5 4 6 6 6 7 7 4 4 3 3 3 2 2 2 1 1 0 0 0 0
 5 5 2 2 2 3 3 3 4 4 3 2 2 2 2 2 8 8 10 13 13 13 13 13 7 7 16 8 8 7 7 7 4 4 3 3 3 4 3 3 2 2 2 0 0 1
 5 5 2 2 2 3 3 3 4 4 3 2 2 2 2 2 8 8 10 13 13 13 13 13 7 7 16 8 8 7 7 7 4 4 3 3 3 4 3 3 2 2 2 0 0 1
 1 1 1 1 1 2 3 3 3 3 3 3 3 1 3 3 3 3 10 14 14 12 14 14 10 10 8 8 8 7 5 5 5 5 4 5 5 7 5 5 5 5 4 5 5 4
 1 1 1 1 1 6 4 4 2 2 2 2 2 2 2 2 2 2 11 11 11 13 12 12 9 9 5 5 5 4 8 8 3 3 5 6 6 8 7 7 7 7 8 8 8 7
 1 1 1 1 1 6 4 4 2 2 2 2 2 2 2 2 2 2 11 11 11 13 12 12 9 9 5 5 5 4 8 8 3 3 5 6 6 8 7 7 7 7 8 8 8 7
 1 1 2 4 4 8 4 4 2 2 2 2 2 1 1 1 1 1 5 8 8 15 16 16 16 16 11 9 9 5 7 7 7 7 5 5 5 8 7 7 7 7 8 8 8 6
 1 1 2 7 7 3 2 2 2 2 2 2 2 1 1 1 1 1 7 12 12 15 16 16 11 11 11 9 9 10 13 13 10 10 2 3 3 5 6 6 6 6 4 5 5 3
 1 1 2 7 7 3 2 2 2 2 2 2 2 1 1 1 1 1 7 12 12 15 16 16 11 11 11 9 9 10 13 13 10 10 2 3 3 5 6 6 6 6 4 5 5 3
 1 1 4 3 3 2 1 1 2 2 2 2 2 2 1 1 2 2 8 16 16 14 14 14 12 12 11 9 9 6 12 12 5 5 2 2 2 4 4 4 2 2 2 2 2 2
 1 1 4 3 3 2 1 1 2 2 2 2 2 2 1 1 2 2 8 16 16 14 14 14 12 12 11 9 9 6 12 12 5 5 2 2 2 4 4 4 2 2 2 2 2 2
 3 3 3 1 1 1 2 2 2 2 3 3 3 3 2 2 2 2 8 13 13 14 14 14 13 13 11 7 7 8 7 7 3 3 1 3 3 4 3 3 3 3 3 2 2 4
 2 2 2 2 2 2 3 3 3 3 5 4 4 4 3 3 5 5 7 12 12 15 13 13 13 13 12 7 7 10 8 8 4 4 2 2 2 4 3 3 3 3 4 7 7 6
 2 2 2 2 2 2 3 3 3 3 5 4 4 4 3 3 5 5 7 12 12 15 13 13 13 13 12 7 7 10 8 8 4 4 2 2 2 4 3 3 3 3 4 7 7 6
 2 2 4 3 3 3 4 4 4 4 9 5 5 4 4 4 6 6 7 7 7 13 7 7 8 8 8 6 6 10 8 8 5 5 2 2 2 3 3 3 3 3 7 10 10 9
 3 3 5 5 5 3 3 3 4 4 6 4 4 5 6 6 6 6 7 9 9 14 9 9 12 12 10 8 8 7 3 3 3 3 1 3 3 5 2 2 4 4 8 11 11 9
 3 3 5 5 5 3 3 3 4 4 6 4 4 5 6 6 6 6 7 9 9 14 9 9 12 12 10 8 8 7 3 3 3 3 1 3 3 5 2 2 4 4 8 11 11 9
 3 3 3 2 2 3 3 3 5 5 7 5 5 6 7 7 9 9 7 7 7 10 9 9 13 13 13 11 11 7 5 5 4 4 3 4 4 5 4 4 9 9 10 12 12 8
 3 3 3 2 2 3 3 3 5 5 7 5 5 6 7 7 9 9 7 7 7 10 9 9 13 13 13 11 11 7 5 5 4 4 3 4 4 5 4 4 9 9 10 12 12 8
 3 3 2 2 2 2 2 2 4 4 5 6 6 7 6 6 4 4 4 7 7 11 17 17 21 21 13 11 11 5 3 3 5 5 4 6 6 5 7 7 11 11 9 8 8 8
 3 3 2 2 2 2 2 2 4 4 4 8 8 6 6 6 7 7 5 8 8 12 16 16 14 14 13 6 6 5 7 7 5 5 6 7 7 5 8 8 11 11 7 3 3 3
 3 3 2 2 2 2 2 2 4 4 4 8 8 6 6 6 7 7 5 8 8 12 16 16 14 14 13 6 6 5 7 7 5 5 6 7 7 5 8 8 11 11 7 3 3 3
 3 3 3 3 3 4 4 4 7 7 7 9 9 7 7 7 10 10 13 14 14 11 7 7 6 6 9 6 6 2 8 8 4 4 3 3 3 3 8 8 7 7 7 4 4 3
 6 6 6 5 5 5 5 5 9 9 10 12 12 13 13 13 14 14 20 17 17 12 4 4 4 4 5 8 8 5 2 2 1 1 1 1 1 1 5 5 5 5 1 1 1 1
 6 6 6 5 5 5 5 5 9 9 10 12 12 13 13 13 14 14 20 17 17 12 4 4 4 4 5 8 8 5 2 2 1 1 1 1 1 1 5 5 5 5 1 1 1 1
 6 6 7 6 6 10 9 9 9 9 10 12 12 8 13 13 16 16 13 11 11 7 4 4 3 3 6 10 10 9 6 6 6 6 2 3 3 4 5 5 3 3 1 1 1 0
 6 6 7 6 6 10 9 9 9 9 10 12 12 8 13 13 16 16 13 11 11 7 4 4 3 3 6 10 10 9 6 6 6 6 2 3 3 4 5 5 3 3 1 1 1 0
 8 8 8 7 7 11 9 9 6 6 7 6 6 6 8 8 8 8 6 6 6 8 6 6 4 4 5 7 7 11 8 8 4 4 1 1 1 1 4 4 3 3 3 1 1 1
 7 7 7 6 6 11 12 12 9 9 9 5 5 4 8 8 8 8 7 5 5 6 5 5 3 3 5 9 9 13 14 14 6 6 2 1 1 1 2 2 4 4 3 2 2 1
 7 7 7 6 6 11 12 12 9 9 9 5 5 4 8 8 8 8 7 5 5 6 5 5 3 3 5 9 9 13 14 14 6 6 2 1 1 1 2 2 4 4 3 2 2 1
 7 7 8 11 11 10 11 11 8 8 7 5 5 5 8 8 9 9 9 10 10 8 6 6 8 8 8 14 14 11 12 12 7 7 6 2 2 1 4 4 7 7 9 8 8 5
 7 7 7 6 6 7 7 7 5 5 4 4 4 11 13 13 14 14 15 16 16 14 13 13 9 9 9 16 16 17 17 17 14 14 14 5 5 5 7 7 9 9 16 14 14 8
 7 7 7 6 6 7 7 7 5 5 4 4 4 11 13 13 14 14 15 16 16 14 13 13 9 9 9 16 16 17 17 17 14 14 14 5 5 5 7 7 9 9 16 14 14 8
 7 7 7 9 9 8 7 7 6 6 5 5 5 10 14 14 14 14 17 16 16 15 17 17 13 13 20 16 16 18 13 13 16 16 16 11 11 7 9 9 16 16 18 17 17 13
 7 7 7 9 9 8 7 7 6 6 5 5 5 10 14 14 14 14 17 16 16 15 17 17 13 13 20 16 16 18 13 13 16 16 16 11 11 7 9 9 16 16 18 17 17 13
 8 8 9 11 11 9 9 9 10 10 6 6 6 11 13 13 13 13 9 13 13 12 12 12 12 12 13 18 18 14 10 10 12 12 14 12 12 11 10 10 15 15 19 17 17 11
 9 9 11 11 11 9 7 7 9 9 7 8 8 9 13 13 16 16 12 8 8 8 8 8 9 9 11 12 12 8 6 6 4 4 12 11 11 14 12 12 12 12 16 20 20 13
 9 9 11 11 11 9 7 7 9 9 7 8 8 9 13 13 16 16 12 8 8 8 8 8 9 9 11 12 12 8 6 6 4 4 12 11 11 14 12 12 12 12 16 20 20 13
 8 8 9 11 11 6 4 4 5 5 6 8 8 9 11 11 10 10 7 5 5 4 4 4 5 5 5 8 8 8 8 8 5 5 10 12 12 11 16 16 14 14 12 20 20 15
 6 6 5 5 5 4 5 5 6 6 8 9 9 6 5 5 3 3 3 3 3 4 4 4 6 6 5 6 6 8 10 10 9 9 8 9 9 8 11 11 10 10 14 15 15 16
