assets/RAT_results_old/precipitation/2020-11-17_IMERG.asc
ncols        46
nrows        77
xllcorner    74.800261325624
yllcorner    8.058333333333
cellsize     0.062500000000
NODATA_value -9999
 2 2 2 2 2 3 3 3 1 1 0 0 0 1 2 2 2 2 1 1 1 0 0 0 0 0 0 0 0 0 0 0 0 0 0 0 0 0 0 0 0 0 0 0 0 1
 3 3 3 4 4 6 5 5 1 1 0 0 0 1 2 2 2 2 1 0 0 0 0 0 0 0 0 0 0 0 0 0 0 0 0 0 0 0 0 0 0 0 0 0 0 1
 3 3 3 4 4 6 5 5 1 1 0 0 0 1 2 2 2 2 1 0 0 0 0 0 0 0 0 0 0 0 0 0 0 0 0 0 0 0 0 0 0 0 0 0 0 1
 6 6 4 7 7 6 7 7 3 3 3 0 0 0 2 2 2 2 0 0 0 0 0 0 0 0 0 0 0 0 0 0 0 0 0 0 0 0 0 0 0 0 0 0 0 1
 7 7 7 9 9 14 9 9 5 5 4 1 1 2 2 2 2 2 1 0 0 0 0 0 0 0 0 0 0 0 0 0 0 0 0 0 0 0 0 0 0 0 0 1 1 5
 7 7 7 9 9 14 9 9 5 5 4 1 1 2 2 2 2 2 1 0 0 0 0 0 0 0 0 0 0 0 0 0 0 0 0 0 0 0 0 0 0 0 0 1 1 5
 13 13 12 22 22 19 15 15 6 6 5 3 3 2 2 2 3 3 1 0 0 0 0 0 0 0 0 1 1 1 0 0 0 0 0 0 0 0 0 0 0 0 0 1 1 5
 13 13 12 22 22 19 15 15 6 6 5 3 3 2 2 2 3 3 1 0 0 0 0 0 0 0 0 1 1 1 0 0 0 0 0 0 0 0 0 0 0 0 0 1 1 5
 13 13 14 22 22 22 20 20 11 11 4 3 3 4 4 4 2 2 2 0 0 0 0 0 0 0 1 1 1 1 1 1 0 0 0 0 0 1 0 0 0 0 0 0 0 1
 11 11 12 15 15 22 24 24 11 11 5 2 2 1 1 1 0 0 0 0 0 0 0 0 0 0 0 0 0 1 1 1 0 0 0 1 1 1 1 1 0 0 0 1 1 1
 11 11 12 15 15 22 24 24 11 11 5 2 2 1 1 1 0 0 0 0 0 0 0 0 0 0 0 0 0 1 1 1 0 0 0 1 1 1 1 1 0 0 0 1 1 1
 1 1 4 11 11 15 12 12 7 7 3 2 2 3 1 1 0 0 1 0 0 1 0 0 0 0 0 1 1 2 2 2 0 0 0 1 1 1 2 2 0 0 1 1 1 1
 2 2 4 9 9 12 6 6 6 6 5 2 2 2 1 1 1 1 0 1 1 1 0 0 1 1 2 2 2 5 5 5 7 7 8 6 6 3 1 1 1 1 1 2 2 2
 2 2 4 9 9 12 6 6 6 6 5 2 2 2 1 1 1 1 0 1 1 1 0 0 1 1 2 2 2 5 5 5 7 7 8 6 6 3 1 1 1 1 1 2 2 2
 2 2 2 4 4 6 9 9 9 9 2 8 8 5 5 5 1 1 0 0 0 1 0 0 3 3 3 3 3 8 11 11 12 12 9 7 7 6 4 4 1 1 3 7 7 9
 2 2 2 4 4 6 9 9 9 9 2 8 8 5 5 5 1 1 0 0 0 1 0 0 3 3 3 3 3 8 11 11 12 12 9 7 7 6 4 4 1 1 3 7 7 9
 3 3 3 3 3 3 11 11 13 13 12 15 15 10 8 8 2 2 2 1 1 0 0 0 2 2 5 12 12 18 22 22 18 18 16 7 7 6 4 4 2 2 4 7 7 11
 15 15 14 13 13 14 12 12 13 13 21 16 16 15 11 11 2 2 3 2 2 1 1 1 1 1 7 11 11 17 17 17 13 13 5 5 5 2 2 2 3 3 6 7 7 7
 15 15 14 13 13 14 12 12 13 13 21 16 16 15 11 11 2 2 3 2 2 1 1 1 1 1 7 11 11 17 17 17 13 13 5 5 5 2 2 2 3 3 6 7 7 7
 16 16 15 118 118 80 85 85 21 21 16 17 17 14 14 14 8 8 5 2 2 1 1 1 1 1 4 14 14 14 9 9 8 8 4 8 8 2 2 2 4 4 7 6 6 7
 36 36 33 120 120 80 79 79 22 22 18 27 27 19 15 15 15 15 5 3 3 6 4 4 3 3 6 11 11 17 14 14 14 14 10 9 9 2 2 2 5 5 9 8 8 5
 36 36 33 120 120 80 79 79 22 22 18 27 27 19 15 15 15 15 5 3 3 6 4 4 3 3 6 11 11 17 14 14 14 14 10 9 9 2 2 2 5 5 9 8 8 5
 6 6 74 187 187 106 104 104 18 18 17 19 19 28 29 29 17 17 4 7 7 8 6 6 12 12 9 10 10 17 16 16 14 14 8 9 9 6 6 6 10 10 13 10 10 8
 6 6 74 187 187 106 104 104 18 18 17 19 19 28 29 29 17 17 4 7 7 8 6 6 12 12 9 10 10 17 16 16 14 14 8 9 9 6 6 6 10 10 13 10 10 8
 7 7 75 200 200 120 138 138 122 122 120 89 89 26 27 27 20 20 14 14 14 14 12 12 10 10 9 15 15 23 13 13 12 12 11 10 10 6 7 7 9 9 9 17 17 14
 8 8 10 126 126 124 145 145 124 124 30 21 21 22 21 21 21 21 12 12 12 13 14 14 16 16 22 17 17 20 13 13 17 17 24 20 20 21 16 16 13 13 20 23 23 28
 8 8 10 126 126 124 145 145 124 124 30 21 21 22 21 21 21 21 12 12 12 13 14 14 16 16 22 17 17 20 13 13 17 17 24 20 20 21 16 16 13 13 20 23 23 28
 15 15 17 18 18 20 32 32 22 22 30 21 21 5 17 17 16 16 15 9 9 12 13 13 17 17 24 26 26 18 17 17 22 22 27 21 21 14 8 8 14 14 19 27 27 33
 16 16 15 18 18 20 32 32 17 17 12 12 12 12 20 20 21 21 18 12 12 21 21 21 21 21 25 24 24 19 20 20 27 27 29 17 17 13 6 6 16 16 17 26 26 28
 16 16 15 18 18 20 32 32 17 17 12 12 12 12 20 20 21 21 18 12 12 21 21 21 21 21 25 24 24 19 20 20 27 27 29 17 17 13 6 6 16 16 17 26 26 28
 16 16 24 17 17 16 16 16 17 17 12 13 13 14 13 13 17 17 14 15 15 19 24 24 23 23 22 23 23 22 18 18 27 27 28 27 27 11 12 12 20 20 25 31 31 33
 16 16 24 17 17 16 16 16 17 17 12 13 13 14 13 13 17 17 14 15 15 19 24 24 23 23 22 23 23 22 18 18 27 27 28 27 27 11 12 12 20 20 25 31 31 33
 23 23 27 17 17 20 20 20 18 18 12 12 12 16 14 14 19 19 20 20 20 19 20 20 25 25 19 20 20 25 26 26 27 27 26 25 25 11 21 21 25 25 31 35 35 35
 41 41 43 23 23 15 15 15 13 13 11 8 8 14 15 15 15 15 22 20 20 14 21 21 19 19 24 19 19 25 22 22 19 19 19 17 17 15 25 25 23 23 36 32 32 32
 41 41 43 23 23 15 15 15 13 13 11 8 8 14 15 15 15 15 22 20 20 14 21 21 19 19 24 19 19 25 22 22 19 19 19 17 17 15 25 25 23 23 36 32 32 32
 36 36 41 29 29 20 20 20 11 11 13 10 10 17 16 16 19 19 25 23 23 18 25 25 21 21 14 11 11 13 19 19 27 27 22 20 20 28 36 36 25 25 26 26 26 29
 31 31 18 32 32 21 20 20 23 23 21 22 22 22 22 22 23 23 30 31 31 25 19 19 20 20 22 18 18 16 20 20 21 21 23 31 31 34 34 34 21 21 22 29 29 22
 31 31 18 32 32 21 20 20 23 23 21 22 22 22 22 22 23 23 30 31 31 25 19 19 20 20 22 18 18 16 20 20 21 21 23 31 31 34 34 34 21 21 22 29 29 22
 22 22 13 13 13 17 21 21 22 22 20 21 21 23 24 24 30 30 54 36 36 30 23 23 22 22 25 19 19 13 15 15 17 17 26 21 21 19 19 19 14 14 22 25 25 25
 22 22 13 13 13 17 21 21 22 22 20 21 21 23 24 24 30 30 54 36 36 30 23 23 22 22 25 19 19 13 15 15 17 17 26 21 21 19 19 19 14 14 22 25 25 25
 21 21 13 14 14 15 8 8 8 8 8 21 21 24 25 25 29 29 55 50 50 70 29 29 28 28 26 38 38 16 12 12 14 14 17 21 21 18 15 15 15 15 26 29 29 31
 17 17 18 13 13 21 12 12 11 11 10 8 8 18 22 22 36 36 98 104 104 108 49 49 26 26 29 30 30 13 11 11 8 8 9 11 11 13 11 11 13 13 22 44 44 46
 17 17 18 13 13 21 12 12 11 11 10 8 8 18 22 22 36 36 98 104 104 108 49 49 26 26 29 30 30 13 11 11 8 8 9 11 11 13 11 11 13 13 22 44 44 46
 19 19 19 13 13 27 16 16 11 11 10 14 14 29 46 46 56 56 59 107 107 68 40 40 31 31 22 24 24 13 11 11 8 8 6 11 11 16 16 16 18 18 52 59 59 57
 21 21 16 17 17 20 17 17 18 18 19 23 23 37 50 50 36 36 47 21 21 37 35 35 31 31 24 21 21 12 11 11 8 8 10 13 13 17 15 15 18 18 30 35 35 27
 21 21 16 17 17 20 17 17 18 18 19 23 23 37 50 50 36 36 47 21 21 37 35 35 31 31 24 21 21 12 11 11 8 8 10 13 13 17 15 15 18 18 30 35 35 27
 11 11 15 16 16 24 27 27 27 27 39 83 83 79 32 32 25 25 23 24 24 41 28 28 22 22 19 17 17 14 14 14 8 8 18 22 22 18 21 21 25 25 26 22 22 23
 11 11 15 16 16 24 27 27 27 27 39 83 83 79 32 32 25 25 23 24 24 41 28 28 22 22 19 17 17 14 14 14 8 8 18 22 22 18 21 21 25 25 26 22 22 23
 11 11 10 17 17 18 23 23 34 34 68 98 98 54 34 34 25 25 31 36 36 41 41 41 25 25 22 19 19 19 19 19 15 15 19 20 20 33 17 17 20 20 18 18 18 17
 8 8 9 19 19 19 31 31 31 31 40 47 47 57 38 38 35 35 31 36 36 44 50 50 30 30 25 22 22 19 21 21 18 18 31 34 34 35 21 21 22 22 21 29 29 24
 8 8 9 19 19 19 31 31 31 31 40 47 47 57 38 38 35 35 31 36 36 44 50 50 30 30 25 22 22 19 21 21 18 18 31 34 34 35 21 21 22 22 21 29 29 24
 10 10 10 20 20 18 20 20 39 39 45 69 69 82 87 87 43 43 33 33 33 37 39 39 44 44 31 26 26 28 22 22 21 21 32 17 17 28 26 26 26 26 24 36 36 30
 30 30 31 37 37 34 21 21 44 44 49 66 66 79 89 89 55 55 35 22 22 25 31 31 34 34 33 29 29 26 20 20 16 16 18 19 19 31 25 25 25 25 20 38 38 35
 30 30 31 37 37 34 21 21 44 44 49 66 66 79 89 89 55 55 35 22 22 25 31 31 34 34 33 29 29 26 20 20 16 16 18 19 19 31 25 25 25 25 20 38 38 35
 33 33 26 28 28 38 38 38 59 59 43 63 63 78 85 85 33 33 18 15 15 24 29 29 33 33 37 36 36 25 24 24 16 16 14 13 13 18 22 22 24 24 21 39 39 37
 33 33 26 28 28 38 38 38 59 59 43 63 63 78 85 85 33 33 18 15 15 24 29 29 33 33 37 36 36 25 24 24 16 16 14 13 13 18 22 22 24 24 21 39 39 37
 40 40 40 31 31 41 39 39 69 69 44 63 63 78 67 67 52 52 16 16 16 21 24 24 28 28 37 36 36 27 30 30 24 24 25 21 21 30 33 33 27 27 40 38 38 43
 42 42 57 44 44 55 53 53 49 49 55 60 60 67 68 68 52 52 17 16 16 20 22 22 41 41 37 30 30 32 34 34 26 26 38 27 27 38 35 35 33 33 41 40 40 54
 42 42 57 44 44 55 53 53 49 49 55 60 60 67 68 68 52 52 17 16 16 20 22 22 41 41 37 30 30 32 34 34 26 26 38 27 27 38 35 35 33 33 41 40 40 54
 43 43 58 45 45 60 46 46 41 41 24 61 61 59 69 69 20 20 19 18 18 24 27 27 35 35 47 43 43 40 34 34 31 31 44 42 42 48 45 45 48 48 46 41 41 55
 38 38 44 45 45 43 44 44 40 40 24 51 51 56 43 43 51 51 24 26 26 30 38 38 45 45 47 44 44 40 41 41 55 55 66 72 72 67 58 58 53 53 47 46 46 53
 38 38 44 45 45 43 44 44 40 40 24 51 51 56 43 43 51 51 24 26 26 30 38 38 45 45 47 44 44 40 41 41 55 55 66 72 72 67 58 58 53 53 47 46 46 53
 30 30 43 43 43 41 65 65 58 58 42 54 54 50 52 52 48 48 18 22 22 28 33 33 37 37 39 32 32 43 42 42 51 51 66 86 86 82 65 65 57 57 48 44 44 44
 30 30 43 43 43 41 65 65 58 58 42 54 54 50 52 52 48 48 18 22 22 28 33 33 37 37 39 32 32 43 42 42 51 51 66 86 86 82 65 65 57 57 48 44 44 44
 30 30 25 36 36 31 63 63 60 60 56 43 43 52 36 36 36 36 24 18 18 23 25 25 30 30 30 26 26 35 31 31 32 32 33 69 69 72 68 68 57 57 46 45 45 40
 34 34 27 41 41 34 64 64 64 64 65 42 42 29 25 25 24 24 18 17 17 18 19 19 18 18 23 32 32 37 34 34 36 36 35 55 55 69 68 68 53 53 44 47 47 42
 34 34 27 41 41 34 64 64 64 64 65 42 42 29 25 25 24 24 18 17 17 18 19 19 18 18 23 32 32 37 34 34 36 36 35 55 55 69 68 68 53 53 44 47 47 42
 46 46 57 135 135 124 106 106 45 45 51 31 31 30 27 27 22 22 18 22 22 17 17 17 21 21 24 27 27 28 35 35 37 37 37 49 49 48 53 53 52 52 51 39 39 37
 43 43 59 131 131 124 59 59 73 73 34 21 21 29 31 31 26 26 35 22 22 21 22 22 21 21 23 47 47 56 31 31 39 39 29 49 49 48 60 60 77 77 80 54 54 36
 43 43 59 131 131 124 59 59 73 73 34 21 21 29 31 31 26 26 35 22 22 21 22 22 21 21 23 47 47 56 31 31 39 39 29 49 49 48 60 60 77 77 80 54 54 36
 76 76 121 117 117 125 59 59 61 61 37 31 31 21 23 23 40 40 42 27 27 24 28 28 53 53 49 52 52 68 33 33 37 37 37 38 38 36 56 56 82 82 85 58 58 46
 76 76 121 117 117 125 59 59 61 61 37 31 31 21 23 23 40 40 42 27 27 24 28 28 53 53 49 52 52 68 33 33 37 37 37 38 38 36 56 56 82 82 85 58 58 46
 83 83 123 118 118 41 28 28 26 26 30 25 25 28 18 18 22 22 31 28 28 27 36 36 57 57 30 31 31 35 31 31 44 44 37 35 35 37 54 54 50 50 54 67 67 56
 58 58 41 38 38 28 28 28 14 14 22 14 14 13 21 21 23 23 31 35 35 38 39 39 37 37 35 34 34 41 32 32 39 39 32 37 37 42 45 45 47 47 70 90 90 95
 58 58 41 38 38 28 28 28 14 14 22 14 14 13 21 21 23 23 31 35 35 38 39 39 37 37 35 34 34 41 32 32 39 39 32 37 37 42 45 45 47 47 70 90 90 95
 59 59 34 23 23 18 17 17 14 14 12 12 12 18 22 22 25 25 28 33 33 42 42 42 36 36 35 34 34 33 34 34 40 40 51 49 49 52 51 51 52 52 64 96 96 90
 45 45 28 23 23 32 29 29 18 18 18 16 16 18 21 21 20 20 34 40 40 39 39 39 36 36 33 43 43 53 58 58 64 64 55 49 49 54 51 51 58 58 79 99 99 141
