assets/RAT_results_old/precipitation/2020-09-19_IMERG.asc
ncols        46
nrows        77
xllcorner    74.800261325624
yllcorner    8.058333333333
cellsize     0.062500000000
NODATA_value -9999
 158 158 154 169 169 167 149 149 104 104 55 41 41 34 23 23 8 8 6 9 9 11 12 12 10 10 5 3 3 4 2 2 2 2 1 1 1 1 1 1 1 1 1 1 1 1
 127 127 149 152 152 143 150 150 104 104 105 72 72 32 25 25 8 8 8 8 8 4 7 7 6 6 3 1 1 2 3 3 2 2 1 1 1 2 1 1 1 1 1 0 0 0
 127 127 149 152 152 143 150 150 104 104 105 72 72 32 25 25 8 8 8 8 8 4 7 7 6 6 3 1 1 2 3 3 2 2 1 1 1 2 1 1 1 1 1 0 0 0
 126 126 135 136 136 134 150 150 127 127 120 93 93 45 30 30 9 9 13 10 10 5 2 2 2 2 1 1 1 1 2 2 0 0 0 0 0 1 0 0 0 0 1 1 1 1
 129 129 114 119 119 121 121 121 132 132 116 111 111 65 42 42 17 17 15 12 12 7 3 3 2 2 2 1 1 1 2 2 1 1 0 0 0 0 0 0 0 0 1 1 1 1
 129 129 114 119 119 121 121 121 132 132 116 111 111 65 42 42 17 17 15 12 12 7 3 3 2 2 2 1 1 1 2 2 1 1 0 0 0 0 0 0 0 0 1 1 1 1
 109 109 128 107 107 111 123 123 115 115 106 85 85 64 35 35 24 24 19 17 17 10 3 3 2 2 4 3 3 6 4 4 1 1 1 1 1 0 1 1 1 1 1 1 1 1
 109 109 128 107 107 111 123 123 115 115 106 85 85 64 35 35 24 24 19 17 17 10 3 3 2 2 4 3 3 6 4 4 1 1 1 1 1 0 1 1 1 1 1 1 1 1
 114 114 129 108 108 97 116 116 99 99 89 79 79 55 30 30 29 29 24 15 15 8 5 5 3 3 3 4 4 2 1 1 1 1 1 1 1 1 1 1 1 1 3 1 1 1
 77 77 109 104 104 90 90 90 85 85 92 67 67 59 44 44 33 33 29 23 23 18 9 9 4 4 3 2 2 1 1 1 1 1 1 1 1 1 1 1 1 1 1 1 1 1
 77 77 109 104 104 90 90 90 85 85 92 67 67 59 44 44 33 33 29 23 23 18 9 9 4 4 3 2 2 1 1 1 1 1 1 1 1 1 1 1 1 1 1 1 1 1
 64 64 78 75 75 76 78 78 84 84 85 55 55 53 40 40 54 54 50 43 43 20 10 10 4 4 4 1 1 0 1 1 1 1 1 2 2 1 1 1 1 1 2 2 2 1
 55 55 55 44 44 57 60 60 75 75 71 52 52 56 54 54 60 60 60 39 39 35 23 23 10 10 4 2 2 2 2 2 1 1 1 1 1 1 1 1 2 2 1 1 1 1
 55 55 55 44 44 57 60 60 75 75 71 52 52 56 54 54 60 60 60 39 39 35 23 23 10 10 4 2 2 2 2 2 1 1 1 1 1 1 1 1 2 2 1 1 1 1
 30 30 32 37 37 46 40 40 40 40 61 45 45 67 67 67 65 65 58 41 41 37 21 21 11 11 4 4 4 3 2 2 1 1 1 1 1 1 2 2 2 2 2 1 1 1
 30 30 32 37 37 46 40 40 40 40 61 45 45 67 67 67 65 65 58 41 41 37 21 21 11 11 4 4 4 3 2 2 1 1 1 1 1 1 2 2 2 2 2 1 1 1
 31 31 30 29 29 50 39 39 40 40 45 54 54 57 50 50 49 49 54 54 54 33 24 24 21 21 7 5 5 3 2 2 1 1 2 2 2 1 2 2 3 3 2 2 2 1
 33 33 25 35 35 50 58 58 68 68 47 43 43 44 54 54 59 59 59 50 50 41 25 25 18 18 10 5 5 3 3 3 3 3 2 2 2 2 2 2 4 4 2 1 1 1
 33 33 25 35 35 50 58 58 68 68 47 43 43 44 54 54 59 59 59 50 50 41 25 25 18 18 10 5 5 3 3 3 3 3 2 2 2 2 2 2 4 4 2 1 1 1
 31 31 42 48 48 57 65 65 65 65 63 50 50 43 43 43 50 50 51 58 58 46 33 33 21 21 10 4 4 3 4 4 4 4 1 2 2 3 2 2 3 3 2 2 2 3
 50 50 55 48 48 57 56 56 55 55 62 49 49 44 63 63 70 70 66 58 58 55 36 36 14 14 12 7 7 6 6 6 4 4 1 2 2 2 3 3 2 2 1 1 1 1
 50 50 55 48 48 57 56 56 55 55 62 49 49 44 63 63 70 70 66 58 58 55 36 36 14 14 12 7 7 6 6 6 4 4 1 2 2 2 3 3 2 2 1 1 1 1
 61 61 62 54 54 55 46 46 56 56 64 82 82 55 58 58 75 75 77 50 50 48 48 48 23 23 19 10 10 9 9 9 9 9 8 8 8 4 2 2 2 2 1 2 2 1
 61 61 62 54 54 55 46 46 56 56 64 82 82 55 58 58 75 75 77 50 50 48 48 48 23 23 19 10 10 9 9 9 9 9 8 8 8 4 2 2 2 2 1 2 2 1
 63 63 63 49 49 44 41 41 48 48 64 91 91 67 67 67 79 79 71 58 58 55 45 45 35 35 21 13 13 12 12 12 11 11 9 7 7 3 2 2 2 2 1 2 2 2
 69 69 58 43 43 41 39 39 52 52 68 83 83 68 64 64 68 68 71 62 62 48 37 37 27 27 22 20 20 14 10 10 9 9 9 6 6 3 2 2 1 1 2 2 2 2
 69 69 58 43 43 41 39 39 52 52 68 83 83 68 64 64 68 68 71 62 62 48 37 37 27 27 22 20 20 14 10 10 9 9 9 6 6 3 2 2 1 1 2 2 2 2
 66 66 57 38 38 40 42 42 38 38 52 50 50 49 59 59 58 58 72 68 68 46 44 44 29 29 21 21 21 16 16 16 11 11 10 7 7 3 2 2 2 2 2 2 2 2
 47 47 45 37 37 39 44 44 40 40 43 41 41 49 50 50 53 53 60 59 59 39 36 36 31 31 20 16 16 17 16 16 13 13 13 9 9 7 4 4 5 5 5 3 3 3
 47 47 45 37 37 39 44 44 40 40 43 41 41 49 50 50 53 53 60 59 59 39 36 36 31 31 20 16 16 17 16 16 13 13 13 9 9 7 4 4 5 5 5 3 3 3
 35 35 35 33 33 34 40 40 40 40 37 36 36 51 43 43 48 48 48 40 40 41 29 29 17 17 16 13 13 12 13 13 13 13 15 11 11 8 6 6 5 5 6 6 6 4
 35 35 35 33 33 34 40 40 40 40 37 36 36 51 43 43 48 48 48 40 40 41 29 29 17 17 16 13 13 12 13 13 13 13 15 11 11 8 6 6 5 5 6 6 6 4
 25 25 26 30 30 36 39 39 43 43 34 34 34 28 40 40 37 37 37 40 40 37 26 26 21 21 19 15 15 12 12 12 14 14 14 11 11 12 15 15 7 7 7 5 5 4
 19 19 22 29 29 37 51 51 61 61 35 38 38 23 32 32 34 34 37 38 38 36 28 28 31 31 26 16 16 11 13 13 12 12 12 12 12 12 12 12 10 10 9 9 9 4
 19 19 22 29 29 37 51 51 61 61 35 38 38 23 32 32 34 34 37 38 38 36 28 28 31 31 26 16 16 11 13 13 12 12 12 12 12 12 12 12 10 10 9 9 9 4
 19 19 22 26 26 46 58 58 72 72 38 31 31 23 25 25 31 31 36 31 31 39 35 35 36 36 32 20 20 13 11 11 11 11 11 7 7 6 11 11 9 9 7 6 6 4
 26 26 24 33 33 34 60 60 61 61 38 39 39 39 39 39 36 36 29 25 25 33 38 38 29 29 24 20 20 17 14 14 10 10 9 6 6 5 6 6 6 6 8 7 7 5
 26 26 24 33 33 34 60 60 61 61 38 39 39 39 39 39 36 36 29 25 25 33 38 38 29 29 24 20 20 17 14 14 10 10 9 6 6 5 6 6 6 6 8 7 7 5
 41 41 29 38 38 51 70 70 84 84 58 46 46 38 38 38 36 36 27 30 30 33 42 42 30 30 21 22 22 23 19 19 14 14 13 8 8 12 11 11 7 7 7 10 10 7
 41 41 29 38 38 51 70 70 84 84 58 46 46 38 38 38 36 36 27 30 30 33 42 42 30 30 21 22 22 23 19 19 14 14 13 8 8 12 11 11 7 7 7 10 10 7
 46 46 48 48 48 51 67 67 76 76 59 45 45 18 15 15 20 20 27 33 33 30 30 30 23 23 16 19 19 20 19 19 15 15 12 10 10 12 11 11 10 10 12 13 13 12
 43 43 38 51 51 59 56 56 33 33 23 17 17 13 14 14 21 21 29 27 27 28 26 26 18 18 18 27 27 20 20 20 19 19 18 15 15 18 10 10 13 13 15 19 19 21
 43 43 38 51 51 59 56 56 33 33 23 17 17 13 14 14 21 21 29 27 27 28 26 26 18 18 18 27 27 20 20 20 19 19 18 15 15 18 10 10 13 13 15 19 19 21
 36 36 34 44 44 40 30 30 28 28 22 19 19 14 15 15 24 24 36 26 26 29 25 25 22 22 28 27 27 30 43 43 40 40 26 18 18 19 18 18 19 19 16 21 21 18
 45 45 44 29 29 31 23 23 24 24 23 21 21 20 22 22 35 35 42 44 44 26 27 27 30 30 28 31 31 34 48 48 43 43 39 26 26 22 17 17 16 16 17 18 18 16
 45 45 44 29 29 31 23 23 24 24 23 21 21 20 22 22 35 35 42 44 44 26 27 27 30 30 28 31 31 34 48 48 43 43 39 26 26 22 17 17 16 16 17 18 18 16
 45 45 44 22 22 21 23 23 23 23 24 21 21 26 32 32 39 39 39 37 37 23 23 23 26 26 28 31 31 33 36 36 37 37 34 22 22 22 14 14 16 16 20 22 22 14
 45 45 44 22 22 21 23 23 23 23 24 21 21 26 32 32 39 39 39 37 37 23 23 23 26 26 28 31 31 33 36 36 37 37 34 22 22 22 14 14 16 16 20 22 22 14
 29 29 28 27 27 28 25 25 24 24 30 24 24 30 34 34 46 46 48 20 20 23 25 25 26 26 28 26 26 29 33 33 41 41 37 24 24 16 13 13 18 18 22 21 21 16
 24 24 27 25 25 25 22 22 27 27 25 26 26 36 34 34 41 41 48 22 22 25 25 25 25 25 28 26 26 31 34 34 36 36 40 26 26 20 16 16 17 17 23 23 23 17
 24 24 27 25 25 25 22 22 27 27 25 26 26 36 34 34 41 41 48 22 22 25 25 25 25 25 28 26 26 31 34 34 36 36 40 26 26 20 16 16 17 17 23 23 23 17
 21 21 26 24 24 25 20 20 26 26 28 28 28 46 55 55 50 50 46 31 31 21 24 24 28 28 22 30 30 32 37 37 42 42 38 36 36 20 23 23 18 18 21 23 23 22
 25 25 32 25 25 25 18 18 24 24 34 32 32 49 67 67 70 70 42 25 25 17 20 20 29 29 29 29 29 32 36 36 30 30 34 33 33 28 27 27 20 20 26 31 31 28
 25 25 32 25 25 25 18 18 24 24 34 32 32 49 67 67 70 70 42 25 25 17 20 20 29 29 29 29 29 32 36 36 30 30 34 33 33 28 27 27 20 20 26 31 31 28
 23 23 28 22 22 23 17 17 28 28 36 31 31 31 43 43 51 51 33 22 22 15 20 20 35 35 34 31 31 36 37 37 33 33 41 32 32 24 26 26 23 23 27 34 34 27
 23 23 28 22 22 23 17 17 28 28 36 31 31 31 43 43 51 51 33 22 22 15 20 20 35 35 34 31 31 36 37 37 33 33 41 32 32 24 26 26 23 23 27 34 34 27
 13 13 16 16 16 18 17 17 23 23 33 35 35 24 19 19 17 17 17 24 24 23 24 24 29 29 33 36 36 38 42 42 30 30 29 28 28 29 22 22 26 26 30 39 39 29
 9 9 8 10 10 8 14 14 14 14 18 20 20 16 17 17 18 18 21 22 22 36 28 28 35 35 33 38 38 37 43 43 38 38 41 31 31 36 34 34 37 37 33 32 32 28
 9 9 8 10 10 8 14 14 14 14 18 20 20 16 17 17 18 18 21 22 22 36 28 28 35 35 33 38 38 37 43 43 38 38 41 31 31 36 34 34 37 37 33 32 32 28
 6 6 7 9 9 9 9 9 18 18 22 28 28 24 15 15 21 21 24 28 28 42 40 40 30 30 33 38 38 40 40 40 39 39 46 35 35 34 37 37 40 40 36 30 30 23
 5 5 6 5 5 6 9 9 20 20 12 14 14 13 15 15 20 20 29 43 43 42 32 32 47 47 34 34 34 36 36 36 41 41 43 31 31 32 25 25 30 30 24 28 28 20
 5 5 6 5 5 6 9 9 20 20 12 14 14 13 15 15 20 20 29 43 43 42 32 32 47 47 34 34 34 36 36 36 41 41 43 31 31 32 25 25 30 30 24 28 28 20
 4 4 3 3 3 7 9 9 10 10 13 13 13 13 13 13 21 21 21 24 24 33 34 34 20 20 32 30 30 34 36 36 35 35 45 28 28 34 24 24 28 28 25 27 27 21
 4 4 3 3 3 7 9 9 10 10 13 13 13 13 13 13 21 21 21 24 24 33 34 34 20 20 32 30 30 34 36 36 35 35 45 28 28 34 24 24 28 28 25 27 27 21
 3 3 3 6 6 9 12 12 19 19 15 11 11 12 22 22 18 18 16 15 15 19 19 19 20 20 31 31 31 37 36 36 50 50 44 37 37 17 21 21 24 24 27 28 28 16
 3 3 4 6 6 11 12 12 21 21 13 7 7 9 15 15 13 13 11 11 11 14 12 12 15 15 20 30 30 29 29 29 25 25 28 20 20 20 26 26 27 27 28 27 27 17
 3 3 4 6 6 11 12 12 21 21 13 7 7 9 15 15 13 13 11 11 11 14 12 12 15 15 20 30 30 29 29 29 25 25 28 20 20 20 26 26 27 27 28 27 27 17
 7 7 7 8 8 12 13 13 12 12 9 6 6 6 8 8 6 6 6 7 7 10 7 7 14 14 17 22 22 24 23 23 18 18 25 16 16 19 27 27 29 29 30 23 23 12
 6 6 6 7 7 8 9 9 8 8 6 4 4 4 4 4 3 3 5 6 6 8 10 10 12 12 13 16 16 18 19 19 20 20 18 19 19 16 18 18 21 21 21 18 18 15
 6 6 6 7 7 8 9 9 8 8 6 4 4 4 4 4 3 3 5 6 6 8 10 10 12 12 13 16 16 18 19 19 20 20 18 19 19 16 18 18 21 21 21 18 18 15
 3 3 3 4 4 4 4 4 4 4 5 3 3 4 3 3 3 3 5 5 5 2 8 8 10 10 29 16 16 20 15 15 15 15 18 17 17 9 15 15 14 14 16 18 18 23
 3 3 3 4 4 4 4 4 4 4 5 3 3 4 3 3 3 3 5 5 5 2 8 8 10 10 29 16 16 20 15 15 15 15 18 17 17 9 15 15 14 14 16 18 18 23
 2 2 2 2 2 3 3 3 3 3 3 3 3 3 3 3 3 3 3 4 4 3 8 8 11 11 22 19 19 14 16 16 17 17 15 13 13 10 10 10 6 6 8 12 12 16
 1 1 1 2 2 2 2 2 2 2 2 2 2 3 3 3 3 3 3 4 4 3 8 8 11 11 7 17 17 11 10 10 13 13 12 10 10 10 8 8 7 7 8 9 9 11
 1 1 1 2 2 2 2 2 2 2 2 2 2 3 3 3 3 3 3 4 4 3 8 8 11 11 7 17 17 11 10 10 13 13 12 10 10 10 8 8 7 7 8 9 9 11
 1 1 1 2 2 2 2 2 2 2 2 2 2 3 3 3 3 3 4 3 3 3 8 8 9 9 8 12 12 9 8 8 11 11 7 11 11 11 11 11 8 8 9 13 13 9
 1 1 1 1 1 2 2 2 2 2 2 3 3 2 2 2 3 3 4 3 3 4 3 3 7 7 4 5 5 2 4 4 5 5 5 10 10 12 11 11 9 9 12 9 9 10
