assets/RAT_results_old/precipitation/2020-05-10_IMERG.asc
ncols        46
nrows        77
xllcorner    74.800261325624
yllcorner    8.058333333333
cellsize     0.062500000000
NODATA_value -9999
 0 0 0 1 1 3 6 6 5 5 4 3 3 3 4 4 3 3 3 3 3 2 1 1 1 1 1 0 0 0 0 0 0 0 0 0 0 0 0 0 0 0 0 0 0 0
 0 0 1 2 2 3 7 7 6 6 4 3 3 3 3 3 3 3 6 11 11 1 1 1 1 1 1 0 0 0 0 0 0 0 0 0 0 0 0 0 0 0 0 0 0 0
 0 0 1 2 2 3 7 7 6 6 4 3 3 3 3 3 3 3 6 11 11 1 1 1 1 1 1 0 0 0 0 0 0 0 0 0 0 0 0 0 0 0 0 0 0 0
 0 0 0 2 2 3 5 5 4 4 3 3 3 2 2 2 2 2 1 1 1 1 1 1 1 1 0 0 0 0 0 0 0 0 0 0 0 0 0 0 0 0 0 0 0 0
 0 0 0 1 1 1 3 3 4 4 4 4 4 4 3 3 2 2 2 2 2 1 1 1 1 1 0 0 0 0 0 0 0 0 0 0 0 0 0 0 0 0 0 0 0 0
 0 0 0 1 1 1 3 3 4 4 4 4 4 4 3 3 2 2 2 2 2 1 1 1 1 1 0 0 0 0 0 0 0 0 0 0 0 0 0 0 0 0 0 0 0 0
 0 0 0 0 0 1 3 3 6 6 6 5 5 6 4 4 3 3 4 3 3 2 1 1 1 1 0 0 0 0 0 0 0 0 0 0 0 0 0 0 0 0 0 0 0 0
 0 0 0 0 0 1 3 3 6 6 6 5 5 6 4 4 3 3 4 3 3 2 1 1 1 1 0 0 0 0 0 0 0 0 0 0 0 0 0 0 0 0 0 0 0 0
 0 0 0 0 0 0 2 2 6 6 7 7 7 8 5 5 4 4 5 3 3 2 1 1 1 1 0 0 0 0 0 0 0 0 0 0 0 0 0 0 0 0 0 0 0 0
 0 0 0 0 0 1 1 1 3 3 6 5 5 5 5 5 4 4 4 3 3 2 1 1 1 1 0 0 0 0 0 0 0 0 0 0 0 0 0 0 0 0 0 0 0 0
 0 0 0 0 0 1 1 1 3 3 6 5 5 5 5 5 4 4 4 3 3 2 1 1 1 1 0 0 0 0 0 0 0 0 0 0 0 0 0 0 0 0 0 0 0 0
 0 0 0 0 0 0 0 0 2 2 4 4 4 3 4 4 3 3 3 2 2 2 1 1 1 1 0 0 0 0 0 0 0 0 0 0 0 0 0 0 0 0 0 0 0 0
 0 0 0 0 0 0 1 1 1 1 3 3 3 3 3 3 2 2 2 2 2 1 1 1 0 0 0 0 0 0 0 0 0 0 0 0 0 0 0 0 0 0 0 0 0 0
 0 0 0 0 0 0 1 1 1 1 3 3 3 3 3 3 2 2 2 2 2 1 1 1 0 0 0 0 0 0 0 0 0 0 0 0 0 0 0 0 0 0 0 0 0 0
 0 0 0 0 0 0 1 1 1 1 1 2 2 2 2 2 1 1 1 1 1 0 0 0 0 0 0 0 0 0 0 0 0 0 0 0 0 0 0 0 0 0 0 0 0 0
 0 0 0 0 0 0 1 1 1 1 1 2 2 2 2 2 1 1 1 1 1 0 0 0 0 0 0 0 0 0 0 0 0 0 0 0 0 0 0 0 0 0 0 0 0 0
 0 0 0 1 1 0 0 0 1 1 0 0 0 1 1 1 0 0 0 0 0 0 0 0 0 0 0 0 0 0 0 0 0 0 0 0 0 0 0 0 0 0 0 0 0 0
 0 0 0 0 0 0 0 0 0 0 0 0 0 0 0 0 0 0 0 0 0 0 0 0 0 0 0 0 0 0 0 0 0 0 0 0 0 0 0 0 0 0 0 0 0 0
 0 0 0 0 0 0 0 0 0 0 0 0 0 0 0 0 0 0 0 0 0 0 0 0 0 0 0 0 0 0 0 0 0 0 0 0 0 0 0 0 0 0 0 0 0 0
 1 1 0 0 0 0 0 0 0 0 0 0 0 0 0 0 0 0 0 0 0 0 0 0 0 0 0 0 0 0 0 0 0 0 0 0 0 0 0 0 0 0 0 0 0 0
 1 1 1 0 0 0 0 0 0 0 0 0 0 1 0 0 0 0 0 0 0 0 0 0 0 0 0 0 0 0 0 0 0 0 0 0 0 0 0 0 0 0 0 0 0 0
 1 1 1 0 0 0 0 0 0 0 0 0 0 1 0 0 0 0 0 0 0 0 0 0 0 0 0 0 0 0 0 0 0 0 0 0 0 0 0 0 0 0 0 0 0 0
 2 2 0 0 0 1 0 0 1 1 0 0 0 1 1 1 0 0 0 0 0 0 0 0 0 0 0 0 0 0 0 0 0 0 0 0 0 1 0 0 0 0 0 0 0 0
 2 2 0 0 0 1 0 0 1 1 0 0 0 1 1 1 0 0 0 0 0 0 0 0 0 0 0 0 0 0 0 0 0 0 0 0 0 1 0 0 0 0 0 0 0 0
 1 1 0 0 0 1 1 1 0 0 0 0 0 1 1 1 0 0 0 0 0 0 0 0 0 0 0 0 0 0 0 0 0 0 0 1 1 1 0 0 0 0 0 0 0 0
 0 0 0 1 1 1 0 0 0 0 0 1 1 0 0 0 0 0 0 0 0 0 0 0 0 0 0 0 0 0 0 0 0 0 0 1 1 0 0 0 0 0 0 0 0 0
 0 0 0 1 1 1 0 0 0 0 0 1 1 0 0 0 0 0 0 0 0 0 0 0 0 0 0 0 0 0 0 0 0 0 0 1 1 0 0 0 0 0 0 0 0 0
 0 0 1 2 2 1 0 0 0 0 0 0 0 0 0 0 0 0 0 0 0 0 0 0 0 0 0 0 0 0 0 0 0 0 0 0 0 0 0 0 0 0 0 0 0 0
 0 0 1 2 2 1 0 0 0 0 0 0 0 0 0 0 0 0 0 0 0 0 0 0 0 0 0 0 0 0 0 0 0 0 0 0 0 0 0 0 0 0 0 0 0 0
 0 0 1 2 2 1 0 0 0 0 0 0 0 0 0 0 0 0 0 0 0 0 0 0 0 0 0 0 0 0 0 0 0 0 0 0 0 0 0 0 0 0 0 0 0 0
 0 0 1 2 2 1 0 0 0 0 0 0 0 0 0 0 0 0 0 0 0 0 0 0 0 0 0 0 0 0 0 0 0 0 0 0 0 0 0 0 0 0 0 0 0 0
 0 0 1 2 2 1 0 0 0 0 0 0 0 0 0 0 0 0 0 0 0 0 0 0 0 0 0 0 0 0 0 0 0 0 0 0 0 0 0 0 0 0 0 0 0 0
 0 0 0 1 1 0 0 0 0 0 0 1 1 0 0 0 1 1 1 0 0 0 1 1 0 0 0 0 0 0 0 0 0 0 0 0 0 0 0 0 0 0 0 0 0 0
 0 0 0 1 1 0 0 0 0 0 0 0 0 0 0 0 0 0 1 1 1 1 1 1 0 0 0 0 0 0 0 0 0 0 0 0 0 0 0 0 0 0 0 0 0 0
 0 0 0 1 1 0 0 0 0 0 0 0 0 0 0 0 0 0 1 1 1 1 1 1 0 0 0 0 0 0 0 0 0 0 0 0 0 0 0 0 0 0 0 0 0 0
 0 0 0 1 1 0 0 0 0 0 0 0 0 0 0 0 1 1 7 2 2 1 1 1 0 0 0 0 0 0 0 0 0 0 0 0 0 0 0 0 0 0 0 0 0 0
 0 0 0 0 0 0 1 1 1 1 0 0 0 0 1 1 2 2 13 6 6 1 1 1 0 0 1 0 0 0 0 0 0 0 0 0 0 0 0 0 0 0 0 0 0 0
 0 0 0 0 0 0 1 1 1 1 0 0 0 0 1 1 2 2 13 6 6 1 1 1 0 0 1 0 0 0 0 0 0 0 0 0 0 0 0 0 0 0 0 0 0 0
 0 0 0 1 1 1 1 1 1 1 0 0 0 0 2 2 13 13 10 8 8 4 2 2 1 1 0 0 0 2 0 0 0 0 0 0 0 1 0 0 0 0 0 0 0 0
 0 0 0 1 1 1 1 1 1 1 0 0 0 0 2 2 13 13 10 8 8 4 2 2 1 1 0 0 0 2 0 0 0 0 0 0 0 1 0 0 0 0 0 0 0 0
 0 0 1 3 3 4 2 2 1 1 2 0 0 0 5 5 13 13 10 6 6 1 1 1 1 1 0 3 3 2 8 8 1 1 0 1 1 1 3 3 0 0 1 1 1 0
 1 1 1 2 2 5 3 3 5 5 5 3 3 7 1 1 5 5 1 2 2 1 1 1 1 1 1 3 3 3 6 6 4 4 2 4 4 4 3 3 0 0 3 1 1 0
 1 1 1 2 2 5 3 3 5 5 5 3 3 7 1 1 5 5 1 2 2 1 1 1 1 1 1 3 3 3 6 6 4 4 2 4 4 4 3 3 0 0 3 1 1 0
 1 1 2 2 2 4 6 6 13 13 5 5 5 1 2 2 1 1 1 1 1 1 1 1 1 1 2 2 2 4 5 5 6 6 4 4 4 6 9 9 4 4 3 1 1 0
 2 2 4 6 6 7 6 6 17 17 18 10 10 11 3 3 4 4 4 2 2 2 9 9 6 6 9 5 5 11 19 19 19 19 16 6 6 5 9 9 21 21 4 0 0 0
 2 2 4 6 6 7 6 6 17 17 18 10 10 11 3 3 4 4 4 2 2 2 9 9 6 6 9 5 5 11 19 19 19 19 16 6 6 5 9 9 21 21 4 0 0 0
 6 6 8 7 7 8 9 9 21 21 19 14 14 14 20 20 9 9 9 4 4 4 299 299 309 309 314 13 13 15 24 24 21 21 20 11 11 26 22 22 22 22 4 0 0 0
 6 6 8 7 7 8 9 9 21 21 19 14 14 14 20 20 9 9 9 4 4 4 299 299 309 309 314 13 13 15 24 24 21 21 20 11 11 26 22 22 22 22 4 0 0 0
 8 8 10 9 9 9 10 10 18 18 35 20 20 24 22 22 22 22 23 32 32 31 303 303 313 313 315 24 24 30 26 26 63 63 17 12 12 27 1 1 1 1 1 0 0 0
 9 9 13 14 14 11 10 10 17 17 18 26 26 33 28 28 52 52 32 44 44 228 234 234 87 87 363 33 33 41 44 44 36 36 13 6 6 3 1 1 1 1 0 0 0 0
 9 9 13 14 14 11 10 10 17 17 18 26 26 33 28 28 52 52 32 44 44 228 234 234 87 87 363 33 33 41 44 44 36 36 13 6 6 3 1 1 1 1 0 0 0 0
 22 22 41 22 22 12 17 17 17 17 21 25 25 29 32 32 179 179 89 61 61 246 245 245 57 57 50 36 36 42 33 33 29 29 16 7 7 3 1 1 1 1 0 2 2 0
 44 44 129 53 53 18 16 16 20 20 27 24 24 23 32 32 72 72 32 29 29 34 30 30 60 60 50 35 35 25 22 22 21 21 13 5 5 3 1 1 1 1 1 0 0 0
 44 44 129 53 53 18 16 16 20 20 27 24 24 23 32 32 72 72 32 29 29 34 30 30 60 60 50 35 35 25 22 22 21 21 13 5 5 3 1 1 1 1 1 0 0 0
 134 134 173 184 184 18 18 18 22 22 24 21 21 23 26 26 26 26 25 19 19 16 12 12 27 27 29 25 25 12 7 7 7 7 9 5 5 5 3 3 3 3 2 1 1 0
 134 134 173 184 184 18 18 18 22 22 24 21 21 23 26 26 26 26 25 19 19 16 12 12 27 27 29 25 25 12 7 7 7 7 9 5 5 5 3 3 3 3 2 1 1 0
 155 155 184 60 60 38 31 31 37 37 36 29 29 26 26 26 22 22 18 15 15 13 12 12 24 24 88 87 87 23 19 19 8 8 10 9 9 5 5 5 5 5 1 0 0 0
 145 145 171 124 124 57 52 52 46 46 41 35 35 36 32 32 26 26 21 20 20 19 16 16 265 265 89 96 96 26 20 20 21 21 24 28 28 12 7 7 6 6 2 0 0 0
 145 145 171 124 124 57 52 52 46 46 41 35 35 36 32 32 26 26 21 20 20 19 16 16 265 265 89 96 96 26 20 20 21 21 24 28 28 12 7 7 6 6 2 0 0 0
 177 177 219 97 97 60 43 43 45 45 46 43 43 46 41 41 37 37 31 35 35 28 20 20 36 36 58 45 45 45 26 26 23 23 48 220 220 210 18 18 6 6 2 1 1 0
 39 39 205 161 161 46 39 39 32 32 39 45 45 46 54 54 57 57 54 44 44 37 40 40 37 37 96 45 45 304 53 53 33 33 59 40 40 36 17 17 9 9 4 2 2 1
 39 39 205 161 161 46 39 39 32 32 39 45 45 46 54 54 57 57 54 44 44 37 40 40 37 37 96 45 45 304 53 53 33 33 59 40 40 36 17 17 9 9 4 2 2 1
 186 186 220 42 42 35 30 30 33 33 42 44 44 47 55 55 63 63 58 45 45 38 30 30 30 30 324 299 299 304 60 60 54 54 42 71 71 31 22 22 11 11 4 3 3 2
 186 186 220 42 42 35 30 30 33 33 42 44 44 47 55 55 63 63 58 45 45 38 30 30 30 30 324 299 299 304 60 60 54 54 42 71 71 31 22 22 11 11 4 3 3 2
 237 237 208 166 166 35 28 28 39 39 52 57 57 55 67 67 66 66 60 51 51 47 30 30 32 32 332 312 312 318 53 53 59 59 79 73 73 41 29 29 9 9 4 1 1 4
 193 193 225 179 179 36 33 33 33 33 39 52 52 57 62 62 62 62 57 51 51 38 26 26 61 61 327 310 310 316 262 262 47 47 54 50 50 40 26 26 5 5 1 2 2 3
 193 193 225 179 179 36 33 33 33 33 39 52 52 57 62 62 62 62 57 51 51 38 26 26 61 61 327 310 310 316 262 262 47 47 54 50 50 40 26 26 5 5 1 2 2 3
 279 279 264 140 140 45 37 37 35 35 37 55 55 65 61 61 65 65 48 34 34 29 20 20 91 91 85 309 309 293 261 261 45 45 51 27 27 17 10 10 3 3 2 2 2 1
 237 237 249 137 137 53 31 31 39 39 44 53 53 65 62 62 49 49 38 24 24 17 18 18 83 83 83 310 310 291 315 315 34 34 43 17 17 8 5 5 3 3 3 1 1 0
 237 237 249 137 137 53 31 31 39 39 44 53 53 65 62 62 49 49 38 24 24 17 18 18 83 83 83 310 310 291 315 315 34 34 43 17 17 8 5 5 3 3 3 1 1 0
 234 234 177 185 185 62 37 37 43 43 45 56 56 63 51 51 37 37 30 20 20 17 34 34 30 30 286 274 274 262 283 283 27 27 33 25 25 8 3 3 3 3 3 2 2 0
 234 234 177 185 185 62 37 37 43 43 45 56 56 63 51 51 37 37 30 20 20 17 34 34 30 30 286 274 274 262 283 283 27 27 33 25 25 8 3 3 3 3 3 2 2 0
 219 219 183 158 158 40 24 24 36 36 41 47 47 38 28 28 19 19 21 14 14 15 32 32 34 34 264 217 217 207 42 42 29 29 28 22 22 6 3 3 2 2 2 1 1 0
 173 173 57 162 162 33 29 29 33 33 29 24 24 20 12 12 11 11 12 12 12 17 20 20 130 130 256 197 197 188 16 16 15 15 31 5 5 3 3 3 2 2 0 0 0 0
 173 173 57 162 162 33 29 29 33 33 29 24 24 20 12 12 11 11 12 12 12 17 20 20 130 130 256 197 197 188 16 16 15 15 31 5 5 3 3 3 2 2 0 0 0 0
 37 37 30 38 38 30 41 41 45 45 30 16 16 12 9 9 12 12 19 23 23 27 24 24 17 17 20 15 15 9 11 11 9 9 27 1 1 1 1 1 2 2 3 2 2 1
 24 24 22 27 27 28 45 45 48 48 30 19 19 12 10 10 17 17 32 34 34 30 28 28 21 21 19 12 12 4 2 2 1 1 1 0 0 1 0 0 0 0 1 1 1 1
