assets/RAT_results_old/precipitation/2020-07-25_IMERG.asc
ncols        46
nrows        77
xllcorner    74.800261325624
yllcorner    8.058333333333
cellsize     0.062500000000
NODATA_value -9999
 14 14 14 11 11 11 8 8 10 10 8 7 7 13 13 13 14 14 12 11 11 6 5 5 6 6 2 2 2 1 1 1 2 2 2 2 2 4 2 2 4 4 5 6 6 7
 24 24 22 18 18 13 10 10 7 7 7 7 7 8 8 8 8 8 7 5 5 5 5 5 4 4 2 2 2 2 1 1 1 1 2 2 2 3 2 2 3 3 5 8 8 8
 24 24 22 18 18 13 10 10 7 7 7 7 7 8 8 8 8 8 7 5 5 5 5 5 4 4 2 2 2 2 1 1 1 1 2 2 2 3 2 2 3 3 5 8 8 8
 28 28 27 21 21 14 11 11 11 11 7 7 7 6 5 5 6 6 5 5 5 4 3 3 2 2 2 3 3 2 1 1 1 1 1 1 1 2 2 2 4 4 4 5 5 6
 21 21 28 24 24 15 13 13 12 12 8 6 6 5 5 5 4 4 3 2 2 1 1 1 3 3 2 2 2 1 1 1 1 1 1 1 1 1 2 2 4 4 7 7 7 12
 21 21 28 24 24 15 13 13 12 12 8 6 6 5 5 5 4 4 3 2 2 1 1 1 3 3 2 2 2 1 1 1 1 1 1 1 1 1 2 2 4 4 7 7 7 12
 20 20 17 23 23 17 16 16 12 12 8 9 9 9 7 7 2 2 3 1 1 1 1 1 1 1 2 2 2 2 1 1 1 1 1 2 2 2 5 5 5 5 6 6 6 15
 20 20 17 23 23 17 16 16 12 12 8 9 9 9 7 7 2 2 3 1 1 1 1 1 1 1 2 2 2 2 1 1 1 1 1 2 2 2 5 5 5 5 6 6 6 15
 20 20 16 20 20 15 13 13 15 15 9 7 7 6 7 7 5 5 1 1 1 1 1 1 1 1 1 1 1 1 1 1 1 1 2 3 3 6 9 9 10 10 11 11 11 13
 15 15 13 9 9 9 10 10 7 7 11 5 5 4 6 6 10 10 2 1 1 1 1 1 1 1 1 1 1 1 2 2 2 2 3 5 5 5 9 9 11 11 13 14 14 20
 15 15 13 9 9 9 10 10 7 7 11 5 5 4 6 6 10 10 2 1 1 1 1 1 1 1 1 1 1 1 2 2 2 2 3 5 5 5 9 9 11 11 13 14 14 20
 8 8 9 6 6 7 5 5 5 5 2 4 4 1 1 1 2 2 1 1 1 1 0 0 0 0 0 0 0 0 2 2 2 2 3 5 5 9 9 9 14 14 19 20 20 37
 6 6 9 8 8 7 6 6 6 6 6 2 2 1 2 2 2 2 1 1 1 0 0 0 0 0 1 1 1 1 3 3 4 4 5 10 10 20 18 18 19 19 25 52 52 55
 6 6 9 8 8 7 6 6 6 6 6 2 2 1 2 2 2 2 1 1 1 0 0 0 0 0 1 1 1 1 3 3 4 4 5 10 10 20 18 18 19 19 25 52 52 55
 4 4 9 9 9 5 9 9 7 7 4 1 1 2 1 1 1 1 1 1 1 0 1 1 2 2 2 2 2 2 4 4 5 5 6 9 9 15 22 22 34 34 30 44 44 46
 4 4 9 9 9 5 9 9 7 7 4 1 1 2 1 1 1 1 1 1 1 0 1 1 2 2 2 2 2 2 4 4 5 5 6 9 9 15 22 22 34 34 30 44 44 46
 3 3 2 7 7 10 5 5 10 10 7 5 5 4 1 1 2 2 1 1 1 1 2 2 2 2 4 2 2 2 3 3 4 4 5 9 9 11 17 17 17 17 25 45 45 42
 2 2 2 5 5 4 8 8 11 11 9 6 6 3 3 3 2 2 1 2 2 0 1 1 2 2 3 3 3 3 3 3 2 2 3 6 6 7 23 23 14 14 19 25 25 34
 2 2 2 5 5 4 8 8 11 11 9 6 6 3 3 3 2 2 1 2 2 0 1 1 2 2 3 3 3 3 3 3 2 2 3 6 6 7 23 23 14 14 19 25 25 34
 1 1 2 2 2 4 5 5 6 6 6 6 6 4 5 5 2 2 1 2 2 1 1 1 2 2 2 4 4 2 1 1 2 2 3 4 4 14 18 18 7 7 17 29 29 35
 2 2 1 1 1 1 1 1 2 2 5 9 9 6 7 7 6 6 2 0 0 0 0 0 1 1 1 2 2 2 1 1 3 3 5 7 7 6 35 35 3 3 16 9 9 25
 2 2 1 1 1 1 1 1 2 2 5 9 9 6 7 7 6 6 2 0 0 0 0 0 1 1 1 2 2 2 1 1 3 3 5 7 7 6 35 35 3 3 16 9 9 25
 2 2 1 1 1 1 1 1 1 1 4 5 5 6 3 3 2 2 1 1 1 1 1 1 3 3 2 1 1 2 1 1 4 4 6 1 1 1 1 1 2 2 5 4 4 10
 2 2 1 1 1 1 1 1 1 1 4 5 5 6 3 3 2 2 1 1 1 1 1 1 3 3 2 1 1 2 1 1 4 4 6 1 1 1 1 1 2 2 5 4 4 10
 1 1 1 1 1 0 1 1 0 0 1 2 2 5 5 5 1 1 1 1 1 1 2 2 3 3 4 3 3 3 1 1 4 4 3 1 1 1 1 1 2 2 2 2 2 4
 1 1 1 1 1 1 1 1 1 1 1 2 2 3 6 6 4 4 4 2 2 2 5 5 7 7 5 6 6 6 2 2 4 4 3 1 1 1 1 1 1 1 1 1 1 1
 1 1 1 1 1 1 1 1 1 1 1 2 2 3 6 6 4 4 4 2 2 2 5 5 7 7 5 6 6 6 2 2 4 4 3 1 1 1 1 1 1 1 1 1 1 1
 0 0 0 1 1 1 1 1 2 2 1 3 3 8 9 9 12 12 9 14 14 3 6 6 6 6 5 6 6 5 3 3 1 1 1 1 1 1 1 1 1 1 2 1 1 1
 1 1 1 8 8 4 5 5 4 4 4 3 3 8 7 7 13 13 12 11 11 6 7 7 6 6 9 8 8 10 9 9 3 3 2 0 0 2 0 0 1 1 1 1 1 1
 1 1 1 8 8 4 5 5 4 4 4 3 3 8 7 7 13 13 12 11 11 6 7 7 6 6 9 8 8 10 9 9 3 3 2 0 0 2 0 0 1 1 1 1 1 1
 2 2 2 8 8 4 4 4 2 2 3 3 3 7 7 7 11 11 11 29 29 10 10 10 6 6 8 11 11 9 3 3 3 3 2 1 1 0 0 0 1 1 1 1 1 1
 2 2 2 8 8 4 4 4 2 2 3 3 3 7 7 7 11 11 11 29 29 10 10 10 6 6 8 11 11 9 3 3 3 3 2 1 1 0 0 0 1 1 1 1 1 1
 1 1 2 3 3 1 7 7 3 3 5 5 5 9 3 3 9 9 9 12 12 11 9 9 10 10 9 8 8 5 2 2 2 2 4 0 0 1 0 0 1 1 1 0 0 1
 1 1 1 4 4 5 1 1 1 1 2 6 6 9 6 6 9 9 14 13 13 10 9 9 8 8 4 3 3 2 2 2 1 1 0 1 1 1 0 0 0 0 0 0 0 0
 1 1 1 4 4 5 1 1 1 1 2 6 6 9 6 6 9 9 14 13 13 10 9 9 8 8 4 3 3 2 2 2 1 1 0 1 1 1 0 0 0 0 0 0 0 0
 0 0 0 0 0 1 1 1 1 1 2 4 4 9 3 3 7 7 13 12 12 10 8 8 6 6 4 3 3 1 4 4 1 1 1 0 0 0 0 0 0 0 0 0 0 3
 0 0 1 1 1 1 1 1 1 1 2 5 5 3 8 8 4 4 4 10 10 8 7 7 6 6 2 2 2 1 2 2 3 3 1 1 1 1 1 1 1 1 0 3 3 6
 0 0 1 1 1 1 1 1 1 1 2 5 5 3 8 8 4 4 4 10 10 8 7 7 6 6 2 2 2 1 2 2 3 3 1 1 1 1 1 1 1 1 0 3 3 6
 1 1 1 1 1 1 1 1 2 2 2 2 2 1 2 2 2 2 5 4 4 3 9 9 8 8 2 3 3 6 1 1 1 1 1 3 3 1 2 2 1 1 0 5 5 11
 1 1 1 1 1 1 1 1 2 2 2 2 2 1 2 2 2 2 5 4 4 3 9 9 8 8 2 3 3 6 1 1 1 1 1 3 3 1 2 2 1 1 0 5 5 11
 1 1 1 1 1 1 1 1 1 1 0 1 1 1 1 1 1 1 2 4 4 4 9 9 3 3 2 2 2 2 1 1 1 1 1 3 3 2 2 2 2 2 3 5 5 11
 1 1 1 1 1 1 0 0 0 0 0 0 0 0 1 1 1 1 1 2 2 3 4 4 3 3 2 2 2 2 1 1 1 1 2 2 2 2 2 2 2 2 4 3 3 4
 1 1 1 1 1 1 0 0 0 0 0 0 0 0 1 1 1 1 1 2 2 3 4 4 3 3 2 2 2 2 1 1 1 1 2 2 2 2 2 2 2 2 4 3 3 4
 1 1 1 1 1 0 0 0 0 0 0 0 0 0 1 1 1 1 1 2 2 5 5 5 3 3 2 1 1 1 1 1 1 1 3 2 2 4 2 2 1 1 4 1 1 2
 1 1 1 0 0 1 0 0 0 0 0 0 0 1 1 1 0 0 4 5 5 3 6 6 5 5 2 1 1 1 1 1 1 1 2 2 2 2 1 1 1 1 1 1 1 1
 1 1 1 0 0 1 0 0 0 0 0 0 0 1 1 1 0 0 4 5 5 3 6 6 5 5 2 1 1 1 1 1 1 1 2 2 2 2 1 1 1 1 1 1 1 1
 1 1 1 1 1 1 0 0 0 0 0 0 0 1 1 1 1 1 5 6 6 7 4 4 5 5 3 1 1 0 0 0 0 0 0 1 1 1 1 1 0 0 0 0 0 0
 1 1 1 1 1 1 0 0 0 0 0 0 0 1 1 1 1 1 5 6 6 7 4 4 5 5 3 1 1 0 0 0 0 0 0 1 1 1 1 1 0 0 0 0 0 0
 2 2 1 1 1 1 1 1 0 0 0 1 1 1 1 1 2 2 6 7 7 8 8 8 11 11 3 1 1 0 0 0 0 0 0 1 1 0 0 0 0 0 0 0 0 0
 2 2 1 2 2 1 1 1 0 0 0 0 0 0 1 1 1 1 4 7 7 8 7 7 11 11 6 3 3 2 0 0 0 0 3 4 4 1 1 1 0 0 1 0 0 1
 2 2 1 2 2 1 1 1 0 0 0 0 0 0 1 1 1 1 4 7 7 8 7 7 11 11 6 3 3 2 0 0 0 0 3 4 4 1 1 1 0 0 1 0 0 1
 1 1 1 1 1 1 1 1 0 0 1 0 0 1 0 0 1 1 5 5 5 7 9 9 11 11 4 2 2 2 0 0 0 0 3 4 4 3 2 2 1 1 1 2 2 1
 1 1 1 2 2 2 2 2 1 1 1 0 0 1 0 0 3 3 2 6 6 6 9 9 11 11 4 3 3 0 0 0 1 1 0 3 3 1 1 1 1 1 1 0 0 0
 1 1 1 2 2 2 2 2 1 1 1 0 0 1 0 0 3 3 2 6 6 6 9 9 11 11 4 3 3 0 0 0 1 1 0 3 3 1 1 1 1 1 1 0 0 0
 0 0 1 1 1 1 1 1 2 2 2 1 1 0 1 1 1 1 2 2 2 3 6 6 4 4 2 2 2 0 0 0 0 0 0 0 0 0 0 0 1 1 1 0 0 0
 0 0 1 1 1 1 1 1 2 2 2 1 1 0 1 1 1 1 2 2 2 3 6 6 4 4 2 2 2 0 0 0 0 0 0 0 0 0 0 0 1 1 1 0 0 0
 0 0 0 0 0 1 1 1 1 1 1 1 1 1 1 1 1 1 0 1 1 1 5 5 2 2 2 1 1 1 0 0 0 0 1 0 0 0 0 0 0 0 1 1 1 0
 0 0 0 0 0 0 1 1 0 0 1 1 1 1 0 0 0 0 0 0 0 0 1 1 1 1 5 4 4 1 1 1 0 0 0 2 2 0 0 0 0 0 1 0 0 0
 0 0 0 0 0 0 1 1 0 0 1 1 1 1 0 0 0 0 0 0 0 0 1 1 1 1 5 4 4 1 1 1 0 0 0 2 2 0 0 0 0 0 1 0 0 0
 0 0 0 0 0 0 0 0 0 0 0 0 0 1 0 0 0 0 0 0 0 2 1 1 2 2 4 6 6 4 2 2 1 1 1 1 1 1 0 0 0 0 0 0 0 0
 0 0 0 0 0 0 0 0 0 0 1 1 1 2 0 0 0 0 0 2 2 1 1 1 1 1 2 4 4 6 8 8 2 2 3 1 1 1 1 1 1 1 0 0 0 0
 0 0 0 0 0 0 0 0 0 0 1 1 1 2 0 0 0 0 0 2 2 1 1 1 1 1 2 4 4 6 8 8 2 2 3 1 1 1 1 1 1 1 0 0 0 0
 0 0 0 0 0 0 0 0 0 0 0 1 1 0 0 0 0 0 1 1 1 0 0 0 0 0 1 2 2 3 5 5 5 5 5 5 5 3 1 1 1 1 1 0 0 0
 0 0 0 0 0 0 0 0 0 0 0 1 1 0 0 0 0 0 1 1 1 0 0 0 0 0 1 2 2 3 5 5 5 5 5 5 5 3 1 1 1 1 1 0 0 0
 0 0 0 0 0 0 0 0 0 0 0 0 0 0 0 0 0 0 0 0 0 0 0 0 0 0 2 1 1 0 0 0 0 0 3 1 1 2 1 1 1 1 0 0 0 0
 0 0 0 0 0 0 0 0 0 0 0 0 0 0 0 0 0 0 0 0 0 0 0 0 0 0 0 0 0 1 1 1 0 0 0 0 0 0 0 0 0 0 2 0 0 0
 0 0 0 0 0 0 0 0 0 0 0 0 0 0 0 0 0 0 0 0 0 0 0 0 0 0 0 0 0 1 1 1 0 0 0 0 0 0 0 0 0 0 2 0 0 0
 0 0 0 0 0 0 0 0 0 0 0 0 0 0 0 0 0 0 0 0 0 0 0 0 0 0 0 0 0 0 1 1 0 0 0 0 0 0 0 0 1 1 2 0 0 0
 0 0 0 0 0 0 0 0 0 0 0 0 0 0 0 0 0 0 0 0 0 0 0 0 0 0 0 0 0 0 0 0 1 1 1 0 0 0 0 0 0 0 2 0 0 0
 0 0 0 0 0 0 0 0 0 0 0 0 0 0 0 0 0 0 0 0 0 0 0 0 0 0 0 0 0 0 0 0 1 1 1 0 0 0 0 0 0 0 2 0 0 0
 0 0 0 0 0 0 0 0 0 0 0 0 0 0 0 0 0 0 0 0 0 0 0 0 0 0 0 0 0 0 0 0 1 1 1 0 0 0 0 0 1 1 1 1 1 0
 0 0 0 0 0 0 0 0 0 0 0 0 0 0 0 0 0 0 0 0 0 0 0 0 0 0 0 0 0 0 0 0 1 1 1 0 0 0 0 0 1 1 1 1 1 0
 0 0 0 0 0 0 0 0 0 0 0 1 1 0 0 0 0 0 0 0 0 0 0 0 0 0 0 0 0 0 0 0 1 1 1 0 0 0 0 0 0 0 0 1 1 0
 0 0 0 0 0 0 0 0 0 0 0 0 0 0 0 0 0 0 0 0 0 0 0 0 0 0 0 0 0 0 2 2 2 2 1 0 0 0 0 0 0 0 0 0 0 0
 0 0 0 0 0 0 0 0 0 0 0 0 0 0 0 0 0 0 0 0 0 0 0 0 0 0 0 0 0 0 2 2 2 2 1 0 0 0 0 0 0 0 0 0 0 0
 0 0 0 0 0 0 0 0 0 0 0 0 0 0 0 0 0 0 0 0 0 0 0 0 0 0 0 0 0 0 1 1 1 1 1 1 1 1 1 1 1 1 1 0 0 0
 0 0 0 0 0 0 0 0 0 0 0 0 0 0 0 0 0 0 0 0 0 0 0 0 0 0 0 0 0 0 1 1 1 1 0 0 0 1 1 1 0 0 0 0 0 0
