assets/RAT_results_old/precipitation/2020-09-20_IMERG.asc
ncols        46
nrows        77
xllcorner    74.800261325624
yllcorner    8.058333333333
cellsize     0.062500000000
NODATA_value -9999
 49 49 45 46 46 62 53 53 31 31 22 21 21 17 13 13 7 7 6 9 9 14 6 6 6 6 8 6 6 2 1 1 1 1 1 1 1 1 1 1 1 1 1 1 1 1
 45 45 45 45 45 50 43 43 30 30 21 19 19 17 16 16 9 9 9 12 12 17 6 6 6 6 4 3 3 1 1 1 2 2 2 3 3 4 0 0 1 1 1 0 0 0
 45 45 45 45 45 50 43 43 30 30 21 19 19 17 16 16 9 9 9 12 12 17 6 6 6 6 4 3 3 1 1 1 2 2 2 3 3 4 0 0 1 1 1 0 0 0
 48 48 45 45 45 40 55 55 40 40 36 36 36 24 16 16 17 17 13 12 12 6 5 5 3 3 6 6 6 1 1 1 3 3 1 3 3 3 0 0 0 0 0 0 0 0
 52 52 35 37 37 31 34 34 41 41 35 39 39 23 23 23 20 20 15 13 13 8 6 6 5 5 5 3 3 4 2 2 3 3 2 1 1 1 0 0 0 0 0 0 0 0
 52 52 35 37 37 31 34 34 41 41 35 39 39 23 23 23 20 20 15 13 13 8 6 6 5 5 5 3 3 4 2 2 3 3 2 1 1 1 0 0 0 0 0 0 0 0
 37 37 38 36 36 33 34 34 34 34 29 21 21 22 17 17 16 16 15 9 9 7 8 8 7 7 6 5 5 7 4 4 5 5 2 0 0 1 0 0 0 0 0 0 0 0
 37 37 38 36 36 33 34 34 34 34 29 21 21 22 17 17 16 16 15 9 9 7 8 8 7 7 6 5 5 7 4 4 5 5 2 0 0 1 0 0 0 0 0 0 0 0
 27 27 38 30 30 34 33 33 27 27 23 23 23 24 13 13 15 15 16 11 11 11 9 9 9 9 9 6 6 5 5 5 3 3 2 1 1 2 0 0 0 0 0 0 0 0
 32 32 29 23 23 28 36 36 38 38 31 27 27 31 27 27 23 23 25 11 11 16 8 8 7 7 8 8 8 4 3 3 3 3 2 1 1 2 0 0 0 0 0 0 0 0
 32 32 29 23 23 28 36 36 38 38 31 27 27 31 27 27 23 23 25 11 11 16 8 8 7 7 8 8 8 4 3 3 3 3 2 1 1 2 0 0 0 0 0 0 0 0
 29 29 17 23 23 25 29 29 33 33 27 30 30 18 24 24 21 21 25 17 17 15 7 7 7 7 5 6 6 3 2 2 3 3 2 3 3 1 1 1 1 1 0 0 0 0
 16 16 14 22 22 28 32 32 30 30 19 25 25 25 26 26 24 24 24 19 19 18 5 5 9 9 5 4 4 3 2 2 3 3 2 2 2 1 2 2 2 2 1 1 1 1
 16 16 14 22 22 28 32 32 30 30 19 25 25 25 26 26 24 24 24 19 19 18 5 5 9 9 5 4 4 3 2 2 3 3 2 2 2 1 2 2 2 2 1 1 1 1
 16 16 11 18 18 26 30 30 27 27 23 20 20 15 15 15 23 23 23 19 19 21 9 9 7 7 4 4 4 2 1 1 2 2 1 1 1 2 4 4 5 5 4 1 1 1
 16 16 11 18 18 26 30 30 27 27 23 20 20 15 15 15 23 23 23 19 19 21 9 9 7 7 4 4 4 2 1 1 2 2 1 1 1 2 4 4 5 5 4 1 1 1
 12 12 11 21 21 23 25 25 25 25 18 18 18 13 15 15 23 23 24 9 9 6 4 4 2 2 4 4 4 2 2 2 1 1 1 2 2 2 3 3 5 5 5 2 2 1
 14 14 15 12 12 16 14 14 16 16 18 19 19 14 12 12 9 9 9 7 7 5 3 3 2 2 1 1 1 1 1 1 0 0 1 2 2 3 6 6 7 7 6 3 3 2
 14 14 15 12 12 16 14 14 16 16 18 19 19 14 12 12 9 9 9 7 7 5 3 3 2 2 1 1 1 1 1 1 0 0 1 2 2 3 6 6 7 7 6 3 3 2
 20 20 19 23 23 23 22 22 23 23 18 15 15 10 12 12 5 5 5 5 5 5 4 4 5 5 3 1 1 1 2 2 1 1 2 2 2 2 6 6 7 7 6 4 4 3
 29 29 26 21 21 20 17 17 23 23 17 14 14 12 17 17 9 9 7 8 8 9 8 8 8 8 5 3 3 3 2 2 1 1 2 2 2 3 4 4 4 4 4 4 4 1
 29 29 26 21 21 20 17 17 23 23 17 14 14 12 17 17 9 9 7 8 8 9 8 8 8 8 5 3 3 3 2 2 1 1 2 2 2 3 4 4 4 4 4 4 4 1
 41 41 34 32 32 19 16 16 22 22 16 24 24 24 21 21 12 12 7 11 11 10 12 12 10 10 8 5 5 6 5 5 7 7 5 4 4 3 4 4 2 2 1 2 2 3
 41 41 34 32 32 19 16 16 22 22 16 24 24 24 21 21 12 12 7 11 11 10 12 12 10 10 8 5 5 6 5 5 7 7 5 4 4 3 4 4 2 2 1 2 2 3
 40 40 37 37 37 16 15 15 16 16 14 29 29 39 32 32 23 23 16 14 14 17 8 8 9 9 8 7 7 6 8 8 7 7 7 3 3 3 2 2 1 1 1 2 2 4
 33 33 33 34 34 13 20 20 19 19 25 39 39 44 38 38 30 30 24 14 14 13 13 13 8 8 9 8 8 8 6 6 5 5 6 4 4 2 2 2 1 1 2 2 2 4
 33 33 33 34 34 13 20 20 19 19 25 39 39 44 38 38 30 30 24 14 14 13 13 13 8 8 9 8 8 8 6 6 5 5 6 4 4 2 2 2 1 1 2 2 2 4
 19 19 24 26 26 21 16 16 14 14 22 12 12 22 43 43 33 33 27 16 16 17 8 8 8 8 8 8 8 8 3 3 3 3 3 5 5 4 3 3 2 2 2 4 4 4
 16 16 21 30 30 28 9 9 7 7 10 14 14 22 33 33 30 30 32 23 23 20 8 8 9 9 10 5 5 6 5 5 5 5 7 6 6 4 2 2 2 2 3 4 4 3
 16 16 21 30 30 28 9 9 7 7 10 14 14 22 33 33 30 30 32 23 23 20 8 8 9 9 10 5 5 6 5 5 5 5 7 6 6 4 2 2 2 2 3 4 4 3
 26 26 24 21 21 22 10 10 8 8 5 8 8 14 27 27 28 28 31 13 13 8 7 7 8 8 7 4 4 5 6 6 11 11 10 7 7 5 2 2 1 1 1 2 2 2
 26 26 24 21 21 22 10 10 8 8 5 8 8 14 27 27 28 28 31 13 13 8 7 7 8 8 7 4 4 5 6 6 11 11 10 7 7 5 2 2 1 1 1 2 2 2
 19 19 17 21 21 20 9 9 6 6 6 7 7 12 16 16 18 18 18 14 14 10 7 7 8 8 7 6 6 6 5 5 7 7 7 4 4 3 1 1 1 1 1 2 2 0
 14 14 16 14 14 11 8 8 9 9 9 8 8 12 19 19 20 20 16 16 16 8 7 7 6 6 6 6 6 6 5 5 7 7 6 5 5 2 1 1 1 1 1 2 2 1
 14 14 16 14 14 11 8 8 9 9 9 8 8 12 19 19 20 20 16 16 16 8 7 7 6 6 6 6 6 6 5 5 7 7 6 5 5 2 1 1 1 1 1 2 2 1
 14 14 15 13 13 10 9 9 7 7 7 11 11 12 12 12 16 16 15 16 16 10 15 15 13 13 16 14 14 10 5 5 5 5 6 4 4 2 1 1 1 1 1 1 1 1
 13 13 13 12 12 11 13 13 8 8 6 8 8 10 11 11 18 18 19 19 19 16 14 14 12 12 10 14 14 9 7 7 8 8 8 4 4 2 1 1 1 1 1 1 1 2
 13 13 13 12 12 11 13 13 8 8 6 8 8 10 11 11 18 18 19 19 19 16 14 14 12 12 10 14 14 9 7 7 8 8 8 4 4 2 1 1 1 1 1 1 1 2
 24 24 11 16 16 10 9 9 7 7 6 6 6 7 12 12 19 19 20 18 18 15 13 13 12 12 16 14 14 13 17 17 9 9 6 3 3 2 2 2 1 1 1 1 1 4
 24 24 11 16 16 10 9 9 7 7 6 6 6 7 12 12 19 19 20 18 18 15 13 13 12 12 16 14 14 13 17 17 9 9 6 3 3 2 2 2 1 1 1 1 1 4
 20 20 18 15 15 12 5 5 7 7 5 5 5 9 9 9 8 8 16 14 14 13 14 14 14 14 14 17 17 15 17 17 11 11 10 9 9 7 5 5 7 7 4 5 5 7
 17 17 13 16 16 9 6 6 6 6 5 5 5 6 9 9 7 7 22 16 16 15 14 14 11 11 12 14 14 12 15 15 15 15 16 13 13 9 7 7 11 11 11 11 11 13
 17 17 13 16 16 9 6 6 6 6 5 5 5 6 9 9 7 7 22 16 16 15 14 14 11 11 12 14 14 12 15 15 15 15 16 13 13 9 7 7 11 11 11 11 11 13
 18 18 9 7 7 9 5 5 5 5 6 7 7 5 7 7 7 7 22 11 11 11 12 12 13 13 12 11 11 22 23 23 17 17 16 15 15 12 13 13 13 13 12 12 12 13
 17 17 11 7 7 7 5 5 7 7 5 7 7 4 6 6 8 8 12 8 8 12 14 14 18 18 10 11 11 24 26 26 18 18 15 14 14 11 9 9 9 9 9 11 11 9
 17 17 11 7 7 7 5 5 7 7 5 7 7 4 6 6 8 8 12 8 8 12 14 14 18 18 10 11 11 24 26 26 18 18 15 14 14 11 9 9 9 9 9 11 11 9
 8 8 9 6 6 5 6 6 6 6 8 7 7 8 5 5 6 6 8 6 6 17 10 10 15 15 17 21 21 20 15 15 11 11 14 12 12 10 8 8 8 8 13 11 11 8
 8 8 9 6 6 5 6 6 6 6 8 7 7 8 5 5 6 6 8 6 6 17 10 10 15 15 17 21 21 20 15 15 11 11 14 12 12 10 8 8 8 8 13 11 11 8
 6 6 10 7 7 6 5 5 7 7 9 10 10 8 9 9 5 5 5 7 7 19 18 18 19 19 14 23 23 9 13 13 12 12 10 8 8 8 7 7 9 9 14 13 13 10
 8 8 7 6 6 6 6 6 7 7 8 9 9 9 3 3 6 6 10 16 16 16 14 14 19 19 17 11 11 10 10 10 8 8 7 5 5 5 7 7 8 8 10 18 18 18
 8 8 7 6 6 6 6 6 7 7 8 9 9 9 3 3 6 6 10 16 16 16 14 14 19 19 17 11 11 10 10 10 8 8 7 5 5 5 7 7 8 8 10 18 18 18
 8 8 5 4 4 5 7 7 7 7 8 7 7 7 4 4 5 5 8 7 7 16 15 15 17 17 18 13 13 8 7 7 5 5 6 4 4 5 5 5 12 12 18 23 23 19
 6 6 4 4 4 4 5 5 6 6 7 5 5 5 6 6 6 6 5 6 6 6 16 16 17 17 16 9 9 7 6 6 4 4 5 5 5 6 7 7 12 12 21 21 21 23
 6 6 4 4 4 4 5 5 6 6 7 5 5 5 6 6 6 6 5 6 6 6 16 16 17 17 16 9 9 7 6 6 4 4 5 5 5 6 7 7 12 12 21 21 21 23
 5 5 4 3 3 8 4 4 4 4 6 4 4 5 6 6 7 7 9 9 9 13 12 12 15 15 14 10 10 8 7 7 6 6 6 6 6 7 8 8 14 14 20 23 23 19
 5 5 4 3 3 8 4 4 4 4 6 4 4 5 6 6 7 7 9 9 9 13 12 12 15 15 14 10 10 8 7 7 6 6 6 6 6 7 8 8 14 14 20 23 23 19
 2 2 2 3 3 8 4 4 3 3 4 3 3 8 11 11 14 14 10 8 8 13 13 13 15 15 13 15 15 9 8 8 8 8 9 11 11 12 13 13 14 14 19 22 22 17
 3 3 3 4 4 6 4 4 3 3 8 10 10 9 10 10 13 13 13 12 12 7 11 11 18 18 12 15 15 9 8 8 7 7 7 11 11 12 14 14 18 18 21 21 21 13
 3 3 3 4 4 6 4 4 3 3 8 10 10 9 10 10 13 13 13 12 12 7 11 11 18 18 12 15 15 9 8 8 7 7 7 11 11 12 14 14 18 18 21 21 21 13
 2 2 2 5 5 5 8 8 3 3 8 10 10 6 5 5 6 6 10 13 13 6 17 17 19 19 11 13 13 8 5 5 6 6 7 11 11 11 13 13 17 17 17 16 16 12
 3 3 4 6 6 5 8 8 7 7 7 5 5 7 3 3 5 5 12 13 13 13 2 2 5 5 8 14 14 9 6 6 7 7 7 7 7 8 10 10 11 11 13 9 9 4
 3 3 4 6 6 5 8 8 7 7 7 5 5 7 3 3 5 5 12 13 13 13 2 2 5 5 8 14 14 9 6 6 7 7 7 7 7 8 10 10 11 11 13 9 9 4
 1 1 3 2 2 2 2 2 1 1 1 5 5 5 3 3 3 3 6 3 3 4 3 3 7 7 10 12 12 12 8 8 5 5 5 6 6 11 11 11 10 10 9 10 10 6
 1 1 3 2 2 2 2 2 1 1 1 5 5 5 3 3 3 3 6 3 3 4 3 3 7 7 10 12 12 12 8 8 5 5 5 6 6 11 11 11 10 10 9 10 10 6
 1 1 2 1 1 1 1 1 1 1 2 1 1 1 1 1 1 1 2 5 5 5 4 4 8 8 13 11 11 15 11 11 7 7 6 8 8 11 13 13 15 15 12 9 9 8
 1 1 1 1 1 2 1 1 2 2 2 2 2 3 3 3 2 2 3 3 3 7 5 5 5 5 15 12 12 13 17 17 17 17 14 11 11 13 15 15 15 15 9 7 7 6
 1 1 1 1 1 2 1 1 2 2 2 2 2 3 3 3 2 2 3 3 3 7 5 5 5 5 15 12 12 13 17 17 17 17 14 11 11 13 15 15 15 15 9 7 7 6
 2 2 1 1 1 2 1 1 1 1 2 3 3 2 2 2 4 4 4 3 3 4 5 5 4 4 4 11 11 14 19 19 16 16 18 19 19 18 17 17 18 18 18 13 13 8
 2 2 1 2 2 1 2 2 3 3 2 2 2 2 2 2 3 3 2 3 3 4 4 4 4 4 1 6 6 13 16 16 15 15 20 22 22 13 15 15 14 14 15 12 12 9
 2 2 1 2 2 1 2 2 3 3 2 2 2 2 2 2 3 3 2 3 3 4 4 4 4 4 1 6 6 13 16 16 15 15 20 22 22 13 15 15 14 14 15 12 12 9
 2 2 2 2 2 2 3 3 6 6 3 3 3 4 3 3 2 2 3 1 1 2 1 1 1 1 1 4 4 5 8 8 12 12 13 16 16 11 12 12 15 15 18 15 15 9
 2 2 2 2 2 2 3 3 6 6 3 3 3 4 3 3 2 2 3 1 1 2 1 1 1 1 1 4 4 5 8 8 12 12 13 16 16 11 12 12 15 15 18 15 15 9
 3 3 3 3 3 3 4 4 6 6 4 5 5 6 4 4 4 4 2 1 1 1 1 1 1 1 1 2 2 2 2 2 8 8 12 14 14 12 9 9 10 10 12 13 13 10
 3 3 3 4 4 5 6 6 7 7 7 7 7 7 6 6 6 6 2 2 2 2 2 2 1 1 2 3 3 3 2 2 5 5 6 9 9 12 14 14 16 16 8 10 10 10
 3 3 3 4 4 5 6 6 7 7 7 7 7 7 6 6 6 6 2 2 2 2 2 2 1 1 2 3 3 3 2 2 5 5 6 9 9 12 14 14 16 16 8 10 10 10
 2 2 3 4 4 5 5 5 6 6 6 6 6 7 6 6 5 5 4 2 2 3 7 7 6 6 3 3 3 3 4 4 9 9 6 7 7 14 15 15 15 15 10 22 22 18
 4 4 5 6 6 6 7 7 8 8 7 8 8 8 7 7 7 7 5 4 4 6 7 7 7 7 4 6 6 4 8 8 18 18 13 15 15 13 15 15 17 17 27 28 28 22
