assets/RAT_results_old/precipitation/2020-11-18_IMERG.asc
ncols        46
nrows        77
xllcorner    74.800261325624
yllcorner    8.058333333333
cellsize     0.062500000000
NODATA_value -9999
 7 7 3 2 2 1 0 0 0 0 0 0 0 0 0 0 0 0 0 0 0 0 0 0 0 0 0 0 0 0 0 0 0 0 0 0 0 0 0 0 0 0 0 0 0 0
 8 8 9 10 10 3 1 1 0 0 0 0 0 0 0 0 0 0 0 0 0 0 0 0 0 0 0 0 0 0 0 0 0 0 0 0 0 0 0 0 0 0 0 0 0 0
 8 8 9 10 10 3 1 1 0 0 0 0 0 0 0 0 0 0 0 0 0 0 0 0 0 0 0 0 0 0 0 0 0 0 0 0 0 0 0 0 0 0 0 0 0 0
 7 7 7 3 3 1 0 0 0 0 0 0 0 0 0 0 0 0 0 0 0 0 0 0 0 0 0 0 0 0 0 0 0 0 0 0 0 0 0 0 0 0 0 0 0 0
 12 12 12 1 1 1 0 0 1 1 0 0 0 0 0 0 0 0 0 0 0 0 0 0 0 0 0 0 0 0 0 0 0 0 0 0 0 0 0 0 0 0 0 0 0 0
 12 12 12 1 1 1 0 0 1 1 0 0 0 0 0 0 0 0 0 0 0 0 0 0 0 0 0 0 0 0 0 0 0 0 0 0 0 0 0 0 0 0 0 0 0 0
 13 13 13 4 4 1 1 1 0 0 0 0 0 0 0 0 0 0 0 0 0 0 0 0 0 0 0 0 0 0 0 0 0 0 0 0 0 0 0 0 0 0 0 0 0 0
 13 13 13 4 4 1 1 1 0 0 0 0 0 0 0 0 0 0 0 0 0 0 0 0 0 0 0 0 0 0 0 0 0 0 0 0 0 0 0 0 0 0 0 0 0 0
 3 3 3 4 4 1 1 1 0 0 0 0 0 0 0 0 0 0 0 0 0 0 0 0 0 0 0 0 0 0 0 0 0 0 0 0 0 0 0 0 0 0 0 0 0 0
 2 2 2 2 2 1 1 1 0 0 0 0 0 0 0 0 0 0 0 0 0 0 0 0 0 0 0 0 0 0 0 0 0 0 0 0 0 0 0 0 0 0 0 0 0 0
 2 2 2 2 2 1 1 1 0 0 0 0 0 0 0 0 0 0 0 0 0 0 0 0 0 0 0 0 0 0 0 0 0 0 0 0 0 0 0 0 0 0 0 0 0 0
 7 7 2 2 2 0 0 0 1 1 0 0 0 0 0 0 0 0 0 0 0 0 0 0 0 0 0 0 0 0 0 0 2 2 0 0 0 0 0 0 0 0 0 0 0 0
 1 1 1 0 0 1 1 1 1 1 0 0 0 0 0 0 0 0 0 0 0 0 0 0 0 0 0 0 0 0 0 0 0 0 0 2 2 0 0 0 0 0 0 0 0 0
 1 1 1 0 0 1 1 1 1 1 0 0 0 0 0 0 0 0 0 0 0 0 0 0 0 0 0 0 0 0 0 0 0 0 0 2 2 0 0 0 0 0 0 0 0 0
 1 1 0 0 0 1 1 1 1 1 1 0 0 0 0 0 0 0 0 0 0 0 0 0 0 0 0 0 0 0 0 0 0 0 0 0 0 0 0 0 0 0 1 1 1 0
 1 1 0 0 0 1 1 1 1 1 1 0 0 0 0 0 0 0 0 0 0 0 0 0 0 0 0 0 0 0 0 0 0 0 0 0 0 0 0 0 0 0 1 1 1 0
 1 1 0 1 1 1 0 0 1 1 1 0 0 0 0 0 0 0 0 0 0 0 0 0 0 0 0 0 0 0 0 0 0 0 0 0 0 0 2 2 2 2 3 4 4 1
 1 1 1 1 1 1 0 0 0 0 1 1 1 0 0 0 0 0 0 0 0 0 0 0 0 0 0 0 0 0 0 0 0 0 1 1 1 0 2 2 2 2 5 3 3 0
 1 1 1 1 1 1 0 0 0 0 1 1 1 0 0 0 0 0 0 0 0 0 0 0 0 0 0 0 0 0 0 0 0 0 1 1 1 0 2 2 2 2 5 3 3 0
 2 2 3 2 2 2 4 4 1 1 0 0 0 1 0 0 0 0 0 0 0 0 0 0 0 0 0 0 0 0 0 0 0 0 0 0 0 0 0 0 0 0 2 2 2 3
 5 5 4 4 4 3 5 5 0 0 1 1 1 1 0 0 0 0 1 1 1 0 0 0 0 0 0 0 0 0 0 0 0 0 3 2 2 0 0 0 0 0 1 2 2 5
 5 5 4 4 4 3 5 5 0 0 1 1 1 1 0 0 0 0 1 1 1 0 0 0 0 0 0 0 0 0 0 0 0 0 3 2 2 0 0 0 0 0 1 2 2 5
 8 8 4 3 3 1 2 2 1 1 1 2 2 1 1 1 1 1 0 1 1 1 1 1 0 0 0 0 0 1 1 1 0 0 1 1 1 0 0 0 0 0 1 0 0 1
 8 8 4 3 3 1 2 2 1 1 1 2 2 1 1 1 1 1 0 1 1 1 1 1 0 0 0 0 0 1 1 1 0 0 1 1 1 0 0 0 0 0 1 0 0 1
 4 4 2 1 1 1 1 1 1 1 3 6 6 1 1 1 1 1 1 2 2 2 1 1 0 0 0 7 7 8 6 6 0 0 0 0 0 0 0 0 0 0 1 0 0 0
 2 2 2 1 1 0 0 0 1 1 1 0 0 1 1 1 2 2 2 6 6 4 4 4 3 3 4 5 5 7 6 6 0 0 1 0 0 0 0 0 0 0 1 0 0 0
 2 2 2 1 1 0 0 0 1 1 1 0 0 1 1 1 2 2 2 6 6 4 4 4 3 3 4 5 5 7 6 6 0 0 1 0 0 0 0 0 0 0 1 0 0 0
 4 4 3 1 1 1 0 0 0 0 0 1 1 1 1 1 2 2 7 7 7 5 4 4 5 5 2 0 0 0 0 0 6 6 0 0 0 0 0 0 0 0 0 0 0 0
 7 7 5 3 3 3 0 0 0 0 0 1 1 2 2 2 4 4 3 2 2 5 3 3 2 2 0 0 0 0 2 2 1 1 0 0 0 0 0 0 0 0 0 0 0 0
 7 7 5 3 3 3 0 0 0 0 0 1 1 2 2 2 4 4 3 2 2 5 3 3 2 2 0 0 0 0 2 2 1 1 0 0 0 0 0 0 0 0 0 0 0 0
 41 41 17 14 14 4 2 2 1 1 0 1 1 1 1 1 4 4 1 5 5 6 2 2 1 1 3 3 3 0 0 0 0 0 0 0 0 0 0 0 0 0 0 0 0 0
 41 41 17 14 14 4 2 2 1 1 0 1 1 1 1 1 4 4 1 5 5 6 2 2 1 1 3 3 3 0 0 0 0 0 0 0 0 0 0 0 0 0 0 0 0 0
 34 34 31 25 25 15 6 6 3 3 2 0 0 0 1 1 2 2 1 3 3 2 2 2 0 0 3 0 0 0 0 0 0 0 2 1 1 0 0 0 0 0 0 0 0 0
 18 18 24 33 33 32 22 22 5 5 2 0 0 0 0 0 1 1 2 2 2 2 1 1 1 1 2 0 0 0 0 0 0 0 1 0 0 0 0 0 0 0 0 0 0 0
 18 18 24 33 33 32 22 22 5 5 2 0 0 0 0 0 1 1 2 2 2 2 1 1 1 1 2 0 0 0 0 0 0 0 1 0 0 0 0 0 0 0 0 0 0 0
 3 3 3 9 9 31 31 31 22 22 11 2 2 0 0 0 1 1 2 1 1 1 1 1 1 1 1 0 0 0 0 0 0 0 0 0 0 0 4 4 0 0 1 1 1 1
 1 1 1 2 2 4 18 18 32 32 28 9 9 0 0 0 0 0 0 0 0 4 1 1 1 1 0 0 0 0 0 0 0 0 0 0 0 0 0 0 1 1 4 1 1 2
 1 1 1 2 2 4 18 18 32 32 28 9 9 0 0 0 0 0 0 0 0 4 1 1 1 1 0 0 0 0 0 0 0 0 0 0 0 0 0 0 1 1 4 1 1 2
 1 1 1 1 1 1 5 5 18 18 20 16 16 4 0 0 0 0 1 0 0 2 2 2 1 1 1 2 2 0 0 0 0 0 0 0 0 0 0 0 0 0 4 5 5 2
 1 1 1 1 1 1 5 5 18 18 20 16 16 4 0 0 0 0 1 0 0 2 2 2 1 1 1 2 2 0 0 0 0 0 0 0 0 0 0 0 0 0 4 5 5 2
 0 0 0 1 1 1 1 1 5 5 5 7 7 4 0 0 1 1 4 2 2 1 3 3 4 4 2 0 0 0 0 0 0 0 0 2 2 3 0 0 0 0 5 5 5 1
 0 0 0 0 0 1 1 1 1 1 1 1 1 0 0 0 3 3 3 3 3 6 5 5 8 8 2 0 0 0 1 1 1 1 1 2 2 4 2 2 0 0 5 1 1 0
 0 0 0 0 0 1 1 1 1 1 1 1 1 0 0 0 3 3 3 3 3 6 5 5 8 8 2 0 0 0 1 1 1 1 1 2 2 4 2 2 0 0 5 1 1 0
 0 0 0 0 0 2 4 4 2 2 1 0 0 0 0 0 0 0 3 4 4 7 3 3 4 4 0 0 0 0 1 1 1 1 2 3 3 4 6 6 4 4 2 0 0 0
 1 1 1 1 1 3 12 12 7 7 1 1 1 1 0 0 0 0 3 4 4 4 2 2 5 5 2 1 1 0 1 1 1 1 0 1 1 6 8 8 8 8 1 1 1 0
 1 1 1 1 1 3 12 12 7 7 1 1 1 1 0 0 0 0 3 4 4 4 2 2 5 5 2 1 1 0 1 1 1 1 0 1 1 6 8 8 8 8 1 1 1 0
 1 1 2 2 2 6 18 18 5 5 2 0 0 0 0 0 0 0 0 0 0 0 0 0 2 2 2 0 0 0 0 0 1 1 1 1 1 0 1 1 1 1 3 2 2 1
 1 1 2 2 2 6 18 18 5 5 2 0 0 0 0 0 0 0 0 0 0 0 0 0 2 2 2 0 0 0 0 0 1 1 1 1 1 0 1 1 1 1 3 2 2 1
 1 1 3 3 3 9 18 18 9 9 2 1 1 0 0 0 0 0 0 0 0 1 1 1 1 1 1 1 1 1 1 1 1 1 1 1 1 0 5 5 4 4 7 6 6 3
 1 1 2 3 3 19 21 21 11 11 3 0 0 0 0 0 0 0 0 1 1 1 1 1 2 2 3 1 1 1 1 1 3 3 3 3 3 3 6 6 13 13 7 5 5 6
 1 1 2 3 3 19 21 21 11 11 3 0 0 0 0 0 0 0 0 1 1 1 1 1 2 2 3 1 1 1 1 1 3 3 3 3 3 3 6 6 13 13 7 5 5 6
 1 1 2 5 5 14 28 28 8 8 1 0 0 1 1 1 0 0 0 1 1 1 1 1 1 1 5 1 1 1 2 2 2 2 4 4 4 6 6 6 6 6 7 5 5 4
 5 5 4 5 5 8 7 7 2 2 1 1 1 1 0 0 0 0 0 1 1 1 1 1 3 3 6 3 3 2 2 2 3 3 4 4 4 6 3 3 6 6 3 3 3 6
 5 5 4 5 5 8 7 7 2 2 1 1 1 1 0 0 0 0 0 1 1 1 1 1 3 3 6 3 3 2 2 2 3 3 4 4 4 6 3 3 6 6 3 3 3 6
 9 9 7 4 4 15 11 11 3 3 1 1 1 1 1 1 0 0 0 1 1 1 1 1 2 2 7 5 5 5 3 3 4 4 3 3 3 4 2 2 3 3 6 9 9 10
 9 9 7 4 4 15 11 11 3 3 1 1 1 1 1 1 0 0 0 1 1 1 1 1 2 2 7 5 5 5 3 3 4 4 3 3 3 4 2 2 3 3 6 9 9 10
 15 15 13 10 10 18 17 17 5 5 1 1 1 1 1 1 0 0 0 1 1 1 1 1 2 2 3 7 7 7 5 5 4 4 4 3 3 3 3 3 6 6 7 17 17 22
 16 16 15 15 15 14 16 16 3 3 1 1 1 1 1 1 1 1 0 0 0 0 1 1 1 1 4 7 7 6 5 5 5 5 4 4 4 3 5 5 6 6 6 29 29 75
 16 16 15 15 15 14 16 16 3 3 1 1 1 1 1 1 1 1 0 0 0 0 1 1 1 1 4 7 7 6 5 5 5 5 4 4 4 3 5 5 6 6 6 29 29 75
 15 15 15 12 12 6 17 17 6 6 1 1 1 1 1 1 1 1 1 1 1 0 0 0 0 0 2 6 6 4 5 5 6 6 6 6 6 6 9 9 8 8 11 12 12 24
 19 19 18 16 16 9 9 9 11 11 8 7 7 1 1 1 1 1 1 2 2 1 1 1 2 2 1 2 2 4 3 3 5 5 6 8 8 9 17 17 8 8 16 16 16 36
 19 19 18 16 16 9 9 9 11 11 8 7 7 1 1 1 1 1 1 2 2 1 1 1 2 2 1 2 2 4 3 3 5 5 6 8 8 9 17 17 8 8 16 16 16 36
 14 14 15 18 18 14 9 9 9 9 13 18 18 13 1 1 1 1 2 1 1 2 1 1 2 2 2 3 3 4 3 3 3 3 5 8 8 8 9 9 23 23 14 15 15 23
 14 14 15 18 18 14 9 9 9 9 13 18 18 13 1 1 1 1 2 1 1 2 1 1 2 2 2 3 3 4 3 3 3 3 5 8 8 8 9 9 23 23 14 15 15 23
 11 11 13 15 15 24 18 18 19 19 28 27 27 15 3 3 1 1 1 1 1 1 1 1 2 2 2 2 2 2 7 7 6 6 5 8 8 9 17 17 24 24 15 16 16 28
 11 11 14 16 16 25 25 25 37 37 40 36 36 21 9 9 2 2 2 1 1 1 1 1 2 2 3 2 2 4 7 7 7 7 5 7 7 10 15 15 14 14 15 14 14 35
 11 11 14 16 16 25 25 25 37 37 40 36 36 21 9 9 2 2 2 1 1 1 1 1 2 2 3 2 2 4 7 7 7 7 5 7 7 10 15 15 14 14 15 14 14 35
 9 9 15 20 20 34 31 31 40 40 71 71 71 59 36 36 18 18 15 2 2 1 1 1 2 2 2 3 3 3 5 5 5 5 6 4 4 5 13 13 15 15 23 18 18 20
 12 12 19 25 25 38 33 33 35 35 60 54 54 54 40 40 27 27 24 4 4 5 3 3 2 2 2 3 3 4 3 3 4 4 5 3 3 5 6 6 15 15 15 20 20 19
 12 12 19 25 25 38 33 33 35 35 60 54 54 54 40 40 27 27 24 4 4 5 3 3 2 2 2 3 3 4 3 3 4 4 5 3 3 5 6 6 15 15 15 20 20 19
 13 13 19 25 25 30 28 28 33 33 60 54 54 70 48 48 42 42 36 10 10 9 3 3 2 2 2 2 2 3 4 4 4 4 4 5 5 2 9 9 15 15 28 27 27 24
 13 13 19 25 25 30 28 28 33 33 60 54 54 70 48 48 42 42 36 10 10 9 3 3 2 2 2 2 2 3 4 4 4 4 4 5 5 2 9 9 15 15 28 27 27 24
 13 13 22 27 27 23 29 29 30 30 56 49 49 52 55 55 52 52 50 25 25 20 5 5 3 3 3 3 3 4 6 6 4 4 5 4 4 5 8 8 13 13 24 28 28 34
 14 14 16 18 18 20 30 30 27 27 36 39 39 34 56 56 74 74 55 55 55 44 23 23 9 9 8 2 2 4 4 4 3 3 3 3 3 15 19 19 21 21 26 34 34 32
 14 14 16 18 18 20 30 30 27 27 36 39 39 34 56 56 74 74 55 55 55 44 23 23 9 9 8 2 2 4 4 4 3 3 3 3 3 15 19 19 21 21 26 34 34 32
 13 13 13 11 11 15 18 18 27 27 43 34 34 29 43 43 76 76 67 66 66 57 41 41 22 22 11 2 2 3 4 4 3 3 8 13 13 21 17 17 20 20 27 33 33 28
 11 11 14 16 16 17 20 20 32 32 44 43 43 22 42 42 38 38 44 64 64 61 45 45 38 38 14 7 7 3 3 3 4 4 8 9 9 15 21 21 66 66 53 85 85 34
