assets/RAT_results_old/precipitation/2020-09-06_IMERG.asc
ncols        46
nrows        77
xllcorner    74.800261325624
yllcorner    8.058333333333
cellsize     0.062500000000
NODATA_value -9999
 17 17 28 20 20 28 14 14 13 13 11 36 36 24 16 16 12 12 2 4 4 2 4 4 11 11 9 1 1 2 0 0 0 0 0 0 0 0 0 0 0 0 0 0 0 0
 14 14 17 13 13 17 14 14 12 12 9 9 9 9 4 4 4 4 2 3 3 8 17 17 15 15 25 7 7 6 1 1 0 0 0 0 0 0 0 0 0 0 0 0 0 0
 14 14 17 13 13 17 14 14 12 12 9 9 9 9 4 4 4 4 2 3 3 8 17 17 15 15 25 7 7 6 1 1 0 0 0 0 0 0 0 0 0 0 0 0 0 0
 14 14 14 14 14 19 12 12 11 11 11 8 8 6 10 10 11 11 33 20 20 47 17 17 14 14 25 7 7 4 2 2 0 0 0 0 0 0 0 0 0 0 0 0 0 1
 15 15 23 18 18 14 7 7 22 22 26 27 27 23 13 13 23 23 26 30 30 32 16 16 8 8 3 3 3 1 0 0 0 0 4 2 2 0 0 0 0 0 2 0 0 0
 15 15 23 18 18 14 7 7 22 22 26 27 27 23 13 13 23 23 26 30 30 32 16 16 8 8 3 3 3 1 0 0 0 0 4 2 2 0 0 0 0 0 2 0 0 0
 41 41 13 184 184 184 19 19 20 20 25 23 23 22 21 21 26 26 32 36 36 32 20 20 9 9 2 2 2 2 0 0 1 1 3 4 4 0 0 0 0 0 0 0 0 0
 41 41 13 184 184 184 19 19 20 20 25 23 23 22 21 21 26 26 32 36 36 32 20 20 9 9 2 2 2 2 0 0 1 1 3 4 4 0 0 0 0 0 0 0 0 0
 42 42 200 199 199 181 87 87 30 30 35 31 31 22 21 21 31 31 17 20 20 22 19 19 9 9 3 2 2 1 3 3 4 4 6 12 12 5 1 1 0 0 0 0 0 0
 74 74 205 195 195 90 95 95 38 38 32 33 33 21 23 23 21 21 18 17 17 11 17 17 8 8 7 1 1 1 2 2 5 5 3 12 12 11 4 4 1 1 5 3 3 1
 74 74 205 195 195 90 95 95 38 38 32 33 33 21 23 23 21 21 18 17 17 11 17 17 8 8 7 1 1 1 2 2 5 5 3 12 12 11 4 4 1 1 5 3 3 1
 80 80 205 202 202 49 53 53 35 35 32 30 30 12 37 37 13 13 13 14 14 22 22 22 14 14 11 3 3 2 4 4 3 3 2 15 15 24 29 29 3 3 11 12 12 9
 45 45 24 23 23 46 47 47 29 29 24 14 14 24 28 28 19 19 28 25 25 32 34 34 17 17 19 9 9 4 1 1 3 3 1 7 7 7 5 5 4 4 7 3 3 6
 45 45 24 23 23 46 47 47 29 29 24 14 14 24 28 28 19 19 28 25 25 32 34 34 17 17 19 9 9 4 1 1 3 3 1 7 7 7 5 5 4 4 7 3 3 6
 44 44 24 26 26 27 27 27 27 27 26 10 10 17 20 20 21 21 23 15 15 28 36 36 23 23 12 9 9 8 3 3 0 0 1 3 3 6 5 5 3 3 3 3 3 1
 44 44 24 26 26 27 27 27 27 27 26 10 10 17 20 20 21 21 23 15 15 28 36 36 23 23 12 9 9 8 3 3 0 0 1 3 3 6 5 5 3 3 3 3 3 1
 20 20 22 30 30 24 22 22 27 27 28 13 13 21 22 22 53 53 19 11 11 13 12 12 16 16 10 12 12 4 2 2 0 0 0 1 1 4 2 2 3 3 3 1 1 3
 18 18 17 30 30 21 23 23 27 27 32 38 38 26 36 36 29 29 22 24 24 19 21 21 11 11 13 16 16 11 4 4 1 1 0 1 1 2 4 4 4 4 3 4 4 2
 18 18 17 30 30 21 23 23 27 27 32 38 38 26 36 36 29 29 22 24 24 19 21 21 11 11 13 16 16 11 4 4 1 1 0 1 1 2 4 4 4 4 3 4 4 2
 19 19 17 26 26 36 27 27 34 34 42 46 46 34 32 32 25 25 33 22 22 18 22 22 20 20 17 16 16 11 5 5 3 3 1 1 1 4 3 3 5 5 5 6 6 4
 21 21 21 29 29 29 44 44 47 47 50 46 46 32 31 31 18 18 17 20 20 22 29 29 21 21 21 20 20 17 14 14 10 10 13 6 6 8 7 7 5 5 5 7 7 2
 21 21 21 29 29 29 44 44 47 47 50 46 46 32 31 31 18 18 17 20 20 22 29 29 21 21 21 20 20 17 14 14 10 10 13 6 6 8 7 7 5 5 5 7 7 2
 18 18 20 31 31 42 39 39 38 38 37 41 41 29 33 33 16 16 16 19 19 19 28 28 30 30 22 16 16 12 9 9 11 11 21 43 43 11 10 10 3 3 3 3 3 2
 18 18 20 31 31 42 39 39 38 38 37 41 41 29 33 33 16 16 16 19 19 19 28 28 30 30 22 16 16 12 9 9 11 11 21 43 43 11 10 10 3 3 3 3 3 2
 13 13 21 21 21 42 28 28 28 28 29 40 40 31 34 34 27 27 16 31 31 33 59 59 39 39 25 15 15 15 10 10 11 11 37 36 36 43 14 14 7 7 4 3 3 4
 25 25 24 25 25 33 34 34 28 28 33 37 37 42 27 27 30 30 19 27 27 26 39 39 37 37 23 27 27 26 9 9 12 12 34 19 19 16 14 14 38 38 15 6 6 9
 25 25 24 25 25 33 34 34 28 28 33 37 37 42 27 27 30 30 19 27 27 26 39 39 37 37 23 27 27 26 9 9 12 12 34 19 19 16 14 14 38 38 15 6 6 9
 17 17 21 26 26 27 18 18 28 28 30 37 37 37 72 72 29 29 24 22 22 27 32 32 38 38 34 30 30 18 9 9 10 10 13 12 12 16 20 20 19 19 36 16 16 11
 25 25 26 29 29 32 35 35 31 31 34 63 63 90 111 111 45 45 20 14 14 12 13 13 24 24 23 29 29 10 9 9 13 13 12 10 10 9 12 12 18 18 38 24 24 14
 25 25 26 29 29 32 35 35 31 31 34 63 63 90 111 111 45 45 20 14 14 12 13 13 24 24 23 29 29 10 9 9 13 13 12 10 10 9 12 12 18 18 38 24 24 14
 27 27 35 33 33 34 45 45 55 55 45 57 57 118 112 112 33 33 13 10 10 11 26 26 25 25 32 22 22 12 12 12 12 12 15 9 9 15 16 16 24 24 32 28 28 29
 27 27 35 33 33 34 45 45 55 55 45 57 57 118 112 112 33 33 13 10 10 11 26 26 25 25 32 22 22 12 12 12 12 12 15 9 9 15 16 16 24 24 32 28 28 29
 41 41 44 43 43 40 50 50 60 60 60 72 72 99 64 64 31 31 31 32 32 28 44 44 36 36 22 14 14 12 12 12 15 15 14 13 13 10 16 16 27 27 38 35 35 19
 50 50 59 48 48 54 40 40 64 64 69 72 72 76 74 74 42 42 34 33 33 40 50 50 31 31 27 13 13 10 10 10 10 10 13 13 13 16 26 26 37 37 42 23 23 12
 50 50 59 48 48 54 40 40 64 64 69 72 72 76 74 74 42 42 34 33 33 40 50 50 31 31 27 13 13 10 10 10 10 10 13 13 13 16 26 26 37 37 42 23 23 12
 49 49 57 48 48 64 61 61 61 61 68 56 56 76 61 61 50 50 32 41 41 43 56 56 39 39 24 17 17 14 11 11 10 10 14 14 14 17 24 24 25 25 22 18 18 11
 46 46 49 57 57 50 63 63 82 82 78 59 59 62 80 80 24 24 47 32 32 38 41 41 40 40 34 30 30 12 13 13 15 15 24 18 18 17 21 21 22 22 16 16 16 9
 46 46 49 57 57 50 63 63 82 82 78 59 59 62 80 80 24 24 47 32 32 38 41 41 40 40 34 30 30 12 13 13 15 15 24 18 18 17 21 21 22 22 16 16 16 9
 46 46 39 50 50 49 64 64 84 84 97 106 106 111 87 87 35 35 41 40 40 39 45 45 25 25 30 27 27 17 16 16 12 12 15 24 24 20 23 23 11 11 12 9 9 9
 46 46 39 50 50 49 64 64 84 84 97 106 106 111 87 87 35 35 41 40 40 39 45 45 25 25 30 27 27 17 16 16 12 12 15 24 24 20 23 23 11 11 12 9 9 9
 40 40 40 48 48 43 68 68 75 75 97 115 115 102 89 89 45 45 58 41 41 47 30 30 28 28 22 20 20 21 32 32 30 30 18 14 14 14 12 12 8 8 9 8 8 10
 46 46 51 34 34 48 68 68 67 67 111 110 110 92 63 63 62 62 51 49 49 55 79 79 33 33 26 30 30 27 31 31 18 18 27 9 9 12 8 8 10 10 11 22 22 5
 46 46 51 34 34 48 68 68 67 67 111 110 110 92 63 63 62 62 51 49 49 55 79 79 33 33 26 30 30 27 31 31 18 18 27 9 9 12 8 8 10 10 11 22 22 5
 58 58 60 56 56 72 54 54 75 75 82 89 89 80 54 54 49 49 38 44 44 54 64 64 36 36 22 25 25 32 27 27 20 20 15 14 14 12 9 9 16 16 8 6 6 6
 60 60 47 47 47 60 53 53 67 67 64 73 73 58 32 32 26 26 31 57 57 41 43 43 35 35 35 29 29 32 25 25 20 20 15 13 13 11 9 9 10 10 8 7 7 7
 60 60 47 47 47 60 53 53 67 67 64 73 73 58 32 32 26 26 31 57 57 41 43 43 35 35 35 29 29 32 25 25 20 20 15 13 13 11 9 9 10 10 8 7 7 7
 52 52 43 41 41 59 51 51 45 45 49 51 51 43 41 41 25 25 28 57 57 47 60 60 38 38 39 42 42 31 20 20 15 15 14 10 10 9 7 7 5 5 7 9 9 7
 52 52 43 41 41 59 51 51 45 45 49 51 51 43 41 41 25 25 28 57 57 47 60 60 38 38 39 42 42 31 20 20 15 15 14 10 10 9 7 7 5 5 7 9 9 7
 42 42 36 41 41 60 58 58 42 42 35 39 39 42 61 61 60 60 41 76 76 62 63 63 49 49 49 43 43 33 24 24 19 19 12 9 9 9 5 5 8 8 6 5 5 7
 42 42 44 45 45 55 49 49 42 42 57 51 51 61 53 53 67 67 49 74 74 93 76 76 55 55 50 37 37 30 21 21 23 23 19 13 13 9 9 9 13 13 4 3 3 3
 42 42 44 45 45 55 49 49 42 42 57 51 51 61 53 53 67 67 49 74 74 93 76 76 55 55 50 37 37 30 21 21 23 23 19 13 13 9 9 9 13 13 4 3 3 3
 46 46 45 43 43 66 62 62 64 64 74 77 77 68 62 62 73 73 62 75 75 85 77 77 48 48 29 38 38 40 23 23 21 21 18 15 15 12 8 8 7 7 4 2 2 3
 68 68 64 62 62 95 92 92 77 77 84 92 92 83 63 63 71 71 70 72 72 65 50 50 37 37 34 35 35 30 27 27 19 19 15 9 9 8 6 6 5 5 2 1 1 1
 68 68 64 62 62 95 92 92 77 77 84 92 92 83 63 63 71 71 70 72 72 65 50 50 37 37 34 35 35 30 27 27 19 19 15 9 9 8 6 6 5 5 2 1 1 1
 78 78 82 112 112 97 92 92 73 73 84 71 71 60 62 62 58 58 73 74 74 73 33 33 36 36 36 27 27 20 23 23 13 13 11 7 7 5 2 2 1 1 1 0 0 0
 78 78 82 112 112 97 92 92 73 73 84 71 71 60 62 62 58 58 73 74 74 73 33 33 36 36 36 27 27 20 23 23 13 13 11 7 7 5 2 2 1 1 1 0 0 0
 74 74 86 98 98 90 75 75 118 118 110 34 34 43 63 63 79 79 77 75 75 66 32 32 35 35 40 28 28 20 20 20 15 15 6 4 4 1 1 1 1 1 0 0 0 0
 73 73 75 91 91 77 86 86 130 130 114 79 79 82 102 102 80 80 66 57 57 50 35 35 25 25 25 21 21 21 14 14 11 11 8 0 0 0 0 0 0 0 0 0 0 0
 73 73 75 91 91 77 86 86 130 130 114 79 79 82 102 102 80 80 66 57 57 50 35 35 25 25 25 21 21 21 14 14 11 11 8 0 0 0 0 0 0 0 0 0 0 0
 55 55 58 78 78 81 78 78 114 114 97 88 88 93 92 92 68 68 72 54 54 41 36 36 27 27 24 11 11 8 6 6 4 4 3 1 1 0 0 0 0 0 0 0 0 0
 42 42 45 62 62 66 85 85 80 80 98 83 83 87 52 52 53 53 62 32 32 20 18 18 14 14 19 24 24 24 17 17 4 4 0 2 2 1 0 0 0 0 0 0 0 0
 42 42 45 62 62 66 85 85 80 80 98 83 83 87 52 52 53 53 62 32 32 20 18 18 14 14 19 24 24 24 17 17 4 4 0 2 2 1 0 0 0 0 0 0 0 0
 41 41 42 50 50 58 76 76 68 68 62 41 41 38 32 32 44 44 46 38 38 13 15 15 17 17 23 19 19 26 24 24 7 7 7 4 4 2 1 1 1 1 0 0 0 0
 41 41 42 50 50 58 76 76 68 68 62 41 41 38 32 32 44 44 46 38 38 13 15 15 17 17 23 19 19 26 24 24 7 7 7 4 4 2 1 1 1 1 0 0 0 0
 32 32 38 41 41 46 53 53 46 46 42 38 38 35 29 29 30 30 26 29 29 27 17 17 20 20 31 39 39 40 35 35 19 19 17 7 7 6 4 4 1 1 0 1 1 0
 25 25 37 41 41 48 51 51 36 36 40 38 38 34 34 34 35 35 27 29 29 50 49 49 48 48 41 33 33 25 22 22 20 20 18 12 12 5 6 6 4 4 1 0 0 1
 25 25 37 41 41 48 51 51 36 36 40 38 38 34 34 34 35 35 27 29 29 50 49 49 48 48 41 33 33 25 22 22 20 20 18 12 12 5 6 6 4 4 1 0 0 1
 28 28 35 36 36 57 56 56 53 53 48 48 48 32 36 36 40 40 37 42 42 53 51 51 50 50 37 24 24 25 19 19 16 16 15 12 12 10 11 11 5 5 2 0 0 1
 26 26 43 45 45 44 44 44 37 37 50 46 46 35 31 31 39 39 23 35 35 46 46 46 37 37 42 20 20 28 22 22 18 18 20 18 18 11 12 12 6 6 4 1 1 1
 26 26 43 45 45 44 44 44 37 37 50 46 46 35 31 31 39 39 23 35 35 46 46 46 37 37 42 20 20 28 22 22 18 18 20 18 18 11 12 12 6 6 4 1 1 1
 27 27 30 35 35 44 44 44 40 40 32 25 25 19 16 16 22 22 21 35 35 23 32 32 28 28 23 21 21 20 22 22 15 15 19 17 17 12 14 14 8 8 5 3 3 1
 27 27 30 35 35 44 44 44 40 40 32 25 25 19 16 16 22 22 21 35 35 23 32 32 28 28 23 21 21 20 22 22 15 15 19 17 17 12 14 14 8 8 5 3 3 1
 26 26 28 31 31 34 33 33 28 28 23 21 21 20 17 17 14 14 16 23 23 25 31 31 25 25 21 17 17 18 22 22 22 22 17 18 18 18 11 11 7 7 2 1 1 0
 19 19 24 37 37 28 19 19 21 21 18 19 19 18 15 15 14 14 16 17 17 26 25 25 19 19 18 14 14 15 17 17 28 28 19 21 21 14 14 14 10 10 0 0 0 0
 19 19 24 37 37 28 19 19 21 21 18 19 19 18 15 15 14 14 16 17 17 26 25 25 19 19 18 14 14 15 17 17 28 28 19 21 21 14 14 14 10 10 0 0 0 0
 15 15 23 45 45 36 20 20 14 14 14 18 18 17 13 13 14 14 16 16 16 23 18 18 18 18 21 22 22 11 13 13 17 17 12 13 13 5 4 4 13 13 2 1 1 1
 13 13 26 45 45 32 11 11 10 10 12 15 15 13 12 12 13 13 14 10 10 17 15 15 13 13 14 14 14 14 10 10 11 11 7 7 7 5 2 2 2 2 3 2 2 3
