assets/RAT_results_old/precipitation/2020-07-16_IMERG.asc
ncols        46
nrows        77
xllcorner    74.800261325624
yllcorner    8.058333333333
cellsize     0.062500000000
NODATA_value -9999
 40 40 33 31 31 39 44 44 40 40 31 25 25 23 18 18 15 15 15 13 13 21 21 21 17 17 18 18 18 5 7 7 4 4 7 15 15 12 15 15 16 16 17 15 15 22
 40 40 41 39 39 31 36 36 36 36 32 30 30 17 14 14 25 25 25 31 31 22 22 22 17 17 15 17 17 3 4 4 4 4 9 15 15 13 13 13 15 15 13 12 12 16
 40 40 41 39 39 31 36 36 36 36 32 30 30 17 14 14 25 25 25 31 31 22 22 22 17 17 15 17 17 3 4 4 4 4 9 15 15 13 13 13 15 15 13 12 12 16
 40 40 34 33 33 31 30 30 49 49 46 41 41 20 16 16 28 28 35 33 33 23 14 14 11 11 8 8 8 4 4 4 7 7 8 13 13 12 16 16 14 14 15 9 9 8
 28 28 37 40 40 29 37 37 37 37 46 39 39 21 18 18 17 17 25 28 28 23 19 19 13 13 7 5 5 4 5 5 7 7 5 8 8 8 3 3 7 7 11 8 8 9
 28 28 37 40 40 29 37 37 37 37 46 39 39 21 18 18 17 17 25 28 28 23 19 19 13 13 7 5 5 4 5 5 7 7 5 8 8 8 3 3 7 7 11 8 8 9
 42 42 36 44 44 28 22 22 26 26 34 29 29 27 22 22 29 29 21 18 18 17 16 16 10 10 6 6 6 5 4 4 4 4 4 3 3 3 3 3 3 3 12 8 8 9
 42 42 36 44 44 28 22 22 26 26 34 29 29 27 22 22 29 29 21 18 18 17 16 16 10 10 6 6 6 5 4 4 4 4 4 3 3 3 3 3 3 3 12 8 8 9
 41 41 41 39 39 28 23 23 26 26 24 27 27 26 31 31 29 29 19 19 19 16 14 14 9 9 4 5 5 3 4 4 3 3 3 2 2 2 2 2 3 3 4 5 5 5
 45 45 47 40 40 37 33 33 28 28 27 27 27 23 21 21 19 19 20 32 32 19 15 15 6 6 5 3 3 3 3 3 3 3 2 2 2 1 2 2 2 2 3 3 3 4
 45 45 47 40 40 37 33 33 28 28 27 27 27 23 21 21 19 19 20 32 32 19 15 15 6 6 5 3 3 3 3 3 3 3 2 2 2 1 2 2 2 2 3 3 3 4
 44 44 61 27 27 35 33 33 27 27 28 25 25 27 24 24 26 26 25 24 24 18 10 10 6 6 2 2 2 2 1 1 1 1 1 1 1 2 3 3 3 3 3 3 3 3
 85 85 82 34 34 39 31 31 28 28 27 23 23 24 21 21 23 23 29 21 21 13 7 7 5 5 2 2 2 2 1 1 1 1 1 2 2 3 4 4 4 4 3 2 2 2
 85 85 82 34 34 39 31 31 28 28 27 23 23 24 21 21 23 23 29 21 21 13 7 7 5 5 2 2 2 2 1 1 1 1 1 2 2 3 4 4 4 4 3 2 2 2
 56 56 49 46 46 50 31 31 34 34 25 26 26 24 22 22 35 35 24 18 18 10 6 6 5 5 2 1 1 1 1 1 1 1 2 4 4 5 5 5 4 4 3 1 1 2
 56 56 49 46 46 50 31 31 34 34 25 26 26 24 22 22 35 35 24 18 18 10 6 6 5 5 2 1 1 1 1 1 1 1 2 4 4 5 5 5 4 4 3 1 1 2
 61 61 44 47 47 37 37 37 27 27 25 35 35 31 24 24 20 20 18 13 13 11 8 8 5 5 3 2 2 1 1 1 1 1 2 4 4 5 5 5 4 4 3 3 3 2
 35 35 32 36 36 26 24 24 23 23 23 23 23 18 19 19 15 15 13 12 12 11 10 10 7 7 5 4 4 2 2 2 2 2 2 3 3 4 4 4 3 3 3 2 2 2
 35 35 32 36 36 26 24 24 23 23 23 23 23 18 19 19 15 15 13 12 12 11 10 10 7 7 5 4 4 2 2 2 2 2 2 3 3 4 4 4 3 3 3 2 2 2
 35 35 21 18 18 20 18 18 20 20 24 22 22 16 16 16 12 12 10 11 11 12 13 13 10 10 7 7 7 4 3 3 2 2 2 4 4 4 3 3 3 3 4 3 3 3
 30 30 24 19 19 21 16 16 18 18 22 19 19 11 12 12 13 13 10 11 11 10 10 10 8 8 8 9 9 6 4 4 4 4 4 4 4 4 2 2 2 2 3 2 2 2
 30 30 24 19 19 21 16 16 18 18 22 19 19 11 12 12 13 13 10 11 11 10 10 10 8 8 8 9 9 6 4 4 4 4 4 4 4 4 2 2 2 2 3 2 2 2
 34 34 33 20 20 20 16 16 14 14 17 16 16 16 24 24 21 21 13 8 8 9 8 8 7 7 7 7 7 8 7 7 5 5 3 4 4 4 2 2 2 2 2 2 2 2
 34 34 33 20 20 20 16 16 14 14 17 16 16 16 24 24 21 21 13 8 8 9 8 8 7 7 7 7 7 8 7 7 5 5 3 4 4 4 2 2 2 2 2 2 2 2
 39 39 34 36 36 28 34 34 13 13 15 24 24 28 35 35 28 28 19 10 10 11 8 8 6 6 3 4 4 7 5 5 3 3 3 4 4 5 2 2 2 2 2 3 3 3
 44 44 33 37 37 43 36 36 19 19 19 18 18 32 35 35 30 30 16 12 12 12 7 7 3 3 3 4 4 6 3 3 4 4 3 5 5 7 4 4 3 3 3 3 3 5
 44 44 33 37 37 43 36 36 19 19 19 18 18 32 35 35 30 30 16 12 12 12 7 7 3 3 3 4 4 6 3 3 4 4 3 5 5 7 4 4 3 3 3 3 3 5
 56 56 54 46 46 45 44 44 28 28 22 18 18 20 25 25 35 35 19 11 11 13 3 3 3 3 5 3 3 5 5 5 5 5 7 6 6 6 4 4 4 4 5 4 4 6
 47 47 41 46 46 44 44 44 34 34 24 20 20 19 27 27 32 32 21 10 10 11 6 6 9 9 9 6 6 7 7 7 10 10 9 6 6 5 4 4 5 5 5 4 4 7
 47 47 41 46 46 44 44 44 34 34 24 20 20 19 27 27 32 32 21 10 10 11 6 6 9 9 9 6 6 7 7 7 10 10 9 6 6 5 4 4 5 5 5 4 4 7
 57 57 48 45 45 54 57 57 51 51 35 17 17 17 19 19 24 24 26 20 20 12 11 11 12 12 9 9 9 8 9 9 12 12 8 7 7 6 3 3 4 4 3 3 3 4
 57 57 48 45 45 54 57 57 51 51 35 17 17 17 19 19 24 24 26 20 20 12 11 11 12 12 9 9 9 8 9 9 12 12 8 7 7 6 3 3 4 4 3 3 3 4
 55 55 50 52 52 57 64 64 101 101 41 28 28 27 30 30 31 31 32 21 21 10 14 14 12 12 9 7 7 7 10 10 9 9 10 8 8 6 4 4 4 4 2 2 2 2
 57 57 54 66 66 76 87 87 104 104 62 30 30 32 33 33 31 31 30 24 24 16 19 19 12 12 11 10 10 6 8 8 8 8 7 7 7 6 4 4 4 4 4 3 3 2
 57 57 54 66 66 76 87 87 104 104 62 30 30 32 33 33 31 31 30 24 24 16 19 19 12 12 11 10 10 6 8 8 8 8 7 7 7 6 4 4 4 4 4 3 3 2
 71 71 53 66 66 77 84 84 87 87 62 37 37 32 34 34 22 22 28 26 26 18 18 18 12 12 12 11 11 11 6 6 6 6 9 8 8 4 5 5 5 5 5 5 5 3
 53 53 56 69 69 69 73 73 47 47 38 21 21 22 26 26 23 23 23 27 27 24 18 18 13 13 11 15 15 12 9 9 9 9 9 6 6 6 7 7 6 6 6 6 6 4
 53 53 56 69 69 69 73 73 47 47 38 21 21 22 26 26 23 23 23 27 27 24 18 18 13 13 11 15 15 12 9 9 9 9 9 6 6 6 7 7 6 6 6 6 6 4
 41 41 59 53 53 48 46 46 27 27 27 23 23 19 22 22 22 22 35 28 28 26 20 20 22 22 19 16 16 16 14 14 13 13 11 12 12 8 9 9 8 8 10 6 6 6
 41 41 59 53 53 48 46 46 27 27 27 23 23 19 22 22 22 22 35 28 28 26 20 20 22 22 19 16 16 16 14 14 13 13 11 12 12 8 9 9 8 8 10 6 6 6
 52 52 72 58 58 40 37 37 34 34 21 19 19 20 23 23 23 23 23 31 31 25 17 17 17 17 19 14 14 17 9 9 11 11 11 12 12 13 14 14 14 14 14 8 8 9
 34 34 47 48 48 42 33 33 34 34 19 15 15 15 23 23 23 23 23 29 29 28 25 25 19 19 15 19 19 16 9 9 11 11 13 12 12 16 15 15 16 16 15 9 9 10
 34 34 47 48 48 42 33 33 34 34 19 15 15 15 23 23 23 23 23 29 29 28 25 25 19 19 15 19 19 16 9 9 11 11 13 12 12 16 15 15 16 16 15 9 9 10
 37 37 46 42 42 38 33 33 33 33 16 17 17 16 16 16 16 16 18 26 26 27 25 25 16 16 16 12 12 15 9 9 12 12 16 14 14 15 14 14 11 11 8 9 9 8
 37 37 38 40 40 41 39 39 39 39 18 17 17 15 13 13 10 10 16 22 22 24 20 20 19 19 16 19 19 13 11 11 12 12 15 13 13 12 9 9 11 11 10 7 7 7
 37 37 38 40 40 41 39 39 39 39 18 17 17 15 13 13 10 10 16 22 22 24 20 20 19 19 16 19 19 13 11 11 12 12 15 13 13 12 9 9 11 11 10 7 7 7
 49 49 53 50 50 47 46 46 38 38 19 21 21 18 26 26 23 23 11 20 20 26 15 15 19 19 19 16 16 17 14 14 11 11 13 8 8 10 7 7 9 9 11 7 7 8
 49 49 53 50 50 47 46 46 38 38 19 21 21 18 26 26 23 23 11 20 20 26 15 15 19 19 19 16 16 17 14 14 11 11 13 8 8 10 7 7 9 9 11 7 7 8
 52 52 54 55 55 50 44 44 34 34 31 44 44 43 38 38 24 24 9 16 16 23 13 13 19 19 22 19 19 21 19 19 11 11 11 6 6 7 7 7 9 9 10 8 8 9
 57 57 54 62 62 68 62 62 43 43 40 44 44 42 40 40 23 23 8 11 11 18 19 19 23 23 22 17 17 17 14 14 11 11 9 7 7 4 4 4 6 6 8 9 9 10
 57 57 54 62 62 68 62 62 43 43 40 44 44 42 40 40 23 23 8 11 11 18 19 19 23 23 22 17 17 17 14 14 11 11 9 7 7 4 4 4 6 6 8 9 9 10
 55 55 66 64 64 70 59 59 41 41 45 43 43 48 22 22 27 27 17 13 13 17 22 22 19 19 25 13 13 12 11 11 7 7 7 6 6 3 3 3 6 6 10 12 12 12
 59 59 72 71 71 73 52 52 40 40 44 45 45 40 32 32 22 22 39 20 20 13 26 26 23 23 24 13 13 12 11 11 8 8 5 5 5 2 2 2 6 6 11 12 12 11
 59 59 72 71 71 73 52 52 40 40 44 45 45 40 32 32 22 22 39 20 20 13 26 26 23 23 24 13 13 12 11 11 8 8 5 5 5 2 2 2 6 6 11 12 12 11
 51 51 71 69 69 72 64 64 50 50 39 43 43 43 35 35 44 44 51 13 13 22 21 21 20 20 15 8 8 6 7 7 8 8 5 5 5 3 3 3 7 7 8 9 9 8
 51 51 71 69 69 72 64 64 50 50 39 43 43 43 35 35 44 44 51 13 13 22 21 21 20 20 15 8 8 6 7 7 8 8 5 5 5 3 3 3 7 7 8 9 9 8
 55 55 70 69 69 64 63 63 63 63 47 36 36 31 37 37 63 63 35 11 11 11 13 13 16 16 12 8 8 3 3 3 6 6 9 5 5 4 3 3 7 7 7 9 9 6
 55 55 68 71 71 64 59 59 47 47 42 31 31 42 39 39 70 70 36 13 13 6 8 8 7 7 9 8 8 3 1 1 5 5 9 5 5 4 6 6 9 9 9 10 10 6
 55 55 68 71 71 64 59 59 47 47 42 31 31 42 39 39 70 70 36 13 13 6 8 8 7 7 9 8 8 3 1 1 5 5 9 5 5 4 6 6 9 9 9 10 10 6
 61 61 67 75 75 76 63 63 49 49 51 45 45 43 33 33 53 53 43 13 13 7 11 11 10 10 10 7 7 4 2 2 4 4 4 4 4 6 8 8 10 10 8 10 10 6
 57 57 62 75 75 64 58 58 41 41 36 45 45 42 28 28 34 34 26 12 12 9 13 13 12 12 10 10 10 4 4 4 3 3 3 5 5 5 8 8 10 10 8 6 6 5
 57 57 62 75 75 64 58 58 41 41 36 45 45 42 28 28 34 34 26 12 12 9 13 13 12 12 10 10 10 4 4 4 3 3 3 5 5 5 8 8 10 10 8 6 6 5
 49 49 55 61 61 63 50 50 44 44 38 36 36 41 21 21 34 34 19 6 6 5 9 9 8 8 10 11 11 8 5 5 4 4 4 3 3 4 9 9 8 8 7 5 5 5
 49 49 55 61 61 63 50 50 44 44 38 36 36 41 21 21 34 34 19 6 6 5 9 9 8 8 10 11 11 8 5 5 4 4 4 3 3 4 9 9 8 8 7 5 5 5
 45 45 56 49 49 63 47 47 41 41 37 34 34 34 27 27 35 35 16 10 10 6 6 6 6 6 8 9 9 11 8 8 6 6 3 4 4 6 7 7 9 9 8 5 5 5
 48 48 50 53 53 61 44 44 42 42 38 22 22 22 29 29 34 34 16 14 14 7 7 7 9 9 8 9 9 9 6 6 7 7 4 5 5 6 4 4 6 6 7 3 3 3
 48 48 50 53 53 61 44 44 42 42 38 22 22 22 29 29 34 34 16 14 14 7 7 7 9 9 8 9 9 9 6 6 7 7 4 5 5 6 4 4 6 6 7 3 3 3
 48 48 51 51 51 51 46 46 41 41 31 31 31 27 31 31 34 34 17 16 16 14 10 10 10 10 10 8 8 7 7 7 6 6 3 5 5 4 4 4 7 7 9 3 3 4
 46 46 44 45 45 46 40 40 32 32 31 33 33 39 42 42 36 36 20 20 20 14 15 15 11 11 10 10 10 9 7 7 9 9 5 7 7 4 3 3 9 9 10 7 7 6
 46 46 44 45 45 46 40 40 32 32 31 33 33 39 42 42 36 36 20 20 20 14 15 15 11 11 10 10 10 9 7 7 9 9 5 7 7 4 3 3 9 9 10 7 7 6
 46 46 46 44 44 42 37 37 33 33 38 37 37 46 56 56 40 40 18 19 19 11 13 13 8 8 8 7 7 6 6 6 7 7 9 8 8 7 5 5 8 8 13 14 14 8
 46 46 46 44 44 42 37 37 33 33 38 37 37 46 56 56 40 40 18 19 19 11 13 13 8 8 8 7 7 6 6 6 7 7 9 8 8 7 5 5 8 8 13 14 14 8
 40 40 42 41 41 38 38 38 39 39 41 44 44 55 53 53 42 42 21 22 22 15 12 12 8 8 6 5 5 6 4 4 5 5 11 11 11 8 8 8 7 7 14 15 15 12
 33 33 37 40 40 41 39 39 40 40 41 42 42 46 41 41 26 26 20 23 23 17 15 15 14 14 9 6 6 6 4 4 5 5 6 6 6 9 9 9 7 7 12 12 12 11
 33 33 37 40 40 41 39 39 40 40 41 42 42 46 41 41 26 26 20 23 23 17 15 15 14 14 9 6 6 6 4 4 5 5 6 6 6 9 9 9 7 7 12 12 12 11
 30 30 35 44 44 46 43 43 41 41 41 39 39 37 38 38 44 44 24 23 23 23 16 16 15 15 12 12 12 5 5 5 6 6 6 6 6 7 8 8 9 9 13 13 13 11
 31 31 34 40 40 43 40 40 40 40 41 40 40 42 42 42 44 44 29 21 21 20 15 15 14 14 15 13 13 11 7 7 7 7 6 6 6 6 6 6 10 10 12 10 10 9
