assets/RAT_results_old/precipitation/2020-09-08_IMERG.asc
ncols        46
nrows        77
xllcorner    74.800261325624
yllcorner    8.058333333333
cellsize     0.062500000000
NODATA_value -9999
 10 10 6 2 2 3 3 3 4 4 8 9 9 3 3 3 1 1 3 1 1 1 3 3 0 0 0 2 2 1 3 3 5 5 6 8 8 11 11 11 8 8 9 12 12 14
 17 17 3 3 3 5 4 4 3 3 11 3 3 2 4 4 5 5 9 1 1 1 0 0 0 0 0 0 0 1 2 2 2 2 1 3 3 4 9 9 4 4 3 9 9 8
 17 17 3 3 3 5 4 4 3 3 11 3 3 2 4 4 5 5 9 1 1 1 0 0 0 0 0 0 0 1 2 2 2 2 1 3 3 4 9 9 4 4 3 9 9 8
 10 10 4 2 2 1 6 6 6 6 2 4 4 2 2 2 8 8 32 10 10 0 0 0 0 0 0 0 0 0 0 0 0 0 0 1 1 1 2 2 2 2 2 1 1 1
 27 27 10 5 5 7 7 7 7 7 6 6 6 1 2 2 0 0 3 3 3 0 2 2 0 0 0 0 0 0 0 0 0 0 0 0 0 0 0 0 0 0 0 0 0 0
 27 27 10 5 5 7 7 7 7 7 6 6 6 1 2 2 0 0 3 3 3 0 2 2 0 0 0 0 0 0 0 0 0 0 0 0 0 0 0 0 0 0 0 0 0 0
 16 16 10 7 7 6 7 7 4 4 3 5 5 3 3 3 2 2 1 2 2 2 1 1 1 1 0 1 1 0 0 0 0 0 0 0 0 0 0 0 0 0 0 0 0 0
 16 16 10 7 7 6 7 7 4 4 3 5 5 3 3 3 2 2 1 2 2 2 1 1 1 1 0 1 1 0 0 0 0 0 0 0 0 0 0 0 0 0 0 0 0 0
 18 18 8 7 7 5 3 3 15 15 3 7 7 10 3 3 3 3 1 1 1 2 2 2 1 1 1 1 1 0 0 0 0 0 0 0 0 0 0 0 0 0 0 0 0 0
 14 14 9 16 16 9 9 9 12 12 4 4 4 9 5 5 3 3 2 1 1 1 1 1 1 1 1 0 0 1 0 0 0 0 0 0 0 0 0 0 0 0 1 0 0 1
 14 14 9 16 16 9 9 9 12 12 4 4 4 9 5 5 3 3 2 1 1 1 1 1 1 1 1 0 0 1 0 0 0 0 0 0 0 0 0 0 0 0 1 0 0 1
 10 10 9 10 10 11 16 16 6 6 6 11 11 10 1 1 0 0 2 0 0 0 0 0 3 3 1 1 1 1 1 1 0 0 0 6 6 0 0 0 0 0 1 1 1 1
 8 8 5 3 3 11 18 18 10 10 4 4 4 2 1 1 5 5 0 0 0 11 4 4 0 0 14 1 1 1 1 1 1 1 0 2 2 1 1 1 4 4 0 2 2 2
 8 8 5 3 3 11 18 18 10 10 4 4 4 2 1 1 5 5 0 0 0 11 4 4 0 0 14 1 1 1 1 1 1 1 0 2 2 1 1 1 4 4 0 2 2 2
 7 7 1 2 2 3 6 6 9 9 7 4 4 0 0 0 0 0 0 1 1 1 1 1 1 1 1 5 5 1 1 1 1 1 3 4 4 2 1 1 5 5 6 3 3 3
 7 7 1 2 2 3 6 6 9 9 7 4 4 0 0 0 0 0 0 1 1 1 1 1 1 1 1 5 5 1 1 1 1 1 3 4 4 2 1 1 5 5 6 3 3 3
 4 4 1 2 2 2 3 3 6 6 3 1 1 1 1 1 1 1 1 1 1 2 2 2 2 2 1 1 1 1 1 1 1 1 5 8 8 6 4 4 4 4 3 4 4 3
 3 3 1 1 1 2 3 3 3 3 2 3 3 1 1 1 1 1 3 5 5 4 4 4 2 2 1 1 1 1 3 3 3 3 1 6 6 4 2 2 2 2 4 3 3 2
 3 3 1 1 1 2 3 3 3 3 2 3 3 1 1 1 1 1 3 5 5 4 4 4 2 2 1 1 1 1 3 3 3 3 1 6 6 4 2 2 2 2 4 3 3 2
 2 2 1 2 2 2 2 2 1 1 2 3 3 3 2 2 1 1 1 4 4 4 4 4 2 2 2 1 1 3 4 4 14 14 2 4 4 2 2 2 2 2 3 4 4 6
 0 0 1 2 2 2 2 2 1 1 2 4 4 4 6 6 2 2 2 10 10 13 3 3 3 3 4 2 2 3 7 7 19 19 4 4 4 3 3 3 4 4 15 7 7 13
 0 0 1 2 2 2 2 2 1 1 2 4 4 4 6 6 2 2 2 10 10 13 3 3 3 3 4 2 2 3 7 7 19 19 4 4 4 3 3 3 4 4 15 7 7 13
 1 1 1 1 1 1 1 1 1 1 2 2 2 4 7 7 5 5 6 7 7 6 4 4 8 8 4 3 3 5 9 9 8 8 4 15 15 7 4 4 4 4 8 13 13 16
 1 1 1 1 1 1 1 1 1 1 2 2 2 4 7 7 5 5 6 7 7 6 4 4 8 8 4 3 3 5 9 9 8 8 4 15 15 7 4 4 4 4 8 13 13 16
 2 2 1 1 1 1 1 1 2 2 1 1 1 3 3 3 4 4 3 3 3 6 12 12 13 13 7 3 3 4 5 5 9 9 27 11 11 4 5 5 4 4 4 14 14 20
 1 1 2 1 1 1 1 1 3 3 2 1 1 1 2 2 4 4 5 4 4 5 7 7 8 8 13 5 5 7 3 3 4 4 5 11 11 4 4 4 5 5 6 3 3 5
 1 1 2 1 1 1 1 1 3 3 2 1 1 1 2 2 4 4 5 4 4 5 7 7 8 8 13 5 5 7 3 3 4 4 5 11 11 4 4 4 5 5 6 3 3 5
 1 1 2 1 1 1 1 1 2 2 1 1 1 2 4 4 4 4 5 3 3 23 2 2 3 3 8 5 5 5 2 2 2 2 1 1 1 1 1 1 4 4 7 2 2 3
 1 1 2 2 2 1 2 2 2 2 1 1 1 2 1 1 4 4 3 1 1 10 1 1 2 2 3 5 5 5 2 2 2 2 2 1 1 1 1 1 2 2 2 1 1 2
 1 1 2 2 2 1 2 2 2 2 1 1 1 2 1 1 4 4 3 1 1 10 1 1 2 2 3 5 5 5 2 2 2 2 2 1 1 1 1 1 2 2 2 1 1 2
 1 1 2 1 1 1 2 2 3 3 2 2 2 1 1 1 2 2 2 2 2 0 0 0 1 1 1 1 1 1 3 3 1 1 2 1 1 2 2 2 1 1 1 1 1 2
 1 1 2 1 1 1 2 2 3 3 2 2 2 1 1 1 2 2 2 2 2 0 0 0 1 1 1 1 1 1 3 3 1 1 2 1 1 2 2 2 1 1 1 1 1 2
 1 1 1 1 1 2 2 2 2 2 2 2 2 2 1 1 2 2 2 3 3 1 0 0 0 0 0 0 0 0 0 0 1 1 1 2 2 1 2 2 2 2 2 0 0 1
 1 1 1 1 1 1 1 1 1 1 1 1 1 1 1 1 1 1 2 6 6 2 0 0 0 0 0 0 0 0 0 0 0 0 0 0 0 1 1 1 2 2 2 2 2 1
 1 1 1 1 1 1 1 1 1 1 1 1 1 1 1 1 1 1 2 6 6 2 0 0 0 0 0 0 0 0 0 0 0 0 0 0 0 1 1 1 2 2 2 2 2 1
 1 1 1 1 1 2 1 1 1 1 1 1 1 1 2 2 1 1 2 4 4 4 4 4 1 1 1 0 0 0 0 0 0 0 0 0 0 0 1 1 2 2 2 3 3 4
 1 1 1 1 1 1 1 1 1 1 1 3 3 3 3 3 1 1 3 2 2 6 10 10 1 1 1 0 0 0 0 0 0 0 0 0 0 1 1 1 1 1 1 10 10 30
 1 1 1 1 1 1 1 1 1 1 1 3 3 3 3 3 1 1 3 2 2 6 10 10 1 1 1 0 0 0 0 0 0 0 0 0 0 1 1 1 1 1 1 10 10 30
 2 2 1 1 1 1 2 2 2 2 4 8 8 9 5 5 3 3 2 2 2 6 6 6 4 4 4 0 0 0 1 1 1 1 1 2 2 2 2 2 2 2 5 2 2 6
 2 2 1 1 1 1 2 2 2 2 4 8 8 9 5 5 3 3 2 2 2 6 6 6 4 4 4 0 0 0 1 1 1 1 1 2 2 2 2 2 2 2 5 2 2 6
 2 2 1 2 2 1 3 3 4 4 5 17 17 18 6 6 6 6 5 5 5 6 3 3 2 2 5 1 1 1 1 1 2 2 1 2 2 3 2 2 4 4 7 5 5 12
 3 3 2 3 3 1 2 2 4 4 5 6 6 9 9 9 7 7 4 4 4 8 6 6 4 4 4 3 3 2 4 4 2 2 2 4 4 3 2 2 2 2 6 5 5 3
 3 3 2 3 3 1 2 2 4 4 5 6 6 9 9 9 7 7 4 4 4 8 6 6 4 4 4 3 3 2 4 4 2 2 2 4 4 3 2 2 2 2 6 5 5 3
 5 5 6 9 9 1 1 1 2 2 2 3 3 4 6 6 4 4 2 3 3 6 6 6 8 8 5 6 6 4 9 9 11 11 5 5 5 2 2 2 1 1 3 7 7 4
 7 7 7 9 9 7 5 5 3 3 4 4 4 3 4 4 2 2 4 1 1 1 4 4 3 3 4 5 5 3 4 4 14 14 12 4 4 1 1 1 0 0 0 0 0 2
 7 7 7 9 9 7 5 5 3 3 4 4 4 3 4 4 2 2 4 1 1 1 4 4 3 3 4 5 5 3 4 4 14 14 12 4 4 1 1 1 0 0 0 0 0 2
 9 9 7 8 8 7 7 7 6 6 7 6 6 3 2 2 2 2 2 3 3 1 2 2 4 4 2 3 3 3 2 2 8 8 9 6 6 2 1 1 1 1 1 0 0 0
 9 9 7 8 8 7 7 7 6 6 7 6 6 3 2 2 2 2 2 3 3 1 2 2 4 4 2 3 3 3 2 2 8 8 9 6 6 2 1 1 1 1 1 0 0 0
 4 4 3 7 7 6 7 7 6 6 8 10 10 9 22 22 2 2 2 3 3 2 7 7 10 10 10 4 4 4 5 5 4 4 4 3 3 3 1 1 1 1 1 1 1 1
 3 3 3 2 2 3 5 5 6 6 7 11 11 11 24 24 10 10 8 2 2 3 7 7 12 12 12 4 4 7 4 4 2 2 3 3 3 2 1 1 0 0 0 0 0 1
 3 3 3 2 2 3 5 5 6 6 7 11 11 11 24 24 10 10 8 2 2 3 7 7 12 12 12 4 4 7 4 4 2 2 3 3 3 2 1 1 0 0 0 0 0 1
 3 3 6 7 7 5 6 6 7 7 12 11 11 12 11 11 10 10 10 4 4 6 6 6 5 5 9 5 5 5 7 7 7 7 7 5 5 3 1 1 1 1 1 1 1 0
 3 3 8 10 10 7 9 9 9 9 11 10 10 14 14 14 11 11 8 6 6 7 6 6 7 7 9 8 8 6 5 5 6 6 12 12 12 6 3 3 1 1 1 0 0 0
 3 3 8 10 10 7 9 9 9 9 11 10 10 14 14 14 11 11 8 6 6 7 6 6 7 7 9 8 8 6 5 5 6 6 12 12 12 6 3 3 1 1 1 0 0 0
 3 3 4 12 12 8 8 8 7 7 10 10 10 12 16 16 12 12 12 10 10 11 8 8 7 7 8 10 10 12 10 10 8 8 14 45 45 5 6 6 2 2 0 0 0 0
 3 3 4 12 12 8 8 8 7 7 10 10 10 12 16 16 12 12 12 10 10 11 8 8 7 7 8 10 10 12 10 10 8 8 14 45 45 5 6 6 2 2 0 0 0 0
 3 3 7 11 11 9 12 12 7 7 7 10 10 10 10 10 12 12 15 12 12 17 10 10 12 12 11 15 15 33 24 24 8 8 8 19 19 16 3 3 1 1 0 0 0 0
 9 9 18 11 11 8 8 8 5 5 4 8 8 7 9 9 14 14 18 13 13 8 10 10 15 15 22 30 30 25 20 20 14 14 12 8 8 3 1 1 1 1 0 0 0 0
 9 9 18 11 11 8 8 8 5 5 4 8 8 7 9 9 14 14 18 13 13 8 10 10 15 15 22 30 30 25 20 20 14 14 12 8 8 3 1 1 1 1 0 0 0 0
 21 21 20 13 13 7 5 5 3 3 3 4 4 5 3 3 14 14 14 15 15 10 7 7 27 27 26 25 25 27 13 13 16 16 9 7 7 3 22 22 0 0 0 0 0 0
 17 17 13 11 11 6 4 4 3 3 2 2 2 6 5 5 12 12 19 20 20 19 21 21 27 27 23 24 24 24 28 28 18 18 9 12 12 20 43 43 7 7 0 0 0 0
 17 17 13 11 11 6 4 4 3 3 2 2 2 6 5 5 12 12 19 20 20 19 21 21 27 27 23 24 24 24 28 28 18 18 9 12 12 20 43 43 7 7 0 0 0 0
 8 8 6 6 6 3 3 3 3 3 3 2 2 3 6 6 16 16 23 23 23 15 23 23 16 16 24 20 20 19 24 24 18 18 34 41 41 36 4 4 0 0 0 0 0 0
 8 8 6 6 6 3 3 3 3 3 3 2 2 3 6 6 16 16 23 23 23 15 23 23 16 16 24 20 20 19 24 24 18 18 34 41 41 36 4 4 0 0 0 0 0 0
 5 5 7 2 2 2 2 2 2 2 2 2 2 3 6 6 9 9 10 13 13 21 18 18 17 17 23 16 16 20 26 26 12 12 33 39 39 21 9 9 0 0 0 0 0 0
 9 9 7 3 3 2 2 2 2 2 3 3 3 4 6 6 4 4 4 8 8 18 15 15 6 6 22 20 20 20 25 25 17 17 18 15 15 34 9 9 0 0 0 0 0 0
 9 9 7 3 3 2 2 2 2 2 3 3 3 4 6 6 4 4 4 8 8 18 15 15 6 6 22 20 20 20 25 25 17 17 18 15 15 34 9 9 0 0 0 0 0 0
 8 8 5 2 2 1 2 2 1 1 3 3 3 3 3 3 2 2 2 5 5 8 8 8 5 5 7 21 21 23 26 26 20 20 17 13 13 5 0 0 2 2 0 0 0 0
 4 4 5 4 4 4 3 3 2 2 8 7 7 3 2 2 4 4 3 3 3 5 7 7 3 3 7 14 14 30 31 31 28 28 26 19 19 24 5 5 0 0 0 1 1 0
 4 4 5 4 4 4 3 3 2 2 8 7 7 3 2 2 4 4 3 3 3 5 7 7 3 3 7 14 14 30 31 31 28 28 26 19 19 24 5 5 0 0 0 1 1 0
 4 4 7 8 8 8 7 7 7 7 21 14 14 7 3 3 4 4 3 4 4 5 4 4 5 5 5 12 12 28 39 39 49 49 43 33 33 32 14 14 5 5 1 4 4 0
 4 4 7 8 8 8 7 7 7 7 21 14 14 7 3 3 4 4 3 4 4 5 4 4 5 5 5 12 12 28 39 39 49 49 43 33 33 32 14 14 5 5 1 4 4 0
 6 6 9 10 10 7 10 10 12 12 13 16 16 9 5 5 6 6 5 5 5 5 5 5 6 6 6 8 8 23 29 29 59 59 55 68 68 19 13 13 6 6 6 0 0 0
 7 7 8 6 6 3 5 5 7 7 6 13 13 11 8 8 8 8 6 6 6 5 5 5 6 6 7 11 11 34 45 45 50 50 23 14 14 12 12 12 4 4 0 0 0 0
 7 7 8 6 6 3 5 5 7 7 6 13 13 11 8 8 8 8 6 6 6 5 5 5 6 6 7 11 11 34 45 45 50 50 23 14 14 12 12 12 4 4 0 0 0 0
 12 12 8 4 4 2 4 4 4 4 5 11 11 8 8 8 8 8 7 7 7 6 5 5 6 6 10 22 22 40 60 60 50 50 23 15 15 22 20 20 8 8 1 0 0 1
 12 12 7 4 4 4 4 4 5 5 9 11 11 10 7 7 8 8 9 12 12 12 9 9 10 10 11 22 22 36 58 58 40 40 21 15 15 17 14 14 2 2 2 0 0 0
