assets/RAT_results_old/precipitation/2020-06-11_IMERG.asc
ncols        46
nrows        77
xllcorner    74.800261325624
yllcorner    8.058333333333
cellsize     0.062500000000
NODATA_value -9999
 8 8 24 27 27 26 13 13 12 12 9 18 18 13 2 2 1 1 1 1 1 1 0 0 1 1 1 1 1 1 2 2 2 2 1 4 4 3 3 3 6 6 7 16 16 15
 14 14 19 25 25 23 19 19 14 14 13 18 18 14 6 6 1 1 1 0 0 1 0 0 0 0 0 1 1 0 0 0 0 0 1 1 1 3 4 4 5 5 6 8 8 10
 14 14 19 25 25 23 19 19 14 14 13 18 18 14 6 6 1 1 1 0 0 1 0 0 0 0 0 1 1 0 0 0 0 0 1 1 1 3 4 4 5 5 6 8 8 10
 14 14 14 15 15 14 14 14 15 15 14 12 12 6 2 2 1 1 2 1 1 1 1 1 1 1 1 1 1 1 1 1 1 1 1 5 5 2 1 1 2 2 2 3 3 5
 11 11 12 12 12 12 16 16 8 8 6 5 5 5 2 2 2 2 2 2 2 1 1 1 1 1 1 1 1 1 1 1 2 2 3 1 1 1 1 1 1 1 2 2 2 2
 11 11 12 12 12 12 16 16 8 8 6 5 5 5 2 2 2 2 2 2 2 1 1 1 1 1 1 1 1 1 1 1 2 2 3 1 1 1 1 1 1 1 2 2 2 2
 6 6 7 11 11 7 5 5 4 4 4 4 4 5 4 4 3 3 3 3 3 4 3 3 1 1 1 1 1 1 1 1 1 1 1 0 0 0 0 0 0 0 0 1 1 1
 6 6 7 11 11 7 5 5 4 4 4 4 4 5 4 4 3 3 3 3 3 4 3 3 1 1 1 1 1 1 1 1 1 1 1 0 0 0 0 0 0 0 0 1 1 1
 5 5 5 4 4 5 4 4 3 3 4 5 5 8 4 4 5 5 5 6 6 3 3 3 1 1 1 2 2 1 5 5 0 0 0 0 0 0 0 0 0 0 0 1 1 1
 2 2 2 4 4 4 5 5 2 2 2 5 5 9 10 10 8 8 5 2 2 3 1 1 2 2 0 0 0 1 0 0 0 0 1 1 1 1 0 0 0 0 0 0 0 0
 2 2 2 4 4 4 5 5 2 2 2 5 5 9 10 10 8 8 5 2 2 3 1 1 2 2 0 0 0 1 0 0 0 0 1 1 1 1 0 0 0 0 0 0 0 0
 2 2 3 5 5 5 5 5 3 3 6 6 6 8 7 7 4 4 4 2 2 1 1 1 1 1 0 0 0 0 0 0 0 0 1 1 1 1 0 0 0 0 0 0 0 0
 2 2 4 8 8 8 9 9 14 14 11 10 10 10 7 7 4 4 3 3 3 1 0 0 1 1 1 0 0 0 0 0 1 1 1 1 1 0 0 0 0 0 0 0 0 1
 2 2 4 8 8 8 9 9 14 14 11 10 10 10 7 7 4 4 3 3 3 1 0 0 1 1 1 0 0 0 0 0 1 1 1 1 1 0 0 0 0 0 0 0 0 1
 4 4 6 9 9 11 12 12 14 14 13 12 12 9 7 7 4 4 3 2 2 4 1 1 1 1 1 0 0 0 0 0 0 0 0 0 0 0 0 0 1 1 1 0 0 1
 4 4 6 9 9 11 12 12 14 14 13 12 12 9 7 7 4 4 3 2 2 4 1 1 1 1 1 0 0 0 0 0 0 0 0 0 0 0 0 0 1 1 1 0 0 1
 6 6 8 13 13 13 17 17 18 18 23 17 17 10 7 7 7 7 3 3 3 1 1 1 1 1 1 1 1 0 0 0 0 0 0 0 0 1 1 1 1 1 1 1 1 1
 8 8 7 12 12 18 20 20 18 18 25 16 16 11 8 8 4 4 3 5 5 1 1 1 1 1 1 0 0 0 0 0 0 0 1 1 1 2 2 2 1 1 1 0 0 1
 8 8 7 12 12 18 20 20 18 18 25 16 16 11 8 8 4 4 3 5 5 1 1 1 1 1 1 0 0 0 0 0 0 0 1 1 1 2 2 2 1 1 1 0 0 1
 12 12 10 11 11 14 18 18 21 21 20 20 20 11 6 6 5 5 9 2 2 2 1 1 3 3 2 2 2 1 1 1 1 1 1 2 2 2 1 1 1 1 1 0 0 0
 14 14 10 9 9 9 13 13 24 24 18 21 21 18 10 10 8 8 5 3 3 2 2 2 4 4 3 12 12 16 1 1 1 1 1 1 1 1 1 1 0 0 0 0 0 0
 14 14 10 9 9 9 13 13 24 24 18 21 21 18 10 10 8 8 5 3 3 2 2 2 4 4 3 12 12 16 1 1 1 1 1 1 1 1 1 1 0 0 0 0 0 0
 21 21 16 8 8 7 11 11 34 34 17 15 15 15 18 18 9 9 3 2 2 5 8 8 6 6 5 14 14 8 2 2 1 1 1 1 1 0 0 0 0 0 0 0 0 0
 21 21 16 8 8 7 11 11 34 34 17 15 15 15 18 18 9 9 3 2 2 5 8 8 6 6 5 14 14 8 2 2 1 1 1 1 1 0 0 0 0 0 0 0 0 0
 24 24 19 8 8 9 14 14 21 21 24 10 10 9 10 10 8 8 7 14 14 26 11 11 9 9 5 20 20 4 1 1 1 1 0 0 0 0 0 0 0 0 0 0 0 0
 44 44 21 17 17 12 11 11 12 12 11 5 5 6 12 12 13 13 20 25 25 28 12 12 11 11 6 4 4 3 1 1 0 0 0 0 0 0 0 0 0 0 0 0 0 0
 44 44 21 17 17 12 11 11 12 12 11 5 5 6 12 12 13 13 20 25 25 28 12 12 11 11 6 4 4 3 1 1 0 0 0 0 0 0 0 0 0 0 0 0 0 0
 35 35 25 20 20 18 12 12 6 6 4 4 4 7 9 9 14 14 23 25 25 21 14 14 14 14 8 5 5 1 1 1 0 0 0 0 0 0 0 0 0 0 0 0 0 0
 37 37 22 16 16 18 10 10 6 6 4 4 4 6 9 9 13 13 19 24 24 23 22 22 15 15 8 4 4 1 1 1 1 1 0 0 0 0 0 0 0 0 0 0 0 0
 37 37 22 16 16 18 10 10 6 6 4 4 4 6 9 9 13 13 19 24 24 23 22 22 15 15 8 4 4 1 1 1 1 1 0 0 0 0 0 0 0 0 0 0 0 0
 32 32 24 16 16 20 13 13 10 10 5 3 3 4 6 6 12 12 17 23 23 33 34 34 6 6 4 3 3 3 1 1 1 1 1 1 1 0 0 0 0 0 0 0 0 0
 32 32 24 16 16 20 13 13 10 10 5 3 3 4 6 6 12 12 17 23 23 33 34 34 6 6 4 3 3 3 1 1 1 1 1 1 1 0 0 0 0 0 0 0 0 0
 36 36 27 18 18 17 16 16 13 13 9 6 6 6 8 8 10 10 13 23 23 22 6 6 4 4 2 2 2 2 2 2 1 1 1 1 1 0 0 0 0 0 0 0 0 0
 41 41 34 17 17 14 16 16 20 20 8 7 7 6 7 7 10 10 16 15 15 15 7 7 4 4 2 1 1 0 1 1 1 1 0 0 0 0 0 0 0 0 0 0 0 0
 41 41 34 17 17 14 16 16 20 20 8 7 7 6 7 7 10 10 16 15 15 15 7 7 4 4 2 1 1 0 1 1 1 1 0 0 0 0 0 0 0 0 0 0 0 0
 21 21 14 10 10 12 16 16 19 19 17 9 9 9 13 13 14 14 14 19 19 13 13 13 4 4 2 1 1 1 0 0 0 0 0 0 0 0 0 0 0 0 0 0 0 0
 13 13 8 8 8 6 13 13 21 21 23 16 16 11 18 18 23 23 23 20 20 16 7 7 4 4 2 1 1 0 0 0 0 0 0 0 0 0 0 0 0 0 0 0 0 0
 13 13 8 8 8 6 13 13 21 21 23 16 16 11 18 18 23 23 23 20 20 16 7 7 4 4 2 1 1 0 0 0 0 0 0 0 0 0 0 0 0 0 0 0 0 0
 7 7 10 9 9 9 17 17 21 21 16 12 12 11 19 19 22 22 24 25 25 15 6 6 3 3 1 0 0 0 0 0 1 1 1 0 0 0 0 0 0 0 0 0 0 0
 7 7 10 9 9 9 17 17 21 21 16 12 12 11 19 19 22 22 24 25 25 15 6 6 3 3 1 0 0 0 0 0 1 1 1 0 0 0 0 0 0 0 0 0 0 0
 5 5 8 9 9 13 17 17 14 14 14 14 14 13 13 13 13 13 19 25 25 20 17 17 15 15 3 1 1 2 0 0 1 1 1 1 1 1 1 1 0 0 0 0 0 0
 13 13 13 12 12 16 31 31 23 23 14 13 13 16 23 23 25 25 29 22 22 18 15 15 13 13 7 6 6 3 6 6 1 1 0 3 3 5 1 1 1 1 0 0 0 1
 13 13 13 12 12 16 31 31 23 23 14 13 13 16 23 23 25 25 29 22 22 18 15 15 13 13 7 6 6 3 6 6 1 1 0 3 3 5 1 1 1 1 0 0 0 1
 17 17 18 16 16 23 34 34 40 40 23 25 25 24 30 30 28 28 24 20 20 14 11 11 3 3 2 5 5 2 6 6 2 2 0 1 1 3 3 3 1 1 1 0 0 0
 18 18 18 16 16 19 31 31 36 36 23 19 19 25 22 22 19 19 22 20 20 14 13 13 6 6 5 3 3 1 1 1 1 1 2 2 2 3 2 2 1 1 1 0 0 0
 18 18 18 16 16 19 31 31 36 36 23 19 19 25 22 22 19 19 22 20 20 14 13 13 6 6 5 3 3 1 1 1 1 1 2 2 2 3 2 2 1 1 1 0 0 0
 15 15 13 13 13 20 28 28 34 34 24 19 19 25 22 22 19 19 18 17 17 15 13 13 8 8 10 14 14 7 7 7 1 1 2 2 2 5 6 6 2 2 3 0 0 0
 15 15 13 13 13 20 28 28 34 34 24 19 19 25 22 22 19 19 18 17 17 15 13 13 8 8 10 14 14 7 7 7 1 1 2 2 2 5 6 6 2 2 3 0 0 0
 17 17 11 12 12 20 28 28 32 32 19 16 16 12 9 9 14 14 14 9 9 10 10 10 11 11 10 14 14 8 2 2 2 2 2 7 7 4 4 4 0 0 3 0 0 0
 14 14 13 15 15 15 18 18 18 18 19 18 18 9 8 8 6 6 9 16 16 7 4 4 10 10 10 15 15 12 2 2 2 2 2 3 3 0 0 0 0 0 3 4 4 2
 14 14 13 15 15 15 18 18 18 18 19 18 18 9 8 8 6 6 9 16 16 7 4 4 10 10 10 15 15 12 2 2 2 2 2 3 3 0 0 0 0 0 3 4 4 2
 10 10 13 14 14 12 13 13 17 17 21 22 22 12 11 11 11 11 7 11 11 10 5 5 8 8 21 4 4 4 2 2 2 2 3 4 4 5 0 0 1 1 0 1 1 1
 8 8 11 10 10 9 8 8 10 10 17 20 20 9 8 8 14 14 9 10 10 7 5 5 6 6 9 10 10 8 3 3 1 1 1 4 4 4 18 18 3 3 1 2 2 2
 8 8 11 10 10 9 8 8 10 10 17 20 20 9 8 8 14 14 9 10 10 7 5 5 6 6 9 10 10 8 3 3 1 1 1 4 4 4 18 18 3 3 1 2 2 2
 19 19 20 8 8 8 14 14 15 15 10 14 14 16 14 14 9 9 12 7 7 5 6 6 7 7 9 21 21 9 2 2 1 1 2 2 2 3 0 0 1 1 2 2 2 2
 19 19 20 8 8 8 14 14 15 15 10 14 14 16 14 14 9 9 12 7 7 5 6 6 7 7 9 21 21 9 2 2 1 1 2 2 2 3 0 0 1 1 2 2 2 2
 9 9 10 10 10 9 17 17 16 16 13 21 21 21 15 15 11 11 7 5 5 2 5 5 6 6 11 8 8 2 1 1 1 1 1 1 1 0 1 1 3 3 4 3 3 1
 8 8 9 13 13 16 14 14 11 11 6 16 16 16 11 11 9 9 4 2 2 2 4 4 5 5 6 9 9 5 1 1 0 0 0 1 1 1 2 2 2 2 4 1 1 0
 8 8 9 13 13 16 14 14 11 11 6 16 16 16 11 11 9 9 4 2 2 2 4 4 5 5 6 9 9 5 1 1 0 0 0 1 1 1 2 2 2 2 4 1 1 0
 8 8 11 16 16 17 15 15 8 8 5 3 3 3 3 3 2 2 3 3 3 3 4 4 3 3 3 4 4 1 1 1 0 0 0 0 0 2 1 1 3 3 2 1 1 1
 7 7 12 16 16 16 13 13 6 6 4 3 3 3 3 3 4 4 4 1 1 1 0 0 0 0 1 3 3 3 1 1 1 1 2 1 1 3 1 1 3 3 3 2 2 1
 7 7 12 16 16 16 13 13 6 6 4 3 3 3 3 3 4 4 4 1 1 1 0 0 0 0 1 3 3 3 1 1 1 1 2 1 1 3 1 1 3 3 3 2 2 1
 7 7 9 15 15 12 13 13 13 13 9 9 9 7 7 7 4 4 4 2 2 2 2 2 1 1 1 2 2 1 2 2 4 4 5 2 2 5 7 7 5 5 3 5 5 1
 7 7 9 15 15 12 13 13 13 13 9 9 9 7 7 7 4 4 4 2 2 2 2 2 1 1 1 2 2 1 2 2 4 4 5 2 2 5 7 7 5 5 3 5 5 1
 7 7 10 12 12 12 11 11 12 12 14 13 13 13 10 10 9 9 8 3 3 3 4 4 1 1 9 6 6 6 3 3 3 3 7 3 3 9 5 5 49 49 7 5 5 0
 8 8 10 11 11 11 10 10 12 12 12 16 16 17 13 13 10 10 12 13 13 16 14 14 3 3 6 2 2 4 5 5 3 3 3 6 6 9 8 8 20 20 8 6 6 1
 8 8 10 11 11 11 10 10 12 12 12 16 16 17 13 13 10 10 12 13 13 16 14 14 3 3 6 2 2 4 5 5 3 3 3 6 6 9 8 8 20 20 8 6 6 1
 9 9 8 8 8 10 9 9 8 8 9 13 13 15 14 14 12 12 13 16 16 18 18 18 7 7 5 5 5 3 5 5 4 4 4 4 4 5 4 4 6 6 8 4 4 2
 4 4 6 5 5 6 7 7 7 7 10 15 15 15 11 11 10 10 15 18 18 19 21 21 12 12 13 13 13 7 5 5 5 5 4 3 3 4 4 4 3 3 9 4 4 3
 4 4 6 5 5 6 7 7 7 7 10 15 15 15 11 11 10 10 15 18 18 19 21 21 12 12 13 13 13 7 5 5 5 5 4 3 3 4 4 4 3 3 9 4 4 3
 3 3 5 5 5 6 5 5 7 7 14 15 15 11 10 10 9 9 13 13 13 20 24 24 22 22 21 26 26 14 9 9 7 7 4 4 4 4 4 4 3 3 4 4 4 8
 3 3 5 5 5 6 5 5 7 7 14 15 15 11 10 10 9 9 13 13 13 20 24 24 22 22 21 26 26 14 9 9 7 7 4 4 4 4 4 4 3 3 4 4 4 8
 2 2 3 4 4 3 5 5 6 6 13 12 12 7 10 10 9 9 12 13 13 13 18 18 21 21 25 31 31 21 25 25 20 20 9 2 2 2 3 3 3 3 5 4 4 16
 2 2 3 3 3 2 2 2 2 2 6 6 6 5 9 9 7 7 8 8 8 9 14 14 20 20 22 24 24 19 27 27 27 27 28 6 6 1 3 3 2 2 3 7 7 4
 2 2 3 3 3 2 2 2 2 2 6 6 6 5 9 9 7 7 8 8 8 9 14 14 20 20 22 24 24 19 27 27 27 27 28 6 6 1 3 3 2 2 3 7 7 4
 2 2 5 4 4 2 2 2 1 1 1 3 3 2 5 5 9 9 6 7 7 8 11 11 13 13 19 20 20 16 25 25 40 40 21 18 18 7 1 1 1 1 2 7 7 4
 2 2 4 2 2 1 0 0 0 0 0 1 1 1 3 3 6 6 4 5 5 6 14 14 15 15 16 16 16 19 33 33 46 46 13 9 9 6 3 3 1 1 3 1 1 4
