assets/RAT_results_old/precipitation/2020-10-10_IMERG.asc
ncols        46
nrows        77
xllcorner    74.800261325624
yllcorner    8.058333333333
cellsize     0.062500000000
NODATA_value -9999
 19 19 18 17 17 29 84 84 34 34 34 27 27 23 14 14 6 6 5 4 4 7 16 16 18 18 17 16 16 8 19 19 14 14 15 10 10 16 27 27 27 27 28 17 17 19
 11 11 17 14 14 28 52 52 177 177 31 16 16 16 15 15 12 12 5 5 5 9 8 8 8 8 7 7 7 7 14 14 9 9 4 4 4 10 10 10 17 17 17 19 19 11
 11 11 17 14 14 28 52 52 177 177 31 16 16 16 15 15 12 12 5 5 5 9 8 8 8 8 7 7 7 7 14 14 9 9 4 4 4 10 10 10 17 17 17 19 19 11
 14 14 17 16 16 18 22 22 45 45 28 19 19 18 11 11 11 11 5 6 6 8 10 10 12 12 9 9 9 4 6 6 9 9 6 4 4 5 5 5 15 15 18 20 20 3
 10 10 16 17 17 15 24 24 39 39 37 21 21 19 13 13 12 12 5 14 14 9 8 8 10 10 9 11 11 7 7 7 7 7 7 5 5 7 6 6 5 5 6 4 4 3
 10 10 16 17 17 15 24 24 39 39 37 21 21 19 13 13 12 12 5 14 14 9 8 8 10 10 9 11 11 7 7 7 7 7 7 5 5 7 6 6 5 5 6 4 4 3
 11 11 14 17 17 15 16 16 17 17 28 20 20 18 14 14 7 7 7 10 10 6 4 4 7 7 8 11 11 4 5 5 6 6 6 7 7 6 5 5 4 4 16 12 12 11
 11 11 14 17 17 15 16 16 17 17 28 20 20 18 14 14 7 7 7 10 10 6 4 4 7 7 8 11 11 4 5 5 6 6 6 7 7 6 5 5 4 4 16 12 12 11
 11 11 15 13 13 15 16 16 16 16 22 25 25 13 7 7 6 6 5 4 4 5 4 4 3 3 3 5 5 3 4 4 4 4 6 8 8 7 8 8 9 9 15 11 11 11
 12 12 14 13 13 16 19 19 23 23 23 22 22 23 10 10 7 7 5 3 3 6 8 8 9 9 4 3 3 3 3 3 3 3 9 8 8 7 9 9 8 8 14 13 13 13
 12 12 14 13 13 16 19 19 23 23 23 22 22 23 10 10 7 7 5 3 3 6 8 8 9 9 4 3 3 3 3 3 3 3 9 8 8 7 9 9 8 8 14 13 13 13
 10 10 13 12 12 17 20 20 20 20 27 32 32 23 11 11 9 9 10 4 4 4 11 11 42 42 5 4 4 4 4 4 4 4 6 6 6 6 9 9 9 9 15 5 5 6
 13 13 9 12 12 23 24 24 25 25 21 20 20 22 13 13 12 12 10 5 5 7 8 8 14 14 5 4 4 5 5 5 7 7 7 10 10 6 4 4 4 4 5 4 4 6
 13 13 9 12 12 23 24 24 25 25 21 20 20 22 13 13 12 12 10 5 5 7 8 8 14 14 5 4 4 5 5 5 7 7 7 10 10 6 4 4 4 4 5 4 4 6
 17 17 20 20 20 23 27 27 27 27 26 22 22 19 11 11 11 11 10 6 6 5 6 6 5 5 5 5 5 4 4 4 5 5 10 12 12 8 4 4 4 4 4 4 4 4
 17 17 20 20 20 23 27 27 27 27 26 22 22 19 11 11 11 11 10 6 6 5 6 6 5 5 5 5 5 4 4 4 5 5 10 12 12 8 4 4 4 4 4 4 4 4
 17 17 19 19 19 24 25 25 29 29 28 21 21 18 13 13 11 11 8 6 6 4 4 4 5 5 7 6 6 5 7 7 6 6 6 8 8 6 5 5 6 6 4 3 3 3
 15 15 14 20 20 24 28 28 22 22 27 20 20 18 12 12 10 10 10 7 7 5 4 4 4 4 8 18 18 6 13 13 8 8 7 7 7 7 7 7 4 4 3 2 2 1
 15 15 14 20 20 24 28 28 22 22 27 20 20 18 12 12 10 10 10 7 7 5 4 4 4 4 8 18 18 6 13 13 8 8 7 7 7 7 7 7 4 4 3 2 2 1
 9 9 12 18 18 22 29 29 23 23 24 22 22 22 15 15 14 14 6 8 8 6 5 5 7 7 6 5 5 6 7 7 18 18 13 12 12 13 10 10 5 5 2 1 1 1
 12 12 13 13 13 18 17 17 16 16 24 25 25 23 26 26 12 12 10 7 7 7 6 6 9 9 3 2 2 3 3 3 6 6 5 8 8 10 13 13 4 4 0 1 1 1
 12 12 13 13 13 18 17 17 16 16 24 25 25 23 26 26 12 12 10 7 7 7 6 6 9 9 3 2 2 3 3 3 6 6 5 8 8 10 13 13 4 4 0 1 1 1
 12 12 11 13 13 16 16 16 17 17 22 24 24 21 23 23 17 17 11 5 5 4 2 2 2 2 3 2 2 2 2 2 4 4 3 2 2 9 4 4 6 6 3 3 3 5
 12 12 11 13 13 16 16 16 17 17 22 24 24 21 23 23 17 17 11 5 5 4 2 2 2 2 3 2 2 2 2 2 4 4 3 2 2 9 4 4 6 6 3 3 3 5
 13 13 12 11 11 15 15 15 12 12 12 22 22 19 19 19 15 15 9 3 3 2 2 2 2 2 2 2 2 2 2 2 3 3 3 3 3 4 4 4 5 5 7 9 9 7
 9 9 10 9 9 12 17 17 8 8 9 12 12 16 12 12 12 12 4 1 1 2 1 1 2 2 1 3 3 2 4 4 2 2 3 3 3 3 5 5 4 4 6 4 4 4
 9 9 10 9 9 12 17 17 8 8 9 12 12 16 12 12 12 12 4 1 1 2 1 1 2 2 1 3 3 2 4 4 2 2 3 3 3 3 5 5 4 4 6 4 4 4
 7 7 8 7 7 13 15 15 8 8 8 10 10 11 11 11 11 11 4 4 4 4 4 4 5 5 13 34 34 4 1 1 1 1 1 2 2 4 4 4 2 2 2 2 2 3
 4 4 5 5 5 5 7 7 7 7 5 9 9 9 10 10 10 10 4 4 4 7 9 9 9 9 9 36 36 10 8 8 2 2 2 3 3 4 5 5 3 3 3 4 4 4
 4 4 5 5 5 5 7 7 7 7 5 9 9 9 10 10 10 10 4 4 4 7 9 9 9 9 9 36 36 10 8 8 2 2 2 3 3 4 5 5 3 3 3 4 4 4
 4 4 5 4 4 6 8 8 8 8 11 10 10 14 11 11 11 11 4 5 5 8 10 10 10 10 12 23 23 17 7 7 4 4 3 4 4 6 6 6 5 5 5 5 5 8
 4 4 5 4 4 6 8 8 8 8 11 10 10 14 11 11 11 11 4 5 5 8 10 10 10 10 12 23 23 17 7 7 4 4 3 4 4 6 6 6 5 5 5 5 5 8
 11 11 10 8 8 11 15 15 12 12 13 12 12 8 8 8 13 13 4 4 4 5 5 5 12 12 15 5 5 5 5 5 4 4 3 4 4 4 4 4 5 5 6 6 6 4
 18 18 21 15 15 18 21 21 16 16 15 10 10 8 9 9 17 17 9 5 5 3 4 4 4 4 5 6 6 7 6 6 5 5 3 3 3 2 2 2 4 4 3 6 6 3
 18 18 21 15 15 18 21 21 16 16 15 10 10 8 9 9 17 17 9 5 5 3 4 4 4 4 5 6 6 7 6 6 5 5 3 3 3 2 2 2 4 4 3 6 6 3
 30 30 28 15 15 21 28 28 19 19 16 8 8 6 7 7 7 7 11 7 7 6 3 3 2 2 2 4 4 7 8 8 5 5 5 3 3 3 2 2 2 2 3 4 4 5
 27 27 25 20 20 26 34 34 26 26 11 8 8 6 4 4 16 16 15 8 8 12 7 7 6 6 24 6 6 9 3 3 3 3 5 3 3 4 2 2 2 2 3 4 4 3
 27 27 25 20 20 26 34 34 26 26 11 8 8 6 4 4 16 16 15 8 8 12 7 7 6 6 24 6 6 9 3 3 3 3 5 3 3 4 2 2 2 2 3 4 4 3
 20 20 18 26 26 31 27 27 15 15 7 7 7 7 5 5 11 11 7 11 11 13 15 15 20 20 10 8 8 44 7 7 3 3 4 4 4 6 6 6 8 8 11 6 6 6
 20 20 18 26 26 31 27 27 15 15 7 7 7 7 5 5 11 11 7 11 11 13 15 15 20 20 10 8 8 44 7 7 3 3 4 4 4 6 6 6 8 8 11 6 6 6
 18 18 16 22 22 33 17 17 10 10 6 5 5 6 6 6 11 11 14 19 19 23 21 21 15 15 5 7 7 25 5 5 6 6 6 7 7 9 10 10 7 7 6 12 12 7
 15 15 15 12 12 18 10 10 6 6 6 6 6 5 6 6 10 10 16 14 14 18 18 18 19 19 18 23 23 17 24 24 9 9 10 11 11 12 11 11 12 12 15 11 11 7
 15 15 15 12 12 18 10 10 6 6 6 6 6 5 6 6 10 10 16 14 14 18 18 18 19 19 18 23 23 17 24 24 9 9 10 11 11 12 11 11 12 12 15 11 11 7
 8 8 5 5 5 5 7 7 6 6 7 7 7 7 9 9 9 9 12 14 14 17 16 16 10 10 10 25 25 18 18 18 12 12 10 12 12 12 12 12 9 9 12 16 16 8
 7 7 4 4 4 5 6 6 8 8 9 10 10 8 9 9 10 10 11 15 15 14 15 15 20 20 9 7 7 21 26 26 20 20 13 12 12 10 12 12 10 10 9 9 9 3
 7 7 4 4 4 5 6 6 8 8 9 10 10 8 9 9 10 10 11 15 15 14 15 15 20 20 9 7 7 21 26 26 20 20 13 12 12 10 12 12 10 10 9 9 9 3
 6 6 5 6 6 7 8 8 9 9 10 11 11 9 9 9 11 11 11 23 23 19 16 16 19 19 11 9 9 8 22 22 22 22 17 11 11 7 6 6 6 6 8 7 7 2
 6 6 5 6 6 7 8 8 9 9 10 11 11 9 9 9 11 11 11 23 23 19 16 16 19 19 11 9 9 8 22 22 22 22 17 11 11 7 6 6 6 6 8 7 7 2
 6 6 4 5 5 8 9 9 10 10 12 22 22 23 23 23 20 20 21 20 20 17 14 14 11 11 6 6 6 8 12 12 20 20 22 11 11 6 7 7 7 7 7 8 8 3
 4 4 4 4 4 5 8 8 11 11 17 20 20 23 23 23 39 39 37 26 26 21 10 10 10 10 7 9 9 10 9 9 15 15 21 17 17 12 11 11 10 10 9 5 5 3
 4 4 4 4 4 5 8 8 11 11 17 20 20 23 23 23 39 39 37 26 26 21 10 10 10 10 7 9 9 10 9 9 15 15 21 17 17 12 11 11 10 10 9 5 5 3
 4 4 4 8 8 8 10 10 13 13 10 13 13 15 19 19 29 29 38 19 19 22 10 10 11 11 8 9 9 39 9 9 9 9 19 14 14 11 11 11 9 9 7 7 7 4
 5 5 5 11 11 11 9 9 12 12 11 11 11 5 4 4 6 6 8 13 13 18 19 19 13 13 10 14 14 11 17 17 13 13 9 8 8 9 7 7 8 8 7 6 6 4
 5 5 5 11 11 11 9 9 12 12 11 11 11 5 4 4 6 6 8 13 13 18 19 19 13 13 10 14 14 11 17 17 13 13 9 8 8 9 7 7 8 8 7 6 6 4
 3 3 4 10 10 13 11 11 7 7 4 4 4 3 3 3 3 3 4 10 10 22 21 21 17 17 13 12 12 11 13 13 19 19 20 15 15 7 7 7 9 9 9 4 4 3
 3 3 4 10 10 13 11 11 7 7 4 4 4 3 3 3 3 3 4 10 10 22 21 21 17 17 13 12 12 11 13 13 19 19 20 15 15 7 7 7 9 9 9 4 4 3
 2 2 3 3 3 4 4 4 4 4 5 2 2 2 3 3 2 2 2 2 2 15 19 19 19 19 20 14 14 11 12 12 16 16 29 18 18 21 17 17 9 9 5 2 2 2
 2 2 2 2 2 3 3 3 7 7 5 2 2 2 3 3 3 3 3 3 3 16 23 23 22 22 19 12 12 7 6 6 11 11 14 16 16 17 15 15 9 9 2 2 2 1
 2 2 2 2 2 3 3 3 7 7 5 2 2 2 3 3 3 3 3 3 3 16 23 23 22 22 19 12 12 7 6 6 11 11 14 16 16 17 15 15 9 9 2 2 2 1
 1 1 1 1 1 2 3 3 4 4 6 3 3 3 3 3 3 3 5 5 5 7 19 19 23 23 15 16 16 11 7 7 5 5 9 9 9 11 6 6 3 3 4 3 3 1
 1 1 1 1 1 1 2 2 3 3 3 3 3 4 4 4 4 4 5 7 7 7 18 18 27 27 18 18 18 10 9 9 7 7 10 3 3 12 18 18 4 4 5 2 2 2
 1 1 1 1 1 1 2 2 3 3 3 3 3 4 4 4 4 4 5 7 7 7 18 18 27 27 18 18 18 10 9 9 7 7 10 3 3 12 18 18 4 4 5 2 2 2
 0 0 0 0 0 1 1 1 1 1 2 2 2 3 4 4 3 3 5 7 7 6 9 9 15 15 16 17 17 12 10 10 10 10 7 2 2 1 4 4 3 3 1 0 0 1
 0 0 0 0 0 1 1 1 1 1 2 2 2 3 4 4 3 3 5 7 7 6 9 9 15 15 16 17 17 12 10 10 10 10 7 2 2 1 4 4 3 3 1 0 0 1
 0 0 0 0 0 1 1 1 1 1 1 2 2 3 3 3 3 3 4 6 6 5 23 23 29 29 25 24 24 17 18 18 10 10 8 1 1 3 5 5 5 5 2 1 1 1
 0 0 0 0 0 0 0 0 1 1 2 2 2 2 3 3 3 3 4 7 7 8 10 10 23 23 9 17 17 18 12 12 10 10 7 2 2 1 4 4 5 5 3 1 1 2
 0 0 0 0 0 0 0 0 1 1 2 2 2 2 3 3 3 3 4 7 7 8 10 10 23 23 9 17 17 18 12 12 10 10 7 2 2 1 4 4 5 5 3 1 1 2
 0 0 0 0 0 0 0 0 1 1 2 6 6 1 3 3 3 3 2 6 6 9 10 10 6 6 6 18 18 13 13 13 13 13 10 8 8 6 4 4 5 5 2 0 0 0
 0 0 0 0 0 0 0 0 0 0 2 5 5 3 2 2 2 2 2 5 5 8 13 13 7 7 8 16 16 18 15 15 17 17 15 10 10 4 0 0 1 1 2 0 0 0
 0 0 0 0 0 0 0 0 0 0 2 5 5 3 2 2 2 2 2 5 5 8 13 13 7 7 8 16 16 18 15 15 17 17 15 10 10 4 0 0 1 1 2 0 0 0
 1 1 0 0 0 0 0 0 0 0 0 2 2 2 1 1 2 2 2 4 4 6 14 14 12 12 9 12 12 9 18 18 16 16 20 14 14 2 0 0 0 0 1 1 1 1
 1 1 0 0 0 0 0 0 0 0 0 2 2 2 1 1 2 2 2 4 4 6 14 14 12 12 9 12 12 9 18 18 16 16 20 14 14 2 0 0 0 0 1 1 1 1
 1 1 2 1 1 0 0 0 1 1 1 1 1 2 4 4 5 5 6 8 8 6 12 12 14 14 9 6 6 8 21 21 16 16 13 17 17 9 5 5 1 1 3 2 2 1
 1 1 2 3 3 1 3 3 3 3 1 2 2 3 5 5 9 9 9 8 8 8 33 33 35 35 19 15 15 15 5 5 11 11 5 5 5 5 7 7 2 2 2 2 2 2
 1 1 2 3 3 1 3 3 3 3 1 2 2 3 5 5 9 9 9 8 8 8 33 33 35 35 19 15 15 15 5 5 11 11 5 5 5 5 7 7 2 2 2 2 2 2
 3 3 3 2 2 2 4 4 7 7 5 5 5 3 5 5 10 10 15 14 14 17 34 34 36 36 26 28 28 25 13 13 5 5 10 3 3 2 3 3 1 1 1 1 1 2
 7 7 5 4 4 4 6 6 5 5 4 10 10 8 8 8 13 13 16 15 15 38 39 39 35 35 35 60 60 29 32 32 34 34 8 10 10 6 7 7 4 4 3 1 1 1
