assets/RAT_results_old/precipitation/2020-04-23_IMERG.asc
ncols        46
nrows        77
xllcorner    74.800261325624
yllcorner    8.058333333333
cellsize     0.062500000000
NODATA_value -9999
 0 0 1 1 1 1 2 2 1 1 2 3 3 4 6 6 7 7 8 10 10 9 4 4 4 4 3 7 7 11 35 35 6 6 5 7 7 9 6 6 4 4 4 4 4 5
 1 1 1 1 1 1 4 4 5 5 6 10 10 11 16 16 12 12 15 14 14 10 6 6 5 5 3 5 5 7 6 6 5 5 5 8 8 10 9 9 7 7 12 19 19 7
 1 1 1 1 1 1 4 4 5 5 6 10 10 11 16 16 12 12 15 14 14 10 6 6 5 5 3 5 5 7 6 6 5 5 5 8 8 10 9 9 7 7 12 19 19 7
 0 0 0 1 1 1 2 2 6 6 24 21 21 18 20 20 14 14 17 13 13 9 8 8 10 10 10 5 5 5 4 4 5 5 8 9 9 12 11 11 14 14 12 14 14 10
 1 1 1 2 2 1 6 6 14 14 27 30 30 33 33 33 33 33 24 20 20 14 11 11 12 12 11 6 6 5 5 5 6 6 9 12 12 15 12 12 10 10 14 10 10 10
 1 1 1 2 2 1 6 6 14 14 27 30 30 33 33 33 33 33 24 20 20 14 11 11 12 12 11 6 6 5 5 5 6 6 9 12 12 15 12 12 10 10 14 10 10 10
 6 6 1 2 2 3 7 7 24 24 30 36 36 43 47 47 46 46 30 21 21 17 14 14 10 10 10 7 7 6 6 6 11 11 11 12 12 15 12 12 10 10 9 10 10 42
 6 6 1 2 2 3 7 7 24 24 30 36 36 43 47 47 46 46 30 21 21 17 14 14 10 10 10 7 7 6 6 6 11 11 11 12 12 15 12 12 10 10 9 10 10 42
 4 4 1 2 2 2 12 12 19 19 31 31 31 51 57 57 52 52 43 35 35 25 15 15 10 10 12 9 9 9 9 9 13 13 13 13 13 14 14 14 10 10 10 10 10 12
 4 4 4 2 2 3 10 10 17 17 17 22 22 31 44 44 49 49 41 39 39 30 17 17 12 12 11 10 10 11 10 10 13 13 14 13 13 14 33 33 11 11 10 8 8 11
 4 4 4 2 2 3 10 10 17 17 17 22 22 31 44 44 49 49 41 39 39 30 17 17 12 12 11 10 10 11 10 10 13 13 14 13 13 14 33 33 11 11 10 8 8 11
 0 0 4 7 7 6 12 12 15 15 15 13 13 17 35 35 37 37 37 34 34 26 18 18 15 15 12 11 11 12 11 11 13 13 12 22 22 33 34 34 12 12 11 9 9 7
 2 2 5 5 5 6 9 9 11 11 11 12 12 16 34 34 31 31 26 21 21 21 17 17 16 16 27 20 20 10 11 11 13 13 11 14 14 19 16 16 14 14 10 11 11 10
 2 2 5 5 5 6 9 9 11 11 11 12 12 16 34 34 31 31 26 21 21 21 17 17 16 16 27 20 20 10 11 11 13 13 11 14 14 19 16 16 14 14 10 11 11 10
 2 2 3 4 4 5 7 7 9 9 10 11 11 17 27 27 28 28 23 18 18 15 16 16 19 19 27 35 35 15 14 14 11 11 10 16 16 22 19 19 12 12 26 26 26 12
 2 2 3 4 4 5 7 7 9 9 10 11 11 17 27 27 28 28 23 18 18 15 16 16 19 19 27 35 35 15 14 14 11 11 10 16 16 22 19 19 12 12 26 26 26 12
 0 0 2 5 5 5 8 8 8 8 10 11 11 19 18 18 23 23 14 24 24 12 12 12 13 13 34 38 38 29 26 26 17 17 8 8 8 10 10 10 9 9 25 25 25 28
 0 0 2 4 4 4 6 6 7 7 7 9 9 14 8 8 8 8 7 13 13 17 14 14 15 15 21 39 39 32 33 33 21 21 12 6 6 8 8 8 8 8 11 11 11 19
 0 0 2 4 4 4 6 6 7 7 7 9 9 14 8 8 8 8 7 13 13 17 14 14 15 15 21 39 39 32 33 33 21 21 12 6 6 8 8 8 8 8 11 11 11 19
 0 0 0 3 3 4 6 6 5 5 5 9 9 10 9 9 7 7 8 17 17 19 27 27 12 12 11 19 19 29 29 29 19 19 11 4 4 3 4 4 6 6 11 11 11 10
 0 0 0 2 2 3 2 2 3 3 5 6 6 8 6 6 4 4 4 23 23 38 21 21 10 10 6 14 14 22 20 20 13 13 7 2 2 0 2 2 2 2 6 7 7 10
 0 0 0 2 2 3 2 2 3 3 5 6 6 8 6 6 4 4 4 23 23 38 21 21 10 10 6 14 14 22 20 20 13 13 7 2 2 0 2 2 2 2 6 7 7 10
 0 0 0 0 0 2 1 1 3 3 5 5 5 5 6 6 5 5 3 4 4 10 16 16 5 5 5 14 14 14 9 9 6 6 2 0 0 0 1 1 2 2 2 2 2 4
 0 0 0 0 0 2 1 1 3 3 5 5 5 5 6 6 5 5 3 4 4 10 16 16 5 5 5 14 14 14 9 9 6 6 2 0 0 0 1 1 2 2 2 2 2 4
 0 0 0 0 0 0 1 1 0 0 0 2 2 4 3 3 4 4 2 2 2 4 4 4 1 1 3 6 6 6 3 3 2 2 1 0 0 1 1 1 1 1 2 1 1 2
 0 0 0 0 0 0 0 0 0 0 0 0 0 2 3 3 3 3 1 1 1 4 3 3 0 0 1 3 3 1 1 1 1 1 0 0 0 1 1 1 1 1 0 0 0 0
 0 0 0 0 0 0 0 0 0 0 0 0 0 2 3 3 3 3 1 1 1 4 3 3 0 0 1 3 3 1 1 1 1 1 0 0 0 1 1 1 1 1 0 0 0 0
 0 0 0 0 0 0 0 0 1 1 0 0 0 0 1 1 2 2 0 0 0 3 0 0 0 0 1 0 0 0 0 0 0 0 0 0 0 0 0 0 1 1 1 0 0 0
 0 0 0 0 0 0 0 0 0 0 2 2 2 0 1 1 2 2 1 0 0 0 0 0 0 0 0 0 0 0 0 0 0 0 0 0 0 0 0 0 0 0 0 0 0 0
 0 0 0 0 0 0 0 0 0 0 2 2 2 0 1 1 2 2 1 0 0 0 0 0 0 0 0 0 0 0 0 0 0 0 0 0 0 0 0 0 0 0 0 0 0 0
 0 0 0 0 0 0 0 0 0 0 0 0 0 0 0 0 2 2 0 0 0 0 0 0 0 0 1 0 0 0 0 0 0 0 0 0 0 0 0 0 0 0 0 0 0 0
 0 0 0 0 0 0 0 0 0 0 0 0 0 0 0 0 2 2 0 0 0 0 0 0 0 0 1 0 0 0 0 0 0 0 0 0 0 0 0 0 0 0 0 0 0 0
 0 0 0 0 0 0 0 0 0 0 0 0 0 0 0 0 2 2 0 0 0 0 0 0 0 0 2 1 1 0 0 0 0 0 0 0 0 0 0 0 0 0 0 0 0 0
 0 0 1 1 1 1 0 0 0 0 0 0 0 0 0 0 0 0 1 0 0 0 0 0 0 0 0 0 0 0 0 0 0 0 0 0 0 0 0 0 0 0 0 0 0 0
 0 0 1 1 1 1 0 0 0 0 0 0 0 0 0 0 0 0 1 0 0 0 0 0 0 0 0 0 0 0 0 0 0 0 0 0 0 0 0 0 0 0 0 0 0 0
 0 0 1 1 1 1 0 0 0 0 0 0 0 6 0 0 1 1 1 1 1 1 0 0 0 0 0 0 0 0 0 0 0 0 0 0 0 0 0 0 0 0 0 0 0 0
 1 1 0 0 0 0 0 0 0 0 0 0 0 7 6 6 6 6 0 0 0 0 0 0 0 0 0 0 0 0 0 0 0 0 0 0 0 0 0 0 0 0 0 0 0 0
 1 1 0 0 0 0 0 0 0 0 0 0 0 7 6 6 6 6 0 0 0 0 0 0 0 0 0 0 0 0 0 0 0 0 0 0 0 0 0 0 0 0 0 0 0 0
 1 1 0 0 0 0 0 0 0 0 0 1 1 4 4 4 8 8 7 12 12 0 0 0 0 0 0 0 0 0 9 9 0 0 0 0 0 0 0 0 0 0 0 0 0 0
 1 1 0 0 0 0 0 0 0 0 0 1 1 4 4 4 8 8 7 12 12 0 0 0 0 0 0 0 0 0 9 9 0 0 0 0 0 0 0 0 0 0 0 0 0 0
 0 0 0 0 0 0 1 1 1 1 1 3 3 4 6 6 7 7 7 13 13 0 0 0 0 0 0 3 3 13 16 16 4 4 0 0 0 0 1 1 0 0 0 1 1 1
 1 1 1 1 1 1 1 1 3 3 4 2 2 3 6 6 13 13 11 4 4 1 0 0 2 2 2 4 4 10 14 14 4 4 0 0 0 0 0 0 0 0 0 1 1 1
 1 1 1 1 1 1 1 1 3 3 4 2 2 3 6 6 13 13 11 4 4 1 0 0 2 2 2 4 4 10 14 14 4 4 0 0 0 0 0 0 0 0 0 1 1 1
 1 1 1 1 1 1 2 2 4 4 6 2 2 5 12 12 17 17 15 10 10 4 3 3 2 2 4 4 4 3 8 8 4 4 2 0 0 0 0 0 0 0 4 4 4 4
 1 1 1 1 1 1 2 2 3 3 5 2 2 6 13 13 17 17 15 12 12 4 1 1 2 2 1 1 1 3 5 5 4 4 2 0 0 1 0 0 0 0 4 4 4 4
 1 1 1 1 1 1 2 2 3 3 5 2 2 6 13 13 17 17 15 12 12 4 1 1 2 2 1 1 1 3 5 5 4 4 2 0 0 1 0 0 0 0 4 4 4 4
 1 1 1 1 1 1 1 1 1 1 3 2 2 5 9 9 12 12 10 7 7 5 1 1 2 2 2 3 3 2 2 2 1 1 1 0 0 0 0 0 0 0 0 0 0 0
 1 1 1 1 1 1 1 1 1 1 3 2 2 5 9 9 12 12 10 7 7 5 1 1 2 2 2 3 3 2 2 2 1 1 1 0 0 0 0 0 0 0 0 0 0 0
 1 1 2 1 1 1 1 1 10 10 10 6 6 7 4 4 5 5 4 3 3 9 9 9 6 6 5 10 10 8 4 4 1 1 1 0 0 0 0 0 0 0 0 0 0 0
 2 2 3 2 2 2 3 3 14 14 6 6 6 6 6 6 2 2 2 7 7 11 7 7 8 8 12 15 15 12 8 8 5 5 2 0 0 0 0 0 0 0 0 0 0 0
 2 2 3 2 2 2 3 3 14 14 6 6 6 6 6 6 2 2 2 7 7 11 7 7 8 8 12 15 15 12 8 8 5 5 2 0 0 0 0 0 0 0 0 0 0 0
 2 2 3 4 4 4 5 5 15 15 7 6 6 6 7 7 2 2 2 4 4 8 6 6 12 12 14 15 15 14 14 14 9 9 4 1 1 0 0 0 0 0 0 0 0 0
 3 3 4 9 9 9 12 12 20 20 13 2 2 7 7 7 2 2 2 4 4 5 6 6 13 13 16 15 15 17 18 18 14 14 8 3 3 1 0 0 0 0 0 0 0 0
 3 3 4 9 9 9 12 12 20 20 13 2 2 7 7 7 2 2 2 4 4 5 6 6 13 13 16 15 15 17 18 18 14 14 8 3 3 1 0 0 0 0 0 0 0 0
 2 2 5 16 16 14 16 16 24 24 16 15 15 3 3 3 3 3 2 3 3 3 7 7 10 10 14 16 16 20 21 21 20 20 14 7 7 2 0 0 0 0 0 0 0 0
 2 2 5 16 16 14 16 16 24 24 16 15 15 3 3 3 3 3 2 3 3 3 7 7 10 10 14 16 16 20 21 21 20 20 14 7 7 2 0 0 0 0 0 0 0 0
 2 2 4 15 15 18 21 21 20 20 18 17 17 5 5 5 5 5 3 27 27 57 14 14 20 20 14 16 16 22 25 25 22 22 15 7 7 2 0 0 0 0 0 0 0 0
 2 2 5 9 9 13 16 16 20 20 19 8 8 7 7 7 5 5 25 27 27 60 18 18 12 12 16 16 16 20 22 22 20 20 13 5 5 1 0 0 0 0 0 0 0 0
 2 2 5 9 9 13 16 16 20 20 19 8 8 7 7 7 5 5 25 27 27 60 18 18 12 12 16 16 16 20 22 22 20 20 13 5 5 1 0 0 0 0 0 0 0 0
 4 4 6 11 11 15 15 15 11 11 9 11 11 12 11 11 8 8 9 23 23 15 19 19 15 15 22 19 19 19 19 19 20 20 13 7 7 5 1 1 0 0 0 0 0 0
 5 5 6 22 22 31 20 20 21 21 18 20 20 20 18 18 14 14 10 24 24 15 31 31 36 36 19 20 20 18 20 20 18 18 11 6 6 4 4 4 2 2 2 1 1 0
 5 5 6 22 22 31 20 20 21 21 18 20 20 20 18 18 14 14 10 24 24 15 31 31 36 36 19 20 20 18 20 20 18 18 11 6 6 4 4 4 2 2 2 1 1 0
 6 6 16 25 25 31 18 18 19 19 15 19 19 21 18 18 15 15 15 14 14 32 36 36 37 37 246 225 225 21 23 23 20 20 14 8 8 7 4 4 4 4 4 1 1 0
 6 6 16 25 25 31 18 18 19 19 15 19 19 21 18 18 15 15 15 14 14 32 36 36 37 37 246 225 225 21 23 23 20 20 14 8 8 7 4 4 4 4 4 1 1 0
 8 8 14 15 15 31 29 29 31 31 18 23 23 29 19 19 15 15 14 11 11 12 40 40 243 243 244 215 215 21 18 18 17 17 11 7 7 4 4 4 3 3 3 1 1 0
 14 14 28 21 21 26 33 33 35 35 23 29 29 35 27 27 24 24 14 10 10 8 35 35 14 14 15 22 22 20 19 19 17 17 14 9 9 5 3 3 3 3 2 0 0 0
 14 14 28 21 21 26 33 33 35 35 23 29 29 35 27 27 24 24 14 10 10 8 35 35 14 14 15 22 22 20 19 19 17 17 14 9 9 5 3 3 3 3 2 0 0 0
 22 22 38 30 30 26 31 31 32 32 29 32 32 29 40 40 32 32 19 9 9 9 11 11 11 11 12 22 22 18 21 21 19 19 18 12 12 7 3 3 1 1 1 0 0 0
 22 22 45 52 52 50 33 33 33 33 31 33 33 26 26 26 19 19 8 5 5 8 12 12 11 11 9 12 12 16 16 16 22 22 22 16 16 11 5 5 1 1 0 0 0 0
 22 22 45 52 52 50 33 33 33 33 31 33 33 26 26 26 19 19 8 5 5 8 12 12 11 11 9 12 12 16 16 16 22 22 22 16 16 11 5 5 1 1 0 0 0 0
 55 55 66 61 61 57 28 28 33 33 35 36 36 50 103 103 102 102 9 4 4 6 11 11 12 12 9 9 9 13 14 14 15 15 21 19 19 23 8 8 2 2 0 0 0 0
 55 55 66 61 61 57 28 28 33 33 35 36 36 50 103 103 102 102 9 4 4 6 11 11 12 12 9 9 9 13 14 14 15 15 21 19 19 23 8 8 2 2 0 0 0 0
 56 56 64 67 67 41 34 34 24 24 24 27 27 51 105 105 103 103 9 5 5 4 7 7 9 9 9 8 8 10 13 13 14 14 20 28 28 26 20 20 8 8 2 1 1 0
 59 59 69 69 69 45 40 40 26 26 31 24 24 58 58 58 57 57 15 7 7 6 4 4 4 4 4 5 5 8 11 11 13 13 12 14 14 16 13 13 10 10 5 2 2 1
 59 59 69 69 69 45 40 40 26 26 31 24 24 58 58 58 57 57 15 7 7 6 4 4 4 4 4 5 5 8 11 11 13 13 12 14 14 16 13 13 10 10 5 2 2 1
 58 58 65 52 52 44 42 42 35 35 33 41 41 37 18 18 63 63 14 8 8 5 9 9 3 3 2 5 5 6 8 8 10 10 10 12 12 10 12 12 9 9 6 3 3 2
 47 47 53 84 84 78 81 81 31 31 27 31 31 27 12 12 20 20 15 12 12 9 11 11 11 11 10 9 9 8 8 8 9 9 11 10 10 9 8 8 6 6 3 0 0 0
