assets/RAT_results_old/precipitation/2020-10-12_IMERG.asc
ncols        46
nrows        77
xllcorner    74.800261325624
yllcorner    8.058333333333
cellsize     0.062500000000
NODATA_value -9999
 8 8 7 6 6 6 4 4 4 4 6 4 4 5 3 3 2 2 2 1 1 0 0 0 0 0 0 0 0 0 0 0 0 0 0 0 0 0 0 0 0 0 0 0 0 0
 12 12 8 7 7 6 3 3 3 3 4 6 6 6 3 3 3 3 2 3 3 1 0 0 0 0 0 0 0 0 0 0 0 0 0 0 0 0 0 0 1 1 0 0 0 0
 12 12 8 7 7 6 3 3 3 3 4 6 6 6 3 3 3 3 2 3 3 1 0 0 0 0 0 0 0 0 0 0 0 0 0 0 0 0 0 0 1 1 0 0 0 0
 19 19 20 9 9 8 4 4 3 3 6 6 6 4 6 6 7 7 6 4 4 3 1 1 0 0 0 0 0 0 0 0 0 0 0 0 0 0 0 0 0 0 0 0 0 0
 31 31 23 16 16 16 7 7 6 6 8 3 3 4 3 3 6 6 5 5 5 1 1 1 0 0 0 0 0 0 0 0 0 0 0 0 0 0 0 0 0 0 0 0 0 0
 31 31 23 16 16 16 7 7 6 6 8 3 3 4 3 3 6 6 5 5 5 1 1 1 0 0 0 0 0 0 0 0 0 0 0 0 0 0 0 0 0 0 0 0 0 0
 38 38 31 37 37 25 14 14 18 18 13 9 9 11 5 5 4 4 4 2 2 1 0 0 0 0 0 0 0 0 0 0 0 0 0 0 0 0 1 1 1 1 0 0 0 0
 38 38 31 37 37 25 14 14 18 18 13 9 9 11 5 5 4 4 4 2 2 1 0 0 0 0 0 0 0 0 0 0 0 0 0 0 0 0 1 1 1 1 0 0 0 0
 40 40 31 37 37 22 20 20 19 19 21 18 18 13 7 7 5 5 5 3 3 1 0 0 0 0 0 0 0 0 0 0 0 0 0 0 0 0 0 0 0 0 0 0 0 0
 18 18 22 27 27 22 21 21 21 21 27 22 22 13 9 9 9 9 4 3 3 1 1 1 1 1 0 0 0 0 0 0 0 0 0 0 0 0 0 0 0 0 0 0 0 1
 18 18 22 27 27 22 21 21 21 21 27 22 22 13 9 9 9 9 4 3 3 1 1 1 1 1 0 0 0 0 0 0 0 0 0 0 0 0 0 0 0 0 0 0 0 1
 15 15 16 18 18 24 24 24 20 20 19 17 17 15 13 13 4 4 3 3 3 3 3 3 0 0 0 0 0 0 0 0 0 0 0 1 1 1 1 1 1 1 1 1 1 1
 13 13 11 14 14 23 21 21 32 32 23 14 14 15 14 14 5 5 6 4 4 6 2 2 1 1 0 0 0 0 0 0 0 0 1 3 3 1 1 1 1 1 1 1 1 1
 13 13 11 14 14 23 21 21 32 32 23 14 14 15 14 14 5 5 6 4 4 6 2 2 1 1 0 0 0 0 0 0 0 0 1 3 3 1 1 1 1 1 1 1 1 1
 7 7 11 29 29 32 32 32 38 38 20 14 14 17 24 24 17 17 8 5 5 5 2 2 1 1 1 0 0 0 1 1 0 0 1 1 1 1 1 1 1 1 1 1 1 1
 7 7 11 29 29 32 32 32 38 38 20 14 14 17 24 24 17 17 8 5 5 5 2 2 1 1 1 0 0 0 1 1 0 0 1 1 1 1 1 1 1 1 1 1 1 1
 7 7 13 31 31 31 43 43 45 45 42 42 42 23 26 26 15 15 18 20 20 6 3 3 2 2 0 0 0 1 0 0 0 0 0 0 0 0 1 1 2 2 1 1 1 1
 10 10 9 10 10 23 45 45 52 52 41 39 39 33 31 31 29 29 21 21 21 12 13 13 10 10 0 0 0 1 0 0 0 0 0 1 1 1 1 1 4 4 3 3 3 1
 10 10 9 10 10 23 45 45 52 52 41 39 39 33 31 31 29 29 21 21 21 12 13 13 10 10 0 0 0 1 0 0 0 0 0 1 1 1 1 1 4 4 3 3 3 1
 11 11 10 10 10 11 17 17 33 33 47 37 37 36 35 35 48 48 73 71 71 27 14 14 12 12 3 1 1 0 0 0 1 1 1 1 1 1 1 1 3 3 2 1 1 0
 11 11 10 10 10 12 14 14 35 35 28 38 38 38 36 36 51 51 38 73 73 22 14 14 6 6 7 3 3 2 1 1 1 1 1 4 4 1 1 1 1 1 1 0 0 0
 11 11 10 10 10 12 14 14 35 35 28 38 38 38 36 36 51 51 38 73 73 22 14 14 6 6 7 3 3 2 1 1 1 1 1 4 4 1 1 1 1 1 1 0 0 0
 11 11 14 14 14 16 19 19 21 21 20 28 28 25 34 34 39 39 44 36 36 27 26 26 10 10 6 6 6 8 5 5 9 9 6 7 7 3 1 1 1 1 1 1 1 1
 11 11 14 14 14 16 19 19 21 21 20 28 28 25 34 34 39 39 44 36 36 27 26 26 10 10 6 6 6 8 5 5 9 9 6 7 7 3 1 1 1 1 1 1 1 1
 8 8 8 15 15 18 17 17 14 14 18 18 18 20 32 32 31 31 25 23 23 24 21 21 12 12 9 9 9 10 11 11 5 5 5 3 3 3 0 0 0 0 0 0 0 0
 6 6 7 11 11 12 14 14 13 13 17 18 18 24 25 25 27 27 30 20 20 31 23 23 12 12 12 9 9 7 7 7 6 6 2 0 0 0 0 0 0 0 0 0 0 0
 6 6 7 11 11 12 14 14 13 13 17 18 18 24 25 25 27 27 30 20 20 31 23 23 12 12 12 9 9 7 7 7 6 6 2 0 0 0 0 0 0 0 0 0 0 0
 7 7 7 9 9 11 9 9 9 9 9 17 17 19 26 26 30 30 41 30 30 25 20 20 8 8 8 5 5 8 6 6 3 3 2 1 1 1 1 1 0 0 0 0 0 0
 17 17 11 8 8 12 6 6 7 7 8 11 11 18 36 36 26 26 25 24 24 21 19 19 11 11 8 4 4 5 2 2 4 4 1 1 1 1 1 1 0 0 0 0 0 0
 17 17 11 8 8 12 6 6 7 7 8 11 11 18 36 36 26 26 25 24 24 21 19 19 11 11 8 4 4 5 2 2 4 4 1 1 1 1 1 1 0 0 0 0 0 0
 20 20 25 23 23 21 11 11 10 10 12 6 6 7 13 13 21 21 24 17 17 13 16 16 18 18 15 15 15 5 5 5 5 5 2 3 3 1 0 0 0 0 0 0 0 0
 20 20 25 23 23 21 11 11 10 10 12 6 6 7 13 13 21 21 24 17 17 13 16 16 18 18 15 15 15 5 5 5 5 5 2 3 3 1 0 0 0 0 0 0 0 0
 10 10 14 24 24 15 11 11 10 10 10 8 8 5 8 8 17 17 13 9 9 8 23 23 18 18 18 15 15 4 4 4 5 5 3 3 3 1 1 1 0 0 0 0 0 0
 5 5 7 12 12 7 4 4 6 6 9 11 11 14 5 5 5 5 8 7 7 13 18 18 12 12 6 7 7 7 3 3 6 6 1 1 1 1 1 1 0 0 0 0 0 0
 5 5 7 12 12 7 4 4 6 6 9 11 11 14 5 5 5 5 8 7 7 13 18 18 12 12 6 7 7 7 3 3 6 6 1 1 1 1 1 1 0 0 0 0 0 0
 3 3 3 4 4 2 3 3 6 6 12 14 14 14 8 8 6 6 4 6 6 12 16 16 11 11 6 12 12 10 10 10 3 3 4 2 2 1 1 1 0 0 0 1 1 0
 3 3 2 2 2 3 6 6 9 9 13 10 10 10 5 5 4 4 3 3 3 4 6 6 4 4 5 13 13 6 9 9 2 2 1 1 1 2 1 1 1 1 0 1 1 1
 3 3 2 2 2 3 6 6 9 9 13 10 10 10 5 5 4 4 3 3 3 4 6 6 4 4 5 13 13 6 9 9 2 2 1 1 1 2 1 1 1 1 0 1 1 1
 1 1 2 2 2 5 6 6 5 5 10 5 5 5 3 3 1 1 2 4 4 4 2 2 2 2 17 19 19 18 6 6 3 3 2 3 3 2 1 1 1 1 1 1 1 0
 1 1 2 2 2 5 6 6 5 5 10 5 5 5 3 3 1 1 2 4 4 4 2 2 2 2 17 19 19 18 6 6 3 3 2 3 3 2 1 1 1 1 1 1 1 0
 1 1 2 3 3 2 3 3 3 3 3 3 3 5 3 3 2 2 2 2 2 6 4 4 8 8 16 5 5 3 3 3 4 4 4 2 2 3 2 2 1 1 0 0 0 1
 1 1 1 3 3 2 2 2 1 1 3 3 3 2 4 4 2 2 2 2 2 4 7 7 8 8 9 9 9 7 5 5 10 10 8 3 3 2 1 1 1 1 1 1 1 1
 1 1 1 3 3 2 2 2 1 1 3 3 3 2 4 4 2 2 2 2 2 4 7 7 8 8 9 9 9 7 5 5 10 10 8 3 3 2 1 1 1 1 1 1 1 1
 1 1 2 3 3 2 1 1 1 1 3 3 3 5 3 3 3 3 3 3 3 5 12 12 12 12 12 12 12 11 14 14 15 15 10 3 3 1 1 1 1 1 1 1 1 1
 1 1 2 3 3 2 2 2 2 2 2 2 2 4 3 3 7 7 4 6 6 11 14 14 18 18 21 13 13 12 12 12 19 19 20 6 6 2 1 1 1 1 1 1 1 0
 1 1 2 3 3 2 2 2 2 2 2 2 2 4 3 3 7 7 4 6 6 11 14 14 18 18 21 13 13 12 12 12 19 19 20 6 6 2 1 1 1 1 1 1 1 0
 1 1 2 3 3 3 2 2 2 2 4 2 2 4 6 6 6 6 6 3 3 6 8 8 24 24 19 12 12 11 14 14 13 13 11 6 6 3 0 0 1 1 0 0 0 0
 1 1 2 3 3 3 2 2 2 2 4 2 2 4 6 6 6 6 6 3 3 6 8 8 24 24 19 12 12 11 14 14 13 13 11 6 6 3 0 0 1 1 0 0 0 0
 1 1 3 3 3 2 2 2 2 2 2 6 6 8 6 6 6 6 3 1 1 4 13 13 23 23 9 6 6 8 5 5 3 3 3 2 2 2 1 1 1 1 1 1 1 0
 1 1 2 4 4 5 2 2 1 1 2 9 9 10 7 7 3 3 1 2 2 4 3 3 6 6 6 6 6 9 6 6 6 6 3 2 2 3 2 2 1 1 1 1 1 1
 1 1 2 4 4 5 2 2 1 1 2 9 9 10 7 7 3 3 1 2 2 4 3 3 6 6 6 6 6 9 6 6 6 6 3 2 2 3 2 2 1 1 1 1 1 1
 1 1 1 4 4 4 2 2 2 2 3 7 7 6 6 6 2 2 5 4 4 5 13 13 6 6 4 5 5 4 2 2 3 3 1 1 1 2 2 2 2 2 1 1 1 1
 0 0 0 0 0 1 1 1 2 2 3 7 7 5 3 3 4 4 3 3 3 8 1 1 3 3 3 3 3 2 2 2 1 1 1 2 2 2 2 2 3 3 3 1 1 1
 0 0 0 0 0 1 1 1 2 2 3 7 7 5 3 3 4 4 3 3 3 8 1 1 3 3 3 3 3 2 2 2 1 1 1 2 2 2 2 2 3 3 3 1 1 1
 0 0 0 1 1 0 1 1 1 1 2 3 3 3 3 3 3 3 0 1 1 2 1 1 4 4 3 2 2 2 2 2 1 1 1 1 1 1 3 3 3 3 3 1 1 1
 0 0 0 1 1 0 1 1 1 1 2 3 3 3 3 3 3 3 0 1 1 2 1 1 4 4 3 2 2 2 2 2 1 1 1 1 1 1 3 3 3 3 3 1 1 1
 0 0 0 0 0 1 1 1 1 1 1 2 2 1 2 2 0 0 0 0 0 1 1 1 1 1 1 1 1 3 3 3 3 3 2 1 1 2 4 4 3 3 1 1 1 1
 1 1 1 1 1 1 0 0 1 1 2 1 1 2 1 1 3 3 0 1 1 0 1 1 0 0 1 3 3 4 6 6 3 3 5 2 2 5 3 3 2 2 0 0 0 1
 1 1 1 1 1 1 0 0 1 1 2 1 1 2 1 1 3 3 0 1 1 0 1 1 0 0 1 3 3 4 6 6 3 3 5 2 2 5 3 3 2 2 0 0 0 1
 2 2 1 1 1 5 2 2 2 2 1 2 2 4 5 5 6 6 0 1 1 0 1 1 0 0 1 3 3 3 6 6 2 2 2 3 3 3 3 3 2 2 1 0 0 0
 2 2 1 2 2 7 4 4 2 2 2 2 2 3 3 3 1 1 1 1 1 0 1 1 1 1 2 9 9 5 4 4 2 2 2 3 3 2 1 1 1 1 1 1 1 1
 2 2 1 2 2 7 4 4 2 2 2 2 2 3 3 3 1 1 1 1 1 0 1 1 1 1 2 9 9 5 4 4 2 2 2 3 3 2 1 1 1 1 1 1 1 1
 1 1 1 2 2 6 2 2 2 2 2 2 2 2 1 1 1 1 1 1 1 1 0 0 2 2 3 11 11 4 5 5 1 1 2 3 3 3 1 1 1 1 1 2 2 1
 1 1 1 2 2 6 2 2 2 2 2 2 2 2 1 1 1 1 1 1 1 1 0 0 2 2 3 11 11 4 5 5 1 1 2 3 3 3 1 1 1 1 1 2 2 1
 1 1 2 2 2 5 2 2 2 2 2 2 2 3 2 2 2 2 3 2 2 1 1 1 1 1 2 2 2 4 4 4 3 3 3 4 4 3 1 1 1 1 1 1 1 1
 1 1 2 3 3 2 1 1 1 1 2 2 2 2 3 3 4 4 3 3 3 2 1 1 6 6 4 2 2 7 11 11 11 11 4 5 5 3 1 1 3 3 1 0 0 0
 1 1 2 3 3 2 1 1 1 1 2 2 2 2 3 3 4 4 3 3 3 2 1 1 6 6 4 2 2 7 11 11 11 11 4 5 5 3 1 1 3 3 1 0 0 0
 1 1 2 3 3 2 2 2 1 1 2 2 2 2 2 2 3 3 2 2 2 2 4 4 10 10 9 2 2 5 11 11 6 6 2 2 2 2 3 3 4 4 2 1 1 1
 2 2 1 1 1 2 1 1 1 1 1 2 2 2 3 3 1 1 1 2 2 2 4 4 9 9 8 6 6 3 7 7 3 3 2 1 1 1 3 3 3 3 3 1 1 1
 2 2 1 1 1 2 1 1 1 1 1 2 2 2 3 3 1 1 1 2 2 2 4 4 9 9 8 6 6 3 7 7 3 3 2 1 1 1 3 3 3 3 3 1 1 1
 1 1 1 1 1 0 0 0 0 0 1 2 2 3 4 4 3 3 2 2 2 3 3 3 5 5 5 6 6 3 7 7 2 2 3 4 4 3 4 4 4 4 3 2 2 0
 1 1 1 1 1 0 0 0 0 0 1 2 2 3 4 4 3 3 2 2 2 3 3 3 5 5 5 6 6 3 7 7 2 2 3 4 4 3 4 4 4 4 3 2 2 0
 1 1 1 1 1 1 0 0 0 0 1 2 2 3 5 5 6 6 4 6 6 7 6 6 6 6 5 5 5 4 4 4 3 3 4 5 5 12 5 5 2 2 1 0 0 0
 2 2 1 1 1 1 0 0 0 0 1 1 1 2 6 6 6 6 3 3 3 4 8 8 7 7 7 6 6 4 3 3 4 4 3 7 7 10 5 5 10 10 1 1 1 1
 2 2 1 1 1 1 0 0 0 0 1 1 1 2 6 6 6 6 3 3 3 4 8 8 7 7 7 6 6 4 3 3 4 4 3 7 7 10 5 5 10 10 1 1 1 1
 3 3 2 1 1 1 0 0 0 0 0 1 1 3 4 4 3 3 1 1 1 2 4 4 7 7 7 4 4 3 3 3 3 3 3 3 3 4 3 3 13 13 6 1 1 1
 4 4 3 2 2 2 1 1 1 1 1 2 2 5 8 8 5 5 1 1 1 2 3 3 11 11 8 3 3 2 2 2 3 3 2 2 2 3 12 12 10 10 12 14 14 2
