assets/RAT_results_old/precipitation/2020-10-07_IMERG.asc
ncols        46
nrows        77
xllcorner    74.800261325624
yllcorner    8.058333333333
cellsize     0.062500000000
NODATA_value -9999
 2 2 2 1 1 1 3 3 7 7 8 5 5 3 2 2 3 3 7 8 8 3 2 2 1 1 1 2 2 1 1 1 1 1 1 1 1 1 1 1 1 1 1 1 1 1
 1 1 3 2 2 2 3 3 4 4 10 11 11 4 3 3 7 7 5 3 3 9 9 9 5 5 3 6 6 3 2 2 1 1 1 1 1 1 1 1 1 1 1 1 1 1
 1 1 3 2 2 2 3 3 4 4 10 11 11 4 3 3 7 7 5 3 3 9 9 9 5 5 3 6 6 3 2 2 1 1 1 1 1 1 1 1 1 1 1 1 1 1
 2 2 4 3 3 3 3 3 10 10 10 11 11 5 7 7 9 9 3 6 6 9 17 17 5 5 9 17 17 14 9 9 2 2 1 1 1 1 1 1 1 1 2 2 2 2
 2 2 5 6 6 4 4 4 9 9 10 8 8 10 8 8 5 5 4 6 6 20 22 22 25 25 14 14 14 21 10 10 15 15 2 1 1 2 2 2 2 2 2 2 2 3
 2 2 5 6 6 4 4 4 9 9 10 8 8 10 8 8 5 5 4 6 6 20 22 22 25 25 14 14 14 21 10 10 15 15 2 1 1 2 2 2 2 2 2 2 2 3
 2 2 1 4 4 5 4 4 7 7 13 11 11 8 8 8 8 8 7 8 8 19 19 19 19 19 10 12 12 20 15 15 12 12 6 5 5 2 2 2 2 2 2 2 2 4
 2 2 1 4 4 5 4 4 7 7 13 11 11 8 8 8 8 8 7 8 8 19 19 19 19 19 10 12 12 20 15 15 12 12 6 5 5 2 2 2 2 2 2 2 2 4
 1 1 1 3 3 4 4 4 5 5 9 14 14 12 8 8 8 8 6 8 8 26 27 27 25 25 9 10 10 14 15 15 6 6 8 5 5 2 2 2 2 2 3 3 3 5
 1 1 1 3 3 3 4 4 2 2 3 5 5 9 11 11 9 9 10 14 14 26 16 16 14 14 8 6 6 9 8 8 7 7 4 3 3 3 4 4 5 5 4 5 5 6
 1 1 1 3 3 3 4 4 2 2 3 5 5 9 11 11 9 9 10 14 14 26 16 16 14 14 8 6 6 9 8 8 7 7 4 3 3 3 4 4 5 5 4 5 5 6
 1 1 1 1 1 3 2 2 2 2 3 5 5 6 7 7 7 7 7 3 3 7 10 10 9 9 6 7 7 7 9 9 10 10 6 6 6 5 6 6 6 6 6 7 7 7
 1 1 1 1 1 2 3 3 4 4 3 2 2 4 9 9 8 8 4 3 3 5 7 7 4 4 5 6 6 6 8 8 9 9 13 23 23 23 24 24 10 10 8 9 9 9
 1 1 1 1 1 2 3 3 4 4 3 2 2 4 9 9 8 8 4 3 3 5 7 7 4 4 5 6 6 6 8 8 9 9 13 23 23 23 24 24 10 10 8 9 9 9
 1 1 1 1 1 1 4 4 4 4 4 3 3 2 2 2 4 4 5 5 5 4 5 5 5 5 7 5 5 6 9 9 13 13 13 24 24 25 26 26 15 15 14 13 13 14
 1 1 1 1 1 1 4 4 4 4 4 3 3 2 2 2 4 4 5 5 5 4 5 5 5 5 7 5 5 6 9 9 13 13 13 24 24 25 26 26 15 15 14 13 13 14
 0 0 1 1 1 1 2 2 4 4 4 2 2 2 3 3 4 4 4 5 5 7 8 8 7 7 7 6 6 7 9 9 11 11 15 38 38 40 52 52 14 14 10 13 13 15
 1 1 1 1 1 1 2 2 2 2 4 5 5 4 3 3 4 4 4 7 7 10 7 7 6 6 5 4 4 5 8 8 10 10 14 36 36 24 7 7 7 7 9 10 10 12
 1 1 1 1 1 1 2 2 2 2 4 5 5 4 3 3 4 4 4 7 7 10 7 7 6 6 5 4 4 5 8 8 10 10 14 36 36 24 7 7 7 7 9 10 10 12
 2 2 1 1 1 1 1 1 1 1 2 3 3 3 2 2 2 2 2 3 3 4 2 2 2 2 4 3 3 5 3 3 4 4 21 20 20 30 10 10 11 11 9 8 8 9
 2 2 1 0 0 0 1 1 1 1 1 2 2 1 2 2 1 1 1 3 3 3 3 3 4 4 3 3 3 3 4 4 7 7 7 12 12 8 11 11 10 10 9 11 11 7
 2 2 1 0 0 0 1 1 1 1 1 2 2 1 2 2 1 1 1 3 3 3 3 3 4 4 3 3 3 3 4 4 7 7 7 12 12 8 11 11 10 10 9 11 11 7
 3 3 2 1 1 1 1 1 1 1 0 1 1 2 2 2 2 2 3 2 2 4 3 3 3 3 4 4 4 6 7 7 8 8 8 16 16 14 10 10 14 14 22 15 15 7
 3 3 2 1 1 1 1 1 1 1 0 1 1 2 2 2 2 2 3 2 2 4 3 3 3 3 4 4 4 6 7 7 8 8 8 16 16 14 10 10 14 14 22 15 15 7
 2 2 5 4 4 1 1 1 1 1 1 0 0 2 2 2 4 4 1 2 2 3 3 3 3 3 4 4 4 4 4 4 5 5 4 7 7 8 8 8 10 10 12 14 14 12
 1 1 3 3 3 1 1 1 1 1 1 0 0 1 3 3 3 3 1 3 3 1 1 1 1 1 2 3 3 4 3 3 3 3 1 4 4 4 4 4 5 5 7 12 12 9
 1 1 3 3 3 1 1 1 1 1 1 0 0 1 3 3 3 3 1 3 3 1 1 1 1 1 2 3 3 4 3 3 3 3 1 4 4 4 4 4 5 5 7 12 12 9
 1 1 1 2 2 1 1 1 1 1 1 1 1 3 4 4 2 2 1 1 1 1 1 1 0 0 0 1 1 1 1 1 1 1 1 1 1 3 4 4 4 4 10 10 10 10
 1 1 1 2 2 2 1 1 0 0 0 0 0 0 0 0 0 0 0 0 0 0 0 0 0 0 0 1 1 2 2 2 0 0 1 1 1 3 5 5 4 4 9 2 2 3
 1 1 1 2 2 2 1 1 0 0 0 0 0 0 0 0 0 0 0 0 0 0 0 0 0 0 0 1 1 2 2 2 0 0 1 1 1 3 5 5 4 4 9 2 2 3
 1 1 1 1 1 1 1 1 1 1 0 0 0 0 0 0 1 1 1 0 0 0 0 0 0 0 0 1 1 1 1 1 0 0 0 1 1 2 2 2 2 2 3 4 4 3
 1 1 1 1 1 1 1 1 1 1 0 0 0 0 0 0 1 1 1 0 0 0 0 0 0 0 0 1 1 1 1 1 0 0 0 1 1 2 2 2 2 2 3 4 4 3
 2 2 0 0 0 1 1 1 1 1 0 0 0 0 0 0 0 0 1 0 0 0 0 0 1 1 0 0 0 0 0 0 0 0 0 1 1 4 6 6 5 5 3 8 8 8
 2 2 0 0 0 1 1 1 1 1 0 0 0 0 0 0 0 0 0 1 1 0 0 0 1 1 0 0 0 0 0 0 0 0 1 2 2 2 5 5 6 6 3 10 10 8
 2 2 0 0 0 1 1 1 1 1 0 0 0 0 0 0 0 0 0 1 1 0 0 0 1 1 0 0 0 0 0 0 0 0 1 2 2 2 5 5 6 6 3 10 10 8
 0 0 0 0 0 0 1 1 1 1 1 0 0 0 0 0 0 0 0 1 1 0 1 1 1 1 1 1 1 1 1 1 1 1 1 1 1 1 1 1 3 3 3 5 5 7
 1 1 1 0 0 0 0 0 0 0 0 0 0 1 0 0 1 1 0 1 1 1 1 1 1 1 1 1 1 1 1 1 1 1 1 1 1 2 2 2 2 2 2 2 2 2
 1 1 1 0 0 0 0 0 0 0 0 0 0 1 0 0 1 1 0 1 1 1 1 1 1 1 1 1 1 1 1 1 1 1 1 1 1 2 2 2 2 2 2 2 2 2
 1 1 1 1 1 0 0 0 0 0 0 1 1 0 1 1 2 2 2 2 2 5 2 2 7 7 1 1 1 1 1 1 1 1 2 1 1 2 2 2 2 2 3 2 2 3
 1 1 1 1 1 0 0 0 0 0 0 1 1 0 1 1 2 2 2 2 2 5 2 2 7 7 1 1 1 1 1 1 1 1 2 1 1 2 2 2 2 2 3 2 2 3
 0 0 1 1 1 1 1 1 0 0 1 0 0 1 1 1 4 4 4 3 3 11 23 23 20 20 2 1 1 1 1 1 2 2 6 3 3 4 4 4 2 2 3 8 8 10
 0 0 0 1 1 1 1 1 0 0 0 0 0 1 1 1 3 3 3 2 2 5 5 5 4 4 2 1 1 1 2 2 3 3 3 10 10 5 5 5 7 7 5 6 6 11
 0 0 0 1 1 1 1 1 0 0 0 0 0 1 1 1 3 3 3 2 2 5 5 5 4 4 2 1 1 1 2 2 3 3 3 10 10 5 5 5 7 7 5 6 6 11
 0 0 0 0 0 1 0 0 0 0 1 1 1 1 1 1 2 2 2 2 2 5 6 6 6 6 4 3 3 2 3 3 4 4 8 10 10 8 5 5 2 2 3 2 2 7
 0 0 0 1 1 1 0 0 1 1 1 1 1 1 1 1 2 2 2 3 3 3 3 3 4 4 3 2 2 3 3 3 6 6 9 9 9 4 4 4 2 2 3 3 3 5
 0 0 0 1 1 1 0 0 1 1 1 1 1 1 1 1 2 2 2 3 3 3 3 3 4 4 3 2 2 3 3 3 6 6 9 9 9 4 4 4 2 2 3 3 3 5
 0 0 0 0 0 1 0 0 0 0 0 2 2 2 3 3 3 3 3 3 3 4 2 2 3 3 3 2 2 2 4 4 4 4 4 3 3 1 1 1 1 1 1 1 1 4
 0 0 0 0 0 1 0 0 0 0 0 2 2 2 3 3 3 3 3 3 3 4 2 2 3 3 3 2 2 2 4 4 4 4 4 3 3 1 1 1 1 1 1 1 1 4
 0 0 0 0 0 1 1 1 1 1 1 3 3 6 5 5 3 3 4 3 3 4 3 3 4 4 3 3 3 3 8 8 13 13 8 2 2 2 3 3 2 2 1 0 0 1
 0 0 0 0 0 0 1 1 1 1 1 1 1 1 1 1 1 1 2 6 6 10 7 7 3 3 2 3 3 6 13 13 13 13 7 4 4 3 6 6 3 3 1 1 1 1
 0 0 0 0 0 0 1 1 1 1 1 1 1 1 1 1 1 1 2 6 6 10 7 7 3 3 2 3 3 6 13 13 13 13 7 4 4 3 6 6 3 3 1 1 1 1
 0 0 0 0 0 0 0 0 0 0 0 0 0 0 0 0 0 0 1 1 1 4 7 7 4 4 2 2 2 3 4 4 6 6 6 2 2 1 1 1 2 2 1 1 1 0
 0 0 0 0 0 0 0 0 0 0 0 0 0 0 1 1 1 1 0 1 1 1 1 1 1 1 2 0 0 0 0 0 0 0 2 1 1 1 2 2 3 3 3 5 5 3
 0 0 0 0 0 0 0 0 0 0 0 0 0 0 1 1 1 1 0 1 1 1 1 1 1 1 2 0 0 0 0 0 0 0 2 1 1 1 2 2 3 3 3 5 5 3
 0 0 0 0 0 0 0 0 0 0 0 0 0 0 1 1 0 0 1 1 1 1 1 1 1 1 2 0 0 0 0 0 1 1 1 1 1 1 2 2 4 4 4 6 6 5
 0 0 0 0 0 0 0 0 0 0 0 0 0 0 1 1 0 0 1 1 1 1 1 1 1 1 2 0 0 0 0 0 1 1 1 1 1 1 2 2 4 4 4 6 6 5
 0 0 0 0 0 0 0 0 0 0 0 0 0 0 0 0 0 0 1 2 2 1 1 1 1 1 1 0 0 0 0 0 1 1 1 1 1 2 3 3 5 5 4 4 4 3
 0 0 0 0 0 0 0 0 0 0 0 0 0 0 0 0 0 0 3 5 5 2 0 0 1 1 1 0 0 0 0 0 1 1 1 1 1 1 2 2 3 3 4 3 3 2
 0 0 0 0 0 0 0 0 0 0 0 0 0 0 0 0 0 0 3 5 5 2 0 0 1 1 1 0 0 0 0 0 1 1 1 1 1 1 2 2 3 3 4 3 3 2
 0 0 0 0 0 0 0 0 0 0 0 0 0 0 0 0 0 0 0 7 7 2 0 0 1 1 1 0 0 0 0 0 0 0 2 0 0 0 1 1 1 1 2 1 1 1
 0 0 0 0 0 0 0 0 0 0 0 0 0 0 0 0 0 0 0 0 0 0 1 1 3 3 2 1 1 0 0 0 0 0 0 0 0 0 0 0 1 1 1 1 1 1
 0 0 0 0 0 0 0 0 0 0 0 0 0 0 0 0 0 0 0 0 0 0 1 1 3 3 2 1 1 0 0 0 0 0 0 0 0 0 0 0 1 1 1 1 1 1
 0 0 0 0 0 0 0 0 0 0 0 0 0 0 0 0 0 0 0 0 0 0 0 0 4 4 3 2 2 1 0 0 0 0 0 0 0 0 0 0 0 0 1 1 1 0
 0 0 0 0 0 0 0 0 0 0 0 0 0 0 0 0 0 0 0 0 0 0 0 0 4 4 3 2 2 1 0 0 0 0 0 0 0 0 0 0 0 0 1 1 1 0
 0 0 0 0 0 0 0 0 0 0 0 0 0 0 0 0 0 0 0 0 0 0 0 0 2 2 2 1 1 2 1 1 0 0 0 0 0 0 0 0 0 0 0 1 1 0
 0 0 0 0 0 0 0 0 0 0 0 0 0 0 0 0 0 0 0 0 0 0 0 0 1 1 1 1 1 2 0 0 1 1 0 0 0 0 0 0 0 0 1 0 0 0
 0 0 0 0 0 0 0 0 0 0 0 0 0 0 0 0 0 0 0 0 0 0 0 0 1 1 1 1 1 2 0 0 1 1 0 0 0 0 0 0 0 0 1 0 0 0
 0 0 0 0 0 0 0 0 0 0 0 0 0 0 0 0 0 0 0 0 0 0 0 0 1 1 2 1 1 2 0 0 0 0 0 0 0 0 0 0 0 0 1 0 0 0
 0 0 1 0 0 0 0 0 0 0 0 0 0 0 0 0 0 0 0 0 0 0 0 0 0 0 2 2 2 2 0 0 1 1 1 0 0 0 0 0 0 0 0 0 0 0
 0 0 1 0 0 0 0 0 0 0 0 0 0 0 0 0 0 0 0 0 0 0 0 0 0 0 2 2 2 2 0 0 1 1 1 0 0 0 0 0 0 0 0 0 0 0
 1 1 1 1 1 1 0 0 0 0 0 0 0 0 0 0 0 0 0 0 0 0 0 0 0 0 1 2 2 3 2 2 1 1 1 1 1 0 0 0 0 0 0 0 0 0
 1 1 1 1 1 1 0 0 0 0 0 0 0 0 0 0 0 0 0 0 0 0 0 0 0 0 1 2 2 3 2 2 1 1 1 1 1 0 0 0 0 0 0 0 0 0
 1 1 1 1 1 1 1 1 1 1 1 1 1 1 1 1 0 0 1 0 0 0 0 0 0 0 1 1 1 3 1 1 1 1 2 2 2 1 0 0 0 0 0 0 0 0
 0 0 0 1 1 1 1 1 2 2 1 1 1 1 1 1 1 1 2 2 2 1 1 1 1 1 1 1 1 1 2 2 2 2 1 1 1 1 1 1 1 1 0 0 0 0
 0 0 0 1 1 1 1 1 2 2 1 1 1 1 1 1 1 1 2 2 2 1 1 1 1 1 1 1 1 1 2 2 2 2 1 1 1 1 1 1 1 1 0 0 0 0
 0 0 0 0 0 0 0 0 1 1 0 1 1 1 1 1 1 1 1 1 1 1 1 1 1 1 1 1 1 1 2 2 2 2 1 2 2 1 3 3 1 1 1 1 1 1
 0 0 0 0 0 0 0 0 0 0 0 1 1 0 0 0 0 0 0 1 1 1 1 1 0 0 0 0 0 0 0 0 2 2 3 1 1 2 2 2 1 1 1 1 1 0
