assets/RAT_results_old/precipitation/2020-12-17_IMERG.asc
ncols        46
nrows        77
xllcorner    74.800261325624
yllcorner    8.058333333333
cellsize     0.062500000000
NODATA_value -9999
 0 0 0 0 0 0 0 0 0 0 0 0 0 0 0 0 0 0 0 0 0 0 0 0 0 0 0 0 0 0 0 0 0 0 0 0 0 0 0 0 0 0 1 1 1 1
 0 0 0 0 0 0 0 0 0 0 0 0 0 0 0 0 0 0 0 0 0 0 0 0 0 0 0 0 0 0 0 0 0 0 0 0 0 0 0 0 0 0 0 1 1 1
 0 0 0 0 0 0 0 0 0 0 0 0 0 0 0 0 0 0 0 0 0 0 0 0 0 0 0 0 0 0 0 0 0 0 0 0 0 0 0 0 0 0 0 1 1 1
 0 0 0 0 0 0 0 0 0 0 0 0 0 0 0 0 0 0 0 0 0 0 0 0 0 0 0 0 0 0 1 1 0 0 0 0 0 0 0 0 0 0 1 1 1 1
 0 0 0 0 0 0 0 0 0 0 0 0 0 0 0 0 0 0 0 0 0 0 0 0 0 0 0 0 0 0 0 0 0 0 0 0 0 0 0 0 0 0 1 2 2 1
 0 0 0 0 0 0 0 0 0 0 0 0 0 0 0 0 0 0 0 0 0 0 0 0 0 0 0 0 0 0 0 0 0 0 0 0 0 0 0 0 0 0 1 2 2 1
 0 0 0 0 0 0 0 0 0 0 0 0 0 0 0 0 0 0 0 0 0 0 0 0 0 0 0 0 0 0 0 0 0 0 0 0 0 0 0 0 0 0 0 1 1 1
 0 0 0 0 0 0 0 0 0 0 0 0 0 0 0 0 0 0 0 0 0 0 0 0 0 0 0 0 0 0 0 0 0 0 0 0 0 0 0 0 0 0 0 1 1 1
 0 0 0 0 0 1 0 0 0 0 0 0 0 0 0 0 0 0 0 0 0 0 0 0 0 0 0 0 0 0 0 0 0 0 0 0 0 0 0 0 0 0 0 1 1 1
 0 0 0 0 0 0 0 0 0 0 0 0 0 0 0 0 0 0 0 0 0 0 0 0 0 0 0 0 0 0 0 0 0 0 0 0 0 0 0 0 0 0 0 1 1 1
 0 0 0 0 0 0 0 0 0 0 0 0 0 0 0 0 0 0 0 0 0 0 0 0 0 0 0 0 0 0 0 0 0 0 0 0 0 0 0 0 0 0 0 1 1 1
 0 0 0 0 0 0 0 0 0 0 0 0 0 0 0 0 0 0 0 0 0 0 0 0 0 0 0 0 0 0 0 0 0 0 0 0 0 0 0 0 0 0 0 1 1 1
 0 0 0 0 0 0 0 0 1 1 0 0 0 0 0 0 0 0 0 0 0 0 0 0 0 0 0 0 0 0 0 0 0 0 0 0 0 0 0 0 0 0 0 1 1 4
 0 0 0 0 0 0 0 0 1 1 0 0 0 0 0 0 0 0 0 0 0 0 0 0 0 0 0 0 0 0 0 0 0 0 0 0 0 0 0 0 0 0 0 1 1 4
 0 0 0 0 0 0 0 0 0 0 0 0 0 0 0 0 0 0 0 0 0 0 0 0 0 0 0 0 0 0 0 0 0 0 0 1 1 0 1 1 1 1 0 1 1 6
 0 0 0 0 0 0 0 0 0 0 0 0 0 0 0 0 0 0 0 0 0 0 0 0 0 0 0 0 0 0 0 0 0 0 0 1 1 0 1 1 1 1 0 1 1 6
 0 0 0 1 1 1 0 0 0 0 0 2 2 1 0 0 0 0 0 0 0 0 0 0 0 0 0 0 0 0 0 0 0 0 0 0 0 1 1 1 1 1 1 3 3 6
 0 0 0 0 0 1 0 0 0 0 2 5 5 1 0 0 0 0 0 0 0 0 0 0 0 0 0 0 0 0 0 0 0 0 0 1 1 1 1 1 2 2 2 5 5 7
 0 0 0 0 0 1 0 0 0 0 2 5 5 1 0 0 0 0 0 0 0 0 0 0 0 0 0 0 0 0 0 0 0 0 0 1 1 1 1 1 2 2 2 5 5 7
 1 1 0 0 0 0 0 0 0 0 0 1 1 1 0 0 0 0 0 0 0 0 0 0 0 0 0 0 0 0 0 0 1 1 0 1 1 1 1 1 3 3 2 7 7 8
 2 2 2 0 0 0 0 0 0 0 0 1 1 2 2 2 0 0 0 0 0 0 0 0 0 0 0 0 0 0 0 0 0 0 1 1 1 1 2 2 2 2 2 11 11 13
 2 2 2 0 0 0 0 0 0 0 0 1 1 2 2 2 0 0 0 0 0 0 0 0 0 0 0 0 0 0 0 0 0 0 1 1 1 1 2 2 2 2 2 11 11 13
 2 2 1 1 1 0 1 1 0 0 1 1 1 3 2 2 0 0 0 0 0 0 0 0 0 0 0 0 0 1 1 1 1 1 1 1 1 2 2 2 2 2 5 6 6 9
 2 2 1 1 1 0 1 1 0 0 1 1 1 3 2 2 0 0 0 0 0 0 0 0 0 0 0 0 0 1 1 1 1 1 1 1 1 2 2 2 2 2 5 6 6 9
 2 2 1 1 1 2 1 1 0 0 0 1 1 3 2 2 0 0 0 0 0 0 0 0 0 0 0 2 2 2 2 2 2 2 2 2 2 1 1 1 0 0 1 6 6 8
 1 1 0 0 0 0 1 1 0 0 0 1 1 1 2 2 1 1 0 0 0 0 0 0 0 0 0 2 2 3 1 1 1 1 1 0 0 0 0 0 0 0 2 2 2 4
 1 1 0 0 0 0 1 1 0 0 0 1 1 1 2 2 1 1 0 0 0 0 0 0 0 0 0 2 2 3 1 1 1 1 1 0 0 0 0 0 0 0 2 2 2 4
 0 0 0 0 0 0 0 0 0 0 0 1 1 1 1 1 1 1 1 0 0 1 1 1 0 0 0 2 2 3 1 1 1 1 1 0 0 0 1 1 0 0 1 1 1 2
 0 0 0 0 0 0 0 0 0 0 0 0 0 1 1 1 1 1 1 0 0 1 1 1 1 1 2 3 3 2 1 1 1 1 1 0 0 0 1 1 0 0 1 1 1 3
 0 0 0 0 0 0 0 0 0 0 0 0 0 1 1 1 1 1 1 0 0 1 1 1 1 1 2 3 3 2 1 1 1 1 1 0 0 0 1 1 0 0 1 1 1 3
 0 0 0 0 0 0 0 0 0 0 0 0 0 0 0 0 1 1 1 0 0 1 1 1 1 1 2 2 2 2 1 1 1 1 1 1 1 1 1 1 1 1 1 1 1 2
 0 0 0 0 0 0 0 0 0 0 0 0 0 0 0 0 1 1 1 0 0 1 1 1 1 1 2 2 2 2 1 1 1 1 1 1 1 1 1 1 1 1 1 1 1 2
 0 0 0 0 0 0 0 0 0 0 0 0 0 0 1 1 2 2 2 1 1 1 1 1 2 2 3 2 2 2 2 2 2 2 2 2 2 2 2 2 2 2 1 1 1 2
 0 0 0 0 0 0 0 0 0 0 0 0 0 0 1 1 2 2 2 2 2 1 1 1 1 1 1 2 2 3 2 2 2 2 3 2 2 2 1 1 1 1 1 1 1 2
 0 0 0 0 0 0 0 0 0 0 0 0 0 0 1 1 2 2 2 2 2 1 1 1 1 1 1 2 2 3 2 2 2 2 3 2 2 2 1 1 1 1 1 1 1 2
 0 0 0 0 0 0 0 0 0 0 0 0 0 0 2 2 3 3 3 2 2 1 2 2 1 1 1 1 1 2 2 2 2 2 2 2 2 2 2 2 2 2 3 3 3 4
 0 0 0 0 0 0 0 0 0 0 0 0 0 0 1 1 2 2 2 2 2 2 2 2 1 1 1 2 2 3 3 3 4 4 4 5 5 5 4 4 6 6 5 8 8 4
 0 0 0 0 0 0 0 0 0 0 0 0 0 0 1 1 2 2 2 2 2 2 2 2 1 1 1 2 2 3 3 3 4 4 4 5 5 5 4 4 6 6 5 8 8 4
 0 0 0 0 0 0 0 0 0 0 0 0 0 0 0 0 3 3 4 5 5 6 2 2 1 1 2 2 2 5 7 7 8 8 10 9 9 5 5 5 7 7 7 8 8 8
 0 0 0 0 0 0 0 0 0 0 0 0 0 0 0 0 3 3 4 5 5 6 2 2 1 1 2 2 2 5 7 7 8 8 10 9 9 5 5 5 7 7 7 8 8 8
 2 2 0 1 1 1 0 0 0 0 0 0 0 0 0 0 2 2 3 4 4 6 2 2 2 2 2 2 2 4 6 6 8 8 8 9 9 10 11 11 10 10 8 7 7 7
 2 2 1 1 1 1 0 0 0 0 0 0 0 0 0 0 1 1 3 3 3 6 5 5 1 1 1 4 4 5 6 6 5 5 5 6 6 6 8 8 6 6 6 9 9 9
 2 2 1 1 1 1 0 0 0 0 0 0 0 0 0 0 1 1 3 3 3 6 5 5 1 1 1 4 4 5 6 6 5 5 5 6 6 6 8 8 6 6 6 9 9 9
 2 2 2 3 3 1 1 1 0 0 0 0 0 0 0 0 0 0 2 3 3 2 4 4 1 1 1 4 4 4 4 4 4 4 3 5 5 5 6 6 5 5 4 6 6 6
 2 2 2 3 3 1 1 1 1 1 1 0 0 1 0 0 1 1 2 1 1 2 3 3 1 1 0 1 1 0 1 1 3 3 2 2 2 3 2 2 2 2 2 2 2 2
 2 2 2 3 3 1 1 1 1 1 1 0 0 1 0 0 1 1 2 1 1 2 3 3 1 1 0 1 1 0 1 1 3 3 2 2 2 3 2 2 2 2 2 2 2 2
 2 2 1 2 2 1 1 1 1 1 1 1 1 1 0 0 2 2 3 2 2 2 1 1 1 1 0 0 0 0 0 0 0 0 1 2 2 2 1 1 1 1 1 1 1 1
 2 2 1 2 2 1 1 1 1 1 1 1 1 1 0 0 2 2 3 2 2 2 1 1 1 1 0 0 0 0 0 0 0 0 1 2 2 2 1 1 1 1 1 1 1 1
 2 2 5 1 1 1 2 2 1 1 1 1 1 1 0 0 1 1 1 2 2 2 2 2 3 3 1 0 0 0 0 0 0 0 1 4 4 2 2 2 4 4 3 1 1 3
 2 2 6 1 1 1 1 1 1 1 1 1 1 1 2 2 1 1 2 4 4 3 1 1 5 5 4 5 5 0 0 0 0 0 1 1 1 4 4 4 3 3 3 4 4 4
 2 2 6 1 1 1 1 1 1 1 1 1 1 1 2 2 1 1 2 4 4 3 1 1 5 5 4 5 5 0 0 0 0 0 1 1 1 4 4 4 3 3 3 4 4 4
 1 1 2 1 1 1 1 1 1 1 1 1 1 1 4 4 9 9 3 2 2 3 1 1 4 4 5 5 5 3 0 0 0 0 0 1 1 0 1 1 1 1 2 2 2 4
 1 1 2 1 1 1 1 1 1 1 2 4 4 7 8 8 6 6 12 5 5 6 6 6 2 2 2 6 6 2 0 0 0 0 0 0 0 0 0 0 1 1 1 3 3 4
 1 1 2 1 1 1 1 1 1 1 2 4 4 7 8 8 6 6 12 5 5 6 6 6 2 2 2 6 6 2 0 0 0 0 0 0 0 0 0 0 1 1 1 3 3 4
 4 4 4 3 3 3 3 3 3 3 4 6 6 7 7 7 9 9 11 11 11 14 15 15 5 5 3 2 2 1 1 1 3 3 2 0 0 0 0 0 0 0 1 2 2 5
 4 4 4 3 3 3 3 3 3 3 4 6 6 7 7 7 9 9 11 11 11 14 15 15 5 5 3 2 2 1 1 1 3 3 2 0 0 0 0 0 0 0 1 2 2 5
 15 15 12 10 10 7 6 6 6 6 6 7 7 9 11 11 13 13 13 13 13 9 9 9 7 7 5 2 2 3 1 1 0 0 0 0 0 1 1 1 0 0 1 1 1 1
 15 15 13 10 10 8 7 7 8 8 9 11 11 12 14 14 13 13 21 21 21 17 19 19 17 17 8 6 6 6 10 10 0 0 3 3 3 3 0 0 0 0 3 0 0 1
 15 15 13 10 10 8 7 7 8 8 9 11 11 12 14 14 13 13 21 21 21 17 19 19 17 17 8 6 6 6 10 10 0 0 3 3 3 3 0 0 0 0 3 0 0 1
 12 12 10 7 7 6 5 5 6 6 8 11 11 15 18 18 20 20 20 23 23 17 24 24 30 30 15 14 14 10 6 6 5 5 4 3 3 1 1 1 0 0 3 2 2 6
 6 6 6 5 5 6 7 7 11 11 13 16 16 20 25 25 31 31 44 59 59 20 25 25 31 31 13 13 13 15 15 15 14 14 3 3 3 2 1 1 10 10 10 8 8 10
 6 6 6 5 5 6 7 7 11 11 13 16 16 20 25 25 31 31 44 59 59 20 25 25 31 31 13 13 13 15 15 15 14 14 3 3 3 2 1 1 10 10 10 8 8 10
 4 4 4 4 4 5 6 6 8 8 13 17 17 23 29 29 36 36 49 56 56 48 16 16 23 23 11 16 16 14 13 13 8 8 2 2 2 3 2 2 8 8 11 8 8 10
 4 4 4 4 4 5 6 6 8 8 13 17 17 23 29 29 36 36 49 56 56 48 16 16 23 23 11 16 16 14 13 13 8 8 2 2 2 3 2 2 8 8 11 8 8 10
 13 13 11 10 10 9 11 11 14 14 23 34 34 48 75 75 88 88 93 87 87 77 32 32 14 14 15 13 13 16 14 14 11 11 2 3 3 4 4 4 9 9 9 13 13 12
 15 15 13 12 12 12 14 14 20 20 30 42 42 56 65 65 71 71 71 52 52 35 22 22 13 13 9 15 15 46 13 13 8 8 3 5 5 5 6 6 8 8 7 8 8 14
 15 15 13 12 12 12 14 14 20 20 30 42 42 56 65 65 71 71 71 52 52 35 22 22 13 13 9 15 15 46 13 13 8 8 3 5 5 5 6 6 8 8 7 8 8 14
 21 21 20 19 19 17 16 16 15 15 19 22 22 32 51 51 64 64 62 52 52 37 22 22 13 13 10 16 16 18 12 12 11 11 7 8 8 9 8 8 9 9 9 10 10 9
 51 51 42 34 34 26 20 20 18 18 19 24 24 36 58 58 74 74 72 56 56 37 26 26 20 20 21 21 21 23 19 19 18 18 13 10 10 11 10 10 9 9 9 14 14 13
 51 51 42 34 34 26 20 20 18 18 19 24 24 36 58 58 74 74 72 56 56 37 26 26 20 20 21 21 21 23 19 19 18 18 13 10 10 11 10 10 9 9 9 14 14 13
 58 58 52 44 44 38 33 33 31 31 32 40 40 50 64 64 82 82 77 57 57 46 39 39 34 34 36 20 20 19 23 23 19 19 17 11 11 11 9 9 8 8 15 15 15 14
 58 58 52 44 44 38 33 33 31 31 32 40 40 50 64 64 82 82 77 57 57 46 39 39 34 34 36 20 20 19 23 23 19 19 17 11 11 11 9 9 8 8 15 15 15 14
 97 97 83 69 69 57 46 46 39 39 39 44 44 52 67 67 84 84 85 75 75 61 46 46 32 32 43 38 38 22 23 23 23 23 16 10 10 12 8 8 9 9 15 14 14 31
 91 91 78 68 68 56 46 46 41 41 38 41 41 49 65 65 93 93 111 115 115 117 94 94 64 64 44 30 30 7 4 4 8 8 7 9 9 13 14 14 15 15 13 13 13 19
 91 91 78 68 68 56 46 46 41 41 38 41 41 49 65 65 93 93 111 115 115 117 94 94 64 64 44 30 30 7 4 4 8 8 7 9 9 13 14 14 15 15 13 13 13 19
 88 88 75 66 66 55 45 45 38 38 33 30 30 31 43 43 69 69 93 105 105 103 80 80 61 61 41 20 20 11 9 9 10 10 8 9 9 15 19 19 16 16 14 14 14 21
 37 37 38 37 37 35 32 32 27 27 23 23 23 24 28 28 38 38 51 61 61 74 71 71 56 56 42 26 26 16 11 11 3 3 7 8 8 15 16 16 17 17 22 20 20 17
