assets/RAT_results_old/precipitation/2020-08-09_IMERG.asc
ncols        46
nrows        77
xllcorner    74.800261325624
yllcorner    8.058333333333
cellsize     0.062500000000
NODATA_value -9999
 73 73 77 70 70 87 82 82 52 52 39 13 13 10 11 11 3 3 2 1 1 1 1 1 1 1 1 1 1 1 1 1 3 3 3 4 4 8 8 8 6 6 3 1 1 1
 83 83 70 67 67 64 81 81 53 53 30 30 30 19 15 15 5 5 2 2 2 1 1 1 1 1 1 1 1 1 1 1 2 2 2 5 5 8 8 8 5 5 8 4 4 1
 83 83 70 67 67 64 81 81 53 53 30 30 30 19 15 15 5 5 2 2 2 1 1 1 1 1 1 1 1 1 1 1 2 2 2 5 5 8 8 8 5 5 8 4 4 1
 77 77 81 72 72 78 60 60 52 52 29 19 19 13 13 13 6 6 2 1 1 1 1 1 1 1 1 1 1 1 1 1 1 1 2 7 7 11 12 12 13 13 12 12 12 3
 90 90 78 68 68 73 58 58 76 76 41 19 19 19 12 12 8 8 1 1 1 0 0 0 0 0 0 1 1 1 1 1 3 3 6 13 13 19 17 17 19 19 13 10 10 4
 90 90 78 68 68 73 58 58 76 76 41 19 19 19 12 12 8 8 1 1 1 0 0 0 0 0 0 1 1 1 1 1 3 3 6 13 13 19 17 17 19 19 13 10 10 4
 82 82 91 70 70 68 50 50 52 52 30 24 24 21 15 15 13 13 5 2 2 1 0 0 0 0 0 0 0 3 1 1 3 3 7 11 11 8 8 8 18 18 13 10 10 4
 82 82 91 70 70 68 50 50 52 52 30 24 24 21 15 15 13 13 5 2 2 1 0 0 0 0 0 0 0 3 1 1 3 3 7 11 11 8 8 8 18 18 13 10 10 4
 96 96 81 71 71 62 47 47 36 36 32 23 23 19 16 16 19 19 11 4 4 3 0 0 0 0 0 0 0 1 2 2 1 1 3 3 3 5 7 7 10 10 8 9 9 7
 144 144 96 86 86 71 63 63 78 78 48 50 50 31 23 23 20 20 12 10 10 5 2 2 0 0 3 0 0 0 2 2 3 3 2 3 3 4 6 6 5 5 4 4 4 5
 144 144 96 86 86 71 63 63 78 78 48 50 50 31 23 23 20 20 12 10 10 5 2 2 0 0 3 0 0 0 2 2 3 3 2 3 3 4 6 6 5 5 4 4 4 5
 169 169 135 135 135 79 76 76 68 68 88 52 52 35 24 24 22 22 14 9 9 8 5 5 2 2 2 1 1 0 1 1 1 1 1 2 2 2 5 5 4 4 3 3 3 3
 259 259 213 174 174 101 69 69 73 73 48 43 43 35 25 25 23 23 11 11 11 8 5 5 4 4 3 2 2 1 1 1 1 1 1 1 1 2 2 2 3 3 1 3 3 9
 259 259 213 174 174 101 69 69 73 73 48 43 43 35 25 25 23 23 11 11 11 8 5 5 4 4 3 2 2 1 1 1 1 1 1 1 1 2 2 2 3 3 1 3 3 9
 275 275 240 167 167 126 81 81 63 63 45 45 45 36 24 24 21 21 19 11 11 6 5 5 4 4 2 1 1 1 1 1 1 1 1 1 1 1 1 1 2 2 1 2 2 4
 275 275 240 167 167 126 81 81 63 63 45 45 45 36 24 24 21 21 19 11 11 6 5 5 4 4 2 1 1 1 1 1 1 1 1 1 1 1 1 1 2 2 1 2 2 4
 246 246 258 171 171 167 109 109 62 62 50 47 47 38 30 30 19 19 16 8 8 8 4 4 3 3 2 2 2 1 1 1 0 0 0 1 1 1 1 1 1 1 1 3 3 4
 260 260 239 231 231 171 127 127 65 65 55 43 43 35 24 24 17 17 17 8 8 5 3 3 3 3 2 2 2 1 0 0 0 0 1 1 1 1 1 1 1 1 1 2 2 4
 260 260 239 231 231 171 127 127 65 65 55 43 43 35 24 24 17 17 17 8 8 5 3 3 3 3 2 2 2 1 0 0 0 0 1 1 1 1 1 1 1 1 1 2 2 4
 214 214 209 235 235 201 102 102 82 82 60 48 48 33 32 32 21 21 14 7 7 5 4 4 2 2 3 2 2 1 0 0 0 0 1 1 1 1 1 1 1 1 1 1 1 5
 190 190 216 238 238 170 134 134 88 88 60 48 48 37 35 35 18 18 18 14 14 12 6 6 6 6 4 3 3 2 1 1 1 1 1 1 1 1 2 2 2 2 2 1 1 1
 190 190 216 238 238 170 134 134 88 88 60 48 48 37 35 35 18 18 18 14 14 12 6 6 6 6 4 3 3 2 1 1 1 1 1 1 1 1 2 2 2 2 2 1 1 1
 175 175 218 234 234 165 108 108 81 81 55 48 48 40 29 29 24 24 20 18 18 14 6 6 5 5 7 5 5 4 3 3 5 5 2 2 2 1 1 1 2 2 1 1 1 2
 175 175 218 234 234 165 108 108 81 81 55 48 48 40 29 29 24 24 20 18 18 14 6 6 5 5 7 5 5 4 3 3 5 5 2 2 2 1 1 1 2 2 1 1 1 2
 147 147 165 161 161 138 95 95 74 74 47 51 51 44 33 33 26 26 20 18 18 14 10 10 8 8 11 6 6 6 4 4 3 3 3 3 3 2 2 2 1 1 1 1 1 0
 113 113 103 144 144 134 93 93 72 72 56 51 51 48 49 49 31 31 31 23 23 14 15 15 11 11 10 9 9 8 2 2 1 1 2 2 2 2 1 1 1 1 1 0 0 0
 113 113 103 144 144 134 93 93 72 72 56 51 51 48 49 49 31 31 31 23 23 14 15 15 11 11 10 9 9 8 2 2 1 1 2 2 2 2 1 1 1 1 1 0 0 0
 76 76 72 137 137 137 114 114 115 115 65 47 47 37 46 46 45 45 42 28 28 22 17 17 13 13 16 11 11 7 3 3 1 1 1 2 2 1 1 1 1 1 1 1 1 1
 57 57 70 88 88 146 152 152 140 140 88 60 60 50 49 49 44 44 45 38 38 29 25 25 22 22 23 12 12 5 5 5 4 4 2 1 1 1 1 1 1 1 1 1 1 1
 57 57 70 88 88 146 152 152 140 140 88 60 60 50 49 49 44 44 45 38 38 29 25 25 22 22 23 12 12 5 5 5 4 4 2 1 1 1 1 1 1 1 1 1 1 1
 56 56 72 79 79 108 126 126 112 112 75 76 76 64 49 49 47 47 42 42 42 40 35 35 30 30 26 15 15 9 4 4 3 3 2 2 2 2 2 2 1 1 1 1 1 1
 56 56 72 79 79 108 126 126 112 112 75 76 76 64 49 49 47 47 42 42 42 40 35 35 30 30 26 15 15 9 4 4 3 3 2 2 2 2 2 2 1 1 1 1 1 1
 51 51 60 69 69 78 70 70 66 66 61 61 61 57 59 59 51 51 47 45 45 40 34 34 32 32 27 14 14 9 4 4 2 2 1 1 1 1 1 1 1 1 1 1 1 1
 58 58 59 65 65 60 52 52 53 53 47 51 51 61 47 47 53 53 49 49 49 40 36 36 31 31 27 17 17 10 7 7 5 5 3 2 2 1 1 1 1 1 1 0 0 2
 58 58 59 65 65 60 52 52 53 53 47 51 51 61 47 47 53 53 49 49 49 40 36 36 31 31 27 17 17 10 7 7 5 5 3 2 2 1 1 1 1 1 1 0 0 2
 70 70 69 61 61 54 46 46 42 42 52 47 47 58 58 58 48 48 36 35 35 35 29 29 26 26 23 21 21 13 9 9 6 6 3 2 2 2 1 1 0 0 1 1 1 2
 78 78 71 71 71 58 53 53 50 50 35 33 33 32 32 32 35 35 33 33 33 28 34 34 20 20 22 17 17 11 10 10 6 6 4 3 3 4 1 1 1 1 1 2 2 3
 78 78 71 71 71 58 53 53 50 50 35 33 33 32 32 32 35 35 33 33 33 28 34 34 20 20 22 17 17 11 10 10 6 6 4 3 3 4 1 1 1 1 1 2 2 3
 63 63 49 47 47 40 43 43 40 40 32 27 27 32 33 33 32 32 34 33 33 28 32 32 27 27 21 21 21 17 16 16 13 13 12 5 5 6 8 8 7 7 6 6 6 6
 63 63 49 47 47 40 43 43 40 40 32 27 27 32 33 33 32 32 34 33 33 28 32 32 27 27 21 21 21 17 16 16 13 13 12 5 5 6 8 8 7 7 6 6 6 6
 59 59 46 43 43 38 35 35 31 31 29 29 29 28 31 31 33 33 31 31 31 26 32 32 34 34 33 25 25 30 27 27 27 27 21 11 11 14 11 11 9 9 11 7 7 7
 53 53 43 45 45 37 35 35 28 28 27 37 37 31 34 34 35 35 31 31 31 26 33 33 38 38 34 36 36 49 56 56 43 43 27 21 21 21 16 16 12 12 13 11 11 11
 53 53 43 45 45 37 35 35 28 28 27 37 37 31 34 34 35 35 31 31 31 26 33 33 38 38 34 36 36 49 56 56 43 43 27 21 21 21 16 16 12 12 13 11 11 11
 47 47 42 37 37 35 36 36 30 30 32 37 37 32 36 36 37 37 34 31 31 30 35 35 35 35 31 40 40 49 49 49 47 47 30 30 30 25 20 20 18 18 14 12 12 11
 43 43 41 34 34 33 35 35 37 37 35 38 38 38 49 49 49 49 42 23 23 39 39 39 41 41 29 44 44 49 52 52 33 33 48 31 31 24 16 16 19 19 15 11 11 6
 43 43 41 34 34 33 35 35 37 37 35 38 38 38 49 49 49 49 42 23 23 39 39 39 41 41 29 44 44 49 52 52 33 33 48 31 31 24 16 16 19 19 15 11 11 6
 43 43 39 33 33 30 33 33 30 30 36 48 48 50 65 65 57 57 63 36 36 43 37 37 42 42 36 44 44 59 57 57 34 34 37 28 28 28 20 20 22 22 14 9 9 6
 43 43 39 33 33 30 33 33 30 30 36 48 48 50 65 65 57 57 63 36 36 43 37 37 42 42 36 44 44 59 57 57 34 34 37 28 28 28 20 20 22 22 14 9 9 6
 38 38 33 31 31 31 43 43 45 45 47 55 55 64 77 77 77 77 77 47 47 45 43 43 46 46 51 44 44 48 51 51 30 30 27 21 21 20 18 18 19 19 15 11 11 8
 44 44 50 50 50 52 50 50 45 45 47 60 60 62 74 74 70 70 67 63 63 54 47 47 43 43 48 44 44 42 42 42 26 26 22 18 18 17 18 18 20 20 16 14 14 9
 44 44 50 50 50 52 50 50 45 45 47 60 60 62 74 74 70 70 67 63 63 54 47 47 43 43 48 44 44 42 42 42 26 26 22 18 18 17 18 18 20 20 16 14 14 9
 49 49 48 47 47 61 67 67 62 62 58 75 75 90 103 103 42 42 53 62 62 44 50 50 57 57 47 43 43 36 32 32 29 29 17 16 16 17 18 18 18 18 19 17 17 12
 46 46 53 53 53 61 63 63 53 53 131 94 94 96 109 109 59 59 40 45 45 62 63 63 68 68 60 48 48 47 40 40 26 26 16 19 19 20 21 21 20 20 22 17 17 12
 46 46 53 53 53 61 63 63 53 53 131 94 94 96 109 109 59 59 40 45 45 62 63 63 68 68 60 48 48 47 40 40 26 26 16 19 19 20 21 21 20 20 22 17 17 12
 50 50 47 50 50 74 79 79 113 113 128 72 72 83 92 92 73 73 54 54 54 72 67 67 64 64 63 49 49 52 44 44 28 28 21 20 20 16 21 21 24 24 23 15 15 12
 50 50 47 50 50 74 79 79 113 113 128 72 72 83 92 92 73 73 54 54 54 72 67 67 64 64 63 49 49 52 44 44 28 28 21 20 20 16 21 21 24 24 23 15 15 12
 45 45 48 53 53 51 63 63 64 64 71 69 69 83 87 87 72 72 54 86 86 87 83 83 71 71 70 51 51 47 39 39 34 34 29 21 21 23 25 25 25 25 23 27 27 9
 37 37 40 55 55 55 69 69 69 69 75 54 54 67 56 56 77 77 58 83 83 79 80 80 63 63 62 48 48 44 43 43 34 34 29 16 16 23 24 24 31 31 28 30 30 9
 37 37 40 55 55 55 69 69 69 69 75 54 54 67 56 56 77 77 58 83 83 79 80 80 63 63 62 48 48 44 43 43 34 34 29 16 16 23 24 24 31 31 28 30 30 9
 36 36 41 55 55 48 51 51 52 52 52 52 52 59 48 48 73 73 53 61 61 44 52 52 57 57 51 49 49 42 43 43 38 38 28 24 24 24 27 27 30 30 40 33 33 11
 35 35 36 41 41 43 42 42 43 43 43 44 44 49 46 46 55 55 56 42 42 32 33 33 42 42 42 50 50 43 39 39 34 34 27 19 19 22 27 27 28 28 37 33 33 12
 35 35 36 41 41 43 42 42 43 43 43 44 44 49 46 46 55 55 56 42 42 32 33 33 42 42 42 50 50 43 39 39 34 34 27 19 19 22 27 27 28 28 37 33 33 12
 37 37 37 38 38 41 43 43 43 43 39 41 41 42 43 43 37 37 34 30 30 24 29 29 37 37 41 44 44 41 37 37 30 30 27 25 25 22 27 27 24 24 31 20 20 17
 37 37 37 38 38 41 43 43 43 43 39 41 41 42 43 43 37 37 34 30 30 24 29 29 37 37 41 44 44 41 37 37 30 30 27 25 25 22 27 27 24 24 31 20 20 17
 34 34 36 36 36 39 42 42 42 42 34 30 30 29 47 47 35 35 31 28 28 22 18 18 29 29 38 29 29 37 34 34 26 26 22 26 26 22 31 31 34 34 39 25 25 15
 34 34 37 39 39 41 37 37 34 34 29 27 27 28 34 34 25 25 34 16 16 18 22 22 31 31 31 30 30 34 29 29 28 28 27 25 25 25 27 27 34 34 32 24 24 17
 34 34 37 39 39 41 37 37 34 34 29 27 27 28 34 34 25 25 34 16 16 18 22 22 31 31 31 30 30 34 29 29 28 28 27 25 25 25 27 27 34 34 32 24 24 17
 31 31 36 38 38 37 32 32 29 29 26 27 27 19 18 18 20 20 20 24 24 18 22 22 25 25 30 29 29 25 30 30 27 27 22 21 21 23 27 27 32 32 29 23 23 19
 25 25 28 31 31 29 26 26 23 23 22 26 26 21 21 21 20 20 20 25 25 20 20 20 15 15 20 19 19 18 21 21 23 23 17 17 17 20 21 21 27 27 27 27 27 25
 25 25 28 31 31 29 26 26 23 23 22 26 26 21 21 21 20 20 20 25 25 20 20 20 15 15 20 19 19 18 21 21 23 23 17 17 17 20 21 21 27 27 27 27 27 25
 18 18 19 22 22 22 23 23 21 21 20 20 20 19 24 24 17 17 20 23 23 21 11 11 13 13 13 14 14 10 13 13 12 12 15 13 13 20 22 22 26 26 28 29 29 33
 18 18 19 22 22 22 23 23 21 21 20 20 20 19 24 24 17 17 20 23 23 21 11 11 13 13 13 14 14 10 13 13 12 12 15 13 13 20 22 22 26 26 28 29 29 33
 17 17 17 20 20 23 19 19 17 17 17 17 17 18 20 20 21 21 19 23 23 20 21 21 12 12 8 10 10 9 12 12 10 10 17 17 17 17 19 19 20 20 23 26 26 35
 18 18 20 25 25 27 17 17 16 16 17 18 18 18 19 19 17 17 26 32 32 23 29 29 33 33 37 12 12 12 13 13 9 9 15 16 16 18 19 19 20 20 19 20 20 31
 18 18 20 25 25 27 17 17 16 16 17 18 18 18 19 19 17 17 26 32 32 23 29 29 33 33 37 12 12 12 13 13 9 9 15 16 16 18 19 19 20 20 19 20 20 31
 20 20 21 25 25 21 16 16 13 13 11 11 11 11 12 12 12 12 14 22 22 15 28 28 33 33 39 15 15 16 19 19 16 16 15 15 15 13 20 20 16 16 16 23 23 25
 24 24 23 24 24 22 18 18 16 16 14 12 12 11 11 11 11 11 12 13 13 16 22 22 24 24 22 19 19 22 33 33 27 27 18 14 14 12 16 16 20 20 19 21 21 23
