assets/RAT_results_old/precipitation/2020-05-21_IMERG.asc
ncols        46
nrows        77
xllcorner    74.800261325624
yllcorner    8.058333333333
cellsize     0.062500000000
NODATA_value -9999
 0 0 0 0 0 0 0 0 0 0 0 2 2 2 0 0 0 0 0 0 0 0 0 0 1 1 1 1 1 2 2 2 2 2 2 1 1 1 1 1 1 1 0 0 0 0
 0 0 0 0 0 0 0 0 0 0 0 0 0 1 1 1 1 1 0 0 0 0 0 0 0 0 1 1 1 2 2 2 2 2 2 2 2 1 1 1 1 1 1 1 1 0
 0 0 0 0 0 0 0 0 0 0 0 0 0 1 1 1 1 1 0 0 0 0 0 0 0 0 1 1 1 2 2 2 2 2 2 2 2 1 1 1 1 1 1 1 1 0
 0 0 0 0 0 0 0 0 0 0 0 0 0 1 1 1 1 1 0 0 0 0 0 0 1 1 0 1 1 1 1 1 2 2 2 2 2 2 3 3 5 5 2 2 2 3
 0 0 0 0 0 0 0 0 0 0 0 0 0 0 0 0 0 0 0 0 0 0 1 1 1 1 0 0 0 0 1 1 1 1 1 2 2 3 3 3 8 8 6 5 5 5
 0 0 0 0 0 0 0 0 0 0 0 0 0 0 0 0 0 0 0 0 0 0 1 1 1 1 0 0 0 0 1 1 1 1 1 2 2 3 3 3 8 8 6 5 5 5
 0 0 0 0 0 1 0 0 0 0 0 0 0 0 0 0 0 0 0 0 0 1 1 1 0 0 0 0 0 0 0 0 0 0 1 1 1 2 9 9 8 8 5 20 20 18
 0 0 0 0 0 1 0 0 0 0 0 0 0 0 0 0 0 0 0 0 0 1 1 1 0 0 0 0 0 0 0 0 0 0 1 1 1 2 9 9 8 8 5 20 20 18
 0 0 0 0 0 0 1 1 0 0 0 0 0 0 0 0 0 0 0 0 0 0 0 0 0 0 0 0 0 0 0 0 0 0 0 1 1 9 9 9 8 8 8 18 18 18
 0 0 1 0 0 0 0 0 0 0 0 0 0 0 0 0 0 0 0 0 0 0 0 0 0 0 0 0 0 0 0 0 0 0 1 2 2 8 8 8 6 6 5 33 33 33
 0 0 1 0 0 0 0 0 0 0 0 0 0 0 0 0 0 0 0 0 0 0 0 0 0 0 0 0 0 0 0 0 0 0 1 2 2 8 8 8 6 6 5 33 33 33
 0 0 1 0 0 0 1 1 0 0 0 0 0 0 0 0 0 0 0 0 0 0 0 0 0 0 0 0 0 0 0 0 0 0 0 6 6 7 7 7 4 4 5 19 19 29
 0 0 0 0 0 1 0 0 1 1 0 0 0 0 0 0 0 0 0 0 0 0 0 0 0 0 0 0 0 0 0 0 0 0 0 1 1 1 2 2 1 1 3 17 17 27
 0 0 0 0 0 1 0 0 1 1 0 0 0 0 0 0 0 0 0 0 0 0 0 0 0 0 0 0 0 0 0 0 0 0 0 1 1 1 2 2 1 1 3 17 17 27
 0 0 0 0 0 0 1 1 0 0 0 0 0 0 0 0 0 0 0 0 0 0 0 0 0 0 0 0 0 0 0 0 0 0 0 0 0 1 3 3 2 2 0 0 0 2
 0 0 0 0 0 0 1 1 0 0 0 0 0 0 0 0 0 0 0 0 0 0 0 0 0 0 0 0 0 0 0 0 0 0 0 0 0 1 3 3 2 2 0 0 0 2
 0 0 0 0 0 0 0 0 0 0 1 0 0 0 0 0 0 0 0 0 0 0 0 0 0 0 0 0 0 0 0 0 0 0 0 0 0 0 2 2 3 3 0 0 0 2
 0 0 0 0 0 0 0 0 0 0 0 0 0 0 0 0 0 0 0 0 0 0 0 0 0 0 0 0 0 0 0 0 0 0 0 1 1 1 4 4 1 1 0 0 0 0
 0 0 0 0 0 0 0 0 0 0 0 0 0 0 0 0 0 0 0 0 0 0 0 0 0 0 0 0 0 0 0 0 0 0 0 1 1 1 4 4 1 1 0 0 0 0
 0 0 0 0 0 0 4 4 1 1 0 0 0 0 0 0 0 0 1 0 0 0 0 0 0 0 0 0 0 0 0 0 0 0 1 2 2 2 1 1 1 1 0 0 0 0
 0 0 0 0 0 0 1 1 1 1 0 0 0 0 1 1 0 0 1 0 0 0 0 0 0 0 0 0 0 1 0 0 1 1 0 1 1 1 1 1 0 0 0 0 0 0
 0 0 0 0 0 0 1 1 1 1 0 0 0 0 1 1 0 0 1 0 0 0 0 0 0 0 0 0 0 1 0 0 1 1 0 1 1 1 1 1 0 0 0 0 0 0
 0 0 0 0 0 0 0 0 1 1 1 0 0 1 1 1 0 0 0 1 1 0 0 0 0 0 0 0 0 0 2 2 0 0 1 1 1 2 2 2 1 1 0 2 2 1
 0 0 0 0 0 0 0 0 1 1 1 0 0 1 1 1 0 0 0 1 1 0 0 0 0 0 0 0 0 0 2 2 0 0 1 1 1 2 2 2 1 1 0 2 2 1
 0 0 0 0 0 0 0 0 2 2 3 0 0 0 0 0 0 0 0 1 1 0 0 0 1 1 0 1 1 0 0 0 0 0 0 0 0 3 2 2 2 2 2 1 1 1
 0 0 0 0 0 0 1 1 0 0 1 0 0 0 0 0 0 0 0 1 1 1 0 0 0 0 0 0 0 0 0 0 0 0 0 1 1 3 2 2 2 2 0 1 1 0
 0 0 0 0 0 0 1 1 0 0 1 0 0 0 0 0 0 0 0 1 1 1 0 0 0 0 0 0 0 0 0 0 0 0 0 1 1 3 2 2 2 2 0 1 1 0
 0 0 0 0 0 0 0 0 0 0 1 0 0 0 0 0 1 1 0 1 1 1 0 0 0 0 0 0 0 0 0 0 0 0 0 1 1 1 0 0 0 0 0 0 0 0
 0 0 0 0 0 0 0 0 0 0 0 0 0 0 0 0 0 0 1 1 1 1 0 0 0 0 0 0 0 0 0 0 0 0 0 0 0 0 0 0 0 0 0 0 0 0
 0 0 0 0 0 0 0 0 0 0 0 0 0 0 0 0 0 0 1 1 1 1 0 0 0 0 0 0 0 0 0 0 0 0 0 0 0 0 0 0 0 0 0 0 0 0
 0 0 0 0 0 1 1 1 1 1 1 0 0 0 0 0 1 1 1 0 0 0 0 0 0 0 0 0 0 0 0 0 0 0 0 0 0 0 0 0 0 0 0 0 0 0
 0 0 0 0 0 1 1 1 1 1 1 0 0 0 0 0 1 1 1 0 0 0 0 0 0 0 0 0 0 0 0 0 0 0 0 0 0 0 0 0 0 0 0 0 0 0
 1 1 1 1 1 1 1 1 3 3 3 2 2 1 1 1 1 1 1 0 0 0 0 0 0 0 0 0 0 0 0 0 0 0 0 0 0 0 0 0 0 0 0 0 0 0
 1 1 2 2 2 2 1 1 2 2 2 3 3 2 1 1 0 0 0 0 0 0 0 0 1 1 0 0 0 0 0 0 0 0 0 0 0 0 0 0 0 0 1 0 0 0
 1 1 2 2 2 2 1 1 2 2 2 3 3 2 1 1 0 0 0 0 0 0 0 0 1 1 0 0 0 0 0 0 0 0 0 0 0 0 0 0 0 0 1 0 0 0
 0 0 1 3 3 3 2 2 2 2 1 1 1 2 2 2 2 2 4 2 2 2 0 0 1 1 0 0 0 0 0 0 0 0 0 0 0 1 1 1 1 1 1 1 1 1
 1 1 1 2 2 3 4 4 3 3 2 1 1 0 3 3 3 3 4 5 5 6 1 1 1 1 0 0 0 0 0 0 0 0 1 1 1 1 1 1 2 2 2 2 2 2
 1 1 1 2 2 3 4 4 3 3 2 1 1 0 3 3 3 3 4 5 5 6 1 1 1 1 0 0 0 0 0 0 0 0 1 1 1 1 1 1 2 2 2 2 2 2
 2 2 1 1 1 2 4 4 4 4 3 2 2 2 0 0 2 2 3 4 4 1 0 0 0 0 0 1 1 0 0 0 0 0 1 1 1 2 2 2 2 2 3 3 3 4
 2 2 1 1 1 2 4 4 4 4 3 2 2 2 0 0 2 2 3 4 4 1 0 0 0 0 0 1 1 0 0 0 0 0 1 1 1 2 2 2 2 2 3 3 3 4
 2 2 2 1 1 3 3 3 4 4 4 4 4 4 1 1 2 2 2 3 3 1 0 0 0 0 1 1 1 1 0 0 2 2 1 1 1 1 1 1 2 2 3 2 2 2
 1 1 1 1 1 2 4 4 5 5 10 15 15 7 1 1 1 1 2 2 2 5 6 6 2 2 1 0 0 0 0 0 2 2 1 5 5 4 1 1 2 2 2 2 2 2
 1 1 1 1 1 2 4 4 5 5 10 15 15 7 1 1 1 1 2 2 2 5 6 6 2 2 1 0 0 0 0 0 2 2 1 5 5 4 1 1 2 2 2 2 2 2
 0 0 1 1 1 4 12 12 12 12 21 17 17 6 2 2 1 1 1 3 3 2 5 5 7 7 1 0 0 0 0 0 1 1 0 1 1 4 4 4 0 0 0 1 1 1
 0 0 0 1 1 6 14 14 17 17 14 15 15 14 16 16 1 1 1 3 3 3 8 8 10 10 2 0 0 0 0 0 0 0 0 0 0 0 0 0 0 0 0 0 0 0
 0 0 0 1 1 6 14 14 17 17 14 15 15 14 16 16 1 1 1 3 3 3 8 8 10 10 2 0 0 0 0 0 0 0 0 0 0 0 0 0 0 0 0 0 0 0
 1 1 1 1 1 1 10 10 12 12 12 14 14 15 7 7 8 8 5 3 3 9 9 9 14 14 2 0 0 0 0 0 0 0 2 0 0 0 0 0 0 0 0 0 0 0
 1 1 1 1 1 1 10 10 12 12 12 14 14 15 7 7 8 8 5 3 3 9 9 9 14 14 2 0 0 0 0 0 0 0 2 0 0 0 0 0 0 0 0 0 0 0
 2 2 2 1 1 1 2 2 4 4 5 5 5 5 7 7 6 6 4 5 5 4 12 12 10 10 1 1 1 1 1 1 0 0 0 0 0 0 0 0 0 0 0 0 0 0
 1 1 2 4 4 4 2 2 4 4 7 8 8 6 11 11 12 12 9 4 4 7 9 9 11 11 8 4 4 1 0 0 0 0 0 0 0 0 0 0 0 0 0 0 0 0
 1 1 2 4 4 4 2 2 4 4 7 8 8 6 11 11 12 12 9 4 4 7 9 9 11 11 8 4 4 1 0 0 0 0 0 0 0 0 0 0 0 0 0 0 0 0
 2 2 3 5 5 8 4 4 7 7 6 6 6 6 12 12 8 8 5 5 5 3 5 5 4 4 8 5 5 0 0 0 1 1 0 1 1 0 0 0 0 0 0 2 2 0
 2 2 4 6 6 8 6 6 5 5 3 3 3 4 5 5 6 6 7 5 5 4 4 4 4 4 4 8 8 2 1 1 0 0 0 0 0 0 0 0 1 1 0 0 0 0
 2 2 4 6 6 8 6 6 5 5 3 3 3 4 5 5 6 6 7 5 5 4 4 4 4 4 4 8 8 2 1 1 0 0 0 0 0 0 0 0 1 1 0 0 0 0
 1 1 3 9 9 13 9 9 9 9 7 5 5 2 2 2 3 3 4 4 4 3 3 3 6 6 10 14 14 5 2 2 1 1 0 0 0 0 0 0 0 0 0 0 0 0
 1 1 3 9 9 13 9 9 9 9 7 5 5 2 2 2 3 3 4 4 4 3 3 3 6 6 10 14 14 5 2 2 1 1 0 0 0 0 0 0 0 0 0 0 0 0
 2 2 2 6 6 10 10 10 8 8 6 4 4 2 4 4 3 3 2 4 4 5 5 5 9 9 14 14 14 12 12 12 5 5 3 0 0 0 0 0 0 0 0 0 0 0
 2 2 2 4 4 5 7 7 5 5 4 4 4 3 3 3 2 2 5 4 4 5 8 8 7 7 6 4 4 6 9 9 6 6 6 3 3 3 0 0 0 0 0 0 0 0
 2 2 2 4 4 5 7 7 5 5 4 4 4 3 3 3 2 2 5 4 4 5 8 8 7 7 6 4 4 6 9 9 6 6 6 3 3 3 0 0 0 0 0 0 0 0
 4 4 4 7 7 6 8 8 8 8 5 5 5 3 3 3 6 6 3 4 4 5 5 5 9 9 10 8 8 8 6 6 6 6 7 5 5 4 3 3 0 0 0 1 1 0
 5 5 5 8 8 7 9 9 3 3 4 4 4 3 4 4 8 8 8 4 4 6 7 7 8 8 16 15 15 13 9 9 8 8 7 8 8 5 4 4 3 3 1 1 1 1
 5 5 5 8 8 7 9 9 3 3 4 4 4 3 4 4 8 8 8 4 4 6 7 7 8 8 16 15 15 13 9 9 8 8 7 8 8 5 4 4 3 3 1 1 1 1
 12 12 14 12 12 6 5 5 5 5 6 8 8 6 6 6 10 10 9 8 8 8 12 12 11 11 19 19 19 17 16 16 14 14 12 8 8 10 7 7 7 7 2 1 1 1
 12 12 14 12 12 6 5 5 5 5 6 8 8 6 6 6 10 10 9 8 8 8 12 12 11 11 19 19 19 17 16 16 14 14 12 8 8 10 7 7 7 7 2 1 1 1
 13 13 11 15 15 11 8 8 11 11 14 15 15 10 9 9 10 10 12 15 15 18 22 22 22 22 25 26 26 27 27 27 18 18 17 12 12 11 14 14 8 8 8 6 6 3
 15 15 12 11 11 11 10 10 8 8 9 10 10 10 8 8 11 11 12 16 16 21 22 22 31 31 30 25 25 28 31 31 27 27 28 28 28 25 21 21 18 18 9 10 10 6
 15 15 12 11 11 11 10 10 8 8 9 10 10 10 8 8 11 11 12 16 16 21 22 22 31 31 30 25 25 28 31 31 27 27 28 28 28 25 21 21 18 18 9 10 10 6
 25 25 22 17 17 16 14 14 11 11 9 8 8 6 8 8 9 9 14 19 19 14 18 18 20 20 25 27 27 32 38 38 41 41 49 42 42 36 35 35 26 26 15 12 12 8
 33 33 35 27 27 24 20 20 15 15 11 8 8 7 7 7 11 11 18 19 19 15 17 17 21 21 25 29 29 31 30 30 41 41 47 55 55 50 64 64 37 37 14 14 14 7
 33 33 35 27 27 24 20 20 15 15 11 8 8 7 7 7 11 11 18 19 19 15 17 17 21 21 25 29 29 31 30 30 41 41 47 55 55 50 64 64 37 37 14 14 14 7
 37 37 41 33 33 30 26 26 21 21 17 12 12 11 10 10 14 14 14 17 17 14 17 17 22 22 26 28 28 33 34 34 36 36 38 46 46 68 61 61 41 41 21 16 16 10
 37 37 41 33 33 30 26 26 21 21 17 12 12 11 10 10 14 14 14 17 17 14 17 17 22 22 26 28 28 33 34 34 36 36 38 46 46 68 61 61 41 41 21 16 16 10
 42 42 46 39 39 36 32 32 27 27 21 16 16 14 15 15 16 16 19 15 15 18 22 22 28 28 30 29 29 32 33 33 33 33 29 28 28 38 39 39 33 33 31 21 21 23
 41 41 46 41 41 41 39 39 35 35 27 21 21 20 20 20 21 21 21 24 24 25 30 30 35 35 34 32 32 30 32 32 33 33 29 28 28 25 25 25 22 22 24 17 17 12
 41 41 46 41 41 41 39 39 35 35 27 21 21 20 20 20 21 21 21 24 24 25 30 30 35 35 34 32 32 30 32 32 33 33 29 28 28 25 25 25 22 22 24 17 17 12
 38 38 44 40 40 39 38 38 32 32 27 22 22 20 17 17 19 19 23 25 25 28 34 34 39 39 40 40 40 38 37 37 36 36 30 25 25 24 24 24 19 19 18 17 17 12
 34 34 40 37 37 36 35 35 32 32 30 27 27 24 21 21 22 22 23 26 26 29 33 33 37 37 39 39 39 37 36 36 37 37 32 27 27 25 24 24 18 18 19 16 16 9
