assets/RAT_results_old/precipitation/2020-09-09_IMERG.asc
ncols        46
nrows        77
xllcorner    74.800261325624
yllcorner    8.058333333333
cellsize     0.062500000000
NODATA_value -9999
 29 29 21 11 11 8 7 7 12 12 13 16 16 8 7 7 7 7 10 12 12 17 26 26 30 30 27 24 24 32 34 34 43 43 39 44 44 40 36 36 42 42 46 33 33 31
 34 34 24 17 17 10 11 11 8 8 9 9 9 9 8 8 9 9 12 12 12 18 26 26 30 30 28 25 25 37 38 38 45 45 48 50 50 47 46 46 42 42 39 30 30 20
 34 34 24 17 17 10 11 11 8 8 9 9 9 9 8 8 9 9 12 12 12 18 26 26 30 30 28 25 25 37 38 38 45 45 48 50 50 47 46 46 42 42 39 30 30 20
 30 30 31 22 22 11 11 11 9 9 8 11 11 10 11 11 10 10 13 14 14 18 27 27 30 30 31 31 31 47 44 44 45 45 44 31 31 41 42 42 39 39 33 35 35 21
 38 38 33 24 24 12 8 8 7 7 7 11 11 13 14 14 18 18 18 23 23 27 29 29 35 35 32 27 27 31 32 32 34 34 35 27 27 40 42 42 39 39 42 41 41 21
 38 38 33 24 24 12 8 8 7 7 7 11 11 13 14 14 18 18 18 23 23 27 29 29 35 35 32 27 27 31 32 32 34 34 35 27 27 40 42 42 39 39 42 41 41 21
 32 32 30 21 21 10 10 10 10 10 11 13 13 17 17 17 15 15 17 17 17 16 20 20 19 19 21 22 22 28 29 29 27 27 25 22 22 23 32 32 36 36 42 41 41 38
 32 32 30 21 21 10 10 10 10 10 11 13 13 17 17 17 15 15 17 17 17 16 20 20 19 19 21 22 22 28 29 29 27 27 25 22 22 23 32 32 36 36 42 41 41 38
 33 33 27 25 25 13 12 12 11 11 15 17 17 16 17 17 11 11 10 13 13 12 12 12 15 15 11 12 12 13 18 18 17 17 18 15 15 15 27 27 31 31 38 42 42 39
 37 37 22 32 32 29 22 22 13 13 10 18 18 22 35 35 26 26 17 12 12 12 11 11 11 11 9 11 11 9 12 12 13 13 15 16 16 16 24 24 17 17 24 26 26 29
 37 37 22 32 32 29 22 22 13 13 10 18 18 22 35 35 26 26 17 12 12 12 11 11 11 11 9 11 11 9 12 12 13 13 15 16 16 16 24 24 17 17 24 26 26 29
 27 27 36 37 37 36 22 22 14 14 14 21 21 25 31 31 23 23 18 13 13 11 11 11 11 11 9 10 10 9 10 10 11 11 10 12 12 10 14 14 14 14 17 27 27 18
 21 21 34 34 34 34 26 26 28 28 20 23 23 28 27 27 22 22 16 14 14 11 12 12 13 13 12 10 10 9 10 10 9 9 10 13 13 9 11 11 14 14 14 19 19 17
 21 21 34 34 34 34 26 26 28 28 20 23 23 28 27 27 22 22 16 14 14 11 12 12 13 13 12 10 10 9 10 10 9 9 10 13 13 9 11 11 14 14 14 19 19 17
 21 21 37 30 30 32 33 33 35 35 32 27 27 26 25 25 19 19 19 17 17 15 13 13 12 12 15 16 16 14 17 17 15 15 12 12 12 11 12 12 15 15 12 19 19 19
 21 21 37 30 30 32 33 33 35 35 32 27 27 26 25 25 19 19 19 17 17 15 13 13 12 12 15 16 16 14 17 17 15 15 12 12 12 11 12 12 15 15 12 19 19 19
 18 18 19 30 30 38 32 32 36 36 31 27 27 26 25 25 22 22 24 24 24 18 18 18 14 14 15 19 19 17 18 18 17 17 24 17 17 16 15 15 13 13 14 20 20 26
 23 23 25 32 32 31 29 29 38 38 30 30 30 28 28 28 32 32 28 29 29 19 16 16 13 13 14 14 14 14 20 20 18 18 20 16 16 18 17 17 15 15 12 26 26 28
 23 23 25 32 32 31 29 29 38 38 30 30 30 28 28 28 32 32 28 29 29 19 16 16 13 13 14 14 14 14 20 20 18 18 20 16 16 18 17 17 15 15 12 26 26 28
 20 20 29 29 29 34 30 30 43 43 30 31 31 34 34 34 35 35 48 33 33 33 20 20 21 21 15 13 13 12 13 13 13 13 14 12 12 11 13 13 12 12 14 27 27 38
 20 20 21 30 30 37 29 29 38 38 45 51 51 41 46 46 50 50 43 57 57 42 28 28 24 24 23 14 14 12 12 12 11 11 10 10 10 10 10 10 12 12 15 26 26 30
 20 20 21 30 30 37 29 29 38 38 45 51 51 41 46 46 50 50 43 57 57 42 28 28 24 24 23 14 14 12 12 12 11 11 10 10 10 10 10 10 12 12 15 26 26 30
 13 13 12 13 13 27 36 36 30 30 41 36 36 54 47 47 50 50 41 52 52 51 30 30 34 34 30 16 16 13 9 9 9 9 8 9 9 9 12 12 9 9 14 14 14 26
 13 13 12 13 13 27 36 36 30 30 41 36 36 54 47 47 50 50 41 52 52 51 30 30 34 34 30 16 16 13 9 9 9 9 8 9 9 9 12 12 9 9 14 14 14 26
 9 9 8 11 11 17 33 33 40 40 35 31 31 49 52 52 43 43 50 37 37 36 33 33 55 55 25 18 18 13 10 10 8 8 6 7 7 8 10 10 10 10 15 13 13 16
 13 13 12 12 12 17 31 31 33 33 33 30 30 30 52 52 41 41 56 47 47 46 50 50 52 52 52 28 28 17 12 12 7 7 6 7 7 6 8 8 9 9 11 18 18 17
 13 13 12 12 12 17 31 31 33 33 33 30 30 30 52 52 41 41 56 47 47 46 50 50 52 52 52 28 28 17 12 12 7 7 6 7 7 6 8 8 9 9 11 18 18 17
 12 12 13 17 17 19 22 22 25 25 20 26 26 23 31 31 36 36 40 42 42 40 39 39 37 37 54 48 48 23 12 12 10 10 8 8 8 7 7 7 8 8 13 15 15 35
 12 12 15 18 18 15 15 15 15 15 14 20 20 22 26 26 36 36 23 34 34 35 45 45 40 40 56 59 59 28 20 20 12 12 9 7 7 8 9 9 9 9 10 11 11 11
 12 12 15 18 18 15 15 15 15 15 14 20 20 22 26 26 36 36 23 34 34 35 45 45 40 40 56 59 59 28 20 20 12 12 9 7 7 8 9 9 9 9 10 11 11 11
 9 9 10 13 13 11 11 11 8 8 8 7 7 8 17 17 33 33 20 28 28 34 41 41 38 38 49 39 39 28 24 24 15 15 11 10 10 9 10 10 9 9 9 10 10 12
 9 9 10 13 13 11 11 11 8 8 8 7 7 8 17 17 33 33 20 28 28 34 41 41 38 38 49 39 39 28 24 24 15 15 11 10 10 9 10 10 9 9 9 10 10 12
 6 6 4 4 4 4 4 4 4 4 6 6 6 6 15 15 20 20 19 23 23 32 27 27 35 35 30 24 24 13 13 13 10 10 11 10 10 9 10 10 9 9 10 13 13 11
 6 6 5 3 3 3 2 2 3 3 2 2 2 3 7 7 13 13 18 25 25 25 26 26 29 29 27 18 18 14 9 9 9 9 10 9 9 10 10 10 8 8 10 12 12 13
 6 6 5 3 3 3 2 2 3 3 2 2 2 3 7 7 13 13 18 25 25 25 26 26 29 29 27 18 18 14 9 9 9 9 10 9 9 10 10 10 8 8 10 12 12 13
 4 4 3 2 2 2 2 2 2 2 1 2 2 3 3 3 8 8 15 13 13 21 24 24 20 20 20 15 15 13 10 10 8 8 8 6 6 7 10 10 7 7 9 8 8 15
 2 2 2 2 2 1 2 2 3 3 2 2 2 2 4 4 6 6 14 13 13 18 19 19 17 17 20 18 18 17 10 10 10 10 9 7 7 6 7 7 5 5 5 8 8 10
 2 2 2 2 2 1 2 2 3 3 2 2 2 2 4 4 6 6 14 13 13 18 19 19 17 17 20 18 18 17 10 10 10 10 9 7 7 6 7 7 5 5 5 8 8 10
 2 2 2 2 2 2 2 2 2 2 3 2 2 2 3 3 5 5 11 12 12 21 19 19 16 16 22 21 21 30 17 17 18 18 13 11 11 7 7 7 6 6 6 9 9 8
 2 2 2 2 2 2 2 2 2 2 3 2 2 2 3 3 5 5 11 12 12 21 19 19 16 16 22 21 21 30 17 17 18 18 13 11 11 7 7 7 6 6 6 9 9 8
 2 2 3 3 3 2 2 2 2 2 2 3 3 2 2 2 5 5 13 13 13 23 22 22 18 18 27 32 32 35 22 22 16 16 16 17 17 8 7 7 6 6 7 10 10 8
 4 4 6 6 6 4 2 2 2 2 6 6 6 4 2 2 4 4 10 12 12 18 22 22 21 21 28 30 30 43 44 44 22 22 19 16 16 9 7 7 6 6 6 5 5 6
 4 4 6 6 6 4 2 2 2 2 6 6 6 4 2 2 4 4 10 12 12 18 22 22 21 21 28 30 30 43 44 44 22 22 19 16 16 9 7 7 6 6 6 5 5 6
 5 5 6 7 7 4 3 3 3 3 4 4 4 3 3 3 3 3 4 7 7 8 15 15 16 16 16 35 35 40 38 38 17 17 14 11 11 8 6 6 5 5 5 4 4 6
 7 7 9 14 14 8 5 5 4 4 3 3 3 3 4 4 4 4 2 3 3 4 9 9 11 11 13 15 15 21 19 19 13 13 10 9 9 5 6 6 5 5 4 4 4 7
 7 7 9 14 14 8 5 5 4 4 3 3 3 3 4 4 4 4 2 3 3 4 9 9 11 11 13 15 15 21 19 19 13 13 10 9 9 5 6 6 5 5 4 4 4 7
 5 5 7 8 8 6 6 6 5 5 4 4 4 3 2 2 2 2 3 3 3 2 4 4 7 7 8 12 12 15 14 14 12 12 9 6 6 5 4 4 4 4 4 4 4 6
 5 5 7 8 8 6 6 6 5 5 4 4 4 3 2 2 2 2 3 3 3 2 4 4 7 7 8 12 12 15 14 14 12 12 9 6 6 5 4 4 4 4 4 4 4 6
 2 2 2 3 3 3 3 3 3 3 3 4 4 2 2 2 2 2 2 3 3 3 3 3 4 4 4 8 8 11 10 10 8 8 5 4 4 4 3 3 4 4 5 5 5 8
 1 1 1 2 2 2 2 2 2 2 2 2 2 1 1 1 1 1 2 2 2 2 3 3 6 6 5 5 5 6 7 7 4 4 4 5 5 3 3 3 2 2 3 3 3 5
 1 1 1 2 2 2 2 2 2 2 2 2 2 1 1 1 1 1 2 2 2 2 3 3 6 6 5 5 5 6 7 7 4 4 4 5 5 3 3 3 2 2 3 3 3 5
 2 2 3 3 3 2 3 3 3 3 2 2 2 2 2 2 3 3 3 3 3 1 4 4 7 7 6 5 5 5 6 6 5 5 4 3 3 4 2 2 2 2 2 2 2 3
 2 2 4 3 3 4 5 5 4 4 4 3 3 3 5 5 8 8 4 3 3 3 8 8 13 13 6 6 6 7 7 7 11 11 6 4 4 4 2 2 2 2 2 2 2 2
 2 2 4 3 3 4 5 5 4 4 4 3 3 3 5 5 8 8 4 3 3 3 8 8 13 13 6 6 6 7 7 7 11 11 6 4 4 4 2 2 2 2 2 2 2 2
 2 2 3 4 4 6 6 6 6 6 7 6 6 5 6 6 8 8 6 4 4 4 8 8 12 12 8 7 7 7 10 10 9 9 5 3 3 3 2 2 1 1 1 1 1 1
 2 2 3 4 4 6 6 6 6 6 7 6 6 5 6 6 8 8 6 4 4 4 8 8 12 12 8 7 7 7 10 10 9 9 5 3 3 3 2 2 1 1 1 1 1 1
 2 2 2 5 5 7 8 8 9 9 9 8 8 7 6 6 6 6 6 7 7 7 7 7 12 12 11 9 9 10 7 7 7 7 5 4 4 1 1 1 1 1 1 0 0 0
 2 2 3 6 6 7 9 9 11 11 12 9 9 8 6 6 5 5 6 7 7 6 10 10 13 13 13 15 15 9 6 6 5 5 2 1 1 1 1 1 0 0 1 0 0 1
 2 2 3 6 6 7 9 9 11 11 12 9 9 8 6 6 5 5 6 7 7 6 10 10 13 13 13 15 15 9 6 6 5 5 2 1 1 1 1 1 0 0 1 0 0 1
 3 3 5 6 6 9 12 12 12 12 9 7 7 4 3 3 3 3 4 6 6 5 7 7 14 14 17 14 14 14 6 6 3 3 3 1 1 1 0 0 0 0 1 0 0 1
 8 8 13 14 14 15 10 10 8 8 5 4 4 3 4 4 4 4 8 9 9 9 10 10 11 11 12 15 15 14 9 9 5 5 3 1 1 1 0 0 0 0 1 0 0 0
 8 8 13 14 14 15 10 10 8 8 5 4 4 3 4 4 4 4 8 9 9 9 10 10 11 11 12 15 15 14 9 9 5 5 3 1 1 1 0 0 0 0 1 0 0 0
 12 12 16 14 14 15 7 7 6 6 5 4 4 4 4 4 4 4 6 8 8 15 14 14 21 21 17 18 18 15 9 9 6 6 6 4 4 3 1 1 1 1 1 0 0 0
 12 12 16 14 14 15 7 7 6 6 5 4 4 4 4 4 4 4 6 8 8 15 14 14 21 21 17 18 18 15 9 9 6 6 6 4 4 3 1 1 1 1 1 0 0 0
 14 14 13 11 11 9 6 6 7 7 6 5 5 4 5 5 5 5 9 11 11 15 17 17 19 19 14 16 16 18 22 22 21 21 11 4 4 3 1 1 1 1 1 1 1 0
 9 9 9 7 7 7 6 6 6 6 5 4 4 5 5 5 6 6 6 14 14 19 18 18 19 19 16 17 17 21 22 22 21 21 6 7 7 5 1 1 0 0 0 0 0 0
 9 9 9 7 7 7 6 6 6 6 5 4 4 5 5 5 6 6 6 14 14 19 18 18 19 19 16 17 17 21 22 22 21 21 6 7 7 5 1 1 0 0 0 0 0 0
 6 6 7 4 4 5 4 4 5 5 4 4 4 6 5 5 6 6 7 16 16 10 23 23 18 18 21 19 19 18 27 27 24 24 17 9 9 5 1 1 1 1 0 0 0 0
 5 5 5 4 4 5 4 4 4 4 3 4 4 6 7 7 8 8 11 16 16 14 26 26 25 25 27 25 25 19 23 23 22 22 21 16 16 7 4 4 3 3 1 0 0 0
 5 5 5 4 4 5 4 4 4 4 3 4 4 6 7 7 8 8 11 16 16 14 26 26 25 25 27 25 25 19 23 23 22 22 21 16 16 7 4 4 3 3 1 0 0 0
 5 5 5 5 5 5 5 5 6 6 7 10 10 15 19 19 9 9 18 20 20 21 28 28 29 29 32 24 24 26 22 22 32 32 27 27 27 17 8 8 6 6 3 2 2 0
 5 5 5 5 5 5 5 5 6 6 7 10 10 15 19 19 9 9 18 20 20 21 28 28 29 29 32 24 24 26 22 22 32 32 27 27 27 17 8 8 6 6 3 2 2 0
 5 5 6 5 5 5 5 5 9 9 7 11 11 16 20 20 22 22 38 39 39 46 43 43 38 38 30 30 30 31 36 36 34 34 41 39 39 19 19 19 10 10 7 8 8 2
 6 6 6 5 5 10 9 9 10 10 18 30 30 33 64 64 68 68 60 45 45 53 56 56 61 61 48 47 47 42 57 57 51 51 88 38 38 33 27 27 20 20 13 13 13 4
 6 6 6 5 5 10 9 9 10 10 18 30 30 33 64 64 68 68 60 45 45 53 56 56 61 61 48 47 47 42 57 57 51 51 88 38 38 33 27 27 20 20 13 13 13 4
 7 7 8 13 13 13 19 19 20 20 21 32 32 30 67 67 69 69 86 89 89 82 69 69 59 59 62 46 46 47 53 53 54 54 50 44 44 35 20 20 24 24 16 15 15 10
 18 18 18 32 32 31 61 61 20 20 23 32 32 44 45 45 61 61 62 65 65 68 74 74 65 65 65 52 52 39 47 47 56 56 64 79 79 40 18 18 12 12 11 11 11 11
