assets/RAT_results_old/precipitation/2020-06-10_IMERG.asc
ncols        46
nrows        77
xllcorner    74.800261325624
yllcorner    8.058333333333
cellsize     0.062500000000
NODATA_value -9999
 28 28 32 36 36 19 26 26 30 30 16 4 4 2 2 2 2 2 2 2 2 3 3 3 3 3 3 2 2 1 1 1 2 2 2 1 1 3 3 3 5 5 3 4 4 1
 27 27 26 32 32 71 62 62 29 29 6 5 5 1 1 1 1 1 1 1 1 2 1 1 1 1 2 2 2 1 2 2 2 2 2 1 1 3 6 6 6 6 10 13 13 5
 27 27 26 32 32 71 62 62 29 29 6 5 5 1 1 1 1 1 1 1 1 2 1 1 1 1 2 2 2 1 2 2 2 2 2 1 1 3 6 6 6 6 10 13 13 5
 40 40 40 26 26 16 58 58 26 26 5 2 2 0 0 0 0 0 0 0 0 0 0 0 1 1 1 1 1 2 2 2 3 3 4 5 5 6 7 7 8 8 14 18 18 8
 71 71 34 33 33 15 12 12 5 5 3 5 5 1 1 1 0 0 0 0 0 1 0 0 0 0 1 1 1 1 3 3 3 3 4 5 5 6 13 13 13 13 16 15 15 20
 71 71 34 33 33 15 12 12 5 5 3 5 5 1 1 1 0 0 0 0 0 1 0 0 0 0 1 1 1 1 3 3 3 3 4 5 5 6 13 13 13 13 16 15 15 20
 78 78 75 33 33 31 14 14 9 9 9 5 5 3 1 1 0 0 0 0 0 0 0 0 0 0 1 1 1 1 2 2 2 2 1 4 4 4 10 10 4 4 5 5 5 6
 78 78 75 33 33 31 14 14 9 9 9 5 5 3 1 1 0 0 0 0 0 0 0 0 0 0 1 1 1 1 2 2 2 2 1 4 4 4 10 10 4 4 5 5 5 6
 46 46 42 40 40 36 23 23 15 15 10 4 4 2 0 0 0 0 0 0 0 0 0 0 0 0 1 1 1 1 2 2 4 4 4 1 1 1 3 3 3 3 4 6 6 4
 40 40 55 40 40 34 34 34 15 15 18 10 10 4 3 3 2 2 0 0 0 0 0 0 0 0 1 3 3 4 8 8 8 8 8 2 2 2 1 1 0 0 0 1 1 1
 40 40 55 40 40 34 34 34 15 15 18 10 10 4 3 3 2 2 0 0 0 0 0 0 0 0 1 3 3 4 8 8 8 8 8 2 2 2 1 1 0 0 0 1 1 1
 42 42 40 70 70 50 47 47 42 42 22 15 15 4 3 3 4 4 1 0 0 0 1 1 1 1 1 3 3 3 3 3 18 18 16 2 2 2 4 4 0 0 0 1 1 1
 31 31 36 28 28 48 47 47 50 50 30 25 25 9 7 7 6 6 3 2 2 1 0 0 0 0 0 2 2 2 2 2 14 14 1 2 2 1 1 1 0 0 0 1 1 2
 31 31 36 28 28 48 47 47 50 50 30 25 25 9 7 7 6 6 3 2 2 1 0 0 0 0 0 2 2 2 2 2 14 14 1 2 2 1 1 1 0 0 0 1 1 2
 13 13 14 16 16 43 21 21 28 28 30 27 27 73 25 25 28 28 24 7 7 3 3 3 1 1 0 0 0 0 0 0 0 0 0 1 1 1 0 0 0 0 0 0 0 0
 13 13 14 16 16 43 21 21 28 28 30 27 27 73 25 25 28 28 24 7 7 3 3 3 1 1 0 0 0 0 0 0 0 0 0 1 1 1 0 0 0 0 0 0 0 0
 12 12 10 10 10 24 37 37 28 28 83 77 77 76 28 28 25 25 26 9 9 7 4 4 1 1 1 0 0 0 0 0 0 0 0 0 0 0 0 0 0 0 0 0 0 4
 26 26 28 32 32 32 36 36 39 39 78 56 56 53 31 31 27 27 31 8 8 7 4 4 1 1 0 0 0 0 0 0 1 1 1 1 1 1 2 2 1 1 3 3 3 5
 26 26 28 32 32 32 36 36 39 39 78 56 56 53 31 31 27 27 31 8 8 7 4 4 1 1 0 0 0 0 0 0 1 1 1 1 1 1 2 2 1 1 3 3 3 5
 30 30 31 37 37 32 41 41 51 51 73 64 64 28 25 25 14 14 15 15 15 8 2 2 0 0 0 0 0 0 1 1 1 1 1 1 1 1 2 2 2 2 5 6 6 7
 31 31 30 48 48 48 27 27 43 43 22 33 33 34 36 36 12 12 16 13 13 7 3 3 1 1 1 1 1 0 1 1 2 2 2 2 2 2 2 2 1 1 4 5 5 6
 31 31 30 48 48 48 27 27 43 43 22 33 33 34 36 36 12 12 16 13 13 7 3 3 1 1 1 1 1 0 1 1 2 2 2 2 2 2 2 2 1 1 4 5 5 6
 74 74 45 35 35 32 13 13 27 27 8 31 31 24 22 22 22 22 12 7 7 9 2 2 2 2 1 0 0 1 2 2 2 2 2 2 2 2 2 2 2 2 3 3 3 3
 74 74 45 35 35 32 13 13 27 27 8 31 31 24 22 22 22 22 12 7 7 9 2 2 2 2 1 0 0 1 2 2 2 2 2 2 2 2 2 2 2 2 3 3 3 3
 128 128 121 119 119 65 39 39 37 37 9 6 6 16 13 13 20 20 13 6 6 6 3 3 2 2 1 1 1 1 2 2 2 2 1 2 2 2 2 2 3 3 2 4 4 23
 127 127 121 120 120 101 49 49 51 51 11 6 6 11 12 12 13 13 9 4 4 3 3 3 2 2 2 1 1 1 2 2 3 3 2 2 2 2 3 3 7 7 7 23 23 25
 127 127 121 120 120 101 49 49 51 51 11 6 6 11 12 12 13 13 9 4 4 3 3 3 2 2 2 1 1 1 2 2 3 3 2 2 2 2 3 3 7 7 7 23 23 25
 41 41 47 77 77 97 37 37 49 49 11 15 15 12 9 9 14 14 7 6 6 1 1 1 2 2 2 1 1 1 2 2 2 2 2 2 2 2 3 3 7 7 2 14 14 13
 40 40 45 37 37 69 73 73 38 38 21 16 16 11 10 10 9 9 5 3 3 2 1 1 2 2 3 2 2 1 1 1 2 2 1 1 1 1 1 1 2 2 2 2 2 13
 40 40 45 37 37 69 73 73 38 38 21 16 16 11 10 10 9 9 5 3 3 2 1 1 2 2 3 2 2 1 1 1 2 2 1 1 1 1 1 1 2 2 2 2 2 13
 41 41 71 67 67 68 72 72 28 28 21 12 12 12 12 12 9 9 4 3 3 1 2 2 2 2 2 1 1 1 1 1 1 1 1 1 1 1 0 0 0 0 0 0 0 2
 41 41 71 67 67 68 72 72 28 28 21 12 12 12 12 12 9 9 4 3 3 1 2 2 2 2 2 1 1 1 1 1 1 1 1 1 1 1 0 0 0 0 0 0 0 2
 30 30 35 47 47 46 37 37 19 19 18 21 21 9 7 7 10 10 8 4 4 3 3 3 4 4 2 1 1 1 0 0 0 0 0 0 0 0 0 0 0 0 0 0 0 0
 30 30 34 45 45 48 13 13 17 17 15 14 14 14 10 10 9 9 10 6 6 4 6 6 6 6 2 1 1 0 1 1 4 4 0 0 0 0 0 0 0 0 0 0 0 0
 30 30 34 45 45 48 13 13 17 17 15 14 14 14 10 10 9 9 10 6 6 4 6 6 6 6 2 1 1 0 1 1 4 4 0 0 0 0 0 0 0 0 0 0 0 0
 26 26 28 29 29 28 12 12 15 15 14 16 16 15 15 15 11 11 13 7 7 5 9 9 6 6 7 7 7 5 5 5 7 7 2 1 1 0 0 0 0 0 0 0 0 0
 27 27 26 11 11 8 7 7 11 11 20 24 24 23 12 12 10 10 10 8 8 7 10 10 9 9 7 7 7 7 9 9 13 13 6 1 1 0 0 0 0 0 0 0 0 0
 27 27 26 11 11 8 7 7 11 11 20 24 24 23 12 12 10 10 10 8 8 7 10 10 9 9 7 7 7 7 9 9 13 13 6 1 1 0 0 0 0 0 0 0 0 0
 14 14 11 10 10 9 8 8 9 9 15 16 16 19 7 7 15 15 16 22 22 12 11 11 3 3 10 8 8 8 15 15 11 11 2 1 1 1 0 0 0 0 0 0 0 0
 14 14 11 10 10 9 8 8 9 9 15 16 16 19 7 7 15 15 16 22 22 12 11 11 3 3 10 8 8 8 15 15 11 11 2 1 1 1 0 0 0 0 0 0 0 0
 7 7 8 10 10 13 10 10 8 8 8 6 6 4 4 4 2 2 11 25 25 10 9 9 7 7 12 3 3 5 5 5 7 7 9 1 1 1 0 0 0 0 0 0 0 0
 12 12 14 15 15 13 11 11 8 8 8 6 6 8 8 8 4 4 6 12 12 4 5 5 3 3 8 4 4 3 3 3 5 5 5 1 1 0 0 0 0 0 0 0 0 0
 12 12 14 15 15 13 11 11 8 8 8 6 6 8 8 8 4 4 6 12 12 4 5 5 3 3 8 4 4 3 3 3 5 5 5 1 1 0 0 0 0 0 0 0 0 0
 11 11 12 17 17 16 13 13 8 8 10 11 11 16 14 14 10 10 9 14 14 7 3 3 3 3 4 6 6 5 3 3 7 7 7 3 3 4 0 0 0 0 1 1 1 1
 8 8 8 11 11 16 15 15 15 15 13 16 16 14 17 17 10 10 13 18 18 15 7 7 4 4 3 5 5 2 3 3 2 2 4 3 3 4 0 0 0 0 1 1 1 1
 8 8 8 11 11 16 15 15 15 15 13 16 16 14 17 17 10 10 13 18 18 15 7 7 4 4 3 5 5 2 3 3 2 2 4 3 3 4 0 0 0 0 1 1 1 1
 8 8 9 10 10 9 12 12 9 9 8 27 27 34 32 32 11 11 15 18 18 13 5 5 4 4 4 3 3 4 3 3 2 2 3 2 2 1 1 1 1 1 1 1 1 2
 8 8 9 10 10 9 12 12 9 9 8 27 27 34 32 32 11 11 15 18 18 13 5 5 4 4 4 3 3 4 3 3 2 2 3 2 2 1 1 1 1 1 1 1 1 2
 2 2 6 6 6 7 10 10 20 20 26 23 23 30 28 28 25 25 5 27 27 29 15 15 7 7 7 5 5 5 4 4 3 3 4 4 4 1 0 0 0 0 0 0 0 0
 5 5 6 6 6 5 8 8 18 18 27 25 25 24 25 25 23 23 28 26 26 33 21 21 19 19 11 6 6 8 8 8 9 9 8 10 10 2 0 0 0 0 0 0 0 0
 5 5 6 6 6 5 8 8 18 18 27 25 25 24 25 25 23 23 28 26 26 33 21 21 19 19 11 6 6 8 8 8 9 9 8 10 10 2 0 0 0 0 0 0 0 0
 11 11 5 4 4 6 5 5 8 8 25 23 23 22 6 6 24 24 29 28 28 36 20 20 19 19 10 5 5 6 10 10 10 10 15 14 14 5 1 1 1 1 1 0 0 0
 15 15 10 11 11 10 8 8 29 29 7 6 6 10 7 7 24 24 30 28 28 30 13 13 18 18 3 5 5 4 9 9 8 8 11 9 9 11 1 1 0 0 0 0 0 0
 15 15 10 11 11 10 8 8 29 29 7 6 6 10 7 7 24 24 30 28 28 30 13 13 18 18 3 5 5 4 9 9 8 8 11 9 9 11 1 1 0 0 0 0 0 0
 9 9 9 10 10 10 9 9 11 11 11 10 10 12 12 12 12 12 16 31 31 33 16 16 18 18 4 8 8 4 12 12 10 10 12 9 9 8 1 1 1 1 1 1 1 1
 9 9 9 10 10 10 9 9 11 11 11 10 10 12 12 12 12 12 16 31 31 33 16 16 18 18 4 8 8 4 12 12 10 10 12 9 9 8 1 1 1 1 1 1 1 1
 8 8 9 9 9 10 7 7 11 11 10 13 13 14 15 15 14 14 12 15 15 17 17 17 16 16 12 11 11 7 11 11 11 11 7 3 3 3 2 2 1 1 1 1 1 1
 6 6 8 9 9 11 7 7 11 11 10 11 11 17 14 14 14 14 15 12 12 19 19 19 15 15 20 12 12 10 9 9 8 8 9 4 4 3 3 3 2 2 1 1 1 0
 6 6 8 9 9 11 7 7 11 11 10 11 11 17 14 14 14 14 15 12 12 19 19 19 15 15 20 12 12 10 9 9 8 8 9 4 4 3 3 3 2 2 1 1 1 0
 6 6 6 8 8 7 10 10 13 13 10 11 11 15 13 13 12 12 13 9 9 9 18 18 23 23 29 13 13 9 5 5 6 6 6 4 4 5 3 3 2 2 1 0 0 1
 5 5 6 6 6 10 13 13 16 16 10 13 13 12 11 11 12 12 14 9 9 12 19 19 23 23 21 11 11 12 6 6 6 6 7 7 7 6 6 6 2 2 1 0 0 0
 5 5 6 6 6 10 13 13 16 16 10 13 13 12 11 11 12 12 14 9 9 12 19 19 23 23 21 11 11 12 6 6 6 6 7 7 7 6 6 6 2 2 1 0 0 0
 5 5 6 8 8 12 14 14 18 18 19 17 17 23 21 21 22 22 10 10 10 21 24 24 24 24 20 25 25 15 12 12 10 10 10 12 12 9 11 11 3 3 1 0 0 0
 5 5 6 8 8 12 14 14 18 18 19 17 17 23 21 21 22 22 10 10 10 21 24 24 24 24 20 25 25 15 12 12 10 10 10 12 12 9 11 11 3 3 1 0 0 0
 4 4 6 10 10 17 17 17 11 11 13 11 11 21 17 17 11 11 10 11 11 19 18 18 25 25 24 26 26 17 17 17 11 11 13 13 13 12 15 15 9 9 1 1 1 0
 3 3 4 6 6 11 13 13 10 10 9 7 7 12 12 12 11 11 14 11 11 16 17 17 26 26 11 26 26 21 19 19 13 13 16 14 14 13 12 12 9 9 3 2 2 1
 3 3 4 6 6 11 13 13 10 10 9 7 7 12 12 12 11 11 14 11 11 16 17 17 26 26 11 26 26 21 19 19 13 13 16 14 14 13 12 12 9 9 3 2 2 1
 2 2 2 2 2 3 6 6 5 5 5 7 7 8 8 8 9 9 11 11 11 9 10 10 10 10 11 28 28 20 22 22 15 15 12 9 9 9 9 9 10 10 4 3 3 1
 1 1 1 1 1 1 2 2 3 3 3 4 4 6 7 7 9 9 9 10 10 10 12 12 10 10 10 11 11 14 14 14 14 14 12 9 9 8 7 7 4 4 3 2 2 1
 1 1 1 1 1 1 2 2 3 3 3 4 4 6 7 7 9 9 9 10 10 10 12 12 10 10 10 11 11 14 14 14 14 14 12 9 9 8 7 7 4 4 3 2 2 1
 1 1 1 1 1 1 1 1 2 2 3 3 3 6 7 7 8 8 11 12 12 10 11 11 12 12 11 10 10 12 14 14 13 13 8 8 8 7 4 4 4 4 4 1 1 1
 1 1 1 1 1 1 1 1 2 2 3 3 3 6 7 7 8 8 11 12 12 10 11 11 12 12 11 10 10 12 14 14 13 13 8 8 8 7 4 4 4 4 4 1 1 1
 1 1 1 1 1 2 1 1 2 2 2 3 3 5 5 5 6 6 9 11 11 10 9 9 13 13 12 10 10 10 10 10 11 11 5 7 7 6 1 1 1 1 1 1 1 1
 1 1 1 2 2 2 2 2 2 2 3 4 4 5 6 6 6 6 7 8 8 15 12 12 15 15 18 14 14 15 14 14 14 14 3 6 6 5 2 2 1 1 0 1 1 0
 1 1 1 2 2 2 2 2 2 2 3 4 4 5 6 6 6 6 7 8 8 15 12 12 15 15 18 14 14 15 14 14 14 14 3 6 6 5 2 2 1 1 0 1 1 0
 1 1 1 2 2 3 3 3 2 2 3 3 3 3 6 6 6 6 5 9 9 9 18 18 15 15 16 13 13 13 17 17 11 11 9 3 3 4 3 3 1 1 1 0 0 0
 1 1 1 3 3 6 6 6 6 6 6 5 5 3 5 5 4 4 4 6 6 6 14 14 24 24 25 31 31 24 9 9 9 9 9 2 2 2 0 0 0 0 1 0 0 0
