assets/RAT_results_old/precipitation/2020-11-15_IMERG.asc
ncols        46
nrows        77
xllcorner    74.800261325624
yllcorner    8.058333333333
cellsize     0.062500000000
NODATA_value -9999
 1 1 1 1 1 1 1 1 1 1 1 0 0 0 0 0 1 1 1 1 1 1 0 0 0 0 0 0 0 0 0 0 0 0 1 3 3 5 9 9 9 9 10 5 5 5
 0 0 1 1 1 1 1 1 1 1 1 0 0 0 1 1 1 1 1 1 1 0 0 0 0 0 0 0 0 0 0 0 1 1 4 3 3 4 7 7 11 11 5 3 3 2
 0 0 1 1 1 1 1 1 1 1 1 0 0 0 1 1 1 1 1 1 1 0 0 0 0 0 0 0 0 0 0 0 1 1 4 3 3 4 7 7 11 11 5 3 3 2
 0 0 1 1 1 1 1 1 1 1 1 1 1 1 1 1 1 1 1 0 0 0 0 0 0 0 0 0 0 0 0 0 1 1 2 3 3 4 6 6 6 6 6 2 2 3
 1 1 1 1 1 1 2 2 2 2 2 3 3 2 2 2 2 2 1 1 1 0 0 0 0 0 0 0 0 1 0 0 3 3 1 2 2 3 5 5 4 4 4 2 2 2
 1 1 1 1 1 1 2 2 2 2 2 3 3 2 2 2 2 2 1 1 1 0 0 0 0 0 0 0 0 1 0 0 3 3 1 2 2 3 5 5 4 4 4 2 2 2
 1 1 1 1 1 1 2 2 2 2 2 2 2 2 2 2 1 1 1 0 0 0 0 0 0 0 0 0 0 1 2 2 4 4 1 2 2 3 4 4 2 2 5 3 3 4
 1 1 1 1 1 1 2 2 2 2 2 2 2 2 2 2 1 1 1 0 0 0 0 0 0 0 0 0 0 1 2 2 4 4 1 2 2 3 4 4 2 2 5 3 3 4
 1 1 1 1 1 1 1 1 1 1 1 1 1 1 1 1 1 1 1 0 0 0 0 0 0 0 0 1 1 1 3 3 5 5 2 2 2 2 4 4 8 8 10 9 9 15
 2 2 2 3 3 1 2 2 1 1 2 2 2 2 2 2 2 2 2 1 1 1 0 0 0 0 1 1 1 4 4 4 9 9 5 5 5 3 4 4 4 4 6 19 19 15
 2 2 2 3 3 1 2 2 1 1 2 2 2 2 2 2 2 2 2 1 1 1 0 0 0 0 1 1 1 4 4 4 9 9 5 5 5 3 4 4 4 4 6 19 19 15
 2 2 2 3 3 1 1 1 2 2 2 2 2 2 2 2 2 2 1 1 1 0 0 0 0 0 2 5 5 7 6 6 8 8 8 7 7 5 4 4 5 5 6 18 18 15
 0 0 1 1 1 2 2 2 2 2 2 2 2 2 2 2 2 2 1 1 1 0 0 0 0 0 3 6 6 7 8 8 6 6 5 4 4 3 3 3 4 4 4 8 8 15
 0 0 1 1 1 2 2 2 2 2 2 2 2 2 2 2 2 2 1 1 1 0 0 0 0 0 3 6 6 7 8 8 6 6 5 4 4 3 3 3 4 4 4 8 8 15
 1 1 1 1 1 3 2 2 3 3 3 3 3 3 2 2 1 1 1 0 0 0 0 0 0 0 2 4 4 4 3 3 3 3 2 2 2 2 2 2 2 2 3 1 1 2
 1 1 1 1 1 3 2 2 3 3 3 3 3 3 2 2 1 1 1 0 0 0 0 0 0 0 2 4 4 4 3 3 3 3 2 2 2 2 2 2 2 2 3 1 1 2
 0 0 1 2 2 2 3 3 1 1 2 2 2 2 2 2 1 1 0 0 0 0 0 0 0 0 2 1 1 1 2 2 2 2 2 2 2 1 2 2 3 3 5 2 2 1
 0 0 0 0 0 2 2 2 1 1 1 2 2 1 1 1 1 1 0 0 0 0 0 0 0 0 1 1 1 2 2 2 2 2 2 1 1 1 1 1 2 2 2 2 2 1
 0 0 0 0 0 2 2 2 1 1 1 2 2 1 1 1 1 1 0 0 0 0 0 0 0 0 1 1 1 2 2 2 2 2 2 1 1 1 1 1 2 2 2 2 2 1
 0 0 0 0 0 0 0 0 3 3 3 4 4 3 3 3 0 0 1 0 0 0 0 0 1 1 1 1 1 1 1 1 2 2 1 1 1 1 2 2 2 2 1 1 1 1
 0 0 0 0 0 1 1 1 1 1 4 4 4 3 3 3 1 1 1 0 0 0 1 1 1 1 1 2 2 3 2 2 6 6 3 3 3 3 3 3 3 3 2 2 2 1
 0 0 0 0 0 1 1 1 1 1 4 4 4 3 3 3 1 1 1 0 0 0 1 1 1 1 1 2 2 3 2 2 6 6 3 3 3 3 3 3 3 3 2 2 2 1
 0 0 0 0 0 1 1 1 1 1 15 16 16 9 6 6 4 4 1 1 1 0 1 1 1 1 1 2 2 3 3 3 4 4 4 5 5 10 17 17 14 14 7 8 8 5
 0 0 0 0 0 1 1 1 1 1 15 16 16 9 6 6 4 4 1 1 1 0 1 1 1 1 1 2 2 3 3 3 4 4 4 5 5 10 17 17 14 14 7 8 8 5
 0 0 0 0 0 0 1 1 1 1 1 15 15 6 6 6 6 6 1 0 0 0 1 1 1 1 1 2 2 3 3 3 3 3 3 5 5 12 20 20 22 22 20 16 16 9
 0 0 0 0 0 0 0 0 1 1 1 6 6 6 5 5 6 6 2 0 0 0 1 1 1 1 1 2 2 2 3 3 3 3 3 5 5 10 21 21 22 22 22 18 18 12
 0 0 0 0 0 0 0 0 1 1 1 6 6 6 5 5 6 6 2 0 0 0 1 1 1 1 1 2 2 2 3 3 3 3 3 5 5 10 21 21 22 22 22 18 18 12
 0 0 0 0 0 0 0 0 0 0 0 1 1 1 4 4 5 5 1 1 1 0 1 1 1 1 1 2 2 2 2 2 3 3 4 5 5 6 11 11 19 19 20 18 18 14
 0 0 0 0 0 0 0 0 0 0 0 0 0 0 3 3 4 4 5 1 1 1 1 1 2 2 3 2 2 3 3 3 4 4 5 5 5 6 9 9 13 13 16 15 15 12
 0 0 0 0 0 0 0 0 0 0 0 0 0 0 3 3 4 4 5 1 1 1 1 1 2 2 3 2 2 3 3 3 4 4 5 5 5 6 9 9 13 13 16 15 15 12
 0 0 0 0 0 0 0 0 0 0 0 0 0 6 7 7 6 6 7 4 4 2 3 3 3 3 5 4 4 4 6 6 8 8 8 7 7 8 9 9 13 13 20 19 19 19
 0 0 0 0 0 0 0 0 0 0 0 0 0 6 7 7 6 6 7 4 4 2 3 3 3 3 5 4 4 4 6 6 8 8 8 7 7 8 9 9 13 13 20 19 19 19
 0 0 0 0 0 0 0 0 0 0 0 0 0 1 7 7 6 6 7 4 4 2 3 3 5 5 5 5 5 6 8 8 11 11 12 9 9 10 10 10 10 10 11 13 13 20
 0 0 0 0 0 0 0 0 0 0 0 0 0 1 1 1 6 6 2 4 4 4 4 4 5 5 6 7 7 7 9 9 11 11 10 9 9 12 11 11 8 8 8 6 6 11
 0 0 0 0 0 0 0 0 0 0 0 0 0 1 1 1 6 6 2 4 4 4 4 4 5 5 6 7 7 7 9 9 11 11 10 9 9 12 11 11 8 8 8 6 6 11
 0 0 0 0 0 0 0 0 0 0 0 0 0 1 3 3 3 3 3 4 4 5 6 6 6 6 8 8 8 7 7 7 8 8 6 7 7 7 5 5 4 4 3 4 4 8
 1 1 0 0 0 0 0 0 0 0 0 0 0 1 3 3 3 3 2 4 4 6 5 5 5 5 6 6 6 6 6 6 6 6 9 8 8 7 9 9 6 6 6 5 5 5
 1 1 0 0 0 0 0 0 0 0 0 0 0 1 3 3 3 3 2 4 4 6 5 5 5 5 6 6 6 6 6 6 6 6 9 8 8 7 9 9 6 6 6 5 5 5
 1 1 0 0 0 0 0 0 0 0 0 1 1 1 1 1 2 2 2 5 5 5 6 6 3 3 4 3 3 4 4 4 4 4 5 5 5 5 10 10 8 8 7 4 4 8
 1 1 0 0 0 0 0 0 0 0 0 1 1 1 1 1 2 2 2 5 5 5 6 6 3 3 4 3 3 4 4 4 4 4 5 5 5 5 10 10 8 8 7 4 4 8
 1 1 1 1 1 1 1 1 1 1 1 1 1 1 1 1 1 1 2 4 4 4 6 6 5 5 5 4 4 4 5 5 11 11 10 4 4 3 5 5 6 6 5 2 2 3
 2 2 2 1 1 1 1 1 1 1 1 1 1 1 1 1 1 1 1 2 2 2 4 4 4 4 1 1 1 2 3 3 7 7 2 2 2 4 3 3 4 4 2 2 2 2
 2 2 2 1 1 1 1 1 1 1 1 1 1 1 1 1 1 1 1 2 2 2 4 4 4 4 1 1 1 2 3 3 7 7 2 2 2 4 3 3 4 4 2 2 2 2
 1 1 1 1 1 1 1 1 1 1 1 1 1 1 1 1 1 1 1 2 2 1 2 2 4 4 2 0 0 0 1 1 1 1 1 1 1 2 2 2 2 2 2 2 2 2
 1 1 1 1 1 1 1 1 0 0 0 0 0 0 0 0 1 1 2 2 2 1 2 2 4 4 3 1 1 1 2 2 1 1 1 2 2 2 2 2 2 2 2 1 1 2
 1 1 1 1 1 1 1 1 0 0 0 0 0 0 0 0 1 1 2 2 2 1 2 2 4 4 3 1 1 1 2 2 1 1 1 2 2 2 2 2 2 2 2 1 1 2
 1 1 1 1 1 1 0 0 1 1 1 1 1 0 0 0 0 0 1 1 1 1 1 1 4 4 3 2 2 2 1 1 1 1 2 1 1 2 2 2 2 2 2 1 1 1
 1 1 1 1 1 1 0 0 1 1 1 1 1 0 0 0 0 0 1 1 1 1 1 1 4 4 3 2 2 2 1 1 1 1 2 1 1 2 2 2 2 2 2 1 1 1
 1 1 0 0 0 0 0 0 0 0 1 1 1 1 1 1 0 0 1 1 1 2 2 2 4 4 6 4 4 2 4 4 3 3 1 2 2 3 2 2 2 2 2 1 1 0
 1 1 1 0 0 0 0 0 1 1 1 1 1 1 1 1 3 3 3 4 4 4 3 3 9 9 9 4 4 3 5 5 3 3 2 4 4 2 4 4 2 2 2 3 3 0
 1 1 1 0 0 0 0 0 1 1 1 1 1 1 1 1 3 3 3 4 4 4 3 3 9 9 9 4 4 3 5 5 3 3 2 4 4 2 4 4 2 2 2 3 3 0
 1 1 1 1 1 0 0 0 0 0 1 1 1 1 2 2 4 4 6 4 4 7 7 7 18 18 28 14 14 7 7 7 4 4 3 7 7 2 4 4 3 3 1 3 3 2
 1 1 1 1 1 1 1 1 1 1 1 1 1 1 2 2 4 4 7 9 9 12 14 14 24 24 30 35 35 15 8 8 4 4 1 4 4 1 1 1 1 1 0 1 1 1
 1 1 1 1 1 1 1 1 1 1 1 1 1 1 2 2 4 4 7 9 9 12 14 14 24 24 30 35 35 15 8 8 4 4 1 4 4 1 1 1 1 1 0 1 1 1
 1 1 1 2 2 1 1 1 1 1 1 2 2 2 3 3 4 4 6 25 25 26 31 31 12 12 23 32 32 31 10 10 3 3 1 1 1 1 0 0 0 0 0 1 1 2
 1 1 1 2 2 1 1 1 1 1 1 2 2 2 3 3 4 4 6 25 25 26 31 31 12 12 23 32 32 31 10 10 3 3 1 1 1 1 0 0 0 0 0 1 1 2
 2 2 2 2 2 2 2 2 1 1 2 2 2 2 3 3 2 2 4 9 9 25 8 8 10 10 17 22 22 30 11 11 1 1 1 2 2 1 1 1 2 2 1 1 1 1
 3 3 3 3 3 2 2 2 2 2 1 2 2 1 1 1 1 1 1 2 2 5 7 7 10 10 12 16 16 22 11 11 9 9 1 1 1 1 3 3 3 3 2 1 1 2
 3 3 3 3 3 2 2 2 2 2 1 2 2 1 1 1 1 1 1 2 2 5 7 7 10 10 12 16 16 22 11 11 9 9 1 1 1 1 3 3 3 3 2 1 1 2
 3 3 3 3 3 3 3 3 2 2 2 2 2 2 2 2 2 2 2 2 2 2 3 3 7 7 10 13 13 14 6 6 12 12 7 3 3 3 1 1 5 5 2 3 3 5
 5 5 5 4 4 3 2 2 2 2 2 2 2 2 2 2 2 2 2 2 2 2 2 2 5 5 9 15 15 17 10 10 9 9 9 4 4 4 4 4 6 6 6 7 7 10
 5 5 5 4 4 3 2 2 2 2 2 2 2 2 2 2 2 2 2 2 2 2 2 2 5 5 9 15 15 17 10 10 9 9 9 4 4 4 4 4 6 6 6 7 7 10
 6 6 6 5 5 3 2 2 2 2 2 2 2 3 2 2 2 2 3 3 3 3 2 2 2 2 7 19 19 20 16 16 8 8 9 8 8 5 8 8 11 11 17 12 12 12
 6 6 6 5 5 3 2 2 2 2 2 2 2 3 2 2 2 2 3 3 3 3 2 2 2 2 7 19 19 20 16 16 8 8 9 8 8 5 8 8 11 11 17 12 12 12
 9 9 7 5 5 3 2 2 2 2 2 2 2 3 2 2 3 3 3 4 4 4 4 4 6 6 7 18 18 30 21 21 14 14 10 12 12 9 8 8 15 15 23 20 20 19
 10 10 8 5 5 3 3 3 2 2 2 2 2 2 2 2 2 2 3 3 3 3 3 3 2 2 2 14 14 26 17 17 20 20 10 16 16 11 12 12 17 17 16 18 18 15
 10 10 8 5 5 3 3 3 2 2 2 2 2 2 2 2 2 2 3 3 3 3 3 3 2 2 2 14 14 26 17 17 20 20 10 16 16 11 12 12 17 17 16 18 18 15
 7 7 6 5 5 3 2 2 2 2 1 1 1 1 1 1 1 1 1 1 1 2 2 2 2 2 3 9 9 17 12 12 16 16 16 9 9 10 9 9 17 17 16 13 13 16
 3 3 2 2 2 2 1 1 1 1 1 1 1 1 1 1 1 1 1 1 1 2 2 2 3 3 4 3 3 16 13 13 12 12 16 10 10 10 13 13 16 16 23 23 23 24
 3 3 2 2 2 2 1 1 1 1 1 1 1 1 1 1 1 1 1 1 1 2 2 2 3 3 4 3 3 16 13 13 12 12 16 10 10 10 13 13 16 16 23 23 23 24
 3 3 2 1 1 2 1 1 1 1 1 2 2 1 1 1 1 1 1 1 1 1 1 1 3 3 3 6 6 12 12 12 12 12 16 15 15 13 15 15 18 18 23 25 25 17
 3 3 2 1 1 2 1 1 1 1 1 2 2 1 1 1 1 1 1 1 1 1 1 1 3 3 3 6 6 12 12 12 12 12 16 15 15 13 15 15 18 18 23 25 25 17
 4 4 2 2 2 1 1 1 1 1 2 2 2 2 2 2 2 2 2 2 2 2 2 2 2 2 5 5 5 20 21 21 16 16 19 20 20 22 15 15 16 16 25 25 25 23
 5 5 3 2 2 2 1 1 1 1 2 2 2 2 2 2 1 1 1 1 1 2 1 1 1 1 6 8 8 18 21 21 17 17 18 17 17 24 26 26 24 24 28 32 32 22
 5 5 3 2 2 2 1 1 1 1 2 2 2 2 2 2 1 1 1 1 1 2 1 1 1 1 6 8 8 18 21 21 17 17 18 17 17 24 26 26 24 24 28 32 32 22
 6 6 5 3 3 2 1 1 1 1 1 2 2 2 1 1 1 1 1 1 1 1 2 2 1 1 6 7 7 18 20 20 22 22 20 21 21 21 30 30 31 31 35 40 40 29
 7 7 5 4 4 2 1 1 1 1 1 2 2 3 2 2 3 3 2 1 1 1 2 2 1 1 1 4 4 5 6 6 8 8 7 21 21 21 22 22 23 23 43 29 29 31
