assets/RAT_results_old/precipitation/2020-04-22_IMERG.asc
ncols        46
nrows        77
xllcorner    74.800261325624
yllcorner    8.058333333333
cellsize     0.062500000000
NODATA_value -9999
 0 0 1 2 2 3 5 5 6 6 9 21 21 18 12 12 8 8 5 5 5 6 4 4 2 2 1 0 0 0 0 0 0 0 0 0 0 0 0 0 0 0 0 0 0 0
 1 1 2 0 0 1 2 2 4 4 8 13 13 20 18 18 13 13 7 8 8 6 5 5 1 1 0 0 0 0 0 0 0 0 0 0 0 0 0 0 0 0 0 0 0 0
 1 1 2 0 0 1 2 2 4 4 8 13 13 20 18 18 13 13 7 8 8 6 5 5 1 1 0 0 0 0 0 0 0 0 0 0 0 0 0 0 0 0 0 0 0 0
 1 1 2 0 0 1 1 1 3 3 10 21 21 19 19 19 18 18 14 9 9 7 4 4 2 2 0 0 0 0 0 0 0 0 0 0 0 0 0 0 0 0 0 0 0 0
 2 2 1 1 1 1 0 0 1 1 7 63 63 23 25 25 17 17 14 4 4 6 5 5 3 3 1 0 0 0 0 0 0 0 0 0 0 0 0 0 0 0 0 0 0 0
 2 2 1 1 1 1 0 0 1 1 7 63 63 23 25 25 17 17 14 4 4 6 5 5 3 3 1 0 0 0 0 0 0 0 0 0 0 0 0 0 0 0 0 0 0 0
 4 4 3 3 3 3 0 0 1 1 6 61 61 49 60 60 11 11 6 3 3 4 4 4 3 3 1 0 0 0 0 0 0 0 0 0 0 0 0 0 0 0 0 0 0 0
 4 4 3 3 3 3 0 0 1 1 6 61 61 49 60 60 11 11 6 3 3 4 4 4 3 3 1 0 0 0 0 0 0 0 0 0 0 0 0 0 0 0 0 0 0 0
 4 4 3 3 3 2 0 0 0 0 3 5 5 20 22 22 13 13 5 3 3 3 3 3 2 2 1 0 0 12 1 1 0 0 0 0 0 0 0 0 0 0 0 0 0 0
 5 5 4 3 3 3 1 1 1 1 1 3 3 9 53 53 11 11 6 3 3 2 2 2 1 1 1 0 0 19 8 8 2 2 1 0 0 0 0 0 0 0 0 0 0 0
 5 5 4 3 3 3 1 1 1 1 1 3 3 9 53 53 11 11 6 3 3 2 2 2 1 1 1 0 0 19 8 8 2 2 1 0 0 0 0 0 0 0 0 0 0 0
 2 2 2 1 1 2 1 1 1 1 1 1 1 7 38 38 8 8 7 3 3 2 1 1 1 1 0 0 0 19 2 2 1 1 0 0 0 0 0 0 0 0 0 0 0 0
 1 1 1 1 1 2 2 2 3 3 1 0 0 11 12 12 11 11 7 3 3 2 2 2 1 1 1 0 0 0 2 2 0 0 0 0 0 0 0 0 0 0 0 0 0 0
 1 1 1 1 1 2 2 2 3 3 1 0 0 11 12 12 11 11 7 3 3 2 2 2 1 1 1 0 0 0 2 2 0 0 0 0 0 0 0 0 0 0 0 0 0 0
 0 0 0 0 0 1 3 3 4 4 1 1 1 1 2 2 2 2 3 4 4 5 5 5 4 4 3 2 2 1 1 1 0 0 0 0 0 0 0 0 0 0 0 0 0 0
 0 0 0 0 0 1 3 3 4 4 1 1 1 1 2 2 2 2 3 4 4 5 5 5 4 4 3 2 2 1 1 1 0 0 0 0 0 0 0 0 0 0 0 0 0 0
 0 0 0 0 0 2 2 2 3 3 3 1 1 0 0 0 2 2 3 4 4 7 9 9 12 12 8 8 8 7 2 2 1 1 0 0 0 0 0 0 0 0 0 0 0 0
 0 0 0 1 1 1 0 0 8 8 1 2 2 0 0 0 1 1 4 6 6 8 15 15 15 15 14 15 15 10 5 5 2 2 0 0 0 0 0 0 0 0 0 0 0 0
 0 0 0 1 1 1 0 0 8 8 1 2 2 0 0 0 1 1 4 6 6 8 15 15 15 15 14 15 15 10 5 5 2 2 0 0 0 0 0 0 0 0 0 0 0 0
 0 0 0 0 0 1 0 0 0 0 0 2 2 2 11 11 1 1 5 5 5 8 14 14 14 14 13 13 13 9 6 6 2 2 0 0 0 0 0 0 0 0 0 0 0 0
 0 0 0 0 0 0 0 0 0 0 0 1 1 0 4 4 5 5 5 2 2 4 6 6 6 6 6 6 6 5 4 4 2 2 1 0 0 0 0 0 0 0 0 0 0 0
 0 0 0 0 0 0 0 0 0 0 0 1 1 0 4 4 5 5 5 2 2 4 6 6 6 6 6 6 6 5 4 4 2 2 1 0 0 0 0 0 0 0 0 0 0 0
 0 0 0 0 0 0 0 0 0 0 0 0 0 4 4 4 3 3 4 1 1 3 2 2 2 2 3 3 3 4 3 3 2 2 2 0 0 0 2 2 0 0 0 0 0 0
 0 0 0 0 0 0 0 0 0 0 0 0 0 4 4 4 3 3 4 1 1 3 2 2 2 2 3 3 3 4 3 3 2 2 2 0 0 0 2 2 0 0 0 0 0 0
 0 0 0 0 0 0 0 0 0 0 0 0 0 1 21 21 2 2 0 0 0 0 1 1 1 1 1 1 1 2 2 2 2 2 0 0 0 1 0 0 0 0 0 0 0 0
 0 0 0 0 0 0 0 0 0 0 1 1 1 2 2 2 2 2 0 0 0 0 0 0 0 0 0 0 0 2 2 2 1 1 0 0 0 0 0 0 0 0 0 0 0 0
 0 0 0 0 0 0 0 0 0 0 1 1 1 2 2 2 2 2 0 0 0 0 0 0 0 0 0 0 0 2 2 2 1 1 0 0 0 0 0 0 0 0 0 0 0 0
 0 0 0 0 0 0 0 0 1 1 1 1 1 2 1 1 2 2 1 0 0 0 0 0 0 0 0 0 0 0 1 1 0 0 0 0 0 0 0 0 0 0 0 0 0 0
 0 0 0 0 0 0 0 0 1 1 1 0 0 1 1 1 1 1 0 0 0 0 0 0 0 0 0 0 0 0 0 0 0 0 0 0 0 0 0 0 0 0 0 0 0 0
 0 0 0 0 0 0 0 0 1 1 1 0 0 1 1 1 1 1 0 0 0 0 0 0 0 0 0 0 0 0 0 0 0 0 0 0 0 0 0 0 0 0 0 0 0 0
 0 0 0 0 0 0 0 0 1 1 0 4 4 7 0 0 0 0 0 0 0 0 0 0 0 0 0 0 0 0 0 0 0 0 0 0 0 0 0 0 0 0 0 0 0 0
 0 0 0 0 0 0 0 0 1 1 0 4 4 7 0 0 0 0 0 0 0 0 0 0 0 0 0 0 0 0 0 0 0 0 0 0 0 0 0 0 0 0 0 0 0 0
 0 0 0 0 0 0 0 0 0 0 0 0 0 0 0 0 0 0 0 1 1 0 0 0 0 0 0 0 0 0 0 0 0 0 0 1 1 1 1 1 1 1 0 0 0 0
 0 0 0 0 0 0 0 0 0 0 0 0 0 0 0 0 0 0 1 0 0 0 0 0 0 0 0 0 0 17 18 18 2 2 2 5 5 5 3 3 1 1 0 0 0 0
 0 0 0 0 0 0 0 0 0 0 0 0 0 0 0 0 0 0 1 0 0 0 0 0 0 0 0 0 0 17 18 18 2 2 2 5 5 5 3 3 1 1 0 0 0 0
 0 0 0 0 0 0 0 0 0 0 0 0 0 0 0 0 0 0 1 0 0 0 0 0 0 0 2 2 2 16 12 12 17 17 7 11 11 8 4 4 1 1 0 0 0 0
 0 0 0 0 0 0 0 0 0 0 0 0 0 0 0 0 1 1 0 1 1 0 1 1 0 0 3 6 6 6 8 8 4 4 9 9 9 6 3 3 1 1 0 0 0 0
 0 0 0 0 0 0 0 0 0 0 0 0 0 0 0 0 1 1 0 1 1 0 1 1 0 0 3 6 6 6 8 8 4 4 9 9 9 6 3 3 1 1 0 0 0 0
 0 0 0 0 0 0 0 0 1 1 0 0 0 0 0 0 1 1 0 1 1 0 0 0 9 9 14 8 8 9 9 9 6 6 11 10 10 3 1 1 0 0 0 0 0 0
 0 0 0 0 0 0 0 0 1 1 0 0 0 0 0 0 1 1 0 1 1 0 0 0 9 9 14 8 8 9 9 9 6 6 11 10 10 3 1 1 0 0 0 0 0 0
 0 0 0 0 0 0 4 4 3 3 7 3 3 0 0 0 0 0 0 1 1 2 2 2 11 11 18 12 12 13 11 11 8 8 6 2 2 2 0 0 0 0 0 0 0 0
 0 0 0 1 1 0 8 8 9 9 11 7 7 2 0 0 0 0 1 4 4 4 2 2 11 11 10 13 13 13 10 10 12 12 12 1 1 2 2 2 1 1 1 0 0 0
 0 0 0 1 1 0 8 8 9 9 11 7 7 2 0 0 0 0 1 4 4 4 2 2 11 11 10 13 13 13 10 10 12 12 12 1 1 2 2 2 1 1 1 0 0 0
 0 0 2 4 4 1 6 6 15 15 15 7 7 3 1 1 2 2 4 8 8 11 4 4 6 6 9 6 6 5 7 7 10 10 9 4 4 3 3 3 0 0 0 0 0 0
 1 1 4 7 7 2 3 3 11 11 13 3 3 1 1 1 1 1 8 13 13 12 11 11 2 2 2 2 2 5 4 4 1 1 1 2 2 1 0 0 0 0 0 0 0 0
 1 1 4 7 7 2 3 3 11 11 13 3 3 1 1 1 1 1 8 13 13 12 11 11 2 2 2 2 2 5 4 4 1 1 1 2 2 1 0 0 0 0 0 0 0 0
 1 1 2 2 2 1 2 2 8 8 13 5 5 0 0 0 0 0 4 6 6 6 8 8 2 2 1 1 1 2 2 2 1 1 1 0 0 0 0 0 0 0 0 0 0 0
 1 1 2 2 2 1 2 2 8 8 13 5 5 0 0 0 0 0 4 6 6 6 8 8 2 2 1 1 1 2 2 2 1 1 1 0 0 0 0 0 0 0 0 0 0 0
 0 0 0 0 0 1 1 1 9 9 13 3 3 1 1 1 1 1 1 4 4 7 8 8 9 9 2 4 4 6 6 6 4 4 2 0 0 0 0 0 0 0 0 0 0 0
 0 0 0 0 0 1 2 2 6 6 9 7 7 3 3 3 2 2 2 6 6 15 11 11 11 11 9 12 12 16 13 13 7 7 3 1 1 0 0 0 2 2 0 0 0 0
 0 0 0 0 0 1 2 2 6 6 9 7 7 3 3 3 2 2 2 6 6 15 11 11 11 11 9 12 12 16 13 13 7 7 3 1 1 0 0 0 2 2 0 0 0 0
 0 0 0 0 0 1 1 1 3 3 9 5 5 5 6 6 3 3 2 12 12 13 13 13 6 6 10 18 18 28 26 26 19 19 7 1 1 0 0 0 0 0 0 0 0 0
 0 0 0 1 1 1 2 2 6 6 6 4 4 7 10 10 5 5 2 10 10 10 10 10 6 6 10 19 19 29 37 37 34 34 14 10 10 0 2 2 2 2 0 0 0 0
 0 0 0 1 1 1 2 2 6 6 6 4 4 7 10 10 5 5 2 10 10 10 10 10 6 6 10 19 19 29 37 37 34 34 14 10 10 0 2 2 2 2 0 0 0 0
 0 0 0 2 2 1 2 2 5 5 8 7 7 8 9 9 6 6 4 5 5 9 18 18 10 10 12 17 17 21 31 31 32 32 47 8 8 0 0 0 0 0 0 0 0 0
 0 0 0 2 2 1 2 2 5 5 8 7 7 8 9 9 6 6 4 5 5 9 18 18 10 10 12 17 17 21 31 31 32 32 47 8 8 0 0 0 0 0 0 0 0 0
 0 0 0 2 2 2 2 2 5 5 9 9 9 8 7 7 5 5 7 5 5 18 18 18 9 9 10 6 6 14 28 28 22 22 15 6 6 1 0 0 0 0 0 0 0 0
 0 0 0 1 1 1 1 1 5 5 6 4 4 5 5 5 7 7 5 3 3 4 3 3 3 3 2 4 4 9 10 10 11 11 4 1 1 0 0 0 0 0 1 0 0 0
 0 0 0 1 1 1 1 1 5 5 6 4 4 5 5 5 7 7 5 3 3 4 3 3 3 3 2 4 4 9 10 10 11 11 4 1 1 0 0 0 0 0 1 0 0 0
 1 1 0 2 2 2 1 1 1 1 0 1 1 3 7 7 7 7 3 1 1 3 3 3 1 1 2 3 3 6 7 7 4 4 2 1 1 0 0 0 0 0 0 0 0 0
 3 3 3 3 3 4 2 2 2 2 1 2 2 3 7 7 8 8 5 1 1 1 0 0 1 1 1 2 2 4 6 6 2 2 1 0 0 0 0 0 1 1 0 0 0 0
 3 3 3 3 3 4 2 2 2 2 1 2 2 3 7 7 8 8 5 1 1 1 0 0 1 1 1 2 2 4 6 6 2 2 1 0 0 0 0 0 1 1 0 0 0 0
 4 4 6 4 4 4 3 3 3 3 1 2 2 2 3 3 7 7 7 3 3 2 2 2 0 0 1 1 1 2 4 4 1 1 1 0 0 0 0 0 0 0 0 0 0 0
 4 4 6 4 4 4 3 3 3 3 1 2 2 2 3 3 7 7 7 3 3 2 2 2 0 0 1 1 1 2 4 4 1 1 1 0 0 0 0 0 0 0 0 0 0 0
 4 4 7 5 5 5 4 4 4 4 2 5 5 4 4 4 6 6 10 6 6 3 3 3 0 0 0 1 1 2 16 16 1 1 2 2 2 5 0 0 0 0 0 0 0 2
 10 10 9 5 5 3 3 3 3 3 4 5 5 5 4 4 5 5 5 4 4 4 1 1 0 0 1 2 2 5 4 4 3 3 6 11 11 6 0 0 0 0 0 0 0 2
 10 10 9 5 5 3 3 3 3 3 4 5 5 5 4 4 5 5 5 4 4 4 1 1 0 0 1 2 2 5 4 4 3 3 6 11 11 6 0 0 0 0 0 0 0 2
 12 12 9 6 6 3 3 3 1 1 2 5 5 1 2 2 3 3 4 4 4 3 7 7 2 2 3 12 12 7 6 6 9 9 16 18 18 11 7 7 4 4 0 0 0 2
 7 7 7 5 5 3 1 1 1 1 1 0 0 1 1 1 2 2 2 2 2 1 1 1 2 2 2 4 4 3 6 6 13 13 20 19 19 23 12 12 3 3 1 0 0 0
 7 7 7 5 5 3 1 1 1 1 1 0 0 1 1 1 2 2 2 2 2 1 1 1 2 2 2 4 4 3 6 6 13 13 20 19 19 23 12 12 3 3 1 0 0 0
 5 5 6 2 2 1 1 1 1 1 1 1 1 1 1 1 1 1 1 1 1 1 1 1 1 1 1 2 2 3 4 4 6 6 13 20 20 28 12 12 4 4 1 3 3 4
 5 5 6 2 2 1 1 1 1 1 1 1 1 1 1 1 1 1 1 1 1 1 1 1 1 1 1 2 2 3 4 4 6 6 13 20 20 28 12 12 4 4 1 3 3 4
 2 2 3 3 3 1 1 1 1 1 1 1 1 0 0 0 0 0 0 0 0 0 1 1 1 1 2 2 2 6 4 4 7 7 14 20 20 17 10 10 4 4 7 7 7 16
 3 3 3 7 7 3 3 3 3 3 2 2 2 1 1 1 1 1 0 0 0 0 1 1 1 1 2 6 6 8 12 12 5 5 7 11 11 17 14 14 8 8 4 6 6 0
 3 3 3 7 7 3 3 3 3 3 2 2 2 1 1 1 1 1 0 0 0 0 1 1 1 1 2 6 6 8 12 12 5 5 7 11 11 17 14 14 8 8 4 6 6 0
 3 3 4 2 2 3 1 1 2 2 2 2 2 2 2 2 1 1 1 1 1 1 1 1 2 2 2 6 6 8 5 5 10 10 4 5 5 5 9 9 5 5 3 1 1 0
 4 4 4 2 2 2 1 1 1 1 1 2 2 2 2 2 2 2 1 2 2 1 3 3 2 2 2 2 2 7 2 2 4 4 10 4 4 3 2 2 1 1 3 0 0 0
