assets/RAT_results_old/precipitation/2020-06-28_IMERG.asc
ncols        46
nrows        77
xllcorner    74.800261325624
yllcorner    8.058333333333
cellsize     0.062500000000
NODATA_value -9999
 14 14 12 12 12 15 17 17 20 20 20 19 19 5 3 3 3 3 3 2 2 2 2 2 3 3 6 6 6 7 12 12 7 7 3 4 4 5 5 5 3 3 5 7 7 9
 13 13 10 13 13 14 26 26 31 31 19 23 23 4 4 4 3 3 3 3 3 3 3 3 3 3 3 6 6 6 8 8 7 7 3 4 4 4 4 4 4 4 5 6 6 6
 13 13 10 13 13 14 26 26 31 31 19 23 23 4 4 4 3 3 3 3 3 3 3 3 3 3 3 6 6 6 8 8 7 7 3 4 4 4 4 4 4 4 5 6 6 6
 16 16 8 9 9 14 19 19 21 21 18 30 30 16 4 4 4 4 3 4 4 4 4 4 3 3 4 5 5 4 6 6 6 6 4 4 4 3 4 4 5 5 6 6 6 7
 11 11 8 9 9 8 13 13 24 24 16 14 14 17 6 6 7 7 4 3 3 6 5 5 4 4 4 10 10 7 6 6 6 6 4 4 4 4 4 4 5 5 4 4 4 5
 11 11 8 9 9 8 13 13 24 24 16 14 14 17 6 6 7 7 4 3 3 6 5 5 4 4 4 10 10 7 6 6 6 6 4 4 4 4 4 4 5 5 4 4 4 5
 12 12 6 11 11 10 10 10 19 19 16 11 11 13 12 12 5 5 5 4 4 4 8 8 11 11 12 19 19 14 11 11 6 6 5 6 6 4 5 5 5 5 4 4 4 5
 12 12 6 11 11 10 10 10 19 19 16 11 11 13 12 12 5 5 5 4 4 4 8 8 11 11 12 19 19 14 11 11 6 6 5 6 6 4 5 5 5 5 4 4 4 5
 15 15 8 9 9 9 8 8 12 12 7 11 11 15 9 9 6 6 5 4 4 3 4 4 9 9 26 11 11 11 11 11 9 9 6 7 7 6 6 6 6 6 4 4 4 6
 17 17 18 10 10 10 10 10 8 8 7 9 9 10 6 6 7 7 5 4 4 3 4 4 4 4 10 17 17 11 12 12 12 12 7 7 7 7 7 7 7 7 6 6 6 6
 17 17 18 10 10 10 10 10 8 8 7 9 9 10 6 6 7 7 5 4 4 3 4 4 4 4 10 17 17 11 12 12 12 12 7 7 7 7 7 7 7 7 6 6 6 6
 18 18 19 8 8 12 9 9 7 7 8 8 8 7 7 7 5 5 5 2 2 2 3 3 4 4 4 5 5 9 5 5 6 6 8 7 7 7 8 8 9 9 9 6 6 6
 35 35 35 9 9 13 7 7 4 4 7 9 9 7 7 7 7 7 4 3 3 2 3 3 3 3 4 4 4 4 4 4 4 4 5 8 8 7 7 7 9 9 11 5 5 5
 35 35 35 9 9 13 7 7 4 4 7 9 9 7 7 7 7 7 4 3 3 2 3 3 3 3 4 4 4 4 4 4 4 4 5 8 8 7 7 7 9 9 11 5 5 5
 38 38 33 13 13 8 7 7 5 5 11 14 14 12 14 14 14 14 7 4 4 2 3 3 3 3 4 3 3 4 4 4 4 4 13 8 8 7 7 7 7 7 7 3 3 3
 38 38 33 13 13 8 7 7 5 5 11 14 14 12 14 14 14 14 7 4 4 2 3 3 3 3 4 3 3 4 4 4 4 4 13 8 8 7 7 7 7 7 7 3 3 3
 14 14 21 19 19 6 6 6 6 6 7 8 8 9 10 10 14 14 10 6 6 5 3 3 3 3 3 3 3 4 4 4 4 4 4 7 7 7 6 6 6 6 6 4 4 4
 17 17 22 18 18 6 3 3 2 2 4 5 5 3 6 6 13 13 8 6 6 5 2 2 2 2 3 2 2 3 3 3 3 3 5 4 4 5 5 5 6 6 6 6 6 4
 17 17 22 18 18 6 3 3 2 2 4 5 5 3 6 6 13 13 8 6 6 5 2 2 2 2 3 2 2 3 3 3 3 3 5 4 4 5 5 5 6 6 6 6 6 4
 4 4 9 11 11 10 3 3 1 1 3 5 5 5 6 6 5 5 8 8 8 7 3 3 3 3 2 2 2 2 2 2 3 3 3 4 4 6 6 6 7 7 8 8 8 6
 4 4 3 9 9 8 3 3 1 1 1 2 2 2 6 6 6 6 8 8 8 8 7 7 2 2 2 2 2 2 2 2 2 2 3 4 4 6 6 6 6 6 8 8 8 6
 4 4 3 9 9 8 3 3 1 1 1 2 2 2 6 6 6 6 8 8 8 8 7 7 2 2 2 2 2 2 2 2 2 2 3 4 4 6 6 6 6 6 8 8 8 6
 4 4 5 8 8 4 3 3 2 2 2 1 1 2 6 6 6 6 7 5 5 9 8 8 2 2 2 2 2 2 2 2 2 2 3 5 5 5 6 6 6 6 8 8 8 7
 4 4 5 8 8 4 3 3 2 2 2 1 1 2 6 6 6 6 7 5 5 9 8 8 2 2 2 2 2 2 2 2 2 2 3 5 5 5 6 6 6 6 8 8 8 7
 3 3 5 5 5 8 2 2 1 1 1 1 1 1 2 2 4 4 6 5 5 6 7 7 5 5 6 3 3 3 3 3 3 3 2 2 2 5 5 5 5 5 7 6 6 7
 3 3 4 5 5 5 2 2 1 1 2 2 2 1 2 2 1 1 4 4 4 1 7 7 6 6 5 3 3 3 3 3 3 3 3 3 3 6 5 5 5 5 6 6 6 3
 3 3 4 5 5 5 2 2 1 1 2 2 2 1 2 2 1 1 4 4 4 1 7 7 6 6 5 3 3 3 3 3 3 3 3 3 3 6 5 5 5 5 6 6 6 3
 2 2 3 4 4 6 3 3 2 2 2 2 2 2 3 3 2 2 1 1 1 1 4 4 5 5 3 6 6 4 3 3 3 3 3 5 5 7 6 6 4 4 4 3 3 2
 5 5 6 9 9 10 7 7 3 3 1 1 1 4 3 3 2 2 1 1 1 4 5 5 5 5 5 5 5 3 2 2 1 1 1 2 2 4 4 4 3 3 3 2 2 1
 5 5 6 9 9 10 7 7 3 3 1 1 1 4 3 3 2 2 1 1 1 4 5 5 5 5 5 5 5 3 2 2 1 1 1 2 2 4 4 4 3 3 3 2 2 1
 3 3 2 7 7 8 7 7 12 12 13 2 2 2 5 5 4 4 4 2 2 2 4 4 5 5 4 5 5 1 1 1 1 1 0 0 0 2 2 2 2 2 2 2 2 1
 3 3 2 7 7 8 7 7 12 12 13 2 2 2 5 5 4 4 4 2 2 2 4 4 5 5 4 5 5 1 1 1 1 1 0 0 0 2 2 2 2 2 2 2 2 1
 2 2 2 7 7 7 11 11 13 13 15 5 5 5 6 6 11 11 3 1 1 2 1 1 1 1 1 1 1 1 0 0 0 0 0 0 0 1 1 1 1 1 1 1 1 1
 1 1 2 4 4 4 14 14 16 16 16 15 15 9 12 12 12 12 10 4 4 1 1 1 0 0 0 0 0 0 1 1 1 1 0 0 0 0 1 1 1 1 1 0 0 0
 1 1 2 4 4 4 14 14 16 16 16 15 15 9 12 12 12 12 10 4 4 1 1 1 0 0 0 0 0 0 1 1 1 1 0 0 0 0 1 1 1 1 1 0 0 0
 1 1 2 2 2 3 9 9 10 10 12 19 19 23 19 19 33 33 20 10 10 0 0 0 0 0 0 0 0 0 1 1 3 3 1 0 0 0 0 0 0 0 0 0 0 0
 1 1 1 1 1 2 9 9 10 10 13 14 14 15 33 33 71 71 23 10 10 1 0 0 0 0 0 0 0 0 4 4 2 2 2 0 0 0 0 0 0 0 0 0 0 0
 1 1 1 1 1 2 9 9 10 10 13 14 14 15 33 33 71 71 23 10 10 1 0 0 0 0 0 0 0 0 4 4 2 2 2 0 0 0 0 0 0 0 0 0 0 0
 2 2 4 3 3 3 13 13 14 14 19 22 22 19 29 29 60 60 23 11 11 2 1 1 1 1 0 0 0 0 1 1 3 3 0 0 0 0 0 0 0 0 0 0 0 0
 2 2 4 3 3 3 13 13 14 14 19 22 22 19 29 29 60 60 23 11 11 2 1 1 1 1 0 0 0 0 1 1 3 3 0 0 0 0 0 0 0 0 0 0 0 0
 2 2 5 5 5 13 20 20 18 18 27 32 32 23 29 29 34 34 17 3 3 3 2 2 1 1 0 0 0 1 0 0 0 0 1 0 0 0 0 0 0 0 0 0 0 0
 8 8 9 9 9 16 24 24 15 15 24 23 23 10 22 22 15 15 2 3 3 4 1 1 1 1 0 0 0 0 0 0 0 0 0 1 1 1 0 0 0 0 0 0 0 0
 8 8 9 9 9 16 24 24 15 15 24 23 23 10 22 22 15 15 2 3 3 4 1 1 1 1 0 0 0 0 0 0 0 0 0 1 1 1 0 0 0 0 0 0 0 0
 10 10 10 11 11 18 15 15 15 15 19 18 18 12 15 15 11 11 2 2 2 3 1 1 1 1 0 0 0 0 4 4 6 6 6 4 4 3 1 1 1 1 0 0 0 0
 11 11 12 16 16 18 15 15 15 15 19 17 17 6 8 8 11 11 2 3 3 3 2 2 2 2 2 2 2 5 4 4 6 6 6 3 3 5 6 6 0 0 0 0 0 0
 11 11 12 16 16 18 15 15 15 15 19 17 17 6 8 8 11 11 2 3 3 3 2 2 2 2 2 2 2 5 4 4 6 6 6 3 3 5 6 6 0 0 0 0 0 0
 13 13 13 16 16 14 16 16 14 14 14 15 15 10 9 9 6 6 1 2 2 2 3 3 2 2 1 1 1 3 3 3 7 7 6 4 4 4 5 5 0 0 0 0 0 0
 13 13 13 16 16 14 16 16 14 14 14 15 15 10 9 9 6 6 1 2 2 2 3 3 2 2 1 1 1 3 3 3 7 7 6 4 4 4 5 5 0 0 0 0 0 0
 14 14 13 18 18 17 16 16 15 15 17 16 16 12 13 13 5 5 1 1 1 3 2 2 3 3 0 0 0 0 4 4 7 7 5 3 3 3 3 3 0 0 0 0 0 0
 11 11 12 15 15 16 14 14 13 13 16 16 16 16 14 14 4 4 4 3 3 3 3 3 3 3 3 1 1 1 2 2 1 1 5 3 3 3 2 2 0 0 0 0 0 0
 11 11 12 15 15 16 14 14 13 13 16 16 16 16 14 14 4 4 4 3 3 3 3 3 3 3 3 1 1 1 2 2 1 1 5 3 3 3 2 2 0 0 0 0 0 0
 11 11 12 13 13 15 15 15 14 14 17 18 18 17 14 14 6 6 5 5 5 3 4 4 3 3 3 1 1 1 1 1 1 1 4 3 3 2 2 2 0 0 0 0 0 0
 17 17 17 19 19 18 15 15 14 14 13 16 16 15 8 8 6 6 6 5 5 2 3 3 2 2 1 0 0 0 1 1 1 1 3 1 1 0 0 0 0 0 0 0 0 0
 17 17 17 19 19 18 15 15 14 14 13 16 16 15 8 8 6 6 6 5 5 2 3 3 2 2 1 0 0 0 1 1 1 1 3 1 1 0 0 0 0 0 0 0 0 0
 22 22 26 27 27 24 17 17 13 13 14 8 8 7 8 8 4 4 5 2 2 2 3 3 3 3 1 0 0 0 0 0 0 0 1 1 1 0 0 0 0 0 0 0 0 0
 22 22 26 27 27 24 17 17 13 13 14 8 8 7 8 8 4 4 5 2 2 2 3 3 3 3 1 0 0 0 0 0 0 0 1 1 1 0 0 0 0 0 0 0 0 0
 22 22 25 29 29 33 31 31 17 17 14 14 14 9 7 7 2 2 1 2 2 2 2 2 1 1 1 1 1 1 1 1 0 0 1 1 1 0 1 1 1 1 0 1 1 1
 21 21 24 29 29 29 30 30 26 26 22 13 13 11 7 7 6 6 3 2 2 0 0 0 0 0 1 1 1 1 0 0 0 0 0 1 1 0 0 0 0 0 1 1 1 1
 21 21 24 29 29 29 30 30 26 26 22 13 13 11 7 7 6 6 3 2 2 0 0 0 0 0 1 1 1 1 0 0 0 0 0 1 1 0 0 0 0 0 1 1 1 1
 23 23 24 28 28 30 30 30 29 29 26 19 19 14 8 8 7 7 4 5 5 0 0 0 0 0 1 1 1 0 0 0 0 0 0 0 0 0 0 0 0 0 0 0 0 0
 29 29 29 27 27 29 29 29 27 27 26 20 20 15 11 11 9 9 5 3 3 0 0 0 0 0 0 1 1 0 0 0 0 0 0 0 0 0 0 0 0 0 0 0 0 0
 29 29 29 27 27 29 29 29 27 27 26 20 20 15 11 11 9 9 5 3 3 0 0 0 0 0 0 1 1 0 0 0 0 0 0 0 0 0 0 0 0 0 0 0 0 0
 29 29 28 26 26 23 26 26 24 24 22 18 18 13 10 10 10 10 7 4 4 1 0 0 0 0 0 1 1 1 0 0 0 0 0 0 0 0 0 0 0 0 0 0 0 0
 29 29 28 26 26 23 26 26 24 24 22 18 18 13 10 10 10 10 7 4 4 1 0 0 0 0 0 1 1 1 0 0 0 0 0 0 0 0 0 0 0 0 0 0 0 0
 26 26 29 28 28 27 24 24 25 25 20 16 16 13 9 9 9 9 6 4 4 3 1 1 1 1 2 1 1 1 0 0 0 0 0 0 0 0 0 0 0 0 0 0 0 0
 28 28 26 27 27 29 25 25 19 19 16 14 14 11 10 10 8 8 5 5 5 4 3 3 3 3 1 0 0 1 0 0 0 0 0 0 0 0 0 0 0 0 0 0 0 0
 28 28 26 27 27 29 25 25 19 19 16 14 14 11 10 10 8 8 5 5 5 4 3 3 3 3 1 0 0 1 0 0 0 0 0 0 0 0 0 0 0 0 0 0 0 0
 33 33 28 27 27 26 26 26 20 20 16 14 14 11 9 9 9 9 6 4 4 4 3 3 3 3 2 2 2 3 3 3 0 0 0 0 0 0 0 0 0 0 0 0 0 0
 37 37 33 28 28 27 23 23 23 23 16 13 13 8 7 7 6 6 5 5 5 4 3 3 3 3 2 2 2 2 2 2 1 1 0 0 0 0 0 0 0 0 0 0 0 0
 37 37 33 28 28 27 23 23 23 23 16 13 13 8 7 7 6 6 5 5 5 4 3 3 3 3 2 2 2 2 2 2 1 1 0 0 0 0 0 0 0 0 0 0 0 0
 35 35 35 30 30 30 30 30 20 20 18 12 12 9 7 7 5 5 5 4 4 4 3 3 4 4 3 2 2 2 2 2 1 1 1 0 0 0 0 0 0 0 0 1 1 0
 35 35 35 30 30 30 30 30 20 20 18 12 12 9 7 7 5 5 5 4 4 4 3 3 4 4 3 2 2 2 2 2 1 1 1 0 0 0 0 0 0 0 0 1 1 0
 29 29 29 28 28 26 27 27 25 25 16 13 13 9 7 7 6 6 5 4 4 3 3 3 3 3 3 2 2 3 2 2 1 1 1 0 0 0 0 0 0 0 0 2 2 1
 21 21 22 25 25 24 25 25 26 26 20 11 11 11 7 7 5 5 5 4 4 3 2 2 2 2 2 2 2 1 1 1 1 1 0 0 0 0 0 0 0 0 0 0 0 3
 21 21 22 25 25 24 25 25 26 26 20 11 11 11 7 7 5 5 5 4 4 3 2 2 2 2 2 2 2 1 1 1 1 1 0 0 0 0 0 0 0 0 0 0 0 3
 19 19 18 19 19 24 26 26 26 26 23 14 14 8 5 5 3 3 4 4 4 3 2 2 2 2 2 2 2 1 1 1 1 1 1 1 1 0 0 0 0 0 0 0 0 0
 17 17 19 18 18 17 24 24 29 29 20 16 16 8 5 5 4 4 5 6 6 4 3 3 2 2 2 2 2 2 1 1 2 2 1 1 1 1 0 0 0 0 0 0 0 0
