assets/RAT_results_old/precipitation/2020-09-02_IMERG.asc
ncols        46
nrows        77
xllcorner    74.800261325624
yllcorner    8.058333333333
cellsize     0.062500000000
NODATA_value -9999
 42 42 59 58 58 55 42 42 49 49 41 35 35 20 10 10 9 9 7 7 7 8 10 10 20 20 19 33 33 28 35 35 27 27 28 31 31 21 29 29 28 28 20 25 25 11
 28 28 47 55 55 59 46 46 37 37 35 27 27 20 16 16 10 10 8 8 8 9 9 9 17 17 17 17 17 32 31 31 47 47 48 49 49 34 27 27 29 29 24 30 30 17
 28 28 47 55 55 59 46 46 37 37 35 27 27 20 16 16 10 10 8 8 8 9 9 9 17 17 17 17 17 32 31 31 47 47 48 49 49 34 27 27 29 29 24 30 30 17
 22 22 24 24 24 29 29 29 29 29 37 27 27 18 17 17 18 18 10 10 10 11 13 13 16 16 11 12 12 21 27 27 38 38 41 44 44 45 45 45 39 39 31 19 19 20
 12 12 17 21 21 25 32 32 35 35 32 28 28 15 14 14 15 15 10 10 10 11 14 14 15 15 9 9 9 13 15 15 27 27 42 48 48 38 32 32 41 41 46 29 29 31
 12 12 17 21 21 25 32 32 35 35 32 28 28 15 14 14 15 15 10 10 10 11 14 14 15 15 9 9 9 13 15 15 27 27 42 48 48 38 32 32 41 41 46 29 29 31
 7 7 14 21 21 25 32 32 38 38 38 38 38 30 21 21 12 12 7 6 6 11 14 14 7 7 4 7 7 12 13 13 18 18 22 21 21 23 25 25 29 29 36 29 29 25
 7 7 14 21 21 25 32 32 38 38 38 38 38 30 21 21 12 12 7 6 6 11 14 14 7 7 4 7 7 12 13 13 18 18 22 21 21 23 25 25 29 29 36 29 29 25
 7 7 12 22 22 25 25 25 27 27 40 31 31 22 15 15 16 16 6 9 9 13 6 6 4 4 4 6 6 9 9 9 15 15 21 21 21 23 28 28 31 31 36 37 37 24
 6 6 13 20 20 23 22 22 26 26 30 29 29 31 26 26 18 18 10 16 16 10 13 13 9 9 13 9 9 7 9 9 13 13 18 20 20 22 28 28 26 26 29 37 37 30
 6 6 13 20 20 23 22 22 26 26 30 29 29 31 26 26 18 18 10 16 16 10 13 13 9 9 13 9 9 7 9 9 13 13 18 20 20 22 28 28 26 26 29 37 37 30
 6 6 10 12 12 21 23 23 21 21 22 28 28 24 20 20 16 16 17 15 15 21 14 14 29 29 23 11 11 8 10 10 11 11 18 21 21 21 24 24 23 23 30 41 41 36
 5 5 7 8 8 15 22 22 18 18 18 24 24 19 18 18 16 16 19 14 14 19 25 25 29 29 16 19 19 11 9 9 10 10 13 18 18 17 24 24 17 17 23 29 29 28
 5 5 7 8 8 15 22 22 18 18 18 24 24 19 18 18 16 16 19 14 14 19 25 25 29 29 16 19 19 11 9 9 10 10 13 18 18 17 24 24 17 17 23 29 29 28
 5 5 6 6 6 9 14 14 15 15 16 14 14 14 11 11 15 15 12 11 11 23 74 74 12 12 15 14 14 9 11 11 8 8 9 9 9 9 14 14 16 16 22 25 25 24
 5 5 6 6 6 9 14 14 15 15 16 14 14 14 11 11 15 15 12 11 11 23 74 74 12 12 15 14 14 9 11 11 8 8 9 9 9 9 14 14 16 16 22 25 25 24
 10 10 6 7 7 7 8 8 13 13 12 9 9 11 11 11 10 10 8 7 7 7 7 7 29 29 5 13 13 11 10 10 12 12 10 11 11 10 12 12 13 13 11 17 17 25
 11 11 7 9 9 8 7 7 7 7 17 14 14 6 4 4 8 8 8 10 10 10 10 10 9 9 11 10 10 8 7 7 8 8 5 11 11 9 14 14 11 11 9 12 12 21
 11 11 7 9 9 8 7 7 7 7 17 14 14 6 4 4 8 8 8 10 10 10 10 10 9 9 11 10 10 8 7 7 8 8 5 11 11 9 14 14 11 11 9 12 12 21
 13 13 15 18 18 33 8 8 8 8 10 14 14 11 10 10 12 12 16 12 12 13 9 9 9 9 5 6 6 4 6 6 6 6 6 7 7 7 6 6 8 8 7 10 10 13
 16 16 21 32 32 22 8 8 7 7 13 15 15 14 13 13 15 15 19 20 20 18 13 13 10 10 5 4 4 5 6 6 4 4 6 7 7 5 5 5 4 4 4 5 5 7
 16 16 21 32 32 22 8 8 7 7 13 15 15 14 13 13 15 15 19 20 20 18 13 13 10 10 5 4 4 5 6 6 4 4 6 7 7 5 5 5 4 4 4 5 5 7
 14 14 15 36 36 27 19 19 7 7 9 10 10 16 17 17 19 19 17 18 18 12 10 10 10 10 12 7 7 6 12 12 7 7 9 7 7 3 2 2 2 2 3 3 3 2
 14 14 15 36 36 27 19 19 7 7 9 10 10 16 17 17 19 19 17 18 18 12 10 10 10 10 12 7 7 6 12 12 7 7 9 7 7 3 2 2 2 2 3 3 3 2
 6 6 6 17 17 16 14 14 12 12 13 13 13 17 16 16 17 17 20 21 21 12 11 11 13 13 17 15 15 20 30 30 25 25 18 6 6 3 2 2 1 1 2 2 2 2
 5 5 8 7 7 7 13 13 13 13 9 14 14 16 18 18 21 21 18 19 19 16 16 16 14 14 20 20 20 26 30 30 8 8 11 7 7 6 4 4 2 2 2 1 1 1
 5 5 8 7 7 7 13 13 13 13 9 14 14 16 18 18 21 21 18 19 19 16 16 16 14 14 20 20 20 26 30 30 8 8 11 7 7 6 4 4 2 2 2 1 1 1
 7 7 5 6 6 9 9 9 11 11 14 11 11 12 19 19 27 27 28 22 22 25 40 40 19 19 15 22 22 25 30 30 27 27 27 14 14 10 6 6 5 5 6 5 5 2
 11 11 10 13 13 13 12 12 13 13 13 11 11 19 17 17 23 23 18 41 41 66 44 44 35 35 19 15 15 21 18 18 20 20 30 21 21 16 16 16 10 10 11 7 7 5
 11 11 10 13 13 13 12 12 13 13 13 11 11 19 17 17 23 23 18 41 41 66 44 44 35 35 19 15 15 21 18 18 20 20 30 21 21 16 16 16 10 10 11 7 7 5
 10 10 9 14 14 18 17 17 19 19 17 18 18 22 14 14 21 21 23 21 21 56 45 45 37 37 35 15 15 13 14 14 19 19 21 20 20 17 16 16 18 18 19 14 14 12
 10 10 9 14 14 18 17 17 19 19 17 18 18 22 14 14 21 21 23 21 21 56 45 45 37 37 35 15 15 13 14 14 19 19 21 20 20 17 16 16 18 18 19 14 14 12
 9 9 12 14 14 18 14 14 16 16 25 25 25 24 15 15 14 14 14 17 17 17 37 37 15 15 20 10 10 11 11 11 16 16 16 19 19 15 12 12 19 19 19 15 15 10
 9 9 14 6 6 11 10 10 10 10 21 24 24 15 14 14 9 9 12 11 11 13 7 7 9 9 8 7 7 8 10 10 12 12 12 13 13 9 6 6 11 11 15 15 15 6
 9 9 14 6 6 11 10 10 10 10 21 24 24 15 14 14 9 9 12 11 11 13 7 7 9 9 8 7 7 8 10 10 12 12 12 13 13 9 6 6 11 11 15 15 15 6
 10 10 11 8 8 9 8 8 5 5 10 12 12 14 13 13 8 8 11 14 14 13 19 19 9 9 4 4 4 4 5 5 5 5 9 7 7 4 7 7 6 6 9 7 7 8
 25 25 24 9 9 6 5 5 4 4 8 10 10 16 13 13 14 14 17 22 22 13 24 24 8 8 2 2 2 2 2 2 2 2 3 3 3 2 5 5 4 4 8 10 10 6
 25 25 24 9 9 6 5 5 4 4 8 10 10 16 13 13 14 14 17 22 22 13 24 24 8 8 2 2 2 2 2 2 2 2 3 3 3 2 5 5 4 4 8 10 10 6
 28 28 22 16 16 8 5 5 4 4 7 9 9 24 18 18 19 19 29 32 32 18 23 23 7 7 3 2 2 1 2 2 1 1 2 3 3 3 4 4 4 4 9 8 8 4
 28 28 22 16 16 8 5 5 4 4 7 9 9 24 18 18 19 19 29 32 32 18 23 23 7 7 3 2 2 1 2 2 1 1 2 3 3 3 4 4 4 4 9 8 8 4
 24 24 16 11 11 7 11 11 7 7 12 19 19 24 25 25 28 28 37 35 35 31 17 17 8 8 9 9 9 19 2 2 2 2 3 4 4 5 5 5 4 4 12 13 13 12
 20 20 12 12 12 10 16 16 15 15 14 22 22 22 22 22 22 22 24 25 25 17 19 19 20 20 19 37 37 33 8 8 6 6 4 5 5 6 5 5 5 5 6 15 15 12
 20 20 12 12 12 10 16 16 15 15 14 22 22 22 22 22 22 22 24 25 25 17 19 19 20 20 19 37 37 33 8 8 6 6 4 5 5 6 5 5 5 5 6 15 15 12
 17 17 14 19 19 16 21 21 20 20 12 9 9 20 13 13 13 13 13 17 17 21 20 20 23 23 24 51 51 34 14 14 14 14 3 5 5 5 3 3 6 6 6 12 12 10
 107 107 25 23 23 17 20 20 19 19 8 5 5 11 8 8 8 8 13 14 14 17 16 16 25 25 18 42 42 31 17 17 15 15 5 4 4 7 4 4 6 6 4 6 6 6
 107 107 25 23 23 17 20 20 19 19 8 5 5 11 8 8 8 8 13 14 14 17 16 16 25 25 18 42 42 31 17 17 15 15 5 4 4 7 4 4 6 6 4 6 6 6
 88 88 27 27 27 26 21 21 27 27 33 32 32 27 29 29 7 7 16 19 19 21 18 18 21 21 14 20 20 21 15 15 10 10 5 5 5 4 4 4 3 3 3 4 4 5
 88 88 27 27 27 26 21 21 27 27 33 32 32 27 29 29 7 7 16 19 19 21 18 18 21 21 14 20 20 21 15 15 10 10 5 5 5 4 4 4 3 3 3 4 4 5
 96 96 43 29 29 23 20 20 20 20 32 31 31 26 27 27 8 8 8 17 17 10 17 17 13 13 10 10 10 9 6 6 3 3 3 2 2 3 5 5 4 4 2 2 2 3
 29 29 28 24 24 25 22 22 20 20 18 25 25 26 27 27 14 14 15 7 7 10 13 13 12 12 12 18 18 7 6 6 5 5 4 2 2 3 5 5 5 5 5 3 3 2
 29 29 28 24 24 25 22 22 20 20 18 25 25 26 27 27 14 14 15 7 7 10 13 13 12 12 12 18 18 7 6 6 5 5 4 2 2 3 5 5 5 5 5 3 3 2
 28 28 28 26 26 21 17 17 16 16 13 11 11 26 30 30 16 16 22 19 19 20 19 19 32 32 27 23 23 22 9 9 6 6 5 6 6 4 6 6 7 7 6 2 2 2
 30 30 21 14 14 13 16 16 16 16 14 13 13 10 12 12 13 13 21 27 27 29 27 27 34 34 30 25 25 18 7 7 8 8 8 9 9 5 4 4 4 4 2 1 1 2
 30 30 21 14 14 13 16 16 16 16 14 13 13 10 12 12 13 13 21 27 27 29 27 27 34 34 30 25 25 18 7 7 8 8 8 9 9 5 4 4 4 4 2 1 1 2
 35 35 18 14 14 10 8 8 7 7 8 9 9 10 20 20 27 27 28 27 27 26 35 35 41 41 28 15 15 16 6 6 7 7 9 10 10 4 3 3 4 4 3 2 2 2
 35 35 18 14 14 10 8 8 7 7 8 9 9 10 20 20 27 27 28 27 27 26 35 35 41 41 28 15 15 16 6 6 7 7 9 10 10 4 3 3 4 4 3 2 2 2
 34 34 8 8 8 8 6 6 8 8 11 11 11 10 12 12 30 30 37 37 37 38 38 38 28 28 19 14 14 20 24 24 6 6 7 3 3 3 5 5 3 3 3 4 4 2
 14 14 7 7 7 7 8 8 8 8 15 15 15 16 20 20 31 31 38 39 39 27 27 27 19 19 11 14 14 25 28 28 28 28 21 6 6 5 6 6 4 4 5 4 4 4
 14 14 7 7 7 7 8 8 8 8 15 15 15 16 20 20 31 31 38 39 39 27 27 27 19 19 11 14 14 25 28 28 28 28 21 6 6 5 6 6 4 4 5 4 4 4
 7 7 5 5 5 7 10 10 12 12 12 17 17 20 25 25 28 28 27 27 27 26 17 17 11 11 19 16 16 22 39 39 45 45 21 11 11 8 5 5 5 5 7 6 6 3
 7 7 5 5 5 13 10 10 12 12 14 25 25 22 26 26 30 30 32 31 31 21 18 18 28 28 20 23 23 35 41 41 39 39 30 11 11 9 5 5 4 4 3 6 6 5
 7 7 5 5 5 13 10 10 12 12 14 25 25 22 26 26 30 30 32 31 31 21 18 18 28 28 20 23 23 35 41 41 39 39 30 11 11 9 5 5 4 4 3 6 6 5
 6 6 6 6 6 12 11 11 16 16 16 21 21 24 28 28 34 34 34 33 33 33 34 34 25 25 29 33 33 45 42 42 42 42 20 9 9 7 7 7 7 7 9 8 8 5
 6 6 6 6 6 12 11 11 16 16 16 21 21 24 28 28 34 34 34 33 33 33 34 34 25 25 29 33 33 45 42 42 42 42 20 9 9 7 7 7 7 7 9 8 8 5
 8 8 8 12 12 15 13 13 14 14 14 22 22 23 27 27 28 28 38 37 37 31 36 36 35 35 43 34 34 31 59 59 46 46 19 10 10 5 9 9 16 16 13 16 16 11
 12 12 11 13 13 13 12 12 15 15 19 15 15 20 22 22 21 21 25 26 26 25 31 31 38 38 39 57 57 39 35 35 39 39 12 6 6 6 10 10 11 11 15 18 18 13
 12 12 11 13 13 13 12 12 15 15 19 15 15 20 22 22 21 21 25 26 26 25 31 31 38 38 39 57 57 39 35 35 39 39 12 6 6 6 10 10 11 11 15 18 18 13
 12 12 12 15 15 16 15 15 18 18 24 17 17 18 15 15 13 13 20 22 22 23 33 33 34 34 35 36 36 26 29 29 24 24 10 9 9 6 8 8 10 10 16 15 15 10
 16 16 12 20 20 17 18 18 19 19 17 13 13 14 13 13 12 12 11 18 18 18 20 20 26 26 26 30 30 24 16 16 20 20 10 9 9 6 8 8 17 17 18 17 17 13
 16 16 12 20 20 17 18 18 19 19 17 13 13 14 13 13 12 12 11 18 18 18 20 20 26 26 26 30 30 24 16 16 20 20 10 9 9 6 8 8 17 17 18 17 17 13
 16 16 21 20 20 18 17 17 19 19 19 18 18 18 8 8 9 9 9 14 14 13 12 12 17 17 16 11 11 10 13 13 14 14 21 14 14 13 11 11 15 15 19 13 13 12
 16 16 21 20 20 18 17 17 19 19 19 18 18 18 8 8 9 9 9 14 14 13 12 12 17 17 16 11 11 10 13 13 14 14 21 14 14 13 11 11 15 15 19 13 13 12
 18 18 21 21 21 19 17 17 25 25 16 22 22 11 8 8 6 6 9 12 12 13 12 12 13 13 11 12 12 14 12 12 13 13 17 13 13 11 15 15 11 11 13 7 7 10
 16 16 18 20 20 17 20 20 21 21 16 21 21 19 25 25 9 9 8 10 10 10 13 13 12 12 16 14 14 13 13 13 13 13 15 10 10 11 9 9 9 9 7 6 6 11
 16 16 18 20 20 17 20 20 21 21 16 21 21 19 25 25 9 9 8 10 10 10 13 13 12 12 16 14 14 13 13 13 13 13 15 10 10 11 9 9 9 9 7 6 6 11
 14 14 15 20 20 18 17 17 12 12 9 12 12 7 24 24 4 4 6 7 7 9 12 12 10 10 10 10 10 9 9 9 10 10 9 5 5 6 8 8 8 8 7 10 10 15
 8 8 10 12 12 11 10 10 10 10 8 14 14 6 4 4 4 4 3 5 5 6 7 7 7 7 6 5 5 7 6 6 5 5 7 8 8 7 7 7 8 8 10 13 13 20
