assets/RAT_results_old/precipitation/2020-08-26_IMERG.asc
ncols        46
nrows        77
xllcorner    74.800261325624
yllcorner    8.058333333333
cellsize     0.062500000000
NODATA_value -9999
 0 0 0 0 0 1 1 1 0 0 0 0 0 1 1 1 1 1 1 1 1 2 1 1 1 1 0 0 0 0 0 0 0 0 0 0 0 0 0 0 1 1 1 1 1 3
 1 1 1 0 0 0 1 1 1 1 1 1 1 1 1 1 1 1 1 1 1 1 0 0 1 1 0 0 0 0 0 0 0 0 1 1 1 1 1 1 2 2 3 2 2 3
 1 1 1 0 0 0 1 1 1 1 1 1 1 1 1 1 1 1 1 1 1 1 0 0 1 1 0 0 0 0 0 0 0 0 1 1 1 1 1 1 2 2 3 2 2 3
 2 2 1 1 1 0 1 1 1 1 1 2 2 1 1 1 1 1 1 1 1 1 1 1 1 1 1 1 1 1 1 1 1 1 1 1 1 1 1 1 2 2 3 3 3 3
 2 2 1 1 1 1 1 1 2 2 2 3 3 1 1 1 2 2 2 1 1 1 1 1 1 1 1 1 1 1 1 1 1 1 1 1 1 1 2 2 2 2 3 3 3 2
 2 2 1 1 1 1 1 1 2 2 2 3 3 1 1 1 2 2 2 1 1 1 1 1 1 1 1 1 1 1 1 1 1 1 1 1 1 1 2 2 2 2 3 3 3 2
 2 2 1 2 2 1 1 1 2 2 2 2 2 1 1 1 2 2 2 2 2 3 2 2 1 1 1 1 1 0 0 0 0 0 1 1 1 1 2 2 2 2 2 2 2 2
 2 2 1 2 2 1 1 1 2 2 2 2 2 1 1 1 2 2 2 2 2 3 2 2 1 1 1 1 1 0 0 0 0 0 1 1 1 1 2 2 2 2 2 2 2 2
 1 1 1 1 1 1 1 1 1 1 1 1 1 1 1 1 1 1 2 1 1 2 2 2 1 1 2 1 1 0 0 0 0 0 0 1 1 1 1 1 1 1 2 2 2 2
 1 1 2 1 1 1 0 0 0 0 1 0 0 1 0 0 0 0 1 1 1 1 1 1 0 0 0 0 0 0 0 0 0 0 0 1 1 1 2 2 2 2 1 1 1 2
 1 1 2 1 1 1 0 0 0 0 1 0 0 1 0 0 0 0 1 1 1 1 1 1 0 0 0 0 0 0 0 0 0 0 0 1 1 1 2 2 2 2 1 1 1 2
 0 0 1 1 1 2 1 1 0 0 1 1 1 1 0 0 0 0 0 0 0 0 0 0 0 0 0 0 0 0 0 0 0 0 0 1 1 1 1 1 1 1 1 1 1 1
 0 0 0 1 1 1 1 1 1 1 1 1 1 1 1 1 1 1 1 0 0 0 0 0 0 0 0 0 0 0 0 0 0 0 0 0 0 0 0 0 1 1 1 1 1 1
 0 0 0 1 1 1 1 1 1 1 1 1 1 1 1 1 1 1 1 0 0 0 0 0 0 0 0 0 0 0 0 0 0 0 0 0 0 0 0 0 1 1 1 1 1 1
 0 0 0 1 1 1 1 1 1 1 1 1 1 1 1 1 1 1 1 0 0 0 0 0 1 1 1 0 0 1 1 1 1 1 0 1 1 1 0 0 0 0 0 0 0 0
 0 0 0 1 1 1 1 1 1 1 1 1 1 1 1 1 1 1 1 0 0 0 0 0 1 1 1 0 0 1 1 1 1 1 0 1 1 1 0 0 0 0 0 0 0 0
 0 0 0 0 0 1 1 1 2 2 2 1 1 1 1 1 0 0 0 0 0 0 0 0 0 0 1 0 0 1 1 1 1 1 1 1 1 1 1 1 1 1 0 0 0 0
 1 1 1 1 1 1 1 1 1 1 3 3 3 2 1 1 1 1 0 0 0 0 0 0 0 0 0 0 0 1 1 1 1 1 1 2 2 1 1 1 1 1 0 0 0 0
 1 1 1 1 1 1 1 1 1 1 3 3 3 2 1 1 1 1 0 0 0 0 0 0 0 0 0 0 0 1 1 1 1 1 1 2 2 1 1 1 1 1 0 0 0 0
 1 1 1 1 1 1 1 1 1 1 1 4 4 2 1 1 1 1 0 1 1 1 1 1 0 0 0 0 0 0 0 0 1 1 1 1 1 1 0 0 0 0 0 0 0 0
 1 1 1 1 1 1 1 1 0 0 1 3 3 2 1 1 1 1 1 1 1 1 0 0 0 0 0 0 0 0 0 0 1 1 1 0 0 0 0 0 0 0 0 0 0 0
 1 1 1 1 1 1 1 1 0 0 1 3 3 2 1 1 1 1 1 1 1 1 0 0 0 0 0 0 0 0 0 0 1 1 1 0 0 0 0 0 0 0 0 0 0 0
 2 2 2 1 1 1 0 0 0 0 1 1 1 1 1 1 1 1 1 1 1 1 0 0 0 0 0 1 1 1 1 1 1 1 1 1 1 0 1 1 1 1 1 1 1 0
 2 2 2 1 1 1 0 0 0 0 1 1 1 1 1 1 1 1 1 1 1 1 0 0 0 0 0 1 1 1 1 1 1 1 1 1 1 0 1 1 1 1 1 1 1 0
 2 2 2 1 1 1 0 0 0 0 1 1 1 1 1 1 1 1 1 1 1 1 0 0 0 0 1 2 2 2 1 1 2 2 1 1 1 1 1 1 2 2 1 1 1 0
 1 1 1 1 1 1 0 0 0 0 0 0 0 1 1 1 1 1 1 2 2 2 1 1 1 1 1 1 1 2 1 1 1 1 1 1 1 1 1 1 1 1 1 1 1 0
 1 1 1 1 1 1 0 0 0 0 0 0 0 1 1 1 1 1 1 2 2 2 1 1 1 1 1 1 1 2 1 1 1 1 1 1 1 1 1 1 1 1 1 1 1 0
 0 0 0 0 0 0 0 0 0 0 0 1 1 1 2 2 2 2 2 3 3 4 3 3 2 2 2 1 1 2 1 1 1 1 1 0 0 0 0 0 1 1 1 1 1 2
 0 0 0 0 0 0 0 0 1 1 1 1 1 1 2 2 2 2 2 4 4 5 5 5 4 4 3 2 2 1 1 1 1 1 0 0 0 1 1 1 1 1 1 1 1 2
 0 0 0 0 0 0 0 0 1 1 1 1 1 1 2 2 2 2 2 4 4 5 5 5 4 4 3 2 2 1 1 1 1 1 0 0 0 1 1 1 1 1 1 1 1 2
 1 1 1 1 1 1 1 1 2 2 2 2 2 1 2 2 2 2 3 4 4 4 5 5 5 5 4 4 4 2 2 2 1 1 1 1 1 2 2 2 2 2 2 2 2 2
 1 1 1 1 1 1 1 1 2 2 2 2 2 1 2 2 2 2 3 4 4 4 5 5 5 5 4 4 4 2 2 2 1 1 1 1 1 2 2 2 2 2 2 2 2 2
 1 1 2 1 1 1 2 2 3 3 2 2 2 3 2 2 2 2 3 3 3 3 4 4 6 6 6 4 4 3 3 3 1 1 1 2 2 4 3 3 2 2 3 2 2 2
 2 2 2 2 2 3 3 3 3 3 2 2 2 2 2 2 1 1 2 3 3 3 4 4 5 5 5 4 4 4 4 4 2 2 1 2 2 4 2 2 2 2 3 2 2 2
 2 2 2 2 2 3 3 3 3 3 2 2 2 2 2 2 1 1 2 3 3 3 4 4 5 5 5 4 4 4 4 4 2 2 1 2 2 4 2 2 2 2 3 2 2 2
 2 2 2 2 2 2 3 3 2 2 1 1 1 2 2 2 2 2 2 3 3 4 4 4 4 4 5 4 4 5 5 5 4 4 3 3 3 3 2 2 2 2 4 2 2 2
 2 2 3 2 2 2 4 4 3 3 2 2 2 2 3 3 3 3 2 5 5 5 5 5 5 5 5 5 5 6 6 6 4 4 3 4 4 4 4 4 4 4 5 7 7 6
 2 2 3 2 2 2 4 4 3 3 2 2 2 2 3 3 3 3 2 5 5 5 5 5 5 5 5 5 5 6 6 6 4 4 3 4 4 4 4 4 4 4 5 7 7 6
 3 3 3 1 1 1 3 3 2 2 1 1 1 2 2 2 3 3 3 5 5 6 4 4 6 6 6 4 4 5 4 4 3 3 4 5 5 5 6 6 6 6 7 8 8 9
 3 3 3 1 1 1 3 3 2 2 1 1 1 2 2 2 3 3 3 5 5 6 4 4 6 6 6 4 4 5 4 4 3 3 4 5 5 5 6 6 6 6 7 8 8 9
 3 3 2 1 1 1 2 2 1 1 1 1 1 2 2 2 3 3 2 4 4 5 4 4 4 4 4 3 3 3 3 3 4 4 6 7 7 8 8 8 9 9 8 13 13 18
 2 2 1 1 1 1 2 2 1 1 1 2 2 4 3 3 3 3 3 2 2 4 4 4 4 4 4 4 4 5 6 6 6 6 9 8 8 8 11 11 13 13 14 14 14 15
 2 2 1 1 1 1 2 2 1 1 1 2 2 4 3 3 3 3 3 2 2 4 4 4 4 4 4 4 4 5 6 6 6 6 9 8 8 8 11 11 13 13 14 14 14 15
 1 1 1 1 1 1 1 1 1 1 1 2 2 5 4 4 3 3 3 3 3 7 8 8 6 6 6 7 7 7 7 7 7 7 8 8 8 8 10 10 14 14 17 21 21 24
 1 1 1 1 1 1 1 1 1 1 1 2 2 3 3 3 3 3 3 3 3 7 10 10 8 8 8 7 7 7 7 7 6 6 6 6 6 8 13 13 27 27 20 26 26 23
 1 1 1 1 1 1 1 1 1 1 1 2 2 3 3 3 3 3 3 3 3 7 10 10 8 8 8 7 7 7 7 7 6 6 6 6 6 8 13 13 27 27 20 26 26 23
 0 0 0 0 0 1 1 1 1 1 1 2 2 2 3 3 3 3 3 3 3 7 7 7 11 11 8 7 7 7 7 7 6 6 6 7 7 14 23 23 22 22 25 26 26 19
 0 0 0 0 0 1 1 1 1 1 1 2 2 2 3 3 3 3 3 3 3 7 7 7 11 11 8 7 7 7 7 7 6 6 6 7 7 14 23 23 22 22 25 26 26 19
 0 0 0 0 0 0 0 0 1 1 1 2 2 2 2 2 3 3 4 3 3 3 4 4 7 7 8 8 8 7 7 7 6 6 7 7 7 15 23 23 23 23 24 35 35 20
 0 0 0 0 0 0 1 1 1 1 1 2 2 2 2 2 3 3 1 2 2 3 3 3 6 6 6 6 6 6 12 12 6 6 6 12 12 16 22 22 20 20 22 24 24 22
 0 0 0 0 0 0 1 1 1 1 1 2 2 2 2 2 3 3 1 2 2 3 3 3 6 6 6 6 6 6 12 12 6 6 6 12 12 16 22 22 20 20 22 24 24 22
 1 1 1 1 1 1 1 1 1 1 1 1 1 2 2 2 2 2 3 1 1 2 2 2 5 5 5 5 5 10 8 8 9 9 9 12 12 18 20 20 15 15 17 18 18 16
 2 2 1 1 1 1 1 1 1 1 1 1 1 1 1 1 2 2 2 2 2 1 1 1 4 4 3 4 4 4 5 5 4 4 7 8 8 16 16 16 17 17 16 15 15 10
 2 2 1 1 1 1 1 1 1 1 1 1 1 1 1 1 2 2 2 2 2 1 1 1 4 4 3 4 4 4 5 5 4 4 7 8 8 16 16 16 17 17 16 15 15 10
 1 1 1 1 1 1 1 1 1 1 1 1 1 1 1 1 1 1 1 2 2 1 1 1 3 3 2 3 3 4 4 4 4 4 5 6 6 10 8 8 7 7 10 9 9 6
 1 1 1 1 1 1 1 1 1 1 1 1 1 1 1 1 1 1 1 2 2 1 1 1 3 3 2 3 3 4 4 4 4 4 5 6 6 10 8 8 7 7 10 9 9 6
 0 0 0 0 0 0 0 0 0 0 1 1 1 1 1 1 1 1 1 1 1 0 1 1 3 3 2 2 2 1 1 1 1 1 2 5 5 7 9 9 13 13 14 9 9 4
 0 0 0 0 0 0 0 0 0 0 0 0 0 0 1 1 1 1 1 1 1 0 0 0 0 0 1 1 1 1 1 1 2 2 3 2 2 4 5 5 7 7 11 7 7 5
 0 0 0 0 0 0 0 0 0 0 0 0 0 0 1 1 1 1 1 1 1 0 0 0 0 0 1 1 1 1 1 1 2 2 3 2 2 4 5 5 7 7 11 7 7 5
 0 0 0 0 0 0 0 0 0 0 0 0 0 0 0 0 0 0 0 1 1 0 0 0 0 0 1 1 1 1 2 2 3 3 2 3 3 3 3 3 4 4 5 4 4 3
 0 0 0 0 0 0 0 0 0 0 0 0 0 0 0 0 0 0 0 0 0 0 1 1 1 1 1 3 3 3 3 3 4 4 2 2 2 3 2 2 2 2 4 2 2 1
 0 0 0 0 0 0 0 0 0 0 0 0 0 0 0 0 0 0 0 0 0 0 1 1 1 1 1 3 3 3 3 3 4 4 2 2 2 3 2 2 2 2 4 2 2 1
 0 0 0 0 0 0 0 0 0 0 0 0 0 0 0 0 0 0 0 0 0 0 1 1 1 1 1 5 5 6 8 8 7 7 6 10 10 10 6 6 7 7 12 4 4 0
 0 0 0 0 0 0 0 0 0 0 0 0 0 0 0 0 0 0 0 0 0 0 1 1 1 1 1 5 5 6 8 8 7 7 6 10 10 10 6 6 7 7 12 4 4 0
 0 0 0 1 1 1 0 0 0 0 0 0 0 0 0 0 0 0 0 0 0 1 1 1 1 1 1 4 4 7 6 6 7 7 9 25 25 17 14 14 24 24 12 4 4 5
 0 0 0 0 0 0 0 0 0 0 0 0 0 0 0 0 0 0 0 1 1 1 1 1 1 1 1 4 4 5 5 5 8 8 9 23 23 18 20 20 23 23 9 5 5 5
 0 0 0 0 0 0 0 0 0 0 0 0 0 0 0 0 0 0 0 1 1 1 1 1 1 1 1 4 4 5 5 5 8 8 9 23 23 18 20 20 23 23 9 5 5 5
 0 0 0 0 0 0 0 0 0 0 0 0 0 0 0 0 0 0 1 1 1 1 1 1 1 1 2 5 5 5 7 7 8 8 10 21 21 12 20 20 57 57 13 9 9 4
 0 0 0 0 0 0 0 0 0 0 0 0 0 0 0 0 1 1 1 1 1 1 1 1 1 1 2 4 4 6 7 7 10 10 10 11 11 7 5 5 5 5 8 7 7 6
 0 0 0 0 0 0 0 0 0 0 0 0 0 0 0 0 1 1 1 1 1 1 1 1 1 1 2 4 4 6 7 7 10 10 10 11 11 7 5 5 5 5 8 7 7 6
 0 0 0 0 0 0 0 0 0 0 0 0 0 0 0 0 0 0 1 1 1 1 1 1 1 1 1 1 1 4 5 5 6 6 11 9 9 3 2 2 3 3 6 2 2 2
 0 0 0 0 0 0 0 0 0 0 0 0 0 0 0 0 0 0 1 1 1 1 1 1 1 1 1 1 1 4 5 5 6 6 11 9 9 3 2 2 3 3 6 2 2 2
 0 0 0 0 0 0 0 0 0 0 0 0 0 0 0 0 0 0 0 1 1 1 1 1 1 1 1 1 1 1 3 3 4 4 8 5 5 0 1 1 1 1 1 0 0 0
 0 0 0 0 0 0 0 0 0 0 1 1 1 1 0 0 0 0 0 1 1 1 1 1 1 1 1 1 1 1 1 1 1 1 1 1 1 0 0 0 0 0 0 0 0 0
 0 0 0 0 0 0 0 0 0 0 1 1 1 1 0 0 0 0 0 1 1 1 1 1 1 1 1 1 1 1 1 1 1 1 1 1 1 0 0 0 0 0 0 0 0 0
 0 0 0 0 0 0 0 0 0 0 0 0 0 1 1 1 0 0 0 1 1 1 1 1 1 1 1 0 0 0 0 0 0 0 0 0 0 0 0 0 0 0 0 0 0 0
 0 0 0 0 0 0 0 0 0 0 0 0 0 0 0 0 0 0 0 0 0 0 0 0 0 0 0 0 0 0 0 0 0 0 0 0 0 0 0 0 0 0 0 0 0 0
