assets/RAT_results_old/precipitation/2020-12-02_IMERG.asc
ncols        46
nrows        77
xllcorner    74.800261325624
yllcorner    8.058333333333
cellsize     0.062500000000
NODATA_value -9999
 0 0 0 1 1 1 0 0 0 0 0 0 0 0 0 0 0 0 0 0 0 1 1 1 2 2 3 1 1 1 1 1 0 0 0 0 0 0 1 1 1 1 0 0 0 1
 0 0 0 0 0 0 1 1 0 0 0 0 0 0 0 0 0 0 0 0 0 0 0 0 1 1 1 1 1 1 1 1 0 0 0 0 0 1 2 2 1 1 0 1 1 1
 0 0 0 0 0 0 1 1 0 0 0 0 0 0 0 0 0 0 0 0 0 0 0 0 1 1 1 1 1 1 1 1 0 0 0 0 0 1 2 2 1 1 0 1 1 1
 0 0 0 0 0 0 0 0 0 0 0 0 0 0 0 0 0 0 0 0 0 0 0 0 0 0 0 1 1 2 1 1 0 0 0 0 0 1 2 2 1 1 1 1 1 1
 0 0 0 0 0 0 0 0 0 0 0 0 0 0 0 0 0 0 0 0 0 0 0 0 0 0 0 1 1 1 0 0 0 0 0 0 0 0 1 1 1 1 2 1 1 1
 0 0 0 0 0 0 0 0 0 0 0 0 0 0 0 0 0 0 0 0 0 0 0 0 0 0 0 1 1 1 0 0 0 0 0 0 0 0 1 1 1 1 2 1 1 1
 0 0 0 0 0 0 0 0 0 0 0 0 0 0 0 0 0 0 0 0 0 0 0 0 0 0 0 1 1 1 0 0 0 0 0 0 0 1 1 1 1 1 2 2 2 2
 0 0 0 0 0 0 0 0 0 0 0 0 0 0 0 0 0 0 0 0 0 0 0 0 0 0 0 1 1 1 0 0 0 0 0 0 0 1 1 1 1 1 2 2 2 2
 1 1 1 0 0 0 0 0 0 0 0 0 0 0 0 0 0 0 0 0 0 0 0 0 0 0 1 1 1 1 1 1 1 1 1 1 1 1 1 1 2 2 2 3 3 3
 1 1 1 1 1 1 1 1 0 0 0 0 0 0 0 0 0 0 0 0 0 0 0 0 0 0 1 1 1 1 1 1 1 1 1 1 1 1 1 1 2 2 1 2 2 3
 1 1 1 1 1 1 1 1 0 0 0 0 0 0 0 0 0 0 0 0 0 0 0 0 0 0 1 1 1 1 1 1 1 1 1 1 1 1 1 1 2 2 1 2 2 3
 1 1 1 1 1 1 1 1 0 0 0 1 1 0 0 0 0 0 0 0 0 0 0 0 0 0 0 0 0 0 0 0 1 1 1 2 2 2 1 1 1 1 1 2 2 3
 0 0 0 1 1 1 1 1 0 0 0 0 0 0 0 0 0 0 0 0 0 0 0 0 0 0 0 0 0 0 0 0 1 1 1 1 1 2 1 1 1 1 2 2 2 3
 0 0 0 1 1 1 1 1 0 0 0 0 0 0 0 0 0 0 0 0 0 0 0 0 0 0 0 0 0 0 0 0 1 1 1 1 1 2 1 1 1 1 2 2 2 3
 0 0 0 1 1 0 0 0 1 1 0 0 0 0 0 0 0 0 0 0 0 0 0 0 0 0 0 0 0 0 1 1 1 1 1 1 1 1 1 1 2 2 3 3 3 4
 0 0 0 1 1 0 0 0 1 1 0 0 0 0 0 0 0 0 0 0 0 0 0 0 0 0 0 0 0 0 1 1 1 1 1 1 1 1 1 1 2 2 3 3 3 4
 0 0 0 0 0 0 0 0 1 1 1 1 1 0 0 0 0 0 0 0 0 0 0 0 0 0 0 0 0 0 0 0 1 1 1 1 1 1 1 1 2 2 2 3 3 3
 0 0 0 0 0 0 0 0 0 0 1 1 1 0 0 0 0 0 0 0 0 0 0 0 0 0 0 0 0 0 0 0 0 0 1 1 1 1 1 1 2 2 2 3 3 6
 0 0 0 0 0 0 0 0 0 0 1 1 1 0 0 0 0 0 0 0 0 0 0 0 0 0 0 0 0 0 0 0 0 0 1 1 1 1 1 1 2 2 2 3 3 6
 0 0 0 0 0 0 0 0 0 0 0 1 1 0 0 0 0 0 0 0 0 0 0 0 0 0 0 0 0 0 0 0 0 0 1 1 1 0 1 1 2 2 3 4 4 6
 0 0 0 0 0 0 0 0 0 0 0 0 0 0 0 0 0 0 0 0 0 0 0 0 0 0 0 0 0 1 1 1 1 1 1 0 0 1 1 1 2 2 2 5 5 9
 0 0 0 0 0 0 0 0 0 0 0 0 0 0 0 0 0 0 0 0 0 0 0 0 0 0 0 0 0 1 1 1 1 1 1 0 0 1 1 1 2 2 2 5 5 9
 0 0 0 0 0 0 0 0 0 0 0 0 0 0 0 0 0 0 0 0 0 0 0 0 0 0 1 1 1 3 3 3 2 2 1 1 1 2 2 2 5 5 6 7 7 6
 0 0 0 0 0 0 0 0 0 0 0 0 0 0 0 0 0 0 0 0 0 0 0 0 0 0 1 1 1 3 3 3 2 2 1 1 1 2 2 2 5 5 6 7 7 6
 0 0 0 0 0 0 0 0 0 0 0 0 0 0 0 0 0 0 0 0 0 0 0 0 0 0 0 2 2 2 3 3 2 2 1 1 1 2 6 6 7 7 9 9 9 8
 0 0 0 0 0 0 0 0 0 0 0 0 0 0 0 0 1 1 0 0 0 0 0 0 0 0 0 1 1 5 1 1 1 1 0 1 1 2 7 7 8 8 9 9 9 7
 0 0 0 0 0 0 0 0 0 0 0 0 0 0 0 0 1 1 0 0 0 0 0 0 0 0 0 1 1 5 1 1 1 1 0 1 1 2 7 7 8 8 9 9 9 7
 0 0 0 0 0 0 0 0 0 0 0 0 0 0 0 0 1 1 1 0 0 0 0 0 0 0 0 2 2 3 0 0 1 1 1 1 1 2 7 7 12 12 12 12 12 7
 0 0 0 0 0 0 0 0 0 0 0 0 0 0 0 0 0 0 0 1 1 0 0 0 0 0 0 1 1 1 0 0 1 1 2 2 2 2 8 8 9 9 12 12 12 11
 0 0 0 0 0 0 0 0 0 0 0 0 0 0 0 0 0 0 0 1 1 0 0 0 0 0 0 1 1 1 0 0 1 1 2 2 2 2 8 8 9 9 12 12 12 11
 0 0 0 0 0 0 0 0 0 0 0 0 0 0 0 0 0 0 1 2 2 0 0 0 0 0 0 0 0 0 1 1 1 1 1 2 2 3 7 7 9 9 9 12 12 16
 0 0 0 0 0 0 0 0 0 0 0 0 0 0 0 0 0 0 1 2 2 0 0 0 0 0 0 0 0 0 1 1 1 1 1 2 2 3 7 7 9 9 9 12 12 16
 0 0 0 0 0 0 0 0 0 0 0 0 0 0 0 0 0 0 1 3 3 2 0 0 0 0 0 0 0 1 1 1 1 1 1 3 3 6 7 7 8 8 10 13 13 16
 0 0 0 0 0 0 0 0 0 0 0 0 0 0 0 0 0 0 0 5 5 4 2 2 0 0 0 0 0 1 1 1 2 2 2 5 5 9 11 11 10 10 14 15 15 17
 0 0 0 0 0 0 0 0 0 0 0 0 0 0 0 0 0 0 0 5 5 4 2 2 0 0 0 0 0 1 1 1 2 2 2 5 5 9 11 11 10 10 14 15 15 17
 0 0 0 0 0 0 0 0 0 0 0 0 0 0 0 0 0 0 2 7 7 5 4 4 1 1 2 3 3 2 2 2 2 2 4 6 6 6 7 7 11 11 12 16 16 23
 0 0 0 0 0 0 0 0 0 0 0 0 0 0 0 0 1 1 7 7 7 11 6 6 2 2 6 5 5 3 2 2 2 2 5 5 5 6 6 6 11 11 13 18 18 25
 0 0 0 0 0 0 0 0 0 0 0 0 0 0 0 0 1 1 7 7 7 11 6 6 2 2 6 5 5 3 2 2 2 2 5 5 5 6 6 6 11 11 13 18 18 25
 0 0 0 0 0 0 0 0 0 0 0 0 0 0 0 0 1 1 8 7 7 11 11 11 4 4 5 4 4 5 4 4 5 5 10 7 7 7 7 7 9 9 12 22 22 27
 0 0 0 0 0 0 0 0 0 0 0 0 0 0 0 0 1 1 8 7 7 11 11 11 4 4 5 4 4 5 4 4 5 5 10 7 7 7 7 7 9 9 12 22 22 27
 0 0 0 0 0 0 0 0 0 0 0 0 0 0 0 0 0 0 4 6 6 9 5 5 5 5 3 3 3 4 5 5 5 5 12 18 18 13 8 8 9 9 12 21 21 25
 0 0 0 0 0 0 0 0 0 0 0 0 0 0 0 0 0 0 7 8 8 8 5 5 6 6 4 4 4 4 5 5 4 4 12 21 21 16 14 14 15 15 18 18 18 33
 0 0 0 0 0 0 0 0 0 0 0 0 0 0 0 0 0 0 7 8 8 8 5 5 6 6 4 4 4 4 5 5 4 4 12 21 21 16 14 14 15 15 18 18 18 33
 0 0 0 0 0 0 0 0 0 0 0 0 0 0 0 0 0 0 7 8 8 10 4 4 6 6 7 5 5 6 6 6 5 5 5 16 16 18 20 20 17 17 18 18 18 31
 0 0 0 0 0 0 0 0 0 0 0 0 0 0 0 0 0 0 0 9 9 9 11 11 13 13 8 5 5 5 7 7 6 6 9 16 16 19 22 22 22 22 18 17 17 32
 0 0 0 0 0 0 0 0 0 0 0 0 0 0 0 0 0 0 0 9 9 9 11 11 13 13 8 5 5 5 7 7 6 6 9 16 16 19 22 22 22 22 18 17 17 32
 0 0 0 0 0 0 0 0 0 0 0 0 0 0 0 0 0 0 0 9 9 10 12 12 12 12 14 7 7 6 7 7 8 8 11 20 20 21 23 23 23 23 24 24 24 35
 0 0 0 0 0 0 0 0 0 0 0 0 0 0 0 0 0 0 0 9 9 10 12 12 12 12 14 7 7 6 7 7 8 8 11 20 20 21 23 23 23 23 24 24 24 35
 0 0 0 0 0 0 0 0 0 0 0 0 0 0 0 0 0 0 2 1 1 12 12 12 19 19 15 11 11 6 7 7 10 10 14 22 22 21 21 21 26 26 26 29 29 30
 0 0 0 0 0 0 0 0 0 0 0 0 0 0 0 0 0 0 0 2 2 16 17 17 20 20 14 12 12 13 14 14 15 15 15 26 26 20 26 26 27 27 27 30 30 35
 0 0 0 0 0 0 0 0 0 0 0 0 0 0 0 0 0 0 0 2 2 16 17 17 20 20 14 12 12 13 14 14 15 15 15 26 26 20 26 26 27 27 27 30 30 35
 0 0 0 0 0 0 0 0 0 0 0 0 0 0 0 0 0 0 0 3 3 22 26 26 29 29 17 16 16 13 11 11 15 15 21 21 21 22 26 26 27 27 34 39 39 39
 0 0 0 0 0 0 0 0 0 0 0 0 0 0 0 0 0 0 0 3 3 11 45 45 35 35 22 19 19 15 25 25 19 19 21 21 21 25 24 24 32 32 42 42 42 41
 0 0 0 0 0 0 0 0 0 0 0 0 0 0 0 0 0 0 0 3 3 11 45 45 35 35 22 19 19 15 25 25 19 19 21 21 21 25 24 24 32 32 42 42 42 41
 0 0 0 0 0 0 0 0 0 0 0 0 0 0 0 0 0 0 0 12 12 8 41 41 37 37 20 22 22 20 29 29 23 23 22 26 26 30 24 24 30 30 32 37 37 46
 0 0 0 0 0 0 0 0 0 0 0 0 0 0 0 0 0 0 0 12 12 8 41 41 37 37 20 22 22 20 29 29 23 23 22 26 26 30 24 24 30 30 32 37 37 46
 0 0 0 0 0 0 0 0 0 0 0 0 0 0 0 0 0 0 0 9 9 19 32 32 46 46 48 28 28 23 24 24 27 27 28 30 30 28 26 26 35 35 34 36 36 45
 0 0 0 0 0 0 0 0 0 0 0 0 0 0 0 0 0 0 0 7 7 20 76 76 48 48 50 36 36 26 25 25 31 31 31 29 29 29 32 32 32 32 29 36 36 48
 0 0 0 0 0 0 0 0 0 0 0 0 0 0 0 0 0 0 0 7 7 20 76 76 48 48 50 36 36 26 25 25 31 31 31 29 29 29 32 32 32 32 29 36 36 48
 0 0 0 0 0 0 0 0 0 0 1 0 0 0 0 0 1 1 0 8 8 71 75 75 51 51 45 44 44 29 24 24 26 26 30 29 29 33 37 37 37 37 35 35 35 36
 0 0 0 0 0 0 1 1 1 1 1 1 1 1 1 1 0 0 0 2 2 22 21 21 21 21 46 50 50 33 29 29 28 28 31 34 34 35 41 41 37 37 41 41 41 39
 0 0 0 0 0 0 1 1 1 1 1 1 1 1 1 1 0 0 0 2 2 22 21 21 21 21 46 50 50 33 29 29 28 28 31 34 34 35 41 41 37 37 41 41 41 39
 0 0 0 0 0 0 1 1 1 1 1 1 1 2 1 1 1 1 1 2 2 16 17 17 20 20 46 39 39 35 32 32 29 29 29 32 32 42 52 52 50 50 50 46 46 40
 0 0 0 0 0 0 1 1 1 1 1 1 1 2 1 1 1 1 1 2 2 16 17 17 20 20 46 39 39 35 32 32 29 29 29 32 32 42 52 52 50 50 50 46 46 40
 0 0 0 0 0 0 1 1 1 1 1 2 2 2 1 1 0 0 0 1 1 3 17 17 18 18 33 31 31 34 28 28 32 32 28 39 39 37 34 34 46 46 48 47 47 54
 0 0 0 0 0 0 1 1 2 2 1 2 2 2 1 1 1 1 0 0 0 1 12 12 22 22 26 29 29 35 25 25 29 29 32 36 36 33 39 39 43 43 51 53 53 58
 0 0 0 0 0 0 1 1 2 2 1 2 2 2 1 1 1 1 0 0 0 1 12 12 22 22 26 29 29 35 25 25 29 29 32 36 36 33 39 39 43 43 51 53 53 58
 0 0 0 0 0 0 0 0 1 1 1 2 2 1 1 1 1 1 0 0 0 0 2 2 12 12 13 24 24 27 46 46 32 32 34 32 32 32 36 36 44 44 37 41 41 54
 0 0 0 0 0 0 0 0 1 1 2 1 1 2 1 1 0 0 0 0 0 1 2 2 11 11 11 15 15 19 46 46 33 33 30 26 26 22 28 28 47 47 44 42 42 44
 0 0 0 0 0 0 0 0 1 1 2 1 1 2 1 1 0 0 0 0 0 1 2 2 11 11 11 15 15 19 46 46 33 33 30 26 26 22 28 28 47 47 44 42 42 44
 0 0 0 0 0 0 0 0 0 0 1 1 1 1 1 1 1 1 0 0 0 1 1 1 10 10 11 16 16 32 35 35 31 31 26 25 25 30 29 29 34 34 42 37 37 36
 0 0 0 0 0 0 0 0 0 0 1 1 1 1 1 1 1 1 0 0 0 1 1 1 10 10 11 16 16 32 35 35 31 31 26 25 25 30 29 29 34 34 42 37 37 36
 0 0 0 0 0 0 0 0 0 0 1 1 1 1 1 1 0 0 0 0 0 1 2 2 9 9 9 11 11 10 15 15 18 18 17 22 22 21 26 26 25 25 28 37 37 24
 0 0 0 0 0 0 0 0 0 0 0 1 1 0 0 0 1 1 1 1 1 1 2 2 8 8 7 9 9 8 9 9 19 19 19 16 16 17 24 24 19 19 30 19 19 19
 0 0 0 0 0 0 0 0 0 0 0 1 1 0 0 0 1 1 1 1 1 1 2 2 8 8 7 9 9 8 9 9 19 19 19 16 16 17 24 24 19 19 30 19 19 19
 0 0 0 0 0 0 0 0 0 0 0 1 1 1 0 0 1 1 2 3 3 1 2 2 2 2 10 8 8 8 8 8 6 6 9 12 12 15 15 15 17 17 17 19 19 26
 0 0 0 0 0 0 0 0 0 0 0 0 0 0 0 0 1 1 3 6 6 2 1 1 1 1 10 11 11 12 11 11 12 12 6 10 10 10 10 10 12 12 20 20 20 12
