assets/RAT_results_old/precipitation/2020-06-15_IMERG.asc
ncols        46
nrows        77
xllcorner    74.800261325624
yllcorner    8.058333333333
cellsize     0.062500000000
NODATA_value -9999
 4 4 6 3 3 2 3 3 1 1 0 0 0 1 0 0 0 0 0 0 0 0 0 0 0 0 0 0 0 0 0 0 0 0 0 0 0 0 0 0 0 0 0 0 0 0
 2 2 4 2 2 2 3 3 0 0 0 0 0 0 0 0 0 0 0 0 0 0 0 0 0 0 0 0 0 0 0 0 0 0 0 0 0 0 0 0 0 0 0 0 0 0
 2 2 4 2 2 2 3 3 0 0 0 0 0 0 0 0 0 0 0 0 0 0 0 0 0 0 0 0 0 0 0 0 0 0 0 0 0 0 0 0 0 0 0 0 0 0
 9 9 10 5 5 2 3 3 1 1 0 0 0 0 0 0 0 0 0 0 0 0 0 0 0 0 0 0 0 0 0 0 0 0 0 0 0 0 0 0 0 0 0 0 0 0
 4 4 4 5 5 4 4 4 2 2 1 1 1 0 0 0 0 0 0 0 0 0 0 0 0 0 0 0 0 0 0 0 0 0 0 0 0 0 0 0 0 0 0 0 0 0
 4 4 4 5 5 4 4 4 2 2 1 1 1 0 0 0 0 0 0 0 0 0 0 0 0 0 0 0 0 0 0 0 0 0 0 0 0 0 0 0 0 0 0 0 0 0
 5 5 7 6 6 6 3 3 1 1 3 1 1 1 0 0 1 1 0 0 0 0 0 0 0 0 0 0 0 0 0 0 0 0 0 0 0 0 0 0 0 0 0 0 0 0
 5 5 7 6 6 6 3 3 1 1 3 1 1 1 0 0 1 1 0 0 0 0 0 0 0 0 0 0 0 0 0 0 0 0 0 0 0 0 0 0 0 0 0 0 0 0
 6 6 6 8 8 7 3 3 4 4 6 6 6 5 2 2 1 1 0 0 0 0 0 0 0 0 0 0 0 0 0 0 0 0 0 0 0 0 0 0 0 0 0 0 0 0
 11 11 9 12 12 12 7 7 7 7 7 6 6 6 4 4 4 4 2 0 0 0 0 0 0 0 0 0 0 0 0 0 0 0 0 0 0 0 0 0 0 0 0 0 0 0
 11 11 9 12 12 12 7 7 7 7 7 6 6 6 4 4 4 4 2 0 0 0 0 0 0 0 0 0 0 0 0 0 0 0 0 0 0 0 0 0 0 0 0 0 0 0
 19 19 13 11 11 11 11 11 14 14 10 7 7 5 3 3 5 5 1 0 0 0 0 0 0 0 0 0 0 0 0 0 0 0 0 0 0 0 0 0 0 0 0 0 0 0
 15 15 20 17 17 23 19 19 22 22 14 8 8 16 21 21 8 8 2 0 0 0 0 0 0 0 0 0 0 0 0 0 0 0 0 0 0 0 0 0 0 0 0 0 0 0
 15 15 20 17 17 23 19 19 22 22 14 8 8 16 21 21 8 8 2 0 0 0 0 0 0 0 0 0 0 0 0 0 0 0 0 0 0 0 0 0 0 0 0 0 0 0
 22 22 19 27 27 25 26 26 20 20 19 16 16 19 22 22 13 13 17 1 1 1 0 0 0 0 0 0 0 0 0 0 0 0 0 0 0 0 0 0 0 0 0 0 0 0
 22 22 19 27 27 25 26 26 20 20 19 16 16 19 22 22 13 13 17 1 1 1 0 0 0 0 0 0 0 0 0 0 0 0 0 0 0 0 0 0 0 0 0 0 0 0
 34 34 35 30 30 25 23 23 23 23 24 26 26 22 23 23 16 16 12 2 2 1 0 0 0 0 0 0 0 0 0 0 0 0 0 0 0 0 0 0 0 0 0 0 0 0
 33 33 35 25 25 16 18 18 13 13 23 29 29 24 16 16 15 15 2 2 2 2 0 0 0 0 0 0 0 0 0 0 0 0 0 0 0 0 0 0 0 0 0 0 0 0
 33 33 35 25 25 16 18 18 13 13 23 29 29 24 16 16 15 15 2 2 2 2 0 0 0 0 0 0 0 0 0 0 0 0 0 0 0 0 0 0 0 0 0 0 0 0
 36 36 11 11 11 12 11 11 14 14 16 18 18 25 20 20 18 18 3 2 2 1 1 1 0 0 0 0 0 0 0 0 0 0 0 0 0 0 0 0 0 0 0 0 0 0
 14 14 12 13 13 13 14 14 15 15 16 21 21 16 16 16 15 15 3 2 2 2 1 1 1 1 0 0 0 0 0 0 0 0 0 0 0 0 0 0 0 0 0 0 0 0
 14 14 12 13 13 13 14 14 15 15 16 21 21 16 16 16 15 15 3 2 2 2 1 1 1 1 0 0 0 0 0 0 0 0 0 0 0 0 0 0 0 0 0 0 0 0
 14 14 12 14 14 19 17 17 17 17 15 12 12 21 20 20 14 14 12 10 10 6 2 2 1 1 0 0 0 0 0 0 0 0 0 0 0 0 0 0 0 0 0 0 0 0
 14 14 12 14 14 19 17 17 17 17 15 12 12 21 20 20 14 14 12 10 10 6 2 2 1 1 0 0 0 0 0 0 0 0 0 0 0 0 0 0 0 0 0 0 0 0
 17 17 22 14 14 17 16 16 16 16 16 14 14 23 22 22 16 16 15 10 10 3 2 2 1 1 0 0 0 1 0 0 0 0 0 0 0 0 0 0 0 0 0 0 0 0
 19 19 21 43 43 44 12 12 14 14 14 15 15 17 20 20 17 17 14 14 14 8 7 7 8 8 2 2 2 0 0 0 0 0 0 0 0 0 0 0 0 0 0 0 0 0
 19 19 21 43 43 44 12 12 14 14 14 15 15 17 20 20 17 17 14 14 14 8 7 7 8 8 2 2 2 0 0 0 0 0 0 0 0 0 0 0 0 0 0 0 0 0
 20 20 54 44 44 44 13 13 14 14 20 28 28 27 15 15 18 18 15 13 13 9 7 7 8 8 4 2 2 1 0 0 0 0 0 0 0 0 0 0 0 0 0 0 0 0
 14 14 13 14 14 14 14 14 17 17 16 27 27 31 15 15 17 17 13 9 9 12 11 11 11 11 7 8 8 1 1 1 0 0 0 0 0 0 0 0 0 0 0 0 0 0
 14 14 13 14 14 14 14 14 17 17 16 27 27 31 15 15 17 17 13 9 9 12 11 11 11 11 7 8 8 1 1 1 0 0 0 0 0 0 0 0 0 0 0 0 0 0
 13 13 15 17 17 16 18 18 14 14 14 15 15 14 16 16 16 16 14 10 10 9 9 9 11 11 5 6 6 1 1 1 0 0 0 0 0 0 0 0 0 0 0 0 0 0
 13 13 15 17 17 16 18 18 14 14 14 15 15 14 16 16 16 16 14 10 10 9 9 9 11 11 5 6 6 1 1 1 0 0 0 0 0 0 0 0 0 0 0 0 0 0
 13 13 15 14 14 17 18 18 15 15 15 14 14 13 11 11 16 16 14 13 13 11 9 9 7 7 7 6 6 1 1 1 0 0 1 0 0 0 0 0 0 0 0 0 0 0
 11 11 14 12 12 16 17 17 21 21 17 15 15 13 13 13 9 9 12 10 10 8 7 7 4 4 3 1 1 1 2 2 1 1 0 0 0 0 0 0 0 0 0 0 0 0
 11 11 14 12 12 16 17 17 21 21 17 15 15 13 13 13 9 9 12 10 10 8 7 7 4 4 3 1 1 1 2 2 1 1 0 0 0 0 0 0 0 0 0 0 0 0
 9 9 11 12 12 16 16 16 23 23 18 18 18 18 18 18 8 8 10 10 10 7 6 6 4 4 3 1 1 1 0 0 0 0 0 0 0 0 0 0 0 0 0 0 0 0
 8 8 10 16 16 14 13 13 18 18 16 13 13 14 17 17 9 9 8 8 8 7 6 6 2 2 1 1 1 1 0 0 0 0 0 0 0 0 0 0 0 0 0 0 0 0
 8 8 10 16 16 14 13 13 18 18 16 13 13 14 17 17 9 9 8 8 8 7 6 6 2 2 1 1 1 1 0 0 0 0 0 0 0 0 0 0 0 0 0 0 0 0
 13 13 11 15 15 16 14 14 15 15 14 12 12 13 14 14 12 12 10 10 10 9 4 4 4 4 1 1 1 1 0 0 0 0 0 0 0 0 0 0 0 0 0 0 0 0
 13 13 11 15 15 16 14 14 15 15 14 12 12 13 14 14 12 12 10 10 10 9 4 4 4 4 1 1 1 1 0 0 0 0 0 0 0 0 0 0 0 0 0 0 0 0
 13 13 14 16 16 16 18 18 17 17 15 17 17 12 12 12 9 9 6 5 5 7 10 10 6 6 4 3 3 1 0 0 0 0 0 0 0 1 0 0 0 0 0 0 0 0
 13 13 13 14 14 13 16 16 16 16 11 11 11 11 9 9 8 8 6 3 3 8 8 8 8 8 5 4 4 1 1 1 1 1 0 1 1 0 0 0 0 0 0 0 0 0
 13 13 13 14 14 13 16 16 16 16 11 11 11 11 9 9 8 8 6 3 3 8 8 8 8 8 5 4 4 1 1 1 1 1 0 1 1 0 0 0 0 0 0 0 0 0
 11 11 11 17 17 19 14 14 14 14 9 10 10 8 3 3 3 3 3 4 4 6 6 6 5 5 5 5 5 1 0 0 0 0 0 0 0 1 0 0 0 0 0 0 0 0
 10 10 11 17 17 19 12 12 12 12 6 7 7 6 2 2 2 2 2 3 3 2 5 5 6 6 5 5 5 0 0 0 0 0 0 0 0 0 0 0 0 0 0 0 0 0
 10 10 11 17 17 19 12 12 12 12 6 7 7 6 2 2 2 2 2 3 3 2 5 5 6 6 5 5 5 0 0 0 0 0 0 0 0 0 0 0 0 0 0 0 0 0
 9 9 18 16 16 15 14 14 15 15 8 7 7 4 4 4 7 7 3 3 3 2 2 2 3 3 5 0 0 0 0 0 0 0 0 0 0 0 0 0 0 0 0 0 0 0
 9 9 18 16 16 15 14 14 15 15 8 7 7 4 4 4 7 7 3 3 3 2 2 2 3 3 5 0 0 0 0 0 0 0 0 0 0 0 0 0 0 0 0 0 0 0
 8 8 18 13 13 14 16 16 8 8 11 3 3 3 5 5 6 6 18 1 1 16 17 17 3 3 4 1 1 0 0 0 0 0 0 0 0 0 0 0 0 0 0 0 0 0
 4 4 13 14 14 17 16 16 9 9 8 3 3 4 12 12 17 17 18 38 38 17 17 17 3 3 4 0 0 1 1 1 1 1 1 0 0 0 0 0 0 0 0 0 0 0
 4 4 13 14 14 17 16 16 9 9 8 3 3 4 12 12 17 17 18 38 38 17 17 17 3 3 4 0 0 1 1 1 1 1 1 0 0 0 0 0 0 0 0 0 0 0
 4 4 9 11 11 15 12 12 12 12 10 4 4 4 12 12 0 0 1 6 6 6 1 1 2 2 2 2 2 1 1 1 1 1 0 0 0 0 0 0 0 0 0 0 0 0
 6 6 6 7 7 8 8 8 12 12 12 6 6 6 2 2 2 2 1 5 5 7 2 2 3 3 3 1 1 0 7 7 7 7 9 8 8 1 0 0 0 0 0 0 0 0
 6 6 6 7 7 8 8 8 12 12 12 6 6 6 2 2 2 2 1 5 5 7 2 2 3 3 3 1 1 0 7 7 7 7 9 8 8 1 0 0 0 0 0 0 0 0
 3 3 3 5 5 5 8 8 6 6 8 8 8 4 4 4 2 2 1 1 1 0 0 0 2 2 1 1 1 0 4 4 7 7 8 8 8 2 0 0 0 0 0 0 0 0
 3 3 3 5 5 5 8 8 6 6 8 8 8 4 4 4 2 2 1 1 1 0 0 0 2 2 1 1 1 0 4 4 7 7 8 8 8 2 0 0 0 0 0 0 0 0
 1 1 1 5 5 2 6 6 4 4 10 11 11 9 6 6 2 2 1 1 1 1 2 2 1 1 2 1 1 0 4 4 10 10 9 5 5 4 0 0 0 0 0 0 0 0
 1 1 0 2 2 1 4 4 4 4 5 8 8 10 10 10 4 4 6 0 0 1 1 1 3 3 2 1 1 0 0 0 3 3 3 2 2 4 0 0 0 0 0 0 0 0
 1 1 0 2 2 1 4 4 4 4 5 8 8 10 10 10 4 4 6 0 0 1 1 1 3 3 2 1 1 0 0 0 3 3 3 2 2 4 0 0 0 0 0 0 0 0
 0 0 0 1 1 1 3 3 2 2 4 6 6 10 8 8 7 7 0 1 1 0 0 0 1 1 2 3 3 2 0 0 3 3 3 2 2 2 0 0 0 0 1 0 0 0
 1 1 1 1 1 1 1 1 2 2 2 6 6 6 8 8 6 6 4 2 2 1 0 0 1 1 2 2 2 2 2 2 4 4 3 4 4 2 0 0 0 0 0 0 0 0
 1 1 1 1 1 1 1 1 2 2 2 6 6 6 8 8 6 6 4 2 2 1 0 0 1 1 2 2 2 2 2 2 4 4 3 4 4 2 0 0 0 0 0 0 0 0
 1 1 1 1 1 2 2 2 2 2 1 6 6 4 6 6 5 5 6 3 3 2 0 0 0 0 4 8 8 8 2 2 6 6 3 4 4 0 0 0 0 0 0 0 0 0
 1 1 1 1 1 2 2 2 2 2 1 6 6 4 6 6 5 5 6 3 3 2 0 0 0 0 4 8 8 8 2 2 6 6 3 4 4 0 0 0 0 0 0 0 0 0
 1 1 1 1 1 1 1 1 1 1 1 3 3 2 5 5 5 5 7 16 16 12 1 1 5 5 4 5 5 8 7 7 6 6 7 7 7 0 0 0 0 0 0 0 0 0
 0 0 0 1 1 1 1 1 1 1 1 2 2 2 3 3 3 3 7 15 15 12 2 2 7 7 7 4 4 9 8 8 9 9 7 7 7 1 0 0 0 0 0 0 0 0
 0 0 0 1 1 1 1 1 1 1 1 2 2 2 3 3 3 3 7 15 15 12 2 2 7 7 7 4 4 9 8 8 9 9 7 7 7 1 0 0 0 0 0 0 0 0
 0 0 0 0 0 0 2 2 1 1 1 0 0 2 2 2 2 2 2 1 1 1 1 1 2 2 2 0 0 0 1 1 8 8 7 7 7 1 1 1 0 0 0 0 0 0
 0 0 0 1 1 1 2 2 0 0 0 0 0 0 0 0 1 1 1 1 1 1 1 1 0 0 0 0 0 1 1 1 1 1 1 7 7 0 1 1 0 0 0 0 0 0
 0 0 0 1 1 1 2 2 0 0 0 0 0 0 0 0 1 1 1 1 1 1 1 1 0 0 0 0 0 1 1 1 1 1 1 7 7 0 1 1 0 0 0 0 0 0
 0 0 0 0 0 1 1 1 1 1 0 0 0 0 0 0 1 1 0 2 2 2 0 0 0 0 0 0 0 1 0 0 1 1 0 0 0 0 0 0 0 0 0 0 0 0
 0 0 0 0 0 1 1 1 1 1 0 0 0 0 0 0 1 1 0 2 2 2 0 0 0 0 0 0 0 1 0 0 1 1 0 0 0 0 0 0 0 0 0 0 0 0
 0 0 0 0 0 2 1 1 0 0 0 0 0 0 0 0 0 0 0 0 0 0 0 0 0 0 0 0 0 0 0 0 0 0 0 0 0 1 0 0 0 0 0 0 0 0
 0 0 0 0 0 0 1 1 1 1 0 0 0 0 0 0 0 0 0 0 0 0 0 0 0 0 0 0 0 0 0 0 0 0 0 0 0 0 0 0 0 0 0 0 0 0
 0 0 0 0 0 0 1 1 1 1 0 0 0 0 0 0 0 0 0 0 0 0 0 0 0 0 0 0 0 0 0 0 0 0 0 0 0 0 0 0 0 0 0 0 0 0
 0 0 0 0 0 0 0 0 0 0 0 0 0 0 0 0 0 0 0 1 1 1 0 0 0 0 0 0 0 0 0 0 0 0 0 0 0 0 0 0 0 0 1 0 0 0
 0 0 0 0 0 0 0 0 0 0 0 0 0 0 0 0 1 1 0 1 1 1 0 0 0 0 0 0 0 0 0 0 0 0 0 0 0 0 0 0 0 0 0 0 0 0
