assets/RAT_results_old/precipitation/2020-08-01_IMERG.asc
ncols        46
nrows        77
xllcorner    74.800261325624
yllcorner    8.058333333333
cellsize     0.062500000000
NODATA_value -9999
 41 41 42 24 24 13 5 5 13 13 3 1 1 1 1 1 1 1 0 0 0 0 0 0 0 0 0 1 1 2 2 2 2 2 3 3 3 3 3 3 4 4 4 5 5 6
 43 43 44 23 23 15 6 6 5 5 1 1 1 1 2 2 2 2 1 1 1 0 0 0 0 0 0 1 1 1 1 1 2 2 2 2 2 3 3 3 3 3 3 3 3 3
 43 43 44 23 23 15 6 6 5 5 1 1 1 1 2 2 2 2 1 1 1 0 0 0 0 0 0 1 1 1 1 1 2 2 2 2 2 3 3 3 3 3 3 3 3 3
 43 43 37 23 23 17 4 4 1 1 2 2 2 3 4 4 3 3 1 1 1 0 0 0 0 0 1 1 1 1 1 1 1 1 2 2 2 3 3 3 2 2 2 2 2 2
 38 38 38 33 33 17 5 5 3 3 4 2 2 2 2 2 1 1 1 0 0 0 0 0 0 0 1 1 1 1 1 1 2 2 2 2 2 2 2 2 2 2 3 2 2 2
 38 38 38 33 33 17 5 5 3 3 4 2 2 2 2 2 1 1 1 0 0 0 0 0 0 0 1 1 1 1 1 1 2 2 2 2 2 2 2 2 2 2 3 2 2 2
 35 35 32 33 33 17 10 10 5 5 2 3 3 2 1 1 1 1 0 0 0 0 0 0 0 0 1 1 1 1 2 2 2 2 2 2 2 2 2 2 2 2 2 2 2 2
 35 35 32 33 33 17 10 10 5 5 2 3 3 2 1 1 1 1 0 0 0 0 0 0 0 0 1 1 1 1 2 2 2 2 2 2 2 2 2 2 2 2 2 2 2 2
 31 31 29 36 36 28 17 17 16 16 7 3 3 2 2 2 1 1 0 1 1 0 1 1 1 1 1 1 1 1 1 1 2 2 1 2 2 1 1 1 1 1 1 1 1 1
 30 30 41 44 44 26 19 19 18 18 13 11 11 5 4 4 4 4 3 5 5 3 1 1 1 1 1 1 1 1 1 1 1 1 1 1 1 1 1 1 1 1 1 1 1 1
 30 30 41 44 44 26 19 19 18 18 13 11 11 5 4 4 4 4 3 5 5 3 1 1 1 1 1 1 1 1 1 1 1 1 1 1 1 1 1 1 1 1 1 1 1 1
 49 49 46 45 45 52 35 35 29 29 17 11 11 16 5 5 4 4 3 3 3 2 2 2 2 2 2 1 1 1 1 1 1 1 1 1 1 1 1 1 1 1 1 1 1 0
 47 47 44 43 43 56 17 17 27 27 17 17 17 20 17 17 15 15 6 1 1 2 2 2 2 2 2 1 1 2 1 1 1 1 1 1 1 1 1 1 2 2 2 1 1 0
 47 47 44 43 43 56 17 17 27 27 17 17 17 20 17 17 15 15 6 1 1 2 2 2 2 2 2 1 1 2 1 1 1 1 1 1 1 1 1 1 2 2 2 1 1 0
 38 38 48 45 45 44 23 23 16 16 11 10 10 14 12 12 7 7 4 1 1 1 1 1 1 1 1 1 1 1 1 1 0 0 0 0 0 0 0 0 1 1 1 0 0 1
 38 38 48 45 45 44 23 23 16 16 11 10 10 14 12 12 7 7 4 1 1 1 1 1 1 1 1 1 1 1 1 1 0 0 0 0 0 0 0 0 1 1 1 0 0 1
 62 62 57 13 13 13 15 15 14 14 8 14 14 15 10 10 5 5 6 4 4 3 2 2 1 1 1 1 1 1 1 1 0 0 0 0 0 0 1 1 1 1 1 0 0 1
 76 76 62 13 13 16 17 17 12 12 10 16 16 14 8 8 7 7 4 6 6 4 2 2 2 2 1 1 1 1 1 1 0 0 0 1 1 0 0 0 1 1 1 1 1 1
 76 76 62 13 13 16 17 17 12 12 10 16 16 14 8 8 7 7 4 6 6 4 2 2 2 2 1 1 1 1 1 1 0 0 0 1 1 0 0 0 1 1 1 1 1 1
 83 83 70 49 49 13 14 14 13 13 16 17 17 10 9 9 6 6 5 6 6 4 2 2 1 1 1 2 2 2 1 1 1 1 0 1 1 1 1 1 1 1 1 1 1 1
 99 99 73 65 65 28 12 12 15 15 14 19 19 13 11 11 6 6 5 4 4 4 1 1 1 1 1 1 1 2 1 1 1 1 1 1 1 1 1 1 1 1 1 1 1 1
 99 99 73 65 65 28 12 12 15 15 14 19 19 13 11 11 6 6 5 4 4 4 1 1 1 1 1 1 1 2 1 1 1 1 1 1 1 1 1 1 1 1 1 1 1 1
 63 63 67 62 62 24 9 9 9 9 16 14 14 14 15 15 10 10 5 3 3 2 1 1 1 1 1 1 1 3 2 2 2 2 1 1 1 1 1 1 1 1 1 1 1 1
 63 63 67 62 62 24 9 9 9 9 16 14 14 14 15 15 10 10 5 3 3 2 1 1 1 1 1 1 1 3 2 2 2 2 1 1 1 1 1 1 1 1 1 1 1 1
 57 57 49 33 33 25 9 9 24 24 37 39 39 27 18 18 10 10 6 7 7 6 5 5 3 3 3 6 6 8 5 5 3 3 2 2 2 2 2 2 1 1 1 1 1 1
 53 53 20 12 12 23 6 6 25 25 23 29 29 32 20 20 15 15 6 8 8 7 15 15 12 12 8 6 6 8 5 5 4 4 4 3 3 1 2 2 1 1 1 1 1 0
 53 53 20 12 12 23 6 6 25 25 23 29 29 32 20 20 15 15 6 8 8 7 15 15 12 12 8 6 6 8 5 5 4 4 4 3 3 1 2 2 1 1 1 1 1 0
 22 22 21 13 13 9 7 7 14 14 10 18 18 26 19 19 13 13 9 12 12 12 15 15 13 13 13 8 8 7 7 7 4 4 4 3 3 2 4 4 4 4 4 1 1 1
 14 14 16 16 16 17 17 17 12 12 8 8 8 12 18 18 23 23 14 15 15 13 12 12 8 8 5 2 2 3 4 4 6 6 5 7 7 5 5 5 6 6 5 1 1 3
 14 14 16 16 16 17 17 17 12 12 8 8 8 12 18 18 23 23 14 15 15 13 12 12 8 8 5 2 2 3 4 4 6 6 5 7 7 5 5 5 6 6 5 1 1 3
 16 16 20 19 19 23 17 17 14 14 8 9 9 11 12 12 30 30 40 26 26 18 9 9 5 5 1 1 1 2 2 2 4 4 2 2 2 5 5 5 4 4 4 1 1 1
 16 16 20 19 19 23 17 17 14 14 8 9 9 11 12 12 30 30 40 26 26 18 9 9 5 5 1 1 1 2 2 2 4 4 2 2 2 5 5 5 4 4 4 1 1 1
 15 15 20 21 21 28 24 24 21 21 18 21 21 22 15 15 38 38 44 30 30 24 14 14 12 12 3 1 1 1 1 1 6 6 2 1 1 1 3 3 1 1 1 1 1 2
 25 25 28 28 28 41 40 40 35 35 27 24 24 25 34 34 36 36 47 42 42 26 16 16 10 10 12 7 7 9 6 6 5 5 4 2 2 1 1 1 1 1 1 1 1 0
 25 25 28 28 28 41 40 40 35 35 27 24 24 25 34 34 36 36 47 42 42 26 16 16 10 10 12 7 7 9 6 6 5 5 4 2 2 1 1 1 1 1 1 1 1 0
 25 25 18 88 88 89 55 55 44 44 31 30 30 31 34 34 38 38 54 49 49 30 22 22 15 15 18 21 21 11 6 6 4 4 4 3 3 2 1 1 1 1 1 0 0 0
 20 20 22 39 39 40 49 49 23 23 23 21 21 24 33 33 46 46 48 50 50 37 27 27 27 27 20 17 17 9 6 6 4 4 4 3 3 2 2 2 1 1 1 1 1 1
 20 20 22 39 39 40 49 49 23 23 23 21 21 24 33 33 46 46 48 50 50 37 27 27 27 27 20 17 17 9 6 6 4 4 4 3 3 2 2 2 1 1 1 1 1 1
 16 16 18 38 38 34 29 29 17 17 19 20 20 21 18 18 29 29 33 40 40 31 31 31 28 28 24 15 15 6 5 5 3 3 3 3 3 5 5 5 6 6 1 1 1 1
 16 16 18 38 38 34 29 29 17 17 19 20 20 21 18 18 29 29 33 40 40 31 31 31 28 28 24 15 15 6 5 5 3 3 3 3 3 5 5 5 6 6 1 1 1 1
 14 14 25 36 36 38 36 36 25 25 20 19 19 24 20 20 18 18 33 38 38 29 26 26 18 18 17 13 13 6 6 6 3 3 5 4 4 5 5 5 5 5 4 1 1 1
 11 11 26 25 25 28 27 27 24 24 19 21 21 20 18 18 14 14 18 26 26 26 23 23 16 16 5 10 10 3 6 6 4 4 5 8 8 6 6 6 4 4 4 1 1 2
 11 11 26 25 25 28 27 27 24 24 19 21 21 20 18 18 14 14 18 26 26 26 23 23 16 16 5 10 10 3 6 6 4 4 5 8 8 6 6 6 4 4 4 1 1 2
 9 9 18 18 18 29 28 28 19 19 16 19 19 16 15 15 14 14 16 18 18 21 22 22 15 15 9 3 3 4 4 4 5 5 5 6 6 7 8 8 5 5 5 1 1 1
 14 14 12 13 13 14 14 14 16 16 17 17 17 18 11 11 11 11 13 15 15 26 26 26 25 25 8 4 4 7 8 8 6 6 8 7 7 7 4 4 1 1 1 1 1 1
 14 14 12 13 13 14 14 14 16 16 17 17 17 18 11 11 11 11 13 15 15 26 26 26 25 25 8 4 4 7 8 8 6 6 8 7 7 7 4 4 1 1 1 1 1 1
 12 12 10 11 11 9 10 10 12 12 12 19 19 18 15 15 16 16 11 18 18 26 37 37 29 29 23 11 11 11 12 12 10 10 7 4 4 2 1 1 0 0 3 1 1 1
 12 12 10 11 11 9 10 10 12 12 12 19 19 18 15 15 16 16 11 18 18 26 37 37 29 29 23 11 11 11 12 12 10 10 7 4 4 2 1 1 0 0 3 1 1 1
 11 11 7 9 9 9 13 13 13 13 13 18 18 19 14 14 20 20 13 17 17 19 19 19 21 21 17 19 19 19 16 16 8 8 5 5 5 2 1 1 1 1 1 1 1 1
 12 12 11 17 17 17 15 15 19 19 18 17 17 20 10 10 12 12 12 14 14 18 18 18 16 16 19 24 24 18 17 17 10 10 5 5 5 2 1 1 1 1 1 1 1 1
 12 12 11 17 17 17 15 15 19 19 18 17 17 20 10 10 12 12 12 14 14 18 18 18 16 16 19 24 24 18 17 17 10 10 5 5 5 2 1 1 1 1 1 1 1 1
 19 19 18 21 21 22 24 24 27 27 19 17 17 17 17 17 9 9 11 11 11 14 15 15 19 19 20 19 19 23 21 21 9 9 6 5 5 3 4 4 3 3 4 2 2 1
 22 22 24 26 26 33 33 33 33 33 19 16 16 14 14 14 7 7 9 9 9 13 11 11 11 11 8 13 13 15 16 16 11 11 6 4 4 4 5 5 2 2 3 2 2 1
 22 22 24 26 26 33 33 33 33 33 19 16 16 14 14 14 7 7 9 9 9 13 11 11 11 11 8 13 13 15 16 16 11 11 6 4 4 4 5 5 2 2 3 2 2 1
 18 18 22 23 23 25 25 25 22 22 18 14 14 11 12 12 7 7 8 7 7 8 9 9 7 7 9 8 8 13 15 15 15 15 6 3 3 3 1 1 1 1 1 4 4 1
 18 18 22 23 23 25 25 25 22 22 18 14 14 11 12 12 7 7 8 7 7 8 9 9 7 7 9 8 8 13 15 15 15 15 6 3 3 3 1 1 1 1 1 4 4 1
 12 12 16 15 15 21 19 19 17 17 17 12 12 10 11 11 9 9 8 7 7 7 8 8 7 7 7 5 5 6 8 8 10 10 9 5 5 4 2 2 2 2 3 3 3 1
 9 9 11 10 10 14 17 17 13 13 13 11 11 8 10 10 7 7 6 5 5 6 4 4 4 4 6 5 5 6 6 6 6 6 4 3 3 4 3 3 4 4 4 3 3 1
 9 9 11 10 10 14 17 17 13 13 13 11 11 8 10 10 7 7 6 5 5 6 4 4 4 4 6 5 5 6 6 6 6 6 4 3 3 4 3 3 4 4 4 3 3 1
 13 13 11 8 8 10 13 13 14 14 15 10 10 7 8 8 8 8 6 5 5 4 2 2 3 3 6 4 4 6 6 6 10 10 9 8 8 7 5 5 4 4 4 3 3 1
 13 13 14 14 14 14 15 15 14 14 15 12 12 10 7 7 7 7 5 9 9 5 5 5 5 5 4 3 3 6 7 7 7 7 8 10 10 6 5 5 4 4 3 3 3 2
 13 13 14 14 14 14 15 15 14 14 15 12 12 10 7 7 7 7 5 9 9 5 5 5 5 5 4 3 3 6 7 7 7 7 8 10 10 6 5 5 4 4 3 3 3 2
 18 18 17 14 14 13 15 15 16 16 16 13 13 10 7 7 7 7 6 8 8 9 8 8 7 7 6 5 5 6 5 5 8 8 10 8 8 6 5 5 5 5 4 3 3 2
 18 18 17 14 14 13 15 15 16 16 16 13 13 10 7 7 7 7 6 8 8 9 8 8 7 7 6 5 5 6 5 5 8 8 10 8 8 6 5 5 5 5 4 3 3 2
 17 17 15 13 13 13 14 14 16 16 13 13 13 9 6 6 6 6 6 6 6 7 7 7 9 9 6 5 5 7 9 9 15 15 10 9 9 8 5 5 7 7 6 5 5 3
 20 20 17 12 12 10 11 11 11 11 12 12 12 8 6 6 6 6 6 5 5 6 5 5 9 9 9 7 7 6 9 9 17 17 9 10 10 9 9 9 19 19 12 5 5 2
 20 20 17 12 12 10 11 11 11 11 12 12 12 8 6 6 6 6 6 5 5 6 5 5 9 9 9 7 7 6 9 9 17 17 9 10 10 9 9 9 19 19 12 5 5 2
 24 24 21 14 14 11 10 10 14 14 18 18 18 14 11 11 7 7 6 5 5 5 3 3 4 4 4 4 4 5 3 3 5 5 7 6 6 5 9 9 9 9 11 6 6 3
 25 25 22 15 15 13 14 14 17 17 23 24 24 18 14 14 10 10 8 5 5 5 2 2 3 3 3 3 3 3 4 4 6 6 7 8 8 7 9 9 8 8 9 7 7 4
 25 25 22 15 15 13 14 14 17 17 23 24 24 18 14 14 10 10 8 5 5 5 2 2 3 3 3 3 3 3 4 4 6 6 7 8 8 7 9 9 8 8 9 7 7 4
 25 25 24 20 20 21 20 20 18 18 23 24 24 19 13 13 9 9 8 5 5 4 3 3 3 3 5 6 6 6 6 6 6 6 5 5 5 1 2 2 3 3 3 5 5 5
 25 25 24 20 20 21 20 20 18 18 23 24 24 19 13 13 9 9 8 5 5 4 3 3 3 3 5 6 6 6 6 6 6 6 5 5 5 1 2 2 3 3 3 5 5 5
 28 28 24 24 24 24 24 24 24 24 23 20 20 17 11 11 9 9 8 5 5 4 4 4 3 3 5 5 5 5 4 4 3 3 4 2 2 3 1 1 1 1 2 4 4 4
 26 26 22 23 23 23 23 23 25 25 21 20 20 18 9 9 7 7 7 7 7 4 4 4 4 4 5 5 5 3 4 4 2 2 2 3 3 6 3 3 2 2 2 3 3 4
 26 26 22 23 23 23 23 23 25 25 21 20 20 18 9 9 7 7 7 7 7 4 4 4 4 4 5 5 5 3 4 4 2 2 2 3 3 6 3 3 2 2 2 3 3 4
 20 20 21 21 21 23 24 24 25 25 23 20 20 16 12 12 8 8 8 7 7 4 5 5 6 6 5 4 4 3 4 4 5 5 5 7 7 5 6 6 1 1 3 3 3 5
 16 16 17 17 17 17 15 15 14 14 14 14 14 12 11 11 7 7 6 5 5 4 5 5 4 4 3 4 4 5 4 4 3 3 4 5 5 3 3 3 4 4 4 2 2 3
