assets/RAT_results_old/precipitation/2020-07-11_IMERG.asc
ncols        46
nrows        77
xllcorner    74.800261325624
yllcorner    8.058333333333
cellsize     0.062500000000
NODATA_value -9999
 11 11 21 7 7 3 4 4 2 2 1 1 1 0 0 0 0 0 0 0 0 0 0 0 1 1 1 0 0 0 0 0 0 0 0 0 0 2 0 0 0 0 1 2 2 2
 5 5 6 1 1 2 0 0 1 1 2 2 2 0 1 1 0 0 0 0 0 0 0 0 0 0 0 0 0 0 0 0 0 0 0 0 0 0 0 0 0 0 0 0 0 1
 5 5 6 1 1 2 0 0 1 1 2 2 2 0 1 1 0 0 0 0 0 0 0 0 0 0 0 0 0 0 0 0 0 0 0 0 0 0 0 0 0 0 0 0 0 1
 7 7 6 9 9 5 1 1 0 0 0 0 0 0 1 1 0 0 0 0 0 0 0 0 0 0 0 0 0 0 0 0 0 0 0 0 0 0 0 0 0 0 0 0 0 0
 8 8 17 16 16 3 2 2 2 2 0 1 1 1 2 2 0 0 0 0 0 0 0 0 0 0 0 0 0 0 0 0 0 0 0 0 0 0 0 0 0 0 0 0 0 0
 8 8 17 16 16 3 2 2 2 2 0 1 1 1 2 2 0 0 0 0 0 0 0 0 0 0 0 0 0 0 0 0 0 0 0 0 0 0 0 0 0 0 0 0 0 0
 14 14 27 19 19 8 5 5 1 1 1 2 2 3 2 2 0 0 1 1 1 2 1 1 0 0 0 0 0 0 0 0 0 0 0 0 0 0 0 0 0 0 0 0 0 0
 14 14 27 19 19 8 5 5 1 1 1 2 2 3 2 2 0 0 1 1 1 2 1 1 0 0 0 0 0 0 0 0 0 0 0 0 0 0 0 0 0 0 0 0 0 0
 34 34 30 21 21 9 5 5 1 1 2 2 2 4 4 4 0 0 0 1 1 2 1 1 0 0 0 0 0 0 0 0 0 0 0 0 0 0 0 0 0 0 0 0 0 0
 26 26 29 15 15 16 7 7 4 4 2 6 6 3 2 2 0 0 6 1 1 2 1 1 0 0 0 0 0 0 0 0 0 0 0 0 0 0 0 0 0 0 0 0 0 0
 26 26 29 15 15 16 7 7 4 4 2 6 6 3 2 2 0 0 6 1 1 2 1 1 0 0 0 0 0 0 0 0 0 0 0 0 0 0 0 0 0 0 0 0 0 0
 26 26 14 13 13 9 4 4 3 3 1 1 1 1 3 3 3 3 3 0 0 0 2 2 2 2 1 0 0 0 1 1 0 0 1 1 1 1 0 0 0 0 0 0 0 0
 39 39 18 31 31 13 8 8 3 3 2 0 0 0 5 5 3 3 2 0 0 0 2 2 4 4 1 0 0 1 1 1 2 2 3 8 8 2 0 0 0 0 0 0 0 0
 39 39 18 31 31 13 8 8 3 3 2 0 0 0 5 5 3 3 2 0 0 0 2 2 4 4 1 0 0 1 1 1 2 2 3 8 8 2 0 0 0 0 0 0 0 0
 65 65 34 31 31 36 13 13 4 4 1 0 0 0 0 0 0 0 0 0 0 0 0 0 1 1 0 0 0 1 1 1 2 2 4 5 5 1 0 0 0 0 0 1 1 0
 65 65 34 31 31 36 13 13 4 4 1 0 0 0 0 0 0 0 0 0 0 0 0 0 1 1 0 0 0 1 1 1 2 2 4 5 5 1 0 0 0 0 0 1 1 0
 40 40 35 38 38 35 14 14 7 7 3 1 1 0 0 0 1 1 3 2 2 0 0 0 0 0 0 0 0 1 1 1 2 2 1 3 3 1 1 1 0 0 0 0 0 0
 20 20 17 24 24 8 9 9 10 10 13 5 5 1 0 0 2 2 2 0 0 0 1 1 1 1 1 1 1 1 0 0 1 1 1 3 3 5 5 5 4 4 4 1 1 0
 20 20 17 24 24 8 9 9 10 10 13 5 5 1 0 0 2 2 2 0 0 0 1 1 1 1 1 1 1 1 0 0 1 1 1 3 3 5 5 5 4 4 4 1 1 0
 5 5 6 5 5 7 7 7 9 9 8 3 3 4 2 2 0 0 0 1 1 1 1 1 1 1 1 1 1 0 0 0 0 0 0 1 1 3 6 6 8 8 9 4 4 1
 1 1 3 4 4 7 8 8 10 10 10 5 5 4 2 2 0 0 0 1 1 3 0 0 0 0 1 2 2 1 1 1 1 1 1 1 1 3 1 1 5 5 9 9 9 4
 1 1 3 4 4 7 8 8 10 10 10 5 5 4 2 2 0 0 0 1 1 3 0 0 0 0 1 2 2 1 1 1 1 1 1 1 1 3 1 1 5 5 9 9 9 4
 2 2 4 3 3 5 11 11 10 10 9 6 6 5 2 2 0 0 0 2 2 2 1 1 0 0 1 2 2 1 1 1 2 2 3 4 4 3 1 1 2 2 6 3 3 5
 2 2 4 3 3 5 11 11 10 10 9 6 6 5 2 2 0 0 0 2 2 2 1 1 0 0 1 2 2 1 1 1 2 2 3 4 4 3 1 1 2 2 6 3 3 5
 5 5 4 4 4 4 8 8 12 12 14 4 4 4 3 3 1 1 0 0 0 0 0 0 0 0 2 2 2 3 2 2 2 2 1 1 1 2 1 1 2 2 1 1 1 6
 7 7 6 4 4 4 6 6 6 6 12 4 4 4 5 5 3 3 3 0 0 0 0 0 0 0 1 1 1 2 1 1 1 1 1 1 1 2 1 1 2 2 4 3 3 6
 7 7 6 4 4 4 6 6 6 6 12 4 4 4 5 5 3 3 3 0 0 0 0 0 0 0 1 1 1 2 1 1 1 1 1 1 1 2 1 1 2 2 4 3 3 6
 6 6 4 2 2 2 4 4 5 5 11 5 5 5 7 7 9 9 5 1 1 0 0 0 0 0 1 2 2 2 0 0 1 1 4 4 4 4 2 2 3 3 4 5 5 7
 5 5 3 2 2 1 3 3 5 5 6 9 9 7 4 4 5 5 3 1 1 1 0 0 0 0 0 1 1 3 0 0 1 1 1 1 1 2 2 2 3 3 3 5 5 5
 5 5 3 2 2 1 3 3 5 5 6 9 9 7 4 4 5 5 3 1 1 1 0 0 0 0 0 1 1 3 0 0 1 1 1 1 1 2 2 2 3 3 3 5 5 5
 5 5 6 1 1 1 2 2 5 5 4 6 6 5 4 4 4 4 4 2 2 1 1 1 0 0 1 1 1 1 1 1 1 1 1 1 1 1 4 4 4 4 3 4 4 5
 5 5 6 1 1 1 2 2 5 5 4 6 6 5 4 4 4 4 4 2 2 1 1 1 0 0 1 1 1 1 1 1 1 1 1 1 1 1 4 4 4 4 3 4 4 5
 7 7 8 1 1 1 3 3 3 3 5 7 7 9 4 4 6 6 5 10 10 2 1 1 1 1 1 1 1 1 1 1 1 1 2 2 2 1 3 3 3 3 3 4 4 4
 11 11 9 4 4 2 5 5 4 4 8 11 11 16 3 3 5 5 7 10 10 3 1 1 1 1 1 1 1 1 1 1 1 1 1 2 2 2 3 3 3 3 1 2 2 2
 11 11 9 4 4 2 5 5 4 4 8 11 11 16 3 3 5 5 7 10 10 3 1 1 1 1 1 1 1 1 1 1 1 1 1 2 2 2 3 3 3 3 1 2 2 2
 16 16 12 4 4 6 5 5 3 3 9 18 18 15 6 6 5 5 6 5 5 4 2 2 2 2 1 1 1 1 1 1 1 1 2 2 2 2 2 2 1 1 2 2 2 2
 16 16 19 4 4 4 3 3 4 4 10 18 18 13 8 8 4 4 3 6 6 7 5 5 3 3 2 1 1 1 1 1 1 1 2 2 2 1 1 1 2 2 5 2 2 2
 16 16 19 4 4 4 3 3 4 4 10 18 18 13 8 8 4 4 3 6 6 7 5 5 3 3 2 1 1 1 1 1 1 1 2 2 2 1 1 1 2 2 5 2 2 2
 8 8 7 4 4 4 4 4 6 6 9 17 17 16 8 8 4 4 6 7 7 8 6 6 3 3 3 2 2 1 2 2 2 2 2 1 1 1 1 1 2 2 4 5 5 4
 8 8 7 4 4 4 4 4 6 6 9 17 17 16 8 8 4 4 6 7 7 8 6 6 3 3 3 2 2 1 2 2 2 2 2 1 1 1 1 1 2 2 4 5 5 4
 7 7 4 5 5 2 2 2 3 3 5 12 12 10 7 7 5 5 6 8 8 10 7 7 11 11 3 3 3 2 1 1 3 3 3 2 2 2 1 1 3 3 9 7 7 5
 7 7 4 7 7 3 4 4 4 4 3 4 4 3 4 4 3 3 4 5 5 11 7 7 3 3 2 2 2 2 2 2 2 2 2 3 3 3 2 2 5 5 6 23 23 19
 7 7 4 7 7 3 4 4 4 4 3 4 4 3 4 4 3 3 4 5 5 11 7 7 3 3 2 2 2 2 2 2 2 2 2 3 3 3 2 2 5 5 6 23 23 19
 8 8 10 10 10 5 5 5 4 4 5 3 3 2 1 1 2 2 3 5 5 10 7 7 9 9 5 4 4 4 2 2 3 3 3 5 5 4 3 3 2 2 5 10 10 11
 10 10 14 13 13 6 7 7 5 5 4 3 3 3 1 1 1 1 1 4 4 7 15 15 9 9 9 9 9 8 2 2 2 2 2 5 5 3 4 4 2 2 2 2 2 1
 10 10 14 13 13 6 7 7 5 5 4 3 3 3 1 1 1 1 1 4 4 7 15 15 9 9 9 9 9 8 2 2 2 2 2 5 5 3 4 4 2 2 2 2 2 1
 20 20 18 14 14 14 12 12 6 6 8 5 5 3 2 2 1 1 2 3 3 9 6 6 7 7 7 5 5 7 3 3 5 5 5 3 3 4 6 6 3 3 3 4 4 6
 20 20 18 14 14 14 12 12 6 6 8 5 5 3 2 2 1 1 2 3 3 9 6 6 7 7 7 5 5 7 3 3 5 5 5 3 3 4 6 6 3 3 3 4 4 6
 32 32 24 16 16 16 12 12 10 10 10 5 5 3 1 1 1 1 1 1 1 1 1 1 10 10 12 10 10 13 6 6 10 10 8 4 4 4 3 3 6 6 5 7 7 15
 37 37 27 22 22 15 12 12 13 13 10 5 5 3 2 2 1 1 0 0 0 1 1 1 9 9 10 12 12 11 11 11 7 7 6 6 6 5 5 5 5 5 6 12 12 14
 37 37 27 22 22 15 12 12 13 13 10 5 5 3 2 2 1 1 0 0 0 1 1 1 9 9 10 12 12 11 11 11 7 7 6 6 6 5 5 5 5 5 6 12 12 14
 34 34 25 22 22 13 10 10 11 11 9 7 7 4 3 3 2 2 2 0 0 1 4 4 14 14 16 10 10 18 22 22 12 12 10 6 6 6 4 4 7 7 11 10 10 7
 26 26 22 21 21 16 9 9 7 7 8 8 8 4 3 3 3 3 3 0 0 0 1 1 11 11 7 15 15 21 20 20 16 16 12 11 11 10 4 4 9 9 19 12 12 9
 26 26 22 21 21 16 9 9 7 7 8 8 8 4 3 3 3 3 3 0 0 0 1 1 11 11 7 15 15 21 20 20 16 16 12 11 11 10 4 4 9 9 19 12 12 9
 20 20 21 13 13 14 11 11 11 11 12 11 11 10 9 9 14 14 12 3 3 1 3 3 6 6 8 9 9 11 11 11 7 7 9 7 7 4 5 5 7 7 4 12 12 8
 20 20 21 13 13 14 11 11 11 11 12 11 11 10 9 9 14 14 12 3 3 1 3 3 6 6 8 9 9 11 11 11 7 7 9 7 7 4 5 5 7 7 4 12 12 8
 15 15 11 11 11 9 11 11 18 18 21 26 26 24 26 26 24 24 21 3 3 1 2 2 4 4 7 4 4 2 5 5 3 3 3 4 4 2 3 3 3 3 7 6 6 11
 10 10 8 8 8 10 11 11 19 19 21 29 29 17 18 18 23 23 18 7 7 2 2 2 1 1 3 2 2 1 1 1 1 1 1 2 2 1 1 1 1 1 4 3 3 10
 10 10 8 8 8 10 11 11 19 19 21 29 29 17 18 18 23 23 18 7 7 2 2 2 1 1 3 2 2 1 1 1 1 1 1 2 2 1 1 1 1 1 4 3 3 10
 7 7 8 8 8 8 9 9 13 13 18 22 22 21 21 21 21 21 16 10 10 2 2 2 1 1 2 2 2 1 1 1 0 0 3 5 5 3 2 2 0 0 0 1 1 1
 7 7 4 4 4 7 13 13 14 14 18 23 23 30 21 21 15 15 16 9 9 5 4 4 2 2 1 2 2 1 0 0 0 0 2 8 8 2 2 2 1 1 1 1 1 1
 7 7 4 4 4 7 13 13 14 14 18 23 23 30 21 21 15 15 16 9 9 5 4 4 2 2 1 2 2 1 0 0 0 0 2 8 8 2 2 2 1 1 1 1 1 1
 6 6 8 6 6 8 15 15 16 16 13 21 21 23 15 15 14 14 9 10 10 8 5 5 2 2 1 3 3 2 1 1 0 0 0 0 0 2 4 4 1 1 0 0 0 1
 6 6 8 6 6 8 15 15 16 16 13 21 21 23 15 15 14 14 9 10 10 8 5 5 2 2 1 3 3 2 1 1 0 0 0 0 0 2 4 4 1 1 0 0 0 1
 10 10 8 8 8 11 20 20 21 21 24 24 24 18 11 11 8 8 7 6 6 8 4 4 7 7 4 2 2 2 2 2 0 0 0 0 0 2 5 5 0 0 0 0 0 1
 20 20 15 16 16 23 29 29 27 27 21 21 21 16 7 7 9 9 6 7 7 11 5 5 3 3 2 0 0 2 1 1 1 1 0 0 0 2 0 0 0 0 0 0 0 0
 20 20 15 16 16 23 29 29 27 27 21 21 21 16 7 7 9 9 6 7 7 11 5 5 3 3 2 0 0 2 1 1 1 1 0 0 0 2 0 0 0 0 0 0 0 0
 25 25 20 24 24 26 34 34 25 25 21 16 16 15 13 13 10 10 8 9 9 7 3 3 2 2 3 1 1 1 2 2 1 1 0 0 0 0 0 0 1 1 1 1 1 0
 27 27 20 20 20 33 30 30 20 20 20 7 7 13 7 7 5 5 4 5 5 3 3 3 3 3 3 2 2 0 1 1 2 2 1 0 0 0 0 0 1 1 1 0 0 0
 27 27 20 20 20 33 30 30 20 20 20 7 7 13 7 7 5 5 4 5 5 3 3 3 3 3 3 2 2 0 1 1 2 2 1 0 0 0 0 0 1 1 1 0 0 0
 31 31 18 17 17 18 15 15 17 17 17 6 6 7 4 4 3 3 3 3 3 4 5 5 5 5 6 4 4 1 1 1 1 1 2 2 2 2 2 2 3 3 2 2 2 0
 31 31 18 17 17 18 15 15 17 17 17 6 6 7 4 4 3 3 3 3 3 4 5 5 5 5 6 4 4 1 1 1 1 1 2 2 2 2 2 2 3 3 2 2 2 0
 22 22 21 17 17 18 16 16 12 12 17 16 16 16 15 15 15 15 3 4 4 5 5 5 6 6 8 8 8 5 1 1 1 1 2 2 2 4 2 2 1 1 1 0 0 0
 14 14 13 13 13 16 11 11 12 12 17 18 18 19 18 18 18 18 16 15 15 14 12 12 12 12 11 12 12 8 1 1 1 1 0 2 2 3 2 2 0 0 0 0 0 0
 14 14 13 13 13 16 11 11 12 12 17 18 18 19 18 18 18 18 16 15 15 14 12 12 12 12 11 12 12 8 1 1 1 1 0 2 2 3 2 2 0 0 0 0 0 0
 11 11 11 12 12 28 10 10 11 11 16 15 15 19 20 20 19 19 14 17 17 9 13 13 13 13 12 16 16 16 17 17 9 9 1 0 0 0 1 1 0 0 0 0 0 1
 19 19 10 21 21 23 8 8 8 8 11 12 12 11 11 11 16 16 12 9 9 9 13 13 11 11 14 21 21 27 16 16 14 14 6 0 0 0 0 0 0 0 1 0 0 0
