assets/RAT_results_old/precipitation/2021-05-20_IMERG.asc
ncols        46
nrows        77
xllcorner    74.800261325624
yllcorner    8.058333333333
cellsize     0.062500000000
NODATA_value -9999
 2 2 1 0 0 0 0 0 0 0 1 0 0 0 0 0 0 0 0 0 0 0 0 0 0 0 0 0 0 1 2 2 2 2 4 3 3 2 1 1 3 3 5 5 5 13
 1 1 1 1 1 1 0 0 1 1 3 2 2 2 1 1 0 0 0 0 0 0 0 0 0 0 0 1 1 1 1 1 2 2 2 3 3 2 3 3 3 3 6 5 5 9
 1 1 1 1 1 1 0 0 1 1 3 2 2 2 1 1 0 0 0 0 0 0 0 0 0 0 0 1 1 1 1 1 2 2 2 3 3 2 3 3 3 3 6 5 5 9
 1 1 0 1 1 0 1 1 1 1 3 3 3 2 1 1 0 0 0 0 0 0 0 0 1 1 1 3 3 1 1 1 1 1 1 2 2 1 3 3 4 4 5 8 8 5
 2 2 2 1 1 1 0 0 0 0 3 1 1 0 0 0 0 0 0 0 0 0 1 1 1 1 4 4 4 0 0 0 1 1 1 2 2 1 6 6 5 5 4 4 4 5
 2 2 2 1 1 1 0 0 0 0 3 1 1 0 0 0 0 0 0 0 0 0 1 1 1 1 4 4 4 0 0 0 1 1 1 2 2 1 6 6 5 5 4 4 4 5
 3 3 3 1 1 0 2 2 4 4 13 4 4 0 0 0 0 0 0 1 1 2 1 1 2 2 3 4 4 3 2 2 5 5 6 6 6 3 3 3 4 4 3 4 4 10
 3 3 3 1 1 0 2 2 4 4 13 4 4 0 0 0 0 0 0 1 1 2 1 1 2 2 3 4 4 3 2 2 5 5 6 6 6 3 3 3 4 4 3 4 4 10
 18 18 17 2 2 2 2 2 23 23 10 8 8 1 0 0 1 1 2 1 1 1 0 0 0 0 2 0 0 3 6 6 3 3 6 2 2 2 3 3 3 3 5 9 9 12
 15 15 15 6 6 3 3 3 5 5 6 6 6 5 5 5 3 3 0 1 1 0 0 0 0 0 1 0 0 1 0 0 1 1 1 2 2 2 3 3 2 2 3 4 4 8
 15 15 15 6 6 3 3 3 5 5 6 6 6 5 5 5 3 3 0 1 1 0 0 0 0 0 1 0 0 1 0 0 1 1 1 2 2 2 3 3 2 2 3 4 4 8
 31 31 44 10 10 5 3 3 6 6 7 7 7 11 9 9 5 5 3 2 2 1 1 1 0 0 0 0 0 0 0 0 1 1 1 1 1 1 2 2 2 2 4 4 4 8
 28 28 20 29 29 9 5 5 5 5 6 10 10 17 16 16 9 9 7 3 3 2 1 1 0 0 0 0 0 2 4 4 1 1 1 1 1 2 2 2 3 3 3 4 4 4
 28 28 20 29 29 9 5 5 5 5 6 10 10 17 16 16 9 9 7 3 3 2 1 1 0 0 0 0 0 2 4 4 1 1 1 1 1 2 2 2 3 3 3 4 4 4
 24 24 31 32 32 26 19 19 17 17 8 7 7 3 5 5 5 5 3 3 3 2 1 1 1 1 1 0 0 0 0 0 1 1 1 1 1 2 3 3 3 3 4 5 5 6
 24 24 31 32 32 26 19 19 17 17 8 7 7 3 5 5 5 5 3 3 3 2 1 1 1 1 1 0 0 0 0 0 1 1 1 1 1 2 3 3 3 3 4 5 5 6
 18 18 25 20 20 14 14 14 8 8 11 4 4 1 1 1 1 1 1 0 0 0 1 1 2 2 5 4 4 0 1 1 1 1 1 1 1 2 3 3 3 3 4 3 3 4
 20 20 19 16 16 18 16 16 13 13 12 14 14 14 1 1 1 1 1 0 0 1 1 1 2 2 2 1 1 0 1 1 1 1 1 1 1 2 2 2 2 2 4 11 11 10
 20 20 19 16 16 18 16 16 13 13 12 14 14 14 1 1 1 1 1 0 0 1 1 1 2 2 2 1 1 0 1 1 1 1 1 1 1 2 2 2 2 2 4 11 11 10
 20 20 22 16 16 15 23 23 14 14 12 16 16 18 2 2 0 0 3 3 3 1 0 0 1 1 2 1 1 2 1 1 1 1 1 2 2 2 2 2 4 4 11 4 4 3
 35 35 34 22 22 14 10 10 9 9 11 7 7 9 0 0 0 0 0 5 5 4 2 2 2 2 1 2 2 1 0 0 0 0 2 1 1 2 3 3 3 3 3 3 3 2
 35 35 34 22 22 14 10 10 9 9 11 7 7 9 0 0 0 0 0 5 5 4 2 2 2 2 1 2 2 1 0 0 0 0 2 1 1 2 3 3 3 3 3 3 3 2
 44 44 35 20 20 15 8 8 7 7 6 3 3 3 3 3 1 1 0 3 3 1 1 1 2 2 1 1 1 1 0 0 1 1 3 1 1 1 2 2 2 2 1 1 1 3
 44 44 35 20 20 15 8 8 7 7 6 3 3 3 3 3 1 1 0 3 3 1 1 1 2 2 1 1 1 1 0 0 1 1 3 1 1 1 2 2 2 2 1 1 1 3
 45 45 37 15 15 15 10 10 8 8 5 9 9 3 4 4 10 10 0 2 2 2 1 1 2 2 1 2 2 3 1 1 1 1 0 1 1 1 1 1 1 1 1 1 1 3
 51 51 36 26 26 21 15 15 10 10 6 10 10 14 18 18 16 16 1 1 1 2 2 2 2 2 2 2 2 1 0 0 0 0 0 0 0 1 1 1 1 1 1 1 1 1
 51 51 36 26 26 21 15 15 10 10 6 10 10 14 18 18 16 16 1 1 1 2 2 2 2 2 2 2 2 1 0 0 0 0 0 0 0 1 1 1 1 1 1 1 1 1
 49 49 45 30 30 29 24 24 20 20 15 15 15 14 32 32 10 10 1 1 1 2 3 3 3 3 4 2 2 2 0 0 0 0 0 0 0 0 0 0 1 1 1 1 1 1
 45 45 46 28 28 25 23 23 17 17 15 8 8 29 28 28 15 15 2 1 1 1 1 1 2 2 2 2 2 0 0 0 0 0 0 0 0 0 0 0 0 0 1 1 1 1
 45 45 46 28 28 25 23 23 17 17 15 8 8 29 28 28 15 15 2 1 1 1 1 1 2 2 2 2 2 0 0 0 0 0 0 0 0 0 0 0 0 0 1 1 1 1
 41 41 45 30 30 28 27 27 23 23 9 11 11 14 60 60 12 12 5 1 1 1 3 3 1 1 1 1 1 1 0 0 0 0 0 0 0 0 0 0 0 0 0 0 0 0
 41 41 45 30 30 28 27 27 23 23 9 11 11 14 60 60 12 12 5 1 1 1 3 3 1 1 1 1 1 1 0 0 0 0 0 0 0 0 0 0 0 0 0 0 0 0
 27 27 48 31 31 25 26 26 29 29 26 14 14 16 42 42 27 27 3 2 2 1 1 1 1 1 1 1 1 1 1 1 2 2 0 0 0 0 0 0 0 0 0 0 0 0
 18 18 40 45 45 28 36 36 29 29 30 15 15 21 30 30 8 8 2 2 2 2 2 2 1 1 0 1 1 1 1 1 2 2 1 1 1 1 0 0 1 1 1 1 1 1
 18 18 40 45 45 28 36 36 29 29 30 15 15 21 30 30 8 8 2 2 2 2 2 2 1 1 0 1 1 1 1 1 2 2 1 1 1 1 0 0 1 1 1 1 1 1
 18 18 36 37 37 26 30 30 27 27 29 16 16 26 27 27 13 13 9 3 3 2 1 1 2 2 1 1 1 1 1 1 0 0 0 0 0 0 0 0 0 0 1 1 1 1
 26 26 25 32 32 27 31 31 24 24 15 14 14 20 19 19 20 20 4 3 3 2 2 2 2 2 1 1 1 1 1 1 3 3 1 1 1 1 0 0 0 0 1 2 2 2
 26 26 25 32 32 27 31 31 24 24 15 14 14 20 19 19 20 20 4 3 3 2 2 2 2 2 1 1 1 1 1 1 3 3 1 1 1 1 0 0 0 0 1 2 2 2
 28 28 29 35 35 28 28 28 28 28 16 15 15 39 21 21 10 10 5 3 3 4 2 2 1 1 1 2 2 3 6 6 4 4 1 2 2 3 2 2 1 1 2 3 3 4
 28 28 29 35 35 28 28 28 28 28 16 15 15 39 21 21 10 10 5 3 3 4 2 2 1 1 1 2 2 3 6 6 4 4 1 2 2 3 2 2 1 1 2 3 3 4
 20 20 23 24 24 27 27 27 25 25 22 27 27 38 22 22 8 8 4 3 3 3 3 3 2 2 2 2 2 4 5 5 4 4 5 3 3 4 3 3 2 2 6 9 9 7
 17 17 16 19 19 16 17 17 18 18 18 36 36 34 14 14 5 5 4 2 2 2 3 3 2 2 1 2 2 3 1 1 5 5 11 17 17 10 10 10 8 8 10 9 9 6
 17 17 16 19 19 16 17 17 18 18 18 36 36 34 14 14 5 5 4 2 2 2 3 3 2 2 1 2 2 3 1 1 5 5 11 17 17 10 10 10 8 8 10 9 9 6
 14 14 14 5 5 4 4 4 6 6 13 10 10 16 7 7 5 5 3 2 2 2 3 3 1 1 2 1 1 4 8 8 12 12 12 19 19 10 6 6 6 6 5 4 4 3
 6 6 5 4 4 3 3 3 5 5 4 8 8 5 7 7 6 6 5 2 2 5 2 2 3 3 1 1 1 4 12 12 17 17 22 11 11 8 8 8 5 5 2 2 2 2
 6 6 5 4 4 3 3 3 5 5 4 8 8 5 7 7 6 6 5 2 2 5 2 2 3 3 1 1 1 4 12 12 17 17 22 11 11 8 8 8 5 5 2 2 2 2
 4 4 4 3 3 2 2 2 2 2 2 5 5 18 8 8 8 8 6 2 2 3 6 6 5 5 2 3 3 6 11 11 19 19 18 10 10 7 5 5 2 2 1 1 1 2
 4 4 4 3 3 2 2 2 2 2 2 5 5 18 8 8 8 8 6 2 2 3 6 6 5 5 2 3 3 6 11 11 19 19 18 10 10 7 5 5 2 2 1 1 1 2
 2 2 2 2 2 2 2 2 2 2 9 16 16 17 4 4 7 7 6 6 6 5 28 28 5 5 6 33 33 18 15 15 11 11 10 7 7 5 4 4 1 1 1 1 1 1
 1 1 2 1 1 2 2 2 1 1 9 1 1 3 5 5 22 22 22 43 43 29 29 29 6 6 8 3 3 5 5 5 7 7 8 5 5 4 3 3 3 3 2 1 1 1
 1 1 2 1 1 2 2 2 1 1 9 1 1 3 5 5 22 22 22 43 43 29 29 29 6 6 8 3 3 5 5 5 7 7 8 5 5 4 3 3 3 3 2 1 1 1
 1 1 3 4 4 3 2 2 3 3 3 2 2 4 7 7 21 21 25 40 40 38 15 15 5 5 6 3 3 3 2 2 5 5 5 3 3 2 2 2 1 1 1 1 1 1
 2 2 2 4 4 3 3 3 2 2 3 3 3 3 5 5 5 5 28 38 38 39 16 16 12 12 4 3 3 3 2 2 2 2 2 2 2 2 2 2 1 1 2 1 1 1
 2 2 2 4 4 3 3 3 2 2 3 3 3 3 5 5 5 5 28 38 38 39 16 16 12 12 4 3 3 3 2 2 2 2 2 2 2 2 2 2 1 1 2 1 1 1
 3 3 2 3 3 4 3 3 3 3 3 4 4 3 5 5 7 7 40 41 41 23 10 10 13 13 5 4 4 3 3 3 2 2 2 1 1 2 2 2 2 2 2 1 1 1
 3 3 2 3 3 4 3 3 3 3 3 4 4 3 5 5 7 7 40 41 41 23 10 10 13 13 5 4 4 3 3 3 2 2 2 1 1 2 2 2 2 2 2 1 1 1
 2 2 2 2 2 2 3 3 4 4 5 7 7 16 19 19 22 22 42 42 42 24 7 7 8 8 5 4 4 4 3 3 2 2 2 1 1 3 2 2 1 1 1 1 1 1
 2 2 2 2 2 1 1 1 3 3 3 4 4 14 6 6 5 5 6 7 7 6 5 5 3 3 3 4 4 3 3 3 3 3 3 4 4 2 1 1 1 1 1 1 1 1
 2 2 2 2 2 1 1 1 3 3 3 4 4 14 6 6 5 5 6 7 7 6 5 5 3 3 3 4 4 3 3 3 3 3 3 4 4 2 1 1 1 1 1 1 1 1
 2 2 1 1 1 1 1 1 1 1 1 2 2 6 6 6 5 5 6 8 8 6 4 4 3 3 4 4 4 3 2 2 0 0 2 1 1 1 1 1 1 1 0 0 0 0
 1 1 0 0 0 0 0 0 1 1 1 3 3 5 9 9 8 8 6 6 6 7 5 5 5 5 10 8 8 4 1 1 1 1 2 0 0 0 1 1 0 0 0 0 0 0
 1 1 0 0 0 0 0 0 1 1 1 3 3 5 9 9 8 8 6 6 6 7 5 5 5 5 10 8 8 4 1 1 1 1 2 0 0 0 1 1 0 0 0 0 0 0
 0 0 0 0 0 0 1 1 1 1 2 2 2 3 5 5 7 7 5 5 5 6 3 3 4 4 6 9 9 29 21 21 3 3 3 1 1 1 2 2 0 0 0 0 0 0
 0 0 0 0 0 0 1 1 1 1 2 2 2 3 5 5 7 7 5 5 5 6 3 3 4 4 6 9 9 29 21 21 3 3 3 1 1 1 2 2 0 0 0 0 0 0
 0 0 0 0 0 0 1 1 1 1 2 2 2 2 3 3 3 3 4 4 4 4 3 3 2 2 28 30 30 29 10 10 6 6 5 3 3 5 7 7 7 7 0 0 0 0
 0 0 0 0 0 0 0 0 1 1 1 1 1 1 2 2 2 2 2 2 2 2 2 2 2 2 18 30 30 27 15 15 5 5 2 0 0 1 3 3 7 7 0 0 0 0
 0 0 0 0 0 0 0 0 1 1 1 1 1 1 2 2 2 2 2 2 2 2 2 2 2 2 18 30 30 27 15 15 5 5 2 0 0 1 3 3 7 7 0 0 0 0
 0 0 0 0 0 0 0 0 0 0 0 1 1 1 1 1 1 1 1 1 1 1 3 3 3 3 18 28 28 29 10 10 8 8 2 0 0 1 0 0 2 2 0 0 0 0
 0 0 0 0 0 0 0 0 0 0 0 0 0 1 1 1 1 1 1 2 2 1 2 2 2 2 2 14 14 19 6 6 9 9 14 12 12 0 0 0 0 0 1 1 1 1
 0 0 0 0 0 0 0 0 0 0 0 0 0 1 1 1 1 1 1 2 2 1 2 2 2 2 2 14 14 19 6 6 9 9 14 12 12 0 0 0 0 0 1 1 1 1
 0 0 0 0 0 0 0 0 0 0 0 0 0 0 1 1 2 2 2 1 1 1 2 2 3 3 3 11 11 17 5 5 5 5 9 17 17 11 1 1 0 0 6 2 2 1
 0 0 0 0 0 0 0 0 0 0 0 0 0 0 1 1 2 2 2 1 1 1 2 2 3 3 3 11 11 17 5 5 5 5 9 17 17 11 1 1 0 0 6 2 2 1
 0 0 0 0 0 0 0 0 0 0 0 1 1 0 1 1 1 1 1 1 1 2 2 2 2 2 4 6 6 3 1 1 2 2 6 10 10 4 6 6 0 0 6 0 0 0
 0 0 0 0 0 0 0 0 0 0 0 1 1 0 1 1 0 0 0 0 0 1 2 2 3 3 2 4 4 7 9 9 6 6 2 2 2 3 2 2 0 0 0 0 0 0
 0 0 0 0 0 0 0 0 0 0 0 1 1 0 1 1 0 0 0 0 0 1 2 2 3 3 2 4 4 7 9 9 6 6 2 2 2 3 2 2 0 0 0 0 0 0
 0 0 0 0 0 0 0 0 0 0 0 0 0 1 0 0 0 0 0 0 0 1 1 1 1 1 2 2 2 2 5 5 5 5 2 3 3 1 3 3 1 1 0 0 0 0
 0 0 0 0 0 0 0 0 0 0 0 0 0 0 0 0 0 0 0 0 0 1 1 1 1 1 1 3 3 4 4 4 2 2 6 5 5 6 1 1 2 2 4 4 4 1
