assets/RAT_results_old/precipitation/2021-09-15_IMERG.asc
ncols        46
nrows        77
xllcorner    74.800261325624
yllcorner    8.058333333333
cellsize     0.062500000000
NODATA_value -9999
 1 1 1 0 0 0 0 0 0 0 0 0 0 0 0 0 0 0 1 0 0 0 0 0 0 0 0 0 0 0 0 0 0 0 0 0 0 0 0 0 1 1 2 0 0 1
 1 1 1 0 0 0 0 0 0 0 0 0 0 0 0 0 0 0 0 0 0 0 0 0 0 0 0 0 0 0 0 0 0 0 0 0 0 0 0 0 1 1 1 0 0 0
 1 1 1 0 0 0 0 0 0 0 0 0 0 0 0 0 0 0 0 0 0 0 0 0 0 0 0 0 0 0 0 0 0 0 0 0 0 0 0 0 1 1 1 0 0 0
 1 1 1 0 0 0 0 0 0 0 0 0 0 0 0 0 0 0 0 0 0 0 0 0 0 0 0 0 0 0 0 0 0 0 0 0 0 0 0 0 0 0 1 0 0 0
 0 0 1 1 1 0 0 0 0 0 0 0 0 0 0 0 0 0 0 0 0 0 0 0 0 0 0 0 0 0 0 0 0 0 0 0 0 0 0 0 0 0 0 0 0 0
 0 0 1 1 1 0 0 0 0 0 0 0 0 0 0 0 0 0 0 0 0 0 0 0 0 0 0 0 0 0 0 0 0 0 0 0 0 0 0 0 0 0 0 0 0 0
 1 1 1 1 1 1 0 0 0 0 0 0 0 0 0 0 0 0 0 0 0 0 0 0 0 0 0 1 1 0 0 0 0 0 0 0 0 0 0 0 1 1 1 1 1 1
 1 1 1 1 1 1 0 0 0 0 0 0 0 0 0 0 0 0 0 0 0 0 0 0 0 0 0 1 1 0 0 0 0 0 0 0 0 0 0 0 1 1 1 1 1 1
 2 2 1 2 2 2 0 0 0 0 0 0 0 0 0 0 0 0 0 0 0 0 0 0 0 0 0 0 0 0 0 0 0 0 0 1 1 1 1 1 1 1 1 1 1 1
 1 1 1 2 2 2 2 2 0 0 0 0 0 0 0 0 0 0 0 0 0 0 0 0 0 0 0 0 0 0 0 0 1 1 1 1 1 1 1 1 2 2 2 2 2 2
 1 1 1 2 2 2 2 2 0 0 0 0 0 0 0 0 0 0 0 0 0 0 0 0 0 0 0 0 0 0 0 0 1 1 1 1 1 1 1 1 2 2 2 2 2 2
 0 0 1 1 1 1 1 1 0 0 0 0 0 0 0 0 0 0 2 0 0 0 0 0 0 0 0 0 0 0 1 1 1 1 1 1 1 2 2 2 4 4 4 3 3 4
 0 0 0 1 1 2 2 2 2 2 0 0 0 0 0 0 0 0 0 0 0 0 0 0 0 0 0 0 0 1 1 1 2 2 2 2 2 3 4 4 5 5 5 5 5 7
 0 0 0 1 1 2 2 2 2 2 0 0 0 0 0 0 0 0 0 0 0 0 0 0 0 0 0 0 0 1 1 1 2 2 2 2 2 3 4 4 5 5 5 5 5 7
 1 1 2 0 0 1 2 2 2 2 2 0 0 0 0 0 0 0 0 0 0 0 0 0 0 0 0 1 1 1 2 2 2 2 2 3 3 4 5 5 6 6 6 15 15 8
 1 1 2 0 0 1 2 2 2 2 2 0 0 0 0 0 0 0 0 0 0 0 0 0 0 0 0 1 1 1 2 2 2 2 2 3 3 4 5 5 6 6 6 15 15 8
 6 6 6 2 2 0 1 1 3 3 1 1 1 0 0 0 0 0 0 0 0 0 0 0 0 0 1 1 1 1 2 2 2 2 2 3 3 4 5 5 5 5 7 11 11 9
 11 11 7 3 3 1 1 1 1 1 1 3 3 1 0 0 0 0 0 0 0 0 0 0 1 1 1 1 1 1 2 2 2 2 2 3 3 3 4 4 4 4 6 11 11 9
 11 11 7 3 3 1 1 1 1 1 1 3 3 1 0 0 0 0 0 0 0 0 0 0 1 1 1 1 1 1 2 2 2 2 2 3 3 3 4 4 4 4 6 11 11 9
 10 10 3 3 3 1 1 1 2 2 1 11 11 1 0 0 0 0 0 0 0 0 0 0 1 1 1 1 1 1 2 2 2 2 2 2 2 2 3 3 3 3 3 7 7 8
 4 4 1 1 1 1 0 0 1 1 7 10 10 6 5 5 0 0 0 0 0 0 1 1 1 1 1 1 1 2 3 3 1 1 1 1 1 2 2 2 2 2 2 2 2 3
 4 4 1 1 1 1 0 0 1 1 7 10 10 6 5 5 0 0 0 0 0 0 1 1 1 1 1 1 1 2 3 3 1 1 1 1 1 2 2 2 2 2 2 2 2 3
 2 2 1 1 1 0 0 0 0 0 1 1 1 3 1 1 0 0 0 0 0 0 0 0 1 1 1 1 1 2 1 1 3 3 2 1 1 1 1 1 1 1 1 1 1 2
 2 2 1 1 1 0 0 0 0 0 1 1 1 3 1 1 0 0 0 0 0 0 0 0 1 1 1 1 1 2 1 1 3 3 2 1 1 1 1 1 1 1 1 1 1 2
 1 1 1 2 2 1 1 1 1 1 2 1 1 3 2 2 0 0 0 1 1 0 0 0 0 0 0 0 0 2 1 1 1 1 0 0 0 1 1 1 1 1 1 1 1 1
 1 1 1 2 2 1 1 1 1 1 2 1 1 1 2 2 5 5 1 0 0 0 0 0 0 0 0 0 0 3 3 3 0 0 0 0 0 0 1 1 0 0 0 0 0 0
 1 1 1 2 2 1 1 1 1 1 2 1 1 1 2 2 5 5 1 0 0 0 0 0 0 0 0 0 0 3 3 3 0 0 0 0 0 0 1 1 0 0 0 0 0 0
 1 1 2 3 3 5 1 1 2 2 1 2 2 2 0 0 2 2 1 0 0 0 0 0 0 0 0 0 0 1 0 0 0 0 0 0 0 0 0 0 0 0 0 0 0 0
 1 1 1 3 3 4 3 3 3 3 1 2 2 1 0 0 4 4 3 1 1 0 0 0 0 0 0 0 0 0 0 0 0 0 0 0 0 0 0 0 0 0 0 0 0 0
 1 1 1 3 3 4 3 3 3 3 1 2 2 1 0 0 4 4 3 1 1 0 0 0 0 0 0 0 0 0 0 0 0 0 0 0 0 0 0 0 0 0 0 0 0 0
 0 0 1 3 3 2 2 2 3 3 2 2 2 2 1 1 4 4 4 2 2 1 1 1 0 0 0 1 1 1 1 1 0 0 0 0 0 0 0 0 1 1 0 0 0 0
 0 0 1 3 3 2 2 2 3 3 2 2 2 2 1 1 4 4 4 2 2 1 1 1 0 0 0 1 1 1 1 1 0 0 0 0 0 0 0 0 1 1 0 0 0 0
 1 1 2 3 3 5 5 5 6 6 5 3 3 2 2 2 3 3 5 6 6 4 5 5 0 0 0 4 4 1 4 4 3 3 0 0 0 0 1 1 1 1 0 0 0 0
 1 1 7 9 9 13 4 4 6 6 5 3 3 3 1 1 1 1 2 5 5 5 5 5 0 0 0 0 0 0 0 0 0 0 0 1 1 0 1 1 1 1 1 1 1 1
 1 1 7 9 9 13 4 4 6 6 5 3 3 3 1 1 1 1 2 5 5 5 5 5 0 0 0 0 0 0 0 0 0 0 0 1 1 0 1 1 1 1 1 1 1 1
 3 3 8 8 8 11 11 11 13 13 5 3 3 4 7 7 1 1 3 6 6 2 0 0 2 2 0 0 0 0 0 0 0 0 1 1 1 1 1 1 1 1 1 1 1 1
 3 3 15 16 16 16 11 11 12 12 6 5 5 7 7 7 2 2 2 2 2 3 1 1 1 1 0 1 1 0 0 0 1 1 1 1 1 1 1 1 2 2 2 2 2 3
 3 3 15 16 16 16 11 11 12 12 6 5 5 7 7 7 2 2 2 2 2 3 1 1 1 1 0 1 1 0 0 0 1 1 1 1 1 1 1 1 2 2 2 2 2 3
 1 1 4 14 14 13 10 10 10 10 10 4 4 4 6 6 2 2 2 2 2 3 4 4 1 1 0 1 1 2 4 4 1 1 1 1 1 2 2 2 2 2 4 5 5 3
 1 1 4 14 14 13 10 10 10 10 10 4 4 4 6 6 2 2 2 2 2 3 4 4 1 1 0 1 1 2 4 4 1 1 1 1 1 2 2 2 2 2 4 5 5 3
 1 1 4 5 5 3 2 2 3 3 3 5 5 4 6 6 5 5 2 2 2 2 2 2 1 1 0 1 1 1 1 1 4 4 1 1 1 3 3 3 3 3 6 8 8 6
 3 3 3 4 4 4 2 2 2 2 2 4 4 6 9 9 13 13 4 1 1 2 2 2 5 5 2 1 1 1 1 1 0 0 2 2 2 3 2 2 4 4 8 11 11 3
 3 3 3 4 4 4 2 2 2 2 2 4 4 6 9 9 13 13 4 1 1 2 2 2 5 5 2 1 1 1 1 1 0 0 2 2 2 3 2 2 4 4 8 11 11 3
 5 5 5 3 3 4 3 3 1 1 4 4 4 8 14 14 16 16 6 4 4 4 5 5 5 5 4 3 3 3 0 0 0 0 4 5 5 7 5 5 6 6 6 4 4 2
 6 6 6 4 4 5 3 3 2 2 4 4 4 6 10 10 12 12 8 6 6 3 2 2 10 10 4 3 3 5 1 1 5 5 8 3 3 6 4 4 4 4 4 3 3 1
 6 6 6 4 4 5 3 3 2 2 4 4 4 6 10 10 12 12 8 6 6 3 2 2 10 10 4 3 3 5 1 1 5 5 8 3 3 6 4 4 4 4 4 3 3 1
 6 6 5 4 4 5 4 4 3 3 3 4 4 3 4 4 3 3 6 6 6 2 2 2 4 4 5 3 3 4 4 4 5 5 7 4 4 3 3 3 3 3 2 2 2 1
 6 6 5 4 4 5 4 4 3 3 3 4 4 3 4 4 3 3 6 6 6 2 2 2 4 4 5 3 3 4 4 4 5 5 7 4 4 3 3 3 3 3 2 2 2 1
 7 7 4 4 4 8 7 7 6 6 2 3 3 3 3 3 4 4 6 10 10 5 2 2 4 4 6 6 6 2 2 2 2 2 5 2 2 1 1 1 1 1 0 1 1 0
 5 5 6 5 5 8 19 19 9 9 3 3 3 3 4 4 2 2 2 3 3 3 4 4 4 4 4 5 5 2 8 8 4 4 5 2 2 1 0 0 1 1 1 2 2 0
 5 5 6 5 5 8 19 19 9 9 3 3 3 3 4 4 2 2 2 3 3 3 4 4 4 4 4 5 5 2 8 8 4 4 5 2 2 1 0 0 1 1 1 2 2 0
 7 7 6 4 4 17 19 19 10 10 5 7 7 4 4 4 3 3 2 4 4 2 5 5 7 7 12 7 7 4 5 5 10 10 7 2 2 1 0 0 1 1 0 0 0 0
 5 5 6 5 5 10 10 10 12 12 7 9 9 4 3 3 3 3 3 4 4 7 10 10 14 14 17 9 9 9 4 4 5 5 3 3 3 0 0 0 0 0 0 0 0 0
 5 5 6 5 5 10 10 10 12 12 7 9 9 4 3 3 3 3 3 4 4 7 10 10 14 14 17 9 9 9 4 4 5 5 3 3 3 0 0 0 0 0 0 0 0 0
 7 7 9 5 5 9 10 10 9 9 8 6 6 7 6 6 4 4 5 6 6 7 9 9 11 11 16 12 12 7 4 4 6 6 3 4 4 2 0 0 0 0 0 0 0 0
 7 7 9 5 5 9 10 10 9 9 8 6 6 7 6 6 4 4 5 6 6 7 9 9 11 11 16 12 12 7 4 4 6 6 3 4 4 2 0 0 0 0 0 0 0 0
 11 11 9 7 7 9 10 10 9 9 9 11 11 12 8 8 4 4 4 7 7 7 8 8 14 14 20 15 15 8 3 3 3 3 4 6 6 6 4 4 2 2 0 0 0 0
 8 8 11 9 9 9 10 10 12 12 14 13 13 19 12 12 6 6 4 5 5 4 7 7 11 11 12 14 14 7 5 5 7 7 13 8 8 13 6 6 2 2 0 0 0 0
 8 8 11 9 9 9 10 10 12 12 14 13 13 19 12 12 6 6 4 5 5 4 7 7 11 11 12 14 14 7 5 5 7 7 13 8 8 13 6 6 2 2 0 0 0 0
 8 8 8 9 9 8 8 8 11 11 10 10 10 12 10 10 10 10 9 6 6 4 7 7 12 12 10 15 15 10 8 8 6 6 7 4 4 8 6 6 1 1 0 0 0 0
 8 8 7 9 9 8 10 10 9 9 8 7 7 8 10 10 12 12 9 5 5 4 4 4 6 6 11 8 8 10 9 9 10 10 4 2 2 6 2 2 0 0 0 0 0 0
 8 8 7 9 9 8 10 10 9 9 8 7 7 8 10 10 12 12 9 5 5 4 4 4 6 6 11 8 8 10 9 9 10 10 4 2 2 6 2 2 0 0 0 0 0 0
 21 21 19 10 10 8 8 8 8 8 8 8 8 7 9 9 9 9 10 5 5 3 3 3 3 3 5 8 8 6 8 8 8 8 7 7 7 5 1 1 0 0 0 0 0 0
 21 21 19 10 10 8 8 8 8 8 8 8 8 7 9 9 9 9 10 5 5 3 3 3 3 3 5 8 8 6 8 8 8 8 7 7 7 5 1 1 0 0 0 0 0 0
 25 25 21 11 11 8 8 8 8 8 7 8 8 9 8 8 13 13 12 6 6 3 2 2 2 2 1 3 3 4 5 5 6 6 6 3 3 3 4 4 1 1 0 0 0 0
 29 29 23 21 21 15 8 8 8 8 8 8 8 9 8 8 13 13 12 7 7 3 3 3 2 2 3 3 3 4 4 4 4 4 3 3 3 7 3 3 1 1 0 0 0 0
 29 29 23 21 21 15 8 8 8 8 8 8 8 9 8 8 13 13 12 7 7 3 3 3 2 2 3 3 3 4 4 4 4 4 3 3 3 7 3 3 1 1 0 0 0 0
 30 30 27 25 25 19 12 12 9 9 8 8 8 9 7 7 10 10 10 8 8 5 3 3 4 4 4 4 4 2 2 2 2 2 0 4 4 5 3 3 4 4 0 0 0 0
 37 37 33 33 33 22 15 15 12 12 11 8 8 7 8 8 8 8 8 8 8 8 7 7 5 5 5 8 8 2 6 6 1 1 2 1 1 9 2 2 1 1 0 0 0 0
 37 37 33 33 33 22 15 15 12 12 11 8 8 7 8 8 8 8 8 8 8 8 7 7 5 5 5 8 8 2 6 6 1 1 2 1 1 9 2 2 1 1 0 0 0 0
 38 38 24 18 18 16 14 14 16 16 12 11 11 9 7 7 7 7 9 12 12 10 9 9 9 9 12 8 8 8 6 6 5 5 5 7 7 5 2 2 1 1 0 0 0 0
 38 38 24 18 18 16 14 14 16 16 12 11 11 9 7 7 7 7 9 12 12 10 9 9 9 9 12 8 8 8 6 6 5 5 5 7 7 5 2 2 1 1 0 0 0 0
 32 32 51 52 52 18 18 18 14 14 11 10 10 10 8 8 9 9 13 16 16 12 9 9 6 6 8 6 6 7 5 5 6 6 8 9 9 8 5 5 3 3 0 0 0 0
 49 49 50 52 52 17 39 39 34 34 21 19 19 9 7 7 6 6 9 11 11 8 7 7 3 3 4 3 3 6 8 8 4 4 6 5 5 6 3 3 4 4 2 0 0 0
 49 49 50 52 52 17 39 39 34 34 21 19 19 9 7 7 6 6 9 11 11 8 7 7 3 3 4 3 3 6 8 8 4 4 6 5 5 6 3 3 4 4 2 0 0 0
 18 18 18 44 44 39 37 37 34 34 26 43 43 13 13 13 5 5 9 10 10 9 5 5 3 3 2 1 1 2 5 5 2 2 3 5 5 4 4 4 4 4 2 0 0 0
 18 18 18 15 15 13 19 19 29 29 27 43 43 13 15 15 8 8 6 8 8 8 6 6 3 3 3 1 1 1 0 0 1 1 4 3 3 8 6 6 3 3 2 0 0 0
