assets/RAT_results_old/precipitation/2021-06-03_IMERG.asc
ncols        46
nrows        77
xllcorner    74.800261325624
yllcorner    8.058333333333
cellsize     0.062500000000
NODATA_value -9999
 18 18 23 52 52 55 20 20 13 13 18 15 15 18 29 29 8 8 20 8 8 3 5 5 4 4 4 5 5 6 13 13 9 9 7 5 5 2 1 1 3 3 2 6 6 4
 18 18 25 32 32 21 40 40 10 10 10 23 23 68 63 63 21 21 22 10 10 9 5 5 4 4 3 4 4 5 8 8 8 8 7 6 6 3 2 2 2 2 2 5 5 2
 18 18 25 32 32 21 40 40 10 10 10 23 23 68 63 63 21 21 22 10 10 9 5 5 4 4 3 4 4 5 8 8 8 8 7 6 6 3 2 2 2 2 2 5 5 2
 15 15 25 22 22 35 17 17 10 10 20 19 19 36 38 38 25 25 18 17 17 6 5 5 5 5 5 4 4 4 4 4 6 6 5 6 6 6 6 6 3 3 1 2 2 4
 19 19 29 32 32 49 21 21 14 14 22 22 22 15 11 11 7 7 16 13 13 8 7 7 7 7 6 4 4 4 3 3 2 2 3 5 5 5 5 5 4 4 4 4 4 5
 19 19 29 32 32 49 21 21 14 14 22 22 22 15 11 11 7 7 16 13 13 8 7 7 7 7 6 4 4 4 3 3 2 2 3 5 5 5 5 5 4 4 4 4 4 5
 3 3 29 25 25 26 21 21 16 16 36 9 9 12 11 11 6 6 11 9 9 8 9 9 12 12 11 6 6 5 4 4 3 3 3 4 4 4 3 3 4 4 4 4 4 8
 3 3 29 25 25 26 21 21 16 16 36 9 9 12 11 11 6 6 11 9 9 8 9 9 12 12 11 6 6 5 4 4 3 3 3 4 4 4 3 3 4 4 4 4 4 8
 2 2 14 22 22 25 21 21 23 23 38 25 25 27 26 26 10 10 5 5 5 7 10 10 16 16 12 9 9 6 5 5 4 4 3 3 3 2 3 3 4 4 5 4 4 7
 2 2 4 17 17 23 27 27 27 27 36 16 16 20 14 14 7 7 4 6 6 7 13 13 15 15 10 8 8 8 6 6 4 4 4 4 4 3 2 2 2 2 3 4 4 7
 2 2 4 17 17 23 27 27 27 27 36 16 16 20 14 14 7 7 4 6 6 7 13 13 15 15 10 8 8 8 6 6 4 4 4 4 4 3 2 2 2 2 3 4 4 7
 2 2 1 15 15 16 27 27 31 31 18 9 9 3 2 2 1 1 4 4 4 16 11 11 13 13 8 6 6 6 10 10 6 6 5 3 3 3 4 4 5 5 4 3 3 4
 2 2 4 6 6 10 16 16 34 34 21 8 8 6 2 2 8 8 14 5 5 11 14 14 5 5 4 3 3 12 13 13 5 5 4 9 9 10 3 3 1 1 2 2 2 2
 2 2 4 6 6 10 16 16 34 34 21 8 8 6 2 2 8 8 14 5 5 11 14 14 5 5 4 3 3 12 13 13 5 5 4 9 9 10 3 3 1 1 2 2 2 2
 9 9 10 12 12 10 20 20 24 24 22 19 19 22 6 6 12 12 5 5 5 7 6 6 5 5 3 2 2 13 15 15 3 3 3 4 4 9 8 8 0 0 1 1 1 1
 9 9 10 12 12 10 20 20 24 24 22 19 19 22 6 6 12 12 5 5 5 7 6 6 5 5 3 2 2 13 15 15 3 3 3 4 4 9 8 8 0 0 1 1 1 1
 10 10 11 15 15 19 19 19 27 27 27 33 33 34 13 13 9 9 7 6 6 8 7 7 5 5 3 2 2 13 15 15 8 8 1 1 1 3 3 3 0 0 0 0 0 1
 11 11 18 23 23 32 29 29 27 27 29 28 28 28 8 8 13 13 3 5 5 7 7 7 5 5 3 2 2 10 9 9 1 1 1 1 1 0 2 2 0 0 0 0 0 1
 11 11 18 23 23 32 29 29 27 27 29 28 28 28 8 8 13 13 3 5 5 7 7 7 5 5 3 2 2 10 9 9 1 1 1 1 1 0 2 2 0 0 0 0 0 1
 11 11 28 28 28 26 29 29 34 34 28 30 30 32 23 23 17 17 6 3 3 5 5 5 5 5 3 1 1 2 2 2 3 3 4 1 1 0 0 0 0 0 0 0 0 0
 15 15 35 41 41 31 33 33 31 31 31 35 35 37 20 20 29 29 35 10 10 11 2 2 4 4 3 5 5 3 3 3 4 4 4 4 4 3 2 2 1 1 1 1 1 1
 15 15 35 41 41 31 33 33 31 31 31 35 35 37 20 20 29 29 35 10 10 11 2 2 4 4 3 5 5 3 3 3 4 4 4 4 4 3 2 2 1 1 1 1 1 1
 20 20 26 28 28 34 28 28 34 34 28 33 33 33 26 26 12 12 24 11 11 15 13 13 5 5 5 3 3 2 3 3 3 3 5 6 6 6 8 8 7 7 3 2 2 1
 20 20 26 28 28 34 28 28 34 34 28 33 33 33 26 26 12 12 24 11 11 15 13 13 5 5 5 3 3 2 3 3 3 3 5 6 6 6 8 8 7 7 3 2 2 1
 17 17 28 22 22 28 28 28 35 35 39 29 29 28 21 21 21 21 10 9 9 21 18 18 17 17 8 1 1 1 2 2 3 3 4 6 6 8 12 12 10 10 7 5 5 2
 28 28 25 24 24 23 31 31 31 31 37 37 37 30 29 29 20 20 8 11 11 12 18 18 25 25 10 5 5 2 2 2 2 2 4 6 6 8 11 11 11 11 9 6 6 3
 28 28 25 24 24 23 31 31 31 31 37 37 37 30 29 29 20 20 8 11 11 12 18 18 25 25 10 5 5 2 2 2 2 2 4 6 6 8 11 11 11 11 9 6 6 3
 21 21 35 37 37 28 34 34 37 37 37 38 38 29 27 27 30 30 24 21 21 28 14 14 28 28 15 10 10 6 4 4 4 4 6 5 5 7 10 10 10 10 8 5 5 2
 22 22 35 31 31 28 41 41 39 39 32 39 39 37 33 33 38 38 30 26 26 27 33 33 30 30 38 42 42 27 7 7 5 5 4 5 5 6 8 8 8 8 7 6 6 4
 22 22 35 31 31 28 41 41 39 39 32 39 39 37 33 33 38 38 30 26 26 27 33 33 30 30 38 42 42 27 7 7 5 5 4 5 5 6 8 8 8 8 7 6 6 4
 20 20 27 35 35 28 28 28 34 34 33 46 46 41 30 30 47 47 41 34 34 65 34 34 36 36 33 51 51 58 15 15 8 8 7 8 8 8 8 8 9 9 9 8 8 5
 20 20 27 35 35 28 28 28 34 34 33 46 46 41 30 30 47 47 41 34 34 65 34 34 36 36 33 51 51 58 15 15 8 8 7 8 8 8 8 8 9 9 9 8 8 5
 11 11 22 27 27 28 24 24 26 26 28 38 38 40 36 36 50 50 46 45 45 38 36 36 38 38 32 29 29 28 9 9 10 10 10 11 11 12 10 10 10 10 9 7 7 5
 6 6 20 22 22 22 23 23 26 26 29 32 32 33 33 33 61 61 38 30 30 31 35 35 40 40 33 25 25 22 17 17 19 19 15 12 12 13 11 11 13 13 11 9 9 9
 6 6 20 22 22 22 23 23 26 26 29 32 32 33 33 33 61 61 38 30 30 31 35 35 40 40 33 25 25 22 17 17 19 19 15 12 12 13 11 11 13 13 11 9 9 9
 6 6 5 19 19 21 21 21 23 23 25 28 28 25 32 32 45 45 33 31 31 33 38 38 39 39 33 24 24 21 12 12 12 12 12 12 12 12 11 11 17 17 21 15 15 13
 12 12 7 20 20 21 22 22 21 21 21 22 22 24 27 27 22 22 30 36 36 42 42 42 41 41 44 31 31 18 14 14 10 10 10 11 11 11 26 26 37 37 28 14 14 12
 12 12 7 20 20 21 22 22 21 21 21 22 22 24 27 27 22 22 30 36 36 42 42 42 41 41 44 31 31 18 14 14 10 10 10 11 11 11 26 26 37 37 28 14 14 12
 11 11 10 7 7 4 6 6 7 7 18 22 22 27 24 24 26 26 26 40 40 45 46 46 54 54 57 50 50 67 62 62 17 17 14 16 16 15 25 25 43 43 15 16 16 13
 11 11 10 7 7 4 6 6 7 7 18 22 22 27 24 24 26 26 26 40 40 45 46 46 54 54 57 50 50 67 62 62 17 17 14 16 16 15 25 25 43 43 15 16 16 13
 11 11 11 9 9 7 6 6 7 7 18 20 20 27 28 28 31 31 22 42 42 45 46 46 50 50 95 72 72 102 73 73 26 26 29 18 18 18 38 38 49 49 24 18 18 17
 3 3 7 9 9 4 3 3 4 4 8 11 11 11 26 26 28 28 26 43 43 45 50 50 56 56 70 83 83 159 72 72 40 40 27 17 17 19 25 25 41 41 41 30 30 25
 3 3 7 9 9 4 3 3 4 4 8 11 11 11 26 26 28 28 26 43 43 45 50 50 56 56 70 83 83 159 72 72 40 40 27 17 17 19 25 25 41 41 41 30 30 25
 1 1 2 2 2 1 2 2 3 3 7 10 10 12 27 27 29 29 32 39 39 64 61 61 60 60 75 83 83 69 29 29 34 34 15 14 14 16 23 23 42 42 42 40 40 40
 1 1 1 1 1 2 4 4 5 5 5 6 6 15 17 17 23 23 27 29 29 36 65 65 64 64 86 71 71 64 53 53 39 39 10 13 13 14 27 27 34 34 41 44 44 39
 1 1 1 1 1 2 4 4 5 5 5 6 6 15 17 17 23 23 27 29 29 36 65 65 64 64 86 71 71 64 53 53 39 39 10 13 13 14 27 27 34 34 41 44 44 39
 3 3 2 3 3 5 5 5 6 6 5 9 9 15 15 15 23 23 25 29 29 36 46 46 71 71 70 77 77 49 50 50 36 36 9 7 7 14 26 26 31 31 32 41 41 33
 3 3 2 3 3 5 5 5 6 6 5 9 9 15 15 15 23 23 25 29 29 36 46 46 71 71 70 77 77 49 50 50 36 36 9 7 7 14 26 26 31 31 32 41 41 33
 5 5 8 11 11 7 6 6 8 8 11 10 10 15 16 16 20 20 26 30 30 35 40 40 61 61 81 70 70 59 44 44 18 18 14 8 8 11 17 17 24 24 26 30 30 21
 8 8 11 10 10 5 4 4 6 6 5 6 6 9 16 16 20 20 25 27 27 35 43 43 66 66 78 72 72 65 51 51 76 76 19 11 11 13 15 15 17 17 19 19 19 19
 8 8 11 10 10 5 4 4 6 6 5 6 6 9 16 16 20 20 25 27 27 35 43 43 66 66 78 72 72 65 51 51 76 76 19 11 11 13 15 15 17 17 19 19 19 19
 9 9 3 4 4 3 3 3 3 3 5 5 5 9 13 13 14 14 21 24 24 26 31 31 62 62 81 95 95 74 53 53 54 54 27 13 13 13 13 13 16 16 18 13 13 13
 10 10 4 4 4 2 3 3 3 3 3 4 4 5 8 8 9 9 17 22 22 24 27 27 49 49 76 92 92 92 47 47 43 43 35 11 11 12 15 15 17 17 17 13 13 9
 10 10 4 4 4 2 3 3 3 3 3 4 4 5 8 8 9 9 17 22 22 24 27 27 49 49 76 92 92 92 47 47 43 43 35 11 11 12 15 15 17 17 17 13 13 9
 12 12 5 3 3 3 3 3 2 2 2 3 3 7 9 9 10 10 18 23 23 23 24 24 47 47 51 117 117 100 33 33 30 30 15 16 16 14 13 13 14 14 15 14 14 11
 12 12 5 3 3 3 3 3 2 2 2 3 3 7 9 9 10 10 18 23 23 23 24 24 47 47 51 117 117 100 33 33 30 30 15 16 16 14 13 13 14 14 15 14 14 11
 8 8 5 4 4 3 5 5 4 4 4 5 5 8 8 8 13 13 16 19 19 19 21 21 37 37 42 55 55 72 49 49 36 36 22 9 9 8 7 7 8 8 12 12 12 6
 5 5 3 1 1 2 2 2 3 3 7 8 8 8 7 7 7 7 12 16 16 15 18 18 23 23 37 34 34 45 63 63 27 27 17 9 9 6 4 4 4 4 6 6 6 4
 5 5 3 1 1 2 2 2 3 3 7 8 8 8 7 7 7 7 12 16 16 15 18 18 23 23 37 34 34 45 63 63 27 27 17 9 9 6 4 4 4 4 6 6 6 4
 26 26 4 3 3 2 2 2 4 4 6 8 8 5 5 5 6 6 6 6 6 7 10 10 25 25 34 33 33 31 28 28 22 22 10 10 10 3 2 2 2 2 3 3 3 2
 30 30 8 10 10 14 7 7 5 5 4 5 5 4 4 4 5 5 6 4 4 8 12 12 14 14 27 31 31 23 23 23 13 13 12 9 9 4 2 2 2 2 2 2 2 1
 30 30 8 10 10 14 7 7 5 5 4 5 5 4 4 4 5 5 6 4 4 8 12 12 14 14 27 31 31 23 23 23 13 13 12 9 9 4 2 2 2 2 2 2 2 1
 20 20 23 27 27 19 9 9 5 5 3 3 3 3 4 4 4 4 6 4 4 6 13 13 15 15 17 27 27 23 21 21 13 13 41 75 75 6 21 21 1 1 2 1 1 2
 20 20 23 27 27 19 9 9 5 5 3 3 3 3 4 4 4 4 6 4 4 6 13 13 15 15 17 27 27 23 21 21 13 13 41 75 75 6 21 21 1 1 2 1 1 2
 21 21 23 14 14 12 5 5 5 5 3 3 3 2 3 3 4 4 5 5 5 5 9 9 15 15 14 17 17 19 21 21 23 23 57 76 76 95 115 115 2 2 2 2 2 4
 16 16 18 9 9 9 5 5 4 4 3 4 4 4 3 3 4 4 5 6 6 6 9 9 16 16 17 14 14 20 25 25 29 29 23 102 102 97 84 84 4 4 2 4 4 5
 16 16 18 9 9 9 5 5 4 4 3 4 4 4 3 3 4 4 5 6 6 6 9 9 16 16 17 14 14 20 25 25 29 29 23 102 102 97 84 84 4 4 2 4 4 5
 25 25 26 14 14 9 6 6 5 5 5 4 4 4 3 3 4 4 4 7 7 5 7 7 7 7 11 14 14 9 22 22 28 28 29 36 36 21 9 9 1 1 3 4 4 4
 39 39 30 11 11 8 6 6 5 5 5 3 3 3 3 3 4 4 3 6 6 6 3 3 4 4 5 6 6 7 12 12 23 23 37 32 32 24 34 34 15 15 12 7 7 3
 39 39 30 11 11 8 6 6 5 5 5 3 3 3 3 3 4 4 3 6 6 6 3 3 4 4 5 6 6 7 12 12 23 23 37 32 32 24 34 34 15 15 12 7 7 3
 20 20 12 8 8 6 6 6 5 5 5 1 1 2 3 3 3 3 3 5 5 6 5 5 3 3 4 3 3 3 5 5 14 14 14 35 35 31 34 34 27 27 28 3 3 3
 20 20 12 8 8 6 6 6 5 5 5 1 1 2 3 3 3 3 3 5 5 6 5 5 3 3 4 3 3 3 5 5 14 14 14 35 35 31 34 34 27 27 28 3 3 3
 15 15 11 5 5 4 4 4 3 3 2 1 1 1 3 3 3 3 5 5 5 6 5 5 5 5 2 3 3 3 2 2 4 4 6 17 17 23 22 22 29 29 31 11 11 2
 29 29 25 13 13 11 2 2 1 1 1 2 2 1 2 2 2 2 5 6 6 7 5 5 6 6 2 2 2 2 2 2 3 3 5 12 12 15 15 15 20 20 9 2 2 1
 29 29 25 13 13 11 2 2 1 1 1 2 2 1 2 2 2 2 5 6 6 7 5 5 6 6 2 2 2 2 2 2 3 3 5 12 12 15 15 15 20 20 9 2 2 1
 33 33 26 13 13 8 2 2 1 1 2 2 2 2 3 3 3 3 5 12 12 6 5 5 6 6 3 2 2 2 2 2 4 4 7 6 6 4 5 5 4 4 1 1 1 1
 37 37 32 23 23 14 3 3 3 3 1 2 2 1 3 3 7 7 12 8 8 8 6 6 5 5 5 4 4 3 2 2 4 4 8 14 14 3 2 2 2 2 2 0 0 1
