assets/RAT_results_old/precipitation/2021-09-27_IMERG.asc
ncols        46
nrows        77
xllcorner    74.800261325624
yllcorner    8.058333333333
cellsize     0.062500000000
NODATA_value -9999
 8 8 10 6 6 8 9 9 9 9 9 8 8 11 4 4 6 6 5 5 5 6 2 2 1 1 1 0 0 0 0 0 0 0 0 1 1 0 1 1 0 0 0 0 0 1
 9 9 7 7 7 6 4 4 8 8 5 9 9 7 7 7 6 6 5 6 6 7 2 2 1 1 1 1 1 0 1 1 1 1 1 1 1 1 1 1 0 0 0 0 0 1
 9 9 7 7 7 6 4 4 8 8 5 9 9 7 7 7 6 6 5 6 6 7 2 2 1 1 1 1 1 0 1 1 1 1 1 1 1 1 1 1 0 0 0 0 0 1
 13 13 12 12 12 10 10 10 8 8 6 6 6 9 10 10 6 6 9 7 7 10 5 5 4 4 1 1 1 1 2 2 1 1 1 1 1 2 1 1 0 0 0 1 1 1
 10 10 13 12 12 9 7 7 4 4 7 4 4 5 4 4 5 5 6 5 5 5 2 2 2 2 2 2 2 2 2 2 1 1 1 3 3 6 2 2 1 1 1 2 2 2
 10 10 13 12 12 9 7 7 4 4 7 4 4 5 4 4 5 5 6 5 5 5 2 2 2 2 2 2 2 2 2 2 1 1 1 3 3 6 2 2 1 1 1 2 2 2
 12 12 12 11 11 9 5 5 10 10 16 7 7 7 4 4 6 6 5 4 4 1 1 1 1 1 1 1 1 1 1 1 1 1 2 4 4 3 1 1 1 1 2 2 2 2
 12 12 12 11 11 9 5 5 10 10 16 7 7 7 4 4 6 6 5 4 4 1 1 1 1 1 1 1 1 1 1 1 1 1 2 4 4 3 1 1 1 1 2 2 2 2
 7 7 10 7 7 8 6 6 11 11 10 10 10 5 3 3 8 8 5 5 5 3 0 0 0 0 0 1 1 0 4 4 1 1 1 1 1 1 1 1 2 2 2 2 2 2
 4 4 11 7 7 8 7 7 5 5 7 10 10 9 7 7 7 7 6 4 4 1 1 1 2 2 1 0 0 0 1 1 0 0 0 0 0 1 2 2 1 1 2 2 2 3
 4 4 11 7 7 8 7 7 5 5 7 10 10 9 7 7 7 7 6 4 4 1 1 1 2 2 1 0 0 0 1 1 0 0 0 0 0 1 2 2 1 1 2 2 2 3
 8 8 12 8 8 14 16 16 22 22 18 11 11 16 5 5 4 4 4 3 3 3 1 1 1 1 0 0 0 0 0 0 0 0 0 1 1 1 1 1 1 1 2 3 3 4
 27 27 29 21 21 20 18 18 28 28 30 29 29 20 17 17 7 7 8 2 2 4 3 3 1 1 1 0 0 0 0 0 0 0 0 0 0 1 4 4 1 1 2 2 2 4
 27 27 29 21 21 20 18 18 28 28 30 29 29 20 17 17 7 7 8 2 2 4 3 3 1 1 1 0 0 0 0 0 0 0 0 0 0 1 4 4 1 1 2 2 2 4
 33 33 34 33 33 19 29 29 35 35 32 19 19 25 27 27 17 17 12 8 8 3 2 2 2 2 1 1 1 1 1 1 0 0 1 1 1 1 1 1 2 2 2 2 2 3
 33 33 34 33 33 19 29 29 35 35 32 19 19 25 27 27 17 17 12 8 8 3 2 2 2 2 1 1 1 1 1 1 0 0 1 1 1 1 1 1 2 2 2 2 2 3
 33 33 43 30 30 26 29 29 35 35 28 18 18 20 23 23 24 24 21 12 12 6 2 2 1 1 2 1 1 1 2 2 2 2 4 2 2 4 2 2 2 2 3 2 2 3
 21 21 40 27 27 23 26 26 17 17 24 32 32 35 21 21 12 12 11 13 13 9 1 1 1 1 4 3 3 2 3 3 3 3 4 4 4 4 6 6 5 5 6 5 5 4
 21 21 40 27 27 23 26 26 17 17 24 32 32 35 21 21 12 12 11 13 13 9 1 1 1 1 4 3 3 2 3 3 3 3 4 4 4 4 6 6 5 5 6 5 5 4
 13 13 14 10 10 9 9 9 14 14 15 21 21 40 31 31 7 7 11 10 10 9 2 2 3 3 3 5 5 3 2 2 3 3 4 4 4 4 4 4 6 6 6 17 17 25
 11 11 17 17 17 10 9 9 15 15 20 19 19 22 26 26 28 28 14 15 15 17 7 7 3 3 6 5 5 4 3 3 3 3 3 2 2 3 2 2 3 3 4 10 10 7
 11 11 17 17 17 10 9 9 15 15 20 19 19 22 26 26 28 28 14 15 15 17 7 7 3 3 6 5 5 4 3 3 3 3 3 2 2 3 2 2 3 3 4 10 10 7
 15 15 24 18 18 14 13 13 13 13 14 17 17 17 18 18 24 24 26 30 30 23 14 14 15 15 12 10 10 9 6 6 6 6 7 2 2 1 2 2 2 2 2 3 3 3
 15 15 24 18 18 14 13 13 13 13 14 17 17 17 18 18 24 24 26 30 30 23 14 14 15 15 12 10 10 9 6 6 6 6 7 2 2 1 2 2 2 2 2 3 3 3
 23 23 25 15 15 14 12 12 14 14 12 11 11 15 18 18 23 23 32 27 27 19 19 19 22 22 16 11 11 9 3 3 2 2 6 3 3 1 1 1 1 1 1 1 1 1
 25 25 19 19 19 11 15 15 14 14 14 16 16 20 22 22 29 29 38 33 33 29 21 21 18 18 19 14 14 6 2 2 1 1 1 1 1 0 0 0 1 1 1 1 1 1
 25 25 19 19 19 11 15 15 14 14 14 16 16 20 22 22 29 29 38 33 33 29 21 21 18 18 19 14 14 6 2 2 1 1 1 1 1 0 0 0 1 1 1 1 1 1
 26 26 18 18 18 18 15 15 12 12 21 28 28 32 37 37 43 43 46 43 43 35 25 25 14 14 18 18 18 11 6 6 4 4 1 1 1 0 0 0 1 1 1 1 1 1
 25 25 23 24 24 19 23 23 27 27 35 36 36 54 37 37 42 42 35 45 45 35 33 33 20 20 17 23 23 18 12 12 5 5 2 1 1 1 1 1 1 1 1 1 1 0
 25 25 23 24 24 19 23 23 27 27 35 36 36 54 37 37 42 42 35 45 45 35 33 33 20 20 17 23 23 18 12 12 5 5 2 1 1 1 1 1 1 1 1 1 1 0
 33 33 23 25 25 24 28 28 28 28 36 31 31 30 30 30 34 34 37 36 36 43 41 41 40 40 26 22 22 28 16 16 6 6 6 2 2 1 1 1 1 1 1 1 1 1
 33 33 23 25 25 24 28 28 28 28 36 31 31 30 30 30 34 34 37 36 36 43 41 41 40 40 26 22 22 28 16 16 6 6 6 2 2 1 1 1 1 1 1 1 1 1
 49 49 101 103 103 105 37 37 34 34 21 24 24 26 32 32 30 30 32 39 39 39 48 48 40 40 27 31 31 32 25 25 12 12 7 5 5 1 1 1 1 1 2 1 1 1
 93 93 93 91 91 100 30 30 28 28 15 16 16 21 28 28 28 28 24 28 28 37 42 42 31 31 27 24 24 21 18 18 11 11 9 9 9 4 1 1 1 1 2 1 1 1
 93 93 93 91 91 100 30 30 28 28 15 16 16 21 28 28 28 28 24 28 28 37 42 42 31 31 27 24 24 21 18 18 11 11 9 9 9 4 1 1 1 1 2 1 1 1
 94 94 94 96 96 70 68 68 42 42 35 32 32 27 23 23 22 22 33 30 30 34 32 32 30 30 20 22 22 20 16 16 10 10 8 8 8 6 5 5 2 2 4 1 1 2
 100 100 85 86 86 141 58 58 98 98 37 29 29 36 45 45 47 47 47 36 36 33 29 29 30 30 29 23 23 18 19 19 10 10 8 12 12 7 5 5 3 3 1 1 1 2
 100 100 85 86 86 141 58 58 98 98 37 29 29 36 45 45 47 47 47 36 36 33 29 29 30 30 29 23 23 18 19 19 10 10 8 12 12 7 5 5 3 3 1 1 1 2
 39 39 54 88 88 128 107 107 98 98 96 63 63 68 116 116 53 53 56 31 31 27 30 30 22 22 26 25 25 23 21 21 26 26 27 14 14 12 9 9 5 5 3 3 3 2
 39 39 54 88 88 128 107 107 98 98 96 63 63 68 116 116 53 53 56 31 31 27 30 30 22 22 26 25 25 23 21 21 26 26 27 14 14 12 9 9 5 5 3 3 3 2
 36 36 45 47 47 51 63 63 75 75 82 62 62 73 115 115 53 53 58 44 44 30 28 28 23 23 33 27 27 37 28 28 36 36 30 29 29 28 12 12 11 11 10 7 7 4
 27 27 32 36 36 44 61 61 76 76 76 59 59 65 69 69 41 41 45 54 54 39 32 32 30 30 30 29 29 40 38 38 36 36 25 19 19 21 13 13 14 14 11 10 10 5
 27 27 32 36 36 44 61 61 76 76 76 59 59 65 69 69 41 41 45 54 54 39 32 32 30 30 30 29 29 40 38 38 36 36 25 19 19 21 13 13 14 14 11 10 10 5
 28 28 34 39 39 40 38 38 44 44 46 51 51 52 47 47 40 40 43 51 51 43 32 32 42 42 41 38 38 40 36 36 30 30 26 21 21 19 17 17 14 14 7 3 3 1
 26 26 28 35 35 32 29 29 36 36 51 62 62 49 54 54 41 41 30 33 33 50 48 48 42 42 44 50 50 36 42 42 29 29 34 25 25 11 9 9 11 11 9 5 5 1
 26 26 28 35 35 32 29 29 36 36 51 62 62 49 54 54 41 41 30 33 33 50 48 48 42 42 44 50 50 36 42 42 29 29 34 25 25 11 9 9 11 11 9 5 5 1
 24 24 29 30 30 25 25 25 30 30 34 38 38 42 41 41 40 40 42 55 55 46 35 35 33 33 41 34 34 45 47 47 23 23 31 21 21 14 9 9 10 10 6 7 7 3
 24 24 29 30 30 25 25 25 30 30 34 38 38 42 41 41 40 40 42 55 55 46 35 35 33 33 41 34 34 45 47 47 23 23 31 21 21 14 9 9 10 10 6 7 7 3
 22 22 30 28 28 29 32 32 37 37 38 34 34 45 44 44 42 42 37 44 44 58 54 54 39 39 44 45 45 52 34 34 33 33 26 18 18 10 8 8 7 7 4 3 3 1
 15 15 20 18 18 20 26 26 38 38 36 41 41 51 52 52 88 88 94 95 95 50 49 49 37 37 41 43 43 57 46 46 36 36 24 19 19 13 5 5 4 4 1 2 2 1
 15 15 20 18 18 20 26 26 38 38 36 41 41 51 52 52 88 88 94 95 95 50 49 49 37 37 41 43 43 57 46 46 36 36 24 19 19 13 5 5 4 4 1 2 2 1
 10 10 14 22 22 29 32 32 33 33 30 40 40 56 59 59 51 51 87 97 97 48 47 47 46 46 43 45 45 48 39 39 35 35 20 14 14 14 8 8 6 6 5 2 2 0
 9 9 10 15 15 16 20 20 32 32 31 31 31 54 50 50 48 48 47 50 50 51 38 38 39 39 41 52 52 53 43 43 37 37 19 13 13 11 7 7 5 5 2 3 3 0
 9 9 10 15 15 16 20 20 32 32 31 31 31 54 50 50 48 48 47 50 50 51 38 38 39 39 41 52 52 53 43 43 37 37 19 13 13 11 7 7 5 5 2 3 3 0
 9 9 9 10 10 12 14 14 17 17 14 14 14 27 28 28 27 27 35 35 35 48 44 44 38 38 39 40 40 43 45 45 25 25 23 16 16 13 8 8 5 5 1 0 0 0
 9 9 9 10 10 12 14 14 17 17 14 14 14 27 28 28 27 27 35 35 35 48 44 44 38 38 39 40 40 43 45 45 25 25 23 16 16 13 8 8 5 5 1 0 0 0
 9 9 8 9 9 10 11 11 13 13 15 14 14 23 24 24 23 23 22 39 39 27 39 39 35 35 39 37 37 34 28 28 24 24 14 9 9 10 11 11 5 5 1 1 1 0
 9 9 11 12 12 11 12 12 14 14 15 17 17 19 23 23 30 30 30 20 20 19 33 33 33 33 37 36 36 32 32 32 24 24 23 20 20 12 11 11 5 5 1 1 1 0
 9 9 11 12 12 11 12 12 14 14 15 17 17 19 23 23 30 30 30 20 20 19 33 33 33 33 37 36 36 32 32 32 24 24 23 20 20 12 11 11 5 5 1 1 1 0
 10 10 11 12 12 12 14 14 14 14 18 21 21 25 29 29 24 24 20 16 16 14 20 20 34 34 36 31 31 27 25 25 21 21 12 11 11 12 10 10 4 4 1 1 1 0
 12 12 12 12 12 10 11 11 10 10 12 16 16 21 24 24 20 20 16 11 11 12 13 13 22 22 26 25 25 29 30 30 26 26 20 12 12 7 5 5 4 4 2 0 0 0
 12 12 12 12 12 10 11 11 10 10 12 16 16 21 24 24 20 20 16 11 11 12 13 13 22 22 26 25 25 29 30 30 26 26 20 12 12 7 5 5 4 4 2 0 0 0
 11 11 12 11 11 12 10 10 9 9 13 14 14 14 18 18 15 15 11 10 10 9 10 10 22 22 23 22 22 25 27 27 34 34 25 16 16 7 4 4 3 3 1 0 0 0
 11 11 12 11 11 12 10 10 9 9 13 14 14 14 18 18 15 15 11 10 10 9 10 10 22 22 23 22 22 25 27 27 34 34 25 16 16 7 4 4 3 3 1 0 0 0
 10 10 9 11 11 10 9 9 10 10 13 14 14 13 12 12 11 11 10 10 10 10 10 10 15 15 20 20 20 19 21 21 21 21 29 10 10 6 9 9 7 7 4 3 3 0
 7 7 7 7 7 7 6 6 8 8 13 13 13 13 11 11 10 10 10 10 10 9 10 10 10 10 11 16 16 14 16 16 12 12 11 6 6 7 9 9 7 7 5 3 3 0
 7 7 7 7 7 7 6 6 8 8 13 13 13 13 11 11 10 10 10 10 10 9 10 10 10 10 11 16 16 14 16 16 12 12 11 6 6 7 9 9 7 7 5 3 3 0
 6 6 8 8 8 6 4 4 4 4 8 8 8 8 9 9 9 9 12 11 11 12 10 10 9 9 14 18 18 16 12 12 13 13 14 8 8 10 9 9 6 6 1 0 0 0
 7 7 7 8 8 6 5 5 3 3 6 6 6 6 7 7 7 7 9 10 10 11 12 12 11 11 12 17 17 18 16 16 12 12 21 19 19 7 10 10 11 11 6 0 0 0
 7 7 7 8 8 6 5 5 3 3 6 6 6 6 7 7 7 7 9 10 10 11 12 12 11 11 12 17 17 18 16 16 12 12 21 19 19 7 10 10 11 11 6 0 0 0
 6 6 5 5 5 5 4 4 3 3 7 6 6 6 6 6 6 6 6 5 5 6 7 7 6 6 10 12 12 14 15 15 15 15 14 20 20 12 7 7 5 5 5 6 6 1
 6 6 5 5 5 5 4 4 3 3 7 6 6 6 6 6 6 6 6 5 5 6 7 7 6 6 10 12 12 14 15 15 15 15 14 20 20 12 7 7 5 5 5 6 6 1
 5 5 5 7 7 7 5 5 5 5 9 9 9 9 8 8 6 6 7 4 4 4 6 6 6 6 7 6 6 6 10 10 10 10 11 12 12 6 3 3 1 1 5 3 3 6
 5 5 4 6 6 14 11 11 12 12 8 8 8 8 7 7 6 6 5 4 4 4 4 4 4 4 4 4 4 6 8 8 10 10 15 10 10 5 5 5 7 7 4 3 3 8
 5 5 4 6 6 14 11 11 12 12 8 8 8 8 7 7 6 6 5 4 4 4 4 4 4 4 4 4 4 6 8 8 10 10 15 10 10 5 5 5 7 7 4 3 3 8
 6 6 6 7 7 10 33 33 15 15 11 9 9 11 8 8 6 6 6 5 5 3 3 3 5 5 3 3 3 5 8 8 12 12 10 10 10 6 3 3 5 5 4 2 2 4
 6 6 7 9 9 12 28 28 40 40 24 16 16 13 11 11 9 9 7 6 6 5 4 4 5 5 7 4 4 4 7 7 11 11 9 6 6 7 4 4 4 4 4 4 4 2
