assets/RAT_results_old/precipitation/2021-07-14_IMERG.asc
ncols        46
nrows        77
xllcorner    74.800261325624
yllcorner    8.058333333333
cellsize     0.062500000000
NODATA_value -9999
 42 42 48 62 62 66 62 62 71 71 69 66 66 48 41 41 40 40 46 44 44 53 41 41 36 36 31 28 28 21 21 21 17 17 16 16 16 13 10 10 10 10 18 16 16 18
 38 38 39 51 51 52 50 50 62 62 68 59 59 48 45 45 53 53 49 38 38 50 46 46 37 37 31 30 30 21 18 18 17 17 14 12 12 10 9 9 9 9 11 15 15 20
 38 38 39 51 51 52 50 50 62 62 68 59 59 48 45 45 53 53 49 38 38 50 46 46 37 37 31 30 30 21 18 18 17 17 14 12 12 10 9 9 9 9 11 15 15 20
 31 31 40 36 36 50 51 51 72 72 74 65 65 74 48 48 54 54 52 36 36 36 40 40 32 32 36 35 35 21 22 22 17 17 15 13 13 10 8 8 7 7 7 8 8 16
 25 25 41 39 39 48 53 53 59 59 67 72 72 46 35 35 44 44 38 37 37 35 28 28 30 30 35 30 30 16 16 16 14 14 14 9 9 8 10 10 8 8 7 6 6 7
 25 25 41 39 39 48 53 53 59 59 67 72 72 46 35 35 44 44 38 37 37 35 28 28 30 30 35 30 30 16 16 16 14 14 14 9 9 8 10 10 8 8 7 6 6 7
 19 19 23 35 35 48 56 56 56 56 74 57 57 54 56 56 46 46 43 30 30 30 32 32 28 28 36 25 25 17 14 14 15 15 13 12 12 10 7 7 7 7 6 7 7 9
 19 19 23 35 35 48 56 56 56 56 74 57 57 54 56 56 46 46 43 30 30 30 32 32 28 28 36 25 25 17 14 14 15 15 13 12 12 10 7 7 7 7 6 7 7 9
 26 26 37 60 60 53 48 48 57 57 60 67 67 70 48 48 45 45 34 30 30 26 25 25 25 25 25 18 18 15 12 12 11 11 9 9 9 8 9 9 10 10 10 13 13 22
 23 23 11 37 37 50 45 45 45 45 56 67 67 87 63 63 43 43 25 28 28 19 23 23 19 19 21 18 18 17 14 14 12 12 12 12 12 10 15 15 19 19 18 16 16 19
 23 23 11 37 37 50 45 45 45 45 56 67 67 87 63 63 43 43 25 28 28 19 23 23 19 19 21 18 18 17 14 14 12 12 12 12 12 10 15 15 19 19 18 16 16 19
 6 6 8 27 27 33 29 29 35 35 26 38 38 42 60 60 35 35 32 38 38 32 26 26 21 21 22 18 18 11 11 11 9 9 10 13 13 10 12 12 11 11 10 13 13 18
 6 6 7 23 23 28 25 25 32 32 49 50 50 50 85 85 65 65 48 43 43 38 29 29 25 25 24 19 19 9 8 8 8 8 7 8 8 10 11 11 12 12 12 14 14 16
 6 6 7 23 23 28 25 25 32 32 49 50 50 50 85 85 65 65 48 43 43 38 29 29 25 25 24 19 19 9 8 8 8 8 7 8 8 10 11 11 12 12 12 14 14 16
 6 6 6 21 21 19 30 30 48 48 53 52 52 42 76 76 48 48 55 50 50 38 28 28 27 27 22 19 19 10 7 7 7 7 6 6 6 9 14 14 18 18 23 19 19 18
 6 6 6 21 21 19 30 30 48 48 53 52 52 42 76 76 48 48 55 50 50 38 28 28 27 27 22 19 19 10 7 7 7 7 6 6 6 9 14 14 18 18 23 19 19 18
 7 7 7 8 8 22 27 27 37 37 40 28 28 26 29 29 31 31 42 32 32 29 15 15 14 14 12 7 7 7 6 6 9 9 7 6 6 5 11 11 22 22 32 24 24 18
 6 6 5 6 6 6 23 23 27 27 30 23 23 33 30 30 34 34 41 28 28 19 8 8 8 8 9 7 7 6 6 6 8 8 7 6 6 5 12 12 19 19 29 26 26 26
 6 6 5 6 6 6 23 23 27 27 30 23 23 33 30 30 34 34 41 28 28 19 8 8 8 8 9 7 7 6 6 6 8 8 7 6 6 5 12 12 19 19 29 26 26 26
 3 3 3 3 3 4 6 6 25 25 31 42 42 44 38 38 42 42 44 30 30 28 13 13 8 8 7 6 6 7 8 8 10 10 9 7 7 7 7 7 17 17 24 20 20 25
 3 3 4 2 2 4 4 4 24 24 31 42 42 49 42 42 43 43 43 23 23 20 27 27 18 18 16 12 12 13 10 10 8 8 7 7 7 7 7 7 11 11 22 18 18 24
 3 3 4 2 2 4 4 4 24 24 31 42 42 49 42 42 43 43 43 23 23 20 27 27 18 18 16 12 12 13 10 10 8 8 7 7 7 7 7 7 11 11 22 18 18 24
 3 3 4 3 3 3 5 5 7 7 40 44 44 39 56 56 40 40 40 24 24 34 31 31 23 23 21 19 19 23 16 16 12 12 11 9 9 9 6 6 5 5 4 4 4 9
 3 3 4 3 3 3 5 5 7 7 40 44 44 39 56 56 40 40 40 24 24 34 31 31 23 23 21 19 19 23 16 16 12 12 11 9 9 9 6 6 5 5 4 4 4 9
 8 8 3 2 2 2 2 2 5 5 10 25 25 28 42 42 31 31 23 24 24 20 26 26 36 36 20 21 21 23 14 14 11 11 8 6 6 4 3 3 1 1 1 3 3 6
 12 12 5 3 3 3 7 7 6 6 7 23 23 20 25 25 25 25 13 8 8 25 30 30 33 33 28 27 27 14 12 12 8 8 9 5 5 4 3 3 4 4 2 4 4 18
 12 12 5 3 3 3 7 7 6 6 7 23 23 20 25 25 25 25 13 8 8 25 30 30 33 33 28 27 27 14 12 12 8 8 9 5 5 4 3 3 4 4 2 4 4 18
 4 4 3 3 3 2 2 2 2 2 2 21 21 23 23 23 22 22 15 8 8 19 20 20 24 24 25 25 25 12 4 4 4 4 6 4 4 7 9 9 5 5 4 4 4 6
 4 4 3 3 3 3 3 3 4 4 5 2 2 8 18 18 24 24 25 9 9 19 34 34 26 26 23 22 22 9 4 4 10 10 6 4 4 3 5 5 4 4 6 4 4 6
 4 4 3 3 3 3 3 3 4 4 5 2 2 8 18 18 24 24 25 9 9 19 34 34 26 26 23 22 22 9 4 4 10 10 6 4 4 3 5 5 4 4 6 4 4 6
 6 6 4 4 4 4 4 4 4 4 4 2 2 3 24 24 24 24 25 19 19 20 23 23 21 21 21 21 21 10 9 9 12 12 11 5 5 3 3 3 6 6 7 6 6 4
 6 6 4 4 4 4 4 4 4 4 4 2 2 3 24 24 24 24 25 19 19 20 23 23 21 21 21 21 21 10 9 9 12 12 11 5 5 3 3 3 6 6 7 6 6 4
 7 7 4 4 4 4 4 4 3 3 9 12 12 17 27 27 20 20 23 20 20 26 25 25 17 17 15 24 24 8 9 9 16 16 16 9 9 4 6 6 6 6 5 3 3 3
 12 12 4 5 5 4 3 3 4 4 4 11 11 17 19 19 11 11 28 26 26 28 27 27 22 22 19 10 10 8 7 7 11 11 10 12 12 12 7 7 5 5 4 4 4 3
 12 12 4 5 5 4 3 3 4 4 4 11 11 17 19 19 11 11 28 26 26 28 27 27 22 22 19 10 10 8 7 7 11 11 10 12 12 12 7 7 5 5 4 4 4 3
 10 10 3 4 4 4 4 4 4 4 5 5 5 5 5 5 15 15 19 18 18 18 21 21 21 21 24 8 8 30 30 30 31 31 32 23 23 13 13 13 17 17 17 9 9 8
 3 3 3 4 4 4 3 3 4 4 5 5 5 6 6 6 15 15 16 20 20 21 22 22 14 14 22 23 23 32 36 36 38 38 41 28 28 31 26 26 22 22 23 18 18 9
 3 3 3 4 4 4 3 3 4 4 5 5 5 6 6 6 15 15 16 20 20 21 22 22 14 14 22 23 23 32 36 36 38 38 41 28 28 31 26 26 22 22 23 18 18 9
 6 6 5 4 4 4 3 3 4 4 5 5 5 7 6 6 14 14 21 34 34 23 19 19 15 15 23 32 32 54 50 50 47 47 40 30 30 27 23 23 23 23 20 19 19 11
 6 6 5 4 4 4 3 3 4 4 5 5 5 7 6 6 14 14 21 34 34 23 19 19 15 15 23 32 32 54 50 50 47 47 40 30 30 27 23 23 23 23 20 19 19 11
 1 1 4 4 4 4 3 3 5 5 5 3 3 3 5 5 13 13 24 41 41 47 30 30 21 21 32 33 33 52 32 32 27 27 23 30 30 24 29 29 28 28 28 23 23 16
 1 1 1 1 1 1 2 2 3 3 3 3 3 4 8 8 12 12 27 43 43 45 32 32 26 26 28 36 36 44 48 48 48 48 41 23 23 25 21 21 26 26 28 21 21 15
 1 1 1 1 1 1 2 2 3 3 3 3 3 4 8 8 12 12 27 43 43 45 32 32 26 26 28 36 36 44 48 48 48 48 41 23 23 25 21 21 26 26 28 21 21 15
 1 1 1 1 1 1 2 2 3 3 3 3 3 4 10 10 15 15 22 24 24 44 38 38 21 21 24 32 32 32 47 47 43 43 32 24 24 21 24 24 27 27 24 20 20 7
 1 1 1 1 1 2 2 2 3 3 3 3 3 3 9 9 11 11 16 20 20 34 25 25 27 27 17 23 23 24 42 42 45 45 31 19 19 18 11 11 11 11 10 17 17 6
 1 1 1 1 1 2 2 2 3 3 3 3 3 3 9 9 11 11 16 20 20 34 25 25 27 27 17 23 23 24 42 42 45 45 31 19 19 18 11 11 11 11 10 17 17 6
 1 1 1 1 1 2 2 2 2 2 5 2 2 2 6 6 10 10 12 23 23 21 21 21 26 26 10 12 12 11 27 27 15 15 24 26 26 12 6 6 10 10 13 4 4 3
 1 1 1 1 1 2 2 2 2 2 5 2 2 2 6 6 10 10 12 23 23 21 21 21 26 26 10 12 12 11 27 27 15 15 24 26 26 12 6 6 10 10 13 4 4 3
 1 1 1 1 1 2 2 2 2 2 4 6 6 9 14 14 9 9 11 21 21 28 25 25 30 30 25 17 17 15 26 26 18 18 18 17 17 20 12 12 6 6 6 3 3 3
 1 1 1 2 2 2 2 2 3 3 2 6 6 6 14 14 14 14 20 22 22 68 35 35 48 48 25 19 19 23 15 15 13 13 10 11 11 10 8 8 6 6 6 4 4 2
 1 1 1 2 2 2 2 2 3 3 2 6 6 6 14 14 14 14 20 22 22 68 35 35 48 48 25 19 19 23 15 15 13 13 10 11 11 10 8 8 6 6 6 4 4 2
 1 1 1 1 1 1 1 1 2 2 1 4 4 13 11 11 25 25 47 45 45 101 51 51 38 38 22 14 14 18 19 19 25 25 27 12 12 10 4 4 6 6 17 10 10 9
 1 1 1 1 1 1 1 1 1 1 1 4 4 13 22 22 64 64 74 55 55 124 59 59 18 18 12 12 12 13 21 21 22 22 21 9 9 10 8 8 6 6 19 7 7 6
 1 1 1 1 1 1 1 1 1 1 1 4 4 13 22 22 64 64 74 55 55 124 59 59 18 18 12 12 12 13 21 21 22 22 21 9 9 10 8 8 6 6 19 7 7 6
 1 1 1 1 1 1 1 1 1 1 1 4 4 11 43 43 45 45 14 10 10 40 42 42 10 10 12 6 6 17 25 25 17 17 14 6 6 7 7 7 6 6 8 7 7 6
 1 1 1 1 1 1 1 1 1 1 1 4 4 11 43 43 45 45 14 10 10 40 42 42 10 10 12 6 6 17 25 25 17 17 14 6 6 7 7 7 6 6 8 7 7 6
 1 1 1 1 1 1 1 1 1 1 1 2 2 2 11 11 17 17 6 5 5 9 8 8 10 10 9 11 11 17 15 15 10 10 9 9 9 8 9 9 8 8 6 5 5 3
 1 1 1 2 2 2 2 2 2 2 2 1 1 1 1 1 3 3 5 8 8 7 7 7 6 6 6 10 10 19 18 18 10 10 8 6 6 7 13 13 13 13 6 5 5 2
 1 1 1 2 2 2 2 2 2 2 2 1 1 1 1 1 3 3 5 8 8 7 7 7 6 6 6 10 10 19 18 18 10 10 8 6 6 7 13 13 13 13 6 5 5 2
 2 2 3 4 4 4 4 4 3 3 1 1 1 0 1 1 3 3 3 6 6 4 5 5 7 7 6 11 11 20 17 17 12 12 6 6 6 7 9 9 8 8 10 5 5 2
 4 4 5 5 5 4 3 3 2 2 1 0 0 0 1 1 4 4 1 1 1 1 1 1 2 2 2 8 8 22 28 28 4 4 4 4 4 8 9 9 10 10 10 5 5 2
 4 4 5 5 5 4 3 3 2 2 1 0 0 0 1 1 4 4 1 1 1 1 1 1 2 2 2 8 8 22 28 28 4 4 4 4 4 8 9 9 10 10 10 5 5 2
 4 4 5 4 4 3 2 2 1 1 1 1 1 1 1 1 1 1 1 1 1 1 1 1 1 1 2 5 5 10 2 2 2 2 5 9 9 6 9 9 9 9 9 4 4 4
 4 4 5 4 4 3 2 2 1 1 1 1 1 1 1 1 1 1 1 1 1 1 1 1 1 1 2 5 5 10 2 2 2 2 5 9 9 6 9 9 9 9 9 4 4 4
 3 3 3 2 2 1 1 1 2 2 2 1 1 1 1 1 1 1 1 0 0 0 1 1 1 1 1 1 1 4 2 2 2 2 5 8 8 7 9 9 12 12 7 6 6 5
 2 2 1 1 1 1 1 1 2 2 2 2 2 2 1 1 0 0 0 0 0 1 1 1 1 1 1 2 2 3 2 2 2 2 5 8 8 5 7 7 10 10 6 5 5 4
 2 2 1 1 1 1 1 1 2 2 2 2 2 2 1 1 0 0 0 0 0 1 1 1 1 1 1 2 2 3 2 2 2 2 5 8 8 5 7 7 10 10 6 5 5 4
 1 1 1 1 1 1 1 1 1 1 1 1 1 1 1 1 1 1 0 0 0 1 4 4 1 1 0 1 1 1 1 1 1 1 3 4 4 3 6 6 5 5 4 4 4 5
 0 0 1 1 1 1 1 1 1 1 1 1 1 1 1 1 0 0 0 0 0 0 1 1 0 0 0 0 0 1 1 1 2 2 2 1 1 1 5 5 4 4 6 5 5 4
 0 0 1 1 1 1 1 1 1 1 1 1 1 1 1 1 0 0 0 0 0 0 1 1 0 0 0 0 0 1 1 1 2 2 2 1 1 1 5 5 4 4 6 5 5 4
 1 1 1 1 1 1 0 0 0 0 1 1 1 1 1 1 0 0 0 1 1 1 1 1 0 0 0 0 0 1 2 2 2 2 4 2 2 1 3 3 5 5 5 6 6 5
 1 1 1 1 1 1 0 0 0 0 1 1 1 1 1 1 0 0 0 1 1 1 1 1 0 0 0 0 0 1 2 2 2 2 4 2 2 1 3 3 5 5 5 6 6 5
 2 2 2 1 1 0 0 0 0 0 0 1 1 0 0 0 0 0 0 1 1 1 0 0 0 0 0 0 0 1 2 2 2 2 3 3 3 1 2 2 3 3 8 4 4 5
 3 3 1 0 0 0 0 0 0 0 0 0 0 0 0 0 0 0 0 0 0 0 0 0 0 0 0 1 1 1 1 1 1 1 1 2 2 2 2 2 3 3 5 2 2 1
 3 3 1 0 0 0 0 0 0 0 0 0 0 0 0 0 0 0 0 0 0 0 0 0 0 0 0 1 1 1 1 1 1 1 1 2 2 2 2 2 3 3 5 2 2 1
 3 3 2 1 1 0 0 0 0 0 0 0 0 0 0 0 0 0 0 0 0 0 0 0 0 0 0 1 1 1 0 0 0 0 1 2 2 2 2 2 2 2 2 1 1 1
 1 1 2 2 2 1 0 0 0 0 0 0 0 0 0 0 0 0 0 0 0 0 0 0 1 1 1 1 1 0 0 0 0 0 0 1 1 4 5 5 2 2 1 0 0 0
