assets/RAT_results_old/precipitation/2021-03-20_IMERG.asc
ncols        46
nrows        77
xllcorner    74.800261325624
yllcorner    8.058333333333
cellsize     0.062500000000
NODATA_value -9999
 0 0 0 0 0 0 0 0 0 0 2 2 2 1 3 3 2 2 3 6 6 1 0 0 0 0 0 0 0 4 3 3 2 2 0 0 0 0 0 0 0 0 0 0 0 1
 0 0 0 0 0 0 0 0 0 0 1 6 6 3 3 3 2 2 3 4 4 1 1 1 1 1 0 0 0 0 0 0 0 0 0 0 0 0 0 0 0 0 0 0 0 1
 0 0 0 0 0 0 0 0 0 0 1 6 6 3 3 3 2 2 3 4 4 1 1 1 1 1 0 0 0 0 0 0 0 0 0 0 0 0 0 0 0 0 0 0 0 1
 1 1 0 0 0 0 0 0 0 0 6 6 6 2 3 3 2 2 6 2 2 2 1 1 1 1 0 0 0 0 0 0 0 0 0 0 0 0 0 0 0 0 0 0 0 0
 0 0 0 0 0 0 0 0 2 2 3 6 6 25 3 3 13 13 3 4 4 2 1 1 1 1 0 0 0 0 0 0 0 0 0 0 0 0 0 0 0 0 0 0 0 0
 0 0 0 0 0 0 0 0 2 2 3 6 6 25 3 3 13 13 3 4 4 2 1 1 1 1 0 0 0 0 0 0 0 0 0 0 0 0 0 0 0 0 0 0 0 0
 0 0 0 0 0 0 0 0 20 20 23 22 22 21 23 23 9 9 9 3 3 1 1 1 1 1 2 2 2 2 0 0 0 0 0 0 0 0 0 0 0 0 0 0 0 0
 0 0 0 0 0 0 0 0 20 20 23 22 22 21 23 23 9 9 9 3 3 1 1 1 1 1 2 2 2 2 0 0 0 0 0 0 0 0 0 0 0 0 0 0 0 0
 0 0 0 0 0 0 0 0 19 19 50 59 59 37 38 38 39 39 19 4 4 2 2 2 1 1 2 2 2 0 0 0 0 0 0 0 0 0 0 0 0 0 0 0 0 0
 0 0 0 0 0 0 0 0 1 1 17 48 48 48 59 59 63 63 29 4 4 2 1 1 1 1 0 0 0 0 0 0 0 0 0 0 0 0 0 0 0 0 0 0 0 0
 0 0 0 0 0 0 0 0 1 1 17 48 48 48 59 59 63 63 29 4 4 2 1 1 1 1 0 0 0 0 0 0 0 0 0 0 0 0 0 0 0 0 0 0 0 0
 0 0 0 1 1 0 0 0 0 0 18 1 1 3 21 21 19 19 4 5 5 3 2 2 1 1 0 0 0 0 0 0 0 0 0 0 0 0 0 0 0 0 0 0 0 0
 0 0 0 0 0 1 0 0 0 0 0 0 0 1 3 3 5 5 5 3 3 3 2 2 1 1 0 0 0 0 0 0 0 0 0 0 0 0 0 0 0 0 0 1 1 0
 0 0 0 0 0 1 0 0 0 0 0 0 0 1 3 3 5 5 5 3 3 3 2 2 1 1 0 0 0 0 0 0 0 0 0 0 0 0 0 0 0 0 0 1 1 0
 0 0 0 0 0 0 1 1 0 0 0 0 0 0 1 1 3 3 4 1 1 1 0 0 0 0 0 0 0 0 0 0 0 0 0 0 0 0 0 0 0 0 1 1 1 0
 0 0 0 0 0 0 1 1 0 0 0 0 0 0 1 1 3 3 4 1 1 1 0 0 0 0 0 0 0 0 0 0 0 0 0 0 0 0 0 0 0 0 1 1 1 0
 0 0 0 0 0 1 0 0 1 1 0 0 0 0 1 1 1 1 1 0 0 0 0 0 1 1 1 1 1 0 0 0 0 0 0 0 0 0 0 0 1 1 1 1 1 0
 0 0 0 0 0 0 0 0 0 0 1 0 0 0 0 0 0 0 0 0 0 0 1 1 1 1 0 0 0 0 0 0 0 0 0 0 0 0 0 0 1 1 0 0 0 0
 0 0 0 0 0 0 0 0 0 0 1 0 0 0 0 0 0 0 0 0 0 0 1 1 1 1 0 0 0 0 0 0 0 0 0 0 0 0 0 0 1 1 0 0 0 0
 0 0 0 0 0 0 0 0 0 0 1 0 0 0 0 0 0 0 0 0 0 0 2 2 1 1 0 0 0 0 0 0 0 0 0 0 0 0 0 0 1 1 0 0 0 0
 0 0 0 0 0 0 0 0 0 0 0 1 1 0 0 0 0 0 0 0 0 0 1 1 0 0 0 0 0 0 0 0 0 0 0 0 0 0 1 1 0 0 0 1 1 1
 0 0 0 0 0 0 0 0 0 0 0 1 1 0 0 0 0 0 0 0 0 0 1 1 0 0 0 0 0 0 0 0 0 0 0 0 0 0 1 1 0 0 0 1 1 1
 0 0 0 0 0 0 0 0 0 0 0 0 0 0 0 0 0 0 0 1 1 1 0 0 0 0 0 0 0 1 1 1 0 0 0 0 0 0 0 0 0 0 1 2 2 3
 0 0 0 0 0 0 0 0 0 0 0 0 0 0 0 0 0 0 0 1 1 1 0 0 0 0 0 0 0 1 1 1 0 0 0 0 0 0 0 0 0 0 1 2 2 3
 0 0 0 0 0 0 0 0 0 0 0 0 0 0 1 1 0 0 1 1 1 1 0 0 0 0 0 1 1 1 1 1 0 0 0 0 0 1 1 1 1 1 1 2 2 2
 0 0 0 0 0 0 0 0 0 0 1 1 1 1 1 1 1 1 1 2 2 1 0 0 0 0 9 1 1 2 0 0 0 0 0 0 0 1 1 1 1 1 2 2 2 1
 0 0 0 0 0 0 0 0 0 0 1 1 1 1 1 1 1 1 1 2 2 1 0 0 0 0 9 1 1 2 0 0 0 0 0 0 0 1 1 1 1 1 2 2 2 1
 0 0 0 0 0 0 1 1 1 1 2 2 2 56 1 1 2 2 2 2 2 1 0 0 0 0 3 1 1 1 0 0 1 1 10 14 14 2 2 2 2 2 3 3 3 1
 0 0 0 0 0 0 1 1 1 1 1 58 58 58 1 1 3 3 3 1 1 1 0 0 0 0 1 0 0 0 3 3 9 9 10 3 3 3 3 3 2 2 1 1 1 0
 0 0 0 0 0 0 1 1 1 1 1 58 58 58 1 1 3 3 3 1 1 1 0 0 0 0 1 0 0 0 3 3 9 9 10 3 3 3 3 3 2 2 1 1 1 0
 0 0 0 0 0 0 1 1 1 1 1 0 0 0 0 0 1 1 1 0 0 0 1 1 0 0 0 0 0 0 0 0 3 3 3 8 8 2 3 3 1 1 0 0 0 0
 0 0 0 0 0 0 1 1 1 1 1 0 0 0 0 0 1 1 1 0 0 0 1 1 0 0 0 0 0 0 0 0 3 3 3 8 8 2 3 3 1 1 0 0 0 0
 0 0 0 0 0 0 0 0 0 0 1 0 0 0 1 1 0 0 0 0 0 0 0 0 0 0 0 0 0 0 1 1 5 5 6 2 2 3 2 2 1 1 0 0 0 0
 0 0 0 0 0 1 0 0 0 0 0 0 0 0 6 6 2 2 0 0 0 0 0 0 0 0 0 0 0 0 0 0 3 3 4 2 2 4 2 2 1 1 0 0 0 0
 0 0 0 0 0 1 0 0 0 0 0 0 0 0 6 6 2 2 0 0 0 0 0 0 0 0 0 0 0 0 0 0 3 3 4 2 2 4 2 2 1 1 0 0 0 0
 0 0 0 0 0 0 0 0 0 0 0 0 0 1 9 9 7 7 1 1 1 2 1 1 0 0 1 1 1 1 1 1 1 1 1 4 4 3 1 1 0 0 0 0 0 0
 1 1 1 1 1 1 1 1 1 1 11 9 9 7 11 11 6 6 5 5 5 1 1 1 1 1 2 2 2 3 2 2 1 1 2 1 1 1 1 1 0 0 0 0 0 0
 1 1 1 1 1 1 1 1 1 1 11 9 9 7 11 11 6 6 5 5 5 1 1 1 1 1 2 2 2 3 2 2 1 1 2 1 1 1 1 1 0 0 0 0 0 0
 1 1 1 1 1 1 2 2 1 1 43 12 12 49 6 6 12 12 18 8 8 6 0 0 1 1 3 5 5 5 5 5 3 3 2 1 1 1 1 1 0 0 0 0 0 0
 1 1 1 1 1 1 2 2 1 1 43 12 12 49 6 6 12 12 18 8 8 6 0 0 1 1 3 5 5 5 5 5 3 3 2 1 1 1 1 1 0 0 0 0 0 0
 0 0 1 1 1 1 4 4 3 3 30 10 10 8 66 66 59 59 23 24 24 7 1 1 2 2 6 7 7 7 6 6 4 4 2 1 1 1 1 1 0 0 0 0 0 0
 1 1 2 3 3 1 8 8 4 4 13 34 34 32 35 35 20 20 12 13 13 3 0 0 1 1 3 4 4 4 5 5 3 3 1 2 2 2 1 1 1 1 2 0 0 0
 1 1 2 3 3 1 8 8 4 4 13 34 34 32 35 35 20 20 12 13 13 3 0 0 1 1 3 4 4 4 5 5 3 3 1 2 2 2 1 1 1 1 2 0 0 0
 3 3 13 4 4 10 9 9 37 37 39 47 47 28 62 62 13 13 12 2 2 1 0 0 0 0 1 1 1 2 7 7 2 2 1 3 3 4 2 2 1 1 0 0 0 0
 18 18 18 14 14 12 36 36 50 50 39 50 50 21 22 22 17 17 16 14 14 1 1 1 0 0 0 1 1 1 6 6 21 21 3 1 1 2 4 4 1 1 0 0 0 0
 18 18 18 14 14 12 36 36 50 50 39 50 50 21 22 22 17 17 16 14 14 1 1 1 0 0 0 1 1 1 6 6 21 21 3 1 1 2 4 4 1 1 0 0 0 0
 36 36 69 11 11 18 26 26 54 54 66 67 67 52 21 21 11 11 18 1 1 1 0 0 0 0 0 0 0 4 4 4 26 26 2 2 2 1 1 1 2 2 0 0 0 0
 36 36 69 11 11 18 26 26 54 54 66 67 67 52 21 21 11 11 18 1 1 1 0 0 0 0 0 0 0 4 4 4 26 26 2 2 2 1 1 1 2 2 0 0 0 0
 83 83 85 27 27 21 27 27 57 57 62 57 57 12 11 11 22 22 1 1 1 0 1 1 0 0 0 0 0 0 4 4 26 26 1 0 0 1 1 1 4 4 1 0 0 0
 99 99 69 19 19 38 35 35 48 48 48 46 46 14 37 37 38 38 4 0 0 0 0 0 0 0 0 0 0 0 0 0 4 4 1 2 2 3 2 2 4 4 1 0 0 0
 99 99 69 19 19 38 35 35 48 48 48 46 46 14 37 37 38 38 4 0 0 0 0 0 0 0 0 0 0 0 0 0 4 4 1 2 2 3 2 2 4 4 1 0 0 0
 53 53 11 10 10 34 50 50 74 74 38 44 44 10 20 20 15 15 4 1 1 0 1 1 0 0 0 0 0 0 0 0 5 5 13 12 12 3 3 3 4 4 2 1 1 0
 15 15 5 36 36 39 55 55 69 69 41 45 45 12 14 14 23 23 0 0 0 0 0 0 1 1 0 0 0 0 0 0 1 1 47 72 72 15 3 3 5 5 4 2 2 0
 15 15 5 36 36 39 55 55 69 69 41 45 45 12 14 14 23 23 0 0 0 0 0 0 1 1 0 0 0 0 0 0 1 1 47 72 72 15 3 3 5 5 4 2 2 0
 15 15 3 40 40 37 50 50 59 59 43 42 42 11 14 14 20 20 2 0 0 0 0 0 1 1 0 0 0 0 0 0 14 14 98 56 56 13 3 3 2 2 2 1 1 0
 15 15 3 40 40 37 50 50 59 59 43 42 42 11 14 14 20 20 2 0 0 0 0 0 1 1 0 0 0 0 0 0 14 14 98 56 56 13 3 3 2 2 2 1 1 0
 13 13 9 28 28 72 46 46 26 26 42 45 45 11 11 11 4 4 3 2 2 0 0 0 0 0 0 0 0 0 1 1 20 20 56 59 59 16 4 4 2 2 1 0 0 0
 13 13 50 45 45 51 66 66 37 37 23 17 17 8 7 7 4 4 4 2 2 0 0 0 0 0 0 0 0 0 1 1 16 16 58 61 61 58 4 4 1 1 1 0 0 0
 13 13 50 45 45 51 66 66 37 37 23 17 17 8 7 7 4 4 4 2 2 0 0 0 0 0 0 0 0 0 1 1 16 16 58 61 61 58 4 4 1 1 1 0 0 0
 22 22 40 46 46 53 59 59 24 24 16 16 16 15 4 4 8 8 1 1 1 0 0 0 0 0 0 0 0 1 3 3 19 19 59 17 17 15 3 3 1 1 1 0 0 0
 46 46 40 48 48 56 41 41 17 17 13 9 9 11 4 4 8 8 9 8 8 4 0 0 0 0 0 0 0 1 3 3 8 8 8 6 6 33 3 3 3 3 1 0 0 0
 46 46 40 48 48 56 41 41 17 17 13 9 9 11 4 4 8 8 9 8 8 4 0 0 0 0 0 0 0 1 3 3 8 8 8 6 6 33 3 3 3 3 1 0 0 0
 28 28 44 62 62 26 33 33 7 7 6 11 11 9 9 9 7 7 2 3 3 1 0 0 0 0 0 0 0 1 2 2 4 4 5 18 18 32 72 72 4 4 1 0 0 0
 28 28 44 62 62 26 33 33 7 7 6 11 11 9 9 9 7 7 2 3 3 1 0 0 0 0 0 0 0 1 2 2 4 4 5 18 18 32 72 72 4 4 1 0 0 0
 27 27 31 22 22 18 13 13 4 4 2 3 3 3 2 2 4 4 2 0 0 0 0 0 0 0 2 2 2 1 2 2 5 5 3 17 17 85 27 27 27 27 3 0 0 0
 12 12 22 12 12 10 3 3 3 3 1 1 1 2 0 0 0 0 1 0 0 0 0 0 0 0 10 27 27 14 9 9 3 3 1 49 49 64 64 64 8 8 3 0 0 0
 12 12 22 12 12 10 3 3 3 3 1 1 1 2 0 0 0 0 1 0 0 0 0 0 0 0 10 27 27 14 9 9 3 3 1 49 49 64 64 64 8 8 3 0 0 0
 22 22 9 3 3 4 2 2 1 1 0 0 0 0 0 0 0 0 0 0 0 0 0 0 1 1 1 15 15 12 7 7 1 1 1 2 2 71 55 55 7 7 3 0 0 0
 5 5 5 2 2 2 1 1 1 1 0 0 0 0 0 0 0 0 0 0 0 0 0 0 0 0 1 0 0 76 62 62 0 0 1 4 4 28 19 19 5 5 3 1 1 0
 5 5 5 2 2 2 1 1 1 1 0 0 0 0 0 0 0 0 0 0 0 0 0 0 0 0 1 0 0 76 62 62 0 0 1 4 4 28 19 19 5 5 3 1 1 0
 3 3 4 1 1 1 1 1 1 1 0 0 0 0 0 0 0 0 0 0 0 0 1 1 0 0 0 0 0 0 0 0 0 0 1 3 3 10 5 5 4 4 2 1 1 0
 3 3 4 1 1 1 1 1 1 1 0 0 0 0 0 0 0 0 0 0 0 0 1 1 0 0 0 0 0 0 0 0 0 0 1 3 3 10 5 5 4 4 2 1 1 0
 25 25 4 7 7 2 2 2 1 1 0 0 0 0 0 0 0 0 0 0 0 0 0 0 0 0 0 0 0 0 0 0 0 0 1 1 1 2 2 2 1 1 1 0 0 0
 26 26 5 12 12 7 4 4 2 2 2 0 0 0 0 0 0 0 0 0 0 0 0 0 0 0 4 0 0 0 0 0 0 0 0 0 0 0 0 0 0 0 0 0 0 0
 26 26 5 12 12 7 4 4 2 2 2 0 0 0 0 0 0 0 0 0 0 0 0 0 0 0 4 0 0 0 0 0 0 0 0 0 0 0 0 0 0 0 0 0 0 0
 56 56 24 12 12 1 2 2 1 1 1 0 0 0 0 0 0 0 0 0 0 0 0 0 0 0 0 0 0 0 0 0 0 0 0 0 0 0 0 0 0 0 0 0 0 0
 59 59 43 1 1 0 1 1 1 1 1 0 0 0 0 0 0 0 0 0 0 0 0 0 0 0 0 0 0 0 0 0 0 0 0 0 0 0 0 0 0 0 0 0 0 0
