assets/RAT_results_old/precipitation/2021-05-03_IMERG.asc
ncols        46
nrows        77
xllcorner    74.800261325624
yllcorner    8.058333333333
cellsize     0.062500000000
NODATA_value -9999
 1 1 0 0 0 0 2 2 12 12 16 10 10 6 8 8 7 7 7 4 4 4 4 4 3 3 1 0 0 0 0 0 0 0 0 0 0 0 0 0 1 1 1 1 1 1
 0 0 0 0 0 0 0 0 2 2 11 9 9 8 6 6 14 14 9 6 6 5 2 2 1 1 1 5 5 0 0 0 0 0 0 0 0 0 0 0 0 0 0 0 0 1
 0 0 0 0 0 0 0 0 2 2 11 9 9 8 6 6 14 14 9 6 6 5 2 2 1 1 1 5 5 0 0 0 0 0 0 0 0 0 0 0 0 0 0 0 0 1
 0 0 0 0 0 0 0 0 23 23 14 14 14 14 11 11 21 21 12 7 7 5 2 2 2 2 1 1 1 1 0 0 0 0 0 0 0 0 0 0 0 0 0 0 0 0
 0 0 0 0 0 10 2 2 2 2 11 11 11 10 11 11 20 20 17 9 9 5 5 5 2 2 1 1 1 0 0 0 0 0 0 0 0 0 0 0 0 0 13 0 0 0
 0 0 0 0 0 10 2 2 2 2 11 11 11 10 11 11 20 20 17 9 9 5 5 5 2 2 1 1 1 0 0 0 0 0 0 0 0 0 0 0 0 0 13 0 0 0
 0 0 0 0 0 11 0 0 0 0 2 3 3 8 13 13 22 22 16 16 16 8 4 4 2 2 1 1 1 0 0 0 0 0 0 0 0 0 0 0 0 0 3 4 4 0
 0 0 0 0 0 11 0 0 0 0 2 3 3 8 13 13 22 22 16 16 16 8 4 4 2 2 1 1 1 0 0 0 0 0 0 0 0 0 0 0 0 0 3 4 4 0
 0 0 0 0 0 1 3 3 2 2 2 3 3 7 11 11 33 33 31 26 26 8 4 4 2 2 1 1 1 1 0 0 0 0 0 0 0 0 0 0 0 0 0 2 2 0
 0 0 0 0 0 0 5 5 6 6 8 4 4 12 12 12 14 14 16 14 14 9 6 6 2 2 1 1 1 0 0 0 0 0 0 0 0 0 0 0 0 0 0 0 0 0
 0 0 0 0 0 0 5 5 6 6 8 4 4 12 12 12 14 14 16 14 14 9 6 6 2 2 1 1 1 0 0 0 0 0 0 0 0 0 0 0 0 0 0 0 0 0
 1 1 1 1 1 0 2 2 4 4 6 5 5 4 20 20 18 18 24 23 23 10 6 6 3 3 2 1 1 0 0 0 0 0 0 0 0 0 0 0 0 0 0 2 2 0
 3 3 2 2 2 0 1 1 2 2 6 6 6 7 14 14 13 13 30 21 21 10 8 8 4 4 2 1 1 1 0 0 0 0 0 0 0 0 0 0 0 0 0 0 0 0
 3 3 2 2 2 0 1 1 2 2 6 6 6 7 14 14 13 13 30 21 21 10 8 8 4 4 2 1 1 1 0 0 0 0 0 0 0 0 0 0 0 0 0 0 0 0
 2 2 2 2 2 2 0 0 1 1 4 4 4 29 52 52 15 15 19 20 20 25 10 10 3 3 2 2 2 1 1 1 1 1 0 1 1 2 0 0 0 0 0 0 0 0
 2 2 2 2 2 2 0 0 1 1 4 4 4 29 52 52 15 15 19 20 20 25 10 10 3 3 2 2 2 1 1 1 1 1 0 1 1 2 0 0 0 0 0 0 0 0
 4 4 4 3 3 2 2 2 1 1 2 5 5 13 13 13 28 28 26 18 18 13 3 3 3 3 2 2 2 2 1 1 0 0 10 8 8 2 0 0 0 0 0 0 0 0
 7 7 6 4 4 3 1 1 1 1 2 5 5 6 13 13 24 24 14 13 13 13 4 4 5 5 2 2 2 1 0 0 0 0 1 5 5 3 4 4 0 0 0 0 0 0
 7 7 6 4 4 3 1 1 1 1 2 5 5 6 13 13 24 24 14 13 13 13 4 4 5 5 2 2 2 1 0 0 0 0 1 5 5 3 4 4 0 0 0 0 0 0
 9 9 7 4 4 3 1 1 0 0 0 1 1 3 11 11 23 23 24 8 8 4 3 3 3 3 3 2 2 0 0 0 0 0 0 0 0 0 1 1 0 0 0 0 0 0
 3 3 5 8 8 4 1 1 0 0 0 0 0 0 2 2 11 11 5 8 8 8 4 4 3 3 2 1 1 0 0 0 0 0 0 0 0 0 0 0 0 0 1 1 1 1
 3 3 5 8 8 4 1 1 0 0 0 0 0 0 2 2 11 11 5 8 8 8 4 4 3 3 2 1 1 0 0 0 0 0 0 0 0 0 0 0 0 0 1 1 1 1
 2 2 5 16 16 12 2 2 0 0 0 0 0 1 2 2 2 2 3 8 8 8 5 5 5 5 4 1 1 0 0 0 0 0 0 0 0 0 0 0 0 0 1 1 1 1
 2 2 5 16 16 12 2 2 0 0 0 0 0 1 2 2 2 2 3 8 8 8 5 5 5 5 4 1 1 0 0 0 0 0 0 0 0 0 0 0 0 0 1 1 1 1
 3 3 4 5 5 3 3 3 1 1 1 0 0 1 1 1 1 1 2 7 7 10 8 8 3 3 2 2 2 5 1 1 3 3 5 0 0 0 1 1 1 1 1 0 0 1
 5 5 3 3 3 3 3 3 1 1 2 3 3 9 3 3 2 2 2 3 3 5 4 4 2 2 2 4 4 2 2 2 4 4 10 0 0 0 1 1 1 1 1 1 1 0
 5 5 3 3 3 3 3 3 1 1 2 3 3 9 3 3 2 2 2 3 3 5 4 4 2 2 2 4 4 2 2 2 4 4 10 0 0 0 1 1 1 1 1 1 1 0
 7 7 6 5 5 5 4 4 4 4 9 9 9 13 3 3 1 1 1 1 1 2 1 1 1 1 2 2 2 3 7 7 12 12 13 1 1 1 0 0 1 1 0 0 0 0
 15 15 13 12 12 13 8 8 10 10 16 14 14 6 2 2 1 1 0 0 0 1 2 2 2 2 3 3 3 4 13 13 15 15 3 1 1 0 0 0 0 0 0 0 0 0
 15 15 13 12 12 13 8 8 10 10 16 14 14 6 2 2 1 1 0 0 0 1 2 2 2 2 3 3 3 4 13 13 15 15 3 1 1 0 0 0 0 0 0 0 0 0
 26 26 22 21 21 21 11 11 8 8 9 6 6 4 2 2 0 0 1 1 1 3 4 4 9 9 16 20 20 9 16 16 15 15 5 1 1 1 0 0 0 0 0 3 3 3
 26 26 22 21 21 21 11 11 8 8 9 6 6 4 2 2 0 0 1 1 1 3 4 4 9 9 16 20 20 9 16 16 15 15 5 1 1 1 0 0 0 0 0 3 3 3
 23 23 20 18 18 16 10 10 4 4 4 3 3 3 1 1 1 1 1 1 1 4 4 4 10 10 38 85 85 19 19 19 11 11 4 1 1 1 1 1 0 0 0 8 8 8
 15 15 13 16 16 12 11 11 4 4 6 7 7 3 2 2 16 16 15 8 8 4 5 5 38 38 39 81 81 44 14 14 8 8 6 1 1 1 1 1 0 0 0 0 0 8
 15 15 13 16 16 12 11 11 4 4 6 7 7 3 2 2 16 16 15 8 8 4 5 5 38 38 39 81 81 44 14 14 8 8 6 1 1 1 1 1 0 0 0 0 0 8
 13 13 17 12 12 13 8 8 4 4 6 7 7 4 2 2 16 16 16 11 11 4 9 9 39 39 37 39 39 41 15 15 6 6 5 1 1 1 0 0 0 0 0 0 0 0
 10 10 17 17 17 13 10 10 4 4 6 3 3 1 1 1 22 22 26 11 11 10 8 8 7 7 39 41 41 15 12 12 11 11 2 1 1 1 0 0 0 0 0 0 0 0
 10 10 17 17 17 13 10 10 4 4 6 3 3 1 1 1 22 22 26 11 11 10 8 8 7 7 39 41 41 15 12 12 11 11 2 1 1 1 0 0 0 0 0 0 0 0
 6 6 14 15 15 12 10 10 4 4 3 2 2 2 2 2 1 1 17 8 8 10 7 7 6 6 15 22 22 19 12 12 10 10 2 1 1 1 4 4 1 1 2 1 1 0
 6 6 14 15 15 12 10 10 4 4 3 2 2 2 2 2 1 1 17 8 8 10 7 7 6 6 15 22 22 19 12 12 10 10 2 1 1 1 4 4 1 1 2 1 1 0
 4 4 4 7 7 7 4 4 3 3 4 5 5 8 4 4 2 2 16 17 17 14 8 8 16 16 10 11 11 10 6 6 2 2 1 0 0 84 4 4 1 1 2 2 2 2
 5 5 5 3 3 4 2 2 2 2 4 6 6 10 7 7 3 3 18 18 18 14 8 8 15 15 7 8 8 7 13 13 3 3 3 7 7 25 50 50 3 3 2 6 6 2
 5 5 5 3 3 4 2 2 2 2 4 6 6 10 7 7 3 3 18 18 18 14 8 8 15 15 7 8 8 7 13 13 3 3 3 7 7 25 50 50 3 3 2 6 6 2
 3 3 3 2 2 1 1 1 2 2 4 7 7 18 12 12 6 6 2 7 7 20 21 21 42 42 39 19 19 8 5 5 12 12 3 2 2 10 14 14 8 8 2 16 16 9
 3 3 3 1 1 1 1 1 2 2 2 8 8 8 8 8 8 8 2 7 7 23 21 21 43 43 40 10 10 9 5 5 13 13 20 10 10 11 8 8 12 12 3 11 11 4
 3 3 3 1 1 1 1 1 2 2 2 8 8 8 8 8 8 8 2 7 7 23 21 21 43 43 40 10 10 9 5 5 13 13 20 10 10 11 8 8 12 12 3 11 11 4
 4 4 3 2 2 1 1 1 1 1 3 8 8 7 7 7 4 4 0 0 0 10 10 10 10 10 6 8 8 13 5 5 10 10 19 12 12 12 17 17 18 18 7 10 10 4
 4 4 3 2 2 1 1 1 1 1 3 8 8 7 7 7 4 4 0 0 0 10 10 10 10 10 6 8 8 13 5 5 10 10 19 12 12 12 17 17 18 18 7 10 10 4
 4 4 3 2 2 1 1 1 1 1 2 6 6 6 5 5 1 1 0 0 0 0 2 2 4 4 7 4 4 45 44 44 17 17 20 16 16 14 12 12 15 15 7 1 1 1
 3 3 2 2 2 1 2 2 2 2 5 5 5 5 4 4 0 0 0 0 0 0 2 2 4 4 5 7 7 16 34 34 48 48 25 21 21 23 11 11 13 13 7 9 9 1
 3 3 2 2 2 1 2 2 2 2 5 5 5 5 4 4 0 0 0 0 0 0 2 2 4 4 5 7 7 16 34 34 48 48 25 21 21 23 11 11 13 13 7 9 9 1
 3 3 2 1 1 2 1 1 1 1 3 5 5 6 4 4 2 2 1 1 1 3 1 1 4 4 6 10 10 16 37 37 37 37 50 28 28 14 11 11 9 9 8 14 14 2
 9 9 8 2 2 2 3 3 3 3 3 7 7 7 4 4 4 4 2 5 5 5 2 2 4 4 8 13 13 30 30 30 41 41 32 24 24 21 15 15 11 11 16 11 11 19
 9 9 8 2 2 2 3 3 3 3 3 7 7 7 4 4 4 4 2 5 5 5 2 2 4 4 8 13 13 30 30 30 41 41 32 24 24 21 15 15 11 11 16 11 11 19
 13 13 14 14 14 15 18 18 4 4 4 4 4 4 4 4 2 2 2 7 7 4 2 2 9 9 10 11 11 20 35 35 32 32 34 20 20 28 14 14 13 13 16 15 15 10
 13 13 14 14 14 15 18 18 4 4 4 4 4 4 4 4 2 2 2 7 7 4 2 2 9 9 10 11 11 20 35 35 32 32 34 20 20 28 14 14 13 13 16 15 15 10
 16 16 18 32 32 29 27 27 13 13 9 6 6 5 5 5 4 4 3 4 4 1 3 3 4 4 6 14 14 23 25 25 29 29 30 36 36 34 18 18 14 14 13 14 14 17
 3 3 20 37 37 36 30 30 13 13 9 9 9 10 9 9 7 7 3 2 2 2 4 4 3 3 7 23 23 19 26 26 29 29 32 37 37 43 18 18 19 19 12 18 18 18
 3 3 20 37 37 36 30 30 13 13 9 9 9 10 9 9 7 7 3 2 2 2 4 4 3 3 7 23 23 19 26 26 29 29 32 37 37 43 18 18 19 19 12 18 18 18
 4 4 16 23 23 19 14 14 9 9 7 18 18 14 12 12 8 8 2 2 2 4 5 5 2 2 10 24 24 19 24 24 27 27 34 37 37 33 24 24 15 15 10 24 24 18
 11 11 21 16 16 14 4 4 4 4 5 18 18 17 10 10 6 6 5 5 5 4 3 3 3 3 9 16 16 28 28 28 32 32 30 38 38 35 23 23 18 18 16 15 15 12
 11 11 21 16 16 14 4 4 4 4 5 18 18 17 10 10 6 6 5 5 5 4 3 3 3 3 9 16 16 28 28 28 32 32 30 38 38 35 23 23 18 18 16 15 15 12
 22 22 21 21 21 14 2 2 3 3 6 12 12 10 5 5 3 3 5 6 6 8 6 6 3 3 8 10 10 24 18 18 23 23 26 31 31 28 21 21 20 20 17 45 45 14
 22 22 21 21 21 14 2 2 3 3 6 12 12 10 5 5 3 3 5 6 6 8 6 6 3 3 8 10 10 24 18 18 23 23 26 31 31 28 21 21 20 20 17 45 45 14
 21 21 18 16 16 9 1 1 3 3 5 10 10 7 4 4 3 3 3 3 3 8 7 7 7 7 5 10 10 18 21 21 28 28 35 24 24 29 27 27 20 20 25 36 36 14
 20 20 19 16 16 8 1 1 4 4 13 14 14 8 6 6 5 5 3 3 3 6 6 6 4 4 2 9 9 17 19 19 27 27 26 30 30 30 21 21 18 18 20 20 20 12
 20 20 19 16 16 8 1 1 4 4 13 14 14 8 6 6 5 5 3 3 3 6 6 6 4 4 2 9 9 17 19 19 27 27 26 30 30 30 21 21 18 18 20 20 20 12
 19 19 11 9 9 2 3 3 5 5 9 8 8 10 10 10 7 7 4 2 2 1 2 2 1 1 2 8 8 10 20 20 22 22 30 44 44 35 20 20 16 16 14 7 7 4
 21 21 14 13 13 7 9 9 13 13 18 19 19 20 16 16 14 14 5 2 2 1 1 1 1 1 2 5 5 16 10 10 24 24 43 55 55 20 20 20 9 9 15 10 10 6
 21 21 14 13 13 7 9 9 13 13 18 19 19 20 16 16 14 14 5 2 2 1 1 1 1 1 2 5 5 16 10 10 24 24 43 55 55 20 20 20 9 9 15 10 10 6
 22 22 20 16 16 22 20 20 24 24 28 27 27 25 18 18 17 17 8 4 4 2 2 2 3 3 3 5 5 7 9 9 16 16 47 46 46 21 19 19 24 24 6 4 4 4
 22 22 20 16 16 22 20 20 24 24 28 27 27 25 18 18 17 17 8 4 4 2 2 2 3 3 3 5 5 7 9 9 16 16 47 46 46 21 19 19 24 24 6 4 4 4
 20 20 21 12 12 34 34 34 33 33 30 23 23 20 18 18 21 21 13 9 9 4 2 2 2 2 3 3 3 2 4 4 8 8 28 23 23 21 29 29 18 18 5 4 4 2
 19 19 23 31 31 35 32 32 26 26 21 19 19 22 22 22 21 21 14 10 10 6 3 3 2 2 3 3 3 1 3 3 9 9 13 12 12 14 12 12 9 9 3 6 6 5
 19 19 23 31 31 35 32 32 26 26 21 19 19 22 22 22 21 21 14 10 10 6 3 3 2 2 3 3 3 1 3 3 9 9 13 12 12 14 12 12 9 9 3 6 6 5
 19 19 25 33 33 33 32 32 29 29 20 19 19 22 26 26 29 29 25 13 13 4 2 2 2 2 1 3 3 2 3 3 3 3 6 7 7 10 9 9 4 4 3 9 9 9
 26 26 9 38 38 39 40 40 34 34 20 19 19 21 26 26 29 29 26 10 10 4 2 2 1 1 1 4 4 6 19 19 26 26 20 7 7 4 4 4 2 2 4 3 3 4
