assets/RAT_results_old/precipitation/2021-10-27_IMERG.asc
ncols        46
nrows        77
xllcorner    74.800261325624
yllcorner    8.058333333333
cellsize     0.062500000000
NODATA_value -9999
 0 0 1 1 1 0 0 0 0 0 0 0 0 0 0 0 0 0 0 0 0 0 0 0 0 0 0 0 0 0 0 0 0 0 0 0 0 0 0 0 0 0 0 0 0 0
 0 0 1 1 1 1 1 1 0 0 0 0 0 0 0 0 0 0 0 0 0 0 0 0 0 0 0 0 0 0 0 0 0 0 0 0 0 0 0 0 0 0 0 0 0 0
 0 0 1 1 1 1 1 1 0 0 0 0 0 0 0 0 0 0 0 0 0 0 0 0 0 0 0 0 0 0 0 0 0 0 0 0 0 0 0 0 0 0 0 0 0 0
 0 0 1 1 1 1 0 0 0 0 0 0 0 0 0 0 0 0 0 0 0 0 0 0 0 0 0 0 0 0 0 0 0 0 0 0 0 0 0 0 0 0 0 0 0 0
 1 1 1 1 1 0 1 1 0 0 0 0 0 0 0 0 0 0 0 0 0 0 0 0 0 0 0 0 0 0 0 0 0 0 0 0 0 0 0 0 0 0 0 0 0 0
 1 1 1 1 1 0 1 1 0 0 0 0 0 0 0 0 0 0 0 0 0 0 0 0 0 0 0 0 0 0 0 0 0 0 0 0 0 0 0 0 0 0 0 0 0 0
 1 1 0 1 1 1 3 3 0 0 0 0 0 0 0 0 0 0 0 0 0 0 0 0 0 0 0 1 1 0 0 0 0 0 0 0 0 0 0 0 0 0 0 0 0 0
 1 1 0 1 1 1 3 3 0 0 0 0 0 0 0 0 0 0 0 0 0 0 0 0 0 0 0 1 1 0 0 0 0 0 0 0 0 0 0 0 0 0 0 0 0 0
 2 2 1 5 5 8 6 6 4 4 0 0 0 0 0 0 0 0 0 0 0 0 0 0 0 0 0 0 0 0 1 1 0 0 0 0 0 0 0 0 0 0 0 0 0 0
 11 11 2 5 5 8 8 8 5 5 0 0 0 0 0 0 0 0 0 0 0 0 0 0 0 0 0 0 0 0 0 0 0 0 0 0 0 0 0 0 0 0 0 0 0 0
 11 11 2 5 5 8 8 8 5 5 0 0 0 0 0 0 0 0 0 0 0 0 0 0 0 0 0 0 0 0 0 0 0 0 0 0 0 0 0 0 0 0 0 0 0 0
 3 3 2 5 5 8 9 9 11 11 3 1 1 0 0 0 0 0 0 0 0 0 0 0 0 0 0 0 0 0 0 0 0 0 0 0 0 0 0 0 0 0 0 0 0 0
 3 3 3 5 5 10 12 12 12 12 10 3 3 0 0 0 0 0 0 0 0 0 0 0 0 0 0 0 0 0 0 0 0 0 0 0 0 0 0 0 0 0 0 0 0 0
 3 3 3 5 5 10 12 12 12 12 10 3 3 0 0 0 0 0 0 0 0 0 0 0 0 0 0 0 0 0 0 0 0 0 0 0 0 0 0 0 0 0 0 0 0 0
 1 1 5 7 7 10 19 19 19 19 7 2 2 0 0 0 1 1 2 0 0 0 0 0 0 0 0 0 0 0 1 1 0 0 2 0 0 0 0 0 0 0 0 0 0 0
 1 1 5 7 7 10 19 19 19 19 7 2 2 0 0 0 1 1 2 0 0 0 0 0 0 0 0 0 0 0 1 1 0 0 2 0 0 0 0 0 0 0 0 0 0 0
 3 3 5 7 7 17 17 17 8 8 8 3 3 1 1 1 7 7 3 2 2 0 0 0 1 1 1 0 0 2 2 2 1 1 2 1 1 0 0 0 0 0 0 0 0 0
 4 4 4 7 7 11 14 14 11 11 8 5 5 2 0 0 2 2 3 5 5 4 0 0 1 1 1 1 1 1 1 1 1 1 1 1 1 0 0 0 0 0 0 0 0 0
 4 4 4 7 7 11 14 14 11 11 8 5 5 2 0 0 2 2 3 5 5 4 0 0 1 1 1 1 1 1 1 1 1 1 1 1 1 0 0 0 0 0 0 0 0 0
 6 6 8 9 9 12 14 14 14 14 11 12 12 3 8 8 12 12 6 10 10 5 2 2 1 1 1 2 2 2 1 1 1 1 1 1 1 1 1 1 0 0 0 0 0 0
 10 10 9 15 15 19 19 19 17 17 11 13 13 6 15 15 20 20 20 11 11 6 4 4 1 1 1 2 2 3 2 2 3 3 2 2 2 2 2 2 1 1 1 0 0 0
 10 10 9 15 15 19 19 19 17 17 11 13 13 6 15 15 20 20 20 11 11 6 4 4 1 1 1 2 2 3 2 2 3 3 2 2 2 2 2 2 1 1 1 0 0 0
 19 19 20 25 25 20 28 28 16 16 20 22 22 22 19 19 15 15 8 8 8 6 3 3 1 1 3 5 5 6 7 7 7 7 2 2 2 3 3 3 4 4 3 1 1 0
 19 19 20 25 25 20 28 28 16 16 20 22 22 22 19 19 15 15 8 8 8 6 3 3 1 1 3 5 5 6 7 7 7 7 2 2 2 3 3 3 4 4 3 1 1 0
 26 26 29 50 50 44 45 45 49 49 22 31 31 32 22 22 14 14 15 11 11 7 5 5 6 6 6 6 6 7 6 6 7 7 5 3 3 4 5 5 7 7 5 1 1 0
 24 24 31 46 46 73 76 76 65 65 55 47 47 43 44 44 29 29 19 14 14 10 6 6 9 9 9 8 8 9 9 9 6 6 3 3 3 4 5 5 5 5 2 1 1 0
 24 24 31 46 46 73 76 76 65 65 55 47 47 43 44 44 29 29 19 14 14 10 6 6 9 9 9 8 8 9 9 9 6 6 3 3 3 4 5 5 5 5 2 1 1 0
 50 50 51 54 54 69 77 77 73 73 67 68 68 76 37 37 27 27 23 17 17 10 11 11 9 9 7 9 9 7 6 6 7 7 3 3 3 3 1 1 1 1 0 0 0 0
 47 47 32 33 33 62 75 75 89 89 73 75 75 58 32 32 49 49 28 9 9 4 7 7 6 6 6 8 8 8 8 8 7 7 5 3 3 3 2 2 1 1 0 0 0 0
 47 47 32 33 33 62 75 75 89 89 73 75 75 58 32 32 49 49 28 9 9 4 7 7 6 6 6 8 8 8 8 8 7 7 5 3 3 3 2 2 1 1 0 0 0 0
 26 26 29 31 31 64 57 57 71 71 107 89 89 46 57 57 42 42 29 14 14 9 10 10 9 9 6 6 6 4 10 10 9 9 4 7 7 9 3 3 1 1 0 0 0 0
 26 26 29 31 31 64 57 57 71 71 107 89 89 46 57 57 42 42 29 14 14 9 10 10 9 9 6 6 6 4 10 10 9 9 4 7 7 9 3 3 1 1 0 0 0 0
 22 22 23 20 20 37 59 59 89 89 103 95 95 32 32 32 36 36 35 16 16 8 7 7 10 10 9 7 7 3 5 5 7 7 5 11 11 9 3 3 1 1 0 0 0 0
 26 26 34 36 36 54 48 48 53 53 67 62 62 40 25 25 36 36 28 22 22 12 10 10 12 12 9 7 7 3 4 4 6 6 8 11 11 12 2 2 0 0 1 0 0 0
 26 26 34 36 36 54 48 48 53 53 67 62 62 40 25 25 36 36 28 22 22 12 10 10 12 12 9 7 7 3 4 4 6 6 8 11 11 12 2 2 0 0 1 0 0 0
 28 28 41 42 42 52 48 48 43 43 57 62 62 32 30 30 28 28 31 22 22 12 11 11 8 8 34 32 32 6 10 10 15 15 8 9 9 3 5 5 0 0 0 0 0 0
 35 35 51 53 53 62 54 54 55 55 52 56 56 40 38 38 44 44 14 20 20 18 12 12 11 11 19 17 17 8 8 8 17 17 14 10 10 0 1 1 1 1 0 0 0 0
 35 35 51 53 53 62 54 54 55 55 52 56 56 40 38 38 44 44 14 20 20 18 12 12 11 11 19 17 17 8 8 8 17 17 14 10 10 0 1 1 1 1 0 0 0 0
 45 45 36 54 54 37 57 57 53 53 72 77 77 86 47 47 67 67 13 13 13 15 15 15 14 14 18 13 13 13 9 9 17 17 16 10 10 2 0 0 1 1 0 0 0 0
 45 45 36 54 54 37 57 57 53 53 72 77 77 86 47 47 67 67 13 13 13 15 15 15 14 14 18 13 13 13 9 9 17 17 16 10 10 2 0 0 1 1 0 0 0 0
 35 35 32 40 40 31 57 57 55 55 45 63 63 18 17 17 18 18 9 13 13 14 15 15 15 15 16 12 12 9 9 9 9 9 7 5 5 3 0 0 0 0 0 1 1 1
 19 19 18 22 22 23 16 16 20 20 19 21 21 15 10 10 10 10 9 11 11 16 17 17 19 19 21 22 22 11 10 10 9 9 7 3 3 3 1 1 1 1 1 2 2 1
 19 19 18 22 22 23 16 16 20 20 19 21 21 15 10 10 10 10 9 11 11 16 17 17 19 19 21 22 22 11 10 10 9 9 7 3 3 3 1 1 1 1 1 2 2 1
 12 12 13 14 14 12 17 17 7 7 8 8 8 7 9 9 9 9 7 11 11 16 18 18 17 17 18 16 16 9 9 9 8 8 9 12 12 11 3 3 3 3 2 1 1 1
 31 31 32 18 18 16 16 16 6 6 7 8 8 7 9 9 6 6 6 12 12 12 17 17 18 18 17 13 13 17 18 18 25 25 17 18 18 11 6 6 3 3 2 1 1 2
 31 31 32 18 18 16 16 16 6 6 7 8 8 7 9 9 6 6 6 12 12 12 17 17 18 18 17 13 13 17 18 18 25 25 17 18 18 11 6 6 3 3 2 1 1 2
 34 34 35 20 20 6 6 6 6 6 10 11 11 6 7 7 9 9 7 10 10 12 13 13 16 16 16 18 18 19 25 25 46 46 18 23 23 13 7 7 7 7 6 5 5 5
 34 34 35 20 20 6 6 6 6 6 10 11 11 6 7 7 9 9 7 10 10 12 13 13 16 16 16 18 18 19 25 25 46 46 18 23 23 13 7 7 7 7 6 5 5 5
 11 11 11 9 9 9 9 9 9 9 10 9 9 12 11 11 9 9 7 9 9 11 10 10 18 18 21 21 21 34 33 33 46 46 20 16 16 5 8 8 10 10 7 10 10 8
 10 10 9 9 9 10 16 16 16 16 11 11 11 12 12 12 8 8 9 7 7 12 13 13 16 16 21 23 23 33 27 27 23 23 16 15 15 5 12 12 9 9 9 10 10 9
 10 10 9 9 9 10 16 16 16 16 11 11 11 12 12 12 8 8 9 7 7 12 13 13 16 16 21 23 23 33 27 27 23 23 16 15 15 5 12 12 9 9 9 10 10 9
 9 9 9 9 9 10 26 26 26 26 15 18 18 18 14 14 12 12 10 9 9 15 17 17 18 18 16 19 19 26 35 35 26 26 22 17 17 16 14 14 12 12 15 15 15 13
 7 7 13 13 13 27 37 37 37 37 19 26 26 25 18 18 24 24 16 14 14 17 31 31 26 26 26 26 26 24 28 28 26 26 28 24 24 43 40 40 16 16 17 20 20 14
 7 7 13 13 13 27 37 37 37 37 19 26 26 25 18 18 24 24 16 14 14 17 31 31 26 26 26 26 26 24 28 28 26 26 28 24 24 43 40 40 16 16 17 20 20 14
 11 11 20 21 21 21 46 46 48 48 33 35 35 36 27 27 34 34 25 32 32 23 53 53 38 38 34 28 28 21 20 20 28 28 37 28 28 55 52 52 19 19 21 19 19 12
 11 11 20 21 21 21 46 46 48 48 33 35 35 36 27 27 34 34 25 32 32 23 53 53 38 38 34 28 28 21 20 20 28 28 37 28 28 55 52 52 19 19 21 19 19 12
 11 11 15 27 27 26 49 49 44 44 44 49 49 65 67 67 54 54 28 33 33 26 56 56 65 65 42 21 21 20 67 67 31 31 32 35 35 26 43 43 25 25 18 14 14 6
 14 14 17 27 27 25 25 25 33 33 32 64 64 65 66 66 51 51 48 59 59 54 56 56 68 68 32 21 21 17 39 39 27 27 27 35 35 38 36 36 36 36 22 14 14 6
 14 14 17 27 27 25 25 25 33 33 32 64 64 65 66 66 51 51 48 59 59 54 56 56 68 68 32 21 21 17 39 39 27 27 27 35 35 38 36 36 36 36 22 14 14 6
 10 10 12 16 16 12 20 20 28 28 27 51 51 52 52 52 45 45 51 25 25 34 70 70 71 71 23 17 17 15 44 44 30 30 26 24 24 30 38 38 31 31 25 15 15 6
 5 5 5 10 10 9 17 17 22 22 21 50 50 50 58 58 43 43 43 29 29 29 18 18 71 71 29 12 12 13 16 16 28 28 65 30 30 24 20 20 18 18 17 16 16 10
 5 5 5 10 10 9 17 17 22 22 21 50 50 50 58 58 43 43 43 29 29 29 18 18 71 71 29 12 12 13 16 16 28 28 65 30 30 24 20 20 18 18 17 16 16 10
 3 3 3 5 5 7 8 8 22 22 22 39 39 56 40 40 37 37 36 24 24 25 23 23 32 32 28 14 14 13 11 11 14 14 32 18 18 17 16 16 13 13 12 11 11 9
 3 3 3 5 5 7 8 8 22 22 22 39 39 56 40 40 37 37 36 24 24 25 23 23 32 32 28 14 14 13 11 11 14 14 32 18 18 17 16 16 13 13 12 11 11 9
 1 1 1 5 5 6 7 7 14 14 14 13 13 25 25 25 27 27 25 26 26 17 22 22 24 24 28 12 12 11 9 9 9 9 14 16 16 9 12 12 17 17 14 9 9 9
 0 0 1 4 4 5 4 4 8 8 11 11 11 14 14 14 15 15 7 11 11 11 15 15 20 20 31 18 18 6 8 8 11 11 18 9 9 9 7 7 7 7 13 13 13 11
 0 0 1 4 4 5 4 4 8 8 11 11 11 14 14 14 15 15 7 11 11 11 15 15 20 20 31 18 18 6 8 8 11 11 18 9 9 9 7 7 7 7 13 13 13 11
 0 0 1 3 3 4 4 4 4 4 7 4 4 4 4 4 5 5 6 7 7 5 7 7 18 18 11 24 24 13 10 10 13 13 15 17 17 5 10 10 6 6 13 12 12 10
 3 3 2 2 2 5 5 5 4 4 4 4 4 2 2 2 2 2 4 4 4 8 7 7 18 18 9 74 74 13 28 28 9 9 10 14 14 8 12 12 4 4 6 6 6 6
 3 3 2 2 2 5 5 5 4 4 4 4 4 2 2 2 2 2 4 4 4 8 7 7 18 18 9 74 74 13 28 28 9 9 10 14 14 8 12 12 4 4 6 6 6 6
 3 3 3 4 4 6 6 6 7 7 4 4 4 2 2 2 4 4 9 8 8 10 10 10 20 20 27 161 161 88 27 27 7 7 5 6 6 8 12 12 2 2 6 7 7 5
 3 3 3 4 4 6 6 6 7 7 4 4 4 2 2 2 4 4 9 8 8 10 10 10 20 20 27 161 161 88 27 27 7 7 5 6 6 8 12 12 2 2 6 7 7 5
 4 4 3 3 3 6 6 6 6 6 6 4 4 5 6 6 5 5 8 8 8 14 12 12 20 20 41 157 157 82 6 6 7 7 6 3 3 5 3 3 2 2 3 2 2 3
 1 1 0 2 2 5 6 6 6 6 5 3 3 4 7 7 4 4 9 9 9 11 14 14 19 19 20 22 22 11 11 11 8 8 8 13 13 6 5 5 11 11 10 8 8 6
 1 1 0 2 2 5 6 6 6 6 5 3 3 4 7 7 4 4 9 9 9 11 14 14 19 19 20 22 22 11 11 11 8 8 8 13 13 6 5 5 11 11 10 8 8 6
 2 2 1 1 1 1 2 2 4 4 3 2 2 3 7 7 8 8 5 6 6 10 11 11 17 17 17 19 19 5 8 8 8 8 16 21 21 12 8 8 10 10 10 10 10 5
 1 1 1 6 6 6 2 2 2 2 2 4 4 4 11 11 10 10 6 6 6 5 6 6 7 7 7 6 6 1 7 7 7 7 6 12 12 11 12 12 8 8 11 7 7 4
