assets/RAT_results_old/precipitation/2021-08-17_IMERG.asc
ncols        46
nrows        77
xllcorner    74.800261325624
yllcorner    8.058333333333
cellsize     0.062500000000
NODATA_value -9999
 13 13 14 21 21 22 13 13 15 15 17 12 12 10 10 10 7 7 3 2 2 2 2 2 1 1 2 2 2 1 2 2 3 3 2 2 2 2 3 3 2 2 2 2 2 2
 17 17 16 17 17 17 20 20 12 12 8 5 5 4 4 4 4 4 2 2 2 2 3 3 2 2 3 3 3 3 3 3 2 2 2 2 2 2 2 2 2 2 2 1 1 1
 17 17 16 17 17 17 20 20 12 12 8 5 5 4 4 4 4 4 2 2 2 2 3 3 2 2 3 3 3 3 3 3 2 2 2 2 2 2 2 2 2 2 2 1 1 1
 18 18 23 24 24 20 20 20 7 7 5 3 3 3 3 3 2 2 2 2 2 2 2 2 2 2 2 2 2 3 3 3 2 2 2 2 2 2 2 2 1 1 1 1 1 1
 12 12 26 26 26 21 17 17 6 6 5 4 4 4 2 2 2 2 2 2 2 2 3 3 4 4 4 5 5 6 4 4 3 3 3 2 2 2 1 1 1 1 1 1 1 1
 12 12 26 26 26 21 17 17 6 6 5 4 4 4 2 2 2 2 2 2 2 2 3 3 4 4 4 5 5 6 4 4 3 3 3 2 2 2 1 1 1 1 1 1 1 1
 13 13 19 22 22 21 18 18 8 8 13 9 9 6 5 5 4 4 4 4 4 4 6 6 6 6 6 6 6 6 4 4 2 2 2 2 2 1 1 1 0 0 0 0 0 0
 13 13 19 22 22 21 18 18 8 8 13 9 9 6 5 5 4 4 4 4 4 4 6 6 6 6 6 6 6 6 4 4 2 2 2 2 2 1 1 1 0 0 0 0 0 0
 23 23 24 34 34 27 22 22 20 20 9 10 10 8 7 7 7 7 8 9 9 8 6 6 7 7 7 4 4 3 2 2 1 1 1 1 1 0 0 0 0 0 0 0 0 0
 22 22 28 34 34 29 25 25 23 23 8 14 14 18 13 13 8 8 10 8 8 5 4 4 5 5 5 2 2 1 1 1 1 1 0 0 0 0 0 0 0 0 0 0 0 0
 22 22 28 34 34 29 25 25 23 23 8 14 14 18 13 13 8 8 10 8 8 5 4 4 5 5 5 2 2 1 1 1 1 1 0 0 0 0 0 0 0 0 0 0 0 0
 11 11 11 19 19 26 22 22 22 22 9 7 7 9 12 12 10 10 11 7 7 4 3 3 3 3 3 1 1 1 0 0 0 0 0 0 0 0 0 0 0 0 0 0 0 0
 10 10 12 11 11 19 21 21 22 22 28 7 7 6 7 7 5 5 4 4 4 2 2 2 2 2 3 1 1 0 0 0 0 0 0 0 0 0 0 0 0 0 1 0 0 0
 10 10 12 11 11 19 21 21 22 22 28 7 7 6 7 7 5 5 4 4 4 2 2 2 2 2 3 1 1 0 0 0 0 0 0 0 0 0 0 0 0 0 1 0 0 0
 6 6 9 10 10 11 17 17 14 14 16 3 3 2 2 2 2 2 1 1 1 1 1 1 1 1 2 0 0 0 0 0 0 0 0 0 0 0 0 0 1 1 1 1 1 0
 6 6 9 10 10 11 17 17 14 14 16 3 3 2 2 2 2 2 1 1 1 1 1 1 1 1 2 0 0 0 0 0 0 0 0 0 0 0 0 0 1 1 1 1 1 0
 5 5 6 12 12 10 5 5 5 5 4 2 2 1 1 1 1 1 2 1 1 1 1 1 0 0 2 2 2 1 0 0 0 0 1 1 1 1 2 2 2 2 3 3 3 2
 11 11 7 7 7 3 3 3 2 2 3 3 3 3 5 5 4 4 3 2 2 2 1 1 2 2 3 2 2 1 1 1 1 1 2 3 3 3 3 3 5 5 7 6 6 5
 11 11 7 7 7 3 3 3 2 2 3 3 3 3 5 5 4 4 3 2 2 2 1 1 2 2 3 2 2 1 1 1 1 1 2 3 3 3 3 3 5 5 7 6 6 5
 9 9 17 8 8 1 1 1 3 3 3 9 9 9 5 5 3 3 3 4 4 1 2 2 3 3 3 2 2 2 2 2 3 3 4 5 5 6 11 11 17 17 22 7 7 5
 19 19 16 13 13 7 7 7 3 3 5 7 7 9 3 3 3 3 2 2 2 6 6 6 4 4 4 13 13 4 4 4 5 5 6 6 6 11 20 20 19 19 20 8 8 12
 19 19 16 13 13 7 7 7 3 3 5 7 7 9 3 3 3 3 2 2 2 6 6 6 4 4 4 13 13 4 4 4 5 5 6 6 6 11 20 20 19 19 20 8 8 12
 23 23 26 6 6 9 8 8 8 8 6 7 7 4 5 5 4 4 6 5 5 6 8 8 4 4 3 6 6 8 10 10 8 8 10 8 8 8 13 13 17 17 22 16 16 8
 23 23 26 6 6 9 8 8 8 8 6 7 7 4 5 5 4 4 6 5 5 6 8 8 4 4 3 6 6 8 10 10 8 8 10 8 8 8 13 13 17 17 22 16 16 8
 22 22 26 7 7 6 5 5 4 4 7 7 7 4 6 6 6 6 5 5 5 9 9 9 8 8 5 6 6 8 6 6 7 7 8 9 9 11 14 14 10 10 11 7 7 5
 20 20 20 5 5 4 2 2 4 4 12 12 12 7 7 7 9 9 7 7 7 9 6 6 10 10 8 8 8 13 10 10 8 8 8 9 9 10 15 15 13 13 9 6 6 5
 20 20 20 5 5 4 2 2 4 4 12 12 12 7 7 7 9 9 7 7 7 9 6 6 10 10 8 8 8 13 10 10 8 8 8 9 9 10 15 15 13 13 9 6 6 5
 36 36 12 5 5 5 2 2 3 3 6 14 14 7 8 8 16 16 8 7 7 7 8 8 11 11 14 19 19 13 11 11 9 9 9 10 10 11 11 11 11 11 11 8 8 7
 32 32 34 12 12 8 5 5 3 3 7 5 5 5 8 8 10 10 11 8 8 7 8 8 9 9 15 17 17 10 10 10 10 10 10 10 10 10 11 11 13 13 14 10 10 9
 32 32 34 12 12 8 5 5 3 3 7 5 5 5 8 8 10 10 11 8 8 7 8 8 9 9 15 17 17 10 10 10 10 10 10 10 10 10 11 11 13 13 14 10 10 9
 56 56 54 28 28 13 10 10 7 7 6 5 5 4 8 8 9 9 14 11 11 8 8 8 12 12 15 10 10 10 10 10 10 10 11 12 12 12 13 13 15 15 16 13 13 12
 56 56 54 28 28 13 10 10 7 7 6 5 5 4 8 8 9 9 14 11 11 8 8 8 12 12 15 10 10 10 10 10 10 10 11 12 12 12 13 13 15 15 16 13 13 12
 59 59 58 49 49 24 17 17 14 14 15 8 8 6 12 12 12 12 11 11 11 8 8 8 10 10 13 10 10 10 11 11 12 12 13 14 14 14 15 15 17 17 18 15 15 14
 29 29 47 34 34 25 16 16 16 16 13 15 15 6 12 12 8 8 11 16 16 9 9 9 14 14 14 13 13 13 13 13 14 14 15 16 16 16 18 18 19 19 19 16 16 16
 29 29 47 34 34 25 16 16 16 16 13 15 15 6 12 12 8 8 11 16 16 9 9 9 14 14 14 13 13 13 13 13 14 14 15 16 16 16 18 18 19 19 19 16 16 16
 16 16 21 19 19 22 10 10 10 10 9 12 12 10 6 6 13 13 19 18 18 19 14 14 14 14 15 14 14 16 15 15 15 15 15 16 16 18 20 20 21 21 21 19 19 18
 14 14 15 22 22 23 14 14 9 9 9 12 12 8 5 5 8 8 15 20 20 23 19 19 13 13 15 16 16 19 19 19 20 20 17 17 17 20 21 21 22 22 22 21 21 20
 14 14 15 22 22 23 14 14 9 9 9 12 12 8 5 5 8 8 15 20 20 23 19 19 13 13 15 16 16 19 19 19 20 20 17 17 17 20 21 21 22 22 22 21 21 20
 18 18 24 34 34 24 17 17 14 14 17 9 9 5 6 6 10 10 10 13 13 18 19 19 18 18 20 16 16 19 21 21 20 20 20 19 19 22 23 23 22 22 22 21 21 21
 18 18 24 34 34 24 17 17 14 14 17 9 9 5 6 6 10 10 10 13 13 18 19 19 18 18 20 16 16 19 21 21 20 20 20 19 19 22 23 23 22 22 22 21 21 21
 22 22 20 29 29 12 19 19 16 16 19 18 18 9 9 9 7 7 17 24 24 28 24 24 18 18 19 15 15 17 16 16 18 18 17 19 19 22 22 22 22 22 22 22 22 26
 25 25 22 22 22 11 7 7 7 7 9 23 23 9 13 13 8 8 5 18 18 25 25 25 23 23 21 14 14 13 15 15 16 16 19 18 18 18 17 17 17 17 22 23 23 28
 25 25 22 22 22 11 7 7 7 7 9 23 23 9 13 13 8 8 5 18 18 25 25 25 23 23 21 14 14 13 15 15 16 16 19 18 18 18 17 17 17 17 22 23 23 28
 20 20 16 16 16 13 9 9 9 9 10 9 9 8 11 11 9 9 6 18 18 23 30 30 18 18 15 11 11 10 10 10 18 18 21 13 13 14 15 15 17 17 15 13 13 13
 12 12 14 12 12 13 11 11 11 11 11 10 10 8 8 8 10 10 7 12 12 19 25 25 17 17 16 8 8 9 10 10 16 16 19 10 10 13 14 14 13 13 12 10 10 11
 12 12 14 12 12 13 11 11 11 11 11 10 10 8 8 8 10 10 7 12 12 19 25 25 17 17 16 8 8 9 10 10 16 16 19 10 10 13 14 14 13 13 12 10 10 11
 12 12 18 23 23 14 9 9 8 8 11 11 11 8 7 7 7 7 5 12 12 21 15 15 18 18 5 7 7 6 10 10 12 12 15 14 14 10 15 15 11 11 11 9 9 9
 12 12 18 23 23 14 9 9 8 8 11 11 11 8 7 7 7 7 5 12 12 21 15 15 18 18 5 7 7 6 10 10 12 12 15 14 14 10 15 15 11 11 11 9 9 9
 13 13 15 15 15 16 7 7 5 5 6 8 8 6 5 5 4 4 4 3 3 12 19 19 17 17 6 5 5 5 9 9 16 16 18 8 8 15 9 9 10 10 10 8 8 8
 15 15 13 13 13 16 10 10 6 6 3 4 4 3 3 3 3 3 2 2 2 2 6 6 38 38 10 3 3 3 4 4 5 5 11 8 8 7 8 8 11 11 9 7 7 6
 15 15 13 13 13 16 10 10 6 6 3 4 4 3 3 3 3 3 2 2 2 2 6 6 38 38 10 3 3 3 4 4 5 5 11 8 8 7 8 8 11 11 9 7 7 6
 9 9 12 16 16 16 12 12 10 10 15 3 3 2 2 2 2 2 2 1 1 1 6 6 4 4 21 2 2 8 4 4 6 6 6 11 11 7 7 7 11 11 6 4 4 3
 6 6 9 23 23 12 13 13 13 13 15 19 19 7 6 6 1 1 2 1 1 1 1 1 4 4 12 9 9 7 7 7 4 4 9 5 5 4 4 4 3 3 2 1 1 1
 6 6 9 23 23 12 13 13 13 13 15 19 19 7 6 6 1 1 2 1 1 1 1 1 4 4 12 9 9 7 7 7 4 4 9 5 5 4 4 4 3 3 2 1 1 1
 8 8 13 16 16 14 17 17 16 16 19 17 17 10 6 6 1 1 2 3 3 1 1 1 3 3 12 4 4 3 13 13 7 7 7 4 4 1 1 1 1 1 1 0 0 0
 8 8 13 16 16 14 17 17 16 16 19 17 17 10 6 6 1 1 2 3 3 1 1 1 3 3 12 4 4 3 13 13 7 7 7 4 4 1 1 1 1 1 1 0 0 0
 18 18 18 17 17 13 11 11 25 25 21 30 30 15 2 2 2 2 4 7 7 4 7 7 6 6 16 10 10 1 2 2 8 8 5 5 5 2 0 0 0 0 0 0 0 0
 24 24 15 14 14 6 5 5 18 18 32 30 30 13 5 5 4 4 4 5 5 4 6 6 16 16 12 15 15 6 0 0 0 0 5 5 5 3 2 2 0 0 0 0 0 0
 24 24 15 14 14 6 5 5 18 18 32 30 30 13 5 5 4 4 4 5 5 4 6 6 16 16 12 15 15 6 0 0 0 0 5 5 5 3 2 2 0 0 0 0 0 0
 10 10 7 9 9 2 2 2 6 6 29 37 37 8 6 6 5 5 5 8 8 1 2 2 13 13 12 18 18 15 8 8 2 2 0 7 7 1 1 1 0 0 1 0 0 0
 4 4 2 3 3 2 2 2 3 3 19 39 39 14 4 4 2 2 1 7 7 5 1 1 2 2 3 14 14 32 10 10 4 4 4 5 5 7 4 4 0 0 1 0 0 1
 4 4 2 3 3 2 2 2 3 3 19 39 39 14 4 4 2 2 1 7 7 5 1 1 2 2 3 14 14 32 10 10 4 4 4 5 5 7 4 4 0 0 1 0 0 1
 2 2 1 1 1 3 3 3 5 5 13 23 23 19 5 5 3 3 3 4 4 4 0 0 1 1 1 4 4 14 11 11 8 8 9 9 9 8 7 7 0 0 0 0 0 0
 2 2 1 1 1 3 3 3 5 5 13 23 23 19 5 5 3 3 3 4 4 4 0 0 1 1 1 4 4 14 11 11 8 8 9 9 9 8 7 7 0 0 0 0 0 0
 2 2 3 2 2 4 2 2 6 6 6 13 13 17 5 5 3 3 5 11 11 5 1 1 1 1 1 5 5 11 5 5 3 3 0 9 9 8 5 5 7 7 1 0 0 0
 3 3 3 3 3 6 4 4 10 10 11 7 7 12 8 8 6 6 9 12 12 5 1 1 1 1 0 0 0 5 5 5 2 2 0 3 3 11 4 4 4 4 1 0 0 0
 3 3 3 3 3 6 4 4 10 10 11 7 7 12 8 8 6 6 9 12 12 5 1 1 1 1 0 0 0 5 5 5 2 2 0 3 3 11 4 4 4 4 1 0 0 0
 4 4 4 5 5 6 6 6 10 10 15 11 11 7 6 6 6 6 5 9 9 8 2 2 1 1 1 1 1 1 4 4 3 3 1 0 0 0 0 0 1 1 0 1 1 0
 4 4 5 7 7 9 7 7 8 8 19 7 7 7 6 6 8 8 6 5 5 4 1 1 1 1 1 1 1 1 2 2 1 1 2 1 1 0 0 0 1 1 2 5 5 1
 4 4 5 7 7 9 7 7 8 8 19 7 7 7 6 6 8 8 6 5 5 4 1 1 1 1 1 1 1 1 2 2 1 1 2 1 1 0 0 0 1 1 2 5 5 1
 3 3 4 5 5 9 4 4 5 5 8 13 13 6 4 4 9 9 12 5 5 4 1 1 1 1 2 1 1 1 1 1 0 0 1 2 2 0 0 0 1 1 2 2 2 0
 3 3 4 5 5 9 4 4 5 5 8 13 13 6 4 4 9 9 12 5 5 4 1 1 1 1 2 1 1 1 1 1 0 0 1 2 2 0 0 0 1 1 2 2 2 0
 3 3 5 3 3 7 9 9 6 6 4 6 6 5 2 2 5 5 12 12 12 8 2 2 1 1 3 1 1 3 5 5 1 1 1 2 2 2 1 1 0 0 0 0 0 1
 2 2 3 4 4 6 12 12 6 6 4 6 6 4 3 3 4 4 13 16 16 14 5 5 1 1 3 3 3 1 4 4 4 4 1 1 1 3 1 1 1 1 0 1 1 0
 2 2 3 4 4 6 12 12 6 6 4 6 6 4 3 3 4 4 13 16 16 14 5 5 1 1 3 3 3 1 4 4 4 4 1 1 1 3 1 1 1 1 0 1 1 0
 3 3 5 1 1 5 4 4 2 2 6 5 5 7 6 6 4 4 12 18 18 10 5 5 4 4 3 3 3 0 2 2 2 2 2 1 1 1 1 1 3 3 2 1 1 1
 8 8 17 11 11 8 1 1 1 1 2 3 3 5 3 3 3 3 8 14 14 6 6 6 6 6 4 2 2 0 1 1 1 1 0 0 0 1 1 1 0 0 1 1 1 0
