assets/RAT_results_old/precipitation/2021-11-02_IMERG.asc
ncols        46
nrows        77
xllcorner    74.800261325624
yllcorner    8.058333333333
cellsize     0.062500000000
NODATA_value -9999
 19 19 17 14 14 8 5 5 2 2 1 1 1 1 1 1 0 0 0 0 0 0 0 0 0 0 0 0 0 0 0 0 0 0 1 1 1 1 1 1 0 0 0 0 0 0
 11 11 14 11 11 8 12 12 13 13 6 3 3 1 1 1 0 0 0 1 1 1 1 1 0 0 0 0 0 0 0 0 0 0 0 1 1 1 1 1 0 0 0 0 0 0
 11 11 14 11 11 8 12 12 13 13 6 3 3 1 1 1 0 0 0 1 1 1 1 1 0 0 0 0 0 0 0 0 0 0 0 1 1 1 1 1 0 0 0 0 0 0
 14 14 17 18 18 25 24 24 22 22 11 3 3 1 1 1 1 1 1 2 2 1 1 1 0 0 1 0 0 0 0 0 0 0 0 0 0 1 1 1 0 0 0 0 0 0
 13 13 17 40 40 54 45 45 31 31 11 5 5 4 2 2 2 2 3 3 3 2 1 1 0 0 1 1 1 0 0 0 0 0 0 0 0 0 1 1 0 0 0 0 0 0
 13 13 17 40 40 54 45 45 31 31 11 5 5 4 2 2 2 2 3 3 3 2 1 1 0 0 1 1 1 0 0 0 0 0 0 0 0 0 1 1 0 0 0 0 0 0
 22 22 22 23 23 28 31 31 21 21 12 8 8 7 7 7 4 4 3 2 2 2 0 0 0 0 0 0 0 0 0 0 0 0 0 0 0 0 0 0 0 0 0 0 0 1
 22 22 22 23 23 28 31 31 21 21 12 8 8 7 7 7 4 4 3 2 2 2 0 0 0 0 0 0 0 0 0 0 0 0 0 0 0 0 0 0 0 0 0 0 0 1
 17 17 24 24 24 25 23 23 22 22 40 17 17 13 12 12 4 4 2 2 2 1 1 1 0 0 0 0 0 0 0 0 0 0 0 0 0 0 0 0 0 0 0 0 0 1
 16 16 32 24 24 18 26 26 23 23 52 17 17 27 16 16 5 5 2 1 1 0 0 0 0 0 1 0 0 0 0 0 0 0 0 0 0 1 0 0 0 0 0 1 1 1
 16 16 32 24 24 18 26 26 23 23 52 17 17 27 16 16 5 5 2 1 1 0 0 0 0 0 1 0 0 0 0 0 0 0 0 0 0 1 0 0 0 0 0 1 1 1
 19 19 27 29 29 29 25 25 33 33 32 31 31 19 31 31 10 10 3 1 1 0 1 1 1 1 0 0 0 1 0 0 0 0 0 1 1 1 1 1 0 0 1 1 1 1
 33 33 30 24 24 36 38 38 34 34 33 30 30 53 34 34 13 13 6 1 1 0 0 0 0 0 0 0 0 1 1 1 0 0 0 0 0 0 0 0 0 0 1 1 1 2
 33 33 30 24 24 36 38 38 34 34 33 30 30 53 34 34 13 13 6 1 1 0 0 0 0 0 0 0 0 1 1 1 0 0 0 0 0 0 0 0 0 0 1 1 1 2
 22 22 21 26 26 36 45 45 44 44 46 68 68 51 34 34 28 28 10 2 2 1 0 0 0 0 0 1 1 1 0 0 0 0 0 0 0 0 0 0 0 0 1 2 2 3
 22 22 21 26 26 36 45 45 44 44 46 68 68 51 34 34 28 28 10 2 2 1 0 0 0 0 0 1 1 1 0 0 0 0 0 0 0 0 0 0 0 0 1 2 2 3
 20 20 19 29 29 29 38 38 52 52 60 76 76 53 62 62 32 32 21 7 7 2 3 3 1 1 0 0 0 1 1 1 1 1 0 0 0 1 2 2 1 1 3 2 2 3
 20 20 25 27 27 38 32 32 54 54 50 69 69 62 71 71 57 57 32 18 18 13 10 10 4 4 0 0 0 1 2 2 1 1 1 1 1 2 2 2 3 3 3 3 3 4
 20 20 25 27 27 38 32 32 54 54 50 69 69 62 71 71 57 57 32 18 18 13 10 10 4 4 0 0 0 1 2 2 1 1 1 1 1 2 2 2 3 3 3 3 3 4
 19 19 27 36 36 37 31 31 51 51 64 60 60 60 57 57 44 44 62 25 25 5 8 8 5 5 2 0 0 1 1 1 1 1 1 1 1 3 2 2 5 5 8 6 6 7
 16 16 16 26 26 32 40 40 43 43 57 46 46 53 49 49 38 38 43 33 33 19 18 18 9 9 6 1 1 1 1 1 2 2 2 2 2 5 7 7 11 11 8 6 6 6
 16 16 16 26 26 32 40 40 43 43 57 46 46 53 49 49 38 38 43 33 33 19 18 18 9 9 6 1 1 1 1 1 2 2 2 2 2 5 7 7 11 11 8 6 6 6
 20 20 22 32 32 29 44 44 44 44 61 55 55 62 54 54 43 43 35 15 15 20 16 16 12 12 9 4 4 4 4 4 5 5 6 4 4 7 7 7 12 12 10 13 13 9
 20 20 22 32 32 29 44 44 44 44 61 55 55 62 54 54 43 43 35 15 15 20 16 16 12 12 9 4 4 4 4 4 5 5 6 4 4 7 7 7 12 12 10 13 13 9
 20 20 31 40 40 47 50 50 54 54 67 69 69 71 72 72 62 62 35 13 13 13 17 17 17 17 8 10 10 7 6 6 5 5 5 13 13 10 18 18 21 21 16 10 10 8
 33 33 43 44 44 58 62 62 60 60 81 70 70 65 72 72 53 53 26 10 10 8 5 5 5 5 9 11 11 14 14 14 8 8 9 13 13 12 18 18 44 44 31 18 18 16
 33 33 43 44 44 58 62 62 60 60 81 70 70 65 72 72 53 53 26 10 10 8 5 5 5 5 9 11 11 14 14 14 8 8 9 13 13 12 18 18 44 44 31 18 18 16
 47 47 32 62 62 60 64 64 67 67 66 139 139 95 62 62 56 56 30 13 13 8 5 5 5 5 7 8 8 12 11 11 9 9 9 17 17 17 45 45 45 45 31 23 23 24
 44 44 44 50 50 59 69 69 77 77 70 135 135 92 148 148 50 50 21 14 14 8 8 8 9 9 7 8 8 12 12 12 10 10 8 7 7 12 20 20 22 22 25 25 25 26
 44 44 44 50 50 59 69 69 77 77 70 135 135 92 148 148 50 50 21 14 14 8 8 8 9 9 7 8 8 12 12 12 10 10 8 7 7 12 20 20 22 22 25 25 25 26
 54 54 59 50 50 58 66 66 66 66 59 128 128 163 156 156 58 58 27 11 11 25 7 7 8 8 8 8 8 10 10 10 8 8 4 3 3 7 20 20 18 18 21 20 20 27
 54 54 59 50 50 58 66 66 66 66 59 128 128 163 156 156 58 58 27 11 11 25 7 7 8 8 8 8 8 10 10 10 8 8 4 3 3 7 20 20 18 18 21 20 20 27
 53 53 57 62 62 69 83 83 65 65 59 48 48 48 38 38 42 42 28 29 29 25 18 18 18 18 14 15 15 17 15 15 9 9 4 3 3 4 6 6 10 10 18 19 19 27
 45 45 47 56 56 61 59 59 46 46 52 48 48 48 36 36 46 46 45 26 26 19 12 12 19 19 19 16 16 18 19 19 19 19 10 6 6 2 3 3 3 3 4 14 14 29
 45 45 47 56 56 61 59 59 46 46 52 48 48 48 36 36 46 46 45 26 26 19 12 12 19 19 19 16 16 18 19 19 19 19 10 6 6 2 3 3 3 3 4 14 14 29
 29 29 31 56 56 60 57 57 45 45 45 37 37 32 53 53 33 33 45 28 28 43 26 26 23 23 21 30 30 26 23 23 34 34 27 9 9 3 3 3 5 5 4 13 13 3
 29 29 28 29 29 34 36 36 31 31 31 31 31 20 38 38 32 32 83 46 46 43 33 33 46 46 29 31 31 25 24 24 31 31 31 12 12 8 5 5 6 6 5 5 5 4
 29 29 28 29 29 34 36 36 31 31 31 31 31 20 38 38 32 32 83 46 46 43 33 33 46 46 29 31 31 25 24 24 31 31 31 12 12 8 5 5 6 6 5 5 5 4
 27 27 27 28 28 29 36 36 32 32 29 30 30 19 25 25 23 23 103 78 78 48 32 32 33 33 29 35 35 16 18 18 18 18 17 12 12 11 8 8 8 8 7 6 6 6
 27 27 27 28 28 29 36 36 32 32 29 30 30 19 25 25 23 23 103 78 78 48 32 32 33 33 29 35 35 16 18 18 18 18 17 12 12 11 8 8 8 8 7 6 6 6
 27 27 27 28 28 28 27 27 30 30 14 24 24 44 44 44 150 150 103 77 77 47 43 43 30 30 23 21 21 15 13 13 11 11 9 15 15 11 9 9 9 9 7 7 7 8
 6 6 6 5 5 6 7 7 10 10 13 21 21 41 42 42 163 163 166 41 41 39 40 40 29 29 25 28 28 26 26 26 21 21 13 14 14 10 11 11 12 12 12 12 12 16
 6 6 6 5 5 6 7 7 10 10 13 21 21 41 42 42 163 163 166 41 41 39 40 40 29 29 25 28 28 26 26 26 21 21 13 14 14 10 11 11 12 12 12 12 12 16
 2 2 3 3 3 5 5 5 6 6 11 44 44 44 150 150 164 164 167 45 45 33 35 35 34 34 34 33 33 38 66 66 26 26 11 12 12 10 10 10 12 12 11 8 8 10
 3 3 3 3 3 3 8 8 28 28 31 60 60 33 104 104 102 102 108 84 84 30 38 38 38 38 40 46 46 80 77 77 28 28 9 10 10 5 6 6 7 7 7 7 7 8
 3 3 3 3 3 3 8 8 28 28 31 60 60 33 104 104 102 102 108 84 84 30 38 38 38 38 40 46 46 80 77 77 28 28 9 10 10 5 6 6 7 7 7 7 7 8
 3 3 3 5 5 26 29 29 30 30 30 39 39 58 138 138 43 43 45 33 33 27 26 26 35 35 39 49 49 51 73 73 32 32 23 7 7 4 4 4 5 5 5 6 6 7
 3 3 3 5 5 26 29 29 30 30 30 39 39 58 138 138 43 43 45 33 33 27 26 26 35 35 39 49 49 51 73 73 32 32 23 7 7 4 4 4 5 5 5 6 6 7
 4 4 5 7 7 28 28 28 36 36 59 60 60 77 83 83 53 53 43 30 30 27 29 29 38 38 39 45 45 51 75 75 39 39 28 11 11 10 6 6 6 6 6 6 6 8
 5 5 13 13 13 23 22 22 26 26 42 58 58 77 75 75 46 46 34 32 32 32 33 33 37 37 36 32 32 50 82 82 50 50 31 11 11 12 8 8 7 7 6 7 7 12
 5 5 13 13 13 23 22 22 26 26 42 58 58 77 75 75 46 46 34 32 32 32 33 33 37 37 36 32 32 50 82 82 50 50 31 11 11 12 8 8 7 7 6 7 7 12
 5 5 12 12 12 26 20 20 22 22 38 38 38 47 46 46 46 46 43 40 40 61 93 93 66 66 30 34 34 55 109 109 70 70 32 15 15 11 11 11 12 12 12 13 13 9
 3 3 12 12 12 26 19 19 20 20 17 22 22 24 35 35 44 44 42 40 40 62 44 44 68 68 27 27 27 47 89 89 75 75 39 13 13 12 15 15 20 20 22 16 16 12
 3 3 12 12 12 26 19 19 20 20 17 22 22 24 35 35 44 44 42 40 40 62 44 44 68 68 27 27 27 47 89 89 75 75 39 13 13 12 15 15 20 20 22 16 16 12
 4 4 5 12 12 11 23 23 21 21 15 21 21 23 34 34 38 38 41 28 28 62 47 47 70 70 19 25 25 32 43 43 69 69 38 13 13 16 20 20 37 37 29 24 24 20
 4 4 5 12 12 11 23 23 21 21 15 21 21 23 34 34 38 38 41 28 28 62 47 47 70 70 19 25 25 32 43 43 69 69 38 13 13 16 20 20 37 37 29 24 24 20
 4 4 5 13 13 12 25 25 22 22 21 21 21 21 21 21 27 27 29 29 29 28 13 13 21 21 14 18 18 12 29 29 42 42 25 15 15 20 26 26 39 39 31 23 23 17
 4 4 8 13 13 13 14 14 13 13 9 8 8 20 20 20 27 27 28 30 30 29 13 13 8 8 10 8 8 8 10 10 13 13 15 15 15 21 33 33 55 55 53 19 19 14
 4 4 8 13 13 13 14 14 13 13 9 8 8 20 20 20 27 27 28 30 30 29 13 13 8 8 10 8 8 8 10 10 13 13 15 15 15 21 33 33 55 55 53 19 19 14
 2 2 5 11 11 11 11 11 7 7 5 6 6 13 14 14 11 11 28 10 10 30 6 6 14 14 15 4 4 10 7 7 10 10 12 13 13 20 24 24 49 49 46 15 15 10
 1 1 2 3 3 3 3 3 3 3 7 4 4 7 16 16 6 6 7 8 8 5 5 5 5 5 6 9 9 9 6 6 7 7 7 10 10 12 12 12 16 16 17 13 13 10
 1 1 2 3 3 3 3 3 3 3 7 4 4 7 16 16 6 6 7 8 8 5 5 5 5 5 6 9 9 9 6 6 7 7 7 10 10 12 12 12 16 16 17 13 13 10
 1 1 1 2 2 2 3 3 5 5 10 11 11 15 12 12 7 7 5 4 4 4 4 4 4 4 5 23 23 73 11 11 12 12 8 8 8 9 11 11 16 16 16 12 12 9
 1 1 1 2 2 2 3 3 5 5 10 11 11 15 12 12 7 7 5 4 4 4 4 4 4 4 5 23 23 73 11 11 12 12 8 8 8 9 11 11 16 16 16 12 12 9
 1 1 1 2 2 2 4 4 7 7 10 12 12 14 10 10 5 5 4 3 3 3 3 3 4 4 31 30 30 75 12 12 12 12 12 9 9 7 10 10 15 15 18 11 11 7
 1 1 1 2 2 3 3 3 6 6 6 6 6 8 5 5 3 3 3 3 3 3 5 5 4 4 12 38 38 23 7 7 6 6 9 9 9 9 9 9 13 13 13 9 9 10
 1 1 1 2 2 3 3 3 6 6 6 6 6 8 5 5 3 3 3 3 3 3 5 5 4 4 12 38 38 23 7 7 6 6 9 9 9 9 9 9 13 13 13 9 9 10
 1 1 1 1 1 1 2 2 6 6 4 3 3 3 3 3 3 3 4 11 11 11 19 19 11 11 12 40 40 27 23 23 7 7 4 4 4 4 6 6 10 10 10 12 12 13
 1 1 1 3 3 2 1 1 2 2 2 2 2 2 2 2 3 3 7 14 14 15 25 25 15 15 10 20 20 39 31 31 8 8 4 3 3 4 4 4 6 6 9 10 10 10
 1 1 1 3 3 2 1 1 2 2 2 2 2 2 2 2 3 3 7 14 14 15 25 25 15 15 10 20 20 39 31 31 8 8 4 3 3 4 4 4 6 6 9 10 10 10
 1 1 4 8 8 5 1 1 1 1 1 1 1 2 3 3 6 6 12 11 11 14 12 12 11 11 12 19 19 21 23 23 5 5 4 4 4 4 4 4 8 8 11 7 7 8
 1 1 4 8 8 5 1 1 1 1 1 1 1 2 3 3 6 6 12 11 11 14 12 12 11 11 12 19 19 21 23 23 5 5 4 4 4 4 4 4 8 8 11 7 7 8
 1 1 1 2 2 1 0 0 0 0 0 0 0 1 3 3 7 7 10 8 8 14 10 10 10 10 13 19 19 18 27 27 8 8 3 4 4 4 3 3 8 8 7 6 6 15
 1 1 0 1 1 1 0 0 0 0 0 1 1 1 2 2 4 4 5 4 4 6 5 5 4 4 5 5 5 3 12 12 7 7 2 1 1 2 3 3 3 3 6 4 4 4
 1 1 0 1 1 1 0 0 0 0 0 1 1 1 2 2 4 4 5 4 4 6 5 5 4 4 5 5 5 3 12 12 7 7 2 1 1 2 3 3 3 3 6 4 4 4
 1 1 0 1 1 1 1 1 1 1 1 3 3 1 2 2 2 2 2 3 3 2 4 4 2 2 2 3 3 2 13 13 13 13 11 5 5 4 5 5 2 2 3 2 2 2
 1 1 0 0 0 1 1 1 1 1 1 1 1 1 1 1 2 2 2 2 2 2 2 2 3 3 2 2 2 9 7 7 16 16 15 2 2 4 4 4 0 0 1 1 1 1
