assets/RAT_results_old/precipitation/2021-07-07_IMERG.asc
ncols        46
nrows        77
xllcorner    74.800261325624
yllcorner    8.058333333333
cellsize     0.062500000000
NODATA_value -9999
 64 64 59 50 50 49 11 11 4 4 4 4 4 1 1 1 0 0 0 1 1 0 0 0 1 1 1 2 2 2 5 5 3 3 2 9 9 3 2 2 2 2 1 1 1 2
 52 52 42 39 39 13 15 15 11 11 12 14 14 5 3 3 0 0 1 1 1 1 1 1 1 1 1 3 3 3 2 2 2 2 4 3 3 3 2 2 2 2 3 2 2 3
 52 52 42 39 39 13 15 15 11 11 12 14 14 5 3 3 0 0 1 1 1 1 1 1 1 1 1 3 3 3 2 2 2 2 4 3 3 3 2 2 2 2 3 2 2 3
 34 34 26 21 21 2 8 8 11 11 4 3 3 5 1 1 1 1 1 1 1 2 5 5 1 1 1 2 2 2 2 2 2 2 3 2 2 2 2 2 2 2 4 4 4 4
 25 25 19 13 13 8 3 3 10 10 0 3 3 3 3 3 1 1 1 1 1 1 1 1 2 2 2 2 2 2 4 4 2 2 2 2 2 3 3 3 4 4 4 4 4 4
 25 25 19 13 13 8 3 3 10 10 0 3 3 3 3 3 1 1 1 1 1 1 1 1 2 2 2 2 2 2 4 4 2 2 2 2 2 3 3 3 4 4 4 4 4 4
 30 30 12 22 22 19 1 1 1 1 2 3 3 1 2 2 1 1 1 2 2 2 2 2 6 6 2 4 4 4 5 5 3 3 4 3 3 4 4 4 4 4 4 4 4 5
 30 30 12 22 22 19 1 1 1 1 2 3 3 1 2 2 1 1 1 2 2 2 2 2 6 6 2 4 4 4 5 5 3 3 4 3 3 4 4 4 4 4 4 4 4 5
 13 13 3 7 7 6 2 2 6 6 2 3 3 4 3 3 8 8 2 4 4 5 3 3 2 2 3 4 4 5 5 5 6 6 6 6 6 7 9 9 6 6 10 13 13 17
 9 9 3 6 6 4 5 5 1 1 4 4 4 3 3 3 4 4 2 5 5 5 3 3 4 4 4 4 4 4 4 4 5 5 6 9 9 13 13 13 9 9 15 20 20 27
 9 9 3 6 6 4 5 5 1 1 4 4 4 3 3 3 4 4 2 5 5 5 3 3 4 4 4 4 4 4 4 4 5 5 6 9 9 13 13 13 9 9 15 20 20 27
 9 9 5 3 3 4 4 4 3 3 2 3 3 3 2 2 2 2 5 2 2 3 3 3 3 3 4 3 3 3 4 4 4 4 5 6 6 14 7 7 9 9 14 16 16 17
 7 7 11 4 4 5 3 3 5 5 11 2 2 2 2 2 2 2 2 2 2 2 3 3 3 3 4 3 3 2 3 3 4 4 4 4 4 9 6 6 13 13 12 15 15 11
 7 7 11 4 4 5 3 3 5 5 11 2 2 2 2 2 2 2 2 2 2 2 3 3 3 3 4 3 3 2 3 3 4 4 4 4 4 9 6 6 13 13 12 15 15 11
 10 10 6 4 4 1 4 4 4 4 2 1 1 1 1 1 1 1 1 1 1 2 2 2 3 3 3 2 2 2 3 3 4 4 5 5 5 9 19 19 21 21 18 22 22 11
 10 10 6 4 4 1 4 4 4 4 2 1 1 1 1 1 1 1 1 1 1 2 2 2 3 3 3 2 2 2 3 3 4 4 5 5 5 9 19 19 21 21 18 22 22 11
 10 10 2 4 4 1 1 1 3 3 3 1 1 1 1 1 1 1 1 1 1 1 2 2 2 2 7 4 4 4 3 3 5 5 5 4 4 9 15 15 22 22 24 12 12 18
 7 7 2 2 2 0 1 1 1 1 3 5 5 2 1 1 1 1 3 2 2 3 6 6 10 10 6 6 6 7 7 7 5 5 16 6 6 9 12 12 25 25 16 18 18 15
 7 7 2 2 2 0 1 1 1 1 3 5 5 2 1 1 1 1 3 2 2 3 6 6 10 10 6 6 6 7 7 7 5 5 16 6 6 9 12 12 25 25 16 18 18 15
 5 5 4 3 3 3 1 1 0 0 1 3 3 3 2 2 21 21 16 5 5 8 4 4 5 5 8 6 6 6 7 7 9 9 12 14 14 10 10 10 16 16 18 22 22 17
 8 8 12 5 5 6 7 7 2 2 1 4 4 7 5 5 8 8 14 7 7 15 8 8 7 7 10 7 7 9 11 11 12 12 15 16 16 12 20 20 28 28 21 22 22 15
 8 8 12 5 5 6 7 7 2 2 1 4 4 7 5 5 8 8 14 7 7 15 8 8 7 7 10 7 7 9 11 11 12 12 15 16 16 12 20 20 28 28 21 22 22 15
 12 12 20 20 20 21 13 13 2 2 8 2 2 7 6 6 3 3 1 3 3 13 7 7 8 8 15 15 15 17 28 28 21 21 12 17 17 9 17 17 23 23 28 17 17 17
 12 12 20 20 20 21 13 13 2 2 8 2 2 7 6 6 3 3 1 3 3 13 7 7 8 8 15 15 15 17 28 28 21 21 12 17 17 9 17 17 23 23 28 17 17 17
 46 46 54 45 45 36 26 26 6 6 11 2 2 3 3 3 2 2 1 3 3 8 5 5 8 8 9 7 7 10 8 8 7 7 10 18 18 7 10 10 27 27 24 18 18 12
 55 55 55 54 54 33 28 28 8 8 5 3 3 1 4 4 3 3 1 3 3 4 6 6 6 6 7 5 5 3 2 2 3 3 5 37 37 18 4 4 7 7 7 14 14 14
 55 55 55 54 54 33 28 28 8 8 5 3 3 1 4 4 3 3 1 3 3 4 6 6 6 6 7 5 5 3 2 2 3 3 5 37 37 18 4 4 7 7 7 14 14 14
 26 26 39 48 48 26 24 24 10 10 10 14 14 2 1 1 3 3 1 3 3 4 7 7 6 6 4 3 3 6 2 2 3 3 5 5 5 1 2 2 1 1 2 5 5 5
 24 24 33 25 25 23 24 24 8 8 9 13 13 10 2 2 3 3 2 1 1 4 5 5 11 11 12 7 7 9 3 3 1 1 1 1 1 1 1 1 0 0 1 1 1 4
 24 24 33 25 25 23 24 24 8 8 9 13 13 10 2 2 3 3 2 1 1 4 5 5 11 11 12 7 7 9 3 3 1 1 1 1 1 1 1 1 0 0 1 1 1 4
 15 15 20 19 19 16 16 16 5 5 5 8 8 12 2 2 3 3 2 2 2 0 1 1 4 4 6 7 7 2 0 0 0 0 0 0 0 1 0 0 1 1 0 1 1 1
 15 15 20 19 19 16 16 16 5 5 5 8 8 12 2 2 3 3 2 2 2 0 1 1 4 4 6 7 7 2 0 0 0 0 0 0 0 1 0 0 1 1 0 1 1 1
 11 11 14 18 18 16 14 14 6 6 1 3 3 8 5 5 5 5 4 2 2 1 0 0 0 0 0 0 0 1 0 0 0 0 0 0 0 0 0 0 0 0 1 1 1 1
 11 11 13 17 17 18 16 16 9 9 6 1 1 2 1 1 1 1 2 2 2 1 1 1 1 1 0 0 0 0 0 0 0 0 0 0 0 0 0 0 0 0 2 1 1 1
 11 11 13 17 17 18 16 16 9 9 6 1 1 2 1 1 1 1 2 2 2 1 1 1 1 1 0 0 0 0 0 0 0 0 0 0 0 0 0 0 0 0 2 1 1 1
 10 10 12 15 15 16 17 17 12 12 4 1 1 1 1 1 1 1 3 5 5 3 3 3 0 0 1 0 0 0 0 0 1 1 2 2 2 1 1 1 1 1 2 1 1 3
 7 7 10 13 13 15 25 25 14 14 6 1 1 1 1 1 1 1 0 3 3 5 3 3 0 0 1 2 2 2 3 3 4 4 4 4 4 5 11 11 7 7 5 3 3 4
 7 7 10 13 13 15 25 25 14 14 6 1 1 1 1 1 1 1 0 3 3 5 3 3 0 0 1 2 2 2 3 3 4 4 4 4 4 5 11 11 7 7 5 3 3 4
 6 6 7 13 13 17 25 25 17 17 15 3 3 1 0 0 2 2 0 3 3 5 3 3 1 1 0 2 2 4 6 6 9 9 13 12 12 15 12 12 26 26 25 3 3 4
 6 6 7 13 13 17 25 25 17 17 15 3 3 1 0 0 2 2 0 3 3 5 3 3 1 1 0 2 2 4 6 6 9 9 13 12 12 15 12 12 26 26 25 3 3 4
 5 5 7 10 10 11 17 17 20 20 22 5 5 3 1 1 2 2 1 2 2 5 3 3 1 1 1 3 3 2 5 5 12 12 19 23 23 20 18 18 22 22 17 9 9 5
 8 8 10 13 13 9 16 16 18 18 19 11 11 6 6 6 5 5 0 0 0 4 5 5 2 2 0 0 0 0 1 1 1 1 9 17 17 17 17 17 16 16 13 3 3 2
 8 8 10 13 13 9 16 16 18 18 19 11 11 6 6 6 5 5 0 0 0 4 5 5 2 2 0 0 0 0 1 1 1 1 9 17 17 17 17 17 16 16 13 3 3 2
 6 6 8 14 14 13 23 23 18 18 17 18 18 16 5 5 4 4 1 0 0 2 3 3 3 3 0 0 0 0 2 2 4 4 4 4 4 8 15 15 18 18 12 0 0 0
 8 8 8 14 14 27 24 24 20 20 13 18 18 14 6 6 5 5 2 0 0 0 3 3 3 3 2 2 2 2 4 4 9 9 7 5 5 4 1 1 1 1 1 0 0 0
 8 8 8 14 14 27 24 24 20 20 13 18 18 14 6 6 5 5 2 0 0 0 3 3 3 3 2 2 2 2 4 4 9 9 7 5 5 4 1 1 1 1 1 0 0 0
 6 6 13 17 17 21 15 15 18 18 18 19 19 20 13 13 6 6 5 1 1 1 3 3 4 4 5 4 4 4 6 6 8 8 3 5 5 2 1 1 1 1 1 0 0 0
 6 6 13 17 17 21 15 15 18 18 18 19 19 20 13 13 6 6 5 1 1 1 3 3 4 4 5 4 4 4 6 6 8 8 3 5 5 2 1 1 1 1 1 0 0 0
 9 9 13 14 14 16 13 13 15 15 13 15 15 16 17 17 11 11 8 4 4 2 2 2 6 6 3 3 3 7 11 11 15 15 10 3 3 1 1 1 1 1 3 4 4 1
 11 11 14 21 21 22 14 14 13 13 12 17 17 13 26 26 14 14 8 2 2 1 3 3 8 8 3 2 2 4 8 8 11 11 14 4 4 2 1 1 3 3 7 11 11 0
 11 11 14 21 21 22 14 14 13 13 12 17 17 13 26 26 14 14 8 2 2 1 3 3 8 8 3 2 2 4 8 8 11 11 14 4 4 2 1 1 3 3 7 11 11 0
 6 6 11 21 21 17 16 16 12 12 14 15 15 11 15 15 14 14 4 1 1 2 2 2 8 8 5 12 12 5 8 8 9 9 11 4 4 2 1 1 3 3 5 2 2 0
 7 7 7 13 13 15 14 14 16 16 12 10 10 9 12 12 11 11 7 4 4 1 1 1 10 10 15 12 12 2 3 3 4 4 6 5 5 6 3 3 4 4 4 1 1 1
 7 7 7 13 13 15 14 14 16 16 12 10 10 9 12 12 11 11 7 4 4 1 1 1 10 10 15 12 12 2 3 3 4 4 6 5 5 6 3 3 4 4 4 1 1 1
 11 11 8 11 11 11 12 12 18 18 17 13 13 8 8 8 6 6 5 4 4 4 1 1 8 8 4 2 2 2 1 1 3 3 5 6 6 11 12 12 4 4 5 4 4 1
 11 11 8 11 11 11 12 12 18 18 17 13 13 8 8 8 6 6 5 4 4 4 1 1 8 8 4 2 2 2 1 1 3 3 5 6 6 11 12 12 4 4 5 4 4 1
 11 11 10 16 16 16 14 14 16 16 18 16 16 11 8 8 5 5 7 8 8 6 1 1 2 2 2 1 1 2 1 1 0 0 0 1 1 4 9 9 2 2 5 4 4 2
 5 5 5 7 7 8 11 11 21 21 20 14 14 10 8 8 6 6 16 10 10 9 0 0 0 0 3 2 2 0 1 1 1 1 1 1 1 1 1 1 1 1 1 1 1 1
 5 5 5 7 7 8 11 11 21 21 20 14 14 10 8 8 6 6 16 10 10 9 0 0 0 0 3 2 2 0 1 1 1 1 1 1 1 1 1 1 1 1 1 1 1 1
 3 3 2 3 3 4 9 9 19 19 23 15 15 9 8 8 12 12 20 23 23 12 3 3 0 0 2 2 2 0 0 0 0 0 0 0 0 1 0 0 0 0 0 2 2 1
 3 3 3 1 1 3 5 5 16 16 20 25 25 11 13 13 11 11 13 16 16 5 2 2 0 0 1 1 1 0 0 0 0 0 0 1 1 2 3 3 1 1 1 1 1 0
 3 3 3 1 1 3 5 5 16 16 20 25 25 11 13 13 11 11 13 16 16 5 2 2 0 0 1 1 1 0 0 0 0 0 0 1 1 2 3 3 1 1 1 1 1 0
 1 1 2 1 1 2 2 2 4 4 5 8 8 9 15 15 14 14 10 4 4 1 0 0 0 0 0 1 1 1 1 1 0 0 0 1 1 3 7 7 2 2 0 0 0 1
 1 1 2 1 1 2 2 2 4 4 5 8 8 9 15 15 14 14 10 4 4 1 0 0 0 0 0 1 1 1 1 1 0 0 0 1 1 3 7 7 2 2 0 0 0 1
 0 0 0 0 0 1 2 2 3 3 4 4 4 8 10 10 10 10 10 4 4 3 0 0 0 0 1 0 0 1 1 1 0 0 0 2 2 5 11 11 1 1 2 2 2 3
 1 1 1 1 1 0 3 3 4 4 5 5 5 12 8 8 6 6 7 9 9 6 3 3 1 1 1 1 1 0 1 1 1 1 1 1 1 5 8 8 2 2 4 4 4 5
 1 1 1 1 1 0 3 3 4 4 5 5 5 12 8 8 6 6 7 9 9 6 3 3 1 1 1 1 1 0 1 1 1 1 1 1 1 5 8 8 2 2 4 4 4 5
 2 2 1 2 2 3 4 4 3 3 2 2 2 4 4 4 5 5 6 8 8 10 4 4 2 2 1 1 1 0 1 1 1 1 2 2 2 8 47 47 50 50 12 11 11 16
 1 1 1 3 3 3 4 4 4 4 3 1 1 2 3 3 4 4 4 4 4 7 6 6 2 2 0 0 0 0 0 0 2 2 2 1 1 2 6 6 9 9 4 10 10 3
 1 1 1 3 3 3 4 4 4 4 3 1 1 2 3 3 4 4 4 4 4 7 6 6 2 2 0 0 0 0 0 0 2 2 2 1 1 2 6 6 9 9 4 10 10 3
 1 1 1 1 1 4 4 4 4 4 4 2 2 3 2 2 2 2 4 4 4 5 6 6 3 3 1 0 0 0 0 0 0 0 2 1 1 1 2 2 3 3 4 5 5 1
 1 1 1 1 1 4 4 4 4 4 4 2 2 3 2 2 2 2 4 4 4 5 6 6 3 3 1 0 0 0 0 0 0 0 2 1 1 1 2 2 3 3 4 5 5 1
 2 2 2 2 2 4 5 5 5 5 4 4 4 4 2 2 1 1 1 2 2 3 5 5 6 6 1 0 0 0 0 0 0 0 1 0 0 1 1 1 1 1 0 0 0 0
 1 1 2 1 1 2 2 2 2 2 3 5 5 5 1 1 1 1 1 2 2 2 3 3 4 4 3 0 0 0 0 0 0 0 0 0 0 1 1 1 0 0 0 0 0 0
 1 1 2 1 1 2 2 2 2 2 3 5 5 5 1 1 1 1 1 2 2 2 3 3 4 4 3 0 0 0 0 0 0 0 0 0 0 1 1 1 0 0 0 0 0 0
 1 1 1 1 1 1 2 2 2 2 3 4 4 5 3 3 1 1 3 3 3 2 2 2 2 2 2 1 1 0 0 0 0 0 0 0 0 0 0 0 1 1 0 0 0 0
 1 1 0 1 1 1 1 1 1 1 2 3 3 2 2 2 1 1 3 3 3 2 2 2 2 2 2 2 2 1 0 0 0 0 0 0 0 0 0 0 0 0 0 0 0 0
