assets/RAT_results_old/precipitation/2021-01-07_IMERG.asc
ncols        46
nrows        77
xllcorner    74.800261325624
yllcorner    8.058333333333
cellsize     0.062500000000
NODATA_value -9999
 18 18 31 28 28 38 41 41 51 51 37 41 41 33 31 31 8 8 6 9 9 7 2 2 2 2 0 0 0 0 0 0 0 0 0 0 0 0 0 0 0 0 0 1 1 2
 20 20 29 30 30 34 36 36 51 51 45 41 41 17 21 21 6 6 4 4 4 2 3 3 2 2 0 1 1 0 0 0 0 0 0 0 0 0 0 0 0 0 0 0 0 1
 20 20 29 30 30 34 36 36 51 51 45 41 41 17 21 21 6 6 4 4 4 2 3 3 2 2 0 1 1 0 0 0 0 0 0 0 0 0 0 0 0 0 0 0 0 1
 13 13 15 19 19 35 45 45 60 60 73 72 72 26 21 21 2 2 2 5 5 7 6 6 2 2 0 0 0 0 0 0 0 0 0 0 0 0 0 0 0 0 0 0 0 1
 12 12 16 22 22 21 29 29 43 43 86 75 75 38 15 15 2 2 2 3 3 4 3 3 1 1 1 1 1 1 0 0 1 1 0 0 0 1 0 0 0 0 0 0 0 0
 12 12 16 22 22 21 29 29 43 43 86 75 75 38 15 15 2 2 2 3 3 4 3 3 1 1 1 1 1 1 0 0 1 1 0 0 0 1 0 0 0 0 0 0 0 0
 11 11 13 20 20 19 22 22 23 23 42 51 51 48 27 27 16 16 2 1 1 0 0 0 1 1 1 2 2 1 1 1 0 0 0 0 0 0 0 0 0 0 0 0 0 0
 11 11 13 20 20 19 22 22 23 23 42 51 51 48 27 27 16 16 2 1 1 0 0 0 1 1 1 2 2 1 1 1 0 0 0 0 0 0 0 0 0 0 0 0 0 0
 4 4 6 12 12 12 15 15 19 19 27 29 29 40 16 16 20 20 2 2 2 2 2 2 1 1 1 1 1 1 0 0 0 0 1 1 1 0 0 0 0 0 0 0 0 0
 4 4 5 4 4 8 14 14 11 11 14 22 22 25 11 11 14 14 1 1 1 1 1 1 1 1 1 1 1 1 0 0 0 0 1 1 1 3 0 0 0 0 0 0 0 0
 4 4 5 4 4 8 14 14 11 11 14 22 22 25 11 11 14 14 1 1 1 1 1 1 1 1 1 1 1 1 0 0 0 0 1 1 1 3 0 0 0 0 0 0 0 0
 4 4 5 6 6 11 12 12 12 12 15 18 18 14 9 9 12 12 1 0 0 1 1 1 1 1 1 1 1 0 2 2 0 0 1 3 3 3 0 0 0 0 0 0 0 0
 8 8 5 7 7 16 16 16 22 22 20 17 17 7 6 6 3 3 2 2 2 0 1 1 1 1 1 1 1 0 0 0 0 0 1 4 4 4 2 2 2 2 0 0 0 0
 8 8 5 7 7 16 16 16 22 22 20 17 17 7 6 6 3 3 2 2 2 0 1 1 1 1 1 1 1 0 0 0 0 0 1 4 4 4 2 2 2 2 0 0 0 0
 7 7 9 10 10 16 14 14 16 16 14 9 9 6 8 8 6 6 8 3 3 1 0 0 0 0 1 1 1 1 1 1 1 1 4 5 5 8 3 3 2 2 0 1 1 0
 7 7 9 10 10 16 14 14 16 16 14 9 9 6 8 8 6 6 8 3 3 1 0 0 0 0 1 1 1 1 1 1 1 1 4 5 5 8 3 3 2 2 0 1 1 0
 8 8 9 10 10 11 10 10 17 17 19 19 19 16 18 18 13 13 15 11 11 1 0 0 0 0 1 1 1 6 5 5 1 1 4 4 4 8 8 8 6 6 5 4 4 1
 6 6 8 7 7 9 13 13 13 13 25 22 22 17 14 14 9 9 26 18 18 12 4 4 3 3 3 1 1 11 6 6 10 10 9 9 9 9 9 9 9 9 8 3 3 3
 6 6 8 7 7 9 13 13 13 13 25 22 22 17 14 14 9 9 26 18 18 12 4 4 3 3 3 1 1 11 6 6 10 10 9 9 9 9 9 9 9 9 8 3 3 3
 5 5 6 7 7 6 11 11 13 13 28 28 28 20 8 8 9 9 21 37 37 31 6 6 6 6 3 3 3 10 10 10 9 9 10 12 12 10 12 12 11 11 13 10 10 10
 4 4 5 6 6 6 7 7 13 13 29 36 36 38 14 14 11 11 11 13 13 21 25 25 8 8 12 7 7 12 14 14 13 13 12 11 11 11 11 11 13 13 13 11 11 12
 4 4 5 6 6 6 7 7 13 13 29 36 36 38 14 14 11 11 11 13 13 21 25 25 8 8 12 7 7 12 14 14 13 13 12 11 11 11 11 11 13 13 13 11 11 12
 5 5 4 4 4 6 6 6 8 8 32 38 38 42 19 19 15 15 12 14 14 10 7 7 4 4 12 11 11 12 15 15 17 17 15 13 13 11 10 10 14 14 13 10 10 4
 5 5 4 4 4 6 6 6 8 8 32 38 38 42 19 19 15 15 12 14 14 10 7 7 4 4 12 11 11 12 15 15 17 17 15 13 13 11 10 10 14 14 13 10 10 4
 6 6 4 8 8 22 18 18 8 8 10 43 43 63 66 66 46 46 11 13 13 12 4 4 5 5 4 7 7 9 9 9 14 14 11 12 12 11 11 11 12 12 7 2 2 4
 6 6 15 29 29 48 35 35 14 14 13 32 32 62 67 67 16 16 14 5 5 6 5 5 4 4 3 4 4 7 9 9 14 14 14 8 8 9 8 8 8 8 5 4 4 5
 6 6 15 29 29 48 35 35 14 14 13 32 32 62 67 67 16 16 14 5 5 6 5 5 4 4 3 4 4 7 9 9 14 14 14 8 8 9 8 8 8 8 5 4 4 5
 6 6 17 41 41 51 35 35 12 12 15 17 17 45 31 31 38 38 40 8 8 6 5 5 4 4 6 4 4 3 7 7 5 5 10 7 7 5 7 7 8 8 6 3 3 2
 6 6 15 34 34 31 13 13 13 13 20 28 28 41 34 34 47 47 45 11 11 10 7 7 8 8 6 4 4 1 2 2 3 3 6 6 6 5 5 5 5 5 3 3 3 2
 6 6 15 34 34 31 13 13 13 13 20 28 28 41 34 34 47 47 45 11 11 10 7 7 8 8 6 4 4 1 2 2 3 3 6 6 6 5 5 5 5 5 3 3 3 2
 5 5 6 27 27 26 26 26 16 16 27 30 30 27 37 37 47 47 52 18 18 10 6 6 6 6 5 2 2 4 3 3 3 3 4 6 6 3 3 3 3 3 4 4 4 3
 5 5 6 27 27 26 26 26 16 16 27 30 30 27 37 37 47 47 52 18 18 10 6 6 6 6 5 2 2 4 3 3 3 3 4 6 6 3 3 3 3 3 4 4 4 3
 3 3 4 11 11 33 36 36 29 29 39 30 30 20 59 59 69 69 54 30 30 10 5 5 6 6 5 3 3 3 2 2 1 1 1 3 3 2 2 2 2 2 4 4 4 4
 2 2 4 10 10 34 33 33 37 37 41 33 33 17 44 44 78 78 61 31 31 14 9 9 14 14 9 11 11 3 2 2 4 4 0 1 1 1 1 1 1 1 3 5 5 5
 2 2 4 10 10 34 33 33 37 37 41 33 33 17 44 44 78 78 61 31 31 14 9 9 14 14 9 11 11 3 2 2 4 4 0 1 1 1 1 1 1 1 3 5 5 5
 2 2 3 5 5 44 35 35 39 39 39 35 35 15 40 40 79 79 65 57 57 20 21 21 26 26 14 16 16 10 10 10 11 11 4 3 3 0 0 0 0 0 2 4 4 5
 1 1 2 16 16 31 34 34 31 31 26 15 15 11 36 36 62 62 64 53 53 22 25 25 30 30 37 31 31 17 20 20 12 12 6 1 1 0 0 0 1 1 2 3 3 5
 1 1 2 16 16 31 34 34 31 31 26 15 15 11 36 36 62 62 64 53 53 22 25 25 30 30 37 31 31 17 20 20 12 12 6 1 1 0 0 0 1 1 2 3 3 5
 1 1 2 3 3 16 31 31 11 11 9 10 10 9 8 8 54 54 34 41 41 43 44 44 30 30 34 40 40 29 28 28 19 19 13 18 18 0 0 0 1 1 2 3 3 4
 1 1 2 3 3 16 31 31 11 11 9 10 10 9 8 8 54 54 34 41 41 43 44 44 30 30 34 40 40 29 28 28 19 19 13 18 18 0 0 0 1 1 2 3 3 4
 1 1 1 2 2 11 32 32 15 15 7 5 5 5 6 6 18 18 31 40 40 42 125 125 50 50 49 38 38 34 48 48 39 39 20 40 40 7 0 0 0 0 2 3 3 4
 1 1 1 1 1 10 9 9 11 11 9 4 4 6 17 17 5 5 24 38 38 39 125 125 36 36 48 36 36 45 55 55 58 58 14 1 1 2 0 0 0 0 1 3 3 4
 1 1 1 1 1 10 9 9 11 11 9 4 4 6 17 17 5 5 24 38 38 39 125 125 36 36 48 36 36 45 55 55 58 58 14 1 1 2 0 0 0 0 1 3 3 4
 1 1 1 1 1 2 2 2 5 5 7 6 6 29 16 16 23 23 24 19 19 21 28 28 35 35 39 32 32 30 58 58 51 51 8 0 0 0 0 0 0 0 0 2 2 3
 1 1 1 1 1 3 2 2 2 2 5 13 13 35 51 51 47 47 46 18 18 20 17 17 21 21 27 36 36 26 41 41 36 36 3 0 0 0 0 0 0 0 0 1 1 2
 1 1 1 1 1 3 2 2 2 2 5 13 13 35 51 51 47 47 46 18 18 20 17 17 21 21 27 36 36 26 41 41 36 36 3 0 0 0 0 0 0 0 0 1 1 2
 0 0 1 1 1 3 1 1 1 1 2 10 10 31 52 52 49 49 35 30 30 16 15 15 24 24 21 19 19 33 44 44 38 38 13 0 0 0 0 0 0 0 0 0 0 1
 0 0 1 1 1 3 1 1 1 1 2 10 10 31 52 52 49 49 35 30 30 16 15 15 24 24 21 19 19 33 44 44 38 38 13 0 0 0 0 0 0 0 0 0 0 1
 0 0 1 1 1 2 1 1 1 1 1 2 2 30 18 18 50 50 36 28 28 19 18 18 36 36 36 47 47 28 38 38 33 33 49 0 0 0 0 0 0 0 0 0 0 0
 0 0 0 0 0 0 0 0 0 0 0 0 0 1 4 4 39 39 36 19 19 19 26 26 33 33 19 25 25 36 38 38 22 22 27 0 0 0 0 0 0 0 0 0 0 0
 0 0 0 0 0 0 0 0 0 0 0 0 0 1 4 4 39 39 36 19 19 19 26 26 33 33 19 25 25 36 38 38 22 22 27 0 0 0 0 0 0 0 0 0 0 0
 1 1 0 1 1 0 1 1 0 0 0 0 0 0 1 1 37 37 27 10 10 1 17 17 15 15 16 30 30 21 37 37 35 35 19 0 0 0 0 0 0 0 0 0 0 0
 0 0 0 0 0 0 0 0 0 0 0 0 0 0 0 0 19 19 13 3 3 1 17 17 4 4 15 19 19 20 36 36 24 24 18 0 0 0 0 0 1 1 1 3 3 1
 0 0 0 0 0 0 0 0 0 0 0 0 0 0 0 0 19 19 13 3 3 1 17 17 4 4 15 19 19 20 36 36 24 24 18 0 0 0 0 0 1 1 1 3 3 1
 1 1 0 0 0 0 0 0 0 0 0 0 0 0 0 0 1 1 1 0 0 0 2 2 3 3 15 1 1 14 34 34 33 33 2 0 0 0 1 1 5 5 2 1 1 0
 1 1 0 0 0 0 0 0 0 0 0 0 0 0 0 0 1 1 1 0 0 0 2 2 3 3 15 1 1 14 34 34 33 33 2 0 0 0 1 1 5 5 2 1 1 0
 1 1 1 1 1 1 0 0 0 0 0 0 0 0 0 0 0 0 0 0 0 0 0 0 0 0 1 1 1 13 34 34 7 7 0 0 0 0 0 0 1 1 6 2 2 0
 2 2 2 2 2 1 1 1 0 0 0 0 0 0 0 0 0 0 0 0 0 0 0 0 0 0 0 0 0 0 1 1 5 5 0 0 0 0 0 0 0 0 1 1 1 0
 2 2 2 2 2 1 1 1 0 0 0 0 0 0 0 0 0 0 0 0 0 0 0 0 0 0 0 0 0 0 1 1 5 5 0 0 0 0 0 0 0 0 1 1 1 0
 3 3 4 3 3 2 1 1 0 0 0 0 0 0 0 0 0 0 0 0 0 0 0 0 0 0 0 0 0 0 0 0 0 0 0 0 0 0 0 0 0 0 0 0 0 0
 5 5 4 4 4 4 3 3 1 1 0 0 0 0 0 0 0 0 0 0 0 0 0 0 0 0 0 0 0 1 0 0 0 0 0 0 0 0 0 0 0 0 0 0 0 0
 5 5 4 4 4 4 3 3 1 1 0 0 0 0 0 0 0 0 0 0 0 0 0 0 0 0 0 0 0 1 0 0 0 0 0 0 0 0 0 0 0 0 0 0 0 0
 8 8 7 6 6 5 4 4 3 3 1 0 0 0 0 0 0 0 0 0 0 0 0 0 0 0 0 0 0 1 0 0 0 0 0 1 1 1 0 0 0 0 0 0 0 0
 8 8 7 6 6 5 4 4 3 3 1 0 0 0 0 0 0 0 0 0 0 0 0 0 0 0 0 0 0 1 0 0 0 0 0 1 1 1 0 0 0 0 0 0 0 0
 11 11 9 7 7 6 5 5 4 4 3 1 1 0 0 0 0 0 0 0 0 0 0 0 0 0 1 0 0 0 0 0 0 0 0 1 1 1 0 0 1 1 6 0 0 1
 13 13 12 11 11 10 7 7 6 6 7 5 5 2 1 1 0 0 0 0 0 0 0 0 0 0 1 0 0 0 1 1 0 0 0 0 0 0 0 0 2 2 2 1 1 1
 13 13 12 11 11 10 7 7 6 6 7 5 5 2 1 1 0 0 0 0 0 0 0 0 0 0 1 0 0 0 1 1 0 0 0 0 0 0 0 0 2 2 2 1 1 1
 16 16 13 14 14 15 15 15 7 7 16 14 14 5 5 5 2 2 1 0 0 0 0 0 0 0 0 0 0 0 0 0 0 0 0 0 0 0 0 0 0 0 1 1 1 1
 18 18 15 14 14 17 16 16 11 11 26 15 15 6 7 7 5 5 2 1 1 0 0 0 0 0 0 0 0 0 0 0 0 0 0 0 0 0 0 0 0 0 0 0 0 1
 18 18 15 14 14 17 16 16 11 11 26 15 15 6 7 7 5 5 2 1 1 0 0 0 0 0 0 0 0 0 0 0 0 0 0 0 0 0 0 0 0 0 0 0 0 1
 18 18 18 18 18 22 19 19 25 25 18 8 8 9 5 5 5 5 2 1 1 0 0 0 0 0 0 0 0 0 1 1 0 0 0 1 1 0 0 0 0 0 0 0 0 1
 18 18 18 18 18 22 19 19 25 25 18 8 8 9 5 5 5 5 2 1 1 0 0 0 0 0 0 0 0 0 1 1 0 0 0 1 1 0 0 0 0 0 0 0 0 1
 12 12 14 17 17 22 24 24 13 13 5 1 1 4 1 1 1 1 1 1 1 1 0 0 0 0 0 0 0 0 1 1 0 0 0 0 0 0 1 1 0 0 1 0 0 1
 6 6 7 9 9 11 14 14 16 16 8 1 1 0 0 0 0 0 0 0 0 0 0 0 0 0 0 0 0 0 0 0 0 0 0 0 0 0 1 1 1 1 1 1 1 1
 6 6 7 9 9 11 14 14 16 16 8 1 1 0 0 0 0 0 0 0 0 0 0 0 0 0 0 0 0 0 0 0 0 0 0 0 0 0 1 1 1 1 1 1 1 1
 6 6 3 3 3 3 4 4 4 4 3 0 0 0 0 0 0 0 0 0 0 0 0 0 0 0 0 0 0 0 0 0 0 0 0 1 1 0 0 0 1 1 1 1 1 1
 4 4 3 2 2 2 2 2 4 4 2 1 1 1 0 0 0 0 0 0 0 0 0 0 0 0 0 0 0 0 0 0 0 0 0 0 0 1 0 0 0 0 0 0 0 1
