assets/RAT_results_old/precipitation/2021-10-17_IMERG.asc
ncols        46
nrows        77
xllcorner    74.800261325624
yllcorner    8.058333333333
cellsize     0.062500000000
NODATA_value -9999
 32 32 22 10 10 8 4 4 8 8 16 9 9 6 2 2 2 2 2 3 3 2 2 2 5 5 5 4 4 2 1 1 2 2 1 2 2 1 1 1 0 0 0 0 0 0
 51 51 37 24 24 13 16 16 12 12 13 12 12 2 3 3 1 1 3 3 3 2 1 1 2 2 2 1 1 2 2 2 0 0 1 5 5 1 0 0 1 1 0 0 0 0
 51 51 37 24 24 13 16 16 12 12 13 12 12 2 3 3 1 1 3 3 3 2 1 1 2 2 2 1 1 2 2 2 0 0 1 5 5 1 0 0 1 1 0 0 0 0
 47 47 39 27 27 12 8 8 19 19 12 9 9 2 2 2 1 1 2 3 3 2 0 0 0 0 1 1 1 5 2 2 0 0 1 2 2 1 1 1 1 1 0 0 0 0
 39 39 45 36 36 21 10 10 9 9 4 6 6 1 1 1 1 1 1 1 1 0 0 0 0 0 0 1 1 1 1 1 1 1 0 0 0 0 1 1 1 1 1 0 0 1
 39 39 45 36 36 21 10 10 9 9 4 6 6 1 1 1 1 1 1 1 1 0 0 0 0 0 0 1 1 1 1 1 1 1 0 0 0 0 1 1 1 1 1 0 0 1
 30 30 43 47 47 33 17 17 12 12 9 5 5 2 11 11 2 2 1 1 1 0 0 0 0 0 0 1 1 1 1 1 0 0 0 0 0 0 0 0 1 1 1 1 1 2
 30 30 43 47 47 33 17 17 12 12 9 5 5 2 11 11 2 2 1 1 1 0 0 0 0 0 0 1 1 1 1 1 0 0 0 0 0 0 0 0 1 1 1 1 1 2
 28 28 42 40 40 37 51 51 26 26 20 13 13 16 13 13 3 3 1 1 1 0 0 0 0 0 1 1 1 1 1 1 1 1 1 1 1 0 1 1 1 1 1 1 1 1
 32 32 40 51 51 54 54 54 33 33 40 20 20 15 11 11 4 4 2 1 1 1 1 1 0 0 1 1 1 1 1 1 0 0 1 1 1 1 1 1 1 1 1 1 1 1
 32 32 40 51 51 54 54 54 33 33 40 20 20 15 11 11 4 4 2 1 1 1 1 1 0 0 1 1 1 1 1 1 0 0 1 1 1 1 1 1 1 1 1 1 1 1
 23 23 26 36 36 49 56 56 44 44 39 22 22 15 10 10 10 10 6 6 6 4 3 3 2 2 1 1 1 1 0 0 0 0 1 1 1 1 1 1 1 1 1 2 2 1
 19 19 19 31 31 50 50 50 41 41 16 17 17 15 10 10 8 8 7 10 10 6 5 5 4 4 1 1 1 0 0 0 0 0 0 1 1 0 0 0 1 1 2 3 3 2
 19 19 19 31 31 50 50 50 41 41 16 17 17 15 10 10 8 8 7 10 10 6 5 5 4 4 1 1 1 0 0 0 0 0 0 1 1 0 0 0 1 1 2 3 3 2
 13 13 11 17 17 25 30 30 16 16 17 16 16 14 19 19 19 19 17 16 16 19 6 6 2 2 2 1 1 0 0 0 0 0 1 1 1 1 2 2 1 1 2 3 3 3
 13 13 11 17 17 25 30 30 16 16 17 16 16 14 19 19 19 19 17 16 16 19 6 6 2 2 2 1 1 0 0 0 0 0 1 1 1 1 2 2 1 1 2 3 3 3
 15 15 19 21 21 29 25 25 24 24 20 17 17 18 14 14 17 17 19 18 18 13 6 6 3 3 2 1 1 1 0 0 0 0 1 1 1 2 4 4 3 3 2 2 2 4
 13 13 12 15 15 15 23 23 20 20 23 26 26 29 15 15 14 14 27 22 22 16 5 5 2 2 3 2 2 2 1 1 1 1 2 1 1 2 3 3 2 2 2 3 3 3
 13 13 12 15 15 15 23 23 20 20 23 26 26 29 15 15 14 14 27 22 22 16 5 5 2 2 3 2 2 2 1 1 1 1 2 1 1 2 3 3 2 2 2 3 3 3
 5 5 8 9 9 14 29 29 24 24 29 31 31 33 18 18 20 20 18 8 8 15 4 4 2 2 3 2 2 2 1 1 1 1 4 2 2 2 2 2 2 2 2 2 2 2
 6 6 6 8 8 16 11 11 16 16 17 27 27 24 21 21 17 17 17 13 13 7 3 3 3 3 2 4 4 3 4 4 3 3 3 2 2 2 2 2 2 2 1 2 2 1
 6 6 6 8 8 16 11 11 16 16 17 27 27 24 21 21 17 17 17 13 13 7 3 3 3 3 2 4 4 3 4 4 3 3 3 2 2 2 2 2 2 2 1 2 2 1
 5 5 7 7 7 12 9 9 10 10 13 25 25 28 20 20 14 14 9 7 7 9 5 5 4 4 6 6 6 8 8 8 5 5 2 2 2 2 2 2 1 1 0 0 0 0
 5 5 7 7 7 12 9 9 10 10 13 25 25 28 20 20 14 14 9 7 7 9 5 5 4 4 6 6 6 8 8 8 5 5 2 2 2 2 2 2 1 1 0 0 0 0
 9 9 11 9 9 9 14 14 15 15 15 13 13 14 17 17 10 10 7 5 5 4 5 5 8 8 7 8 8 7 6 6 3 3 2 2 2 2 1 1 2 2 0 0 0 0
 9 9 8 10 10 14 28 28 23 23 13 12 12 10 11 11 9 9 7 3 3 4 9 9 10 10 11 9 9 8 5 5 3 3 3 3 3 1 1 1 0 0 0 0 0 0
 9 9 8 10 10 14 28 28 23 23 13 12 12 10 11 11 9 9 7 3 3 4 9 9 10 10 11 9 9 8 5 5 3 3 3 3 3 1 1 1 0 0 0 0 0 0
 7 7 8 10 10 20 23 23 20 20 9 9 9 7 10 10 12 12 11 8 8 15 15 15 10 10 12 10 10 10 5 5 4 4 3 2 2 2 2 2 0 0 0 0 0 0
 7 7 11 18 18 19 23 23 26 26 11 8 8 12 15 15 17 17 22 21 21 20 28 28 22 22 23 13 13 11 10 10 8 8 8 3 3 1 0 0 0 0 0 0 0 0
 7 7 11 18 18 19 23 23 26 26 11 8 8 12 15 15 17 17 22 21 21 20 28 28 22 22 23 13 13 11 10 10 8 8 8 3 3 1 0 0 0 0 0 0 0 0
 6 6 9 16 16 23 21 21 30 30 26 17 17 18 24 24 20 20 22 31 31 36 40 40 28 28 36 32 32 18 12 12 9 9 4 2 2 0 0 0 0 0 0 0 0 0
 6 6 9 16 16 23 21 21 30 30 26 17 17 18 24 24 20 20 22 31 31 36 40 40 28 28 36 32 32 18 12 12 9 9 4 2 2 0 0 0 0 0 0 0 0 0
 5 5 8 11 11 24 22 22 18 18 18 21 21 25 26 26 33 33 42 47 47 49 61 61 56 56 41 43 43 19 11 11 9 9 4 2 2 1 0 0 0 0 0 1 1 0
 5 5 6 11 11 11 17 17 19 19 22 19 19 18 23 23 31 31 38 58 58 60 76 76 77 77 80 57 57 27 10 10 5 5 1 1 1 1 1 1 2 2 2 7 7 3
 5 5 6 11 11 11 17 17 19 19 22 19 19 18 23 23 31 31 38 58 58 60 76 76 77 77 80 57 57 27 10 10 5 5 1 1 1 1 1 1 2 2 2 7 7 3
 5 5 10 12 12 12 16 16 23 23 22 16 16 21 39 39 52 52 51 64 64 54 92 92 77 77 30 21 21 15 14 14 7 7 4 3 3 2 2 2 2 2 3 3 3 10
 3 3 5 9 9 6 8 8 13 13 16 18 18 19 36 36 36 36 43 65 65 71 56 56 39 39 27 28 28 19 19 19 17 17 11 3 3 3 2 2 2 2 4 7 7 14
 3 3 5 9 9 6 8 8 13 13 16 18 18 19 36 36 36 36 43 65 65 71 56 56 39 39 27 28 28 19 19 19 17 17 11 3 3 3 2 2 2 2 4 7 7 14
 1 1 1 3 3 3 5 5 7 7 11 12 12 13 16 16 21 21 28 50 50 39 37 37 29 29 24 19 19 20 32 32 30 30 25 7 7 10 2 2 4 4 7 10 10 18
 1 1 1 3 3 3 5 5 7 7 11 12 12 13 16 16 21 21 28 50 50 39 37 37 29 29 24 19 19 20 32 32 30 30 25 7 7 10 2 2 4 4 7 10 10 18
 1 1 1 1 1 2 2 2 4 4 10 10 10 10 12 12 10 10 17 26 26 29 25 25 24 24 31 28 28 34 40 40 36 36 26 22 22 13 4 4 3 3 8 8 8 10
 2 2 1 3 3 5 4 4 7 7 11 11 11 18 18 18 13 13 10 13 13 19 25 25 20 20 24 42 42 45 40 40 79 79 26 17 17 12 5 5 4 4 4 5 5 6
 2 2 1 3 3 5 4 4 7 7 11 11 11 18 18 18 13 13 10 13 13 19 25 25 20 20 24 42 42 45 40 40 79 79 26 17 17 12 5 5 4 4 4 5 5 6
 1 1 3 4 4 7 11 11 14 14 13 14 14 12 10 10 11 11 5 7 7 12 13 13 17 17 17 26 26 29 43 43 33 33 32 12 12 9 5 5 3 3 3 2 2 2
 1 1 2 3 3 4 4 4 6 6 5 3 3 3 2 2 3 3 8 6 6 6 12 12 10 10 13 17 17 27 20 20 31 31 17 10 10 5 5 5 4 4 2 1 1 1
 1 1 2 3 3 4 4 4 6 6 5 3 3 3 2 2 3 3 8 6 6 6 12 12 10 10 13 17 17 27 20 20 31 31 17 10 10 5 5 5 4 4 2 1 1 1
 1 1 1 1 1 3 2 2 4 4 7 5 5 2 4 4 6 6 4 7 7 4 5 5 9 9 9 8 8 8 13 13 19 19 14 11 11 5 5 5 2 2 1 1 1 1
 1 1 1 1 1 3 2 2 4 4 7 5 5 2 4 4 6 6 4 7 7 4 5 5 9 9 9 8 8 8 13 13 19 19 14 11 11 5 5 5 2 2 1 1 1 1
 1 1 0 1 1 0 2 2 4 4 6 3 3 1 1 1 1 1 1 2 2 2 4 4 7 7 10 7 7 8 11 11 13 13 13 12 12 5 2 2 1 1 1 1 1 1
 0 0 1 1 1 0 2 2 1 1 1 1 1 1 1 1 1 1 1 2 2 2 3 3 5 5 7 12 12 5 5 5 9 9 8 10 10 4 1 1 1 1 1 1 1 1
 0 0 1 1 1 0 2 2 1 1 1 1 1 1 1 1 1 1 1 2 2 2 3 3 5 5 7 12 12 5 5 5 9 9 8 10 10 4 1 1 1 1 1 1 1 1
 0 0 0 1 1 1 1 1 1 1 1 1 1 1 1 1 1 1 1 2 2 2 3 3 5 5 7 5 5 6 6 6 10 10 6 5 5 2 1 1 1 1 2 2 2 2
 1 1 1 2 2 2 3 3 4 4 2 1 1 1 1 1 1 1 1 2 2 2 4 4 7 7 8 6 6 5 6 6 12 12 11 5 5 4 2 2 1 1 3 3 3 3
 1 1 1 2 2 2 3 3 4 4 2 1 1 1 1 1 1 1 1 2 2 2 4 4 7 7 8 6 6 5 6 6 12 12 11 5 5 4 2 2 1 1 3 3 3 3
 1 1 1 1 1 2 2 2 1 1 1 1 1 1 1 1 2 2 2 2 2 3 3 3 6 6 7 5 5 3 3 3 4 4 9 8 8 11 6 6 1 1 3 2 2 2
 1 1 1 1 1 2 2 2 1 1 1 1 1 1 1 1 2 2 2 2 2 3 3 3 6 6 7 5 5 3 3 3 4 4 9 8 8 11 6 6 1 1 3 2 2 2
 1 1 1 1 1 1 1 1 1 1 1 1 1 1 1 1 1 1 2 1 1 3 4 4 6 6 5 5 5 5 4 4 5 5 10 21 21 14 5 5 2 2 2 1 1 2
 1 1 1 1 1 1 1 1 1 1 1 1 1 1 1 1 1 1 1 1 1 2 2 2 5 5 6 6 6 7 4 4 6 6 10 12 12 6 3 3 2 2 2 3 3 2
 1 1 1 1 1 1 1 1 1 1 1 1 1 1 1 1 1 1 1 1 1 2 2 2 5 5 6 6 6 7 4 4 6 6 10 12 12 6 3 3 2 2 2 3 3 2
 2 2 3 1 1 1 1 1 1 1 1 1 1 1 1 1 0 0 1 1 1 1 2 2 3 3 4 4 4 4 4 4 5 5 4 3 3 5 2 2 3 3 2 1 1 1
 1 1 1 1 1 1 1 1 1 1 1 1 1 1 0 0 1 1 1 3 3 4 2 2 1 1 2 5 5 4 3 3 2 2 5 2 2 1 3 3 2 2 1 0 0 0
 1 1 1 1 1 1 1 1 1 1 1 1 1 1 0 0 1 1 1 3 3 4 2 2 1 1 2 5 5 4 3 3 2 2 5 2 2 1 3 3 2 2 1 0 0 0
 1 1 1 0 0 0 1 1 1 1 1 1 1 1 1 1 1 1 1 2 2 2 2 2 1 1 1 5 5 7 5 5 3 3 6 6 6 8 2 2 0 0 0 0 0 0
 1 1 1 0 0 0 1 1 1 1 1 1 1 1 1 1 1 1 1 2 2 2 2 2 1 1 1 5 5 7 5 5 3 3 6 6 6 8 2 2 0 0 0 0 0 0
 1 1 0 0 0 1 1 1 1 1 1 1 1 1 1 1 1 1 1 1 1 1 1 1 1 1 1 1 1 4 4 4 2 2 8 16 16 13 4 4 1 1 0 0 0 0
 1 1 3 3 3 1 2 2 1 1 1 1 1 1 1 1 1 1 1 2 2 1 1 1 1 1 1 1 1 4 3 3 2 2 6 3 3 8 4 4 1 1 0 0 0 0
 1 1 3 3 3 1 2 2 1 1 1 1 1 1 1 1 1 1 1 2 2 1 1 1 1 1 1 1 1 4 3 3 2 2 6 3 3 8 4 4 1 1 0 0 0 0
 3 3 3 3 3 3 1 1 1 1 1 1 1 1 1 1 1 1 2 2 2 1 1 1 1 1 2 4 4 3 2 2 1 1 2 2 2 4 1 1 1 1 0 0 0 0
 3 3 3 3 3 3 1 1 1 1 1 1 1 1 2 2 2 2 1 2 2 2 1 1 1 1 1 3 3 3 1 1 1 1 1 1 1 1 1 1 0 0 0 0 0 0
 3 3 3 3 3 3 1 1 1 1 1 1 1 1 2 2 2 2 1 2 2 2 1 1 1 1 1 3 3 3 1 1 1 1 1 1 1 1 1 1 0 0 0 0 0 0
 2 2 2 0 0 0 0 0 1 1 1 1 1 2 2 2 2 2 2 1 1 1 1 1 1 1 1 1 1 1 1 1 0 0 1 1 1 0 0 0 0 0 1 1 1 0
 2 2 2 0 0 0 0 0 1 1 1 1 1 2 2 2 2 2 2 1 1 1 1 1 1 1 1 1 1 1 1 1 0 0 1 1 1 0 0 0 0 0 1 1 1 0
 0 0 0 0 0 0 0 0 1 1 1 2 2 4 3 3 2 2 2 1 1 2 2 2 2 2 0 0 0 0 0 0 0 0 1 1 1 0 0 0 0 0 1 1 1 0
 0 0 0 0 0 0 0 0 1 1 1 1 1 1 2 2 2 2 2 1 1 2 2 2 0 0 0 0 0 0 0 0 0 0 0 0 0 1 0 0 0 0 0 0 0 0
 0 0 0 0 0 0 0 0 1 1 1 1 1 1 2 2 2 2 2 1 1 2 2 2 0 0 0 0 0 0 0 0 0 0 0 0 0 1 0 0 0 0 0 0 0 0
 0 0 0 0 0 0 0 0 0 0 1 1 1 1 1 1 1 1 1 1 1 1 1 1 1 1 1 1 1 0 1 1 0 0 0 0 0 0 0 0 0 0 0 0 0 0
 0 0 0 0 0 0 0 0 0 0 0 0 0 0 1 1 1 1 1 0 0 1 1 1 1 1 2 1 1 0 0 0 0 0 0 0 0 0 0 0 0 0 1 0 0 0
