assets/RAT_results_old/precipitation/2021-10-07_IMERG.asc
ncols        46
nrows        77
xllcorner    74.800261325624
yllcorner    8.058333333333
cellsize     0.062500000000
NODATA_value -9999
 4 4 2 0 0 0 0 0 0 0 0 4 4 0 0 0 0 0 0 0 0 1 3 3 2 2 2 3 3 3 4 4 5 5 5 5 5 5 5 5 5 5 8 11 11 22
 3 3 3 0 0 0 0 0 0 0 0 0 0 0 0 0 0 0 0 0 0 1 1 1 2 2 2 2 2 3 4 4 5 5 5 5 5 5 4 4 5 5 7 11 11 14
 3 3 3 0 0 0 0 0 0 0 0 0 0 0 0 0 0 0 0 0 0 1 1 1 2 2 2 2 2 3 4 4 5 5 5 5 5 5 4 4 5 5 7 11 11 14
 3 3 2 1 1 0 1 1 0 0 0 0 0 0 1 1 1 1 0 1 1 0 1 1 1 1 2 3 3 3 3 3 4 4 6 6 6 6 6 6 7 7 8 10 10 13
 1 1 1 3 3 1 1 1 0 0 0 0 0 0 0 0 1 1 1 1 1 2 3 3 4 4 5 8 8 8 6 6 7 7 12 8 8 8 10 10 11 11 12 13 13 16
 1 1 1 3 3 1 1 1 0 0 0 0 0 0 0 0 1 1 1 1 1 2 3 3 4 4 5 8 8 8 6 6 7 7 12 8 8 8 10 10 11 11 12 13 13 16
 2 2 1 2 2 1 0 0 0 0 0 0 0 0 1 1 1 1 1 2 2 3 4 4 5 5 6 9 9 10 10 10 11 11 16 10 10 10 13 13 15 15 15 17 17 16
 2 2 1 2 2 1 0 0 0 0 0 0 0 0 1 1 1 1 1 2 2 3 4 4 5 5 6 9 9 10 10 10 11 11 16 10 10 10 13 13 15 15 15 17 17 16
 1 1 2 3 3 1 0 0 0 0 0 0 0 1 1 1 1 1 2 2 2 3 4 4 4 4 5 6 6 7 7 7 8 8 9 9 9 9 14 14 14 14 20 14 14 12
 2 2 2 3 3 1 0 0 0 0 0 1 1 1 1 1 1 1 2 3 3 3 4 4 5 5 6 6 6 6 6 6 6 6 6 7 7 9 16 16 20 20 19 10 10 8
 2 2 2 3 3 1 0 0 0 0 0 1 1 1 1 1 1 1 2 3 3 3 4 4 5 5 6 6 6 6 6 6 6 6 6 7 7 9 16 16 20 20 19 10 10 8
 1 1 1 1 1 2 2 2 1 1 1 0 0 1 1 1 1 1 3 4 4 4 4 4 5 5 5 5 5 5 5 5 6 6 7 8 8 11 17 17 62 62 32 23 23 19
 1 1 1 0 0 2 2 2 1 1 0 0 0 0 1 1 1 1 3 7 7 5 4 4 4 4 5 4 4 4 5 5 7 7 7 12 12 21 61 61 59 59 23 20 20 19
 1 1 1 0 0 2 2 2 1 1 0 0 0 0 1 1 1 1 3 7 7 5 4 4 4 4 5 4 4 4 5 5 7 7 7 12 12 21 61 61 59 59 23 20 20 19
 1 1 1 1 1 1 3 3 2 2 1 0 0 0 1 1 1 1 2 6 6 4 3 3 3 3 3 3 3 3 4 4 5 5 9 10 10 22 32 32 49 49 21 21 21 34
 1 1 1 1 1 1 3 3 2 2 1 0 0 0 1 1 1 1 2 6 6 4 3 3 3 3 3 3 3 3 4 4 5 5 9 10 10 22 32 32 49 49 21 21 21 34
 1 1 1 1 1 1 2 2 4 4 2 1 1 1 1 1 1 1 1 2 2 2 2 2 2 2 2 2 2 2 3 3 4 4 4 6 6 23 31 31 50 50 23 5 5 5
 1 1 1 1 1 1 3 3 3 3 5 3 3 1 0 0 1 1 1 4 4 5 2 2 2 2 2 2 2 2 3 3 3 3 4 5 5 6 8 8 7 7 5 5 5 5
 1 1 1 1 1 1 3 3 3 3 5 3 3 1 0 0 1 1 1 4 4 5 2 2 2 2 2 2 2 2 3 3 3 3 4 5 5 6 8 8 7 7 5 5 5 5
 1 1 1 1 1 1 1 1 2 2 2 2 2 1 0 0 0 0 1 6 6 8 4 4 2 2 4 3 3 4 3 3 4 4 4 5 5 6 6 6 6 6 5 4 4 4
 2 2 2 3 3 1 1 1 1 1 1 2 2 2 0 0 0 0 1 4 4 7 4 4 3 3 6 8 8 4 4 4 4 4 5 6 6 6 6 6 5 5 5 4 4 4
 2 2 2 3 3 1 1 1 1 1 1 2 2 2 0 0 0 0 1 4 4 7 4 4 3 3 6 8 8 4 4 4 4 4 5 6 6 6 6 6 5 5 5 4 4 4
 2 2 2 4 4 3 2 2 2 2 1 1 1 3 1 1 1 1 0 1 1 2 2 2 3 3 5 5 5 4 4 4 5 5 6 6 6 7 7 7 7 7 6 6 6 5
 2 2 2 4 4 3 2 2 2 2 1 1 1 3 1 1 1 1 0 1 1 2 2 2 3 3 5 5 5 4 4 4 5 5 6 6 6 7 7 7 7 7 6 6 6 5
 1 1 3 4 4 4 2 2 2 2 1 2 2 3 2 2 1 1 0 1 1 1 1 1 2 2 3 5 5 5 5 5 6 6 7 7 7 7 8 8 9 9 8 8 8 8
 1 1 2 3 3 3 3 3 3 3 3 3 3 2 2 2 1 1 0 0 0 0 1 1 2 2 2 4 4 5 5 5 6 6 6 7 7 7 7 7 8 8 8 8 8 9
 1 1 2 3 3 3 3 3 3 3 3 3 3 2 2 2 1 1 0 0 0 0 1 1 2 2 2 4 4 5 5 5 6 6 6 7 7 7 7 7 8 8 8 8 8 9
 1 1 2 3 3 2 3 3 2 2 3 5 5 3 2 2 2 2 0 0 0 0 0 0 1 1 1 2 2 4 4 4 3 3 4 4 4 4 5 5 5 5 6 6 6 7
 1 1 1 1 1 2 3 3 3 3 2 3 3 4 2 2 1 1 0 0 0 0 0 0 0 0 0 1 1 1 1 1 1 1 1 1 1 1 2 2 2 2 2 2 2 3
 1 1 1 1 1 2 3 3 3 3 2 3 3 4 2 2 1 1 0 0 0 0 0 0 0 0 0 1 1 1 1 1 1 1 1 1 1 1 2 2 2 2 2 2 2 3
 0 0 1 1 1 1 2 2 2 2 1 1 1 1 1 1 1 1 1 0 0 0 0 0 0 0 0 0 0 0 0 0 0 0 0 0 0 0 0 0 0 0 0 0 0 1
 0 0 1 1 1 1 2 2 2 2 1 1 1 1 1 1 1 1 1 0 0 0 0 0 0 0 0 0 0 0 0 0 0 0 0 0 0 0 0 0 0 0 0 0 0 1
 1 1 1 1 1 1 2 2 4 4 1 2 2 3 3 3 2 2 1 1 1 0 0 0 0 0 0 0 0 0 0 0 0 0 0 0 0 0 0 0 0 0 0 0 0 1
 1 1 1 1 1 2 2 2 4 4 4 5 5 11 12 12 2 2 0 1 1 0 0 0 0 0 0 0 0 0 0 0 0 0 0 0 0 0 0 0 0 0 1 0 0 1
 1 1 1 1 1 2 2 2 4 4 4 5 5 11 12 12 2 2 0 1 1 0 0 0 0 0 0 0 0 0 0 0 0 0 0 0 0 0 0 0 0 0 1 0 0 1
 1 1 1 2 2 2 3 3 4 4 5 3 3 3 3 3 1 1 1 1 1 1 1 1 0 0 0 0 0 0 0 0 0 0 0 0 0 0 0 0 1 1 1 1 1 1
 1 1 2 3 3 2 3 3 5 5 9 5 5 1 1 1 1 1 1 1 1 1 0 0 0 0 0 0 0 0 0 0 0 0 0 0 0 0 0 0 0 0 1 1 1 1
 1 1 2 3 3 2 3 3 5 5 9 5 5 1 1 1 1 1 1 1 1 1 0 0 0 0 0 0 0 0 0 0 0 0 0 0 0 0 0 0 0 0 1 1 1 1
 0 0 1 1 1 2 2 2 3 3 4 2 2 1 1 1 0 0 0 1 1 1 0 0 0 0 0 0 0 0 0 0 0 0 0 0 0 0 0 0 0 0 0 0 0 1
 0 0 1 1 1 2 2 2 3 3 4 2 2 1 1 1 0 0 0 1 1 1 0 0 0 0 0 0 0 0 0 0 0 0 0 0 0 0 0 0 0 0 0 0 0 1
 0 0 0 1 1 1 1 1 1 1 1 2 2 1 2 2 0 0 0 1 1 1 0 0 0 0 0 0 0 0 2 2 1 1 1 1 1 0 0 0 0 0 0 1 1 1
 0 0 0 0 0 0 0 0 1 1 1 2 2 2 2 2 0 0 1 1 1 1 1 1 0 0 0 0 0 0 1 1 1 1 2 1 1 1 1 1 1 1 1 1 1 1
 0 0 0 0 0 0 0 0 1 1 1 2 2 2 2 2 0 0 1 1 1 1 1 1 0 0 0 0 0 0 1 1 1 1 2 1 1 1 1 1 1 1 1 1 1 1
 0 0 0 0 0 0 1 1 1 1 1 7 7 13 5 5 1 1 2 5 5 2 1 1 1 1 0 0 0 0 0 0 1 1 2 1 1 1 1 1 1 1 1 1 1 1
 0 0 0 0 0 0 0 0 0 0 1 2 2 4 2 2 1 1 1 1 1 0 2 2 1 1 0 0 0 0 0 0 0 0 1 1 1 1 0 0 0 0 1 1 1 0
 0 0 0 0 0 0 0 0 0 0 1 2 2 4 2 2 1 1 1 1 1 0 2 2 1 1 0 0 0 0 0 0 0 0 1 1 1 1 0 0 0 0 1 1 1 0
 0 0 0 0 0 0 0 0 0 0 0 0 0 1 2 2 3 3 0 0 0 0 0 0 1 1 1 0 0 0 0 0 0 0 0 0 0 0 1 1 0 0 0 0 0 0
 0 0 0 0 0 0 0 0 0 0 0 0 0 1 2 2 3 3 0 0 0 0 0 0 1 1 1 0 0 0 0 0 0 0 0 0 0 0 1 1 0 0 0 0 0 0
 0 0 0 0 0 0 0 0 0 0 0 0 0 1 3 3 4 4 1 0 0 0 0 0 1 1 1 0 0 0 0 0 0 0 0 0 0 0 0 0 0 0 0 0 0 0
 0 0 0 0 0 0 0 0 0 0 0 1 1 1 1 1 2 2 1 0 0 0 0 0 1 1 1 0 0 0 0 0 0 0 0 0 0 0 0 0 0 0 0 0 0 0
 0 0 0 0 0 0 0 0 0 0 0 1 1 1 1 1 2 2 1 0 0 0 0 0 1 1 1 0 0 0 0 0 0 0 0 0 0 0 0 0 0 0 0 0 0 0
 0 0 0 0 0 0 0 0 0 0 0 0 0 1 0 0 0 0 0 0 0 0 0 0 2 2 1 0 0 0 0 0 0 0 0 0 0 0 0 0 0 0 0 0 0 0
 0 0 0 0 0 0 0 0 0 0 1 1 1 1 1 1 0 0 0 1 1 1 0 0 2 2 1 0 0 1 0 0 0 0 0 0 0 0 0 0 0 0 0 0 0 0
 0 0 0 0 0 0 0 0 0 0 1 1 1 1 1 1 0 0 0 1 1 1 0 0 2 2 1 0 0 1 0 0 0 0 0 0 0 0 0 0 0 0 0 0 0 0
 0 0 0 1 1 3 2 2 2 2 3 4 4 5 2 2 2 2 4 6 6 4 1 1 3 3 2 2 2 2 1 1 0 0 0 0 0 0 0 0 0 0 0 0 0 0
 0 0 0 1 1 3 2 2 2 2 3 4 4 5 2 2 2 2 4 6 6 4 1 1 3 3 2 2 2 2 1 1 0 0 0 0 0 0 0 0 0 0 0 0 0 0
 0 0 0 1 1 4 3 3 3 3 4 6 6 6 5 5 10 10 26 31 31 19 8 8 7 7 4 7 7 6 3 3 1 1 0 0 0 0 0 0 0 0 0 0 0 0
 0 0 0 0 0 1 1 1 1 1 2 4 4 5 4 4 6 6 11 17 17 12 9 9 11 11 8 4 4 3 2 2 0 0 0 0 0 0 0 0 0 0 0 0 0 0
 0 0 0 0 0 1 1 1 1 1 2 4 4 5 4 4 6 6 11 17 17 12 9 9 11 11 8 4 4 3 2 2 0 0 0 0 0 0 0 0 0 0 0 0 0 0
 0 0 0 0 0 0 0 0 0 0 0 1 1 3 3 3 1 1 4 10 10 10 3 3 3 3 2 1 1 1 1 1 0 0 0 0 0 0 1 1 0 0 0 0 0 0
 0 0 0 0 0 0 0 0 0 0 1 0 0 0 1 1 1 1 0 2 2 1 2 2 1 1 1 1 1 1 0 0 0 0 0 0 0 0 0 0 0 0 0 0 0 0
 0 0 0 0 0 0 0 0 0 0 1 0 0 0 1 1 1 1 0 2 2 1 2 2 1 1 1 1 1 1 0 0 0 0 0 0 0 0 0 0 0 0 0 0 0 0
 0 0 0 0 0 0 0 0 0 0 1 1 1 1 0 0 0 0 0 0 0 0 1 1 1 1 1 1 1 1 0 0 0 0 0 0 0 0 0 0 0 0 0 0 0 0
 0 0 0 0 0 0 0 0 0 0 1 1 1 1 0 0 0 0 0 0 0 0 1 1 1 1 1 1 1 1 0 0 0 0 0 0 0 0 0 0 0 0 0 0 0 0
 0 0 0 0 0 0 0 0 0 0 1 1 1 0 1 1 0 0 0 1 1 1 1 1 1 1 1 1 1 1 1 1 0 0 0 0 0 0 0 0 0 0 0 0 0 0
 0 0 0 1 1 1 1 1 1 1 1 1 1 1 1 1 0 0 0 1 1 2 2 2 1 1 1 1 1 2 0 0 0 0 0 0 0 0 0 0 0 0 0 0 0 0
 0 0 0 1 1 1 1 1 1 1 1 1 1 1 1 1 0 0 0 1 1 2 2 2 1 1 1 1 1 2 0 0 0 0 0 0 0 0 0 0 0 0 0 0 0 0
 0 0 0 1 1 0 1 1 1 1 1 1 1 0 0 0 0 0 0 1 1 1 1 1 0 0 1 0 0 1 1 1 0 0 1 0 0 0 0 0 0 0 0 0 0 0
 0 0 0 0 0 0 1 1 1 1 0 0 0 0 0 0 0 0 0 0 0 0 0 0 0 0 1 2 2 1 0 0 1 1 1 0 0 0 0 0 0 0 0 0 0 0
 0 0 0 0 0 0 1 1 1 1 0 0 0 0 0 0 0 0 0 0 0 0 0 0 0 0 1 2 2 1 0 0 1 1 1 0 0 0 0 0 0 0 0 0 0 0
 0 0 0 0 0 0 0 0 0 0 0 0 0 0 0 0 0 0 0 0 0 0 0 0 0 0 0 0 0 1 1 1 0 0 1 1 1 0 0 0 0 0 0 0 0 0
 0 0 0 0 0 0 0 0 0 0 0 0 0 0 0 0 0 0 0 0 0 0 0 0 0 0 0 0 0 1 1 1 0 0 1 1 1 0 0 0 0 0 0 0 0 0
 0 0 0 0 0 0 0 0 0 0 0 0 0 0 0 0 0 0 0 0 0 0 0 0 0 0 0 0 0 0 1 1 1 1 1 0 0 0 0 0 0 0 0 0 0 0
 0 0 0 0 0 0 0 0 0 0 0 0 0 0 0 0 0 0 0 0 0 0 0 0 0 0 0 0 0 0 1 1 1 1 0 0 0 1 0 0 1 1 1 0 0 0
 0 0 0 0 0 0 0 0 0 0 0 0 0 0 0 0 0 0 0 0 0 0 0 0 0 0 0 0 0 0 1 1 1 1 0 0 0 1 0 0 1 1 1 0 0 0
 0 0 0 0 0 0 0 0 0 0 0 0 0 0 0 0 0 0 0 0 0 0 0 0 0 0 0 0 0 0 0 0 0 0 1 1 1 1 1 1 2 2 2 1 1 1
 0 0 0 0 0 0 0 0 0 0 0 0 0 0 0 0 0 0 0 0 0 0 0 0 0 0 0 0 0 0 0 0 0 0 1 2 2 1 1 1 1 1 3 1 1 1
