assets/RAT_results_old/precipitation/2021-07-17_IMERG.asc
ncols        46
nrows        77
xllcorner    74.800261325624
yllcorner    8.058333333333
cellsize     0.062500000000
NODATA_value -9999
 29 29 24 21 21 14 18 18 16 16 18 26 26 28 22 22 21 21 22 41 41 39 28 28 30 30 29 30 30 13 15 15 24 24 20 32 32 32 30 30 33 33 36 33 33 43
 40 40 28 24 24 16 16 16 14 14 29 40 40 24 28 28 27 27 25 42 42 39 26 26 25 25 24 24 24 12 14 14 18 18 16 27 27 29 25 25 29 29 35 33 33 53
 40 40 28 24 24 16 16 16 14 14 29 40 40 24 28 28 27 27 25 42 42 39 26 26 25 25 24 24 24 12 14 14 18 18 16 27 27 29 25 25 29 29 35 33 33 53
 54 54 44 41 41 21 23 23 21 21 26 33 33 16 15 15 32 32 24 31 31 22 25 25 25 25 27 32 32 13 19 19 16 16 25 30 30 40 42 42 40 40 38 40 40 32
 48 48 44 33 33 25 26 26 23 23 30 59 59 50 24 24 29 29 23 32 32 20 24 24 24 24 28 10 10 24 20 20 17 17 22 34 34 41 68 68 46 46 34 44 44 46
 48 48 44 33 33 25 26 26 23 23 30 59 59 50 24 24 29 29 23 32 32 20 24 24 24 24 28 10 10 24 20 20 17 17 22 34 34 41 68 68 46 46 34 44 44 46
 67 67 43 42 42 34 33 33 25 25 27 57 57 36 30 30 32 32 17 19 19 15 15 15 12 12 15 10 10 23 23 23 24 24 35 39 39 38 56 56 54 54 45 45 45 50
 67 67 43 42 42 34 33 33 25 25 27 57 57 36 30 30 32 32 17 19 19 15 15 15 12 12 15 10 10 23 23 23 24 24 35 39 39 38 56 56 54 54 45 45 45 50
 42 42 44 45 45 35 35 35 23 23 30 52 52 47 31 31 25 25 18 9 9 7 14 14 10 10 12 10 10 11 13 13 25 25 25 42 42 61 54 54 55 55 49 46 46 54
 33 33 38 47 47 39 32 32 18 18 23 16 16 19 10 10 10 10 12 9 9 7 7 7 5 5 7 12 12 12 12 12 23 23 26 35 35 41 48 48 54 54 47 44 44 49
 33 33 38 47 47 39 32 32 18 18 23 16 16 19 10 10 10 10 12 9 9 7 7 7 5 5 7 12 12 12 12 12 23 23 26 35 35 41 48 48 54 54 47 44 44 49
 26 26 29 25 25 32 25 25 13 13 10 15 15 17 9 9 13 13 22 21 21 8 8 8 5 5 7 11 11 11 13 13 22 22 26 31 31 29 35 35 52 52 49 39 39 67
 19 19 34 27 27 33 21 21 14 14 12 8 8 9 9 9 12 12 21 21 21 9 9 9 5 5 7 6 6 7 9 9 11 11 11 19 19 19 24 24 43 43 29 39 39 47
 19 19 34 27 27 33 21 21 14 14 12 8 8 9 9 9 12 12 21 21 21 9 9 9 5 5 7 6 6 7 9 9 11 11 11 19 19 19 24 24 43 43 29 39 39 47
 11 11 23 28 28 34 25 25 14 14 14 9 9 8 5 5 7 7 6 10 10 9 9 9 6 6 6 7 7 8 10 10 13 13 14 17 17 21 26 26 41 41 36 41 41 47
 11 11 23 28 28 34 25 25 14 14 14 9 9 8 5 5 7 7 6 10 10 9 9 9 6 6 6 7 7 8 10 10 13 13 14 17 17 21 26 26 41 41 36 41 41 47
 11 11 12 17 17 20 17 17 15 15 16 9 9 4 5 5 6 6 5 5 5 3 3 3 4 4 4 5 5 6 6 6 12 12 11 13 13 22 32 32 43 43 44 29 29 53
 10 10 11 13 13 13 16 16 18 18 15 10 10 7 10 10 5 5 5 5 5 5 3 3 3 3 4 5 5 6 6 6 12 12 23 15 15 17 13 13 12 12 21 19 19 17
 10 10 11 13 13 13 16 16 18 18 15 10 10 7 10 10 5 5 5 5 5 5 3 3 3 3 4 5 5 6 6 6 12 12 23 15 15 17 13 13 12 12 21 19 19 17
 11 11 9 10 10 11 13 13 13 13 13 11 11 11 12 12 7 7 7 7 7 7 4 4 3 3 5 5 5 8 8 8 20 20 21 21 21 15 14 14 9 9 19 17 17 7
 17 17 13 11 11 11 13 13 16 16 19 16 16 13 18 18 12 12 11 10 10 9 7 7 4 4 6 7 7 8 10 10 11 11 8 10 10 8 6 6 5 5 7 6 6 7
 17 17 13 11 11 11 13 13 16 16 19 16 16 13 18 18 12 12 11 10 10 9 7 7 4 4 6 7 7 8 10 10 11 11 8 10 10 8 6 6 5 5 7 6 6 7
 19 19 15 16 16 15 17 17 20 20 25 18 18 20 19 19 13 13 12 10 10 12 9 9 10 10 7 9 9 10 6 6 6 6 4 5 5 4 3 3 3 3 6 2 2 16
 19 19 15 16 16 15 17 17 20 20 25 18 18 20 19 19 13 13 12 10 10 12 9 9 10 10 7 9 9 10 6 6 6 6 4 5 5 4 3 3 3 3 6 2 2 16
 16 16 16 14 14 13 18 18 15 15 21 19 19 21 22 22 14 14 13 10 10 9 10 10 14 14 12 11 11 9 8 8 7 7 10 4 4 5 5 5 3 3 2 1 1 2
 16 16 12 11 11 12 13 13 15 15 17 17 17 16 19 19 14 14 12 10 10 11 13 13 24 24 18 17 17 13 11 11 12 12 12 12 12 7 8 8 6 6 2 1 1 8
 16 16 12 11 11 12 13 13 15 15 17 17 17 16 19 19 14 14 12 10 10 11 13 13 24 24 18 17 17 13 11 11 12 12 12 12 12 7 8 8 6 6 2 1 1 8
 16 16 14 13 13 13 15 15 15 15 12 19 19 16 13 13 14 14 14 11 11 12 14 14 17 17 19 23 23 20 11 11 10 10 10 13 13 8 5 5 6 6 4 2 2 1
 10 10 10 7 7 16 20 20 12 12 12 18 18 15 17 17 17 17 13 10 10 10 13 13 15 15 13 17 17 18 16 16 9 9 5 4 4 2 1 1 2 2 1 2 2 1
 10 10 10 7 7 16 20 20 12 12 12 18 18 15 17 17 17 17 13 10 10 10 13 13 15 15 13 17 17 18 16 16 9 9 5 4 4 2 1 1 2 2 1 2 2 1
 10 10 7 6 6 7 8 8 14 14 15 13 13 11 20 20 21 21 19 10 10 17 12 12 14 14 14 14 14 12 14 14 9 9 2 1 1 2 1 1 1 1 1 1 1 1
 10 10 7 6 6 7 8 8 14 14 15 13 13 11 20 20 21 21 19 10 10 17 12 12 14 14 14 14 14 12 14 14 9 9 2 1 1 2 1 1 1 1 1 1 1 1
 6 6 4 6 6 6 9 9 7 7 15 16 16 12 14 14 15 15 15 17 17 11 15 15 16 16 20 18 18 14 8 8 8 8 4 2 2 1 0 0 1 1 1 0 0 1
 6 6 5 5 5 6 7 7 8 8 11 12 12 11 15 15 19 19 16 16 16 13 16 16 17 17 20 18 18 11 7 7 8 8 10 4 4 1 0 0 0 0 0 0 0 1
 6 6 5 5 5 6 7 7 8 8 11 12 12 11 15 15 19 19 16 16 16 13 16 16 17 17 20 18 18 11 7 7 8 8 10 4 4 1 0 0 0 0 0 0 0 1
 4 4 5 5 5 5 5 5 8 8 8 9 9 11 24 24 23 23 20 19 19 12 15 15 17 17 16 14 14 10 9 9 6 6 3 3 3 1 0 0 1 1 1 1 1 2
 2 2 3 3 3 5 4 4 5 5 5 7 7 11 21 21 27 27 22 19 19 14 14 14 17 17 20 20 20 16 11 11 6 6 4 2 2 2 1 1 1 1 1 1 1 2
 2 2 3 3 3 5 4 4 5 5 5 7 7 11 21 21 27 27 22 19 19 14 14 14 17 17 20 20 20 16 11 11 6 6 4 2 2 2 1 1 1 1 1 1 1 2
 3 3 3 3 3 5 2 2 5 5 5 8 8 8 11 11 24 24 26 19 19 14 17 17 23 23 22 24 24 18 13 13 9 9 9 4 4 3 1 1 1 1 1 0 0 1
 3 3 3 3 3 5 2 2 5 5 5 8 8 8 11 11 24 24 26 19 19 14 17 17 23 23 22 24 24 18 13 13 9 9 9 4 4 3 1 1 1 1 1 0 0 1
 1 1 1 1 1 0 1 1 5 5 4 6 6 8 10 10 20 20 18 18 18 25 27 27 27 27 30 30 30 22 15 15 12 12 12 9 9 5 2 2 1 1 1 0 0 0
 0 0 0 0 0 0 1 1 2 2 4 5 5 6 8 8 18 18 20 18 18 23 29 29 27 27 30 33 33 24 19 19 14 14 11 10 10 5 1 1 1 1 1 1 1 0
 0 0 0 0 0 0 1 1 2 2 4 5 5 6 8 8 18 18 20 18 18 23 29 29 27 27 30 33 33 24 19 19 14 14 11 10 10 5 1 1 1 1 1 1 1 0
 0 0 1 2 2 2 2 2 2 2 2 7 7 7 9 9 16 16 20 20 20 17 25 25 25 25 27 30 30 31 25 25 17 17 11 8 8 5 3 3 3 3 0 0 0 0
 1 1 3 7 7 8 6 6 3 3 2 4 4 8 11 11 14 14 17 14 14 12 27 27 29 29 33 23 23 31 21 21 30 30 20 11 11 8 6 6 5 5 2 0 0 0
 1 1 3 7 7 8 6 6 3 3 2 4 4 8 11 11 14 14 17 14 14 12 27 27 29 29 33 23 23 31 21 21 30 30 20 11 11 8 6 6 5 5 2 0 0 0
 1 1 4 7 7 8 8 8 7 7 4 3 3 7 7 7 13 13 11 14 14 11 19 19 25 25 32 48 48 53 36 36 35 35 23 17 17 14 6 6 6 6 5 1 1 0
 1 1 4 7 7 8 8 8 7 7 4 3 3 7 7 7 13 13 11 14 14 11 19 19 25 25 32 48 48 53 36 36 35 35 23 17 17 14 6 6 6 6 5 1 1 0
 1 1 2 2 2 2 3 3 3 3 4 3 3 4 4 4 11 11 10 18 18 22 24 24 25 25 27 34 34 36 54 54 35 35 12 12 12 7 5 5 5 5 4 1 1 0
 1 1 1 2 2 2 2 2 3 3 5 6 6 4 4 4 4 4 13 16 16 19 22 22 32 32 26 30 30 33 47 47 21 21 25 18 18 5 3 3 3 3 1 2 2 0
 1 1 1 2 2 2 2 2 3 3 5 6 6 4 4 4 4 4 13 16 16 19 22 22 32 32 26 30 30 33 47 47 21 21 25 18 18 5 3 3 3 3 1 2 2 0
 1 1 2 3 3 4 3 3 4 4 6 6 6 3 3 3 3 3 6 12 12 20 21 21 32 32 31 31 31 44 50 50 35 35 39 19 19 2 1 1 2 2 2 1 1 0
 1 1 2 3 3 3 3 3 3 3 3 4 4 7 4 4 3 3 5 4 4 8 22 22 24 24 33 25 25 30 52 52 27 27 25 6 6 3 1 1 2 2 1 1 1 1
 1 1 2 3 3 3 3 3 3 3 3 4 4 7 4 4 3 3 5 4 4 8 22 22 24 24 33 25 25 30 52 52 27 27 25 6 6 3 1 1 2 2 1 1 1 1
 1 1 1 1 1 1 2 2 2 2 2 6 6 6 3 3 2 2 5 3 3 4 7 7 24 24 26 23 23 25 25 25 21 21 7 6 6 2 2 2 1 1 1 2 2 1
 1 1 1 1 1 1 2 2 2 2 2 6 6 6 3 3 2 2 5 3 3 4 7 7 24 24 26 23 23 25 25 25 21 21 7 6 6 2 2 2 1 1 1 2 2 1
 1 1 1 0 0 1 1 1 1 1 1 4 4 4 13 13 13 13 15 4 4 5 7 7 15 15 19 15 15 16 23 23 20 20 6 6 6 2 1 1 1 1 1 1 1 1
 0 0 0 0 0 0 0 0 1 1 1 4 4 4 13 13 13 13 14 14 14 12 6 6 7 7 7 12 12 13 18 18 19 19 5 5 5 3 1 1 1 1 1 1 1 1
 0 0 0 0 0 0 0 0 1 1 1 4 4 4 13 13 13 13 14 14 14 12 6 6 7 7 7 12 12 13 18 18 19 19 5 5 5 3 1 1 1 1 1 1 1 1
 0 0 0 0 0 0 0 0 0 0 0 1 1 2 1 1 11 11 12 10 10 18 12 12 12 12 7 4 4 3 3 3 3 3 3 5 5 2 0 0 1 1 0 0 0 0
 0 0 0 0 0 0 0 0 0 0 0 0 0 1 1 1 2 2 3 23 23 17 11 11 9 9 9 3 3 3 1 1 2 2 2 2 2 2 1 1 0 0 0 0 0 0
 0 0 0 0 0 0 0 0 0 0 0 0 0 1 1 1 2 2 3 23 23 17 11 11 9 9 9 3 3 3 1 1 2 2 2 2 2 2 1 1 0 0 0 0 0 0
 0 0 0 0 0 0 0 0 0 0 0 0 0 0 1 1 2 2 3 4 4 4 4 4 8 8 8 3 3 3 1 1 0 0 0 0 0 0 0 0 0 0 0 0 0 0
 0 0 0 0 0 0 0 0 0 0 0 0 0 0 1 1 2 2 3 4 4 4 4 4 8 8 8 3 3 3 1 1 0 0 0 0 0 0 0 0 0 0 0 0 0 0
 0 0 0 0 0 0 0 0 0 0 0 0 0 0 0 0 2 2 2 3 3 2 4 4 1 1 2 1 1 1 1 1 1 1 0 0 0 1 0 0 0 0 0 0 0 0
 0 0 0 0 0 0 0 0 0 0 0 0 0 0 0 0 0 0 1 0 0 2 2 2 2 2 3 1 1 2 1 1 1 1 0 0 0 0 0 0 0 0 0 0 0 0
 0 0 0 0 0 0 0 0 0 0 0 0 0 0 0 0 0 0 1 0 0 2 2 2 2 2 3 1 1 2 1 1 1 1 0 0 0 0 0 0 0 0 0 0 0 0
 0 0 0 0 0 0 0 0 0 0 0 0 0 0 0 0 0 0 0 1 1 0 1 1 1 1 2 1 1 1 1 1 2 2 1 0 0 1 0 0 0 0 0 0 0 0
 0 0 0 0 0 0 0 0 0 0 0 0 0 1 1 1 0 0 0 1 1 0 0 0 0 0 1 1 1 2 5 5 0 0 1 1 1 0 0 0 0 0 0 0 0 0
 0 0 0 0 0 0 0 0 0 0 0 0 0 1 1 1 0 0 0 1 1 0 0 0 0 0 1 1 1 2 5 5 0 0 1 1 1 0 0 0 0 0 0 0 0 0
 0 0 0 0 0 0 0 0 0 0 1 1 1 1 1 1 0 0 0 0 0 0 0 0 0 0 0 4 4 5 5 5 0 0 1 1 1 0 0 0 0 0 1 0 0 0
 0 0 0 0 0 0 0 0 0 0 1 1 1 1 1 1 0 0 0 0 0 0 0 0 0 0 0 4 4 5 5 5 0 0 1 1 1 0 0 0 0 0 1 0 0 0
 0 0 0 0 0 0 1 1 1 1 1 0 0 0 0 0 0 0 0 0 0 0 0 0 0 0 1 2 2 3 3 3 1 1 1 1 1 1 0 0 0 0 1 0 0 0
 0 0 0 0 0 0 1 1 0 0 0 0 0 0 0 0 0 0 0 0 0 0 0 0 0 0 1 2 2 2 3 3 1 1 1 0 0 0 1 1 1 1 1 0 0 0
 0 0 0 0 0 0 1 1 0 0 0 0 0 0 0 0 0 0 0 0 0 0 0 0 0 0 1 2 2 2 3 3 1 1 1 0 0 0 1 1 1 1 1 0 0 0
 0 0 0 0 0 0 0 0 0 0 0 0 0 0 0 0 0 0 0 0 0 0 0 0 0 0 1 2 2 2 3 3 1 1 1 1 1 0 1 1 1 1 1 1 1 1
 0 0 0 0 0 0 0 0 0 0 0 0 0 0 0 0 0 0 0 0 0 0 0 0 0 0 1 2 2 2 3 3 3 3 3 1 1 0 0 0 0 0 1 0 0 0
