assets/RAT_results_old/precipitation/2021-10-12_IMERG.asc
ncols        46
nrows        77
xllcorner    74.800261325624
yllcorner    8.058333333333
cellsize     0.062500000000
NODATA_value -9999
 75 75 68 62 62 77 73 73 57 57 48 37 37 30 18 18 5 5 2 3 3 4 7 7 8 8 9 8 8 11 13 13 10 10 10 14 14 8 12 12 12 12 22 20 20 23
 64 64 64 58 58 57 54 54 47 47 42 27 27 25 15 15 3 3 2 2 2 3 4 4 5 5 7 6 6 7 10 10 11 11 11 19 19 13 23 23 21 21 22 27 27 26
 64 64 64 58 58 57 54 54 47 47 42 27 27 25 15 15 3 3 2 2 2 3 4 4 5 5 7 6 6 7 10 10 11 11 11 19 19 13 23 23 21 21 22 27 27 26
 50 50 54 51 51 52 56 56 37 37 28 22 22 20 11 11 6 6 4 3 3 4 5 5 5 5 5 6 6 9 11 11 11 11 12 15 15 18 23 23 24 24 23 25 25 28
 67 67 63 58 58 44 44 44 24 24 30 11 11 9 5 5 5 5 3 2 2 2 2 2 3 3 3 5 5 9 8 8 9 9 12 14 14 17 23 23 22 22 24 32 32 32
 67 67 63 58 58 44 44 44 24 24 30 11 11 9 5 5 5 5 3 2 2 2 2 2 3 3 3 5 5 9 8 8 9 9 12 14 14 17 23 23 22 22 24 32 32 32
 73 73 73 58 58 39 33 33 19 19 17 10 10 7 5 5 3 3 3 1 1 0 2 2 2 2 1 2 2 6 6 6 6 6 9 10 10 11 16 16 20 20 22 28 28 29
 73 73 73 58 58 39 33 33 19 19 17 10 10 7 5 5 3 3 3 1 1 0 2 2 2 2 1 2 2 6 6 6 6 6 9 10 10 11 16 16 20 20 22 28 28 29
 89 89 67 66 66 43 31 31 23 23 8 8 8 6 5 5 2 2 2 0 0 0 1 1 1 1 0 2 2 3 2 2 3 3 3 4 4 8 10 10 15 15 16 29 29 29
 106 106 62 66 66 45 32 32 24 24 14 11 11 7 6 6 3 3 2 1 1 0 1 1 0 0 0 0 0 0 1 1 2 2 2 4 4 5 12 12 20 20 20 29 29 30
 106 106 62 66 66 45 32 32 24 24 14 11 11 7 6 6 3 3 2 1 1 0 1 1 0 0 0 0 0 0 1 1 2 2 2 4 4 5 12 12 20 20 20 29 29 30
 105 105 72 57 57 47 41 41 31 31 23 18 18 8 6 6 3 3 3 1 1 0 0 0 0 0 0 0 0 0 0 0 0 0 1 4 4 5 11 11 18 18 18 22 22 33
 88 88 80 55 55 46 35 35 31 31 23 19 19 15 12 12 5 5 3 2 2 1 1 1 0 0 0 0 0 0 0 0 0 0 2 2 2 5 8 8 16 16 26 25 25 24
 88 88 80 55 55 46 35 35 31 31 23 19 19 15 12 12 5 5 3 2 2 1 1 1 0 0 0 0 0 0 0 0 0 0 2 2 2 5 8 8 16 16 26 25 25 24
 80 80 74 57 57 54 42 42 39 39 33 30 30 18 12 12 10 10 3 3 3 1 0 0 1 1 1 1 1 1 1 1 1 1 2 4 4 7 6 6 9 9 22 32 32 34
 80 80 74 57 57 54 42 42 39 39 33 30 30 18 12 12 10 10 3 3 3 1 0 0 1 1 1 1 1 1 1 1 1 1 2 4 4 7 6 6 9 9 22 32 32 34
 95 95 72 77 77 52 50 50 41 41 34 36 36 30 14 14 17 17 5 3 3 1 1 1 1 1 1 1 1 3 4 4 3 3 3 3 3 5 6 6 9 9 18 22 22 20
 112 112 102 99 99 51 59 59 55 55 41 35 35 25 20 20 13 13 4 4 4 3 2 2 3 3 3 3 3 4 4 4 4 4 4 4 4 4 4 4 6 6 12 14 14 23
 112 112 102 99 99 51 59 59 55 55 41 35 35 25 20 20 13 13 4 4 4 3 2 2 3 3 3 3 3 4 4 4 4 4 4 4 4 4 4 4 6 6 12 14 14 23
 110 110 103 101 101 86 67 67 63 63 52 31 31 34 30 30 23 23 22 15 15 4 4 4 4 4 5 6 6 9 9 9 8 8 9 8 8 7 7 7 6 6 10 9 9 17
 123 123 120 137 137 138 91 91 83 83 51 40 40 42 34 34 26 26 21 16 16 4 4 4 3 3 6 7 7 10 12 12 12 12 12 11 11 10 10 10 10 10 11 10 10 15
 123 123 120 137 137 138 91 91 83 83 51 40 40 42 34 34 26 26 21 16 16 4 4 4 3 3 6 7 7 10 12 12 12 12 12 11 11 10 10 10 10 10 11 10 10 15
 133 133 137 127 127 131 97 97 81 81 49 40 40 33 29 29 23 23 20 14 14 6 4 4 2 2 3 5 5 9 9 9 9 9 10 8 8 7 8 8 8 8 7 6 6 7
 133 133 137 127 127 131 97 97 81 81 49 40 40 33 29 29 23 23 20 14 14 6 4 4 2 2 3 5 5 9 9 9 9 9 10 8 8 7 8 8 8 8 7 6 6 7
 163 163 143 127 127 102 94 94 52 52 49 40 40 34 37 37 25 25 22 7 7 8 4 4 2 2 1 1 1 4 3 3 3 3 3 3 3 3 3 3 3 3 4 7 7 10
 145 145 121 131 131 112 83 83 44 44 49 42 42 56 43 43 33 33 25 13 13 8 6 6 3 3 2 2 2 3 1 1 1 1 1 1 1 1 1 1 1 1 3 7 7 10
 145 145 121 131 131 112 83 83 44 44 49 42 42 56 43 43 33 33 25 13 13 8 6 6 3 3 2 2 2 3 1 1 1 1 1 1 1 1 1 1 1 1 3 7 7 10
 121 121 119 123 123 118 102 102 74 74 44 44 44 54 45 45 41 41 32 20 20 16 13 13 9 9 4 2 2 2 1 1 0 0 0 0 0 0 0 0 1 1 2 4 4 3
 97 97 83 93 93 92 78 78 72 72 57 38 38 42 65 65 42 42 35 28 28 16 12 12 10 10 7 6 6 4 2 2 1 1 0 1 1 0 1 1 1 1 3 1 1 0
 97 97 83 93 93 92 78 78 72 72 57 38 38 42 65 65 42 42 35 28 28 16 12 12 10 10 7 6 6 4 2 2 1 1 0 1 1 0 1 1 1 1 3 1 1 0
 64 64 64 96 96 94 73 73 74 74 59 36 36 39 42 42 44 44 40 34 34 28 19 19 17 17 23 21 21 5 4 4 2 2 2 2 2 1 1 1 1 1 2 0 0 0
 64 64 64 96 96 94 73 73 74 74 59 36 36 39 42 42 44 44 40 34 34 28 19 19 17 17 23 21 21 5 4 4 2 2 2 2 2 1 1 1 1 1 2 0 0 0
 67 67 65 68 68 67 74 74 56 56 52 43 43 39 47 47 47 47 47 47 47 37 27 27 19 19 27 22 22 20 9 9 7 7 4 2 2 2 2 2 2 2 4 4 4 1
 57 57 49 41 41 65 47 47 54 54 52 54 54 54 46 46 57 57 57 46 46 35 31 31 29 29 27 20 20 20 11 11 11 11 6 5 5 4 3 3 6 6 6 3 3 0
 57 57 49 41 41 65 47 47 54 54 52 54 54 54 46 46 57 57 57 46 46 35 31 31 29 29 27 20 20 20 11 11 11 11 6 5 5 4 3 3 6 6 6 3 3 0
 56 56 51 44 44 50 47 47 51 51 61 83 83 57 47 47 55 55 58 53 53 40 36 36 22 22 28 23 23 21 12 12 11 11 5 4 4 5 3 3 2 2 1 1 1 1
 31 31 33 36 36 33 40 40 50 50 64 110 110 79 57 57 56 56 55 51 51 40 33 33 19 19 20 23 23 22 12 12 10 10 4 3 3 3 3 3 2 2 1 0 0 0
 31 31 33 36 36 33 40 40 50 50 64 110 110 79 57 57 56 56 55 51 51 40 33 33 19 19 20 23 23 22 12 12 10 10 4 3 3 3 3 3 2 2 1 0 0 0
 23 23 23 29 29 30 69 69 80 80 85 69 69 55 42 42 60 60 48 42 42 30 26 26 18 18 19 25 25 11 8 8 4 4 4 3 3 2 5 5 2 2 1 0 0 0
 23 23 23 29 29 30 69 69 80 80 85 69 69 55 42 42 60 60 48 42 42 30 26 26 18 18 19 25 25 11 8 8 4 4 4 3 3 2 5 5 2 2 1 0 0 0
 18 18 22 25 25 25 59 59 56 56 36 35 35 47 38 38 39 39 31 27 27 19 19 19 18 18 16 23 23 8 9 9 5 5 5 5 5 4 4 4 3 3 2 1 1 2
 16 16 19 19 19 31 56 56 57 57 36 31 31 25 24 24 26 26 21 22 22 19 18 18 16 16 12 12 12 10 7 7 4 4 4 6 6 7 5 5 4 4 2 3 3 2
 16 16 19 19 19 31 56 56 57 57 36 31 31 25 24 24 26 26 21 22 22 19 18 18 16 16 12 12 12 10 7 7 4 4 4 6 6 7 5 5 4 4 2 3 3 2
 13 13 17 15 15 21 26 26 24 24 25 24 24 26 18 18 29 29 16 26 26 25 23 23 22 22 15 12 12 9 5 5 4 4 3 5 5 8 5 5 5 5 2 2 2 1
 10 10 12 15 15 18 17 17 20 20 18 19 19 16 18 18 25 25 17 26 26 27 23 23 23 23 17 10 10 6 5 5 4 4 4 3 3 5 5 5 3 3 3 1 1 0
 10 10 12 15 15 18 17 17 20 20 18 19 19 16 18 18 25 25 17 26 26 27 23 23 23 23 17 10 10 6 5 5 4 4 4 3 3 5 5 5 3 3 3 1 1 0
 8 8 8 10 10 12 14 14 21 21 27 28 28 21 29 29 27 27 25 29 29 41 26 26 23 23 19 8 8 7 4 4 4 4 4 4 4 4 5 5 6 6 3 2 2 2
 8 8 8 10 10 12 14 14 21 21 27 28 28 21 29 29 27 27 25 29 29 41 26 26 23 23 19 8 8 7 4 4 4 4 4 4 4 4 5 5 6 6 3 2 2 2
 10 10 10 10 10 13 17 17 24 24 25 28 28 25 30 30 37 37 41 38 38 37 22 22 21 21 17 8 8 6 9 9 8 8 5 5 5 3 4 4 5 5 3 2 2 3
 12 12 13 11 11 14 17 17 22 22 23 26 26 28 30 30 36 36 28 25 25 25 24 24 20 20 16 12 12 10 6 6 7 7 5 4 4 3 3 3 3 3 3 7 7 3
 12 12 13 11 11 14 17 17 22 22 23 26 26 28 30 30 36 36 28 25 25 25 24 24 20 20 16 12 12 10 6 6 7 7 5 4 4 3 3 3 3 3 3 7 7 3
 10 10 13 11 11 13 16 16 20 20 24 26 26 27 33 33 33 33 29 17 17 20 24 24 17 17 16 10 10 9 5 5 2 2 1 1 1 3 3 3 4 4 5 6 6 3
 10 10 11 10 10 13 14 14 17 17 22 21 21 25 27 27 22 22 20 18 18 25 33 33 19 19 9 8 8 6 2 2 1 1 0 1 1 1 2 2 5 5 5 5 5 2
 10 10 11 10 10 13 14 14 17 17 22 21 21 25 27 27 22 22 20 18 18 25 33 33 19 19 9 8 8 6 2 2 1 1 0 1 1 1 2 2 5 5 5 5 5 2
 11 11 10 9 9 8 11 11 13 13 19 19 19 23 22 22 22 22 17 19 19 21 23 23 13 13 8 7 7 10 3 3 5 5 0 0 0 0 2 2 3 3 4 2 2 1
 11 11 10 9 9 8 11 11 13 13 19 19 19 23 22 22 22 22 17 19 19 21 23 23 13 13 8 7 7 10 3 3 5 5 0 0 0 0 2 2 3 3 4 2 2 1
 9 9 8 8 8 8 12 12 12 12 19 17 17 20 19 19 20 20 19 12 12 20 27 27 14 14 10 11 11 9 6 6 6 6 0 0 0 1 2 2 5 5 2 1 1 0
 6 6 4 6 6 8 11 11 12 12 14 18 18 17 21 21 15 15 11 9 9 15 19 19 8 8 11 13 13 10 7 7 6 6 1 1 1 1 2 2 4 4 1 1 1 0
 6 6 4 6 6 8 11 11 12 12 14 18 18 17 21 21 15 15 11 9 9 15 19 19 8 8 11 13 13 10 7 7 6 6 1 1 1 1 2 2 4 4 1 1 1 0
 11 11 4 6 6 8 12 12 15 15 16 13 13 10 12 12 12 12 14 10 10 4 5 5 6 6 12 10 10 8 7 7 6 6 1 1 1 0 1 1 3 3 2 1 1 1
 11 11 4 6 6 7 10 10 11 11 11 9 9 6 5 5 5 5 5 5 5 3 5 5 7 7 11 6 6 6 5 5 4 4 2 2 2 0 1 1 3 3 3 2 2 0
 11 11 4 6 6 7 10 10 11 11 11 9 9 6 5 5 5 5 5 5 5 3 5 5 7 7 11 6 6 6 5 5 4 4 2 2 2 0 1 1 3 3 3 2 2 0
 5 5 4 5 5 10 6 6 6 6 6 5 5 4 5 5 4 4 4 4 4 4 7 7 13 13 10 6 6 6 6 6 4 4 3 1 1 1 0 0 2 2 4 1 1 0
 5 5 4 5 5 10 6 6 6 6 6 5 5 4 5 5 4 4 4 4 4 4 7 7 13 13 10 6 6 6 6 6 4 4 3 1 1 1 0 0 2 2 4 1 1 0
 3 3 4 6 6 11 9 9 9 9 8 4 4 4 4 4 3 3 3 4 4 6 5 5 9 9 10 7 7 4 5 5 4 4 3 1 1 1 1 1 3 3 4 1 1 0
 5 5 5 6 6 6 5 5 8 8 8 3 3 2 3 3 3 3 3 4 4 3 3 3 9 9 6 6 6 4 4 4 4 4 3 1 1 1 1 1 4 4 4 0 0 1
 5 5 5 6 6 6 5 5 8 8 8 3 3 2 3 3 3 3 3 4 4 3 3 3 9 9 6 6 6 4 4 4 4 4 3 1 1 1 1 1 4 4 4 0 0 1
 4 4 5 6 6 6 10 10 9 9 9 3 3 2 2 2 2 2 2 1 1 2 3 3 9 9 5 5 5 5 4 4 3 3 3 1 1 0 2 2 1 1 3 1 1 2
 3 3 4 4 4 5 11 11 10 10 3 2 2 2 1 1 1 1 1 1 1 2 3 3 3 3 2 4 4 10 9 9 4 4 2 1 1 0 1 1 2 2 2 4 4 3
 3 3 4 4 4 5 11 11 10 10 3 2 2 2 1 1 1 1 1 1 1 2 3 3 3 3 2 4 4 10 9 9 4 4 2 1 1 0 1 1 2 2 2 4 4 3
 2 2 2 2 2 2 9 9 10 10 2 2 2 1 1 1 0 0 0 0 0 1 1 1 2 2 2 3 3 5 4 4 2 2 1 1 1 1 1 1 2 2 2 4 4 5
 2 2 2 2 2 2 9 9 10 10 2 2 2 1 1 1 0 0 0 0 0 1 1 1 2 2 2 3 3 5 4 4 2 2 1 1 1 1 1 1 2 2 2 4 4 5
 2 2 2 1 1 1 1 1 1 1 1 0 0 1 1 1 0 0 0 1 1 1 1 1 1 1 2 4 4 4 5 5 3 3 1 0 0 1 1 1 0 0 0 2 2 5
 1 1 1 1 1 1 1 1 0 0 1 1 1 1 1 1 1 1 0 2 2 1 1 1 1 1 2 5 5 4 3 3 3 3 0 0 0 1 0 0 1 1 1 1 1 2
 1 1 1 1 1 1 1 1 0 0 1 1 1 1 1 1 1 1 0 2 2 1 1 1 1 1 2 5 5 4 3 3 3 3 0 0 0 1 0 0 1 1 1 1 1 2
 0 0 0 0 0 0 0 0 0 0 0 1 1 1 1 1 1 1 0 1 1 1 1 1 1 1 1 1 1 1 1 1 1 1 1 2 2 1 1 1 1 1 1 1 1 1
 0 0 0 0 0 0 0 0 0 0 0 1 1 1 1 1 1 1 1 1 1 1 1 1 1 1 1 1 1 1 1 1 1 1 1 1 1 2 2 2 1 1 2 1 1 3
