assets/RAT_results_old/precipitation/2021-07-10_IMERG.asc
ncols        46
nrows        77
xllcorner    74.800261325624
yllcorner    8.058333333333
cellsize     0.062500000000
NODATA_value -9999
 29 29 24 24 24 11 16 16 10 10 10 6 6 5 5 5 2 2 2 1 1 2 2 2 3 3 2 1 1 0 0 0 0 0 0 0 0 0 0 0 0 0 0 1 1 0
 38 38 32 27 27 16 15 15 15 15 12 10 10 7 6 6 3 3 2 2 2 2 1 1 1 1 2 1 1 1 0 0 0 0 0 0 0 0 0 0 0 0 0 0 0 1
 38 38 32 27 27 16 15 15 15 15 12 10 10 7 6 6 3 3 2 2 2 2 1 1 1 1 2 1 1 1 0 0 0 0 0 0 0 0 0 0 0 0 0 0 0 1
 38 38 32 27 27 25 19 19 18 18 17 10 10 8 9 9 7 7 6 3 3 2 1 1 1 1 1 1 1 0 0 0 0 0 0 0 0 0 1 1 0 0 0 0 0 0
 30 30 34 30 30 22 22 22 23 23 19 17 17 12 12 12 10 10 7 5 5 4 2 2 1 1 1 1 1 0 0 0 1 1 1 2 2 1 1 1 0 0 0 0 0 0
 30 30 34 30 30 22 22 22 23 23 19 17 17 12 12 12 10 10 7 5 5 4 2 2 1 1 1 1 1 0 0 0 1 1 1 2 2 1 1 1 0 0 0 0 0 0
 26 26 30 36 36 31 33 33 23 23 20 20 20 13 14 14 12 12 7 9 9 5 4 4 3 3 2 1 1 0 0 0 1 1 1 1 1 2 0 0 0 0 0 0 0 0
 26 26 30 36 36 31 33 33 23 23 20 20 20 13 14 14 12 12 7 9 9 5 4 4 3 3 2 1 1 0 0 0 1 1 1 1 1 2 0 0 0 0 0 0 0 0
 29 29 36 41 41 42 28 28 18 18 15 15 15 15 15 15 13 13 9 9 9 5 3 3 3 3 2 2 2 2 1 1 2 2 2 2 2 2 0 0 0 0 0 1 1 0
 34 34 35 55 55 42 38 38 29 29 28 27 27 17 12 12 11 11 8 12 12 6 6 6 4 4 3 3 3 3 3 3 1 1 2 0 0 0 0 0 0 0 1 1 1 1
 34 34 35 55 55 42 38 38 29 29 28 27 27 17 12 12 11 11 8 12 12 6 6 6 4 4 3 3 3 3 3 3 1 1 2 0 0 0 0 0 0 0 1 1 1 1
 47 47 48 57 57 46 36 36 28 28 40 35 35 21 20 20 14 14 11 12 12 7 7 7 5 5 4 4 4 3 2 2 2 2 1 1 1 1 1 1 1 1 1 1 1 1
 43 43 45 53 53 60 49 49 39 39 35 31 31 21 20 20 10 10 10 8 8 9 9 9 6 6 5 4 4 3 2 2 3 3 5 3 3 2 4 4 5 5 1 1 1 1
 43 43 45 53 53 60 49 49 39 39 35 31 31 21 20 20 10 10 10 8 8 9 9 9 6 6 5 4 4 3 2 2 3 3 5 3 3 2 4 4 5 5 1 1 1 1
 72 72 66 66 66 63 50 50 30 30 35 33 33 34 34 34 12 12 13 11 11 12 9 9 7 7 4 6 6 3 4 4 4 4 2 3 3 6 5 5 7 7 2 1 1 1
 72 72 66 66 66 63 50 50 30 30 35 33 33 34 34 34 12 12 13 11 11 12 9 9 7 7 4 6 6 3 4 4 4 4 2 3 3 6 5 5 7 7 2 1 1 1
 63 63 57 54 54 60 59 59 60 60 50 25 25 35 21 21 12 12 11 9 9 9 5 5 5 5 5 4 4 5 3 3 2 2 2 2 2 3 6 6 3 3 2 0 0 1
 72 72 50 56 56 59 61 61 58 58 52 44 44 48 25 25 15 15 14 10 10 7 5 5 5 5 5 3 3 2 3 3 2 2 2 1 1 2 4 4 3 3 2 1 1 1
 72 72 50 56 56 59 61 61 58 58 52 44 44 48 25 25 15 15 14 10 10 7 5 5 5 5 5 3 3 2 3 3 2 2 2 1 1 2 4 4 3 3 2 1 1 1
 67 67 51 48 48 53 55 55 66 66 65 55 55 34 22 22 17 17 22 13 13 9 8 8 9 9 5 3 3 2 2 2 2 2 1 0 0 1 3 3 3 3 2 1 1 2
 55 55 55 47 47 38 36 36 31 31 59 60 60 55 37 37 37 37 31 24 24 16 12 12 9 9 7 6 6 5 3 3 1 1 1 1 1 1 3 3 2 2 2 2 2 2
 55 55 55 47 47 38 36 36 31 31 59 60 60 55 37 37 37 37 31 24 24 16 12 12 9 9 7 6 6 5 3 3 1 1 1 1 1 1 3 3 2 2 2 2 2 2
 58 58 59 54 54 41 40 40 36 36 35 36 36 29 28 28 37 37 30 28 28 25 23 23 16 16 11 9 9 12 5 5 6 6 4 2 2 2 5 5 3 3 8 4 4 9
 58 58 59 54 54 41 40 40 36 36 35 36 36 29 28 28 37 37 30 28 28 25 23 23 16 16 11 9 9 12 5 5 6 6 4 2 2 2 5 5 3 3 8 4 4 9
 51 51 44 51 51 59 40 40 34 34 26 32 32 34 28 28 33 33 32 25 25 26 17 17 12 12 10 11 11 10 13 13 10 10 6 4 4 2 3 3 6 6 6 3 3 3
 45 45 44 50 50 53 30 30 28 28 24 32 32 26 36 36 35 35 32 23 23 19 14 14 13 13 9 10 10 10 10 10 6 6 5 3 3 3 2 2 3 3 2 1 1 2
 45 45 44 50 50 53 30 30 28 28 24 32 32 26 36 36 35 35 32 23 23 19 14 14 13 13 9 10 10 10 10 10 6 6 5 3 3 3 2 2 3 3 2 1 1 2
 57 57 48 45 45 44 44 44 40 40 36 42 42 42 38 38 37 37 38 27 27 24 16 16 13 13 12 9 9 5 3 3 5 5 4 4 4 4 4 4 3 3 1 1 1 2
 49 49 48 50 50 51 54 54 57 57 39 46 46 43 51 51 41 41 42 26 26 24 16 16 12 12 9 7 7 5 6 6 4 4 3 2 2 4 4 4 3 3 3 2 2 2
 49 49 48 50 50 51 54 54 57 57 39 46 46 43 51 51 41 41 42 26 26 24 16 16 12 12 9 7 7 5 6 6 4 4 3 2 2 4 4 4 3 3 3 2 2 2
 61 61 58 56 56 44 44 44 36 36 32 37 37 30 42 42 42 42 37 36 36 25 19 19 17 17 9 3 3 6 6 6 9 9 5 3 3 4 4 4 4 4 7 3 3 3
 61 61 58 56 56 44 44 44 36 36 32 37 37 30 42 42 42 42 37 36 36 25 19 19 17 17 9 3 3 6 6 6 9 9 5 3 3 4 4 4 4 4 7 3 3 3
 63 63 55 52 52 45 48 48 41 41 50 38 38 35 40 40 51 51 49 37 37 31 25 25 33 33 17 11 11 11 14 14 11 11 7 4 4 5 6 6 7 7 11 9 9 4
 60 60 55 51 51 45 50 50 49 49 53 48 48 53 41 41 59 59 58 52 52 40 42 42 37 37 20 14 14 12 10 10 10 10 7 4 4 5 9 9 12 12 12 9 9 5
 60 60 55 51 51 45 50 50 49 49 53 48 48 53 41 41 59 59 58 52 52 40 42 42 37 37 20 14 14 12 10 10 10 10 7 4 4 5 9 9 12 12 12 9 9 5
 55 55 38 42 42 48 48 48 50 50 52 60 60 51 52 52 67 67 66 67 67 50 56 56 43 43 39 25 25 19 15 15 14 14 10 9 9 10 13 13 14 14 16 9 9 5
 54 54 50 45 45 46 45 45 47 47 47 48 48 48 51 51 64 64 67 66 66 65 62 62 57 57 46 49 49 34 22 22 20 20 11 8 8 10 11 11 15 15 15 14 14 7
 54 54 50 45 45 46 45 45 47 47 47 48 48 48 51 51 64 64 67 66 66 65 62 62 57 57 46 49 49 34 22 22 20 20 11 8 8 10 11 11 15 15 15 14 14 7
 46 46 49 45 45 43 42 42 46 46 45 37 37 40 44 44 57 57 67 72 72 69 67 67 52 52 58 53 53 30 23 23 22 22 17 14 14 15 14 14 15 15 15 12 12 7
 46 46 49 45 45 43 42 42 46 46 45 37 37 40 44 44 57 57 67 72 72 69 67 67 52 52 58 53 53 30 23 23 22 22 17 14 14 15 14 14 15 15 15 12 12 7
 49 49 46 44 44 40 38 38 39 39 43 40 40 37 43 43 60 60 59 65 65 69 67 67 63 63 63 79 79 55 51 51 32 32 23 16 16 19 19 19 19 19 21 14 14 11
 69 69 62 65 65 56 61 61 35 35 34 36 36 36 41 41 33 33 36 51 51 60 76 76 64 64 65 85 85 51 67 67 41 41 24 21 21 25 26 26 23 23 20 14 14 11
 69 69 62 65 65 56 61 61 35 35 34 36 36 36 41 41 33 33 36 51 51 60 76 76 64 64 65 85 85 51 67 67 41 41 24 21 21 25 26 26 23 23 20 14 14 11
 62 62 55 63 63 57 56 56 59 59 48 52 52 50 35 35 33 33 41 50 50 59 57 57 63 63 49 80 80 76 67 67 41 41 31 22 22 22 24 24 21 21 21 10 10 8
 62 62 53 55 55 59 56 56 43 43 37 47 47 47 41 41 45 45 47 54 54 46 52 52 62 62 57 76 76 79 82 82 49 49 37 21 21 21 20 20 22 22 15 9 9 7
 62 62 53 55 55 59 56 56 43 43 37 47 47 47 41 41 45 45 47 54 54 46 52 52 62 62 57 76 76 79 82 82 49 49 37 21 21 21 20 20 22 22 15 9 9 7
 26 26 23 25 25 23 61 61 49 49 46 53 53 43 39 39 41 41 61 63 63 72 57 57 61 61 60 71 71 75 93 93 83 83 51 38 38 30 23 23 25 25 17 13 13 8
 26 26 23 25 25 23 61 61 49 49 46 53 53 43 39 39 41 41 61 63 63 72 57 57 61 61 60 71 71 75 93 93 83 83 51 38 38 30 23 23 25 25 17 13 13 8
 13 13 23 22 22 21 26 26 35 35 37 41 41 56 58 58 56 56 57 55 55 68 57 57 63 63 64 63 63 78 86 86 83 83 53 45 45 33 40 40 36 36 21 15 15 8
 15 15 11 15 15 16 20 20 37 37 36 41 41 39 40 40 53 53 54 68 68 56 57 57 60 60 60 64 64 67 69 69 61 61 43 39 39 38 36 36 34 34 36 20 20 9
 15 15 11 15 15 16 20 20 37 37 36 41 41 39 40 40 53 53 54 68 68 56 57 57 60 60 60 64 64 67 69 69 61 61 43 39 39 38 36 36 34 34 36 20 20 9
 15 15 13 17 17 20 21 21 26 26 30 37 37 39 48 48 69 69 68 32 32 41 52 52 58 58 56 61 61 69 62 62 47 47 33 31 31 32 31 31 34 34 35 21 21 10
 20 20 15 19 19 25 23 23 24 24 27 25 25 27 27 27 60 60 60 32 32 46 55 55 61 61 49 44 44 44 45 45 41 41 33 33 33 31 32 32 27 27 28 17 17 10
 20 20 15 19 19 25 23 23 24 24 27 25 25 27 27 27 60 60 60 32 32 46 55 55 61 61 49 44 44 44 45 45 41 41 33 33 33 31 32 32 27 27 28 17 17 10
 20 20 19 28 28 27 19 19 18 18 20 21 21 23 31 31 43 43 33 33 33 49 52 52 55 55 53 48 48 43 33 33 25 25 25 22 22 22 22 22 24 24 26 17 17 10
 20 20 19 28 28 27 19 19 18 18 20 21 21 23 31 31 43 43 33 33 33 49 52 52 55 55 53 48 48 43 33 33 25 25 25 22 22 22 22 22 24 24 26 17 17 10
 17 17 18 29 29 22 21 21 21 21 19 21 21 19 30 30 38 38 35 35 35 57 55 55 67 67 49 48 48 39 30 30 24 24 23 17 17 19 19 19 20 20 25 14 14 9
 25 25 25 24 24 23 25 25 20 20 21 18 18 19 21 21 31 31 32 44 44 49 60 60 61 61 65 61 61 47 34 34 37 37 30 18 18 18 19 19 22 22 30 15 15 8
 25 25 25 24 24 23 25 25 20 20 21 18 18 19 21 21 31 31 32 44 44 49 60 60 61 61 65 61 61 47 34 34 37 37 30 18 18 18 19 19 22 22 30 15 15 8
 30 30 23 24 24 18 24 24 23 23 24 30 30 28 22 22 22 22 23 32 32 42 52 52 70 70 73 62 62 54 38 38 41 41 34 23 23 18 21 21 25 25 32 18 18 7
 22 22 21 26 26 34 31 31 33 33 31 32 32 27 22 22 25 25 26 29 29 37 46 46 48 48 65 57 57 53 49 49 35 35 28 19 19 16 21 21 34 34 33 18 18 11
 22 22 21 26 26 34 31 31 33 33 31 32 32 27 22 22 25 25 26 29 29 37 46 46 48 48 65 57 57 53 49 49 35 35 28 19 19 16 21 21 34 34 33 18 18 11
 27 27 25 29 29 33 37 37 34 34 33 34 34 24 20 20 27 27 30 27 27 29 28 28 44 44 61 51 51 48 41 41 33 33 34 29 29 25 26 26 32 32 33 18 18 10
 27 27 25 29 29 33 37 37 34 34 33 34 34 24 20 20 27 27 30 27 27 29 28 28 44 44 61 51 51 48 41 41 33 33 34 29 29 25 26 26 32 32 33 18 18 10
 33 33 27 34 34 31 43 43 42 42 42 38 38 36 31 31 24 24 24 26 26 22 21 21 43 43 60 50 50 53 40 40 37 37 32 29 29 36 38 38 52 52 50 30 30 19
 33 33 33 38 38 37 49 49 47 47 45 42 42 44 35 35 27 27 29 29 29 29 27 27 29 29 58 62 62 59 50 50 40 40 31 28 28 36 36 36 51 51 45 33 33 18
 33 33 33 38 38 37 49 49 47 47 45 42 42 44 35 35 27 27 29 29 29 29 27 27 29 29 58 62 62 59 50 50 40 40 31 28 28 36 36 36 51 51 45 33 33 18
 37 37 39 50 50 54 55 55 52 52 50 49 49 50 38 38 29 29 29 26 26 22 22 22 21 21 41 50 50 48 56 56 36 36 32 29 29 32 45 45 44 44 39 30 30 17
 40 40 42 54 54 54 58 58 57 57 55 50 50 36 37 37 31 31 27 25 25 23 18 18 23 23 21 18 18 44 43 43 35 35 31 28 28 29 24 24 34 34 33 31 31 17
 40 40 42 54 54 54 58 58 57 57 55 50 50 36 37 37 31 31 27 25 25 23 18 18 23 23 21 18 18 44 43 43 35 35 31 28 28 29 24 24 34 34 33 31 31 17
 37 37 37 49 49 52 52 52 53 53 51 47 47 33 29 29 23 23 23 22 22 18 18 18 18 18 18 15 15 18 22 22 30 30 35 23 23 22 18 18 25 25 27 25 25 30
 37 37 37 49 49 52 52 52 53 53 51 47 47 33 29 29 23 23 23 22 22 18 18 18 18 18 18 15 15 18 22 22 30 30 35 23 23 22 18 18 25 25 27 25 25 30
 33 33 33 37 37 41 47 47 49 49 50 50 50 31 25 25 20 20 23 21 21 19 18 18 15 15 15 16 16 16 20 20 29 29 33 28 28 24 18 18 16 16 18 25 25 29
 31 31 32 34 34 35 35 35 40 40 41 44 44 40 26 26 23 23 25 25 25 21 19 19 18 18 14 9 9 9 11 11 14 14 22 21 21 23 19 19 17 17 19 24 24 29
 31 31 32 34 34 35 35 35 40 40 41 44 44 40 26 26 23 23 25 25 25 21 19 19 18 18 14 9 9 9 11 11 14 14 22 21 21 23 19 19 17 17 19 24 24 29
 22 22 22 23 23 26 27 27 32 32 33 35 35 36 20 20 27 27 25 24 24 22 23 23 20 20 18 11 11 11 12 12 7 7 14 15 15 14 16 16 17 17 26 21 21 27
 21 21 21 21 21 21 22 22 25 25 26 29 29 36 34 34 28 28 24 22 22 20 32 32 30 30 19 19 19 10 6 6 7 7 13 12 12 11 14 14 14 14 32 24 24 24
