assets/RAT_results_old/precipitation/2021-05-21_IMERG.asc
ncols        46
nrows        77
xllcorner    74.800261325624
yllcorner    8.058333333333
cellsize     0.062500000000
NODATA_value -9999
 27 27 4 5 5 5 9 9 5 5 3 0 0 0 1 1 0 0 1 1 1 1 1 1 0 0 0 0 0 1 1 1 1 1 1 1 1 4 3 3 4 4 6 7 7 6
 18 18 4 3 3 3 8 8 3 3 3 2 2 2 1 1 1 1 1 1 1 0 0 0 0 0 0 0 0 0 1 1 0 0 0 1 1 1 1 1 2 2 4 4 4 4
 18 18 4 3 3 3 8 8 3 3 3 2 2 2 1 1 1 1 1 1 1 0 0 0 0 0 0 0 0 0 1 1 0 0 0 1 1 1 1 1 2 2 4 4 4 4
 13 13 5 2 2 2 0 0 0 0 0 1 1 2 1 1 1 1 1 1 1 0 0 0 0 0 0 0 0 0 0 0 0 0 0 1 1 1 1 1 1 1 2 1 1 1
 10 10 9 9 9 0 0 0 0 0 1 1 1 1 1 1 2 2 1 0 0 0 0 0 0 0 0 0 0 0 0 0 0 0 0 1 1 1 1 1 1 1 1 1 1 1
 10 10 9 9 9 0 0 0 0 0 1 1 1 1 1 1 2 2 1 0 0 0 0 0 0 0 0 0 0 0 0 0 0 0 0 1 1 1 1 1 1 1 1 1 1 1
 13 13 10 10 10 1 1 1 1 1 4 4 4 4 4 4 3 3 2 0 0 0 0 0 0 0 0 0 0 0 0 0 0 0 1 1 1 1 1 1 1 1 1 1 1 1
 13 13 10 10 10 1 1 1 1 1 4 4 4 4 4 4 3 3 2 0 0 0 0 0 0 0 0 0 0 0 0 0 0 0 1 1 1 1 1 1 1 1 1 1 1 1
 12 12 13 13 13 7 6 6 0 0 10 4 4 4 4 4 4 4 4 0 0 0 0 0 0 0 0 0 0 0 0 0 1 1 1 1 1 1 1 1 1 1 1 1 1 1
 10 10 11 13 13 9 7 7 10 10 9 10 10 10 4 4 4 4 5 0 0 0 0 0 0 0 0 0 0 0 0 0 0 0 0 1 1 1 1 1 1 1 1 1 1 1
 10 10 11 13 13 9 7 7 10 10 9 10 10 10 4 4 4 4 5 0 0 0 0 0 0 0 0 0 0 0 0 0 0 0 0 1 1 1 1 1 1 1 1 1 1 1
 8 8 9 8 8 11 10 10 6 6 6 6 6 3 4 4 4 4 2 2 2 2 1 1 0 0 0 0 0 0 0 0 1 1 1 1 1 1 1 1 1 1 1 1 1 1
 8 8 8 19 19 21 11 11 8 8 7 6 6 3 4 4 3 3 2 1 1 2 0 0 0 0 0 0 0 0 1 1 2 2 2 1 1 2 2 2 2 2 2 2 2 5
 8 8 8 19 19 21 11 11 8 8 7 6 6 3 4 4 3 3 2 1 1 2 0 0 0 0 0 0 0 0 1 1 2 2 2 1 1 2 2 2 2 2 2 2 2 5
 9 9 7 13 13 19 16 16 9 9 9 7 7 2 2 2 3 3 2 0 0 1 0 0 0 0 0 0 0 1 1 1 1 1 1 1 1 2 3 3 3 3 3 2 2 5
 9 9 7 13 13 19 16 16 9 9 9 7 7 2 2 2 3 3 2 0 0 1 0 0 0 0 0 0 0 1 1 1 1 1 1 1 1 2 3 3 3 3 3 2 2 5
 9 9 9 16 16 27 26 26 21 21 10 7 7 3 2 2 2 2 1 0 0 0 1 1 1 1 1 0 0 1 1 1 1 1 1 1 1 2 2 2 4 4 4 3 3 6
 16 16 23 23 23 19 27 27 22 22 18 11 11 10 9 9 4 4 3 0 0 1 1 1 1 1 1 1 1 1 1 1 1 1 1 1 1 1 2 2 4 4 3 3 3 2
 16 16 23 23 23 19 27 27 22 22 18 11 11 10 9 9 4 4 3 0 0 1 1 1 1 1 1 1 1 1 1 1 1 1 1 1 1 1 2 2 4 4 3 3 3 2
 16 16 19 24 24 20 25 25 25 25 26 19 19 14 9 9 6 6 4 5 5 3 3 3 3 3 2 1 1 1 0 0 0 0 1 1 1 1 3 3 4 4 3 3 3 2
 24 24 23 24 24 24 23 23 25 25 26 20 20 15 14 14 9 9 8 8 8 6 5 5 3 3 2 1 1 1 1 1 1 1 1 1 1 1 3 3 2 2 1 0 0 1
 24 24 23 24 24 24 23 23 25 25 26 20 20 15 14 14 9 9 8 8 8 6 5 5 3 3 2 1 1 1 1 1 1 1 1 1 1 1 3 3 2 2 1 0 0 1
 29 29 33 33 33 22 24 24 25 25 20 16 16 19 21 21 18 18 10 10 10 9 6 6 6 6 5 5 5 5 5 5 4 4 3 1 1 1 3 3 1 1 0 0 0 0
 29 29 33 33 33 22 24 24 25 25 20 16 16 19 21 21 18 18 10 10 10 9 6 6 6 6 5 5 5 5 5 5 4 4 3 1 1 1 3 3 1 1 0 0 0 0
 31 31 34 34 34 41 36 36 38 38 28 32 32 25 21 21 25 25 21 11 11 12 10 10 6 6 6 5 5 4 4 4 3 3 1 0 0 1 1 1 0 0 0 0 0 0
 35 35 34 34 34 49 39 39 39 39 29 32 32 37 34 34 34 34 35 20 20 15 10 10 6 6 4 6 6 5 4 4 2 2 2 0 0 0 1 1 0 0 1 0 0 0
 35 35 34 34 34 49 39 39 39 39 29 32 32 37 34 34 34 34 35 20 20 15 10 10 6 6 4 6 6 5 4 4 2 2 2 0 0 0 1 1 0 0 1 0 0 0
 35 35 37 36 36 51 51 51 51 51 34 40 40 46 33 33 42 42 38 31 31 29 19 19 12 12 8 3 3 4 4 4 3 3 4 3 3 3 2 2 1 1 1 1 1 1
 36 36 38 43 43 46 45 45 33 33 36 42 42 47 41 41 44 44 39 45 45 33 22 22 16 16 12 6 6 6 4 4 4 4 2 1 1 1 1 1 1 1 1 0 0 1
 36 36 38 43 43 46 45 45 33 33 36 42 42 47 41 41 44 44 39 45 45 33 22 22 16 16 12 6 6 6 4 4 4 4 2 1 1 1 1 1 1 1 1 0 0 1
 31 31 33 29 29 46 48 48 43 43 50 46 46 40 40 40 45 45 53 43 43 26 29 29 26 26 18 14 14 8 4 4 5 5 2 1 1 1 1 1 1 1 0 1 1 1
 31 31 33 29 29 46 48 48 43 43 50 46 46 40 40 40 45 45 53 43 43 26 29 29 26 26 18 14 14 8 4 4 5 5 2 1 1 1 1 1 1 1 0 1 1 1
 31 31 31 31 31 37 36 36 45 45 52 43 43 39 43 43 42 42 45 48 48 22 22 22 21 21 13 12 12 6 13 13 5 5 5 3 3 2 2 2 1 1 1 1 1 2
 20 20 17 22 22 25 28 28 38 38 48 48 48 36 32 32 37 37 35 43 43 15 25 25 21 21 12 16 16 12 10 10 6 6 6 4 4 2 2 2 2 2 3 2 2 1
 20 20 17 22 22 25 28 28 38 38 48 48 48 36 32 32 37 37 35 43 43 15 25 25 21 21 12 16 16 12 10 10 6 6 6 4 4 2 2 2 2 2 3 2 2 1
 19 19 18 20 20 22 25 25 35 35 26 22 22 25 29 29 35 35 34 20 20 21 34 34 23 23 20 16 16 11 12 12 3 3 4 4 4 2 3 3 4 4 2 2 2 1
 18 18 17 19 19 20 20 20 28 28 25 24 24 25 30 30 32 32 33 22 22 30 36 36 21 21 21 18 18 18 19 19 8 8 4 3 3 3 4 4 3 3 2 1 1 1
 18 18 17 19 19 20 20 20 28 28 25 24 24 25 30 30 32 32 33 22 22 30 36 36 21 21 21 18 18 18 19 19 8 8 4 3 3 3 4 4 3 3 2 1 1 1
 28 28 21 22 22 19 16 16 27 27 32 34 34 27 27 27 29 29 46 29 29 30 37 37 24 24 31 18 18 21 13 13 10 10 10 6 6 4 4 4 2 2 2 2 2 2
 28 28 21 22 22 19 16 16 27 27 32 34 34 27 27 27 29 29 46 29 29 30 37 37 24 24 31 18 18 21 13 13 10 10 10 6 6 4 4 4 2 2 2 2 2 2
 19 19 21 21 21 13 15 15 16 16 17 21 21 36 37 37 36 36 38 29 29 36 43 43 33 33 41 30 30 32 25 25 24 24 24 9 9 6 4 4 2 2 4 3 3 3
 18 18 9 9 9 7 14 14 24 24 21 23 23 25 25 25 22 22 30 22 22 43 43 43 41 41 31 23 23 23 17 17 24 24 24 9 9 10 4 4 3 3 3 4 4 3
 18 18 9 9 9 7 14 14 24 24 21 23 23 25 25 25 22 22 30 22 22 43 43 43 41 41 31 23 23 23 17 17 24 24 24 9 9 10 4 4 3 3 3 4 4 3
 15 15 10 9 9 7 10 10 12 12 21 26 26 17 24 24 21 21 20 19 19 36 38 38 36 36 36 24 24 22 17 17 17 17 7 8 8 5 3 3 2 2 2 2 2 1
 15 15 9 9 9 7 15 15 19 19 18 26 26 16 20 20 20 20 21 19 19 36 39 39 41 41 12 15 15 10 6 6 3 3 6 7 7 3 1 1 1 1 1 1 1 1
 15 15 9 9 9 7 15 15 19 19 18 26 26 16 20 20 20 20 21 19 19 36 39 39 41 41 12 15 15 10 6 6 3 3 6 7 7 3 1 1 1 1 1 1 1 1
 5 5 4 5 5 7 12 12 16 16 17 14 14 15 17 17 17 17 17 17 17 22 32 32 40 40 12 7 7 12 6 6 4 4 3 3 3 3 1 1 1 1 1 1 1 0
 5 5 4 5 5 7 12 12 16 16 17 14 14 15 17 17 17 17 17 17 17 22 32 32 40 40 12 7 7 12 6 6 4 4 3 3 3 3 1 1 1 1 1 1 1 0
 4 4 3 4 4 7 8 8 10 10 12 12 12 12 15 15 17 17 17 20 20 21 18 18 22 22 7 6 6 5 5 5 4 4 3 3 3 3 2 2 2 2 1 1 1 1
 3 3 3 3 3 5 6 6 7 7 8 10 10 14 14 14 15 15 15 17 17 19 17 17 14 14 7 7 7 8 8 8 3 3 2 3 3 2 3 3 1 1 1 1 1 1
 3 3 3 3 3 5 6 6 7 7 8 10 10 14 14 14 15 15 15 17 17 19 17 17 14 14 7 7 7 8 8 8 3 3 2 3 3 2 3 3 1 1 1 1 1 1
 4 4 5 5 5 4 4 4 5 5 7 8 8 15 14 14 13 13 14 16 16 15 16 16 12 12 13 12 12 10 9 9 3 3 2 2 2 3 1 1 1 1 1 2 2 2
 4 4 5 6 6 6 3 3 4 4 4 5 5 9 15 15 12 12 14 13 13 14 16 16 14 14 16 13 13 14 11 11 4 4 1 1 1 1 0 0 0 0 1 2 2 2
 4 4 5 6 6 6 3 3 4 4 4 5 5 9 15 15 12 12 14 13 13 14 16 16 14 14 16 13 13 14 11 11 4 4 1 1 1 1 0 0 0 0 1 2 2 2
 3 3 4 7 7 7 4 4 4 4 4 5 5 8 9 9 7 7 8 9 9 12 16 16 12 12 15 9 9 8 6 6 4 4 2 1 1 0 0 0 0 0 1 1 1 2
 3 3 4 7 7 7 4 4 4 4 4 5 5 8 9 9 7 7 8 9 9 12 16 16 12 12 15 9 9 8 6 6 4 4 2 1 1 0 0 0 0 0 1 1 1 2
 3 3 2 3 3 3 3 3 4 4 5 6 6 6 6 6 7 7 5 7 7 8 12 12 27 27 21 22 22 9 4 4 3 3 5 5 5 3 3 3 0 0 1 0 0 0
 1 1 1 3 3 3 3 3 2 2 5 5 5 4 4 4 5 5 38 40 40 38 13 13 17 17 24 27 27 17 9 9 5 5 1 7 7 3 1 1 0 0 1 1 1 0
 1 1 1 3 3 3 3 3 2 2 5 5 5 4 4 4 5 5 38 40 40 38 13 13 17 17 24 27 27 17 9 9 5 5 1 7 7 3 1 1 0 0 1 1 1 0
 2 2 3 3 3 4 3 3 2 2 4 4 4 4 3 3 4 4 38 39 39 36 32 32 34 34 34 37 37 57 18 18 8 8 6 5 5 3 2 2 2 2 1 1 1 0
 4 4 4 3 3 4 3 3 3 3 4 4 4 5 23 23 24 24 29 35 35 36 14 14 33 33 24 33 33 27 21 21 17 17 6 4 4 3 1 1 2 2 2 2 2 1
 4 4 4 3 3 4 3 3 3 3 4 4 4 5 23 23 24 24 29 35 35 36 14 14 33 33 24 33 33 27 21 21 17 17 6 4 4 3 1 1 2 2 2 2 2 1
 3 3 4 3 3 4 4 4 4 4 5 4 4 10 30 30 26 26 32 7 7 38 10 10 17 17 16 25 25 25 29 29 11 11 4 8 8 3 2 2 2 2 1 1 1 0
 3 3 4 3 3 4 4 4 4 4 5 4 4 10 30 30 26 26 32 7 7 38 10 10 17 17 16 25 25 25 29 29 11 11 4 8 8 3 2 2 2 2 1 1 1 0
 4 4 3 3 3 24 6 6 6 6 5 19 19 10 31 31 32 32 33 6 6 5 16 16 17 17 15 20 20 38 25 25 5 5 8 12 12 8 6 6 1 1 0 1 1 0
 6 6 6 7 7 16 10 10 11 11 11 21 21 21 28 28 32 32 26 9 9 17 22 22 19 19 18 13 13 34 30 30 14 14 13 13 13 8 6 6 1 1 3 0 0 0
 6 6 6 7 7 16 10 10 11 11 11 21 21 21 28 28 32 32 26 9 9 17 22 22 19 19 18 13 13 34 30 30 14 14 13 13 13 8 6 6 1 1 3 0 0 0
 8 8 11 19 19 17 8 8 8 8 9 15 15 25 26 26 14 14 23 9 9 8 21 21 11 11 23 15 15 19 27 27 27 27 12 16 16 13 9 9 6 6 9 2 2 1
 3 3 4 6 6 6 6 6 7 7 8 12 12 21 19 19 9 9 7 8 8 8 8 8 9 9 24 19 19 14 19 19 27 27 13 13 13 15 10 10 10 10 12 8 8 3
 3 3 4 6 6 6 6 6 7 7 8 12 12 21 19 19 9 9 7 8 8 8 8 8 9 9 24 19 19 14 19 19 27 27 13 13 13 15 10 10 10 10 12 8 8 3
 10 10 10 6 6 4 4 4 4 4 2 3 3 4 4 4 7 7 8 9 9 8 8 8 9 9 16 18 18 16 14 14 14 14 17 10 10 12 11 11 12 12 10 5 5 2
 10 10 10 6 6 4 4 4 4 4 2 3 3 4 4 4 7 7 8 9 9 8 8 8 9 9 16 18 18 16 14 14 14 14 17 10 10 12 11 11 12 12 10 5 5 2
 10 10 9 7 7 5 4 4 3 3 2 2 2 2 3 3 4 4 5 6 6 5 5 5 7 7 5 6 6 5 12 12 19 19 17 17 17 17 15 15 7 7 7 7 7 7
 4 4 4 3 3 3 3 3 2 2 2 2 2 2 2 2 2 2 3 5 5 4 5 5 5 5 6 5 5 5 5 5 9 9 12 12 12 11 11 11 10 10 5 3 3 6
 4 4 4 3 3 3 3 3 2 2 2 2 2 2 2 2 2 2 3 5 5 4 5 5 5 5 6 5 5 5 5 5 9 9 12 12 12 11 11 11 10 10 5 3 3 6
 4 4 3 3 3 2 2 2 2 2 2 2 2 2 3 3 2 2 2 4 4 8 5 5 5 5 2 3 3 3 3 3 3 3 6 9 9 10 11 11 8 8 22 7 7 6
 5 5 4 3 3 2 2 2 2 2 2 2 2 2 3 3 3 3 2 11 11 7 4 4 4 4 1 2 2 1 2 2 2 2 3 7 7 8 7 7 13 13 21 7 7 3
