assets/RAT_results_old/precipitation/2021-11-17_IMERG.asc
ncols        46
nrows        77
xllcorner    74.800261325624
yllcorner    8.058333333333
cellsize     0.062500000000
NODATA_value -9999
 6 6 5 6 6 5 6 6 6 6 7 7 7 5 10 10 10 10 19 21 21 36 47 47 21 21 21 3 3 1 1 1 1 1 1 1 1 3 1 1 2 2 2 2 2 3
 6 6 6 5 5 6 6 6 8 8 8 5 5 6 10 10 11 11 19 28 28 47 45 45 10 10 19 2 2 1 1 1 1 1 1 1 1 2 2 2 3 3 2 2 2 3
 6 6 6 5 5 6 6 6 8 8 8 5 5 6 10 10 11 11 19 28 28 47 45 45 10 10 19 2 2 1 1 1 1 1 1 1 1 2 2 2 3 3 2 2 2 3
 6 6 7 7 7 6 5 5 8 8 8 8 8 5 6 6 12 12 32 30 30 55 35 35 17 17 7 3 3 2 1 1 1 1 1 0 0 2 2 2 2 2 2 1 1 1
 5 5 6 7 7 6 7 7 8 8 9 10 10 7 9 9 12 12 14 17 17 34 26 26 19 19 10 7 7 3 1 1 1 1 1 1 1 2 3 3 2 2 2 1 1 2
 5 5 6 7 7 6 7 7 8 8 9 10 10 7 9 9 12 12 14 17 17 34 26 26 19 19 10 7 7 3 1 1 1 1 1 1 1 2 3 3 2 2 2 1 1 2
 5 5 5 6 6 5 6 6 5 5 9 9 9 10 11 11 11 11 15 16 16 20 23 23 16 16 10 8 8 4 2 2 1 1 1 1 1 3 4 4 4 4 3 1 1 2
 5 5 5 6 6 5 6 6 5 5 9 9 9 10 11 11 11 11 15 16 16 20 23 23 16 16 10 8 8 4 2 2 1 1 1 1 1 3 4 4 4 4 3 1 1 2
 1 1 5 6 6 6 4 4 4 4 5 8 8 8 10 10 7 7 7 13 13 17 21 21 29 29 15 11 11 6 3 3 2 2 1 1 1 2 3 3 5 5 3 2 2 3
 1 1 3 4 4 4 3 3 3 3 3 3 3 5 8 8 7 7 8 11 11 14 20 20 29 29 21 15 15 7 4 4 3 3 1 1 1 3 3 3 6 6 2 1 1 2
 1 1 3 4 4 4 3 3 3 3 3 3 3 5 8 8 7 7 8 11 11 14 20 20 29 29 21 15 15 7 4 4 3 3 1 1 1 3 3 3 6 6 2 1 1 2
 1 1 2 2 2 3 1 1 3 3 3 2 2 3 3 3 4 4 5 11 11 12 19 19 48 48 22 17 17 6 5 5 5 5 9 8 8 1 5 5 6 6 3 3 3 3
 1 1 1 2 2 3 2 2 3 3 1 1 1 2 3 3 3 3 9 15 15 17 17 17 29 29 36 15 15 18 7 7 7 7 11 10 10 2 6 6 5 5 9 6 6 2
 1 1 1 2 2 3 2 2 3 3 1 1 1 2 3 3 3 3 9 15 15 17 17 17 29 29 36 15 15 18 7 7 7 7 11 10 10 2 6 6 5 5 9 6 6 2
 1 1 1 1 1 1 2 2 3 3 4 3 3 3 3 3 5 5 9 13 13 19 19 19 23 23 36 24 24 18 9 9 8 8 12 10 10 5 4 4 8 8 10 3 3 3
 1 1 1 1 1 1 2 2 3 3 4 3 3 3 3 3 5 5 9 13 13 19 19 19 23 23 36 24 24 18 9 9 8 8 12 10 10 5 4 4 8 8 10 3 3 3
 2 2 2 1 1 2 1 1 4 4 5 4 4 3 4 4 7 7 12 13 13 22 22 22 25 25 29 45 45 27 20 20 17 17 14 13 13 8 6 6 8 8 11 3 3 2
 3 3 2 1 1 2 2 2 3 3 5 6 6 4 5 5 7 7 7 19 19 38 40 40 28 28 29 36 36 32 16 16 17 17 15 11 11 9 7 7 8 8 10 3 3 2
 3 3 2 1 1 2 2 2 3 3 5 6 6 4 5 5 7 7 7 19 19 38 40 40 28 28 29 36 36 32 16 16 17 17 15 11 11 9 7 7 8 8 10 3 3 2
 1 1 2 1 1 2 2 2 1 1 3 6 6 6 4 4 6 6 6 20 20 31 35 35 29 29 30 27 27 23 14 14 11 11 9 12 12 7 8 8 10 10 9 4 4 5
 1 1 1 1 1 1 1 1 1 1 3 6 6 6 5 5 5 5 8 20 20 25 50 50 25 25 22 27 27 23 22 22 18 18 17 18 18 9 8 8 7 7 6 5 5 14
 1 1 1 1 1 1 1 1 1 1 3 6 6 6 5 5 5 5 8 20 20 25 50 50 25 25 22 27 27 23 22 22 18 18 17 18 18 9 8 8 7 7 6 5 5 14
 1 1 1 1 1 1 1 1 1 1 3 3 3 7 5 5 6 6 8 20 20 14 24 24 22 22 23 23 23 25 30 30 29 29 30 26 26 18 9 9 5 5 5 13 13 12
 1 1 1 1 1 1 1 1 1 1 3 3 3 7 5 5 6 6 8 20 20 14 24 24 22 22 23 23 23 25 30 30 29 29 30 26 26 18 9 9 5 5 5 13 13 12
 1 1 1 1 1 1 1 1 1 1 3 3 3 7 8 8 10 10 8 13 13 14 23 23 22 22 27 25 25 30 33 33 31 31 39 44 44 26 19 19 13 13 16 8 8 7
 1 1 1 1 1 1 1 1 1 1 1 2 2 6 8 8 10 10 9 10 10 12 16 16 19 19 28 24 24 30 41 41 31 31 35 49 49 30 33 33 19 19 11 7 7 5
 1 1 1 1 1 1 1 1 1 1 1 2 2 6 8 8 10 10 9 10 10 12 16 16 19 19 28 24 24 30 41 41 31 31 35 49 49 30 33 33 19 19 11 7 7 5
 1 1 1 1 1 1 1 1 1 1 1 1 1 5 5 5 11 11 12 10 10 13 14 14 19 19 30 33 33 38 42 42 41 41 49 67 67 52 40 40 37 37 16 8 8 4
 0 0 0 1 1 1 1 1 1 1 1 1 1 4 6 6 11 11 14 11 11 12 12 12 20 20 29 40 40 41 52 52 54 54 63 66 66 73 41 41 38 38 74 10 10 1
 0 0 0 1 1 1 1 1 1 1 1 1 1 4 6 6 11 11 14 11 11 12 12 12 20 20 29 40 40 41 52 52 54 54 63 66 66 73 41 41 38 38 74 10 10 1
 1 1 0 1 1 1 1 1 1 1 1 0 0 1 7 7 9 9 12 11 11 13 14 14 19 19 26 27 27 39 48 48 66 66 90 88 88 70 67 67 65 65 103 74 74 12
 1 1 0 1 1 1 1 1 1 1 1 0 0 1 7 7 9 9 12 11 11 13 14 14 19 19 26 27 27 39 48 48 66 66 90 88 88 70 67 67 65 65 103 74 74 12
 0 0 0 0 0 1 1 1 1 1 1 1 1 1 8 8 10 10 11 10 10 10 11 11 16 16 17 26 26 39 46 46 59 59 76 107 107 61 53 53 65 65 111 38 38 20
 0 0 3 0 0 0 1 1 1 1 1 1 1 1 7 7 7 7 9 9 9 9 10 10 15 15 15 21 21 25 38 38 56 56 50 59 59 76 50 50 51 51 61 53 53 37
 0 0 3 0 0 0 1 1 1 1 1 1 1 1 7 7 7 7 9 9 9 9 10 10 15 15 15 21 21 25 38 38 56 56 50 59 59 76 50 50 51 51 61 53 53 37
 0 0 3 2 2 2 6 6 6 6 1 1 1 0 0 0 7 7 9 6 6 7 10 10 11 11 13 18 18 22 33 33 52 52 95 84 84 55 47 47 45 45 53 54 54 37
 0 0 0 0 0 1 1 1 5 5 1 1 1 1 0 0 7 7 9 11 11 8 9 9 10 10 14 14 14 21 34 34 75 75 81 85 85 52 63 63 48 48 37 34 34 22
 0 0 0 0 0 1 1 1 5 5 1 1 1 1 0 0 7 7 9 11 11 8 9 9 10 10 14 14 14 21 34 34 75 75 81 85 85 52 63 63 48 48 37 34 34 22
 0 0 0 0 0 1 1 1 1 1 1 1 1 1 1 1 7 7 10 11 11 8 10 10 9 9 12 17 17 21 36 36 41 41 82 99 99 97 68 68 49 49 57 41 41 22
 0 0 0 0 0 1 1 1 1 1 1 1 1 1 1 1 7 7 10 11 11 8 10 10 9 9 12 17 17 21 36 36 41 41 82 99 99 97 68 68 49 49 57 41 41 22
 0 0 0 0 0 0 0 0 0 0 0 1 1 1 1 1 5 5 6 11 11 7 9 9 10 10 14 15 15 18 32 32 39 39 69 88 88 50 64 64 53 53 57 38 38 30
 0 0 0 0 0 0 0 0 0 0 0 1 1 1 0 0 5 5 1 6 6 8 8 8 7 7 9 13 13 16 24 24 30 30 39 54 54 63 61 61 43 43 47 42 42 36
 0 0 0 0 0 0 0 0 0 0 0 1 1 1 0 0 5 5 1 6 6 8 8 8 7 7 9 13 13 16 24 24 30 30 39 54 54 63 61 61 43 43 47 42 42 36
 0 0 0 0 0 0 0 0 0 0 1 0 0 0 0 0 0 0 1 6 6 8 8 8 6 6 6 9 9 14 16 16 24 24 30 39 39 41 44 44 43 43 49 31 31 41
 0 0 0 0 0 0 0 0 0 0 0 0 0 0 0 0 1 1 1 6 6 6 8 8 6 6 6 7 7 9 12 12 17 17 39 35 35 38 40 40 32 32 41 41 41 34
 0 0 0 0 0 0 0 0 0 0 0 0 0 0 0 0 1 1 1 6 6 6 8 8 6 6 6 7 7 9 12 12 17 17 39 35 35 38 40 40 32 32 41 41 41 34
 0 0 0 0 0 0 0 0 0 0 0 0 0 1 2 2 1 1 1 1 1 6 6 6 9 9 6 7 7 9 12 12 16 16 24 52 52 50 42 42 38 38 54 46 46 37
 0 0 0 0 0 0 0 0 0 0 0 0 0 1 2 2 1 1 1 1 1 6 6 6 9 9 6 7 7 9 12 12 16 16 24 52 52 50 42 42 38 38 54 46 46 37
 0 0 0 0 0 0 0 0 0 0 0 0 0 1 1 1 1 1 1 1 1 5 8 8 11 11 6 7 7 6 11 11 15 15 23 37 37 45 68 68 48 48 96 40 40 42
 0 0 0 0 0 0 0 0 0 0 0 0 0 0 1 1 1 1 1 2 2 6 9 9 12 12 8 5 5 8 12 12 11 11 21 30 30 34 59 59 66 66 41 94 94 36
 0 0 0 0 0 0 0 0 0 0 0 0 0 0 1 1 1 1 1 2 2 6 9 9 12 12 8 5 5 8 12 12 11 11 21 30 30 34 59 59 66 66 41 94 94 36
 0 0 0 0 0 0 0 0 0 0 0 0 0 1 1 1 1 1 5 2 2 9 11 11 12 12 8 7 7 7 11 11 11 11 13 16 16 35 36 36 52 52 43 93 93 143
 0 0 1 1 1 1 0 0 0 0 1 0 0 1 1 1 1 1 6 6 6 7 13 13 11 11 13 10 10 7 7 7 10 10 12 15 15 22 28 28 48 48 45 45 45 53
 0 0 1 1 1 1 0 0 0 0 1 0 0 1 1 1 1 1 6 6 6 7 13 13 11 11 13 10 10 7 7 7 10 10 12 15 15 22 28 28 48 48 45 45 45 53
 0 0 0 1 1 1 2 2 3 3 1 1 1 1 1 1 1 1 2 2 2 7 12 12 13 13 14 11 11 8 7 7 10 10 14 15 15 26 27 27 33 33 37 34 34 35
 0 0 0 1 1 1 2 2 3 3 1 1 1 1 1 1 1 1 2 2 2 7 12 12 13 13 14 11 11 8 7 7 10 10 14 15 15 26 27 27 33 33 37 34 34 35
 0 0 0 1 1 4 4 4 2 2 1 1 1 1 1 1 1 1 2 2 2 8 13 13 12 12 16 12 12 12 9 9 13 13 13 20 20 24 27 27 33 33 39 40 40 42
 0 0 0 0 0 1 1 1 1 1 1 1 1 1 1 1 1 1 2 2 2 2 5 5 9 9 15 14 14 11 13 13 14 14 13 19 19 22 25 25 39 39 44 48 48 47
 0 0 0 0 0 1 1 1 1 1 1 1 1 1 1 1 1 1 2 2 2 2 5 5 9 9 15 14 14 11 13 13 14 14 13 19 19 22 25 25 39 39 44 48 48 47
 0 0 0 0 0 1 1 1 1 1 1 1 1 2 2 2 2 2 3 2 2 2 3 3 9 9 13 13 13 11 14 14 12 12 14 16 16 18 33 33 42 42 49 57 57 45
 1 1 1 1 1 1 1 1 1 1 1 1 1 2 2 2 2 2 3 2 2 2 2 2 7 7 10 17 17 14 13 13 12 12 14 18 18 19 25 25 32 32 40 48 48 53
 1 1 1 1 1 1 1 1 1 1 1 1 1 2 2 2 2 2 3 2 2 2 2 2 7 7 10 17 17 14 13 13 12 12 14 18 18 19 25 25 32 32 40 48 48 53
 1 1 1 1 1 1 1 1 1 1 1 1 1 2 2 2 2 2 2 3 3 3 4 4 12 12 14 18 18 12 17 17 13 13 15 16 16 18 29 29 32 32 37 45 45 51
 1 1 1 1 1 1 1 1 1 1 1 1 1 2 2 2 2 2 2 3 3 3 4 4 12 12 14 18 18 12 17 17 13 13 15 16 16 18 29 29 32 32 37 45 45 51
 1 1 1 1 1 1 1 1 1 1 1 1 1 1 2 2 2 2 2 4 4 4 5 5 16 16 21 21 21 17 18 18 14 14 15 16 16 19 22 22 24 24 36 54 54 65
 1 1 1 1 1 1 1 1 1 1 1 1 1 1 1 1 2 2 2 4 4 3 4 4 15 15 16 21 21 25 19 19 17 17 15 17 17 20 22 22 28 28 35 72 72 105
 1 1 1 1 1 1 1 1 1 1 1 1 1 1 1 1 2 2 2 4 4 3 4 4 15 15 16 21 21 25 19 19 17 17 15 17 17 20 22 22 28 28 35 72 72 105
 0 0 1 2 2 1 1 1 1 1 1 1 1 1 2 2 2 2 3 3 3 4 4 4 4 4 6 20 20 20 21 21 19 19 19 19 19 21 23 23 25 25 34 73 73 55
 0 0 0 2 2 2 1 1 1 1 1 1 1 1 1 1 2 2 2 3 3 4 4 4 5 5 6 11 11 17 16 16 22 22 24 21 21 21 23 23 27 27 39 46 46 82
 0 0 0 2 2 2 1 1 1 1 1 1 1 1 1 1 2 2 2 3 3 4 4 4 5 5 6 11 11 17 16 16 22 22 24 21 21 21 23 23 27 27 39 46 46 82
 0 0 1 1 1 1 1 1 1 1 1 1 1 1 1 1 2 2 2 2 2 4 4 4 4 4 6 11 11 17 16 16 16 16 26 29 29 26 23 23 31 31 33 42 42 58
 0 0 1 1 1 1 1 1 1 1 1 1 1 1 1 1 2 2 2 2 2 4 4 4 4 4 6 11 11 17 16 16 16 16 26 29 29 26 23 23 31 31 33 42 42 58
 0 0 0 1 1 1 1 1 1 1 1 1 1 1 1 1 2 2 2 3 3 4 4 4 4 4 7 7 7 13 18 18 16 16 29 31 31 26 31 31 31 31 30 40 40 52
 0 0 0 1 1 1 1 1 1 1 1 1 1 1 1 1 2 2 2 2 2 3 4 4 4 4 5 5 5 8 9 9 19 19 24 23 23 29 29 29 34 34 32 36 36 50
 0 0 0 1 1 1 1 1 1 1 1 1 1 1 1 1 2 2 2 2 2 3 4 4 4 4 5 5 5 8 9 9 19 19 24 23 23 29 29 29 34 34 32 36 36 50
 1 1 1 1 1 1 1 1 1 1 1 1 1 1 1 1 1 1 2 2 2 2 3 3 3 3 5 5 5 8 8 8 19 19 11 19 19 23 33 33 31 31 32 31 31 29
 1 1 1 1 1 1 1 1 1 1 1 1 1 2 2 2 2 2 3 3 3 2 3 3 3 3 7 7 7 12 12 12 13 13 13 18 18 19 20 20 21 21 28 26 26 23
