assets/RAT_results_old/precipitation/2021-11-15_IMERG.asc
ncols        46
nrows        77
xllcorner    74.800261325624
yllcorner    8.058333333333
cellsize     0.062500000000
NODATA_value -9999
 3 3 3 1 1 2 2 2 3 3 5 6 6 7 7 7 7 7 8 13 13 11 16 16 34 34 33 14 14 14 41 41 47 47 47 52 52 15 16 16 9 9 11 11 11 20
 3 3 4 2 2 4 2 2 2 2 3 4 4 6 5 5 6 6 5 10 10 5 9 9 9 9 10 13 13 12 39 39 23 23 33 38 38 21 19 19 14 14 9 6 6 3
 3 3 4 2 2 4 2 2 2 2 3 4 4 6 5 5 6 6 5 10 10 5 9 9 9 9 10 13 13 12 39 39 23 23 33 38 38 21 19 19 14 14 9 6 6 3
 8 8 6 6 6 4 2 2 2 2 2 2 2 3 4 4 4 4 3 3 3 4 9 9 9 9 6 9 9 8 21 21 22 22 37 20 20 20 13 13 13 13 9 9 9 4
 14 14 16 5 5 4 3 3 1 1 1 2 2 1 2 2 1 1 1 2 2 3 3 3 3 3 5 3 3 2 7 7 8 8 27 19 19 22 16 16 20 20 15 13 13 12
 14 14 16 5 5 4 3 3 1 1 1 2 2 1 2 2 1 1 1 2 2 3 3 3 3 3 5 3 3 2 7 7 8 8 27 19 19 22 16 16 20 20 15 13 13 12
 20 20 14 15 15 10 8 8 7 7 3 2 2 2 2 2 2 2 1 2 2 9 6 6 2 2 2 2 2 2 7 7 8 8 11 13 13 17 15 15 28 28 23 14 14 11
 20 20 14 15 15 10 8 8 7 7 3 2 2 2 2 2 2 2 1 2 2 9 6 6 2 2 2 2 2 2 7 7 8 8 11 13 13 17 15 15 28 28 23 14 14 11
 27 27 16 21 21 15 10 10 9 9 4 3 3 3 2 2 2 2 1 3 3 2 2 2 2 2 2 3 3 3 2 2 7 7 21 34 34 32 18 18 24 24 17 15 15 34
 26 26 20 26 26 22 15 15 13 13 17 7 7 5 3 3 3 3 2 2 2 1 1 1 3 3 5 4 4 4 6 6 10 10 20 24 24 33 17 17 17 17 13 22 22 20
 26 26 20 26 26 22 15 15 13 13 17 7 7 5 3 3 3 3 2 2 2 1 1 1 3 3 5 4 4 4 6 6 10 10 20 24 24 33 17 17 17 17 13 22 22 20
 67 67 66 30 30 37 29 29 15 15 17 8 8 6 3 3 2 2 2 3 3 2 3 3 4 4 5 5 5 4 8 8 16 16 20 20 20 12 7 7 11 11 13 23 23 24
 78 78 73 38 38 47 39 39 29 29 18 16 16 15 6 6 4 4 2 5 5 4 4 4 5 5 6 6 6 6 11 11 16 16 17 18 18 11 17 17 11 11 13 19 19 20
 78 78 73 38 38 47 39 39 29 29 18 16 16 15 6 6 4 4 2 5 5 4 4 4 5 5 6 6 6 6 11 11 16 16 17 18 18 11 17 17 11 11 13 19 19 20
 76 76 45 40 40 43 50 50 37 37 19 19 19 12 7 7 6 6 3 3 3 4 3 3 4 4 6 5 5 9 15 15 14 14 14 15 15 11 14 14 10 10 9 8 8 18
 76 76 45 40 40 43 50 50 37 37 19 19 19 12 7 7 6 6 3 3 3 4 3 3 4 4 6 5 5 9 15 15 14 14 14 15 15 11 14 14 10 10 9 8 8 18
 58 58 72 78 78 49 48 48 41 41 24 18 18 18 12 12 5 5 5 3 3 3 2 2 3 3 4 4 4 8 4 4 11 11 8 6 6 2 12 12 8 8 8 6 6 9
 59 59 76 79 79 56 48 48 39 39 23 14 14 16 15 15 10 10 5 5 5 3 3 3 2 2 2 3 3 2 3 3 3 3 4 1 1 1 2 2 4 4 5 6 6 6
 59 59 76 79 79 56 48 48 39 39 23 14 14 16 15 15 10 10 5 5 5 3 3 3 2 2 2 3 3 2 3 3 3 3 4 1 1 1 2 2 4 4 5 6 6 6
 48 48 55 65 65 84 62 62 47 47 32 18 18 19 17 17 11 11 11 3 3 4 3 3 2 2 2 4 4 2 2 2 4 4 3 1 1 1 2 2 2 2 3 3 3 4
 38 38 42 42 42 69 48 48 44 44 39 29 29 24 15 15 21 21 21 8 8 4 4 4 5 5 3 3 3 2 2 2 3 3 4 1 1 1 2 2 2 2 3 3 3 3
 38 38 42 42 42 69 48 48 44 44 39 29 29 24 15 15 21 21 21 8 8 4 4 4 5 5 3 3 3 2 2 2 3 3 4 1 1 1 2 2 2 2 3 3 3 3
 26 26 31 31 31 36 29 29 29 29 44 42 42 31 21 21 26 26 22 12 12 8 4 4 6 6 4 3 3 2 3 3 4 4 4 1 1 1 2 2 2 2 2 3 3 3
 26 26 31 31 31 36 29 29 29 29 44 42 42 31 21 21 26 26 22 12 12 8 4 4 6 6 4 3 3 2 3 3 4 4 4 1 1 1 2 2 2 2 2 3 3 3
 19 19 19 28 28 27 34 34 32 32 42 42 42 36 24 24 30 30 16 15 15 14 6 6 5 5 3 1 1 1 2 2 2 2 0 1 1 2 1 1 2 2 2 2 2 2
 18 18 17 25 25 26 26 26 40 40 51 43 43 37 34 34 36 36 18 19 19 14 7 7 6 6 3 0 0 0 0 0 0 0 0 0 0 1 1 1 1 1 1 2 2 2
 18 18 17 25 25 26 26 26 40 40 51 43 43 37 34 34 36 36 18 19 19 14 7 7 6 6 3 0 0 0 0 0 0 0 0 0 0 1 1 1 1 1 1 2 2 2
 17 17 22 27 27 26 29 29 30 30 32 66 66 43 51 51 39 39 20 22 22 12 11 11 6 6 5 2 2 1 0 0 0 0 0 0 0 0 0 0 1 1 1 1 1 1
 19 19 20 20 20 23 41 41 42 42 64 106 106 84 81 81 39 39 21 24 24 12 10 10 12 12 6 2 2 1 1 1 0 0 0 0 0 0 0 0 1 1 0 0 0 1
 19 19 20 20 20 23 41 41 42 42 64 106 106 84 81 81 39 39 21 24 24 12 10 10 12 12 6 2 2 1 1 1 0 0 0 0 0 0 0 0 1 1 0 0 0 1
 21 21 27 31 31 40 41 41 40 40 64 37 37 63 33 33 25 25 20 21 21 11 7 7 10 10 6 1 1 0 1 1 0 0 0 0 0 0 0 0 0 0 1 1 1 1
 21 21 27 31 31 40 41 41 40 40 64 37 37 63 33 33 25 25 20 21 21 11 7 7 10 10 6 1 1 0 1 1 0 0 0 0 0 0 0 0 0 0 1 1 1 1
 20 20 27 34 34 35 45 45 44 44 33 33 33 20 24 24 24 24 18 18 18 5 8 8 5 5 11 8 8 7 6 6 0 0 0 0 0 1 1 1 1 1 2 2 2 2
 26 26 33 37 37 39 61 61 33 33 24 17 17 24 25 25 19 19 17 14 14 14 6 6 11 11 10 8 8 5 7 7 0 0 0 1 1 1 1 1 2 2 3 6 6 8
 26 26 33 37 37 39 61 61 33 33 24 17 17 24 25 25 19 19 17 14 14 14 6 6 11 11 10 8 8 5 7 7 0 0 0 1 1 1 1 1 2 2 3 6 6 8
 25 25 31 34 34 38 44 44 41 41 32 19 19 21 22 22 23 23 21 14 14 15 8 8 5 5 3 4 4 5 7 7 1 1 1 1 1 1 1 1 2 2 5 9 9 20
 26 26 32 33 33 32 16 16 24 24 28 18 18 19 15 15 17 17 16 16 16 16 13 13 5 5 3 1 1 4 4 4 2 2 1 1 1 1 1 1 2 2 4 9 9 18
 26 26 32 33 33 32 16 16 24 24 28 18 18 19 15 15 17 17 16 16 16 16 13 13 5 5 3 1 1 4 4 4 2 2 1 1 1 1 1 1 2 2 4 9 9 18
 16 16 19 18 18 18 27 27 25 25 25 11 11 9 12 12 11 11 13 11 11 16 12 12 9 9 2 2 2 1 4 4 2 2 2 2 2 1 2 2 3 3 4 12 12 14
 16 16 19 18 18 18 27 27 25 25 25 11 11 9 12 12 11 11 13 11 11 16 12 12 9 9 2 2 2 1 4 4 2 2 2 2 2 1 2 2 3 3 4 12 12 14
 14 14 12 9 9 8 4 4 5 5 7 6 6 16 16 16 15 15 14 16 16 21 16 16 15 15 6 3 3 4 4 4 4 4 2 2 2 2 2 2 3 3 6 9 9 13
 16 16 5 7 7 7 11 11 11 11 13 13 13 12 12 12 15 15 17 31 31 41 32 32 8 8 4 4 4 6 6 6 6 6 3 3 3 2 2 2 4 4 7 8 8 7
 16 16 5 7 7 7 11 11 11 11 13 13 13 12 12 12 15 15 17 31 31 41 32 32 8 8 4 4 4 6 6 6 6 6 3 3 3 2 2 2 4 4 7 8 8 7
 15 15 7 8 8 8 13 13 17 17 16 7 7 7 4 4 22 22 27 38 38 41 29 29 6 6 4 4 4 4 4 4 5 5 3 3 3 2 2 2 2 2 5 5 5 5
 20 20 13 13 13 13 16 16 17 17 17 5 5 7 5 5 16 16 17 36 36 61 20 20 12 12 3 3 3 5 4 4 4 4 4 3 3 3 3 3 2 2 3 4 4 5
 20 20 13 13 13 13 16 16 17 17 17 5 5 7 5 5 16 16 17 36 36 61 20 20 12 12 3 3 3 5 4 4 4 4 4 3 3 3 3 3 2 2 3 4 4 5
 13 13 14 13 13 3 4 4 3 3 3 3 3 4 8 8 10 10 19 54 54 35 34 34 17 17 16 13 13 9 6 6 5 5 5 4 4 4 3 3 3 3 3 5 5 6
 13 13 14 13 13 3 4 4 3 3 3 3 3 4 8 8 10 10 19 54 54 35 34 34 17 17 16 13 13 9 6 6 5 5 5 4 4 4 3 3 3 3 3 5 5 6
 11 11 13 13 13 4 3 3 3 3 3 3 3 5 6 6 6 6 8 49 49 36 26 26 22 22 20 23 23 12 14 14 12 12 10 4 4 4 4 4 4 4 4 5 5 8
 10 10 3 5 5 5 3 3 3 3 5 5 5 7 15 15 13 13 14 17 17 32 38 38 31 31 27 18 18 13 14 14 15 15 9 3 3 3 4 4 4 4 6 6 6 10
 10 10 3 5 5 5 3 3 3 3 5 5 5 7 15 15 13 13 14 17 17 32 38 38 31 31 27 18 18 13 14 14 15 15 9 3 3 3 4 4 4 4 6 6 6 10
 2 2 2 3 3 5 3 3 6 6 6 4 4 6 10 10 13 13 14 17 17 30 24 24 28 28 17 16 16 17 18 18 14 14 10 5 5 4 4 4 4 4 6 9 9 11
 1 1 1 3 3 5 10 10 8 8 6 5 5 5 6 6 5 5 12 14 14 26 24 24 29 29 20 16 16 7 7 7 7 7 5 5 5 5 4 4 5 5 4 10 10 8
 1 1 1 3 3 5 10 10 8 8 6 5 5 5 6 6 5 5 12 14 14 26 24 24 29 29 20 16 16 7 7 7 7 7 5 5 5 5 4 4 5 5 4 10 10 8
 2 2 2 3 3 6 7 7 7 7 5 5 5 5 9 9 10 10 10 22 22 25 23 23 21 21 20 14 14 8 8 8 9 9 6 6 6 7 8 8 5 5 4 5 5 5
 2 2 2 3 3 6 7 7 7 7 5 5 5 5 9 9 10 10 10 22 22 25 23 23 21 21 20 14 14 8 8 8 9 9 6 6 6 7 8 8 5 5 4 5 5 5
 3 3 4 5 5 7 7 7 7 7 5 4 4 4 7 7 9 9 17 27 27 29 24 24 29 29 36 23 23 17 7 7 9 9 10 8 8 9 12 12 12 12 4 4 4 4
 4 4 3 4 4 7 5 5 4 4 4 4 4 4 4 4 5 5 11 15 15 23 36 36 40 40 37 25 25 17 10 10 3 3 6 5 5 4 5 5 5 5 3 3 3 3
 4 4 3 4 4 7 5 5 4 4 4 4 4 4 4 4 5 5 11 15 15 23 36 36 40 40 37 25 25 17 10 10 3 3 6 5 5 4 5 5 5 5 3 3 3 3
 4 4 5 6 6 8 4 4 3 3 3 3 3 5 5 5 8 8 11 13 13 21 34 34 21 21 31 25 25 19 13 13 7 7 5 4 4 10 6 6 4 4 1 2 2 2
 3 3 5 5 5 6 7 7 6 6 4 4 4 5 6 6 10 10 11 24 24 23 24 24 20 20 29 25 25 18 10 10 11 11 9 5 5 10 2 2 2 2 2 2 2 3
 3 3 5 5 5 6 7 7 6 6 4 4 4 5 6 6 10 10 11 24 24 23 24 24 20 20 29 25 25 18 10 10 11 11 9 5 5 10 2 2 2 2 2 2 2 3
 2 2 3 4 4 5 5 5 5 5 6 8 8 9 9 9 12 12 12 21 21 24 22 22 21 21 29 26 26 18 15 15 15 15 19 13 13 5 3 3 2 2 2 2 2 2
 2 2 3 4 4 5 5 5 5 5 6 8 8 9 9 9 12 12 12 21 21 24 22 22 21 21 29 26 26 18 15 15 15 15 19 13 13 5 3 3 2 2 2 2 2 2
 3 3 3 4 4 8 7 7 5 5 7 7 7 7 12 12 13 13 16 19 19 18 21 21 16 16 17 14 14 19 18 18 14 14 8 7 7 4 4 4 3 3 2 1 1 1
 2 2 2 4 4 6 8 8 7 7 4 4 4 5 9 9 9 9 13 15 15 14 11 11 5 5 9 12 12 11 14 14 14 14 9 12 12 5 6 6 2 2 1 1 1 0
 2 2 2 4 4 6 8 8 7 7 4 4 4 5 9 9 9 9 13 15 15 14 11 11 5 5 9 12 12 11 14 14 14 14 9 12 12 5 6 6 2 2 1 1 1 0
 2 2 3 4 4 4 5 5 5 5 2 2 2 3 3 3 6 6 9 14 14 13 14 14 5 5 5 5 5 8 12 12 11 11 5 5 5 6 5 5 5 5 1 1 1 1
 2 2 2 3 3 3 5 5 4 4 2 2 2 2 2 2 3 3 2 5 5 15 14 14 4 4 5 5 5 5 8 8 12 12 9 5 5 5 2 2 2 2 2 2 2 1
 2 2 2 3 3 3 5 5 4 4 2 2 2 2 2 2 3 3 2 5 5 15 14 14 4 4 5 5 5 5 8 8 12 12 9 5 5 5 2 2 2 2 2 2 2 1
 2 2 1 2 2 3 2 2 3 3 2 5 5 6 6 6 4 4 5 11 11 12 5 5 5 5 4 4 4 4 12 12 10 10 12 6 6 4 4 4 4 4 3 2 2 1
 2 2 1 2 2 3 2 2 3 3 2 5 5 6 6 6 4 4 5 11 11 12 5 5 5 5 4 4 4 4 12 12 10 10 12 6 6 4 4 4 4 4 3 2 2 1
 1 1 2 2 2 2 1 1 2 2 2 2 2 2 3 3 4 4 7 11 11 14 16 16 17 17 13 4 4 8 12 12 12 12 11 6 6 6 3 3 2 2 2 1 1 1
 2 2 2 3 3 2 2 2 1 1 2 1 1 2 2 2 5 5 4 5 5 6 7 7 9 9 10 10 10 16 10 10 7 7 8 5 5 6 5 5 4 4 2 1 1 0
 2 2 2 3 3 2 2 2 1 1 2 1 1 2 2 2 5 5 4 5 5 6 7 7 9 9 10 10 10 16 10 10 7 7 8 5 5 6 5 5 4 4 2 1 1 0
 2 2 2 2 2 2 2 2 2 2 2 3 3 3 3 3 4 4 4 7 7 6 6 6 8 8 10 9 9 18 12 12 7 7 25 9 9 5 6 6 4 4 2 1 1 1
 1 1 1 1 1 2 2 2 2 2 3 2 2 3 2 2 3 3 3 4 4 5 6 6 7 7 9 9 9 17 16 16 27 27 21 8 8 7 11 11 4 4 5 1 1 2
