assets/RAT_results_old/precipitation/2021-11-24_IMERG.asc
ncols        46
nrows        77
xllcorner    74.800261325624
yllcorner    8.058333333333
cellsize     0.062500000000
NODATA_value -9999
 10 10 14 16 16 15 14 14 12 12 7 7 7 1 1 1 1 1 2 2 2 2 2 2 2 2 3 3 3 2 1 1 1 1 1 1 1 1 0 0 2 2 2 2 2 1
 12 12 13 14 14 16 15 15 14 14 7 1 1 1 1 1 1 1 2 2 2 3 3 3 2 2 2 1 1 1 1 1 1 1 1 1 1 0 0 0 0 0 1 1 1 1
 12 12 13 14 14 16 15 15 14 14 7 1 1 1 1 1 1 1 2 2 2 3 3 3 2 2 2 1 1 1 1 1 1 1 1 1 1 0 0 0 0 0 1 1 1 1
 10 10 13 11 11 11 10 10 7 7 2 0 0 0 0 0 1 1 2 2 2 3 3 3 3 3 2 1 1 1 1 1 1 1 1 1 1 0 0 0 0 0 0 1 1 1
 10 10 6 7 7 7 4 4 1 1 0 1 1 0 0 0 0 0 1 1 1 2 2 2 2 2 2 1 1 1 1 1 1 1 1 0 0 0 0 0 0 0 0 1 1 0
 10 10 6 7 7 7 4 4 1 1 0 1 1 0 0 0 0 0 1 1 1 2 2 2 2 2 2 1 1 1 1 1 1 1 1 0 0 0 0 0 0 0 0 1 1 0
 1 1 1 2 2 1 0 0 3 3 0 0 0 0 0 0 0 0 1 1 1 1 1 1 2 2 2 2 2 1 0 0 0 0 1 1 1 1 0 0 0 0 0 1 1 0
 1 1 1 2 2 1 0 0 3 3 0 0 0 0 0 0 0 0 1 1 1 1 1 1 2 2 2 2 2 1 0 0 0 0 1 1 1 1 0 0 0 0 0 1 1 0
 0 0 0 0 0 1 3 3 3 3 1 0 0 0 0 0 0 0 0 1 1 1 1 1 1 1 2 2 2 2 1 1 0 0 0 1 1 1 0 0 0 0 0 0 0 0
 0 0 0 0 0 0 4 4 6 6 1 1 1 0 0 0 0 0 0 1 1 1 1 1 1 1 1 2 2 3 1 1 1 1 0 0 0 0 0 0 0 0 0 0 0 0
 0 0 0 0 0 0 4 4 6 6 1 1 1 0 0 0 0 0 0 1 1 1 1 1 1 1 1 2 2 3 1 1 1 1 0 0 0 0 0 0 0 0 0 0 0 0
 0 0 0 0 0 1 7 7 5 5 2 2 2 0 0 0 0 0 0 0 0 0 1 1 1 1 1 1 1 1 1 1 1 1 1 0 0 0 0 0 0 0 1 0 0 1
 0 0 0 0 0 0 2 2 2 2 0 0 0 0 0 0 0 0 0 0 0 0 1 1 0 0 0 1 1 1 0 0 0 0 1 0 0 0 1 1 1 1 1 0 0 1
 0 0 0 0 0 0 2 2 2 2 0 0 0 0 0 0 0 0 0 0 0 0 1 1 0 0 0 1 1 1 0 0 0 0 1 0 0 0 1 1 1 1 1 0 0 1
 0 0 0 1 1 1 0 0 1 1 1 0 0 1 1 1 0 0 0 0 0 0 0 0 0 0 0 0 0 0 0 0 0 0 0 0 0 0 1 1 2 2 2 1 1 1
 0 0 0 1 1 1 0 0 1 1 1 0 0 1 1 1 0 0 0 0 0 0 0 0 0 0 0 0 0 0 0 0 0 0 0 0 0 0 1 1 2 2 2 1 1 1
 0 0 0 0 0 1 0 0 0 0 0 0 0 1 1 1 1 1 0 0 0 0 0 0 0 0 0 0 0 1 1 1 0 0 0 0 0 1 1 1 1 1 3 3 3 1
 0 0 0 0 0 0 0 0 0 0 0 0 0 0 2 2 1 1 0 0 0 0 0 0 0 0 0 0 0 1 0 0 0 0 0 0 0 1 1 1 2 2 2 1 1 0
 0 0 0 0 0 0 0 0 0 0 0 0 0 0 2 2 1 1 0 0 0 0 0 0 0 0 0 0 0 1 0 0 0 0 0 0 0 1 1 1 2 2 2 1 1 0
 0 0 0 0 0 0 0 0 0 0 0 0 0 5 2 2 3 3 1 5 5 6 0 0 0 0 0 0 0 0 0 0 0 0 0 0 0 0 0 0 1 1 1 0 0 0
 0 0 0 0 0 0 0 0 0 0 0 1 1 5 4 4 3 3 2 2 2 4 2 2 1 1 0 0 0 0 0 0 0 0 0 0 0 0 0 0 0 0 0 0 0 0
 0 0 0 0 0 0 0 0 0 0 0 1 1 5 4 4 3 3 2 2 2 4 2 2 1 1 0 0 0 0 0 0 0 0 0 0 0 0 0 0 0 0 0 0 0 0
 2 2 1 0 0 0 0 0 0 0 0 2 2 3 1 1 1 1 1 1 1 2 2 2 1 1 0 0 0 0 0 0 0 0 0 0 0 0 0 0 0 0 0 0 0 1
 2 2 1 0 0 0 0 0 0 0 0 2 2 3 1 1 1 1 1 1 1 2 2 2 1 1 0 0 0 0 0 0 0 0 0 0 0 0 0 0 0 0 0 0 0 1
 2 2 1 1 1 0 0 0 0 0 0 1 1 4 3 3 1 1 0 1 1 1 1 1 0 0 0 0 0 1 0 0 0 0 0 0 0 0 0 0 0 0 0 0 0 0
 1 1 1 1 1 0 0 0 0 0 0 1 1 1 2 2 0 0 0 1 1 1 0 0 2 2 0 0 0 1 0 0 0 0 0 0 0 0 0 0 0 0 0 0 0 0
 1 1 1 1 1 0 0 0 0 0 0 1 1 1 2 2 0 0 0 1 1 1 0 0 2 2 0 0 0 1 0 0 0 0 0 0 0 0 0 0 0 0 0 0 0 0
 1 1 1 0 0 0 0 0 0 0 0 0 0 1 1 1 0 0 0 0 0 0 0 0 0 0 0 1 1 0 0 0 0 0 0 0 0 0 1 1 1 1 0 0 0 0
 2 2 2 0 0 0 0 0 0 0 0 0 0 1 1 1 1 1 0 0 0 0 1 1 1 1 0 0 0 0 0 0 0 0 0 0 0 0 1 1 1 1 1 0 0 1
 2 2 2 0 0 0 0 0 0 0 0 0 0 1 1 1 1 1 0 0 0 0 1 1 1 1 0 0 0 0 0 0 0 0 0 0 0 0 1 1 1 1 1 0 0 1
 1 1 2 0 0 0 0 0 0 0 0 0 0 0 1 1 1 1 0 0 0 1 2 2 1 1 1 1 1 0 0 0 0 0 0 0 0 0 0 0 1 1 1 1 1 1
 1 1 2 0 0 0 0 0 0 0 0 0 0 0 1 1 1 1 0 0 0 1 2 2 1 1 1 1 1 0 0 0 0 0 0 0 0 0 0 0 1 1 1 1 1 1
 0 0 1 0 0 0 0 0 0 0 0 1 1 0 1 1 2 2 0 1 1 1 1 1 1 1 1 1 1 1 0 0 0 0 0 0 0 0 1 1 1 1 1 1 1 1
 0 0 1 1 1 1 0 0 0 0 0 1 1 1 1 1 2 2 2 1 1 1 1 1 0 0 1 1 1 1 1 1 0 0 0 0 0 0 0 0 1 1 1 1 1 1
 0 0 1 1 1 1 0 0 0 0 0 1 1 1 1 1 2 2 2 1 1 1 1 1 0 0 1 1 1 1 1 1 0 0 0 0 0 0 0 0 1 1 1 1 1 1
 0 0 0 0 0 1 0 0 0 0 0 0 0 0 1 1 2 2 2 1 1 1 0 0 0 0 1 1 1 2 2 2 1 1 0 0 0 0 0 0 1 1 2 1 1 2
 0 0 0 0 0 0 0 0 0 0 0 0 0 1 1 1 3 3 3 2 2 1 1 1 0 0 1 2 2 2 2 2 2 2 1 1 1 1 1 1 1 1 2 2 2 2
 0 0 0 0 0 0 0 0 0 0 0 0 0 1 1 1 3 3 3 2 2 1 1 1 0 0 1 2 2 2 2 2 2 2 1 1 1 1 1 1 1 1 2 2 2 2
 0 0 0 0 0 0 0 0 0 0 0 0 0 0 1 1 3 3 4 3 3 4 2 2 1 1 1 1 1 2 2 2 2 2 2 2 2 2 2 2 2 2 2 2 2 2
 0 0 0 0 0 0 0 0 0 0 0 0 0 0 1 1 3 3 4 3 3 4 2 2 1 1 1 1 1 2 2 2 2 2 2 2 2 2 2 2 2 2 2 2 2 2
 0 0 0 0 0 0 0 0 0 0 0 0 0 0 0 0 0 0 3 4 4 7 5 5 3 3 2 1 1 2 2 2 3 3 3 3 3 3 3 3 3 3 3 2 2 3
 0 0 0 0 0 0 0 0 1 1 1 0 0 0 0 0 0 0 3 5 5 8 8 8 6 6 2 1 1 2 2 2 2 2 3 5 5 5 5 5 5 5 4 4 4 3
 0 0 0 0 0 0 0 0 1 1 1 0 0 0 0 0 0 0 3 5 5 8 8 8 6 6 2 1 1 2 2 2 2 2 3 5 5 5 5 5 5 5 4 4 4 3
 0 0 0 0 0 0 1 1 2 2 2 1 1 1 1 1 3 3 5 5 5 5 5 5 5 5 3 2 2 2 2 2 2 2 2 5 5 6 6 6 7 7 5 4 4 2
 0 0 0 0 0 0 0 0 1 1 3 2 2 3 1 1 3 3 3 6 6 5 7 7 5 5 5 4 4 3 2 2 2 2 3 4 4 4 6 6 6 6 3 2 2 2
 0 0 0 0 0 0 0 0 1 1 3 2 2 3 1 1 3 3 3 6 6 5 7 7 5 5 5 4 4 3 2 2 2 2 3 4 4 4 6 6 6 6 3 2 2 2
 0 0 0 1 1 1 0 0 1 1 4 3 3 6 5 5 3 3 3 4 4 9 6 6 6 6 3 2 2 4 4 4 3 3 3 4 4 4 5 5 5 5 3 2 2 2
 0 0 0 1 1 1 0 0 1 1 4 3 3 6 5 5 3 3 3 4 4 9 6 6 6 6 3 2 2 4 4 4 3 3 3 4 4 4 5 5 5 5 3 2 2 2
 0 0 0 2 2 1 2 2 2 2 3 3 3 5 5 5 3 3 5 6 6 10 7 7 7 7 5 3 3 3 3 3 3 3 4 5 5 5 5 5 5 5 3 2 2 3
 0 0 0 2 2 3 3 3 4 4 1 1 1 1 4 4 3 3 5 8 8 8 7 7 6 6 4 3 3 2 3 3 3 3 3 6 6 8 6 6 5 5 4 3 3 4
 0 0 0 2 2 3 3 3 4 4 1 1 1 1 4 4 3 3 5 8 8 8 7 7 6 6 4 3 3 2 3 3 3 3 3 6 6 8 6 6 5 5 4 3 3 4
 0 0 0 1 1 3 3 3 3 3 2 2 2 0 2 2 2 2 2 7 7 8 9 9 5 5 4 3 3 2 2 2 4 4 5 7 7 8 8 8 7 7 7 6 6 6
 0 0 1 0 0 4 4 4 5 5 4 4 4 0 2 2 1 1 1 2 2 4 9 9 11 11 5 4 4 3 2 2 4 4 5 8 8 10 10 10 9 9 8 8 8 10
 0 0 1 0 0 4 4 4 5 5 4 4 4 0 2 2 1 1 1 2 2 4 9 9 11 11 5 4 4 3 2 2 4 4 5 8 8 10 10 10 9 9 8 8 8 10
 1 1 0 0 0 3 5 5 8 8 8 5 5 0 1 1 1 1 1 3 3 12 12 12 14 14 7 5 5 5 4 4 5 5 6 10 10 12 13 13 10 10 9 8 8 11
 1 1 0 0 0 3 5 5 8 8 8 5 5 0 1 1 1 1 1 3 3 12 12 12 14 14 7 5 5 5 4 4 5 5 6 10 10 12 13 13 10 10 9 8 8 11
 2 2 1 0 0 3 5 5 13 13 6 2 2 3 2 2 1 1 1 5 5 11 6 6 9 9 6 5 5 6 6 6 6 6 8 9 9 12 12 12 11 11 10 9 9 10
 3 3 2 1 1 2 3 3 13 13 5 3 3 3 1 1 1 1 1 1 1 2 5 5 8 8 9 7 7 8 8 8 8 8 9 10 10 11 12 12 13 13 11 9 9 10
 3 3 2 1 1 2 3 3 13 13 5 3 3 3 1 1 1 1 1 1 1 2 5 5 8 8 9 7 7 8 8 8 8 8 9 10 10 11 12 12 13 13 11 9 9 10
 12 12 6 3 3 3 2 2 5 5 5 4 4 4 1 1 1 1 1 1 1 2 4 4 11 11 17 11 11 11 10 10 8 8 9 10 10 11 14 14 13 13 12 11 11 11
 11 11 13 10 10 6 6 6 7 7 6 4 4 5 3 3 1 1 1 1 1 2 4 4 12 12 14 11 11 9 10 10 8 8 10 11 11 13 16 16 14 14 15 13 13 12
 11 11 13 10 10 6 6 6 7 7 6 4 4 5 3 3 1 1 1 1 1 2 4 4 12 12 14 11 11 9 10 10 8 8 10 11 11 13 16 16 14 14 15 13 13 12
 15 15 23 12 12 8 9 9 9 9 10 9 9 7 5 5 4 4 2 3 3 3 4 4 10 10 13 10 10 9 12 12 9 9 11 14 14 16 18 18 17 17 20 23 23 19
 15 15 23 12 12 8 9 9 9 9 10 9 9 7 5 5 4 4 2 3 3 3 4 4 10 10 13 10 10 9 12 12 9 9 11 14 14 16 18 18 17 17 20 23 23 19
 18 18 18 17 17 12 12 12 18 18 17 12 12 8 7 7 6 6 4 4 4 5 4 4 4 4 8 11 11 12 14 14 11 11 10 15 15 19 19 19 20 20 23 27 27 25
 23 23 20 23 23 17 19 19 25 25 16 13 13 8 9 9 7 7 3 3 3 3 6 6 6 6 7 11 11 14 16 16 13 13 11 13 13 20 18 18 18 18 19 22 22 26
 23 23 20 23 23 17 19 19 25 25 16 13 13 8 9 9 7 7 3 3 3 3 6 6 6 6 7 11 11 14 16 16 13 13 11 13 13 20 18 18 18 18 19 22 22 26
 24 24 31 68 68 61 39 39 43 43 15 14 14 9 9 9 5 5 3 2 2 3 7 7 7 7 7 12 12 13 15 15 16 16 12 15 15 21 18 18 19 19 21 22 22 26
 23 23 24 39 39 67 40 40 40 40 18 16 16 9 8 8 6 6 5 3 3 3 7 7 6 6 8 10 10 11 11 11 17 17 15 14 14 17 18 18 18 18 19 20 20 23
 23 23 24 39 39 67 40 40 40 40 18 16 16 9 8 8 6 6 5 3 3 3 7 7 6 6 8 10 10 11 11 11 17 17 15 14 14 17 18 18 18 18 19 20 20 23
 24 24 24 41 41 40 25 25 59 59 53 58 58 10 8 8 5 5 5 4 4 5 9 9 9 9 8 6 6 11 12 12 16 16 21 22 22 20 20 20 18 18 19 17 17 17
 24 24 24 41 41 40 25 25 59 59 53 58 58 10 8 8 5 5 5 4 4 5 9 9 9 9 8 6 6 11 12 12 16 16 21 22 22 20 20 20 18 18 19 17 17 17
 20 20 21 22 22 33 21 21 58 58 55 59 59 6 3 3 5 5 5 5 5 5 7 7 7 7 12 9 9 6 8 8 18 18 22 25 25 23 25 25 22 22 20 21 21 18
 19 19 22 19 19 24 15 15 62 62 24 20 20 7 3 3 6 6 5 7 7 8 11 11 11 11 9 8 8 10 10 10 16 16 21 22 22 24 25 25 24 24 22 19 19 19
 19 19 22 19 19 24 15 15 62 62 24 20 20 7 3 3 6 6 5 7 7 8 11 11 11 11 9 8 8 10 10 10 16 16 21 22 22 24 25 25 24 24 22 19 19 19
 20 20 20 22 22 24 16 16 12 12 27 25 25 11 9 9 5 5 5 5 5 7 11 11 12 12 14 15 15 13 11 11 12 12 15 23 23 25 29 29 30 30 29 27 27 28
 18 18 23 24 24 25 28 28 16 16 18 16 16 13 8 8 5 5 5 7 7 8 10 10 14 14 18 18 18 20 11 11 11 11 13 22 22 25 32 32 30 30 38 29 29 23
