assets/RAT_results_old/precipitation/2021-09-05_IMERG.asc
ncols        46
nrows        77
xllcorner    74.800261325624
yllcorner    8.058333333333
cellsize     0.062500000000
NODATA_value -9999
 11 11 9 10 10 8 6 6 8 8 8 10 10 7 7 7 6 6 6 5 5 6 2 2 1 1 1 1 1 1 1 1 2 2 2 2 2 6 7 7 7 7 16 15 15 16
 11 11 10 8 8 7 6 6 7 7 6 12 12 8 10 10 10 10 13 10 10 8 3 3 2 2 1 1 1 1 2 2 3 3 4 5 5 5 11 11 14 14 18 24 24 25
 11 11 10 8 8 7 6 6 7 7 6 12 12 8 10 10 10 10 13 10 10 8 3 3 2 2 1 1 1 1 2 2 3 3 4 5 5 5 11 11 14 14 18 24 24 25
 9 9 10 5 5 6 5 5 5 5 5 8 8 6 11 11 14 14 18 12 12 8 7 7 3 3 3 2 2 1 2 2 4 4 3 4 4 6 10 10 12 12 20 31 31 31
 8 8 7 6 6 8 8 8 2 2 1 2 2 5 13 13 17 17 21 21 21 12 10 10 9 9 7 5 5 1 2 2 2 2 4 6 6 7 14 14 14 14 20 30 30 35
 8 8 7 6 6 8 8 8 2 2 1 2 2 5 13 13 17 17 21 21 21 12 10 10 9 9 7 5 5 1 2 2 2 2 4 6 6 7 14 14 14 14 20 30 30 35
 8 8 7 14 14 9 8 8 2 2 2 2 2 5 8 8 12 12 11 9 9 12 12 12 10 10 9 5 5 3 2 2 2 2 5 8 8 12 16 16 19 19 26 29 29 31
 8 8 7 14 14 9 8 8 2 2 2 2 2 5 8 8 12 12 11 9 9 12 12 12 10 10 9 5 5 3 2 2 2 2 5 8 8 12 16 16 19 19 26 29 29 31
 14 14 22 21 21 15 7 7 9 9 5 9 9 9 6 6 4 4 6 8 8 8 9 9 6 6 6 4 4 3 3 3 3 3 4 7 7 7 15 15 18 18 17 26 26 31
 16 16 45 42 42 22 16 16 13 13 22 5 5 8 4 4 4 4 4 4 4 2 3 3 2 2 3 3 3 3 3 3 4 4 8 7 7 6 6 6 14 14 6 11 11 14
 16 16 45 42 42 22 16 16 13 13 22 5 5 8 4 4 4 4 4 4 4 2 3 3 2 2 3 3 3 3 3 3 4 4 8 7 7 6 6 6 14 14 6 11 11 14
 16 16 23 19 19 15 20 20 22 22 24 9 9 6 2 2 4 4 5 4 4 4 2 2 2 2 3 2 2 2 4 4 6 6 4 12 12 9 8 8 8 8 7 5 5 4
 16 16 18 20 20 24 22 22 14 14 13 10 10 4 4 4 4 4 7 8 8 7 5 5 4 4 3 1 1 3 3 3 4 4 4 8 8 8 7 7 9 9 9 8 8 6
 16 16 18 20 20 24 22 22 14 14 13 10 10 4 4 4 4 4 7 8 8 7 5 5 4 4 3 1 1 3 3 3 4 4 4 8 8 8 7 7 9 9 9 8 8 6
 12 12 18 15 15 29 30 30 26 26 19 9 9 3 6 6 22 22 17 15 15 10 4 4 6 6 3 3 3 3 3 3 3 3 5 8 8 5 8 8 9 9 9 7 7 6
 12 12 18 15 15 29 30 30 26 26 19 9 9 3 6 6 22 22 17 15 15 10 4 4 6 6 3 3 3 3 3 3 3 3 5 8 8 5 8 8 9 9 9 7 7 6
 16 16 18 22 22 47 35 35 27 27 25 26 26 28 43 43 44 44 17 15 15 10 7 7 7 7 7 6 6 6 7 7 7 7 5 8 8 4 6 6 8 8 9 8 8 6
 24 24 25 28 28 40 46 46 47 47 32 36 36 32 39 39 40 40 25 17 17 16 10 10 7 7 8 7 7 6 9 9 5 5 5 3 3 2 2 2 9 9 8 6 6 7
 24 24 25 28 28 40 46 46 47 47 32 36 36 32 39 39 40 40 25 17 17 16 10 10 7 7 8 7 7 6 9 9 5 5 5 3 3 2 2 2 9 9 8 6 6 7
 30 30 32 26 26 24 37 37 46 46 50 55 55 43 40 40 20 20 20 14 14 19 11 11 8 8 7 5 5 4 6 6 4 4 4 3 3 3 4 4 7 7 11 11 11 10
 31 31 31 31 31 29 34 34 44 44 48 58 58 54 41 41 26 26 25 18 18 13 12 12 9 9 6 6 6 6 4 4 3 3 6 4 4 4 4 4 9 9 12 14 14 14
 31 31 31 31 31 29 34 34 44 44 48 58 58 54 41 41 26 26 25 18 18 13 12 12 9 9 6 6 6 6 4 4 3 3 6 4 4 4 4 4 9 9 12 14 14 14
 40 40 46 54 54 54 38 38 38 38 37 41 41 61 41 41 36 36 33 22 22 23 15 15 12 12 8 7 7 12 9 9 9 9 11 7 7 6 7 7 10 10 13 12 12 18
 40 40 46 54 54 54 38 38 38 38 37 41 41 61 41 41 36 36 33 22 22 23 15 15 12 12 8 7 7 12 9 9 9 9 11 7 7 6 7 7 10 10 13 12 12 18
 50 50 54 57 57 60 69 69 38 38 20 30 30 41 36 36 38 38 31 25 25 23 18 18 16 16 14 17 17 22 17 17 13 13 12 8 8 7 8 8 12 12 13 16 16 22
 54 54 42 47 47 74 75 75 50 50 20 26 26 29 32 32 32 32 28 23 23 26 32 32 30 30 25 35 35 22 22 22 12 12 12 7 7 8 7 7 6 6 12 16 16 16
 54 54 42 47 47 74 75 75 50 50 20 26 26 29 32 32 32 32 28 23 23 26 32 32 30 30 25 35 35 22 22 22 12 12 12 7 7 8 7 7 6 6 12 16 16 16
 54 54 47 51 51 53 52 52 37 37 10 11 11 23 24 24 29 29 33 20 20 23 30 30 30 30 29 35 35 34 36 36 23 23 15 8 8 5 5 5 5 5 10 8 8 12
 56 56 51 47 47 40 37 37 30 30 12 11 11 14 21 21 23 23 24 15 15 15 21 21 20 20 18 23 23 28 29 29 24 24 15 13 13 7 5 5 6 6 8 8 8 9
 56 56 51 47 47 40 37 37 30 30 12 11 11 14 21 21 23 23 24 15 15 15 21 21 20 20 18 23 23 28 29 29 24 24 15 13 13 7 5 5 6 6 8 8 8 9
 84 84 46 34 34 36 55 55 52 52 20 13 13 13 17 17 20 20 17 9 9 6 5 5 6 6 17 18 18 25 32 32 25 25 20 15 15 10 8 8 6 6 7 9 9 9
 84 84 46 34 34 36 55 55 52 52 20 13 13 13 17 17 20 20 17 9 9 6 5 5 6 6 17 18 18 25 32 32 25 25 20 15 15 10 8 8 6 6 7 9 9 9
 100 100 90 49 49 41 30 30 38 38 23 21 21 19 27 27 16 16 21 15 15 14 10 10 13 13 7 12 12 14 17 17 19 19 20 18 18 12 15 15 11 11 10 13 13 11
 81 81 81 52 52 47 36 36 30 30 31 31 31 23 24 24 17 17 20 17 17 22 13 13 11 11 13 13 13 14 19 19 28 28 25 26 26 24 23 23 24 24 23 15 15 18
 81 81 81 52 52 47 36 36 30 30 31 31 31 23 24 24 17 17 20 17 17 22 13 13 11 11 13 13 13 14 19 19 28 28 25 26 26 24 23 23 24 24 23 15 15 18
 79 79 81 51 51 54 42 42 45 45 44 37 37 27 18 18 17 17 24 18 18 19 13 13 12 12 14 13 13 13 19 19 24 24 27 27 27 26 27 27 30 30 31 22 22 10
 73 73 76 47 47 55 43 43 44 44 44 39 39 21 20 20 18 18 15 14 14 15 12 12 13 13 15 16 16 23 21 21 18 18 20 23 23 22 23 23 17 17 20 16 16 5
 73 73 76 47 47 55 43 43 44 44 44 39 39 21 20 20 18 18 15 14 14 15 12 12 13 13 15 16 16 23 21 21 18 18 20 23 23 22 23 23 17 17 20 16 16 5
 57 57 57 46 46 39 37 37 42 42 39 33 33 16 17 17 17 17 12 16 16 16 14 14 7 7 8 10 10 26 23 23 18 18 9 13 13 11 12 12 14 14 11 6 6 4
 57 57 57 46 46 39 37 37 42 42 39 33 33 16 17 17 17 17 12 16 16 16 14 14 7 7 8 10 10 26 23 23 18 18 9 13 13 11 12 12 14 14 11 6 6 4
 44 44 38 39 39 27 41 41 46 46 35 26 26 17 16 16 13 13 14 16 16 15 14 14 10 10 11 15 15 22 20 20 16 16 17 10 10 11 11 11 11 11 8 7 7 5
 45 45 24 26 26 25 37 37 38 38 36 22 22 19 16 16 15 15 12 14 14 11 15 15 9 9 4 11 11 10 22 22 13 13 11 14 14 13 12 12 13 13 11 9 9 8
 45 45 24 26 26 25 37 37 38 38 36 22 22 19 16 16 15 15 12 14 14 11 15 15 9 9 4 11 11 10 22 22 13 13 11 14 14 13 12 12 13 13 11 9 9 8
 31 31 16 22 22 21 24 24 23 23 22 30 30 23 19 19 15 15 15 28 28 18 16 16 11 11 8 14 14 18 11 11 9 9 11 6 6 9 10 10 9 9 8 5 5 3
 13 13 11 14 14 14 17 17 23 23 31 37 37 25 25 25 15 15 16 29 29 26 30 30 20 20 16 14 14 13 11 11 13 13 12 7 7 8 9 9 7 7 7 6 6 4
 13 13 11 14 14 14 17 17 23 23 31 37 37 25 25 25 15 15 16 29 29 26 30 30 20 20 16 14 14 13 11 11 13 13 12 7 7 8 9 9 7 7 7 6 6 4
 9 9 8 9 9 9 15 15 31 31 30 22 22 24 22 22 18 18 18 24 24 24 25 25 22 22 24 19 19 21 22 22 16 16 18 19 19 8 8 8 7 7 7 4 4 2
 9 9 8 9 9 9 15 15 31 31 30 22 22 24 22 22 18 18 18 24 24 24 25 25 22 22 24 19 19 21 22 22 16 16 18 19 19 8 8 8 7 7 7 4 4 2
 8 8 7 10 10 10 14 14 27 27 32 28 28 27 14 14 19 19 13 17 17 21 18 18 23 23 23 21 21 28 32 32 20 20 19 16 16 10 7 7 8 8 5 4 4 4
 8 8 10 8 8 10 14 14 17 17 20 8 8 14 9 9 10 10 9 19 19 20 14 14 19 19 23 21 21 28 21 21 23 23 17 14 14 10 8 8 7 7 4 4 4 3
 8 8 10 8 8 10 14 14 17 17 20 8 8 14 9 9 10 10 9 19 19 20 14 14 19 19 23 21 21 28 21 21 23 23 17 14 14 10 8 8 7 7 4 4 4 3
 10 10 11 9 9 14 9 9 7 7 12 10 10 11 10 10 8 8 10 7 7 10 10 10 14 14 15 21 21 16 13 13 11 11 8 11 11 9 6 6 6 6 4 6 6 5
 7 7 10 10 10 20 13 13 14 14 14 11 11 8 9 9 13 13 12 8 8 14 16 16 14 14 12 12 12 5 6 6 11 11 4 5 5 4 2 2 2 2 5 6 6 4
 7 7 10 10 10 20 13 13 14 14 14 11 11 8 9 9 13 13 12 8 8 14 16 16 14 14 12 12 12 5 6 6 11 11 4 5 5 4 2 2 2 2 5 6 6 4
 10 10 5 5 5 9 10 10 14 14 12 10 10 10 7 7 16 16 15 15 15 15 14 14 15 15 10 10 10 8 6 6 6 6 3 2 2 0 1 1 2 2 5 5 5 2
 10 10 5 5 5 9 10 10 14 14 12 10 10 10 7 7 16 16 15 15 15 15 14 14 15 15 10 10 10 8 6 6 6 6 3 2 2 0 1 1 2 2 5 5 5 2
 7 7 6 8 8 9 8 8 8 8 8 7 7 6 4 4 10 10 5 15 15 13 11 11 13 13 10 11 11 8 4 4 1 1 1 2 2 2 2 2 2 2 5 5 5 4
 9 9 8 5 5 7 5 5 5 5 6 6 6 7 4 4 4 4 6 15 15 8 8 8 7 7 10 5 5 11 2 2 0 0 1 2 2 1 5 5 4 4 3 3 3 2
 9 9 8 5 5 7 5 5 5 5 6 6 6 7 4 4 4 4 6 15 15 8 8 8 7 7 10 5 5 11 2 2 0 0 1 2 2 1 5 5 4 4 3 3 3 2
 9 9 8 5 5 5 6 6 4 4 7 9 9 9 4 4 4 4 5 5 5 8 8 8 7 7 7 5 5 9 3 3 2 2 1 3 3 3 6 6 4 4 3 3 3 2
 6 6 4 6 6 5 3 3 3 3 7 9 9 8 5 5 5 5 6 3 3 5 6 6 5 5 5 10 10 10 5 5 3 3 2 5 5 4 7 7 2 2 4 3 3 2
 6 6 4 6 6 5 3 3 3 3 7 9 9 8 5 5 5 5 6 3 3 5 6 6 5 5 5 10 10 10 5 5 3 3 2 5 5 4 7 7 2 2 4 3 3 2
 7 7 4 5 5 5 2 2 4 4 8 5 5 3 3 3 3 3 4 4 4 7 7 7 7 7 5 8 8 10 14 14 5 5 5 4 4 2 3 3 2 2 4 1 1 1
 7 7 4 5 5 5 2 2 4 4 8 5 5 3 3 3 3 3 4 4 4 7 7 7 7 7 5 8 8 10 14 14 5 5 5 4 4 2 3 3 2 2 4 1 1 1
 7 7 5 5 5 4 1 1 5 5 8 4 4 4 4 4 5 5 9 6 6 5 7 7 7 7 7 7 7 14 14 14 8 8 3 1 1 3 3 3 3 3 5 2 2 0
 8 8 6 5 5 3 2 2 8 8 6 2 2 3 4 4 5 5 5 4 4 4 4 4 4 4 5 5 5 11 10 10 10 10 5 1 1 3 4 4 7 7 10 7 7 0
 8 8 6 5 5 3 2 2 8 8 6 2 2 3 4 4 5 5 5 4 4 4 4 4 4 4 5 5 5 11 10 10 10 10 5 1 1 3 4 4 7 7 10 7 7 0
 6 6 5 4 4 2 5 5 3 3 2 2 2 3 5 5 8 8 4 3 3 4 4 4 3 3 2 4 4 6 13 13 9 9 4 2 2 3 4 4 8 8 9 10 10 4
 2 2 1 1 1 1 1 1 1 1 2 2 2 5 4 4 3 3 4 2 2 17 3 3 4 4 2 2 2 4 6 6 11 11 11 6 6 3 4 4 11 11 9 13 13 7
 2 2 1 1 1 1 1 1 1 1 2 2 2 5 4 4 3 3 4 2 2 17 3 3 4 4 2 2 2 4 6 6 11 11 11 6 6 3 4 4 11 11 9 13 13 7
 0 0 1 1 1 1 1 1 1 1 3 3 3 3 3 3 3 3 6 18 18 18 8 8 7 7 2 1 1 2 2 2 9 9 8 7 7 3 4 4 5 5 9 10 10 10
 0 0 1 1 1 1 1 1 1 1 3 3 3 3 3 3 3 3 6 18 18 18 8 8 7 7 2 1 1 2 2 2 9 9 8 7 7 3 4 4 5 5 9 10 10 10
 1 1 1 1 1 1 1 1 2 2 3 5 5 5 5 5 6 6 10 7 7 6 8 8 9 9 5 4 4 2 1 1 9 9 11 7 7 7 6 6 7 7 8 7 7 1
 2 2 4 6 6 3 3 3 3 3 3 5 5 6 8 8 9 9 12 12 12 12 13 13 12 12 12 7 7 3 1 1 1 1 23 10 10 12 8 8 6 6 6 5 5 5
 2 2 4 6 6 3 3 3 3 3 3 5 5 6 8 8 9 9 12 12 12 12 13 13 12 12 12 7 7 3 1 1 1 1 23 10 10 12 8 8 6 6 6 5 5 5
 3 3 6 7 7 4 4 4 7 7 8 8 8 9 10 10 11 11 15 15 15 17 16 16 12 12 7 5 5 3 1 1 2 2 23 17 17 22 10 10 5 5 5 4 4 3
 4 4 5 5 5 5 6 6 7 7 9 10 10 11 11 11 12 12 15 14 14 14 12 12 7 7 6 4 4 4 1 1 2 2 3 4 4 10 7 7 5 5 6 4 4 3
