assets/RAT_results_old/precipitation/2021-05-10_IMERG.asc
ncols        46
nrows        77
xllcorner    74.800261325624
yllcorner    8.058333333333
cellsize     0.062500000000
NODATA_value -9999
 1 1 2 6 6 13 20 20 36 36 10 2 2 1 1 1 2 2 2 25 25 38 39 39 12 12 15 13 13 9 8 8 6 6 5 4 4 4 2 2 2 2 4 4 4 9
 0 0 1 2 2 7 13 13 14 14 5 4 4 6 3 3 2 2 24 43 43 45 41 41 10 10 13 12 12 8 6 6 4 4 3 3 3 2 1 1 0 0 0 8 8 23
 0 0 1 2 2 7 13 13 14 14 5 4 4 6 3 3 2 2 24 43 43 45 41 41 10 10 13 12 12 8 6 6 4 4 3 3 3 2 1 1 0 0 0 8 8 23
 0 0 0 1 1 2 5 5 5 5 7 10 10 11 8 8 4 4 25 43 43 46 6 6 3 3 3 4 4 4 3 3 3 3 2 2 2 1 1 1 0 0 1 16 16 15
 0 0 0 0 0 0 1 1 2 2 4 12 12 16 10 10 5 5 2 2 2 4 3 3 2 2 1 2 2 2 2 2 1 1 1 1 1 1 1 1 1 1 4 3 3 1
 0 0 0 0 0 0 1 1 2 2 4 12 12 16 10 10 5 5 2 2 2 4 3 3 2 2 1 2 2 2 2 2 1 1 1 1 1 1 1 1 1 1 4 3 3 1
 1 1 0 0 0 0 0 0 1 1 4 14 14 15 13 13 6 6 5 2 2 2 2 2 1 1 1 1 1 1 1 1 1 1 1 1 1 1 1 1 2 2 5 6 6 5
 1 1 0 0 0 0 0 0 1 1 4 14 14 15 13 13 6 6 5 2 2 2 2 2 1 1 1 1 1 1 1 1 1 1 1 1 1 1 1 1 2 2 5 6 6 5
 0 0 0 0 0 1 1 1 2 2 8 24 24 31 20 20 9 9 4 3 3 2 1 1 1 1 1 2 2 0 0 0 0 0 0 1 1 1 2 2 2 2 4 2 2 2
 1 1 0 1 1 0 3 3 4 4 5 16 16 25 23 23 16 16 10 11 11 5 3 3 2 2 3 3 3 0 0 0 0 0 0 2 2 3 2 2 1 1 3 1 1 1
 1 1 0 1 1 0 3 3 4 4 5 16 16 25 23 23 16 16 10 11 11 5 3 3 2 2 3 3 3 0 0 0 0 0 0 2 2 3 2 2 1 1 3 1 1 1
 0 0 1 1 1 2 1 1 1 1 1 7 7 14 24 24 10 10 9 6 6 5 4 4 8 8 4 1 1 1 0 0 0 0 1 4 4 5 4 4 1 1 1 0 0 0
 1 1 4 7 7 11 6 6 1 1 1 3 3 9 19 19 12 12 3 5 5 6 8 8 9 9 4 2 2 1 0 0 0 0 1 3 3 3 1 1 0 0 0 0 0 0
 1 1 4 7 7 11 6 6 1 1 1 3 3 9 19 19 12 12 3 5 5 6 8 8 9 9 4 2 2 1 0 0 0 0 1 3 3 3 1 1 0 0 0 0 0 0
 5 5 10 10 10 11 8 8 2 2 3 4 4 9 22 22 24 24 24 3 3 6 5 5 3 3 2 3 3 3 5 5 1 1 1 1 1 1 2 2 0 0 0 0 0 0
 5 5 10 10 10 11 8 8 2 2 3 4 4 9 22 22 24 24 24 3 3 6 5 5 3 3 2 3 3 3 5 5 1 1 1 1 1 1 2 2 0 0 0 0 0 0
 14 14 10 10 10 10 8 8 12 12 21 8 8 11 23 23 9 9 20 6 6 3 4 4 5 5 5 6 6 3 2 2 1 1 1 5 5 3 1 1 0 0 0 0 0 0
 25 25 15 13 13 10 23 23 22 22 20 7 7 23 22 22 6 6 8 4 4 6 12 12 13 13 16 14 14 4 3 3 1 1 2 5 5 3 0 0 0 0 0 0 0 0
 25 25 15 13 13 10 23 23 22 22 20 7 7 23 22 22 6 6 8 4 4 6 12 12 13 13 16 14 14 4 3 3 1 1 2 5 5 3 0 0 0 0 0 0 0 0
 30 30 27 19 19 8 20 20 8 8 22 15 15 20 22 22 11 11 7 11 11 19 23 23 14 14 15 14 14 6 3 3 2 2 1 1 1 1 0 0 0 0 0 0 0 0
 29 29 19 16 16 6 2 2 8 8 16 29 29 30 30 30 9 9 16 11 11 14 12 12 14 14 11 8 8 2 1 1 2 2 1 1 1 0 0 0 0 0 0 0 0 0
 29 29 19 16 16 6 2 2 8 8 16 29 29 30 30 30 9 9 16 11 11 14 12 12 14 14 11 8 8 2 1 1 2 2 1 1 1 0 0 0 0 0 0 0 0 0
 5 5 8 6 6 2 2 2 4 4 32 61 61 34 18 18 28 28 27 14 14 6 8 8 7 7 5 3 3 3 1 1 3 3 3 0 0 0 1 1 0 0 0 0 0 0
 5 5 8 6 6 2 2 2 4 4 32 61 61 34 18 18 28 28 27 14 14 6 8 8 7 7 5 3 3 3 1 1 3 3 3 0 0 0 1 1 0 0 0 0 0 0
 4 4 4 3 3 2 1 1 4 4 33 42 42 35 20 20 5 5 15 5 5 6 10 10 10 10 10 0 0 1 0 0 1 1 2 0 0 0 1 1 1 1 0 0 0 0
 5 5 5 3 3 3 2 2 26 26 27 43 43 24 31 31 2 2 5 4 4 4 7 7 6 6 4 1 1 0 0 0 1 1 1 1 1 0 0 0 0 0 0 0 0 0
 5 5 5 3 3 3 2 2 26 26 27 43 43 24 31 31 2 2 5 4 4 4 7 7 6 6 4 1 1 0 0 0 1 1 1 1 1 0 0 0 0 0 0 0 0 0
 7 7 8 7 7 4 4 4 27 27 6 28 28 41 38 38 7 7 1 9 9 7 8 8 8 8 3 2 2 0 0 0 1 1 1 5 5 2 2 2 2 2 0 0 0 0
 9 9 20 12 12 6 6 6 4 4 10 32 32 15 9 9 7 7 4 4 4 4 8 8 22 22 6 0 0 0 0 0 5 5 5 5 5 2 3 3 0 0 0 0 0 0
 9 9 20 12 12 6 6 6 4 4 10 32 32 15 9 9 7 7 4 4 4 4 8 8 22 22 6 0 0 0 0 0 5 5 5 5 5 2 3 3 0 0 0 0 0 0
 26 26 25 9 9 6 6 6 9 9 16 11 11 9 3 3 2 2 1 0 0 3 12 12 17 17 3 4 4 1 4 4 8 8 1 0 0 0 0 0 0 0 0 0 0 1
 26 26 25 9 9 6 6 6 9 9 16 11 11 9 3 3 2 2 1 0 0 3 12 12 17 17 3 4 4 1 4 4 8 8 1 0 0 0 0 0 0 0 0 0 0 1
 23 23 12 7 7 6 6 6 7 7 19 22 22 17 3 3 1 1 1 1 1 8 16 16 18 18 17 6 6 7 8 8 6 6 1 2 2 0 0 0 0 0 0 1 1 1
 19 19 12 7 7 7 4 4 10 10 17 29 29 18 3 3 1 1 3 1 1 7 22 22 16 16 7 11 11 14 26 26 9 9 9 5 5 2 0 0 0 0 0 0 0 0
 19 19 12 7 7 7 4 4 10 10 17 29 29 18 3 3 1 1 3 1 1 7 22 22 16 16 7 11 11 14 26 26 9 9 9 5 5 2 0 0 0 0 0 0 0 0
 13 13 9 7 7 7 5 5 9 9 13 16 16 15 4 4 2 2 2 0 0 3 13 13 10 10 6 7 7 20 16 16 16 16 9 4 4 2 0 0 0 0 0 0 0 0
 12 12 9 6 6 6 4 4 11 11 10 6 6 9 2 2 0 0 0 0 0 3 11 11 13 13 9 9 9 18 19 19 35 35 18 6 6 1 0 0 0 0 0 0 0 0
 12 12 9 6 6 6 4 4 11 11 10 6 6 9 2 2 0 0 0 0 0 3 11 11 13 13 9 9 9 18 19 19 35 35 18 6 6 1 0 0 0 0 0 0 0 0
 8 8 5 4 4 6 3 3 8 8 4 16 16 4 1 1 1 1 1 3 3 5 9 9 14 14 10 11 11 8 21 21 26 26 13 11 11 4 1 1 1 1 0 0 0 0
 8 8 5 4 4 6 3 3 8 8 4 16 16 4 1 1 1 1 1 3 3 5 9 9 14 14 10 11 11 8 21 21 26 26 13 11 11 4 1 1 1 1 0 0 0 0
 5 5 3 3 3 1 2 2 3 3 3 3 3 4 1 1 2 2 1 1 1 9 14 14 14 14 13 18 18 17 22 22 22 22 10 11 11 10 2 2 1 1 0 0 0 0
 1 1 1 1 1 1 2 2 1 1 2 2 2 2 2 2 20 20 19 44 44 12 15 15 13 13 21 20 20 43 17 17 23 23 23 2 2 2 1 1 0 0 2 6 6 4
 1 1 1 1 1 1 2 2 1 1 2 2 2 2 2 2 20 20 19 44 44 12 15 15 13 13 21 20 20 43 17 17 23 23 23 2 2 2 1 1 0 0 2 6 6 4
 1 1 1 1 1 1 1 1 1 1 1 1 1 1 1 1 20 20 20 21 21 29 15 15 10 10 40 54 54 18 12 12 13 13 5 1 1 1 5 5 2 2 2 3 3 4
 2 2 2 2 2 1 1 1 1 1 1 1 1 1 1 1 4 4 9 30 30 29 17 17 21 21 19 30 30 22 16 16 7 7 6 2 2 1 2 2 1 1 1 1 1 1
 2 2 2 2 2 1 1 1 1 1 1 1 1 1 1 1 4 4 9 30 30 29 17 17 21 21 19 30 30 22 16 16 7 7 6 2 2 1 2 2 1 1 1 1 1 1
 12 12 11 5 5 3 6 6 3 3 2 1 1 0 1 1 2 2 25 28 28 33 24 24 19 19 20 30 30 30 17 17 4 4 4 2 2 3 0 0 1 1 1 0 0 1
 12 12 11 5 5 3 6 6 3 3 2 1 1 0 1 1 2 2 25 28 28 33 24 24 19 19 20 30 30 30 17 17 4 4 4 2 2 3 0 0 1 1 1 0 0 1
 15 15 12 11 11 2 7 7 4 4 1 0 0 0 1 1 1 1 21 27 27 22 19 19 21 21 19 19 19 31 20 20 5 5 5 4 4 2 2 2 2 2 1 0 0 0
 12 12 10 10 10 1 0 0 1 1 0 0 0 0 0 0 0 0 2 3 3 15 14 14 16 16 15 20 20 26 53 53 8 8 7 6 6 2 2 2 6 6 0 0 0 0
 12 12 10 10 10 1 0 0 1 1 0 0 0 0 0 0 0 0 2 3 3 15 14 14 16 16 15 20 20 26 53 53 8 8 7 6 6 2 2 2 6 6 0 0 0 0
 1 1 1 1 1 0 0 0 0 0 0 1 1 0 0 0 0 0 1 1 1 8 16 16 18 18 18 25 25 41 65 65 56 56 12 12 12 6 6 6 6 6 0 0 0 0
 3 3 3 2 2 1 1 1 1 1 0 1 1 0 0 0 0 0 0 0 0 8 14 14 20 20 26 31 31 38 42 42 31 31 17 14 14 4 2 2 2 2 0 0 0 0
 3 3 3 2 2 1 1 1 1 1 0 1 1 0 0 0 0 0 0 0 0 8 14 14 20 20 26 31 31 38 42 42 31 31 17 14 14 4 2 2 2 2 0 0 0 0
 6 6 5 3 3 2 1 1 1 1 0 0 0 1 0 0 0 0 1 1 1 1 29 29 21 21 24 67 67 57 59 59 27 27 25 12 12 4 4 4 2 2 0 0 0 0
 6 6 5 3 3 2 1 1 1 1 0 0 0 1 0 0 0 0 1 1 1 1 29 29 21 21 24 67 67 57 59 59 27 27 25 12 12 4 4 4 2 2 0 0 0 0
 28 28 24 3 3 3 1 1 1 1 1 1 1 1 0 0 0 0 1 2 2 2 23 23 22 22 26 61 61 55 34 34 33 33 21 8 8 2 2 2 2 2 2 0 0 0
 29 29 25 2 2 2 3 3 1 1 1 1 1 0 0 0 1 1 1 2 2 3 24 24 9 9 12 16 16 28 32 32 41 41 14 12 12 10 1 1 1 1 1 1 1 0
 29 29 25 2 2 2 3 3 1 1 1 1 1 0 0 0 1 1 1 2 2 3 24 24 9 9 12 16 16 28 32 32 41 41 14 12 12 10 1 1 1 1 1 1 1 0
 28 28 21 4 4 3 4 4 2 2 2 1 1 1 1 1 2 2 1 3 3 1 2 2 9 9 12 8 8 13 21 21 47 47 47 15 15 10 1 1 1 1 1 1 1 0
 7 7 22 6 6 7 6 6 8 8 7 7 7 2 1 1 2 2 1 7 7 3 3 3 9 9 2 5 5 16 13 13 16 16 28 17 17 15 2 2 3 3 3 1 1 0
 7 7 22 6 6 7 6 6 8 8 7 7 7 2 1 1 2 2 1 7 7 3 3 3 9 9 2 5 5 16 13 13 16 16 28 17 17 15 2 2 3 3 3 1 1 0
 5 5 6 8 8 10 9 9 16 16 8 9 9 4 4 4 5 5 4 9 9 5 11 11 13 13 8 4 4 20 13 13 14 14 22 15 15 15 2 2 0 0 0 1 1 0
 5 5 6 8 8 10 9 9 16 16 8 9 9 4 4 4 5 5 4 9 9 5 11 11 13 13 8 4 4 20 13 13 14 14 22 15 15 15 2 2 0 0 0 1 1 0
 6 6 8 9 9 11 9 9 18 18 19 19 19 15 15 15 6 6 6 5 5 7 11 11 14 14 8 1 1 6 13 13 15 15 14 9 9 9 9 9 0 0 0 1 1 0
 7 7 11 14 14 16 17 17 17 17 20 24 24 19 19 19 9 9 10 7 7 6 8 8 16 16 17 8 8 6 21 21 24 24 22 10 10 5 4 4 0 0 0 0 0 0
 7 7 11 14 14 16 17 17 17 17 20 24 24 19 19 19 9 9 10 7 7 6 8 8 16 16 17 8 8 6 21 21 24 24 22 10 10 5 4 4 0 0 0 0 0 0
 19 19 25 18 18 36 18 18 18 18 23 26 26 26 20 20 18 18 8 11 11 10 22 22 14 14 31 22 22 17 34 34 32 32 25 10 10 4 6 6 0 0 0 0 0 0
 24 24 22 37 37 33 54 54 54 54 35 27 27 25 19 19 17 17 11 11 11 8 9 9 5 5 26 26 26 16 22 22 13 13 28 1 1 1 0 0 0 0 8 0 0 1
 24 24 22 37 37 33 54 54 54 54 35 27 27 25 19 19 17 17 11 11 11 8 9 9 5 5 26 26 26 16 22 22 13 13 28 1 1 1 0 0 0 0 8 0 0 1
 28 28 29 33 33 34 31 31 57 57 34 23 23 23 23 23 24 24 11 10 10 8 2 2 8 8 7 39 39 32 54 54 42 42 23 19 19 2 2 2 19 19 13 7 7 1
 28 28 29 33 33 34 31 31 57 57 34 23 23 23 23 23 24 24 11 10 10 8 2 2 8 8 7 39 39 32 54 54 42 42 23 19 19 2 2 2 19 19 13 7 7 1
 3 3 3 9 9 32 28 28 25 25 27 15 15 17 14 14 24 24 15 8 8 8 8 8 2 2 7 36 36 33 52 52 40 40 22 17 17 3 2 2 8 8 4 11 11 7
 2 2 3 9 9 13 13 13 23 23 24 4 4 15 10 10 8 8 9 6 6 7 7 7 8 8 4 33 33 35 38 38 34 34 35 32 32 17 17 17 8 8 6 0 0 0
 2 2 3 9 9 13 13 13 23 23 24 4 4 15 10 10 8 8 9 6 6 7 7 7 8 8 4 33 33 35 38 38 34 34 35 32 32 17 17 17 8 8 6 0 0 0
 3 3 2 3 3 3 2 2 22 22 23 4 4 6 8 8 34 34 34 5 5 5 7 7 6 6 7 23 23 26 35 35 34 34 26 34 34 14 17 17 7 7 3 2 2 2
 3 3 2 2 2 2 2 2 1 1 2 2 2 4 5 5 35 35 35 2 2 8 9 9 8 8 5 5 5 26 32 32 30 30 29 15 15 16 17 17 8 8 9 1 1 1
