assets/RAT_results_old/precipitation/2021-05-18_IMERG.asc
ncols        46
nrows        77
xllcorner    74.800261325624
yllcorner    8.058333333333
cellsize     0.062500000000
NODATA_value -9999
 5 5 4 9 9 11 13 13 11 11 10 3 3 0 2 2 6 6 1 0 0 1 1 1 1 1 2 3 3 0 0 0 0 0 0 0 0 0 1 1 3 3 6 1 1 0
 7 7 6 11 11 11 11 11 6 6 4 3 3 0 1 1 5 5 0 0 0 0 0 0 1 1 1 1 1 0 0 0 0 0 0 1 1 1 1 1 7 7 7 0 0 0
 7 7 6 11 11 11 11 11 6 6 4 3 3 0 1 1 5 5 0 0 0 0 0 0 1 1 1 1 1 0 0 0 0 0 0 1 1 1 1 1 7 7 7 0 0 0
 8 8 7 10 10 7 6 6 6 6 5 2 2 1 1 1 3 3 0 0 0 1 0 0 1 1 1 1 1 0 0 0 0 0 1 1 1 0 1 1 2 2 2 0 0 0
 9 9 8 11 11 8 8 8 7 7 5 2 2 1 1 1 1 1 0 0 0 1 0 0 0 0 1 0 0 0 0 0 0 0 1 1 1 0 0 0 0 0 0 1 1 0
 9 9 8 11 11 8 8 8 7 7 5 2 2 1 1 1 1 1 0 0 0 1 0 0 0 0 1 0 0 0 0 0 0 0 1 1 1 0 0 0 0 0 0 1 1 0
 13 13 9 12 12 10 8 8 7 7 5 2 2 2 2 2 0 0 0 1 1 1 0 0 1 1 0 1 1 0 0 0 1 1 2 1 1 2 1 1 0 0 1 1 1 2
 13 13 9 12 12 10 8 8 7 7 5 2 2 2 2 2 0 0 0 1 1 1 0 0 1 1 0 1 1 0 0 0 1 1 2 1 1 2 1 1 0 0 1 1 1 2
 15 15 13 12 12 11 8 8 4 4 5 4 4 2 1 1 0 0 1 1 1 0 0 0 1 1 1 1 1 1 0 0 2 2 2 2 2 1 1 1 0 0 1 1 1 1
 15 15 18 14 14 14 7 7 3 3 5 4 4 1 2 2 0 0 1 2 2 1 0 0 0 0 0 0 0 0 0 0 4 4 2 1 1 1 0 0 0 0 0 0 0 0
 15 15 18 14 14 14 7 7 3 3 5 4 4 1 2 2 0 0 1 2 2 1 0 0 0 0 0 0 0 0 0 0 4 4 2 1 1 1 0 0 0 0 0 0 0 0
 15 15 23 31 31 24 8 8 4 4 4 4 4 2 2 2 0 0 1 2 2 1 0 0 0 0 0 0 0 0 0 0 5 5 2 3 3 1 0 0 0 0 0 0 0 0
 16 16 35 32 32 24 9 9 5 5 3 3 3 2 2 2 0 0 1 3 3 0 0 0 0 0 0 0 0 0 1 1 4 4 3 10 10 11 1 1 7 7 1 0 0 0
 16 16 35 32 32 24 9 9 5 5 3 3 3 2 2 2 0 0 1 3 3 0 0 0 0 0 0 0 0 0 1 1 4 4 3 10 10 11 1 1 7 7 1 0 0 0
 17 17 36 36 36 26 10 10 5 5 3 2 2 2 2 2 0 0 1 2 2 0 0 0 0 0 0 0 0 0 1 1 3 3 4 5 5 3 0 0 4 4 0 0 0 0
 17 17 36 36 36 26 10 10 5 5 3 2 2 2 2 2 0 0 1 2 2 0 0 0 0 0 0 0 0 0 1 1 3 3 4 5 5 3 0 0 4 4 0 0 0 0
 18 18 41 38 38 23 10 10 6 6 3 4 4 1 1 1 0 0 1 4 4 0 0 0 0 0 0 0 0 0 1 1 3 3 4 1 1 1 0 0 0 0 0 0 0 0
 15 15 25 33 33 24 11 11 8 8 4 3 3 1 1 1 5 5 6 7 7 1 1 1 1 1 0 0 0 0 1 1 1 1 3 0 0 0 0 0 0 0 0 0 0 0
 15 15 25 33 33 24 11 11 8 8 4 3 3 1 1 1 5 5 6 7 7 1 1 1 1 1 0 0 0 0 1 1 1 1 3 0 0 0 0 0 0 0 0 0 0 0
 11 11 21 30 30 22 17 17 16 16 10 10 10 9 6 6 6 6 7 8 8 2 4 4 1 1 0 0 0 0 0 0 0 0 1 0 0 0 0 0 0 0 0 0 0 0
 14 14 22 32 32 24 21 21 18 18 11 13 13 12 7 7 7 7 7 6 6 6 4 4 4 4 0 0 0 0 0 0 2 2 2 1 1 0 0 0 0 0 0 0 0 0
 14 14 22 32 32 24 21 21 18 18 11 13 13 12 7 7 7 7 7 6 6 6 4 4 4 4 0 0 0 0 0 0 2 2 2 1 1 0 0 0 0 0 0 0 0 0
 17 17 20 27 27 22 21 21 22 22 16 15 15 13 8 8 8 8 4 6 6 9 6 6 6 6 1 0 0 0 2 2 1 1 2 0 0 0 0 0 0 0 0 0 0 0
 17 17 20 27 27 22 21 21 22 22 16 15 15 13 8 8 8 8 4 6 6 9 6 6 6 6 1 0 0 0 2 2 1 1 2 0 0 0 0 0 0 0 0 0 0 0
 17 17 19 27 27 18 16 16 17 17 10 9 9 6 3 3 4 4 5 6 6 10 6 6 0 0 1 1 1 5 5 5 0 0 0 0 0 0 2 2 0 0 0 0 0 0
 19 19 17 26 26 24 14 14 15 15 9 8 8 8 4 4 1 1 3 11 11 8 0 0 3 3 3 1 1 1 0 0 0 0 0 0 0 0 0 0 0 0 0 0 0 0
 19 19 17 26 26 24 14 14 15 15 9 8 8 8 4 4 1 1 3 11 11 8 0 0 3 3 3 1 1 1 0 0 0 0 0 0 0 0 0 0 0 0 0 0 0 0
 16 16 15 19 19 31 31 31 19 19 4 2 2 4 5 5 1 1 1 6 6 4 4 4 0 0 0 0 0 0 0 0 0 0 0 0 0 0 0 0 0 0 0 0 0 0
 10 10 21 20 20 32 30 30 16 16 11 2 2 2 3 3 2 2 1 0 0 0 0 0 0 0 3 0 0 0 0 0 0 0 0 0 0 0 0 0 0 0 0 0 0 0
 10 10 21 20 20 32 30 30 16 16 11 2 2 2 3 3 2 2 1 0 0 0 0 0 0 0 3 0 0 0 0 0 0 0 0 0 0 0 0 0 0 0 0 0 0 0
 11 11 17 17 17 25 19 19 19 19 11 3 3 3 2 2 1 1 1 0 0 0 0 0 0 0 0 4 4 1 2 2 0 0 0 0 0 0 0 0 0 0 0 1 1 1
 11 11 17 17 17 25 19 19 19 19 11 3 3 3 2 2 1 1 1 0 0 0 0 0 0 0 0 4 4 1 2 2 0 0 0 0 0 0 0 0 0 0 0 1 1 1
 13 13 17 17 17 18 20 20 19 19 12 5 5 4 2 2 1 1 1 0 0 0 0 0 0 0 1 1 1 1 3 3 0 0 0 0 0 0 0 0 0 0 0 1 1 1
 18 18 21 20 20 15 19 19 19 19 15 5 5 14 5 5 1 1 1 1 1 0 1 1 1 1 0 0 0 0 0 0 0 0 1 1 1 1 1 1 1 1 1 1 1 2
 18 18 21 20 20 15 19 19 19 19 15 5 5 14 5 5 1 1 1 1 1 0 1 1 1 1 0 0 0 0 0 0 0 0 1 1 1 1 1 1 1 1 1 1 1 2
 14 14 21 11 11 6 9 9 9 9 8 4 4 11 8 8 3 3 2 0 0 0 1 1 1 1 1 0 0 0 0 0 0 0 1 1 1 1 1 1 1 1 1 1 1 6
 7 7 5 6 6 5 5 5 5 5 4 6 6 3 10 10 1 1 1 0 0 0 3 3 1 1 5 0 0 2 2 2 0 0 1 2 2 1 1 1 1 1 1 2 2 8
 7 7 5 6 6 5 5 5 5 5 4 6 6 3 10 10 1 1 1 0 0 0 3 3 1 1 5 0 0 2 2 2 0 0 1 2 2 1 1 1 1 1 1 2 2 8
 7 7 4 4 4 3 5 5 4 4 6 5 5 1 2 2 1 1 2 2 2 2 5 5 8 8 12 11 11 6 3 3 1 1 0 1 1 1 1 1 1 1 1 3 3 9
 7 7 4 4 4 3 5 5 4 4 6 5 5 1 2 2 1 1 2 2 2 2 5 5 8 8 12 11 11 6 3 3 1 1 0 1 1 1 1 1 1 1 1 3 3 9
 4 4 10 3 3 3 3 3 4 4 5 4 4 1 1 1 2 2 2 6 6 4 8 8 8 8 11 12 12 14 2 2 0 0 0 0 0 0 9 9 2 2 4 8 8 3
 10 10 9 3 3 2 2 2 3 3 3 5 5 3 5 5 4 4 4 5 5 7 5 5 8 8 7 13 13 14 1 1 0 0 0 3 3 5 2 2 6 6 6 6 6 5
 10 10 9 3 3 2 2 2 3 3 3 5 5 3 5 5 4 4 4 5 5 7 5 5 8 8 7 13 13 14 1 1 0 0 0 3 3 5 2 2 6 6 6 6 6 5
 7 7 6 7 7 4 2 2 5 5 4 5 5 5 5 5 5 5 5 6 6 5 4 4 2 2 7 4 4 9 0 0 0 0 0 2 2 2 5 5 3 3 4 3 3 0
 8 8 7 7 7 5 3 3 5 5 3 3 3 4 4 4 4 4 6 6 6 4 4 4 2 2 1 1 1 5 0 0 0 0 0 2 2 1 1 1 2 2 2 1 1 2
 8 8 7 7 7 5 3 3 5 5 3 3 3 4 4 4 4 4 6 6 6 4 4 4 2 2 1 1 1 5 0 0 0 0 0 2 2 1 1 1 2 2 2 1 1 2
 4 4 3 4 4 3 2 2 4 4 4 3 3 4 3 3 2 2 2 2 2 2 2 2 1 1 0 0 0 0 0 0 5 5 6 0 0 0 0 0 0 0 0 1 1 3
 4 4 3 4 4 3 2 2 4 4 4 3 3 4 3 3 2 2 2 2 2 2 2 2 1 1 0 0 0 0 0 0 5 5 6 0 0 0 0 0 0 0 0 1 1 3
 3 3 3 4 4 4 3 3 3 3 4 4 4 4 3 3 2 2 2 2 2 2 1 1 0 0 1 0 0 0 0 0 9 9 8 0 0 0 0 0 0 0 2 1 1 3
 8 8 7 4 4 3 4 4 4 4 5 3 3 3 1 1 1 1 1 1 1 1 1 1 1 1 0 0 0 0 0 0 11 11 10 2 2 0 0 0 0 0 2 1 1 1
 8 8 7 4 4 3 4 4 4 4 5 3 3 3 1 1 1 1 1 1 1 1 1 1 1 1 0 0 0 0 0 0 11 11 10 2 2 0 0 0 0 0 2 1 1 1
 7 7 5 2 2 3 3 3 3 3 4 3 3 3 4 4 1 1 1 1 1 1 1 1 1 1 1 0 0 0 0 0 1 1 6 1 1 0 0 0 0 0 2 0 0 0
 1 1 1 1 1 2 3 3 4 4 1 2 2 3 3 3 1 1 1 1 1 1 1 1 2 2 2 1 1 0 0 0 1 1 0 0 0 0 0 0 0 0 0 0 0 0
 1 1 1 1 1 2 3 3 4 4 1 2 2 3 3 3 1 1 1 1 1 1 1 1 2 2 2 1 1 0 0 0 1 1 0 0 0 0 0 0 0 0 0 0 0 0
 4 4 4 5 5 4 4 4 4 4 3 2 2 2 2 2 1 1 1 2 2 0 1 1 2 2 1 1 1 0 0 0 0 0 0 0 0 0 0 0 0 0 0 0 0 0
 4 4 4 5 5 4 4 4 4 4 3 2 2 2 2 2 1 1 1 2 2 0 1 1 2 2 1 1 1 0 0 0 0 0 0 0 0 0 0 0 0 0 0 0 0 0
 4 4 5 5 5 5 2 2 1 1 1 1 1 1 1 1 1 1 1 3 3 2 1 1 3 3 1 1 1 0 0 0 0 0 0 0 0 2 0 0 0 0 0 0 0 0
 1 1 5 5 5 4 2 2 1 1 0 0 0 0 0 0 0 0 1 3 3 2 0 0 1 1 7 1 1 0 0 0 0 0 0 0 0 0 0 0 0 0 0 0 0 0
 1 1 5 5 5 4 2 2 1 1 0 0 0 0 0 0 0 0 1 3 3 2 0 0 1 1 7 1 1 0 0 0 0 0 0 0 0 0 0 0 0 0 0 0 0 0
 1 1 0 0 0 1 1 1 0 0 0 0 0 0 0 0 0 0 0 1 1 1 2 2 1 1 1 0 0 0 0 0 1 1 1 7 7 1 0 0 0 0 0 0 0 0
 0 0 0 0 0 1 1 1 0 0 0 0 0 0 0 0 0 0 0 0 0 1 0 0 0 0 0 1 1 0 0 0 0 0 0 2 2 2 0 0 0 0 0 0 0 0
 0 0 0 0 0 1 1 1 0 0 0 0 0 0 0 0 0 0 0 0 0 1 0 0 0 0 0 1 1 0 0 0 0 0 0 2 2 2 0 0 0 0 0 0 0 0
 0 0 0 0 0 1 1 1 0 0 0 0 0 0 0 0 0 0 0 0 0 1 1 1 1 1 2 1 1 1 0 0 0 0 0 2 2 4 4 4 0 0 0 0 0 0
 0 0 0 0 0 1 1 1 0 0 0 0 0 0 0 0 0 0 0 0 0 1 1 1 1 1 2 1 1 1 0 0 0 0 0 2 2 4 4 4 0 0 0 0 0 0
 0 0 0 0 0 1 1 1 1 1 0 0 0 0 0 0 0 0 0 0 0 2 1 1 1 1 3 2 2 2 1 1 0 0 0 0 0 0 5 5 3 3 0 0 0 0
 1 1 1 0 0 0 1 1 0 0 0 0 0 0 0 0 0 0 0 0 0 3 1 1 0 0 2 1 1 2 1 1 0 0 0 0 0 0 5 5 3 3 0 0 0 0
 1 1 1 0 0 0 1 1 0 0 0 0 0 0 0 0 0 0 0 0 0 3 1 1 0 0 2 1 1 2 1 1 0 0 0 0 0 0 5 5 3 3 0 0 0 0
 1 1 0 0 0 0 0 0 0 0 0 0 0 0 0 0 0 0 0 0 0 2 1 1 0 0 1 0 0 0 1 1 2 2 3 0 0 0 3 3 0 0 0 0 0 0
 0 0 0 0 0 1 1 1 0 0 0 0 0 0 0 0 0 0 0 0 0 1 0 0 0 0 0 0 0 0 0 0 3 3 0 0 0 0 0 0 5 5 7 0 0 0
 0 0 0 0 0 1 1 1 0 0 0 0 0 0 0 0 0 0 0 0 0 1 0 0 0 0 0 0 0 0 0 0 3 3 0 0 0 0 0 0 5 5 7 0 0 0
 0 0 0 1 1 1 1 1 0 0 0 0 0 0 0 0 0 0 0 0 0 0 0 0 0 0 0 0 0 0 0 0 0 0 1 0 0 0 0 0 0 0 1 0 0 0
 0 0 0 1 1 1 1 1 0 0 0 0 0 0 0 0 0 0 0 0 0 0 0 0 0 0 0 0 0 0 0 0 0 0 1 0 0 0 0 0 0 0 1 0 0 0
 1 1 1 0 0 0 0 0 0 0 0 0 0 0 0 0 0 0 1 1 1 1 0 0 0 0 0 0 0 0 1 1 3 3 2 1 1 0 0 0 0 0 0 0 0 0
 1 1 0 0 0 0 0 0 0 0 0 0 0 0 0 0 1 1 1 1 1 1 0 0 0 0 1 0 0 0 0 0 1 1 0 0 0 16 0 0 0 0 0 0 0 0
 1 1 0 0 0 0 0 0 0 0 0 0 0 0 0 0 1 1 1 1 1 1 0 0 0 0 1 0 0 0 0 0 1 1 0 0 0 16 0 0 0 0 0 0 0 0
 0 0 0 0 0 0 0 0 0 0 0 0 0 0 0 0 1 1 2 3 3 2 1 1 1 1 7 1 1 0 0 0 0 0 0 2 2 4 1 1 0 0 0 0 0 0
 1 1 1 0 0 0 0 0 0 0 0 0 0 0 0 0 2 2 4 6 6 4 2 2 2 2 8 1 1 0 0 0 0 0 0 0 0 1 12 12 7 7 4 0 0 0
