assets/RAT_results_old/precipitation/2021-05-13_IMERG.asc
ncols        46
nrows        77
xllcorner    74.800261325624
yllcorner    8.058333333333
cellsize     0.062500000000
NODATA_value -9999
 1 1 3 5 5 6 6 6 7 7 14 13 13 4 9 9 3 3 3 3 3 3 3 3 3 3 0 0 0 0 0 0 0 0 0 0 0 0 1 1 1 1 1 14 14 4
 1 1 2 3 3 3 4 4 5 5 3 3 3 3 6 6 6 6 3 7 7 3 3 3 3 3 2 2 2 1 0 0 0 0 0 0 0 0 0 0 0 0 1 3 3 5
 1 1 2 3 3 3 4 4 5 5 3 3 3 3 6 6 6 6 3 7 7 3 3 3 3 3 2 2 2 1 0 0 0 0 0 0 0 0 0 0 0 0 1 3 3 5
 1 1 2 3 3 2 2 2 3 3 3 3 3 4 6 6 7 7 5 19 19 3 7 7 3 3 6 2 2 7 2 2 0 0 0 2 2 2 2 2 0 0 0 2 2 7
 1 1 1 2 2 1 1 1 5 5 2 3 3 4 5 5 6 6 3 19 19 10 15 15 17 17 17 8 8 2 4 4 0 0 0 0 0 29 15 15 14 14 3 3 3 6
 1 1 1 2 2 1 1 1 5 5 2 3 3 4 5 5 6 6 3 19 19 10 15 15 17 17 17 8 8 2 4 4 0 0 0 0 0 29 15 15 14 14 3 3 3 6
 1 1 2 3 3 1 1 1 2 2 2 3 3 4 5 5 4 4 2 2 2 5 7 7 7 7 9 8 8 6 5 5 0 0 1 2 2 31 16 16 15 15 4 5 5 5
 1 1 2 3 3 1 1 1 2 2 2 3 3 4 5 5 4 4 2 2 2 5 7 7 7 7 9 8 8 6 5 5 0 0 1 2 2 31 16 16 15 15 4 5 5 5
 1 1 1 5 5 5 1 1 2 2 2 6 6 10 16 16 4 4 2 1 1 1 2 2 2 2 2 3 3 6 2 2 1 1 3 3 3 25 24 24 28 28 4 4 4 5
 1 1 1 5 5 5 1 1 2 2 2 2 2 9 16 16 4 4 2 2 2 2 1 1 1 1 2 3 3 2 1 1 2 2 4 4 4 25 4 4 4 4 4 1 1 2
 1 1 1 5 5 5 1 1 2 2 2 2 2 9 16 16 4 4 2 2 2 2 1 1 1 1 2 3 3 2 1 1 2 2 4 4 4 25 4 4 4 4 4 1 1 2
 1 1 1 6 6 7 2 2 2 2 2 2 2 4 5 5 5 5 4 4 4 3 2 2 1 1 1 1 1 0 0 0 1 1 2 2 2 5 4 4 5 5 4 1 1 1
 1 1 3 11 11 10 4 4 3 3 3 2 2 2 2 2 3 3 3 3 3 4 2 2 2 2 3 8 8 1 0 0 0 0 1 2 2 2 3 3 4 4 0 0 0 2
 1 1 3 11 11 10 4 4 3 3 3 2 2 2 2 2 3 3 3 3 3 4 2 2 2 2 3 8 8 1 0 0 0 0 1 2 2 2 3 3 4 4 0 0 0 2
 1 1 2 3 3 10 10 10 8 8 4 5 5 2 4 4 3 3 2 4 4 6 6 6 3 3 4 13 13 0 1 1 2 2 1 1 1 2 3 3 13 13 23 4 4 0
 1 1 2 3 3 10 10 10 8 8 4 5 5 2 4 4 3 3 2 4 4 6 6 6 3 3 4 13 13 0 1 1 2 2 1 1 1 2 3 3 13 13 23 4 4 0
 1 1 1 3 3 11 14 14 11 11 12 5 5 7 3 3 2 2 5 6 6 8 7 7 5 5 4 4 4 1 2 2 4 4 3 1 1 3 2 2 6 6 12 4 4 0
 6 6 3 5 5 12 7 7 22 22 16 11 11 14 5 5 6 6 4 7 7 8 7 7 5 5 4 3 3 2 2 2 4 4 2 2 2 6 7 7 14 14 1 1 1 1
 6 6 3 5 5 12 7 7 22 22 16 11 11 14 5 5 6 6 4 7 7 8 7 7 5 5 4 3 3 2 2 2 4 4 2 2 2 6 7 7 14 14 1 1 1 1
 6 6 7 15 15 16 19 19 25 25 20 36 36 21 14 14 6 6 6 6 6 5 7 7 4 4 3 4 4 4 2 2 1 1 1 3 3 11 17 17 9 9 15 5 5 1
 11 11 24 33 33 24 28 28 25 25 30 32 32 29 12 12 11 11 5 5 5 4 4 4 1 1 3 2 2 5 4 4 2 2 2 5 5 14 16 16 10 10 13 11 11 8
 11 11 24 33 33 24 28 28 25 25 30 32 32 29 12 12 11 11 5 5 5 4 4 4 1 1 3 2 2 5 4 4 2 2 2 5 5 14 16 16 10 10 13 11 11 8
 22 22 28 37 37 27 36 36 38 38 35 38 38 37 21 21 13 13 16 7 7 3 4 4 0 0 0 1 1 5 2 2 2 2 2 5 5 20 24 24 38 38 24 24 24 8
 22 22 28 37 37 27 36 36 38 38 35 38 38 37 21 21 13 13 16 7 7 3 4 4 0 0 0 1 1 5 2 2 2 2 2 5 5 20 24 24 38 38 24 24 24 8
 26 26 27 33 33 39 41 41 39 39 32 39 39 44 31 31 23 23 15 8 8 9 5 5 1 1 3 2 2 3 3 3 3 3 3 3 3 5 9 9 10 10 23 17 17 5
 24 24 28 29 29 39 50 50 56 56 47 49 49 55 45 45 20 20 10 18 18 23 17 17 3 3 3 4 4 4 3 3 4 4 6 3 3 3 5 5 13 13 8 14 14 9
 24 24 28 29 29 39 50 50 56 56 47 49 49 55 45 45 20 20 10 18 18 23 17 17 3 3 3 4 4 4 3 3 4 4 6 3 3 3 5 5 13 13 8 14 14 9
 25 25 29 35 35 41 40 40 44 44 35 44 44 42 42 42 22 22 16 24 24 24 12 12 3 3 3 5 5 4 4 4 7 7 3 3 3 3 4 4 5 5 4 12 12 7
 51 51 45 59 59 59 47 47 36 36 31 31 31 22 23 23 15 15 18 18 18 13 8 8 8 8 7 4 4 4 4 4 4 4 4 3 3 3 2 2 2 2 2 14 14 8
 51 51 45 59 59 59 47 47 36 36 31 31 31 22 23 23 15 15 18 18 18 13 8 8 8 8 7 4 4 4 4 4 4 4 4 3 3 3 2 2 2 2 2 14 14 8
 46 46 53 58 58 60 62 62 33 33 26 19 19 15 20 20 18 18 21 24 24 7 7 7 4 4 3 6 6 2 3 3 5 5 4 4 4 3 2 2 3 3 3 3 3 10
 46 46 53 58 58 60 62 62 33 33 26 19 19 15 20 20 18 18 21 24 24 7 7 7 4 4 3 6 6 2 3 3 5 5 4 4 4 3 2 2 3 3 3 3 3 10
 57 57 57 49 49 46 41 41 30 30 32 21 21 18 17 17 31 31 30 20 20 14 24 24 10 10 13 6 6 3 2 2 3 3 4 4 4 3 3 3 3 3 3 4 4 6
 61 61 59 60 60 57 42 42 39 39 26 21 21 19 28 28 32 32 62 56 56 31 27 27 14 14 15 8 8 10 3 3 4 4 4 3 3 3 4 4 4 4 5 4 4 7
 61 61 59 60 60 57 42 42 39 39 26 21 21 19 28 28 32 32 62 56 56 31 27 27 14 14 15 8 8 10 3 3 4 4 4 3 3 3 4 4 4 4 5 4 4 7
 82 82 76 77 77 74 49 49 39 39 41 24 24 30 28 28 38 38 42 50 50 46 28 28 21 21 18 5 5 4 4 4 3 3 4 3 3 3 3 3 3 3 4 5 5 4
 95 95 90 91 91 81 55 55 56 56 35 36 36 36 41 41 46 46 45 67 67 58 42 42 40 40 38 19 19 6 3 3 4 4 3 5 5 4 3 3 4 4 4 6 6 6
 95 95 90 91 91 81 55 55 56 56 35 36 36 36 41 41 46 46 45 67 67 58 42 42 40 40 38 19 19 6 3 3 4 4 3 5 5 4 3 3 4 4 4 6 6 6
 108 108 97 95 95 88 77 77 77 77 60 58 58 43 39 39 36 36 42 63 63 57 45 45 35 35 37 40 40 18 3 3 2 2 3 7 7 9 11 11 7 7 8 11 11 8
 108 108 97 95 95 88 77 77 77 77 60 58 58 43 39 39 36 36 42 63 63 57 45 45 35 35 37 40 40 18 3 3 2 2 3 7 7 9 11 11 7 7 8 11 11 8
 99 99 102 95 95 121 95 95 95 95 83 68 68 57 45 45 55 55 56 59 59 50 50 50 41 41 40 37 37 16 7 7 2 2 3 9 9 8 13 13 11 11 15 21 21 17
 112 112 107 100 100 121 116 116 116 116 110 80 80 63 57 57 65 65 75 72 72 56 53 53 46 46 47 38 38 12 7 7 2 2 7 7 7 10 12 12 15 15 27 21 21 17
 112 112 107 100 100 121 116 116 116 116 110 80 80 63 57 57 65 65 75 72 72 56 53 53 46 46 47 38 38 12 7 7 2 2 7 7 7 10 12 12 15 15 27 21 21 17
 132 132 118 106 106 124 131 131 118 118 116 93 93 89 71 71 73 73 82 70 70 65 56 56 52 52 47 41 41 20 12 12 5 5 6 4 4 5 5 5 11 11 18 16 16 15
 132 132 116 112 112 191 188 188 118 118 121 91 91 76 78 78 75 75 95 92 92 98 92 92 61 61 46 30 30 33 22 22 13 13 9 5 5 4 3 3 9 9 3 14 14 13
 132 132 116 112 112 191 188 188 118 118 121 91 91 76 78 78 75 75 95 92 92 98 92 92 61 61 46 30 30 33 22 22 13 13 9 5 5 4 3 3 9 9 3 14 14 13
 109 109 117 108 108 178 179 179 100 100 108 100 100 101 79 79 68 68 83 99 99 97 94 94 55 55 53 39 39 56 41 41 38 38 12 5 5 2 2 2 4 4 4 6 6 10
 109 109 117 108 108 178 179 179 100 100 108 100 100 101 79 79 68 68 83 99 99 97 94 94 55 55 53 39 39 56 41 41 38 38 12 5 5 2 2 2 4 4 4 6 6 10
 72 72 81 72 72 85 84 84 82 82 100 92 92 87 79 79 68 68 86 91 91 103 85 85 67 67 69 61 61 64 48 48 35 35 32 17 17 5 3 3 7 7 5 5 5 10
 59 59 74 76 76 68 67 67 69 69 82 89 89 84 87 87 62 62 75 95 95 81 105 105 75 75 80 81 81 74 68 68 49 49 34 30 30 7 6 6 8 8 6 8 8 20
 59 59 74 76 76 68 67 67 69 69 82 89 89 84 87 87 62 62 75 95 95 81 105 105 75 75 80 81 81 74 68 68 49 49 34 30 30 7 6 6 8 8 6 8 8 20
 51 51 60 72 72 79 69 69 77 77 86 83 83 76 68 68 63 63 65 87 87 96 99 99 95 95 80 87 87 78 65 65 61 61 30 23 23 7 9 9 9 9 10 11 11 14
 41 41 49 64 64 78 66 66 74 74 84 81 81 76 77 77 79 79 57 86 86 90 106 106 106 106 109 104 104 90 71 71 64 64 53 25 25 8 8 8 10 10 11 11 11 16
 41 41 49 64 64 78 66 66 74 74 84 81 81 76 77 77 79 79 57 86 86 90 106 106 106 106 109 104 104 90 71 71 64 64 53 25 25 8 8 8 10 10 11 11 11 16
 39 39 54 72 72 72 77 77 84 84 85 76 76 75 82 82 67 67 82 126 126 136 110 110 105 105 102 150 150 130 101 101 78 78 63 31 31 45 8 8 7 7 11 9 9 13
 39 39 54 72 72 72 77 77 84 84 85 76 76 75 82 82 67 67 82 126 126 136 110 110 105 105 102 150 150 130 101 101 78 78 63 31 31 45 8 8 7 7 11 9 9 13
 42 42 56 66 66 67 79 79 76 76 79 75 75 73 77 77 70 70 77 103 103 117 127 127 105 105 87 88 88 132 116 116 99 99 82 58 58 46 9 9 5 5 6 8 8 10
 53 53 62 69 69 69 66 66 63 63 65 69 69 70 77 77 79 79 92 85 85 139 139 139 149 149 78 92 92 95 93 93 72 72 67 47 47 30 7 7 7 7 5 6 6 6
 53 53 62 69 69 69 66 66 63 63 65 69 69 70 77 77 79 79 92 85 85 139 139 139 149 149 78 92 92 95 93 93 72 72 67 47 47 30 7 7 7 7 5 6 6 6
 57 57 66 66 66 64 61 61 64 64 63 63 63 74 74 74 74 74 90 76 76 99 112 112 139 139 105 134 134 90 88 88 77 77 64 48 48 23 7 7 7 7 6 6 6 7
 52 52 63 62 62 63 65 65 62 62 58 71 71 72 77 77 77 77 69 56 56 75 88 88 91 91 117 86 86 86 103 103 75 75 67 51 51 31 7 7 9 9 5 7 7 7
 52 52 63 62 62 63 65 65 62 62 58 71 71 72 77 77 77 77 69 56 56 75 88 88 91 91 117 86 86 86 103 103 75 75 67 51 51 31 7 7 9 9 5 7 7 7
 51 51 58 58 58 62 69 69 68 68 56 71 71 75 77 77 76 76 83 76 76 80 107 107 91 91 85 80 80 94 84 84 81 81 77 63 63 36 33 33 28 28 6 7 7 7
 51 51 58 58 58 62 69 69 68 68 56 71 71 75 77 77 76 76 83 76 76 80 107 107 91 91 85 80 80 94 84 84 81 81 77 63 63 36 33 33 28 28 6 7 7 7
 44 44 52 57 57 65 78 78 62 62 58 69 69 77 73 73 75 75 77 72 72 78 100 100 78 78 91 96 96 96 92 92 80 80 70 62 62 43 35 35 26 26 32 6 6 6
 38 38 43 57 57 71 69 69 66 66 68 74 74 77 72 72 88 88 96 94 94 95 99 99 83 83 95 94 94 87 85 85 84 84 70 79 79 56 38 38 37 37 30 21 21 5
 38 38 43 57 57 71 69 69 66 66 68 74 74 77 72 72 88 88 96 94 94 95 99 99 83 83 95 94 94 87 85 85 84 84 70 79 79 56 38 38 37 37 30 21 21 5
 24 24 35 52 52 63 58 58 68 68 84 90 90 86 79 79 84 84 104 111 111 108 107 107 101 101 113 112 112 88 75 75 70 70 73 77 77 73 45 45 57 57 34 26 26 21
 19 19 30 42 42 49 69 69 86 86 95 113 113 122 110 110 98 98 107 119 119 124 123 123 116 116 93 92 92 95 78 78 77 77 81 72 72 75 67 67 72 72 39 20 20 20
 19 19 30 42 42 49 69 69 86 86 95 113 113 122 110 110 98 98 107 119 119 124 123 123 116 116 93 92 92 95 78 78 77 77 81 72 72 75 67 67 72 72 39 20 20 20
 20 20 30 47 47 55 72 72 93 93 102 106 106 121 110 110 105 105 118 130 130 137 144 144 129 129 93 82 82 69 83 83 90 90 94 94 94 96 81 81 63 63 40 31 31 30
 20 20 30 47 47 55 72 72 93 93 102 106 106 121 110 110 105 105 118 130 130 137 144 144 129 129 93 82 82 69 83 83 90 90 94 94 94 96 81 81 63 63 40 31 31 30
 18 18 27 40 40 55 70 70 88 88 103 107 107 107 113 113 113 113 135 151 151 154 148 148 121 121 105 67 67 63 88 88 81 81 86 89 89 100 89 89 73 73 42 30 30 17
 17 17 25 36 36 53 67 67 79 79 98 103 103 111 130 130 134 134 153 166 166 168 143 143 122 122 90 70 70 49 57 57 72 72 76 70 70 75 83 83 69 69 54 29 29 18
 17 17 25 36 36 53 67 67 79 79 98 103 103 111 130 130 134 134 153 166 166 168 143 143 122 122 90 70 70 49 57 57 72 72 76 70 70 75 83 83 69 69 54 29 29 18
 21 21 28 39 39 61 63 63 80 80 107 112 112 137 142 142 155 155 153 156 156 159 142 142 108 108 92 62 62 40 64 64 66 66 56 61 61 69 65 65 68 68 55 27 27 15
 24 24 32 44 44 57 72 72 91 91 109 124 124 145 149 149 163 163 161 172 172 164 149 149 122 122 102 70 70 44 45 45 57 57 52 56 56 63 55 55 53 53 52 35 35 28
