assets/RAT_results_old/precipitation/2021-05-17_IMERG.asc
ncols        46
nrows        77
xllcorner    74.800261325624
yllcorner    8.058333333333
cellsize     0.062500000000
NODATA_value -9999
 5 5 4 2 2 1 1 1 0 0 2 2 2 4 4 4 2 2 0 0 0 1 1 1 1 1 1 0 0 0 1 1 0 0 1 3 3 1 0 0 0 0 8 1 1 6
 5 5 5 5 5 4 3 3 2 2 2 6 6 4 2 2 1 1 0 0 0 0 0 0 0 0 0 0 0 0 0 0 0 0 0 2 2 1 0 0 1 1 4 5 5 7
 5 5 5 5 5 4 3 3 2 2 2 6 6 4 2 2 1 1 0 0 0 0 0 0 0 0 0 0 0 0 0 0 0 0 0 2 2 1 0 0 1 1 4 5 5 7
 8 8 8 5 5 6 7 7 5 5 8 11 11 14 4 4 1 1 0 0 0 0 0 0 0 0 0 0 0 0 0 0 1 1 1 6 6 1 1 1 0 0 1 9 9 5
 13 13 9 5 5 8 9 9 10 10 8 7 7 10 3 3 2 2 0 0 0 0 1 1 1 1 2 3 3 0 0 0 1 1 2 1 1 1 0 0 0 0 1 2 2 2
 13 13 9 5 5 8 9 9 10 10 8 7 7 10 3 3 2 2 0 0 0 0 1 1 1 1 2 3 3 0 0 0 1 1 2 1 1 1 0 0 0 0 1 2 2 2
 14 14 14 11 11 16 11 11 10 10 9 6 6 9 2 2 0 0 0 0 0 0 0 0 1 1 4 1 1 1 0 0 1 1 2 1 1 1 0 0 0 0 0 0 0 1
 14 14 14 11 11 16 11 11 10 10 9 6 6 9 2 2 0 0 0 0 0 0 0 0 1 1 4 1 1 1 0 0 1 1 2 1 1 1 0 0 0 0 0 0 0 1
 20 20 19 13 13 13 10 10 10 10 9 4 4 2 1 1 0 0 0 2 2 0 0 0 0 0 0 1 1 0 0 0 3 3 4 2 2 0 0 0 0 0 0 0 0 0
 16 16 14 14 14 13 11 11 8 8 8 4 4 2 0 0 0 0 0 0 0 0 0 0 0 0 0 0 0 0 0 0 1 1 2 1 1 1 0 0 0 0 0 0 0 0
 16 16 14 14 14 13 11 11 8 8 8 4 4 2 0 0 0 0 0 0 0 0 0 0 0 0 0 0 0 0 0 0 1 1 2 1 1 1 0 0 0 0 0 0 0 0
 16 16 16 15 15 13 11 11 9 9 6 3 3 1 0 0 0 0 0 0 0 0 0 0 0 0 0 0 0 0 0 0 0 0 1 2 2 6 2 2 0 0 0 0 0 0
 12 12 15 16 16 14 10 10 10 10 9 6 6 4 6 6 4 4 3 0 0 0 0 0 0 0 0 0 0 0 0 0 0 0 1 0 0 1 7 7 21 21 0 0 0 0
 12 12 15 16 16 14 10 10 10 10 9 6 6 4 6 6 4 4 3 0 0 0 0 0 0 0 0 0 0 0 0 0 0 0 1 0 0 1 7 7 21 21 0 0 0 0
 11 11 16 15 15 13 14 14 15 15 12 13 13 9 6 6 6 6 5 2 2 0 1 1 0 0 0 0 0 0 0 0 1 1 1 0 0 0 1 1 26 26 0 0 0 0
 11 11 16 15 15 13 14 14 15 15 12 13 13 9 6 6 6 6 5 2 2 0 1 1 0 0 0 0 0 0 0 0 1 1 1 0 0 0 1 1 26 26 0 0 0 0
 10 10 12 12 12 11 14 14 16 16 14 11 11 9 5 5 5 5 6 2 2 0 0 0 0 0 0 0 0 0 0 0 0 0 0 0 0 3 5 5 0 0 0 0 0 0
 10 10 17 12 12 11 14 14 16 16 12 11 11 15 10 10 2 2 5 6 6 7 2 2 0 0 0 0 0 0 1 1 1 1 2 3 3 8 3 3 0 0 0 0 0 0
 10 10 17 12 12 11 14 14 16 16 12 11 11 15 10 10 2 2 5 6 6 7 2 2 0 0 0 0 0 0 1 1 1 1 2 3 3 8 3 3 0 0 0 0 0 0
 8 8 8 12 12 12 15 15 12 12 13 8 8 8 8 8 2 2 5 3 3 3 0 0 0 0 0 0 0 0 1 1 4 4 2 1 1 0 0 0 0 0 0 0 0 0
 6 6 11 16 16 14 17 17 12 12 13 6 6 6 12 12 10 10 9 6 6 4 1 1 0 0 0 0 0 0 2 2 1 1 0 0 0 0 0 0 0 0 0 1 1 0
 6 6 11 16 16 14 17 17 12 12 13 6 6 6 12 12 10 10 9 6 6 4 1 1 0 0 0 0 0 0 2 2 1 1 0 0 0 0 0 0 0 0 0 1 1 0
 8 8 16 15 15 22 25 25 29 29 21 14 14 4 4 4 5 5 7 14 14 3 4 4 0 0 0 0 0 1 3 3 0 0 0 0 0 0 0 0 0 0 0 1 1 0
 8 8 16 15 15 22 25 25 29 29 21 14 14 4 4 4 5 5 7 14 14 3 4 4 0 0 0 0 0 1 3 3 0 0 0 0 0 0 0 0 0 0 0 1 1 0
 9 9 20 28 28 28 38 38 28 28 23 14 14 8 3 3 3 3 2 6 6 2 0 0 0 0 3 0 0 0 0 0 0 0 0 0 0 0 0 0 0 0 0 0 0 0
 14 14 30 38 38 42 47 47 38 38 28 16 16 11 9 9 8 8 2 1 1 5 0 0 0 0 3 3 3 3 0 0 0 0 0 0 0 0 0 0 0 0 0 0 0 0
 14 14 30 38 38 42 47 47 38 38 28 16 16 11 9 9 8 8 2 1 1 5 0 0 0 0 3 3 3 3 0 0 0 0 0 0 0 0 0 0 0 0 0 0 0 0
 14 14 30 44 44 33 33 33 25 25 17 11 11 7 6 6 4 4 2 6 6 1 0 0 0 0 0 3 3 4 3 3 0 0 0 0 0 0 0 0 0 0 0 0 0 0
 9 9 24 37 37 29 29 29 24 24 22 20 20 22 19 19 16 16 10 6 6 8 4 4 0 0 0 0 0 0 0 0 0 0 0 0 0 0 0 0 0 0 0 0 0 0
 9 9 24 37 37 29 29 29 24 24 22 20 20 22 19 19 16 16 10 6 6 8 4 4 0 0 0 0 0 0 0 0 0 0 0 0 0 0 0 0 0 0 0 0 0 0
 7 7 13 12 12 12 13 13 13 13 16 18 18 21 24 24 16 16 13 14 14 15 8 8 7 7 6 3 3 0 0 0 0 0 0 0 0 0 0 0 0 0 0 0 0 0
 7 7 13 12 12 12 13 13 13 13 16 18 18 21 24 24 16 16 13 14 14 15 8 8 7 7 6 3 3 0 0 0 0 0 0 0 0 0 0 0 0 0 0 0 0 0
 5 5 4 3 3 7 10 10 11 11 17 18 18 21 20 20 19 19 18 17 17 16 11 11 9 9 7 8 8 4 0 0 1 1 0 0 0 0 0 0 0 0 0 0 0 0
 2 2 2 3 3 6 6 6 6 6 5 6 6 10 9 9 8 8 12 9 9 6 2 2 2 2 6 8 8 7 5 5 0 0 0 0 0 0 0 0 0 0 0 0 0 1
 2 2 2 3 3 6 6 6 6 6 5 6 6 10 9 9 8 8 12 9 9 6 2 2 2 2 6 8 8 7 5 5 0 0 0 0 0 0 0 0 0 0 0 0 0 1
 1 1 1 1 1 3 3 3 4 4 5 6 6 5 3 3 4 4 4 3 3 4 5 5 21 21 13 4 4 4 4 4 4 4 4 0 0 0 0 0 1 1 1 0 0 1
 1 1 1 1 1 1 2 2 3 3 2 4 4 5 5 5 5 5 7 7 7 7 12 12 12 12 14 11 11 6 4 4 0 0 0 0 0 1 1 1 1 1 1 0 0 0
 1 1 1 1 1 1 2 2 3 3 2 4 4 5 5 5 5 5 7 7 7 7 12 12 12 12 14 11 11 6 4 4 0 0 0 0 0 1 1 1 1 1 1 0 0 0
 1 1 1 1 1 1 2 2 4 4 3 4 4 4 5 5 6 6 7 8 8 7 13 13 17 17 42 20 20 29 7 7 0 0 0 1 1 1 0 0 1 1 0 0 0 0
 1 1 1 1 1 1 2 2 4 4 3 4 4 4 5 5 6 6 7 8 8 7 13 13 17 17 42 20 20 29 7 7 0 0 0 1 1 1 0 0 1 1 0 0 0 0
 1 1 1 2 2 4 4 4 6 6 9 10 10 14 13 13 13 13 11 9 9 8 6 6 17 17 31 20 20 21 6 6 1 1 1 2 2 1 0 0 4 4 6 1 1 0
 1 1 1 3 3 4 6 6 9 9 13 15 15 17 15 15 14 14 10 8 8 8 5 5 9 9 24 27 27 14 5 5 1 1 0 0 0 2 2 2 4 4 2 14 14 3
 1 1 1 3 3 4 6 6 9 9 13 15 15 17 15 15 14 14 10 8 8 8 5 5 9 9 24 27 27 14 5 5 1 1 0 0 0 2 2 2 4 4 2 14 14 3
 1 1 1 2 2 2 4 4 6 6 10 19 19 27 26 26 23 23 17 12 12 8 6 6 5 5 6 1 1 6 5 5 0 0 0 0 0 2 1 1 1 1 1 1 1 2
 1 1 1 2 2 2 3 3 3 3 4 5 5 8 12 12 7 7 3 4 4 1 1 1 1 1 1 0 0 7 0 0 0 0 0 0 0 1 1 1 0 0 0 0 0 2
 1 1 1 2 2 2 3 3 3 3 4 5 5 8 12 12 7 7 3 4 4 1 1 1 1 1 1 0 0 7 0 0 0 0 0 0 0 1 1 1 0 0 0 0 0 2
 1 1 1 1 1 2 2 2 1 1 2 3 3 10 18 18 17 17 7 3 3 1 1 1 1 1 0 0 0 7 2 2 0 0 0 0 0 0 0 0 0 0 1 0 0 0
 1 1 1 1 1 2 2 2 1 1 2 3 3 10 18 18 17 17 7 3 3 1 1 1 1 1 0 0 0 7 2 2 0 0 0 0 0 0 0 0 0 0 1 0 0 0
 1 1 1 1 1 1 1 1 1 1 1 1 1 3 13 13 16 16 4 1 1 2 2 2 1 1 1 1 1 0 5 5 14 14 0 0 0 0 0 0 0 0 0 0 0 0
 0 0 1 1 1 1 1 1 1 1 1 0 0 1 3 3 4 4 2 1 1 2 3 3 2 2 1 1 1 0 0 0 0 0 0 0 0 0 0 0 0 0 0 0 0 0
 0 0 1 1 1 1 1 1 1 1 1 0 0 1 3 3 4 4 2 1 1 2 3 3 2 2 1 1 1 0 0 0 0 0 0 0 0 0 0 0 0 0 0 0 0 0
 0 0 0 0 0 0 0 0 0 0 0 0 0 0 1 1 1 1 2 3 3 2 4 4 1 1 1 1 1 0 0 0 0 0 0 0 0 0 0 0 0 0 0 0 0 0
 0 0 0 0 0 0 0 0 0 0 0 0 0 0 1 1 1 1 1 5 5 2 4 4 3 3 2 1 1 0 0 0 4 4 0 0 0 2 0 0 0 0 0 0 0 0
 0 0 0 0 0 0 0 0 0 0 0 0 0 0 1 1 1 1 1 5 5 2 4 4 3 3 2 1 1 0 0 0 4 4 0 0 0 2 0 0 0 0 0 0 0 0
 0 0 0 0 0 0 0 0 0 0 0 0 0 0 1 1 0 0 1 1 1 2 5 5 5 5 1 1 1 0 0 0 0 0 0 0 0 2 0 0 0 0 0 0 0 0
 0 0 0 0 0 0 0 0 0 0 0 0 0 0 1 1 0 0 1 1 1 2 5 5 5 5 1 1 1 0 0 0 0 0 0 0 0 2 0 0 0 0 0 0 0 0
 0 0 0 0 0 0 0 0 0 0 0 0 0 0 0 0 0 0 0 0 0 2 4 4 7 7 1 1 1 0 0 0 0 0 0 0 0 0 0 0 0 0 0 0 0 0
 0 0 0 0 0 0 0 0 0 0 0 0 0 0 0 0 1 1 0 0 0 1 2 2 7 7 2 2 2 1 0 0 0 0 0 0 0 0 0 0 0 0 0 0 0 0
 0 0 0 0 0 0 0 0 0 0 0 0 0 0 0 0 1 1 0 0 0 1 2 2 7 7 2 2 2 1 0 0 0 0 0 0 0 0 0 0 0 0 0 0 0 0
 0 0 0 0 0 0 0 0 0 0 1 1 1 1 1 1 1 1 1 0 0 1 3 3 6 6 4 2 2 1 1 1 0 0 0 0 0 0 0 0 0 0 0 0 0 0
 0 0 0 0 0 0 0 0 0 0 1 1 1 1 1 1 2 2 2 1 1 2 3 3 3 3 1 2 2 2 1 1 1 1 0 0 0 0 0 0 0 0 0 0 0 0
 0 0 0 0 0 0 0 0 0 0 1 1 1 1 1 1 2 2 2 1 1 2 3 3 3 3 1 2 2 2 1 1 1 1 0 0 0 0 0 0 0 0 0 0 0 0
 0 0 0 0 0 0 0 0 0 0 0 1 1 1 2 2 3 3 3 3 3 3 3 3 0 0 1 2 2 1 0 0 0 0 0 0 0 0 0 0 0 0 0 0 0 0
 0 0 0 0 0 0 0 0 0 0 0 1 1 1 2 2 3 3 3 3 3 3 3 3 0 0 1 2 2 1 0 0 0 0 0 0 0 0 0 0 0 0 0 0 0 0
 0 0 0 0 0 0 0 0 0 0 0 0 0 1 1 1 2 2 2 1 1 2 1 1 0 0 1 1 1 1 1 1 0 0 0 0 0 0 0 0 0 0 0 0 0 0
 0 0 0 0 0 0 0 0 0 0 0 1 1 1 1 1 1 1 1 1 1 1 1 1 0 0 0 1 1 2 1 1 0 0 0 0 0 0 0 0 0 0 0 0 0 0
 0 0 0 0 0 0 0 0 0 0 0 1 1 1 1 1 1 1 1 1 1 1 1 1 0 0 0 1 1 2 1 1 0 0 0 0 0 0 0 0 0 0 0 0 0 0
 0 0 0 1 1 1 0 0 0 0 0 0 0 0 1 1 0 0 1 2 2 3 0 0 0 0 0 0 0 0 1 1 1 1 0 0 0 0 0 0 0 0 1 0 0 0
 0 0 1 1 1 1 0 0 0 0 0 0 0 0 0 0 0 0 1 6 6 9 1 1 0 0 0 0 0 0 1 1 1 1 1 0 0 0 0 0 0 0 0 0 0 0
 0 0 1 1 1 1 0 0 0 0 0 0 0 0 0 0 0 0 1 6 6 9 1 1 0 0 0 0 0 0 1 1 1 1 1 0 0 0 0 0 0 0 0 0 0 0
 0 0 0 1 1 2 4 4 1 1 0 0 0 0 1 1 0 0 0 1 1 8 7 7 0 0 0 0 0 0 1 1 1 1 2 2 2 0 0 0 0 0 0 0 0 0
 0 0 0 1 1 2 4 4 1 1 0 0 0 0 1 1 0 0 0 1 1 8 7 7 0 0 0 0 0 0 1 1 1 1 2 2 2 0 0 0 0 0 0 0 0 0
 0 0 0 0 0 1 1 1 1 1 0 0 0 0 0 0 0 0 0 1 1 7 6 6 0 0 0 0 0 0 0 0 1 1 2 1 1 2 0 0 0 0 0 0 0 0
 0 0 0 0 0 1 1 1 1 1 0 1 1 2 1 1 0 0 0 0 0 2 4 4 1 1 1 0 0 0 0 0 1 1 1 1 1 0 2 2 0 0 0 0 0 0
 0 0 0 0 0 1 1 1 1 1 0 1 1 2 1 1 0 0 0 0 0 2 4 4 1 1 1 0 0 0 0 0 1 1 1 1 1 0 2 2 0 0 0 0 0 0
 0 0 0 0 0 0 0 0 0 0 0 0 0 1 3 3 0 0 0 1 1 1 1 1 1 1 0 0 0 0 0 0 0 0 0 1 1 1 1 1 0 0 2 1 1 1
 0 0 0 0 0 0 0 0 0 0 0 0 0 0 0 0 0 0 0 1 1 1 0 0 1 1 0 0 0 0 0 0 0 0 0 1 1 1 1 1 1 1 2 1 1 0
