assets/RAT_results_old/precipitation/2021-07-23_IMERG.asc
ncols        46
nrows        77
xllcorner    74.800261325624
yllcorner    8.058333333333
cellsize     0.062500000000
NODATA_value -9999
 4 4 4 1 1 3 4 4 6 6 10 9 9 12 9 9 11 11 8 10 10 12 10 10 10 10 10 7 7 5 5 5 4 4 4 5 5 6 4 4 3 3 2 2 2 1
 8 8 7 3 3 3 4 4 5 5 6 8 8 6 6 6 7 7 7 6 6 7 7 7 7 7 7 7 7 5 5 5 4 4 5 6 6 9 7 7 4 4 3 2 2 1
 8 8 7 3 3 3 4 4 5 5 6 8 8 6 6 6 7 7 7 6 6 7 7 7 7 7 7 7 7 5 5 5 4 4 5 6 6 9 7 7 4 4 3 2 2 1
 6 6 6 4 4 5 6 6 4 4 7 4 4 5 5 5 7 7 4 4 4 2 6 6 3 3 3 2 2 3 4 4 4 4 4 6 6 10 7 7 4 4 2 1 1 0
 2 2 4 3 3 3 3 3 5 5 7 8 8 9 8 8 3 3 3 2 2 3 3 3 2 2 2 3 3 2 2 2 3 3 5 6 6 6 5 5 5 5 2 1 1 1
 2 2 4 3 3 3 3 3 5 5 7 8 8 9 8 8 3 3 3 2 2 3 3 3 2 2 2 3 3 2 2 2 3 3 5 6 6 6 5 5 5 5 2 1 1 1
 2 2 5 4 4 3 2 2 3 3 7 9 9 8 4 4 4 4 3 1 1 1 2 2 1 1 1 2 2 2 2 2 4 4 4 5 5 3 3 3 1 1 1 1 1 0
 2 2 5 4 4 3 2 2 3 3 7 9 9 8 4 4 4 4 3 1 1 1 2 2 1 1 1 2 2 2 2 2 4 4 4 5 5 3 3 3 1 1 1 1 1 0
 1 1 4 5 5 3 2 2 3 3 6 10 10 8 7 7 4 4 2 2 2 1 2 2 1 1 2 1 1 1 2 2 2 2 3 3 3 2 2 2 1 1 1 1 1 1
 1 1 2 3 3 4 3 3 2 2 4 11 11 8 7 7 4 4 4 4 4 3 3 3 1 1 1 1 1 2 3 3 2 2 2 1 1 1 1 1 1 1 1 1 1 1
 1 1 2 3 3 4 3 3 2 2 4 11 11 8 7 7 4 4 4 4 4 3 3 3 1 1 1 1 1 2 3 3 2 2 2 1 1 1 1 1 1 1 1 1 1 1
 1 1 1 1 1 3 4 4 3 3 7 4 4 7 7 7 6 6 6 5 5 5 4 4 4 4 1 2 2 2 2 2 2 2 1 0 0 1 1 1 1 1 1 1 1 1
 1 1 1 1 1 3 4 4 3 3 2 13 13 9 9 9 5 5 8 7 7 4 6 6 6 6 4 3 3 2 1 1 1 1 0 0 0 1 1 1 1 1 1 1 1 0
 1 1 1 1 1 3 4 4 3 3 2 13 13 9 9 9 5 5 8 7 7 4 6 6 6 6 4 3 3 2 1 1 1 1 0 0 0 1 1 1 1 1 1 1 1 0
 1 1 1 1 1 1 4 4 4 4 4 5 5 3 10 10 6 6 10 8 8 7 9 9 5 5 5 5 5 2 1 1 1 1 1 1 1 1 1 1 1 1 0 0 0 0
 1 1 1 1 1 1 4 4 4 4 4 5 5 3 10 10 6 6 10 8 8 7 9 9 5 5 5 5 5 2 1 1 1 1 1 1 1 1 1 1 1 1 0 0 0 0
 1 1 1 1 1 1 1 1 4 4 5 3 3 2 5 5 7 7 7 11 11 11 9 9 6 6 4 3 3 3 2 2 1 1 2 1 1 1 1 1 1 1 1 0 0 0
 1 1 1 2 2 0 1 1 2 2 5 6 6 2 3 3 5 5 8 8 8 9 11 11 4 4 3 2 2 2 3 3 2 2 1 1 1 1 1 1 1 1 1 0 0 0
 1 1 1 2 2 0 1 1 2 2 5 6 6 2 3 3 5 5 8 8 8 9 11 11 4 4 3 2 2 2 3 3 2 2 1 1 1 1 1 1 1 1 1 0 0 0
 1 1 2 3 3 1 1 1 2 2 2 5 5 5 3 3 4 4 6 8 8 14 8 8 11 11 4 4 4 3 3 3 3 3 2 1 1 1 1 1 1 1 1 0 0 0
 2 2 2 2 2 4 5 5 1 1 2 4 4 4 3 3 2 2 5 8 8 11 7 7 14 14 28 17 17 9 5 5 5 5 2 1 1 1 0 0 0 0 0 0 0 0
 2 2 2 2 2 4 5 5 1 1 2 4 4 4 3 3 2 2 5 8 8 11 7 7 14 14 28 17 17 9 5 5 5 5 2 1 1 1 0 0 0 0 0 0 0 0
 1 1 1 3 3 7 3 3 1 1 1 2 2 6 6 6 5 5 1 2 2 9 11 11 17 17 22 17 17 10 7 7 4 4 4 2 2 1 0 0 0 0 0 0 0 0
 1 1 1 3 3 7 3 3 1 1 1 2 2 6 6 6 5 5 1 2 2 9 11 11 17 17 22 17 17 10 7 7 4 4 4 2 2 1 0 0 0 0 0 0 0 0
 1 1 2 2 2 3 6 6 2 2 1 2 2 9 6 6 7 7 4 1 1 8 18 18 17 17 22 20 20 14 5 5 3 3 2 1 1 0 0 0 0 0 0 0 0 0
 2 2 2 2 2 3 7 7 1 1 3 7 7 7 12 12 4 4 2 2 2 4 14 14 21 21 22 21 21 14 9 9 4 4 2 1 1 0 0 0 1 1 0 0 0 0
 2 2 2 2 2 3 7 7 1 1 3 7 7 7 12 12 4 4 2 2 2 4 14 14 21 21 22 21 21 14 9 9 4 4 2 1 1 0 0 0 1 1 0 0 0 0
 3 3 3 2 2 2 1 1 1 1 3 9 9 5 3 3 13 13 5 5 5 6 6 6 6 6 16 13 13 8 9 9 6 6 4 3 3 0 0 0 1 1 0 0 0 0
 5 5 5 4 4 2 1 1 1 1 2 4 4 4 4 4 7 7 15 5 5 5 5 5 4 4 5 7 7 5 6 6 8 8 8 4 4 2 3 3 4 4 2 0 0 0
 5 5 5 4 4 2 1 1 1 1 2 4 4 4 4 4 7 7 15 5 5 5 5 5 4 4 5 7 7 5 6 6 8 8 8 4 4 2 3 3 4 4 2 0 0 0
 7 7 12 8 8 2 2 2 3 3 7 9 9 8 4 4 6 6 7 3 3 2 2 2 2 2 2 5 5 5 5 5 2 2 2 4 4 5 4 4 5 5 1 0 0 0
 7 7 12 8 8 2 2 2 3 3 7 9 9 8 4 4 6 6 7 3 3 2 2 2 2 2 2 5 5 5 5 5 2 2 2 4 4 5 4 4 5 5 1 0 0 0
 7 7 13 11 11 6 5 5 8 8 10 11 11 9 4 4 5 5 5 2 2 3 2 2 2 2 1 0 0 2 2 2 0 0 1 2 2 3 5 5 4 4 3 0 0 0
 4 4 9 11 11 10 14 14 13 13 11 5 5 2 2 2 2 2 3 3 3 2 3 3 5 5 2 2 2 2 1 1 1 1 2 1 1 1 1 1 1 1 1 0 0 0
 4 4 9 11 11 10 14 14 13 13 11 5 5 2 2 2 2 2 3 3 3 2 3 3 5 5 2 2 2 2 1 1 1 1 2 1 1 1 1 1 1 1 1 0 0 0
 3 3 5 7 7 8 16 16 16 16 7 2 2 2 3 3 2 2 4 5 5 7 7 7 8 8 9 2 2 5 3 3 3 3 0 3 3 0 0 0 2 2 0 1 1 0
 4 4 5 5 5 7 17 17 11 11 6 3 3 4 5 5 4 4 5 6 6 9 13 13 17 17 18 12 12 5 8 8 9 9 4 8 8 8 0 0 0 0 0 0 0 0
 4 4 5 5 5 7 17 17 11 11 6 3 3 4 5 5 4 4 5 6 6 9 13 13 17 17 18 12 12 5 8 8 9 9 4 8 8 8 0 0 0 0 0 0 0 0
 4 4 7 7 7 18 12 12 11 11 16 10 10 5 7 7 8 8 7 11 11 16 17 17 12 12 13 12 12 15 13 13 15 15 6 9 9 9 4 4 1 1 1 0 0 0
 4 4 7 7 7 18 12 12 11 11 16 10 10 5 7 7 8 8 7 11 11 16 17 17 12 12 13 12 12 15 13 13 15 15 6 9 9 9 4 4 1 1 1 0 0 0
 5 5 9 8 8 13 14 14 15 15 17 16 16 8 10 10 11 11 11 9 9 12 18 18 11 11 12 15 15 14 22 22 21 21 12 5 5 11 4 4 1 1 1 0 0 0
 5 5 9 7 7 14 15 15 19 19 19 18 18 14 12 12 14 14 11 11 11 10 10 10 14 14 11 6 6 8 19 19 18 18 17 11 11 10 5 5 1 1 1 2 2 0
 5 5 9 7 7 14 15 15 19 19 19 18 18 14 12 12 14 14 11 11 11 10 10 10 14 14 11 6 6 8 19 19 18 18 17 11 11 10 5 5 1 1 1 2 2 0
 5 5 9 9 9 14 21 21 24 24 22 24 24 16 6 6 14 14 14 11 11 11 9 9 7 7 4 3 3 6 9 9 9 9 5 6 6 7 4 4 1 1 1 0 0 0
 9 9 9 10 10 15 18 18 26 26 28 16 16 17 13 13 12 12 14 12 12 8 9 9 5 5 3 2 2 3 1 1 5 5 5 3 3 4 2 2 1 1 1 0 0 0
 9 9 9 10 10 15 18 18 26 26 28 16 16 17 13 13 12 12 14 12 12 8 9 9 5 5 3 2 2 3 1 1 5 5 5 3 3 4 2 2 1 1 1 0 0 0
 8 8 9 15 15 15 22 22 23 23 24 24 24 22 17 17 4 4 4 13 13 10 6 6 11 11 9 7 7 2 3 3 5 5 5 4 4 1 1 1 1 1 1 0 0 0
 8 8 9 15 15 15 22 22 23 23 24 24 24 22 17 17 4 4 4 13 13 10 6 6 11 11 9 7 7 2 3 3 5 5 5 4 4 1 1 1 1 1 1 0 0 0
 15 15 15 19 19 18 22 22 26 26 28 32 32 28 7 7 5 5 5 4 4 5 8 8 9 9 19 5 5 3 2 2 0 0 2 1 1 1 0 0 0 0 0 0 0 0
 33 33 20 25 25 23 26 26 30 30 35 34 34 25 20 20 11 11 10 16 16 9 13 13 12 12 3 1 1 1 1 1 1 1 2 1 1 1 0 0 0 0 0 0 0 0
 33 33 20 25 25 23 26 26 30 30 35 34 34 25 20 20 11 11 10 16 16 9 13 13 12 12 3 1 1 1 1 1 1 1 2 1 1 1 0 0 0 0 0 0 0 0
 37 37 29 26 26 24 30 30 33 33 33 28 28 22 18 18 16 16 20 16 16 14 16 16 19 19 9 8 8 5 7 7 1 1 2 2 2 1 1 1 0 0 0 0 0 0
 30 30 27 24 24 31 37 37 47 47 34 30 30 20 17 17 17 17 25 20 20 19 17 17 19 19 18 17 17 10 10 10 10 10 4 4 4 5 1 1 1 1 1 0 0 0
 30 30 27 24 24 31 37 37 47 47 34 30 30 20 17 17 17 17 25 20 20 19 17 17 19 19 18 17 17 10 10 10 10 10 4 4 4 5 1 1 1 1 1 0 0 0
 17 17 22 23 23 27 42 42 43 43 29 26 26 21 15 15 19 19 23 24 24 22 19 19 20 20 22 21 21 19 20 20 12 12 6 3 3 4 1 1 1 1 1 1 1 0
 17 17 22 23 23 27 42 42 43 43 29 26 26 21 15 15 19 19 23 24 24 22 19 19 20 20 22 21 21 19 20 20 12 12 6 3 3 4 1 1 1 1 1 1 1 0
 17 17 24 25 25 36 53 53 36 36 27 24 24 18 26 26 15 15 19 23 23 21 17 17 23 23 24 21 21 19 16 16 18 18 9 6 6 3 1 1 2 2 1 1 1 0
 25 25 31 29 29 53 64 64 30 30 24 23 23 21 17 17 19 19 18 21 21 22 22 22 28 28 23 27 27 17 16 16 7 7 7 7 7 4 2 2 2 2 2 2 2 1
 25 25 31 29 29 53 64 64 30 30 24 23 23 21 17 17 19 19 18 21 21 22 22 22 28 28 23 27 27 17 16 16 7 7 7 7 7 4 2 2 2 2 2 2 2 1
 32 32 40 40 40 47 50 50 35 35 20 23 23 24 26 26 19 19 19 20 20 22 23 23 27 27 32 34 34 18 15 15 22 22 2 2 2 4 3 3 3 3 2 1 1 0
 21 21 20 23 23 23 24 24 11 11 15 25 25 33 34 34 21 21 21 29 29 23 16 16 19 19 20 31 31 13 17 17 12 12 10 2 2 3 3 3 2 2 2 1 1 1
 21 21 20 23 23 23 24 24 11 11 15 25 25 33 34 34 21 21 21 29 29 23 16 16 19 19 20 31 31 13 17 17 12 12 10 2 2 3 3 3 2 2 2 1 1 1
 9 9 9 11 11 10 12 12 9 9 10 27 27 19 21 21 15 15 16 31 31 25 26 26 11 11 13 10 10 13 17 17 20 20 15 15 15 3 5 5 5 5 4 2 2 1
 9 9 9 11 11 10 12 12 9 9 10 27 27 19 21 21 15 15 16 31 31 25 26 26 11 11 13 10 10 13 17 17 20 20 15 15 15 3 5 5 5 5 4 2 2 1
 7 7 6 7 7 6 7 7 6 6 9 13 13 10 15 15 8 8 15 17 17 13 11 11 4 4 4 2 2 11 12 12 13 13 22 19 19 7 7 7 8 8 4 1 1 1
 6 6 5 5 5 6 4 4 4 4 7 6 6 7 8 8 6 6 9 7 7 6 7 7 3 3 5 6 6 5 7 7 18 18 14 14 14 6 6 6 9 9 6 3 3 1
 6 6 5 5 5 6 4 4 4 4 7 6 6 7 8 8 6 6 9 7 7 6 7 7 3 3 5 6 6 5 7 7 18 18 14 14 14 6 6 6 9 9 6 3 3 1
 3 3 4 3 3 4 3 3 4 4 4 6 6 7 8 8 7 7 7 7 7 5 13 13 9 9 7 4 4 6 11 11 11 11 10 6 6 6 6 6 8 8 7 2 2 1
 3 3 3 2 2 4 3 3 4 4 5 6 6 7 8 8 7 7 6 6 6 6 6 6 14 14 5 3 3 7 8 8 13 13 7 6 6 6 9 9 9 9 10 7 7 3
 3 3 3 2 2 4 3 3 4 4 5 6 6 7 8 8 7 7 6 6 6 6 6 6 14 14 5 3 3 7 8 8 13 13 7 6 6 6 9 9 9 9 10 7 7 3
 3 3 3 3 3 2 2 2 2 2 5 5 5 5 7 7 7 7 5 5 5 6 8 8 5 5 3 3 3 3 5 5 5 5 5 5 5 4 7 7 7 7 10 10 10 7
 3 3 3 3 3 2 2 2 2 2 5 5 5 5 7 7 7 7 5 5 5 6 8 8 5 5 3 3 3 3 5 5 5 5 5 5 5 4 7 7 7 7 10 10 10 7
 2 2 2 3 3 2 1 1 1 1 3 4 4 5 5 5 5 5 4 4 4 4 4 4 4 4 3 2 2 2 2 2 2 2 5 7 7 4 4 4 10 10 8 8 8 11
 2 2 2 3 3 1 2 2 4 4 5 5 5 5 5 5 4 4 3 3 3 3 3 3 3 3 1 2 2 1 1 1 1 1 5 5 5 11 13 13 20 20 17 12 12 3
 2 2 2 3 3 1 2 2 4 4 5 5 5 5 5 5 4 4 3 3 3 3 3 3 3 3 1 2 2 1 1 1 1 1 5 5 5 11 13 13 20 20 17 12 12 3
 2 2 2 3 3 3 4 4 6 6 6 6 6 5 3 3 4 4 3 2 2 3 4 4 3 3 1 2 2 1 1 1 1 1 12 12 12 11 20 20 14 14 13 11 11 12
 2 2 2 3 3 3 1 1 3 3 4 2 2 2 2 2 4 4 3 2 2 3 3 3 2 2 3 2 2 1 1 1 2 2 2 12 12 10 11 11 13 13 22 6 6 7
