assets/RAT_results_old/precipitation/2021-08-27_IMERG.asc
ncols        46
nrows        77
xllcorner    74.800261325624
yllcorner    8.058333333333
cellsize     0.062500000000
NODATA_value -9999
 22 22 24 24 24 20 20 20 15 15 16 15 15 9 5 5 5 5 6 4 4 4 4 4 6 6 7 6 6 7 8 8 13 13 14 17 17 38 21 21 22 22 23 24 24 21
 21 21 21 22 22 23 20 20 24 24 21 27 27 22 14 14 4 4 3 2 2 3 3 3 4 4 6 7 7 7 7 7 13 13 15 19 19 35 18 18 19 19 20 21 21 13
 21 21 21 22 22 23 20 20 24 24 21 27 27 22 14 14 4 4 3 2 2 3 3 3 4 4 6 7 7 7 7 7 13 13 15 19 19 35 18 18 19 19 20 21 21 13
 23 23 27 22 22 21 23 23 26 26 17 31 31 27 15 15 2 2 2 2 2 2 3 3 4 4 8 9 9 7 7 7 10 10 9 13 13 18 14 14 12 12 10 9 9 9
 17 17 22 25 25 31 30 30 29 29 23 22 22 9 7 7 5 5 4 3 3 2 3 3 4 4 6 7 7 4 4 4 4 4 4 5 5 6 10 10 10 10 9 8 8 9
 17 17 22 25 25 31 30 30 29 29 23 22 22 9 7 7 5 5 4 3 3 2 3 3 4 4 6 7 7 4 4 4 4 4 4 5 5 6 10 10 10 10 9 8 8 9
 15 15 17 18 18 23 31 31 37 37 21 24 24 10 3 3 7 7 7 7 7 4 5 5 5 5 4 4 4 4 2 2 2 2 4 3 3 3 4 4 9 9 11 13 13 15
 15 15 17 18 18 23 31 31 37 37 21 24 24 10 3 3 7 7 7 7 7 4 5 5 5 5 4 4 4 4 2 2 2 2 4 3 3 3 4 4 9 9 11 13 13 15
 12 12 16 22 22 26 24 24 25 25 24 20 20 6 14 14 7 7 5 6 6 4 4 4 4 4 3 3 3 2 3 3 4 4 4 3 3 3 3 3 15 15 16 13 13 14
 28 28 16 20 20 28 26 26 21 21 19 22 22 14 15 15 10 10 5 2 2 2 3 3 3 3 4 3 3 5 9 9 8 8 8 8 8 7 6 6 6 6 25 17 17 12
 28 28 16 20 20 28 26 26 21 21 19 22 22 14 15 15 10 10 5 2 2 2 3 3 3 3 4 3 3 5 9 9 8 8 8 8 8 7 6 6 6 6 25 17 17 12
 23 23 19 18 18 28 29 29 19 19 17 23 23 19 16 16 13 13 12 3 3 3 3 3 4 4 4 5 5 6 6 6 4 4 5 5 5 5 5 5 9 9 13 12 12 9
 23 23 17 12 12 23 23 23 23 23 19 22 22 23 22 22 14 14 11 4 4 5 6 6 7 7 7 6 6 4 3 3 3 3 3 3 3 4 5 5 7 7 4 8 8 11
 23 23 17 12 12 23 23 23 23 23 19 22 22 23 22 22 14 14 11 4 4 5 6 6 7 7 7 6 6 4 3 3 3 3 3 3 3 4 5 5 7 7 4 8 8 11
 18 18 13 18 18 22 26 26 23 23 15 17 17 18 20 20 15 15 8 9 9 10 10 10 9 9 10 8 8 4 4 4 4 4 4 5 5 5 6 6 7 7 11 11 11 7
 18 18 13 18 18 22 26 26 23 23 15 17 17 18 20 20 15 15 8 9 9 10 10 10 9 9 10 8 8 4 4 4 4 4 4 5 5 5 6 6 7 7 11 11 11 7
 13 13 17 19 19 21 21 21 25 25 21 20 20 23 26 26 18 18 13 9 9 9 10 10 12 12 13 8 8 5 5 5 5 5 5 6 6 6 6 6 7 7 9 7 7 7
 16 16 17 14 14 17 16 16 16 16 17 20 20 19 25 25 31 31 12 10 10 8 11 11 12 12 12 9 9 7 6 6 6 6 7 7 7 7 6 6 7 7 7 6 6 8
 16 16 17 14 14 17 16 16 16 16 17 20 20 19 25 25 31 31 12 10 10 8 11 11 12 12 12 9 9 7 6 6 6 6 7 7 7 7 6 6 7 7 7 6 6 8
 12 12 9 9 9 11 14 14 14 14 14 17 17 20 23 23 34 34 15 13 13 12 11 11 16 16 14 13 13 10 7 7 6 6 7 8 8 7 6 6 6 6 9 8 8 9
 8 8 8 11 11 9 11 11 11 11 14 18 18 22 24 24 29 29 24 20 20 19 20 20 20 20 16 13 13 15 9 9 7 7 6 5 5 5 6 6 5 5 5 7 7 8
 8 8 8 11 11 9 11 11 11 11 14 18 18 22 24 24 29 29 24 20 20 19 20 20 20 20 16 13 13 15 9 9 7 7 6 5 5 5 6 6 5 5 5 7 7 8
 12 12 17 12 12 12 9 9 9 9 11 13 13 24 30 30 38 38 36 30 30 27 28 28 25 25 24 18 18 13 11 11 8 8 6 5 5 5 5 5 4 4 4 5 5 5
 12 12 17 12 12 12 9 9 9 9 11 13 13 24 30 30 38 38 36 30 30 27 28 28 25 25 24 18 18 13 11 11 8 8 6 5 5 5 5 5 4 4 4 5 5 5
 9 9 10 10 10 10 8 8 8 8 10 15 15 24 33 33 34 34 37 32 32 24 25 25 30 30 19 15 15 13 6 6 6 6 4 3 3 3 2 2 2 2 1 1 1 1
 8 8 8 11 11 14 11 11 9 9 10 12 12 22 32 32 34 34 24 21 21 19 18 18 25 25 22 14 14 14 3 3 3 3 3 2 2 1 1 1 0 0 0 0 0 0
 8 8 8 11 11 14 11 11 9 9 10 12 12 22 32 32 34 34 24 21 21 19 18 18 25 25 22 14 14 14 3 3 3 3 3 2 2 1 1 1 0 0 0 0 0 0
 11 11 13 14 14 19 13 13 10 10 11 13 13 17 39 39 51 51 42 21 21 20 20 20 20 20 16 13 13 10 3 3 3 3 2 0 0 0 0 0 0 0 0 0 0 0
 13 13 28 16 16 26 30 30 15 15 14 14 14 21 42 42 63 63 50 33 33 22 13 13 19 19 13 13 13 11 6 6 4 4 2 0 0 0 0 0 0 0 0 0 0 0
 13 13 28 16 16 26 30 30 15 15 14 14 14 21 42 42 63 63 50 33 33 22 13 13 19 19 13 13 13 11 6 6 4 4 2 0 0 0 0 0 0 0 0 0 0 0
 27 27 30 21 21 22 30 30 20 20 20 18 18 31 38 38 60 60 40 28 28 19 11 11 20 20 17 17 17 10 6 6 3 3 1 1 1 0 0 0 0 0 0 0 0 1
 27 27 30 21 21 22 30 30 20 20 20 18 18 31 38 38 60 60 40 28 28 19 11 11 20 20 17 17 17 10 6 6 3 3 1 1 1 0 0 0 0 0 0 0 0 1
 23 23 23 22 22 22 24 24 26 26 22 25 25 27 43 43 62 62 42 29 29 17 20 20 21 21 12 12 12 12 12 12 5 5 3 1 1 2 1 1 1 1 1 0 0 0
 22 22 27 26 26 26 23 23 27 27 24 26 26 28 46 46 50 50 56 46 46 35 27 27 24 24 20 16 16 13 10 10 6 6 4 1 1 1 1 1 1 1 1 2 2 1
 22 22 27 26 26 26 23 23 27 27 24 26 26 28 46 46 50 50 56 46 46 35 27 27 24 24 20 16 16 13 10 10 6 6 4 1 1 1 1 1 1 1 1 2 2 1
 23 23 26 25 25 21 24 24 23 23 22 22 22 36 47 47 72 72 81 68 68 42 31 31 26 26 23 21 21 22 16 16 11 11 5 3 3 3 2 2 1 1 2 1 1 3
 17 17 18 20 20 22 27 27 21 21 19 20 20 25 40 40 53 53 60 44 44 42 31 31 27 27 23 16 16 19 25 25 22 22 17 8 8 6 5 5 3 3 3 3 3 2
 17 17 18 20 20 22 27 27 21 21 19 20 20 25 40 40 53 53 60 44 44 42 31 31 27 27 23 16 16 19 25 25 22 22 17 8 8 6 5 5 3 3 3 3 3 2
 16 16 14 15 15 19 19 19 19 19 15 18 18 20 24 24 36 36 45 49 49 38 35 35 28 28 27 24 24 30 23 23 24 24 24 17 17 13 16 16 11 11 7 7 7 3
 16 16 14 15 15 19 19 19 19 19 15 18 18 20 24 24 36 36 45 49 49 38 35 35 28 28 27 24 24 30 23 23 24 24 24 17 17 13 16 16 11 11 7 7 7 3
 11 11 15 16 16 20 18 18 24 24 19 20 20 21 23 23 32 32 49 50 50 42 35 35 31 31 27 33 33 22 29 29 28 28 31 31 31 23 17 17 11 11 14 11 11 9
 13 13 16 18 18 20 20 20 25 25 24 24 24 28 23 23 24 24 39 49 49 42 32 32 27 27 18 18 18 21 23 23 36 36 42 34 34 33 23 23 20 20 17 11 11 9
 13 13 16 18 18 20 20 20 25 25 24 24 24 28 23 23 24 24 39 49 49 42 32 32 27 27 18 18 18 21 23 23 36 36 42 34 34 33 23 23 20 20 17 11 11 9
 24 24 24 21 21 23 28 28 26 26 24 26 26 28 26 26 24 24 32 46 46 36 30 30 21 21 15 12 12 14 30 30 30 30 44 37 37 30 26 26 18 18 11 6 6 4
 31 31 28 23 23 22 25 25 24 24 23 23 23 23 26 26 25 25 30 43 43 37 33 33 26 26 16 14 14 17 19 19 25 25 36 30 30 21 18 18 17 17 10 6 6 3
 31 31 28 23 23 22 25 25 24 24 23 23 23 23 26 26 25 25 30 43 43 37 33 33 26 26 16 14 14 17 19 19 25 25 36 30 30 21 18 18 17 17 10 6 6 3
 24 24 21 20 20 19 24 24 24 24 23 24 24 28 36 36 28 28 32 41 41 43 31 31 20 20 19 15 15 16 15 15 24 24 25 15 15 12 12 12 10 10 6 3 3 3
 24 24 21 20 20 19 24 24 24 24 23 24 24 28 36 36 28 28 32 41 41 43 31 31 20 20 19 15 15 16 15 15 24 24 25 15 15 12 12 12 10 10 6 3 3 3
 17 17 19 21 21 27 30 30 30 30 38 29 29 32 34 34 40 40 32 36 36 36 29 29 28 28 17 16 16 21 18 18 14 14 17 12 12 14 13 13 10 10 7 3 3 3
 14 14 19 23 23 34 35 35 27 27 30 28 28 36 38 38 39 39 33 17 17 31 25 25 26 26 22 16 16 25 20 20 14 14 12 8 8 7 6 6 5 5 6 1 1 2
 14 14 19 23 23 34 35 35 27 27 30 28 28 36 38 38 39 39 33 17 17 31 25 25 26 26 22 16 16 25 20 20 14 14 12 8 8 7 6 6 5 5 6 1 1 2
 13 13 18 29 29 31 30 30 26 26 29 32 32 34 32 32 28 28 20 15 15 28 22 22 21 21 19 23 23 18 15 15 9 9 8 6 6 5 3 3 4 4 6 2 2 1
 14 14 14 23 23 25 26 26 26 26 31 34 34 34 27 27 28 28 11 10 10 19 23 23 19 19 19 27 27 18 15 15 10 10 7 6 6 6 3 3 2 2 1 2 2 1
 14 14 14 23 23 25 26 26 26 26 31 34 34 34 27 27 28 28 11 10 10 19 23 23 19 19 19 27 27 18 15 15 10 10 7 6 6 6 3 3 2 2 1 2 2 1
 15 15 14 17 17 17 23 23 36 36 34 29 29 25 20 20 16 16 9 7 7 16 23 23 18 18 20 17 17 11 13 13 9 9 5 5 5 4 2 2 3 3 3 2 2 1
 15 15 14 17 17 17 23 23 36 36 34 29 29 25 20 20 16 16 9 7 7 16 23 23 18 18 20 17 17 11 13 13 9 9 5 5 5 4 2 2 3 3 3 2 2 1
 15 15 14 15 15 15 17 17 30 30 26 22 22 16 13 13 8 8 7 7 7 16 22 22 21 21 22 15 15 5 14 14 9 9 7 7 7 5 3 3 4 4 3 2 2 1
 14 14 12 13 13 14 15 15 26 26 28 20 20 12 10 10 6 6 5 5 5 9 21 21 23 23 18 11 11 6 12 12 9 9 8 11 11 7 3 3 3 3 4 1 1 0
 14 14 12 13 13 14 15 15 26 26 28 20 20 12 10 10 6 6 5 5 5 9 21 21 23 23 18 11 11 6 12 12 9 9 8 11 11 7 3 3 3 3 4 1 1 0
 10 10 10 11 11 9 11 11 18 18 21 11 11 7 7 7 6 6 5 5 5 11 15 15 15 15 22 11 11 15 16 16 13 13 12 8 8 3 2 2 3 3 3 1 1 0
 10 10 10 10 10 11 12 12 13 13 16 7 7 4 6 6 8 8 9 9 9 11 13 13 14 14 14 15 15 14 14 14 13 13 7 6 6 1 1 1 2 2 2 1 1 0
 10 10 10 10 10 11 12 12 13 13 16 7 7 4 6 6 8 8 9 9 9 11 13 13 14 14 14 15 15 14 14 14 13 13 7 6 6 1 1 1 2 2 2 1 1 0
 11 11 12 11 11 10 8 8 5 5 12 4 4 3 5 5 8 8 8 9 9 7 6 6 6 6 13 17 17 16 13 13 8 8 8 5 5 2 1 1 1 1 1 1 1 1
 11 11 12 11 11 10 8 8 5 5 12 4 4 3 5 5 8 8 8 9 9 7 6 6 6 6 13 17 17 16 13 13 8 8 8 5 5 2 1 1 1 1 1 1 1 1
 10 10 12 6 6 6 6 6 4 4 8 4 4 3 4 4 7 7 7 7 7 5 7 7 11 11 11 7 7 12 11 11 6 6 4 3 3 3 4 4 3 3 2 1 1 1
 7 7 4 2 2 2 2 2 3 3 4 4 4 4 4 4 5 5 5 5 5 4 8 8 10 10 6 3 3 7 4 4 4 4 4 3 3 3 5 5 7 7 3 1 1 1
 7 7 4 2 2 2 2 2 3 3 4 4 4 4 4 4 5 5 5 5 5 4 8 8 10 10 6 3 3 7 4 4 4 4 4 3 3 3 5 5 7 7 3 1 1 1
 3 3 2 1 1 1 2 2 2 2 3 3 3 2 3 3 5 5 4 4 4 1 2 2 4 4 3 3 3 2 3 3 4 4 4 2 2 4 4 4 5 5 2 1 1 0
 3 3 1 2 2 2 2 2 1 1 1 2 2 2 3 3 5 5 4 3 3 1 1 1 3 3 2 2 2 2 6 6 4 4 5 4 4 2 5 5 4 4 1 1 1 1
 3 3 1 2 2 2 2 2 1 1 1 2 2 2 3 3 5 5 4 3 3 1 1 1 3 3 2 2 2 2 6 6 4 4 5 4 4 2 5 5 4 4 1 1 1 1
 4 4 3 3 3 3 1 1 1 1 2 2 2 3 4 4 5 5 3 2 2 1 0 0 0 0 0 1 1 1 5 5 1 1 4 3 3 2 3 3 4 4 4 4 4 4
 4 4 3 3 3 3 1 1 1 1 2 2 2 3 4 4 5 5 3 2 2 1 0 0 0 0 0 1 1 1 5 5 1 1 4 3 3 2 3 3 4 4 4 4 4 4
 4 4 4 3 3 2 2 2 4 4 4 4 4 4 5 5 6 6 3 1 1 1 0 0 0 0 0 0 0 1 12 12 1 1 2 3 3 3 3 3 4 4 4 6 6 7
 5 5 4 4 4 3 3 3 8 8 9 13 13 6 3 3 2 2 2 1 1 0 0 0 0 0 0 0 0 0 1 1 2 2 1 2 2 6 6 6 4 4 4 3 3 2
 5 5 4 4 4 3 3 3 8 8 9 13 13 6 3 3 2 2 2 1 1 0 0 0 0 0 0 0 0 0 1 1 2 2 1 2 2 6 6 6 4 4 4 3 3 2
 3 3 2 4 4 3 4 4 8 8 8 6 6 3 2 2 1 1 0 0 0 0 0 0 0 0 0 0 0 0 1 1 1 1 1 2 2 2 6 6 4 4 3 2 2 2
 2 2 4 4 4 3 4 4 8 8 7 3 3 1 1 1 0 0 0 0 0 0 0 0 0 0 0 0 0 0 1 1 1 1 1 1 1 1 1 1 1 1 2 1 1 1
