assets/RAT_results_old/precipitation/2021-03-10_IMERG.asc
ncols        46
nrows        77
xllcorner    74.800261325624
yllcorner    8.058333333333
cellsize     0.062500000000
NODATA_value -9999
 0 0 0 0 0 0 0 0 0 0 0 0 0 0 0 0 0 0 0 0 0 0 0 0 0 0 0 0 0 0 0 0 0 0 0 0 0 0 0 0 0 0 0 0 0 0
 1 1 0 0 0 0 0 0 0 0 0 0 0 0 0 0 0 0 0 0 0 0 0 0 0 0 0 0 0 0 0 0 0 0 0 0 0 0 0 0 0 0 0 0 0 0
 1 1 0 0 0 0 0 0 0 0 0 0 0 0 0 0 0 0 0 0 0 0 0 0 0 0 0 0 0 0 0 0 0 0 0 0 0 0 0 0 0 0 0 0 0 0
 0 0 0 0 0 0 1 1 2 2 1 1 1 2 3 3 0 0 0 0 0 0 0 0 0 0 0 0 0 0 0 0 0 0 0 0 0 0 0 0 0 0 0 0 0 0
 0 0 1 0 0 1 6 6 13 13 11 7 7 1 0 0 0 0 0 0 0 0 0 0 0 0 0 0 0 0 0 0 0 0 0 0 0 0 0 0 0 0 0 0 0 0
 0 0 1 0 0 1 6 6 13 13 11 7 7 1 0 0 0 0 0 0 0 0 0 0 0 0 0 0 0 0 0 0 0 0 0 0 0 0 0 0 0 0 0 0 0 0
 0 0 0 0 0 1 9 9 19 19 19 14 14 5 1 1 0 0 0 0 0 0 0 0 0 0 0 0 0 0 0 0 0 0 0 0 0 0 0 0 0 0 0 0 0 0
 0 0 0 0 0 1 9 9 19 19 19 14 14 5 1 1 0 0 0 0 0 0 0 0 0 0 0 0 0 0 0 0 0 0 0 0 0 0 0 0 0 0 0 0 0 0
 0 0 0 0 0 1 6 6 19 19 23 17 17 8 1 1 0 0 0 0 0 0 0 0 0 0 0 0 0 0 0 0 0 0 0 0 0 0 0 0 0 0 0 0 0 0
 0 0 0 1 1 1 2 2 12 12 15 13 13 6 1 1 0 0 0 1 1 1 1 1 0 0 0 0 0 0 0 0 0 0 0 0 0 0 0 0 0 0 0 0 0 0
 0 0 0 1 1 1 2 2 12 12 15 13 13 6 1 1 0 0 0 1 1 1 1 1 0 0 0 0 0 0 0 0 0 0 0 0 0 0 0 0 0 0 0 0 0 0
 0 0 0 0 0 1 2 2 4 4 4 5 5 1 0 0 0 0 0 1 1 0 2 2 0 0 0 0 0 0 0 0 0 0 1 0 0 0 0 0 0 0 0 0 0 0
 1 1 2 2 2 4 4 4 21 21 16 5 5 1 0 0 0 0 4 11 11 3 1 1 1 1 0 0 0 0 0 0 0 0 0 0 0 0 0 0 0 0 0 0 0 0
 1 1 2 2 2 4 4 4 21 21 16 5 5 1 0 0 0 0 4 11 11 3 1 1 1 1 0 0 0 0 0 0 0 0 0 0 0 0 0 0 0 0 0 0 0 0
 8 8 26 45 45 32 23 23 23 23 17 16 16 11 12 12 9 9 24 25 25 5 2 2 2 2 0 0 0 0 0 0 1 1 1 0 0 0 0 0 0 0 0 0 0 0
 8 8 26 45 45 32 23 23 23 23 17 16 16 11 12 12 9 9 24 25 25 5 2 2 2 2 0 0 0 0 0 0 1 1 1 0 0 0 0 0 0 0 0 0 0 0
 12 12 33 30 30 65 30 30 28 28 25 23 23 23 6 6 21 21 38 27 27 7 3 3 1 1 0 0 0 0 1 1 4 4 3 1 1 0 0 0 0 0 0 0 0 0
 26 26 39 50 50 61 54 54 41 41 25 31 31 19 30 30 41 41 52 43 43 48 4 4 1 1 0 0 0 2 4 4 7 7 6 2 2 0 0 0 0 0 0 0 0 0
 26 26 39 50 50 61 54 54 41 41 25 31 31 19 30 30 41 41 52 43 43 48 4 4 1 1 0 0 0 2 4 4 7 7 6 2 2 0 0 0 0 0 0 0 0 0
 52 52 21 47 47 52 61 61 47 47 49 35 35 31 20 20 26 26 27 45 45 16 4 4 1 1 0 0 0 3 7 7 12 12 22 2 2 0 0 0 0 0 0 0 0 0
 14 14 38 66 66 57 48 48 40 40 38 63 63 34 34 34 38 38 47 17 17 10 4 4 2 2 1 2 2 9 13 13 34 34 66 1 1 0 0 0 0 0 0 0 0 0
 14 14 38 66 66 57 48 48 40 40 38 63 63 34 34 34 38 38 47 17 17 10 4 4 2 2 1 2 2 9 13 13 34 34 66 1 1 0 0 0 0 0 0 0 0 0
 75 75 76 29 29 79 34 34 35 35 48 56 56 50 40 40 39 39 40 24 24 15 7 7 3 3 3 6 6 15 26 26 115 115 98 4 4 0 0 0 0 0 0 0 0 0
 75 75 76 29 29 79 34 34 35 35 48 56 56 50 40 40 39 39 40 24 24 15 7 7 3 3 3 6 6 15 26 26 115 115 98 4 4 0 0 0 0 0 0 0 0 0
 30 30 77 63 63 81 65 65 31 31 60 51 51 47 48 48 23 23 27 33 33 31 9 9 6 6 7 11 11 29 158 158 83 83 40 11 11 1 6 6 0 0 0 0 0 0
 66 66 76 63 63 49 47 47 45 45 80 61 61 75 62 62 59 59 30 34 34 13 11 11 8 8 13 14 14 34 54 54 72 72 24 4 4 1 0 0 0 0 0 0 0 0
 66 66 76 63 63 49 47 47 45 45 80 61 61 75 62 62 59 59 30 34 34 13 11 11 8 8 13 14 14 34 54 54 72 72 24 4 4 1 0 0 0 0 0 0 0 0
 17 17 30 42 42 43 24 24 38 38 65 100 100 161 75 75 76 76 79 61 61 96 12 12 14 14 14 31 31 31 60 60 94 94 17 12 12 2 0 0 0 0 0 0 0 0
 20 20 21 39 39 35 51 51 36 36 43 99 99 181 98 98 56 56 48 118 118 122 41 41 24 24 18 35 35 33 33 33 33 33 17 13 13 2 0 0 0 0 0 0 0 0
 20 20 21 39 39 35 51 51 36 36 43 99 99 181 98 98 56 56 48 118 118 122 41 41 24 24 18 35 35 33 33 33 33 33 17 13 13 2 0 0 0 0 0 0 0 0
 14 14 30 29 29 47 32 32 33 33 36 64 64 166 162 162 62 62 72 87 87 66 31 31 21 21 25 58 58 63 57 57 58 58 23 15 15 2 5 5 0 0 0 0 0 0
 14 14 30 29 29 47 32 32 33 33 36 64 64 166 162 162 62 62 72 87 87 66 31 31 21 21 25 58 58 63 57 57 58 58 23 15 15 2 5 5 0 0 0 0 0 0
 14 14 29 29 29 41 43 43 34 34 33 30 30 123 138 138 39 39 143 87 87 68 70 70 48 48 58 64 64 83 81 81 98 98 50 28 28 6 5 5 0 0 0 0 0 0
 15 15 39 29 29 42 47 47 33 33 34 51 51 77 42 42 36 36 86 68 68 81 83 83 51 51 59 83 83 48 42 42 74 74 92 35 35 5 5 5 0 0 0 0 0 0
 15 15 39 29 29 42 47 47 33 33 34 51 51 77 42 42 36 36 86 68 68 81 83 83 51 51 59 83 83 48 42 42 74 74 92 35 35 5 5 5 0 0 0 0 0 0
 17 17 38 29 29 46 46 46 48 48 28 32 32 72 106 106 134 134 155 108 108 85 71 71 79 79 57 32 32 26 15 15 33 33 91 29 29 0 0 0 1 1 0 0 0 0
 44 44 30 32 32 43 69 69 41 41 40 32 32 42 63 63 147 147 70 65 65 77 47 47 90 90 82 33 33 24 12 12 12 12 52 28 28 2 2 2 2 2 1 0 0 0
 44 44 30 32 32 43 69 69 41 41 40 32 32 42 63 63 147 147 70 65 65 77 47 47 90 90 82 33 33 24 12 12 12 12 52 28 28 2 2 2 2 2 1 0 0 0
 73 73 61 43 43 47 43 43 51 51 52 37 37 22 10 10 29 29 32 25 25 72 41 41 77 77 47 40 40 25 16 16 6 6 1 2 2 12 17 17 13 13 6 12 12 20
 73 73 61 43 43 47 43 43 51 51 52 37 37 22 10 10 29 29 32 25 25 72 41 41 77 77 47 40 40 25 16 16 6 6 1 2 2 12 17 17 13 13 6 12 12 20
 21 21 40 30 30 36 45 45 43 43 34 24 24 7 2 2 1 1 26 7 7 2 29 29 30 30 33 39 39 36 17 17 6 6 4 11 11 18 24 24 22 22 27 24 24 24
 16 16 20 18 18 32 24 24 36 36 21 18 18 1 1 1 4 4 21 2 2 2 3 3 74 74 41 38 38 29 17 17 8 8 9 21 21 45 40 40 33 33 31 24 24 29
 16 16 20 18 18 32 24 24 36 36 21 18 18 1 1 1 4 4 21 2 2 2 3 3 74 74 41 38 38 29 17 17 8 8 9 21 21 45 40 40 33 33 31 24 24 29
 19 19 16 9 9 14 17 17 14 14 6 8 8 0 1 1 1 1 2 2 2 3 11 11 9 9 10 61 61 52 88 88 8 8 8 29 29 71 62 62 66 66 78 45 45 35
 11 11 12 10 10 8 9 9 4 4 2 4 4 1 1 1 2 2 2 2 2 2 3 3 21 21 19 44 44 40 59 59 39 39 19 39 39 81 73 73 69 69 84 74 74 64
 11 11 12 10 10 8 9 9 4 4 2 4 4 1 1 1 2 2 2 2 2 2 3 3 21 21 19 44 44 40 59 59 39 39 19 39 39 81 73 73 69 69 84 74 74 64
 12 12 20 5 5 2 6 6 2 2 1 1 1 1 3 3 3 3 2 2 2 2 14 14 19 19 21 35 35 52 63 63 7 7 12 29 29 56 52 52 110 110 104 80 80 80
 12 12 20 5 5 2 6 6 2 2 1 1 1 1 3 3 3 3 2 2 2 2 14 14 19 19 21 35 35 52 63 63 7 7 12 29 29 56 52 52 110 110 104 80 80 80
 16 16 11 3 3 1 2 2 0 0 0 1 1 3 5 5 5 5 4 2 2 4 27 27 18 18 21 46 46 59 49 49 12 12 26 50 50 60 67 67 88 88 111 71 71 72
 14 14 3 1 1 1 1 1 0 0 1 1 1 3 6 6 8 8 6 4 4 33 30 30 23 23 21 44 44 81 116 116 59 59 41 55 55 68 87 87 112 112 127 129 129 108
 14 14 3 1 1 1 1 1 0 0 1 1 1 3 6 6 8 8 6 4 4 33 30 30 23 23 21 44 44 81 116 116 59 59 41 55 55 68 87 87 112 112 127 129 129 108
 2 2 1 1 1 0 1 1 1 1 1 1 1 3 7 7 9 9 7 5 5 23 34 34 24 24 22 54 54 63 88 88 82 82 87 77 77 76 108 108 106 106 185 135 135 97
 3 3 5 7 7 4 3 3 1 1 1 1 1 5 7 7 10 10 6 4 4 10 36 36 66 66 76 49 49 38 75 75 66 66 80 95 95 109 97 97 124 124 104 118 118 57
 3 3 5 7 7 4 3 3 1 1 1 1 1 5 7 7 10 10 6 4 4 10 36 36 66 66 76 49 49 38 75 75 66 66 80 95 95 109 97 97 124 124 104 118 118 57
 10 10 8 16 16 9 4 4 4 4 1 1 1 3 7 7 9 9 5 22 22 19 117 117 72 72 74 51 51 60 94 94 110 110 200 94 94 73 94 94 82 82 33 15 15 11
 10 10 8 16 16 9 4 4 4 4 1 1 1 3 7 7 9 9 5 22 22 19 117 117 72 72 74 51 51 60 94 94 110 110 200 94 94 73 94 94 82 82 33 15 15 11
 9 9 13 15 15 9 6 6 4 4 1 2 2 2 5 5 8 8 13 23 23 25 89 89 83 83 94 51 51 62 63 63 146 146 126 54 54 37 75 75 50 50 36 10 10 2
 3 3 9 16 16 13 7 7 1 1 5 6 6 4 9 9 9 9 16 20 20 52 104 104 87 87 60 82 82 44 163 163 120 120 58 46 46 41 64 64 104 104 69 13 13 1
 3 3 9 16 16 13 7 7 1 1 5 6 6 4 9 9 9 9 16 20 20 52 104 104 87 87 60 82 82 44 163 163 120 120 58 46 46 41 64 64 104 104 69 13 13 1
 2 2 5 13 13 9 3 3 2 2 4 8 8 6 13 13 15 15 22 47 47 51 75 75 134 134 47 58 58 96 118 118 126 126 82 42 42 44 68 68 81 81 43 10 10 1
 1 1 1 2 2 3 2 2 1 1 1 2 2 3 12 12 16 16 17 8 8 10 81 81 25 25 20 9 9 25 57 57 98 98 48 34 34 24 40 40 28 28 10 6 6 1
 1 1 1 2 2 3 2 2 1 1 1 2 2 3 12 12 16 16 17 8 8 10 81 81 25 25 20 9 9 25 57 57 98 98 48 34 34 24 40 40 28 28 10 6 6 1
 1 1 0 1 1 1 4 4 1 1 0 1 1 1 7 7 18 18 8 9 9 13 54 54 82 82 3 10 10 20 19 19 13 13 14 25 25 23 34 34 18 18 8 0 0 0
 1 1 0 1 1 1 4 4 1 1 0 1 1 1 7 7 18 18 8 9 9 13 54 54 82 82 3 10 10 20 19 19 13 13 14 25 25 23 34 34 18 18 8 0 0 0
 2 2 1 1 1 0 1 1 1 1 1 1 1 1 6 6 22 22 15 12 12 17 12 12 66 66 9 0 0 9 11 11 8 8 7 13 13 7 28 28 24 24 8 1 1 0
 3 3 2 1 1 1 0 0 1 1 1 1 1 1 19 19 35 35 28 18 18 19 24 24 23 23 21 18 18 12 13 13 12 12 16 15 15 16 18 18 14 14 10 4 4 2
 3 3 2 1 1 1 0 0 1 1 1 1 1 1 19 19 35 35 28 18 18 19 24 24 23 23 21 18 18 12 13 13 12 12 16 15 15 16 18 18 14 14 10 4 4 2
 4 4 2 2 2 2 1 1 1 1 1 1 1 11 22 22 47 47 42 11 11 8 9 9 9 9 6 9 9 11 10 10 9 9 9 9 9 7 5 5 5 5 4 3 3 2
 1 1 1 1 1 0 0 0 0 0 1 1 1 7 24 24 57 57 28 12 12 5 6 6 7 7 6 3 3 2 3 3 4 4 5 7 7 8 6 6 7 7 16 2 2 6
 1 1 1 1 1 0 0 0 0 0 1 1 1 7 24 24 57 57 28 12 12 5 6 6 7 7 6 3 3 2 3 3 4 4 5 7 7 8 6 6 7 7 16 2 2 6
 0 0 0 0 0 0 0 0 0 0 1 1 1 5 18 18 50 50 25 14 14 5 6 6 4 4 2 1 1 1 1 1 0 0 1 2 2 2 3 3 2 2 4 2 2 1
 0 0 0 0 0 0 0 0 0 0 1 1 1 5 18 18 50 50 25 14 14 5 6 6 4 4 2 1 1 1 1 1 0 0 1 2 2 2 3 3 2 2 4 2 2 1
 0 0 0 0 0 0 0 0 0 0 1 1 1 2 17 17 17 17 17 9 9 4 5 5 3 3 1 2 2 1 0 0 0 0 0 0 0 2 5 5 2 2 0 1 1 1
 0 0 0 0 0 0 0 0 1 1 1 1 1 4 3 3 3 3 7 9 9 5 3 3 2 2 2 4 4 1 0 0 0 0 0 0 0 1 1 1 1 1 0 0 0 0
 0 0 0 0 0 0 0 0 1 1 1 1 1 4 3 3 3 3 7 9 9 5 3 3 2 2 2 4 4 1 0 0 0 0 0 0 0 1 1 1 1 1 0 0 0 0
 0 0 0 0 0 0 0 0 1 1 2 2 2 8 7 7 3 3 5 4 4 4 1 1 1 1 2 4 4 1 0 0 0 0 0 0 0 0 0 0 0 0 0 0 0 0
 0 0 0 0 0 0 0 0 1 1 9 17 17 13 10 10 6 6 2 1 1 0 0 0 0 0 1 2 2 0 0 0 0 0 0 0 0 0 0 0 0 0 0 0 0 0
