assets/RAT_results_old/precipitation/2021-07-16_IMERG.asc
ncols        46
nrows        77
xllcorner    74.800261325624
yllcorner    8.058333333333
cellsize     0.062500000000
NODATA_value -9999
 25 25 26 18 18 18 23 23 15 15 16 14 14 15 3 3 2 2 1 0 0 0 0 0 0 0 0 0 0 0 0 0 0 0 0 0 0 0 0 0 0 0 1 3 3 3
 24 24 27 25 25 27 28 28 28 28 12 15 15 18 1 1 2 2 1 0 0 0 0 0 0 0 0 0 0 0 0 0 0 0 0 0 0 0 0 0 0 0 0 0 0 1
 24 24 27 25 25 27 28 28 28 28 12 15 15 18 1 1 2 2 1 0 0 0 0 0 0 0 0 0 0 0 0 0 0 0 0 0 0 0 0 0 0 0 0 0 0 1
 28 28 29 27 27 16 14 14 16 16 10 13 13 10 2 2 4 4 3 2 2 0 0 0 0 0 0 0 0 0 0 0 0 0 0 0 0 0 0 0 0 0 0 0 0 0
 27 27 25 22 22 22 20 20 20 20 13 7 7 4 3 3 6 6 5 3 3 2 0 0 0 0 0 0 0 0 0 0 0 0 0 0 0 0 0 0 0 0 0 0 0 0
 27 27 25 22 22 22 20 20 20 20 13 7 7 4 3 3 6 6 5 3 3 2 0 0 0 0 0 0 0 0 0 0 0 0 0 0 0 0 0 0 0 0 0 0 0 0
 26 26 33 24 24 21 24 24 16 16 8 6 6 5 4 4 5 5 5 2 2 2 0 0 0 0 0 1 1 1 0 0 0 0 0 0 0 0 0 0 0 0 0 2 2 0
 26 26 33 24 24 21 24 24 16 16 8 6 6 5 4 4 5 5 5 2 2 2 0 0 0 0 0 1 1 1 0 0 0 0 0 0 0 0 0 0 0 0 0 2 2 0
 29 29 22 22 22 22 17 17 12 12 8 8 8 2 2 2 2 2 2 2 2 0 0 0 0 0 0 0 0 1 0 0 0 0 0 0 0 0 1 1 0 0 3 2 2 2
 18 18 21 19 19 19 13 13 7 7 8 4 4 3 1 1 1 1 2 2 2 0 0 0 0 0 0 0 0 0 1 1 0 0 1 1 1 1 2 2 2 2 2 1 1 2
 18 18 21 19 19 19 13 13 7 7 8 4 4 3 1 1 1 1 2 2 2 0 0 0 0 0 0 0 0 0 1 1 0 0 1 1 1 1 2 2 2 2 2 1 1 2
 15 15 18 15 15 16 17 17 18 18 15 10 10 6 1 1 4 4 3 4 4 1 0 0 0 0 0 0 0 1 0 0 1 1 1 1 1 1 2 2 2 2 1 0 0 1
 12 12 19 12 12 18 14 14 14 14 22 15 15 19 19 19 9 9 7 2 2 2 0 0 0 0 3 0 0 0 0 0 0 0 0 1 1 1 2 2 1 1 3 1 1 3
 12 12 19 12 12 18 14 14 14 14 22 15 15 19 19 19 9 9 7 2 2 2 0 0 0 0 3 0 0 0 0 0 0 0 0 1 1 1 2 2 1 1 3 1 1 3
 17 17 27 17 17 19 16 16 16 16 14 20 20 22 15 15 10 10 7 4 4 5 1 1 1 1 1 1 1 0 0 0 0 0 0 1 1 1 1 1 2 2 3 2 2 2
 17 17 27 17 17 19 16 16 16 16 14 20 20 22 15 15 10 10 7 4 4 5 1 1 1 1 1 1 1 0 0 0 0 0 0 1 1 1 1 1 2 2 3 2 2 2
 28 28 26 31 31 36 22 22 21 21 17 12 12 19 17 17 10 10 12 5 5 10 2 2 1 1 3 1 1 0 0 0 0 0 0 0 0 0 1 1 1 1 2 1 1 1
 23 23 31 32 32 35 23 23 16 16 18 14 14 9 10 10 10 10 9 11 11 11 7 7 3 3 3 0 0 1 0 0 0 0 0 0 0 0 1 1 2 2 1 1 1 0
 23 23 31 32 32 35 23 23 16 16 18 14 14 9 10 10 10 10 9 11 11 11 7 7 3 3 3 0 0 1 0 0 0 0 0 0 0 0 1 1 2 2 1 1 1 0
 21 21 36 49 49 44 33 33 25 25 20 12 12 11 6 6 13 13 8 8 8 4 6 6 4 4 1 1 1 0 0 0 0 0 0 0 0 0 1 1 1 1 1 1 1 0
 23 23 37 48 48 42 44 44 28 28 24 14 14 16 13 13 11 11 12 12 12 7 6 6 6 6 1 2 2 3 0 0 0 0 1 0 0 1 1 1 1 1 1 0 0 0
 23 23 37 48 48 42 44 44 28 28 24 14 14 16 13 13 11 11 12 12 12 7 6 6 6 6 1 2 2 3 0 0 0 0 1 0 0 1 1 1 1 1 1 0 0 0
 19 19 27 41 41 42 35 35 23 23 27 20 20 17 18 18 22 22 26 11 11 11 10 10 4 4 3 3 3 4 3 3 1 1 1 2 2 2 1 1 1 1 2 0 0 0
 19 19 27 41 41 42 35 35 23 23 27 20 20 17 18 18 22 22 26 11 11 11 10 10 4 4 3 3 3 4 3 3 1 1 1 2 2 2 1 1 1 1 2 0 0 0
 18 18 22 24 24 21 18 18 16 16 22 28 28 22 24 24 26 26 19 8 8 18 18 18 10 10 8 5 5 6 3 3 2 2 0 1 1 2 1 1 4 4 1 0 0 0
 12 12 13 15 15 21 17 17 20 20 26 37 37 33 27 27 22 22 13 9 9 14 20 20 19 19 13 4 4 3 2 2 0 0 0 0 0 0 1 1 0 0 1 0 0 0
 12 12 13 15 15 21 17 17 20 20 26 37 37 33 27 27 22 22 13 9 9 14 20 20 19 19 13 4 4 3 2 2 0 0 0 0 0 0 1 1 0 0 1 0 0 0
 12 12 12 12 12 18 18 18 23 23 28 34 34 36 32 32 26 26 43 32 32 16 16 16 21 21 11 6 6 2 2 2 0 0 0 0 0 0 0 0 0 0 0 0 0 1
 5 5 6 7 7 14 16 16 28 28 34 36 36 31 30 30 30 30 39 36 36 28 21 21 19 19 4 5 5 5 2 2 1 1 0 0 0 0 0 0 0 0 0 0 0 0
 5 5 6 7 7 14 16 16 28 28 34 36 36 31 30 30 30 30 39 36 36 28 21 21 19 19 4 5 5 5 2 2 1 1 0 0 0 0 0 0 0 0 0 0 0 0
 4 4 5 5 5 9 11 11 43 43 50 41 41 34 31 31 31 31 38 44 44 31 37 37 25 25 21 14 14 14 5 5 2 2 1 1 1 0 0 0 0 0 0 0 0 0
 4 4 5 5 5 9 11 11 43 43 50 41 41 34 31 31 31 31 38 44 44 31 37 37 25 25 21 14 14 14 5 5 2 2 1 1 1 0 0 0 0 0 0 0 0 0
 4 4 5 6 6 7 16 16 27 27 50 68 68 63 45 45 43 43 51 55 55 52 43 43 43 43 32 37 37 24 10 10 6 6 3 1 1 1 0 0 0 0 0 0 0 0
 2 2 4 4 4 7 16 16 20 20 54 83 83 86 70 70 49 49 52 66 66 61 42 42 47 47 37 30 30 23 15 15 6 6 3 1 1 0 0 0 0 0 1 0 0 0
 2 2 4 4 4 7 16 16 20 20 54 83 83 86 70 70 49 49 52 66 66 61 42 42 47 47 37 30 30 23 15 15 6 6 3 1 1 0 0 0 0 0 1 0 0 0
 3 3 4 9 9 10 17 17 22 22 34 41 41 76 64 64 52 52 56 84 84 77 65 65 52 52 33 29 29 25 12 12 9 9 3 2 2 0 1 1 0 0 0 0 0 0
 2 2 4 3 3 3 8 8 16 16 20 31 31 45 71 71 90 90 114 82 82 88 92 92 62 62 58 38 38 40 24 24 19 19 7 3 3 5 5 5 1 1 0 0 0 1
 2 2 4 3 3 3 8 8 16 16 20 31 31 45 71 71 90 90 114 82 82 88 92 92 62 62 58 38 38 40 24 24 19 19 7 3 3 5 5 5 1 1 0 0 0 1
 6 6 4 6 6 6 7 7 6 6 7 10 10 40 61 61 98 98 113 93 93 104 121 121 81 81 66 43 43 26 18 18 30 30 16 5 5 6 2 2 0 0 0 0 0 3
 6 6 4 6 6 6 7 7 6 6 7 10 10 40 61 61 98 98 113 93 93 104 121 121 81 81 66 43 43 26 18 18 30 30 16 5 5 6 2 2 0 0 0 0 0 3
 6 6 4 5 5 5 6 6 5 5 6 10 10 31 50 50 129 129 89 79 79 80 106 106 80 80 60 51 51 27 22 22 26 26 27 15 15 9 2 2 5 5 1 1 1 2
 5 5 4 4 4 5 6 6 6 6 7 13 13 13 26 26 67 67 84 88 88 76 91 91 93 93 83 84 84 64 42 42 20 20 25 11 11 8 8 8 2 2 2 3 3 2
 5 5 4 4 4 5 6 6 6 6 7 13 13 13 26 26 67 67 84 88 88 76 91 91 93 93 83 84 84 64 42 42 20 20 25 11 11 8 8 8 2 2 2 3 3 2
 6 6 4 4 4 4 5 5 5 5 8 14 14 19 20 20 28 28 29 52 52 59 85 85 95 95 100 92 92 67 40 40 38 38 22 20 20 18 4 4 2 2 1 1 1 0
 6 6 4 4 4 4 4 4 4 4 5 6 6 20 30 30 22 22 23 36 36 54 82 82 93 93 96 73 73 107 80 80 59 59 57 56 56 14 6 6 2 2 1 1 1 0
 6 6 4 4 4 4 4 4 4 4 5 6 6 20 30 30 22 22 23 36 36 54 82 82 93 93 96 73 73 107 80 80 59 59 57 56 56 14 6 6 2 2 1 1 1 0
 6 6 5 5 5 3 4 4 6 6 6 8 8 22 31 31 24 24 22 31 31 40 64 64 64 64 62 103 103 116 80 80 60 60 64 75 75 49 5 5 6 6 3 2 2 0
 6 6 5 5 5 3 4 4 6 6 6 8 8 22 31 31 24 24 22 31 31 40 64 64 64 64 62 103 103 116 80 80 60 60 64 75 75 49 5 5 6 6 3 2 2 0
 6 6 8 2 2 2 1 1 2 2 5 10 10 17 33 33 25 25 21 21 21 30 42 42 53 53 51 95 95 100 104 104 99 99 95 79 79 67 12 12 16 16 8 2 2 0
 5 5 5 2 2 2 1 1 1 1 3 3 3 19 27 27 17 17 20 22 22 27 27 27 57 57 52 68 68 69 79 79 103 103 97 79 79 25 28 28 34 34 17 3 3 1
 5 5 5 2 2 2 1 1 1 1 3 3 3 19 27 27 17 17 20 22 22 27 27 27 57 57 52 68 68 69 79 79 103 103 97 79 79 25 28 28 34 34 17 3 3 1
 7 7 7 1 1 1 1 1 1 1 3 9 9 14 16 16 14 14 14 13 13 15 20 20 41 41 39 59 59 80 84 84 112 112 121 120 120 53 24 24 29 29 16 15 15 3
 6 6 6 0 0 1 1 1 2 2 2 3 3 2 5 5 8 8 11 11 11 11 17 17 31 31 27 58 58 58 73 73 74 74 83 91 91 56 54 54 57 57 23 16 16 5
 6 6 6 0 0 1 1 1 2 2 2 3 3 2 5 5 8 8 11 11 11 11 17 17 31 31 27 58 58 58 73 73 74 74 83 91 91 56 54 54 57 57 23 16 16 5
 6 6 5 1 1 1 1 1 2 2 1 2 2 2 2 2 6 6 8 11 11 11 12 12 16 16 23 28 28 35 77 77 60 60 61 70 70 50 51 51 56 56 28 12 12 12
 6 6 5 1 1 1 1 1 2 2 1 2 2 2 2 2 6 6 8 11 11 11 12 12 16 16 23 28 28 35 77 77 60 60 61 70 70 50 51 51 56 56 28 12 12 12
 7 7 7 4 4 2 3 3 2 2 1 1 1 1 3 3 4 4 5 11 11 9 11 11 16 16 24 27 27 43 52 52 53 53 55 64 64 69 62 62 45 45 31 10 10 9
 5 5 5 6 6 1 2 2 2 2 1 1 1 1 3 3 2 2 2 10 10 13 21 21 12 12 28 36 36 43 64 64 57 57 62 62 62 66 50 50 26 26 22 8 8 4
 5 5 5 6 6 1 2 2 2 2 1 1 1 1 3 3 2 2 2 10 10 13 21 21 12 12 28 36 36 43 64 64 57 57 62 62 62 66 50 50 26 26 22 8 8 4
 4 4 4 5 5 2 1 1 1 1 1 1 1 2 2 2 1 1 1 7 7 9 11 11 13 13 26 35 35 37 47 47 79 79 73 58 58 58 63 63 20 20 18 5 5 1
 4 4 4 4 4 1 0 0 0 0 1 1 1 2 2 2 1 1 1 5 5 7 7 7 16 16 26 25 25 27 53 53 42 42 72 63 63 39 36 36 12 12 4 3 3 0
 4 4 4 4 4 1 0 0 0 0 1 1 1 2 2 2 1 1 1 5 5 7 7 7 16 16 26 25 25 27 53 53 42 42 72 63 63 39 36 36 12 12 4 3 3 0
 3 3 2 2 2 0 0 0 0 0 1 1 1 2 2 2 1 1 1 4 4 4 5 5 16 16 14 17 17 38 36 36 40 40 39 38 38 29 35 35 13 13 5 3 3 1
 3 3 2 2 2 0 0 0 0 0 1 1 1 2 2 2 1 1 1 4 4 4 5 5 16 16 14 17 17 38 36 36 40 40 39 38 38 29 35 35 13 13 5 3 3 1
 4 4 2 2 2 3 0 0 0 0 0 1 1 2 2 2 2 2 4 4 4 5 5 5 13 13 13 11 11 15 29 29 28 28 23 35 35 29 9 9 8 8 8 1 1 1
 3 3 3 3 3 3 0 0 0 0 0 1 1 1 1 1 1 1 4 4 4 5 5 5 4 4 9 8 8 12 12 12 13 13 13 10 10 10 4 4 4 4 8 1 1 1
 3 3 3 3 3 3 0 0 0 0 0 1 1 1 1 1 1 1 4 4 4 5 5 5 4 4 9 8 8 12 12 12 13 13 13 10 10 10 4 4 4 4 8 1 1 1
 2 2 3 3 3 3 2 2 1 1 1 1 1 1 1 1 1 1 2 4 4 4 4 4 4 4 4 6 6 5 8 8 12 12 5 12 12 11 4 4 4 4 4 0 0 0
 2 2 3 3 3 4 2 2 1 1 1 1 1 1 1 1 1 1 2 2 2 2 1 1 1 1 1 4 4 5 4 4 5 5 6 6 6 5 2 2 2 2 0 0 0 0
 2 2 3 3 3 4 2 2 1 1 1 1 1 1 1 1 1 1 2 2 2 2 1 1 1 1 1 4 4 5 4 4 5 5 6 6 6 5 2 2 2 2 0 0 0 0
 2 2 3 3 3 3 2 2 1 1 1 0 0 0 1 1 1 1 1 1 1 1 1 1 1 1 1 2 2 2 2 2 2 2 3 4 4 4 6 6 2 2 0 0 0 0
 2 2 3 3 3 3 2 2 1 1 1 0 0 0 1 1 1 1 1 1 1 1 1 1 1 1 1 2 2 2 2 2 2 2 3 4 4 4 6 6 2 2 0 0 0 0
 2 2 2 2 2 2 2 2 1 1 1 0 0 0 0 0 0 0 1 1 1 1 1 1 1 1 1 1 1 1 2 2 5 5 3 4 4 3 4 4 2 2 2 2 2 2
 1 1 1 2 2 2 2 2 1 1 1 0 0 0 1 1 1 1 1 2 2 2 1 1 1 1 1 2 2 2 1 1 5 5 5 4 4 7 6 6 6 6 5 2 2 2
 1 1 1 2 2 2 2 2 1 1 1 0 0 0 1 1 1 1 1 2 2 2 1 1 1 1 1 2 2 2 1 1 5 5 5 4 4 7 6 6 6 6 5 2 2 2
 2 2 2 1 1 1 1 1 0 0 0 1 1 1 1 1 1 1 1 1 1 2 1 1 1 1 1 2 2 2 1 1 3 3 2 4 4 1 6 6 6 6 5 5 5 6
 2 2 2 0 0 0 0 0 0 0 1 2 2 3 1 1 1 1 0 1 1 1 0 0 0 0 2 1 1 2 2 2 2 2 2 2 2 1 1 1 1 1 16 2 2 40
