assets/RAT_results_old/precipitation/2021-08-05_IMERG.asc
ncols        46
nrows        77
xllcorner    74.800261325624
yllcorner    8.058333333333
cellsize     0.062500000000
NODATA_value -9999
 5 5 7 4 4 5 3 3 6 6 7 5 5 6 5 5 3 3 4 4 4 3 3 3 1 1 0 0 0 0 0 0 0 0 0 0 0 1 2 2 1 1 1 1 1 0
 5 5 6 4 4 5 3 3 6 6 6 2 2 5 4 4 3 3 3 7 7 7 3 3 1 1 1 0 0 0 0 0 0 0 0 0 0 0 1 1 1 1 1 0 0 0
 5 5 6 4 4 5 3 3 6 6 6 2 2 5 4 4 3 3 3 7 7 7 3 3 1 1 1 0 0 0 0 0 0 0 0 0 0 0 1 1 1 1 1 0 0 0
 4 4 4 4 4 4 3 3 7 7 2 1 1 1 2 2 3 3 4 6 6 5 4 4 2 2 2 1 1 1 0 0 0 0 0 0 0 0 0 0 0 0 0 0 0 0
 2 2 3 4 4 3 3 3 4 4 2 1 1 1 2 2 4 4 5 7 7 6 5 5 5 5 3 1 1 1 0 0 0 0 0 0 0 0 0 0 0 0 0 0 0 0
 2 2 3 4 4 3 3 3 4 4 2 1 1 1 2 2 4 4 5 7 7 6 5 5 5 5 3 1 1 1 0 0 0 0 0 0 0 0 0 0 0 0 0 0 0 0
 5 5 4 3 3 2 3 3 2 2 1 1 1 1 2 2 2 2 5 5 5 3 5 5 3 3 3 1 1 1 0 0 0 0 0 0 0 0 0 0 0 0 0 0 0 0
 5 5 4 3 3 2 3 3 2 2 1 1 1 1 2 2 2 2 5 5 5 3 5 5 3 3 3 1 1 1 0 0 0 0 0 0 0 0 0 0 0 0 0 0 0 0
 1 1 4 6 6 2 1 1 4 4 2 4 4 2 1 1 2 2 1 2 2 3 2 2 3 3 3 1 1 1 0 0 0 0 0 1 1 0 0 0 0 0 0 0 0 0
 1 1 1 6 6 4 1 1 3 3 7 4 4 1 0 0 7 7 5 3 3 1 1 1 3 3 2 1 1 1 1 1 0 0 1 1 1 0 0 0 0 0 0 0 0 0
 1 1 1 6 6 4 1 1 3 3 7 4 4 1 0 0 7 7 5 3 3 1 1 1 3 3 2 1 1 1 1 1 0 0 1 1 1 0 0 0 0 0 0 0 0 0
 0 0 0 1 1 3 3 3 5 5 7 5 5 6 5 5 4 4 5 3 3 7 5 5 1 1 0 0 0 1 0 0 0 0 0 0 0 0 0 0 0 0 0 0 0 0
 1 1 0 0 0 2 2 2 4 4 6 3 3 1 8 8 13 13 6 9 9 9 2 2 2 2 1 0 0 0 0 0 0 0 0 0 0 0 0 0 0 0 0 1 1 1
 1 1 0 0 0 2 2 2 4 4 6 3 3 1 8 8 13 13 6 9 9 9 2 2 2 2 1 0 0 0 0 0 0 0 0 0 0 0 0 0 0 0 0 1 1 1
 1 1 0 0 0 0 3 3 6 6 6 3 3 14 3 3 7 7 3 2 2 1 2 2 2 2 1 0 0 0 0 0 0 0 0 0 0 0 0 0 0 0 0 1 1 0
 1 1 0 0 0 0 3 3 6 6 6 3 3 14 3 3 7 7 3 2 2 1 2 2 2 2 1 0 0 0 0 0 0 0 0 0 0 0 0 0 0 0 0 1 1 0
 1 1 1 0 0 0 2 2 6 6 3 2 2 1 14 14 6 6 3 3 3 1 0 0 1 1 0 0 0 0 0 0 0 0 0 0 0 0 0 0 0 0 0 1 1 0
 1 1 1 0 0 0 1 1 1 1 4 2 2 4 3 3 3 3 3 2 2 0 2 2 0 0 1 0 0 0 0 0 0 0 0 0 0 0 0 0 0 0 0 0 0 0
 1 1 1 0 0 0 1 1 1 1 4 2 2 4 3 3 3 3 3 2 2 0 2 2 0 0 1 0 0 0 0 0 0 0 0 0 0 0 0 0 0 0 0 0 0 0
 0 0 0 0 0 0 1 1 1 1 1 3 3 3 1 1 2 2 2 2 2 2 2 2 1 1 0 0 0 0 0 0 0 0 0 0 0 0 0 0 0 0 0 0 0 0
 0 0 0 0 0 0 0 0 2 2 2 3 3 3 3 3 1 1 0 2 2 1 2 2 0 0 0 0 0 0 0 0 1 1 1 0 0 0 0 0 0 0 0 0 0 0
 0 0 0 0 0 0 0 0 2 2 2 3 3 3 3 3 1 1 0 2 2 1 2 2 0 0 0 0 0 0 0 0 1 1 1 0 0 0 0 0 0 0 0 0 0 0
 0 0 1 1 1 0 0 0 2 2 2 1 1 3 2 2 1 1 0 2 2 1 1 1 2 2 0 1 1 1 1 1 1 1 0 0 0 0 0 0 0 0 0 0 0 0
 0 0 1 1 1 0 0 0 2 2 2 1 1 3 2 2 1 1 0 2 2 1 1 1 2 2 0 1 1 1 1 1 1 1 0 0 0 0 0 0 0 0 0 0 0 0
 4 4 2 1 1 0 1 1 5 5 5 1 1 2 4 4 5 5 1 1 1 2 7 7 6 6 2 2 2 2 0 0 0 0 0 0 0 0 0 0 0 0 0 0 0 0
 10 10 3 1 1 1 3 3 8 8 15 0 0 0 3 3 3 3 3 7 7 0 3 3 7 7 7 4 4 1 0 0 0 0 1 0 0 0 0 0 0 0 0 0 0 0
 10 10 3 1 1 1 3 3 8 8 15 0 0 0 3 3 3 3 3 7 7 0 3 3 7 7 7 4 4 1 0 0 0 0 1 0 0 0 0 0 0 0 0 0 0 0
 7 7 2 1 1 1 3 3 6 6 5 1 1 0 1 1 3 3 1 1 1 82 6 6 5 5 6 14 14 1 0 0 0 0 1 0 0 0 0 0 0 0 0 0 0 0
 1 1 1 1 1 1 3 3 3 3 1 1 1 1 1 1 2 2 1 2 2 4 4 4 0 0 1 3 3 3 0 0 1 1 1 1 1 0 1 1 1 1 1 1 1 0
 1 1 1 1 1 1 3 3 3 3 1 1 1 1 1 1 2 2 1 2 2 4 4 4 0 0 1 3 3 3 0 0 1 1 1 1 1 0 1 1 1 1 1 1 1 0
 0 0 0 1 1 3 6 6 9 9 1 1 1 1 1 1 2 2 1 1 1 1 8 8 7 7 6 2 2 1 1 1 3 3 3 4 4 2 2 2 2 2 2 1 1 0
 0 0 0 1 1 3 6 6 9 9 1 1 1 1 1 1 2 2 1 1 1 1 8 8 7 7 6 2 2 1 1 1 3 3 3 4 4 2 2 2 2 2 2 1 1 0
 0 0 0 0 0 1 7 7 9 9 4 1 1 1 2 2 3 3 1 2 2 6 7 7 10 10 7 0 0 1 1 1 1 1 1 4 4 1 3 3 4 4 1 0 0 0
 0 0 0 0 0 1 1 1 2 2 3 0 0 2 4 4 1 1 2 5 5 9 7 7 6 6 4 1 1 1 1 1 11 11 1 1 1 1 1 1 1 1 1 0 0 0
 0 0 0 0 0 1 1 1 2 2 3 0 0 2 4 4 1 1 2 5 5 9 7 7 6 6 4 1 1 1 1 1 11 11 1 1 1 1 1 1 1 1 1 0 0 0
 0 0 0 0 0 0 1 1 2 2 1 1 1 3 3 3 2 2 3 5 5 9 11 11 20 20 5 1 1 2 2 2 1 1 5 0 0 0 0 0 0 0 0 0 0 0
 0 0 0 0 0 1 1 1 2 2 2 2 2 4 3 3 5 5 5 4 4 12 24 24 20 20 7 3 3 10 14 14 5 5 3 2 2 0 0 0 0 0 0 0 0 0
 0 0 0 0 0 1 1 1 2 2 2 2 2 4 3 3 5 5 5 4 4 12 24 24 20 20 7 3 3 10 14 14 5 5 3 2 2 0 0 0 0 0 0 0 0 0
 0 0 0 0 0 1 1 1 2 2 3 4 4 4 3 3 7 7 8 13 13 10 11 11 9 9 9 17 17 18 12 12 35 35 14 3 3 1 0 0 0 0 0 0 0 0
 0 0 0 0 0 1 1 1 2 2 3 4 4 4 3 3 7 7 8 13 13 10 11 11 9 9 9 17 17 18 12 12 35 35 14 3 3 1 0 0 0 0 0 0 0 0
 0 0 0 0 0 1 1 1 2 2 3 3 3 5 4 4 4 4 11 21 21 26 21 21 13 13 6 7 7 22 39 39 34 34 16 5 5 4 1 1 1 1 1 0 0 0
 0 0 0 0 0 1 1 1 1 1 4 5 5 10 8 8 7 7 14 14 14 36 27 27 21 21 14 7 7 21 27 27 31 31 20 6 6 3 1 1 1 1 1 1 1 0
 0 0 0 0 0 1 1 1 1 1 4 5 5 10 8 8 7 7 14 14 14 36 27 27 21 21 14 7 7 21 27 27 31 31 20 6 6 3 1 1 1 1 1 1 1 0
 0 0 0 0 0 0 1 1 2 2 4 5 5 9 11 11 18 18 12 11 11 24 21 21 18 18 17 16 16 34 28 28 28 28 15 14 14 3 1 1 0 0 0 0 0 0
 0 0 0 0 0 0 1 1 2 2 4 7 7 15 15 15 10 10 14 12 12 12 20 20 21 21 25 18 18 30 23 23 26 26 11 14 14 2 0 0 0 0 0 0 0 0
 0 0 0 0 0 0 1 1 2 2 4 7 7 15 15 15 10 10 14 12 12 12 20 20 21 21 25 18 18 30 23 23 26 26 11 14 14 2 0 0 0 0 0 0 0 0
 0 0 0 0 0 0 1 1 3 3 4 6 6 6 8 8 2 2 5 3 3 8 13 13 15 15 18 22 22 38 32 32 10 10 5 2 2 1 0 0 0 0 0 0 0 0
 0 0 0 0 0 0 1 1 3 3 4 6 6 6 8 8 2 2 5 3 3 8 13 13 15 15 18 22 22 38 32 32 10 10 5 2 2 1 0 0 0 0 0 0 0 0
 3 3 0 0 0 0 1 1 2 2 2 4 4 5 8 8 2 2 2 2 2 3 12 12 17 17 19 19 19 27 17 17 7 7 9 6 6 2 0 0 1 1 1 0 0 0
 0 0 1 0 0 0 0 0 0 0 1 2 2 4 5 5 1 1 1 1 1 3 17 17 23 23 18 28 28 47 19 19 14 14 11 4 4 1 0 0 0 0 0 0 0 0
 0 0 1 0 0 0 0 0 0 0 1 2 2 4 5 5 1 1 1 1 1 3 17 17 23 23 18 28 28 47 19 19 14 14 11 4 4 1 0 0 0 0 0 0 0 0
 0 0 0 0 0 0 0 0 0 0 1 2 2 2 5 5 2 2 2 2 2 3 19 19 22 22 13 25 25 47 19 19 7 7 12 8 8 0 0 0 0 0 0 0 0 0
 0 0 0 0 0 0 0 0 0 0 1 1 1 1 3 3 3 3 3 2 2 16 23 23 16 16 3 8 8 4 7 7 8 8 5 2 2 0 0 0 0 0 0 0 0 0
 0 0 0 0 0 0 0 0 0 0 1 1 1 1 3 3 3 3 3 2 2 16 23 23 16 16 3 8 8 4 7 7 8 8 5 2 2 0 0 0 0 0 0 0 0 0
 0 0 0 0 0 1 1 1 1 1 0 0 0 1 1 1 2 2 1 1 1 12 26 26 22 22 15 3 3 0 1 1 4 4 4 5 5 1 0 0 0 0 0 0 0 0
 0 0 0 0 0 1 1 1 1 1 0 0 0 1 1 1 2 2 1 1 1 12 26 26 22 22 15 3 3 0 1 1 4 4 4 5 5 1 0 0 0 0 0 0 0 0
 0 0 0 0 0 0 1 1 1 1 0 0 0 0 3 3 3 3 3 0 0 12 11 11 6 6 2 2 2 2 2 2 2 2 1 3 3 0 1 1 0 0 0 0 0 0
 0 0 0 0 0 0 0 0 0 0 1 1 1 0 3 3 3 3 2 4 4 4 1 1 1 1 2 2 2 2 2 2 1 1 1 0 0 0 0 0 0 0 0 0 0 0
 0 0 0 0 0 0 0 0 0 0 1 1 1 0 3 3 3 3 2 4 4 4 1 1 1 1 2 2 2 2 2 2 1 1 1 0 0 0 0 0 0 0 0 0 0 0
 0 0 0 0 0 0 0 0 0 0 0 0 0 1 0 0 2 2 2 4 4 4 0 0 0 0 2 2 2 3 2 2 1 1 1 0 0 0 0 0 0 0 0 0 0 0
 2 2 2 0 0 0 0 0 0 0 0 0 0 0 1 1 2 2 2 4 4 4 0 0 1 1 0 1 1 2 1 1 0 0 0 0 0 0 0 0 0 0 0 0 0 0
 2 2 2 0 0 0 0 0 0 0 0 0 0 0 1 1 2 2 2 4 4 4 0 0 1 1 0 1 1 2 1 1 0 0 0 0 0 0 0 0 0 0 0 0 0 0
 2 2 2 2 2 0 0 0 0 0 0 0 0 0 0 0 0 0 0 0 0 1 1 1 0 0 0 1 1 1 0 0 0 0 0 0 0 0 0 0 1 1 1 0 0 0
 2 2 2 2 2 0 0 0 0 0 0 0 0 0 0 0 0 0 0 0 0 1 1 1 0 0 0 1 1 1 0 0 0 0 0 0 0 0 0 0 1 1 1 0 0 0
 4 4 5 5 5 3 0 0 0 0 0 0 0 0 0 0 0 0 0 0 0 1 1 1 0 0 0 0 0 1 1 1 1 1 0 0 0 0 0 0 0 0 0 0 0 0
 4 4 5 6 6 4 0 0 0 0 0 0 0 0 0 0 0 0 0 0 0 2 2 2 2 2 0 0 0 1 1 1 1 1 2 0 0 0 0 0 1 1 0 0 0 0
 4 4 5 6 6 4 0 0 0 0 0 0 0 0 0 0 0 0 0 0 0 2 2 2 2 2 0 0 0 1 1 1 1 1 2 0 0 0 0 0 1 1 0 0 0 0
 4 4 5 3 3 3 0 0 0 0 0 0 0 0 0 0 0 0 0 0 0 4 2 2 2 2 1 1 1 0 1 1 0 0 1 0 0 0 0 0 1 1 0 0 0 0
 4 4 4 5 5 4 0 0 0 0 0 0 0 0 1 1 1 1 0 0 0 4 4 4 4 4 1 1 1 0 0 0 1 1 1 0 0 0 0 0 0 0 0 0 0 0
 4 4 4 5 5 4 0 0 0 0 0 0 0 0 1 1 1 1 0 0 0 4 4 4 4 4 1 1 1 0 0 0 1 1 1 0 0 0 0 0 0 0 0 0 0 0
 3 3 3 4 4 3 1 1 1 1 0 0 0 0 1 1 1 1 0 0 0 0 0 0 4 4 3 3 3 1 2 2 1 1 1 1 1 0 0 0 0 0 1 0 0 0
 3 3 3 4 4 3 1 1 1 1 0 0 0 0 1 1 1 1 0 0 0 0 0 0 4 4 3 3 3 1 2 2 1 1 1 1 1 0 0 0 0 0 1 0 0 0
 2 2 3 3 3 2 0 0 0 0 1 1 1 0 4 4 5 5 4 0 0 0 0 0 2 2 4 5 5 3 1 1 0 0 1 1 1 1 0 0 0 0 0 0 0 0
 2 2 2 2 2 0 0 0 0 0 0 1 1 1 4 4 5 5 5 4 4 5 5 5 5 5 7 2 2 2 1 1 1 1 1 1 1 2 1 1 0 0 0 0 0 0
 2 2 2 2 2 0 0 0 0 0 0 1 1 1 4 4 5 5 5 4 4 5 5 5 5 5 7 2 2 2 1 1 1 1 1 1 1 2 1 1 0 0 0 0 0 0
 2 2 1 0 0 0 0 0 0 0 0 0 0 1 1 1 1 1 1 2 2 6 6 6 5 5 6 1 1 0 0 0 0 0 0 1 1 0 1 1 1 1 0 0 0 0
 1 1 1 1 1 0 0 0 0 0 0 0 0 0 0 0 0 0 1 2 2 6 6 6 2 2 1 1 1 1 1 1 1 1 0 0 0 0 1 1 0 0 1 0 0 0
