assets/RAT_results_old/precipitation/2021-04-18_IMERG.asc
ncols        46
nrows        77
xllcorner    74.800261325624
yllcorner    8.058333333333
cellsize     0.062500000000
NODATA_value -9999
 0 0 2 12 12 25 32 32 19 19 9 17 17 16 6 6 5 5 6 4 4 3 2 2 1 1 1 1 1 1 1 1 1 1 0 0 0 0 0 0 0 0 0 0 0 0
 0 0 2 24 24 24 18 18 41 41 14 40 40 20 9 9 9 9 7 4 4 2 2 2 2 2 1 1 1 1 1 1 1 1 0 0 0 0 0 0 0 0 0 0 0 0
 0 0 2 24 24 24 18 18 41 41 14 40 40 20 9 9 9 9 7 4 4 2 2 2 2 2 1 1 1 1 1 1 1 1 0 0 0 0 0 0 0 0 0 0 0 0
 0 0 1 2 2 2 2 2 3 3 5 9 9 19 10 10 6 6 7 3 3 2 2 2 2 2 1 1 1 1 1 1 0 0 0 0 0 0 0 0 0 0 0 0 0 0
 0 0 0 1 1 3 4 4 2 2 3 5 5 13 5 5 6 6 5 3 3 2 2 2 1 1 1 1 1 1 0 0 0 0 0 0 0 0 0 0 0 0 0 0 0 0
 0 0 0 1 1 3 4 4 2 2 3 5 5 13 5 5 6 6 5 3 3 2 2 2 1 1 1 1 1 1 0 0 0 0 0 0 0 0 0 0 0 0 0 0 0 0
 0 0 0 2 2 3 6 6 3 3 4 6 6 8 7 7 15 15 7 2 2 1 1 1 1 1 1 1 1 0 0 0 0 0 1 1 1 1 0 0 0 0 0 0 0 0
 0 0 0 2 2 3 6 6 3 3 4 6 6 8 7 7 15 15 7 2 2 1 1 1 1 1 1 1 1 0 0 0 0 0 1 1 1 1 0 0 0 0 0 0 0 0
 0 0 0 4 4 10 9 9 11 11 10 8 8 12 9 9 8 8 3 2 2 1 1 1 1 1 1 1 1 1 1 1 2 2 2 1 1 1 0 0 0 0 0 0 0 0
 0 0 0 8 8 8 6 6 9 9 10 5 5 9 10 10 4 4 2 1 1 2 2 2 4 4 4 2 2 3 3 3 3 3 1 0 0 0 0 0 0 0 0 0 0 0
 0 0 0 8 8 8 6 6 9 9 10 5 5 9 10 10 4 4 2 1 1 2 2 2 4 4 4 2 2 3 3 3 3 3 1 0 0 0 0 0 0 0 0 0 0 0
 0 0 0 0 0 1 4 4 5 5 6 7 7 16 21 21 8 8 1 1 1 8 1 1 1 1 1 1 1 1 1 1 1 1 0 0 0 0 0 0 0 0 0 0 0 0
 0 0 0 1 1 1 10 10 11 11 4 5 5 14 19 19 3 3 5 2 2 2 2 2 1 1 1 1 1 1 0 0 0 0 0 1 1 0 0 0 0 0 0 0 0 0
 0 0 0 1 1 1 10 10 11 11 4 5 5 14 19 19 3 3 5 2 2 2 2 2 1 1 1 1 1 1 0 0 0 0 0 1 1 0 0 0 0 0 0 0 0 0
 0 0 1 1 1 0 8 8 15 15 5 4 4 5 13 13 6 6 7 11 11 12 2 2 1 1 2 1 1 1 0 0 0 0 1 1 1 0 0 0 0 0 0 0 0 0
 0 0 1 1 1 0 8 8 15 15 5 4 4 5 13 13 6 6 7 11 11 12 2 2 1 1 2 1 1 1 0 0 0 0 1 1 1 0 0 0 0 0 0 0 0 0
 1 1 2 2 2 1 21 21 45 45 36 38 38 4 8 8 9 9 7 11 11 4 6 6 2 2 3 1 1 1 0 0 0 0 0 0 0 0 1 1 0 0 0 0 0 0
 2 2 1 1 1 20 21 21 47 47 17 19 19 4 7 7 7 7 7 14 14 4 6 6 2 2 1 1 1 1 0 0 4 4 1 0 0 1 0 0 0 0 0 0 0 0
 2 2 1 1 1 20 21 21 47 47 17 19 19 4 7 7 7 7 7 14 14 4 6 6 2 2 1 1 1 1 0 0 4 4 1 0 0 1 0 0 0 0 0 0 0 0
 3 3 2 1 1 1 26 26 67 67 64 14 14 4 3 3 3 3 5 5 5 9 3 3 1 1 1 1 1 0 0 0 2 2 0 1 1 1 0 0 0 0 0 0 0 0
 2 2 4 2 2 2 26 26 63 63 32 8 8 2 4 4 3 3 4 3 3 7 4 4 1 1 0 0 0 1 1 1 1 1 0 0 0 0 0 0 0 0 0 0 0 0
 2 2 4 2 2 2 26 26 63 63 32 8 8 2 4 4 3 3 4 3 3 7 4 4 1 1 0 0 0 1 1 1 1 1 0 0 0 0 0 0 0 0 0 0 0 0
 3 3 8 7 7 4 21 21 21 21 33 9 9 6 3 3 2 2 5 6 6 2 1 1 1 1 4 3 3 4 1 1 1 1 1 0 0 0 0 0 0 0 0 0 0 0
 3 3 8 7 7 4 21 21 21 21 33 9 9 6 3 3 2 2 5 6 6 2 1 1 1 1 4 3 3 4 1 1 1 1 1 0 0 0 0 0 0 0 0 0 0 0
 6 6 8 3 3 2 22 22 4 4 4 8 8 21 14 14 10 10 5 6 6 5 2 2 5 5 5 4 4 6 5 5 5 5 3 0 0 0 1 1 0 0 0 0 0 0
 5 5 4 2 2 2 5 5 20 20 22 19 19 15 19 19 13 13 3 4 4 3 6 6 14 14 10 6 6 6 4 4 3 3 3 0 0 0 0 0 0 0 0 0 0 0
 5 5 4 2 2 2 5 5 20 20 22 19 19 15 19 19 13 13 3 4 4 3 6 6 14 14 10 6 6 6 4 4 3 3 3 0 0 0 0 0 0 0 0 0 0 0
 2 2 2 1 1 4 17 17 23 23 22 18 18 14 16 16 11 11 7 6 6 7 6 6 17 17 9 13 13 5 4 4 3 3 0 0 0 0 0 0 0 0 0 0 0 0
 0 0 0 1 1 3 13 13 19 19 18 15 15 12 6 6 3 3 1 5 5 6 17 17 18 18 8 11 11 5 5 5 3 3 0 0 0 0 0 0 0 0 0 0 0 0
 0 0 0 1 1 3 13 13 19 19 18 15 15 12 6 6 3 3 1 5 5 6 17 17 18 18 8 11 11 5 5 5 3 3 0 0 0 0 0 0 0 0 0 0 0 0
 0 0 0 1 1 2 7 7 16 16 18 2 2 9 8 8 1 1 1 5 5 6 7 7 15 15 14 10 10 5 5 5 2 2 0 0 0 0 0 0 0 0 0 0 0 0
 0 0 0 1 1 2 7 7 16 16 18 2 2 9 8 8 1 1 1 5 5 6 7 7 15 15 14 10 10 5 5 5 2 2 0 0 0 0 0 0 0 0 0 0 0 0
 0 0 1 1 1 92 90 90 8 8 7 2 2 8 9 9 8 8 3 2 2 8 8 8 9 9 7 10 10 2 2 2 2 2 0 0 0 1 1 1 0 0 0 0 0 0
 0 0 1 1 1 95 90 90 54 54 1 1 1 1 1 1 2 2 3 2 2 0 0 0 0 0 0 0 0 0 0 0 0 0 0 0 0 1 1 1 1 1 0 1 1 0
 0 0 1 1 1 95 90 90 54 54 1 1 1 1 1 1 2 2 3 2 2 0 0 0 0 0 0 0 0 0 0 0 0 0 0 0 0 1 1 1 1 1 0 1 1 0
 0 0 0 1 1 23 26 26 23 23 2 1 1 11 2 2 3 3 3 0 0 1 0 0 0 0 0 0 0 0 0 0 0 0 0 0 0 1 1 1 0 0 0 0 0 9
 0 0 0 0 0 23 23 23 34 34 5 13 13 11 11 11 4 4 3 0 0 1 1 1 1 1 0 0 0 0 0 0 0 0 0 1 1 1 0 0 0 0 0 0 0 11
 0 0 0 0 0 23 23 23 34 34 5 13 13 11 11 11 4 4 3 0 0 1 1 1 1 1 0 0 0 0 0 0 0 0 0 1 1 1 0 0 0 0 0 0 0 11
 0 0 1 1 1 1 5 5 16 16 9 19 19 20 5 5 6 6 7 2 2 1 1 1 1 1 1 0 0 0 0 0 0 0 0 0 0 1 0 0 0 0 0 0 0 1
 0 0 1 1 1 1 5 5 16 16 9 19 19 20 5 5 6 6 7 2 2 1 1 1 1 1 1 0 0 0 0 0 0 0 0 0 0 1 0 0 0 0 0 0 0 1
 1 1 1 6 6 6 2 2 5 5 6 3 3 17 2 2 2 2 6 19 19 2 3 3 4 4 2 1 1 0 0 0 0 0 0 0 0 4 4 4 0 0 0 0 0 0
 0 0 0 6 6 6 1 1 1 1 1 3 3 2 24 24 24 24 31 31 31 10 5 5 6 6 4 1 1 0 0 0 0 0 0 1 1 4 4 4 3 3 1 1 1 0
 0 0 0 6 6 6 1 1 1 1 1 3 3 2 24 24 24 24 31 31 31 10 5 5 6 6 4 1 1 0 0 0 0 0 0 1 1 4 4 4 3 3 1 1 1 0
 0 0 0 1 1 0 1 1 2 2 1 4 4 1 20 20 34 34 32 32 32 32 4 4 6 6 5 1 1 0 0 0 0 0 0 1 1 2 7 7 6 6 5 1 1 5
 1 1 1 1 1 1 2 2 4 4 3 6 6 20 21 21 21 21 41 42 42 26 8 8 4 4 2 1 1 0 0 0 0 0 0 1 1 1 1 1 6 6 12 4 4 4
 1 1 1 1 1 1 2 2 4 4 3 6 6 20 21 21 21 21 41 42 42 26 8 8 4 4 2 1 1 0 0 0 0 0 0 1 1 1 1 1 6 6 12 4 4 4
 1 1 1 1 1 1 2 2 4 4 4 3 3 15 16 16 16 16 27 33 33 16 1 1 1 1 5 11 11 9 10 10 5 5 3 1 1 3 2 2 2 2 10 13 13 10
 1 1 1 1 1 1 2 2 4 4 4 3 3 15 16 16 16 16 27 33 33 16 1 1 1 1 5 11 11 9 10 10 5 5 3 1 1 3 2 2 2 2 10 13 13 10
 1 1 1 2 2 1 1 1 3 3 4 2 2 1 15 15 28 28 28 27 27 17 1 1 1 1 5 8 8 4 12 12 18 18 15 3 3 2 13 13 5 5 11 10 10 14
 1 1 1 2 2 2 1 1 1 1 3 1 1 1 2 2 0 0 0 1 1 1 1 1 1 1 0 1 1 4 17 17 19 19 18 15 15 14 20 20 9 9 8 4 4 14
 1 1 1 2 2 2 1 1 1 1 3 1 1 1 2 2 0 0 0 1 1 1 1 1 1 1 0 1 1 4 17 17 19 19 18 15 15 14 20 20 9 9 8 4 4 14
 0 0 1 5 5 4 1 1 3 3 1 2 2 2 2 2 0 0 0 1 1 1 1 1 1 1 4 4 4 5 5 5 14 14 16 15 15 19 13 13 14 14 11 5 5 4
 0 0 1 3 3 2 1 1 20 20 7 3 3 3 2 2 0 0 0 2 2 2 2 2 1 1 9 8 8 7 8 8 15 15 7 6 6 13 14 14 13 13 6 5 5 5
 0 0 1 3 3 2 1 1 20 20 7 3 3 3 2 2 0 0 0 2 2 2 2 2 1 1 9 8 8 7 8 8 15 15 7 6 6 13 14 14 13 13 6 5 5 5
 0 0 1 1 1 1 4 4 44 44 32 24 24 5 3 3 1 1 1 2 2 3 3 3 3 3 12 51 51 10 9 9 12 12 12 12 12 31 15 15 18 18 7 5 5 4
 0 0 1 1 1 1 4 4 44 44 32 24 24 5 3 3 1 1 1 2 2 3 3 3 3 3 12 51 51 10 9 9 12 12 12 12 12 31 15 15 18 18 7 5 5 4
 1 1 1 1 1 10 19 19 87 87 25 25 25 7 17 17 1 1 1 3 3 1 6 6 8 8 17 14 14 19 9 9 14 14 16 32 32 28 32 32 15 15 8 1 1 3
 0 0 1 2 2 12 16 16 85 85 64 70 70 15 17 17 16 16 2 2 2 2 8 8 8 8 8 14 14 19 18 18 10 10 22 38 38 61 39 39 12 12 4 2 2 3
 0 0 1 2 2 12 16 16 85 85 64 70 70 15 17 17 16 16 2 2 2 2 8 8 8 8 8 14 14 19 18 18 10 10 22 38 38 61 39 39 12 12 4 2 2 3
 1 1 5 7 7 5 3 3 2 2 11 72 72 16 4 4 1 1 1 2 2 2 8 8 10 10 7 9 9 12 7 7 11 11 8 20 20 40 25 25 8 8 2 0 0 1
 2 2 7 9 9 5 1 1 2 2 8 90 90 89 38 38 13 13 13 2 2 3 3 3 5 5 8 8 8 5 4 4 7 7 10 18 18 14 5 5 4 4 3 0 0 1
 2 2 7 9 9 5 1 1 2 2 8 90 90 89 38 38 13 13 13 2 2 3 3 3 5 5 8 8 8 5 4 4 7 7 10 18 18 14 5 5 4 4 3 0 0 1
 1 1 3 6 6 21 15 15 1 1 5 2 2 91 37 37 12 12 14 5 5 2 2 2 2 2 7 8 8 6 12 12 16 16 13 22 22 11 4 4 0 0 0 0 0 0
 1 1 3 6 6 21 15 15 1 1 5 2 2 91 37 37 12 12 14 5 5 2 2 2 2 2 7 8 8 6 12 12 16 16 13 22 22 11 4 4 0 0 0 0 0 0
 1 1 2 4 4 21 16 16 2 2 5 3 3 1 1 1 1 1 1 3 3 3 1 1 2 2 12 12 12 12 15 15 10 10 9 4 4 1 0 0 0 0 1 0 0 2
 4 4 3 3 3 7 5 5 2 2 3 3 3 0 0 0 1 1 1 2 2 8 8 8 11 11 13 13 13 14 21 21 13 13 6 8 8 8 0 0 0 0 0 0 0 4
 4 4 3 3 3 7 5 5 2 2 3 3 3 0 0 0 1 1 1 2 2 8 8 8 11 11 13 13 13 14 21 21 13 13 6 8 8 8 0 0 0 0 0 0 0 4
 1 1 1 2 2 2 2 2 1 1 2 1 1 0 0 0 0 0 33 1 1 8 8 8 12 12 23 23 23 22 30 30 20 20 4 10 10 10 7 7 0 0 2 4 4 7
 1 1 1 1 1 1 1 1 1 1 1 1 1 0 0 0 0 0 1 1 1 1 2 2 23 23 23 25 25 22 37 37 29 29 7 8 8 4 10 10 0 0 8 0 0 0
 1 1 1 1 1 1 1 1 1 1 1 1 1 0 0 0 0 0 1 1 1 1 2 2 23 23 23 25 25 22 37 37 29 29 7 8 8 4 10 10 0 0 8 0 0 0
 1 1 1 1 1 1 1 1 4 4 5 2 2 2 3 3 2 2 1 1 1 1 1 1 45 45 24 19 19 41 38 38 24 24 13 10 10 4 2 2 9 9 8 3 3 0
 1 1 1 1 1 1 1 1 4 4 5 2 2 2 3 3 2 2 1 1 1 1 1 1 45 45 24 19 19 41 38 38 24 24 13 10 10 4 2 2 9 9 8 3 3 0
 3 3 2 2 2 3 1 1 2 2 3 8 8 4 5 5 5 5 2 1 1 1 49 49 46 46 45 31 31 38 33 33 13 13 9 13 13 0 5 5 6 6 5 9 9 0
 6 6 4 2 2 1 1 1 3 3 2 5 5 5 7 7 3 3 1 0 0 0 0 0 0 0 1 15 15 34 33 33 13 13 13 17 17 7 1 1 0 0 0 0 0 0
 6 6 4 2 2 1 1 1 3 3 2 5 5 5 7 7 3 3 1 0 0 0 0 0 0 0 1 15 15 34 33 33 13 13 13 17 17 7 1 1 0 0 0 0 0 0
 4 4 4 1 1 1 1 1 0 0 0 5 5 3 8 8 3 3 1 0 0 0 0 0 1 1 4 17 17 16 16 16 2 2 1 14 14 1 1 1 1 1 0 0 0 0
 1 1 1 0 0 1 0 0 0 0 0 3 3 3 8 8 1 1 1 2 2 0 0 0 2 2 5 5 5 5 2 2 1 1 0 6 6 4 3 3 2 2 1 0 0 0
