assets/RAT_results_old/precipitation/2021-07-21_IMERG.asc
ncols        46
nrows        77
xllcorner    74.800261325624
yllcorner    8.058333333333
cellsize     0.062500000000
NODATA_value -9999
 25 25 18 12 12 8 10 10 14 14 12 10 10 14 9 9 8 8 8 10 10 8 5 5 4 4 6 3 3 2 1 1 2 2 2 2 2 2 3 3 3 3 3 2 2 2
 24 24 21 15 15 10 10 10 14 14 20 8 8 6 7 7 10 10 8 9 9 10 6 6 8 8 5 4 4 1 2 2 2 2 3 3 3 3 2 2 3 3 4 2 2 1
 24 24 21 15 15 10 10 10 14 14 20 8 8 6 7 7 10 10 8 9 9 10 6 6 8 8 5 4 4 1 2 2 2 2 3 3 3 3 2 2 3 3 4 2 2 1
 23 23 21 13 13 10 9 9 12 12 19 10 10 7 9 9 11 11 10 9 9 7 5 5 3 3 4 3 3 2 2 2 1 1 2 2 2 2 1 1 1 1 2 1 1 3
 15 15 22 18 18 9 8 8 7 7 7 7 7 8 11 11 10 10 7 8 8 10 5 5 2 2 2 2 2 2 1 1 1 1 1 1 1 1 1 1 1 1 1 1 1 2
 15 15 22 18 18 9 8 8 7 7 7 7 7 8 11 11 10 10 7 8 8 10 5 5 2 2 2 2 2 2 1 1 1 1 1 1 1 1 1 1 1 1 1 1 1 2
 14 14 13 12 12 9 4 4 5 5 7 10 10 13 13 13 11 11 9 7 7 4 4 4 3 3 1 2 2 3 2 2 1 1 1 0 0 0 1 1 1 1 0 0 0 0
 14 14 13 12 12 9 4 4 5 5 7 10 10 13 13 13 11 11 9 7 7 4 4 4 3 3 1 2 2 3 2 2 1 1 1 0 0 0 1 1 1 1 0 0 0 0
 7 7 10 12 12 10 8 8 7 7 7 7 7 8 8 8 8 8 7 4 4 2 3 3 3 3 1 1 1 1 1 1 0 0 0 0 0 0 0 0 0 0 0 0 0 0
 4 4 14 20 20 10 12 12 6 6 5 6 6 6 7 7 6 6 4 3 3 2 3 3 2 2 2 2 2 1 0 0 0 0 0 0 0 0 0 0 0 0 1 0 0 0
 4 4 14 20 20 10 12 12 6 6 5 6 6 6 7 7 6 6 4 3 3 2 3 3 2 2 2 2 2 1 0 0 0 0 0 0 0 0 0 0 0 0 1 0 0 0
 3 3 14 12 12 13 14 14 9 9 5 5 5 8 6 6 4 4 2 2 2 2 1 1 1 1 1 1 1 0 0 0 0 0 0 0 0 0 0 0 0 0 0 0 0 0
 2 2 3 6 6 9 18 18 5 5 5 6 6 14 12 12 4 4 3 2 2 2 1 1 1 1 1 1 1 0 0 0 0 0 0 0 0 0 1 1 0 0 1 0 0 0
 2 2 3 6 6 9 18 18 5 5 5 6 6 14 12 12 4 4 3 2 2 2 1 1 1 1 1 1 1 0 0 0 0 0 0 0 0 0 1 1 0 0 1 0 0 0
 4 4 8 7 7 12 16 16 9 9 13 13 13 21 9 9 2 2 1 1 1 2 1 1 2 2 2 1 1 0 0 0 0 0 0 0 0 1 1 1 1 1 1 1 1 1
 4 4 8 7 7 12 16 16 9 9 13 13 13 21 9 9 2 2 1 1 1 2 1 1 2 2 2 1 1 0 0 0 0 0 0 0 0 1 1 1 1 1 1 1 1 1
 3 3 4 5 5 27 19 19 12 12 11 10 10 7 10 10 6 6 1 1 1 2 2 2 2 2 3 1 1 1 0 0 0 0 1 1 1 1 1 1 1 1 1 1 1 1
 3 3 4 6 6 5 16 16 9 9 15 17 17 8 5 5 3 3 5 3 3 3 2 2 2 2 3 2 2 2 1 1 1 1 1 1 1 1 1 1 1 1 1 0 0 0
 3 3 4 6 6 5 16 16 9 9 15 17 17 8 5 5 3 3 5 3 3 3 2 2 2 2 3 2 2 2 1 1 1 1 1 1 1 1 1 1 1 1 1 0 0 0
 4 4 7 10 10 6 2 2 7 7 4 11 11 11 8 8 9 9 6 3 3 5 2 2 2 2 4 3 3 2 2 2 1 1 1 1 1 1 1 1 1 1 1 0 0 0
 7 7 15 8 8 5 3 3 3 3 4 12 12 10 5 5 4 4 7 4 4 8 6 6 5 5 4 3 3 3 2 2 2 2 1 1 1 1 1 1 1 1 0 0 0 0
 7 7 15 8 8 5 3 3 3 3 4 12 12 10 5 5 4 4 7 4 4 8 6 6 5 5 4 3 3 3 2 2 2 2 1 1 1 1 1 1 1 1 0 0 0 0
 12 12 14 5 5 6 3 3 2 2 4 8 8 12 7 7 10 10 12 5 5 6 6 6 7 7 6 5 5 4 5 5 3 3 2 1 1 1 1 1 0 0 0 0 0 0
 12 12 14 5 5 6 3 3 2 2 4 8 8 12 7 7 10 10 12 5 5 6 6 6 7 7 6 5 5 4 5 5 3 3 2 1 1 1 1 1 0 0 0 0 0 0
 11 11 5 5 5 3 2 2 2 2 3 5 5 10 5 5 4 4 12 8 8 7 8 8 6 6 6 5 5 5 6 6 2 2 1 1 1 1 1 1 0 0 0 0 0 0
 7 7 3 2 2 3 4 4 3 3 3 5 5 5 7 7 7 7 11 13 13 10 10 10 8 8 7 6 6 6 4 4 2 2 2 1 1 1 1 1 1 1 0 0 0 0
 7 7 3 2 2 3 4 4 3 3 3 5 5 5 7 7 7 7 11 13 13 10 10 10 8 8 7 6 6 6 4 4 2 2 2 1 1 1 1 1 1 1 0 0 0 0
 3 3 4 3 3 4 4 4 4 4 2 3 3 14 12 12 19 19 9 11 11 10 12 12 9 9 7 11 11 7 3 3 2 2 2 1 1 1 1 1 0 0 0 0 0 0
 1 1 2 2 2 2 2 2 4 4 5 3 3 14 13 13 20 20 24 17 17 20 13 13 10 10 12 8 8 11 4 4 2 2 2 1 1 1 1 1 0 0 0 0 0 0
 1 1 2 2 2 2 2 2 4 4 5 3 3 14 13 13 20 20 24 17 17 20 13 13 10 10 12 8 8 11 4 4 2 2 2 1 1 1 1 1 0 0 0 0 0 0
 1 1 1 1 1 2 2 2 3 3 5 12 12 14 18 18 27 27 26 12 12 17 11 11 14 14 7 12 12 6 2 2 1 1 1 1 1 1 0 0 0 0 0 0 0 0
 1 1 1 1 1 2 2 2 3 3 5 12 12 14 18 18 27 27 26 12 12 17 11 11 14 14 7 12 12 6 2 2 1 1 1 1 1 1 0 0 0 0 0 0 0 0
 1 1 1 1 1 2 2 2 5 5 5 14 14 17 18 18 27 27 26 15 15 13 5 5 6 6 6 8 8 7 2 2 1 1 1 1 1 1 0 0 0 0 0 0 0 0
 1 1 1 2 2 2 2 2 2 2 5 14 14 33 32 32 29 29 33 14 14 7 3 3 5 5 4 3 3 2 2 2 2 2 1 1 1 1 0 0 0 0 0 0 0 0
 1 1 1 2 2 2 2 2 2 2 5 14 14 33 32 32 29 29 33 14 14 7 3 3 5 5 4 3 3 2 2 2 2 2 1 1 1 1 0 0 0 0 0 0 0 0
 2 2 1 1 1 2 3 3 2 2 2 3 3 8 4 4 8 8 32 12 12 6 2 2 3 3 3 3 3 3 3 3 1 1 1 1 1 0 1 1 0 0 0 0 0 0
 4 4 5 2 2 2 2 2 2 2 2 5 5 10 3 3 4 4 2 3 3 3 2 2 1 1 2 2 2 2 3 3 1 1 2 1 1 1 1 1 1 1 0 0 0 0
 4 4 5 2 2 2 2 2 2 2 2 5 5 10 3 3 4 4 2 3 3 3 2 2 1 1 2 2 2 2 3 3 1 1 2 1 1 1 1 1 1 1 0 0 0 0
 8 8 6 2 2 1 1 1 2 2 3 8 8 9 2 2 2 2 3 4 4 3 2 2 2 2 2 4 4 3 5 5 7 7 7 1 1 0 0 0 0 0 0 0 0 0
 8 8 6 2 2 1 1 1 2 2 3 8 8 9 2 2 2 2 3 4 4 3 2 2 2 2 2 4 4 3 5 5 7 7 7 1 1 0 0 0 0 0 0 0 0 0
 9 9 3 2 2 2 1 1 2 2 5 12 12 3 1 1 1 1 2 5 5 4 3 3 2 2 3 3 3 4 4 4 8 8 7 2 2 1 0 0 0 0 0 0 0 0
 2 2 2 1 1 2 2 2 2 2 4 4 4 2 2 2 1 1 1 2 2 3 3 3 3 3 7 6 6 6 3 3 6 6 4 3 3 2 0 0 1 1 0 0 0 0
 2 2 2 1 1 2 2 2 2 2 4 4 4 2 2 2 1 1 1 2 2 3 3 3 3 3 7 6 6 6 3 3 6 6 4 3 3 2 0 0 1 1 0 0 0 0
 1 1 0 0 0 2 3 3 2 2 2 3 3 2 2 2 1 1 0 1 1 3 4 4 5 5 16 8 8 10 10 10 8 8 3 4 4 2 1 1 1 1 1 0 0 0
 0 0 0 0 0 0 1 1 2 2 2 2 2 1 1 1 1 1 1 1 1 3 6 6 8 8 11 9 9 24 16 16 12 12 4 4 4 3 1 1 1 1 0 0 0 0
 0 0 0 0 0 0 1 1 2 2 2 2 2 1 1 1 1 1 1 1 1 3 6 6 8 8 11 9 9 24 16 16 12 12 4 4 4 3 1 1 1 1 0 0 0 0
 0 0 0 0 0 0 1 1 1 1 2 2 2 2 1 1 1 1 1 1 1 2 4 4 11 11 11 10 10 18 12 12 9 9 7 7 7 2 1 1 0 0 0 0 0 0
 0 0 0 0 0 0 1 1 1 1 2 2 2 2 1 1 1 1 1 1 1 2 4 4 11 11 11 10 10 18 12 12 9 9 7 7 7 2 1 1 0 0 0 0 0 0
 1 1 0 0 0 0 0 0 1 1 1 1 1 3 3 3 1 1 1 18 18 19 6 6 8 8 11 10 10 16 12 12 8 8 3 4 4 2 0 0 1 1 0 0 0 0
 1 1 1 0 0 0 0 0 0 0 0 0 0 2 1 1 1 1 1 3 3 19 6 6 8 8 8 5 5 7 4 4 3 3 2 2 2 0 1 1 0 0 0 0 0 0
 1 1 1 0 0 0 0 0 0 0 0 0 0 2 1 1 1 1 1 3 3 19 6 6 8 8 8 5 5 7 4 4 3 3 2 2 2 0 1 1 0 0 0 0 0 0
 2 2 0 0 0 0 0 0 0 0 0 0 0 0 1 1 1 1 2 3 3 2 7 7 8 8 6 3 3 2 1 1 1 1 2 2 2 2 1 1 1 1 1 0 0 0
 2 2 0 0 0 0 0 0 0 0 0 0 0 1 1 1 1 1 1 1 1 1 2 2 2 2 2 1 1 0 0 0 0 0 1 1 1 4 1 1 0 0 1 1 1 0
 2 2 0 0 0 0 0 0 0 0 0 0 0 1 1 1 1 1 1 1 1 1 2 2 2 2 2 1 1 0 0 0 0 0 1 1 1 4 1 1 0 0 1 1 1 0
 0 0 0 0 0 0 0 0 0 0 0 0 0 1 1 1 1 1 1 0 0 1 1 1 1 1 2 0 0 0 0 0 1 1 0 2 2 2 0 0 0 0 0 0 0 0
 0 0 0 0 0 0 0 0 0 0 0 0 0 1 1 1 1 1 1 0 0 1 1 1 1 1 2 0 0 0 0 0 1 1 0 2 2 2 0 0 0 0 0 0 0 0
 0 0 0 0 0 1 1 1 0 0 0 0 0 1 0 0 0 0 0 0 0 0 1 1 1 1 1 0 0 0 0 0 2 2 3 2 2 1 1 1 1 1 1 1 1 1
 0 0 0 0 0 0 0 0 0 0 0 0 0 1 3 3 3 3 0 0 0 1 1 1 0 0 1 0 0 1 1 1 1 1 1 1 1 2 2 2 2 2 2 2 2 1
 0 0 0 0 0 0 0 0 0 0 0 0 0 1 3 3 3 3 0 0 0 1 1 1 0 0 1 0 0 1 1 1 1 1 1 1 1 2 2 2 2 2 2 2 2 1
 0 0 0 0 0 0 0 0 0 0 0 0 0 1 3 3 3 3 0 0 0 5 1 1 1 1 2 1 1 2 3 3 3 3 4 6 6 5 4 4 3 3 3 3 3 1
 0 0 0 0 0 0 0 0 0 0 0 0 0 1 3 3 3 3 0 0 0 5 6 6 1 1 1 1 1 2 2 2 1 1 2 2 2 2 1 1 1 1 1 0 0 0
 0 0 0 0 0 0 0 0 0 0 0 0 0 1 3 3 3 3 0 0 0 5 6 6 1 1 1 1 1 2 2 2 1 1 2 2 2 2 1 1 1 1 1 0 0 0
 0 0 0 0 0 0 0 0 0 0 0 1 1 1 0 0 0 0 0 2 2 3 3 3 1 1 1 1 1 1 1 1 0 0 0 0 0 0 0 0 0 0 0 0 0 0
 0 0 0 0 0 0 0 0 0 0 0 1 1 1 0 0 0 0 0 2 2 3 3 3 1 1 1 1 1 1 1 1 0 0 0 0 0 0 0 0 0 0 0 0 0 0
 0 0 0 1 1 1 0 0 0 0 0 0 0 1 0 0 0 0 0 1 1 2 1 1 0 0 1 1 1 1 1 1 0 0 0 0 0 0 0 0 0 0 0 0 0 0
 0 0 0 1 1 1 1 1 0 0 0 0 0 0 0 0 0 0 0 0 0 0 0 0 0 0 1 0 0 2 1 1 1 1 0 0 0 0 0 0 0 0 0 0 0 0
 0 0 0 1 1 1 1 1 0 0 0 0 0 0 0 0 0 0 0 0 0 0 0 0 0 0 1 0 0 2 1 1 1 1 0 0 0 0 0 0 0 0 0 0 0 0
 1 1 1 1 1 1 1 1 0 0 0 0 0 0 0 0 0 0 0 0 0 0 0 0 0 0 0 0 0 0 1 1 1 1 0 0 0 0 0 0 0 0 0 0 0 0
 1 1 1 0 0 0 0 0 0 0 0 0 0 0 0 0 1 1 0 0 0 0 0 0 0 0 0 0 0 1 1 1 0 0 0 0 0 0 0 0 0 0 0 0 0 0
 1 1 1 0 0 0 0 0 0 0 0 0 0 0 0 0 1 1 0 0 0 0 0 0 0 0 0 0 0 1 1 1 0 0 0 0 0 0 0 0 0 0 0 0 0 0
 1 1 1 0 0 0 0 0 0 0 0 0 0 0 0 0 0 0 0 0 0 1 1 1 1 1 0 1 1 0 1 1 1 1 0 0 0 0 0 0 0 0 0 0 0 0
 1 1 1 0 0 0 0 0 0 0 0 0 0 0 0 0 0 0 0 0 0 1 1 1 1 1 0 1 1 0 1 1 1 1 0 0 0 0 0 0 0 0 0 0 0 0
 1 1 1 0 0 0 0 0 0 0 0 0 0 0 1 1 1 1 1 1 1 0 0 0 0 0 0 0 0 0 1 1 1 1 0 0 0 0 0 0 0 0 0 0 0 0
 1 1 1 0 0 0 0 0 0 0 0 0 0 0 0 0 0 0 0 0 0 0 0 0 0 0 0 0 0 0 0 0 0 0 1 0 0 0 0 0 0 0 1 0 0 0
 1 1 1 0 0 0 0 0 0 0 0 0 0 0 0 0 0 0 0 0 0 0 0 0 0 0 0 0 0 0 0 0 0 0 1 0 0 0 0 0 0 0 1 0 0 0
 0 0 1 0 0 0 0 0 0 0 0 0 0 0 1 1 1 1 1 1 1 0 0 0 0 0 0 0 0 0 0 0 0 0 1 1 1 0 1 1 0 0 0 0 0 1
 0 0 0 0 0 0 0 0 0 0 0 0 0 0 0 0 2 2 1 1 1 0 0 0 0 0 0 0 0 0 0 0 0 0 0 0 0 0 0 0 0 0 1 0 0 1
