assets/RAT_results_old/precipitation/2021-07-06_IMERG.asc
ncols        46
nrows        77
xllcorner    74.800261325624
yllcorner    8.058333333333
cellsize     0.062500000000
NODATA_value -9999
 1 1 1 0 0 1 3 3 1 1 4 9 9 9 17 17 19 19 9 7 7 2 2 2 1 1 2 1 1 2 1 1 3 3 2 2 2 1 6 6 6 6 5 5 5 1
 2 2 2 3 3 3 3 3 2 2 3 4 4 9 20 20 9 9 8 9 9 3 3 3 2 2 4 3 3 6 2 2 4 4 2 4 4 5 6 6 5 5 6 4 4 2
 2 2 2 3 3 3 3 3 2 2 3 4 4 9 20 20 9 9 8 9 9 3 3 3 2 2 4 3 3 6 2 2 4 4 2 4 4 5 6 6 5 5 6 4 4 2
 2 2 2 1 1 1 0 0 0 0 0 2 2 3 3 3 6 6 10 7 7 9 1 1 2 2 2 7 7 5 5 5 6 6 4 3 3 6 6 6 5 5 6 2 2 2
 1 1 2 2 2 1 0 0 1 1 1 2 2 2 3 3 6 6 14 16 16 9 2 2 2 2 4 4 4 5 5 5 4 4 5 4 4 6 4 4 7 7 3 2 2 2
 1 1 2 2 2 1 0 0 1 1 1 2 2 2 3 3 6 6 14 16 16 9 2 2 2 2 4 4 4 5 5 5 4 4 5 4 4 6 4 4 7 7 3 2 2 2
 1 1 1 1 1 1 1 1 1 1 1 1 1 3 3 3 3 3 12 14 14 4 2 2 2 2 3 5 5 7 5 5 9 9 6 8 8 6 4 4 4 4 5 5 5 5
 1 1 1 1 1 1 1 1 1 1 1 1 1 3 3 3 3 3 12 14 14 4 2 2 2 2 3 5 5 7 5 5 9 9 6 8 8 6 4 4 4 4 5 5 5 5
 2 2 0 2 2 1 0 0 0 0 1 1 1 2 6 6 2 2 12 4 4 1 1 1 2 2 2 4 4 6 6 6 5 5 5 3 3 4 3 3 4 4 3 4 4 3
 3 3 0 2 2 2 0 0 1 1 1 0 0 1 0 0 1 1 1 1 1 1 2 2 2 2 3 3 3 4 3 3 5 5 1 3 3 1 1 1 1 1 1 1 1 1
 3 3 0 2 2 2 0 0 1 1 1 0 0 1 0 0 1 1 1 1 1 1 2 2 2 2 3 3 3 4 3 3 5 5 1 3 3 1 1 1 1 1 1 1 1 1
 2 2 2 0 0 1 2 2 1 1 0 0 0 1 1 1 0 0 3 1 1 1 3 3 4 4 3 1 1 1 2 2 1 1 0 1 1 0 0 0 0 0 0 0 0 0
 2 2 2 0 0 1 2 2 1 1 0 0 0 0 1 1 4 4 4 1 1 2 1 1 0 0 1 0 0 1 3 3 1 1 1 1 1 1 1 1 1 1 1 1 1 0
 2 2 2 0 0 1 2 2 1 1 0 0 0 0 1 1 4 4 4 1 1 2 1 1 0 0 1 0 0 1 3 3 1 1 1 1 1 1 1 1 1 1 1 1 1 0
 2 2 0 0 0 0 2 2 1 1 1 0 0 0 1 1 9 9 6 4 4 1 1 1 0 0 0 0 0 1 1 1 1 1 1 1 1 1 1 1 1 1 1 1 1 1
 2 2 0 0 0 0 2 2 1 1 1 0 0 0 1 1 9 9 6 4 4 1 1 1 0 0 0 0 0 1 1 1 1 1 1 1 1 1 1 1 1 1 1 1 1 1
 0 0 0 0 0 0 0 0 1 1 2 1 1 1 4 4 7 7 4 14 14 1 8 8 5 5 0 0 0 0 0 0 0 0 0 0 0 0 1 1 1 1 1 1 1 2
 0 0 0 0 0 0 0 0 0 0 1 2 2 1 5 5 3 3 2 8 8 7 7 7 2 2 0 0 0 0 0 0 0 0 0 0 0 0 1 1 1 1 1 1 1 2
 0 0 0 0 0 0 0 0 0 0 1 2 2 1 5 5 3 3 2 8 8 7 7 7 2 2 0 0 0 0 0 0 0 0 0 0 0 0 1 1 1 1 1 1 1 2
 1 1 1 0 0 0 0 0 0 0 0 1 1 1 4 4 0 0 0 0 0 1 6 6 6 6 2 0 0 0 0 0 0 0 1 1 1 1 1 1 1 1 1 1 1 2
 1 1 1 0 0 0 0 0 0 0 0 2 2 1 1 1 1 1 0 0 0 1 1 1 2 2 1 0 0 0 1 1 0 0 1 0 0 1 1 1 1 1 1 2 2 1
 1 1 1 0 0 0 0 0 0 0 0 2 2 1 1 1 1 1 0 0 0 1 1 1 2 2 1 0 0 0 1 1 0 0 1 0 0 1 1 1 1 1 1 2 2 1
 3 3 1 0 0 0 0 0 0 0 0 0 0 1 1 1 2 2 0 0 0 1 0 0 1 1 2 2 2 3 1 1 1 1 0 0 0 0 0 0 0 0 1 1 1 2
 3 3 1 0 0 0 0 0 0 0 0 0 0 1 1 1 2 2 0 0 0 1 0 0 1 1 2 2 2 3 1 1 1 1 0 0 0 0 0 0 0 0 1 1 1 2
 4 4 1 0 0 0 0 0 0 0 0 1 1 1 2 2 2 2 1 1 1 0 0 0 0 0 2 1 1 3 3 3 0 0 0 0 0 0 0 0 0 0 0 0 0 2
 2 2 1 0 0 1 0 0 0 0 0 1 1 0 2 2 2 2 1 1 1 1 1 1 1 1 1 1 1 1 1 1 4 4 5 1 1 2 2 2 0 0 0 0 0 1
 2 2 1 0 0 1 0 0 0 0 0 1 1 0 2 2 2 2 1 1 1 1 1 1 1 1 1 1 1 1 1 1 4 4 5 1 1 2 2 2 0 0 0 0 0 1
 1 1 1 1 1 1 1 1 0 0 0 0 0 0 0 0 2 2 1 1 1 1 1 1 1 1 0 1 1 2 11 11 6 6 6 11 11 10 3 3 0 0 0 0 0 0
 1 1 1 2 2 1 0 0 0 0 0 0 0 0 0 0 1 1 1 1 1 0 0 0 0 0 0 0 0 3 15 15 10 10 6 3 3 5 1 1 2 2 2 0 0 0
 1 1 1 2 2 1 0 0 0 0 0 0 0 0 0 0 1 1 1 1 1 0 0 0 0 0 0 0 0 3 15 15 10 10 6 3 3 5 1 1 2 2 2 0 0 0
 1 1 1 1 1 2 0 0 0 0 0 1 1 1 1 1 2 2 2 2 2 1 1 1 0 0 0 0 0 0 2 2 0 0 0 1 1 2 2 2 3 3 2 1 1 1
 1 1 1 1 1 2 0 0 0 0 0 1 1 1 1 1 2 2 2 2 2 1 1 1 0 0 0 0 0 0 2 2 0 0 0 1 1 2 2 2 3 3 2 1 1 1
 1 1 1 2 2 1 1 1 1 1 1 2 2 3 2 2 2 2 2 1 1 2 2 2 2 2 1 1 1 0 0 0 0 0 0 0 0 0 0 0 1 1 2 4 4 1
 0 0 0 1 1 1 1 1 1 1 1 1 1 1 2 2 2 2 4 5 5 3 3 3 3 3 2 2 2 1 1 1 1 1 1 1 1 1 1 1 0 0 0 2 2 2
 0 0 0 1 1 1 1 1 1 1 1 1 1 1 2 2 2 2 4 5 5 3 3 3 3 3 2 2 2 1 1 1 1 1 1 1 1 1 1 1 0 0 0 2 2 2
 0 0 0 1 1 0 0 0 0 0 0 1 1 1 2 2 2 2 5 6 6 5 3 3 3 3 4 3 3 3 3 3 3 3 3 1 1 1 1 1 2 2 2 2 2 2
 0 0 0 0 0 0 0 0 0 0 0 1 1 1 1 1 2 2 2 5 5 6 5 5 5 5 6 7 7 9 6 6 12 12 12 5 5 3 2 2 2 2 2 3 3 8
 0 0 0 0 0 0 0 0 0 0 0 1 1 1 1 1 2 2 2 5 5 6 5 5 5 5 6 7 7 9 6 6 12 12 12 5 5 3 2 2 2 2 2 3 3 8
 0 0 0 0 0 1 0 0 0 0 1 1 1 1 1 1 2 2 2 5 5 5 7 7 6 6 7 10 10 15 16 16 13 13 14 10 10 3 5 5 6 6 6 6 6 8
 0 0 0 0 0 1 0 0 0 0 1 1 1 1 1 1 2 2 2 5 5 5 7 7 6 6 7 10 10 15 16 16 13 13 14 10 10 3 5 5 6 6 6 6 6 8
 0 0 0 0 0 0 0 0 0 0 2 2 2 1 1 1 2 2 2 4 4 6 4 4 4 4 6 6 6 13 11 11 13 13 18 13 13 9 8 8 7 7 7 9 9 11
 2 2 0 0 0 1 1 1 1 1 2 2 2 1 1 1 2 2 1 2 2 5 8 8 7 7 7 7 7 12 11 11 15 15 18 19 19 22 15 15 14 14 10 10 10 8
 2 2 0 0 0 1 1 1 1 1 2 2 2 1 1 1 2 2 1 2 2 5 8 8 7 7 7 7 7 12 11 11 15 15 18 19 19 22 15 15 14 14 10 10 10 8
 1 1 0 1 1 1 1 1 1 1 1 3 3 2 2 2 2 2 2 2 2 7 9 9 13 13 10 11 11 9 13 13 12 12 22 26 26 22 15 15 15 15 15 8 8 12
 1 1 1 1 1 1 1 1 1 1 2 4 4 3 3 3 3 3 3 3 3 5 15 15 15 15 13 10 10 10 11 11 10 10 17 18 18 24 38 38 31 31 23 13 13 12
 1 1 1 1 1 1 1 1 1 1 2 4 4 3 3 3 3 3 3 3 3 5 15 15 15 15 13 10 10 10 11 11 10 10 17 18 18 24 38 38 31 31 23 13 13 12
 1 1 1 1 1 1 1 1 2 2 2 3 3 4 3 3 3 3 3 3 3 7 8 8 16 16 15 13 13 13 12 12 12 12 15 22 22 40 55 55 77 77 60 21 21 12
 1 1 1 1 1 1 1 1 2 2 2 3 3 4 3 3 3 3 3 3 3 7 8 8 16 16 15 13 13 13 12 12 12 12 15 22 22 40 55 55 77 77 60 21 21 12
 1 1 1 1 1 1 2 2 2 2 2 3 3 5 3 3 3 3 3 3 3 5 7 7 14 14 13 12 12 12 18 18 15 15 31 22 22 56 53 53 64 64 68 44 44 37
 1 1 1 1 1 1 1 1 2 2 2 3 3 3 3 3 3 3 3 2 2 3 7 7 16 16 15 16 16 14 22 22 28 28 42 48 48 35 33 33 30 30 48 50 50 100
 1 1 1 1 1 1 1 1 2 2 2 3 3 3 3 3 3 3 3 2 2 3 7 7 16 16 15 16 16 14 22 22 28 28 42 48 48 35 33 33 30 30 48 50 50 100
 1 1 1 1 1 1 1 1 1 1 2 2 2 2 2 2 2 2 2 2 2 2 8 8 13 13 14 13 13 18 22 22 29 29 39 47 47 37 27 27 51 51 52 59 59 76
 1 1 1 1 1 1 1 1 1 1 1 2 2 3 3 3 2 2 2 2 2 2 9 9 14 14 15 14 14 17 18 18 22 22 79 34 34 40 47 47 42 42 50 50 50 23
 1 1 1 1 1 1 1 1 1 1 1 2 2 3 3 3 2 2 2 2 2 2 9 9 14 14 15 14 14 17 18 18 22 22 79 34 34 40 47 47 42 42 50 50 50 23
 1 1 1 1 1 1 1 1 1 1 2 3 3 5 3 3 2 2 2 2 2 2 3 3 13 13 14 12 12 16 15 15 22 22 29 35 35 20 19 19 31 31 24 27 27 9
 1 1 1 1 1 1 1 1 1 1 2 3 3 5 3 3 2 2 2 2 2 2 3 3 13 13 14 12 12 16 15 15 22 22 29 35 35 20 19 19 31 31 24 27 27 9
 2 2 1 1 1 1 1 1 1 1 2 2 2 2 3 3 2 2 2 2 2 2 3 3 10 10 13 11 11 14 10 10 21 21 40 48 48 55 15 15 19 19 9 4 4 7
 2 2 0 1 1 1 1 1 1 1 2 2 2 1 2 2 2 2 2 2 2 2 2 2 4 4 8 7 7 9 11 11 15 15 15 17 17 25 19 19 11 11 7 6 6 5
 2 2 0 1 1 1 1 1 1 1 2 2 2 1 2 2 2 2 2 2 2 2 2 2 4 4 8 7 7 9 11 11 15 15 15 17 17 25 19 19 11 11 7 6 6 5
 1 1 0 0 0 0 1 1 1 1 1 1 1 1 1 1 1 1 2 2 2 2 2 2 5 5 7 8 8 9 6 6 6 6 9 9 9 21 15 15 8 8 5 6 6 3
 2 2 0 0 0 1 1 1 1 1 1 0 0 1 1 1 2 2 2 2 2 2 3 3 3 3 4 6 6 6 5 5 5 5 6 7 7 7 8 8 6 6 5 5 5 3
 2 2 0 0 0 1 1 1 1 1 1 0 0 1 1 1 2 2 2 2 2 2 3 3 3 3 4 6 6 6 5 5 5 5 6 7 7 7 8 8 6 6 5 5 5 3
 2 2 1 2 2 2 3 3 3 3 1 0 0 1 1 1 2 2 2 3 3 2 2 2 2 2 2 3 3 3 2 2 3 3 5 4 4 5 6 6 6 6 4 3 3 2
 2 2 1 2 2 2 3 3 3 3 1 0 0 1 1 1 2 2 2 3 3 2 2 2 2 2 2 3 3 3 2 2 3 3 5 4 4 5 6 6 6 6 4 3 3 2
 2 2 2 3 3 3 2 2 1 1 1 0 0 6 3 3 2 2 2 1 1 1 2 2 2 2 1 1 1 1 1 1 1 1 1 1 1 2 5 5 4 4 2 1 1 1
 2 2 2 1 1 1 0 0 0 0 0 2 2 5 5 5 2 2 0 0 0 0 1 1 4 4 1 1 1 1 0 0 1 1 0 1 1 0 2 2 1 1 1 0 0 0
 2 2 2 1 1 1 0 0 0 0 0 2 2 5 5 5 2 2 0 0 0 0 1 1 4 4 1 1 1 1 0 0 1 1 0 1 1 0 2 2 1 1 1 0 0 0
 1 1 1 0 0 0 0 0 0 0 0 0 0 0 0 0 0 0 0 0 0 0 2 2 5 5 5 2 2 1 0 0 1 1 0 0 0 0 0 0 0 0 0 0 0 0
 1 1 1 0 0 0 0 0 0 0 0 0 0 0 0 0 0 0 0 0 0 0 0 0 1 1 0 1 1 0 0 0 0 0 0 0 0 0 0 0 0 0 0 0 0 0
 1 1 1 0 0 0 0 0 0 0 0 0 0 0 0 0 0 0 0 0 0 0 0 0 1 1 0 1 1 0 0 0 0 0 0 0 0 0 0 0 0 0 0 0 0 0
 0 0 0 0 0 0 0 0 0 0 0 0 0 0 0 0 0 0 0 0 0 0 0 0 0 0 0 0 0 0 1 1 0 0 0 1 1 0 0 0 0 0 1 0 0 0
 0 0 0 0 0 0 0 0 0 0 0 0 0 0 0 0 0 0 0 0 0 0 0 0 0 0 0 0 0 0 1 1 0 0 0 1 1 0 0 0 0 0 1 0 0 0
 0 0 0 0 0 0 0 0 0 0 0 0 0 0 0 0 0 0 0 0 0 0 0 0 0 0 0 0 0 0 0 0 0 0 0 0 0 1 0 0 0 0 0 0 0 0
 0 0 0 0 0 0 0 0 0 0 0 0 0 0 0 0 0 0 0 0 0 0 0 0 0 0 0 0 0 0 1 1 0 0 0 0 0 1 0 0 0 0 0 0 0 0
 0 0 0 0 0 0 0 0 0 0 0 0 0 0 0 0 0 0 0 0 0 0 0 0 0 0 0 0 0 0 1 1 0 0 0 0 0 1 0 0 0 0 0 0 0 0
 0 0 0 1 1 1 0 0 0 0 0 0 0 0 0 0 0 0 0 0 0 0 0 0 0 0 0 0 0 1 1 1 0 0 0 0 0 0 1 1 1 1 0 0 0 1
 0 0 0 0 0 1 0 0 1 1 0 0 0 0 0 0 0 0 0 0 0 0 0 0 0 0 0 0 0 0 1 1 2 2 0 0 0 0 0 0 0 0 1 0 0 0
