assets/RAT_results_old/precipitation/2021-04-26_IMERG.asc
ncols        46
nrows        77
xllcorner    74.800261325624
yllcorner    8.058333333333
cellsize     0.062500000000
NODATA_value -9999
 0 0 0 0 0 0 1 1 4 4 4 1 1 2 2 2 0 0 0 0 0 0 0 0 0 0 0 0 0 0 0 0 0 0 0 0 0 0 0 0 0 0 0 0 0 0
 0 0 0 0 0 0 0 0 1 1 12 7 7 3 4 4 1 1 1 1 1 1 0 0 0 0 0 0 0 0 0 0 0 0 0 0 0 0 0 0 0 0 0 0 0 0
 0 0 0 0 0 0 0 0 1 1 12 7 7 3 4 4 1 1 1 1 1 1 0 0 0 0 0 0 0 0 0 0 0 0 0 0 0 0 0 0 0 0 0 0 0 0
 0 0 0 0 0 0 0 0 1 1 12 7 7 6 2 2 1 1 1 1 1 1 0 0 0 0 0 0 0 0 0 0 0 0 0 0 0 0 0 0 0 0 0 0 0 0
 0 0 0 0 0 0 0 0 3 3 10 16 16 6 2 2 0 0 0 0 0 0 0 0 0 0 0 0 0 0 0 0 0 0 0 0 0 0 0 0 0 0 0 0 0 0
 0 0 0 0 0 0 0 0 3 3 10 16 16 6 2 2 0 0 0 0 0 0 0 0 0 0 0 0 0 0 0 0 0 0 0 0 0 0 0 0 0 0 0 0 0 0
 0 0 0 0 0 0 0 0 2 2 6 14 14 1 1 1 0 0 0 0 0 0 0 0 0 0 0 0 0 0 0 0 0 0 0 0 0 0 0 0 0 0 0 0 0 0
 0 0 0 0 0 0 0 0 2 2 6 14 14 1 1 1 0 0 0 0 0 0 0 0 0 0 0 0 0 0 0 0 0 0 0 0 0 0 0 0 0 0 0 0 0 0
 0 0 0 0 0 0 0 0 0 0 1 0 0 0 0 0 1 1 1 0 0 0 0 0 0 0 0 0 0 0 0 0 0 0 0 0 0 0 0 0 0 0 0 0 0 0
 0 0 0 0 0 0 0 0 0 0 0 0 0 0 1 1 1 1 1 0 0 0 0 0 0 0 0 0 0 0 0 0 0 0 0 0 0 0 0 0 0 0 0 0 0 0
 0 0 0 0 0 0 0 0 0 0 0 0 0 0 1 1 1 1 1 0 0 0 0 0 0 0 0 0 0 0 0 0 0 0 0 0 0 0 0 0 0 0 0 0 0 0
 0 0 0 0 0 0 0 0 0 0 0 0 0 0 1 1 1 1 0 0 0 0 0 0 0 0 0 0 0 0 0 0 0 0 0 0 0 0 0 0 0 0 0 0 0 0
 0 0 0 0 0 0 0 0 0 0 0 0 0 0 0 0 0 0 0 0 0 0 0 0 0 0 0 0 0 0 0 0 0 0 0 0 0 0 0 0 0 0 0 0 0 0
 0 0 0 0 0 0 0 0 0 0 0 0 0 0 0 0 0 0 0 0 0 0 0 0 0 0 0 0 0 0 0 0 0 0 0 0 0 0 0 0 0 0 0 0 0 0
 0 0 0 0 0 0 0 0 0 0 0 0 0 0 0 0 0 0 0 0 0 0 0 0 0 0 0 0 0 0 0 0 0 0 0 0 0 0 0 0 0 0 0 0 0 0
 0 0 0 0 0 0 0 0 0 0 0 0 0 0 0 0 0 0 0 0 0 0 0 0 0 0 0 0 0 0 0 0 0 0 0 0 0 0 0 0 0 0 0 0 0 0
 0 0 0 0 0 0 0 0 0 0 0 0 0 0 0 0 0 0 0 0 0 0 0 0 0 0 0 0 0 0 0 0 0 0 0 0 0 0 0 0 0 0 0 0 0 0
 0 0 0 0 0 0 0 0 0 0 0 0 0 0 0 0 0 0 0 0 0 0 4 4 1 1 0 0 0 0 0 0 0 0 0 0 0 0 0 0 0 0 0 0 0 0
 0 0 0 0 0 0 0 0 0 0 0 0 0 0 0 0 0 0 0 0 0 0 4 4 1 1 0 0 0 0 0 0 0 0 0 0 0 0 0 0 0 0 0 0 0 0
 0 0 0 0 0 0 0 0 0 0 0 0 0 0 0 0 0 0 0 0 0 6 1 1 1 1 0 0 0 0 0 0 0 0 0 0 0 0 0 0 0 0 1 0 0 0
 0 0 0 0 0 0 0 0 0 0 0 0 0 0 0 0 1 1 2 4 4 2 1 1 0 0 0 0 0 1 0 0 0 0 0 0 0 0 0 0 1 1 1 0 0 0
 0 0 0 0 0 0 0 0 0 0 0 0 0 0 0 0 1 1 2 4 4 2 1 1 0 0 0 0 0 1 0 0 0 0 0 0 0 0 0 0 1 1 1 0 0 0
 1 1 1 1 1 0 1 1 0 0 0 0 0 0 0 0 0 0 14 8 8 2 0 0 0 0 0 1 1 1 1 1 0 0 0 0 0 0 0 0 1 1 1 0 0 0
 1 1 1 1 1 0 1 1 0 0 0 0 0 0 0 0 0 0 14 8 8 2 0 0 0 0 0 1 1 1 1 1 0 0 0 0 0 0 0 0 1 1 1 0 0 0
 2 2 1 1 1 1 4 4 5 5 0 0 0 0 0 0 0 0 0 0 0 0 0 0 0 0 1 1 1 1 1 1 1 1 0 0 0 0 1 1 0 0 0 0 0 0
 20 20 19 19 19 2 15 15 4 4 2 0 0 0 0 0 0 0 0 0 0 0 0 0 0 0 2 2 2 1 0 0 0 0 0 0 0 0 0 0 0 0 0 0 0 0
 20 20 19 19 19 2 15 15 4 4 2 0 0 0 0 0 0 0 0 0 0 0 0 0 0 0 2 2 2 1 0 0 0 0 0 0 0 0 0 0 0 0 0 0 0 0
 21 21 19 19 19 1 2 2 3 3 3 1 1 0 0 0 0 0 0 0 0 0 0 0 0 0 1 2 2 2 0 0 0 0 0 0 0 0 0 0 0 0 0 0 0 0
 1 1 28 28 28 14 14 14 5 5 6 1 1 0 0 0 1 1 1 1 1 3 1 1 1 1 0 2 2 3 1 1 0 0 0 0 0 0 0 0 0 0 0 0 0 0
 1 1 28 28 28 14 14 14 5 5 6 1 1 0 0 0 1 1 1 1 1 3 1 1 1 1 0 2 2 3 1 1 0 0 0 0 0 0 0 0 0 0 0 0 0 0
 20 20 20 18 18 15 14 14 5 5 5 0 0 0 0 0 1 1 2 2 2 1 1 1 1 1 3 4 4 3 1 1 0 0 0 0 0 0 0 0 0 0 0 0 0 0
 20 20 20 18 18 15 14 14 5 5 5 0 0 0 0 0 1 1 2 2 2 1 1 1 1 1 3 4 4 3 1 1 0 0 0 0 0 0 0 0 0 0 0 0 0 0
 20 20 20 19 19 19 13 13 13 13 13 3 3 1 1 1 1 1 3 3 3 2 1 1 0 0 3 8 8 2 0 0 0 0 0 0 0 0 0 0 0 0 0 0 0 0
 1 1 1 2 2 1 3 3 16 16 4 3 3 3 4 4 4 4 7 7 7 6 1 1 0 0 0 4 4 2 0 0 0 0 0 0 0 0 0 0 0 0 0 0 0 0
 1 1 1 2 2 1 3 3 16 16 4 3 3 3 4 4 4 4 7 7 7 6 1 1 0 0 0 4 4 2 0 0 0 0 0 0 0 0 0 0 0 0 0 0 0 0
 2 2 2 3 3 5 5 5 5 5 6 4 4 13 12 12 4 4 7 7 7 2 1 1 1 1 0 0 0 0 0 0 0 0 0 0 0 0 0 0 0 0 0 0 0 0
 3 3 3 4 4 5 5 5 6 6 8 4 4 17 13 13 13 13 8 7 7 4 3 3 3 3 0 0 0 0 0 0 0 0 0 0 0 0 1 1 1 1 1 2 2 1
 3 3 3 4 4 5 5 5 6 6 8 4 4 17 13 13 13 13 8 7 7 4 3 3 3 3 0 0 0 0 0 0 0 0 0 0 0 0 1 1 1 1 1 2 2 1
 3 3 5 4 4 5 6 6 6 6 8 5 5 21 21 21 13 13 9 12 12 5 4 4 3 3 0 0 0 0 0 0 0 0 0 1 1 1 1 1 1 1 8 8 8 3
 3 3 5 4 4 5 6 6 6 6 8 5 5 21 21 21 13 13 9 12 12 5 4 4 3 3 0 0 0 0 0 0 0 0 0 1 1 1 1 1 1 1 8 8 8 3
 6 6 6 6 6 6 7 7 6 6 5 4 4 14 21 21 15 15 15 9 9 5 4 4 0 0 0 0 0 1 0 0 1 1 1 3 3 3 4 4 7 7 8 8 8 6
 4 4 7 5 5 7 7 7 21 21 7 5 5 16 16 16 13 13 22 12 12 11 10 10 0 0 0 0 0 0 2 2 5 5 5 14 14 5 6 6 7 7 7 7 7 7
 4 4 7 5 5 7 7 7 21 21 7 5 5 16 16 16 13 13 22 12 12 11 10 10 0 0 0 0 0 0 2 2 5 5 5 14 14 5 6 6 7 7 7 7 7 7
 4 4 6 6 6 6 5 5 18 18 18 15 15 18 19 19 9 9 9 5 5 12 10 10 0 0 0 0 0 0 2 2 5 5 10 12 12 7 9 9 7 7 6 4 4 5
 4 4 5 5 5 5 4 4 19 19 19 5 5 16 9 9 8 8 6 4 4 2 1 1 2 2 1 2 2 8 9 9 10 10 13 18 18 25 7 7 6 6 3 2 2 5
 4 4 5 5 5 5 4 4 19 19 19 5 5 16 9 9 8 8 6 4 4 2 1 1 2 2 1 2 2 8 9 9 10 10 13 18 18 25 7 7 6 6 3 2 2 5
 5 5 5 5 5 7 5 5 20 20 20 28 28 30 30 30 8 8 4 3 3 2 1 1 1 1 1 1 1 18 14 14 18 18 11 17 17 28 13 13 7 7 4 1 1 1
 5 5 5 5 5 7 5 5 20 20 20 28 28 30 30 30 8 8 4 3 3 2 1 1 1 1 1 1 1 18 14 14 18 18 11 17 17 28 13 13 7 7 4 1 1 1
 2 2 5 4 4 5 26 26 24 24 5 57 57 29 29 29 5 5 5 4 4 1 1 1 1 1 1 1 1 9 18 18 26 26 18 14 14 14 12 12 6 6 1 1 1 1
 2 2 4 4 4 3 26 26 24 24 25 59 59 59 56 56 18 18 18 3 3 1 1 1 2 2 0 1 1 2 9 9 19 19 20 13 13 16 7 7 4 4 1 1 1 1
 2 2 4 4 4 3 26 26 24 24 25 59 59 59 56 56 18 18 18 3 3 1 1 1 2 2 0 1 1 2 9 9 19 19 20 13 13 16 7 7 4 4 1 1 1 1
 3 3 3 4 4 3 3 3 3 3 1 32 32 30 58 58 17 17 18 17 17 0 1 1 2 2 0 1 1 1 8 8 8 8 14 20 20 20 9 9 6 6 3 1 1 4
 1 1 1 2 2 2 1 1 2 2 6 32 32 30 16 16 16 16 16 0 0 0 0 0 0 0 1 1 1 1 11 11 38 38 28 26 26 24 24 24 12 12 16 12 12 5
 1 1 1 2 2 2 1 1 2 2 6 32 32 30 16 16 16 16 16 0 0 0 0 0 0 0 1 1 1 1 11 11 38 38 28 26 26 24 24 24 12 12 16 12 12 5
 1 1 0 1 1 2 1 1 1 1 6 6 6 6 0 0 0 0 16 0 0 1 1 1 1 1 1 1 1 1 10 10 17 17 28 29 29 15 14 14 16 16 12 11 11 7
 1 1 0 1 1 2 1 1 1 1 6 6 6 6 0 0 0 0 16 0 0 1 1 1 1 1 1 1 1 1 10 10 17 17 28 29 29 15 14 14 16 16 12 11 11 7
 0 0 1 1 1 1 1 1 1 1 0 6 6 6 0 0 0 0 0 0 0 0 1 1 2 2 1 1 1 1 13 13 37 37 54 26 26 13 15 15 6 6 5 8 8 3
 0 0 1 1 1 1 1 1 1 1 1 0 0 0 0 0 0 0 0 1 1 0 1 1 1 1 1 2 2 1 4 4 9 9 18 13 13 22 9 9 1 1 2 8 8 6
 0 0 1 1 1 1 1 1 1 1 1 0 0 0 0 0 0 0 0 1 1 0 1 1 1 1 1 2 2 1 4 4 9 9 18 13 13 22 9 9 1 1 2 8 8 6
 1 1 1 1 1 2 1 1 1 1 1 1 1 0 0 0 0 0 0 1 1 1 1 1 2 2 1 2 2 1 1 1 4 4 6 4 4 0 2 2 1 1 3 4 4 3
 1 1 1 1 1 1 1 1 1 1 1 1 1 0 0 0 1 1 1 1 1 1 2 2 1 1 1 2 2 1 1 1 0 0 1 3 3 0 0 0 2 2 3 6 6 2
 1 1 1 1 1 1 1 1 1 1 1 1 1 0 0 0 1 1 1 1 1 1 2 2 1 1 1 2 2 1 1 1 0 0 1 3 3 0 0 0 2 2 3 6 6 2
 1 1 1 1 1 1 1 1 1 1 1 0 0 0 0 0 1 1 1 1 1 1 1 1 1 1 1 2 2 1 1 1 0 0 6 17 17 19 3 3 2 2 4 4 4 2
 1 1 1 1 1 1 1 1 1 1 1 0 0 0 0 0 1 1 1 1 1 1 1 1 1 1 1 2 2 1 1 1 0 0 6 17 17 19 3 3 2 2 4 4 4 2
 1 1 1 1 1 0 1 1 1 1 1 0 0 0 0 0 1 1 1 1 1 3 1 1 0 0 1 1 1 1 1 1 0 0 8 17 17 14 8 8 1 1 3 3 3 1
 6 6 6 5 5 5 1 1 1 1 1 1 1 0 0 0 1 1 1 0 0 1 0 0 0 0 0 1 1 1 1 1 0 0 0 7 7 7 5 5 3 3 1 1 1 0
 6 6 6 5 5 5 1 1 1 1 1 1 1 0 0 0 1 1 1 0 0 1 0 0 0 0 0 1 1 1 1 1 0 0 0 7 7 7 5 5 3 3 1 1 1 0
 12 12 2 5 5 6 2 2 2 2 2 2 2 1 1 1 1 1 0 0 0 0 0 0 0 0 0 1 1 0 0 0 0 0 0 0 0 3 7 7 3 3 0 0 0 0
 12 12 1 1 1 2 2 2 2 2 2 2 2 2 1 1 1 1 1 1 1 0 0 0 0 0 0 0 0 0 0 0 0 0 0 0 0 3 2 2 1 1 0 0 0 0
 12 12 1 1 1 2 2 2 2 2 2 2 2 2 1 1 1 1 1 1 1 0 0 0 0 0 0 0 0 0 0 0 0 0 0 0 0 3 2 2 1 1 0 0 0 0
 13 13 1 1 1 3 3 3 2 2 2 2 2 2 1 1 5 5 5 1 1 0 0 0 0 0 0 0 0 0 1 1 0 0 1 0 0 0 1 1 0 0 0 0 0 0
 13 13 1 1 1 3 3 3 2 2 2 2 2 2 1 1 5 5 5 1 1 0 0 0 0 0 0 0 0 0 1 1 0 0 1 0 0 0 1 1 0 0 0 0 0 0
 13 13 1 1 1 2 2 2 2 2 2 1 1 1 0 0 5 5 5 4 4 0 0 0 0 0 1 1 1 0 1 1 0 0 2 1 1 0 0 0 0 0 0 0 0 0
 1 1 0 0 0 1 1 1 2 2 1 1 1 1 0 0 0 0 0 0 0 0 0 0 0 0 1 0 0 0 0 0 0 0 0 1 1 1 0 0 0 0 0 0 0 0
 1 1 0 0 0 1 1 1 2 2 1 1 1 1 0 0 0 0 0 0 0 0 0 0 0 0 1 0 0 0 0 0 0 0 0 1 1 1 0 0 0 0 0 0 0 0
 0 0 0 0 0 1 1 1 1 1 1 1 1 1 0 0 0 0 0 0 0 0 0 0 0 0 0 1 1 0 0 0 0 0 0 0 0 0 1 1 0 0 1 0 0 0
 0 0 0 0 0 0 0 0 1 1 3 1 1 1 0 0 0 0 0 0 0 0 0 0 0 0 0 0 0 1 0 0 0 0 0 0 0 0 0 0 0 0 1 0 0 0
