assets/RAT_results_old/precipitation/2021-10-15_IMERG.asc
ncols        46
nrows        77
xllcorner    74.800261325624
yllcorner    8.058333333333
cellsize     0.062500000000
NODATA_value -9999
 6 6 6 2 2 2 3 3 3 3 4 6 6 5 5 5 5 5 2 3 3 3 2 2 0 0 0 0 0 2 4 4 3 3 1 0 0 1 3 3 4 4 7 12 12 15
 3 3 6 1 1 2 3 3 2 2 3 3 3 5 10 10 9 9 7 11 11 9 4 4 1 1 1 1 1 1 5 5 5 5 2 1 1 1 2 2 2 2 9 3 3 6
 3 3 6 1 1 2 3 3 2 2 3 3 3 5 10 10 9 9 7 11 11 9 4 4 1 1 1 1 1 1 5 5 5 5 2 1 1 1 2 2 2 2 9 3 3 6
 2 2 6 1 1 1 1 1 2 2 1 1 1 3 4 4 10 10 13 18 18 18 5 5 2 2 1 2 2 1 2 2 3 3 3 3 3 6 3 3 4 4 18 16 16 15
 1 1 3 4 4 3 1 1 2 2 2 2 2 3 5 5 9 9 11 18 18 14 12 12 5 5 5 9 9 10 4 4 5 5 7 6 6 8 19 19 21 21 22 15 15 14
 1 1 3 4 4 3 1 1 2 2 2 2 2 3 5 5 9 9 11 18 18 14 12 12 5 5 5 9 9 10 4 4 5 5 7 6 6 8 19 19 21 21 22 15 15 14
 1 1 2 9 9 2 0 0 1 1 2 2 2 3 5 5 6 6 6 10 10 8 14 14 15 15 13 50 50 13 9 9 17 17 16 12 12 19 20 20 25 25 22 16 16 13
 1 1 2 9 9 2 0 0 1 1 2 2 2 3 5 5 6 6 6 10 10 8 14 14 15 15 13 50 50 13 9 9 17 17 16 12 12 19 20 20 25 25 22 16 16 13
 0 0 1 3 3 4 0 0 0 0 1 2 2 2 2 2 4 4 4 4 4 5 12 12 11 11 14 15 15 24 38 38 28 28 17 18 18 16 15 15 22 22 22 14 14 13
 1 1 1 2 2 1 3 3 0 0 0 0 0 1 2 2 3 3 3 3 3 5 6 6 7 7 9 7 7 8 14 14 15 15 30 22 22 14 19 19 2 2 4 2 2 2
 1 1 1 2 2 1 3 3 0 0 0 0 0 1 2 2 3 3 3 3 3 5 6 6 7 7 9 7 7 8 14 14 15 15 30 22 22 14 19 19 2 2 4 2 2 2
 1 1 0 1 1 3 2 2 0 0 0 0 0 0 1 1 2 2 2 2 2 1 3 3 1 1 3 2 2 6 7 7 9 9 7 8 8 7 4 4 1 1 3 0 0 0
 1 1 1 1 1 1 2 2 4 4 0 0 0 0 0 0 1 1 1 1 1 1 1 1 1 1 2 0 0 0 1 1 2 2 4 6 6 7 3 3 0 0 0 0 0 1
 1 1 1 1 1 1 2 2 4 4 0 0 0 0 0 0 1 1 1 1 1 1 1 1 1 1 2 0 0 0 1 1 2 2 4 6 6 7 3 3 0 0 0 0 0 1
 2 2 1 1 1 1 2 2 3 3 3 0 0 0 0 0 0 0 0 0 0 0 0 0 0 0 0 0 0 0 0 0 1 1 2 4 4 5 5 5 2 2 1 1 1 3
 2 2 1 1 1 1 2 2 3 3 3 0 0 0 0 0 0 0 0 0 0 0 0 0 0 0 0 0 0 0 0 0 1 1 2 4 4 5 5 5 2 2 1 1 1 3
 2 2 1 1 1 1 1 1 2 2 3 1 1 0 0 0 0 0 0 0 0 0 0 0 0 0 0 0 0 0 0 0 0 0 1 2 2 3 3 3 3 3 4 2 2 2
 1 1 1 1 1 1 0 0 1 1 3 1 1 0 0 0 0 0 0 0 0 0 0 0 0 0 0 0 0 0 1 1 1 1 1 1 1 2 1 1 3 3 2 0 0 5
 1 1 1 1 1 1 0 0 1 1 3 1 1 0 0 0 0 0 0 0 0 0 0 0 0 0 0 0 0 0 1 1 1 1 1 1 1 2 1 1 3 3 2 0 0 5
 1 1 1 1 1 1 1 1 0 0 1 2 2 2 1 1 0 0 0 0 0 0 0 0 0 0 0 0 0 0 1 1 2 2 5 5 5 1 5 5 0 0 2 1 1 3
 1 1 1 1 1 1 0 0 0 0 0 1 1 1 1 1 0 0 0 0 0 0 0 0 0 0 0 0 0 1 1 1 1 1 3 3 3 1 0 0 0 0 0 0 0 1
 1 1 1 1 1 1 0 0 0 0 0 1 1 1 1 1 0 0 0 0 0 0 0 0 0 0 0 0 0 1 1 1 1 1 3 3 3 1 0 0 0 0 0 0 0 1
 1 1 0 1 1 1 0 0 1 1 1 1 1 1 2 2 2 2 0 0 0 0 0 0 0 0 0 1 1 1 0 0 0 0 0 0 0 0 0 0 0 0 0 0 0 0
 1 1 0 1 1 1 0 0 1 1 1 1 1 1 2 2 2 2 0 0 0 0 0 0 0 0 0 1 1 1 0 0 0 0 0 0 0 0 0 0 0 0 0 0 0 0
 1 1 1 1 1 1 1 1 1 1 1 1 1 2 1 1 1 1 1 1 1 2 2 2 2 2 1 1 1 4 0 0 0 0 1 1 1 1 2 2 3 3 2 1 1 1
 1 1 2 2 2 1 1 1 1 1 1 1 1 1 2 2 4 4 4 3 3 2 2 2 2 2 2 1 1 2 1 1 2 2 4 3 3 5 8 8 9 9 5 4 4 3
 1 1 2 2 2 1 1 1 1 1 1 1 1 1 2 2 4 4 4 3 3 2 2 2 2 2 2 1 1 2 1 1 2 2 4 3 3 5 8 8 9 9 5 4 4 3
 1 1 2 2 2 2 1 1 1 1 1 1 1 1 1 1 3 3 4 1 1 1 1 1 1 1 1 1 1 2 1 1 2 2 5 4 4 5 8 8 7 7 5 4 4 3
 1 1 1 2 2 1 2 2 1 1 1 0 0 1 1 1 2 2 1 0 0 0 0 0 0 0 1 0 0 0 0 0 1 1 1 1 1 1 2 2 2 2 2 1 1 1
 1 1 1 2 2 1 2 2 1 1 1 0 0 1 1 1 2 2 1 0 0 0 0 0 0 0 1 0 0 0 0 0 1 1 1 1 1 1 2 2 2 2 2 1 1 1
 2 2 2 2 2 1 2 2 2 2 2 1 1 1 0 0 1 1 2 0 0 0 0 0 0 0 0 0 0 0 0 0 0 0 0 0 0 0 0 0 0 0 1 0 0 0
 2 2 2 2 2 1 2 2 2 2 2 1 1 1 0 0 1 1 2 0 0 0 0 0 0 0 0 0 0 0 0 0 0 0 0 0 0 0 0 0 0 0 1 0 0 0
 2 2 3 2 2 1 2 2 2 2 1 1 1 1 1 1 1 1 1 0 0 1 0 0 0 0 0 0 0 0 0 0 0 0 0 0 0 0 0 0 1 1 2 1 1 0
 3 3 3 2 2 2 2 2 1 1 2 2 2 1 1 1 0 0 2 3 3 2 0 0 0 0 0 0 0 0 0 0 0 0 0 0 0 0 1 1 1 1 1 0 0 0
 3 3 3 2 2 2 2 2 1 1 2 2 2 1 1 1 0 0 2 3 3 2 0 0 0 0 0 0 0 0 0 0 0 0 0 0 0 0 1 1 1 1 1 0 0 0
 3 3 3 2 2 2 1 1 1 1 1 2 2 1 1 1 0 0 2 3 3 2 0 0 1 1 1 1 1 1 0 0 0 0 0 0 0 0 0 0 0 0 0 0 0 0
 3 3 2 2 2 2 1 1 1 1 1 1 1 1 1 1 0 0 1 3 3 2 1 1 1 1 1 0 0 0 0 0 0 0 0 0 0 0 0 0 0 0 0 0 0 0
 3 3 2 2 2 2 1 1 1 1 1 1 1 1 1 1 0 0 1 3 3 2 1 1 1 1 1 0 0 0 0 0 0 0 0 0 0 0 0 0 0 0 0 0 0 0
 3 3 2 2 2 2 1 1 1 1 1 1 1 1 1 1 0 0 1 3 3 2 2 2 0 0 1 0 0 0 0 0 0 0 0 0 0 0 0 0 0 0 0 1 1 0
 3 3 2 2 2 2 1 1 1 1 1 1 1 1 1 1 0 0 1 3 3 2 2 2 0 0 1 0 0 0 0 0 0 0 0 0 0 0 0 0 0 0 0 1 1 0
 2 2 2 2 2 2 1 1 1 1 1 1 1 1 1 1 1 1 1 3 3 3 2 2 0 0 0 0 0 0 0 0 0 0 0 0 0 0 0 0 0 0 0 0 0 0
 3 3 3 2 2 2 1 1 1 1 1 1 1 1 1 1 1 1 1 1 1 3 2 2 1 1 0 0 0 0 0 0 0 0 0 0 0 0 0 0 0 0 0 0 0 0
 3 3 3 2 2 2 1 1 1 1 1 1 1 1 1 1 1 1 1 1 1 3 2 2 1 1 0 0 0 0 0 0 0 0 0 0 0 0 0 0 0 0 0 0 0 0
 4 4 5 4 4 4 3 3 3 3 2 1 1 1 1 1 1 1 1 3 3 3 3 3 0 0 0 0 0 0 0 0 0 0 0 1 1 1 0 0 0 0 0 0 0 0
 4 4 7 5 5 3 4 4 5 5 2 2 2 1 1 1 2 2 3 3 3 1 2 2 1 1 0 0 0 0 0 0 0 0 0 1 1 0 0 0 0 0 0 0 0 0
 4 4 7 5 5 3 4 4 5 5 2 2 2 1 1 1 2 2 3 3 3 1 2 2 1 1 0 0 0 0 0 0 0 0 0 1 1 0 0 0 0 0 0 0 0 0
 5 5 5 7 7 7 6 6 3 3 5 5 5 3 2 2 4 4 3 2 2 1 1 1 4 4 2 3 3 0 0 0 0 0 0 1 1 1 0 0 0 0 0 0 0 0
 5 5 5 7 7 7 6 6 3 3 5 5 5 3 2 2 4 4 3 2 2 1 1 1 4 4 2 3 3 0 0 0 0 0 0 1 1 1 0 0 0 0 0 0 0 0
 4 4 4 5 5 8 6 6 6 6 5 6 6 6 7 7 6 6 6 6 6 5 5 5 4 4 2 2 2 0 0 0 0 0 0 0 0 0 0 0 0 0 0 0 0 0
 4 4 5 5 5 8 7 7 7 7 9 7 7 7 6 6 4 4 10 11 11 14 8 8 5 5 5 4 4 0 0 0 0 0 0 0 0 0 0 0 0 0 0 0 0 0
 4 4 5 5 5 8 7 7 7 7 9 7 7 7 6 6 4 4 10 11 11 14 8 8 5 5 5 4 4 0 0 0 0 0 0 0 0 0 0 0 0 0 0 0 0 0
 7 7 5 7 7 7 11 11 11 11 10 9 9 6 11 11 16 16 12 17 17 17 9 9 4 4 3 2 2 0 0 0 0 0 0 1 1 2 1 1 1 1 0 0 0 0
 8 8 5 4 4 5 6 6 7 7 7 9 9 9 10 10 15 15 9 12 12 15 9 9 2 2 4 9 9 17 0 0 0 0 0 0 0 1 1 1 1 1 0 0 0 0
 8 8 5 4 4 5 6 6 7 7 7 9 9 9 10 10 15 15 9 12 12 15 9 9 2 2 4 9 9 17 0 0 0 0 0 0 0 1 1 1 1 1 0 0 0 0
 9 9 6 5 5 4 5 5 6 6 8 11 11 12 9 9 13 13 12 8 8 6 3 3 3 3 5 19 19 2 0 0 0 0 0 0 0 0 1 1 1 1 0 0 0 0
 9 9 6 5 5 4 5 5 6 6 8 11 11 12 9 9 13 13 12 8 8 6 3 3 3 3 5 19 19 2 0 0 0 0 0 0 0 0 1 1 1 1 0 0 0 0
 12 12 6 5 5 4 5 5 5 5 7 12 12 11 9 9 8 8 8 6 6 6 2 2 3 3 6 6 6 0 0 0 1 1 0 2 2 1 0 0 0 0 0 0 0 0
 5 5 5 5 5 5 4 4 4 4 6 9 9 7 6 6 7 7 5 7 7 7 4 4 2 2 3 4 4 2 1 1 2 2 4 2 2 0 0 0 0 0 0 0 0 0
 5 5 5 5 5 5 4 4 4 4 6 9 9 7 6 6 7 7 5 7 7 7 4 4 2 2 3 4 4 2 1 1 2 2 4 2 2 0 0 0 0 0 0 0 0 0
 6 6 4 4 4 4 4 4 3 3 5 5 5 6 6 6 7 7 7 5 5 9 5 5 2 2 4 3 3 3 1 1 4 4 1 2 2 2 1 1 0 0 0 0 0 0
 5 5 4 4 4 4 4 4 3 3 3 5 5 5 5 5 7 7 9 7 7 6 9 9 7 7 2 2 2 1 1 1 3 3 3 1 1 0 0 0 0 0 0 0 0 0
 5 5 4 4 4 4 4 4 3 3 3 5 5 5 5 5 7 7 9 7 7 6 9 9 7 7 2 2 2 1 1 1 3 3 3 1 1 0 0 0 0 0 0 0 0 0
 4 4 3 5 5 4 4 4 4 4 4 4 4 4 5 5 8 8 10 9 9 7 14 14 3 3 2 3 3 5 4 4 3 3 5 2 2 0 0 0 0 0 0 0 0 0
 4 4 3 5 5 4 4 4 4 4 4 4 4 4 5 5 8 8 10 9 9 7 14 14 3 3 2 3 3 5 4 4 3 3 5 2 2 0 0 0 0 0 0 0 0 0
 4 4 4 4 4 5 6 6 4 4 5 4 4 4 6 6 9 9 16 15 15 9 9 9 7 7 3 2 2 11 10 10 10 10 11 5 5 0 0 0 0 0 0 0 0 0
 3 3 2 3 3 6 6 6 5 5 4 4 4 5 8 8 18 18 17 18 18 9 5 5 2 2 2 2 2 7 8 8 13 13 5 1 1 0 5 5 0 0 1 0 0 0
 3 3 2 3 3 6 6 6 5 5 4 4 4 5 8 8 18 18 17 18 18 9 5 5 2 2 2 2 2 7 8 8 13 13 5 1 1 0 5 5 0 0 1 0 0 0
 3 3 3 4 4 6 5 5 4 4 3 3 3 4 7 7 14 14 11 8 8 4 2 2 2 2 2 2 2 3 7 7 15 15 8 3 3 3 3 3 2 2 3 0 0 0
 4 4 4 5 5 4 4 4 4 4 4 3 3 6 6 6 9 9 7 3 3 3 2 2 3 3 2 3 3 4 3 3 7 7 8 5 5 4 3 3 1 1 2 1 1 0
 4 4 4 5 5 4 4 4 4 4 4 3 3 6 6 6 9 9 7 3 3 3 2 2 3 3 2 3 3 4 3 3 7 7 8 5 5 4 3 3 1 1 2 1 1 0
 10 10 9 9 9 7 6 6 6 6 6 8 8 9 7 7 7 7 5 5 5 6 6 6 8 8 8 14 14 6 3 3 3 3 12 6 6 3 2 2 2 2 2 1 1 1
 10 10 9 9 9 7 6 6 6 6 6 8 8 9 7 7 7 7 5 5 5 6 6 6 8 8 8 14 14 6 3 3 3 3 12 6 6 3 2 2 2 2 2 1 1 1
 16 16 17 13 13 12 9 9 9 9 17 34 34 17 14 14 6 6 5 6 6 20 22 22 20 20 20 14 14 10 5 5 4 4 7 5 5 5 2 2 2 2 1 2 2 1
 13 13 11 12 12 14 15 15 15 15 47 80 80 47 39 39 8 8 6 15 15 22 38 38 47 47 44 22 22 8 5 5 3 3 4 2 2 4 3 3 3 3 2 8 8 22
 13 13 11 12 12 14 15 15 15 15 47 80 80 47 39 39 8 8 6 15 15 22 38 38 47 47 44 22 22 8 5 5 3 3 4 2 2 4 3 3 3 3 2 8 8 22
 9 9 9 11 11 12 21 21 42 42 81 89 89 74 24 24 15 15 11 10 10 16 16 16 34 34 27 15 15 4 3 3 2 2 3 2 2 2 5 5 6 6 8 10 10 27
 7 7 7 10 10 16 25 25 40 40 72 39 39 35 13 13 9 9 5 7 7 11 15 15 13 13 16 7 7 4 3 3 3 3 3 2 2 2 3 3 3 3 8 10 10 3
