assets/RAT_results_old/precipitation/2021-08-07_IMERG.asc
ncols        46
nrows        77
xllcorner    74.800261325624
yllcorner    8.058333333333
cellsize     0.062500000000
NODATA_value -9999
 15 15 15 15 15 18 15 15 15 15 5 5 5 1 1 1 1 1 0 1 1 1 0 0 0 0 0 0 0 0 0 0 0 0 1 4 4 3 3 3 1 1 1 0 0 0
 24 24 22 18 18 23 19 19 17 17 8 5 5 1 1 1 1 1 0 0 0 0 0 0 0 0 0 0 0 0 0 0 0 0 0 1 1 2 1 1 1 1 1 2 2 2
 24 24 22 18 18 23 19 19 17 17 8 5 5 1 1 1 1 1 0 0 0 0 0 0 0 0 0 0 0 0 0 0 0 0 0 1 1 2 1 1 1 1 1 2 2 2
 29 29 28 19 19 15 16 16 16 16 10 9 9 3 1 1 2 2 1 0 0 0 0 0 0 0 0 0 0 0 0 0 1 1 1 1 1 2 1 1 2 2 1 5 5 11
 24 24 34 19 19 23 13 13 16 16 10 9 9 5 2 2 2 2 1 0 0 1 0 0 0 0 0 0 0 0 0 0 1 1 1 1 1 1 1 1 4 4 3 5 5 11
 24 24 34 19 19 23 13 13 16 16 10 9 9 5 2 2 2 2 1 0 0 1 0 0 0 0 0 0 0 0 0 0 1 1 1 1 1 1 1 1 4 4 3 5 5 11
 36 36 30 33 33 26 17 17 14 14 10 10 10 11 3 3 3 3 1 1 1 0 0 0 0 0 0 0 0 0 0 0 0 0 1 1 1 1 1 1 1 1 1 3 3 3
 36 36 30 33 33 26 17 17 14 14 10 10 10 11 3 3 3 3 1 1 1 0 0 0 0 0 0 0 0 0 0 0 0 0 1 1 1 1 1 1 1 1 1 3 3 3
 26 26 31 33 33 19 16 16 16 16 14 13 13 11 3 3 3 3 2 1 1 1 1 1 0 0 0 1 1 0 0 0 0 0 0 0 0 0 0 0 0 0 1 3 3 3
 29 29 22 32 32 26 20 20 17 17 11 12 12 9 4 4 3 3 2 1 1 1 1 1 1 1 2 0 0 0 0 0 0 0 0 0 0 0 0 0 0 0 1 2 2 1
 29 29 22 32 32 26 20 20 17 17 11 12 12 9 4 4 3 3 2 1 1 1 1 1 1 1 2 0 0 0 0 0 0 0 0 0 0 0 0 0 0 0 1 2 2 1
 34 34 25 35 35 32 24 24 20 20 17 14 14 8 4 4 5 5 4 2 2 1 1 1 5 5 4 1 1 1 1 1 1 1 0 1 1 1 1 1 1 1 1 4 4 4
 25 25 26 30 30 30 26 26 26 26 23 16 16 14 14 14 7 7 6 3 3 2 1 1 1 1 3 2 2 1 1 1 1 1 1 1 1 1 2 2 1 1 1 4 4 3
 25 25 26 30 30 30 26 26 26 26 23 16 16 14 14 14 7 7 6 3 3 2 1 1 1 1 3 2 2 1 1 1 1 1 1 1 1 1 2 2 1 1 1 4 4 3
 67 67 21 29 29 31 30 30 33 33 28 23 23 19 15 15 11 11 8 4 4 3 2 2 2 2 2 2 2 1 1 1 1 1 1 1 1 1 1 1 1 1 0 1 1 3
 67 67 21 29 29 31 30 30 33 33 28 23 23 19 15 15 11 11 8 4 4 3 2 2 2 2 2 2 2 1 1 1 1 1 1 1 1 1 1 1 1 1 0 1 1 3
 64 64 73 71 71 45 29 29 36 36 37 27 27 21 20 20 15 15 11 4 4 4 3 3 3 3 3 2 2 1 1 1 2 2 1 3 3 1 1 1 1 1 1 0 0 1
 63 63 72 73 73 78 59 59 47 47 39 28 28 28 25 25 17 17 15 8 8 4 4 4 4 4 6 3 3 1 1 1 1 1 2 2 2 2 1 1 1 1 1 5 5 6
 63 63 72 73 73 78 59 59 47 47 39 28 28 28 25 25 17 17 15 8 8 4 4 4 4 4 6 3 3 1 1 1 1 1 2 2 2 2 1 1 1 1 1 5 5 6
 60 60 63 77 77 83 67 67 77 77 72 43 43 30 26 26 19 19 10 6 6 5 8 8 6 6 7 4 4 3 1 1 1 1 2 2 2 3 2 2 2 2 6 11 11 17
 44 44 56 50 50 71 81 81 67 67 70 40 40 34 40 40 22 22 11 7 7 10 9 9 8 8 9 6 6 4 3 3 2 2 2 4 4 2 2 2 6 6 8 20 20 19
 44 44 56 50 50 71 81 81 67 67 70 40 40 34 40 40 22 22 11 7 7 10 9 9 8 8 9 6 6 4 3 3 2 2 2 4 4 2 2 2 6 6 8 20 20 19
 54 54 58 53 53 63 57 57 70 70 53 47 47 27 36 36 27 27 12 9 9 13 13 13 10 10 10 5 5 5 6 6 5 5 5 4 4 2 2 2 8 8 15 22 22 18
 54 54 58 53 53 63 57 57 70 70 53 47 47 27 36 36 27 27 12 9 9 13 13 13 10 10 10 5 5 5 6 6 5 5 5 4 4 2 2 2 8 8 15 22 22 18
 57 57 56 47 47 41 36 36 39 39 47 32 32 22 34 34 25 25 16 8 8 11 10 10 6 6 6 7 7 6 5 5 6 6 5 2 2 1 2 2 5 5 12 8 8 18
 58 58 56 54 54 40 48 48 37 37 23 15 15 12 17 17 18 18 14 8 8 9 11 11 9 9 6 5 5 7 2 2 2 2 3 2 2 1 1 1 1 1 3 16 16 12
 58 58 56 54 54 40 48 48 37 37 23 15 15 12 17 17 18 18 14 8 8 9 11 11 9 9 6 5 5 7 2 2 2 2 3 2 2 1 1 1 1 1 3 16 16 12
 57 57 57 60 60 36 34 34 23 23 22 18 18 19 22 22 13 13 10 11 11 8 9 9 6 6 5 4 4 3 4 4 4 4 2 2 2 2 1 1 0 0 1 1 1 1
 57 57 38 38 38 36 32 32 16 16 21 23 23 34 16 16 14 14 10 15 15 9 7 7 5 5 5 4 4 2 3 3 1 1 0 0 0 0 0 0 0 0 0 0 0 0
 57 57 38 38 38 36 32 32 16 16 21 23 23 34 16 16 14 14 10 15 15 9 7 7 5 5 5 4 4 2 3 3 1 1 0 0 0 0 0 0 0 0 0 0 0 0
 34 34 35 37 37 33 32 32 14 14 13 16 16 20 38 38 17 17 10 16 16 9 10 10 6 6 5 5 5 3 3 3 0 0 0 0 0 0 1 1 1 1 1 1 1 1
 34 34 35 37 37 33 32 32 14 14 13 16 16 20 38 38 17 17 10 16 16 9 10 10 6 6 5 5 5 3 3 3 0 0 0 0 0 0 1 1 1 1 1 1 1 1
 34 34 39 38 38 38 32 32 21 21 13 12 12 21 30 30 24 24 14 13 13 4 4 4 6 6 4 3 3 2 3 3 1 1 0 0 0 1 1 1 1 1 2 2 2 1
 37 37 38 38 38 41 35 35 35 35 25 25 25 15 25 25 30 30 45 17 17 7 6 6 3 3 2 2 2 2 2 2 1 1 1 1 1 1 1 1 1 1 1 2 2 1
 37 37 38 38 38 41 35 35 35 35 25 25 25 15 25 25 30 30 45 17 17 7 6 6 3 3 2 2 2 2 2 2 1 1 1 1 1 1 1 1 1 1 1 2 2 1
 39 39 37 36 36 37 35 35 36 36 34 26 26 26 37 37 40 40 47 23 23 12 9 9 13 13 14 3 3 3 4 4 2 2 1 0 0 1 1 1 1 1 2 2 2 1
 38 38 45 43 43 42 38 38 46 46 46 30 30 24 37 37 14 14 37 45 45 38 21 21 16 16 15 3 3 9 4 4 4 4 3 2 2 2 1 1 1 1 2 2 2 1
 38 38 45 43 43 42 38 38 46 46 46 30 30 24 37 37 14 14 37 45 45 38 21 21 16 16 15 3 3 9 4 4 4 4 3 2 2 2 1 1 1 1 2 2 2 1
 50 50 37 51 51 40 50 50 52 52 54 41 41 38 32 32 24 24 38 46 46 40 24 24 24 24 10 9 9 8 4 4 5 5 4 7 7 3 2 2 3 3 2 2 2 1
 50 50 37 51 51 40 50 50 52 52 54 41 41 38 32 32 24 24 38 46 46 40 24 24 24 24 10 9 9 8 4 4 5 5 4 7 7 3 2 2 3 3 2 2 2 1
 40 40 41 51 51 43 53 53 48 48 46 46 46 38 29 29 21 21 26 33 33 35 28 28 26 26 15 11 11 6 6 6 5 5 4 4 4 9 17 17 18 18 13 4 4 3
 45 45 35 43 43 37 36 36 41 41 29 58 58 47 31 31 18 18 26 15 15 26 33 33 35 35 21 12 12 11 9 9 7 7 5 4 4 5 4 4 4 4 7 4 4 3
 45 45 35 43 43 37 36 36 41 41 29 58 58 47 31 31 18 18 26 15 15 26 33 33 35 35 21 12 12 11 9 9 7 7 5 4 4 5 4 4 4 4 7 4 4 3
 37 37 49 50 50 46 36 36 46 46 36 35 35 23 20 20 21 21 22 17 17 29 29 29 30 30 17 19 19 18 12 12 10 10 9 8 8 6 4 4 5 5 4 3 3 1
 39 39 46 52 52 55 46 46 45 45 46 32 32 48 20 20 17 17 20 18 18 24 34 34 34 34 21 18 18 16 10 10 12 12 12 6 6 5 3 3 4 4 1 1 1 1
 39 39 46 52 52 55 46 46 45 45 46 32 32 48 20 20 17 17 20 18 18 24 34 34 34 34 21 18 18 16 10 10 12 12 12 6 6 5 3 3 4 4 1 1 1 1
 35 35 46 83 83 55 59 59 42 42 61 36 36 43 24 24 27 27 20 20 20 16 17 17 26 26 24 20 20 15 15 15 11 11 13 14 14 5 4 4 2 2 1 1 1 1
 35 35 46 83 83 55 59 59 42 42 61 36 36 43 24 24 27 27 20 20 20 16 17 17 26 26 24 20 20 15 15 15 11 11 13 14 14 5 4 4 2 2 1 1 1 1
 47 47 42 83 83 53 82 82 51 51 58 49 49 37 43 43 26 26 25 19 19 20 19 19 24 24 23 24 24 15 18 18 10 10 11 7 7 7 2 2 2 2 1 1 1 1
 41 41 37 62 62 61 59 59 63 63 49 56 56 34 43 43 27 27 25 21 21 18 18 18 21 21 22 24 24 20 17 17 13 13 11 8 8 6 3 3 2 2 2 1 1 1
 41 41 37 62 62 61 59 59 63 63 49 56 56 34 43 43 27 27 25 21 21 18 18 18 21 21 22 24 24 20 17 17 13 13 11 8 8 6 3 3 2 2 2 1 1 1
 37 37 59 41 41 71 45 45 61 61 47 46 46 40 52 52 24 24 23 22 22 18 19 19 20 20 21 24 24 24 22 22 12 12 14 11 11 6 4 4 3 3 2 2 2 1
 64 64 54 54 54 61 48 48 56 56 41 42 42 53 53 53 41 41 19 17 17 21 14 14 20 20 14 16 16 29 25 25 21 21 20 12 12 8 5 5 6 6 4 6 6 2
 64 64 54 54 54 61 48 48 56 56 41 42 42 53 53 53 41 41 19 17 17 21 14 14 20 20 14 16 16 29 25 25 21 21 20 12 12 8 5 5 6 6 4 6 6 2
 60 60 72 63 63 60 62 62 56 56 49 47 47 44 56 56 40 40 28 24 24 30 16 16 18 18 11 14 14 21 36 36 23 23 20 13 13 8 9 9 6 6 4 2 2 1
 60 60 72 63 63 60 62 62 56 56 49 47 47 44 56 56 40 40 28 24 24 30 16 16 18 18 11 14 14 21 36 36 23 23 20 13 13 8 9 9 6 6 4 2 2 1
 59 59 77 57 57 67 57 57 63 63 50 48 48 50 48 48 64 64 38 41 41 26 22 22 17 17 22 21 21 16 20 20 13 13 14 13 13 11 6 6 6 6 1 1 1 0
 56 56 67 63 63 65 67 67 67 67 48 50 50 42 38 38 46 46 37 42 42 24 19 19 25 25 29 23 23 17 14 14 14 14 19 10 10 10 7 7 5 5 4 1 1 0
 56 56 67 63 63 65 67 67 67 67 48 50 50 42 38 38 46 46 37 42 42 24 19 19 25 25 29 23 23 17 14 14 14 14 19 10 10 10 7 7 5 5 4 1 1 0
 105 105 64 64 64 72 60 60 67 67 47 55 55 41 37 37 38 38 47 29 29 35 30 30 26 26 32 17 17 9 15 15 12 12 9 10 10 8 6 6 4 4 2 0 0 0
 94 94 71 74 74 80 76 76 75 75 61 55 55 46 39 39 34 34 39 37 37 40 33 33 54 54 30 29 29 15 10 10 10 10 10 6 6 6 3 3 4 4 0 0 0 0
 94 94 71 74 74 80 76 76 75 75 61 55 55 46 39 39 34 34 39 37 37 40 33 33 54 54 30 29 29 15 10 10 10 10 10 6 6 6 3 3 4 4 0 0 0 0
 91 91 61 68 68 60 67 67 58 58 52 42 42 49 40 40 38 38 39 34 34 36 45 45 38 38 32 15 15 16 15 15 10 10 9 5 5 4 4 4 2 2 1 0 0 0
 91 91 61 68 68 60 67 67 58 58 52 42 42 49 40 40 38 38 39 34 34 36 45 45 38 38 32 15 15 16 15 15 10 10 9 5 5 4 4 4 2 2 1 0 0 0
 44 44 59 54 54 52 66 66 63 63 66 66 66 40 41 41 39 39 40 43 43 37 32 32 37 37 30 11 11 13 10 10 11 11 6 2 2 4 3 3 1 1 2 1 1 0
 38 38 37 34 34 32 38 38 66 66 61 57 57 36 38 38 40 40 51 52 52 29 31 31 32 32 31 36 36 18 18 18 10 10 1 1 1 4 6 6 2 2 0 0 0 0
 38 38 37 34 34 32 38 38 66 66 61 57 57 36 38 38 40 40 51 52 52 29 31 31 32 32 31 36 36 18 18 18 10 10 1 1 1 4 6 6 2 2 0 0 0 0
 27 27 24 32 32 29 31 31 38 38 27 33 33 28 32 32 52 52 50 50 50 34 41 41 29 29 57 36 36 20 20 20 18 18 5 9 9 6 10 10 4 4 0 0 0 0
 22 22 22 18 18 17 14 14 16 16 18 28 28 22 25 25 29 29 28 36 36 34 39 39 28 28 36 32 32 55 17 17 19 19 7 6 6 5 6 6 4 4 2 0 0 0
 22 22 22 18 18 17 14 14 16 16 18 28 28 22 25 25 29 29 28 36 36 34 39 39 28 28 36 32 32 55 17 17 19 19 7 6 6 5 6 6 4 4 2 0 0 0
 18 18 18 16 16 15 12 12 11 11 15 18 18 20 16 16 17 17 25 34 34 22 39 39 35 35 25 46 46 47 13 13 12 12 4 4 4 3 2 2 4 4 3 2 2 0
 18 18 18 16 16 15 12 12 11 11 15 18 18 20 16 16 17 17 25 34 34 22 39 39 35 35 25 46 46 47 13 13 12 12 4 4 4 3 2 2 4 4 3 2 2 0
 17 17 20 18 18 13 11 11 10 10 10 11 11 18 13 13 11 11 16 18 18 21 24 24 24 24 24 38 38 6 4 4 8 8 11 5 5 6 5 5 2 2 1 2 2 1
 21 21 19 17 17 16 15 15 11 11 12 7 7 11 9 9 12 12 9 14 14 19 19 19 26 26 40 18 18 4 5 5 8 8 8 3 3 5 5 5 4 4 2 2 2 1
 21 21 19 17 17 16 15 15 11 11 12 7 7 11 9 9 12 12 9 14 14 19 19 19 26 26 40 18 18 4 5 5 8 8 8 3 3 5 5 5 4 4 2 2 2 1
 21 21 16 16 16 15 15 15 12 12 11 11 11 10 7 7 9 9 9 14 14 15 21 21 19 19 20 6 6 5 5 5 3 3 3 9 9 3 4 4 3 3 4 3 3 3
 19 19 20 20 20 16 14 14 14 14 11 11 11 9 7 7 7 7 5 8 8 10 10 10 17 17 18 12 12 6 5 5 4 4 3 9 9 4 5 5 1 1 4 1 1 1
