assets/RAT_results_old/precipitation/2021-11-16_IMERG.asc
ncols        46
nrows        77
xllcorner    74.800261325624
yllcorner    8.058333333333
cellsize     0.062500000000
NODATA_value -9999
 5 5 3 4 4 7 5 5 3 3 1 1 1 1 0 0 0 0 0 0 0 0 0 0 0 0 0 3 3 3 4 4 5 5 5 6 6 8 14 14 18 18 15 14 14 10
 5 5 5 7 7 10 9 9 9 9 2 2 2 0 0 0 0 0 0 0 0 0 0 0 0 0 0 1 1 3 5 5 6 6 6 7 7 6 9 9 13 13 16 19 19 13
 5 5 5 7 7 10 9 9 9 9 2 2 2 0 0 0 0 0 0 0 0 0 0 0 0 0 0 1 1 3 5 5 6 6 6 7 7 6 9 9 13 13 16 19 19 13
 9 9 9 7 7 8 11 11 11 11 8 2 2 1 1 1 0 0 1 0 0 1 1 1 1 1 1 3 3 4 4 4 5 5 11 10 10 12 13 13 15 15 23 24 24 14
 7 7 13 13 13 13 14 14 13 13 11 6 6 5 4 4 3 3 1 0 0 0 1 1 1 1 4 5 5 5 6 6 7 7 11 10 10 11 14 14 16 16 27 28 28 27
 7 7 13 13 13 13 14 14 13 13 11 6 6 5 4 4 3 3 1 0 0 0 1 1 1 1 4 5 5 5 6 6 7 7 11 10 10 11 14 14 16 16 27 28 28 27
 10 10 11 16 16 15 17 17 18 18 17 10 10 9 8 8 6 6 3 1 1 1 1 1 2 2 6 8 8 8 7 7 9 9 9 16 16 18 16 16 17 17 25 20 20 7
 10 10 11 16 16 15 17 17 18 18 17 10 10 9 8 8 6 6 3 1 1 1 1 1 2 2 6 8 8 8 7 7 9 9 9 16 16 18 16 16 17 17 25 20 20 7
 14 14 10 17 17 16 18 18 20 20 18 17 17 15 10 10 7 7 7 2 2 1 1 1 2 2 7 9 9 12 7 7 7 7 12 14 14 14 39 39 10 10 10 9 9 7
 19 19 12 18 18 23 21 21 22 22 30 26 26 18 12 12 12 12 7 3 3 1 2 2 2 2 2 6 6 6 8 8 8 8 12 19 19 14 29 29 13 13 12 10 10 7
 19 19 12 18 18 23 21 21 22 22 30 26 26 18 12 12 12 12 7 3 3 1 2 2 2 2 2 6 6 6 8 8 8 8 12 19 19 14 29 29 13 13 12 10 10 7
 17 17 19 12 12 19 21 21 22 22 28 27 27 17 13 13 10 10 5 5 5 4 3 3 4 4 5 6 6 9 9 9 8 8 14 27 27 15 14 14 14 14 13 9 9 6
 12 12 18 13 13 19 23 23 23 23 28 24 24 23 14 14 9 9 6 5 5 5 5 5 6 6 7 6 6 12 10 10 12 12 14 22 22 19 14 14 16 16 21 19 19 31
 12 12 18 13 13 19 23 23 23 23 28 24 24 23 14 14 9 9 6 5 5 5 5 5 6 6 7 6 6 12 10 10 12 12 14 22 22 19 14 14 16 16 21 19 19 31
 11 11 12 13 13 13 21 21 26 26 31 33 33 22 14 14 12 12 5 6 6 6 4 4 9 9 7 7 7 9 9 9 8 8 13 18 18 16 11 11 14 14 20 19 19 33
 11 11 12 13 13 13 21 21 26 26 31 33 33 22 14 14 12 12 5 6 6 6 4 4 9 9 7 7 7 9 9 9 8 8 13 18 18 16 11 11 14 14 20 19 19 33
 10 10 10 13 13 12 20 20 27 27 31 33 33 23 14 14 11 11 8 6 6 5 5 5 9 9 8 8 8 10 8 8 10 10 6 8 8 10 10 10 16 16 15 28 28 40
 10 10 10 13 13 19 21 21 34 34 33 27 27 19 17 17 10 10 10 9 9 6 7 7 9 9 13 11 11 10 10 10 6 6 5 6 6 10 12 12 12 12 7 21 21 16
 10 10 10 13 13 19 21 21 34 34 33 27 27 19 17 17 10 10 10 9 9 6 7 7 9 9 13 11 11 10 10 10 6 6 5 6 6 10 12 12 12 12 7 21 21 16
 12 12 11 12 12 16 17 17 17 17 26 21 21 16 15 15 10 10 11 12 12 10 10 10 7 7 13 9 9 7 8 8 10 10 7 13 13 9 7 7 9 9 14 10 10 12
 10 10 10 10 10 12 16 16 19 19 26 23 23 19 20 20 12 12 13 13 13 13 9 9 15 15 17 11 11 7 7 7 9 9 8 12 12 10 15 15 16 16 14 13 13 5
 10 10 10 10 10 12 16 16 19 19 26 23 23 19 20 20 12 12 13 13 13 13 9 9 15 15 17 11 11 7 7 7 9 9 8 12 12 10 15 15 16 16 14 13 13 5
 8 8 9 8 8 13 15 15 22 22 37 30 30 26 22 22 15 15 13 12 12 12 9 9 8 8 13 10 10 14 8 8 11 11 9 12 12 12 11 11 13 13 23 29 29 9
 8 8 9 8 8 13 15 15 22 22 37 30 30 26 22 22 15 15 13 12 12 12 9 9 8 8 13 10 10 14 8 8 11 11 9 12 12 12 11 11 13 13 23 29 29 9
 5 5 7 11 11 9 22 22 24 24 34 31 31 20 21 21 16 16 12 17 17 15 9 9 12 12 10 10 10 12 9 9 9 9 9 9 9 9 9 9 18 18 22 29 29 10
 4 4 5 11 11 8 14 14 32 32 35 19 19 20 22 22 23 23 16 15 15 12 10 10 13 13 8 10 10 13 9 9 8 8 11 9 9 7 8 8 8 8 23 29 29 17
 4 4 5 11 11 8 14 14 32 32 35 19 19 20 22 22 23 23 16 15 15 12 10 10 13 13 8 10 10 13 9 9 8 8 11 9 9 7 8 8 8 8 23 29 29 17
 3 3 4 7 7 10 12 12 10 10 12 20 20 18 24 24 26 26 14 13 13 12 13 13 10 10 11 9 9 10 6 6 9 9 12 10 10 8 9 9 15 15 12 23 23 12
 2 2 3 3 3 7 8 8 10 10 17 23 23 24 27 27 22 22 15 14 14 9 8 8 7 7 9 9 9 10 11 11 11 11 11 10 10 11 14 14 16 16 13 27 27 16
 2 2 3 3 3 7 8 8 10 10 17 23 23 24 27 27 22 22 15 14 14 9 8 8 7 7 9 9 9 10 11 11 11 11 11 10 10 11 14 14 16 16 13 27 27 16
 2 2 2 2 2 6 6 6 12 12 16 22 22 17 30 30 25 25 29 14 14 11 6 6 11 11 8 7 7 9 13 13 12 12 17 19 19 20 20 20 22 22 19 28 28 18
 2 2 2 2 2 6 6 6 12 12 16 22 22 17 30 30 25 25 29 14 14 11 6 6 11 11 8 7 7 9 13 13 12 12 17 19 19 20 20 20 22 22 19 28 28 18
 1 1 2 3 3 5 5 5 12 12 10 11 11 14 12 12 12 12 13 17 17 31 5 5 8 8 7 7 7 11 12 12 12 12 17 20 20 22 22 22 27 27 26 37 37 10
 1 1 1 2 2 2 3 3 6 6 11 8 8 9 10 10 7 7 13 34 34 38 5 5 7 7 7 5 5 9 10 10 11 11 15 19 19 22 21 21 24 24 26 34 34 23
 1 1 1 2 2 2 3 3 6 6 11 8 8 9 10 10 7 7 13 34 34 38 5 5 7 7 7 5 5 9 10 10 11 11 15 19 19 22 21 21 24 24 26 34 34 23
 1 1 3 2 2 1 3 3 3 3 5 5 5 8 8 8 8 8 9 37 37 12 6 6 1 1 4 5 5 6 9 9 10 10 11 17 17 21 21 21 25 25 34 25 25 15
 3 3 4 1 1 1 2 2 2 2 3 5 5 7 6 6 6 6 4 6 6 7 10 10 2 2 3 4 4 5 10 10 11 11 10 13 13 13 16 16 16 16 17 18 18 17
 3 3 4 1 1 1 2 2 2 2 3 5 5 7 6 6 6 6 4 6 6 7 10 10 2 2 3 4 4 5 10 10 11 11 10 13 13 13 16 16 16 16 17 18 18 17
 7 7 2 1 1 1 2 2 2 2 2 3 3 3 3 3 7 7 8 5 5 6 5 5 2 2 3 3 3 4 8 8 11 11 12 12 12 11 13 13 17 17 22 20 20 15
 7 7 2 1 1 1 2 2 2 2 2 3 3 3 3 3 7 7 8 5 5 6 5 5 2 2 3 3 3 4 8 8 11 11 12 12 12 11 13 13 17 17 22 20 20 15
 8 8 2 1 1 1 1 1 1 1 4 3 3 4 1 1 5 5 11 12 12 8 5 5 3 3 4 3 3 7 7 7 13 13 14 18 18 17 12 12 11 11 18 16 16 16
 7 7 2 2 2 2 2 2 1 1 3 3 3 2 4 4 9 9 15 24 24 18 6 6 3 3 4 5 5 8 10 10 15 15 16 13 13 15 10 10 11 11 10 9 9 9
 7 7 2 2 2 2 2 2 1 1 3 3 3 2 4 4 9 9 15 24 24 18 6 6 3 3 4 5 5 8 10 10 15 15 16 13 13 15 10 10 11 11 10 9 9 9
 2 2 2 2 2 2 3 3 3 3 4 4 4 6 5 5 23 23 21 28 28 17 9 9 5 5 8 9 9 11 10 10 13 13 12 15 15 11 6 6 6 6 10 7 7 6
 2 2 2 2 2 2 3 3 4 4 3 5 5 7 7 7 19 19 17 38 38 64 8 8 8 8 7 11 11 15 11 11 18 18 15 7 7 6 8 8 8 8 9 8 8 7
 2 2 2 2 2 2 3 3 4 4 3 5 5 7 7 7 19 19 17 38 38 64 8 8 8 8 7 11 11 15 11 11 18 18 15 7 7 6 8 8 8 8 9 8 8 7
 1 1 2 2 2 2 2 2 3 3 3 4 4 5 9 9 9 9 20 60 60 24 26 26 7 7 17 16 16 6 8 8 11 11 18 10 10 11 13 13 13 13 7 3 3 4
 1 1 2 2 2 2 2 2 3 3 3 4 4 5 9 9 9 9 20 60 60 24 26 26 7 7 17 16 16 6 8 8 11 11 18 10 10 11 13 13 13 13 7 3 3 4
 2 2 2 7 7 7 3 3 3 3 4 4 4 5 6 6 5 5 4 43 43 11 2 2 6 6 24 21 21 6 7 7 13 13 13 11 11 11 9 9 8 8 3 5 5 4
 1 1 3 6 6 8 1 1 2 2 3 2 2 2 3 3 3 3 3 4 4 3 3 3 6 6 6 8 8 9 8 8 9 9 11 11 11 12 10 10 7 7 5 2 2 4
 1 1 3 6 6 8 1 1 2 2 3 2 2 2 3 3 3 3 3 4 4 3 3 3 6 6 6 8 8 9 8 8 9 9 11 11 11 12 10 10 7 7 5 2 2 4
 2 2 1 4 4 7 1 1 1 1 1 2 2 1 1 1 2 2 2 2 2 1 2 2 7 7 7 3 3 10 7 7 9 9 11 12 12 13 11 11 8 8 8 5 5 7
 1 1 1 3 3 2 1 1 1 1 1 2 2 1 1 1 1 1 3 3 3 2 4 4 10 10 14 11 11 27 9 9 6 6 9 11 11 14 14 14 13 13 17 12 12 13
 1 1 1 3 3 2 1 1 1 1 1 2 2 1 1 1 1 1 3 3 3 2 4 4 10 10 14 11 11 27 9 9 6 6 9 11 11 14 14 14 13 13 17 12 12 13
 0 0 1 3 3 0 0 0 1 1 2 3 3 2 3 3 5 5 4 7 7 7 7 7 18 18 27 49 49 27 11 11 7 7 7 13 13 12 14 14 15 15 20 13 13 17
 0 0 1 3 3 0 0 0 1 1 2 3 3 2 3 3 5 5 4 7 7 7 7 7 18 18 27 49 49 27 11 11 7 7 7 13 13 12 14 14 15 15 20 13 13 17
 0 0 1 2 2 0 1 1 1 1 4 4 4 5 5 5 7 7 11 6 6 7 12 12 17 17 16 32 32 27 30 30 4 4 6 10 10 10 8 8 12 12 13 14 14 12
 0 0 0 0 0 1 1 1 2 2 3 3 3 3 5 5 9 9 6 3 3 4 8 8 2 2 8 10 10 3 4 4 4 4 4 7 7 7 2 2 3 3 4 4 4 3
 0 0 0 0 0 1 1 1 2 2 3 3 3 3 5 5 9 9 6 3 3 4 8 8 2 2 8 10 10 3 4 4 4 4 4 7 7 7 2 2 3 3 4 4 4 3
 0 0 0 0 0 0 1 1 1 1 2 3 3 3 4 4 9 9 4 3 3 8 2 2 3 3 7 6 6 2 1 1 1 1 1 1 1 1 1 1 1 1 1 1 1 1
 0 0 0 0 0 0 1 1 1 1 1 2 2 2 2 2 3 3 6 6 6 14 14 14 14 14 5 6 6 13 3 3 3 3 0 0 0 0 0 0 0 0 0 0 0 6
 0 0 0 0 0 0 1 1 1 1 1 2 2 2 2 2 3 3 6 6 6 14 14 14 14 14 5 6 6 13 3 3 3 3 0 0 0 0 0 0 0 0 0 0 0 6
 1 1 1 0 0 0 0 0 1 1 1 1 1 2 2 2 2 2 2 3 3 5 11 11 35 35 8 12 12 26 2 2 3 3 5 5 5 2 0 0 0 0 2 3 3 6
 1 1 1 0 0 0 0 0 1 1 1 1 1 2 2 2 2 2 2 3 3 5 11 11 35 35 8 12 12 26 2 2 3 3 5 5 5 2 0 0 0 0 2 3 3 6
 1 1 1 1 1 1 0 0 1 1 1 2 2 2 2 2 1 1 3 3 3 2 6 6 34 34 3 1 1 4 2 2 1 1 1 1 1 0 0 0 2 2 2 4 4 7
 2 2 1 1 1 0 1 1 0 0 0 1 1 1 2 2 2 2 3 3 3 2 3 3 16 16 18 1 1 5 5 5 2 2 2 5 5 2 0 0 0 0 1 2 2 2
 2 2 1 1 1 0 1 1 0 0 0 1 1 1 2 2 2 2 3 3 3 2 3 3 16 16 18 1 1 5 5 5 2 2 2 5 5 2 0 0 0 0 1 2 2 2
 1 1 1 1 1 0 0 0 0 0 0 1 1 1 2 2 1 1 1 2 2 2 2 2 3 3 4 1 1 1 2 2 1 1 2 1 1 0 0 0 0 0 1 1 1 1
 2 2 1 1 1 1 0 0 0 0 0 0 0 1 1 1 1 1 1 1 1 3 3 3 1 1 0 1 1 0 0 0 0 0 2 0 0 0 0 0 0 0 0 0 0 0
 2 2 1 1 1 1 0 0 0 0 0 0 0 1 1 1 1 1 1 1 1 3 3 3 1 1 0 1 1 0 0 0 0 0 2 0 0 0 0 0 0 0 0 0 0 0
 2 2 1 2 2 1 1 1 0 0 0 0 0 1 1 1 2 2 1 1 1 2 4 4 1 1 0 1 1 0 0 0 0 0 3 2 2 0 0 0 0 0 0 0 0 0
 2 2 1 2 2 1 1 1 0 0 0 0 0 1 1 1 2 2 1 1 1 2 4 4 1 1 0 1 1 0 0 0 0 0 3 2 2 0 0 0 0 0 0 0 0 0
 2 2 2 1 1 1 0 0 0 0 0 0 0 1 2 2 3 3 4 3 3 3 2 2 1 1 0 0 0 0 0 0 0 0 1 1 1 1 1 1 1 1 0 0 0 0
 3 3 1 1 1 0 1 1 1 1 1 1 1 2 2 2 4 4 4 4 4 3 2 2 1 1 0 0 0 0 0 0 0 0 0 0 0 1 1 1 1 1 0 0 0 0
 3 3 1 1 1 0 1 1 1 1 1 1 1 2 2 2 4 4 4 4 4 3 2 2 1 1 0 0 0 0 0 0 0 0 0 0 0 1 1 1 1 1 0 0 0 0
 3 3 1 0 0 0 0 0 0 0 0 0 0 0 1 1 1 1 1 1 1 1 1 1 0 0 0 0 0 0 0 0 0 0 0 1 1 0 1 1 1 1 1 1 1 0
 1 1 0 0 0 0 0 0 0 0 0 0 0 0 0 0 1 1 0 0 0 0 0 0 0 0 0 0 0 0 0 0 0 0 0 1 1 1 1 1 0 0 1 0 0 0
