assets/RAT_results_old/precipitation/2021-11-05_IMERG.asc
ncols        46
nrows        77
xllcorner    74.800261325624
yllcorner    8.058333333333
cellsize     0.062500000000
NODATA_value -9999
 10 10 31 44 44 34 27 27 24 24 20 10 10 5 15 15 13 13 14 11 11 5 3 3 3 3 3 4 4 7 9 9 8 8 11 12 12 11 13 13 4 4 3 3 3 3
 12 12 28 33 33 30 22 22 17 17 21 11 11 8 11 11 18 18 13 21 21 29 4 4 4 4 3 4 4 7 6 6 6 6 5 7 7 6 10 10 4 4 2 2 2 2
 12 12 28 33 33 30 22 22 17 17 21 11 11 8 11 11 18 18 13 21 21 29 4 4 4 4 3 4 4 7 6 6 6 6 5 7 7 6 10 10 4 4 2 2 2 2
 5 5 7 16 16 10 8 8 12 12 40 25 25 13 14 14 12 12 11 8 8 16 14 14 4 4 3 5 5 9 6 6 5 5 2 2 2 4 8 8 2 2 3 4 4 2
 9 9 3 3 3 4 0 0 1 1 10 15 15 11 9 9 3 3 2 3 3 8 8 8 4 4 4 5 5 12 7 7 4 4 2 0 0 1 1 1 2 2 3 3 3 2
 9 9 3 3 3 4 0 0 1 1 10 15 15 11 9 9 3 3 2 3 3 8 8 8 4 4 4 5 5 12 7 7 4 4 2 0 0 1 1 1 2 2 3 3 3 2
 4 4 1 1 1 2 0 0 1 1 2 6 6 7 5 5 2 2 2 3 3 3 5 5 3 3 7 6 6 11 7 7 6 6 3 1 1 0 1 1 2 2 3 3 3 2
 4 4 1 1 1 2 0 0 1 1 2 6 6 7 5 5 2 2 2 3 3 3 5 5 3 3 7 6 6 11 7 7 6 6 3 1 1 0 1 1 2 2 3 3 3 2
 1 1 1 2 2 2 1 1 1 1 1 2 2 2 2 2 2 2 5 6 6 9 7 7 4 4 5 7 7 10 6 6 5 5 3 1 1 1 1 1 2 2 2 3 3 2
 1 1 2 2 2 2 1 1 1 1 1 1 1 2 6 6 6 6 6 6 6 11 13 13 8 8 9 20 20 9 6 6 5 5 3 2 2 1 1 1 2 2 3 3 3 3
 1 1 2 2 2 2 1 1 1 1 1 1 1 2 6 6 6 6 6 6 6 11 13 13 8 8 9 20 20 9 6 6 5 5 3 2 2 1 1 1 2 2 3 3 3 3
 2 2 2 2 2 1 2 2 2 2 9 7 7 6 15 15 9 9 6 8 8 10 12 12 10 10 10 10 10 7 8 8 2 2 2 1 1 1 1 1 1 1 2 3 3 4
 9 9 9 9 9 2 2 2 3 3 5 8 8 15 17 17 11 11 8 11 11 14 11 11 15 15 10 8 8 8 8 8 8 8 4 1 1 1 1 1 2 2 2 2 2 3
 9 9 9 9 9 2 2 2 3 3 5 8 8 15 17 17 11 11 8 11 11 14 11 11 15 15 10 8 8 8 8 8 8 8 4 1 1 1 1 1 2 2 2 2 2 3
 10 10 9 1 1 1 3 3 2 2 4 7 7 9 7 7 5 5 4 6 6 12 15 15 24 24 23 11 11 8 9 9 13 13 14 10 10 1 3 3 7 7 3 2 2 3
 10 10 9 1 1 1 3 3 2 2 4 7 7 9 7 7 5 5 4 6 6 12 15 15 24 24 23 11 11 8 9 9 13 13 14 10 10 1 3 3 7 7 3 2 2 3
 12 12 10 1 1 1 1 1 1 1 3 4 4 6 5 5 3 3 3 3 3 6 3 3 8 8 9 6 6 5 7 7 9 9 14 13 13 9 4 4 14 14 8 2 2 2
 10 10 8 2 2 2 1 1 1 1 3 3 3 3 3 3 5 5 7 6 6 4 6 6 3 3 2 2 2 3 7 7 9 9 14 17 17 8 4 4 16 16 16 2 2 2
 10 10 8 2 2 2 1 1 1 1 3 3 3 3 3 3 5 5 7 6 6 4 6 6 3 3 2 2 2 3 7 7 9 9 14 17 17 8 4 4 16 16 16 2 2 2
 11 11 11 3 3 1 1 1 2 2 2 1 1 2 3 3 8 8 9 10 10 5 6 6 4 4 1 1 1 3 3 3 8 8 20 11 11 7 8 8 4 4 3 2 2 2
 5 5 6 10 10 4 1 1 1 1 2 1 1 2 3 3 4 4 6 12 12 7 7 7 7 7 3 4 4 1 6 6 11 11 7 4 4 5 5 5 5 5 4 3 3 2
 5 5 6 10 10 4 1 1 1 1 2 1 1 2 3 3 4 4 6 12 12 7 7 7 7 7 3 4 4 1 6 6 11 11 7 4 4 5 5 5 5 5 4 3 3 2
 9 9 6 5 5 2 2 2 1 1 2 2 2 3 3 3 2 2 4 5 5 8 5 5 5 5 5 7 7 6 6 6 9 9 5 8 8 2 2 2 4 4 6 5 5 2
 9 9 6 5 5 2 2 2 1 1 2 2 2 3 3 3 2 2 4 5 5 8 5 5 5 5 5 7 7 6 6 6 9 9 5 8 8 2 2 2 4 4 6 5 5 2
 9 9 7 5 5 8 9 9 8 8 2 1 1 2 2 2 3 3 11 2 2 6 9 9 4 4 7 6 6 10 8 8 8 8 10 22 22 9 6 6 3 3 3 4 4 4
 10 10 8 7 7 10 8 8 3 3 3 2 2 5 6 6 2 2 1 2 2 2 5 5 7 7 4 5 5 9 6 6 8 8 9 14 14 46 25 25 10 10 5 6 6 5
 10 10 8 7 7 10 8 8 3 3 3 2 2 5 6 6 2 2 1 2 2 2 5 5 7 7 4 5 5 9 6 6 8 8 9 14 14 46 25 25 10 10 5 6 6 5
 9 9 8 8 8 12 9 9 7 7 6 4 4 5 1 1 1 1 1 1 1 1 3 3 9 9 3 4 4 4 5 5 6 6 7 35 35 45 27 27 4 4 5 8 8 4
 5 5 7 6 6 4 3 3 7 7 6 4 4 4 4 4 4 4 1 1 1 1 3 3 5 5 4 5 5 8 5 5 6 6 8 9 9 9 9 9 6 6 4 7 7 3
 5 5 7 6 6 4 3 3 7 7 6 4 4 4 4 4 4 4 1 1 1 1 3 3 5 5 4 5 5 8 5 5 6 6 8 9 9 9 9 9 6 6 4 7 7 3
 5 5 9 7 7 7 6 6 1 1 0 7 7 8 10 10 4 4 2 1 1 1 2 2 2 2 2 5 5 7 4 4 6 6 7 10 10 12 13 13 12 12 8 8 8 7
 5 5 9 7 7 7 6 6 1 1 0 7 7 8 10 10 4 4 2 1 1 1 2 2 2 2 2 5 5 7 4 4 6 6 7 10 10 12 13 13 12 12 8 8 8 7
 12 12 15 6 6 8 7 7 2 2 1 7 7 7 10 10 2 2 2 1 1 1 2 2 2 2 2 3 3 3 4 4 5 5 7 12 12 13 15 15 13 13 12 10 10 13
 10 10 14 6 6 10 8 8 3 3 6 4 4 9 10 10 1 1 2 1 1 2 2 2 3 3 3 3 3 4 4 4 5 5 6 9 9 12 15 15 17 17 15 14 14 11
 10 10 14 6 6 10 8 8 3 3 6 4 4 9 10 10 1 1 2 1 1 2 2 2 3 3 3 3 3 4 4 4 5 5 6 9 9 12 15 15 17 17 15 14 14 11
 13 13 13 12 12 8 8 8 6 6 9 6 6 7 8 8 4 4 5 1 1 2 3 3 3 3 3 4 4 4 5 5 4 4 6 9 9 12 14 14 18 18 15 15 15 17
 22 22 24 7 7 7 7 7 7 7 10 8 8 9 8 8 6 6 2 2 2 2 1 1 1 1 2 7 7 5 4 4 4 4 7 8 8 14 17 17 15 15 16 15 15 16
 22 22 24 7 7 7 7 7 7 7 10 8 8 9 8 8 6 6 2 2 2 2 1 1 1 1 2 7 7 5 4 4 4 4 7 8 8 14 17 17 15 15 16 15 15 16
 46 46 44 9 9 10 7 7 6 6 6 5 5 4 9 9 5 5 2 2 2 2 3 3 1 1 1 2 2 3 3 3 4 4 7 11 11 13 15 15 18 18 20 27 27 13
 46 46 44 9 9 10 7 7 6 6 6 5 5 4 9 9 5 5 2 2 2 2 3 3 1 1 1 2 2 3 3 3 4 4 7 11 11 13 15 15 18 18 20 27 27 13
 49 49 52 50 50 13 9 9 6 6 7 7 7 6 4 4 0 0 5 6 6 3 4 4 1 1 1 1 1 1 3 3 4 4 6 10 10 12 16 16 23 23 26 23 23 20
 32 32 76 65 65 57 13 13 8 8 7 4 4 4 1 1 0 0 7 6 6 4 5 5 1 1 1 1 1 2 2 2 4 4 7 8 8 11 17 17 21 21 26 34 34 33
 32 32 76 65 65 57 13 13 8 8 7 4 4 4 1 1 0 0 7 6 6 4 5 5 1 1 1 1 1 2 2 2 4 4 7 8 8 11 17 17 21 21 26 34 34 33
 23 23 77 69 69 57 60 60 14 14 10 5 5 1 1 1 0 0 8 9 9 7 6 6 2 2 1 1 1 2 3 3 5 5 7 20 20 20 24 24 22 22 25 23 23 39
 19 19 26 33 33 32 27 27 15 15 11 5 5 2 1 1 1 1 1 10 10 3 5 5 6 6 4 2 2 2 3 3 4 4 6 14 14 46 34 34 31 31 21 30 30 37
 19 19 26 33 33 32 27 27 15 15 11 5 5 2 1 1 1 1 1 10 10 3 5 5 6 6 4 2 2 2 3 3 4 4 6 14 14 46 34 34 31 31 21 30 30 37
 12 12 15 19 19 27 27 27 14 14 10 5 5 2 2 2 1 1 1 2 2 3 3 3 9 9 8 6 6 5 6 6 6 6 5 11 11 15 17 17 21 21 20 32 32 35
 12 12 15 19 19 27 27 27 14 14 10 5 5 2 2 2 1 1 1 2 2 3 3 3 9 9 8 6 6 5 6 6 6 6 5 11 11 15 17 17 21 21 20 32 32 35
 9 9 20 25 25 21 18 18 19 19 15 6 6 3 1 1 1 1 1 1 1 3 2 2 8 8 9 7 7 9 12 12 9 9 7 9 9 9 12 12 13 13 16 24 24 25
 14 14 17 19 19 16 14 14 14 14 6 6 6 6 6 6 3 3 2 1 1 3 4 4 6 6 5 6 6 9 11 11 12 12 14 12 12 12 11 11 12 12 12 15 15 15
 14 14 17 19 19 16 14 14 14 14 6 6 6 6 6 6 3 3 2 1 1 3 4 4 6 6 5 6 6 9 11 11 12 12 14 12 12 12 11 11 12 12 12 15 15 15
 9 9 12 15 15 12 5 5 4 4 3 3 3 3 6 6 1 1 2 2 2 3 3 3 5 5 5 5 5 6 10 10 13 13 16 11 11 22 13 13 12 12 13 13 13 13
 9 9 6 2 2 1 1 1 1 1 2 2 2 2 1 1 0 0 1 1 1 1 3 3 4 4 4 4 4 3 5 5 6 6 21 20 20 21 12 12 12 12 13 11 11 10
 9 9 6 2 2 1 1 1 1 1 2 2 2 2 1 1 0 0 1 1 1 1 3 3 4 4 4 4 4 3 5 5 6 6 21 20 20 21 12 12 12 12 13 11 11 10
 4 4 4 4 4 4 1 1 1 1 1 1 1 1 1 1 0 0 0 0 0 0 2 2 4 4 5 5 5 3 3 3 4 4 5 6 6 7 9 9 11 11 12 12 12 12
 4 4 4 4 4 4 1 1 1 1 1 1 1 1 1 1 0 0 0 0 0 0 2 2 4 4 5 5 5 3 3 3 4 4 5 6 6 7 9 9 11 11 12 12 12 12
 5 5 6 5 5 5 2 2 1 1 1 1 1 4 3 3 1 1 1 0 0 0 3 3 4 4 6 5 5 5 4 4 5 5 5 4 4 6 8 8 10 10 11 12 12 14
 9 9 8 14 14 10 6 6 2 2 3 6 6 10 13 13 8 8 2 0 0 0 1 1 1 1 3 5 5 5 5 5 6 6 4 3 3 5 7 7 9 9 11 13 13 15
 9 9 8 14 14 10 6 6 2 2 3 6 6 10 13 13 8 8 2 0 0 0 1 1 1 1 3 5 5 5 5 5 6 6 4 3 3 5 7 7 9 9 11 13 13 15
 20 20 28 20 20 11 8 8 4 4 4 7 7 25 34 34 15 15 6 1 1 2 2 2 2 2 5 6 6 2 2 2 2 2 2 2 2 2 5 5 7 7 10 11 11 12
 28 28 43 32 32 18 10 10 3 3 2 6 6 15 30 30 22 22 9 7 7 3 1 1 3 3 6 7 7 4 1 1 1 1 1 3 3 2 3 3 3 3 5 7 7 9
 28 28 43 32 32 18 10 10 3 3 2 6 6 15 30 30 22 22 9 7 7 3 1 1 3 3 6 7 7 4 1 1 1 1 1 3 3 2 3 3 3 3 5 7 7 9
 26 26 27 24 24 13 15 15 5 5 2 2 2 5 14 14 16 16 12 9 9 6 2 2 3 3 2 3 3 2 2 2 1 1 2 2 2 1 1 1 1 1 4 4 4 5
 26 26 27 24 24 13 15 15 5 5 2 2 2 5 14 14 16 16 12 9 9 6 2 2 3 3 2 3 3 2 2 2 1 1 2 2 2 1 1 1 1 1 4 4 4 5
 8 8 10 9 9 16 13 13 11 11 1 1 1 4 9 9 15 15 13 4 4 3 3 3 2 2 2 2 2 3 2 2 2 2 1 2 2 3 2 2 1 1 1 1 1 2
 5 5 6 10 10 13 9 9 11 11 5 2 2 4 15 15 15 15 14 1 1 1 2 2 1 1 1 1 1 2 3 3 3 3 2 2 2 1 1 1 0 0 0 1 1 2
 5 5 6 10 10 13 9 9 11 11 5 2 2 4 15 15 15 15 14 1 1 1 2 2 1 1 1 1 1 2 3 3 3 3 2 2 2 1 1 1 0 0 0 1 1 2
 3 3 3 12 12 19 11 11 6 6 6 3 3 5 11 11 28 28 13 1 1 0 0 0 1 1 1 2 2 1 2 2 2 2 3 3 3 2 1 1 0 0 1 3 3 9
 4 4 4 12 12 7 4 4 4 4 2 2 2 6 11 11 26 26 11 2 2 1 1 1 1 1 3 4 4 1 1 1 2 2 2 1 1 1 1 1 1 1 1 1 1 4
 4 4 4 12 12 7 4 4 4 4 2 2 2 6 11 11 26 26 11 2 2 1 1 1 1 1 3 4 4 1 1 1 2 2 2 1 1 1 1 1 1 1 1 1 1 4
 2 2 2 4 4 6 4 4 6 6 2 2 2 5 13 13 9 9 9 2 2 1 1 1 1 1 2 2 2 1 1 1 6 6 15 15 15 15 18 18 1 1 1 1 1 1
 2 2 2 4 4 6 4 4 6 6 2 2 2 5 13 13 9 9 9 2 2 1 1 1 1 1 2 2 2 1 1 1 6 6 15 15 15 15 18 18 1 1 1 1 1 1
 2 2 3 4 4 4 4 4 4 4 1 1 1 1 3 3 4 4 9 1 1 0 0 0 1 1 2 1 1 1 6 6 6 6 15 15 15 16 53 53 4 4 4 1 1 1
 4 4 4 7 7 7 4 4 3 3 2 0 0 0 1 1 6 6 7 5 5 0 0 0 0 0 0 0 0 0 0 0 1 1 19 18 18 18 54 54 4 4 4 1 1 0
 4 4 4 7 7 7 4 4 3 3 2 0 0 0 1 1 6 6 7 5 5 0 0 0 0 0 0 0 0 0 0 0 1 1 19 18 18 18 54 54 4 4 4 1 1 0
 10 10 9 10 10 11 8 8 5 5 4 1 1 1 7 7 8 8 7 2 2 0 0 0 0 0 0 0 0 0 0 0 1 1 18 1 1 3 5 5 5 5 1 1 1 1
 19 19 18 17 17 14 15 15 13 13 6 4 4 8 12 12 10 10 6 1 1 0 0 0 0 0 0 0 0 0 0 0 0 0 1 1 1 5 1 1 1 1 1 0 0 0
