assets/RAT_results_old/precipitation/2021-03-28_IMERG.asc
ncols        46
nrows        77
xllcorner    74.800261325624
yllcorner    8.058333333333
cellsize     0.062500000000
NODATA_value -9999
 1 1 1 10 10 10 7 7 0 0 0 1 1 0 0 0 0 0 0 0 0 0 0 0 0 0 1 1 1 0 0 0 0 0 0 0 0 0 0 0 0 0 0 0 0 0
 1 1 0 7 7 6 1 1 0 0 0 0 0 0 1 1 1 1 0 0 0 0 0 0 0 0 0 0 0 0 0 0 0 0 0 0 0 0 0 0 0 0 0 0 0 0
 1 1 0 7 7 6 1 1 0 0 0 0 0 0 1 1 1 1 0 0 0 0 0 0 0 0 0 0 0 0 0 0 0 0 0 0 0 0 0 0 0 0 0 0 0 0
 2 2 2 2 2 1 1 1 0 0 0 0 0 0 0 0 0 0 0 0 0 0 0 0 0 0 0 0 0 0 0 0 0 0 0 0 0 0 0 0 0 0 6 4 4 2
 2 2 1 2 2 0 0 0 0 0 0 0 0 0 0 0 1 1 0 1 1 1 0 0 0 0 1 0 0 1 0 0 0 0 0 0 0 0 0 0 1 1 8 12 12 0
 2 2 1 2 2 0 0 0 0 0 0 0 0 0 0 0 1 1 0 1 1 1 0 0 0 0 1 0 0 1 0 0 0 0 0 0 0 0 0 0 1 1 8 12 12 0
 2 2 1 1 1 0 0 0 0 0 0 0 0 0 0 0 1 1 1 3 3 1 0 0 0 0 0 0 0 0 1 1 0 0 0 0 0 0 0 0 0 0 0 0 0 0
 2 2 1 1 1 0 0 0 0 0 0 0 0 0 0 0 1 1 1 3 3 1 0 0 0 0 0 0 0 0 1 1 0 0 0 0 0 0 0 0 0 0 0 0 0 0
 1 1 1 1 1 1 0 0 1 1 0 0 0 1 0 0 0 0 0 1 1 1 0 0 0 0 0 0 0 0 1 1 0 0 0 1 1 1 1 1 1 1 0 0 0 0
 1 1 2 6 6 4 3 3 2 2 2 1 1 1 1 1 0 0 0 0 0 0 0 0 0 0 0 0 0 0 0 0 0 0 1 2 2 2 2 2 1 1 0 0 0 0
 1 1 2 6 6 4 3 3 2 2 2 1 1 1 1 1 0 0 0 0 0 0 0 0 0 0 0 0 0 0 0 0 0 0 1 2 2 2 2 2 1 1 0 0 0 0
 1 1 4 10 10 11 9 9 8 8 5 4 4 2 1 1 1 1 1 1 1 1 0 0 0 0 0 0 0 0 0 0 1 1 0 1 1 2 1 1 0 0 0 0 0 0
 2 2 7 13 13 17 14 14 12 12 8 5 5 3 2 2 1 1 1 1 1 0 0 0 0 0 0 1 1 0 0 0 1 1 0 1 1 1 1 1 0 0 0 0 0 0
 2 2 7 13 13 17 14 14 12 12 8 5 5 3 2 2 1 1 1 1 1 0 0 0 0 0 0 1 1 0 0 0 1 1 0 1 1 1 1 1 0 0 0 0 0 0
 3 3 8 14 14 35 17 17 14 14 10 7 7 5 2 2 1 1 0 0 0 0 0 0 1 1 1 1 1 0 3 3 2 2 1 1 1 1 1 1 1 1 1 0 0 0
 3 3 8 14 14 35 17 17 14 14 10 7 7 5 2 2 1 1 0 0 0 0 0 0 1 1 1 1 1 0 3 3 2 2 1 1 1 1 1 1 1 1 1 0 0 0
 1 1 3 9 9 12 36 36 16 16 13 10 10 6 2 2 1 1 0 0 0 1 3 3 5 5 4 3 3 2 1 1 1 1 1 1 1 2 2 2 1 1 0 0 0 0
 1 1 1 6 6 14 50 50 11 11 13 9 9 5 2 2 5 5 1 2 2 5 9 9 13 13 13 7 7 6 2 2 2 2 2 1 1 1 2 2 1 1 0 0 0 0
 1 1 1 6 6 14 50 50 11 11 13 9 9 5 2 2 5 5 1 2 2 5 9 9 13 13 13 7 7 6 2 2 2 2 2 1 1 1 2 2 1 1 0 0 0 0
 1 1 2 5 5 6 28 28 13 13 10 9 9 5 11 11 13 13 3 3 3 8 9 9 7 7 8 5 5 2 1 1 2 2 2 1 1 1 1 1 0 0 0 0 0 0
 1 1 5 3 3 2 5 5 7 7 9 28 28 7 12 12 14 14 4 5 5 6 7 7 2 2 3 2 2 1 1 1 2 2 1 0 0 1 0 0 0 0 0 0 0 0
 1 1 5 3 3 2 5 5 7 7 9 28 28 7 12 12 14 14 4 5 5 6 7 7 2 2 3 2 2 1 1 1 2 2 1 0 0 1 0 0 0 0 0 0 0 0
 0 0 1 1 1 1 2 2 5 5 26 27 27 8 14 14 11 11 9 15 15 3 1 1 1 1 1 1 1 2 5 5 5 5 1 0 0 0 0 0 0 0 0 0 0 0
 0 0 1 1 1 1 2 2 5 5 26 27 27 8 14 14 11 11 9 15 15 3 1 1 1 1 1 1 1 2 5 5 5 5 1 0 0 0 0 0 0 0 0 0 0 0
 0 0 1 1 1 1 1 1 3 3 3 21 21 35 7 7 4 4 10 10 10 3 0 0 0 0 0 2 2 3 4 4 2 2 1 1 1 0 0 0 0 0 0 0 0 0
 1 1 1 1 1 2 2 2 5 5 7 4 4 22 9 9 12 12 9 5 5 1 0 0 1 1 1 1 1 2 2 2 1 1 3 1 1 0 0 0 0 0 0 0 0 0
 1 1 1 1 1 2 2 2 5 5 7 4 4 22 9 9 12 12 9 5 5 1 0 0 1 1 1 1 1 2 2 2 1 1 3 1 1 0 0 0 0 0 0 0 0 0
 2 2 2 8 8 10 8 8 23 23 22 4 4 8 9 9 7 7 4 2 2 1 0 0 0 0 0 1 1 1 6 6 5 5 3 1 1 0 0 0 0 0 0 0 0 0
 2 2 3 13 13 10 13 13 27 27 24 20 20 7 10 10 9 9 4 2 2 0 0 0 0 0 0 0 0 0 5 5 5 5 0 0 0 0 0 0 0 0 0 0 0 0
 2 2 3 13 13 10 13 13 27 27 24 20 20 7 10 10 9 9 4 2 2 0 0 0 0 0 0 0 0 0 5 5 5 5 0 0 0 0 0 0 0 0 0 0 0 0
 4 4 4 6 6 7 14 14 28 28 53 69 69 70 7 7 13 13 5 2 2 0 0 0 0 0 0 0 0 0 0 0 0 0 1 0 0 0 1 1 1 1 1 1 1 0
 4 4 4 6 6 7 14 14 28 28 53 69 69 70 7 7 13 13 5 2 2 0 0 0 0 0 0 0 0 0 0 0 0 0 1 0 0 0 1 1 1 1 1 1 1 0
 4 4 3 4 4 4 9 9 24 24 71 74 74 75 59 59 10 10 10 3 3 1 0 0 0 0 0 0 0 0 0 0 1 1 2 2 2 2 2 2 1 1 1 1 1 1
 3 3 5 2 2 2 5 5 20 20 131 49 49 33 53 53 24 24 22 4 4 1 0 0 4 4 1 0 0 1 2 2 3 3 5 5 5 5 3 3 3 3 2 2 2 1
 3 3 5 2 2 2 5 5 20 20 131 49 49 33 53 53 24 24 22 4 4 1 0 0 4 4 1 0 0 1 2 2 3 3 5 5 5 5 3 3 3 3 2 2 2 1
 2 2 3 2 2 2 5 5 21 21 49 26 26 22 50 50 10 10 15 4 4 1 0 0 0 0 1 3 3 5 6 6 8 8 10 9 9 8 6 6 4 4 3 2 2 1
 2 2 2 1 1 2 16 16 9 9 9 7 7 10 32 32 3 3 11 4 4 3 0 0 0 0 6 6 6 17 12 12 17 17 20 11 11 9 7 7 5 5 3 2 2 1
 2 2 2 1 1 2 16 16 9 9 9 7 7 10 32 32 3 3 11 4 4 3 0 0 0 0 6 6 6 17 12 12 17 17 20 11 11 9 7 7 5 5 3 2 2 1
 1 1 0 0 0 1 3 3 2 2 4 7 7 26 43 43 13 13 1 1 1 2 0 0 0 0 8 19 19 24 17 17 19 19 15 14 14 12 10 10 6 6 4 2 2 2
 1 1 0 0 0 1 3 3 2 2 4 7 7 26 43 43 13 13 1 1 1 2 0 0 0 0 8 19 19 24 17 17 19 19 15 14 14 12 10 10 6 6 4 2 2 2
 1 1 1 1 1 1 2 2 2 2 6 8 8 9 28 28 2 2 0 1 1 1 1 1 6 6 16 65 65 70 36 36 35 35 17 25 25 21 18 18 8 8 5 3 3 3
 1 1 2 2 2 1 2 2 3 3 8 4 4 3 6 6 0 0 1 0 0 0 26 26 23 23 25 61 61 36 37 37 37 37 33 35 35 23 22 22 9 9 9 4 4 3
 1 1 2 2 2 1 2 2 3 3 8 4 4 3 6 6 0 0 1 0 0 0 26 26 23 23 25 61 61 36 37 37 37 37 33 35 35 23 22 22 9 9 9 4 4 3
 2 2 3 3 3 2 5 5 7 7 6 1 1 0 0 0 0 0 3 9 9 37 38 38 44 44 55 41 41 38 78 78 75 75 37 30 30 21 24 24 13 13 5 4 4 2
 1 1 2 6 6 10 8 8 2 2 2 1 1 1 0 0 1 1 11 34 34 19 63 63 20 20 47 49 49 115 118 118 61 61 31 29 29 25 18 18 9 9 4 1 1 1
 1 1 2 6 6 10 8 8 2 2 2 1 1 1 0 0 1 1 11 34 34 19 63 63 20 20 47 49 49 115 118 118 61 61 31 29 29 25 18 18 9 9 4 1 1 1
 2 2 2 15 15 7 3 3 1 1 1 1 1 1 0 0 5 5 60 58 58 33 34 34 29 29 53 44 44 70 82 82 37 37 36 28 28 24 18 18 9 9 2 0 0 0
 2 2 2 15 15 7 3 3 1 1 1 1 1 1 0 0 5 5 60 58 58 33 34 34 29 29 53 44 44 70 82 82 37 37 36 28 28 24 18 18 9 9 2 0 0 0
 2 2 6 4 4 2 1 1 1 1 1 1 1 2 2 2 4 4 58 58 58 30 34 34 16 16 17 50 50 50 106 106 86 86 30 18 18 13 9 9 7 7 2 0 0 0
 1 1 0 1 1 1 1 1 1 1 1 27 27 3 14 14 16 16 58 58 58 58 16 16 31 31 17 21 21 45 38 38 26 26 24 18 18 13 7 7 4 4 1 0 0 0
 1 1 0 1 1 1 1 1 1 1 1 27 27 3 14 14 16 16 58 58 58 58 16 16 31 31 17 21 21 45 38 38 26 26 24 18 18 13 7 7 4 4 1 0 0 0
 0 0 0 0 0 1 1 1 21 21 22 28 28 16 14 14 14 14 33 58 58 58 17 17 34 34 15 7 7 15 35 35 32 32 19 17 17 12 4 4 7 7 1 0 0 0
 0 0 0 0 0 1 1 1 21 21 42 41 41 21 21 21 22 22 28 40 40 42 18 18 12 12 12 14 14 20 63 63 18 18 24 19 19 13 10 10 8 8 1 0 0 0
 0 0 0 0 0 1 1 1 21 21 42 41 41 21 21 21 22 22 28 40 40 42 18 18 12 12 12 14 14 20 63 63 18 18 24 19 19 13 10 10 8 8 1 0 0 0
 0 0 0 0 0 1 4 4 37 37 40 40 40 9 22 22 9 9 8 8 8 10 5 5 15 15 27 29 29 39 76 76 29 29 29 23 23 17 12 12 10 10 4 2 2 0
 0 0 0 0 0 1 4 4 37 37 40 40 40 9 22 22 9 9 8 8 8 10 5 5 15 15 27 29 29 39 76 76 29 29 29 23 23 17 12 12 10 10 4 2 2 0
 7 7 6 0 0 1 2 2 11 11 11 9 9 10 8 8 9 9 8 2 2 6 9 9 24 24 34 32 32 34 31 31 36 36 37 34 34 29 19 19 16 16 10 5 5 1
 7 7 6 17 17 1 2 2 2 2 8 1 1 1 1 1 0 0 1 0 0 4 12 12 44 44 56 38 38 38 30 30 41 41 57 57 57 46 26 26 23 23 17 10 10 3
 7 7 6 17 17 1 2 2 2 2 8 1 1 1 1 1 0 0 1 0 0 4 12 12 44 44 56 38 38 38 30 30 41 41 57 57 57 46 26 26 23 23 17 10 10 3
 22 22 23 20 20 5 3 3 27 27 21 20 20 3 1 1 0 0 0 0 0 2 17 17 44 44 57 40 40 36 76 76 106 106 161 50 50 40 31 31 31 31 26 14 14 3
 35 35 33 33 33 10 5 5 27 27 51 39 39 38 42 42 4 4 0 0 0 1 5 5 14 14 32 36 36 36 97 97 98 98 175 63 63 38 27 27 27 27 21 8 8 1
 35 35 33 33 33 10 5 5 27 27 51 39 39 38 42 42 4 4 0 0 0 1 5 5 14 14 32 36 36 36 97 97 98 98 175 63 63 38 27 27 27 27 21 8 8 1
 46 46 39 36 36 9 4 4 46 46 52 40 40 39 43 43 4 4 0 0 0 1 2 2 8 8 27 39 39 54 51 51 67 67 63 50 50 27 22 22 17 17 9 2 2 0
 46 46 39 36 36 9 4 4 46 46 52 40 40 39 43 43 4 4 0 0 0 1 2 2 8 8 27 39 39 54 51 51 67 67 63 50 50 27 22 22 17 17 9 2 2 0
 28 28 21 18 18 1 0 0 45 45 51 32 32 30 3 3 0 0 0 0 0 0 1 1 4 4 19 26 26 47 58 58 51 51 39 24 24 11 10 10 4 4 2 0 0 0
 15 15 14 8 8 1 32 32 50 50 57 48 48 4 0 0 0 0 0 0 0 0 1 1 2 2 6 74 74 51 56 56 46 46 24 6 6 1 0 0 2 2 0 0 0 0
 15 15 14 8 8 1 32 32 50 50 57 48 48 4 0 0 0 0 0 0 0 0 1 1 2 2 6 74 74 51 56 56 46 46 24 6 6 1 0 0 2 2 0 0 0 0
 7 7 7 7 7 7 0 0 0 0 31 43 43 4 0 0 0 0 0 0 0 0 0 0 1 1 3 72 72 41 35 35 21 21 14 3 3 0 0 0 2 2 0 0 0 0
 5 5 5 5 5 5 0 0 0 0 31 2 2 2 0 0 0 0 0 0 0 0 0 0 0 0 0 29 29 31 19 19 5 5 4 1 1 0 1 1 1 1 6 4 4 0
 5 5 5 5 5 5 0 0 0 0 31 2 2 2 0 0 0 0 0 0 0 0 0 0 0 0 0 29 29 31 19 19 5 5 4 1 1 0 1 1 1 1 6 4 4 0
 3 3 4 4 4 5 0 0 0 0 0 0 0 0 0 0 0 0 0 0 0 0 0 0 0 0 0 0 0 0 0 0 1 1 1 0 0 0 0 0 1 1 6 4 4 0
 3 3 4 4 4 5 0 0 0 0 0 0 0 0 0 0 0 0 0 0 0 0 0 0 0 0 0 0 0 0 0 0 1 1 1 0 0 0 0 0 1 1 6 4 4 0
 0 0 1 1 1 0 0 0 1 1 1 1 1 0 0 0 0 0 0 1 1 1 0 0 0 0 0 0 0 0 0 0 0 0 0 0 0 1 0 0 25 25 12 0 0 0
 0 0 0 0 0 0 0 0 1 1 0 0 0 0 1 1 0 0 0 1 1 1 0 0 2 2 2 2 2 0 0 0 0 0 0 0 0 0 0 0 6 6 0 0 0 0
 0 0 0 0 0 0 0 0 1 1 0 0 0 0 1 1 0 0 0 1 1 1 0 0 2 2 2 2 2 0 0 0 0 0 0 0 0 0 0 0 6 6 0 0 0 0
 0 0 0 0 0 0 0 0 0 0 0 0 0 0 1 1 0 0 0 0 0 0 2 2 2 2 2 2 2 0 0 0 0 0 0 0 0 0 0 0 6 6 0 0 0 0
 0 0 0 0 0 0 0 0 0 0 0 0 0 0 0 0 0 0 0 0 0 0 0 0 0 0 0 0 0 0 0 0 0 0 0 0 0 0 0 0 0 0 0 0 0 0
