assets/RAT_results_old/precipitation/2021-03-27_IMERG.asc
ncols        46
nrows        77
xllcorner    74.800261325624
yllcorner    8.058333333333
cellsize     0.062500000000
NODATA_value -9999
 12 12 11 11 11 2 2 2 0 0 0 0 0 0 0 0 0 0 0 0 0 0 0 0 0 0 0 0 0 0 0 0 0 0 0 0 0 0 0 0 0 0 0 0 0 0
 16 16 15 3 3 5 4 4 1 1 0 0 0 0 0 0 0 0 0 0 0 0 0 0 0 0 0 0 0 0 0 0 0 0 0 0 0 0 0 0 0 0 0 0 0 0
 16 16 15 3 3 5 4 4 1 1 0 0 0 0 0 0 0 0 0 0 0 0 0 0 0 0 0 0 0 0 0 0 0 0 0 0 0 0 0 0 0 0 0 0 0 0
 31 31 45 34 34 20 11 11 2 2 1 1 1 0 0 0 0 0 0 1 1 0 0 0 0 0 0 0 0 0 0 0 0 0 0 0 0 0 0 0 0 0 0 0 0 0
 29 29 39 39 39 23 9 9 9 9 1 1 1 0 0 0 0 0 0 1 1 0 0 0 0 0 0 0 0 0 0 0 0 0 0 0 0 0 0 0 0 0 0 0 0 0
 29 29 39 39 39 23 9 9 9 9 1 1 1 0 0 0 0 0 0 1 1 0 0 0 0 0 0 0 0 0 0 0 0 0 0 0 0 0 0 0 0 0 0 0 0 0
 33 33 33 42 42 27 11 11 10 10 9 1 1 0 0 0 0 0 0 0 0 0 0 0 0 0 0 0 0 0 0 0 0 0 0 0 0 0 0 0 0 0 0 0 0 0
 33 33 33 42 42 27 11 11 10 10 9 1 1 0 0 0 0 0 0 0 0 0 0 0 0 0 0 0 0 0 0 0 0 0 0 0 0 0 0 0 0 0 0 0 0 0
 26 26 25 36 36 32 10 10 9 9 10 0 0 0 0 0 0 0 0 0 0 0 0 0 0 0 0 0 0 0 0 0 0 0 0 0 0 0 0 0 0 0 0 0 0 0
 23 23 22 31 31 16 15 15 9 9 9 0 0 0 1 1 1 1 0 0 0 0 0 0 0 0 0 0 0 0 0 0 0 0 0 0 0 0 0 0 0 0 0 0 0 0
 23 23 22 31 31 16 15 15 9 9 9 0 0 0 1 1 1 1 0 0 0 0 0 0 0 0 0 0 0 0 0 0 0 0 0 0 0 0 0 0 0 0 0 0 0 0
 13 13 11 14 14 10 14 14 14 14 14 0 0 1 2 2 1 1 0 1 1 1 1 1 1 1 1 0 0 0 0 0 0 0 0 0 0 0 0 0 0 0 0 0 0 0
 13 13 10 7 7 9 8 8 8 8 14 0 0 1 2 2 1 1 2 2 2 3 3 3 2 2 1 0 0 0 0 0 0 0 0 0 0 0 0 0 0 0 0 0 0 0
 13 13 10 7 7 9 8 8 8 8 14 0 0 1 2 2 1 1 2 2 2 3 3 3 2 2 1 0 0 0 0 0 0 0 0 0 0 0 0 0 0 0 0 0 0 0
 9 9 8 0 0 0 9 9 9 9 0 1 1 1 3 3 9 9 10 10 10 9 6 6 4 4 2 0 0 0 0 0 0 0 0 0 0 0 0 0 0 0 0 0 0 0
 9 9 8 0 0 0 9 9 9 9 0 1 1 1 3 3 9 9 10 10 10 9 6 6 4 4 2 0 0 0 0 0 0 0 0 0 0 0 0 0 0 0 0 0 0 0
 4 4 4 4 4 4 1 1 1 1 1 2 2 3 9 9 23 23 23 21 21 17 10 10 5 5 2 1 1 0 0 0 0 0 0 0 0 0 0 0 0 0 0 0 0 0
 2 2 7 4 4 4 1 1 24 24 8 6 6 7 23 23 34 34 34 27 27 21 13 13 6 6 3 1 1 0 0 0 0 0 0 0 0 0 0 0 0 0 0 0 0 0
 2 2 7 4 4 4 1 1 24 24 8 6 6 7 23 23 34 34 34 27 27 21 13 13 6 6 3 1 1 0 0 0 0 0 0 0 0 0 0 0 0 0 0 0 0 0
 3 3 2 2 2 1 24 24 24 24 10 37 37 19 33 33 43 43 41 32 32 23 13 13 5 5 2 1 1 0 0 0 0 0 0 0 0 0 0 0 0 0 0 0 0 0
 4 4 3 4 4 60 44 44 40 40 35 32 32 23 28 28 40 40 41 31 31 20 9 9 3 3 1 0 0 0 0 0 0 0 0 0 0 0 0 0 0 0 0 0 0 0
 4 4 3 4 4 60 44 44 40 40 35 32 32 23 28 28 40 40 41 31 31 20 9 9 3 3 1 0 0 0 0 0 0 0 0 0 0 0 0 0 0 0 0 0 0 0
 4 4 56 54 54 53 40 40 37 37 34 41 41 18 22 22 24 24 23 15 15 8 2 2 1 1 0 0 0 1 3 3 1 1 0 0 0 1 0 0 0 0 0 0 0 0
 4 4 56 54 54 53 40 40 37 37 34 41 41 18 22 22 24 24 23 15 15 8 2 2 1 1 0 0 0 1 3 3 1 1 0 0 0 1 0 0 0 0 0 0 0 0
 6 6 6 46 46 109 112 112 115 115 38 44 44 11 9 9 9 9 7 3 3 2 0 0 0 0 0 0 0 1 1 1 1 1 0 0 0 1 0 0 0 0 0 0 0 0
 5 5 4 46 46 109 112 112 17 17 17 1 1 2 2 2 1 1 1 1 1 1 0 0 0 0 0 0 0 1 0 0 0 0 0 0 0 0 0 0 0 0 0 0 0 0
 5 5 4 46 46 109 112 112 17 17 17 1 1 2 2 2 1 1 1 1 1 1 0 0 0 0 0 0 0 1 0 0 0 0 0 0 0 0 0 0 0 0 0 0 0 0
 2 2 1 3 3 3 1 1 16 16 16 1 1 2 2 2 0 0 0 0 0 0 0 0 0 0 0 0 0 0 0 0 0 0 0 0 0 0 0 0 0 0 0 1 1 0
 1 1 2 4 4 2 4 4 3 3 3 1 1 2 2 2 0 0 1 1 1 0 0 0 0 0 0 0 0 0 0 0 0 0 0 0 0 0 0 0 0 0 0 0 0 0
 1 1 2 4 4 2 4 4 3 3 3 1 1 2 2 2 0 0 1 1 1 0 0 0 0 0 0 0 0 0 0 0 0 0 0 0 0 0 0 0 0 0 0 0 0 0
 3 3 3 2 2 3 7 7 5 5 2 1 1 0 0 0 1 1 1 1 1 0 0 0 0 0 0 0 0 0 0 0 0 0 0 0 0 0 0 0 0 0 1 0 0 0
 3 3 3 2 2 3 7 7 5 5 2 1 1 0 0 0 1 1 1 1 1 0 0 0 0 0 0 0 0 0 0 0 0 0 0 0 0 0 0 0 0 0 1 0 0 0
 4 4 2 2 2 3 4 4 4 4 1 1 1 1 3 3 4 4 1 1 1 0 0 0 0 0 0 0 0 0 0 0 0 0 0 0 0 0 0 0 0 0 2 1 1 0
 5 5 2 2 2 2 3 3 5 5 6 8 8 10 14 14 3 3 1 1 1 0 0 0 0 0 0 0 0 0 0 0 0 0 0 0 0 0 0 0 0 0 1 2 2 0
 5 5 2 2 2 2 3 3 5 5 6 8 8 10 14 14 3 3 1 1 1 0 0 0 0 0 0 0 0 0 0 0 0 0 0 0 0 0 0 0 0 0 1 2 2 0
 2 2 2 1 1 1 1 1 2 2 1 1 1 4 16 16 4 4 4 3 3 1 1 1 0 0 0 0 0 0 0 0 0 0 0 0 0 0 0 0 0 0 0 0 0 0
 2 2 1 1 1 1 1 1 1 1 1 1 1 2 5 5 1 1 1 3 3 2 1 1 0 0 0 0 0 0 0 0 0 0 0 0 0 0 0 0 0 0 0 0 0 0
 2 2 1 1 1 1 1 1 1 1 1 1 1 2 5 5 1 1 1 3 3 2 1 1 0 0 0 0 0 0 0 0 0 0 0 0 0 0 0 0 0 0 0 0 0 0
 1 1 1 1 1 1 1 1 2 2 1 1 1 4 8 8 1 1 0 2 2 5 1 1 1 1 0 0 0 4 0 0 0 0 0 0 0 0 0 0 0 0 0 0 0 0
 1 1 1 1 1 1 1 1 2 2 1 1 1 4 8 8 1 1 0 2 2 5 1 1 1 1 0 0 0 4 0 0 0 0 0 0 0 0 0 0 0 0 0 0 0 0
 2 2 1 1 1 1 1 1 4 4 2 2 2 2 6 6 1 1 0 1 1 6 2 2 0 0 1 2 2 2 1 1 1 1 0 0 0 2 0 0 0 0 0 0 0 0
 2 2 2 1 1 1 3 3 5 5 4 1 1 2 1 1 0 0 0 1 1 5 1 1 0 0 1 2 2 3 3 3 2 2 0 1 1 3 2 2 1 1 0 0 0 0
 2 2 2 1 1 1 3 3 5 5 4 1 1 2 1 1 0 0 0 1 1 5 1 1 0 0 1 2 2 3 3 3 2 2 0 1 1 3 2 2 1 1 0 0 0 0
 0 0 2 0 0 1 4 4 5 5 3 1 1 76 1 1 1 1 0 0 0 1 1 1 0 0 2 3 3 4 10 10 2 2 1 1 1 4 3 3 2 2 1 0 0 0
 0 0 0 1 1 3 2 2 1 1 1 0 0 76 0 0 0 0 1 1 1 0 1 1 1 1 5 4 4 3 17 17 8 8 1 0 0 4 2 2 1 1 1 1 1 1
 0 0 0 1 1 3 2 2 1 1 1 0 0 76 0 0 0 0 1 1 1 0 1 1 1 1 5 4 4 3 17 17 8 8 1 0 0 4 2 2 1 1 1 1 1 1
 0 0 0 5 5 2 1 1 1 1 1 1 1 0 0 0 1 1 1 0 0 0 0 0 2 2 6 4 4 14 17 17 7 7 2 1 1 0 0 0 1 1 2 2 2 1
 0 0 0 5 5 2 1 1 1 1 1 1 1 0 0 0 1 1 1 0 0 0 0 0 2 2 6 4 4 14 17 17 7 7 2 1 1 0 0 0 1 1 2 2 2 1
 0 0 1 1 1 1 0 0 1 1 1 1 1 0 0 0 1 1 1 0 0 0 0 0 2 2 3 4 4 34 36 36 10 10 4 1 1 0 0 0 2 2 3 3 3 2
 0 0 0 0 0 0 0 0 0 0 0 1 1 1 0 0 0 0 0 0 0 0 0 0 2 2 3 12 12 28 25 25 13 13 8 3 3 1 1 1 2 2 3 3 3 2
 0 0 0 0 0 0 0 0 0 0 0 1 1 1 0 0 0 0 0 0 0 0 0 0 2 2 3 12 12 28 25 25 13 13 8 3 3 1 1 1 2 2 3 3 3 2
 0 0 0 0 0 0 0 0 0 0 0 2 2 1 1 1 0 0 0 0 0 0 0 0 1 1 4 21 21 32 25 25 15 15 12 5 5 1 1 1 4 4 3 4 4 12
 0 0 0 0 0 0 0 0 0 0 2 1 1 1 0 0 2 2 0 0 0 0 0 0 1 1 3 17 17 19 15 15 17 17 17 11 11 3 1 1 2 2 6 11 11 16
 0 0 0 0 0 0 0 0 0 0 2 1 1 1 0 0 2 2 0 0 0 0 0 0 1 1 3 17 17 19 15 15 17 17 17 11 11 3 1 1 2 2 6 11 11 16
 0 0 0 0 0 0 0 0 1 1 1 0 0 0 0 0 6 6 3 0 0 0 1 1 3 3 14 9 9 9 15 15 33 33 29 18 18 4 2 2 3 3 5 15 15 11
 0 0 0 0 0 0 0 0 1 1 1 0 0 0 0 0 6 6 3 0 0 0 1 1 3 3 14 9 9 9 15 15 33 33 29 18 18 4 2 2 3 3 5 15 15 11
 0 0 0 0 0 0 0 0 1 1 0 0 0 0 0 0 3 3 3 0 0 0 1 1 93 93 16 2 2 5 16 16 30 30 28 8 8 1 2 2 3 3 8 8 8 11
 0 0 0 0 0 0 0 0 0 0 0 0 0 0 0 0 0 0 1 1 1 0 108 108 108 108 16 18 18 4 7 7 9 9 5 1 1 0 1 1 2 2 3 9 9 9
 0 0 0 0 0 0 0 0 0 0 0 0 0 0 0 0 0 0 1 1 1 0 108 108 108 108 16 18 18 4 7 7 9 9 5 1 1 0 1 1 2 2 3 9 9 9
 0 0 0 0 0 0 0 0 0 0 1 0 0 0 0 0 0 0 1 1 1 0 0 0 76 76 17 19 19 3 1 1 2 2 1 0 0 0 0 0 2 2 11 9 9 8
 0 0 0 0 0 0 0 0 0 0 0 0 0 0 0 0 0 0 0 1 1 1 1 1 79 79 1 1 1 1 1 1 2 2 1 0 0 0 0 0 20 20 100 24 24 16
 0 0 0 0 0 0 0 0 0 0 0 0 0 0 0 0 0 0 0 1 1 1 1 1 79 79 1 1 1 1 1 1 2 2 1 0 0 0 0 0 20 20 100 24 24 16
 0 0 0 0 0 0 0 0 0 0 0 0 0 0 0 0 0 0 0 0 0 1 0 0 2 2 3 2 2 1 3 3 7 7 3 1 1 0 5 5 21 21 102 36 36 18
 0 0 0 0 0 0 0 0 0 0 0 0 0 0 0 0 0 0 0 0 0 1 0 0 2 2 3 2 2 1 3 3 7 7 3 1 1 0 5 5 21 21 102 36 36 18
 0 0 0 0 0 0 0 0 0 0 0 0 0 0 0 0 0 0 0 1 1 1 1 1 1 1 16 14 14 2 1 1 4 4 2 1 1 0 1 1 13 13 16 22 22 15
 0 0 0 0 0 0 0 0 0 0 0 0 0 0 0 0 0 0 0 0 0 0 0 0 1 1 18 18 18 3 1 1 1 1 1 1 1 1 1 1 6 6 7 23 23 24
 0 0 0 0 0 0 0 0 0 0 0 0 0 0 0 0 0 0 0 0 0 0 0 0 1 1 18 18 18 3 1 1 1 1 1 1 1 1 1 1 6 6 7 23 23 24
 0 0 0 0 0 0 0 0 0 0 0 0 0 0 0 0 0 0 0 0 0 0 1 1 1 1 2 8 8 1 1 1 1 1 1 1 1 6 1 1 1 1 1 12 12 7
 0 0 0 0 0 0 0 0 1 1 0 0 0 0 0 0 0 0 0 0 0 0 0 0 0 0 0 3 3 0 0 0 1 1 1 1 1 6 1 1 1 1 15 16 16 32
 0 0 0 0 0 0 0 0 1 1 0 0 0 0 0 0 0 0 0 0 0 0 0 0 0 0 0 3 3 0 0 0 1 1 1 1 1 6 1 1 1 1 15 16 16 32
 1 1 0 0 0 0 0 0 0 0 0 0 0 0 0 0 0 0 0 0 0 0 0 0 0 0 0 0 0 0 0 0 0 0 1 2 2 2 2 2 2 2 5 16 16 30
 1 1 0 0 0 0 0 0 0 0 0 0 0 0 0 0 0 0 0 0 0 0 0 0 0 0 0 0 0 0 0 0 0 0 1 2 2 2 2 2 2 2 5 16 16 30
 2 2 1 0 0 0 1 1 1 1 0 0 0 0 0 0 0 0 0 0 0 0 0 0 0 0 0 0 0 0 0 0 0 0 1 2 2 2 2 2 1 1 10 8 8 8
 1 1 0 0 0 1 1 1 1 1 0 0 0 0 0 0 0 0 0 0 0 0 0 0 0 0 0 0 0 0 0 0 0 0 13 14 14 16 15 15 11 11 2 2 2 3
 1 1 0 0 0 1 1 1 1 1 0 0 0 0 0 0 0 0 0 0 0 0 0 0 0 0 0 0 0 0 0 0 0 0 13 14 14 16 15 15 11 11 2 2 2 3
 0 0 0 0 0 0 1 1 0 0 0 0 0 0 0 0 0 0 0 0 0 0 0 0 0 0 0 0 0 0 0 0 0 0 4 14 14 9 14 14 11 11 10 11 11 18
 0 0 0 0 0 0 1 1 0 0 0 0 0 0 0 0 0 0 0 0 0 0 0 0 0 0 0 0 0 0 0 0 0 0 4 4 4 29 15 15 15 15 4 1 1 2
