assets/RAT_results_old/precipitation/2021-08-26_IMERG.asc
ncols        46
nrows        77
xllcorner    74.800261325624
yllcorner    8.058333333333
cellsize     0.062500000000
NODATA_value -9999
 9 9 11 9 9 8 9 9 10 10 9 10 10 9 8 8 7 7 8 11 11 12 7 7 8 8 9 7 7 6 4 4 4 4 5 9 9 9 7 7 14 14 29 29 29 15
 10 10 11 8 8 6 9 9 7 7 6 6 6 6 6 6 5 5 4 3 3 3 4 4 5 5 5 4 4 2 2 2 2 2 3 8 8 8 9 9 15 15 21 28 28 24
 10 10 11 8 8 6 9 9 7 7 6 6 6 6 6 6 5 5 4 3 3 3 4 4 5 5 5 4 4 2 2 2 2 2 3 8 8 8 9 9 15 15 21 28 28 24
 21 21 19 12 12 6 3 3 3 3 4 3 3 3 3 3 3 3 2 1 1 1 1 1 2 2 2 1 1 1 1 1 1 1 2 6 6 7 8 8 10 10 9 18 18 27
 20 20 20 12 12 7 6 6 6 6 4 5 5 2 2 2 3 3 2 1 1 1 1 1 1 1 1 1 1 1 2 2 2 2 2 3 3 4 6 6 10 10 9 9 9 7
 20 20 20 12 12 7 6 6 6 6 4 5 5 2 2 2 3 3 2 1 1 1 1 1 1 1 1 1 1 1 2 2 2 2 2 3 3 4 6 6 10 10 9 9 9 7
 27 27 22 13 13 12 6 6 4 4 4 7 7 2 2 2 2 2 2 2 2 3 4 4 3 3 3 2 2 2 2 2 2 2 3 3 3 3 3 3 3 3 3 3 3 4
 27 27 22 13 13 12 6 6 4 4 4 7 7 2 2 2 2 2 2 2 2 3 4 4 3 3 3 2 2 2 2 2 2 2 3 3 3 3 3 3 3 3 3 3 3 4
 25 25 31 24 24 22 15 15 16 16 14 23 23 5 2 2 2 2 2 3 3 5 6 6 5 5 4 4 4 3 3 3 2 2 2 2 2 2 3 3 3 3 2 2 2 2
 26 26 25 29 29 31 20 20 15 15 24 20 20 6 36 36 2 2 1 1 1 2 2 2 2 2 5 2 2 1 1 1 1 1 1 1 1 5 3 3 3 3 2 1 1 1
 26 26 25 29 29 31 20 20 15 15 24 20 20 6 36 36 2 2 1 1 1 2 2 2 2 2 5 2 2 1 1 1 1 1 1 1 1 5 3 3 3 3 2 1 1 1
 31 31 28 25 25 27 18 18 19 19 47 44 44 36 35 35 7 7 1 0 0 0 0 0 0 0 0 1 1 1 1 1 1 1 1 1 1 19 1 1 1 1 1 0 0 0
 36 36 51 49 49 34 48 48 51 51 53 43 43 36 22 22 1 1 0 0 0 0 0 0 0 0 0 0 0 1 1 1 2 2 2 2 2 1 1 1 1 1 1 2 2 0
 36 36 51 49 49 34 48 48 51 51 53 43 43 36 22 22 1 1 0 0 0 0 0 0 0 0 0 0 0 1 1 1 2 2 2 2 2 1 1 1 1 1 1 2 2 0
 33 33 57 54 54 35 120 120 171 171 174 87 87 24 22 22 1 1 1 0 0 1 1 1 2 2 3 3 3 3 3 3 3 3 4 6 6 5 4 4 3 3 2 1 1 2
 33 33 57 54 54 35 120 120 171 171 174 87 87 24 22 22 1 1 1 0 0 1 1 1 2 2 3 3 3 3 3 3 3 3 4 6 6 5 4 4 3 3 2 1 1 2
 55 55 56 141 141 204 203 203 176 176 169 52 52 51 15 15 3 3 3 3 3 4 5 5 6 6 7 6 6 7 7 7 7 7 10 14 14 13 10 10 7 7 5 3 3 4
 60 60 58 145 145 141 309 309 318 318 174 54 54 59 22 22 18 18 7 7 7 8 10 10 12 12 12 10 10 10 11 11 12 12 14 13 13 14 22 22 10 10 11 8 8 6
 60 60 58 145 145 141 309 309 318 318 174 54 54 59 22 22 18 18 7 7 7 8 10 10 12 12 12 10 10 10 11 11 12 12 14 13 13 14 22 22 10 10 11 8 8 6
 74 74 72 143 143 136 320 320 134 134 122 47 47 45 24 24 19 19 9 34 34 9 10 10 11 11 11 10 10 10 10 10 11 11 12 10 10 9 9 9 10 10 10 7 7 5
 41 41 58 120 120 119 137 137 137 137 128 47 47 46 30 30 24 24 7 16 16 8 8 8 10 10 11 11 11 9 8 8 9 9 7 6 6 5 5 5 5 5 5 4 4 4
 41 41 58 120 120 119 137 137 137 137 128 47 47 46 30 30 24 24 7 16 16 8 8 8 10 10 11 11 11 9 8 8 9 9 7 6 6 5 5 5 5 5 5 4 4 4
 44 44 64 130 130 128 131 131 129 129 41 40 40 42 25 25 24 24 5 6 6 5 5 5 7 7 9 13 13 9 6 6 4 4 3 3 3 3 4 4 3 3 3 3 3 3
 44 44 64 130 130 128 131 131 129 129 41 40 40 42 25 25 24 24 5 6 6 5 5 5 7 7 9 13 13 9 6 6 4 4 3 3 3 3 4 4 3 3 3 3 3 3
 44 44 66 65 65 120 134 134 129 129 38 35 35 40 40 40 24 24 6 3 3 3 3 3 8 8 9 8 8 10 4 4 2 2 1 2 2 5 9 9 4 4 1 1 1 1
 45 45 65 45 45 69 65 65 68 68 40 37 37 49 47 47 18 18 17 8 8 6 4 4 5 5 9 5 5 4 1 1 1 1 1 1 1 1 2 2 1 1 0 0 0 0
 45 45 65 45 45 69 65 65 68 68 40 37 37 49 47 47 18 18 17 8 8 6 4 4 5 5 9 5 5 4 1 1 1 1 1 1 1 1 2 2 1 1 0 0 0 0
 42 42 50 47 47 75 64 64 47 47 46 63 63 51 48 48 18 18 21 16 16 21 8 8 5 5 8 6 6 1 0 0 0 0 0 0 0 0 0 0 1 1 0 0 0 0
 36 36 44 43 43 61 66 66 59 59 63 68 68 58 35 35 21 21 23 21 21 21 22 22 18 18 13 4 4 1 0 0 0 0 0 1 1 1 1 1 2 2 3 1 1 1
 36 36 44 43 43 61 66 66 59 59 63 68 68 58 35 35 21 21 23 21 21 21 22 22 18 18 13 4 4 1 0 0 0 0 0 1 1 1 1 1 2 2 3 1 1 1
 49 49 53 62 62 90 62 62 63 63 69 71 71 61 33 33 42 42 26 16 16 20 19 19 27 27 14 10 10 2 1 1 1 1 2 2 2 2 3 3 3 3 5 2 2 2
 49 49 53 62 62 90 62 62 63 63 69 71 71 61 33 33 42 42 26 16 16 20 19 19 27 27 14 10 10 2 1 1 1 1 2 2 2 2 3 3 3 3 5 2 2 2
 48 48 65 74 74 87 78 78 98 98 92 70 70 49 55 55 47 47 26 34 34 54 33 33 40 40 16 10 10 4 4 4 2 2 3 3 3 3 4 4 5 5 5 5 5 3
 55 55 75 90 90 90 70 70 98 98 78 68 68 50 60 60 51 51 47 59 59 54 33 33 26 26 42 12 12 7 7 7 5 5 5 8 8 9 8 8 10 10 9 7 7 7
 55 55 75 90 90 90 70 70 98 98 78 68 68 50 60 60 51 51 47 59 59 54 33 33 26 26 42 12 12 7 7 7 5 5 5 8 8 9 8 8 10 10 9 7 7 7
 42 42 53 71 71 82 78 78 93 93 104 106 106 65 60 60 56 56 56 62 62 78 59 59 44 44 39 8 8 7 7 7 6 6 7 8 8 10 10 10 11 11 11 10 10 12
 38 38 43 58 58 63 110 110 113 113 115 112 112 88 50 50 95 95 124 72 72 77 51 51 18 18 16 8 8 8 7 7 7 7 9 11 11 8 7 7 8 8 10 10 10 6
 38 38 43 58 58 63 110 110 113 113 115 112 112 88 50 50 95 95 124 72 72 77 51 51 18 18 16 8 8 8 7 7 7 7 9 11 11 8 7 7 8 8 10 10 10 6
 30 30 32 41 41 48 60 60 88 88 89 96 96 80 55 55 89 89 43 59 59 48 51 51 20 20 16 11 11 10 12 12 14 14 13 15 15 14 11 11 12 12 18 9 9 5
 30 30 32 41 41 48 60 60 88 88 89 96 96 80 55 55 89 89 43 59 59 48 51 51 20 20 16 11 11 10 12 12 14 14 13 15 15 14 11 11 12 12 18 9 9 5
 22 22 23 31 31 43 51 51 75 75 61 84 84 87 97 97 89 89 63 73 73 54 40 40 26 26 17 14 14 13 18 18 35 35 23 26 26 19 18 18 19 19 27 23 23 8
 15 15 20 20 20 27 23 23 31 31 49 60 60 57 90 90 116 116 57 66 66 55 48 48 41 41 34 29 29 26 39 39 42 42 50 29 29 24 16 16 14 14 22 17 17 5
 15 15 20 20 20 27 23 23 31 31 49 60 60 57 90 90 116 116 57 66 66 55 48 48 41 41 34 29 29 26 39 39 42 42 50 29 29 24 16 16 14 14 22 17 17 5
 12 12 13 14 14 15 21 21 27 27 30 40 40 52 84 84 104 104 56 80 80 59 49 49 48 48 40 34 34 30 39 39 43 43 41 41 41 29 21 21 12 12 10 4 4 3
 8 8 9 11 11 9 14 14 17 17 21 29 29 47 63 63 74 74 81 83 83 65 53 53 49 49 46 55 55 38 35 35 32 32 36 34 34 29 22 22 10 10 4 3 3 3
 8 8 9 11 11 9 14 14 17 17 21 29 29 47 63 63 74 74 81 83 83 65 53 53 49 49 46 55 55 38 35 35 32 32 36 34 34 29 22 22 10 10 4 3 3 3
 5 5 5 4 4 5 6 6 10 10 15 36 36 46 75 75 65 65 63 59 59 65 53 53 48 48 51 55 55 58 36 36 35 35 33 34 34 30 16 16 11 11 4 2 2 3
 5 5 5 4 4 5 6 6 10 10 15 36 36 46 75 75 65 65 63 59 59 65 53 53 48 48 51 55 55 58 36 36 35 35 33 34 34 30 16 16 11 11 4 2 2 3
 3 3 3 4 4 7 8 8 10 10 18 18 18 39 137 137 55 55 47 43 43 46 47 47 42 42 47 53 53 50 43 43 45 45 31 19 19 22 17 17 7 7 3 2 2 2
 2 2 1 2 2 5 4 4 8 8 15 17 17 25 27 27 41 41 47 50 50 47 44 44 33 33 33 36 36 36 56 56 46 46 37 20 20 13 3 3 2 2 2 2 2 2
 2 2 1 2 2 5 4 4 8 8 15 17 17 25 27 27 41 41 47 50 50 47 44 44 33 33 33 36 36 36 56 56 46 46 37 20 20 13 3 3 2 2 2 2 2 2
 0 0 1 1 1 2 4 4 10 10 24 22 22 22 24 24 32 32 35 37 37 42 34 34 35 35 36 53 53 44 64 64 65 65 35 19 19 11 5 5 3 3 3 6 6 1
 1 1 0 1 1 2 6 6 9 9 16 13 13 17 21 21 26 26 20 26 26 32 33 33 34 34 35 39 39 58 53 53 46 46 34 18 18 16 6 6 5 5 4 5 5 2
 1 1 0 1 1 2 6 6 9 9 16 13 13 17 21 21 26 26 20 26 26 32 33 33 34 34 35 39 39 58 53 53 46 46 34 18 18 16 6 6 5 5 4 5 5 2
 0 0 0 1 1 2 7 7 11 11 10 6 6 9 14 14 14 14 13 15 15 20 33 33 31 31 39 41 41 55 48 48 45 45 30 31 31 15 14 14 5 5 4 3 3 2
 0 0 0 1 1 2 7 7 11 11 10 6 6 9 14 14 14 14 13 15 15 20 33 33 31 31 39 41 41 55 48 48 45 45 30 31 31 15 14 14 5 5 4 3 3 2
 0 0 0 0 0 2 4 4 4 4 3 4 4 6 11 11 12 12 14 17 17 16 33 33 41 41 45 57 57 50 37 37 40 40 31 21 21 10 6 6 4 4 3 1 1 1
 0 0 0 0 0 0 1 1 1 1 1 3 3 5 12 12 21 21 23 18 18 16 23 23 32 32 46 43 43 35 35 35 25 25 18 15 15 7 10 10 7 7 1 0 0 0
 0 0 0 0 0 0 1 1 1 1 1 3 3 5 12 12 21 21 23 18 18 16 23 23 32 32 46 43 43 35 35 35 25 25 18 15 15 7 10 10 7 7 1 0 0 0
 1 1 1 0 0 0 1 1 1 1 2 1 1 2 6 6 14 14 23 8 8 7 39 39 36 36 31 35 35 34 46 46 28 28 15 6 6 2 7 7 2 2 1 0 0 0
 2 2 1 1 1 1 2 2 2 2 2 2 2 2 3 3 11 11 16 3 3 4 16 16 35 35 50 53 53 47 48 48 38 38 42 5 5 2 2 2 1 1 1 0 0 0
 2 2 1 1 1 1 2 2 2 2 2 2 2 2 3 3 11 11 16 3 3 4 16 16 35 35 50 53 53 47 48 48 38 38 42 5 5 2 2 2 1 1 1 0 0 0
 0 0 1 2 2 2 2 2 2 2 1 1 1 1 2 2 7 7 9 5 5 9 9 9 29 29 32 38 38 35 33 33 33 33 21 11 11 12 3 3 2 2 0 0 0 0
 0 0 1 2 2 2 2 2 2 2 1 1 1 1 2 2 7 7 9 5 5 9 9 9 29 29 32 38 38 35 33 33 33 33 21 11 11 12 3 3 2 2 0 0 0 0
 0 0 1 1 1 1 1 1 1 1 3 1 1 2 4 4 6 6 8 8 8 11 7 7 8 8 22 9 9 19 26 26 27 27 27 11 11 9 3 3 2 2 1 6 6 0
 1 1 0 0 0 1 4 4 4 4 7 3 3 3 4 4 4 4 5 5 5 8 6 6 11 11 13 12 12 19 28 28 26 26 11 15 15 24 20 20 21 21 11 0 0 0
 1 1 0 0 0 1 4 4 4 4 7 3 3 3 4 4 4 4 5 5 5 8 6 6 11 11 13 12 12 19 28 28 26 26 11 15 15 24 20 20 21 21 11 0 0 0
 6 6 5 1 1 3 3 3 4 4 5 1 1 2 2 2 2 2 2 5 5 6 5 5 3 3 10 7 7 18 18 18 15 15 11 11 11 20 30 30 17 17 10 7 7 0
 12 12 3 0 0 0 1 1 3 3 6 2 2 2 2 2 1 1 1 4 4 4 2 2 1 1 1 1 1 4 9 9 19 19 16 15 15 24 25 25 12 12 2 7 7 0
 12 12 3 0 0 0 1 1 3 3 6 2 2 2 2 2 1 1 1 4 4 4 2 2 1 1 1 1 1 4 9 9 19 19 16 15 15 24 25 25 12 12 2 7 7 0
 5 5 1 0 0 0 1 1 1 1 2 2 2 1 2 2 1 1 2 2 2 3 3 3 2 2 1 1 1 3 7 7 10 10 15 16 16 17 24 24 44 44 8 1 1 0
 5 5 1 0 0 0 1 1 1 1 2 2 2 1 2 2 1 1 2 2 2 3 3 3 2 2 1 1 1 3 7 7 10 10 15 16 16 17 24 24 44 44 8 1 1 0
 0 0 0 0 0 0 0 0 1 1 0 0 0 1 2 2 2 2 3 4 4 6 9 9 6 6 4 3 3 4 11 11 15 15 24 10 10 7 23 23 20 20 18 4 4 0
 0 0 0 0 0 0 0 0 0 0 0 0 0 1 2 2 3 3 4 6 6 7 7 7 6 6 5 7 7 3 2 2 13 13 13 15 15 14 7 7 6 6 8 2 2 0
 0 0 0 0 0 0 0 0 0 0 0 0 0 1 2 2 3 3 4 6 6 7 7 7 6 6 5 7 7 3 2 2 13 13 13 15 15 14 7 7 6 6 8 2 2 0
 0 0 0 0 0 0 0 0 0 0 1 1 1 1 2 2 2 2 3 4 4 5 7 7 6 6 5 4 4 2 4 4 5 5 7 21 21 8 3 3 2 2 1 0 0 0
 0 0 0 0 0 0 0 0 0 0 2 1 1 2 2 2 2 2 2 3 3 4 6 6 7 7 4 2 2 1 1 1 6 6 2 4 4 3 4 4 2 2 1 0 0 0
