assets/RAT_results_old/precipitation/2021-05-08_IMERG.asc
ncols        46
nrows        77
xllcorner    74.800261325624
yllcorner    8.058333333333
cellsize     0.062500000000
NODATA_value -9999
 1 1 2 1 1 1 1 1 9 9 3 1 1 0 1 1 0 0 0 0 0 2 1 1 0 0 1 1 1 1 0 0 0 0 0 0 0 0 0 0 0 0 0 0 0 0
 1 1 2 1 1 4 5 5 25 25 1 1 1 1 0 0 0 0 0 0 0 0 0 0 0 0 1 0 0 0 0 0 0 0 0 0 0 0 0 0 0 0 0 0 0 0
 1 1 2 1 1 4 5 5 25 25 1 1 1 1 0 0 0 0 0 0 0 0 0 0 0 0 1 0 0 0 0 0 0 0 0 0 0 0 0 0 0 0 0 0 0 0
 1 1 1 1 1 1 7 7 3 3 3 1 1 3 1 1 0 0 0 0 0 0 0 0 0 0 0 0 0 0 0 0 0 0 0 0 0 0 0 0 0 0 0 0 0 0
 0 0 1 1 1 1 2 2 1 1 0 4 4 10 1 1 0 0 0 0 0 0 0 0 0 0 0 0 0 0 0 0 0 0 0 0 0 0 0 0 0 0 0 0 0 0
 0 0 1 1 1 1 2 2 1 1 0 4 4 10 1 1 0 0 0 0 0 0 0 0 0 0 0 0 0 0 0 0 0 0 0 0 0 0 0 0 0 0 0 0 0 0
 0 0 0 1 1 1 1 1 6 6 10 6 6 1 1 1 0 0 0 0 0 0 0 0 0 0 0 0 0 0 0 0 0 0 0 0 0 0 0 0 0 0 0 0 0 0
 0 0 0 1 1 1 1 1 6 6 10 6 6 1 1 1 0 0 0 0 0 0 0 0 0 0 0 0 0 0 0 0 0 0 0 0 0 0 0 0 0 0 0 0 0 0
 0 0 0 1 1 1 1 1 2 2 8 7 7 1 1 1 0 0 0 0 0 0 0 0 0 0 0 0 0 0 0 0 1 1 1 0 0 0 0 0 0 0 0 0 0 0
 0 0 0 1 1 1 1 1 1 1 3 1 1 1 1 1 0 0 0 0 0 0 0 0 0 0 0 0 0 0 0 0 0 0 1 0 0 0 0 0 0 0 0 0 0 0
 0 0 0 1 1 1 1 1 1 1 3 1 1 1 1 1 0 0 0 0 0 0 0 0 0 0 0 0 0 0 0 0 0 0 1 0 0 0 0 0 0 0 0 0 0 0
 0 0 0 0 0 1 1 1 3 3 2 1 1 1 1 1 1 1 0 0 0 0 0 0 0 0 0 0 0 0 0 0 0 0 0 0 0 0 0 0 0 0 0 0 0 0
 0 0 0 0 0 0 1 1 2 2 2 1 1 1 1 1 1 1 0 0 0 0 0 0 0 0 0 0 0 0 0 0 0 0 0 0 0 0 0 0 0 0 0 0 0 0
 0 0 0 0 0 0 1 1 2 2 2 1 1 1 1 1 1 1 0 0 0 0 0 0 0 0 0 0 0 0 0 0 0 0 0 0 0 0 0 0 0 0 0 0 0 0
 0 0 0 0 0 0 1 1 1 1 1 4 4 4 2 2 0 0 0 0 0 0 0 0 0 0 0 0 0 0 0 0 0 0 0 0 0 0 0 0 0 0 0 0 0 0
 0 0 0 0 0 0 1 1 1 1 1 4 4 4 2 2 0 0 0 0 0 0 0 0 0 0 0 0 0 0 0 0 0 0 0 0 0 0 0 0 0 0 0 0 0 0
 1 1 0 0 0 1 0 0 0 0 1 1 1 1 0 0 0 0 0 0 0 0 0 0 0 0 0 0 0 0 0 0 0 0 1 0 0 0 0 0 0 0 0 0 0 0
 1 1 1 1 1 1 0 0 0 0 1 1 1 0 0 0 1 1 0 0 0 0 0 0 0 0 0 0 0 0 0 0 0 0 0 0 0 0 0 0 0 0 0 0 0 0
 1 1 1 1 1 1 0 0 0 0 1 1 1 0 0 0 1 1 0 0 0 0 0 0 0 0 0 0 0 0 0 0 0 0 0 0 0 0 0 0 0 0 0 0 0 0
 0 0 0 1 1 0 0 0 0 0 0 0 0 0 0 0 0 0 0 0 0 0 0 0 0 0 0 0 0 1 0 0 0 0 0 0 0 0 0 0 0 0 0 0 0 0
 0 0 0 0 0 0 0 0 1 1 0 0 0 1 0 0 0 0 0 0 0 0 0 0 0 0 0 0 0 1 0 0 0 0 0 0 0 0 0 0 0 0 0 0 0 3
 0 0 0 0 0 0 0 0 1 1 0 0 0 1 0 0 0 0 0 0 0 0 0 0 0 0 0 0 0 1 0 0 0 0 0 0 0 0 0 0 0 0 0 0 0 3
 0 0 0 1 1 1 1 1 1 1 1 0 0 1 1 1 0 0 0 0 0 0 1 1 1 1 1 1 1 2 2 2 1 1 0 0 0 0 0 0 0 0 1 0 0 3
 0 0 0 1 1 1 1 1 1 1 1 0 0 1 1 1 0 0 0 0 0 0 1 1 1 1 1 1 1 2 2 2 1 1 0 0 0 0 0 0 0 0 1 0 0 3
 0 0 0 0 0 1 2 2 2 2 2 0 0 1 0 0 1 1 0 0 0 0 1 1 1 1 1 2 2 2 1 1 0 0 0 0 0 0 0 0 0 0 0 0 0 0
 0 0 0 0 0 1 1 1 2 2 1 0 0 0 0 0 0 0 1 0 0 1 1 1 1 1 1 2 2 1 8 8 0 0 0 0 0 0 0 0 0 0 0 0 0 0
 0 0 0 0 0 1 1 1 2 2 1 0 0 0 0 0 0 0 1 0 0 1 1 1 1 1 1 2 2 1 8 8 0 0 0 0 0 0 0 0 0 0 0 0 0 0
 0 0 0 0 0 1 1 1 1 1 1 1 1 0 0 0 1 1 0 0 0 1 0 0 1 1 1 0 0 0 0 0 0 0 0 0 0 0 0 0 0 0 0 0 0 0
 0 0 0 0 0 1 1 1 2 2 2 2 2 1 1 1 2 2 0 0 0 0 0 0 0 0 0 0 0 0 0 0 0 0 0 0 0 0 0 0 0 0 0 0 0 0
 0 0 0 0 0 1 1 1 2 2 2 2 2 1 1 1 2 2 0 0 0 0 0 0 0 0 0 0 0 0 0 0 0 0 0 0 0 0 0 0 0 0 0 0 0 0
 0 0 0 1 1 1 2 2 6 6 6 19 19 27 14 14 15 15 0 0 0 0 1 1 1 1 1 0 0 0 0 0 0 0 0 0 0 0 0 0 0 0 0 0 0 0
 0 0 0 1 1 1 2 2 6 6 6 19 19 27 14 14 15 15 0 0 0 0 1 1 1 1 1 0 0 0 0 0 0 0 0 0 0 0 0 0 0 0 0 0 0 0
 1 1 1 2 2 9 9 9 10 10 11 20 20 14 18 18 19 19 11 1 1 0 1 1 2 2 1 0 0 0 0 0 0 0 0 0 0 0 0 0 0 0 0 0 0 0
 3 3 2 1 1 5 9 9 8 8 8 12 12 2 18 18 0 0 1 2 2 1 1 1 1 1 0 0 0 0 0 0 0 0 0 0 0 0 0 0 0 0 0 1 1 1
 3 3 2 1 1 5 9 9 8 8 8 12 12 2 18 18 0 0 1 2 2 1 1 1 1 1 0 0 0 0 0 0 0 0 0 0 0 0 0 0 0 0 0 1 1 1
 3 3 2 1 1 2 2 2 2 2 4 5 5 1 1 1 0 0 2 4 4 2 2 2 2 2 1 7 7 0 0 0 0 0 0 0 0 0 0 0 0 0 0 1 1 2
 5 5 3 3 3 4 3 3 4 4 4 7 7 2 0 0 0 0 1 4 4 19 6 6 2 2 2 24 24 2 6 6 0 0 0 0 0 0 0 0 0 0 0 0 0 2
 5 5 3 3 3 4 3 3 4 4 4 7 7 2 0 0 0 0 1 4 4 19 6 6 2 2 2 24 24 2 6 6 0 0 0 0 0 0 0 0 0 0 0 0 0 2
 7 7 6 17 17 26 10 10 14 14 8 6 6 3 2 2 0 0 1 5 5 20 11 11 16 16 27 1 1 2 17 17 2 2 1 0 0 1 0 0 1 1 1 1 1 3
 7 7 6 17 17 26 10 10 14 14 8 6 6 3 2 2 0 0 1 5 5 20 11 11 16 16 27 1 1 2 17 17 2 2 1 0 0 1 0 0 1 1 1 1 1 3
 9 9 14 27 27 37 27 27 28 28 14 7 7 9 10 10 4 4 15 16 16 13 11 11 26 26 35 14 14 8 17 17 9 9 2 0 0 1 1 1 2 2 2 3 3 4
 13 13 25 18 18 30 36 36 31 31 17 9 9 18 19 19 14 14 11 15 15 3 2 2 6 6 22 45 45 23 29 29 9 9 4 2 2 3 4 4 2 2 3 8 8 2
 13 13 25 18 18 30 36 36 31 31 17 9 9 18 19 19 14 14 11 15 15 3 2 2 6 6 22 45 45 23 29 29 9 9 4 2 2 3 4 4 2 2 3 8 8 2
 15 15 17 16 16 21 38 38 29 29 12 14 14 20 18 18 21 21 25 25 25 1 2 2 1 1 21 9 9 29 18 18 17 17 9 5 5 10 7 7 12 12 4 8 8 0
 14 14 15 19 19 22 24 24 21 21 6 14 14 21 12 12 22 22 27 75 75 11 12 12 2 2 4 1 1 5 7 7 8 8 3 2 2 7 6 6 15 15 1 0 0 0
 14 14 15 19 19 22 24 24 21 21 6 14 14 21 12 12 22 22 27 75 75 11 12 12 2 2 4 1 1 5 7 7 8 8 3 2 2 7 6 6 15 15 1 0 0 0
 12 12 13 17 17 19 15 15 8 8 5 10 10 11 25 25 37 37 40 77 77 26 12 12 6 6 1 1 1 1 1 1 1 1 1 4 4 1 1 1 1 1 1 1 1 1
 12 12 13 17 17 19 15 15 8 8 5 10 10 11 25 25 37 37 40 77 77 26 12 12 6 6 1 1 1 1 1 1 1 1 1 4 4 1 1 1 1 1 1 1 1 1
 9 9 9 12 12 14 11 11 6 6 4 6 6 17 30 30 45 45 44 26 26 27 6 6 5 5 4 2 2 5 2 2 5 5 6 0 0 0 0 0 0 0 0 0 0 1
 4 4 5 8 8 11 11 11 8 8 5 14 14 28 32 32 40 40 32 2 2 2 4 4 6 6 7 17 17 13 25 25 23 23 12 4 4 0 0 0 0 0 0 1 1 1
 4 4 5 8 8 11 11 11 8 8 5 14 14 28 32 32 40 40 32 2 2 2 4 4 6 6 7 17 17 13 25 25 23 23 12 4 4 0 0 0 0 0 0 1 1 1
 3 3 5 7 7 10 9 9 9 9 7 18 18 27 27 27 20 20 11 8 8 2 5 5 6 6 5 8 8 7 17 17 23 23 6 5 5 1 1 1 2 2 2 2 2 6
 3 3 4 6 6 7 7 7 8 8 8 12 12 20 10 10 12 12 4 2 2 2 2 2 6 6 9 11 11 12 37 37 28 28 6 0 0 1 1 1 6 6 3 4 4 3
 3 3 4 6 6 7 7 7 8 8 8 12 12 20 10 10 12 12 4 2 2 2 2 2 6 6 9 11 11 12 37 37 28 28 6 0 0 1 1 1 6 6 3 4 4 3
 2 2 2 4 4 4 4 4 5 5 7 7 7 9 4 4 7 7 3 1 1 1 0 0 3 3 8 11 11 21 42 42 18 18 3 3 3 2 2 2 2 2 2 4 4 7
 2 2 2 4 4 4 4 4 5 5 7 7 7 9 4 4 7 7 3 1 1 1 0 0 3 3 8 11 11 21 42 42 18 18 3 3 3 2 2 2 2 2 2 4 4 7
 2 2 2 2 2 1 1 1 2 2 2 2 2 2 1 1 4 4 3 0 0 1 0 0 2 2 10 11 11 20 25 25 7 7 2 3 3 1 3 3 3 3 2 3 3 2
 1 1 1 1 1 1 1 1 1 1 1 2 2 1 1 1 1 1 1 0 0 0 1 1 4 4 13 38 38 17 16 16 12 12 2 3 3 0 2 2 4 4 4 10 10 5
 1 1 1 1 1 1 1 1 1 1 1 2 2 1 1 1 1 1 1 0 0 0 1 1 4 4 13 38 38 17 16 16 12 12 2 3 3 0 2 2 4 4 4 10 10 5
 0 0 1 1 1 1 1 1 1 1 1 2 2 0 0 0 0 0 0 0 0 0 1 1 14 14 13 48 48 13 6 6 1 1 1 0 0 0 0 0 6 6 2 6 6 2
 1 1 1 1 1 1 1 1 1 1 1 0 0 0 0 0 0 0 0 0 0 0 2 2 5 5 20 11 11 11 6 6 2 2 2 0 0 1 1 1 3 3 5 3 3 2
 1 1 1 1 1 1 1 1 1 1 1 0 0 0 0 0 0 0 0 0 0 0 2 2 5 5 20 11 11 11 6 6 2 2 2 0 0 1 1 1 3 3 5 3 3 2
 1 1 1 1 1 0 0 0 0 0 0 0 0 0 0 0 1 1 1 0 0 0 6 6 3 3 6 9 9 8 3 3 2 2 1 1 1 1 2 2 5 5 4 4 4 2
 1 1 1 1 1 0 0 0 0 0 0 0 0 0 0 0 1 1 1 0 0 0 6 6 3 3 6 9 9 8 3 3 2 2 1 1 1 1 2 2 5 5 4 4 4 2
 0 0 0 0 0 0 0 0 0 0 0 1 1 1 1 1 4 4 1 0 0 2 1 1 2 2 4 4 4 4 4 4 1 1 2 2 2 1 5 5 7 7 5 6 6 2
 0 0 0 0 0 0 0 0 0 0 1 1 1 1 1 1 2 2 3 0 0 0 1 1 2 2 5 5 5 2 2 2 3 3 3 3 3 3 3 3 4 4 6 3 3 8
 0 0 0 0 0 0 0 0 0 0 1 1 1 1 1 1 2 2 3 0 0 0 1 1 2 2 5 5 5 2 2 2 3 3 3 3 3 3 3 3 4 4 6 3 3 8
 0 0 0 0 0 0 1 1 1 1 1 2 2 1 1 1 0 0 1 0 0 1 2 2 1 1 3 1 1 1 2 2 5 5 4 3 3 3 3 3 4 4 3 4 4 9
 0 0 0 0 0 0 1 1 1 1 2 2 2 2 1 1 0 0 0 0 0 1 1 1 1 1 1 1 1 0 2 2 9 9 10 7 7 7 3 3 3 3 3 12 12 12
 0 0 0 0 0 0 1 1 1 1 2 2 2 2 1 1 0 0 0 0 0 1 1 1 1 1 1 1 1 0 2 2 9 9 10 7 7 7 3 3 3 3 3 12 12 12
 0 0 0 0 0 1 2 2 2 2 2 2 2 2 2 2 1 1 1 1 1 1 2 2 3 3 1 1 1 1 2 2 2 2 5 15 15 9 3 3 3 3 4 10 10 34
 0 0 0 0 0 1 2 2 2 2 2 2 2 2 2 2 1 1 1 1 1 1 2 2 3 3 1 1 1 1 2 2 2 2 5 15 15 9 3 3 3 3 4 10 10 34
 0 0 0 0 0 1 1 1 1 1 1 1 1 1 1 1 1 1 1 1 1 2 2 2 3 3 1 0 0 0 0 0 3 3 4 6 6 2 2 2 2 2 2 12 12 22
 0 0 0 1 1 2 2 2 1 1 0 0 0 0 0 0 0 0 0 0 0 1 1 1 1 1 0 0 0 0 1 1 2 2 3 4 4 4 5 5 5 5 4 6 6 28
 0 0 0 1 1 2 2 2 1 1 0 0 0 0 0 0 0 0 0 0 0 1 1 1 1 1 0 0 0 0 1 1 2 2 3 4 4 4 5 5 5 5 4 6 6 28
 0 0 0 1 1 2 2 2 1 1 0 0 0 0 0 0 0 0 0 1 1 1 0 0 0 0 0 1 1 0 1 1 4 4 4 6 6 5 6 6 8 8 8 5 5 20
 0 0 0 1 1 1 1 1 1 1 0 0 0 0 0 0 0 0 0 0 0 1 2 2 14 14 12 7 7 6 2 2 2 2 2 2 2 3 4 4 5 5 8 4 4 18
