assets/RAT_results_old/precipitation/2021-11-12_IMERG.asc
ncols        46
nrows        77
xllcorner    74.800261325624
yllcorner    8.058333333333
cellsize     0.062500000000
NODATA_value -9999
 4 4 5 3 3 3 5 5 7 7 5 4 4 4 2 2 2 2 2 2 2 1 1 1 0 0 0 0 0 0 0 0 0 0 0 2 2 3 1 1 0 0 0 0 0 0
 3 3 5 2 2 2 6 6 8 8 4 4 4 5 5 5 4 4 3 3 3 2 1 1 1 1 1 1 1 1 1 1 0 0 0 0 0 1 0 0 0 0 0 0 0 0
 3 3 5 2 2 2 6 6 8 8 4 4 4 5 5 5 4 4 3 3 3 2 1 1 1 1 1 1 1 1 1 1 0 0 0 0 0 1 0 0 0 0 0 0 0 0
 3 3 4 3 3 3 7 7 6 6 4 4 4 6 6 6 6 6 6 5 5 4 2 2 2 2 2 2 2 2 1 1 1 1 0 0 0 0 0 0 0 0 0 0 0 0
 3 3 5 6 6 3 4 4 4 4 3 4 4 6 6 6 6 6 7 8 8 6 4 4 4 4 5 3 3 2 1 1 1 1 0 0 0 0 0 0 0 0 0 0 0 0
 3 3 5 6 6 3 4 4 4 4 3 4 4 6 6 6 6 6 7 8 8 6 4 4 4 4 5 3 3 2 1 1 1 1 0 0 0 0 0 0 0 0 0 0 0 0
 3 3 3 6 6 3 4 4 4 4 4 4 4 5 5 5 5 5 6 8 8 6 9 9 7 7 6 5 5 1 1 1 1 1 0 0 0 0 0 0 0 0 0 0 0 0
 3 3 3 6 6 3 4 4 4 4 4 4 4 5 5 5 5 5 6 8 8 6 9 9 7 7 6 5 5 1 1 1 1 1 0 0 0 0 0 0 0 0 0 0 0 0
 2 2 2 3 3 4 3 3 4 4 4 5 5 6 7 7 8 8 7 6 6 5 5 5 5 5 5 5 5 1 3 3 1 1 0 0 0 0 0 0 0 0 0 0 0 0
 4 4 3 3 3 4 3 3 3 3 3 4 4 4 6 6 8 8 9 9 9 6 6 6 5 5 4 4 4 4 2 2 3 3 1 0 0 0 0 0 0 0 0 0 0 0
 4 4 3 3 3 4 3 3 3 3 3 4 4 4 6 6 8 8 9 9 9 6 6 6 5 5 4 4 4 4 2 2 3 3 1 0 0 0 0 0 0 0 0 0 0 0
 5 5 3 3 3 5 5 5 4 4 4 4 4 4 5 5 6 6 6 7 7 5 4 4 5 5 3 6 6 3 3 3 2 2 3 1 1 0 0 0 0 0 0 0 0 0
 4 4 4 2 2 6 5 5 5 5 5 4 4 4 5 5 5 5 5 6 6 5 5 5 5 5 8 3 3 2 3 3 4 4 4 2 2 1 0 0 0 0 0 0 0 0
 4 4 4 2 2 6 5 5 5 5 5 4 4 4 5 5 5 5 5 6 6 5 5 5 5 5 8 3 3 2 3 3 4 4 4 2 2 1 0 0 0 0 0 0 0 0
 5 5 4 4 4 3 6 6 8 8 6 4 4 4 5 5 6 6 7 8 8 6 5 5 6 6 5 4 4 1 2 2 4 4 3 2 2 0 1 1 0 0 0 0 0 1
 5 5 4 4 4 3 6 6 8 8 6 4 4 4 5 5 6 6 7 8 8 6 5 5 6 6 5 4 4 1 2 2 4 4 3 2 2 0 1 1 0 0 0 0 0 1
 5 5 4 5 5 3 4 4 7 7 7 4 4 5 5 5 6 6 8 7 7 5 4 4 6 6 5 4 4 1 2 2 3 3 2 1 1 1 1 1 0 0 0 0 0 1
 4 4 4 3 3 3 4 4 3 3 5 3 3 3 3 3 4 4 4 3 3 4 2 2 5 5 4 1 1 2 2 2 3 3 2 1 1 1 1 1 0 0 0 1 1 1
 4 4 4 3 3 3 4 4 3 3 5 3 3 3 3 3 4 4 4 3 3 4 2 2 5 5 4 1 1 2 2 2 3 3 2 1 1 1 1 1 0 0 0 1 1 1
 4 4 4 2 2 3 4 4 2 2 1 3 3 3 2 2 2 2 2 2 2 2 1 1 3 3 7 3 3 3 2 2 5 5 1 1 1 1 0 0 0 0 0 0 0 0
 3 3 3 3 3 3 3 3 1 1 2 3 3 2 2 2 3 3 2 1 1 1 1 1 1 1 6 3 3 3 2 2 3 3 1 1 1 1 1 1 0 0 0 0 0 1
 3 3 3 3 3 3 3 3 1 1 2 3 3 2 2 2 3 3 2 1 1 1 1 1 1 1 6 3 3 3 2 2 3 3 1 1 1 1 1 1 0 0 0 0 0 1
 3 3 2 1 1 2 3 3 3 3 2 2 2 2 1 1 2 2 1 1 1 1 1 1 1 1 1 1 1 1 1 1 3 3 2 1 1 0 0 0 0 0 0 0 0 0
 3 3 2 1 1 2 3 3 3 3 2 2 2 2 1 1 2 2 1 1 1 1 1 1 1 1 1 1 1 1 1 1 3 3 2 1 1 0 0 0 0 0 0 0 0 0
 2 2 1 2 2 2 3 3 4 4 3 1 1 1 1 1 0 0 0 0 0 0 0 0 0 0 0 0 0 1 1 1 1 1 1 1 1 1 1 1 0 0 0 1 1 1
 3 3 3 3 3 2 3 3 4 4 4 1 1 1 1 1 1 1 0 0 0 0 0 0 0 0 0 0 0 0 0 0 0 0 1 1 1 1 1 1 1 1 0 0 0 1
 3 3 3 3 3 2 3 3 4 4 4 1 1 1 1 1 1 1 0 0 0 0 0 0 0 0 0 0 0 0 0 0 0 0 1 1 1 1 1 1 1 1 0 0 0 1
 3 3 3 3 3 3 4 4 4 4 3 3 3 1 0 0 1 1 1 0 0 0 0 0 0 0 0 0 0 0 0 0 0 0 0 0 0 1 0 0 0 0 0 0 0 0
 4 4 4 4 4 4 4 4 4 4 3 2 2 0 1 1 1 1 1 1 1 0 0 0 0 0 0 1 1 0 0 0 0 0 0 0 0 0 0 0 0 0 0 0 0 0
 4 4 4 4 4 4 4 4 4 4 3 2 2 0 1 1 1 1 1 1 1 0 0 0 0 0 0 1 1 0 0 0 0 0 0 0 0 0 0 0 0 0 0 0 0 0
 6 6 3 4 4 4 4 4 4 4 4 3 3 4 3 3 3 3 2 1 1 0 0 0 1 1 2 2 2 1 0 0 0 0 0 0 0 0 0 0 0 0 0 0 0 0
 6 6 3 4 4 4 4 4 4 4 4 3 3 4 3 3 3 3 2 1 1 0 0 0 1 1 2 2 2 1 0 0 0 0 0 0 0 0 0 0 0 0 0 0 0 0
 6 6 4 5 5 4 4 4 5 5 5 5 5 5 2 2 6 6 3 2 2 1 1 1 1 1 2 2 2 1 1 1 0 0 0 0 0 0 0 0 1 1 1 0 0 0
 10 10 8 5 5 7 6 6 6 6 6 7 7 13 5 5 0 0 4 2 2 2 2 2 1 1 2 2 2 2 1 1 0 0 0 0 0 1 1 1 1 1 1 1 1 1
 10 10 8 5 5 7 6 6 6 6 6 7 7 13 5 5 0 0 4 2 2 2 2 2 1 1 2 2 2 2 1 1 0 0 0 0 0 1 1 1 1 1 1 1 1 1
 8 8 7 8 8 9 11 11 7 7 9 13 13 21 8 8 1 1 5 3 3 3 1 1 2 2 2 1 1 1 1 1 1 1 1 0 0 0 1 1 1 1 0 0 0 1
 9 9 5 5 5 5 9 9 11 11 10 11 11 17 8 8 2 2 1 4 4 3 3 3 3 3 4 4 4 4 2 2 2 2 1 1 1 0 0 0 1 1 0 0 0 0
 9 9 5 5 5 5 9 9 11 11 10 11 11 17 8 8 2 2 1 4 4 3 3 3 3 3 4 4 4 4 2 2 2 2 1 1 1 0 0 0 1 1 0 0 0 0
 10 10 4 4 4 4 6 6 7 7 11 7 7 11 14 14 5 5 4 6 6 4 6 6 4 4 4 4 4 4 2 2 1 1 1 1 1 1 1 1 1 1 0 0 0 0
 10 10 4 4 4 4 6 6 7 7 11 7 7 11 14 14 5 5 4 6 6 4 6 6 4 4 4 4 4 4 2 2 1 1 1 1 1 1 1 1 1 1 0 0 0 0
 6 6 3 3 3 3 3 3 3 3 7 9 9 8 9 9 10 10 7 12 12 11 13 13 6 6 5 5 5 5 3 3 2 2 2 1 1 2 1 1 1 1 0 0 0 0
 1 1 1 1 1 2 2 2 4 4 5 4 4 6 7 7 10 10 11 12 12 16 13 13 11 11 6 6 6 6 4 4 3 3 2 1 1 2 2 2 1 1 0 0 0 0
 1 1 1 1 1 2 2 2 4 4 5 4 4 6 7 7 10 10 11 12 12 16 13 13 11 11 6 6 6 6 4 4 3 3 2 1 1 2 2 2 1 1 0 0 0 0
 0 0 0 0 0 1 3 3 2 2 2 4 4 2 6 6 12 12 7 10 10 12 13 13 4 4 7 6 6 7 7 7 4 4 1 1 1 1 1 1 1 1 0 0 0 0
 0 0 0 0 0 0 0 0 1 1 2 3 3 2 3 3 4 4 3 3 3 6 3 3 5 5 8 8 8 9 6 6 1 1 1 1 1 1 1 1 1 1 0 0 0 0
 0 0 0 0 0 0 0 0 1 1 2 3 3 2 3 3 4 4 3 3 3 6 3 3 5 5 8 8 8 9 6 6 1 1 1 1 1 1 1 1 1 1 0 0 0 0
 0 0 0 0 0 0 0 0 0 0 1 1 1 1 1 1 2 2 3 3 3 6 2 2 5 5 4 4 4 6 4 4 1 1 0 1 1 0 0 0 1 1 1 0 0 1
 0 0 0 0 0 0 0 0 0 0 1 1 1 1 1 1 2 2 3 3 3 6 2 2 5 5 4 4 4 6 4 4 1 1 0 1 1 0 0 0 1 1 1 0 0 1
 0 0 0 0 0 0 0 0 0 0 0 0 0 0 1 1 3 3 4 1 1 1 1 1 4 4 4 1 1 5 5 5 5 5 1 1 1 0 0 0 1 1 1 2 2 1
 2 2 2 2 2 3 0 0 1 1 1 0 0 0 1 1 2 2 4 3 3 1 3 3 3 3 5 5 5 6 6 6 7 7 2 2 2 1 1 1 1 1 2 2 2 2
 2 2 2 2 2 3 0 0 1 1 1 0 0 0 1 1 2 2 4 3 3 1 3 3 3 3 5 5 5 6 6 6 7 7 2 2 2 1 1 1 1 1 2 2 2 2
 0 0 2 2 2 4 4 4 4 4 3 3 3 3 1 1 1 1 4 4 4 2 3 3 3 3 6 2 2 3 4 4 4 4 1 1 1 1 2 2 1 1 2 2 2 3
 0 0 0 0 0 2 2 2 2 2 4 4 4 4 2 2 2 2 2 3 3 4 1 1 3 3 5 5 5 4 8 8 5 5 1 1 1 1 1 1 2 2 3 2 2 2
 0 0 0 0 0 2 2 2 2 2 4 4 4 4 2 2 2 2 2 3 3 4 1 1 3 3 5 5 5 4 8 8 5 5 1 1 1 1 1 1 2 2 3 2 2 2
 0 0 0 0 0 2 2 2 2 2 1 2 2 1 1 1 1 1 3 5 5 5 3 3 6 6 6 8 8 4 6 6 1 1 0 0 0 1 1 1 2 2 3 3 3 2
 0 0 0 0 0 2 2 2 2 2 1 2 2 1 1 1 1 1 3 5 5 5 3 3 6 6 6 8 8 4 6 6 1 1 0 0 0 1 1 1 2 2 3 3 3 2
 0 0 0 0 0 0 0 0 1 1 1 1 1 1 1 1 1 1 1 1 1 3 4 4 6 6 7 12 12 6 4 4 3 3 1 0 0 0 1 1 2 2 2 3 3 2
 0 0 0 0 0 0 0 0 0 0 0 1 1 0 1 1 1 1 1 2 2 3 3 3 3 3 4 4 4 4 9 9 8 8 3 2 2 0 1 1 2 2 2 3 3 1
 0 0 0 0 0 0 0 0 0 0 0 1 1 0 1 1 1 1 1 2 2 3 3 3 3 3 4 4 4 4 9 9 8 8 3 2 2 0 1 1 2 2 2 3 3 1
 0 0 0 0 0 1 1 1 0 0 0 0 0 0 1 1 1 1 1 1 1 1 1 1 1 1 2 3 3 3 4 4 5 5 5 4 4 2 1 1 1 1 2 2 2 1
 1 1 1 1 1 2 1 1 1 1 1 1 1 1 1 1 1 1 0 0 0 0 0 0 0 0 0 4 4 3 2 2 3 3 2 5 5 2 3 3 4 4 3 1 1 1
 1 1 1 1 1 2 1 1 1 1 1 1 1 1 1 1 1 1 0 0 0 0 0 0 0 0 0 4 4 3 2 2 3 3 2 5 5 2 3 3 4 4 3 1 1 1
 3 3 4 3 3 4 3 3 3 3 6 5 5 2 3 3 3 3 3 2 2 0 0 0 2 2 2 6 6 4 5 5 1 1 0 2 2 2 2 2 4 4 5 2 2 2
 3 3 4 3 3 4 3 3 3 3 6 5 5 2 3 3 3 3 3 2 2 0 0 0 2 2 2 6 6 4 5 5 1 1 0 2 2 2 2 2 4 4 5 2 2 2
 6 6 5 7 7 4 5 5 9 9 11 7 7 6 6 6 6 6 7 5 5 5 4 4 4 4 6 7 7 5 4 4 3 3 1 1 1 2 5 5 1 1 4 3 3 2
 11 11 11 11 11 5 7 7 10 10 12 11 11 11 13 13 15 15 10 9 9 5 4 4 9 9 10 10 10 9 7 7 17 17 4 2 2 5 5 5 3 3 0 0 0 0
 11 11 11 11 11 5 7 7 10 10 12 11 11 11 13 13 15 15 10 9 9 5 4 4 9 9 10 10 10 9 7 7 17 17 4 2 2 5 5 5 3 3 0 0 0 0
 12 12 15 12 12 8 10 10 10 10 14 19 19 20 22 22 23 23 18 18 18 14 15 15 14 14 21 10 10 12 16 16 17 17 11 9 9 4 5 5 5 5 0 0 0 0
 14 14 15 17 17 10 11 11 10 10 14 20 20 22 35 35 36 36 29 39 39 31 34 34 14 14 15 15 15 15 21 21 26 26 24 28 28 13 8 8 6 6 9 1 1 1
 14 14 15 17 17 10 11 11 10 10 14 20 20 22 35 35 36 36 29 39 39 31 34 34 14 14 15 15 15 15 21 21 26 26 24 28 28 13 8 8 6 6 9 1 1 1
 14 14 10 16 16 14 11 11 12 12 13 16 16 19 24 24 34 34 27 46 46 51 45 45 48 48 40 20 20 50 30 30 26 26 29 30 30 25 19 19 20 20 19 8 8 6
 14 14 10 16 16 14 11 11 12 12 13 16 16 19 24 24 34 34 27 46 46 51 45 45 48 48 40 20 20 50 30 30 26 26 29 30 30 25 19 19 20 20 19 8 8 6
 16 16 8 12 12 9 11 11 12 12 13 12 12 10 14 14 22 22 21 28 28 30 40 40 34 34 77 64 64 35 57 57 35 35 48 30 30 27 18 18 12 12 14 11 11 13
 18 18 10 9 9 5 6 6 5 5 7 8 8 5 6 6 11 11 14 20 20 27 25 25 31 31 28 27 27 29 29 29 34 34 38 18 18 29 25 25 20 20 24 26 26 21
 18 18 10 9 9 5 6 6 5 5 7 8 8 5 6 6 11 11 14 20 20 27 25 25 31 31 28 27 27 29 29 29 34 34 38 18 18 29 25 25 20 20 24 26 26 21
 21 21 10 9 9 4 5 5 4 4 5 5 5 4 4 4 5 5 10 14 14 14 14 14 14 14 18 14 14 15 11 11 35 35 18 16 16 19 17 17 17 17 16 21 21 20
 10 10 10 10 10 6 5 5 5 5 5 5 5 4 4 4 5 5 9 11 11 14 8 8 11 11 12 11 11 9 9 9 15 15 19 6 6 18 21 21 15 15 15 11 11 12
