assets/RAT_results_old/precipitation/2021-11-04_IMERG.asc
ncols        46
nrows        77
xllcorner    74.800261325624
yllcorner    8.058333333333
cellsize     0.062500000000
NODATA_value -9999
 14 14 17 19 19 22 31 31 41 41 52 36 36 16 7 7 5 5 7 8 8 10 12 12 16 16 14 15 15 27 24 24 16 16 27 35 35 26 30 30 38 38 32 41 41 49
 11 11 13 12 12 13 18 18 20 20 20 15 15 8 3 3 3 3 3 4 4 9 9 9 11 11 12 14 14 26 19 19 17 17 17 21 21 23 26 26 31 31 29 36 36 52
 11 11 13 12 12 13 18 18 20 20 20 15 15 8 3 3 3 3 3 4 4 9 9 9 11 11 12 14 14 26 19 19 17 17 17 21 21 23 26 26 31 31 29 36 36 52
 8 8 9 9 9 8 8 8 9 9 17 17 17 10 3 3 1 1 2 6 6 7 8 8 12 12 15 17 17 20 19 19 19 19 19 20 20 25 26 26 24 24 32 35 35 34
 6 6 9 9 9 10 8 8 12 12 14 16 16 12 7 7 3 3 3 5 5 6 6 6 11 11 15 18 18 30 24 24 18 18 17 19 19 17 17 17 14 14 23 24 24 28
 6 6 9 9 9 10 8 8 12 12 14 16 16 12 7 7 3 3 3 5 5 6 6 6 11 11 15 18 18 30 24 24 18 18 17 19 19 17 17 17 14 14 23 24 24 28
 11 11 5 9 9 9 13 13 13 13 13 20 20 18 10 10 6 6 4 4 4 2 2 2 9 9 15 21 21 40 27 27 24 24 17 14 14 8 8 8 12 12 16 21 21 29
 11 11 5 9 9 9 13 13 13 13 13 20 20 18 10 10 6 6 4 4 4 2 2 2 9 9 15 21 21 40 27 27 24 24 17 14 14 8 8 8 12 12 16 21 21 29
 4 4 6 10 10 10 15 15 14 14 15 25 25 21 22 22 11 11 6 5 5 4 3 3 8 8 9 22 22 35 25 25 23 23 16 10 10 8 8 8 9 9 12 17 17 20
 4 4 5 11 11 12 20 20 30 30 33 30 30 21 20 20 9 9 19 7 7 3 4 4 5 5 12 54 54 26 28 28 26 26 17 8 8 7 9 9 10 10 13 17 17 23
 4 4 5 11 11 12 20 20 30 30 33 30 30 21 20 20 9 9 19 7 7 3 4 4 5 5 12 54 54 26 28 28 26 26 17 8 8 7 9 9 10 10 13 17 17 23
 4 4 8 12 12 19 25 25 16 16 23 34 34 30 23 23 17 17 18 7 7 6 5 5 7 7 10 13 13 21 24 24 15 15 15 13 13 9 7 7 7 7 11 19 19 14
 4 4 6 13 13 18 16 16 17 17 26 35 35 30 15 15 16 16 13 7 7 8 6 6 8 8 9 10 10 12 15 15 16 16 17 16 16 14 8 8 8 8 10 9 9 15
 4 4 6 13 13 18 16 16 17 17 26 35 35 30 15 15 16 16 13 7 7 8 6 6 8 8 9 10 10 12 15 15 16 16 17 16 16 14 8 8 8 8 10 9 9 15
 4 4 5 9 9 8 17 17 18 18 14 11 11 14 16 16 15 15 12 8 8 8 6 6 8 8 14 17 17 12 12 12 13 13 15 18 18 17 15 15 11 11 7 8 8 12
 4 4 5 9 9 8 17 17 18 18 14 11 11 14 16 16 15 15 12 8 8 8 6 6 8 8 14 17 17 12 12 12 13 13 15 18 18 17 15 15 11 11 7 8 8 12
 6 6 6 6 6 7 11 11 20 20 19 16 16 15 13 13 9 9 8 5 5 7 6 6 7 7 13 10 10 9 12 12 16 16 19 22 22 21 18 18 11 11 10 9 9 16
 5 5 6 6 6 6 13 13 14 14 22 20 20 21 19 19 13 13 10 9 9 6 6 6 7 7 13 11 11 8 11 11 10 10 14 17 17 19 24 24 18 18 19 19 19 22
 5 5 6 6 6 6 13 13 14 14 22 20 20 21 19 19 13 13 10 9 9 6 6 6 7 7 13 11 11 8 11 11 10 10 14 17 17 19 24 24 18 18 19 19 19 22
 15 15 7 6 6 5 12 12 12 12 14 21 21 24 25 25 22 22 19 11 11 8 12 12 13 13 11 9 9 6 7 7 10 10 13 15 15 18 29 29 18 18 24 24 24 23
 14 14 9 10 10 9 7 7 9 9 13 20 20 25 30 30 25 25 22 24 24 23 19 19 18 18 11 11 11 15 12 12 13 13 13 14 14 18 18 18 19 19 32 29 29 19
 14 14 9 10 10 9 7 7 9 9 13 20 20 25 30 30 25 25 22 24 24 23 19 19 18 18 11 11 11 15 12 12 13 13 13 14 14 18 18 18 19 19 32 29 29 19
 19 19 17 15 15 7 7 7 6 6 15 14 14 20 26 26 26 26 24 17 17 19 18 18 16 16 16 16 16 16 17 17 22 22 16 13 13 15 17 17 25 25 69 29 29 16
 19 19 17 15 15 7 7 7 6 6 15 14 14 20 26 26 26 26 24 17 17 19 18 18 16 16 16 16 16 16 17 17 22 22 16 13 13 15 17 17 25 25 69 29 29 16
 18 18 18 18 18 8 5 5 4 4 11 12 12 16 22 22 22 22 21 18 18 20 18 18 18 18 21 19 19 26 19 19 16 16 18 14 14 16 16 16 23 23 27 24 24 20
 17 17 14 13 13 14 12 12 4 4 10 10 10 19 16 16 13 13 14 22 22 18 15 15 24 24 27 34 34 26 21 21 14 14 12 10 10 11 20 20 18 18 14 11 11 14
 17 17 14 13 13 14 12 12 4 4 10 10 10 19 16 16 13 13 14 22 22 18 15 15 24 24 27 34 34 26 21 21 14 14 12 10 10 11 20 20 18 18 14 11 11 14
 11 11 11 10 10 9 8 8 6 6 6 18 18 19 12 12 19 19 11 13 13 17 15 15 23 23 33 42 42 40 22 22 16 16 8 8 8 10 10 10 9 9 14 10 10 9
 4 4 10 10 10 10 9 9 11 11 5 16 16 20 17 17 17 17 8 11 11 16 18 18 24 24 27 30 30 34 25 25 19 19 9 6 6 5 5 5 7 7 18 5 5 9
 4 4 10 10 10 10 9 9 11 11 5 16 16 20 17 17 17 17 8 11 11 16 18 18 24 24 27 30 30 34 25 25 19 19 9 6 6 5 5 5 7 7 18 5 5 9
 3 3 5 8 8 9 6 6 4 4 4 18 18 18 15 15 20 20 10 10 10 14 14 14 19 19 18 20 20 18 14 14 8 8 8 6 6 5 3 3 2 2 9 6 6 3
 3 3 5 8 8 9 6 6 4 4 4 18 18 18 15 15 20 20 10 10 10 14 14 14 19 19 18 20 20 18 14 14 8 8 8 6 6 5 3 3 2 2 9 6 6 3
 4 4 5 5 5 9 6 6 3 3 3 8 8 10 12 12 21 21 12 13 13 14 14 14 12 12 18 11 11 11 9 9 13 13 13 10 10 7 3 3 2 2 2 5 5 3
 8 8 11 13 13 11 7 7 2 2 3 2 2 9 11 11 20 20 12 13 13 11 8 8 8 8 11 9 9 12 10 10 16 16 15 10 10 7 3 3 1 1 1 1 1 1
 8 8 11 13 13 11 7 7 2 2 3 2 2 9 11 11 20 20 12 13 13 11 8 8 8 8 11 9 9 12 10 10 16 16 15 10 10 7 3 3 1 1 1 1 1 1
 10 10 8 12 12 13 10 10 7 7 2 2 2 8 10 10 17 17 19 10 10 9 4 4 5 5 6 7 7 8 8 8 13 13 22 22 22 11 6 6 2 2 1 1 1 1
 9 9 11 10 10 9 8 8 5 5 2 4 4 3 3 3 14 14 16 14 14 12 7 7 6 6 6 6 6 9 15 15 16 16 27 27 27 21 14 14 5 5 4 3 3 3
 9 9 11 10 10 9 8 8 5 5 2 4 4 3 3 3 14 14 16 14 14 12 7 7 6 6 6 6 6 9 15 15 16 16 27 27 27 21 14 14 5 5 4 3 3 3
 9 9 11 12 12 10 8 8 6 6 3 8 8 6 4 4 14 14 11 8 8 11 13 13 6 6 6 7 7 9 19 19 19 19 30 37 37 27 29 29 18 18 17 17 17 10
 9 9 11 12 12 10 8 8 6 6 3 8 8 6 4 4 14 14 11 8 8 11 13 13 6 6 6 7 7 9 19 19 19 19 30 37 37 27 29 29 18 18 17 17 17 10
 11 11 13 14 14 13 8 8 6 6 6 10 10 10 10 10 12 12 11 6 6 8 11 11 7 7 7 10 10 8 19 19 20 20 36 39 39 40 37 37 37 37 30 32 32 20
 23 23 10 9 9 12 11 11 7 7 6 4 4 10 20 20 19 19 47 6 6 6 7 7 6 6 7 10 10 9 19 19 18 18 32 40 40 41 44 44 39 39 48 45 45 51
 23 23 10 9 9 12 11 11 7 7 6 4 4 10 20 20 19 19 47 6 6 6 7 7 6 6 7 10 10 9 19 19 18 18 32 40 40 41 44 44 39 39 48 45 45 51
 22 22 21 9 9 10 11 11 10 10 7 11 11 9 18 18 18 18 47 18 18 6 6 6 7 7 7 11 11 13 13 13 13 13 19 34 34 35 43 43 43 43 57 51 51 46
 22 22 21 15 15 7 6 6 7 7 7 7 7 8 10 10 10 10 17 18 18 4 7 7 6 6 8 10 10 11 7 7 11 11 14 25 25 28 33 33 32 32 26 42 42 38
 22 22 21 15 15 7 6 6 7 7 7 7 7 8 10 10 10 10 17 18 18 4 7 7 6 6 8 10 10 11 7 7 11 11 14 25 25 28 33 33 32 32 26 42 42 38
 25 25 17 16 16 15 14 14 16 16 9 8 8 8 10 10 5 5 9 9 9 8 9 9 12 12 10 9 9 10 8 8 10 10 10 15 15 19 23 23 15 15 17 26 26 25
 25 25 17 16 16 15 14 14 16 16 9 8 8 8 10 10 5 5 9 9 9 8 9 9 12 12 10 9 9 10 8 8 10 10 10 15 15 19 23 23 15 15 17 26 26 25
 14 14 18 16 16 15 17 17 17 17 9 10 10 8 6 6 6 6 8 11 11 21 25 25 33 33 17 11 11 10 9 9 10 10 7 13 13 13 12 12 16 16 21 31 31 27
 22 22 21 15 15 15 17 17 16 16 12 11 11 9 12 12 12 12 9 19 19 30 27 27 36 36 18 13 13 11 6 6 8 8 10 12 12 11 12 12 15 15 22 30 30 34
 22 22 21 15 15 15 17 17 16 16 12 11 11 9 12 12 12 12 9 19 19 30 27 27 36 36 18 13 13 11 6 6 8 8 10 12 12 11 12 12 15 15 22 30 30 34
 19 19 19 13 13 12 13 13 15 15 10 14 14 37 38 38 11 11 10 21 21 40 33 33 41 41 20 14 14 13 10 10 10 10 10 10 10 11 18 18 22 22 22 40 40 37
 17 17 19 13 13 8 12 12 16 16 8 13 13 39 39 39 14 14 10 21 21 40 23 23 41 41 21 21 21 17 17 17 18 18 16 15 15 16 18 18 26 26 26 27 27 41
 17 17 19 13 13 8 12 12 16 16 8 13 13 39 39 39 14 14 10 21 21 40 23 23 41 41 21 21 21 17 17 17 18 18 16 15 15 16 18 18 26 26 26 27 27 41
 14 14 14 9 9 10 12 12 13 13 7 7 7 8 9 9 7 7 7 15 15 22 25 25 40 40 28 22 22 20 20 20 22 22 24 25 25 20 25 25 29 29 29 28 28 32
 14 14 14 9 9 10 12 12 13 13 7 7 7 8 9 9 7 7 7 15 15 22 25 25 40 40 28 22 22 20 20 20 22 22 24 25 25 20 25 25 29 29 29 28 28 32
 6 6 7 6 6 8 6 6 7 7 7 8 8 9 9 9 10 10 6 11 11 14 20 20 21 21 21 16 16 18 20 20 20 20 20 16 16 20 27 27 28 28 30 22 22 25
 3 3 3 5 5 5 5 5 5 5 6 8 8 9 10 10 9 9 11 11 11 13 16 16 14 14 15 14 14 15 17 17 18 18 17 16 16 23 28 28 27 27 28 25 25 26
 3 3 3 5 5 5 5 5 5 5 6 8 8 9 10 10 9 9 11 11 11 13 16 16 14 14 15 14 14 15 17 17 18 18 17 16 16 23 28 28 27 27 28 25 25 26
 1 1 1 3 3 3 5 5 4 4 5 7 7 7 10 10 9 9 10 10 10 13 13 13 12 12 15 11 11 12 14 14 16 16 15 18 18 24 22 22 25 25 23 27 27 28
 1 1 2 1 1 1 2 2 3 3 5 6 6 7 8 8 6 6 12 12 12 10 8 8 24 24 25 24 24 23 25 25 13 13 13 15 15 22 23 23 25 25 23 27 27 27
 1 1 2 1 1 1 2 2 3 3 5 6 6 7 8 8 6 6 12 12 12 10 8 8 24 24 25 24 24 23 25 25 13 13 13 15 15 22 23 23 25 25 23 27 27 27
 1 1 3 1 1 1 2 2 1 1 3 5 5 6 6 6 7 7 8 2 2 5 6 6 23 23 26 22 22 19 20 20 14 14 13 17 17 20 23 23 24 24 31 26 26 29
 1 1 3 1 1 1 2 2 1 1 3 5 5 6 6 6 7 7 8 2 2 5 6 6 23 23 26 22 22 19 20 20 14 14 13 17 17 20 23 23 24 24 31 26 26 29
 1 1 1 1 1 1 1 1 1 1 1 6 6 6 8 8 8 8 10 4 4 2 3 3 10 10 15 15 15 18 21 21 14 14 14 17 17 22 23 23 21 21 22 22 22 26
 1 1 2 1 1 1 1 1 1 1 2 2 2 6 8 8 8 8 11 9 9 6 4 4 3 3 6 10 10 8 14 14 12 12 15 20 20 20 26 26 21 21 22 21 21 39
 1 1 2 1 1 1 1 1 1 1 2 2 2 6 8 8 8 8 11 9 9 6 4 4 3 3 6 10 10 8 14 14 12 12 15 20 20 20 26 26 21 21 22 21 21 39
 1 1 1 1 1 1 1 1 1 1 1 1 1 5 6 6 7 7 9 11 11 13 10 10 8 8 8 11 11 4 11 11 12 12 13 14 14 8 16 16 20 20 37 17 17 17
 1 1 1 1 1 1 0 0 1 1 2 2 2 9 9 9 12 12 5 9 9 10 8 8 9 9 6 4 4 5 7 7 10 10 13 15 15 11 12 12 10 10 39 15 15 9
 1 1 1 1 1 1 0 0 1 1 2 2 2 9 9 9 12 12 5 9 9 10 8 8 9 9 6 4 4 5 7 7 10 10 13 15 15 11 12 12 10 10 39 15 15 9
 2 2 1 1 1 0 0 0 0 0 2 2 2 8 6 6 4 4 4 4 4 3 4 4 4 4 4 3 3 5 9 9 7 7 12 14 14 9 8 8 9 9 9 12 12 8
 2 2 1 1 1 0 0 0 0 0 2 2 2 8 6 6 4 4 4 4 4 3 4 4 4 4 4 3 3 5 9 9 7 7 12 14 14 9 8 8 9 9 9 12 12 8
 2 2 1 1 1 1 1 1 1 1 1 1 1 6 7 7 4 4 3 3 3 3 6 6 3 3 4 5 5 7 8 8 4 4 13 12 12 8 5 5 4 4 3 3 3 1
 10 10 4 1 1 3 2 2 3 3 1 0 0 1 2 2 2 2 1 1 1 1 3 3 3 3 4 5 5 4 5 5 8 8 11 10 10 6 3 3 5 5 6 8 8 2
 10 10 4 1 1 3 2 2 3 3 1 0 0 1 2 2 2 2 1 1 1 1 3 3 3 3 4 5 5 4 5 5 8 8 11 10 10 6 3 3 5 5 6 8 8 2
 10 10 9 18 18 4 3 3 3 3 2 2 2 2 1 1 1 1 1 1 1 1 1 1 2 2 2 2 2 4 5 5 7 7 14 12 12 9 5 5 10 10 10 17 17 17
 10 10 10 20 20 7 8 8 7 7 4 3 3 4 3 3 4 4 2 2 2 2 7 7 2 2 2 4 4 5 5 5 5 5 15 16 16 14 9 9 12 12 17 18 18 25
