assets/RAT_results_old/precipitation/2021-08-09_IMERG.asc
ncols        46
nrows        77
xllcorner    74.800261325624
yllcorner    8.058333333333
cellsize     0.062500000000
NODATA_value -9999
 1 1 1 0 0 5 1 1 0 0 0 0 0 0 0 0 0 0 0 0 0 1 1 1 1 1 1 0 0 0 1 1 1 1 1 1 1 2 1 1 2 2 2 2 2 3
 1 1 2 0 0 0 0 0 0 0 0 1 1 1 0 0 0 0 0 0 0 0 1 1 1 1 1 0 0 1 1 1 1 1 1 1 1 1 1 1 3 3 5 2 2 1
 1 1 2 0 0 0 0 0 0 0 0 1 1 1 0 0 0 0 0 0 0 0 1 1 1 1 1 0 0 1 1 1 1 1 1 1 1 1 1 1 3 3 5 2 2 1
 1 1 1 1 1 1 1 1 1 1 1 2 2 1 0 0 0 0 0 0 0 0 0 0 0 0 0 1 1 1 0 0 0 0 1 1 1 1 0 0 1 1 1 1 1 1
 0 0 1 2 2 1 1 1 1 1 1 2 2 0 0 0 0 0 0 0 0 0 0 0 0 0 0 0 0 0 0 0 0 0 0 0 0 0 1 1 1 1 1 1 1 0
 0 0 1 2 2 1 1 1 1 1 1 2 2 0 0 0 0 0 0 0 0 0 0 0 0 0 0 0 0 0 0 0 0 0 0 0 0 0 1 1 1 1 1 1 1 0
 0 0 0 1 1 7 4 4 0 0 0 0 0 0 0 0 0 0 1 0 0 0 0 0 0 0 0 0 0 1 0 0 0 0 0 0 0 0 0 0 0 0 0 0 0 0
 0 0 0 1 1 7 4 4 0 0 0 0 0 0 0 0 0 0 1 0 0 0 0 0 0 0 0 0 0 1 0 0 0 0 0 0 0 0 0 0 0 0 0 0 0 0
 0 0 0 1 1 1 5 5 2 2 1 0 0 0 0 0 0 0 0 0 0 0 1 1 1 1 1 1 1 2 1 1 0 0 0 0 0 0 0 0 0 0 0 0 0 0
 1 1 0 1 1 5 6 6 1 1 4 1 1 0 0 0 0 0 0 0 0 0 1 1 2 2 2 3 3 3 2 2 2 2 0 0 0 0 0 0 0 0 0 0 0 0
 1 1 0 1 1 5 6 6 1 1 4 1 1 0 0 0 0 0 0 0 0 0 1 1 2 2 2 3 3 3 2 2 2 2 0 0 0 0 0 0 0 0 0 0 0 0
 2 2 2 0 0 2 7 7 0 0 3 3 3 1 0 0 0 0 0 0 0 1 1 1 1 1 1 1 1 3 2 2 2 2 1 0 0 0 0 0 0 0 0 0 0 0
 0 0 2 0 0 1 2 2 0 0 0 1 1 3 3 3 1 1 0 1 1 1 2 2 1 1 1 1 1 3 2 2 2 2 1 1 1 0 1 1 0 0 0 0 0 4
 0 0 2 0 0 1 2 2 0 0 0 1 1 3 3 3 1 1 0 1 1 1 2 2 1 1 1 1 1 3 2 2 2 2 1 1 1 0 1 1 0 0 0 0 0 4
 0 0 1 1 1 0 1 1 2 2 0 0 0 0 0 0 0 0 0 0 0 0 0 0 0 0 0 0 0 1 1 1 1 1 0 2 2 1 8 8 0 0 0 0 0 1
 0 0 1 1 1 0 1 1 2 2 0 0 0 0 0 0 0 0 0 0 0 0 0 0 0 0 0 0 0 1 1 1 1 1 0 2 2 1 8 8 0 0 0 0 0 1
 2 2 1 2 2 0 0 0 1 1 1 1 1 1 0 0 0 0 0 0 0 0 0 0 0 0 0 0 0 0 0 0 0 0 0 0 0 1 9 9 4 4 1 0 0 0
 2 2 2 0 0 0 0 0 0 0 1 1 1 1 0 0 0 0 1 0 0 0 1 1 0 0 0 0 0 0 0 0 0 0 0 0 0 0 0 0 3 3 1 1 1 0
 2 2 2 0 0 0 0 0 0 0 1 1 1 1 0 0 0 0 1 0 0 0 1 1 0 0 0 0 0 0 0 0 0 0 0 0 0 0 0 0 3 3 1 1 1 0
 2 2 2 2 2 2 1 1 1 1 0 1 1 1 0 0 0 0 1 1 1 1 1 1 1 1 0 0 0 0 0 0 0 0 0 1 1 1 1 1 1 1 2 2 2 2
 3 3 3 6 6 7 8 8 7 7 0 1 1 2 5 5 0 0 2 2 2 0 1 1 1 1 1 1 1 1 1 1 2 2 3 0 0 0 0 0 2 2 6 18 18 13
 3 3 3 6 6 7 8 8 7 7 0 1 1 2 5 5 0 0 2 2 2 0 1 1 1 1 1 1 1 1 1 1 2 2 3 0 0 0 0 0 2 2 6 18 18 13
 4 4 3 12 12 10 17 17 14 14 8 3 3 5 2 2 0 0 1 1 1 1 2 2 3 3 2 2 2 3 3 3 4 4 4 1 1 1 1 1 1 1 1 0 0 0
 4 4 3 12 12 10 17 17 14 14 8 3 3 5 2 2 0 0 1 1 1 1 2 2 3 3 2 2 2 3 3 3 4 4 4 1 1 1 1 1 1 1 1 0 0 0
 4 4 4 8 8 14 20 20 9 9 11 9 9 7 6 6 3 3 0 0 0 0 0 0 0 0 0 0 0 1 0 0 1 1 1 1 1 0 0 0 0 0 0 0 0 1
 5 5 9 8 8 14 28 28 10 10 8 9 9 4 4 4 3 3 1 1 1 1 0 0 0 0 0 0 0 0 0 0 0 0 0 0 0 0 0 0 0 0 0 0 0 0
 5 5 9 8 8 14 28 28 10 10 8 9 9 4 4 4 3 3 1 1 1 1 0 0 0 0 0 0 0 0 0 0 0 0 0 0 0 0 0 0 0 0 0 0 0 0
 7 7 9 7 7 17 24 24 20 20 12 14 14 12 10 10 8 8 1 0 0 0 0 0 0 0 0 0 0 0 0 0 0 0 0 0 0 0 0 0 0 0 0 0 0 0
 8 8 12 11 11 17 20 20 21 21 16 19 19 31 21 21 14 14 1 1 1 0 0 0 0 0 0 0 0 0 0 0 0 0 0 0 0 0 0 0 0 0 0 0 0 0
 8 8 12 11 11 17 20 20 21 21 16 19 19 31 21 21 14 14 1 1 1 0 0 0 0 0 0 0 0 0 0 0 0 0 0 0 0 0 0 0 0 0 0 0 0 0
 8 8 9 11 11 17 19 19 21 21 19 29 29 31 27 27 21 21 6 4 4 9 1 1 1 1 1 0 0 0 0 0 0 0 0 0 0 0 0 0 0 0 0 0 0 0
 8 8 9 11 11 17 19 19 21 21 19 29 29 31 27 27 21 21 6 4 4 9 1 1 1 1 1 0 0 0 0 0 0 0 0 0 0 0 0 0 0 0 0 0 0 0
 10 10 8 9 9 14 17 17 18 18 27 35 35 49 36 36 13 13 14 6 6 10 8 8 4 4 5 4 4 1 1 1 1 1 1 1 1 1 1 1 1 1 1 1 1 1
 11 11 11 9 9 15 13 13 20 20 30 36 36 54 50 50 11 11 11 5 5 4 8 8 3 3 4 2 2 2 2 2 2 2 2 2 2 2 2 2 2 2 2 1 1 1
 11 11 11 9 9 15 13 13 20 20 30 36 36 54 50 50 11 11 11 5 5 4 8 8 3 3 4 2 2 2 2 2 2 2 2 2 2 2 2 2 2 2 2 1 1 1
 10 10 7 6 6 9 13 13 14 14 15 16 16 39 46 46 14 14 12 9 9 5 6 6 5 5 3 2 2 2 2 2 2 2 3 2 2 2 3 3 2 2 1 1 1 1
 7 7 6 4 4 7 9 9 13 13 11 13 13 19 57 57 25 25 15 20 20 25 6 6 4 4 2 2 2 2 1 1 2 2 2 1 1 1 1 1 2 2 3 1 1 3
 7 7 6 4 4 7 9 9 13 13 11 13 13 19 57 57 25 25 15 20 20 25 6 6 4 4 2 2 2 2 1 1 2 2 2 1 1 1 1 1 2 2 3 1 1 3
 6 6 5 2 2 4 6 6 7 7 8 15 15 23 27 27 34 34 22 19 19 27 9 9 9 9 5 3 3 2 2 2 4 4 5 10 10 12 9 9 7 7 5 2 2 1
 6 6 5 2 2 4 6 6 7 7 8 15 15 23 27 27 34 34 22 19 19 27 9 9 9 9 5 3 3 2 2 2 4 4 5 10 10 12 9 9 7 7 5 2 2 1
 4 4 3 2 2 3 4 4 5 5 6 7 7 18 27 27 22 22 29 22 22 17 18 18 11 11 10 6 6 5 5 5 7 7 12 18 18 17 11 11 3 3 2 1 1 0
 4 4 3 3 3 3 2 2 3 3 5 8 8 12 9 9 19 19 29 38 38 28 30 30 36 36 16 7 7 10 6 6 7 7 7 7 7 16 13 13 7 7 4 4 4 1
 4 4 3 3 3 3 2 2 3 3 5 8 8 12 9 9 19 19 29 38 38 28 30 30 36 36 16 7 7 10 6 6 7 7 7 7 7 16 13 13 7 7 4 4 4 1
 3 3 2 3 3 3 3 3 4 4 4 3 3 4 2 2 10 10 18 27 27 13 16 16 34 34 12 10 10 14 8 8 10 10 6 6 6 6 7 7 7 7 4 2 2 2
 7 7 7 6 6 4 5 5 6 6 4 5 5 6 5 5 5 5 8 19 19 14 14 14 14 14 9 9 9 14 10 10 8 8 8 8 8 5 5 5 5 5 10 15 15 11
 7 7 7 6 6 4 5 5 6 6 4 5 5 6 5 5 5 5 8 19 19 14 14 14 14 14 9 9 9 14 10 10 8 8 8 8 8 5 5 5 5 5 10 15 15 11
 7 7 10 9 9 8 5 5 5 5 5 7 7 9 7 7 5 5 6 15 15 17 22 22 17 17 17 12 12 12 16 16 11 11 11 10 10 9 8 8 7 7 10 23 23 21
 7 7 10 9 9 8 5 5 5 5 5 7 7 9 7 7 5 5 6 15 15 17 22 22 17 17 17 12 12 12 16 16 11 11 11 10 10 9 8 8 7 7 10 23 23 21
 7 7 9 8 8 10 6 6 8 8 7 6 6 4 3 3 4 4 5 8 8 21 15 15 19 19 16 15 15 9 12 12 11 11 13 10 10 9 9 9 10 10 14 22 22 13
 8 8 10 9 9 11 9 9 9 9 8 9 9 5 4 4 1 1 1 2 2 6 15 15 16 16 26 14 14 7 8 8 12 12 9 10 10 6 6 6 7 7 8 18 18 18
 8 8 10 9 9 11 9 9 9 9 8 9 9 5 4 4 1 1 1 2 2 6 15 15 16 16 26 14 14 7 8 8 12 12 9 10 10 6 6 6 7 7 8 18 18 18
 8 8 10 9 9 11 12 12 14 14 12 11 11 5 5 5 0 0 0 0 0 2 5 5 15 15 24 24 24 16 17 17 8 8 6 6 6 3 3 3 4 4 4 2 2 1
 12 12 12 10 10 12 12 12 14 14 12 12 12 7 6 6 1 1 0 0 0 1 2 2 5 5 23 1 1 1 11 11 5 5 3 1 1 1 1 1 1 1 1 0 0 0
 12 12 12 10 10 12 12 12 14 14 12 12 12 7 6 6 1 1 0 0 0 1 2 2 5 5 23 1 1 1 11 11 5 5 3 1 1 1 1 1 1 1 1 0 0 0
 12 12 13 11 11 12 11 11 15 15 13 12 12 9 8 8 3 3 2 3 3 3 2 2 2 2 3 1 1 1 3 3 13 13 5 2 2 1 1 1 0 0 0 0 0 0
 12 12 13 11 11 12 11 11 15 15 13 12 12 9 8 8 3 3 2 3 3 3 2 2 2 2 3 1 1 1 3 3 13 13 5 2 2 1 1 1 0 0 0 0 0 0
 10 10 8 11 11 9 11 11 12 12 12 10 10 8 10 10 9 9 2 5 5 5 2 2 2 2 4 2 2 1 2 2 2 2 6 3 3 6 4 4 2 2 1 1 1 1
 7 7 6 8 8 8 8 8 11 11 10 10 10 9 7 7 10 10 8 6 6 2 2 2 1 1 3 2 2 1 6 6 8 8 2 7 7 3 2 2 3 3 3 1 1 0
 7 7 6 8 8 8 8 8 11 11 10 10 10 9 7 7 10 10 8 6 6 2 2 2 1 1 3 2 2 1 6 6 8 8 2 7 7 3 2 2 3 3 3 1 1 0
 8 8 7 8 8 7 8 8 9 9 10 8 8 7 6 6 8 8 9 7 7 2 1 1 0 0 2 3 3 2 0 0 3 3 6 6 6 0 0 0 1 1 1 0 0 0
 6 6 8 8 8 7 8 8 8 8 11 9 9 8 7 7 8 8 5 7 7 2 4 4 0 0 0 2 2 1 0 0 1 1 0 3 3 1 1 1 0 0 0 0 0 0
 6 6 8 8 8 7 8 8 8 8 11 9 9 8 7 7 8 8 5 7 7 2 4 4 0 0 0 2 2 1 0 0 1 1 0 3 3 1 1 1 0 0 0 0 0 0
 6 6 7 7 7 6 7 7 7 7 12 10 10 6 7 7 7 7 5 5 5 4 4 4 0 0 0 1 1 2 1 1 0 0 1 1 1 2 0 0 0 0 0 0 0 0
 6 6 7 7 7 6 7 7 7 7 12 10 10 6 7 7 7 7 5 5 5 4 4 4 0 0 0 1 1 2 1 1 0 0 1 1 1 2 0 0 0 0 0 0 0 0
 9 9 10 6 6 5 6 6 5 5 10 8 8 7 6 6 7 7 4 3 3 2 2 2 1 1 0 0 0 1 2 2 0 0 0 0 0 1 0 0 0 0 0 0 0 0
 14 14 11 5 5 5 11 11 6 6 13 11 11 9 14 14 9 9 7 3 3 3 3 3 2 2 1 1 1 3 3 3 1 1 1 0 0 0 1 1 3 3 1 0 0 0
 14 14 11 5 5 5 11 11 6 6 13 11 11 9 14 14 9 9 7 3 3 3 3 3 2 2 1 1 1 3 3 3 1 1 1 0 0 0 1 1 3 3 1 0 0 0
 19 19 17 5 5 3 8 8 10 10 9 20 20 19 19 19 15 15 7 6 6 4 2 2 2 2 2 3 3 2 4 4 3 3 2 2 2 2 1 1 3 3 0 0 0 0
 16 16 13 3 3 8 10 10 18 18 25 28 28 24 23 23 15 15 13 7 7 12 3 3 3 3 3 4 4 1 1 1 2 2 3 4 4 3 1 1 3 3 1 1 1 1
 16 16 13 3 3 8 10 10 18 18 25 28 28 24 23 23 15 15 13 7 7 12 3 3 3 3 3 4 4 1 1 1 2 2 3 4 4 3 1 1 3 3 1 1 1 1
 42 42 18 5 5 7 7 7 15 15 25 25 25 24 22 22 16 16 14 16 16 12 6 6 2 2 1 1 1 2 0 0 0 0 2 3 3 1 0 0 1 1 0 1 1 0
 42 42 18 5 5 7 7 7 15 15 25 25 25 24 22 22 16 16 14 16 16 12 6 6 2 2 1 1 1 2 0 0 0 0 2 3 3 1 0 0 1 1 0 1 1 0
 42 42 24 24 24 16 7 7 11 11 14 13 13 22 19 19 18 18 18 15 15 12 8 8 3 3 4 1 1 1 0 0 0 0 0 1 1 1 0 0 0 0 0 0 0 0
 44 44 31 31 31 25 16 16 13 13 12 22 22 18 16 16 15 15 15 16 16 12 9 9 8 8 4 2 2 2 0 0 0 0 0 0 0 1 1 1 0 0 0 0 0 0
 44 44 31 31 31 25 16 16 13 13 12 22 22 18 16 16 15 15 15 16 16 12 9 9 8 8 4 2 2 2 0 0 0 0 0 0 0 1 1 1 0 0 0 0 0 0
 49 49 35 31 31 25 17 17 10 10 10 12 12 19 16 16 16 16 13 15 15 12 8 8 7 7 6 4 4 2 0 0 0 0 0 0 0 0 0 0 1 1 1 0 0 0
 35 35 36 25 25 25 16 16 13 13 7 10 10 19 19 19 18 18 10 11 11 12 11 11 9 9 7 3 3 2 2 2 0 0 0 0 0 0 0 0 0 0 0 0 0 0
