assets/RAT_results_old/precipitation/2021-05-07_IMERG.asc
ncols        46
nrows        77
xllcorner    74.800261325624
yllcorner    8.058333333333
cellsize     0.062500000000
NODATA_value -9999
 41 41 15 14 14 34 15 15 16 16 10 7 7 9 8 8 9 9 19 11 11 7 6 6 6 6 4 16 16 1 5 5 1 1 0 1 1 1 0 0 0 0 0 0 0 0
 10 10 10 14 14 16 32 32 55 55 57 26 26 23 8 8 7 7 30 9 9 7 7 7 9 9 8 6 6 4 8 8 5 5 0 0 0 0 0 0 0 0 0 0 0 0
 10 10 10 14 14 16 32 32 55 55 57 26 26 23 8 8 7 7 30 9 9 7 7 7 9 9 8 6 6 4 8 8 5 5 0 0 0 0 0 0 0 0 0 0 0 0
 10 10 11 17 17 19 35 35 35 35 25 77 77 40 9 9 7 7 31 9 9 5 8 8 13 13 15 12 12 8 4 4 1 1 0 0 0 0 0 0 0 0 0 0 0 0
 15 15 14 18 18 18 22 22 23 23 27 24 24 16 8 8 5 5 5 8 8 11 19 19 26 26 25 19 19 7 2 2 0 0 0 0 0 0 0 0 0 0 0 0 0 0
 15 15 14 18 18 18 22 22 23 23 27 24 24 16 8 8 5 5 5 8 8 11 19 19 26 26 25 19 19 7 2 2 0 0 0 0 0 0 0 0 0 0 0 0 0 0
 15 15 13 18 18 20 26 26 39 39 27 17 17 14 8 8 5 5 4 7 7 12 18 18 21 21 20 13 13 6 2 2 0 0 0 0 0 0 0 0 0 0 0 0 0 0
 15 15 13 18 18 20 26 26 39 39 27 17 17 14 8 8 5 5 4 7 7 12 18 18 21 21 20 13 13 6 2 2 0 0 0 0 0 0 0 0 0 0 0 0 0 0
 16 16 22 18 18 19 20 20 32 32 25 15 15 10 7 7 5 5 4 6 6 9 14 14 16 16 13 10 10 3 1 1 0 0 0 2 2 0 0 0 0 0 0 0 0 0
 15 15 21 21 21 25 24 24 32 32 20 10 10 13 13 13 13 13 5 6 6 8 10 10 9 9 6 3 3 1 0 0 0 0 0 2 2 0 0 0 0 0 0 0 0 0
 15 15 21 21 21 25 24 24 32 32 20 10 10 13 13 13 13 13 5 6 6 8 10 10 9 9 6 3 3 1 0 0 0 0 0 2 2 0 0 0 0 0 0 0 0 0
 15 15 21 24 24 25 21 21 20 20 15 27 27 35 23 23 7 7 4 5 5 6 5 5 3 3 2 1 1 0 0 0 0 0 0 0 0 0 0 0 0 0 0 0 0 0
 9 9 11 23 23 18 18 18 12 12 8 18 18 23 17 17 24 24 2 3 3 4 2 2 1 1 1 1 1 0 0 0 0 0 0 0 0 0 0 0 0 0 0 0 0 0
 9 9 11 23 23 18 18 18 12 12 8 18 18 23 17 17 24 24 2 3 3 4 2 2 1 1 1 1 1 0 0 0 0 0 0 0 0 0 0 0 0 0 0 0 0 0
 10 10 4 5 5 5 8 8 6 6 6 7 7 13 13 13 10 10 2 2 2 2 2 2 1 1 1 1 1 1 0 0 0 0 0 0 0 0 0 0 0 0 0 0 0 0
 10 10 4 5 5 5 8 8 6 6 6 7 7 13 13 13 10 10 2 2 2 2 2 2 1 1 1 1 1 1 0 0 0 0 0 0 0 0 0 0 0 0 0 0 0 0
 2 2 2 4 4 3 3 3 8 8 7 5 5 34 10 10 24 24 2 3 3 4 6 6 6 6 2 1 1 1 0 0 0 0 0 0 0 0 0 0 1 1 0 0 0 0
 2 2 3 4 4 4 3 3 3 3 5 4 4 8 10 10 25 25 12 12 12 11 12 12 9 9 6 2 2 0 0 0 0 0 0 0 0 0 0 0 0 0 0 0 0 0
 2 2 3 4 4 4 3 3 3 3 5 4 4 8 10 10 25 25 12 12 12 11 12 12 9 9 6 2 2 0 0 0 0 0 0 0 0 0 0 0 0 0 0 0 0 0
 2 2 5 9 9 7 3 3 2 2 3 6 6 7 11 11 13 13 14 4 4 7 26 26 3 3 5 0 0 0 0 0 0 0 1 0 0 0 0 0 0 0 0 0 0 1
 4 4 7 10 10 5 2 2 3 3 6 5 5 5 7 7 1 1 6 2 2 5 7 7 1 1 0 0 0 0 0 0 0 0 0 0 0 1 2 2 1 1 0 0 0 6
 4 4 7 10 10 5 2 2 3 3 6 5 5 5 7 7 1 1 6 2 2 5 7 7 1 1 0 0 0 0 0 0 0 0 0 0 0 1 2 2 1 1 0 0 0 6
 8 8 7 8 8 3 2 2 3 3 7 8 8 3 5 5 15 15 13 18 18 5 7 7 14 14 7 0 0 0 0 0 0 0 1 0 0 0 1 1 1 1 1 1 1 5
 8 8 7 8 8 3 2 2 3 3 7 8 8 3 5 5 15 15 13 18 18 5 7 7 14 14 7 0 0 0 0 0 0 0 1 0 0 0 1 1 1 1 1 1 1 5
 11 11 8 5 5 4 2 2 2 2 2 4 4 3 6 6 11 11 18 22 22 6 15 15 34 34 5 2 2 0 1 1 0 0 1 0 0 0 0 0 0 0 0 0 0 3
 10 10 8 5 5 4 2 2 2 2 2 4 4 2 4 4 7 7 10 6 6 10 15 15 22 22 16 0 0 1 1 1 2 2 0 13 13 16 10 10 9 9 0 1 1 0
 10 10 8 5 5 4 2 2 2 2 2 4 4 2 4 4 7 7 10 6 6 10 15 15 22 22 16 0 0 1 1 1 2 2 0 13 13 16 10 10 9 9 0 1 1 0
 7 7 6 5 5 11 8 8 2 2 1 1 1 2 5 5 10 10 18 9 9 5 14 14 5 5 0 11 11 13 5 5 3 3 3 17 17 16 10 10 3 3 1 6 6 2
 3 3 3 4 4 4 3 3 2 2 1 1 1 29 8 8 9 9 8 6 6 3 16 16 2 2 2 12 12 28 11 11 4 4 2 1 1 7 4 4 3 3 7 7 7 10
 3 3 3 4 4 4 3 3 2 2 1 1 1 29 8 8 9 9 8 6 6 3 16 16 2 2 2 12 12 28 11 11 4 4 2 1 1 7 4 4 3 3 7 7 7 10
 1 1 1 1 1 1 1 1 1 1 1 4 4 9 8 8 18 18 4 12 12 19 16 16 15 15 7 16 16 17 4 4 2 2 1 8 8 5 2 2 7 7 7 8 8 8
 1 1 1 1 1 1 1 1 1 1 1 4 4 9 8 8 18 18 4 12 12 19 16 16 15 15 7 16 16 17 4 4 2 2 1 8 8 5 2 2 7 7 7 8 8 8
 1 1 1 1 1 1 1 1 1 1 2 4 4 6 8 8 20 20 7 3 3 6 16 16 4 4 6 2 2 14 3 3 1 1 2 11 11 10 5 5 11 11 11 13 13 7
 1 1 0 1 1 1 1 1 2 2 2 2 2 1 2 2 7 7 9 3 3 9 5 5 5 5 8 12 12 1 2 2 1 1 4 14 14 11 14 14 15 15 13 15 15 11
 1 1 0 1 1 1 1 1 2 2 2 2 2 1 2 2 7 7 9 3 3 9 5 5 5 5 8 12 12 1 2 2 1 1 4 14 14 11 14 14 15 15 13 15 15 11
 1 1 0 1 1 1 1 1 2 2 1 1 1 0 1 1 2 2 3 15 15 8 7 7 5 5 14 8 8 9 2 2 1 1 4 13 13 7 7 7 7 7 9 4 4 2
 0 0 0 1 1 1 1 1 1 1 1 0 0 0 1 1 2 2 5 26 26 6 7 7 5 5 6 7 7 2 3 3 3 3 3 4 4 2 11 11 5 5 3 0 0 0
 0 0 0 1 1 1 1 1 1 1 1 0 0 0 1 1 2 2 5 26 26 6 7 7 5 5 6 7 7 2 3 3 3 3 3 4 4 2 11 11 5 5 3 0 0 0
 1 1 1 1 1 1 1 1 1 1 0 1 1 0 1 1 1 1 14 35 35 20 21 21 8 8 1 1 1 2 2 2 9 9 4 6 6 3 4 4 1 1 0 0 0 0
 1 1 1 1 1 1 1 1 1 1 0 1 1 0 1 1 1 1 14 35 35 20 21 21 8 8 1 1 1 2 2 2 9 9 4 6 6 3 4 4 1 1 0 0 0 0
 0 0 1 1 1 1 1 1 0 0 0 1 1 0 0 0 2 2 13 11 11 14 9 9 8 8 4 2 2 2 5 5 8 8 8 1 1 6 4 4 2 2 1 0 0 0
 1 1 1 0 0 1 0 0 1 1 0 0 0 0 20 20 0 0 5 18 18 14 10 10 8 8 8 5 5 2 4 4 7 7 7 2 2 6 6 6 6 6 7 9 9 6
 1 1 1 0 0 1 0 0 1 1 0 0 0 0 20 20 0 0 5 18 18 14 10 10 8 8 8 5 5 2 4 4 7 7 7 2 2 6 6 6 6 6 7 9 9 6
 0 0 1 1 1 1 1 1 1 1 1 0 0 0 0 0 7 7 9 6 6 6 9 9 8 8 12 12 12 5 4 4 10 10 12 3 3 6 4 4 7 7 10 4 4 5
 0 0 1 1 1 1 2 2 2 2 1 1 1 0 0 0 8 8 13 3 3 3 7 7 8 8 8 7 7 6 6 6 10 10 10 2 2 1 1 1 3 3 0 0 0 0
 0 0 1 1 1 1 2 2 2 2 1 1 1 0 0 0 8 8 13 3 3 3 7 7 8 8 8 7 7 6 6 6 10 10 10 2 2 1 1 1 3 3 0 0 0 0
 1 1 1 3 3 4 3 3 3 3 2 2 2 1 0 0 1 1 1 3 3 5 3 3 6 6 5 20 20 7 3 3 4 4 4 1 1 0 0 0 0 0 0 0 0 0
 1 1 1 3 3 4 3 3 3 3 2 2 2 1 0 0 1 1 1 3 3 5 3 3 6 6 5 20 20 7 3 3 4 4 4 1 1 0 0 0 0 0 0 0 0 0
 1 1 1 1 1 3 3 3 4 4 2 1 1 1 0 0 1 1 2 2 2 4 4 4 27 27 18 22 22 8 12 12 11 11 4 0 0 0 0 0 0 0 0 0 0 0
 1 1 0 1 1 2 2 2 1 1 2 0 0 1 1 1 2 2 3 3 3 10 114 114 162 162 59 63 63 11 9 9 38 38 13 2 2 0 0 0 0 0 0 3 3 4
 1 1 0 1 1 2 2 2 1 1 2 0 0 1 1 1 2 2 3 3 3 10 114 114 162 162 59 63 63 11 9 9 38 38 13 2 2 0 0 0 0 0 0 3 3 4
 1 1 1 2 2 2 3 3 1 1 3 1 1 1 2 2 3 3 3 8 8 117 119 119 160 160 70 60 60 6 41 41 54 54 36 1 1 0 1 1 1 1 0 3 3 4
 2 2 2 3 3 5 4 4 4 4 3 4 4 2 4 4 4 4 3 53 53 55 107 107 70 70 73 23 23 6 22 22 19 19 16 0 0 1 1 1 1 1 1 4 4 4
 2 2 2 3 3 5 4 4 4 4 3 4 4 2 4 4 4 4 3 53 53 55 107 107 70 70 73 23 23 6 22 22 19 19 16 0 0 1 1 1 1 1 1 4 4 4
 2 2 4 4 4 6 6 6 6 6 4 4 4 4 6 6 5 5 3 52 52 67 108 108 62 62 31 8 8 12 24 24 19 19 13 14 14 5 3 3 6 6 1 1 1 3
 2 2 4 4 4 6 6 6 6 6 4 4 4 4 6 6 5 5 3 52 52 67 108 108 62 62 31 8 8 12 24 24 19 19 13 14 14 5 3 3 6 6 1 1 1 3
 4 4 4 7 7 6 6 6 7 7 4 5 5 5 4 4 4 4 3 9 9 76 57 57 59 59 30 15 15 11 9 9 9 9 15 7 7 5 4 4 4 4 1 2 2 5
 4 4 5 6 6 6 6 6 6 6 5 5 5 5 3 3 4 4 5 9 9 74 30 30 32 32 22 18 18 1 4 4 3 3 7 4 4 6 7 7 3 3 3 3 3 4
 4 4 5 6 6 6 6 6 6 6 5 5 5 5 3 3 4 4 5 9 9 74 30 30 32 32 22 18 18 1 4 4 3 3 7 4 4 6 7 7 3 3 3 3 3 4
 4 4 4 5 5 5 5 5 4 4 4 4 4 4 3 3 2 2 4 7 7 35 31 31 42 42 25 4 4 2 1 1 2 2 9 6 6 6 7 7 8 8 6 4 4 4
 4 4 3 4 4 3 3 3 2 2 2 2 2 3 4 4 3 3 3 5 5 6 10 10 32 32 15 13 13 11 5 5 10 10 5 10 10 10 10 10 8 8 4 3 3 2
 4 4 3 4 4 3 3 3 2 2 2 2 2 3 4 4 3 3 3 5 5 6 10 10 32 32 15 13 13 11 5 5 10 10 5 10 10 10 10 10 8 8 4 3 3 2
 4 4 3 3 3 2 2 2 1 1 1 1 1 2 6 6 2 2 1 2 2 6 11 11 18 18 14 16 16 12 11 11 11 11 11 11 11 8 12 12 14 14 7 2 2 1
 4 4 3 3 3 2 2 2 1 1 1 1 1 2 6 6 2 2 1 2 2 6 11 11 18 18 14 16 16 12 11 11 11 11 11 11 11 8 12 12 14 14 7 2 2 1
 6 6 3 2 2 1 1 1 1 1 1 1 1 1 1 1 1 1 1 2 2 5 6 6 16 16 17 13 13 18 16 16 42 42 12 20 20 7 17 17 20 20 7 1 1 1
 6 6 3 1 1 5 2 2 2 2 2 1 1 1 2 2 2 2 2 2 2 3 5 5 8 8 23 11 11 13 17 17 24 24 40 21 21 7 13 13 21 21 18 2 2 0
 6 6 3 1 1 5 2 2 2 2 2 1 1 1 2 2 2 2 2 2 2 3 5 5 8 8 23 11 11 13 17 17 24 24 40 21 21 7 13 13 21 21 18 2 2 0
 4 4 2 1 1 5 2 2 3 3 2 2 2 2 1 1 2 2 2 2 2 2 4 4 7 7 16 15 15 22 20 20 41 41 27 18 18 13 14 14 10 10 10 0 0 0
 5 5 4 14 14 11 9 9 20 20 2 2 2 1 1 1 1 1 2 2 2 3 5 5 10 10 18 10 10 22 19 19 19 19 16 16 16 12 11 11 7 7 5 0 0 4
 5 5 4 14 14 11 9 9 20 20 2 2 2 1 1 1 1 1 2 2 2 3 5 5 10 10 18 10 10 22 19 19 19 19 16 16 16 12 11 11 7 7 5 0 0 4
 8 8 17 23 23 12 9 9 2 2 2 2 2 1 1 1 1 1 1 3 3 4 8 8 17 17 14 9 9 16 10 10 12 12 22 15 15 10 1 1 1 1 5 5 5 14
 8 8 17 23 23 12 9 9 2 2 2 2 2 1 1 1 1 1 1 3 3 4 8 8 17 17 14 9 9 16 10 10 12 12 22 15 15 10 1 1 1 1 5 5 5 14
 15 15 16 11 11 10 10 10 1 1 1 2 2 2 2 2 1 1 2 3 3 5 8 8 18 18 11 11 11 11 19 19 10 10 26 14 14 18 2 2 11 11 22 5 5 9
 14 14 15 11 11 3 1 1 1 1 1 1 1 2 2 2 1 1 1 3 3 5 9 9 8 8 9 12 12 12 13 13 9 9 8 2 2 15 3 3 7 7 0 0 0 0
 14 14 15 11 11 3 1 1 1 1 1 1 1 2 2 2 1 1 1 3 3 5 9 9 8 8 9 12 12 12 13 13 9 9 8 2 2 15 3 3 7 7 0 0 0 0
 6 6 5 3 3 2 2 2 2 2 2 2 2 2 1 1 1 1 1 3 3 4 6 6 11 11 15 16 16 6 8 8 4 4 3 1 1 1 3 3 2 2 0 1 1 6
 4 4 3 3 3 3 4 4 4 4 3 2 2 1 1 1 1 1 1 2 2 4 4 4 10 10 9 7 7 2 2 2 1 1 1 1 1 1 1 1 1 1 1 0 0 2
