assets/RAT_results_old/precipitation/2021-06-14_IMERG.asc
ncols        46
nrows        77
xllcorner    74.800261325624
yllcorner    8.058333333333
cellsize     0.062500000000
NODATA_value -9999
 41 41 38 39 39 40 48 48 43 43 39 36 36 26 27 27 25 25 14 9 9 8 7 7 5 5 3 2 2 2 2 2 3 3 2 2 2 2 1 1 2 2 2 2 2 2
 36 36 38 36 36 35 42 42 47 47 42 34 34 36 27 27 26 26 17 12 12 11 7 7 5 5 2 4 4 4 3 3 2 2 3 3 3 2 1 1 1 1 2 2 2 3
 36 36 38 36 36 35 42 42 47 47 42 34 34 36 27 27 26 26 17 12 12 11 7 7 5 5 2 4 4 4 3 3 2 2 3 3 3 2 1 1 1 1 2 2 2 3
 43 43 39 49 49 39 41 41 43 43 43 37 37 36 32 32 28 28 14 13 13 10 7 7 3 3 5 4 4 2 2 2 2 2 3 2 2 2 2 2 2 2 2 1 1 2
 37 37 33 36 36 46 34 34 33 33 44 35 35 34 36 36 37 37 17 14 14 8 8 8 6 6 3 3 3 4 4 4 3 3 2 2 2 2 2 2 2 2 1 1 1 1
 37 37 33 36 36 46 34 34 33 33 44 35 35 34 36 36 37 37 17 14 14 8 8 8 6 6 3 3 3 4 4 4 3 3 2 2 2 2 2 2 2 2 1 1 1 1
 27 27 25 34 34 44 37 37 34 34 33 32 32 33 38 38 34 34 24 22 22 18 13 13 8 8 5 6 6 6 3 3 3 3 3 3 3 3 3 3 2 2 2 2 2 3
 27 27 25 34 34 44 37 37 34 34 33 32 32 33 38 38 34 34 24 22 22 18 13 13 8 8 5 6 6 6 3 3 3 3 3 3 3 3 3 3 2 2 2 2 2 3
 15 15 23 33 33 47 40 40 38 38 43 39 39 34 31 31 35 35 29 23 23 13 14 14 11 11 9 7 7 5 5 5 3 3 4 4 4 4 5 5 3 3 4 5 5 3
 19 19 27 35 35 35 38 38 35 35 30 35 35 36 32 32 34 34 32 17 17 17 17 17 12 12 10 9 9 7 7 7 4 4 6 3 3 6 3 3 4 4 3 3 3 3
 19 19 27 35 35 35 38 38 35 35 30 35 35 36 32 32 34 34 32 17 17 17 17 17 12 12 10 9 9 7 7 7 4 4 6 3 3 6 3 3 4 4 3 3 3 3
 35 35 36 29 29 33 29 29 30 30 35 44 44 45 40 40 26 26 22 19 19 22 19 19 14 14 13 8 8 5 4 4 3 3 2 2 2 1 4 4 4 4 6 3 3 2
 36 36 34 25 25 23 24 24 28 28 30 40 40 36 36 36 34 34 20 17 17 21 16 16 14 14 14 5 5 3 3 3 5 5 4 1 1 2 4 4 5 5 4 1 1 1
 36 36 34 25 25 23 24 24 28 28 30 40 40 36 36 36 34 34 20 17 17 21 16 16 14 14 14 5 5 3 3 3 5 5 4 1 1 2 4 4 5 5 4 1 1 1
 15 15 15 11 11 16 20 20 20 20 26 28 28 30 32 32 33 33 21 18 18 14 18 18 16 16 16 9 9 7 7 7 4 4 5 3 3 3 6 6 6 6 2 1 1 2
 15 15 15 11 11 16 20 20 20 20 26 28 28 30 32 32 33 33 21 18 18 14 18 18 16 16 16 9 9 7 7 7 4 4 5 3 3 3 6 6 6 6 2 1 1 2
 11 11 12 8 8 13 14 14 25 25 25 21 21 25 32 32 28 28 25 14 14 14 15 15 10 10 15 10 10 8 9 9 6 6 8 4 4 3 6 6 6 6 3 2 2 3
 3 3 5 6 6 7 10 10 19 19 24 24 24 26 28 28 40 40 29 20 20 18 10 10 13 13 14 10 10 10 10 10 5 5 6 2 2 2 5 5 4 4 4 2 2 2
 3 3 5 6 6 7 10 10 19 19 24 24 24 26 28 28 40 40 29 20 20 18 10 10 13 13 14 10 10 10 10 10 5 5 6 2 2 2 5 5 4 4 4 2 2 2
 5 5 5 5 5 6 7 7 14 14 16 21 21 29 29 29 43 43 41 24 24 15 12 12 11 11 9 10 10 9 10 10 7 7 6 3 3 3 3 3 3 3 3 3 3 2
 13 13 3 20 20 19 6 6 11 11 20 24 24 30 34 34 38 38 28 24 24 22 14 14 13 13 9 9 9 12 10 10 8 8 6 3 3 2 1 1 1 1 1 2 2 2
 13 13 3 20 20 19 6 6 11 11 20 24 24 30 34 34 38 38 28 24 24 22 14 14 13 13 9 9 9 12 10 10 8 8 6 3 3 2 1 1 1 1 1 2 2 2
 16 16 15 21 21 15 13 13 14 14 23 32 32 39 48 48 49 49 30 29 29 13 13 13 12 12 9 9 9 13 13 13 11 11 8 2 2 2 1 1 1 1 1 1 1 1
 16 16 15 21 21 15 13 13 14 14 23 32 32 39 48 48 49 49 30 29 29 13 13 13 12 12 9 9 9 13 13 13 11 11 8 2 2 2 1 1 1 1 1 1 1 1
 13 13 22 30 30 22 17 17 23 23 25 38 38 50 47 47 42 42 40 24 24 16 14 14 16 16 11 10 10 10 12 12 10 10 5 2 2 1 1 1 0 0 0 0 0 0
 11 11 25 58 58 28 19 19 26 26 29 38 38 32 38 38 41 41 29 17 17 17 8 8 5 5 10 8 8 10 6 6 4 4 4 2 2 1 1 1 0 0 0 0 0 0
 11 11 25 58 58 28 19 19 26 26 29 38 38 32 38 38 41 41 29 17 17 17 8 8 5 5 10 8 8 10 6 6 4 4 4 2 2 1 1 1 0 0 0 0 0 0
 12 12 55 71 71 38 30 30 33 33 31 37 37 36 32 32 39 39 36 33 33 14 12 12 9 9 8 7 7 6 6 6 3 3 3 3 3 2 1 1 1 1 0 0 0 0
 13 13 39 62 62 42 44 44 41 41 27 17 17 25 36 36 34 34 53 54 54 21 19 19 10 10 11 9 9 9 6 6 4 4 3 3 3 3 2 2 0 0 0 1 1 0
 13 13 39 62 62 42 44 44 41 41 27 17 17 25 36 36 34 34 53 54 54 21 19 19 10 10 11 9 9 9 6 6 4 4 3 3 3 3 2 2 0 0 0 1 1 0
 12 12 24 41 41 23 17 17 21 21 18 20 20 35 30 30 32 32 38 35 35 35 24 24 21 21 18 11 11 12 7 7 7 7 6 4 4 3 3 3 3 3 2 2 2 0
 12 12 24 41 41 23 17 17 21 21 18 20 20 35 30 30 32 32 38 35 35 35 24 24 21 21 18 11 11 12 7 7 7 7 6 4 4 3 3 3 3 3 2 2 2 0
 8 8 14 21 21 15 16 16 14 14 18 30 30 56 71 71 30 30 29 34 34 36 38 38 26 26 12 14 14 12 11 11 10 10 8 7 7 4 8 8 6 6 8 4 4 1
 7 7 9 13 13 5 13 13 10 10 26 45 45 69 24 24 20 20 24 25 25 29 27 27 27 27 19 14 14 14 13 13 15 15 11 15 15 10 9 9 7 7 5 1 1 2
 7 7 9 13 13 5 13 13 10 10 26 45 45 69 24 24 20 20 24 25 25 29 27 27 27 27 19 14 14 14 13 13 15 15 11 15 15 10 9 9 7 7 5 1 1 2
 7 7 5 6 6 4 4 4 12 12 22 51 51 43 14 14 17 17 28 24 24 31 39 39 44 44 38 37 37 23 19 19 13 13 15 17 17 14 11 11 6 6 3 3 3 2
 5 5 7 3 3 3 3 3 11 11 39 37 37 13 13 13 16 16 19 24 24 29 31 31 35 35 50 37 37 19 15 15 15 15 12 11 11 12 12 12 9 9 5 8 8 4
 5 5 7 3 3 3 3 3 11 11 39 37 37 13 13 13 16 16 19 24 24 29 31 31 35 35 50 37 37 19 15 15 15 15 12 11 11 12 12 12 9 9 5 8 8 4
 5 5 5 2 2 3 5 5 18 18 28 17 17 13 17 17 17 17 22 23 23 25 34 34 31 31 45 25 25 24 21 21 17 17 11 13 13 13 12 12 9 9 8 9 9 6
 5 5 5 2 2 3 5 5 18 18 28 17 17 13 17 17 17 17 22 23 23 25 34 34 31 31 45 25 25 24 21 21 17 17 11 13 13 13 12 12 9 9 8 9 9 6
 4 4 4 2 2 3 4 4 29 29 21 20 20 12 13 13 15 15 14 23 23 22 33 33 36 36 35 25 25 21 19 19 16 16 14 11 11 12 10 10 12 12 7 7 7 7
 3 3 2 2 2 3 10 10 15 15 14 18 18 13 12 12 8 8 10 10 10 23 23 23 26 26 24 27 27 21 11 11 12 12 10 11 11 10 10 10 8 8 7 6 6 6
 3 3 2 2 2 3 10 10 15 15 14 18 18 13 12 12 8 8 10 10 10 23 23 23 26 26 24 27 27 21 11 11 12 12 10 11 11 10 10 10 8 8 7 6 6 6
 3 3 2 2 2 3 7 7 7 7 3 6 6 3 3 3 2 2 10 9 9 18 20 20 18 18 23 17 17 21 11 11 11 11 8 11 11 9 6 6 7 7 5 5 5 4
 5 5 4 3 3 3 3 3 4 4 4 7 7 4 2 2 2 2 2 12 12 17 19 19 26 26 33 15 15 17 13 13 8 8 9 9 9 6 7 7 6 6 3 3 3 2
 5 5 4 3 3 3 3 3 4 4 4 7 7 4 2 2 2 2 2 12 12 17 19 19 26 26 33 15 15 17 13 13 8 8 9 9 9 6 7 7 6 6 3 3 3 2
 3 3 3 3 3 3 3 3 5 5 4 6 6 6 3 3 2 2 4 10 10 16 18 18 21 21 17 18 18 17 20 20 15 15 11 8 8 5 3 3 6 6 4 6 6 2
 3 3 3 3 3 3 3 3 5 5 4 6 6 6 3 3 2 2 4 10 10 16 18 18 21 21 17 18 18 17 20 20 15 15 11 8 8 5 3 3 6 6 4 6 6 2
 2 2 3 4 4 2 4 4 9 9 4 8 8 6 2 2 3 3 4 4 4 5 9 9 16 16 21 24 24 22 18 18 12 12 9 5 5 4 4 4 5 5 7 7 7 7
 2 2 3 7 7 1 3 3 11 11 6 4 4 3 3 3 5 5 2 2 2 3 10 10 14 14 19 16 16 15 17 17 12 12 9 4 4 5 4 4 11 11 13 19 19 20
 2 2 3 7 7 1 3 3 11 11 6 4 4 3 3 3 5 5 2 2 2 3 10 10 14 14 19 16 16 15 17 17 12 12 9 4 4 5 4 4 11 11 13 19 19 20
 2 2 6 7 7 3 2 2 8 8 4 5 5 5 1 1 1 1 1 1 1 1 6 6 11 11 17 21 21 19 24 24 19 19 11 9 9 7 7 7 19 19 22 22 22 22
 2 2 3 5 5 4 3 3 4 4 5 8 8 1 1 1 1 1 1 1 1 7 10 10 13 13 17 21 21 23 24 24 22 22 13 10 10 7 14 14 13 13 13 13 13 13
 2 2 3 5 5 4 3 3 4 4 5 8 8 1 1 1 1 1 1 1 1 7 10 10 13 13 17 21 21 23 24 24 22 22 13 10 10 7 14 14 13 13 13 13 13 13
 1 1 1 4 4 3 2 2 2 2 6 8 8 1 1 1 1 1 1 2 2 12 13 13 17 17 19 12 12 13 11 11 12 12 11 9 9 12 11 11 13 13 15 9 9 7
 1 1 1 4 4 3 2 2 2 2 6 8 8 1 1 1 1 1 1 2 2 12 13 13 17 17 19 12 12 13 11 11 12 12 11 9 9 12 11 11 13 13 15 9 9 7
 2 2 2 1 1 1 2 2 3 3 6 2 2 2 2 2 3 3 3 4 4 4 11 11 14 14 14 14 14 16 12 12 12 12 8 10 10 9 14 14 13 13 17 8 8 4
 2 2 2 1 1 1 1 1 1 1 6 2 2 2 2 2 2 2 2 1 1 3 3 3 13 13 14 10 10 14 15 15 12 12 15 10 10 9 9 9 8 8 15 6 6 3
 2 2 2 1 1 1 1 1 1 1 6 2 2 2 2 2 2 2 2 1 1 3 3 3 13 13 14 10 10 14 15 15 12 12 15 10 10 9 9 9 8 8 15 6 6 3
 1 1 1 1 1 1 1 1 1 1 3 2 2 3 2 2 2 2 1 1 1 2 4 4 11 11 12 15 15 14 12 12 12 12 12 8 8 4 6 6 14 14 9 6 6 2
 1 1 1 0 0 0 3 3 1 1 0 1 1 1 1 1 1 1 1 1 1 2 1 1 9 9 11 10 10 14 12 12 11 11 9 6 6 5 5 5 8 8 5 3 3 2
 1 1 1 0 0 0 3 3 1 1 0 1 1 1 1 1 1 1 1 1 1 2 1 1 9 9 11 10 10 14 12 12 11 11 9 6 6 5 5 5 8 8 5 3 3 2
 1 1 1 1 1 1 3 3 1 1 1 1 1 1 1 1 1 1 1 1 1 1 1 1 1 1 6 9 9 10 9 9 10 10 6 8 8 7 5 5 5 5 6 6 6 1
 1 1 1 1 1 1 3 3 1 1 1 1 1 1 1 1 1 1 1 1 1 1 1 1 1 1 6 9 9 10 9 9 10 10 6 8 8 7 5 5 5 5 6 6 6 1
 1 1 0 1 1 2 2 2 1 1 1 1 1 1 0 0 0 0 1 3 3 4 2 2 1 1 4 6 6 6 7 7 7 7 10 10 10 6 6 6 7 7 10 7 7 1
 0 0 0 2 2 7 3 3 1 1 0 0 0 0 0 0 0 0 0 2 2 4 3 3 1 1 3 4 4 6 7 7 11 11 10 9 9 6 4 4 7 7 9 4 4 2
 0 0 0 2 2 7 3 3 1 1 0 0 0 0 0 0 0 0 0 2 2 4 3 3 1 1 3 4 4 6 7 7 11 11 10 9 9 6 4 4 7 7 9 4 4 2
 0 0 0 3 3 13 3 3 2 2 1 1 1 0 0 0 0 0 0 0 0 2 3 3 2 2 1 5 5 6 9 9 10 10 8 5 5 3 2 2 8 8 9 7 7 1
 0 0 0 4 4 11 7 7 1 1 1 0 0 0 1 1 0 0 0 0 0 0 1 1 2 2 3 2 2 5 5 5 6 6 7 7 7 7 2 2 2 2 5 5 5 1
 0 0 0 4 4 11 7 7 1 1 1 0 0 0 1 1 0 0 0 0 0 0 1 1 2 2 3 2 2 5 5 5 6 6 7 7 7 7 2 2 2 2 5 5 5 1
 0 0 0 2 2 10 6 6 0 0 0 1 1 1 1 1 0 0 0 0 0 0 0 0 0 0 2 2 2 1 5 5 7 7 7 8 8 6 2 2 2 2 2 3 3 2
 0 0 0 2 2 10 6 6 0 0 0 1 1 1 1 1 0 0 0 0 0 0 0 0 0 0 2 2 2 1 5 5 7 7 7 8 8 6 2 2 2 2 2 3 3 2
 0 0 0 0 0 2 2 2 0 0 0 1 1 0 0 0 0 0 0 0 0 1 0 0 0 0 1 2 2 2 5 5 5 5 5 8 8 7 5 5 1 1 2 4 4 6
 0 0 0 4 4 7 5 5 1 1 0 0 0 0 0 0 0 0 0 1 1 1 0 0 1 1 0 0 0 1 3 3 4 4 4 4 4 5 6 6 2 2 3 4 4 3
 0 0 0 4 4 7 5 5 1 1 0 0 0 0 0 0 0 0 0 1 1 1 0 0 1 1 0 0 0 1 3 3 4 4 4 4 4 5 6 6 2 2 3 4 4 3
 0 0 4 12 12 16 9 9 0 0 0 0 0 0 0 0 0 0 1 2 2 1 2 2 1 1 2 1 1 1 2 2 3 3 4 4 4 7 3 3 3 3 3 1 1 4
 2 2 14 19 19 14 2 2 0 0 0 0 0 0 0 0 1 1 1 3 3 2 2 2 2 2 2 1 1 0 1 1 0 0 0 1 1 3 2 2 3 3 2 2 2 2
