assets/RAT_results_old/precipitation/2021-01-06_IMERG.asc
ncols        46
nrows        77
xllcorner    74.800261325624
yllcorner    8.058333333333
cellsize     0.062500000000
NODATA_value -9999
 50 50 50 54 54 31 37 37 33 33 56 52 52 25 17 17 27 27 28 29 29 17 14 14 14 14 8 8 8 1 1 1 1 1 2 3 3 9 9 9 16 16 14 14 14 14
 59 59 60 63 63 36 27 27 35 35 35 29 29 14 12 12 26 26 27 31 31 28 24 24 24 24 12 7 7 1 1 1 1 1 1 1 1 7 8 8 18 18 15 13 13 13
 59 59 60 63 63 36 27 27 35 35 35 29 29 14 12 12 26 26 27 31 31 28 24 24 24 24 12 7 7 1 1 1 1 1 1 1 1 7 8 8 18 18 15 13 13 13
 66 66 74 74 74 43 27 27 26 26 30 21 21 13 13 13 17 17 18 26 26 37 32 32 27 27 20 12 12 7 0 0 0 0 0 1 1 7 1 1 4 4 4 6 6 10
 92 92 79 73 73 51 29 29 23 23 22 24 24 14 16 16 22 22 16 27 27 36 37 37 27 27 20 14 14 15 2 2 2 2 0 0 0 1 1 1 3 3 3 5 5 7
 92 92 79 73 73 51 29 29 23 23 22 24 24 14 16 16 22 22 16 27 27 36 37 37 27 27 20 14 14 15 2 2 2 2 0 0 0 1 1 1 3 3 3 5 5 7
 102 102 98 74 74 30 22 22 23 23 25 22 22 13 16 16 12 12 6 7 7 36 44 44 55 55 51 26 26 24 13 13 4 4 0 0 0 0 0 0 1 1 2 3 3 6
 102 102 98 74 74 30 22 22 23 23 25 22 22 13 16 16 12 12 6 7 7 36 44 44 55 55 51 26 26 24 13 13 4 4 0 0 0 0 0 0 1 1 2 3 3 6
 66 66 64 64 64 67 21 21 22 22 28 33 33 25 14 14 6 6 1 2 2 28 28 28 43 43 43 48 48 30 18 18 6 6 1 0 0 0 0 0 0 0 1 2 2 4
 104 104 107 59 59 56 20 20 34 34 40 36 36 29 34 34 7 7 2 1 1 1 2 2 21 21 42 43 43 27 19 19 6 6 1 1 1 0 0 0 0 0 0 1 1 2
 104 104 107 59 59 56 20 20 34 34 40 36 36 29 34 34 7 7 2 1 1 1 2 2 21 21 42 43 43 27 19 19 6 6 1 1 1 0 0 0 0 0 0 1 1 2
 50 50 74 65 65 54 33 33 42 42 53 43 43 43 40 40 12 12 6 2 2 2 2 2 23 23 22 36 36 27 21 21 5 5 4 1 1 1 1 1 0 0 1 1 1 2
 49 49 74 57 57 68 46 46 51 51 64 46 46 51 41 41 17 17 11 4 4 2 1 1 20 20 20 35 35 18 20 20 14 14 1 2 2 2 1 1 1 1 1 1 1 2
 49 49 74 57 57 68 46 46 51 51 64 46 46 51 41 41 17 17 11 4 4 2 1 1 20 20 20 35 35 18 20 20 14 14 1 2 2 2 1 1 1 1 1 1 1 2
 32 32 58 59 59 83 57 57 61 61 62 62 62 60 55 55 26 26 14 5 5 4 2 2 7 7 8 13 13 8 16 16 14 14 14 15 15 9 4 4 2 2 2 2 2 2
 32 32 58 59 59 83 57 57 61 61 62 62 62 60 55 55 26 26 14 5 5 4 2 2 7 7 8 13 13 8 16 16 14 14 14 15 15 9 4 4 2 2 2 2 2 2
 34 34 61 53 53 64 98 98 71 71 83 65 65 66 49 49 38 38 19 6 6 4 3 3 7 7 7 14 14 14 22 22 15 15 16 16 16 10 4 4 4 4 4 3 3 4
 39 39 55 52 52 68 102 102 93 93 115 74 74 72 53 53 49 49 25 17 17 10 9 9 9 9 8 8 8 15 18 18 18 18 16 11 11 11 4 4 6 6 8 7 7 6
 39 39 55 52 52 68 102 102 93 93 115 74 74 72 53 53 49 49 25 17 17 10 9 9 9 9 8 8 8 15 18 18 18 18 16 11 11 11 4 4 6 6 8 7 7 6
 30 30 31 49 49 63 92 92 91 91 143 88 88 129 66 66 60 60 32 19 19 26 13 13 23 23 15 13 13 6 5 5 8 8 9 10 10 9 9 9 11 11 12 15 15 12
 23 23 29 46 46 33 92 92 97 97 137 97 97 109 80 80 72 72 45 42 42 40 36 36 37 37 25 21 21 13 15 15 12 12 11 13 13 15 12 12 16 16 16 17 17 21
 23 23 29 46 46 33 92 92 97 97 137 97 97 109 80 80 72 72 45 42 42 40 36 36 37 37 25 21 21 13 15 15 12 12 11 13 13 15 12 12 16 16 16 17 17 21
 21 21 22 31 31 33 56 56 39 39 94 95 95 92 88 88 84 84 67 52 52 47 52 52 45 45 46 33 33 25 18 18 23 23 25 17 17 14 15 15 17 17 15 13 13 11
 21 21 22 31 31 33 56 56 39 39 94 95 95 92 88 88 84 84 67 52 52 47 52 52 45 45 46 33 33 25 18 18 23 23 25 17 17 14 15 15 17 17 15 13 13 11
 20 20 22 29 29 30 31 31 36 36 65 94 94 88 98 98 77 77 82 65 65 61 56 56 56 56 55 45 45 41 40 40 41 41 36 32 32 26 17 17 17 17 16 11 11 9
 20 20 21 22 22 24 26 26 26 26 31 64 64 60 88 88 70 70 71 55 55 43 62 62 61 61 58 44 44 45 46 46 52 52 45 37 37 39 26 26 21 21 19 8 8 13
 20 20 21 22 22 24 26 26 26 26 31 64 64 60 88 88 70 70 71 55 55 43 62 62 61 61 58 44 44 45 46 46 52 52 45 37 37 39 26 26 21 21 19 8 8 13
 8 8 7 9 9 17 28 28 29 29 32 46 46 59 77 77 63 63 55 46 46 56 52 52 66 66 65 49 49 46 52 52 53 53 57 48 48 26 27 27 28 28 34 13 13 12
 8 8 7 7 7 17 24 24 34 34 37 33 33 58 62 62 64 64 47 60 60 59 41 41 63 63 60 46 46 33 46 46 48 48 63 53 53 34 35 35 34 34 28 28 28 25
 8 8 7 7 7 17 24 24 34 34 37 33 33 58 62 62 64 64 47 60 60 59 41 41 63 63 60 46 46 33 46 46 48 48 63 53 53 34 35 35 34 34 28 28 28 25
 7 7 7 7 7 6 8 8 28 28 35 28 28 49 49 49 63 63 59 59 59 44 28 28 43 43 46 57 57 44 46 46 65 65 75 83 83 65 61 61 64 64 53 40 40 36
 7 7 7 7 7 6 8 8 28 28 35 28 28 49 49 49 63 63 59 59 59 44 28 28 43 43 46 57 57 44 46 46 65 65 75 83 83 65 61 61 64 64 53 40 40 36
 8 8 7 6 6 6 11 11 23 23 39 34 34 32 40 40 39 39 44 42 42 46 18 18 40 40 52 58 58 34 28 28 65 65 74 85 85 72 116 116 90 90 99 36 36 31
 9 9 7 6 6 10 14 14 34 34 32 28 28 29 33 33 56 56 36 29 29 22 27 27 37 37 32 24 24 29 22 22 65 65 74 87 87 77 87 87 92 92 88 42 42 33
 9 9 7 6 6 10 14 14 34 34 32 28 28 29 33 33 56 56 36 29 29 22 27 27 37 37 32 24 24 29 22 22 65 65 74 87 87 77 87 87 92 92 88 42 42 33
 11 11 8 46 46 47 29 29 36 36 26 18 18 18 43 43 53 53 49 61 61 50 53 53 30 30 21 22 22 23 22 22 65 65 57 56 56 53 50 50 56 56 62 29 29 29
 13 13 10 19 19 48 39 39 44 44 16 16 16 15 35 35 70 70 69 64 64 64 53 53 46 46 53 27 27 28 41 41 46 46 46 48 48 48 44 44 36 36 31 27 27 27
 13 13 10 19 19 48 39 39 44 44 16 16 16 15 35 35 70 70 69 64 64 64 53 53 46 46 53 27 27 28 41 41 46 46 46 48 48 48 44 44 36 36 31 27 27 27
 16 16 14 23 23 49 38 38 41 41 35 39 39 30 29 29 49 49 69 63 63 79 85 85 74 74 69 30 30 42 40 40 38 38 34 37 37 32 31 31 36 36 28 23 23 32
 16 16 14 23 23 49 38 38 41 41 35 39 39 30 29 29 49 49 69 63 63 79 85 85 74 74 69 30 30 42 40 40 38 38 34 37 37 32 31 31 36 36 28 23 23 32
 19 19 12 25 25 51 53 53 25 25 29 35 35 37 30 30 36 36 69 72 72 85 87 87 77 77 66 57 57 44 40 40 32 32 33 34 34 25 25 25 31 31 28 26 26 35
 18 18 12 26 26 56 54 54 24 24 52 18 18 20 28 28 23 23 47 67 67 73 79 79 56 56 57 50 50 53 51 51 57 57 18 36 36 23 26 26 30 30 32 29 29 47
 18 18 12 26 26 56 54 54 24 24 52 18 18 20 28 28 23 23 47 67 67 73 79 79 56 56 57 50 50 53 51 51 57 57 18 36 36 23 26 26 30 30 32 29 29 47
 18 18 11 12 12 44 38 38 55 55 50 15 15 3 5 5 9 9 24 41 41 68 71 71 64 64 56 55 55 60 60 60 42 42 26 33 33 34 31 31 25 25 22 25 25 33
 10 10 10 12 12 18 26 26 35 35 38 2 2 1 4 4 5 5 8 27 27 62 72 72 70 70 55 42 42 57 49 49 34 34 25 26 26 29 49 49 34 34 26 27 27 32
 10 10 10 12 12 18 26 26 35 35 38 2 2 1 4 4 5 5 8 27 27 62 72 72 70 70 55 42 42 57 49 49 34 34 25 26 26 29 49 49 34 34 26 27 27 32
 11 11 38 9 9 14 23 23 5 5 38 1 1 1 2 2 3 3 4 24 24 63 69 69 67 67 45 46 46 46 23 23 18 18 21 36 36 48 53 53 35 35 23 17 17 10
 11 11 38 9 9 14 23 23 5 5 38 1 1 1 2 2 3 3 4 24 24 63 69 69 67 67 45 46 46 46 23 23 18 18 21 36 36 48 53 53 35 35 23 17 17 10
 9 9 38 40 40 39 8 8 7 7 15 15 15 14 2 2 2 2 3 42 42 48 70 70 62 62 48 42 42 45 27 27 19 19 20 27 27 34 33 33 26 26 24 11 11 15
 60 60 43 40 40 37 9 9 21 21 16 16 16 15 2 2 2 2 19 37 37 48 58 58 57 57 45 42 42 50 25 25 26 26 22 23 23 28 36 36 26 26 16 13 13 14
 60 60 43 40 40 37 9 9 21 21 16 16 16 15 2 2 2 2 19 37 37 48 58 58 57 57 45 42 42 50 25 25 26 26 22 23 23 28 36 36 26 26 16 13 13 14
 33 33 46 54 54 55 44 44 39 39 18 16 16 3 4 4 4 4 20 20 20 51 41 41 46 46 53 55 55 54 42 42 22 22 31 10 10 11 14 14 15 15 15 12 12 38
 34 34 50 60 60 58 37 37 45 45 10 6 6 3 5 5 5 5 5 5 5 36 38 38 41 41 45 41 41 44 34 34 27 27 16 9 9 4 14 14 15 15 31 38 38 31
 34 34 50 60 60 58 37 37 45 45 10 6 6 3 5 5 5 5 5 5 5 36 38 38 41 41 45 41 41 44 34 34 27 27 16 9 9 4 14 14 15 15 31 38 38 31
 20 20 25 39 39 48 42 42 44 44 10 8 8 4 5 5 4 4 4 4 4 22 31 31 25 25 24 24 24 35 37 37 29 29 10 6 6 4 2 2 13 13 20 19 19 3
 20 20 25 39 39 48 42 42 44 44 10 8 8 4 5 5 4 4 4 4 4 22 31 31 25 25 24 24 24 35 37 37 29 29 10 6 6 4 2 2 13 13 20 19 19 3
 10 10 26 28 28 29 23 23 16 16 13 12 12 25 4 4 3 3 3 4 4 9 20 20 32 32 24 15 15 29 31 31 31 31 24 13 13 3 3 3 3 3 19 18 18 2
 8 8 10 15 15 20 23 23 22 22 21 31 31 25 4 4 2 2 4 3 3 6 25 25 23 23 16 22 22 21 40 40 34 34 25 12 12 7 7 7 4 4 4 1 1 0
 8 8 10 15 15 20 23 23 22 22 21 31 31 25 4 4 2 2 4 3 3 6 25 25 23 23 16 22 22 21 40 40 34 34 25 12 12 7 7 7 4 4 4 1 1 0
 6 6 6 7 7 10 17 17 28 28 31 41 41 32 31 31 29 29 4 4 4 5 10 10 12 12 22 27 27 26 27 27 28 28 23 22 22 11 10 10 7 7 5 2 2 1
 8 8 7 6 6 7 11 11 20 20 24 22 22 43 38 38 34 34 7 4 4 5 11 11 11 11 28 23 23 26 31 31 30 30 21 17 17 2 4 4 3 3 4 3 3 0
 8 8 7 6 6 7 11 11 20 20 24 22 22 43 38 38 34 34 7 4 4 5 11 11 11 11 28 23 23 26 31 31 30 30 21 17 17 2 4 4 3 3 4 3 3 0
 9 9 8 7 7 8 8 8 11 11 14 15 15 46 51 51 52 52 10 6 6 4 7 7 12 12 40 30 30 41 28 28 17 17 6 2 2 1 2 2 3 3 1 0 0 0
 9 9 8 7 7 8 8 8 11 11 14 15 15 46 51 51 52 52 10 6 6 4 7 7 12 12 40 30 30 41 28 28 17 17 6 2 2 1 2 2 3 3 1 0 0 0
 10 10 9 7 7 5 6 6 7 7 9 11 11 43 50 50 55 55 17 7 7 7 12 12 15 15 34 35 35 32 30 30 9 9 6 1 1 1 1 1 1 1 1 1 1 0
 5 5 7 7 7 32 35 35 36 36 6 6 6 9 12 12 17 17 13 8 8 10 27 27 34 34 39 44 44 35 28 28 7 7 2 1 1 1 1 1 1 1 1 2 2 1
 5 5 7 7 7 32 35 35 36 36 6 6 6 9 12 12 17 17 13 8 8 10 27 27 34 34 39 44 44 35 28 28 7 7 2 1 1 1 1 1 1 1 1 2 2 1
 3 3 3 4 4 2 32 32 33 33 9 3 3 4 5 5 9 9 9 8 8 23 29 29 36 36 37 56 56 33 21 21 4 4 2 1 1 9 9 9 2 2 2 3 3 2
 3 3 4 3 3 3 6 6 3 3 4 3 3 3 2 2 4 4 5 21 21 26 42 42 35 35 34 57 57 54 32 32 7 7 3 1 1 5 4 4 2 2 2 1 1 1
 3 3 4 3 3 3 6 6 3 3 4 3 3 3 2 2 4 4 5 21 21 26 42 42 35 35 34 57 57 54 32 32 7 7 3 1 1 5 4 4 2 2 2 1 1 1
 5 5 5 3 3 3 22 22 4 4 3 4 4 3 2 2 2 2 3 19 19 23 39 39 29 29 33 34 34 43 19 19 5 5 6 4 4 1 5 5 2 2 4 1 1 1
 5 5 5 3 3 3 22 22 4 4 3 4 4 3 2 2 2 2 3 19 19 23 39 39 29 29 33 34 34 43 19 19 5 5 6 4 4 1 5 5 2 2 4 1 1 1
 6 6 7 11 11 5 23 23 3 3 2 3 3 1 2 2 2 2 4 3 3 4 26 26 26 26 33 5 5 43 9 9 5 5 7 5 5 3 3 3 5 5 6 2 2 1
 9 9 8 13 13 14 10 10 6 6 5 4 4 1 2 2 2 2 3 1 1 1 1 1 1 1 6 1 1 13 4 4 3 3 3 2 2 3 3 3 2 2 2 2 2 3
 9 9 8 13 13 14 10 10 6 6 5 4 4 1 2 2 2 2 3 1 1 1 1 1 1 1 6 1 1 13 4 4 3 3 3 2 2 3 3 3 2 2 2 2 2 3
 9 9 18 18 18 19 16 16 14 14 5 3 3 1 1 1 1 1 1 1 1 0 1 1 1 1 4 2 2 2 2 2 0 0 1 1 1 1 1 1 2 2 5 3 3 3
 26 26 20 18 18 22 20 20 15 15 14 2 2 2 1 1 1 1 1 0 0 0 1 1 3 3 4 2 2 2 2 2 0 0 0 0 0 0 0 0 1 1 3 2 2 1
