assets/RAT_results_old/precipitation/2021-08-21_IMERG.asc
ncols        46
nrows        77
xllcorner    74.800261325624
yllcorner    8.058333333333
cellsize     0.062500000000
NODATA_value -9999
 14 14 18 5 5 3 3 3 3 3 7 6 6 6 6 6 8 8 11 12 12 8 10 10 18 18 20 23 23 21 15 15 9 9 11 10 10 8 6 6 6 6 11 10 10 10
 17 17 11 7 7 4 7 7 11 11 17 16 16 14 9 9 6 6 9 15 15 15 13 13 15 15 16 21 21 28 15 15 7 7 10 7 7 14 14 14 15 15 16 15 15 8
 17 17 11 7 7 4 7 7 11 11 17 16 16 14 9 9 6 6 9 15 15 15 13 13 15 15 16 21 21 28 15 15 7 7 10 7 7 14 14 14 15 15 16 15 15 8
 18 18 18 11 11 17 52 52 21 21 22 31 31 29 16 16 11 11 14 17 17 20 22 22 22 22 13 23 23 29 22 22 8 8 16 17 17 21 10 10 10 10 12 10 10 8
 14 14 19 16 16 11 12 12 21 21 23 24 24 24 16 16 19 19 19 20 20 27 37 37 25 25 21 19 19 34 30 30 30 30 26 24 24 37 27 27 16 16 17 18 18 15
 14 14 19 16 16 11 12 12 21 21 23 24 24 24 16 16 19 19 19 20 20 27 37 37 25 25 21 19 19 34 30 30 30 30 26 24 24 37 27 27 16 16 17 18 18 15
 11 11 12 17 17 16 15 15 12 12 21 26 26 26 23 23 22 22 20 25 25 34 38 38 28 28 23 31 31 41 46 46 34 34 37 47 47 41 32 32 33 33 26 31 31 20
 11 11 12 17 17 16 15 15 12 12 21 26 26 26 23 23 22 22 20 25 25 34 38 38 28 28 23 31 31 41 46 46 34 34 37 47 47 41 32 32 33 33 26 31 31 20
 2 2 6 12 12 13 13 13 16 16 63 35 35 26 20 20 19 19 27 26 26 34 35 35 32 32 33 40 40 58 48 48 44 44 37 47 47 51 64 64 65 65 42 37 37 44
 1 1 4 12 12 13 11 11 13 13 14 23 23 26 26 26 25 25 31 33 33 33 32 32 32 32 32 48 48 59 44 44 45 45 47 51 51 59 54 54 61 61 42 45 45 45
 1 1 4 12 12 13 11 11 13 13 14 23 23 26 26 26 25 25 31 33 33 33 32 32 32 32 32 48 48 59 44 44 45 45 47 51 51 59 54 54 61 61 42 45 45 45
 2 2 7 8 8 13 14 14 13 13 12 20 20 21 29 29 23 23 29 31 31 33 27 27 27 27 28 31 31 45 40 40 46 46 42 54 54 55 56 56 50 50 40 66 66 66
 3 3 9 8 8 13 13 13 13 13 13 18 18 21 28 28 23 23 29 30 30 32 25 25 31 31 27 37 37 42 41 41 44 44 53 47 47 41 53 53 51 51 50 64 64 87
 3 3 9 8 8 13 13 13 13 13 13 18 18 21 28 28 23 23 29 30 30 32 25 25 31 31 27 37 37 42 41 41 44 44 53 47 47 41 53 53 51 51 50 64 64 87
 1 1 6 7 7 6 11 11 14 14 22 15 15 30 22 22 19 19 21 20 20 25 23 23 29 29 27 39 39 40 39 39 46 46 49 43 43 40 44 44 52 52 43 50 50 43
 1 1 6 7 7 6 11 11 14 14 22 15 15 30 22 22 19 19 21 20 20 25 23 23 29 29 27 39 39 40 39 39 46 46 49 43 43 40 44 44 52 52 43 50 50 43
 0 0 1 2 2 3 5 5 13 13 11 21 21 27 20 20 32 32 17 15 15 19 17 17 23 23 22 28 28 33 36 36 52 52 52 38 38 19 20 20 22 22 24 40 40 16
 2 2 3 3 3 5 6 6 6 6 12 10 10 10 19 19 26 26 7 9 9 10 12 12 14 14 19 22 22 27 31 31 38 38 37 32 32 26 25 25 13 13 8 8 8 13
 2 2 3 3 3 5 6 6 6 6 12 10 10 10 19 19 26 26 7 9 9 10 12 12 14 14 19 22 22 27 31 31 38 38 37 32 32 26 25 25 13 13 8 8 8 13
 1 1 3 5 5 5 2 2 3 3 5 12 12 7 6 6 47 47 14 7 7 15 9 9 10 10 17 20 20 29 36 36 36 36 37 23 23 13 9 9 7 7 6 4 4 8
 0 0 1 1 1 1 0 0 1 1 2 11 11 8 7 7 5 5 28 5 5 7 9 9 11 11 15 20 20 29 33 33 26 26 21 19 19 18 9 9 8 8 6 9 9 10
 0 0 1 1 1 1 0 0 1 1 2 11 11 8 7 7 5 5 28 5 5 7 9 9 11 11 15 20 20 29 33 33 26 26 21 19 19 18 9 9 8 8 6 9 9 10
 1 1 0 0 0 0 0 0 1 1 1 3 3 8 6 6 3 3 4 6 6 10 10 10 14 14 18 21 21 42 41 41 24 24 21 20 20 18 10 10 11 11 8 13 13 14
 1 1 0 0 0 0 0 0 1 1 1 3 3 8 6 6 3 3 4 6 6 10 10 10 14 14 18 21 21 42 41 41 24 24 21 20 20 18 10 10 11 11 8 13 13 14
 2 2 2 2 2 1 0 0 0 0 0 1 1 6 4 4 3 3 2 6 6 8 10 10 18 18 18 16 16 24 16 16 10 10 7 8 8 9 11 11 11 11 11 13 13 15
 3 3 3 2 2 3 1 1 0 0 0 1 1 3 6 6 6 6 3 6 6 9 15 15 28 28 28 19 19 11 10 10 6 6 9 12 12 10 14 14 15 15 11 7 7 9
 3 3 3 2 2 3 1 1 0 0 0 1 1 3 6 6 6 6 3 6 6 9 15 15 28 28 28 19 19 11 10 10 6 6 9 12 12 10 14 14 15 15 11 7 7 9
 0 0 1 2 2 1 1 1 0 0 0 0 0 2 2 2 6 6 5 6 6 9 21 21 24 24 44 19 19 10 9 9 13 13 34 12 12 11 11 11 16 16 7 3 3 5
 1 1 0 1 1 1 1 1 1 1 1 2 2 2 3 3 5 5 5 6 6 7 12 12 20 20 25 18 18 13 10 10 11 11 16 14 14 13 14 14 19 19 9 3 3 2
 1 1 0 1 1 1 1 1 1 1 1 2 2 2 3 3 5 5 5 6 6 7 12 12 20 20 25 18 18 13 10 10 11 11 16 14 14 13 14 14 19 19 9 3 3 2
 2 2 0 1 1 1 2 2 2 2 1 1 1 2 4 4 7 7 7 6 6 5 34 34 11 11 14 12 12 10 11 11 9 9 9 14 14 25 22 22 25 25 14 2 2 1
 2 2 0 1 1 1 2 2 2 2 1 1 1 2 4 4 7 7 7 6 6 5 34 34 11 11 14 12 12 10 11 11 9 9 9 14 14 25 22 22 25 25 14 2 2 1
 0 0 0 1 1 1 2 2 3 3 1 1 1 1 5 5 12 12 9 7 7 6 10 10 10 10 13 10 10 8 9 9 9 9 8 12 12 15 27 27 28 28 23 7 7 1
 0 0 0 0 0 0 1 1 1 1 1 1 1 2 4 4 7 7 11 9 9 7 19 19 28 28 22 5 5 4 6 6 6 6 8 10 10 9 15 15 24 24 20 9 9 2
 0 0 0 0 0 0 1 1 1 1 1 1 1 2 4 4 7 7 11 9 9 7 19 19 28 28 22 5 5 4 6 6 6 6 8 10 10 9 15 15 24 24 20 9 9 2
 0 0 1 1 1 0 0 0 0 0 1 1 1 2 5 5 9 9 11 10 10 6 4 4 8 8 7 6 6 3 3 3 3 3 5 6 6 10 12 12 20 20 25 17 17 4
 0 0 0 0 0 0 0 0 0 0 1 1 1 1 4 4 6 6 6 6 6 6 4 4 2 2 2 1 1 4 5 5 6 6 7 12 12 20 19 19 20 20 24 32 32 11
 0 0 0 0 0 0 0 0 0 0 1 1 1 1 4 4 6 6 6 6 6 6 4 4 2 2 2 1 1 4 5 5 6 6 7 12 12 20 19 19 20 20 24 32 32 11
 0 0 0 0 0 0 0 0 1 1 3 3 3 2 3 3 4 4 7 4 4 4 2 2 2 2 1 3 3 5 10 10 13 13 12 24 24 29 35 35 21 21 22 16 16 12
 0 0 0 0 0 0 0 0 1 1 3 3 3 2 3 3 4 4 7 4 4 4 2 2 2 2 1 3 3 5 10 10 13 13 12 24 24 29 35 35 21 21 22 16 16 12
 0 0 1 1 1 1 1 1 1 1 3 2 2 1 1 1 1 1 2 5 5 4 2 2 2 2 1 3 3 4 11 11 21 21 29 25 25 25 35 35 19 19 23 21 21 26
 0 0 0 1 1 1 1 1 1 1 1 1 1 1 0 0 1 1 2 2 2 4 4 4 3 3 2 2 2 3 6 6 11 11 30 28 28 23 26 26 29 29 24 28 28 21
 0 0 0 1 1 1 1 1 1 1 1 1 1 1 0 0 1 1 2 2 2 4 4 4 3 3 2 2 2 3 6 6 11 11 30 28 28 23 26 26 29 29 24 28 28 21
 0 0 0 1 1 1 1 1 1 1 0 0 0 0 0 0 1 1 2 2 2 3 3 3 1 1 1 1 1 2 7 7 16 16 27 27 27 31 29 29 38 38 24 20 20 10
 0 0 0 0 0 0 0 0 0 0 0 0 0 0 1 1 1 1 2 2 2 1 3 3 2 2 1 16 16 2 5 5 8 8 10 12 12 17 14 14 13 13 11 8 8 10
 0 0 0 0 0 0 0 0 0 0 0 0 0 0 1 1 1 1 2 2 2 1 3 3 2 2 1 16 16 2 5 5 8 8 10 12 12 17 14 14 13 13 11 8 8 10
 0 0 0 0 0 0 0 0 0 0 0 0 0 0 1 1 0 0 2 2 2 2 2 2 2 2 1 26 26 15 7 7 8 8 9 12 12 9 4 4 8 8 9 2 2 2
 0 0 0 0 0 0 0 0 0 0 0 0 0 0 1 1 0 0 2 2 2 2 2 2 2 2 1 26 26 15 7 7 8 8 9 12 12 9 4 4 8 8 9 2 2 2
 0 0 0 0 0 0 0 0 0 0 0 0 0 0 0 0 0 0 1 1 1 1 3 3 3 3 2 1 1 3 4 4 7 7 9 9 9 9 5 5 9 9 13 25 25 3
 0 0 0 0 0 0 0 0 1 1 1 0 0 0 0 0 0 0 0 1 1 1 1 1 1 1 2 6 6 2 5 5 4 4 7 9 9 9 9 9 15 15 16 20 20 13
 0 0 0 0 0 0 0 0 1 1 1 0 0 0 0 0 0 0 0 1 1 1 1 1 1 1 2 6 6 2 5 5 4 4 7 9 9 9 9 9 15 15 16 20 20 13
 0 0 0 0 0 0 1 1 4 4 5 2 2 0 0 0 0 0 0 1 1 1 1 1 1 1 1 2 2 3 5 5 4 4 5 6 6 8 15 15 20 20 25 22 22 12
 0 0 0 0 0 1 2 2 3 3 2 0 0 0 0 0 0 0 0 0 0 1 0 0 1 1 3 3 3 3 5 5 6 6 14 10 10 12 16 16 16 16 18 22 22 13
 0 0 0 0 0 1 2 2 3 3 2 0 0 0 0 0 0 0 0 0 0 1 0 0 1 1 3 3 3 3 5 5 6 6 14 10 10 12 16 16 16 16 18 22 22 13
 0 0 0 0 0 0 1 1 1 1 0 0 0 0 0 0 0 0 0 0 0 1 1 1 1 1 1 2 2 3 3 3 3 3 8 19 19 18 19 19 16 16 19 15 15 14
 0 0 0 0 0 0 1 1 1 1 0 0 0 0 0 0 0 0 0 0 0 1 1 1 1 1 1 2 2 3 3 3 3 3 8 19 19 18 19 19 16 16 19 15 15 14
 0 0 0 0 0 0 0 0 0 0 0 0 0 0 1 1 0 0 0 0 0 1 1 1 1 1 1 1 1 2 2 2 3 3 8 11 11 14 15 15 15 15 15 14 14 11
 0 0 0 0 0 0 0 0 0 0 0 0 0 0 1 1 0 0 0 0 0 0 1 1 0 0 1 2 2 1 2 2 2 2 3 7 7 10 13 13 14 14 14 11 11 6
 0 0 0 0 0 0 0 0 0 0 0 0 0 0 1 1 0 0 0 0 0 0 1 1 0 0 1 2 2 1 2 2 2 2 3 7 7 10 13 13 14 14 14 11 11 6
 0 0 0 0 0 0 0 0 0 0 0 0 0 0 0 0 0 0 0 0 0 0 1 1 0 0 1 1 1 1 17 17 1 1 3 2 2 2 5 5 5 5 7 6 6 5
 1 1 0 0 0 0 0 0 0 0 0 0 0 0 0 0 0 0 0 0 0 0 1 1 1 1 1 1 1 2 1 1 6 6 1 2 2 3 1 1 5 5 6 8 8 8
 1 1 0 0 0 0 0 0 0 0 0 0 0 0 0 0 0 0 0 0 0 0 1 1 1 1 1 1 1 2 1 1 6 6 1 2 2 3 1 1 5 5 6 8 8 8
 0 0 0 0 0 0 0 0 0 0 0 0 0 0 0 0 0 0 0 0 0 1 1 1 1 1 2 3 3 4 3 3 1 1 0 1 1 2 4 4 5 5 6 9 9 11
 0 0 0 0 0 0 0 0 0 0 0 0 0 0 0 0 0 0 0 0 0 1 1 1 1 1 2 3 3 4 3 3 1 1 0 1 1 2 4 4 5 5 6 9 9 11
 0 0 0 0 0 0 0 0 0 0 0 0 0 0 0 0 0 0 0 0 0 0 1 1 1 1 1 1 1 3 3 3 3 3 2 2 2 3 5 5 4 4 6 5 5 4
 0 0 0 0 0 0 0 0 0 0 0 0 0 0 0 0 0 0 0 0 0 0 0 0 0 0 1 1 1 3 3 3 3 3 2 2 2 3 6 6 5 5 5 4 4 4
 0 0 0 0 0 0 0 0 0 0 0 0 0 0 0 0 0 0 0 0 0 0 0 0 0 0 1 1 1 3 3 3 3 3 2 2 2 3 6 6 5 5 5 4 4 4
 1 1 0 0 0 0 0 0 0 0 0 0 0 0 0 0 0 0 0 0 0 0 1 1 1 1 2 2 2 3 7 7 7 7 4 6 6 7 7 7 10 10 9 6 6 3
 0 0 0 0 0 0 0 0 1 1 0 0 0 0 0 0 0 0 0 0 0 1 1 1 1 1 2 3 3 5 6 6 9 9 10 9 9 9 9 9 11 11 15 17 17 7
 0 0 0 0 0 0 0 0 1 1 0 0 0 0 0 0 0 0 0 0 0 1 1 1 1 1 2 3 3 5 6 6 9 9 10 9 9 9 9 9 11 11 15 17 17 7
 0 0 0 0 0 0 0 0 1 1 0 0 0 0 0 0 0 0 0 1 1 1 1 1 1 1 2 3 3 4 5 5 4 4 11 9 9 9 7 7 8 8 9 13 13 7
 0 0 0 0 0 0 0 0 1 1 0 0 0 0 0 0 0 0 0 1 1 1 1 1 1 1 2 3 3 4 5 5 4 4 11 9 9 9 7 7 8 8 9 13 13 7
 0 0 0 0 0 0 0 0 0 0 0 0 0 0 0 0 0 0 0 0 0 1 1 1 1 1 1 2 2 2 3 3 4 4 9 9 9 8 7 7 7 7 7 6 6 3
 0 0 0 0 0 0 0 0 0 0 0 0 0 0 1 1 1 1 1 0 0 0 1 1 1 1 1 2 2 2 2 2 2 2 3 2 2 7 6 6 5 5 5 3 3 3
 0 0 0 0 0 0 0 0 0 0 0 0 0 0 1 1 1 1 1 0 0 0 1 1 1 1 1 2 2 2 2 2 2 2 3 2 2 7 6 6 5 5 5 3 3 3
 0 0 0 0 0 0 0 0 0 0 0 0 0 1 1 1 1 1 1 0 0 0 0 0 1 1 1 1 1 1 1 1 1 1 2 2 2 2 3 3 2 2 2 2 2 4
 0 0 0 0 0 0 0 0 0 0 0 1 1 2 2 2 1 1 0 0 0 0 0 0 0 0 0 0 0 0 0 0 0 0 1 1 1 1 1 1 1 1 2 1 1 2
