assets/RAT_results_old/precipitation/2021-11-23_IMERG.asc
ncols        46
nrows        77
xllcorner    74.800261325624
yllcorner    8.058333333333
cellsize     0.062500000000
NODATA_value -9999
 5 5 1 4 4 10 11 11 9 9 8 7 7 4 5 5 1 1 1 0 0 1 4 4 5 5 5 2 2 1 4 4 4 4 4 0 0 0 0 0 0 0 0 0 0 0
 6 6 4 4 4 10 11 11 9 9 63 41 41 6 6 6 0 0 0 0 0 0 2 2 2 2 3 3 3 1 5 5 4 4 4 0 0 0 0 0 0 0 0 0 0 0
 6 6 4 4 4 10 11 11 9 9 63 41 41 6 6 6 0 0 0 0 0 0 2 2 2 2 3 3 3 1 5 5 4 4 4 0 0 0 0 0 0 0 0 0 0 0
 5 5 1 2 2 7 8 8 64 64 63 41 41 26 7 7 7 7 0 2 2 2 1 1 2 2 1 3 3 1 15 15 17 17 11 5 5 1 0 0 0 0 0 0 0 0
 5 5 5 1 1 7 3 3 22 22 22 28 28 35 17 17 11 11 3 6 6 3 9 9 9 9 4 3 3 1 16 16 22 22 14 4 4 4 0 0 0 0 0 0 0 0
 5 5 5 1 1 7 3 3 22 22 22 28 28 35 17 17 11 11 3 6 6 3 9 9 9 9 4 3 3 1 16 16 22 22 14 4 4 4 0 0 0 0 0 0 0 0
 5 5 5 1 1 0 3 3 2 2 24 7 7 5 17 17 13 13 10 9 9 5 6 6 9 9 1 0 0 1 1 1 5 5 1 1 1 1 0 0 0 0 0 0 0 0
 5 5 5 1 1 0 3 3 2 2 24 7 7 5 17 17 13 13 10 9 9 5 6 6 9 9 1 0 0 1 1 1 5 5 1 1 1 1 0 0 0 0 0 0 0 0
 0 0 0 1 1 0 0 0 1 1 2 6 6 6 9 9 9 9 9 5 5 7 8 8 1 1 1 0 0 0 0 0 0 0 1 1 1 0 0 0 0 0 0 0 0 0
 1 1 1 0 0 0 0 0 0 0 1 4 4 3 7 7 11 11 11 7 7 7 7 7 0 0 0 0 0 0 0 0 0 0 0 0 0 0 0 0 0 0 0 0 0 0
 1 1 1 0 0 0 0 0 0 0 1 4 4 3 7 7 11 11 11 7 7 7 7 7 0 0 0 0 0 0 0 0 0 0 0 0 0 0 0 0 0 0 0 0 0 0
 0 0 0 0 0 0 0 0 0 0 0 2 2 2 7 7 11 11 11 10 10 6 6 6 1 1 0 0 0 0 0 0 0 0 0 0 0 0 0 0 0 0 0 0 0 0
 0 0 0 0 0 0 1 1 1 1 1 3 3 2 0 0 11 11 11 11 11 6 2 2 2 2 0 0 0 0 0 0 0 0 0 0 0 0 0 0 0 0 0 0 0 0
 0 0 0 0 0 0 1 1 1 1 1 3 3 2 0 0 11 11 11 11 11 6 2 2 2 2 0 0 0 0 0 0 0 0 0 0 0 0 0 0 0 0 0 0 0 0
 0 0 0 0 0 0 1 1 0 0 1 0 0 0 0 0 7 7 7 2 2 1 1 1 1 1 0 0 0 0 0 0 0 0 0 0 0 0 0 0 0 0 0 0 0 0
 0 0 0 0 0 0 1 1 0 0 1 0 0 0 0 0 7 7 7 2 2 1 1 1 1 1 0 0 0 0 0 0 0 0 0 0 0 0 0 0 0 0 0 0 0 0
 0 0 0 0 0 0 0 0 0 0 0 1 1 0 0 0 2 2 2 2 2 1 1 1 1 1 0 0 0 0 0 0 0 0 0 0 0 0 0 0 0 0 0 0 0 0
 0 0 0 0 0 0 0 0 0 0 0 0 0 0 0 0 1 1 0 0 0 0 0 0 0 0 0 0 0 1 0 0 0 0 0 1 1 1 0 0 0 0 0 0 0 0
 0 0 0 0 0 0 0 0 0 0 0 0 0 0 0 0 1 1 0 0 0 0 0 0 0 0 0 0 0 1 0 0 0 0 0 1 1 1 0 0 0 0 0 0 0 0
 1 1 0 0 0 0 0 0 0 0 0 1 1 1 1 1 1 1 1 0 0 0 1 1 0 0 3 1 1 1 5 5 0 0 0 1 1 10 0 0 0 0 0 0 0 0
 1 1 1 1 1 0 1 1 1 1 1 2 2 2 1 1 1 1 1 2 2 3 5 5 4 4 1 3 3 3 1 1 1 1 0 2 2 1 0 0 1 1 0 0 0 0
 1 1 1 1 1 0 1 1 1 1 1 2 2 2 1 1 1 1 1 2 2 3 5 5 4 4 1 3 3 3 1 1 1 1 0 2 2 1 0 0 1 1 0 0 0 0
 2 2 2 1 1 1 1 1 1 1 1 1 1 4 4 4 2 2 2 1 1 1 1 1 0 0 1 2 2 3 1 1 1 1 1 1 1 1 0 0 0 0 0 0 0 0
 2 2 2 1 1 1 1 1 1 1 1 1 1 4 4 4 2 2 2 1 1 1 1 1 0 0 1 2 2 3 1 1 1 1 1 1 1 1 0 0 0 0 0 0 0 0
 4 4 2 2 2 2 2 2 1 1 1 2 2 5 5 5 5 5 4 2 2 4 0 0 3 3 0 0 0 1 0 0 1 1 1 0 0 0 0 0 0 0 1 1 1 0
 7 7 4 2 2 2 2 2 2 2 1 2 2 2 6 6 7 7 9 8 8 5 2 2 1 1 0 2 2 2 0 0 1 1 6 1 1 1 0 0 1 1 4 3 3 1
 7 7 4 2 2 2 2 2 2 2 1 2 2 2 6 6 7 7 9 8 8 5 2 2 1 1 0 2 2 2 0 0 1 1 6 1 1 1 0 0 1 1 4 3 3 1
 10 10 8 3 3 2 2 2 2 2 4 2 2 3 2 2 6 6 7 9 9 9 4 4 2 2 1 0 0 0 0 0 0 0 1 1 1 1 1 1 5 5 3 2 2 0
 10 10 16 7 7 3 2 2 3 3 20 23 23 2 3 3 6 6 7 6 6 5 7 7 6 6 4 3 3 3 3 3 5 5 1 0 0 2 1 1 4 4 2 2 2 0
 10 10 16 7 7 3 2 2 3 3 20 23 23 2 3 3 6 6 7 6 6 5 7 7 6 6 4 3 3 3 3 3 5 5 1 0 0 2 1 1 4 4 2 2 2 0
 13 13 16 11 11 5 3 3 31 31 50 34 34 11 2 2 7 7 7 8 8 7 12 12 7 7 7 5 5 15 15 15 15 15 1 1 1 6 4 4 12 12 12 15 15 4
 13 13 16 11 11 5 3 3 31 31 50 34 34 11 2 2 7 7 7 8 8 7 12 12 7 7 7 5 5 15 15 15 15 15 1 1 1 6 4 4 12 12 12 15 15 4
 7 7 8 9 9 8 25 25 58 58 57 22 22 4 2 2 6 6 6 8 8 8 19 19 13 13 12 10 10 15 24 24 24 24 5 5 5 8 4 4 12 12 6 10 10 2
 6 6 13 12 12 17 30 30 43 43 19 3 3 1 1 1 5 5 6 7 7 6 8 8 22 22 12 16 16 18 26 26 26 26 14 8 8 8 1 1 6 6 6 10 10 1
 6 6 13 12 12 17 30 30 43 43 19 3 3 1 1 1 5 5 6 7 7 6 8 8 22 22 12 16 16 18 26 26 26 26 14 8 8 8 1 1 6 6 6 10 10 1
 6 6 16 15 15 15 29 29 22 22 5 3 3 2 1 1 5 5 7 7 7 6 7 7 9 9 24 18 18 28 42 42 40 40 29 7 7 7 6 6 3 3 2 1 1 2
 15 15 20 19 19 19 8 8 6 6 6 5 5 3 2 2 3 3 5 9 9 10 12 12 16 16 22 24 24 24 40 40 26 26 25 7 7 8 9 9 4 4 2 7 7 4
 15 15 20 19 19 19 8 8 6 6 6 5 5 3 2 2 3 3 5 9 9 10 12 12 16 16 22 24 24 24 40 40 26 26 25 7 7 8 9 9 4 4 2 7 7 4
 13 13 25 30 30 30 9 9 7 7 8 8 8 5 3 3 19 19 10 16 16 15 22 22 20 20 24 18 18 14 19 19 25 25 25 20 20 8 8 8 5 5 7 7 7 5
 13 13 25 30 30 30 9 9 7 7 8 8 8 5 3 3 19 19 10 16 16 15 22 22 20 20 24 18 18 14 19 19 25 25 25 20 20 8 8 8 5 5 7 7 7 5
 18 18 33 28 28 18 12 12 12 12 16 13 13 11 18 18 19 19 12 19 19 27 30 30 20 20 21 22 22 15 17 17 21 21 18 14 14 10 9 9 5 5 6 9 9 7
 21 21 37 23 23 13 12 12 12 12 12 9 9 40 61 61 65 65 15 17 17 26 34 34 18 18 15 15 15 18 13 13 19 19 27 12 12 5 5 5 12 12 12 9 9 7
 21 21 37 23 23 13 12 12 12 12 12 9 9 40 61 61 65 65 15 17 17 26 34 34 18 18 15 15 15 18 13 13 19 19 27 12 12 5 5 5 12 12 12 9 9 7
 44 44 31 20 20 9 15 15 12 12 9 38 38 39 64 64 66 66 12 13 13 21 25 25 20 20 16 20 20 19 14 14 16 16 20 19 19 23 18 18 17 17 27 54 54 10
 44 44 32 20 20 11 9 9 11 11 9 61 61 67 29 29 31 31 32 16 16 21 24 24 23 23 20 19 19 22 22 22 25 25 24 86 86 57 15 15 11 11 16 55 55 31
 44 44 32 20 20 11 9 9 11 11 9 61 61 67 29 29 31 31 32 16 16 21 24 24 23 23 20 19 19 22 22 22 25 25 24 86 86 57 15 15 11 11 16 55 55 31
 37 37 28 14 14 11 8 8 27 27 25 61 61 67 28 28 19 19 21 14 14 14 16 16 27 27 26 31 31 27 23 23 28 28 16 28 28 22 5 5 4 4 5 31 31 33
 37 37 28 14 14 11 8 8 27 27 25 61 61 67 28 28 19 19 21 14 14 14 16 16 27 27 26 31 31 27 23 23 28 28 16 28 28 22 5 5 4 4 5 31 31 33
 24 24 21 16 16 11 7 7 24 24 22 32 32 33 40 40 19 19 20 21 21 15 16 16 22 22 30 32 32 36 34 34 24 24 20 23 23 23 6 6 4 4 4 4 4 10
 9 9 10 14 14 8 4 4 23 23 22 21 21 21 27 27 21 21 24 23 23 19 18 18 27 27 37 37 37 39 38 38 28 28 30 22 22 13 5 5 6 6 4 8 8 8
 9 9 10 14 14 8 4 4 23 23 22 21 21 21 27 27 21 21 24 23 23 19 18 18 27 27 37 37 37 39 38 38 28 28 30 22 22 13 5 5 6 6 4 8 8 8
 11 11 12 15 15 10 11 11 15 15 14 13 13 21 27 27 18 18 19 21 21 20 28 28 30 30 38 33 33 44 39 39 45 45 25 21 21 14 8 8 6 6 4 16 16 7
 2 2 10 10 10 10 10 10 5 5 12 10 10 12 17 17 18 18 17 19 19 16 21 21 25 25 22 22 22 32 41 41 45 45 29 31 31 18 14 14 9 9 11 20 20 13
 2 2 10 10 10 10 10 10 5 5 12 10 10 12 17 17 18 18 17 19 19 16 21 21 25 25 22 22 22 32 41 41 45 45 29 31 31 18 14 14 9 9 11 20 20 13
 2 2 2 13 13 13 13 13 21 21 28 18 18 14 7 7 8 8 11 13 13 14 14 14 17 17 13 16 16 42 32 32 33 33 32 29 29 24 23 23 21 21 15 13 13 14
 2 2 2 13 13 13 13 13 21 21 28 18 18 14 7 7 8 8 11 13 13 14 14 14 17 17 13 16 16 42 32 32 33 33 32 29 29 24 23 23 21 21 15 13 13 14
 4 4 2 4 4 13 13 13 21 21 22 16 16 17 18 18 13 13 19 16 16 11 11 11 12 12 7 10 10 47 40 40 23 23 25 27 27 21 22 22 26 26 19 24 24 26
 8 8 4 5 5 5 13 13 12 12 12 18 18 29 21 21 17 17 25 36 36 19 14 14 7 7 10 10 10 16 21 21 15 15 25 24 24 19 23 23 23 23 15 30 30 28
 8 8 4 5 5 5 13 13 12 12 12 18 18 29 21 21 17 17 25 36 36 19 14 14 7 7 10 10 10 16 21 21 15 15 25 24 24 19 23 23 23 23 15 30 30 28
 9 9 5 4 4 7 10 10 8 8 19 25 25 30 20 20 22 22 36 37 37 95 38 38 37 37 13 13 13 13 22 22 16 16 21 17 17 23 29 29 29 29 20 26 26 23
 11 11 7 5 5 6 8 8 8 8 19 21 21 32 47 47 66 66 56 113 113 106 48 48 38 38 17 14 14 7 11 11 13 13 16 15 15 26 25 25 30 30 23 31 31 24
 11 11 7 5 5 6 8 8 8 8 19 21 21 32 47 47 66 66 56 113 113 106 48 48 38 38 17 14 14 7 11 11 13 13 16 15 15 26 25 25 30 30 23 31 31 24
 6 6 7 16 16 19 22 22 23 23 30 19 19 32 46 46 57 57 85 77 77 82 63 63 88 88 27 21 21 10 8 8 10 10 17 18 18 24 24 24 29 29 27 25 25 22
 6 6 7 16 16 19 22 22 23 23 30 19 19 32 46 46 57 57 85 77 77 82 63 63 88 88 27 21 21 10 8 8 10 10 17 18 18 24 24 24 29 29 27 25 25 22
 2 2 4 7 7 20 23 23 25 25 33 27 27 30 70 70 72 72 59 42 42 64 30 30 29 29 23 17 17 10 9 9 36 36 5 15 15 10 25 25 32 32 34 25 25 18
 4 4 3 5 5 22 23 23 31 31 33 32 32 28 16 16 60 60 42 40 40 37 29 29 40 40 29 16 16 14 13 13 44 44 15 16 16 14 29 29 28 28 25 14 14 21
 4 4 3 5 5 22 23 23 31 31 33 32 32 28 16 16 60 60 42 40 40 37 29 29 40 40 29 16 16 14 13 13 44 44 15 16 16 14 29 29 28 28 25 14 14 21
 6 6 4 4 4 8 9 9 19 19 38 26 26 18 20 20 17 17 24 17 17 21 19 19 25 25 21 13 13 11 16 16 13 13 11 7 7 4 16 16 21 21 18 10 10 12
 6 6 4 3 3 4 9 9 15 15 27 20 20 32 34 34 15 15 20 15 15 19 14 14 18 18 10 9 9 14 19 19 16 16 18 20 20 23 24 24 31 31 19 8 8 6
 6 6 4 3 3 4 9 9 15 15 27 20 20 32 34 34 15 15 20 15 15 19 14 14 18 18 10 9 9 14 19 19 16 16 18 20 20 23 24 24 31 31 19 8 8 6
 4 4 3 3 3 4 12 12 14 14 42 29 29 33 37 37 21 21 22 22 22 13 13 13 13 13 5 5 5 4 10 10 28 28 45 84 84 119 78 78 22 22 19 17 17 6
 4 4 3 3 3 4 12 12 14 14 42 29 29 33 37 37 21 21 22 22 22 13 13 13 13 13 5 5 5 4 10 10 28 28 45 84 84 119 78 78 22 22 19 17 17 6
 4 4 4 6 6 10 12 12 7 7 39 41 41 38 14 14 17 17 20 21 21 10 10 10 9 9 4 4 4 3 8 8 8 8 21 38 38 14 22 22 12 12 16 13 13 8
 5 5 7 12 12 21 21 21 28 28 32 41 41 34 21 21 29 29 17 16 16 9 8 8 7 7 5 4 4 3 4 4 6 6 8 13 13 6 15 15 19 19 12 8 8 6
 5 5 7 12 12 21 21 21 28 28 32 41 41 34 21 21 29 29 17 16 16 9 8 8 7 7 5 4 4 3 4 4 6 6 8 13 13 6 15 15 19 19 12 8 8 6
 7 7 10 25 25 35 42 42 53 53 39 49 49 46 29 29 58 58 21 13 13 9 9 9 6 6 6 5 5 2 2 2 1 1 3 5 5 5 18 18 18 18 18 7 7 6
 7 7 15 26 26 30 33 33 42 42 34 46 46 43 67 67 51 51 30 25 25 11 8 8 4 4 4 5 5 3 3 3 1 1 1 2 2 4 5 5 5 5 15 17 17 4
