assets/RAT_results_old/precipitation/2021-01-10_IMERG.asc
ncols        46
nrows        77
xllcorner    74.800261325624
yllcorner    8.058333333333
cellsize     0.062500000000
NODATA_value -9999
 0 0 0 0 0 0 0 0 5 5 0 0 0 0 0 0 1 1 1 1 1 3 3 3 3 3 2 2 2 1 0 0 1 1 1 0 0 0 0 0 0 0 0 1 1 1
 0 0 4 0 0 0 0 0 0 0 0 0 0 0 0 0 0 0 0 1 1 1 2 2 3 3 2 2 2 1 0 0 0 0 1 0 0 0 0 0 0 0 1 1 1 0
 0 0 4 0 0 0 0 0 0 0 0 0 0 0 0 0 0 0 0 1 1 1 2 2 3 3 2 2 2 1 0 0 0 0 1 0 0 0 0 0 0 0 1 1 1 0
 0 0 4 1 1 0 0 0 0 0 0 0 0 0 0 0 1 1 1 1 1 1 2 2 2 2 2 1 1 1 1 1 0 0 1 1 1 0 0 0 0 0 0 0 0 0
 0 0 0 1 1 0 0 0 0 0 0 0 0 0 0 0 3 3 1 0 0 1 1 1 1 1 2 2 2 2 1 1 1 1 1 1 1 1 0 0 1 1 0 0 0 0
 0 0 0 1 1 0 0 0 0 0 0 0 0 0 0 0 3 3 1 0 0 1 1 1 1 1 2 2 2 2 1 1 1 1 1 1 1 1 0 0 1 1 0 0 0 0
 0 0 0 0 0 0 0 0 0 0 0 1 1 1 3 3 3 3 0 0 0 1 1 1 1 1 1 2 2 3 1 1 1 1 1 1 1 1 1 1 1 1 0 0 0 0
 0 0 0 0 0 0 0 0 0 0 0 1 1 1 3 3 3 3 0 0 0 1 1 1 1 1 1 2 2 3 1 1 1 1 1 1 1 1 1 1 1 1 0 0 0 0
 1 1 0 0 0 0 0 0 0 0 0 1 1 1 1 1 0 0 1 0 0 1 3 3 1 1 1 1 1 1 1 1 1 1 1 1 1 1 1 1 1 1 1 0 0 0
 0 0 0 1 1 0 0 0 0 0 0 1 1 1 1 1 0 0 0 0 0 1 1 1 1 1 1 1 1 1 1 1 1 1 2 1 1 1 0 0 1 1 1 0 0 0
 0 0 0 1 1 0 0 0 0 0 0 1 1 1 1 1 0 0 0 0 0 1 1 1 1 1 1 1 1 1 1 1 1 1 2 1 1 1 0 0 1 1 1 0 0 0
 1 1 1 1 1 0 0 0 0 0 0 0 0 0 0 0 0 0 0 0 0 1 1 1 1 1 1 1 1 2 1 1 1 1 1 2 2 2 1 1 1 1 1 1 1 0
 0 0 0 1 1 0 0 0 1 1 0 0 0 0 0 0 0 0 0 1 1 2 2 2 1 1 1 1 1 1 1 1 1 1 1 2 2 2 1 1 1 1 1 1 1 1
 0 0 0 1 1 0 0 0 1 1 0 0 0 0 0 0 0 0 0 1 1 2 2 2 1 1 1 1 1 1 1 1 1 1 1 2 2 2 1 1 1 1 1 1 1 1
 0 0 0 1 1 1 0 0 1 1 1 0 0 0 0 0 1 1 1 1 1 1 1 1 1 1 1 1 1 2 1 1 1 1 1 1 1 2 2 2 1 1 1 1 1 2
 0 0 0 1 1 1 0 0 1 1 1 0 0 0 0 0 1 1 1 1 1 1 1 1 1 1 1 1 1 2 1 1 1 1 1 1 1 2 2 2 1 1 1 1 1 2
 0 0 0 0 0 2 1 1 1 1 1 1 1 0 0 0 1 1 1 1 1 1 0 0 0 0 0 1 1 1 1 1 1 1 2 2 2 3 4 4 3 3 2 2 2 3
 1 1 0 0 0 2 2 2 1 1 1 0 0 0 1 1 1 1 1 1 1 1 0 0 0 0 0 1 1 1 1 1 2 2 2 2 2 3 3 3 2 2 3 3 3 3
 1 1 0 0 0 2 2 2 1 1 1 0 0 0 1 1 1 1 1 1 1 1 0 0 0 0 0 1 1 1 1 1 2 2 2 2 2 3 3 3 2 2 3 3 3 3
 1 1 1 0 0 1 15 15 15 15 4 1 1 1 1 1 2 2 2 1 1 1 0 0 0 0 0 1 1 2 2 2 2 2 2 2 2 2 2 2 3 3 4 3 3 4
 1 1 1 17 17 17 30 30 15 15 4 1 1 1 0 0 1 1 2 2 2 1 0 0 0 0 0 1 1 2 3 3 3 3 3 2 2 1 1 1 3 3 2 2 2 2
 1 1 1 17 17 17 30 30 15 15 4 1 1 1 0 0 1 1 2 2 2 1 0 0 0 0 0 1 1 2 3 3 3 3 3 2 2 1 1 1 3 3 2 2 2 2
 1 1 1 19 19 19 31 31 33 33 31 1 1 0 0 0 1 1 1 1 1 1 0 0 0 0 0 4 4 2 5 5 5 5 4 3 3 2 2 2 3 3 3 1 1 2
 1 1 1 19 19 19 31 31 33 33 31 1 1 0 0 0 1 1 1 1 1 1 0 0 0 0 0 4 4 2 5 5 5 5 4 3 3 2 2 2 3 3 3 1 1 2
 1 1 2 11 11 31 30 30 36 36 33 1 1 0 0 0 0 0 0 0 0 0 0 0 0 0 0 7 7 2 2 2 3 3 3 2 2 2 2 2 2 2 2 2 2 2
 2 2 3 18 18 44 35 35 44 44 16 15 15 0 0 0 1 1 0 0 0 0 0 0 0 0 8 1 1 1 2 2 1 1 2 2 2 2 2 2 2 2 3 3 3 3
 2 2 3 18 18 44 35 35 44 44 16 15 15 0 0 0 1 1 0 0 0 0 0 0 0 0 8 1 1 1 2 2 1 1 2 2 2 2 2 2 2 2 3 3 3 3
 3 3 14 22 22 49 57 57 53 53 6 1 1 0 0 0 1 1 1 0 0 0 1 1 3 3 5 2 2 1 1 1 1 1 1 1 1 2 2 2 3 3 4 4 4 4
 3 3 7 15 15 55 49 49 46 46 11 6 6 0 0 0 0 0 0 1 1 1 0 0 0 0 0 1 1 1 1 1 1 1 1 2 2 3 3 3 4 4 6 6 6 4
 3 3 7 15 15 55 49 49 46 46 11 6 6 0 0 0 0 0 0 1 1 1 0 0 0 0 0 1 1 1 1 1 1 1 1 2 2 3 3 3 4 4 6 6 6 4
 3 3 8 13 13 76 69 69 55 55 62 17 17 9 0 0 0 0 0 0 0 0 0 0 0 0 0 0 0 1 0 0 0 0 1 1 1 3 3 3 4 4 6 7 7 7
 3 3 8 13 13 76 69 69 55 55 62 17 17 9 0 0 0 0 0 0 0 0 0 0 0 0 0 0 0 1 0 0 0 0 1 1 1 3 3 3 4 4 6 7 7 7
 3 3 8 23 23 29 74 74 40 40 30 13 13 1 10 10 0 0 0 0 0 0 0 0 0 0 0 1 1 1 0 0 0 0 1 2 2 3 2 2 6 6 12 8 8 12
 5 5 9 31 31 22 58 58 25 25 19 2 2 1 1 1 0 0 0 0 0 0 1 1 1 1 0 0 0 1 1 1 1 1 2 3 3 3 3 3 7 7 13 12 12 15
 5 5 9 31 31 22 58 58 25 25 19 2 2 1 1 1 0 0 0 0 0 0 1 1 1 1 0 0 0 1 1 1 1 1 2 3 3 3 3 3 7 7 13 12 12 15
 4 4 5 31 31 51 45 45 56 56 49 3 3 1 1 1 1 1 1 1 1 0 0 0 1 1 0 0 0 0 0 0 1 1 2 2 2 4 7 7 13 13 14 11 11 9
 22 22 23 34 34 45 47 47 49 49 60 7 7 3 1 1 1 1 0 1 1 1 2 2 1 1 1 0 0 1 0 0 1 1 2 3 3 3 7 7 8 8 9 7 7 10
 22 22 23 34 34 45 47 47 49 49 60 7 7 3 1 1 1 1 0 1 1 1 2 2 1 1 1 0 0 1 0 0 1 1 2 3 3 3 7 7 8 8 9 7 7 10
 32 32 30 31 31 42 58 58 58 58 48 41 41 4 2 2 8 8 8 7 7 1 1 1 3 3 1 2 2 1 3 3 6 6 4 5 5 4 10 10 8 8 7 10 10 12
 32 32 30 31 31 42 58 58 58 58 48 41 41 4 2 2 8 8 8 7 7 1 1 1 3 3 1 2 2 1 3 3 6 6 4 5 5 4 10 10 8 8 7 10 10 12
 34 34 31 29 29 50 56 56 55 55 11 35 35 4 3 3 8 8 8 7 7 6 1 1 1 1 2 2 2 3 6 6 8 8 7 5 5 6 6 6 5 5 5 7 7 11
 30 30 25 8 8 8 4 4 44 44 6 4 4 5 4 4 3 3 7 6 6 6 0 0 1 1 4 3 3 7 5 5 5 5 4 4 4 4 4 4 4 4 5 5 5 8
 30 30 25 8 8 8 4 4 44 44 6 4 4 5 4 4 3 3 7 6 6 6 0 0 1 1 4 3 3 7 5 5 5 5 4 4 4 4 4 4 4 4 5 5 5 8
 27 27 23 7 7 8 4 4 4 4 5 5 5 4 4 4 4 4 4 4 4 3 1 1 2 2 2 8 8 9 7 7 4 4 3 4 4 7 5 5 3 3 2 2 2 5
 3 3 5 7 7 13 11 11 10 10 8 12 12 5 5 5 4 4 4 4 4 3 3 3 6 6 5 12 12 10 14 14 4 4 4 6 6 12 5 5 2 2 1 2 2 4
 3 3 5 7 7 13 11 11 10 10 8 12 12 5 5 5 4 4 4 4 4 3 3 3 6 6 5 12 12 10 14 14 4 4 4 6 6 12 5 5 2 2 1 2 2 4
 6 6 6 11 11 17 20 20 11 11 11 12 12 8 11 11 7 7 5 4 4 4 2 2 5 5 5 10 10 24 19 19 9 9 6 7 7 8 4 4 1 1 1 2 2 4
 6 6 6 11 11 17 20 20 11 11 11 12 12 8 11 11 7 7 5 4 4 4 2 2 5 5 5 10 10 24 19 19 9 9 6 7 7 8 4 4 1 1 1 2 2 4
 7 7 10 14 14 20 19 19 20 20 12 12 12 8 11 11 6 6 6 5 5 5 4 4 6 6 5 11 11 23 24 24 19 19 3 4 4 2 3 3 2 2 3 2 2 2
 10 10 12 12 12 14 19 19 16 16 16 11 11 10 6 6 5 5 6 6 6 6 5 5 7 7 6 11 11 24 10 10 9 9 3 4 4 4 3 3 3 3 3 2 2 2
 10 10 12 12 12 14 19 19 16 16 16 11 11 10 6 6 5 5 6 6 6 6 5 5 7 7 6 11 11 24 10 10 9 9 3 4 4 4 3 3 3 3 3 2 2 2
 11 11 11 12 12 11 13 13 10 10 10 8 8 9 5 5 5 5 5 6 6 6 5 5 9 9 7 5 5 9 3 3 1 1 2 3 3 5 4 4 4 4 4 4 4 3
 10 10 11 12 12 11 11 11 9 9 12 11 11 10 5 5 5 5 3 4 4 6 6 6 8 8 7 6 6 6 3 3 2 2 1 3 3 4 4 4 4 4 4 4 4 3
 10 10 11 12 12 11 11 11 9 9 12 11 11 10 5 5 5 5 3 4 4 6 6 6 8 8 7 6 6 6 3 3 2 2 1 3 3 4 4 4 4 4 4 4 4 3
 11 11 11 11 11 10 9 9 9 9 11 23 23 24 16 16 14 14 9 4 4 4 5 5 7 7 6 4 4 9 7 7 1 1 1 2 2 4 3 3 3 3 5 4 4 4
 11 11 11 11 11 10 9 9 9 9 11 23 23 24 16 16 14 14 9 4 4 4 5 5 7 7 6 4 4 9 7 7 1 1 1 2 2 4 3 3 3 3 5 4 4 4
 12 12 11 10 10 11 9 9 10 10 23 22 22 21 15 15 26 26 10 2 2 3 3 3 4 4 3 2 2 5 3 3 3 3 1 3 3 4 7 7 3 3 3 5 5 5
 9 9 9 8 8 7 9 9 5 5 16 25 25 27 27 27 29 29 14 15 15 6 5 5 4 4 3 2 2 1 1 1 2 2 2 5 5 9 7 7 6 6 3 5 5 6
 9 9 9 8 8 7 9 9 5 5 16 25 25 27 27 27 29 29 14 15 15 6 5 5 4 4 3 2 2 1 1 1 2 2 2 5 5 9 7 7 6 6 3 5 5 6
 6 6 6 9 9 6 18 18 16 16 17 27 27 26 33 33 34 34 36 20 20 7 5 5 2 2 2 2 2 2 5 5 4 4 5 7 7 9 10 10 6 6 4 6 6 8
 6 6 5 6 6 5 12 12 27 27 26 34 34 34 33 33 34 34 37 31 31 22 6 6 6 6 3 6 6 8 6 6 5 5 7 10 10 10 9 9 9 9 6 7 7 9
 6 6 5 6 6 5 12 12 27 27 26 34 34 34 33 33 34 34 37 31 31 22 6 6 6 6 3 6 6 8 6 6 5 5 7 10 10 10 9 9 9 9 6 7 7 9
 6 6 5 5 5 5 12 12 27 27 27 34 34 33 33 33 40 40 40 32 32 18 5 5 4 4 6 4 4 9 7 7 4 4 5 8 8 11 12 12 12 12 11 11 11 16
 6 6 5 5 5 5 12 12 27 27 27 34 34 33 33 33 40 40 40 32 32 18 5 5 4 4 6 4 4 9 7 7 4 4 5 8 8 11 12 12 12 12 11 11 11 16
 5 5 5 5 5 4 5 5 12 12 14 26 26 34 35 35 37 37 31 14 14 4 4 4 4 4 6 7 7 10 9 9 8 8 6 6 6 9 14 14 23 23 27 25 25 22
 5 5 5 5 5 4 3 3 11 11 7 20 20 41 43 43 33 33 32 33 33 14 4 4 4 4 6 5 5 9 8 8 8 8 9 9 9 13 14 14 24 24 34 44 44 42
 5 5 5 5 5 4 3 3 11 11 7 20 20 41 43 43 33 33 32 33 33 14 4 4 4 4 6 5 5 9 8 8 8 8 9 9 9 13 14 14 24 24 34 44 44 42
 4 4 4 4 4 4 3 3 5 5 6 6 6 40 33 33 34 34 27 30 30 15 4 4 4 4 7 7 7 7 9 9 9 9 11 11 11 14 16 16 28 28 37 40 40 50
 3 3 4 4 4 5 4 4 11 11 16 17 17 31 31 31 33 33 14 7 7 7 3 3 3 3 4 11 11 11 11 11 16 16 17 14 14 17 17 17 33 33 44 49 49 56
 3 3 4 4 4 5 4 4 11 11 16 17 17 31 31 31 33 33 14 7 7 7 3 3 3 3 4 11 11 11 11 11 16 16 17 14 14 17 17 17 33 33 44 49 49 56
 2 2 2 3 3 5 4 4 14 14 18 13 13 13 13 13 13 13 4 4 4 3 2 2 2 2 4 9 9 12 11 11 11 11 23 17 17 20 21 21 32 32 44 55 55 42
 2 2 2 3 3 5 4 4 14 14 18 13 13 13 13 13 13 13 4 4 4 3 2 2 2 2 4 9 9 12 11 11 11 11 23 17 17 20 21 21 32 32 44 55 55 42
 16 16 2 2 2 4 4 4 13 13 16 14 14 12 13 13 2 2 1 2 2 2 2 2 2 2 4 4 4 6 7 7 18 18 27 19 19 31 33 33 36 36 45 53 53 51
 21 21 3 2 2 4 5 5 6 6 5 3 3 2 3 3 3 3 4 2 2 2 2 2 2 2 3 4 4 5 6 6 17 17 23 24 24 27 31 31 37 37 38 28 28 31
 21 21 3 2 2 4 5 5 6 6 5 3 3 2 3 3 3 3 4 2 2 2 2 2 2 2 3 4 4 5 6 6 17 17 23 24 24 27 31 31 37 37 38 28 28 31
 23 23 27 12 12 12 5 5 6 6 7 4 4 3 2 2 1 1 1 4 4 2 2 2 2 2 3 3 3 6 7 7 14 14 22 20 20 31 33 33 43 43 38 40 40 40
 25 25 32 14 14 12 5 5 7 7 11 9 9 7 4 4 3 3 2 4 4 4 4 4 2 2 3 3 3 6 6 6 7 7 15 19 19 33 29 29 40 40 52 40 40 39
