assets/RAT_results_old/precipitation/2021-10-16_IMERG.asc
ncols        46
nrows        77
xllcorner    74.800261325624
yllcorner    8.058333333333
cellsize     0.062500000000
NODATA_value -9999
 113 113 126 125 125 93 75 75 78 78 49 46 46 42 40 40 23 23 23 26 26 25 34 34 30 30 26 19 19 20 17 17 21 21 20 28 28 27 25 25 19 19 23 14 14 11
 105 105 75 127 127 111 114 114 71 71 48 43 43 41 47 47 29 29 31 35 35 37 39 39 34 34 32 27 27 30 22 22 22 22 25 26 26 24 10 10 6 6 10 10 10 10
 105 105 75 127 127 111 114 114 71 71 48 43 43 41 47 47 29 29 31 35 35 37 39 39 34 34 32 27 27 30 22 22 22 22 25 26 26 24 10 10 6 6 10 10 10 10
 69 69 71 123 123 101 98 98 73 73 74 51 51 47 51 51 44 44 35 39 39 42 50 50 46 46 39 35 35 36 40 40 53 53 49 28 28 12 8 8 8 8 7 12 12 12
 39 39 113 67 67 67 93 93 78 78 79 59 59 67 50 50 41 41 39 44 44 47 59 59 56 56 44 36 36 32 29 29 24 24 25 23 23 19 17 17 11 11 9 11 11 11
 39 39 113 67 67 67 93 93 78 78 79 59 59 67 50 50 41 41 39 44 44 47 59 59 56 56 44 36 36 32 29 29 24 24 25 23 23 19 17 17 11 11 9 11 11 11
 39 39 115 80 80 80 99 99 94 94 98 77 77 77 45 45 49 49 52 50 50 52 57 57 54 54 43 40 40 41 31 31 20 20 26 30 30 26 19 19 19 19 12 10 10 5
 39 39 115 80 80 80 99 99 94 94 98 77 77 77 45 45 49 49 52 50 50 52 57 57 54 54 43 40 40 41 31 31 20 20 26 30 30 26 19 19 19 19 12 10 10 5
 40 40 125 77 77 84 115 115 107 107 134 88 88 89 60 60 83 83 62 51 51 49 47 47 47 47 37 39 39 39 44 44 21 21 27 36 36 29 33 33 31 31 18 24 24 18
 38 38 123 103 103 128 187 187 181 181 158 91 91 97 77 77 78 78 97 87 87 53 50 50 39 39 38 48 48 46 41 41 43 43 29 43 43 43 45 45 33 33 35 20 20 16
 38 38 123 103 103 128 187 187 181 181 158 91 91 97 77 77 78 78 97 87 87 53 50 50 39 39 38 48 48 46 41 41 43 43 29 43 43 43 45 45 33 33 35 20 20 16
 44 44 86 93 93 127 110 110 134 134 118 102 102 83 96 96 89 89 94 95 95 50 71 71 39 39 81 46 46 43 40 40 48 48 27 36 36 38 38 38 39 39 31 41 41 19
 46 46 49 72 72 95 104 104 131 131 123 114 114 79 85 85 110 110 102 93 93 47 47 47 70 70 64 54 54 47 40 40 54 54 46 50 50 53 41 41 45 45 51 39 39 22
 46 46 49 72 72 95 104 104 131 131 123 114 114 79 85 85 110 110 102 93 93 47 47 47 70 70 64 54 54 47 40 40 54 54 46 50 50 53 41 41 45 45 51 39 39 22
 48 48 53 77 77 56 94 94 107 107 105 101 101 79 83 83 119 119 101 84 84 40 47 47 47 47 43 55 55 63 56 56 53 53 52 53 53 50 38 38 47 47 50 36 36 35
 48 48 53 77 77 56 94 94 107 107 105 101 101 79 83 83 119 119 101 84 84 40 47 47 47 47 43 55 55 63 56 56 53 53 52 53 53 50 38 38 47 47 50 36 36 35
 52 52 59 63 63 63 79 79 118 118 106 113 113 94 90 90 108 108 102 101 101 82 59 59 49 49 49 54 54 62 51 51 56 56 61 52 52 50 43 43 49 49 45 43 43 42
 52 52 55 62 62 65 78 78 84 84 110 122 122 102 92 92 101 101 90 101 101 95 63 63 79 79 48 55 55 54 43 43 43 43 35 29 29 21 26 26 15 15 22 24 24 37
 52 52 55 62 62 65 78 78 84 84 110 122 122 102 92 92 101 101 90 101 101 95 63 63 79 79 48 55 55 54 43 43 43 43 35 29 29 21 26 26 15 15 22 24 24 37
 51 51 54 59 59 65 75 75 66 66 65 115 115 114 108 108 95 95 102 113 113 106 89 89 81 81 79 47 47 44 25 25 27 27 20 28 28 21 22 22 16 16 14 17 17 26
 61 61 56 55 55 59 66 66 65 65 64 97 97 122 120 120 113 113 106 120 120 109 96 96 80 80 67 56 56 51 28 28 26 26 18 21 21 18 21 21 20 20 17 12 12 21
 61 61 56 55 55 59 66 66 65 65 64 97 97 122 120 120 113 113 106 120 120 109 96 96 80 80 67 56 56 51 28 28 26 26 18 21 21 18 21 21 20 20 17 12 12 21
 61 61 59 66 66 62 62 62 73 73 73 79 79 116 116 116 106 106 101 88 88 106 79 79 69 69 60 55 55 52 46 46 30 30 17 18 18 22 21 21 20 20 20 18 18 18
 61 61 59 66 66 62 62 62 73 73 73 79 79 116 116 116 106 106 101 88 88 106 79 79 69 69 60 55 55 52 46 46 30 30 17 18 18 22 21 21 20 20 20 18 18 18
 65 65 69 70 70 61 69 69 78 78 71 76 76 96 101 101 97 97 91 74 74 79 72 72 50 50 49 44 44 61 54 54 37 37 38 27 27 22 18 18 21 21 23 22 22 23
 64 64 68 68 68 66 81 81 69 69 63 57 57 58 73 73 69 69 71 64 64 76 75 75 56 56 74 72 72 75 74 74 45 45 47 44 44 39 29 29 30 30 24 25 25 27
 64 64 68 68 68 66 81 81 69 69 63 57 57 58 73 73 69 69 71 64 64 76 75 75 56 56 74 72 72 75 74 74 45 45 47 44 44 39 29 29 30 30 24 25 25 27
 57 57 58 62 62 67 66 66 62 62 42 40 40 38 38 38 61 61 53 63 63 90 88 88 79 79 85 86 86 108 106 106 74 74 82 50 50 43 61 61 33 33 63 38 38 29
 32 32 43 48 48 55 60 60 73 73 34 25 25 26 44 44 59 59 54 71 71 86 92 92 93 93 94 118 118 124 149 149 149 149 115 96 96 71 64 64 62 62 64 38 38 38
 32 32 43 48 48 55 60 60 73 73 34 25 25 26 44 44 59 59 54 71 71 86 92 92 93 93 94 118 118 124 149 149 149 149 115 96 96 71 64 64 62 62 64 38 38 38
 28 28 33 26 26 32 39 39 61 61 47 23 23 27 64 64 62 62 54 96 96 94 83 83 98 98 107 133 133 139 162 162 154 154 99 97 97 75 63 63 61 61 60 30 30 36
 28 28 33 26 26 32 39 39 61 61 47 23 23 27 64 64 62 62 54 96 96 94 83 83 98 98 107 133 133 139 162 162 154 154 99 97 97 75 63 63 61 61 60 30 30 36
 25 25 23 19 19 24 26 26 33 33 29 44 44 62 75 75 60 60 58 101 101 93 61 61 71 71 72 130 130 139 161 161 146 146 82 82 82 71 59 59 57 57 57 26 26 31
 29 29 23 24 24 25 23 23 25 25 22 26 26 37 71 71 46 46 60 79 79 76 60 60 70 70 62 93 93 108 110 110 95 95 78 71 71 60 56 56 25 25 26 18 18 19
 29 29 23 24 24 25 23 23 25 25 22 26 26 37 71 71 46 46 60 79 79 76 60 60 70 70 62 93 93 108 110 110 95 95 78 71 71 60 56 56 25 25 26 18 18 19
 25 25 23 21 21 24 27 27 21 21 23 30 30 34 57 57 42 42 51 55 55 57 62 62 69 69 66 76 76 79 82 82 80 80 75 68 68 60 55 55 23 23 17 16 16 12
 24 24 21 27 27 32 32 32 28 28 28 22 22 39 35 35 42 42 36 51 51 55 65 65 67 67 68 73 73 60 55 55 59 59 51 50 50 43 27 27 22 22 14 14 14 10
 24 24 21 27 27 32 32 32 28 28 28 22 22 39 35 35 42 42 36 51 51 55 65 65 67 67 68 73 73 60 55 55 59 59 51 50 50 43 27 27 22 22 14 14 14 10
 27 27 24 23 23 32 31 31 29 29 32 23 23 40 36 36 37 37 30 45 45 56 82 82 80 80 118 67 67 55 52 52 54 54 46 45 45 35 25 25 17 17 11 11 11 8
 27 27 24 23 23 32 31 31 29 29 32 23 23 40 36 36 37 37 30 45 45 56 82 82 80 80 118 67 67 55 52 52 54 54 46 45 45 35 25 25 17 17 11 11 11 8
 29 29 27 25 25 32 34 34 33 33 33 32 32 34 33 33 30 30 30 53 53 61 88 88 96 96 96 53 53 51 52 52 59 59 48 43 43 35 28 28 22 22 13 12 12 13
 34 34 34 32 32 33 33 33 83 83 26 28 28 32 30 30 33 33 34 55 55 60 80 80 92 92 78 58 58 62 75 75 72 72 66 56 56 37 30 30 25 25 15 15 15 17
 34 34 34 32 32 33 33 33 83 83 26 28 28 32 30 30 33 33 34 55 55 60 80 80 92 92 78 58 58 62 75 75 72 72 66 56 56 37 30 30 25 25 15 15 15 17
 52 52 39 42 42 39 34 34 87 87 115 101 101 103 111 111 34 34 37 51 51 70 57 57 57 57 72 68 68 71 79 79 73 73 79 66 66 44 38 38 26 26 12 17 17 16
 51 51 39 37 37 33 34 34 35 35 69 104 104 105 114 114 226 226 229 166 166 116 128 128 58 58 63 77 77 96 136 136 138 138 79 88 88 42 30 30 20 20 12 18 18 17
 51 51 39 37 37 33 34 34 35 35 69 104 104 105 114 114 226 226 229 166 166 116 128 128 58 58 63 77 77 96 136 136 138 138 79 88 88 42 30 30 20 20 12 18 18 17
 35 35 33 41 41 43 41 41 39 39 70 54 54 55 72 72 101 101 232 146 146 117 123 123 66 66 57 117 117 115 139 139 119 119 72 92 92 77 35 35 20 20 16 14 14 16
 35 35 33 41 41 43 41 41 39 39 70 54 54 55 72 72 101 101 232 146 146 117 123 123 66 66 57 117 117 115 139 139 119 119 72 92 92 77 35 35 20 20 16 14 14 16
 52 52 42 42 42 43 47 47 49 49 46 39 39 37 81 81 102 102 66 63 63 40 45 45 69 69 63 108 108 108 146 146 157 157 151 173 173 84 36 36 24 24 20 17 17 11
 50 50 48 64 64 69 62 62 65 65 51 44 44 39 46 46 42 42 36 34 34 39 45 45 67 67 53 80 80 243 253 253 247 247 143 208 208 127 61 61 39 39 24 16 16 7
 50 50 48 64 64 69 62 62 65 65 51 44 44 39 46 46 42 42 36 34 34 39 45 45 67 67 53 80 80 243 253 253 247 247 143 208 208 127 61 61 39 39 24 16 16 7
 79 79 76 76 76 79 69 69 65 65 44 41 41 29 36 36 34 34 34 34 34 34 41 41 89 89 92 62 62 255 255 255 250 250 120 146 146 286 87 87 87 87 24 16 16 3
 97 97 84 73 73 57 53 53 54 54 35 40 40 26 26 26 29 29 29 32 32 48 60 60 88 88 72 75 75 277 251 251 267 267 150 140 140 291 102 102 79 79 20 13 13 4
 97 97 84 73 73 57 53 53 54 54 35 40 40 26 26 26 29 29 29 32 32 48 60 60 88 88 72 75 75 277 251 251 267 267 150 140 140 291 102 102 79 79 20 13 13 4
 86 86 93 77 77 64 58 58 51 51 32 28 28 29 25 25 29 29 29 31 31 45 58 58 81 81 85 112 112 82 152 152 268 268 166 252 252 256 70 70 35 35 13 12 12 5
 86 86 93 77 77 64 58 58 51 51 32 28 28 29 25 25 29 29 29 31 31 45 58 58 81 81 85 112 112 82 152 152 268 268 166 252 252 256 70 70 35 35 13 12 12 5
 52 52 55 68 68 60 54 54 50 50 32 26 26 26 27 27 32 32 31 34 34 37 59 59 81 81 75 92 92 92 170 170 186 186 275 160 160 156 54 54 28 28 20 6 6 7
 37 37 33 38 38 41 45 45 40 40 33 23 23 25 24 24 29 29 31 31 31 30 56 56 73 73 80 84 84 73 111 111 171 171 158 150 150 144 54 54 27 27 19 7 7 6
 37 37 33 38 38 41 45 45 40 40 33 23 23 25 24 24 29 29 31 31 31 30 56 56 73 73 80 84 84 73 111 111 171 171 158 150 150 144 54 54 27 27 19 7 7 6
 24 24 17 21 21 25 25 25 29 29 26 22 22 23 22 22 20 20 26 26 26 25 40 40 46 46 79 67 67 70 93 93 166 166 145 66 66 44 41 41 25 25 16 6 6 5
 11 11 12 15 15 16 16 16 20 20 20 17 17 17 18 18 20 20 23 28 28 29 27 27 43 43 59 57 57 69 74 74 80 80 70 58 58 44 39 39 33 33 10 8 8 2
 11 11 12 15 15 16 16 16 20 20 20 17 17 17 18 18 20 20 23 28 28 29 27 27 43 43 59 57 57 69 74 74 80 80 70 58 58 44 39 39 33 33 10 8 8 2
 8 8 9 9 9 13 14 14 15 15 16 16 16 15 16 16 17 17 19 21 21 25 25 25 47 47 45 69 69 70 65 65 54 54 54 59 59 57 55 55 35 35 12 7 7 1
 8 8 9 9 9 13 14 14 15 15 16 16 16 15 16 16 17 17 19 21 21 25 25 25 47 47 45 69 69 70 65 65 54 54 54 59 59 57 55 55 35 35 12 7 7 1
 9 9 8 7 7 9 11 11 14 14 14 12 12 13 14 14 16 16 18 18 18 20 21 21 26 26 39 51 51 68 82 82 55 55 49 61 61 68 71 71 54 54 39 33 33 7
 7 7 8 8 8 8 9 9 11 11 12 11 11 11 12 12 14 14 14 17 17 17 17 17 21 21 25 32 32 61 82 82 77 77 66 62 62 71 81 81 124 124 115 96 96 9
 7 7 8 8 8 8 9 9 11 11 12 11 11 11 12 12 14 14 14 17 17 17 17 17 21 21 25 32 32 61 82 82 77 77 66 62 62 71 81 81 124 124 115 96 96 9
 6 6 6 6 6 6 7 7 8 8 10 10 10 10 11 11 13 13 11 13 13 19 12 12 16 16 40 40 40 40 51 51 52 52 53 57 57 76 67 67 100 100 89 74 74 8
 7 7 6 6 6 7 7 7 9 9 10 10 10 10 10 10 9 9 10 10 10 13 9 9 10 10 32 32 32 27 31 31 35 35 37 39 39 67 63 63 70 70 29 23 23 6
 7 7 6 6 6 7 7 7 9 9 10 10 10 10 10 10 9 9 10 10 10 13 9 9 10 10 32 32 32 27 31 31 35 35 37 39 39 67 63 63 70 70 29 23 23 6
 8 8 8 8 8 9 9 9 9 9 12 11 11 9 9 9 8 8 9 11 11 12 9 9 11 11 11 12 12 17 24 24 29 29 42 40 40 52 50 50 39 39 24 13 13 5
 8 8 8 8 8 9 9 9 9 9 12 11 11 9 9 9 8 8 9 11 11 12 9 9 11 11 11 12 12 17 24 24 29 29 42 40 40 52 50 50 39 39 24 13 13 5
 10 10 11 11 11 13 10 10 11 11 13 12 12 12 11 11 8 8 12 16 16 27 24 24 18 18 16 13 13 16 23 23 26 26 64 58 58 38 39 39 35 35 20 15 15 10
 11 11 12 13 13 15 14 14 17 17 18 12 12 12 10 10 10 10 12 23 23 29 36 36 33 33 21 18 18 33 18 18 40 40 50 42 42 25 23 23 23 23 20 25 25 50
 11 11 12 13 13 15 14 14 17 17 18 12 12 12 10 10 10 10 12 23 23 29 36 36 33 33 21 18 18 33 18 18 40 40 50 42 42 25 23 23 23 23 20 25 25 50
 11 11 11 13 13 14 15 15 18 18 17 11 11 11 11 11 8 8 9 12 12 19 17 17 23 23 22 20 20 15 18 18 18 18 26 16 16 18 20 20 20 20 24 28 28 61
 10 10 11 13 13 13 13 13 15 15 12 10 10 9 9 9 7 7 8 10 10 12 18 18 13 13 11 11 11 9 13 13 11 11 20 15 15 13 17 17 18 18 24 23 23 24
