assets/RAT_results_old/precipitation/2021-10-20_IMERG.asc
ncols        46
nrows        77
xllcorner    74.800261325624
yllcorner    8.058333333333
cellsize     0.062500000000
NODATA_value -9999
 26 26 25 38 38 50 86 86 51 51 40 65 65 73 34 34 42 42 29 25 25 28 35 35 53 53 35 39 39 66 78 78 65 65 52 49 49 8 5 5 1 1 3 1 1 1
 36 36 32 39 39 67 76 76 49 49 40 38 38 65 26 26 27 27 30 27 27 34 84 84 80 80 77 105 105 91 78 78 82 82 53 50 50 7 5 5 1 1 1 0 0 0
 36 36 32 39 39 67 76 76 49 49 40 38 38 65 26 26 27 27 30 27 27 34 84 84 80 80 77 105 105 91 78 78 82 82 53 50 50 7 5 5 1 1 1 0 0 0
 39 39 35 43 43 67 92 92 54 54 53 45 45 31 25 25 27 27 34 34 34 61 72 72 78 78 97 110 110 94 108 108 87 87 54 53 53 6 3 3 0 0 0 0 0 0
 39 39 31 61 61 99 121 121 70 70 59 61 61 32 30 30 31 31 38 55 55 55 60 60 67 67 89 113 113 93 96 96 81 81 52 47 47 7 3 3 3 3 1 1 1 1
 39 39 31 61 61 99 121 121 70 70 59 61 61 32 30 30 31 31 38 55 55 55 60 60 67 67 89 113 113 93 96 96 81 81 52 47 47 7 3 3 3 3 1 1 1 1
 33 33 42 32 32 59 57 57 53 53 59 62 62 32 40 40 43 43 50 50 50 55 53 53 62 62 58 77 77 74 80 80 74 74 52 17 17 11 4 4 3 3 4 4 4 4
 33 33 42 32 32 59 57 57 53 53 59 62 62 32 40 40 43 43 50 50 50 55 53 53 62 62 58 77 77 74 80 80 74 74 52 17 17 11 4 4 3 3 4 4 4 4
 28 28 14 21 21 29 34 34 40 40 49 43 43 43 68 68 43 43 41 79 79 77 65 65 57 57 62 78 78 80 70 70 60 60 55 21 21 20 8 8 7 7 2 2 2 3
 113 113 22 18 18 26 30 30 32 32 33 34 34 37 75 75 46 46 53 78 78 71 72 72 70 70 71 74 74 68 60 60 42 42 48 21 21 28 18 18 32 32 13 5 5 5
 113 113 22 18 18 26 30 30 32 32 33 34 34 37 75 75 46 46 53 78 78 71 72 72 70 70 71 74 74 68 60 60 42 42 48 21 21 28 18 18 32 32 13 5 5 5
 70 70 17 9 9 22 25 25 22 22 27 28 28 36 48 48 49 49 70 88 88 80 79 79 70 70 80 59 59 57 54 54 43 43 42 16 16 60 68 68 45 45 55 16 16 7
 70 70 22 10 10 16 21 21 36 36 42 42 42 31 32 32 30 30 39 62 62 69 70 70 67 67 89 115 115 56 38 38 17 17 22 17 17 29 30 30 33 33 51 15 15 13
 70 70 22 10 10 16 21 21 36 36 42 42 42 31 32 32 30 30 39 62 62 69 70 70 67 67 89 115 115 56 38 38 17 17 22 17 17 29 30 30 33 33 51 15 15 13
 44 44 24 13 13 11 18 18 23 23 30 39 39 42 50 50 40 40 39 39 39 64 71 71 35 35 46 92 92 38 26 26 20 20 24 25 25 66 89 89 39 39 35 11 11 13
 44 44 24 13 13 11 18 18 23 23 30 39 39 42 50 50 40 40 39 39 39 64 71 71 35 35 46 92 92 38 26 26 20 20 24 25 25 66 89 89 39 39 35 11 11 13
 16 16 11 9 9 6 13 13 22 22 30 39 39 43 35 35 41 41 50 41 41 30 36 36 54 54 57 81 81 38 24 24 26 26 22 20 20 30 88 88 41 41 22 9 9 10
 5 5 3 6 6 5 13 13 18 18 26 31 31 40 36 36 45 45 48 55 55 21 27 27 28 28 30 17 17 16 29 29 23 23 25 22 22 29 38 38 23 23 23 7 7 4
 5 5 3 6 6 5 13 13 18 18 26 31 31 40 36 36 45 45 48 55 55 21 27 27 28 28 30 17 17 16 29 29 23 23 25 22 22 29 38 38 23 23 23 7 7 4
 2 2 2 6 6 7 9 9 17 17 18 28 28 37 40 40 42 42 60 65 65 53 40 40 28 28 24 17 17 16 18 18 40 40 36 31 31 70 38 38 32 32 7 7 7 4
 2 2 2 5 5 6 9 9 15 15 15 24 24 39 45 45 42 42 51 51 51 42 55 55 61 61 40 18 18 18 32 32 46 46 55 79 79 66 38 38 31 31 3 3 3 4
 2 2 2 5 5 6 9 9 15 15 15 24 24 39 45 45 42 42 51 51 51 42 55 55 61 61 40 18 18 18 32 32 46 46 55 79 79 66 38 38 31 31 3 3 3 4
 3 3 3 6 6 6 5 5 10 10 12 16 16 30 46 46 64 64 43 39 39 40 55 55 48 48 59 27 27 17 20 20 38 38 27 38 38 62 31 31 30 30 3 4 4 5
 3 3 3 6 6 6 5 5 10 10 12 16 16 30 46 46 64 64 43 39 39 40 55 55 48 48 59 27 27 17 20 20 38 38 27 38 38 62 31 31 30 30 3 4 4 5
 6 6 5 8 8 8 8 8 12 12 13 16 16 28 34 34 63 63 37 35 35 40 46 46 62 62 91 38 38 14 8 8 22 22 20 34 34 37 17 17 14 14 4 4 4 3
 9 9 10 12 12 15 21 21 22 22 18 26 26 27 31 31 36 36 38 33 33 34 43 43 104 104 52 40 40 32 53 53 3 3 12 20 20 22 21 21 14 14 15 4 4 3
 9 9 10 12 12 15 21 21 22 22 18 26 26 27 31 31 36 36 38 33 33 34 43 43 104 104 52 40 40 32 53 53 3 3 12 20 20 22 21 21 14 14 15 4 4 3
 12 12 14 16 16 28 43 43 36 36 21 28 28 26 26 26 36 36 34 23 23 51 47 47 51 51 36 59 59 52 16 16 3 3 14 25 25 23 26 26 10 10 10 4 4 3
 13 13 15 19 19 23 39 39 35 35 31 39 39 37 37 37 41 41 31 30 30 32 51 51 39 39 27 34 34 37 23 23 8 8 9 11 11 32 15 15 5 5 6 4 4 3
 13 13 15 19 19 23 39 39 35 35 31 39 39 37 37 37 41 41 31 30 30 32 51 51 39 39 27 34 34 37 23 23 8 8 9 11 11 32 15 15 5 5 6 4 4 3
 39 39 30 34 34 24 28 28 31 31 33 40 40 48 46 46 37 37 42 35 35 71 36 36 27 27 21 23 23 30 16 16 11 11 11 8 8 7 7 7 7 7 8 6 6 7
 39 39 30 34 34 24 28 28 31 31 33 40 40 48 46 46 37 37 42 35 35 71 36 36 27 27 21 23 23 30 16 16 11 11 11 8 8 7 7 7 7 7 8 6 6 7
 42 42 50 52 52 54 23 23 23 23 34 54 54 54 51 51 42 42 45 51 51 60 59 59 34 34 31 71 71 22 22 22 10 10 16 6 6 6 5 5 7 7 7 6 6 6
 29 29 55 54 54 55 21 21 26 26 37 39 39 62 62 62 60 60 82 74 74 81 61 61 38 38 35 29 29 27 19 19 21 21 18 15 15 7 5 5 5 5 5 5 5 6
 29 29 55 54 54 55 21 21 26 26 37 39 39 62 62 62 60 60 82 74 74 81 61 61 38 38 35 29 29 27 19 19 21 21 18 15 15 7 5 5 5 5 5 5 5 6
 15 15 29 26 26 19 17 17 19 19 24 58 58 82 54 54 58 58 72 64 64 63 81 81 89 89 43 59 59 26 48 48 40 40 15 12 12 10 6 6 4 4 2 2 2 3
 10 10 8 10 10 10 22 22 22 22 31 54 54 68 78 78 47 47 62 69 69 83 74 74 93 93 104 53 53 67 204 204 51 51 70 15 15 9 6 6 4 4 2 2 2 4
 10 10 8 10 10 10 22 22 22 22 31 54 54 68 78 78 47 47 62 69 69 83 74 74 93 93 104 53 53 67 204 204 51 51 70 15 15 9 6 6 4 4 2 2 2 4
 9 9 7 10 10 10 22 22 16 16 16 31 31 36 34 34 35 35 51 86 86 82 60 60 124 124 48 32 32 40 208 208 66 66 87 39 39 13 11 11 6 6 4 5 5 4
 9 9 7 10 10 10 22 22 16 16 16 31 31 36 34 34 35 35 51 86 86 82 60 60 124 124 48 32 32 40 208 208 66 66 87 39 39 13 11 11 6 6 4 5 5 4
 14 14 10 10 10 11 11 11 21 21 23 36 36 24 22 22 42 42 48 94 94 88 85 85 72 72 41 20 20 43 24 24 31 31 27 24 24 18 14 14 9 9 12 7 7 16
 18 18 18 19 19 16 16 16 20 20 20 20 20 20 26 26 27 27 43 47 47 71 42 42 40 40 43 29 29 34 41 41 33 33 32 18 18 16 16 16 16 16 21 44 44 52
 18 18 18 19 19 16 16 16 20 20 20 20 20 20 26 26 27 27 43 47 47 71 42 42 40 40 43 29 29 34 41 41 33 33 32 18 18 16 16 16 16 16 21 44 44 52
 15 15 14 15 15 12 11 11 14 14 17 14 14 18 34 34 36 36 42 70 70 52 60 60 41 41 41 26 26 41 57 57 51 51 36 27 27 26 34 34 21 21 22 30 30 30
 18 18 14 12 12 12 11 11 13 13 15 14 14 17 34 34 32 32 43 52 52 53 38 38 38 38 39 34 34 50 76 76 43 43 34 19 19 18 25 25 32 32 16 42 42 42
 18 18 14 12 12 12 11 11 13 13 15 14 14 17 34 34 32 32 43 52 52 53 38 38 38 38 39 34 34 50 76 76 43 43 34 19 19 18 25 25 32 32 16 42 42 42
 20 20 15 13 13 13 13 13 15 15 15 14 14 18 14 14 20 20 30 59 59 59 93 93 66 66 73 54 54 54 75 75 61 61 46 24 24 32 45 45 44 44 17 7 7 16
 20 20 15 13 13 13 13 13 15 15 15 14 14 18 14 14 20 20 30 59 59 59 93 93 66 66 73 54 54 54 75 75 61 61 46 24 24 32 45 45 44 44 17 7 7 16
 17 17 16 13 13 12 16 16 15 15 16 15 15 18 15 15 25 25 36 32 32 63 95 95 64 64 64 44 44 90 64 64 66 66 36 29 29 25 30 30 31 31 18 6 6 18
 7 7 8 11 11 17 19 19 17 17 19 16 16 17 21 21 21 21 26 23 23 20 65 65 51 51 65 46 46 56 44 44 57 57 22 23 23 20 42 42 16 16 9 7 7 11
 7 7 8 11 11 17 19 19 17 17 19 16 16 17 21 21 21 21 26 23 23 20 65 65 51 51 65 46 46 56 44 44 57 57 22 23 23 20 42 42 16 16 9 7 7 11
 4 4 6 9 9 8 13 13 14 14 18 16 16 17 21 21 22 22 22 23 23 21 16 16 25 25 32 31 31 25 36 36 29 29 17 18 18 19 20 20 12 12 12 8 8 11
 1 1 3 5 5 5 6 6 9 9 17 18 18 15 16 16 14 14 13 14 14 18 18 18 22 22 26 31 31 25 19 19 64 64 17 16 16 19 19 19 26 26 14 12 12 6
 1 1 3 5 5 5 6 6 9 9 17 18 18 15 16 16 14 14 13 14 14 18 18 18 22 22 26 31 31 25 19 19 64 64 17 16 16 19 19 19 26 26 14 12 12 6
 1 1 1 1 1 2 2 2 4 4 9 12 12 8 12 12 10 10 10 15 15 21 21 21 27 27 22 26 26 24 25 25 37 37 84 21 21 27 37 37 31 31 25 19 19 8
 1 1 1 1 1 2 2 2 4 4 9 12 12 8 12 12 10 10 10 15 15 21 21 21 27 27 22 26 26 24 25 25 37 37 84 21 21 27 37 37 31 31 25 19 19 8
 0 0 1 1 1 1 1 1 2 2 5 8 8 7 6 6 5 5 6 13 13 13 20 20 34 34 36 35 35 26 26 26 58 58 102 32 32 37 40 40 29 29 27 31 31 34
 0 0 0 1 1 1 1 1 2 2 4 5 5 4 3 3 6 6 8 18 18 29 65 65 75 75 69 32 32 26 30 30 32 32 54 31 31 32 26 26 53 53 49 154 154 46
 0 0 0 1 1 1 1 1 2 2 4 5 5 4 3 3 6 6 8 18 18 29 65 65 75 75 69 32 32 26 30 30 32 32 54 31 31 32 26 26 53 53 49 154 154 46
 1 1 1 1 1 1 1 1 1 1 2 5 5 4 3 3 5 5 5 17 17 30 62 62 112 112 100 80 80 25 28 28 23 23 21 26 26 27 21 21 62 62 33 33 33 28
 1 1 1 1 1 1 1 1 1 1 1 2 2 2 4 4 4 4 4 10 10 23 24 24 67 67 68 33 33 36 24 24 26 26 20 23 23 33 22 22 33 33 38 34 34 27
 1 1 1 1 1 1 1 1 1 1 1 2 2 2 4 4 4 4 4 10 10 23 24 24 67 67 68 33 33 36 24 24 26 26 20 23 23 33 22 22 33 33 38 34 34 27
 1 1 1 1 1 1 1 1 1 1 1 1 1 4 4 4 4 4 4 12 12 19 15 15 23 23 33 35 35 37 24 24 21 21 21 23 23 22 29 29 30 30 33 33 33 19
 1 1 1 1 1 1 1 1 1 1 1 1 1 4 4 4 4 4 4 12 12 19 15 15 23 23 33 35 35 37 24 24 21 21 21 23 23 22 29 29 30 30 33 33 33 19
 1 1 1 1 1 1 1 1 1 1 1 1 1 1 2 2 4 4 4 7 7 14 19 19 23 23 35 35 35 37 31 31 35 35 20 12 12 17 26 26 26 26 20 21 21 17
 1 1 1 1 1 1 1 1 1 1 0 0 0 1 1 1 1 1 4 4 4 8 9 9 29 29 33 31 31 26 12 12 21 21 22 18 18 14 15 15 18 18 19 18 18 14
 1 1 1 1 1 1 1 1 1 1 0 0 0 1 1 1 1 1 4 4 4 8 9 9 29 29 33 31 31 26 12 12 21 21 22 18 18 14 15 15 18 18 19 18 18 14
 1 1 1 0 0 0 0 0 0 0 0 0 0 0 0 0 0 0 4 4 4 6 7 7 5 5 9 11 11 13 16 16 13 13 13 18 18 18 12 12 12 12 15 18 18 28
 1 1 0 0 0 1 1 1 1 1 1 1 1 0 0 0 0 0 3 3 3 3 5 5 5 5 4 7 7 7 8 8 10 10 11 12 12 10 9 9 11 11 14 20 20 21
 1 1 0 0 0 1 1 1 1 1 1 1 1 0 0 0 0 0 3 3 3 3 5 5 5 5 4 7 7 7 8 8 10 10 11 12 12 10 9 9 11 11 14 20 20 21
 0 0 0 0 0 1 0 0 0 0 1 1 1 1 0 0 0 0 1 1 1 1 1 1 1 1 1 3 3 5 5 5 6 6 17 12 12 7 5 5 13 13 23 20 20 24
 0 0 0 0 0 1 0 0 0 0 1 1 1 1 0 0 0 0 1 1 1 1 1 1 1 1 1 3 3 5 5 5 6 6 17 12 12 7 5 5 13 13 23 20 20 24
 0 0 0 0 0 0 0 0 0 0 0 0 0 0 0 0 0 0 0 0 0 0 1 1 1 1 1 1 1 1 3 3 3 3 8 7 7 6 5 5 11 11 19 39 39 23
 1 1 0 0 0 0 0 0 0 0 0 0 0 0 0 0 0 0 0 0 0 0 0 0 1 1 1 1 1 1 2 2 2 2 2 2 2 6 6 6 13 13 23 31 31 22
 1 1 0 0 0 0 0 0 0 0 0 0 0 0 0 0 0 0 0 0 0 0 0 0 1 1 1 1 1 1 2 2 2 2 2 2 2 6 6 6 13 13 23 31 31 22
 1 1 2 1 1 0 0 0 0 0 0 0 0 0 0 0 0 0 0 0 0 0 0 0 0 0 1 1 1 1 1 1 1 1 1 2 2 2 5 5 6 6 12 10 10 9
 3 3 2 1 1 1 0 0 0 0 0 0 0 0 0 0 0 0 0 0 0 0 0 0 0 0 0 0 0 1 1 1 1 1 1 1 1 1 1 1 2 2 2 1 1 0
