assets/RAT_results_old/precipitation/2021-11-06_IMERG.asc
ncols        46
nrows        77
xllcorner    74.800261325624
yllcorner    8.058333333333
cellsize     0.062500000000
NODATA_value -9999
 16 16 16 17 17 16 27 27 38 38 52 53 53 46 32 32 21 21 4 7 7 4 0 0 0 0 1 1 1 1 0 0 0 0 0 0 0 0 0 0 0 0 0 0 0 1
 16 16 19 20 20 22 28 28 40 40 51 49 49 45 29 29 16 16 8 7 7 4 1 1 0 0 1 1 1 1 0 0 0 0 0 0 0 0 0 0 0 0 0 0 0 0
 16 16 19 20 20 22 28 28 40 40 51 49 49 45 29 29 16 16 8 7 7 4 1 1 0 0 1 1 1 1 0 0 0 0 0 0 0 0 0 0 0 0 0 0 0 0
 13 13 16 22 22 24 26 26 30 30 45 42 42 45 37 37 28 28 15 11 11 7 2 2 2 2 1 0 0 0 0 0 0 0 0 0 0 0 0 0 0 0 0 0 0 1
 6 6 9 17 17 19 22 22 24 24 44 39 39 32 29 29 23 23 15 6 6 6 2 2 1 1 1 1 1 0 0 0 0 0 0 0 0 0 0 0 0 0 0 1 1 2
 6 6 9 17 17 19 22 22 24 24 44 39 39 32 29 29 23 23 15 6 6 6 2 2 1 1 1 1 1 0 0 0 0 0 0 0 0 0 0 0 0 0 0 1 1 2
 4 4 6 10 10 13 21 21 21 21 27 31 31 31 21 21 17 17 16 7 7 4 3 3 3 3 3 2 2 1 0 0 0 0 0 0 0 0 0 0 0 0 1 1 1 2
 4 4 6 10 10 13 21 21 21 21 27 31 31 31 21 21 17 17 16 7 7 4 3 3 3 3 3 2 2 1 0 0 0 0 0 0 0 0 0 0 0 0 1 1 1 2
 11 11 9 8 8 9 11 11 13 13 17 20 20 19 15 15 12 12 13 10 10 11 10 10 5 5 3 4 4 4 2 2 0 0 0 0 0 0 0 0 0 0 0 0 0 1
 4 4 9 9 9 4 4 4 6 6 12 17 17 14 16 16 14 14 11 9 9 11 12 12 7 7 10 5 5 0 2 2 2 2 1 0 0 0 0 0 0 0 0 0 0 0
 4 4 9 9 9 4 4 4 6 6 12 17 17 14 16 16 14 14 11 9 9 11 12 12 7 7 10 5 5 0 2 2 2 2 1 0 0 0 0 0 0 0 0 0 0 0
 2 2 6 7 7 10 6 6 7 7 9 10 10 13 14 14 13 13 9 7 7 9 13 13 13 13 11 4 4 1 2 2 1 1 3 1 1 0 0 0 0 0 0 0 0 0
 1 1 4 4 4 7 7 7 10 10 11 9 9 10 9 9 10 10 13 9 9 8 16 16 12 12 17 7 7 2 5 5 1 1 5 1 1 0 0 0 0 0 0 0 0 0
 1 1 4 4 4 7 7 7 10 10 11 9 9 10 9 9 10 10 13 9 9 8 16 16 12 12 17 7 7 2 5 5 1 1 5 1 1 0 0 0 0 0 0 0 0 0
 1 1 3 0 0 3 8 8 11 11 10 9 9 7 9 9 6 6 12 11 11 9 12 12 24 24 18 10 10 8 8 8 6 6 7 1 1 1 2 2 1 1 1 0 0 0
 1 1 3 0 0 3 8 8 11 11 10 9 9 7 9 9 6 6 12 11 11 9 12 12 24 24 18 10 10 8 8 8 6 6 7 1 1 1 2 2 1 1 1 0 0 0
 0 0 0 0 0 3 11 11 14 14 16 8 8 10 10 10 10 10 10 9 9 15 9 9 12 12 19 11 11 17 15 15 9 9 21 10 10 3 6 6 3 3 1 2 2 2
 0 0 0 1 1 4 4 4 13 13 16 14 14 11 12 12 9 9 4 9 9 11 10 10 9 9 10 15 15 16 19 19 18 18 23 11 11 4 6 6 5 5 3 2 2 5
 0 0 0 1 1 4 4 4 13 13 16 14 14 11 12 12 9 9 4 9 9 11 10 10 9 9 10 15 15 16 19 19 18 18 23 11 11 4 6 6 5 5 3 2 2 5
 0 0 0 1 1 0 0 0 6 6 13 15 15 13 10 10 9 9 3 7 7 9 12 12 10 10 10 14 14 12 12 12 14 14 22 9 9 7 8 8 6 6 8 6 6 10
 0 0 0 0 0 0 0 0 2 2 3 6 6 7 8 8 5 5 3 2 2 5 5 5 12 12 7 9 9 5 6 6 6 6 10 11 11 6 6 6 7 7 11 7 7 9
 0 0 0 0 0 0 0 0 2 2 3 6 6 7 8 8 5 5 3 2 2 5 5 5 12 12 7 9 9 5 6 6 6 6 10 11 11 6 6 6 7 7 11 7 7 9
 0 0 0 0 0 0 0 0 2 2 3 4 4 6 7 7 5 5 5 2 2 3 3 3 7 7 7 9 9 10 6 6 10 10 7 7 7 13 16 16 8 8 13 8 8 14
 0 0 0 0 0 0 0 0 2 2 3 4 4 6 7 7 5 5 5 2 2 3 3 3 7 7 7 9 9 10 6 6 10 10 7 7 7 13 16 16 8 8 13 8 8 14
 0 0 0 0 0 0 0 0 0 0 0 1 1 2 1 1 1 1 1 2 2 2 4 4 7 7 7 9 9 9 9 9 6 6 11 13 13 14 15 15 8 8 10 11 11 12
 0 0 0 0 0 0 0 0 0 0 0 0 0 2 2 2 1 1 1 1 1 1 3 3 5 5 7 10 10 9 11 11 5 5 7 14 14 16 10 10 11 11 9 12 12 13
 0 0 0 0 0 0 0 0 0 0 0 0 0 2 2 2 1 1 1 1 1 1 3 3 5 5 7 10 10 9 11 11 5 5 7 14 14 16 10 10 11 11 9 12 12 13
 0 0 0 0 0 0 0 0 0 0 0 0 0 0 2 2 3 3 3 1 1 0 1 1 5 5 6 13 13 10 9 9 5 5 5 9 9 11 10 10 9 9 9 11 11 10
 0 0 0 0 0 0 0 0 0 0 0 0 0 0 1 1 2 2 15 5 5 1 0 0 6 6 6 7 7 5 8 8 4 4 7 6 6 7 6 6 9 9 11 12 12 14
 0 0 0 0 0 0 0 0 0 0 0 0 0 0 1 1 2 2 15 5 5 1 0 0 6 6 6 7 7 5 8 8 4 4 7 6 6 7 6 6 9 9 11 12 12 14
 0 0 0 0 0 0 0 0 0 0 0 0 0 0 1 1 2 2 9 4 4 1 3 3 5 5 5 6 6 3 3 3 6 6 7 5 5 5 5 5 7 7 10 12 12 15
 0 0 0 0 0 0 0 0 0 0 0 0 0 0 1 1 2 2 9 4 4 1 3 3 5 5 5 6 6 3 3 3 6 6 7 5 5 5 5 5 7 7 10 12 12 15
 0 0 1 0 0 0 0 0 0 0 0 0 0 1 1 1 7 7 8 6 6 5 6 6 3 3 3 4 4 7 8 8 3 3 4 5 5 6 6 6 4 4 7 15 15 18
 1 1 3 2 2 1 0 0 0 0 0 0 0 0 0 0 1 1 2 5 5 7 6 6 4 4 2 8 8 9 13 13 12 12 6 5 5 6 6 6 4 4 8 9 9 15
 1 1 3 2 2 1 0 0 0 0 0 0 0 0 0 0 1 1 2 5 5 7 6 6 4 4 2 8 8 9 13 13 12 12 6 5 5 6 6 6 4 4 8 9 9 15
 0 0 1 1 1 2 1 1 0 0 0 0 0 0 0 0 0 0 1 4 4 3 4 4 5 5 7 8 8 10 11 11 6 6 6 5 5 6 6 6 5 5 6 6 6 9
 0 0 0 1 1 0 0 0 0 0 0 0 0 0 0 0 0 0 0 2 2 2 3 3 2 2 3 7 7 12 8 8 10 10 9 6 6 6 5 5 4 4 5 6 6 14
 0 0 0 1 1 0 0 0 0 0 0 0 0 0 0 0 0 0 0 2 2 2 3 3 2 2 3 7 7 12 8 8 10 10 9 6 6 6 5 5 4 4 5 6 6 14
 0 0 0 0 0 0 1 1 0 0 0 0 0 0 0 0 0 0 1 1 1 3 3 3 3 3 5 8 8 11 11 11 10 10 12 11 11 9 6 6 5 5 5 11 11 15
 0 0 0 0 0 0 1 1 0 0 0 0 0 0 0 0 0 0 1 1 1 3 3 3 3 3 5 8 8 11 11 11 10 10 12 11 11 9 6 6 5 5 5 11 11 15
 0 0 1 0 0 0 1 1 0 0 0 0 0 0 0 0 0 0 1 1 1 2 2 2 2 2 4 7 7 12 12 12 15 15 17 16 16 14 10 10 11 11 9 8 8 12
 1 1 0 0 0 0 1 1 0 0 0 0 0 0 1 1 0 0 1 1 1 2 1 1 2 2 4 5 5 11 12 12 15 15 19 16 16 16 16 16 12 12 11 15 15 17
 1 1 0 0 0 0 1 1 0 0 0 0 0 0 1 1 0 0 1 1 1 2 1 1 2 2 4 5 5 11 12 12 15 15 19 16 16 16 16 16 12 12 11 15 15 17
 1 1 0 0 0 0 0 0 0 0 0 0 0 0 0 0 0 0 0 1 1 2 1 1 1 1 3 4 4 4 7 7 11 11 23 15 15 16 18 18 18 18 15 17 17 17
 2 2 0 0 0 0 0 0 0 0 0 0 0 0 0 0 0 0 1 2 2 2 2 2 2 2 2 4 4 4 5 5 9 9 17 13 13 14 16 16 18 18 16 21 21 21
 2 2 0 0 0 0 0 0 0 0 0 0 0 0 0 0 0 0 1 2 2 2 2 2 2 2 2 4 4 4 5 5 9 9 17 13 13 14 16 16 18 18 16 21 21 21
 0 0 0 0 0 0 0 0 0 0 0 0 0 0 0 0 1 1 2 2 2 2 1 1 2 2 2 2 2 2 4 4 5 5 8 12 12 12 14 14 17 17 22 24 24 21
 0 0 0 0 0 0 0 0 0 0 0 0 0 0 0 0 1 1 2 2 2 2 1 1 2 2 2 2 2 2 4 4 5 5 8 12 12 12 14 14 17 17 22 24 24 21
 0 0 0 0 0 0 0 0 0 0 0 0 0 0 1 1 3 3 6 3 3 2 3 3 3 3 3 1 1 2 4 4 5 5 8 9 9 10 12 12 14 14 19 19 19 21
 0 0 0 0 0 0 0 0 0 0 0 0 0 0 0 0 1 1 1 2 2 1 3 3 6 6 6 17 17 3 1 1 4 4 7 8 8 9 9 9 12 12 14 14 14 18
 0 0 0 0 0 0 0 0 0 0 0 0 0 0 0 0 1 1 1 2 2 1 3 3 6 6 6 17 17 3 1 1 4 4 7 8 8 9 9 9 12 12 14 14 14 18
 0 0 0 0 0 0 0 0 0 0 0 0 0 0 0 0 0 0 0 0 0 2 2 2 5 5 16 8 8 3 1 1 3 3 10 11 11 9 9 9 9 9 9 10 10 13
 0 0 0 0 0 0 0 0 0 0 0 0 0 0 0 0 0 0 0 0 0 2 2 2 5 5 10 17 17 1 3 3 3 3 5 12 12 8 8 8 10 10 9 10 10 12
 0 0 0 0 0 0 0 0 0 0 0 0 0 0 0 0 0 0 0 0 0 2 2 2 5 5 10 17 17 1 3 3 3 3 5 12 12 8 8 8 10 10 9 10 10 12
 0 0 0 0 0 0 0 0 0 0 0 0 0 0 0 0 0 0 0 0 0 2 1 1 4 4 3 3 3 2 3 3 3 3 4 6 6 6 7 7 9 9 9 12 12 16
 0 0 0 0 0 0 0 0 0 0 0 0 0 0 0 0 0 0 0 0 0 2 1 1 4 4 3 3 3 2 3 3 3 3 4 6 6 6 7 7 9 9 9 12 12 16
 0 0 0 0 0 0 0 0 0 0 0 0 0 0 0 0 0 0 0 0 0 1 1 1 2 2 3 3 3 2 3 3 2 2 2 5 5 5 8 8 10 10 10 14 14 18
 1 1 2 1 1 1 0 0 0 0 0 0 0 0 0 0 0 0 0 0 0 0 0 0 0 0 1 1 1 2 2 2 1 1 1 3 3 4 9 9 10 10 8 14 14 20
 1 1 2 1 1 1 0 0 0 0 0 0 0 0 0 0 0 0 0 0 0 0 0 0 0 0 1 1 1 2 2 2 1 1 1 3 3 4 9 9 10 10 8 14 14 20
 1 1 1 1 1 1 2 2 1 1 1 1 1 1 0 0 0 0 0 0 0 0 0 0 0 0 1 1 1 3 0 0 0 0 0 1 1 1 4 4 9 9 11 19 19 20
 8 8 1 1 1 1 1 1 2 2 3 2 2 1 1 1 0 0 0 0 0 0 0 0 0 0 0 1 1 3 1 1 0 0 0 1 1 1 3 3 9 9 8 10 10 15
 8 8 1 1 1 1 1 1 2 2 3 2 2 1 1 1 0 0 0 0 0 0 0 0 0 0 0 1 1 3 1 1 0 0 0 1 1 1 3 3 9 9 8 10 10 15
 15 15 5 2 2 2 2 2 3 3 5 4 4 3 1 1 1 1 2 0 0 0 0 0 0 0 0 1 1 1 1 1 1 1 0 1 1 1 2 2 4 4 6 7 7 16
 15 15 5 2 2 2 2 2 3 3 5 4 4 3 1 1 1 1 2 0 0 0 0 0 0 0 0 1 1 1 1 1 1 1 0 1 1 1 2 2 4 4 6 7 7 16
 19 19 6 2 2 3 3 3 4 4 6 4 4 3 2 2 1 1 2 3 3 0 0 0 0 0 0 0 0 2 1 1 1 1 1 1 1 1 1 1 5 5 4 4 4 13
 6 6 4 3 3 2 3 3 4 4 5 6 6 7 2 2 1 1 3 0 0 1 0 0 0 0 1 0 0 2 2 2 4 4 1 1 1 2 2 2 2 2 3 3 3 8
 6 6 4 3 3 2 3 3 4 4 5 6 6 7 2 2 1 1 3 0 0 1 0 0 0 0 1 0 0 2 2 2 4 4 1 1 1 2 2 2 2 2 3 3 3 8
 8 8 5 4 4 5 5 5 5 5 3 2 2 2 1 1 2 2 5 1 1 0 0 0 0 0 2 1 1 2 6 6 6 6 1 1 1 1 2 2 2 2 3 3 3 5
 13 13 13 7 7 5 6 6 8 8 7 2 2 1 1 1 1 1 4 2 2 1 0 0 0 0 1 1 1 4 1 1 2 2 1 1 1 2 1 1 1 1 2 3 3 3
 13 13 13 7 7 5 6 6 8 8 7 2 2 1 1 1 1 1 4 2 2 1 0 0 0 0 1 1 1 4 1 1 2 2 1 1 1 2 1 1 1 1 2 3 3 3
 10 10 9 8 8 8 10 10 19 19 21 10 10 4 4 4 3 3 4 2 2 1 0 0 0 0 0 2 2 4 5 5 6 6 7 16 16 13 2 2 1 1 1 3 3 1
 10 10 9 8 8 8 10 10 19 19 21 10 10 4 4 4 3 3 4 2 2 1 0 0 0 0 0 2 2 4 5 5 6 6 7 16 16 13 2 2 1 1 1 3 3 1
 8 8 13 13 13 15 21 21 26 26 37 28 28 8 6 6 3 3 3 1 1 1 0 0 0 0 0 0 0 1 1 1 4 4 2 8 8 27 25 25 1 1 2 6 6 3
 7 7 9 9 9 8 14 14 12 12 16 8 8 2 2 2 2 2 1 0 0 0 0 0 0 0 0 0 0 0 0 0 11 11 4 4 4 11 3 3 5 5 1 2 2 2
 7 7 9 9 9 8 14 14 12 12 16 8 8 2 2 2 2 2 1 0 0 0 0 0 0 0 0 0 0 0 0 0 11 11 4 4 4 11 3 3 5 5 1 2 2 2
 5 5 7 8 8 8 8 8 8 8 7 6 6 6 2 2 1 1 1 1 1 0 0 0 0 0 0 0 0 0 0 0 11 11 2 2 2 2 3 3 4 4 2 1 1 1
 8 8 10 10 10 11 8 8 10 10 9 11 11 6 2 2 2 2 2 2 2 1 1 1 0 0 0 0 0 1 0 0 0 0 0 1 1 1 2 2 1 1 4 2 2 1
