assets/RAT_results_old/precipitation/2021-10-25_IMERG.asc
ncols        46
nrows        77
xllcorner    74.800261325624
yllcorner    8.058333333333
cellsize     0.062500000000
NODATA_value -9999
 12 12 8 9 9 11 11 11 15 15 67 16 16 12 13 13 3 3 1 2 2 2 0 0 0 0 0 0 0 0 0 0 0 0 0 3 3 2 1 1 0 0 0 0 0 0
 7 7 10 13 13 12 11 11 9 9 11 55 55 16 0 0 0 0 1 2 2 2 1 1 0 0 0 0 0 1 1 1 1 1 1 0 0 1 0 0 0 0 0 0 0 0
 7 7 10 13 13 12 11 11 9 9 11 55 55 16 0 0 0 0 1 2 2 2 1 1 0 0 0 0 0 1 1 1 1 1 1 0 0 1 0 0 0 0 0 0 0 0
 11 11 13 12 12 11 10 10 11 11 21 49 49 3 0 0 3 3 0 1 1 1 1 1 1 1 1 0 0 0 1 1 1 1 1 1 1 0 1 1 0 0 0 0 0 0
 7 7 9 11 11 9 16 16 17 17 54 4 4 3 9 9 5 5 1 1 1 1 2 2 4 4 2 1 1 2 10 10 1 1 2 2 2 1 0 0 4 4 3 1 1 0
 7 7 9 11 11 9 16 16 17 17 54 4 4 3 9 9 5 5 1 1 1 1 2 2 4 4 2 1 1 2 10 10 1 1 2 2 2 1 0 0 4 4 3 1 1 0
 5 5 6 10 10 10 18 18 25 25 19 6 6 5 13 13 2 2 0 0 0 1 1 1 1 1 2 11 11 6 11 11 2 2 2 2 2 1 0 0 0 0 6 0 0 0
 5 5 6 10 10 10 18 18 25 25 19 6 6 5 13 13 2 2 0 0 0 1 1 1 1 1 2 11 11 6 11 11 2 2 2 2 2 1 0 0 0 0 6 0 0 0
 7 7 4 9 9 12 25 25 27 27 18 8 8 8 4 4 2 2 1 1 1 1 1 1 1 1 2 8 8 8 11 11 5 5 1 2 2 2 0 0 0 0 0 0 0 0
 4 4 4 5 5 12 28 28 39 39 32 12 12 6 7 7 2 2 0 1 1 2 2 2 1 1 2 2 2 3 3 3 2 2 3 2 2 1 1 1 1 1 0 0 0 0
 4 4 4 5 5 12 28 28 39 39 32 12 12 6 7 7 2 2 0 1 1 2 2 2 1 1 2 2 2 3 3 3 2 2 3 2 2 1 1 1 1 1 0 0 0 0
 3 3 4 3 3 7 14 14 25 25 37 33 33 6 2 2 6 6 1 1 1 2 2 2 1 1 2 3 3 3 2 2 1 1 1 0 0 1 0 0 1 1 2 0 0 0
 1 1 1 1 1 3 8 8 11 11 12 13 13 6 1 1 0 0 0 1 1 3 3 3 2 2 1 4 4 5 3 3 1 1 1 0 0 0 1 1 1 1 1 1 1 0
 1 1 1 1 1 3 8 8 11 11 12 13 13 6 1 1 0 0 0 1 1 3 3 3 2 2 1 4 4 5 3 3 1 1 1 0 0 0 1 1 1 1 1 1 1 0
 1 1 1 2 2 1 2 2 3 3 5 6 6 4 11 11 2 2 2 1 1 1 1 1 1 1 2 2 2 4 3 3 1 1 1 1 1 1 1 1 1 1 1 1 1 1
 1 1 1 2 2 1 2 2 3 3 5 6 6 4 11 11 2 2 2 1 1 1 1 1 1 1 2 2 2 4 3 3 1 1 1 1 1 1 1 1 1 1 1 1 1 1
 0 0 1 2 2 1 1 1 2 2 2 1 1 4 12 12 14 14 20 1 1 1 1 1 1 1 2 2 2 3 4 4 2 2 1 0 0 1 2 2 1 1 1 1 1 0
 0 0 0 0 0 1 1 1 1 1 1 2 2 2 2 2 6 6 4 1 1 0 1 1 1 1 2 2 2 2 5 5 5 5 2 1 1 1 2 2 2 2 1 1 1 0
 0 0 0 0 0 1 1 1 1 1 1 2 2 2 2 2 6 6 4 1 1 0 1 1 1 1 2 2 2 2 5 5 5 5 2 1 1 1 2 2 2 2 1 1 1 0
 0 0 0 0 0 1 1 1 1 1 1 1 1 3 2 2 3 3 3 4 4 2 1 1 3 3 6 3 3 1 2 2 3 3 2 3 3 3 7 7 1 1 2 2 2 1
 0 0 0 0 0 0 0 0 1 1 1 2 2 3 3 3 3 3 3 5 5 13 5 5 6 6 17 6 6 1 1 1 4 4 4 6 6 10 13 13 4 4 4 5 5 5
 0 0 0 0 0 0 0 0 1 1 1 2 2 3 3 3 3 3 3 5 5 13 5 5 6 6 17 6 6 1 1 1 4 4 4 6 6 10 13 13 4 4 4 5 5 5
 0 0 0 0 0 0 0 0 0 0 1 2 2 3 3 3 3 3 6 9 9 20 9 9 8 8 7 2 2 1 2 2 4 4 5 11 11 13 12 12 9 9 4 3 3 3
 0 0 0 0 0 0 0 0 0 0 1 2 2 3 3 3 3 3 6 9 9 20 9 9 8 8 7 2 2 1 2 2 4 4 5 11 11 13 12 12 9 9 4 3 3 3
 0 0 0 0 0 0 0 0 0 0 1 1 1 3 3 3 4 4 4 7 7 7 7 7 7 7 6 3 3 1 1 1 2 2 3 4 4 13 13 13 12 12 7 3 3 4
 0 0 0 0 0 0 0 0 1 1 1 1 1 1 2 2 4 4 3 3 3 5 7 7 5 5 7 5 5 3 3 3 2 2 3 6 6 10 11 11 7 7 6 8 8 4
 0 0 0 0 0 0 0 0 1 1 1 1 1 1 2 2 4 4 3 3 3 5 7 7 5 5 7 5 5 3 3 3 2 2 3 6 6 10 11 11 7 7 6 8 8 4
 0 0 0 1 1 1 1 1 1 1 1 1 1 1 1 1 3 3 4 4 4 4 5 5 5 5 10 15 15 11 19 19 1 1 2 6 6 6 6 6 6 6 6 7 7 3
 0 0 0 1 1 1 2 2 2 2 1 2 2 1 1 1 3 3 3 6 6 6 10 10 7 7 13 44 44 124 8 8 1 1 2 2 2 3 3 3 0 0 6 1 1 2
 0 0 0 1 1 1 2 2 2 2 1 2 2 1 1 1 3 3 3 6 6 6 10 10 7 7 13 44 44 124 8 8 1 1 2 2 2 3 3 3 0 0 6 1 1 2
 1 1 1 1 1 2 2 2 1 1 1 4 4 6 6 6 5 5 6 6 6 12 14 14 15 15 11 9 9 7 0 0 0 0 0 2 2 4 4 4 1 1 2 1 1 2
 1 1 1 1 1 2 2 2 1 1 1 4 4 6 6 6 5 5 6 6 6 12 14 14 15 15 11 9 9 7 0 0 0 0 0 2 2 4 4 4 1 1 2 1 1 2
 1 1 1 1 1 2 7 7 8 8 8 4 4 3 13 13 4 4 6 8 8 8 15 15 14 14 10 5 5 1 0 0 0 0 0 0 0 0 1 1 1 1 2 1 1 2
 1 1 2 2 2 2 9 9 9 9 8 5 5 3 4 4 4 4 7 8 8 10 12 12 14 14 7 5 5 4 2 2 1 1 0 0 0 0 0 0 1 1 1 1 1 2
 1 1 2 2 2 2 9 9 9 9 8 5 5 3 4 4 4 4 7 8 8 10 12 12 14 14 7 5 5 4 2 2 1 1 0 0 0 0 0 0 1 1 1 1 1 2
 1 1 2 2 2 3 3 3 4 4 2 3 3 2 2 2 3 3 6 9 9 12 12 12 16 16 7 8 8 5 2 2 1 1 0 0 0 0 0 0 1 1 1 1 1 2
 1 1 2 3 3 3 3 3 3 3 2 1 1 2 2 2 3 3 5 9 9 14 12 12 12 12 10 5 5 3 1 1 0 0 0 0 0 0 0 0 0 0 0 0 0 1
 1 1 2 3 3 3 3 3 3 3 2 1 1 2 2 2 3 3 5 9 9 14 12 12 12 12 10 5 5 3 1 1 0 0 0 0 0 0 0 0 0 0 0 0 0 1
 1 1 1 2 2 3 3 3 3 3 2 2 2 2 2 2 2 2 5 7 7 8 9 9 11 11 29 8 8 1 0 0 0 0 0 0 0 1 0 0 0 0 0 0 0 0
 1 1 1 2 2 3 3 3 3 3 2 2 2 2 2 2 2 2 5 7 7 8 9 9 11 11 29 8 8 1 0 0 0 0 0 0 0 1 0 0 0 0 0 0 0 0
 1 1 1 1 1 2 3 3 3 3 3 2 2 3 2 2 1 1 2 7 7 7 7 7 15 15 24 11 11 1 0 0 0 0 1 1 1 1 1 1 1 1 1 0 0 0
 1 1 1 1 1 1 2 2 2 2 2 2 2 3 2 2 1 1 3 6 6 8 9 9 8 8 10 4 4 2 1 1 0 0 1 2 2 2 2 2 2 2 1 1 1 0
 1 1 1 1 1 1 2 2 2 2 2 2 2 3 2 2 1 1 3 6 6 8 9 9 8 8 10 4 4 2 1 1 0 0 1 2 2 2 2 2 2 2 1 1 1 0
 1 1 1 1 1 2 2 2 2 2 2 2 2 2 2 2 2 2 5 8 8 10 9 9 9 9 7 8 8 4 2 2 1 1 1 2 2 3 3 3 3 3 2 2 2 1
 1 1 1 2 2 4 4 4 2 2 1 1 1 2 2 2 2 2 5 9 9 10 12 12 12 12 11 9 9 5 2 2 1 1 3 3 3 7 5 5 3 3 2 2 2 2
 1 1 1 2 2 4 4 4 2 2 1 1 1 2 2 2 2 2 5 9 9 10 12 12 12 12 11 9 9 5 2 2 1 1 3 3 3 7 5 5 3 3 2 2 2 2
 1 1 1 2 2 5 5 5 3 3 2 1 1 1 3 3 6 6 6 11 11 11 8 8 11 11 12 10 10 7 4 4 3 3 3 3 3 8 12 12 2 2 2 2 2 3
 1 1 1 2 2 5 5 5 3 3 2 1 1 1 3 3 6 6 6 11 11 11 8 8 11 11 12 10 10 7 4 4 3 3 3 3 3 8 12 12 2 2 2 2 2 3
 1 1 5 5 5 13 7 7 6 6 2 2 2 1 6 6 6 6 6 8 8 16 11 11 14 14 15 10 10 15 14 14 10 10 8 6 6 2 1 1 0 0 1 1 1 2
 2 2 5 5 5 18 7 7 6 6 3 3 3 2 3 3 7 7 7 12 12 16 30 30 24 24 23 17 17 24 27 27 31 31 7 3 3 1 3 3 0 0 0 1 1 1
 2 2 5 5 5 18 7 7 6 6 3 3 3 2 3 3 7 7 7 12 12 16 30 30 24 24 23 17 17 24 27 27 31 31 7 3 3 1 3 3 0 0 0 1 1 1
 2 2 5 17 17 18 8 8 9 9 8 3 3 2 3 3 8 8 7 33 33 50 51 51 24 24 18 18 18 18 18 18 11 11 11 11 11 6 3 3 3 3 1 0 0 2
 2 2 3 7 7 6 6 6 8 8 13 8 8 4 3 3 8 8 8 7 7 53 57 57 32 32 23 28 28 19 10 10 7 7 6 7 7 10 12 12 4 4 2 0 0 1
 2 2 3 7 7 6 6 6 8 8 13 8 8 4 3 3 8 8 8 7 7 53 57 57 32 32 23 28 28 19 10 10 7 7 6 7 7 10 12 12 4 4 2 0 0 1
 4 4 5 5 5 7 4 4 6 6 12 11 11 5 5 5 9 9 9 9 9 64 64 64 25 25 21 20 20 13 9 9 7 7 6 7 7 16 8 8 6 6 1 0 0 1
 4 4 5 5 5 7 4 4 6 6 12 11 11 5 5 5 9 9 9 9 9 64 64 64 25 25 21 20 20 13 9 9 7 7 6 7 7 16 8 8 6 6 1 0 0 1
 7 7 7 6 6 5 5 5 8 8 9 11 11 12 13 13 10 10 11 13 13 21 24 24 23 23 26 19 19 12 10 10 7 7 7 9 9 8 7 7 8 8 2 0 0 0
 8 8 8 11 11 15 15 15 18 18 9 11 11 12 11 11 6 6 10 10 10 15 19 19 16 16 17 12 12 10 10 10 11 11 13 6 6 8 15 15 43 43 5 1 1 1
 8 8 8 11 11 15 15 15 18 18 9 11 11 12 11 11 6 6 10 10 10 15 19 19 16 16 17 12 12 10 10 10 11 11 13 6 6 8 15 15 43 43 5 1 1 1
 4 4 5 5 5 15 18 18 18 18 15 15 15 12 9 9 8 8 9 11 11 15 20 20 20 20 16 13 13 9 17 17 11 11 10 10 10 7 54 54 21 21 5 1 1 1
 4 4 5 5 5 5 13 13 13 13 24 18 18 12 8 8 7 7 9 8 8 10 14 14 17 17 15 9 9 7 7 7 8 8 34 8 8 14 29 29 16 16 3 1 1 1
 4 4 5 5 5 5 13 13 13 13 24 18 18 12 8 8 7 7 9 8 8 10 14 14 17 17 15 9 9 7 7 7 8 8 34 8 8 14 29 29 16 16 3 1 1 1
 3 3 4 4 4 5 6 6 14 14 23 24 24 19 19 19 18 18 21 8 8 18 9 9 12 12 8 11 11 10 6 6 20 20 37 20 20 39 9 9 10 10 3 2 2 3
 3 3 4 4 4 5 6 6 14 14 23 24 24 19 19 19 18 18 21 8 8 18 9 9 12 12 8 11 11 10 6 6 20 20 37 20 20 39 9 9 10 10 3 2 2 3
 2 2 4 4 4 5 7 7 22 22 26 34 34 36 27 27 19 19 18 11 11 11 6 6 8 8 7 5 5 8 7 7 9 9 29 29 29 18 9 9 5 5 3 1 1 1
 4 4 5 7 7 6 7 7 8 8 8 29 29 33 46 46 30 30 21 25 25 21 5 5 9 9 9 7 7 6 7 7 10 10 15 25 25 24 30 30 2 2 2 1 1 1
 4 4 5 7 7 6 7 7 8 8 8 29 29 33 46 46 30 30 21 25 25 21 5 5 9 9 9 7 7 6 7 7 10 10 15 25 25 24 30 30 2 2 2 1 1 1
 5 5 8 12 12 8 6 6 7 7 8 6 6 13 15 15 53 53 38 31 31 27 8 8 7 7 7 5 5 7 9 9 12 12 12 11 11 13 11 11 6 6 5 1 1 2
 4 4 10 8 8 6 4 4 4 4 5 2 2 8 8 8 31 31 51 41 41 13 11 11 10 10 11 6 6 7 9 9 12 12 24 23 23 24 14 14 9 9 12 6 6 2
 4 4 10 8 8 6 4 4 4 4 5 2 2 8 8 8 31 31 51 41 41 13 11 11 10 10 11 6 6 7 9 9 12 12 24 23 23 24 14 14 9 9 12 6 6 2
 3 3 5 5 5 4 4 4 4 4 4 3 3 8 10 10 18 18 23 29 29 12 11 11 12 12 12 7 7 8 12 12 10 10 17 16 16 20 18 18 13 13 70 26 26 7
 3 3 5 5 5 4 4 4 4 4 4 3 3 8 10 10 18 18 23 29 29 12 11 11 12 12 12 7 7 8 12 12 10 10 17 16 16 20 18 18 13 13 70 26 26 7
 1 1 2 3 3 3 2 2 3 3 8 7 7 12 16 16 16 16 22 19 19 10 10 10 15 15 12 12 12 7 11 11 9 9 11 11 11 6 6 6 6 6 28 32 32 10
 1 1 1 1 1 3 2 2 3 3 7 8 8 12 16 16 17 17 20 20 20 9 8 8 15 15 13 12 12 9 9 9 9 9 9 5 5 3 3 3 2 2 4 6 6 3
 1 1 1 1 1 3 2 2 3 3 7 8 8 12 16 16 17 17 20 20 20 9 8 8 15 15 13 12 12 9 9 9 9 9 9 5 5 3 3 3 2 2 4 6 6 3
 0 0 0 0 0 1 1 1 1 1 6 15 15 15 21 21 21 21 21 19 19 26 27 27 15 15 16 8 8 5 5 5 6 6 6 7 7 4 4 4 7 7 1 1 1 0
 0 0 0 0 0 0 1 1 1 1 1 6 6 15 22 22 24 24 24 23 23 27 22 22 22 22 8 9 9 7 7 7 16 16 26 28 28 19 7 7 11 11 2 0 0 1
