assets/RAT_results_old/precipitation/2021-07-24_IMERG.asc
ncols        46
nrows        77
xllcorner    74.800261325624
yllcorner    8.058333333333
cellsize     0.062500000000
NODATA_value -9999
 3 3 9 8 8 5 11 11 6 6 7 3 3 1 0 0 5 5 4 1 1 0 0 0 0 0 0 0 0 0 0 0 0 0 0 0 0 0 0 0 2 2 0 0 0 0
 2 2 2 4 4 6 1 1 6 6 5 2 2 1 2 2 2 2 1 1 1 0 0 0 0 0 0 0 0 0 0 0 0 0 0 0 0 0 0 0 1 1 1 0 0 0
 2 2 2 4 4 6 1 1 6 6 5 2 2 1 2 2 2 2 1 1 1 0 0 0 0 0 0 0 0 0 0 0 0 0 0 0 0 0 0 0 1 1 1 0 0 0
 1 1 3 3 3 2 4 4 5 5 4 3 3 1 2 2 3 3 2 1 1 0 0 0 0 0 0 0 0 0 0 0 0 0 0 0 0 0 0 0 0 0 0 0 0 0
 1 1 2 2 2 1 1 1 1 1 3 3 3 1 1 1 2 2 3 1 1 0 0 0 0 0 0 0 0 0 0 0 0 0 0 0 0 0 0 0 0 0 0 0 0 0
 1 1 2 2 2 1 1 1 1 1 3 3 3 1 1 1 2 2 3 1 1 0 0 0 0 0 0 0 0 0 0 0 0 0 0 0 0 0 0 0 0 0 0 0 0 0
 1 1 1 3 3 1 2 2 3 3 2 2 2 0 0 0 1 1 1 0 0 0 0 0 0 0 0 0 0 0 0 0 0 0 0 0 0 0 0 0 0 0 0 0 0 0
 1 1 1 3 3 1 2 2 3 3 2 2 2 0 0 0 1 1 1 0 0 0 0 0 0 0 0 0 0 0 0 0 0 0 0 0 0 0 0 0 0 0 0 0 0 0
 1 1 1 3 3 2 4 4 5 5 7 4 4 2 4 4 3 3 2 0 0 0 0 0 0 0 0 0 0 0 0 0 0 0 1 0 0 0 0 0 0 0 0 0 0 0
 1 1 1 3 3 4 8 8 7 7 8 6 6 6 4 4 4 4 3 0 0 0 0 0 1 1 0 0 0 0 0 0 1 1 1 2 2 1 1 1 0 0 0 0 0 1
 1 1 1 3 3 4 8 8 7 7 8 6 6 6 4 4 4 4 3 0 0 0 0 0 1 1 0 0 0 0 0 0 1 1 1 2 2 1 1 1 0 0 0 0 0 1
 1 1 1 1 1 3 7 7 9 9 7 7 7 5 5 5 4 4 4 2 2 0 0 0 1 1 1 1 1 1 2 2 1 1 6 7 7 6 2 2 1 1 1 1 1 1
 0 0 1 1 1 3 8 8 8 8 6 3 3 2 1 1 1 1 2 1 1 0 0 0 0 0 0 0 0 1 0 0 1 1 1 4 4 2 1 1 1 1 1 0 0 1
 0 0 1 1 1 3 8 8 8 8 6 3 3 2 1 1 1 1 2 1 1 0 0 0 0 0 0 0 0 1 0 0 1 1 1 4 4 2 1 1 1 1 1 0 0 1
 0 0 0 0 0 1 6 6 7 7 7 3 3 4 1 1 0 0 1 1 1 0 0 0 0 0 0 1 1 0 0 0 0 0 0 0 0 1 1 1 1 1 0 0 0 0
 0 0 0 0 0 1 6 6 7 7 7 3 3 4 1 1 0 0 1 1 1 0 0 0 0 0 0 1 1 0 0 0 0 0 0 0 0 1 1 1 1 1 0 0 0 0
 0 0 0 0 0 0 1 1 6 6 13 7 7 3 1 1 0 0 1 1 1 0 0 0 0 0 1 1 1 0 0 0 0 0 0 0 0 1 1 1 0 0 0 0 0 0
 0 0 0 0 0 0 0 0 0 0 5 6 6 4 1 1 0 0 3 3 3 1 2 2 1 1 0 1 1 0 0 0 0 0 0 0 0 1 1 1 0 0 0 0 0 0
 0 0 0 0 0 0 0 0 0 0 5 6 6 4 1 1 0 0 3 3 3 1 2 2 1 1 0 1 1 0 0 0 0 0 0 0 0 1 1 1 0 0 0 0 0 0
 0 0 0 0 0 1 0 0 0 0 0 2 2 1 0 0 2 2 1 4 4 6 5 5 2 2 1 1 1 0 0 0 1 1 1 0 0 0 1 1 0 0 0 0 0 0
 0 0 1 0 0 1 0 0 0 0 0 2 2 2 4 4 2 2 2 3 3 4 3 3 3 3 4 1 1 1 2 2 2 2 1 0 0 3 8 8 1 1 0 0 0 0
 0 0 1 0 0 1 0 0 0 0 0 2 2 2 4 4 2 2 2 3 3 4 3 3 3 3 4 1 1 1 2 2 2 2 1 0 0 3 8 8 1 1 0 0 0 0
 4 4 1 4 4 1 0 0 0 0 0 1 1 2 3 3 1 1 0 0 0 1 2 2 0 0 2 5 5 6 2 2 1 1 0 0 0 0 1 1 1 1 1 0 0 0
 4 4 1 4 4 1 0 0 0 0 0 1 1 2 3 3 1 1 0 0 0 1 2 2 0 0 2 5 5 6 2 2 1 1 0 0 0 0 1 1 1 1 1 0 0 0
 4 4 5 4 4 0 0 0 0 0 0 0 0 3 2 2 0 0 0 0 0 0 0 0 0 0 0 8 8 2 1 1 0 0 0 0 0 0 0 0 0 0 0 0 0 0
 5 5 4 4 4 4 0 0 0 0 0 0 0 1 3 3 1 1 0 2 2 0 0 0 0 0 0 0 0 0 0 0 1 1 0 0 0 0 0 0 0 0 0 0 0 0
 5 5 4 4 4 4 0 0 0 0 0 0 0 1 3 3 1 1 0 2 2 0 0 0 0 0 0 0 0 0 0 0 1 1 0 0 0 0 0 0 0 0 0 0 0 0
 5 5 5 5 5 5 0 0 0 0 0 1 1 1 0 0 4 4 3 2 2 1 0 0 0 0 0 1 1 0 0 0 0 0 0 0 0 0 0 0 0 0 0 0 0 0
 7 7 8 6 6 5 1 1 1 1 1 1 1 1 1 1 4 4 3 0 0 2 0 0 0 0 1 2 2 3 1 1 0 0 0 0 0 0 0 0 0 0 0 0 0 0
 7 7 8 6 6 5 1 1 1 1 1 1 1 1 1 1 4 4 3 0 0 2 0 0 0 0 1 2 2 3 1 1 0 0 0 0 0 0 0 0 0 0 0 0 0 0
 12 12 11 8 8 3 2 2 1 1 1 1 1 1 1 1 3 3 2 0 0 0 0 0 0 0 0 1 1 1 0 0 0 0 0 0 0 0 0 0 0 0 0 0 0 0
 12 12 11 8 8 3 2 2 1 1 1 1 1 1 1 1 3 3 2 0 0 0 0 0 0 0 0 1 1 1 0 0 0 0 0 0 0 0 0 0 0 0 0 0 0 0
 11 11 11 6 6 2 3 3 2 2 1 1 1 1 2 2 4 4 4 1 1 1 0 0 0 0 0 0 0 0 1 1 2 2 0 1 1 1 0 0 0 0 0 0 0 0
 13 13 8 8 8 2 3 3 4 4 3 3 3 1 1 1 2 2 5 3 3 2 3 3 8 8 8 6 6 0 1 1 2 2 1 0 0 1 0 0 0 0 0 0 0 0
 13 13 8 8 8 2 3 3 4 4 3 3 3 1 1 1 2 2 5 3 3 2 3 3 8 8 8 6 6 0 1 1 2 2 1 0 0 1 0 0 0 0 0 0 0 0
 15 15 9 8 8 3 4 4 5 5 5 5 5 5 1 1 8 8 6 5 5 6 3 3 10 10 10 6 6 2 2 2 2 2 1 0 0 0 0 0 0 0 0 0 0 0
 8 8 8 6 6 4 5 5 5 5 7 4 4 6 16 16 6 6 6 5 5 9 6 6 5 5 8 14 14 13 14 14 3 3 2 1 1 0 0 0 0 0 0 0 0 0
 8 8 8 6 6 4 5 5 5 5 7 4 4 6 16 16 6 6 6 5 5 9 6 6 5 5 8 14 14 13 14 14 3 3 2 1 1 0 0 0 0 0 0 0 0 0
 10 10 10 7 7 6 5 5 7 7 8 8 8 9 4 4 8 8 4 12 12 12 7 7 3 3 6 18 18 17 14 14 7 7 3 2 2 2 2 2 0 0 1 0 0 0
 10 10 10 7 7 6 5 5 7 7 8 8 8 9 4 4 8 8 4 12 12 12 7 7 3 3 6 18 18 17 14 14 7 7 3 2 2 2 2 2 0 0 1 0 0 0
 12 12 13 7 7 7 5 5 7 7 8 7 7 8 8 8 11 11 27 16 16 12 16 16 6 6 8 10 10 13 12 12 18 18 9 5 5 8 7 7 4 4 3 1 1 1
 17 17 17 9 9 8 5 5 7 7 11 12 12 10 9 9 16 16 15 15 15 20 15 15 13 13 18 14 14 17 10 10 18 18 16 10 10 14 13 13 10 10 4 1 1 1
 17 17 17 9 9 8 5 5 7 7 11 12 12 10 9 9 16 16 15 15 15 20 15 15 13 13 18 14 14 17 10 10 18 18 16 10 10 14 13 13 10 10 4 1 1 1
 23 23 18 12 12 14 11 11 17 17 22 29 29 13 11 11 11 11 16 16 16 17 8 8 13 13 10 13 13 20 34 34 33 33 21 25 25 21 15 15 7 7 5 1 1 1
 18 18 16 13 13 21 20 20 24 24 19 28 28 29 10 10 13 13 13 14 14 17 14 14 10 10 7 7 7 15 27 27 37 37 30 33 33 23 14 14 6 6 3 1 1 1
 18 18 16 13 13 21 20 20 24 24 19 28 28 29 10 10 13 13 13 14 14 17 14 14 10 10 7 7 7 15 27 27 37 37 30 33 33 23 14 14 6 6 3 1 1 1
 18 18 20 17 17 28 24 24 44 44 106 99 99 28 63 63 13 13 11 15 15 13 13 13 17 17 12 10 10 7 17 17 19 19 19 18 18 16 9 9 9 9 2 0 0 0
 18 18 20 17 17 28 24 24 44 44 106 99 99 28 63 63 13 13 11 15 15 13 13 13 17 17 12 10 10 7 17 17 19 19 19 18 18 16 9 9 9 9 2 0 0 0
 21 21 25 26 26 36 28 28 47 47 31 103 103 63 69 69 13 13 10 11 11 10 16 16 12 12 11 8 8 7 12 12 15 15 13 21 21 9 8 8 3 3 1 0 0 0
 31 31 25 33 33 39 49 49 52 52 37 33 33 15 15 15 10 10 7 11 11 8 13 13 12 12 12 11 11 8 6 6 10 10 13 11 11 7 4 4 2 2 1 0 0 0
 31 31 25 33 33 39 49 49 52 52 37 33 33 15 15 15 10 10 7 11 11 8 13 13 12 12 12 11 11 8 6 6 10 10 13 11 11 7 4 4 2 2 1 0 0 0
 32 32 34 44 44 35 41 41 39 39 40 24 24 16 16 16 7 7 5 6 6 4 9 9 11 11 8 6 6 5 4 4 11 11 13 6 6 3 2 2 3 3 1 0 0 0
 35 35 33 53 53 36 48 48 48 48 39 20 20 21 18 18 19 19 8 6 6 6 6 6 8 8 10 9 9 8 4 4 5 5 4 4 4 6 2 2 2 2 1 0 0 0
 35 35 33 53 53 36 48 48 48 48 39 20 20 21 18 18 19 19 8 6 6 6 6 6 8 8 10 9 9 8 4 4 5 5 4 4 4 6 2 2 2 2 1 0 0 0
 35 35 37 49 49 51 53 53 48 48 47 37 37 19 17 17 10 10 10 6 6 6 4 4 9 9 8 16 16 16 8 8 3 3 3 2 2 6 2 2 2 2 0 0 0 0
 35 35 37 49 49 51 53 53 48 48 47 37 37 19 17 17 10 10 10 6 6 6 4 4 9 9 8 16 16 16 8 8 3 3 3 2 2 6 2 2 2 2 0 0 0 0
 26 26 33 52 52 49 50 50 48 48 47 46 46 28 18 18 5 5 6 8 8 4 3 3 10 10 13 11 11 17 13 13 14 14 14 8 8 7 2 2 2 2 2 1 1 0
 25 25 26 38 38 35 48 48 50 50 46 47 47 30 27 27 17 17 7 8 8 7 3 3 7 7 11 11 11 12 15 15 10 10 18 17 17 11 8 8 4 4 4 2 2 1
 25 25 26 38 38 35 48 48 50 50 46 47 47 30 27 27 17 17 7 8 8 7 3 3 7 7 11 11 11 12 15 15 10 10 18 17 17 11 8 8 4 4 4 2 2 1
 25 25 31 31 31 50 52 52 51 51 50 44 44 29 28 28 18 18 12 10 10 7 7 7 7 7 5 7 7 7 10 10 8 8 11 18 18 10 9 9 5 5 5 4 4 1
 19 19 24 27 27 47 50 50 48 48 46 29 29 27 27 27 16 16 18 10 10 10 10 10 4 4 3 8 8 5 8 8 4 4 4 5 5 4 4 4 3 3 3 2 2 1
 19 19 24 27 27 47 50 50 48 48 46 29 29 27 27 27 16 16 18 10 10 10 10 10 4 4 3 8 8 5 8 8 4 4 4 5 5 4 4 4 3 3 3 2 2 1
 15 15 22 26 26 47 46 46 44 44 45 23 23 26 25 25 17 17 8 8 8 5 6 6 7 7 4 6 6 5 7 7 2 2 3 3 3 2 3 3 3 3 3 2 2 2
 15 15 22 26 26 47 46 46 44 44 45 23 23 26 25 25 17 17 8 8 8 5 6 6 7 7 4 6 6 5 7 7 2 2 3 3 3 2 3 3 3 3 3 2 2 2
 16 16 22 24 24 47 45 45 44 44 43 24 24 28 18 18 16 16 14 12 12 3 2 2 3 3 2 7 7 8 7 7 7 7 4 2 2 1 3 3 3 3 2 2 2 1
 23 23 24 24 24 44 43 43 31 31 44 20 20 21 19 19 17 17 12 4 4 1 2 2 2 2 3 3 3 9 8 8 4 4 1 0 0 1 1 1 4 4 6 2 2 1
 23 23 24 24 24 44 43 43 31 31 44 20 20 21 19 19 17 17 12 4 4 1 2 2 2 2 3 3 3 9 8 8 4 4 1 0 0 1 1 1 4 4 6 2 2 1
 21 21 24 27 27 29 23 23 27 27 24 19 19 21 16 16 16 16 12 11 11 4 1 1 2 2 1 2 2 1 3 3 3 3 2 1 1 0 2 2 5 5 5 2 2 1
 21 21 23 27 27 31 24 24 23 23 19 18 18 16 16 16 14 14 12 12 12 6 5 5 3 3 1 3 3 2 2 2 4 4 4 3 3 4 4 4 5 5 6 3 3 2
 21 21 23 27 27 31 24 24 23 23 19 18 18 16 16 16 14 14 12 12 12 6 5 5 3 3 1 3 3 2 2 2 4 4 4 3 3 4 4 4 5 5 6 3 3 2
 18 18 21 23 23 26 19 19 21 21 16 19 19 14 14 14 11 11 11 11 11 9 10 10 4 4 2 2 2 2 2 2 3 3 3 7 7 6 6 6 5 5 4 3 3 1
 18 18 21 23 23 26 19 19 21 21 16 19 19 14 14 14 11 11 11 11 11 9 10 10 4 4 2 2 2 2 2 2 3 3 3 7 7 6 6 6 5 5 4 3 3 1
 17 17 16 16 16 20 16 16 15 15 16 16 16 13 14 14 9 9 12 12 12 11 11 11 8 8 5 3 3 2 3 3 5 5 4 7 7 5 4 4 2 2 2 3 3 3
 16 16 15 18 18 18 13 13 14 14 14 15 15 14 15 15 11 11 14 12 12 14 12 12 10 10 12 4 4 4 5 5 7 7 3 3 3 5 5 5 1 1 1 1 1 4
 16 16 15 18 18 18 13 13 14 14 14 15 15 14 15 15 11 11 14 12 12 14 12 12 10 10 12 4 4 4 5 5 7 7 3 3 3 5 5 5 1 1 1 1 1 4
 16 16 16 19 19 20 22 22 23 23 29 31 31 30 14 14 16 16 16 14 14 13 10 10 11 11 8 9 9 8 16 16 17 17 5 3 3 2 4 4 2 2 2 2 2 3
 17 17 17 19 19 22 23 23 26 26 30 28 28 31 15 15 16 16 16 16 16 16 12 12 12 12 9 6 6 5 5 5 17 17 9 2 2 3 2 2 1 1 2 1 1 1
