assets/RAT_results_old/precipitation/2021-06-13_IMERG.asc
ncols        46
nrows        77
xllcorner    74.800261325624
yllcorner    8.058333333333
cellsize     0.062500000000
NODATA_value -9999
 30 30 35 27 27 23 18 18 14 14 8 8 8 8 7 7 6 6 4 4 4 3 2 2 2 2 2 3 3 5 6 6 7 7 8 8 8 5 3 3 2 2 1 1 1 1
 36 36 31 47 47 25 16 16 16 16 12 10 10 9 6 6 6 6 5 5 5 4 3 3 2 2 3 3 3 5 5 5 5 5 6 5 5 4 3 3 2 2 1 1 1 1
 36 36 31 47 47 25 16 16 16 16 12 10 10 9 6 6 6 6 5 5 5 4 3 3 2 2 3 3 3 5 5 5 5 5 6 5 5 4 3 3 2 2 1 1 1 1
 42 42 32 49 49 34 16 16 26 26 25 23 23 12 10 10 7 7 7 5 5 4 4 4 4 4 4 3 3 3 3 3 3 3 3 3 3 4 4 4 2 2 1 1 1 1
 27 27 36 31 31 29 26 26 30 30 29 26 26 16 24 24 11 11 10 6 6 4 4 4 4 4 5 4 4 3 2 2 2 2 2 3 3 2 2 2 2 2 1 2 2 2
 27 27 36 31 31 29 26 26 30 30 29 26 26 16 24 24 11 11 10 6 6 4 4 4 4 4 5 4 4 3 2 2 2 2 2 3 3 2 2 2 2 2 1 2 2 2
 40 40 32 48 48 32 32 32 39 39 50 47 47 43 38 38 14 14 13 7 7 4 4 4 4 4 4 4 4 3 2 2 2 2 2 2 2 2 2 2 2 2 2 2 2 3
 40 40 32 48 48 32 32 32 39 39 50 47 47 43 38 38 14 14 13 7 7 4 4 4 4 4 4 4 4 3 2 2 2 2 2 2 2 2 2 2 2 2 2 2 2 3
 30 30 24 35 35 37 35 35 31 31 45 48 48 48 26 26 14 14 13 6 6 3 3 3 3 3 2 2 2 2 1 1 1 1 1 1 1 1 2 2 2 2 2 1 1 3
 39 39 30 41 41 40 45 45 40 40 42 36 36 37 27 27 26 26 10 6 6 3 3 3 2 2 2 1 1 1 1 1 1 1 1 1 1 1 1 1 1 1 1 1 1 1
 39 39 30 41 41 40 45 45 40 40 42 36 36 37 27 27 26 26 10 6 6 3 3 3 2 2 2 1 1 1 1 1 1 1 1 1 1 1 1 1 1 1 1 1 1 1
 27 27 25 31 31 36 40 40 49 49 45 48 48 36 26 26 26 26 10 6 6 4 3 3 4 4 1 1 1 1 1 1 1 1 1 0 0 0 0 0 0 0 1 1 1 1
 24 24 27 31 31 46 50 50 57 57 52 55 55 46 29 29 23 23 12 9 9 5 3 3 4 4 4 4 4 2 2 2 1 1 1 1 1 0 1 1 1 1 1 0 0 1
 24 24 27 31 31 46 50 50 57 57 52 55 55 46 29 29 23 23 12 9 9 5 3 3 4 4 4 4 4 2 2 2 1 1 1 1 1 0 1 1 1 1 1 0 0 1
 25 25 27 29 29 35 45 45 48 48 47 45 45 34 28 28 25 25 13 17 17 15 14 14 14 14 8 9 9 3 3 3 3 3 1 1 1 2 3 3 4 4 2 1 1 1
 25 25 27 29 29 35 45 45 48 48 47 45 45 34 28 28 25 25 13 17 17 15 14 14 14 14 8 9 9 3 3 3 3 3 1 1 1 2 3 3 4 4 2 1 1 1
 27 27 31 30 30 36 37 37 46 46 42 38 38 29 24 24 19 19 12 12 12 11 10 10 17 17 13 11 11 5 5 5 3 3 2 1 1 3 4 4 6 6 7 2 2 1
 32 32 40 19 19 23 36 36 45 45 42 40 40 33 28 28 13 13 11 11 11 10 11 11 14 14 11 9 9 5 7 7 4 4 2 1 1 2 3 3 5 5 5 3 3 3
 32 32 40 19 19 23 36 36 45 45 42 40 40 33 28 28 13 13 11 11 11 10 11 11 14 14 11 9 9 5 7 7 4 4 2 1 1 2 3 3 5 5 5 3 3 3
 34 34 25 15 15 19 32 32 38 38 63 51 51 27 20 20 14 14 9 8 8 8 8 8 9 9 11 7 7 6 5 5 4 4 1 2 2 2 2 2 4 4 3 3 3 2
 48 48 27 20 20 24 25 25 41 41 68 70 70 54 25 25 16 16 12 9 9 8 8 8 10 10 9 6 6 9 7 7 6 6 7 5 5 2 1 1 1 1 2 2 2 3
 48 48 27 20 20 24 25 25 41 41 68 70 70 54 25 25 16 16 12 9 9 8 8 8 10 10 9 6 6 9 7 7 6 6 7 5 5 2 1 1 1 1 2 2 2 3
 42 42 24 29 29 30 31 31 40 40 43 52 52 51 36 36 27 27 17 13 13 11 9 9 10 10 7 11 11 11 12 12 11 11 9 4 4 3 1 1 2 2 2 2 2 2
 42 42 24 29 29 30 31 31 40 40 43 52 52 51 36 36 27 27 17 13 13 11 9 9 10 10 7 11 11 11 12 12 11 11 9 4 4 3 1 1 2 2 2 2 2 2
 18 18 20 24 24 26 25 25 29 29 34 35 35 54 47 47 32 32 21 14 14 11 8 8 8 8 8 9 9 12 13 13 10 10 7 5 5 2 2 2 3 3 3 3 3 2
 16 16 13 17 17 32 38 38 32 32 30 36 36 38 48 48 36 36 23 19 19 14 14 14 14 14 12 15 15 12 9 9 7 7 5 4 4 3 2 2 3 3 3 2 2 2
 16 16 13 17 17 32 38 38 32 32 30 36 36 38 48 48 36 36 23 19 19 14 14 14 14 14 12 15 15 12 9 9 7 7 5 4 4 3 2 2 3 3 3 2 2 2
 12 12 18 20 20 32 46 46 30 30 35 36 36 41 40 40 37 37 34 27 27 19 17 17 17 17 12 13 13 9 6 6 5 5 4 4 4 2 1 1 2 2 1 1 1 1
 10 10 12 22 22 27 44 44 38 38 38 29 29 34 48 48 44 44 37 30 30 20 19 19 19 19 15 15 15 11 7 7 4 4 3 2 2 1 1 1 1 1 1 1 1 1
 10 10 12 22 22 27 44 44 38 38 38 29 29 34 48 48 44 44 37 30 30 20 19 19 19 19 15 15 15 11 7 7 4 4 3 2 2 1 1 1 1 1 1 1 1 1
 9 9 13 23 23 28 48 48 18 18 20 33 33 42 51 51 38 38 35 26 26 25 24 24 22 22 18 12 12 6 4 4 3 3 2 2 2 3 1 1 2 2 1 1 1 1
 9 9 13 23 23 28 48 48 18 18 20 33 33 42 51 51 38 38 35 26 26 25 24 24 22 22 18 12 12 6 4 4 3 3 2 2 2 3 1 1 2 2 1 1 1 1
 8 8 10 26 26 26 53 53 23 23 19 18 18 26 35 35 48 48 40 29 29 25 19 19 16 16 16 16 16 6 5 5 3 3 3 3 3 3 2 2 2 2 1 1 1 1
 8 8 13 18 18 28 29 29 30 30 20 18 18 24 28 28 23 23 36 24 24 21 23 23 24 24 26 11 11 6 5 5 6 6 4 4 4 4 3 3 2 2 2 1 1 1
 8 8 13 18 18 28 29 29 30 30 20 18 18 24 28 28 23 23 36 24 24 21 23 23 24 24 26 11 11 6 5 5 6 6 4 4 4 4 3 3 2 2 2 1 1 1
 7 7 14 10 10 18 20 20 23 23 23 33 33 38 34 34 19 19 27 27 27 25 28 28 26 26 27 17 17 8 8 8 7 7 5 4 4 4 4 4 2 2 1 1 1 0
 8 8 10 10 10 14 16 16 20 20 24 23 23 34 49 49 52 52 27 27 27 27 23 23 20 20 26 20 20 12 9 9 6 6 6 6 6 4 4 4 2 2 1 1 1 0
 8 8 10 10 10 14 16 16 20 20 24 23 23 34 49 49 52 52 27 27 27 27 23 23 20 20 26 20 20 12 9 9 6 6 6 6 6 4 4 4 2 2 1 1 1 0
 11 11 10 12 12 14 12 12 17 17 18 25 25 33 48 48 48 48 22 33 33 32 20 20 22 22 26 21 21 13 12 12 5 5 5 5 5 4 3 3 2 2 1 1 1 1
 11 11 10 12 12 14 12 12 17 17 18 25 25 33 48 48 48 48 22 33 33 32 20 20 22 22 26 21 21 13 12 12 5 5 5 5 5 4 3 3 2 2 1 1 1 1
 17 17 17 11 11 12 11 11 18 18 19 21 21 21 23 23 25 25 25 33 33 34 20 20 19 19 14 13 13 10 10 10 6 6 7 6 6 5 3 3 2 2 1 2 2 1
 19 19 18 12 12 14 14 14 11 11 15 21 21 22 23 23 21 21 19 22 22 32 23 23 19 19 16 22 22 13 10 10 6 6 6 6 6 7 6 6 3 3 3 2 2 2
 19 19 18 12 12 14 14 14 11 11 15 21 21 22 23 23 21 21 19 22 22 32 23 23 19 19 16 22 22 13 10 10 6 6 6 6 6 7 6 6 3 3 3 2 2 2
 23 23 19 16 16 16 13 13 22 22 27 31 31 16 20 20 21 21 22 30 30 44 38 38 27 27 22 26 26 24 13 13 10 10 11 5 5 7 8 8 6 6 4 3 3 1
 31 31 23 18 18 14 11 11 10 10 17 30 30 16 15 15 15 15 18 42 42 30 30 30 49 49 37 28 28 24 21 21 19 19 11 6 6 8 6 6 3 3 2 3 3 1
 31 31 23 18 18 14 11 11 10 10 17 30 30 16 15 15 15 15 18 42 42 30 30 30 49 49 37 28 28 24 21 21 19 19 11 6 6 8 6 6 3 3 2 3 3 1
 22 22 7 7 7 6 9 9 9 9 16 17 17 15 14 14 15 15 17 32 32 41 35 35 47 47 40 32 32 31 30 30 29 29 21 11 11 9 12 12 7 7 5 2 2 2
 22 22 7 7 7 6 9 9 9 9 16 17 17 15 14 14 15 15 17 32 32 41 35 35 47 47 40 32 32 31 30 30 29 29 21 11 11 9 12 12 7 7 5 2 2 2
 12 12 7 8 8 6 4 4 11 11 15 15 15 17 14 14 16 16 18 31 31 59 51 51 49 49 40 39 39 34 36 36 34 34 28 18 18 17 12 12 12 12 4 3 3 3
 12 12 9 8 8 6 4 4 11 11 13 15 15 14 13 13 14 14 16 20 20 57 49 49 55 55 43 42 42 47 59 59 56 56 35 26 26 21 12 12 10 10 8 5 5 5
 12 12 9 8 8 6 4 4 11 11 13 15 15 14 13 13 14 14 16 20 20 57 49 49 55 55 43 42 42 47 59 59 56 56 35 26 26 21 12 12 10 10 8 5 5 5
 15 15 15 14 14 14 13 13 14 14 12 15 15 18 12 12 35 35 16 18 18 44 41 41 43 43 37 38 38 47 59 59 41 41 35 27 27 18 10 10 10 10 10 5 5 5
 15 15 17 15 15 15 15 15 14 14 16 20 20 27 37 37 40 40 21 18 18 43 53 53 56 56 46 43 43 38 51 51 41 41 35 28 28 22 11 11 9 9 7 5 5 3
 15 15 17 15 15 15 15 15 14 14 16 20 20 27 37 37 40 40 21 18 18 43 53 53 56 56 46 43 43 38 51 51 41 41 35 28 28 22 11 11 9 9 7 5 5 3
 18 18 18 16 16 16 15 15 15 15 21 24 24 29 16 16 21 21 20 18 18 46 52 52 53 53 46 44 44 16 23 23 27 27 26 22 22 11 10 10 10 10 7 5 5 3
 18 18 18 16 16 16 15 15 15 15 21 24 24 29 16 16 21 21 20 18 18 46 52 52 53 53 46 44 44 16 23 23 27 27 26 22 22 11 10 10 10 10 7 5 5 3
 14 14 15 12 12 15 17 17 18 18 23 20 20 23 20 20 23 23 21 26 26 26 65 65 57 57 45 26 26 15 20 20 19 19 22 16 16 14 13 13 10 10 8 5 5 4
 13 13 17 16 16 19 18 18 14 14 24 20 20 21 20 20 19 19 18 12 12 13 53 53 53 53 36 26 26 15 20 20 19 19 15 14 14 13 11 11 11 11 8 5 5 4
 13 13 17 16 16 19 18 18 14 14 24 20 20 21 20 20 19 19 18 12 12 13 53 53 53 53 36 26 26 15 20 20 19 19 15 14 14 13 11 11 11 11 8 5 5 4
 10 10 12 12 12 16 14 14 16 16 20 21 21 21 20 20 20 20 11 12 12 13 39 39 29 29 31 25 25 26 25 25 21 21 19 20 20 15 11 11 15 15 9 6 6 3
 10 10 15 16 16 12 14 14 15 15 15 20 20 20 18 18 16 16 11 11 11 13 29 29 30 30 25 30 30 33 26 26 25 25 26 19 19 19 15 15 11 11 8 4 4 3
 10 10 15 16 16 12 14 14 15 15 15 20 20 20 18 18 16 16 11 11 11 13 29 29 30 30 25 30 30 33 26 26 25 25 26 19 19 19 15 15 11 11 8 4 4 3
 11 11 14 14 14 10 7 7 11 11 15 15 15 15 16 16 15 15 12 13 13 14 11 11 22 22 39 28 28 36 38 38 32 32 34 36 36 20 17 17 9 9 6 3 3 2
 11 11 14 14 14 10 7 7 11 11 15 15 15 15 16 16 15 15 12 13 13 14 11 11 22 22 39 28 28 36 38 38 32 32 34 36 36 20 17 17 9 9 6 3 3 2
 10 10 7 8 8 6 6 6 9 9 9 13 13 11 14 14 14 14 11 12 12 15 13 13 32 32 35 31 31 36 34 34 30 30 33 41 41 27 17 17 14 14 7 3 3 2
 7 7 5 7 7 7 7 7 6 6 7 5 5 5 6 6 7 7 8 14 14 17 14 14 13 13 15 48 48 58 41 41 33 33 27 26 26 25 29 29 16 16 8 4 4 3
 7 7 5 7 7 7 7 7 6 6 7 5 5 5 6 6 7 7 8 14 14 17 14 14 13 13 15 48 48 58 41 41 33 33 27 26 26 25 29 29 16 16 8 4 4 3
 7 7 5 7 7 7 7 7 7 7 7 5 5 5 5 5 5 5 5 7 7 10 10 10 11 11 12 48 48 47 47 47 38 38 33 27 27 21 23 23 16 16 7 5 5 5
 6 6 16 16 16 19 8 8 9 9 8 6 6 7 5 5 5 5 4 5 5 7 9 9 9 9 16 15 15 44 30 30 33 33 30 19 19 14 13 13 11 11 6 6 6 5
 6 6 16 16 16 19 8 8 9 9 8 6 6 7 5 5 5 5 4 5 5 7 9 9 9 9 16 15 15 44 30 30 33 33 30 19 19 14 13 13 11 11 6 6 6 5
 7 7 15 20 20 21 11 11 8 8 9 6 6 7 4 4 4 4 5 6 6 6 8 8 12 12 16 4 4 5 20 20 19 19 18 13 13 10 4 4 3 3 6 7 7 4
 7 7 15 20 20 21 11 11 8 8 9 6 6 7 4 4 4 4 5 6 6 6 8 8 12 12 16 4 4 5 20 20 19 19 18 13 13 10 4 4 3 3 6 7 7 4
 5 5 12 18 18 17 14 14 7 7 8 6 6 6 5 5 4 4 5 6 6 8 8 8 7 7 4 3 3 4 19 19 18 18 12 10 10 5 3 3 4 4 6 4 4 4
 3 3 4 6 6 12 16 16 5 5 6 5 5 5 4 4 6 6 5 5 5 6 6 6 5 5 5 4 4 4 4 4 5 5 6 6 6 5 3 3 3 3 3 3 3 2
 3 3 4 6 6 12 16 16 5 5 6 5 5 5 4 4 6 6 5 5 5 6 6 6 5 5 5 4 4 4 4 4 5 5 6 6 6 5 3 3 3 3 3 3 3 2
 2 2 3 6 6 12 12 12 3 3 4 4 4 4 5 5 5 5 6 5 5 6 6 6 6 6 4 5 5 3 5 5 5 5 6 3 3 4 4 4 3 3 3 6 6 7
 2 2 3 5 5 1 4 4 3 3 3 5 5 4 4 4 4 4 4 4 4 4 5 5 6 6 5 5 5 5 5 5 6 6 7 7 7 3 3 3 3 3 4 4 4 3
