assets/RAT_results_old/precipitation/2021-05-01_IMERG.asc
ncols        46
nrows        77
xllcorner    74.800261325624
yllcorner    8.058333333333
cellsize     0.062500000000
NODATA_value -9999
 5 5 7 5 5 10 18 18 15 15 12 12 12 18 18 18 10 10 9 4 4 3 2 2 2 2 3 3 3 1 1 1 1 1 0 0 0 0 0 0 0 0 0 0 0 0
 5 5 8 7 7 3 17 17 18 18 17 9 9 26 53 53 15 15 8 13 13 4 3 3 3 3 2 3 3 2 1 1 0 0 0 0 0 0 0 0 0 0 0 0 0 0
 5 5 8 7 7 3 17 17 18 18 17 9 9 26 53 53 15 15 8 13 13 4 3 3 3 3 2 3 3 2 1 1 0 0 0 0 0 0 0 0 0 0 0 0 0 0
 1 1 2 3 3 1 2 2 6 6 13 13 13 12 12 12 13 13 8 6 6 1 3 3 2 2 2 3 3 1 1 1 0 0 0 0 0 0 0 0 0 0 0 0 0 0
 3 3 3 3 3 1 1 1 2 2 3 5 5 6 5 5 11 11 3 1 1 1 1 1 1 1 1 2 2 2 1 1 0 0 0 0 0 0 0 0 0 0 0 0 0 0
 3 3 3 3 3 1 1 1 2 2 3 5 5 6 5 5 11 11 3 1 1 1 1 1 1 1 1 2 2 2 1 1 0 0 0 0 0 0 0 0 0 0 0 0 0 0
 3 3 3 6 6 1 1 1 1 1 5 4 4 5 4 4 5 5 2 2 2 1 1 1 1 1 1 1 1 3 1 1 1 1 1 0 0 0 0 0 0 0 0 0 0 0
 3 3 3 6 6 1 1 1 1 1 5 4 4 5 4 4 5 5 2 2 2 1 1 1 1 1 1 1 1 3 1 1 1 1 1 0 0 0 0 0 0 0 0 0 0 0
 7 7 7 6 6 1 1 1 1 1 5 7 7 9 6 6 5 5 3 3 3 2 1 1 1 1 1 1 1 2 1 1 1 1 0 0 0 0 0 0 0 0 0 0 0 0
 2 2 3 3 3 1 1 1 2 2 7 9 9 9 10 10 6 6 5 3 3 3 2 2 1 1 2 2 2 2 1 1 1 1 1 0 0 1 0 0 0 0 0 0 0 0
 2 2 3 3 3 1 1 1 2 2 7 9 9 9 10 10 6 6 5 3 3 3 2 2 1 1 2 2 2 2 1 1 1 1 1 0 0 1 0 0 0 0 0 0 0 0
 2 2 2 2 2 0 0 0 0 0 2 4 4 7 9 9 8 8 10 5 5 4 5 5 3 3 3 4 4 3 1 1 1 1 1 1 1 1 1 1 0 0 0 0 0 0
 0 0 0 0 0 0 0 0 0 0 0 1 1 5 10 10 17 17 16 30 30 6 5 5 6 6 4 5 5 3 3 3 1 1 2 2 2 2 2 2 0 0 0 0 0 0
 0 0 0 0 0 0 0 0 0 0 0 1 1 5 10 10 17 17 16 30 30 6 5 5 6 6 4 5 5 3 3 3 1 1 2 2 2 2 2 2 0 0 0 0 0 0
 0 0 0 0 0 0 0 0 0 0 0 0 0 3 18 18 14 14 11 15 15 9 6 6 4 4 5 5 5 6 4 4 3 3 3 4 4 3 2 2 1 1 0 0 0 0
 0 0 0 0 0 0 0 0 0 0 0 0 0 3 18 18 14 14 11 15 15 9 6 6 4 4 5 5 5 6 4 4 3 3 3 4 4 3 2 2 1 1 0 0 0 0
 0 0 0 0 0 0 0 0 0 0 0 0 0 3 16 16 11 11 19 10 10 27 26 26 3 3 5 11 11 5 4 4 3 3 3 4 4 3 2 2 0 0 0 0 0 0
 0 0 0 0 0 0 0 0 0 0 0 0 0 3 16 16 33 33 44 6 6 5 3 3 2 2 5 3 3 2 2 2 1 1 1 4 4 2 1 1 1 1 0 0 0 0
 0 0 0 0 0 0 0 0 0 0 0 0 0 3 16 16 33 33 44 6 6 5 3 3 2 2 5 3 3 2 2 2 1 1 1 4 4 2 1 1 1 1 0 0 0 0
 0 0 0 0 0 0 0 0 0 0 0 0 0 0 6 6 6 6 6 4 4 2 5 5 1 1 1 0 0 1 1 1 1 1 1 1 1 1 0 0 0 0 0 0 0 0
 0 0 0 0 0 0 0 0 0 0 0 0 0 0 2 2 1 1 1 4 4 8 12 12 3 3 2 2 2 2 2 2 1 1 1 1 1 1 1 1 0 0 0 0 0 0
 0 0 0 0 0 0 0 0 0 0 0 0 0 0 2 2 1 1 1 4 4 8 12 12 3 3 2 2 2 2 2 2 1 1 1 1 1 1 1 1 0 0 0 0 0 0
 0 0 0 0 0 0 0 0 0 0 0 0 0 0 0 0 0 0 2 25 25 44 11 11 11 11 8 14 14 2 2 2 1 1 1 0 0 0 0 0 0 0 0 0 0 0
 0 0 0 0 0 0 0 0 0 0 0 0 0 0 0 0 0 0 2 25 25 44 11 11 11 11 8 14 14 2 2 2 1 1 1 0 0 0 0 0 0 0 0 0 0 0
 0 0 0 0 0 0 0 0 0 0 0 0 0 0 0 0 0 0 11 45 45 44 21 21 12 12 17 5 5 2 2 2 0 0 0 0 0 0 0 0 0 0 0 0 0 0
 0 0 0 0 0 0 0 0 0 0 0 0 0 0 0 0 0 0 9 46 46 12 11 11 35 35 11 6 6 4 1 1 1 1 0 0 0 0 0 0 0 0 0 0 0 0
 0 0 0 0 0 0 0 0 0 0 0 0 0 0 0 0 0 0 9 46 46 12 11 11 35 35 11 6 6 4 1 1 1 1 0 0 0 0 0 0 0 0 0 0 0 0
 0 0 0 0 0 0 0 0 0 0 0 0 0 0 0 0 0 0 0 1 1 1 10 10 14 14 8 9 9 4 1 1 0 0 0 0 0 0 0 0 0 0 0 0 0 0
 1 1 1 0 0 0 2 2 2 2 2 0 0 0 0 0 0 0 1 1 1 1 1 1 1 1 1 2 2 2 2 2 0 0 0 0 0 0 0 0 0 0 0 0 0 0
 1 1 1 0 0 0 2 2 2 2 2 0 0 0 0 0 0 0 1 1 1 1 1 1 1 1 1 2 2 2 2 2 0 0 0 0 0 0 0 0 0 0 0 0 0 0
 2 2 1 0 0 0 2 2 2 2 0 0 0 0 0 0 0 0 1 0 0 1 2 2 1 1 1 1 1 1 1 1 0 0 0 0 0 0 0 0 0 0 0 0 0 0
 2 2 1 0 0 0 2 2 2 2 0 0 0 0 0 0 0 0 1 0 0 1 2 2 1 1 1 1 1 1 1 1 0 0 0 0 0 0 0 0 0 0 0 0 0 0
 1 1 0 0 0 2 3 3 2 2 0 1 1 0 0 0 0 0 1 0 0 0 1 1 1 1 0 0 0 0 1 1 0 0 0 0 0 0 0 0 0 0 0 0 0 0
 0 0 0 0 0 0 0 0 0 0 0 0 0 0 0 0 0 0 1 0 0 0 1 1 0 0 0 0 0 0 0 0 0 0 0 0 0 0 0 0 0 0 0 0 0 0
 0 0 0 0 0 0 0 0 0 0 0 0 0 0 0 0 0 0 1 0 0 0 1 1 0 0 0 0 0 0 0 0 0 0 0 0 0 0 0 0 0 0 0 0 0 0
 0 0 0 0 0 0 0 0 0 0 0 0 0 0 0 0 0 0 0 0 0 0 0 0 0 0 0 0 0 1 0 0 2 2 0 0 0 0 0 0 0 0 0 0 0 1
 0 0 0 0 0 0 0 0 0 0 0 0 0 0 2 2 0 0 0 0 0 0 1 1 0 0 0 0 0 3 3 3 2 2 2 5 5 0 0 0 0 0 1 0 0 1
 0 0 0 0 0 0 0 0 0 0 0 0 0 0 2 2 0 0 0 0 0 0 1 1 0 0 0 0 0 3 3 3 2 2 2 5 5 0 0 0 0 0 1 0 0 1
 0 0 0 0 0 0 0 0 0 0 0 0 0 1 2 2 0 0 0 1 1 1 0 0 0 0 0 2 2 14 22 22 17 17 21 12 12 3 2 2 2 2 2 3 3 3
 0 0 0 0 0 0 0 0 0 0 0 0 0 1 2 2 0 0 0 1 1 1 0 0 0 0 0 2 2 14 22 22 17 17 21 12 12 3 2 2 2 2 2 3 3 3
 0 0 0 0 0 0 0 0 0 0 0 0 0 1 2 2 1 1 1 1 1 1 0 0 0 0 0 5 5 10 10 10 16 16 12 14 14 7 9 9 9 9 10 12 12 5
 0 0 0 0 0 0 0 0 0 0 0 0 0 0 2 2 1 1 1 6 6 7 5 5 4 4 3 9 9 20 21 21 16 16 17 18 18 17 14 14 8 8 15 14 14 8
 0 0 0 0 0 0 0 0 0 0 0 0 0 0 2 2 1 1 1 6 6 7 5 5 4 4 3 9 9 20 21 21 16 16 17 18 18 17 14 14 8 8 15 14 14 8
 0 0 0 0 0 0 0 0 0 0 1 1 1 0 0 0 7 7 7 6 6 7 10 10 9 9 16 32 32 25 24 24 24 24 29 21 21 24 18 18 12 12 12 10 10 5
 0 0 0 0 0 0 0 0 0 0 0 0 0 0 0 0 3 3 14 15 15 9 21 21 13 13 20 28 28 25 16 16 21 21 16 28 28 21 16 16 8 8 6 8 8 7
 0 0 0 0 0 0 0 0 0 0 0 0 0 0 0 0 3 3 14 15 15 9 21 21 13 13 20 28 28 25 16 16 21 21 16 28 28 21 16 16 8 8 6 8 8 7
 0 0 0 0 0 0 0 0 0 0 0 0 0 8 9 9 3 3 14 17 17 9 42 42 12 12 15 24 24 16 20 20 18 18 22 22 22 19 15 15 11 11 8 10 10 8
 0 0 0 0 0 0 0 0 0 0 0 0 0 8 9 9 3 3 14 17 17 9 42 42 12 12 15 24 24 16 20 20 18 18 22 22 22 19 15 15 11 11 8 10 10 8
 0 0 0 0 0 0 0 0 0 0 8 9 9 9 8 8 38 38 56 57 57 42 43 43 12 12 9 7 7 10 15 15 10 10 21 22 22 23 14 14 10 10 12 8 8 13
 0 0 0 0 0 0 1 1 1 1 4 9 9 9 9 9 39 39 1 20 20 21 24 24 12 12 9 6 6 5 22 22 18 18 14 15 15 17 14 14 6 6 8 15 15 21
 0 0 0 0 0 0 1 1 1 1 4 9 9 9 9 9 39 39 1 20 20 21 24 24 12 12 9 6 6 5 22 22 18 18 14 15 15 17 14 14 6 6 8 15 15 21
 0 0 0 0 0 4 5 5 4 4 4 9 9 9 4 4 2 2 2 23 23 6 24 24 5 5 6 5 5 6 14 14 19 19 5 8 8 10 8 8 6 6 12 17 17 16
 0 0 0 0 0 0 0 0 0 0 0 3 3 4 4 4 3 3 2 2 2 2 3 3 4 4 5 1 1 1 6 6 10 10 18 18 18 12 11 11 6 6 14 14 14 14
 0 0 0 0 0 0 0 0 0 0 0 3 3 4 4 4 3 3 2 2 2 2 3 3 4 4 5 1 1 1 6 6 10 10 18 18 18 12 11 11 6 6 14 14 14 14
 0 0 0 0 0 0 0 0 0 0 0 0 0 0 1 1 1 1 1 0 0 1 3 3 5 5 2 1 1 4 13 13 13 13 27 12 12 22 8 8 5 5 14 8 8 13
 0 0 0 0 0 0 0 0 0 0 0 0 0 0 1 1 1 1 1 0 0 1 3 3 5 5 2 1 1 4 13 13 13 13 27 12 12 22 8 8 5 5 14 8 8 13
 0 0 0 0 0 0 0 0 0 0 0 0 0 0 0 0 0 0 1 0 0 0 0 0 2 2 2 2 2 6 13 13 15 15 25 22 22 21 5 5 9 9 14 9 9 11
 0 0 0 0 0 0 0 0 0 0 0 0 0 0 1 1 1 1 1 0 0 0 0 0 0 0 2 7 7 10 15 15 21 21 23 24 24 16 8 8 6 6 11 15 15 8
 0 0 0 0 0 0 0 0 0 0 0 0 0 0 1 1 1 1 1 0 0 0 0 0 0 0 2 7 7 10 15 15 21 21 23 24 24 16 8 8 6 6 11 15 15 8
 0 0 0 0 0 0 0 0 0 0 0 0 0 1 1 1 1 1 0 0 0 0 0 0 0 0 0 6 6 11 12 12 18 18 18 21 21 10 15 15 5 5 7 14 14 8
 0 0 0 0 0 0 1 1 0 0 1 0 0 1 1 1 1 1 0 0 0 0 0 0 0 0 0 5 5 9 8 8 8 8 10 14 14 13 17 17 7 7 10 16 16 8
 0 0 0 0 0 0 1 1 0 0 1 0 0 1 1 1 1 1 0 0 0 0 0 0 0 0 0 5 5 9 8 8 8 8 10 14 14 13 17 17 7 7 10 16 16 8
 0 0 0 0 0 0 0 0 0 0 0 0 0 0 0 0 0 0 0 0 0 0 0 0 0 0 0 7 7 8 9 9 7 7 6 12 12 14 18 18 7 7 18 14 14 14
 0 0 0 0 0 0 0 0 0 0 0 0 0 0 0 0 0 0 0 0 0 0 0 0 0 0 0 7 7 8 9 9 7 7 6 12 12 14 18 18 7 7 18 14 14 14
 0 0 0 0 0 0 0 0 0 0 0 0 0 0 0 0 0 0 0 1 1 1 0 0 0 0 0 0 0 2 3 3 1 1 5 12 12 8 7 7 5 5 9 18 18 5
 0 0 0 0 0 0 0 0 0 0 1 0 0 0 0 0 0 0 1 2 2 1 0 0 0 0 0 0 0 0 2 2 2 2 5 9 9 9 9 9 8 8 7 8 8 6
 0 0 0 0 0 0 0 0 0 0 1 0 0 0 0 0 0 0 1 2 2 1 0 0 0 0 0 0 0 0 2 2 2 2 5 9 9 9 9 9 8 8 7 8 8 6
 0 0 0 0 0 0 0 0 0 0 0 0 0 0 0 0 0 0 0 1 1 0 0 0 0 0 0 0 0 0 1 1 1 1 2 4 4 5 7 7 10 10 24 34 34 6
 0 0 0 0 0 0 0 0 0 0 0 0 0 0 0 0 0 0 0 0 0 0 0 0 0 0 0 0 0 0 0 0 1 1 2 3 3 6 16 16 6 6 14 26 26 10
 0 0 0 0 0 0 0 0 0 0 0 0 0 0 0 0 0 0 0 0 0 0 0 0 0 0 0 0 0 0 0 0 1 1 2 3 3 6 16 16 6 6 14 26 26 10
 0 0 1 1 1 0 0 0 0 0 0 0 0 0 0 0 0 0 0 0 0 0 0 0 0 0 0 0 0 0 0 0 0 0 2 3 3 3 6 6 19 19 18 6 6 10
 0 0 1 1 1 0 0 0 0 0 0 0 0 0 0 0 0 0 0 0 0 0 0 0 0 0 0 0 0 0 0 0 0 0 2 3 3 3 6 6 19 19 18 6 6 10
 0 0 0 0 0 1 0 0 0 0 0 1 1 1 0 0 0 0 1 1 1 0 0 0 0 0 0 0 0 0 0 0 0 0 1 1 1 1 3 3 34 34 5 4 4 3
 0 0 0 1 1 1 1 1 0 0 1 1 1 0 0 0 0 0 0 1 1 0 0 0 0 0 0 0 0 0 0 0 0 0 0 0 0 1 1 1 24 24 2 2 2 1
 0 0 0 1 1 1 1 1 0 0 1 1 1 0 0 0 0 0 0 1 1 0 0 0 0 0 0 0 0 0 0 0 0 0 0 0 0 1 1 1 24 24 2 2 2 1
 0 0 0 0 0 0 0 0 1 1 1 0 0 0 0 0 0 0 0 0 0 0 0 0 0 0 0 0 0 0 0 0 0 0 0 0 0 0 2 2 5 5 2 1 1 1
 0 0 1 0 0 0 1 1 4 4 5 1 1 0 0 0 0 0 0 0 0 0 0 0 0 0 0 0 0 0 0 0 0 0 0 0 0 0 0 0 0 0 1 1 1 1
