assets/RAT_results_old/precipitation/2021-09-28_IMERG.asc
ncols        46
nrows        77
xllcorner    74.800261325624
yllcorner    8.058333333333
cellsize     0.062500000000
NODATA_value -9999
 1 1 1 0 0 0 0 0 1 1 1 1 1 2 3 3 3 3 2 2 2 1 1 1 0 0 0 0 0 0 0 0 0 0 0 0 0 0 0 0 0 0 0 0 0 0
 1 1 0 1 1 1 1 1 1 1 1 1 1 2 4 4 4 4 2 1 1 0 0 0 0 0 0 0 0 0 0 0 0 0 0 0 0 0 0 0 0 0 0 0 0 0
 1 1 0 1 1 1 1 1 1 1 1 1 1 2 4 4 4 4 2 1 1 0 0 0 0 0 0 0 0 0 0 0 0 0 0 0 0 0 0 0 0 0 0 0 0 0
 0 0 1 0 0 1 1 1 2 2 1 1 1 2 2 2 2 2 1 1 1 0 0 0 0 0 0 1 1 0 0 0 0 0 0 0 0 0 0 0 0 0 0 0 0 0
 0 0 1 1 1 0 1 1 2 2 2 2 2 1 2 2 1 1 1 0 0 0 0 0 0 0 0 1 1 0 0 0 0 0 0 0 0 0 0 0 0 0 0 0 0 0
 0 0 1 1 1 0 1 1 2 2 2 2 2 1 2 2 1 1 1 0 0 0 0 0 0 0 0 1 1 0 0 0 0 0 0 0 0 0 0 0 0 0 0 0 0 0
 1 1 0 1 1 0 0 0 2 2 2 2 2 1 1 1 1 1 1 0 0 0 0 0 0 0 0 1 1 0 0 0 0 0 0 0 0 0 0 0 0 0 0 0 0 0
 1 1 0 1 1 0 0 0 2 2 2 2 2 1 1 1 1 1 1 0 0 0 0 0 0 0 0 1 1 0 0 0 0 0 0 0 0 0 0 0 0 0 0 0 0 0
 0 0 1 3 3 4 4 4 2 2 2 1 1 1 1 1 1 1 0 0 0 0 0 0 0 0 0 0 0 0 0 0 0 0 0 0 0 0 0 0 0 0 0 0 0 0
 1 1 7 12 12 8 3 3 1 1 2 1 1 1 0 0 0 0 0 0 0 0 0 0 0 0 0 0 0 0 0 0 0 0 0 0 0 0 0 0 0 0 0 0 0 0
 1 1 7 12 12 8 3 3 1 1 2 1 1 1 0 0 0 0 0 0 0 0 0 0 0 0 0 0 0 0 0 0 0 0 0 0 0 0 0 0 0 0 0 0 0 0
 3 3 24 7 7 13 8 8 5 5 1 2 2 1 0 0 0 0 0 0 0 0 0 0 0 0 0 0 0 0 0 0 0 0 0 0 0 0 0 0 0 0 0 0 0 0
 6 6 15 2 2 4 9 9 4 4 2 2 2 0 0 0 0 0 0 0 0 1 0 0 0 0 0 0 0 0 0 0 0 0 0 0 0 0 0 0 0 0 0 0 0 0
 6 6 15 2 2 4 9 9 4 4 2 2 2 0 0 0 0 0 0 0 0 1 0 0 0 0 0 0 0 0 0 0 0 0 0 0 0 0 0 0 0 0 0 0 0 0
 8 8 15 2 2 4 3 3 3 3 1 1 1 0 0 0 0 0 0 0 0 0 0 0 0 0 0 0 0 0 0 0 0 0 0 0 0 0 1 1 1 1 0 0 0 0
 8 8 15 2 2 4 3 3 3 3 1 1 1 0 0 0 0 0 0 0 0 0 0 0 0 0 0 0 0 0 0 0 0 0 0 0 0 0 1 1 1 1 0 0 0 0
 5 5 18 18 18 2 4 4 6 6 2 3 3 1 0 0 0 0 0 1 1 1 0 0 0 0 0 0 0 0 0 0 0 0 0 0 0 0 0 0 1 1 0 0 0 1
 8 8 24 10 10 3 1 1 4 4 4 3 3 2 1 1 0 0 0 1 1 0 0 0 0 0 0 0 0 0 0 0 0 0 0 0 0 0 0 0 0 0 0 0 0 0
 8 8 24 10 10 3 1 1 4 4 4 3 3 2 1 1 0 0 0 1 1 0 0 0 0 0 0 0 0 0 0 0 0 0 0 0 0 0 0 0 0 0 0 0 0 0
 5 5 13 15 15 1 0 0 1 1 1 3 3 3 1 1 0 0 0 0 0 0 0 0 0 0 0 0 0 1 0 0 0 0 0 0 0 0 0 0 0 0 0 0 0 0
 3 3 13 4 4 0 0 0 2 2 5 5 5 4 1 1 1 1 0 0 0 0 0 0 0 0 0 0 0 1 0 0 1 1 1 0 0 0 0 0 0 0 0 0 0 0
 3 3 13 4 4 0 0 0 2 2 5 5 5 4 1 1 1 1 0 0 0 0 0 0 0 0 0 0 0 1 0 0 1 1 1 0 0 0 0 0 0 0 0 0 0 0
 5 5 8 1 1 0 1 1 5 5 2 4 4 7 3 3 2 2 1 0 0 0 0 0 0 0 0 0 0 2 2 2 0 0 0 0 0 0 0 0 0 0 0 0 0 0
 5 5 8 1 1 0 1 1 5 5 2 4 4 7 3 3 2 2 1 0 0 0 0 0 0 0 0 0 0 2 2 2 0 0 0 0 0 0 0 0 0 0 0 0 0 0
 11 11 10 1 1 1 1 1 4 4 1 6 6 7 2 2 2 2 3 2 2 0 0 0 0 0 0 1 1 1 1 1 0 0 0 0 0 0 0 0 0 0 0 0 0 0
 12 12 5 1 1 1 2 2 4 4 8 7 7 4 6 6 3 3 4 5 5 1 0 0 0 0 0 1 1 1 1 1 0 0 0 0 0 0 0 0 0 0 0 0 0 0
 12 12 5 1 1 1 2 2 4 4 8 7 7 4 6 6 3 3 4 5 5 1 0 0 0 0 0 1 1 1 1 1 0 0 0 0 0 0 0 0 0 0 0 0 0 0
 4 4 2 2 2 1 3 3 1 1 4 2 2 5 4 4 5 5 5 8 8 2 0 0 0 0 1 1 1 1 1 1 0 0 0 0 0 0 0 0 0 0 0 0 0 0
 2 2 1 1 1 1 3 3 2 2 3 2 2 2 2 2 4 4 6 8 8 3 1 1 1 1 0 0 0 1 1 1 2 2 1 0 0 0 0 0 0 0 0 0 0 0
 2 2 1 1 1 1 3 3 2 2 3 2 2 2 2 2 4 4 6 8 8 3 1 1 1 1 0 0 0 1 1 1 2 2 1 0 0 0 0 0 0 0 0 0 0 0
 1 1 0 1 1 1 3 3 3 3 2 4 4 4 1 1 3 3 4 3 3 2 3 3 3 3 2 3 3 2 2 2 3 3 2 0 0 0 0 0 0 0 0 0 0 0
 1 1 0 1 1 1 3 3 3 3 2 4 4 4 1 1 3 3 4 3 3 2 3 3 3 3 2 3 3 2 2 2 3 3 2 0 0 0 0 0 0 0 0 0 0 0
 3 3 1 1 1 1 3 3 4 4 4 5 5 3 2 2 2 2 2 3 3 3 4 4 6 6 4 3 3 3 1 1 3 3 1 1 1 0 0 0 0 0 0 0 0 0
 3 3 1 1 1 1 1 1 3 3 3 1 1 2 1 1 1 1 1 1 1 3 2 2 4 4 4 4 4 2 1 1 1 1 0 0 0 0 0 0 0 0 0 0 0 0
 3 3 1 1 1 1 1 1 3 3 3 1 1 2 1 1 1 1 1 1 1 3 2 2 4 4 4 4 4 2 1 1 1 1 0 0 0 0 0 0 0 0 0 0 0 0
 2 2 1 0 0 1 1 1 2 2 2 1 1 1 1 1 2 2 1 3 3 4 0 0 0 0 0 1 1 2 1 1 0 0 0 0 0 0 0 0 0 0 0 0 0 0
 2 2 1 0 0 0 1 1 1 1 1 1 1 0 1 1 2 2 0 1 1 3 1 1 0 0 0 0 0 0 0 0 0 0 1 2 2 1 0 0 0 0 0 0 0 0
 2 2 1 0 0 0 1 1 1 1 1 1 1 0 1 1 2 2 0 1 1 3 1 1 0 0 0 0 0 0 0 0 0 0 1 2 2 1 0 0 0 0 0 0 0 0
 1 1 0 0 0 0 0 0 1 1 1 1 1 0 1 1 1 1 2 2 2 1 1 1 0 0 0 0 0 0 1 1 2 2 2 3 3 1 0 0 0 0 0 0 0 0
 1 1 0 0 0 0 0 0 1 1 1 1 1 0 1 1 1 1 2 2 2 1 1 1 0 0 0 0 0 0 1 1 2 2 2 3 3 1 0 0 0 0 0 0 0 0
 1 1 1 0 0 0 0 0 0 0 0 1 1 0 0 0 0 0 1 1 1 1 1 1 0 0 1 0 0 1 2 2 6 6 4 3 3 3 0 0 0 0 0 0 0 0
 0 0 1 1 1 1 1 1 0 0 0 0 0 0 0 0 0 0 1 5 5 4 3 3 1 1 1 1 1 4 4 4 6 6 6 4 4 3 2 2 1 1 0 0 0 0
 0 0 1 1 1 1 1 1 0 0 0 0 0 0 0 0 0 0 1 5 5 4 3 3 1 1 1 1 1 4 4 4 6 6 6 4 4 3 2 2 1 1 0 0 0 0
 0 0 0 0 0 1 1 1 1 1 0 0 0 0 0 0 0 0 2 5 5 6 7 7 5 5 1 4 4 1 2 2 4 4 6 5 5 4 2 2 1 1 0 0 0 0
 0 0 0 0 0 1 1 1 1 1 0 0 0 0 0 0 0 0 2 4 4 12 9 9 10 10 6 4 4 1 0 0 1 1 3 3 3 2 1 1 0 0 0 0 0 0
 0 0 0 0 0 1 1 1 1 1 0 0 0 0 0 0 0 0 2 4 4 12 9 9 10 10 6 4 4 1 0 0 1 1 3 3 3 2 1 1 0 0 0 0 0 0
 0 0 1 1 1 1 1 1 1 1 1 0 0 1 1 1 0 0 1 6 6 9 12 12 9 9 8 3 3 0 0 0 0 0 0 2 2 1 1 1 0 0 0 0 0 0
 0 0 1 1 1 1 1 1 1 1 1 0 0 1 1 1 0 0 1 6 6 9 12 12 9 9 8 3 3 0 0 0 0 0 0 2 2 1 1 1 0 0 0 0 0 0
 1 1 1 1 1 1 2 2 2 2 2 2 2 3 4 4 5 5 4 5 5 8 13 13 6 6 6 2 2 0 0 0 0 0 0 2 2 1 0 0 0 0 0 0 0 0
 1 1 1 1 1 1 1 1 2 2 1 1 1 5 5 5 4 4 5 4 4 6 12 12 8 8 5 1 1 1 1 1 1 1 1 2 2 1 0 0 0 0 0 0 0 0
 1 1 1 1 1 1 1 1 2 2 1 1 1 5 5 5 4 4 5 4 4 6 12 12 8 8 5 1 1 1 1 1 1 1 1 2 2 1 0 0 0 0 0 0 0 0
 0 0 0 1 1 1 1 1 1 1 2 4 4 5 7 7 5 5 5 3 3 7 10 10 11 11 5 6 6 6 6 6 2 2 1 2 2 1 1 1 1 1 0 0 0 0
 0 0 1 2 2 1 1 1 2 2 2 2 2 5 5 5 4 4 6 5 5 10 15 15 15 15 10 11 11 9 6 6 1 1 0 1 1 2 2 2 1 1 0 0 0 0
 0 0 1 2 2 1 1 1 2 2 2 2 2 5 5 5 4 4 6 5 5 10 15 15 15 15 10 11 11 9 6 6 1 1 0 1 1 2 2 2 1 1 0 0 0 0
 2 2 3 2 2 2 3 3 5 5 5 5 5 8 6 6 5 5 4 3 3 15 16 16 15 15 10 10 10 9 7 7 8 8 3 4 4 3 2 2 1 1 0 0 0 0
 2 2 3 2 2 2 3 3 5 5 5 5 5 8 6 6 5 5 4 3 3 15 16 16 15 15 10 10 10 9 7 7 8 8 3 4 4 3 2 2 1 1 0 0 0 0
 2 2 3 2 2 4 3 3 5 5 6 5 5 10 8 8 8 8 8 7 7 11 17 17 21 21 16 15 15 9 8 8 10 10 5 8 8 6 3 3 2 2 1 0 0 0
 8 8 6 3 3 3 4 4 5 5 5 7 7 8 9 9 10 10 12 9 9 14 17 17 20 20 16 14 14 8 8 8 8 8 5 7 7 6 4 4 4 4 2 0 0 0
 8 8 6 3 3 3 4 4 5 5 5 7 7 8 9 9 10 10 12 9 9 14 17 17 20 20 16 14 14 8 8 8 8 8 5 7 7 6 4 4 4 4 2 0 0 0
 15 15 7 3 3 3 3 3 3 3 5 7 7 9 14 14 12 12 14 17 17 17 25 25 19 19 24 21 21 16 10 10 3 3 5 3 3 4 3 3 4 4 2 2 2 1
 17 17 16 8 8 7 6 6 5 5 4 8 8 8 9 9 10 10 9 20 20 21 23 23 24 24 26 24 24 19 8 8 5 5 5 3 3 0 3 3 4 4 3 2 2 2
 17 17 16 8 8 7 6 6 5 5 4 8 8 8 9 9 10 10 9 20 20 21 23 23 24 24 26 24 24 19 8 8 5 5 5 3 3 0 3 3 4 4 3 2 2 2
 9 9 13 9 9 9 5 5 4 4 4 5 5 8 10 10 9 9 9 23 23 18 21 21 24 24 27 26 26 18 13 13 9 9 8 13 13 4 4 4 4 4 4 2 2 2
 9 9 13 9 9 9 5 5 4 4 4 5 5 8 10 10 9 9 9 23 23 18 21 21 24 24 27 26 26 18 13 13 9 9 8 13 13 4 4 4 4 4 4 2 2 2
 8 8 7 4 4 4 4 4 4 4 4 4 4 5 6 6 7 7 6 15 15 28 29 29 35 35 34 25 25 23 19 19 10 10 9 14 14 6 8 8 5 5 5 2 2 1
 3 3 3 3 3 4 5 5 4 4 4 4 4 4 4 4 5 5 5 5 5 7 11 11 15 15 29 24 24 24 20 20 16 16 16 16 16 12 7 7 12 12 6 4 4 1
 3 3 3 3 3 4 5 5 4 4 4 4 4 4 4 4 5 5 5 5 5 7 11 11 15 15 29 24 24 24 20 20 16 16 16 16 16 12 7 7 12 12 6 4 4 1
 3 3 4 5 5 8 9 9 9 9 13 9 9 4 5 5 4 4 4 4 4 5 6 6 13 13 22 24 24 17 23 23 17 17 12 15 15 13 9 9 12 12 8 6 6 2
 5 5 6 8 8 11 10 10 15 15 13 13 13 16 14 14 14 14 10 5 5 5 5 5 6 6 6 16 16 9 18 18 16 16 14 10 10 12 9 9 13 13 14 8 8 7
 5 5 6 8 8 11 10 10 15 15 13 13 13 16 14 14 14 14 10 5 5 5 5 5 6 6 6 16 16 9 18 18 16 16 14 10 10 12 9 9 13 13 14 8 8 7
 6 6 5 7 7 9 9 9 12 12 10 10 10 13 13 13 10 10 11 10 10 4 4 4 4 4 6 4 4 5 9 9 7 7 8 10 10 12 14 14 11 11 15 14 14 10
 6 6 5 7 7 9 9 9 12 12 10 10 10 13 13 13 10 10 11 10 10 4 4 4 4 4 6 4 4 5 9 9 7 7 8 10 10 12 14 14 11 11 15 14 14 10
 6 6 7 8 8 7 7 7 8 8 8 12 12 15 16 16 11 11 11 8 8 3 3 3 3 3 3 4 4 5 7 7 8 8 11 9 9 8 12 12 11 11 14 12 12 11
 6 6 6 7 7 7 8 8 10 10 9 13 13 12 14 14 14 14 14 11 11 6 5 5 4 4 3 3 3 4 5 5 6 6 7 9 9 12 10 10 11 11 9 9 9 6
 6 6 6 7 7 7 8 8 10 10 9 13 13 12 14 14 14 14 14 11 11 6 5 5 4 4 3 3 3 4 5 5 6 6 7 9 9 12 10 10 11 11 9 9 9 6
 7 7 7 9 9 9 10 10 9 9 9 10 10 17 15 15 19 19 18 11 11 8 6 6 4 4 4 3 3 4 5 5 5 5 6 8 8 6 12 12 9 9 6 7 7 5
 5 5 6 7 7 9 8 8 13 13 14 13 13 12 16 16 18 18 16 12 12 11 10 10 10 10 8 7 7 8 4 4 5 5 5 6 6 7 6 6 7 7 6 5 5 8
