assets/RAT_results_old/precipitation/2021-05-11_IMERG.asc
ncols        46
nrows        77
xllcorner    74.800261325624
yllcorner    8.058333333333
cellsize     0.062500000000
NODATA_value -9999
 0 0 5 12 12 2 0 0 1 1 2 3 3 3 3 3 5 5 5 4 4 16 1 1 3 3 1 1 1 1 1 1 17 17 17 4 4 4 2 2 0 0 0 0 0 2
 2 2 8 19 19 12 0 0 0 0 1 5 5 2 3 3 1 1 11 20 20 11 4 4 3 3 1 2 2 2 1 1 3 3 3 3 3 2 2 2 0 0 1 1 1 3
 2 2 8 19 19 12 0 0 0 0 1 5 5 2 3 3 1 1 11 20 20 11 4 4 3 3 1 2 2 2 1 1 3 3 3 3 3 2 2 2 0 0 1 1 1 3
 0 0 0 1 1 4 7 7 4 4 3 4 4 5 6 6 18 18 11 12 12 15 4 4 4 4 1 2 2 2 2 2 1 1 3 1 1 3 2 2 1 1 3 3 3 4
 0 0 0 0 0 0 1 1 0 0 0 1 1 13 9 9 16 16 14 16 16 15 15 15 1 1 1 2 2 2 2 2 2 2 2 1 1 3 3 3 2 2 6 7 7 4
 0 0 0 0 0 0 1 1 0 0 0 1 1 13 9 9 16 16 14 16 16 15 15 15 1 1 1 2 2 2 2 2 2 2 2 1 1 3 3 3 2 2 6 7 7 4
 0 0 1 2 2 3 2 2 1 1 1 2 2 8 3 3 18 18 20 22 22 10 5 5 2 2 4 4 4 2 2 2 1 1 1 1 1 14 14 14 15 15 5 6 6 4
 0 0 1 2 2 3 2 2 1 1 1 2 2 8 3 3 18 18 20 22 22 10 5 5 2 2 4 4 4 2 2 2 1 1 1 1 1 14 14 14 15 15 5 6 6 4
 1 1 0 2 2 3 3 3 1 1 6 5 5 6 5 5 6 6 18 19 19 10 7 7 3 3 3 1 1 1 1 1 1 1 1 1 1 0 1 1 1 1 2 2 2 2
 3 3 2 3 3 3 5 5 1 1 3 19 19 2 3 3 4 4 18 18 18 10 7 7 4 4 1 1 1 1 1 1 1 1 1 0 0 0 0 0 2 2 1 0 0 1
 3 3 2 3 3 3 5 5 1 1 3 19 19 2 3 3 4 4 18 18 18 10 7 7 4 4 1 1 1 1 1 1 1 1 1 0 0 0 0 0 2 2 1 0 0 1
 11 11 6 6 6 5 3 3 3 3 3 2 2 2 3 3 5 5 9 11 11 9 5 5 4 4 6 3 3 0 0 0 0 0 0 0 0 0 0 0 0 0 1 0 0 0
 18 18 11 13 13 7 6 6 6 6 5 4 4 3 5 5 5 5 4 3 3 4 5 5 4 4 18 14 14 1 0 0 0 0 1 1 1 1 0 0 0 0 0 0 0 0
 18 18 11 13 13 7 6 6 6 6 5 4 4 3 5 5 5 5 4 3 3 4 5 5 4 4 18 14 14 1 0 0 0 0 1 1 1 1 0 0 0 0 0 0 0 0
 33 33 23 11 11 10 8 8 10 10 7 4 4 3 3 3 4 4 2 2 2 2 5 5 8 8 15 18 18 1 0 0 0 0 1 3 3 3 1 1 1 1 0 0 0 0
 33 33 23 11 11 10 8 8 10 10 7 4 4 3 3 3 4 4 2 2 2 2 5 5 8 8 15 18 18 1 0 0 0 0 1 3 3 3 1 1 1 1 0 0 0 0
 55 55 50 25 25 5 17 17 9 9 6 3 3 2 2 2 2 2 2 3 3 4 6 6 6 6 19 18 18 17 5 5 2 2 0 2 2 2 1 1 0 0 0 0 0 0
 91 91 86 73 73 39 17 17 6 6 5 4 4 5 3 3 2 2 2 3 3 5 7 7 9 9 6 31 31 20 4 4 1 1 0 0 0 4 8 8 1 1 0 0 0 0
 91 91 86 73 73 39 17 17 6 6 5 4 4 5 3 3 2 2 2 3 3 5 7 7 9 9 6 31 31 20 4 4 1 1 0 0 0 4 8 8 1 1 0 0 0 0
 72 72 151 173 173 99 65 65 30 30 6 8 8 10 7 7 4 4 4 7 7 7 9 9 9 9 7 20 20 15 4 4 1 1 0 0 0 0 0 0 0 0 0 0 0 0
 50 50 103 98 98 56 80 80 38 38 16 40 40 30 15 15 18 18 9 11 11 8 7 7 9 9 8 15 15 5 2 2 1 1 0 0 0 0 0 0 0 0 0 0 0 0
 50 50 103 98 98 56 80 80 38 38 16 40 40 30 15 15 18 18 9 11 11 8 7 7 9 9 8 15 15 5 2 2 1 1 0 0 0 0 0 0 0 0 0 0 0 0
 45 45 108 105 105 70 50 50 52 52 24 45 45 39 35 35 21 21 11 16 16 6 4 4 15 15 5 8 8 6 5 5 1 1 0 0 0 0 3 3 0 0 0 0 0 0
 45 45 108 105 105 70 50 50 52 52 24 45 45 39 35 35 21 21 11 16 16 6 4 4 15 15 5 8 8 6 5 5 1 1 0 0 0 0 3 3 0 0 0 0 0 0
 48 48 40 57 57 55 47 47 45 45 23 26 26 29 22 22 19 19 12 8 8 3 2 2 6 6 5 8 8 3 1 1 1 1 0 0 0 0 2 2 0 0 0 0 0 0
 27 27 28 53 53 46 40 40 37 37 24 13 13 16 19 19 17 17 11 5 5 3 1 1 1 1 2 1 1 1 1 1 0 0 0 0 0 0 0 0 0 0 0 0 0 0
 27 27 28 53 53 46 40 40 37 37 24 13 13 16 19 19 17 17 11 5 5 3 1 1 1 1 2 1 1 1 1 1 0 0 0 0 0 0 0 0 0 0 0 0 0 0
 30 30 29 33 33 28 30 30 31 31 33 35 35 30 19 19 19 19 16 4 4 1 1 1 1 1 1 1 1 1 1 1 0 0 0 0 0 0 0 0 0 0 0 0 0 1
 39 39 31 25 25 36 33 33 38 38 36 35 35 35 22 22 23 23 33 10 10 15 7 7 1 1 1 0 0 0 1 1 0 0 0 0 0 0 0 0 0 0 0 0 0 1
 39 39 31 25 25 36 33 33 38 38 36 35 35 35 22 22 23 23 33 10 10 15 7 7 1 1 1 0 0 0 1 1 0 0 0 0 0 0 0 0 0 0 0 0 0 1
 38 38 32 26 26 34 36 36 43 43 36 55 55 36 38 38 57 57 54 18 18 15 6 6 1 1 1 1 1 0 0 0 0 0 0 0 0 0 0 0 0 0 2 2 2 0
 38 38 32 26 26 34 36 36 43 43 36 55 55 36 38 38 57 57 54 18 18 15 6 6 1 1 1 1 1 0 0 0 0 0 0 0 0 0 0 0 0 0 2 2 2 0
 33 33 24 23 23 29 33 33 38 38 38 61 61 44 44 44 45 45 44 18 18 9 8 8 1 1 0 1 1 0 1 1 1 1 1 0 0 0 1 1 1 1 10 3 3 0
 26 26 21 20 20 33 33 33 49 49 55 73 73 114 103 103 39 39 28 32 32 17 5 5 0 0 0 0 0 1 2 2 2 2 1 0 0 0 0 0 3 3 6 2 2 0
 26 26 21 20 20 33 33 33 49 49 55 73 73 114 103 103 39 39 28 32 32 17 5 5 0 0 0 0 0 1 2 2 2 2 1 0 0 0 0 0 3 3 6 2 2 0
 32 32 24 20 20 28 35 35 45 45 54 65 65 90 116 116 51 51 36 30 30 18 12 12 0 0 0 0 0 0 1 1 1 1 1 0 0 0 1 1 1 1 1 1 1 1
 27 27 21 25 25 35 40 40 44 44 60 61 61 75 120 120 56 56 32 26 26 23 11 11 2 2 6 0 0 0 1 1 4 4 0 0 0 0 2 2 2 2 2 2 2 1
 27 27 21 25 25 35 40 40 44 44 60 61 61 75 120 120 56 56 32 26 26 23 11 11 2 2 6 0 0 0 1 1 4 4 0 0 0 0 2 2 2 2 2 2 2 1
 29 29 32 65 65 68 36 36 37 37 27 69 69 29 36 36 41 41 34 23 23 24 8 8 4 4 7 12 12 12 1 1 1 1 4 4 4 1 2 2 2 2 7 4 4 3
 29 29 32 65 65 68 36 36 37 37 27 69 69 29 36 36 41 41 34 23 23 24 8 8 4 4 7 12 12 12 1 1 1 1 4 4 4 1 2 2 2 2 7 4 4 3
 15 15 17 69 69 69 51 51 50 50 27 24 24 29 27 27 25 25 31 23 23 23 12 12 6 6 20 22 22 16 8 8 3 3 2 0 0 5 8 8 2 2 6 14 14 8
 19 19 20 23 23 24 24 24 22 22 24 18 18 16 13 13 21 21 19 27 27 21 12 12 1 1 5 51 51 50 8 8 3 3 2 2 2 9 12 12 2 2 3 4 4 2
 19 19 20 23 23 24 24 24 22 22 24 18 18 16 13 13 21 21 19 27 27 21 12 12 1 1 5 51 51 50 8 8 3 3 2 2 2 9 12 12 2 2 3 4 4 2
 19 19 20 23 23 25 23 23 20 20 19 17 17 18 13 13 22 22 19 15 15 17 12 12 7 7 2 17 17 10 12 12 1 1 1 1 1 3 1 1 1 1 3 3 3 3
 16 16 19 21 21 25 24 24 21 21 17 17 17 22 22 22 21 21 25 22 22 19 22 22 12 12 4 4 4 11 8 8 6 6 1 0 0 1 0 0 0 0 0 3 3 4
 16 16 19 21 21 25 24 24 21 21 17 17 17 22 22 22 21 21 25 22 22 19 22 22 12 12 4 4 4 11 8 8 6 6 1 0 0 1 0 0 0 0 0 3 3 4
 10 10 18 19 19 21 23 23 22 22 18 18 18 44 40 40 32 32 54 54 54 21 25 25 15 15 6 12 12 9 7 7 9 9 1 0 0 0 0 0 2 2 4 2 2 2
 10 10 18 19 19 21 23 23 22 22 18 18 18 44 40 40 32 32 54 54 54 21 25 25 15 15 6 12 12 9 7 7 9 9 1 0 0 0 0 0 2 2 4 2 2 2
 13 13 20 30 30 19 19 19 21 21 19 18 18 14 36 36 29 29 55 60 60 29 24 24 24 24 11 9 9 8 18 18 9 9 1 0 0 0 0 0 0 0 0 1 1 2
 10 10 25 27 27 21 19 19 22 22 22 18 18 14 29 29 29 29 61 43 43 45 28 28 37 37 15 14 14 21 9 9 13 13 1 5 5 9 7 7 1 1 1 0 0 1
 10 10 25 27 27 21 19 19 22 22 22 18 18 14 29 29 29 29 61 43 43 45 28 28 37 37 15 14 14 21 9 9 13 13 1 5 5 9 7 7 1 1 1 0 0 1
 13 13 23 17 17 17 22 22 20 20 28 21 21 15 27 27 26 26 50 55 55 42 36 36 32 32 31 35 35 40 29 29 15 15 6 3 3 11 5 5 2 2 0 0 0 1
 6 6 17 18 18 12 19 19 20 20 29 30 30 19 39 39 54 54 56 59 59 71 44 44 41 41 38 30 30 41 47 47 76 76 3 3 3 6 4 4 1 1 1 0 0 2
 6 6 17 18 18 12 19 19 20 20 29 30 30 19 39 39 54 54 56 59 59 71 44 44 41 41 38 30 30 41 47 47 76 76 3 3 3 6 4 4 1 1 1 0 0 2
 18 18 18 18 18 12 27 27 21 21 32 22 22 22 28 28 56 56 55 58 58 44 55 55 60 60 62 51 51 47 40 40 31 31 6 15 15 13 7 7 1 1 0 1 1 0
 18 18 18 18 18 12 27 27 21 21 32 22 22 22 28 28 56 56 55 58 58 44 55 55 60 60 62 51 51 47 40 40 31 31 6 15 15 13 7 7 1 1 0 1 1 0
 21 21 21 17 17 24 31 31 26 26 27 19 19 16 20 20 46 46 61 63 63 45 58 58 66 66 97 116 116 103 79 79 74 74 28 11 11 21 6 6 0 0 0 1 1 2
 21 21 23 21 21 26 27 27 13 13 15 8 8 16 30 30 51 51 55 58 58 54 57 57 93 93 127 126 126 111 73 73 66 66 32 11 11 6 6 6 0 0 0 1 1 3
 21 21 23 21 21 26 27 27 13 13 15 8 8 16 30 30 51 51 55 58 58 54 57 57 93 93 127 126 126 111 73 73 66 66 32 11 11 6 6 6 0 0 0 1 1 3
 18 18 22 24 24 25 23 23 6 6 10 13 13 29 36 36 43 43 43 44 44 54 45 45 51 51 64 53 53 51 74 74 64 64 36 10 10 5 5 5 0 0 1 2 2 1
 20 20 22 25 25 26 8 8 6 6 7 13 13 14 26 26 35 35 37 39 39 48 54 54 42 42 66 54 54 39 33 33 27 27 18 7 7 5 5 5 4 4 2 5 5 4
 20 20 22 25 25 26 8 8 6 6 7 13 13 14 26 26 35 35 37 39 39 48 54 54 42 42 66 54 54 39 33 33 27 27 18 7 7 5 5 5 4 4 2 5 5 4
 21 21 22 26 26 26 11 11 9 9 5 3 3 3 8 8 17 17 23 30 30 38 35 35 39 39 83 66 66 41 44 44 40 40 18 7 7 5 5 5 5 5 3 5 5 8
 21 21 22 26 26 26 11 11 9 9 5 3 3 3 8 8 17 17 23 30 30 38 35 35 39 39 83 66 66 41 44 44 40 40 18 7 7 5 5 5 5 5 3 5 5 8
 22 22 22 27 27 30 29 29 18 18 3 2 2 2 3 3 8 8 26 40 40 44 41 41 39 39 79 96 96 80 53 53 46 46 20 23 23 12 14 14 6 6 3 11 11 9
 10 10 12 13 13 25 37 37 34 34 4 4 4 3 5 5 10 10 25 35 35 49 45 45 33 33 97 96 96 81 59 59 52 52 18 27 27 43 16 16 6 6 4 12 12 5
 10 10 12 13 13 25 37 37 34 34 4 4 4 3 5 5 10 10 25 35 35 49 45 45 33 33 97 96 96 81 59 59 52 52 18 27 27 43 16 16 6 6 4 12 12 5
 8 8 11 12 12 12 27 27 30 30 14 11 11 7 5 5 9 9 17 27 27 29 90 90 36 36 30 47 47 48 65 65 55 55 19 23 23 46 28 28 26 26 2 8 8 8
 8 8 10 14 14 13 27 27 34 34 38 23 23 10 15 15 12 12 28 22 22 25 61 61 34 34 35 46 46 46 72 72 53 53 47 50 50 35 30 30 26 26 8 5 5 2
 8 8 10 14 14 13 27 27 34 34 38 23 23 10 15 15 12 12 28 22 22 25 61 61 34 34 35 46 46 46 72 72 53 53 47 50 50 35 30 30 26 26 8 5 5 2
 9 9 17 27 27 18 19 19 28 28 19 17 17 13 25 25 22 22 29 39 39 35 30 30 61 61 31 33 33 41 28 28 43 43 47 59 59 45 41 41 56 56 41 13 13 2
 9 9 17 27 27 18 19 19 28 28 19 17 17 13 25 25 22 22 29 39 39 35 30 30 61 61 31 33 33 41 28 28 43 43 47 59 59 45 41 41 56 56 41 13 13 2
 16 16 35 30 30 17 25 25 20 20 12 14 14 18 22 22 32 32 39 40 40 36 21 21 26 26 44 32 32 23 20 20 46 46 55 69 69 53 35 35 29 29 19 1 1 1
 13 13 36 18 18 18 17 17 19 19 9 16 16 16 21 21 17 17 37 26 26 14 11 11 23 23 23 23 23 23 19 19 40 40 35 38 38 45 45 45 33 33 27 0 0 0
 13 13 36 18 18 18 17 17 19 19 9 16 16 16 21 21 17 17 37 26 26 14 11 11 23 23 23 23 23 23 19 19 40 40 35 38 38 45 45 45 33 33 27 0 0 0
 30 30 36 31 31 36 27 27 32 32 18 18 18 15 21 21 12 12 13 14 14 10 14 14 17 17 21 27 27 33 34 34 37 37 63 35 35 36 50 50 23 23 16 0 0 5
 44 44 48 46 46 59 44 44 42 42 21 26 26 30 30 30 23 23 21 15 15 17 18 18 21 21 24 30 30 45 44 44 55 55 57 50 50 47 51 51 45 45 32 5 5 10
