assets/RAT_results_old/precipitation/2021-05-25_IMERG.asc
ncols        46
nrows        77
xllcorner    74.800261325624
yllcorner    8.058333333333
cellsize     0.062500000000
NODATA_value -9999
 3 3 1 6 6 5 5 5 4 4 5 17 17 14 4 4 1 1 0 0 0 0 1 1 3 3 3 6 6 6 5 5 7 7 6 10 10 10 15 15 18 18 19 10 10 8
 3 3 3 14 14 0 1 1 1 1 5 5 5 13 8 8 1 1 0 0 0 0 0 0 3 3 4 5 5 5 6 6 9 9 5 11 11 16 24 24 26 26 16 12 12 9
 3 3 3 14 14 0 1 1 1 1 5 5 5 13 8 8 1 1 0 0 0 0 0 0 3 3 4 5 5 5 6 6 9 9 5 11 11 16 24 24 26 26 16 12 12 9
 2 2 1 1 1 3 9 9 11 11 2 6 6 9 4 4 1 1 0 0 0 0 1 1 3 3 5 5 5 5 22 22 13 13 29 34 34 29 23 23 39 39 13 24 24 10
 0 0 1 1 1 3 1 1 1 1 3 7 7 8 11 11 1 1 0 0 0 0 0 0 2 2 3 5 5 6 8 8 12 12 14 21 21 20 19 19 32 32 10 13 13 5
 0 0 1 1 1 3 1 1 1 1 3 7 7 8 11 11 1 1 0 0 0 0 0 0 2 2 3 5 5 6 8 8 12 12 14 21 21 20 19 19 32 32 10 13 13 5
 2 2 1 2 2 3 1 1 1 1 1 7 7 15 15 15 11 11 4 0 0 0 0 0 0 0 2 3 3 3 3 3 10 10 21 8 8 20 14 14 16 16 11 9 9 6
 2 2 1 2 2 3 1 1 1 1 1 7 7 15 15 15 11 11 4 0 0 0 0 0 0 0 2 3 3 3 3 3 10 10 21 8 8 20 14 14 16 16 11 9 9 6
 1 1 1 1 1 3 1 1 3 3 12 10 10 18 15 15 9 9 2 2 2 1 0 0 0 0 0 2 2 5 7 7 3 3 3 7 7 9 5 5 2 2 6 5 5 6
 1 1 15 7 7 4 2 2 4 4 9 15 15 15 9 9 9 9 2 3 3 0 0 0 0 0 0 0 0 0 2 2 1 1 1 1 1 1 1 1 1 1 1 3 3 9
 1 1 15 7 7 4 2 2 4 4 9 15 15 15 9 9 9 9 2 3 3 0 0 0 0 0 0 0 0 0 2 2 1 1 1 1 1 1 1 1 1 1 1 3 3 9
 3 3 20 4 4 5 3 3 5 5 10 18 18 12 14 14 8 8 7 2 2 3 1 1 1 1 1 0 0 0 0 0 1 1 1 0 0 0 0 0 0 0 1 3 3 3
 6 6 6 5 5 9 27 27 14 14 22 7 7 21 20 20 8 8 12 7 7 2 1 1 1 1 1 1 1 0 0 0 0 0 0 0 0 1 1 1 0 0 0 0 0 1
 6 6 6 5 5 9 27 27 14 14 22 7 7 21 20 20 8 8 12 7 7 2 1 1 1 1 1 1 1 0 0 0 0 0 0 0 0 1 1 1 0 0 0 0 0 1
 6 6 6 5 5 38 29 29 15 15 17 13 13 10 9 9 13 13 10 13 13 2 0 0 1 1 1 1 1 1 1 1 1 1 1 1 1 3 1 1 1 1 0 1 1 1
 6 6 6 5 5 38 29 29 15 15 17 13 13 10 9 9 13 13 10 13 13 2 0 0 1 1 1 1 1 1 1 1 1 1 1 1 1 3 1 1 1 1 0 1 1 1
 6 6 7 6 6 37 37 37 9 9 9 14 14 16 16 16 12 12 7 6 6 2 3 3 1 1 1 1 1 1 1 1 1 1 1 1 1 1 2 2 1 1 1 3 3 4
 7 7 8 9 9 41 44 44 6 6 9 11 11 4 6 6 4 4 6 6 6 5 5 5 1 1 1 1 1 1 1 1 1 1 1 1 1 1 1 1 2 2 4 4 4 14
 7 7 8 9 9 41 44 44 6 6 9 11 11 4 6 6 4 4 6 6 6 5 5 5 1 1 1 1 1 1 1 1 1 1 1 1 1 1 1 1 2 2 4 4 4 14
 6 6 7 12 12 11 8 8 5 5 6 11 11 9 6 6 6 6 5 2 2 2 1 1 1 1 2 2 2 1 1 1 1 1 2 2 2 1 3 3 4 4 9 8 8 15
 6 6 7 11 11 14 17 17 13 13 20 15 15 7 7 7 13 13 8 3 3 1 0 0 1 1 2 2 2 2 1 1 2 2 2 2 2 2 4 4 7 7 13 13 13 15
 6 6 7 11 11 14 17 17 13 13 20 15 15 7 7 7 13 13 8 3 3 1 0 0 1 1 2 2 2 2 1 1 2 2 2 2 2 2 4 4 7 7 13 13 13 15
 5 5 6 9 9 13 17 17 17 17 25 12 12 12 13 13 11 11 10 8 8 5 3 3 1 1 2 3 3 2 1 1 2 2 1 2 2 2 5 5 8 8 11 14 14 17
 5 5 6 9 9 13 17 17 17 17 25 12 12 12 13 13 11 11 10 8 8 5 3 3 1 1 2 3 3 2 1 1 2 2 1 2 2 2 5 5 8 8 11 14 14 17
 5 5 5 5 5 9 11 11 10 10 25 17 17 14 15 15 12 12 9 10 10 6 5 5 2 2 2 2 2 2 2 2 1 1 1 1 1 1 4 4 4 4 4 4 4 11
 5 5 4 4 4 4 6 6 8 8 11 6 6 7 10 10 9 9 7 6 6 8 14 14 11 11 8 3 3 2 2 2 2 2 1 1 1 1 1 1 2 2 2 2 2 2
 5 5 4 4 4 4 6 6 8 8 11 6 6 7 10 10 9 9 7 6 6 8 14 14 11 11 8 3 3 2 2 2 2 2 1 1 1 1 1 1 2 2 2 2 2 2
 5 5 5 5 5 5 7 7 10 10 19 10 10 18 14 14 16 16 14 13 13 14 11 11 3 3 4 6 6 4 3 3 2 2 2 1 1 1 1 1 1 1 2 1 1 2
 4 4 4 5 5 6 9 9 11 11 15 12 12 13 23 23 22 22 27 17 17 13 14 14 13 13 13 8 8 10 5 5 3 3 1 1 1 1 1 1 1 1 1 1 1 1
 4 4 4 5 5 6 9 9 11 11 15 12 12 13 23 23 22 22 27 17 17 13 14 14 13 13 13 8 8 10 5 5 3 3 1 1 1 1 1 1 1 1 1 1 1 1
 3 3 3 6 6 7 8 8 8 8 10 11 11 14 15 15 24 24 22 18 18 13 17 17 26 26 15 13 13 8 2 2 3 3 1 1 1 1 1 1 1 1 1 1 1 1
 3 3 3 6 6 7 8 8 8 8 10 11 11 14 15 15 24 24 22 18 18 13 17 17 26 26 15 13 13 8 2 2 3 3 1 1 1 1 1 1 1 1 1 1 1 1
 3 3 4 4 4 4 6 6 6 6 9 6 6 7 13 13 15 15 18 19 19 26 24 24 29 29 19 20 20 16 5 5 4 4 0 1 1 1 1 1 2 2 2 1 1 3
 7 7 9 4 4 4 6 6 6 6 6 7 7 6 15 15 17 17 17 24 24 25 36 36 35 35 20 13 13 9 4 4 4 4 1 1 1 1 2 2 2 2 3 3 3 2
 7 7 9 4 4 4 6 6 6 6 6 7 7 6 15 15 17 17 17 24 24 25 36 36 35 35 20 13 13 9 4 4 4 4 1 1 1 1 2 2 2 2 3 3 3 2
 10 10 9 7 7 5 7 7 6 6 7 7 7 9 16 16 14 14 18 25 25 27 22 22 28 28 10 9 9 2 2 2 2 2 1 1 1 1 1 1 2 2 3 2 2 2
 6 6 8 7 7 8 9 9 10 10 9 11 11 13 23 23 22 22 26 29 29 26 26 26 21 21 11 10 10 3 2 2 3 3 4 5 5 2 2 2 3 3 3 3 3 4
 6 6 8 7 7 8 9 9 10 10 9 11 11 13 23 23 22 22 26 29 29 26 26 26 21 21 11 10 10 3 2 2 3 3 4 5 5 2 2 2 3 3 3 3 3 4
 9 9 9 10 10 9 9 9 11 11 10 13 13 8 12 12 18 18 26 23 23 23 25 25 25 25 14 10 10 3 3 3 4 4 12 10 10 9 7 7 7 7 6 6 6 4
 9 9 9 10 10 9 9 9 11 11 10 13 13 8 12 12 18 18 26 23 23 23 25 25 25 25 14 10 10 3 3 3 4 4 12 10 10 9 7 7 7 7 6 6 6 4
 10 10 12 12 12 12 14 14 14 14 13 11 11 11 13 13 26 26 30 26 26 21 22 22 25 25 20 29 29 9 4 4 7 7 13 21 21 13 13 13 7 7 7 7 7 5
 39 39 30 34 34 16 18 18 17 17 61 42 42 40 30 30 27 27 24 17 17 22 27 27 32 32 31 29 29 14 16 16 16 16 17 24 24 15 12 12 14 14 14 7 7 7
 39 39 30 34 34 16 18 18 17 17 61 42 42 40 30 30 27 27 24 17 17 22 27 27 32 32 31 29 29 14 16 16 16 16 17 24 24 15 12 12 14 14 14 7 7 7
 36 36 23 42 42 41 40 40 61 61 61 26 26 44 18 18 11 11 14 13 13 20 20 20 28 28 39 40 40 20 18 18 24 24 21 38 38 33 27 27 23 23 23 9 9 7
 18 18 21 43 43 45 38 38 12 12 21 20 20 10 13 13 11 11 15 11 11 11 17 17 24 24 39 44 44 34 48 48 32 32 35 32 32 36 26 26 24 24 24 9 9 8
 18 18 21 43 43 45 38 38 12 12 21 20 20 10 13 13 11 11 15 11 11 11 17 17 24 24 39 44 44 34 48 48 32 32 35 32 32 36 26 26 24 24 24 9 9 8
 9 9 7 14 14 12 13 13 10 10 18 12 12 11 14 14 10 10 12 19 19 18 18 18 21 21 24 41 41 37 49 49 31 31 38 25 25 33 34 34 29 29 31 10 10 10
 9 9 7 14 14 12 13 13 10 10 18 12 12 11 14 14 10 10 12 19 19 18 18 18 21 21 24 41 41 37 49 49 31 31 38 25 25 33 34 34 29 29 31 10 10 10
 9 9 9 10 10 10 10 10 10 10 12 13 13 16 21 21 21 21 13 16 16 22 23 23 24 24 23 38 38 34 45 45 35 35 56 22 22 54 34 34 20 20 28 10 10 9
 10 10 11 13 13 12 12 12 11 11 12 12 12 15 20 20 26 26 31 26 26 19 30 30 25 25 36 36 36 31 40 40 56 56 61 54 54 54 21 21 18 18 4 3 3 1
 10 10 11 13 13 12 12 12 11 11 12 12 12 15 20 20 26 26 31 26 26 19 30 30 25 25 36 36 36 31 40 40 56 56 61 54 54 54 21 21 18 18 4 3 3 1
 13 13 14 17 17 15 16 16 12 12 10 10 10 13 14 14 12 12 17 20 20 17 21 21 25 25 26 30 30 28 60 60 59 59 66 94 94 49 8 8 6 6 6 4 4 4
 19 19 21 17 17 16 17 17 14 14 14 14 14 17 14 14 12 12 10 8 8 12 15 15 23 23 21 25 25 40 93 93 87 87 68 74 74 48 15 15 13 13 8 9 9 5
 19 19 21 17 17 16 17 17 14 14 14 14 14 17 14 14 12 12 10 8 8 12 15 15 23 23 21 25 25 40 93 93 87 87 68 74 74 48 15 15 13 13 8 9 9 5
 23 23 22 19 19 19 20 20 19 19 18 19 19 17 16 16 11 11 9 7 7 11 8 8 23 23 18 24 24 30 71 71 68 68 37 50 50 27 22 22 14 14 5 7 7 6
 23 23 22 19 19 19 20 20 19 19 18 19 19 17 16 16 11 11 9 7 7 11 8 8 23 23 18 24 24 30 71 71 68 68 37 50 50 27 22 22 14 14 5 7 7 6
 26 26 25 24 24 23 23 23 25 25 20 22 22 20 16 16 8 8 8 8 8 7 4 4 19 19 21 14 14 17 17 17 22 22 34 34 34 21 23 23 14 14 10 7 7 5
 44 44 38 34 34 29 26 26 33 33 37 43 43 22 26 26 11 11 11 9 9 21 16 16 20 20 23 13 13 16 28 28 13 13 14 30 30 34 26 26 21 21 12 8 8 6
 44 44 38 34 34 29 26 26 33 33 37 43 43 22 26 26 11 11 11 9 9 21 16 16 20 20 23 13 13 16 28 28 13 13 14 30 30 34 26 26 21 21 12 8 8 6
 58 58 53 43 43 34 41 41 44 44 43 46 46 28 52 52 43 43 43 40 40 23 22 22 20 20 22 21 21 20 22 22 17 17 19 26 26 44 35 35 31 31 25 16 16 8
 53 53 51 36 36 53 60 60 65 65 71 76 76 58 53 53 47 47 34 42 42 35 34 34 29 29 32 30 30 19 28 28 23 23 41 45 45 49 35 35 35 35 26 16 16 8
 53 53 51 36 36 53 60 60 65 65 71 76 76 58 53 53 47 47 34 42 42 35 34 34 29 29 32 30 30 19 28 28 23 23 41 45 45 49 35 35 35 35 26 16 16 8
 55 55 54 47 47 60 52 52 67 67 39 43 43 45 46 46 38 38 34 45 45 38 21 21 23 23 13 18 18 27 34 34 27 27 45 55 55 44 30 30 35 35 30 29 29 12
 55 55 54 47 47 60 52 52 67 67 39 43 43 45 46 46 38 38 34 45 45 38 21 21 23 23 13 18 18 27 34 34 27 27 45 55 55 44 30 30 35 35 30 29 29 12
 59 59 59 61 61 58 59 59 48 48 47 51 51 43 46 46 38 38 40 25 25 21 14 14 12 12 19 27 27 34 35 35 38 38 42 69 69 37 34 34 29 29 31 24 24 14
 61 61 70 61 61 64 65 65 50 50 48 37 37 48 44 44 49 49 46 32 32 34 32 32 17 17 25 34 34 37 45 45 44 44 61 63 63 36 36 36 39 39 32 23 23 10
 61 61 70 61 61 64 65 65 50 50 48 37 37 48 44 44 49 49 46 32 32 34 32 32 17 17 25 34 34 37 45 45 44 44 61 63 63 36 36 36 39 39 32 23 23 10
 66 66 66 53 53 55 52 52 45 45 45 35 35 42 45 45 51 51 61 34 34 43 79 79 35 35 31 50 50 80 49 49 39 39 51 47 47 54 50 50 40 40 26 17 17 14
 48 48 59 45 45 46 44 44 37 37 45 32 32 45 51 51 56 56 65 63 63 76 81 81 41 41 46 40 40 50 71 71 71 71 71 59 59 42 40 40 35 35 43 26 26 19
 48 48 59 45 45 46 44 44 37 37 45 32 32 45 51 51 56 56 65 63 63 76 81 81 41 41 46 40 40 50 71 71 71 71 71 59 59 42 40 40 35 35 43 26 26 19
 41 41 48 46 46 40 34 34 33 33 34 37 37 45 56 56 58 58 57 59 59 84 80 80 80 80 88 80 80 83 70 70 115 115 102 62 62 43 48 48 39 39 35 40 40 43
 41 41 48 46 46 40 34 34 33 33 34 37 37 45 56 56 58 58 57 59 59 84 80 80 80 80 88 80 80 83 70 70 115 115 102 62 62 43 48 48 39 39 35 40 40 43
 27 27 34 23 23 22 21 21 22 22 30 35 35 48 64 64 62 62 79 72 72 80 77 77 57 57 80 64 64 81 78 78 95 95 98 76 76 54 51 51 47 47 41 73 73 63
 16 16 12 21 21 17 19 19 23 23 25 36 36 36 50 50 57 57 78 78 78 93 86 86 105 105 83 71 71 100 86 86 87 87 82 94 94 62 60 60 61 61 72 68 68 58
 16 16 12 21 21 17 19 19 23 23 25 36 36 36 50 50 57 57 78 78 78 93 86 86 105 105 83 71 71 100 86 86 87 87 82 94 94 62 60 60 61 61 72 68 68 58
 9 9 11 14 14 15 17 17 21 21 38 34 34 32 49 49 47 47 72 73 73 100 89 89 118 118 122 97 97 88 88 88 70 70 64 67 67 59 77 77 60 60 82 65 65 79
 9 9 10 13 13 15 20 20 22 22 31 32 32 41 53 53 54 54 71 70 70 72 72 72 96 96 115 114 114 99 73 73 80 80 45 46 46 72 99 99 110 110 97 94 94 99
