assets/RAT_results_old/precipitation/2021-05-22_IMERG.asc
ncols        46
nrows        77
xllcorner    74.800261325624
yllcorner    8.058333333333
cellsize     0.062500000000
NODATA_value -9999
 1 1 1 0 0 2 0 0 1 1 4 5 5 10 3 3 10 10 5 4 4 3 2 2 1 1 3 2 2 2 2 2 2 2 6 15 15 18 19 19 19 19 13 11 11 2
 3 3 2 0 0 0 0 0 0 0 3 5 5 1 2 2 3 3 3 2 2 3 2 2 1 1 1 1 1 2 2 2 4 4 7 8 8 22 12 12 20 20 14 13 13 2
 3 3 2 0 0 0 0 0 0 0 3 5 5 1 2 2 3 3 3 2 2 3 2 2 1 1 1 1 1 2 2 2 4 4 7 8 8 22 12 12 20 20 14 13 13 2
 2 2 2 1 1 1 1 1 8 8 4 2 2 2 1 1 3 3 0 1 1 0 1 1 1 1 1 1 1 2 2 2 4 4 5 8 8 16 12 12 19 19 10 8 8 3
 1 1 1 2 2 2 2 2 2 2 21 5 5 5 10 10 3 3 1 1 1 0 0 0 0 0 1 1 1 1 2 2 4 4 5 6 6 11 12 12 17 17 9 9 9 10
 1 1 1 2 2 2 2 2 2 2 21 5 5 5 10 10 3 3 1 1 1 0 0 0 0 0 1 1 1 1 2 2 4 4 5 6 6 11 12 12 17 17 9 9 9 10
 6 6 1 2 2 1 2 2 2 2 10 16 16 11 13 13 7 7 3 2 2 2 1 1 0 0 0 1 1 1 1 1 3 3 3 4 4 4 6 6 11 11 11 10 10 12
 6 6 1 2 2 1 2 2 2 2 10 16 16 11 13 13 7 7 3 2 2 2 1 1 0 0 0 1 1 1 1 1 3 3 3 4 4 4 6 6 11 11 11 10 10 12
 6 6 4 5 5 1 2 2 2 2 3 13 13 16 14 14 13 13 6 6 6 2 2 2 1 1 0 1 1 1 1 1 1 1 2 3 3 3 7 7 12 12 5 8 8 7
 4 4 15 14 14 2 1 1 1 1 4 13 13 9 14 14 13 13 18 7 7 4 4 4 2 2 1 1 1 1 1 1 1 1 2 2 2 3 5 5 5 5 6 9 9 8
 4 4 15 14 14 2 1 1 1 1 4 13 13 9 14 14 13 13 18 7 7 4 4 4 2 2 1 1 1 1 1 1 1 1 2 2 2 3 5 5 5 5 6 9 9 8
 6 6 15 14 14 4 6 6 4 4 1 5 5 2 13 13 15 15 22 13 13 6 4 4 3 3 2 2 2 1 1 1 2 2 2 2 2 3 4 4 4 4 4 7 7 7
 4 4 9 15 15 10 8 8 12 12 15 1 1 2 3 3 6 6 14 17 17 11 7 7 6 6 4 3 3 1 3 3 2 2 3 2 2 2 3 3 4 4 5 3 3 4
 4 4 9 15 15 10 8 8 12 12 15 1 1 2 3 3 6 6 14 17 17 11 7 7 6 6 4 3 3 1 3 3 2 2 3 2 2 2 3 3 4 4 5 3 3 4
 2 2 2 2 2 9 3 3 3 3 3 2 2 3 4 4 5 5 14 15 15 17 6 6 6 6 4 5 5 3 3 3 3 3 2 2 2 2 3 3 5 5 4 2 2 3
 2 2 2 2 2 9 3 3 3 3 3 2 2 3 4 4 5 5 14 15 15 17 6 6 6 6 4 5 5 3 3 3 3 3 2 2 2 2 3 3 5 5 4 2 2 3
 1 1 1 1 1 3 16 16 8 8 8 3 3 3 3 3 7 7 14 17 17 17 11 11 12 12 4 4 4 5 2 2 2 2 2 2 2 2 6 6 10 10 4 1 1 3
 0 0 1 3 3 7 16 16 7 7 8 3 3 4 1 1 2 2 6 23 23 21 21 21 11 11 5 9 9 6 4 4 3 3 2 4 4 6 14 14 11 11 3 4 4 6
 0 0 1 3 3 7 16 16 7 7 8 3 3 4 1 1 2 2 6 23 23 21 21 21 11 11 5 9 9 6 4 4 3 3 2 4 4 6 14 14 11 11 3 4 4 6
 0 0 1 2 2 7 15 15 15 15 16 3 3 4 1 1 0 0 3 13 13 21 22 22 9 9 11 8 8 10 10 10 8 8 3 5 5 9 11 11 18 18 11 11 11 17
 0 0 0 0 0 1 14 14 14 14 1 2 2 3 1 1 1 1 2 6 6 20 22 22 19 19 13 15 15 13 10 10 15 15 15 15 15 13 15 15 16 16 11 16 16 8
 0 0 0 0 0 1 14 14 14 14 1 2 2 3 1 1 1 1 2 6 6 20 22 22 19 19 13 15 15 13 10 10 15 15 15 15 15 13 15 15 16 16 11 16 16 8
 0 0 1 1 1 1 0 0 0 0 1 2 2 3 4 4 2 2 2 2 2 5 18 18 15 15 16 19 19 15 16 16 17 17 15 15 15 16 15 15 17 17 18 11 11 13
 0 0 1 1 1 1 0 0 0 0 1 2 2 3 4 4 2 2 2 2 2 5 18 18 15 15 16 19 19 15 16 16 17 17 15 15 15 16 15 15 17 17 18 11 11 13
 1 1 1 1 1 1 14 14 14 14 1 2 2 3 4 4 3 3 1 2 2 5 11 11 8 8 11 16 16 20 18 18 19 19 20 18 18 10 8 8 17 17 14 7 7 13
 1 1 1 1 1 1 14 14 14 14 0 1 1 3 5 5 3 3 1 2 2 1 5 5 5 5 12 16 16 16 23 23 25 25 19 13 13 6 7 7 5 5 5 7 7 9
 1 1 1 1 1 1 14 14 14 14 0 1 1 3 5 5 3 3 1 2 2 1 5 5 5 5 12 16 16 16 23 23 25 25 19 13 13 6 7 7 5 5 5 7 7 9
 1 1 1 1 1 1 1 1 1 1 1 1 1 3 4 4 7 7 2 2 2 3 5 5 5 5 9 18 18 29 26 26 23 23 18 11 11 8 2 2 1 1 1 1 1 3
 0 0 1 1 1 1 1 1 1 1 1 2 2 5 17 17 9 9 7 2 2 7 8 8 18 18 17 15 15 23 22 22 20 20 13 6 6 2 1 1 1 1 0 0 0 1
 0 0 1 1 1 1 1 1 1 1 1 2 2 5 17 17 9 9 7 2 2 7 8 8 18 18 17 15 15 23 22 22 20 20 13 6 6 2 1 1 1 1 0 0 0 1
 0 0 1 1 1 1 2 2 2 2 2 3 3 4 11 11 11 11 9 6 6 6 8 8 17 17 12 16 16 31 27 27 24 24 14 1 1 1 0 0 0 0 0 0 0 0
 0 0 1 1 1 1 2 2 2 2 2 3 3 4 11 11 11 11 9 6 6 6 8 8 17 17 12 16 16 31 27 27 24 24 14 1 1 1 0 0 0 0 0 0 0 0
 0 0 1 1 1 1 2 2 2 2 1 2 2 4 13 13 17 17 19 9 9 7 12 12 4 4 5 10 10 8 19 19 22 22 8 1 1 0 0 0 0 0 0 0 0 0
 1 1 1 1 1 1 1 1 2 2 2 2 2 2 11 11 12 12 19 13 13 13 22 22 13 13 9 4 4 2 7 7 12 12 6 0 0 0 0 0 0 0 0 0 0 0
 1 1 1 1 1 1 1 1 2 2 2 2 2 2 11 11 12 12 19 13 13 13 22 22 13 13 9 4 4 2 7 7 12 12 6 0 0 0 0 0 0 0 0 0 0 0
 1 1 3 1 1 1 1 1 1 1 2 2 2 3 3 3 8 8 22 21 21 14 12 12 10 10 9 7 7 2 0 0 1 1 2 2 2 3 1 1 1 1 0 0 0 1
 1 1 4 3 3 1 1 1 1 1 2 2 2 2 2 2 13 13 23 16 16 25 29 29 28 28 15 3 3 3 0 0 0 0 6 0 0 0 1 1 1 1 1 1 1 1
 1 1 4 3 3 1 1 1 1 1 2 2 2 2 2 2 13 13 23 16 16 25 29 29 28 28 15 3 3 3 0 0 0 0 6 0 0 0 1 1 1 1 1 1 1 1
 1 1 3 11 11 2 3 3 5 5 4 3 3 2 2 2 4 4 4 14 14 27 31 31 7 7 1 2 2 10 4 4 4 4 4 2 2 0 1 1 0 0 0 7 7 4
 1 1 3 11 11 2 3 3 5 5 4 3 3 2 2 2 4 4 4 14 14 27 31 31 7 7 1 2 2 10 4 4 4 4 4 2 2 0 1 1 0 0 0 7 7 4
 1 1 1 8 8 4 5 5 4 4 4 3 3 2 2 2 3 3 4 5 5 21 22 22 9 9 2 3 3 9 27 27 10 10 7 7 7 3 1 1 5 5 1 7 7 5
 1 1 1 3 3 4 4 4 3 3 3 2 2 3 2 2 3 3 3 6 6 19 11 11 9 9 4 2 2 2 29 29 21 21 10 24 24 12 4 4 7 7 2 1 1 3
 1 1 1 3 3 4 4 4 3 3 3 2 2 3 2 2 3 3 3 6 6 19 11 11 9 9 4 2 2 2 29 29 21 21 10 24 24 12 4 4 7 7 2 1 1 3
 1 1 1 2 2 4 4 4 4 4 3 4 4 3 6 6 5 5 20 18 18 19 14 14 16 16 13 3 3 9 9 9 5 5 38 30 30 10 13 13 8 8 0 0 0 0
 1 1 1 1 1 3 3 3 4 4 4 5 5 5 7 7 6 6 24 17 17 20 28 28 17 17 19 3 3 2 15 15 5 5 22 34 34 0 3 3 25 25 0 0 0 0
 1 1 1 1 1 3 3 3 4 4 4 5 5 5 7 7 6 6 24 17 17 20 28 28 17 17 19 3 3 2 15 15 5 5 22 34 34 0 3 3 25 25 0 0 0 0
 1 1 1 1 1 1 1 1 2 2 3 4 4 4 4 4 4 4 14 18 18 22 26 26 26 26 18 16 16 19 7 7 29 29 13 11 11 0 0 0 11 11 2 0 0 0
 1 1 1 1 1 1 1 1 2 2 3 4 4 4 4 4 4 4 14 18 18 22 26 26 26 26 18 16 16 19 7 7 29 29 13 11 11 0 0 0 11 11 2 0 0 0
 1 1 1 1 1 1 1 1 1 1 2 2 2 2 3 3 3 3 4 12 12 24 26 26 30 30 16 16 16 23 26 26 31 31 15 11 11 10 4 4 0 0 4 1 1 2
 1 1 1 1 1 1 1 1 1 1 2 2 2 2 2 2 2 2 4 14 14 61 9 9 12 12 24 24 24 32 32 32 39 39 26 17 17 17 17 17 5 5 1 8 8 2
 1 1 1 1 1 1 1 1 1 1 2 2 2 2 2 2 2 2 4 14 14 61 9 9 12 12 24 24 24 32 32 32 39 39 26 17 17 17 17 17 5 5 1 8 8 2
 1 1 1 1 1 2 2 2 2 2 2 2 2 2 2 2 4 4 8 14 14 22 11 11 12 12 21 15 15 20 18 18 18 18 26 41 41 18 17 17 14 14 10 6 6 5
 2 2 2 2 2 6 7 7 5 5 2 2 2 3 3 3 4 4 12 24 24 36 12 12 14 14 19 22 22 22 30 30 28 28 21 20 20 37 38 38 15 15 19 14 14 9
 2 2 2 2 2 6 7 7 5 5 2 2 2 3 3 3 4 4 12 24 24 36 12 12 14 14 19 22 22 22 30 30 28 28 21 20 20 37 38 38 15 15 19 14 14 9
 2 2 3 12 12 18 13 13 9 9 7 3 3 7 6 6 12 12 23 34 34 11 17 17 18 18 22 47 47 45 26 26 53 53 40 44 44 46 46 46 24 24 28 24 24 6
 2 2 3 12 12 18 13 13 9 9 7 3 3 7 6 6 12 12 23 34 34 11 17 17 18 18 22 47 47 45 26 26 53 53 40 44 44 46 46 46 24 24 28 24 24 6
 3 3 5 17 17 23 16 16 15 15 18 15 15 26 18 18 15 15 32 27 27 9 10 10 20 20 23 26 26 46 53 53 29 29 36 56 56 38 49 49 47 47 39 32 32 18
 3 3 4 19 19 8 18 18 21 21 25 39 39 53 27 27 32 32 28 29 29 16 14 14 16 16 22 23 23 51 44 44 41 41 64 45 45 38 34 34 43 43 37 25 25 14
 3 3 4 19 19 8 18 18 21 21 25 39 39 53 27 27 32 32 28 29 29 16 14 14 16 16 22 23 23 51 44 44 41 41 64 45 45 38 34 34 43 43 37 25 25 14
 2 2 3 4 4 4 6 6 14 14 31 35 35 36 41 41 16 16 15 15 15 7 7 7 19 19 20 27 27 26 43 43 54 54 69 59 59 48 33 33 38 38 29 23 23 12
 2 2 2 2 2 3 4 4 6 6 12 9 9 14 16 16 9 9 23 22 22 40 10 10 19 19 23 28 28 36 54 54 56 56 49 39 39 53 35 35 38 38 23 29 29 15
 2 2 2 2 2 3 4 4 6 6 12 9 9 14 16 16 9 9 23 22 22 40 10 10 19 19 23 28 28 36 54 54 56 56 49 39 39 53 35 35 38 38 23 29 29 15
 4 4 2 2 2 2 3 3 6 6 8 5 5 7 7 7 12 12 19 21 21 39 10 10 9 9 12 24 24 42 53 53 26 26 32 35 35 37 44 44 40 40 39 22 22 14
 4 4 2 2 2 2 3 3 6 6 8 5 5 7 7 7 12 12 19 21 21 39 10 10 9 9 12 24 24 42 53 53 26 26 32 35 35 37 44 44 40 40 39 22 22 14
 4 4 2 2 2 2 3 3 5 5 5 8 8 9 8 8 19 19 24 41 41 42 33 33 12 12 15 37 37 36 38 38 35 35 35 40 40 43 40 40 35 35 49 21 21 16
 12 12 11 8 8 5 15 15 17 17 20 23 23 11 13 13 13 13 15 26 26 48 44 44 34 34 33 36 36 53 46 46 62 62 81 48 48 43 64 64 61 61 37 31 31 23
 12 12 11 8 8 5 15 15 17 17 20 23 23 11 13 13 13 13 15 26 26 48 44 44 34 34 33 36 36 53 46 46 62 62 81 48 48 43 64 64 61 61 37 31 31 23
 18 18 24 19 19 15 22 22 21 21 28 38 38 27 23 23 20 20 24 40 40 49 54 54 45 45 37 41 41 53 59 59 85 85 88 71 71 75 72 72 74 74 57 39 39 33
 25 25 40 25 25 23 29 29 29 29 33 42 42 27 27 27 32 32 31 35 35 48 51 51 46 46 43 52 52 71 106 106 103 103 103 79 79 83 73 73 73 73 61 44 44 25
 25 25 40 25 25 23 29 29 29 29 33 42 42 27 27 27 32 32 31 35 35 48 51 51 46 46 43 52 52 71 106 106 103 103 103 79 79 83 73 73 73 73 61 44 44 25
 50 50 67 60 60 36 31 31 24 24 26 51 51 45 43 43 41 41 33 37 37 34 31 31 33 33 31 39 39 47 90 90 89 89 85 62 62 54 53 53 69 69 50 45 45 24
 50 50 67 60 60 36 31 31 24 24 26 51 51 45 43 43 41 41 33 37 37 34 31 31 33 33 31 39 39 47 90 90 89 89 85 62 62 54 53 53 69 69 50 45 45 24
 57 57 56 49 49 33 30 30 25 25 26 37 37 40 39 39 37 37 30 30 30 27 30 30 41 41 31 50 50 53 62 62 77 77 75 83 83 52 45 45 41 41 37 28 28 13
 41 41 45 36 36 26 18 18 28 28 29 28 28 24 24 24 26 26 23 26 26 49 31 31 31 31 36 56 56 36 35 35 39 39 65 72 72 58 52 52 49 49 44 17 17 21
 41 41 45 36 36 26 18 18 28 28 29 28 28 24 24 24 26 26 23 26 26 49 31 31 31 31 36 56 56 36 35 35 39 39 65 72 72 58 52 52 49 49 44 17 17 21
 15 15 11 12 12 16 11 11 26 26 32 25 25 26 21 21 18 18 41 48 48 52 29 29 23 23 28 34 34 38 37 37 38 38 58 66 66 58 55 55 60 60 45 23 23 31
 17 17 14 8 8 15 13 13 33 33 36 24 24 28 21 21 19 19 45 35 35 31 30 30 18 18 21 22 22 39 37 37 22 22 34 50 50 56 60 60 64 64 47 32 32 29
