assets/RAT_results_old/precipitation/2021-01-09_IMERG.asc
ncols        46
nrows        77
xllcorner    74.800261325624
yllcorner    8.058333333333
cellsize     0.062500000000
NODATA_value -9999
 30 30 30 9 9 3 2 2 1 1 1 0 0 1 1 1 1 1 1 1 1 1 0 0 0 0 0 0 0 0 1 1 0 0 0 0 0 0 0 0 0 0 0 0 0 0
 20 20 47 17 17 16 1 1 1 1 1 0 0 1 1 1 0 0 0 1 1 1 0 0 0 0 0 0 0 0 0 0 0 0 0 0 0 0 0 0 0 0 0 0 0 0
 20 20 47 17 17 16 1 1 1 1 1 0 0 1 1 1 0 0 0 1 1 1 0 0 0 0 0 0 0 0 0 0 0 0 0 0 0 0 0 0 0 0 0 0 0 0
 19 19 47 17 17 16 0 0 1 1 1 0 0 1 1 1 0 0 0 0 0 0 0 0 0 0 0 0 0 0 0 0 1 1 1 1 1 0 1 1 1 1 0 1 1 0
 2 2 30 30 30 8 1 1 0 0 0 0 0 1 0 0 1 1 0 0 0 0 0 0 0 0 0 0 0 0 0 0 0 0 1 1 1 1 1 1 1 1 2 2 2 1
 2 2 30 30 30 8 1 1 0 0 0 0 0 1 0 0 1 1 0 0 0 0 0 0 0 0 0 0 0 0 0 0 0 0 1 1 1 1 1 1 1 1 2 2 2 1
 4 4 33 3 3 1 0 0 1 1 0 0 0 0 1 1 2 2 1 1 1 0 0 0 0 0 0 1 1 0 0 0 0 0 1 1 1 1 1 1 2 2 2 3 3 1
 4 4 33 3 3 1 0 0 1 1 0 0 0 0 1 1 2 2 1 1 1 0 0 0 0 0 0 1 1 0 0 0 0 0 1 1 1 1 1 1 2 2 2 3 3 1
 6 6 3 5 5 3 1 1 0 0 0 0 0 0 1 1 1 1 1 0 0 0 0 0 0 0 0 1 1 1 1 1 1 1 1 2 2 2 1 1 2 2 3 2 2 1
 4 4 10 5 5 4 2 2 1 1 0 0 0 1 1 1 0 0 0 0 0 0 1 1 1 1 1 1 1 1 2 2 2 2 2 1 1 1 1 1 2 2 2 1 1 1
 4 4 10 5 5 4 2 2 1 1 0 0 0 1 1 1 0 0 0 0 0 0 1 1 1 1 1 1 1 1 2 2 2 2 2 1 1 1 1 1 2 2 2 1 1 1
 9 9 9 2 2 5 4 4 1 1 1 1 1 1 1 1 1 1 0 0 0 0 1 1 1 1 1 1 1 1 2 2 3 3 3 2 2 1 0 0 1 1 1 0 0 0
 6 6 2 1 1 4 3 3 2 2 4 4 4 7 5 5 1 1 1 0 0 0 1 1 2 2 2 1 1 1 1 1 4 4 5 4 4 2 1 1 1 1 1 0 0 0
 6 6 2 1 1 4 3 3 2 2 4 4 4 7 5 5 1 1 1 0 0 0 1 1 2 2 2 1 1 1 1 1 4 4 5 4 4 2 1 1 1 1 1 0 0 0
 6 6 2 2 2 1 2 2 3 3 2 7 7 22 31 31 11 11 1 1 1 0 1 1 2 2 2 1 1 1 1 1 3 3 6 6 6 4 1 1 0 0 0 0 0 0
 6 6 2 2 2 1 2 2 3 3 2 7 7 22 31 31 11 11 1 1 1 0 1 1 2 2 2 1 1 1 1 1 3 3 6 6 6 4 1 1 0 0 0 0 0 0
 1 1 2 2 2 2 1 1 2 2 2 6 6 38 39 39 27 27 3 1 1 1 1 1 1 1 1 2 2 1 1 1 2 2 4 5 5 3 2 2 1 1 0 0 0 0
 1 1 1 2 2 2 1 1 1 1 2 7 7 18 34 34 38 38 18 12 12 1 1 1 1 1 1 3 3 2 2 2 2 2 2 2 2 1 1 1 1 1 0 0 0 0
 1 1 1 2 2 2 1 1 1 1 2 7 7 18 34 34 38 38 18 12 12 1 1 1 1 1 1 3 3 2 2 2 2 2 2 2 2 1 1 1 1 1 0 0 0 0
 1 1 1 3 3 3 7 7 2 2 2 2 2 2 18 18 42 42 22 13 13 2 1 1 1 1 1 2 2 3 3 3 2 2 2 2 2 1 1 1 1 1 0 0 0 0
 2 2 4 5 5 10 8 8 12 12 7 3 3 3 11 11 40 40 26 22 22 11 4 4 1 1 1 2 2 3 2 2 2 2 2 1 1 1 1 1 1 1 1 1 1 0
 2 2 4 5 5 10 8 8 12 12 7 3 3 3 11 11 40 40 26 22 22 11 4 4 1 1 1 2 2 3 2 2 2 2 2 1 1 1 1 1 1 1 1 1 1 0
 5 5 9 8 8 17 16 16 34 34 7 2 2 3 9 9 35 35 27 30 30 14 3 3 7 7 1 2 2 3 3 3 2 2 2 1 1 1 1 1 1 1 1 1 1 0
 5 5 9 8 8 17 16 16 34 34 7 2 2 3 9 9 35 35 27 30 30 14 3 3 7 7 1 2 2 3 3 3 2 2 2 1 1 1 1 1 1 1 1 1 1 0
 19 19 25 33 33 19 15 15 22 22 8 6 6 3 7 7 10 10 17 25 25 24 2 2 7 7 6 2 2 3 3 3 2 2 1 2 2 3 2 2 1 1 1 1 1 1
 4 4 17 20 20 25 15 15 7 7 7 6 6 1 3 3 3 3 2 5 5 3 3 3 3 3 10 2 2 3 2 2 1 1 1 2 2 2 3 3 2 2 1 1 1 0
 4 4 17 20 20 25 15 15 7 7 7 6 6 1 3 3 3 3 2 5 5 3 3 3 3 3 10 2 2 3 2 2 1 1 1 2 2 2 3 3 2 2 1 1 1 0
 4 4 5 3 3 6 4 4 4 4 5 1 1 1 1 1 4 4 3 2 2 3 5 5 4 4 2 1 1 3 3 3 1 1 2 2 2 1 1 1 3 3 1 0 0 0
 3 3 3 3 3 6 3 3 3 3 2 2 2 1 1 1 3 3 3 3 3 3 4 4 4 4 2 1 1 2 2 2 2 2 3 2 2 1 2 2 2 2 2 1 1 0
 3 3 3 3 3 6 3 3 3 3 2 2 2 1 1 1 3 3 3 3 3 3 4 4 4 4 2 1 1 2 2 2 2 2 3 2 2 1 2 2 2 2 2 1 1 0
 2 2 2 2 2 2 1 1 3 3 2 1 1 0 1 1 2 2 2 3 3 3 2 2 2 2 2 2 2 1 2 2 6 6 10 4 4 2 3 3 2 2 1 1 1 1
 2 2 2 2 2 2 1 1 3 3 2 1 1 0 1 1 2 2 2 3 3 3 2 2 2 2 2 2 2 1 2 2 6 6 10 4 4 2 3 3 2 2 1 1 1 1
 1 1 1 1 1 1 1 1 69 69 68 0 0 0 0 0 1 1 2 2 2 3 2 2 2 2 2 2 2 2 3 3 10 10 13 6 6 3 4 4 2 2 1 1 1 2
 0 0 0 0 0 0 1 1 68 68 66 1 1 0 0 0 1 1 2 3 3 3 2 2 2 2 2 2 2 2 3 3 11 11 11 7 7 3 3 3 2 2 2 2 2 1
 0 0 0 0 0 0 1 1 68 68 66 1 1 0 0 0 1 1 2 3 3 3 2 2 2 2 2 2 2 2 3 3 11 11 11 7 7 3 3 3 2 2 2 2 2 1
 1 1 0 0 0 0 1 1 1 1 1 1 1 1 1 1 1 1 2 2 2 2 2 2 1 1 2 2 2 1 2 2 5 5 6 9 9 4 3 3 2 2 3 2 2 2
 1 1 0 0 0 0 1 1 1 1 1 0 0 0 1 1 2 2 2 2 2 2 1 1 1 1 1 2 2 2 2 2 2 2 2 5 5 6 3 3 2 2 1 2 2 2
 1 1 0 0 0 0 1 1 1 1 1 0 0 0 1 1 2 2 2 2 2 2 1 1 1 1 1 2 2 2 2 2 2 2 2 5 5 6 3 3 2 2 1 2 2 2
 1 1 1 1 1 0 1 1 1 1 1 0 0 0 0 0 1 1 1 2 2 1 1 1 1 1 1 2 2 2 2 2 2 2 2 2 2 4 3 3 2 2 2 2 2 2
 1 1 1 1 1 0 1 1 1 1 1 0 0 0 0 0 1 1 1 2 2 1 1 1 1 1 1 2 2 2 2 2 2 2 2 2 2 4 3 3 2 2 2 2 2 2
 5 5 3 2 2 2 2 2 1 1 1 0 0 0 0 0 0 0 1 2 2 1 1 1 0 0 1 1 1 2 2 2 2 2 2 2 2 3 2 2 4 4 3 3 3 2
 6 6 4 6 6 5 5 5 2 2 1 0 0 0 0 0 0 0 1 1 1 2 1 1 1 1 0 3 3 4 6 6 2 2 3 3 3 3 3 3 6 6 4 4 4 3
 6 6 4 6 6 5 5 5 2 2 1 0 0 0 0 0 0 0 1 1 1 2 1 1 1 1 0 3 3 4 6 6 2 2 3 3 3 3 3 3 6 6 4 4 4 3
 6 6 6 7 7 6 8 8 4 4 1 1 1 0 0 0 3 3 3 4 4 1 2 2 1 1 0 1 1 22 18 18 5 5 3 3 3 3 3 3 5 5 4 4 4 4
 8 8 7 7 7 6 4 4 4 4 3 2 2 1 1 1 3 3 3 4 4 1 2 2 2 2 0 1 1 12 24 24 4 4 3 2 2 3 3 3 3 3 3 4 4 4
 8 8 7 7 7 6 4 4 4 4 3 2 2 1 1 1 3 3 3 4 4 1 2 2 2 2 0 1 1 12 24 24 4 4 3 2 2 3 3 3 3 3 3 4 4 4
 9 9 8 5 5 4 2 2 2 2 5 6 6 3 8 8 11 11 11 2 2 1 1 1 3 3 2 2 2 12 1 1 1 1 1 1 1 2 3 3 3 3 4 4 4 4
 9 9 8 5 5 4 2 2 2 2 5 6 6 3 8 8 11 11 11 2 2 1 1 1 3 3 2 2 2 12 1 1 1 1 1 1 1 2 3 3 3 3 4 4 4 4
 9 9 8 5 5 3 2 2 2 2 4 7 7 3 8 8 12 12 11 11 11 3 3 3 4 4 5 3 3 2 2 2 1 1 1 1 1 2 2 2 3 3 3 4 4 4
 7 7 7 9 9 4 2 2 2 2 1 2 2 7 13 13 12 12 12 11 11 4 3 3 5 5 6 5 5 3 2 2 2 2 2 2 2 2 2 2 3 3 4 4 4 4
 7 7 7 9 9 4 2 2 2 2 1 2 2 7 13 13 12 12 12 11 11 4 3 3 5 5 6 5 5 3 2 2 2 2 2 2 2 2 2 2 3 3 4 4 4 4
 7 7 7 8 8 4 2 2 3 3 2 1 1 6 13 13 7 7 3 3 3 3 4 4 5 5 7 5 5 4 4 4 3 3 5 6 6 4 3 3 4 4 6 5 5 4
 6 6 7 5 5 5 7 7 7 7 3 1 1 8 9 9 9 9 15 16 16 4 5 5 7 7 6 5 5 5 5 5 5 5 6 7 7 6 5 5 5 5 6 6 6 6
 6 6 7 5 5 5 7 7 7 7 3 1 1 8 9 9 9 9 15 16 16 4 5 5 7 7 6 5 5 5 5 5 5 5 6 7 7 6 5 5 5 5 6 6 6 6
 4 4 5 4 4 7 11 11 9 9 3 2 2 10 8 8 21 21 22 15 15 11 6 6 8 8 7 6 6 6 6 6 6 6 7 7 7 8 8 8 12 12 9 7 7 7
 4 4 5 4 4 7 11 11 9 9 3 2 2 10 8 8 21 21 22 15 15 11 6 6 8 8 7 6 6 6 6 6 6 6 7 7 7 8 8 8 12 12 9 7 7 7
 3 3 4 6 6 8 12 12 10 10 2 2 2 10 10 10 23 23 26 17 17 9 11 11 9 9 8 7 7 7 8 8 8 8 8 8 8 10 11 11 14 14 11 10 10 10
 4 4 10 6 6 10 9 9 9 9 9 10 10 10 10 10 16 16 15 17 17 10 11 11 5 5 9 9 9 8 10 10 13 13 12 8 8 10 15 15 11 11 11 10 10 11
 4 4 10 6 6 10 9 9 9 9 9 10 10 10 10 10 16 16 15 17 17 10 11 11 5 5 9 9 9 8 10 10 13 13 12 8 8 10 15 15 11 11 11 10 10 11
 7 7 10 13 13 14 14 14 15 15 13 11 11 10 10 10 8 8 12 16 16 10 11 11 4 4 8 11 11 9 9 9 10 10 10 9 9 10 9 9 8 8 11 10 10 12
 8 8 13 21 21 20 22 22 36 36 28 23 23 12 11 11 8 8 8 10 10 10 10 10 21 21 3 7 7 7 8 8 8 8 9 9 9 9 8 8 7 7 9 10 10 17
 8 8 13 21 21 20 22 22 36 36 28 23 23 12 11 11 8 8 8 10 10 10 10 10 21 21 3 7 7 7 8 8 8 8 9 9 9 9 8 8 7 7 9 10 10 17
 8 8 15 23 23 21 21 21 35 35 33 27 27 24 6 6 4 4 6 6 6 7 2 2 35 35 37 6 6 6 7 7 8 8 8 8 8 8 7 7 8 8 14 8 8 19
 8 8 15 23 23 21 21 21 35 35 33 27 27 24 6 6 4 4 6 6 6 7 2 2 35 35 37 6 6 6 7 7 8 8 8 8 8 8 7 7 8 8 14 8 8 19
 12 12 13 17 17 22 19 19 21 21 22 25 25 26 7 7 5 5 4 4 4 8 3 3 37 37 38 3 3 9 7 7 8 8 10 7 7 6 6 6 8 8 14 23 23 37
 9 9 9 12 12 15 23 23 20 20 22 26 26 27 10 10 8 8 5 5 5 5 5 5 5 5 6 5 5 8 8 8 11 11 16 11 11 7 5 5 8 8 14 44 44 42
 9 9 9 12 12 15 23 23 20 20 22 26 26 27 10 10 8 8 5 5 5 5 5 5 5 5 6 5 5 8 8 8 11 11 16 11 11 7 5 5 8 8 14 44 44 42
 8 8 9 9 9 13 20 20 21 21 26 27 27 29 9 9 9 9 8 7 7 5 5 5 5 5 5 8 8 9 10 10 14 14 20 15 15 13 7 7 11 11 14 33 33 49
 9 9 12 12 12 10 12 12 12 12 17 15 15 15 11 11 10 10 12 11 11 7 6 6 6 6 6 5 5 6 7 7 12 12 14 16 16 19 14 14 15 15 14 30 30 39
 9 9 12 12 12 10 12 12 12 12 17 15 15 15 11 11 10 10 12 11 11 7 6 6 6 6 6 5 5 6 7 7 12 12 14 16 16 19 14 14 15 15 14 30 30 39
 5 5 10 13 13 16 19 19 19 19 30 22 22 26 27 27 27 27 23 22 22 16 11 11 9 9 6 5 5 5 16 16 17 17 23 14 14 17 17 17 11 11 13 27 27 45
 5 5 10 13 13 16 19 19 19 19 30 22 22 26 27 27 27 27 23 22 22 16 11 11 9 9 6 5 5 5 16 16 17 17 23 14 14 17 17 17 11 11 13 27 27 45
 5 5 9 14 14 18 19 19 19 19 46 48 48 47 41 41 35 35 31 33 33 33 33 33 18 18 14 13 13 5 5 5 17 17 25 15 15 15 17 17 8 8 19 16 16 21
 5 5 5 6 6 13 18 18 16 16 28 30 30 30 41 41 39 39 33 34 34 39 39 39 31 31 26 18 18 13 11 11 22 22 22 20 20 23 18 18 8 8 10 10 10 20
 5 5 5 6 6 13 18 18 16 16 28 30 30 30 41 41 39 39 33 34 34 39 39 39 31 31 26 18 18 13 11 11 22 22 22 20 20 23 18 18 8 8 10 10 10 20
 6 6 5 6 6 7 9 9 11 11 18 17 17 19 30 30 26 26 26 29 29 32 35 35 37 37 33 21 21 17 13 13 5 5 21 20 20 18 20 20 8 8 6 7 7 17
 5 5 5 7 7 10 9 9 13 13 15 15 15 19 21 21 20 20 22 27 27 29 35 35 36 36 36 21 21 16 12 12 3 3 18 18 18 12 9 9 5 5 5 9 9 22
