assets/RAT_results_old/precipitation/2021-08-11_IMERG.asc
ncols        46
nrows        77
xllcorner    74.800261325624
yllcorner    8.058333333333
cellsize     0.062500000000
NODATA_value -9999
 8 8 2 2 2 1 3 3 4 4 7 5 5 6 3 3 1 1 1 0 0 0 0 0 0 0 0 0 0 0 0 0 0 0 0 0 0 0 0 0 0 0 0 0 0 0
 7 7 2 1 1 1 0 0 2 2 0 5 5 2 10 10 1 1 0 0 0 0 0 0 0 0 0 0 0 0 0 0 0 0 0 0 0 0 0 0 0 0 0 0 0 0
 7 7 2 1 1 1 0 0 2 2 0 5 5 2 10 10 1 1 0 0 0 0 0 0 0 0 0 0 0 0 0 0 0 0 0 0 0 0 0 0 0 0 0 0 0 0
 14 14 5 1 1 2 0 0 0 0 0 1 1 3 2 2 0 0 0 0 0 0 1 1 0 0 0 0 0 0 0 0 0 0 0 0 0 0 1 1 0 0 0 0 0 0
 10 10 10 5 5 5 8 8 6 6 0 0 0 3 3 3 1 1 1 1 1 1 1 1 0 0 0 0 0 0 0 0 0 0 0 0 0 0 1 1 0 0 0 0 0 0
 10 10 10 5 5 5 8 8 6 6 0 0 0 3 3 3 1 1 1 1 1 1 1 1 0 0 0 0 0 0 0 0 0 0 0 0 0 0 1 1 0 0 0 0 0 0
 14 14 14 9 9 6 5 5 7 7 11 4 4 4 2 2 1 1 1 0 0 0 0 0 0 0 0 0 0 0 0 0 0 0 0 0 0 0 0 0 0 0 0 0 0 0
 14 14 14 9 9 6 5 5 7 7 11 4 4 4 2 2 1 1 1 0 0 0 0 0 0 0 0 0 0 0 0 0 0 0 0 0 0 0 0 0 0 0 0 0 0 0
 15 15 10 8 8 6 5 5 6 6 8 2 2 2 0 0 0 0 0 0 0 0 0 0 0 0 0 3 3 2 2 2 2 2 0 0 0 0 0 0 4 4 0 0 0 0
 9 9 6 10 10 7 5 5 5 5 3 3 3 0 2 2 0 0 0 0 0 1 1 1 1 1 3 3 3 3 2 2 2 2 31 12 12 12 20 20 0 0 0 0 0 0
 9 9 6 10 10 7 5 5 5 5 3 3 3 0 2 2 0 0 0 0 0 1 1 1 1 1 3 3 3 3 2 2 2 2 31 12 12 12 20 20 0 0 0 0 0 0
 7 7 6 5 5 6 5 5 2 2 2 0 0 0 0 0 0 0 1 0 0 1 4 4 4 4 9 9 9 10 30 30 30 30 31 12 12 12 20 20 1 1 0 0 0 0
 6 6 6 3 3 4 4 4 1 1 2 0 0 0 0 0 3 3 2 6 6 4 4 4 4 4 9 10 10 12 35 35 35 35 35 19 19 19 20 20 0 0 0 0 0 0
 6 6 6 3 3 4 4 4 1 1 2 0 0 0 0 0 3 3 2 6 6 4 4 4 4 4 9 10 10 12 35 35 35 35 35 19 19 19 20 20 0 0 0 0 0 0
 6 6 6 3 3 1 4 4 3 3 1 0 0 0 1 1 4 4 20 23 23 17 4 4 4 4 11 12 12 12 35 35 35 35 35 20 20 19 20 20 0 0 0 0 0 0
 6 6 6 3 3 1 4 4 3 3 1 0 0 0 1 1 4 4 20 23 23 17 4 4 4 4 11 12 12 12 35 35 35 35 35 20 20 19 20 20 0 0 0 0 0 0
 6 6 5 3 3 1 1 1 4 4 2 1 1 2 0 0 3 3 3 6 6 0 4 4 2 2 2 4 4 4 13 13 13 13 13 21 21 21 21 21 35 35 1 2 2 1
 7 7 5 5 5 3 1 1 1 1 2 2 2 3 4 4 3 3 6 6 6 3 2 2 2 2 2 4 4 8 4 4 13 13 14 16 16 36 36 36 35 35 3 2 2 2
 7 7 5 5 5 3 1 1 1 1 2 2 2 3 4 4 3 3 6 6 6 3 2 2 2 2 2 4 4 8 4 4 13 13 14 16 16 36 36 36 35 35 3 2 2 2
 6 6 5 5 5 3 1 1 1 1 1 6 6 5 7 7 6 6 3 4 4 1 1 1 1 1 1 7 7 8 6 6 14 14 15 15 15 36 19 19 19 19 3 2 2 2
 9 9 5 5 5 3 3 3 2 2 3 9 9 6 4 4 4 4 2 2 2 1 1 1 1 1 2 5 5 4 5 5 9 9 9 9 9 20 20 20 20 20 3 3 3 2
 9 9 5 5 5 3 3 3 2 2 3 9 9 6 4 4 4 4 2 2 2 1 1 1 1 1 2 5 5 4 5 5 9 9 9 9 9 20 20 20 20 20 3 3 3 2
 11 11 9 4 4 4 3 3 2 2 3 5 5 10 7 7 8 8 4 3 3 0 1 1 1 1 1 2 2 3 4 4 11 11 5 4 4 6 6 6 3 3 2 2 2 2
 11 11 9 4 4 4 3 3 2 2 3 5 5 10 7 7 8 8 4 3 3 0 1 1 1 1 1 2 2 3 4 4 11 11 5 4 4 6 6 6 3 3 2 2 2 2
 15 15 15 6 6 4 3 3 4 4 4 6 6 10 11 11 8 8 4 3 3 0 0 0 0 0 1 2 2 3 3 3 3 3 4 4 4 6 6 6 2 2 2 2 2 2
 18 18 18 5 5 9 4 4 4 4 2 7 7 6 13 13 6 6 4 0 0 0 0 0 0 0 0 1 1 2 2 2 2 2 3 3 3 4 4 4 2 2 2 1 1 2
 18 18 18 5 5 9 4 4 4 4 2 7 7 6 13 13 6 6 4 0 0 0 0 0 0 0 0 1 1 2 2 2 2 2 3 3 3 4 4 4 2 2 2 1 1 2
 23 23 22 14 14 10 5 5 4 4 3 4 4 6 6 6 6 6 4 3 3 2 1 1 0 0 0 1 1 1 0 0 1 1 1 1 1 2 1 1 1 1 1 1 1 2
 21 21 19 10 10 8 7 7 5 5 5 5 5 8 9 9 7 7 6 6 6 5 2 2 0 0 0 0 0 0 0 0 0 0 0 1 1 1 1 1 1 1 1 1 1 2
 21 21 19 10 10 8 7 7 5 5 5 5 5 8 9 9 7 7 6 6 6 5 2 2 0 0 0 0 0 0 0 0 0 0 0 1 1 1 1 1 1 1 1 1 1 2
 31 31 29 26 26 10 6 6 5 5 7 6 6 7 10 10 9 9 6 4 4 4 3 3 2 2 0 0 0 0 1 1 1 1 1 1 1 1 1 1 1 1 1 1 1 2
 31 31 29 26 26 10 6 6 5 5 7 6 6 7 10 10 9 9 6 4 4 4 3 3 2 2 0 0 0 0 1 1 1 1 1 1 1 1 1 1 1 1 1 1 1 2
 9 9 19 17 17 10 7 7 5 5 5 5 5 4 6 6 9 9 10 3 3 1 1 1 1 1 1 0 0 2 9 9 1 1 1 1 1 1 1 1 2 2 2 2 2 1
 8 8 13 13 13 4 5 5 4 4 3 2 2 3 3 3 2 2 7 7 7 7 5 5 5 5 3 2 2 6 5 5 1 1 1 1 1 1 1 1 3 3 4 2 2 1
 8 8 13 13 13 4 5 5 4 4 3 2 2 3 3 3 2 2 7 7 7 7 5 5 5 5 3 2 2 6 5 5 1 1 1 1 1 1 1 1 3 3 4 2 2 1
 4 4 5 5 5 3 4 4 8 8 2 2 2 2 6 6 6 6 13 13 13 9 6 6 4 4 4 4 4 3 3 3 2 2 2 2 2 2 2 2 2 2 3 2 2 1
 6 6 5 3 3 2 2 2 8 8 2 2 2 2 1 1 5 5 5 11 11 9 9 9 7 7 7 4 4 4 4 4 3 3 3 3 3 2 2 2 2 2 2 2 2 2
 6 6 5 3 3 2 2 2 8 8 2 2 2 2 1 1 5 5 5 11 11 9 9 9 7 7 7 4 4 4 4 4 3 3 3 3 3 2 2 2 2 2 2 2 2 2
 10 10 7 5 5 3 5 5 12 12 6 6 6 1 0 0 5 5 5 9 9 10 9 9 3 3 6 2 2 3 3 3 3 3 3 2 2 2 2 2 2 2 2 1 1 1
 10 10 7 5 5 3 5 5 12 12 6 6 6 1 0 0 5 5 5 9 9 10 9 9 3 3 6 2 2 3 3 3 3 3 3 2 2 2 2 2 2 2 2 1 1 1
 11 11 11 7 7 4 4 4 8 8 7 12 12 2 1 1 0 0 0 9 9 10 9 9 4 4 5 3 3 1 1 1 1 1 1 1 1 1 1 1 1 1 2 1 1 2
 16 16 13 7 7 5 9 9 8 8 13 11 11 9 0 0 0 0 1 1 1 4 2 2 2 2 6 8 8 6 2 2 1 1 0 0 0 1 0 0 1 1 10 11 11 12
 16 16 13 7 7 5 9 9 8 8 13 11 11 9 0 0 0 0 1 1 1 4 2 2 2 2 6 8 8 6 2 2 1 1 0 0 0 1 0 0 1 1 10 11 11 12
 21 21 18 20 20 17 8 8 6 6 3 2 2 3 2 2 1 1 1 2 2 6 5 5 4 4 7 14 14 12 3 3 12 12 3 1 1 3 1 1 1 1 1 0 0 0
 17 17 19 20 20 17 3 3 2 2 2 2 2 1 1 1 1 1 1 1 1 2 4 4 5 5 7 13 13 11 7 7 8 8 2 1 1 1 1 1 0 0 0 0 0 0
 17 17 19 20 20 17 3 3 2 2 2 2 2 1 1 1 1 1 1 1 1 2 4 4 5 5 7 13 13 11 7 7 8 8 2 1 1 1 1 1 0 0 0 0 0 0
 18 18 19 18 18 9 7 7 6 6 2 3 3 2 1 1 1 1 2 3 3 5 2 2 4 4 6 6 6 14 13 13 12 12 37 17 17 11 0 0 0 0 0 0 0 0
 18 18 19 18 18 9 7 7 6 6 2 3 3 2 1 1 1 1 2 3 3 5 2 2 4 4 6 6 6 14 13 13 12 12 37 17 17 11 0 0 0 0 0 0 0 0
 16 16 15 13 13 12 11 11 8 8 4 4 4 4 2 2 2 2 2 2 2 4 3 3 5 5 8 11 11 14 13 13 29 29 36 4 4 3 0 0 0 0 0 0 0 0
 93 93 20 18 18 15 14 14 11 11 10 7 7 6 3 3 2 2 3 3 3 7 7 7 10 10 7 9 9 10 6 6 8 8 10 3 3 3 0 0 0 0 0 0 0 0
 93 93 20 18 18 15 14 14 11 11 10 7 7 6 3 3 2 2 3 3 3 7 7 7 10 10 7 9 9 10 6 6 8 8 10 3 3 3 0 0 0 0 0 0 0 0
 96 96 17 22 22 18 15 15 16 16 11 8 8 8 2 2 2 2 1 2 2 6 7 7 6 6 10 5 5 3 6 6 3 3 1 0 0 0 0 0 0 0 0 0 0 0
 53 53 29 30 30 31 21 21 18 18 24 20 20 18 18 18 15 15 14 2 2 6 7 7 6 6 6 6 6 10 12 12 9 9 2 1 1 0 1 1 1 1 1 2 2 2
 53 53 29 30 30 31 21 21 18 18 24 20 20 18 18 18 15 15 14 2 2 6 7 7 6 6 6 6 6 10 12 12 9 9 2 1 1 0 1 1 1 1 1 2 2 2
 48 48 38 28 28 32 28 28 17 17 25 20 20 24 20 20 19 19 16 15 15 21 21 21 22 22 20 10 10 20 11 11 7 7 9 4 4 2 1 1 1 1 1 0 0 1
 48 48 38 28 28 32 28 28 17 17 25 20 20 24 20 20 19 19 16 15 15 21 21 21 22 22 20 10 10 20 11 11 7 7 9 4 4 2 1 1 1 1 1 0 0 1
 54 54 57 36 36 38 30 30 20 20 24 23 23 23 25 25 21 21 19 29 29 29 14 14 29 29 27 8 8 25 17 17 17 17 15 16 16 3 1 1 1 1 0 0 0 1
 56 56 59 36 36 36 20 20 18 18 18 28 28 19 26 26 32 32 20 29 29 30 11 11 14 14 20 23 23 15 4 4 9 9 20 19 19 3 3 3 9 9 0 0 0 0
 56 56 59 36 36 36 20 20 18 18 18 28 28 19 26 26 32 32 20 29 29 30 11 11 14 14 20 23 23 15 4 4 9 9 20 19 19 3 3 3 9 9 0 0 0 0
 48 48 34 18 18 21 18 18 15 15 18 19 19 16 33 33 32 32 27 27 27 27 19 19 18 18 11 21 21 24 4 4 2 2 10 20 20 1 0 0 0 0 0 0 0 0
 26 26 24 13 13 16 16 16 10 10 10 12 12 11 11 11 11 11 15 14 14 29 20 20 20 20 9 10 10 17 26 26 8 8 3 6 6 0 0 0 0 0 0 0 0 0
 26 26 24 13 13 16 16 16 10 10 10 12 12 11 11 11 11 11 15 14 14 29 20 20 20 20 9 10 10 17 26 26 8 8 3 6 6 0 0 0 0 0 0 0 0 0
 18 18 18 8 8 9 14 14 11 11 7 9 9 6 9 9 7 7 9 12 12 11 9 9 10 10 11 10 10 6 5 5 5 5 5 3 3 0 0 0 0 0 0 0 0 0
 18 18 18 8 8 9 14 14 11 11 7 9 9 6 9 9 7 7 9 12 12 11 9 9 10 10 11 10 10 6 5 5 5 5 5 3 3 0 0 0 0 0 0 0 0 0
 21 21 15 8 8 6 8 8 7 7 5 6 6 6 5 5 5 5 4 6 6 8 7 7 9 9 10 10 10 10 8 8 3 3 2 0 0 0 0 0 0 0 0 0 0 0
 18 18 11 9 9 6 5 5 4 4 3 3 3 4 4 4 4 4 4 4 4 5 5 5 7 7 7 5 5 7 7 7 7 7 4 1 1 0 1 1 0 0 0 0 0 0
 18 18 11 9 9 6 5 5 4 4 3 3 3 4 4 4 4 4 4 4 4 5 5 5 7 7 7 5 5 7 7 7 7 7 4 1 1 0 1 1 0 0 0 0 0 0
 15 15 8 8 8 6 5 5 6 6 6 5 5 5 6 6 5 5 5 5 5 6 6 6 7 7 5 6 6 5 6 6 5 5 6 4 4 2 4 4 0 0 0 0 0 0
 6 6 9 9 9 8 5 5 6 6 6 5 5 6 5 5 4 4 4 5 5 7 7 7 7 7 8 9 9 10 5 5 4 4 4 3 3 2 1 1 0 0 0 0 0 0
 6 6 9 9 9 8 5 5 6 6 6 5 5 6 5 5 4 4 4 5 5 7 7 7 7 7 8 9 9 10 5 5 4 4 4 3 3 2 1 1 0 0 0 0 0 0
 6 6 7 7 7 7 6 6 4 4 4 4 4 4 3 3 2 2 3 3 3 3 3 3 3 3 6 7 7 8 4 4 2 2 2 1 1 1 1 1 1 1 1 1 1 1
 6 6 7 7 7 7 6 6 4 4 4 4 4 4 3 3 2 2 3 3 3 3 3 3 3 3 6 7 7 8 4 4 2 2 2 1 1 1 1 1 1 1 1 1 1 1
 4 4 6 7 7 6 5 5 2 2 3 2 2 2 2 2 1 1 1 1 1 2 2 2 1 1 1 1 1 2 1 1 1 1 2 2 2 1 0 0 0 0 0 0 0 0
 6 6 7 8 8 6 7 7 2 2 1 0 0 1 1 1 1 1 1 1 1 1 1 1 0 0 0 0 0 0 1 1 1 1 1 1 1 2 1 1 1 1 0 0 0 0
 6 6 7 8 8 6 7 7 2 2 1 0 0 1 1 1 1 1 1 1 1 1 1 1 0 0 0 0 0 0 1 1 1 1 1 1 1 2 1 1 1 1 0 0 0 0
 5 5 6 7 7 8 3 3 2 2 2 0 0 0 0 0 1 1 1 2 2 2 1 1 1 1 0 0 0 0 0 0 0 0 1 2 2 1 2 2 1 1 1 1 1 0
 6 6 6 8 8 9 4 4 3 3 2 1 1 1 1 1 1 1 1 2 2 2 2 2 2 2 1 1 1 0 0 0 0 0 1 2 2 2 2 2 1 1 1 0 0 0
