assets/RAT_results_old/precipitation/2021-04-25_IMERG.asc
ncols        46
nrows        77
xllcorner    74.800261325624
yllcorner    8.058333333333
cellsize     0.062500000000
NODATA_value -9999
 2 2 7 5 5 5 4 4 2 2 3 3 3 2 4 4 2 2 0 0 0 0 0 0 0 0 0 0 0 0 0 0 0 0 0 0 0 0 0 0 0 0 0 0 0 0
 5 5 10 6 6 6 5 5 12 12 28 33 33 3 3 3 2 2 1 0 0 0 0 0 0 0 0 0 0 0 0 0 0 0 0 0 0 0 0 0 0 0 0 0 0 0
 5 5 10 6 6 6 5 5 12 12 28 33 33 3 3 3 2 2 1 0 0 0 0 0 0 0 0 0 0 0 0 0 0 0 0 0 0 0 0 0 0 0 0 0 0 0
 7 7 8 14 14 5 6 6 16 16 24 23 23 3 4 4 2 2 1 0 0 0 0 0 0 0 0 0 0 0 0 0 0 0 0 0 0 0 0 0 0 0 0 0 0 0
 6 6 7 13 13 13 11 11 27 27 24 22 22 3 4 4 0 0 0 0 0 0 0 0 0 0 0 0 0 0 0 0 0 0 0 0 0 0 0 0 0 0 0 0 0 0
 6 6 7 13 13 13 11 11 27 27 24 22 22 3 4 4 0 0 0 0 0 0 0 0 0 0 0 0 0 0 0 0 0 0 0 0 0 0 0 0 0 0 0 0 0 0
 10 10 7 15 15 5 6 6 3 3 3 3 3 3 2 2 0 0 0 0 0 0 0 0 0 0 0 0 0 0 0 0 0 0 0 0 0 0 0 0 0 0 0 0 0 0
 10 10 7 15 15 5 6 6 3 3 3 3 3 3 2 2 0 0 0 0 0 0 0 0 0 0 0 0 0 0 0 0 0 0 0 0 0 0 0 0 0 0 0 0 0 0
 2 2 4 4 4 3 3 3 1 1 1 3 3 1 2 2 1 1 0 0 0 0 0 0 0 0 0 0 0 0 0 0 2 2 2 0 0 0 0 0 0 0 0 0 0 0
 1 1 2 2 2 0 0 0 0 0 0 1 1 1 1 1 1 1 0 0 0 0 0 0 0 0 0 0 0 0 3 3 11 11 8 2 2 0 0 0 0 0 0 0 0 0
 1 1 2 2 2 0 0 0 0 0 0 1 1 1 1 1 1 1 0 0 0 0 0 0 0 0 0 0 0 0 3 3 11 11 8 2 2 0 0 0 0 0 0 0 0 0
 0 0 0 2 2 0 1 1 0 0 0 1 1 2 1 1 1 1 0 0 0 0 0 0 0 0 1 1 1 2 3 3 5 5 5 2 2 2 0 0 0 0 0 0 0 0
 1 1 0 0 0 0 0 0 0 0 1 2 2 2 1 1 1 1 1 0 0 0 1 1 2 2 4 3 3 3 5 5 4 4 24 2 2 2 1 1 0 0 0 0 0 0
 1 1 0 0 0 0 0 0 0 0 1 2 2 2 1 1 1 1 1 0 0 0 1 1 2 2 4 3 3 3 5 5 4 4 24 2 2 2 1 1 0 0 0 0 0 0
 2 2 1 0 0 0 0 0 1 1 2 3 3 2 1 1 1 1 1 1 1 4 5 5 4 4 4 3 3 1 6 6 2 2 1 1 1 1 1 1 0 0 0 0 0 0
 2 2 1 0 0 0 0 0 1 1 2 3 3 2 1 1 1 1 1 1 1 4 5 5 4 4 4 3 3 1 6 6 2 2 1 1 1 1 1 1 0 0 0 0 0 0
 1 1 0 0 0 0 1 1 2 2 3 3 3 2 2 2 1 1 1 1 1 5 7 7 5 5 3 1 1 1 2 2 2 2 1 3 3 3 1 1 0 0 0 0 0 0
 1 1 0 0 0 0 1 1 3 3 8 4 4 3 2 2 1 1 1 21 21 25 21 21 5 5 2 1 1 1 1 1 1 1 1 2 2 1 0 0 0 0 0 0 0 0
 1 1 0 0 0 0 1 1 3 3 8 4 4 3 2 2 1 1 1 21 21 25 21 21 5 5 2 1 1 1 1 1 1 1 1 2 2 1 0 0 0 0 0 0 0 0
 1 1 1 1 1 1 2 2 4 4 5 5 5 4 3 3 2 2 1 21 21 32 13 13 7 7 3 1 1 1 1 1 2 2 2 1 1 0 0 0 1 1 2 1 1 0
 1 1 6 1 1 1 5 5 9 9 5 4 4 5 3 3 2 2 1 1 1 7 14 14 13 13 10 7 7 6 7 7 5 5 3 1 1 1 2 2 4 4 5 1 1 0
 1 1 6 1 1 1 5 5 9 9 5 4 4 5 3 3 2 2 1 1 1 7 14 14 13 13 10 7 7 6 7 7 5 5 3 1 1 1 2 2 4 4 5 1 1 0
 1 1 7 7 7 1 3 3 4 4 3 2 2 1 1 1 0 0 2 36 36 39 22 22 16 16 16 9 9 17 15 15 13 13 9 3 3 1 2 2 4 4 5 0 0 0
 1 1 7 7 7 1 3 3 4 4 3 2 2 1 1 1 0 0 2 36 36 39 22 22 16 16 16 9 9 17 15 15 13 13 9 3 3 1 2 2 4 4 5 0 0 0
 1 1 0 0 0 1 2 2 2 2 1 1 1 1 0 0 0 0 3 5 5 39 20 20 27 27 34 23 23 27 17 17 11 11 9 4 4 2 3 3 2 2 0 0 0 0
 1 1 1 1 1 2 2 2 3 3 1 0 0 1 14 14 0 0 7 7 7 46 20 20 26 26 33 57 57 49 15 15 9 9 6 3 3 2 0 0 0 0 0 0 0 0
 1 1 1 1 1 2 2 2 3 3 1 0 0 1 14 14 0 0 7 7 7 46 20 20 26 26 33 57 57 49 15 15 9 9 6 3 3 2 0 0 0 0 0 0 0 0
 1 1 1 2 2 3 2 2 3 3 1 0 0 15 15 15 6 6 3 4 4 7 7 7 27 27 56 83 83 41 17 17 10 10 3 2 2 1 0 0 0 0 0 0 0 0
 3 3 1 4 4 4 4 4 1 1 1 0 0 37 35 35 11 11 11 6 6 8 8 8 27 27 41 45 45 32 27 27 3 3 3 3 3 1 0 0 0 0 0 0 0 1
 3 3 1 4 4 4 4 4 1 1 1 0 0 37 35 35 11 11 11 6 6 8 8 8 27 27 41 45 45 32 27 27 3 3 3 3 3 1 0 0 0 0 0 0 0 1
 3 3 1 4 4 4 4 4 4 4 3 37 37 37 36 36 11 11 11 9 9 6 6 6 22 22 21 32 32 24 7 7 1 1 0 0 0 0 0 0 0 0 0 0 0 0
 3 3 1 4 4 4 4 4 4 4 3 37 37 37 36 36 11 11 11 9 9 6 6 6 22 22 21 32 32 24 7 7 1 1 0 0 0 0 0 0 0 0 0 0 0 0
 4 4 2 3 3 4 4 4 5 5 3 38 38 35 27 27 25 25 18 9 9 8 7 7 5 5 2 11 11 8 7 7 0 0 0 0 0 0 0 0 0 0 0 0 0 0
 10 10 5 4 4 3 4 4 3 3 1 36 36 36 28 28 5 5 7 8 8 5 7 7 4 4 2 1 1 0 0 0 0 0 0 0 0 0 0 0 0 0 0 0 0 0
 10 10 5 4 4 3 4 4 3 3 1 36 36 36 28 28 5 5 7 8 8 5 7 7 4 4 2 1 1 0 0 0 0 0 0 0 0 0 0 0 0 0 0 0 0 0
 10 10 6 7 7 4 4 4 5 5 2 9 9 5 8 8 7 7 9 7 7 3 5 5 5 5 1 0 0 1 0 0 0 0 0 0 0 0 0 0 0 0 0 0 0 0
 11 11 10 10 10 4 4 4 5 5 7 24 24 28 10 10 8 8 7 10 10 7 5 5 6 6 1 2 2 2 1 1 0 0 0 0 0 0 0 0 0 0 0 0 0 0
 11 11 10 10 10 4 4 4 5 5 7 24 24 28 10 10 8 8 7 10 10 7 5 5 6 6 1 2 2 2 1 1 0 0 0 0 0 0 0 0 0 0 0 0 0 0
 11 11 12 6 6 8 8 8 11 11 8 15 15 10 24 24 16 16 7 10 10 7 7 7 5 5 2 2 2 4 2 2 2 2 2 1 1 0 0 0 3 3 0 0 0 0
 11 11 12 6 6 8 8 8 11 11 8 15 15 10 24 24 16 16 7 10 10 7 7 7 5 5 2 2 2 4 2 2 2 2 2 1 1 0 0 0 3 3 0 0 0 0
 19 19 23 10 10 11 10 10 7 7 11 11 11 10 5 5 11 11 3 7 7 3 6 6 3 3 5 1 1 1 3 3 2 2 2 2 2 2 0 0 0 0 0 0 0 0
 23 23 22 11 11 10 8 8 5 5 12 4 4 5 2 2 1 1 1 1 1 3 3 3 2 2 4 1 1 1 1 1 2 2 3 3 3 2 0 0 0 0 8 9 9 4
 23 23 22 11 11 10 8 8 5 5 12 4 4 5 2 2 1 1 1 1 1 3 3 3 2 2 4 1 1 1 1 1 2 2 3 3 3 2 0 0 0 0 8 9 9 4
 21 21 20 10 10 9 7 7 3 3 4 3 3 2 1 1 0 0 1 0 0 2 8 8 11 11 15 5 5 2 2 2 4 4 6 4 4 3 1 1 1 1 8 9 9 4
 14 14 10 9 9 8 4 4 2 2 1 1 1 0 0 0 0 0 1 6 6 6 8 8 13 13 32 4 4 4 4 4 6 6 5 7 7 5 5 5 2 2 22 22 22 4
 14 14 10 9 9 8 4 4 2 2 1 1 1 0 0 0 0 0 1 6 6 6 8 8 13 13 32 4 4 4 4 4 6 6 5 7 7 5 5 5 2 2 22 22 22 4
 10 10 10 9 9 9 2 2 2 2 1 7 7 7 7 7 1 1 1 6 6 6 6 6 20 20 12 5 5 8 10 10 11 11 7 8 8 8 1 1 2 2 0 0 0 0
 10 10 10 9 9 9 2 2 2 2 1 7 7 7 7 7 1 1 1 6 6 6 6 6 20 20 12 5 5 8 10 10 11 11 7 8 8 8 1 1 2 2 0 0 0 0
 5 5 9 9 9 2 8 8 7 7 1 15 15 7 7 7 0 0 1 2 2 9 18 18 10 10 14 10 10 13 15 15 17 17 13 12 12 2 1 1 0 0 2 0 0 0
 2 2 7 11 11 4 8 8 8 8 6 15 15 15 15 15 5 5 5 1 1 0 15 15 9 9 11 12 12 13 13 13 16 16 15 9 9 3 2 2 3 3 2 0 0 0
 2 2 7 11 11 4 8 8 8 8 6 15 15 15 15 15 5 5 5 1 1 0 15 15 9 9 11 12 12 13 13 13 16 16 15 9 9 3 2 2 3 3 2 0 0 0
 1 1 3 5 5 4 1 1 0 0 0 8 8 8 16 16 5 5 5 5 5 0 0 0 2 2 8 12 12 14 14 14 15 15 10 6 6 5 4 4 4 4 3 0 0 0
 1 1 0 1 1 4 1 1 0 0 2 9 9 8 5 5 5 5 5 1 1 0 0 0 1 1 2 6 6 11 15 15 14 14 10 7 7 7 6 6 4 4 4 1 1 0
 1 1 0 1 1 4 1 1 0 0 2 9 9 8 5 5 5 5 5 1 1 0 0 0 1 1 2 6 6 11 15 15 14 14 10 7 7 7 6 6 4 4 4 1 1 0
 0 0 0 1 1 1 1 1 0 0 2 2 2 2 1 1 1 1 5 1 1 1 0 0 1 1 5 7 7 12 16 16 17 17 19 12 12 9 6 6 3 3 4 4 4 0
 0 0 0 1 1 1 1 1 0 0 2 2 2 2 1 1 1 1 5 1 1 1 0 0 1 1 5 7 7 12 16 16 17 17 19 12 12 9 6 6 3 3 4 4 4 0
 0 0 0 1 1 0 0 0 0 0 1 3 3 3 2 2 2 2 2 2 2 1 1 1 2 2 6 10 10 14 21 21 23 23 26 18 18 16 8 8 5 5 4 1 1 0
 1 1 1 1 1 1 1 1 1 1 1 2 2 3 4 4 4 4 3 3 3 2 1 1 90 90 24 32 32 19 22 22 19 19 21 13 13 17 15 15 10 10 6 2 2 0
 1 1 1 1 1 1 1 1 1 1 1 2 2 3 4 4 4 4 3 3 3 2 1 1 90 90 24 32 32 19 22 22 19 19 21 13 13 17 15 15 10 10 6 2 2 0
 2 2 1 1 1 1 2 2 2 2 2 3 3 4 9 9 12 12 7 5 5 6 2 2 89 89 23 29 29 20 21 21 13 13 13 7 7 9 9 9 4 4 5 0 0 0
 3 3 2 3 3 3 4 4 4 4 4 4 4 5 11 11 21 21 45 33 33 30 27 27 38 38 46 33 33 15 13 13 8 8 6 3 3 5 8 8 7 7 3 0 0 0
 3 3 2 3 3 3 4 4 4 4 4 4 4 5 11 11 21 21 45 33 33 30 27 27 38 38 46 33 33 15 13 13 8 8 6 3 3 5 8 8 7 7 3 0 0 0
 4 4 4 4 4 4 5 5 5 5 6 5 5 6 15 15 42 42 79 43 43 81 25 25 38 38 16 9 9 13 1 1 1 1 1 1 1 3 0 0 0 0 0 0 0 0
 4 4 4 4 4 4 5 5 5 5 6 5 5 6 15 15 42 42 79 43 43 81 25 25 38 38 16 9 9 13 1 1 1 1 1 1 1 3 0 0 0 0 0 0 0 0
 6 6 7 6 6 7 6 6 6 6 6 7 7 6 14 14 38 38 94 88 88 78 57 57 55 55 28 15 15 21 11 11 0 0 2 7 7 10 4 4 0 0 1 0 0 0
 14 14 25 33 33 36 32 32 12 12 11 8 8 7 10 10 18 18 78 85 85 79 53 53 32 32 29 17 17 20 11 11 4 4 4 4 4 4 0 0 0 0 0 0 0 0
 14 14 25 33 33 36 32 32 12 12 11 8 8 7 10 10 18 18 78 85 85 79 53 53 32 32 29 17 17 20 11 11 4 4 4 4 4 4 0 0 0 0 0 0 0 0
 20 20 25 41 41 42 41 41 43 43 28 16 16 13 37 37 60 60 59 58 58 77 54 54 30 30 29 23 23 7 9 9 12 12 1 0 0 1 1 1 1 1 0 0 0 0
 14 14 13 16 16 18 28 28 34 34 30 24 24 22 38 38 65 65 86 56 56 46 46 46 22 22 13 12 12 14 14 14 8 8 1 2 2 1 2 2 1 1 1 0 0 0
 14 14 13 16 16 18 28 28 34 34 30 24 24 22 38 38 65 65 86 56 56 46 46 46 22 22 13 12 12 14 14 14 8 8 1 2 2 1 2 2 1 1 1 0 0 0
 10 10 1 3 3 9 27 27 22 22 24 17 17 42 39 39 60 60 21 18 18 7 42 42 25 25 15 12 12 14 32 32 31 31 3 2 2 1 2 2 1 1 1 0 0 0
 10 10 1 3 3 9 27 27 22 22 24 17 17 42 39 39 60 60 21 18 18 7 42 42 25 25 15 12 12 14 32 32 31 31 3 2 2 1 2 2 1 1 1 0 0 0
 9 9 4 2 2 5 13 13 11 11 11 8 8 8 7 7 15 15 23 20 20 5 9 9 10 10 9 5 5 2 31 31 30 30 1 2 2 1 1 1 1 1 0 20 20 0
 5 5 9 2 2 2 6 6 11 11 11 11 11 8 7 7 1 1 6 2 2 1 3 3 4 4 4 3 3 2 2 2 1 1 0 0 0 0 1 1 1 1 11 0 0 4
 5 5 9 2 2 2 6 6 11 11 11 11 11 8 7 7 1 1 6 2 2 1 3 3 4 4 4 3 3 2 2 2 1 1 0 0 0 0 1 1 1 1 11 0 0 4
 1 1 7 4 4 1 2 2 7 7 11 12 12 8 3 3 1 1 0 1 1 0 1 1 1 1 2 1 1 1 0 0 0 0 0 0 0 1 1 1 1 1 0 0 0 0
 0 0 1 1 1 0 1 1 3 3 7 10 10 6 3 3 0 0 0 1 1 1 0 0 0 0 0 0 0 0 0 0 0 0 0 0 0 0 0 0 0 0 1 0 0 0
