assets/RAT_results_old/precipitation/2021-06-23_IMERG.asc
ncols        46
nrows        77
xllcorner    74.800261325624
yllcorner    8.058333333333
cellsize     0.062500000000
NODATA_value -9999
 1 1 1 1 1 2 4 4 1 1 1 0 0 3 1 1 1 1 0 0 0 0 0 0 0 0 0 2 2 4 2 2 1 1 0 1 1 1 0 0 0 0 1 1 1 1
 1 1 1 1 1 3 4 4 1 1 5 0 0 1 1 1 1 1 0 0 0 0 0 0 0 0 0 3 3 3 3 3 2 2 0 1 1 0 0 0 0 0 1 1 1 1
 1 1 1 1 1 3 4 4 1 1 5 0 0 1 1 1 1 1 0 0 0 0 0 0 0 0 0 3 3 3 3 3 2 2 0 1 1 0 0 0 0 0 1 1 1 1
 0 0 1 1 1 1 1 1 1 1 1 5 5 0 1 1 1 1 0 0 0 0 0 0 0 0 0 0 0 2 2 2 2 2 1 0 0 0 0 0 0 0 0 0 0 1
 1 1 1 1 1 1 0 0 7 7 4 0 0 0 2 2 0 0 0 0 0 0 0 0 0 0 0 0 0 0 0 0 0 0 0 0 0 0 0 0 0 0 0 0 0 0
 1 1 1 1 1 1 0 0 7 7 4 0 0 0 2 2 0 0 0 0 0 0 0 0 0 0 0 0 0 0 0 0 0 0 0 0 0 0 0 0 0 0 0 0 0 0
 1 1 1 1 1 1 1 1 0 0 1 2 2 0 0 0 0 0 0 0 0 0 0 0 0 0 0 0 0 0 0 0 0 0 0 0 0 0 0 0 0 0 0 0 0 0
 1 1 1 1 1 1 1 1 0 0 1 2 2 0 0 0 0 0 0 0 0 0 0 0 0 0 0 0 0 0 0 0 0 0 0 0 0 0 0 0 0 0 0 0 0 0
 0 0 0 1 1 1 1 1 0 0 4 3 3 5 1 1 0 0 0 0 0 0 0 0 0 0 0 0 0 0 0 0 1 1 1 1 1 1 0 0 1 1 1 1 1 1
 0 0 0 1 1 1 1 1 0 0 0 2 2 3 4 4 9 9 0 0 0 0 0 0 0 0 0 0 0 0 0 0 1 1 1 2 2 1 1 1 1 1 2 2 2 3
 0 0 0 1 1 1 1 1 0 0 0 2 2 3 4 4 9 9 0 0 0 0 0 0 0 0 0 0 0 0 0 0 1 1 1 2 2 1 1 1 1 1 2 2 2 3
 1 1 1 1 1 2 2 2 1 1 3 3 3 3 15 15 9 9 2 0 0 0 0 0 1 1 1 2 2 0 1 1 1 1 1 2 2 2 2 2 2 2 2 2 2 3
 1 1 1 1 1 3 2 2 4 4 4 3 3 2 2 2 17 17 4 0 0 0 1 1 1 1 1 1 1 1 1 1 1 1 1 1 1 2 6 6 3 3 3 3 3 4
 1 1 1 1 1 3 2 2 4 4 4 3 3 2 2 2 17 17 4 0 0 0 1 1 1 1 1 1 1 1 1 1 1 1 1 1 1 2 6 6 3 3 3 3 3 4
 1 1 1 1 1 1 1 1 3 3 1 0 0 0 3 3 9 9 10 2 2 0 1 1 1 1 1 1 1 1 1 1 3 3 3 4 4 6 7 7 4 4 4 4 4 3
 1 1 1 1 1 1 1 1 3 3 1 0 0 0 3 3 9 9 10 2 2 0 1 1 1 1 1 1 1 1 1 1 3 3 3 4 4 6 7 7 4 4 4 4 4 3
 0 0 1 1 1 1 1 1 2 2 1 1 1 2 3 3 6 6 6 0 0 0 0 0 0 0 1 1 1 1 1 1 3 3 3 4 4 3 9 9 7 7 7 3 3 3
 0 0 0 1 1 1 1 1 1 1 3 5 5 3 3 3 8 8 10 4 4 0 0 0 1 1 0 0 0 1 1 1 1 1 2 3 3 3 8 8 4 4 3 2 2 2
 0 0 0 1 1 1 1 1 1 1 3 5 5 3 3 3 8 8 10 4 4 0 0 0 1 1 0 0 0 1 1 1 1 1 2 3 3 3 8 8 4 4 3 2 2 2
 0 0 0 1 1 2 1 1 0 0 1 1 1 2 9 9 6 6 6 4 4 4 1 1 1 1 0 0 0 1 1 1 1 1 1 1 1 2 2 2 2 2 2 1 1 1
 0 0 1 0 0 1 1 1 0 0 1 1 1 2 7 7 7 7 9 4 4 5 1 1 1 1 1 0 0 2 2 2 2 2 1 1 1 1 1 1 1 1 1 1 1 1
 0 0 1 0 0 1 1 1 0 0 1 1 1 2 7 7 7 7 9 4 4 5 1 1 1 1 1 0 0 2 2 2 2 2 1 1 1 1 1 1 1 1 1 1 1 1
 1 1 1 1 1 1 1 1 1 1 1 1 1 6 8 8 7 7 9 7 7 3 3 3 1 1 1 3 3 3 9 9 2 2 1 1 1 1 1 1 1 1 0 0 0 0
 1 1 1 1 1 1 1 1 1 1 1 1 1 6 8 8 7 7 9 7 7 3 3 3 1 1 1 3 3 3 9 9 2 2 1 1 1 1 1 1 1 1 0 0 0 0
 1 1 1 1 1 1 1 1 1 1 1 1 1 7 7 7 7 7 11 12 12 8 7 7 11 11 11 4 4 4 3 3 1 1 1 1 1 1 1 1 1 1 1 0 0 0
 1 1 1 1 1 1 1 1 1 1 1 1 1 3 8 8 14 14 16 17 17 17 14 14 25 25 29 12 12 4 3 3 2 2 2 2 2 2 2 2 2 2 1 1 1 1
 1 1 1 1 1 1 1 1 1 1 1 1 1 3 8 8 14 14 16 17 17 17 14 14 25 25 29 12 12 4 3 3 2 2 2 2 2 2 2 2 2 2 1 1 1 1
 1 1 2 2 2 2 1 1 2 2 1 1 1 1 11 11 11 11 16 13 13 13 13 13 12 12 13 10 10 10 5 5 4 4 3 3 3 2 2 2 2 2 1 1 1 1
 1 1 2 2 2 2 2 2 6 6 6 2 2 2 11 11 13 13 10 13 13 10 10 10 7 7 7 6 6 8 5 5 4 4 3 3 3 3 3 3 3 3 2 1 1 2
 1 1 2 2 2 2 2 2 6 6 6 2 2 2 11 11 13 13 10 13 13 10 10 10 7 7 7 6 6 8 5 5 4 4 3 3 3 3 3 3 3 3 2 1 1 2
 1 1 1 1 1 1 1 1 1 1 5 2 2 2 7 7 10 10 7 12 12 12 11 11 13 13 10 5 5 5 5 5 3 3 3 3 3 2 3 3 3 3 3 2 2 2
 1 1 1 1 1 1 1 1 1 1 5 2 2 2 7 7 10 10 7 12 12 12 11 11 13 13 10 5 5 5 5 5 3 3 3 3 3 2 3 3 3 3 3 2 2 2
 1 1 1 1 1 1 1 1 1 1 3 2 2 2 2 2 11 11 5 7 7 4 5 5 7 7 12 7 7 7 5 5 3 3 3 3 3 3 3 3 3 3 3 3 3 2
 1 1 1 1 1 1 1 1 1 1 4 4 4 2 2 2 14 14 23 17 17 13 10 10 7 7 11 11 11 11 9 9 3 3 3 3 3 3 2 2 2 2 3 3 3 3
 1 1 1 1 1 1 1 1 1 1 4 4 4 2 2 2 14 14 23 17 17 13 10 10 7 7 11 11 11 11 9 9 3 3 3 3 3 3 2 2 2 2 3 3 3 3
 1 1 1 1 1 1 1 1 1 1 4 7 7 3 2 2 17 17 27 31 31 14 23 23 13 13 6 5 5 4 9 9 7 7 3 3 3 4 3 3 4 4 4 4 4 3
 1 1 1 1 1 1 1 1 1 1 4 10 10 5 5 5 21 21 27 34 34 38 23 23 12 12 9 7 7 7 9 9 8 8 7 4 4 5 4 4 5 5 5 5 5 3
 1 1 1 1 1 1 1 1 1 1 4 10 10 5 5 5 21 21 27 34 34 38 23 23 12 12 9 7 7 7 9 9 8 8 7 4 4 5 4 4 5 5 5 5 5 3
 1 1 1 1 1 1 1 1 1 1 1 8 8 10 13 13 23 23 23 33 33 27 16 16 19 19 22 9 9 9 8 8 13 13 7 7 7 5 3 3 5 5 7 6 6 7
 1 1 1 1 1 1 1 1 1 1 1 8 8 10 13 13 23 23 23 33 33 27 16 16 19 19 22 9 9 9 8 8 13 13 7 7 7 5 3 3 5 5 7 6 6 7
 2 2 2 2 2 3 2 2 2 2 2 5 5 13 24 24 16 16 25 26 26 23 28 28 18 18 21 21 21 24 11 11 16 16 10 16 16 9 10 10 6 6 7 6 6 3
 3 3 2 3 3 3 3 3 4 4 3 4 4 11 33 33 36 36 31 29 29 45 39 39 31 31 35 47 47 37 42 42 50 50 15 21 21 12 7 7 6 6 5 5 5 3
 3 3 2 3 3 3 3 3 4 4 3 4 4 11 33 33 36 36 31 29 29 45 39 39 31 31 35 47 47 37 42 42 50 50 15 21 21 12 7 7 6 6 5 5 5 3
 4 4 3 3 3 3 3 3 6 6 6 7 7 18 36 36 41 41 46 32 32 48 38 38 31 31 27 27 27 56 56 56 66 66 47 32 32 7 5 5 7 7 4 4 4 6
 4 4 3 3 3 4 4 4 3 3 4 7 7 15 31 31 38 38 44 38 38 31 42 42 34 34 39 34 34 34 29 29 69 69 47 34 34 8 4 4 3 3 3 3 3 3
 4 4 3 3 3 4 4 4 3 3 4 7 7 15 31 31 38 38 44 38 38 31 42 42 34 34 39 34 34 34 29 29 69 69 47 34 34 8 4 4 3 3 3 3 3 3
 4 4 3 3 3 4 4 4 4 4 4 7 7 9 22 22 33 33 35 40 40 24 28 28 53 53 34 46 46 69 40 40 49 49 58 41 41 6 3 3 2 2 2 2 2 2
 4 4 3 3 3 4 4 4 4 4 4 7 7 9 22 22 33 33 35 40 40 24 28 28 53 53 34 46 46 69 40 40 49 49 58 41 41 6 3 3 2 2 2 2 2 2
 7 7 3 3 3 3 4 4 4 4 4 7 7 11 20 20 29 29 41 35 35 36 29 29 32 32 29 34 34 27 36 36 54 54 67 37 37 27 1 1 1 1 1 1 1 2
 5 5 3 8 8 3 8 8 9 9 9 6 6 15 24 24 30 30 51 51 51 47 42 42 32 32 29 29 29 19 20 20 22 22 55 40 40 27 0 0 1 1 0 1 1 1
 5 5 3 8 8 3 8 8 9 9 9 6 6 15 24 24 30 30 51 51 51 47 42 42 32 32 29 29 29 19 20 20 22 22 55 40 40 27 0 0 1 1 0 1 1 1
 5 5 7 8 8 8 8 8 14 14 9 23 23 26 39 39 61 61 59 64 64 50 46 46 33 33 33 21 21 19 23 23 24 24 39 36 36 20 5 5 0 0 0 0 0 1
 3 3 3 13 13 12 10 10 21 21 19 26 26 30 34 34 76 76 78 34 34 31 23 23 20 20 20 17 17 16 20 20 21 21 20 18 18 23 7 7 2 2 0 0 0 0
 3 3 3 13 13 12 10 10 21 21 19 26 26 30 34 34 76 76 78 34 34 31 23 23 20 20 20 17 17 16 20 20 21 21 20 18 18 23 7 7 2 2 0 0 0 0
 3 3 8 9 9 13 8 8 29 29 21 32 32 31 50 50 47 47 68 31 31 26 23 23 18 18 12 9 9 14 17 17 11 11 7 22 22 13 3 3 2 2 0 0 0 0
 3 3 8 9 9 13 8 8 29 29 21 32 32 31 50 50 47 47 68 31 31 26 23 23 18 18 12 9 9 14 17 17 11 11 7 22 22 13 3 3 2 2 0 0 0 0
 3 3 3 6 6 8 8 8 21 21 21 29 29 28 37 37 53 53 48 36 36 36 20 20 11 11 7 3 3 1 6 6 4 4 2 8 8 4 3 3 2 2 2 2 2 2
 3 3 3 5 5 6 8 8 11 11 20 27 27 32 27 27 46 46 54 23 23 20 19 19 8 8 6 3 3 1 2 2 3 3 4 23 23 24 6 6 5 5 3 3 3 3
 3 3 3 5 5 6 8 8 11 11 20 27 27 32 27 27 46 46 54 23 23 20 19 19 8 8 6 3 3 1 2 2 3 3 4 23 23 24 6 6 5 5 3 3 3 3
 3 3 3 4 4 6 9 9 11 11 20 20 20 26 25 25 39 39 36 17 17 14 5 5 7 7 4 3 3 2 2 2 13 13 28 46 46 22 5 5 5 5 2 2 2 2
 2 2 3 4 4 4 10 10 23 23 26 21 21 24 25 25 13 13 11 9 9 6 14 14 9 9 2 2 2 2 3 3 15 15 20 19 19 12 3 3 2 2 1 0 0 0
 2 2 3 4 4 4 10 10 23 23 26 21 21 24 25 25 13 13 11 9 9 6 14 14 9 9 2 2 2 2 3 3 15 15 20 19 19 12 3 3 2 2 1 0 0 0
 3 3 3 4 4 11 5 5 23 23 20 17 17 20 16 16 12 12 17 16 16 8 5 5 12 12 6 1 1 2 2 2 2 2 2 19 19 12 3 3 1 1 0 0 0 0
 3 3 3 4 4 11 5 5 23 23 20 17 17 20 16 16 12 12 17 16 16 8 5 5 12 12 6 1 1 2 2 2 2 2 2 19 19 12 3 3 1 1 0 0 0 0
 3 3 3 10 10 12 17 17 15 15 22 37 37 44 46 46 29 29 18 22 22 9 4 4 5 5 6 0 0 1 1 1 0 0 0 0 0 3 2 2 2 2 2 0 0 0
 3 3 3 4 4 6 12 12 18 18 21 28 28 45 53 53 30 30 18 21 21 5 3 3 4 4 2 0 0 1 1 1 0 0 0 0 0 0 3 3 6 6 6 0 0 0
 3 3 3 4 4 6 12 12 18 18 21 28 28 45 53 53 30 30 18 21 21 5 3 3 4 4 2 0 0 1 1 1 0 0 0 0 0 0 3 3 6 6 6 0 0 0
 3 3 2 3 3 5 10 10 17 17 13 19 19 21 32 32 29 29 26 21 21 10 2 2 2 2 3 0 0 1 1 1 1 1 0 0 0 2 7 7 13 13 6 0 0 0
 2 2 2 2 2 2 2 2 7 7 9 18 18 29 63 63 33 33 25 18 18 7 2 2 1 1 2 0 0 1 2 2 3 3 6 0 0 0 0 0 0 0 10 1 1 0
 2 2 2 2 2 2 2 2 7 7 9 18 18 29 63 63 33 33 25 18 18 7 2 2 1 1 2 0 0 1 2 2 3 3 6 0 0 0 0 0 0 0 10 1 1 0
 2 2 2 4 4 2 3 3 3 3 8 19 19 50 63 63 30 30 33 16 16 13 8 8 1 1 0 0 0 1 1 1 0 0 1 1 1 1 0 0 0 0 0 0 0 0
 2 2 2 4 4 2 3 3 3 3 8 19 19 50 63 63 30 30 33 16 16 13 8 8 1 1 0 0 0 1 1 1 0 0 1 1 1 1 0 0 0 0 0 0 0 0
 4 4 6 4 4 4 3 3 5 5 9 27 27 42 70 70 35 35 28 14 14 11 6 6 7 7 3 0 0 0 0 0 0 0 1 0 0 1 0 0 0 0 0 0 0 0
 8 8 8 7 7 5 15 15 20 20 16 35 35 39 57 57 30 30 22 13 13 12 15 15 7 7 4 0 0 1 2 2 2 2 0 0 0 0 0 0 0 0 0 0 0 0
 8 8 8 7 7 5 15 15 20 20 16 35 35 39 57 57 30 30 22 13 13 12 15 15 7 7 4 0 0 1 2 2 2 2 0 0 0 0 0 0 0 0 0 0 0 0
 4 4 11 11 11 17 20 20 26 26 23 26 26 33 36 36 25 25 19 15 15 12 12 12 12 12 3 2 2 1 2 2 2 2 0 0 0 0 0 0 0 0 0 0 0 0
 5 5 16 16 16 19 20 20 41 41 40 48 48 32 40 40 41 41 43 28 28 28 9 9 6 6 13 9 9 1 0 0 0 0 0 0 0 0 0 0 0 0 0 0 0 0
