assets/RAT_results_old/precipitation/2021-09-26_IMERG.asc
ncols        46
nrows        77
xllcorner    74.800261325624
yllcorner    8.058333333333
cellsize     0.062500000000
NODATA_value -9999
 2 2 5 6 6 7 8 8 9 9 11 8 8 4 4 4 2 2 2 3 3 2 4 4 7 7 6 2 2 0 0 0 0 0 0 0 0 0 0 0 0 0 0 0 0 2
 2 2 4 2 2 1 3 3 4 4 5 5 5 3 6 6 3 3 4 3 3 2 1 1 2 2 4 4 4 1 0 0 2 2 0 0 0 0 0 0 0 0 0 0 0 0
 2 2 4 2 2 1 3 3 4 4 5 5 5 3 6 6 3 3 4 3 3 2 1 1 2 2 4 4 4 1 0 0 2 2 0 0 0 0 0 0 0 0 0 0 0 0
 2 2 2 2 2 1 1 1 1 1 3 2 2 1 3 3 3 3 3 3 3 2 0 0 1 1 2 2 2 1 2 2 2 2 1 0 0 0 2 2 0 0 0 0 0 0
 2 2 2 3 3 2 3 3 3 3 1 0 0 0 1 1 1 1 3 0 0 0 0 0 1 1 1 1 1 2 4 4 4 4 3 3 3 2 2 2 7 7 0 0 0 0
 2 2 2 3 3 2 3 3 3 3 1 0 0 0 1 1 1 1 3 0 0 0 0 0 1 1 1 1 1 2 4 4 4 4 3 3 3 2 2 2 7 7 0 0 0 0
 3 3 1 4 4 4 3 3 3 3 2 1 1 0 0 0 1 1 1 2 2 1 1 1 1 1 1 1 1 3 4 4 6 6 5 6 6 6 7 7 7 7 0 0 0 0
 3 3 1 4 4 4 3 3 3 3 2 1 1 0 0 0 1 1 1 2 2 1 1 1 1 1 1 1 1 3 4 4 6 6 5 6 6 6 7 7 7 7 0 0 0 0
 3 3 2 3 3 4 5 5 3 3 2 1 1 1 0 0 1 1 1 2 2 1 2 2 4 4 4 2 2 3 4 4 9 9 8 7 7 6 7 7 11 11 0 0 0 0
 1 1 2 4 4 4 6 6 7 7 9 6 6 5 4 4 6 6 5 2 2 0 1 1 1 1 2 1 1 1 2 2 3 3 2 9 9 9 11 11 11 11 1 2 2 2
 1 1 2 4 4 4 6 6 7 7 9 6 6 5 4 4 6 6 5 2 2 0 1 1 1 1 2 1 1 1 2 2 3 3 2 9 9 9 11 11 11 11 1 2 2 2
 3 3 5 5 5 4 5 5 7 7 11 14 14 9 7 7 7 7 5 3 3 0 0 0 0 0 0 0 0 0 1 1 2 2 2 2 2 1 3 3 3 3 3 3 3 3
 7 7 6 7 7 5 4 4 4 4 6 9 9 9 7 7 6 6 8 5 5 2 0 0 0 0 0 0 0 0 1 1 0 0 1 1 1 1 3 3 2 2 3 3 3 4
 7 7 6 7 7 5 4 4 4 4 6 9 9 9 7 7 6 6 8 5 5 2 0 0 0 0 0 0 0 0 1 1 0 0 1 1 1 1 3 3 2 2 3 3 3 4
 14 14 9 8 8 5 4 4 4 4 5 6 6 5 5 5 7 7 9 6 6 4 1 1 1 1 1 1 1 1 1 1 1 1 0 1 1 1 1 1 1 1 1 3 3 1
 14 14 9 8 8 5 4 4 4 4 5 6 6 5 5 5 7 7 9 6 6 4 1 1 1 1 1 1 1 1 1 1 1 1 0 1 1 1 1 1 1 1 1 3 3 1
 14 14 9 8 8 7 4 4 6 6 4 2 2 1 1 1 2 2 3 1 1 1 1 1 1 1 1 1 1 1 1 1 1 1 1 1 1 1 1 1 0 0 1 0 0 2
 20 20 12 11 11 10 8 8 8 8 6 5 5 4 2 2 3 3 4 1 1 2 1 1 1 1 1 1 1 1 1 1 1 1 1 1 1 0 0 0 0 0 0 0 0 0
 20 20 12 11 11 10 8 8 8 8 6 5 5 4 2 2 3 3 4 1 1 2 1 1 1 1 1 1 1 1 1 1 1 1 1 1 1 0 0 0 0 0 0 0 0 0
 16 16 11 11 11 9 14 14 16 16 9 10 10 12 10 10 4 4 2 1 1 1 1 1 1 1 2 1 1 1 1 1 0 0 0 0 0 0 0 0 0 0 0 0 0 0
 23 23 19 15 15 14 16 16 26 26 26 17 17 15 15 15 4 4 3 1 1 1 1 1 1 1 1 1 1 0 0 0 0 0 0 0 0 0 0 0 1 1 1 0 0 0
 23 23 19 15 15 14 16 16 26 26 26 17 17 15 15 15 4 4 3 1 1 1 1 1 1 1 1 1 1 0 0 0 0 0 0 0 0 0 0 0 1 1 1 0 0 0
 43 43 54 20 20 18 21 21 22 22 21 16 16 14 11 11 7 7 4 1 1 1 1 1 1 1 1 1 1 1 2 2 1 1 1 0 0 0 0 0 0 0 0 0 0 0
 43 43 54 20 20 18 21 21 22 22 21 16 16 14 11 11 7 7 4 1 1 1 1 1 1 1 1 1 1 1 2 2 1 1 1 0 0 0 0 0 0 0 0 0 0 0
 56 56 54 22 22 21 20 20 23 23 18 13 13 8 10 10 10 10 5 3 3 1 1 1 1 1 1 0 0 1 2 2 1 1 0 0 0 0 0 0 0 0 0 0 0 0
 39 39 49 34 34 19 26 26 22 22 16 11 11 7 8 8 7 7 5 3 3 3 1 1 1 1 0 0 0 1 0 0 0 0 0 0 0 0 0 0 0 0 0 0 0 0
 39 39 49 34 34 19 26 26 22 22 16 11 11 7 8 8 7 7 5 3 3 3 1 1 1 1 0 0 0 1 0 0 0 0 0 0 0 0 0 0 0 0 0 0 0 0
 27 27 34 35 35 39 14 14 12 12 9 9 9 9 6 6 6 6 4 4 4 2 1 1 1 1 0 0 0 1 0 0 0 0 0 0 0 0 0 0 0 0 0 0 0 0
 25 25 31 35 35 37 25 25 26 26 17 10 10 6 3 3 4 4 5 6 6 5 1 1 2 2 1 0 0 0 0 0 0 0 0 0 0 0 0 0 0 0 0 0 0 0
 25 25 31 35 35 37 25 25 26 26 17 10 10 6 3 3 4 4 5 6 6 5 1 1 2 2 1 0 0 0 0 0 0 0 0 0 0 0 0 0 0 0 0 0 0 0
 41 41 48 51 51 48 41 41 29 29 17 11 11 7 4 4 4 4 5 5 5 9 5 5 2 2 2 1 1 1 1 1 1 1 1 1 1 1 1 1 1 1 0 0 0 0
 41 41 48 51 51 48 41 41 29 29 17 11 11 7 4 4 4 4 5 5 5 9 5 5 2 2 2 1 1 1 1 1 1 1 1 1 1 1 1 1 1 1 0 0 0 0
 36 36 47 43 43 46 39 39 41 41 27 10 10 9 10 10 6 6 7 7 7 6 4 4 3 3 4 3 3 2 2 2 2 2 2 1 1 2 1 1 1 1 1 0 0 0
 46 46 49 50 50 58 53 53 28 28 15 11 11 11 9 9 8 8 8 8 8 4 3 3 3 3 7 5 5 3 2 2 2 2 2 2 2 2 1 1 1 1 1 0 0 0
 46 46 49 50 50 58 53 53 28 28 15 11 11 11 9 9 8 8 8 8 8 4 3 3 3 3 7 5 5 3 2 2 2 2 2 2 2 2 1 1 1 1 1 0 0 0
 21 21 22 30 30 40 56 56 37 37 20 13 13 15 17 17 13 13 15 13 13 10 8 8 4 4 5 5 5 5 2 2 2 2 2 2 2 1 1 1 1 1 0 0 0 0
 19 19 23 25 25 41 29 29 37 37 26 14 14 15 13 13 13 13 13 17 17 26 10 10 8 8 8 5 5 5 4 4 4 4 3 3 3 3 1 1 1 1 0 0 0 1
 19 19 23 25 25 41 29 29 37 37 26 14 14 15 13 13 13 13 13 17 17 26 10 10 8 8 8 5 5 5 4 4 4 4 3 3 3 3 1 1 1 1 0 0 0 1
 17 17 18 21 21 26 24 24 29 29 32 18 18 18 19 19 15 15 13 9 9 11 10 10 7 7 7 7 7 8 7 7 4 4 4 3 3 4 2 2 1 1 1 1 1 2
 17 17 18 21 21 26 24 24 29 29 32 18 18 18 19 19 15 15 13 9 9 11 10 10 7 7 7 7 7 8 7 7 4 4 4 3 3 4 2 2 1 1 1 1 1 2
 20 20 20 22 22 24 26 26 28 28 39 35 35 21 28 28 18 18 14 14 14 7 8 8 8 8 7 5 5 6 6 6 6 6 4 5 5 5 4 4 3 3 2 2 2 2
 18 18 19 29 29 30 32 32 41 41 46 47 47 38 28 28 18 18 14 14 14 11 9 9 5 5 3 4 4 5 10 10 12 12 6 5 5 4 3 3 3 3 3 2 2 2
 18 18 19 29 29 30 32 32 41 41 46 47 47 38 28 28 18 18 14 14 14 11 9 9 5 5 3 4 4 5 10 10 12 12 6 5 5 4 3 3 3 3 3 2 2 2
 19 19 21 27 27 28 46 46 53 53 60 72 72 57 41 41 24 24 13 9 9 7 9 9 8 8 6 2 2 3 6 6 12 12 5 3 3 4 2 2 3 3 2 1 1 1
 21 21 23 28 28 32 32 32 50 50 97 109 109 70 62 62 32 32 11 9 9 6 6 6 4 4 3 6 6 4 3 3 5 5 6 5 5 4 2 2 2 2 2 1 1 1
 21 21 23 28 28 32 32 32 50 50 97 109 109 70 62 62 32 32 11 9 9 6 6 6 4 4 3 6 6 4 3 3 5 5 6 5 5 4 2 2 2 2 2 1 1 1
 21 21 22 23 23 25 25 25 42 42 39 46 46 51 40 40 38 38 23 11 11 12 7 7 7 7 14 8 8 9 5 5 6 6 8 7 7 8 3 3 3 3 3 2 2 2
 21 21 22 23 23 25 25 25 42 42 39 46 46 51 40 40 38 38 23 11 11 12 7 7 7 7 14 8 8 9 5 5 6 6 8 7 7 8 3 3 3 3 3 2 2 2
 16 16 18 20 20 25 27 27 30 30 35 33 33 34 40 40 56 56 35 18 18 27 16 16 10 10 16 16 16 11 5 5 5 5 6 5 5 6 6 6 3 3 3 2 2 1
 12 12 16 17 17 26 31 31 28 28 32 38 38 33 34 34 50 50 69 67 67 26 21 21 16 16 19 23 23 18 6 6 5 5 3 6 6 9 2 2 3 3 2 2 2 2
 12 12 16 17 17 26 31 31 28 28 32 38 38 33 34 34 50 50 69 67 67 26 21 21 16 16 19 23 23 18 6 6 5 5 3 6 6 9 2 2 3 3 2 2 2 2
 11 11 13 15 15 21 26 26 29 29 34 35 35 39 49 49 61 61 30 68 68 30 26 26 16 16 23 23 23 14 9 9 4 4 4 7 7 13 3 3 3 3 3 2 2 3
 10 10 12 14 14 16 20 20 26 26 27 40 40 46 51 51 88 88 150 160 160 67 27 27 17 17 19 21 21 17 13 13 10 10 10 5 5 10 10 10 7 7 3 4 4 5
 10 10 12 14 14 16 20 20 26 26 27 40 40 46 51 51 88 88 150 160 160 67 27 27 17 17 19 21 21 17 13 13 10 10 10 5 5 10 10 10 7 7 3 4 4 5
 11 11 11 11 11 16 17 17 20 20 26 26 26 31 44 44 88 88 228 230 230 187 46 46 31 31 23 18 18 24 15 15 14 14 12 7 7 11 7 7 2 2 2 2 2 3
 11 11 11 11 11 16 17 17 20 20 26 26 26 31 44 44 88 88 228 230 230 187 46 46 31 31 23 18 18 24 15 15 14 14 12 7 7 11 7 7 2 2 2 2 2 3
 11 11 10 10 10 12 15 15 13 13 19 20 20 25 44 44 62 62 152 258 258 199 64 64 38 38 29 25 25 31 24 24 23 23 18 10 10 18 10 10 4 4 3 2 2 2
 10 10 11 10 10 10 12 12 7 7 15 15 15 18 28 28 47 47 126 158 158 192 61 61 47 47 38 43 43 44 40 40 33 33 28 17 17 17 12 12 8 8 4 4 4 4
 10 10 11 10 10 10 12 12 7 7 15 15 15 18 28 28 47 47 126 158 158 192 61 61 47 47 38 43 43 44 40 40 33 33 28 17 17 17 12 12 8 8 4 4 4 4
 9 9 11 11 11 10 9 9 9 9 8 8 8 11 27 27 49 49 64 132 132 137 182 182 79 79 50 46 46 39 41 41 36 36 30 25 25 17 15 15 14 14 8 7 7 7
 9 9 9 8 8 8 8 8 8 8 7 7 7 8 21 21 28 28 27 40 40 58 136 136 52 52 42 36 36 42 42 42 35 35 35 32 32 21 16 16 14 14 12 4 4 4
 9 9 9 8 8 8 8 8 8 8 7 7 7 8 21 21 28 28 27 40 40 58 136 136 52 52 42 36 36 42 42 42 35 35 35 32 32 21 16 16 14 14 12 4 4 4
 8 8 8 8 8 9 8 8 7 7 8 8 8 10 9 9 18 18 20 33 33 49 52 52 32 32 31 41 41 44 42 42 33 33 35 29 29 14 7 7 8 8 4 1 1 1
 8 8 8 8 8 9 8 8 7 7 8 8 8 10 9 9 18 18 20 33 33 49 52 52 32 32 31 41 41 44 42 42 33 33 35 29 29 14 7 7 8 8 4 1 1 1
 11 11 8 7 7 5 6 6 7 7 8 8 8 10 8 8 11 11 19 21 21 23 32 32 28 28 25 43 43 46 48 48 34 34 29 28 28 18 11 11 11 11 3 0 0 0
 13 13 9 8 8 5 6 6 6 6 7 8 8 9 8 8 10 10 11 23 23 25 36 36 33 33 30 31 31 29 35 35 34 34 25 32 32 23 15 15 12 12 3 1 1 1
 13 13 9 8 8 5 6 6 6 6 7 8 8 9 8 8 10 10 11 23 23 25 36 36 33 33 30 31 31 29 35 35 34 34 25 32 32 23 15 15 12 12 3 1 1 1
 12 12 12 9 9 8 7 7 8 8 8 7 7 9 8 8 11 11 11 15 15 22 20 20 19 19 18 28 28 27 37 37 31 31 34 30 30 26 19 19 11 11 8 2 2 2
 9 9 8 10 10 7 7 7 6 6 8 7 7 10 11 11 12 12 15 18 18 22 31 31 18 18 19 33 33 35 33 33 29 29 39 32 32 38 22 22 15 15 9 4 4 4
 9 9 8 10 10 7 7 7 6 6 8 7 7 10 11 11 12 12 15 18 18 22 31 31 18 18 19 33 33 35 33 33 29 29 39 32 32 38 22 22 15 15 9 4 4 4
 9 9 8 13 13 12 11 11 7 7 8 8 8 12 15 15 19 19 19 17 17 20 23 23 30 30 25 34 34 32 31 31 33 33 42 42 42 45 39 39 25 25 14 11 11 5
 9 9 8 13 13 12 11 11 7 7 8 8 8 12 15 15 19 19 19 17 17 20 23 23 30 30 25 34 34 32 31 31 33 33 42 42 42 45 39 39 25 25 14 11 11 5
 9 9 13 13 13 12 9 9 11 11 13 12 12 14 26 26 27 27 19 20 20 19 24 24 31 31 36 23 23 29 38 38 44 44 42 43 43 54 51 51 42 42 21 21 21 8
 9 9 13 12 12 12 10 10 12 12 11 12 12 14 20 20 23 23 17 18 18 22 24 24 29 29 29 19 19 23 49 49 51 51 61 76 76 58 56 56 52 52 35 25 25 12
 9 9 13 12 12 12 10 10 12 12 11 12 12 14 20 20 23 23 17 18 18 22 24 24 29 29 29 19 19 23 49 49 51 51 61 76 76 58 56 56 52 52 35 25 25 12
 10 10 13 14 14 13 12 12 12 12 12 11 11 11 12 12 14 14 15 15 15 20 19 19 23 23 67 67 67 78 82 82 64 64 72 104 104 80 61 61 63 63 36 35 35 13
 15 15 17 15 15 18 15 15 14 14 15 13 13 10 10 10 11 11 9 13 13 18 19 19 21 21 25 41 41 47 49 49 91 91 115 127 127 92 87 87 117 117 54 51 51 26
