assets/RAT_results_old/precipitation/2021-08-28_IMERG.asc
ncols        46
nrows        77
xllcorner    74.800261325624
yllcorner    8.058333333333
cellsize     0.062500000000
NODATA_value -9999
 29 29 28 23 23 25 25 25 32 32 18 23 23 32 27 27 21 21 19 16 16 9 4 4 3 3 2 1 1 1 1 1 1 1 2 2 2 2 2 2 7 7 7 8 8 6
 33 33 31 24 24 26 33 33 32 32 24 20 20 28 24 24 21 21 23 18 18 11 6 6 5 5 2 2 2 3 1 1 1 1 2 2 2 2 3 3 7 7 8 9 9 5
 33 33 31 24 24 26 33 33 32 32 24 20 20 28 24 24 21 21 23 18 18 11 6 6 5 5 2 2 2 3 1 1 1 1 2 2 2 2 3 3 7 7 8 9 9 5
 33 33 30 32 32 25 24 24 23 23 24 16 16 18 16 16 18 18 15 15 15 13 9 9 8 8 9 5 5 4 4 4 2 2 2 3 3 4 4 4 8 8 7 9 9 6
 40 40 26 25 25 22 25 25 21 21 25 14 14 17 14 14 15 15 13 7 7 10 7 7 6 6 5 10 10 6 6 6 6 6 3 3 3 3 4 4 4 4 3 4 4 6
 40 40 26 25 25 22 25 25 21 21 25 14 14 17 14 14 15 15 13 7 7 10 7 7 6 6 5 10 10 6 6 6 6 6 3 3 3 3 4 4 4 4 3 4 4 6
 23 23 28 22 22 29 24 24 29 29 30 21 21 15 11 11 14 14 11 9 9 6 7 7 5 5 6 7 7 11 4 4 7 7 7 3 3 3 3 3 3 3 2 4 4 4
 23 23 28 22 22 29 24 24 29 29 30 21 21 15 11 11 14 14 11 9 9 6 7 7 5 5 6 7 7 11 4 4 7 7 7 3 3 3 3 3 3 3 2 4 4 4
 40 40 41 36 36 39 38 38 30 30 26 24 24 22 12 12 12 12 14 11 11 6 4 4 2 2 1 2 2 2 4 4 6 6 8 6 6 5 4 4 4 4 5 1 1 1
 40 40 49 43 43 46 42 42 50 50 47 23 23 21 27 27 15 15 13 12 12 8 5 5 1 1 1 1 1 4 5 5 5 5 7 8 8 3 2 2 3 3 0 3 3 2
 40 40 49 43 43 46 42 42 50 50 47 23 23 21 27 27 15 15 13 12 12 8 5 5 1 1 1 1 1 4 5 5 5 5 7 8 8 3 2 2 3 3 0 3 3 2
 96 96 57 51 51 50 47 47 42 42 35 22 22 28 28 28 15 15 17 13 13 12 8 8 3 3 2 2 2 1 1 1 1 1 1 0 0 1 0 0 1 1 0 0 0 0
 97 97 54 57 57 57 57 57 50 50 38 35 35 31 42 42 28 28 15 12 12 11 7 7 4 4 4 2 2 1 0 0 0 0 0 0 0 0 1 1 2 2 1 2 2 2
 97 97 54 57 57 57 57 57 50 50 38 35 35 31 42 42 28 28 15 12 12 11 7 7 4 4 4 2 2 1 0 0 0 0 0 0 0 0 1 1 2 2 1 2 2 2
 44 44 48 44 44 50 51 51 44 44 41 55 55 45 40 40 25 25 25 14 14 13 9 9 9 9 4 3 3 1 0 0 0 0 0 1 1 1 5 5 6 6 4 2 2 2
 44 44 48 44 44 50 51 51 44 44 41 55 55 45 40 40 25 25 25 14 14 13 9 9 9 9 4 3 3 1 0 0 0 0 0 1 1 1 5 5 6 6 4 2 2 2
 28 28 30 32 32 38 31 31 40 40 30 35 35 40 29 29 26 26 23 13 13 13 9 9 8 8 6 2 2 0 0 0 0 0 1 1 1 2 8 8 6 6 4 2 2 2
 27 27 23 25 25 33 27 27 28 28 25 22 22 25 27 27 18 18 14 15 15 12 7 7 4 4 1 1 1 0 0 0 0 0 0 1 1 1 6 6 5 5 3 1 1 1
 27 27 23 25 25 33 27 27 28 28 25 22 22 25 27 27 18 18 14 15 15 12 7 7 4 4 1 1 1 0 0 0 0 0 0 1 1 1 6 6 5 5 3 1 1 1
 20 20 18 17 17 16 20 20 23 23 25 21 21 24 17 17 17 17 13 15 15 7 6 6 2 2 3 1 1 1 0 0 0 0 0 1 1 1 2 2 1 1 1 1 1 1
 16 16 14 12 12 13 12 12 16 16 18 16 16 18 12 12 14 14 11 12 12 16 10 10 7 7 4 2 2 3 2 2 2 2 1 1 1 1 1 1 1 1 1 1 1 0
 16 16 14 12 12 13 12 12 16 16 18 16 16 18 12 12 14 14 11 12 12 16 10 10 7 7 4 2 2 3 2 2 2 2 1 1 1 1 1 1 1 1 1 1 1 0
 19 19 14 23 23 18 9 9 13 13 10 15 15 17 14 14 19 19 21 17 17 20 20 20 17 17 9 7 7 10 10 10 10 10 8 4 4 3 3 3 1 1 1 1 1 1
 19 19 14 23 23 18 9 9 13 13 10 15 15 17 14 14 19 19 21 17 17 20 20 20 17 17 9 7 7 10 10 10 10 10 8 4 4 3 3 3 1 1 1 1 1 1
 31 31 28 26 26 24 17 17 10 10 14 14 14 20 26 26 33 33 29 27 27 32 22 22 23 23 15 13 13 15 16 16 17 17 12 6 6 4 4 4 4 4 3 2 2 2
 63 63 55 42 42 45 36 36 17 17 17 19 19 19 27 27 33 33 39 40 40 35 31 31 23 23 22 17 17 18 13 13 13 13 10 9 9 7 8 8 7 7 4 3 3 3
 63 63 55 42 42 45 36 36 17 17 17 19 19 19 27 27 33 33 39 40 40 35 31 31 23 23 22 17 17 18 13 13 13 13 10 9 9 7 8 8 7 7 4 3 3 3
 85 85 82 67 67 73 42 42 21 21 22 28 28 33 32 32 46 46 66 54 54 45 33 33 33 33 30 23 23 19 16 16 12 12 11 13 13 9 7 7 6 6 4 3 3 2
 65 65 80 67 67 56 52 52 31 31 28 31 31 40 37 37 52 52 69 64 64 62 56 56 44 44 37 27 27 25 18 18 15 15 13 15 15 12 10 10 8 8 4 3 3 3
 65 65 80 67 67 56 52 52 31 31 28 31 31 40 37 37 52 52 69 64 64 62 56 56 44 44 37 27 27 25 18 18 15 15 13 15 15 12 10 10 8 8 4 3 3 3
 51 51 64 64 64 56 46 46 40 40 38 46 46 46 55 55 66 66 72 71 71 60 62 62 39 39 34 27 27 25 19 19 23 23 14 13 13 8 11 11 9 9 5 6 6 4
 51 51 64 64 64 56 46 46 40 40 38 46 46 46 55 55 66 66 72 71 71 60 62 62 39 39 34 27 27 25 19 19 23 23 14 13 13 8 11 11 9 9 5 6 6 4
 52 52 65 66 66 63 67 67 69 69 51 54 54 51 46 46 56 56 63 64 64 73 63 63 46 46 35 24 24 15 10 10 15 15 15 5 5 6 7 7 6 6 6 6 6 2
 58 58 65 70 70 89 73 73 65 65 52 47 47 44 48 48 45 45 48 58 58 63 56 56 39 39 21 13 13 11 6 6 6 6 7 3 3 6 4 4 4 4 4 1 1 1
 58 58 65 70 70 89 73 73 65 65 52 47 47 44 48 48 45 45 48 58 58 63 56 56 39 39 21 13 13 11 6 6 6 6 7 3 3 6 4 4 4 4 4 1 1 1
 58 58 62 84 84 85 72 72 71 71 59 48 48 56 52 52 44 44 49 49 49 46 51 51 43 43 16 12 12 10 7 7 4 4 2 5 5 5 1 1 1 1 4 1 1 1
 63 63 62 78 78 82 71 71 74 74 60 58 58 65 67 67 47 47 42 43 43 46 43 43 22 22 13 17 17 23 7 7 6 6 1 2 2 5 1 1 1 1 6 1 1 0
 63 63 62 78 78 82 71 71 74 74 60 58 58 65 67 67 47 47 42 43 43 46 43 43 22 22 13 17 17 23 7 7 6 6 1 2 2 5 1 1 1 1 6 1 1 0
 63 63 67 70 70 77 66 66 76 76 73 66 66 67 55 55 55 55 42 37 37 45 35 35 28 28 24 21 21 22 10 10 9 9 9 9 9 6 4 4 1 1 3 3 3 2
 63 63 67 70 70 77 66 66 76 76 73 66 66 67 55 55 55 55 42 37 37 45 35 35 28 28 24 21 21 22 10 10 9 9 9 9 9 6 4 4 1 1 3 3 3 2
 50 50 48 59 59 67 58 58 70 70 66 65 65 54 51 51 53 53 57 39 39 45 30 30 43 43 37 24 24 30 8 8 12 12 11 18 18 15 7 7 6 6 3 4 4 3
 51 51 51 63 63 60 62 62 59 59 57 59 59 53 48 48 45 45 59 38 38 34 35 35 41 41 37 29 29 26 14 14 14 14 16 22 22 19 10 10 4 4 8 7 7 5
 51 51 51 63 63 60 62 62 59 59 57 59 59 53 48 48 45 45 59 38 38 34 35 35 41 41 37 29 29 26 14 14 14 14 16 22 22 19 10 10 4 4 8 7 7 5
 52 52 51 55 55 51 57 57 49 49 44 42 42 42 36 36 38 38 51 35 35 33 30 30 33 33 42 38 38 37 21 21 22 22 23 22 22 10 8 8 5 5 5 5 5 2
 40 40 47 47 47 43 41 41 37 37 40 38 38 37 31 31 31 31 32 22 22 23 31 31 30 30 38 34 34 39 32 32 23 23 28 19 19 8 5 5 7 7 6 5 5 5
 40 40 47 47 47 43 41 41 37 37 40 38 38 37 31 31 31 31 32 22 22 23 31 31 30 30 38 34 34 39 32 32 23 23 28 19 19 8 5 5 7 7 6 5 5 5
 35 35 44 45 45 34 39 39 33 33 30 28 28 31 24 24 24 24 27 26 26 22 21 21 24 24 16 18 18 37 31 31 22 22 21 17 17 11 6 6 3 3 5 3 3 2
 35 35 44 45 45 34 39 39 33 33 30 28 28 31 24 24 24 24 27 26 26 22 21 21 24 24 16 18 18 37 31 31 22 22 21 17 17 11 6 6 3 3 5 3 3 2
 28 28 31 38 38 30 31 31 34 34 25 23 23 21 21 21 20 20 23 26 26 22 21 21 18 18 19 18 18 38 30 30 22 22 16 8 8 6 3 3 2 2 3 3 3 2
 27 27 31 29 29 34 31 31 28 28 23 21 21 25 34 34 19 19 17 18 18 22 23 23 30 30 37 37 37 44 28 28 20 20 12 8 8 5 2 2 3 3 7 3 3 2
 27 27 31 29 29 34 31 31 28 28 23 21 21 25 34 34 19 19 17 18 18 22 23 23 30 30 37 37 37 44 28 28 20 20 12 8 8 5 2 2 3 3 7 3 3 2
 26 26 30 30 30 28 26 26 23 23 15 17 17 30 26 26 19 19 11 18 18 22 19 19 37 37 38 37 37 40 26 26 20 20 14 9 9 7 6 6 5 5 5 4 4 7
 24 24 27 27 27 33 30 30 21 21 15 18 18 20 10 10 11 11 11 12 12 17 16 16 30 30 36 37 37 43 40 40 28 28 15 11 11 6 4 4 5 5 7 11 11 8
 24 24 27 27 27 33 30 30 21 21 15 18 18 20 10 10 11 11 11 12 12 17 16 16 30 30 36 37 37 43 40 40 28 28 15 11 11 6 4 4 5 5 7 11 11 8
 17 17 26 28 28 32 25 25 25 25 18 19 19 13 13 13 11 11 12 14 14 17 17 17 26 26 32 32 32 26 26 26 22 22 16 15 15 11 5 5 5 5 7 10 10 9
 17 17 26 28 28 32 25 25 25 25 18 19 19 13 13 13 11 11 12 14 14 17 17 17 26 26 32 32 32 26 26 26 22 22 16 15 15 11 5 5 5 5 7 10 10 9
 13 13 12 19 19 22 28 28 29 29 28 25 25 19 21 21 16 16 12 9 9 13 20 20 26 26 28 32 32 28 25 25 26 26 15 12 12 6 8 8 10 10 6 12 12 12
 13 13 13 17 17 19 29 29 29 29 39 24 24 17 16 16 9 9 8 6 6 11 16 16 16 16 24 18 18 22 26 26 21 21 17 14 14 10 9 9 11 11 17 31 31 11
 13 13 13 17 17 19 29 29 29 29 39 24 24 17 16 16 9 9 8 6 6 11 16 16 16 16 24 18 18 22 26 26 21 21 17 14 14 10 9 9 11 11 17 31 31 11
 11 11 13 15 15 16 24 24 17 17 29 13 13 13 11 11 12 12 8 7 7 8 13 13 14 14 15 18 18 21 24 24 20 20 22 17 17 14 6 6 11 11 18 12 12 12
 11 11 14 15 15 18 18 18 20 20 19 11 11 14 20 20 14 14 11 10 10 12 12 12 14 14 18 20 20 29 33 33 35 35 30 26 26 9 7 7 11 11 9 9 9 9
 11 11 14 15 15 18 18 18 20 20 19 11 11 14 20 20 14 14 11 10 10 12 12 12 14 14 18 20 20 29 33 33 35 35 30 26 26 9 7 7 11 11 9 9 9 9
 14 14 15 11 11 17 17 17 17 17 20 17 17 15 16 16 12 12 12 12 12 16 20 20 21 21 29 31 31 33 40 40 41 41 35 14 14 18 11 11 7 7 9 13 13 9
 14 14 15 11 11 17 17 17 17 17 20 17 17 15 16 16 12 12 12 12 12 16 20 20 21 21 29 31 31 33 40 40 41 41 35 14 14 18 11 11 7 7 9 13 13 9
 18 18 17 12 12 15 16 16 22 22 19 18 18 15 12 12 12 12 11 16 16 15 15 15 16 16 24 32 32 34 44 44 34 34 38 33 33 15 11 11 15 15 14 9 9 9
 14 14 12 11 11 12 14 14 20 20 20 24 24 23 12 12 11 11 11 10 10 12 10 10 13 13 14 24 24 27 35 35 31 31 22 23 23 23 11 11 10 10 11 5 5 5
 14 14 12 11 11 12 14 14 20 20 20 24 24 23 12 12 11 11 11 10 10 12 10 10 13 13 14 24 24 27 35 35 31 31 22 23 23 23 11 11 10 10 11 5 5 5
 15 15 14 12 12 11 14 14 15 15 21 25 25 19 11 11 9 9 10 9 9 12 12 12 13 13 20 24 24 24 24 24 27 27 20 17 17 8 6 6 9 9 9 3 3 4
 14 14 14 12 12 12 14 14 16 16 20 17 17 15 8 8 5 5 8 8 8 12 15 15 20 20 20 27 27 32 27 27 23 23 18 15 15 9 6 6 8 8 9 4 4 4
 14 14 14 12 12 12 14 14 16 16 20 17 17 15 8 8 5 5 8 8 8 12 15 15 20 20 20 27 27 32 27 27 23 23 18 15 15 9 6 6 8 8 9 4 4 4
 11 11 12 15 15 14 13 13 15 15 15 16 16 13 7 7 8 8 6 7 7 10 21 21 26 26 20 27 27 22 23 23 24 24 20 15 15 9 6 6 7 7 7 8 8 12
 11 11 12 15 15 14 13 13 15 15 15 16 16 13 7 7 8 8 6 7 7 10 21 21 26 26 20 27 27 22 23 23 24 24 20 15 15 9 6 6 7 7 7 8 8 12
 9 9 11 12 12 13 14 14 15 15 13 14 14 9 6 6 6 6 7 7 7 9 19 19 21 21 14 19 19 17 13 13 16 16 15 12 12 12 14 14 3 3 5 7 7 17
 9 9 11 12 12 14 15 15 17 17 15 14 14 9 12 12 10 10 8 9 9 11 12 12 16 16 18 11 11 12 10 10 11 11 11 12 12 9 8 8 4 4 2 2 2 12
 9 9 11 12 12 14 15 15 17 17 15 14 14 9 12 12 10 10 8 9 9 11 12 12 16 16 18 11 11 12 10 10 11 11 11 12 12 9 8 8 4 4 2 2 2 12
 10 10 11 11 11 12 13 13 14 14 13 13 13 9 13 13 11 11 11 9 9 9 10 10 10 10 13 19 19 11 10 10 9 9 11 12 12 9 6 6 3 3 4 12 12 4
 8 8 9 9 9 10 11 11 12 12 14 10 10 8 11 11 10 10 16 16 16 8 10 10 7 7 9 12 12 14 10 10 9 9 11 9 9 9 4 4 6 6 8 5 5 5
