assets/RAT_results_old/precipitation/2021-10-31_IMERG.asc
ncols        46
nrows        77
xllcorner    74.800261325624
yllcorner    8.058333333333
cellsize     0.062500000000
NODATA_value -9999
 34 34 36 33 33 29 37 37 45 45 51 57 57 48 29 29 13 13 9 6 6 7 6 6 5 5 3 2 2 4 4 4 3 3 1 0 0 0 0 0 1 1 1 0 0 0
 34 34 36 35 35 26 44 44 65 65 63 62 62 50 32 32 12 12 8 7 7 7 4 4 2 2 3 4 4 1 1 1 3 3 1 0 0 0 0 0 0 0 0 0 0 0
 34 34 36 35 35 26 44 44 65 65 63 62 62 50 32 32 12 12 8 7 7 7 4 4 2 2 3 4 4 1 1 1 3 3 1 0 0 0 0 0 0 0 0 0 0 0
 24 24 23 24 24 31 48 48 68 68 89 69 69 55 34 34 11 11 8 6 6 6 7 7 7 7 8 2 2 2 2 2 1 1 0 0 0 0 1 1 0 0 0 0 0 0
 24 24 18 25 25 33 45 45 73 73 86 70 70 45 23 23 11 11 10 7 7 5 8 8 7 7 9 6 6 6 1 1 1 1 1 1 1 0 1 1 0 0 0 0 0 0
 24 24 18 25 25 33 45 45 73 73 86 70 70 45 23 23 11 11 10 7 7 5 8 8 7 7 9 6 6 6 1 1 1 1 1 1 1 0 1 1 0 0 0 0 0 0
 15 15 14 22 22 25 34 34 48 48 61 48 48 31 21 21 10 10 12 6 6 6 4 4 10 10 9 32 32 6 2 2 2 2 1 0 0 0 1 1 0 0 0 0 0 0
 15 15 14 22 22 25 34 34 48 48 61 48 48 31 21 21 10 10 12 6 6 6 4 4 10 10 9 32 32 6 2 2 2 2 1 0 0 0 1 1 0 0 0 0 0 0
 4 4 7 12 12 23 33 33 31 31 33 21 21 21 19 19 9 9 5 3 3 3 3 3 13 13 37 33 33 24 3 3 2 2 1 0 0 0 1 1 0 0 0 0 0 0
 2 2 5 8 8 11 19 19 11 11 21 13 13 10 3 3 3 3 2 2 2 2 3 3 12 12 12 16 16 9 9 9 3 3 2 0 0 0 2 2 2 2 0 0 0 0
 2 2 5 8 8 11 19 19 11 11 21 13 13 10 3 3 3 3 2 2 2 2 3 3 12 12 12 16 16 9 9 9 3 3 2 0 0 0 2 2 2 2 0 0 0 0
 1 1 1 5 5 15 17 17 11 11 7 4 4 4 1 1 1 1 2 3 3 3 4 4 12 12 13 16 16 10 9 9 3 3 2 2 2 2 2 2 4 4 1 1 1 0
 1 1 3 6 6 10 11 11 13 13 12 6 6 5 2 2 1 1 2 2 2 4 4 4 9 9 14 16 16 16 5 5 3 3 2 2 2 6 8 8 10 10 5 0 0 0
 1 1 3 6 6 10 11 11 13 13 12 6 6 5 2 2 1 1 2 2 2 4 4 4 9 9 14 16 16 16 5 5 3 3 2 2 2 6 8 8 10 10 5 0 0 0
 0 0 1 5 5 6 7 7 7 7 12 4 4 4 4 4 1 1 1 3 3 3 8 8 8 8 14 20 20 6 4 4 3 3 2 2 2 7 10 10 11 11 10 2 2 3
 0 0 1 5 5 6 7 7 7 7 12 4 4 4 4 4 1 1 1 3 3 3 8 8 8 8 14 20 20 6 4 4 3 3 2 2 2 7 10 10 11 11 10 2 2 3
 1 1 1 0 0 0 4 4 6 6 3 1 1 2 6 6 1 1 1 2 2 3 9 9 14 14 13 9 9 8 4 4 3 3 3 4 4 5 10 10 13 13 9 4 4 4
 4 4 3 1 1 1 7 7 6 6 6 2 2 7 10 10 7 7 11 4 4 6 10 10 11 11 12 17 17 8 5 5 4 4 3 4 4 3 13 13 16 16 18 14 14 8
 4 4 3 1 1 1 7 7 6 6 6 2 2 7 10 10 7 7 11 4 4 6 10 10 11 11 12 17 17 8 5 5 4 4 3 4 4 3 13 13 16 16 18 14 14 8
 9 9 9 4 4 2 7 7 4 4 7 6 6 6 7 7 8 8 12 5 5 4 7 7 11 11 15 16 16 8 6 6 5 5 5 4 4 4 12 12 17 17 19 23 23 16
 12 12 16 12 12 4 2 2 6 6 10 9 9 11 9 9 7 7 13 6 6 7 8 8 6 6 6 10 10 5 6 6 6 6 6 6 6 6 15 15 16 16 23 21 21 16
 12 12 16 12 12 4 2 2 6 6 10 9 9 11 9 9 7 7 13 6 6 7 8 8 6 6 6 10 10 5 6 6 6 6 6 6 6 6 15 15 16 16 23 21 21 16
 16 16 15 11 11 5 3 3 2 2 9 11 11 9 12 12 15 15 7 3 3 3 4 4 8 8 6 10 10 7 7 7 9 9 11 7 7 7 16 16 11 11 13 14 14 10
 16 16 15 11 11 5 3 3 2 2 9 11 11 9 12 12 15 15 7 3 3 3 4 4 8 8 6 10 10 7 7 7 9 9 11 7 7 7 16 16 11 11 13 14 14 10
 19 19 11 8 8 5 4 4 2 2 3 8 8 10 11 11 9 9 6 6 6 6 4 4 2 2 2 4 4 7 7 7 7 7 7 7 7 7 8 8 12 12 14 12 12 9
 12 12 9 8 8 6 8 8 6 6 2 11 11 9 13 13 10 10 10 7 7 4 6 6 3 3 3 3 3 5 5 5 6 6 6 7 7 8 10 10 10 10 10 11 11 11
 12 12 9 8 8 6 8 8 6 6 2 11 11 9 13 13 10 10 10 7 7 4 6 6 3 3 3 3 3 5 5 5 6 6 6 7 7 8 10 10 10 10 10 11 11 11
 25 25 16 12 12 32 13 13 10 10 5 18 18 18 11 11 7 7 14 8 8 4 7 7 7 7 2 6 6 5 5 5 7 7 8 9 9 10 11 11 12 12 10 11 11 11
 29 29 27 17 17 17 12 12 10 10 6 18 18 5 12 12 10 10 23 15 15 7 7 7 4 4 2 6 6 6 6 6 8 8 9 11 11 12 13 13 12 12 12 11 11 10
 29 29 27 17 17 17 12 12 10 10 6 18 18 5 12 12 10 10 23 15 15 7 7 7 4 4 2 6 6 6 6 6 8 8 9 11 11 12 13 13 12 12 12 11 11 10
 66 66 51 16 16 12 8 8 5 5 5 6 6 6 15 15 14 14 17 8 8 4 6 6 4 4 4 4 4 4 6 6 8 8 10 10 10 11 12 12 11 11 11 11 11 10
 66 66 51 16 16 12 8 8 5 5 5 6 6 6 15 15 14 14 17 8 8 4 6 6 4 4 4 4 4 4 6 6 8 8 10 10 10 11 12 12 11 11 11 11 11 10
 108 108 79 40 40 28 12 12 5 5 6 14 14 19 16 16 23 23 12 8 8 7 6 6 7 7 4 5 5 3 7 7 7 7 8 9 9 11 11 11 12 12 10 13 13 13
 177 177 217 240 240 37 14 14 6 6 9 18 18 24 23 23 33 33 16 11 11 6 7 7 6 6 6 4 4 3 4 4 8 8 8 8 8 7 12 12 12 12 8 9 9 9
 177 177 217 240 240 37 14 14 6 6 9 18 18 24 23 23 33 33 16 11 11 6 7 7 6 6 6 4 4 3 4 4 8 8 8 8 8 7 12 12 12 12 8 9 9 9
 167 167 203 218 218 69 66 66 31 31 14 25 25 18 20 20 44 44 21 19 19 6 4 4 3 3 5 6 6 7 7 7 7 7 9 8 8 9 10 10 12 12 10 10 10 13
 53 53 61 57 57 24 68 68 36 36 32 27 27 22 24 24 24 24 21 18 18 5 9 9 6 6 6 6 6 7 6 6 3 3 5 7 7 11 10 10 12 12 10 11 11 9
 53 53 61 57 57 24 68 68 36 36 32 27 27 22 24 24 24 24 21 18 18 5 9 9 6 6 6 6 6 7 6 6 3 3 5 7 7 11 10 10 12 12 10 11 11 9
 17 17 16 53 53 26 24 24 46 46 57 30 30 20 17 17 15 15 38 35 35 17 12 12 4 4 6 7 7 6 8 8 7 7 9 11 11 11 10 10 11 11 10 8 8 8
 17 17 16 53 53 26 24 24 46 46 57 30 30 20 17 17 15 15 38 35 35 17 12 12 4 4 6 7 7 6 8 8 7 7 9 11 11 11 10 10 11 11 10 8 8 8
 14 14 12 8 8 8 26 26 32 32 39 12 12 19 20 20 37 37 38 34 34 96 18 18 8 8 22 8 8 6 8 8 8 8 15 18 18 16 12 12 11 11 9 8 8 7
 10 10 9 8 8 9 17 17 17 17 25 9 9 18 34 34 37 37 125 120 120 100 34 34 36 36 15 13 13 31 33 33 12 12 13 19 19 14 16 16 11 11 11 11 11 10
 10 10 9 8 8 9 17 17 17 17 25 9 9 18 34 34 37 37 125 120 120 100 34 34 36 36 15 13 13 31 33 33 12 12 13 19 19 14 16 16 11 11 11 11 11 10
 9 9 8 9 9 10 24 24 15 15 14 6 6 17 32 32 35 35 125 180 180 44 16 16 22 22 16 18 18 36 29 29 14 14 15 16 16 24 14 14 12 12 12 13 13 8
 8 8 7 8 8 9 11 11 11 11 12 7 7 12 12 12 69 69 160 164 164 44 15 15 21 21 8 12 12 28 23 23 15 15 18 15 15 25 14 14 14 14 14 11 11 7
 8 8 7 8 8 9 11 11 11 11 12 7 7 12 12 12 69 69 160 164 164 44 15 15 21 21 8 12 12 28 23 23 15 15 18 15 15 25 14 14 14 14 14 11 11 7
 8 8 5 4 4 8 8 8 10 10 8 9 9 31 16 16 9 9 6 4 4 4 6 6 8 8 5 8 8 12 13 13 15 15 16 15 15 24 12 12 14 14 15 11 11 7
 8 8 5 4 4 8 8 8 10 10 8 9 9 31 16 16 9 9 6 4 4 4 6 6 8 8 5 8 8 12 13 13 15 15 16 15 15 24 12 12 14 14 15 11 11 7
 6 6 4 4 4 26 46 46 47 47 6 18 18 29 25 25 14 14 7 6 6 6 6 6 6 6 5 6 6 14 12 12 18 18 18 17 17 17 11 11 13 13 15 14 14 13
 4 4 3 2 2 2 3 3 48 48 10 16 16 24 21 21 13 13 5 6 6 6 7 7 5 5 6 8 8 9 25 25 26 26 11 11 11 13 11 11 10 10 16 18 18 19
 4 4 3 2 2 2 3 3 48 48 10 16 16 24 21 21 13 13 5 6 6 6 7 7 5 5 6 8 8 9 25 25 26 26 11 11 11 13 11 11 10 10 16 18 18 19
 3 3 2 2 2 3 3 3 5 5 9 13 13 15 10 10 9 9 5 5 5 4 15 15 4 4 6 6 6 8 18 18 18 18 10 9 9 9 11 11 19 19 18 21 21 27
 5 5 10 5 5 7 7 7 7 7 9 9 9 7 6 6 5 5 4 5 5 5 16 16 6 6 6 8 8 8 17 17 13 13 12 14 14 9 18 18 23 23 24 18 18 20
 5 5 10 5 5 7 7 7 7 7 9 9 9 7 6 6 5 5 4 5 5 5 16 16 6 6 6 8 8 8 17 17 13 13 12 14 14 9 18 18 23 23 24 18 18 20
 14 14 25 20 20 15 10 10 10 10 8 7 7 6 6 6 6 6 7 6 6 6 7 7 11 11 11 7 7 10 11 11 25 25 18 10 10 8 7 7 11 11 13 14 14 11
 14 14 25 20 20 15 10 10 10 10 8 7 7 6 6 6 6 6 7 6 6 6 7 7 11 11 11 7 7 10 11 11 25 25 18 10 10 8 7 7 11 11 13 14 14 11
 18 18 45 25 25 14 8 8 9 9 10 11 11 10 8 8 9 9 7 9 9 12 17 17 16 16 13 8 8 10 10 10 39 39 10 9 9 6 6 6 7 7 7 6 6 6
 15 15 40 28 28 12 7 7 8 8 11 10 10 10 12 12 12 12 10 13 13 22 23 23 20 20 14 11 11 29 56 56 20 20 12 6 6 5 4 4 22 22 8 5 5 4
 15 15 40 28 28 12 7 7 8 8 11 10 10 10 12 12 12 12 10 13 13 22 23 23 20 20 14 11 11 29 56 56 20 20 12 6 6 5 4 4 22 22 8 5 5 4
 9 9 23 22 22 11 9 9 9 9 10 13 13 25 26 26 26 26 20 20 20 30 29 29 25 25 15 16 16 33 75 75 10 10 10 3 3 4 3 3 25 25 17 10 10 3
 7 7 15 22 22 17 14 14 11 11 10 20 20 38 47 47 46 46 25 20 20 21 53 53 33 33 54 14 14 19 48 48 13 13 10 12 12 10 6 6 22 22 18 9 9 6
 7 7 15 22 22 17 14 14 11 11 10 20 20 38 47 47 46 46 25 20 20 21 53 53 33 33 54 14 14 19 48 48 13 13 10 12 12 10 6 6 22 22 18 9 9 6
 11 11 9 14 14 21 21 21 15 15 14 22 22 36 104 104 77 77 32 18 18 16 22 22 18 18 14 16 16 17 17 17 17 17 44 17 17 12 7 7 7 7 8 10 10 6
 11 11 9 14 14 21 21 21 15 15 14 22 22 36 104 104 77 77 32 18 18 16 22 22 18 18 14 16 16 17 17 17 17 17 44 17 17 12 7 7 7 7 8 10 10 6
 13 13 19 14 14 18 15 15 14 14 14 14 14 40 107 107 116 116 46 21 21 15 21 21 15 15 13 9 9 12 11 11 16 16 72 20 20 7 5 5 9 9 8 8 8 8
 19 19 17 16 16 16 15 15 16 16 20 13 13 23 74 74 100 100 56 14 14 14 18 18 17 17 8 4 4 6 7 7 13 13 17 13 13 6 6 6 8 8 5 6 6 6
 19 19 17 16 16 16 15 15 16 16 20 13 13 23 74 74 100 100 56 14 14 14 18 18 17 17 8 4 4 6 7 7 13 13 17 13 13 6 6 6 8 8 5 6 6 6
 22 22 27 19 19 19 26 26 17 17 23 14 14 12 30 30 25 25 16 23 23 11 12 12 10 10 6 2 2 2 6 6 9 9 6 9 9 8 6 6 8 8 4 5 5 10
 52 52 48 35 35 27 28 28 23 23 19 27 27 16 21 21 19 19 15 15 15 13 26 26 11 11 4 1 1 1 3 3 6 6 7 7 7 5 5 5 8 8 10 6 6 7
 52 52 48 35 35 27 28 28 23 23 19 27 27 16 21 21 19 19 15 15 15 13 26 26 11 11 4 1 1 1 3 3 6 6 7 7 7 5 5 5 8 8 10 6 6 7
 80 80 78 68 68 56 55 55 51 51 28 46 46 20 13 13 18 18 29 46 46 60 33 33 16 16 4 2 2 1 2 2 3 3 5 7 7 6 6 6 6 6 9 7 7 9
 80 80 78 68 68 56 55 55 51 51 28 46 46 20 13 13 18 18 29 46 46 60 33 33 16 16 4 2 2 1 2 2 3 3 5 7 7 6 6 6 6 6 9 7 7 9
 53 53 53 59 59 54 61 61 63 63 50 45 45 47 18 18 46 46 95 105 105 88 29 29 13 13 3 2 2 1 3 3 1 1 4 5 5 6 4 4 4 4 5 5 5 9
 53 53 56 54 54 64 74 74 70 70 55 48 48 52 26 26 33 33 154 144 144 60 32 32 11 11 8 7 7 3 2 2 1 1 2 7 7 10 11 11 8 8 6 9 9 13
 53 53 56 54 54 64 74 74 70 70 55 48 48 52 26 26 33 33 154 144 144 60 32 32 11 11 8 7 7 3 2 2 1 1 2 7 7 10 11 11 8 8 6 9 9 13
 69 69 63 58 58 64 66 66 67 67 61 55 55 30 54 54 29 29 61 62 62 26 17 17 12 12 10 8 8 14 113 113 8 8 4 10 10 12 13 13 21 21 15 12 12 14
 79 79 88 65 65 68 61 61 64 64 69 67 67 58 60 60 32 32 39 37 37 24 17 17 11 11 12 18 18 18 117 117 11 11 16 25 25 35 38 38 27 27 15 17 17 16
