assets/RAT_results_old/precipitation/2021-04-27_IMERG.asc
ncols        46
nrows        77
xllcorner    74.800261325624
yllcorner    8.058333333333
cellsize     0.062500000000
NODATA_value -9999
 0 0 0 0 0 0 0 0 0 0 1 1 1 0 0 0 0 0 1 1 1 0 0 0 0 0 0 0 0 0 0 0 0 0 0 0 0 0 0 0 0 0 0 0 0 0
 0 0 0 0 0 0 0 0 0 0 0 0 0 0 0 0 0 0 0 0 0 0 0 0 0 0 0 0 0 0 0 0 0 0 0 0 0 0 0 0 0 0 0 0 0 0
 0 0 0 0 0 0 0 0 0 0 0 0 0 0 0 0 0 0 0 0 0 0 0 0 0 0 0 0 0 0 0 0 0 0 0 0 0 0 0 0 0 0 0 0 0 0
 1 1 0 0 0 0 0 0 0 0 0 0 0 1 1 1 0 0 0 0 0 0 0 0 0 0 0 0 0 0 0 0 0 0 0 0 0 0 0 0 0 0 0 0 0 0
 2 2 1 1 1 0 1 1 0 0 0 0 0 1 1 1 0 0 0 0 0 0 0 0 0 0 0 0 0 0 0 0 0 0 0 0 0 0 0 0 0 0 0 0 0 0
 2 2 1 1 1 0 1 1 0 0 0 0 0 1 1 1 0 0 0 0 0 0 0 0 0 0 0 0 0 0 0 0 0 0 0 0 0 0 0 0 0 0 0 0 0 0
 8 8 4 2 2 2 1 1 1 1 0 0 0 0 2 2 2 2 1 0 0 0 0 0 0 0 0 0 0 1 0 0 0 0 0 0 0 0 0 0 0 0 0 0 0 0
 8 8 4 2 2 2 1 1 1 1 0 0 0 0 2 2 2 2 1 0 0 0 0 0 0 0 0 0 0 1 0 0 0 0 0 0 0 0 0 0 0 0 0 0 0 0
 9 9 20 2 2 3 1 1 0 0 0 0 0 1 1 1 6 6 1 0 0 0 0 0 0 0 0 0 0 0 0 0 0 0 0 0 0 0 0 0 0 0 0 0 0 0
 7 7 16 2 2 3 1 1 1 1 1 1 1 0 2 2 2 2 0 0 0 0 0 0 0 0 0 0 0 0 0 0 0 0 0 0 0 0 0 0 0 0 0 0 0 0
 7 7 16 2 2 3 1 1 1 1 1 1 1 0 2 2 2 2 0 0 0 0 0 0 0 0 0 0 0 0 0 0 0 0 0 0 0 0 0 0 0 0 0 0 0 0
 23 23 1 1 1 0 1 1 2 2 1 1 1 0 0 0 0 0 0 0 0 0 0 0 0 0 0 0 0 0 0 0 0 0 0 0 0 0 0 0 0 0 0 0 0 0
 1 1 1 7 7 24 16 16 17 17 1 0 0 0 0 0 0 0 0 0 0 0 0 0 0 0 0 1 1 1 1 1 0 0 0 0 0 0 0 0 0 0 0 0 0 0
 1 1 1 7 7 24 16 16 17 17 1 0 0 0 0 0 0 0 0 0 0 0 0 0 0 0 0 1 1 1 1 1 0 0 0 0 0 0 0 0 0 0 0 0 0 0
 1 1 0 0 0 4 25 25 19 19 0 0 0 0 0 0 0 0 0 0 0 0 0 0 0 0 1 1 1 1 1 1 0 0 0 0 0 0 0 0 0 0 0 0 0 0
 1 1 0 0 0 4 25 25 19 19 0 0 0 0 0 0 0 0 0 0 0 0 0 0 0 0 1 1 1 1 1 1 0 0 0 0 0 0 0 0 0 0 0 0 0 0
 1 1 0 0 0 0 0 0 1 1 1 1 1 0 0 0 0 0 0 0 0 0 0 0 1 1 2 2 2 1 1 1 0 0 0 0 0 0 0 0 0 0 0 0 0 0
 8 8 0 0 0 0 0 0 0 0 1 1 1 0 0 0 0 0 0 0 0 0 1 1 2 2 3 2 2 1 0 0 0 0 0 0 0 4 0 0 0 0 0 0 0 0
 8 8 0 0 0 0 0 0 0 0 1 1 1 0 0 0 0 0 0 0 0 0 1 1 2 2 3 2 2 1 0 0 0 0 0 0 0 4 0 0 0 0 0 0 0 0
 8 8 0 0 0 1 0 0 1 1 1 1 1 0 0 0 0 0 0 0 0 0 1 1 2 2 2 2 2 1 1 1 1 1 0 0 0 1 3 3 0 0 0 0 0 0
 1 1 0 0 0 0 0 0 1 1 1 9 9 10 6 6 0 0 0 0 0 0 0 0 1 1 1 1 1 2 2 2 1 1 1 1 1 1 0 0 0 0 0 0 0 0
 1 1 0 0 0 0 0 0 1 1 1 9 9 10 6 6 0 0 0 0 0 0 0 0 1 1 1 1 1 2 2 2 1 1 1 1 1 1 0 0 0 0 0 0 0 0
 1 1 1 1 1 0 0 0 8 8 8 5 5 23 1 1 1 1 0 0 0 0 0 0 2 2 3 4 4 4 3 3 2 2 3 1 1 0 2 2 0 0 0 0 0 0
 1 1 1 1 1 0 0 0 8 8 8 5 5 23 1 1 1 1 0 0 0 0 0 0 2 2 3 4 4 4 3 3 2 2 3 1 1 0 2 2 0 0 0 0 0 0
 8 8 7 0 0 0 2 2 16 16 8 7 7 7 14 14 4 4 0 0 0 0 0 0 1 1 10 12 12 5 5 5 1 1 1 5 5 1 1 1 0 0 0 0 0 0
 5 5 11 3 3 1 26 26 6 6 3 3 3 7 9 9 13 13 0 0 0 5 5 5 5 5 10 13 13 5 3 3 2 2 1 2 2 0 0 0 0 0 0 0 0 0
 5 5 11 3 3 1 26 26 6 6 3 3 3 7 9 9 13 13 0 0 0 5 5 5 5 5 10 13 13 5 3 3 2 2 1 2 2 0 0 0 0 0 0 0 0 0
 3 3 4 3 3 1 2 2 5 5 5 4 4 6 6 6 14 14 1 0 0 0 12 12 13 13 12 13 13 3 3 3 2 2 0 0 0 0 0 0 0 0 0 0 0 0
 17 17 11 1 1 1 0 0 1 1 4 2 2 3 3 3 2 2 2 0 0 0 13 13 13 13 10 16 16 17 8 8 8 8 0 0 0 0 0 0 0 0 0 0 0 0
 17 17 11 1 1 1 0 0 1 1 4 2 2 3 3 3 2 2 2 0 0 0 13 13 13 13 10 16 16 17 8 8 8 8 0 0 0 0 0 0 0 0 0 0 0 0
 5 5 4 2 2 1 0 0 0 0 0 0 0 0 4 4 3 3 2 0 0 0 2 2 2 2 2 16 16 16 8 8 8 8 0 0 0 1 0 0 0 0 0 0 0 0
 5 5 4 2 2 1 0 0 0 0 0 0 0 0 4 4 3 3 2 0 0 0 2 2 2 2 2 16 16 16 8 8 8 8 0 0 0 1 0 0 0 0 0 0 0 0
 4 4 3 2 2 2 3 3 2 2 1 0 0 0 0 0 3 3 2 0 0 0 2 2 2 2 0 2 2 3 1 1 1 1 1 1 1 2 1 1 0 0 0 0 0 0
 14 14 15 10 10 6 5 5 6 6 8 2 2 2 0 0 1 1 1 1 1 0 0 0 0 0 0 2 2 3 1 1 2 2 2 3 3 2 0 0 2 2 0 0 0 0
 14 14 15 10 10 6 5 5 6 6 8 2 2 2 0 0 1 1 1 1 1 0 0 0 0 0 0 2 2 3 1 1 2 2 2 3 3 2 0 0 2 2 0 0 0 0
 26 26 17 16 16 21 15 15 10 10 8 1 1 2 1 1 0 0 1 1 1 1 1 1 0 0 0 0 0 0 2 2 3 3 3 5 5 3 2 2 2 2 0 0 0 0
 32 32 29 30 30 25 13 13 9 9 8 1 1 1 1 1 1 1 1 2 2 2 1 1 1 1 0 1 1 4 4 4 10 10 17 15 15 4 4 4 3 3 0 0 0 0
 32 32 29 30 30 25 13 13 9 9 8 1 1 1 1 1 1 1 1 2 2 2 1 1 1 1 0 1 1 4 4 4 10 10 17 15 15 4 4 4 3 3 0 0 0 0
 38 38 33 33 33 26 16 16 12 12 11 0 0 2 2 2 2 2 1 6 6 5 2 2 1 1 0 1 1 5 6 6 14 14 28 10 10 14 5 5 5 5 1 1 1 1
 38 38 33 33 33 26 16 16 12 12 11 0 0 2 2 2 2 2 1 6 6 5 2 2 1 1 0 1 1 5 6 6 14 14 28 10 10 14 5 5 5 5 1 1 1 1
 44 44 37 22 22 21 18 18 15 15 10 2 2 1 2 2 8 8 8 9 9 6 1 1 0 0 1 9 9 6 8 8 22 22 19 20 20 11 8 8 6 6 5 4 4 1
 37 37 40 18 18 23 19 19 17 17 7 5 5 2 3 3 4 4 10 8 8 5 1 1 1 1 4 5 5 9 9 9 15 15 43 28 28 13 12 12 7 7 7 5 5 4
 37 37 40 18 18 23 19 19 17 17 7 5 5 2 3 3 4 4 10 8 8 5 1 1 1 1 4 5 5 9 9 9 15 15 43 28 28 13 12 12 7 7 7 5 5 4
 21 21 38 20 20 21 21 21 19 19 13 11 11 9 9 9 7 7 10 5 5 3 1 1 1 1 1 2 2 1 13 13 13 13 27 44 44 44 14 14 20 20 6 3 3 1
 25 25 28 17 17 19 19 19 18 18 13 11 11 6 7 7 7 7 7 3 3 3 1 1 0 0 1 1 1 1 8 8 21 21 45 44 44 43 14 14 23 23 7 5 5 2
 25 25 28 17 17 19 19 19 18 18 13 11 11 6 7 7 7 7 7 3 3 3 1 1 0 0 1 1 1 1 8 8 21 21 45 44 44 43 14 14 23 23 7 5 5 2
 20 20 28 14 14 16 18 18 13 13 13 5 5 6 11 11 7 7 2 2 2 1 0 0 1 1 1 1 1 2 7 7 17 17 49 48 48 30 23 23 22 22 6 6 6 3
 20 20 28 14 14 16 18 18 13 13 13 5 5 6 11 11 7 7 2 2 2 1 0 0 1 1 1 1 1 2 7 7 17 17 49 48 48 30 23 23 22 22 6 6 6 3
 13 13 18 16 16 17 20 20 11 11 11 8 8 6 7 7 4 4 0 0 0 0 0 0 0 0 1 1 1 3 10 10 44 44 42 27 27 28 23 23 19 19 6 6 6 2
 5 5 16 17 17 24 19 19 9 9 10 7 7 7 1 1 0 0 0 0 0 0 0 0 0 0 1 2 2 3 13 13 14 14 10 20 20 29 23 23 19 19 8 4 4 3
 5 5 16 17 17 24 19 19 9 9 10 7 7 7 1 1 0 0 0 0 0 0 0 0 0 0 1 2 2 3 13 13 14 14 10 20 20 29 23 23 19 19 8 4 4 3
 4 4 13 17 17 24 26 26 8 8 2 3 3 3 1 1 0 0 0 0 0 0 0 0 0 0 1 2 2 3 9 9 8 8 14 12 12 17 17 17 19 19 7 5 5 3
 1 1 2 3 3 4 22 22 4 4 1 2 2 0 0 0 0 0 0 0 0 0 0 0 1 1 1 2 2 4 8 8 10 10 14 17 17 17 23 23 16 16 11 4 4 2
 1 1 2 3 3 4 22 22 4 4 1 2 2 0 0 0 0 0 0 0 0 0 0 0 1 1 1 2 2 4 8 8 10 10 14 17 17 17 23 23 16 16 11 4 4 2
 1 1 1 2 2 3 0 0 1 1 0 1 1 0 0 0 0 0 0 0 0 0 0 0 0 0 1 2 2 3 7 7 10 10 18 15 15 18 24 24 17 17 15 3 3 2
 1 1 1 2 2 3 0 0 1 1 0 1 1 0 0 0 0 0 0 0 0 0 0 0 0 0 1 2 2 3 7 7 10 10 18 15 15 18 24 24 17 17 15 3 3 2
 0 0 1 0 0 1 0 0 0 0 0 0 0 0 0 0 0 0 0 0 0 0 0 0 1 1 1 2 2 4 8 8 10 10 11 23 23 30 22 22 13 13 4 1 1 1
 0 0 0 0 0 0 0 0 0 0 0 0 0 0 0 0 0 0 0 2 2 0 0 0 0 0 1 2 2 4 7 7 10 10 17 20 20 25 20 20 15 15 5 2 2 1
 0 0 0 0 0 0 0 0 0 0 0 0 0 0 0 0 0 0 0 2 2 0 0 0 0 0 1 2 2 4 7 7 10 10 17 20 20 25 20 20 15 15 5 2 2 1
 0 0 0 0 0 0 1 1 1 1 0 0 0 0 0 0 0 0 0 1 1 2 0 0 1 1 2 2 2 4 9 9 12 12 14 19 19 20 18 18 9 9 5 4 4 4
 0 0 0 1 1 1 1 1 1 1 0 0 0 0 0 0 0 0 0 0 0 2 1 1 0 0 0 2 2 3 7 7 19 19 16 17 17 15 6 6 4 4 4 5 5 3
 0 0 0 1 1 1 1 1 1 1 0 0 0 0 0 0 0 0 0 0 0 2 1 1 0 0 0 2 2 3 7 7 19 19 16 17 17 15 6 6 4 4 4 5 5 3
 0 0 0 1 1 1 1 1 1 1 0 0 0 0 0 0 0 0 0 0 0 1 0 0 0 0 0 1 1 2 7 7 17 17 16 9 9 11 1 1 1 1 4 3 3 1
 0 0 0 1 1 1 1 1 1 1 0 0 0 0 0 0 0 0 0 0 0 1 0 0 0 0 0 1 1 2 7 7 17 17 16 9 9 11 1 1 1 1 4 3 3 1
 2 2 7 7 7 9 9 9 1 1 2 1 1 0 0 0 0 0 0 0 0 5 1 1 0 0 0 0 0 2 4 4 7 7 11 9 9 2 1 1 1 1 1 2 2 1
 9 9 7 7 7 9 11 11 11 11 3 7 7 2 1 1 1 1 1 0 0 1 0 0 0 0 0 0 0 2 3 3 5 5 7 7 7 4 4 4 6 6 1 0 0 0
 9 9 7 7 7 9 11 11 11 11 3 7 7 2 1 1 1 1 1 0 0 1 0 0 0 0 0 0 0 2 3 3 5 5 7 7 7 4 4 4 6 6 1 0 0 0
 0 0 11 11 11 11 11 11 11 11 2 5 5 1 0 0 1 1 1 0 0 0 0 0 0 0 0 0 0 0 2 2 3 3 6 6 6 6 7 7 13 13 1 0 0 0
 0 0 10 3 3 4 1 1 1 1 1 1 1 0 0 0 0 0 0 0 0 0 0 0 0 0 0 0 0 0 0 0 2 2 2 4 4 6 5 5 13 13 5 1 1 0
 0 0 10 3 3 4 1 1 1 1 1 1 1 0 0 0 0 0 0 0 0 0 0 0 0 0 0 0 0 0 0 0 2 2 2 4 4 6 5 5 13 13 5 1 1 0
 0 0 3 4 4 5 2 2 1 1 1 0 0 2 2 2 0 0 0 0 0 0 0 0 0 0 0 0 0 0 0 0 0 0 1 3 3 3 3 3 2 2 1 0 0 0
 0 0 3 4 4 5 2 2 1 1 1 0 0 2 2 2 0 0 0 0 0 0 0 0 0 0 0 0 0 0 0 0 0 0 1 3 3 3 3 3 2 2 1 0 0 0
 0 0 0 0 0 1 3 3 1 1 0 0 0 0 2 2 0 0 0 0 0 0 1 1 0 0 0 1 1 0 0 0 0 0 1 1 1 1 1 1 1 1 1 0 0 0
 0 0 0 0 0 1 2 2 0 0 0 0 0 0 1 1 0 0 0 0 0 0 1 1 0 0 0 0 0 0 0 0 0 0 0 0 0 1 2 2 1 1 1 1 1 0
 0 0 0 0 0 1 2 2 0 0 0 0 0 0 1 1 0 0 0 0 0 0 1 1 0 0 0 0 0 0 0 0 0 0 0 0 0 1 2 2 1 1 1 1 1 0
 0 0 0 1 1 3 3 3 1 1 0 0 0 0 1 1 0 0 1 1 1 0 0 0 0 0 0 0 0 0 0 0 0 0 0 0 0 0 1 1 1 1 1 1 1 1
 0 0 0 1 1 2 1 1 0 0 0 0 0 0 1 1 0 0 0 0 0 0 0 0 0 0 0 0 0 0 0 0 0 0 0 0 0 0 0 0 1 1 1 0 0 0
