assets/RAT_results_old/precipitation/2021-11-25_IMERG.asc
ncols        46
nrows        77
xllcorner    74.800261325624
yllcorner    8.058333333333
cellsize     0.062500000000
NODATA_value -9999
 1 1 1 2 2 2 2 2 2 2 2 1 1 1 0 0 0 0 0 0 0 0 0 0 0 0 1 0 0 0 0 0 1 1 1 0 0 0 0 0 0 0 0 0 0 0
 1 1 2 2 2 2 2 2 3 3 1 1 1 0 0 0 0 0 0 0 0 0 0 0 0 0 0 0 0 0 0 0 0 0 0 0 0 0 0 0 0 0 0 0 0 0
 1 1 2 2 2 2 2 2 3 3 1 1 1 0 0 0 0 0 0 0 0 0 0 0 0 0 0 0 0 0 0 0 0 0 0 0 0 0 0 0 0 0 0 0 0 0
 2 2 2 2 2 1 2 2 2 2 1 0 0 0 0 0 0 0 0 0 0 0 0 0 0 0 0 0 0 0 0 0 0 0 0 0 0 0 0 0 0 0 0 0 0 0
 1 1 1 2 2 2 2 2 1 1 0 0 0 0 0 0 0 0 0 0 0 0 0 0 0 0 0 0 0 0 0 0 0 0 0 0 0 0 0 0 0 0 0 0 0 0
 1 1 1 2 2 2 2 2 1 1 0 0 0 0 0 0 0 0 0 0 0 0 0 0 0 0 0 0 0 0 0 0 0 0 0 0 0 0 0 0 0 0 0 0 0 0
 1 1 0 1 1 1 2 2 2 2 1 0 0 0 0 0 0 0 0 0 0 0 0 0 0 0 0 0 0 0 0 0 0 0 0 0 0 0 0 0 0 0 1 1 1 0
 1 1 0 1 1 1 2 2 2 2 1 0 0 0 0 0 0 0 0 0 0 0 0 0 0 0 0 0 0 0 0 0 0 0 0 0 0 0 0 0 0 0 1 1 1 0
 1 1 1 2 2 2 2 2 2 2 1 1 1 1 0 0 0 0 0 0 0 0 0 0 0 0 0 0 0 0 0 0 0 0 1 0 0 0 0 0 0 0 1 1 1 1
 0 0 1 2 2 3 2 2 2 2 2 2 2 1 0 0 0 0 0 0 0 0 1 1 1 1 2 1 1 0 0 0 0 0 1 1 1 1 1 1 1 1 1 1 1 1
 0 0 1 2 2 3 2 2 2 2 2 2 2 1 0 0 0 0 0 0 0 0 1 1 1 1 2 1 1 0 0 0 0 0 1 1 1 1 1 1 1 1 1 1 1 1
 1 1 2 2 2 4 3 3 2 2 2 1 1 1 0 0 0 0 1 2 2 2 1 1 2 2 2 2 2 2 2 2 1 1 3 4 4 1 1 1 1 1 1 1 1 2
 1 1 2 2 2 5 3 3 4 4 2 1 1 1 1 1 1 1 1 2 2 2 3 3 3 3 5 5 5 4 1 1 1 1 3 3 3 1 1 1 2 2 2 2 2 2
 1 1 2 2 2 5 3 3 4 4 2 1 1 1 1 1 1 1 1 2 2 2 3 3 3 3 5 5 5 4 1 1 1 1 3 3 3 1 1 1 2 2 2 2 2 2
 2 2 2 2 2 3 5 5 4 4 5 2 2 3 4 4 3 3 3 5 5 5 5 5 4 4 5 5 5 5 4 4 3 3 3 2 2 2 2 2 2 2 2 3 3 6
 2 2 2 2 2 3 5 5 4 4 5 2 2 3 4 4 3 3 3 5 5 5 5 5 4 4 5 5 5 5 4 4 3 3 3 2 2 2 2 2 2 2 2 3 3 6
 1 1 1 1 1 4 4 4 7 7 7 6 6 5 4 4 5 5 6 6 6 6 6 6 6 6 6 6 6 6 6 6 5 5 5 3 3 2 3 3 3 3 3 3 3 4
 2 2 2 3 3 4 4 4 5 5 7 6 6 6 5 5 7 7 8 8 8 8 8 8 8 8 8 7 7 7 6 6 6 6 6 4 4 4 4 4 4 4 3 4 4 4
 2 2 2 3 3 4 4 4 5 5 7 6 6 6 5 5 7 7 8 8 8 8 8 8 8 8 8 7 7 7 6 6 6 6 6 4 4 4 4 4 4 4 3 4 4 4
 2 2 2 3 3 3 3 3 6 6 6 8 8 7 8 8 7 7 7 8 8 8 8 8 7 7 8 8 8 9 8 8 9 9 9 8 8 9 5 5 5 5 4 7 7 7
 2 2 2 5 5 5 5 5 7 7 7 9 9 8 7 7 7 7 6 9 9 9 9 9 8 8 10 9 9 8 8 8 9 9 10 9 9 9 5 5 6 6 6 8 8 9
 2 2 2 5 5 5 5 5 7 7 7 9 9 8 7 7 7 7 6 9 9 9 9 9 8 8 10 9 9 8 8 8 9 9 10 9 9 9 5 5 6 6 6 8 8 9
 3 3 3 4 4 5 5 5 8 8 8 7 7 10 8 8 6 6 7 9 9 11 11 11 12 12 23 11 11 19 10 10 9 9 8 8 8 4 5 5 7 7 9 11 11 12
 3 3 3 4 4 5 5 5 8 8 8 7 7 10 8 8 6 6 7 9 9 11 11 11 12 12 23 11 11 19 10 10 9 9 8 8 8 4 5 5 7 7 9 11 11 12
 3 3 3 4 4 4 5 5 6 6 7 7 7 10 11 11 9 9 7 9 9 10 14 14 25 25 22 18 18 18 7 7 8 8 6 6 6 5 7 7 7 7 11 12 12 18
 3 3 3 3 3 3 4 4 3 3 5 5 5 7 10 10 11 11 10 15 15 19 20 20 24 24 22 24 24 25 11 11 11 11 7 7 7 5 9 9 9 9 15 16 16 20
 3 3 3 3 3 3 4 4 3 3 5 5 5 7 10 10 11 11 10 15 15 19 20 20 24 24 22 24 24 25 11 11 11 11 7 7 7 5 9 9 9 9 15 16 16 20
 3 3 2 3 3 3 3 3 3 3 4 4 4 5 10 10 11 11 9 13 13 19 24 24 27 27 43 25 25 26 11 11 12 12 11 10 10 9 9 9 10 10 14 21 21 27
 3 3 2 2 2 3 3 3 3 3 3 3 3 5 11 11 13 13 12 12 12 19 25 25 25 25 28 19 19 19 12 12 14 14 15 18 18 15 16 16 15 15 18 25 25 32
 3 3 2 2 2 3 3 3 3 3 3 3 3 5 11 11 13 13 12 12 12 19 25 25 25 25 28 19 19 19 12 12 14 14 15 18 18 15 16 16 15 15 18 25 25 32
 5 5 3 3 3 3 3 3 5 5 6 6 6 6 8 8 13 13 13 16 16 20 29 29 29 29 29 23 23 22 26 26 25 25 24 28 28 22 18 18 31 31 23 28 28 29
 5 5 3 3 3 3 3 3 5 5 6 6 6 6 8 8 13 13 13 16 16 20 29 29 29 29 29 23 23 22 26 26 25 25 24 28 28 22 18 18 31 31 23 28 28 29
 5 5 4 4 4 3 3 3 5 5 6 9 9 10 11 11 16 16 15 17 17 20 29 29 28 28 25 23 23 23 28 28 24 24 30 32 32 31 36 36 33 33 27 60 60 42
 3 3 3 3 3 4 5 5 5 5 6 8 8 9 12 12 15 15 16 20 20 23 23 23 31 31 31 23 23 29 33 33 32 32 31 32 32 28 53 53 53 53 64 65 65 51
 3 3 3 3 3 4 5 5 5 5 6 8 8 9 12 12 15 15 16 20 20 23 23 23 31 31 31 23 23 29 33 33 32 32 31 32 32 28 53 53 53 53 64 65 65 51
 3 3 4 4 4 4 5 5 5 5 7 10 10 10 11 11 14 14 16 16 16 18 18 18 25 25 26 28 28 27 35 35 34 34 37 39 39 42 56 56 56 56 58 54 54 46
 3 3 3 4 4 4 6 6 7 7 7 10 10 10 11 11 14 14 14 18 18 19 23 23 21 21 22 26 26 29 34 34 35 35 35 45 45 46 86 86 96 96 74 73 73 52
 3 3 3 4 4 4 6 6 7 7 7 10 10 10 11 11 14 14 14 18 18 19 23 23 21 21 22 26 26 29 34 34 35 35 35 45 45 46 86 86 96 96 74 73 73 52
 3 3 4 4 4 4 7 7 7 7 7 10 10 10 11 11 13 13 15 20 20 20 22 22 23 23 23 28 28 27 33 33 33 33 36 43 43 61 43 43 69 69 76 77 77 52
 3 3 4 4 4 4 7 7 7 7 7 10 10 10 11 11 13 13 15 20 20 20 22 22 23 23 23 28 28 27 33 33 33 33 36 43 43 61 43 43 69 69 76 77 77 52
 4 4 6 2 2 3 6 6 8 8 7 8 8 11 11 11 12 12 15 20 20 22 23 23 23 23 23 23 23 26 34 34 34 34 37 37 37 42 60 60 70 70 77 76 76 58
 6 6 11 4 4 2 5 5 7 7 7 8 8 12 14 14 12 12 15 17 17 25 26 26 25 25 24 24 24 24 26 26 29 29 38 38 38 39 59 59 64 64 66 59 59 58
 6 6 11 4 4 2 5 5 7 7 7 8 8 12 14 14 12 12 15 17 17 25 26 26 25 25 24 24 24 24 26 26 29 29 38 38 38 39 59 59 64 64 66 59 59 58
 16 16 16 3 3 3 4 4 6 6 7 8 8 13 13 13 13 13 15 18 18 22 26 26 27 27 26 27 27 26 30 30 28 28 36 35 35 40 47 47 46 46 51 41 41 80
 15 15 16 7 7 7 7 7 5 5 7 11 11 12 17 17 13 13 13 21 21 22 30 30 33 33 31 32 32 32 34 34 33 33 41 42 42 37 51 51 61 61 58 46 46 51
 15 15 16 7 7 7 7 7 5 5 7 11 11 12 17 17 13 13 13 21 21 22 30 30 33 33 31 32 32 32 34 34 33 33 41 42 42 37 51 51 61 61 58 46 46 51
 17 17 17 14 14 8 8 8 6 6 8 8 8 14 14 14 13 13 13 20 20 27 30 30 34 34 35 36 36 31 35 35 27 27 41 49 49 46 52 52 108 108 68 45 45 52
 17 17 17 14 14 8 8 8 6 6 8 8 8 14 14 14 13 13 13 20 20 27 30 30 34 34 35 36 36 31 35 35 27 27 41 49 49 46 52 52 108 108 68 45 45 52
 18 18 17 18 18 9 10 10 11 11 10 10 10 12 16 16 17 17 18 20 20 26 33 33 31 31 27 32 32 43 44 44 36 36 38 45 45 41 121 121 104 104 58 29 29 43
 20 20 21 22 22 10 11 11 12 12 11 13 13 15 17 17 20 20 17 19 19 25 33 33 34 34 30 32 32 39 72 72 41 41 41 77 77 42 117 117 66 66 35 28 28 28
 20 20 21 22 22 10 11 11 12 12 11 13 13 15 17 17 20 20 17 19 19 25 33 33 34 34 30 32 32 39 72 72 41 41 41 77 77 42 117 117 66 66 35 28 28 28
 22 22 22 22 22 10 12 12 12 12 13 15 15 18 20 20 26 26 17 18 18 27 32 32 30 30 34 35 35 51 53 53 41 41 38 54 54 46 45 45 51 51 53 29 29 31
 17 17 19 33 33 28 14 14 14 14 15 18 18 17 22 22 28 28 24 21 21 29 40 40 33 33 33 35 35 46 55 55 44 44 40 50 50 67 75 75 73 73 53 46 46 37
 17 17 19 33 33 28 14 14 14 14 15 18 18 17 22 22 28 28 24 21 21 29 40 40 33 33 33 35 35 46 55 55 44 44 40 50 50 67 75 75 73 73 53 46 46 37
 26 26 37 39 39 40 15 15 16 16 16 15 15 17 20 20 27 27 26 27 27 33 44 44 36 36 32 42 42 61 49 49 51 51 52 45 45 43 51 51 48 48 42 58 58 73
 26 26 37 39 39 40 15 15 16 16 16 15 15 17 20 20 27 27 26 27 27 33 44 44 36 36 32 42 42 61 49 49 51 51 52 45 45 43 51 51 48 48 42 58 58 73
 37 37 38 44 44 48 15 15 15 15 19 14 14 17 19 19 21 21 23 25 25 36 35 35 35 35 39 57 57 59 56 56 56 56 54 50 50 36 37 37 50 50 41 39 39 42
 38 38 37 43 43 35 16 16 18 18 18 17 17 16 23 23 22 22 22 25 25 28 34 34 39 39 42 58 58 58 62 62 55 55 47 53 53 46 43 43 44 44 43 36 36 38
 38 38 37 43 43 35 16 16 18 18 18 17 17 16 23 23 22 22 22 25 25 28 34 34 39 39 42 58 58 58 62 62 55 55 47 53 53 46 43 43 44 44 43 36 36 38
 34 34 36 37 37 31 30 30 20 20 18 18 18 19 20 20 23 23 23 23 23 23 33 33 46 46 43 62 62 56 61 61 61 61 56 68 68 68 48 48 52 52 44 37 37 38
 25 25 30 16 16 19 15 15 21 21 17 15 15 18 23 23 27 27 26 21 21 23 33 33 40 40 59 41 41 56 71 71 58 58 71 74 74 73 52 52 47 47 50 48 48 48
 25 25 30 16 16 19 15 15 21 21 17 15 15 18 23 23 27 27 26 21 21 23 33 33 40 40 59 41 41 56 71 71 58 58 71 74 74 73 52 52 47 47 50 48 48 48
 16 16 18 27 27 16 15 15 15 15 16 19 19 19 26 26 27 27 27 20 20 21 28 28 39 39 60 44 44 48 58 58 70 70 70 65 65 67 54 54 51 51 51 57 57 62
 16 16 18 27 27 16 15 15 15 15 16 19 19 19 26 26 27 27 27 20 20 21 28 28 39 39 60 44 44 48 58 58 70 70 70 65 65 67 54 54 51 51 51 57 57 62
 17 17 20 19 19 25 17 17 12 12 15 18 18 21 21 21 27 27 26 21 21 21 27 27 40 40 47 47 47 48 74 74 75 75 82 76 76 54 59 59 59 59 47 180 180 231
 18 18 17 16 16 14 10 10 12 12 15 18 18 21 21 21 22 22 23 22 22 21 24 24 24 24 42 55 55 54 58 58 79 79 76 67 67 74 60 60 62 62 50 47 47 61
 18 18 17 16 16 14 10 10 12 12 15 18 18 21 21 21 22 22 23 22 22 21 24 24 24 24 42 55 55 54 58 58 79 79 76 67 67 74 60 60 62 62 50 47 47 61
 24 24 19 13 13 14 8 8 7 7 15 18 18 18 22 22 20 20 22 24 24 28 23 23 29 29 42 55 55 58 55 55 58 58 77 65 65 87 58 58 59 59 55 41 41 46
 23 23 17 16 16 14 11 11 10 10 13 15 15 16 14 14 16 16 17 23 23 24 30 30 34 34 43 51 51 54 51 51 61 61 63 60 60 72 68 68 65 65 48 38 38 47
 23 23 17 16 16 14 11 11 10 10 13 15 15 16 14 14 16 16 17 23 23 24 30 30 34 34 43 51 51 54 51 51 61 61 63 60 60 72 68 68 65 65 48 38 38 47
 21 21 18 18 18 18 15 15 13 13 14 14 14 14 13 13 14 14 16 23 23 23 24 24 32 32 36 51 51 51 54 54 64 64 57 57 57 59 105 105 60 60 47 44 44 51
 21 21 18 18 18 18 15 15 13 13 14 14 14 14 13 13 14 14 16 23 23 23 24 24 32 32 36 51 51 51 54 54 64 64 57 57 57 59 105 105 60 60 47 44 44 51
 17 17 18 18 18 19 14 14 14 14 16 17 17 15 14 14 13 13 14 17 17 22 21 21 27 27 31 30 30 44 52 52 55 55 64 64 64 60 58 58 55 55 47 50 50 54
 13 13 18 32 32 27 13 13 18 18 20 22 22 23 18 18 18 18 16 43 43 44 53 53 21 21 27 27 27 40 48 48 59 59 60 79 79 63 63 63 53 53 47 46 46 48
 13 13 18 32 32 27 13 13 18 18 20 22 22 23 18 18 18 18 16 43 43 44 53 53 21 21 27 27 27 40 48 48 59 59 60 79 79 63 63 63 53 53 47 46 46 48
 11 11 16 10 10 9 14 14 18 18 23 25 25 29 26 26 26 26 58 44 44 46 58 58 62 62 58 29 29 37 44 44 51 51 54 77 77 65 64 64 40 40 40 39 39 46
 11 11 11 7 7 7 14 14 17 17 19 25 25 27 32 32 27 27 68 62 62 64 69 69 70 70 82 35 35 39 42 42 42 42 52 51 51 56 46 46 33 33 42 38 38 38
