assets/RAT_results_old/precipitation/2021-05-04_IMERG.asc
ncols        46
nrows        77
xllcorner    74.800261325624
yllcorner    8.058333333333
cellsize     0.062500000000
NODATA_value -9999
 1 1 0 0 0 0 0 0 0 0 0 0 0 1 0 0 0 0 1 1 1 0 0 0 0 0 0 0 0 0 1 1 1 1 1 0 0 0 1 1 1 1 3 2 2 3
 1 1 1 0 0 0 0 0 0 0 0 0 0 0 0 0 0 0 0 0 0 0 0 0 0 0 0 0 0 2 2 2 2 2 2 2 2 0 0 0 0 0 3 5 5 4
 1 1 1 0 0 0 0 0 0 0 0 0 0 0 0 0 0 0 0 0 0 0 0 0 0 0 0 0 0 2 2 2 2 2 2 2 2 0 0 0 0 0 3 5 5 4
 1 1 0 0 0 0 0 0 0 0 0 0 0 0 0 0 0 0 0 0 0 0 0 0 0 0 0 3 3 3 3 3 3 3 2 2 2 0 0 0 0 0 0 6 6 5
 0 0 0 0 0 0 0 0 0 0 0 0 0 0 0 0 0 0 0 0 0 0 0 0 0 0 0 2 2 2 2 2 1 1 1 2 2 0 0 0 0 0 0 4 4 4
 0 0 0 0 0 0 0 0 0 0 0 0 0 0 0 0 0 0 0 0 0 0 0 0 0 0 0 2 2 2 2 2 1 1 1 2 2 0 0 0 0 0 0 4 4 4
 1 1 0 1 1 0 1 1 1 1 0 0 0 0 0 0 0 0 0 0 0 0 0 0 0 0 0 2 2 2 2 2 1 1 2 2 2 0 0 0 0 0 0 1 1 25
 1 1 0 1 1 0 1 1 1 1 0 0 0 0 0 0 0 0 0 0 0 0 0 0 0 0 0 2 2 2 2 2 1 1 2 2 2 0 0 0 0 0 0 1 1 25
 0 0 1 1 1 9 10 10 2 2 0 2 2 6 3 3 0 0 0 0 0 0 0 0 0 0 0 1 1 0 0 0 0 0 0 0 0 0 0 0 0 0 0 2 2 6
 0 0 0 1 1 3 5 5 5 5 3 2 2 11 7 7 0 0 0 0 0 1 0 0 0 0 0 0 0 0 0 0 0 0 0 1 1 0 0 0 0 0 2 4 4 5
 0 0 0 1 1 3 5 5 5 5 3 2 2 11 7 7 0 0 0 0 0 1 0 0 0 0 0 0 0 0 0 0 0 0 0 1 1 0 0 0 0 0 2 4 4 5
 2 2 1 3 3 1 2 2 6 6 3 2 2 3 2 2 1 1 0 0 0 0 0 0 0 0 0 0 0 0 0 0 0 0 0 0 0 0 3 3 4 4 5 6 6 5
 2 2 2 3 3 1 2 2 2 2 1 1 1 1 3 3 1 1 2 1 1 0 0 0 0 0 0 0 0 0 0 0 0 0 0 1 1 3 5 5 4 4 4 6 6 5
 2 2 2 3 3 1 2 2 2 2 1 1 1 1 3 3 1 1 2 1 1 0 0 0 0 0 0 0 0 0 0 0 0 0 0 1 1 3 5 5 4 4 4 6 6 5
 1 1 4 1 1 1 4 4 4 4 1 1 1 0 2 2 1 1 1 1 1 0 0 0 0 0 0 0 0 0 0 0 1 1 3 5 5 8 3 3 7 7 5 7 7 6
 1 1 4 1 1 1 4 4 4 4 1 1 1 0 2 2 1 1 1 1 1 0 0 0 0 0 0 0 0 0 0 0 1 1 3 5 5 8 3 3 7 7 5 7 7 6
 2 2 4 2 2 1 2 2 3 3 1 1 1 1 2 2 1 1 0 0 0 0 0 0 0 0 0 0 0 0 0 0 0 0 13 11 11 11 22 22 7 7 2 2 2 2
 2 2 2 2 2 1 1 1 1 1 1 1 1 1 1 1 1 1 2 3 3 1 0 0 0 0 0 0 0 0 1 1 9 9 14 15 15 20 17 17 9 9 11 6 6 3
 2 2 2 2 2 1 1 1 1 1 1 1 1 1 1 1 1 1 2 3 3 1 0 0 0 0 0 0 0 0 1 1 9 9 14 15 15 20 17 17 9 9 11 6 6 3
 4 4 5 2 2 2 2 2 1 1 1 1 1 0 0 0 1 1 3 12 12 1 1 1 0 0 0 12 12 9 3 3 3 3 10 13 13 19 18 18 25 25 22 12 12 6
 5 5 7 18 18 10 3 3 2 2 1 1 1 1 0 0 0 0 3 7 7 5 0 0 1 1 1 5 5 1 7 7 2 2 9 5 5 10 20 20 25 25 14 10 10 6
 5 5 7 18 18 10 3 3 2 2 1 1 1 1 0 0 0 0 3 7 7 5 0 0 1 1 1 5 5 1 7 7 2 2 9 5 5 10 20 20 25 25 14 10 10 6
 4 4 6 34 34 34 8 8 3 3 1 1 1 1 1 1 0 0 0 0 0 1 0 0 0 0 2 0 0 1 3 3 3 3 3 4 4 4 17 17 10 10 10 8 8 6
 4 4 6 34 34 34 8 8 3 3 1 1 1 1 1 1 0 0 0 0 0 1 0 0 0 0 2 0 0 1 3 3 3 3 3 4 4 4 17 17 10 10 10 8 8 6
 5 5 5 5 5 5 4 4 2 2 1 1 1 1 1 1 2 2 0 3 3 2 1 1 2 2 2 1 1 3 2 2 0 0 0 0 0 1 5 5 4 4 3 1 1 1
 5 5 5 5 5 3 2 2 2 2 1 1 1 1 2 2 1 1 1 14 14 8 0 0 0 0 8 3 3 3 2 2 1 1 1 10 10 1 2 2 3 3 1 1 1 0
 5 5 5 5 5 3 2 2 2 2 1 1 1 1 2 2 1 1 1 14 14 8 0 0 0 0 8 3 3 3 2 2 1 1 1 10 10 1 2 2 3 3 1 1 1 0
 6 6 6 2 2 3 2 2 2 2 1 1 1 1 1 1 2 2 0 14 14 11 14 14 7 7 19 12 12 2 0 0 1 1 4 6 6 4 5 5 3 3 2 0 0 0
 7 7 5 4 4 4 2 2 2 2 2 2 2 1 1 1 2 2 0 0 0 16 25 25 21 21 26 11 11 2 0 0 3 3 10 10 10 3 3 3 3 3 2 0 0 0
 7 7 5 4 4 4 2 2 2 2 2 2 2 1 1 1 2 2 0 0 0 16 25 25 21 21 26 11 11 2 0 0 3 3 10 10 10 3 3 3 3 3 2 0 0 0
 7 7 8 5 5 4 7 7 3 3 4 2 2 1 1 1 2 2 1 1 1 11 21 21 40 40 13 10 10 1 1 1 1 1 4 13 13 5 4 4 3 3 1 0 0 0
 7 7 8 5 5 4 7 7 3 3 4 2 2 1 1 1 2 2 1 1 1 11 21 21 40 40 13 10 10 1 1 1 1 1 4 13 13 5 4 4 3 3 1 0 0 0
 3 3 4 4 4 4 8 8 4 4 7 3 3 3 2 2 2 2 1 1 1 3 12 12 13 13 11 9 9 2 2 2 1 1 4 10 10 5 5 5 3 3 1 0 0 4
 2 2 4 7 7 9 11 11 8 8 14 14 14 3 2 2 1 1 2 1 1 1 4 4 12 12 4 4 4 3 3 3 1 1 1 5 5 4 6 6 5 5 3 4 4 6
 2 2 4 7 7 9 11 11 8 8 14 14 14 3 2 2 1 1 2 1 1 1 4 4 12 12 4 4 4 3 3 3 1 1 1 5 5 4 6 6 5 5 3 4 4 6
 3 3 9 11 11 19 13 13 11 11 19 19 19 9 2 2 1 1 2 1 1 1 1 1 3 3 3 2 2 7 3 3 4 4 0 2 2 4 7 7 7 7 7 8 8 15
 3 3 9 21 21 22 14 14 12 12 19 10 10 2 2 2 1 1 1 1 1 1 1 1 1 1 14 8 8 6 7 7 2 2 0 0 0 2 5 5 7 7 7 8 8 9
 3 3 9 21 21 22 14 14 12 12 19 10 10 2 2 2 1 1 1 1 1 1 1 1 1 1 14 8 8 6 7 7 2 2 0 0 0 2 5 5 7 7 7 8 8 9
 4 4 9 22 22 14 15 15 12 12 9 4 4 2 1 1 1 1 1 2 2 2 1 1 9 9 29 14 14 16 13 13 5 5 11 0 0 1 2 2 7 7 5 6 6 3
 4 4 9 22 22 14 15 15 12 12 9 4 4 2 1 1 1 1 1 2 2 2 1 1 9 9 29 14 14 16 13 13 5 5 11 0 0 1 2 2 7 7 5 6 6 3
 10 10 13 26 26 9 10 10 8 8 9 5 5 3 2 2 2 2 2 2 2 2 8 8 12 12 18 36 36 13 12 12 10 10 17 3 3 3 1 1 4 4 6 4 4 5
 10 10 13 22 22 20 20 20 6 6 7 6 6 3 3 3 2 2 2 1 1 1 7 7 35 35 22 30 30 20 8 8 14 14 11 2 2 3 1 1 4 4 11 9 9 7
 10 10 13 22 22 20 20 20 6 6 7 6 6 3 3 3 2 2 2 1 1 1 7 7 35 35 22 30 30 20 8 8 14 14 11 2 2 3 1 1 4 4 11 9 9 7
 26 26 32 33 33 20 21 21 6 6 5 5 5 5 3 3 2 2 1 1 1 2 8 8 14 14 45 21 21 13 8 8 7 7 15 2 2 5 11 11 6 6 16 22 22 16
 20 20 22 31 31 19 19 19 11 11 5 5 5 2 2 2 1 1 1 1 1 2 7 7 14 14 18 13 13 15 8 8 2 2 9 3 3 6 15 15 6 6 14 26 26 13
 20 20 22 31 31 19 19 19 11 11 5 5 5 2 2 2 1 1 1 1 1 2 7 7 14 14 18 13 13 15 8 8 2 2 9 3 3 6 15 15 6 6 14 26 26 13
 19 19 20 20 20 11 3 3 5 5 7 4 4 2 2 2 2 2 1 1 1 1 2 2 16 16 18 19 19 14 12 12 8 8 2 0 0 0 4 4 5 5 17 12 12 13
 19 19 20 20 20 11 3 3 5 5 7 4 4 2 2 2 2 2 1 1 1 1 2 2 16 16 18 19 19 14 12 12 8 8 2 0 0 0 4 4 5 5 17 12 12 13
 5 5 3 19 19 10 3 3 5 5 3 3 3 2 3 3 3 3 2 2 2 1 4 4 13 13 19 19 19 19 15 15 11 11 4 4 4 1 8 8 16 16 15 14 14 10
 4 4 6 3 3 1 3 3 5 5 2 1 1 2 3 3 4 4 3 3 3 1 4 4 13 13 22 16 16 14 21 21 21 21 8 3 3 4 8 8 18 18 17 16 16 14
 4 4 6 3 3 1 3 3 5 5 2 1 1 2 3 3 4 4 3 3 3 1 4 4 13 13 22 16 16 14 21 21 21 21 8 3 3 4 8 8 18 18 17 16 16 14
 4 4 5 6 6 6 1 1 1 1 1 1 1 1 1 1 4 4 2 3 3 2 15 15 10 10 13 13 13 23 23 23 15 15 12 7 7 10 11 11 18 18 12 12 12 12
 5 5 6 6 6 4 2 2 33 33 34 50 50 2 1 1 2 2 2 2 2 2 6 6 8 8 11 22 22 47 43 43 17 17 14 9 9 9 16 16 17 17 16 17 17 18
 5 5 6 6 6 4 2 2 33 33 34 50 50 2 1 1 2 2 2 2 2 2 6 6 8 8 11 22 22 47 43 43 17 17 14 9 9 9 16 16 17 17 16 17 17 18
 21 21 4 3 3 2 3 3 24 24 36 53 53 26 26 26 2 2 2 2 2 2 4 4 7 7 10 16 16 30 18 18 24 24 22 41 41 9 12 12 11 11 10 17 17 12
 21 21 4 3 3 2 3 3 24 24 36 53 53 26 26 26 2 2 2 2 2 2 4 4 7 7 10 16 16 30 18 18 24 24 22 41 41 9 12 12 11 11 10 17 17 12
 30 30 7 2 2 1 2 2 24 24 33 38 38 25 26 26 2 2 3 2 2 1 1 1 3 3 5 4 4 16 18 18 17 17 50 25 25 7 8 8 10 10 10 18 18 11
 30 30 5 2 2 2 1 1 2 2 8 8 8 26 26 26 3 3 3 1 1 1 1 1 1 1 2 2 2 6 7 7 24 24 31 19 19 7 5 5 9 9 10 11 11 28
 30 30 5 2 2 2 1 1 2 2 8 8 8 26 26 26 3 3 3 1 1 1 1 1 1 1 2 2 2 6 7 7 24 24 31 19 19 7 5 5 9 9 10 11 11 28
 29 29 4 2 2 1 2 2 1 1 7 7 7 2 5 5 6 6 8 2 2 0 0 0 0 0 1 1 1 5 13 13 25 25 22 10 10 0 1 1 3 3 12 27 27 2
 6 6 3 1 1 1 1 1 2 2 1 27 27 27 86 86 5 5 8 9 9 2 1 1 0 0 1 2 2 1 6 6 17 17 14 10 10 5 2 2 1 1 1 5 5 5
 6 6 3 1 1 1 1 1 2 2 1 27 27 27 86 86 5 5 8 9 9 2 1 1 0 0 1 2 2 1 6 6 17 17 14 10 10 5 2 2 1 1 1 5 5 5
 4 4 2 1 1 1 1 1 2 2 2 27 27 27 86 86 86 86 20 10 10 2 1 1 0 0 0 1 1 1 2 2 2 2 6 5 5 11 5 5 1 1 2 2 2 3
 4 4 2 1 1 1 1 1 2 2 2 27 27 27 86 86 86 86 20 10 10 2 1 1 0 0 0 1 1 1 2 2 2 2 6 5 5 11 5 5 1 1 2 2 2 3
 3 3 1 1 1 1 1 1 2 2 3 20 20 20 8 8 87 87 21 2 2 1 0 0 0 0 0 1 1 3 5 5 8 8 8 16 16 12 8 8 2 2 2 2 2 4
 2 2 1 1 1 1 1 1 2 2 2 16 16 22 9 9 4 4 3 2 2 1 0 0 0 0 0 1 1 2 4 4 12 12 26 18 18 12 7 7 7 7 2 1 1 0
 2 2 1 1 1 1 1 1 2 2 2 16 16 22 9 9 4 4 3 2 2 1 0 0 0 0 0 1 1 2 4 4 12 12 26 18 18 12 7 7 7 7 2 1 1 0
 2 2 1 1 1 1 1 1 1 1 1 15 15 2 4 4 5 5 5 4 4 2 1 1 2 2 1 3 3 6 9 9 31 31 33 26 26 18 13 13 3 3 1 1 1 2
 2 2 2 1 1 1 1 1 1 1 1 2 2 2 3 3 3 3 3 2 2 1 31 31 4 4 8 3 3 9 17 17 16 16 23 24 24 11 14 14 7 7 3 6 6 2
 2 2 2 1 1 1 1 1 1 1 1 2 2 2 3 3 3 3 3 2 2 1 31 31 4 4 8 3 3 9 17 17 16 16 23 24 24 11 14 14 7 7 3 6 6 2
 2 2 3 3 3 3 2 2 1 1 1 2 2 2 1 1 1 1 1 1 1 1 36 36 18 18 9 8 8 6 14 14 29 29 19 18 18 18 16 16 13 13 9 17 17 36
 2 2 3 3 3 3 2 2 1 1 1 2 2 2 1 1 1 1 1 1 1 1 36 36 18 18 9 8 8 6 14 14 29 29 19 18 18 18 16 16 13 13 9 17 17 36
 2 2 2 3 3 4 4 4 2 2 1 1 1 1 0 0 0 0 1 1 1 30 31 31 3 3 4 5 5 6 5 5 9 9 16 11 11 11 7 7 30 30 30 35 35 39
 1 1 2 2 2 3 2 2 1 1 1 1 1 1 0 0 0 0 0 0 0 0 1 1 2 2 3 3 3 3 9 9 9 9 12 8 8 9 3 3 20 20 27 20 20 24
 1 1 2 2 2 3 2 2 1 1 1 1 1 1 0 0 0 0 0 0 0 0 1 1 2 2 3 3 3 3 9 9 9 9 12 8 8 9 3 3 20 20 27 20 20 24
 1 1 1 1 1 1 1 1 1 1 0 0 0 0 0 0 0 0 0 0 0 0 0 0 0 0 1 4 4 1 6 6 7 7 10 6 6 7 4 4 29 29 21 12 12 12
 29 29 1 1 1 1 1 1 1 1 1 1 1 1 0 0 0 0 1 0 0 0 0 0 1 1 1 2 2 3 2 2 3 3 3 5 5 3 3 3 13 13 14 5 5 0
