assets/RAT_results_old/precipitation/2021-07-09_IMERG.asc
ncols        46
nrows        77
xllcorner    74.800261325624
yllcorner    8.058333333333
cellsize     0.062500000000
NODATA_value -9999
 69 69 72 62 62 56 53 53 64 64 51 46 46 21 16 16 17 17 7 5 5 7 6 6 8 8 6 5 5 4 5 5 6 6 4 4 4 5 6 6 5 5 3 4 4 4
 72 72 73 70 70 56 46 46 60 60 58 45 45 21 15 15 14 14 8 8 8 6 7 7 5 5 6 5 5 4 4 4 4 4 4 4 4 3 4 4 3 3 3 4 4 3
 72 72 73 70 70 56 46 46 60 60 58 45 45 21 15 15 14 14 8 8 8 6 7 7 5 5 6 5 5 4 4 4 4 4 4 4 4 3 4 4 3 3 3 4 4 3
 66 66 58 71 71 71 55 55 62 62 43 31 31 18 14 14 11 11 7 7 7 5 5 5 4 4 4 4 4 3 3 3 3 3 3 3 3 2 2 2 2 2 2 2 2 3
 77 77 64 73 73 71 55 55 49 49 45 36 36 17 14 14 15 15 11 6 6 5 4 4 3 3 2 2 2 2 2 2 2 2 3 3 3 3 2 2 2 2 2 2 2 2
 77 77 64 73 73 71 55 55 49 49 45 36 36 17 14 14 15 15 11 6 6 5 4 4 3 3 2 2 2 2 2 2 2 2 3 3 3 3 2 2 2 2 2 2 2 2
 79 79 69 72 72 68 62 62 49 49 43 40 40 23 14 14 11 11 13 5 5 5 3 3 2 2 2 2 2 2 2 2 2 2 2 2 2 2 2 2 2 2 2 2 2 2
 79 79 69 72 72 68 62 62 49 49 43 40 40 23 14 14 11 11 13 5 5 5 3 3 2 2 2 2 2 2 2 2 2 2 2 2 2 2 2 2 2 2 2 2 2 2
 82 82 74 73 73 78 72 72 62 62 49 45 45 24 21 21 14 14 16 6 6 4 3 3 3 3 1 1 1 1 1 1 1 1 1 1 1 1 1 1 1 1 1 1 1 1
 94 94 101 78 78 85 76 76 68 68 55 48 48 37 31 31 22 22 12 6 6 3 3 3 3 3 2 1 1 0 0 0 0 0 0 0 0 1 1 1 1 1 1 1 1 1
 94 94 101 78 78 85 76 76 68 68 55 48 48 37 31 31 22 22 12 6 6 3 3 3 3 3 2 1 1 0 0 0 0 0 0 0 0 1 1 1 1 1 1 1 1 1
 97 97 115 83 83 77 78 78 62 62 63 55 55 49 41 41 27 27 10 10 10 5 4 4 2 2 2 2 2 1 1 1 1 1 0 1 1 1 1 1 1 1 1 1 1 1
 96 96 106 100 100 80 74 74 67 67 55 51 51 52 39 39 21 21 11 6 6 5 3 3 2 2 2 2 2 2 1 1 1 1 1 1 1 1 1 1 1 1 1 1 1 1
 96 96 106 100 100 80 74 74 67 67 55 51 51 52 39 39 21 21 11 6 6 5 3 3 2 2 2 2 2 2 1 1 1 1 1 1 1 1 1 1 1 1 1 1 1 1
 86 86 90 93 93 95 84 84 79 79 73 68 68 39 61 61 48 48 31 26 26 3 1 1 1 1 4 2 2 2 2 2 2 2 1 1 1 2 3 3 2 2 1 1 1 1
 86 86 90 93 93 95 84 84 79 79 73 68 68 39 61 61 48 48 31 26 26 3 1 1 1 1 4 2 2 2 2 2 2 2 1 1 1 2 3 3 2 2 1 1 1 1
 76 76 82 91 91 99 84 84 92 92 76 66 66 70 58 58 55 55 42 31 31 21 12 12 5 5 2 6 6 4 2 2 2 2 2 2 2 2 2 2 1 1 2 2 2 7
 64 64 71 83 83 84 75 75 72 72 71 75 75 70 48 48 64 64 68 41 41 51 45 45 11 11 4 7 7 2 2 2 2 2 3 2 2 2 3 3 5 5 4 7 7 12
 64 64 71 83 83 84 75 75 72 72 71 75 75 70 48 48 64 64 68 41 41 51 45 45 11 11 4 7 7 2 2 2 2 2 3 2 2 2 3 3 5 5 4 7 7 12
 54 54 70 90 90 93 87 87 70 70 58 56 56 58 60 60 54 54 67 56 56 69 57 57 36 36 29 18 18 11 4 4 3 3 3 3 3 3 2 2 2 2 5 23 23 29
 49 49 69 92 92 100 98 98 96 96 84 62 62 68 63 63 71 71 68 55 55 64 62 62 63 63 45 10 10 9 5 5 4 4 3 3 3 2 3 3 1 1 1 10 10 1
 49 49 69 92 92 100 98 98 96 96 84 62 62 68 63 63 71 71 68 55 55 64 62 62 63 63 45 10 10 9 5 5 4 4 3 3 3 2 3 3 1 1 1 10 10 1
 42 42 60 86 86 101 115 115 98 98 83 79 79 71 70 70 68 68 64 63 63 80 73 73 66 66 47 27 27 26 9 9 4 4 2 1 1 1 2 2 1 1 1 1 1 1
 42 42 60 86 86 101 115 115 98 98 83 79 79 71 70 70 68 68 64 63 63 80 73 73 66 66 47 27 27 26 9 9 4 4 2 1 1 1 2 2 1 1 1 1 1 1
 42 42 65 66 66 80 101 101 118 118 91 87 87 88 66 66 69 69 79 87 87 82 57 57 32 32 30 15 15 22 7 7 4 4 3 1 1 1 1 1 1 1 1 1 1 1
 34 34 53 57 57 63 65 65 73 73 85 96 96 103 60 60 64 64 46 36 36 39 39 39 28 28 30 12 12 12 9 9 5 5 2 2 2 1 1 1 1 1 1 1 1 1
 34 34 53 57 57 63 65 65 73 73 85 96 96 103 60 60 64 64 46 36 36 39 39 39 28 28 30 12 12 12 9 9 5 5 2 2 2 1 1 1 1 1 1 1 1 1
 23 23 35 29 29 37 43 43 71 71 72 73 73 75 81 81 43 43 33 28 28 27 29 29 14 14 9 7 7 6 8 8 5 5 2 2 2 1 1 1 1 1 1 1 1 1
 24 24 25 24 24 30 28 28 31 31 31 30 30 34 70 70 36 36 23 14 14 12 11 11 9 9 4 8 8 4 3 3 3 3 2 2 2 1 1 1 1 1 1 0 0 0
 24 24 25 24 24 30 28 28 31 31 31 30 30 34 70 70 36 36 23 14 14 12 11 11 9 9 4 8 8 4 3 3 3 3 2 2 2 1 1 1 1 1 1 0 0 0
 24 24 20 21 21 31 25 25 36 36 25 22 22 30 24 24 30 30 17 14 14 9 6 6 7 7 6 5 5 4 4 4 2 2 2 2 2 1 1 1 1 1 1 0 0 0
 24 24 20 21 21 31 25 25 36 36 25 22 22 30 24 24 30 30 17 14 14 9 6 6 7 7 6 5 5 4 4 4 2 2 2 2 2 1 1 1 1 1 1 0 0 0
 23 23 20 25 25 28 33 33 53 53 31 31 31 28 22 22 24 24 12 12 12 13 9 9 13 13 13 10 10 7 7 7 5 5 3 2 2 1 1 1 1 1 1 1 1 0
 35 35 31 40 40 29 53 53 70 70 62 61 61 57 23 23 14 14 16 15 15 10 15 15 16 16 20 19 19 14 11 11 9 9 5 4 4 2 1 1 1 1 1 0 0 0
 35 35 31 40 40 29 53 53 70 70 62 61 61 57 23 23 14 14 16 15 15 10 15 15 16 16 20 19 19 14 11 11 9 9 5 4 4 2 1 1 1 1 1 0 0 0
 54 54 67 57 57 34 54 54 69 69 78 67 67 73 48 48 28 28 32 22 22 15 12 12 19 19 21 18 18 16 9 9 11 11 9 8 8 4 2 2 1 1 0 0 0 0
 58 58 57 73 73 33 62 62 80 80 84 81 81 79 81 81 42 42 40 37 37 29 13 13 16 16 15 16 16 18 14 14 11 11 10 8 8 4 2 2 1 1 0 1 1 1
 58 58 57 73 73 33 62 62 80 80 84 81 81 79 81 81 42 42 40 37 37 29 13 13 16 16 15 16 16 18 14 14 11 11 10 8 8 4 2 2 1 1 0 1 1 1
 43 43 43 35 35 38 53 53 77 77 79 87 87 79 67 67 40 40 42 39 39 32 26 26 18 18 19 15 15 26 21 21 15 15 8 7 7 5 4 4 2 2 2 2 2 2
 43 43 43 35 35 38 53 53 77 77 79 87 87 79 67 67 40 40 42 39 39 32 26 26 18 18 19 15 15 26 21 21 15 15 8 7 7 5 4 4 2 2 2 2 2 2
 38 38 33 23 23 36 47 47 51 51 75 84 84 70 52 52 52 52 47 44 44 40 30 30 18 18 18 26 26 28 15 15 16 16 7 6 6 6 6 6 4 4 4 5 5 3
 46 46 18 16 16 29 34 34 40 40 50 42 42 45 38 38 48 48 44 49 49 44 48 48 32 32 19 27 27 26 30 30 9 9 6 5 5 7 3 3 4 4 6 5 5 4
 46 46 18 16 16 29 34 34 40 40 50 42 42 45 38 38 48 48 44 49 49 44 48 48 32 32 19 27 27 26 30 30 9 9 6 5 5 7 3 3 4 4 6 5 5 4
 42 42 17 15 15 22 27 27 40 40 46 35 35 29 32 32 33 33 33 37 37 47 52 52 44 44 36 20 20 19 19 19 8 8 8 7 7 9 6 6 6 6 5 4 4 2
 21 21 16 18 18 22 25 25 36 36 49 31 31 18 21 21 30 30 31 31 31 40 48 48 45 45 49 27 27 22 26 26 24 24 13 14 14 6 4 4 6 6 6 3 3 1
 21 21 16 18 18 22 25 25 36 36 49 31 31 18 21 21 30 30 31 31 31 40 48 48 45 45 49 27 27 22 26 26 24 24 13 14 14 6 4 4 6 6 6 3 3 1
 20 20 21 21 21 25 27 27 29 29 30 35 35 19 21 21 32 32 33 51 51 47 77 77 71 71 57 60 60 57 39 39 28 28 22 11 11 4 4 4 3 3 3 2 2 1
 20 20 21 21 21 25 27 27 29 29 30 35 35 19 21 21 32 32 33 51 51 47 77 77 71 71 57 60 60 57 39 39 28 28 22 11 11 4 4 4 3 3 3 2 2 1
 23 23 21 23 23 25 22 22 25 25 30 35 35 23 20 20 20 20 27 40 40 55 81 81 71 71 62 59 59 120 66 66 58 58 47 40 40 25 5 5 3 3 2 1 1 1
 29 29 24 33 33 24 27 27 27 27 23 32 32 50 23 23 18 18 26 33 33 43 44 44 62 62 57 68 68 105 163 163 168 168 96 55 55 36 5 5 4 4 4 2 2 3
 29 29 24 33 33 24 27 27 27 27 23 32 32 50 23 23 18 18 26 33 33 43 44 44 62 62 57 68 68 105 163 163 168 168 96 55 55 36 5 5 4 4 4 2 2 3
 43 43 42 42 42 26 28 28 24 24 20 32 32 72 24 24 18 18 25 30 30 44 42 42 61 61 73 85 85 72 150 150 171 171 95 74 74 75 22 22 9 9 8 4 4 4
 61 61 41 53 53 37 30 30 26 26 20 26 26 56 26 26 20 20 22 27 27 37 42 42 56 56 66 85 85 82 163 163 137 137 130 102 102 88 44 44 12 12 12 6 6 5
 61 61 41 53 53 37 30 30 26 26 20 26 26 56 26 26 20 20 22 27 27 37 42 42 56 56 66 85 85 82 163 163 137 137 130 102 102 88 44 44 12 12 12 6 6 5
 48 48 33 36 36 45 29 29 32 32 23 16 16 21 32 32 20 20 20 27 27 31 45 45 61 61 73 83 83 87 66 66 65 65 120 88 88 45 40 40 16 16 7 6 6 5
 48 48 33 36 36 45 29 29 32 32 23 16 16 21 32 32 20 20 20 27 27 31 45 45 61 61 73 83 83 87 66 66 65 65 120 88 88 45 40 40 16 16 7 6 6 5
 48 48 49 39 39 48 34 34 28 28 22 18 18 20 26 26 26 26 24 24 24 26 44 44 54 54 70 84 84 79 75 75 68 68 49 48 48 41 32 32 16 16 9 10 10 7
 89 89 60 51 51 70 38 38 27 27 26 18 18 23 21 21 29 29 18 30 30 37 54 54 29 29 57 52 52 52 40 40 39 39 26 29 29 23 25 25 16 16 12 9 9 10
 89 89 60 51 51 70 38 38 27 27 26 18 18 23 21 21 29 29 18 30 30 37 54 54 29 29 57 52 52 52 40 40 39 39 26 29 29 23 25 25 16 16 12 9 9 10
 87 87 125 63 63 59 35 35 28 28 30 32 32 26 19 19 23 23 22 25 25 30 34 34 23 23 32 48 48 46 33 33 31 31 22 22 22 22 18 18 19 19 11 7 7 8
 44 44 70 71 71 60 52 52 46 46 42 31 31 24 20 20 22 22 20 27 27 15 9 9 14 14 19 28 28 30 20 20 20 20 14 14 14 16 7 7 12 12 9 3 3 2
 44 44 70 71 71 60 52 52 46 46 42 31 31 24 20 20 22 22 20 27 27 15 9 9 14 14 19 28 28 30 20 20 20 20 14 14 14 16 7 7 12 12 9 3 3 2
 29 29 47 79 79 69 77 77 60 60 45 34 34 27 25 25 24 24 28 22 22 12 8 8 10 10 23 15 15 16 8 8 9 9 17 13 13 13 9 9 8 8 7 2 2 1
 29 29 47 79 79 69 77 77 60 60 45 34 34 27 25 25 24 24 28 22 22 12 8 8 10 10 23 15 15 16 8 8 9 9 17 13 13 13 9 9 8 8 7 2 2 1
 32 32 40 80 80 85 98 98 62 62 66 48 48 39 24 24 22 22 20 17 17 9 8 8 9 9 20 21 21 22 22 22 10 10 16 14 14 11 7 7 6 6 3 1 1 1
 34 34 40 90 90 78 102 102 65 65 56 48 48 40 30 30 23 23 23 14 14 16 9 9 9 9 21 25 25 25 28 28 28 28 16 13 13 8 6 6 4 4 2 0 0 0
 34 34 40 90 90 78 102 102 65 65 56 48 48 40 30 30 23 23 23 14 14 16 9 9 9 9 21 25 25 25 28 28 28 28 16 13 13 8 6 6 4 4 2 0 0 0
 47 47 60 86 86 80 90 90 81 81 67 62 62 57 34 34 28 28 24 17 17 16 18 18 20 20 21 15 15 25 33 33 32 32 18 12 12 11 7 7 6 6 4 3 3 1
 57 57 56 89 89 84 84 84 79 79 75 66 66 41 37 37 33 33 27 22 22 54 32 32 34 34 33 20 20 30 32 32 29 29 16 19 19 16 13 13 12 12 8 3 3 1
 57 57 56 89 89 84 84 84 79 79 75 66 66 41 37 37 33 33 27 22 22 54 32 32 34 34 33 20 20 30 32 32 29 29 16 19 19 16 13 13 12 12 8 3 3 1
 67 67 63 71 71 80 74 74 73 73 83 82 82 51 48 48 37 37 30 22 22 30 34 34 38 38 42 57 57 39 33 33 28 28 34 30 30 19 14 14 21 21 10 10 10 3
 67 67 63 71 71 80 74 74 73 73 83 82 82 51 48 48 37 37 30 22 22 30 34 34 38 38 42 57 57 39 33 33 28 28 34 30 30 19 14 14 21 21 10 10 10 3
 62 62 88 75 75 84 86 86 87 87 93 99 99 90 59 59 38 38 31 28 28 29 39 39 39 39 49 50 50 67 35 35 37 37 40 33 33 22 20 20 22 22 18 15 15 14
 55 55 71 83 83 93 96 96 92 92 86 83 83 94 62 62 41 41 34 33 33 33 35 35 42 42 45 58 58 57 43 43 43 43 28 27 27 26 23 23 24 24 17 13 13 14
 55 55 71 83 83 93 96 96 92 92 86 83 83 94 62 62 41 41 34 33 33 33 35 35 42 42 45 58 58 57 43 43 43 43 28 27 27 26 23 23 24 24 17 13 13 14
 38 38 69 82 82 81 85 85 76 76 68 72 72 68 64 64 48 48 38 38 38 32 36 36 38 38 42 49 49 52 57 57 40 40 32 25 25 20 26 26 22 22 25 18 18 18
 58 58 79 91 91 99 89 89 76 76 63 60 60 60 56 56 44 44 47 40 40 38 50 50 53 53 52 61 61 48 58 58 81 81 83 38 38 32 27 27 30 30 28 19 19 15
