assets/RAT_results_old/precipitation/2021-07-27_IMERG.asc
ncols        46
nrows        77
xllcorner    74.800261325624
yllcorner    8.058333333333
cellsize     0.062500000000
NODATA_value -9999
 1 1 4 0 0 0 0 0 0 0 0 0 0 0 0 0 0 0 0 1 1 0 0 0 0 0 0 0 0 0 0 0 0 0 0 0 0 0 0 0 0 0 0 0 0 0
 1 1 2 0 0 0 0 0 0 0 1 1 1 0 0 0 0 0 0 0 0 0 0 0 0 0 0 0 0 0 0 0 0 0 0 0 0 0 0 0 0 0 0 0 0 1
 1 1 2 0 0 0 0 0 0 0 1 1 1 0 0 0 0 0 0 0 0 0 0 0 0 0 0 0 0 0 0 0 0 0 0 0 0 0 0 0 0 0 0 0 0 1
 1 1 2 2 2 1 0 0 1 1 2 1 1 1 1 1 0 0 0 0 0 0 0 0 0 0 0 0 0 0 0 0 0 0 0 0 0 0 0 0 0 0 0 2 2 4
 2 2 5 1 1 1 1 1 1 1 0 0 0 0 0 0 0 0 0 0 0 0 0 0 0 0 0 0 0 0 0 0 0 0 0 0 0 0 0 0 0 0 0 1 1 1
 2 2 5 1 1 1 1 1 1 1 0 0 0 0 0 0 0 0 0 0 0 0 0 0 0 0 0 0 0 0 0 0 0 0 0 0 0 0 0 0 0 0 0 1 1 1
 1 1 1 0 0 0 0 0 0 0 0 0 0 1 0 0 0 0 0 0 0 0 0 0 0 0 0 0 0 0 0 0 0 0 0 0 0 0 1 1 1 1 0 0 0 0
 1 1 1 0 0 0 0 0 0 0 0 0 0 1 0 0 0 0 0 0 0 0 0 0 0 0 0 0 0 0 0 0 0 0 0 0 0 0 1 1 1 1 0 0 0 0
 0 0 0 0 0 1 0 0 0 0 0 0 0 0 0 0 0 0 0 0 0 0 0 0 0 0 0 0 0 0 0 0 0 0 0 0 0 0 0 0 0 0 0 0 0 0
 0 0 1 1 1 1 0 0 0 0 0 1 1 1 0 0 0 0 0 0 0 0 0 0 0 0 0 0 0 0 0 0 0 0 0 0 0 0 0 0 0 0 0 0 0 0
 0 0 1 1 1 1 0 0 0 0 0 1 1 1 0 0 0 0 0 0 0 0 0 0 0 0 0 0 0 0 0 0 0 0 0 0 0 0 0 0 0 0 0 0 0 0
 0 0 0 1 1 2 3 3 2 2 0 0 0 1 1 1 2 2 0 1 1 0 0 0 0 0 0 0 0 0 0 0 0 0 0 0 0 0 0 0 0 0 0 0 0 0
 0 0 0 1 1 2 3 3 2 2 2 3 3 12 1 1 0 0 0 1 1 0 0 0 0 0 0 0 0 0 0 0 0 0 0 0 0 0 0 0 0 0 0 0 0 0
 0 0 0 1 1 2 3 3 2 2 2 3 3 12 1 1 0 0 0 1 1 0 0 0 0 0 0 0 0 0 0 0 0 0 0 0 0 0 0 0 0 0 0 0 0 0
 0 0 0 1 1 1 1 1 1 1 5 11 11 13 3 3 1 1 0 0 0 0 0 0 0 0 0 0 0 0 0 0 0 0 0 0 0 0 0 0 0 0 0 0 0 0
 0 0 0 1 1 1 1 1 1 1 5 11 11 13 3 3 1 1 0 0 0 0 0 0 0 0 0 0 0 0 0 0 0 0 0 0 0 0 0 0 0 0 0 0 0 0
 0 0 0 1 1 1 1 1 2 2 2 1 1 3 1 1 1 1 0 4 4 0 0 0 0 0 0 0 0 0 0 0 0 0 0 0 0 0 0 0 0 0 0 0 0 0
 1 1 0 1 1 1 2 2 2 2 4 3 3 1 1 1 8 8 4 0 0 0 0 0 0 0 0 0 0 0 0 0 0 0 0 0 0 0 0 0 0 0 0 0 0 0
 1 1 0 1 1 1 2 2 2 2 4 3 3 1 1 1 8 8 4 0 0 0 0 0 0 0 0 0 0 0 0 0 0 0 0 0 0 0 0 0 0 0 0 0 0 0
 1 1 1 1 1 4 5 5 7 7 7 8 8 2 0 0 0 0 0 1 1 0 0 0 0 0 0 0 0 0 0 0 0 0 0 0 0 0 0 0 0 0 0 0 0 0
 2 2 1 1 1 6 7 7 7 7 9 6 6 2 0 0 1 1 10 2 2 1 1 1 0 0 1 0 0 0 0 0 0 0 0 0 0 0 0 0 0 0 0 0 0 0
 2 2 1 1 1 6 7 7 7 7 9 6 6 2 0 0 1 1 10 2 2 1 1 1 0 0 1 0 0 0 0 0 0 0 0 0 0 0 0 0 0 0 0 0 0 0
 1 1 1 2 2 4 5 5 4 4 2 2 2 4 4 4 0 0 9 16 16 0 0 0 0 0 2 3 3 1 0 0 0 0 0 0 0 0 0 0 0 0 0 0 0 0
 1 1 1 2 2 4 5 5 4 4 2 2 2 4 4 4 0 0 9 16 16 0 0 0 0 0 2 3 3 1 0 0 0 0 0 0 0 0 0 0 0 0 0 0 0 0
 1 1 1 1 1 3 2 2 2 2 3 2 2 7 11 11 3 3 1 1 1 1 1 1 0 0 1 1 1 1 1 1 0 0 0 0 0 0 0 0 0 0 0 0 0 0
 0 0 0 0 0 1 4 4 1 1 7 7 7 16 16 16 11 11 1 2 2 1 1 1 0 0 0 1 1 0 0 0 0 0 0 0 0 0 0 0 0 0 0 0 0 0
 0 0 0 0 0 1 4 4 1 1 7 7 7 16 16 16 11 11 1 2 2 1 1 1 0 0 0 1 1 0 0 0 0 0 0 0 0 0 0 0 0 0 0 0 0 0
 1 1 0 0 0 2 2 2 2 2 2 7 7 16 14 14 4 4 1 0 0 0 0 0 0 0 0 0 0 0 0 0 0 0 0 0 0 0 0 0 0 0 0 0 0 0
 1 1 1 1 1 1 3 3 1 1 4 6 6 10 6 6 4 4 2 0 0 0 0 0 0 0 0 0 0 0 0 0 0 0 1 0 0 0 0 0 0 0 0 0 0 0
 1 1 1 1 1 1 3 3 1 1 4 6 6 10 6 6 4 4 2 0 0 0 0 0 0 0 0 0 0 0 0 0 0 0 1 0 0 0 0 0 0 0 0 0 0 0
 5 5 5 6 6 1 3 3 1 1 3 2 2 4 2 2 5 5 9 0 0 14 0 0 0 0 0 0 0 0 0 0 0 0 0 0 0 0 0 0 0 0 0 0 0 0
 5 5 5 6 6 1 3 3 1 1 3 2 2 4 2 2 5 5 9 0 0 14 0 0 0 0 0 0 0 0 0 0 0 0 0 0 0 0 0 0 0 0 0 0 0 0
 9 9 5 7 7 8 7 7 4 4 2 2 2 2 2 2 3 3 6 18 18 23 16 16 7 7 0 0 0 0 1 1 0 0 0 0 0 0 0 0 0 0 0 0 0 0
 10 10 3 5 5 5 5 5 8 8 12 11 11 2 2 2 3 3 8 19 19 28 36 36 25 25 0 0 0 1 0 0 1 1 0 0 0 0 0 0 0 0 0 0 0 0
 10 10 3 5 5 5 5 5 8 8 12 11 11 2 2 2 3 3 8 19 19 28 36 36 25 25 0 0 0 1 0 0 1 1 0 0 0 0 0 0 0 0 0 0 0 0
 9 9 7 7 7 9 7 7 11 11 13 12 12 7 1 1 2 2 3 13 13 19 34 34 41 41 6 4 4 3 0 0 0 0 0 0 0 0 0 0 0 0 0 0 0 0
 8 8 8 10 10 14 13 13 11 11 8 8 8 2 1 1 2 2 4 5 5 6 6 6 4 4 8 9 9 0 0 0 0 0 0 0 0 0 0 0 0 0 0 1 1 0
 8 8 8 10 10 14 13 13 11 11 8 8 8 2 1 1 2 2 4 5 5 6 6 6 4 4 8 9 9 0 0 0 0 0 0 0 0 0 0 0 0 0 0 1 1 0
 4 4 5 9 9 11 15 15 8 8 5 3 3 2 1 1 2 2 2 6 6 18 26 26 22 22 11 1 1 3 0 0 0 0 0 0 0 0 0 0 0 0 0 1 1 0
 4 4 5 9 9 11 15 15 8 8 5 3 3 2 1 1 2 2 2 6 6 18 26 26 22 22 11 1 1 3 0 0 0 0 0 0 0 0 0 0 0 0 0 1 1 0
 4 4 5 6 6 10 10 10 12 12 6 3 3 1 2 2 2 2 2 4 4 3 28 28 12 12 5 4 4 4 3 3 1 1 2 2 2 3 3 3 1 1 1 1 1 1
 3 3 5 7 7 7 9 9 7 7 4 3 3 0 0 0 1 1 1 5 5 12 21 21 4 4 3 3 3 5 2 2 1 1 2 4 4 3 2 2 2 2 1 2 2 3
 3 3 5 7 7 7 9 9 7 7 4 3 3 0 0 0 1 1 1 5 5 12 21 21 4 4 3 3 3 5 2 2 1 1 2 4 4 3 2 2 2 2 1 2 2 3
 5 5 5 3 3 7 7 7 5 5 2 1 1 1 0 0 1 1 1 2 2 4 6 6 5 5 6 13 13 2 0 0 4 4 3 2 2 4 3 3 2 2 1 0 0 1
 5 5 2 1 1 3 1 1 1 1 1 1 1 1 0 0 1 1 5 3 3 21 7 7 7 7 4 9 9 5 4 4 1 1 0 3 3 2 2 2 1 1 1 1 1 1
 5 5 2 1 1 3 1 1 1 1 1 1 1 1 0 0 1 1 5 3 3 21 7 7 7 7 4 9 9 5 4 4 1 1 0 3 3 2 2 2 1 1 1 1 1 1
 3 3 3 2 2 1 1 1 1 1 1 1 1 1 2 2 5 5 17 5 5 9 4 4 5 5 3 1 1 0 6 6 0 0 1 1 1 1 1 1 1 1 1 1 1 1
 3 3 3 2 2 1 1 1 1 1 1 1 1 1 2 2 5 5 17 5 5 9 4 4 5 5 3 1 1 0 6 6 0 0 1 1 1 1 1 1 1 1 1 1 1 1
 3 3 3 3 3 3 2 2 2 2 2 1 1 2 3 3 13 13 22 8 8 1 2 2 3 3 2 0 0 1 0 0 1 1 1 0 0 0 1 1 1 1 0 0 0 0
 2 2 2 3 3 2 2 2 2 2 3 2 2 2 2 2 9 9 7 1 1 2 2 2 6 6 4 5 5 11 1 1 3 3 9 3 3 3 0 0 0 0 0 0 0 0
 2 2 2 3 3 2 2 2 2 2 3 2 2 2 2 2 9 9 7 1 1 2 2 2 6 6 4 5 5 11 1 1 3 3 9 3 3 3 0 0 0 0 0 0 0 0
 2 2 2 2 2 2 2 2 2 2 2 1 1 1 1 1 3 3 2 3 3 1 2 2 6 6 10 9 9 8 10 10 6 6 9 9 9 3 3 3 1 1 1 0 0 0
 2 2 1 1 1 2 2 2 1 1 2 1 1 1 3 3 3 3 3 5 5 4 6 6 12 12 13 8 8 6 3 3 6 6 3 3 3 7 2 2 0 0 1 0 0 0
 2 2 1 1 1 2 2 2 1 1 2 1 1 1 3 3 3 3 3 5 5 4 6 6 12 12 13 8 8 6 3 3 6 6 3 3 3 7 2 2 0 0 1 0 0 0
 1 1 0 1 1 3 3 3 2 2 2 1 1 2 4 4 5 5 7 4 4 4 5 5 13 13 24 20 20 3 1 1 3 3 5 5 5 2 0 0 0 0 0 0 0 0
 1 1 0 1 1 3 3 3 2 2 2 1 1 2 4 4 5 5 7 4 4 4 5 5 13 13 24 20 20 3 1 1 3 3 5 5 5 2 0 0 0 0 0 0 0 0
 1 1 1 1 1 2 2 2 1 1 1 2 2 3 9 9 9 9 6 2 2 5 4 4 10 10 13 3 3 0 0 0 0 0 0 0 0 1 0 0 1 1 0 0 0 0
 1 1 1 1 1 1 2 2 1 1 1 3 3 8 8 8 2 2 0 1 1 2 11 11 10 10 5 2 2 1 0 0 0 0 0 0 0 0 0 0 0 0 0 0 0 0
 1 1 1 1 1 1 2 2 1 1 1 3 3 8 8 8 2 2 0 1 1 2 11 11 10 10 5 2 2 1 0 0 0 0 0 0 0 0 0 0 0 0 0 0 0 0
 0 0 3 3 3 0 0 0 1 1 1 1 1 3 1 1 0 0 0 0 0 1 3 3 4 4 2 1 1 1 1 1 0 0 0 0 0 0 0 0 0 0 0 0 0 0
 1 1 3 3 3 3 0 0 1 1 1 0 0 0 0 0 0 0 0 1 1 1 2 2 1 1 1 2 2 1 0 0 0 0 0 0 0 0 0 0 0 0 0 0 0 0
 1 1 3 3 3 3 0 0 1 1 1 0 0 0 0 0 0 0 0 1 1 1 2 2 1 1 1 2 2 1 0 0 0 0 0 0 0 0 0 0 0 0 0 0 0 0
 5 5 6 6 6 6 1 1 4 4 4 0 0 0 0 0 0 0 0 1 1 0 1 1 1 1 1 1 1 4 2 2 0 0 0 0 0 0 0 0 0 0 0 0 0 0
 5 5 6 6 6 6 1 1 4 4 4 0 0 0 0 0 0 0 0 1 1 0 1 1 1 1 1 1 1 4 2 2 0 0 0 0 0 0 0 0 0 0 0 0 0 0
 7 7 2 10 10 10 5 5 4 4 4 4 4 1 1 1 1 1 0 0 0 0 0 0 0 0 0 2 2 2 1 1 1 1 1 0 0 0 0 0 0 0 0 0 0 0
 8 8 4 5 5 5 5 5 5 5 4 3 3 0 1 1 1 1 0 0 0 0 0 0 0 0 0 0 0 3 2 2 3 3 1 0 0 0 0 0 0 0 0 0 0 0
 8 8 4 5 5 5 5 5 5 5 4 3 3 0 1 1 1 1 0 0 0 0 0 0 0 0 0 0 0 3 2 2 3 3 1 0 0 0 0 0 0 0 0 0 0 0
 3 3 3 0 0 1 4 4 9 9 5 0 0 0 0 0 0 0 0 0 0 0 0 0 0 0 0 1 1 1 2 2 2 2 1 0 0 0 0 0 0 0 1 0 0 0
 0 0 0 0 0 9 21 21 17 17 3 1 1 1 0 0 0 0 0 0 0 0 0 0 1 1 1 1 1 0 0 0 1 1 1 0 0 0 0 0 6 6 4 0 0 0
 0 0 0 0 0 9 21 21 17 17 3 1 1 1 0 0 0 0 0 0 0 0 0 0 1 1 1 1 1 0 0 0 1 1 1 0 0 0 0 0 6 6 4 0 0 0
 0 0 0 1 1 7 13 13 17 17 1 2 2 2 1 1 0 0 0 0 0 0 1 1 1 1 2 1 1 1 0 0 1 1 2 1 1 0 0 0 0 0 3 4 4 1
 0 0 0 1 1 7 13 13 17 17 1 2 2 2 1 1 0 0 0 0 0 0 1 1 1 1 2 1 1 1 0 0 1 1 2 1 1 0 0 0 0 0 3 4 4 1
 0 0 4 2 2 4 5 5 2 2 1 1 1 2 1 1 1 1 0 1 1 1 1 1 1 1 1 1 1 1 1 1 1 1 2 2 2 2 0 0 0 0 2 1 1 1
 1 1 3 1 1 2 4 4 1 1 1 1 1 0 0 0 1 1 1 1 1 1 1 1 1 1 0 0 0 1 1 1 1 1 0 0 0 1 1 1 0 0 1 9 9 0
 1 1 3 1 1 2 4 4 1 1 1 1 1 0 0 0 1 1 1 1 1 1 1 1 1 1 0 0 0 1 1 1 1 1 0 0 0 1 1 1 0 0 1 9 9 0
 0 0 0 0 0 0 0 0 1 1 1 0 0 0 0 0 1 1 1 1 1 2 1 1 1 1 1 0 0 0 0 0 0 0 0 0 0 0 2 2 1 1 2 4 4 1
 0 0 0 0 0 0 0 0 1 1 0 0 0 0 0 0 1 1 2 1 1 1 1 1 0 0 1 0 0 0 0 0 0 0 0 0 0 0 0 0 0 0 1 0 0 0
