assets/RAT_results_old/precipitation/2021-10-11_IMERG.asc
ncols        46
nrows        77
xllcorner    74.800261325624
yllcorner    8.058333333333
cellsize     0.062500000000
NODATA_value -9999
 48 48 21 18 18 24 24 24 15 15 16 17 17 12 11 11 8 8 7 9 9 18 21 21 32 32 24 23 23 28 28 28 36 36 36 38 38 34 22 22 27 27 36 34 34 38
 40 40 36 18 18 29 32 32 32 32 34 19 19 13 11 11 10 10 8 9 9 16 59 59 24 24 35 22 22 20 18 18 27 27 24 20 20 31 24 24 25 25 21 17 17 21
 40 40 36 18 18 29 32 32 32 32 34 19 19 13 11 11 10 10 8 9 9 16 59 59 24 24 35 22 22 20 18 18 27 27 24 20 20 31 24 24 25 25 21 17 17 21
 69 69 60 30 30 19 68 68 32 32 35 13 13 19 11 11 14 14 10 11 11 12 20 20 15 15 19 24 24 32 39 39 31 31 28 20 20 25 17 17 22 22 20 14 14 11
 80 80 82 47 47 19 28 28 27 27 20 13 13 20 15 15 15 15 12 17 17 17 17 17 17 17 14 22 22 36 38 38 33 33 25 22 22 24 24 24 28 28 30 23 23 13
 80 80 82 47 47 19 28 28 27 27 20 13 13 20 15 15 15 15 12 17 17 17 17 17 17 17 14 22 22 36 38 38 33 33 25 22 22 24 24 24 28 28 30 23 23 13
 90 90 75 40 40 24 21 21 28 28 43 14 14 14 11 11 22 22 17 18 18 12 8 8 19 19 12 11 11 16 37 37 34 34 23 28 28 34 31 31 31 31 31 23 23 19
 90 90 75 40 40 24 21 21 28 28 43 14 14 14 11 11 22 22 17 18 18 12 8 8 19 19 12 11 11 16 37 37 34 34 23 28 28 34 31 31 31 31 31 23 23 19
 73 73 63 54 54 41 44 44 51 51 62 19 19 21 16 16 23 23 9 16 16 19 4 4 14 14 10 8 8 16 21 21 27 27 24 27 27 31 29 29 26 26 27 27 27 26
 71 71 80 62 62 45 41 41 57 57 49 30 30 21 16 16 11 11 9 9 9 9 12 12 18 18 9 7 7 14 14 14 20 20 18 25 25 33 34 34 32 32 25 25 25 22
 71 71 80 62 62 45 41 41 57 57 49 30 30 21 16 16 11 11 9 9 9 9 12 12 18 18 9 7 7 14 14 14 20 20 18 25 25 33 34 34 32 32 25 25 25 22
 71 71 91 95 95 51 58 58 62 62 56 38 38 27 16 16 13 13 10 2 2 5 6 6 6 6 5 5 5 5 13 13 19 19 18 29 29 37 30 30 32 32 26 27 27 25
 64 64 101 108 108 102 60 60 58 58 43 36 36 33 29 29 23 23 9 7 7 6 6 6 7 7 7 4 4 4 7 7 16 16 21 23 23 32 31 31 34 34 30 27 27 21
 64 64 101 108 108 102 60 60 58 58 43 36 36 33 29 29 23 23 9 7 7 6 6 6 7 7 7 4 4 4 7 7 16 16 21 23 23 32 31 31 34 34 30 27 27 21
 51 51 82 118 118 114 73 73 51 51 61 44 44 51 42 42 26 26 18 16 16 2 11 11 16 16 5 4 4 8 5 5 9 9 10 10 10 9 14 14 18 18 17 23 23 22
 51 51 82 118 118 114 73 73 51 51 61 44 44 51 42 42 26 26 18 16 16 2 11 11 16 16 5 4 4 8 5 5 9 9 10 10 10 9 14 14 18 18 17 23 23 22
 45 45 47 71 71 89 78 78 54 54 58 55 55 33 31 31 22 22 16 14 14 6 10 10 8 8 6 4 4 3 3 3 8 8 8 17 17 17 16 16 11 11 12 17 17 16
 49 49 45 92 92 88 84 84 73 73 60 40 40 14 26 26 18 18 41 9 9 10 8 8 5 5 4 3 3 3 5 5 11 11 8 7 7 22 10 10 15 15 15 11 11 12
 49 49 45 92 92 88 84 84 73 73 60 40 40 14 26 26 18 18 41 9 9 10 8 8 5 5 4 3 3 3 5 5 11 11 8 7 7 22 10 10 15 15 15 11 11 12
 48 48 44 66 66 97 74 74 69 69 86 43 43 37 28 28 25 25 20 10 10 9 2 2 2 2 2 2 2 5 10 10 10 10 8 8 8 10 9 9 14 14 17 8 8 6
 114 114 74 112 112 116 126 126 106 106 86 45 45 46 27 27 33 33 32 24 24 8 6 6 7 7 7 4 4 4 10 10 13 13 18 9 9 10 6 6 13 13 22 37 37 12
 114 114 74 112 112 116 126 126 106 106 86 45 45 46 27 27 33 33 32 24 24 8 6 6 7 7 7 4 4 4 10 10 13 13 18 9 9 10 6 6 13 13 22 37 37 12
 113 113 92 83 83 133 172 172 150 150 47 55 55 43 35 35 40 40 19 26 26 13 13 13 7 7 12 6 6 5 5 5 16 16 21 7 7 6 8 8 11 11 9 24 24 32
 113 113 92 83 83 133 172 172 150 150 47 55 55 43 35 35 40 40 19 26 26 13 13 13 7 7 12 6 6 5 5 5 16 16 21 7 7 6 8 8 11 11 9 24 24 32
 134 134 102 70 70 81 86 86 117 117 83 47 47 61 54 54 58 58 39 32 32 22 12 12 15 15 17 26 26 10 6 6 14 14 6 4 4 7 7 7 13 13 44 28 28 7
 143 143 68 77 77 54 54 54 83 83 85 42 42 64 56 56 51 51 56 58 58 42 20 20 16 16 12 48 48 15 9 9 8 8 7 4 4 5 8 8 13 13 17 22 22 7
 143 143 68 77 77 54 54 54 83 83 85 42 42 64 56 56 51 51 56 58 58 42 20 20 16 16 12 48 48 15 9 9 8 8 7 4 4 5 8 8 13 13 17 22 22 7
 81 81 72 62 62 54 47 47 62 62 76 42 42 66 69 69 68 68 64 59 59 62 51 51 34 34 25 31 31 21 9 9 6 6 4 6 6 5 8 8 12 12 10 10 10 10
 116 116 65 51 51 49 51 51 54 54 48 44 44 44 108 108 60 60 67 78 78 61 57 57 50 50 41 38 38 69 15 15 10 10 7 6 6 8 6 6 6 6 8 8 8 11
 116 116 65 51 51 49 51 51 54 54 48 44 44 44 108 108 60 60 67 78 78 61 57 57 50 50 41 38 38 69 15 15 10 10 7 6 6 8 6 6 6 6 8 8 8 11
 99 99 63 42 42 50 59 59 53 53 47 35 35 36 65 65 52 52 75 72 72 71 61 61 47 47 44 45 45 58 24 24 14 14 10 9 9 12 5 5 5 5 4 4 4 5
 99 99 63 42 42 50 59 59 53 53 47 35 35 36 65 65 52 52 75 72 72 71 61 61 47 47 44 45 45 58 24 24 14 14 10 9 9 12 5 5 5 5 4 4 4 5
 121 121 55 42 42 48 44 44 65 65 46 39 39 40 71 71 60 60 80 73 73 79 64 64 48 48 39 46 46 43 47 47 20 20 12 7 7 17 4 4 2 2 3 4 4 5
 63 63 44 39 39 37 42 42 67 67 54 47 47 50 66 66 73 73 57 59 59 58 59 59 50 50 50 33 33 39 32 32 26 26 17 12 12 9 5 5 4 4 2 2 2 4
 63 63 44 39 39 37 42 42 67 67 54 47 47 50 66 66 73 73 57 59 59 58 59 59 50 50 50 33 33 39 32 32 26 26 17 12 12 9 5 5 4 4 2 2 2 4
 56 56 33 35 35 33 35 35 29 29 39 51 51 64 60 60 66 66 54 54 54 54 63 63 53 53 34 28 28 36 34 34 40 40 23 19 19 9 7 7 4 4 2 3 3 4
 49 49 73 75 75 38 23 23 26 26 35 49 49 63 59 59 40 40 45 53 53 44 42 42 51 51 30 28 28 37 34 34 33 33 30 37 37 9 6 6 1 1 2 7 7 4
 49 49 73 75 75 38 23 23 26 26 35 49 49 63 59 59 40 40 45 53 53 44 42 42 51 51 30 28 28 37 34 34 33 33 30 37 37 9 6 6 1 1 2 7 7 4
 44 44 42 82 82 45 35 35 27 27 25 35 35 50 35 35 37 37 41 37 37 34 28 28 41 41 25 22 22 46 49 49 37 37 29 43 43 11 8 8 4 4 4 6 6 3
 44 44 42 82 82 45 35 35 27 27 25 35 35 50 35 35 37 37 41 37 37 34 28 28 41 41 25 22 22 46 49 49 37 37 29 43 43 11 8 8 4 4 4 6 6 3
 38 38 41 38 38 48 40 40 27 27 22 24 24 30 26 26 25 25 48 38 38 28 27 27 28 28 27 46 46 48 38 38 40 40 29 42 42 15 10 10 7 7 7 6 6 9
 19 19 20 22 22 27 32 32 34 34 24 20 20 21 21 21 38 38 115 48 48 28 24 24 27 27 28 63 63 63 47 47 56 56 36 29 29 23 15 15 12 12 11 12 12 13
 19 19 20 22 22 27 32 32 34 34 24 20 20 21 21 21 38 38 115 48 48 28 24 24 27 27 28 63 63 63 47 47 56 56 36 29 29 23 15 15 12 12 11 12 12 13
 13 13 17 18 18 25 30 30 36 36 22 24 24 24 22 22 105 105 187 51 51 38 33 33 32 32 38 64 64 60 62 62 69 69 53 39 39 26 16 16 12 12 11 7 7 6
 11 11 13 14 14 20 25 25 29 29 28 24 24 31 109 109 180 180 109 112 112 30 41 41 34 34 35 52 52 65 82 82 64 64 58 29 29 18 11 11 10 10 5 3 3 7
 11 11 13 14 14 20 25 25 29 29 28 24 24 31 109 109 180 180 109 112 112 30 41 41 34 34 35 52 52 65 82 82 64 64 58 29 29 18 11 11 10 10 5 3 3 7
 9 9 9 10 10 17 20 20 25 25 25 30 30 66 99 99 106 106 66 44 44 22 42 42 35 35 32 36 36 49 60 60 49 49 46 22 22 12 6 6 7 7 4 3 3 4
 9 9 9 10 10 17 20 20 25 25 25 30 30 66 99 99 106 106 66 44 44 22 42 42 35 35 32 36 36 49 60 60 49 49 46 22 22 12 6 6 7 7 4 3 3 4
 12 12 10 11 11 12 12 12 11 11 9 72 72 72 37 37 33 33 27 15 15 17 25 25 33 33 38 35 35 53 53 53 44 44 28 25 25 14 6 6 4 4 4 4 4 5
 21 21 22 14 14 12 15 15 13 13 8 9 9 27 28 28 19 19 11 15 15 18 29 29 36 36 37 40 40 59 61 61 39 39 23 15 15 12 6 6 5 5 4 3 3 4
 21 21 22 14 14 12 15 15 13 13 8 9 9 27 28 28 19 19 11 15 15 18 29 29 36 36 37 40 40 59 61 61 39 39 23 15 15 12 6 6 5 5 4 3 3 4
 46 46 54 15 15 15 17 17 10 10 7 6 6 31 30 30 13 13 8 9 9 18 38 38 39 39 44 41 41 61 68 68 45 45 25 13 13 6 4 4 3 3 3 1 1 2
 57 57 65 62 62 59 42 42 13 13 7 6 6 31 14 14 12 12 7 8 8 16 31 31 35 35 46 50 50 81 78 78 51 51 22 12 12 4 4 4 1 1 2 1 1 1
 57 57 65 62 62 59 42 42 13 13 7 6 6 31 14 14 12 12 7 8 8 16 31 31 35 35 46 50 50 81 78 78 51 51 22 12 12 4 4 4 1 1 2 1 1 1
 70 70 60 81 81 111 67 67 20 20 16 11 11 14 13 13 10 10 6 6 6 8 24 24 32 32 46 50 50 55 54 54 35 35 17 10 10 5 4 4 1 1 3 1 1 2
 70 70 60 81 81 111 67 67 20 20 16 11 11 14 13 13 10 10 6 6 6 8 24 24 32 32 46 50 50 55 54 54 35 35 17 10 10 5 4 4 1 1 3 1 1 2
 102 102 92 74 74 60 43 43 42 42 36 28 28 18 15 15 7 7 9 5 5 13 19 19 18 18 47 48 48 45 44 44 44 44 19 9 9 8 5 5 4 4 2 1 1 3
 68 68 59 42 42 59 88 88 65 65 143 48 48 35 19 19 11 11 8 5 5 13 23 23 16 16 38 43 43 40 44 44 58 58 19 9 9 8 8 8 10 10 4 2 2 1
 68 68 59 42 42 59 88 88 65 65 143 48 48 35 19 19 11 11 8 5 5 13 23 23 16 16 38 43 43 40 44 44 58 58 19 9 9 8 8 8 10 10 4 2 2 1
 68 68 64 58 58 68 94 94 128 128 119 98 98 36 21 21 14 14 9 7 7 9 18 18 12 12 19 25 25 40 39 39 60 60 41 26 26 28 13 13 11 11 4 4 4 4
 64 64 65 59 59 56 48 48 67 67 98 54 54 39 24 24 20 20 11 11 11 11 15 15 19 19 21 34 34 37 37 37 74 74 76 49 49 44 40 40 38 38 13 6 6 4
 64 64 65 59 59 56 48 48 67 67 98 54 54 39 24 24 20 20 11 11 11 11 15 15 19 19 21 34 34 37 37 37 74 74 76 49 49 44 40 40 38 38 13 6 6 4
 62 62 57 49 49 50 48 48 51 51 39 26 26 21 19 19 31 31 22 18 18 14 17 17 22 22 22 25 25 31 50 50 55 55 112 65 65 65 39 39 39 39 16 22 22 11
 62 62 57 49 49 50 48 48 51 51 39 26 26 21 19 19 31 31 22 18 18 14 17 17 22 22 22 25 25 31 50 50 55 55 112 65 65 65 39 39 39 39 16 22 22 11
 44 44 42 50 50 47 40 40 35 35 29 20 20 21 19 19 25 25 29 16 16 18 11 11 25 25 27 33 33 38 40 40 38 38 45 69 69 59 47 47 38 38 31 21 21 14
 30 30 26 30 30 32 33 33 32 32 28 25 25 21 25 25 19 19 13 15 15 14 9 9 23 23 19 28 28 33 35 35 35 35 37 62 62 53 55 55 39 39 30 15 15 10
 30 30 26 30 30 32 33 33 32 32 28 25 25 21 25 25 19 19 13 15 15 14 9 9 23 23 19 28 28 33 35 35 35 35 37 62 62 53 55 55 39 39 30 15 15 10
 33 33 26 26 26 21 24 24 33 33 32 30 30 20 23 23 15 15 8 9 9 11 10 10 23 23 16 17 17 23 33 33 33 33 33 38 38 49 54 54 40 40 31 9 9 2
 45 45 41 38 38 35 42 42 53 53 52 22 22 26 17 17 10 10 9 8 8 9 7 7 8 8 12 16 16 21 27 27 29 29 26 33 33 28 45 45 38 38 22 9 9 4
 45 45 41 38 38 35 42 42 53 53 52 22 22 26 17 17 10 10 9 8 8 9 7 7 8 8 12 16 16 21 27 27 29 29 26 33 33 28 45 45 38 38 22 9 9 4
 34 34 32 31 31 30 39 39 48 48 49 15 15 13 15 15 9 9 8 4 4 4 4 4 7 7 10 8 8 11 15 15 12 12 19 38 38 29 39 39 24 24 17 10 10 8
 34 34 32 31 31 30 39 39 48 48 49 15 15 13 15 15 9 9 8 4 4 4 4 4 7 7 10 8 8 11 15 15 12 12 19 38 38 29 39 39 24 24 17 10 10 8
 28 28 27 26 26 25 24 24 13 13 14 13 13 12 12 12 7 7 6 7 7 7 7 7 9 9 8 12 12 15 10 10 24 24 22 28 28 33 43 43 18 18 18 14 14 7
 28 28 24 23 23 22 20 20 19 19 18 17 17 18 14 14 8 8 9 9 9 11 10 10 11 11 10 10 10 11 11 11 24 24 25 37 37 23 24 24 20 20 15 16 16 7
 28 28 24 23 23 22 20 20 19 19 18 17 17 18 14 14 8 8 9 9 9 11 10 10 11 11 10 10 10 11 11 11 24 24 25 37 37 23 24 24 20 20 15 16 16 7
 31 31 29 28 28 29 21 21 17 17 16 13 13 10 10 10 8 8 10 11 11 12 9 9 12 12 13 13 13 13 17 17 18 18 16 19 19 21 22 22 16 16 15 13 13 15
 33 33 29 29 29 31 20 20 13 13 11 8 8 7 6 6 9 9 9 13 13 10 10 10 12 12 11 11 11 15 19 19 21 21 18 16 16 20 19 19 15 15 10 9 9 7
