assets/RAT_results_old/precipitation/2021-11-30_IMERG.asc
ncols        46
nrows        77
xllcorner    74.800261325624
yllcorner    8.058333333333
cellsize     0.062500000000
NODATA_value -9999
 16 16 7 5 5 6 6 6 9 9 5 4 4 3 3 3 1 1 1 1 1 2 0 0 0 0 0 0 0 0 1 1 1 1 1 0 0 0 0 0 0 0 0 0 0 0
 19 19 10 8 8 10 10 10 9 9 5 5 5 1 2 2 3 3 1 0 0 2 1 1 0 0 0 0 0 0 1 1 1 1 1 0 0 0 0 0 1 1 0 0 0 0
 19 19 10 8 8 10 10 10 9 9 5 5 5 1 2 2 3 3 1 0 0 2 1 1 0 0 0 0 0 0 1 1 1 1 1 0 0 0 0 0 1 1 0 0 0 0
 17 17 13 15 15 17 15 15 12 12 4 4 4 0 1 1 1 1 1 1 1 0 1 1 0 0 0 1 1 4 4 4 4 4 4 0 0 0 1 1 1 1 1 0 0 0
 14 14 17 11 11 17 23 23 13 13 7 2 2 2 1 1 1 1 1 1 1 0 0 0 1 1 1 1 1 5 5 5 5 5 4 5 5 0 0 0 1 1 0 0 0 0
 14 14 17 11 11 17 23 23 13 13 7 2 2 2 1 1 1 1 1 1 1 0 0 0 1 1 1 1 1 5 5 5 5 5 4 5 5 0 0 0 1 1 0 0 0 0
 19 19 29 25 25 11 13 13 8 8 3 4 4 1 0 0 1 1 0 1 1 1 0 0 1 1 1 3 3 3 4 4 8 8 6 5 5 0 0 0 0 0 0 0 0 0
 19 19 29 25 25 11 13 13 8 8 3 4 4 1 0 0 1 1 0 1 1 1 0 0 1 1 1 3 3 3 4 4 8 8 6 5 5 0 0 0 0 0 0 0 0 0
 12 12 22 20 20 10 10 10 5 5 4 3 3 1 0 0 0 0 1 1 1 1 0 0 1 1 2 7 7 7 5 5 6 6 3 5 5 0 1 1 1 1 0 0 0 0
 11 11 15 15 15 12 9 9 9 9 1 1 1 0 1 1 1 1 1 1 1 1 2 2 2 2 1 7 7 6 5 5 4 4 4 1 1 0 0 0 0 0 0 0 0 0
 11 11 15 15 15 12 9 9 9 9 1 1 1 0 1 1 1 1 1 1 1 1 2 2 2 2 1 7 7 6 5 5 4 4 4 1 1 0 0 0 0 0 0 0 0 0
 0 0 12 4 4 4 4 4 3 3 1 1 1 0 1 1 5 5 5 6 6 4 2 2 2 2 1 1 1 5 5 5 4 4 4 0 0 1 1 1 0 0 0 0 0 0
 1 1 4 4 4 5 2 2 2 2 0 1 1 1 1 1 5 5 5 7 7 4 4 4 4 4 1 1 1 1 1 1 1 1 1 1 1 1 1 1 5 5 0 1 1 0
 1 1 4 4 4 5 2 2 2 2 0 1 1 1 1 1 5 5 5 7 7 4 4 4 4 4 1 1 1 1 1 1 1 1 1 1 1 1 1 1 5 5 0 1 1 0
 1 1 1 1 1 1 3 3 3 3 1 2 2 2 4 4 8 8 6 6 6 7 4 4 4 4 0 1 1 1 1 1 0 0 4 4 4 4 5 5 5 5 1 1 1 0
 1 1 1 1 1 1 3 3 3 3 1 2 2 2 4 4 8 8 6 6 6 7 4 4 4 4 0 1 1 1 1 1 0 0 4 4 4 4 5 5 5 5 1 1 1 0
 1 1 0 1 1 1 0 0 1 1 3 9 9 3 10 10 15 15 15 9 9 7 4 4 4 4 0 1 1 1 1 1 1 1 4 15 15 4 6 6 3 3 2 1 1 1
 0 0 0 0 0 0 1 1 1 1 3 11 11 6 15 15 14 14 19 11 11 9 6 6 4 4 4 1 1 3 3 3 7 7 18 17 17 13 8 8 6 6 3 2 2 0
 0 0 0 0 0 0 1 1 1 1 3 11 11 6 15 15 14 14 19 11 11 9 6 6 4 4 4 1 1 3 3 3 7 7 18 17 17 13 8 8 6 6 3 2 2 0
 0 0 0 0 0 0 1 1 5 5 5 14 14 11 10 10 7 7 11 10 10 10 3 3 3 3 4 2 2 5 4 4 9 9 8 10 10 6 8 8 3 3 1 2 2 1
 0 0 0 0 0 0 0 0 2 2 3 6 6 7 5 5 6 6 7 7 7 6 8 8 4 4 4 7 7 13 12 12 14 14 17 12 12 4 4 4 1 1 1 0 0 1
 0 0 0 0 0 0 0 0 2 2 3 6 6 7 5 5 6 6 7 7 7 6 8 8 4 4 4 7 7 13 12 12 14 14 17 12 12 4 4 4 1 1 1 0 0 1
 0 0 0 0 0 0 0 0 3 3 2 5 5 7 6 6 6 6 7 7 7 7 8 8 4 4 4 13 13 14 16 16 15 15 13 4 4 2 0 0 0 0 0 0 0 1
 0 0 0 0 0 0 0 0 3 3 2 5 5 7 6 6 6 6 7 7 7 7 8 8 4 4 4 13 13 14 16 16 15 15 13 4 4 2 0 0 0 0 0 0 0 1
 0 0 0 0 0 0 0 0 3 3 3 3 3 7 7 7 7 7 5 6 6 6 12 12 8 8 9 14 14 15 13 13 17 17 9 7 7 5 2 2 2 2 0 0 0 1
 0 0 0 0 0 0 0 0 0 0 5 5 5 6 11 11 11 11 8 5 5 7 10 10 7 7 7 14 14 13 12 12 10 10 7 6 6 5 2 2 3 3 2 0 0 0
 0 0 0 0 0 0 0 0 0 0 5 5 5 6 11 11 11 11 8 5 5 7 10 10 7 7 7 14 14 13 12 12 10 10 7 6 6 5 2 2 3 3 2 0 0 0
 0 0 0 0 0 0 0 0 0 0 5 5 5 4 9 9 11 11 7 6 6 11 10 10 8 8 4 7 7 9 7 7 9 9 6 6 6 4 5 5 5 5 1 1 1 1
 0 0 0 0 0 0 2 2 2 2 4 4 4 11 12 12 18 18 8 6 6 8 10 10 11 11 7 7 7 5 4 4 4 4 4 5 5 5 8 8 5 5 2 2 2 1
 0 0 0 0 0 0 2 2 2 2 4 4 4 11 12 12 18 18 8 6 6 8 10 10 11 11 7 7 7 5 4 4 4 4 4 5 5 5 8 8 5 5 2 2 2 1
 3 3 1 0 0 0 2 2 2 2 2 2 2 3 14 14 14 14 18 10 10 12 11 11 10 10 5 4 4 1 3 3 2 2 5 7 7 6 7 7 4 4 3 2 2 1
 3 3 1 0 0 0 2 2 2 2 2 2 2 3 14 14 14 14 18 10 10 12 11 11 10 10 5 4 4 1 3 3 2 2 5 7 7 6 7 7 4 4 3 2 2 1
 4 4 4 0 0 0 1 1 1 1 2 3 3 3 12 12 10 10 12 13 13 12 10 10 11 11 9 5 5 1 5 5 3 3 3 5 5 6 7 7 5 5 4 3 3 3
 6 6 1 0 0 0 1 1 0 0 1 2 2 47 53 53 56 56 16 11 11 11 11 11 15 15 11 6 6 5 1 1 1 1 3 6 6 8 9 9 8 8 5 5 5 5
 6 6 1 0 0 0 1 1 0 0 1 2 2 47 53 53 56 56 16 11 11 11 11 11 15 15 11 6 6 5 1 1 1 1 3 6 6 8 9 9 8 8 5 5 5 5
 2 2 1 5 5 5 0 0 1 1 3 2 2 46 52 52 21 21 12 9 9 10 9 9 21 21 15 9 9 6 1 1 1 1 5 9 9 8 12 12 11 11 6 6 6 5
 5 5 0 0 0 0 0 0 0 0 1 1 1 13 20 20 22 22 10 12 12 11 14 14 17 17 20 9 9 11 6 6 1 1 2 8 8 9 11 11 10 10 6 7 7 6
 5 5 0 0 0 0 0 0 0 0 1 1 1 13 20 20 22 22 10 12 12 11 14 14 17 17 20 9 9 11 6 6 1 1 2 8 8 9 11 11 10 10 6 7 7 6
 4 4 0 0 0 0 0 0 1 1 1 1 1 13 0 0 2 2 7 10 10 13 16 16 8 8 9 10 10 8 6 6 6 6 5 5 5 9 11 11 12 12 12 16 16 16
 4 4 0 0 0 0 0 0 1 1 1 1 1 13 0 0 2 2 7 10 10 13 16 16 8 8 9 10 10 8 6 6 6 6 5 5 5 9 11 11 12 12 12 16 16 16
 4 4 4 0 0 0 0 0 0 0 0 0 0 0 0 0 3 3 4 8 8 12 13 13 8 8 8 7 7 3 8 8 8 8 7 6 6 15 16 16 21 21 38 38 38 17
 5 5 5 0 0 0 0 0 0 0 0 0 0 0 0 0 0 0 4 8 8 13 12 12 9 9 12 9 9 6 5 5 3 3 6 16 16 19 25 25 23 23 41 36 36 44
 5 5 5 0 0 0 0 0 0 0 0 0 0 0 0 0 0 0 4 8 8 13 12 12 9 9 12 9 9 6 5 5 3 3 6 16 16 19 25 25 23 23 41 36 36 44
 12 12 11 0 0 0 0 0 0 0 0 0 0 0 0 0 0 0 5 7 7 15 44 44 16 16 14 14 14 12 5 5 9 9 13 14 14 33 25 25 32 32 28 37 37 42
 1 1 11 0 0 0 0 0 0 0 0 0 0 0 0 0 0 0 3 5 5 6 20 20 38 38 26 18 18 14 11 11 11 11 12 25 25 32 23 23 19 19 21 23 23 22
 1 1 11 0 0 0 0 0 0 0 0 0 0 0 0 0 0 0 3 5 5 6 20 20 38 38 26 18 18 14 11 11 11 11 12 25 25 32 23 23 19 19 21 23 23 22
 2 2 1 0 0 0 0 0 0 0 0 1 1 1 0 0 0 0 2 5 5 4 16 16 44 44 60 17 17 16 8 8 6 6 12 10 10 15 9 9 18 18 15 6 6 8
 2 2 1 0 0 0 0 0 0 0 0 1 1 1 0 0 0 0 2 5 5 4 16 16 44 44 60 17 17 16 8 8 6 6 12 10 10 15 9 9 18 18 15 6 6 8
 2 2 1 0 0 1 0 0 0 0 1 1 1 1 0 0 0 0 1 1 1 4 11 11 18 18 23 19 19 16 8 8 8 8 9 8 8 9 11 11 7 7 4 6 6 10
 17 17 7 2 2 3 2 2 0 0 0 1 1 0 0 0 2 2 2 4 4 7 4 4 7 7 13 10 10 13 10 10 8 8 8 4 4 9 8 8 7 7 4 11 11 11
 17 17 7 2 2 3 2 2 0 0 0 1 1 0 0 0 2 2 2 4 4 7 4 4 7 7 13 10 10 13 10 10 8 8 8 4 4 9 8 8 7 7 4 11 11 11
 13 13 13 9 9 11 3 3 1 1 0 2 2 2 1 1 3 3 2 4 4 5 2 2 5 5 7 10 10 18 13 13 10 10 5 4 4 5 6 6 4 4 3 8 8 13
 10 10 12 15 15 18 11 11 10 10 4 2 2 2 1 1 3 3 2 3 3 3 3 3 4 4 5 6 6 20 13 13 6 6 2 3 3 5 4 4 3 3 4 6 6 8
 10 10 12 15 15 18 11 11 10 10 4 2 2 2 1 1 3 3 2 3 3 3 3 3 4 4 5 6 6 20 13 13 6 6 2 3 3 5 4 4 3 3 4 6 6 8
 12 12 11 16 16 20 22 22 9 9 5 1 1 3 1 1 1 1 1 2 2 4 4 4 3 3 4 6 6 9 6 6 5 5 2 2 2 4 4 4 3 3 4 2 2 5
 12 12 11 16 16 20 22 22 9 9 5 1 1 3 1 1 1 1 1 2 2 4 4 4 3 3 4 6 6 9 6 6 5 5 2 2 2 4 4 4 3 3 4 2 2 5
 13 13 12 25 25 25 29 29 9 9 4 3 3 5 3 3 2 2 1 2 2 3 5 5 4 4 1 5 5 5 2 2 5 5 4 3 3 2 3 3 3 3 1 3 3 1
 17 17 20 27 27 30 18 18 14 14 4 3 3 3 7 7 2 2 1 1 1 2 3 3 4 4 2 5 5 3 4 4 4 4 5 4 4 2 4 4 3 3 1 5 5 6
 17 17 20 27 27 30 18 18 14 14 4 3 3 3 7 7 2 2 1 1 1 2 3 3 4 4 2 5 5 3 4 4 4 4 5 4 4 2 4 4 3 3 1 5 5 6
 13 13 12 25 25 32 22 22 12 12 4 2 2 6 6 6 3 3 0 0 0 1 3 3 3 3 3 3 3 5 8 8 10 10 5 5 5 1 2 2 3 3 1 7 7 7
 5 5 12 6 6 17 21 21 14 14 8 4 4 5 5 5 2 2 0 1 1 1 2 2 3 3 3 6 6 8 14 14 60 60 5 4 4 4 1 1 2 2 3 4 4 1
 5 5 12 6 6 17 21 21 14 14 8 4 4 5 5 5 2 2 0 1 1 1 2 2 3 3 3 6 6 8 14 14 60 60 5 4 4 4 1 1 2 2 3 4 4 1
 3 3 6 5 5 10 18 18 28 28 14 7 7 4 1 1 1 1 0 1 1 1 1 1 3 3 3 6 6 9 18 18 58 58 8 7 7 8 6 6 6 6 6 5 5 1
 3 3 6 5 5 10 18 18 28 28 14 7 7 4 1 1 1 1 0 1 1 1 1 1 3 3 3 6 6 9 18 18 58 58 8 7 7 8 6 6 6 6 6 5 5 1
 3 3 3 4 4 8 14 14 11 11 30 14 14 5 1 1 0 0 0 0 0 1 1 1 4 4 3 3 3 4 4 4 5 5 14 21 21 7 7 7 7 7 7 5 5 1
 3 3 2 2 2 3 4 4 8 8 26 42 42 7 3 3 0 0 2 1 1 3 2 2 2 2 2 2 2 3 3 3 2 2 13 17 17 3 5 5 5 5 7 5 5 1
 3 3 2 2 2 3 4 4 8 8 26 42 42 7 3 3 0 0 2 1 1 3 2 2 2 2 2 2 2 3 3 3 2 2 13 17 17 3 5 5 5 5 7 5 5 1
 2 2 1 1 1 1 1 1 5 5 15 31 31 11 7 7 8 8 6 4 4 3 1 1 1 1 1 2 2 2 3 3 2 2 4 9 9 3 3 3 4 4 2 1 1 2
 0 0 0 1 1 1 1 1 1 1 6 15 15 8 7 7 5 5 6 3 3 1 0 0 1 1 1 2 2 3 3 3 2 2 1 2 2 1 0 0 1 1 1 2 2 5
 0 0 0 1 1 1 1 1 1 1 6 15 15 8 7 7 5 5 6 3 3 1 0 0 1 1 1 2 2 3 3 3 2 2 1 2 2 1 0 0 1 1 1 2 2 5
 0 0 0 0 0 1 0 0 1 1 0 5 5 3 1 1 2 2 2 1 1 0 0 0 0 0 1 1 1 3 3 3 2 2 2 2 2 0 0 0 0 0 0 1 1 5
 0 0 0 0 0 1 0 0 1 1 0 5 5 3 1 1 2 2 2 1 1 0 0 0 0 0 1 1 1 3 3 3 2 2 2 2 2 0 0 0 0 0 0 1 1 5
 0 0 1 1 1 1 1 1 1 1 0 0 0 2 2 2 0 0 0 0 0 1 0 0 0 0 0 0 0 1 2 2 1 1 2 1 1 1 0 0 0 0 0 0 0 0
 0 0 0 1 1 1 0 0 0 0 0 0 0 0 1 1 0 0 0 0 0 0 0 0 0 0 0 0 0 1 1 1 1 1 1 2 2 1 1 1 1 1 0 0 0 0
 0 0 0 1 1 1 0 0 0 0 0 0 0 0 1 1 0 0 0 0 0 0 0 0 0 0 0 0 0 1 1 1 1 1 1 2 2 1 1 1 1 1 0 0 0 0
 1 1 0 0 0 0 0 0 0 0 0 0 0 0 0 0 0 0 0 0 0 0 0 0 0 0 0 0 0 0 0 0 0 0 2 2 2 2 1 1 1 1 1 1 1 1
 1 1 1 0 0 0 0 0 0 0 0 0 0 0 0 0 0 0 0 0 0 0 1 1 1 1 0 0 0 0 0 0 0 0 1 1 1 2 2 2 2 2 2 1 1 1
