assets/RAT_results_old/precipitation/2021-04-16_IMERG.asc
ncols        46
nrows        77
xllcorner    74.800261325624
yllcorner    8.058333333333
cellsize     0.062500000000
NODATA_value -9999
 2 2 3 2 2 4 4 4 3 3 6 9 9 8 8 8 8 8 2 2 2 2 1 1 1 1 3 5 5 4 3 3 2 2 1 2 2 2 1 1 1 1 1 0 0 1
 4 4 5 10 10 3 3 3 3 3 2 2 2 9 7 7 7 7 5 4 4 4 2 2 2 2 4 5 5 3 3 3 1 1 1 3 3 3 1 1 1 1 0 0 0 0
 4 4 5 10 10 3 3 3 3 3 2 2 2 9 7 7 7 7 5 4 4 4 2 2 2 2 4 5 5 3 3 3 1 1 1 3 3 3 1 1 1 1 0 0 0 0
 3 3 9 8 8 2 2 2 1 1 5 6 6 16 6 6 7 7 8 6 6 5 26 26 10 10 11 5 5 2 2 2 2 2 1 2 2 1 1 1 1 1 0 1 1 0
 1 1 2 9 9 1 3 3 3 3 5 4 4 1 5 5 6 6 6 5 5 4 26 26 25 25 12 2 2 2 2 2 2 2 1 2 2 1 0 0 1 1 1 1 1 3
 1 1 2 9 9 1 3 3 3 3 5 4 4 1 5 5 6 6 6 5 5 4 26 26 25 25 12 2 2 2 2 2 2 2 1 2 2 1 0 0 1 1 1 1 1 3
 0 0 1 9 9 0 1 1 9 9 6 2 2 1 4 4 5 5 6 3 3 2 25 25 25 25 12 3 3 2 3 3 3 3 4 1 1 0 0 0 1 1 2 2 2 6
 0 0 1 9 9 0 1 1 9 9 6 2 2 1 4 4 5 5 6 3 3 2 25 25 25 25 12 3 3 2 3 3 3 3 4 1 1 0 0 0 1 1 2 2 2 6
 0 0 0 0 0 0 2 2 6 6 8 2 2 4 3 3 16 16 16 5 5 2 2 2 10 10 2 1 1 1 3 3 3 3 4 1 1 1 1 1 1 1 1 4 4 7
 0 0 0 0 0 9 1 1 4 4 7 7 7 7 7 7 20 20 16 5 5 2 3 3 10 10 2 0 0 0 0 0 0 0 1 1 1 1 1 1 2 2 2 4 4 11
 0 0 0 0 0 9 1 1 4 4 7 7 7 7 7 7 20 20 16 5 5 2 3 3 10 10 2 0 0 0 0 0 0 0 1 1 1 1 1 1 2 2 2 4 4 11
 0 0 8 18 18 15 1 1 4 4 6 6 6 9 33 33 28 28 8 6 6 3 3 3 1 1 0 0 0 0 0 0 0 0 0 1 1 1 2 2 1 1 7 10 10 6
 1 1 9 9 9 7 5 5 7 7 6 5 5 8 17 17 19 19 16 30 30 5 4 4 3 3 1 2 2 1 0 0 0 0 0 0 0 1 1 1 4 4 7 14 14 4
 1 1 9 9 9 7 5 5 7 7 6 5 5 8 17 17 19 19 16 30 30 5 4 4 3 3 1 2 2 1 0 0 0 0 0 0 0 1 1 1 4 4 7 14 14 4
 2 2 4 14 14 13 15 15 15 15 14 6 6 7 17 17 18 18 13 27 27 5 2 2 1 1 2 3 3 2 1 1 0 0 0 0 0 0 1 1 4 4 13 11 11 8
 2 2 4 14 14 13 15 15 15 15 14 6 6 7 17 17 18 18 13 27 27 5 2 2 1 1 2 3 3 2 1 1 0 0 0 0 0 0 1 1 4 4 13 11 11 8
 4 4 8 6 6 14 15 15 14 14 15 18 18 25 24 24 20 20 13 14 14 7 2 2 2 2 1 1 1 1 0 0 0 0 0 0 0 0 2 2 9 9 10 26 26 8
 3 3 7 5 5 7 5 5 20 20 23 29 29 26 23 23 19 19 30 11 11 10 13 13 6 6 2 1 1 1 2 2 0 0 0 0 0 0 2 2 3 3 18 24 24 12
 3 3 7 5 5 7 5 5 20 20 23 29 29 26 23 23 19 19 30 11 11 10 13 13 6 6 2 1 1 1 2 2 0 0 0 0 0 0 2 2 3 3 18 24 24 12
 1 1 1 1 1 2 1 1 20 20 26 27 27 23 26 26 29 29 32 29 29 26 10 10 4 4 1 2 2 2 1 1 0 0 0 0 0 0 2 2 5 5 17 4 4 5
 0 0 0 1 1 5 12 12 28 28 176 138 138 35 23 23 40 40 28 27 27 17 12 12 3 3 2 3 3 3 2 2 2 2 1 0 0 0 3 3 3 3 4 4 4 5
 0 0 0 1 1 5 12 12 28 28 176 138 138 35 23 23 40 40 28 27 27 17 12 12 3 3 2 3 3 3 2 2 2 2 1 0 0 0 3 3 3 3 4 4 4 5
 2 2 2 6 6 11 30 30 31 31 44 165 165 34 29 29 26 26 23 24 24 15 7 7 2 2 4 12 12 2 2 2 2 2 1 1 1 0 2 2 3 3 4 26 26 27
 2 2 2 6 6 11 30 30 31 31 44 165 165 34 29 29 26 26 23 24 24 15 7 7 2 2 4 12 12 2 2 2 2 2 1 1 1 0 2 2 3 3 4 26 26 27
 4 4 8 10 10 17 32 32 27 27 42 22 22 20 12 12 8 8 10 13 13 13 4 4 7 7 4 6 6 4 4 4 3 3 1 1 1 3 2 2 3 3 3 26 26 27
 1 1 5 9 9 12 11 11 6 6 1 4 4 16 6 6 5 5 3 3 3 7 8 8 9 9 18 7 7 8 6 6 6 6 2 3 3 0 1 1 2 2 3 27 27 27
 1 1 5 9 9 12 11 11 6 6 1 4 4 16 6 6 5 5 3 3 3 7 8 8 9 9 18 7 7 8 6 6 6 6 2 3 3 0 1 1 2 2 3 27 27 27
 0 0 0 1 1 6 12 12 14 14 1 2 2 3 3 3 6 6 5 4 4 10 8 8 13 13 24 15 15 9 7 7 5 5 4 3 3 0 0 0 1 1 2 2 2 2
 0 0 0 0 0 0 2 2 1 1 1 2 2 7 8 8 9 9 6 5 5 21 15 15 20 20 23 23 23 10 8 8 8 8 5 3 3 1 0 0 0 0 1 1 1 1
 0 0 0 0 0 0 2 2 1 1 1 2 2 7 8 8 9 9 6 5 5 21 15 15 20 20 23 23 23 10 8 8 8 8 5 3 3 1 0 0 0 0 1 1 1 1
 0 0 0 0 0 0 1 1 1 1 1 1 1 7 8 8 9 9 15 7 7 14 21 21 18 18 15 25 25 13 14 14 8 8 5 3 3 1 1 1 1 1 0 0 0 0
 0 0 0 0 0 0 1 1 1 1 1 1 1 7 8 8 9 9 15 7 7 14 21 21 18 18 15 25 25 13 14 14 8 8 5 3 3 1 1 1 1 1 0 0 0 0
 0 0 0 0 0 0 0 0 2 2 0 27 27 28 9 9 14 14 13 5 5 14 16 16 14 14 28 29 29 17 9 9 8 8 7 2 2 3 1 1 1 1 0 0 0 0
 0 0 0 0 0 0 0 0 0 0 24 28 28 28 8 8 5 5 4 2 2 5 13 13 15 15 22 28 28 18 9 9 7 7 5 2 2 3 0 0 0 0 0 0 0 0
 0 0 0 0 0 0 0 0 0 0 24 28 28 28 8 8 5 5 4 2 2 5 13 13 15 15 22 28 28 18 9 9 7 7 5 2 2 3 0 0 0 0 0 0 0 0
 0 0 0 0 0 0 0 0 0 0 0 0 0 0 4 4 4 4 4 0 0 4 17 17 26 26 26 43 43 15 9 9 5 5 4 3 3 2 0 0 0 0 0 0 0 0
 0 0 0 0 0 0 0 0 0 0 0 0 0 0 0 0 0 0 0 0 0 4 7 7 25 25 17 22 22 18 5 5 6 6 3 1 1 1 0 0 0 0 0 0 0 0
 0 0 0 0 0 0 0 0 0 0 0 0 0 0 0 0 0 0 0 0 0 4 7 7 25 25 17 22 22 18 5 5 6 6 3 1 1 1 0 0 0 0 0 0 0 0
 0 0 0 0 0 0 0 0 0 0 0 0 0 0 0 0 0 0 0 1 1 0 15 15 15 15 13 7 7 9 9 9 6 6 3 4 4 2 0 0 0 0 1 0 0 0
 0 0 0 0 0 0 0 0 0 0 0 0 0 0 0 0 0 0 0 1 1 0 15 15 15 15 13 7 7 9 9 9 6 6 3 4 4 2 0 0 0 0 1 0 0 0
 0 0 0 0 0 0 0 0 0 0 0 0 0 0 0 0 0 0 0 0 0 0 12 12 12 12 9 7 7 8 10 10 5 5 6 8 8 5 1 1 0 0 1 1 1 1
 1 1 0 0 0 0 0 0 0 0 0 0 0 0 0 0 0 0 0 0 0 0 1 1 9 9 3 6 6 12 14 14 11 11 4 12 12 14 8 8 1 1 1 3 3 1
 1 1 0 0 0 0 0 0 0 0 0 0 0 0 0 0 0 0 0 0 0 0 1 1 9 9 3 6 6 12 14 14 11 11 4 12 12 14 8 8 1 1 1 3 3 1
 0 0 0 0 0 0 0 0 0 0 0 0 0 0 0 0 0 0 0 0 0 0 1 1 0 0 0 2 2 10 11 11 10 10 5 5 5 5 2 2 2 2 2 4 4 4
 0 0 0 0 0 0 0 0 0 0 0 0 0 0 0 0 0 0 0 0 0 0 1 1 0 0 0 3 3 4 13 13 12 12 6 4 4 4 7 7 8 8 7 6 6 10
 0 0 0 0 0 0 0 0 0 0 0 0 0 0 0 0 0 0 0 0 0 0 1 1 0 0 0 3 3 4 13 13 12 12 6 4 4 4 7 7 8 8 7 6 6 10
 0 0 0 0 0 0 0 0 0 0 0 0 0 0 0 0 0 0 0 0 0 0 0 0 1 1 5 5 5 9 13 13 12 12 7 5 5 7 6 6 11 11 8 9 9 10
 0 0 0 0 0 0 0 0 0 0 0 0 0 0 0 0 0 0 0 0 0 0 0 0 1 1 5 5 5 9 13 13 12 12 7 5 5 7 6 6 11 11 8 9 9 10
 0 0 0 0 0 0 0 0 0 0 0 0 0 0 0 0 4 4 0 0 0 0 0 0 1 1 0 6 6 11 13 13 13 13 24 14 14 7 9 9 15 15 12 11 11 13
 0 0 0 0 0 0 0 0 0 0 0 0 0 0 0 0 4 4 4 0 0 0 0 0 1 1 0 0 0 4 37 37 36 36 15 20 20 7 10 10 20 20 11 13 13 15
 0 0 0 0 0 0 0 0 0 0 0 0 0 0 0 0 4 4 4 0 0 0 0 0 1 1 0 0 0 4 37 37 36 36 15 20 20 7 10 10 20 20 11 13 13 15
 0 0 0 0 0 0 0 0 0 0 0 0 0 0 0 0 0 0 0 0 0 0 0 0 2 2 2 0 0 1 0 0 18 18 59 22 22 7 13 13 7 7 12 19 19 14
 0 0 0 0 0 0 0 0 0 0 0 0 0 0 0 0 0 0 0 0 0 0 0 0 1 1 1 0 0 0 1 1 15 15 61 22 22 9 9 9 13 13 13 17 17 15
 0 0 0 0 0 0 0 0 0 0 0 0 0 0 0 0 0 0 0 0 0 0 0 0 1 1 1 0 0 0 1 1 15 15 61 22 22 9 9 9 13 13 13 17 17 15
 0 0 0 0 0 0 0 0 0 0 0 0 0 0 0 0 0 0 0 0 0 0 0 0 1 1 1 0 0 0 5 5 18 18 69 24 24 26 10 10 18 18 15 16 16 14
 0 0 0 0 0 0 0 0 0 0 0 0 0 0 0 0 0 0 0 0 0 0 0 0 1 1 1 0 0 0 5 5 18 18 69 24 24 26 10 10 18 18 15 16 16 14
 0 0 0 0 0 0 0 0 0 0 0 0 0 0 1 1 3 3 2 0 0 0 0 0 1 1 1 1 1 3 10 10 18 18 29 28 28 20 12 12 19 19 22 13 13 10
 0 0 0 0 0 0 0 0 0 0 0 0 0 0 0 0 0 0 0 0 0 0 0 0 0 0 0 3 3 4 9 9 28 28 34 26 26 18 20 20 20 20 14 8 8 13
 0 0 0 0 0 0 0 0 0 0 0 0 0 0 0 0 0 0 0 0 0 0 0 0 0 0 0 3 3 4 9 9 28 28 34 26 26 18 20 20 20 20 14 8 8 13
 0 0 0 0 0 0 0 0 0 0 0 0 0 0 0 0 0 0 0 0 0 0 0 0 0 0 0 5 5 3 11 11 8 8 21 29 29 24 18 18 8 8 14 15 15 10
 0 0 0 0 0 0 0 0 0 0 0 0 0 0 0 0 0 0 1 0 0 3 0 0 0 0 0 0 0 3 3 3 10 10 32 28 28 22 19 19 10 10 16 14 14 10
 0 0 0 0 0 0 0 0 0 0 0 0 0 0 0 0 0 0 1 0 0 3 0 0 0 0 0 0 0 3 3 3 10 10 32 28 28 22 19 19 10 10 16 14 14 10
 0 0 0 0 0 0 0 0 2 2 3 1 1 0 0 0 0 0 1 1 1 3 1 1 0 0 0 2 2 1 1 1 6 6 68 24 24 26 11 11 9 9 15 11 11 10
 0 0 0 0 0 0 0 0 2 2 3 1 1 0 0 0 0 0 1 1 1 3 1 1 0 0 0 2 2 1 1 1 6 6 68 24 24 26 11 11 9 9 15 11 11 10
 0 0 0 0 0 0 1 1 3 3 4 4 4 1 0 0 1 1 1 1 1 1 5 5 0 0 1 1 1 1 2 2 10 10 69 73 73 46 14 14 14 14 33 26 26 25
 2 2 0 1 1 1 1 1 0 0 1 1 1 4 6 6 1 1 1 1 1 2 5 5 2 2 0 1 1 2 2 2 11 11 13 17 17 19 36 36 43 43 74 83 83 8
 2 2 0 1 1 1 1 1 0 0 1 1 1 4 6 6 1 1 1 1 1 2 5 5 2 2 0 1 1 2 2 2 11 11 13 17 17 19 36 36 43 43 74 83 83 8
 0 0 0 0 0 0 0 0 1 1 1 1 1 3 10 10 6 6 1 1 1 1 22 22 1 1 0 1 1 1 1 1 3 3 8 15 15 25 65 65 69 69 21 14 14 6
 0 0 0 0 0 4 1 1 0 0 1 2 2 2 4 4 2 2 1 2 2 1 1 1 1 1 0 1 1 1 0 0 3 3 5 15 15 16 30 30 26 26 18 9 9 1
 0 0 0 0 0 4 1 1 0 0 1 2 2 2 4 4 2 2 1 2 2 1 1 1 1 1 0 1 1 1 0 0 3 3 5 15 15 16 30 30 26 26 18 9 9 1
 0 0 0 0 0 1 4 4 1 1 0 1 1 2 2 2 3 3 2 2 2 1 2 2 3 3 2 0 0 0 1 1 1 1 4 14 14 15 15 15 19 19 39 8 8 4
 0 0 0 0 0 1 4 4 1 1 0 1 1 2 2 2 3 3 2 2 2 1 2 2 3 3 2 0 0 0 1 1 1 1 4 14 14 15 15 15 19 19 39 8 8 4
 0 0 0 0 0 1 1 1 1 1 1 1 1 2 2 2 5 5 2 2 2 2 3 3 6 6 2 2 2 0 1 1 0 0 3 2 2 3 6 6 6 6 15 14 14 13
 0 0 0 0 0 0 0 0 1 1 6 5 5 4 3 3 5 5 3 2 2 2 1 1 1 1 2 0 0 0 0 0 0 0 1 0 0 2 4 4 7 7 6 13 13 1
 0 0 0 0 0 0 0 0 1 1 6 5 5 4 3 3 5 5 3 2 2 2 1 1 1 1 2 0 0 0 0 0 0 0 1 0 0 2 4 4 7 7 6 13 13 1
 0 0 0 0 0 1 1 1 2 2 2 2 2 2 2 2 3 3 3 2 2 2 1 1 1 1 1 1 1 0 0 0 0 0 1 1 1 0 3 3 5 5 4 1 1 0
 0 0 0 0 0 3 2 2 2 2 2 2 2 1 2 2 2 2 4 3 3 2 3 3 1 1 1 0 0 0 0 0 0 0 1 0 0 1 0 0 0 0 2 0 0 0
