assets/RAT_results_old/precipitation/2021-09-06_IMERG.asc
ncols        46
nrows        77
xllcorner    74.800261325624
yllcorner    8.058333333333
cellsize     0.062500000000
NODATA_value -9999
 26 26 21 18 18 14 11 11 8 8 5 5 5 10 11 11 8 8 8 6 6 4 4 4 2 2 1 0 0 0 0 0 0 0 1 0 0 0 0 0 0 0 0 0 0 0
 31 31 23 19 19 13 13 13 7 7 8 11 11 10 11 11 9 9 13 11 11 7 5 5 4 4 2 1 1 1 1 1 0 0 0 0 0 0 0 0 0 0 0 0 0 0
 31 31 23 19 19 13 13 13 7 7 8 11 11 10 11 11 9 9 13 11 11 7 5 5 4 4 2 1 1 1 1 1 0 0 0 0 0 0 0 0 0 0 0 0 0 0
 29 29 26 20 20 16 12 12 14 14 14 14 14 8 10 10 14 14 11 12 12 8 5 5 4 4 3 2 2 1 1 1 0 0 0 0 0 0 0 0 0 0 0 0 0 1
 23 23 25 21 21 17 27 27 13 13 13 12 12 6 6 6 9 9 9 11 11 7 3 3 3 3 2 1 1 1 1 1 0 0 0 0 0 0 0 0 0 0 0 0 0 0
 23 23 25 21 21 17 27 27 13 13 13 12 12 6 6 6 9 9 9 11 11 7 3 3 3 3 2 1 1 1 1 1 0 0 0 0 0 0 0 0 0 0 0 0 0 0
 27 27 21 19 19 20 13 13 11 11 8 10 10 8 6 6 8 8 11 8 8 4 3 3 2 2 1 2 2 1 0 0 0 0 0 0 0 0 0 0 0 0 0 0 0 0
 27 27 21 19 19 20 13 13 11 11 8 10 10 8 6 6 8 8 11 8 8 4 3 3 2 2 1 2 2 1 0 0 0 0 0 0 0 0 0 0 0 0 0 0 0 0
 33 33 20 22 22 21 19 19 10 10 8 11 11 5 5 5 8 8 10 8 8 3 1 1 2 2 2 1 1 1 0 0 0 0 1 0 0 0 0 0 0 0 0 0 0 0
 31 31 28 30 30 30 20 20 13 13 10 8 8 7 5 5 8 8 6 5 5 4 2 2 3 3 3 1 1 1 0 0 0 0 0 0 0 1 0 0 0 0 0 0 0 0
 31 31 28 30 30 30 20 20 13 13 10 8 8 7 5 5 8 8 6 5 5 4 2 2 3 3 3 1 1 1 0 0 0 0 0 0 0 1 0 0 0 0 0 0 0 0
 26 26 34 32 32 33 30 30 20 20 17 16 16 9 8 8 8 8 5 8 8 9 6 6 5 5 2 1 1 0 0 0 0 0 0 0 0 0 0 0 1 1 0 0 0 0
 25 25 23 26 26 34 41 41 32 32 21 20 20 13 15 15 12 12 8 11 11 10 6 6 5 5 2 0 0 0 0 0 0 0 0 0 0 0 1 1 2 2 1 0 0 0
 25 25 23 26 26 34 41 41 32 32 21 20 20 13 15 15 12 12 8 11 11 10 6 6 5 5 2 0 0 0 0 0 0 0 0 0 0 0 1 1 2 2 1 0 0 0
 35 35 25 31 31 33 38 38 31 31 33 29 29 19 24 24 14 14 15 9 9 10 7 7 4 4 1 1 1 0 0 0 0 0 0 0 0 0 3 3 2 2 1 0 0 0
 35 35 25 31 31 33 38 38 31 31 33 29 29 19 24 24 14 14 15 9 9 10 7 7 4 4 1 1 1 0 0 0 0 0 0 0 0 0 3 3 2 2 1 0 0 0
 33 33 23 29 29 30 32 32 29 29 26 30 30 29 32 32 25 25 23 13 13 9 5 5 3 3 1 1 1 4 0 0 0 0 0 0 0 0 1 1 2 2 1 0 0 0
 15 15 11 10 10 18 27 27 23 23 26 20 20 32 27 27 19 19 16 17 17 20 7 7 5 5 7 7 7 4 4 4 4 4 2 3 3 3 4 4 3 3 1 1 1 2
 15 15 11 10 10 18 27 27 23 23 26 20 20 32 27 27 19 19 16 17 17 20 7 7 5 5 7 7 7 4 4 4 4 4 2 3 3 3 4 4 3 3 1 1 1 2
 18 18 10 8 8 9 19 19 20 20 29 25 25 25 26 26 26 26 21 26 26 23 13 13 8 8 8 6 6 3 4 4 3 3 0 0 0 2 1 1 1 1 1 2 2 2
 19 19 12 10 10 9 11 11 14 14 31 27 27 26 25 25 22 22 21 30 30 21 21 21 10 10 4 4 4 3 4 4 3 3 4 3 3 0 0 0 1 1 2 1 1 1
 19 19 12 10 10 9 11 11 14 14 31 27 27 26 25 25 22 22 21 30 30 21 21 21 10 10 4 4 4 3 4 4 3 3 4 3 3 0 0 0 1 1 2 1 1 1
 15 15 12 18 18 13 12 12 13 13 19 21 21 24 23 23 24 24 23 21 21 19 14 14 9 9 9 5 5 9 9 9 8 8 8 5 5 1 1 1 1 1 1 1 1 0
 15 15 12 18 18 13 12 12 13 13 19 21 21 24 23 23 24 24 23 21 21 19 14 14 9 9 9 5 5 9 9 9 8 8 8 5 5 1 1 1 1 1 1 1 1 0
 9 9 10 10 10 17 16 16 17 17 11 12 12 18 24 24 17 17 22 9 9 12 9 9 9 9 6 7 7 7 6 6 3 3 4 1 1 1 1 1 1 1 1 0 0 0
 10 10 10 13 13 14 14 14 17 17 14 9 9 16 18 18 19 19 17 7 7 5 3 3 3 3 4 10 10 10 2 2 1 1 1 1 1 0 0 0 1 1 0 0 0 0
 10 10 10 13 13 14 14 14 17 17 14 9 9 16 18 18 19 19 17 7 7 5 3 3 3 3 4 10 10 10 2 2 1 1 1 1 1 0 0 0 1 1 0 0 0 0
 14 14 14 11 11 17 19 19 14 14 13 9 9 16 25 25 23 23 18 13 13 8 6 6 6 6 5 7 7 4 1 1 1 1 5 1 1 1 0 0 0 0 0 0 0 0
 16 16 15 14 14 22 20 20 14 14 13 9 9 19 19 19 30 30 22 16 16 9 5 5 3 3 2 3 3 0 1 1 7 7 6 1 1 1 1 1 2 2 1 1 1 1
 16 16 15 14 14 22 20 20 14 14 13 9 9 19 19 19 30 30 22 16 16 9 5 5 3 3 2 3 3 0 1 1 7 7 6 1 1 1 1 1 2 2 1 1 1 1
 24 24 18 17 17 17 16 16 14 14 14 14 14 16 22 22 28 28 19 15 15 7 8 8 6 6 4 3 3 0 1 1 4 4 8 3 3 4 3 3 3 3 4 1 1 1
 24 24 18 17 17 17 16 16 14 14 14 14 14 16 22 22 28 28 19 15 15 7 8 8 6 6 4 3 3 0 1 1 4 4 8 3 3 4 3 3 3 3 4 1 1 1
 24 24 20 11 11 8 6 6 8 8 10 11 11 20 26 26 25 25 23 20 20 9 8 8 6 6 5 4 4 1 1 1 2 2 8 15 15 6 11 11 8 8 6 4 4 1
 18 18 13 9 9 8 7 7 7 7 11 13 13 17 24 24 25 25 21 20 20 9 6 6 6 6 4 3 3 3 1 1 5 5 1 4 4 12 12 12 6 6 5 2 2 1
 18 18 13 9 9 8 7 7 7 7 11 13 13 17 24 24 25 25 21 20 20 9 6 6 6 6 4 3 3 3 1 1 5 5 1 4 4 12 12 12 6 6 5 2 2 1
 16 16 11 7 7 7 6 6 7 7 12 13 13 13 20 20 26 26 25 16 16 10 8 8 12 12 11 12 12 2 1 1 0 0 1 1 1 2 2 2 2 2 1 1 1 1
 11 11 8 8 8 7 10 10 12 12 12 13 13 12 12 12 21 21 20 19 19 14 12 12 14 14 20 13 13 11 7 7 4 4 3 2 2 2 1 1 0 0 0 0 0 0
 11 11 8 8 8 7 10 10 12 12 12 13 13 12 12 12 21 21 20 19 19 14 12 12 14 14 20 13 13 11 7 7 4 4 3 2 2 2 1 1 0 0 0 0 0 0
 8 8 6 4 4 6 8 8 10 10 12 8 8 6 8 8 15 15 16 19 19 15 11 11 15 15 8 6 6 6 6 6 6 6 7 3 3 2 1 1 2 2 0 0 0 1
 8 8 6 4 4 6 8 8 10 10 12 8 8 6 8 8 15 15 16 19 19 15 11 11 15 15 8 6 6 6 6 6 6 6 7 3 3 2 1 1 2 2 0 0 0 1
 10 10 5 4 4 4 3 3 3 3 3 4 4 4 5 5 9 9 11 15 15 11 12 12 11 11 4 4 4 4 4 4 3 3 4 5 5 4 3 3 2 2 2 2 2 1
 9 9 4 3 3 3 3 3 3 3 2 3 3 3 3 3 4 4 6 10 10 14 14 14 8 8 4 4 4 4 3 3 4 4 3 4 4 4 4 4 3 3 3 2 2 1
 9 9 4 3 3 3 3 3 3 3 2 3 3 3 3 3 4 4 6 10 10 14 14 14 8 8 4 4 4 4 3 3 4 4 3 4 4 4 4 4 3 3 3 2 2 1
 5 5 4 3 3 4 4 4 4 4 4 5 5 4 3 3 2 2 7 12 12 15 16 16 10 10 3 3 3 3 3 3 3 3 4 9 9 5 3 3 3 3 2 1 1 0
 8 8 4 5 5 8 3 3 4 4 4 4 4 4 4 4 3 3 10 10 10 18 14 14 10 10 4 2 2 2 3 3 3 3 4 4 4 4 3 3 2 2 1 0 0 0
 8 8 4 5 5 8 3 3 4 4 4 4 4 4 4 4 3 3 10 10 10 18 14 14 10 10 4 2 2 2 3 3 3 3 4 4 4 4 3 3 2 2 1 0 0 0
 5 5 4 10 10 11 4 4 3 3 4 4 4 2 3 3 3 3 9 9 9 9 9 9 9 9 4 2 2 2 3 3 3 3 3 2 2 4 2 2 1 1 1 1 1 1
 5 5 4 10 10 11 4 4 3 3 4 4 4 2 3 3 3 3 9 9 9 9 9 9 9 9 4 2 2 2 3 3 3 3 3 2 2 4 2 2 1 1 1 1 1 1
 2 2 3 6 6 7 5 5 5 5 4 4 4 2 2 2 5 5 7 3 3 7 6 6 4 4 6 2 2 2 2 2 2 2 1 1 1 1 1 1 1 1 1 0 0 1
 1 1 1 2 2 4 2 2 3 3 2 2 2 2 2 2 4 4 4 2 2 3 5 5 4 4 5 0 0 1 1 1 0 0 1 1 1 1 0 0 0 0 0 0 0 0
 1 1 1 2 2 4 2 2 3 3 2 2 2 2 2 2 4 4 4 2 2 3 5 5 4 4 5 0 0 1 1 1 0 0 1 1 1 1 0 0 0 0 0 0 0 0
 1 1 1 1 1 1 2 2 2 2 2 1 1 1 1 1 2 2 2 2 2 5 4 4 4 4 6 1 1 0 0 0 0 0 0 1 1 1 0 0 0 0 0 1 1 0
 0 0 0 1 1 1 1 1 1 1 1 1 1 1 1 1 1 1 5 8 8 8 3 3 4 4 3 4 4 0 0 0 0 0 0 0 0 0 0 0 0 0 0 1 1 1
 0 0 0 1 1 1 1 1 1 1 1 1 1 1 1 1 1 1 5 8 8 8 3 3 4 4 3 4 4 0 0 0 0 0 0 0 0 0 0 0 0 0 0 1 1 1
 0 0 0 0 0 0 1 1 1 1 1 1 1 1 2 2 1 1 4 9 9 4 4 4 8 8 8 9 9 0 0 0 0 0 0 0 0 1 0 0 1 1 0 0 0 0
 0 0 0 0 0 0 1 1 1 1 1 1 1 1 2 2 1 1 4 9 9 4 4 4 8 8 8 9 9 0 0 0 0 0 0 0 0 1 0 0 1 1 0 0 0 0
 0 0 1 0 0 0 0 0 2 2 2 1 1 1 2 2 2 2 2 7 7 2 3 3 9 9 7 8 8 4 6 6 6 6 2 2 2 0 0 0 0 0 0 0 0 0
 0 0 3 1 1 1 0 0 1 1 1 1 1 2 2 2 2 2 2 2 2 2 3 3 10 10 8 11 11 4 4 4 6 6 2 2 2 0 0 0 0 0 0 0 0 0
 0 0 3 1 1 1 0 0 1 1 1 1 1 2 2 2 2 2 2 2 2 2 3 3 10 10 8 11 11 4 4 4 6 6 2 2 2 0 0 0 0 0 0 0 0 0
 1 1 5 4 4 1 0 0 1 1 1 1 1 2 3 3 2 2 2 2 2 1 2 2 11 11 10 6 6 5 4 4 2 2 2 0 0 0 0 0 0 0 0 0 0 0
 0 0 1 1 1 0 0 0 0 0 0 1 1 4 3 3 3 3 2 2 2 1 1 1 11 11 10 11 11 5 3 3 0 0 0 0 0 0 0 0 1 1 0 0 0 0
 0 0 1 1 1 0 0 0 0 0 0 1 1 4 3 3 3 3 2 2 2 1 1 1 11 11 10 11 11 5 3 3 0 0 0 0 0 0 0 0 1 1 0 0 0 0
 0 0 0 1 1 1 1 1 4 4 5 2 2 6 7 7 3 3 3 4 4 4 1 1 3 3 3 4 4 2 5 5 0 0 0 0 0 0 0 0 0 0 0 1 1 0
 0 0 0 1 1 1 1 1 4 4 5 2 2 6 7 7 3 3 3 4 4 4 1 1 3 3 3 4 4 2 5 5 0 0 0 0 0 0 0 0 0 0 0 1 1 0
 1 1 0 1 1 3 5 5 7 7 5 4 4 7 6 6 2 2 2 2 2 2 2 2 3 3 7 8 8 3 2 2 1 1 0 0 0 0 0 0 0 0 0 1 1 1
 2 2 3 2 2 1 1 1 5 5 2 2 2 5 3 3 2 2 2 2 2 3 5 5 4 4 5 7 7 2 1 1 1 1 0 0 0 0 0 0 0 0 1 0 0 0
 2 2 3 2 2 1 1 1 5 5 2 2 2 5 3 3 2 2 2 2 2 3 5 5 4 4 5 7 7 2 1 1 1 1 0 0 0 0 0 0 0 0 1 0 0 0
 1 1 1 0 0 0 1 1 1 1 1 1 1 3 3 3 3 3 2 2 2 4 9 9 5 5 1 1 1 1 2 2 2 2 0 0 0 0 0 0 0 0 0 0 0 0
 1 1 1 1 1 0 1 1 1 1 1 1 1 1 2 2 2 2 2 5 5 5 2 2 1 1 0 1 1 1 1 1 1 1 1 0 0 0 0 0 0 0 0 0 0 0
 1 1 1 1 1 0 1 1 1 1 1 1 1 1 2 2 2 2 2 5 5 5 2 2 1 1 0 1 1 1 1 1 1 1 1 0 0 0 0 0 0 0 0 0 0 0
 0 0 1 1 1 0 0 0 1 1 1 1 1 2 2 2 3 3 3 3 3 3 2 2 1 1 0 0 0 1 2 2 0 0 0 0 0 0 0 0 0 0 0 0 0 0
 0 0 1 1 1 0 0 0 1 1 1 1 1 2 2 2 3 3 3 3 3 3 2 2 1 1 0 0 0 1 2 2 0 0 0 0 0 0 0 0 0 0 0 0 0 0
 0 0 1 1 1 0 0 0 0 0 0 1 1 1 2 2 1 1 2 1 1 1 0 0 0 0 0 1 1 1 2 2 1 1 1 0 0 0 0 0 0 0 0 0 0 0
 1 1 1 1 1 1 0 0 0 0 0 0 0 2 0 0 1 1 1 1 1 1 2 2 2 2 0 1 1 1 1 1 2 2 0 0 0 1 0 0 0 0 0 0 0 1
 1 1 1 1 1 1 0 0 0 0 0 0 0 2 0 0 1 1 1 1 1 1 2 2 2 2 0 1 1 1 1 1 2 2 0 0 0 1 0 0 0 0 0 0 0 1
 1 1 1 1 1 1 1 1 0 0 0 0 0 0 0 0 0 0 0 0 0 1 1 1 2 2 2 2 2 2 2 2 1 1 1 0 0 0 1 1 1 1 1 1 1 1
 0 0 1 1 1 1 1 1 0 0 0 0 0 0 0 0 0 0 0 0 0 0 0 0 0 0 1 1 1 2 2 2 0 0 0 0 0 0 0 0 0 0 1 1 1 2
