assets/RAT_results_old/precipitation/2021-06-12_IMERG.asc
ncols        46
nrows        77
xllcorner    74.800261325624
yllcorner    8.058333333333
cellsize     0.062500000000
NODATA_value -9999
 20 20 19 24 24 25 19 19 19 19 14 17 17 17 17 17 5 5 4 5 5 4 4 4 3 3 2 1 1 1 1 1 1 1 1 1 1 1 1 1 1 1 0 1 1 2
 19 19 13 17 17 24 18 18 18 18 29 28 28 24 17 17 13 13 7 7 7 6 4 4 3 3 4 2 2 2 3 3 1 1 1 1 1 0 1 1 2 2 0 0 0 8
 19 19 13 17 17 24 18 18 18 18 29 28 28 24 17 17 13 13 7 7 7 6 4 4 3 3 4 2 2 2 3 3 1 1 1 1 1 0 1 1 2 2 0 0 0 8
 20 20 14 18 18 22 21 21 20 20 28 20 20 22 18 18 11 11 17 9 9 6 3 3 4 4 4 1 1 2 2 2 1 1 1 0 0 0 1 1 0 0 0 0 0 2
 10 10 12 13 13 16 17 17 20 20 32 22 22 21 25 25 21 21 12 8 8 7 4 4 3 3 4 3 3 1 1 1 1 1 1 0 0 0 1 1 0 0 0 1 1 1
 10 10 12 13 13 16 17 17 20 20 32 22 22 21 25 25 21 21 12 8 8 7 4 4 3 3 4 3 3 1 1 1 1 1 1 0 0 0 1 1 0 0 0 1 1 1
 11 11 10 12 12 13 17 17 28 28 31 32 32 28 24 24 23 23 10 9 9 7 3 3 3 3 3 4 4 2 1 1 1 1 1 0 0 0 0 0 0 0 0 1 1 0
 11 11 10 12 12 13 17 17 28 28 31 32 32 28 24 24 23 23 10 9 9 7 3 3 3 3 3 4 4 2 1 1 1 1 1 0 0 0 0 0 0 0 0 1 1 0
 7 7 9 13 13 19 25 25 24 24 22 28 28 28 23 23 12 12 10 6 6 6 4 4 3 3 2 1 1 2 1 1 1 1 0 0 0 0 0 0 1 1 1 1 1 0
 9 9 8 18 18 26 19 19 17 17 32 32 32 32 10 10 11 11 7 4 4 4 3 3 3 3 2 2 2 1 1 1 1 1 0 0 0 0 0 0 0 0 1 0 0 0
 9 9 8 18 18 26 19 19 17 17 32 32 32 32 10 10 11 11 7 4 4 4 3 3 3 3 2 2 2 1 1 1 1 1 0 0 0 0 0 0 0 0 1 0 0 0
 7 7 8 17 17 24 31 31 32 32 31 34 34 32 13 13 9 9 7 4 4 3 2 2 2 2 1 1 1 1 1 1 1 1 0 0 0 0 0 0 0 0 1 0 0 0
 8 8 13 10 10 23 25 25 34 34 34 19 19 15 11 11 8 8 7 9 9 5 3 3 3 3 2 2 2 1 1 1 1 1 0 1 1 1 2 2 1 1 1 0 0 0
 8 8 13 10 10 23 25 25 34 34 34 19 19 15 11 11 8 8 7 9 9 5 3 3 3 3 2 2 2 1 1 1 1 1 0 1 1 1 2 2 1 1 1 0 0 0
 12 12 17 13 13 23 26 26 27 27 19 16 16 19 13 13 12 12 8 8 8 7 3 3 3 3 2 2 2 2 3 3 2 2 2 2 2 2 2 2 2 2 3 1 1 1
 12 12 17 13 13 23 26 26 27 27 19 16 16 19 13 13 12 12 8 8 8 7 3 3 3 3 2 2 2 2 3 3 2 2 2 2 2 2 2 2 2 2 3 1 1 1
 19 19 20 19 19 21 21 21 20 20 25 24 24 22 24 24 21 21 16 12 12 7 6 6 2 2 2 3 3 2 2 2 3 3 4 4 4 4 3 3 3 3 4 1 1 1
 22 22 14 17 17 20 21 21 25 25 30 27 27 37 33 33 27 27 19 15 15 6 4 4 3 3 2 4 4 4 5 5 5 5 5 5 5 5 5 5 4 4 4 2 2 3
 22 22 14 17 17 20 21 21 25 25 30 27 27 37 33 33 27 27 19 15 15 6 4 4 3 3 2 4 4 4 5 5 5 5 5 5 5 5 5 5 4 4 4 2 2 3
 33 33 14 16 16 20 26 26 29 29 33 35 35 42 37 37 30 30 30 13 13 7 5 5 3 3 3 3 3 6 7 7 5 5 4 6 6 7 6 6 4 4 4 2 2 2
 27 27 20 18 18 21 31 31 27 27 33 36 36 38 32 32 34 34 19 12 12 12 5 5 6 6 5 4 4 5 5 5 4 4 4 4 4 4 3 3 2 2 2 1 1 1
 27 27 20 18 18 21 31 31 27 27 33 36 36 38 32 32 34 34 19 12 12 12 5 5 6 6 5 4 4 5 5 5 4 4 4 4 4 4 3 3 2 2 2 1 1 1
 30 30 23 20 20 22 30 30 37 37 42 35 35 34 32 32 29 29 20 15 15 12 8 8 5 5 5 6 6 5 6 6 6 6 5 4 4 8 3 3 1 1 1 2 2 1
 30 30 23 20 20 22 30 30 37 37 42 35 35 34 32 32 29 29 20 15 15 12 8 8 5 5 5 6 6 5 6 6 6 6 5 4 4 8 3 3 1 1 1 2 2 1
 29 29 28 20 20 21 25 25 25 25 27 30 30 36 32 32 27 27 22 20 20 18 7 7 7 7 4 5 5 6 6 6 6 6 4 1 1 1 1 1 1 1 1 1 1 1
 20 20 28 17 17 18 23 23 17 17 28 36 36 32 34 34 32 32 27 22 22 18 14 14 8 8 10 9 9 6 4 4 4 4 3 2 2 1 1 1 1 1 1 1 1 2
 20 20 28 17 17 18 23 23 17 17 28 36 36 32 34 34 32 32 27 22 22 18 14 14 8 8 10 9 9 6 4 4 4 4 3 2 2 1 1 1 1 1 1 1 1 2
 15 15 21 19 19 18 21 21 17 17 25 30 30 29 30 30 25 25 30 25 25 22 17 17 11 11 10 14 14 5 3 3 4 4 2 2 2 2 2 2 2 2 3 3 3 3
 15 15 16 19 19 23 22 22 20 20 17 22 22 28 30 30 32 32 31 25 25 23 14 14 14 14 13 13 13 4 4 4 3 3 3 5 5 4 6 6 3 3 5 3 3 4
 15 15 16 19 19 23 22 22 20 20 17 22 22 28 30 30 32 32 31 25 25 23 14 14 14 14 13 13 13 4 4 4 3 3 3 5 5 4 6 6 3 3 5 3 3 4
 12 12 9 12 12 24 25 25 20 20 24 22 22 22 32 32 34 34 33 23 23 14 14 14 9 9 11 11 11 9 5 5 4 4 7 3 3 5 7 7 8 8 9 9 9 3
 12 12 9 12 12 24 25 25 20 20 24 22 22 22 32 32 34 34 33 23 23 14 14 14 9 9 11 11 11 9 5 5 4 4 7 3 3 5 7 7 8 8 9 9 9 3
 17 17 7 9 9 15 17 17 21 21 26 18 18 16 29 29 33 33 24 18 18 13 17 17 11 11 12 15 15 6 6 6 8 8 5 3 3 3 5 5 8 8 9 8 8 3
 11 11 6 6 6 21 31 31 25 25 23 14 14 11 17 17 25 25 24 22 22 15 12 12 15 15 12 9 9 6 6 6 7 7 6 3 3 4 6 6 9 9 8 7 7 3
 11 11 6 6 6 21 31 31 25 25 23 14 14 11 17 17 25 25 24 22 22 15 12 12 15 15 12 9 9 6 6 6 7 7 6 3 3 4 6 6 9 9 8 7 7 3
 17 17 7 6 6 14 32 32 32 32 20 12 12 9 15 15 19 19 23 22 22 15 11 11 14 14 19 9 9 6 7 7 7 7 6 6 6 6 5 5 5 5 5 4 4 3
 22 22 6 3 3 3 14 14 15 15 12 6 6 6 13 13 21 21 23 34 34 19 19 19 22 22 13 9 9 7 9 9 10 10 11 10 10 6 6 6 5 5 5 3 3 3
 22 22 6 3 3 3 14 14 15 15 12 6 6 6 13 13 21 21 23 34 34 19 19 19 22 22 13 9 9 7 9 9 10 10 11 10 10 6 6 6 5 5 5 3 3 3
 12 12 6 2 2 3 4 4 8 8 10 8 8 9 11 11 23 23 33 37 37 35 24 24 24 24 18 11 11 9 9 9 10 10 9 7 7 7 5 5 7 7 4 7 7 6
 12 12 6 2 2 3 4 4 8 8 10 8 8 9 11 11 23 23 33 37 37 35 24 24 24 24 18 11 11 9 9 9 10 10 9 7 7 7 5 5 7 7 4 7 7 6
 3 3 4 3 3 4 5 5 6 6 8 9 9 20 20 20 26 26 35 31 31 27 19 19 17 17 19 8 8 9 11 11 14 14 14 10 10 9 7 7 10 10 8 6 6 5
 3 3 4 4 4 5 6 6 9 9 9 9 9 10 17 17 16 16 15 17 17 27 22 22 23 23 33 15 15 13 15 15 12 12 12 15 15 13 11 11 11 11 9 8 8 8
 3 3 4 4 4 5 6 6 9 9 9 9 9 10 17 17 16 16 15 17 17 27 22 22 23 23 33 15 15 13 15 15 12 12 12 15 15 13 11 11 11 11 9 8 8 8
 3 3 4 5 5 7 8 8 10 10 11 10 10 8 7 7 12 12 9 20 20 31 30 30 22 22 39 24 24 12 16 16 11 11 12 13 13 10 15 15 10 10 8 6 6 5
 5 5 5 6 6 6 7 7 8 8 8 8 8 6 4 4 9 9 8 7 7 20 15 15 23 23 31 24 24 27 22 22 20 20 18 18 18 18 16 16 13 13 7 8 8 6
 5 5 5 6 6 6 7 7 8 8 8 8 8 6 4 4 9 9 8 7 7 20 15 15 23 23 31 24 24 27 22 22 20 20 18 18 18 18 16 16 13 13 7 8 8 6
 7 7 5 4 4 6 5 5 5 5 5 5 5 5 4 4 7 7 12 8 8 10 11 11 13 13 15 10 10 13 14 14 18 18 21 17 17 12 7 7 8 8 10 6 6 6
 7 7 5 4 4 6 5 5 5 5 5 5 5 5 4 4 7 7 12 8 8 10 11 11 13 13 15 10 10 13 14 14 18 18 21 17 17 12 7 7 8 8 10 6 6 6
 8 8 5 8 8 7 5 5 3 3 4 3 3 3 3 3 5 5 16 14 14 7 6 6 12 12 15 10 10 14 12 12 15 15 11 10 10 10 6 6 6 6 6 5 5 4
 9 9 7 5 5 8 5 5 4 4 3 3 3 3 3 3 3 3 6 18 18 16 8 8 17 17 14 13 13 12 11 11 13 13 9 6 6 5 5 5 5 5 5 5 5 4
 9 9 7 5 5 8 5 5 4 4 3 3 3 3 3 3 3 3 6 18 18 16 8 8 17 17 14 13 13 12 11 11 13 13 9 6 6 5 5 5 5 5 5 5 5 4
 6 6 4 3 3 3 3 3 3 3 2 2 2 4 4 4 4 4 7 9 9 10 28 28 32 32 18 12 12 15 16 16 10 10 9 5 5 4 5 5 4 4 5 6 6 5
 3 3 5 4 4 3 3 3 3 3 4 5 5 6 6 6 6 6 5 5 5 5 29 29 34 34 22 26 26 26 17 17 10 10 20 7 7 5 5 5 4 4 5 5 5 6
 3 3 5 4 4 3 3 3 3 3 4 5 5 6 6 6 6 6 5 5 5 5 29 29 34 34 22 26 26 26 17 17 10 10 20 7 7 5 5 5 4 4 5 5 5 6
 2 2 3 7 7 4 3 3 4 4 4 6 6 8 8 8 7 7 7 7 7 6 12 12 19 19 17 14 14 22 20 20 18 18 21 19 19 7 4 4 4 4 4 4 4 4
 2 2 3 7 7 4 3 3 4 4 4 6 6 8 8 8 7 7 7 7 7 6 12 12 19 19 17 14 14 22 20 20 18 18 21 19 19 7 4 4 4 4 4 4 4 4
 2 2 3 3 3 7 5 5 5 5 7 10 10 10 9 9 8 8 7 8 8 9 8 8 10 10 17 15 15 19 8 8 4 4 6 8 8 6 4 4 4 4 4 4 4 4
 3 3 3 3 3 3 8 8 6 6 6 8 8 8 9 9 7 7 7 7 7 8 11 11 10 10 14 12 12 9 5 5 4 4 7 9 9 5 3 3 4 4 4 4 4 4
 3 3 3 3 3 3 8 8 6 6 6 8 8 8 9 9 7 7 7 7 7 8 11 11 10 10 14 12 12 9 5 5 4 4 7 9 9 5 3 3 4 4 4 4 4 4
 3 3 3 3 3 4 5 5 4 4 5 6 6 6 7 7 7 7 6 6 6 6 10 10 10 10 13 9 9 7 6 6 4 4 6 7 7 4 3 3 3 3 4 5 5 4
 3 3 3 3 3 3 4 4 4 4 4 6 6 6 6 6 7 7 4 4 4 5 4 4 6 6 5 7 7 7 4 4 5 5 5 8 8 9 3 3 3 3 5 5 5 4
 3 3 3 3 3 3 4 4 4 4 4 6 6 6 6 6 7 7 4 4 4 5 4 4 6 6 5 7 7 7 4 4 5 5 5 8 8 9 3 3 3 3 5 5 5 4
 2 2 3 3 3 3 4 4 4 4 4 4 4 5 5 5 4 4 4 3 3 5 4 4 5 5 3 5 5 6 4 4 2 2 3 4 4 4 5 5 3 3 3 3 3 2
 2 2 3 3 3 3 4 4 4 4 4 4 4 5 5 5 4 4 4 3 3 5 4 4 5 5 3 5 5 6 4 4 2 2 3 4 4 4 5 5 3 3 3 3 3 2
 2 2 3 3 3 3 3 3 3 3 3 3 3 4 3 3 3 3 5 3 3 5 2 2 3 3 3 4 4 3 1 1 1 1 8 6 6 7 8 8 13 13 2 1 1 1
 2 2 2 2 2 3 3 3 3 3 2 3 3 3 3 3 3 3 3 3 3 5 3 3 1 1 8 25 25 17 26 26 2 2 2 36 36 18 10 10 7 7 1 1 1 1
 2 2 2 2 2 3 3 3 3 3 2 3 3 3 3 3 3 3 3 3 3 5 3 3 1 1 8 25 25 17 26 26 2 2 2 36 36 18 10 10 7 7 1 1 1 1
 2 2 2 2 2 2 2 2 2 2 2 1 1 2 2 2 3 3 3 2 2 2 3 3 1 1 1 11 11 1 6 6 6 6 10 4 4 8 15 15 10 10 5 0 0 0
 1 1 1 1 1 1 1 1 1 1 1 1 1 2 2 2 2 2 2 1 1 2 2 2 1 1 0 1 1 1 3 3 8 8 2 4 4 14 14 14 3 3 2 0 0 0
 1 1 1 1 1 1 1 1 1 1 1 1 1 2 2 2 2 2 2 1 1 2 2 2 1 1 0 1 1 1 3 3 8 8 2 4 4 14 14 14 3 3 2 0 0 0
 1 1 1 1 1 0 1 1 1 1 1 1 1 1 1 1 1 1 1 1 1 2 2 2 1 1 0 1 1 1 1 1 6 6 6 6 6 4 4 4 0 0 3 1 1 0
 1 1 1 1 1 0 1 1 1 1 1 1 1 1 1 1 1 1 1 1 1 2 2 2 1 1 0 1 1 1 1 1 6 6 6 6 6 4 4 4 0 0 3 1 1 0
 1 1 1 1 1 0 0 0 1 1 1 1 1 1 1 1 1 1 1 1 1 2 3 3 1 1 1 1 1 1 1 1 1 1 1 1 1 12 4 4 0 0 2 0 0 0
 2 2 2 1 1 1 1 1 1 1 1 1 1 1 1 1 1 1 1 1 1 5 5 5 1 1 1 1 1 0 0 0 0 0 0 0 0 1 1 1 0 0 1 0 0 0
 2 2 2 1 1 1 1 1 1 1 1 1 1 1 1 1 1 1 1 1 1 5 5 5 1 1 1 1 1 0 0 0 0 0 0 0 0 1 1 1 0 0 1 0 0 0
 6 6 3 3 3 3 1 1 2 2 2 2 2 2 1 1 1 1 2 1 1 2 4 4 1 1 1 0 0 0 0 0 0 0 0 0 0 0 1 1 0 0 0 0 0 0
 6 6 6 6 6 1 1 1 4 4 4 4 4 3 2 2 1 1 2 1 1 2 2 2 2 2 1 0 0 0 0 0 0 0 0 2 2 0 0 0 0 0 1 0 0 0
