assets/RAT_results_old/precipitation/2021-01-11_IMERG.asc
ncols        46
nrows        77
xllcorner    74.800261325624
yllcorner    8.058333333333
cellsize     0.062500000000
NODATA_value -9999
 3 3 2 4 4 7 7 7 5 5 6 5 5 4 9 9 12 12 10 11 11 6 5 5 3 3 4 6 6 5 8 8 7 7 7 3 3 2 4 4 3 3 3 3 3 3
 4 4 4 5 5 7 8 8 6 6 7 5 5 4 7 7 12 12 13 10 10 5 4 4 4 4 4 7 7 6 6 6 8 8 8 4 4 3 4 4 5 5 5 4 4 3
 4 4 4 5 5 7 8 8 6 6 7 5 5 4 7 7 12 12 13 10 10 5 4 4 4 4 4 7 7 6 6 6 8 8 8 4 4 3 4 4 5 5 5 4 4 3
 6 6 5 6 6 7 7 7 6 6 6 7 7 6 7 7 16 16 15 12 12 4 4 4 4 4 5 5 5 6 6 6 9 9 9 8 8 4 5 5 6 6 6 6 6 6
 8 8 7 5 5 6 7 7 7 7 4 8 8 12 10 10 15 15 13 11 11 6 5 5 5 5 5 5 5 7 8 8 11 11 11 11 11 10 6 6 6 6 6 6 6 7
 8 8 7 5 5 6 7 7 7 7 4 8 8 12 10 10 15 15 13 11 11 6 5 5 5 5 5 5 5 7 8 8 11 11 11 11 11 10 6 6 6 6 6 6 6 7
 8 8 8 6 6 6 5 5 3 3 4 6 6 11 10 10 11 11 14 13 13 11 8 8 6 6 5 8 8 7 6 6 9 9 9 9 9 8 5 5 7 7 7 7 7 8
 8 8 8 6 6 6 5 5 3 3 4 6 6 11 10 10 11 11 14 13 13 11 8 8 6 6 5 8 8 7 6 6 9 9 9 9 9 8 5 5 7 7 7 7 7 8
 7 7 6 5 5 5 3 3 2 2 4 6 6 10 12 12 12 12 13 13 13 10 8 8 5 5 5 5 5 7 6 6 8 8 9 10 10 10 9 9 9 9 8 9 9 8
 4 4 5 4 4 3 2 2 1 1 4 6 6 10 14 14 16 16 13 12 12 10 7 7 8 8 5 3 3 8 6 6 6 6 9 10 10 10 10 10 10 10 9 7 7 8
 4 4 5 4 4 3 2 2 1 1 4 6 6 10 14 14 16 16 13 12 12 10 7 7 8 8 5 3 3 8 6 6 6 6 9 10 10 10 10 10 10 10 9 7 7 8
 2 2 4 3 3 2 2 2 1 1 3 6 6 9 15 15 15 15 16 12 12 10 7 7 7 7 7 8 8 4 7 7 8 8 8 13 13 15 12 12 10 10 10 8 8 9
 0 0 2 1 1 0 1 1 2 2 4 8 8 9 10 10 12 12 14 12 12 10 7 7 5 5 11 9 9 7 7 7 8 8 13 13 13 17 12 12 9 9 11 13 13 14
 0 0 2 1 1 0 1 1 2 2 4 8 8 9 10 10 12 12 14 12 12 10 7 7 5 5 11 9 9 7 7 7 8 8 13 13 13 17 12 12 9 9 11 13 13 14
 0 0 0 2 2 2 1 1 2 2 3 8 8 11 11 11 12 12 12 11 11 10 9 9 7 7 7 12 12 7 11 11 12 12 17 18 18 20 18 18 13 13 12 16 16 15
 0 0 0 2 2 2 1 1 2 2 3 8 8 11 11 11 12 12 12 11 11 10 9 9 7 7 7 12 12 7 11 11 12 12 17 18 18 20 18 18 13 13 12 16 16 15
 0 0 0 1 1 3 3 3 5 5 4 10 10 11 12 12 12 12 10 9 9 8 8 8 12 12 9 8 8 8 14 14 13 13 20 26 26 26 19 19 16 16 11 15 15 18
 0 0 0 0 0 3 5 5 4 4 6 6 6 11 15 15 16 16 13 12 12 8 5 5 13 13 17 15 15 12 15 15 16 16 23 23 23 25 22 22 19 19 17 15 15 20
 0 0 0 0 0 3 5 5 4 4 6 6 6 11 15 15 16 16 13 12 12 8 5 5 13 13 17 15 15 12 15 15 16 16 23 23 23 25 22 22 19 19 17 15 15 20
 0 0 0 1 1 2 12 12 11 11 7 9 9 10 15 15 18 18 16 15 15 11 27 27 31 31 30 19 19 15 16 16 17 17 21 19 19 21 21 21 18 18 18 19 19 19
 0 0 0 0 0 1 2 2 10 10 6 9 9 12 13 13 15 15 17 21 21 20 34 34 42 42 42 43 43 28 24 24 21 21 23 21 21 22 16 16 20 20 20 19 19 23
 0 0 0 0 0 1 2 2 10 10 6 9 9 12 13 13 15 15 17 21 21 20 34 34 42 42 42 43 43 28 24 24 21 21 23 21 21 22 16 16 20 20 20 19 19 23
 0 0 0 0 0 0 1 1 2 2 14 11 11 18 12 12 13 13 18 26 26 25 34 34 48 48 56 57 57 37 39 39 29 29 28 25 25 19 14 14 13 13 18 20 20 23
 0 0 0 0 0 0 1 1 2 2 14 11 11 18 12 12 13 13 18 26 26 25 34 34 48 48 56 57 57 37 39 39 29 29 28 25 25 19 14 14 13 13 18 20 20 23
 0 0 0 0 0 0 1 1 1 1 2 2 2 12 10 10 13 13 12 15 15 22 15 15 48 48 70 55 55 41 39 39 29 29 26 27 27 19 14 14 12 12 12 16 16 20
 1 1 1 1 1 1 1 1 1 1 1 2 2 5 13 13 16 16 22 19 19 18 12 12 47 47 60 52 52 34 31 31 22 22 25 22 22 19 15 15 16 16 12 10 10 19
 1 1 1 1 1 1 1 1 1 1 1 2 2 5 13 13 16 16 22 19 19 18 12 12 47 47 60 52 52 34 31 31 22 22 25 22 22 19 15 15 16 16 12 10 10 19
 1 1 1 2 2 1 1 1 1 1 2 3 3 8 17 17 25 25 21 21 21 22 28 28 43 43 33 40 40 27 22 22 18 18 20 20 20 17 12 12 12 12 16 16 16 21
 2 2 2 3 3 4 3 3 1 1 2 3 3 9 12 12 24 24 20 22 22 25 31 31 33 33 34 27 27 21 15 15 14 14 19 13 13 13 15 15 18 18 14 17 17 19
 2 2 2 3 3 4 3 3 1 1 2 3 3 9 12 12 24 24 20 22 22 25 31 31 33 33 34 27 27 21 15 15 14 14 19 13 13 13 15 15 18 18 14 17 17 19
 3 3 2 2 2 3 3 3 2 2 1 1 1 1 7 7 22 22 24 21 21 25 27 27 27 27 37 32 32 21 15 15 16 16 10 13 13 18 17 17 17 17 19 15 15 17
 3 3 2 2 2 3 3 3 2 2 1 1 1 1 7 7 22 22 24 21 21 25 27 27 27 27 37 32 32 21 15 15 16 16 10 13 13 18 17 17 17 17 19 15 15 17
 4 4 2 1 1 2 2 2 2 2 1 1 1 2 7 7 19 19 19 18 18 28 10 10 24 24 34 30 30 31 16 16 12 12 10 11 11 21 15 15 9 9 10 12 12 13
 5 5 2 2 2 1 1 1 2 2 1 1 1 1 6 6 11 11 25 25 25 21 10 10 20 20 37 29 29 27 13 13 3 3 13 13 13 18 16 16 10 10 9 10 10 11
 5 5 2 2 2 1 1 1 2 2 1 1 1 1 6 6 11 11 25 25 25 21 10 10 20 20 37 29 29 27 13 13 3 3 13 13 13 18 16 16 10 10 9 10 10 11
 4 4 3 2 2 1 1 1 1 1 1 0 0 0 2 2 8 8 16 21 21 21 20 20 20 20 31 23 23 22 26 26 9 9 13 15 15 18 15 15 11 11 8 11 11 10
 5 5 5 3 3 1 1 1 1 1 0 0 0 0 1 1 5 5 7 14 14 15 19 19 25 25 28 21 21 29 28 28 21 21 15 11 11 14 12 12 13 13 8 10 10 11
 5 5 5 3 3 1 1 1 1 1 0 0 0 0 1 1 5 5 7 14 14 15 19 19 25 25 28 21 21 29 28 28 21 21 15 11 11 14 12 12 13 13 8 10 10 11
 6 6 6 3 3 1 1 1 0 0 0 0 0 0 0 0 2 2 3 7 7 15 18 18 21 21 35 27 27 27 31 31 25 25 27 12 12 10 13 13 11 11 8 13 13 15
 6 6 6 3 3 1 1 1 0 0 0 0 0 0 0 0 2 2 3 7 7 15 18 18 21 21 35 27 27 27 31 31 25 25 27 12 12 10 13 13 11 11 8 13 13 15
 10 10 9 4 4 3 1 1 0 0 1 0 0 0 0 0 2 2 3 3 3 4 5 5 19 19 31 23 23 23 21 21 28 28 26 23 23 20 12 12 10 10 12 12 12 15
 13 13 12 10 10 8 4 4 2 2 2 1 1 0 0 0 0 0 1 2 2 2 3 3 13 13 24 11 11 10 16 16 22 22 20 17 17 14 11 11 12 12 10 10 10 12
 13 13 12 10 10 8 4 4 2 2 2 1 1 0 0 0 0 0 1 2 2 2 3 3 13 13 24 11 11 10 16 16 22 22 20 17 17 14 11 11 12 12 10 10 10 12
 20 20 19 15 15 11 6 6 4 4 4 1 1 1 0 0 1 1 2 2 2 2 2 2 6 6 8 8 8 5 13 13 11 11 9 14 14 14 13 13 14 14 9 6 6 4
 18 18 19 20 20 20 14 14 9 9 8 3 3 2 0 0 1 1 1 2 2 2 2 2 3 3 4 8 8 3 7 7 2 2 9 6 6 6 8 8 6 6 4 3 3 5
 18 18 19 20 20 20 14 14 9 9 8 3 3 2 0 0 1 1 1 2 2 2 2 2 3 3 4 8 8 3 7 7 2 2 9 6 6 6 8 8 6 6 4 3 3 5
 21 21 22 23 23 20 14 14 9 9 6 4 4 3 1 1 2 2 4 4 4 2 1 1 4 4 12 8 8 14 3 3 4 4 4 7 7 6 4 4 4 4 5 3 3 3
 21 21 22 23 23 20 14 14 9 9 6 4 4 3 1 1 2 2 4 4 4 2 1 1 4 4 12 8 8 14 3 3 4 4 4 7 7 6 4 4 4 4 5 3 3 3
 12 12 12 11 11 13 10 10 7 7 5 5 5 4 1 1 3 3 4 4 4 1 1 1 4 4 5 8 8 4 6 6 4 4 4 4 4 4 5 5 4 4 4 3 3 4
 13 13 13 12 12 11 10 10 8 8 6 5 5 3 3 3 1 1 0 1 1 1 2 2 7 7 14 12 12 16 6 6 5 5 2 4 4 7 4 4 4 4 4 6 6 4
 13 13 13 12 12 11 10 10 8 8 6 5 5 3 3 3 1 1 0 1 1 1 2 2 7 7 14 12 12 16 6 6 5 5 2 4 4 7 4 4 4 4 4 6 6 4
 8 8 10 9 9 9 8 8 8 8 6 5 5 3 3 3 1 1 0 1 1 1 2 2 7 7 16 14 14 6 6 6 6 6 6 7 7 11 3 3 4 4 4 5 5 3
 11 11 13 14 14 13 11 11 9 9 6 5 5 4 3 3 1 1 1 1 1 1 1 1 6 6 11 9 9 3 6 6 8 8 6 9 9 9 5 5 4 4 4 5 5 4
 11 11 13 14 14 13 11 11 9 9 6 5 5 4 3 3 1 1 1 1 1 1 1 1 6 6 11 9 9 3 6 6 8 8 6 9 9 9 5 5 4 4 4 5 5 4
 16 16 15 17 17 17 15 15 16 16 13 6 6 4 1 1 1 1 1 2 2 1 2 2 5 5 6 10 10 17 14 14 10 10 4 4 4 5 5 5 4 4 4 4 4 4
 16 16 15 17 17 17 15 15 16 16 13 6 6 4 1 1 1 1 1 2 2 1 2 2 5 5 6 10 10 17 14 14 10 10 4 4 4 5 5 5 4 4 4 4 4 4
 18 18 19 18 18 19 16 16 14 14 10 5 5 2 1 1 1 1 1 2 2 4 5 5 5 5 7 9 9 14 21 21 9 9 5 3 3 5 9 9 5 5 4 5 5 5
 25 25 28 30 30 31 30 30 21 21 14 8 8 2 1 1 1 1 4 4 4 4 3 3 3 3 6 6 6 5 16 16 7 7 4 3 3 4 5 5 4 4 4 4 4 5
 25 25 28 30 30 31 30 30 21 21 14 8 8 2 1 1 1 1 4 4 4 4 3 3 3 3 6 6 6 5 16 16 7 7 4 3 3 4 5 5 4 4 4 4 4 5
 30 30 34 34 34 33 25 25 15 15 4 1 1 2 1 1 1 1 1 4 4 4 2 2 3 3 8 5 5 3 4 4 4 4 4 3 3 3 2 2 2 2 2 3 3 3
 21 21 21 19 19 17 7 7 7 7 4 1 1 1 1 1 1 1 1 1 1 2 4 4 5 5 6 9 9 10 4 4 18 18 4 5 5 4 2 2 2 2 2 2 2 2
 21 21 21 19 19 17 7 7 7 7 4 1 1 1 1 1 1 1 1 1 1 2 4 4 5 5 6 9 9 10 4 4 18 18 4 5 5 4 2 2 2 2 2 2 2 2
 20 20 20 14 14 13 6 6 5 5 4 3 3 2 1 1 1 1 1 2 2 4 6 6 10 10 14 9 9 8 10 10 5 5 3 1 1 1 2 2 2 2 2 3 3 3
 20 20 20 14 14 13 6 6 5 5 4 3 3 2 1 1 1 1 1 2 2 4 6 6 10 10 14 9 9 8 10 10 5 5 3 1 1 1 2 2 2 2 2 3 3 3
 12 12 8 7 7 6 6 6 6 6 4 3 3 3 3 3 2 2 2 2 2 3 8 8 9 9 10 11 11 6 9 9 7 7 2 1 1 2 3 3 6 6 2 2 2 4
 9 9 6 5 5 4 4 4 3 3 4 3 3 3 4 4 3 3 3 3 3 3 12 12 13 13 13 11 11 9 2 2 3 3 4 10 10 1 1 1 3 3 3 3 3 7
 9 9 6 5 5 4 4 4 3 3 4 3 3 3 4 4 3 3 3 3 3 3 12 12 13 13 13 11 11 9 2 2 3 3 4 10 10 1 1 1 3 3 3 3 3 7
 10 10 6 4 4 2 2 2 2 2 2 2 2 3 3 3 4 4 6 5 5 5 3 3 13 13 13 11 11 1 2 2 1 1 2 3 3 2 2 2 3 3 3 3 3 5
 17 17 9 4 4 2 2 2 2 2 2 2 2 3 3 3 2 2 3 5 5 4 3 3 14 14 13 11 11 1 5 5 1 1 2 2 2 2 8 8 3 3 4 3 3 3
 17 17 9 4 4 2 2 2 2 2 2 2 2 3 3 3 2 2 3 5 5 4 3 3 14 14 13 11 11 1 5 5 1 1 2 2 2 2 8 8 3 3 4 3 3 3
 19 19 10 6 6 5 5 5 4 4 6 4 4 4 4 4 4 4 4 5 5 6 2 2 8 8 7 6 6 6 1 1 1 1 2 4 4 3 2 2 3 3 3 5 5 3
 19 19 10 6 6 5 5 5 4 4 6 4 4 4 4 4 4 4 4 5 5 6 2 2 8 8 7 6 6 6 1 1 1 1 2 4 4 3 2 2 3 3 3 5 5 3
 27 27 29 18 18 8 9 9 10 10 14 18 18 19 21 21 17 17 6 7 7 7 3 3 12 12 4 1 1 1 3 3 2 2 5 4 4 5 4 4 5 5 5 4 4 4
 38 38 37 26 26 26 18 18 23 23 18 20 20 22 35 35 26 26 22 21 21 12 3 3 9 9 5 2 2 3 4 4 5 5 5 4 4 6 6 6 7 7 8 7 7 8
 38 38 37 26 26 26 18 18 23 23 18 20 20 22 35 35 26 26 22 21 21 12 3 3 9 9 5 2 2 3 4 4 5 5 5 4 4 6 6 6 7 7 8 7 7 8
 40 40 41 39 39 31 26 26 37 37 37 27 27 34 32 32 24 24 25 24 24 15 15 15 10 10 10 8 8 7 7 7 5 5 6 6 6 6 10 10 10 10 12 9 9 10
 43 43 37 43 43 22 27 27 47 47 37 30 30 29 18 18 25 25 24 23 23 14 14 14 23 23 29 23 23 9 8 8 7 7 7 10 10 5 6 6 7 7 13 9 9 12
