assets/RAT_results_old/precipitation/2021-08-29_IMERG.asc
ncols        46
nrows        77
xllcorner    74.800261325624
yllcorner    8.058333333333
cellsize     0.062500000000
NODATA_value -9999
 18 18 20 17 17 18 14 14 13 13 10 7 7 4 4 4 2 2 3 3 3 2 1 1 1 1 0 0 0 0 0 0 1 1 1 1 1 1 1 1 0 0 0 0 0 0
 19 19 18 13 13 14 14 14 11 11 9 7 7 3 4 4 4 4 3 4 4 3 0 0 0 0 0 0 0 0 0 0 0 0 0 1 1 1 1 1 0 0 0 0 0 0
 19 19 18 13 13 14 14 14 11 11 9 7 7 3 4 4 4 4 3 4 4 3 0 0 0 0 0 0 0 0 0 0 0 0 0 1 1 1 1 1 0 0 0 0 0 0
 17 17 15 14 14 13 12 12 10 10 7 4 4 3 3 3 4 4 5 4 4 3 1 1 1 1 1 1 1 0 0 0 0 0 0 0 0 1 0 0 0 0 0 0 0 0
 23 23 25 22 22 22 16 16 12 12 11 5 5 6 3 3 5 5 5 4 4 2 2 2 1 1 1 2 2 1 0 0 0 0 0 0 0 0 0 0 0 0 0 0 0 0
 23 23 25 22 22 22 16 16 12 12 11 5 5 6 3 3 5 5 5 4 4 2 2 2 1 1 1 2 2 1 0 0 0 0 0 0 0 0 0 0 0 0 0 0 0 0
 34 34 22 29 29 21 18 18 14 14 14 3 3 6 4 4 5 5 5 4 4 3 2 2 2 2 2 2 2 1 1 1 1 1 0 0 0 0 0 0 0 0 0 0 0 0
 34 34 22 29 29 21 18 18 14 14 14 3 3 6 4 4 5 5 5 4 4 3 2 2 2 2 2 2 2 1 1 1 1 1 0 0 0 0 0 0 0 0 0 0 0 0
 41 41 36 32 32 31 23 23 17 17 13 15 15 8 4 4 4 4 4 4 4 3 1 1 2 2 0 1 1 0 0 0 1 1 1 0 0 0 0 0 0 0 0 0 0 0
 21 21 33 35 35 25 26 26 21 21 18 18 18 8 4 4 3 3 3 3 3 3 1 1 1 1 0 0 0 0 0 0 1 1 1 1 1 0 0 0 0 0 0 0 0 0
 21 21 33 35 35 25 26 26 21 21 18 18 18 8 4 4 3 3 3 3 3 3 1 1 1 1 0 0 0 0 0 0 1 1 1 1 1 0 0 0 0 0 0 0 0 0
 22 22 28 32 32 27 25 25 18 18 16 7 7 7 5 5 3 3 3 3 3 2 1 1 1 1 1 0 0 0 0 0 0 0 0 1 1 1 0 0 0 0 0 0 0 0
 25 25 18 24 24 34 25 25 17 17 16 8 8 10 11 11 4 4 6 3 3 2 1 1 2 2 1 1 1 0 0 0 0 0 0 0 0 0 0 0 0 0 0 1 1 1
 25 25 18 24 24 34 25 25 17 17 16 8 8 10 11 11 4 4 6 3 3 2 1 1 2 2 1 1 1 0 0 0 0 0 0 0 0 0 0 0 0 0 0 1 1 1
 12 12 16 23 23 30 30 30 31 31 21 17 17 18 11 11 6 6 6 5 5 4 3 3 2 2 1 0 0 0 0 0 0 0 0 0 0 0 1 1 0 0 0 1 1 1
 12 12 16 23 23 30 30 30 31 31 21 17 17 18 11 11 6 6 6 5 5 4 3 3 2 2 1 0 0 0 0 0 0 0 0 0 0 0 1 1 0 0 0 1 1 1
 13 13 12 12 12 28 24 24 29 29 23 17 17 25 14 14 5 5 5 5 5 4 4 4 2 2 2 1 1 0 0 0 0 0 0 0 0 1 2 2 1 1 1 1 1 1
 14 14 13 14 14 29 22 22 33 33 42 43 43 34 19 19 9 9 6 7 7 5 3 3 2 2 1 1 1 0 0 0 0 0 0 1 1 1 1 1 1 1 1 1 1 1
 14 14 13 14 14 29 22 22 33 33 42 43 43 34 19 19 9 9 6 7 7 5 3 3 2 2 1 1 1 0 0 0 0 0 0 1 1 1 1 1 1 1 1 1 1 1
 13 13 15 20 20 20 41 41 51 51 48 50 50 36 13 13 17 17 11 12 12 11 4 4 3 3 1 1 1 1 0 0 0 0 0 1 1 1 1 1 1 1 1 0 0 1
 15 15 20 33 33 37 45 45 62 62 51 52 52 47 27 27 18 18 15 17 17 12 4 4 4 4 2 2 2 2 6 6 4 4 1 2 2 1 0 0 0 0 0 0 0 0
 15 15 20 33 33 37 45 45 62 62 51 52 52 47 27 27 18 18 15 17 17 12 4 4 4 4 2 2 2 2 6 6 4 4 1 2 2 1 0 0 0 0 0 0 0 0
 18 18 21 33 33 46 48 48 30 30 27 30 30 35 34 34 22 22 20 17 17 14 12 12 7 7 5 6 6 4 7 7 6 6 5 3 3 1 0 0 0 0 0 0 0 0
 18 18 21 33 33 46 48 48 30 30 27 30 30 35 34 34 22 22 20 17 17 14 12 12 7 7 5 6 6 4 7 7 6 6 5 3 3 1 0 0 0 0 0 0 0 0
 18 18 20 21 21 27 31 31 27 27 22 31 31 40 34 34 27 27 22 13 13 15 15 15 10 10 9 7 7 8 7 7 3 3 1 3 3 1 0 0 0 0 1 2 2 2
 22 22 23 22 22 24 26 26 24 24 19 30 30 29 37 37 30 30 32 19 19 10 11 11 8 8 11 6 6 7 8 8 4 4 0 1 1 0 0 0 0 0 2 2 2 2
 22 22 23 22 22 24 26 26 24 24 19 30 30 29 37 37 30 30 32 19 19 10 11 11 8 8 11 6 6 7 8 8 4 4 0 1 1 0 0 0 0 0 2 2 2 2
 21 21 21 21 21 28 36 36 34 34 15 20 20 24 28 28 34 34 29 17 17 11 14 14 7 7 9 4 4 6 4 4 5 5 2 1 1 1 0 0 0 0 2 3 3 4
 20 20 20 21 21 26 34 34 33 33 32 33 33 33 26 26 38 38 29 19 19 15 19 19 11 11 9 7 7 7 8 8 6 6 3 1 1 1 1 1 3 3 3 10 10 4
 20 20 20 21 21 26 34 34 33 33 32 33 33 33 26 26 38 38 29 19 19 15 19 19 11 11 9 7 7 7 8 8 6 6 3 1 1 1 1 1 3 3 3 10 10 4
 18 18 20 20 20 24 25 25 34 34 36 34 34 26 25 25 32 32 25 17 17 22 18 18 17 17 9 8 8 7 7 7 13 13 4 1 1 2 2 2 4 4 4 11 11 4
 18 18 20 20 20 24 25 25 34 34 36 34 34 26 25 25 32 32 25 17 17 22 18 18 17 17 9 8 8 7 7 7 13 13 4 1 1 2 2 2 4 4 4 11 11 4
 18 18 18 16 16 18 19 19 28 28 32 35 35 35 24 24 44 44 36 23 23 21 13 13 11 11 10 7 7 10 10 10 12 12 5 3 3 3 5 5 6 6 3 1 1 1
 13 13 14 13 13 19 19 19 24 24 17 20 20 23 25 25 40 40 44 41 41 29 19 19 14 14 10 13 13 14 16 16 15 15 7 5 5 4 4 4 4 4 3 1 1 2
 13 13 14 13 13 19 19 19 24 24 17 20 20 23 25 25 40 40 44 41 41 29 19 19 14 14 10 13 13 14 16 16 15 15 7 5 5 4 4 4 4 4 3 1 1 2
 15 15 13 17 17 21 19 19 16 16 14 21 21 23 23 23 41 41 43 51 51 34 30 30 25 25 25 19 19 19 17 17 16 16 11 5 5 6 4 4 5 5 4 5 5 5
 20 20 22 22 22 27 26 26 21 21 21 25 25 26 26 26 33 33 32 33 33 41 34 34 29 29 20 20 20 18 18 18 16 16 14 14 14 7 5 5 5 5 5 5 5 6
 20 20 22 22 22 27 26 26 21 21 21 25 25 26 26 26 33 33 32 33 33 41 34 34 29 29 20 20 20 18 18 18 16 16 14 14 14 7 5 5 5 5 5 5 5 6
 25 25 26 31 31 40 36 36 27 27 26 31 31 26 27 27 37 37 31 38 38 40 29 29 24 24 19 23 23 21 18 18 19 19 17 13 13 9 8 8 6 6 9 7 7 8
 25 25 26 31 31 40 36 36 27 27 26 31 31 26 27 27 37 37 31 38 38 40 29 29 24 24 19 23 23 21 18 18 19 19 17 13 13 9 8 8 6 6 9 7 7 8
 29 29 29 32 32 42 40 40 38 38 39 30 30 22 24 24 25 25 31 40 40 45 37 37 38 38 36 34 34 25 23 23 23 23 22 18 18 17 14 14 12 12 9 7 7 5
 33 33 32 37 37 37 37 37 33 33 31 24 24 23 22 22 19 19 52 41 41 54 41 41 47 47 48 45 45 33 21 21 20 20 23 22 22 16 15 15 14 14 12 8 8 5
 33 33 32 37 37 37 37 37 33 33 31 24 24 23 22 22 19 19 52 41 41 54 41 41 47 47 48 45 45 33 21 21 20 20 23 22 22 16 15 15 14 14 12 8 8 5
 32 32 38 35 35 34 28 28 25 25 26 25 25 21 18 18 19 19 53 37 37 58 49 49 47 47 47 51 51 32 23 23 20 20 23 22 22 15 15 15 16 16 12 9 9 4
 35 35 37 36 36 25 25 25 23 23 24 25 25 20 19 19 19 19 27 36 36 43 48 48 39 39 39 39 39 29 21 21 15 15 21 23 23 25 16 16 10 10 7 6 6 4
 35 35 37 36 36 25 25 25 23 23 24 25 25 20 19 19 19 19 27 36 36 43 48 48 39 39 39 39 39 29 21 21 15 15 21 23 23 25 16 16 10 10 7 6 6 4
 51 51 42 41 41 27 24 24 22 22 24 25 25 23 23 23 16 16 17 31 31 45 38 38 40 40 38 30 30 23 14 14 10 10 12 16 16 22 11 11 7 7 5 6 6 3
 51 51 42 41 41 27 24 24 22 22 24 25 25 23 23 23 16 16 17 31 31 45 38 38 40 40 38 30 30 23 14 14 10 10 12 16 16 22 11 11 7 7 5 6 6 3
 57 57 46 44 44 37 38 38 33 33 31 29 29 25 23 23 17 17 16 17 17 37 36 36 30 30 28 19 19 17 12 12 10 10 7 12 12 9 7 7 4 4 4 4 4 2
 54 54 48 44 44 41 39 39 38 38 35 32 32 27 22 22 16 16 13 16 16 30 30 30 25 25 17 15 15 11 9 9 6 6 6 10 10 6 4 4 4 4 3 5 5 3
 54 54 48 44 44 41 39 39 38 38 35 32 32 27 22 22 16 16 13 16 16 30 30 30 25 25 17 15 15 11 9 9 6 6 6 10 10 6 4 4 4 4 3 5 5 3
 48 48 51 50 50 49 45 45 40 40 38 37 37 30 22 22 21 21 17 16 16 26 26 26 24 24 18 11 11 8 6 6 4 4 6 7 7 7 5 5 5 5 3 4 4 5
 45 45 51 53 53 56 53 53 40 40 35 37 37 33 27 27 26 26 21 21 21 17 25 25 30 30 18 13 13 9 8 8 6 6 6 7 7 8 6 6 3 3 3 3 3 3
 45 45 51 53 53 56 53 53 40 40 35 37 37 33 27 27 26 26 21 21 21 17 25 25 30 30 18 13 13 9 8 8 6 6 6 7 7 8 6 6 3 3 3 3 3 3
 43 43 45 36 36 44 49 49 37 37 38 31 31 32 29 29 25 25 21 21 21 21 34 34 36 36 24 20 20 13 15 15 10 10 9 7 7 7 5 5 4 4 4 5 5 2
 43 43 45 36 36 44 49 49 37 37 38 31 31 32 29 29 25 25 21 21 21 21 34 34 36 36 24 20 20 13 15 15 10 10 9 7 7 7 5 5 4 4 4 5 5 2
 41 41 36 33 33 34 36 36 46 46 33 32 32 30 28 28 24 24 23 20 20 28 41 41 35 35 30 26 26 19 21 21 15 15 17 13 13 9 5 5 6 6 5 6 6 3
 26 26 26 24 24 28 36 36 37 37 23 23 23 24 23 23 25 25 18 17 17 16 40 40 35 35 36 37 37 31 28 28 20 20 18 13 13 11 9 9 8 8 9 9 9 3
 26 26 26 24 24 28 36 36 37 37 23 23 23 24 23 23 25 25 18 17 17 16 40 40 35 35 36 37 37 31 28 28 20 20 18 13 13 11 9 9 8 8 9 9 9 3
 16 16 17 20 20 22 24 24 28 28 19 20 20 27 28 28 29 29 27 20 20 16 19 19 42 42 37 36 36 32 31 31 18 18 16 11 11 12 10 10 8 8 10 11 11 5
 11 11 14 17 17 12 21 21 26 26 24 20 20 25 35 35 29 29 32 20 20 17 17 17 37 37 39 37 37 34 24 24 21 21 19 13 13 15 12 12 12 12 12 7 7 5
 11 11 14 17 17 12 21 21 26 26 24 20 20 25 35 35 29 29 32 20 20 17 17 17 37 37 39 37 37 34 24 24 21 21 19 13 13 15 12 12 12 12 12 7 7 5
 10 10 12 12 12 11 19 19 16 16 16 16 16 16 27 27 29 29 33 24 24 24 22 22 34 34 43 32 32 25 22 22 21 21 18 11 11 13 12 12 13 13 12 11 11 5
 10 10 12 12 12 11 19 19 16 16 16 16 16 16 27 27 29 29 33 24 24 24 22 22 34 34 43 32 32 25 22 22 21 21 18 11 11 13 12 12 13 13 12 11 11 5
 10 10 8 13 13 17 15 15 10 10 13 15 15 16 21 21 24 24 33 26 26 25 16 16 25 25 44 31 31 26 18 18 14 14 9 9 9 10 12 12 13 13 12 10 10 6
 9 9 9 13 13 16 10 10 9 9 10 13 13 14 20 20 22 22 28 26 26 20 20 20 18 18 27 31 31 29 24 24 15 15 11 8 8 9 12 12 19 19 10 12 12 8
 9 9 9 13 13 16 10 10 9 9 10 13 13 14 20 20 22 22 28 26 26 20 20 20 18 18 27 31 31 29 24 24 15 15 11 8 8 9 12 12 19 19 10 12 12 8
 7 7 8 10 10 11 10 10 13 13 17 14 14 15 20 20 21 21 20 23 23 30 22 22 11 11 15 30 30 31 24 24 17 17 12 9 9 10 13 13 18 18 17 9 9 9
 6 6 6 6 6 7 7 7 12 12 17 14 14 13 16 16 18 18 18 18 18 19 12 12 9 9 10 15 15 27 22 22 23 23 20 17 17 11 11 11 18 18 19 16 16 12
 6 6 6 6 6 7 7 7 12 12 17 14 14 13 16 16 18 18 18 18 18 19 12 12 9 9 10 15 15 27 22 22 23 23 20 17 17 11 11 11 18 18 19 16 16 12
 5 5 5 5 5 6 6 6 11 11 13 18 18 12 14 14 14 14 13 14 14 14 11 11 14 14 9 12 12 20 18 18 17 17 15 14 14 15 14 14 14 14 12 18 18 20
 5 5 5 5 5 6 6 6 11 11 13 18 18 12 14 14 14 14 13 14 14 14 11 11 14 14 9 12 12 20 18 18 17 17 15 14 14 15 14 14 14 14 12 18 18 20
 7 7 7 7 7 7 8 8 11 11 16 15 15 13 15 15 12 12 12 11 11 12 10 10 11 11 9 17 17 22 20 20 20 20 25 19 19 14 13 13 11 11 9 20 20 18
 7 7 6 6 6 7 9 9 13 13 16 16 16 15 18 18 11 11 10 9 9 8 9 9 13 13 7 14 14 16 20 20 13 13 23 19 19 19 16 16 13 13 12 17 17 18
 7 7 6 6 6 7 9 9 13 13 16 16 16 15 18 18 11 11 10 9 9 8 9 9 13 13 7 14 14 16 20 20 13 13 23 19 19 19 16 16 13 13 12 17 17 18
 8 8 6 7 7 6 7 7 11 11 14 15 15 15 18 18 16 16 10 10 10 9 10 10 14 14 19 17 17 19 21 21 18 18 29 27 27 19 25 25 22 22 19 23 23 22
 19 19 10 9 9 9 10 10 13 13 14 15 15 17 19 19 19 19 17 13 13 12 20 20 13 13 16 16 16 19 18 18 13 13 14 14 14 26 21 21 18 18 23 21 21 20
