assets/RAT_results_old/precipitation/2021-10-26_IMERG.asc
ncols        46
nrows        77
xllcorner    74.800261325624
yllcorner    8.058333333333
cellsize     0.062500000000
NODATA_value -9999
 2 2 1 0 0 0 0 0 0 0 0 1 1 2 3 3 3 3 1 1 1 0 0 0 0 0 0 0 0 0 0 0 0 0 0 0 0 0 0 0 0 0 0 0 0 0
 3 3 2 1 1 0 0 0 0 0 0 1 1 1 3 3 3 3 2 3 3 1 1 1 0 0 0 0 0 3 0 0 0 0 0 2 2 0 0 0 0 0 0 0 0 0
 3 3 2 1 1 0 0 0 0 0 0 1 1 1 3 3 3 3 2 3 3 1 1 1 0 0 0 0 0 3 0 0 0 0 0 2 2 0 0 0 0 0 0 0 0 0
 3 3 2 0 0 0 0 0 1 1 0 1 1 0 1 1 2 2 1 2 2 9 5 5 3 3 1 0 0 0 0 0 0 0 0 0 0 0 0 0 0 0 0 0 0 0
 1 1 2 3 3 1 2 2 3 3 1 0 0 1 0 0 0 0 1 2 2 13 10 10 4 4 2 0 0 0 0 0 0 0 1 0 0 0 0 0 0 0 0 0 0 0
 1 1 2 3 3 1 2 2 3 3 1 0 0 1 0 0 0 0 1 2 2 13 10 10 4 4 2 0 0 0 0 0 0 0 1 0 0 0 0 0 0 0 0 0 0 0
 2 2 1 3 3 1 3 3 5 5 2 1 1 0 0 0 2 2 1 0 0 5 3 3 4 4 3 1 1 0 1 1 1 1 2 2 2 2 0 0 0 0 0 0 0 0
 2 2 1 3 3 1 3 3 5 5 2 1 1 0 0 0 2 2 1 0 0 5 3 3 4 4 3 1 1 0 1 1 1 1 2 2 2 2 0 0 0 0 0 0 0 0
 2 2 2 2 2 3 3 3 6 6 3 2 2 1 3 3 3 3 2 2 2 2 3 3 2 2 2 2 2 2 3 3 2 2 2 2 2 2 0 0 0 0 0 0 0 0
 3 3 3 1 1 3 3 3 4 4 3 2 2 1 3 3 5 5 1 2 2 2 2 2 2 2 12 7 7 9 10 10 6 6 6 2 2 2 0 0 0 0 0 0 0 0
 3 3 3 1 1 3 3 3 4 4 3 2 2 1 3 3 5 5 1 2 2 2 2 2 2 2 12 7 7 9 10 10 6 6 6 2 2 2 0 0 0 0 0 0 0 0
 0 0 2 1 1 3 3 3 2 2 2 1 1 2 1 1 1 1 1 1 1 2 2 2 3 3 4 13 13 12 13 13 6 6 3 0 0 0 0 0 0 0 0 0 0 0
 0 0 0 1 1 2 2 2 4 4 2 1 1 4 5 5 8 8 3 2 2 3 1 1 4 4 1 9 9 5 7 7 4 4 1 0 0 0 0 0 0 0 0 0 0 0
 0 0 0 1 1 2 2 2 4 4 2 1 1 4 5 5 8 8 3 2 2 3 1 1 4 4 1 9 9 5 7 7 4 4 1 0 0 0 0 0 0 0 0 0 0 0
 0 0 0 0 0 1 1 1 3 3 2 2 2 7 10 10 8 8 3 5 5 7 2 2 4 4 5 5 5 2 3 3 1 1 1 0 0 0 0 0 0 0 0 0 0 0
 0 0 0 0 0 1 1 1 3 3 2 2 2 7 10 10 8 8 3 5 5 7 2 2 4 4 5 5 5 2 3 3 1 1 1 0 0 0 0 0 0 0 0 0 0 0
 1 1 1 0 0 1 1 1 1 1 3 3 3 3 7 7 6 6 6 1 1 3 3 3 4 4 2 0 0 1 2 2 2 2 0 1 1 1 0 0 0 0 0 0 0 0
 1 1 1 1 1 1 0 0 0 0 3 2 2 4 4 4 3 3 4 0 0 0 0 0 0 0 0 0 0 0 0 0 0 0 0 0 0 0 0 0 0 0 0 0 0 0
 1 1 1 1 1 1 0 0 0 0 3 2 2 4 4 4 3 3 4 0 0 0 0 0 0 0 0 0 0 0 0 0 0 0 0 0 0 0 0 0 0 0 0 0 0 0
 0 0 1 1 1 1 0 0 0 0 0 1 1 1 0 0 3 3 0 0 0 0 0 0 0 0 0 0 0 0 0 0 0 0 0 0 0 0 0 0 0 0 0 0 0 0
 1 1 1 1 1 1 1 1 1 1 0 2 2 3 2 2 2 2 0 1 1 4 2 2 0 0 0 0 0 1 1 1 1 1 0 0 0 0 0 0 0 0 1 4 4 3
 1 1 1 1 1 1 1 1 1 1 0 2 2 3 2 2 2 2 0 1 1 4 2 2 0 0 0 0 0 1 1 1 1 1 0 0 0 0 0 0 0 0 1 4 4 3
 1 1 1 1 1 0 1 1 0 0 0 1 1 2 3 3 3 3 2 0 0 1 0 0 0 0 0 0 0 3 2 2 2 2 0 0 0 0 0 0 5 5 2 13 13 4
 1 1 1 1 1 0 1 1 0 0 0 1 1 2 3 3 3 3 2 0 0 1 0 0 0 0 0 0 0 3 2 2 2 2 0 0 0 0 0 0 5 5 2 13 13 4
 4 4 1 1 1 1 1 1 2 2 1 2 2 3 4 4 3 3 3 0 0 0 0 0 0 0 0 0 0 1 1 1 1 1 0 1 1 3 0 0 3 3 29 7 7 2
 5 5 3 6 6 11 6 6 9 9 2 1 1 0 2 2 3 3 1 0 0 0 0 0 0 0 0 0 0 1 0 0 0 0 1 4 4 6 2 2 3 3 1 6 6 2
 5 5 3 6 6 11 6 6 9 9 2 1 1 0 2 2 3 3 1 0 0 0 0 0 0 0 0 0 0 1 0 0 0 0 1 4 4 6 2 2 3 3 1 6 6 2
 4 4 6 18 18 21 15 15 9 9 3 1 1 1 1 1 3 3 0 0 0 0 0 0 0 0 0 0 0 0 0 0 0 0 1 0 0 0 4 4 12 12 3 0 0 0
 3 3 6 8 8 9 6 6 5 5 3 2 2 2 0 0 1 1 2 0 0 0 0 0 0 0 0 0 0 0 0 0 0 0 0 0 0 1 0 0 0 0 0 0 0 0
 3 3 6 8 8 9 6 6 5 5 3 2 2 2 0 0 1 1 2 0 0 0 0 0 0 0 0 0 0 0 0 0 0 0 0 0 0 1 0 0 0 0 0 0 0 0
 1 1 2 8 8 1 2 2 2 2 2 2 2 0 0 0 1 1 1 0 0 0 0 0 0 0 0 0 0 0 0 0 0 0 0 1 1 2 1 1 1 1 0 0 0 0
 1 1 2 8 8 1 2 2 2 2 2 2 2 0 0 0 1 1 1 0 0 0 0 0 0 0 0 0 0 0 0 0 0 0 0 1 1 2 1 1 1 1 0 0 0 0
 0 0 0 1 1 1 1 1 2 2 2 2 2 1 1 1 1 1 1 1 1 0 0 0 0 0 0 1 1 1 0 0 1 1 0 0 0 1 2 2 1 1 1 0 0 0
 0 0 0 0 0 0 0 0 1 1 1 1 1 2 1 1 1 1 1 2 2 1 0 0 1 1 1 3 3 3 1 1 1 1 1 0 0 0 1 1 1 1 0 0 0 0
 0 0 0 0 0 0 0 0 1 1 1 1 1 2 1 1 1 1 1 2 2 1 0 0 1 1 1 3 3 3 1 1 1 1 1 0 0 0 1 1 1 1 0 0 0 0
 0 0 0 0 0 0 0 0 0 0 1 1 1 1 1 1 1 1 2 3 3 2 0 0 0 0 2 2 2 2 2 2 0 0 2 1 1 0 0 0 1 1 0 0 0 0
 0 0 0 0 0 0 0 0 0 0 1 0 0 1 1 1 1 1 1 3 3 4 3 3 1 1 1 0 0 1 1 1 2 2 0 0 0 0 0 0 0 0 0 0 0 0
 0 0 0 0 0 0 0 0 0 0 1 0 0 1 1 1 1 1 1 3 3 4 3 3 1 1 1 0 0 1 1 1 2 2 0 0 0 0 0 0 0 0 0 0 0 0
 1 1 0 0 0 0 0 0 0 0 3 0 0 0 1 1 1 1 1 3 3 5 5 5 5 5 2 0 0 2 0 0 0 0 0 0 0 0 0 0 0 0 0 0 0 0
 1 1 0 0 0 0 0 0 0 0 3 0 0 0 1 1 1 1 1 3 3 5 5 5 5 5 2 0 0 2 0 0 0 0 0 0 0 0 0 0 0 0 0 0 0 0
 3 3 1 0 0 0 0 0 2 2 2 0 0 0 0 0 1 1 1 3 3 4 6 6 8 8 3 0 0 0 0 0 0 0 3 1 1 1 0 0 0 0 0 0 0 0
 3 3 2 0 0 0 0 0 0 0 0 1 1 0 0 0 0 0 1 2 2 4 8 8 8 8 18 4 4 0 0 0 3 3 3 4 4 2 1 1 1 1 1 1 1 0
 3 3 2 0 0 0 0 0 0 0 0 1 1 0 0 0 0 0 1 2 2 4 8 8 8 8 18 4 4 0 0 0 3 3 3 4 4 2 1 1 1 1 1 1 1 0
 1 1 1 0 0 0 0 0 0 0 3 3 3 1 0 0 0 0 1 4 4 3 6 6 8 8 28 26 26 4 1 1 2 2 5 4 4 3 2 2 1 1 1 0 0 0
 2 2 1 0 0 1 0 0 1 1 1 1 1 0 0 0 1 1 1 2 2 4 6 6 12 12 34 16 16 27 4 4 4 4 9 7 7 4 1 1 1 1 0 0 0 0
 2 2 1 0 0 1 0 0 1 1 1 1 1 0 0 0 1 1 1 2 2 4 6 6 12 12 34 16 16 27 4 4 4 4 9 7 7 4 1 1 1 1 0 0 0 0
 1 1 1 0 0 1 1 1 1 1 1 0 0 0 0 0 1 1 1 1 1 2 9 9 12 12 23 35 35 16 4 4 5 5 7 2 2 2 1 1 1 1 0 0 0 0
 1 1 1 0 0 1 1 1 1 1 1 0 0 0 0 0 1 1 1 1 1 2 9 9 12 12 23 35 35 16 4 4 5 5 7 2 2 2 1 1 1 1 0 0 0 0
 1 1 1 1 1 1 1 1 1 1 1 0 0 0 1 1 1 1 1 1 1 2 3 3 8 8 23 34 34 15 4 4 5 5 5 2 2 1 0 0 0 0 0 0 0 2
 2 2 1 1 1 2 3 3 1 1 1 1 1 0 0 0 0 0 1 3 3 6 6 6 9 9 12 27 27 17 6 6 4 4 4 2 2 0 0 0 0 0 0 0 0 0
 2 2 1 1 1 2 3 3 1 1 1 1 1 0 0 0 0 0 1 3 3 6 6 6 9 9 12 27 27 17 6 6 4 4 4 2 2 0 0 0 0 0 0 0 0 0
 1 1 1 1 1 2 2 2 1 1 1 0 0 1 1 1 1 1 1 3 3 5 8 8 9 9 15 30 30 23 19 19 8 8 5 1 1 1 1 1 0 0 0 0 0 0
 2 2 2 4 4 3 2 2 1 1 1 0 0 1 1 1 1 1 1 2 2 3 6 6 10 10 17 28 28 54 26 26 6 6 5 0 0 1 1 1 1 1 0 0 0 0
 2 2 2 4 4 3 2 2 1 1 1 0 0 1 1 1 1 1 1 2 2 3 6 6 10 10 17 28 28 54 26 26 6 6 5 0 0 1 1 1 1 1 0 0 0 0
 4 4 4 5 5 3 1 1 1 1 1 0 0 1 1 1 1 1 1 1 1 7 7 7 11 11 17 18 18 24 36 36 8 8 9 3 3 3 4 4 2 2 1 1 1 1
 4 4 4 5 5 3 1 1 1 1 1 0 0 1 1 1 1 1 1 1 1 7 7 7 11 11 17 18 18 24 36 36 8 8 9 3 3 3 4 4 2 2 1 1 1 1
 5 5 8 5 5 3 2 2 2 2 3 0 0 1 1 1 2 2 2 4 4 7 8 8 11 11 14 16 16 26 35 35 21 21 9 2 2 4 5 5 3 3 3 4 4 2
 7 7 7 7 7 4 2 2 2 2 0 0 0 0 1 1 2 2 13 14 14 8 9 9 13 13 14 13 13 17 54 54 22 22 20 20 20 6 6 6 3 3 3 5 5 4
 7 7 7 7 7 4 2 2 2 2 0 0 0 0 1 1 2 2 13 14 14 8 9 9 13 13 14 13 13 17 54 54 22 22 20 20 20 6 6 6 3 3 3 5 5 4
 6 6 7 5 5 4 3 3 2 2 0 1 1 1 2 2 12 12 13 14 14 6 12 12 18 18 14 13 13 16 20 20 24 24 32 15 15 3 2 2 3 3 3 4 4 4
 9 9 7 5 5 4 3 3 6 6 1 1 1 1 2 2 3 3 6 10 10 12 11 11 16 16 10 9 9 9 11 11 15 15 15 14 14 5 3 3 4 4 2 3 3 4
 9 9 7 5 5 4 3 3 6 6 1 1 1 1 2 2 3 3 6 10 10 12 11 11 16 16 10 9 9 9 11 11 15 15 15 14 14 5 3 3 4 4 2 3 3 4
 8 8 9 7 7 5 4 4 7 7 5 4 4 2 3 3 3 3 5 5 5 5 7 7 8 8 9 9 9 10 10 10 11 11 7 5 5 4 3 3 6 6 3 4 4 4
 8 8 9 7 7 5 4 4 7 7 5 4 4 2 3 3 3 3 5 5 5 5 7 7 8 8 9 9 9 10 10 10 11 11 7 5 5 4 3 3 6 6 3 4 4 4
 6 6 10 8 8 5 5 5 7 7 6 4 4 3 3 3 4 4 3 4 4 4 6 6 5 5 8 6 6 9 10 10 12 12 15 15 15 8 6 6 8 8 6 8 8 7
 5 5 5 7 7 5 5 5 2 2 2 2 2 4 4 4 4 4 4 4 4 3 4 4 5 5 6 4 4 9 13 13 16 16 10 11 11 12 10 10 7 7 8 9 9 9
 5 5 5 7 7 5 5 5 2 2 2 2 2 4 4 4 4 4 4 4 4 3 4 4 5 5 6 4 4 9 13 13 16 16 10 11 11 12 10 10 7 7 8 9 9 9
 6 6 5 4 4 5 4 4 3 3 3 1 1 1 15 15 7 7 4 4 4 3 6 6 11 11 3 6 6 8 11 11 15 15 10 14 14 17 13 13 10 10 10 9 9 8
 10 10 7 6 6 5 8 8 5 5 3 2 2 1 15 15 1 1 2 5 5 6 6 6 12 12 3 6 6 9 12 12 15 15 20 14 14 21 14 14 14 14 17 10 10 9
 10 10 7 6 6 5 8 8 5 5 3 2 2 1 15 15 1 1 2 5 5 6 6 6 12 12 3 6 6 9 12 12 15 15 20 14 14 21 14 14 14 14 17 10 10 9
 11 11 10 7 7 5 11 11 10 10 5 3 3 1 1 1 1 1 2 5 5 3 5 5 7 7 4 7 7 6 8 8 11 11 16 16 16 20 13 13 16 16 29 21 21 11
 11 11 10 7 7 5 11 11 10 10 5 3 3 1 1 1 1 1 2 5 5 3 5 5 7 7 4 7 7 6 8 8 11 11 16 16 16 20 13 13 16 16 29 21 21 11
 8 8 8 8 8 4 7 7 11 11 6 5 5 3 1 1 1 1 1 4 4 3 5 5 2 2 2 5 5 2 3 3 10 10 10 13 13 17 18 18 14 14 26 17 17 3
 7 7 7 6 6 4 7 7 6 6 4 4 4 3 1 1 2 2 4 8 8 6 2 2 2 2 2 5 5 24 13 13 7 7 7 15 15 14 14 14 7 7 11 16 16 6
 7 7 7 6 6 4 7 7 6 6 4 4 4 3 1 1 2 2 4 8 8 6 2 2 2 2 2 5 5 24 13 13 7 7 7 15 15 14 14 14 7 7 11 16 16 6
 5 5 2 2 2 2 2 2 2 2 2 2 2 2 1 1 4 4 5 9 9 5 0 0 0 0 1 24 24 24 12 12 5 5 4 7 7 8 9 9 5 5 11 10 10 5
 5 5 6 2 2 1 1 1 1 1 1 3 3 2 1 1 1 1 0 2 2 0 0 0 1 1 1 0 0 1 0 0 3 3 3 6 6 8 6 6 4 4 4 4 4 4
