assets/RAT_results_old/precipitation/2021-10-06_IMERG.asc
ncols        46
nrows        77
xllcorner    74.800261325624
yllcorner    8.058333333333
cellsize     0.062500000000
NODATA_value -9999
 15 15 19 6 6 5 6 6 5 5 8 8 8 20 17 17 17 17 12 13 13 16 16 16 7 7 5 6 6 17 25 25 18 18 15 28 28 21 12 12 12 12 2 1 1 0
 18 18 13 6 6 5 5 5 2 2 2 7 7 15 12 12 17 17 6 8 8 15 11 11 13 13 16 14 14 20 17 17 13 13 11 11 11 5 5 5 5 5 1 1 1 0
 18 18 13 6 6 5 5 5 2 2 2 7 7 15 12 12 17 17 6 8 8 15 11 11 13 13 16 14 14 20 17 17 13 13 11 11 11 5 5 5 5 5 1 1 1 0
 13 13 17 14 14 3 5 5 6 6 12 6 6 8 9 9 13 13 6 8 8 11 13 13 24 24 15 14 14 23 6 6 8 8 7 4 4 1 5 5 4 4 1 0 0 0
 7 7 14 12 12 2 6 6 13 13 13 12 12 9 7 7 16 16 7 7 7 10 12 12 14 14 26 30 30 22 8 8 15 15 14 9 9 1 3 3 1 1 3 2 2 0
 7 7 14 12 12 2 6 6 13 13 13 12 12 9 7 7 16 16 7 7 7 10 12 12 14 14 26 30 30 22 8 8 15 15 14 9 9 1 3 3 1 1 3 2 2 0
 6 6 7 5 5 6 7 7 9 9 14 11 11 16 15 15 9 9 9 10 10 11 11 11 18 18 24 18 18 13 10 10 6 6 13 15 15 10 7 7 3 3 0 0 0 0
 6 6 7 5 5 6 7 7 9 9 14 11 11 16 15 15 9 9 9 10 10 11 11 11 18 18 24 18 18 13 10 10 6 6 13 15 15 10 7 7 3 3 0 0 0 0
 3 3 2 4 4 9 9 9 10 10 11 11 11 12 18 18 12 12 11 15 15 16 19 19 21 21 22 22 22 21 20 20 11 11 11 14 14 11 11 11 7 7 2 0 0 0
 2 2 3 3 3 6 7 7 7 7 10 12 12 10 23 23 20 20 10 8 8 11 22 22 19 19 15 20 20 19 17 17 11 11 8 6 6 8 13 13 6 6 2 1 1 0
 2 2 3 3 3 6 7 7 7 7 10 12 12 10 23 23 20 20 10 8 8 11 22 22 19 19 15 20 20 19 17 17 11 11 8 6 6 8 13 13 6 6 2 1 1 0
 2 2 2 1 1 4 10 10 7 7 10 9 9 9 14 14 17 17 13 7 7 9 16 16 15 15 12 9 9 5 4 4 3 3 4 5 5 4 2 2 3 3 1 0 0 0
 0 0 1 2 2 3 6 6 9 9 6 5 5 9 13 13 15 15 9 6 6 8 8 8 7 7 10 7 7 4 3 3 0 0 0 0 0 0 3 3 3 3 1 0 0 0
 0 0 1 2 2 3 6 6 9 9 6 5 5 9 13 13 15 15 9 6 6 8 8 8 7 7 10 7 7 4 3 3 0 0 0 0 0 0 3 3 3 3 1 0 0 0
 0 0 0 2 2 3 4 4 7 7 8 8 8 9 11 11 22 22 14 11 11 9 8 8 11 11 6 11 11 5 1 1 1 1 0 0 0 0 4 4 4 4 1 0 0 0
 0 0 0 2 2 3 4 4 7 7 8 8 8 9 11 11 22 22 14 11 11 9 8 8 11 11 6 11 11 5 1 1 1 1 0 0 0 0 4 4 4 4 1 0 0 0
 1 1 2 0 0 1 4 4 7 7 10 6 6 10 14 14 22 22 19 12 12 11 14 14 9 9 6 5 5 3 2 2 0 0 0 0 0 0 4 4 2 2 4 1 1 0
 0 0 1 0 0 1 1 1 4 4 12 7 7 14 13 13 16 16 16 10 10 16 12 12 8 8 4 4 4 1 1 1 0 0 0 0 0 1 2 2 10 10 5 2 2 0
 0 0 1 0 0 1 1 1 4 4 12 7 7 14 13 13 16 16 16 10 10 16 12 12 8 8 4 4 4 1 1 1 0 0 0 0 0 1 2 2 10 10 5 2 2 0
 0 0 1 1 1 0 0 0 1 1 4 8 8 16 16 16 12 12 12 22 22 13 13 13 9 9 8 3 3 2 1 1 0 0 0 0 0 0 2 2 8 8 3 2 2 0
 0 0 0 0 0 1 1 1 2 2 3 6 6 10 9 9 8 8 12 9 9 15 18 18 22 22 16 10 10 2 3 3 1 1 1 0 0 0 0 0 2 2 0 0 0 0
 0 0 0 0 0 1 1 1 2 2 3 6 6 10 9 9 8 8 12 9 9 15 18 18 22 22 16 10 10 2 3 3 1 1 1 0 0 0 0 0 2 2 0 0 0 0
 0 0 0 1 1 1 2 2 2 2 3 5 5 7 8 8 8 8 8 9 9 10 9 9 17 17 13 7 7 3 1 1 1 1 1 0 0 0 0 0 0 0 0 0 0 0
 0 0 0 1 1 1 2 2 2 2 3 5 5 7 8 8 8 8 8 9 9 10 9 9 17 17 13 7 7 3 1 1 1 1 1 0 0 0 0 0 0 0 0 0 0 0
 1 1 1 2 2 2 5 5 5 5 6 6 6 11 18 18 13 13 7 9 9 14 6 6 6 6 11 4 4 5 2 2 6 6 0 0 0 0 0 0 0 0 0 0 0 0
 1 1 3 3 3 4 12 12 11 11 9 7 7 9 20 20 20 20 15 7 7 11 11 11 10 10 10 5 5 10 5 5 1 1 3 0 0 0 0 0 0 0 0 0 0 0
 1 1 3 3 3 4 12 12 11 11 9 7 7 9 20 20 20 20 15 7 7 11 11 11 10 10 10 5 5 10 5 5 1 1 3 0 0 0 0 0 0 0 0 0 0 0
 1 1 2 2 2 5 11 11 10 10 6 7 7 10 8 8 9 9 13 17 17 15 17 17 14 14 8 11 11 6 3 3 1 1 0 0 0 0 0 0 0 0 0 0 0 0
 1 1 0 1 1 9 4 4 4 4 3 10 10 12 10 10 11 11 14 14 14 11 16 16 12 12 13 10 10 6 5 5 1 1 0 0 0 0 0 0 0 0 0 0 0 0
 1 1 0 1 1 9 4 4 4 4 3 10 10 12 10 10 11 11 14 14 14 11 16 16 12 12 13 10 10 6 5 5 1 1 0 0 0 0 0 0 0 0 0 0 0 0
 0 0 1 2 2 3 1 1 1 1 1 8 8 10 13 13 10 10 14 10 10 9 8 8 10 10 6 2 2 7 3 3 0 0 0 0 0 0 0 0 0 0 1 0 0 1
 0 0 1 2 2 3 1 1 1 1 1 8 8 10 13 13 10 10 14 10 10 9 8 8 10 10 6 2 2 7 3 3 0 0 0 0 0 0 0 0 0 0 1 0 0 1
 1 1 1 1 1 1 1 1 1 1 1 3 3 10 26 26 9 9 8 8 8 9 36 36 18 18 8 2 2 5 5 5 3 3 0 0 0 0 1 1 1 1 1 1 1 1
 1 1 1 1 1 1 1 1 1 1 3 3 3 12 7 7 12 12 8 10 10 13 23 23 36 36 5 2 2 4 4 4 4 4 0 0 0 1 1 1 1 1 1 1 1 2
 1 1 1 1 1 1 1 1 1 1 3 3 3 12 7 7 12 12 8 10 10 13 23 23 36 36 5 2 2 4 4 4 4 4 0 0 0 1 1 1 1 1 1 1 1 2
 1 1 1 1 1 0 0 0 1 1 3 4 4 6 7 7 15 15 16 16 16 19 24 24 54 54 13 3 3 4 4 4 4 4 0 0 0 0 0 0 1 1 1 1 1 1
 0 0 0 0 0 0 0 0 0 0 1 3 3 5 5 5 15 15 23 16 16 14 7 7 6 6 5 2 2 2 4 4 0 0 0 0 0 0 0 0 0 0 0 0 0 0
 0 0 0 0 0 0 0 0 0 0 1 3 3 5 5 5 15 15 23 16 16 14 7 7 6 6 5 2 2 2 4 4 0 0 0 0 0 0 0 0 0 0 0 0 0 0
 3 3 6 3 3 0 0 0 0 0 1 1 1 3 4 4 6 6 23 23 23 23 13 13 11 11 11 0 0 2 1 1 1 1 1 1 1 1 0 0 0 0 0 0 0 0
 3 3 6 3 3 0 0 0 0 0 1 1 1 3 4 4 6 6 23 23 23 23 13 13 11 11 11 0 0 2 1 1 1 1 1 1 1 1 0 0 0 0 0 0 0 0
 9 9 15 6 6 1 0 0 0 0 1 2 2 1 3 3 3 3 14 26 26 23 26 26 16 16 6 2 2 0 4 4 5 5 0 2 2 1 0 0 0 0 2 3 3 1
 8 8 14 9 9 4 1 1 0 0 0 2 2 3 2 2 4 4 13 19 19 19 25 25 8 8 8 3 3 3 4 4 5 5 3 2 2 3 0 0 2 2 1 3 3 5
 8 8 14 9 9 4 1 1 0 0 0 2 2 3 2 2 4 4 13 19 19 19 25 25 8 8 8 3 3 3 4 4 5 5 3 2 2 3 0 0 2 2 1 3 3 5
 2 2 6 9 9 4 5 5 0 0 1 1 1 1 2 2 4 4 6 13 13 10 12 12 7 7 6 5 5 5 3 3 6 6 2 1 1 2 1 1 4 4 2 0 0 1
 1 1 3 4 4 6 5 5 0 0 1 2 2 1 2 2 5 5 10 12 12 11 10 10 4 4 5 6 6 3 2 2 2 2 0 1 1 1 1 1 0 0 1 2 2 1
 1 1 3 4 4 6 5 5 0 0 1 2 2 1 2 2 5 5 10 12 12 11 10 10 4 4 5 6 6 3 2 2 2 2 0 1 1 1 1 1 0 0 1 2 2 1
 1 1 2 6 6 6 3 3 2 2 2 2 2 4 5 5 12 12 12 11 11 10 9 9 10 10 3 4 4 4 5 5 2 2 2 1 1 0 0 0 0 0 1 2 2 1
 1 1 2 6 6 6 3 3 2 2 2 2 2 4 5 5 12 12 12 11 11 10 9 9 10 10 3 4 4 4 5 5 2 2 2 1 1 0 0 0 0 0 1 2 2 1
 2 2 1 3 3 3 5 5 1 1 1 3 3 4 4 4 6 6 6 3 3 10 13 13 15 15 8 3 3 3 9 9 4 4 7 4 4 0 0 0 0 0 0 1 1 0
 2 2 0 1 1 1 3 3 4 4 1 2 2 2 3 3 2 2 4 3 3 9 14 14 14 14 9 3 3 3 9 9 6 6 9 5 5 3 0 0 0 0 0 0 0 0
 2 2 0 1 1 1 3 3 4 4 1 2 2 2 3 3 2 2 4 3 3 9 14 14 14 14 9 3 3 3 9 9 6 6 9 5 5 3 0 0 0 0 0 0 0 0
 0 0 0 0 0 1 3 3 2 2 1 1 1 2 2 2 2 2 4 4 4 5 7 7 5 5 5 4 4 7 8 8 12 12 5 2 2 2 0 0 0 0 0 0 0 0
 1 1 1 1 1 0 5 5 5 5 5 3 3 6 13 13 7 7 7 3 3 7 7 7 5 5 5 3 3 2 3 3 3 3 2 2 2 1 2 2 1 1 1 1 1 1
 1 1 1 1 1 0 5 5 5 5 5 3 3 6 13 13 7 7 7 3 3 7 7 7 5 5 5 3 3 2 3 3 3 3 2 2 2 1 2 2 1 1 1 1 1 1
 5 5 3 2 2 2 3 3 10 10 6 4 4 4 3 3 4 4 8 3 3 6 7 7 5 5 5 6 6 3 1 1 1 1 0 0 0 0 1 1 4 4 6 2 2 1
 5 5 3 2 2 2 3 3 10 10 6 4 4 4 3 3 4 4 8 3 3 6 7 7 5 5 5 6 6 3 1 1 1 1 0 0 0 0 1 1 4 4 6 2 2 1
 12 12 22 8 8 3 9 9 10 10 8 5 5 5 4 4 6 6 13 11 11 13 6 6 9 9 4 4 4 3 2 2 5 5 1 0 0 0 1 1 1 1 1 5 5 2
 26 26 22 12 12 6 7 7 10 10 9 8 8 7 5 5 4 4 5 5 5 12 8 8 8 8 8 8 8 6 6 6 3 3 23 7 7 0 1 1 1 1 1 1 1 1
 26 26 22 12 12 6 7 7 10 10 9 8 8 7 5 5 4 4 5 5 5 12 8 8 8 8 8 8 8 6 6 6 3 3 23 7 7 0 1 1 1 1 1 1 1 1
 33 33 60 14 14 11 13 13 15 15 27 29 29 26 4 4 4 4 4 7 7 13 16 16 16 16 17 14 14 9 5 5 6 6 5 1 1 4 1 1 1 1 1 1 1 1
 70 70 74 22 22 19 19 19 77 77 32 33 33 34 5 5 4 4 5 7 7 7 9 9 16 16 7 8 8 7 3 3 7 7 10 6 6 10 5 5 1 1 5 1 1 1
 70 70 74 22 22 19 19 19 77 77 32 33 33 34 5 5 4 4 5 7 7 7 9 9 16 16 7 8 8 7 3 3 7 7 10 6 6 10 5 5 1 1 5 1 1 1
 61 61 73 34 34 24 19 19 19 19 18 29 29 29 30 30 5 5 8 4 4 7 8 8 10 10 10 6 6 3 4 4 4 4 7 9 9 7 6 6 1 1 2 6 6 2
 61 61 73 34 34 24 19 19 19 19 18 29 29 29 30 30 5 5 8 4 4 7 8 8 10 10 10 6 6 3 4 4 4 4 7 9 9 7 6 6 1 1 2 6 6 2
 40 40 47 41 41 29 21 21 11 11 12 12 12 29 31 31 12 12 9 8 8 7 7 7 8 8 11 11 11 11 11 11 7 7 4 12 12 3 6 6 6 6 2 5 5 4
 21 21 21 28 28 37 20 20 11 11 10 10 10 20 19 19 24 24 18 12 12 16 8 8 7 7 15 9 9 14 11 11 10 10 5 4 4 3 5 5 6 6 7 3 3 2
 21 21 21 28 28 37 20 20 11 11 10 10 10 20 19 19 24 24 18 12 12 16 8 8 7 7 15 9 9 14 11 11 10 10 5 4 4 3 5 5 6 6 7 3 3 2
 12 12 14 23 23 23 21 21 14 14 20 19 19 17 16 16 24 24 24 20 20 25 19 19 12 12 13 18 18 17 14 14 8 8 6 5 5 5 4 4 7 7 9 2 2 2
 10 10 10 11 11 21 19 19 12 12 20 24 24 28 27 27 27 27 21 21 21 27 25 25 27 27 10 18 18 19 17 17 13 13 11 6 6 5 12 12 3 3 5 7 7 2
 10 10 10 11 11 21 19 19 12 12 20 24 24 28 27 27 27 27 21 21 21 27 25 25 27 27 10 18 18 19 17 17 13 13 11 6 6 5 12 12 3 3 5 7 7 2
 13 13 17 17 17 16 16 16 12 12 34 44 44 47 60 60 36 36 36 21 21 27 23 23 23 23 12 7 7 9 16 16 9 9 6 6 6 7 7 7 3 3 2 3 3 2
 13 13 17 17 17 16 16 16 12 12 34 44 44 47 60 60 36 36 36 21 21 27 23 23 23 23 12 7 7 9 16 16 9 9 6 6 6 7 7 7 3 3 2 3 3 2
 15 15 18 19 19 16 17 17 15 15 16 48 48 55 62 62 66 66 66 18 18 10 10 10 10 10 11 10 10 13 12 12 6 6 5 9 9 10 6 6 5 5 12 8 8 2
 32 32 26 20 20 23 24 24 20 20 21 43 43 73 62 62 86 86 63 16 16 9 12 12 15 15 10 9 9 10 7 7 5 5 4 7 7 9 6 6 5 5 9 8 8 3
 32 32 26 20 20 23 24 24 20 20 21 43 43 73 62 62 86 86 63 16 16 9 12 12 15 15 10 9 9 10 7 7 5 5 4 7 7 9 6 6 5 5 9 8 8 3
 31 31 26 21 21 25 36 36 36 36 29 35 35 47 61 61 69 69 42 22 22 10 11 11 14 14 12 12 12 8 10 10 5 5 5 4 4 6 5 5 6 6 8 12 12 4
 23 23 24 31 31 33 38 38 55 55 36 28 28 44 112 112 108 108 115 118 118 22 23 23 14 14 19 13 13 8 8 8 3 3 2 4 4 6 7 7 10 10 6 10 10 5
