assets/RAT_results_old/precipitation/2021-10-08_IMERG.asc
ncols        46
nrows        77
xllcorner    74.800261325624
yllcorner    8.058333333333
cellsize     0.062500000000
NODATA_value -9999
 6 6 4 1 1 1 4 4 5 5 4 8 8 7 6 6 4 4 4 3 3 2 0 0 0 0 3 5 5 3 4 4 14 14 17 27 27 34 36 36 42 42 46 27 27 23
 12 12 7 5 5 7 4 4 5 5 3 5 5 4 5 5 7 7 5 2 2 2 1 1 2 2 3 5 5 6 10 10 26 26 27 19 19 32 34 34 40 40 45 25 25 29
 12 12 7 5 5 7 4 4 5 5 3 5 5 4 5 5 7 7 5 2 2 2 1 1 2 2 3 5 5 6 10 10 26 26 27 19 19 32 34 34 40 40 45 25 25 29
 15 15 12 7 7 9 8 8 9 9 4 5 5 3 9 9 6 6 3 2 2 1 3 3 8 8 6 6 6 4 4 4 15 15 27 32 32 26 35 35 39 39 23 12 12 16
 15 15 22 28 28 19 11 11 10 10 8 7 7 5 7 7 7 7 3 2 2 2 4 4 7 7 4 3 3 3 3 3 5 5 29 37 37 28 23 23 12 12 12 10 10 3
 15 15 22 28 28 19 11 11 10 10 8 7 7 5 7 7 7 7 3 2 2 2 4 4 7 7 4 3 3 3 3 3 5 5 29 37 37 28 23 23 12 12 12 10 10 3
 19 19 21 27 27 18 9 9 9 9 16 18 18 9 4 4 4 4 2 1 1 1 1 1 3 3 2 3 3 3 5 5 6 6 20 19 19 26 21 21 17 17 18 9 9 1
 19 19 21 27 27 18 9 9 9 9 16 18 18 9 4 4 4 4 2 1 1 1 1 1 3 3 2 3 3 3 5 5 6 6 20 19 19 26 21 21 17 17 18 9 9 1
 22 22 24 30 30 22 18 18 12 12 14 12 12 11 4 4 5 5 2 2 2 1 1 1 2 2 3 5 5 7 5 5 15 15 12 11 11 9 15 15 9 9 7 9 9 1
 34 34 31 24 24 23 17 17 13 13 13 9 9 9 7 7 5 5 7 1 1 1 2 2 5 5 7 5 5 4 9 9 14 14 15 12 12 18 14 14 5 5 2 2 2 2
 34 34 31 24 24 23 17 17 13 13 13 9 9 9 7 7 5 5 7 1 1 1 2 2 5 5 7 5 5 4 9 9 14 14 15 12 12 18 14 14 5 5 2 2 2 2
 39 39 33 23 23 23 14 14 14 14 15 10 10 13 11 11 12 12 8 2 2 1 2 2 3 3 3 2 2 3 7 7 9 9 11 17 17 20 13 13 6 6 4 3 3 2
 50 50 31 27 27 29 25 25 20 20 15 8 8 9 9 9 11 11 6 3 3 2 2 2 2 2 2 2 2 3 3 3 9 9 8 18 18 21 18 18 13 13 14 5 5 1
 50 50 31 27 27 29 25 25 20 20 15 8 8 9 9 9 11 11 6 3 3 2 2 2 2 2 2 2 2 3 3 3 9 9 8 18 18 21 18 18 13 13 14 5 5 1
 52 52 69 37 37 26 26 26 25 25 23 12 12 7 7 7 6 6 5 5 5 3 1 1 1 1 2 2 2 3 3 3 3 3 6 13 13 14 15 15 23 23 17 7 7 2
 52 52 69 37 37 26 26 26 25 25 23 12 12 7 7 7 6 6 5 5 5 3 1 1 1 1 2 2 2 3 3 3 3 3 6 13 13 14 15 15 23 23 17 7 7 2
 45 45 66 66 66 66 29 29 35 35 29 19 19 11 9 9 8 8 4 2 2 1 1 1 1 1 3 2 2 2 3 3 3 3 4 7 7 11 14 14 12 12 12 8 8 4
 42 42 70 73 73 66 51 51 30 30 23 19 19 11 18 18 21 21 5 3 3 3 1 1 1 1 2 1 1 1 2 2 4 4 4 6 6 12 11 11 14 14 13 8 8 7
 42 42 70 73 73 66 51 51 30 30 23 19 19 11 18 18 21 21 5 3 3 3 1 1 1 1 2 1 1 1 2 2 4 4 4 6 6 12 11 11 14 14 13 8 8 7
 49 49 64 76 76 47 52 52 50 50 31 33 33 25 21 21 21 21 8 9 9 4 2 2 2 2 2 1 1 2 3 3 4 4 10 8 8 14 15 15 16 16 8 8 8 9
 63 63 70 72 72 61 66 66 59 59 35 35 35 28 18 18 18 18 13 13 13 8 11 11 6 6 5 2 2 4 4 4 8 8 14 13 13 15 12 12 9 9 7 9 9 10
 63 63 70 72 72 61 66 66 59 59 35 35 35 28 18 18 18 18 13 13 13 8 11 11 6 6 5 2 2 4 4 4 8 8 14 13 13 15 12 12 9 9 7 9 9 10
 39 39 45 70 70 68 71 71 76 76 39 36 36 32 22 22 18 18 22 20 20 8 12 12 7 7 10 4 4 8 7 7 11 11 12 14 14 11 7 7 5 5 9 9 9 9
 39 39 45 70 70 68 71 71 76 76 39 36 36 32 22 22 18 18 22 20 20 8 12 12 7 7 10 4 4 8 7 7 11 11 12 14 14 11 7 7 5 5 9 9 9 9
 34 34 42 53 53 68 87 87 79 79 64 50 50 36 22 22 19 19 20 21 21 9 9 9 9 9 6 9 9 9 14 14 11 11 19 14 14 8 5 5 6 6 10 8 8 8
 19 19 22 35 35 47 52 52 91 91 68 55 55 32 28 28 32 32 28 21 21 12 9 9 7 7 8 14 14 14 13 13 8 8 9 8 8 7 6 6 6 6 6 10 10 10
 19 19 22 35 35 47 52 52 91 91 68 55 55 32 28 28 32 32 28 21 21 12 9 9 7 7 8 14 14 14 13 13 8 8 9 8 8 7 6 6 6 6 6 10 10 10
 15 15 16 29 29 43 36 36 63 63 79 69 69 36 40 40 41 41 31 27 27 42 23 23 11 11 13 11 11 15 14 14 9 9 5 6 6 7 6 6 6 6 5 9 9 9
 11 11 11 19 19 26 34 34 54 54 79 106 106 70 39 39 41 41 46 31 31 31 23 23 23 23 23 17 17 13 10 10 8 8 5 8 8 9 6 6 6 6 6 11 11 10
 11 11 11 19 19 26 34 34 54 54 79 106 106 70 39 39 41 41 46 31 31 31 23 23 23 23 23 17 17 13 10 10 8 8 5 8 8 9 6 6 6 6 6 11 11 10
 10 10 14 15 15 18 32 32 41 41 53 72 72 74 68 68 38 38 48 42 42 34 29 29 24 24 24 28 28 29 29 29 16 16 8 7 7 7 5 5 6 6 6 6 6 12
 10 10 14 15 15 18 32 32 41 41 53 72 72 74 68 68 38 38 48 42 42 34 29 29 24 24 24 28 28 29 29 29 16 16 8 7 7 7 5 5 6 6 6 6 6 12
 10 10 14 16 16 19 29 29 35 35 32 63 63 63 64 64 45 45 45 48 48 40 35 35 44 44 46 42 42 36 28 28 17 17 13 12 12 12 5 5 7 7 7 8 8 10
 6 6 9 13 13 14 24 24 33 33 28 49 49 66 59 59 45 45 50 50 50 51 45 45 35 35 53 51 51 41 40 40 39 39 12 12 12 12 6 6 7 7 7 8 8 9
 6 6 9 13 13 14 24 24 33 33 28 49 49 66 59 59 45 45 50 50 50 51 45 45 35 35 53 51 51 41 40 40 39 39 12 12 12 12 6 6 7 7 7 8 8 9
 4 4 7 8 8 14 20 20 24 24 42 42 42 49 37 37 48 48 50 39 39 50 46 46 37 37 55 46 46 46 27 27 26 26 26 9 9 8 9 9 5 5 5 5 5 9
 4 4 6 7 7 9 13 13 20 20 33 33 33 43 74 74 45 45 49 46 46 57 52 52 50 50 32 29 29 28 29 29 27 27 27 7 7 5 6 6 5 5 6 8 8 8
 4 4 6 7 7 9 13 13 20 20 33 33 33 43 74 74 45 45 49 46 46 57 52 52 50 50 32 29 29 28 29 29 27 27 27 7 7 5 6 6 5 5 6 8 8 8
 3 3 4 5 5 7 11 11 18 18 33 40 40 41 82 82 92 92 65 40 40 45 55 55 50 50 34 26 26 19 13 13 12 12 9 7 7 6 7 7 6 6 8 9 9 9
 3 3 4 5 5 7 11 11 18 18 33 40 40 41 82 82 92 92 65 40 40 45 55 55 50 50 34 26 26 19 13 13 12 12 9 7 7 6 7 7 6 6 8 9 9 9
 3 3 4 5 5 10 13 13 19 19 27 35 35 49 74 74 78 78 85 46 46 42 40 40 29 29 33 36 36 43 19 19 11 11 14 7 7 7 7 7 7 7 7 6 6 9
 3 3 3 6 6 8 11 11 17 17 20 30 30 42 101 101 78 78 77 58 58 41 41 41 39 39 23 37 37 41 20 20 13 13 13 12 12 10 9 9 7 7 8 6 6 7
 3 3 3 6 6 8 11 11 17 17 20 30 30 42 101 101 78 78 77 58 58 41 41 41 39 39 23 37 37 41 20 20 13 13 13 12 12 10 9 9 7 7 8 6 6 7
 4 4 4 5 5 6 10 10 14 14 19 29 29 39 85 85 88 88 65 67 67 42 41 41 33 33 20 28 28 38 17 17 14 14 12 10 10 12 11 11 8 8 9 4 4 3
 5 5 5 5 5 7 7 7 13 13 15 23 23 30 50 50 43 43 53 65 65 68 39 39 46 46 42 32 32 32 23 23 17 17 21 20 20 9 10 10 8 8 4 2 2 3
 5 5 5 5 5 7 7 7 13 13 15 23 23 30 50 50 43 43 53 65 65 68 39 39 46 46 42 32 32 32 23 23 17 17 21 20 20 9 10 10 8 8 4 2 2 3
 4 4 4 4 4 5 6 6 9 9 11 17 17 27 38 38 35 35 51 63 63 64 62 62 35 35 33 25 25 30 28 28 34 34 32 19 19 8 7 7 4 4 1 1 1 1
 4 4 4 4 4 5 6 6 9 9 11 17 17 27 38 38 35 35 51 63 63 64 62 62 35 35 33 25 25 30 28 28 34 34 32 19 19 8 7 7 4 4 1 1 1 1
 5 5 5 4 4 3 6 6 10 10 8 12 12 19 26 26 22 22 30 39 39 46 58 58 36 36 33 20 20 32 37 37 20 20 23 15 15 7 3 3 2 2 1 0 0 0
 5 5 4 3 3 3 4 4 6 6 6 15 15 14 23 23 20 20 24 28 28 47 35 35 31 31 24 19 19 33 29 29 18 18 17 17 17 7 5 5 4 4 0 1 1 1
 5 5 4 3 3 3 4 4 6 6 6 15 15 14 23 23 20 20 24 28 28 47 35 35 31 31 24 19 19 33 29 29 18 18 17 17 17 7 5 5 4 4 0 1 1 1
 5 5 4 2 2 3 3 3 5 5 8 13 13 11 24 24 24 24 26 22 22 40 22 22 19 19 20 19 19 26 25 25 15 15 16 13 13 12 6 6 7 7 2 1 1 1
 3 3 2 2 2 2 3 3 3 3 4 10 10 10 21 21 22 22 13 23 23 28 45 45 19 19 17 16 16 28 21 21 18 18 15 17 17 9 9 9 6 6 2 1 1 0
 3 3 2 2 2 2 3 3 3 3 4 10 10 10 21 21 22 22 13 23 23 28 45 45 19 19 17 16 16 28 21 21 18 18 15 17 17 9 9 9 6 6 2 1 1 0
 2 2 2 2 2 2 3 3 2 2 3 4 4 6 11 11 11 11 16 13 13 73 75 75 28 28 23 23 23 16 20 20 13 13 15 15 15 9 6 6 3 3 1 0 0 0
 2 2 2 2 2 2 3 3 2 2 3 4 4 6 11 11 11 11 16 13 13 73 75 75 28 28 23 23 23 16 20 20 13 13 15 15 15 9 6 6 3 3 1 0 0 0
 1 1 1 1 1 1 1 1 1 1 3 3 3 4 6 6 8 8 11 13 13 25 20 20 24 24 26 26 26 15 32 32 16 16 20 14 14 7 6 6 1 1 0 0 0 0
 1 1 1 1 1 1 0 0 1 1 1 2 2 2 4 4 5 5 8 16 16 28 71 71 44 44 21 20 20 26 32 32 18 18 15 14 14 11 12 12 2 2 2 0 0 0
 1 1 1 1 1 1 0 0 1 1 1 2 2 2 4 4 5 5 8 16 16 28 71 71 44 44 21 20 20 26 32 32 18 18 15 14 14 11 12 12 2 2 2 0 0 0
 0 0 0 0 0 0 0 0 0 0 1 1 1 2 3 3 3 3 7 36 36 37 25 25 20 20 18 24 24 22 28 28 17 17 15 14 14 15 6 6 5 5 3 1 1 0
 0 0 0 0 0 0 0 0 0 0 0 1 1 0 1 1 1 1 2 10 10 6 14 14 26 26 20 22 22 18 16 16 12 12 14 15 15 9 13 13 7 7 1 1 1 0
 0 0 0 0 0 0 0 0 0 0 0 1 1 0 1 1 1 1 2 10 10 6 14 14 26 26 20 22 22 18 16 16 12 12 14 15 15 9 13 13 7 7 1 1 1 0
 0 0 0 0 0 0 0 0 0 0 0 1 1 0 0 0 0 0 0 4 4 6 6 6 13 13 11 15 15 18 12 12 9 9 15 14 14 11 11 11 4 4 2 1 1 0
 0 0 0 0 0 0 0 0 0 0 0 1 1 0 0 0 0 0 0 4 4 6 6 6 13 13 11 15 15 18 12 12 9 9 15 14 14 11 11 11 4 4 2 1 1 0
 0 0 0 0 0 0 0 0 0 0 1 0 0 0 0 0 0 0 0 1 1 4 3 3 6 6 13 20 20 14 19 19 8 8 9 5 5 7 5 5 2 2 1 1 1 0
 0 0 0 0 0 0 0 0 0 0 0 0 0 0 1 1 0 0 0 1 1 1 2 2 4 4 8 14 14 14 14 14 10 10 8 9 9 6 5 5 2 2 1 1 1 0
 0 0 0 0 0 0 0 0 0 0 0 0 0 0 1 1 0 0 0 1 1 1 2 2 4 4 8 14 14 14 14 14 10 10 8 9 9 6 5 5 2 2 1 1 1 0
 0 0 0 0 0 0 0 0 1 1 1 0 0 0 0 0 1 1 0 1 1 1 1 1 2 2 7 8 8 12 10 10 12 12 10 9 9 6 4 4 2 2 0 0 0 0
 0 0 0 0 0 0 0 0 1 1 1 1 1 1 0 0 0 0 1 0 0 1 1 1 2 2 3 5 5 6 16 16 13 13 8 8 8 7 8 8 5 5 2 0 0 0
 0 0 0 0 0 0 0 0 1 1 1 1 1 1 0 0 0 0 1 0 0 1 1 1 2 2 3 5 5 6 16 16 13 13 8 8 8 7 8 8 5 5 2 0 0 0
 0 0 0 0 0 0 0 0 1 1 0 0 0 1 0 0 1 1 1 0 0 1 1 1 1 1 2 4 4 3 9 9 11 11 12 10 10 6 6 6 2 2 0 0 0 0
 0 0 0 0 0 0 0 0 1 1 0 0 0 1 0 0 1 1 1 0 0 1 1 1 1 1 2 4 4 3 9 9 11 11 12 10 10 6 6 6 2 2 0 0 0 0
 0 0 0 1 1 0 0 0 0 0 0 1 1 0 0 0 1 1 0 0 0 0 0 0 1 1 1 2 2 3 7 7 6 6 9 8 8 6 6 6 1 1 1 0 0 0
 0 0 0 0 0 0 0 0 1 1 1 0 0 0 0 0 1 1 1 1 1 0 0 0 0 0 1 1 1 2 3 3 2 2 3 2 2 4 6 6 5 5 0 0 0 0
 0 0 0 0 0 0 0 0 1 1 1 0 0 0 0 0 1 1 1 1 1 0 0 0 0 0 1 1 1 2 3 3 2 2 3 2 2 4 6 6 5 5 0 0 0 0
 0 0 0 0 0 0 0 0 0 0 0 0 0 0 0 0 1 1 0 1 1 0 0 0 1 1 1 1 1 1 1 1 1 1 2 2 2 3 5 5 5 5 5 4 4 0
 0 0 0 0 0 0 0 0 0 0 0 0 0 0 0 0 0 0 0 1 1 0 0 0 0 0 0 0 0 0 0 0 0 0 0 3 3 3 6 6 6 6 8 5 5 1
