assets/RAT_results_old/precipitation/2021-01-12_IMERG.asc
ncols        46
nrows        77
xllcorner    74.800261325624
yllcorner    8.058333333333
cellsize     0.062500000000
NODATA_value -9999
 1 1 3 6 6 9 11 11 11 11 16 22 22 25 27 27 26 26 28 29 29 21 14 14 12 12 14 9 9 6 5 5 10 10 11 9 9 11 8 8 6 6 5 4 4 11
 2 2 4 8 8 15 16 16 14 14 23 24 24 33 31 31 26 26 29 16 16 16 11 11 9 9 6 11 11 5 4 4 4 4 7 8 8 7 5 5 4 4 3 3 3 9
 2 2 4 8 8 15 16 16 14 14 23 24 24 33 31 31 26 26 29 16 16 16 11 11 9 9 6 11 11 5 4 4 4 4 7 8 8 7 5 5 4 4 3 3 3 9
 6 6 10 12 12 15 29 29 30 30 28 31 31 32 30 30 23 23 27 16 16 17 11 11 9 9 8 10 10 9 5 5 1 1 2 8 8 5 4 4 3 3 5 5 5 8
 10 10 12 25 25 16 27 27 31 31 38 43 43 30 35 35 26 26 23 16 16 15 13 13 15 15 14 10 10 7 4 4 1 1 2 5 5 4 4 4 4 4 6 7 7 10
 10 10 12 25 25 16 27 27 31 31 38 43 43 30 35 35 26 26 23 16 16 15 13 13 15 15 14 10 10 7 4 4 1 1 2 5 5 4 4 4 4 4 6 7 7 10
 22 22 10 8 8 14 23 23 27 27 42 44 44 44 42 42 21 21 23 16 16 16 14 14 15 15 14 11 11 4 3 3 2 2 4 7 7 7 8 8 5 5 6 7 7 10
 22 22 10 8 8 14 23 23 27 27 42 44 44 44 42 42 21 21 23 16 16 16 14 14 15 15 14 11 11 4 3 3 2 2 4 7 7 7 8 8 5 5 6 7 7 10
 1 1 15 3 3 10 17 17 32 32 49 48 48 41 41 41 25 25 13 13 13 14 13 13 10 10 10 6 6 4 3 3 3 3 8 9 9 8 8 8 9 9 11 11 11 12
 13 13 6 19 19 32 35 35 21 21 30 42 42 36 27 27 19 19 13 13 13 13 10 10 7 7 8 7 7 6 5 5 5 5 5 9 9 9 9 9 10 10 12 13 13 13
 13 13 6 19 19 32 35 35 21 21 30 42 42 36 27 27 19 19 13 13 13 13 10 10 7 7 8 7 7 6 5 5 5 5 5 9 9 9 9 9 10 10 12 13 13 13
 2 2 3 7 7 8 21 21 39 39 36 36 36 30 26 26 10 10 11 7 7 8 7 7 7 7 7 7 7 6 6 6 7 7 8 7 7 11 11 11 10 10 12 13 13 13
 2 2 7 6 6 7 6 6 26 26 34 34 34 34 23 23 16 16 12 13 13 11 9 9 9 9 9 5 5 3 6 6 8 8 9 12 12 13 12 12 10 10 12 12 12 14
 2 2 7 6 6 7 6 6 26 26 34 34 34 34 23 23 16 16 12 13 13 11 9 9 9 9 9 5 5 3 6 6 8 8 9 12 12 13 12 12 10 10 12 12 12 14
 2 2 4 1 1 2 10 10 12 12 22 21 21 24 27 27 22 22 24 6 6 5 4 4 6 6 7 5 5 3 3 3 6 6 11 13 13 12 13 13 14 14 16 18 18 15
 2 2 4 1 1 2 10 10 12 12 22 21 21 24 27 27 22 22 24 6 6 5 4 4 6 6 7 5 5 3 3 3 6 6 11 13 13 12 13 13 14 14 16 18 18 15
 1 1 2 1 1 2 3 3 10 10 20 19 19 34 39 39 25 25 27 8 8 5 4 4 6 6 8 6 6 4 3 3 6 6 9 12 12 12 11 11 12 12 13 15 15 15
 2 2 2 5 5 9 12 12 20 20 25 43 43 40 46 46 49 49 35 18 18 11 7 7 6 6 8 7 7 7 5 5 5 5 7 10 10 11 8 8 9 9 13 13 13 12
 2 2 2 5 5 9 12 12 20 20 25 43 43 40 46 46 49 49 35 18 18 11 7 7 6 6 8 7 7 7 5 5 5 5 7 10 10 11 8 8 9 9 13 13 13 12
 2 2 3 5 5 11 20 20 22 22 31 49 49 51 47 47 57 57 43 31 31 19 12 12 9 9 9 10 10 7 6 6 4 4 4 6 6 6 7 7 9 9 10 9 9 12
 2 2 2 3 3 3 4 4 8 8 20 31 31 29 33 33 26 26 33 27 27 15 14 14 9 9 11 8 8 8 5 5 4 4 3 5 5 5 6 6 8 8 10 10 10 11
 2 2 2 3 3 3 4 4 8 8 20 31 31 29 33 33 26 26 33 27 27 15 14 14 9 9 11 8 8 8 5 5 4 4 3 5 5 5 6 6 8 8 10 10 10 11
 2 2 2 4 4 3 7 7 11 11 16 14 14 16 20 20 14 14 18 25 25 17 20 20 18 18 17 10 10 8 6 6 5 5 6 6 6 5 4 4 4 4 8 9 9 10
 2 2 2 4 4 3 7 7 11 11 16 14 14 16 20 20 14 14 18 25 25 17 20 20 18 18 17 10 10 8 6 6 5 5 6 6 6 5 4 4 4 4 8 9 9 10
 5 5 4 4 4 5 6 6 6 6 5 7 7 12 13 13 14 14 12 19 19 14 20 20 17 17 15 15 15 9 7 7 5 5 2 3 3 3 2 2 3 3 8 7 7 7
 8 8 6 4 4 3 6 6 4 4 3 3 3 4 5 5 9 9 14 8 8 8 10 10 20 20 17 5 5 5 9 9 6 6 4 2 2 2 2 2 3 3 4 5 5 5
 8 8 6 4 4 3 6 6 4 4 3 3 3 4 5 5 9 9 14 8 8 8 10 10 20 20 17 5 5 5 9 9 6 6 4 2 2 2 2 2 3 3 4 5 5 5
 9 9 6 4 4 3 3 3 1 1 2 3 3 5 3 3 12 12 13 13 13 17 9 9 14 14 10 3 3 2 4 4 2 2 2 1 1 1 2 2 3 3 2 3 3 5
 9 9 6 4 4 3 1 1 1 1 1 3 3 3 4 4 8 8 11 9 9 10 8 8 10 10 8 3 3 1 2 2 1 1 2 2 2 1 2 2 1 1 1 1 1 2
 9 9 6 4 4 3 1 1 1 1 1 3 3 3 4 4 8 8 11 9 9 10 8 8 10 10 8 3 3 1 2 2 1 1 2 2 2 1 2 2 1 1 1 1 1 2
 6 6 4 5 5 4 2 2 2 2 2 3 3 4 6 6 8 8 11 14 14 15 7 7 6 6 8 2 2 2 2 2 1 1 2 2 2 2 2 2 1 1 1 1 1 1
 6 6 4 5 5 4 2 2 2 2 2 3 3 4 6 6 8 8 11 14 14 15 7 7 6 6 8 2 2 2 2 2 1 1 2 2 2 2 2 2 1 1 1 1 1 1
 5 5 4 4 4 3 2 2 2 2 2 3 3 6 12 12 11 11 13 16 16 13 22 22 17 17 15 7 7 3 5 5 1 1 2 2 2 2 2 2 1 1 1 1 1 1
 5 5 4 3 3 2 1 1 2 2 2 3 3 4 10 10 13 13 15 13 13 17 22 22 19 19 14 9 9 4 2 2 3 3 4 3 3 2 2 2 2 2 2 1 1 2
 5 5 4 3 3 2 1 1 2 2 2 3 3 4 10 10 13 13 15 13 13 17 22 22 19 19 14 9 9 4 2 2 3 3 4 3 3 2 2 2 2 2 2 1 1 2
 5 5 4 3 3 2 1 1 2 2 2 3 3 4 12 12 14 14 14 17 17 17 24 24 26 26 23 18 18 10 4 4 5 5 5 5 5 3 3 3 3 3 2 3 3 5
 4 4 4 2 2 2 1 1 2 2 1 3 3 6 13 13 13 13 17 31 31 34 42 42 30 30 29 14 14 13 9 9 9 9 6 6 6 5 6 6 4 4 2 4 4 12
 4 4 4 2 2 2 1 1 2 2 1 3 3 6 13 13 13 13 17 31 31 34 42 42 30 30 29 14 14 13 9 9 9 9 6 6 6 5 6 6 4 4 2 4 4 12
 5 5 3 2 2 1 2 2 2 2 3 5 5 4 8 8 11 11 15 23 23 35 43 43 31 31 21 17 17 15 7 7 12 12 13 7 7 7 7 7 6 6 5 8 8 12
 5 5 3 2 2 1 2 2 2 2 3 5 5 4 8 8 11 11 15 23 23 35 43 43 31 31 21 17 17 15 7 7 12 12 13 7 7 7 7 7 6 6 5 8 8 12
 5 5 3 2 2 2 2 2 2 2 4 5 5 3 4 4 6 6 11 21 21 19 35 35 32 32 36 22 22 14 5 5 7 7 11 10 10 10 9 9 12 12 9 30 30 40
 5 5 3 2 2 2 2 2 3 3 3 4 4 2 3 3 4 4 6 11 11 17 27 27 25 25 24 27 27 7 10 10 10 10 7 8 8 9 13 13 13 13 25 30 30 42
 5 5 3 2 2 2 2 2 3 3 3 4 4 2 3 3 4 4 6 11 11 17 27 27 25 25 24 27 27 7 10 10 10 10 7 8 8 9 13 13 13 13 25 30 30 42
 4 4 2 2 2 3 3 3 4 4 4 3 3 2 2 2 3 3 6 10 10 16 16 16 9 9 8 7 7 5 4 4 4 4 5 6 6 8 5 5 8 8 16 12 12 33
 5 5 3 2 2 2 3 3 3 3 2 2 2 2 2 2 4 4 5 13 13 15 10 10 5 5 9 6 6 4 4 4 3 3 4 4 4 4 5 5 6 6 13 10 10 8
 5 5 3 2 2 2 3 3 3 3 2 2 2 2 2 2 4 4 5 13 13 15 10 10 5 5 9 6 6 4 4 4 3 3 4 4 4 4 5 5 6 6 13 10 10 8
 5 5 4 3 3 2 2 2 2 2 2 2 2 3 2 2 3 3 4 9 9 12 10 10 4 4 6 7 7 6 3 3 3 3 3 4 4 3 2 2 3 3 4 9 9 8
 5 5 4 3 3 2 2 2 2 2 2 2 2 3 2 2 3 3 4 9 9 12 10 10 4 4 6 7 7 6 3 3 3 3 3 4 4 3 2 2 3 3 4 9 9 8
 5 5 4 3 3 3 2 2 2 2 3 3 3 5 2 2 2 2 4 8 8 11 11 11 4 4 5 4 4 3 6 6 6 6 6 6 6 3 2 2 2 2 4 10 10 8
 4 4 4 3 3 2 1 1 1 1 3 5 5 6 1 1 1 1 1 3 3 4 4 4 5 5 4 2 2 4 9 9 6 6 6 7 7 6 9 9 10 10 13 11 11 7
 4 4 4 3 3 2 1 1 1 1 3 5 5 6 1 1 1 1 1 3 3 4 4 4 5 5 4 2 2 4 9 9 6 6 6 7 7 6 9 9 10 10 13 11 11 7
 5 5 4 3 3 2 1 1 1 1 5 5 5 8 6 6 1 1 1 1 1 4 2 2 5 5 3 2 2 4 3 3 4 4 4 5 5 5 9 9 13 13 19 9 9 8
 6 6 5 3 3 2 2 2 4 4 6 7 7 8 6 6 2 2 2 2 2 3 4 4 3 3 3 3 3 2 2 2 5 5 5 4 4 10 13 13 12 12 13 7 7 5
 6 6 5 3 3 2 2 2 4 4 6 7 7 8 6 6 2 2 2 2 2 3 4 4 3 3 3 3 3 2 2 2 5 5 5 4 4 10 13 13 12 12 13 7 7 5
 9 9 8 6 6 7 7 7 6 6 9 10 10 11 9 9 2 2 3 3 3 4 8 8 9 9 4 1 1 1 1 1 3 3 3 1 1 6 3 3 4 4 4 4 4 3
 9 9 8 6 6 7 7 7 6 6 9 10 10 11 9 9 2 2 3 3 3 4 8 8 9 9 4 1 1 1 1 1 3 3 3 1 1 6 3 3 4 4 4 4 4 3
 10 10 9 10 10 11 8 8 13 13 11 12 12 13 12 12 4 4 4 4 4 18 20 20 11 11 9 1 1 1 1 1 2 2 0 1 1 3 4 4 5 5 3 2 2 2
 10 10 9 9 9 12 10 10 10 10 11 13 13 13 10 10 6 6 11 12 12 18 18 18 18 18 20 2 2 2 2 2 1 1 1 1 1 5 6 6 5 5 6 3 3 4
 10 10 9 9 9 12 10 10 10 10 11 13 13 13 10 10 6 6 11 12 12 18 18 18 18 18 20 2 2 2 2 2 1 1 1 1 1 5 6 6 5 5 6 3 3 4
 12 12 11 11 11 11 8 8 9 9 10 12 12 11 11 11 8 8 5 7 7 24 25 25 24 24 26 6 6 2 2 2 2 2 3 6 6 5 7 7 5 5 6 4 4 5
 13 13 12 11 11 9 8 8 8 8 9 10 10 10 12 12 11 11 10 9 9 6 25 25 30 30 30 11 11 10 5 5 3 3 14 8 8 7 9 9 4 4 5 4 4 7
 13 13 12 11 11 9 8 8 8 8 9 10 10 10 12 12 11 11 10 9 9 6 25 25 30 30 30 11 11 10 5 5 3 3 14 8 8 7 9 9 4 4 5 4 4 7
 15 15 14 12 12 11 8 8 7 7 8 8 8 11 12 12 11 11 14 11 11 13 35 35 39 39 45 15 15 13 15 15 18 18 15 15 15 10 14 14 11 11 12 9 9 8
 15 15 14 12 12 11 8 8 7 7 8 8 8 11 12 12 11 11 14 11 11 13 35 35 39 39 45 15 15 13 15 15 18 18 15 15 15 10 14 14 11 11 12 9 9 8
 19 19 18 14 14 10 10 10 8 8 8 7 7 12 14 14 15 15 17 28 28 17 24 24 28 28 25 20 20 18 27 27 19 19 17 19 19 17 16 16 12 12 16 10 10 6
 27 27 25 22 22 15 12 12 11 11 10 5 5 12 15 15 17 17 24 17 17 22 31 31 35 35 30 25 25 14 27 27 22 22 25 16 16 29 29 29 28 28 12 9 9 4
 27 27 25 22 22 15 12 12 11 11 10 5 5 12 15 15 17 17 24 17 17 22 31 31 35 35 30 25 25 14 27 27 22 22 25 16 16 29 29 29 28 28 12 9 9 4
 40 40 36 29 29 19 16 16 15 15 8 4 4 4 20 20 26 26 23 26 26 41 24 24 22 22 28 17 17 29 22 22 30 30 21 21 21 39 33 33 18 18 12 7 7 5
 52 52 52 37 37 25 23 23 18 18 6 5 5 7 22 22 30 30 27 28 28 29 32 32 34 34 25 26 26 29 33 33 32 32 30 21 21 29 25 25 23 23 12 9 9 10
 52 52 52 37 37 25 23 23 18 18 6 5 5 7 22 22 30 30 27 28 28 29 32 32 34 34 25 26 26 29 33 33 32 32 30 21 21 29 25 25 23 23 12 9 9 10
 67 67 63 46 46 29 31 31 23 23 16 10 10 14 33 33 36 36 29 26 26 28 35 35 35 35 33 33 33 36 57 57 54 54 33 29 29 28 26 26 19 19 24 14 14 15
 67 67 63 46 46 29 31 31 23 23 16 10 10 14 33 33 36 36 29 26 26 28 35 35 35 35 33 33 33 36 57 57 54 54 33 29 29 28 26 26 19 19 24 14 14 15
 91 91 77 44 44 33 35 35 28 28 22 20 20 26 38 38 40 40 37 38 38 33 35 35 35 35 34 33 33 43 50 50 62 62 49 39 39 34 37 37 23 23 24 16 16 26
 107 107 88 51 51 40 35 35 28 28 25 28 28 29 37 37 41 41 59 43 43 37 42 42 41 41 38 38 38 33 34 34 50 50 61 47 47 52 46 46 32 32 24 20 20 33
 107 107 88 51 51 40 35 35 28 28 25 28 28 29 37 37 41 41 59 43 43 37 42 42 41 41 38 38 38 33 34 34 50 50 61 47 47 52 46 46 32 32 24 20 20 33
 119 119 92 59 59 44 32 32 31 31 31 33 33 33 38 38 52 52 69 52 52 44 46 46 50 50 48 39 39 32 40 40 53 53 65 65 65 68 57 57 55 55 37 29 29 36
 124 124 109 78 78 54 38 38 34 34 37 38 38 32 42 42 64 64 72 75 75 67 59 59 53 53 50 46 46 52 42 42 72 72 76 89 89 72 91 91 63 63 48 41 41 40
