assets/RAT_results_old/precipitation/2021-01-05_IMERG.asc
ncols        46
nrows        77
xllcorner    74.800261325624
yllcorner    8.058333333333
cellsize     0.062500000000
NODATA_value -9999
 1 1 2 0 0 1 5 5 19 19 24 80 80 19 9 9 0 0 0 0 0 5 0 0 0 0 0 0 0 0 0 0 0 0 0 0 0 0 0 0 0 0 0 1 1 1
 1 1 2 1 1 1 5 5 18 18 21 24 24 19 1 1 0 0 0 0 0 0 0 0 0 0 0 0 0 0 0 0 0 0 0 0 0 0 0 0 0 0 1 0 0 0
 1 1 2 1 1 1 5 5 18 18 21 24 24 19 1 1 0 0 0 0 0 0 0 0 0 0 0 0 0 0 0 0 0 0 0 0 0 0 0 0 0 0 1 0 0 0
 1 1 2 2 2 1 1 1 0 0 14 19 19 19 1 1 0 0 0 0 0 0 0 0 0 0 0 0 0 0 0 0 0 0 0 0 0 0 0 0 0 0 0 1 1 0
 2 2 2 3 3 2 2 2 1 1 0 0 0 0 0 0 0 0 0 0 0 0 0 0 0 0 0 0 0 0 0 0 0 0 0 0 0 0 0 0 0 0 0 0 0 0
 2 2 2 3 3 2 2 2 1 1 0 0 0 0 0 0 0 0 0 0 0 0 0 0 0 0 0 0 0 0 0 0 0 0 0 0 0 0 0 0 0 0 0 0 0 0
 2 2 1 2 2 4 4 4 2 2 1 5 5 0 0 0 0 0 0 0 0 0 0 0 0 0 0 0 0 0 0 0 0 0 0 0 0 0 0 0 0 0 0 0 0 0
 2 2 1 2 2 4 4 4 2 2 1 5 5 0 0 0 0 0 0 0 0 0 0 0 0 0 0 0 0 0 0 0 0 0 0 0 0 0 0 0 0 0 0 0 0 0
 2 2 2 2 2 4 5 5 4 4 3 2 2 1 0 0 0 0 0 0 0 0 0 0 0 0 0 0 0 0 0 0 0 0 0 0 0 0 0 0 0 0 0 0 0 0
 1 1 1 1 1 2 4 4 4 4 5 5 5 4 2 2 0 0 0 0 0 0 0 0 0 0 0 0 0 0 0 0 0 0 0 0 0 0 0 0 0 0 0 0 0 0
 1 1 1 1 1 2 4 4 4 4 5 5 5 4 2 2 0 0 0 0 0 0 0 0 0 0 0 0 0 0 0 0 0 0 0 0 0 0 0 0 0 0 0 0 0 0
 0 0 1 0 0 1 3 3 3 3 5 9 9 8 4 4 0 0 0 2 2 1 0 0 0 0 0 0 0 0 0 0 0 0 0 0 0 0 0 0 0 0 0 0 0 0
 0 0 2 0 0 0 2 2 3 3 3 7 7 7 3 3 1 1 0 2 2 2 1 1 2 2 0 0 0 0 0 0 0 0 0 0 0 0 0 0 0 0 0 0 0 0
 0 0 2 0 0 0 2 2 3 3 3 7 7 7 3 3 1 1 0 2 2 2 1 1 2 2 0 0 0 0 0 0 0 0 0 0 0 0 0 0 0 0 0 0 0 0
 0 0 2 2 2 2 0 0 1 1 1 2 2 2 1 1 1 1 1 0 0 3 5 5 3 3 3 0 0 0 0 0 0 0 0 0 0 0 0 0 0 0 0 0 0 0
 0 0 2 2 2 2 0 0 1 1 1 2 2 2 1 1 1 1 1 0 0 3 5 5 3 3 3 0 0 0 0 0 0 0 0 0 0 0 0 0 0 0 0 0 0 0
 0 0 0 0 0 1 1 1 0 0 1 1 1 1 1 1 1 1 1 0 0 5 6 6 8 8 5 2 2 0 0 0 0 0 0 0 0 0 0 0 0 0 0 0 0 0
 0 0 0 0 0 1 2 2 2 2 2 2 2 2 2 2 6 6 5 4 4 5 6 6 11 11 5 6 6 9 0 0 0 0 0 0 0 0 0 0 0 0 0 0 0 0
 0 0 0 0 0 1 2 2 2 2 2 2 2 2 2 2 6 6 5 4 4 5 6 6 11 11 5 6 6 9 0 0 0 0 0 0 0 0 0 0 0 0 0 0 0 0
 0 0 0 0 0 0 0 0 1 1 1 4 4 6 7 7 8 8 7 5 5 5 15 15 14 14 7 8 8 6 0 0 0 0 0 0 0 1 1 1 0 0 0 0 0 1
 0 0 0 0 0 0 0 0 1 1 1 4 4 4 6 6 12 12 15 14 14 1 1 1 9 9 9 7 7 4 0 0 0 0 0 0 0 1 5 5 5 5 4 0 0 2
 0 0 0 0 0 0 0 0 1 1 1 4 4 4 6 6 12 12 15 14 14 1 1 1 9 9 9 7 7 4 0 0 0 0 0 0 0 1 5 5 5 5 4 0 0 2
 0 0 0 0 0 0 0 0 1 1 1 3 3 5 12 12 11 11 2 2 2 1 0 0 10 10 2 1 1 6 4 4 1 1 0 0 0 1 5 5 13 13 6 1 1 1
 0 0 0 0 0 0 0 0 1 1 1 3 3 5 12 12 11 11 2 2 2 1 0 0 10 10 2 1 1 6 4 4 1 1 0 0 0 1 5 5 13 13 6 1 1 1
 0 0 0 0 0 0 0 0 0 0 1 1 1 1 1 1 1 1 1 1 1 1 0 0 1 1 1 0 0 2 2 2 0 0 0 0 0 0 13 13 13 13 6 1 1 1
 0 0 0 0 0 0 0 0 0 0 0 0 0 1 0 0 1 1 0 1 1 1 0 0 1 1 5 6 6 2 1 1 0 0 0 0 0 0 0 0 4 4 6 5 5 2
 0 0 0 0 0 0 0 0 0 0 0 0 0 1 0 0 1 1 0 1 1 1 0 0 1 1 5 6 6 2 1 1 0 0 0 0 0 0 0 0 4 4 6 5 5 2
 0 0 0 0 0 0 0 0 0 0 0 0 0 1 0 0 2 2 1 0 0 0 0 0 0 0 1 1 1 1 1 1 1 1 0 0 0 0 0 0 4 4 6 5 5 1
 0 0 1 1 1 1 0 0 0 0 0 0 0 1 2 2 7 7 3 0 0 0 0 0 0 0 1 1 1 2 1 1 1 1 1 0 0 0 0 0 1 1 5 3 3 1
 0 0 1 1 1 1 0 0 0 0 0 0 0 1 2 2 7 7 3 0 0 0 0 0 0 0 1 1 1 2 1 1 1 1 1 0 0 0 0 0 1 1 5 3 3 1
 1 1 1 1 1 1 0 0 0 0 0 0 0 1 1 1 2 2 5 1 1 0 0 0 0 0 0 1 1 1 1 1 1 1 1 0 0 0 0 0 1 1 0 0 0 0
 1 1 1 1 1 1 0 0 0 0 0 0 0 1 1 1 2 2 5 1 1 0 0 0 0 0 0 1 1 1 1 1 1 1 1 0 0 0 0 0 1 1 0 0 0 0
 1 1 1 1 1 1 0 0 0 0 0 0 0 1 1 1 1 1 1 1 1 0 1 1 1 1 1 1 1 0 0 0 0 0 0 0 0 0 0 0 0 0 0 0 0 0
 1 1 1 0 0 0 0 0 0 0 0 0 0 0 1 1 0 0 0 2 2 1 0 0 1 1 1 1 1 1 1 1 1 1 0 0 0 0 0 0 0 0 0 0 0 0
 1 1 1 0 0 0 0 0 0 0 0 0 0 0 1 1 0 0 0 2 2 1 0 0 1 1 1 1 1 1 1 1 1 1 0 0 0 0 0 0 0 0 0 0 0 0
 1 1 1 1 1 1 0 0 0 0 0 0 0 0 1 1 1 1 2 3 3 1 0 0 0 0 1 1 1 1 1 1 1 1 0 0 0 0 0 0 0 0 0 0 0 1
 1 1 1 1 1 1 1 1 1 1 0 0 0 0 1 1 1 1 3 2 2 4 0 0 1 1 1 2 2 1 1 1 0 0 0 0 0 0 0 0 0 0 0 0 0 1
 1 1 1 1 1 1 1 1 1 1 0 0 0 0 1 1 1 1 3 2 2 4 0 0 1 1 1 2 2 1 1 1 0 0 0 0 0 0 0 0 0 0 0 0 0 1
 2 2 3 3 3 2 1 1 1 1 1 1 1 0 0 0 1 1 2 2 2 6 6 6 2 2 1 2 2 1 1 1 0 0 0 0 0 0 0 0 0 0 0 1 1 1
 2 2 3 3 3 2 1 1 1 1 1 1 1 0 0 0 1 1 2 2 2 6 6 6 2 2 1 2 2 1 1 1 0 0 0 0 0 0 0 0 0 0 0 1 1 1
 3 3 4 4 4 2 1 1 2 2 1 1 1 1 1 1 13 13 15 13 13 7 6 6 3 3 6 1 1 1 1 1 0 0 0 0 0 1 0 0 0 0 0 0 0 1
 5 5 6 7 7 3 2 2 1 1 1 1 1 1 1 1 13 13 2 17 17 18 17 17 9 9 10 6 6 1 1 1 1 1 1 4 4 2 0 0 0 0 0 1 1 0
 5 5 6 7 7 3 2 2 1 1 1 1 1 1 1 1 13 13 2 17 17 18 17 17 9 9 10 6 6 1 1 1 1 1 1 4 4 2 0 0 0 0 0 1 1 0
 6 6 6 8 8 4 2 2 1 1 1 1 1 1 1 1 2 2 3 18 18 16 18 18 14 14 27 14 14 5 3 3 5 5 3 7 7 2 1 1 1 1 0 0 0 0
 5 5 7 7 7 2 3 3 2 2 4 0 0 1 1 1 2 2 3 8 8 19 24 24 28 28 30 21 21 9 5 5 5 5 3 1 1 3 2 2 0 0 0 0 0 0
 5 5 7 7 7 2 3 3 2 2 4 0 0 1 1 1 2 2 3 8 8 19 24 24 28 28 30 21 21 9 5 5 5 5 3 1 1 3 2 2 0 0 0 0 0 0
 7 7 5 5 5 3 20 20 14 14 8 1 1 0 0 0 1 1 2 8 8 16 20 20 25 25 27 19 19 17 12 12 2 2 1 0 0 0 0 0 0 0 0 1 1 0
 7 7 5 5 5 3 20 20 14 14 8 1 1 0 0 0 1 1 2 8 8 16 20 20 25 25 27 19 19 17 12 12 2 2 1 0 0 0 0 0 0 0 0 1 1 0
 7 7 4 11 11 19 22 22 10 10 6 2 2 1 6 6 6 6 2 11 11 24 19 19 22 22 28 15 15 11 5 5 1 1 0 0 0 0 0 0 0 0 0 0 0 0
 7 7 8 19 19 25 19 19 5 5 2 2 2 2 6 6 6 6 24 36 36 34 43 43 41 41 23 16 16 14 6 6 5 5 1 0 0 0 0 0 0 0 0 0 0 0
 7 7 8 19 19 25 19 19 5 5 2 2 2 2 6 6 6 6 24 36 36 34 43 43 41 41 23 16 16 14 6 6 5 5 1 0 0 0 0 0 0 0 0 0 0 0
 7 7 11 17 17 19 10 10 2 2 2 2 2 1 1 1 15 15 24 36 36 22 35 35 38 38 28 29 29 19 8 8 4 4 7 3 3 1 0 0 0 0 0 0 0 0
 18 18 15 7 7 1 0 0 0 0 0 1 1 1 1 1 0 0 0 13 13 23 33 33 31 31 25 33 33 30 21 21 5 5 12 5 5 5 3 3 0 0 0 0 0 0
 18 18 15 7 7 1 0 0 0 0 0 1 1 1 1 1 0 0 0 13 13 23 33 33 31 31 25 33 33 30 21 21 5 5 12 5 5 5 3 3 0 0 0 0 0 0
 20 20 9 1 1 1 0 0 0 0 0 0 0 0 0 0 0 0 0 14 14 17 18 18 22 22 18 25 25 27 24 24 10 10 7 26 26 12 5 5 1 1 0 0 0 0
 20 20 9 1 1 1 0 0 0 0 0 0 0 0 0 0 0 0 0 14 14 17 18 18 22 22 18 25 25 27 24 24 10 10 7 26 26 12 5 5 1 1 0 0 0 0
 10 10 1 1 1 1 1 1 1 1 0 0 0 0 0 0 0 0 0 1 1 17 16 16 17 17 17 26 26 31 31 31 20 20 23 24 24 9 10 10 1 1 1 0 0 0
 2 2 2 2 2 2 1 1 0 0 0 0 0 0 0 0 0 0 0 0 0 1 8 8 19 19 16 19 19 23 26 26 27 27 26 26 26 7 5 5 0 0 0 0 0 0
 2 2 2 2 2 2 1 1 0 0 0 0 0 0 0 0 0 0 0 0 0 1 8 8 19 19 16 19 19 23 26 26 27 27 26 26 26 7 5 5 0 0 0 0 0 0
 2 2 1 2 2 3 3 3 1 1 0 0 0 0 0 0 0 0 0 0 0 0 1 1 1 1 6 16 16 17 82 82 26 26 22 21 21 2 1 1 0 0 0 0 0 0
 2 2 2 17 17 3 3 3 2 2 1 0 0 0 0 0 0 0 0 0 0 0 1 1 2 2 8 1 1 1 7 7 9 9 4 1 1 2 0 0 0 0 0 0 0 0
 2 2 2 17 17 3 3 3 2 2 1 0 0 0 0 0 0 0 0 0 0 0 1 1 2 2 8 1 1 1 7 7 9 9 4 1 1 2 0 0 0 0 0 0 0 0
 3 3 4 18 18 18 15 15 3 3 1 1 1 1 0 0 0 0 0 0 0 0 0 0 1 1 1 1 1 1 7 7 7 7 0 0 0 0 0 0 0 0 0 0 0 0
 3 3 4 18 18 18 15 15 3 3 1 1 1 1 0 0 0 0 0 0 0 0 0 0 1 1 1 1 1 1 7 7 7 7 0 0 0 0 0 0 0 0 0 0 0 0
 4 4 3 8 8 15 13 13 1 1 1 1 1 1 0 0 0 0 0 0 0 0 0 0 0 0 1 0 0 0 0 0 0 0 0 0 0 0 1 1 1 1 0 0 0 0
 3 3 3 3 3 18 20 20 2 2 0 0 0 0 0 0 0 0 0 0 0 0 0 0 1 1 1 0 0 0 0 0 1 1 1 1 1 0 1 1 8 8 1 1 1 1
 3 3 3 3 3 18 20 20 2 2 0 0 0 0 0 0 0 0 0 0 0 0 0 0 1 1 1 0 0 0 0 0 1 1 1 1 1 0 1 1 8 8 1 1 1 1
 3 3 2 1 1 5 17 17 2 2 0 1 1 1 1 1 0 0 0 0 0 1 1 1 1 1 1 1 1 1 1 1 1 1 1 1 1 1 2 2 1 1 4 1 1 6
 2 2 2 1 1 1 5 5 1 1 0 0 0 0 1 1 1 1 1 1 1 1 2 2 2 2 1 1 1 1 1 1 1 1 1 1 1 5 6 6 3 3 1 1 1 9
 2 2 2 1 1 1 5 5 1 1 0 0 0 0 1 1 1 1 1 1 1 1 2 2 2 2 1 1 1 1 1 1 1 1 1 1 1 5 6 6 3 3 1 1 1 9
 3 3 4 2 2 1 1 1 1 1 1 0 0 0 0 0 1 1 1 1 1 1 1 1 1 1 1 1 1 1 1 1 1 1 0 1 1 2 4 4 5 5 1 1 1 1
 3 3 4 2 2 1 1 1 1 1 1 0 0 0 0 0 1 1 1 1 1 1 1 1 1 1 1 1 1 1 1 1 1 1 0 1 1 2 4 4 5 5 1 1 1 1
 9 9 14 9 9 2 2 2 1 1 2 1 1 0 0 0 0 0 0 0 0 1 1 1 1 1 1 1 1 1 2 2 2 2 1 1 1 1 6 6 13 13 3 0 0 0
 13 13 24 3 3 2 2 2 2 2 4 2 2 1 1 1 0 0 0 0 0 0 0 0 1 1 1 2 2 1 1 1 1 1 1 2 2 2 7 7 5 5 1 1 1 1
 13 13 24 3 3 2 2 2 2 2 4 2 2 1 1 1 0 0 0 0 0 0 0 0 1 1 1 2 2 1 1 1 1 1 1 2 2 2 7 7 5 5 1 1 1 1
 11 11 20 5 5 4 2 2 3 3 4 1 1 1 1 1 1 1 1 0 0 0 0 0 0 0 1 1 1 1 1 1 1 1 1 2 2 2 1 1 4 4 3 2 2 5
 23 23 16 6 6 8 5 5 8 8 7 2 2 2 2 2 1 1 1 0 0 0 0 0 0 0 0 0 0 1 1 1 1 1 1 1 1 1 3 3 3 3 3 2 2 3
