assets/RAT_results_old/precipitation/2021-07-25_IMERG.asc
ncols        46
nrows        77
xllcorner    74.800261325624
yllcorner    8.058333333333
cellsize     0.062500000000
NODATA_value -9999
 24 24 25 20 20 23 25 25 35 35 36 30 30 25 8 8 9 9 5 4 4 5 2 2 0 0 0 0 0 0 0 0 0 0 0 1 1 1 1 1 1 1 4 4 4 2
 23 23 23 24 24 26 29 29 42 42 43 38 38 31 10 10 10 10 5 6 6 8 3 3 2 2 1 0 0 1 0 0 0 0 0 1 1 3 2 2 1 1 3 3 3 2
 23 23 23 24 24 26 29 29 42 42 43 38 38 31 10 10 10 10 5 6 6 8 3 3 2 2 1 0 0 1 0 0 0 0 0 1 1 3 2 2 1 1 3 3 3 2
 21 21 22 24 24 23 35 35 34 34 34 48 48 24 18 18 20 20 7 7 7 8 3 3 3 3 2 2 2 0 1 1 0 0 1 3 3 6 5 5 3 3 4 1 1 0
 17 17 24 19 19 21 24 24 37 37 45 48 48 28 21 21 18 18 9 11 11 9 5 5 4 4 4 1 1 1 0 0 1 1 1 1 1 0 0 0 0 0 0 0 0 1
 17 17 24 19 19 21 24 24 37 37 45 48 48 28 21 21 18 18 9 11 11 9 5 5 4 4 4 1 1 1 0 0 1 1 1 1 1 0 0 0 0 0 0 0 0 1
 20 20 21 20 20 27 27 27 33 33 50 47 47 34 43 43 19 19 20 4 4 5 3 3 2 2 4 2 2 2 1 1 1 1 1 0 0 0 0 0 0 0 0 0 0 0
 20 20 21 20 20 27 27 27 33 33 50 47 47 34 43 43 19 19 20 4 4 5 3 3 2 2 4 2 2 2 1 1 1 1 1 0 0 0 0 0 0 0 0 0 0 0
 23 23 19 26 26 34 40 40 31 31 48 50 50 51 45 45 38 38 28 3 3 8 3 3 1 1 2 1 1 1 1 1 2 2 1 0 0 0 0 0 0 0 0 0 0 0
 19 19 26 28 28 32 33 33 50 50 52 60 60 58 49 49 52 52 35 6 6 9 5 5 1 1 1 0 0 0 0 0 0 0 0 0 0 0 1 1 0 0 0 0 0 0
 19 19 26 28 28 32 33 33 50 50 52 60 60 58 49 49 52 52 35 6 6 9 5 5 1 1 1 0 0 0 0 0 0 0 0 0 0 0 1 1 0 0 0 0 0 0
 12 12 29 36 36 33 35 35 38 38 58 60 60 44 34 34 38 38 42 13 13 14 5 5 3 3 1 0 0 0 0 0 0 0 0 0 0 0 0 0 1 1 0 0 0 0
 13 13 28 37 37 27 33 33 35 35 48 41 41 33 12 12 15 15 19 10 10 10 6 6 4 4 1 0 0 1 1 1 0 0 0 0 0 0 0 0 0 0 0 0 0 0
 13 13 28 37 37 27 33 33 35 35 48 41 41 33 12 12 15 15 19 10 10 10 6 6 4 4 1 0 0 1 1 1 0 0 0 0 0 0 0 0 0 0 0 0 0 0
 13 13 23 29 29 27 22 22 24 24 33 16 16 18 16 16 20 20 25 21 21 18 17 17 12 12 8 1 1 1 1 1 0 0 0 0 0 0 1 1 1 1 1 1 1 1
 13 13 23 29 29 27 22 22 24 24 33 16 16 18 16 16 20 20 25 21 21 18 17 17 12 12 8 1 1 1 1 1 0 0 0 0 0 0 1 1 1 1 1 1 1 1
 11 11 22 23 23 31 47 47 27 27 24 13 13 11 14 14 17 17 40 33 33 24 20 20 16 16 10 4 4 4 2 2 0 0 0 0 0 0 2 2 2 2 2 3 3 3
 8 8 14 24 24 36 34 34 26 26 24 33 33 32 30 30 43 43 39 34 34 29 19 19 22 22 13 5 5 2 1 1 1 1 1 0 0 1 1 1 3 3 4 3 3 5
 8 8 14 24 24 36 34 34 26 26 24 33 33 32 30 30 43 43 39 34 34 29 19 19 22 22 13 5 5 2 1 1 1 1 1 0 0 1 1 1 3 3 4 3 3 5
 10 10 13 16 16 33 35 35 38 38 33 33 33 49 51 51 45 45 45 41 41 38 20 20 26 26 19 11 11 14 2 2 0 0 0 0 0 1 1 1 2 2 3 3 3 2
 14 14 14 17 17 26 76 76 34 34 38 36 36 46 55 55 58 58 58 41 41 40 22 22 22 22 21 21 21 4 2 2 1 1 3 2 2 1 1 1 2 2 2 0 0 0
 14 14 14 17 17 26 76 76 34 34 38 36 36 46 55 55 58 58 58 41 41 40 22 22 22 22 21 21 21 4 2 2 1 1 3 2 2 1 1 1 2 2 2 0 0 0
 20 20 16 22 22 31 74 74 77 77 37 40 40 46 44 44 54 54 40 29 29 30 12 12 14 14 21 7 7 6 5 5 4 4 4 6 6 1 1 1 0 0 0 0 0 0
 20 20 16 22 22 31 74 74 77 77 37 40 40 46 44 44 54 54 40 29 29 30 12 12 14 14 21 7 7 6 5 5 4 4 4 6 6 1 1 1 0 0 0 0 0 0
 19 19 24 26 26 55 76 76 65 65 57 46 46 41 47 47 49 49 44 32 32 26 14 14 6 6 4 7 7 3 3 3 2 2 5 2 2 0 1 1 0 0 0 0 0 0
 19 19 23 25 25 51 61 61 64 64 60 57 57 60 45 45 56 56 43 33 33 27 13 13 6 6 3 4 4 3 2 2 2 2 1 0 0 0 0 0 0 0 0 0 0 0
 19 19 23 25 25 51 61 61 64 64 60 57 57 60 45 45 56 56 43 33 33 27 13 13 6 6 3 4 4 3 2 2 2 2 1 0 0 0 0 0 0 0 0 0 0 0
 34 34 23 21 21 48 58 58 50 50 57 62 62 50 42 42 35 35 21 15 15 11 10 10 7 7 4 1 1 1 0 0 0 0 0 1 1 0 0 0 0 0 0 0 0 0
 52 52 53 27 27 40 48 48 32 32 39 30 30 30 19 19 14 14 8 5 5 4 3 3 3 3 3 8 8 3 0 0 1 1 1 0 0 0 0 0 0 0 0 0 0 0
 52 52 53 27 27 40 48 48 32 32 39 30 30 30 19 19 14 14 8 5 5 4 3 3 3 3 3 8 8 3 0 0 1 1 1 0 0 0 0 0 0 0 0 0 0 0
 51 51 77 53 53 50 30 30 20 20 22 22 22 24 22 22 8 8 8 5 5 2 1 1 1 1 1 1 1 0 0 0 0 0 1 0 0 0 0 0 0 0 1 1 1 0
 51 51 77 53 53 50 30 30 20 20 22 22 22 24 22 22 8 8 8 5 5 2 1 1 1 1 1 1 1 0 0 0 0 0 1 0 0 0 0 0 0 0 1 1 1 0
 47 47 53 31 31 27 37 37 36 36 20 42 42 18 16 16 9 9 10 4 4 3 3 3 1 1 7 6 6 1 2 2 1 1 1 0 0 0 0 0 0 0 0 0 0 0
 27 27 26 16 16 16 26 26 29 29 35 35 35 31 31 31 19 19 20 6 6 4 3 3 9 9 9 7 7 4 1 1 0 0 2 0 0 0 0 0 0 0 0 0 0 0
 27 27 26 16 16 16 26 26 29 29 35 35 35 31 31 31 19 19 20 6 6 4 3 3 9 9 9 7 7 4 1 1 0 0 2 0 0 0 0 0 0 0 0 0 0 0
 20 20 23 11 11 11 16 16 15 15 11 15 15 17 29 29 20 20 23 12 12 6 6 6 7 7 12 12 12 7 3 3 1 1 3 0 0 1 1 1 1 1 1 1 1 0
 15 15 16 12 12 12 11 11 15 15 29 22 22 18 9 9 12 12 21 6 6 7 6 6 13 13 14 9 9 12 7 7 3 3 1 2 2 2 2 2 1 1 2 0 0 0
 15 15 16 12 12 12 11 11 15 15 29 22 22 18 9 9 12 12 21 6 6 7 6 6 13 13 14 9 9 12 7 7 3 3 1 2 2 2 2 2 1 1 2 0 0 0
 11 11 15 17 17 12 10 10 17 17 30 28 28 18 6 6 10 10 9 12 12 14 12 12 18 18 13 15 15 18 9 9 6 6 6 11 11 6 5 5 2 2 3 4 4 2
 11 11 15 17 17 12 10 10 17 17 30 28 28 18 6 6 10 10 9 12 12 14 12 12 18 18 13 15 15 18 9 9 6 6 6 11 11 6 5 5 2 2 3 4 4 2
 10 10 14 13 13 9 11 11 23 23 25 31 31 14 6 6 12 12 7 10 10 17 22 22 24 24 16 18 18 22 12 12 7 7 7 6 6 3 7 7 8 8 9 5 5 4
 11 11 9 10 10 10 9 9 7 7 15 20 20 9 3 3 4 4 5 2 2 12 17 17 18 18 12 11 11 15 15 15 7 7 4 7 7 5 2 2 6 6 6 4 4 4
 11 11 9 10 10 10 9 9 7 7 15 20 20 9 3 3 4 4 5 2 2 12 17 17 18 18 12 11 11 15 15 15 7 7 4 7 7 5 2 2 6 6 6 4 4 4
 13 13 8 14 14 14 10 10 5 5 9 13 13 10 9 9 4 4 5 2 2 10 12 12 17 17 20 12 12 11 14 14 5 5 8 3 3 2 2 2 3 3 2 1 1 0
 13 13 13 11 11 17 9 9 6 6 6 6 6 9 8 8 4 4 4 3 3 5 11 11 19 19 24 15 15 17 13 13 15 15 6 1 1 1 1 1 2 2 2 1 1 0
 13 13 13 11 11 17 9 9 6 6 6 6 6 9 8 8 4 4 4 3 3 5 11 11 19 19 24 15 15 17 13 13 15 15 6 1 1 1 1 1 2 2 2 1 1 0
 15 15 12 8 8 8 6 6 6 6 5 5 5 7 6 6 3 3 4 3 3 3 8 8 23 23 46 20 20 22 14 14 15 15 5 2 2 2 1 1 2 2 1 0 0 0
 15 15 12 8 8 8 6 6 6 6 5 5 5 7 6 6 3 3 4 3 3 3 8 8 23 23 46 20 20 22 14 14 15 15 5 2 2 2 1 1 2 2 1 0 0 0
 11 11 14 11 11 11 8 8 8 8 6 6 6 8 7 7 6 6 5 4 4 3 6 6 20 20 22 23 23 14 13 13 9 9 5 3 3 1 1 1 0 0 0 0 0 0
 18 18 14 16 16 16 25 25 28 28 27 10 10 15 20 20 8 8 11 5 5 4 6 6 8 8 47 8 8 3 7 7 6 6 6 4 4 4 0 0 0 0 0 0 0 0
 18 18 14 16 16 16 25 25 28 28 27 10 10 15 20 20 8 8 11 5 5 4 6 6 8 8 47 8 8 3 7 7 6 6 6 4 4 4 0 0 0 0 0 0 0 0
 18 18 18 26 26 22 28 28 33 33 37 24 24 28 30 30 25 25 20 10 10 6 8 8 11 11 8 6 6 3 5 5 2 2 3 1 1 1 0 0 1 1 0 0 0 0
 20 20 17 28 28 19 19 19 30 30 28 32 32 32 41 41 37 37 25 19 19 9 9 9 8 8 9 3 3 3 2 2 2 2 2 2 2 3 3 3 0 0 0 0 0 0
 20 20 17 28 28 19 19 19 30 30 28 32 32 32 41 41 37 37 25 19 19 9 9 9 8 8 9 3 3 3 2 2 2 2 2 2 2 3 3 3 0 0 0 0 0 0
 21 21 19 28 28 28 32 32 29 29 30 31 31 32 35 35 26 26 33 28 28 20 8 8 12 12 13 13 13 7 4 4 6 6 1 3 3 3 2 2 0 0 0 1 1 1
 21 21 19 28 28 28 32 32 29 29 30 31 31 32 35 35 26 26 33 28 28 20 8 8 12 12 13 13 13 7 4 4 6 6 1 3 3 3 2 2 0 0 0 1 1 1
 20 20 19 29 29 29 29 29 27 27 31 36 36 35 26 26 22 22 33 25 25 29 16 16 20 20 14 14 14 10 4 4 2 2 1 2 2 2 2 2 1 1 1 1 1 1
 20 20 18 28 28 27 30 30 30 30 38 57 57 36 28 28 27 27 38 26 26 25 16 16 15 15 21 17 17 11 5 5 2 2 2 1 1 2 2 2 0 0 0 0 0 0
 20 20 18 28 28 27 30 30 30 30 38 57 57 36 28 28 27 27 38 26 26 25 16 16 15 15 21 17 17 11 5 5 2 2 2 1 1 2 2 2 0 0 0 0 0 0
 35 35 44 38 38 40 49 49 47 47 72 72 72 38 40 40 45 45 38 29 29 23 25 25 13 13 17 13 13 10 4 4 5 5 2 2 2 1 1 1 0 0 0 0 0 0
 34 34 40 40 40 51 47 47 47 47 54 56 56 42 41 41 39 39 38 26 26 24 25 25 19 19 10 13 13 7 8 8 7 7 5 1 1 1 0 0 0 0 0 0 0 0
 34 34 40 40 40 51 47 47 47 47 54 56 56 42 41 41 39 39 38 26 26 24 25 25 19 19 10 13 13 7 8 8 7 7 5 1 1 1 0 0 0 0 0 0 0 0
 31 31 33 27 27 48 44 44 42 42 51 42 42 32 29 29 41 41 36 22 22 20 12 12 12 12 6 11 11 11 7 7 14 14 12 13 13 1 0 0 0 0 0 0 0 0
 31 31 33 27 27 48 44 44 42 42 51 42 42 32 29 29 41 41 36 22 22 20 12 12 12 12 6 11 11 11 7 7 14 14 12 13 13 1 0 0 0 0 0 0 0 0
 22 22 30 20 20 26 26 26 28 28 30 36 36 24 21 21 31 31 29 20 20 20 11 11 8 8 11 7 7 10 7 7 22 22 30 17 17 0 0 0 0 0 0 0 0 0
 19 19 10 12 12 22 23 23 15 15 25 11 11 19 21 21 25 25 22 9 9 13 10 10 8 8 13 9 9 8 5 5 12 12 2 1 1 1 1 1 1 1 0 0 0 0
 19 19 10 12 12 22 23 23 15 15 25 11 11 19 21 21 25 25 22 9 9 13 10 10 8 8 13 9 9 8 5 5 12 12 2 1 1 1 1 1 1 1 0 0 0 0
 10 10 7 9 9 11 11 11 12 12 12 10 10 16 16 16 15 15 8 7 7 10 9 9 15 15 13 9 9 6 6 6 8 8 4 5 5 1 2 2 3 3 0 0 0 0
 12 12 12 13 13 9 9 9 11 11 9 9 9 8 10 10 9 9 7 8 8 10 11 11 13 13 13 10 10 10 12 12 8 8 4 2 2 1 0 0 1 1 1 0 0 0
 12 12 12 13 13 9 9 9 11 11 9 9 9 8 10 10 9 9 7 8 8 10 11 11 13 13 13 10 10 10 12 12 8 8 4 2 2 1 0 0 1 1 1 0 0 0
 12 12 8 7 7 7 8 8 9 9 8 9 9 6 8 8 7 7 8 7 7 12 12 12 11 11 9 7 7 7 5 5 5 5 4 1 1 0 0 0 0 0 1 1 1 1
 12 12 8 7 7 7 8 8 9 9 8 9 9 6 8 8 7 7 8 7 7 12 12 12 11 11 9 7 7 7 5 5 5 5 4 1 1 0 0 0 0 0 1 1 1 1
 6 6 7 7 7 7 7 7 9 9 8 8 8 7 7 7 7 7 12 8 8 10 13 13 11 11 5 5 5 4 8 8 3 3 2 2 2 2 1 1 0 0 0 0 0 3
 5 5 6 7 7 7 7 7 10 10 12 14 14 13 10 10 11 11 18 10 10 6 11 11 8 8 5 4 4 8 10 10 3 3 2 5 5 4 3 3 2 2 2 0 0 2
 5 5 6 7 7 7 7 7 10 10 12 14 14 13 10 10 11 11 18 10 10 6 11 11 8 8 5 4 4 8 10 10 3 3 2 5 5 4 3 3 2 2 2 0 0 2
 4 4 5 5 5 6 7 7 11 11 14 22 22 30 24 24 22 22 27 17 17 8 8 8 8 8 6 3 3 5 7 7 6 6 5 2 2 2 3 3 3 3 2 0 0 0
 3 3 5 5 5 7 9 9 15 15 18 25 25 43 66 66 65 65 67 37 37 37 16 16 13 13 11 4 4 4 4 4 3 3 2 3 3 1 2 2 2 2 3 0 0 1
