assets/RAT_results_old/precipitation/2021-05-15_IMERG.asc
ncols        46
nrows        77
xllcorner    74.800261325624
yllcorner    8.058333333333
cellsize     0.062500000000
NODATA_value -9999
 34 34 30 29 29 21 27 27 49 49 44 45 45 33 25 25 17 17 17 15 15 13 12 12 12 12 10 15 15 9 9 9 11 11 14 9 9 6 2 2 1 1 1 1 1 1
 27 27 26 25 25 21 26 26 34 34 41 40 40 48 20 20 17 17 14 19 19 10 9 9 14 14 11 15 15 13 12 12 13 13 16 7 7 4 1 1 1 1 1 1 1 1
 27 27 26 25 25 21 26 26 34 34 41 40 40 48 20 20 17 17 14 19 19 10 9 9 14 14 11 15 15 13 12 12 13 13 16 7 7 4 1 1 1 1 1 1 1 1
 21 21 20 42 42 32 46 46 46 46 27 34 34 34 32 32 36 36 14 13 13 12 11 11 11 11 18 22 22 23 25 25 15 15 18 7 7 3 2 2 2 2 2 3 3 1
 18 18 16 38 38 45 79 79 56 56 36 30 30 42 57 57 38 38 42 17 17 13 24 24 23 23 19 23 23 24 22 22 18 18 10 8 8 5 1 1 2 2 2 3 3 1
 18 18 16 38 38 45 79 79 56 56 36 30 30 42 57 57 38 38 42 17 17 13 24 24 23 23 19 23 23 24 22 22 18 18 10 8 8 5 1 1 2 2 2 3 3 1
 20 20 16 31 31 46 60 60 48 48 39 30 30 50 60 60 63 63 50 34 34 27 27 27 24 24 34 25 25 24 26 26 24 24 8 8 8 2 3 3 4 4 8 8 8 7
 20 20 16 31 31 46 60 60 48 48 39 30 30 50 60 60 63 63 50 34 34 27 27 27 24 24 34 25 25 24 26 26 24 24 8 8 8 2 3 3 4 4 8 8 8 7
 18 18 18 29 29 50 54 54 49 49 26 45 45 45 45 45 54 54 51 35 35 37 17 17 13 13 10 12 12 23 25 25 22 22 11 11 11 9 2 2 10 10 7 8 8 7
 13 13 18 29 29 38 51 51 31 31 32 44 44 36 40 40 39 39 45 34 34 33 18 18 14 14 10 10 10 10 13 13 15 15 14 15 15 10 9 9 10 10 7 8 8 10
 13 13 18 29 29 38 51 51 31 31 32 44 44 36 40 40 39 39 45 34 34 33 18 18 14 14 10 10 10 10 13 13 15 15 14 15 15 10 9 9 10 10 7 8 8 10
 15 15 13 35 35 35 47 47 37 37 46 43 43 32 52 52 49 49 47 46 46 43 22 22 16 16 8 14 14 7 12 12 18 18 16 14 14 10 8 8 9 9 8 9 9 10
 18 18 33 41 41 37 42 42 55 55 41 31 31 46 46 46 50 50 54 53 53 54 36 36 20 20 16 26 26 12 15 15 13 13 12 12 12 10 6 6 11 11 8 7 7 9
 18 18 33 41 41 37 42 42 55 55 41 31 31 46 46 46 50 50 54 53 53 54 36 36 20 20 16 26 26 12 15 15 13 13 12 12 12 10 6 6 11 11 8 7 7 9
 13 13 57 69 69 49 50 50 47 47 55 39 39 43 55 55 58 58 51 49 49 42 39 39 19 19 19 22 22 17 17 17 17 17 16 11 11 9 12 12 12 12 11 6 6 9
 13 13 57 69 69 49 50 50 47 47 55 39 39 43 55 55 58 58 51 49 49 42 39 39 19 19 19 22 22 17 17 17 17 17 16 11 11 9 12 12 12 12 11 6 6 9
 8 8 36 46 46 52 47 47 41 41 54 58 58 40 48 48 60 60 51 45 45 38 33 33 22 22 19 20 20 11 13 13 17 17 17 17 17 15 21 21 22 22 19 7 7 9
 9 9 15 45 45 46 45 45 38 38 34 64 64 42 37 37 67 67 40 40 40 31 29 29 30 30 15 18 18 11 9 9 15 15 17 20 20 18 21 21 20 20 21 16 16 14
 9 9 15 45 45 46 45 45 38 38 34 64 64 42 37 37 67 67 40 40 40 31 29 29 30 30 15 18 18 11 9 9 15 15 17 20 20 18 21 21 20 20 21 16 16 14
 14 14 20 27 27 46 63 63 42 42 32 49 49 52 65 65 45 45 46 47 47 42 42 42 25 25 16 11 11 8 11 11 14 14 16 19 19 22 24 24 25 25 19 21 21 19
 14 14 22 22 22 30 68 68 54 54 33 54 54 57 47 47 61 61 59 44 44 37 19 19 19 19 16 12 12 9 14 14 16 16 19 23 23 30 26 26 25 25 20 22 22 17
 14 14 22 22 22 30 68 68 54 54 33 54 54 57 47 47 61 61 59 44 44 37 19 19 19 19 16 12 12 9 14 14 16 16 19 23 23 30 26 26 25 25 20 22 22 17
 14 14 14 20 20 42 64 64 76 76 54 74 74 64 52 52 71 71 59 35 35 38 18 18 22 22 17 13 13 16 23 23 22 22 23 28 28 29 29 29 26 26 18 20 20 12
 14 14 14 20 20 42 64 64 76 76 54 74 74 64 52 52 71 71 59 35 35 38 18 18 22 22 17 13 13 16 23 23 22 22 23 28 28 29 29 29 26 26 18 20 20 12
 22 22 15 27 27 36 71 71 82 82 72 70 70 69 48 48 80 80 60 61 61 28 13 13 14 14 16 14 14 19 17 17 16 16 19 14 14 12 29 29 27 27 12 18 18 13
 19 19 17 22 22 37 53 53 68 68 67 76 76 44 52 52 63 63 41 17 17 22 21 21 23 23 13 18 18 19 14 14 11 11 13 12 12 11 27 27 27 27 12 20 20 16
 19 19 17 22 22 37 53 53 68 68 67 76 76 44 52 52 63 63 41 17 17 22 21 21 23 23 13 18 18 19 14 14 11 11 13 12 12 11 27 27 27 27 12 20 20 16
 9 9 11 17 17 29 33 33 45 45 60 87 87 72 45 45 35 35 42 33 33 23 20 20 23 23 25 33 33 22 15 15 9 9 13 11 11 15 14 14 13 13 14 17 17 20
 8 8 10 20 20 28 33 33 34 34 40 59 59 49 49 49 38 38 40 34 34 32 46 46 43 43 34 35 35 24 20 20 12 12 16 21 21 14 15 15 19 19 17 18 18 21
 8 8 10 20 20 28 33 33 34 34 40 59 59 49 49 49 38 38 40 34 34 32 46 46 43 43 34 35 35 24 20 20 12 12 16 21 21 14 15 15 19 19 17 18 18 21
 9 9 12 24 24 25 31 31 35 35 32 40 40 40 43 43 50 50 51 44 44 48 56 56 42 42 35 43 43 29 30 30 27 27 15 18 18 15 15 15 18 18 15 13 13 20
 9 9 12 24 24 25 31 31 35 35 32 40 40 40 43 43 50 50 51 44 44 48 56 56 42 42 35 43 43 29 30 30 27 27 15 18 18 15 15 15 18 18 15 13 13 20
 16 16 18 23 23 24 31 31 33 33 32 45 45 33 30 30 50 50 38 50 50 66 65 65 43 43 38 38 38 34 33 33 31 31 25 27 27 16 24 24 25 25 13 15 15 16
 15 15 16 24 24 27 26 26 31 31 45 50 50 39 30 30 35 35 37 57 57 47 46 46 65 65 49 39 39 26 25 25 33 33 24 21 21 10 13 13 18 18 20 12 12 14
 15 15 16 24 24 27 26 26 31 31 45 50 50 39 30 30 35 35 37 57 57 47 46 46 65 65 49 39 39 26 25 25 33 33 24 21 21 10 13 13 18 18 20 12 12 14
 20 20 24 27 27 34 34 34 34 34 66 58 58 45 38 38 45 45 43 52 52 56 47 47 57 57 69 62 62 27 30 30 27 27 22 25 25 12 10 10 10 10 14 17 17 15
 21 21 23 25 25 38 35 35 46 46 53 35 35 25 33 33 43 43 37 52 52 54 70 70 73 73 72 70 70 36 43 43 31 31 26 16 16 12 12 12 13 13 16 18 18 17
 21 21 23 25 25 38 35 35 46 46 53 35 35 25 33 33 43 43 37 52 52 54 70 70 73 73 72 70 70 36 43 43 31 31 26 16 16 12 12 12 13 13 16 18 18 17
 21 21 27 33 33 42 54 54 44 44 42 37 37 40 40 40 40 40 45 48 48 50 61 61 63 63 60 84 84 73 67 67 47 47 44 27 27 18 18 18 16 16 14 12 12 11
 21 21 27 33 33 42 54 54 44 44 42 37 37 40 40 40 40 40 45 48 48 50 61 61 63 63 60 84 84 73 67 67 47 47 44 27 27 18 18 18 16 16 14 12 12 11
 30 30 30 30 30 40 46 46 37 37 37 42 42 40 43 43 45 45 60 57 57 49 50 50 48 48 57 92 92 96 93 93 58 58 63 30 30 27 20 20 19 19 21 22 22 18
 40 40 40 45 45 34 29 29 34 34 43 69 69 62 45 45 49 49 65 73 73 60 62 62 71 71 83 100 100 106 89 89 61 61 62 47 47 38 23 23 16 16 15 21 21 16
 40 40 40 45 45 34 29 29 34 34 43 69 69 62 45 45 49 49 65 73 73 60 62 62 71 71 83 100 100 106 89 89 61 61 62 47 47 38 23 23 16 16 15 21 21 16
 44 44 44 44 44 31 27 27 39 39 48 65 65 59 69 69 58 58 58 74 74 60 58 58 85 85 131 162 162 167 83 83 76 76 65 47 47 29 24 24 15 15 14 14 14 14
 45 45 43 49 49 37 33 33 48 48 67 126 126 64 65 65 39 39 61 60 60 76 72 72 78 78 128 143 143 158 89 89 52 52 44 38 38 21 22 22 11 11 9 12 12 9
 45 45 43 49 49 37 33 33 48 48 67 126 126 64 65 65 39 39 61 60 60 76 72 72 78 78 128 143 143 158 89 89 52 52 44 38 38 21 22 22 11 11 9 12 12 9
 44 44 44 43 43 42 48 48 54 54 72 134 134 87 66 66 32 32 49 60 60 57 68 68 64 64 90 117 117 112 117 117 82 82 46 42 42 23 9 9 6 6 7 14 14 10
 44 44 44 43 43 42 48 48 54 54 72 134 134 87 66 66 32 32 49 60 60 57 68 68 64 64 90 117 117 112 117 117 82 82 46 42 42 23 9 9 6 6 7 14 14 10
 39 39 47 45 45 49 62 62 51 51 85 74 74 53 40 40 30 30 43 54 54 47 46 46 61 61 72 84 84 79 87 87 88 88 36 35 35 13 10 10 6 6 7 10 10 9
 45 45 53 50 50 52 52 52 43 43 48 40 40 22 29 29 25 25 40 34 34 45 40 40 44 44 56 66 66 70 82 82 69 69 35 24 24 15 4 4 8 8 6 10 10 11
 45 45 53 50 50 52 52 52 43 43 48 40 40 22 29 29 25 25 40 34 34 45 40 40 44 44 56 66 66 70 82 82 69 69 35 24 24 15 4 4 8 8 6 10 10 11
 43 43 46 43 43 41 47 47 42 42 42 38 38 22 26 26 27 27 30 28 28 40 39 39 49 49 62 83 83 61 45 45 40 40 27 20 20 16 13 13 15 15 17 17 17 22
 35 35 35 38 38 36 43 43 36 36 35 19 19 21 21 21 22 22 27 27 27 44 46 46 51 51 68 57 57 42 37 37 34 34 32 23 23 23 20 20 18 18 22 20 20 22
 35 35 35 38 38 36 43 43 36 36 35 19 19 21 21 21 22 22 27 27 27 44 46 46 51 51 68 57 57 42 37 37 34 34 32 23 23 23 20 20 18 18 22 20 20 22
 35 35 33 39 39 38 38 38 35 35 17 18 18 21 25 25 26 26 29 28 28 37 41 41 48 48 37 32 32 35 40 40 29 29 32 14 14 12 13 13 15 15 16 19 19 13
 35 35 33 39 39 38 38 38 35 35 17 18 18 21 25 25 26 26 29 28 28 37 41 41 48 48 37 32 32 35 40 40 29 29 32 14 14 12 13 13 15 15 16 19 19 13
 45 45 42 47 47 40 34 34 28 28 21 21 21 21 23 23 19 19 29 36 36 49 44 44 40 40 42 47 47 36 30 30 23 23 11 10 10 10 10 10 15 15 15 19 19 21
 50 50 51 45 45 33 22 22 16 16 13 15 15 16 19 19 19 19 27 40 40 22 35 35 39 39 87 46 46 36 29 29 21 21 15 16 16 8 12 12 15 15 18 25 25 23
 50 50 51 45 45 33 22 22 16 16 13 15 15 16 19 19 19 19 27 40 40 22 35 35 39 39 87 46 46 36 29 29 21 21 15 16 16 8 12 12 15 15 18 25 25 23
 59 59 60 56 56 41 29 29 19 19 10 14 14 16 21 21 21 21 19 34 34 34 33 33 38 38 83 83 83 49 22 22 18 18 13 21 21 20 35 35 31 31 21 19 19 13
 61 61 51 48 48 33 25 25 21 21 14 15 15 16 19 19 23 23 24 42 42 39 44 44 43 43 41 19 19 25 29 29 28 28 21 25 25 34 80 80 36 36 35 28 28 16
 61 61 51 48 48 33 25 25 21 21 14 15 15 16 19 19 23 23 24 42 42 39 44 44 43 43 41 19 19 25 29 29 28 28 21 25 25 34 80 80 36 36 35 28 28 16
 58 58 53 51 51 39 43 43 32 32 16 15 15 11 13 13 16 16 20 24 24 17 21 21 21 21 35 18 18 21 20 20 24 24 26 31 31 36 32 32 36 36 34 27 27 19
 58 58 53 51 51 39 43 43 32 32 16 15 15 11 13 13 16 16 20 24 24 17 21 21 21 21 35 18 18 21 20 20 24 24 26 31 31 36 32 32 36 36 34 27 27 19
 60 60 57 53 53 39 34 34 34 34 18 15 15 8 12 12 16 16 14 17 17 15 23 23 32 32 19 9 9 9 22 22 22 22 19 20 20 19 24 24 35 35 36 26 26 20
 28 28 31 36 36 34 29 29 24 24 17 17 17 8 12 12 15 15 16 15 15 10 22 22 28 28 23 9 9 9 13 13 21 21 33 22 22 26 35 35 37 37 32 36 36 24
 28 28 31 36 36 34 29 29 24 24 17 17 17 8 12 12 15 15 16 15 15 10 22 22 28 28 23 9 9 9 13 13 21 21 33 22 22 26 35 35 37 37 32 36 36 24
 19 19 15 12 12 9 13 13 23 23 10 8 8 6 5 5 4 4 6 6 6 9 20 20 47 47 42 8 8 22 16 16 50 50 67 50 50 47 36 36 32 32 42 38 38 32
 17 17 12 10 10 8 8 8 9 9 12 10 10 7 6 6 5 5 9 9 9 11 16 16 35 35 43 13 13 24 46 46 37 37 47 38 38 44 30 30 35 35 38 35 35 26
 17 17 12 10 10 8 8 8 9 9 12 10 10 7 6 6 5 5 9 9 9 11 16 16 35 35 43 13 13 24 46 46 37 37 47 38 38 44 30 30 35 35 38 35 35 26
 11 11 8 8 8 8 9 9 11 11 14 15 15 16 12 12 9 9 12 17 17 26 21 21 29 29 28 21 21 26 33 33 57 57 46 47 47 45 28 28 31 31 29 24 24 30
 11 11 8 8 8 8 9 9 11 11 14 15 15 16 12 12 9 9 12 17 17 26 21 21 29 29 28 21 21 26 33 33 57 57 46 47 47 45 28 28 31 31 29 24 24 30
 13 13 12 11 11 10 13 13 16 16 20 25 25 26 18 18 14 14 25 23 23 26 23 23 15 15 17 10 10 17 45 45 25 25 27 31 31 24 20 20 18 18 20 14 14 19
 17 17 18 18 18 18 20 20 23 23 25 29 29 24 15 15 12 12 19 13 13 11 15 15 9 9 12 17 17 24 24 24 26 26 27 25 25 31 31 31 21 21 20 23 23 19
 17 17 18 18 18 18 20 20 23 23 25 29 29 24 15 15 12 12 19 13 13 11 15 15 9 9 12 17 17 24 24 24 26 26 27 25 25 31 31 31 21 21 20 23 23 19
 16 16 16 16 16 16 19 19 23 23 24 23 23 18 7 7 8 8 8 7 7 9 12 12 7 7 14 16 16 19 12 12 21 21 23 25 25 30 35 35 26 26 27 24 24 27
 7 7 8 10 10 14 17 17 18 18 18 15 15 9 5 5 5 5 8 12 12 9 10 10 8 8 11 13 13 16 11 11 17 17 15 14 14 16 16 16 17 17 28 34 34 35
