assets/RAT_results_old/precipitation/2022-07-05_IMERG.asc
ncols        46
nrows        77
xllcorner    74.800261325624
yllcorner    8.058333333333
cellsize     0.062500000000
NODATA_value -9999
 92 92 76 73 73 62 55 55 51 51 58 54 54 70 62 62 53 53 38 12 12 8 6 6 5 5 5 2 2 1 0 0 1 1 1 3 3 3 2 2 1 1 0 0 0 0
 83 83 71 71 71 70 61 61 60 60 55 61 61 86 58 58 47 47 40 20 20 12 7 7 10 10 6 3 3 1 2 2 2 2 3 0 0 0 1 1 1 1 1 1 1 0
 83 83 71 71 71 70 61 61 60 60 55 61 61 86 58 58 47 47 40 20 20 12 7 7 10 10 6 3 3 1 2 2 2 2 3 0 0 0 1 1 1 1 1 1 1 0
 98 98 90 86 86 86 76 76 67 67 65 62 62 66 65 65 55 55 32 23 23 15 3 3 5 5 8 4 4 1 1 1 1 1 1 0 0 0 3 3 5 5 4 3 3 3
 103 103 95 87 87 87 70 70 67 67 70 60 60 53 51 51 44 44 26 20 20 14 5 5 9 9 6 6 6 3 1 1 2 2 3 1 1 1 1 1 2 2 2 8 8 7
 103 103 95 87 87 87 70 70 67 67 70 60 60 53 51 51 44 44 26 20 20 14 5 5 9 9 6 6 6 3 1 1 2 2 3 1 1 1 1 1 2 2 2 8 8 7
 99 99 99 80 80 80 78 78 69 69 60 59 59 46 42 42 38 38 22 19 19 18 16 16 15 15 16 9 9 5 4 4 4 4 5 5 5 1 3 3 3 3 5 4 4 5
 99 99 99 80 80 80 78 78 69 69 60 59 59 46 42 42 38 38 22 19 19 18 16 16 15 15 16 9 9 5 4 4 4 4 5 5 5 1 3 3 3 3 5 4 4 5
 84 84 97 72 72 68 64 64 58 58 55 54 54 40 40 40 28 28 20 15 15 18 20 20 15 15 18 18 18 16 16 16 13 13 6 5 5 2 3 3 4 4 6 5 5 4
 85 85 87 69 69 65 67 67 57 57 45 51 51 37 36 36 40 40 29 26 26 25 21 21 18 18 19 19 19 26 25 25 15 15 7 6 6 2 1 1 4 4 3 4 4 1
 85 85 87 69 69 65 67 67 57 57 45 51 51 37 36 36 40 40 29 26 26 25 21 21 18 18 19 19 19 26 25 25 15 15 7 6 6 2 1 1 4 4 3 4 4 1
 61 61 56 49 49 54 62 62 59 59 52 45 45 34 34 34 31 31 35 32 32 29 27 27 17 17 18 10 10 15 19 19 12 12 6 3 3 0 4 4 5 5 4 5 5 2
 43 43 42 34 34 49 50 50 45 45 42 34 34 34 27 27 32 32 29 30 30 34 26 26 17 17 7 4 4 6 3 3 7 7 6 2 2 0 0 0 4 4 2 3 3 2
 43 43 42 34 34 49 50 50 45 45 42 34 34 34 27 27 32 32 29 30 30 34 26 26 17 17 7 4 4 6 3 3 7 7 6 2 2 0 0 0 4 4 2 3 3 2
 38 38 39 26 26 31 27 27 35 35 34 33 33 34 30 30 32 32 29 27 27 26 20 20 19 19 8 1 1 1 3 3 2 2 2 0 0 0 5 5 5 5 6 6 6 2
 38 38 39 26 26 31 27 27 35 35 34 33 33 34 30 30 32 32 29 27 27 26 20 20 19 19 8 1 1 1 3 3 2 2 2 0 0 0 5 5 5 5 6 6 6 2
 35 35 24 22 22 28 22 22 19 19 29 25 25 27 21 21 19 19 16 16 16 12 11 11 10 10 5 2 2 1 0 0 2 2 0 0 0 2 5 5 6 6 4 2 2 2
 42 42 28 19 19 21 12 12 15 15 16 17 17 24 16 16 15 15 15 14 14 11 7 7 6 6 8 3 3 1 3 3 5 5 3 0 0 3 3 3 4 4 2 1 1 0
 42 42 28 19 19 21 12 12 15 15 16 17 17 24 16 16 15 15 15 14 14 11 7 7 6 6 8 3 3 1 3 3 5 5 3 0 0 3 3 3 4 4 2 1 1 0
 38 38 26 28 28 27 8 8 17 17 11 9 9 20 25 25 17 17 13 11 11 9 7 7 8 8 10 5 5 4 2 2 2 2 1 2 2 3 4 4 3 3 4 4 4 4
 29 29 21 20 20 19 10 10 14 14 18 12 12 20 15 15 12 12 11 9 9 10 8 8 8 8 6 4 4 3 2 2 4 4 1 2 2 4 5 5 5 5 6 6 6 8
 29 29 21 20 20 19 10 10 14 14 18 12 12 20 15 15 12 12 11 9 9 10 8 8 8 8 6 4 4 3 2 2 4 4 1 2 2 4 5 5 5 5 6 6 6 8
 18 18 18 18 18 6 12 12 9 9 14 15 15 16 12 12 11 11 7 6 6 10 10 10 14 14 8 6 6 6 6 6 7 7 8 5 5 7 9 9 7 7 11 9 9 9
 18 18 18 18 18 6 12 12 9 9 14 15 15 16 12 12 11 11 7 6 6 10 10 10 14 14 8 6 6 6 6 6 7 7 8 5 5 7 9 9 7 7 11 9 9 9
 16 16 15 16 16 7 13 13 11 11 9 12 12 11 15 15 15 15 8 8 8 7 11 11 11 11 11 8 8 8 4 4 6 6 7 7 7 8 6 6 7 7 7 7 7 5
 8 8 10 15 15 5 8 8 12 12 10 13 13 10 11 11 13 13 10 4 4 9 11 11 10 10 7 7 7 8 5 5 3 3 2 4 4 5 3 3 3 3 4 4 4 2
 8 8 10 15 15 5 8 8 12 12 10 13 13 10 11 11 13 13 10 4 4 9 11 11 10 10 7 7 7 8 5 5 3 3 2 4 4 5 3 3 3 3 4 4 4 2
 9 9 12 12 12 12 12 12 15 15 13 10 10 12 6 6 9 9 7 8 8 7 8 8 8 8 7 8 8 4 3 3 4 4 3 3 3 4 2 2 1 1 2 1 1 1
 6 6 7 15 15 13 14 14 16 16 16 11 11 9 11 11 7 7 5 6 6 6 6 6 6 6 8 6 6 5 5 5 3 3 5 4 4 4 3 3 1 1 1 1 1 1
 6 6 7 15 15 13 14 14 16 16 16 11 11 9 11 11 7 7 5 6 6 6 6 6 6 6 8 6 6 5 5 5 3 3 5 4 4 4 3 3 1 1 1 1 1 1
 7 7 11 15 15 18 16 16 16 16 14 16 16 10 12 12 7 7 9 14 14 9 10 10 8 8 9 7 7 7 11 11 7 7 7 9 9 4 4 4 2 2 3 1 1 1
 7 7 11 15 15 18 16 16 16 16 14 16 16 10 12 12 7 7 9 14 14 9 10 10 8 8 9 7 7 7 11 11 7 7 7 9 9 4 4 4 2 2 3 1 1 1
 8 8 10 26 26 29 29 29 26 26 13 10 10 11 11 11 13 13 12 17 17 20 15 15 13 13 15 13 13 13 12 12 11 11 10 8 8 7 8 8 1 1 1 1 1 0
 16 16 22 29 29 32 29 29 26 26 23 9 9 11 11 11 23 23 14 21 21 22 21 21 18 18 16 12 12 17 11 11 12 12 14 7 7 7 10 10 1 1 1 0 0 1
 16 16 22 29 29 32 29 29 26 26 23 9 9 11 11 11 23 23 14 21 21 22 21 21 18 18 16 12 12 17 11 11 12 12 14 7 7 7 10 10 1 1 1 0 0 1
 18 18 23 30 30 29 26 26 25 25 28 32 32 16 12 12 25 25 21 25 25 35 36 36 26 26 15 13 13 13 12 12 9 9 9 9 9 7 5 5 2 2 3 1 1 2
 15 15 19 26 26 25 21 21 23 23 26 36 36 32 26 26 30 30 29 24 24 29 25 25 22 22 22 12 12 11 9 9 16 16 12 8 8 5 6 6 5 5 6 3 3 4
 15 15 19 26 26 25 21 21 23 23 26 36 36 32 26 26 30 30 29 24 24 29 25 25 22 22 22 12 12 11 9 9 16 16 12 8 8 5 6 6 5 5 6 3 3 4
 12 12 15 18 18 18 21 21 18 18 17 34 34 38 24 24 23 23 25 24 24 22 24 24 22 22 11 12 12 12 10 10 15 15 12 8 8 8 7 7 8 8 9 8 8 7
 12 12 15 18 18 18 21 21 18 18 17 34 34 38 24 24 23 23 25 24 24 22 24 24 22 22 11 12 12 12 10 10 15 15 12 8 8 8 7 7 8 8 9 8 8 7
 10 10 11 10 10 12 19 19 16 16 14 38 38 37 21 21 20 20 17 25 25 23 18 18 22 22 13 12 12 10 11 11 15 15 15 15 15 14 14 14 15 15 12 10 10 9
 10 10 8 10 10 11 13 13 14 14 15 31 31 25 17 17 8 8 16 23 23 24 17 17 17 17 11 14 14 16 20 20 16 16 21 15 15 20 17 17 14 14 8 9 9 11
 10 10 8 10 10 11 13 13 14 14 15 31 31 25 17 17 8 8 16 23 23 24 17 17 17 17 11 14 14 16 20 20 16 16 21 15 15 20 17 17 14 14 8 9 9 11
 10 10 10 12 12 16 16 16 12 12 12 15 15 20 9 9 9 9 16 20 20 19 15 15 19 19 18 14 14 12 17 17 23 23 18 11 11 12 10 10 7 7 8 7 7 4
 14 14 12 14 14 19 18 18 13 13 13 13 13 11 12 12 8 8 6 11 11 10 18 18 18 18 15 15 15 18 19 19 19 19 17 11 11 9 6 6 6 6 3 0 0 1
 14 14 12 14 14 19 18 18 13 13 13 13 13 11 12 12 8 8 6 11 11 10 18 18 18 18 15 15 15 18 19 19 19 19 17 11 11 9 6 6 6 6 3 0 0 1
 15 15 16 14 14 17 16 16 10 10 8 9 9 9 10 10 7 7 5 5 5 11 17 17 14 14 17 19 19 14 12 12 12 12 11 8 8 6 4 4 4 4 0 0 0 0
 15 15 16 14 14 17 16 16 10 10 8 9 9 9 10 10 7 7 5 5 5 11 17 17 14 14 17 19 19 14 12 12 12 12 11 8 8 6 4 4 4 4 0 0 0 0
 11 11 13 12 12 10 11 11 9 9 10 9 9 11 10 10 5 5 3 5 5 11 13 13 13 13 19 11 11 11 8 8 11 11 11 9 9 7 7 7 3 3 5 0 0 0
 12 12 14 12 12 16 7 7 8 8 8 10 10 13 12 12 6 6 4 4 4 11 12 12 14 14 17 14 14 9 5 5 6 6 11 11 11 10 2 2 1 1 1 1 1 4
 12 12 14 12 12 16 7 7 8 8 8 10 10 13 12 12 6 6 4 4 4 11 12 12 14 14 17 14 14 9 5 5 6 6 11 11 11 10 2 2 1 1 1 1 1 4
 10 10 17 16 16 13 17 17 13 13 12 16 16 12 8 8 7 7 5 3 3 3 3 3 12 12 10 11 11 6 4 4 3 3 9 5 5 3 1 1 1 1 2 1 1 1
 15 15 19 14 14 15 22 22 11 11 15 13 13 8 8 8 9 9 8 5 5 3 3 3 11 11 8 8 8 6 3 3 4 4 4 2 2 5 4 4 4 4 4 5 5 5
 15 15 19 14 14 15 22 22 11 11 15 13 13 8 8 8 9 9 8 5 5 3 3 3 11 11 8 8 8 6 3 3 4 4 4 2 2 5 4 4 4 4 4 5 5 5
 19 19 22 24 24 28 24 24 11 11 7 7 7 8 9 9 10 10 11 7 7 6 3 3 6 6 5 6 6 9 3 3 6 6 5 2 2 5 4 4 5 5 4 5 5 1
 19 19 22 24 24 28 24 24 11 11 7 7 7 8 9 9 10 10 11 7 7 6 3 3 6 6 5 6 6 9 3 3 6 6 5 2 2 5 4 4 5 5 4 5 5 1
 19 19 22 30 30 36 17 17 10 10 6 7 7 8 10 10 12 12 12 8 8 6 6 6 6 6 5 9 9 7 6 6 6 6 6 4 4 4 3 3 3 3 1 0 0 1
 22 22 21 24 24 27 10 10 6 6 7 8 8 9 11 11 13 13 13 10 10 6 8 8 6 6 5 7 7 6 11 11 10 10 5 1 1 9 5 5 7 7 0 0 0 0
 22 22 21 24 24 27 10 10 6 6 7 8 8 9 11 11 13 13 13 10 10 6 8 8 6 6 5 7 7 6 11 11 10 10 5 1 1 9 5 5 7 7 0 0 0 0
 25 25 21 15 15 17 9 9 7 7 9 14 14 14 12 12 14 14 11 10 10 7 5 5 8 8 7 6 6 9 4 4 3 3 2 1 1 1 6 6 4 4 1 0 0 0
 18 18 15 12 12 11 10 10 8 8 10 13 13 14 14 14 15 15 12 9 9 6 5 5 7 7 9 10 10 9 6 6 2 2 1 1 1 3 10 10 7 7 2 1 1 0
 18 18 15 12 12 11 10 10 8 8 10 13 13 14 14 14 15 15 12 9 9 6 5 5 7 7 9 10 10 9 6 6 2 2 1 1 1 3 10 10 7 7 2 1 1 0
 11 11 11 12 12 10 9 9 9 9 12 13 13 13 12 12 12 12 10 7 7 4 4 4 8 8 13 10 10 9 5 5 3 3 1 1 1 3 4 4 3 3 2 1 1 1
 11 11 11 12 12 10 9 9 9 9 12 13 13 13 12 12 12 12 10 7 7 4 4 4 8 8 13 10 10 9 5 5 3 3 1 1 1 3 4 4 3 3 2 1 1 1
 13 13 19 21 21 14 12 12 11 11 12 13 13 12 13 13 11 11 9 7 7 4 2 2 7 7 8 6 6 9 8 8 7 7 3 3 3 3 6 6 2 2 1 1 1 1
 17 17 25 26 26 16 13 13 13 13 12 11 11 11 11 11 8 8 7 8 8 6 4 4 4 4 3 8 8 12 13 13 7 7 6 3 3 3 7 7 3 3 6 1 1 0
 17 17 25 26 26 16 13 13 13 13 12 11 11 11 11 11 8 8 7 8 8 6 4 4 4 4 3 8 8 12 13 13 7 7 6 3 3 3 7 7 3 3 6 1 1 0
 18 18 22 26 26 14 15 15 15 15 12 10 10 10 10 10 8 8 6 6 6 6 6 6 5 5 6 9 9 9 18 18 12 12 9 4 4 2 1 1 5 5 0 0 0 0
 15 15 20 17 17 16 20 20 19 19 12 10 10 9 8 8 8 8 8 10 10 7 7 7 7 7 6 8 8 11 7 7 6 6 13 9 9 3 2 2 1 1 4 1 1 1
 15 15 20 17 17 16 20 20 19 19 12 10 10 9 8 8 8 8 8 10 10 7 7 7 7 7 6 8 8 11 7 7 6 6 13 9 9 3 2 2 1 1 4 1 1 1
 15 15 18 21 21 22 26 26 30 30 17 12 12 8 7 7 8 8 10 13 13 12 9 9 8 8 7 7 7 7 9 9 3 3 5 4 4 3 2 2 1 1 8 5 5 1
 15 15 18 21 21 22 26 26 30 30 17 12 12 8 7 7 8 8 10 13 13 12 9 9 8 8 7 7 7 7 9 9 3 3 5 4 4 3 2 2 1 1 8 5 5 1
 11 11 18 20 20 29 42 42 44 44 24 21 21 11 8 8 8 8 12 19 19 19 9 9 7 7 8 7 7 10 10 10 6 6 3 1 1 2 2 2 2 2 5 6 6 1
 11 11 13 14 14 28 42 42 60 60 37 12 12 8 9 9 10 10 14 30 30 21 10 10 8 8 7 7 7 11 8 8 5 5 1 1 1 1 3 3 3 3 3 5 5 3
 11 11 13 14 14 28 42 42 60 60 37 12 12 8 9 9 10 10 14 30 30 21 10 10 8 8 7 7 7 11 8 8 5 5 1 1 1 1 3 3 3 3 3 5 5 3
 9 9 9 12 12 23 44 44 56 56 24 10 10 7 9 9 14 14 27 26 26 17 12 12 9 9 7 7 7 7 10 10 3 3 1 2 2 1 3 3 7 7 5 5 5 6
 8 8 7 9 9 17 44 44 23 23 18 8 8 7 7 7 13 13 16 13 13 9 11 11 7 7 7 6 6 4 7 7 3 3 2 1 1 2 4 4 5 5 4 4 4 4
