assets/RAT_results_old/precipitation/2022-04-23_IMERG.asc
ncols        46
nrows        77
xllcorner    74.800261325624
yllcorner    8.058333333333
cellsize     0.062500000000
NODATA_value -9999
 1 1 1 0 0 0 1 1 1 1 1 0 0 0 0 0 1 1 0 1 1 1 0 0 0 0 0 0 0 0 0 0 0 0 0 0 0 0 0 0 0 0 0 0 0 0
 1 1 2 0 0 1 1 1 1 1 1 1 1 1 1 1 1 1 0 1 1 0 0 0 0 0 0 0 0 0 0 0 0 0 0 0 0 0 0 0 0 0 0 0 0 0
 1 1 2 0 0 1 1 1 1 1 1 1 1 1 1 1 1 1 0 1 1 0 0 0 0 0 0 0 0 0 0 0 0 0 0 0 0 0 0 0 0 0 0 0 0 0
 1 1 2 1 1 1 1 1 2 2 2 1 1 1 1 1 1 1 1 0 0 0 0 0 0 0 0 0 0 1 1 1 0 0 0 0 0 0 0 0 0 0 0 0 0 1
 0 0 2 1 1 1 1 1 2 2 2 2 2 1 1 1 0 0 0 0 0 0 0 0 0 0 1 1 1 2 1 1 0 0 0 0 0 0 0 0 0 0 1 1 1 0
 0 0 2 1 1 1 1 1 2 2 2 2 2 1 1 1 0 0 0 0 0 0 0 0 0 0 1 1 1 2 1 1 0 0 0 0 0 0 0 0 0 0 1 1 1 0
 0 0 1 2 2 1 1 1 2 2 2 2 2 2 3 3 1 1 0 0 0 0 1 1 1 1 2 3 3 6 1 1 1 1 0 0 0 1 0 0 0 0 1 1 1 1
 0 0 1 2 2 1 1 1 2 2 2 2 2 2 3 3 1 1 0 0 0 0 1 1 1 1 2 3 3 6 1 1 1 1 0 0 0 1 0 0 0 0 1 1 1 1
 0 0 1 1 1 1 1 1 2 2 4 3 3 6 2 2 1 1 1 1 1 1 1 1 1 1 2 2 2 3 3 3 2 2 2 1 1 1 0 0 1 1 0 0 0 1
 3 3 2 1 1 2 2 2 2 2 3 2 2 5 3 3 2 2 2 2 2 2 2 2 2 2 1 1 1 1 3 3 2 2 1 1 1 1 1 1 1 1 1 0 0 1
 3 3 2 1 1 2 2 2 2 2 3 2 2 5 3 3 2 2 2 2 2 2 2 2 2 2 1 1 1 1 3 3 2 2 1 1 1 1 1 1 1 1 1 0 0 1
 3 3 1 0 0 1 3 3 3 3 3 2 2 4 4 4 4 4 2 3 3 2 2 2 2 2 2 1 1 1 1 1 1 1 1 1 1 1 1 1 1 1 1 0 0 0
 3 3 2 1 1 1 2 2 8 8 3 6 6 4 3 3 3 3 3 8 8 6 7 7 9 9 6 2 2 2 1 1 1 1 1 1 1 2 2 2 1 1 1 0 0 0
 3 3 2 1 1 1 2 2 8 8 3 6 6 4 3 3 3 3 3 8 8 6 7 7 9 9 6 2 2 2 1 1 1 1 1 1 1 2 2 2 1 1 1 0 0 0
 0 0 0 3 3 3 5 5 9 9 5 10 10 6 5 5 9 9 8 8 8 9 13 13 24 24 18 5 5 6 4 4 2 2 3 3 3 4 3 3 3 3 2 2 2 2
 0 0 0 3 3 3 5 5 9 9 5 10 10 6 5 5 9 9 8 8 8 9 13 13 24 24 18 5 5 6 4 4 2 2 3 3 3 4 3 3 3 3 2 2 2 2
 0 0 1 3 3 2 3 3 5 5 4 5 5 4 5 5 11 11 14 10 10 13 19 19 21 21 18 14 14 8 6 6 7 7 5 13 13 14 5 5 4 4 3 2 2 6
 0 0 1 0 0 0 3 3 3 3 5 14 14 15 19 19 17 17 14 12 12 14 25 25 44 44 42 36 36 14 15 15 10 10 11 18 18 17 14 14 7 7 6 17 17 20
 0 0 1 0 0 0 3 3 3 3 5 14 14 15 19 19 17 17 14 12 12 14 25 25 44 44 42 36 36 14 15 15 10 10 11 18 18 17 14 14 7 7 6 17 17 20
 0 0 1 1 1 9 36 36 36 36 7 16 16 17 90 90 90 90 14 18 18 23 27 27 44 44 44 44 44 19 15 15 12 12 14 16 16 11 14 14 11 11 7 13 13 11
 0 0 1 1 1 9 27 27 6 6 13 12 12 55 88 88 89 89 15 23 23 26 28 28 41 41 45 35 35 18 21 21 16 16 23 17 17 12 8 8 9 9 10 15 15 15
 0 0 1 1 1 9 27 27 6 6 13 12 12 55 88 88 89 89 15 23 23 26 28 28 41 41 45 35 35 18 21 21 16 16 23 17 17 12 8 8 9 9 10 15 15 15
 3 3 1 2 2 22 22 22 5 5 12 11 11 7 9 9 7 7 9 20 20 31 28 28 45 45 35 32 32 27 26 26 15 15 21 28 28 13 14 14 12 12 23 21 21 20
 3 3 1 2 2 22 22 22 5 5 12 11 11 7 9 9 7 7 9 20 20 31 28 28 45 45 35 32 32 27 26 26 15 15 21 28 28 13 14 14 12 12 23 21 21 20
 4 4 2 2 2 3 15 15 3 3 4 5 5 6 8 8 9 9 9 19 19 27 32 32 35 35 35 36 36 42 28 28 28 28 30 28 28 15 16 16 11 11 18 18 18 16
 2 2 3 4 4 4 16 16 4 4 5 2 2 2 7 7 8 8 10 28 28 42 38 38 43 43 46 36 36 39 28 28 27 27 19 18 18 16 15 15 10 10 9 10 10 18
 2 2 3 4 4 4 16 16 4 4 5 2 2 2 7 7 8 8 10 28 28 42 38 38 43 43 46 36 36 39 28 28 27 27 19 18 18 16 15 15 10 10 9 10 10 18
 2 2 3 4 4 9 13 13 14 14 6 3 3 2 7 7 10 10 27 27 27 40 42 42 44 44 45 46 46 46 30 30 30 30 30 22 22 20 12 12 12 12 7 7 7 7
 2 2 3 3 3 8 14 14 3 3 3 2 2 1 6 6 9 9 24 14 14 31 39 39 47 47 50 55 55 52 36 36 57 57 26 23 23 19 13 13 8 8 9 10 10 7
 2 2 3 3 3 8 14 14 3 3 3 2 2 1 6 6 9 9 24 14 14 31 39 39 47 47 50 55 55 52 36 36 57 57 26 23 23 19 13 13 8 8 9 10 10 7
 2 2 2 2 2 4 3 3 2 2 2 2 2 4 6 6 13 13 19 13 13 30 38 38 44 44 40 45 45 44 80 80 54 54 40 40 40 28 17 17 14 14 9 54 54 11
 2 2 2 2 2 4 3 3 2 2 2 2 2 4 6 6 13 13 19 13 13 30 38 38 44 44 40 45 45 44 80 80 54 54 40 40 40 28 17 17 14 14 9 54 54 11
 2 2 2 2 2 4 1 1 2 2 2 2 2 1 7 7 14 14 18 15 15 20 28 28 43 43 45 42 42 46 49 49 46 46 74 50 50 26 25 25 36 36 17 33 33 5
 3 3 2 1 1 2 1 1 1 1 1 1 1 1 8 8 14 14 17 16 16 12 19 19 25 25 33 29 29 32 41 41 76 76 73 33 33 30 10 10 21 21 27 5 5 5
 3 3 2 1 1 2 1 1 1 1 1 1 1 1 8 8 14 14 17 16 16 12 19 19 25 25 33 29 29 32 41 41 76 76 73 33 33 30 10 10 21 21 27 5 5 5
 3 3 2 2 2 2 1 1 1 1 1 1 1 1 7 7 10 10 21 17 17 12 19 19 21 21 28 23 23 19 18 18 34 34 75 26 26 14 7 7 5 5 11 5 5 4
 3 3 3 4 4 3 3 3 2 2 1 1 1 2 8 8 11 11 16 21 21 17 19 19 30 30 40 31 31 41 18 18 21 21 32 17 17 11 7 7 6 6 6 6 6 3
 3 3 3 4 4 3 3 3 2 2 1 1 1 2 8 8 11 11 16 21 21 17 19 19 30 30 40 31 31 41 18 18 21 21 32 17 17 11 7 7 6 6 6 6 6 3
 3 3 1 2 2 2 2 2 2 2 2 3 3 3 4 4 6 6 17 24 24 19 20 20 19 19 27 43 43 39 31 31 25 25 47 25 25 11 10 10 9 9 10 6 6 5
 3 3 1 2 2 2 2 2 2 2 2 3 3 3 4 4 6 6 17 24 24 19 20 20 19 19 27 43 43 39 31 31 25 25 47 25 25 11 10 10 9 9 10 6 6 5
 1 1 2 2 2 4 2 2 3 3 4 4 4 5 5 5 5 5 14 24 24 23 23 23 19 19 30 42 42 17 25 25 17 17 18 27 27 16 7 7 8 8 11 7 7 7
 1 1 1 3 3 7 7 7 44 44 3 3 3 5 5 5 5 5 5 11 11 21 22 22 30 30 22 37 37 25 26 26 19 19 14 13 13 7 7 7 8 8 9 11 11 10
 1 1 1 3 3 7 7 7 44 44 3 3 3 5 5 5 5 5 5 11 11 21 22 22 30 30 22 37 37 25 26 26 19 19 14 13 13 7 7 7 8 8 9 11 11 10
 1 1 1 2 2 6 7 7 45 45 25 17 17 4 5 5 4 4 5 11 11 25 24 24 22 22 23 25 25 21 24 24 22 22 14 8 8 10 12 12 9 9 8 7 7 5
 1 1 0 1 1 1 2 2 25 25 25 18 18 2 4 4 3 3 5 10 10 12 22 22 16 16 59 25 25 34 58 58 18 18 25 10 10 4 5 5 5 5 7 8 8 0
 1 1 0 1 1 1 2 2 25 25 25 18 18 2 4 4 3 3 5 10 10 12 22 22 16 16 59 25 25 34 58 58 18 18 25 10 10 4 5 5 5 5 7 8 8 0
 3 3 2 3 3 1 2 2 2 2 2 2 2 1 1 1 2 2 2 7 7 6 7 7 13 13 32 63 63 22 55 55 23 23 43 8 8 3 2 2 2 2 2 3 3 3
 3 3 2 3 3 1 2 2 2 2 2 2 2 1 1 1 2 2 2 7 7 6 7 7 13 13 32 63 63 22 55 55 23 23 43 8 8 3 2 2 2 2 2 3 3 3
 3 3 3 4 4 4 3 3 2 2 1 1 1 1 1 1 1 1 1 3 3 4 2 2 11 11 13 55 55 56 48 48 27 27 55 8 8 3 3 3 4 4 1 0 0 1
 7 7 5 5 5 5 3 3 1 1 1 1 1 0 0 0 1 1 0 0 0 2 1 1 3 3 8 9 9 29 30 30 28 28 17 9 9 4 4 4 4 4 0 0 0 1
 7 7 5 5 5 5 3 3 1 1 1 1 1 0 0 0 1 1 0 0 0 2 1 1 3 3 8 9 9 29 30 30 28 28 17 9 9 4 4 4 4 4 0 0 0 1
 7 7 6 7 7 3 3 3 1 1 1 1 1 0 0 0 0 0 0 0 0 2 1 1 2 2 5 8 8 28 46 46 45 45 17 11 11 4 5 5 3 3 0 0 0 0
 9 9 8 8 8 3 3 3 1 1 1 0 0 0 0 0 1 1 2 1 1 1 1 1 3 3 6 3 3 7 13 13 19 19 11 8 8 5 1 1 1 1 1 2 2 0
 9 9 8 8 8 3 3 3 1 1 1 0 0 0 0 0 1 1 2 1 1 1 1 1 3 3 6 3 3 7 13 13 19 19 11 8 8 5 1 1 1 1 1 2 2 0
 15 15 14 8 8 3 3 3 1 1 1 0 0 0 0 0 1 1 2 0 0 0 1 1 3 3 4 2 2 5 6 6 9 9 13 8 8 9 7 7 4 4 1 3 3 3
 15 15 14 8 8 3 3 3 1 1 1 0 0 0 0 0 1 1 2 0 0 0 1 1 3 3 4 2 2 5 6 6 9 9 13 8 8 9 7 7 4 4 1 3 3 3
 10 10 9 7 7 4 3 3 1 1 1 0 0 0 0 0 0 0 0 0 0 0 1 1 2 2 3 1 1 2 4 4 4 4 7 8 8 9 9 9 6 6 4 3 3 2
 11 11 10 4 4 3 1 1 1 1 0 0 0 0 0 0 0 0 0 0 0 0 1 1 1 1 2 2 2 1 2 2 4 4 5 8 8 10 10 10 5 5 5 4 4 4
 11 11 10 4 4 3 1 1 1 1 0 0 0 0 0 0 0 0 0 0 0 0 1 1 1 1 2 2 2 1 2 2 4 4 5 8 8 10 10 10 5 5 5 4 4 4
 8 8 9 3 3 3 2 2 1 1 0 0 0 0 0 0 0 0 0 0 0 0 1 1 2 2 1 3 3 0 1 1 4 4 6 7 7 11 19 19 5 5 6 5 5 8
 7 7 8 3 3 3 1 1 1 1 0 0 0 1 3 3 1 1 0 0 0 0 2 2 3 3 0 1 1 2 2 2 3 3 7 11 11 9 6 6 7 7 3 3 3 7
 7 7 8 3 3 3 1 1 1 1 0 0 0 1 3 3 1 1 0 0 0 0 2 2 3 3 0 1 1 2 2 2 3 3 7 11 11 9 6 6 7 7 3 3 3 7
 5 5 4 2 2 3 1 1 1 1 1 0 0 0 3 3 2 2 1 0 0 0 2 2 3 3 3 4 4 7 4 4 5 5 6 7 7 10 29 29 7 7 2 3 3 5
 5 5 4 2 2 3 1 1 1 1 1 0 0 0 3 3 2 2 1 0 0 0 2 2 3 3 3 4 4 7 4 4 5 5 6 7 7 10 29 29 7 7 2 3 3 5
 4 4 3 2 2 1 1 1 4 4 3 0 0 0 0 0 2 2 2 1 1 0 2 2 2 2 2 4 4 7 6 6 4 4 2 3 3 15 17 17 13 13 9 7 7 5
 4 4 4 5 5 10 2 2 3 3 1 0 0 0 0 0 0 0 0 0 0 0 4 4 3 3 3 5 5 8 7 7 8 8 4 6 6 6 9 9 10 10 10 22 22 4
 4 4 4 5 5 10 2 2 3 3 1 0 0 0 0 0 0 0 0 0 0 0 4 4 3 3 3 5 5 8 7 7 8 8 4 6 6 6 9 9 10 10 10 22 22 4
 4 4 9 4 4 10 2 2 1 1 0 0 0 0 0 0 0 0 0 0 0 4 4 4 6 6 6 7 7 8 7 7 7 7 5 7 7 7 6 6 10 10 11 11 11 4
 11 11 8 3 3 2 1 1 1 1 0 1 1 0 0 0 0 0 1 1 1 4 6 6 8 8 8 10 10 11 9 9 10 10 7 6 6 6 5 5 19 19 20 7 7 2
 11 11 8 3 3 2 1 1 1 1 0 1 1 0 0 0 0 0 1 1 1 4 6 6 8 8 8 10 10 11 9 9 10 10 7 6 6 6 5 5 19 19 20 7 7 2
 2 2 1 1 1 1 1 1 1 1 1 1 1 1 0 0 1 1 1 1 1 3 8 8 11 11 11 10 10 11 11 11 12 12 9 8 8 6 6 6 5 5 18 8 8 2
 2 2 1 1 1 1 1 1 1 1 1 1 1 1 0 0 1 1 1 1 1 3 8 8 11 11 11 10 10 11 11 11 12 12 9 8 8 6 6 6 5 5 18 8 8 2
 1 1 1 1 1 1 9 9 1 1 1 1 1 2 1 1 0 0 1 1 1 3 3 3 5 5 11 12 12 13 18 18 19 19 11 9 9 9 7 7 6 6 5 2 2 1
 1 1 1 0 0 0 0 0 0 0 0 0 0 1 1 1 0 0 2 2 2 1 2 2 3 3 3 8 8 9 10 10 11 11 11 14 14 8 8 8 7 7 5 1 1 1
 1 1 1 0 0 0 0 0 0 0 0 0 0 1 1 1 0 0 2 2 2 1 2 2 3 3 3 8 8 9 10 10 11 11 11 14 14 8 8 8 7 7 5 1 1 1
 18 18 1 1 1 0 0 0 0 0 0 0 0 0 0 0 1 1 3 2 2 1 1 1 3 3 2 4 4 5 5 5 9 9 8 8 8 8 7 7 6 6 6 3 3 4
 26 26 4 2 2 1 0 0 0 0 0 0 0 0 0 0 1 1 1 1 1 1 2 2 2 2 2 3 3 3 5 5 4 4 2 5 5 6 5 5 5 5 5 2 2 1
