assets/RAT_results_old/precipitation/2022-06-23_IMERG.asc
ncols        46
nrows        77
xllcorner    74.800261325624
yllcorner    8.058333333333
cellsize     0.062500000000
NODATA_value -9999
 6 6 7 7 7 11 7 7 8 8 8 10 10 4 4 4 2 2 2 2 2 1 0 0 0 0 0 0 0 0 0 0 0 0 0 0 0 0 1 1 1 1 1 1 1 1
 14 14 11 6 6 7 5 5 4 4 5 4 4 4 4 4 2 2 2 2 2 0 0 0 0 0 0 0 0 0 0 0 0 0 0 0 0 0 1 1 1 1 1 1 1 1
 14 14 11 6 6 7 5 5 4 4 5 4 4 4 4 4 2 2 2 2 2 0 0 0 0 0 0 0 0 0 0 0 0 0 0 0 0 0 1 1 1 1 1 1 1 1
 18 18 13 4 4 4 2 2 2 2 2 2 2 1 1 1 1 1 1 0 0 0 1 1 0 0 0 1 1 0 0 0 0 0 0 0 0 1 1 1 1 1 0 0 0 1
 16 16 14 5 5 4 1 1 1 1 1 1 1 1 1 1 0 0 1 1 1 1 1 1 1 1 0 0 0 0 0 0 0 0 0 1 1 0 0 0 1 1 0 0 0 0
 16 16 14 5 5 4 1 1 1 1 1 1 1 1 1 1 0 0 1 1 1 1 1 1 1 1 0 0 0 0 0 0 0 0 0 1 1 0 0 0 1 1 0 0 0 0
 7 7 2 3 3 3 1 1 0 0 0 0 0 1 2 2 1 1 1 1 1 1 1 1 0 0 0 0 0 1 0 0 0 0 1 1 1 1 0 0 0 0 0 0 0 0
 7 7 2 3 3 3 1 1 0 0 0 0 0 1 2 2 1 1 1 1 1 1 1 1 0 0 0 0 0 1 0 0 0 0 1 1 1 1 0 0 0 0 0 0 0 0
 6 6 5 4 4 3 1 1 7 7 0 0 0 1 1 1 1 1 1 1 1 1 1 1 0 0 0 1 1 0 0 0 1 1 1 1 1 1 0 0 0 0 0 0 0 0
 7 7 7 9 9 7 7 7 7 7 9 9 9 2 2 2 1 1 1 0 0 0 1 1 0 0 0 0 0 0 0 0 1 1 1 0 0 0 0 0 0 0 0 0 0 0
 7 7 7 9 9 7 7 7 7 7 9 9 9 2 2 2 1 1 1 0 0 0 1 1 0 0 0 0 0 0 0 0 1 1 1 0 0 0 0 0 0 0 0 0 0 0
 5 5 6 14 14 17 22 22 22 22 22 22 22 12 2 2 1 1 1 0 0 0 1 1 1 1 0 1 1 1 1 1 1 1 0 0 0 0 0 0 0 0 0 0 0 1
 10 10 9 21 21 24 30 30 23 23 22 22 22 12 0 0 1 1 1 0 0 0 0 0 1 1 1 2 2 1 1 1 1 1 1 1 1 1 1 1 1 1 1 1 1 1
 10 10 9 21 21 24 30 30 23 23 22 22 22 12 0 0 1 1 1 0 0 0 0 0 1 1 1 2 2 1 1 1 1 1 1 1 1 1 1 1 1 1 1 1 1 1
 7 7 7 17 17 18 27 27 25 25 26 11 11 12 2 2 2 2 1 1 1 2 1 1 3 3 3 2 2 2 2 2 2 2 2 5 5 7 5 5 5 5 3 2 2 1
 7 7 7 17 17 18 27 27 25 25 26 11 11 12 2 2 2 2 1 1 1 2 1 1 3 3 3 2 2 2 2 2 2 2 2 5 5 7 5 5 5 5 3 2 2 1
 14 14 6 6 6 20 21 21 22 22 22 14 14 12 2 2 2 2 2 4 4 5 2 2 4 4 3 3 3 3 3 3 4 4 7 8 8 8 9 9 13 13 11 5 5 2
 5 5 6 7 7 22 21 21 16 16 22 18 18 14 4 4 2 2 3 4 4 4 2 2 3 3 3 3 3 3 3 3 3 3 6 7 7 6 5 5 9 9 8 4 4 2
 5 5 6 7 7 22 21 21 16 16 22 18 18 14 4 4 2 2 3 4 4 4 2 2 3 3 3 3 3 3 3 3 3 3 6 7 7 6 5 5 9 9 8 4 4 2
 5 5 9 7 7 19 18 18 18 18 16 11 11 15 6 6 2 2 2 3 3 3 4 4 3 3 3 3 3 3 3 3 2 2 3 4 4 4 3 3 3 3 3 2 2 1
 8 8 25 24 24 34 36 36 12 12 17 13 13 8 8 8 2 2 3 3 3 2 3 3 2 2 2 2 2 3 3 3 3 3 2 2 2 2 2 2 2 2 2 1 1 1
 8 8 25 24 24 34 36 36 12 12 17 13 13 8 8 8 2 2 3 3 3 2 3 3 2 2 2 2 2 3 3 3 3 3 2 2 2 2 2 2 2 2 2 1 1 1
 9 9 13 36 36 42 34 34 11 11 5 5 5 9 8 8 3 3 7 4 4 4 4 4 2 2 2 2 2 2 2 2 2 2 2 2 2 1 2 2 2 2 3 2 2 2
 9 9 13 36 36 42 34 34 11 11 5 5 5 9 8 8 3 3 7 4 4 4 4 4 2 2 2 2 2 2 2 2 2 2 2 2 2 1 2 2 2 2 3 2 2 2
 11 11 13 38 38 37 4 4 4 4 4 4 4 6 8 8 4 4 7 6 6 6 3 3 3 3 2 2 2 2 2 2 2 2 2 2 2 1 1 1 2 2 2 3 3 2
 50 50 28 9 9 8 5 5 3 3 4 5 5 6 3 3 4 4 7 6 6 6 3 3 2 2 1 1 1 2 2 2 1 1 1 1 1 1 1 1 1 1 2 1 1 1
 50 50 28 9 9 8 5 5 3 3 4 5 5 6 3 3 4 4 7 6 6 6 3 3 2 2 1 1 1 2 2 2 1 1 1 1 1 1 1 1 1 1 2 1 1 1
 51 51 27 32 32 11 10 10 3 3 5 7 7 6 3 3 5 5 9 5 5 6 4 4 3 3 1 1 1 3 3 3 1 1 1 1 1 1 1 1 1 1 1 1 1 1
 19 19 32 34 34 12 13 13 6 6 9 10 10 7 4 4 6 6 7 5 5 6 4 4 4 4 3 2 2 2 1 1 1 1 1 1 1 0 1 1 1 1 1 1 1 1
 19 19 32 34 34 12 13 13 6 6 9 10 10 7 4 4 6 6 7 5 5 6 4 4 4 4 3 2 2 2 1 1 1 1 1 1 1 0 1 1 1 1 1 1 1 1
 22 22 16 16 16 12 15 15 9 9 9 11 11 10 8 8 10 10 9 6 6 7 3 3 2 2 3 1 1 1 1 1 0 0 0 0 0 1 1 1 1 1 1 1 1 1
 22 22 16 16 16 12 15 15 9 9 9 11 11 10 8 8 10 10 9 6 6 7 3 3 2 2 3 1 1 1 1 1 0 0 0 0 0 1 1 1 1 1 1 1 1 1
 12 12 17 16 16 15 18 18 11 11 9 12 12 10 7 7 6 6 9 5 5 6 2 2 1 1 2 1 1 0 0 0 0 0 0 1 1 1 1 1 1 1 1 1 1 0
 8 8 9 10 10 12 15 15 14 14 11 13 13 11 8 8 7 7 5 4 4 3 1 1 1 1 1 1 1 0 0 0 1 1 1 2 2 1 1 1 1 1 2 1 1 0
 8 8 9 10 10 12 15 15 14 14 11 13 13 11 8 8 7 7 5 4 4 3 1 1 1 1 1 1 1 0 0 0 1 1 1 2 2 1 1 1 1 1 2 1 1 0
 11 11 12 8 8 10 13 13 13 13 11 11 11 11 9 9 8 8 5 6 6 2 2 2 1 1 2 1 1 1 1 1 1 1 3 3 3 2 1 1 1 1 2 2 2 1
 10 10 6 8 8 9 10 10 10 10 8 6 6 8 7 7 5 5 5 9 9 7 10 10 3 3 3 3 3 1 1 1 1 1 3 3 3 2 1 1 2 2 4 6 6 5
 10 10 6 8 8 9 10 10 10 10 8 6 6 8 7 7 5 5 5 9 9 7 10 10 3 3 3 3 3 1 1 1 1 1 3 3 3 2 1 1 2 2 4 6 6 5
 9 9 10 9 9 10 8 8 9 9 7 5 5 8 9 9 8 8 13 22 22 17 12 12 11 11 5 5 5 1 1 1 2 2 4 6 6 5 3 3 3 3 4 8 8 7
 9 9 10 9 9 10 8 8 9 9 7 5 5 8 9 9 8 8 13 22 22 17 12 12 11 11 5 5 5 1 1 1 2 2 4 6 6 5 3 3 3 3 4 8 8 7
 7 7 12 10 10 10 7 7 8 8 9 9 9 9 13 13 12 12 13 26 26 20 12 12 11 11 5 4 4 1 1 1 2 2 4 6 6 5 4 4 3 3 3 3 3 2
 9 9 9 9 9 9 7 7 8 8 5 9 9 10 16 16 14 14 14 15 15 21 14 14 5 5 6 5 5 3 2 2 3 3 4 4 4 4 3 3 3 3 3 5 5 3
 9 9 9 9 9 9 7 7 8 8 5 9 9 10 16 16 14 14 14 15 15 21 14 14 5 5 6 5 5 3 2 2 3 3 4 4 4 4 3 3 3 3 3 5 5 3
 20 20 8 7 7 6 5 5 5 5 5 6 6 5 11 11 12 12 11 11 11 19 12 12 5 5 5 7 7 4 3 3 3 3 3 3 3 4 5 5 5 5 4 5 5 6
 14 14 9 7 7 5 5 5 5 5 6 7 7 6 9 9 11 11 10 10 10 10 13 13 10 10 10 5 5 5 3 3 3 3 4 6 6 9 9 9 9 9 5 3 3 3
 14 14 9 7 7 5 5 5 5 5 6 7 7 6 9 9 11 11 10 10 10 10 13 13 10 10 10 5 5 5 3 3 3 3 4 6 6 9 9 9 9 9 5 3 3 3
 8 8 6 5 5 5 6 6 5 5 6 7 7 8 8 8 8 8 8 4 4 8 8 8 13 13 11 4 4 5 3 3 5 5 8 8 8 8 7 7 5 5 3 2 2 2
 8 8 6 5 5 5 6 6 5 5 6 7 7 8 8 8 8 8 8 4 4 8 8 8 13 13 11 4 4 5 3 3 5 5 8 8 8 8 7 7 5 5 3 2 2 2
 6 6 6 3 3 7 6 6 7 7 7 7 7 7 7 7 5 5 9 6 6 10 9 9 14 14 7 7 7 8 7 7 4 4 4 3 3 2 2 2 2 2 1 1 1 0
 5 5 6 7 7 8 8 8 6 6 7 8 8 7 7 7 6 6 5 5 5 10 17 17 21 21 15 9 9 6 3 3 1 1 1 1 1 0 1 1 1 1 2 1 1 0
 5 5 6 7 7 8 8 8 6 6 7 8 8 7 7 7 6 6 5 5 5 10 17 17 21 21 15 9 9 6 3 3 1 1 1 1 1 0 1 1 1 1 2 1 1 0
 3 3 3 6 6 7 6 6 5 5 6 7 7 8 6 6 7 7 5 5 5 5 9 9 17 17 13 4 4 3 1 1 0 0 0 1 1 1 0 0 1 1 4 2 2 1
 18 18 2 6 6 6 4 4 3 3 6 7 7 7 6 6 7 7 5 6 6 8 11 11 11 11 8 3 3 2 1 1 0 0 0 0 0 0 0 0 1 1 1 1 1 0
 18 18 2 6 6 6 4 4 3 3 6 7 7 7 6 6 7 7 5 6 6 8 11 11 11 11 8 3 3 2 1 1 0 0 0 0 0 0 0 0 1 1 1 1 1 0
 19 19 2 2 2 5 5 5 8 8 10 9 9 8 6 6 6 6 6 6 6 6 10 10 7 7 2 3 3 2 1 1 1 1 0 1 1 0 0 0 0 0 1 1 1 1
 19 19 2 2 2 5 5 5 8 8 10 9 9 8 6 6 6 6 6 6 6 6 10 10 7 7 2 3 3 2 1 1 1 1 0 1 1 0 0 0 0 0 1 1 1 1
 5 5 2 2 2 5 5 5 7 7 9 8 8 5 5 5 5 5 6 7 7 5 24 24 5 5 19 10 10 4 1 1 2 2 1 1 1 1 1 1 1 1 1 2 2 2
 4 4 3 4 4 3 3 3 4 4 5 5 5 4 4 4 4 4 5 6 6 24 24 24 18 18 15 9 9 9 2 2 2 2 1 1 1 1 1 1 2 2 2 2 2 1
 4 4 3 4 4 3 3 3 4 4 5 5 5 4 4 4 4 4 5 6 6 24 24 24 18 18 15 9 9 9 2 2 2 2 1 1 1 1 1 1 2 2 2 2 2 1
 7 7 9 7 7 7 7 7 4 4 3 3 3 3 3 3 4 4 6 5 5 23 22 22 3 3 3 3 3 9 3 3 2 2 1 1 1 1 1 1 1 1 1 0 0 0
 7 7 8 11 11 15 11 11 6 6 2 4 4 4 4 4 4 4 3 5 5 4 3 3 4 4 4 6 6 6 1 1 1 1 1 0 0 1 0 0 0 0 0 0 0 0
 7 7 8 11 11 15 11 11 6 6 2 4 4 4 4 4 4 4 3 5 5 4 3 3 4 4 4 6 6 6 1 1 1 1 1 0 0 1 0 0 0 0 0 0 0 0
 8 8 8 11 11 16 24 24 8 8 4 2 2 4 4 4 4 4 3 5 5 7 9 9 7 7 4 3 3 2 1 1 1 1 1 0 0 0 0 0 0 0 0 0 0 0
 8 8 8 11 11 16 24 24 8 8 4 2 2 4 4 4 4 4 3 5 5 7 9 9 7 7 4 3 3 2 1 1 1 1 1 0 0 0 0 0 0 0 0 0 0 0
 9 9 8 8 8 15 21 21 22 22 4 2 2 2 2 2 2 2 3 9 9 10 13 13 8 8 4 2 2 2 2 2 1 1 0 0 0 0 0 0 0 0 0 0 0 0
 13 13 7 7 7 8 12 12 10 10 5 3 3 3 3 3 3 3 4 10 10 12 11 11 8 8 5 2 2 2 4 4 0 0 0 0 0 0 0 0 0 0 0 0 0 0
 13 13 7 7 7 8 12 12 10 10 5 3 3 3 3 3 3 3 4 10 10 12 11 11 8 8 5 2 2 2 4 4 0 0 0 0 0 0 0 0 0 0 0 0 0 0
 6 6 4 6 6 7 7 7 4 4 6 4 4 5 5 5 4 4 3 6 6 7 19 19 16 16 4 3 3 2 5 5 4 4 2 0 0 0 0 0 0 0 0 0 0 0
 8 8 2 2 2 3 5 5 6 6 5 6 6 6 6 6 5 5 4 7 7 6 16 16 13 13 3 2 2 3 0 0 1 1 0 0 0 0 0 0 0 0 0 0 0 0
 8 8 2 2 2 3 5 5 6 6 5 6 6 6 6 6 5 5 4 7 7 6 16 16 13 13 3 2 2 3 0 0 1 1 0 0 0 0 0 0 0 0 0 0 0 0
 4 4 2 1 1 3 5 5 6 6 7 6 6 6 6 6 6 6 6 8 8 5 4 4 3 3 3 3 3 3 0 0 0 0 0 1 1 0 0 0 0 0 0 0 0 0
 4 4 2 1 1 3 5 5 6 6 7 6 6 6 6 6 6 6 6 8 8 5 4 4 3 3 3 3 3 3 0 0 0 0 0 1 1 0 0 0 0 0 0 0 0 0
 5 5 3 2 2 4 6 6 7 7 7 6 6 7 8 8 8 8 7 5 5 5 6 6 6 6 3 1 1 1 0 0 0 0 0 0 0 0 0 0 0 0 0 0 0 0
 3 3 5 4 4 4 5 5 7 7 8 8 8 11 10 10 8 8 4 3 3 4 3 3 4 4 2 2 2 1 1 1 0 0 1 0 0 0 0 0 0 0 0 0 0 0
 3 3 5 4 4 4 5 5 7 7 8 8 8 11 10 10 8 8 4 3 3 4 3 3 4 4 2 2 2 1 1 1 0 0 1 0 0 0 0 0 0 0 0 0 0 0
 3 3 4 5 5 5 5 5 6 6 9 6 6 8 6 6 4 4 2 2 2 2 2 2 2 2 3 3 3 1 1 1 1 1 0 0 0 0 0 0 0 0 0 0 0 0
 3 3 4 4 4 4 4 4 4 4 6 6 6 5 5 5 4 4 5 5 5 3 2 2 2 2 3 3 3 1 1 1 3 3 0 0 0 0 0 0 0 0 0 0 0 0
