assets/RAT_results_old/precipitation/2022-08-23_IMERG.asc
ncols        46
nrows        77
xllcorner    74.800261325624
yllcorner    8.058333333333
cellsize     0.062500000000
NODATA_value -9999
 63 63 52 40 40 46 25 25 22 22 16 9 9 11 9 9 7 7 6 7 7 7 7 7 6 6 6 7 7 7 6 6 9 9 2 1 1 1 1 1 1 1 1 4 4 7
 65 65 54 42 42 36 31 31 26 26 22 14 14 14 8 8 6 6 5 5 5 4 4 4 3 3 3 3 3 2 2 2 2 2 1 1 1 1 0 0 0 0 0 4 4 4
 65 65 54 42 42 36 31 31 26 26 22 14 14 14 8 8 6 6 5 5 5 4 4 4 3 3 3 3 3 2 2 2 2 2 1 1 1 1 0 0 0 0 0 4 4 4
 69 69 58 43 43 37 35 35 30 30 22 17 17 13 9 9 5 5 5 3 3 3 1 1 1 1 1 1 1 0 0 0 0 0 0 1 1 1 1 1 0 0 0 4 4 4
 61 61 62 61 61 52 39 39 35 35 28 27 27 22 15 15 8 8 5 2 2 1 1 1 1 1 1 1 1 1 0 0 0 0 0 0 0 0 1 1 1 1 1 5 5 4
 61 61 62 61 61 52 39 39 35 35 28 27 27 22 15 15 8 8 5 2 2 1 1 1 1 1 1 1 1 1 0 0 0 0 0 0 0 0 1 1 1 1 1 5 5 4
 74 74 52 56 56 65 54 54 40 40 31 28 28 27 16 16 9 9 6 3 3 0 0 0 1 1 1 1 1 0 0 0 0 0 0 0 0 0 1 1 2 2 2 4 4 4
 74 74 52 56 56 65 54 54 40 40 31 28 28 27 16 16 9 9 6 3 3 0 0 0 1 1 1 1 1 0 0 0 0 0 0 0 0 0 1 1 2 2 2 4 4 4
 75 75 56 67 67 70 54 54 57 57 40 32 32 24 22 22 7 7 5 3 3 0 0 0 1 1 1 0 0 0 0 0 0 0 1 0 0 0 0 0 2 2 2 2 2 4
 70 70 70 78 78 82 77 77 67 67 51 37 37 29 18 18 8 8 5 5 5 0 0 0 0 0 0 0 0 0 1 1 1 1 1 1 1 1 0 0 0 0 1 1 1 3
 70 70 70 78 78 82 77 77 67 67 51 37 37 29 18 18 8 8 5 5 5 0 0 0 0 0 0 0 0 0 1 1 1 1 1 1 1 1 0 0 0 0 1 1 1 3
 141 141 136 98 98 93 89 89 73 73 59 39 39 26 20 20 11 11 8 8 8 2 1 1 1 1 0 0 0 1 1 1 1 1 1 0 0 1 0 0 0 0 1 1 1 5
 163 163 157 106 106 97 99 99 81 81 66 68 68 52 25 25 16 16 12 4 4 4 2 2 2 2 0 0 0 1 1 1 1 1 1 1 1 0 0 0 0 0 2 1 1 6
 163 163 157 106 106 97 99 99 81 81 66 68 68 52 25 25 16 16 12 4 4 4 2 2 2 2 0 0 0 1 1 1 1 1 1 1 1 0 0 0 0 0 2 1 1 6
 166 166 173 177 177 108 101 101 81 81 68 70 70 53 34 34 26 26 14 4 4 4 3 3 1 1 1 1 1 1 1 1 1 1 1 1 1 1 1 1 1 1 5 4 4 3
 166 166 173 177 177 108 101 101 81 81 68 70 70 53 34 34 26 26 14 4 4 4 3 3 1 1 1 1 1 1 1 1 1 1 1 1 1 1 1 1 1 1 5 4 4 3
 127 127 165 162 162 84 85 85 66 66 69 73 73 62 50 50 46 46 33 10 10 5 7 7 1 1 1 1 1 1 1 1 1 1 1 2 2 2 2 2 2 2 5 6 6 8
 116 116 167 151 151 116 68 68 60 60 49 59 59 53 45 45 47 47 37 12 12 10 7 7 1 1 2 1 1 1 1 1 1 1 2 3 3 4 4 4 4 4 4 6 6 8
 116 116 167 151 151 116 68 68 60 60 49 59 59 53 45 45 47 47 37 12 12 10 7 7 1 1 2 1 1 1 1 1 1 1 2 3 3 4 4 4 4 4 4 6 6 8
 126 126 127 98 98 99 77 77 65 65 47 54 54 49 46 46 38 38 37 16 16 14 8 8 3 3 3 2 2 1 1 1 2 2 3 5 5 6 8 8 8 8 7 5 5 5
 135 135 126 108 108 114 49 49 48 48 41 43 43 38 38 38 39 39 40 26 26 18 8 8 6 6 4 3 3 2 2 2 4 4 6 7 7 8 9 9 9 9 7 6 6 6
 135 135 126 108 108 114 49 49 48 48 41 43 43 38 38 38 39 39 40 26 26 18 8 8 6 6 4 3 3 2 2 2 4 4 6 7 7 8 9 9 9 9 7 6 6 6
 88 88 97 50 50 54 52 52 52 52 42 43 43 39 42 42 40 40 27 22 22 17 11 11 8 8 4 2 2 3 3 3 5 5 7 7 7 8 9 9 9 9 9 9 9 9
 88 88 97 50 50 54 52 52 52 52 42 43 43 39 42 42 40 40 27 22 22 17 11 11 8 8 4 2 2 3 3 3 5 5 7 7 7 8 9 9 9 9 9 9 9 9
 36 36 36 42 42 45 54 54 53 53 42 29 29 32 33 33 36 36 24 20 20 16 7 7 6 6 3 2 2 2 3 3 5 5 7 8 8 8 9 9 9 9 10 11 11 11
 32 32 35 37 37 34 43 43 53 53 53 39 39 45 38 38 34 34 27 25 25 14 7 7 5 5 4 3 3 3 4 4 5 5 7 8 8 8 7 7 7 7 8 8 8 9
 32 32 35 37 37 34 43 43 53 53 53 39 39 45 38 38 34 34 27 25 25 14 7 7 5 5 4 3 3 3 4 4 5 5 7 8 8 8 7 7 7 7 8 8 8 9
 33 33 40 34 34 35 31 31 29 29 30 28 28 41 30 30 27 27 33 28 28 20 9 9 8 8 8 4 4 4 6 6 6 6 5 5 5 5 5 5 5 5 5 5 5 5
 40 40 37 38 38 29 29 29 26 26 28 23 23 22 19 19 27 27 26 25 25 15 11 11 10 10 10 7 7 5 6 6 4 4 3 2 2 2 3 3 3 3 3 2 2 2
 40 40 37 38 38 29 29 29 26 26 28 23 23 22 19 19 27 27 26 25 25 15 11 11 10 10 10 7 7 5 6 6 4 4 3 2 2 2 3 3 3 3 3 2 2 2
 31 31 24 27 27 25 20 20 22 22 22 19 19 18 17 17 21 21 22 24 24 12 14 14 12 12 7 6 6 10 13 13 7 7 3 1 1 1 1 1 2 2 1 1 1 1
 31 31 24 27 27 25 20 20 22 22 22 19 19 18 17 17 21 21 22 24 24 12 14 14 12 12 7 6 6 10 13 13 7 7 3 1 1 1 1 1 2 2 1 1 1 1
 32 32 33 31 31 25 20 20 20 20 16 15 15 12 14 14 15 15 15 16 16 7 11 11 9 9 5 5 5 7 8 8 4 4 2 1 1 1 1 1 1 1 1 1 1 1
 34 34 32 30 30 26 25 25 18 18 14 13 13 11 11 11 8 8 10 9 9 6 5 5 5 5 5 5 5 3 3 3 3 3 3 2 2 2 2 2 1 1 1 1 1 1
 34 34 32 30 30 26 25 25 18 18 14 13 13 11 11 11 8 8 10 9 9 6 5 5 5 5 5 5 5 3 3 3 3 3 3 2 2 2 2 2 1 1 1 1 1 1
 24 24 25 23 23 20 20 20 16 16 14 14 14 12 6 6 5 5 8 9 9 10 5 5 5 5 5 4 4 2 2 2 2 2 3 3 3 3 3 3 2 2 2 1 1 1
 17 17 17 19 19 17 18 18 17 17 10 9 9 9 6 6 9 9 10 11 11 13 10 10 15 15 4 3 3 2 2 2 2 2 3 3 3 3 3 3 3 3 2 2 2 2
 17 17 17 19 19 17 18 18 17 17 10 9 9 9 6 6 9 9 10 11 11 13 10 10 15 15 4 3 3 2 2 2 2 2 3 3 3 3 3 3 3 3 2 2 2 2
 14 14 14 11 11 11 14 14 15 15 10 8 8 7 4 4 7 7 11 16 16 18 19 19 17 17 6 6 6 5 2 2 2 2 2 3 3 3 3 3 3 3 3 3 3 3
 14 14 14 11 11 11 14 14 15 15 10 8 8 7 4 4 7 7 11 16 16 18 19 19 17 17 6 6 6 5 2 2 2 2 2 3 3 3 3 3 3 3 3 3 3 3
 14 14 16 15 15 16 17 17 14 14 10 7 7 6 5 5 4 4 10 10 10 14 19 19 19 19 12 15 15 14 4 4 4 4 4 3 3 4 3 3 3 3 3 3 3 3
 14 14 16 20 20 24 25 25 29 29 24 11 11 8 6 6 5 5 10 9 9 11 17 17 17 17 15 18 18 17 4 4 6 6 7 7 7 3 3 3 3 3 2 2 2 2
 14 14 16 20 20 24 25 25 29 29 24 11 11 8 6 6 5 5 10 9 9 11 17 17 17 17 15 18 18 17 4 4 6 6 7 7 7 3 3 3 3 3 2 2 2 2
 19 19 21 22 22 22 24 24 28 28 23 21 21 14 14 14 9 9 10 13 13 14 23 23 25 25 23 20 20 19 11 11 7 7 8 11 11 7 5 5 4 4 2 2 2 2
 20 20 22 22 22 23 22 22 27 27 29 31 31 22 27 27 12 12 13 14 14 15 27 27 22 22 19 15 15 12 10 10 10 10 9 11 11 9 9 9 3 3 3 2 2 1
 20 20 22 22 22 23 22 22 27 27 29 31 31 22 27 27 12 12 13 14 14 15 27 27 22 22 19 15 15 12 10 10 10 10 9 11 11 9 9 9 3 3 3 2 2 1
 22 22 29 28 28 26 29 29 32 32 38 38 38 27 29 29 22 22 12 16 16 15 18 18 17 17 16 13 13 11 10 10 9 9 6 8 8 9 9 9 3 3 4 2 2 1
 22 22 29 28 28 26 29 29 32 32 38 38 38 27 29 29 22 22 12 16 16 15 18 18 17 17 16 13 13 11 10 10 9 9 6 8 8 9 9 9 3 3 4 2 2 1
 27 27 31 30 30 27 30 30 31 31 28 29 29 29 30 30 26 26 11 13 13 12 9 9 8 8 7 5 5 7 7 7 5 5 7 7 7 9 4 4 5 5 5 2 2 1
 26 26 34 34 34 35 40 40 34 34 26 21 21 19 24 24 25 25 10 7 7 11 9 9 9 9 6 5 5 7 6 6 3 3 2 4 4 9 5 5 7 7 4 2 2 2
 26 26 34 34 34 35 40 40 34 34 26 21 21 19 24 24 25 25 10 7 7 11 9 9 9 9 6 5 5 7 6 6 3 3 2 4 4 9 5 5 7 7 4 2 2 2
 30 30 30 31 31 35 38 38 31 31 24 18 18 20 24 24 14 14 22 19 19 14 13 13 10 10 5 4 4 3 3 3 2 2 2 4 4 4 6 6 7 7 4 2 2 2
 28 28 30 33 33 31 35 35 32 32 27 21 21 26 28 28 14 14 13 8 8 9 8 8 7 7 5 5 5 5 5 5 5 5 4 5 5 6 7 7 8 8 6 5 5 5
 28 28 30 33 33 31 35 35 32 32 27 21 21 26 28 28 14 14 13 8 8 9 8 8 7 7 5 5 5 5 5 5 5 5 4 5 5 6 7 7 8 8 6 5 5 5
 31 31 32 33 33 39 38 38 37 37 32 30 30 28 24 24 10 10 13 11 11 10 10 10 10 10 7 8 8 8 9 9 10 10 9 7 7 7 8 8 8 8 7 6 6 5
 31 31 32 33 33 39 38 38 37 37 32 30 30 28 24 24 10 10 13 11 11 10 10 10 10 10 7 8 8 8 9 9 10 10 9 7 7 7 8 8 8 8 7 6 6 5
 35 35 34 40 40 47 40 40 39 39 39 34 34 32 27 27 20 20 17 16 16 6 6 6 6 6 16 17 17 10 9 9 12 12 8 10 10 10 11 11 11 11 8 7 7 4
 34 34 35 35 35 42 39 39 41 41 41 41 41 35 21 21 8 8 10 10 10 4 5 5 5 5 13 15 15 16 19 19 28 28 34 36 36 34 10 10 10 10 8 7 7 5
 34 34 35 35 35 42 39 39 41 41 41 41 41 35 21 21 8 8 10 10 10 4 5 5 5 5 13 15 15 16 19 19 28 28 34 36 36 34 10 10 10 10 8 7 7 5
 32 32 33 34 34 40 41 41 37 37 34 34 34 30 9 9 7 7 6 7 7 6 3 3 7 7 14 20 20 15 19 19 28 28 38 36 36 33 29 29 27 27 25 14 14 13
 30 30 29 32 32 37 38 38 32 32 25 23 23 21 4 4 4 4 4 6 6 5 4 4 4 4 9 21 21 16 20 20 20 20 34 41 41 40 35 35 27 27 37 13 13 12
 30 30 29 32 32 37 38 38 32 32 25 23 23 21 4 4 4 4 4 6 6 5 4 4 4 4 9 21 21 16 20 20 20 20 34 41 41 40 35 35 27 27 37 13 13 12
 29 29 28 33 33 35 35 35 27 27 14 13 13 18 3 3 4 4 4 7 7 7 6 6 6 6 8 11 11 18 19 19 20 20 20 21 21 41 34 34 38 38 36 25 25 14
 29 29 28 33 33 35 35 35 27 27 14 13 13 18 3 3 4 4 4 7 7 7 6 6 6 6 8 11 11 18 19 19 20 20 20 21 21 41 34 34 38 38 36 25 25 14
 33 33 32 29 29 28 29 29 9 9 12 12 12 12 4 4 5 5 6 5 5 7 6 6 7 7 7 10 10 19 18 18 21 21 21 21 21 19 18 18 20 20 16 14 14 9
 54 54 40 35 35 28 25 25 8 8 6 7 7 5 7 7 5 5 4 5 5 6 7 7 8 8 9 13 13 14 16 16 16 16 17 13 13 10 8 8 18 18 15 14 14 9
 54 54 40 35 35 28 25 25 8 8 6 7 7 5 7 7 5 5 4 5 5 6 7 7 8 8 9 13 13 14 16 16 16 16 17 13 13 10 8 8 18 18 15 14 14 9
 61 61 48 36 36 26 22 22 15 15 11 8 8 9 6 6 5 5 4 4 4 5 8 8 9 9 11 10 10 13 11 11 10 10 12 10 10 8 7 7 6 6 6 7 7 9
 61 61 56 48 48 45 36 36 25 25 13 13 13 9 10 10 8 8 6 6 6 7 7 7 9 9 11 9 9 11 12 12 5 5 6 7 7 5 6 6 5 5 17 6 6 9
 61 61 56 48 48 45 36 36 25 25 13 13 13 9 10 10 8 8 6 6 6 7 7 7 9 9 11 9 9 11 12 12 5 5 6 7 7 5 6 6 5 5 17 6 6 9
 73 73 70 62 62 59 43 43 35 35 23 20 20 8 6 6 7 7 6 6 6 8 7 7 10 10 8 6 6 11 12 12 13 13 5 5 5 4 5 5 5 5 17 15 15 15
 73 73 70 62 62 59 43 43 35 35 23 20 20 8 6 6 7 7 6 6 6 8 7 7 10 10 8 6 6 11 12 12 13 13 5 5 5 4 5 5 5 5 17 15 15 15
 65 65 67 51 51 48 47 47 34 34 39 34 34 6 5 5 5 5 10 12 12 14 15 15 17 17 6 4 4 8 9 9 3 3 5 6 6 5 4 4 5 5 5 5 5 15
 88 88 91 54 54 41 53 53 50 50 51 34 34 19 14 14 5 5 6 12 12 8 16 16 14 14 6 5 5 4 3 3 3 3 4 12 12 12 7 7 6 6 5 5 5 4
 88 88 91 54 54 41 53 53 50 50 51 34 34 19 14 14 5 5 6 12 12 8 16 16 14 14 6 5 5 4 3 3 3 3 4 12 12 12 7 7 6 6 5 5 5 4
 42 42 69 45 45 35 52 52 46 46 45 46 46 27 18 18 9 9 6 12 12 12 7 7 7 7 6 7 7 6 3 3 3 3 4 9 9 6 7 7 6 6 6 6 6 5
 33 33 29 27 27 32 48 48 49 49 47 56 56 55 31 31 20 20 20 19 19 15 10 10 8 8 9 11 11 6 4 4 4 4 4 4 4 3 4 4 4 4 5 4 4 4
