assets/RAT_results_old/precipitation/2022-10-21_IMERG.asc
ncols        46
nrows        77
xllcorner    74.800261325624
yllcorner    8.058333333333
cellsize     0.062500000000
NODATA_value -9999
 2 2 1 29 29 6 3 3 6 6 8 4 4 0 1 1 1 1 1 1 1 1 2 2 4 4 3 7 7 24 33 33 36 36 15 1 1 1 1 1 3 3 5 0 0 0
 3 3 1 2 2 1 1 1 1 1 3 0 0 0 1 1 1 1 1 1 1 1 1 1 2 2 18 17 17 38 34 34 33 33 15 1 1 4 1 1 1 1 2 2 2 0
 3 3 1 2 2 1 1 1 1 1 3 0 0 0 1 1 1 1 1 1 1 1 1 1 2 2 18 17 17 38 34 34 33 33 15 1 1 4 1 1 1 1 2 2 2 0
 0 0 1 0 0 0 0 0 2 2 0 1 1 0 1 1 1 1 1 1 1 2 3 3 3 3 18 8 8 27 16 16 16 16 4 2 2 1 0 0 0 0 0 1 1 0
 0 0 1 0 0 5 8 8 18 18 0 0 0 11 1 1 1 1 2 2 2 2 2 2 1 1 8 8 8 28 28 28 14 14 1 3 3 1 0 0 0 0 0 0 0 1
 0 0 1 0 0 5 8 8 18 18 0 0 0 11 1 1 1 1 2 2 2 2 2 2 1 1 8 8 8 28 28 28 14 14 1 3 3 1 0 0 0 0 0 0 0 1
 1 1 1 2 2 10 40 40 20 20 4 5 5 12 7 7 7 7 2 4 4 4 4 4 1 1 1 5 5 19 28 28 15 15 1 11 11 2 0 0 0 0 0 1 1 2
 1 1 1 2 2 10 40 40 20 20 4 5 5 12 7 7 7 7 2 4 4 4 4 4 1 1 1 5 5 19 28 28 15 15 1 11 11 2 0 0 0 0 0 1 1 2
 1 1 1 4 4 13 48 48 14 14 1 4 4 12 7 7 7 7 0 4 4 4 0 0 1 1 1 5 5 2 4 4 2 2 7 26 26 21 0 0 1 1 1 1 1 3
 2 2 2 8 8 8 8 8 3 3 1 0 0 1 1 1 1 1 0 0 0 0 0 0 11 11 2 11 11 3 2 2 2 2 2 21 21 1 0 0 1 1 5 1 1 1
 2 2 2 8 8 8 8 8 3 3 1 0 0 1 1 1 1 1 0 0 0 0 0 0 11 11 2 11 11 3 2 2 2 2 2 21 21 1 0 0 1 1 5 1 1 1
 2 2 1 1 1 2 3 3 3 3 1 0 0 1 1 1 1 1 0 1 1 1 0 0 0 0 16 2 2 6 2 2 1 1 1 0 0 1 2 2 2 2 4 2 2 1
 1 1 1 0 0 1 3 3 4 4 1 1 1 1 1 1 1 1 1 1 1 1 4 4 4 4 1 5 5 3 3 3 2 2 0 1 1 3 3 3 2 2 3 5 5 2
 1 1 1 0 0 1 3 3 4 4 1 1 1 1 1 1 1 1 1 1 1 1 4 4 4 4 1 5 5 3 3 3 2 2 0 1 1 3 3 3 2 2 3 5 5 2
 1 1 1 0 0 1 2 2 2 2 1 1 1 0 12 12 11 11 10 4 4 4 4 4 5 5 5 4 4 4 3 3 1 1 0 1 1 3 2 2 2 2 3 6 6 3
 1 1 1 0 0 1 2 2 2 2 1 1 1 0 12 12 11 11 10 4 4 4 4 4 5 5 5 4 4 4 3 3 1 1 0 1 1 3 2 2 2 2 3 6 6 3
 0 0 0 1 1 1 0 0 0 0 1 1 1 1 12 12 11 11 1 1 1 1 1 1 2 2 5 6 6 3 5 5 3 3 0 1 1 2 2 2 5 5 4 3 3 4
 0 0 0 1 1 1 0 0 0 0 0 1 1 1 1 1 1 1 3 1 1 8 2 2 1 1 8 2 2 1 1 1 8 8 5 11 11 12 17 17 16 16 8 5 5 7
 0 0 0 1 1 1 0 0 0 0 0 1 1 1 1 1 1 1 3 1 1 8 2 2 1 1 8 2 2 1 1 1 8 8 5 11 11 12 17 17 16 16 8 5 5 7
 0 0 1 1 1 4 4 4 3 3 0 1 1 1 1 1 1 1 1 7 7 3 4 4 3 3 4 3 3 3 2 2 6 6 6 16 16 28 38 38 12 12 6 6 6 6
 0 0 1 1 1 1 4 4 4 4 1 1 1 2 2 2 2 2 2 3 3 3 4 4 4 4 8 9 9 6 5 5 21 21 31 40 40 44 46 46 21 21 24 12 12 11
 0 0 1 1 1 1 4 4 4 4 1 1 1 2 2 2 2 2 2 3 3 3 4 4 4 4 8 9 9 6 5 5 21 21 31 40 40 44 46 46 21 21 24 12 12 11
 1 1 1 1 1 1 1 1 5 5 2 1 1 4 6 6 6 6 5 3 3 6 5 5 5 5 5 9 9 7 6 6 25 25 34 54 54 57 52 52 33 33 25 16 16 12
 1 1 1 1 1 1 1 1 5 5 2 1 1 4 6 6 6 6 5 3 3 6 5 5 5 5 5 9 9 7 6 6 25 25 34 54 54 57 52 52 33 33 25 16 16 12
 0 0 0 0 0 1 3 3 3 3 2 4 4 5 6 6 5 5 4 2 2 4 5 5 6 6 5 4 4 4 5 5 4 4 32 52 52 54 43 43 26 26 20 15 15 15
 0 0 0 1 1 4 3 3 3 3 2 2 2 2 5 5 5 5 7 11 11 14 5 5 5 5 4 4 4 4 4 4 4 4 3 2 2 10 21 21 23 23 9 4 4 4
 0 0 0 1 1 4 3 3 3 3 2 2 2 2 5 5 5 5 7 11 11 14 5 5 5 5 4 4 4 4 4 4 4 4 3 2 2 10 21 21 23 23 9 4 4 4
 1 1 1 4 4 4 4 4 3 3 3 3 3 3 6 6 4 4 10 14 14 19 4 4 3 3 4 3 3 3 3 3 3 3 4 3 3 14 13 13 11 11 9 10 10 6
 6 6 7 7 7 7 4 4 4 4 5 5 5 3 8 8 9 9 45 28 28 21 8 8 11 11 9 4 4 3 3 3 3 3 2 16 16 4 29 29 21 21 10 6 6 9
 6 6 7 7 7 7 4 4 4 4 5 5 5 3 8 8 9 9 45 28 28 21 8 8 11 11 9 4 4 3 3 3 3 3 2 16 16 4 29 29 21 21 10 6 6 9
 3 3 3 7 7 8 4 4 5 5 6 6 6 5 9 9 6 6 20 82 82 29 11 11 12 12 5 5 5 4 3 3 4 4 2 26 26 26 97 97 24 24 5 5 5 4
 3 3 3 7 7 8 4 4 5 5 6 6 6 5 9 9 6 6 20 82 82 29 11 11 12 12 5 5 5 4 3 3 4 4 2 26 26 26 97 97 24 24 5 5 5 4
 3 3 3 3 3 3 5 5 5 5 6 7 7 6 7 7 11 11 24 29 29 24 11 11 9 9 5 6 6 4 6 6 4 4 3 2 2 23 2 2 6 6 6 4 4 4
 11 11 4 3 3 4 5 5 6 6 8 7 7 7 6 6 7 7 9 25 25 47 29 29 13 13 10 22 22 11 3 3 3 3 3 2 2 1 1 1 1 1 2 3 3 2
 11 11 4 3 3 4 5 5 6 6 8 7 7 7 6 6 7 7 9 25 25 47 29 29 13 13 10 22 22 11 3 3 3 3 3 2 2 1 1 1 1 1 2 3 3 2
 111 111 5 4 4 5 5 5 6 6 7 8 8 8 9 9 7 7 9 11 11 12 15 15 15 15 6 30 30 25 8 8 7 7 2 1 1 1 1 1 0 0 1 2 2 2
 113 113 12 11 11 11 7 7 7 7 9 8 8 7 8 8 7 7 11 12 12 14 20 20 15 15 25 30 30 19 5 5 5 5 1 1 1 1 1 1 1 1 5 8 8 2
 113 113 12 11 11 11 7 7 7 7 9 8 8 7 8 8 7 7 11 12 12 14 20 20 15 15 25 30 30 19 5 5 5 5 1 1 1 1 1 1 1 1 5 8 8 2
 32 32 20 18 18 11 8 8 6 6 11 14 14 10 13 13 13 13 11 9 9 10 10 10 15 15 25 26 26 16 3 3 1 1 1 2 2 2 1 1 4 4 14 24 24 6
 32 32 20 18 18 11 8 8 6 6 11 14 14 10 13 13 13 13 11 9 9 10 10 10 15 15 25 26 26 16 3 3 1 1 1 2 2 2 1 1 4 4 14 24 24 6
 30 30 18 15 15 16 10 10 6 6 13 14 14 13 24 24 23 23 23 25 25 8 9 9 13 13 11 10 10 8 10 10 1 1 1 2 2 5 8 8 18 18 15 23 23 6
 17 17 17 19 19 14 8 8 4 4 18 64 64 11 23 23 22 22 20 21 21 6 8 8 9 9 22 23 23 33 13 13 2 2 2 2 2 8 8 8 10 10 16 22 22 25
 17 17 17 19 19 14 8 8 4 4 18 64 64 11 23 23 22 22 20 21 21 6 8 8 9 9 22 23 23 33 13 13 2 2 2 2 2 8 8 8 10 10 16 22 22 25
 99 99 17 20 20 20 19 19 15 15 13 67 67 16 10 10 20 20 20 20 20 7 11 11 14 14 14 24 24 14 9 9 2 2 2 3 3 5 6 6 7 7 15 29 29 49
 98 98 102 108 108 128 20 20 44 44 4 15 15 13 2 2 9 9 17 14 14 9 9 9 18 18 24 21 21 17 11 11 4 4 7 12 12 3 3 3 2 2 6 3 3 9
 98 98 102 108 108 128 20 20 44 44 4 15 15 13 2 2 9 9 17 14 14 9 9 9 18 18 24 21 21 17 11 11 4 4 7 12 12 3 3 3 2 2 6 3 3 9
 1 1 1 2 2 125 46 46 46 46 11 11 11 10 12 12 9 9 17 8 8 16 8 8 20 20 20 24 24 14 17 17 12 12 16 4 4 4 3 3 2 2 1 5 5 5
 1 1 1 2 2 125 46 46 46 46 11 11 11 10 12 12 9 9 17 8 8 16 8 8 20 20 20 24 24 14 17 17 12 12 16 4 4 4 3 3 2 2 1 5 5 5
 1 1 1 2 2 3 4 4 4 4 4 7 7 11 14 14 16 16 15 14 14 23 28 28 17 17 20 14 14 23 22 22 18 18 6 4 4 4 3 3 2 2 1 2 2 5
 1 1 0 1 1 2 2 2 3 3 4 10 10 6 5 5 12 12 11 13 13 27 28 28 16 16 23 28 28 44 44 44 26 26 13 10 10 3 2 2 1 1 1 1 1 15
 1 1 0 1 1 2 2 2 3 3 4 10 10 6 5 5 12 12 11 13 13 27 28 28 16 16 23 28 28 44 44 44 26 26 13 10 10 3 2 2 1 1 1 1 1 15
 3 3 1 1 1 3 1 1 2 2 6 5 5 3 6 6 12 12 11 4 4 9 30 30 19 19 26 29 29 35 38 38 51 51 21 22 22 3 1 1 1 1 1 1 1 3
 3 3 3 2 2 2 1 1 2 2 4 5 5 10 10 10 10 10 4 5 5 6 8 8 11 11 16 27 27 35 40 40 39 39 38 15 15 6 2 2 3 3 2 2 2 3
 3 3 3 2 2 2 1 1 2 2 4 5 5 10 10 10 10 10 4 5 5 6 8 8 11 11 16 27 27 35 40 40 39 39 38 15 15 6 2 2 3 3 2 2 2 3
 1 1 1 2 2 2 2 2 3 3 4 5 5 12 13 13 10 10 5 12 12 13 10 10 13 13 19 28 28 32 28 28 28 28 41 19 19 17 8 8 8 8 7 6 6 5
 1 1 1 2 2 2 2 2 3 3 4 5 5 12 13 13 10 10 5 12 12 13 10 10 13 13 19 28 28 32 28 28 28 28 41 19 19 17 8 8 8 8 7 6 6 5
 0 0 0 1 1 5 5 5 5 5 7 9 9 13 14 14 13 13 12 14 14 15 19 19 15 15 21 16 16 10 11 11 17 17 23 30 30 28 10 10 15 15 10 8 8 6
 1 1 2 2 2 4 4 4 4 4 8 9 9 6 22 22 21 21 21 14 14 14 17 17 15 15 22 20 20 10 11 11 6 6 18 36 36 31 13 13 9 9 8 6 6 5
 1 1 2 2 2 4 4 4 4 4 8 9 9 6 22 22 21 21 21 14 14 14 17 17 15 15 22 20 20 10 11 11 6 6 18 36 36 31 13 13 9 9 8 6 6 5
 9 9 3 2 2 4 6 6 7 7 20 131 131 126 129 129 22 22 22 14 14 16 19 19 18 18 24 18 18 10 13 13 17 17 23 26 26 64 9 9 8 8 9 6 6 6
 10 10 3 4 4 5 13 13 10 10 19 131 131 129 125 125 156 156 155 42 42 20 16 16 16 16 28 17 17 13 10 10 10 10 22 36 36 55 16 16 11 11 11 10 10 10
 10 10 3 4 4 5 13 13 10 10 19 131 131 129 125 125 156 156 155 42 42 20 16 16 16 16 28 17 17 13 10 10 10 10 22 36 36 55 16 16 11 11 11 10 10 10
 9 9 5 4 4 5 13 13 16 16 17 32 32 34 33 33 26 26 157 37 37 15 12 12 12 12 17 21 21 9 7 7 7 7 9 19 19 20 18 18 15 15 13 12 12 11
 9 9 5 4 4 5 13 13 16 16 17 32 32 34 33 33 26 26 157 37 37 15 12 12 12 12 17 21 21 9 7 7 7 7 9 19 19 20 18 18 15 15 13 12 12 11
 8 8 5 4 4 4 9 9 14 14 15 16 16 37 37 37 26 26 18 14 14 14 10 10 10 10 17 15 15 11 13 13 10 10 9 10 10 12 21 21 23 23 16 10 10 11
 5 5 6 6 6 13 15 15 23 23 17 15 15 17 19 19 19 19 20 15 15 13 13 13 13 13 14 11 11 13 12 12 15 15 13 11 11 6 17 17 14 14 16 15 15 8
 5 5 6 6 6 13 15 15 23 23 17 15 15 17 19 19 19 19 20 15 15 13 13 13 13 13 14 11 11 13 12 12 15 15 13 11 11 6 17 17 14 14 16 15 15 8
 9 9 5 5 5 11 11 11 16 16 16 18 18 19 28 28 21 21 22 15 15 14 13 13 12 12 16 11 11 10 14 14 14 14 16 13 13 10 12 12 18 18 18 25 25 19
 9 9 10 10 10 10 11 11 14 14 13 19 19 16 33 33 33 33 170 108 108 14 13 13 11 11 17 12 12 9 14 14 17 17 19 21 21 14 15 15 23 23 31 72 72 64
 9 9 10 10 10 10 11 11 14 14 13 19 19 16 33 33 33 33 170 108 108 14 13 13 11 11 17 12 12 9 14 14 17 17 19 21 21 14 15 15 23 23 31 72 72 64
 4 4 4 10 10 5 11 11 14 14 13 16 16 18 32 32 32 32 20 101 101 9 10 10 11 11 6 11 11 14 15 15 21 21 21 19 19 16 12 12 15 15 31 43 43 58
 4 4 4 10 10 5 11 11 14 14 13 16 16 18 32 32 32 32 20 101 101 9 10 10 11 11 6 11 11 14 15 15 21 21 21 19 19 16 12 12 15 15 31 43 43 58
 3 3 4 6 6 6 12 12 13 13 13 14 14 18 31 31 29 29 22 11 11 8 10 10 9 9 5 7 7 10 5 5 12 12 20 17 17 20 23 23 19 19 19 22 22 20
 3 3 3 7 7 9 12 12 12 12 18 17 17 9 11 11 11 11 9 7 7 11 9 9 9 9 5 6 6 7 5 5 14 14 13 15 15 29 34 34 36 36 51 33 33 23
 3 3 3 7 7 9 12 12 12 12 18 17 17 9 11 11 11 11 9 7 7 11 9 9 9 9 5 6 6 7 5 5 14 14 13 15 15 29 34 34 36 36 51 33 33 23
 3 3 6 8 8 11 15 15 13 13 14 10 10 9 14 14 17 17 13 11 11 11 10 10 9 9 8 5 5 6 5 5 9 9 16 15 15 27 35 35 33 33 34 32 32 26
 4 4 4 7 7 7 9 9 10 10 10 10 10 11 15 15 17 17 13 13 13 11 20 20 18 18 9 5 5 5 5 5 5 5 11 16 16 23 28 28 30 30 32 36 36 28
