assets/RAT_results_old/precipitation/2022-05-24_IMERG.asc
ncols        46
nrows        77
xllcorner    74.800261325624
yllcorner    8.058333333333
cellsize     0.062500000000
NODATA_value -9999
 1 1 2 2 2 2 4 4 3 3 1 1 1 0 1 1 2 2 2 1 1 0 0 0 0 0 0 0 0 0 0 0 0 0 0 0 0 0 0 0 0 0 0 0 0 0
 1 1 1 2 2 3 6 6 10 10 6 2 2 1 0 0 0 0 0 0 0 0 0 0 0 0 0 0 0 0 0 0 0 0 0 0 0 0 0 0 0 0 0 0 0 0
 1 1 1 2 2 3 6 6 10 10 6 2 2 1 0 0 0 0 0 0 0 0 0 0 0 0 0 0 0 0 0 0 0 0 0 0 0 0 0 0 0 0 0 0 0 0
 0 0 0 1 1 3 6 6 15 15 11 4 4 3 0 0 0 0 0 0 0 0 0 0 0 0 0 0 0 0 0 0 0 0 0 0 0 0 0 0 0 0 0 0 0 0
 0 0 0 1 1 2 6 6 17 17 12 4 4 2 0 0 0 0 0 0 0 0 0 0 0 0 0 0 0 0 0 0 0 0 0 0 0 0 0 0 0 0 0 0 0 0
 0 0 0 1 1 2 6 6 17 17 12 4 4 2 0 0 0 0 0 0 0 0 0 0 0 0 0 0 0 0 0 0 0 0 0 0 0 0 0 0 0 0 0 0 0 0
 0 0 0 0 0 1 2 2 5 5 4 1 1 1 0 0 0 0 0 0 0 0 0 0 0 0 0 0 0 0 0 0 0 0 0 0 0 0 0 0 0 0 0 0 0 0
 0 0 0 0 0 1 2 2 5 5 4 1 1 1 0 0 0 0 0 0 0 0 0 0 0 0 0 0 0 0 0 0 0 0 0 0 0 0 0 0 0 0 0 0 0 0
 0 0 1 1 1 3 1 1 1 1 0 0 0 0 0 0 0 0 0 0 0 0 0 0 0 0 0 0 0 0 0 0 0 0 0 0 0 0 0 0 0 0 0 0 0 0
 1 1 1 2 2 3 1 1 1 1 1 0 0 0 0 0 0 0 0 0 0 0 0 0 0 0 0 0 0 0 0 0 0 0 0 0 0 0 0 0 0 0 0 0 0 0
 1 1 1 2 2 3 1 1 1 1 1 0 0 0 0 0 0 0 0 0 0 0 0 0 0 0 0 0 0 0 0 0 0 0 0 0 0 0 0 0 0 0 0 0 0 0
 1 1 1 2 2 3 2 2 2 2 1 1 1 0 0 0 0 0 0 0 0 0 0 0 0 0 0 0 0 0 0 0 0 0 0 0 0 0 0 0 0 0 0 0 0 0
 1 1 1 1 1 1 1 1 2 2 2 2 2 1 0 0 0 0 0 0 0 0 1 1 2 2 0 0 0 0 0 0 0 0 0 0 0 0 0 0 0 0 0 0 0 0
 1 1 1 1 1 1 1 1 2 2 2 2 2 1 0 0 0 0 0 0 0 0 1 1 2 2 0 0 0 0 0 0 0 0 0 0 0 0 0 0 0 0 0 0 0 0
 1 1 0 0 0 0 0 0 1 1 1 2 2 1 0 0 0 0 0 0 0 0 0 0 1 1 0 0 0 0 0 0 0 0 0 0 0 0 0 0 0 0 0 0 0 0
 1 1 0 0 0 0 0 0 1 1 1 2 2 1 0 0 0 0 0 0 0 0 0 0 1 1 0 0 0 0 0 0 0 0 0 0 0 0 0 0 0 0 0 0 0 0
 0 0 0 0 0 0 0 0 0 0 0 1 1 0 0 0 0 0 0 0 0 0 0 0 0 0 0 0 0 0 0 0 0 0 0 0 0 0 0 0 0 0 0 0 0 0
 0 0 0 0 0 0 0 0 0 0 2 3 3 1 0 0 0 0 0 0 0 0 0 0 0 0 0 0 0 0 0 0 0 0 0 1 1 2 1 1 0 0 0 0 0 0
 0 0 0 0 0 0 0 0 0 0 2 3 3 1 0 0 0 0 0 0 0 0 0 0 0 0 0 0 0 0 0 0 0 0 0 1 1 2 1 1 0 0 0 0 0 0
 0 0 0 0 0 0 0 0 0 0 1 1 1 0 0 0 0 0 0 0 0 0 0 0 0 0 0 0 0 0 0 0 0 0 1 2 2 5 3 3 1 1 0 0 0 1
 0 0 0 1 1 0 0 0 0 0 0 0 0 0 0 0 0 0 0 0 0 0 0 0 0 0 0 0 0 0 0 0 0 0 1 1 1 2 2 2 2 2 1 1 1 1
 0 0 0 1 1 0 0 0 0 0 0 0 0 0 0 0 0 0 0 0 0 0 0 0 0 0 0 0 0 0 0 0 0 0 1 1 1 2 2 2 2 2 1 1 1 1
 1 1 0 0 0 0 0 0 0 0 0 0 0 1 1 1 1 1 1 1 1 0 0 0 0 0 0 0 0 0 0 0 1 1 2 1 1 1 1 1 1 1 1 2 2 3
 1 1 0 0 0 0 0 0 0 0 0 0 0 1 1 1 1 1 1 1 1 0 0 0 0 0 0 0 0 0 0 0 1 1 2 1 1 1 1 1 1 1 1 2 2 3
 1 1 0 0 0 0 0 0 0 0 0 1 1 1 3 3 2 2 3 3 3 2 1 1 0 0 0 0 0 0 0 0 1 1 2 2 2 2 1 1 1 1 1 1 1 2
 0 0 0 0 0 0 0 0 0 0 0 0 0 1 2 2 2 2 4 4 4 4 3 3 2 2 0 0 0 0 0 0 1 1 2 1 1 2 2 2 1 1 1 1 1 2
 0 0 0 0 0 0 0 0 0 0 0 0 0 1 2 2 2 2 4 4 4 4 3 3 2 2 0 0 0 0 0 0 1 1 2 1 1 2 2 2 1 1 1 1 1 2
 0 0 0 0 0 0 0 0 0 0 0 0 0 0 0 0 1 1 2 3 3 5 9 9 7 7 3 1 1 0 0 0 0 0 0 0 0 0 1 1 0 0 1 1 1 1
 1 1 1 2 2 1 1 1 1 1 0 0 0 0 2 2 1 1 1 1 1 2 5 5 6 6 8 6 6 1 0 0 0 0 0 0 0 0 0 0 0 0 0 0 0 1
 1 1 1 2 2 1 1 1 1 1 0 0 0 0 2 2 1 1 1 1 1 2 5 5 6 6 8 6 6 1 0 0 0 0 0 0 0 0 0 0 0 0 0 0 0 1
 2 2 2 3 3 3 3 3 2 2 1 0 0 0 0 0 1 1 1 0 0 1 2 2 3 3 10 13 13 5 3 3 0 0 0 0 0 0 0 0 0 0 0 0 0 0
 2 2 2 3 3 3 3 3 2 2 1 0 0 0 0 0 1 1 1 0 0 1 2 2 3 3 10 13 13 5 3 3 0 0 0 0 0 0 0 0 0 0 0 0 0 0
 1 1 2 3 3 3 2 2 2 2 2 1 1 1 1 1 2 2 3 1 1 0 0 0 1 1 3 11 11 4 2 2 0 0 0 0 0 0 0 0 0 0 0 0 0 0
 1 1 1 1 1 1 2 2 2 2 2 1 1 2 4 4 5 5 5 2 2 0 0 0 0 0 0 3 3 2 2 2 0 0 0 0 0 0 0 0 0 0 0 0 0 0
 1 1 1 1 1 1 2 2 2 2 2 1 1 2 4 4 5 5 5 2 2 0 0 0 0 0 0 3 3 2 2 2 0 0 0 0 0 0 0 0 0 0 0 0 0 0
 2 2 2 1 1 1 1 1 1 1 1 1 1 4 7 7 7 7 2 1 1 0 0 0 0 0 0 0 0 0 0 0 0 0 1 1 1 1 2 2 2 2 1 1 1 1
 3 3 2 1 1 1 1 1 1 1 1 0 0 1 4 4 5 5 6 1 1 1 0 0 0 0 0 0 0 0 0 0 0 0 1 1 1 3 4 4 4 4 3 3 3 2
 3 3 2 1 1 1 1 1 1 1 1 0 0 1 4 4 5 5 6 1 1 1 0 0 0 0 0 0 0 0 0 0 0 0 1 1 1 3 4 4 4 4 3 3 3 2
 6 6 6 3 3 3 3 3 1 1 1 1 1 1 2 2 2 2 2 2 2 2 1 1 1 1 0 0 0 0 0 0 0 0 0 1 1 2 4 4 5 5 5 5 5 4
 6 6 6 3 3 3 3 3 1 1 1 1 1 1 2 2 2 2 2 2 2 2 1 1 1 1 0 0 0 0 0 0 0 0 0 1 1 2 4 4 5 5 5 5 5 4
 17 17 14 7 7 4 4 4 2 2 2 2 2 2 2 2 2 2 2 2 2 4 4 4 7 7 2 0 0 0 0 0 0 0 1 1 1 1 2 2 4 4 6 7 7 9
 19 19 15 10 10 6 4 4 4 4 4 4 4 4 4 4 4 4 4 3 3 8 8 8 8 8 3 1 1 0 0 0 0 0 1 1 1 2 1 1 2 2 4 7 7 10
 19 19 15 10 10 6 4 4 4 4 4 4 4 4 4 4 4 4 4 3 3 8 8 8 8 8 3 1 1 0 0 0 0 0 1 1 1 2 1 1 2 2 4 7 7 10
 13 13 8 6 6 5 11 11 5 5 5 4 4 5 6 6 7 7 6 5 5 8 6 6 5 5 5 3 3 1 1 1 0 0 1 1 1 2 1 1 1 1 2 4 4 6
 17 17 20 18 18 17 13 13 6 6 7 5 5 6 7 7 9 9 10 15 15 11 8 8 2 2 3 3 3 3 3 3 1 1 1 2 2 2 1 1 2 2 2 2 2 3
 17 17 20 18 18 17 13 13 6 6 7 5 5 6 7 7 9 9 10 15 15 11 8 8 2 2 3 3 3 3 3 3 1 1 1 2 2 2 1 1 2 2 2 2 2 3
 25 25 22 17 17 22 15 15 12 12 7 5 5 5 10 10 24 24 11 61 61 12 7 7 2 2 1 1 1 3 4 4 2 2 1 2 2 2 3 3 3 3 4 3 3 4
 25 25 22 17 17 22 15 15 12 12 7 5 5 5 10 10 24 24 11 61 61 12 7 7 2 2 1 1 1 3 4 4 2 2 1 2 2 2 3 3 3 3 4 3 3 4
 41 41 38 24 24 22 14 14 18 18 13 55 55 59 58 58 23 23 60 61 61 14 7 7 3 3 0 0 0 1 1 1 1 1 1 2 2 3 4 4 5 5 6 6 6 7
 37 37 49 19 19 33 37 37 43 43 34 54 54 59 58 58 55 55 78 81 81 25 9 9 5 5 0 0 0 0 0 0 0 0 0 1 1 2 3 3 4 4 6 7 7 8
 37 37 49 19 19 33 37 37 43 43 34 54 54 59 58 58 55 55 78 81 81 25 9 9 5 5 0 0 0 0 0 0 0 0 0 1 1 2 3 3 4 4 6 7 7 8
 52 52 51 33 33 34 39 39 49 49 57 27 27 37 65 65 66 66 77 83 83 27 23 23 12 12 6 0 0 0 0 0 0 0 0 0 0 0 1 1 2 2 5 6 6 6
 39 39 39 33 33 41 43 43 48 48 55 25 25 38 66 66 67 67 94 71 71 71 33 33 18 18 8 0 0 0 0 0 0 0 0 0 0 0 0 0 1 1 2 3 3 4
 39 39 39 33 33 41 43 43 48 48 55 25 25 38 66 66 67 67 94 71 71 71 33 33 18 18 8 0 0 0 0 0 0 0 0 0 0 0 0 0 1 1 2 3 3 4
 37 37 37 47 47 57 60 60 50 50 57 28 28 43 66 66 135 135 135 105 105 74 37 37 23 23 5 2 2 1 1 1 0 0 0 0 0 0 0 0 0 0 0 0 0 1
 37 37 37 47 47 57 60 60 50 50 57 28 28 43 66 66 135 135 135 105 105 74 37 37 23 23 5 2 2 1 1 1 0 0 0 0 0 0 0 0 0 0 0 0 0 1
 48 48 47 50 50 58 61 61 51 51 64 84 84 65 72 72 140 140 142 110 110 102 95 95 24 24 9 5 5 2 1 1 0 0 0 0 0 0 0 0 0 0 0 0 0 0
 66 66 44 41 41 61 63 63 79 79 61 86 86 66 73 73 67 67 108 119 119 101 93 93 24 24 12 7 7 5 2 2 0 0 0 0 0 0 0 0 0 0 0 0 0 0
 66 66 44 41 41 61 63 63 79 79 61 86 86 66 73 73 67 67 108 119 119 101 93 93 24 24 12 7 7 5 2 2 0 0 0 0 0 0 0 0 0 0 0 0 0 0
 64 64 110 49 49 61 60 60 80 80 65 69 69 46 47 47 86 86 95 120 120 99 41 41 40 40 21 10 10 6 4 4 1 1 0 0 0 0 0 0 0 0 0 0 0 0
 67 67 60 33 33 37 63 63 69 69 56 34 34 34 68 68 110 110 136 99 99 124 127 127 41 41 22 13 13 9 7 7 2 2 1 1 1 0 0 0 0 0 0 0 0 0
 67 67 60 33 33 37 63 63 69 69 56 34 34 34 68 68 110 110 136 99 99 124 127 127 41 41 22 13 13 9 7 7 2 2 1 1 1 0 0 0 0 0 0 0 0 0
 16 16 41 47 47 42 67 67 51 51 33 27 27 42 75 75 73 73 53 33 33 122 131 131 92 92 100 24 24 12 11 11 4 4 2 1 1 1 1 1 0 0 0 0 0 0
 16 16 41 47 47 42 67 67 51 51 33 27 27 42 75 75 73 73 53 33 33 122 131 131 92 92 100 24 24 12 11 11 4 4 2 1 1 1 1 1 0 0 0 0 0 0
 3 3 36 68 68 66 61 61 44 44 30 32 32 39 24 24 42 42 26 17 17 24 30 30 67 67 113 120 120 13 11 11 5 5 2 1 1 1 1 1 1 1 0 0 0 0
 6 6 17 39 39 23 30 30 26 26 28 38 38 44 21 21 13 13 12 15 15 18 21 21 67 67 137 107 107 37 18 18 16 16 4 2 2 2 2 2 3 3 2 1 1 1
 6 6 17 39 39 23 30 30 26 26 28 38 38 44 21 21 13 13 12 15 15 18 21 21 67 67 137 107 107 37 18 18 16 16 4 2 2 2 2 2 3 3 2 1 1 1
 10 10 10 22 22 19 13 13 21 21 23 24 24 36 18 18 16 16 15 15 15 17 25 25 40 40 89 65 65 62 23 23 16 16 4 2 2 3 3 3 6 6 5 4 4 3
 14 14 14 19 19 17 17 17 23 23 22 28 28 34 26 26 24 24 22 13 13 16 21 21 18 18 42 60 60 59 22 22 7 7 5 1 1 2 2 2 4 4 4 4 4 4
 14 14 14 19 19 17 17 17 23 23 22 28 28 34 26 26 24 24 22 13 13 16 21 21 18 18 42 60 60 59 22 22 7 7 5 1 1 2 2 2 4 4 4 4 4 4
 15 15 16 18 18 16 15 15 20 20 21 43 43 28 28 28 25 25 24 18 18 20 16 16 16 16 44 42 42 39 26 26 17 17 6 2 2 1 1 1 2 2 4 2 2 2
 15 15 16 18 18 16 15 15 20 20 21 43 43 28 28 28 25 25 24 18 18 20 16 16 16 16 44 42 42 39 26 26 17 17 6 2 2 1 1 1 2 2 4 2 2 2
 17 17 20 21 21 25 22 22 17 17 27 37 37 25 24 24 24 24 24 20 20 22 17 17 17 17 18 35 35 40 27 27 20 20 10 5 5 3 1 1 2 2 3 1 1 1
 16 16 19 20 20 22 15 15 18 18 24 24 24 13 17 17 14 14 15 17 17 14 17 17 17 17 16 34 34 39 38 38 30 30 16 13 13 4 2 2 1 1 2 1 1 1
 16 16 19 20 20 22 15 15 18 18 24 24 24 13 17 17 14 14 15 17 17 14 17 17 17 17 16 34 34 39 38 38 30 30 16 13 13 4 2 2 1 1 2 1 1 1
 27 27 29 59 59 13 9 9 8 8 9 8 8 10 15 15 15 15 13 9 9 10 15 15 20 20 20 13 13 38 37 37 29 29 18 16 16 10 3 3 1 1 1 1 1 1
 12 12 28 64 64 7 10 10 8 8 8 7 7 13 17 17 18 18 8 12 12 13 14 14 20 20 23 18 18 38 11 11 10 10 10 8 8 7 4 4 1 1 1 0 0 1
