assets/RAT_results_old/precipitation/2022-05-07_IMERG.asc
ncols        46
nrows        77
xllcorner    74.800261325624
yllcorner    8.058333333333
cellsize     0.062500000000
NODATA_value -9999
 0 0 1 0 0 0 0 0 1 1 1 1 1 1 1 1 2 2 2 2 2 3 5 5 3 3 3 4 4 17 15 15 27 27 17 12 12 6 4 4 5 5 6 6 6 6
 0 0 1 1 1 1 1 1 1 1 3 5 5 2 1 1 1 1 1 2 2 3 4 4 3 3 11 22 22 23 16 16 19 19 10 4 4 10 6 6 4 4 3 3 3 2
 0 0 1 1 1 1 1 1 1 1 3 5 5 2 1 1 1 1 1 2 2 3 4 4 3 3 11 22 22 23 16 16 19 19 10 4 4 10 6 6 4 4 3 3 3 2
 0 0 1 1 1 2 2 2 2 2 2 3 3 3 1 1 1 1 1 2 2 2 5 5 9 9 9 9 9 25 18 18 17 17 4 4 4 9 5 5 5 5 11 10 10 3
 1 1 1 2 2 2 2 2 2 2 2 2 2 6 12 12 1 1 1 1 1 5 17 17 20 20 17 37 37 29 25 25 17 17 4 3 3 4 5 5 11 11 10 10 10 6
 1 1 1 2 2 2 2 2 2 2 2 2 2 6 12 12 1 1 1 1 1 5 17 17 20 20 17 37 37 29 25 25 17 17 4 3 3 4 5 5 11 11 10 10 10 6
 1 1 1 2 2 2 2 2 2 2 2 2 2 2 1 1 1 1 1 6 6 6 17 17 17 17 16 29 29 31 37 37 16 16 3 3 3 13 13 13 23 23 22 22 22 4
 1 1 1 2 2 2 2 2 2 2 2 2 2 2 1 1 1 1 1 6 6 6 17 17 17 17 16 29 29 31 37 37 16 16 3 3 3 13 13 13 23 23 22 22 22 4
 1 1 1 1 1 1 2 2 2 2 2 1 1 1 1 1 1 1 1 1 1 14 38 38 37 37 29 29 29 18 18 18 8 8 8 13 13 13 14 14 23 23 22 19 19 18
 1 1 1 1 1 1 1 1 1 1 2 1 1 2 1 1 1 1 2 2 2 15 49 49 42 42 18 18 18 15 15 15 4 4 4 16 16 18 17 17 22 22 20 18 18 18
 1 1 1 1 1 1 1 1 1 1 2 1 1 2 1 1 1 1 2 2 2 15 49 49 42 42 18 18 18 15 15 15 4 4 4 16 16 18 17 17 22 22 20 18 18 18
 0 0 1 1 1 1 1 1 0 0 1 2 2 4 5 5 5 5 10 9 9 51 51 51 43 43 14 19 19 7 8 8 7 7 7 19 19 18 13 13 22 22 7 7 7 7
 0 0 0 1 1 1 1 1 1 1 1 3 3 2 2 2 3 3 7 7 7 51 10 10 12 12 12 7 7 7 8 8 5 5 13 28 28 27 13 13 13 13 7 7 7 4
 0 0 0 1 1 1 1 1 1 1 1 3 3 2 2 2 3 3 7 7 7 51 10 10 12 12 12 7 7 7 8 8 5 5 13 28 28 27 13 13 13 13 7 7 7 4
 0 0 0 0 0 1 2 2 1 1 2 2 2 1 2 2 2 2 2 1 1 9 10 10 11 11 11 6 6 6 6 6 5 5 14 39 39 31 40 40 16 16 6 3 3 16
 0 0 0 0 0 1 2 2 1 1 2 2 2 1 2 2 2 2 2 1 1 9 10 10 11 11 11 6 6 6 6 6 5 5 14 39 39 31 40 40 16 16 6 3 3 16
 0 0 0 1 1 1 1 1 2 2 2 2 2 1 2 2 3 3 2 2 2 2 3 3 5 5 5 6 6 6 7 7 11 11 33 32 32 40 40 40 21 21 6 3 3 4
 0 0 0 0 0 1 1 1 1 1 2 2 2 2 2 2 3 3 3 2 2 2 2 2 1 1 2 2 2 6 10 10 12 12 34 47 47 37 37 37 22 22 5 3 3 3
 0 0 0 0 0 1 1 1 1 1 2 2 2 2 2 2 3 3 3 2 2 2 2 2 1 1 2 2 2 6 10 10 12 12 34 47 47 37 37 37 22 22 5 3 3 3
 0 0 0 0 0 1 1 1 1 1 2 3 3 3 3 3 3 3 3 3 3 2 3 3 1 1 1 1 1 18 18 18 68 68 47 47 47 37 23 23 6 6 6 7 7 7
 0 0 0 0 0 0 1 1 1 1 2 3 3 4 4 4 4 4 4 6 6 3 2 2 1 1 2 1 1 17 18 18 61 61 60 60 60 21 19 19 6 6 4 8 8 8
 0 0 0 0 0 0 1 1 1 1 2 3 3 4 4 4 4 4 4 6 6 3 2 2 1 1 2 1 1 17 18 18 61 61 60 60 60 21 19 19 6 6 4 8 8 8
 0 0 0 0 0 0 1 1 1 1 1 2 2 4 5 5 4 4 5 4 4 5 5 5 2 2 1 1 1 17 16 16 65 65 63 65 65 59 16 16 15 15 2 9 9 9
 0 0 0 0 0 0 1 1 1 1 1 2 2 4 5 5 4 4 5 4 4 5 5 5 2 2 1 1 1 17 16 16 65 65 63 65 65 59 16 16 15 15 2 9 9 9
 0 0 0 0 0 0 1 1 1 1 1 2 2 3 4 4 4 4 4 5 5 5 6 6 2 2 1 1 1 4 4 4 15 15 13 59 59 60 16 16 15 15 3 15 15 14
 0 0 0 0 0 0 0 0 1 1 1 2 2 3 4 4 5 5 4 6 6 5 6 6 6 6 4 5 5 5 3 3 14 14 13 15 15 16 5 5 5 5 4 15 15 14
 0 0 0 0 0 0 0 0 1 1 1 2 2 3 4 4 5 5 4 6 6 5 6 6 6 6 4 5 5 5 3 3 14 14 13 15 15 16 5 5 5 5 4 15 15 14
 0 0 0 0 0 0 1 1 1 1 1 2 2 3 3 3 6 6 7 5 5 10 5 5 8 8 8 8 8 4 1 1 0 0 14 14 14 15 4 4 5 5 6 5 5 11
 0 0 0 0 0 0 1 1 1 1 2 2 2 3 4 4 8 8 10 14 14 16 7 7 11 11 13 10 10 7 4 4 4 4 2 2 2 9 3 3 4 4 30 5 5 8
 0 0 0 0 0 0 1 1 1 1 2 2 2 3 4 4 8 8 10 14 14 16 7 7 11 11 13 10 10 7 4 4 4 4 2 2 2 9 3 3 4 4 30 5 5 8
 0 0 0 0 0 0 1 1 1 1 2 2 2 3 4 4 8 8 14 17 17 34 16 16 10 10 14 13 13 12 11 11 7 7 5 2 2 33 32 32 28 28 28 7 7 8
 0 0 0 0 0 0 1 1 1 1 2 2 2 3 4 4 8 8 14 17 17 34 16 16 10 10 14 13 13 12 11 11 7 7 5 2 2 33 32 32 28 28 28 7 7 8
 0 0 0 0 0 0 1 1 1 1 1 2 2 4 5 5 8 8 20 32 32 40 34 34 39 39 15 16 16 13 12 12 8 8 11 8 8 32 32 32 28 28 3 1 1 1
 1 1 0 1 1 1 1 1 1 1 1 2 2 2 4 4 5 5 32 30 30 35 35 35 40 40 33 32 32 30 26 26 15 15 12 1 1 4 3 3 3 3 3 1 1 1
 1 1 0 1 1 1 1 1 1 1 1 2 2 2 4 4 5 5 32 30 30 35 35 35 40 40 33 32 32 30 26 26 15 15 12 1 1 4 3 3 3 3 3 1 1 1
 1 1 1 2 2 1 0 0 0 0 0 1 1 1 3 3 7 7 29 34 34 46 37 37 37 37 38 29 29 27 31 31 18 18 13 7 7 2 4 4 0 0 0 0 0 0
 0 0 0 1 1 1 0 0 0 0 0 0 0 1 4 4 21 21 21 25 25 40 29 29 44 44 40 27 27 24 30 30 17 17 11 2 2 1 1 1 0 0 0 0 0 0
 0 0 0 1 1 1 0 0 0 0 0 0 0 1 4 4 21 21 21 25 25 40 29 29 44 44 40 27 27 24 30 30 17 17 11 2 2 1 1 1 0 0 0 0 0 0
 0 0 0 0 0 0 0 0 0 0 0 0 0 0 3 3 18 18 19 21 21 24 24 24 21 21 22 13 13 13 15 15 17 17 11 2 2 1 1 1 0 0 0 0 0 0
 0 0 0 0 0 0 0 0 0 0 0 0 0 0 3 3 18 18 19 21 21 24 24 24 21 21 22 13 13 13 15 15 17 17 11 2 2 1 1 1 0 0 0 0 0 0
 0 0 0 0 0 0 0 0 0 0 2 1 1 1 1 1 8 8 9 11 11 14 11 11 9 9 12 3 3 8 5 5 8 8 5 2 2 2 1 1 0 0 0 0 0 1
 0 0 0 0 0 0 0 0 0 0 3 6 6 2 1 1 2 2 3 9 9 8 5 5 7 7 1 1 1 1 0 0 0 0 0 1 1 2 0 0 0 0 0 0 0 0
 0 0 0 0 0 0 0 0 0 0 3 6 6 2 1 1 2 2 3 9 9 8 5 5 7 7 1 1 1 1 0 0 0 0 0 1 1 2 0 0 0 0 0 0 0 0
 0 0 0 0 0 0 0 0 1 1 6 5 5 1 0 0 2 2 2 2 2 0 3 3 2 2 0 0 0 0 0 0 0 0 0 0 0 1 0 0 0 0 0 0 0 0
 0 0 0 0 0 0 0 0 0 0 0 1 1 0 0 0 0 0 0 0 0 0 1 1 1 1 1 0 0 0 2 2 2 2 0 0 0 1 0 0 0 0 0 0 0 0
 0 0 0 0 0 0 0 0 0 0 0 1 1 0 0 0 0 0 0 0 0 0 1 1 1 1 1 0 0 0 2 2 2 2 0 0 0 1 0 0 0 0 0 0 0 0
 0 0 0 0 0 0 0 0 0 0 0 0 0 0 0 0 0 0 0 0 0 0 0 0 1 1 1 0 0 0 0 0 1 1 0 1 1 0 0 0 0 0 0 0 0 0
 0 0 0 0 0 0 0 0 0 0 0 0 0 0 0 0 0 0 0 0 0 0 0 0 1 1 1 0 0 0 0 0 1 1 0 1 1 0 0 0 0 0 0 0 0 0
 0 0 0 0 0 0 0 0 0 0 0 0 0 0 0 0 0 0 0 0 0 0 0 0 0 0 0 0 0 0 0 0 6 6 10 0 0 0 0 0 0 0 0 0 0 0
 0 0 0 0 0 0 0 0 0 0 0 0 0 0 0 0 0 0 0 0 0 0 0 0 0 0 1 0 0 0 0 0 0 0 0 0 0 0 0 0 0 0 1 5 5 3
 0 0 0 0 0 0 0 0 0 0 0 0 0 0 0 0 0 0 0 0 0 0 0 0 0 0 1 0 0 0 0 0 0 0 0 0 0 0 0 0 0 0 1 5 5 3
 0 0 0 0 0 0 0 0 0 0 0 0 0 0 0 0 0 0 0 0 0 0 0 0 0 0 1 0 0 0 0 0 0 0 0 0 0 0 0 0 0 0 2 2 2 3
 0 0 0 0 0 0 0 0 0 0 0 0 0 0 0 0 0 0 0 0 0 0 0 0 0 0 1 0 0 0 0 0 0 0 0 0 0 0 0 0 0 0 0 2 2 5
 0 0 0 0 0 0 0 0 0 0 0 0 0 0 0 0 0 0 0 0 0 0 0 0 0 0 1 0 0 0 0 0 0 0 0 0 0 0 0 0 0 0 0 2 2 5
 0 0 0 0 0 0 0 0 0 0 0 0 0 0 0 0 0 0 0 0 0 0 0 0 0 0 1 0 0 0 0 0 0 0 0 0 0 0 0 0 0 0 0 0 0 4
 0 0 0 0 0 0 0 0 0 0 0 0 0 0 0 0 0 0 0 0 0 0 0 0 0 0 1 0 0 0 0 0 0 0 0 0 0 0 0 0 0 0 0 0 0 4
 0 0 0 0 0 0 0 0 0 0 0 0 0 0 0 0 0 0 0 0 0 0 0 0 1 1 1 0 0 0 0 0 0 0 0 0 0 0 0 0 0 0 0 0 0 3
 0 0 0 0 0 0 0 0 0 0 0 0 0 0 0 0 0 0 0 0 0 0 0 0 1 1 1 0 0 0 0 0 0 0 0 0 0 0 0 0 0 0 0 0 0 0
 0 0 0 0 0 0 0 0 0 0 0 0 0 0 0 0 0 0 0 0 0 0 0 0 1 1 1 0 0 0 0 0 0 0 0 0 0 0 0 0 0 0 0 0 0 0
 0 0 0 0 0 0 0 0 0 0 0 0 0 0 0 0 0 0 0 0 0 0 0 0 1 1 1 0 0 0 0 0 0 0 0 0 0 0 0 0 0 0 0 0 0 0
 0 0 0 0 0 0 0 0 0 0 0 0 0 0 2 2 2 2 0 0 0 0 0 0 1 1 1 1 1 1 1 1 1 1 1 0 0 0 0 0 0 0 0 0 0 0
 0 0 0 0 0 0 0 0 0 0 0 0 0 0 2 2 2 2 0 0 0 0 0 0 1 1 1 1 1 1 1 1 1 1 1 0 0 0 0 0 0 0 0 0 0 0
 0 0 0 0 0 0 0 0 0 0 0 0 0 0 1 1 1 1 0 0 0 0 0 0 1 1 1 1 1 1 1 1 1 1 1 1 1 1 0 0 0 0 0 0 0 0
 0 0 0 0 0 0 0 0 0 0 0 0 0 0 1 1 1 1 0 0 0 0 0 0 1 1 1 1 1 1 1 1 1 1 1 1 1 1 0 0 0 0 0 0 0 0
 0 0 0 0 0 0 0 0 0 0 0 0 0 0 0 0 0 0 0 0 0 0 0 0 1 1 1 1 1 1 1 1 1 1 1 1 1 1 1 1 0 0 0 0 0 0
 0 0 0 0 0 0 0 0 0 0 0 0 0 0 0 0 0 0 0 0 0 0 0 0 0 0 1 1 1 1 1 1 1 1 1 1 1 2 1 1 1 1 0 0 0 0
 0 0 0 0 0 0 0 0 0 0 0 0 0 0 0 0 0 0 0 0 0 0 0 0 0 0 1 1 1 1 1 1 1 1 1 1 1 2 1 1 1 1 0 0 0 0
 0 0 0 0 0 0 0 0 0 0 0 0 0 0 0 0 0 0 0 0 0 0 0 0 0 0 0 1 1 1 2 2 1 1 0 1 1 1 1 1 1 1 0 0 0 0
 0 0 0 0 0 0 0 0 0 0 0 0 0 0 0 0 0 0 0 0 0 0 0 0 0 0 0 0 0 1 1 1 1 1 0 0 0 0 0 0 0 0 1 1 1 0
 0 0 0 0 0 0 0 0 0 0 0 0 0 0 0 0 0 0 0 0 0 0 0 0 0 0 0 0 0 1 1 1 1 1 0 0 0 0 0 0 0 0 1 1 1 0
 0 0 0 0 0 0 0 0 0 0 0 0 0 0 0 0 0 0 0 0 0 0 0 0 0 0 0 0 0 1 1 1 1 1 0 0 0 0 0 0 0 0 0 1 1 0
 0 0 0 0 0 0 0 0 0 0 0 0 0 0 0 0 0 0 0 0 0 0 0 0 0 0 0 0 0 1 1 1 1 1 0 0 0 0 0 0 0 0 0 1 1 0
 0 0 0 0 0 0 0 0 0 0 0 0 0 0 0 0 0 0 0 0 0 0 0 0 0 0 0 0 0 0 1 1 2 2 0 0 0 0 0 0 0 0 0 0 0 0
 0 0 0 0 0 0 0 0 0 0 0 0 0 0 0 0 0 0 0 0 0 0 0 0 0 0 0 0 0 0 0 0 0 0 1 0 0 1 0 0 0 0 0 0 0 0
 0 0 0 0 0 0 0 0 0 0 0 0 0 0 0 0 0 0 0 0 0 0 0 0 0 0 0 0 0 0 0 0 0 0 1 0 0 1 0 0 0 0 0 0 0 0
 0 0 0 0 0 0 0 0 0 0 0 0 0 0 0 0 0 0 0 0 0 0 0 0 0 0 0 0 0 0 0 0 0 0 1 1 1 1 0 0 0 0 0 0 0 0
 0 0 0 0 0 0 0 0 0 0 0 0 0 0 0 0 0 0 0 0 0 0 0 0 0 0 0 0 0 0 0 0 0 0 0 0 0 1 0 0 0 0 0 0 0 0
