assets/RAT_results_old/precipitation/2022-08-03_IMERG.asc
ncols        46
nrows        77
xllcorner    74.800261325624
yllcorner    8.058333333333
cellsize     0.062500000000
NODATA_value -9999
 29 29 27 23 23 27 30 30 39 39 31 21 21 18 22 22 28 28 28 32 32 25 24 24 16 16 35 11 11 13 15 15 26 26 21 25 25 25 17 17 19 19 19 17 17 18
 22 22 25 25 25 27 28 28 35 35 35 26 26 26 25 25 30 30 28 31 31 32 38 38 31 31 34 15 15 17 18 18 21 21 21 25 25 26 22 22 22 22 22 22 22 23
 22 22 25 25 25 27 28 28 35 35 35 26 26 26 25 25 30 30 28 31 31 32 38 38 31 31 34 15 15 17 18 18 21 21 21 25 25 26 22 22 22 22 22 22 22 23
 18 18 26 33 33 34 33 33 35 35 36 28 28 27 28 28 24 24 22 32 32 32 40 40 36 36 21 17 17 18 18 18 18 18 20 22 22 25 27 27 24 24 23 25 25 29
 30 30 28 34 34 38 40 40 43 43 45 46 46 34 30 30 21 21 18 24 24 24 35 35 35 35 20 15 15 20 21 21 17 17 15 16 16 18 19 19 20 20 20 20 20 22
 30 30 28 34 34 38 40 40 43 43 45 46 46 34 30 30 21 21 18 24 24 24 35 35 35 35 20 15 15 20 21 21 17 17 15 16 16 18 19 19 20 20 20 20 20 22
 49 49 46 43 43 46 48 48 52 52 51 46 46 45 38 38 38 38 19 14 14 12 12 12 12 12 12 14 14 30 27 27 14 14 12 12 12 13 15 15 16 16 19 18 18 21
 49 49 46 43 43 46 48 48 52 52 51 46 46 45 38 38 38 38 19 14 14 12 12 12 12 12 12 14 14 30 27 27 14 14 12 12 12 13 15 15 16 16 19 18 18 21
 48 48 43 46 46 48 53 53 51 51 53 49 49 41 41 41 34 34 16 10 10 10 11 11 11 11 11 11 11 17 15 15 9 9 10 11 11 12 13 13 13 13 16 15 15 17
 35 35 36 39 39 41 53 53 42 42 41 42 42 31 31 31 24 24 11 8 8 10 9 9 10 10 9 7 7 7 20 20 9 9 7 8 8 8 10 10 10 10 11 12 12 15
 35 35 36 39 39 41 53 53 42 42 41 42 42 31 31 31 24 24 11 8 8 10 9 9 10 10 9 7 7 7 20 20 9 9 7 8 8 8 10 10 10 10 11 12 12 15
 34 34 32 31 31 32 40 40 39 39 38 39 39 17 14 14 12 12 13 12 12 17 8 8 8 8 7 12 12 26 21 21 11 11 9 8 8 10 13 13 9 9 9 9 9 18
 32 32 29 27 27 31 29 29 33 33 30 25 25 19 15 15 15 15 14 13 13 14 10 10 9 9 8 22 22 23 16 16 8 8 7 8 8 8 8 8 8 8 8 6 6 7
 32 32 29 27 27 31 29 29 33 33 30 25 25 19 15 15 15 15 14 13 13 14 10 10 9 9 8 22 22 23 16 16 8 8 7 8 8 8 8 8 8 8 8 6 6 7
 20 20 20 18 18 26 29 29 31 31 30 30 30 24 17 17 12 12 11 8 8 10 10 10 13 13 10 22 22 22 21 21 12 12 13 9 9 7 6 6 6 6 4 5 5 5
 20 20 20 18 18 26 29 29 31 31 30 30 30 24 17 17 12 12 11 8 8 10 10 10 13 13 10 22 22 22 21 21 12 12 13 9 9 7 6 6 6 6 4 5 5 5
 15 15 18 17 17 16 19 19 20 20 19 25 25 19 16 16 13 13 11 7 7 7 7 7 6 6 10 16 16 24 13 13 10 10 11 8 8 7 12 12 6 6 3 5 5 4
 13 13 18 21 21 15 14 14 13 13 17 17 17 15 12 12 13 13 12 12 12 8 8 8 9 9 14 8 8 20 10 10 4 4 5 6 6 7 7 7 6 6 4 3 3 2
 13 13 18 21 21 15 14 14 13 13 17 17 17 15 12 12 13 13 12 12 12 8 8 8 9 9 14 8 8 20 10 10 4 4 5 6 6 7 7 7 6 6 4 3 3 2
 19 19 24 24 24 15 9 9 10 10 19 15 15 20 11 11 12 12 12 15 15 9 8 8 8 8 10 10 10 12 11 11 11 11 10 9 9 9 8 8 7 7 7 6 6 2
 25 25 21 17 17 16 19 19 13 13 15 19 19 24 24 24 18 18 15 20 20 12 11 11 11 11 14 14 14 15 15 15 14 14 7 6 6 5 6 6 7 7 7 5 5 2
 25 25 21 17 17 16 19 19 13 13 15 19 19 24 24 24 18 18 15 20 20 12 11 11 11 11 14 14 14 15 15 15 14 14 7 6 6 5 6 6 7 7 7 5 5 2
 29 29 31 26 26 26 26 26 23 23 18 15 15 27 29 29 23 23 29 26 26 15 14 14 16 16 13 13 13 5 11 11 11 11 7 5 5 5 9 9 6 6 4 3 3 2
 29 29 31 26 26 26 26 26 23 23 18 15 15 27 29 29 23 23 29 26 26 15 14 14 16 16 13 13 13 5 11 11 11 11 7 5 5 5 9 9 6 6 4 3 3 2
 38 38 39 39 39 34 31 31 21 21 16 14 14 28 19 19 15 15 16 23 23 14 14 14 15 15 13 13 13 6 7 7 9 9 10 10 10 9 7 7 6 6 4 2 2 2
 37 37 41 33 33 31 21 21 16 16 12 12 12 9 9 9 10 10 14 23 23 21 16 16 23 23 23 24 24 16 18 18 16 16 12 10 10 9 7 7 6 6 5 2 2 2
 37 37 41 33 33 31 21 21 16 16 12 12 12 9 9 9 10 10 14 23 23 21 16 16 23 23 23 24 24 16 18 18 16 16 12 10 10 9 7 7 6 6 5 2 2 2
 29 29 32 28 28 22 21 21 14 14 17 15 15 9 15 15 16 16 18 22 22 25 22 22 28 28 38 37 37 25 24 24 22 22 14 11 11 9 7 7 6 6 5 3 3 2
 22 22 27 32 32 32 37 37 25 25 27 20 20 20 21 21 19 19 16 22 22 20 22 22 30 30 33 28 28 24 22 22 15 15 13 11 11 7 5 5 5 5 4 2 2 4
 22 22 27 32 32 32 37 37 25 25 27 20 20 20 21 21 19 19 16 22 22 20 22 22 30 30 33 28 28 24 22 22 15 15 13 11 11 7 5 5 5 5 4 2 2 4
 22 22 30 31 31 34 33 33 31 31 26 34 34 29 36 36 25 25 22 26 26 19 19 19 16 16 12 11 11 12 18 18 13 13 11 11 11 6 4 4 4 4 4 3 3 6
 22 22 30 31 31 34 33 33 31 31 26 34 34 29 36 36 25 25 22 26 26 19 19 19 16 16 12 11 11 12 18 18 13 13 11 11 11 6 4 4 4 4 4 3 3 6
 30 30 30 35 35 35 32 32 31 31 32 39 39 42 31 31 26 26 25 30 30 29 24 24 20 20 16 14 14 12 13 13 12 12 10 11 11 5 5 5 7 7 4 3 3 4
 27 27 36 38 38 38 24 24 24 24 29 39 39 49 64 64 34 34 23 23 23 23 20 20 18 18 18 15 15 16 14 14 10 10 7 4 4 5 7 7 6 6 5 3 3 3
 27 27 36 38 38 38 24 24 24 24 29 39 39 49 64 64 34 34 23 23 23 23 20 20 18 18 18 15 15 16 14 14 10 10 7 4 4 5 7 7 6 6 5 3 3 3
 29 29 29 29 29 23 24 24 30 30 36 40 40 54 57 57 38 38 37 32 32 33 24 24 22 22 22 23 23 20 13 13 9 9 8 8 8 15 16 16 6 6 4 2 2 3
 28 28 27 18 18 23 27 27 37 37 39 43 43 47 45 45 35 35 36 37 37 35 28 28 26 26 24 20 20 12 16 16 22 22 18 18 18 25 23 23 24 24 11 7 7 2
 28 28 27 18 18 23 27 27 37 37 39 43 43 47 45 45 35 35 36 37 37 35 28 28 26 26 24 20 20 12 16 16 22 22 18 18 18 25 23 23 24 24 11 7 7 2
 20 20 15 16 16 22 30 30 36 36 45 42 42 37 39 39 29 29 32 30 30 30 24 24 23 23 31 22 22 21 21 21 36 36 30 23 23 27 32 32 29 29 26 13 13 5
 20 20 15 16 16 22 30 30 36 36 45 42 42 37 39 39 29 29 32 30 30 30 24 24 23 23 31 22 22 21 21 21 36 36 30 23 23 27 32 32 29 29 26 13 13 5
 16 16 12 16 16 19 29 29 33 33 35 37 37 32 27 27 28 28 27 29 29 24 20 20 23 23 28 18 18 17 27 27 26 26 22 17 17 28 30 30 25 25 18 11 11 8
 12 12 12 14 14 16 24 24 24 24 33 34 34 30 27 27 31 31 24 20 20 17 15 15 17 17 20 17 17 11 12 12 13 13 15 15 15 16 25 25 16 16 15 7 7 7
 12 12 12 14 14 16 24 24 24 24 33 34 34 30 27 27 31 31 24 20 20 17 15 15 17 17 20 17 17 11 12 12 13 13 15 15 15 16 25 25 16 16 15 7 7 7
 19 19 15 16 16 16 18 18 23 23 22 30 30 24 22 22 24 24 17 19 19 15 9 9 13 13 13 10 10 9 13 13 15 15 17 11 11 9 12 12 9 9 7 7 7 5
 17 17 14 14 14 15 17 17 17 17 17 19 19 17 18 18 17 17 17 19 19 16 7 7 8 8 8 7 7 7 7 7 10 10 8 7 7 7 5 5 5 5 5 4 4 4
 17 17 14 14 14 15 17 17 17 17 17 19 19 17 18 18 17 17 17 19 19 16 7 7 8 8 8 7 7 7 7 7 10 10 8 7 7 7 5 5 5 5 5 4 4 4
 14 14 14 14 14 13 15 15 16 16 15 15 15 16 17 17 19 19 22 25 25 22 9 9 7 7 4 5 5 5 6 6 6 6 9 9 9 4 2 2 2 2 3 2 2 1
 14 14 14 14 14 13 15 15 16 16 15 15 15 16 17 17 19 19 22 25 25 22 9 9 7 7 4 5 5 5 6 6 6 6 9 9 9 4 2 2 2 2 3 2 2 1
 12 12 11 14 14 15 16 16 13 13 13 15 15 15 16 16 17 17 20 22 22 16 10 10 6 6 6 4 4 5 5 5 3 3 4 13 13 13 3 3 3 3 2 2 2 1
 17 17 21 22 22 19 25 25 17 17 14 12 12 14 15 15 16 16 16 17 17 13 10 10 5 5 5 5 5 5 6 6 9 9 5 4 4 12 7 7 4 4 3 2 2 1
 17 17 21 22 22 19 25 25 17 17 14 12 12 14 15 15 16 16 16 17 17 13 10 10 5 5 5 5 5 5 6 6 9 9 5 4 4 12 7 7 4 4 3 2 2 1
 26 26 23 25 25 20 21 21 16 16 14 12 12 14 15 15 17 17 14 13 13 10 9 9 9 9 9 7 7 8 11 11 11 11 10 5 5 4 7 7 7 7 6 2 2 2
 25 25 28 26 26 16 15 15 17 17 15 14 14 15 16 16 24 24 16 13 13 12 13 13 11 11 9 8 8 8 9 9 10 10 8 4 4 7 8 8 5 5 4 3 3 4
 25 25 28 26 26 16 15 15 17 17 15 14 14 15 16 16 24 24 16 13 13 12 13 13 11 11 9 8 8 8 9 9 10 10 8 4 4 7 8 8 5 5 4 3 3 4
 26 26 29 17 17 15 16 16 14 14 13 14 14 14 15 15 19 19 16 14 14 13 15 15 16 16 14 11 11 10 9 9 7 7 5 3 3 3 4 4 7 7 5 6 6 8
 26 26 29 17 17 15 16 16 14 14 13 14 14 14 15 15 19 19 16 14 14 13 15 15 16 16 14 11 11 10 9 9 7 7 5 3 3 3 4 4 7 7 5 6 6 8
 20 20 24 16 16 18 15 15 13 13 13 10 10 11 15 15 18 18 18 15 15 13 10 10 14 14 9 7 7 10 5 5 4 4 4 3 3 4 7 7 9 9 7 11 11 12
 26 26 29 12 12 15 14 14 12 12 12 12 12 10 11 11 17 17 17 16 16 14 11 11 14 14 9 5 5 5 6 6 8 8 8 9 9 7 8 8 15 15 19 17 17 12
 26 26 29 12 12 15 14 14 12 12 12 12 12 10 11 11 17 17 17 16 16 14 11 11 14 14 9 5 5 5 6 6 8 8 8 9 9 7 8 8 15 15 19 17 17 12
 25 25 18 12 12 14 14 14 12 12 15 12 12 8 9 9 9 9 11 14 14 14 12 12 7 7 3 3 3 5 4 4 9 9 8 8 8 8 6 6 13 13 18 16 16 10
 23 23 19 14 14 10 10 10 12 12 10 8 8 7 8 8 8 8 10 11 11 10 9 9 9 9 5 3 3 2 3 3 7 7 7 6 6 6 3 3 5 5 7 9 9 7
 23 23 19 14 14 10 10 10 12 12 10 8 8 7 8 8 8 8 10 11 11 10 9 9 9 9 5 3 3 2 3 3 7 7 7 6 6 6 3 3 5 5 7 9 9 7
 17 17 14 13 13 12 16 16 13 13 14 7 7 7 7 7 7 7 9 8 8 8 9 9 8 8 5 2 2 2 2 2 5 5 7 5 5 2 2 2 2 2 3 5 5 4
 17 17 14 13 13 12 16 16 13 13 14 7 7 7 7 7 7 7 9 8 8 8 9 9 8 8 5 2 2 2 2 2 5 5 7 5 5 2 2 2 2 2 3 5 5 4
 12 12 12 12 12 19 14 14 8 8 6 5 5 5 7 7 8 8 8 8 8 9 11 11 4 4 6 5 5 5 3 3 8 8 10 3 3 1 1 1 7 7 6 5 5 3
 12 12 10 13 13 15 8 8 6 6 4 4 4 5 7 7 10 10 10 9 9 7 7 7 4 4 6 5 5 8 11 11 6 6 10 4 4 1 3 3 6 6 7 4 4 4
 12 12 10 13 13 15 8 8 6 6 4 4 4 5 7 7 10 10 10 9 9 7 7 7 4 4 6 5 5 8 11 11 6 6 10 4 4 1 3 3 6 6 7 4 4 4
 16 16 10 9 9 7 5 5 5 5 7 7 7 9 11 11 10 10 7 7 7 5 5 5 4 4 7 11 11 11 11 11 9 9 9 3 3 1 4 4 5 5 4 1 1 3
 13 13 9 6 6 5 5 5 4 4 5 8 8 9 10 10 9 9 7 4 4 4 4 4 4 4 4 5 5 8 8 8 8 8 3 2 2 1 1 1 4 4 2 3 3 5
 13 13 9 6 6 5 5 5 4 4 5 8 8 9 10 10 9 9 7 4 4 4 4 4 4 4 4 5 5 8 8 8 8 8 3 2 2 1 1 1 4 4 2 3 3 5
 10 10 8 7 7 6 5 5 5 5 6 7 7 7 7 7 7 7 7 5 5 4 4 4 4 4 4 4 4 8 8 8 5 5 3 1 1 2 2 2 3 3 6 9 9 6
 10 10 8 7 7 6 5 5 5 5 6 7 7 7 7 7 7 7 7 5 5 4 4 4 4 4 4 4 4 8 8 8 5 5 3 1 1 2 2 2 3 3 6 9 9 6
 12 12 10 6 6 6 7 7 7 7 7 8 8 9 7 7 8 8 8 7 7 6 4 4 4 4 5 5 5 5 6 6 8 8 2 1 1 5 7 7 7 7 11 6 6 2
 9 9 9 8 8 7 9 9 9 9 8 10 10 9 10 10 11 11 10 8 8 7 5 5 7 7 5 7 7 6 4 4 6 6 2 5 5 5 6 6 8 8 9 6 6 10
 9 9 9 8 8 7 9 9 9 9 8 10 10 9 10 10 11 11 10 8 8 7 5 5 7 7 5 7 7 6 4 4 6 6 2 5 5 5 6 6 8 8 9 6 6 10
 8 8 16 12 12 7 9 9 9 9 10 13 13 14 15 15 13 13 12 8 8 8 7 7 7 7 6 8 8 10 4 4 3 3 5 4 4 1 3 3 0 0 1 1 1 1
 8 8 10 9 9 8 8 8 11 11 14 15 15 16 16 16 11 11 11 11 11 10 7 7 6 6 7 13 13 12 5 5 4 4 2 0 0 3 3 3 0 0 0 0 0 0
