assets/RAT_results_old/precipitation/2022-06-12_IMERG.asc
ncols        46
nrows        77
xllcorner    74.800261325624
yllcorner    8.058333333333
cellsize     0.062500000000
NODATA_value -9999
 20 20 12 12 12 9 6 6 3 3 2 2 2 2 0 0 0 0 0 0 0 0 0 0 0 0 0 0 0 0 1 1 1 1 0 1 1 1 0 0 0 0 0 0 0 0
 18 18 9 9 9 10 7 7 2 2 1 3 3 2 3 3 0 0 0 0 0 0 0 0 0 0 0 0 0 0 0 0 0 0 0 1 1 0 0 0 0 0 0 0 0 0
 18 18 9 9 9 10 7 7 2 2 1 3 3 2 3 3 0 0 0 0 0 0 0 0 0 0 0 0 0 0 0 0 0 0 0 1 1 0 0 0 0 0 0 0 0 0
 52 52 10 6 6 6 3 3 3 3 2 3 3 3 6 6 1 1 1 0 0 0 0 0 0 0 0 0 0 0 0 0 0 0 0 0 0 0 1 1 1 1 1 0 0 0
 85 85 16 13 13 8 9 9 8 8 11 5 5 6 5 5 2 2 2 1 1 0 0 0 0 0 0 0 0 0 0 0 0 0 0 0 0 0 2 2 3 3 1 1 1 0
 85 85 16 13 13 8 9 9 8 8 11 5 5 6 5 5 2 2 2 1 1 0 0 0 0 0 0 0 0 0 0 0 0 0 0 0 0 0 2 2 3 3 1 1 1 0
 73 73 16 13 13 14 15 15 11 11 14 7 7 3 3 3 4 4 2 1 1 0 0 0 0 0 0 0 0 0 0 0 0 0 0 0 0 0 0 0 1 1 0 0 0 0
 73 73 16 13 13 14 15 15 11 11 14 7 7 3 3 3 4 4 2 1 1 0 0 0 0 0 0 0 0 0 0 0 0 0 0 0 0 0 0 0 1 1 0 0 0 0
 28 28 27 18 18 15 16 16 12 12 12 12 12 3 3 3 3 3 1 0 0 1 0 0 0 0 0 0 0 0 0 0 0 0 0 0 0 0 0 0 0 0 0 1 1 1
 39 39 32 25 25 19 19 19 17 17 13 13 13 4 4 4 4 4 1 0 0 0 0 0 0 0 0 0 0 0 0 0 1 1 1 0 0 0 0 0 0 0 0 1 1 2
 39 39 32 25 25 19 19 19 17 17 13 13 13 4 4 4 4 4 1 0 0 0 0 0 0 0 0 0 0 0 0 0 1 1 1 0 0 0 0 0 0 0 0 1 1 2
 37 37 27 21 21 20 20 20 15 15 12 9 9 3 3 3 4 4 1 0 0 0 0 0 0 0 0 0 0 1 1 1 2 2 2 1 1 1 2 2 3 3 2 10 10 11
 22 22 25 25 25 34 34 34 18 18 12 9 9 6 3 3 2 2 0 0 0 0 0 0 1 1 1 1 1 2 2 2 4 4 4 2 2 1 5 5 7 7 5 3 3 4
 22 22 25 25 25 34 34 34 18 18 12 9 9 6 3 3 2 2 0 0 0 0 0 0 1 1 1 1 1 2 2 2 4 4 4 2 2 1 5 5 7 7 5 3 3 4
 20 20 24 35 35 26 31 31 21 21 11 10 10 9 2 2 0 0 0 0 0 0 0 0 0 0 1 1 1 2 1 1 2 2 2 2 2 1 4 4 4 4 4 3 3 3
 20 20 24 35 35 26 31 31 21 21 11 10 10 9 2 2 0 0 0 0 0 0 0 0 0 0 1 1 1 2 1 1 2 2 2 2 2 1 4 4 4 4 4 3 3 3
 21 21 22 24 24 23 20 20 25 25 19 20 20 12 4 4 3 3 0 0 0 0 0 0 0 0 1 1 1 1 1 1 0 0 0 0 0 0 1 1 1 1 1 1 1 0
 18 18 15 17 17 17 21 21 32 32 38 32 32 27 9 9 3 3 0 0 0 0 0 0 0 0 1 1 1 1 1 1 1 1 1 1 1 1 2 2 3 3 4 1 1 0
 18 18 15 17 17 17 21 21 32 32 38 32 32 27 9 9 3 3 0 0 0 0 0 0 0 0 1 1 1 1 1 1 1 1 1 1 1 1 2 2 3 3 4 1 1 0
 20 20 18 17 17 17 26 26 28 28 28 42 42 24 10 10 3 3 0 0 0 0 0 0 0 0 1 1 1 1 2 2 3 3 2 1 1 2 3 3 2 2 2 0 0 0
 83 83 71 61 61 17 22 22 22 22 20 27 27 17 13 13 7 7 7 1 1 0 1 1 1 1 2 1 1 1 4 4 3 3 7 2 2 2 2 2 2 2 1 1 1 0
 83 83 71 61 61 17 22 22 22 22 20 27 27 17 13 13 7 7 7 1 1 0 1 1 1 1 2 1 1 1 4 4 3 3 7 2 2 2 2 2 2 2 1 1 1 0
 71 71 59 52 52 16 13 13 12 12 12 19 19 16 20 20 11 11 8 5 5 3 3 3 2 2 2 2 2 1 6 6 5 5 3 5 5 3 3 3 4 4 4 2 2 1
 71 71 59 52 52 16 13 13 12 12 12 19 19 16 20 20 11 11 8 5 5 3 3 3 2 2 2 2 2 1 6 6 5 5 3 5 5 3 3 3 4 4 4 2 2 1
 29 29 27 14 14 14 11 11 10 10 12 16 16 18 13 13 12 12 10 7 7 2 2 2 2 2 4 1 1 2 1 1 1 1 1 2 2 1 1 1 1 1 1 0 0 0
 4 4 3 6 6 7 9 9 9 9 10 10 10 14 16 16 13 13 7 7 7 5 7 7 5 5 4 1 1 6 2 2 1 1 1 1 1 0 0 0 0 0 0 0 0 0
 4 4 3 6 6 7 9 9 9 9 10 10 10 14 16 16 13 13 7 7 7 5 7 7 5 5 4 1 1 6 2 2 1 1 1 1 1 0 0 0 0 0 0 0 0 0
 2 2 3 3 3 20 21 21 29 29 7 7 7 12 8 8 11 11 12 17 17 20 25 25 16 16 4 0 0 1 1 1 0 0 0 0 0 0 0 0 0 0 0 0 0 0
 2 2 3 3 3 18 20 20 27 27 37 35 35 28 27 27 13 13 16 13 13 15 16 16 14 14 5 12 12 4 0 0 1 1 0 0 0 0 0 0 0 0 0 0 0 0
 2 2 3 3 3 18 20 20 27 27 37 35 35 28 27 27 13 13 16 13 13 15 16 16 14 14 5 12 12 4 0 0 1 1 0 0 0 0 0 0 0 0 0 0 0 0
 3 3 1 17 17 18 26 26 37 37 37 37 37 41 29 29 13 13 16 10 10 11 10 10 11 11 11 13 13 6 0 0 0 0 0 0 0 0 0 0 0 0 0 0 0 0
 3 3 1 17 17 18 26 26 37 37 37 37 37 41 29 29 13 13 16 10 10 11 10 10 11 11 11 13 13 6 0 0 0 0 0 0 0 0 0 0 0 0 0 0 0 0
 2 2 2 17 17 18 28 28 38 38 36 41 41 40 28 28 10 10 15 9 9 10 10 10 2 2 2 1 1 0 0 0 0 0 0 0 0 0 0 0 0 0 0 0 0 0
 1 1 2 24 24 24 28 28 7 7 35 8 8 7 9 9 4 4 2 3 3 0 1 1 1 1 2 1 1 0 0 0 0 0 0 0 0 0 0 0 0 0 0 0 0 0
 1 1 2 24 24 24 28 28 7 7 35 8 8 7 9 9 4 4 2 3 3 0 1 1 1 1 2 1 1 0 0 0 0 0 0 0 0 0 0 0 0 0 0 0 0 0
 2 2 2 10 10 5 26 26 26 26 13 8 8 7 9 9 3 3 2 3 3 1 0 0 0 0 0 0 0 0 0 0 0 0 1 1 1 2 2 2 2 2 2 1 1 1
 2 2 6 5 5 6 28 28 26 26 14 7 7 9 8 8 8 8 6 3 3 2 0 0 1 1 1 0 0 0 3 3 1 1 1 2 2 3 3 3 3 3 3 2 2 2
 2 2 6 5 5 6 28 28 26 26 14 7 7 9 8 8 8 8 6 3 3 2 0 0 1 1 1 0 0 0 3 3 1 1 1 2 2 3 3 3 3 3 3 2 2 2
 2 2 3 4 4 5 14 14 14 14 8 7 7 9 7 7 6 6 6 5 5 2 0 0 1 1 1 2 2 7 3 3 1 1 1 1 1 1 1 1 1 1 1 5 5 6
 2 2 3 4 4 5 14 14 14 14 8 7 7 9 7 7 6 6 6 5 5 2 0 0 1 1 1 2 2 7 3 3 1 1 1 1 1 1 1 1 1 1 1 5 5 6
 2 2 3 5 5 4 7 7 12 12 8 7 7 9 7 7 6 6 7 5 5 2 2 2 2 2 2 3 3 0 4 4 2 2 5 2 2 2 3 3 5 5 5 10 10 12
 2 2 2 3 3 7 7 7 12 12 6 8 8 5 5 5 2 2 3 1 1 2 3 3 1 1 3 3 3 3 6 6 7 7 4 1 1 3 1 1 6 6 10 12 12 16
 2 2 2 3 3 7 7 7 12 12 6 8 8 5 5 5 2 2 3 1 1 2 3 3 1 1 3 3 3 3 6 6 7 7 4 1 1 3 1 1 6 6 10 12 12 16
 1 1 1 2 2 4 5 5 5 5 6 9 9 4 5 5 2 2 2 2 2 4 3 3 3 3 5 6 6 7 7 7 10 10 2 2 2 3 4 4 5 5 9 14 14 14
 1 1 0 1 1 3 4 4 7 7 8 8 8 8 3 3 1 1 2 2 2 3 3 3 2 2 6 6 6 9 21 21 10 10 1 2 2 2 3 3 3 3 4 5 5 12
 1 1 0 1 1 3 4 4 7 7 8 8 8 8 3 3 1 1 2 2 2 3 3 3 2 2 6 6 6 9 21 21 10 10 1 2 2 2 3 3 3 3 4 5 5 12
 1 1 1 1 1 1 5 5 8 8 8 9 9 12 5 5 9 9 6 3 3 3 1 1 2 2 7 9 9 9 13 13 9 9 1 2 2 4 5 5 6 6 7 7 7 10
 1 1 1 1 1 1 5 5 8 8 8 9 9 12 5 5 9 9 6 3 3 3 1 1 2 2 7 9 9 9 13 13 9 9 1 2 2 4 5 5 6 6 7 7 7 10
 2 2 3 3 3 5 14 14 7 7 6 6 6 12 16 16 9 9 9 7 7 6 1 1 2 2 5 9 9 10 14 14 9 9 2 3 3 4 5 5 6 6 6 7 7 10
 12 12 10 9 9 9 10 10 8 8 7 5 5 11 19 19 20 20 19 13 13 6 1 1 1 1 4 8 8 6 5 5 6 6 2 2 2 2 3 3 4 4 5 6 6 7
 12 12 10 9 9 9 10 10 8 8 7 5 5 11 19 19 20 20 19 13 13 6 1 1 1 1 4 8 8 6 5 5 6 6 2 2 2 2 3 3 4 4 5 6 6 7
 30 30 22 18 18 13 10 10 10 10 9 6 6 13 20 20 20 20 21 6 6 1 0 0 1 1 3 5 5 5 3 3 5 5 11 8 8 3 3 3 4 4 4 5 5 9
 36 36 23 17 17 12 11 11 10 10 15 12 12 11 15 15 20 20 15 10 10 1 1 1 1 1 1 4 4 3 3 3 4 4 5 5 5 5 5 5 3 3 3 3 3 8
 36 36 23 17 17 12 11 11 10 10 15 12 12 11 15 15 20 20 15 10 10 1 1 1 1 1 1 4 4 3 3 3 4 4 5 5 5 5 5 5 3 3 3 3 3 8
 16 16 13 12 12 10 10 10 15 15 13 13 13 12 15 15 28 28 27 8 8 1 1 1 1 1 1 2 2 5 5 5 8 8 9 10 10 9 5 5 2 2 1 1 1 2
 16 16 13 12 12 10 10 10 15 15 13 13 13 12 15 15 28 28 27 8 8 1 1 1 1 1 1 2 2 5 5 5 8 8 9 10 10 9 5 5 2 2 1 1 1 2
 14 14 13 15 15 10 9 9 10 10 9 11 11 10 21 21 46 46 60 24 24 4 1 1 1 1 1 2 2 5 5 5 4 4 7 9 9 9 3 3 0 0 1 1 1 1
 22 22 23 26 26 15 11 11 9 9 6 7 7 9 20 20 45 45 69 11 11 4 1 1 1 1 0 2 2 4 3 3 3 3 4 8 8 9 2 2 3 3 2 2 2 1
 22 22 23 26 26 15 11 11 9 9 6 7 7 9 20 20 45 45 69 11 11 4 1 1 1 1 0 2 2 4 3 3 3 3 4 8 8 9 2 2 3 3 2 2 2 1
 22 22 20 17 17 12 9 9 6 6 5 5 5 8 12 12 15 15 24 20 20 21 4 4 1 1 0 1 1 3 1 1 0 0 0 2 2 0 1 1 0 0 1 1 1 1
 21 21 17 14 14 13 12 12 8 8 7 6 6 11 13 13 16 16 15 21 21 33 2 2 1 1 0 0 0 0 0 0 0 0 0 0 0 0 0 0 0 0 0 0 0 0
 21 21 17 14 14 13 12 12 8 8 7 6 6 11 13 13 16 16 15 21 21 33 2 2 1 1 0 0 0 0 0 0 0 0 0 0 0 0 0 0 0 0 0 0 0 0
 23 23 20 17 17 14 12 12 11 11 11 14 14 26 15 15 9 9 9 36 36 64 44 44 2 2 1 0 0 0 0 0 0 0 0 0 0 3 0 0 0 0 0 0 0 0
 23 23 20 17 17 14 12 12 11 11 11 14 14 26 15 15 9 9 9 36 36 64 44 44 2 2 1 0 0 0 0 0 0 0 0 0 0 3 0 0 0 0 0 0 0 0
 28 28 28 25 25 19 18 18 16 16 18 27 27 28 13 13 9 9 9 26 26 27 42 42 3 3 1 0 0 0 0 0 0 0 0 0 0 0 0 0 0 0 0 0 0 0
 29 29 24 22 22 20 23 23 21 21 21 30 30 31 16 16 11 11 13 18 18 16 17 17 12 12 2 0 0 0 0 0 0 0 0 0 0 0 0 0 0 0 0 0 0 0
 29 29 24 22 22 20 23 23 21 21 21 30 30 31 16 16 11 11 13 18 18 16 17 17 12 12 2 0 0 0 0 0 0 0 0 0 0 0 0 0 0 0 0 0 0 0
 35 35 31 24 24 26 31 31 31 31 37 42 42 40 24 24 17 17 15 14 14 14 8 8 8 8 3 0 0 0 0 0 0 0 1 0 0 0 0 0 0 0 0 0 0 0
 33 33 36 39 39 43 45 45 46 46 50 56 56 54 48 48 41 41 33 27 27 24 13 13 7 7 4 3 3 3 2 2 1 1 2 0 0 0 0 0 0 0 0 0 0 0
 33 33 36 39 39 43 45 45 46 46 50 56 56 54 48 48 41 41 33 27 27 24 13 13 7 7 4 3 3 3 2 2 1 1 2 0 0 0 0 0 0 0 0 0 0 0
 29 29 36 37 37 42 46 46 48 48 47 46 46 45 36 36 36 36 28 24 24 21 14 14 7 7 5 3 3 2 2 2 0 0 0 0 0 1 0 0 0 0 1 1 1 0
 29 29 36 37 37 42 46 46 48 48 47 46 46 45 36 36 36 36 28 24 24 21 14 14 7 7 5 3 3 2 2 2 0 0 0 0 0 1 0 0 0 0 1 1 1 0
 28 28 31 33 33 32 31 31 29 29 29 34 34 30 19 19 14 14 15 16 16 13 12 12 5 5 4 3 3 2 3 3 3 3 4 1 1 0 0 0 0 0 1 1 1 0
 23 23 22 22 22 23 25 25 23 23 22 25 25 15 11 11 9 9 16 13 13 13 9 9 5 5 3 3 3 3 3 3 4 4 4 2 2 1 0 0 0 0 1 0 0 0
 23 23 22 22 22 23 25 25 23 23 22 25 25 15 11 11 9 9 16 13 13 13 9 9 5 5 3 3 3 3 3 3 4 4 4 2 2 1 0 0 0 0 1 0 0 0
 17 17 18 19 19 18 17 17 15 15 14 13 13 9 7 7 9 9 13 11 11 9 7 7 4 4 3 4 4 7 5 5 4 4 4 3 3 2 0 0 0 0 0 0 0 0
 15 15 12 12 12 12 10 10 9 9 8 9 9 10 11 11 11 11 11 11 11 8 7 7 4 4 3 4 4 6 4 4 4 4 4 3 3 2 2 2 0 0 0 0 0 0
