assets/RAT_results_old/precipitation/2022-07-20_IMERG.asc
ncols        46
nrows        77
xllcorner    74.800261325624
yllcorner    8.058333333333
cellsize     0.062500000000
NODATA_value -9999
 11 11 10 8 8 7 5 5 6 6 6 5 5 5 5 5 6 6 6 7 7 8 7 7 6 6 4 5 5 2 2 2 2 2 2 2 2 2 7 7 8 8 26 26 26 37
 11 11 12 8 8 5 5 5 7 7 5 4 4 2 3 3 3 3 5 6 6 6 14 14 14 14 11 7 7 2 2 2 2 2 2 3 3 3 8 8 13 13 39 38 38 41
 11 11 12 8 8 5 5 5 7 7 5 4 4 2 3 3 3 3 5 6 6 6 14 14 14 14 11 7 7 2 2 2 2 2 2 3 3 3 8 8 13 13 39 38 38 41
 5 5 10 8 8 5 9 9 15 15 15 6 6 2 1 1 2 2 2 4 4 4 11 11 7 7 4 2 2 2 2 2 2 2 3 4 4 4 11 11 12 12 37 51 51 43
 5 5 4 3 3 3 5 5 10 10 19 11 11 2 2 2 1 1 1 1 1 1 2 2 2 2 3 2 2 4 3 3 3 3 3 4 4 5 12 12 20 20 60 61 61 56
 5 5 4 3 3 3 5 5 10 10 19 11 11 2 2 2 1 1 1 1 1 1 2 2 2 2 3 2 2 4 3 3 3 3 3 4 4 5 12 12 20 20 60 61 61 56
 4 4 2 2 2 3 3 3 6 6 8 5 5 1 1 1 1 1 1 2 2 2 4 4 4 4 4 4 4 7 6 6 5 5 4 7 7 10 21 21 34 34 29 57 57 43
 4 4 2 2 2 3 3 3 6 6 8 5 5 1 1 1 1 1 1 2 2 2 4 4 4 4 4 4 4 7 6 6 5 5 4 7 7 10 21 21 34 34 29 57 57 43
 12 12 6 10 10 5 5 5 3 3 2 2 2 1 1 1 1 1 1 3 3 4 5 5 5 5 5 5 5 12 17 17 11 11 9 10 10 12 12 12 29 29 31 44 44 51
 13 13 7 11 11 7 6 6 3 3 2 1 1 1 2 2 2 2 2 2 2 2 2 2 4 4 5 5 5 7 12 12 11 11 11 10 10 11 12 12 30 30 34 37 37 36
 13 13 7 11 11 7 6 6 3 3 2 1 1 1 2 2 2 2 2 2 2 2 2 2 4 4 5 5 5 7 12 12 11 11 11 10 10 11 12 12 30 30 34 37 37 36
 12 12 9 6 6 7 6 6 5 5 4 2 2 1 2 2 2 2 2 1 1 1 1 1 2 2 2 3 3 3 5 5 9 9 11 7 7 9 15 15 17 17 23 25 25 26
 12 12 9 5 5 7 10 10 9 9 9 8 8 2 1 1 2 2 2 1 1 1 1 1 1 1 1 1 1 2 3 3 4 4 5 4 4 6 6 6 8 8 12 21 21 22
 12 12 9 5 5 7 10 10 9 9 9 8 8 2 1 1 2 2 2 1 1 1 1 1 1 1 1 1 1 2 3 3 4 4 5 4 4 6 6 6 8 8 12 21 21 22
 12 12 10 6 6 6 9 9 8 8 12 12 12 5 3 3 2 2 2 2 2 2 0 0 0 0 0 0 0 1 1 1 1 1 1 3 3 5 5 5 7 7 11 11 11 10
 12 12 10 6 6 6 9 9 8 8 12 12 12 5 3 3 2 2 2 2 2 2 0 0 0 0 0 0 0 1 1 1 1 1 1 3 3 5 5 5 7 7 11 11 11 10
 11 11 12 7 7 7 5 5 7 7 9 10 10 8 7 7 5 5 5 6 6 4 1 1 0 0 1 0 0 1 1 1 0 0 1 2 2 3 4 4 6 6 8 8 8 8
 7 7 7 5 5 5 3 3 3 3 5 5 5 6 6 6 5 5 6 6 6 4 3 3 1 1 1 0 0 1 0 0 1 1 1 1 1 3 4 4 6 6 6 5 5 4
 7 7 7 5 5 5 3 3 3 3 5 5 5 6 6 6 5 5 6 6 6 4 3 3 1 1 1 0 0 1 0 0 1 1 1 1 1 3 4 4 6 6 6 5 5 4
 6 6 6 4 4 4 2 2 2 2 3 3 3 3 4 4 3 3 4 4 4 2 2 2 1 1 0 0 0 1 1 1 1 1 2 2 2 2 3 3 6 6 7 4 4 3
 6 6 6 4 4 4 5 5 3 3 3 3 3 2 5 5 6 6 4 2 2 1 1 1 1 1 1 0 0 0 1 1 2 2 3 3 3 2 3 3 4 4 5 4 4 3
 6 6 6 4 4 4 5 5 3 3 3 3 3 2 5 5 6 6 4 2 2 1 1 1 1 1 1 0 0 0 1 1 2 2 3 3 3 2 3 3 4 4 5 4 4 3
 8 8 7 5 5 5 5 5 3 3 3 2 2 5 13 13 16 16 9 7 7 3 2 2 1 1 1 0 0 0 0 0 1 1 2 1 1 1 2 2 2 2 3 2 2 1
 8 8 7 5 5 5 5 5 3 3 3 2 2 5 13 13 16 16 9 7 7 3 2 2 1 1 1 0 0 0 0 0 1 1 2 1 1 1 2 2 2 2 3 2 2 1
 8 8 7 6 6 5 5 5 3 3 3 2 2 1 5 5 8 8 5 3 3 6 9 9 3 3 1 0 0 0 0 0 0 0 0 0 0 0 1 1 1 1 1 1 1 0
 9 9 8 8 8 6 5 5 3 3 2 2 2 0 1 1 2 2 1 1 1 2 2 2 1 1 0 0 0 0 0 0 0 0 0 0 0 0 0 0 0 0 0 0 0 0
 9 9 8 8 8 6 5 5 3 3 2 2 2 0 1 1 2 2 1 1 1 2 2 2 1 1 0 0 0 0 0 0 0 0 0 0 0 0 0 0 0 0 0 0 0 0
 9 9 10 8 8 6 6 6 6 6 4 4 4 2 2 2 2 2 2 4 4 6 3 3 1 1 0 0 0 0 0 0 1 1 1 0 0 0 0 0 1 1 1 1 1 1
 11 11 10 8 8 7 6 6 6 6 4 3 3 3 3 3 4 4 4 9 9 15 10 10 4 4 1 1 1 0 1 1 1 1 1 1 1 1 1 1 1 1 1 1 1 1
 11 11 10 8 8 7 6 6 6 6 4 3 3 3 3 3 4 4 4 9 9 15 10 10 4 4 1 1 1 0 1 1 1 1 1 1 1 1 1 1 1 1 1 1 1 1
 11 11 11 9 9 7 6 6 6 6 4 3 3 4 4 4 4 4 5 6 6 7 7 7 7 7 5 2 2 1 1 1 1 1 1 1 1 1 1 1 1 1 1 1 1 1
 11 11 11 9 9 7 6 6 6 6 4 3 3 4 4 4 4 4 5 6 6 7 7 7 7 7 5 2 2 1 1 1 1 1 1 1 1 1 1 1 1 1 1 1 1 1
 13 13 11 10 10 9 7 7 7 7 5 3 3 4 2 2 3 3 3 4 4 3 3 3 3 3 3 1 1 1 0 0 0 0 1 1 1 1 1 1 1 1 1 1 1 1
 13 13 10 11 11 9 7 7 6 6 5 3 3 4 2 2 2 2 2 3 3 3 2 2 2 2 2 1 1 1 1 1 2 2 2 2 2 2 1 1 3 3 3 3 3 3
 13 13 10 11 11 9 7 7 6 6 5 3 3 4 2 2 2 2 2 3 3 3 2 2 2 2 2 1 1 1 1 1 2 2 2 2 2 2 1 1 3 3 3 3 3 3
 15 15 14 14 14 9 7 7 7 7 7 6 6 5 5 5 4 4 5 6 6 7 7 7 6 6 5 4 4 3 3 3 3 3 3 3 3 3 3 3 6 6 5 4 4 6
 15 15 15 14 14 9 8 8 7 7 8 7 7 7 8 8 6 6 5 7 7 9 10 10 9 9 8 6 6 5 4 4 4 4 4 5 5 4 3 3 5 5 7 7 7 6
 15 15 15 14 14 9 8 8 7 7 8 7 7 7 8 8 6 6 5 7 7 9 10 10 9 9 8 6 6 5 4 4 4 4 4 5 5 4 3 3 5 5 7 7 7 6
 14 14 14 13 13 12 12 12 8 8 7 8 8 8 8 8 8 8 6 7 7 8 8 8 8 8 7 7 7 5 5 5 4 4 5 7 7 8 4 4 4 4 7 9 9 8
 14 14 14 13 13 12 12 12 8 8 7 8 8 8 8 8 8 8 6 7 7 8 8 8 8 8 7 7 7 5 5 5 4 4 5 7 7 8 4 4 4 4 7 9 9 8
 13 13 14 13 13 13 11 11 7 7 9 9 9 10 9 9 7 7 6 8 8 8 6 6 6 6 6 6 6 6 5 5 5 5 5 7 7 7 4 4 3 3 5 4 4 7
 12 12 13 11 11 11 8 8 9 9 8 10 10 11 8 8 6 6 5 5 5 6 5 5 4 4 4 5 5 6 6 6 7 7 7 8 8 9 8 8 5 5 6 5 5 4
 12 12 13 11 11 11 8 8 9 9 8 10 10 11 8 8 6 6 5 5 5 6 5 5 4 4 4 5 5 6 6 6 7 7 7 8 8 9 8 8 5 5 6 5 5 4
 12 12 9 11 11 10 7 7 8 8 7 8 8 9 8 8 7 7 5 5 5 5 5 5 4 4 5 5 5 6 7 7 7 7 9 13 13 14 14 14 11 11 10 7 7 6
 11 11 12 10 10 9 7 7 7 7 7 6 6 8 7 7 7 7 7 7 7 5 5 5 6 6 7 7 7 7 8 8 10 10 11 14 14 14 16 16 14 14 14 13 13 8
 11 11 12 10 10 9 7 7 7 7 7 6 6 8 7 7 7 7 7 7 7 5 5 5 6 6 7 7 7 7 8 8 10 10 11 14 14 14 16 16 14 14 14 13 13 8
 13 13 13 13 13 13 9 9 9 9 5 6 6 6 5 5 6 6 7 6 6 7 5 5 8 8 11 11 11 10 10 10 10 10 11 12 12 11 14 14 16 16 14 12 12 9
 13 13 13 13 13 13 9 9 9 9 5 6 6 6 5 5 6 6 7 6 6 7 5 5 8 8 11 11 11 10 10 10 10 10 11 12 12 11 14 14 16 16 14 12 12 9
 14 14 14 15 15 12 13 13 9 9 7 7 7 7 6 6 6 6 7 6 6 9 6 6 8 8 11 11 11 10 10 10 11 11 12 12 12 11 12 12 15 15 16 14 14 13
 14 14 15 15 15 16 16 16 13 13 13 10 10 9 9 9 9 9 6 4 4 6 4 4 7 7 8 8 8 7 8 8 10 10 12 13 13 13 13 13 15 15 17 17 17 17
 14 14 15 15 15 16 16 16 13 13 13 10 10 9 9 9 9 9 6 4 4 6 4 4 7 7 8 8 8 7 8 8 10 10 12 13 13 13 13 13 15 15 17 17 17 17
 12 12 14 15 15 13 14 14 14 14 16 13 13 14 12 12 12 12 11 8 8 8 6 6 8 8 8 7 7 7 9 9 10 10 12 11 11 11 13 13 16 16 18 19 19 20
 12 12 13 13 13 11 13 13 14 14 17 16 16 16 14 14 13 13 14 13 13 12 11 11 13 13 13 12 12 12 12 12 12 12 13 12 12 9 9 9 12 12 15 13 13 14
 12 12 13 13 13 11 13 13 14 14 17 16 16 16 14 14 13 13 14 13 13 12 11 11 13 13 13 12 12 12 12 12 12 12 13 12 12 9 9 9 12 12 15 13 13 14
 12 12 12 12 12 12 14 14 15 15 14 14 14 14 14 14 14 14 14 14 14 12 12 12 17 17 17 17 17 18 17 17 17 17 21 21 21 16 12 12 12 12 12 9 9 8
 12 12 12 12 12 12 14 14 15 15 14 14 14 14 14 14 14 14 14 14 14 12 12 12 17 17 17 17 17 18 17 17 17 17 21 21 21 16 12 12 12 12 12 9 9 8
 12 12 12 12 12 12 12 12 14 14 13 12 12 13 12 12 13 13 14 15 15 11 13 13 17 17 18 18 18 20 21 21 21 21 23 26 26 24 19 19 19 19 22 25 25 20
 12 12 11 12 12 11 12 12 13 13 13 14 14 9 10 10 11 11 11 11 11 11 12 12 10 10 15 16 16 18 21 21 21 21 22 25 25 25 22 22 24 24 28 32 32 31
 12 12 11 12 12 11 12 12 13 13 13 14 14 9 10 10 11 11 11 11 11 11 12 12 10 10 15 16 16 18 21 21 21 21 22 25 25 25 22 22 24 24 28 32 32 31
 13 13 14 14 14 13 14 14 15 15 15 16 16 8 7 7 8 8 6 6 6 7 8 8 8 8 12 12 12 13 18 18 19 19 19 20 20 20 23 23 30 30 33 27 27 25
 17 17 19 18 18 18 19 19 21 21 22 22 22 17 11 11 11 11 9 9 9 8 7 7 6 6 4 6 6 5 9 9 12 12 14 14 14 14 16 16 26 26 27 19 19 18
 17 17 19 18 18 18 19 19 21 21 22 22 22 17 11 11 11 11 9 9 9 8 7 7 6 6 4 6 6 5 9 9 12 12 14 14 14 14 16 16 26 26 27 19 19 18
 15 15 16 18 18 19 20 20 22 22 24 24 24 22 17 17 16 16 16 17 17 15 12 12 11 11 9 9 9 6 6 6 8 8 10 9 9 6 5 5 15 15 17 12 12 13
 15 15 16 18 18 19 20 20 22 22 24 24 24 22 17 17 16 16 16 17 17 15 12 12 11 11 9 9 9 6 6 6 8 8 10 9 9 6 5 5 15 15 17 12 12 13
 13 13 13 14 14 16 16 16 18 18 20 22 22 18 19 19 19 19 21 23 23 22 21 21 19 19 17 14 14 15 13 13 13 13 14 12 12 7 3 3 5 5 9 9 9 7
 12 12 12 13 13 16 16 16 16 16 17 16 16 14 14 14 19 19 19 21 21 25 27 27 25 25 24 19 19 26 26 26 25 25 27 26 26 20 15 15 15 15 17 13 13 5
 12 12 12 13 13 16 16 16 16 16 17 16 16 14 14 14 19 19 19 21 21 25 27 27 25 25 24 19 19 26 26 26 25 25 27 26 26 20 15 15 15 15 17 13 13 5
 14 14 13 14 14 15 15 15 15 15 16 17 17 12 12 12 15 15 15 16 16 18 21 21 22 22 24 22 22 24 36 36 35 35 40 37 37 35 33 33 33 33 36 30 30 18
 14 14 13 14 14 15 15 15 14 14 14 15 15 11 10 10 10 10 12 14 14 15 15 15 16 16 20 18 18 16 15 15 26 26 39 41 41 39 40 40 40 40 35 37 37 28
 14 14 13 14 14 15 15 15 14 14 14 15 15 11 10 10 10 10 12 14 14 15 15 15 16 16 20 18 18 16 15 15 26 26 39 41 41 39 40 40 40 40 35 37 37 28
 12 12 12 13 13 13 13 13 12 12 13 10 10 9 10 10 8 8 10 11 11 13 13 13 14 14 13 11 11 11 10 10 9 9 20 19 19 17 19 19 23 23 22 25 25 24
 12 12 12 13 13 13 13 13 12 12 13 10 10 9 10 10 8 8 10 11 11 13 13 13 14 14 13 11 11 11 10 10 9 9 20 19 19 17 19 19 23 23 22 25 25 24
 12 12 13 10 10 9 12 12 12 12 12 10 10 7 11 11 9 9 9 8 8 8 10 10 13 13 9 7 7 7 6 6 5 5 8 10 10 8 7 7 8 8 9 12 12 13
 10 10 10 9 9 9 12 12 13 13 11 10 10 9 10 10 7 7 10 8 8 8 8 8 9 9 7 5 5 4 4 4 3 3 4 6 6 9 9 9 11 11 8 6 6 5
 10 10 10 9 9 9 12 12 13 13 11 10 10 9 10 10 7 7 10 8 8 8 8 8 9 9 7 5 5 4 4 4 3 3 4 6 6 9 9 9 11 11 8 6 6 5
 10 10 9 9 9 9 12 12 13 13 12 10 10 10 10 10 9 9 10 7 7 7 6 6 6 6 4 4 4 3 3 3 3 3 2 3 3 10 23 23 23 23 14 7 7 6
 14 14 11 11 11 13 14 14 15 15 12 12 12 11 10 10 13 13 12 11 11 9 7 7 5 5 4 4 4 3 2 2 2 2 1 3 3 10 5 5 4 4 7 3 3 3
