assets/RAT_results_old/precipitation/2022-06-13_IMERG.asc
ncols        46
nrows        77
xllcorner    74.800261325624
yllcorner    8.058333333333
cellsize     0.062500000000
NODATA_value -9999
 1 1 1 0 0 0 2 2 1 1 1 0 0 0 1 1 0 0 0 0 0 0 0 0 0 0 0 0 0 0 0 0 0 0 0 0 0 0 0 0 0 0 0 1 1 1
 1 1 9 9 9 2 2 2 2 2 3 2 2 2 1 1 0 0 0 0 0 0 0 0 0 0 0 0 0 0 0 0 0 0 0 0 0 0 0 0 1 1 0 0 0 0
 1 1 9 9 9 2 2 2 2 2 3 2 2 2 1 1 0 0 0 0 0 0 0 0 0 0 0 0 0 0 0 0 0 0 0 0 0 0 0 0 1 1 0 0 0 0
 17 17 9 9 9 2 1 1 1 1 3 8 8 2 0 0 0 0 0 0 0 0 0 0 0 0 1 0 0 0 0 0 0 0 0 0 0 0 0 0 0 0 0 0 0 0
 12 12 6 6 6 1 1 1 0 0 1 2 2 0 0 0 0 0 0 0 0 0 0 0 0 0 0 0 0 0 0 0 0 0 0 0 0 0 0 0 0 0 0 0 0 0
 12 12 6 6 6 1 1 1 0 0 1 2 2 0 0 0 0 0 0 0 0 0 0 0 0 0 0 0 0 0 0 0 0 0 0 0 0 0 0 0 0 0 0 0 0 0
 11 11 6 5 5 5 0 0 0 0 0 0 0 0 0 0 0 0 0 0 0 0 0 0 0 0 0 0 0 0 0 0 0 0 0 0 0 0 0 0 0 0 0 0 0 0
 11 11 6 5 5 5 0 0 0 0 0 0 0 0 0 0 0 0 0 0 0 0 0 0 0 0 0 0 0 0 0 0 0 0 0 0 0 0 0 0 0 0 0 0 0 0
 0 0 1 6 6 6 0 0 0 0 0 0 0 0 0 0 0 0 0 0 0 0 0 0 0 0 0 0 0 0 0 0 0 0 0 0 0 0 0 0 0 0 0 0 0 0
 0 0 1 4 4 4 0 0 0 0 0 0 0 0 0 0 0 0 0 0 0 0 0 0 0 0 0 0 0 0 0 0 0 0 0 0 0 0 0 0 0 0 0 0 0 0
 0 0 1 4 4 4 0 0 0 0 0 0 0 0 0 0 0 0 0 0 0 0 0 0 0 0 0 0 0 0 0 0 0 0 0 0 0 0 0 0 0 0 0 0 0 0
 0 0 1 3 3 3 2 2 1 1 4 0 0 1 1 1 0 0 0 0 0 1 0 0 0 0 0 0 0 0 0 0 0 0 0 0 0 0 0 0 0 0 0 0 0 0
 1 1 1 2 2 3 4 4 4 4 4 4 4 0 0 0 0 0 0 1 1 1 1 1 1 1 0 0 0 0 0 0 0 0 0 0 0 0 0 0 0 0 0 0 0 0
 1 1 1 2 2 3 4 4 4 4 4 4 4 0 0 0 0 0 0 1 1 1 1 1 1 1 0 0 0 0 0 0 0 0 0 0 0 0 0 0 0 0 0 0 0 0
 1 1 0 1 1 3 5 5 0 0 1 2 2 2 2 2 1 1 0 1 1 1 1 1 1 1 0 0 0 0 0 0 0 0 0 0 0 0 0 0 0 0 0 0 0 0
 1 1 0 1 1 3 5 5 0 0 1 2 2 2 2 2 1 1 0 1 1 1 1 1 1 1 0 0 0 0 0 0 0 0 0 0 0 0 0 0 0 0 0 0 0 0
 5 5 0 1 1 3 3 3 1 1 1 2 2 2 1 1 2 2 0 0 0 1 1 1 0 0 0 0 0 0 0 0 0 0 0 0 0 0 0 0 0 0 0 0 0 0
 27 27 10 5 5 3 3 3 0 0 0 1 1 0 0 0 0 0 0 0 0 0 0 0 0 0 0 0 0 0 0 0 0 0 0 0 0 0 0 0 0 0 0 0 0 0
 27 27 10 5 5 3 3 3 0 0 0 1 1 0 0 0 0 0 0 0 0 0 0 0 0 0 0 0 0 0 0 0 0 0 0 0 0 0 0 0 0 0 0 0 0 0
 27 27 10 9 9 8 4 4 3 3 1 2 2 1 1 1 0 0 0 0 0 0 0 0 0 0 0 0 0 0 0 0 0 0 0 0 0 0 0 0 0 0 0 0 0 0
 37 37 32 28 28 25 5 5 5 5 0 0 0 2 4 4 0 0 0 0 0 0 0 0 0 0 0 0 0 0 0 0 0 0 0 0 0 0 0 0 0 0 0 0 0 0
 37 37 32 28 28 25 5 5 5 5 0 0 0 2 4 4 0 0 0 0 0 0 0 0 0 0 0 0 0 0 0 0 0 0 0 0 0 0 0 0 0 0 0 0 0 0
 27 27 24 14 14 6 5 5 5 5 4 5 5 4 4 4 0 0 0 0 0 0 0 0 0 0 0 0 0 3 3 3 0 0 0 0 0 0 0 0 0 0 0 0 0 0
 27 27 24 14 14 6 5 5 5 5 4 5 5 4 4 4 0 0 0 0 0 0 0 0 0 0 0 0 0 3 3 3 0 0 0 0 0 0 0 0 0 0 0 0 0 0
 38 38 36 26 26 14 11 11 10 10 4 6 6 5 0 0 0 0 0 0 0 0 0 0 0 0 0 0 0 0 0 0 1 1 1 0 0 0 0 0 0 0 0 0 0 0
 30 30 27 25 25 13 11 11 12 12 3 4 4 4 0 0 0 0 1 0 0 0 0 0 0 0 1 0 0 1 1 1 5 5 6 1 1 0 0 0 0 0 0 0 0 0
 30 30 27 25 25 13 11 11 12 12 3 4 4 4 0 0 0 0 1 0 0 0 0 0 0 0 1 0 0 1 1 1 5 5 6 1 1 0 0 0 0 0 0 0 0 0
 35 35 33 30 30 19 19 19 11 11 11 11 11 10 1 1 1 1 1 1 1 1 1 1 1 1 1 1 1 0 2 2 6 6 7 1 1 0 0 0 0 0 0 0 0 0
 31 31 31 29 29 25 20 20 17 17 9 11 11 10 8 8 15 15 3 3 3 2 0 0 0 0 0 0 0 0 0 0 1 1 1 0 0 0 0 0 0 0 0 0 0 0
 31 31 31 29 29 25 20 20 17 17 9 11 11 10 8 8 15 15 3 3 3 2 0 0 0 0 0 0 0 0 0 0 1 1 1 0 0 0 0 0 0 0 0 0 0 0
 29 29 27 28 28 26 25 25 25 25 28 29 29 31 31 31 16 16 17 2 2 2 0 0 0 0 0 0 0 0 0 0 0 0 0 0 0 0 0 0 0 0 0 0 0 0
 29 29 27 28 28 26 25 25 25 25 28 29 29 31 31 31 16 16 17 2 2 2 0 0 0 0 0 0 0 0 0 0 0 0 0 0 0 0 0 0 0 0 0 0 0 0
 29 29 31 52 52 55 51 51 26 26 27 29 29 31 31 31 24 24 17 17 17 12 9 9 5 5 1 0 0 0 0 0 0 0 0 0 0 0 0 0 0 0 0 0 0 0
 34 34 50 46 46 51 22 22 27 27 27 31 31 32 32 32 17 17 21 21 21 15 9 9 5 5 5 5 5 0 0 0 0 0 0 0 0 0 0 0 0 0 0 0 0 0
 34 34 50 46 46 51 22 22 27 27 27 31 31 32 32 32 17 17 21 21 21 15 9 9 5 5 5 5 5 0 0 0 0 0 0 0 0 0 0 0 0 0 0 0 0 0
 40 40 40 39 39 17 17 17 15 15 15 17 17 17 30 30 15 15 21 17 17 14 14 14 10 10 10 0 0 0 0 0 0 0 0 0 0 0 0 0 0 0 0 0 0 0
 35 35 33 26 26 6 6 6 10 10 15 16 16 17 16 16 15 15 16 23 23 21 21 21 18 18 18 0 0 0 0 0 0 0 0 0 0 0 0 0 0 0 0 0 0 0
 35 35 33 26 26 6 6 6 10 10 15 16 16 17 16 16 15 15 16 23 23 21 21 21 18 18 18 0 0 0 0 0 0 0 0 0 0 0 0 0 0 0 0 0 0 0
 14 14 6 7 7 7 7 7 7 7 6 7 7 7 13 13 15 15 16 22 22 20 18 18 19 19 19 11 11 12 0 0 0 0 0 0 0 0 0 0 0 0 0 0 0 0
 14 14 6 7 7 7 7 7 7 7 6 7 7 7 13 13 15 15 16 22 22 20 18 18 19 19 19 11 11 12 0 0 0 0 0 0 0 0 0 0 0 0 0 0 0 0
 11 11 6 4 4 4 5 5 5 5 6 5 5 7 15 15 16 16 16 22 22 23 28 28 29 29 21 25 25 25 4 4 1 1 1 1 1 2 1 1 1 1 1 0 0 0
 7 7 4 2 2 3 3 3 2 2 4 5 5 5 12 12 12 12 15 15 15 19 24 24 30 30 25 29 29 28 7 7 7 7 4 3 3 3 2 2 2 2 1 1 1 0
 7 7 4 2 2 3 3 3 2 2 4 5 5 5 12 12 12 12 15 15 15 19 24 24 30 30 25 29 29 28 7 7 7 7 4 3 3 3 2 2 2 2 1 1 1 0
 8 8 2 2 2 2 2 2 2 2 4 4 4 4 5 5 8 8 8 16 16 20 23 23 24 24 20 21 21 9 9 9 4 4 4 3 3 2 1 1 1 1 0 0 0 0
 4 4 3 1 1 1 0 0 0 0 3 4 4 4 4 4 5 5 6 6 6 5 10 10 11 11 7 6 6 4 6 6 1 1 1 1 1 1 1 1 0 0 0 0 0 0
 4 4 3 1 1 1 0 0 0 0 3 4 4 4 4 4 5 5 6 6 6 5 10 10 11 11 7 6 6 4 6 6 1 1 1 1 1 1 1 1 0 0 0 0 0 0
 0 0 1 1 1 0 1 1 1 1 4 4 4 10 10 10 11 11 8 9 9 7 5 5 8 8 5 4 4 3 2 2 0 0 0 0 0 0 0 0 0 0 0 0 0 0
 0 0 1 1 1 0 1 1 1 1 4 4 4 10 10 10 11 11 8 9 9 7 5 5 8 8 5 4 4 3 2 2 0 0 0 0 0 0 0 0 0 0 0 0 0 0
 0 0 0 0 0 1 1 1 2 2 2 2 2 7 11 11 11 11 8 8 8 6 4 4 1 1 1 1 1 1 1 1 1 1 0 0 0 1 0 0 0 0 0 3 3 4
 0 0 0 0 0 1 2 2 3 3 4 4 4 9 10 10 7 7 7 5 5 4 4 4 3 3 1 0 0 1 1 1 1 1 1 1 1 3 4 4 4 4 3 5 5 7
 0 0 0 0 0 1 2 2 3 3 4 4 4 9 10 10 7 7 7 5 5 4 4 4 3 3 1 0 0 1 1 1 1 1 1 1 1 3 4 4 4 4 3 5 5 7
 1 1 1 1 1 2 3 3 5 5 6 7 7 7 8 8 9 9 9 6 6 4 4 4 3 3 1 1 1 1 2 2 3 3 3 6 6 4 4 4 4 4 6 7 7 10
 4 4 2 2 2 3 5 5 7 7 9 9 9 8 7 7 6 6 7 5 5 4 3 3 2 2 1 2 2 2 2 2 2 2 2 4 4 6 7 7 8 8 8 8 8 11
 4 4 2 2 2 3 5 5 7 7 9 9 9 8 7 7 6 6 7 5 5 4 3 3 2 2 1 2 2 2 2 2 2 2 2 4 4 6 7 7 8 8 8 8 8 11
 1 1 1 2 2 3 5 5 7 7 8 7 7 6 6 6 6 6 5 3 3 3 2 2 1 1 1 2 2 2 3 3 3 3 4 5 5 9 6 6 6 6 5 6 6 10
 1 1 1 2 2 3 5 5 7 7 8 7 7 6 6 6 6 6 5 3 3 3 2 2 1 1 1 2 2 2 3 3 3 3 4 5 5 9 6 6 6 6 5 6 6 10
 1 1 1 1 1 3 3 3 3 3 3 4 4 3 3 3 4 4 5 3 3 2 1 1 0 0 1 2 2 2 2 2 3 3 3 4 4 4 7 7 7 7 4 3 3 5
 1 1 1 2 2 2 2 2 1 1 2 2 2 1 2 2 3 3 5 1 1 1 1 1 1 1 1 1 1 2 2 2 4 4 3 3 3 3 4 4 4 4 2 1 1 1
 1 1 1 2 2 2 2 2 1 1 2 2 2 1 2 2 3 3 5 1 1 1 1 1 1 1 1 1 1 2 2 2 4 4 3 3 3 3 4 4 4 4 2 1 1 1
 1 1 1 2 2 2 1 1 1 1 1 1 1 0 1 1 1 1 2 2 2 2 1 1 1 1 1 1 1 1 1 1 2 2 2 2 2 1 2 2 2 2 1 1 1 1
 2 2 2 3 3 4 4 4 3 3 3 1 1 0 1 1 1 1 2 3 3 4 2 2 0 0 0 0 0 0 0 0 1 1 3 5 5 2 3 3 2 2 1 1 1 2
 2 2 2 3 3 4 4 4 3 3 3 1 1 0 1 1 1 1 2 3 3 4 2 2 0 0 0 0 0 0 0 0 1 1 3 5 5 2 3 3 2 2 1 1 1 2
 4 4 4 5 5 5 8 8 8 8 5 2 2 1 2 2 1 1 2 4 4 6 6 6 2 2 1 0 0 0 0 0 0 0 1 3 3 1 1 1 1 1 1 0 0 0
 4 4 4 5 5 5 8 8 8 8 5 2 2 1 2 2 1 1 2 4 4 6 6 6 2 2 1 0 0 0 0 0 0 0 1 3 3 1 1 1 1 1 1 0 0 0
 12 12 10 11 11 8 9 9 10 10 7 6 6 7 3 3 1 1 2 4 4 4 7 7 4 4 0 1 1 0 0 0 0 0 0 1 1 1 0 0 0 0 0 0 0 0
 15 15 14 12 12 9 9 9 9 9 8 7 7 5 2 2 1 1 2 4 4 4 5 5 4 4 1 0 0 2 0 0 0 0 0 0 0 0 0 0 0 0 0 0 0 0
 15 15 14 12 12 9 9 9 9 9 8 7 7 5 2 2 1 1 2 4 4 4 5 5 4 4 1 0 0 2 0 0 0 0 0 0 0 0 0 0 0 0 0 0 0 0
 12 12 13 11 11 7 9 9 7 7 3 3 3 1 1 1 1 1 2 2 2 1 2 2 1 1 0 0 0 0 1 1 0 0 1 1 1 1 0 0 0 0 0 0 0 0
 5 5 6 5 5 5 6 6 4 4 2 1 1 1 1 1 1 1 1 1 1 1 2 2 1 1 0 0 0 0 1 1 1 1 1 2 2 2 1 1 0 0 0 0 0 0
 5 5 6 5 5 5 6 6 4 4 2 1 1 1 1 1 1 1 1 1 1 1 2 2 1 1 0 0 0 0 1 1 1 1 1 2 2 2 1 1 0 0 0 0 0 0
 3 3 5 5 5 4 4 4 3 3 2 1 1 1 0 0 1 1 0 1 1 1 2 2 0 0 0 1 1 1 1 1 1 1 3 3 3 1 0 0 0 0 0 1 1 0
 3 3 5 5 5 4 4 4 3 3 2 1 1 1 0 0 1 1 0 1 1 1 2 2 0 0 0 1 1 1 1 1 1 1 3 3 3 1 0 0 0 0 0 1 1 0
 3 3 5 5 5 4 3 3 2 2 2 1 1 1 0 0 0 0 0 1 1 1 1 1 0 0 0 1 1 1 0 0 0 0 1 0 0 0 0 0 0 0 0 0 0 0
 2 2 3 2 2 2 2 2 1 1 1 1 1 1 0 0 0 0 1 0 0 0 0 0 0 0 0 0 0 0 0 0 0 0 0 0 0 0 0 0 0 0 0 0 0 0
 2 2 3 2 2 2 2 2 1 1 1 1 1 1 0 0 0 0 1 0 0 0 0 0 0 0 0 0 0 0 0 0 0 0 0 0 0 0 0 0 0 0 0 0 0 0
 1 1 1 1 1 1 1 1 1 1 1 1 1 1 1 1 0 0 0 0 0 0 0 0 0 0 0 0 0 0 0 0 0 0 0 0 0 0 0 0 0 0 0 0 0 0
 1 1 1 0 0 0 1 1 1 1 1 1 1 1 0 0 0 0 0 0 0 0 0 0 0 0 0 0 0 0 0 0 0 0 0 0 0 0 0 0 0 0 0 0 0 0
