assets/RAT_results_old/precipitation/2022-10-16_IMERG.asc
ncols        46
nrows        77
xllcorner    74.800261325624
yllcorner    8.058333333333
cellsize     0.062500000000
NODATA_value -9999
 5 5 5 6 6 3 2 2 1 1 1 1 1 0 1 1 2 2 7 9 9 14 8 8 7 7 9 13 13 30 17 17 11 11 9 3 3 6 12 12 19 19 15 18 18 21
 5 5 6 6 6 7 6 6 4 4 3 1 1 1 3 3 3 3 4 5 5 6 7 7 5 5 4 3 3 20 18 18 30 30 10 9 9 20 21 21 29 29 55 8 8 19
 5 5 6 6 6 7 6 6 4 4 3 1 1 1 3 3 3 3 4 5 5 6 7 7 5 5 4 3 3 20 18 18 30 30 10 9 9 20 21 21 29 29 55 8 8 19
 4 4 5 4 4 4 6 6 6 6 4 2 2 1 3 3 3 3 2 8 8 10 12 12 5 5 2 1 1 11 38 38 44 44 25 24 24 6 34 34 24 24 6 3 3 21
 2 2 4 3 3 2 3 3 7 7 2 1 1 1 1 1 1 1 2 6 6 16 12 12 4 4 1 1 1 5 32 32 30 30 33 37 37 12 11 11 9 9 3 4 4 16
 2 2 4 3 3 2 3 3 7 7 2 1 1 1 1 1 1 1 2 6 6 16 12 12 4 4 1 1 1 5 32 32 30 30 33 37 37 12 11 11 9 9 3 4 4 16
 2 2 1 2 2 2 3 3 2 2 1 0 0 0 1 1 1 1 2 6 6 11 9 9 2 2 1 1 1 3 15 15 29 29 38 35 35 12 8 8 6 6 7 6 6 9
 2 2 1 2 2 2 3 3 2 2 1 0 0 0 1 1 1 1 2 6 6 11 9 9 2 2 1 1 1 3 15 15 29 29 38 35 35 12 8 8 6 6 7 6 6 9
 12 12 10 7 7 2 4 4 3 3 1 0 0 0 1 1 1 1 1 4 4 4 3 3 1 1 1 3 3 4 15 15 18 18 28 21 21 23 11 11 17 17 5 5 5 6
 12 12 9 7 7 1 2 2 2 2 1 0 0 0 1 1 1 1 1 3 3 3 3 3 2 2 1 5 5 5 9 9 14 14 20 23 23 24 10 10 9 9 7 3 3 2
 12 12 9 7 7 1 2 2 2 2 1 0 0 0 1 1 1 1 1 3 3 3 3 3 2 2 1 5 5 5 9 9 14 14 20 23 23 24 10 10 9 9 7 3 3 2
 12 12 12 7 7 6 2 2 2 2 2 1 1 0 0 0 1 1 1 1 1 1 1 1 3 3 3 2 2 5 9 9 14 14 22 26 26 26 21 21 11 11 6 2 2 1
 11 11 10 8 8 6 1 1 1 1 1 0 0 0 0 0 0 0 1 1 1 1 1 1 2 2 2 2 2 4 7 7 11 11 21 27 27 26 26 26 13 13 8 1 1 1
 11 11 10 8 8 6 1 1 1 1 1 0 0 0 0 0 0 0 1 1 1 1 1 1 2 2 2 2 2 4 7 7 11 11 21 27 27 26 26 26 13 13 8 1 1 1
 11 11 11 79 79 12 9 9 0 0 0 0 0 4 5 5 2 2 2 6 6 1 1 1 2 2 2 2 2 5 5 5 14 14 15 21 21 17 19 19 15 15 15 8 8 21
 11 11 11 79 79 12 9 9 0 0 0 0 0 4 5 5 2 2 2 6 6 1 1 1 2 2 2 2 2 5 5 5 14 14 15 21 21 17 19 19 15 15 15 8 8 21
 6 6 32 32 32 12 12 12 0 0 0 0 0 1 6 6 3 3 2 6 6 1 2 2 2 2 4 2 2 7 7 7 12 12 15 21 21 18 20 20 19 19 18 16 16 38
 3 3 32 32 32 13 1 1 1 1 0 0 0 1 1 1 5 5 1 1 1 1 2 2 2 2 3 7 7 9 7 7 9 9 12 13 13 16 20 20 20 20 31 30 30 49
 3 3 32 32 32 13 1 1 1 1 0 0 0 1 1 1 5 5 1 1 1 1 2 2 2 2 3 7 7 9 7 7 9 9 12 13 13 16 20 20 20 20 31 30 30 49
 4 4 8 8 8 8 7 7 6 6 1 0 0 0 1 1 1 1 1 1 1 1 1 1 6 6 2 4 4 4 8 8 8 8 12 14 14 18 16 16 18 18 36 36 36 46
 4 4 5 8 8 7 9 9 7 7 1 1 1 0 0 0 0 0 0 1 1 1 1 1 4 4 5 6 6 3 4 4 7 7 10 14 14 26 53 53 43 43 39 37 37 47
 4 4 5 8 8 7 9 9 7 7 1 1 1 0 0 0 0 0 0 1 1 1 1 1 4 4 5 6 6 3 4 4 7 7 10 14 14 26 53 53 43 43 39 37 37 47
 4 4 5 4 4 3 5 5 5 5 6 2 2 1 0 0 0 0 6 1 1 4 1 1 4 4 4 6 6 3 6 6 9 9 13 15 15 51 54 54 36 36 33 37 37 39
 4 4 5 4 4 3 5 5 5 5 6 2 2 1 0 0 0 0 6 1 1 4 1 1 4 4 4 6 6 3 6 6 9 9 13 15 15 51 54 54 36 36 33 37 37 39
 4 4 3 3 3 4 4 4 5 5 4 1 1 1 0 0 1 1 7 5 5 0 1 1 2 2 2 1 1 5 3 3 9 9 4 9 9 23 29 29 28 28 37 38 38 26
 6 6 5 5 5 5 2 2 3 3 2 1 1 1 0 0 1 1 2 4 4 4 2 2 4 4 2 2 2 3 4 4 2 2 5 8 8 4 20 20 16 16 24 21 21 20
 6 6 5 5 5 5 2 2 3 3 2 1 1 1 0 0 1 1 2 4 4 4 2 2 4 4 2 2 2 3 4 4 2 2 5 8 8 4 20 20 16 16 24 21 21 20
 4 4 7 8 8 14 7 7 3 3 2 3 3 5 0 0 0 0 1 1 1 1 2 2 4 4 4 6 6 10 12 12 5 5 4 5 5 5 11 11 13 13 15 10 10 10
 3 3 9 11 11 19 5 5 3 3 2 2 2 1 1 1 1 1 3 3 3 2 7 7 7 7 9 9 9 13 10 10 6 6 7 4 4 2 1 1 6 6 7 13 13 6
 3 3 9 11 11 19 5 5 3 3 2 2 2 1 1 1 1 1 3 3 3 2 7 7 7 7 9 9 9 13 10 10 6 6 7 4 4 2 1 1 6 6 7 13 13 6
 4 4 8 15 15 19 14 14 4 4 1 1 1 2 4 4 1 1 1 1 1 4 8 8 7 7 9 16 16 10 5 5 3 3 4 3 3 2 2 2 3 3 4 6 6 1
 4 4 8 15 15 19 14 14 4 4 1 1 1 2 4 4 1 1 1 1 1 4 8 8 7 7 9 16 16 10 5 5 3 3 4 3 3 2 2 2 3 3 4 6 6 1
 7 7 12 16 16 16 15 15 9 9 8 3 3 6 6 6 4 4 2 2 2 3 6 6 8 8 13 13 13 5 4 4 4 4 4 4 4 3 2 2 1 1 1 3 3 1
 2 2 2 7 7 9 9 9 11 11 12 6 6 4 2 2 2 2 2 2 2 3 14 14 5 5 8 8 8 4 3 3 4 4 4 4 4 4 4 4 2 2 2 2 2 3
 2 2 2 7 7 9 9 9 11 11 12 6 6 4 2 2 2 2 2 2 2 3 14 14 5 5 8 8 8 4 3 3 4 4 4 4 4 4 4 4 2 2 2 2 2 3
 1 1 2 6 6 7 11 11 15 15 12 9 9 8 6 6 2 2 1 2 2 3 12 12 9 9 9 7 7 4 5 5 7 7 7 4 4 4 6 6 4 4 16 6 6 3
 2 2 7 16 16 8 10 10 11 11 8 8 8 7 5 5 4 4 1 1 1 6 6 6 8 8 8 11 11 5 4 4 9 9 16 45 45 36 28 28 13 13 13 5 5 5
 2 2 7 16 16 8 10 10 11 11 8 8 8 7 5 5 4 4 1 1 1 6 6 6 8 8 8 11 11 5 4 4 9 9 16 45 45 36 28 28 13 13 13 5 5 5
 2 2 6 16 16 11 14 14 13 13 8 6 6 7 7 7 4 4 3 3 3 4 4 4 4 4 8 12 12 14 10 10 16 16 21 48 48 44 27 27 34 34 30 6 6 7
 2 2 6 16 16 11 14 14 13 13 8 6 6 7 7 7 4 4 3 3 3 4 4 4 4 4 8 12 12 14 10 10 16 16 21 48 48 44 27 27 34 34 30 6 6 7
 15 15 17 18 18 11 15 15 12 12 8 7 7 7 8 8 5 5 4 3 3 7 8 8 10 10 10 12 12 13 8 8 13 13 17 46 46 45 32 32 31 31 28 7 7 5
 80 80 19 16 16 9 14 14 13 13 11 10 10 4 6 6 6 6 6 3 3 7 12 12 14 14 21 21 21 22 16 16 15 15 19 15 15 40 38 38 37 37 37 34 34 20
 80 80 19 16 16 9 14 14 13 13 11 10 10 4 6 6 6 6 6 3 3 7 12 12 14 14 21 21 21 22 16 16 15 15 19 15 15 40 38 38 37 37 37 34 34 20
 85 85 20 18 18 18 13 13 10 10 9 7 7 7 9 9 8 8 11 9 9 10 15 15 19 19 21 22 22 39 45 45 18 18 16 18 18 17 38 38 41 41 59 55 55 36
 68 68 22 13 13 12 13 13 11 11 9 9 9 12 12 12 27 27 27 10 10 12 9 9 18 18 24 26 26 42 50 50 21 21 26 34 34 64 64 64 64 64 56 54 54 36
 68 68 22 13 13 12 13 13 11 11 9 9 9 12 12 12 27 27 27 10 10 12 9 9 18 18 24 26 26 42 50 50 21 21 26 34 34 64 64 64 64 64 56 54 54 36
 66 66 21 11 11 12 16 16 16 16 9 9 9 16 11 11 30 30 30 11 11 8 8 8 18 18 15 15 15 21 25 25 22 22 25 34 34 62 48 48 41 41 41 38 38 32
 66 66 21 11 11 12 16 16 16 16 9 9 9 16 11 11 30 30 30 11 11 8 8 8 18 18 15 15 15 21 25 25 22 22 25 34 34 62 48 48 41 41 41 38 38 32
 19 19 19 11 11 14 22 22 23 23 18 13 13 22 10 10 30 30 29 12 12 15 10 10 13 13 13 11 11 8 14 14 25 25 20 41 41 37 42 42 40 40 41 28 28 25
 6 6 17 11 11 15 20 20 18 18 29 21 21 21 14 14 12 12 10 14 14 14 9 9 7 7 12 9 9 14 23 23 17 17 15 35 35 31 33 33 32 32 34 29 29 24
 6 6 17 11 11 15 20 20 18 18 29 21 21 21 14 14 12 12 10 14 14 14 9 9 7 7 12 9 9 14 23 23 17 17 15 35 35 31 33 33 32 32 34 29 29 24
 3 3 6 9 9 9 9 9 8 8 12 23 23 11 15 15 33 33 10 13 13 12 11 11 12 12 19 18 18 17 14 14 8 8 14 31 31 34 36 36 36 36 18 14 14 5
 3 3 6 9 9 7 5 5 3 3 5 11 11 9 34 34 30 30 14 13 13 10 9 9 16 16 12 9 9 6 8 8 13 13 22 23 23 27 32 32 31 31 14 12 12 4
 3 3 6 9 9 7 5 5 3 3 5 11 11 9 34 34 30 30 14 13 13 10 9 9 16 16 12 9 9 6 8 8 13 13 22 23 23 27 32 32 31 31 14 12 12 4
 4 4 6 8 8 4 3 3 2 2 4 5 5 6 20 20 11 11 11 14 14 8 6 6 10 10 7 6 6 7 14 14 14 14 26 26 26 34 15 15 12 12 5 5 5 6
 4 4 6 8 8 4 3 3 2 2 4 5 5 6 20 20 11 11 11 14 14 8 6 6 10 10 7 6 6 7 14 14 14 14 26 26 26 34 15 15 12 12 5 5 5 6
 7 7 7 9 9 10 3 3 3 3 6 4 4 10 19 19 19 19 17 13 13 17 24 24 16 16 11 9 9 7 6 6 8 8 9 14 14 15 15 15 13 13 5 6 6 5
 8 8 6 9 9 8 4 4 4 4 10 9 9 10 17 17 19 19 19 39 39 28 38 38 51 51 31 12 12 6 6 6 10 10 10 5 5 6 5 5 5 5 6 7 7 7
 8 8 6 9 9 8 4 4 4 4 10 9 9 10 17 17 19 19 19 39 39 28 38 38 51 51 31 12 12 6 6 6 10 10 10 5 5 6 5 5 5 5 6 7 7 7
 10 10 8 8 8 5 5 5 5 5 8 10 10 9 15 15 24 24 14 8 8 29 45 45 65 65 33 15 15 17 3 3 6 6 4 5 5 5 5 5 5 5 5 6 6 8
 8 8 10 5 5 6 7 7 8 8 10 7 7 8 9 9 25 25 14 7 7 10 50 50 55 55 65 53 53 36 5 5 3 3 4 8 8 3 5 5 5 5 5 6 6 8
 8 8 10 5 5 6 7 7 8 8 10 7 7 8 9 9 25 25 14 7 7 10 50 50 55 55 65 53 53 36 5 5 3 3 4 8 8 3 5 5 5 5 5 6 6 8
 8 8 8 5 5 6 7 7 9 9 8 7 7 9 10 10 12 12 11 5 5 7 25 25 43 43 63 45 45 36 15 15 3 3 3 3 3 3 4 4 5 5 10 5 5 7
 8 8 8 5 5 6 7 7 9 9 8 7 7 9 10 10 12 12 11 5 5 7 25 25 43 43 63 45 45 36 15 15 3 3 3 3 3 3 4 4 5 5 10 5 5 7
 5 5 7 4 4 5 6 6 10 10 17 11 11 12 9 9 7 7 7 6 6 21 22 22 36 36 39 66 66 34 36 36 14 14 4 3 3 3 3 3 11 11 26 31 31 5
 4 4 6 5 5 6 9 9 13 13 16 12 12 15 7 7 7 7 5 3 3 10 41 41 53 53 35 31 31 30 39 39 22 22 8 8 8 7 8 8 10 10 15 12 12 2
 4 4 6 5 5 6 9 9 13 13 16 12 12 15 7 7 7 7 5 3 3 10 41 41 53 53 35 31 31 30 39 39 22 22 8 8 8 7 8 8 10 10 15 12 12 2
 3 3 5 5 5 8 11 11 14 14 6 12 12 13 9 9 12 12 9 14 14 11 20 20 58 58 19 27 27 40 33 33 33 33 8 11 11 5 8 8 2 2 6 1 1 1
 4 4 5 5 5 11 16 16 12 12 7 13 13 9 9 9 12 12 9 15 15 18 26 26 29 29 38 18 18 28 19 19 13 13 13 13 13 5 3 3 7 7 2 0 0 0
 4 4 5 5 5 11 16 16 12 12 7 13 13 9 9 9 12 12 9 15 15 18 26 26 29 29 38 18 18 28 19 19 13 13 13 13 13 5 3 3 7 7 2 0 0 0
 8 8 5 4 4 7 34 34 14 14 15 19 19 11 13 13 15 15 12 14 14 14 20 20 37 37 31 31 31 14 12 12 18 18 15 15 15 16 13 13 11 11 12 0 0 0
 8 8 5 4 4 7 34 34 14 14 15 19 19 11 13 13 15 15 12 14 14 14 20 20 37 37 31 31 31 14 12 12 18 18 15 15 15 16 13 13 11 11 12 0 0 0
 13 13 10 24 24 4 33 33 23 23 15 16 16 16 22 22 14 14 15 20 20 21 17 17 31 31 28 24 24 23 15 15 11 11 22 19 19 14 27 27 11 11 24 4 4 0
 15 15 11 20 20 21 28 28 30 30 13 11 11 13 14 14 9 9 14 19 19 20 16 16 17 17 17 22 22 20 23 23 16 16 14 5 5 8 11 11 12 12 23 10 10 1
 15 15 11 20 20 21 28 28 30 30 13 11 11 13 14 14 9 9 14 19 19 20 16 16 17 17 17 22 22 20 23 23 16 16 14 5 5 8 11 11 12 12 23 10 10 1
 14 14 11 18 18 14 29 29 36 36 13 6 6 7 8 8 7 7 8 15 15 15 13 13 12 12 12 13 13 9 13 13 14 14 7 16 16 23 7 7 4 4 12 10 10 15
 11 11 13 16 16 17 14 14 21 21 14 10 10 7 7 7 12 12 12 14 14 17 15 15 11 11 9 13 13 10 11 11 5 5 7 8 8 4 9 9 2 2 3 6 6 15
