assets/RAT_results_old/precipitation/2022-03-28_IMERG.asc
ncols        46
nrows        77
xllcorner    74.800261325624
yllcorner    8.058333333333
cellsize     0.062500000000
NODATA_value -9999
 0 0 0 0 0 0 0 0 0 0 0 0 0 0 0 0 1 1 0 0 0 0 0 0 0 0 0 0 0 0 0 0 0 0 0 0 0 0 0 0 0 0 0 0 0 0
 3 3 0 0 0 0 0 0 0 0 0 1 1 1 2 2 3 3 3 3 3 2 1 1 0 0 0 6 6 0 0 0 0 0 0 0 0 0 0 0 0 0 0 0 0 0
 3 3 0 0 0 0 0 0 0 0 0 1 1 1 2 2 3 3 3 3 3 2 1 1 0 0 0 6 6 0 0 0 0 0 0 0 0 0 0 0 0 0 0 0 0 0
 3 3 0 0 0 0 1 1 2 2 2 2 2 2 4 4 5 5 5 4 4 3 3 3 3 3 11 7 7 0 0 0 0 0 0 0 0 0 0 0 0 0 0 0 0 0
 1 1 4 2 2 3 3 3 4 4 5 5 5 6 6 6 6 6 6 4 4 3 3 3 3 3 48 48 48 0 0 0 0 0 0 0 0 0 2 2 0 0 0 0 0 0
 1 1 4 2 2 3 3 3 4 4 5 5 5 6 6 6 6 6 6 4 4 3 3 3 3 3 48 48 48 0 0 0 0 0 0 0 0 0 2 2 0 0 0 0 0 0
 1 1 3 5 5 3 3 3 5 5 6 7 7 7 7 7 6 6 6 5 5 3 2 2 26 26 48 48 48 1 0 0 1 1 1 1 1 0 0 0 0 0 0 0 0 0
 1 1 3 5 5 3 3 3 5 5 6 7 7 7 7 7 6 6 6 5 5 3 2 2 26 26 48 48 48 1 0 0 1 1 1 1 1 0 0 0 0 0 0 0 0 0
 1 1 3 3 3 5 4 4 5 5 6 6 6 6 5 5 5 5 5 5 5 3 2 2 1 1 0 0 0 0 0 0 1 1 1 1 1 0 0 0 0 0 0 0 0 0
 0 0 2 2 2 3 2 2 4 4 3 3 3 3 3 3 3 3 3 3 3 2 1 1 1 1 0 0 0 0 0 0 4 4 0 0 0 0 0 0 0 0 0 0 0 0
 0 0 2 2 2 3 2 2 4 4 3 3 3 3 3 3 3 3 3 3 3 2 1 1 1 1 0 0 0 0 0 0 4 4 0 0 0 0 0 0 0 0 0 0 0 0
 0 0 0 2 2 2 0 0 4 4 2 0 0 0 1 1 1 1 1 1 1 2 0 0 0 0 0 0 0 0 0 0 1 1 1 0 0 0 0 0 0 0 0 0 0 0
 0 0 0 2 2 0 1 1 4 4 5 1 1 1 2 2 2 2 3 2 2 26 5 5 4 4 0 1 1 1 0 0 2 2 0 0 0 0 0 0 0 0 0 0 0 0
 0 0 0 2 2 0 1 1 4 4 5 1 1 1 2 2 2 2 3 2 2 26 5 5 4 4 0 1 1 1 0 0 2 2 0 0 0 0 0 0 0 0 0 0 0 0
 0 0 0 0 0 0 1 1 6 6 6 2 2 2 11 11 15 15 15 5 5 4 26 26 17 17 19 1 1 1 0 0 0 0 0 0 0 0 0 0 0 0 0 0 0 0
 0 0 0 0 0 0 1 1 6 6 6 2 2 2 11 11 15 15 15 5 5 4 26 26 17 17 19 1 1 1 0 0 0 0 0 0 0 0 0 0 0 0 0 0 0 0
 0 0 0 0 0 0 2 2 4 4 5 0 0 3 10 10 29 29 19 19 19 9 18 18 20 20 1 1 1 1 1 1 0 0 0 0 0 0 0 0 0 0 0 0 0 0
 0 0 0 0 0 0 2 2 0 0 1 1 1 3 10 10 14 14 25 15 15 11 19 19 3 3 1 1 1 1 1 1 0 0 0 0 0 0 0 0 0 0 0 0 0 0
 0 0 0 0 0 0 2 2 0 0 1 1 1 3 10 10 14 14 25 15 15 11 19 19 3 3 1 1 1 1 1 1 0 0 0 0 0 0 0 0 0 0 0 0 0 0
 0 0 0 0 0 0 2 2 2 2 1 1 1 3 10 10 3 3 7 14 14 1 2 2 1 1 1 1 1 0 0 0 0 0 0 0 0 0 0 0 0 0 0 0 0 0
 0 0 0 0 0 0 0 0 0 0 0 1 1 1 1 1 1 1 2 1 1 1 0 0 0 0 0 0 0 0 0 0 0 0 0 0 0 0 0 0 0 0 0 0 0 0
 0 0 0 0 0 0 0 0 0 0 0 1 1 1 1 1 1 1 2 1 1 1 0 0 0 0 0 0 0 0 0 0 0 0 0 0 0 0 0 0 0 0 0 0 0 0
 0 0 0 0 0 0 0 0 0 0 0 0 0 1 0 0 1 1 2 0 0 0 0 0 0 0 0 0 0 1 1 1 0 0 0 0 0 0 0 0 0 0 0 0 0 0
 0 0 0 0 0 0 0 0 0 0 0 0 0 1 0 0 1 1 2 0 0 0 0 0 0 0 0 0 0 1 1 1 0 0 0 0 0 0 0 0 0 0 0 0 0 0
 0 0 0 0 0 0 0 0 0 0 0 0 0 0 0 0 0 0 0 0 0 0 0 0 0 0 0 0 0 0 0 0 0 0 0 0 0 0 0 0 0 0 0 0 0 0
 0 0 0 0 0 0 0 0 0 0 0 0 0 0 0 0 1 1 0 0 0 0 0 0 0 0 0 0 0 0 0 0 0 0 0 0 0 0 0 0 0 0 0 0 0 0
 0 0 0 0 0 0 0 0 0 0 0 0 0 0 0 0 1 1 0 0 0 0 0 0 0 0 0 0 0 0 0 0 0 0 0 0 0 0 0 0 0 0 0 0 0 0
 1 1 1 0 0 0 0 0 0 0 0 0 0 0 0 0 1 1 0 0 0 0 0 0 0 0 0 0 0 0 0 0 0 0 0 0 0 0 0 0 0 0 0 0 0 0
 1 1 1 0 0 0 0 0 0 0 0 0 0 0 0 0 0 0 0 0 0 0 0 0 0 0 0 0 0 0 0 0 0 0 0 0 0 0 0 0 0 0 0 0 0 0
 1 1 1 0 0 0 0 0 0 0 0 0 0 0 0 0 0 0 0 0 0 0 0 0 0 0 0 0 0 0 0 0 0 0 0 0 0 0 0 0 0 0 0 0 0 0
 2 2 1 1 1 1 0 0 0 0 0 0 0 0 0 0 1 1 1 0 0 0 0 0 0 0 0 0 0 0 0 0 0 0 0 0 0 0 0 0 0 0 0 0 0 0
 2 2 1 1 1 1 0 0 0 0 0 0 0 0 0 0 1 1 1 0 0 0 0 0 0 0 0 0 0 0 0 0 0 0 0 0 0 0 0 0 0 0 0 0 0 0
 1 1 0 1 1 0 0 0 0 0 0 0 0 0 0 0 0 0 1 0 0 0 0 0 0 0 0 0 0 0 0 0 0 0 0 0 0 0 0 0 0 0 0 0 0 0
 1 1 0 0 0 0 0 0 0 0 0 0 0 0 0 0 0 0 1 1 1 2 0 0 0 0 0 0 0 0 0 0 0 0 0 0 0 0 0 0 0 0 0 0 0 0
 1 1 0 0 0 0 0 0 0 0 0 0 0 0 0 0 0 0 1 1 1 2 0 0 0 0 0 0 0 0 0 0 0 0 0 0 0 0 0 0 0 0 0 0 0 0
 1 1 0 0 0 0 0 0 0 0 0 0 0 0 0 0 1 1 3 4 4 5 2 2 0 0 1 0 0 0 0 0 0 0 0 0 0 0 0 0 0 0 0 0 0 0
 1 1 0 0 0 0 0 0 0 0 1 3 3 5 1 1 1 1 3 9 9 4 3 3 5 5 16 3 3 18 0 0 0 0 0 0 0 0 0 0 0 0 0 0 0 0
 1 1 0 0 0 0 0 0 0 0 1 3 3 5 1 1 1 1 3 9 9 4 3 3 5 5 16 3 3 18 0 0 0 0 0 0 0 0 0 0 0 0 0 0 0 0
 1 1 0 1 1 1 3 3 2 2 2 3 3 8 7 7 7 7 4 9 9 7 16 16 8 8 15 42 42 15 3 3 3 3 0 0 0 2 0 0 0 0 0 0 0 0
 1 1 0 1 1 1 3 3 2 2 2 3 3 8 7 7 7 7 4 9 9 7 16 16 8 8 15 42 42 15 3 3 3 3 0 0 0 2 0 0 0 0 0 0 0 0
 1 1 1 2 2 3 3 3 3 3 2 0 0 3 10 10 4 4 25 27 27 29 43 43 20 20 17 16 16 16 18 18 5 5 2 7 7 13 0 0 0 0 1 0 0 0
 2 2 2 3 3 3 1 1 0 0 1 0 0 3 10 10 13 13 11 30 30 32 43 43 11 11 8 21 21 29 17 17 4 4 2 13 13 13 8 8 3 3 0 2 2 0
 2 2 2 3 3 3 1 1 0 0 1 0 0 3 10 10 13 13 11 30 30 32 43 43 11 11 8 21 21 29 17 17 4 4 2 13 13 13 8 8 3 3 0 2 2 0
 3 3 2 2 2 1 1 1 0 0 1 4 4 49 35 35 32 32 13 13 13 33 19 19 11 11 11 49 49 17 19 19 1 1 2 5 5 6 2 2 0 0 0 0 0 0
 5 5 2 17 17 30 30 30 1 1 21 28 28 47 24 24 27 27 15 11 11 14 6 6 6 6 5 22 22 56 17 17 0 0 0 0 0 0 0 0 0 0 0 0 0 0
 5 5 2 17 17 30 30 30 1 1 21 28 28 47 24 24 27 27 15 11 11 14 6 6 6 6 5 22 22 56 17 17 0 0 0 0 0 0 0 0 0 0 0 0 0 0
 6 6 17 19 19 27 30 30 8 8 8 43 43 41 41 41 32 32 4 5 5 14 10 10 6 6 10 22 22 23 18 18 17 17 0 0 0 0 0 0 0 0 0 0 0 0
 6 6 17 19 19 27 30 30 8 8 8 43 43 41 41 41 32 32 4 5 5 14 10 10 6 6 10 22 22 23 18 18 17 17 0 0 0 0 0 0 0 0 0 0 0 0
 6 6 91 112 112 123 113 113 106 106 10 51 51 49 49 49 44 44 35 28 28 56 33 33 46 46 11 63 63 8 12 12 8 8 0 0 0 0 0 0 0 0 0 0 0 0
 25 25 55 89 89 82 73 73 74 74 18 33 33 28 40 40 61 61 66 56 56 52 53 53 58 58 33 36 36 32 22 22 18 18 15 1 1 1 0 0 2 2 1 0 0 0
 25 25 55 89 89 82 73 73 74 74 18 33 33 28 40 40 61 61 66 56 56 52 53 53 58 58 33 36 36 32 22 22 18 18 15 1 1 1 0 0 2 2 1 0 0 0
 28 28 45 62 62 65 71 71 75 75 36 24 24 24 32 32 49 49 57 78 78 58 55 55 57 57 82 58 58 38 27 27 41 41 15 15 15 0 2 2 2 2 1 0 0 0
 24 24 23 21 21 16 29 29 22 22 23 23 23 24 105 105 101 101 61 67 67 61 54 54 83 83 66 24 24 25 81 81 76 76 42 47 47 3 4 4 4 4 2 0 0 0
 24 24 23 21 21 16 29 29 22 22 23 23 23 24 105 105 101 101 61 67 67 61 54 54 83 83 66 24 24 25 81 81 76 76 42 47 47 3 4 4 4 4 2 0 0 0
 7 7 12 17 17 22 29 29 32 32 37 73 73 88 98 98 98 98 57 66 66 66 50 50 70 70 20 14 14 13 44 44 19 19 21 46 46 3 6 6 5 5 3 3 3 2
 7 7 12 17 17 22 29 29 32 32 37 73 73 88 98 98 98 98 57 66 66 66 50 50 70 70 20 14 14 13 44 44 19 19 21 46 46 3 6 6 5 5 3 3 3 2
 84 84 90 25 25 37 38 38 46 46 58 69 69 81 110 110 119 119 54 33 33 22 65 65 71 71 18 10 10 12 11 11 15 15 11 8 8 5 5 5 6 6 6 8 8 7
 112 112 95 36 36 45 52 52 64 64 76 81 81 94 107 107 114 114 29 30 30 9 11 11 25 25 26 11 11 10 11 11 13 13 17 3 3 5 5 5 12 12 11 6 6 0
 112 112 95 36 36 45 52 52 64 64 76 81 81 94 107 107 114 114 29 30 30 9 11 11 25 25 26 11 11 10 11 11 13 13 17 3 3 5 5 5 12 12 11 6 6 0
 101 101 60 67 67 79 47 47 61 61 66 76 76 88 91 91 112 112 115 8 8 9 9 9 23 23 26 7 7 12 15 15 14 14 15 17 17 8 7 7 9 9 8 0 0 0
 66 66 46 49 49 23 23 23 27 27 29 30 30 31 30 30 33 33 17 7 7 1 1 1 1 1 0 2 2 4 9 9 5 5 6 12 12 5 5 5 4 4 0 0 0 0
 66 66 46 49 49 23 23 23 27 27 29 30 30 31 30 30 33 33 17 7 7 1 1 1 1 1 0 2 2 4 9 9 5 5 6 12 12 5 5 5 4 4 0 0 0 0
 43 43 41 36 36 8 7 7 7 7 7 6 6 8 10 10 9 9 8 4 4 1 0 0 0 0 3 8 8 18 47 47 6 6 6 6 6 3 5 5 0 0 0 0 0 0
 43 43 41 36 36 8 7 7 7 7 7 6 6 8 10 10 9 9 8 4 4 1 0 0 0 0 3 8 8 18 47 47 6 6 6 6 6 3 5 5 0 0 0 0 0 0
 32 32 19 4 4 3 2 2 1 1 1 1 1 1 1 1 1 1 1 1 1 1 0 0 0 0 2 9 9 10 18 18 17 17 6 6 6 5 5 5 0 0 0 0 0 0
 17 17 13 6 6 3 2 2 1 1 1 0 0 0 0 0 0 0 0 0 0 0 0 0 0 0 0 5 5 7 1 1 6 6 7 12 12 12 0 0 0 0 0 0 0 0
 17 17 13 6 6 3 2 2 1 1 1 0 0 0 0 0 0 0 0 0 0 0 0 0 0 0 0 5 5 7 1 1 6 6 7 12 12 12 0 0 0 0 0 0 0 0
 21 21 16 8 8 4 3 3 1 1 1 0 0 0 0 0 0 0 0 0 0 0 0 0 1 1 1 1 1 1 4 4 8 8 8 39 39 11 0 0 0 0 0 0 0 0
 40 40 37 30 30 16 6 6 4 4 3 1 1 0 0 0 0 0 0 0 0 0 0 0 1 1 1 1 1 0 0 0 7 7 6 14 14 0 0 0 0 0 1 0 0 0
 40 40 37 30 30 16 6 6 4 4 3 1 1 0 0 0 0 0 0 0 0 0 0 0 1 1 1 1 1 0 0 0 7 7 6 14 14 0 0 0 0 0 1 0 0 0
 21 21 22 17 17 14 3 3 2 2 1 1 1 0 0 0 0 0 0 0 0 0 0 0 0 0 2 0 0 0 0 0 0 0 3 1 1 1 0 0 0 0 0 1 1 0
 21 21 22 17 17 14 3 3 2 2 1 1 1 0 0 0 0 0 0 0 0 0 0 0 0 0 2 0 0 0 0 0 0 0 3 1 1 1 0 0 0 0 0 1 1 0
 20 20 19 15 15 12 5 5 4 4 2 1 1 0 0 0 0 0 0 0 0 0 0 0 1 1 1 0 0 0 0 0 0 0 2 2 2 0 0 0 0 0 0 0 0 0
 6 6 4 3 3 4 3 3 1 1 0 0 0 0 0 0 0 0 0 0 0 0 0 0 0 0 0 0 0 0 0 0 0 0 0 0 0 2 1 1 1 1 0 0 0 0
 6 6 4 3 3 4 3 3 1 1 0 0 0 0 0 0 0 0 0 0 0 0 0 0 0 0 0 0 0 0 0 0 0 0 0 0 0 2 1 1 1 1 0 0 0 0
 3 3 2 1 1 1 0 0 0 0 0 0 0 0 0 0 0 0 0 0 0 0 0 0 0 0 1 1 1 0 0 0 0 0 0 0 0 0 1 1 1 1 1 0 0 0
 1 1 1 0 0 0 0 0 0 0 0 0 0 0 0 0 0 0 0 0 0 0 0 0 0 0 0 0 0 0 0 0 0 0 0 0 0 0 0 0 0 0 1 0 0 0
