assets/RAT_results_old/precipitation/2022-12-04_IMERG.asc
ncols        46
nrows        77
xllcorner    74.800261325624
yllcorner    8.058333333333
cellsize     0.062500000000
NODATA_value -9999
 1 1 1 1 1 1 1 1 1 1 0 0 0 0 0 0 0 0 0 0 0 0 0 0 0 0 0 0 0 0 0 0 0 0 0 0 0 0 0 0 0 0 0 0 0 2
 1 1 1 2 2 2 2 2 1 1 0 0 0 0 0 0 0 0 0 0 0 0 0 0 0 0 0 0 0 0 0 0 0 0 0 0 0 0 0 0 0 0 0 1 1 1
 1 1 1 2 2 2 2 2 1 1 0 0 0 0 0 0 0 0 0 0 0 0 0 0 0 0 0 0 0 0 0 0 0 0 0 0 0 0 0 0 0 0 0 1 1 1
 20 20 5 6 6 2 2 2 1 1 0 0 0 0 0 0 0 0 0 0 0 0 0 0 0 0 0 0 0 0 0 0 0 0 1 0 0 0 0 0 0 0 0 1 1 1
 57 57 17 6 6 4 4 4 2 2 0 0 0 0 0 0 0 0 0 0 0 0 0 0 0 0 0 0 0 0 0 0 0 0 1 1 1 0 0 0 0 0 0 0 0 0
 57 57 17 6 6 4 4 4 2 2 0 0 0 0 0 0 0 0 0 0 0 0 0 0 0 0 0 0 0 0 0 0 0 0 1 1 1 0 0 0 0 0 0 0 0 0
 47 47 15 4 4 6 5 5 3 3 1 0 0 1 1 1 1 1 0 0 0 0 0 0 0 0 0 1 1 0 0 0 0 0 1 0 0 0 0 0 0 0 0 0 0 0
 47 47 15 4 4 6 5 5 3 3 1 0 0 1 1 1 1 1 0 0 0 0 0 0 0 0 0 1 1 0 0 0 0 0 1 0 0 0 0 0 0 0 0 0 0 0
 3 3 3 6 6 8 7 7 4 4 1 1 1 1 1 1 1 1 1 0 0 0 0 0 0 0 0 1 1 0 0 0 1 1 1 0 0 0 0 0 0 0 0 0 0 0
 2 2 3 5 5 8 10 10 5 5 2 1 1 2 2 2 1 1 1 0 0 0 0 0 0 0 0 0 0 0 0 0 1 1 1 0 0 0 0 0 0 0 0 0 0 0
 2 2 3 5 5 8 10 10 5 5 2 1 1 2 2 2 1 1 1 0 0 0 0 0 0 0 0 0 0 0 0 0 1 1 1 0 0 0 0 0 0 0 0 0 0 0
 2 2 2 5 5 5 9 9 6 6 3 2 2 2 2 2 2 2 1 0 0 0 0 0 0 0 0 0 0 0 1 1 1 1 1 1 1 1 1 1 1 1 0 0 0 0
 4 4 3 4 4 3 5 5 5 5 4 2 2 3 3 3 2 2 1 0 0 0 0 0 0 0 0 1 1 1 3 3 3 3 1 1 1 2 2 2 1 1 0 0 0 0
 4 4 3 4 4 3 5 5 5 5 4 2 2 3 3 3 2 2 1 0 0 0 0 0 0 0 0 1 1 1 3 3 3 3 1 1 1 2 2 2 1 1 0 0 0 0
 8 8 7 5 5 2 4 4 4 4 4 3 3 3 3 3 3 3 2 2 2 1 0 0 0 0 0 3 3 3 3 3 5 5 5 4 4 5 5 5 2 2 2 0 0 0
 8 8 7 5 5 2 4 4 4 4 4 3 3 3 3 3 3 3 2 2 2 1 0 0 0 0 0 3 3 3 3 3 5 5 5 4 4 5 5 5 2 2 2 0 0 0
 8 8 6 4 4 21 3 3 4 4 5 5 5 7 6 6 4 4 3 2 2 2 1 1 0 0 0 2 2 8 7 7 9 9 13 15 15 14 8 8 5 5 5 3 3 1
 9 9 5 3 3 21 7 7 7 7 10 8 8 7 7 7 6 6 4 3 3 4 1 1 1 1 0 5 5 8 7 7 9 9 16 18 18 14 10 10 12 12 11 6 6 5
 9 9 5 3 3 21 7 7 7 7 10 8 8 7 7 7 6 6 4 3 3 4 1 1 1 1 0 5 5 8 7 7 9 9 16 18 18 14 10 10 12 12 11 6 6 5
 8 8 8 7 7 3 7 7 7 7 15 21 21 12 10 10 11 11 9 10 10 7 3 3 1 1 1 3 3 9 14 14 18 18 16 18 18 15 15 15 18 18 12 11 11 4
 6 6 9 7 7 4 4 4 12 12 16 21 21 12 20 20 21 21 24 23 23 52 15 15 3 3 2 6 6 4 5 5 5 5 5 9 9 9 13 13 13 13 12 12 12 6
 6 6 9 7 7 4 4 4 12 12 16 21 21 12 20 20 21 21 24 23 23 52 15 15 3 3 2 6 6 4 5 5 5 5 5 9 9 9 13 13 13 13 12 12 12 6
 9 9 6 3 3 4 23 23 35 35 34 14 14 16 21 21 19 19 21 31 31 51 23 23 1 1 1 8 8 17 17 17 18 18 14 13 13 11 10 10 9 9 9 9 9 7
 9 9 6 3 3 4 23 23 35 35 34 14 14 16 21 21 19 19 21 31 31 51 23 23 1 1 1 8 8 17 17 17 18 18 14 13 13 11 10 10 9 9 9 9 9 7
 55 55 74 19 19 13 32 32 35 35 35 15 15 16 17 17 22 22 21 29 29 57 15 15 1 1 1 2 2 16 22 22 28 28 9 6 6 8 10 10 8 8 9 10 10 8
 28 28 73 22 22 29 48 48 35 35 35 10 10 10 16 16 14 14 21 26 26 57 3 3 2 2 1 4 4 5 22 22 16 16 7 6 6 7 10 10 10 10 10 10 10 10
 28 28 73 22 22 29 48 48 35 35 35 10 10 10 16 16 14 14 21 26 26 57 3 3 2 2 1 4 4 5 22 22 16 16 7 6 6 7 10 10 10 10 10 10 10 10
 24 24 31 29 29 29 47 47 54 54 34 12 12 11 12 12 12 12 20 14 14 10 5 5 3 3 1 2 2 14 22 22 17 17 9 9 9 10 13 13 8 8 8 9 9 10
 24 24 31 27 27 50 53 53 54 54 41 12 12 12 38 38 30 30 21 14 14 2 1 1 1 1 1 1 1 23 26 26 15 15 13 10 10 13 11 11 9 9 6 6 6 6
 24 24 31 27 27 50 53 53 54 54 41 12 12 12 38 38 30 30 21 14 14 2 1 1 1 1 1 1 1 23 26 26 15 15 13 10 10 13 11 11 9 9 6 6 6 6
 28 28 28 28 28 56 58 58 58 58 50 55 55 20 38 38 35 35 22 12 12 1 0 0 0 0 0 0 0 11 13 13 9 9 8 13 13 14 12 12 13 13 6 12 12 9
 28 28 28 28 28 56 58 58 58 58 50 55 55 20 38 38 35 35 22 12 12 1 0 0 0 0 0 0 0 11 13 13 9 9 8 13 13 14 12 12 13 13 6 12 12 9
 28 28 40 59 59 59 58 58 58 58 105 65 65 22 19 19 12 12 16 44 44 1 0 0 0 0 0 0 0 1 2 2 4 4 5 12 12 12 13 13 18 18 9 5 5 26
 35 35 40 61 61 51 77 77 109 109 109 60 60 21 19 19 16 16 13 15 15 0 0 0 0 0 0 0 0 1 2 2 5 5 6 10 10 10 20 20 13 13 9 6 6 27
 35 35 40 61 61 51 77 77 109 109 109 60 60 21 19 19 16 16 13 15 15 0 0 0 0 0 0 0 0 1 2 2 5 5 6 10 10 10 20 20 13 13 9 6 6 27
 41 41 42 62 62 51 80 80 141 141 140 57 57 39 36 36 4 4 2 1 1 1 1 1 0 0 0 0 0 1 2 2 4 4 6 13 13 7 13 13 10 10 8 6 6 15
 42 42 42 83 83 82 146 146 138 138 140 56 56 44 31 31 8 8 6 1 1 0 0 0 0 0 0 1 1 1 3 3 4 4 6 7 7 8 6 6 11 11 6 5 5 15
 42 42 42 83 83 82 146 146 138 138 140 56 56 44 31 31 8 8 6 1 1 0 0 0 0 0 0 1 1 1 3 3 4 4 6 7 7 8 6 6 11 11 6 5 5 15
 134 134 136 60 60 83 107 107 108 108 115 38 38 39 31 31 8 8 5 1 1 0 0 0 0 0 1 1 1 1 1 1 2 2 3 6 6 6 7 7 9 9 5 4 4 4
 134 134 136 60 60 83 107 107 108 108 115 38 38 39 31 31 8 8 5 1 1 0 0 0 0 0 1 1 1 1 1 1 2 2 3 6 6 6 7 7 9 9 5 4 4 4
 47 47 88 61 61 85 113 113 109 109 65 59 59 49 37 37 37 37 4 3 3 1 0 0 1 1 0 0 0 1 1 1 1 1 3 8 8 10 9 9 8 8 5 6 6 3
 47 47 87 131 131 66 44 44 69 69 52 58 58 49 105 105 6 6 3 3 3 1 1 1 1 1 1 2 2 1 2 2 2 2 2 7 7 5 31 31 33 33 20 7 7 4
 47 47 87 131 131 66 44 44 69 69 52 58 58 49 105 105 6 6 3 3 3 1 1 1 1 1 1 2 2 1 2 2 2 2 2 7 7 5 31 31 33 33 20 7 7 4
 70 70 126 135 135 67 97 97 39 39 6 59 59 106 106 106 3 3 2 7 7 2 2 2 2 2 2 1 1 1 2 2 1 1 1 4 4 14 31 31 15 15 27 19 19 5
 86 86 95 71 71 96 96 96 39 39 6 59 59 35 35 35 6 6 3 3 3 1 2 2 3 3 3 6 6 2 2 2 1 1 2 2 2 19 23 23 10 10 22 18 18 5
 86 86 95 71 71 96 96 96 39 39 6 59 59 35 35 35 6 6 3 3 3 1 2 2 3 3 3 6 6 2 2 2 1 1 2 2 2 19 23 23 10 10 22 18 18 5
 47 47 58 67 67 91 93 93 24 24 20 39 39 34 34 34 4 4 6 33 33 29 8 8 8 8 7 8 8 3 2 2 3 3 2 1 1 2 5 5 21 21 19 15 15 3
 47 47 58 67 67 91 93 93 24 24 20 39 39 34 34 34 4 4 6 33 33 29 8 8 8 8 7 8 8 3 2 2 3 3 2 1 1 2 5 5 21 21 19 15 15 3
 25 25 32 44 44 56 61 61 23 23 21 5 5 6 7 7 6 6 6 34 34 29 8 8 3 3 5 6 6 4 3 3 3 3 2 2 2 2 5 5 19 19 18 12 12 2
 24 24 34 30 30 34 22 22 7 7 10 7 7 5 3 3 2 2 3 40 40 48 11 11 5 5 5 6 6 10 6 6 3 3 4 2 2 3 2 2 3 3 17 13 13 3
 24 24 34 30 30 34 22 22 7 7 10 7 7 5 3 3 2 2 3 40 40 48 11 11 5 5 5 6 6 10 6 6 3 3 4 2 2 3 2 2 3 3 17 13 13 3
 13 13 13 14 14 17 8 8 7 7 10 5 5 2 2 2 2 2 3 3 3 4 6 6 5 5 4 7 7 10 5 5 2 2 2 2 2 2 2 2 2 2 2 4 4 5
 7 7 9 16 16 13 9 9 9 9 16 3 3 2 2 2 1 1 1 1 1 4 12 12 15 15 13 9 9 14 11 11 9 9 2 3 3 3 2 2 2 2 2 3 3 5
 7 7 9 16 16 13 9 9 9 9 16 3 3 2 2 2 1 1 1 1 1 4 12 12 15 15 13 9 9 14 11 11 9 9 2 3 3 3 2 2 2 2 2 3 3 5
 7 7 10 13 13 14 12 12 12 12 19 5 5 3 2 2 2 2 2 2 2 2 4 4 11 11 5 19 19 27 24 24 11 11 9 13 13 9 5 5 2 2 2 2 2 2
 7 7 10 13 13 14 12 12 12 12 19 5 5 3 2 2 2 2 2 2 2 2 4 4 11 11 5 19 19 27 24 24 11 11 9 13 13 9 5 5 2 2 2 2 2 2
 5 5 6 6 6 5 6 6 22 22 18 5 5 3 2 2 1 1 2 2 2 3 26 26 16 16 10 12 12 14 25 25 19 19 17 10 10 6 9 9 4 4 2 3 3 3
 5 5 5 4 4 3 5 5 19 19 8 3 3 1 2 2 1 1 2 28 28 27 27 27 14 14 12 10 10 16 54 54 25 25 15 10 10 7 10 10 5 5 3 3 3 3
 5 5 5 4 4 3 5 5 19 19 8 3 3 1 2 2 1 1 2 28 28 27 27 27 14 14 12 10 10 16 54 54 25 25 15 10 10 7 10 10 5 5 3 3 3 3
 8 8 9 5 5 3 4 4 20 20 8 1 1 1 3 3 2 2 2 34 34 35 36 36 22 22 29 18 18 11 14 14 16 16 20 15 15 7 8 8 5 5 3 4 4 6
 11 11 10 7 7 5 3 3 4 4 2 2 2 2 3 3 4 4 7 22 22 36 37 37 24 24 18 22 22 16 10 10 9 9 13 12 12 11 16 16 11 11 6 10 10 24
 11 11 10 7 7 5 3 3 4 4 2 2 2 2 3 3 4 4 7 22 22 36 37 37 24 24 18 22 22 16 10 10 9 9 13 12 12 11 16 16 11 11 6 10 10 24
 14 14 25 31 31 20 8 8 9 9 3 3 3 3 3 3 3 3 6 15 15 29 37 37 18 18 19 22 22 24 20 20 13 13 23 21 21 17 20 20 19 19 12 15 15 26
 14 14 25 31 31 20 8 8 9 9 3 3 3 3 3 3 3 3 6 15 15 29 37 37 18 18 19 22 22 24 20 20 13 13 23 21 21 17 20 20 19 19 12 15 15 26
 31 31 32 30 30 20 28 28 27 27 8 7 7 8 6 6 5 5 3 6 6 15 30 30 40 40 32 8 8 27 27 27 20 20 13 21 21 18 35 35 35 35 28 21 21 20
 42 42 44 39 39 56 24 24 73 73 17 6 6 12 7 7 8 8 6 6 6 15 23 23 29 29 34 41 41 40 28 28 26 26 21 26 26 26 26 26 28 28 14 20 20 23
 42 42 44 39 39 56 24 24 73 73 17 6 6 12 7 7 8 8 6 6 6 15 23 23 29 29 34 41 41 40 28 28 26 26 21 26 26 26 26 26 28 28 14 20 20 23
 47 47 49 51 51 55 50 50 59 59 22 7 7 13 19 19 14 14 12 10 10 15 22 22 26 26 33 41 41 30 27 27 24 24 21 27 27 31 36 36 35 35 28 49 49 39
 47 47 48 50 50 52 38 38 48 48 16 10 10 17 22 22 18 18 15 12 12 16 22 22 22 22 20 41 41 25 24 24 16 16 18 30 30 33 41 41 49 49 50 56 56 37
 47 47 48 50 50 52 38 38 48 48 16 10 10 17 22 22 18 18 15 12 12 16 22 22 22 22 20 41 41 25 24 24 16 16 18 30 30 33 41 41 49 49 50 56 56 37
 44 44 43 44 44 42 7 7 41 41 14 11 11 20 26 26 16 16 15 9 9 5 8 8 12 12 10 38 38 45 38 38 35 35 41 47 47 42 43 43 47 47 61 59 59 59
 44 44 43 44 44 42 7 7 41 41 14 11 11 20 26 26 16 16 15 9 9 5 8 8 12 12 10 38 38 45 38 38 35 35 41 47 47 42 43 43 47 47 61 59 59 59
 37 37 35 34 34 38 4 4 6 6 8 6 6 6 21 21 10 10 12 9 9 7 8 8 6 6 28 45 45 47 41 41 40 40 67 49 49 49 50 50 55 55 65 63 63 64
 29 29 20 14 14 8 4 4 4 4 3 3 3 3 4 4 2 2 3 4 4 7 14 14 7 7 42 32 32 86 106 106 109 109 57 43 43 49 50 50 56 56 54 66 66 66
 29 29 20 14 14 8 4 4 4 4 3 3 3 3 4 4 2 2 3 4 4 7 14 14 7 7 42 32 32 86 106 106 109 109 57 43 43 49 50 50 56 56 54 66 66 66
 15 15 11 7 7 6 5 5 3 3 2 2 2 2 1 1 2 2 3 4 4 6 7 7 5 5 47 49 49 112 118 118 117 117 70 56 56 62 66 66 66 66 59 55 55 54
 15 15 13 8 8 10 8 8 5 5 4 3 3 3 1 1 2 2 3 4 4 9 7 7 5 5 24 26 26 90 117 117 126 126 72 114 114 61 47 47 46 46 45 39 39 36
