assets/RAT_results_old/precipitation/2022-06-16_IMERG.asc
ncols        46
nrows        77
xllcorner    74.800261325624
yllcorner    8.058333333333
cellsize     0.062500000000
NODATA_value -9999
 10 10 7 3 3 2 3 3 3 3 2 2 2 2 2 2 3 3 3 4 4 4 13 13 15 15 16 17 17 21 28 28 25 25 25 41 41 36 38 38 39 39 61 46 46 48
 7 7 4 3 3 4 5 5 4 4 4 2 2 2 2 2 2 2 2 4 4 4 14 14 16 16 16 22 22 20 34 34 31 31 32 37 37 32 33 33 53 53 52 52 52 32
 7 7 4 3 3 4 5 5 4 4 4 2 2 2 2 2 2 2 2 4 4 4 14 14 16 16 16 22 22 20 34 34 31 31 32 37 37 32 33 33 53 53 52 52 52 32
 6 6 6 6 6 8 7 7 9 9 7 9 9 3 2 2 2 2 3 4 4 10 16 16 16 16 21 23 23 22 48 48 34 34 32 32 32 35 35 35 49 49 46 52 52 53
 3 3 4 6 6 10 8 8 12 12 13 8 8 6 2 2 2 2 4 4 4 12 15 15 14 14 23 28 28 48 49 49 43 43 39 37 37 27 24 24 49 49 58 55 55 58
 3 3 4 6 6 10 8 8 12 12 13 8 8 6 2 2 2 2 4 4 4 12 15 15 14 14 23 28 28 48 49 49 43 43 39 37 37 27 24 24 49 49 58 55 55 58
 5 5 4 4 4 5 8 8 4 4 5 3 3 2 2 2 4 4 5 6 6 11 16 16 15 15 22 26 26 40 34 34 33 33 34 33 33 22 24 24 27 27 62 72 72 77
 5 5 4 4 4 5 8 8 4 4 5 3 3 2 2 2 4 4 5 6 6 11 16 16 15 15 22 26 26 40 34 34 33 33 34 33 33 22 24 24 27 27 62 72 72 77
 7 7 4 5 5 6 10 10 8 8 5 4 4 3 4 4 5 5 7 8 8 12 10 10 19 19 18 27 27 34 35 35 31 31 32 40 40 34 31 31 27 27 63 51 51 79
 7 7 6 9 9 8 17 17 11 11 11 8 8 6 7 7 8 8 9 8 8 12 10 10 16 16 20 26 26 36 62 62 57 57 50 32 32 30 26 26 23 23 46 45 45 78
 7 7 6 9 9 8 17 17 11 11 11 8 8 6 7 7 8 8 9 8 8 12 10 10 16 16 20 26 26 36 62 62 57 57 50 32 32 30 26 26 23 23 46 45 45 78
 32 32 27 14 14 18 18 18 19 19 17 13 13 12 11 11 11 11 12 15 15 19 16 16 15 15 16 26 26 31 49 49 49 49 48 39 39 25 21 21 22 22 39 51 51 71
 36 36 36 37 37 40 32 32 29 29 28 23 23 17 17 17 16 16 17 18 18 18 17 17 18 18 30 35 35 35 39 39 37 37 33 33 33 14 13 13 14 14 46 51 51 69
 36 36 36 37 37 40 32 32 29 29 28 23 23 17 17 17 16 16 17 18 18 18 17 17 18 18 30 35 35 35 39 39 37 37 33 33 33 14 13 13 14 14 46 51 51 69
 16 16 44 47 47 44 35 35 36 36 44 40 40 32 32 32 32 32 28 22 22 21 27 27 36 36 38 29 29 34 31 31 19 19 17 16 16 13 14 14 21 21 15 33 33 9
 16 16 44 47 47 44 35 35 36 36 44 40 40 32 32 32 32 32 28 22 22 21 27 27 36 36 38 29 29 34 31 31 19 19 17 16 16 13 14 14 21 21 15 33 33 9
 13 13 36 38 38 53 48 48 31 31 29 29 29 22 23 23 20 20 17 14 14 15 26 26 26 26 32 30 30 33 33 33 23 23 23 24 24 17 18 18 23 23 19 35 35 25
 11 11 35 35 35 50 40 40 27 27 31 25 25 16 17 17 15 15 9 9 9 11 16 16 19 19 26 13 13 13 12 12 16 16 16 19 19 12 17 17 17 17 18 26 26 21
 11 11 35 35 35 50 40 40 27 27 31 25 25 16 17 17 15 15 9 9 9 11 16 16 19 19 26 13 13 13 12 12 16 16 16 19 19 12 17 17 17 17 18 26 26 21
 8 8 26 32 32 31 41 41 23 23 28 33 33 16 17 17 15 15 9 12 12 13 14 14 15 15 22 16 16 16 12 12 12 12 11 11 11 12 14 14 15 15 14 11 11 7
 7 7 8 13 13 14 29 29 30 30 36 35 35 29 22 22 22 22 13 17 17 22 25 25 22 22 16 12 12 27 29 29 27 27 13 12 12 9 8 8 9 9 7 5 5 4
 7 7 8 13 13 14 29 29 30 30 36 35 35 29 22 22 22 22 13 17 17 22 25 25 22 22 16 12 12 27 29 29 27 27 13 12 12 9 8 8 9 9 7 5 5 4
 6 6 4 10 10 11 26 26 31 31 32 63 63 43 26 26 33 33 28 19 19 17 14 14 11 11 10 9 9 26 28 28 27 27 12 10 10 9 7 7 6 6 6 6 6 5
 6 6 4 10 10 11 26 26 31 31 32 63 63 43 26 26 33 33 28 19 19 17 14 14 11 11 10 9 9 26 28 28 27 27 12 10 10 9 7 7 6 6 6 6 6 5
 5 5 4 10 10 12 28 28 31 31 30 61 61 33 28 28 30 30 26 14 14 11 11 11 13 13 16 11 11 15 16 16 13 13 11 12 12 9 6 6 5 5 8 11 11 9
 5 5 4 8 8 9 10 10 14 14 18 34 34 30 23 23 21 21 17 12 12 12 12 12 16 16 18 12 12 12 15 15 11 11 10 10 10 8 6 6 6 6 8 10 10 7
 5 5 4 8 8 9 10 10 14 14 18 34 34 30 23 23 21 21 17 12 12 12 12 12 16 16 18 12 12 12 15 15 11 11 10 10 10 8 6 6 6 6 8 10 10 7
 5 5 5 5 5 6 7 7 11 11 14 13 13 16 17 17 20 20 19 14 14 12 11 11 10 10 10 9 9 9 14 14 11 11 9 9 9 8 9 9 11 11 12 10 10 9
 5 5 4 5 5 5 6 6 7 7 7 7 7 10 13 13 16 16 16 11 11 10 11 11 10 10 8 6 6 6 7 7 10 10 9 12 12 11 12 12 9 9 7 5 5 4
 5 5 4 5 5 5 6 6 7 7 7 7 7 10 13 13 16 16 16 11 11 10 11 11 10 10 8 6 6 6 7 7 10 10 9 12 12 11 12 12 9 9 7 5 5 4
 5 5 5 5 5 8 8 8 4 4 5 5 5 6 11 11 19 19 19 15 15 10 11 11 12 12 9 7 7 6 7 7 8 8 9 13 13 10 6 6 5 5 7 10 10 6
 5 5 5 5 5 8 8 8 4 4 5 5 5 6 11 11 19 19 19 15 15 10 11 11 12 12 9 7 7 6 7 7 8 8 9 13 13 10 6 6 5 5 7 10 10 6
 8 8 7 7 7 10 8 8 3 3 4 3 3 5 5 5 16 16 15 18 18 11 12 12 13 13 10 12 12 7 7 7 8 8 12 13 13 9 5 5 5 5 7 6 6 4
 10 10 11 9 9 9 5 5 3 3 2 5 5 5 5 5 14 14 18 18 18 7 7 7 5 5 7 12 12 14 10 10 7 7 8 6 6 7 7 7 6 6 5 6 6 6
 10 10 11 9 9 9 5 5 3 3 2 5 5 5 5 5 14 14 18 18 18 7 7 7 5 5 7 12 12 14 10 10 7 7 8 6 6 7 7 7 6 6 5 6 6 6
 14 14 13 10 10 9 5 5 3 3 3 5 5 14 13 13 15 15 11 11 11 4 4 4 3 3 3 3 3 4 3 3 3 3 5 5 5 8 5 5 5 5 4 11 11 16
 13 13 12 13 13 8 7 7 4 4 4 4 4 4 4 4 5 5 8 8 8 3 4 4 3 3 5 2 2 2 2 2 3 3 5 7 7 15 15 15 15 15 12 12 12 18
 13 13 12 13 13 8 7 7 4 4 4 4 4 4 4 4 5 5 8 8 8 3 4 4 3 3 5 2 2 2 2 2 3 3 5 7 7 15 15 15 15 15 12 12 12 18
 11 11 10 10 10 7 7 7 5 5 7 3 3 4 6 6 5 5 8 10 10 7 8 8 8 8 11 6 6 2 3 3 7 7 11 14 14 16 17 17 16 16 16 18 18 18
 11 11 10 10 10 7 7 7 5 5 7 3 3 4 6 6 5 5 8 10 10 7 8 8 8 8 11 6 6 2 3 3 7 7 11 14 14 16 17 17 16 16 16 18 18 18
 7 7 10 9 9 6 6 6 5 5 7 7 7 8 18 18 14 14 17 15 15 16 19 19 20 20 19 20 20 7 13 13 8 8 9 10 10 19 18 18 16 16 17 18 18 18
 5 5 9 10 10 6 6 6 5 5 5 3 3 12 17 17 23 23 28 31 31 25 25 25 24 24 24 24 24 14 14 14 8 8 10 15 15 17 19 19 16 16 18 20 20 19
 5 5 9 10 10 6 6 6 5 5 5 3 3 12 17 17 23 23 28 31 31 25 25 25 24 24 24 24 24 14 14 14 8 8 10 15 15 17 19 19 16 16 18 20 20 19
 4 4 6 6 6 7 6 6 5 5 4 19 19 12 12 12 31 31 38 33 33 26 25 25 25 25 22 25 25 15 15 15 11 11 12 11 11 16 17 17 13 13 19 12 12 14
 4 4 5 5 5 5 5 5 4 4 3 3 3 4 5 5 18 18 31 30 30 29 22 22 21 21 14 16 16 11 11 11 12 12 13 14 14 18 14 14 12 12 13 11 11 13
 4 4 5 5 5 5 5 5 4 4 3 3 3 4 5 5 18 18 31 30 30 29 22 22 21 21 14 16 16 11 11 11 12 12 13 14 14 18 14 14 12 12 13 11 11 13
 3 3 5 4 4 5 7 7 4 4 4 5 5 7 8 8 19 19 23 13 13 14 13 13 13 13 15 14 14 16 18 18 17 17 19 19 19 21 20 20 19 19 15 12 12 14
 3 3 5 4 4 5 7 7 4 4 4 5 5 7 8 8 19 19 23 13 13 14 13 13 13 13 15 14 14 16 18 18 17 17 19 19 19 21 20 20 19 19 15 12 12 14
 2 2 3 4 4 3 5 5 4 4 4 5 5 8 10 10 11 11 10 10 10 12 12 12 16 16 19 20 20 20 22 22 25 25 25 28 28 24 25 25 25 25 27 21 21 19
 2 2 4 4 4 3 2 2 3 3 4 4 4 6 9 9 10 10 10 11 11 13 14 14 20 20 22 25 25 25 27 27 29 29 27 30 30 25 27 27 27 27 29 23 23 22
 2 2 4 4 4 3 2 2 3 3 4 4 4 6 9 9 10 10 10 11 11 13 14 14 20 20 22 25 25 25 27 27 29 29 27 30 30 25 27 27 27 27 29 23 23 22
 2 2 3 3 3 4 2 2 3 3 3 5 5 5 9 9 10 10 11 11 11 22 23 23 25 25 24 22 22 22 26 26 20 20 22 23 23 22 19 19 16 16 16 15 15 15
 1 1 1 1 1 3 1 1 2 2 5 8 8 9 14 14 13 13 23 21 21 20 21 21 23 23 21 19 19 15 15 15 14 14 15 12 12 10 8 8 10 10 10 6 6 6
 1 1 1 1 1 3 1 1 2 2 5 8 8 9 14 14 13 13 23 21 21 20 21 21 23 23 21 19 19 15 15 15 14 14 15 12 12 10 8 8 10 10 10 6 6 6
 4 4 1 1 1 1 1 1 2 2 5 8 8 9 10 10 8 8 14 14 14 13 15 15 17 17 21 16 16 9 8 8 8 8 8 9 9 9 9 9 6 6 5 3 3 3
 4 4 1 1 1 1 1 1 2 2 5 8 8 9 10 10 8 8 14 14 14 13 15 15 17 17 21 16 16 9 8 8 8 8 8 9 9 9 9 9 6 6 5 3 3 3
 2 2 1 2 2 4 5 5 4 4 5 6 6 7 8 8 13 13 13 17 17 15 11 11 14 14 20 14 14 12 13 13 12 12 13 13 13 14 14 14 11 11 8 5 5 3
 2 2 3 8 8 11 11 11 8 8 7 6 6 11 11 11 15 15 14 15 15 10 12 12 10 10 20 14 14 15 16 16 15 15 16 14 14 14 16 16 16 16 13 7 7 4
 2 2 3 8 8 11 11 11 8 8 7 6 6 11 11 11 15 15 14 15 15 10 12 12 10 10 20 14 14 15 16 16 15 15 16 14 14 14 16 16 16 16 13 7 7 4
 2 2 6 11 11 9 7 7 6 6 7 7 7 10 11 11 14 14 14 12 12 13 12 12 8 8 18 18 18 18 19 19 18 18 16 15 15 14 14 14 13 13 13 11 11 7
 1 1 3 4 4 5 6 6 7 7 7 7 7 7 8 8 9 9 8 9 9 13 14 14 11 11 12 13 13 12 13 13 17 17 17 16 16 14 12 12 11 11 11 7 7 3
 1 1 3 4 4 5 6 6 7 7 7 7 7 7 8 8 9 9 8 9 9 13 14 14 11 11 12 13 13 12 13 13 17 17 17 16 16 14 12 12 11 11 11 7 7 3
 1 1 3 4 4 5 6 6 7 7 6 7 7 7 9 9 10 10 9 11 11 13 13 13 12 12 10 11 11 10 11 11 12 12 13 13 13 12 11 11 10 10 11 8 8 3
 1 1 3 4 4 5 6 6 7 7 6 7 7 7 9 9 10 10 9 11 11 13 13 13 12 12 10 11 11 10 11 11 12 12 13 13 13 12 11 11 10 10 11 8 8 3
 2 2 3 4 4 5 6 6 5 5 6 6 6 8 8 8 9 9 9 8 8 10 11 11 12 12 10 8 8 10 10 10 12 12 14 14 14 13 11 11 10 10 11 8 8 2
 1 1 2 2 2 2 3 3 3 3 3 4 4 5 6 6 6 6 5 5 5 6 8 8 8 8 8 7 7 9 10 10 12 12 13 12 12 11 10 10 8 8 6 3 3 1
 1 1 2 2 2 2 3 3 3 3 3 4 4 5 6 6 6 6 5 5 5 6 8 8 8 8 8 7 7 9 10 10 12 12 13 12 12 11 10 10 8 8 6 3 3 1
 1 1 1 1 1 1 1 1 1 1 2 2 2 2 3 3 3 3 3 4 4 5 5 5 5 5 6 6 6 6 9 9 10 10 10 10 10 11 10 10 9 9 6 4 4 2
 1 1 1 1 1 1 1 1 0 0 0 1 1 1 2 2 3 3 4 4 4 5 7 7 5 5 5 6 6 7 7 7 10 10 9 11 11 14 12 12 11 11 9 8 8 4
 1 1 1 1 1 1 1 1 0 0 0 1 1 1 2 2 3 3 4 4 4 5 7 7 5 5 5 6 6 7 7 7 10 10 9 11 11 14 12 12 11 11 9 8 8 4
 0 0 0 0 0 0 0 0 0 0 0 1 1 2 3 3 4 4 4 4 4 7 12 12 13 13 14 15 15 16 11 11 8 8 9 11 11 12 9 9 8 8 7 10 10 4
 0 0 0 0 0 0 0 0 0 0 0 1 1 2 3 3 4 4 4 4 4 7 12 12 13 13 14 15 15 16 11 11 8 8 9 11 11 12 9 9 8 8 7 10 10 4
 1 1 0 0 0 0 0 0 0 0 1 1 1 2 3 3 3 3 4 4 4 6 6 6 11 11 14 13 13 12 7 7 6 6 7 4 4 5 4 4 4 4 4 5 5 3
 2 2 1 0 0 0 0 0 0 0 1 1 1 1 2 2 2 2 2 2 2 2 3 3 4 4 6 7 7 6 9 9 7 7 3 1 1 1 2 2 2 2 2 2 2 2
 2 2 1 0 0 0 0 0 0 0 1 1 1 1 2 2 2 2 2 2 2 2 3 3 4 4 6 7 7 6 9 9 7 7 3 1 1 1 2 2 2 2 2 2 2 2
 3 3 1 1 1 0 0 0 0 0 0 0 0 1 1 1 1 1 1 2 2 2 1 1 0 0 0 0 0 2 5 5 5 5 1 1 1 1 2 2 1 1 2 3 3 2
 1 1 1 0 0 0 0 0 0 0 0 0 0 0 0 0 0 0 0 1 1 2 2 2 0 0 0 0 0 2 2 2 2 2 0 0 0 0 0 0 0 0 1 1 1 1
