assets/RAT_results_old/precipitation/2022-11-05_IMERG.asc
ncols        46
nrows        77
xllcorner    74.800261325624
yllcorner    8.058333333333
cellsize     0.062500000000
NODATA_value -9999
 1 1 1 0 0 0 0 0 0 0 0 0 0 0 0 0 0 0 0 0 0 0 0 0 0 0 0 0 0 0 0 0 0 0 0 0 0 0 0 0 0 0 0 0 0 0
 1 1 1 0 0 0 0 0 0 0 0 0 0 0 0 0 0 0 0 0 0 0 0 0 0 0 0 0 0 0 0 0 0 0 0 0 0 0 0 0 0 0 0 0 0 0
 1 1 1 0 0 0 0 0 0 0 0 0 0 0 0 0 0 0 0 0 0 0 0 0 0 0 0 0 0 0 0 0 0 0 0 0 0 0 0 0 0 0 0 0 0 0
 1 1 1 1 1 0 0 0 0 0 0 0 0 0 0 0 0 0 0 0 0 0 0 0 0 0 0 0 0 0 0 0 0 0 0 0 0 0 0 0 0 0 0 0 0 0
 4 4 4 4 4 1 1 1 0 0 0 0 0 0 0 0 0 0 0 0 0 0 0 0 0 0 0 0 0 0 0 0 0 0 0 0 0 0 0 0 0 0 0 0 0 0
 4 4 4 4 4 1 1 1 0 0 0 0 0 0 0 0 0 0 0 0 0 0 0 0 0 0 0 0 0 0 0 0 0 0 0 0 0 0 0 0 0 0 0 0 0 0
 5 5 6 9 9 4 2 2 3 3 2 1 1 0 0 0 0 0 0 0 0 0 0 0 0 0 0 0 0 0 0 0 0 0 0 0 0 0 0 0 0 0 0 0 0 0
 5 5 6 9 9 4 2 2 3 3 2 1 1 0 0 0 0 0 0 0 0 0 0 0 0 0 0 0 0 0 0 0 0 0 0 0 0 0 0 0 0 0 0 0 0 0
 3 3 5 10 10 6 4 4 4 4 5 4 4 2 1 1 0 0 0 0 0 0 0 0 0 0 0 0 0 0 0 0 0 0 0 0 0 0 0 0 0 0 0 0 0 0
 1 1 3 11 11 13 10 10 7 7 10 10 10 7 3 3 0 0 0 0 0 0 0 0 0 0 0 0 0 0 0 0 0 0 0 0 0 0 0 0 0 0 0 0 0 0
 1 1 3 11 11 13 10 10 7 7 10 10 10 7 3 3 0 0 0 0 0 0 0 0 0 0 0 0 0 0 0 0 0 0 0 0 0 0 0 0 0 0 0 0 0 0
 1 1 2 8 8 21 17 17 12 12 16 21 21 16 7 7 1 1 0 0 0 0 0 0 0 0 0 0 0 0 0 0 0 0 0 0 0 0 0 0 0 0 0 0 0 0
 1 1 2 4 4 12 13 13 11 11 14 20 20 17 11 11 2 2 0 0 0 0 0 0 0 0 0 0 0 0 0 0 0 0 0 0 0 0 0 0 0 0 0 0 0 0
 1 1 2 4 4 12 13 13 11 11 14 20 20 17 11 11 2 2 0 0 0 0 0 0 0 0 0 0 0 0 0 0 0 0 0 0 0 0 0 0 0 0 0 0 0 0
 0 0 2 5 5 7 4 4 3 3 5 8 8 11 14 14 4 4 0 0 0 0 0 0 0 0 0 0 0 0 0 0 0 0 0 0 0 0 0 0 0 0 0 0 0 0
 0 0 2 5 5 7 4 4 3 3 5 8 8 11 14 14 4 4 0 0 0 0 0 0 0 0 0 0 0 0 0 0 0 0 0 0 0 0 0 0 0 0 0 0 0 0
 1 1 0 1 1 1 1 1 1 1 3 5 5 7 7 7 1 1 0 0 0 0 0 0 0 0 0 0 0 0 0 0 0 0 0 0 0 0 0 0 0 0 0 0 0 0
 1 1 1 1 1 1 2 2 1 1 3 8 8 14 12 12 2 2 0 0 0 0 0 0 0 0 0 0 0 0 0 0 0 0 0 0 0 0 0 0 0 0 1 1 1 0
 1 1 1 1 1 1 2 2 1 1 3 8 8 14 12 12 2 2 0 0 0 0 0 0 0 0 0 0 0 0 0 0 0 0 0 0 0 0 0 0 0 0 1 1 1 0
 1 1 2 1 1 2 2 2 1 1 1 9 9 20 16 16 6 6 2 0 0 0 0 0 0 0 0 0 0 0 0 0 0 0 0 0 0 0 0 0 0 0 3 4 4 1
 1 1 0 0 0 1 1 1 1 1 1 9 9 23 26 26 22 22 11 2 2 0 0 0 2 2 0 0 0 0 0 0 0 0 0 0 0 0 0 0 0 0 1 1 1 0
 1 1 0 0 0 1 1 1 1 1 1 9 9 23 26 26 22 22 11 2 2 0 0 0 2 2 0 0 0 0 0 0 0 0 0 0 0 0 0 0 0 0 1 1 1 0
 1 1 0 0 0 0 0 0 1 1 2 6 6 30 43 43 48 48 38 9 9 4 3 3 4 4 0 0 0 0 0 0 0 0 0 0 0 0 0 0 0 0 0 0 0 0
 1 1 0 0 0 0 0 0 1 1 2 6 6 30 43 43 48 48 38 9 9 4 3 3 4 4 0 0 0 0 0 0 0 0 0 0 0 0 0 0 0 0 0 0 0 0
 1 1 1 1 1 0 1 1 2 2 4 10 10 36 56 56 62 62 54 28 28 6 0 0 0 0 0 0 0 0 0 0 0 0 0 0 0 0 0 0 0 0 0 0 0 0
 1 1 1 1 1 0 1 1 1 1 5 15 15 28 62 62 72 72 69 42 42 10 1 1 0 0 0 0 0 0 0 0 0 0 0 0 0 0 0 0 0 0 0 0 0 0
 1 1 1 1 1 0 1 1 1 1 5 15 15 28 62 62 72 72 69 42 42 10 1 1 0 0 0 0 0 0 0 0 0 0 0 0 0 0 0 0 0 0 0 0 0 0
 1 1 1 0 0 0 0 0 1 1 4 13 13 32 42 42 75 75 73 54 54 20 2 2 0 0 0 0 0 0 0 0 0 0 0 0 0 0 0 0 0 0 3 7 7 10
 0 0 0 0 0 0 1 1 0 0 1 7 7 44 37 37 71 71 75 60 60 27 3 3 0 0 0 0 0 0 0 0 1 1 1 0 0 0 0 0 0 0 0 4 4 2
 0 0 0 0 0 0 1 1 0 0 1 7 7 44 37 37 71 71 75 60 60 27 3 3 0 0 0 0 0 0 0 0 1 1 1 0 0 0 0 0 0 0 0 4 4 2
 0 0 0 0 0 0 0 0 0 0 0 2 2 13 33 33 66 66 66 54 54 25 3 3 0 0 0 0 0 0 0 0 3 3 3 1 1 0 1 1 1 1 0 0 0 0
 0 0 0 0 0 0 0 0 0 0 0 2 2 13 33 33 66 66 66 54 54 25 3 3 0 0 0 0 0 0 0 0 3 3 3 1 1 0 1 1 1 1 0 0 0 0
 0 0 0 0 0 0 0 0 0 0 0 1 1 7 21 21 55 55 60 48 48 19 2 2 0 0 0 0 0 0 0 0 2 2 4 1 1 0 2 2 1 1 0 0 0 0
 0 0 0 0 0 0 0 0 0 0 0 0 0 2 5 5 12 12 23 16 16 6 1 1 0 0 0 0 0 0 0 0 1 1 2 1 1 1 0 0 0 0 0 0 0 0
 0 0 0 0 0 0 0 0 0 0 0 0 0 2 5 5 12 12 23 16 16 6 1 1 0 0 0 0 0 0 0 0 1 1 2 1 1 1 0 0 0 0 0 0 0 0
 1 1 1 0 0 0 0 0 0 0 0 0 0 0 1 1 2 2 4 4 4 2 0 0 0 0 0 0 0 0 0 0 0 0 0 2 2 5 1 1 0 0 0 0 0 0
 1 1 2 2 2 0 0 0 0 0 0 0 0 0 0 0 0 0 1 1 1 1 0 0 0 0 0 0 0 0 0 0 0 0 0 2 2 7 3 3 1 1 0 0 0 1
 1 1 2 2 2 0 0 0 0 0 0 0 0 0 0 0 0 0 1 1 1 1 0 0 0 0 0 0 0 0 0 0 0 0 0 2 2 7 3 3 1 1 0 0 0 1
 1 1 2 3 3 2 1 1 1 1 0 0 0 0 0 0 0 0 1 2 2 2 1 1 0 0 0 0 0 0 0 0 0 0 0 1 1 4 10 10 4 4 0 0 0 1
 1 1 2 3 3 2 1 1 1 1 0 0 0 0 0 0 0 0 1 2 2 2 1 1 0 0 0 0 0 0 0 0 0 0 0 1 1 4 10 10 4 4 0 0 0 1
 3 3 4 4 4 6 7 7 4 4 3 2 2 1 1 1 2 2 2 4 4 5 5 5 8 8 3 2 2 1 3 3 0 0 0 0 0 2 14 14 9 9 1 0 0 0
 7 7 8 6 6 9 7 7 10 10 11 6 6 3 3 3 4 4 5 7 7 15 17 17 16 16 12 8 8 3 5 5 10 10 8 2 2 1 3 3 2 2 1 0 0 0
 7 7 8 6 6 9 7 7 10 10 11 6 6 3 3 3 4 4 5 7 7 15 17 17 16 16 12 8 8 3 5 5 10 10 8 2 2 1 3 3 2 2 1 0 0 0
 7 7 11 10 10 9 16 16 19 19 22 17 17 5 6 6 6 6 10 13 13 30 35 35 36 36 31 19 19 7 7 7 0 0 3 0 0 1 2 2 2 2 0 0 0 0
 9 9 15 13 13 17 16 16 13 13 28 18 18 8 9 9 8 8 14 17 17 25 49 49 47 47 41 29 29 16 5 5 5 5 0 0 0 1 2 2 1 1 1 1 1 0
 9 9 15 13 13 17 16 16 13 13 28 18 18 8 9 9 8 8 14 17 17 25 49 49 47 47 41 29 29 16 5 5 5 5 0 0 0 1 2 2 1 1 1 1 1 0
 6 6 13 25 25 43 45 45 26 26 21 11 11 5 8 8 7 7 11 17 17 28 34 34 57 57 49 36 36 21 10 10 1 1 0 0 0 0 1 1 2 2 3 4 4 3
 6 6 13 25 25 43 45 45 26 26 21 11 11 5 8 8 7 7 11 17 17 28 34 34 57 57 49 36 36 21 10 10 1 1 0 0 0 0 1 1 2 2 3 4 4 3
 5 5 14 22 22 38 42 42 39 39 38 14 14 8 4 4 3 3 4 9 9 20 34 34 64 64 57 40 40 22 7 7 1 1 0 0 0 1 2 2 4 4 6 7 7 7
 3 3 21 42 42 70 51 51 9 9 33 9 9 6 2 2 1 1 1 3 3 9 24 24 58 58 57 43 43 20 5 5 1 1 0 1 1 2 4 4 7 7 7 8 8 10
 3 3 21 42 42 70 51 51 9 9 33 9 9 6 2 2 1 1 1 3 3 9 24 24 58 58 57 43 43 20 5 5 1 1 0 1 1 2 4 4 7 7 7 8 8 10
 3 3 2 21 21 2 3 3 4 4 4 4 4 2 2 2 2 2 1 1 1 3 10 10 31 31 41 28 28 9 3 3 2 2 1 1 1 2 4 4 8 8 8 7 7 9
 3 3 2 3 3 6 6 6 2 2 6 5 5 2 2 2 2 2 0 1 1 3 6 6 14 14 18 13 13 4 2 2 3 3 2 2 2 3 5 5 8 8 11 10 10 10
 3 3 2 3 3 6 6 6 2 2 6 5 5 2 2 2 2 2 0 1 1 3 6 6 14 14 18 13 13 4 2 2 3 3 2 2 2 3 5 5 8 8 11 10 10 10
 4 4 2 2 2 3 3 3 2 2 4 6 6 3 1 1 2 2 1 1 1 3 8 8 20 20 26 19 19 10 4 4 1 1 2 3 3 4 6 6 8 8 11 15 15 11
 4 4 2 2 2 3 3 3 2 2 4 6 6 3 1 1 2 2 1 1 1 3 8 8 20 20 26 19 19 10 4 4 1 1 2 3 3 4 6 6 8 8 11 15 15 11
 5 5 2 2 2 2 2 2 1 1 1 2 2 2 1 1 1 1 1 1 1 3 8 8 24 24 33 31 31 19 8 8 3 3 2 3 3 4 4 4 6 6 8 13 13 11
 5 5 3 2 2 2 2 2 1 1 1 1 1 1 2 2 1 1 1 1 1 3 7 7 13 13 29 32 32 21 9 9 3 3 2 4 4 6 5 5 4 4 4 6 6 9
 5 5 3 2 2 2 2 2 1 1 1 1 1 1 2 2 1 1 1 1 1 3 7 7 13 13 29 32 32 21 9 9 3 3 2 4 4 6 5 5 4 4 4 6 6 9
 10 10 3 3 3 4 6 6 2 2 1 1 1 1 2 2 2 2 1 2 2 3 6 6 8 8 18 30 30 41 26 26 7 7 8 6 6 6 6 6 4 4 3 2 2 2
 15 15 5 3 3 3 3 3 2 2 2 1 1 1 2 2 2 2 5 4 4 5 6 6 6 6 7 21 21 43 45 45 26 26 11 4 4 3 2 2 2 2 2 2 2 1
 15 15 5 3 3 3 3 3 2 2 2 1 1 1 2 2 2 2 5 4 4 5 6 6 6 6 7 21 21 43 45 45 26 26 11 4 4 3 2 2 2 2 2 2 2 1
 14 14 7 4 4 3 2 2 43 43 3 1 1 2 3 3 3 3 5 5 5 6 7 7 7 7 4 18 18 20 20 20 25 25 14 8 8 2 0 0 2 2 3 3 3 1
 14 14 7 4 4 3 2 2 43 43 3 1 1 2 3 3 3 3 5 5 5 6 7 7 7 7 4 18 18 20 20 20 25 25 14 8 8 2 0 0 2 2 3 3 3 1
 13 13 12 10 10 7 2 2 43 43 45 4 4 6 7 7 8 8 6 5 5 8 9 9 7 7 4 2 2 19 18 18 18 18 11 3 3 1 0 0 2 2 1 1 1 1
 8 8 9 5 5 4 3 3 4 4 45 8 8 7 12 12 10 10 9 4 4 9 11 11 8 8 3 2 2 19 7 7 14 14 5 5 5 1 1 1 2 2 1 2 2 2
 8 8 9 5 5 4 3 3 4 4 45 8 8 7 12 12 10 10 9 4 4 9 11 11 8 8 3 2 2 19 7 7 14 14 5 5 5 1 1 1 2 2 1 2 2 2
 6 6 4 4 4 4 4 4 8 8 11 7 7 3 6 6 18 18 10 6 6 7 9 9 6 6 4 2 2 7 7 7 20 20 8 6 6 2 3 3 4 4 3 4 4 5
 3 3 4 3 3 4 8 8 10 10 9 8 8 5 6 6 27 27 7 3 3 3 4 4 4 4 3 3 3 4 5 5 12 12 10 8 8 3 3 3 4 4 6 5 5 7
 3 3 4 3 3 4 8 8 10 10 9 8 8 5 6 6 27 27 7 3 3 3 4 4 4 4 3 3 3 4 5 5 12 12 10 8 8 3 3 3 4 4 6 5 5 7
 3 3 3 2 2 2 11 11 14 14 13 12 12 10 27 27 25 25 10 9 9 2 3 3 4 4 4 8 8 7 5 5 10 10 7 6 6 3 1 1 3 3 5 6 6 8
 3 3 3 2 2 2 11 11 14 14 13 12 12 10 27 27 25 25 10 9 9 2 3 3 4 4 4 8 8 7 5 5 10 10 7 6 6 3 1 1 3 3 5 6 6 8
 2 2 2 2 2 3 7 7 15 15 16 11 11 9 7 7 9 9 7 9 9 4 3 3 7 7 6 8 8 8 13 13 5 5 6 4 4 2 2 2 3 3 5 6 6 9
 3 3 4 2 2 7 8 8 10 10 10 10 10 10 8 8 8 8 10 7 7 5 6 6 7 7 9 12 12 8 13 13 12 12 4 5 5 3 3 3 4 4 7 8 8 11
 3 3 4 2 2 7 8 8 10 10 10 10 10 10 8 8 8 8 10 7 7 5 6 6 7 7 9 12 12 8 13 13 12 12 4 5 5 3 3 3 4 4 7 8 8 11
 4 4 4 3 3 6 8 8 5 5 4 4 4 7 8 8 9 9 9 12 12 11 29 29 26 26 84 76 76 11 13 13 11 11 5 8 8 3 2 2 5 5 7 8 8 10
 3 3 3 3 3 3 6 6 5 5 4 6 6 5 5 5 7 7 15 14 14 89 29 29 27 27 87 74 74 6 7 7 7 7 7 7 7 1 2 2 2 2 5 5 5 6
