assets/RAT_results_old/precipitation/2022-07-16_IMERG.asc
ncols        46
nrows        77
xllcorner    74.800261325624
yllcorner    8.058333333333
cellsize     0.062500000000
NODATA_value -9999
 51 51 30 19 19 17 10 10 10 10 7 6 6 4 3 3 2 2 1 0 0 0 0 0 0 0 1 1 1 1 2 2 2 2 1 1 1 0 1 1 1 1 2 3 3 2
 36 36 37 21 21 29 22 22 5 5 2 4 4 5 5 5 1 1 1 0 0 0 0 0 1 1 2 2 2 3 3 3 2 2 2 1 1 0 1 1 1 1 1 1 1 1
 36 36 37 21 21 29 22 22 5 5 2 4 4 5 5 5 1 1 1 0 0 0 0 0 1 1 2 2 2 3 3 3 2 2 2 1 1 0 1 1 1 1 1 1 1 1
 35 35 30 29 29 29 24 24 13 13 11 9 9 15 15 15 4 4 1 1 1 0 0 0 1 1 2 3 3 3 4 4 3 3 2 1 1 1 1 1 1 1 2 1 1 1
 25 25 22 24 24 21 16 16 8 8 12 13 13 13 12 12 5 5 1 0 0 1 1 1 2 2 2 2 2 3 4 4 3 3 2 1 1 1 1 1 1 1 2 2 2 2
 25 25 22 24 24 21 16 16 8 8 12 13 13 13 12 12 5 5 1 0 0 1 1 1 2 2 2 2 2 3 4 4 3 3 2 1 1 1 1 1 1 1 2 2 2 2
 28 28 13 26 26 22 16 16 15 15 8 11 11 12 7 7 7 7 2 1 1 2 2 2 2 2 2 2 2 3 3 3 3 3 2 2 2 1 2 2 3 3 3 2 2 2
 28 28 13 26 26 22 16 16 15 15 8 11 11 12 7 7 7 7 2 1 1 2 2 2 2 2 2 2 2 3 3 3 3 3 2 2 2 1 2 2 3 3 3 2 2 2
 25 25 22 21 21 19 38 38 20 20 16 22 22 16 12 12 10 10 3 2 2 2 2 2 2 2 2 2 2 3 3 3 3 3 2 2 2 1 2 2 1 1 2 2 2 2
 24 24 30 30 30 45 47 47 23 23 18 19 19 22 21 21 15 15 6 5 5 2 1 1 2 2 2 2 2 3 3 3 3 3 3 1 1 1 1 1 1 1 2 2 2 1
 24 24 30 30 30 45 47 47 23 23 18 19 19 22 21 21 15 15 6 5 5 2 1 1 2 2 2 2 2 3 3 3 3 3 3 1 1 1 1 1 1 1 2 2 2 1
 39 39 43 34 34 51 32 32 23 23 21 11 11 21 19 19 19 19 6 10 10 13 8 8 3 3 3 3 3 4 3 3 2 2 2 1 1 2 1 1 1 1 2 1 1 1
 43 43 36 48 48 49 47 47 25 25 25 12 12 12 15 15 14 14 16 16 16 14 9 9 3 3 3 3 3 2 2 2 1 1 2 3 3 2 1 1 1 1 0 1 1 1
 43 43 36 48 48 49 47 47 25 25 25 12 12 12 15 15 14 14 16 16 16 14 9 9 3 3 3 3 3 2 2 2 1 1 2 3 3 2 1 1 1 1 0 1 1 1
 16 16 10 27 27 54 37 37 31 31 34 25 25 17 17 17 13 13 11 5 5 5 2 2 1 1 2 1 1 1 1 1 1 1 2 3 3 2 4 4 2 2 1 0 0 0
 16 16 10 27 27 54 37 37 31 31 34 25 25 17 17 17 13 13 11 5 5 5 2 2 1 1 2 1 1 1 1 1 1 1 2 3 3 2 4 4 2 2 1 0 0 0
 16 16 10 15 15 42 50 50 36 36 30 27 27 13 15 15 15 15 14 9 9 4 2 2 0 0 2 2 2 1 1 1 2 2 2 5 5 3 2 2 1 1 3 2 2 1
 8 8 10 26 26 37 40 40 46 46 34 27 27 24 17 17 15 15 15 7 7 6 2 2 1 1 1 2 2 1 1 1 2 2 3 5 5 3 2 2 2 2 2 3 3 2
 8 8 10 26 26 37 40 40 46 46 34 27 27 24 17 17 15 15 15 7 7 6 2 2 1 1 1 2 2 1 1 1 2 2 3 5 5 3 2 2 2 2 2 3 3 2
 22 22 34 39 39 54 47 47 54 54 29 38 38 40 24 24 17 17 22 14 14 16 14 14 13 13 6 3 3 1 2 2 2 2 1 1 1 2 1 1 1 1 2 5 5 5
 26 26 35 45 45 52 25 25 31 31 31 45 45 42 37 37 43 43 37 43 43 42 21 21 14 14 6 5 5 4 1 1 1 1 1 1 1 1 2 2 3 3 6 11 11 8
 26 26 35 45 45 52 25 25 31 31 31 45 45 42 37 37 43 43 37 43 43 42 21 21 14 14 6 5 5 4 1 1 1 1 1 1 1 1 2 2 3 3 6 11 11 8
 20 20 24 17 17 21 27 27 23 23 30 51 51 60 72 72 71 71 52 46 46 42 47 47 20 20 9 9 9 2 1 1 2 2 2 2 2 3 3 3 5 5 7 7 7 5
 20 20 24 17 17 21 27 27 23 23 30 51 51 60 72 72 71 71 52 46 46 42 47 47 20 20 9 9 9 2 1 1 2 2 2 2 2 3 3 3 5 5 7 7 7 5
 25 25 27 20 20 23 19 19 18 18 31 59 59 61 63 63 66 66 63 57 57 60 60 60 32 32 10 10 10 3 2 2 4 4 4 2 2 4 3 3 5 5 5 4 4 2
 82 82 78 80 80 26 20 20 22 22 27 45 45 36 42 42 43 43 43 53 53 58 57 57 33 33 22 11 11 2 2 2 1 1 3 5 5 3 3 3 3 3 2 2 2 1
 82 82 78 80 80 26 20 20 22 22 27 45 45 36 42 42 43 43 43 53 53 58 57 57 33 33 22 11 11 2 2 2 1 1 3 5 5 3 3 3 3 3 2 2 2 1
 49 49 87 84 84 18 15 15 15 15 23 25 25 34 24 24 39 39 48 61 61 58 57 57 36 36 30 12 12 3 2 2 1 1 2 3 3 2 2 2 2 2 1 1 1 2
 83 83 29 29 29 12 8 8 18 18 19 27 27 23 23 23 23 23 28 35 35 30 32 32 37 37 36 9 9 4 3 3 1 1 1 1 1 1 1 1 1 1 1 1 1 1
 83 83 29 29 29 12 8 8 18 18 19 27 27 23 23 23 23 23 28 35 35 30 32 32 37 37 36 9 9 4 3 3 1 1 1 1 1 1 1 1 1 1 1 1 1 1
 77 77 30 23 23 12 8 8 6 6 6 7 7 7 9 9 21 21 22 35 35 33 32 32 34 34 35 19 19 18 6 6 3 3 2 1 1 0 1 1 1 1 0 0 0 0
 77 77 30 23 23 12 8 8 6 6 6 7 7 7 9 9 21 21 22 35 35 33 32 32 34 34 35 19 19 18 6 6 3 3 2 1 1 0 1 1 1 1 0 0 0 0
 14 14 8 7 7 8 10 10 8 8 7 7 7 9 13 13 25 25 25 22 22 19 18 18 26 26 32 33 33 23 10 10 5 5 1 0 0 0 0 0 0 0 0 0 0 0
 7 7 6 6 6 8 9 9 9 9 9 10 10 13 22 22 33 33 37 29 29 19 16 16 19 19 20 18 18 15 10 10 8 8 2 2 2 0 0 0 0 0 1 0 0 0
 7 7 6 6 6 8 9 9 9 9 9 10 10 13 22 22 33 33 37 29 29 19 16 16 19 19 20 18 18 15 10 10 8 8 2 2 2 0 0 0 0 0 1 0 0 0
 9 9 8 10 10 12 14 14 12 12 13 14 14 15 18 18 19 19 29 23 23 14 8 8 8 8 6 5 5 6 5 5 4 4 6 2 2 0 0 0 0 0 0 0 0 1
 9 9 10 16 16 17 16 16 15 15 16 16 16 13 9 9 9 9 12 10 10 17 8 8 9 9 3 5 5 5 4 4 4 4 2 0 0 0 0 0 1 1 1 1 1 1
 9 9 10 16 16 17 16 16 15 15 16 16 16 13 9 9 9 9 12 10 10 17 8 8 9 9 3 5 5 5 4 4 4 4 2 0 0 0 0 0 1 1 1 1 1 1
 6 6 7 10 10 11 9 9 8 8 7 6 6 5 4 4 3 3 5 9 9 7 6 6 8 8 8 14 14 12 2 2 1 1 2 1 1 0 1 1 2 2 2 2 2 2
 6 6 7 10 10 11 9 9 8 8 7 6 6 5 4 4 3 3 5 9 9 7 6 6 8 8 8 14 14 12 2 2 1 1 2 1 1 0 1 1 2 2 2 2 2 2
 3 3 2 2 2 2 2 2 3 3 2 1 1 2 2 2 2 2 2 1 1 2 6 6 13 13 14 16 16 1 0 0 1 1 4 1 1 2 3 3 2 2 3 2 2 1
 1 1 2 1 1 0 0 0 1 1 2 1 1 1 1 1 1 1 2 2 2 3 6 6 2 2 2 1 1 0 0 0 0 0 4 2 2 5 3 3 2 2 1 2 2 0
 1 1 2 1 1 0 0 0 1 1 2 1 1 1 1 1 1 1 2 2 2 3 6 6 2 2 2 1 1 0 0 0 0 0 4 2 2 5 3 3 2 2 1 2 2 0
 4 4 1 1 1 1 1 1 1 1 1 1 1 1 2 2 4 4 2 1 1 1 1 1 1 1 1 1 1 1 1 1 1 1 2 3 3 3 1 1 1 1 0 0 0 0
 4 4 2 5 5 5 0 0 0 0 0 1 1 1 1 1 1 1 3 2 2 1 0 0 0 0 0 2 2 4 3 3 4 4 2 4 4 2 0 0 0 0 0 0 0 0
 4 4 2 5 5 5 0 0 0 0 0 1 1 1 1 1 1 1 3 2 2 1 0 0 0 0 0 2 2 4 3 3 4 4 2 4 4 2 0 0 0 0 0 0 0 0
 1 1 1 3 3 3 2 2 1 1 1 3 3 1 2 2 1 1 2 1 1 1 2 2 1 1 2 5 5 11 8 8 7 7 8 5 5 0 0 0 0 0 0 0 0 0
 1 1 1 3 3 3 2 2 1 1 1 3 3 1 2 2 1 1 2 1 1 1 2 2 1 1 2 5 5 11 8 8 7 7 8 5 5 0 0 0 0 0 0 0 0 0
 0 0 0 3 3 3 1 1 1 1 1 1 1 2 2 2 1 1 1 1 1 2 3 3 4 4 5 3 3 6 2 2 3 3 4 2 2 0 0 0 0 0 0 0 0 1
 0 0 0 1 1 2 1 1 1 1 1 1 1 1 2 2 1 1 2 5 5 6 3 3 6 6 6 4 4 3 2 2 1 1 0 0 0 0 0 0 0 0 1 0 0 0
 0 0 0 1 1 2 1 1 1 1 1 1 1 1 2 2 1 1 2 5 5 6 3 3 6 6 6 4 4 3 2 2 1 1 0 0 0 0 0 0 0 0 1 0 0 0
 0 0 0 0 0 0 0 0 0 0 1 1 1 5 4 4 4 4 1 6 6 6 9 9 7 7 4 6 6 3 3 3 7 7 3 0 0 0 0 0 0 0 0 0 0 0
 0 0 1 0 0 0 0 0 0 0 0 1 1 1 4 4 1 1 1 1 1 2 2 2 3 3 2 2 2 2 8 8 6 6 6 0 0 0 0 0 0 0 0 0 0 0
 0 0 1 0 0 0 0 0 0 0 0 1 1 1 4 4 1 1 1 1 1 2 2 2 3 3 2 2 2 2 8 8 6 6 6 0 0 0 0 0 0 0 0 0 0 0
 0 0 1 0 0 0 0 0 0 0 0 0 0 1 1 1 1 1 1 1 1 2 5 5 6 6 4 2 2 5 8 8 1 1 6 0 0 0 0 0 0 0 0 0 0 0
 0 0 1 0 0 0 0 0 0 0 0 0 0 1 1 1 1 1 1 1 1 2 5 5 6 6 4 2 2 5 8 8 1 1 6 0 0 0 0 0 0 0 0 0 0 0
 0 0 0 0 0 0 0 0 0 0 0 0 0 0 0 0 0 0 1 1 1 2 3 3 13 13 6 1 1 1 1 1 0 0 0 0 0 0 0 0 0 0 0 0 0 0
 0 0 0 0 0 0 0 0 0 0 0 0 0 0 0 0 0 0 0 0 0 1 3 3 3 3 0 1 1 1 1 1 0 0 1 0 0 0 1 1 0 0 0 0 0 0
 0 0 0 0 0 0 0 0 0 0 0 0 0 0 0 0 0 0 0 0 0 1 3 3 3 3 0 1 1 1 1 1 0 0 1 0 0 0 1 1 0 0 0 0 0 0
 1 1 0 1 1 1 0 0 0 0 0 0 0 0 0 0 0 0 0 1 1 1 2 2 3 3 1 1 1 0 0 0 0 0 0 1 1 0 1 1 1 1 1 1 1 2
 0 0 0 0 0 0 0 0 0 0 0 0 0 0 1 1 1 1 0 1 1 1 1 1 0 0 0 0 0 0 0 0 1 1 4 1 1 3 3 3 2 2 1 1 1 1
 0 0 0 0 0 0 0 0 0 0 0 0 0 0 1 1 1 1 0 1 1 1 1 1 0 0 0 0 0 0 0 0 1 1 4 1 1 3 3 3 2 2 1 1 1 1
 0 0 0 0 0 0 0 0 0 0 0 0 0 0 0 0 0 0 0 0 0 0 1 1 1 1 1 1 1 2 1 1 1 1 5 3 3 1 1 1 1 1 1 0 0 0
 0 0 0 0 0 0 0 0 0 0 0 0 0 0 0 0 0 0 0 0 0 0 1 1 1 1 1 1 1 2 1 1 1 1 5 3 3 1 1 1 1 1 1 0 0 0
 0 0 0 0 0 0 0 0 0 0 0 0 0 0 0 0 0 0 0 0 0 1 1 1 1 1 1 6 6 9 3 3 1 1 1 3 3 5 1 1 0 0 0 0 0 0
 0 0 0 0 0 0 0 0 0 0 0 0 0 0 0 0 0 0 0 0 0 1 0 0 0 0 0 0 0 0 0 0 0 0 0 0 0 0 0 0 0 0 0 0 0 0
 0 0 0 0 0 0 0 0 0 0 0 0 0 0 0 0 0 0 0 0 0 1 0 0 0 0 0 0 0 0 0 0 0 0 0 0 0 0 0 0 0 0 0 0 0 0
 0 0 0 0 0 1 1 1 1 1 1 0 0 0 0 0 0 0 0 0 0 0 0 0 0 0 0 0 0 0 0 0 0 0 0 0 0 0 0 0 0 0 0 0 0 0
 2 2 2 1 1 1 1 1 1 1 0 0 0 0 0 0 0 0 0 1 1 0 0 0 0 0 0 0 0 0 0 0 0 0 0 0 0 0 0 0 0 0 0 0 0 0
 2 2 2 1 1 1 1 1 1 1 0 0 0 0 0 0 0 0 0 1 1 0 0 0 0 0 0 0 0 0 0 0 0 0 0 0 0 0 0 0 0 0 0 0 0 0
 2 2 2 1 1 1 1 1 1 1 0 0 0 0 0 0 0 0 1 1 1 0 0 0 0 0 0 0 0 0 0 0 0 0 0 0 0 0 0 0 0 0 0 1 1 0
 2 2 2 1 1 1 1 1 1 1 0 0 0 0 0 0 0 0 1 1 1 0 0 0 0 0 0 0 0 0 0 0 0 0 0 0 0 0 0 0 0 0 0 1 1 0
 0 0 2 2 2 3 3 3 2 2 0 0 0 0 0 0 0 0 0 0 0 0 0 0 0 0 1 1 1 1 1 1 0 0 0 0 0 0 0 0 0 0 0 0 0 0
 1 1 3 3 3 25 12 12 3 3 0 0 0 0 0 0 1 1 0 0 0 0 0 0 0 0 2 3 3 1 1 1 0 0 0 0 0 0 0 0 0 0 0 0 0 0
 1 1 3 3 3 25 12 12 3 3 0 0 0 0 0 0 1 1 0 0 0 0 0 0 0 0 2 3 3 1 1 1 0 0 0 0 0 0 0 0 0 0 0 0 0 0
 2 2 4 8 8 51 50 50 3 3 0 0 0 0 0 0 0 0 0 0 0 0 0 0 0 0 0 1 1 0 0 0 0 0 0 0 0 0 0 0 0 0 0 0 0 0
 5 5 5 14 14 66 26 26 3 3 1 0 0 0 0 0 0 0 0 0 0 0 0 0 0 0 0 0 0 0 0 0 0 0 0 0 0 0 0 0 0 0 0 0 0 0
