assets/RAT_results_old/precipitation/2022-08-18_IMERG.asc
ncols        46
nrows        77
xllcorner    74.800261325624
yllcorner    8.058333333333
cellsize     0.062500000000
NODATA_value -9999
 1 1 0 0 0 0 0 0 0 0 0 0 0 0 0 0 0 0 0 0 0 0 0 0 0 0 0 0 0 0 0 0 0 0 0 0 0 0 0 0 0 0 0 0 0 0
 3 3 0 0 0 0 0 0 0 0 0 0 0 0 0 0 0 0 0 0 0 0 0 0 0 0 0 0 0 0 0 0 0 0 0 0 0 0 0 0 0 0 0 0 0 0
 3 3 0 0 0 0 0 0 0 0 0 0 0 0 0 0 0 0 0 0 0 0 0 0 0 0 0 0 0 0 0 0 0 0 0 0 0 0 0 0 0 0 0 0 0 0
 3 3 0 0 0 0 0 0 0 0 0 0 0 0 0 0 0 0 0 0 0 0 0 0 0 0 0 0 0 0 0 0 0 0 0 2 2 2 0 0 0 0 0 0 0 0
 3 3 1 0 0 0 0 0 0 0 0 0 0 0 0 0 0 0 0 0 0 0 0 0 0 0 0 0 0 0 0 0 0 0 2 2 2 3 0 0 0 0 0 0 0 0
 3 3 1 0 0 0 0 0 0 0 0 0 0 0 0 0 0 0 0 0 0 0 0 0 0 0 0 0 0 0 0 0 0 0 2 2 2 3 0 0 0 0 0 0 0 0
 2 2 0 1 1 0 0 0 0 0 0 0 0 0 0 0 0 0 0 0 0 0 0 0 0 0 0 0 0 0 0 0 0 0 0 1 1 1 2 2 1 1 0 0 0 0
 2 2 0 1 1 0 0 0 0 0 0 0 0 0 0 0 0 0 0 0 0 0 0 0 0 0 0 0 0 0 0 0 0 0 0 1 1 1 2 2 1 1 0 0 0 0
 4 4 3 0 0 0 0 0 0 0 0 0 0 0 0 0 0 0 0 0 0 0 0 0 0 0 0 0 0 0 0 0 0 0 0 0 0 1 4 4 2 2 1 1 1 1
 13 13 4 1 1 0 0 0 0 0 0 0 0 0 0 0 0 0 0 0 0 0 0 0 0 0 0 0 0 0 0 0 0 0 0 0 0 0 1 1 0 0 0 1 1 1
 13 13 4 1 1 0 0 0 0 0 0 0 0 0 0 0 0 0 0 0 0 0 0 0 0 0 0 0 0 0 0 0 0 0 0 0 0 0 1 1 0 0 0 1 1 1
 11 11 11 1 1 0 0 0 0 0 0 0 0 0 0 0 0 0 0 0 0 0 0 0 0 0 0 0 0 0 0 0 0 0 0 0 0 0 0 0 0 0 0 1 1 2
 4 4 7 2 2 1 0 0 0 0 0 0 0 0 0 0 0 0 0 0 0 0 0 0 0 0 0 0 0 0 0 0 0 0 0 0 0 0 0 0 0 0 1 1 1 1
 4 4 7 2 2 1 0 0 0 0 0 0 0 0 0 0 0 0 0 0 0 0 0 0 0 0 0 0 0 0 0 0 0 0 0 0 0 0 0 0 0 0 1 1 1 1
 3 3 3 1 1 1 0 0 0 0 0 0 0 0 0 0 0 0 0 0 0 0 0 0 0 0 0 0 0 0 0 0 0 0 0 0 0 0 0 0 1 1 2 3 3 4
 3 3 3 1 1 1 0 0 0 0 0 0 0 0 0 0 0 0 0 0 0 0 0 0 0 0 0 0 0 0 0 0 0 0 0 0 0 0 0 0 1 1 2 3 3 4
 2 2 2 2 2 2 0 0 0 0 0 0 0 0 0 0 0 0 0 0 0 0 0 0 0 0 0 0 0 0 0 0 0 0 0 0 0 0 1 1 1 1 2 2 2 2
 1 1 3 7 7 3 1 1 0 0 0 0 0 0 0 0 0 0 0 0 0 0 0 0 0 0 0 0 0 0 0 0 0 0 0 0 0 0 1 1 1 1 1 1 1 2
 1 1 3 7 7 3 1 1 0 0 0 0 0 0 0 0 0 0 0 0 0 0 0 0 0 0 0 0 0 0 0 0 0 0 0 0 0 0 1 1 1 1 1 1 1 2
 1 1 1 2 2 6 1 1 0 0 0 0 0 0 1 1 0 0 0 0 0 0 0 0 0 0 0 0 0 0 0 0 0 0 0 0 0 0 0 0 0 0 0 1 1 2
 1 1 2 2 2 4 4 4 2 2 2 2 2 2 2 2 2 2 1 1 1 1 1 1 1 1 0 0 0 0 0 0 0 0 0 0 0 0 0 0 0 0 0 1 1 2
 1 1 2 2 2 4 4 4 2 2 2 2 2 2 2 2 2 2 1 1 1 1 1 1 1 1 0 0 0 0 0 0 0 0 0 0 0 0 0 0 0 0 0 1 1 2
 1 1 1 2 2 4 5 5 5 5 4 3 3 3 3 3 4 4 3 2 2 2 2 2 1 1 0 0 0 0 0 0 0 0 0 0 0 0 0 0 0 0 1 2 2 3
 1 1 1 2 2 4 5 5 5 5 4 3 3 3 3 3 4 4 3 2 2 2 2 2 1 1 0 0 0 0 0 0 0 0 0 0 0 0 0 0 0 0 1 2 2 3
 0 0 1 1 1 1 2 2 3 3 3 3 3 3 2 2 3 3 2 1 1 1 2 2 1 1 1 2 2 1 1 1 0 0 0 0 0 0 0 0 0 0 1 2 2 2
 0 0 1 0 0 0 1 1 1 1 1 1 1 1 1 1 1 1 1 1 1 1 1 1 1 1 2 2 2 2 2 2 1 1 0 0 0 0 0 0 1 1 2 2 2 1
 0 0 1 0 0 0 1 1 1 1 1 1 1 1 1 1 1 1 1 1 1 1 1 1 1 1 2 2 2 2 2 2 1 1 0 0 0 0 0 0 1 1 2 2 2 1
 0 0 0 0 0 0 1 1 0 0 0 0 0 0 0 0 1 1 1 1 1 0 1 1 1 1 1 1 1 2 2 2 1 1 2 1 1 1 1 1 1 1 1 1 1 1
 0 0 0 0 0 0 0 0 0 0 0 0 0 0 0 0 1 1 1 1 1 1 1 1 1 1 1 1 1 1 2 2 2 2 1 1 1 1 2 2 2 2 2 2 2 2
 0 0 0 0 0 0 0 0 0 0 0 0 0 0 0 0 1 1 1 1 1 1 1 1 1 1 1 1 1 1 2 2 2 2 1 1 1 1 2 2 2 2 2 2 2 2
 0 0 0 0 0 1 0 0 0 0 0 0 0 0 0 0 1 1 1 2 2 2 2 2 2 2 3 2 2 2 2 2 2 2 2 2 2 2 1 1 1 1 2 2 2 2
 0 0 0 0 0 1 0 0 0 0 0 0 0 0 0 0 1 1 1 2 2 2 2 2 2 2 3 2 2 2 2 2 2 2 2 2 2 2 1 1 1 1 2 2 2 2
 0 0 0 0 0 1 0 0 0 0 0 0 0 0 0 0 0 0 1 2 2 2 2 2 3 3 3 2 2 2 2 2 2 2 2 3 3 2 1 1 1 1 1 1 1 1
 0 0 0 0 0 0 0 0 0 0 0 0 0 0 0 0 0 0 1 2 2 2 2 2 3 3 3 2 2 2 2 2 2 2 3 2 2 2 1 1 2 2 2 3 3 1
 0 0 0 0 0 0 0 0 0 0 0 0 0 0 0 0 0 0 1 2 2 2 2 2 3 3 3 2 2 2 2 2 2 2 3 2 2 2 1 1 2 2 2 3 3 1
 0 0 0 0 0 0 0 0 0 0 0 0 0 0 0 0 0 0 0 1 1 1 1 1 2 2 3 2 2 3 3 3 2 2 2 2 2 2 1 1 1 1 2 3 3 4
 0 0 0 0 0 0 0 0 0 0 0 0 0 0 0 0 0 0 0 1 1 1 1 1 1 1 1 2 2 2 3 3 3 3 2 2 2 2 4 4 4 4 5 6 6 6
 0 0 0 0 0 0 0 0 0 0 0 0 0 0 0 0 0 0 0 1 1 1 1 1 1 1 1 2 2 2 3 3 3 3 2 2 2 2 4 4 4 4 5 6 6 6
 0 0 0 0 0 0 0 0 0 0 0 0 0 0 0 0 0 0 0 0 0 0 1 1 1 1 1 1 1 1 2 2 2 2 2 2 2 1 4 4 4 4 5 5 5 9
 0 0 0 0 0 0 0 0 0 0 0 0 0 0 0 0 0 0 0 0 0 0 1 1 1 1 1 1 1 1 2 2 2 2 2 2 2 1 4 4 4 4 5 5 5 9
 0 0 0 0 0 0 0 0 0 0 0 0 0 0 0 0 0 0 0 1 1 1 1 1 1 1 1 2 2 2 1 1 1 1 1 2 2 2 3 3 2 2 2 2 2 8
 0 0 0 0 0 0 0 0 0 0 0 0 0 0 0 0 1 1 1 1 1 1 2 2 3 3 5 7 7 3 2 2 1 1 3 5 5 3 3 3 5 5 5 3 3 11
 0 0 0 0 0 0 0 0 0 0 0 0 0 0 0 0 1 1 1 1 1 1 2 2 3 3 5 7 7 3 2 2 1 1 3 5 5 3 3 3 5 5 5 3 3 11
 0 0 0 0 0 0 0 0 0 0 0 0 0 1 1 1 1 1 1 1 1 1 2 2 4 4 4 13 13 8 15 15 4 4 3 8 8 8 8 8 8 8 5 4 4 12
 0 0 0 0 0 0 0 0 0 0 0 1 1 2 1 1 1 1 1 1 1 1 2 2 4 4 6 5 5 9 12 12 7 7 4 5 5 8 15 15 8 8 4 5 5 13
 0 0 0 0 0 0 0 0 0 0 0 1 1 2 1 1 1 1 1 1 1 1 2 2 4 4 6 5 5 9 12 12 7 7 4 5 5 8 15 15 8 8 4 5 5 13
 0 0 0 0 0 0 0 0 0 0 0 1 1 1 1 1 1 1 1 1 1 1 2 2 3 3 6 5 5 6 8 8 4 4 6 7 7 9 10 10 10 10 8 9 9 10
 0 0 0 0 0 0 0 0 0 0 0 1 1 1 1 1 1 1 1 1 1 1 2 2 3 3 6 5 5 6 8 8 4 4 6 7 7 9 10 10 10 10 8 9 9 10
 0 0 0 0 0 0 0 0 1 1 1 1 1 1 1 1 1 1 1 1 1 2 2 2 4 4 5 4 4 4 7 7 8 8 10 12 12 16 17 17 18 18 18 13 13 12
 0 0 0 0 0 0 0 0 1 1 1 1 1 2 1 1 1 1 2 2 2 3 3 3 5 5 5 4 4 5 9 9 16 16 18 14 14 17 27 27 29 29 25 23 23 21
 0 0 0 0 0 0 0 0 1 1 1 1 1 2 1 1 1 1 2 2 2 3 3 3 5 5 5 4 4 5 9 9 16 16 18 14 14 17 27 27 29 29 25 23 23 21
 0 0 0 0 0 0 0 0 1 1 1 1 1 2 2 2 2 2 2 3 3 3 3 3 5 5 6 5 5 7 10 10 16 16 20 20 20 26 28 28 32 32 31 36 36 27
 0 0 0 0 0 0 1 1 1 1 1 1 1 2 2 2 2 2 3 4 4 3 3 3 5 5 6 7 7 8 10 10 17 17 22 20 20 19 26 26 32 32 43 39 39 31
 0 0 0 0 0 0 1 1 1 1 1 1 1 2 2 2 2 2 3 4 4 3 3 3 5 5 6 7 7 8 10 10 17 17 22 20 20 19 26 26 32 32 43 39 39 31
 0 0 0 0 0 1 1 1 1 1 1 1 1 2 4 4 4 4 5 6 6 5 5 5 9 9 8 8 8 10 10 10 12 12 16 22 22 21 27 27 27 27 33 29 29 31
 0 0 0 0 0 1 1 1 1 1 1 1 1 2 4 4 4 4 5 6 6 5 5 5 9 9 8 8 8 10 10 10 12 12 16 22 22 21 27 27 27 27 33 29 29 31
 0 0 0 1 1 1 1 1 1 1 1 1 1 3 5 5 6 6 5 4 4 4 4 4 8 8 9 9 9 11 11 11 10 10 13 19 19 24 28 28 26 26 35 24 24 26
 0 0 0 0 0 1 1 1 1 1 1 1 1 2 3 3 5 5 8 6 6 3 4 4 5 5 10 9 9 12 13 13 13 13 16 19 19 25 23 23 21 21 20 20 20 25
 0 0 0 0 0 1 1 1 1 1 1 1 1 2 3 3 5 5 8 6 6 3 4 4 5 5 10 9 9 12 13 13 13 13 16 19 19 25 23 23 21 21 20 20 20 25
 0 0 0 0 0 0 0 0 1 1 1 1 1 1 2 2 3 3 4 6 6 3 4 4 4 4 10 10 10 11 11 11 13 13 16 16 16 19 20 20 19 19 19 18 18 22
 0 0 0 0 0 0 0 0 0 0 0 0 0 0 1 1 3 3 4 4 4 3 3 3 3 3 5 10 10 10 11 11 11 11 13 11 11 12 15 15 20 20 22 23 23 20
 0 0 0 0 0 0 0 0 0 0 0 0 0 0 1 1 3 3 4 4 4 3 3 3 3 3 5 10 10 10 11 11 11 11 13 11 11 12 15 15 20 20 22 23 23 20
 0 0 0 0 0 0 0 0 0 0 0 0 0 0 1 1 3 3 6 3 3 2 3 3 3 3 4 10 10 11 12 12 11 11 11 13 13 13 15 15 17 17 17 17 17 19
 0 0 0 0 0 0 0 0 0 0 0 0 0 0 1 1 3 3 6 3 3 2 3 3 3 3 4 10 10 11 12 12 11 11 11 13 13 13 15 15 17 17 17 17 17 19
 0 0 0 0 0 0 0 0 0 0 0 1 1 1 1 1 2 2 6 4 4 2 3 3 4 4 5 5 5 12 12 12 11 11 12 14 14 16 19 19 17 17 14 13 13 19
 0 0 0 0 0 0 0 0 1 1 2 3 3 3 1 1 1 1 4 3 3 2 3 3 4 4 6 8 8 13 12 12 14 14 13 15 15 15 16 16 15 15 12 10 10 11
 0 0 0 0 0 0 0 0 1 1 2 3 3 3 1 1 1 1 4 3 3 2 3 3 4 4 6 8 8 13 12 12 14 14 13 15 15 15 16 16 15 15 12 10 10 11
 0 0 0 0 0 0 1 1 4 4 4 2 2 1 1 1 1 1 2 2 2 1 2 2 2 2 4 6 6 7 10 10 10 10 11 16 16 17 16 16 17 17 13 8 8 5
 0 0 0 0 0 0 3 3 1 1 1 1 1 0 0 0 0 0 1 3 3 2 2 2 2 2 1 2 2 2 3 3 5 5 6 11 11 15 12 12 15 15 16 9 9 2
 0 0 0 0 0 0 3 3 1 1 1 1 1 0 0 0 0 0 1 3 3 2 2 2 2 2 1 2 2 2 3 3 5 5 6 11 11 15 12 12 15 15 16 9 9 2
 0 0 0 0 0 0 1 1 0 0 0 0 0 1 0 0 0 0 1 2 2 1 4 4 5 5 2 1 1 2 2 2 3 3 4 5 5 8 7 7 9 9 10 5 5 1
 0 0 0 0 0 0 1 1 0 0 0 0 0 1 0 0 0 0 1 2 2 1 4 4 5 5 2 1 1 2 2 2 3 3 4 5 5 8 7 7 9 9 10 5 5 1
 0 0 0 0 0 0 0 0 0 0 0 0 0 0 0 0 0 0 0 1 1 1 1 1 3 3 2 1 1 1 1 1 1 1 2 1 1 2 2 2 2 2 2 1 1 0
 0 0 0 0 0 0 0 0 0 0 0 0 0 0 0 0 0 0 0 0 0 1 1 1 0 0 0 0 0 0 0 0 0 0 0 0 0 0 0 0 0 0 0 0 0 0
 0 0 0 0 0 0 0 0 0 0 0 0 0 0 0 0 0 0 0 0 0 1 1 1 0 0 0 0 0 0 0 0 0 0 0 0 0 0 0 0 0 0 0 0 0 0
 0 0 0 0 0 0 0 0 0 0 0 0 0 0 0 0 0 0 0 0 0 1 1 1 0 0 0 0 0 0 0 0 0 0 0 0 0 0 0 0 0 0 0 0 0 0
 0 0 0 0 0 0 0 0 0 0 0 0 0 0 0 0 0 0 0 0 0 0 0 0 0 0 0 0 0 0 0 0 0 0 0 0 0 0 0 0 0 0 0 0 0 0
