assets/RAT_results_old/precipitation/2022-11-14_IMERG.asc
ncols        46
nrows        77
xllcorner    74.800261325624
yllcorner    8.058333333333
cellsize     0.062500000000
NODATA_value -9999
 6 6 36 41 41 44 7 7 9 9 10 3 3 0 0 0 0 0 0 0 0 0 0 0 0 0 0 0 0 0 0 0 0 0 0 1 1 1 1 1 2 2 2 2 2 3
 17 17 42 45 45 25 8 8 7 7 7 3 3 0 0 0 0 0 0 0 0 0 0 0 0 0 0 0 0 0 0 0 0 0 0 0 0 1 1 1 1 1 1 2 2 3
 17 17 42 45 45 25 8 8 7 7 7 3 3 0 0 0 0 0 0 0 0 0 0 0 0 0 0 0 0 0 0 0 0 0 0 0 0 1 1 1 1 1 1 2 2 3
 19 19 11 22 22 11 12 12 7 7 2 1 1 0 0 0 0 0 0 0 0 0 0 0 0 0 0 0 0 0 0 0 0 0 0 0 0 0 0 0 0 0 0 1 1 1
 12 12 13 23 23 11 9 9 5 5 1 0 0 0 0 0 0 0 1 0 0 0 0 0 0 0 0 0 0 0 0 0 0 0 0 0 0 0 0 0 0 0 0 1 1 1
 12 12 13 23 23 11 9 9 5 5 1 0 0 0 0 0 0 0 1 0 0 0 0 0 0 0 0 0 0 0 0 0 0 0 0 0 0 0 0 0 0 0 0 1 1 1
 4 4 4 9 9 11 13 13 7 7 2 0 0 0 0 0 0 0 0 0 0 0 0 0 0 0 0 0 0 0 0 0 0 0 0 0 0 0 0 0 0 0 0 0 0 1
 4 4 4 9 9 11 13 13 7 7 2 0 0 0 0 0 0 0 0 0 0 0 0 0 0 0 0 0 0 0 0 0 0 0 0 0 0 0 0 0 0 0 0 0 0 1
 5 5 4 8 8 12 16 16 12 12 8 3 3 0 0 0 0 0 0 0 0 0 0 0 0 0 0 0 0 0 0 0 0 0 0 0 0 0 0 0 0 0 0 0 0 2
 9 9 6 9 9 8 9 9 10 10 13 7 7 1 0 0 0 0 0 0 0 0 0 0 0 0 0 0 0 0 0 0 0 0 0 0 0 0 0 0 0 0 0 0 0 2
 9 9 6 9 9 8 9 9 10 10 13 7 7 1 0 0 0 0 0 0 0 0 0 0 0 0 0 0 0 0 0 0 0 0 0 0 0 0 0 0 0 0 0 0 0 2
 14 14 11 11 11 11 7 7 4 4 5 4 4 3 0 0 0 0 1 1 1 0 0 0 0 0 0 0 0 0 0 0 0 0 0 0 0 0 0 0 0 0 0 0 0 1
 25 25 18 15 15 21 28 28 5 5 2 2 2 2 1 1 0 0 1 0 0 0 0 0 0 0 0 0 0 0 0 0 0 0 0 0 0 0 0 0 0 0 0 0 0 0
 25 25 18 15 15 21 28 28 5 5 2 2 2 2 1 1 0 0 1 0 0 0 0 0 0 0 0 0 0 0 0 0 0 0 0 0 0 0 0 0 0 0 0 0 0 0
 26 26 22 82 82 34 38 38 13 13 4 2 2 2 1 1 1 1 1 0 0 0 0 0 0 0 0 0 0 0 0 0 0 0 0 0 0 0 0 0 0 0 0 0 0 0
 26 26 22 82 82 34 38 38 13 13 4 2 2 2 1 1 1 1 1 0 0 0 0 0 0 0 0 0 0 0 0 0 0 0 0 0 0 0 0 0 0 0 0 0 0 0
 28 28 26 88 88 22 18 18 26 26 10 5 5 5 5 5 3 3 2 1 1 0 0 0 0 0 0 0 0 0 0 0 0 0 0 0 0 0 0 0 0 0 1 0 0 0
 29 29 48 78 78 19 19 19 16 16 34 15 15 10 10 10 7 7 6 4 4 1 0 0 0 0 0 0 0 0 0 0 0 0 0 0 0 0 1 1 1 1 2 1 1 0
 29 29 48 78 78 19 19 19 16 16 34 15 15 10 10 10 7 7 6 4 4 1 0 0 0 0 0 0 0 0 0 0 0 0 0 0 0 0 1 1 1 1 2 1 1 0
 23 23 47 60 60 59 62 62 38 38 31 18 18 11 19 19 13 13 10 8 8 3 1 1 0 0 0 0 0 0 0 0 0 0 0 0 0 0 1 1 1 1 3 1 1 0
 65 65 63 68 68 68 161 161 163 163 77 41 41 35 18 18 13 13 17 15 15 10 3 3 1 1 0 0 0 0 0 0 0 0 0 2 2 2 3 3 3 3 2 1 1 1
 65 65 63 68 68 68 161 161 163 163 77 41 41 35 18 18 13 13 17 15 15 10 3 3 1 1 0 0 0 0 0 0 0 0 0 2 2 2 3 3 3 3 2 1 1 1
 95 95 68 29 29 96 167 167 167 167 83 186 186 134 37 37 16 16 19 22 22 18 10 10 4 4 0 0 0 0 0 0 0 0 0 1 1 1 1 1 1 1 1 0 0 1
 95 95 68 29 29 96 167 167 167 167 83 186 186 134 37 37 16 16 19 22 22 18 10 10 4 4 0 0 0 0 0 0 0 0 0 1 1 1 1 1 1 1 1 0 0 1
 98 98 95 64 64 20 84 84 89 89 220 197 197 151 45 45 37 37 24 20 20 28 23 23 7 7 1 0 0 1 1 1 0 0 0 1 1 1 1 1 1 1 1 1 1 0
 110 110 70 66 66 35 17 17 87 87 116 124 124 115 49 49 36 36 22 14 14 25 23 23 6 6 1 0 0 0 0 0 0 0 1 1 1 1 1 1 1 1 1 1 1 0
 110 110 70 66 66 35 17 17 87 87 116 124 124 115 49 49 36 36 22 14 14 25 23 23 6 6 1 0 0 0 0 0 0 0 1 1 1 1 1 1 1 1 1 1 1 0
 102 102 67 64 64 34 28 28 89 89 124 134 134 111 23 23 28 28 17 12 12 9 10 10 3 3 0 0 0 1 0 0 1 1 1 1 1 1 1 1 1 1 1 1 1 1
 120 120 61 59 59 14 27 27 4 4 22 28 28 23 29 29 43 43 27 14 14 6 2 2 1 1 0 0 0 0 0 0 1 1 2 2 2 2 1 1 0 0 1 0 0 0
 120 120 61 59 59 14 27 27 4 4 22 28 28 23 29 29 43 43 27 14 14 6 2 2 1 1 0 0 0 0 0 0 1 1 2 2 2 2 1 1 0 0 1 0 0 0
 116 116 56 56 56 10 6 6 2 2 2 7 7 16 26 26 48 48 41 28 28 15 5 5 1 1 0 0 0 0 0 0 0 0 1 1 1 1 1 1 1 1 1 0 0 0
 116 116 56 56 56 10 6 6 2 2 2 7 7 16 26 26 48 48 41 28 28 15 5 5 1 1 0 0 0 0 0 0 0 0 1 1 1 1 1 1 1 1 1 0 0 0
 126 126 59 13 13 11 6 6 3 3 2 6 6 14 26 26 61 61 56 44 44 25 10 10 3 3 0 0 0 0 0 0 1 1 1 1 1 0 0 0 0 0 0 0 0 0
 28 28 20 15 15 11 6 6 3 3 3 6 6 13 23 23 34 34 66 60 60 43 21 21 10 10 3 1 1 0 0 0 0 0 1 1 1 1 0 0 0 0 0 0 0 0
 28 28 20 15 15 11 6 6 3 3 3 6 6 13 23 23 34 34 66 60 60 43 21 21 10 10 3 1 1 0 0 0 0 0 1 1 1 1 0 0 0 0 0 0 0 0
 17 17 17 17 17 15 11 11 6 6 5 5 5 72 20 20 32 32 71 74 74 62 41 41 26 26 10 3 3 1 0 0 0 0 2 2 2 1 1 1 0 0 1 0 0 1
 14 14 13 16 16 18 23 23 11 11 23 22 22 71 13 13 25 25 37 77 77 73 58 58 41 41 24 8 8 2 1 1 1 1 3 3 3 2 1 1 1 1 0 0 0 1
 14 14 13 16 16 18 23 23 11 11 23 22 22 71 13 13 25 25 37 77 77 73 58 58 41 41 24 8 8 2 1 1 1 1 3 3 3 2 1 1 1 1 0 0 0 1
 19 19 13 17 17 18 21 21 14 14 71 70 70 86 95 95 21 21 35 76 76 82 76 76 58 58 42 18 18 5 2 2 2 2 3 4 4 2 1 1 1 1 1 0 0 3
 19 19 13 17 17 18 21 21 14 14 71 70 70 86 95 95 21 21 35 76 76 82 76 76 58 58 42 18 18 5 2 2 2 2 3 4 4 2 1 1 1 1 1 0 0 3
 21 21 25 31 31 37 43 43 82 82 80 76 76 94 101 101 64 64 32 71 71 83 86 86 77 77 62 37 37 16 8 8 4 4 5 5 5 3 2 2 2 2 2 0 0 3
 69 69 61 70 70 39 48 48 38 38 82 115 115 134 142 142 63 63 29 40 40 76 91 91 91 91 75 51 51 23 15 15 10 10 13 8 8 3 2 2 3 3 3 4 4 3
 69 69 61 70 70 39 48 48 38 38 82 115 115 134 142 142 63 63 29 40 40 76 91 91 91 91 75 51 51 23 15 15 10 10 13 8 8 3 2 2 3 3 3 4 4 3
 79 79 68 66 66 32 29 29 30 30 78 117 117 100 106 106 33 33 35 42 42 65 85 85 86 86 78 57 57 33 16 16 13 13 15 7 7 5 3 3 3 3 4 1 1 0
 78 78 65 17 17 18 17 17 19 19 81 105 105 104 109 109 32 32 69 40 40 33 73 73 75 75 69 60 60 44 23 23 12 12 13 7 7 5 5 5 6 6 6 1 1 2
 78 78 65 17 17 18 17 17 19 19 81 105 105 104 109 109 32 32 69 40 40 33 73 73 75 75 69 60 60 44 23 23 12 12 13 7 7 5 5 5 6 6 6 1 1 2
 10 10 9 11 11 11 13 13 13 13 82 53 53 89 112 112 115 115 73 34 34 87 38 38 67 67 68 64 64 49 23 23 10 10 8 6 6 6 9 9 12 12 4 3 3 4
 10 10 9 11 11 11 13 13 13 13 82 53 53 89 112 112 115 115 73 34 34 87 38 38 67 67 68 64 64 49 23 23 10 10 8 6 6 6 9 9 12 12 4 3 3 4
 28 28 7 11 11 14 14 14 19 19 44 49 49 89 125 125 130 130 133 81 81 86 35 35 62 62 63 53 53 36 20 20 8 8 6 5 5 8 16 16 18 18 8 4 4 4
 57 57 47 29 29 21 21 21 23 23 23 70 70 109 126 126 129 129 138 106 106 74 41 41 67 67 62 48 48 38 30 30 14 14 8 6 6 9 17 17 12 12 10 11 11 8
 57 57 47 29 29 21 21 21 23 23 23 70 70 109 126 126 129 129 138 106 106 74 41 41 67 67 62 48 48 38 30 30 14 14 8 6 6 9 17 17 12 12 10 11 11 8
 86 86 62 78 78 96 19 19 22 22 23 69 69 108 118 118 120 120 102 110 110 77 44 44 70 70 63 46 46 32 28 28 14 14 11 7 7 9 14 14 15 15 11 10 10 11
 88 88 92 96 96 96 62 62 23 23 41 102 102 163 170 170 184 184 124 134 134 112 114 114 73 73 63 47 47 35 29 29 20 20 16 15 15 17 16 16 19 19 13 12 12 12
 88 88 92 96 96 96 62 62 23 23 41 102 102 163 170 170 184 184 124 134 134 112 114 114 73 73 63 47 47 35 29 29 20 20 16 15 15 17 16 16 19 19 13 12 12 12
 40 40 85 113 113 118 73 73 13 13 17 83 83 93 131 131 134 134 138 140 140 122 125 125 83 83 61 45 45 37 30 30 29 29 24 17 17 14 18 18 22 22 15 13 13 14
 40 40 85 113 113 118 73 73 13 13 17 83 83 93 131 131 134 134 138 140 140 122 125 125 83 83 61 45 45 37 30 30 29 29 24 17 17 14 18 18 22 22 15 13 13 14
 16 16 46 113 113 120 12 12 12 12 15 87 87 91 98 98 96 96 123 133 133 110 113 113 68 68 74 47 47 59 52 52 28 28 20 24 24 23 21 21 20 20 15 14 14 16
 11 11 41 43 43 43 11 11 11 11 16 14 14 29 97 97 99 99 124 124 124 124 106 106 59 59 61 37 37 50 52 52 25 25 14 27 27 29 32 32 29 29 19 17 17 19
 11 11 41 43 43 43 11 11 11 11 16 14 14 29 97 97 99 99 124 124 124 124 106 106 59 59 61 37 37 50 52 52 25 25 14 27 27 29 32 32 29 29 19 17 17 19
 5 5 8 6 6 3 9 9 12 12 16 17 17 24 22 22 28 28 92 128 128 124 104 104 73 73 66 30 30 32 19 19 9 9 7 17 17 26 33 33 36 36 29 18 18 13
 5 5 9 5 5 3 9 9 43 43 46 84 84 88 98 98 24 24 26 35 35 29 74 74 81 81 108 33 33 40 10 10 2 2 2 6 6 12 22 22 32 32 30 22 22 14
 5 5 9 5 5 3 9 9 43 43 46 84 84 88 98 98 24 24 26 35 35 29 74 74 81 81 108 33 33 40 10 10 2 2 2 6 6 12 22 22 32 32 30 22 22 14
 13 13 12 4 4 12 12 12 80 80 83 84 84 86 99 99 40 40 43 34 34 29 68 68 65 65 76 45 45 37 9 9 8 8 2 2 2 4 10 10 22 22 25 23 23 18
 13 13 12 4 4 12 12 12 80 80 83 84 84 86 99 99 40 40 43 34 34 29 68 68 65 65 76 45 45 37 9 9 8 8 2 2 2 4 10 10 22 22 25 23 23 18
 22 22 17 9 9 12 11 11 83 83 86 125 125 124 124 124 102 102 34 35 35 28 65 65 67 67 84 76 76 42 11 11 11 11 4 4 4 4 7 7 11 11 14 17 17 14
 29 29 26 20 20 8 4 4 45 45 122 110 110 135 131 131 99 99 26 26 26 17 17 17 22 22 85 71 71 51 11 11 23 23 18 20 20 10 12 12 15 15 16 14 14 12
 29 29 26 20 20 8 4 4 45 45 122 110 110 135 131 131 99 99 26 26 26 17 17 17 22 22 85 71 71 51 11 11 23 23 18 20 20 10 12 12 15 15 16 14 14 12
 28 28 33 34 34 19 10 10 48 48 130 121 121 140 134 134 120 120 17 19 19 16 29 29 24 24 24 12 12 17 13 13 24 24 22 57 57 27 31 31 28 28 32 31 31 26
 20 20 22 23 23 21 14 14 8 8 5 4 4 23 114 114 105 105 96 18 18 15 31 31 26 26 28 20 20 21 19 19 50 50 56 68 68 45 53 53 55 55 60 62 62 56
 20 20 22 23 23 21 14 14 8 8 5 4 4 23 114 114 105 105 96 18 18 15 31 31 26 26 28 20 20 21 19 19 50 50 56 68 68 45 53 53 55 55 60 62 62 56
 19 19 18 17 17 17 14 14 9 9 7 6 6 25 127 127 118 118 111 119 119 147 68 68 59 59 20 21 21 22 22 22 42 42 47 62 62 55 64 64 69 69 79 78 78 83
 19 19 18 17 17 17 14 14 9 9 7 6 6 25 127 127 118 118 111 119 119 147 68 68 59 59 20 21 21 22 22 22 42 42 47 62 62 55 64 64 69 69 79 78 78 83
 20 20 18 14 14 13 10 10 9 9 8 9 9 9 10 10 89 89 85 122 122 187 81 81 60 60 20 24 24 24 26 26 52 52 59 73 73 68 72 72 85 85 90 92 92 102
 18 18 17 13 13 12 10 10 9 9 9 10 10 12 16 16 16 16 86 127 127 110 131 131 106 106 99 87 87 90 39 39 37 37 44 47 47 68 77 77 87 87 89 95 95 106
 18 18 17 13 13 12 10 10 9 9 9 10 10 12 16 16 16 16 86 127 127 110 131 131 106 106 99 87 87 90 39 39 37 37 44 47 47 68 77 77 87 87 89 95 95 106
 20 20 19 17 17 17 18 18 15 15 14 13 13 15 18 18 43 43 42 84 84 56 113 113 104 104 104 98 98 98 50 50 41 41 60 59 59 63 89 89 93 93 106 107 107 109
 27 27 26 29 29 30 31 31 30 30 25 20 20 19 42 42 44 44 51 48 48 43 113 113 171 171 153 82 82 75 60 60 46 46 48 53 53 70 71 71 86 86 108 90 90 87
