assets/RAT_results_old/precipitation/2022-07-09_IMERG.asc
ncols        46
nrows        77
xllcorner    74.800261325624
yllcorner    8.058333333333
cellsize     0.062500000000
NODATA_value -9999
 95 95 87 76 76 54 52 52 56 56 51 54 54 60 70 70 47 47 42 29 29 23 26 26 21 21 14 9 9 11 7 7 7 7 6 7 7 5 3 3 5 5 3 2 2 2
 87 87 84 70 70 50 49 49 56 56 59 59 59 70 87 87 57 57 51 44 44 32 30 30 19 19 15 13 13 11 9 9 12 12 8 6 6 6 3 3 4 4 2 6 6 4
 87 87 84 70 70 50 49 49 56 56 59 59 59 70 87 87 57 57 51 44 44 32 30 30 19 19 15 13 13 11 9 9 12 12 8 6 6 6 3 3 4 4 2 6 6 4
 80 80 81 73 73 59 53 53 55 55 61 68 68 81 91 91 63 63 67 66 66 45 32 32 16 16 16 11 11 10 11 11 13 13 8 7 7 6 4 4 4 4 6 6 6 4
 59 59 72 61 61 59 62 62 63 63 71 61 61 73 78 78 72 72 67 49 49 36 28 28 33 33 21 12 12 13 13 13 10 10 8 7 7 7 8 8 7 7 9 8 8 6
 59 59 72 61 61 59 62 62 63 63 71 61 61 73 78 78 72 72 67 49 49 36 28 28 33 33 21 12 12 13 13 13 10 10 8 7 7 7 8 8 7 7 9 8 8 6
 55 55 51 58 58 58 71 71 72 72 79 58 58 59 55 55 41 41 32 30 30 32 26 26 25 25 20 12 12 11 9 9 9 9 11 9 9 7 9 9 10 10 10 8 8 9
 55 55 51 58 58 58 71 71 72 72 79 58 58 59 55 55 41 41 32 30 30 32 26 26 25 25 20 12 12 11 9 9 9 9 11 9 9 7 9 9 10 10 10 8 8 9
 51 51 49 67 67 65 68 68 67 67 71 67 67 49 43 43 33 33 29 27 27 29 13 13 15 15 12 10 10 13 11 11 9 9 9 9 9 10 11 11 12 12 10 13 13 11
 63 63 49 64 64 63 59 59 64 64 63 74 74 59 40 40 37 37 32 28 28 32 19 19 19 19 15 13 13 10 13 13 13 13 9 11 11 11 12 12 12 12 13 15 15 15
 63 63 49 64 64 63 59 59 64 64 63 74 74 59 40 40 37 37 32 28 28 32 19 19 19 19 15 13 13 10 13 13 13 13 9 11 11 11 12 12 12 12 13 15 15 15
 45 45 39 42 42 52 58 58 68 68 64 61 61 52 51 51 52 52 34 29 29 27 24 24 19 19 17 14 14 14 12 12 12 12 13 10 10 8 13 13 16 16 15 13 13 12
 32 32 31 48 48 47 51 51 63 63 57 56 56 49 46 46 43 43 40 38 38 35 32 32 27 27 24 15 15 13 8 8 15 15 13 10 10 11 15 15 19 19 17 10 10 19
 32 32 31 48 48 47 51 51 63 63 57 56 56 49 46 46 43 43 40 38 38 35 32 32 27 27 24 15 15 13 8 8 15 15 13 10 10 11 15 15 19 19 17 10 10 19
 24 24 24 30 30 34 40 40 50 50 53 56 56 51 38 38 41 41 35 34 34 34 33 33 30 30 25 16 16 17 12 12 15 15 14 10 10 19 22 22 34 34 35 25 25 17
 24 24 24 30 30 34 40 40 50 50 53 56 56 51 38 38 41 41 35 34 34 34 33 33 30 30 25 16 16 17 12 12 15 15 14 10 10 19 22 22 34 34 35 25 25 17
 21 21 21 17 17 26 30 30 40 40 47 48 48 40 34 34 37 37 30 32 32 32 27 27 28 28 26 16 16 6 7 7 16 16 14 14 14 19 27 27 40 40 48 32 32 18
 20 20 22 17 17 25 20 20 19 19 32 33 33 39 27 27 36 36 34 32 32 38 34 34 31 31 23 15 15 11 12 12 18 18 10 11 11 17 24 24 32 32 48 31 31 21
 20 20 22 17 17 25 20 20 19 19 32 33 33 39 27 27 36 36 34 32 32 38 34 34 31 31 23 15 15 11 12 12 18 18 10 11 11 17 24 24 32 32 48 31 31 21
 20 20 21 16 16 18 20 20 33 33 27 30 30 37 35 35 37 37 36 38 38 42 37 37 27 27 26 21 21 18 11 11 10 10 11 12 12 17 21 21 26 26 33 25 25 15
 24 24 27 27 27 28 35 35 33 33 21 31 31 37 37 37 31 31 36 36 36 43 45 45 30 30 20 19 19 16 16 16 18 18 20 24 24 19 19 19 16 16 23 18 18 12
 24 24 27 27 27 28 35 35 33 33 21 31 31 37 37 37 31 31 36 36 36 43 45 45 30 30 20 19 19 16 16 16 18 18 20 24 24 19 19 19 16 16 23 18 18 12
 23 23 19 27 27 17 18 18 19 19 22 24 24 36 37 37 31 31 27 33 33 44 35 35 26 26 22 23 23 25 23 23 22 22 22 15 15 18 14 14 9 9 13 5 5 11
 23 23 19 27 27 17 18 18 19 19 22 24 24 36 37 37 31 31 27 33 33 44 35 35 26 26 22 23 23 25 23 23 22 22 22 15 15 18 14 14 9 9 13 5 5 11
 18 18 18 17 17 31 16 16 15 15 18 16 16 21 33 33 30 30 29 30 30 30 29 29 23 23 22 20 20 21 27 27 27 27 19 14 14 12 7 7 5 5 3 4 4 4
 28 28 26 26 26 38 37 37 29 29 14 14 14 17 27 27 28 28 26 25 25 25 25 25 18 18 18 19 19 21 25 25 21 21 18 11 11 9 6 6 5 5 3 2 2 2
 28 28 26 26 26 38 37 37 29 29 14 14 14 17 27 27 28 28 26 25 25 25 25 25 18 18 18 19 19 21 25 25 21 21 18 11 11 9 6 6 5 5 3 2 2 2
 26 26 24 26 26 25 25 25 32 32 16 8 8 9 15 15 21 21 23 20 20 16 18 18 16 16 14 19 19 17 19 19 21 21 18 12 12 9 6 6 4 4 2 1 1 1
 15 15 13 22 22 26 24 24 16 16 16 9 9 12 16 16 22 22 21 20 20 14 13 13 13 13 14 17 17 16 17 17 17 17 14 12 12 9 6 6 3 3 2 1 1 1
 15 15 13 22 22 26 24 24 16 16 16 9 9 12 16 16 22 22 21 20 20 14 13 13 13 13 14 17 17 16 17 17 17 17 14 12 12 9 6 6 3 3 2 1 1 1
 6 6 10 18 18 19 18 18 13 13 11 9 9 13 15 15 21 21 18 20 20 13 14 14 14 14 12 16 16 18 19 19 19 19 14 9 9 8 4 4 2 2 2 1 1 1
 6 6 10 18 18 19 18 18 13 13 11 9 9 13 15 15 21 21 18 20 20 13 14 14 14 14 12 16 16 18 19 19 19 19 14 9 9 8 4 4 2 2 2 1 1 1
 8 8 18 18 18 17 18 18 14 14 13 13 13 9 8 8 17 17 16 19 19 18 20 20 18 18 15 18 18 19 15 15 15 15 14 8 8 6 2 2 2 2 1 1 1 1
 9 9 14 16 16 20 20 20 21 21 15 16 16 8 7 7 11 11 17 21 21 20 17 17 15 15 16 15 15 16 14 14 11 11 9 6 6 3 2 2 2 2 2 1 1 1
 9 9 14 16 16 20 20 20 21 21 15 16 16 8 7 7 11 11 17 21 21 20 17 17 15 15 16 15 15 16 14 14 11 11 9 6 6 3 2 2 2 2 2 1 1 1
 20 20 8 11 11 18 14 14 15 15 14 13 13 9 8 8 11 11 16 20 20 24 19 19 16 16 15 12 12 10 9 9 5 5 6 5 5 5 2 2 1 1 2 1 1 1
 23 23 12 13 13 5 12 12 13 13 13 11 11 11 11 11 10 10 13 18 18 26 25 25 18 18 16 12 12 6 5 5 5 5 4 3 3 2 2 2 1 1 2 2 2 2
 23 23 12 13 13 5 12 12 13 13 13 11 11 11 11 11 10 10 13 18 18 26 25 25 18 18 16 12 12 6 5 5 5 5 4 3 3 2 2 2 1 1 2 2 2 2
 16 16 10 5 5 5 8 8 8 8 9 13 13 13 13 13 15 15 15 22 22 19 18 18 15 15 16 9 9 6 5 5 9 9 4 2 2 2 4 4 2 2 2 3 3 5
 16 16 10 5 5 5 8 8 8 8 9 13 13 13 13 13 15 15 15 22 22 19 18 18 15 15 16 9 9 6 5 5 9 9 4 2 2 2 4 4 2 2 2 3 3 5
 9 9 10 6 6 7 9 9 10 10 11 11 11 11 10 10 13 13 14 19 19 17 17 17 18 18 11 7 7 5 4 4 6 6 3 4 4 3 5 5 4 4 3 6 6 7
 8 8 9 7 7 7 12 12 13 13 13 50 50 6 6 6 10 10 12 12 12 15 14 14 18 18 8 6 6 4 4 4 3 3 3 4 4 5 4 4 4 4 6 6 6 9
 8 8 9 7 7 7 12 12 13 13 13 50 50 6 6 6 10 10 12 12 12 15 14 14 18 18 8 6 6 4 4 4 3 3 3 4 4 5 4 4 4 4 6 6 6 9
 9 9 9 9 9 9 10 10 10 10 10 45 45 48 48 48 9 9 11 13 13 24 17 17 13 13 4 4 4 3 2 2 2 2 3 4 4 6 7 7 5 5 6 5 5 3
 9 9 9 9 9 9 10 10 10 10 10 11 11 12 13 13 11 11 10 13 13 18 16 16 12 12 4 3 3 2 2 2 2 2 3 4 4 5 6 6 6 6 4 3 3 4
 9 9 9 9 9 9 10 10 10 10 10 11 11 12 13 13 11 11 10 13 13 18 16 16 12 12 4 3 3 2 2 2 2 2 3 4 4 5 6 6 6 6 4 3 3 4
 7 7 6 7 7 6 7 7 8 8 9 11 11 12 13 13 11 11 13 11 11 16 15 15 11 11 6 3 3 3 3 3 4 4 5 5 5 6 7 7 6 6 4 3 3 4
 7 7 6 7 7 6 7 7 8 8 9 11 11 12 13 13 11 11 13 11 11 16 15 15 11 11 6 3 3 3 3 3 4 4 5 5 5 6 7 7 6 6 4 3 3 4
 5 5 6 6 6 6 7 7 7 7 8 8 8 8 9 9 11 11 12 10 10 9 9 9 8 8 8 4 4 5 4 4 5 5 5 5 5 6 6 6 4 4 4 3 3 3
 5 5 6 6 6 6 6 6 6 6 5 5 5 5 10 10 9 9 10 8 8 6 6 6 8 8 8 5 5 5 4 4 5 5 4 5 5 4 3 3 3 3 3 3 3 4
 5 5 6 6 6 6 6 6 6 6 5 5 5 5 10 10 9 9 10 8 8 6 6 6 8 8 8 5 5 5 4 4 5 5 4 5 5 4 3 3 3 3 3 3 3 4
 5 5 6 4 4 4 5 5 7 7 5 5 5 5 10 10 9 9 9 7 7 6 2 2 5 5 6 7 7 5 5 5 4 4 4 4 4 3 2 2 2 2 2 4 4 6
 3 3 4 4 4 4 5 5 6 6 6 5 5 6 7 7 9 9 9 7 7 6 3 3 6 6 8 8 8 5 4 4 2 2 3 3 3 3 2 2 2 2 3 3 3 6
 3 3 4 4 4 4 5 5 6 6 6 5 5 6 7 7 9 9 9 7 7 6 3 3 6 6 8 8 8 5 4 4 2 2 3 3 3 3 2 2 2 2 3 3 3 6
 4 4 3 3 3 3 3 3 4 4 6 7 7 6 7 7 10 10 10 8 8 4 4 4 7 7 7 7 7 5 3 3 1 1 2 3 3 3 2 2 5 5 2 2 2 3
 4 4 3 3 3 3 3 3 4 4 6 7 7 6 7 7 10 10 10 8 8 4 4 4 7 7 7 7 7 5 3 3 1 1 2 3 3 3 2 2 5 5 2 2 2 3
 2 2 2 1 1 1 4 4 4 4 7 8 8 7 6 6 6 6 6 4 4 4 5 5 6 6 5 4 4 2 1 1 1 1 2 2 2 2 1 1 5 5 3 4 4 5
 4 4 3 3 3 2 2 2 2 2 4 5 5 7 7 7 4 4 6 4 4 5 4 4 3 3 5 4 4 3 1 1 2 2 3 2 2 1 1 1 3 3 5 5 5 2
 4 4 3 3 3 2 2 2 2 2 4 5 5 7 7 7 4 4 6 4 4 5 4 4 3 3 5 4 4 3 1 1 2 2 3 2 2 1 1 1 3 3 5 5 5 2
 5 5 4 4 4 3 2 2 3 3 4 5 5 7 5 5 4 4 3 3 3 4 3 3 3 3 2 2 2 1 3 3 3 3 2 2 2 1 2 2 4 4 5 4 4 1
 8 8 8 7 7 4 4 4 3 3 4 7 7 5 5 5 4 4 6 4 4 4 3 3 1 1 1 2 2 5 6 6 4 4 2 2 2 2 2 2 4 4 5 5 5 2
 8 8 8 7 7 4 4 4 3 3 4 7 7 5 5 5 4 4 6 4 4 4 3 3 1 1 1 2 2 5 6 6 4 4 2 2 2 2 2 2 4 4 5 5 5 2
 6 6 8 8 8 7 3 3 5 5 5 8 8 8 9 9 9 9 7 3 3 2 1 1 1 1 2 4 4 11 11 11 4 4 2 1 1 2 2 2 2 2 2 3 3 4
 6 6 8 8 8 7 3 3 5 5 5 8 8 8 9 9 9 9 7 3 3 2 1 1 1 1 2 4 4 11 11 11 4 4 2 1 1 2 2 2 2 2 2 3 3 4
 6 6 9 9 9 4 5 5 7 7 5 7 7 8 8 8 7 7 4 2 2 1 1 1 2 2 3 4 4 10 10 10 5 5 3 2 2 1 2 2 1 1 1 1 1 1
 8 8 9 11 11 4 5 5 8 8 8 10 10 9 8 8 3 3 2 2 2 1 2 2 3 3 5 6 6 7 6 6 4 4 2 1 1 1 1 1 1 1 1 1 1 0
 8 8 9 11 11 4 5 5 8 8 8 10 10 9 8 8 3 3 2 2 2 1 2 2 3 3 5 6 6 7 6 6 4 4 2 1 1 1 1 1 1 1 1 1 1 0
 8 8 9 10 10 10 10 10 10 10 11 12 12 9 6 6 2 2 2 2 2 2 3 3 4 4 5 4 4 3 1 1 2 2 2 2 2 1 0 0 0 0 0 0 0 0
 7 7 9 9 9 9 10 10 8 8 12 12 12 11 6 6 6 6 5 1 1 2 4 4 3 3 2 2 2 1 0 0 1 1 2 2 2 1 0 0 0 0 1 1 1 0
 7 7 9 9 9 9 10 10 8 8 12 12 12 11 6 6 6 6 5 1 1 2 4 4 3 3 2 2 2 1 0 0 1 1 2 2 2 1 0 0 0 0 1 1 1 0
 7 7 6 8 8 9 5 5 5 5 9 10 10 10 7 7 7 7 5 2 2 2 3 3 2 2 1 1 1 0 1 1 1 1 1 1 1 1 0 0 0 0 1 4 4 2
 7 7 6 8 8 9 5 5 5 5 9 10 10 10 7 7 7 7 5 2 2 2 3 3 2 2 1 1 1 0 1 1 1 1 1 1 1 1 0 0 0 0 1 4 4 2
 7 7 6 5 5 6 3 3 4 4 4 9 9 9 7 7 7 7 7 5 5 3 1 1 1 1 0 0 0 1 1 1 0 0 0 1 1 2 1 1 0 0 0 2 2 1
 5 5 4 2 2 7 3 3 4 4 5 7 7 8 5 5 7 7 6 4 4 1 0 0 0 0 0 0 0 0 0 0 0 0 1 1 1 2 1 1 1 1 0 0 0 2
 5 5 4 2 2 7 3 3 4 4 5 7 7 8 5 5 7 7 6 4 4 1 0 0 0 0 0 0 0 0 0 0 0 0 1 1 1 2 1 1 1 1 0 0 0 2
 5 5 4 3 3 3 3 3 4 4 4 4 4 5 5 5 6 6 6 5 5 0 0 0 0 0 0 0 0 0 0 0 0 0 0 1 1 1 0 0 0 0 0 0 0 1
 3 3 3 4 4 6 7 7 4 4 4 4 4 5 6 6 6 6 4 5 5 1 0 0 0 0 0 0 0 0 0 0 0 0 0 0 0 0 0 0 0 0 0 0 0 0
