assets/RAT_results_old/precipitation/2022-05-09_IMERG.asc
ncols        46
nrows        77
xllcorner    74.800261325624
yllcorner    8.058333333333
cellsize     0.062500000000
NODATA_value -9999
 6 6 5 3 3 2 1 1 2 2 1 1 1 2 3 3 3 3 2 1 1 1 1 1 2 2 2 2 2 3 3 3 4 4 9 12 12 19 26 26 34 34 27 24 24 23
 3 3 4 4 4 3 3 3 2 2 1 1 1 1 1 1 1 1 1 1 1 1 1 1 2 2 2 2 2 3 3 3 5 5 9 10 10 12 25 25 29 29 26 24 24 23
 3 3 4 4 4 3 3 3 2 2 1 1 1 1 1 1 1 1 1 1 1 1 1 1 2 2 2 2 2 3 3 3 5 5 9 10 10 12 25 25 29 29 26 24 24 23
 3 3 2 3 3 3 3 3 2 2 2 1 1 1 1 1 1 1 1 2 2 2 2 2 2 2 2 2 2 4 5 5 6 6 9 8 8 8 22 22 24 24 24 25 25 24
 2 2 1 1 1 2 2 2 2 2 2 2 2 1 1 1 1 1 2 3 3 4 3 3 2 2 2 3 3 4 6 6 5 5 6 7 7 7 18 18 19 19 19 23 23 23
 2 2 1 1 1 2 2 2 2 2 2 2 2 1 1 1 1 1 2 3 3 4 3 3 2 2 2 3 3 4 6 6 5 5 6 7 7 7 18 18 19 19 19 23 23 23
 3 3 1 2 2 1 2 2 2 2 1 1 1 1 1 1 1 1 1 3 3 4 4 4 4 4 3 4 4 4 5 5 5 5 6 7 7 7 10 10 10 10 13 21 21 20
 3 3 1 2 2 1 2 2 2 2 1 1 1 1 1 1 1 1 1 3 3 4 4 4 4 4 3 4 4 4 5 5 5 5 6 7 7 7 10 10 10 10 13 21 21 20
 5 5 6 6 6 1 1 1 1 1 1 1 1 1 1 1 1 1 1 1 1 3 3 3 3 3 4 4 4 4 4 4 5 5 6 7 7 6 9 9 8 8 9 14 14 16
 8 8 6 3 3 1 1 1 1 1 1 0 0 0 1 1 1 1 1 1 1 2 3 3 2 2 2 4 4 3 4 4 5 5 6 5 5 6 6 6 8 8 9 10 10 11
 8 8 6 3 3 1 1 1 1 1 1 0 0 0 1 1 1 1 1 1 1 2 3 3 2 2 2 4 4 3 4 4 5 5 6 5 5 6 6 6 8 8 9 10 10 11
 5 5 3 1 1 0 1 1 1 1 1 0 0 1 1 1 1 1 1 1 1 1 1 1 1 1 2 2 2 3 4 4 6 6 5 5 5 5 6 6 7 7 8 9 9 10
 5 5 5 2 2 0 1 1 1 1 0 0 0 1 2 2 1 1 1 1 1 1 1 1 1 1 2 2 2 3 4 4 6 6 5 5 5 6 6 6 7 7 7 7 7 9
 5 5 5 2 2 0 1 1 1 1 0 0 0 1 2 2 1 1 1 1 1 1 1 1 1 1 2 2 2 3 4 4 6 6 5 5 5 6 6 6 7 7 7 7 7 9
 5 5 5 2 2 1 1 1 1 1 1 1 1 1 1 1 1 1 1 1 1 1 1 1 1 1 1 2 2 2 4 4 4 4 4 5 5 5 5 5 6 6 7 7 7 7
 5 5 5 2 2 1 1 1 1 1 1 1 1 1 1 1 1 1 1 1 1 1 1 1 1 1 1 2 2 2 4 4 4 4 4 5 5 5 5 5 6 6 7 7 7 7
 5 5 5 5 5 2 3 3 2 2 2 1 1 2 2 2 1 1 1 1 1 1 1 1 1 1 1 1 1 2 2 2 3 3 4 5 5 5 5 5 5 5 6 6 6 7
 5 5 4 4 4 4 6 6 5 5 19 3 3 1 2 2 2 2 2 2 2 1 1 1 1 1 2 1 1 1 1 1 3 3 3 4 4 4 4 4 5 5 5 6 6 7
 5 5 4 4 4 4 6 6 5 5 19 3 3 1 2 2 2 2 2 2 2 1 1 1 1 1 2 1 1 1 1 1 3 3 3 4 4 4 4 4 5 5 5 6 6 7
 5 5 4 4 4 5 5 5 3 3 5 7 7 3 3 3 2 2 2 2 2 3 2 2 2 2 2 1 1 1 1 1 1 1 2 3 3 3 3 3 5 5 5 7 7 6
 3 3 3 3 3 3 6 6 5 5 2 2 2 1 2 2 2 2 1 3 3 3 4 4 4 4 3 2 2 1 1 1 1 1 1 2 2 2 3 3 4 4 4 7 7 7
 3 3 3 3 3 3 6 6 5 5 2 2 2 1 2 2 2 2 1 3 3 3 4 4 4 4 3 2 2 1 1 1 1 1 1 2 2 2 3 3 4 4 4 7 7 7
 1 1 1 2 2 2 6 6 8 8 6 2 2 2 1 1 4 4 2 3 3 3 3 3 2 2 2 1 1 1 1 1 1 1 2 2 2 2 3 3 4 4 4 5 5 6
 1 1 1 2 2 2 6 6 8 8 6 2 2 2 1 1 4 4 2 3 3 3 3 3 2 2 2 1 1 1 1 1 1 1 2 2 2 2 3 3 4 4 4 5 5 6
 1 1 1 1 1 2 4 4 6 6 5 2 2 2 2 2 7 7 2 2 2 2 2 2 1 1 1 1 1 2 1 1 1 1 1 1 1 2 3 3 3 3 4 5 5 6
 1 1 1 1 1 2 2 2 3 3 4 1 1 1 4 4 13 13 7 2 2 1 1 1 1 1 1 1 1 1 1 1 1 1 1 1 1 1 2 2 2 2 3 4 4 5
 1 1 1 1 1 2 2 2 3 3 4 1 1 1 4 4 13 13 7 2 2 1 1 1 1 1 1 1 1 1 1 1 1 1 1 1 1 1 2 2 2 2 3 4 4 5
 1 1 1 1 1 3 2 2 2 2 3 4 4 3 2 2 15 15 10 5 5 3 1 1 1 1 1 2 2 1 1 1 0 0 1 2 2 1 1 1 2 2 2 2 2 3
 1 1 1 2 2 3 2 2 2 2 4 3 3 4 3 3 6 6 6 27 27 12 1 1 1 1 1 1 1 1 1 1 1 1 1 1 1 2 1 1 2 2 2 2 2 3
 1 1 1 2 2 3 2 2 2 2 4 3 3 4 3 3 6 6 6 27 27 12 1 1 1 1 1 1 1 1 1 1 1 1 1 1 1 2 1 1 2 2 2 2 2 3
 2 2 2 2 2 2 2 2 3 3 4 5 5 6 5 5 9 9 4 3 3 5 2 2 1 1 1 0 0 1 1 1 1 1 1 1 1 1 1 1 2 2 2 2 2 2
 2 2 2 2 2 2 2 2 3 3 4 5 5 6 5 5 9 9 4 3 3 5 2 2 1 1 1 0 0 1 1 1 1 1 1 1 1 1 1 1 2 2 2 2 2 2
 2 2 2 3 3 2 2 2 4 4 5 4 4 4 3 3 6 6 4 3 3 3 2 2 3 3 0 0 0 1 1 1 1 1 1 1 1 1 1 1 2 2 2 2 2 3
 2 2 2 3 3 2 2 2 2 2 3 3 3 2 2 2 2 2 3 3 3 2 1 1 1 1 0 1 1 0 0 0 0 0 1 1 1 1 1 1 2 2 2 2 2 3
 2 2 2 3 3 2 2 2 2 2 3 3 3 2 2 2 2 2 3 3 3 2 1 1 1 1 0 1 1 0 0 0 0 0 1 1 1 1 1 1 2 2 2 2 2 3
 1 1 1 2 2 1 1 1 2 2 3 4 4 4 3 3 2 2 6 2 2 1 1 1 1 1 1 1 1 1 1 1 1 1 1 1 1 1 2 2 2 2 3 3 3 3
 0 0 1 1 1 1 1 1 1 1 3 4 4 3 3 3 3 3 2 1 1 2 1 1 2 2 1 1 1 1 1 1 1 1 1 2 2 2 2 2 2 2 3 3 3 3
 0 0 1 1 1 1 1 1 1 1 3 4 4 3 3 3 3 3 2 1 1 2 1 1 2 2 1 1 1 1 1 1 1 1 1 2 2 2 2 2 2 2 3 3 3 3
 0 0 1 1 1 1 1 1 1 1 3 4 4 2 3 3 4 4 2 5 5 2 1 1 3 3 7 7 7 7 1 1 1 1 1 2 2 1 2 2 1 1 2 2 2 2
 0 0 1 1 1 1 1 1 1 1 3 4 4 2 3 3 4 4 2 5 5 2 1 1 3 3 7 7 7 7 1 1 1 1 1 2 2 1 2 2 1 1 2 2 2 2
 1 1 1 2 2 2 1 1 1 1 2 3 3 3 3 3 5 5 4 1 1 1 1 1 0 0 3 8 8 2 1 1 1 1 1 1 1 2 1 1 1 1 3 5 5 3
 1 1 2 2 2 2 2 2 2 2 3 4 4 4 6 6 15 15 22 1 1 1 1 1 1 1 3 3 3 1 1 1 0 0 0 0 0 2 1 1 3 3 1 5 5 3
 1 1 2 2 2 2 2 2 2 2 3 4 4 4 6 6 15 15 22 1 1 1 1 1 1 1 3 3 3 1 1 1 0 0 0 0 0 2 1 1 3 3 1 5 5 3
 2 2 2 2 2 2 3 3 4 4 5 6 6 7 8 8 15 15 30 16 16 3 1 1 1 1 2 1 1 1 1 1 0 0 0 0 0 2 1 1 2 2 1 2 2 2
 2 2 2 2 2 2 4 4 5 5 5 9 9 7 9 9 15 15 94 23 23 28 7 7 9 9 5 4 4 6 2 2 0 0 2 0 0 1 2 2 1 1 1 1 1 2
 2 2 2 2 2 2 4 4 5 5 5 9 9 7 9 9 15 15 94 23 23 28 7 7 9 9 5 4 4 6 2 2 0 0 2 0 0 1 2 2 1 1 1 1 1 2
 2 2 2 2 2 3 5 5 6 6 6 5 5 9 11 11 69 69 81 50 50 47 16 16 14 14 11 9 9 12 4 4 1 1 2 0 0 0 1 1 1 1 1 1 1 2
 2 2 2 2 2 3 5 5 6 6 6 5 5 9 11 11 69 69 81 50 50 47 16 16 14 14 11 9 9 12 4 4 1 1 2 0 0 0 1 1 1 1 1 1 1 2
 2 2 2 2 2 3 3 3 4 4 6 6 6 7 12 12 38 38 97 108 108 30 18 18 6 6 4 7 7 14 9 9 8 8 3 0 0 0 1 1 1 1 1 1 1 3
 2 2 2 2 2 4 4 4 5 5 7 6 6 25 57 57 59 59 109 86 86 29 6 6 5 5 5 4 4 7 11 11 8 8 6 1 1 0 1 1 1 1 1 2 2 2
 2 2 2 2 2 4 4 4 5 5 7 6 6 25 57 57 59 59 109 86 86 29 6 6 5 5 5 4 4 7 11 11 8 8 6 1 1 0 1 1 1 1 1 2 2 2
 2 2 2 3 3 4 5 5 6 6 7 14 14 13 53 53 62 62 40 85 85 65 6 6 3 3 3 3 3 4 15 15 23 23 25 6 6 1 0 0 1 1 1 2 2 2
 2 2 2 3 3 4 7 7 5 5 5 13 13 12 31 31 35 35 49 4 4 19 8 8 11 11 5 3 3 7 13 13 24 24 37 10 10 4 1 1 1 1 2 3 3 2
 2 2 2 3 3 4 7 7 5 5 5 13 13 12 31 31 35 35 49 4 4 19 8 8 11 11 5 3 3 7 13 13 24 24 37 10 10 4 1 1 1 1 2 3 3 2
 2 2 3 3 3 4 7 7 8 8 6 8 8 17 16 16 28 28 33 3 3 21 18 18 3 3 4 3 3 12 15 15 36 36 43 25 25 1 1 1 1 1 2 1 1 3
 2 2 3 3 3 4 7 7 8 8 6 8 8 17 16 16 28 28 33 3 3 21 18 18 3 3 4 3 3 12 15 15 36 36 43 25 25 1 1 1 1 1 2 1 1 3
 3 3 3 4 4 6 6 6 7 7 7 9 9 17 16 16 28 28 2 3 3 4 2 2 5 5 5 2 2 4 8 8 50 50 58 36 36 8 3 3 3 3 4 3 3 4
 3 3 3 4 4 4 4 4 6 6 9 9 9 24 23 23 23 23 2 1 1 2 2 2 3 3 4 3 3 4 4 4 17 17 34 29 29 9 6 6 2 2 2 3 3 4
 3 3 3 4 4 4 4 4 6 6 9 9 9 24 23 23 23 23 2 1 1 2 2 2 3 3 4 3 3 4 4 4 17 17 34 29 29 9 6 6 2 2 2 3 3 4
 3 3 4 5 5 5 5 5 5 5 7 6 6 7 23 23 23 23 2 2 2 2 2 2 1 1 3 2 2 2 4 4 8 8 28 20 20 14 5 5 1 1 2 2 2 2
 4 4 4 5 5 4 5 5 8 8 10 8 8 8 32 32 32 32 3 3 3 3 1 1 1 1 1 1 1 1 1 1 6 6 15 14 14 14 6 6 4 4 2 2 2 5
 4 4 4 5 5 4 5 5 8 8 10 8 8 8 32 32 32 32 3 3 3 3 1 1 1 1 1 1 1 1 1 1 6 6 15 14 14 14 6 6 4 4 2 2 2 5
 3 3 3 3 3 3 5 5 7 7 6 8 8 7 22 22 35 35 3 2 2 2 2 2 2 2 1 1 1 1 1 1 1 1 5 8 8 11 6 6 4 4 3 2 2 3
 3 3 3 3 3 3 5 5 7 7 6 8 8 7 22 22 35 35 3 2 2 2 2 2 2 2 1 1 1 1 1 1 1 1 5 8 8 11 6 6 4 4 3 2 2 3
 3 3 3 2 2 2 2 2 2 2 2 2 2 5 19 19 32 32 31 1 1 1 1 1 1 1 1 1 1 1 0 0 1 1 1 4 4 8 6 6 4 4 2 2 2 2
 3 3 3 2 2 2 1 1 1 1 1 1 1 3 4 4 4 4 3 0 0 1 0 0 0 0 1 3 3 0 0 0 0 0 0 1 1 6 4 4 3 3 1 1 1 1
 3 3 3 2 2 2 1 1 1 1 1 1 1 3 4 4 4 4 3 0 0 1 0 0 0 0 1 3 3 0 0 0 0 0 0 1 1 6 4 4 3 3 1 1 1 1
 2 2 2 2 2 2 1 1 2 2 3 2 2 1 1 1 4 4 4 0 0 1 1 1 1 1 5 3 3 1 0 0 10 10 0 1 1 2 2 2 1 1 1 1 1 1
 1 1 1 1 1 1 1 1 1 1 1 1 1 1 1 1 1 1 1 0 0 1 2 2 2 2 4 2 2 1 1 1 1 1 0 1 1 2 4 4 1 1 2 2 2 2
 1 1 1 1 1 1 1 1 1 1 1 1 1 1 1 1 1 1 1 0 0 1 2 2 2 2 4 2 2 1 1 1 1 1 0 1 1 2 4 4 1 1 2 2 2 2
 0 0 0 0 0 0 0 0 0 0 1 1 1 1 1 1 1 1 1 0 0 1 2 2 2 2 4 3 3 5 1 1 2 2 1 1 1 2 4 4 2 2 3 2 2 2
 0 0 0 0 0 0 0 0 0 0 1 1 1 1 1 1 1 1 1 0 0 1 2 2 2 2 4 3 3 5 1 1 2 2 1 1 1 2 4 4 2 2 3 2 2 2
 0 0 0 1 1 1 1 1 1 1 2 1 1 1 1 1 1 1 1 0 0 0 0 0 1 1 1 3 3 3 5 5 10 10 10 2 2 1 1 1 2 2 1 1 1 1
 0 0 0 1 1 1 1 1 1 1 1 1 1 1 1 1 0 0 0 0 0 0 0 0 0 0 0 1 1 3 13 13 22 22 17 1 1 2 3 3 1 1 1 0 0 1
 0 0 0 1 1 1 1 1 1 1 1 1 1 1 1 1 0 0 0 0 0 0 0 0 0 0 0 1 1 3 13 13 22 22 17 1 1 2 3 3 1 1 1 0 0 1
 0 0 0 0 0 0 0 0 1 1 2 3 3 3 1 1 0 0 0 0 0 0 0 0 1 1 1 1 1 2 7 7 13 13 4 1 1 1 1 1 1 1 1 1 1 1
 0 0 1 1 1 0 0 0 0 0 0 5 5 2 2 2 1 1 0 0 0 0 0 0 1 1 1 1 1 1 2 2 4 4 2 1 1 1 1 1 1 1 2 1 1 1
