assets/RAT_results_old/precipitation/2022-08-04_IMERG.asc
ncols        46
nrows        77
xllcorner    74.800261325624
yllcorner    8.058333333333
cellsize     0.062500000000
NODATA_value -9999
 23 23 29 22 22 20 23 23 26 26 35 34 34 42 42 42 41 41 40 35 35 49 31 31 34 34 27 23 23 20 21 21 26 26 31 24 24 16 16 16 19 19 19 15 15 6
 15 15 18 22 22 23 20 20 17 17 24 24 24 35 34 34 38 38 36 40 40 41 52 52 38 38 31 26 26 23 16 16 17 17 20 32 32 17 14 14 12 12 17 11 11 4
 15 15 18 22 22 23 20 20 17 17 24 24 24 35 34 34 38 38 36 40 40 41 52 52 38 38 31 26 26 23 16 16 17 17 20 32 32 17 14 14 12 12 17 11 11 4
 22 22 17 15 15 16 17 17 16 16 21 18 18 24 27 27 29 29 32 34 34 36 40 40 48 48 42 22 22 16 12 12 14 14 12 16 16 17 11 11 7 7 9 11 11 10
 24 24 19 15 15 13 9 9 9 9 18 20 20 24 35 35 30 30 28 33 33 28 33 33 43 43 36 30 30 19 10 10 11 11 12 12 12 21 15 15 10 10 7 17 17 16
 24 24 19 15 15 13 9 9 9 9 18 20 20 24 35 35 30 30 28 33 33 28 33 33 43 43 36 30 30 19 10 10 11 11 12 12 12 21 15 15 10 10 7 17 17 16
 26 26 25 17 17 14 15 15 14 14 16 20 20 29 30 30 29 29 31 41 41 38 36 36 43 43 40 40 40 17 9 9 9 9 12 8 8 9 10 10 12 12 11 20 20 21
 26 26 25 17 17 14 15 15 14 14 16 20 20 29 30 30 29 29 31 41 41 38 36 36 43 43 40 40 40 17 9 9 9 9 12 8 8 9 10 10 12 12 11 20 20 21
 16 16 20 19 19 21 24 24 17 17 21 28 28 32 27 27 26 26 25 33 33 40 33 33 30 30 28 27 27 23 17 17 17 17 17 12 12 14 15 15 11 11 15 14 14 14
 16 16 15 20 20 20 20 20 20 20 23 31 31 33 35 35 37 37 21 23 23 31 32 32 24 24 19 20 20 24 24 24 24 24 23 24 24 23 26 26 19 19 21 24 24 25
 16 16 15 20 20 20 20 20 20 20 23 31 31 33 35 35 37 37 21 23 23 31 32 32 24 24 19 20 20 24 24 24 24 24 23 24 24 23 26 26 19 19 21 24 24 25
 18 18 12 30 30 25 23 23 28 28 30 30 30 36 38 38 51 51 42 31 31 30 27 27 17 17 18 22 22 28 17 17 42 42 33 27 27 31 38 38 35 35 33 33 33 35
 35 35 28 23 23 26 21 21 24 24 28 30 30 32 36 36 37 37 29 28 28 20 26 26 21 21 24 25 25 32 45 45 75 75 41 41 41 42 45 45 50 50 44 35 35 36
 35 35 28 23 23 26 21 21 24 24 28 30 30 32 36 36 37 37 29 28 28 20 26 26 21 21 24 25 25 32 45 45 75 75 41 41 41 42 45 45 50 50 44 35 35 36
 45 45 42 38 38 25 15 15 22 22 31 35 35 25 31 31 24 24 19 25 25 24 26 26 30 30 32 36 36 38 40 40 35 35 33 32 32 43 51 51 51 51 41 31 31 29
 45 45 42 38 38 25 15 15 22 22 31 35 35 25 31 31 24 24 19 25 25 24 26 26 30 30 32 36 36 38 40 40 35 35 33 32 32 43 51 51 51 51 41 31 31 29
 50 50 48 38 38 35 43 43 22 22 25 29 29 23 22 22 24 24 32 32 32 36 35 35 39 39 34 30 30 34 35 35 31 31 28 27 27 36 50 50 44 44 32 26 26 20
 49 49 51 52 52 27 28 28 18 18 26 26 26 24 26 26 29 29 26 40 40 43 38 38 36 36 31 26 26 26 27 27 24 24 25 19 19 21 40 40 32 32 25 26 26 26
 49 49 51 52 52 27 28 28 18 18 26 26 26 24 26 26 29 29 26 40 40 43 38 38 36 36 31 26 26 26 27 27 24 24 25 19 19 21 40 40 32 32 25 26 26 26
 37 37 44 44 44 38 16 16 24 24 25 26 26 26 24 24 18 18 23 22 22 39 30 30 26 26 23 21 21 20 22 22 30 30 31 17 17 19 32 32 39 39 43 20 20 17
 40 40 37 30 30 34 32 32 10 10 32 27 27 28 25 25 17 17 14 17 17 20 20 20 17 17 16 13 13 15 25 25 40 40 40 32 32 23 25 25 15 15 27 16 16 16
 40 40 37 30 30 34 32 32 10 10 32 27 27 28 25 25 17 17 14 17 17 20 20 20 17 17 16 13 13 15 25 25 40 40 40 32 32 23 25 25 15 15 27 16 16 16
 46 46 47 34 34 35 37 37 39 39 28 20 20 13 11 11 18 18 13 11 11 16 20 20 19 19 16 10 10 14 18 18 21 21 31 30 30 27 24 24 14 14 22 20 20 31
 46 46 47 34 34 35 37 37 39 39 28 20 20 13 11 11 18 18 13 11 11 16 20 20 19 19 16 10 10 14 18 18 21 21 31 30 30 27 24 24 14 14 22 20 20 31
 49 49 54 38 38 37 39 39 43 43 21 13 13 14 8 8 12 12 19 11 11 13 15 15 24 24 20 15 15 14 17 17 20 20 25 16 16 17 22 22 16 16 22 22 22 17
 53 53 47 46 46 46 41 41 34 34 22 13 13 11 13 13 10 10 11 10 10 17 25 25 30 30 25 19 19 20 15 15 15 15 12 9 9 6 10 10 11 11 7 6 6 10
 53 53 47 46 46 46 41 41 34 34 22 13 13 11 13 13 10 10 11 10 10 17 25 25 30 30 25 19 19 20 15 15 15 15 12 9 9 6 10 10 11 11 7 6 6 10
 48 48 44 53 53 51 49 49 42 42 23 20 20 15 20 20 9 9 9 10 10 13 18 18 28 28 24 20 20 20 13 13 7 7 8 4 4 3 7 7 8 8 5 5 5 7
 36 36 43 57 57 44 49 49 45 45 32 30 30 27 25 25 9 9 6 11 11 8 14 14 16 16 18 25 25 23 19 19 7 7 7 4 4 4 6 6 3 3 5 6 6 8
 36 36 43 57 57 44 49 49 45 45 32 30 30 27 25 25 9 9 6 11 11 8 14 14 16 16 18 25 25 23 19 19 7 7 7 4 4 4 6 6 3 3 5 6 6 8
 38 38 41 48 48 53 51 51 49 49 38 39 39 32 27 27 14 14 12 10 10 6 8 8 11 11 13 12 12 22 22 22 15 15 11 2 2 1 2 2 3 3 4 4 4 5
 38 38 41 48 48 53 51 51 49 49 38 39 39 32 27 27 14 14 12 10 10 6 8 8 11 11 13 12 12 22 22 22 15 15 11 2 2 1 2 2 3 3 4 4 4 5
 37 37 38 50 50 57 59 59 53 53 45 47 47 45 19 19 19 19 15 15 15 9 4 4 8 8 7 9 9 12 7 7 10 10 14 4 4 1 1 1 2 2 2 3 3 4
 39 39 47 51 51 56 54 54 55 55 52 61 61 51 50 50 26 26 17 20 20 21 17 17 14 14 16 12 12 11 8 8 8 8 5 4 4 2 6 6 3 3 4 4 4 4
 39 39 47 51 51 56 54 54 55 55 52 61 61 51 50 50 26 26 17 20 20 21 17 17 14 14 16 12 12 11 8 8 8 8 5 4 4 2 6 6 3 3 4 4 4 4
 50 50 58 63 63 43 62 62 66 66 57 62 62 67 54 54 55 55 44 47 47 37 28 28 26 26 17 19 19 13 19 19 16 16 19 17 17 6 9 9 6 6 7 6 6 7
 65 65 65 61 61 64 58 58 64 64 69 91 91 91 84 84 66 66 61 44 44 41 42 42 33 33 44 43 43 43 39 39 25 25 26 27 27 17 17 17 19 19 13 12 12 9
 65 65 65 61 61 64 58 58 64 64 69 91 91 91 84 84 66 66 61 44 44 41 42 42 33 33 44 43 43 43 39 39 25 25 26 27 27 17 17 17 19 19 13 12 12 9
 39 39 45 53 53 56 55 55 61 61 68 86 86 88 83 83 58 58 61 55 55 47 51 51 49 49 48 47 47 49 42 42 39 39 33 30 30 37 21 21 24 24 24 30 30 21
 39 39 45 53 53 56 55 55 61 61 68 86 86 88 83 83 58 58 61 55 55 47 51 51 49 49 48 47 47 49 42 42 39 39 33 30 30 37 21 21 24 24 24 30 30 21
 21 21 36 48 48 56 61 61 63 63 56 73 73 79 74 74 71 71 74 64 64 50 46 46 56 56 55 53 53 54 48 48 49 49 48 42 42 35 30 30 36 36 25 25 25 20
 18 18 28 32 32 48 55 55 55 55 55 70 70 71 70 70 72 72 62 64 64 54 54 54 54 54 53 46 46 43 42 42 39 39 49 38 38 30 20 20 25 25 17 18 18 14
 18 18 28 32 32 48 55 55 55 55 55 70 70 71 70 70 72 72 62 64 64 54 54 54 54 54 53 46 46 43 42 42 39 39 49 38 38 30 20 20 25 25 17 18 18 14
 18 18 15 17 17 16 16 16 33 33 36 66 66 66 64 64 82 82 83 66 66 39 42 42 51 51 49 47 47 41 40 40 34 34 30 19 19 31 18 18 17 17 8 13 13 7
 17 17 14 11 11 14 12 12 11 11 31 38 38 41 37 37 54 54 77 56 56 34 35 35 43 43 45 33 33 30 25 25 25 25 25 19 19 18 20 20 21 21 12 9 9 6
 17 17 14 11 11 14 12 12 11 11 31 38 38 41 37 37 54 54 77 56 56 34 35 35 43 43 45 33 33 30 25 25 25 25 25 19 19 18 20 20 21 21 12 9 9 6
 18 18 17 11 11 10 9 9 9 9 9 11 11 11 32 32 52 52 47 56 56 48 24 24 35 35 34 26 26 26 24 24 23 23 23 19 19 13 13 13 7 7 8 6 6 11
 18 18 17 11 11 10 9 9 9 9 9 11 11 11 32 32 52 52 47 56 56 48 24 24 35 35 34 26 26 26 24 24 23 23 23 19 19 13 13 13 7 7 8 6 6 11
 18 18 14 9 9 9 24 24 7 7 7 9 9 12 27 27 23 23 28 25 25 30 23 23 32 32 36 25 25 22 17 17 15 15 23 19 19 10 9 9 6 6 6 7 7 8
 17 17 18 30 30 28 27 27 9 9 9 12 12 14 18 18 14 14 28 24 24 20 13 13 15 15 23 19 19 15 17 17 20 20 14 13 13 6 5 5 5 5 6 9 9 13
 17 17 18 30 30 28 27 27 9 9 9 12 12 14 18 18 14 14 28 24 24 20 13 13 15 15 23 19 19 15 17 17 20 20 14 13 13 6 5 5 5 5 6 9 9 13
 20 20 21 32 32 30 29 29 25 25 27 13 13 15 18 18 18 18 15 12 12 12 10 10 14 14 22 15 15 13 11 11 14 14 14 13 13 5 3 3 4 4 8 14 14 12
 24 24 21 18 18 15 16 16 27 27 29 13 13 14 17 17 16 16 16 12 12 12 11 11 12 12 15 12 12 9 6 6 8 8 7 6 6 4 3 3 4 4 9 8 8 7
 24 24 21 18 18 15 16 16 27 27 29 13 13 14 17 17 16 16 16 12 12 12 11 11 12 12 15 12 12 9 6 6 8 8 7 6 6 4 3 3 4 4 9 8 8 7
 24 24 19 18 18 15 15 15 10 10 10 9 9 11 18 18 20 20 13 13 13 9 6 6 10 10 10 10 10 8 6 6 6 6 4 4 4 4 6 6 7 7 10 10 10 8
 24 24 19 18 18 15 15 15 10 10 10 9 9 11 18 18 20 20 13 13 13 9 6 6 10 10 10 10 10 8 6 6 6 6 4 4 4 4 6 6 7 7 10 10 10 8
 24 24 19 15 15 15 13 13 8 8 8 11 11 14 15 15 11 11 11 7 7 5 4 4 7 7 8 10 10 9 6 6 4 4 3 5 5 5 5 5 4 4 11 7 7 5
 18 18 15 16 16 17 12 12 9 9 10 15 15 19 18 18 12 12 8 7 7 5 4 4 4 4 9 8 8 7 5 5 3 3 5 7 7 6 5 5 9 9 9 7 7 4
 18 18 15 16 16 17 12 12 9 9 10 15 15 19 18 18 12 12 8 7 7 5 4 4 4 4 9 8 8 7 5 5 3 3 5 7 7 6 5 5 9 9 9 7 7 4
 15 15 13 15 15 20 14 14 13 13 14 13 13 19 22 22 18 18 13 9 9 7 7 7 7 7 11 8 8 8 7 7 5 5 5 4 4 3 4 4 9 9 10 5 5 4
 16 16 15 12 12 12 11 11 13 13 13 10 10 22 28 28 22 22 14 7 7 8 9 9 7 7 7 8 8 8 11 11 7 7 5 2 2 3 4 4 7 7 7 8 8 2
 16 16 15 12 12 12 11 11 13 13 13 10 10 22 28 28 22 22 14 7 7 8 9 9 7 7 7 8 8 8 11 11 7 7 5 2 2 3 4 4 7 7 7 8 8 2
 13 13 10 8 8 9 9 9 8 8 8 12 12 15 17 17 13 13 8 8 8 10 8 8 4 4 4 7 7 6 5 5 2 2 2 2 2 3 4 4 8 8 11 14 14 6
 13 13 10 8 8 9 9 9 8 8 8 12 12 15 17 17 13 13 8 8 8 10 8 8 4 4 4 7 7 6 5 5 2 2 2 2 2 3 4 4 8 8 11 14 14 6
 13 13 9 7 7 8 6 6 6 6 9 11 11 12 15 15 10 10 8 8 8 14 9 9 6 6 3 3 3 3 3 3 2 2 2 2 2 2 7 7 14 14 12 12 12 6
 13 13 11 12 12 10 6 6 10 10 11 12 12 14 17 17 11 11 8 8 8 10 9 9 5 5 3 2 2 2 2 2 2 2 2 2 2 2 8 8 16 16 12 12 12 7
 13 13 11 12 12 10 6 6 10 10 11 12 12 14 17 17 11 11 8 8 8 10 9 9 5 5 3 2 2 2 2 2 2 2 2 2 2 2 8 8 16 16 12 12 12 7
 15 15 16 19 19 16 9 9 13 13 12 12 12 13 12 12 10 10 10 7 7 5 5 5 4 4 4 2 2 2 3 3 3 3 2 4 4 2 5 5 9 9 15 17 17 13
 15 15 18 21 21 18 13 13 17 17 13 11 11 14 11 11 9 9 7 5 5 3 4 4 4 4 3 5 5 2 2 2 2 2 2 3 3 4 5 5 7 7 9 10 10 13
 15 15 18 21 21 18 13 13 17 17 13 11 11 14 11 11 9 9 7 5 5 3 4 4 4 4 3 5 5 2 2 2 2 2 2 3 3 4 5 5 7 7 9 10 10 13
 15 15 15 17 17 16 18 18 26 26 21 12 12 10 9 9 7 7 6 5 5 4 4 4 4 4 2 2 2 1 1 1 1 1 1 4 4 6 3 3 7 7 9 12 12 13
 15 15 15 17 17 16 18 18 26 26 21 12 12 10 9 9 7 7 6 5 5 4 4 4 4 4 2 2 2 1 1 1 1 1 1 4 4 6 3 3 7 7 9 12 12 13
 17 17 14 13 13 15 18 18 22 22 24 16 16 9 7 7 5 5 4 4 4 5 4 4 3 3 3 3 3 1 1 1 3 3 4 2 2 3 3 3 2 2 3 6 6 13
 13 13 12 12 12 15 16 16 15 15 17 10 10 7 5 5 6 6 4 4 4 4 4 4 2 2 2 2 2 3 2 2 3 3 2 2 2 3 3 3 3 3 3 10 10 18
 13 13 12 12 12 15 16 16 15 15 17 10 10 7 5 5 6 6 4 4 4 4 4 4 2 2 2 2 2 3 2 2 3 3 2 2 2 3 3 3 3 3 3 10 10 18
 14 14 15 17 17 20 22 22 19 19 13 9 9 8 5 5 4 4 4 4 4 5 3 3 4 4 8 4 4 3 3 3 3 3 2 2 2 2 2 2 3 3 3 5 5 6
 19 19 19 21 21 25 28 28 16 16 10 9 9 10 7 7 3 3 3 3 3 3 4 4 6 6 13 11 11 5 4 4 4 4 2 3 3 2 1 1 2 2 4 1 1 2
