assets/RAT_results_old/precipitation/2022-06-07_IMERG.asc
ncols        46
nrows        77
xllcorner    74.800261325624
yllcorner    8.058333333333
cellsize     0.062500000000
NODATA_value -9999
 2 2 1 1 1 1 2 2 1 1 0 0 0 0 0 0 0 0 0 0 0 0 0 0 0 0 0 0 0 0 0 0 0 0 0 0 0 0 0 0 0 0 0 0 0 0
 8 8 1 2 2 3 3 3 2 2 0 0 0 0 1 1 0 0 0 0 0 0 1 1 1 1 0 0 0 0 0 0 0 0 0 0 0 0 0 0 0 0 0 0 0 0
 8 8 1 2 2 3 3 3 2 2 0 0 0 0 1 1 0 0 0 0 0 0 1 1 1 1 0 0 0 0 0 0 0 0 0 0 0 0 0 0 0 0 0 0 0 0
 8 8 1 1 1 4 3 3 1 1 1 1 1 3 1 1 0 0 0 0 0 0 0 0 0 0 0 0 0 0 0 0 0 0 0 0 0 0 0 0 0 0 0 0 0 0
 2 2 0 0 0 1 1 1 2 2 3 3 3 3 1 1 0 0 0 0 0 0 0 0 0 0 0 0 0 0 0 0 0 0 0 0 0 0 0 0 0 0 0 0 0 0
 2 2 0 0 0 1 1 1 2 2 3 3 3 3 1 1 0 0 0 0 0 0 0 0 0 0 0 0 0 0 0 0 0 0 0 0 0 0 0 0 0 0 0 0 0 0
 1 1 0 0 0 0 1 1 1 1 3 3 3 1 1 1 0 0 0 0 0 0 0 0 0 0 0 1 1 1 0 0 0 0 0 0 0 0 0 0 0 0 0 0 0 0
 1 1 0 0 0 0 1 1 1 1 3 3 3 1 1 1 0 0 0 0 0 0 0 0 0 0 0 1 1 1 0 0 0 0 0 0 0 0 0 0 0 0 0 0 0 0
 4 4 2 8 8 3 3 3 3 3 1 0 0 0 0 0 0 0 0 1 1 2 3 3 2 2 3 5 5 4 2 2 0 0 0 0 0 0 0 0 0 0 0 0 0 0
 5 5 5 18 18 6 10 10 6 6 2 0 0 0 0 0 0 0 0 1 1 3 5 5 5 5 5 7 7 7 4 4 1 1 0 0 0 0 0 0 0 0 0 0 0 0
 5 5 5 18 18 6 10 10 6 6 2 0 0 0 0 0 0 0 0 1 1 3 5 5 5 5 5 7 7 7 4 4 1 1 0 0 0 0 0 0 0 0 0 0 0 0
 6 6 20 13 13 26 22 22 23 23 6 3 3 1 0 0 0 0 0 1 1 1 2 2 2 2 2 2 2 2 1 1 0 0 0 0 0 0 0 0 0 0 0 0 0 0
 6 6 7 19 19 22 10 10 16 16 18 9 9 6 0 0 0 0 0 0 0 0 1 1 1 1 1 1 1 1 0 0 0 0 0 0 0 0 0 0 0 0 0 0 0 0
 6 6 7 19 19 22 10 10 16 16 18 9 9 6 0 0 0 0 0 0 0 0 1 1 1 1 1 1 1 1 0 0 0 0 0 0 0 0 0 0 0 0 0 0 0 0
 7 7 4 6 6 2 3 3 3 3 2 8 8 11 0 0 0 0 0 0 0 0 0 0 0 0 0 0 0 0 0 0 0 0 0 0 0 0 0 0 0 0 0 0 0 0
 7 7 4 6 6 2 3 3 3 3 2 8 8 11 0 0 0 0 0 0 0 0 0 0 0 0 0 0 0 0 0 0 0 0 0 0 0 0 0 0 0 0 0 0 0 0
 7 7 6 2 2 1 0 0 1 1 1 9 9 14 5 5 0 0 0 0 0 0 0 0 0 0 0 0 0 0 0 0 0 0 0 0 0 0 0 0 0 0 0 0 0 1
 5 5 4 1 1 1 0 0 2 2 0 0 0 4 2 2 5 5 0 0 0 0 0 0 0 0 0 0 0 0 0 0 0 0 0 0 0 0 0 0 0 0 0 0 0 0
 5 5 4 1 1 1 0 0 2 2 0 0 0 4 2 2 5 5 0 0 0 0 0 0 0 0 0 0 0 0 0 0 0 0 0 0 0 0 0 0 0 0 0 0 0 0
 4 4 37 19 19 20 3 3 2 2 0 0 0 0 0 0 0 0 5 0 0 0 0 0 0 0 0 0 0 0 0 0 0 0 0 0 0 0 0 0 0 0 0 0 0 1
 42 42 39 23 23 27 19 19 17 17 0 0 0 0 0 0 0 0 0 0 0 0 1 1 1 1 1 0 0 0 0 0 0 0 0 0 0 0 0 0 0 0 0 0 0 1
 42 42 39 23 23 27 19 19 17 17 0 0 0 0 0 0 0 0 0 0 0 0 1 1 1 1 1 0 0 0 0 0 0 0 0 0 0 0 0 0 0 0 0 0 0 1
 56 56 56 58 58 60 19 19 16 16 0 1 1 1 1 1 1 1 1 1 1 3 0 0 0 0 0 0 0 1 0 0 1 1 0 0 0 0 0 0 0 0 1 1 1 1
 56 56 56 58 58 60 19 19 16 16 0 1 1 1 1 1 1 1 1 1 1 3 0 0 0 0 0 0 0 1 0 0 1 1 0 0 0 0 0 0 0 0 1 1 1 1
 71 71 68 47 47 42 38 38 1 1 0 1 1 1 1 1 0 0 1 1 1 0 0 0 0 0 0 0 0 2 0 0 0 0 0 0 0 0 0 0 1 1 1 1 1 1
 60 60 65 55 55 46 39 39 1 1 1 0 0 2 1 1 0 0 0 0 0 0 0 0 0 0 0 1 1 1 0 0 0 0 0 0 0 0 0 0 1 1 1 1 1 1
 60 60 65 55 55 46 39 39 1 1 1 0 0 2 1 1 0 0 0 0 0 0 0 0 0 0 0 1 1 1 0 0 0 0 0 0 0 0 0 0 1 1 1 1 1 1
 64 64 67 66 66 58 47 47 2 2 2 0 0 4 6 6 1 1 0 0 0 0 0 0 0 0 0 0 0 0 1 1 0 0 0 0 0 1 1 1 1 1 1 1 1 1
 58 58 69 71 71 76 47 47 32 32 25 6 6 2 3 3 1 1 1 0 0 0 7 7 17 17 0 0 0 0 0 0 0 0 0 0 0 1 0 0 0 0 1 1 1 1
 58 58 69 71 71 76 47 47 32 32 25 6 6 2 3 3 1 1 1 0 0 0 7 7 17 17 0 0 0 0 0 0 0 0 0 0 0 1 0 0 0 0 1 1 1 1
 29 29 31 41 41 63 55 55 24 24 37 33 33 24 4 4 2 2 2 1 1 0 2 2 0 0 1 0 0 1 1 1 0 0 0 0 0 0 0 0 0 0 0 0 0 0
 29 29 31 41 41 63 55 55 24 24 37 33 33 24 4 4 2 2 2 1 1 0 2 2 0 0 1 0 0 1 1 1 0 0 0 0 0 0 0 0 0 0 0 0 0 0
 26 26 29 36 36 39 35 35 35 35 31 40 40 34 31 31 3 3 2 2 2 1 2 2 3 3 3 1 1 1 1 1 0 0 0 0 0 0 0 0 2 2 0 0 0 0
 22 22 20 28 28 33 24 24 24 24 43 38 38 44 38 38 16 16 18 5 5 9 5 5 3 3 0 0 0 1 1 1 1 1 1 1 1 0 0 0 0 0 2 0 0 0
 22 22 20 28 28 33 24 24 24 24 43 38 38 44 38 38 16 16 18 5 5 9 5 5 3 3 0 0 0 1 1 1 1 1 1 1 1 0 0 0 0 0 2 0 0 0
 24 24 16 15 15 15 11 11 11 11 36 37 37 44 45 45 30 30 22 19 19 15 14 14 0 0 0 3 3 1 1 1 1 1 1 1 1 0 0 0 0 0 3 1 1 1
 16 16 9 10 10 11 15 15 14 14 27 28 28 40 47 47 36 36 30 26 26 19 14 14 4 4 4 1 1 0 1 1 1 1 1 2 2 1 3 3 1 1 1 1 1 3
 16 16 9 10 10 11 15 15 14 14 27 28 28 40 47 47 36 36 30 26 26 19 14 14 4 4 4 1 1 0 1 1 1 1 1 2 2 1 3 3 1 1 1 1 1 3
 9 9 6 7 7 8 8 8 12 12 6 8 8 10 16 16 17 17 26 20 20 14 13 13 5 5 1 1 1 2 1 1 1 1 1 3 3 3 4 4 3 3 3 4 4 4
 9 9 6 7 7 8 8 8 12 12 6 8 8 10 16 16 17 17 26 20 20 14 13 13 5 5 1 1 1 2 1 1 1 1 1 3 3 3 4 4 3 3 3 4 4 4
 4 4 4 5 5 6 6 6 6 6 4 7 7 7 10 10 16 16 21 18 18 8 1 1 1 1 1 2 2 1 1 1 0 0 1 3 3 2 2 2 1 1 2 4 4 4
 3 3 4 5 5 5 5 5 6 6 6 8 8 7 9 9 8 8 8 13 13 2 2 2 1 1 1 2 2 1 1 1 1 1 1 2 2 2 1 1 1 1 1 7 7 3
 3 3 4 5 5 5 5 5 6 6 6 8 8 7 9 9 8 8 8 13 13 2 2 2 1 1 1 2 2 1 1 1 1 1 1 2 2 2 1 1 1 1 1 7 7 3
 5 5 6 9 9 10 9 9 7 7 9 11 11 9 8 8 4 4 4 2 2 2 2 2 2 2 2 3 3 3 4 4 3 3 1 2 2 2 1 1 1 1 1 4 4 3
 5 5 7 8 8 9 11 11 9 9 6 7 7 6 7 7 5 5 3 4 4 5 2 2 1 1 3 4 4 5 6 6 5 5 2 0 0 1 1 1 1 1 1 1 1 4
 5 5 7 8 8 9 11 11 9 9 6 7 7 6 7 7 5 5 3 4 4 5 2 2 1 1 3 4 4 5 6 6 5 5 2 0 0 1 1 1 1 1 1 1 1 4
 4 4 6 6 6 6 7 7 7 7 5 5 5 5 9 9 11 11 11 11 11 16 3 3 3 3 2 2 2 2 4 4 13 13 6 2 2 1 1 1 3 3 2 1 1 4
 4 4 6 6 6 6 7 7 7 7 5 5 5 5 9 9 11 11 11 11 11 16 3 3 3 3 2 2 2 2 4 4 13 13 6 2 2 1 1 1 3 3 2 1 1 4
 8 8 11 10 10 9 5 5 5 5 8 6 6 10 13 13 14 14 15 12 12 12 6 6 3 3 2 5 5 2 2 2 3 3 4 3 3 3 3 3 1 1 3 3 3 6
 19 19 24 23 23 18 6 6 5 5 8 9 9 14 18 18 17 17 17 20 20 16 4 4 4 4 2 4 4 2 2 2 1 1 3 2 2 1 3 3 2 2 2 4 4 4
 19 19 24 23 23 18 6 6 5 5 8 9 9 14 18 18 17 17 17 20 20 16 4 4 4 4 2 4 4 2 2 2 1 1 3 2 2 1 3 3 2 2 2 4 4 4
 21 21 25 23 23 15 7 7 6 6 8 9 9 11 11 11 13 13 17 21 21 20 15 15 11 11 4 4 4 3 3 3 2 2 1 3 3 0 2 2 3 3 2 1 1 2
 8 8 12 15 15 12 9 9 10 10 16 21 21 13 8 8 6 6 10 13 13 13 14 14 4 4 3 4 4 3 3 3 1 1 1 2 2 1 2 2 1 1 1 2 2 2
 8 8 12 15 15 12 9 9 10 10 16 21 21 13 8 8 6 6 10 13 13 13 14 14 4 4 3 4 4 3 3 3 1 1 1 2 2 1 2 2 1 1 1 2 2 2
 4 4 8 13 13 13 11 11 10 10 11 13 13 10 7 7 6 6 7 8 8 10 13 13 1 1 1 2 2 4 3 3 1 1 4 3 3 1 2 2 2 2 2 1 1 1
 4 4 8 13 13 13 11 11 10 10 11 13 13 10 7 7 6 6 7 8 8 10 13 13 1 1 1 2 2 4 3 3 1 1 4 3 3 1 2 2 2 2 2 1 1 1
 2 2 4 9 9 8 8 8 7 7 5 6 6 8 6 6 4 4 5 5 5 5 7 7 6 6 0 2 2 3 3 3 2 2 4 4 4 2 2 2 1 1 1 1 1 2
 2 2 3 8 8 5 3 3 4 4 3 4 4 18 18 18 27 27 23 9 9 9 5 5 1 1 2 4 4 2 2 2 4 4 4 4 4 3 2 2 0 0 0 0 0 0
 2 2 3 8 8 5 3 3 4 4 3 4 4 18 18 18 27 27 23 9 9 9 5 5 1 1 2 4 4 2 2 2 4 4 4 4 4 3 2 2 0 0 0 0 0 0
 2 2 2 4 4 3 2 2 2 2 3 4 4 5 20 20 16 16 8 5 5 8 10 10 12 12 7 4 4 2 2 2 1 1 3 1 1 1 1 1 0 0 0 0 0 1
 4 4 3 3 3 3 4 4 3 3 2 3 3 3 4 4 4 4 4 4 4 14 20 20 23 23 23 6 6 2 2 2 2 2 2 1 1 1 1 1 1 1 1 1 1 1
 4 4 3 3 3 3 4 4 3 3 2 3 3 3 4 4 4 4 4 4 4 14 20 20 23 23 23 6 6 2 2 2 2 2 2 1 1 1 1 1 1 1 1 1 1 1
 3 3 4 4 4 3 3 3 3 3 3 3 3 3 3 3 4 4 4 4 4 4 17 17 23 23 15 6 6 3 3 3 3 3 2 2 2 1 1 1 2 2 1 1 1 0
 3 3 4 4 4 3 3 3 3 3 3 3 3 3 3 3 4 4 4 4 4 4 17 17 23 23 15 6 6 3 3 3 3 3 2 2 2 1 1 1 2 2 1 1 1 0
 2 2 5 4 4 2 2 2 2 2 3 4 4 4 4 4 5 5 5 5 5 4 8 8 14 14 23 3 3 1 1 1 1 1 1 1 1 0 1 1 0 0 0 0 0 0
 1 1 1 1 1 1 1 1 3 3 4 5 5 7 10 10 6 6 7 8 8 6 8 8 11 11 15 6 6 1 0 0 0 0 0 0 0 0 0 0 0 0 0 0 0 0
 1 1 1 1 1 1 1 1 3 3 4 5 5 7 10 10 6 6 7 8 8 6 8 8 11 11 15 6 6 1 0 0 0 0 0 0 0 0 0 0 0 0 0 0 0 0
 0 0 0 0 0 1 1 1 2 2 4 4 4 5 6 6 5 5 5 6 6 7 7 7 8 8 8 4 4 1 0 0 1 1 1 0 0 0 0 0 0 0 1 1 1 0
 0 0 0 0 0 1 1 1 1 1 2 4 4 4 6 6 7 7 8 7 7 7 6 6 4 4 3 2 2 1 1 1 1 1 1 1 1 1 1 1 0 0 0 3 3 0
 0 0 0 0 0 1 1 1 1 1 2 4 4 4 6 6 7 7 8 7 7 7 6 6 4 4 3 2 2 1 1 1 1 1 1 1 1 1 1 1 0 0 0 3 3 0
 0 0 0 0 0 0 0 0 1 1 2 3 3 4 4 4 5 5 7 9 9 9 8 8 8 8 5 2 2 1 2 2 3 3 4 4 4 2 1 1 0 0 1 2 2 0
 0 0 0 0 0 0 0 0 1 1 2 3 3 4 4 4 5 5 7 9 9 9 8 8 8 8 5 2 2 1 2 2 3 3 4 4 4 2 1 1 0 0 1 2 2 0
 1 1 1 1 1 1 1 1 1 1 2 3 3 4 5 5 4 4 5 6 6 7 7 7 9 9 10 8 8 5 2 2 5 5 19 3 3 1 1 1 1 1 0 0 0 1
 1 1 2 1 1 1 1 1 1 1 1 1 1 2 4 4 5 5 5 7 7 9 9 9 11 11 17 18 18 13 12 12 16 16 15 12 12 8 4 4 5 5 3 2 2 4
 1 1 2 1 1 1 1 1 1 1 1 1 1 2 4 4 5 5 5 7 7 9 9 9 11 11 17 18 18 13 12 12 16 16 15 12 12 8 4 4 5 5 3 2 2 4
 0 0 1 1 1 1 1 1 1 1 1 0 0 1 2 2 4 4 4 6 6 8 10 10 13 13 15 16 16 14 14 14 16 16 12 3 3 3 5 5 9 9 6 2 2 1
 0 0 1 0 0 1 1 1 1 1 0 0 0 1 2 2 2 2 2 3 3 6 10 10 13 13 10 10 10 10 11 11 11 11 13 4 4 3 4 4 3 3 2 0 0 0
