assets/RAT_results_old/precipitation/2022-05-17_IMERG.asc
ncols        46
nrows        77
xllcorner    74.800261325624
yllcorner    8.058333333333
cellsize     0.062500000000
NODATA_value -9999
 19 19 14 14 14 14 13 13 18 18 18 18 18 28 32 32 29 29 29 43 43 44 48 48 47 47 36 40 40 34 44 44 49 49 44 52 52 65 54 54 45 45 81 47 47 44
 24 24 28 14 14 16 16 16 17 17 17 15 15 30 32 32 42 42 44 48 48 51 58 58 59 59 35 37 37 31 34 34 37 37 26 35 35 46 44 44 77 77 80 53 53 42
 24 24 28 14 14 16 16 16 17 17 17 15 15 30 32 32 42 42 44 48 48 51 58 58 59 59 35 37 37 31 34 34 37 37 26 35 35 46 44 44 77 77 80 53 53 42
 30 30 27 24 24 15 16 16 16 16 17 14 14 32 29 29 42 42 43 50 50 61 39 39 42 42 38 46 46 39 46 46 43 43 28 38 38 28 35 35 48 48 91 87 87 48
 40 40 41 33 33 24 24 24 16 16 15 29 29 28 27 27 47 47 45 41 41 41 37 37 42 42 33 30 30 39 22 22 22 22 21 27 27 30 40 40 57 57 85 42 42 26
 40 40 41 33 33 24 24 24 16 16 15 29 29 28 27 27 47 47 45 41 41 41 37 37 42 42 33 30 30 39 22 22 22 22 21 27 27 30 40 40 57 57 85 42 42 26
 77 77 39 41 41 25 23 23 20 20 16 18 18 15 19 19 19 19 27 34 34 36 35 35 16 16 17 18 18 19 24 24 22 22 24 26 26 31 29 29 40 40 49 42 42 25
 77 77 39 41 41 25 23 23 20 20 16 18 18 15 19 19 19 19 27 34 34 36 35 35 16 16 17 18 18 19 24 24 22 22 24 26 26 31 29 29 40 40 49 42 42 25
 104 104 95 45 45 47 44 44 36 36 27 21 21 14 17 17 17 17 32 34 34 28 28 28 17 17 15 16 16 16 19 19 22 22 23 28 28 31 38 38 40 40 43 46 46 34
 273 273 221 130 130 99 51 51 42 42 25 18 18 15 11 11 15 15 19 22 22 18 16 16 10 10 13 10 10 14 17 17 18 18 24 28 28 24 32 32 34 34 34 46 46 51
 273 273 221 130 130 99 51 51 42 42 25 18 18 15 11 11 15 15 19 22 22 18 16 16 10 10 13 10 10 14 17 17 18 18 24 28 28 24 32 32 34 34 34 46 46 51
 275 275 260 135 135 136 107 107 55 55 47 22 22 25 10 10 12 12 16 18 18 16 14 14 6 6 10 8 8 9 14 14 16 16 18 21 21 19 30 30 35 35 34 59 59 50
 279 279 297 258 258 229 183 183 64 64 27 20 20 21 9 9 13 13 10 19 19 13 11 11 5 5 8 7 7 8 13 13 15 15 15 16 16 16 18 18 25 25 19 25 25 33
 279 279 297 258 258 229 183 183 64 64 27 20 20 21 9 9 13 13 10 19 19 13 11 11 5 5 8 7 7 8 13 13 15 15 15 16 16 16 18 18 25 25 19 25 25 33
 278 278 333 295 295 273 192 192 119 119 53 46 46 19 17 17 9 9 9 20 20 15 15 15 6 6 7 5 5 6 16 16 12 12 11 10 10 12 16 16 18 18 18 22 22 30
 278 278 333 295 295 273 192 192 119 119 53 46 46 19 17 17 9 9 9 20 20 15 15 15 6 6 7 5 5 6 16 16 12 12 11 10 10 12 16 16 18 18 18 22 22 30
 274 274 333 328 328 336 301 301 190 190 91 78 78 34 17 17 8 8 8 12 12 10 9 9 8 8 11 6 6 9 19 19 15 15 16 9 9 11 14 14 11 11 12 10 10 3
 254 254 293 310 310 305 236 236 225 225 101 89 89 38 34 34 10 10 11 11 11 7 6 6 6 6 8 6 6 9 16 16 10 10 16 15 15 21 23 23 17 17 12 16 16 9
 254 254 293 310 310 305 236 236 225 225 101 89 89 38 34 34 10 10 11 11 11 7 6 6 6 6 8 6 6 9 16 16 10 10 16 15 15 21 23 23 17 17 12 16 16 9
 226 226 269 317 317 316 339 339 265 265 133 100 100 43 43 43 9 9 10 9 9 7 4 4 5 5 3 3 3 5 4 4 10 10 13 20 20 23 25 25 18 18 14 21 21 16
 185 185 228 253 253 229 230 230 255 255 249 121 121 44 44 44 12 12 13 7 7 8 11 11 9 9 4 1 1 2 2 2 4 4 8 13 13 17 18 18 12 12 11 15 15 25
 185 185 228 253 253 229 230 230 255 255 249 121 121 44 44 44 12 12 13 7 7 8 11 11 9 9 4 1 1 2 2 2 4 4 8 13 13 17 18 18 12 12 11 15 15 25
 155 155 158 230 230 200 206 206 254 254 246 43 43 42 18 18 14 14 7 6 6 5 17 17 9 9 4 1 1 3 4 4 4 4 7 8 8 9 9 9 6 6 7 9 9 15
 155 155 158 230 230 200 206 206 254 254 246 43 43 42 18 18 14 14 7 6 6 5 17 17 9 9 4 1 1 3 4 4 4 4 7 8 8 9 9 9 6 6 7 9 9 15
 131 131 154 154 154 95 114 114 85 85 89 35 35 40 20 20 20 20 16 5 5 7 16 16 16 16 16 4 4 5 4 4 4 4 4 5 5 5 5 5 6 6 7 10 10 15
 89 89 91 81 81 63 81 81 64 64 57 28 28 29 20 20 20 20 13 11 11 7 12 12 21 21 22 5 5 3 2 2 2 2 1 1 1 2 3 3 6 6 9 13 13 16
 89 89 91 81 81 63 81 81 64 64 57 28 28 29 20 20 20 20 13 11 11 7 12 12 21 21 22 5 5 3 2 2 2 2 1 1 1 2 3 3 6 6 9 13 13 16
 50 50 87 77 77 57 40 40 40 40 40 17 17 19 16 16 16 16 11 15 15 6 11 11 21 21 21 12 12 3 2 2 1 1 1 1 1 2 5 5 10 10 14 16 16 17
 49 49 49 49 49 39 31 31 30 30 23 19 19 13 10 10 11 11 8 12 12 18 17 17 22 22 14 15 15 1 1 1 1 1 1 2 2 4 9 9 12 12 15 17 17 18
 49 49 49 49 49 39 31 31 30 30 23 19 19 13 10 10 11 11 8 12 12 18 17 17 22 22 14 15 15 1 1 1 1 1 1 2 2 4 9 9 12 12 15 17 17 18
 32 32 30 33 33 40 33 33 35 35 24 19 19 12 11 11 12 12 13 12 12 17 17 17 15 15 15 17 17 3 1 1 1 1 3 5 5 8 14 14 13 13 16 15 15 14
 32 32 30 33 33 40 33 33 35 35 24 19 19 12 11 11 12 12 13 12 12 17 17 17 15 15 15 17 17 3 1 1 1 1 3 5 5 8 14 14 13 13 16 15 15 14
 34 34 36 36 36 35 32 32 30 30 19 15 15 13 20 20 19 19 18 17 17 20 17 17 15 15 12 2 2 1 1 1 3 3 5 7 7 9 17 17 17 17 18 16 16 15
 35 35 39 41 41 38 35 35 33 33 30 15 15 15 20 20 17 17 18 19 19 13 9 9 6 6 4 2 2 1 1 1 3 3 7 7 7 8 10 10 16 16 14 13 13 12
 35 35 39 41 41 38 35 35 33 33 30 15 15 15 20 20 17 17 18 19 19 13 9 9 6 6 4 2 2 1 1 1 3 3 7 7 7 8 10 10 16 16 14 13 13 12
 50 50 45 38 38 38 37 37 34 34 32 25 25 19 17 17 10 10 17 18 18 18 12 12 8 8 4 1 1 0 1 1 2 2 5 5 5 6 7 7 10 10 10 10 10 9
 58 58 50 48 48 47 44 44 46 46 41 39 39 38 19 19 13 13 14 19 19 17 14 14 4 4 3 0 0 1 1 1 1 1 1 2 2 4 4 4 5 5 8 8 8 7
 58 58 50 48 48 47 44 44 46 46 41 39 39 38 19 19 13 13 14 19 19 17 14 14 4 4 3 0 0 1 1 1 1 1 1 2 2 4 4 4 5 5 8 8 8 7
 68 68 46 44 44 45 42 42 44 44 45 37 37 38 17 17 15 15 16 20 20 17 16 16 7 7 3 2 2 5 3 3 0 0 1 1 1 1 3 3 3 3 4 5 5 5
 68 68 46 44 44 45 42 42 44 44 45 37 37 38 17 17 15 15 16 20 20 17 16 16 7 7 3 2 2 5 3 3 0 0 1 1 1 1 3 3 3 3 4 5 5 5
 67 67 73 63 63 58 54 54 42 42 42 38 38 38 18 18 19 19 21 26 26 17 12 12 7 7 2 2 2 5 2 2 0 0 1 0 0 0 1 1 1 1 1 2 2 2
 79 79 79 52 52 52 44 44 45 45 41 42 42 37 22 22 19 19 32 22 22 18 15 15 11 11 3 3 3 1 1 1 1 1 1 0 0 0 0 0 0 0 0 1 1 1
 79 79 79 52 52 52 44 44 45 45 41 42 42 37 22 22 19 19 32 22 22 18 15 15 11 11 3 3 3 1 1 1 1 1 1 0 0 0 0 0 0 0 0 1 1 1
 81 81 84 59 59 56 47 47 48 48 56 40 40 22 19 19 21 21 47 26 26 23 16 16 12 12 3 1 1 0 0 0 0 0 0 0 0 0 0 0 0 0 0 1 1 1
 75 75 76 63 63 58 47 47 48 48 54 61 61 30 20 20 27 27 43 26 26 28 24 24 23 23 8 0 0 0 0 0 0 0 0 1 1 0 0 0 0 0 0 1 1 1
 75 75 76 63 63 58 47 47 48 48 54 61 61 30 20 20 27 27 43 26 26 28 24 24 23 23 8 0 0 0 0 0 0 0 0 1 1 0 0 0 0 0 0 1 1 1
 55 55 63 58 58 60 32 32 36 36 26 74 74 31 19 19 16 16 33 41 41 39 31 31 21 21 8 0 0 2 0 0 0 0 0 0 0 0 0 0 0 0 0 0 0 1
 55 55 63 58 58 60 32 32 36 36 26 74 74 31 19 19 16 16 33 41 41 39 31 31 21 21 8 0 0 2 0 0 0 0 0 0 0 0 0 0 0 0 0 0 0 1
 43 43 47 74 74 87 46 46 59 59 41 39 39 18 18 18 38 38 20 55 55 35 32 32 20 20 20 4 4 1 0 0 0 0 0 0 0 0 0 0 0 0 0 0 0 0
 36 36 45 69 69 91 68 68 61 61 43 30 30 28 47 47 41 41 47 53 53 28 28 28 13 13 21 12 12 2 1 1 0 0 0 0 0 0 0 0 0 0 0 0 0 0
 36 36 45 69 69 91 68 68 61 61 43 30 30 28 47 47 41 41 47 53 53 28 28 28 13 13 21 12 12 2 1 1 0 0 0 0 0 0 0 0 0 0 0 0 0 0
 35 35 40 42 42 77 68 68 62 62 48 51 51 48 58 58 51 51 55 52 52 33 32 32 15 15 13 12 12 2 0 0 0 0 0 1 1 1 0 0 0 0 0 0 0 0
 37 37 29 33 33 37 35 35 37 37 43 41 41 49 55 55 55 55 51 53 53 33 28 28 15 15 9 7 7 4 0 0 0 0 0 1 1 1 0 0 1 1 1 1 1 0
 37 37 29 33 33 37 35 35 37 37 43 41 41 49 55 55 55 55 51 53 53 33 28 28 15 15 9 7 7 4 0 0 0 0 0 1 1 1 0 0 1 1 1 1 1 0
 45 45 37 28 28 30 31 31 34 34 26 28 28 28 43 43 48 48 57 46 46 29 11 11 13 13 2 7 7 1 0 0 0 0 0 0 0 1 1 1 1 1 1 1 1 0
 45 45 37 28 28 30 31 31 34 34 26 28 28 28 43 43 48 48 57 46 46 29 11 11 13 13 2 7 7 1 0 0 0 0 0 0 0 1 1 1 1 1 1 1 1 0
 40 40 42 35 35 28 28 28 27 27 31 28 28 42 37 37 41 41 45 50 50 21 11 11 13 13 2 1 1 0 0 0 0 0 0 0 0 0 0 0 1 1 0 0 0 0
 31 31 36 40 40 33 26 26 24 24 27 24 24 29 25 25 27 27 46 31 31 21 9 9 8 8 2 1 1 0 0 0 0 0 1 0 0 0 0 0 1 1 0 0 0 0
 31 31 36 40 40 33 26 26 24 24 27 24 24 29 25 25 27 27 46 31 31 21 9 9 8 8 2 1 1 0 0 0 0 0 1 0 0 0 0 0 1 1 0 0 0 0
 27 27 28 34 34 34 31 31 24 24 23 22 22 30 29 29 26 26 30 21 21 10 9 9 8 8 8 1 1 0 0 0 4 4 3 1 1 1 0 0 0 0 0 0 0 0
 33 33 26 33 33 32 31 31 26 26 23 20 20 28 28 28 22 22 26 22 22 14 11 11 8 8 8 0 0 1 0 0 10 10 1 0 0 1 0 0 0 0 0 0 0 0
 33 33 26 33 33 32 31 31 26 26 23 20 20 28 28 28 22 22 26 22 22 14 11 11 8 8 8 0 0 1 0 0 10 10 1 0 0 1 0 0 0 0 0 0 0 0
 60 60 55 32 32 32 27 27 25 25 24 23 23 25 29 29 24 24 25 23 23 12 12 12 12 12 6 1 1 1 4 4 0 0 0 1 1 1 1 1 0 0 0 0 0 0
 60 60 55 32 32 32 27 27 25 25 24 23 23 25 29 29 24 24 25 23 23 12 12 12 12 12 6 1 1 1 4 4 0 0 0 1 1 1 1 1 0 0 0 0 0 0
 64 64 62 69 69 34 31 31 29 29 27 25 25 21 23 23 22 22 22 18 18 13 15 15 11 11 6 1 1 2 1 1 1 1 0 1 1 1 1 1 1 1 0 0 0 0
 48 48 60 68 68 34 32 32 30 30 27 25 25 24 25 25 23 23 20 17 17 12 12 12 10 10 5 6 6 3 2 2 1 1 0 1 1 0 0 0 0 0 0 0 0 0
 48 48 60 68 68 34 32 32 30 30 27 25 25 24 25 25 23 23 20 17 17 12 12 12 10 10 5 6 6 3 2 2 1 1 0 1 1 0 0 0 0 0 0 0 0 0
 28 28 38 43 43 34 28 28 27 27 25 24 24 20 21 21 17 17 16 14 14 11 10 10 9 9 8 9 9 8 1 1 1 1 1 1 1 1 0 0 0 0 0 0 0 0
 23 23 24 32 32 28 26 26 24 24 22 20 20 17 18 18 17 17 13 10 10 9 9 9 13 13 13 14 14 10 9 9 1 1 2 2 2 1 1 1 0 0 0 1 1 1
 23 23 24 32 32 28 26 26 24 24 22 20 20 17 18 18 17 17 13 10 10 9 9 9 13 13 13 14 14 10 9 9 1 1 2 2 2 1 1 1 0 0 0 1 1 1
 26 26 21 23 23 26 22 22 20 20 17 16 16 15 16 16 16 16 15 13 13 13 13 13 14 14 15 17 17 12 11 11 5 5 2 2 2 2 1 1 0 0 0 0 0 0
 26 26 21 23 23 26 22 22 20 20 17 16 16 15 16 16 16 16 15 13 13 13 13 13 14 14 15 17 17 12 11 11 5 5 2 2 2 2 1 1 0 0 0 0 0 0
 28 28 26 21 21 21 22 22 20 20 21 18 18 19 19 19 20 20 20 19 19 17 17 17 16 16 16 16 16 15 12 12 10 10 5 3 3 3 1 1 0 0 0 0 0 0
 26 26 27 29 29 24 21 21 21 21 20 23 23 25 27 27 29 29 29 26 26 24 20 20 18 18 15 13 13 14 15 15 14 14 8 5 5 4 3 3 1 1 0 0 0 0
 26 26 27 29 29 24 21 21 21 21 20 23 23 25 27 27 29 29 29 26 26 24 20 20 18 18 15 13 13 14 15 15 14 14 8 5 5 4 3 3 1 1 0 0 0 0
 32 32 27 30 30 26 23 23 22 22 26 29 29 29 29 29 35 35 33 28 28 25 22 22 20 20 16 16 16 15 14 14 15 15 11 8 8 10 1 1 1 1 1 0 0 0
 54 54 43 37 37 32 30 30 32 32 36 34 34 34 34 34 35 35 32 29 29 26 22 22 20 20 16 13 13 14 16 16 15 15 14 13 13 9 3 3 2 2 5 0 0 0
