assets/RAT_results_old/precipitation/2022-04-29_IMERG.asc
ncols        46
nrows        77
xllcorner    74.800261325624
yllcorner    8.058333333333
cellsize     0.062500000000
NODATA_value -9999
 2 2 1 1 1 1 2 2 2 2 1 1 1 5 5 5 7 7 8 9 9 19 18 18 29 29 32 19 19 18 14 14 7 7 5 2 2 2 2 2 1 1 1 1 1 0
 2 2 3 2 2 2 2 2 2 2 2 1 1 1 7 7 11 11 15 16 16 23 50 50 35 35 42 18 18 15 11 11 3 3 3 2 2 2 3 3 1 1 1 0 0 0
 2 2 3 2 2 2 2 2 2 2 2 1 1 1 7 7 11 11 15 16 16 23 50 50 35 35 42 18 18 15 11 11 3 3 3 2 2 2 3 3 1 1 1 0 0 0
 3 3 4 3 3 2 3 3 2 2 5 4 4 4 7 7 13 13 15 17 17 29 29 29 40 40 51 17 17 10 10 10 3 3 2 2 2 2 3 3 2 2 2 1 1 1
 3 3 4 4 4 3 3 3 3 3 4 5 5 8 7 7 12 12 12 26 26 28 27 27 37 37 41 35 35 11 11 11 10 10 3 3 3 3 5 5 2 2 2 1 1 2
 3 3 4 4 4 3 3 3 3 3 4 5 5 8 7 7 12 12 12 26 26 28 27 27 37 37 41 35 35 11 11 11 10 10 3 3 3 3 5 5 2 2 2 1 1 2
 4 4 6 8 8 5 4 4 3 3 5 10 10 12 12 12 14 14 35 48 48 46 45 45 43 43 41 41 41 15 15 15 14 14 7 8 8 8 6 6 6 6 2 2 2 2
 4 4 6 8 8 5 4 4 3 3 5 10 10 12 12 12 14 14 35 48 48 46 45 45 43 43 41 41 41 15 15 15 14 14 7 8 8 8 6 6 6 6 2 2 2 2
 4 4 7 9 9 8 7 7 4 4 6 18 18 19 23 23 27 27 44 53 53 47 46 46 38 38 35 35 35 19 16 16 15 15 7 18 18 24 8 8 3 3 3 1 1 0
 14 14 13 18 18 15 14 14 12 12 10 20 20 22 37 37 37 37 47 57 57 45 46 46 39 39 36 33 33 28 29 29 27 27 20 20 20 22 4 4 5 5 4 2 2 0
 14 14 13 18 18 15 14 14 12 12 10 20 20 22 37 37 37 37 47 57 57 45 46 46 39 39 36 33 33 28 29 29 27 27 20 20 20 22 4 4 5 5 4 2 2 0
 20 20 20 13 13 15 15 15 17 17 18 35 35 42 55 55 68 68 71 58 58 63 58 58 44 44 36 29 29 27 29 29 29 29 22 20 20 20 16 16 3 3 2 2 2 0
 19 19 20 19 19 23 25 25 24 24 26 25 25 36 61 61 56 56 60 54 54 66 62 62 39 39 43 35 35 35 26 26 23 23 12 19 19 19 4 4 2 2 1 1 1 0
 19 19 20 19 19 23 25 25 24 24 26 25 25 36 61 61 56 56 60 54 54 66 62 62 39 39 43 35 35 35 26 26 23 23 12 19 19 19 4 4 2 2 1 1 1 0
 23 23 23 19 19 21 29 29 31 31 33 32 32 44 57 57 60 60 43 43 43 59 62 62 46 46 42 38 38 36 24 24 13 13 14 4 4 5 4 4 1 1 0 0 0 0
 23 23 23 19 19 21 29 29 31 31 33 32 32 44 57 57 60 60 43 43 43 59 62 62 46 46 42 38 38 36 24 24 13 13 14 4 4 5 4 4 1 1 0 0 0 0
 23 23 23 19 19 21 23 23 37 37 41 46 46 48 53 53 42 42 41 41 41 52 62 62 60 60 39 46 46 23 14 14 13 13 15 2 2 2 1 1 0 0 0 0 0 0
 26 26 26 28 28 31 27 27 26 26 50 41 41 31 40 40 36 36 38 38 38 63 64 64 43 43 24 16 16 7 2 2 2 2 2 2 2 1 1 1 0 0 0 0 0 0
 26 26 26 28 28 31 27 27 26 26 50 41 41 31 40 40 36 36 38 38 38 63 64 64 43 43 24 16 16 7 2 2 2 2 2 2 2 1 1 1 0 0 0 0 0 0
 35 35 34 29 29 27 21 21 22 22 48 48 48 32 42 42 29 29 33 56 56 71 76 76 72 72 10 11 11 6 2 2 1 1 0 0 0 0 0 0 0 0 0 0 0 0
 36 36 35 34 34 34 34 34 33 33 44 39 39 38 63 63 59 59 54 53 53 52 77 77 18 18 18 10 10 8 5 5 1 1 0 0 0 0 0 0 0 0 0 0 0 0
 36 36 35 34 34 34 34 34 33 33 44 39 39 38 63 63 59 59 54 53 53 52 77 77 18 18 18 10 10 8 5 5 1 1 0 0 0 0 0 0 0 0 0 0 0 0
 33 33 35 36 36 41 39 39 38 38 36 36 36 38 69 69 71 71 51 47 47 45 24 24 17 17 18 9 9 6 2 2 0 0 0 0 0 0 0 0 2 2 2 0 0 0
 33 33 35 36 36 41 39 39 38 38 36 36 36 38 69 69 71 71 51 47 47 45 24 24 17 17 18 9 9 6 2 2 0 0 0 0 0 0 0 0 2 2 2 0 0 0
 35 35 38 36 36 43 41 41 41 41 43 26 26 32 81 81 85 85 70 49 49 29 14 14 5 5 4 7 7 3 1 1 1 1 0 0 0 0 1 1 1 1 4 4 4 2
 36 36 48 49 49 59 57 57 49 49 52 31 31 29 45 45 47 47 44 33 33 37 17 17 14 14 13 1 1 0 0 0 0 0 0 0 0 1 1 1 1 1 5 6 6 6
 36 36 48 49 49 59 57 57 49 49 52 31 31 29 45 45 47 47 44 33 33 37 17 17 14 14 13 1 1 0 0 0 0 0 0 0 0 1 1 1 1 1 5 6 6 6
 59 59 60 64 64 64 63 63 53 53 55 29 29 30 33 33 42 42 30 25 25 24 14 14 7 7 4 0 0 0 0 0 0 0 0 1 1 1 1 1 1 1 2 11 11 1
 63 63 63 66 66 65 49 49 46 46 46 34 34 36 25 25 26 26 24 23 23 20 12 12 5 5 1 0 0 0 0 0 0 0 0 1 1 1 1 1 2 2 2 1 1 1
 63 63 63 66 66 65 49 49 46 46 46 34 34 36 25 25 26 26 24 23 23 20 12 12 5 5 1 0 0 0 0 0 0 0 0 1 1 1 1 1 2 2 2 1 1 1
 90 90 86 76 76 75 50 50 46 46 37 34 34 34 22 22 19 19 15 15 15 15 8 8 5 5 2 0 0 0 0 0 0 0 0 1 1 2 2 2 3 3 6 1 1 1
 90 90 86 76 76 75 50 50 46 46 37 34 34 34 22 22 19 19 15 15 15 15 8 8 5 5 2 0 0 0 0 0 0 0 0 1 1 2 2 2 3 3 6 1 1 1
 101 101 88 77 77 75 49 49 47 47 38 34 34 24 22 22 19 19 12 12 12 9 5 5 4 4 5 3 3 0 0 0 0 0 2 5 5 5 8 8 6 6 5 1 1 1
 106 106 97 96 96 92 63 63 62 62 39 37 37 23 20 20 13 13 11 9 9 3 3 3 1 1 10 3 3 1 1 1 3 3 16 8 8 6 7 7 9 9 9 1 1 1
 106 106 97 96 96 92 63 63 62 62 39 37 37 23 20 20 13 13 11 9 9 3 3 3 1 1 10 3 3 1 1 1 3 3 16 8 8 6 7 7 9 9 9 1 1 1
 160 160 103 101 101 91 63 63 57 57 37 33 33 20 10 10 7 7 9 9 9 3 1 1 1 1 0 2 2 1 1 1 1 1 12 15 15 11 10 10 8 8 8 1 1 1
 168 168 110 110 110 91 80 80 40 40 34 31 31 19 10 10 8 8 8 11 11 5 4 4 2 2 1 2 2 1 1 1 1 1 6 10 10 4 4 4 0 0 0 0 0 0
 168 168 110 110 110 91 80 80 40 40 34 31 31 19 10 10 8 8 8 11 11 5 4 4 2 2 1 2 2 1 1 1 1 1 6 10 10 4 4 4 0 0 0 0 0 0
 156 156 106 103 103 88 74 74 26 26 30 28 28 18 12 12 9 9 11 9 9 9 7 7 5 5 3 1 1 1 8 8 4 4 2 4 4 4 4 4 0 0 0 0 0 0
 156 156 106 103 103 88 74 74 26 26 30 28 28 18 12 12 9 9 11 9 9 9 7 7 5 5 3 1 1 1 8 8 4 4 2 4 4 4 4 4 0 0 0 0 0 0
 97 97 96 91 91 79 71 71 25 25 25 14 14 15 8 8 8 8 11 13 13 12 7 7 5 5 3 1 1 6 10 10 3 3 1 0 0 0 0 0 0 0 0 0 0 0
 92 92 83 72 72 65 58 58 39 39 39 11 11 11 1 1 3 3 7 10 10 11 5 5 3 3 2 2 2 4 4 4 1 1 1 0 0 1 0 0 0 0 0 1 1 0
 92 92 83 72 72 65 58 58 39 39 39 11 11 11 1 1 3 3 7 10 10 11 5 5 3 3 2 2 2 4 4 4 1 1 1 0 0 1 0 0 0 0 0 1 1 0
 77 77 65 60 60 58 46 46 39 39 39 11 11 4 1 1 1 1 2 4 4 6 6 6 3 3 7 2 2 6 7 7 3 3 1 0 0 1 0 0 0 0 0 0 0 0
 53 53 64 61 61 54 45 45 44 44 17 16 16 6 1 1 2 2 2 3 3 3 6 6 6 6 8 6 6 10 37 37 4 4 3 1 1 1 0 0 0 0 0 0 0 0
 53 53 64 61 61 54 45 45 44 44 17 16 16 6 1 1 2 2 2 3 3 3 6 6 6 6 8 6 6 10 37 37 4 4 3 1 1 1 0 0 0 0 0 0 0 0
 58 58 54 63 63 59 53 53 51 51 19 17 17 7 2 2 2 2 3 3 3 3 4 4 6 6 10 7 7 29 10 10 6 6 5 2 2 2 0 0 0 0 0 0 0 0
 58 58 54 63 63 59 53 53 51 51 19 17 17 7 2 2 2 2 3 3 3 3 4 4 6 6 10 7 7 29 10 10 6 6 5 2 2 2 0 0 0 0 0 0 0 0
 66 66 43 38 38 63 56 56 52 52 19 18 18 1 3 3 3 3 4 7 7 7 6 6 7 7 7 8 8 10 6 6 4 4 1 1 1 1 0 0 0 0 0 0 0 0
 67 67 45 40 40 38 35 35 29 29 17 15 15 0 2 2 1 1 2 7 7 6 7 7 14 14 14 13 13 6 8 8 8 8 0 2 2 2 0 0 0 0 0 0 0 0
 67 67 45 40 40 38 35 35 29 29 17 15 15 0 2 2 1 1 2 7 7 6 7 7 14 14 14 13 13 6 8 8 8 8 0 2 2 2 0 0 0 0 0 0 0 0
 65 65 44 41 41 40 39 39 24 24 17 6 6 0 0 0 1 1 1 1 1 27 37 37 25 25 19 16 16 8 18 18 16 16 6 1 1 0 0 0 0 0 0 0 0 0
 60 60 45 41 41 41 40 40 27 27 21 8 8 2 2 2 6 6 6 7 7 35 32 32 26 26 12 14 14 8 12 12 25 25 7 0 0 0 0 0 0 0 0 0 0 0
 60 60 45 41 41 41 40 40 27 27 21 8 8 2 2 2 6 6 6 7 7 35 32 32 26 26 12 14 14 8 12 12 25 25 7 0 0 0 0 0 0 0 0 0 0 0
 70 70 56 55 55 41 40 40 35 35 31 9 9 17 16 16 29 29 22 39 39 23 20 20 22 22 12 12 12 11 32 32 16 16 10 2 2 1 0 0 0 0 0 2 2 0
 70 70 56 55 55 41 40 40 35 35 31 9 9 17 16 16 29 29 22 39 39 23 20 20 22 22 12 12 12 11 32 32 16 16 10 2 2 1 0 0 0 0 0 2 2 0
 68 68 63 63 63 60 40 40 36 36 50 30 30 33 32 32 46 46 72 56 56 23 21 21 21 21 14 13 13 35 14 14 13 13 22 6 6 2 1 1 0 0 3 3 3 3
 91 91 69 67 67 62 58 58 52 52 67 49 49 50 63 63 58 58 40 38 38 27 20 20 63 63 43 36 36 35 9 9 15 15 15 4 4 1 1 1 1 1 3 5 5 2
 91 91 69 67 67 62 58 58 52 52 67 49 49 50 63 63 58 58 40 38 38 27 20 20 63 63 43 36 36 35 9 9 15 15 15 4 4 1 1 1 1 1 3 5 5 2
 93 93 92 86 86 80 68 68 65 65 36 51 51 54 66 66 62 62 33 31 31 31 21 21 21 21 18 25 25 24 21 21 7 7 4 0 0 0 1 1 3 3 5 2 2 0
 100 100 93 91 91 81 69 69 72 72 45 71 71 70 108 108 102 102 28 26 26 27 15 15 19 19 15 23 23 24 7 7 1 1 0 0 0 0 1 1 2 2 2 0 0 0
 100 100 93 91 91 81 69 69 72 72 45 71 71 70 108 108 102 102 28 26 26 27 15 15 19 19 15 23 23 24 7 7 1 1 0 0 0 0 1 1 2 2 2 0 0 0
 100 100 93 90 90 84 75 75 94 94 61 80 80 112 107 107 96 96 54 42 42 78 64 64 22 22 23 16 16 7 5 5 0 0 1 3 3 1 0 0 0 0 0 0 0 0
 100 100 93 90 90 84 75 75 94 94 61 80 80 112 107 107 96 96 54 42 42 78 64 64 22 22 23 16 16 7 5 5 0 0 1 3 3 1 0 0 0 0 0 0 0 0
 100 100 93 87 87 84 70 70 102 102 70 76 76 71 82 82 70 70 70 39 39 76 71 71 71 71 29 9 9 6 9 9 0 0 2 4 4 1 0 0 0 0 0 0 0 0
 93 93 86 92 92 76 69 69 79 79 86 54 54 49 50 50 54 54 64 44 44 44 68 68 50 50 26 15 15 12 13 13 2 2 1 1 1 0 0 0 0 0 0 0 0 0
 93 93 86 92 92 76 69 69 79 79 86 54 54 49 50 50 54 54 64 44 44 44 68 68 50 50 26 15 15 12 13 13 2 2 1 1 1 0 0 0 0 0 0 0 0 0
 94 94 89 80 80 73 66 66 71 71 62 49 49 40 42 42 53 53 46 56 56 35 34 34 19 19 19 16 16 12 15 15 6 6 5 5 5 0 0 0 0 0 0 0 0 0
 38 38 76 68 68 58 60 60 36 36 45 41 41 37 35 35 42 42 32 113 113 111 109 109 42 42 35 34 34 10 10 10 3 3 3 2 2 1 0 0 0 0 0 0 0 0
 38 38 76 68 68 58 60 60 36 36 45 41 41 37 35 35 42 42 32 113 113 111 109 109 42 42 35 34 34 10 10 10 3 3 3 2 2 1 0 0 0 0 0 0 0 0
 42 42 110 72 72 63 56 56 37 37 45 37 37 37 32 32 36 36 32 16 16 99 96 96 17 17 17 17 17 8 10 10 3 3 4 5 5 3 1 1 0 0 0 0 0 0
 42 42 110 72 72 63 56 56 37 37 45 37 37 37 32 32 36 36 32 16 16 99 96 96 17 17 17 17 17 8 10 10 3 3 4 5 5 3 1 1 0 0 0 0 0 0
 40 40 71 100 100 92 40 40 41 41 61 30 30 41 40 40 33 33 13 11 11 23 15 15 17 17 17 17 17 1 3 3 5 5 10 12 12 11 5 5 2 2 0 0 0 0
 41 41 40 38 38 42 44 44 59 59 80 53 53 43 40 40 31 31 24 12 12 10 2 2 1 1 1 2 2 2 3 3 4 4 4 5 5 9 5 5 2 2 0 0 0 0
 41 41 40 38 38 42 44 44 59 59 80 53 53 43 40 40 31 31 24 12 12 10 2 2 1 1 1 2 2 2 3 3 4 4 4 5 5 9 5 5 2 2 0 0 0 0
 43 43 42 42 42 42 62 62 62 62 88 55 55 51 40 40 32 32 31 19 19 16 2 2 1 1 1 1 1 1 1 1 1 1 1 1 1 1 2 2 1 1 1 0 0 0
 11 11 13 31 31 26 72 72 66 66 91 54 54 52 51 51 42 42 40 29 29 20 2 2 1 1 1 2 2 1 0 0 0 0 0 0 0 0 0 0 1 1 1 0 0 0
