assets/RAT_results_old/precipitation/2022-04-18_IMERG.asc
ncols        46
nrows        77
xllcorner    74.800261325624
yllcorner    8.058333333333
cellsize     0.062500000000
NODATA_value -9999
 1 1 0 0 0 0 1 1 6 6 7 25 25 39 16 16 7 7 6 4 4 2 2 2 1 1 4 4 4 3 7 7 6 6 14 19 19 24 24 24 24 24 28 16 16 15
 0 0 1 0 0 0 0 0 4 4 27 32 32 17 5 5 3 3 2 2 2 3 2 2 3 3 7 6 6 12 13 13 14 14 20 16 16 20 17 17 16 16 20 12 12 14
 0 0 1 0 0 0 0 0 4 4 27 32 32 17 5 5 3 3 2 2 2 3 2 2 3 3 7 6 6 12 13 13 14 14 20 16 16 20 17 17 16 16 20 12 12 14
 1 1 0 0 0 0 1 1 8 8 22 77 77 22 6 6 11 11 9 6 6 3 6 6 11 11 21 20 20 14 14 14 9 9 12 12 12 15 13 13 16 16 19 24 24 12
 0 0 0 2 2 0 0 0 7 7 5 14 14 19 20 20 21 21 13 12 12 12 6 6 14 14 30 23 23 16 14 14 13 13 12 5 5 4 7 7 8 8 8 12 12 14
 0 0 0 2 2 0 0 0 7 7 5 14 14 19 20 20 21 21 13 12 12 12 6 6 14 14 30 23 23 16 14 14 13 13 12 5 5 4 7 7 8 8 8 12 12 14
 0 0 0 0 0 0 0 0 0 0 4 8 8 15 15 15 23 23 18 12 12 4 5 5 5 5 26 17 17 15 10 10 6 6 5 3 3 3 2 2 4 4 7 10 10 12
 0 0 0 0 0 0 0 0 0 0 4 8 8 15 15 15 23 23 18 12 12 4 5 5 5 5 26 17 17 15 10 10 6 6 5 3 3 3 2 2 4 4 7 10 10 12
 3 3 0 0 0 0 0 0 0 0 3 10 10 14 17 17 5 5 3 3 3 3 4 4 5 5 12 13 13 11 5 5 3 3 3 3 3 3 1 1 1 1 4 12 12 11
 3 3 0 0 0 0 1 1 0 0 2 7 7 13 4 4 5 5 8 5 5 4 5 5 4 4 13 8 8 10 2 2 2 2 2 1 1 2 1 1 0 0 4 6 6 9
 3 3 0 0 0 0 1 1 0 0 2 7 7 13 4 4 5 5 8 5 5 4 5 5 4 4 13 8 8 10 2 2 2 2 2 1 1 2 1 1 0 0 4 6 6 9
 2 2 0 0 0 1 1 1 0 0 4 4 4 2 4 4 8 8 18 7 7 5 4 4 8 8 3 6 6 3 1 1 1 1 0 1 1 2 1 1 1 1 3 11 11 13
 1 1 0 0 0 0 0 0 1 1 0 1 1 0 7 7 34 34 16 12 12 6 4 4 7 7 2 1 1 0 0 0 0 0 0 3 3 6 0 0 1 1 14 16 16 11
 1 1 0 0 0 0 0 0 1 1 0 1 1 0 7 7 34 34 16 12 12 6 4 4 7 7 2 1 1 0 0 0 0 0 0 3 3 6 0 0 1 1 14 16 16 11
 1 1 0 0 0 0 0 0 0 0 0 0 0 0 6 6 51 51 42 16 16 9 3 3 2 2 2 0 0 0 0 0 0 0 0 1 1 2 1 1 1 1 11 10 10 9
 1 1 0 0 0 0 0 0 0 0 0 0 0 0 6 6 51 51 42 16 16 9 3 3 2 2 2 0 0 0 0 0 0 0 0 1 1 2 1 1 1 1 11 10 10 9
 0 0 0 0 0 1 0 0 0 0 0 0 0 0 2 2 2 2 6 15 15 9 2 2 4 4 1 1 1 0 0 0 0 0 1 1 1 1 1 1 1 1 0 1 1 2
 0 0 0 1 1 3 0 0 0 0 0 0 0 0 0 0 2 2 3 6 6 25 8 8 6 6 9 2 2 1 1 1 1 1 1 1 1 1 1 1 1 1 0 1 1 0
 0 0 0 1 1 3 0 0 0 0 0 0 0 0 0 0 2 2 3 6 6 25 8 8 6 6 9 2 2 1 1 1 1 1 1 1 1 1 1 1 1 1 0 1 1 0
 1 1 0 0 0 1 0 0 0 0 1 0 0 0 0 0 0 0 4 20 20 28 22 22 13 13 8 2 2 2 2 2 2 2 1 1 1 3 5 5 1 1 0 0 0 0
 0 0 0 0 0 0 0 0 1 1 1 1 1 0 0 0 0 0 6 10 10 29 10 10 11 11 12 11 11 2 2 2 3 3 1 1 1 2 0 0 0 0 0 0 0 0
 0 0 0 0 0 0 0 0 1 1 1 1 1 0 0 0 0 0 6 10 10 29 10 10 11 11 12 11 11 2 2 2 3 3 1 1 1 2 0 0 0 0 0 0 0 0
 0 0 0 0 0 0 2 2 5 5 1 1 1 1 0 0 2 2 10 15 15 15 10 10 8 8 10 3 3 3 2 2 2 2 2 2 2 3 0 0 0 0 0 0 0 0
 0 0 0 0 0 0 2 2 5 5 1 1 1 1 0 0 2 2 10 15 15 15 10 10 8 8 10 3 3 3 2 2 2 2 2 2 2 3 0 0 0 0 0 0 0 0
 0 0 0 0 0 0 2 2 1 1 0 1 1 1 0 0 0 0 3 6 6 18 11 11 10 10 5 4 4 6 2 2 2 2 1 2 2 2 2 2 0 0 1 0 0 0
 1 1 1 0 0 0 2 2 0 0 0 0 0 0 0 0 0 0 0 9 9 9 10 10 14 14 11 6 6 4 1 1 3 3 2 2 2 2 1 1 0 0 1 0 0 0
 1 1 1 0 0 0 2 2 0 0 0 0 0 0 0 0 0 0 0 9 9 9 10 10 14 14 11 6 6 4 1 1 3 3 2 2 2 2 1 1 0 0 1 0 0 0
 1 1 1 0 0 0 0 0 0 0 0 0 0 0 0 0 0 0 0 1 1 15 11 11 17 17 8 9 9 3 2 2 3 3 3 3 3 1 0 0 0 0 1 1 1 0
 1 1 0 0 0 0 0 0 0 0 0 0 0 0 0 0 0 0 0 0 0 0 1 1 7 7 5 4 4 2 2 2 2 2 1 1 1 1 1 1 0 0 0 0 0 0
 1 1 0 0 0 0 0 0 0 0 0 0 0 0 0 0 0 0 0 0 0 0 1 1 7 7 5 4 4 2 2 2 2 2 1 1 1 1 1 1 0 0 0 0 0 0
 0 0 0 0 0 0 0 0 0 0 0 0 0 0 0 0 0 0 0 0 0 0 0 0 1 1 2 8 8 7 2 2 1 1 1 0 0 0 0 0 0 0 0 0 0 0
 0 0 0 0 0 0 0 0 0 0 0 0 0 0 0 0 0 0 0 0 0 0 0 0 1 1 2 8 8 7 2 2 1 1 1 0 0 0 0 0 0 0 0 0 0 0
 0 0 0 0 0 1 1 1 1 1 0 0 0 0 0 0 0 0 7 7 7 6 1 1 3 3 0 4 4 4 2 2 0 0 0 0 0 0 0 0 0 0 0 0 0 0
 0 0 0 0 0 1 1 1 1 1 0 0 0 0 2 2 2 2 10 6 6 11 3 3 3 3 3 9 9 0 0 0 0 0 0 0 0 0 0 0 0 0 0 1 1 1
 0 0 0 0 0 1 1 1 1 1 0 0 0 0 2 2 2 2 10 6 6 11 3 3 3 3 3 9 9 0 0 0 0 0 0 0 0 0 0 0 0 0 0 1 1 1
 0 0 0 0 0 1 1 1 2 2 2 0 0 0 2 2 2 2 8 8 8 13 6 6 5 5 4 3 3 0 0 0 2 2 1 0 0 0 0 0 0 0 0 1 1 3
 2 2 0 1 1 1 1 1 3 3 3 0 0 0 0 0 2 2 2 3 3 9 7 7 7 7 6 6 6 1 9 9 10 10 11 4 4 1 1 1 0 0 1 1 1 2
 2 2 0 1 1 1 1 1 3 3 3 0 0 0 0 0 2 2 2 3 3 9 7 7 7 7 6 6 6 1 9 9 10 10 11 4 4 1 1 1 0 0 1 1 1 2
 5 5 5 1 1 1 4 4 4 4 3 6 6 3 3 3 4 4 7 7 7 10 10 10 7 7 7 7 7 3 17 17 18 18 14 18 18 2 4 4 2 2 2 2 2 3
 5 5 5 1 1 1 4 4 4 4 3 6 6 3 3 3 4 4 7 7 7 10 10 10 7 7 7 7 7 3 17 17 18 18 14 18 18 2 4 4 2 2 2 2 2 3
 1 1 0 1 1 1 4 4 3 3 4 11 11 17 13 13 14 14 8 12 12 10 8 8 4 4 7 3 3 4 3 3 14 14 36 20 20 7 4 4 3 3 2 3 3 2
 0 0 0 0 0 0 4 4 3 3 12 15 15 17 94 94 15 15 17 17 17 18 7 7 3 3 2 1 1 1 4 4 20 20 17 19 19 7 5 5 3 3 3 2 2 2
 0 0 0 0 0 0 4 4 3 3 12 15 15 17 94 94 15 15 17 17 17 18 7 7 3 3 2 1 1 1 4 4 20 20 17 19 19 7 5 5 3 3 3 2 2 2
 0 0 0 0 0 0 3 3 3 3 9 11 11 53 66 66 67 67 20 15 15 17 9 9 22 22 6 1 1 2 4 4 20 20 19 12 12 10 5 5 3 3 2 1 1 1
 0 0 0 0 0 0 2 2 2 2 9 5 5 12 72 72 13 13 12 55 55 64 29 29 25 25 8 3 3 4 3 3 14 14 15 7 7 6 3 3 3 3 1 1 1 2
 0 0 0 0 0 0 2 2 2 2 9 5 5 12 72 72 13 13 12 55 55 64 29 29 25 25 8 3 3 4 3 3 14 14 15 7 7 6 3 3 3 3 1 1 1 2
 0 0 0 0 0 0 0 0 1 1 7 5 5 8 20 20 18 18 6 16 16 55 60 60 27 27 12 12 12 8 2 2 7 7 11 5 5 4 2 2 1 1 1 6 6 3
 0 0 0 0 0 0 0 0 1 1 7 5 5 8 20 20 18 18 6 16 16 55 60 60 27 27 12 12 12 8 2 2 7 7 11 5 5 4 2 2 1 1 1 6 6 3
 0 0 0 0 0 0 0 0 1 1 2 3 3 8 5 5 7 7 2 5 5 58 61 61 28 28 12 11 11 4 1 1 11 11 14 6 6 6 2 2 6 6 6 6 6 7
 0 0 0 0 0 0 0 0 1 1 1 3 3 5 5 5 3 3 2 7 7 8 28 28 17 17 11 9 9 2 1 1 13 13 8 7 7 6 8 8 12 12 7 10 10 10
 0 0 0 0 0 0 0 0 1 1 1 3 3 5 5 5 3 3 2 7 7 8 28 28 17 17 11 9 9 2 1 1 13 13 8 7 7 6 8 8 12 12 7 10 10 10
 1 1 0 0 0 0 0 0 0 0 0 3 3 3 3 3 0 0 5 9 9 9 26 26 7 7 4 2 2 1 2 2 2 2 3 8 8 7 8 8 15 15 21 17 17 12
 0 0 0 0 0 0 0 0 1 1 2 3 3 2 4 4 1 1 5 3 3 3 3 3 1 1 2 1 1 4 0 0 0 0 0 4 4 25 23 23 17 17 27 17 17 9
 0 0 0 0 0 0 0 0 1 1 2 3 3 2 4 4 1 1 5 3 3 3 3 3 1 1 2 1 1 4 0 0 0 0 0 4 4 25 23 23 17 17 27 17 17 9
 0 0 0 0 0 0 0 0 1 1 5 9 9 7 5 5 8 8 6 4 4 1 0 0 2 2 2 1 1 18 5 5 3 3 1 12 12 40 18 18 13 13 37 13 13 7
 0 0 0 0 0 0 0 0 1 1 5 9 9 7 5 5 8 8 6 4 4 1 0 0 2 2 2 1 1 18 5 5 3 3 1 12 12 40 18 18 13 13 37 13 13 7
 2 2 0 0 0 1 1 1 1 1 1 7 7 8 11 11 9 9 9 5 5 3 1 1 10 10 10 5 5 13 77 77 7 7 5 5 5 26 28 28 34 34 20 12 12 6
 6 6 2 1 1 1 1 1 1 1 2 2 2 7 11 11 9 9 10 12 12 5 2 2 10 10 15 6 6 7 35 35 11 11 6 7 7 17 61 61 37 37 30 12 12 4
 6 6 2 1 1 1 1 1 1 1 2 2 2 7 11 11 9 9 10 12 12 5 2 2 10 10 15 6 6 7 35 35 11 11 6 7 7 17 61 61 37 37 30 12 12 4
 4 4 1 1 1 1 1 1 2 2 3 3 3 5 7 7 12 12 16 15 15 8 6 6 11 11 17 17 17 10 16 16 13 13 17 7 7 10 39 39 32 32 18 10 10 9
 0 0 0 0 0 0 1 1 2 2 4 4 4 6 7 7 11 11 15 15 15 11 18 18 27 27 20 16 16 17 15 15 18 18 19 5 5 13 30 30 18 18 11 13 13 7
 0 0 0 0 0 0 1 1 2 2 4 4 4 6 7 7 11 11 15 15 15 11 18 18 27 27 20 16 16 17 15 15 18 18 19 5 5 13 30 30 18 18 11 13 13 7
 0 0 0 0 0 2 2 2 6 6 6 6 6 7 10 10 14 14 14 14 14 17 20 20 29 29 13 15 15 19 13 13 40 40 18 8 8 14 30 30 18 18 8 9 9 13
 0 0 0 0 0 2 2 2 6 6 6 6 6 7 10 10 14 14 14 14 14 17 20 20 29 29 13 15 15 19 13 13 40 40 18 8 8 14 30 30 18 18 8 9 9 13
 0 0 1 1 1 3 5 5 7 7 8 11 11 11 10 10 17 17 15 15 15 21 18 18 20 20 13 9 9 7 3 3 3 3 2 9 9 8 16 16 17 17 18 9 9 13
 0 0 3 1 1 3 5 5 10 10 13 23 23 20 18 18 16 16 18 18 18 22 24 24 17 17 13 7 7 8 4 4 1 1 0 1 1 10 27 27 16 16 14 18 18 10
 0 0 3 1 1 3 5 5 10 10 13 23 23 20 18 18 16 16 18 18 18 22 24 24 17 17 13 7 7 8 4 4 1 1 0 1 1 10 27 27 16 16 14 18 18 10
 1 1 3 2 2 4 5 5 11 11 13 24 24 23 17 17 16 16 21 27 27 29 18 18 17 17 11 6 6 4 4 4 3 3 1 1 1 6 14 14 31 31 21 17 17 21
 0 0 1 2 2 3 4 4 10 10 12 23 23 23 17 17 18 18 15 20 20 16 11 11 12 12 7 5 5 4 2 2 4 4 2 1 1 1 22 22 22 22 24 20 20 18
 0 0 1 2 2 3 4 4 10 10 12 23 23 23 17 17 18 18 15 20 20 16 11 11 12 12 7 5 5 4 2 2 4 4 2 1 1 1 22 22 22 22 24 20 20 18
 0 0 2 2 2 5 11 11 10 10 19 27 27 22 16 16 20 20 18 15 15 17 17 17 10 10 3 6 6 2 5 5 2 2 3 1 1 1 2 2 10 10 24 15 15 16
 0 0 2 2 2 5 11 11 10 10 19 27 27 22 16 16 20 20 18 15 15 17 17 17 10 10 3 6 6 2 5 5 2 2 3 1 1 1 2 2 10 10 24 15 15 16
 1 1 2 1 1 3 8 8 13 13 21 16 16 20 14 14 15 15 18 17 17 17 17 17 12 12 1 2 2 2 2 2 3 3 4 3 3 1 0 0 5 5 23 14 14 29
 1 1 1 1 1 3 5 5 5 5 23 11 11 14 15 15 19 19 18 16 16 17 20 20 13 13 3 3 3 3 3 3 3 3 3 4 4 5 4 4 6 6 15 9 9 16
 1 1 1 1 1 3 5 5 5 5 23 11 11 14 15 15 19 19 18 16 16 17 20 20 13 13 3 3 3 3 3 3 3 3 3 4 4 5 4 4 6 6 15 9 9 16
 1 1 2 1 1 1 2 2 1 1 21 11 11 10 9 9 15 15 14 18 18 18 20 20 20 20 19 26 26 7 3 3 13 13 13 14 14 11 7 7 5 5 5 6 6 4
 1 1 2 1 1 1 1 1 0 0 4 7 7 11 13 13 19 19 15 20 20 12 20 20 28 28 57 38 38 26 13 13 16 16 18 19 19 11 7 7 4 4 7 1 1 1
