assets/RAT_results_old/precipitation/2022-10-18_IMERG.asc
ncols        46
nrows        77
xllcorner    74.800261325624
yllcorner    8.058333333333
cellsize     0.062500000000
NODATA_value -9999
 1 1 0 1 1 2 4 4 3 3 2 3 3 3 3 3 1 1 1 2 2 21 21 21 19 19 26 61 61 22 10 10 6 6 5 3 3 6 3 3 2 2 4 4 4 2
 1 1 0 0 0 1 2 2 3 3 10 3 3 5 5 5 0 0 1 2 2 13 28 28 9 9 14 49 49 26 25 25 11 11 13 27 27 36 19 19 5 5 1 2 2 3
 1 1 0 0 0 1 2 2 3 3 10 3 3 5 5 5 0 0 1 2 2 13 28 28 9 9 14 49 49 26 25 25 11 11 13 27 27 36 19 19 5 5 1 2 2 3
 0 0 0 0 0 0 3 3 4 4 6 9 9 8 6 6 1 1 1 2 2 13 6 6 5 5 8 12 12 28 34 34 29 29 25 19 19 95 51 51 34 34 18 9 9 8
 0 0 0 0 0 0 0 0 3 3 5 8 8 5 5 5 1 1 1 1 1 4 3 3 2 2 5 12 12 14 29 29 20 20 24 23 23 19 21 21 24 24 23 13 13 12
 0 0 0 0 0 0 0 0 3 3 5 8 8 5 5 5 1 1 1 1 1 4 3 3 2 2 5 12 12 14 29 29 20 20 24 23 23 19 21 21 24 24 23 13 13 12
 1 1 0 0 0 0 0 0 4 4 4 3 3 8 2 2 1 1 0 0 0 0 2 2 2 2 4 6 6 5 18 18 18 18 28 29 29 19 37 37 36 36 15 9 9 13
 1 1 0 0 0 0 0 0 4 4 4 3 3 8 2 2 1 1 0 0 0 0 2 2 2 2 4 6 6 5 18 18 18 18 28 29 29 19 37 37 36 36 15 9 9 13
 1 1 1 0 0 0 1 1 3 3 2 1 1 2 1 1 1 1 0 0 0 0 1 1 1 1 3 3 3 5 5 5 13 13 25 25 25 27 35 35 35 35 13 5 5 5
 2 2 2 1 1 0 0 0 1 1 1 0 0 0 0 0 0 0 0 1 1 0 1 1 0 0 3 1 1 1 3 3 13 13 25 18 18 16 25 25 28 28 28 7 7 5
 2 2 2 1 1 0 0 0 1 1 1 0 0 0 0 0 0 0 0 1 1 0 1 1 0 0 3 1 1 1 3 3 13 13 25 18 18 16 25 25 28 28 28 7 7 5
 4 4 3 1 1 0 0 0 0 0 0 0 0 1 0 0 3 3 0 0 0 1 0 0 0 0 0 1 1 1 0 0 3 3 3 9 9 9 25 25 12 12 9 7 7 7
 5 5 4 2 2 0 0 0 0 0 0 2 2 8 6 6 3 3 0 0 0 1 0 0 0 0 0 0 0 0 0 0 3 3 3 1 1 0 9 9 9 9 10 8 8 18
 5 5 4 2 2 0 0 0 0 0 0 2 2 8 6 6 3 3 0 0 0 1 0 0 0 0 0 0 0 0 0 0 3 3 3 1 1 0 9 9 9 9 10 8 8 18
 6 6 4 2 2 0 0 0 0 0 1 0 0 1 5 5 3 3 3 0 0 0 0 0 0 0 0 0 0 0 0 0 3 3 0 3 3 5 3 3 1 1 2 19 19 19
 6 6 4 2 2 0 0 0 0 0 1 0 0 1 5 5 3 3 3 0 0 0 0 0 0 0 0 0 0 0 0 0 3 3 0 3 3 5 3 3 1 1 2 19 19 19
 7 7 6 6 6 2 1 1 1 1 1 0 0 0 3 3 4 4 2 0 0 1 0 0 0 0 0 0 0 5 0 0 5 5 15 13 13 19 4 4 5 5 1 7 7 8
 6 6 6 6 6 5 3 3 1 1 0 0 0 0 6 6 6 6 5 1 1 0 0 0 0 0 0 0 0 9 16 16 14 14 20 13 13 9 3 3 5 5 1 1 1 6
 6 6 6 6 6 5 3 3 1 1 0 0 0 0 6 6 6 6 5 1 1 0 0 0 0 0 0 0 0 9 16 16 14 14 20 13 13 9 3 3 5 5 1 1 1 6
 8 8 8 9 9 6 1 1 0 0 0 1 1 1 2 2 4 4 5 3 3 2 4 4 0 0 0 5 5 5 8 8 12 12 10 4 4 5 0 0 1 1 0 0 0 0
 10 10 9 11 11 8 5 5 1 1 1 1 1 0 2 2 6 6 5 9 9 10 10 10 1 1 8 9 9 7 8 8 16 16 12 4 4 2 0 0 0 0 0 0 0 0
 10 10 9 11 11 8 5 5 1 1 1 1 1 0 2 2 6 6 5 9 9 10 10 10 1 1 8 9 9 7 8 8 16 16 12 4 4 2 0 0 0 0 0 0 0 0
 11 11 23 27 27 15 11 11 10 10 2 1 1 1 1 1 2 2 1 3 3 11 9 9 2 2 4 14 14 11 5 5 3 3 3 1 1 0 0 0 0 0 0 0 0 0
 11 11 23 27 27 15 11 11 10 10 2 1 1 1 1 1 2 2 1 3 3 11 9 9 2 2 4 14 14 11 5 5 3 3 3 1 1 0 0 0 0 0 0 0 0 0
 26 26 31 34 34 34 22 22 29 29 10 2 2 1 1 1 2 2 2 4 4 2 2 2 1 1 6 7 7 4 3 3 2 2 0 0 0 0 1 1 0 0 0 0 0 0
 36 36 41 38 38 46 42 42 32 32 30 8 8 7 1 1 0 0 1 2 2 3 4 4 2 2 4 1 1 3 0 0 0 0 0 0 0 1 1 1 0 0 0 0 0 0
 36 36 41 38 38 46 42 42 32 32 30 8 8 7 1 1 0 0 1 2 2 3 4 4 2 2 4 1 1 3 0 0 0 0 0 0 0 1 1 1 0 0 0 0 0 0
 43 43 47 33 33 37 41 41 80 80 81 24 24 10 2 2 1 1 2 6 6 7 5 5 3 3 2 1 1 1 0 0 3 3 7 0 0 0 1 1 1 1 0 0 0 0
 50 50 48 39 39 28 28 28 80 80 82 34 34 8 9 9 5 5 5 5 5 6 3 3 2 2 2 4 4 4 0 0 0 0 0 0 0 0 1 1 0 0 0 0 0 0
 50 50 48 39 39 28 28 28 80 80 82 34 34 8 9 9 5 5 5 5 5 6 3 3 2 2 2 4 4 4 0 0 0 0 0 0 0 0 1 1 0 0 0 0 0 0
 56 56 36 36 36 21 28 28 25 25 25 36 36 14 12 12 4 4 3 4 4 3 1 1 1 1 2 1 1 0 0 0 0 0 0 0 0 0 0 0 0 0 0 0 0 0
 56 56 36 36 36 21 28 28 25 25 25 36 36 14 12 12 4 4 3 4 4 3 1 1 1 1 2 1 1 0 0 0 0 0 0 0 0 0 0 0 0 0 0 0 0 0
 39 39 43 32 32 38 38 38 104 104 21 31 31 12 6 6 3 3 3 3 3 2 0 0 0 0 1 0 0 0 0 0 0 0 0 0 0 0 0 0 0 0 0 0 0 1
 58 58 39 103 103 44 36 36 111 111 35 29 29 8 6 6 6 6 3 1 1 1 1 1 0 0 0 0 0 0 0 0 0 0 0 0 0 0 0 0 0 0 0 0 0 2
 58 58 39 103 103 44 36 36 111 111 35 29 29 8 6 6 6 6 3 1 1 1 1 1 0 0 0 0 0 0 0 0 0 0 0 0 0 0 0 0 0 0 0 0 0 2
 67 67 40 54 54 50 51 51 51 51 43 25 25 9 7 7 7 7 5 3 3 2 1 1 0 0 0 0 0 0 0 0 0 0 0 0 0 0 0 0 1 1 3 1 1 3
 56 56 61 70 70 58 58 58 53 53 39 14 14 12 11 11 9 9 4 2 2 4 1 1 0 0 0 0 0 0 0 0 0 0 0 0 0 1 2 2 7 7 5 2 2 2
 56 56 61 70 70 58 58 58 53 53 39 14 14 12 11 11 9 9 4 2 2 4 1 1 0 0 0 0 0 0 0 0 0 0 0 0 0 1 2 2 7 7 5 2 2 2
 52 52 48 48 48 56 49 49 49 49 21 31 31 15 13 13 7 7 5 2 2 6 2 2 0 0 0 0 0 0 1 1 0 0 0 1 1 6 8 8 6 6 7 2 2 9
 52 52 48 48 48 56 49 49 49 49 21 31 31 15 13 13 7 7 5 2 2 6 2 2 0 0 0 0 0 0 1 1 0 0 0 1 1 6 8 8 6 6 7 2 2 9
 47 47 55 41 41 46 49 49 45 45 34 40 40 17 17 17 7 7 7 2 2 2 2 2 4 4 4 2 2 5 1 1 0 0 1 5 5 10 9 9 8 8 14 9 9 11
 41 41 40 33 33 36 42 42 46 46 40 38 38 20 22 22 14 14 11 7 7 2 1 1 2 2 4 0 0 0 4 4 0 0 1 4 4 8 6 6 10 10 18 19 19 10
 41 41 40 33 33 36 42 42 46 46 40 38 38 20 22 22 14 14 11 7 7 2 1 1 2 2 4 0 0 0 4 4 0 0 1 4 4 8 6 6 10 10 18 19 19 10
 39 39 39 37 37 78 42 42 36 36 46 90 90 39 34 34 16 16 13 4 4 1 1 1 2 2 0 0 0 1 1 1 0 0 1 2 2 7 4 4 13 13 9 13 13 6
 40 40 107 125 125 47 31 31 43 43 125 138 138 92 30 30 15 15 14 7 7 6 1 1 1 1 0 0 0 1 1 1 1 1 0 1 1 3 3 3 2 2 2 1 1 2
 40 40 107 125 125 47 31 31 43 43 125 138 138 92 30 30 15 15 14 7 7 6 1 1 1 1 0 0 0 1 1 1 1 1 0 1 1 3 3 3 2 2 2 1 1 2
 106 106 102 108 108 49 27 27 114 114 114 97 97 13 6 6 7 7 7 16 16 15 1 1 1 1 1 2 2 1 1 1 1 1 1 0 0 1 1 1 1 1 1 1 1 2
 106 106 102 108 108 49 27 27 114 114 114 97 97 13 6 6 7 7 7 16 16 15 1 1 1 1 1 2 2 1 1 1 1 1 1 0 0 1 1 1 1 1 1 1 1 2
 107 107 118 105 105 104 31 31 96 96 102 23 23 5 3 3 3 3 3 6 6 2 1 1 2 2 3 1 1 1 1 1 5 5 3 0 0 0 0 0 0 0 0 1 1 1
 121 121 134 119 119 102 19 19 15 15 12 6 6 5 3 3 3 3 4 4 4 4 4 4 3 3 4 3 3 1 1 1 2 2 2 1 1 1 0 0 0 0 0 0 0 0
 121 121 134 119 119 102 19 19 15 15 12 6 6 5 3 3 3 3 4 4 4 4 4 4 3 3 4 3 3 1 1 1 2 2 2 1 1 1 0 0 0 0 0 0 0 0
 127 127 164 179 179 107 25 25 9 9 12 12 12 9 7 7 13 13 14 9 9 7 5 5 9 9 5 5 5 3 2 2 2 2 1 1 1 1 1 1 0 0 0 0 0 0
 107 107 116 76 76 31 28 28 27 27 20 20 20 16 19 19 18 18 23 19 19 20 20 20 9 9 13 6 6 2 3 3 1 1 4 0 0 1 0 0 2 2 1 1 1 0
 107 107 116 76 76 31 28 28 27 27 20 20 20 16 19 19 18 18 23 19 19 20 20 20 9 9 13 6 6 2 3 3 1 1 4 0 0 1 0 0 2 2 1 1 1 0
 199 199 171 108 108 37 36 36 35 35 23 24 24 17 13 13 17 17 24 17 17 22 13 13 17 17 9 4 4 4 3 3 2 2 1 1 1 0 1 1 1 1 1 1 1 1
 199 199 171 108 108 37 36 36 35 35 23 24 24 17 13 13 17 17 24 17 17 22 13 13 17 17 9 4 4 4 3 3 2 2 1 1 1 0 1 1 1 1 1 1 1 1
 200 200 105 88 88 38 27 27 37 37 32 35 35 21 12 12 15 15 11 12 12 12 12 12 11 11 11 16 16 7 3 3 2 2 1 4 4 0 3 3 3 3 0 0 0 0
 170 170 107 104 104 99 32 32 36 36 40 24 24 19 21 21 20 20 12 9 9 12 11 11 18 18 18 30 30 8 9 9 1 1 2 8 8 2 2 2 6 6 0 0 0 0
 170 170 107 104 104 99 32 32 36 36 40 24 24 19 21 21 20 20 12 9 9 12 11 11 18 18 18 30 30 8 9 9 1 1 2 8 8 2 2 2 6 6 0 0 0 0
 207 207 140 109 109 100 33 33 38 38 40 30 30 60 55 55 44 44 25 14 14 17 21 21 37 37 37 43 43 28 14 14 8 8 3 5 5 2 1 1 3 3 0 0 0 0
 161 161 150 107 107 105 41 41 36 36 37 30 30 37 36 36 51 51 48 38 38 28 27 27 35 35 47 51 51 37 23 23 18 18 4 3 3 1 2 2 1 1 0 0 0 0
 161 161 150 107 107 105 41 41 36 36 37 30 30 37 36 36 51 51 48 38 38 28 27 27 35 35 47 51 51 37 23 23 18 18 4 3 3 1 2 2 1 1 0 0 0 0
 253 253 251 115 115 111 46 46 41 41 39 36 36 35 43 43 45 45 61 46 46 36 36 36 37 37 48 44 44 43 49 49 20 20 10 1 1 1 1 1 3 3 1 0 0 0
 253 253 251 115 115 111 46 46 41 41 39 36 36 35 43 43 45 45 61 46 46 36 36 36 37 37 48 44 44 43 49 49 20 20 10 1 1 1 1 1 3 3 1 0 0 0
 249 249 250 114 114 111 116 116 41 41 35 30 30 33 37 37 43 43 55 60 60 61 62 62 39 39 47 39 39 37 29 29 20 20 5 3 3 2 8 8 10 10 1 0 0 0
 113 113 113 108 108 101 113 113 39 39 33 29 29 26 34 34 36 36 50 51 51 56 52 52 42 42 42 33 33 28 28 28 22 22 19 7 7 9 18 18 13 13 8 0 0 0
 113 113 113 108 108 101 113 113 39 39 33 29 29 26 34 34 36 36 50 51 51 56 52 52 42 42 42 33 33 28 28 28 22 22 19 7 7 9 18 18 13 13 8 0 0 0
 114 114 166 109 109 97 35 35 31 31 35 43 43 83 48 48 40 40 44 53 53 57 54 54 30 30 31 25 25 20 24 24 21 21 24 16 16 16 18 18 21 21 7 2 2 0
 107 107 167 180 180 157 63 63 36 36 106 119 119 113 94 94 87 87 67 42 42 51 50 50 34 34 27 21 21 22 19 19 18 18 24 25 25 20 8 8 10 10 10 13 13 8
 107 107 167 180 180 157 63 63 36 36 106 119 119 113 94 94 87 87 67 42 42 51 50 50 34 34 27 21 21 22 19 19 18 18 24 25 25 20 8 8 10 10 10 13 13 8
 164 164 164 157 157 151 59 59 38 38 129 134 134 130 126 126 84 84 56 40 40 44 47 47 33 33 27 27 27 20 17 17 19 19 20 21 21 21 13 13 11 11 12 10 10 12
 164 164 164 157 157 151 59 59 38 38 129 134 134 130 126 126 84 84 56 40 40 44 47 47 33 33 27 27 27 20 17 17 19 19 20 21 21 21 13 13 11 11 12 10 10 12
 164 164 165 161 161 152 51 51 130 130 131 128 128 131 133 133 96 96 54 39 39 50 71 71 54 54 32 33 33 30 21 21 23 23 23 23 23 20 22 22 15 15 11 9 9 8
 205 205 197 70 70 52 50 50 122 122 122 140 140 140 100 100 74 74 75 111 111 78 85 85 70 70 41 32 32 30 20 20 23 23 33 42 42 27 27 27 23 23 17 8 8 5
 205 205 197 70 70 52 50 50 122 122 122 140 140 140 100 100 74 74 75 111 111 78 85 85 70 70 41 32 32 30 20 20 23 23 33 42 42 27 27 27 23 23 17 8 8 5
 93 93 164 73 73 60 63 63 57 57 73 83 83 118 90 90 103 103 110 131 131 105 107 107 123 123 102 81 81 58 32 32 57 57 60 59 59 37 26 26 15 15 11 12 12 5
 91 91 85 60 60 67 70 70 86 86 117 141 141 117 78 78 96 96 123 128 128 95 106 106 114 114 119 93 93 132 71 71 53 53 60 47 47 41 32 32 22 22 12 9 9 6
