assets/RAT_results_old/precipitation/2022-06-10_IMERG.asc
ncols        46
nrows        77
xllcorner    74.800261325624
yllcorner    8.058333333333
cellsize     0.062500000000
NODATA_value -9999
 1 1 3 8 8 0 0 0 0 0 0 0 0 0 0 0 0 0 0 0 0 0 0 0 0 0 0 0 0 0 0 0 0 0 0 0 0 0 0 0 0 0 0 0 0 0
 8 8 8 8 8 0 2 2 0 0 0 0 0 0 0 0 0 0 0 0 0 0 0 0 0 0 0 0 0 0 0 0 0 0 0 0 0 0 0 0 0 0 0 0 0 0
 8 8 8 8 8 0 2 2 0 0 0 0 0 0 0 0 0 0 0 0 0 0 0 0 0 0 0 0 0 0 0 0 0 0 0 0 0 0 0 0 0 0 0 0 0 0
 3 3 2 5 5 3 2 2 0 0 0 0 0 0 0 0 0 0 0 0 0 0 0 0 0 0 0 0 0 0 0 0 0 0 0 0 0 0 0 0 0 0 0 0 0 0
 4 4 3 3 3 0 0 0 0 0 0 0 0 0 0 0 0 0 0 0 0 0 0 0 0 0 0 0 0 0 0 0 0 0 0 0 0 0 0 0 0 0 0 0 0 0
 4 4 3 3 3 0 0 0 0 0 0 0 0 0 0 0 0 0 0 0 0 0 0 0 0 0 0 0 0 0 0 0 0 0 0 0 0 0 0 0 0 0 0 0 0 0
 3 3 0 0 0 0 0 0 0 0 0 0 0 0 0 0 0 0 0 0 0 0 0 0 0 0 0 0 0 0 0 0 0 0 0 0 0 0 0 0 0 0 0 0 0 0
 3 3 0 0 0 0 0 0 0 0 0 0 0 0 0 0 0 0 0 0 0 0 0 0 0 0 0 0 0 0 0 0 0 0 0 0 0 0 0 0 0 0 0 0 0 0
 2 2 2 0 0 0 0 0 0 0 0 0 0 0 0 0 0 0 0 0 0 0 0 0 0 0 0 0 0 0 0 0 0 0 0 0 0 0 0 0 0 0 0 0 0 0
 5 5 3 3 3 2 0 0 0 0 0 0 0 0 0 0 0 0 1 0 0 0 0 0 0 0 0 0 0 0 0 0 0 0 0 0 0 0 0 0 0 0 0 0 0 0
 5 5 3 3 3 2 0 0 0 0 0 0 0 0 0 0 0 0 1 0 0 0 0 0 0 0 0 0 0 0 0 0 0 0 0 0 0 0 0 0 0 0 0 0 0 0
 3 3 3 2 2 1 0 0 0 0 0 0 0 0 0 0 0 0 0 0 0 0 0 0 0 0 0 0 0 0 0 0 0 0 0 0 0 0 0 0 0 0 0 0 0 0
 1 1 5 2 2 1 0 0 0 0 0 0 0 0 0 0 0 0 0 0 0 0 0 0 0 0 0 0 0 0 0 0 0 0 0 0 0 0 0 0 0 0 0 0 0 0
 1 1 5 2 2 1 0 0 0 0 0 0 0 0 0 0 0 0 0 0 0 0 0 0 0 0 0 0 0 0 0 0 0 0 0 0 0 0 0 0 0 0 0 0 0 0
 1 1 2 2 2 2 1 1 0 0 0 0 0 0 0 0 0 0 0 0 0 0 0 0 0 0 0 0 0 0 0 0 0 0 0 0 0 0 0 0 0 0 0 0 0 0
 1 1 2 2 2 2 1 1 0 0 0 0 0 0 0 0 0 0 0 0 0 0 0 0 0 0 0 0 0 0 0 0 0 0 0 0 0 0 0 0 0 0 0 0 0 0
 1 1 2 2 2 2 1 1 0 0 0 0 0 0 0 0 0 0 0 0 0 0 0 0 0 0 0 0 0 0 0 0 0 0 0 0 0 0 0 0 0 0 0 0 0 0
 2 2 2 1 1 0 0 0 6 6 7 0 0 0 0 0 0 0 0 0 0 0 0 0 0 0 0 0 0 0 0 0 0 0 1 1 1 1 1 1 1 1 0 0 0 0
 2 2 2 1 1 0 0 0 6 6 7 0 0 0 0 0 0 0 0 0 0 0 0 0 0 0 0 0 0 0 0 0 0 0 1 1 1 1 1 1 1 1 0 0 0 0
 7 7 4 2 2 1 0 0 5 5 7 0 0 0 2 2 0 0 0 0 0 0 0 0 0 0 0 1 1 1 1 1 1 1 2 2 2 1 1 1 2 2 1 0 0 0
 12 12 9 3 3 3 1 1 0 0 2 2 2 3 0 0 0 0 0 0 0 1 1 1 1 1 1 1 1 2 1 1 1 1 2 2 2 1 1 1 3 3 3 1 1 0
 12 12 9 3 3 3 1 1 0 0 2 2 2 3 0 0 0 0 0 0 0 1 1 1 1 1 1 1 1 2 1 1 1 1 2 2 2 1 1 1 3 3 3 1 1 0
 4 4 3 4 4 2 1 1 0 0 0 5 5 7 1 1 0 0 0 0 0 1 2 2 1 1 1 1 1 2 1 1 2 2 2 1 1 1 1 1 2 2 1 0 0 0
 4 4 3 4 4 2 1 1 0 0 0 5 5 7 1 1 0 0 0 0 0 1 2 2 1 1 1 1 1 2 1 1 2 2 2 1 1 1 1 1 2 2 1 0 0 0
 1 1 1 1 1 0 0 0 0 0 1 0 0 2 3 3 1 1 1 0 0 1 1 1 1 1 0 1 1 1 1 1 0 0 0 0 0 0 0 0 0 0 0 0 0 0
 1 1 1 1 1 0 0 0 0 0 0 0 0 10 3 3 0 0 0 0 0 1 0 0 0 0 0 0 0 1 0 0 0 0 0 0 0 5 0 0 0 0 0 0 0 0
 1 1 1 1 1 0 0 0 0 0 0 0 0 10 3 3 0 0 0 0 0 1 0 0 0 0 0 0 0 1 0 0 0 0 0 0 0 5 0 0 0 0 0 0 0 0
 2 2 3 2 2 2 2 2 1 1 1 1 1 4 1 1 0 0 0 0 0 0 0 0 0 0 0 0 0 0 0 0 0 0 0 0 0 0 0 0 0 0 0 0 0 0
 1 1 1 1 1 4 4 4 2 2 1 1 1 11 1 1 0 0 0 0 0 0 0 0 0 0 0 0 0 0 0 0 0 0 0 0 0 0 0 0 0 0 0 0 0 0
 1 1 1 1 1 4 4 4 2 2 1 1 1 11 1 1 0 0 0 0 0 0 0 0 0 0 0 0 0 0 0 0 0 0 0 0 0 0 0 0 0 0 0 0 0 0
 0 0 0 0 0 1 1 1 1 1 2 2 2 9 0 0 0 0 0 0 0 0 0 0 4 4 0 0 0 0 0 0 0 0 0 0 0 0 0 0 0 0 0 0 0 0
 0 0 0 0 0 1 1 1 1 1 2 2 2 9 0 0 0 0 0 0 0 0 0 0 4 4 0 0 0 0 0 0 0 0 0 0 0 0 0 0 0 0 0 0 0 0
 0 0 0 0 0 0 1 1 1 1 1 6 6 2 2 2 1 1 0 0 0 0 0 0 2 2 4 0 0 0 0 0 0 0 0 0 0 0 0 0 0 0 0 0 0 0
 0 0 0 0 0 0 0 0 2 2 1 1 1 1 0 0 0 0 3 2 2 3 0 0 0 0 0 0 0 0 0 0 0 0 0 0 0 0 0 0 0 0 0 0 0 0
 0 0 0 0 0 0 0 0 2 2 1 1 1 1 0 0 0 0 3 2 2 3 0 0 0 0 0 0 0 0 0 0 0 0 0 0 0 0 0 0 0 0 0 0 0 0
 1 1 0 0 0 0 0 0 1 1 1 0 0 1 1 1 0 0 4 12 12 8 0 0 0 0 0 0 0 0 0 0 0 0 0 0 0 0 0 0 1 1 1 1 1 3
 0 0 0 0 0 0 0 0 0 0 0 0 0 0 1 1 2 2 10 11 11 4 1 1 0 0 6 0 0 0 0 0 0 0 0 0 0 0 0 0 1 1 1 1 1 3
 0 0 0 0 0 0 0 0 0 0 0 0 0 0 1 1 2 2 10 11 11 4 1 1 0 0 6 0 0 0 0 0 0 0 0 0 0 0 0 0 1 1 1 1 1 3
 0 0 0 0 0 0 1 1 0 0 0 0 0 0 1 1 4 4 11 1 1 4 2 2 1 1 1 4 4 5 0 0 0 0 0 0 0 1 2 2 1 1 2 2 2 2
 0 0 0 0 0 0 1 1 0 0 0 0 0 0 1 1 4 4 11 1 1 4 2 2 1 1 1 4 4 5 0 0 0 0 0 0 0 1 2 2 1 1 2 2 2 2
 0 0 1 1 1 1 1 1 1 1 0 1 1 1 2 2 2 2 6 4 4 2 8 8 6 6 2 6 6 3 5 5 0 0 0 1 1 5 7 7 4 4 3 3 3 4
 0 0 1 1 1 1 0 0 0 0 1 1 1 2 11 11 17 17 14 5 5 19 14 14 8 8 4 3 3 1 0 0 0 0 0 1 1 3 3 3 3 3 3 3 3 3
 0 0 1 1 1 1 0 0 0 0 1 1 1 2 11 11 17 17 14 5 5 19 14 14 8 8 4 3 3 1 0 0 0 0 0 1 1 3 3 3 3 3 3 3 3 3
 1 1 1 1 1 1 1 1 1 1 2 2 2 3 7 7 17 17 8 9 9 10 12 12 11 11 9 7 7 1 0 0 0 0 0 0 0 4 2 2 2 2 3 2 2 2
 1 1 3 1 1 1 1 1 1 1 2 2 2 3 3 3 14 14 13 16 16 17 19 19 18 18 11 6 6 4 0 0 0 0 8 1 1 1 3 3 2 2 3 2 2 2
 1 1 3 1 1 1 1 1 1 1 2 2 2 3 3 3 14 14 13 16 16 17 19 19 18 18 11 6 6 4 0 0 0 0 8 1 1 1 3 3 2 2 3 2 2 2
 1 1 1 1 1 1 1 1 2 2 2 2 2 15 15 15 23 23 24 40 40 31 25 25 24 24 11 12 12 6 1 1 4 4 2 2 2 3 4 4 4 4 4 4 4 4
 1 1 1 1 1 1 1 1 2 2 2 2 2 15 15 15 23 23 24 40 40 31 25 25 24 24 11 12 12 6 1 1 4 4 2 2 2 3 4 4 4 4 4 4 4 4
 1 1 1 1 1 1 1 1 3 3 5 4 4 15 17 17 24 24 27 43 43 53 38 38 28 28 27 15 15 16 7 7 10 10 3 4 4 5 5 5 4 4 5 5 5 7
 2 2 1 1 1 1 2 2 2 2 3 4 4 16 16 16 22 22 26 35 35 51 45 45 31 31 25 30 30 36 8 8 11 11 4 4 4 5 5 5 5 5 6 6 6 9
 2 2 1 1 1 1 2 2 2 2 3 4 4 16 16 16 22 22 26 35 35 51 45 45 31 31 25 30 30 36 8 8 11 11 4 4 4 5 5 5 5 5 6 6 6 9
 1 1 1 1 1 2 2 2 3 3 3 4 4 7 16 16 12 12 16 36 36 37 32 32 30 30 37 35 35 41 15 15 6 6 8 5 5 5 5 5 5 5 4 4 4 5
 1 1 1 1 1 2 2 2 3 3 5 6 6 8 11 11 13 13 19 26 26 16 13 13 25 25 28 22 22 26 11 11 7 7 6 2 2 3 3 3 3 3 2 2 2 2
 1 1 1 1 1 2 2 2 3 3 5 6 6 8 11 11 13 13 19 26 26 16 13 13 25 25 28 22 22 26 11 11 7 7 6 2 2 3 3 3 3 3 2 2 2 2
 1 1 0 1 1 1 1 1 3 3 5 7 7 7 10 10 10 10 26 34 34 34 19 19 21 21 16 26 26 14 6 6 5 5 9 3 3 4 7 7 1 1 1 0 0 0
 1 1 0 1 1 1 1 1 3 3 5 7 7 7 10 10 10 10 26 34 34 34 19 19 21 21 16 26 26 14 6 6 5 5 9 3 3 4 7 7 1 1 1 0 0 0
 0 0 0 1 1 1 1 1 2 2 3 5 5 6 8 8 11 11 24 33 33 31 16 16 23 23 16 14 14 13 9 9 7 7 3 2 2 1 1 1 0 0 0 0 0 0
 0 0 1 1 1 2 3 3 4 4 5 6 6 8 10 10 11 11 18 30 30 26 14 14 9 9 20 17 17 15 11 11 8 8 4 2 2 1 1 1 0 0 0 0 0 0
 0 0 1 1 1 2 3 3 4 4 5 6 6 8 10 10 11 11 18 30 30 26 14 14 9 9 20 17 17 15 11 11 8 8 4 2 2 1 1 1 0 0 0 0 0 0
 1 1 1 2 2 2 4 4 5 5 4 5 5 6 7 7 9 9 10 10 10 9 11 11 10 10 21 24 24 15 11 11 18 18 14 19 19 11 0 0 1 1 0 0 0 0
 2 2 2 3 3 3 4 4 5 5 5 5 5 7 7 7 7 7 9 11 11 13 10 10 14 14 16 24 24 22 24 24 14 14 17 18 18 10 0 0 0 0 0 0 0 0
 2 2 2 3 3 3 4 4 5 5 5 5 5 7 7 7 7 7 9 11 11 13 10 10 14 14 16 24 24 22 24 24 14 14 17 18 18 10 0 0 0 0 0 0 0 0
 2 2 3 5 5 6 7 7 7 7 6 6 6 7 7 7 8 8 8 9 9 9 10 10 17 17 16 25 25 22 25 25 25 25 26 22 22 17 7 7 0 0 0 0 0 0
 2 2 3 5 5 6 7 7 7 7 6 6 6 7 7 7 8 8 8 9 9 9 10 10 17 17 16 25 25 22 25 25 25 25 26 22 22 17 7 7 0 0 0 0 0 0
 3 3 3 4 4 5 6 6 7 7 7 8 8 8 8 8 8 8 8 9 9 9 10 10 17 17 20 38 38 31 46 46 33 33 35 37 37 25 9 9 0 0 0 0 0 0
 4 4 5 5 5 6 6 6 8 8 9 9 9 9 10 10 8 8 9 8 8 8 8 8 20 20 14 27 27 33 56 56 47 47 56 43 43 13 6 6 1 1 0 0 0 0
 4 4 5 5 5 6 6 6 8 8 9 9 9 9 10 10 8 8 9 8 8 8 8 8 20 20 14 27 27 33 56 56 47 47 56 43 43 13 6 6 1 1 0 0 0 0
 5 5 6 4 4 3 4 4 5 5 6 5 5 6 7 7 7 7 13 9 9 7 8 8 20 20 18 22 22 33 35 35 52 52 47 42 42 19 14 14 0 0 0 0 0 0
 4 4 3 2 2 1 1 1 2 2 2 2 2 3 6 6 8 8 17 19 19 11 10 10 8 8 9 12 12 19 21 21 30 30 47 79 79 43 23 23 3 3 2 0 0 0
 4 4 3 2 2 1 1 1 2 2 2 2 2 3 6 6 8 8 17 19 19 11 10 10 8 8 9 12 12 19 21 21 30 30 47 79 79 43 23 23 3 3 2 0 0 0
 2 2 2 1 1 1 1 1 1 1 1 1 1 1 4 4 11 11 15 17 17 12 8 8 7 7 9 10 10 19 19 19 46 46 25 26 26 35 8 8 3 3 1 1 1 0
 2 2 2 1 1 1 1 1 1 1 1 1 1 1 4 4 11 11 15 17 17 12 8 8 7 7 9 10 10 19 19 19 46 46 25 26 26 35 8 8 3 3 1 1 1 0
 1 1 1 1 1 0 0 0 1 1 3 3 3 3 3 3 8 8 9 9 9 8 7 7 8 8 7 7 7 4 5 5 14 14 23 14 14 6 5 5 2 2 2 0 0 0
 1 1 1 1 1 0 1 1 5 5 12 12 12 5 2 2 2 2 3 5 5 7 8 8 7 7 5 5 5 5 4 4 2 2 2 54 54 10 6 6 0 0 0 0 0 0
 1 1 1 1 1 0 1 1 5 5 12 12 12 5 2 2 2 2 3 5 5 7 8 8 7 7 5 5 5 5 4 4 2 2 2 54 54 10 6 6 0 0 0 0 0 0
 1 1 1 1 1 1 1 1 3 3 6 5 5 2 2 2 3 3 4 5 5 7 8 8 6 6 5 5 5 7 5 5 7 7 18 20 20 12 2 2 6 6 3 0 0 0
 0 0 0 0 0 0 0 0 1 1 1 1 1 1 1 1 2 2 3 4 4 5 7 7 8 8 7 8 8 8 7 7 9 9 21 22 22 40 7 7 7 7 1 0 0 0
