assets/RAT_results_old/precipitation/2022-07-08_IMERG.asc
ncols        46
nrows        77
xllcorner    74.800261325624
yllcorner    8.058333333333
cellsize     0.062500000000
NODATA_value -9999
 53 53 47 44 44 33 38 38 29 29 22 27 27 29 30 30 32 32 20 11 11 14 9 9 11 11 10 7 7 7 8 8 11 11 6 7 7 5 8 8 9 9 8 7 7 2
 54 54 53 41 41 34 27 27 19 19 17 20 20 21 29 29 25 25 14 12 12 6 10 10 7 7 9 7 7 10 11 11 13 13 11 5 5 4 3 3 3 3 2 1 1 1
 54 54 53 41 41 34 27 27 19 19 17 20 20 21 29 29 25 25 14 12 12 6 10 10 7 7 9 7 7 10 11 11 13 13 11 5 5 4 3 3 3 3 2 1 1 1
 65 65 55 51 51 45 30 30 23 23 22 25 25 30 30 30 28 28 16 21 21 9 7 7 4 4 3 3 3 11 12 12 12 12 11 6 6 2 2 2 2 2 2 1 1 1
 68 68 69 56 56 50 47 47 25 25 25 29 29 35 30 30 33 33 22 16 16 10 8 8 4 4 3 3 3 8 9 9 11 11 7 5 5 2 1 1 1 1 1 1 1 1
 68 68 69 56 56 50 47 47 25 25 25 29 29 35 30 30 33 33 22 16 16 10 8 8 4 4 3 3 3 8 9 9 11 11 7 5 5 2 1 1 1 1 1 1 1 1
 73 73 79 57 57 48 39 39 33 33 26 29 29 25 21 21 18 18 15 11 11 10 8 8 7 7 7 7 7 9 7 7 7 7 6 6 6 1 1 1 1 1 1 0 0 1
 73 73 79 57 57 48 39 39 33 33 26 29 29 25 21 21 18 18 15 11 11 10 8 8 7 7 7 7 7 9 7 7 7 7 6 6 6 1 1 1 1 1 1 0 0 1
 71 71 79 60 60 54 48 48 35 35 33 31 31 22 19 19 14 14 10 8 8 11 8 8 7 7 5 9 9 8 11 11 8 8 5 4 4 2 1 1 0 0 1 0 0 1
 68 68 77 71 71 53 52 52 59 59 35 35 35 22 17 17 14 14 13 5 5 4 7 7 8 8 6 5 5 2 2 2 2 2 2 5 5 1 0 0 0 0 0 2 2 1
 68 68 77 71 71 53 52 52 59 59 35 35 35 22 17 17 14 14 13 5 5 4 7 7 8 8 6 5 5 2 2 2 2 2 2 5 5 1 0 0 0 0 0 2 2 1
 53 53 74 67 67 50 53 53 43 43 38 41 41 34 23 23 19 19 14 12 12 8 6 6 5 5 1 1 1 2 1 1 3 3 2 1 1 1 0 0 0 0 0 2 2 4
 54 54 62 56 56 43 49 49 43 43 55 48 48 41 34 34 27 27 22 13 13 8 3 3 3 3 1 1 1 1 1 1 1 1 3 3 3 1 1 1 0 0 1 0 0 4
 54 54 62 56 56 43 49 49 43 43 55 48 48 41 34 34 27 27 22 13 13 8 3 3 3 3 1 1 1 1 1 1 1 1 3 3 3 1 1 1 0 0 1 0 0 4
 54 54 33 51 51 57 47 47 39 39 43 50 50 43 32 32 34 34 29 22 22 9 5 5 8 8 3 1 1 1 1 1 2 2 1 2 2 1 1 1 6 6 6 2 2 1
 54 54 33 51 51 57 47 47 39 39 43 50 50 43 32 32 34 34 29 22 22 9 5 5 8 8 3 1 1 1 1 1 2 2 1 2 2 1 1 1 6 6 6 2 2 1
 30 30 36 32 32 39 44 44 35 35 35 34 34 37 30 30 29 29 23 20 20 8 10 10 7 7 10 6 6 5 3 3 3 3 2 2 2 1 2 2 5 5 9 2 2 2
 33 33 34 33 33 39 34 34 29 29 31 33 33 37 26 26 18 18 15 11 11 10 6 6 7 7 4 8 8 7 4 4 6 6 2 3 3 1 1 1 4 4 7 6 6 3
 33 33 34 33 33 39 34 34 29 29 31 33 33 37 26 26 18 18 15 11 11 10 6 6 7 7 4 8 8 7 4 4 6 6 2 3 3 1 1 1 4 4 7 6 6 3
 15 15 19 20 20 34 26 26 30 30 35 26 26 26 26 26 14 14 10 9 9 10 8 8 4 4 2 2 2 2 2 2 2 2 2 1 1 1 2 2 4 4 8 4 4 6
 11 11 13 14 14 26 29 29 21 21 30 26 26 23 20 20 16 16 10 12 12 8 3 3 5 5 3 1 1 1 2 2 2 2 2 1 1 2 0 0 2 2 0 3 3 2
 11 11 13 14 14 26 29 29 21 21 30 26 26 23 20 20 16 16 10 12 12 8 3 3 5 5 3 1 1 1 2 2 2 2 2 1 1 2 0 0 2 2 0 3 3 2
 14 14 14 11 11 16 17 17 23 23 27 32 32 24 18 18 18 18 10 6 6 5 5 5 6 6 3 3 3 2 2 2 1 1 2 1 1 0 0 0 0 0 0 0 0 0
 14 14 14 11 11 16 17 17 23 23 27 32 32 24 18 18 18 18 10 6 6 5 5 5 6 6 3 3 3 2 2 2 1 1 2 1 1 0 0 0 0 0 0 0 0 0
 32 32 30 21 21 18 18 18 18 18 28 24 24 32 15 15 13 13 9 7 7 4 4 4 3 3 3 2 2 1 3 3 1 1 0 1 1 1 0 0 0 0 0 0 0 0
 59 59 64 51 51 48 52 52 26 26 27 21 21 43 32 32 15 15 13 5 5 5 7 7 6 6 4 5 5 3 2 2 1 1 1 2 2 1 1 1 0 0 0 0 0 0
 59 59 64 51 51 48 52 52 26 26 27 21 21 43 32 32 15 15 13 5 5 5 7 7 6 6 4 5 5 3 2 2 1 1 1 2 2 1 1 1 0 0 0 0 0 0
 47 47 53 60 60 53 52 52 41 41 32 34 34 30 24 24 21 21 18 8 8 4 3 3 5 5 4 4 4 4 1 1 1 1 2 2 2 2 1 1 0 0 0 0 0 0
 34 34 30 38 38 33 28 28 27 27 29 39 39 43 35 35 23 23 16 10 10 4 2 2 3 3 4 4 4 4 1 1 2 2 1 1 1 1 1 1 0 0 0 0 0 0
 34 34 30 38 38 33 28 28 27 27 29 39 39 43 35 35 23 23 16 10 10 4 2 2 3 3 4 4 4 4 1 1 2 2 1 1 1 1 1 1 0 0 0 0 0 0
 22 22 23 30 30 41 31 31 27 27 24 45 45 45 29 29 16 16 12 9 9 6 2 2 4 4 4 3 3 2 1 1 1 1 2 2 2 0 0 0 0 0 0 0 0 0
 22 22 23 30 30 41 31 31 27 27 24 45 45 45 29 29 16 16 12 9 9 6 2 2 4 4 4 3 3 2 1 1 1 1 2 2 2 0 0 0 0 0 0 0 0 0
 19 19 25 25 25 34 37 37 23 23 23 28 28 26 16 16 15 15 12 11 11 10 3 3 4 4 4 4 4 5 2 2 1 1 2 2 2 0 0 0 0 0 0 0 0 0
 23 23 25 26 26 27 40 40 24 24 20 25 25 8 10 10 11 11 9 5 5 4 3 3 2 2 2 3 3 1 1 1 2 2 2 1 1 1 1 1 0 0 0 0 0 0
 23 23 25 26 26 27 40 40 24 24 20 25 25 8 10 10 11 11 9 5 5 4 3 3 2 2 2 3 3 1 1 1 2 2 2 1 1 1 1 1 0 0 0 0 0 0
 19 19 28 34 34 37 28 28 21 21 17 11 11 7 9 9 10 10 9 5 5 4 4 4 6 6 4 3 3 2 2 2 1 1 3 1 1 1 1 1 1 1 2 1 1 1
 34 34 87 73 73 30 27 27 15 15 10 7 7 8 12 12 10 10 13 14 14 8 7 7 5 5 6 4 4 5 2 2 5 5 4 3 3 2 2 2 2 2 3 2 2 2
 34 34 87 73 73 30 27 27 15 15 10 7 7 8 12 12 10 10 13 14 14 8 7 7 5 5 6 4 4 5 2 2 5 5 4 3 3 2 2 2 2 2 3 2 2 2
 41 41 25 71 71 25 12 12 10 10 11 10 10 10 13 13 9 9 10 9 9 3 5 5 5 5 6 5 5 6 4 4 6 6 7 9 9 7 5 5 6 6 5 3 3 3
 41 41 25 71 71 25 12 12 10 10 11 10 10 10 13 13 9 9 10 9 9 3 5 5 5 5 6 5 5 6 4 4 6 6 7 9 9 7 5 5 6 6 5 3 3 3
 20 20 32 17 17 12 12 12 12 12 17 19 19 17 16 16 13 13 10 10 10 4 5 5 7 7 6 5 5 6 4 4 9 9 6 12 12 10 7 7 7 7 7 5 5 3
 23 23 26 21 21 20 29 29 22 22 16 14 14 11 8 8 7 7 7 10 10 3 5 5 5 5 8 5 5 6 8 8 9 9 12 12 12 8 7 7 6 6 6 4 4 2
 23 23 26 21 21 20 29 29 22 22 16 14 14 11 8 8 7 7 7 10 10 3 5 5 5 5 8 5 5 6 8 8 9 9 12 12 12 8 7 7 6 6 6 4 4 2
 28 28 23 42 42 85 24 24 8 8 5 11 11 10 10 10 5 5 5 3 3 2 7 7 6 6 7 7 7 9 14 14 17 17 17 15 15 9 7 7 5 5 4 2 2 1
 22 22 42 85 85 43 8 8 3 3 3 4 4 4 6 6 7 7 8 5 5 2 3 3 6 6 7 8 8 10 12 12 19 19 19 18 18 8 6 6 3 3 2 0 0 0
 22 22 42 85 85 43 8 8 3 3 3 4 4 4 6 6 7 7 8 5 5 2 3 3 6 6 7 8 8 10 12 12 19 19 19 18 18 8 6 6 3 3 2 0 0 0
 25 25 22 31 31 10 4 4 2 2 4 5 5 6 7 7 7 7 8 7 7 4 2 2 4 4 6 11 11 11 14 14 16 16 17 9 9 8 4 4 1 1 0 0 0 0
 25 25 22 31 31 10 4 4 2 2 4 5 5 6 7 7 7 7 8 7 7 4 2 2 4 4 6 11 11 11 14 14 16 16 17 9 9 8 4 4 1 1 0 0 0 0
 20 20 20 9 9 3 4 4 3 3 5 5 5 5 5 5 7 7 9 6 6 6 4 4 2 2 3 7 7 6 7 7 8 8 7 5 5 6 1 1 0 0 0 0 0 0
 21 21 11 5 5 3 3 3 5 5 4 7 7 6 6 6 7 7 6 8 8 6 3 3 5 5 3 4 4 3 5 5 5 5 4 5 5 4 1 1 0 0 0 0 0 0
 21 21 11 5 5 3 3 3 5 5 4 7 7 6 6 6 7 7 6 8 8 6 3 3 5 5 3 4 4 3 5 5 5 5 4 5 5 4 1 1 0 0 0 0 0 0
 15 15 5 3 3 4 5 5 8 8 5 7 7 6 6 6 6 6 7 8 8 3 3 3 4 4 3 3 3 2 2 2 1 1 1 1 1 4 1 1 0 0 2 3 3 2
 8 8 4 4 4 4 6 6 7 7 4 6 6 6 6 6 6 6 7 7 7 3 3 3 2 2 5 2 2 2 1 1 1 1 1 1 1 1 2 2 1 1 1 3 3 2
 8 8 4 4 4 4 6 6 7 7 4 6 6 6 6 6 6 6 7 7 7 3 3 3 2 2 5 2 2 2 1 1 1 1 1 1 1 1 2 2 1 1 1 3 3 2
 6 6 5 6 6 5 3 3 4 4 2 4 4 4 3 3 6 6 7 8 8 3 3 3 3 3 3 2 2 2 1 1 1 1 1 1 1 2 2 2 3 3 4 4 4 2
 6 6 5 6 6 5 3 3 4 4 2 4 4 4 3 3 6 6 7 8 8 3 3 3 3 3 3 2 2 2 1 1 1 1 1 1 1 2 2 2 3 3 4 4 4 2
 7 7 5 4 4 2 2 2 3 3 2 2 2 4 2 2 6 6 7 7 7 2 2 2 3 3 2 2 2 2 2 2 2 2 0 1 1 2 3 3 4 4 3 2 2 3
 5 5 4 3 3 2 3 3 3 3 1 1 1 2 2 2 6 6 6 7 7 6 2 2 3 3 3 1 1 2 1 1 2 2 1 3 3 5 5 5 6 6 4 2 2 4
 5 5 4 3 3 2 3 3 3 3 1 1 1 2 2 2 6 6 6 7 7 6 2 2 3 3 3 1 1 2 1 1 2 2 1 3 3 5 5 5 6 6 4 2 2 4
 5 5 5 2 2 2 3 3 2 2 1 1 1 2 1 1 5 5 6 6 6 6 2 2 2 2 2 2 2 1 1 1 1 1 1 2 2 3 2 2 3 3 4 2 2 1
 7 7 5 6 6 6 12 12 10 10 1 1 1 2 2 2 3 3 5 5 5 5 2 2 2 2 1 1 1 2 1 1 1 1 1 2 2 3 2 2 3 3 4 4 4 2
 7 7 5 6 6 6 12 12 10 10 1 1 1 2 2 2 3 3 5 5 5 5 2 2 2 2 1 1 1 2 1 1 1 1 1 2 2 3 2 2 3 3 4 4 4 2
 7 7 9 12 12 10 19 19 7 7 4 2 2 1 4 4 4 4 5 6 6 5 5 5 2 2 1 2 2 3 2 2 1 1 1 2 2 2 1 1 1 1 2 1 1 1
 7 7 9 12 12 10 19 19 7 7 4 2 2 1 4 4 4 4 5 6 6 5 5 5 2 2 1 2 2 3 2 2 1 1 1 2 2 2 1 1 1 1 2 1 1 1
 8 8 8 12 12 21 21 21 18 18 5 4 4 8 9 9 9 9 10 8 8 5 5 5 2 2 2 1 1 2 2 2 2 2 1 1 1 1 1 1 1 1 1 1 1 0
 9 9 10 11 11 12 21 21 25 25 15 9 9 10 12 12 13 13 15 12 12 3 5 5 2 2 3 2 2 1 1 1 1 1 1 0 0 0 0 0 1 1 1 0 0 0
 9 9 10 11 11 12 21 21 25 25 15 9 9 10 12 12 13 13 15 12 12 3 5 5 2 2 3 2 2 1 1 1 1 1 1 0 0 0 0 0 1 1 1 0 0 0
 8 8 10 10 10 11 14 14 25 25 13 11 11 10 13 13 13 13 15 16 16 4 2 2 4 4 4 2 2 1 2 2 2 2 1 1 1 0 0 0 0 0 0 0 0 0
 7 7 9 10 10 14 23 23 24 24 19 13 13 12 9 9 11 11 13 5 5 5 3 3 2 2 4 3 3 1 1 1 1 1 1 1 1 0 1 1 0 0 0 0 0 0
 7 7 9 10 10 14 23 23 24 24 19 13 13 12 9 9 11 11 13 5 5 5 3 3 2 2 4 3 3 1 1 1 1 1 1 1 1 0 1 1 0 0 0 0 0 0
 14 14 9 13 13 13 18 18 17 17 11 8 8 9 11 11 11 11 12 5 5 4 2 2 2 2 3 2 2 1 1 1 0 0 0 1 1 1 1 1 1 1 0 0 0 0
 14 14 9 13 13 13 18 18 17 17 11 8 8 9 11 11 11 11 12 5 5 4 2 2 2 2 3 2 2 1 1 1 0 0 0 1 1 1 1 1 1 1 0 0 0 0
 16 16 8 9 9 12 16 16 16 16 10 10 10 8 11 11 13 13 11 4 4 12 2 2 2 2 1 1 1 1 1 1 3 3 2 1 1 0 1 1 0 0 0 0 0 0
 18 18 12 8 8 5 12 12 14 14 14 16 16 15 9 9 9 9 9 2 2 2 2 2 2 2 2 1 1 1 2 2 2 2 2 0 0 0 0 0 0 0 0 1 1 2
 18 18 12 8 8 5 12 12 14 14 14 16 16 15 9 9 9 9 9 2 2 2 2 2 2 2 2 1 1 1 2 2 2 2 2 0 0 0 0 0 0 0 0 1 1 2
 18 18 12 9 9 5 11 11 13 13 15 14 14 10 8 8 8 8 6 3 3 1 2 2 2 2 2 2 2 1 1 1 1 1 1 0 0 0 0 0 0 0 0 1 1 1
 15 15 13 13 13 11 10 10 8 8 12 16 16 15 13 13 10 10 8 4 4 2 2 2 2 2 2 1 1 1 1 1 1 1 0 0 0 0 0 0 0 0 0 0 0 1
