assets/RAT_results_old/precipitation/2022-04-08_IMERG.asc
ncols        46
nrows        77
xllcorner    74.800261325624
yllcorner    8.058333333333
cellsize     0.062500000000
NODATA_value -9999
 32 32 19 25 25 20 20 20 20 20 23 19 19 7 4 4 2 2 1 0 0 0 0 0 1 1 1 1 1 1 1 1 0 0 1 1 1 1 0 0 0 0 0 0 0 1
 34 34 47 29 29 24 18 18 20 20 21 16 16 8 4 4 2 2 2 1 1 0 0 0 1 1 0 0 0 0 0 0 1 1 1 1 1 2 1 1 1 1 1 0 0 0
 34 34 47 29 29 24 18 18 20 20 21 16 16 8 4 4 2 2 2 1 1 0 0 0 1 1 0 0 0 0 0 0 1 1 1 1 1 2 1 1 1 1 1 0 0 0
 50 50 49 24 24 23 22 22 23 23 23 15 15 10 5 5 4 4 2 1 1 1 0 0 1 1 0 0 0 0 0 0 1 1 2 2 2 2 1 1 1 1 1 1 1 1
 40 40 62 35 35 22 30 30 38 38 19 16 16 11 6 6 5 5 3 2 2 1 1 1 1 1 1 1 1 1 1 1 2 2 3 2 2 1 1 1 0 0 1 1 1 0
 40 40 62 35 35 22 30 30 38 38 19 16 16 11 6 6 5 5 3 2 2 1 1 1 1 1 1 1 1 1 1 1 2 2 3 2 2 1 1 1 0 0 1 1 1 0
 31 31 41 30 30 22 24 24 50 50 37 21 21 14 20 20 4 4 3 2 2 2 1 1 1 1 1 1 1 1 2 2 2 2 3 3 3 2 2 2 1 1 1 0 0 0
 31 31 41 30 30 22 24 24 50 50 37 21 21 14 20 20 4 4 3 2 2 2 1 1 1 1 1 1 1 1 2 2 2 2 3 3 3 2 2 2 1 1 1 0 0 0
 33 33 38 40 40 28 35 35 45 45 44 35 35 28 26 26 6 6 3 3 3 2 2 2 2 2 2 1 1 2 3 3 3 3 4 3 3 3 2 2 1 1 0 0 0 0
 21 21 27 36 36 19 28 28 41 41 31 27 27 78 27 27 18 18 4 4 4 3 2 2 2 2 2 2 2 3 5 5 6 6 5 4 4 3 2 2 1 1 0 0 0 0
 21 21 27 36 36 19 28 28 41 41 31 27 27 78 27 27 18 18 4 4 4 3 2 2 2 2 2 2 2 3 5 5 6 6 5 4 4 3 2 2 1 1 0 0 0 0
 23 23 32 32 32 18 27 27 31 31 46 33 33 79 76 76 18 18 18 8 8 4 3 3 3 3 3 3 3 4 6 6 7 7 7 5 5 4 3 3 2 2 1 0 0 0
 23 23 23 38 38 37 31 31 38 38 86 78 78 42 31 31 27 27 22 16 16 5 4 4 8 8 8 4 4 5 6 6 8 8 8 7 7 6 5 5 3 3 1 0 0 0
 23 23 23 38 38 37 31 31 38 38 86 78 78 42 31 31 27 27 22 16 16 5 4 4 8 8 8 4 4 5 6 6 8 8 8 7 7 6 5 5 3 3 1 0 0 0
 24 24 23 22 22 35 38 38 49 49 48 32 32 83 32 32 16 16 18 16 16 10 10 10 9 9 8 5 5 6 6 6 8 8 13 14 14 7 5 5 4 4 2 0 0 0
 24 24 23 22 22 35 38 38 49 49 48 32 32 83 32 32 16 16 18 16 16 10 10 10 9 9 8 5 5 6 6 6 8 8 13 14 14 7 5 5 4 4 2 0 0 0
 33 33 49 39 39 54 33 33 51 51 38 37 37 80 25 25 18 18 20 16 16 21 10 10 11 11 6 8 8 9 6 6 11 11 13 13 13 7 6 6 4 4 2 1 1 0
 50 50 67 62 62 65 79 79 66 66 36 79 79 78 26 26 21 21 19 17 17 21 20 20 9 9 8 7 7 4 5 5 6 6 7 8 8 8 7 7 5 5 2 1 1 0
 50 50 67 62 62 65 79 79 66 66 36 79 79 78 26 26 21 21 19 17 17 21 20 20 9 9 8 7 7 4 5 5 6 6 7 8 8 8 7 7 5 5 2 1 1 0
 50 50 69 65 65 67 93 93 40 40 95 75 75 32 24 24 25 25 19 16 16 60 6 6 4 4 7 3 3 4 4 4 5 5 7 8 8 9 8 8 5 5 2 0 0 1
 49 49 67 67 67 69 79 79 30 30 33 31 31 20 24 24 26 26 24 13 13 16 7 7 2 2 3 4 4 3 4 4 4 4 11 10 10 10 8 8 5 5 2 1 1 1
 49 49 67 67 67 69 79 79 30 30 33 31 31 20 24 24 26 26 24 13 13 16 7 7 2 2 3 4 4 3 4 4 4 4 11 10 10 10 8 8 5 5 2 1 1 1
 47 47 50 62 62 62 93 93 56 56 32 67 67 31 27 27 23 23 21 12 12 14 7 7 3 3 7 8 8 5 4 4 9 9 11 10 10 19 7 7 5 5 4 2 2 2
 47 47 50 62 62 62 93 93 56 56 32 67 67 31 27 27 23 23 21 12 12 14 7 7 3 3 7 8 8 5 4 4 9 9 11 10 10 19 7 7 5 5 4 2 2 2
 48 48 49 62 62 63 62 62 48 48 30 34 34 30 21 21 29 29 22 29 29 13 12 12 5 5 7 8 8 7 5 5 72 72 70 17 17 16 6 6 5 5 4 2 2 2
 52 52 51 62 62 59 59 59 61 61 32 34 34 25 22 22 28 28 27 27 27 23 6 6 5 5 7 11 11 11 9 9 71 71 69 15 15 8 3 3 2 2 2 2 2 3
 52 52 51 62 62 59 59 59 61 61 32 34 34 25 22 22 28 28 27 27 27 23 6 6 5 5 7 11 11 11 9 9 71 71 69 15 15 8 3 3 2 2 2 2 2 3
 53 53 54 76 76 61 58 58 59 59 40 46 46 26 15 15 21 21 19 20 20 11 11 11 9 9 6 6 6 8 7 7 4 4 4 6 6 7 3 3 4 4 3 4 4 4
 52 52 44 24 24 58 55 55 59 59 36 49 49 41 24 24 22 22 24 22 22 12 12 12 12 12 7 8 8 9 4 4 1 1 1 2 2 2 3 3 4 4 4 4 4 4
 52 52 44 24 24 58 55 55 59 59 36 49 49 41 24 24 22 22 24 22 22 12 12 12 12 12 7 8 8 9 4 4 1 1 1 2 2 2 3 3 4 4 4 4 4 4
 49 49 39 17 17 55 20 20 20 20 29 29 29 37 24 24 17 17 24 50 50 42 15 15 17 17 9 7 7 6 2 2 1 1 1 3 3 3 4 4 5 5 5 5 5 4
 49 49 39 17 17 55 20 20 20 20 29 29 29 37 24 24 17 17 24 50 50 42 15 15 17 17 9 7 7 6 2 2 1 1 1 3 3 3 4 4 5 5 5 5 5 4
 18 18 15 15 15 20 20 20 20 20 17 19 19 18 17 17 18 18 51 53 53 43 91 91 16 16 7 5 5 5 2 2 1 1 4 3 3 7 5 5 5 5 4 5 5 2
 15 15 13 13 13 16 17 17 16 16 17 17 17 19 17 17 19 19 15 89 89 93 94 94 18 18 6 5 5 4 2 2 1 1 5 14 14 11 7 7 5 5 4 8 8 2
 15 15 13 13 13 16 17 17 16 16 17 17 17 19 17 17 19 19 15 89 89 93 94 94 18 18 6 5 5 4 2 2 1 1 5 14 14 11 7 7 5 5 4 8 8 2
 11 11 10 10 10 9 15 15 9 9 14 18 18 20 22 22 23 23 18 92 92 111 130 130 23 23 21 7 7 4 2 2 3 3 13 20 20 18 15 15 12 12 8 7 7 8
 6 6 5 5 5 7 10 10 10 10 14 13 13 20 22 22 16 16 18 106 106 110 131 131 22 22 27 18 18 5 4 4 4 4 13 11 11 16 16 16 18 18 8 8 8 8
 6 6 5 5 5 7 10 10 10 10 14 13 13 20 22 22 16 16 18 106 106 110 131 131 22 22 27 18 18 5 4 4 4 4 13 11 11 16 16 16 18 18 8 8 8 8
 3 3 2 3 3 6 7 7 7 7 9 15 15 19 17 17 12 12 17 40 40 125 168 168 175 175 37 19 19 8 11 11 10 10 12 12 12 11 22 22 20 20 9 10 10 6
 3 3 2 3 3 6 7 7 7 7 9 15 15 19 17 17 12 12 17 40 40 125 168 168 175 175 37 19 19 8 11 11 10 10 12 12 12 11 22 22 20 20 9 10 10 6
 3 3 3 3 3 4 17 17 16 16 20 20 20 16 15 15 11 11 30 42 42 127 166 166 37 37 40 34 34 28 26 26 16 16 10 11 11 10 10 10 12 12 12 14 14 15
 3 3 24 24 24 24 18 18 20 20 20 26 26 25 24 24 14 14 31 32 32 47 43 43 39 39 43 31 31 33 49 49 36 36 19 15 15 14 13 13 13 13 14 16 16 13
 3 3 24 24 24 24 18 18 20 20 20 26 26 25 24 24 14 14 31 32 32 47 43 43 39 39 43 31 31 33 49 49 36 36 19 15 15 14 13 13 13 13 14 16 16 13
 12 12 30 30 30 30 40 40 41 41 34 27 27 27 26 26 30 30 47 41 41 34 27 27 40 40 127 127 127 71 45 45 38 38 21 17 17 17 17 17 17 17 14 15 15 10
 40 40 34 34 34 31 45 45 42 42 85 101 101 39 37 37 39 39 34 37 37 33 36 36 48 48 23 46 46 57 41 41 29 29 18 16 16 25 45 45 15 15 6 10 10 9
 40 40 34 34 34 31 45 45 42 42 85 101 101 39 37 37 39 39 34 37 37 33 36 36 48 48 23 46 46 57 41 41 29 29 18 16 16 25 45 45 15 15 6 10 10 9
 52 52 52 82 82 69 60 60 100 100 87 102 102 40 47 47 43 43 43 50 50 32 32 32 32 32 24 49 49 57 40 40 33 33 24 17 17 68 23 23 14 14 7 10 10 13
 52 52 52 82 82 69 60 60 100 100 87 102 102 40 47 47 43 43 43 50 50 32 32 32 32 32 24 49 49 57 40 40 33 33 24 17 17 68 23 23 14 14 7 10 10 13
 51 51 54 85 85 71 88 88 113 113 103 100 100 47 51 51 44 44 38 89 89 41 49 49 43 43 39 41 41 37 36 36 26 26 17 15 15 30 23 23 6 6 8 13 13 8
 52 52 67 84 84 84 92 92 120 120 105 66 66 58 57 57 75 75 73 78 78 57 60 60 48 48 46 51 51 51 43 43 28 28 27 36 36 27 18 18 10 10 7 10 10 7
 52 52 67 84 84 84 92 92 120 120 105 66 66 58 57 57 75 75 73 78 78 57 60 60 48 48 46 51 51 51 43 43 28 28 27 36 36 27 18 18 10 10 7 10 10 7
 52 52 68 105 105 103 87 87 72 72 78 80 80 56 56 56 68 68 71 88 88 80 81 81 51 51 104 49 49 43 59 59 27 27 32 44 44 29 26 26 18 18 19 13 13 10
 78 78 209 105 105 103 85 85 33 33 41 68 68 72 69 69 110 110 82 87 87 68 92 92 87 87 138 105 105 55 59 59 30 30 30 30 30 36 44 44 40 40 37 36 36 23
 78 78 209 105 105 103 85 85 33 33 41 68 68 72 69 69 110 110 82 87 87 68 92 92 87 87 138 105 105 55 59 59 30 30 30 30 30 36 44 44 40 40 37 36 36 23
 98 98 145 143 143 87 41 41 34 34 40 62 62 55 40 40 51 51 54 63 63 55 116 116 83 83 80 69 69 63 77 77 46 46 31 30 30 25 28 28 24 24 21 33 33 15
 98 98 145 143 143 87 41 41 34 34 40 62 62 55 40 40 51 51 54 63 63 55 116 116 83 83 80 69 69 63 77 77 46 46 31 30 30 25 28 28 24 24 21 33 33 15
 163 163 149 146 146 89 102 102 41 41 33 54 54 48 39 39 38 38 49 62 62 17 41 41 52 52 48 45 45 60 48 48 56 56 32 27 27 38 28 28 28 28 27 39 39 15
 185 185 181 179 179 115 113 113 44 44 56 76 76 45 30 30 31 31 20 28 28 32 46 46 153 153 41 50 50 52 44 44 50 50 28 27 27 32 22 22 31 31 29 29 29 23
 185 185 181 179 179 115 113 113 44 44 56 76 76 45 30 30 31 31 20 28 28 32 46 46 153 153 41 50 50 52 44 44 50 50 28 27 27 32 22 22 31 31 29 29 29 23
 189 189 188 231 231 207 205 205 85 85 66 55 55 67 46 46 44 44 15 16 16 27 71 71 79 79 46 62 62 48 45 45 37 37 30 29 29 32 23 23 17 17 28 33 33 25
 119 119 256 230 230 209 193 193 82 82 79 44 44 55 55 55 41 41 11 19 19 28 15 15 72 72 40 40 40 42 48 48 39 39 31 29 29 27 21 21 14 14 27 27 27 21
 119 119 256 230 230 209 193 193 82 82 79 44 44 55 55 55 41 41 11 19 19 28 15 15 72 72 40 40 40 42 48 48 39 39 31 29 29 27 21 21 14 14 27 27 27 21
 118 118 225 186 186 185 176 176 97 97 85 44 44 42 21 21 19 19 19 14 14 18 16 16 45 45 68 45 45 32 42 42 38 38 37 35 35 36 26 26 16 16 25 37 37 29
 118 118 225 186 186 185 176 176 97 97 85 44 44 42 21 21 19 19 19 14 14 18 16 16 45 45 68 45 45 32 42 42 38 38 37 35 35 36 26 26 16 16 25 37 37 29
 116 116 228 191 191 188 110 110 109 109 40 23 23 19 21 21 19 19 8 15 15 13 25 25 35 35 42 35 35 40 46 46 40 40 36 35 35 35 23 23 20 20 24 29 29 25
 58 58 117 113 113 155 107 107 86 86 39 30 30 26 28 28 10 10 11 6 6 11 13 13 15 15 34 41 41 39 44 44 37 37 36 31 31 30 20 20 23 23 28 37 37 26
 58 58 117 113 113 155 107 107 86 86 39 30 30 26 28 28 10 10 11 6 6 11 13 13 15 15 34 41 41 39 44 44 37 37 36 31 31 30 20 20 23 23 28 37 37 26
 62 62 68 101 101 205 202 202 77 77 36 27 27 27 40 40 42 42 34 40 40 10 11 11 15 15 21 30 30 35 39 39 31 31 29 29 29 24 26 26 31 31 27 37 37 26
 62 62 68 102 102 206 202 202 165 165 64 58 58 64 43 43 65 65 38 40 40 55 12 12 13 13 17 26 26 27 25 25 38 38 31 29 29 23 28 28 37 37 38 36 36 35
 62 62 68 102 102 206 202 202 165 165 64 58 58 64 43 43 65 65 38 40 40 55 12 12 13 13 17 26 26 27 25 25 38 38 31 29 29 23 28 28 37 37 38 36 36 35
 84 84 90 124 124 148 135 135 176 176 69 58 58 41 45 45 36 36 41 45 45 45 30 30 7 7 15 17 17 23 24 24 25 25 27 36 36 32 33 33 32 32 30 17 17 20
 84 84 90 124 124 148 135 135 176 176 69 58 58 41 45 45 36 36 41 45 45 45 30 30 7 7 15 17 17 23 24 24 25 25 27 36 36 32 33 33 32 32 30 17 17 20
 90 90 90 126 126 62 104 104 90 90 84 51 51 38 46 46 40 40 49 54 54 68 47 47 47 47 43 15 15 16 12 12 25 25 22 24 24 26 21 21 29 29 22 16 16 16
 63 63 89 65 65 63 86 86 94 94 118 48 48 47 50 50 53 53 54 54 54 82 52 52 53 53 50 37 37 12 11 11 18 18 20 28 28 26 16 16 11 11 19 12 12 15
 63 63 89 65 65 63 86 86 94 94 118 48 48 47 50 50 53 53 54 54 54 82 52 52 53 53 50 37 37 12 11 11 18 18 20 28 28 26 16 16 11 11 19 12 12 15
 65 65 91 57 57 59 91 91 86 86 114 45 45 45 29 29 32 32 60 57 57 135 133 133 50 50 70 38 38 9 5 5 3 3 16 27 27 25 26 26 23 23 26 15 15 14
 54 54 97 53 53 59 91 91 48 48 69 39 39 40 24 24 28 28 54 47 47 122 78 78 60 60 59 38 38 25 3 3 2 2 6 4 4 11 12 12 15 15 19 10 10 10
