assets/RAT_results_old/precipitation/2022-06-03_IMERG.asc
ncols        46
nrows        77
xllcorner    74.800261325624
yllcorner    8.058333333333
cellsize     0.062500000000
NODATA_value -9999
 1 1 0 0 0 0 0 0 0 0 1 23 23 16 3 3 5 5 10 11 11 19 19 19 19 19 15 23 23 31 33 33 44 44 48 43 43 30 73 73 95 95 94 34 34 29
 0 0 0 0 0 0 4 4 2 2 1 13 13 21 11 11 11 11 5 12 12 30 20 20 36 36 18 22 22 24 29 29 50 50 82 53 53 33 64 64 93 93 89 30 30 27
 0 0 0 0 0 0 4 4 2 2 1 13 13 21 11 11 11 11 5 12 12 30 20 20 36 36 18 22 22 24 29 29 50 50 82 53 53 33 64 64 93 93 89 30 30 27
 0 0 0 0 0 0 3 3 1 1 5 12 12 36 17 17 24 24 9 14 14 26 51 51 47 47 19 17 17 28 63 63 79 79 79 51 51 44 64 64 53 53 64 25 25 24
 0 0 0 1 1 0 0 0 0 0 2 13 13 27 26 26 28 28 26 29 29 21 46 46 26 26 15 14 14 24 62 62 42 42 46 51 51 44 61 61 52 52 25 18 18 6
 0 0 0 1 1 0 0 0 0 0 2 13 13 27 26 26 28 28 26 29 29 21 46 46 26 26 15 14 14 24 62 62 42 42 46 51 51 44 61 61 52 52 25 18 18 6
 0 0 9 10 10 1 0 0 0 0 0 7 7 8 16 16 17 17 13 15 15 19 14 14 16 16 23 20 20 27 48 48 47 47 45 24 24 22 41 41 36 36 49 18 18 6
 0 0 9 10 10 1 0 0 0 0 0 7 7 8 16 16 17 17 13 15 15 19 14 14 16 16 23 20 20 27 48 48 47 47 45 24 24 22 41 41 36 36 49 18 18 6
 1 1 12 8 8 5 2 2 1 1 0 6 6 3 12 12 9 9 10 12 12 10 14 14 25 25 26 14 14 13 16 16 23 23 17 17 17 20 39 39 20 20 36 3 3 3
 5 5 3 8 8 3 2 2 1 1 0 0 0 0 2 2 4 4 7 8 8 7 7 7 10 10 19 6 6 7 5 5 11 11 2 2 2 5 22 22 22 22 37 0 0 0
 5 5 3 8 8 3 2 2 1 1 0 0 0 0 2 2 4 4 7 8 8 7 7 7 10 10 19 6 6 7 5 5 11 11 2 2 2 5 22 22 22 22 37 0 0 0
 4 4 2 11 11 4 1 1 1 1 0 0 0 3 0 0 3 3 3 2 2 1 1 1 1 1 1 2 2 1 2 2 5 5 2 2 2 3 4 4 2 2 1 0 0 0
 3 3 4 2 2 3 1 1 1 1 1 1 1 1 0 0 0 0 0 0 0 0 0 0 1 1 0 0 0 0 0 0 1 1 1 1 1 10 0 0 0 0 0 0 0 0
 3 3 4 2 2 3 1 1 1 1 1 1 1 1 0 0 0 0 0 0 0 0 0 0 1 1 0 0 0 0 0 0 1 1 1 1 1 10 0 0 0 0 0 0 0 0
 3 3 3 0 0 1 0 0 0 0 1 1 1 1 0 0 0 0 0 0 0 0 0 0 0 0 0 0 0 0 1 1 1 1 6 12 12 10 0 0 0 0 0 0 0 0
 3 3 3 0 0 1 0 0 0 0 1 1 1 1 0 0 0 0 0 0 0 0 0 0 0 0 0 0 0 0 1 1 1 1 6 12 12 10 0 0 0 0 0 0 0 0
 0 0 3 2 2 1 1 1 0 0 0 0 0 0 1 1 0 0 0 0 0 1 1 1 0 0 0 0 0 1 1 1 1 1 6 13 13 3 0 0 0 0 0 0 0 0
 1 1 2 4 4 2 1 1 0 0 0 0 0 0 0 0 5 5 0 1 1 2 2 2 2 2 1 1 1 1 1 1 0 0 1 2 2 2 0 0 0 0 0 0 0 0
 1 1 2 4 4 2 1 1 0 0 0 0 0 0 0 0 5 5 0 1 1 2 2 2 2 2 1 1 1 1 1 1 0 0 1 2 2 2 0 0 0 0 0 0 0 0
 1 1 1 1 1 32 30 30 1 1 0 1 1 1 0 0 1 1 1 1 1 2 3 3 3 3 3 3 3 2 1 1 0 0 0 0 0 0 0 0 0 0 0 0 0 0
 2 2 2 5 5 38 36 36 28 28 8 9 9 5 9 9 1 1 1 0 0 0 1 1 1 1 3 4 4 8 2 2 0 0 0 0 0 0 0 0 0 0 0 0 0 0
 2 2 2 5 5 38 36 36 28 28 8 9 9 5 9 9 1 1 1 0 0 0 1 1 1 1 3 4 4 8 2 2 0 0 0 0 0 0 0 0 0 0 0 0 0 0
 1 1 6 9 9 13 10 10 33 33 11 17 17 8 4 4 3 3 2 1 1 1 1 1 1 1 1 2 2 11 29 29 37 37 1 0 0 0 14 14 0 0 0 0 0 0
 1 1 6 9 9 13 10 10 33 33 11 17 17 8 4 4 3 3 2 1 1 1 1 1 1 1 1 2 2 11 29 29 37 37 1 0 0 0 14 14 0 0 0 0 0 0
 1 1 2 7 7 12 9 9 6 6 11 22 22 6 4 4 3 3 3 4 4 4 3 3 1 1 0 3 3 1 0 0 0 0 0 0 0 0 0 0 0 0 0 0 0 0
 2 2 1 0 0 1 4 4 3 3 4 6 6 3 4 4 4 4 4 5 5 4 3 3 1 1 0 3 3 3 0 0 0 0 0 0 0 0 0 0 0 0 0 0 0 0
 2 2 1 0 0 1 4 4 3 3 4 6 6 3 4 4 4 4 4 5 5 4 3 3 1 1 0 3 3 3 0 0 0 0 0 0 0 0 0 0 0 0 0 0 0 0
 1 1 1 2 2 1 1 1 1 1 4 3 3 1 11 11 9 9 6 6 6 2 2 2 1 1 0 0 0 0 0 0 0 0 0 0 0 0 0 0 0 0 0 0 0 0
 0 0 2 2 2 1 1 1 2 2 2 7 7 9 10 10 9 9 5 7 7 2 1 1 0 0 0 0 0 0 0 0 0 0 0 0 0 0 0 0 0 0 0 0 0 0
 0 0 2 2 2 1 1 1 2 2 2 7 7 9 10 10 9 9 5 7 7 2 1 1 0 0 0 0 0 0 0 0 0 0 0 0 0 0 0 0 0 0 0 0 0 0
 1 1 1 1 1 1 1 1 2 2 2 5 5 45 33 33 31 31 18 14 14 2 0 0 0 0 0 0 0 0 0 0 0 0 0 0 0 0 0 0 0 0 0 0 0 0
 1 1 1 1 1 1 1 1 2 2 2 5 5 45 33 33 31 31 18 14 14 2 0 0 0 0 0 0 0 0 0 0 0 0 0 0 0 0 0 0 0 0 0 0 0 0
 2 2 2 3 3 2 2 2 9 9 22 24 24 46 34 34 44 44 21 19 19 3 0 0 0 0 0 0 0 0 0 0 0 0 0 0 0 0 0 0 0 0 0 0 0 0
 2 2 2 2 2 1 1 1 9 9 2 20 20 24 24 24 34 34 19 19 19 8 1 1 0 0 0 0 0 0 0 0 0 0 0 0 0 0 0 0 0 0 0 0 0 0
 2 2 2 2 2 1 1 1 9 9 2 20 20 24 24 24 34 34 19 19 19 8 1 1 0 0 0 0 0 0 0 0 0 0 0 0 0 0 0 0 0 0 0 0 0 0
 1 1 1 1 1 1 1 1 1 1 1 20 20 1 17 17 16 16 14 16 16 8 1 1 0 0 0 0 0 1 1 1 1 1 1 1 1 0 0 0 0 0 0 0 0 0
 0 0 0 0 0 4 4 4 5 5 2 3 3 0 17 17 16 16 8 2 2 9 3 3 1 1 0 1 1 2 2 2 2 2 2 2 2 1 1 1 1 1 1 0 0 0
 0 0 0 0 0 4 4 4 5 5 2 3 3 0 17 17 16 16 8 2 2 9 3 3 1 1 0 1 1 2 2 2 2 2 2 2 2 1 1 1 1 1 1 0 0 0
 0 0 0 0 0 4 4 4 5 5 0 0 0 0 0 0 1 1 1 3 3 10 8 8 9 9 1 1 1 2 2 2 2 2 3 3 3 3 2 2 2 2 2 1 1 1
 0 0 0 0 0 4 4 4 5 5 0 0 0 0 0 0 1 1 1 3 3 10 8 8 9 9 1 1 1 2 2 2 2 2 3 3 3 3 2 2 2 2 2 1 1 1
 0 0 0 0 0 1 2 2 1 1 0 0 0 0 0 0 1 1 1 3 3 6 15 15 18 18 7 14 14 3 3 3 2 2 3 3 3 4 3 3 3 3 3 2 2 1
 0 0 0 0 0 0 0 0 0 0 0 0 0 0 0 0 0 0 1 2 2 3 10 10 10 10 8 12 12 5 4 4 3 3 3 3 3 3 4 4 75 75 5 1 1 0
 0 0 0 0 0 0 0 0 0 0 0 0 0 0 0 0 0 0 1 2 2 3 10 10 10 10 8 12 12 5 4 4 3 3 3 3 3 3 4 4 75 75 5 1 1 0
 0 0 0 0 0 1 1 1 0 0 0 0 0 0 1 1 1 1 1 1 1 2 3 3 5 5 4 12 12 9 5 5 3 3 1 1 1 2 2 2 7 7 0 0 0 0
 0 0 0 0 0 0 0 0 0 0 0 1 1 1 2 2 3 3 3 2 2 2 4 4 4 4 3 7 7 6 3 3 3 3 1 1 1 1 1 1 0 0 0 0 0 0
 0 0 0 0 0 0 0 0 0 0 0 1 1 1 2 2 3 3 3 2 2 2 4 4 4 4 3 7 7 6 3 3 3 3 1 1 1 1 1 1 0 0 0 0 0 0
 0 0 0 0 0 0 0 0 0 0 1 1 1 2 2 2 4 4 4 3 3 3 3 3 6 6 4 4 4 5 4 4 4 4 2 1 1 1 1 1 1 1 1 1 1 1
 0 0 0 0 0 0 0 0 0 0 1 1 1 2 2 2 4 4 4 3 3 3 3 3 6 6 4 4 4 5 4 4 4 4 2 1 1 1 1 1 1 1 1 1 1 1
 0 0 0 0 0 0 0 0 0 0 1 1 1 1 1 1 2 2 2 2 2 2 3 3 5 5 4 4 4 5 4 4 2 2 1 1 1 1 1 1 2 2 2 2 2 1
 0 0 0 0 0 1 1 1 1 1 0 1 1 1 1 1 1 1 1 1 1 2 2 2 3 3 2 2 2 3 3 3 1 1 1 1 1 1 1 1 2 2 2 2 2 2
 0 0 0 0 0 1 1 1 1 1 0 1 1 1 1 1 1 1 1 1 1 2 2 2 3 3 2 2 2 3 3 3 1 1 1 1 1 1 1 1 2 2 2 2 2 2
 0 0 0 0 0 2 3 3 1 1 0 0 0 1 1 1 1 1 1 1 1 1 2 2 2 2 2 3 3 5 5 5 2 2 1 1 1 1 2 2 2 2 2 2 2 2
 0 0 0 0 0 0 1 1 1 1 0 0 0 0 0 0 0 0 1 1 1 2 2 2 2 2 2 3 3 5 5 5 3 3 2 1 1 1 1 1 1 1 2 2 2 2
 0 0 0 0 0 0 1 1 1 1 0 0 0 0 0 0 0 0 1 1 1 2 2 2 2 2 2 3 3 5 5 5 3 3 2 1 1 1 1 1 1 1 2 2 2 2
 0 0 0 0 0 0 0 0 0 0 0 0 0 0 0 0 1 1 2 2 2 5 3 3 2 2 1 1 1 2 4 4 5 5 2 1 1 0 0 0 0 0 1 1 1 1
 0 0 0 0 0 0 0 0 0 0 0 0 0 0 0 0 1 1 2 2 2 5 3 3 2 2 1 1 1 2 4 4 5 5 2 1 1 0 0 0 0 0 1 1 1 1
 0 0 0 0 0 0 0 0 0 0 0 0 0 0 0 0 2 2 2 1 1 2 1 1 1 1 0 0 0 0 1 1 2 2 1 0 0 0 0 0 0 0 0 0 0 0
 0 0 0 0 0 0 0 0 0 0 0 0 0 0 0 0 1 1 1 0 0 1 2 2 1 1 0 0 0 0 0 0 1 1 0 0 0 0 0 0 0 0 0 0 0 0
 0 0 0 0 0 0 0 0 0 0 0 0 0 0 0 0 1 1 1 0 0 1 2 2 1 1 0 0 0 0 0 0 1 1 0 0 0 0 0 0 0 0 0 0 0 0
 0 0 0 0 0 0 0 0 0 0 0 0 0 0 0 0 0 0 0 1 1 0 1 1 1 1 1 0 0 0 0 0 0 0 0 0 0 0 0 0 0 0 0 0 0 0
 0 0 0 0 0 0 0 0 0 0 0 0 0 0 0 0 0 0 0 0 0 0 1 1 1 1 1 1 1 0 0 0 0 0 0 0 0 0 0 0 0 0 0 0 0 0
 0 0 0 0 0 0 0 0 0 0 0 0 0 0 0 0 0 0 0 0 0 0 1 1 1 1 1 1 1 0 0 0 0 0 0 0 0 0 0 0 0 0 0 0 0 0
 0 0 0 0 0 0 0 0 0 0 0 0 0 0 0 0 0 0 0 0 0 1 0 0 0 0 0 1 1 2 1 1 0 0 0 0 0 0 0 0 0 0 0 0 0 0
 0 0 0 0 0 0 0 0 0 0 0 0 0 0 0 0 0 0 0 0 0 1 0 0 0 0 0 1 1 2 1 1 0 0 0 0 0 0 0 0 0 0 0 0 0 0
 0 0 0 0 0 0 1 1 0 0 0 0 0 0 0 0 0 0 0 1 1 1 1 1 0 0 1 1 1 1 2 2 1 1 0 0 0 0 0 0 0 0 0 0 0 0
 1 1 1 0 0 1 2 2 2 2 0 0 0 1 0 0 0 0 0 0 0 0 0 0 0 0 1 1 1 1 1 1 0 0 0 0 0 0 0 0 0 0 0 0 0 0
 1 1 1 0 0 1 2 2 2 2 0 0 0 1 0 0 0 0 0 0 0 0 0 0 0 0 1 1 1 1 1 1 0 0 0 0 0 0 0 0 0 0 0 0 0 0
 4 4 2 1 1 3 4 4 1 1 0 0 0 0 0 0 0 0 0 0 0 0 0 0 0 0 0 0 0 0 0 0 0 0 0 0 0 0 0 0 0 0 0 0 0 0
 7 7 6 4 4 4 0 0 0 0 0 0 0 0 0 0 0 0 0 0 0 0 0 0 0 0 0 0 0 0 0 0 0 0 0 0 0 0 0 0 0 0 0 0 0 0
 7 7 6 4 4 4 0 0 0 0 0 0 0 0 0 0 0 0 0 0 0 0 0 0 0 0 0 0 0 0 0 0 0 0 0 0 0 0 0 0 0 0 0 0 0 0
 2 2 5 2 2 3 0 0 0 0 0 0 0 0 0 0 0 0 0 0 0 0 0 0 0 0 0 0 0 0 0 0 0 0 0 0 0 0 0 0 0 0 0 1 1 0
 2 2 5 2 2 3 0 0 0 0 0 0 0 0 0 0 0 0 0 0 0 0 0 0 0 0 0 0 0 0 0 0 0 0 0 0 0 0 0 0 0 0 0 1 1 0
 0 0 1 1 1 0 0 0 0 0 0 1 1 1 3 3 2 2 2 0 0 0 0 0 0 0 1 0 0 0 0 0 0 0 0 0 0 0 0 0 0 0 0 0 0 0
 1 1 1 0 0 0 0 0 0 0 0 0 0 1 3 3 2 2 2 0 0 0 0 0 0 0 0 0 0 0 0 0 0 0 0 0 0 0 0 0 0 0 0 0 0 0
 1 1 1 0 0 0 0 0 0 0 0 0 0 1 3 3 2 2 2 0 0 0 0 0 0 0 0 0 0 0 0 0 0 0 0 0 0 0 0 0 0 0 0 0 0 0
 3 3 1 2 2 2 0 0 0 0 0 0 0 2 2 2 2 2 2 0 0 3 0 0 0 0 0 0 0 0 0 0 0 0 0 0 0 0 0 0 0 0 0 0 0 0
 6 6 6 5 5 8 5 5 2 2 1 1 1 1 1 1 1 1 2 0 0 4 2 2 2 2 0 0 0 0 0 0 0 0 0 0 0 0 0 0 0 0 0 0 0 0
