assets/RAT_results_old/precipitation/2022-11-03_IMERG.asc
ncols        46
nrows        77
xllcorner    74.800261325624
yllcorner    8.058333333333
cellsize     0.062500000000
NODATA_value -9999
 0 0 1 0 0 0 0 0 0 0 0 0 0 0 0 0 0 0 0 0 0 0 0 0 0 0 0 0 0 0 0 0 0 0 0 0 0 0 0 0 0 0 0 0 0 1
 1 1 1 0 0 0 0 0 0 0 0 0 0 0 0 0 0 0 0 0 0 0 0 0 0 0 0 0 0 0 0 0 0 0 0 0 0 0 0 0 0 0 0 0 0 1
 1 1 1 0 0 0 0 0 0 0 0 0 0 0 0 0 0 0 0 0 0 0 0 0 0 0 0 0 0 0 0 0 0 0 0 0 0 0 0 0 0 0 0 0 0 1
 1 1 1 0 0 0 0 0 0 0 0 0 0 0 0 0 0 0 0 0 0 0 0 0 0 0 0 0 0 0 0 0 0 0 0 0 0 0 0 0 0 0 0 1 1 0
 4 4 1 0 0 0 0 0 0 0 0 0 0 0 0 0 0 0 0 0 0 0 0 0 0 0 0 0 0 0 0 0 0 0 0 0 0 0 0 0 0 0 4 0 0 0
 4 4 1 0 0 0 0 0 0 0 0 0 0 0 0 0 0 0 0 0 0 0 0 0 0 0 0 0 0 0 0 0 0 0 0 0 0 0 0 0 0 0 4 0 0 0
 1 1 0 0 0 0 0 0 0 0 0 0 0 0 0 0 0 0 0 0 0 0 0 0 0 0 0 0 0 0 0 0 0 0 0 0 0 0 0 0 0 0 0 0 0 0
 1 1 0 0 0 0 0 0 0 0 0 0 0 0 0 0 0 0 0 0 0 0 0 0 0 0 0 0 0 0 0 0 0 0 0 0 0 0 0 0 0 0 0 0 0 0
 1 1 0 0 0 0 0 0 1 1 0 0 0 0 0 0 0 0 0 0 0 0 0 0 0 0 0 0 0 0 0 0 0 0 0 0 0 0 0 0 0 0 2 1 1 0
 1 1 0 0 0 0 0 0 2 2 1 1 1 0 0 0 0 0 0 0 0 0 0 0 0 0 0 0 0 0 0 0 0 0 0 0 0 0 0 0 1 1 4 1 1 0
 1 1 0 0 0 0 0 0 2 2 1 1 1 0 0 0 0 0 0 0 0 0 0 0 0 0 0 0 0 0 0 0 0 0 0 0 0 0 0 0 1 1 4 1 1 0
 1 1 1 2 2 2 1 1 6 6 6 4 4 1 0 0 0 0 0 0 0 0 0 0 0 0 0 0 0 0 0 0 0 0 0 0 0 0 0 0 0 0 1 2 2 2
 1 1 1 3 3 3 2 2 9 9 19 11 11 5 1 1 0 0 0 0 0 0 0 0 0 0 0 0 0 0 0 0 0 0 0 0 0 0 0 0 0 0 0 2 2 3
 1 1 1 3 3 3 2 2 9 9 19 11 11 5 1 1 0 0 0 0 0 0 0 0 0 0 0 0 0 0 0 0 0 0 0 0 0 0 0 0 0 0 0 2 2 3
 1 1 1 0 0 0 2 2 12 12 23 15 15 8 2 2 0 0 0 0 0 0 0 0 0 0 0 0 0 0 0 0 0 0 0 0 0 0 0 0 0 0 0 1 1 3
 1 1 1 0 0 0 2 2 12 12 23 15 15 8 2 2 0 0 0 0 0 0 0 0 0 0 0 0 0 0 0 0 0 0 0 0 0 0 0 0 0 0 0 1 1 3
 0 0 0 0 0 0 0 0 7 7 16 14 14 6 2 2 0 0 0 0 0 0 0 0 0 0 0 0 0 0 0 0 0 0 0 0 0 0 0 0 0 0 0 0 0 1
 0 0 0 2 2 7 5 5 4 4 6 8 8 6 8 8 3 3 0 0 0 0 0 0 0 0 0 0 0 0 0 0 0 0 0 0 0 0 0 0 1 1 0 0 0 0
 0 0 0 2 2 7 5 5 4 4 6 8 8 6 8 8 3 3 0 0 0 0 0 0 0 0 0 0 0 0 0 0 0 0 0 0 0 0 0 0 1 1 0 0 0 0
 1 1 1 3 3 4 6 6 3 3 1 5 5 7 6 6 1 1 2 0 0 0 0 0 0 0 0 0 0 0 0 0 0 0 0 0 0 0 1 1 2 2 3 2 2 1
 1 1 2 8 8 28 29 29 6 6 3 4 4 5 9 9 9 9 4 1 1 0 0 0 0 0 0 0 0 0 0 0 0 0 0 0 0 0 0 0 2 2 5 6 6 3
 1 1 2 8 8 28 29 29 6 6 3 4 4 5 9 9 9 9 4 1 1 0 0 0 0 0 0 0 0 0 0 0 0 0 0 0 0 0 0 0 2 2 5 6 6 3
 1 1 2 6 6 20 20 20 18 18 4 3 3 9 14 14 17 17 19 2 2 0 1 1 0 0 0 0 0 0 0 0 2 2 4 1 1 0 0 0 1 1 3 7 7 6
 1 1 2 6 6 20 20 20 18 18 4 3 3 9 14 14 17 17 19 2 2 0 1 1 0 0 0 0 0 0 0 0 2 2 4 1 1 0 0 0 1 1 3 7 7 6
 2 2 1 2 2 4 9 9 16 16 14 6 6 6 9 9 14 14 20 2 2 1 1 1 0 0 0 0 0 1 1 1 4 4 6 3 3 0 0 0 0 0 2 2 2 2
 4 4 2 1 1 3 7 7 12 12 25 8 8 2 5 5 5 5 4 2 2 2 3 3 1 1 0 1 1 1 1 1 5 5 6 5 5 0 0 0 0 0 6 1 1 1
 4 4 2 1 1 3 7 7 12 12 25 8 8 2 5 5 5 5 4 2 2 2 3 3 1 1 0 1 1 1 1 1 5 5 6 5 5 0 0 0 0 0 6 1 1 1
 3 3 2 2 2 3 8 8 8 8 63 9 9 3 1 1 2 2 2 1 1 5 4 4 1 1 1 0 0 1 1 1 1 1 5 0 0 0 0 0 0 0 6 0 0 1
 6 6 6 5 5 6 24 24 92 92 82 17 17 3 1 1 1 1 1 1 1 2 2 2 1 1 7 6 6 0 0 0 0 0 0 0 0 0 0 0 0 0 0 0 0 0
 6 6 6 5 5 6 24 24 92 92 82 17 17 3 1 1 1 1 1 1 1 2 2 2 1 1 7 6 6 0 0 0 0 0 0 0 0 0 0 0 0 0 0 0 0 0
 10 10 8 5 5 21 64 64 96 96 44 13 13 10 3 3 1 1 0 0 0 1 0 0 0 0 3 6 6 6 0 0 0 0 0 0 0 0 1 1 0 0 0 0 0 0
 10 10 8 5 5 21 64 64 96 96 44 13 13 10 3 3 1 1 0 0 0 1 0 0 0 0 3 6 6 6 0 0 0 0 0 0 0 0 1 1 0 0 0 0 0 0
 14 14 9 4 4 16 58 58 37 37 12 12 12 8 2 2 1 1 0 1 1 1 0 0 0 0 0 0 0 0 0 0 0 0 0 0 0 0 1 1 1 1 1 0 0 0
 14 14 6 5 5 16 14 14 15 15 10 9 9 8 4 4 2 2 1 2 2 3 2 2 1 1 0 0 0 0 0 0 0 0 0 0 0 0 1 1 3 3 5 3 3 0
 14 14 6 5 5 16 14 14 15 15 10 9 9 8 4 4 2 2 1 2 2 3 2 2 1 1 0 0 0 0 0 0 0 0 0 0 0 0 1 1 3 3 5 3 3 0
 4 4 3 3 3 10 8 8 6 6 5 5 5 9 5 5 2 2 1 3 3 5 4 4 11 11 11 0 0 0 0 0 0 0 0 0 0 0 0 0 1 1 4 9 9 1
 1 1 1 1 1 11 9 9 7 7 4 4 4 6 5 5 2 2 1 5 5 19 18 18 14 14 13 2 2 1 0 0 0 0 0 0 0 0 0 0 0 0 1 2 2 0
 1 1 1 1 1 11 9 9 7 7 4 4 4 6 5 5 2 2 1 5 5 19 18 18 14 14 13 2 2 1 0 0 0 0 0 0 0 0 0 0 0 0 1 2 2 0
 1 1 1 1 1 6 9 9 7 7 4 3 3 5 5 5 2 2 2 8 8 11 8 8 7 7 5 4 4 3 1 1 0 0 0 0 0 0 0 0 0 0 0 1 1 1
 1 1 1 1 1 6 9 9 7 7 4 3 3 5 5 5 2 2 2 8 8 11 8 8 7 7 5 4 4 3 1 1 0 0 0 0 0 0 0 0 0 0 0 1 1 1
 0 0 1 1 1 2 5 5 2 2 1 1 1 2 3 3 1 1 1 7 7 10 10 10 13 13 13 8 8 10 5 5 2 2 1 7 7 9 6 6 8 8 0 1 1 3
 0 0 0 1 1 2 4 4 1 1 0 0 0 2 2 2 3 3 1 3 3 13 15 15 18 18 17 14 14 19 9 9 11 11 6 7 7 16 9 9 4 4 11 3 3 1
 0 0 0 1 1 2 4 4 1 1 0 0 0 2 2 2 3 3 1 3 3 13 15 15 18 18 17 14 14 19 9 9 11 11 6 7 7 16 9 9 4 4 11 3 3 1
 0 0 0 1 1 2 3 3 2 2 0 0 0 3 8 8 0 0 1 2 2 10 17 17 20 20 25 20 20 20 17 17 10 10 10 15 15 14 6 6 13 13 6 3 3 0
 0 0 0 1 1 1 1 1 1 1 0 1 1 2 1 1 0 0 1 2 2 3 11 11 15 15 23 27 27 25 23 23 16 16 8 13 13 18 4 4 5 5 9 14 14 1
 0 0 0 1 1 1 1 1 1 1 0 1 1 2 1 1 0 0 1 2 2 3 11 11 15 15 23 27 27 25 23 23 16 16 8 13 13 18 4 4 5 5 9 14 14 1
 0 0 0 0 0 0 1 1 1 1 0 0 0 0 0 0 0 0 1 1 1 3 5 5 10 10 15 26 26 26 32 32 23 23 17 11 11 16 12 12 7 7 1 4 4 2
 0 0 0 0 0 0 1 1 1 1 0 0 0 0 0 0 0 0 1 1 1 3 5 5 10 10 15 26 26 26 32 32 23 23 17 11 11 16 12 12 7 7 1 4 4 2
 0 0 0 0 0 0 1 1 1 1 0 0 0 0 0 0 0 0 1 2 2 3 4 4 9 9 14 19 19 26 28 28 24 24 20 12 12 15 21 21 2 2 3 2 2 3
 0 0 0 0 0 1 2 2 1 1 0 0 0 0 0 0 0 0 1 2 2 3 4 4 9 9 12 15 15 22 31 31 32 32 25 16 16 18 14 14 6 6 4 5 5 17
 0 0 0 0 0 1 2 2 1 1 0 0 0 0 0 0 0 0 1 2 2 3 4 4 9 9 12 15 15 22 31 31 32 32 25 16 16 18 14 14 6 6 4 5 5 17
 0 0 0 0 0 2 7 7 2 2 0 0 0 0 0 0 0 0 1 2 2 3 5 5 10 10 13 17 17 23 30 30 36 36 35 25 25 15 14 14 11 11 8 7 7 30
 0 0 0 0 0 1 5 5 3 3 1 1 1 0 0 0 0 0 1 2 2 3 4 4 9 9 14 19 19 22 27 27 31 31 34 25 25 22 18 18 16 16 11 14 14 52
 0 0 0 0 0 1 5 5 3 3 1 1 1 0 0 0 0 0 1 2 2 3 4 4 9 9 14 19 19 22 27 27 31 31 34 25 25 22 18 18 16 16 11 14 14 52
 0 0 0 0 0 0 1 1 2 2 4 3 3 1 0 0 0 0 0 1 1 2 3 3 8 8 12 15 15 12 14 14 18 18 17 18 18 16 13 13 8 8 13 14 14 36
 0 0 0 0 0 0 1 1 2 2 4 3 3 1 0 0 0 0 0 1 1 2 3 3 8 8 12 15 15 12 14 14 18 18 17 18 18 16 13 13 8 8 13 14 14 36
 0 0 0 0 0 0 0 0 1 1 5 5 5 2 2 2 0 0 0 0 0 0 1 1 2 2 4 5 5 5 7 7 8 8 4 2 2 8 13 13 12 12 11 12 12 39
 0 0 0 0 0 0 0 0 0 0 2 4 4 2 3 3 1 1 0 0 0 0 0 0 1 1 2 3 3 5 10 10 4 4 3 3 3 11 10 10 6 6 10 19 19 27
 0 0 0 0 0 0 0 0 0 0 2 4 4 2 3 3 1 1 0 0 0 0 0 0 1 1 2 3 3 5 10 10 4 4 3 3 3 11 10 10 6 6 10 19 19 27
 0 0 0 0 0 0 0 0 1 1 1 1 1 1 1 1 0 0 1 1 1 1 1 1 1 1 2 6 6 5 6 6 8 8 9 7 7 8 8 8 10 10 15 43 43 37
 0 0 0 0 0 0 1 1 1 1 1 0 0 0 0 0 0 0 1 5 5 4 2 2 1 1 1 4 4 5 6 6 9 9 14 14 14 15 15 15 18 18 26 26 26 25
 0 0 0 0 0 0 1 1 1 1 1 0 0 0 0 0 0 0 1 5 5 4 2 2 1 1 1 4 4 5 6 6 9 9 14 14 14 15 15 15 18 18 26 26 26 25
 0 0 0 0 0 0 1 1 1 1 1 0 0 0 0 0 0 0 0 2 2 2 2 2 2 2 3 7 7 8 8 8 6 6 6 8 8 9 15 15 18 18 28 32 32 49
 0 0 0 0 0 0 1 1 1 1 1 0 0 0 0 0 0 0 0 2 2 2 2 2 2 2 3 7 7 8 8 8 6 6 6 8 8 9 15 15 18 18 28 32 32 49
 0 0 0 0 0 0 1 1 1 1 1 0 0 0 0 0 0 0 0 1 1 1 2 2 4 4 13 12 12 12 12 12 9 9 6 8 8 10 13 13 16 16 31 32 32 41
 0 0 0 1 1 0 1 1 1 1 1 1 1 1 0 0 0 0 0 1 1 1 2 2 5 5 17 20 20 23 23 23 20 20 16 20 20 17 22 22 17 17 22 32 32 47
 0 0 0 1 1 0 1 1 1 1 1 1 1 1 0 0 0 0 0 1 1 1 2 2 5 5 17 20 20 23 23 23 20 20 16 20 20 17 22 22 17 17 22 32 32 47
 0 0 0 1 1 2 2 2 4 4 4 5 5 1 4 4 0 0 0 0 0 0 1 1 2 2 7 10 10 9 32 32 33 33 32 30 30 36 38 38 27 27 34 46 46 37
 0 0 0 1 1 1 2 2 2 2 4 5 5 4 4 4 1 1 1 0 0 0 0 0 0 0 1 3 3 5 7 7 27 27 33 34 34 33 48 48 37 37 36 38 38 34
 0 0 0 1 1 1 2 2 2 2 4 5 5 4 4 4 1 1 1 0 0 0 0 0 0 0 1 3 3 5 7 7 27 27 33 34 34 33 48 48 37 37 36 38 38 34
 0 0 0 1 1 1 2 2 2 2 6 6 6 4 4 4 2 2 1 0 0 0 0 0 0 0 0 1 1 3 4 4 6 6 23 23 23 26 29 29 38 38 38 35 35 32
 0 0 0 1 1 1 2 2 2 2 6 6 6 4 4 4 2 2 1 0 0 0 0 0 0 0 0 1 1 3 4 4 6 6 23 23 23 26 29 29 38 38 38 35 35 32
 1 1 1 1 1 3 2 2 2 2 1 1 1 2 4 4 2 2 1 1 1 0 0 0 0 0 0 0 0 1 2 2 21 21 11 11 11 14 15 15 20 20 35 34 34 34
 1 1 1 3 3 3 1 1 2 2 1 1 1 2 1 1 1 1 1 1 1 1 0 0 0 0 0 0 0 0 1 1 2 2 2 1 1 5 6 6 9 9 18 21 21 24
 1 1 1 3 3 3 1 1 2 2 1 1 1 2 1 1 1 1 1 1 1 1 0 0 0 0 0 0 0 0 1 1 2 2 2 1 1 5 6 6 9 9 18 21 21 24
 1 1 0 3 3 3 1 1 1 1 1 1 1 1 1 1 2 2 1 1 1 1 0 0 0 0 0 0 0 1 2 2 4 4 2 0 0 0 1 1 5 5 13 13 13 15
 1 1 0 2 2 2 0 0 1 1 2 1 1 3 1 1 2 2 2 2 2 2 1 1 1 1 1 1 1 2 3 3 3 3 1 0 0 0 0 0 1 1 7 7 7 3
