assets/RAT_results_old/precipitation/2022-07-19_IMERG.asc
ncols        46
nrows        77
xllcorner    74.800261325624
yllcorner    8.058333333333
cellsize     0.062500000000
NODATA_value -9999
 3 3 3 5 5 6 4 4 3 3 2 3 3 1 0 0 0 0 0 0 0 1 2 2 2 2 1 0 0 0 0 0 0 0 0 0 0 0 0 0 0 0 0 0 0 1
 1 1 1 1 1 2 3 3 3 3 3 4 4 0 0 0 1 1 0 0 0 1 1 1 2 2 2 2 2 3 2 2 0 0 0 0 0 0 0 0 0 0 0 1 1 1
 1 1 1 1 1 2 3 3 3 3 3 4 4 0 0 0 1 1 0 0 0 1 1 1 2 2 2 2 2 3 2 2 0 0 0 0 0 0 0 0 0 0 0 1 1 1
 3 3 1 0 0 0 1 1 1 1 1 2 2 0 1 1 2 2 1 1 1 1 0 0 0 0 1 2 2 4 3 3 1 1 0 0 0 0 0 0 0 0 0 0 0 1
 2 2 0 0 0 0 0 0 0 0 0 2 2 0 0 0 1 1 2 2 2 1 1 1 1 1 0 0 0 1 1 1 0 0 0 0 0 0 0 0 0 0 0 0 0 0
 2 2 0 0 0 0 0 0 0 0 0 2 2 0 0 0 1 1 2 2 2 1 1 1 1 1 0 0 0 1 1 1 0 0 0 0 0 0 0 0 0 0 0 0 0 0
 2 2 0 0 0 0 0 0 0 0 0 0 0 0 0 0 0 0 0 2 2 1 1 1 1 1 0 0 0 0 0 0 0 0 0 0 0 0 0 0 0 0 0 0 0 0
 2 2 0 0 0 0 0 0 0 0 0 0 0 0 0 0 0 0 0 2 2 1 1 1 1 1 0 0 0 0 0 0 0 0 0 0 0 0 0 0 0 0 0 0 0 0
 4 4 1 0 0 0 0 0 0 0 0 0 0 0 0 0 0 0 2 1 1 0 0 0 0 0 0 0 0 0 0 0 0 0 0 0 0 0 0 0 0 0 0 0 0 0
 5 5 2 1 1 1 1 1 1 1 1 1 1 0 0 0 0 0 0 0 0 0 0 0 0 0 0 0 0 0 0 0 0 0 0 0 0 0 0 0 0 0 0 0 0 0
 5 5 2 1 1 1 1 1 1 1 1 1 1 0 0 0 0 0 0 0 0 0 0 0 0 0 0 0 0 0 0 0 0 0 0 0 0 0 0 0 0 0 0 0 0 0
 10 10 7 3 3 3 3 3 4 4 6 6 6 4 1 1 0 0 0 0 0 0 0 0 0 0 0 0 0 0 0 0 0 0 0 0 0 0 0 0 0 0 0 0 0 0
 11 11 7 3 3 3 4 4 7 7 13 17 17 10 3 3 1 1 2 0 0 0 0 0 0 0 0 0 0 0 0 0 0 0 1 1 1 1 1 1 1 1 1 0 0 0
 11 11 7 3 3 3 4 4 7 7 13 17 17 10 3 3 1 1 2 0 0 0 0 0 0 0 0 0 0 0 0 0 0 0 1 1 1 1 1 1 1 1 1 0 0 0
 7 7 5 2 2 2 3 3 3 3 6 12 12 10 3 3 0 0 5 1 1 1 0 0 0 0 0 0 0 0 0 0 0 0 0 1 1 1 3 3 2 2 2 2 2 1
 7 7 5 2 2 2 3 3 3 3 6 12 12 10 3 3 0 0 5 1 1 1 0 0 0 0 0 0 0 0 0 0 0 0 0 1 1 1 3 3 2 2 2 2 2 1
 5 5 4 2 2 1 0 0 1 1 1 2 2 2 1 1 0 0 7 4 4 0 0 0 0 0 0 0 0 0 0 0 0 0 0 1 1 1 6 6 1 1 1 2 2 1
 5 5 5 3 3 1 0 0 0 0 0 0 0 0 0 0 0 0 0 6 6 1 0 0 0 0 0 1 1 1 1 1 0 0 1 1 1 1 8 8 1 1 1 2 2 0
 5 5 5 3 3 1 0 0 0 0 0 0 0 0 0 0 0 0 0 6 6 1 0 0 0 0 0 1 1 1 1 1 0 0 1 1 1 1 8 8 1 1 1 2 2 0
 3 3 2 1 1 0 1 1 0 0 0 0 0 0 0 0 0 0 0 2 2 1 0 0 0 0 0 1 1 4 2 2 1 1 2 2 2 2 3 3 2 2 1 0 0 0
 5 5 3 2 2 1 1 1 0 0 0 0 0 1 1 1 1 1 1 2 2 1 1 1 1 1 1 1 1 4 3 3 3 3 3 4 4 4 2 2 2 2 3 1 1 0
 5 5 3 2 2 1 1 1 0 0 0 0 0 1 1 1 1 1 1 2 2 1 1 1 1 1 1 1 1 4 3 3 3 3 3 4 4 4 2 2 2 2 3 1 1 0
 10 10 6 3 3 2 1 1 1 1 1 0 0 1 2 2 3 3 4 9 9 5 4 4 5 5 2 2 2 3 5 5 4 4 3 3 3 2 1 1 1 1 2 1 1 1
 10 10 6 3 3 2 1 1 1 1 1 0 0 1 2 2 3 3 4 9 9 5 4 4 5 5 2 2 2 3 5 5 4 4 3 3 3 2 1 1 1 1 2 1 1 1
 9 9 5 4 4 3 3 3 1 1 1 1 1 3 3 3 5 5 8 8 8 7 7 7 8 8 8 7 7 6 6 6 4 4 3 3 3 3 2 2 3 3 6 4 4 1
 9 9 5 4 4 5 4 4 2 2 1 1 1 1 3 3 5 5 6 6 6 6 7 7 7 7 8 9 9 11 11 11 10 10 7 6 6 3 3 3 3 3 4 2 2 1
 9 9 5 4 4 5 4 4 2 2 1 1 1 1 3 3 5 5 6 6 6 6 7 7 7 7 8 9 9 11 11 11 10 10 7 6 6 3 3 3 3 3 4 2 2 1
 9 9 7 5 5 6 7 7 2 2 1 1 1 1 1 1 2 2 2 2 2 2 3 3 5 5 5 6 6 10 10 10 10 10 7 3 3 2 2 2 2 2 2 1 1 0
 13 13 8 5 5 6 7 7 5 5 2 1 1 0 0 0 0 0 0 0 0 0 1 1 1 1 2 3 3 3 3 3 3 3 4 3 3 3 3 3 2 2 2 1 1 0
 13 13 8 5 5 6 7 7 5 5 2 1 1 0 0 0 0 0 0 0 0 0 1 1 1 1 2 3 3 3 3 3 3 3 4 3 3 3 3 3 2 2 2 1 1 0
 10 10 16 8 8 7 8 8 1 1 1 1 1 1 1 1 1 1 1 1 1 1 1 1 1 1 1 2 2 3 5 5 6 6 6 7 7 6 3 3 2 2 1 0 0 0
 10 10 16 8 8 7 8 8 1 1 1 1 1 1 1 1 1 1 1 1 1 1 1 1 1 1 1 2 2 3 5 5 6 6 6 7 7 6 3 3 2 2 1 0 0 0
 7 7 20 22 22 6 3 3 1 1 1 1 1 2 2 2 2 2 4 2 2 1 2 2 2 2 2 3 3 4 6 6 8 8 9 7 7 6 3 3 2 2 1 0 0 0
 7 7 10 23 23 16 6 6 5 5 5 1 1 4 3 3 2 2 9 3 3 1 1 1 2 2 2 2 2 3 5 5 5 5 6 5 5 6 5 5 4 4 3 2 2 1
 7 7 10 23 23 16 6 6 5 5 5 1 1 4 3 3 2 2 9 3 3 1 1 1 2 2 2 2 2 3 5 5 5 5 6 5 5 6 5 5 4 4 3 2 2 1
 5 5 8 12 12 18 10 10 8 8 6 2 2 2 2 2 4 4 9 2 2 0 0 0 0 0 1 2 2 3 3 3 2 2 3 3 3 3 4 4 4 4 4 3 3 2
 4 4 5 8 8 12 10 10 5 5 2 2 2 5 5 5 3 3 2 1 1 1 0 0 0 0 1 1 1 1 1 1 1 1 1 1 1 1 2 2 3 3 3 3 3 3
 4 4 5 8 8 12 10 10 5 5 2 2 2 5 5 5 3 3 2 1 1 1 0 0 0 0 1 1 1 1 1 1 1 1 1 1 1 1 2 2 3 3 3 3 3 3
 6 6 6 7 7 5 4 4 2 2 2 2 2 5 5 5 3 3 2 1 1 2 1 1 1 1 2 2 2 2 2 2 2 2 2 3 3 3 4 4 4 4 2 2 2 3
 6 6 6 7 7 5 4 4 2 2 2 2 2 5 5 5 3 3 2 1 1 2 1 1 1 1 2 2 2 2 2 2 2 2 2 3 3 3 4 4 4 4 2 2 2 3
 6 6 6 6 6 6 2 2 1 1 1 1 1 3 5 5 3 3 2 1 1 1 1 1 1 1 2 1 1 1 1 1 2 2 3 3 3 5 6 6 8 8 6 6 6 3
 7 7 10 12 12 6 2 2 1 1 1 1 1 3 4 4 3 3 1 0 0 0 1 1 1 1 1 1 1 1 1 1 1 1 4 9 9 4 8 8 10 10 16 9 9 5
 7 7 10 12 12 6 2 2 1 1 1 1 1 3 4 4 3 3 1 0 0 0 1 1 1 1 1 1 1 1 1 1 1 1 4 9 9 4 8 8 10 10 16 9 9 5
 5 5 8 16 16 9 4 4 1 1 1 2 2 3 2 2 1 1 0 0 0 0 1 1 1 1 1 2 2 1 1 1 1 1 4 7 7 6 8 8 10 10 11 6 6 7
 7 7 6 11 11 7 5 5 4 4 5 5 5 5 2 2 1 1 1 1 1 0 1 1 1 1 2 2 2 2 2 2 3 3 3 5 5 6 6 6 7 7 9 7 7 9
 7 7 6 11 11 7 5 5 4 4 5 5 5 5 2 2 1 1 1 1 1 0 1 1 1 1 2 2 2 2 2 2 3 3 3 5 5 6 6 6 7 7 9 7 7 9
 8 8 10 11 11 8 4 4 7 7 7 5 5 5 2 2 1 1 2 2 2 2 2 2 2 2 3 3 3 2 3 3 3 3 5 5 5 5 5 5 6 6 7 7 7 8
 8 8 10 11 11 8 4 4 7 7 7 5 5 5 2 2 1 1 2 2 2 2 2 2 2 2 3 3 3 2 3 3 3 3 5 5 5 5 5 5 6 6 7 7 7 8
 13 13 13 12 12 9 6 6 11 11 9 7 7 3 2 2 1 1 2 2 2 3 3 3 4 4 7 6 6 3 3 3 3 3 4 4 4 3 4 4 5 5 5 5 5 14
 15 15 13 12 12 13 7 7 11 11 11 8 8 4 2 2 1 1 2 3 3 2 2 2 4 4 4 4 4 3 4 4 4 4 5 5 5 4 4 4 4 4 4 4 4 4
 15 15 13 12 12 13 7 7 11 11 11 8 8 4 2 2 1 1 2 3 3 2 2 2 4 4 4 4 4 3 4 4 4 4 5 5 5 4 4 4 4 4 4 4 4 4
 15 15 14 12 12 12 12 12 7 7 11 10 10 5 4 4 2 2 2 2 2 1 1 1 1 1 2 4 4 4 8 8 7 7 5 5 5 5 5 5 4 4 3 5 5 4
 32 32 17 9 9 10 7 7 5 5 10 10 10 5 7 7 6 6 4 3 3 3 3 3 4 4 2 2 2 2 4 4 4 4 3 3 3 3 3 3 3 3 3 3 3 2
 32 32 17 9 9 10 7 7 5 5 10 10 10 5 7 7 6 6 4 3 3 3 3 3 4 4 2 2 2 2 4 4 4 4 3 3 3 3 3 3 3 3 3 3 3 2
 21 21 15 8 8 6 4 4 3 3 5 9 9 4 8 8 9 9 9 9 9 5 5 5 6 6 4 4 4 5 7 7 7 7 5 4 4 4 4 4 4 4 2 2 2 1
 21 21 15 8 8 6 4 4 3 3 5 9 9 4 8 8 9 9 9 9 9 5 5 5 6 6 4 4 4 5 7 7 7 7 5 4 4 4 4 4 4 4 2 2 2 1
 12 12 11 6 6 3 3 3 3 3 4 6 6 5 6 6 10 10 15 14 14 4 5 5 5 5 5 5 5 7 10 10 10 10 6 4 4 7 9 9 8 8 5 4 4 5
 9 9 8 8 8 6 3 3 3 3 5 6 6 3 3 3 4 4 5 9 9 6 2 2 2 2 3 3 3 5 6 6 7 7 5 4 4 5 9 9 9 9 8 10 10 15
 9 9 8 8 8 6 3 3 3 3 5 6 6 3 3 3 4 4 5 9 9 6 2 2 2 2 3 3 3 5 6 6 7 7 5 4 4 5 9 9 9 9 8 10 10 15
 8 8 10 8 8 8 9 9 8 8 10 5 5 2 1 1 2 2 2 3 3 7 2 2 2 2 1 1 1 1 1 1 2 2 3 2 2 4 6 6 6 6 5 3 3 3
 10 10 9 12 12 9 12 12 11 11 11 8 8 3 2 2 2 2 1 2 2 3 2 2 2 2 1 0 0 0 0 0 0 0 0 0 0 1 2 2 2 2 2 1 1 1
 10 10 9 12 12 9 12 12 11 11 11 8 8 3 2 2 2 2 1 2 2 3 2 2 2 2 1 0 0 0 0 0 0 0 0 0 0 1 2 2 2 2 2 1 1 1
 9 9 10 11 11 11 10 10 11 11 5 4 4 3 2 2 3 3 2 1 1 1 2 2 2 2 0 0 0 0 0 0 0 0 0 0 0 1 4 4 4 4 1 0 0 1
 9 9 10 11 11 11 10 10 11 11 5 4 4 3 2 2 3 3 2 1 1 1 2 2 2 2 0 0 0 0 0 0 0 0 0 0 0 1 4 4 4 4 1 0 0 1
 15 15 13 10 10 13 18 18 10 10 13 5 5 5 4 4 2 2 2 1 1 1 2 2 3 3 2 0 0 0 0 0 0 0 0 0 0 0 1 1 1 1 1 1 1 1
 40 40 21 18 18 29 25 25 39 39 15 11 11 10 7 7 2 2 1 1 1 1 1 1 3 3 3 1 1 1 1 1 1 1 1 1 1 1 1 1 1 1 2 2 2 3
 40 40 21 18 18 29 25 25 39 39 15 11 11 10 7 7 2 2 1 1 1 1 1 1 3 3 3 1 1 1 1 1 1 1 1 1 1 1 1 1 1 1 2 2 2 3
 48 48 44 44 44 49 41 41 31 31 27 12 12 6 3 3 2 2 2 1 1 1 1 1 2 2 1 2 2 1 2 2 2 2 2 1 1 2 2 2 2 2 3 3 3 4
 18 18 25 35 35 46 45 45 29 29 24 15 15 12 5 5 3 3 2 2 2 1 1 1 2 2 2 1 1 1 1 1 2 2 2 3 3 3 3 3 3 3 3 3 3 4
 18 18 25 35 35 46 45 45 29 29 24 15 15 12 5 5 3 3 2 2 2 1 1 1 2 2 2 1 1 1 1 1 2 2 2 3 3 3 3 3 3 3 3 3 3 4
 14 14 13 17 17 22 32 32 24 24 14 15 15 14 12 12 4 4 2 2 2 3 2 2 2 2 2 2 2 2 1 1 1 1 2 2 2 3 4 4 4 4 4 4 4 4
 14 14 13 17 17 22 32 32 24 24 14 15 15 14 12 12 4 4 2 2 2 3 2 2 2 2 2 2 2 2 1 1 1 1 2 2 2 3 4 4 4 4 4 4 4 4
 27 27 29 21 21 19 18 18 18 18 13 11 11 12 10 10 2 2 2 4 4 4 2 2 3 3 5 4 4 3 2 2 2 2 2 2 2 2 3 3 3 3 3 3 3 4
 49 49 41 49 49 38 30 30 25 25 17 11 11 6 4 4 2 2 5 6 6 7 2 2 2 2 3 3 3 3 2 2 1 1 2 1 1 1 2 2 2 2 2 2 2 2
 49 49 41 49 49 38 30 30 25 25 17 11 11 6 4 4 2 2 5 6 6 7 2 2 2 2 3 3 3 3 2 2 1 1 2 1 1 1 2 2 2 2 2 2 2 2
 66 66 60 65 65 67 50 50 38 38 37 20 20 7 4 4 3 3 6 9 9 6 2 2 3 3 2 3 3 3 1 1 0 0 1 1 1 1 1 1 1 1 1 1 1 1
 39 39 58 79 79 88 70 70 60 60 58 44 44 22 6 6 7 7 9 14 14 6 3 3 4 4 4 4 4 3 2 2 1 1 1 1 1 1 1 1 1 1 1 1 1 1
