assets/RAT_results_old/precipitation/2022-06-06_IMERG.asc
ncols        46
nrows        77
xllcorner    74.800261325624
yllcorner    8.058333333333
cellsize     0.062500000000
NODATA_value -9999
 2 2 2 1 1 1 2 2 2 2 3 3 3 5 5 5 8 8 9 3 3 2 2 2 3 3 2 1 1 5 0 0 1 1 0 0 0 1 2 2 2 2 1 4 4 7
 2 2 2 2 2 3 3 3 5 5 6 7 7 8 8 8 9 9 16 6 6 5 3 3 1 1 1 0 0 0 0 0 1 1 0 0 0 1 1 1 1 1 1 3 3 4
 2 2 2 2 2 3 3 3 5 5 6 7 7 8 8 8 9 9 16 6 6 5 3 3 1 1 1 0 0 0 0 0 1 1 0 0 0 1 1 1 1 1 1 3 3 4
 4 4 4 4 4 5 5 5 7 7 8 12 12 10 11 11 12 12 19 7 7 3 2 2 1 1 2 2 2 2 0 0 0 0 0 0 0 0 1 1 1 1 1 1 1 3
 2 2 5 5 5 6 6 6 10 10 12 14 14 13 12 12 10 10 11 8 8 7 6 6 5 5 2 2 2 4 0 0 0 0 0 0 0 0 0 0 1 1 0 1 1 2
 2 2 5 5 5 6 6 6 10 10 12 14 14 13 12 12 10 10 11 8 8 7 6 6 5 5 2 2 2 4 0 0 0 0 0 0 0 0 0 0 1 1 0 1 1 2
 7 7 7 5 5 5 5 5 10 10 8 10 10 10 9 9 10 10 10 8 8 10 9 9 6 6 4 4 4 4 0 0 0 0 1 1 1 1 1 1 1 1 1 1 1 4
 7 7 7 5 5 5 5 5 10 10 8 10 10 10 9 9 10 10 10 8 8 10 9 9 6 6 4 4 4 4 0 0 0 0 1 1 1 1 1 1 1 1 1 1 1 4
 6 6 6 9 9 5 5 5 6 6 8 9 9 5 6 6 6 6 6 6 6 9 8 8 6 6 4 16 16 19 17 17 1 1 1 1 1 1 1 1 1 1 1 2 2 6
 22 22 23 16 16 12 5 5 5 5 4 4 4 3 3 3 4 4 3 3 3 10 9 9 9 9 10 19 19 19 26 26 2 2 1 1 1 1 1 1 1 1 1 2 2 5
 22 22 23 16 16 12 5 5 5 5 4 4 4 3 3 3 4 4 3 3 3 10 9 9 9 9 10 19 19 19 26 26 2 2 1 1 1 1 1 1 1 1 1 2 2 5
 23 23 22 12 12 15 12 12 9 9 5 1 1 1 1 1 2 2 2 2 2 9 9 9 11 11 13 27 27 30 25 25 2 2 2 2 2 2 2 2 4 4 3 6 6 7
 12 12 11 22 22 21 20 20 3 3 1 1 1 1 1 1 2 2 1 1 1 0 11 11 11 11 13 26 26 5 5 5 1 1 2 3 3 3 4 4 7 7 7 13 13 7
 12 12 11 22 22 21 20 20 3 3 1 1 1 1 1 1 2 2 1 1 1 0 11 11 11 11 13 26 26 5 5 5 1 1 2 3 3 3 4 4 7 7 7 13 13 7
 3 3 3 18 18 21 18 18 7 7 7 6 6 1 1 1 1 1 0 0 0 0 2 2 4 4 6 6 6 4 4 4 1 1 2 3 3 7 5 5 9 9 9 15 15 15
 3 3 3 18 18 21 18 18 7 7 7 6 6 1 1 1 1 1 0 0 0 0 2 2 4 4 6 6 6 4 4 4 1 1 2 3 3 7 5 5 9 9 9 15 15 15
 3 3 3 10 10 13 11 11 4 4 4 0 0 1 1 1 0 0 0 0 0 2 2 2 4 4 6 5 5 1 1 1 1 1 1 3 3 7 11 11 15 15 11 23 23 16
 1 1 0 0 0 0 4 4 5 5 5 0 0 1 1 1 0 0 0 1 1 1 4 4 4 4 4 2 2 2 2 2 1 1 2 2 2 10 11 11 21 21 21 23 23 5
 1 1 0 0 0 0 4 4 5 5 5 0 0 1 1 1 0 0 0 1 1 1 4 4 4 4 4 2 2 2 2 2 1 1 2 2 2 10 11 11 21 21 21 23 23 5
 2 2 2 1 1 1 2 2 2 2 1 1 1 1 1 1 1 1 1 3 3 3 6 6 7 7 8 4 4 3 2 2 1 1 2 6 6 9 20 20 21 21 46 88 88 20
 4 4 3 2 2 1 1 1 2 2 1 1 1 2 2 2 2 2 2 4 4 3 4 4 7 7 10 7 7 7 4 4 3 3 3 6 6 8 16 16 22 22 59 85 85 19
 4 4 3 2 2 1 1 1 2 2 1 1 1 2 2 2 2 2 2 4 4 3 4 4 7 7 10 7 7 7 4 4 3 3 3 6 6 8 16 16 22 22 59 85 85 19
 4 4 3 5 5 2 2 2 2 2 1 3 3 4 7 7 3 3 3 4 4 5 6 6 9 9 9 6 6 5 8 8 10 10 15 8 8 9 21 21 50 50 54 23 23 20
 4 4 3 5 5 2 2 2 2 2 1 3 3 4 7 7 3 3 3 4 4 5 6 6 9 9 9 6 6 5 8 8 10 10 15 8 8 9 21 21 50 50 54 23 23 20
 5 5 5 7 7 7 3 3 3 3 3 8 8 28 20 20 3 3 3 4 4 5 6 6 7 7 8 5 5 4 6 6 4 4 4 4 4 11 17 17 49 49 62 29 29 23
 6 6 6 7 7 9 6 6 4 4 5 3 3 20 22 22 11 11 3 4 4 6 8 8 9 9 7 4 4 4 3 3 3 3 5 6 6 13 20 20 20 20 45 26 26 22
 6 6 6 7 7 9 6 6 4 4 5 3 3 20 22 22 11 11 3 4 4 6 8 8 9 9 7 4 4 4 3 3 3 3 5 6 6 13 20 20 20 20 45 26 26 22
 6 6 7 11 11 14 12 12 7 7 6 2 2 13 20 20 24 24 5 4 4 6 7 7 6 6 4 2 2 3 3 3 3 3 4 6 6 6 7 7 11 11 11 17 17 11
 6 6 8 10 10 13 16 16 10 10 17 18 18 8 10 10 12 12 10 5 5 5 8 8 3 3 3 3 3 3 5 5 3 3 3 3 3 4 4 4 4 4 6 4 4 9
 6 6 8 10 10 13 16 16 10 10 17 18 18 8 10 10 12 12 10 5 5 5 8 8 3 3 3 3 3 3 5 5 3 3 3 3 3 4 4 4 4 4 6 4 4 9
 8 8 10 30 30 31 12 12 14 14 28 47 47 36 12 12 3 3 3 4 4 3 4 4 2 2 3 4 4 4 5 5 2 2 1 2 2 2 3 3 3 3 4 4 4 6
 8 8 10 30 30 31 12 12 14 14 28 47 47 36 12 12 3 3 3 4 4 3 4 4 2 2 3 4 4 4 5 5 2 2 1 2 2 2 3 3 3 3 4 4 4 6
 5 5 8 30 30 33 40 40 44 44 49 13 13 34 11 11 5 5 4 4 4 5 3 3 2 2 3 2 2 2 1 1 1 1 1 2 2 2 3 3 3 3 3 2 2 3
 7 7 9 30 30 42 40 40 40 40 46 10 10 23 4 4 12 12 7 5 5 5 6 6 3 3 3 1 1 1 1 1 1 1 1 2 2 2 3 3 3 3 3 3 3 5
 7 7 9 30 30 42 40 40 40 40 46 10 10 23 4 4 12 12 7 5 5 5 6 6 3 3 3 1 1 1 1 1 1 1 1 2 2 2 3 3 3 3 3 3 3 5
 20 20 20 28 28 38 39 39 37 37 15 10 10 10 4 4 4 4 7 5 5 7 5 5 3 3 2 1 1 1 1 1 1 1 1 2 2 2 2 2 2 2 2 5 5 7
 22 22 22 29 29 36 42 42 23 23 15 15 15 21 12 12 13 13 11 7 7 3 3 3 3 3 2 1 1 5 1 1 1 1 2 2 2 3 3 3 5 5 5 7 7 8
 22 22 22 29 29 36 42 42 23 23 15 15 15 21 12 12 13 13 11 7 7 3 3 3 3 3 2 1 1 5 1 1 1 1 2 2 2 3 3 3 5 5 5 7 7 8
 7 7 6 13 13 10 39 39 21 21 13 12 12 23 19 19 13 13 11 8 8 6 3 3 3 3 3 2 2 4 2 2 2 2 2 2 2 2 2 2 3 3 5 6 6 10
 7 7 6 13 13 10 39 39 21 21 13 12 12 23 19 19 13 13 11 8 8 6 3 3 3 3 3 2 2 4 2 2 2 2 2 2 2 2 2 2 3 3 5 6 6 10
 6 6 6 5 5 10 11 11 11 11 6 9 9 12 14 14 15 15 13 12 12 5 10 10 4 4 5 4 4 7 6 6 6 6 7 5 5 6 5 5 6 6 3 6 6 18
 3 3 5 5 5 7 6 6 8 8 6 6 6 7 8 8 9 9 12 16 16 9 9 9 10 10 8 7 7 11 10 10 11 11 14 6 6 5 5 5 10 10 9 4 4 6
 3 3 5 5 5 7 6 6 8 8 6 6 6 7 8 8 9 9 12 16 16 9 9 9 10 10 8 7 7 11 10 10 11 11 14 6 6 5 5 5 10 10 9 4 4 6
 5 5 5 5 5 6 5 5 8 8 7 5 5 4 5 5 5 5 8 4 4 9 14 14 17 17 9 17 17 14 11 11 14 14 14 5 5 7 5 5 5 5 5 5 5 5
 6 6 8 4 4 4 4 4 5 5 6 4 4 5 6 6 7 7 11 4 4 5 14 14 16 16 9 10 10 11 10 10 11 11 11 6 6 7 6 6 6 6 5 5 5 6
 6 6 8 4 4 4 4 4 5 5 6 4 4 5 6 6 7 7 11 4 4 5 14 14 16 16 9 10 10 11 10 10 11 11 11 6 6 7 6 6 6 6 5 5 5 6
 5 5 8 5 5 3 3 3 7 7 8 6 6 6 7 7 10 10 12 4 4 4 4 4 17 17 12 9 9 9 7 7 9 9 9 5 5 5 5 5 6 6 5 5 5 5
 5 5 8 5 5 3 3 3 7 7 8 6 6 6 7 7 10 10 12 4 4 4 4 4 17 17 12 9 9 9 7 7 9 9 9 5 5 5 5 5 6 6 5 5 5 5
 3 3 4 2 2 2 2 2 4 4 6 8 8 6 7 7 13 13 11 5 5 3 3 3 15 15 18 18 18 4 4 4 4 4 4 3 3 6 3 3 3 3 3 3 3 4
 2 2 3 1 1 1 1 1 1 1 2 4 4 3 10 10 10 10 5 3 3 3 6 6 9 9 9 15 15 3 4 4 5 5 5 3 3 4 4 4 3 3 4 6 6 6
 2 2 3 1 1 1 1 1 1 1 2 4 4 3 10 10 10 10 5 3 3 3 6 6 9 9 9 15 15 3 4 4 5 5 5 3 3 4 4 4 3 3 4 6 6 6
 6 6 3 1 1 2 1 1 1 1 2 2 2 5 7 7 11 11 6 3 3 4 6 6 6 6 4 5 5 5 7 7 7 7 5 4 4 4 4 4 3 3 4 7 7 7
 4 4 2 1 1 1 1 1 2 2 3 3 3 3 4 4 3 3 3 2 2 1 2 2 1 1 8 10 10 12 12 12 13 13 6 4 4 3 4 4 4 4 6 5 5 6
 4 4 2 1 1 1 1 1 2 2 3 3 3 3 4 4 3 3 3 2 2 1 2 2 1 1 8 10 10 12 12 12 13 13 6 4 4 3 4 4 4 4 6 5 5 6
 2 2 2 2 2 2 1 1 1 1 1 1 1 1 1 1 3 3 2 1 1 1 1 1 1 1 6 9 9 12 11 11 11 11 5 4 4 2 4 4 4 4 4 5 5 5
 2 2 2 2 2 2 1 1 1 1 1 1 1 1 1 1 3 3 2 1 1 1 1 1 1 1 6 9 9 12 11 11 11 11 5 4 4 2 4 4 4 4 4 5 5 5
 1 1 4 4 4 3 3 3 2 2 1 1 1 1 2 2 4 4 2 2 2 1 2 2 7 7 7 15 15 13 16 16 12 12 7 4 4 1 2 2 3 3 4 4 4 5
 1 1 1 3 3 2 2 2 2 2 1 1 1 1 1 1 4 4 3 3 3 3 3 3 3 3 9 15 15 17 17 17 7 7 4 1 1 1 1 1 1 1 2 2 2 5
 1 1 1 3 3 2 2 2 2 2 1 1 1 1 1 1 4 4 3 3 3 3 3 3 3 3 9 15 15 17 17 17 7 7 4 1 1 1 1 1 1 1 2 2 2 5
 1 1 1 2 2 3 1 1 1 1 2 1 1 2 2 2 2 2 2 2 2 2 2 2 2 2 6 11 11 11 11 11 6 6 5 1 1 0 0 0 0 0 1 1 1 1
 1 1 1 2 2 2 1 1 2 2 2 2 2 2 2 2 2 2 1 1 1 1 1 1 1 1 2 3 3 2 2 2 2 2 4 1 1 1 0 0 1 1 0 0 0 0
 1 1 1 2 2 2 1 1 2 2 2 2 2 2 2 2 2 2 1 1 1 1 1 1 1 1 2 3 3 2 2 2 2 2 4 1 1 1 0 0 1 1 0 0 0 0
 1 1 2 2 2 1 1 1 1 1 1 1 1 3 2 2 1 1 1 1 1 1 0 0 0 0 0 2 2 2 4 4 2 2 2 1 1 1 1 1 3 3 1 0 0 1
 1 1 2 2 2 1 1 1 1 1 1 1 1 3 2 2 1 1 1 1 1 1 0 0 0 0 0 2 2 2 4 4 2 2 2 1 1 1 1 1 3 3 1 0 0 1
 2 2 2 2 2 1 2 2 1 1 1 1 1 3 2 2 1 1 1 1 1 0 0 0 0 0 0 0 0 2 3 3 2 2 1 1 1 1 0 0 1 1 1 1 1 1
 1 1 1 2 2 1 1 1 1 1 1 2 2 2 2 2 2 2 1 1 1 2 1 1 0 0 0 1 1 1 1 1 1 1 1 1 1 1 0 0 0 0 1 1 1 1
 1 1 1 2 2 1 1 1 1 1 1 2 2 2 2 2 2 2 1 1 1 2 1 1 0 0 0 1 1 1 1 1 1 1 1 1 1 1 0 0 0 0 1 1 1 1
 1 1 1 2 2 1 0 0 0 0 2 3 3 3 2 2 2 2 1 1 1 1 1 1 1 1 1 1 1 0 0 0 0 0 4 4 4 1 0 0 0 0 1 1 1 0
 1 1 1 0 0 1 0 0 0 0 2 1 1 1 1 1 1 1 1 2 2 1 1 1 1 1 0 0 0 0 0 0 0 0 0 4 4 7 0 0 0 0 0 0 0 0
 1 1 1 0 0 1 0 0 0 0 2 1 1 1 1 1 1 1 1 2 2 1 1 1 1 1 0 0 0 0 0 0 0 0 0 4 4 7 0 0 0 0 0 0 0 0
 1 1 0 0 0 0 0 0 1 1 1 1 1 1 1 1 1 1 3 5 5 4 2 2 1 1 0 1 1 0 0 0 0 0 0 1 1 4 0 0 0 0 1 0 0 0
 1 1 0 0 0 0 0 0 1 1 1 1 1 1 1 1 1 1 3 5 5 4 2 2 1 1 0 1 1 0 0 0 0 0 0 1 1 4 0 0 0 0 1 0 0 0
 0 0 0 0 0 0 1 1 1 1 1 1 1 1 2 2 3 3 2 3 3 2 2 2 2 2 1 1 1 1 2 2 2 2 1 1 1 1 2 2 2 2 0 0 0 0
 0 0 0 0 0 0 1 1 1 1 1 1 1 1 1 1 1 1 1 2 2 2 2 2 2 2 2 3 3 2 2 2 2 2 1 10 10 7 2 2 2 2 4 4 4 0
 0 0 0 0 0 0 1 1 1 1 1 1 1 1 1 1 1 1 1 2 2 2 2 2 2 2 2 3 3 2 2 2 2 2 1 10 10 7 2 2 2 2 4 4 4 0
 0 0 0 0 0 0 1 1 1 1 0 0 0 0 0 0 0 0 0 0 0 1 1 1 2 2 2 2 2 1 1 1 1 1 1 2 2 2 2 2 2 2 0 0 0 0
 0 0 0 0 0 0 0 0 0 0 0 0 0 0 0 0 0 0 0 0 0 1 1 1 1 1 1 1 1 1 1 1 0 0 0 1 1 2 1 1 1 1 1 0 0 0
