assets/RAT_results_old/precipitation/2022-10-03_IMERG.asc
ncols        46
nrows        77
xllcorner    74.800261325624
yllcorner    8.058333333333
cellsize     0.062500000000
NODATA_value -9999
 1 1 1 1 1 1 1 1 1 1 1 0 0 0 0 0 0 0 0 0 0 0 0 0 0 0 0 0 0 0 0 0 0 0 1 1 1 2 3 3 3 3 3 2 2 3
 1 1 1 1 1 2 3 3 4 4 2 3 3 0 1 1 1 1 1 2 2 2 2 2 2 2 2 2 2 2 2 2 2 2 3 3 3 4 4 4 4 4 4 4 4 4
 1 1 1 1 1 2 3 3 4 4 2 3 3 0 1 1 1 1 1 2 2 2 2 2 2 2 2 2 2 2 2 2 2 2 3 3 3 4 4 4 4 4 4 4 4 4
 1 1 1 1 1 2 3 3 3 3 5 1 1 2 3 3 4 4 4 4 4 4 4 4 4 4 4 4 4 4 4 4 4 4 5 6 6 4 4 4 4 4 5 4 4 4
 1 1 2 3 3 4 5 5 4 4 5 5 5 6 7 7 5 5 5 5 5 4 4 4 4 4 4 4 4 4 5 5 5 5 6 5 5 5 6 6 8 8 8 4 4 2
 1 1 2 3 3 4 5 5 4 4 5 5 5 6 7 7 5 5 5 5 5 4 4 4 4 4 4 4 4 4 5 5 5 5 6 5 5 5 6 6 8 8 8 4 4 2
 2 2 4 11 11 12 10 10 10 10 9 11 11 7 6 6 4 4 4 4 4 3 3 3 3 3 3 3 3 3 4 4 4 4 5 5 5 5 6 6 8 8 6 2 2 1
 2 2 4 11 11 12 10 10 10 10 9 11 11 7 6 6 4 4 4 4 4 3 3 3 3 3 3 3 3 3 4 4 4 4 5 5 5 5 6 6 8 8 6 2 2 1
 4 4 6 13 13 11 8 8 9 9 7 5 5 4 4 4 4 4 4 3 3 3 3 3 3 3 4 4 4 5 5 5 5 5 6 7 7 6 5 5 4 4 2 1 1 1
 2 2 3 7 7 6 4 4 4 4 5 4 4 3 5 5 3 3 4 4 4 4 4 4 5 5 6 6 6 7 7 7 5 5 4 4 4 3 2 2 1 1 1 1 1 1
 2 2 3 7 7 6 4 4 4 4 5 4 4 3 5 5 3 3 4 4 4 4 4 4 5 5 6 6 6 7 7 7 5 5 4 4 4 3 2 2 1 1 1 1 1 1
 3 3 2 2 2 4 4 4 3 3 2 2 2 2 3 3 4 4 5 5 5 6 7 7 8 8 7 5 5 4 4 4 3 3 2 2 2 2 1 1 1 1 0 0 0 0
 2 2 2 2 2 3 2 2 2 2 2 2 2 2 4 4 5 5 4 3 3 4 5 5 5 5 3 3 3 2 2 2 2 2 2 2 2 2 1 1 1 1 1 0 0 0
 2 2 2 2 2 3 2 2 2 2 2 2 2 2 4 4 5 5 4 3 3 4 5 5 5 5 3 3 3 2 2 2 2 2 2 2 2 2 1 1 1 1 1 0 0 0
 1 1 1 0 0 0 0 0 1 1 1 1 1 1 1 1 2 2 2 2 2 2 2 2 2 2 1 1 1 1 1 1 1 1 1 1 1 1 1 1 1 1 1 0 0 0
 1 1 1 0 0 0 0 0 1 1 1 1 1 1 1 1 2 2 2 2 2 2 2 2 2 2 1 1 1 1 1 1 1 1 1 1 1 1 1 1 1 1 1 0 0 0
 0 0 0 0 0 0 0 0 0 0 0 1 1 1 1 1 1 1 1 2 2 1 2 2 1 1 1 1 1 1 1 1 1 1 1 1 1 1 1 1 1 1 1 0 0 0
 0 0 0 0 0 0 0 0 0 0 0 1 1 1 1 1 1 1 1 1 1 1 1 1 1 1 1 1 1 0 0 0 1 1 2 3 3 2 2 2 2 2 1 0 0 0
 0 0 0 0 0 0 0 0 0 0 0 1 1 1 1 1 1 1 1 1 1 1 1 1 1 1 1 1 1 0 0 0 1 1 2 3 3 2 2 2 2 2 1 0 0 0
 0 0 1 1 1 1 1 1 1 1 1 1 1 2 1 1 1 1 1 1 1 1 1 1 1 1 1 0 0 0 0 0 1 1 2 3 3 3 3 3 2 2 1 0 0 0
 1 1 1 1 1 1 1 1 1 1 2 2 2 2 1 1 1 1 1 0 0 0 0 0 0 0 0 0 0 0 0 0 1 1 2 2 2 2 1 1 1 1 1 0 0 0
 1 1 1 1 1 1 1 1 1 1 2 2 2 2 1 1 1 1 1 0 0 0 0 0 0 0 0 0 0 0 0 0 1 1 2 2 2 2 1 1 1 1 1 0 0 0
 2 2 1 1 1 1 0 0 1 1 1 0 0 1 1 1 1 1 1 1 1 1 0 0 0 0 0 0 0 0 1 1 1 1 1 1 1 1 1 1 1 1 1 1 1 1
 2 2 1 1 1 1 0 0 1 1 1 0 0 1 1 1 1 1 1 1 1 1 0 0 0 0 0 0 0 0 1 1 1 1 1 1 1 1 1 1 1 1 1 1 1 1
 2 2 0 0 0 0 1 1 1 1 1 1 1 1 2 2 5 5 5 1 1 1 0 0 0 0 1 1 1 0 1 1 2 2 1 1 1 2 1 1 1 1 2 2 2 1
 0 0 0 0 0 0 1 1 1 1 1 0 0 1 4 4 5 5 2 1 1 1 0 0 0 0 1 1 1 0 1 1 1 1 1 1 1 2 1 1 1 1 2 1 1 0
 0 0 0 0 0 0 1 1 1 1 1 0 0 1 4 4 5 5 2 1 1 1 0 0 0 0 1 1 1 0 1 1 1 1 1 1 1 2 1 1 1 1 2 1 1 0
 1 1 1 1 1 1 1 1 1 1 1 1 1 1 1 1 2 2 2 2 2 1 1 1 1 1 1 1 1 1 1 1 1 1 1 1 1 1 1 1 1 1 0 0 0 0
 4 4 5 2 2 1 3 3 3 3 2 2 2 2 2 2 3 3 3 5 5 2 2 2 4 4 2 1 1 1 1 1 1 1 1 3 3 1 1 1 0 0 0 0 0 0
 4 4 5 2 2 1 3 3 3 3 2 2 2 2 2 2 3 3 3 5 5 2 2 2 4 4 2 1 1 1 1 1 1 1 1 3 3 1 1 1 0 0 0 0 0 0
 2 2 2 1 1 1 1 1 1 1 1 1 1 1 1 1 3 3 1 1 1 1 2 2 2 2 1 1 1 0 0 0 0 0 0 1 1 0 0 0 0 0 0 0 0 0
 2 2 2 1 1 1 1 1 1 1 1 1 1 1 1 1 3 3 1 1 1 1 2 2 2 2 1 1 1 0 0 0 0 0 0 1 1 0 0 0 0 0 0 0 0 0
 1 1 1 0 0 0 0 0 1 1 0 0 0 0 0 0 1 1 0 0 0 0 0 0 0 0 0 0 0 0 0 0 0 0 0 0 0 0 0 0 0 0 0 0 0 0
 2 2 3 2 2 0 1 1 0 0 0 0 0 0 0 0 0 0 0 0 0 1 0 0 0 0 0 0 0 0 0 0 0 0 0 0 0 0 0 0 0 0 0 0 0 0
 2 2 3 2 2 0 1 1 0 0 0 0 0 0 0 0 0 0 0 0 0 1 0 0 0 0 0 0 0 0 0 0 0 0 0 0 0 0 0 0 0 0 0 0 0 0
 5 5 2 3 3 0 1 1 0 0 0 0 0 0 0 0 0 0 0 1 1 1 0 0 0 0 0 0 0 0 0 0 0 0 0 0 0 0 0 0 0 0 0 0 0 0
 5 5 4 1 1 1 0 0 1 1 0 0 0 0 0 0 0 0 0 0 0 1 0 0 0 0 1 0 0 0 0 0 0 0 0 0 0 0 0 0 0 0 0 0 0 0
 5 5 4 1 1 1 0 0 1 1 0 0 0 0 0 0 0 0 0 0 0 1 0 0 0 0 1 0 0 0 0 0 0 0 0 0 0 0 0 0 0 0 0 0 0 0
 1 1 0 0 0 1 0 0 0 0 1 0 0 0 0 0 0 0 0 0 0 0 0 0 0 0 1 0 0 0 0 0 0 0 0 0 0 0 0 0 0 0 0 0 0 0
 1 1 0 0 0 1 0 0 0 0 1 0 0 0 0 0 0 0 0 0 0 0 0 0 0 0 1 0 0 0 0 0 0 0 0 0 0 0 0 0 0 0 0 0 0 0
 2 2 1 1 1 1 1 1 3 3 1 0 0 0 0 0 0 0 0 0 0 0 0 0 0 0 0 0 0 0 0 0 0 0 0 1 1 1 1 1 1 1 1 1 1 0
 1 1 3 1 1 1 3 3 3 3 1 0 0 0 0 0 0 0 0 0 0 0 0 0 0 0 0 0 0 0 0 0 0 0 0 1 1 1 1 1 1 1 1 1 1 0
 1 1 3 1 1 1 3 3 3 3 1 0 0 0 0 0 0 0 0 0 0 0 0 0 0 0 0 0 0 0 0 0 0 0 0 1 1 1 1 1 1 1 1 1 1 0
 4 4 5 2 2 1 2 2 0 0 0 0 0 0 0 0 0 0 0 1 1 1 1 1 1 1 0 1 1 1 1 1 1 1 1 1 1 2 1 1 1 1 0 1 1 0
 4 4 5 4 4 3 0 0 0 0 0 0 0 0 0 0 0 0 0 0 0 1 1 1 2 2 1 1 1 1 1 1 1 1 1 1 1 2 1 1 1 1 0 0 0 0
 4 4 5 4 4 3 0 0 0 0 0 0 0 0 0 0 0 0 0 0 0 1 1 1 2 2 1 1 1 1 1 1 1 1 1 1 1 2 1 1 1 1 0 0 0 0
 9 9 14 11 11 2 0 0 1 1 1 0 0 0 0 0 0 0 0 1 1 2 2 2 1 1 1 0 0 0 0 0 0 0 0 1 1 1 1 1 0 0 0 0 0 0
 9 9 14 11 11 2 0 0 1 1 1 0 0 0 0 0 0 0 0 1 1 2 2 2 1 1 1 0 0 0 0 0 0 0 0 1 1 1 1 1 0 0 0 0 0 0
 12 12 17 13 13 2 1 1 1 1 1 0 0 1 0 0 0 0 1 1 1 1 2 2 0 0 0 0 0 0 0 0 0 0 0 0 0 0 0 0 0 0 0 0 0 0
 17 17 10 12 12 11 4 4 5 5 2 1 1 1 0 0 1 1 1 0 0 1 1 1 0 0 0 1 1 0 0 0 1 1 0 0 0 0 1 1 0 0 0 0 0 0
 17 17 10 12 12 11 4 4 5 5 2 1 1 1 0 0 1 1 1 0 0 1 1 1 0 0 0 1 1 0 0 0 1 1 0 0 0 0 1 1 0 0 0 0 0 0
 13 13 14 13 13 15 14 14 12 12 6 5 5 3 2 2 1 1 1 0 0 1 1 1 0 0 0 1 1 1 0 0 1 1 0 0 0 0 1 1 0 0 0 0 0 0
 10 10 10 28 28 36 21 21 21 21 11 7 7 8 10 10 6 6 4 2 2 1 0 0 0 0 0 1 1 1 0 0 0 0 0 0 0 0 0 0 0 0 0 0 0 0
 10 10 10 28 28 36 21 21 21 21 11 7 7 8 10 10 6 6 4 2 2 1 0 0 0 0 0 1 1 1 0 0 0 0 0 0 0 0 0 0 0 0 0 0 0 0
 4 4 10 7 7 32 12 12 18 18 9 8 8 8 4 4 4 4 2 1 1 1 1 1 0 0 0 0 0 0 0 0 0 0 0 0 0 0 0 0 0 0 0 0 0 1
 4 4 10 7 7 32 12 12 18 18 9 8 8 8 4 4 4 4 2 1 1 1 1 1 0 0 0 0 0 0 0 0 0 0 0 0 0 0 0 0 0 0 0 0 0 1
 6 6 5 5 5 6 5 5 10 10 7 5 5 3 3 3 2 2 1 1 1 1 2 2 1 1 0 0 0 1 0 0 0 0 0 0 0 0 1 1 0 0 0 0 0 1
 5 5 7 5 5 4 3 3 6 6 5 4 4 4 2 2 2 2 1 1 1 1 1 1 1 1 0 0 0 0 0 0 0 0 0 1 1 0 0 0 0 0 0 0 0 1
 5 5 7 5 5 4 3 3 6 6 5 4 4 4 2 2 2 2 1 1 1 1 1 1 1 1 0 0 0 0 0 0 0 0 0 1 1 0 0 0 0 0 0 0 0 1
 4 4 4 3 3 3 3 3 3 3 7 2 2 5 3 3 3 3 1 1 1 1 1 1 1 1 0 0 0 0 0 0 0 0 0 1 1 0 0 0 0 0 0 1 1 1
 4 4 3 3 3 4 4 4 3 3 2 2 2 2 2 2 2 2 2 2 2 2 2 2 1 1 0 0 0 0 0 0 0 0 1 1 1 0 1 1 1 1 0 0 0 0
 4 4 3 3 3 4 4 4 3 3 2 2 2 2 2 2 2 2 2 2 2 2 2 2 1 1 0 0 0 0 0 0 0 0 1 1 1 0 1 1 1 1 0 0 0 0
 4 4 4 4 4 4 4 4 3 3 3 3 3 2 2 2 2 2 2 3 3 4 3 3 2 2 2 1 1 0 1 1 0 0 0 0 0 0 2 2 1 1 0 0 0 0
 4 4 4 4 4 4 4 4 3 3 3 3 3 2 2 2 2 2 2 3 3 4 3 3 2 2 2 1 1 0 1 1 0 0 0 0 0 0 2 2 1 1 0 0 0 0
 5 5 5 6 6 6 5 5 4 4 5 4 4 3 3 3 3 3 3 4 4 5 6 6 3 3 3 3 3 1 1 1 1 1 0 1 1 0 1 1 1 1 0 0 0 0
 5 5 8 8 8 10 8 8 8 8 7 5 5 4 3 3 4 4 5 6 6 6 6 6 5 5 4 3 3 0 1 1 1 1 1 1 1 1 1 1 0 0 0 0 0 0
 5 5 8 8 8 10 8 8 8 8 7 5 5 4 3 3 4 4 5 6 6 6 6 6 5 5 4 3 3 0 1 1 1 1 1 1 1 1 1 1 0 0 0 0 0 0
 8 8 11 18 18 11 11 11 13 13 15 13 13 7 7 7 7 7 8 8 8 6 5 5 4 4 5 4 4 2 1 1 0 0 1 1 1 0 0 0 0 0 0 0 0 0
 10 10 21 21 21 34 38 38 20 20 24 28 28 17 14 14 13 13 11 8 8 5 4 4 5 5 4 4 4 1 1 1 0 0 1 1 1 0 0 0 0 0 0 0 0 1
 10 10 21 21 21 34 38 38 20 20 24 28 28 17 14 14 13 13 11 8 8 5 4 4 5 5 4 4 4 1 1 1 0 0 1 1 1 0 0 0 0 0 0 0 0 1
 11 11 11 9 9 10 41 41 23 23 28 36 36 27 26 26 23 23 11 9 9 6 4 4 4 4 3 4 4 0 1 1 0 0 0 0 0 1 1 1 1 1 0 0 0 0
 11 11 11 9 9 10 41 41 23 23 28 36 36 27 26 26 23 23 11 9 9 6 4 4 4 4 3 4 4 0 1 1 0 0 0 0 0 1 1 1 1 1 0 0 0 0
 15 15 13 10 10 10 13 13 24 24 33 38 38 29 20 20 16 16 11 12 12 12 6 6 3 3 1 2 2 1 1 1 0 0 0 0 0 1 2 2 1 1 1 1 1 0
 17 17 33 34 34 33 11 11 13 13 18 22 22 18 11 11 8 8 8 7 7 6 3 3 2 2 1 1 1 0 0 0 0 0 1 1 1 1 2 2 1 1 1 1 1 0
 17 17 33 34 34 33 11 11 13 13 18 22 22 18 11 11 8 8 8 7 7 6 3 3 2 2 1 1 1 0 0 0 0 0 1 1 1 1 2 2 1 1 1 1 1 0
 15 15 15 39 39 39 30 30 31 31 18 14 14 13 9 9 7 7 6 6 6 3 3 3 2 2 2 1 1 0 0 0 0 0 0 0 0 0 2 2 1 1 1 0 0 0
 21 21 25 23 23 20 14 14 14 14 4 9 9 6 6 6 5 5 5 5 5 5 4 4 3 3 3 1 1 0 1 1 1 1 1 0 0 0 0 0 0 0 0 0 0 1
