assets/RAT_results_old/precipitation/2022-12-11_IMERG.asc
ncols        46
nrows        77
xllcorner    74.800261325624
yllcorner    8.058333333333
cellsize     0.062500000000
NODATA_value -9999
 27 27 18 15 15 9 45 45 45 45 31 40 40 27 27 27 36 36 37 37 37 38 44 44 43 43 44 42 42 41 44 44 44 44 42 43 43 43 43 43 42 42 42 96 96 99
 53 53 36 7 7 11 44 44 43 43 31 37 37 38 19 19 19 19 35 36 36 42 43 43 44 44 42 42 42 38 41 41 41 41 40 41 41 41 41 41 40 40 41 44 44 96
 53 53 36 7 7 11 44 44 43 43 31 37 37 38 19 19 19 19 35 36 36 42 43 43 44 44 42 42 42 38 41 41 41 41 40 41 41 41 41 41 40 40 41 44 44 96
 72 72 63 11 11 3 11 11 31 31 31 35 35 36 18 18 19 19 34 35 35 40 43 43 40 40 41 39 39 38 39 39 40 40 41 40 40 40 40 40 39 39 39 41 41 156
 56 56 59 24 24 24 21 21 33 33 32 32 32 35 39 39 41 41 18 19 19 40 42 42 37 37 32 34 34 36 38 38 40 40 41 40 40 40 39 39 38 38 36 37 37 151
 56 56 59 24 24 24 21 21 33 33 32 32 32 35 39 39 41 41 18 19 19 40 42 42 37 37 32 34 34 36 38 38 40 40 41 40 40 40 39 39 38 38 36 37 37 151
 82 82 56 30 30 30 21 21 34 34 33 35 35 33 33 33 34 34 13 13 13 26 30 30 31 31 32 34 34 32 33 33 34 34 35 34 34 35 35 35 35 35 34 39 39 154
 82 82 56 30 30 30 21 21 34 34 33 35 35 33 33 33 34 34 13 13 13 26 30 30 31 31 32 34 34 32 33 33 34 34 35 34 34 35 35 35 35 35 34 39 39 154
 120 120 63 37 37 22 13 13 12 12 39 40 40 35 34 34 14 14 14 17 17 18 29 29 30 30 30 34 34 32 33 33 33 33 35 34 34 35 35 35 36 36 36 145 145 153
 136 136 77 61 61 46 23 23 23 23 38 39 39 35 4 4 3 3 1 17 17 17 30 30 28 28 28 32 32 33 34 34 33 33 35 36 36 35 35 35 36 36 35 151 151 159
 136 136 77 61 61 46 23 23 23 23 38 39 39 35 4 4 3 3 1 17 17 17 30 30 28 28 28 32 32 33 34 34 33 33 35 36 36 35 35 35 36 36 35 151 151 159
 105 105 95 73 73 59 33 33 25 25 25 22 22 40 41 41 28 28 24 20 20 1 1 1 1 1 1 32 32 33 34 34 34 34 35 36 36 35 36 36 36 36 36 156 156 161
 139 139 162 85 85 65 58 58 31 31 21 24 24 43 44 44 42 42 23 18 18 20 25 25 25 25 26 32 32 0 1 1 1 1 1 36 36 36 36 36 36 36 37 44 44 42
 139 139 162 85 85 65 58 58 31 31 21 24 24 43 44 44 42 42 23 18 18 20 25 25 25 25 26 32 32 0 1 1 1 1 1 36 36 36 36 36 36 36 37 44 44 42
 136 136 169 98 98 72 60 60 38 38 24 33 33 22 41 41 37 37 18 17 17 24 25 25 25 25 25 32 32 32 34 34 0 0 0 0 0 0 0 0 1 1 38 44 44 40
 136 136 169 98 98 72 60 60 38 38 24 33 33 22 41 41 37 37 18 17 17 24 25 25 25 25 25 32 32 32 34 34 0 0 0 0 0 0 0 0 1 1 38 44 44 40
 137 137 148 98 98 84 87 87 57 57 36 46 46 30 40 40 35 35 21 21 21 25 25 25 25 25 24 32 32 1 1 1 0 0 42 44 44 131 129 129 121 121 120 154 154 35
 119 119 119 120 120 83 93 93 62 62 36 25 25 24 42 42 25 25 32 21 21 27 25 25 27 27 24 31 31 32 1 1 0 0 42 44 44 134 132 132 122 122 121 150 150 36
 119 119 119 120 120 83 93 93 62 62 36 25 25 24 42 42 25 25 32 21 21 27 25 25 27 27 24 31 31 32 1 1 0 0 42 44 44 134 132 132 122 122 121 150 150 36
 65 65 110 100 100 80 87 87 68 68 39 31 31 33 37 37 35 35 36 34 34 27 26 26 26 26 24 29 29 31 1 1 0 0 5 3 3 135 130 130 125 125 122 143 143 45
 62 62 90 48 48 45 33 33 52 52 41 29 29 29 15 15 27 27 18 30 30 25 26 26 25 25 24 27 27 30 32 32 34 34 37 5 5 135 134 134 129 129 127 48 48 46
 62 62 90 48 48 45 33 33 52 52 41 29 29 29 15 15 27 27 18 30 30 25 26 26 25 25 24 27 27 30 32 32 34 34 37 5 5 135 134 134 129 129 127 48 48 46
 118 118 85 100 100 35 55 55 53 53 48 42 42 37 30 30 28 28 20 27 27 27 25 25 24 24 24 27 27 31 34 34 35 35 38 39 39 41 47 47 47 47 47 47 47 46
 118 118 85 100 100 35 55 55 53 53 48 42 42 37 30 30 28 28 20 27 27 27 25 25 24 24 24 27 27 31 34 34 35 35 38 39 39 41 47 47 47 47 47 47 47 46
 119 119 103 108 108 108 125 125 42 42 35 41 41 44 38 38 37 37 14 29 29 29 24 24 23 23 24 30 30 31 45 45 36 36 37 39 39 40 43 43 43 43 44 44 44 56
 111 111 125 105 105 110 124 124 87 87 43 43 43 41 44 44 38 38 23 25 25 36 28 28 28 28 25 32 32 33 34 34 37 37 37 38 38 40 41 41 41 41 42 47 47 17
 111 111 125 105 105 110 124 124 87 87 43 43 43 41 44 44 38 38 23 25 25 36 28 28 28 28 25 32 32 33 34 34 37 37 37 38 38 40 41 41 41 41 42 47 47 17
 68 68 144 142 142 129 119 119 72 72 45 46 46 45 41 41 37 37 34 31 31 36 29 29 28 28 25 34 34 34 35 35 35 35 36 108 108 39 40 40 40 40 41 47 47 17
 71 71 107 65 65 87 64 64 43 43 49 46 46 44 51 51 40 40 44 32 32 25 14 14 35 35 28 36 36 125 123 123 122 122 37 109 109 39 40 40 40 40 34 35 35 22
 71 71 107 65 65 87 64 64 43 43 49 46 46 44 51 51 40 40 44 32 32 25 14 14 35 35 28 36 36 125 123 123 122 122 37 109 109 39 40 40 40 40 34 35 35 22
 25 25 93 76 76 88 55 55 43 43 45 49 49 70 68 68 55 55 46 39 39 31 27 27 36 36 30 38 38 38 124 124 123 123 38 38 38 39 39 39 39 39 34 36 36 23
 25 25 93 76 76 88 55 55 43 43 45 49 49 70 68 68 55 55 46 39 39 31 27 27 36 36 30 38 38 38 124 124 123 123 38 38 38 39 39 39 39 39 34 36 36 23
 50 50 52 49 49 61 59 59 60 60 46 54 54 55 51 51 41 41 34 38 38 54 55 55 47 47 48 65 65 65 41 41 41 41 38 38 38 39 39 39 39 39 36 42 42 42
 47 47 60 42 42 82 70 70 51 51 50 70 70 66 69 69 52 52 38 21 21 40 44 44 51 51 61 69 69 63 41 41 41 41 38 38 38 39 40 40 41 41 41 40 40 52
 47 47 60 42 42 82 70 70 51 51 50 70 70 66 69 69 52 52 38 21 21 40 44 44 51 51 61 69 69 63 41 41 41 41 38 38 38 39 40 40 41 41 41 40 40 52
 63 63 79 96 96 96 76 76 54 54 50 46 46 44 58 58 47 47 38 20 20 17 40 40 57 57 55 81 81 63 67 67 40 40 41 38 38 39 43 43 43 43 42 38 38 43
 24 24 58 121 121 120 109 109 43 43 45 45 45 69 56 56 55 55 48 34 34 23 24 24 53 53 63 75 75 69 61 61 41 41 41 39 39 39 40 40 42 42 42 39 39 38
 24 24 58 121 121 120 109 109 43 43 45 45 45 69 56 56 55 55 48 34 34 23 24 24 53 53 63 75 75 69 61 61 41 41 41 39 39 39 40 40 42 42 42 39 39 38
 19 19 49 127 127 124 108 108 94 94 51 57 57 63 63 63 53 53 39 33 33 20 35 35 52 52 41 74 74 69 71 71 43 43 44 41 41 10 10 10 10 10 10 9 9 36
 19 19 49 127 127 124 108 108 94 94 51 57 57 63 63 63 53 53 39 33 33 20 35 35 52 52 41 74 74 69 71 71 43 43 44 41 41 10 10 10 10 10 10 9 9 36
 16 16 16 15 15 49 92 92 89 89 47 58 58 56 43 43 52 52 56 28 28 20 27 27 47 47 45 55 55 49 53 53 44 44 42 41 41 143 10 10 10 10 10 10 10 35
 15 15 15 10 10 20 13 13 20 20 19 51 51 55 45 45 57 57 30 25 25 15 19 19 40 40 51 54 54 50 51 51 43 43 39 39 39 143 145 145 143 143 137 35 35 32
 15 15 15 10 10 20 13 13 20 20 19 51 51 55 45 45 57 57 30 25 25 15 19 19 40 40 51 54 54 50 51 51 43 43 39 39 39 143 145 145 143 143 137 35 35 32
 11 11 10 9 9 5 12 12 17 17 14 8 8 10 12 12 23 23 16 23 23 14 15 15 12 12 33 38 38 48 45 45 38 38 38 39 39 41 151 151 149 149 138 33 33 31
 6 6 4 5 5 6 8 8 7 7 12 10 10 10 14 14 16 16 14 21 21 22 16 16 10 10 30 32 32 40 37 37 37 37 38 39 39 40 150 150 149 149 144 28 28 27
 6 6 4 5 5 6 8 8 7 7 12 10 10 10 14 14 16 16 14 21 21 22 16 16 10 10 30 32 32 40 37 37 37 37 38 39 39 40 150 150 149 149 144 28 28 27
 3 3 2 4 4 2 4 4 4 4 6 6 6 7 10 10 10 10 12 20 20 14 18 18 3 3 28 41 41 39 33 33 35 35 37 37 37 39 38 38 33 33 32 26 26 26
 3 3 2 4 4 2 4 4 4 4 6 6 6 7 10 10 10 10 12 20 20 14 18 18 3 3 28 41 41 39 33 33 35 35 37 37 37 39 38 38 33 33 32 26 26 26
 1 1 1 1 1 1 3 3 4 4 5 3 3 4 4 4 5 5 8 8 8 10 9 9 3 3 3 40 40 38 32 32 36 36 36 38 38 38 37 37 32 32 31 26 26 27
 0 0 0 1 1 1 1 1 1 1 3 3 3 4 4 4 4 4 5 5 5 4 5 5 2 2 1 29 29 32 32 32 29 29 30 38 38 38 37 37 31 31 26 26 26 25
 0 0 0 1 1 1 1 1 1 1 3 3 3 4 4 4 4 4 5 5 5 4 5 5 2 2 1 29 29 32 32 32 29 29 30 38 38 38 37 37 31 31 26 26 26 25
 1 1 1 1 1 2 2 2 2 2 2 2 2 1 1 1 2 2 5 5 5 4 2 2 1 1 1 28 28 30 32 32 29 29 30 38 38 38 37 37 31 31 27 26 26 25
 2 2 4 5 5 5 4 4 4 4 4 5 5 3 4 4 2 2 5 6 6 2 1 1 1 1 1 27 27 29 29 29 29 29 36 37 37 37 36 36 30 30 27 26 26 26
 2 2 4 5 5 5 4 4 4 4 4 5 5 3 4 4 2 2 5 6 6 2 1 1 1 1 1 27 27 29 29 29 29 29 36 37 37 37 36 36 30 30 27 26 26 26
 6 6 5 7 7 9 9 9 8 8 9 8 8 9 6 6 4 4 6 9 9 4 1 1 2 2 3 2 2 31 27 27 28 28 34 34 34 37 29 29 30 30 24 25 25 25
 6 6 5 7 7 9 9 9 8 8 9 8 8 9 6 6 4 4 6 9 9 4 1 1 2 2 3 2 2 31 27 27 28 28 34 34 34 37 29 29 30 30 24 25 25 25
 8 8 9 8 8 9 9 9 8 8 10 12 12 36 35 35 47 47 26 6 6 6 2 2 1 1 2 1 1 30 35 35 35 35 28 34 34 35 26 26 29 29 24 25 25 25
 6 6 7 10 10 10 9 9 10 10 11 12 12 29 27 27 48 48 29 5 5 6 2 2 1 1 3 1 1 1 43 43 35 35 27 34 34 35 25 25 29 29 29 33 33 33
 6 6 7 10 10 10 9 9 10 10 11 12 12 29 27 27 48 48 29 5 5 6 2 2 1 1 3 1 1 1 43 43 35 35 27 34 34 35 25 25 29 29 29 33 33 33
 2 2 4 9 9 12 13 13 12 12 13 11 11 9 7 7 36 36 59 56 56 58 54 54 4 4 8 1 1 1 42 42 27 27 27 34 34 30 30 30 29 29 29 33 33 33
 1 1 3 9 9 12 14 14 13 13 13 20 20 18 7 7 4 4 6 6 6 59 55 55 4 4 5 0 0 0 0 0 22 22 22 29 29 34 30 30 29 29 48 52 52 52
 1 1 3 9 9 12 14 14 13 13 13 20 20 18 7 7 4 4 6 6 6 59 55 55 4 4 5 0 0 0 0 0 22 22 22 29 29 34 30 30 29 29 48 52 52 52
 2 2 3 8 8 10 13 13 15 15 16 16 16 20 9 9 5 5 6 7 7 51 49 49 13 13 5 0 0 0 0 0 0 0 22 29 29 34 34 34 24 24 30 52 52 52
 2 2 3 8 8 10 13 13 15 15 16 16 16 20 9 9 5 5 6 7 7 51 49 49 13 13 5 0 0 0 0 0 0 0 22 29 29 34 34 34 24 24 30 52 52 52
 3 3 3 8 8 9 10 10 14 14 33 33 33 14 13 13 11 11 7 7 7 5 49 49 3 3 2 1 1 0 0 0 0 0 42 42 42 18 31 31 24 24 30 35 35 35
 5 5 3 4 4 5 5 5 9 9 14 27 27 10 15 15 14 14 10 6 6 4 6 6 6 6 5 4 4 2 1 1 0 0 1 42 42 18 31 31 31 31 28 43 43 43
 5 5 3 4 4 5 5 5 9 9 14 27 27 10 15 15 14 14 10 6 6 4 6 6 6 6 5 4 4 2 1 1 0 0 1 42 42 18 31 31 31 31 28 43 43 43
 3 3 30 29 29 28 2 2 2 2 4 4 4 7 12 12 15 15 22 15 15 6 6 6 9 9 10 10 10 3 4 4 2 2 2 43 43 42 22 22 23 23 23 42 42 43
 1 1 1 27 27 26 1 1 1 1 1 1 1 2 4 4 8 8 17 12 12 4 4 4 7 7 15 18 18 10 5 5 6 6 3 1 1 0 23 23 23 23 24 43 43 42
 1 1 1 27 27 26 1 1 1 1 1 1 1 2 4 4 8 8 17 12 12 4 4 4 7 7 15 18 18 10 5 5 6 6 3 1 1 0 23 23 23 23 24 43 43 42
 1 1 0 0 0 1 2 2 2 2 1 1 1 2 3 3 7 7 14 9 9 4 3 3 5 5 10 20 20 16 11 11 6 6 6 2 2 1 43 43 42 42 6 6 6 13
 1 1 0 0 0 1 2 2 2 2 1 1 1 2 3 3 7 7 14 9 9 4 3 3 5 5 10 20 20 16 11 11 6 6 6 2 2 1 43 43 42 42 6 6 6 13
 0 0 0 1 1 2 3 3 4 4 4 4 4 2 4 4 5 5 7 8 8 5 3 3 2 2 6 23 23 18 16 16 12 12 11 4 4 1 1 1 0 0 6 6 6 13
 1 1 1 1 1 2 4 4 5 5 6 5 5 4 4 4 3 3 3 4 4 5 4 4 3 3 3 6 6 13 14 14 22 22 18 5 5 2 1 1 0 0 0 0 0 0
 1 1 1 1 1 2 4 4 5 5 6 5 5 4 4 4 3 3 3 4 4 5 4 4 3 3 3 6 6 13 14 14 22 22 18 5 5 2 1 1 0 0 0 0 0 0
 1 1 2 1 1 2 4 4 5 5 6 5 5 5 7 7 6 6 5 6 6 7 8 8 7 7 5 3 3 4 7 7 12 12 7 4 4 3 1 1 1 1 0 0 0 0
 1 1 2 1 1 2 6 6 3 3 2 3 3 3 5 5 6 6 7 8 8 6 3 3 3 3 6 3 3 1 2 2 4 4 3 1 1 1 1 1 0 0 0 0 0 0
