assets/RAT_results_old/precipitation/2022-04-11_IMERG.asc
ncols        46
nrows        77
xllcorner    74.800261325624
yllcorner    8.058333333333
cellsize     0.062500000000
NODATA_value -9999
 1 1 2 0 0 0 1 1 1 1 1 0 0 0 0 0 0 0 0 1 1 0 0 0 0 0 0 0 0 0 0 0 0 0 0 0 0 0 0 0 0 0 0 0 0 0
 1 1 2 0 0 1 1 1 1 1 1 0 0 0 0 0 0 0 0 1 1 0 0 0 0 0 0 0 0 0 0 0 0 0 0 0 0 0 0 0 0 0 0 0 0 0
 1 1 2 0 0 1 1 1 1 1 1 0 0 0 0 0 0 0 0 1 1 0 0 0 0 0 0 0 0 0 0 0 0 0 0 0 0 0 0 0 0 0 0 0 0 0
 3 3 2 1 1 1 1 1 1 1 1 1 1 0 0 0 0 0 0 0 0 0 0 0 0 0 0 0 0 0 0 0 0 0 0 0 0 0 0 0 0 0 0 0 0 0
 7 7 17 16 16 2 1 1 1 1 1 1 1 1 1 1 0 0 0 0 0 0 0 0 0 0 0 0 0 0 0 0 0 0 0 0 0 0 0 0 0 0 0 0 0 0
 7 7 17 16 16 2 1 1 1 1 1 1 1 1 1 1 0 0 0 0 0 0 0 0 0 0 0 0 0 0 0 0 0 0 0 0 0 0 0 0 0 0 0 0 0 0
 5 5 12 14 14 2 1 1 1 1 2 2 2 6 8 8 1 1 0 0 0 0 1 1 1 1 0 0 0 0 0 0 0 0 0 0 0 0 0 0 0 0 0 0 0 0
 5 5 12 14 14 2 1 1 1 1 2 2 2 6 8 8 1 1 0 0 0 0 1 1 1 1 0 0 0 0 0 0 0 0 0 0 0 0 0 0 0 0 0 0 0 0
 0 0 2 2 2 3 2 2 2 2 3 2 2 10 6 6 0 0 0 0 0 1 1 1 0 0 0 0 0 0 0 0 0 0 0 0 0 0 0 0 0 0 0 0 0 0
 1 1 1 4 4 5 4 4 2 2 4 2 2 4 1 1 1 1 0 1 1 0 0 0 0 0 0 0 0 0 0 0 0 0 0 0 0 0 0 0 0 0 0 0 0 0
 1 1 1 4 4 5 4 4 2 2 4 2 2 4 1 1 1 1 0 1 1 0 0 0 0 0 0 0 0 0 0 0 0 0 0 0 0 0 0 0 0 0 0 0 0 0
 1 1 3 8 8 7 6 6 5 5 9 2 2 4 1 1 0 0 0 2 2 1 0 0 0 0 0 0 0 0 0 0 0 0 0 0 0 0 0 0 0 0 0 0 0 0
 3 3 11 54 54 6 5 5 6 6 6 3 3 2 2 2 1 1 1 2 2 0 1 1 0 0 0 0 0 0 1 1 0 0 0 0 0 0 0 0 0 0 0 0 0 0
 3 3 11 54 54 6 5 5 6 6 6 3 3 2 2 2 1 1 1 2 2 0 1 1 0 0 0 0 0 0 1 1 0 0 0 0 0 0 0 0 0 0 0 0 0 0
 5 5 20 85 85 13 8 8 8 8 8 10 10 16 4 4 2 2 2 2 2 1 1 1 1 1 0 0 0 1 1 1 1 1 1 0 0 0 0 0 0 0 0 0 0 0
 5 5 20 85 85 13 8 8 8 8 8 10 10 16 4 4 2 2 2 2 2 1 1 1 1 1 0 0 0 1 1 1 1 1 1 0 0 0 0 0 0 0 0 0 0 0
 12 12 12 11 11 10 9 9 10 10 11 7 7 8 10 10 12 12 2 1 1 1 0 0 0 0 0 0 0 3 2 2 1 1 1 1 1 1 0 0 0 0 0 0 0 0
 4 4 8 9 9 14 12 12 8 8 12 18 18 16 8 8 13 13 4 2 2 1 1 1 1 1 1 3 3 2 1 1 1 1 1 1 1 1 1 1 0 0 0 0 0 0
 4 4 8 9 9 14 12 12 8 8 12 18 18 16 8 8 13 13 4 2 2 1 1 1 1 1 1 3 3 2 1 1 1 1 1 1 1 1 1 1 0 0 0 0 0 0
 10 10 8 9 9 7 18 18 13 13 17 18 18 19 17 17 8 8 4 3 3 1 4 4 4 4 4 3 3 1 1 1 1 1 2 1 1 1 0 0 0 0 0 0 0 0
 10 10 4 4 4 15 16 16 15 15 18 28 28 22 17 17 6 6 5 3 3 3 4 4 6 6 6 1 1 1 1 1 2 2 1 1 1 0 0 0 1 1 0 0 0 0
 10 10 4 4 4 15 16 16 15 15 18 28 28 22 17 17 6 6 5 3 3 3 4 4 6 6 6 1 1 1 1 1 2 2 1 1 1 0 0 0 1 1 0 0 0 0
 8 8 7 6 6 14 26 26 13 13 15 23 23 27 22 22 13 13 5 4 4 4 3 3 10 10 6 3 3 2 2 2 2 2 3 2 2 1 1 1 1 1 1 1 1 1
 8 8 7 6 6 14 26 26 13 13 15 23 23 27 22 22 13 13 5 4 4 4 3 3 10 10 6 3 3 2 2 2 2 2 3 2 2 1 1 1 1 1 1 1 1 1
 7 7 8 5 5 14 13 13 16 16 15 25 25 30 24 24 22 22 10 6 6 5 5 5 13 13 12 14 14 10 6 6 3 3 2 1 1 3 2 2 2 2 2 1 1 1
 4 4 3 3 3 14 12 12 20 20 9 7 7 42 40 40 38 38 15 10 10 9 7 7 11 11 22 12 12 10 12 12 3 3 2 3 3 4 7 7 4 4 3 2 2 1
 4 4 3 3 3 14 12 12 20 20 9 7 7 42 40 40 38 38 15 10 10 9 7 7 11 11 22 12 12 10 12 12 3 3 2 3 3 4 7 7 4 4 3 2 2 1
 2 2 2 8 8 8 6 6 12 12 8 38 38 57 53 53 49 49 20 12 12 11 8 8 10 10 13 12 12 14 8 8 3 3 6 5 5 5 6 6 6 6 4 3 3 1
 1 1 2 8 8 8 8 8 3 3 4 40 40 55 61 61 45 45 34 17 17 14 15 15 13 13 11 11 11 14 7 7 7 7 8 16 16 8 8 8 7 7 7 7 7 3
 1 1 2 8 8 8 8 8 3 3 4 40 40 55 61 61 45 45 34 17 17 14 15 15 13 13 11 11 11 14 7 7 7 7 8 16 16 8 8 8 7 7 7 7 7 3
 0 0 8 8 8 7 9 9 8 8 12 27 27 28 47 47 32 32 25 19 19 12 11 11 11 11 10 12 12 13 8 8 8 8 14 17 17 12 10 10 13 13 15 6 6 5
 0 0 8 8 8 7 9 9 8 8 12 27 27 28 47 47 32 32 25 19 19 12 11 11 11 11 10 12 12 13 8 8 8 8 14 17 17 12 10 10 13 13 15 6 6 5
 0 0 6 7 7 7 8 8 7 7 11 11 11 31 51 51 38 38 33 20 20 14 15 15 16 16 15 15 15 12 12 12 10 10 14 16 16 15 13 13 15 15 16 7 7 6
 0 0 6 6 6 7 8 8 8 8 11 13 13 13 35 35 34 34 34 21 21 25 26 26 25 25 33 15 15 14 15 15 13 13 15 18 18 17 17 17 18 18 10 8 8 5
 0 0 6 6 6 7 8 8 8 8 11 13 13 13 35 35 34 34 34 21 21 25 26 26 25 25 33 15 15 14 15 15 13 13 15 18 18 17 17 17 18 18 10 8 8 5
 0 0 6 6 6 8 23 23 22 22 11 14 14 23 37 37 34 34 38 33 33 36 31 31 31 31 90 31 31 15 13 13 12 12 17 24 24 23 18 18 17 17 12 8 8 10
 4 4 4 6 6 8 23 23 25 25 26 27 27 56 73 73 78 78 36 38 38 29 26 26 82 82 99 21 21 16 21 21 21 21 22 29 29 22 19 19 21 21 19 11 11 11
 4 4 4 6 6 8 23 23 25 25 26 27 27 56 73 73 78 78 36 38 38 29 26 26 82 82 99 21 21 16 21 21 21 21 22 29 29 22 19 19 21 21 19 11 11 11
 4 4 4 5 5 7 18 18 20 20 22 30 30 36 58 58 72 72 35 40 40 32 20 20 18 18 29 75 75 20 24 24 25 25 27 31 31 29 19 19 17 17 19 13 13 12
 4 4 4 5 5 7 18 18 20 20 22 30 30 36 58 58 72 72 35 40 40 32 20 20 18 18 29 75 75 20 24 24 25 25 27 31 31 29 19 19 17 17 19 13 13 12
 0 0 0 0 0 6 7 7 20 20 22 28 28 37 36 36 36 36 31 36 36 33 20 20 16 16 25 74 74 38 36 36 37 37 27 27 27 30 22 22 21 21 20 15 15 14
 0 0 1 1 1 2 7 7 8 8 5 9 9 7 14 14 19 19 18 34 34 36 19 19 21 21 20 17 17 23 65 65 28 28 46 59 59 67 54 54 19 19 19 33 33 18
 0 0 1 1 1 2 7 7 8 8 5 9 9 7 14 14 19 19 18 34 34 36 19 19 21 21 20 17 17 23 65 65 28 28 46 59 59 67 54 54 19 19 19 33 33 18
 0 0 0 0 0 1 5 5 5 5 3 7 7 9 15 15 19 19 17 19 19 27 63 63 29 29 17 15 15 21 30 30 37 37 39 37 37 34 36 36 28 28 24 23 23 20
 1 1 1 1 1 1 2 2 3 3 2 2 2 4 11 11 14 14 12 23 23 29 70 70 68 68 26 65 65 76 34 34 24 24 34 41 41 37 31 31 34 34 32 33 33 24
 1 1 1 1 1 1 2 2 3 3 2 2 2 4 11 11 14 14 12 23 23 29 70 70 68 68 26 65 65 76 34 34 24 24 34 41 41 37 31 31 34 34 32 33 33 24
 6 6 6 5 5 2 2 2 18 18 15 12 12 3 10 10 15 15 15 19 19 22 52 52 71 71 52 30 30 38 23 23 21 21 20 36 36 39 29 29 33 33 33 48 48 26
 6 6 6 5 5 2 2 2 18 18 15 12 12 3 10 10 15 15 15 19 19 22 52 52 71 71 52 30 30 38 23 23 21 21 20 36 36 39 29 29 33 33 33 48 48 26
 6 6 6 9 9 5 5 5 5 5 16 12 12 3 9 9 9 9 11 11 11 31 42 42 45 45 46 55 55 34 33 33 20 20 22 22 22 38 30 30 29 29 31 43 43 58
 13 13 16 6 6 13 7 7 7 7 14 14 14 6 17 17 45 45 25 27 27 27 29 29 26 26 28 25 25 32 39 39 34 34 25 30 30 28 65 65 36 36 31 33 33 52
 13 13 16 6 6 13 7 7 7 7 14 14 14 6 17 17 45 45 25 27 27 27 29 29 26 26 28 25 25 32 39 39 34 34 25 30 30 28 65 65 36 36 31 33 33 52
 23 23 17 17 17 18 10 10 7 7 9 18 18 6 15 15 19 19 20 27 27 31 32 32 27 27 25 32 32 32 36 36 34 34 26 29 29 21 19 19 23 23 30 37 37 50
 22 22 17 26 26 26 20 20 11 11 13 11 11 11 17 17 23 23 33 30 30 31 33 33 31 31 27 25 25 21 23 23 45 45 27 23 23 22 21 21 28 28 41 51 51 42
 22 22 17 26 26 26 20 20 11 11 13 11 11 11 17 17 23 23 33 30 30 31 33 33 31 31 27 25 25 21 23 23 45 45 27 23 23 22 21 21 28 28 41 51 51 42
 32 32 41 53 53 27 22 22 20 20 17 26 26 29 33 33 35 35 31 41 41 38 39 39 39 39 34 29 29 23 22 22 26 26 26 20 20 28 26 26 31 31 39 35 35 38
 32 32 41 53 53 27 22 22 20 20 17 26 26 29 33 33 35 35 31 41 41 38 39 39 39 39 34 29 29 23 22 22 26 26 26 20 20 28 26 26 31 31 39 35 35 38
 31 31 45 59 59 49 67 67 77 77 44 41 41 41 42 42 42 42 50 43 43 48 63 63 41 41 35 37 37 32 29 29 23 23 21 18 18 26 24 24 26 26 24 30 30 32
 24 24 54 59 59 51 42 42 51 51 76 49 49 69 54 54 52 52 96 84 84 84 37 37 35 35 41 30 30 26 26 26 20 20 28 21 21 26 30 30 18 18 16 23 23 41
 24 24 54 59 59 51 42 42 51 51 76 49 49 69 54 54 52 52 96 84 84 84 37 37 35 35 41 30 30 26 26 26 20 20 28 21 21 26 30 30 18 18 16 23 23 41
 63 63 71 42 42 46 47 47 50 50 77 58 58 67 63 63 84 84 82 87 87 84 36 36 34 34 40 28 28 27 23 23 23 23 26 24 24 28 22 22 12 12 12 19 19 40
 68 68 74 71 71 93 88 88 51 51 45 41 41 73 51 51 66 66 110 67 67 63 35 35 33 33 33 29 29 32 36 36 25 25 20 18 18 26 22 22 11 11 9 12 12 24
 68 68 74 71 71 93 88 88 51 51 45 41 41 73 51 51 66 66 110 67 67 63 35 35 33 33 33 29 29 32 36 36 25 25 20 18 18 26 22 22 11 11 9 12 12 24
 73 73 95 69 69 116 87 87 101 101 41 39 39 40 35 35 74 74 79 36 36 57 22 22 28 28 29 31 31 35 44 44 29 29 23 21 21 23 21 21 12 12 10 14 14 21
 73 73 95 69 69 116 87 87 101 101 41 39 39 40 35 35 74 74 79 36 36 57 22 22 28 28 29 31 31 35 44 44 29 29 23 21 21 23 21 21 12 12 10 14 14 21
 75 75 96 70 70 112 86 86 80 80 31 36 36 34 24 24 15 15 17 18 18 22 21 21 23 23 49 32 32 37 51 51 46 46 41 20 20 23 18 18 16 16 15 10 10 23
 118 118 116 72 72 82 81 81 80 80 33 27 27 40 19 19 17 17 16 14 14 17 21 21 53 53 47 32 32 35 28 28 29 29 19 35 35 28 20 20 17 17 16 13 13 17
 118 118 116 72 72 82 81 81 80 80 33 27 27 40 19 19 17 17 16 14 14 17 21 21 53 53 47 32 32 35 28 28 29 29 19 35 35 28 20 20 17 17 16 13 13 17
 88 88 117 41 41 35 34 34 35 35 31 26 26 19 9 9 15 15 12 13 13 21 22 22 34 34 72 29 29 30 23 23 27 27 26 34 34 22 17 17 19 19 17 15 15 11
 92 92 31 40 40 33 27 27 25 25 24 24 24 11 6 6 13 13 12 12 12 18 34 34 34 34 66 26 26 12 24 24 19 19 22 23 23 36 22 22 17 17 14 12 12 11
 92 92 31 40 40 33 27 27 25 25 24 24 24 11 6 6 13 13 12 12 12 18 34 34 34 34 66 26 26 12 24 24 19 19 22 23 23 36 22 22 17 17 14 12 12 11
 45 45 7 10 10 18 21 21 17 17 24 21 21 8 1 1 4 4 5 5 5 10 10 10 21 21 9 5 5 9 11 11 11 11 13 15 15 27 24 24 25 25 23 22 22 7
 45 45 7 10 10 18 21 21 17 17 24 21 21 8 1 1 4 4 5 5 5 10 10 10 21 21 9 5 5 9 11 11 11 11 13 15 15 27 24 24 25 25 23 22 22 7
 9 9 3 8 8 15 19 19 17 17 21 0 0 0 0 0 1 1 1 1 1 10 9 9 8 8 8 5 5 4 1 1 3 3 7 11 11 13 14 14 22 22 17 10 10 6
 9 9 3 3 3 4 2 2 1 1 1 0 0 0 0 0 0 0 0 0 0 1 1 1 4 4 4 4 4 4 2 2 1 1 2 5 5 7 9 9 25 25 24 26 26 7
 9 9 3 3 3 4 2 2 1 1 1 0 0 0 0 0 0 0 0 0 0 1 1 1 4 4 4 4 4 4 2 2 1 1 2 5 5 7 9 9 25 25 24 26 26 7
 6 6 6 7 7 2 1 1 2 2 2 2 2 1 0 0 0 0 0 0 0 1 1 1 0 0 0 2 2 2 2 2 1 1 1 1 1 2 8 8 6 6 13 18 18 26
 5 5 5 7 7 1 1 1 2 2 4 6 6 4 1 1 0 0 0 1 1 1 1 1 0 0 0 0 0 0 0 0 2 2 1 0 0 1 2 2 4 4 14 8 8 8
