assets/RAT_results_old/precipitation/2022-06-05_IMERG.asc
ncols        46
nrows        77
xllcorner    74.800261325624
yllcorner    8.058333333333
cellsize     0.062500000000
NODATA_value -9999
 7 7 3 1 1 1 2 2 2 2 2 3 3 4 6 6 10 10 9 11 11 18 21 21 30 30 33 40 40 46 57 57 55 55 49 59 59 34 32 32 34 34 33 25 25 23
 7 7 3 1 1 1 1 1 1 1 1 2 2 3 4 4 10 10 11 11 11 15 17 17 32 32 35 32 32 41 66 66 68 68 66 58 58 34 33 33 61 61 46 42 42 45
 7 7 3 1 1 1 1 1 1 1 1 2 2 3 4 4 10 10 11 11 11 15 17 17 32 32 35 32 32 41 66 66 68 68 66 58 58 34 33 33 61 61 46 42 42 45
 3 3 2 1 1 1 1 1 1 1 1 3 3 3 4 4 9 9 10 19 19 20 24 24 32 32 35 35 35 41 35 35 63 63 66 74 74 45 42 42 57 57 49 46 46 35
 1 1 1 1 1 1 2 2 2 2 2 3 3 4 8 8 9 9 11 17 17 18 22 22 26 26 37 38 38 38 35 35 60 60 59 68 68 41 47 47 44 44 63 61 61 39
 1 1 1 1 1 1 2 2 2 2 2 3 3 4 8 8 9 9 11 17 17 18 22 22 26 26 37 38 38 38 35 35 60 60 59 68 68 41 47 47 44 44 63 61 61 39
 1 1 1 1 1 1 2 2 2 2 2 3 3 4 6 6 7 7 10 17 17 18 25 25 26 26 28 29 29 32 29 29 27 27 23 38 38 41 46 46 46 46 47 45 45 37
 1 1 1 1 1 1 2 2 2 2 2 3 3 4 6 6 7 7 10 17 17 18 25 25 26 26 28 29 29 32 29 29 27 27 23 38 38 41 46 46 46 46 47 45 45 37
 2 2 1 1 1 1 1 1 2 2 3 4 4 5 7 7 8 8 8 11 11 13 15 15 16 16 20 22 22 29 28 28 29 29 23 23 23 18 35 35 32 32 43 41 41 36
 2 2 2 1 1 2 1 1 2 2 3 3 3 4 6 6 8 8 12 13 13 16 19 19 18 18 22 22 22 21 29 29 27 27 21 22 22 19 34 34 36 36 26 24 24 24
 2 2 2 1 1 2 1 1 2 2 3 3 3 4 6 6 8 8 12 13 13 16 19 19 18 18 22 22 22 21 29 29 27 27 21 22 22 19 34 34 36 36 26 24 24 24
 4 4 3 2 2 2 1 1 2 2 2 3 3 4 5 5 8 8 13 14 14 16 20 20 22 22 24 25 25 23 19 19 21 21 19 19 19 18 43 43 42 42 19 28 28 14
 4 4 3 3 3 4 4 4 2 2 2 3 3 4 5 5 7 7 11 12 12 17 26 26 25 25 24 24 24 23 23 23 26 26 23 22 22 23 23 23 23 23 22 17 17 31
 4 4 3 3 3 4 4 4 2 2 2 3 3 4 5 5 7 7 11 12 12 17 26 26 25 25 24 24 24 23 23 23 26 26 23 22 22 23 23 23 23 23 22 17 17 31
 2 2 3 2 2 2 4 4 4 4 5 3 3 3 4 4 6 6 8 11 11 22 24 24 25 25 20 21 21 23 23 23 24 24 23 21 21 37 73 73 31 31 24 23 23 35
 2 2 3 2 2 2 4 4 4 4 5 3 3 3 4 4 6 6 8 11 11 22 24 24 25 25 20 21 21 23 23 23 24 24 23 21 21 37 73 73 31 31 24 23 23 35
 2 2 3 1 1 2 2 2 4 4 11 11 11 3 4 4 4 4 7 13 13 21 23 23 20 20 20 19 19 18 16 16 21 21 27 27 27 62 57 57 26 26 38 33 33 35
 2 2 2 2 2 1 9 9 9 9 10 10 10 2 4 4 7 7 8 13 13 20 22 22 25 25 22 23 23 16 17 17 16 16 25 23 23 34 58 58 44 44 39 33 33 35
 2 2 2 2 2 1 9 9 9 9 10 10 10 2 4 4 7 7 8 13 13 20 22 22 25 25 22 23 23 16 17 17 16 16 25 23 23 34 58 58 44 44 39 33 33 35
 2 2 2 2 2 2 2 2 3 3 5 5 5 8 10 10 13 13 12 19 19 25 27 27 32 32 32 30 30 21 21 21 14 14 17 16 16 29 23 23 41 41 40 40 40 36
 4 4 5 5 5 4 4 4 6 6 8 13 13 12 17 17 22 22 17 27 27 29 35 35 33 33 34 41 41 34 29 29 19 19 16 13 13 18 24 24 35 35 45 52 52 44
 4 4 5 5 5 4 4 4 6 6 8 13 13 12 17 17 22 22 17 27 27 29 35 35 33 33 34 41 41 34 29 29 19 19 16 13 13 18 24 24 35 35 45 52 52 44
 11 11 13 10 10 9 7 7 7 7 8 11 11 19 28 28 37 37 28 31 31 39 47 47 43 43 37 33 33 50 87 87 37 37 25 21 21 20 37 37 38 38 55 52 52 49
 11 11 13 10 10 9 7 7 7 7 8 11 11 19 28 28 37 37 28 31 31 39 47 47 43 43 37 33 33 50 87 87 37 37 25 21 21 20 37 37 38 38 55 52 52 49
 14 14 16 12 12 11 8 8 8 8 7 11 11 15 24 24 38 38 36 32 32 33 37 37 33 33 28 19 19 24 28 28 27 27 21 27 27 27 39 39 40 40 71 70 70 74
 16 16 17 52 52 14 9 9 7 7 6 8 8 10 16 16 27 27 25 18 18 18 25 25 24 24 26 17 17 18 17 17 18 18 18 29 29 29 37 37 38 38 73 73 73 84
 16 16 17 52 52 14 9 9 7 7 6 8 8 10 16 16 27 27 25 18 18 18 25 25 24 24 26 17 17 18 17 17 18 18 18 29 29 29 37 37 38 38 73 73 73 84
 35 35 47 46 46 9 8 8 6 6 5 10 10 13 11 11 19 19 19 14 14 16 21 21 17 17 9 9 9 9 11 11 10 10 13 18 18 16 15 15 19 19 23 24 24 83
 27 27 39 37 37 14 13 13 11 11 7 10 10 14 10 10 14 14 11 10 10 8 8 8 7 7 5 4 4 6 10 10 9 9 12 10 10 14 14 14 23 23 21 22 22 23
 27 27 39 37 37 14 13 13 11 11 7 10 10 14 10 10 14 14 11 10 10 8 8 8 7 7 5 4 4 6 10 10 9 9 12 10 10 14 14 14 23 23 21 22 22 23
 23 23 38 40 40 10 13 13 10 10 6 8 8 8 9 9 15 15 11 12 12 11 8 8 9 9 8 5 5 6 8 8 9 9 11 11 11 16 17 17 15 15 15 15 15 15
 23 23 38 40 40 10 13 13 10 10 6 8 8 8 9 9 15 15 11 12 12 11 8 8 9 9 8 5 5 6 8 8 9 9 11 11 11 16 17 17 15 15 15 15 15 15
 13 13 11 12 12 13 10 10 12 12 7 6 6 7 9 9 14 14 11 12 12 12 17 17 13 13 9 7 7 9 10 10 10 10 11 11 11 14 17 17 19 19 19 21 21 19
 5 5 12 18 18 17 12 12 11 11 13 9 9 7 7 7 12 12 23 26 26 25 26 26 14 14 13 11 11 11 12 12 13 13 13 14 14 16 17 17 17 17 17 19 19 29
 5 5 12 18 18 17 12 12 11 11 13 9 9 7 7 7 12 12 23 26 26 25 26 26 14 14 13 11 11 11 12 12 13 13 13 14 14 16 17 17 17 17 17 19 19 29
 5 5 6 8 8 11 9 9 11 11 20 14 14 18 22 22 24 24 34 41 41 41 32 32 23 23 18 18 18 15 14 14 15 15 15 19 19 20 22 22 21 21 22 21 21 31
 5 5 6 7 7 20 19 19 25 25 33 29 29 34 36 36 30 30 31 43 43 54 48 48 32 32 42 37 37 23 17 17 18 18 18 21 21 23 26 26 25 25 26 25 25 31
 5 5 6 7 7 20 19 19 25 25 33 29 29 34 36 36 30 30 31 43 43 54 48 48 32 32 42 37 37 23 17 17 18 18 18 21 21 23 26 26 25 25 26 25 25 31
 5 5 6 13 13 22 19 19 24 24 29 29 29 39 49 49 63 63 60 68 68 68 63 63 43 43 44 40 40 29 20 20 20 20 19 25 25 27 28 28 30 30 34 31 31 36
 5 5 6 13 13 22 19 19 24 24 29 29 29 39 49 49 63 63 60 68 68 68 63 63 43 43 44 40 40 29 20 20 20 20 19 25 25 27 28 28 30 30 34 31 31 36
 5 5 6 12 12 18 20 20 26 26 30 58 58 70 75 75 126 126 119 68 68 67 68 68 50 50 44 34 34 28 19 19 20 20 20 24 24 26 27 27 31 31 32 30 30 29
 7 7 7 12 12 13 14 14 27 27 28 67 67 69 72 72 124 124 128 69 69 83 57 57 53 53 40 30 30 35 18 18 19 19 19 26 26 34 25 25 31 31 20 19 19 18
 7 7 7 12 12 13 14 14 27 27 28 67 67 69 72 72 124 124 128 69 69 83 57 57 53 53 40 30 30 35 18 18 19 19 19 26 26 34 25 25 31 31 20 19 19 18
 6 6 8 14 14 15 16 16 28 28 31 70 70 76 77 77 112 112 120 71 71 79 50 50 41 41 40 33 33 27 22 22 22 22 20 20 20 19 17 17 16 16 15 13 13 11
 5 5 7 12 12 14 19 19 22 22 25 39 39 44 81 81 108 108 115 68 68 70 48 48 36 36 27 30 30 21 23 23 22 22 14 12 12 13 17 17 17 17 13 10 10 9
 5 5 7 12 12 14 19 19 22 22 25 39 39 44 81 81 108 108 115 68 68 70 48 48 36 36 27 30 30 21 23 23 22 22 14 12 12 13 17 17 17 17 13 10 10 9
 4 4 9 9 9 10 15 15 18 18 22 39 39 46 76 76 76 76 60 59 59 59 32 32 33 33 31 30 30 15 17 17 15 15 14 12 12 13 17 17 16 16 15 13 13 9
 4 4 9 9 9 10 15 15 18 18 22 39 39 46 76 76 76 76 60 59 59 59 32 32 33 33 31 30 30 15 17 17 15 15 14 12 12 13 17 17 16 16 15 13 13 9
 3 3 5 9 9 9 14 14 14 14 17 24 24 27 30 30 36 36 41 50 50 46 32 32 35 35 34 33 33 19 18 18 13 13 13 9 9 10 14 14 12 12 11 9 9 6
 3 3 4 5 5 5 6 6 7 7 6 6 6 22 26 26 30 30 34 36 36 39 37 37 38 38 42 39 39 27 27 27 12 12 6 5 5 5 6 6 8 8 6 6 6 12
 3 3 4 5 5 5 6 6 7 7 6 6 6 22 26 26 30 30 34 36 36 39 37 37 38 38 42 39 39 27 27 27 12 12 6 5 5 5 6 6 8 8 6 6 6 12
 3 3 4 6 6 6 6 6 6 6 7 7 7 8 8 8 9 9 13 15 15 24 34 34 37 37 40 39 39 29 28 28 11 11 3 2 2 2 2 2 8 8 8 6 6 10
 3 3 4 7 7 7 6 6 7 7 8 8 8 8 8 8 7 7 11 15 15 23 25 25 34 34 39 34 34 31 6 6 4 4 2 1 1 1 0 0 0 0 0 0 0 0
 3 3 4 7 7 7 6 6 7 7 8 8 8 8 8 8 7 7 11 15 15 23 25 25 34 34 39 34 34 31 6 6 4 4 2 1 1 1 0 0 0 0 0 0 0 0
 3 3 5 6 6 7 7 7 8 8 9 9 9 8 9 9 9 9 9 10 10 10 12 12 30 30 36 29 29 45 25 25 25 25 3 1 1 0 0 0 0 0 0 0 0 0
 3 3 5 6 6 7 7 7 8 8 9 9 9 8 9 9 9 9 9 10 10 10 12 12 30 30 36 29 29 45 25 25 25 25 3 1 1 0 0 0 0 0 0 0 0 0
 3 3 4 6 6 7 7 7 8 8 9 10 10 9 9 9 9 9 9 9 9 10 9 9 22 22 31 28 28 46 26 26 49 49 19 13 13 1 1 1 1 1 1 0 0 0
 3 3 3 5 5 6 6 6 7 7 7 8 8 8 8 8 9 9 9 7 7 6 6 6 10 10 10 14 14 28 27 27 48 48 16 14 14 2 2 2 2 2 1 0 0 0
 3 3 3 5 5 6 6 6 7 7 7 8 8 8 8 8 9 9 9 7 7 6 6 6 10 10 10 14 14 28 27 27 48 48 16 14 14 2 2 2 2 2 1 0 0 0
 2 2 2 3 3 4 4 4 5 5 5 5 5 6 6 6 6 6 6 5 5 4 3 3 6 6 10 11 11 10 8 8 9 9 11 8 8 4 4 4 3 3 1 0 0 0
 1 1 1 2 2 2 2 2 3 3 3 3 3 4 4 4 3 3 3 3 3 2 2 2 2 2 4 9 9 12 9 9 9 9 5 6 6 4 2 2 1 1 0 0 0 0
 1 1 1 2 2 2 2 2 3 3 3 3 3 4 4 4 3 3 3 3 3 2 2 2 2 2 4 9 9 12 9 9 9 9 5 6 6 4 2 2 1 1 0 0 0 0
 0 0 1 1 1 1 1 1 2 2 1 2 2 2 2 2 2 2 2 1 1 1 1 1 2 2 1 2 2 2 2 2 3 3 4 3 3 1 0 0 0 0 0 1 1 1
 0 0 1 1 1 1 1 1 2 2 1 2 2 2 2 2 2 2 2 1 1 1 1 1 2 2 1 2 2 2 2 2 3 3 4 3 3 1 0 0 0 0 0 1 1 1
 0 0 0 0 0 1 1 1 1 1 1 1 1 1 2 2 2 2 2 2 2 2 1 1 1 1 1 0 0 1 1 1 2 2 2 1 1 1 0 0 0 0 1 2 2 2
 0 0 0 0 0 1 0 0 0 0 0 0 0 1 1 1 1 1 2 2 2 1 0 0 0 0 0 0 0 0 0 0 1 1 1 0 0 0 0 0 0 0 0 0 0 0
 0 0 0 0 0 1 0 0 0 0 0 0 0 1 1 1 1 1 2 2 2 1 0 0 0 0 0 0 0 0 0 0 1 1 1 0 0 0 0 0 0 0 0 0 0 0
 0 0 0 0 0 0 0 0 0 0 0 0 0 0 1 1 1 1 2 1 1 0 0 0 0 0 0 0 0 0 0 0 0 0 0 0 0 0 0 0 0 0 0 0 0 0
 0 0 0 0 0 0 0 0 0 0 0 0 0 0 0 0 1 1 1 0 0 0 0 0 0 0 0 0 0 0 0 0 0 0 0 0 0 0 0 0 0 0 0 0 0 0
 0 0 0 0 0 0 0 0 0 0 0 0 0 0 0 0 1 1 1 0 0 0 0 0 0 0 0 0 0 0 0 0 0 0 0 0 0 0 0 0 0 0 0 0 0 0
 0 0 0 0 0 0 0 0 0 0 0 0 0 1 1 1 0 0 0 0 0 0 0 0 0 0 0 0 0 0 0 0 0 0 0 0 0 0 0 0 0 0 0 0 0 0
 0 0 0 0 0 0 0 0 0 0 0 0 0 1 1 1 0 0 0 0 0 0 0 0 0 0 0 0 0 0 0 0 0 0 0 0 0 0 0 0 0 0 0 0 0 0
 0 0 0 0 0 0 0 0 0 0 0 0 0 0 0 0 0 0 0 0 0 0 0 0 0 0 0 0 0 0 0 0 0 0 0 0 0 0 0 0 0 0 0 0 0 0
 0 0 0 0 0 0 0 0 0 0 0 0 0 0 0 0 0 0 0 0 0 0 0 0 0 0 0 0 0 0 0 0 0 0 0 0 0 0 0 0 0 0 0 0 0 0
 0 0 0 0 0 0 0 0 0 0 0 0 0 0 0 0 0 0 0 0 0 0 0 0 0 0 0 0 0 0 0 0 0 0 0 0 0 0 0 0 0 0 0 0 0 0
 0 0 0 0 0 0 0 0 0 0 0 0 0 0 0 0 0 0 0 0 0 0 0 0 0 0 0 0 0 0 0 0 0 0 0 0 0 0 0 0 0 0 0 0 0 0
 0 0 0 0 0 0 0 0 0 0 0 0 0 0 0 0 0 0 0 0 0 0 0 0 0 0 0 0 0 0 0 0 0 0 0 0 0 0 0 0 0 0 0 0 0 0
