assets/RAT_results_old/precipitation/2022-07-04_IMERG.asc
ncols        46
nrows        77
xllcorner    74.800261325624
yllcorner    8.058333333333
cellsize     0.062500000000
NODATA_value -9999
 94 94 91 90 90 82 70 70 46 46 32 29 29 20 16 16 10 10 9 7 7 7 5 5 3 3 3 8 8 8 18 18 20 20 19 20 20 24 21 21 20 20 15 16 16 10
 86 86 92 88 88 76 68 68 39 39 29 19 19 18 15 15 16 16 10 9 9 6 5 5 3 3 3 8 8 8 16 16 15 15 17 16 16 16 20 20 13 13 8 16 16 14
 86 86 92 88 88 76 68 68 39 39 29 19 19 18 15 15 16 16 10 9 9 6 5 5 3 3 3 8 8 8 16 16 15 15 17 16 16 16 20 20 13 13 8 16 16 14
 107 107 77 76 76 61 56 56 36 36 37 24 24 25 22 22 20 20 12 13 13 4 4 4 3 3 3 7 7 7 11 11 12 12 9 15 15 12 12 12 15 15 10 13 13 12
 100 100 93 86 86 71 52 52 37 37 34 24 24 25 19 19 19 19 6 5 5 3 4 4 4 4 5 9 9 6 7 7 6 6 5 4 4 5 5 5 8 8 1 8 8 5
 100 100 93 86 86 71 52 52 37 37 34 24 24 25 19 19 19 19 6 5 5 3 4 4 4 4 5 9 9 6 7 7 6 6 5 4 4 5 5 5 8 8 1 8 8 5
 59 59 52 79 79 70 52 52 39 39 26 19 19 17 13 13 13 13 6 6 6 6 10 10 8 8 7 6 6 4 3 3 2 2 3 3 3 2 2 2 2 2 1 1 1 6
 59 59 52 79 79 70 52 52 39 39 26 19 19 17 13 13 13 13 6 6 6 6 10 10 8 8 7 6 6 4 3 3 2 2 3 3 3 2 2 2 2 2 1 1 1 6
 45 45 43 62 62 59 52 52 43 43 21 18 18 19 17 17 13 13 7 7 7 9 13 13 9 9 6 5 5 5 5 5 4 4 3 3 3 3 2 2 5 5 5 4 4 4
 36 36 46 56 56 54 40 40 35 35 22 19 19 20 19 19 14 14 19 9 9 10 7 7 6 6 5 4 4 6 6 6 5 5 4 2 2 3 3 3 3 3 6 1 1 3
 36 36 46 56 56 54 40 40 35 35 22 19 19 20 19 19 14 14 19 9 9 10 7 7 6 6 5 4 4 6 6 6 5 5 4 2 2 3 3 3 3 3 6 1 1 3
 31 31 36 34 34 38 30 30 32 32 24 18 18 20 19 19 17 17 18 9 9 7 5 5 6 6 7 7 7 8 8 8 5 5 5 3 3 2 4 4 5 5 3 2 2 3
 26 26 29 75 75 53 29 29 26 26 18 17 17 7 17 17 12 12 15 10 10 10 4 4 6 6 2 7 7 5 5 5 4 4 4 3 3 3 5 5 5 5 3 2 2 2
 26 26 29 75 75 53 29 29 26 26 18 17 17 7 17 17 12 12 15 10 10 10 4 4 6 6 2 7 7 5 5 5 4 4 4 3 3 3 5 5 5 5 3 2 2 2
 31 31 25 21 21 71 31 31 21 21 20 14 14 7 11 11 13 13 13 7 7 9 1 1 1 1 2 3 3 5 4 4 2 2 4 10 10 7 8 8 6 6 2 2 2 2
 31 31 25 21 21 71 31 31 21 21 20 14 14 7 11 11 13 13 13 7 7 9 1 1 1 1 2 3 3 5 4 4 2 2 4 10 10 7 8 8 6 6 2 2 2 2
 32 32 25 22 22 20 19 19 15 15 13 9 9 5 2 2 8 8 7 5 5 2 1 1 1 1 2 3 3 3 2 2 2 2 4 4 4 7 8 8 7 7 2 2 2 1
 29 29 24 23 23 23 19 19 11 11 11 9 9 6 5 5 9 9 9 5 5 3 1 1 2 2 1 3 3 3 2 2 3 3 4 4 4 9 9 9 8 8 5 1 1 0
 29 29 24 23 23 23 19 19 11 11 11 9 9 6 5 5 9 9 9 5 5 3 1 1 2 2 1 3 3 3 2 2 3 3 4 4 4 9 9 9 8 8 5 1 1 0
 27 27 25 24 24 23 20 20 19 19 17 8 8 9 11 11 11 11 9 5 5 4 2 2 3 3 1 2 2 3 4 4 6 6 5 5 5 5 4 4 4 4 4 1 1 1
 30 30 26 27 27 28 22 22 22 22 20 13 13 11 15 15 14 14 11 12 12 7 5 5 5 5 3 3 3 6 8 8 9 9 7 5 5 4 3 3 1 1 1 1 1 1
 30 30 26 27 27 28 22 22 22 22 20 13 13 11 15 15 14 14 11 12 12 7 5 5 5 5 3 3 3 6 8 8 9 9 7 5 5 4 3 3 1 1 1 1 1 1
 23 23 24 24 24 28 21 21 20 20 21 22 22 18 21 21 23 23 14 8 8 9 7 7 7 7 5 4 4 7 5 5 7 7 3 2 2 2 2 2 1 1 1 1 1 0
 23 23 24 24 24 28 21 21 20 20 21 22 22 18 21 21 23 23 14 8 8 9 7 7 7 7 5 4 4 7 5 5 7 7 3 2 2 2 2 2 1 1 1 1 1 0
 22 22 23 25 25 23 22 22 24 24 26 24 24 23 30 30 25 25 16 10 10 9 5 5 6 6 4 4 4 5 4 4 3 3 2 1 1 2 2 2 1 1 1 1 1 0
 22 22 21 22 22 22 25 25 24 24 23 22 22 21 34 34 28 28 26 10 10 5 5 5 4 4 4 4 4 5 4 4 3 3 2 1 1 2 1 1 0 0 0 0 0 0
 22 22 21 22 22 22 25 25 24 24 23 22 22 21 34 34 28 28 26 10 10 5 5 5 4 4 4 4 4 5 4 4 3 3 2 1 1 2 1 1 0 0 0 0 0 0
 22 22 21 19 19 23 23 23 26 26 23 19 19 53 53 53 27 27 20 8 8 4 4 4 6 6 6 4 4 3 5 5 4 4 2 2 2 2 1 1 0 0 0 0 0 0
 21 21 27 27 27 21 26 26 24 24 18 14 14 50 48 48 20 20 20 12 12 7 6 6 7 7 7 7 7 9 11 11 5 5 2 2 2 1 0 0 0 0 1 1 1 0
 21 21 27 27 27 21 26 26 24 24 18 14 14 50 48 48 20 20 20 12 12 7 6 6 7 7 7 7 7 9 11 11 5 5 2 2 2 1 0 0 0 0 1 1 1 0
 35 35 45 46 46 59 26 26 21 21 17 14 14 13 17 17 19 19 20 15 15 15 16 16 19 19 13 9 9 9 10 10 10 10 6 2 2 2 1 1 1 1 1 1 1 0
 35 35 45 46 46 59 26 26 21 21 17 14 14 13 17 17 19 19 20 15 15 15 16 16 19 19 13 9 9 9 10 10 10 10 6 2 2 2 1 1 1 1 1 1 1 0
 34 34 42 56 56 62 60 60 50 50 50 15 15 7 11 11 13 13 15 14 14 15 17 17 18 18 19 16 16 16 14 14 9 9 9 3 3 2 1 1 1 1 1 0 0 0
 33 33 41 50 50 61 57 57 51 51 50 55 55 12 22 22 20 20 21 21 21 20 19 19 22 22 19 14 14 13 14 14 9 9 10 3 3 3 2 2 1 1 0 0 0 0
 33 33 41 50 50 61 57 57 51 51 50 55 55 12 22 22 20 20 21 21 21 20 19 19 22 22 19 14 14 13 14 14 9 9 10 3 3 3 2 2 1 1 0 0 0 0
 28 28 31 50 50 58 56 56 59 59 52 54 54 52 61 61 28 28 32 25 25 23 20 20 19 19 16 15 15 13 13 13 11 11 12 7 7 3 2 2 1 1 0 0 0 0
 28 28 29 42 42 42 37 37 49 49 51 56 56 58 64 64 54 54 25 26 26 21 18 18 17 17 14 13 13 12 12 12 14 14 13 7 7 3 1 1 0 0 0 0 0 0
 28 28 29 42 42 42 37 37 49 49 51 56 56 58 64 64 54 54 25 26 26 21 18 18 17 17 14 13 13 12 12 12 14 14 13 7 7 3 1 1 0 0 0 0 0 0
 15 15 14 17 17 21 35 35 48 48 58 56 56 67 65 65 54 54 52 31 31 28 21 21 19 19 13 15 15 14 14 14 21 21 19 11 11 4 3 3 0 0 0 0 0 0
 15 15 14 17 17 21 35 35 48 48 58 56 56 67 65 65 54 54 52 31 31 28 21 21 19 19 13 15 15 14 14 14 21 21 19 11 11 4 3 3 0 0 0 0 0 0
 12 12 12 15 15 23 39 39 39 39 50 50 50 49 47 47 40 40 38 38 38 32 24 24 20 20 17 20 20 19 19 19 18 18 15 7 7 2 3 3 0 0 0 0 0 1
 9 9 10 11 11 20 20 20 28 28 27 37 37 35 53 53 55 55 54 48 48 43 19 19 15 15 18 18 18 15 9 9 12 12 9 6 6 2 1 1 1 1 0 0 0 0
 9 9 10 11 11 20 20 20 28 28 27 37 37 35 53 53 55 55 54 48 48 43 19 19 15 15 18 18 18 15 9 9 12 12 9 6 6 2 1 1 1 1 0 0 0 0
 7 7 12 9 9 18 19 19 20 20 22 32 32 32 28 28 41 41 38 43 43 34 22 22 22 22 19 16 16 15 9 9 8 8 5 3 3 3 2 2 2 2 0 0 0 0
 7 7 9 8 8 11 13 13 15 15 50 53 53 53 33 33 41 41 40 44 44 25 20 20 21 21 19 10 10 9 7 7 6 6 4 3 3 4 3 3 2 2 0 0 0 0
 7 7 9 8 8 11 13 13 15 15 50 53 53 53 33 33 41 41 40 44 44 25 20 20 21 21 19 10 10 9 7 7 6 6 4 3 3 4 3 3 2 2 0 0 0 0
 24 24 39 45 45 49 53 53 55 55 50 39 39 43 23 23 21 21 24 24 24 18 13 13 12 12 11 8 8 8 5 5 4 4 4 4 4 3 3 3 1 1 0 0 0 0
 24 24 39 45 45 49 53 53 55 55 50 39 39 43 23 23 21 21 24 24 24 18 13 13 12 12 11 8 8 8 5 5 4 4 4 4 4 3 3 3 1 1 0 0 0 0
 26 26 40 44 44 39 39 39 36 36 29 34 34 23 22 22 17 17 25 18 18 12 16 16 9 9 8 6 6 5 4 4 4 4 5 4 4 4 2 2 1 1 0 0 0 0
 31 31 37 40 40 39 39 39 35 35 19 19 19 16 14 14 15 15 14 12 12 14 14 14 7 7 7 5 5 5 6 6 6 6 6 5 5 3 1 1 1 1 0 0 0 0
 31 31 37 40 40 39 39 39 35 35 19 19 19 16 14 14 15 15 14 12 12 14 14 14 7 7 7 5 5 5 6 6 6 6 6 5 5 3 1 1 1 1 0 0 0 0
 26 26 20 17 17 20 20 20 18 18 17 15 15 15 14 14 14 14 14 14 14 16 10 10 6 6 8 7 7 7 7 7 7 7 7 4 4 2 1 1 0 0 0 0 0 0
 14 14 13 14 14 14 13 13 11 11 12 12 12 13 12 12 13 13 12 13 13 16 11 11 10 10 9 10 10 9 7 7 6 6 6 3 3 2 1 1 0 0 0 0 0 0
 14 14 13 14 14 14 13 13 11 11 12 12 12 13 12 12 13 13 12 13 13 16 11 11 10 10 9 10 10 9 7 7 6 6 6 3 3 2 1 1 0 0 0 0 0 0
 8 8 7 7 7 8 11 11 11 11 12 11 11 10 11 11 11 11 12 17 17 19 17 17 12 12 10 12 12 10 8 8 6 6 4 2 2 1 0 0 0 0 0 0 0 0
 8 8 7 7 7 8 11 11 11 11 12 11 11 10 11 11 11 11 12 17 17 19 17 17 12 12 10 12 12 10 8 8 6 6 4 2 2 1 0 0 0 0 0 0 0 0
 7 7 9 7 7 8 9 9 11 11 13 11 11 10 11 11 11 11 16 15 15 18 20 20 20 20 19 13 13 11 7 7 6 6 3 2 2 1 0 0 1 1 0 0 0 0
 5 5 7 8 8 8 8 8 10 10 12 9 9 6 8 8 7 7 13 15 15 19 19 19 21 21 23 23 23 19 11 11 10 10 3 2 2 2 1 1 1 1 1 1 1 0
 5 5 7 8 8 8 8 8 10 10 12 9 9 6 8 8 7 7 13 15 15 19 19 19 21 21 23 23 23 19 11 11 10 10 3 2 2 2 1 1 1 1 1 1 1 0
 6 6 7 10 10 10 7 7 7 7 9 9 9 5 6 6 10 10 10 13 13 15 18 18 20 20 29 24 24 20 12 12 10 10 10 8 8 3 2 2 1 1 1 1 1 1
 8 8 7 9 9 9 6 6 5 5 5 8 8 4 6 6 9 9 9 10 10 15 19 19 19 19 20 19 19 22 21 21 21 21 11 8 8 3 2 2 2 2 1 1 1 1
 8 8 7 9 9 9 6 6 5 5 5 8 8 4 6 6 9 9 9 10 10 15 19 19 19 19 20 19 19 22 21 21 21 21 11 8 8 3 2 2 2 2 1 1 1 1
 10 10 7 7 7 9 7 7 9 9 9 7 7 6 7 7 10 10 7 8 8 14 21 21 20 20 19 19 19 21 16 16 18 18 16 11 11 3 2 2 1 1 1 0 0 0
 10 10 7 7 7 9 7 7 9 9 9 7 7 6 7 7 10 10 7 8 8 14 21 21 20 20 19 19 19 21 16 16 18 18 16 11 11 3 2 2 1 1 1 0 0 0
 11 11 10 9 9 10 8 8 10 10 9 7 7 7 5 5 10 10 9 8 8 12 14 14 14 14 20 20 20 16 17 17 19 19 18 7 7 5 3 3 1 1 0 0 0 0
 9 9 10 9 9 10 6 6 5 5 6 7 7 7 6 6 6 6 7 7 7 8 14 14 19 19 25 26 26 19 17 17 14 14 10 5 5 4 3 3 1 1 1 1 1 1
 9 9 10 9 9 10 6 6 5 5 6 7 7 7 6 6 6 6 7 7 7 8 14 14 19 19 25 26 26 19 17 17 14 14 10 5 5 4 3 3 1 1 1 1 1 1
 9 9 9 8 8 7 8 8 8 8 9 9 9 8 5 5 5 5 6 7 7 14 15 15 19 19 23 24 24 24 17 17 16 16 11 5 5 3 1 1 0 0 1 0 0 3
 14 14 13 10 10 8 7 7 9 9 10 9 9 8 7 7 7 7 6 8 8 10 17 17 21 21 26 27 27 24 15 15 10 10 8 2 2 2 0 0 0 0 0 0 0 4
 14 14 13 10 10 8 7 7 9 9 10 9 9 8 7 7 7 7 6 8 8 10 17 17 21 21 26 27 27 24 15 15 10 10 8 2 2 2 0 0 0 0 0 0 0 4
 15 15 13 10 10 8 8 8 9 9 10 10 10 10 9 9 8 8 6 9 9 10 19 19 22 22 23 27 27 20 11 11 5 5 2 2 2 1 0 0 1 1 2 2 2 1
 15 15 13 10 10 8 8 8 9 9 10 10 10 10 9 9 8 8 6 9 9 10 19 19 22 22 23 27 27 20 11 11 5 5 2 2 2 1 0 0 1 1 2 2 2 1
 17 17 14 11 11 9 11 11 11 11 11 13 13 12 10 10 8 8 9 10 10 43 51 51 53 53 18 22 22 11 10 10 4 4 2 9 9 5 6 6 1 1 4 3 3 2
 17 17 15 14 14 14 18 18 21 21 20 41 41 40 50 50 47 47 48 48 48 41 52 52 53 53 19 19 19 7 10 10 15 15 19 16 16 6 6 6 4 4 5 3 3 1
 17 17 15 14 14 14 18 18 21 21 20 41 41 40 50 50 47 47 48 48 48 41 52 52 53 53 19 19 19 7 10 10 15 15 19 16 16 6 6 6 4 4 5 3 3 1
 17 17 19 21 21 24 29 29 32 32 33 39 39 45 51 51 50 50 48 47 47 49 34 34 45 45 13 12 12 7 10 10 8 8 8 24 24 10 9 9 2 2 3 1 1 1
 16 16 19 23 23 29 28 28 28 28 31 34 34 41 45 45 48 48 47 46 46 46 5 5 12 12 11 13 13 6 10 10 9 9 8 25 25 6 9 9 6 6 6 1 1 1
