assets/RAT_results_old/precipitation/2022-05-22_IMERG.asc
ncols        46
nrows        77
xllcorner    74.800261325624
yllcorner    8.058333333333
cellsize     0.062500000000
NODATA_value -9999
 6 6 6 5 5 3 1 1 0 0 0 0 0 0 0 0 0 0 0 0 0 0 0 0 0 0 0 0 0 0 0 0 0 0 0 0 0 0 0 0 0 0 0 0 0 0
 5 5 6 6 6 5 1 1 0 0 0 0 0 0 0 0 0 0 0 0 0 0 0 0 0 0 0 0 0 0 0 0 0 0 0 0 0 0 0 0 0 0 0 0 0 1
 5 5 6 6 6 5 1 1 0 0 0 0 0 0 0 0 0 0 0 0 0 0 0 0 0 0 0 0 0 0 0 0 0 0 0 0 0 0 0 0 0 0 0 0 0 1
 3 3 3 2 2 2 1 1 0 0 0 0 0 0 0 0 0 0 0 0 0 0 0 0 0 0 0 0 0 0 0 0 0 0 0 0 0 0 0 0 0 0 0 0 0 0
 8 8 2 1 1 0 0 0 0 0 0 0 0 0 0 0 0 0 0 0 0 0 0 0 0 0 0 0 0 0 0 0 0 0 0 0 0 0 0 0 0 0 0 0 0 0
 8 8 2 1 1 0 0 0 0 0 0 0 0 0 0 0 0 0 0 0 0 0 0 0 0 0 0 0 0 0 0 0 0 0 0 0 0 0 0 0 0 0 0 0 0 0
 11 11 5 1 1 0 1 1 1 1 1 0 0 0 0 0 0 0 0 0 0 0 0 0 0 0 0 0 0 0 0 0 0 0 0 0 0 0 0 0 0 0 0 0 0 0
 11 11 5 1 1 0 1 1 1 1 1 0 0 0 0 0 0 0 0 0 0 0 0 0 0 0 0 0 0 0 0 0 0 0 0 0 0 0 0 0 0 0 0 0 0 0
 14 14 6 6 6 8 2 2 4 4 1 0 0 0 0 0 0 0 0 1 1 1 1 1 0 0 0 0 0 0 0 0 0 0 0 0 0 0 0 0 0 0 0 0 0 0
 19 19 13 13 13 7 7 7 5 5 4 6 6 6 0 0 0 0 0 1 1 1 1 1 0 0 1 0 0 0 0 0 0 0 0 0 0 0 0 0 0 0 0 0 0 0
 19 19 13 13 13 7 7 7 5 5 4 6 6 6 0 0 0 0 0 1 1 1 1 1 0 0 1 0 0 0 0 0 0 0 0 0 0 0 0 0 0 0 0 0 0 0
 21 21 22 21 21 14 13 13 8 8 4 6 6 6 2 2 0 0 0 1 1 1 1 1 0 0 0 0 0 0 0 0 0 0 0 0 0 0 0 0 0 0 0 0 0 0
 26 26 24 22 22 19 19 19 16 16 20 11 11 7 6 6 1 1 0 0 0 0 0 0 0 0 0 0 0 0 0 0 0 0 0 0 0 0 0 0 0 0 0 0 0 0
 26 26 24 22 22 19 19 19 16 16 20 11 11 7 6 6 1 1 0 0 0 0 0 0 0 0 0 0 0 0 0 0 0 0 0 0 0 0 0 0 0 0 0 0 0 0
 34 34 33 23 23 20 13 13 14 14 20 20 20 9 8 8 1 1 0 0 0 0 0 0 0 0 0 0 0 0 0 0 0 0 0 0 0 0 0 0 0 0 0 0 0 0
 34 34 33 23 23 20 13 13 14 14 20 20 20 9 8 8 1 1 0 0 0 0 0 0 0 0 0 0 0 0 0 0 0 0 0 0 0 0 0 0 0 0 0 0 0 0
 37 37 39 31 31 23 22 22 16 16 21 20 20 18 17 17 11 11 1 5 5 0 0 0 0 0 0 0 0 0 0 0 0 0 0 0 0 0 0 0 0 0 0 0 0 0
 38 38 38 31 31 30 29 29 26 26 21 20 20 25 17 17 11 11 6 5 5 0 0 0 0 0 0 0 0 0 0 0 0 0 0 0 0 0 0 0 1 1 0 0 0 0
 38 38 38 31 31 30 29 29 26 26 21 20 20 25 17 17 11 11 6 5 5 0 0 0 0 0 0 0 0 0 0 0 0 0 0 0 0 0 0 0 1 1 0 0 0 0
 40 40 40 43 43 31 31 31 27 27 30 25 25 31 26 26 25 25 19 10 10 8 8 8 0 0 0 0 0 0 0 0 0 0 0 0 0 0 0 0 0 0 0 0 0 0
 44 44 45 51 51 35 37 37 41 41 37 41 41 42 18 18 18 18 3 10 10 8 8 8 4 4 1 0 0 0 0 0 0 0 0 0 0 0 0 0 0 0 0 0 0 0
 44 44 45 51 51 35 37 37 41 41 37 41 41 42 18 18 18 18 3 10 10 8 8 8 4 4 1 0 0 0 0 0 0 0 0 0 0 0 0 0 0 0 0 0 0 0
 40 40 42 47 47 34 44 44 35 35 34 41 41 39 19 19 18 18 3 4 4 4 8 8 9 9 1 0 0 0 0 0 0 0 0 0 0 0 0 0 0 0 0 0 0 0
 40 40 42 47 47 34 44 44 35 35 34 41 41 39 19 19 18 18 3 4 4 4 8 8 9 9 1 0 0 0 0 0 0 0 0 0 0 0 0 0 0 0 0 0 0 0
 32 32 48 46 46 39 48 48 49 49 39 41 41 38 13 13 10 10 5 4 4 4 8 8 8 8 5 5 5 0 0 0 0 0 0 0 0 0 0 0 0 0 0 0 0 0
 40 40 51 54 54 53 74 74 73 73 61 48 48 27 24 24 16 16 10 6 6 3 2 2 1 1 1 3 3 2 0 0 1 1 0 0 0 0 1 1 0 0 0 0 0 1
 40 40 51 54 54 53 74 74 73 73 61 48 48 27 24 24 16 16 10 6 6 3 2 2 1 1 1 3 3 2 0 0 1 1 0 0 0 0 1 1 0 0 0 0 0 1
 39 39 48 50 50 55 77 77 79 79 66 62 62 37 32 32 23 23 19 16 16 9 6 6 3 3 3 3 3 3 0 0 0 0 0 0 0 0 0 0 0 0 0 0 0 0
 42 42 56 54 54 104 102 102 106 106 86 78 78 51 49 49 32 32 25 13 13 9 8 8 4 4 2 1 1 1 1 1 2 2 1 2 2 1 1 1 0 0 0 0 0 0
 42 42 56 54 54 104 102 102 106 106 86 78 78 51 49 49 32 32 25 13 13 9 8 8 4 4 2 1 1 1 1 1 2 2 1 2 2 1 1 1 0 0 0 0 0 0
 42 42 48 48 48 57 55 55 55 55 83 83 83 56 52 52 37 37 31 18 18 15 10 10 6 6 3 2 2 2 2 2 0 0 0 0 0 0 0 0 0 0 0 0 0 0
 42 42 48 48 48 57 55 55 55 55 83 83 83 56 52 52 37 37 31 18 18 15 10 10 6 6 3 2 2 2 2 2 0 0 0 0 0 0 0 0 0 0 0 0 0 0
 36 36 37 42 42 53 54 54 50 50 51 56 56 50 47 47 35 35 30 22 22 21 15 15 10 10 5 3 3 3 1 1 0 0 0 0 0 0 1 1 0 0 0 1 1 0
 27 27 27 27 27 32 33 33 33 33 33 29 29 32 43 43 35 35 33 27 27 23 19 19 15 15 13 8 8 5 3 3 1 1 0 0 0 0 1 1 0 0 0 0 0 1
 27 27 27 27 27 32 33 33 33 33 33 29 29 32 43 43 35 35 33 27 27 23 19 19 15 15 13 8 8 5 3 3 1 1 0 0 0 0 1 1 0 0 0 0 0 1
 20 20 18 18 18 16 25 25 23 23 25 22 22 24 27 27 34 34 35 32 32 31 23 23 19 19 10 8 8 4 3 3 1 1 0 0 0 0 0 0 0 0 0 0 0 0
 25 25 22 21 21 18 16 16 12 12 13 13 13 17 18 18 23 23 30 30 30 27 25 25 17 17 6 4 4 3 1 1 1 1 0 0 0 0 0 0 0 0 0 0 0 0
 25 25 22 21 21 18 16 16 12 12 13 13 13 17 18 18 23 23 30 30 30 27 25 25 17 17 6 4 4 3 1 1 1 1 0 0 0 0 0 0 0 0 0 0 0 0
 23 23 22 20 20 15 13 13 10 10 8 10 10 13 16 16 17 17 22 22 22 20 16 16 12 12 7 5 5 3 2 2 1 1 0 0 0 1 1 1 0 0 0 0 0 0
 23 23 22 20 20 15 13 13 10 10 8 10 10 13 16 16 17 17 22 22 22 20 16 16 12 12 7 5 5 3 2 2 1 1 0 0 0 1 1 1 0 0 0 0 0 0
 21 21 19 16 16 10 8 8 7 7 7 8 8 10 11 11 12 12 14 15 15 15 14 14 10 10 7 3 3 2 1 1 1 1 0 0 0 3 2 2 0 0 0 0 0 0
 18 18 22 18 18 13 10 10 8 8 6 6 6 6 6 6 5 5 6 9 9 10 10 10 7 7 7 4 4 2 1 1 0 0 0 2 2 4 5 5 5 5 0 0 0 0
 18 18 22 18 18 13 10 10 8 8 6 6 6 6 6 6 5 5 6 9 9 10 10 10 7 7 7 4 4 2 1 1 0 0 0 2 2 4 5 5 5 5 0 0 0 0
 17 17 18 19 19 15 15 15 12 12 8 5 5 5 4 4 4 4 3 4 4 6 7 7 5 5 4 4 4 2 1 1 0 0 0 2 2 1 3 3 1 1 0 0 0 0
 14 14 15 16 16 14 11 11 11 11 7 4 4 3 5 5 5 5 5 5 5 6 3 3 2 2 2 2 2 2 1 1 0 0 0 0 0 0 1 1 0 0 0 0 0 0
 14 14 15 16 16 14 11 11 11 11 7 4 4 3 5 5 5 5 5 5 5 6 3 3 2 2 2 2 2 2 1 1 0 0 0 0 0 0 1 1 0 0 0 0 0 0
 15 15 14 12 12 12 9 9 8 8 7 4 4 5 6 6 4 4 4 4 4 4 4 4 2 2 3 3 3 3 4 4 4 4 2 0 0 0 0 0 0 0 0 0 0 0
 15 15 14 12 12 12 9 9 8 8 7 4 4 5 6 6 4 4 4 4 4 4 4 4 2 2 3 3 3 3 4 4 4 4 2 0 0 0 0 0 0 0 0 0 0 0
 11 11 10 8 8 8 7 7 7 7 7 4 4 6 5 5 5 5 5 5 5 6 6 6 3 3 3 3 3 6 10 10 9 9 3 1 1 1 0 0 0 0 0 0 0 0
 10 10 7 5 5 5 5 5 4 4 5 4 4 6 5 5 5 5 7 7 7 5 6 6 2 2 2 2 2 6 7 7 8 8 3 2 2 2 0 0 0 0 0 0 0 0
 10 10 7 5 5 5 5 5 4 4 5 4 4 6 5 5 5 5 7 7 7 5 6 6 2 2 2 2 2 6 7 7 8 8 3 2 2 2 0 0 0 0 0 0 0 0
 8 8 8 7 7 8 5 5 5 5 6 4 4 6 5 5 5 5 7 7 7 7 4 4 2 2 2 2 2 8 8 8 8 8 4 2 2 2 1 1 1 1 0 0 0 0
 7 7 8 10 10 9 10 10 6 6 5 5 5 6 6 6 6 6 8 7 7 6 1 1 2 2 1 1 1 1 2 2 3 3 0 2 2 2 0 0 0 0 0 0 0 0
 7 7 8 10 10 9 10 10 6 6 5 5 5 6 6 6 6 6 8 7 7 6 1 1 2 2 1 1 1 1 2 2 3 3 0 2 2 2 0 0 0 0 0 0 0 0
 8 8 10 13 13 13 11 11 9 9 8 6 6 6 6 6 7 7 29 7 7 6 1 1 2 2 3 2 2 1 0 0 1 1 0 2 2 2 1 1 0 0 0 0 0 0
 8 8 10 13 13 13 11 11 9 9 8 6 6 6 6 6 7 7 29 7 7 6 1 1 2 2 3 2 2 1 0 0 1 1 0 2 2 2 1 1 0 0 0 0 0 0
 5 5 9 11 11 11 12 12 9 9 7 8 8 7 8 8 8 8 29 8 8 7 1 1 2 2 2 2 2 1 0 0 0 0 0 2 2 3 3 3 1 1 1 0 0 0
 4 4 7 8 8 8 11 11 9 9 9 9 9 11 21 21 23 23 42 13 13 2 1 1 1 1 1 1 1 1 1 1 0 0 0 2 2 2 0 0 0 0 0 0 0 0
 4 4 7 8 8 8 11 11 9 9 9 9 9 11 21 21 23 23 42 13 13 2 1 1 1 1 1 1 1 1 1 1 0 0 0 2 2 2 0 0 0 0 0 0 0 0
 11 11 6 7 7 6 6 6 5 5 5 7 7 9 10 10 9 9 12 11 11 1 1 1 1 1 1 1 1 1 1 1 0 0 0 0 0 0 0 0 0 0 0 0 0 0
 11 11 13 19 19 5 5 5 6 6 7 7 7 6 6 6 7 7 7 6 6 1 1 1 1 1 1 1 1 0 0 0 0 0 0 0 0 0 0 0 0 0 0 0 0 0
 11 11 13 19 19 5 5 5 6 6 7 7 7 6 6 6 7 7 7 6 6 1 1 1 1 1 1 1 1 0 0 0 0 0 0 0 0 0 0 0 0 0 0 0 0 0
 4 4 12 21 21 13 5 5 4 4 7 6 6 4 4 4 17 17 4 7 7 2 1 1 1 1 0 0 0 1 0 0 0 0 2 0 0 0 0 0 0 0 0 0 0 0
 4 4 12 21 21 13 5 5 4 4 7 6 6 4 4 4 17 17 4 7 7 2 1 1 1 1 0 0 0 1 0 0 0 0 2 0 0 0 0 0 0 0 0 0 0 0
 3 3 12 12 12 10 9 9 4 4 4 3 3 3 2 2 11 11 2 3 3 2 1 1 1 1 1 1 1 2 1 1 3 3 3 3 3 0 0 0 0 0 0 0 0 0
 4 4 3 4 4 5 8 8 3 3 2 2 2 2 2 2 2 2 1 2 2 3 3 3 1 1 2 2 2 1 1 1 1 1 1 0 0 0 0 0 0 0 0 0 0 0
 4 4 3 4 4 5 8 8 3 3 2 2 2 2 2 2 2 2 1 2 2 3 3 3 1 1 2 2 2 1 1 1 1 1 1 0 0 0 0 0 0 0 0 0 0 0
 6 6 6 8 8 6 5 5 2 2 2 2 2 2 4 4 2 2 1 3 3 4 4 4 1 1 1 0 0 0 0 0 0 0 0 0 0 0 0 0 0 0 0 0 0 0
 7 7 7 5 5 6 8 8 7 7 3 2 2 3 2 2 1 1 1 2 2 2 1 1 1 1 1 1 1 0 0 0 0 0 0 0 0 0 0 0 0 0 0 0 0 0
 7 7 7 5 5 6 8 8 7 7 3 2 2 3 2 2 1 1 1 2 2 2 1 1 1 1 1 1 1 0 0 0 0 0 0 0 0 0 0 0 0 0 0 0 0 0
 6 6 5 5 5 6 9 9 9 9 5 4 4 3 2 2 1 1 0 1 1 2 1 1 2 2 1 1 1 0 0 0 0 0 0 0 0 0 0 0 0 0 0 1 1 0
 6 6 5 5 5 6 9 9 9 9 5 4 4 3 2 2 1 1 0 1 1 2 1 1 2 2 1 1 1 0 0 0 0 0 0 0 0 0 0 0 0 0 0 1 1 0
 5 5 5 6 6 5 6 6 7 7 6 6 6 3 3 3 1 1 1 1 1 1 4 4 2 2 2 2 2 1 1 1 1 1 0 0 0 0 0 0 0 0 0 0 0 0
 3 3 4 5 5 5 5 5 7 7 7 7 7 5 4 4 2 2 1 1 1 2 2 2 1 1 1 1 1 2 1 1 1 1 0 0 0 0 0 0 0 0 0 0 0 0
 3 3 4 5 5 5 5 5 7 7 7 7 7 5 4 4 2 2 1 1 1 2 2 2 1 1 1 1 1 2 1 1 1 1 0 0 0 0 0 0 0 0 0 0 0 0
 2 2 2 3 3 4 5 5 5 5 6 9 9 8 5 5 4 4 3 2 2 2 1 1 2 2 2 1 1 1 1 1 1 1 0 0 0 0 0 0 0 0 0 0 0 0
 1 1 1 2 2 2 3 3 4 4 5 7 7 7 5 5 4 4 3 2 2 2 2 2 2 2 2 2 2 0 0 0 1 1 0 0 0 0 0 0 0 0 0 0 0 0
