assets/RAT_results_old/precipitation/2022-10-31_IMERG.asc
ncols        46
nrows        77
xllcorner    74.800261325624
yllcorner    8.058333333333
cellsize     0.062500000000
NODATA_value -9999
 0 0 0 0 0 0 0 0 0 0 0 0 0 0 0 0 0 0 1 4 4 0 0 0 0 0 0 0 0 0 0 0 0 0 0 0 0 0 0 0 0 0 0 0 0 0
 0 0 0 1 1 1 0 0 0 0 0 0 0 0 0 0 0 0 1 4 4 0 0 0 0 0 0 0 0 0 0 0 0 0 0 0 0 0 0 0 0 0 0 0 0 0
 0 0 0 1 1 1 0 0 0 0 0 0 0 0 0 0 0 0 1 4 4 0 0 0 0 0 0 0 0 0 0 0 0 0 0 0 0 0 0 0 0 0 0 0 0 0
 0 0 0 1 1 1 0 0 0 0 0 0 0 0 0 0 0 0 1 1 1 0 0 0 0 0 0 0 0 0 0 0 0 0 0 0 0 0 0 0 0 0 0 0 0 0
 0 0 0 0 0 1 1 1 0 0 0 0 0 0 0 0 0 0 1 0 0 0 0 0 0 0 0 0 0 0 0 0 0 0 0 0 0 0 0 0 0 0 0 0 0 1
 0 0 0 0 0 1 1 1 0 0 0 0 0 0 0 0 0 0 1 0 0 0 0 0 0 0 0 0 0 0 0 0 0 0 0 0 0 0 0 0 0 0 0 0 0 1
 0 0 0 0 0 0 1 1 0 0 4 0 0 0 0 0 0 0 0 0 0 0 0 0 0 0 0 0 0 0 0 0 0 0 0 0 0 0 0 0 0 0 0 0 0 1
 0 0 0 0 0 0 1 1 0 0 4 0 0 0 0 0 0 0 0 0 0 0 0 0 0 0 0 0 0 0 0 0 0 0 0 0 0 0 0 0 0 0 0 0 0 1
 0 0 0 0 0 0 0 0 0 0 0 0 0 0 0 0 0 0 0 0 0 0 0 0 0 0 0 0 0 0 0 0 0 0 0 0 0 0 0 0 0 0 0 0 0 0
 0 0 0 0 0 0 0 0 0 0 0 1 1 0 0 0 0 0 0 0 0 0 0 0 0 0 0 0 0 0 0 0 0 0 0 0 0 0 0 0 0 0 0 0 0 0
 0 0 0 0 0 0 0 0 0 0 0 1 1 0 0 0 0 0 0 0 0 0 0 0 0 0 0 0 0 0 0 0 0 0 0 0 0 0 0 0 0 0 0 0 0 0
 0 0 0 0 0 1 1 1 1 1 1 0 0 0 0 0 0 0 0 0 0 0 0 0 0 0 0 0 0 0 0 0 0 0 0 0 0 0 0 0 0 0 0 0 0 0
 1 1 1 1 1 2 2 2 2 2 0 0 0 0 0 0 0 0 0 0 0 0 0 0 0 0 0 0 0 0 0 0 0 0 0 0 0 0 0 0 0 0 0 0 0 0
 1 1 1 1 1 2 2 2 2 2 0 0 0 0 0 0 0 0 0 0 0 0 0 0 0 0 0 0 0 0 0 0 0 0 0 0 0 0 0 0 0 0 0 0 0 0
 2 2 2 2 2 2 3 3 3 3 1 0 0 0 0 0 0 0 0 0 0 0 0 0 0 0 0 0 0 0 0 0 0 0 0 0 0 0 0 0 0 0 0 0 0 0
 2 2 2 2 2 2 3 3 3 3 1 0 0 0 0 0 0 0 0 0 0 0 0 0 0 0 0 0 0 0 0 0 0 0 0 0 0 0 0 0 0 0 0 0 0 0
 3 3 3 3 3 3 3 3 5 5 6 4 4 1 0 0 0 0 0 0 0 0 0 0 0 0 0 0 0 0 0 0 0 0 0 0 0 0 0 0 0 0 0 0 0 0
 6 6 6 5 5 4 48 48 47 47 28 13 13 3 1 1 0 0 0 0 0 0 0 0 0 0 0 0 0 0 0 0 0 0 0 0 0 0 0 0 0 0 0 0 0 0
 6 6 6 5 5 4 48 48 47 47 28 13 13 3 1 1 0 0 0 0 0 0 0 0 0 0 0 0 0 0 0 0 0 0 0 0 0 0 0 0 0 0 0 0 0 0
 11 11 11 8 8 95 49 49 48 48 23 14 14 18 3 3 1 1 0 0 0 0 0 0 0 0 0 0 0 0 0 0 0 0 0 0 0 1 1 1 0 0 0 0 0 0
 12 12 13 99 99 96 171 171 172 172 169 70 70 18 13 13 10 10 2 1 1 0 0 0 0 0 0 0 0 0 0 0 0 0 0 0 0 0 0 0 0 0 1 1 1 0
 12 12 13 99 99 96 171 171 172 172 169 70 70 18 13 13 10 10 2 1 1 0 0 0 0 0 0 0 0 0 0 0 0 0 0 0 0 0 0 0 0 0 1 1 1 0
 15 15 22 68 68 65 158 158 184 184 174 94 94 30 25 25 17 17 9 4 4 3 1 1 0 0 0 0 0 0 0 0 0 0 0 0 0 0 0 0 0 0 0 0 0 0
 15 15 22 68 68 65 158 158 184 184 174 94 94 30 25 25 17 17 9 4 4 3 1 1 0 0 0 0 0 0 0 0 0 0 0 0 0 0 0 0 0 0 0 0 0 0
 20 20 21 20 20 67 161 161 189 189 98 100 100 46 32 32 28 28 13 12 12 19 7 7 1 1 0 0 0 0 0 0 0 0 0 0 0 1 0 0 0 0 0 0 0 0
 19 19 19 18 18 10 11 11 126 126 120 123 123 74 38 38 32 32 16 23 23 23 13 13 15 15 0 6 6 1 1 1 0 0 0 0 0 1 1 1 0 0 0 0 0 0
 19 19 19 18 18 10 11 11 126 126 120 123 123 74 38 38 32 32 16 23 23 23 13 13 15 15 0 6 6 1 1 1 0 0 0 0 0 1 1 1 0 0 0 0 0 0
 18 18 16 16 16 12 11 11 127 127 122 128 128 78 85 85 67 67 45 26 26 22 28 28 20 20 7 6 6 1 0 0 0 0 0 0 0 0 2 2 1 1 0 0 0 0
 25 25 13 14 14 10 12 12 15 15 21 18 18 70 96 96 76 76 59 75 75 17 17 17 11 11 3 3 3 0 2 2 0 0 0 0 0 0 1 1 0 0 0 0 0 0
 25 25 13 14 14 10 12 12 15 15 21 18 18 70 96 96 76 76 59 75 75 17 17 17 11 11 3 3 3 0 2 2 0 0 0 0 0 0 1 1 0 0 0 0 0 0
 25 25 67 108 108 111 114 114 73 73 73 28 28 30 60 60 57 57 99 75 75 21 18 18 9 9 2 2 2 0 0 0 0 0 0 0 0 0 0 0 0 0 0 0 0 0
 25 25 67 108 108 111 114 114 73 73 73 28 28 30 60 60 57 57 99 75 75 21 18 18 9 9 2 2 2 0 0 0 0 0 0 0 0 0 0 0 0 0 0 0 0 0
 19 19 107 128 128 114 119 119 77 77 82 29 29 49 88 88 73 73 88 29 29 9 6 6 0 0 0 0 0 0 0 0 0 0 0 0 0 0 0 0 0 0 0 0 0 0
 20 20 109 132 132 136 145 145 144 144 141 145 145 169 78 78 70 70 36 30 30 11 3 3 1 1 0 0 0 0 0 0 0 0 0 0 0 0 0 0 0 0 1 1 1 1
 20 20 109 132 132 136 145 145 144 144 141 145 145 169 78 78 70 70 36 30 30 11 3 3 1 1 0 0 0 0 0 0 0 0 0 0 0 0 0 0 0 0 1 1 1 1
 107 107 112 131 131 141 147 147 150 150 146 150 150 196 114 114 110 110 51 28 28 22 4 4 5 5 0 0 0 0 0 0 0 0 0 0 0 0 0 0 0 0 1 2 2 3
 22 22 113 132 132 144 148 148 153 153 157 168 168 220 169 169 213 213 170 115 115 44 21 21 7 7 2 4 4 4 0 0 0 0 0 0 0 0 0 0 0 0 0 1 1 2
 22 22 113 132 132 144 148 148 153 153 157 168 168 220 169 169 213 213 170 115 115 44 21 21 7 7 2 4 4 4 0 0 0 0 0 0 0 0 0 0 0 0 0 1 1 2
 21 21 114 119 119 135 123 123 130 130 149 173 173 179 177 177 239 239 188 132 132 51 48 48 91 91 6 8 8 2 0 0 0 0 0 0 0 0 0 0 0 0 0 1 1 1
 21 21 114 119 119 135 123 123 130 130 149 173 173 179 177 177 239 239 188 132 132 51 48 48 91 91 6 8 8 2 0 0 0 0 0 0 0 0 0 0 0 0 0 1 1 1
 34 34 120 125 125 150 148 148 128 128 147 174 174 180 183 183 155 155 162 108 108 66 118 118 95 95 15 13 13 2 0 0 0 0 0 0 0 2 0 0 0 0 0 0 0 0
 33 33 119 124 124 148 147 147 133 133 139 151 151 152 154 154 160 160 160 136 136 108 120 120 55 55 23 21 21 4 1 1 0 0 0 1 1 4 0 0 1 1 1 0 0 0
 33 33 119 124 124 148 147 147 133 133 139 151 151 152 154 154 160 160 160 136 136 108 120 120 55 55 23 21 21 4 1 1 0 0 0 1 1 4 0 0 1 1 1 0 0 0
 45 45 121 143 143 146 153 153 124 124 136 143 143 150 160 160 158 158 135 126 126 98 59 59 53 53 40 30 30 15 10 10 2 2 3 2 2 10 16 16 10 10 1 0 0 0
 70 70 74 128 128 147 153 153 122 122 54 53 53 41 34 34 34 34 102 137 137 234 137 137 127 127 124 39 39 19 10 10 4 4 4 2 2 21 22 22 11 11 0 0 0 0
 70 70 74 128 128 147 153 153 122 122 54 53 53 41 34 34 34 34 102 137 137 234 137 137 127 127 124 39 39 19 10 10 4 4 4 2 2 21 22 22 11 11 0 0 0 0
 76 76 77 128 128 133 137 137 34 34 24 22 22 45 82 82 88 88 102 168 168 233 187 187 138 138 100 37 37 36 19 19 13 13 6 2 2 20 2 2 10 10 0 0 0 0
 76 76 77 128 128 133 137 137 34 34 24 22 22 45 82 82 88 88 102 168 168 233 187 187 138 138 100 37 37 36 19 19 13 13 6 2 2 20 2 2 10 10 0 0 0 0
 22 22 114 118 118 136 133 133 29 29 19 20 20 45 41 41 136 136 130 148 148 108 119 119 104 104 107 41 41 42 24 24 20 20 6 4 4 18 3 3 4 4 0 0 0 0
 10 10 112 115 115 136 43 43 43 43 11 19 19 46 42 42 135 135 145 164 164 132 150 150 83 83 105 44 44 44 30 30 17 17 9 7 7 18 1 1 0 0 1 0 0 0
 10 10 112 115 115 136 43 43 43 43 11 19 19 46 42 42 135 135 145 164 164 132 150 150 83 83 105 44 44 44 30 30 17 17 9 7 7 18 1 1 0 0 1 0 0 0
 10 10 14 14 14 75 12 12 7 7 8 13 13 12 45 45 141 141 141 151 151 123 140 140 58 58 90 57 57 38 24 24 8 8 14 4 4 5 1 1 1 1 2 1 1 0
 9 9 9 9 9 74 11 11 7 7 7 5 5 4 42 42 5 5 41 48 48 50 94 94 51 51 46 42 42 27 17 17 11 11 6 4 4 3 5 5 6 6 1 0 0 1
 9 9 9 9 9 74 11 11 7 7 7 5 5 4 42 42 5 5 41 48 48 50 94 94 51 51 46 42 42 27 17 17 11 11 6 4 4 3 5 5 6 6 1 0 0 1
 9 9 9 8 8 9 5 5 5 5 5 3 3 3 5 5 5 5 38 53 53 17 13 13 25 25 25 23 23 16 18 18 18 18 14 21 21 14 18 18 1 1 1 0 0 0
 9 9 9 8 8 9 5 5 5 5 5 3 3 3 5 5 5 5 38 53 53 17 13 13 25 25 25 23 23 16 18 18 18 18 14 21 21 14 18 18 1 1 1 0 0 0
 11 11 10 9 9 7 6 6 4 4 5 3 3 3 4 4 5 5 5 9 9 9 15 15 22 22 32 20 20 16 19 19 20 20 10 24 24 26 15 15 1 1 2 1 1 0
 7 7 13 12 12 9 9 9 6 6 4 3 3 3 3 3 5 5 5 147 147 5 10 10 24 24 30 25 25 27 23 23 22 22 17 12 12 5 4 4 1 1 2 0 0 0
 7 7 13 12 12 9 9 9 6 6 4 3 3 3 3 3 5 5 5 147 147 5 10 10 24 24 30 25 25 27 23 23 22 22 17 12 12 5 4 4 1 1 2 0 0 0
 9 9 10 10 10 12 9 9 11 11 7 5 5 5 5 5 6 6 6 151 151 150 153 153 59 59 51 40 40 35 26 26 20 20 14 6 6 1 1 1 1 1 1 1 1 1
 13 13 13 12 12 12 9 9 10 10 7 7 7 10 21 21 146 146 146 171 171 208 201 201 54 54 53 45 45 41 39 39 19 19 17 2 2 1 11 11 2 2 2 1 1 2
 13 13 13 12 12 12 9 9 10 10 7 7 7 10 21 21 146 146 146 171 171 208 201 201 54 54 53 45 45 41 39 39 19 19 17 2 2 1 11 11 2 2 2 1 1 2
 11 11 11 11 11 12 10 10 6 6 5 17 17 8 10 10 56 56 148 173 173 213 206 206 168 168 62 60 60 39 29 29 27 27 19 17 17 14 10 10 3 3 1 1 1 2
 11 11 11 11 11 12 10 10 6 6 5 17 17 8 10 10 56 56 148 173 173 213 206 206 168 168 62 60 60 39 29 29 27 27 19 17 17 14 10 10 3 3 1 1 1 2
 5 5 5 5 5 7 10 10 7 7 5 17 17 5 6 6 53 53 158 159 159 180 189 189 190 190 65 78 78 40 30 30 26 26 13 17 17 7 12 12 14 14 2 1 1 1
 1 1 2 2 2 4 13 13 13 13 13 12 12 4 4 4 6 6 12 154 154 43 186 186 190 190 73 48 48 99 70 70 40 40 17 24 24 13 13 13 12 12 1 0 0 0
 1 1 2 2 2 4 13 13 13 13 13 12 12 4 4 4 6 6 12 154 154 43 186 186 190 190 73 48 48 99 70 70 40 40 17 24 24 13 13 13 12 12 1 0 0 0
 0 0 1 1 1 2 6 6 9 9 9 10 10 5 5 5 4 4 10 40 40 42 26 26 26 26 100 111 111 114 75 75 62 62 50 32 32 5 3 3 3 3 2 1 1 1
 0 0 0 1 1 1 4 4 5 5 4 5 5 5 9 9 5 5 6 10 10 10 17 17 18 18 104 111 111 114 121 121 106 106 110 40 40 23 5 5 8 8 4 1 1 2
 0 0 0 1 1 1 4 4 5 5 4 5 5 5 9 9 5 5 6 10 10 10 17 17 18 18 104 111 111 114 121 121 106 106 110 40 40 23 5 5 8 8 4 1 1 2
 1 1 0 0 0 2 9 9 6 6 3 4 4 4 6 6 4 4 4 9 9 10 13 13 34 34 78 103 103 98 101 101 157 157 104 41 41 50 13 13 10 10 2 3 3 3
 1 1 0 0 0 2 9 9 6 6 3 4 4 4 6 6 4 4 4 9 9 10 13 13 34 34 78 103 103 98 101 101 157 157 104 41 41 50 13 13 10 10 2 3 3 3
 1 1 1 1 1 2 6 6 5 5 3 5 5 6 6 6 4 4 3 5 5 6 6 6 26 26 70 80 80 77 101 101 176 176 107 62 62 58 26 26 12 12 3 3 3 6
 3 3 2 2 2 3 4 4 5 5 7 10 10 15 14 14 10 10 8 6 6 5 8 8 57 57 69 77 77 40 54 54 85 85 95 162 162 86 28 28 22 22 7 6 6 7
 3 3 2 2 2 3 4 4 5 5 7 10 10 15 14 14 10 10 8 6 6 5 8 8 57 57 69 77 77 40 54 54 85 85 95 162 162 86 28 28 22 22 7 6 6 7
 5 5 2 2 2 3 6 6 7 7 13 13 13 18 20 20 23 23 22 16 16 8 35 35 36 36 127 111 111 67 51 51 88 88 100 75 75 112 34 34 23 23 15 15 15 16
 4 4 5 3 3 1 2 2 4 4 6 7 7 10 17 17 24 24 27 20 20 7 4 4 5 5 46 107 107 46 11 11 13 13 81 75 75 42 39 39 19 19 25 8 8 10
