assets/RAT_results_old/precipitation/2022-07-06_IMERG.asc
ncols        46
nrows        77
xllcorner    74.800261325624
yllcorner    8.058333333333
cellsize     0.062500000000
NODATA_value -9999
 53 53 52 49 49 48 49 49 52 52 45 41 41 50 44 44 28 28 24 23 23 9 10 10 7 7 10 5 5 4 4 4 6 6 5 4 4 3 5 5 5 5 4 4 4 4
 65 65 73 68 68 59 56 56 52 52 42 38 38 43 50 50 30 30 26 25 25 9 8 8 9 9 6 5 5 6 7 7 10 10 8 6 6 6 5 5 9 9 4 4 4 5
 65 65 73 68 68 59 56 56 52 52 42 38 38 43 50 50 30 30 26 25 25 9 8 8 9 9 6 5 5 6 7 7 10 10 8 6 6 6 5 5 9 9 4 4 4 5
 80 80 81 70 70 64 50 50 48 48 38 43 43 44 46 46 30 30 30 27 27 13 11 11 10 10 11 8 8 13 12 12 15 15 7 7 7 10 9 9 12 12 9 6 6 7
 56 56 71 68 68 63 47 47 38 38 36 33 33 38 32 32 32 32 32 27 27 26 19 19 20 20 23 11 11 15 15 15 14 14 12 10 10 10 7 7 5 5 4 4 4 8
 56 56 71 68 68 63 47 47 38 38 36 33 33 38 32 32 32 32 32 27 27 26 19 19 20 20 23 11 11 15 15 15 14 14 12 10 10 10 7 7 5 5 4 4 4 8
 51 51 53 63 63 55 41 41 29 29 24 25 25 26 24 24 23 23 23 18 18 19 18 18 20 20 21 20 20 18 15 15 11 11 9 7 7 8 5 5 4 4 5 6 6 10
 51 51 53 63 63 55 41 41 29 29 24 25 25 26 24 24 23 23 23 18 18 19 18 18 20 20 21 20 20 18 15 15 11 11 9 7 7 8 5 5 4 4 5 6 6 10
 46 46 43 43 43 36 27 27 22 22 20 18 18 15 13 13 16 16 21 16 16 19 15 15 15 15 12 13 13 10 15 15 12 12 12 8 8 6 7 7 7 7 9 9 9 8
 31 31 25 28 28 22 23 23 18 18 13 10 10 12 14 14 12 12 11 10 10 11 10 10 16 16 10 11 11 11 12 12 12 12 12 10 10 8 7 7 8 8 8 6 6 4
 31 31 25 28 28 22 23 23 18 18 13 10 10 12 14 14 12 12 11 10 10 11 10 10 16 16 10 11 11 11 12 12 12 12 12 10 10 8 7 7 8 8 8 6 6 4
 18 18 12 9 9 15 14 14 14 14 11 10 10 9 10 10 11 11 12 13 13 11 9 9 6 6 6 6 6 5 8 8 13 13 14 10 10 8 7 7 6 6 3 3 3 2
 10 10 7 5 5 9 7 7 11 11 7 10 10 13 16 16 15 15 13 10 10 9 11 11 9 9 13 10 10 8 9 9 11 11 12 8 8 7 6 6 4 4 2 2 2 1
 10 10 7 5 5 9 7 7 11 11 7 10 10 13 16 16 15 15 13 10 10 9 11 11 9 9 13 10 10 8 9 9 11 11 12 8 8 7 6 6 4 4 2 2 2 1
 6 6 4 3 3 3 3 3 8 8 13 13 13 15 18 18 19 19 13 15 15 16 18 18 14 14 14 10 10 9 7 7 7 7 7 5 5 3 3 3 3 3 2 1 1 1
 6 6 4 3 3 3 3 3 8 8 13 13 13 15 18 18 19 19 13 15 15 16 18 18 14 14 14 10 10 9 7 7 7 7 7 5 5 3 3 3 3 3 2 1 1 1
 4 4 4 2 2 5 16 16 17 17 18 12 12 9 16 16 17 17 16 13 13 18 15 15 15 15 13 10 10 6 4 4 4 4 5 3 3 2 4 4 5 5 4 2 2 1
 8 8 13 15 15 14 14 14 17 17 19 21 21 21 18 18 22 22 23 18 18 14 14 14 11 11 8 4 4 2 2 2 2 2 2 2 2 2 4 4 6 6 4 1 1 0
 8 8 13 15 15 14 14 14 17 17 19 21 21 21 18 18 22 22 23 18 18 14 14 14 11 11 8 4 4 2 2 2 2 2 2 2 2 2 4 4 6 6 4 1 1 0
 11 11 9 16 16 16 16 16 16 16 16 16 16 26 22 22 24 24 21 13 13 8 8 8 6 6 5 4 4 2 2 2 2 2 3 2 2 3 4 4 6 6 2 1 1 1
 10 10 8 11 11 10 11 11 10 10 9 16 16 19 17 17 13 13 12 8 8 7 6 6 4 4 4 4 4 4 4 4 5 5 7 4 4 2 2 2 1 1 1 0 0 0
 10 10 8 11 11 10 11 11 10 10 9 16 16 19 17 17 13 13 12 8 8 7 6 6 4 4 4 4 4 4 4 4 5 5 7 4 4 2 2 2 1 1 1 0 0 0
 6 6 6 6 6 11 10 10 8 8 6 6 6 11 10 10 10 10 11 7 7 6 6 6 5 5 4 5 5 6 5 5 5 5 4 3 3 1 1 1 1 1 1 1 1 0
 6 6 6 6 6 11 10 10 8 8 6 6 6 11 10 10 10 10 11 7 7 6 6 6 5 5 4 5 5 6 5 5 5 5 4 3 3 1 1 1 1 1 1 1 1 0
 6 6 6 7 7 6 6 6 10 10 6 6 6 9 10 10 10 10 6 6 6 6 4 4 3 3 2 2 2 3 3 3 3 3 2 2 2 2 3 3 2 2 1 0 0 0
 9 9 10 9 9 7 10 10 10 10 5 4 4 5 10 10 12 12 14 6 6 5 2 2 2 2 1 2 2 2 2 2 2 2 2 3 3 4 4 4 2 2 0 0 0 0
 9 9 10 9 9 7 10 10 10 10 5 4 4 5 10 10 12 12 14 6 6 5 2 2 2 2 1 2 2 2 2 2 2 2 2 3 3 4 4 4 2 2 0 0 0 0
 13 13 12 13 13 14 15 15 14 14 12 13 13 7 9 9 15 15 13 7 7 8 5 5 2 2 2 2 2 2 1 1 2 2 2 2 2 2 2 2 1 1 0 0 0 0
 26 26 27 22 22 21 17 17 16 16 19 15 15 16 12 12 19 19 16 12 12 13 9 9 4 4 4 4 4 4 5 5 4 4 3 2 2 1 1 1 0 0 0 0 0 0
 26 26 27 22 22 21 17 17 16 16 19 15 15 16 12 12 19 19 16 12 12 13 9 9 4 4 4 4 4 4 5 5 4 4 3 2 2 1 1 1 0 0 0 0 0 0
 25 25 26 23 23 22 19 19 18 18 18 17 17 20 16 16 24 24 19 17 17 14 11 11 10 10 11 9 9 9 8 8 6 6 3 2 2 2 0 0 0 0 1 0 0 0
 25 25 26 23 23 22 19 19 18 18 18 17 17 20 16 16 24 24 19 17 17 14 11 11 10 10 11 9 9 9 8 8 6 6 3 2 2 2 0 0 0 0 1 0 0 0
 24 24 23 21 21 17 21 21 21 21 24 26 26 23 19 19 22 22 16 14 14 16 17 17 13 13 11 10 10 9 7 7 5 5 3 2 2 1 1 1 1 1 1 1 1 1
 19 19 20 17 17 18 18 18 20 20 24 23 23 26 23 23 22 22 17 17 17 17 15 15 11 11 8 8 8 6 4 4 2 2 1 1 1 1 1 1 1 1 1 1 1 0
 19 19 20 17 17 18 18 18 20 20 24 23 23 26 23 23 22 22 17 17 17 17 15 15 11 11 8 8 8 6 4 4 2 2 1 1 1 1 1 1 1 1 1 1 1 0
 32 32 20 18 18 15 14 14 16 16 15 16 16 24 26 26 24 24 22 20 20 17 11 11 9 9 5 4 4 2 2 2 5 5 2 2 2 1 1 1 1 1 0 0 0 1
 38 38 26 21 21 19 17 17 18 18 18 15 15 24 25 25 21 21 19 14 14 13 10 10 8 8 7 6 6 6 4 4 5 5 2 2 2 1 1 1 1 1 0 0 0 0
 38 38 26 21 21 19 17 17 18 18 18 15 15 24 25 25 21 21 19 14 14 13 10 10 8 8 7 6 6 6 4 4 5 5 2 2 2 1 1 1 1 1 0 0 0 0
 30 30 23 14 14 15 15 15 16 16 15 15 15 18 16 16 14 14 14 11 11 10 9 9 8 8 6 6 6 10 10 10 10 10 4 4 4 1 1 1 0 0 0 0 0 1
 30 30 23 14 14 15 15 15 16 16 15 15 15 18 16 16 14 14 14 11 11 10 9 9 8 8 6 6 6 10 10 10 10 10 4 4 4 1 1 1 0 0 0 0 0 1
 25 25 15 11 11 13 8 8 16 16 14 13 13 11 13 13 11 11 12 7 7 8 11 11 9 9 8 11 11 11 10 10 10 10 4 4 4 4 1 1 0 0 0 1 1 1
 22 22 19 11 11 11 8 8 12 12 14 13 13 11 10 10 7 7 7 6 6 6 10 10 9 9 9 13 13 11 10 10 10 10 10 4 4 4 1 1 1 1 1 1 1 2
 22 22 19 11 11 11 8 8 12 12 14 13 13 11 10 10 7 7 7 6 6 6 10 10 9 9 9 13 13 11 10 10 10 10 10 4 4 4 1 1 1 1 1 1 1 2
 17 17 19 13 13 10 8 8 11 11 10 8 8 7 4 4 6 6 7 5 5 3 9 9 11 11 11 12 12 11 4 4 6 6 7 3 3 3 1 1 1 1 1 0 0 1
 16 16 13 13 13 12 12 12 9 9 8 7 7 6 4 4 4 4 6 5 5 3 3 3 3 3 3 4 4 4 5 5 6 6 7 3 3 1 1 1 1 1 1 0 0 0
 16 16 13 13 13 12 12 12 9 9 8 7 7 6 4 4 4 4 6 5 5 3 3 3 3 3 3 4 4 4 5 5 6 6 7 3 3 1 1 1 1 1 1 0 0 0
 16 16 12 15 15 14 9 9 6 6 6 6 6 5 7 7 8 8 7 3 3 2 2 2 2 2 3 1 1 3 2 2 1 1 1 1 1 1 1 1 1 1 0 0 0 2
 16 16 12 15 15 14 9 9 6 6 6 6 6 5 7 7 8 8 7 3 3 2 2 2 2 2 3 1 1 3 2 2 1 1 1 1 1 1 1 1 1 1 0 0 0 2
 34 34 11 14 14 12 4 4 3 3 2 4 4 7 7 7 8 8 7 11 11 7 2 2 3 3 2 2 2 3 2 2 1 1 1 0 0 0 0 0 0 0 0 0 0 2
 32 32 14 10 10 7 3 3 3 3 3 6 6 7 8 8 12 12 11 11 11 12 2 2 2 2 1 2 2 1 2 2 1 1 1 0 0 0 0 0 0 0 0 2 2 2
 32 32 14 10 10 7 3 3 3 3 3 6 6 7 8 8 12 12 11 11 11 12 2 2 2 2 1 2 2 1 2 2 1 1 1 0 0 0 0 0 0 0 0 2 2 2
 32 32 16 13 13 7 4 4 3 3 3 5 5 6 6 6 13 13 13 13 13 13 3 3 3 3 3 2 2 1 1 1 1 1 0 0 0 0 0 0 0 0 0 0 0 2
 29 29 21 17 17 11 6 6 4 4 5 7 7 6 7 7 11 11 11 12 12 14 7 7 3 3 3 4 4 4 1 1 1 1 0 0 0 0 0 0 0 0 1 1 1 1
 29 29 21 17 17 11 6 6 4 4 5 7 7 6 7 7 11 11 11 12 12 14 7 7 3 3 3 4 4 4 1 1 1 1 0 0 0 0 0 0 0 0 1 1 1 1
 21 21 29 19 19 10 8 8 9 9 11 9 9 10 10 10 10 10 12 13 13 14 7 7 2 2 2 2 2 4 1 1 1 1 0 0 0 0 1 1 1 1 4 2 2 1
 21 21 29 19 19 10 8 8 9 9 11 9 9 10 10 10 10 10 12 13 13 14 7 7 2 2 2 2 2 4 1 1 1 1 0 0 0 0 1 1 1 1 4 2 2 1
 15 15 20 22 22 13 9 9 11 11 14 16 16 15 12 12 10 10 11 10 10 13 7 7 6 6 1 1 1 1 0 0 0 0 0 0 0 0 1 1 1 1 3 2 2 2
 15 15 18 26 26 27 9 9 9 9 11 10 10 11 15 15 14 14 16 15 15 15 14 14 8 8 3 1 1 3 1 1 1 1 1 1 1 2 2 2 2 2 2 0 0 0
 15 15 18 26 26 27 9 9 9 9 11 10 10 11 15 15 14 14 16 15 15 15 14 14 8 8 3 1 1 3 1 1 1 1 1 1 1 2 2 2 2 2 2 0 0 0
 16 16 15 23 23 46 15 15 8 8 9 8 8 12 15 15 11 11 16 15 15 16 12 12 7 7 3 1 1 1 1 1 1 1 2 1 1 2 2 2 2 2 4 1 1 2
 17 17 16 21 21 35 20 20 8 8 8 10 10 12 11 11 11 11 14 10 10 7 4 4 4 4 1 1 1 1 1 1 1 1 1 1 1 1 3 3 6 6 2 1 1 1
 17 17 16 21 21 35 20 20 8 8 8 10 10 12 11 11 11 11 14 10 10 7 4 4 4 4 1 1 1 1 1 1 1 1 1 1 1 1 3 3 6 6 2 1 1 1
 17 17 18 18 18 20 19 19 12 12 9 10 10 7 7 7 10 10 11 9 9 6 4 4 1 1 0 0 0 1 1 1 0 0 0 1 1 1 1 1 3 3 1 0 0 0
 17 17 18 18 18 20 19 19 12 12 9 10 10 7 7 7 10 10 11 9 9 6 4 4 1 1 0 0 0 1 1 1 0 0 0 1 1 1 1 1 3 3 1 0 0 0
 19 19 16 18 18 17 20 20 16 16 8 9 9 8 7 7 10 10 7 7 7 4 4 4 0 0 0 0 0 0 0 0 0 0 0 0 0 1 1 1 2 2 2 2 2 1
 19 19 16 19 19 22 23 23 21 21 9 7 7 7 6 6 4 4 4 7 7 7 2 2 3 3 1 1 1 0 0 0 0 0 1 1 1 1 2 2 3 3 3 3 3 2
 19 19 16 19 19 22 23 23 21 21 9 7 7 7 6 6 4 4 4 7 7 7 2 2 3 3 1 1 1 0 0 0 0 0 1 1 1 1 2 2 3 3 3 3 3 2
 39 39 35 25 25 25 21 21 13 13 7 6 6 6 5 5 6 6 6 6 6 7 2 2 3 3 1 1 1 1 1 1 1 1 3 4 4 4 4 4 5 5 3 1 1 1
 19 19 22 25 25 22 22 22 12 12 7 7 7 6 6 6 6 6 6 7 7 6 3 3 3 3 2 3 3 3 3 3 4 4 5 7 7 5 3 3 2 2 2 2 2 1
 19 19 22 25 25 22 22 22 12 12 7 7 7 6 6 6 6 6 6 7 7 6 3 3 3 3 2 3 3 3 3 3 4 4 5 7 7 5 3 3 2 2 2 2 2 1
 19 19 20 17 17 18 20 20 15 15 7 7 7 6 5 5 2 2 2 7 7 7 7 7 4 4 3 6 6 7 5 5 4 4 5 4 4 2 1 1 2 2 1 4 4 0
 19 19 20 17 17 18 20 20 15 15 7 7 7 6 5 5 2 2 2 7 7 7 7 7 4 4 3 6 6 7 5 5 4 4 5 4 4 2 1 1 2 2 1 4 4 0
 12 12 13 14 14 18 20 20 20 20 9 8 8 7 7 7 6 6 5 6 6 10 9 9 6 6 6 7 7 6 4 4 3 3 1 0 0 1 1 1 2 2 1 4 4 0
 10 10 12 13 13 19 19 19 22 22 12 8 8 9 10 10 10 10 11 13 13 14 7 7 6 6 5 5 5 4 2 2 2 2 1 1 1 1 1 1 1 1 1 4 4 2
 10 10 12 13 13 19 19 19 22 22 12 8 8 9 10 10 10 10 11 13 13 14 7 7 6 6 5 5 5 4 2 2 2 2 1 1 1 1 1 1 1 1 1 4 4 2
 11 11 11 13 13 14 16 16 19 19 15 13 13 12 11 11 11 11 11 8 8 7 6 6 7 7 7 4 4 2 2 2 2 2 1 1 1 1 1 1 0 0 1 2 2 2
 9 9 10 10 10 11 13 13 12 12 12 12 12 9 8 8 6 6 7 5 5 4 4 4 3 3 3 3 3 2 2 2 3 3 2 1 1 1 0 0 0 0 0 0 0 0
