assets/RAT_results_old/precipitation/2022-07-17_IMERG.asc
ncols        46
nrows        77
xllcorner    74.800261325624
yllcorner    8.058333333333
cellsize     0.062500000000
NODATA_value -9999
 25 25 34 38 38 43 42 42 44 44 39 33 33 21 25 25 21 21 11 9 9 10 13 13 12 12 12 8 8 9 7 7 4 4 3 2 2 2 2 2 2 2 2 1 1 1
 25 25 35 42 42 49 42 42 44 44 38 39 39 36 31 31 19 19 13 8 8 10 10 10 10 10 14 6 6 7 5 5 4 4 2 1 1 1 2 2 1 1 2 2 2 3
 25 25 35 42 42 49 42 42 44 44 38 39 39 36 31 31 19 19 13 8 8 10 10 10 10 10 14 6 6 7 5 5 4 4 2 1 1 1 2 2 1 1 2 2 2 3
 25 25 34 54 54 53 49 49 35 35 27 36 36 32 28 28 18 18 10 11 11 11 8 8 6 6 7 8 8 5 3 3 2 2 2 1 1 1 2 2 1 1 2 5 5 4
 18 18 30 31 31 40 33 33 29 29 24 25 25 20 22 22 15 15 12 11 11 8 8 8 8 8 10 6 6 3 2 2 2 2 2 2 2 1 2 2 1 1 1 1 1 1
 18 18 30 31 31 40 33 33 29 29 24 25 25 20 22 22 15 15 12 11 11 8 8 8 8 8 10 6 6 3 2 2 2 2 2 2 2 1 2 2 1 1 1 1 1 1
 22 22 21 35 35 26 23 23 20 20 21 20 20 13 17 17 13 13 14 13 13 11 5 5 4 4 5 4 4 2 2 2 2 2 1 1 1 2 2 2 1 1 1 1 1 0
 22 22 21 35 35 26 23 23 20 20 21 20 20 13 17 17 13 13 14 13 13 11 5 5 4 4 5 4 4 2 2 2 2 2 1 1 1 2 2 2 1 1 1 1 1 0
 16 16 15 21 21 20 22 22 21 21 26 21 21 11 9 9 15 15 13 11 11 6 2 2 1 1 2 2 2 1 1 1 1 1 1 2 2 2 1 1 0 0 1 1 1 0
 14 14 13 14 14 15 20 20 18 18 23 25 25 10 9 9 9 9 10 11 11 3 2 2 2 2 3 4 4 6 4 4 1 1 1 1 1 1 0 0 0 0 0 0 0 0
 14 14 13 14 14 15 20 20 18 18 23 25 25 10 9 9 9 9 10 11 11 3 2 2 2 2 3 4 4 6 4 4 1 1 1 1 1 1 0 0 0 0 0 0 0 0
 12 12 11 11 11 16 18 18 16 16 20 27 27 21 14 14 10 10 13 10 10 6 3 3 2 2 10 4 4 4 4 4 2 2 6 0 0 0 0 0 0 0 1 0 0 0
 14 14 13 11 11 18 19 19 19 19 15 16 16 18 14 14 11 11 11 11 11 4 4 4 2 2 5 8 8 4 3 3 2 2 3 0 0 0 0 0 0 0 1 1 1 0
 14 14 13 11 11 18 19 19 19 19 15 16 16 18 14 14 11 11 11 11 11 4 4 4 2 2 5 8 8 4 3 3 2 2 3 0 0 0 0 0 0 0 1 1 1 0
 12 12 12 12 12 11 22 22 19 19 16 13 13 12 17 17 14 14 11 9 9 8 1 1 1 1 3 3 3 3 3 3 3 3 4 3 3 1 1 1 1 1 2 2 2 3
 12 12 12 12 12 11 22 22 19 19 16 13 13 12 17 17 14 14 11 9 9 8 1 1 1 1 3 3 3 3 3 3 3 3 4 3 3 1 1 1 1 1 2 2 2 3
 14 14 13 13 13 11 12 12 17 17 12 8 8 7 13 13 19 19 14 6 6 4 1 1 0 0 1 2 2 4 5 5 6 6 10 7 7 3 1 1 1 1 1 3 3 5
 11 11 13 11 11 10 8 8 7 7 5 3 3 4 12 12 14 14 10 7 7 5 1 1 1 1 9 9 9 11 10 10 11 11 11 4 4 2 1 1 1 1 1 1 1 2
 11 11 13 11 11 10 8 8 7 7 5 3 3 4 12 12 14 14 10 7 7 5 1 1 1 1 9 9 9 11 10 10 11 11 11 4 4 2 1 1 1 1 1 1 1 2
 8 8 9 10 10 8 9 9 9 9 5 6 6 12 11 11 12 12 8 6 6 6 5 5 3 3 5 8 8 11 7 7 9 9 4 1 1 1 0 0 0 0 0 1 1 2
 6 6 7 13 13 9 16 16 8 8 17 13 13 20 11 11 9 9 5 8 8 6 9 9 5 5 6 5 5 5 3 3 3 3 1 0 0 0 0 0 1 1 0 1 1 2
 6 6 7 13 13 9 16 16 8 8 17 13 13 20 11 11 9 9 5 8 8 6 9 9 5 5 6 5 5 5 3 3 3 3 1 0 0 0 0 0 1 1 0 1 1 2
 9 9 10 11 11 11 18 18 14 14 17 25 25 17 14 14 13 13 5 7 7 8 6 6 3 3 5 6 6 2 2 2 1 1 2 1 1 2 2 2 2 2 2 2 2 3
 9 9 10 11 11 11 18 18 14 14 17 25 25 17 14 14 13 13 5 7 7 8 6 6 3 3 5 6 6 2 2 2 1 1 2 1 1 2 2 2 2 2 2 2 2 3
 10 10 21 19 19 33 33 33 41 41 44 17 17 20 9 9 7 7 5 5 5 7 14 14 6 6 2 2 2 3 3 3 4 4 6 5 5 5 4 4 4 4 5 6 6 6
 13 13 21 23 23 31 33 33 38 38 43 12 12 12 5 5 2 2 6 5 5 4 8 8 9 9 6 6 6 7 9 9 7 7 7 6 6 7 7 7 9 9 7 7 7 8
 13 13 21 23 23 31 33 33 38 38 43 12 12 12 5 5 2 2 6 5 5 4 8 8 9 9 6 6 6 7 9 9 7 7 7 6 6 7 7 7 9 9 7 7 7 8
 14 14 26 28 28 33 34 34 35 35 24 26 26 13 9 9 6 6 5 6 6 6 9 9 10 10 11 9 9 9 13 13 8 8 6 7 7 8 8 8 9 9 10 7 7 5
 14 14 19 19 19 29 43 43 22 22 21 21 21 11 12 12 12 12 6 9 9 10 12 12 12 12 13 10 10 12 10 10 7 7 6 8 8 8 9 9 9 9 8 5 5 4
 14 14 19 19 19 29 43 43 22 22 21 21 21 11 12 12 12 12 6 9 9 10 12 12 12 12 13 10 10 12 10 10 7 7 6 8 8 8 9 9 9 9 8 5 5 4
 17 17 17 20 20 30 29 29 26 26 27 25 25 23 16 16 17 17 14 12 12 14 16 16 15 15 11 7 7 9 8 8 7 7 7 7 7 8 8 8 8 8 6 5 5 4
 17 17 17 20 20 30 29 29 26 26 27 25 25 23 16 16 17 17 14 12 12 14 16 16 15 15 11 7 7 9 8 8 7 7 7 7 7 8 8 8 8 8 6 5 5 4
 15 15 19 20 20 27 30 30 28 28 30 21 21 18 12 12 16 16 16 14 14 12 10 10 10 10 10 6 6 8 8 8 7 7 6 6 6 6 7 7 7 7 5 4 4 4
 16 16 20 17 17 16 19 19 19 19 19 23 23 23 12 12 13 13 12 9 9 8 8 8 9 9 12 11 11 8 8 8 7 7 5 4 4 5 5 5 5 5 5 4 4 4
 16 16 20 17 17 16 19 19 19 19 19 23 23 23 12 12 13 13 12 9 9 8 8 8 9 9 12 11 11 8 8 8 7 7 5 4 4 5 5 5 5 5 5 4 4 4
 20 20 18 15 15 14 16 16 17 17 22 20 20 18 15 15 14 14 17 10 10 10 9 9 10 10 11 15 15 7 8 8 7 7 4 3 3 3 3 3 3 3 3 2 2 3
 19 19 20 19 19 17 17 17 20 20 24 21 21 16 17 17 17 17 22 20 20 14 17 17 15 15 10 12 12 11 9 9 7 7 3 2 2 2 2 2 3 3 2 3 3 4
 19 19 20 19 19 17 17 17 20 20 24 21 21 16 17 17 17 17 22 20 20 14 17 17 15 15 10 12 12 11 9 9 7 7 3 2 2 2 2 2 3 3 2 3 3 4
 21 21 22 23 23 22 23 23 27 27 27 21 21 17 15 15 11 11 17 26 26 24 27 27 23 23 15 13 13 14 3 3 3 3 3 1 1 2 2 2 2 2 2 4 4 5
 21 21 22 23 23 22 23 23 27 27 27 21 21 17 15 15 11 11 17 26 26 24 27 27 23 23 15 13 13 14 3 3 3 3 3 1 1 2 2 2 2 2 2 4 4 5
 16 16 20 21 21 25 27 27 25 25 21 17 17 14 12 12 11 11 13 20 20 26 36 36 15 15 9 6 6 10 4 4 6 6 2 2 2 3 2 2 2 2 3 4 4 5
 11 11 13 13 13 14 17 17 16 16 16 16 16 16 13 13 12 12 10 15 15 14 19 19 13 13 13 4 4 6 10 10 5 5 1 1 1 2 2 2 3 3 4 4 4 7
 11 11 13 13 13 14 17 17 16 16 16 16 16 16 13 13 12 12 10 15 15 14 19 19 13 13 13 4 4 6 10 10 5 5 1 1 1 2 2 2 3 3 4 4 4 7
 8 8 8 11 11 13 11 11 10 10 13 13 13 13 11 11 11 11 13 10 10 15 13 13 8 8 9 5 5 5 4 4 4 4 3 2 2 3 3 3 5 5 4 5 5 5
 5 5 7 11 11 11 9 9 8 8 12 13 13 14 12 12 12 12 13 10 10 9 13 13 12 12 8 3 3 2 3 3 5 5 4 3 3 4 4 4 5 5 4 4 4 4
 5 5 7 11 11 11 9 9 8 8 12 13 13 14 12 12 12 12 13 10 10 9 13 13 12 12 8 3 3 2 3 3 5 5 4 3 3 4 4 4 5 5 4 4 4 4
 2 2 3 7 7 9 11 11 11 11 11 11 11 15 12 12 11 11 13 13 13 18 12 12 8 8 8 2 2 2 3 3 5 5 4 3 3 3 4 4 4 4 4 3 3 4
 2 2 3 7 7 9 11 11 11 11 11 11 11 15 12 12 11 11 13 13 13 18 12 12 8 8 8 2 2 2 3 3 5 5 4 3 3 3 4 4 4 4 4 3 3 4
 1 1 1 4 4 8 10 10 13 13 16 12 12 11 12 12 8 8 8 11 11 20 15 15 2 2 2 3 3 4 4 4 4 4 3 2 2 2 3 3 3 3 3 3 3 2
 1 1 1 2 2 5 5 5 9 9 17 17 17 12 11 11 7 7 9 10 10 11 11 11 7 7 4 7 7 7 5 5 3 3 2 2 2 2 2 2 2 2 2 1 1 1
 1 1 1 2 2 5 5 5 9 9 17 17 17 12 11 11 7 7 9 10 10 11 11 11 7 7 4 7 7 7 5 5 3 3 2 2 2 2 2 2 2 2 2 1 1 1
 2 2 2 3 3 4 4 4 6 6 11 18 18 15 8 8 6 6 6 5 5 5 4 4 5 5 6 6 6 3 2 2 2 2 2 1 1 2 2 2 2 2 1 1 1 2
 3 3 5 3 3 3 4 4 4 4 5 8 8 12 11 11 7 7 6 7 7 7 2 2 4 4 3 2 2 1 1 1 1 1 1 1 1 1 1 1 1 1 1 1 1 2
 3 3 5 3 3 3 4 4 4 4 5 8 8 12 11 11 7 7 6 7 7 7 2 2 4 4 3 2 2 1 1 1 1 1 1 1 1 1 1 1 1 1 1 1 1 2
 4 4 7 4 4 5 4 4 4 4 2 5 5 7 8 8 7 7 6 3 3 6 1 1 1 1 1 1 1 1 1 1 1 1 1 1 1 1 1 1 2 2 2 2 2 2
 4 4 7 4 4 5 4 4 4 4 2 5 5 7 8 8 7 7 6 3 3 6 1 1 1 1 1 1 1 1 1 1 1 1 1 1 1 1 1 1 2 2 2 2 2 2
 3 3 3 3 3 4 3 3 3 3 1 2 2 3 3 3 2 2 5 1 1 1 1 1 2 2 2 2 2 1 1 1 1 1 1 1 1 1 1 1 2 2 2 1 1 1
 4 4 4 4 4 4 2 2 2 2 2 2 2 2 2 2 3 3 2 1 1 1 1 1 2 2 2 2 2 2 2 2 1 1 1 1 1 1 1 1 1 1 1 1 1 1
 4 4 4 4 4 4 2 2 2 2 2 2 2 2 2 2 3 3 2 1 1 1 1 1 2 2 2 2 2 2 2 2 1 1 1 1 1 1 1 1 1 1 1 1 1 1
 4 4 5 5 5 5 3 3 3 3 2 3 3 2 2 2 5 5 4 2 2 2 2 2 3 3 2 1 1 2 2 2 1 1 1 1 1 1 1 1 1 1 0 0 0 0
 4 4 5 6 6 6 5 5 3 3 3 3 3 2 3 3 5 5 9 4 4 2 1 1 1 1 1 1 1 1 1 1 1 1 1 1 1 1 1 1 0 0 0 0 0 0
 4 4 5 6 6 6 5 5 3 3 3 3 3 2 3 3 5 5 9 4 4 2 1 1 1 1 1 1 1 1 1 1 1 1 1 1 1 1 1 1 0 0 0 0 0 0
 5 5 5 5 5 5 4 4 4 4 3 2 2 2 3 3 4 4 8 10 10 4 2 2 2 2 2 1 1 1 1 1 0 0 0 1 1 2 1 1 0 0 0 1 1 1
 5 5 5 5 5 5 4 4 4 4 3 2 2 2 3 3 4 4 8 10 10 4 2 2 2 2 2 1 1 1 1 1 0 0 0 1 1 2 1 1 0 0 0 1 1 1
 6 6 6 5 5 5 4 4 4 4 6 4 4 3 3 3 4 4 4 6 6 7 4 4 2 2 2 2 2 1 1 1 1 1 1 1 1 1 0 0 1 1 1 2 2 2
 6 6 5 5 5 5 5 5 5 5 5 6 6 4 4 4 4 4 5 8 8 10 7 7 2 2 1 2 2 2 1 1 1 1 1 1 1 1 1 1 2 2 2 3 3 3
 6 6 5 5 5 5 5 5 5 5 5 6 6 4 4 4 4 4 5 8 8 10 7 7 2 2 1 2 2 2 1 1 1 1 1 1 1 1 1 1 2 2 2 3 3 3
 6 6 5 5 5 6 7 7 7 7 7 7 7 5 4 4 4 4 4 5 5 4 8 8 3 3 1 2 2 2 1 1 1 1 1 2 2 2 2 2 2 2 2 1 1 1
 7 7 5 5 5 6 10 10 11 11 11 7 7 7 6 6 5 5 4 9 9 3 8 8 4 4 3 2 2 2 2 2 1 1 1 2 2 2 2 2 1 1 1 0 0 0
 7 7 5 5 5 6 10 10 11 11 11 7 7 7 6 6 5 5 4 9 9 3 8 8 4 4 3 2 2 2 2 2 1 1 1 2 2 2 2 2 1 1 1 0 0 0
 8 8 8 6 6 5 8 8 14 14 17 13 13 8 6 6 7 7 9 9 9 3 7 7 7 7 6 5 5 7 5 5 1 1 1 1 1 0 0 0 0 0 0 1 1 0
 8 8 8 6 6 5 8 8 14 14 17 13 13 8 6 6 7 7 9 9 9 3 7 7 7 7 6 5 5 7 5 5 1 1 1 1 1 0 0 0 0 0 0 1 1 0
 9 9 8 7 7 6 7 7 10 10 17 15 15 14 8 8 9 9 16 4 4 5 7 7 9 9 9 9 9 11 4 4 1 1 2 0 0 0 0 0 0 0 0 0 0 0
 8 8 9 7 7 6 7 7 7 7 11 18 18 16 19 19 19 19 15 11 11 6 4 4 16 16 20 34 34 26 17 17 3 3 2 1 1 1 0 0 0 0 0 0 0 0
 8 8 9 7 7 6 7 7 7 7 11 18 18 16 19 19 19 19 15 11 11 6 4 4 16 16 20 34 34 26 17 17 3 3 2 1 1 1 0 0 0 0 0 0 0 0
 7 7 8 8 8 8 9 9 9 9 14 18 18 12 20 20 16 16 6 3 3 3 8 8 11 11 18 29 29 32 26 26 15 15 2 1 1 1 0 0 0 0 0 0 0 0
 10 10 8 11 11 10 11 11 12 12 14 22 22 22 21 21 7 7 6 2 2 2 4 4 14 14 17 15 15 13 18 18 12 12 6 2 2 1 0 0 0 0 0 0 0 0
