assets/RAT_results_old/precipitation/2022-08-26_IMERG.asc
ncols        46
nrows        77
xllcorner    74.800261325624
yllcorner    8.058333333333
cellsize     0.062500000000
NODATA_value -9999
 9 9 7 7 7 5 7 7 8 8 11 11 11 14 15 15 16 16 26 32 32 39 47 47 54 54 62 60 60 66 41 41 36 36 44 41 41 47 48 48 44 44 44 41 41 40
 9 9 9 14 14 11 9 9 9 9 10 11 11 11 13 13 17 17 20 35 35 41 54 54 49 49 61 52 52 63 62 62 59 59 60 56 56 53 60 60 44 44 42 26 26 43
 9 9 9 14 14 11 9 9 9 9 10 11 11 11 13 13 17 17 20 35 35 41 54 54 49 49 61 52 52 63 62 62 59 59 60 56 56 53 60 60 44 44 42 26 26 43
 8 8 12 16 16 13 13 13 19 19 19 22 22 16 20 20 16 16 26 35 35 39 42 42 46 46 54 65 65 63 62 62 55 55 54 52 52 49 57 57 42 42 40 28 28 26
 8 8 14 19 19 15 15 15 18 18 21 21 21 21 21 21 24 24 25 37 37 40 43 43 46 46 46 54 54 54 55 55 50 50 49 48 48 46 44 44 29 29 28 10 10 11
 8 8 14 19 19 15 15 15 18 18 21 21 21 21 21 21 24 24 25 37 37 40 43 43 46 46 46 54 54 54 55 55 50 50 49 48 48 46 44 44 29 29 28 10 10 11
 9 9 11 12 12 14 14 14 11 11 15 20 20 26 21 21 27 27 28 36 36 35 39 39 41 41 42 52 52 49 54 54 50 50 44 45 45 42 40 40 16 16 28 11 11 13
 9 9 11 12 12 14 14 14 11 11 15 20 20 26 21 21 27 27 28 36 36 35 39 39 41 41 42 52 52 49 54 54 50 50 44 45 45 42 40 40 16 16 28 11 11 13
 6 6 5 6 6 10 9 9 8 8 15 16 16 23 18 18 27 27 26 34 34 39 41 41 45 45 50 47 47 50 44 44 49 49 46 50 50 43 41 41 17 17 11 10 10 15
 3 3 1 3 3 6 9 9 6 6 10 14 14 22 18 18 27 27 35 37 37 43 45 45 49 49 49 58 58 72 62 62 69 69 52 52 52 43 15 15 21 21 16 15 15 21
 3 3 1 3 3 6 9 9 6 6 10 14 14 22 18 18 27 27 35 37 37 43 45 45 49 49 49 58 58 72 62 62 69 69 52 52 52 43 15 15 21 21 16 15 15 21
 2 2 0 2 2 4 6 6 6 6 6 7 7 15 23 23 24 24 29 44 44 49 58 58 68 68 63 65 65 60 53 53 49 49 52 61 61 39 23 23 26 26 22 19 19 28
 3 3 2 1 1 2 5 5 5 5 7 8 8 15 21 21 25 25 35 36 36 54 62 62 69 69 66 67 67 62 52 52 55 55 53 39 39 38 27 27 28 28 27 25 25 34
 3 3 2 1 1 2 5 5 5 5 7 8 8 15 21 21 25 25 35 36 36 54 62 62 69 69 66 67 67 62 52 52 55 55 53 39 39 38 27 27 28 28 27 25 25 34
 3 3 2 2 2 1 6 6 8 8 12 13 13 13 18 18 21 21 29 41 41 48 54 54 72 72 67 56 56 48 38 38 40 40 30 35 35 37 43 43 43 43 44 35 35 35
 3 3 2 2 2 1 6 6 8 8 12 13 13 13 18 18 21 21 29 41 41 48 54 54 72 72 67 56 56 48 38 38 40 40 30 35 35 37 43 43 43 43 44 35 35 35
 3 3 3 2 2 1 2 2 6 6 8 12 12 12 11 11 22 22 29 40 40 43 49 49 64 64 53 58 58 64 47 47 41 41 49 34 34 34 38 38 46 46 52 49 49 49
 4 4 4 3 3 1 1 1 2 2 7 10 10 11 13 13 21 21 20 34 34 35 43 43 46 46 51 49 49 75 49 49 45 45 53 36 36 39 43 43 47 47 51 53 53 55
 4 4 4 3 3 1 1 1 2 2 7 10 10 11 13 13 21 21 20 34 34 35 43 43 46 46 51 49 49 75 49 49 45 45 53 36 36 39 43 43 47 47 51 53 53 55
 4 4 4 4 4 2 2 2 2 2 2 9 9 15 15 15 17 17 16 30 30 37 44 44 51 51 55 48 48 59 57 57 54 54 61 61 61 45 36 36 48 48 52 63 63 62
 6 6 5 5 5 4 4 4 4 4 4 10 10 16 20 20 20 20 20 31 31 39 40 40 38 38 51 42 42 55 56 56 53 53 55 61 61 50 41 41 61 61 46 63 63 54
 6 6 5 5 5 4 4 4 4 4 4 10 10 16 20 20 20 20 20 31 31 39 40 40 38 38 51 42 42 55 56 56 53 53 55 61 61 50 41 41 61 61 46 63 63 54
 15 15 6 5 5 5 5 5 6 6 6 7 7 15 17 17 18 18 21 23 23 37 37 37 41 41 43 42 42 43 45 45 45 45 35 41 41 46 33 33 48 48 43 59 59 50
 15 15 6 5 5 5 5 5 6 6 6 7 7 15 17 17 18 18 21 23 23 37 37 37 41 41 43 42 42 43 45 45 45 45 35 41 41 46 33 33 48 48 43 59 59 50
 15 15 7 7 7 6 7 7 7 7 8 8 8 18 21 21 20 20 20 23 23 33 42 42 41 41 47 48 48 58 62 62 64 64 58 58 58 51 39 39 45 45 41 51 51 66
 11 11 11 7 7 7 8 8 9 9 10 7 7 10 18 18 23 23 23 23 23 30 44 44 44 44 50 52 52 51 60 60 62 62 55 49 49 58 32 32 32 32 39 48 48 47
 11 11 11 7 7 7 8 8 9 9 10 7 7 10 18 18 23 23 23 23 23 30 44 44 44 44 50 52 52 51 60 60 62 62 55 49 49 58 32 32 32 32 39 48 48 47
 4 4 4 5 5 6 8 8 9 9 9 12 12 11 13 13 30 30 29 29 29 25 37 37 48 48 50 53 53 53 75 75 70 70 71 52 52 43 48 48 26 26 28 28 28 46
 5 5 4 5 5 5 8 8 7 7 8 8 8 8 10 10 30 30 30 28 28 26 35 35 48 48 47 51 51 58 59 59 105 105 108 56 56 45 46 46 24 24 25 21 21 30
 5 5 4 5 5 5 8 8 7 7 8 8 8 8 10 10 30 30 30 28 28 26 35 35 48 48 47 51 51 58 59 59 105 105 108 56 56 45 46 46 24 24 25 21 21 30
 6 6 5 5 5 4 6 6 5 5 6 5 5 6 7 7 20 20 22 24 24 24 23 23 42 42 39 53 53 60 59 59 105 105 107 82 82 62 42 42 41 41 42 19 19 27
 6 6 5 5 5 4 6 6 5 5 6 5 5 6 7 7 20 20 22 24 24 24 23 23 42 42 39 53 53 60 59 59 105 105 107 82 82 62 42 42 41 41 42 19 19 27
 10 10 8 7 7 6 5 5 6 6 6 4 4 4 4 4 11 11 13 19 19 17 22 22 36 36 34 41 41 47 45 45 48 48 50 54 54 53 46 46 42 42 41 29 29 28
 11 11 11 11 11 11 11 11 10 10 8 6 6 6 7 7 9 9 14 17 17 16 16 16 19 19 25 24 24 28 47 47 50 50 50 50 50 51 47 47 51 51 40 32 32 39
 11 11 11 11 11 11 11 11 10 10 8 6 6 6 7 7 9 9 14 17 17 16 16 16 19 19 25 24 24 28 47 47 50 50 50 50 50 51 47 47 51 51 40 32 32 39
 10 10 11 10 10 11 12 12 11 11 9 7 7 7 7 7 8 8 9 12 12 15 18 18 15 15 32 31 31 33 36 36 33 33 34 36 36 42 46 46 46 46 44 42 42 46
 6 6 7 6 6 6 6 6 6 6 5 4 4 4 4 4 4 4 4 10 10 12 14 14 14 14 19 16 16 10 11 11 19 19 16 28 28 38 39 39 38 38 37 38 38 40
 6 6 7 6 6 6 6 6 6 6 5 4 4 4 4 4 4 4 4 10 10 12 14 14 14 14 19 16 16 10 11 11 19 19 16 28 28 38 39 39 38 38 37 38 38 40
 7 7 7 4 4 4 3 3 4 4 3 2 2 2 2 2 3 3 4 9 9 11 11 11 8 8 10 13 13 13 16 16 19 19 16 23 23 10 10 10 6 6 7 24 24 63
 7 7 7 4 4 4 3 3 4 4 3 2 2 2 2 2 3 3 4 9 9 11 11 11 8 8 10 13 13 13 16 16 19 19 16 23 23 10 10 10 6 6 7 24 24 63
 3 3 3 3 3 3 3 3 3 3 2 1 1 2 2 2 3 3 4 8 8 12 12 12 11 11 11 15 15 15 14 14 22 22 18 21 21 6 8 8 8 8 8 8 8 70
 3 3 3 3 3 3 2 2 2 2 2 1 1 2 3 3 3 3 4 8 8 12 12 12 13 13 17 30 30 30 39 39 40 40 39 30 30 7 9 9 9 9 9 45 45 65
 3 3 3 3 3 3 2 2 2 2 2 1 1 2 3 3 3 3 4 8 8 12 12 12 13 13 17 30 30 30 39 39 40 40 39 30 30 7 9 9 9 9 9 45 45 65
 3 3 3 3 3 3 3 3 2 2 2 2 2 2 3 3 4 4 4 5 5 12 16 16 20 20 22 28 28 32 40 40 35 35 27 21 21 18 7 7 7 7 8 42 42 55
 2 2 4 4 4 3 4 4 4 4 5 4 4 4 5 5 5 5 5 6 6 11 15 15 22 22 24 22 22 27 32 32 37 37 28 21 21 20 14 14 15 15 11 45 45 55
 2 2 4 4 4 3 4 4 4 4 5 4 4 4 5 5 5 5 5 6 6 11 15 15 22 22 24 22 22 27 32 32 37 37 28 21 21 20 14 14 15 15 11 45 45 55
 3 3 5 5 5 7 5 5 6 6 6 6 6 6 6 6 7 7 7 8 8 10 14 14 27 27 29 20 20 16 32 32 32 32 28 26 26 26 21 21 24 24 23 34 34 55
 3 3 5 5 5 7 5 5 6 6 6 6 6 6 6 6 7 7 7 8 8 10 14 14 27 27 29 20 20 16 32 32 32 32 28 26 26 26 21 21 24 24 23 34 34 55
 6 6 6 8 8 11 6 6 5 5 4 4 4 5 5 5 6 6 7 8 8 9 9 9 20 20 19 16 16 17 31 31 24 24 19 17 17 18 17 17 18 18 22 35 35 39
 9 9 8 8 8 8 6 6 6 6 5 4 4 4 4 4 5 5 5 6 6 7 9 9 16 16 15 12 12 16 11 11 12 12 12 15 15 16 17 17 16 16 17 15 15 11
 9 9 8 8 8 8 6 6 6 6 5 4 4 4 4 4 5 5 5 6 6 7 9 9 16 16 15 12 12 16 11 11 12 12 12 15 15 16 17 17 16 16 17 15 15 11
 38 38 36 30 30 26 9 9 6 6 5 4 4 4 4 4 4 4 4 5 5 6 7 7 11 11 13 11 11 14 11 11 11 11 11 13 13 14 16 16 18 18 16 14 14 10
 45 45 42 37 37 35 14 14 7 7 6 6 6 4 4 4 5 5 6 5 5 4 4 4 6 6 8 9 9 13 12 12 9 9 10 10 10 11 11 11 13 13 14 11 11 11
 45 45 42 37 37 35 14 14 7 7 6 6 6 4 4 4 5 5 6 5 5 4 4 4 6 6 8 9 9 13 12 12 9 9 10 10 10 11 11 11 13 13 14 11 11 11
 38 38 38 34 34 15 9 9 9 9 11 9 9 4 3 3 3 3 4 3 3 3 3 3 4 4 6 7 7 7 10 10 8 8 10 11 11 11 11 11 13 13 12 11 11 10
 38 38 38 34 34 15 9 9 9 9 11 9 9 4 3 3 3 3 4 3 3 3 3 3 4 4 6 7 7 7 10 10 8 8 10 11 11 11 11 11 13 13 12 11 11 10
 12 12 13 12 12 12 9 9 9 9 12 11 11 4 2 2 25 25 25 2 2 3 3 3 2 2 4 5 5 5 6 6 7 7 7 8 8 8 8 8 10 10 9 7 7 6
 19 19 14 8 8 8 8 8 8 8 9 8 8 4 4 4 7 7 26 2 2 3 3 3 3 3 4 5 5 6 5 5 5 5 5 5 5 5 5 5 6 6 6 5 5 4
 19 19 14 8 8 8 8 8 8 8 9 8 8 4 4 4 7 7 26 2 2 3 3 3 3 3 4 5 5 6 5 5 5 5 5 5 5 5 5 5 6 6 6 5 5 4
 19 19 14 8 8 8 9 9 6 6 7 7 7 5 5 5 7 7 46 48 48 7 4 4 4 4 3 6 6 4 10 10 9 9 6 6 6 10 2 2 2 2 2 2 2 3
 14 14 13 11 11 10 11 11 8 8 7 7 7 6 3 3 5 5 3 5 5 5 6 6 4 4 5 7 7 6 6 6 8 8 12 12 12 21 15 15 3 3 2 2 2 4
 14 14 13 11 11 10 11 11 8 8 7 7 7 6 3 3 5 5 3 5 5 5 6 6 4 4 5 7 7 6 6 6 8 8 12 12 12 21 15 15 3 3 2 2 2 4
 12 12 12 22 22 21 22 22 21 21 9 7 7 5 6 6 6 6 3 4 4 3 6 6 6 6 6 5 5 6 9 9 15 15 16 20 20 20 14 14 4 4 5 5 5 5
 12 12 12 22 22 21 22 22 21 21 9 7 7 5 6 6 6 6 3 4 4 3 6 6 6 6 6 5 5 6 9 9 15 15 16 20 20 20 14 14 4 4 5 5 5 5
 11 11 12 12 12 13 35 35 27 27 13 10 10 8 10 10 9 9 6 4 4 4 4 4 6 6 8 6 6 6 8 8 5 5 9 14 14 8 6 6 2 2 3 4 4 4
 12 12 13 14 14 15 38 38 52 52 48 56 56 54 14 14 12 12 8 6 6 6 5 5 7 7 7 6 6 4 5 5 5 5 9 15 15 8 6 6 5 5 6 4 4 3
 12 12 13 14 14 15 38 38 52 52 48 56 56 54 14 14 12 12 8 6 6 6 5 5 7 7 7 6 6 4 5 5 5 5 9 15 15 8 6 6 5 5 6 4 4 3
 12 12 13 14 14 18 18 18 19 19 18 53 53 54 14 14 13 13 11 10 10 12 9 9 8 8 8 5 5 3 3 3 4 4 6 7 7 7 6 6 5 5 6 3 3 1
 13 13 16 17 17 21 20 20 20 20 19 52 52 53 53 53 58 58 60 61 61 41 13 13 12 12 12 7 7 3 2 2 3 3 4 3 3 2 2 2 2 2 3 2 2 1
 13 13 16 17 17 21 20 20 20 20 19 52 52 53 53 53 58 58 60 61 61 41 13 13 12 12 12 7 7 3 2 2 3 3 4 3 3 2 2 2 2 2 3 2 2 1
 19 19 21 18 18 21 24 24 29 29 49 54 54 61 53 53 88 88 107 59 59 41 16 16 14 14 16 13 13 9 7 7 2 2 2 2 2 1 1 1 1 1 1 2 2 1
 19 19 21 18 18 21 24 24 29 29 49 54 54 61 53 53 88 88 107 59 59 41 16 16 14 14 16 13 13 9 7 7 2 2 2 2 2 1 1 1 1 1 1 2 2 1
 26 26 35 31 31 50 54 54 54 54 56 53 53 67 90 90 94 94 109 59 59 59 14 14 13 13 15 12 12 11 8 8 6 6 4 2 2 1 1 1 1 1 1 1 1 1
 29 29 34 32 32 49 52 52 50 50 59 58 58 66 82 82 83 83 96 91 91 90 11 11 9 9 10 10 10 13 13 13 22 22 7 3 3 1 1 1 1 1 1 1 1 0
 29 29 34 32 32 49 52 52 50 50 59 58 58 66 82 82 83 83 96 91 91 90 11 11 9 9 10 10 10 13 13 13 22 22 7 3 3 1 1 1 1 1 1 1 1 0
 25 25 27 40 40 37 46 46 47 47 58 62 62 58 57 57 79 79 94 89 89 87 54 54 35 35 36 9 9 11 13 13 39 39 4 5 5 1 1 1 1 1 1 1 1 1
 23 23 25 20 20 18 18 18 45 45 56 57 57 57 54 54 57 57 57 81 81 77 77 77 87 87 37 10 10 11 12 12 38 38 39 7 7 6 2 2 1 1 2 1 1 0
