assets/RAT_results_old/precipitation/2022-10-02_IMERG.asc
ncols        46
nrows        77
xllcorner    74.800261325624
yllcorner    8.058333333333
cellsize     0.062500000000
NODATA_value -9999
 3 3 7 10 10 10 6 6 4 4 1 1 1 2 4 4 7 7 9 4 4 1 1 1 3 3 0 0 0 0 0 0 1 1 3 2 2 2 3 3 3 3 2 2 2 2
 8 8 12 22 22 20 11 11 7 7 4 2 2 1 1 1 2 2 3 2 2 1 1 1 3 3 3 1 1 0 0 0 1 1 1 1 1 1 2 2 3 3 2 2 2 2
 8 8 12 22 22 20 11 11 7 7 4 2 2 1 1 1 2 2 3 2 2 1 1 1 3 3 3 1 1 0 0 0 1 1 1 1 1 1 2 2 3 3 2 2 2 2
 14 14 14 20 20 26 21 21 16 16 9 4 4 2 0 0 1 1 1 1 1 1 2 2 3 3 4 3 3 0 1 1 0 0 0 1 1 1 1 1 2 2 2 2 2 4
 6 6 16 16 16 17 19 19 17 17 9 5 5 1 0 0 1 1 0 0 0 1 4 4 4 4 3 2 2 1 0 0 2 2 0 2 2 1 1 1 1 1 2 3 3 5
 6 6 16 16 16 17 19 19 17 17 9 5 5 1 0 0 1 1 0 0 0 1 4 4 4 4 3 2 2 1 0 0 2 2 0 2 2 1 1 1 1 1 2 3 3 5
 5 5 7 13 13 13 14 14 10 10 9 4 4 1 1 1 1 1 1 1 1 1 2 2 2 2 1 2 2 2 1 1 0 0 0 2 2 0 1 1 2 2 2 2 2 3
 5 5 7 13 13 13 14 14 10 10 9 4 4 1 1 1 1 1 1 1 1 1 2 2 2 2 1 2 2 2 1 1 0 0 0 2 2 0 1 1 2 2 2 2 2 3
 2 2 3 7 7 12 12 12 17 17 9 6 6 5 6 6 6 6 5 5 5 4 1 1 1 1 1 1 1 1 0 0 0 0 0 2 2 5 1 1 2 2 1 2 2 1
 3 3 3 5 5 9 8 8 9 9 9 9 9 10 13 13 18 18 18 15 15 9 3 3 1 1 1 1 1 1 0 0 1 1 1 1 1 0 1 1 1 1 1 1 1 1
 3 3 3 5 5 9 8 8 9 9 9 9 9 10 13 13 18 18 18 15 15 9 3 3 1 1 1 1 1 1 0 0 1 1 1 1 1 0 1 1 1 1 1 1 1 1
 4 4 4 3 3 5 5 5 9 9 8 8 8 9 12 12 16 16 13 14 14 13 6 6 4 4 4 2 2 2 2 2 1 1 1 1 1 0 1 1 0 0 0 0 0 0
 3 3 4 3 3 5 6 6 6 6 9 9 9 12 17 17 12 12 9 11 11 10 6 6 4 4 5 3 3 4 3 3 2 2 1 2 2 1 1 1 0 0 0 0 0 0
 3 3 4 3 3 5 6 6 6 6 9 9 9 12 17 17 12 12 9 11 11 10 6 6 4 4 5 3 3 4 3 3 2 2 1 2 2 1 1 1 0 0 0 0 0 0
 1 1 2 3 3 4 7 7 10 10 13 8 8 8 14 14 11 11 12 11 11 8 8 8 7 7 4 5 5 4 3 3 2 2 1 1 1 0 0 0 0 0 0 0 0 0
 1 1 2 3 3 4 7 7 10 10 13 8 8 8 14 14 11 11 12 11 11 8 8 8 7 7 4 5 5 4 3 3 2 2 1 1 1 0 0 0 0 0 0 0 0 0
 1 1 1 2 2 2 6 6 19 19 21 15 15 11 15 15 18 18 13 9 9 6 4 4 3 3 4 9 9 5 3 3 4 4 3 2 2 1 1 1 0 0 0 0 0 0
 1 1 1 2 2 2 3 3 6 6 12 13 13 12 11 11 11 11 10 6 6 4 3 3 2 2 6 14 14 5 3 3 3 3 3 2 2 2 1 1 0 0 0 0 0 0
 1 1 1 2 2 2 3 3 6 6 12 13 13 12 11 11 11 11 10 6 6 4 3 3 2 2 6 14 14 5 3 3 3 3 3 2 2 2 1 1 0 0 0 0 0 0
 1 1 1 1 1 2 4 4 3 3 8 6 6 8 7 7 7 7 8 8 8 4 3 3 6 6 6 8 8 3 2 2 2 2 4 3 3 2 1 1 0 0 0 0 0 0
 1 1 1 1 1 1 2 2 2 2 2 2 2 5 3 3 8 8 10 9 9 13 7 7 4 4 4 3 3 1 2 2 2 2 3 3 3 2 2 2 1 1 0 0 0 0
 1 1 1 1 1 1 2 2 2 2 2 2 2 5 3 3 8 8 10 9 9 13 7 7 4 4 4 3 3 1 2 2 2 2 3 3 3 2 2 2 1 1 0 0 0 0
 0 0 0 0 0 0 1 1 1 1 3 3 3 3 4 4 10 10 9 14 14 11 16 16 6 6 3 3 3 3 2 2 3 3 3 3 3 2 2 2 2 2 1 1 1 0
 0 0 0 0 0 0 1 1 1 1 3 3 3 3 4 4 10 10 9 14 14 11 16 16 6 6 3 3 3 3 2 2 3 3 3 3 3 2 2 2 2 2 1 1 1 0
 0 0 0 0 0 0 0 0 1 1 2 2 2 2 2 2 9 9 9 9 9 15 15 15 9 9 6 3 3 4 3 3 5 5 5 4 4 7 3 3 3 3 2 1 1 0
 0 0 1 1 1 0 0 0 0 0 1 2 2 1 2 2 10 10 9 4 4 14 12 12 11 11 12 5 5 8 8 8 5 5 4 5 5 6 8 8 5 5 4 2 2 1
 0 0 1 1 1 0 0 0 0 0 1 2 2 1 2 2 10 10 9 4 4 14 12 12 11 11 12 5 5 8 8 8 5 5 4 5 5 6 8 8 5 5 4 2 2 1
 2 2 1 0 0 0 0 0 0 0 0 1 1 1 2 2 2 2 4 3 3 11 11 11 9 9 12 8 8 10 10 10 5 5 5 8 8 5 5 5 6 6 8 4 4 2
 4 4 1 1 1 0 0 0 0 0 0 1 1 2 2 2 2 2 2 3 3 3 6 6 7 7 7 12 12 5 4 4 4 4 4 5 5 4 6 6 5 5 5 4 4 3
 4 4 1 1 1 0 0 0 0 0 0 1 1 2 2 2 2 2 2 3 3 3 6 6 7 7 7 12 12 5 4 4 4 4 4 5 5 4 6 6 5 5 5 4 4 3
 6 6 2 1 1 0 0 0 0 0 0 2 2 3 3 3 2 2 2 1 1 3 3 3 3 3 4 3 3 6 2 2 2 2 3 3 3 2 2 2 5 5 3 3 3 1
 6 6 2 1 1 0 0 0 0 0 0 2 2 3 3 3 2 2 2 1 1 3 3 3 3 3 4 3 3 6 2 2 2 2 3 3 3 2 2 2 5 5 3 3 3 1
 6 6 6 2 2 0 0 0 0 0 1 2 2 2 3 3 1 1 2 3 3 3 2 2 2 2 3 2 2 3 3 3 2 2 2 2 2 1 1 1 2 2 1 1 1 0
 3 3 7 2 2 1 0 0 0 0 0 1 1 1 1 1 1 1 3 6 6 3 3 3 2 2 3 2 2 1 2 2 2 2 1 1 1 1 0 0 1 1 1 1 1 1
 3 3 7 2 2 1 0 0 0 0 0 1 1 1 1 1 1 1 3 6 6 3 3 3 2 2 3 2 2 1 2 2 2 2 1 1 1 1 0 0 1 1 1 1 1 1
 2 2 3 2 2 0 0 0 0 0 1 1 1 0 1 1 6 6 1 4 4 4 2 2 1 1 1 1 1 2 2 2 2 2 1 2 2 1 1 1 1 1 1 2 2 2
 4 4 3 2 2 1 0 0 0 0 0 0 0 0 0 0 7 7 9 7 7 7 1 1 1 1 1 1 1 2 1 1 2 2 2 1 1 1 1 1 1 1 1 2 2 3
 4 4 3 2 2 1 0 0 0 0 0 0 0 0 0 0 7 7 9 7 7 7 1 1 1 1 1 1 1 2 1 1 2 2 2 1 1 1 1 1 1 1 1 2 2 3
 5 5 3 2 2 1 1 1 1 1 0 1 1 0 0 0 0 0 0 3 3 0 2 2 3 3 1 1 1 2 2 2 2 2 1 1 1 3 1 1 1 1 2 3 3 5
 5 5 3 2 2 1 1 1 1 1 0 1 1 0 0 0 0 0 0 3 3 0 2 2 3 3 1 1 1 2 2 2 2 2 1 1 1 3 1 1 1 1 2 3 3 5
 11 11 4 2 2 1 1 1 3 3 6 4 4 1 0 0 0 0 0 0 0 1 1 1 1 1 1 2 2 2 1 1 1 1 1 3 3 3 3 3 1 1 1 3 3 4
 9 9 6 4 4 2 4 4 6 6 6 5 5 4 3 3 0 0 0 0 0 0 1 1 0 0 4 2 2 0 0 0 3 3 2 1 1 4 2 2 4 4 4 6 6 3
 9 9 6 4 4 2 4 4 6 6 6 5 5 4 3 3 0 0 0 0 0 0 1 1 0 0 4 2 2 0 0 0 3 3 2 1 1 4 2 2 4 4 4 6 6 3
 6 6 5 6 6 3 3 3 4 4 2 1 1 2 6 6 1 1 1 0 0 0 1 1 6 6 5 7 7 3 0 0 2 2 1 1 1 3 4 4 7 7 8 4 4 3
 8 8 7 9 9 6 2 2 1 1 2 1 1 2 4 4 0 0 0 0 0 1 0 0 4 4 12 8 8 8 1 1 3 3 2 0 0 2 3 3 5 5 8 6 6 3
 8 8 7 9 9 6 2 2 1 1 2 1 1 2 4 4 0 0 0 0 0 1 0 0 4 4 12 8 8 8 1 1 3 3 2 0 0 2 3 3 5 5 8 6 6 3
 18 18 22 15 15 6 2 2 3 3 2 1 1 1 3 3 1 1 0 6 6 19 20 20 9 9 12 7 7 18 5 5 1 1 2 1 1 1 1 1 1 1 2 3 3 1
 18 18 22 15 15 6 2 2 3 3 2 1 1 1 3 3 1 1 0 6 6 19 20 20 9 9 12 7 7 18 5 5 1 1 2 1 1 1 1 1 1 1 2 3 3 1
 17 17 11 10 10 3 4 4 6 6 5 4 4 1 1 1 1 1 3 7 7 7 20 20 10 10 12 8 8 2 3 3 2 2 5 7 7 2 1 1 1 1 2 1 1 1
 5 5 4 7 7 8 7 7 8 8 12 13 13 4 1 1 3 3 4 6 6 10 8 8 7 7 6 4 4 2 1 1 1 1 6 4 4 1 1 1 2 2 3 2 2 2
 5 5 4 7 7 8 7 7 8 8 12 13 13 4 1 1 3 3 4 6 6 10 8 8 7 7 6 4 4 2 1 1 1 1 6 4 4 1 1 1 2 2 3 2 2 2
 2 2 1 4 4 7 11 11 8 8 11 13 13 5 5 5 5 5 3 2 2 4 2 2 6 6 3 3 3 2 1 1 1 1 3 11 11 1 1 1 1 1 1 1 1 2
 1 1 1 2 2 3 4 4 1 1 2 3 3 4 2 2 3 3 2 1 1 2 1 1 0 0 6 14 14 7 5 5 1 1 3 4 4 4 2 2 1 1 0 1 1 1
 1 1 1 2 2 3 4 4 1 1 2 3 3 4 2 2 3 3 2 1 1 2 1 1 0 0 6 14 14 7 5 5 1 1 3 4 4 4 2 2 1 1 0 1 1 1
 2 2 2 1 1 2 1 1 0 0 1 1 1 3 2 2 2 2 2 1 1 1 1 1 6 6 12 8 8 7 5 5 3 3 1 1 1 5 5 5 0 0 1 0 0 0
 2 2 2 1 1 2 1 1 0 0 1 1 1 3 2 2 2 2 2 1 1 1 1 1 6 6 12 8 8 7 5 5 3 3 1 1 1 5 5 5 0 0 1 0 0 0
 3 3 1 1 1 0 1 1 1 1 1 1 1 2 3 3 2 2 1 1 1 1 6 6 5 5 7 4 4 5 2 2 2 2 1 1 1 3 4 4 2 2 1 0 0 0
 2 2 1 0 0 1 3 3 7 7 4 3 3 3 3 3 4 4 2 1 1 1 1 1 6 6 5 6 6 5 0 0 2 2 1 4 4 5 4 4 5 5 4 0 0 0
 2 2 1 0 0 1 3 3 7 7 4 3 3 3 3 3 4 4 2 1 1 1 1 1 6 6 5 6 6 5 0 0 2 2 1 4 4 5 4 4 5 5 4 0 0 0
 5 5 2 0 0 4 12 12 10 10 5 4 4 7 6 6 7 7 4 2 2 1 1 1 1 1 0 0 0 1 1 1 1 1 9 9 9 5 5 5 7 7 2 1 1 0
 8 8 9 4 4 6 7 7 7 7 6 1 1 4 7 7 4 4 3 1 1 1 1 1 1 1 1 0 0 1 1 1 1 1 3 6 6 5 5 5 5 5 1 1 1 0
 8 8 9 4 4 6 7 7 7 7 6 1 1 4 7 7 4 4 3 1 1 1 1 1 1 1 1 0 0 1 1 1 1 1 3 6 6 5 5 5 5 5 1 1 1 0
 9 9 9 13 13 12 7 7 2 2 6 0 0 2 1 1 0 0 0 1 1 1 0 0 0 0 1 1 1 1 1 1 1 1 3 4 4 6 7 7 3 3 2 1 1 0
 9 9 9 13 13 12 7 7 2 2 6 0 0 2 1 1 0 0 0 1 1 1 0 0 0 0 1 1 1 1 1 1 1 1 3 4 4 6 7 7 3 3 2 1 1 0
 7 7 4 5 5 5 5 5 2 2 1 0 0 0 0 0 0 0 0 1 1 1 1 1 0 0 0 1 1 1 1 1 1 1 1 4 4 4 3 3 2 2 1 1 1 0
 5 5 3 3 3 2 5 5 5 5 3 3 3 2 0 0 0 0 0 1 1 0 1 1 0 0 0 0 0 1 1 1 1 1 1 2 2 2 5 5 4 4 1 0 0 0
 5 5 3 3 3 2 5 5 5 5 3 3 3 2 0 0 0 0 0 1 1 0 1 1 0 0 0 0 0 1 1 1 1 1 1 2 2 2 5 5 4 4 1 0 0 0
 7 7 4 3 3 3 4 4 6 6 6 6 6 6 4 4 2 2 0 0 0 0 1 1 1 1 0 1 1 1 1 1 1 1 3 4 4 3 8 8 8 8 2 0 0 0
 10 10 6 6 6 7 10 10 13 13 10 11 11 6 5 5 4 4 2 2 2 1 1 1 1 1 0 0 0 1 1 1 1 1 2 3 3 1 2 2 9 9 6 3 3 0
 10 10 6 6 6 7 10 10 13 13 10 11 11 6 5 5 4 4 2 2 2 1 1 1 1 1 0 0 0 1 1 1 1 1 2 3 3 1 2 2 9 9 6 3 3 0
 9 9 10 10 10 12 28 28 37 37 26 10 10 10 6 6 8 8 4 4 4 1 2 2 1 1 0 0 0 0 1 1 0 0 1 1 1 1 1 1 8 8 10 6 6 0
 9 9 10 10 10 12 28 28 37 37 26 10 10 10 6 6 8 8 4 4 4 1 2 2 1 1 0 0 0 0 1 1 0 0 1 1 1 1 1 1 8 8 10 6 6 0
 11 11 11 16 16 19 38 38 45 45 36 20 20 19 18 18 25 25 8 7 7 2 3 3 2 2 1 1 1 0 0 0 0 0 0 0 0 1 2 2 2 2 4 6 6 1
 18 18 19 27 27 35 35 35 34 34 23 18 18 19 25 25 31 31 15 8 8 4 5 5 4 4 6 4 4 0 1 1 0 0 0 0 0 0 0 0 1 1 1 4 4 2
 18 18 19 27 27 35 35 35 34 34 23 18 18 19 25 25 31 31 15 8 8 4 5 5 4 4 6 4 4 0 1 1 0 0 0 0 0 0 0 0 1 1 1 4 4 2
 45 45 59 60 60 47 44 44 30 30 19 22 22 16 31 31 32 32 29 23 23 13 14 14 10 10 18 10 10 1 4 4 2 2 0 0 0 0 0 0 0 0 0 0 0 1
 60 60 77 39 39 29 24 24 19 19 20 18 18 25 28 28 37 37 32 32 32 28 33 33 27 27 23 9 9 5 4 4 10 10 2 2 2 1 0 0 0 0 0 0 0 0
