assets/RAT_results_old/precipitation/2022-05-15_IMERG.asc
ncols        46
nrows        77
xllcorner    74.800261325624
yllcorner    8.058333333333
cellsize     0.062500000000
NODATA_value -9999
 3 3 2 1 1 1 1 1 1 1 1 0 0 0 0 0 1 1 1 2 2 3 4 4 5 5 4 3 3 3 1 1 1 1 1 1 1 2 2 2 3 3 5 7 7 8
 3 3 2 2 2 3 2 2 1 1 0 0 0 0 0 0 0 0 1 1 1 1 2 2 3 3 4 2 2 2 1 1 1 1 1 2 2 2 4 4 5 5 6 7 7 8
 3 3 2 2 2 3 2 2 1 1 0 0 0 0 0 0 0 0 1 1 1 1 2 2 3 3 4 2 2 2 1 1 1 1 1 2 2 2 4 4 5 5 6 7 7 8
 4 4 5 3 3 4 5 5 2 2 1 0 0 2 0 0 0 0 0 1 1 1 1 1 1 1 2 1 1 1 1 1 1 1 2 2 2 4 5 5 6 6 8 11 11 12
 4 4 4 5 5 5 5 5 4 4 2 1 1 0 1 1 0 0 0 0 0 1 1 1 1 1 2 2 2 1 1 1 2 2 2 3 3 5 6 6 9 9 14 15 15 12
 4 4 4 5 5 5 5 5 4 4 2 1 1 0 1 1 0 0 0 0 0 1 1 1 1 1 2 2 2 1 1 1 2 2 2 3 3 5 6 6 9 9 14 15 15 12
 6 6 3 8 8 8 7 7 6 6 3 1 1 0 0 0 0 0 0 1 1 1 2 2 2 2 2 2 2 2 2 2 3 3 3 3 3 7 7 7 12 12 18 19 19 18
 6 6 3 8 8 8 7 7 6 6 3 1 1 0 0 0 0 0 0 1 1 1 2 2 2 2 2 2 2 2 2 2 3 3 3 3 3 7 7 7 12 12 18 19 19 18
 16 16 10 5 5 8 7 7 8 8 7 3 3 1 0 0 0 0 0 1 1 1 2 2 2 2 3 4 4 3 3 3 4 4 5 6 6 9 8 8 16 16 26 23 23 21
 20 20 11 10 10 4 5 5 7 7 9 6 6 3 1 1 1 1 1 1 1 1 2 2 3 3 3 4 4 3 3 3 4 4 5 7 7 10 8 8 17 17 29 35 35 22
 20 20 11 10 10 4 5 5 7 7 9 6 6 3 1 1 1 1 1 1 1 1 2 2 3 3 3 4 4 3 3 3 4 4 5 7 7 10 8 8 17 17 29 35 35 22
 37 37 31 25 25 3 5 5 6 6 8 8 8 6 3 3 1 1 3 2 2 1 2 2 2 2 3 3 3 4 4 4 3 3 4 6 6 8 8 8 33 33 34 36 36 41
 65 65 32 6 6 3 6 6 7 7 7 9 9 8 5 5 1 1 1 1 1 1 1 1 2 2 2 3 3 4 4 4 4 4 4 7 7 7 19 19 32 32 39 37 37 40
 65 65 32 6 6 3 6 6 7 7 7 9 9 8 5 5 1 1 1 1 1 1 1 1 2 2 2 3 3 4 4 4 4 4 4 7 7 7 19 19 32 32 39 37 37 40
 65 65 65 16 16 10 10 10 6 6 6 8 8 9 7 7 3 3 1 0 0 1 1 1 2 2 2 5 5 8 7 7 7 7 7 9 9 9 20 20 30 30 24 24 24 37
 65 65 65 16 16 10 10 10 6 6 6 8 8 9 7 7 3 3 1 0 0 1 1 1 2 2 2 5 5 8 7 7 7 7 7 9 9 9 20 20 30 30 24 24 24 37
 53 53 50 23 23 11 10 10 6 6 6 7 7 8 10 10 7 7 3 0 0 0 1 1 1 1 2 5 5 11 11 11 10 10 12 13 13 15 29 29 30 30 24 26 26 38
 46 46 45 24 24 22 18 18 14 14 14 6 6 6 8 8 10 10 6 2 2 0 0 0 1 1 1 5 5 8 13 13 13 13 13 16 16 27 38 38 40 40 44 38 38 55
 46 46 45 24 24 22 18 18 14 14 14 6 6 6 8 8 10 10 6 2 2 0 0 0 1 1 1 5 5 8 13 13 13 13 13 16 16 27 38 38 40 40 44 38 38 55
 45 45 53 62 62 60 20 20 15 15 15 11 11 4 6 6 9 9 10 4 4 1 0 0 0 0 1 3 3 7 13 13 16 16 16 16 16 18 37 37 37 37 50 42 42 78
 45 45 57 65 65 64 32 32 31 31 28 21 21 3 5 5 8 8 12 7 7 3 1 1 1 1 1 3 3 5 10 10 13 13 14 14 14 14 19 19 19 19 24 88 88 30
 45 45 57 65 65 64 32 32 31 31 28 21 21 3 5 5 8 8 12 7 7 3 1 1 1 1 1 3 3 5 10 10 13 13 14 14 14 14 19 19 19 19 24 88 88 30
 47 47 55 67 67 67 45 45 43 43 31 8 8 6 7 7 10 10 20 13 13 5 2 2 1 1 1 3 3 3 5 5 7 7 8 9 9 9 10 10 9 9 13 26 26 32
 47 47 55 67 67 67 45 45 43 43 31 8 8 6 7 7 10 10 20 13 13 5 2 2 1 1 1 3 3 3 5 5 7 7 8 9 9 9 10 10 9 9 13 26 26 32
 53 53 68 63 63 65 45 45 43 43 34 12 12 7 7 7 10 10 22 19 19 8 4 4 3 3 2 2 2 1 1 1 2 2 3 4 4 5 6 6 6 6 10 10 10 18
 60 60 69 64 64 64 44 44 29 29 29 11 11 8 8 8 14 14 19 22 22 12 5 5 3 3 2 1 1 1 0 0 1 1 1 3 3 4 4 4 4 4 5 5 5 17
 60 60 69 64 64 64 44 44 29 29 29 11 11 8 8 8 14 14 19 22 22 12 5 5 3 3 2 1 1 1 0 0 1 1 1 3 3 4 4 4 4 4 5 5 5 17
 89 89 91 85 85 62 47 47 38 38 33 16 16 12 12 12 13 13 16 21 21 16 7 7 4 4 4 3 3 2 1 1 1 1 1 2 2 3 3 3 4 4 6 6 6 7
 93 93 89 88 88 62 59 59 51 51 34 36 36 28 25 25 15 15 16 19 19 18 12 12 4 4 3 4 4 3 1 1 0 0 1 2 2 3 3 3 4 4 4 4 4 3
 93 93 89 88 88 62 59 59 51 51 34 36 36 28 25 25 15 15 16 19 19 18 12 12 4 4 3 4 4 3 1 1 0 0 1 2 2 3 3 3 4 4 4 4 4 3
 87 87 87 86 86 54 49 49 45 45 31 35 35 30 18 18 18 18 18 14 14 17 17 17 8 8 3 1 1 0 0 0 0 0 0 1 1 2 2 2 3 3 3 3 3 4
 87 87 87 86 86 54 49 49 45 45 31 35 35 30 18 18 18 18 18 14 14 17 17 17 8 8 3 1 1 0 0 0 0 0 0 1 1 2 2 2 3 3 3 3 3 4
 88 88 87 58 58 57 39 39 47 47 39 39 39 40 20 20 22 22 17 13 13 14 17 17 11 11 6 1 1 0 0 0 0 0 1 1 1 1 1 1 1 1 2 2 2 1
 92 92 85 59 59 58 36 36 35 35 39 34 34 34 16 16 14 14 13 12 12 11 10 10 11 11 7 3 3 1 0 0 0 0 1 1 1 1 0 0 0 0 1 1 1 0
 92 92 85 59 59 58 36 36 35 35 39 34 34 34 16 16 14 14 13 12 12 11 10 10 11 11 7 3 3 1 0 0 0 0 1 1 1 1 0 0 0 0 1 1 1 0
 86 86 87 60 60 58 41 41 35 35 28 38 38 38 19 19 17 17 11 11 11 10 8 8 8 8 7 6 6 2 0 0 0 0 1 1 1 1 0 0 0 0 0 0 0 0
 84 84 58 50 50 59 43 43 38 38 32 33 33 32 23 23 15 15 13 13 13 11 13 13 12 12 12 6 6 4 1 1 0 0 2 2 2 1 0 0 0 0 0 0 0 0
 84 84 58 50 50 59 43 43 38 38 32 33 33 32 23 23 15 15 13 13 13 11 13 13 12 12 12 6 6 4 1 1 0 0 2 2 2 1 0 0 0 0 0 0 0 0
 82 82 56 56 56 55 47 47 46 46 34 34 34 22 25 25 20 20 20 16 16 14 19 19 12 12 12 5 5 4 3 3 3 3 2 3 3 1 1 1 4 4 0 0 0 0
 82 82 56 56 56 55 47 47 46 46 34 34 34 22 25 25 20 20 20 16 16 14 19 19 12 12 12 5 5 4 3 3 3 3 2 3 3 1 1 1 4 4 0 0 0 0
 54 54 68 61 61 52 47 47 44 44 41 40 40 22 25 25 19 19 18 12 12 12 19 19 18 18 18 5 5 4 4 4 4 4 3 3 3 6 8 8 6 6 13 0 0 0
 43 43 67 75 75 66 58 58 50 50 46 40 40 24 25 25 26 26 16 16 16 16 17 17 16 16 17 5 5 4 5 5 5 5 2 3 3 5 6 6 16 16 17 4 4 0
 43 43 67 75 75 66 58 58 50 50 46 40 40 24 25 25 26 26 16 16 16 16 17 17 16 16 17 5 5 4 5 5 5 5 2 3 3 5 6 6 16 16 17 4 4 0
 41 41 53 63 63 60 51 51 51 51 47 45 45 23 23 23 25 25 17 15 15 16 17 17 16 16 16 5 5 5 5 5 3 3 3 2 2 3 5 5 3 3 4 0 0 1
 38 38 40 51 51 48 49 49 46 46 42 22 22 20 20 20 28 28 16 14 14 16 15 15 15 15 15 5 5 6 6 6 3 3 2 2 2 1 1 1 1 1 1 1 1 1
 38 38 40 51 51 48 49 49 46 46 42 22 22 20 20 20 28 28 16 14 14 16 15 15 15 15 15 5 5 6 6 6 3 3 2 2 2 1 1 1 1 1 1 1 1 1
 35 35 34 32 32 30 30 30 31 31 41 24 24 19 18 18 18 18 24 14 14 13 10 10 12 12 6 6 6 6 5 5 1 1 1 1 1 1 1 1 1 1 1 0 0 1
 35 35 34 32 32 30 30 30 31 31 41 24 24 19 18 18 18 18 24 14 14 13 10 10 12 12 6 6 6 6 5 5 1 1 1 1 1 1 1 1 1 1 1 0 0 1
 48 48 27 26 26 28 27 27 29 29 30 32 32 22 16 16 13 13 13 10 10 8 10 10 10 10 6 6 6 7 6 6 1 1 1 1 1 1 1 1 0 0 0 0 0 0
 52 52 23 25 25 34 34 34 34 34 34 22 22 18 14 14 10 10 10 8 8 8 6 6 5 5 4 6 6 6 4 4 3 3 2 1 1 1 0 0 0 0 0 0 0 0
 52 52 23 25 25 34 34 34 34 34 34 22 22 18 14 14 10 10 10 8 8 8 6 6 5 5 4 6 6 6 4 4 3 3 2 1 1 1 0 0 0 0 0 0 0 0
 70 70 26 27 27 21 40 40 44 44 49 35 35 21 12 12 8 8 8 5 5 5 3 3 5 5 2 8 8 7 7 7 7 7 4 1 1 0 0 0 0 0 0 0 0 0
 74 74 35 38 38 31 44 44 45 45 49 44 44 24 16 16 12 12 7 5 5 3 2 2 1 1 3 5 5 6 10 10 10 10 4 1 1 0 0 0 0 0 0 0 0 0
 74 74 35 38 38 31 44 44 45 45 49 44 44 24 16 16 12 12 7 5 5 3 2 2 1 1 3 5 5 6 10 10 10 10 4 1 1 0 0 0 0 0 0 0 0 0
 74 74 43 38 38 30 27 27 31 31 39 33 33 41 26 26 18 18 10 9 9 7 7 7 2 2 4 8 8 8 12 12 8 8 2 1 1 2 1 1 0 0 1 0 0 0
 74 74 43 38 38 30 27 27 31 31 39 33 33 41 26 26 18 18 10 9 9 7 7 7 2 2 4 8 8 8 12 12 8 8 2 1 1 2 1 1 0 0 1 0 0 0
 79 79 49 45 45 32 30 30 23 23 21 23 23 32 36 36 27 27 24 18 18 14 9 9 7 7 5 8 8 14 18 18 6 6 3 1 1 3 2 2 2 2 0 0 0 0
 89 89 86 47 47 34 39 39 27 27 25 21 21 25 28 28 29 29 29 29 29 18 15 15 9 9 10 17 17 13 17 17 7 7 7 3 3 4 3 3 2 2 0 0 0 0
 89 89 86 47 47 34 39 39 27 27 25 21 21 25 28 28 29 29 29 29 29 18 15 15 9 9 10 17 17 13 17 17 7 7 7 3 3 4 3 3 2 2 0 0 0 0
 88 88 79 42 42 40 42 42 25 25 32 27 27 29 33 33 30 30 34 33 33 28 18 18 10 10 12 20 20 22 22 22 11 11 12 8 8 9 4 4 4 4 4 2 2 0
 91 91 87 32 32 31 39 39 26 26 32 20 20 29 36 36 34 34 39 46 46 43 24 24 14 14 12 23 23 24 19 19 17 17 11 9 9 8 0 0 3 3 6 2 2 1
 91 91 87 32 32 31 39 39 26 26 32 20 20 29 36 36 34 34 39 46 46 43 24 24 14 14 12 23 23 24 19 19 17 17 11 9 9 8 0 0 3 3 6 2 2 1
 90 90 87 35 35 37 42 42 13 13 19 19 19 34 34 34 33 33 34 41 41 44 28 28 28 28 21 28 28 27 26 26 18 18 14 12 12 5 1 1 4 4 3 2 2 2
 90 90 87 35 35 37 42 42 13 13 19 19 19 34 34 34 33 33 34 41 41 44 28 28 28 28 21 28 28 27 26 26 18 18 14 12 12 5 1 1 4 4 3 2 2 2
 87 87 89 40 40 36 45 45 31 31 21 19 19 30 30 30 33 33 36 38 38 39 36 36 42 42 30 28 28 25 24 24 21 21 18 17 17 9 5 5 5 5 4 2 2 2
 75 75 74 75 75 49 51 51 31 31 38 32 32 31 31 31 25 25 32 35 35 36 47 47 61 61 64 61 61 37 32 32 36 36 19 15 15 10 3 3 4 4 3 3 3 0
 75 75 74 75 75 49 51 51 31 31 38 32 32 31 31 31 25 25 32 35 35 36 47 47 61 61 64 61 61 37 32 32 36 36 19 15 15 10 3 3 4 4 3 3 3 0
 69 69 66 61 61 58 60 60 59 59 41 35 35 46 32 32 25 25 30 31 31 34 48 48 70 70 77 79 79 56 45 45 32 32 19 18 18 15 4 4 3 3 1 0 0 2
 64 64 63 60 60 58 55 55 53 53 38 53 53 55 24 24 19 19 20 33 33 38 48 48 70 70 72 88 88 66 44 44 32 32 27 13 13 4 3 3 6 6 4 0 0 0
 64 64 63 60 60 58 55 55 53 53 38 53 53 55 24 24 19 19 20 33 33 38 48 48 70 70 72 88 88 66 44 44 32 32 27 13 13 4 3 3 6 6 4 0 0 0
 52 52 52 52 52 55 51 51 58 58 44 49 49 66 31 31 34 34 21 27 27 31 40 40 46 46 54 58 58 49 41 41 28 28 31 18 18 13 10 10 8 8 8 7 7 3
 52 52 52 52 52 55 51 51 58 58 44 49 49 66 31 31 34 34 21 27 27 31 40 40 46 46 54 58 58 49 41 41 28 28 31 18 18 13 10 10 8 8 8 7 7 3
 34 34 35 37 37 37 34 34 36 36 41 50 50 57 31 31 31 31 17 24 24 25 26 26 42 42 34 32 32 43 47 47 36 36 33 22 22 14 12 12 11 11 4 2 2 3
 25 25 25 23 23 23 24 24 24 24 26 26 26 24 26 26 27 27 13 18 18 24 29 29 23 23 27 26 26 24 34 34 30 30 20 16 16 11 11 11 7 7 2 4 4 1
 25 25 25 23 23 23 24 24 24 24 26 26 26 24 26 26 27 27 13 18 18 24 29 29 23 23 27 26 26 24 34 34 30 30 20 16 16 11 11 11 7 7 2 4 4 1
 12 12 13 10 10 9 9 9 10 10 16 20 20 20 21 21 20 20 24 28 28 25 35 35 29 29 18 22 22 24 22 22 24 24 26 11 11 10 4 4 3 3 2 3 3 2
 9 9 9 8 8 8 8 8 12 12 16 18 18 17 18 18 19 19 24 26 26 32 39 39 28 28 35 27 27 22 16 16 20 20 17 13 13 7 4 4 1 1 2 6 6 1
