assets/RAT_results_old/precipitation/2022-09-06_IMERG.asc
ncols        46
nrows        77
xllcorner    74.800261325624
yllcorner    8.058333333333
cellsize     0.062500000000
NODATA_value -9999
 68 68 57 55 55 46 40 40 37 37 30 33 33 11 12 12 6 6 5 6 6 4 8 8 6 6 1 1 1 2 2 2 2 2 2 2 2 3 3 3 2 2 5 5 5 10
 70 70 58 57 57 37 37 37 30 30 33 54 54 30 25 25 19 19 5 6 6 3 3 3 1 1 1 1 1 2 3 3 3 3 4 3 3 3 4 4 4 4 5 6 6 10
 70 70 58 57 57 37 37 37 30 30 33 54 54 30 25 25 19 19 5 6 6 3 3 3 1 1 1 1 1 2 3 3 3 3 4 3 3 3 4 4 4 4 5 6 6 10
 67 67 55 55 55 35 37 37 33 33 39 36 36 25 21 21 21 21 5 5 5 3 2 2 1 1 1 2 2 3 3 3 3 3 4 3 3 3 5 5 6 6 8 9 9 10
 64 64 52 53 53 35 32 32 32 32 35 15 15 22 13 13 12 12 3 3 3 2 3 3 3 3 3 4 4 3 3 3 3 3 4 4 4 3 4 4 5 5 8 9 9 13
 64 64 52 53 53 35 32 32 32 32 35 15 15 22 13 13 12 12 3 3 3 2 3 3 3 3 3 4 4 3 3 3 3 3 4 4 4 3 4 4 5 5 8 9 9 13
 52 52 47 51 51 33 35 35 30 30 34 16 16 22 5 5 4 4 3 3 3 4 5 5 6 6 7 7 7 7 6 6 5 5 5 5 5 5 5 5 6 6 8 7 7 12
 52 52 47 51 51 33 35 35 30 30 34 16 16 22 5 5 4 4 3 3 3 4 5 5 6 6 7 7 7 7 6 6 5 5 5 5 5 5 5 5 6 6 8 7 7 12
 46 46 40 32 32 35 34 34 28 28 16 10 10 10 7 7 7 7 8 9 9 12 11 11 14 14 12 12 12 11 9 9 9 9 8 9 9 9 8 8 7 7 7 6 6 11
 47 47 49 37 37 38 35 35 30 30 19 16 16 16 17 17 18 18 19 18 18 21 16 16 14 14 15 13 13 12 12 12 12 12 11 10 10 9 7 7 6 6 3 3 3 4
 47 47 49 37 37 38 35 35 30 30 19 16 16 16 17 17 18 18 19 18 18 21 16 16 14 14 15 13 13 12 12 12 12 12 11 10 10 9 7 7 6 6 3 3 3 4
 39 39 48 33 33 37 32 32 34 34 19 20 20 27 20 20 20 20 21 20 20 21 15 15 16 16 15 16 16 16 18 18 18 18 16 11 11 9 7 7 5 5 3 1 1 2
 32 32 34 30 30 37 35 35 42 42 29 25 25 30 33 33 27 27 34 26 26 24 16 16 17 17 15 17 17 17 15 15 14 14 14 12 12 9 7 7 6 6 11 9 9 5
 32 32 34 30 30 37 35 35 42 42 29 25 25 30 33 33 27 27 34 26 26 24 16 16 17 17 15 17 17 17 15 15 14 14 14 12 12 9 7 7 6 6 11 9 9 5
 24 24 26 23 23 30 37 37 32 32 31 32 32 32 34 34 30 30 34 22 22 34 16 16 18 18 16 13 13 10 8 8 8 8 8 8 8 12 11 11 16 16 15 16 16 12
 24 24 26 23 23 30 37 37 32 32 31 32 32 32 34 34 30 30 34 22 22 34 16 16 18 18 16 13 13 10 8 8 8 8 8 8 8 12 11 11 16 16 15 16 16 12
 15 15 14 14 14 20 24 24 28 28 32 34 34 32 45 45 34 34 30 27 27 24 13 13 11 11 11 7 7 6 6 6 6 6 9 11 11 16 18 18 19 19 20 18 18 16
 12 12 12 13 13 24 28 28 33 33 34 40 40 41 39 39 40 40 23 24 24 22 7 7 5 5 6 6 6 7 7 7 9 9 11 15 15 14 17 17 18 18 18 15 15 16
 12 12 12 13 13 24 28 28 33 33 34 40 40 41 39 39 40 40 23 24 24 22 7 7 5 5 6 6 6 7 7 7 9 9 11 15 15 14 17 17 18 18 18 15 15 16
 17 17 36 37 37 46 47 47 31 31 36 34 34 38 40 40 39 39 36 35 35 23 16 16 5 5 5 9 9 8 9 9 10 10 10 13 13 14 13 13 13 13 14 11 11 9
 18 18 36 39 39 49 39 39 38 38 52 44 44 44 43 43 40 40 38 38 38 26 26 26 9 9 10 9 9 10 12 12 13 13 13 13 13 10 7 7 5 5 5 4 4 5
 18 18 36 39 39 49 39 39 38 38 52 44 44 44 43 43 40 40 38 38 38 26 26 26 9 9 10 9 9 10 12 12 13 13 13 13 13 10 7 7 5 5 5 4 4 5
 17 17 16 15 15 14 35 35 29 29 40 39 39 38 50 50 44 44 41 39 39 18 17 17 6 6 7 10 10 8 9 9 6 6 6 6 6 4 2 2 3 3 4 3 3 4
 17 17 16 15 15 14 35 35 29 29 40 39 39 38 50 50 44 44 41 39 39 18 17 17 6 6 7 10 10 8 9 9 6 6 6 6 6 4 2 2 3 3 4 3 3 4
 15 15 15 14 14 11 17 17 30 30 38 30 30 47 52 52 43 43 41 30 30 20 14 14 7 7 8 8 8 6 6 6 2 2 2 2 2 2 2 2 2 2 2 2 2 2
 15 15 15 14 14 11 13 13 21 21 24 28 28 46 61 61 45 45 33 20 20 20 9 9 9 9 4 3 3 3 1 1 1 1 1 1 1 2 2 2 1 1 2 2 2 2
 15 15 15 14 14 11 13 13 21 21 24 28 28 46 61 61 45 45 33 20 20 20 9 9 9 9 4 3 3 3 1 1 1 1 1 1 1 2 2 2 1 1 2 2 2 2
 17 17 16 17 17 12 12 12 12 12 25 28 28 26 47 47 33 33 25 18 18 20 10 10 10 10 8 3 3 5 1 1 1 1 1 1 1 0 0 0 1 1 1 1 1 1
 18 18 18 17 17 13 12 12 15 15 14 17 17 14 27 27 25 25 15 7 7 11 9 9 9 9 8 5 5 5 1 1 1 1 0 0 0 0 0 0 1 1 1 1 1 1
 18 18 18 17 17 13 12 12 15 15 14 17 17 14 27 27 25 25 15 7 7 11 9 9 9 9 8 5 5 5 1 1 1 1 0 0 0 0 0 0 1 1 1 1 1 1
 19 19 18 18 18 15 13 13 13 13 13 10 10 5 8 8 6 6 7 4 4 9 7 7 7 7 11 10 10 10 3 3 3 3 0 0 0 0 0 0 0 0 0 0 0 0
 19 19 18 18 18 15 13 13 13 13 13 10 10 5 8 8 6 6 7 4 4 9 7 7 7 7 11 10 10 10 3 3 3 3 0 0 0 0 0 0 0 0 0 0 0 0
 20 20 17 20 20 20 15 15 13 13 10 8 8 8 4 4 1 1 7 6 6 7 8 8 10 10 10 10 10 10 3 3 3 3 3 1 1 1 0 0 0 0 0 0 0 0
 19 19 19 21 21 21 17 17 11 11 8 7 7 6 5 5 3 3 5 7 7 7 6 6 8 8 7 7 7 7 3 3 3 3 3 0 0 0 0 0 0 0 0 0 0 0
 19 19 19 21 21 21 17 17 11 11 8 7 7 6 5 5 3 3 5 7 7 7 6 6 8 8 7 7 7 7 3 3 3 3 3 0 0 0 0 0 0 0 0 0 0 0
 18 18 17 20 20 21 17 17 9 9 8 6 6 5 5 5 6 6 8 9 9 9 8 8 2 2 8 5 5 1 1 1 1 1 1 0 0 0 0 0 0 0 0 0 0 1
 14 14 16 17 17 17 14 14 10 10 7 7 7 6 8 8 6 6 8 7 7 5 8 8 3 3 2 3 3 2 1 1 1 1 1 1 1 2 2 2 2 2 1 2 2 3
 14 14 16 17 17 17 14 14 10 10 7 7 7 6 8 8 6 6 8 7 7 5 8 8 3 3 2 3 3 2 1 1 1 1 1 1 1 2 2 2 2 2 1 2 2 3
 12 12 13 14 14 12 12 12 8 8 7 6 6 6 7 7 4 4 8 7 7 7 7 7 2 2 2 2 2 2 2 2 2 2 2 3 3 4 5 5 4 4 4 7 7 9
 12 12 13 14 14 12 12 12 8 8 7 6 6 6 7 7 4 4 8 7 7 7 7 7 2 2 2 2 2 2 2 2 2 2 2 3 3 4 5 5 4 4 4 7 7 9
 11 11 10 9 9 8 8 8 6 6 7 6 6 6 8 8 8 8 5 8 8 4 4 4 3 3 2 2 2 2 2 2 3 3 3 4 4 6 7 7 7 7 7 10 10 15
 8 8 9 8 8 7 6 6 5 5 4 4 4 3 6 6 7 7 5 6 6 7 4 4 3 3 2 3 3 4 3 3 4 4 5 6 6 8 8 8 9 9 10 11 11 16
 8 8 9 8 8 7 6 6 5 5 4 4 4 3 6 6 7 7 5 6 6 7 4 4 3 3 2 3 3 4 3 3 4 4 5 6 6 8 8 8 9 9 10 11 11 16
 8 8 7 5 5 5 5 5 5 5 4 3 3 4 6 6 7 7 5 3 3 9 4 4 4 4 4 4 4 4 5 5 6 6 6 8 8 9 10 10 11 11 12 13 13 15
 8 8 7 5 5 4 4 4 4 4 3 4 4 4 5 5 4 4 2 2 2 1 4 4 5 5 6 4 4 3 5 5 5 5 6 8 8 10 10 10 12 12 13 12 12 14
 8 8 7 5 5 4 4 4 4 4 3 4 4 4 5 5 4 4 2 2 2 1 4 4 5 5 6 4 4 3 5 5 5 5 6 8 8 10 10 10 12 12 13 12 12 14
 7 7 7 4 4 4 5 5 4 4 2 2 2 3 3 3 4 4 3 2 2 2 1 1 3 3 4 2 2 4 5 5 5 5 5 7 7 8 9 9 11 11 13 12 12 13
 7 7 7 4 4 4 5 5 4 4 2 2 2 3 3 3 4 4 3 2 2 2 1 1 3 3 4 2 2 4 5 5 5 5 5 7 7 8 9 9 11 11 13 12 12 13
 5 5 4 4 4 3 3 3 2 2 2 2 2 2 3 3 4 4 6 4 4 1 1 1 2 2 2 3 3 3 3 3 4 4 5 6 6 7 8 8 9 9 12 12 12 12
 4 4 4 4 4 2 2 2 1 1 3 3 3 4 4 4 4 4 6 3 3 2 2 2 2 2 3 2 2 2 3 3 3 3 4 5 5 6 8 8 9 9 10 11 11 12
 4 4 4 4 4 2 2 2 1 1 3 3 3 4 4 4 4 4 6 3 3 2 2 2 2 2 3 2 2 2 3 3 3 3 4 5 5 6 8 8 9 9 10 11 11 12
 5 5 3 3 3 2 1 1 1 1 3 4 4 6 6 6 5 5 4 5 5 3 1 1 2 2 3 2 2 2 2 2 3 3 4 4 4 6 8 8 9 9 9 9 9 11
 5 5 4 3 3 2 2 2 2 2 4 3 3 5 5 5 3 3 3 3 3 2 1 1 1 1 3 3 3 2 2 2 3 3 4 4 4 4 5 5 6 6 6 5 5 5
 5 5 4 3 3 2 2 2 2 2 4 3 3 5 5 5 3 3 3 3 3 2 1 1 1 1 3 3 3 2 2 2 3 3 4 4 4 4 5 5 6 6 6 5 5 5
 4 4 4 2 2 2 1 1 2 2 2 2 2 2 2 2 2 2 2 2 2 1 1 1 1 1 2 3 3 2 2 2 2 2 2 3 3 3 3 3 3 3 3 2 2 2
 4 4 4 2 2 2 1 1 2 2 2 2 2 2 2 2 2 2 2 2 2 1 1 1 1 1 2 3 3 2 2 2 2 2 2 3 3 3 3 3 3 3 3 2 2 2
 4 4 4 4 4 4 3 3 3 3 3 2 2 2 2 2 2 2 4 1 1 1 0 0 1 1 1 2 2 1 1 1 1 1 1 1 1 1 1 1 1 1 1 1 1 0
 4 4 4 4 4 4 2 2 2 2 2 1 1 0 1 1 2 2 1 1 1 1 1 1 0 0 1 2 2 1 1 1 1 1 1 1 1 0 0 0 0 0 0 0 0 0
 4 4 4 4 4 4 2 2 2 2 2 1 1 0 1 1 2 2 1 1 1 1 1 1 0 0 1 2 2 1 1 1 1 1 1 1 1 0 0 0 0 0 0 0 0 0
 2 2 2 2 2 2 3 3 2 2 2 1 1 0 1 1 1 1 1 1 1 0 0 0 1 1 1 2 2 1 1 1 0 0 0 0 0 0 0 0 0 0 0 0 0 0
 2 2 2 1 1 1 1 1 1 1 0 0 0 0 1 1 0 0 1 1 1 1 1 1 1 1 1 1 1 1 1 1 0 0 0 0 0 0 0 0 0 0 0 0 0 0
 2 2 2 1 1 1 1 1 1 1 0 0 0 0 1 1 0 0 1 1 1 1 1 1 1 1 1 1 1 1 1 1 0 0 0 0 0 0 0 0 0 0 0 0 0 0
 2 2 2 1 1 1 1 1 0 0 1 0 0 0 0 0 0 0 0 1 1 1 1 1 1 1 0 1 1 1 1 1 0 0 0 0 0 0 0 0 0 0 1 1 1 0
 2 2 2 1 1 1 1 1 0 0 1 0 0 0 0 0 0 0 0 1 1 1 1 1 1 1 0 1 1 1 1 1 0 0 0 0 0 0 0 0 0 0 1 1 1 0
 3 3 2 1 1 2 1 1 1 1 1 1 1 1 1 1 1 1 1 1 1 1 1 1 1 1 0 0 0 0 0 0 1 1 0 0 0 0 1 1 1 1 1 1 1 0
 2 2 1 1 1 1 2 2 2 2 2 2 2 1 1 1 1 1 1 1 1 1 0 0 1 1 0 0 0 0 1 1 0 0 1 1 1 1 1 1 1 1 0 0 0 0
 2 2 1 1 1 1 2 2 2 2 2 2 2 1 1 1 1 1 1 1 1 1 0 0 1 1 0 0 0 0 1 1 0 0 1 1 1 1 1 1 1 1 0 0 0 0
 2 2 2 1 1 1 2 2 2 2 2 2 2 2 2 2 2 2 1 0 0 1 0 0 1 1 1 1 1 1 0 0 1 1 3 3 3 1 0 0 0 0 0 0 0 0
 2 2 2 1 1 1 1 1 1 1 1 3 3 3 1 1 1 1 2 1 1 1 0 0 1 1 1 1 1 1 0 0 0 0 1 1 1 1 0 0 0 0 0 0 0 0
 2 2 2 1 1 1 1 1 1 1 1 3 3 3 1 1 1 1 2 1 1 1 0 0 1 1 1 1 1 1 0 0 0 0 1 1 1 1 0 0 0 0 0 0 0 0
 2 2 1 1 1 1 1 1 1 1 1 2 2 4 1 1 1 1 1 2 2 1 0 0 0 0 1 1 1 1 0 0 0 0 1 1 1 0 0 0 1 1 1 0 0 0
 2 2 1 1 1 1 1 1 1 1 1 2 2 4 1 1 1 1 1 2 2 1 0 0 0 0 1 1 1 1 0 0 0 0 1 1 1 0 0 0 1 1 1 0 0 0
 1 1 1 1 1 1 0 0 1 1 1 2 2 2 2 2 3 3 2 3 3 1 0 0 0 0 0 1 1 1 1 1 0 0 0 0 0 0 1 1 1 1 1 0 0 0
 1 1 1 1 1 1 1 1 2 2 1 2 2 2 3 3 2 2 0 1 1 0 0 0 0 0 1 1 1 1 1 1 1 1 0 0 0 1 1 1 1 1 0 0 0 0
 1 1 1 1 1 1 1 1 2 2 1 2 2 2 3 3 2 2 0 1 1 0 0 0 0 0 1 1 1 1 1 1 1 1 0 0 0 1 1 1 1 1 0 0 0 0
 1 1 1 1 1 2 2 2 2 2 2 1 1 1 1 1 1 1 0 0 0 0 0 0 0 0 1 1 1 0 1 1 1 1 1 2 2 2 1 1 0 0 0 0 0 0
 1 1 1 1 1 1 1 1 1 1 1 1 1 1 1 1 1 1 0 0 0 0 0 0 0 0 1 1 1 1 2 2 2 2 2 2 2 0 0 0 0 0 0 0 0 0
