assets/RAT_results_old/precipitation/2022-07-14_IMERG.asc
ncols        46
nrows        77
xllcorner    74.800261325624
yllcorner    8.058333333333
cellsize     0.062500000000
NODATA_value -9999
 4 4 4 3 3 2 3 3 2 2 2 7 7 7 11 11 6 6 4 4 4 3 0 0 0 0 0 0 0 0 0 0 0 0 0 0 0 0 0 0 0 0 0 0 0 0
 1 1 1 2 2 2 2 2 1 1 2 7 7 6 6 6 2 2 2 2 2 1 0 0 0 0 0 0 0 0 0 0 0 0 0 0 0 0 0 0 0 0 0 0 0 0
 1 1 1 2 2 2 2 2 1 1 2 7 7 6 6 6 2 2 2 2 2 1 0 0 0 0 0 0 0 0 0 0 0 0 0 0 0 0 0 0 0 0 0 0 0 0
 0 0 0 0 0 2 2 2 2 2 1 1 1 6 3 3 3 3 2 2 2 1 0 0 0 0 0 0 0 0 0 0 0 0 0 0 0 0 0 0 0 0 0 0 0 0
 0 0 0 0 0 1 1 1 2 2 1 2 2 3 3 3 3 3 1 0 0 0 0 0 0 0 0 0 0 0 0 0 0 0 0 0 0 0 0 0 0 0 0 0 0 0
 0 0 0 0 0 1 1 1 2 2 1 2 2 3 3 3 3 3 1 0 0 0 0 0 0 0 0 0 0 0 0 0 0 0 0 0 0 0 0 0 0 0 0 0 0 0
 1 1 0 0 0 1 2 2 1 1 2 3 3 1 2 2 1 1 0 0 0 0 0 0 0 0 0 0 0 0 0 0 0 0 0 0 0 0 0 0 0 0 0 0 0 0
 1 1 0 0 0 1 2 2 1 1 2 3 3 1 2 2 1 1 0 0 0 0 0 0 0 0 0 0 0 0 0 0 0 0 0 0 0 0 0 0 0 0 0 0 0 0
 1 1 0 0 0 1 1 1 1 1 2 2 2 2 2 2 0 0 0 0 0 0 0 0 0 0 0 0 0 0 0 0 0 0 0 0 0 0 0 0 0 0 0 0 0 0
 1 1 0 1 1 1 1 1 2 2 4 7 7 4 2 2 0 0 1 0 0 0 0 0 0 0 0 0 0 0 0 0 0 0 0 0 0 0 0 0 0 0 0 0 0 1
 1 1 0 1 1 1 1 1 2 2 4 7 7 4 2 2 0 0 1 0 0 0 0 0 0 0 0 0 0 0 0 0 0 0 0 0 0 0 0 0 0 0 0 0 0 1
 1 1 0 0 0 2 3 3 4 4 6 7 7 6 1 1 1 1 0 1 1 1 0 0 1 1 0 0 0 0 0 0 0 0 0 0 0 0 0 0 0 0 0 2 2 2
 1 1 1 1 1 4 3 3 4 4 4 4 4 5 3 3 4 4 1 0 0 0 0 0 0 0 0 0 0 0 0 0 0 0 0 0 0 0 0 0 0 0 0 1 1 1
 1 1 1 1 1 4 3 3 4 4 4 4 4 5 3 3 4 4 1 0 0 0 0 0 0 0 0 0 0 0 0 0 0 0 0 0 0 0 0 0 0 0 0 1 1 1
 3 3 3 2 2 5 6 6 3 3 4 3 3 4 3 3 5 5 0 0 0 0 0 0 0 0 1 1 1 0 0 0 0 0 0 0 0 0 0 0 0 0 1 1 1 1
 3 3 3 2 2 5 6 6 3 3 4 3 3 4 3 3 5 5 0 0 0 0 0 0 0 0 1 1 1 0 0 0 0 0 0 0 0 0 0 0 0 0 1 1 1 1
 4 4 5 3 3 5 20 20 7 7 1 5 5 3 6 6 5 5 2 1 1 1 0 0 0 0 1 1 1 0 0 0 0 0 0 0 0 0 1 1 1 1 2 1 1 1
 6 6 12 7 7 8 10 10 14 14 2 2 2 2 2 2 1 1 2 1 1 0 0 0 0 0 1 0 0 0 0 0 0 0 0 0 0 0 0 0 0 0 3 2 2 1
 6 6 12 7 7 8 10 10 14 14 2 2 2 2 2 2 1 1 2 1 1 0 0 0 0 0 1 0 0 0 0 0 0 0 0 0 0 0 0 0 0 0 3 2 2 1
 7 7 9 5 5 4 3 3 6 6 3 1 1 1 1 1 1 1 4 2 2 0 0 0 0 0 1 0 0 0 0 0 0 0 0 0 0 0 0 0 4 4 1 1 1 0
 2 2 7 3 3 2 2 2 12 12 10 3 3 0 1 1 3 3 3 13 13 1 12 12 1 1 3 2 2 2 0 0 0 0 0 0 0 0 0 0 0 0 0 1 1 0
 2 2 7 3 3 2 2 2 12 12 10 3 3 0 1 1 3 3 3 13 13 1 12 12 1 1 3 2 2 2 0 0 0 0 0 0 0 0 0 0 0 0 0 1 1 0
 1 1 3 9 9 4 5 5 5 5 14 7 7 1 1 1 3 3 3 13 13 14 13 13 5 5 4 1 1 0 0 0 0 0 0 0 0 0 1 1 1 1 1 0 0 0
 1 1 3 9 9 4 5 5 5 5 14 7 7 1 1 1 3 3 3 13 13 14 13 13 5 5 4 1 1 0 0 0 0 0 0 0 0 0 1 1 1 1 1 0 0 0
 1 1 5 9 9 6 5 5 6 6 4 21 21 1 1 1 3 3 3 8 8 8 7 7 7 7 4 1 1 3 0 0 0 0 0 0 0 0 0 0 0 0 0 0 0 0
 4 4 17 16 16 9 8 8 28 28 21 18 18 4 1 1 0 0 1 3 3 8 8 8 5 5 4 7 7 4 0 0 0 0 0 0 0 0 0 0 0 0 0 0 0 0
 4 4 17 16 16 9 8 8 28 28 21 18 18 4 1 1 0 0 1 3 3 8 8 8 5 5 4 7 7 4 0 0 0 0 0 0 0 0 0 0 0 0 0 0 0 0
 25 25 24 17 17 7 22 22 56 56 76 84 84 3 1 1 2 2 2 2 2 1 1 1 1 1 4 6 6 0 0 0 0 0 0 0 0 0 0 0 0 0 0 0 0 0
 14 14 13 8 8 70 75 75 74 74 56 27 27 5 4 4 5 5 8 6 6 5 11 11 0 0 2 4 4 5 1 1 0 0 0 0 0 0 1 1 1 1 1 1 1 0
 14 14 13 8 8 70 75 75 74 74 56 27 27 5 4 4 5 5 8 6 6 5 11 11 0 0 2 4 4 5 1 1 0 0 0 0 0 0 1 1 1 1 1 1 1 0
 1 1 12 13 13 73 72 72 26 26 27 10 10 3 3 3 6 6 6 7 7 6 10 10 4 4 7 3 3 5 5 5 0 0 1 5 5 5 3 3 4 4 4 2 2 1
 1 1 12 13 13 73 72 72 26 26 27 10 10 3 3 3 6 6 6 7 7 6 10 10 4 4 7 3 3 5 5 5 0 0 1 5 5 5 3 3 4 4 4 2 2 1
 4 4 10 11 11 23 3 3 4 4 9 5 5 2 1 1 3 3 3 9 9 14 9 9 4 4 5 3 3 6 6 6 1 1 1 2 2 3 3 3 3 3 3 3 3 0
 4 4 6 2 2 4 1 1 1 1 3 1 1 1 0 0 10 10 10 14 14 9 12 12 9 9 8 3 3 5 4 4 1 1 1 2 2 2 3 3 1 1 2 0 0 0
 4 4 6 2 2 4 1 1 1 1 3 1 1 1 0 0 10 10 10 14 14 9 12 12 9 9 8 3 3 5 4 4 1 1 1 2 2 2 3 3 1 1 2 0 0 0
 3 3 4 0 0 0 0 0 0 0 1 1 1 1 2 2 10 10 11 14 14 9 7 7 5 5 4 5 5 5 1 1 1 1 2 2 2 2 0 0 0 0 0 0 0 0
 3 3 0 0 0 0 0 0 1 1 1 1 1 1 1 1 1 1 1 2 2 2 1 1 4 4 3 3 3 1 2 2 1 1 0 2 2 2 0 0 0 0 0 0 0 0
 3 3 0 0 0 0 0 0 1 1 1 1 1 1 1 1 1 1 1 2 2 2 1 1 4 4 3 3 3 1 2 2 1 1 0 2 2 2 0 0 0 0 0 0 0 0
 0 0 0 0 0 0 1 1 1 1 1 1 1 1 1 1 1 1 1 2 2 1 1 1 1 1 1 1 1 1 1 1 1 1 1 3 3 2 2 2 1 1 0 0 0 0
 0 0 0 0 0 0 1 1 1 1 1 1 1 1 1 1 1 1 1 2 2 1 1 1 1 1 1 1 1 1 1 1 1 1 1 3 3 2 2 2 1 1 0 0 0 0
 0 0 0 0 0 0 0 0 0 0 2 2 2 1 1 1 2 2 1 2 2 1 1 1 1 1 2 1 1 1 1 1 2 2 2 2 2 3 3 3 1 1 0 1 1 0
 0 0 0 0 0 0 0 0 0 0 2 2 2 1 1 1 1 1 1 2 2 7 2 2 3 3 4 2 2 1 2 2 3 3 3 2 2 5 4 4 1 1 1 1 1 0
 0 0 0 0 0 0 0 0 0 0 2 2 2 1 1 1 1 1 1 2 2 7 2 2 3 3 4 2 2 1 2 2 3 3 3 2 2 5 4 4 1 1 1 1 1 0
 1 1 1 1 1 0 0 0 0 0 0 0 0 1 1 1 2 2 1 1 1 2 2 2 2 2 2 1 1 1 2 2 3 3 7 5 5 6 2 2 1 1 1 1 1 0
 1 1 1 1 1 1 0 0 0 0 0 0 0 0 1 1 1 1 1 1 1 1 1 1 1 1 2 1 1 0 3 3 5 5 6 6 6 2 4 4 0 0 0 0 0 0
 1 1 1 1 1 1 0 0 0 0 0 0 0 0 1 1 1 1 1 1 1 1 1 1 1 1 2 1 1 0 3 3 5 5 6 6 6 2 4 4 0 0 0 0 0 0
 1 1 2 2 2 1 0 0 0 0 0 0 0 0 0 0 0 0 1 1 1 0 1 1 0 0 0 0 0 1 0 0 3 3 0 1 1 0 1 1 1 1 2 0 0 0
 1 1 2 2 2 1 0 0 0 0 0 0 0 0 0 0 0 0 1 1 1 0 1 1 0 0 0 0 0 1 0 0 3 3 0 1 1 0 1 1 1 1 2 0 0 0
 0 0 1 1 1 0 0 0 0 0 0 0 0 0 0 0 1 1 1 0 0 0 0 0 0 0 0 0 0 0 0 0 0 0 0 0 0 0 1 1 0 0 0 0 0 0
 0 0 0 0 0 0 0 0 0 0 1 1 1 1 1 1 1 1 0 0 0 0 1 1 0 0 1 1 1 0 1 1 0 0 1 1 1 0 1 1 0 0 0 0 0 0
 0 0 0 0 0 0 0 0 0 0 1 1 1 1 1 1 1 1 0 0 0 0 1 1 0 0 1 1 1 0 1 1 0 0 1 1 1 0 1 1 0 0 0 0 0 0
 0 0 1 1 1 1 2 2 1 1 1 1 1 1 1 1 1 1 1 0 0 1 1 1 0 0 0 0 0 0 1 1 0 0 0 0 0 1 0 0 1 1 1 0 0 1
 2 2 3 2 2 1 1 1 1 1 1 1 1 1 1 1 0 0 0 0 0 0 0 0 1 1 0 0 0 0 0 0 1 1 2 1 1 1 1 1 2 2 2 1 1 1
 2 2 3 2 2 1 1 1 1 1 1 1 1 1 1 1 0 0 0 0 0 0 0 0 1 1 0 0 0 0 0 0 1 1 2 1 1 1 1 1 2 2 2 1 1 1
 1 1 1 1 1 1 1 1 1 1 1 1 1 1 1 1 0 0 0 1 1 0 0 0 1 1 1 1 1 0 0 0 2 2 2 3 3 5 2 2 3 3 2 1 1 1
 1 1 1 1 1 1 1 1 1 1 1 1 1 1 1 1 0 0 0 1 1 0 0 0 1 1 1 1 1 0 0 0 2 2 2 3 3 5 2 2 3 3 2 1 1 1
 0 0 1 3 3 1 1 1 1 1 1 1 1 1 1 1 0 0 0 1 1 1 0 0 1 1 1 1 1 2 1 1 1 1 2 4 4 5 5 5 3 3 1 0 0 0
 0 0 1 2 2 1 1 1 1 1 1 1 1 0 1 1 1 1 1 1 1 1 1 1 1 1 1 1 1 3 2 2 1 1 3 4 4 4 5 5 6 6 1 1 1 0
 0 0 1 2 2 1 1 1 1 1 1 1 1 0 1 1 1 1 1 1 1 1 1 1 1 1 1 1 1 3 2 2 1 1 3 4 4 4 5 5 6 6 1 1 1 0
 0 0 0 1 1 1 0 0 0 0 0 0 0 0 0 0 1 1 1 1 1 1 1 1 2 2 2 1 1 3 2 2 1 1 2 1 1 2 2 2 4 4 3 1 1 0
 0 0 0 0 0 1 1 1 0 0 0 0 0 0 0 0 1 1 0 1 1 0 1 1 1 1 0 1 1 1 1 1 0 0 1 1 1 1 1 1 5 5 0 0 0 1
 0 0 0 0 0 1 1 1 0 0 0 0 0 0 0 0 1 1 0 1 1 0 1 1 1 1 0 1 1 1 1 1 0 0 1 1 1 1 1 1 5 5 0 0 0 1
 0 0 0 0 0 3 4 4 0 0 1 1 1 0 0 0 2 2 1 0 0 0 1 1 0 0 0 0 0 0 0 0 0 0 0 0 0 1 3 3 4 4 1 0 0 0
 0 0 0 0 0 3 4 4 0 0 1 1 1 0 0 0 2 2 1 0 0 0 1 1 0 0 0 0 0 0 0 0 0 0 0 0 0 1 3 3 4 4 1 0 0 0
 0 0 0 2 2 8 4 4 2 2 2 1 1 1 0 0 2 2 0 0 0 0 0 0 1 1 0 0 0 0 0 0 0 0 1 0 0 2 2 2 3 3 1 0 0 0
 1 1 0 3 3 7 3 3 2 2 3 3 3 2 2 2 2 2 0 0 0 0 0 0 1 1 0 0 0 0 0 0 1 1 3 1 1 0 0 0 0 0 0 0 0 0
 1 1 0 3 3 7 3 3 2 2 3 3 3 2 2 2 2 2 0 0 0 0 0 0 1 1 0 0 0 0 0 0 1 1 3 1 1 0 0 0 0 0 0 0 0 0
 1 1 1 2 2 1 1 1 1 1 1 1 1 1 2 2 1 1 2 2 2 1 1 1 1 1 1 1 1 0 0 0 0 0 1 1 1 1 1 1 0 0 3 1 1 1
 2 2 1 1 1 0 1 1 0 0 0 0 0 0 1 1 0 0 1 2 2 2 2 2 2 2 2 1 1 0 0 0 0 0 0 0 0 1 1 1 1 1 4 3 3 2
 2 2 1 1 1 0 1 1 0 0 0 0 0 0 1 1 0 0 1 2 2 2 2 2 2 2 2 1 1 0 0 0 0 0 0 0 0 1 1 1 1 1 4 3 3 2
 3 3 2 1 1 0 1 1 0 0 0 0 0 0 0 0 0 0 0 0 0 1 1 1 2 2 2 3 3 3 0 0 0 0 0 1 1 3 1 1 1 1 3 3 3 1
 3 3 2 1 1 0 1 1 0 0 0 0 0 0 0 0 0 0 0 0 0 1 1 1 2 2 2 3 3 3 0 0 0 0 0 1 1 3 1 1 1 1 3 3 3 1
 1 1 2 3 3 1 0 0 1 1 0 0 0 2 2 2 1 1 0 0 0 1 1 1 0 0 2 6 6 4 0 0 0 0 0 0 0 1 1 1 3 3 8 7 7 2
 1 1 2 2 2 2 2 2 2 2 1 1 1 3 2 2 1 1 0 3 3 3 1 1 0 0 0 1 1 1 0 0 0 0 0 0 0 0 0 0 0 0 3 1 1 0
 1 1 2 2 2 2 2 2 2 2 1 1 1 3 2 2 1 1 0 3 3 3 1 1 0 0 0 1 1 1 0 0 0 0 0 0 0 0 0 0 0 0 3 1 1 0
 1 1 2 1 1 1 2 2 2 2 1 1 1 1 0 0 0 0 7 7 7 7 6 6 2 2 1 0 0 0 0 0 0 0 0 0 0 0 0 0 0 0 0 0 0 0
 3 3 2 2 2 1 6 6 6 6 3 0 0 0 0 0 0 0 1 1 1 4 10 10 10 10 2 0 0 1 5 5 1 1 0 1 1 0 0 0 0 0 0 0 0 0
