assets/RAT_results_old/precipitation/2022-10-20_IMERG.asc
ncols        46
nrows        77
xllcorner    74.800261325624
yllcorner    8.058333333333
cellsize     0.062500000000
NODATA_value -9999
 10 10 15 31 31 22 22 22 18 18 5 6 6 15 30 30 32 32 28 25 25 19 25 25 11 11 1 4 4 7 9 9 10 10 9 8 8 7 3 3 1 1 1 2 2 4
 7 7 20 26 26 28 28 28 24 24 8 2 2 23 46 46 25 25 28 30 30 19 7 7 6 6 2 3 3 4 8 8 9 9 11 13 13 14 7 7 1 1 0 1 1 2
 7 7 20 26 26 28 28 28 24 24 8 2 2 23 46 46 25 25 28 30 30 19 7 7 6 6 2 3 3 4 8 8 9 9 11 13 13 14 7 7 1 1 0 1 1 2
 3 3 9 15 15 26 21 21 21 21 10 19 19 25 51 51 52 52 49 23 23 16 3 3 5 5 8 9 9 11 14 14 10 10 9 11 11 8 5 5 1 1 0 0 0 0
 2 2 4 11 11 21 16 16 15 15 11 23 23 27 46 46 35 35 22 16 16 14 7 7 6 6 8 9 9 21 30 30 21 21 11 12 12 8 4 4 2 2 1 0 0 0
 2 2 4 11 11 21 16 16 15 15 11 23 23 27 46 46 35 35 22 16 16 14 7 7 6 6 8 9 9 21 30 30 21 21 11 12 12 8 4 4 2 2 1 0 0 0
 2 2 3 5 5 9 11 11 10 10 8 11 11 23 35 35 22 22 22 11 11 7 8 8 14 14 25 25 25 29 30 30 35 35 14 17 17 10 5 5 3 3 2 1 1 1
 2 2 3 5 5 9 11 11 10 10 8 11 11 23 35 35 22 22 22 11 11 7 8 8 14 14 25 25 25 29 30 30 35 35 14 17 17 10 5 5 3 3 2 1 1 1
 0 0 1 6 6 12 10 10 7 7 6 12 12 14 10 10 8 8 13 14 14 19 9 9 14 14 36 32 32 40 35 35 36 36 14 15 15 13 8 8 9 9 9 7 7 3
 0 0 1 5 5 9 10 10 7 7 4 3 3 4 13 13 4 4 13 14 14 18 21 21 14 14 12 32 32 41 34 34 34 34 12 13 13 12 9 9 8 8 18 20 20 5
 0 0 1 5 5 9 10 10 7 7 4 3 3 4 13 13 4 4 13 14 14 18 21 21 14 14 12 32 32 41 34 34 34 34 12 13 13 12 9 9 8 8 18 20 20 5
 2 2 2 5 5 11 9 9 9 9 6 2 2 2 3 3 3 3 6 7 7 9 7 7 22 22 21 40 40 42 34 34 35 35 24 8 8 3 20 20 20 20 20 21 21 8
 3 3 2 2 2 4 4 4 3 3 2 1 1 0 1 1 2 2 2 9 9 10 7 7 24 24 22 41 41 19 20 20 12 12 8 7 7 6 9 9 13 13 28 28 28 9
 3 3 2 2 2 4 4 4 3 3 2 1 1 0 1 1 2 2 2 9 9 10 7 7 24 24 22 41 41 19 20 20 12 12 8 7 7 6 9 9 13 13 28 28 28 9
 3 3 3 4 4 3 2 2 1 1 1 1 1 1 1 1 2 2 2 3 3 4 4 4 9 9 22 29 29 31 24 24 13 13 9 10 10 9 13 13 18 18 18 33 33 29
 3 3 3 4 4 3 2 2 1 1 1 1 1 1 1 1 2 2 2 3 3 4 4 4 9 9 22 29 29 31 24 24 13 13 9 10 10 9 13 13 18 18 18 33 33 29
 3 3 4 5 5 3 2 2 3 3 2 2 2 2 2 2 3 3 4 5 5 6 7 7 12 12 10 10 10 10 10 10 10 10 12 12 12 12 10 10 17 17 18 39 39 38
 3 3 2 3 3 3 1 1 1 1 2 3 3 4 5 5 4 4 5 5 5 7 8 8 10 10 13 17 17 16 17 17 13 13 24 13 13 12 10 10 20 20 20 16 16 14
 3 3 2 3 3 3 1 1 1 1 2 3 3 4 5 5 4 4 5 5 5 7 8 8 10 10 13 17 17 16 17 17 13 13 24 13 13 12 10 10 20 20 20 16 16 14
 3 3 2 2 2 83 84 84 76 76 1 3 3 6 8 8 3 3 3 4 4 6 5 5 10 10 8 17 17 21 22 22 26 26 24 23 23 19 11 11 15 15 18 16 16 16
 2 2 2 2 2 0 85 85 77 77 1 2 2 4 5 5 2 2 1 1 1 2 3 3 4 4 12 14 14 25 31 31 37 37 35 27 27 23 13 13 10 10 16 17 17 20
 2 2 2 2 2 0 85 85 77 77 1 2 2 4 5 5 2 2 1 1 1 2 3 3 4 4 12 14 14 25 31 31 37 37 35 27 27 23 13 13 10 10 16 17 17 20
 3 3 2 2 2 1 0 0 105 105 3 3 3 4 9 9 7 7 2 1 1 1 3 3 3 3 21 23 23 36 25 25 30 30 30 23 23 17 16 16 14 14 19 19 19 24
 3 3 2 2 2 1 0 0 105 105 3 3 3 4 9 9 7 7 2 1 1 1 3 3 3 3 21 23 23 36 25 25 30 30 30 23 23 17 16 16 14 14 19 19 19 24
 2 2 2 1 1 10 11 11 2 2 3 3 3 9 15 15 16 16 7 3 3 1 3 3 3 3 18 20 20 34 35 35 36 36 34 35 35 35 35 35 38 38 19 19 19 23
 5 5 4 4 4 11 13 13 12 12 21 22 22 22 10 10 11 11 14 5 5 4 5 5 3 3 21 35 35 38 40 40 39 39 38 33 33 34 34 34 41 41 46 45 45 46
 5 5 4 4 4 11 13 13 12 12 21 22 22 22 10 10 11 11 14 5 5 4 5 5 3 3 21 35 35 38 40 40 39 39 38 33 33 34 34 34 41 41 46 45 45 46
 5 5 5 1 1 8 31 31 18 18 23 23 23 21 29 29 28 28 28 8 8 8 5 5 17 17 16 38 38 41 42 42 40 40 39 41 41 39 43 43 43 43 45 46 46 48
 7 7 5 3 3 11 22 22 9 9 21 21 21 21 25 25 29 29 15 12 12 10 9 9 21 21 21 39 39 43 61 61 44 44 44 41 41 49 48 48 46 46 45 62 62 43
 7 7 5 3 3 11 22 22 9 9 21 21 21 21 25 25 29 29 15 12 12 10 9 9 21 21 21 39 39 43 61 61 44 44 44 41 41 49 48 48 46 46 45 62 62 43
 11 11 10 6 6 8 7 7 7 7 19 5 5 7 10 10 16 16 12 9 9 7 8 8 11 11 11 34 34 40 48 48 59 59 43 44 44 46 45 45 47 47 41 62 62 32
 11 11 10 6 6 8 7 7 7 7 19 5 5 7 10 10 16 16 12 9 9 7 8 8 11 11 11 34 34 40 48 48 59 59 43 44 44 46 45 45 47 47 41 62 62 32
 24 24 18 6 6 9 6 6 6 6 8 5 5 8 11 11 15 15 15 13 13 8 8 8 7 7 12 34 34 43 46 46 62 62 59 59 59 59 46 46 47 47 38 50 50 29
 28 28 21 14 14 12 7 7 7 7 8 8 8 13 17 17 21 21 23 22 22 13 7 7 7 7 24 18 18 34 35 35 44 44 61 61 61 60 46 46 50 50 41 45 45 46
 28 28 21 14 14 12 7 7 7 7 8 8 8 13 17 17 21 21 23 22 22 13 7 7 7 7 24 18 18 34 35 35 44 44 61 61 61 60 46 46 50 50 41 45 45 46
 63 63 19 17 17 13 6 6 4 4 5 8 8 10 12 12 27 27 23 22 22 15 6 6 6 6 10 9 9 19 37 37 45 45 62 63 63 49 52 52 45 45 45 32 32 51
 63 63 16 12 12 9 6 6 3 3 5 5 5 8 11 11 13 13 9 13 13 10 7 7 7 7 9 10 10 21 44 44 39 39 48 52 52 93 94 94 43 43 48 27 27 59
 63 63 16 12 12 9 6 6 3 3 5 5 5 8 11 11 13 13 9 13 13 10 7 7 7 7 9 10 10 21 44 44 39 39 48 52 52 93 94 94 43 43 48 27 27 59
 23 23 16 14 14 14 10 10 4 4 6 7 7 8 18 18 18 18 18 23 23 15 13 13 13 13 11 17 17 12 22 22 22 22 40 56 56 104 99 99 48 48 50 28 28 66
 23 23 16 14 14 14 10 10 4 4 6 7 7 8 18 18 18 18 18 23 23 15 13 13 13 13 11 17 17 12 22 22 22 22 40 56 56 104 99 99 48 48 50 28 28 66
 26 26 25 28 28 16 10 10 5 5 6 5 5 8 10 10 9 9 16 30 30 35 29 29 24 24 19 16 16 13 21 21 19 19 40 38 38 65 99 99 58 58 48 35 35 67
 34 34 75 26 26 33 19 19 9 9 6 4 4 5 6 6 10 10 13 16 16 36 31 31 20 20 20 21 21 19 13 13 17 17 17 37 37 44 51 51 60 60 44 44 44 52
 34 34 75 26 26 33 19 19 9 9 6 4 4 5 6 6 10 10 13 16 16 36 31 31 20 20 20 21 21 19 13 13 17 17 17 37 37 44 51 51 60 60 44 44 44 52
 39 39 79 84 84 73 35 35 22 22 5 4 4 4 5 5 12 12 15 14 14 27 27 27 20 20 21 17 17 13 6 6 10 10 16 40 40 46 50 50 51 51 36 38 38 16
 68 68 77 76 76 62 29 29 23 23 10 11 11 12 20 20 24 24 21 23 23 19 25 25 33 33 22 21 21 18 17 17 13 13 12 33 33 34 44 44 40 40 41 34 34 14
 68 68 77 76 76 62 29 29 23 23 10 11 11 12 20 20 24 24 21 23 23 19 25 25 33 33 22 21 21 18 17 17 13 13 12 33 33 34 44 44 40 40 41 34 34 14
 25 25 22 26 26 39 29 29 22 22 12 14 14 18 16 16 16 16 20 18 18 15 20 20 36 36 21 16 16 18 27 27 23 23 27 21 21 36 43 43 43 43 43 44 44 32
 25 25 22 26 26 39 29 29 22 22 12 14 14 18 16 16 16 16 20 18 18 15 20 20 36 36 21 16 16 18 27 27 23 23 27 21 21 36 43 43 43 43 43 44 44 32
 20 20 22 25 25 27 27 27 17 17 12 10 10 9 14 14 17 17 18 18 18 17 16 16 30 30 31 32 32 33 39 39 35 35 38 45 45 49 44 44 52 52 50 46 46 42
 59 59 16 23 23 25 26 26 22 22 14 11 11 9 8 8 16 16 17 13 13 11 34 34 33 33 33 35 35 30 30 30 35 35 38 38 38 31 29 29 55 55 56 46 46 50
 59 59 16 23 23 25 26 26 22 22 14 11 11 9 8 8 16 16 17 13 13 11 34 34 33 33 33 35 35 30 30 30 35 35 38 38 38 31 29 29 55 55 56 46 46 50
 46 46 45 8 8 7 8 8 11 11 11 11 11 10 9 9 12 12 15 12 12 19 30 30 43 43 37 34 34 34 31 31 28 28 23 21 21 23 23 23 31 31 33 41 41 48
 22 22 9 9 9 5 10 10 14 14 9 16 16 11 11 11 12 12 15 20 20 18 6 6 12 12 17 21 21 23 18 18 15 15 18 23 23 20 22 22 21 21 33 35 35 49
 22 22 9 9 9 5 10 10 14 14 9 16 16 11 11 11 12 12 15 20 20 18 6 6 12 12 17 21 21 23 18 18 15 15 18 23 23 20 22 22 21 21 33 35 35 49
 27 27 11 30 30 27 19 19 19 19 16 50 50 49 11 11 13 13 19 20 20 29 13 13 13 13 17 16 16 24 16 16 11 11 17 23 23 23 21 21 23 23 37 34 34 26
 27 27 11 30 30 27 19 19 19 19 16 50 50 49 11 11 13 13 19 20 20 29 13 13 13 13 17 16 16 24 16 16 11 11 17 23 23 23 21 21 23 23 37 34 34 26
 18 18 13 27 27 37 35 35 34 34 30 56 56 62 21 21 16 16 20 18 18 14 9 9 4 4 7 13 13 18 19 19 15 15 17 20 20 28 32 32 32 32 36 29 29 28
 27 27 20 6 6 37 15 15 33 33 15 55 55 67 39 39 16 16 19 15 15 11 15 15 10 10 8 10 10 12 13 13 14 14 17 19 19 23 43 43 40 40 47 45 45 46
 27 27 20 6 6 37 15 15 33 33 15 55 55 67 39 39 16 16 19 15 15 11 15 15 10 10 8 10 10 12 13 13 14 14 17 19 19 23 43 43 40 40 47 45 45 46
 16 16 11 7 7 10 11 11 11 11 12 33 33 35 26 26 14 14 13 12 12 11 10 10 10 10 21 27 27 26 28 28 17 17 19 22 22 25 39 39 39 39 50 53 53 45
 8 8 9 13 13 9 13 13 12 12 14 21 21 21 13 13 18 18 18 16 16 14 4 4 5 5 12 27 27 25 28 28 15 15 15 16 16 19 28 28 36 36 42 44 44 52
 8 8 9 13 13 9 13 13 12 12 14 21 21 21 13 13 18 18 18 16 16 14 4 4 5 5 12 27 27 25 28 28 15 15 15 16 16 19 28 28 36 36 42 44 44 52
 11 11 13 13 13 8 10 10 8 8 7 8 8 6 7 7 59 59 65 76 76 70 5 5 6 6 12 26 26 28 15 15 16 16 8 10 10 13 20 20 27 27 28 30 30 33
 11 11 13 13 13 8 10 10 8 8 7 8 8 6 7 7 59 59 65 76 76 70 5 5 6 6 12 26 26 28 15 15 16 16 8 10 10 13 20 20 27 27 28 30 30 33
 9 9 31 8 8 6 8 8 8 8 69 76 76 132 133 133 64 64 62 70 70 68 4 4 12 12 3 18 18 23 19 19 13 13 5 6 6 8 11 11 14 14 18 21 21 26
 34 34 33 12 12 18 19 19 110 110 109 72 72 133 136 136 140 140 153 140 140 121 119 119 123 123 8 18 18 22 19 19 26 26 4 5 5 4 5 5 7 7 10 10 10 11
 34 34 33 12 12 18 19 19 110 110 109 72 72 133 136 136 140 140 153 140 140 121 119 119 123 123 8 18 18 22 19 19 26 26 4 5 5 4 5 5 7 7 10 10 10 11
 11 11 10 14 14 21 24 24 133 133 135 127 127 131 134 134 141 141 151 140 140 124 122 122 122 122 127 23 23 5 14 14 18 18 11 4 4 3 3 3 4 4 4 4 4 7
 14 14 12 12 12 20 36 36 55 55 36 130 130 12 132 132 140 140 167 145 145 131 124 124 155 155 159 72 72 6 9 9 12 12 14 10 10 6 2 2 2 2 4 2 2 5
 14 14 12 12 12 20 36 36 55 55 36 130 130 12 132 132 140 140 167 145 145 131 124 124 155 155 159 72 72 6 9 9 12 12 14 10 10 6 2 2 2 2 4 2 2 5
 13 13 17 20 20 10 13 13 32 32 15 15 15 12 13 13 33 33 33 145 145 40 38 38 142 142 98 103 103 2 3 3 3 3 5 10 10 7 3 3 1 1 2 2 2 3
 13 13 17 20 20 10 13 13 32 32 15 15 15 12 13 13 33 33 33 145 145 40 38 38 142 142 98 103 103 2 3 3 3 3 5 10 10 7 3 3 1 1 2 2 2 3
 13 13 18 22 22 14 19 19 19 19 30 26 26 18 19 19 30 30 37 36 36 27 20 20 15 15 18 18 18 8 7 7 4 4 1 7 7 7 4 4 3 3 2 2 2 3
 17 17 23 28 28 23 31 31 31 31 29 48 48 18 20 20 46 46 21 23 23 34 23 23 13 13 11 10 10 12 10 10 12 12 11 10 10 6 11 11 12 12 6 3 3 4
 17 17 23 28 28 23 31 31 31 31 29 48 48 18 20 20 46 46 21 23 23 34 23 23 13 13 11 10 10 12 10 10 12 12 11 10 10 6 11 11 12 12 6 3 3 4
 18 18 26 29 29 34 26 26 26 26 27 45 45 33 37 37 38 38 20 14 14 16 14 14 9 9 10 10 10 8 20 20 23 23 19 17 17 16 11 11 11 11 5 5 5 5
 23 23 21 26 26 45 41 41 49 49 56 62 62 32 32 32 64 64 27 22 22 24 13 13 13 13 12 21 21 31 41 41 18 18 19 17 17 18 15 15 14 14 4 3 3 1
