assets/RAT_results_old/precipitation/2022-04-02_IMERG.asc
ncols        46
nrows        77
xllcorner    74.800261325624
yllcorner    8.058333333333
cellsize     0.062500000000
NODATA_value -9999
 2 2 1 4 4 7 10 10 10 10 23 19 19 18 3 3 3 3 9 14 14 1 0 0 0 0 0 0 0 0 0 0 0 0 0 0 0 0 0 0 0 0 0 0 0 0
 3 3 1 2 2 4 6 6 7 7 7 26 26 25 5 5 4 4 19 13 13 2 0 0 0 0 0 0 0 0 0 0 0 0 0 0 0 0 0 0 0 0 0 0 0 0
 3 3 1 2 2 4 6 6 7 7 7 26 26 25 5 5 4 4 19 13 13 2 0 0 0 0 0 0 0 0 0 0 0 0 0 0 0 0 0 0 0 0 0 0 0 0
 14 14 1 1 1 3 3 3 3 3 4 4 4 6 6 6 4 4 11 9 9 0 0 0 0 0 0 0 0 0 0 0 0 0 0 0 0 0 0 0 0 0 0 0 0 0
 1 1 1 0 0 0 0 0 0 0 1 2 2 4 5 5 9 9 16 1 1 0 0 0 0 0 0 0 0 0 0 0 0 0 0 0 0 0 0 0 0 0 0 0 0 0
 1 1 1 0 0 0 0 0 0 0 1 2 2 4 5 5 9 9 16 1 1 0 0 0 0 0 0 0 0 0 0 0 0 0 0 0 0 0 0 0 0 0 0 0 0 0
 1 1 0 0 0 0 0 0 0 0 0 0 0 2 3 3 1 1 2 0 0 0 0 0 0 0 0 0 0 0 0 0 0 0 0 0 0 0 0 0 0 0 0 0 0 0
 1 1 0 0 0 0 0 0 0 0 0 0 0 2 3 3 1 1 2 0 0 0 0 0 0 0 0 0 0 0 0 0 0 0 0 0 0 0 0 0 0 0 0 0 0 0
 0 0 0 0 0 0 0 0 0 0 0 0 0 0 0 0 0 0 0 0 0 0 0 0 0 0 0 0 0 0 0 0 0 0 0 0 0 0 0 0 0 0 0 0 0 0
 0 0 0 0 0 0 0 0 0 0 0 0 0 0 0 0 0 0 0 0 0 0 0 0 0 0 0 0 0 0 0 0 0 0 0 0 0 0 0 0 0 0 0 0 0 0
 0 0 0 0 0 0 0 0 0 0 0 0 0 0 0 0 0 0 0 0 0 0 0 0 0 0 0 0 0 0 0 0 0 0 0 0 0 0 0 0 0 0 0 0 0 0
 0 0 0 0 0 0 1 1 1 1 0 0 0 0 0 0 0 0 0 0 0 0 0 0 0 0 0 0 0 0 0 0 0 0 0 0 0 0 0 0 0 0 0 0 0 0
 0 0 0 0 0 1 2 2 2 2 2 1 1 1 1 1 1 1 1 4 4 1 1 1 0 0 0 0 0 0 0 0 0 0 0 0 0 0 0 0 0 0 0 0 0 0
 0 0 0 0 0 1 2 2 2 2 2 1 1 1 1 1 1 1 1 4 4 1 1 1 0 0 0 0 0 0 0 0 0 0 0 0 0 0 0 0 0 0 0 0 0 0
 0 0 0 0 0 1 4 4 7 7 9 8 8 6 5 5 12 12 14 21 21 20 1 1 1 1 0 0 0 0 0 0 0 0 0 0 0 0 0 0 0 0 0 0 0 0
 0 0 0 0 0 1 4 4 7 7 9 8 8 6 5 5 12 12 14 21 21 20 1 1 1 1 0 0 0 0 0 0 0 0 0 0 0 0 0 0 0 0 0 0 0 0
 0 0 0 0 0 1 3 3 9 9 11 11 11 9 18 18 12 12 21 25 25 19 2 2 2 2 0 0 0 0 0 0 0 0 0 0 0 0 0 0 0 0 0 0 0 0
 1 1 0 0 0 1 3 3 3 3 6 6 6 6 21 21 26 26 17 24 24 18 9 9 1 1 1 0 0 0 0 0 0 0 0 0 0 0 0 0 0 0 0 0 0 0
 1 1 0 0 0 1 3 3 3 3 6 6 6 6 21 21 26 26 17 24 24 18 9 9 1 1 1 0 0 0 0 0 0 0 0 0 0 0 0 0 0 0 0 0 0 0
 1 1 0 0 0 1 1 1 2 2 1 3 3 12 20 20 25 25 19 8 8 10 4 4 4 4 0 1 1 0 0 0 0 0 0 0 0 0 0 0 0 0 0 0 0 0
 1 1 1 0 0 0 1 1 1 1 0 2 2 10 10 10 19 19 13 1 1 1 0 0 0 0 0 0 0 0 0 0 0 0 0 0 0 0 0 0 0 0 0 0 0 0
 1 1 1 0 0 0 1 1 1 1 0 2 2 10 10 10 19 19 13 1 1 1 0 0 0 0 0 0 0 0 0 0 0 0 0 0 0 0 0 0 0 0 0 0 0 0
 0 0 1 1 1 0 0 0 0 0 0 0 0 2 3 3 6 6 8 0 0 0 0 0 0 0 0 0 0 0 0 0 0 0 0 0 0 0 0 0 0 0 0 0 0 0
 0 0 1 1 1 0 0 0 0 0 0 0 0 2 3 3 6 6 8 0 0 0 0 0 0 0 0 0 0 0 0 0 0 0 0 0 0 0 0 0 0 0 0 0 0 0
 0 0 0 0 0 0 0 0 0 0 0 0 0 0 1 1 1 1 0 0 0 0 0 0 1 1 0 0 0 0 0 0 0 0 0 0 0 0 0 0 0 0 0 0 0 0
 0 0 0 0 0 0 0 0 0 0 0 0 0 0 1 1 2 2 1 1 1 2 7 7 24 24 1 0 0 0 0 0 0 0 0 0 0 0 0 0 0 0 0 0 0 0
 0 0 0 0 0 0 0 0 0 0 0 0 0 0 1 1 2 2 1 1 1 2 7 7 24 24 1 0 0 0 0 0 0 0 0 0 0 0 0 0 0 0 0 0 0 0
 0 0 0 0 0 0 0 0 0 0 0 0 0 0 0 0 1 1 1 0 0 0 2 2 12 12 0 0 0 0 0 0 0 0 0 0 0 0 0 0 0 0 0 0 0 0
 0 0 0 0 0 0 0 0 0 0 0 0 0 0 0 0 0 0 1 9 9 0 0 0 0 0 0 0 0 0 0 0 0 0 0 0 0 0 0 0 0 0 0 0 0 0
 0 0 0 0 0 0 0 0 0 0 0 0 0 0 0 0 0 0 1 9 9 0 0 0 0 0 0 0 0 0 0 0 0 0 0 0 0 0 0 0 0 0 0 0 0 0
 0 0 0 0 0 0 0 0 0 0 0 0 0 0 0 0 0 0 0 0 0 0 1 1 1 1 0 0 0 0 0 0 0 0 0 0 0 0 0 0 0 0 0 0 0 0
 0 0 0 0 0 0 0 0 0 0 0 0 0 0 0 0 0 0 0 0 0 0 1 1 1 1 0 0 0 0 0 0 0 0 0 0 0 0 0 0 0 0 0 0 0 0
 0 0 0 0 0 0 0 0 0 0 0 0 0 0 0 0 0 0 0 0 0 0 1 1 0 0 0 5 5 5 0 0 0 0 0 0 0 0 0 0 0 0 0 0 0 0
 0 0 0 0 0 0 0 0 0 0 0 0 0 0 0 0 0 0 0 0 0 0 0 0 0 0 0 0 0 0 0 0 0 0 0 0 0 0 2 2 0 0 0 0 0 0
 0 0 0 0 0 0 0 0 0 0 0 0 0 0 0 0 0 0 0 0 0 0 0 0 0 0 0 0 0 0 0 0 0 0 0 0 0 0 2 2 0 0 0 0 0 0
 0 0 1 1 1 1 1 1 1 1 1 1 1 2 1 1 0 0 0 0 0 0 0 0 0 0 0 0 0 0 0 0 0 0 0 0 0 0 0 0 1 1 0 0 0 0
 0 0 1 1 1 5 6 6 6 6 9 10 10 5 3 3 2 2 1 0 0 0 0 0 0 0 0 0 0 0 0 0 0 0 0 0 0 0 0 0 0 0 0 0 0 0
 0 0 1 1 1 5 6 6 6 6 9 10 10 5 3 3 2 2 1 0 0 0 0 0 0 0 0 0 0 0 0 0 0 0 0 0 0 0 0 0 0 0 0 0 0 0
 0 0 0 1 1 5 7 7 9 9 12 11 11 7 8 8 7 7 7 2 2 0 0 0 0 0 6 0 0 0 0 0 0 0 7 0 0 0 0 0 0 0 0 0 0 0
 0 0 0 1 1 5 7 7 9 9 12 11 11 7 8 8 7 7 7 2 2 0 0 0 0 0 6 0 0 0 0 0 0 0 7 0 0 0 0 0 0 0 0 0 0 0
 0 0 0 0 0 4 6 6 15 15 18 17 17 14 16 16 12 12 10 4 4 0 0 0 3 3 9 0 0 0 0 0 0 0 2 0 0 1 0 0 0 0 0 0 0 2
 0 0 1 2 2 2 4 4 18 18 17 18 18 16 18 18 13 13 10 14 14 3 2 2 6 6 9 1 1 1 0 0 0 0 0 0 0 0 0 0 4 4 1 4 4 0
 0 0 1 2 2 2 4 4 18 18 17 18 18 16 18 18 13 13 10 14 14 3 2 2 6 6 9 1 1 1 0 0 0 0 0 0 0 0 0 0 4 4 1 4 4 0
 1 1 3 14 14 3 3 3 16 16 20 16 16 16 19 19 14 14 12 17 17 17 10 10 14 14 0 2 2 3 9 9 9 9 0 1 1 2 10 10 5 5 6 0 0 0
 1 1 2 13 13 18 18 18 33 33 36 25 25 23 19 19 13 13 12 11 11 8 12 12 9 9 0 5 5 5 10 10 18 18 0 1 1 22 6 6 5 5 1 0 0 0
 1 1 2 13 13 18 18 18 33 33 36 25 25 23 19 19 13 13 12 11 11 8 12 12 9 9 0 5 5 5 10 10 18 18 0 1 1 22 6 6 5 5 1 0 0 0
 1 1 1 19 19 22 17 17 32 32 34 23 23 24 9 9 12 12 12 13 13 11 8 8 6 6 2 4 4 49 49 49 24 24 24 18 18 22 6 6 2 2 0 0 0 0
 1 1 1 19 19 22 17 17 32 32 34 23 23 24 9 9 12 12 12 13 13 11 8 8 6 6 2 4 4 49 49 49 24 24 24 18 18 22 6 6 2 2 0 0 0 0
 1 1 2 20 20 23 17 17 18 18 20 45 45 46 24 24 27 27 10 11 11 11 8 8 10 10 4 8 8 50 83 83 82 82 26 25 25 38 8 8 1 1 1 0 0 0
 1 1 6 13 13 12 37 37 37 37 38 40 40 46 21 21 24 24 15 13 13 12 10 10 17 17 11 10 10 21 69 69 38 38 27 37 37 39 9 9 4 4 3 3 3 2
 1 1 6 13 13 12 37 37 37 37 38 40 40 46 21 21 24 24 15 13 13 12 10 10 17 17 11 10 10 21 69 69 38 38 27 37 37 39 9 9 4 4 3 3 3 2
 2 2 2 3 3 5 38 38 37 37 33 38 38 40 17 17 20 20 24 26 26 12 9 9 14 14 11 12 12 18 82 82 50 50 14 10 10 14 2 2 4 4 4 4 4 3
 1 1 1 2 2 2 2 2 8 8 25 26 26 25 18 18 20 20 23 25 25 11 12 12 13 13 9 9 9 21 49 49 83 83 26 3 3 5 1 1 1 1 1 2 2 2
 1 1 1 2 2 2 2 2 8 8 25 26 26 25 18 18 20 20 23 25 25 11 12 12 13 13 9 9 9 21 49 49 83 83 26 3 3 5 1 1 1 1 1 2 2 2
 1 1 1 1 1 2 2 2 2 2 8 26 26 16 17 17 19 19 23 24 24 10 7 7 10 10 9 10 10 25 37 37 23 23 23 14 14 11 0 0 6 6 0 0 0 1
 1 1 1 1 1 2 2 2 2 2 8 26 26 16 17 17 19 19 23 24 24 10 7 7 10 10 9 10 10 25 37 37 23 23 23 14 14 11 0 0 6 6 0 0 0 1
 0 0 0 0 0 0 1 1 1 1 1 7 7 18 20 20 21 21 15 17 17 12 12 12 15 15 8 14 14 20 24 24 29 29 30 23 23 2 0 0 0 0 0 0 0 0
 0 0 0 0 0 0 1 1 2 2 1 2 2 6 21 21 14 14 18 18 18 12 9 9 13 13 13 9 9 47 81 81 49 49 24 20 20 1 0 0 0 0 0 0 0 6
 0 0 0 0 0 0 1 1 2 2 1 2 2 6 21 21 14 14 18 18 18 12 9 9 13 13 13 9 9 47 81 81 49 49 24 20 20 1 0 0 0 0 0 0 0 6
 5 5 5 6 6 0 1 1 3 3 3 3 3 7 6 6 5 5 7 6 6 9 8 8 7 7 13 11 11 18 51 51 28 28 97 18 18 1 1 1 0 0 9 11 11 8
 5 5 5 8 8 7 2 2 3 3 4 4 4 4 3 3 3 3 2 4 4 3 2 2 1 1 7 9 9 13 47 47 23 23 27 22 22 3 3 3 5 5 18 28 28 13
 5 5 5 8 8 7 2 2 3 3 4 4 4 4 3 3 3 3 2 4 4 3 2 2 1 1 7 9 9 13 47 47 23 23 27 22 22 3 3 3 5 5 18 28 28 13
 8 8 8 12 12 13 4 4 4 4 4 3 3 4 2 2 1 1 1 3 3 1 2 2 2 2 1 6 6 15 17 17 27 27 33 33 33 11 8 8 10 10 20 21 21 17
 8 8 8 12 12 13 4 4 4 4 4 3 3 4 2 2 1 1 1 3 3 1 2 2 2 2 1 6 6 15 17 17 27 27 33 33 33 11 8 8 10 10 20 21 21 17
 3 3 1 10 10 12 3 3 4 4 4 3 3 3 2 2 1 1 4 1 1 2 4 4 2 2 2 2 2 12 13 13 23 23 29 32 32 22 6 6 10 10 46 14 14 13
 4 4 0 2 2 2 2 2 3 3 3 2 2 1 1 1 2 2 1 1 1 2 2 2 2 2 2 2 2 10 13 13 18 18 28 35 35 54 15 15 16 16 14 10 10 8
 4 4 0 2 2 2 2 2 3 3 3 2 2 1 1 1 2 2 1 1 1 2 2 2 2 2 2 2 2 10 13 13 18 18 28 35 35 54 15 15 16 16 14 10 10 8
 0 0 0 3 3 3 1 1 2 2 3 2 2 2 2 2 0 0 0 1 1 1 1 1 1 1 2 3 3 5 13 13 14 14 11 40 40 60 24 24 22 22 10 8 8 0
 0 0 0 1 1 2 1 1 1 1 2 2 2 1 1 1 1 1 0 0 0 0 1 1 1 1 1 2 2 1 1 1 7 7 16 26 26 29 26 26 28 28 18 0 0 0
 0 0 0 1 1 2 1 1 1 1 2 2 2 1 1 1 1 1 0 0 0 0 1 1 1 1 1 2 2 1 1 1 7 7 16 26 26 29 26 26 28 28 18 0 0 0
 0 0 0 0 0 1 2 2 0 0 0 2 2 2 1 1 1 1 0 0 0 0 0 0 5 5 1 1 1 0 0 0 0 0 1 9 9 9 14 14 24 24 18 0 0 0
 0 0 0 0 0 1 2 2 0 0 0 2 2 2 1 1 1 1 0 0 0 0 0 0 5 5 1 1 1 0 0 0 0 0 1 9 9 9 14 14 24 24 18 0 0 0
 0 0 0 1 1 1 1 1 0 0 0 0 0 1 0 0 0 0 0 0 0 0 0 0 1 1 0 0 0 0 0 0 0 0 2 0 0 2 10 10 0 0 11 0 0 0
 0 0 0 0 0 0 0 0 0 0 0 0 0 0 0 0 0 0 0 0 0 0 0 0 0 0 0 0 0 0 0 0 0 0 0 0 0 0 1 1 0 0 0 0 0 0
 0 0 0 0 0 0 0 0 0 0 0 0 0 0 0 0 0 0 0 0 0 0 0 0 0 0 0 0 0 0 0 0 0 0 0 0 0 0 1 1 0 0 0 0 0 0
 0 0 0 0 0 0 0 0 0 0 0 0 0 0 0 0 0 0 0 0 0 0 0 0 0 0 0 0 0 3 0 0 0 0 0 0 0 0 1 1 0 0 0 0 0 0
 0 0 0 0 0 0 0 0 0 0 0 0 0 0 0 0 0 0 0 1 1 0 0 0 0 0 0 0 0 0 0 0 0 0 0 0 0 0 0 0 0 0 1 0 0 0
