assets/RAT_results_old/precipitation/2022-07-27_IMERG.asc
ncols        46
nrows        77
xllcorner    74.800261325624
yllcorner    8.058333333333
cellsize     0.062500000000
NODATA_value -9999
 52 52 70 81 81 77 66 66 39 39 26 19 19 19 18 18 18 18 15 10 10 10 13 13 19 19 20 33 33 49 39 39 33 33 25 24 24 17 16 16 13 13 11 9 9 8
 59 59 77 87 87 90 85 85 64 64 38 22 22 21 23 23 24 24 19 14 14 12 13 13 16 16 25 24 24 30 31 31 34 34 28 27 27 16 14 14 15 15 13 12 12 10
 59 59 77 87 87 90 85 85 64 64 38 22 22 21 23 23 24 24 19 14 14 12 13 13 16 16 25 24 24 30 31 31 34 34 28 27 27 16 14 14 15 15 13 12 12 10
 52 52 64 80 80 87 92 92 74 74 46 25 25 19 21 21 17 17 11 10 10 11 14 14 18 18 22 17 17 15 14 14 14 14 15 20 20 17 15 15 14 14 15 14 14 15
 36 36 49 58 58 65 55 55 49 49 31 20 20 11 16 16 17 17 8 8 8 10 13 13 19 19 17 14 14 13 14 14 13 13 12 12 12 13 13 13 12 12 14 15 15 17
 36 36 49 58 58 65 55 55 49 49 31 20 20 11 16 16 17 17 8 8 8 10 13 13 19 19 17 14 14 13 14 14 13 13 12 12 12 13 13 13 12 12 14 15 15 17
 24 24 27 42 42 45 34 34 23 23 18 13 13 6 6 6 8 8 6 6 6 7 10 10 11 11 12 13 13 12 11 11 13 13 13 13 13 16 15 15 14 14 13 17 17 20
 24 24 27 42 42 45 34 34 23 23 18 13 13 6 6 6 8 8 6 6 6 7 10 10 11 11 12 13 13 12 11 11 13 13 13 13 13 16 15 15 14 14 13 17 17 20
 21 21 21 27 27 28 25 25 17 17 13 13 13 10 11 11 7 7 8 11 11 12 11 11 10 10 8 8 8 8 8 8 16 16 17 14 14 14 14 14 16 16 19 17 17 11
 23 23 19 24 24 25 28 28 25 25 14 11 11 10 11 11 8 8 10 13 13 13 13 13 12 12 12 12 12 22 20 20 13 13 15 11 11 25 19 19 23 23 20 15 15 11
 23 23 19 24 24 25 28 28 25 25 14 11 11 10 11 11 8 8 10 13 13 13 13 13 12 12 12 12 12 22 20 20 13 13 15 11 11 25 19 19 23 23 20 15 15 11
 9 9 9 11 11 17 24 24 21 21 14 12 12 7 9 9 7 7 8 8 8 11 13 13 12 12 16 14 14 9 6 6 11 11 11 20 20 24 20 20 19 19 16 12 12 11
 7 7 7 8 8 13 17 17 20 20 20 22 22 14 7 7 4 4 4 6 6 8 11 11 14 14 15 12 12 9 6 6 12 12 11 6 6 13 28 28 26 26 13 12 12 13
 7 7 7 8 8 13 17 17 20 20 20 22 22 14 7 7 4 4 4 6 6 8 11 11 14 14 15 12 12 9 6 6 12 12 11 6 6 13 28 28 26 26 13 12 12 13
 7 7 8 8 8 8 14 14 16 16 21 22 22 21 12 12 6 6 4 3 3 4 6 6 10 10 11 9 9 7 7 7 12 12 10 10 10 12 10 10 31 31 29 30 30 15
 7 7 8 8 8 8 14 14 16 16 21 22 22 21 12 12 6 6 4 3 3 4 6 6 10 10 11 9 9 7 7 7 12 12 10 10 10 12 10 10 31 31 29 30 30 15
 9 9 8 8 8 8 10 10 16 16 22 21 21 15 12 12 15 15 9 4 4 4 5 5 6 6 7 13 13 12 8 8 9 9 10 14 14 13 10 10 27 27 7 7 7 8
 7 7 9 11 11 9 9 9 9 9 11 10 10 10 10 10 18 18 13 6 6 6 9 9 8 8 14 30 30 30 24 24 6 6 8 12 12 13 10 10 6 6 4 5 5 3
 7 7 9 11 11 9 9 9 9 9 11 10 10 10 10 10 18 18 13 6 6 6 9 9 8 8 14 30 30 30 24 24 6 6 8 12 12 13 10 10 6 6 4 5 5 3
 7 7 10 12 12 9 8 8 9 9 8 9 9 8 7 7 14 14 13 9 9 10 14 14 9 9 15 31 31 31 26 26 21 21 23 17 17 12 9 9 6 6 3 5 5 5
 6 6 7 8 8 8 7 7 8 8 9 13 13 14 11 11 6 6 6 9 9 9 13 13 20 20 19 29 29 33 33 33 17 17 9 15 15 11 11 11 7 7 4 3 3 3
 6 6 7 8 8 8 7 7 8 8 9 13 13 14 11 11 6 6 6 9 9 9 13 13 20 20 19 29 29 33 33 33 17 17 9 15 15 11 11 11 7 7 4 3 3 3
 3 3 4 5 5 4 6 6 7 7 8 10 10 16 13 13 5 5 5 8 8 9 9 9 8 8 9 9 9 8 31 31 16 16 8 9 9 7 7 7 6 6 2 1 1 3
 3 3 4 5 5 4 6 6 7 7 8 10 10 16 13 13 5 5 5 8 8 9 9 9 8 8 9 9 9 8 31 31 16 16 8 9 9 7 7 7 6 6 2 1 1 3
 3 3 3 3 3 3 6 6 6 6 5 6 6 9 8 8 7 7 8 13 13 13 8 8 6 6 7 8 8 7 5 5 5 5 5 5 5 4 3 3 2 2 1 0 0 2
 2 2 3 5 5 4 5 5 5 5 5 5 5 5 6 6 8 8 9 8 8 7 4 4 4 4 3 4 4 4 4 4 4 4 4 2 2 1 1 1 1 1 1 0 0 0
 2 2 3 5 5 4 5 5 5 5 5 5 5 5 6 6 8 8 9 8 8 7 4 4 4 4 3 4 4 4 4 4 4 4 4 2 2 1 1 1 1 1 1 0 0 0
 5 5 8 5 5 5 5 5 5 5 6 6 6 6 4 4 5 5 6 4 4 2 1 1 1 1 1 2 2 1 2 2 2 2 2 1 1 1 1 1 2 2 1 2 2 0
 8 8 9 8 8 7 7 7 7 7 9 9 9 10 9 9 11 11 11 8 8 4 3 3 3 3 2 1 1 1 1 1 1 1 1 1 1 1 2 2 2 2 1 2 2 0
 8 8 9 8 8 7 7 7 7 7 9 9 9 10 9 9 11 11 11 8 8 4 3 3 3 3 2 1 1 1 1 1 1 1 1 1 1 1 2 2 2 2 1 2 2 0
 9 9 11 9 9 9 8 8 8 8 8 9 9 10 12 12 14 14 12 11 11 9 9 9 9 9 7 3 3 1 1 1 1 1 0 0 0 1 1 1 1 1 1 0 0 0
 9 9 11 9 9 9 8 8 8 8 8 9 9 10 12 12 14 14 12 11 11 9 9 9 9 9 7 3 3 1 1 1 1 1 0 0 0 1 1 1 1 1 1 0 0 0
 6 6 9 11 11 11 9 9 9 9 11 11 11 11 12 12 12 12 11 13 13 14 14 14 13 13 11 6 6 4 5 5 2 2 1 0 0 0 1 1 9 9 1 0 0 0
 2 2 6 10 10 7 8 8 11 11 14 13 13 11 12 12 9 9 14 15 15 16 14 14 13 13 11 7 7 7 8 8 5 5 2 1 1 2 8 8 9 9 2 0 0 0
 2 2 6 10 10 7 8 8 11 11 14 13 13 11 12 12 9 9 14 15 15 16 14 14 13 13 11 7 7 7 8 8 5 5 2 1 1 2 8 8 9 9 2 0 0 0
 2 2 5 7 7 7 5 5 5 5 7 7 7 10 11 11 10 10 19 22 22 17 17 17 21 21 16 8 8 6 7 7 4 4 4 3 3 2 8 8 12 12 7 6 6 0
 2 2 4 7 7 9 6 6 4 4 5 6 6 6 7 7 10 10 16 19 19 15 20 20 20 20 18 17 17 6 5 5 5 5 3 3 3 1 11 11 11 11 7 7 7 0
 2 2 4 7 7 9 6 6 4 4 5 6 6 6 7 7 10 10 16 19 19 15 20 20 20 20 18 17 17 6 5 5 5 5 3 3 3 1 11 11 11 11 7 7 7 0
 2 2 3 4 4 4 5 5 5 5 6 7 7 7 7 7 18 18 23 23 23 19 22 22 19 19 16 29 29 28 10 10 9 9 4 4 4 2 2 2 1 1 2 4 4 1
 2 2 3 4 4 4 5 5 5 5 6 7 7 7 7 7 18 18 23 23 23 19 22 22 19 19 16 29 29 28 10 10 9 9 4 4 4 2 2 2 1 1 2 4 4 1
 2 2 2 2 2 3 3 3 5 5 5 5 5 4 10 10 13 13 25 32 32 42 39 39 42 42 36 30 30 30 12 12 17 17 9 8 8 7 6 6 3 3 10 8 8 2
 5 5 2 2 2 2 2 2 6 6 12 12 12 8 19 19 20 20 21 29 29 37 35 35 39 39 34 38 38 35 21 21 19 19 12 28 28 26 25 25 13 13 11 7 7 28
 5 5 2 2 2 2 2 2 6 6 12 12 12 8 19 19 20 20 21 29 29 37 35 35 39 39 34 38 38 35 21 21 19 19 12 28 28 26 25 25 13 13 11 7 7 28
 5 5 2 2 2 1 2 2 4 4 8 9 9 9 21 21 22 22 22 32 32 36 47 47 43 43 38 43 43 38 37 37 41 41 38 34 34 31 32 32 34 34 31 35 35 31
 3 3 3 2 2 2 2 2 3 3 6 6 6 7 7 7 25 25 25 30 30 45 53 53 42 42 35 40 40 39 37 37 43 43 46 43 43 46 44 44 39 39 36 19 19 14
 3 3 3 2 2 2 2 2 3 3 6 6 6 7 7 7 25 25 25 30 30 45 53 53 42 42 35 40 40 39 37 37 43 43 46 43 43 46 44 44 39 39 36 19 19 14
 3 3 3 2 2 2 3 3 3 3 4 3 3 4 5 5 17 17 19 34 34 48 48 48 47 47 33 29 29 32 32 32 39 39 43 43 43 50 39 39 35 35 24 19 19 14
 3 3 3 2 2 2 3 3 3 3 4 3 3 4 5 5 17 17 19 34 34 48 48 48 47 47 33 29 29 32 32 32 39 39 43 43 43 50 39 39 35 35 24 19 19 14
 1 1 1 2 2 2 2 2 2 2 4 3 3 4 4 4 15 15 18 33 33 39 36 36 39 39 37 30 30 27 29 29 18 18 24 26 26 30 32 32 30 30 33 31 31 16
 1 1 1 1 1 3 2 2 3 3 3 3 3 3 4 4 6 6 10 14 14 32 37 37 38 38 39 35 35 39 27 27 36 36 20 27 27 30 33 33 24 24 31 27 27 40
 1 1 1 1 1 3 2 2 3 3 3 3 3 3 4 4 6 6 10 14 14 32 37 37 38 38 39 35 35 39 27 27 36 36 20 27 27 30 33 33 24 24 31 27 27 40
 1 1 1 1 1 1 1 1 2 2 2 3 3 4 5 5 6 6 7 10 10 26 28 28 32 32 35 33 33 40 38 38 38 38 27 25 25 19 19 19 25 25 22 33 33 2
 2 2 2 2 2 3 1 1 1 1 1 7 7 8 7 7 3 3 4 6 6 19 17 17 25 25 24 27 27 32 33 33 34 34 30 26 26 10 14 14 15 15 15 43 43 4
 2 2 2 2 2 3 1 1 1 1 1 7 7 8 7 7 3 3 4 6 6 19 17 17 25 25 24 27 27 32 33 33 34 34 30 26 26 10 14 14 15 15 15 43 43 4
 3 3 3 3 3 3 2 2 2 2 4 10 10 14 7 7 6 6 4 5 5 12 16 16 24 24 26 28 28 26 24 24 23 23 22 17 17 12 22 22 7 7 8 8 8 9
 3 3 3 3 3 3 2 2 2 2 4 10 10 14 7 7 6 6 4 5 5 12 16 16 24 24 26 28 28 26 24 24 23 23 22 17 17 12 22 22 7 7 8 8 8 9
 4 4 5 5 5 5 5 5 5 5 5 12 12 12 9 9 5 5 4 5 5 10 14 14 14 14 22 25 25 26 31 31 20 20 9 7 7 17 11 11 7 7 7 13 13 14
 1 1 2 5 5 5 5 5 5 5 5 8 8 8 8 8 6 6 2 4 4 5 7 7 6 6 12 18 18 19 22 22 19 19 17 12 12 9 11 11 13 13 16 26 26 16
 1 1 2 5 5 5 5 5 5 5 5 8 8 8 8 8 6 6 2 4 4 5 7 7 6 6 12 18 18 19 22 22 19 19 17 12 12 9 11 11 13 13 16 26 26 16
 3 3 4 7 7 5 5 5 5 5 5 8 8 8 8 8 5 5 2 3 3 4 4 4 4 4 10 15 15 19 20 20 15 15 18 13 13 10 14 14 13 13 21 19 19 8
 3 3 3 5 5 4 2 2 4 4 5 5 5 7 5 5 5 5 3 3 3 4 3 3 4 4 10 13 13 16 18 18 19 19 24 20 20 19 11 11 11 11 12 15 15 8
 3 3 3 5 5 4 2 2 4 4 5 5 5 7 5 5 5 5 3 3 3 4 3 3 4 4 10 13 13 16 18 18 19 19 24 20 20 19 11 11 11 11 12 15 15 8
 1 1 1 1 1 2 2 2 5 5 6 6 6 8 3 3 4 4 4 3 3 4 4 4 4 4 5 12 12 14 27 27 31 31 26 27 27 21 22 22 22 22 17 10 10 7
 1 1 1 1 1 2 2 2 5 5 6 6 6 8 3 3 4 4 4 3 3 4 4 4 4 4 5 12 12 14 27 27 31 31 26 27 27 21 22 22 22 22 17 10 10 7
 1 1 1 1 1 2 5 5 4 4 6 7 7 7 5 5 4 4 5 5 5 5 6 6 6 6 6 11 11 14 20 20 22 22 26 29 29 21 22 22 19 19 20 16 16 11
 2 2 2 3 3 4 7 7 4 4 6 7 7 10 9 9 9 9 9 7 7 10 11 11 7 7 6 8 8 11 19 19 25 25 23 15 15 13 9 9 9 9 14 20 20 17
 2 2 2 3 3 4 7 7 4 4 6 7 7 10 9 9 9 9 9 7 7 10 11 11 7 7 6 8 8 11 19 19 25 25 23 15 15 13 9 9 9 9 14 20 20 17
 5 5 3 3 3 3 5 5 6 6 6 12 12 11 11 11 11 11 10 6 6 7 9 9 7 7 7 10 10 9 14 14 17 17 17 15 15 15 8 8 6 6 8 10 10 9
 6 6 6 2 2 3 3 3 6 6 7 12 12 8 12 12 11 11 12 9 9 6 6 6 5 5 7 9 9 10 13 13 14 14 15 20 20 21 17 17 10 10 12 10 10 9
 6 6 6 2 2 3 3 3 6 6 7 12 12 8 12 12 11 11 12 9 9 6 6 6 5 5 7 9 9 10 13 13 14 14 15 20 20 21 17 17 10 10 12 10 10 9
 9 9 11 8 8 5 6 6 8 8 8 9 9 6 6 6 6 6 8 9 9 6 5 5 6 6 8 8 8 8 7 7 9 9 16 22 22 27 20 20 15 15 18 26 26 18
 9 9 11 8 8 5 6 6 8 8 8 9 9 6 6 6 6 6 8 9 9 6 5 5 6 6 8 8 8 8 7 7 9 9 16 22 22 27 20 20 15 15 18 26 26 18
 10 10 9 11 11 9 9 9 10 10 7 8 8 10 7 7 6 6 6 5 5 5 5 5 7 7 9 8 8 7 7 7 9 9 14 14 14 13 9 9 7 7 6 7 7 5
 5 5 4 3 3 4 7 7 7 7 5 5 5 4 3 3 3 3 3 3 3 3 5 5 6 6 7 7 7 7 7 7 7 7 7 7 7 10 8 8 5 5 2 1 1 0
 5 5 4 3 3 4 7 7 7 7 5 5 5 4 3 3 3 3 3 3 3 3 5 5 6 6 7 7 7 7 7 7 7 7 7 7 7 10 8 8 5 5 2 1 1 0
 5 5 2 1 1 2 6 6 6 6 9 4 4 4 2 2 1 1 1 1 1 2 2 2 3 3 4 4 4 5 5 5 5 5 5 6 6 6 6 6 5 5 1 0 0 0
 3 3 2 2 2 2 3 3 2 2 2 2 2 4 2 2 1 1 1 1 1 1 1 1 1 1 1 2 2 2 2 2 2 2 2 3 3 2 2 2 2 2 0 0 0 0
