assets/RAT_results_old/precipitation/2022-08-30_IMERG.asc
ncols        46
nrows        77
xllcorner    74.800261325624
yllcorner    8.058333333333
cellsize     0.062500000000
NODATA_value -9999
 26 26 26 34 34 34 43 43 43 43 30 30 30 26 22 22 20 20 15 5 5 1 1 1 1 1 0 0 0 0 0 0 1 1 4 3 3 1 1 1 1 1 2 2 2 2
 31 31 33 26 26 27 23 23 32 32 28 22 22 19 19 19 19 19 17 8 8 2 0 0 0 0 0 0 0 0 0 0 0 0 1 2 2 1 0 0 1 1 1 1 1 1
 31 31 33 26 26 27 23 23 32 32 28 22 22 19 19 19 19 19 17 8 8 2 0 0 0 0 0 0 0 0 0 0 0 0 1 2 2 1 0 0 1 1 1 1 1 1
 32 32 26 25 25 28 22 22 30 30 28 17 17 16 19 19 17 17 13 5 5 2 0 0 0 0 0 0 0 0 0 0 0 0 0 0 0 0 0 0 1 1 1 1 1 2
 38 38 25 14 14 13 13 13 13 13 13 8 8 6 8 8 4 4 2 1 1 0 0 0 0 0 0 0 0 0 0 0 0 0 0 0 0 0 0 0 0 0 0 0 0 1
 38 38 25 14 14 13 13 13 13 13 13 8 8 6 8 8 4 4 2 1 1 0 0 0 0 0 0 0 0 0 0 0 0 0 0 0 0 0 0 0 0 0 0 0 0 1
 47 47 33 22 22 12 7 7 8 8 5 3 3 1 2 2 1 1 3 3 3 2 1 1 1 1 0 0 0 0 0 0 0 0 0 0 0 0 1 1 0 0 0 1 1 0
 47 47 33 22 22 12 7 7 8 8 5 3 3 1 2 2 1 1 3 3 3 2 1 1 1 1 0 0 0 0 0 0 0 0 0 0 0 0 1 1 0 0 0 1 1 0
 56 56 44 36 36 23 20 20 16 16 5 3 3 2 2 2 2 2 2 5 5 3 3 3 1 1 0 0 0 0 0 0 0 0 0 0 0 0 0 0 0 0 1 0 0 0
 53 53 51 52 52 40 42 42 34 34 15 7 7 5 5 5 8 8 6 8 8 6 5 5 2 2 1 0 0 0 0 0 0 0 0 0 0 0 0 0 0 0 0 0 0 0
 53 53 51 52 52 40 42 42 34 34 15 7 7 5 5 5 8 8 6 8 8 6 5 5 2 2 1 0 0 0 0 0 0 0 0 0 0 0 0 0 0 0 0 0 0 0
 39 39 36 35 35 38 29 29 26 26 21 13 13 7 6 6 10 10 12 17 17 16 13 13 8 8 2 1 1 0 0 0 0 0 0 0 0 0 0 0 0 0 0 0 0 0
 45 45 32 33 33 41 38 38 34 34 27 22 22 15 9 9 8 8 10 15 15 15 16 16 14 14 10 3 3 1 1 1 0 0 0 0 0 0 0 0 0 0 0 0 0 0
 45 45 32 33 33 41 38 38 34 34 27 22 22 15 9 9 8 8 10 15 15 15 16 16 14 14 10 3 3 1 1 1 0 0 0 0 0 0 0 0 0 0 0 0 0 0
 43 43 31 41 41 40 33 33 30 30 25 23 23 21 16 16 10 10 11 14 14 15 19 19 32 32 19 12 12 6 5 5 4 4 2 1 1 1 0 0 0 0 0 0 0 0
 43 43 31 41 41 40 33 33 30 30 25 23 23 21 16 16 10 10 11 14 14 15 19 19 32 32 19 12 12 6 5 5 4 4 2 1 1 1 0 0 0 0 0 0 0 0
 55 55 51 38 38 37 20 20 26 26 24 19 19 16 14 14 12 12 13 16 16 24 32 32 81 81 52 9 9 12 10 10 9 9 7 6 6 3 1 1 3 3 9 0 0 0
 48 48 39 21 21 21 21 21 13 13 19 16 16 16 13 13 11 11 19 23 23 26 25 25 31 31 25 12 12 14 11 11 10 10 10 11 11 8 11 11 20 20 8 3 3 0
 48 48 39 21 21 21 21 21 13 13 19 16 16 16 13 13 11 11 19 23 23 26 25 25 31 31 25 12 12 14 11 11 10 10 10 11 11 8 11 11 20 20 8 3 3 0
 45 45 36 19 19 19 21 21 15 15 15 19 19 15 11 11 8 8 19 24 24 27 28 28 31 31 18 16 16 18 17 17 16 16 12 10 10 7 25 25 42 42 21 2 2 0
 31 31 30 24 24 19 18 18 13 13 30 30 30 26 26 26 25 25 20 25 25 17 15 15 11 11 12 12 12 15 17 17 19 19 17 9 9 4 17 17 31 31 7 3 3 0
 31 31 30 24 24 19 18 18 13 13 30 30 30 26 26 26 25 25 20 25 25 17 15 15 11 11 12 12 12 15 17 17 19 19 17 9 9 4 17 17 31 31 7 3 3 0
 26 26 20 36 36 41 41 41 40 40 38 37 37 44 60 60 76 76 49 19 19 11 11 11 6 6 6 8 8 16 12 12 14 14 15 6 6 2 1 1 1 1 2 1 1 0
 26 26 20 36 36 41 41 41 40 40 38 37 37 44 60 60 76 76 49 19 19 11 11 11 6 6 6 8 8 16 12 12 14 14 15 6 6 2 1 1 1 1 2 1 1 0
 26 26 28 30 30 36 48 48 59 59 60 62 62 61 63 63 65 65 66 33 33 12 9 9 5 5 5 6 6 23 25 25 11 11 4 2 2 1 1 1 1 1 1 1 1 1
 26 26 29 35 35 47 50 50 65 65 67 89 89 92 72 72 72 72 59 40 40 19 11 11 7 7 7 8 8 26 23 23 4 4 2 2 2 2 2 2 2 2 4 5 5 4
 26 26 29 35 35 47 50 50 65 65 67 89 89 92 72 72 72 72 59 40 40 19 11 11 7 7 7 8 8 26 23 23 4 4 2 2 2 2 2 2 2 2 4 5 5 4
 24 24 29 34 34 54 56 56 62 62 86 93 93 97 79 79 49 49 40 42 42 36 23 23 16 16 11 9 9 14 15 15 8 8 5 7 7 7 12 12 4 4 12 12 12 9
 24 24 32 35 35 46 57 57 63 63 81 91 91 94 60 60 56 56 65 52 52 52 49 49 42 42 24 9 9 9 18 18 12 12 7 6 6 7 9 9 4 4 7 9 9 9
 24 24 32 35 35 46 57 57 63 63 81 91 91 94 60 60 56 56 65 52 52 52 49 49 42 42 24 9 9 9 18 18 12 12 7 6 6 7 9 9 4 4 7 9 9 9
 24 24 28 29 29 39 55 55 60 60 62 87 87 72 52 52 55 55 58 53 53 53 56 56 59 59 40 25 25 16 60 60 13 13 5 5 5 6 13 13 3 3 4 3 3 5
 24 24 28 29 29 39 55 55 60 60 62 87 87 72 52 52 55 55 58 53 53 53 56 56 59 59 40 25 25 16 60 60 13 13 5 5 5 6 13 13 3 3 4 3 3 5
 17 17 27 28 28 37 42 42 48 48 51 70 70 70 65 65 52 52 54 56 56 55 57 57 59 59 55 42 42 38 23 23 34 34 5 9 9 13 6 6 1 1 2 2 2 3
 11 11 12 13 13 22 37 37 45 45 45 44 44 45 45 45 42 42 51 49 49 58 69 69 71 71 65 68 68 49 32 32 25 25 11 10 10 14 12 12 4 4 1 1 1 2
 11 11 12 13 13 22 37 37 45 45 45 44 44 45 45 45 42 42 51 49 49 58 69 69 71 71 65 68 68 49 32 32 25 25 11 10 10 14 12 12 4 4 1 1 1 2
 10 10 11 13 13 13 20 20 23 23 23 37 37 42 29 29 45 45 50 52 52 58 67 67 66 66 70 60 60 46 36 36 32 32 27 21 21 29 19 19 18 18 11 8 8 1
 9 9 12 16 16 15 21 21 19 19 19 23 23 31 29 29 43 43 45 40 40 52 56 56 54 54 55 52 52 48 43 43 36 36 40 34 34 33 29 29 41 41 18 18 18 19
 9 9 12 16 16 15 21 21 19 19 19 23 23 31 29 29 43 43 45 40 40 52 56 56 54 54 55 52 52 48 43 43 36 36 40 34 34 33 29 29 41 41 18 18 18 19
 12 12 16 21 21 20 21 21 21 21 24 31 31 38 33 33 40 40 52 49 49 55 54 54 50 50 50 49 49 48 48 48 44 44 49 66 66 69 62 62 69 69 54 38 38 30
 12 12 16 21 21 20 21 21 21 21 24 31 31 38 33 33 40 40 52 49 49 55 54 54 50 50 50 49 49 48 48 48 44 44 49 66 66 69 62 62 69 69 54 38 38 30
 16 16 20 25 25 25 27 27 29 29 36 43 43 44 52 52 50 50 67 79 79 78 69 69 65 65 64 59 59 53 51 51 55 55 52 68 68 69 65 65 64 64 59 62 62 32
 13 13 18 22 22 22 23 23 29 29 47 50 50 54 67 67 61 61 87 110 110 105 88 88 81 81 88 75 75 59 52 52 53 53 49 49 49 45 68 68 61 61 64 62 62 58
 13 13 18 22 22 22 23 23 29 29 47 50 50 54 67 67 61 61 87 110 110 105 88 88 81 81 88 75 75 59 52 52 53 53 49 49 49 45 68 68 61 61 64 62 62 58
 13 13 17 25 25 24 23 23 33 33 53 51 51 71 76 76 80 80 96 119 119 125 125 125 101 101 78 72 72 60 54 54 52 52 46 37 37 30 34 34 39 39 41 71 71 59
 19 19 21 25 25 22 34 34 63 63 65 76 76 81 100 100 106 106 131 148 148 171 112 112 109 109 75 80 80 58 55 55 51 51 31 28 28 33 32 32 29 29 39 49 49 44
 19 19 21 25 25 22 34 34 63 63 65 76 76 81 100 100 106 106 131 148 148 171 112 112 109 109 75 80 80 58 55 55 51 51 31 28 28 33 32 32 29 29 39 49 49 44
 15 15 20 34 34 33 37 37 60 60 61 76 76 84 103 103 114 114 121 139 139 166 116 116 93 93 69 72 72 54 56 56 49 49 31 30 30 31 21 21 26 26 25 21 21 13
 15 15 20 34 34 33 37 37 60 60 61 76 76 84 103 103 114 114 121 139 139 166 116 116 93 93 69 72 72 54 56 56 49 49 31 30 30 31 21 21 26 26 25 21 21 13
 12 12 16 22 22 32 38 38 57 57 62 78 78 82 98 98 104 104 107 112 112 100 71 71 68 68 72 58 58 49 54 54 52 52 51 42 42 44 29 29 24 24 11 5 5 11
 12 12 14 16 16 19 31 31 56 56 46 75 75 83 90 90 91 91 94 88 88 80 66 66 64 64 69 51 51 49 52 52 53 53 61 60 60 51 39 39 36 36 20 11 11 12
 12 12 14 16 16 19 31 31 56 56 46 75 75 83 90 90 91 91 94 88 88 80 66 66 64 64 69 51 51 49 52 52 53 53 61 60 60 51 39 39 36 36 20 11 11 12
 19 19 11 9 9 13 23 23 37 37 45 57 57 59 65 65 80 80 84 74 74 74 58 58 58 58 59 47 47 46 52 52 55 55 54 55 55 45 39 39 37 37 19 9 9 14
 21 21 11 9 9 12 17 17 32 32 52 61 61 66 69 69 67 67 66 54 54 54 50 50 47 47 46 47 47 44 51 51 50 50 51 46 46 43 50 50 52 52 32 20 20 14
 21 21 11 9 9 12 17 17 32 32 52 61 61 66 69 69 67 67 66 54 54 54 50 50 47 47 46 47 47 44 51 51 50 50 51 46 46 43 50 50 52 52 32 20 20 14
 20 20 13 13 13 17 20 20 27 27 33 32 32 38 43 43 50 50 56 46 46 49 36 36 44 44 46 42 42 47 48 48 48 48 53 52 52 49 54 54 54 54 39 34 34 27
 20 20 13 13 13 17 20 20 27 27 33 32 32 38 43 43 50 50 56 46 46 49 36 36 44 44 46 42 42 47 48 48 48 48 53 52 52 49 54 54 54 54 39 34 34 27
 15 15 19 23 23 30 33 33 29 29 25 25 25 33 37 37 30 30 30 28 28 29 29 29 34 34 39 32 32 35 36 36 39 39 46 39 39 37 39 39 42 42 42 42 42 34
 14 14 15 15 15 16 22 22 25 25 15 14 14 15 18 18 24 24 30 31 31 21 22 22 24 24 33 31 31 26 28 28 35 35 37 28 28 23 22 22 29 29 41 36 36 26
 14 14 15 15 15 16 22 22 25 25 15 14 14 15 18 18 24 24 30 31 31 21 22 22 24 24 33 31 31 26 28 28 35 35 37 28 28 23 22 22 29 29 41 36 36 26
 19 19 23 23 23 18 19 19 24 24 24 20 20 16 19 19 24 24 28 34 34 31 30 30 30 30 33 28 28 23 28 28 47 47 45 33 33 25 24 24 25 25 32 26 26 20
 14 14 14 14 14 16 26 26 28 28 25 21 21 19 24 24 27 27 26 31 31 37 43 43 46 46 43 42 42 37 33 33 36 36 40 34 34 29 29 29 28 28 20 19 19 18
 14 14 14 14 14 16 26 26 28 28 25 21 21 19 24 24 27 27 26 31 31 37 43 43 46 46 43 42 42 37 33 33 36 36 40 34 34 29 29 29 28 28 20 19 19 18
 17 17 13 12 12 13 16 16 18 18 17 16 16 17 18 18 24 24 26 22 22 25 33 33 45 45 41 34 34 24 23 23 29 29 36 36 36 28 26 26 22 22 17 12 12 12
 17 17 13 12 12 13 16 16 18 18 17 16 16 17 18 18 24 24 26 22 22 25 33 33 45 45 41 34 34 24 23 23 29 29 36 36 36 28 26 26 22 22 17 12 12 12
 24 24 20 18 18 17 16 16 17 17 19 25 25 16 14 14 17 17 20 17 17 18 21 21 33 33 30 23 23 24 24 24 27 27 29 35 35 29 22 22 17 17 14 11 11 10
 36 36 37 33 33 30 22 22 16 16 18 19 19 16 14 14 13 13 15 19 19 24 20 20 21 21 20 21 21 27 26 26 23 23 23 26 26 25 17 17 14 14 12 10 10 9
 36 36 37 33 33 30 22 22 16 16 18 19 19 16 14 14 13 13 15 19 19 24 20 20 21 21 20 21 21 27 26 26 23 23 23 26 26 25 17 17 14 14 12 10 10 9
 55 55 53 52 52 44 27 27 16 16 13 11 11 9 10 10 8 8 12 21 21 23 17 17 15 15 13 16 16 15 18 18 18 18 17 16 16 17 12 12 8 8 9 7 7 6
 74 74 75 70 70 48 32 32 23 23 15 11 11 8 6 6 6 6 6 12 12 12 11 11 8 8 8 10 10 12 10 10 11 11 12 10 10 11 9 9 8 8 8 7 7 6
 74 74 75 70 70 48 32 32 23 23 15 11 11 8 6 6 6 6 6 12 12 12 11 11 8 8 8 10 10 12 10 10 11 11 12 10 10 11 9 9 8 8 8 7 7 6
 96 96 98 84 84 76 62 62 46 46 33 27 27 17 9 9 5 5 4 5 5 6 5 5 6 6 5 8 8 7 4 4 6 6 10 12 12 14 14 14 10 10 10 9 9 9
 96 96 98 84 84 76 62 62 46 46 33 27 27 17 9 9 5 5 4 5 5 6 5 5 6 6 5 8 8 7 4 4 6 6 10 12 12 14 14 14 10 10 10 9 9 9
 119 119 127 125 125 125 115 115 89 89 73 55 55 39 22 22 9 9 7 5 5 4 2 2 2 2 3 3 3 3 3 3 4 4 7 10 10 11 10 10 9 9 9 13 13 16
 131 131 130 131 131 123 132 132 123 123 86 63 63 52 37 37 21 21 11 8 8 6 2 2 1 1 1 2 2 1 2 2 2 2 3 5 5 7 6 6 6 6 9 9 9 11
 131 131 130 131 131 123 132 132 123 123 86 63 63 52 37 37 21 21 11 8 8 6 2 2 1 1 1 2 2 1 2 2 2 2 3 5 5 7 6 6 6 6 9 9 9 11
 119 119 116 125 125 116 115 115 89 89 63 43 43 38 38 38 25 25 16 21 21 20 6 6 2 2 1 1 1 1 1 1 1 1 2 4 4 4 4 4 6 6 9 9 9 7
 90 90 100 108 108 105 106 106 88 88 49 41 41 34 32 32 22 22 18 18 18 19 13 13 5 5 1 1 1 1 1 1 2 2 2 2 2 3 3 3 4 4 9 5 5 7
