assets/RAT_results_old/precipitation/2022-07-28_IMERG.asc
ncols        46
nrows        77
xllcorner    74.800261325624
yllcorner    8.058333333333
cellsize     0.062500000000
NODATA_value -9999
 31 31 37 50 50 52 37 37 21 21 16 7 7 3 3 3 2 2 3 3 3 11 13 13 41 41 27 35 35 28 23 23 10 10 3 3 3 2 1 1 1 1 1 0 0 0
 29 29 33 41 41 42 34 34 23 23 10 5 5 4 8 8 5 5 5 5 5 11 18 18 38 38 65 71 71 42 33 33 24 24 3 4 4 2 1 1 1 1 1 0 0 0
 29 29 33 41 41 42 34 34 23 23 10 5 5 4 8 8 5 5 5 5 5 11 18 18 38 38 65 71 71 42 33 33 24 24 3 4 4 2 1 1 1 1 1 0 0 0
 22 22 22 30 30 30 24 24 13 13 6 4 4 6 10 10 11 11 10 12 12 22 16 16 31 31 39 38 38 40 10 10 23 23 2 4 4 3 1 1 3 3 3 0 0 0
 5 5 7 10 10 10 11 11 8 8 7 6 6 5 9 9 10 10 9 10 10 12 16 16 19 19 31 33 33 13 8 8 3 3 4 4 4 4 3 3 3 3 3 2 2 0
 5 5 7 10 10 10 11 11 8 8 7 6 6 5 9 9 10 10 9 10 10 12 16 16 19 19 31 33 33 13 8 8 3 3 4 4 4 4 3 3 3 3 3 2 2 0
 4 4 4 6 6 5 7 7 8 8 8 5 5 4 4 4 5 5 6 6 6 9 14 14 13 13 8 7 7 8 4 4 4 4 4 2 2 2 0 0 0 0 0 0 0 0
 4 4 4 6 6 5 7 7 8 8 8 5 5 4 4 4 5 5 6 6 6 9 14 14 13 13 8 7 7 8 4 4 4 4 4 2 2 2 0 0 0 0 0 0 0 0
 2 2 3 4 4 7 6 6 6 6 3 5 5 1 3 3 4 4 7 8 8 8 8 8 7 7 4 7 7 11 7 7 4 4 4 1 1 0 0 0 0 0 0 0 0 0
 2 2 2 6 6 17 12 12 6 6 4 3 3 2 2 2 3 3 5 7 7 9 13 13 6 6 5 4 4 9 6 6 2 2 1 0 0 0 0 0 0 0 0 0 0 0
 2 2 2 6 6 17 12 12 6 6 4 3 3 2 2 2 3 3 5 7 7 9 13 13 6 6 5 4 4 9 6 6 2 2 1 0 0 0 0 0 0 0 0 0 0 0
 3 3 3 4 4 17 10 10 6 6 10 9 9 7 4 4 3 3 4 7 7 7 10 10 10 10 13 4 4 5 1 1 0 0 0 0 0 0 0 0 0 0 0 0 0 0
 2 2 2 2 2 5 5 5 4 4 5 5 5 3 2 2 3 3 4 6 6 9 8 8 22 22 38 3 3 2 0 0 0 0 0 0 0 0 0 0 0 0 0 0 0 0
 2 2 2 2 2 5 5 5 4 4 5 5 5 3 2 2 3 3 4 6 6 9 8 8 22 22 38 3 3 2 0 0 0 0 0 0 0 0 0 0 0 0 0 0 0 0
 1 1 1 2 2 2 3 3 2 2 3 3 3 2 2 2 2 2 3 5 5 6 13 13 26 26 20 2 2 2 0 0 0 0 0 0 0 0 0 0 0 0 0 0 0 1
 1 1 1 2 2 2 3 3 2 2 3 3 3 2 2 2 2 2 3 5 5 6 13 13 26 26 20 2 2 2 0 0 0 0 0 0 0 0 0 0 0 0 0 0 0 1
 0 0 1 2 2 5 4 4 4 4 5 6 6 3 4 4 6 6 5 6 6 5 4 4 14 14 7 3 3 0 0 0 1 1 1 1 1 1 2 2 2 2 2 2 2 2
 1 1 1 1 1 2 3 3 3 3 5 5 5 5 5 5 7 7 7 7 7 7 2 2 14 14 6 2 2 2 3 3 4 4 5 9 9 10 14 14 14 14 11 5 5 5
 1 1 1 1 1 2 3 3 3 3 5 5 5 5 5 5 7 7 7 7 7 7 2 2 14 14 6 2 2 2 3 3 4 4 5 9 9 10 14 14 14 14 11 5 5 5
 2 2 2 2 2 4 7 7 7 7 6 7 7 8 9 9 11 11 12 10 10 9 5 5 2 2 2 3 3 5 5 5 7 7 8 12 12 15 20 20 20 20 16 9 9 8
 4 4 5 5 5 7 14 14 15 15 13 13 13 16 18 18 17 17 17 19 19 16 10 10 4 4 2 5 5 11 10 10 8 8 10 13 13 13 15 15 12 12 14 14 14 17
 4 4 5 5 5 7 14 14 15 15 13 13 13 16 18 18 17 17 17 19 19 16 10 10 4 4 2 5 5 11 10 10 8 8 10 13 13 13 15 15 12 12 14 14 14 17
 4 4 5 8 8 8 12 12 17 17 20 17 17 20 19 19 18 18 18 21 21 23 20 20 8 8 2 2 2 7 8 8 11 11 6 6 6 11 16 16 15 15 28 5 5 3
 4 4 5 8 8 8 12 12 17 17 20 17 17 20 19 19 18 18 18 21 21 23 20 20 8 8 2 2 2 7 8 8 11 11 6 6 6 11 16 16 15 15 28 5 5 3
 4 4 4 7 7 7 8 8 11 11 17 17 17 16 15 15 14 14 14 15 15 14 11 11 4 4 6 10 10 25 17 17 30 30 8 33 33 17 5 5 2 2 4 1 1 1
 5 5 4 6 6 7 7 7 7 7 11 12 12 8 8 8 7 7 7 6 6 5 4 4 1 1 9 14 14 26 32 32 25 25 4 30 30 4 1 1 2 2 1 1 1 0
 5 5 4 6 6 7 7 7 7 7 11 12 12 8 8 8 7 7 7 6 6 5 4 4 1 1 9 14 14 26 32 32 25 25 4 30 30 4 1 1 2 2 1 1 1 0
 4 4 5 5 5 6 7 7 5 5 5 6 6 4 2 2 2 2 2 2 2 1 4 4 16 16 18 25 25 22 12 12 8 8 1 6 6 0 0 0 0 0 0 0 0 0
 4 4 5 4 4 3 3 3 3 3 2 2 2 2 2 2 2 2 2 1 1 2 6 6 9 9 10 8 8 7 1 1 7 7 1 0 0 0 0 0 0 0 0 0 0 0
 4 4 5 4 4 3 3 3 3 3 2 2 2 2 2 2 2 2 2 1 1 2 6 6 9 9 10 8 8 7 1 1 7 7 1 0 0 0 0 0 0 0 0 0 0 0
 4 4 4 4 4 3 2 2 2 2 3 4 4 5 5 5 7 7 7 9 9 12 11 11 10 10 13 11 11 9 6 6 6 6 4 3 3 2 1 1 1 1 1 0 0 0
 4 4 4 4 4 3 2 2 2 2 3 4 4 5 5 5 7 7 7 9 9 12 11 11 10 10 13 11 11 9 6 6 6 6 4 3 3 2 1 1 1 1 1 0 0 0
 4 4 4 5 5 5 4 4 7 7 9 7 7 9 10 10 12 12 12 17 17 21 20 20 20 20 20 19 19 18 18 18 19 19 14 9 9 7 6 6 7 7 6 3 3 2
 4 4 4 6 6 12 13 13 18 18 19 18 18 8 9 9 10 10 12 14 14 17 20 20 22 22 24 25 25 29 30 30 28 28 25 21 21 21 20 20 19 19 16 15 15 10
 4 4 4 6 6 12 13 13 18 18 19 18 18 8 9 9 10 10 12 14 14 17 20 20 22 22 24 25 25 29 30 30 28 28 25 21 21 21 20 20 19 19 16 15 15 10
 12 12 11 17 17 14 14 14 19 19 20 18 18 18 8 8 9 9 12 14 14 16 17 17 20 20 21 22 22 27 29 29 29 29 30 29 29 32 29 29 19 19 13 13 13 8
 14 14 13 20 20 21 24 24 25 25 19 17 17 10 10 10 13 13 12 16 16 17 17 17 20 20 21 21 21 23 28 28 29 29 29 32 32 34 37 37 25 25 8 3 3 2
 14 14 13 20 20 21 24 24 25 25 19 17 17 10 10 10 13 13 12 16 16 17 17 17 20 20 21 21 21 23 28 28 29 29 29 32 32 34 37 37 25 25 8 3 3 2
 13 13 15 17 17 18 23 23 26 26 19 20 20 13 13 13 17 17 22 26 26 25 24 24 26 26 24 22 22 23 30 30 33 33 35 36 36 37 40 40 30 30 11 4 4 1
 13 13 15 17 17 18 23 23 26 26 19 20 20 13 13 13 17 17 22 26 26 25 24 24 26 26 24 22 22 23 30 30 33 33 35 36 36 37 40 40 30 30 11 4 4 1
 11 11 15 18 18 18 22 22 24 24 16 18 18 15 17 17 22 22 27 37 37 39 37 37 40 40 34 28 28 26 24 24 25 25 33 37 37 35 33 33 23 23 15 13 13 6
 7 7 9 10 10 10 14 14 16 16 14 17 17 20 22 22 26 26 32 36 36 58 64 64 63 63 59 46 46 37 28 28 25 25 27 31 31 25 22 22 22 22 25 18 18 9
 7 7 9 10 10 10 14 14 16 16 14 17 17 20 22 22 26 26 32 36 36 58 64 64 63 63 59 46 46 37 28 28 25 25 27 31 31 25 22 22 22 22 25 18 18 9
 6 6 9 10 10 11 16 16 18 18 17 19 19 24 26 26 30 30 37 39 39 64 70 70 74 74 72 53 53 39 29 29 28 28 24 20 20 19 20 20 29 29 28 16 16 13
 7 7 8 10 10 10 11 11 13 13 16 18 18 20 21 21 26 26 31 32 32 35 54 54 58 58 57 43 43 30 25 25 26 26 22 18 18 18 20 20 28 28 26 15 15 10
 7 7 8 10 10 10 11 11 13 13 16 18 18 20 21 21 26 26 31 32 32 35 54 54 58 58 57 43 43 30 25 25 26 26 22 18 18 18 20 20 28 28 26 15 15 10
 12 12 14 14 14 9 10 10 10 10 13 14 14 15 15 15 17 17 24 23 23 23 20 20 26 26 31 30 30 20 16 16 18 18 16 12 12 10 9 9 12 12 13 8 8 4
 12 12 14 14 14 9 10 10 10 10 13 14 14 15 15 15 17 17 24 23 23 23 20 20 26 26 31 30 30 20 16 16 18 18 16 12 12 10 9 9 12 12 13 8 8 4
 12 12 17 14 14 12 10 10 7 7 8 9 9 9 10 10 13 13 15 15 15 14 14 14 18 18 17 15 15 11 10 10 10 10 9 7 7 6 5 5 4 4 3 2 2 1
 16 16 21 19 19 13 11 11 5 5 6 12 12 12 12 12 15 15 15 14 14 17 21 21 23 23 21 19 19 16 13 13 10 10 9 9 9 10 9 9 7 7 5 2 2 1
 16 16 21 19 19 13 11 11 5 5 6 12 12 12 12 12 15 15 15 14 14 17 21 21 23 23 21 19 19 16 13 13 10 10 9 9 9 10 9 9 7 7 5 2 2 1
 12 12 16 19 19 11 10 10 7 7 6 8 8 9 11 11 14 14 16 19 19 21 24 24 29 29 33 32 32 28 23 23 16 16 14 13 13 12 9 9 8 8 5 2 2 1
 5 5 5 7 7 6 4 4 5 5 6 7 7 10 12 12 15 15 18 23 23 25 29 29 37 37 39 42 42 40 36 36 28 28 22 19 19 14 10 10 9 9 4 2 2 2
 5 5 5 7 7 6 4 4 5 5 6 7 7 10 12 12 15 15 18 23 23 25 29 29 37 37 39 42 42 40 36 36 28 28 22 19 19 14 10 10 9 9 4 2 2 2
 3 3 2 3 3 5 4 4 5 5 8 10 10 12 15 15 20 20 23 27 27 30 30 30 35 35 32 38 38 40 36 36 31 31 26 15 15 11 6 6 4 4 4 3 3 3
 3 3 2 3 3 5 4 4 5 5 8 10 10 12 15 15 20 20 23 27 27 30 30 30 35 35 32 38 38 40 36 36 31 31 26 15 15 11 6 6 4 4 4 3 3 3
 1 1 2 2 2 3 3 3 5 5 7 9 9 11 13 13 18 18 21 22 22 26 26 26 28 28 26 27 27 30 24 24 19 19 19 7 7 3 4 4 3 3 7 7 7 7
 1 1 2 3 3 4 5 5 6 6 7 9 9 12 15 15 17 17 21 24 24 23 25 25 25 25 30 29 29 30 25 25 20 20 15 8 8 4 5 5 3 3 5 5 5 7
 1 1 2 3 3 4 5 5 6 6 7 9 9 12 15 15 17 17 21 24 24 23 25 25 25 25 30 29 29 30 25 25 20 20 15 8 8 4 5 5 3 3 5 5 5 7
 3 3 3 5 5 6 8 8 11 11 16 20 20 27 25 25 31 31 35 36 36 34 33 33 37 37 42 39 39 39 37 37 33 33 29 21 21 13 9 9 4 4 3 3 3 3
 4 4 5 7 7 8 11 11 14 14 20 25 25 34 35 35 41 41 42 43 43 43 42 42 47 47 44 48 48 49 54 54 48 48 43 37 37 29 20 20 6 6 3 2 2 2
 4 4 5 7 7 8 11 11 14 14 20 25 25 34 35 35 41 41 42 43 43 43 42 42 47 47 44 48 48 49 54 54 48 48 43 37 37 29 20 20 6 6 3 2 2 2
 4 4 5 7 7 9 11 11 12 12 17 23 23 35 31 31 35 35 37 39 39 37 36 36 40 40 43 48 48 48 48 48 45 45 38 37 37 32 28 28 9 9 3 1 1 1
 4 4 5 7 7 9 11 11 12 12 17 23 23 35 31 31 35 35 37 39 39 37 36 36 40 40 43 48 48 48 48 48 45 45 38 37 37 32 28 28 9 9 3 1 1 1
 4 4 5 6 6 9 11 11 11 11 13 19 19 32 26 26 25 25 29 31 31 33 31 31 33 33 36 36 36 40 40 40 40 40 32 25 25 24 30 30 13 13 7 3 3 3
 5 5 5 6 6 8 11 11 11 11 13 16 16 19 20 20 24 24 28 29 29 29 30 30 31 31 33 32 32 35 35 35 33 33 25 14 14 10 11 11 7 7 8 8 8 9
 5 5 5 6 6 8 11 11 11 11 13 16 16 19 20 20 24 24 28 29 29 29 30 30 31 31 33 32 32 35 35 35 33 33 25 14 14 10 11 11 7 7 8 8 8 9
 5 5 6 9 9 12 12 12 14 14 16 16 16 18 21 21 25 25 29 29 29 28 31 31 33 33 36 36 36 35 42 42 35 35 23 10 10 6 10 10 12 12 12 7 7 3
 7 7 8 10 10 11 12 12 16 16 19 19 19 21 22 22 24 24 28 29 29 30 33 33 32 32 34 38 38 33 30 30 28 28 15 11 11 15 20 20 21 21 19 15 15 5
 7 7 8 10 10 11 12 12 16 16 19 19 19 21 22 22 24 24 28 29 29 30 33 33 32 32 34 38 38 33 30 30 28 28 15 11 11 15 20 20 21 21 19 15 15 5
 7 7 10 11 11 13 13 13 16 16 20 22 22 22 20 20 21 21 25 26 26 29 30 30 26 26 22 20 20 18 14 14 10 10 13 15 15 20 22 22 22 22 20 18 18 10
 7 7 10 11 11 13 13 13 16 16 20 22 22 22 20 20 21 21 25 26 26 29 30 30 26 26 22 20 20 18 14 14 10 10 13 15 15 20 22 22 22 22 20 18 18 10
 6 6 9 12 12 13 12 12 12 12 14 15 15 15 12 12 9 9 10 13 13 17 15 15 11 11 10 9 9 10 10 10 8 8 12 15 15 18 20 20 13 13 10 9 9 8
 4 4 5 7 7 7 5 5 6 6 7 5 5 5 4 4 3 3 3 4 4 4 4 4 4 4 4 4 4 4 4 4 4 4 4 4 4 7 8 8 5 5 3 2 2 3
 4 4 5 7 7 7 5 5 6 6 7 5 5 5 4 4 3 3 3 4 4 4 4 4 4 4 4 4 4 4 4 4 4 4 4 4 4 7 8 8 5 5 3 2 2 3
 2 2 2 5 5 4 3 3 3 3 3 2 2 1 1 1 2 2 6 5 5 2 1 1 2 2 2 1 1 1 2 2 2 2 2 1 1 1 2 2 2 2 1 1 1 1
 2 2 2 2 2 2 2 2 1 1 1 1 1 1 0 0 1 1 3 2 2 1 0 0 0 0 0 0 0 1 1 1 1 1 1 0 0 0 0 0 1 1 1 1 1 1
