assets/RAT_results_old/precipitation/2022-12-03_IMERG.asc
ncols        46
nrows        77
xllcorner    74.800261325624
yllcorner    8.058333333333
cellsize     0.062500000000
NODATA_value -9999
 0 0 0 0 0 0 0 0 0 0 0 0 0 0 0 0 0 0 0 0 0 0 0 0 0 0 0 0 0 0 0 0 0 0 0 0 0 0 0 0 0 0 0 0 0 0
 0 0 0 0 0 0 0 0 0 0 0 0 0 0 0 0 0 0 0 0 0 0 0 0 0 0 0 0 0 0 0 0 0 0 0 0 0 0 0 0 0 0 0 0 0 0
 0 0 0 0 0 0 0 0 0 0 0 0 0 0 0 0 0 0 0 0 0 0 0 0 0 0 0 0 0 0 0 0 0 0 0 0 0 0 0 0 0 0 0 0 0 0
 1 1 1 0 0 0 0 0 0 0 0 0 0 0 0 0 0 0 0 0 0 0 0 0 0 0 0 0 0 0 0 0 0 0 0 0 0 0 0 0 0 0 0 0 0 0
 2 2 1 0 0 0 0 0 0 0 0 0 0 0 0 0 0 0 0 0 0 0 0 0 0 0 0 0 0 0 0 0 0 0 0 0 0 0 0 0 0 0 0 0 0 0
 2 2 1 0 0 0 0 0 0 0 0 0 0 0 0 0 0 0 0 0 0 0 0 0 0 0 0 0 0 0 0 0 0 0 0 0 0 0 0 0 0 0 0 0 0 0
 1 1 0 0 0 0 0 0 0 0 0 0 0 0 0 0 0 0 0 0 0 0 0 0 0 0 0 0 0 0 0 0 0 0 0 0 0 0 0 0 0 0 0 0 0 0
 1 1 0 0 0 0 0 0 0 0 0 0 0 0 0 0 0 0 0 0 0 0 0 0 0 0 0 0 0 0 0 0 0 0 0 0 0 0 0 0 0 0 0 0 0 0
 0 0 0 0 0 0 0 0 0 0 0 0 0 0 0 0 0 0 0 0 0 0 0 0 0 0 0 0 0 0 0 0 0 0 0 0 0 0 0 0 0 0 0 0 0 0
 0 0 1 1 1 1 1 1 0 0 0 0 0 0 0 0 0 0 0 0 0 0 0 0 0 0 0 0 0 0 0 0 0 0 0 0 0 0 0 0 0 0 0 0 0 0
 0 0 1 1 1 1 1 1 0 0 0 0 0 0 0 0 0 0 0 0 0 0 0 0 0 0 0 0 0 0 0 0 0 0 0 0 0 0 0 0 0 0 0 0 0 0
 0 0 0 1 1 1 1 1 0 0 0 0 0 1 1 1 0 0 0 0 0 0 0 0 0 0 0 0 0 0 0 0 0 0 0 0 0 0 0 0 0 0 0 0 0 0
 0 0 0 1 1 1 0 0 0 0 0 0 0 1 2 2 1 1 0 0 0 0 0 0 0 0 0 0 0 0 0 0 0 0 0 0 0 0 0 0 0 0 0 0 0 0
 0 0 0 1 1 1 0 0 0 0 0 0 0 1 2 2 1 1 0 0 0 0 0 0 0 0 0 0 0 0 0 0 0 0 0 0 0 0 0 0 0 0 0 0 0 0
 0 0 1 1 1 0 0 0 0 0 0 0 0 1 3 3 1 1 1 0 0 0 0 0 0 0 0 0 0 0 0 0 0 0 0 0 0 0 0 0 0 0 0 0 0 0
 0 0 1 1 1 0 0 0 0 0 0 0 0 1 3 3 1 1 1 0 0 0 0 0 0 0 0 0 0 0 0 0 0 0 0 0 0 0 0 0 0 0 0 0 0 0
 1 1 1 1 1 1 1 1 0 0 0 0 0 1 3 3 2 2 2 1 1 0 0 0 0 0 0 0 0 0 0 0 0 0 0 0 0 0 0 0 0 0 0 0 0 0
 2 2 2 2 2 1 1 1 1 1 0 0 0 1 2 2 4 4 5 2 2 1 0 0 0 0 0 0 0 0 0 0 0 0 0 0 0 0 0 0 0 0 1 1 1 0
 2 2 2 2 2 1 1 1 1 1 0 0 0 1 2 2 4 4 5 2 2 1 0 0 0 0 0 0 0 0 0 0 0 0 0 0 0 0 0 0 0 0 1 1 1 0
 3 3 2 2 2 2 1 1 1 1 0 0 0 0 2 2 3 3 6 2 2 0 0 0 0 0 0 0 0 0 0 0 0 0 0 0 0 0 0 0 1 1 1 1 1 1
 3 3 3 3 3 3 2 2 1 1 0 0 0 0 1 1 2 2 5 1 1 0 0 0 0 0 0 0 0 0 0 0 0 0 0 0 0 0 1 1 2 2 2 2 2 1
 3 3 3 3 3 3 2 2 1 1 0 0 0 0 1 1 2 2 5 1 1 0 0 0 0 0 0 0 0 0 0 0 0 0 0 0 0 0 1 1 2 2 2 2 2 1
 4 4 5 4 4 4 3 3 2 2 1 0 0 0 0 0 1 1 1 0 0 0 0 0 0 0 0 0 0 0 0 0 0 0 0 0 0 0 1 1 2 2 2 3 3 3
 4 4 5 4 4 4 3 3 2 2 1 0 0 0 0 0 1 1 1 0 0 0 0 0 0 0 0 0 0 0 0 0 0 0 0 0 0 0 1 1 2 2 2 3 3 3
 5 5 7 7 7 5 4 4 3 3 1 0 0 0 0 0 0 0 0 0 0 0 0 0 0 0 0 0 0 0 0 0 0 0 0 0 0 0 1 1 2 2 3 3 3 2
 6 6 9 10 10 7 5 5 4 4 2 1 1 0 0 0 0 0 0 0 0 0 0 0 0 0 0 0 0 0 0 0 0 0 0 0 0 0 1 1 2 2 4 4 4 3
 6 6 9 10 10 7 5 5 4 4 2 1 1 0 0 0 0 0 0 0 0 0 0 0 0 0 0 0 0 0 0 0 0 0 0 0 0 0 1 1 2 2 4 4 4 3
 14 14 16 23 23 14 14 14 11 11 3 1 1 0 0 0 0 0 0 0 0 0 0 0 0 0 0 0 0 0 1 1 0 0 0 0 0 0 1 1 3 3 6 6 6 6
 19 19 31 22 22 20 15 15 11 11 3 3 3 2 1 1 0 0 0 0 0 0 0 0 0 0 0 0 0 0 0 0 0 0 0 0 0 0 1 1 4 4 7 8 8 9
 19 19 31 22 22 20 15 15 11 11 3 3 3 2 1 1 0 0 0 0 0 0 0 0 0 0 0 0 0 0 0 0 0 0 0 0 0 0 1 1 4 4 7 8 8 9
 20 20 28 26 26 29 22 22 26 26 25 26 26 21 2 2 1 1 1 0 0 2 2 2 0 0 0 0 0 0 0 0 0 0 0 0 0 0 1 1 5 5 8 10 10 11
 20 20 28 26 26 29 22 22 26 26 25 26 26 21 2 2 1 1 1 0 0 2 2 2 0 0 0 0 0 0 0 0 0 0 0 0 0 0 1 1 5 5 8 10 10 11
 27 27 34 30 30 45 42 42 46 46 28 32 32 45 9 9 2 2 2 1 1 5 2 2 0 0 0 0 0 0 0 0 0 0 0 0 0 1 2 2 5 5 9 12 12 12
 28 28 35 32 32 41 48 48 61 61 54 55 55 51 10 10 13 13 4 5 5 13 2 2 0 0 0 0 0 0 0 0 0 0 0 1 1 1 3 3 6 6 10 12 12 14
 28 28 35 32 32 41 48 48 61 61 54 55 55 51 10 10 13 13 4 5 5 13 2 2 0 0 0 0 0 0 0 0 0 0 0 1 1 1 3 3 6 6 10 12 12 14
 47 47 46 41 41 55 69 69 92 92 82 60 60 52 24 24 12 12 7 9 9 26 1 1 0 0 0 0 0 0 0 0 0 0 0 0 0 1 3 3 6 6 9 11 11 13
 58 58 48 58 58 57 90 90 85 85 94 55 55 52 27 27 10 10 18 13 13 3 2 2 1 1 1 0 0 0 0 0 0 0 0 1 1 2 3 3 6 6 8 9 9 10
 58 58 48 58 58 57 90 90 85 85 94 55 55 52 27 27 10 10 18 13 13 3 2 2 1 1 1 0 0 0 0 0 0 0 0 1 1 2 3 3 6 6 8 9 9 10
 59 59 57 70 70 70 117 117 69 69 58 44 44 46 32 32 15 15 18 14 14 13 8 8 5 5 3 1 1 0 1 1 2 2 3 2 2 2 4 4 6 6 8 8 8 9
 59 59 57 70 70 70 117 117 69 69 58 44 44 46 32 32 15 15 18 14 14 13 8 8 5 5 3 1 1 0 1 1 2 2 3 2 2 2 4 4 6 6 8 8 8 9
 75 75 73 90 90 87 87 87 70 70 47 45 45 33 33 33 13 13 13 16 16 16 11 11 10 10 6 2 2 1 1 1 3 3 6 5 5 6 7 7 8 8 9 9 9 8
 91 91 93 90 90 86 80 80 69 69 45 45 45 34 34 34 18 18 16 7 7 9 13 13 12 12 9 11 11 3 12 12 2 2 5 7 7 7 8 8 7 7 8 10 10 8
 91 91 93 90 90 86 80 80 69 69 45 45 45 34 34 34 18 18 16 7 7 9 13 13 12 12 9 11 11 3 12 12 2 2 5 7 7 7 8 8 7 7 8 10 10 8
 104 104 106 115 115 99 91 91 67 67 57 47 47 36 38 38 21 21 19 9 9 11 13 13 16 16 16 16 16 15 14 14 7 7 7 4 4 5 6 6 4 4 5 7 7 7
 135 135 144 153 153 141 106 106 66 66 57 40 40 36 27 27 27 27 11 15 15 13 15 15 16 16 17 16 16 31 30 30 4 4 4 2 2 3 3 3 3 3 4 4 4 4
 135 135 144 153 153 141 106 106 66 66 57 40 40 36 27 27 27 27 11 15 15 13 15 15 16 16 17 16 16 31 30 30 4 4 4 2 2 3 3 3 3 3 4 4 4 4
 137 137 162 141 141 135 104 104 68 68 65 54 54 54 26 26 21 21 10 11 11 10 25 25 50 50 34 37 37 21 19 19 1 1 1 1 1 1 2 2 2 2 4 2 2 2
 137 137 162 141 141 135 104 104 68 68 65 54 54 54 26 26 21 21 10 11 11 10 25 25 50 50 34 37 37 21 19 19 1 1 1 1 1 1 2 2 2 2 4 2 2 2
 120 120 130 120 120 150 103 103 131 131 127 73 73 51 21 21 21 21 12 9 9 25 26 26 48 48 50 27 27 5 4 4 0 0 0 0 0 1 1 1 2 2 6 2 2 1
 88 88 121 129 129 114 104 104 134 134 135 75 75 72 32 32 31 31 11 5 5 48 49 49 52 52 53 29 29 21 2 2 2 2 0 0 0 0 0 0 1 1 4 1 1 0
 88 88 121 129 129 114 104 104 134 134 135 75 75 72 32 32 31 31 11 5 5 48 49 49 52 52 53 29 29 21 2 2 2 2 0 0 0 0 0 0 1 1 4 1 1 0
 68 68 98 129 129 160 92 92 107 107 157 80 80 70 35 35 30 30 6 5 5 48 49 49 36 36 37 23 23 23 4 4 2 2 0 0 0 0 0 0 0 0 1 1 1 0
 59 59 68 134 134 134 112 112 112 112 120 70 70 37 35 35 11 11 12 9 9 8 30 30 34 34 35 22 22 13 2 2 1 1 0 1 1 3 0 0 1 1 1 0 0 1
 59 59 68 134 134 134 112 112 112 112 120 70 70 37 35 35 11 11 12 9 9 8 30 30 34 34 35 22 22 13 2 2 1 1 0 1 1 3 0 0 1 1 1 0 0 1
 44 44 81 128 128 162 161 161 153 153 137 72 72 28 29 29 13 13 11 8 8 2 2 2 2 2 6 8 8 5 1 1 1 1 1 5 5 5 1 1 3 3 1 4 4 3
 44 44 81 128 128 162 161 161 153 153 137 72 72 28 29 29 13 13 11 8 8 2 2 2 2 2 6 8 8 5 1 1 1 1 1 5 5 5 1 1 3 3 1 4 4 3
 46 46 50 69 69 73 118 118 176 176 129 62 62 24 26 26 7 7 5 3 3 2 2 2 1 1 1 1 1 0 0 0 1 1 3 7 7 6 4 4 3 3 1 2 2 2
 30 30 27 44 44 49 123 123 169 169 89 59 59 21 19 19 3 3 2 0 0 0 0 0 1 1 0 0 0 0 1 1 3 3 7 5 5 6 5 5 5 5 1 2 2 2
 30 30 27 44 44 49 123 123 169 169 89 59 59 21 19 19 3 3 2 0 0 0 0 0 1 1 0 0 0 0 1 1 3 3 7 5 5 6 5 5 5 5 1 2 2 2
 36 36 27 44 44 51 111 111 171 171 111 16 16 12 16 16 1 1 0 0 0 0 0 0 1 1 0 0 0 0 1 1 3 3 6 8 8 7 6 6 4 4 6 2 2 1
 35 35 34 32 32 31 97 97 101 101 87 29 29 10 1 1 0 0 0 0 0 0 0 0 0 0 1 0 0 0 1 1 3 3 5 7 7 8 11 11 7 7 11 5 5 7
 35 35 34 32 32 31 97 97 101 101 87 29 29 10 1 1 0 0 0 0 0 0 0 0 0 0 1 0 0 0 1 1 3 3 5 7 7 8 11 11 7 7 11 5 5 7
 35 35 31 21 21 92 94 94 113 113 89 30 30 26 1 1 1 1 0 0 0 0 0 0 0 0 0 0 0 1 2 2 4 4 4 5 5 7 9 9 10 10 7 16 16 7
 35 35 31 21 21 92 94 94 113 113 89 30 30 26 1 1 1 1 0 0 0 0 0 0 0 0 0 0 0 1 2 2 4 4 4 5 5 7 9 9 10 10 7 16 16 7
 40 40 38 24 24 50 71 71 138 138 49 5 5 27 2 2 1 1 1 1 1 1 0 0 0 0 0 0 0 2 3 3 4 4 4 5 5 7 5 5 8 8 11 9 9 8
 53 53 46 31 31 26 48 48 107 107 72 3 3 3 3 3 2 2 2 1 1 1 1 1 1 1 1 1 1 3 5 5 5 5 5 4 4 5 6 6 5 5 4 15 15 14
 53 53 46 31 31 26 48 48 107 107 72 3 3 3 3 3 2 2 2 1 1 1 1 1 1 1 1 1 1 3 5 5 5 5 5 4 4 5 6 6 5 5 4 15 15 14
 54 54 45 33 33 26 15 15 48 48 56 6 6 6 10 10 6 6 2 17 17 1 1 1 1 1 1 1 1 2 5 5 5 5 5 4 4 4 6 6 5 5 3 7 7 31
 58 58 42 29 29 25 20 20 48 48 34 16 16 17 18 18 3 3 3 17 17 18 21 21 1 1 1 1 1 1 2 2 3 3 4 4 4 3 5 5 5 5 2 7 7 10
 58 58 42 29 29 25 20 20 48 48 34 16 16 17 18 18 3 3 3 17 17 18 21 21 1 1 1 1 1 1 2 2 3 3 4 4 4 3 5 5 5 5 2 7 7 10
 61 61 42 29 29 24 16 16 30 30 35 23 23 27 14 14 20 20 18 29 29 22 40 40 30 30 1 2 2 2 2 2 2 2 2 3 3 3 3 3 4 4 2 1 1 6
 61 61 42 29 29 24 16 16 30 30 35 23 23 27 14 14 20 20 18 29 29 22 40 40 30 30 1 2 2 2 2 2 2 2 2 3 3 3 3 3 4 4 2 1 1 6
 54 54 37 19 19 16 15 15 22 22 28 21 21 21 18 18 23 23 19 32 32 47 52 52 33 33 29 3 3 4 2 2 2 2 2 3 3 3 3 3 2 2 2 3 3 2
 44 44 28 13 13 11 17 17 25 25 24 19 19 17 33 33 24 24 35 36 36 81 107 107 45 45 31 3 3 3 2 2 4 4 2 2 2 7 6 6 3 3 2 6 6 1
 44 44 28 13 13 11 17 17 25 25 24 19 19 17 33 33 24 24 35 36 36 81 107 107 45 45 31 3 3 3 2 2 4 4 2 2 2 7 6 6 3 3 2 6 6 1
 21 21 18 12 12 11 15 15 19 19 20 20 20 15 9 9 5 5 27 29 29 54 77 77 40 40 3 1 1 1 2 2 4 4 3 3 3 3 9 9 7 7 5 9 9 13
 9 9 7 8 8 11 13 13 16 16 17 17 17 14 12 12 9 9 31 28 28 64 44 44 32 32 1 1 1 2 3 3 4 4 3 3 3 3 4 4 3 3 10 22 22 20
