assets/RAT_results_old/precipitation/2022-04-10_IMERG.asc
ncols        46
nrows        77
xllcorner    74.800261325624
yllcorner    8.058333333333
cellsize     0.062500000000
NODATA_value -9999
 1 1 0 0 0 0 0 0 0 0 0 0 0 0 0 0 0 0 0 0 0 0 0 0 1 1 1 0 0 1 1 1 1 1 0 0 0 1 1 1 2 2 1 1 1 1
 0 0 0 1 1 1 0 0 0 0 0 0 0 0 0 0 0 0 0 1 1 1 0 0 1 1 1 0 0 0 1 1 1 1 1 0 0 0 1 1 2 2 1 2 2 1
 0 0 0 1 1 1 0 0 0 0 0 0 0 0 0 0 0 0 0 1 1 1 0 0 1 1 1 0 0 0 1 1 1 1 1 0 0 0 1 1 2 2 1 2 2 1
 1 1 0 1 1 1 0 0 0 0 0 0 0 0 0 0 1 1 1 1 1 1 0 0 0 0 0 0 0 0 0 0 1 1 0 0 0 0 1 1 1 1 1 1 1 1
 0 0 1 1 1 0 0 0 0 0 0 0 0 0 1 1 1 1 4 0 0 0 0 0 0 0 0 0 0 1 1 1 2 2 2 1 1 2 2 2 1 1 1 1 1 0
 0 0 1 1 1 0 0 0 0 0 0 0 0 0 1 1 1 1 4 0 0 0 0 0 0 0 0 0 0 1 1 1 2 2 2 1 1 2 2 2 1 1 1 1 1 0
 0 0 0 1 1 1 0 0 0 0 0 0 0 0 0 0 0 0 1 1 1 0 0 0 0 0 0 0 0 0 1 1 1 1 1 1 1 2 2 2 1 1 1 1 1 0
 0 0 0 1 1 1 0 0 0 0 0 0 0 0 0 0 0 0 1 1 1 0 0 0 0 0 0 0 0 0 1 1 1 1 1 1 1 2 2 2 1 1 1 1 1 0
 0 0 0 1 1 1 0 0 0 0 0 0 0 0 0 0 0 0 0 0 0 0 0 0 0 0 1 1 1 0 1 1 1 1 1 1 1 1 2 2 1 1 1 2 2 1
 0 0 0 1 1 2 1 1 0 0 0 0 0 0 0 0 0 0 0 1 1 1 0 0 0 0 0 1 1 1 0 0 0 0 1 2 2 2 2 2 2 2 2 3 3 2
 0 0 0 1 1 2 1 1 0 0 0 0 0 0 0 0 0 0 0 1 1 1 0 0 0 0 0 1 1 1 0 0 0 0 1 2 2 2 2 2 2 2 2 3 3 2
 0 0 0 0 0 1 2 2 0 0 0 0 0 0 0 0 0 0 0 0 0 0 0 0 0 0 0 1 1 1 1 1 0 0 1 3 3 3 3 3 3 3 2 2 2 1
 0 0 0 0 0 1 1 1 0 0 0 0 0 0 0 0 0 0 0 1 1 0 0 0 0 0 0 1 1 1 0 0 0 0 1 2 2 4 4 4 4 4 2 1 1 0
 0 0 0 0 0 1 1 1 0 0 0 0 0 0 0 0 0 0 0 1 1 0 0 0 0 0 0 1 1 1 0 0 0 0 1 2 2 4 4 4 4 4 2 1 1 0
 0 0 0 0 0 0 1 1 1 1 0 0 0 0 0 0 0 0 0 1 1 1 0 0 0 0 0 1 1 0 0 0 0 0 2 3 3 3 4 4 6 6 1 0 0 0
 0 0 0 0 0 0 1 1 1 1 0 0 0 0 0 0 0 0 0 1 1 1 0 0 0 0 0 1 1 0 0 0 0 0 2 3 3 3 4 4 6 6 1 0 0 0
 0 0 0 0 0 0 0 0 1 1 1 0 0 0 0 0 0 0 1 2 2 12 1 1 1 1 0 1 1 1 0 0 0 0 0 2 2 2 3 3 6 6 2 1 1 0
 4 4 0 0 0 0 0 0 0 0 1 1 1 0 0 0 1 1 1 7 7 14 6 6 1 1 0 1 1 1 0 0 0 0 0 2 2 2 1 1 2 2 1 0 0 0
 4 4 0 0 0 0 0 0 0 0 1 1 1 0 0 0 1 1 1 7 7 14 6 6 1 1 0 1 1 1 0 0 0 0 0 2 2 2 1 1 2 2 1 0 0 0
 5 5 4 4 4 0 0 0 0 0 1 1 1 2 1 1 1 1 1 13 13 25 8 8 1 1 1 1 1 1 1 1 0 0 0 1 1 1 0 0 0 0 0 0 0 0
 8 8 8 5 5 1 0 0 0 0 1 2 2 3 10 10 3 3 8 7 7 6 0 0 0 0 0 1 1 1 0 0 0 0 0 1 1 1 0 0 1 1 0 0 0 0
 8 8 8 5 5 1 0 0 0 0 1 2 2 3 10 10 3 3 8 7 7 6 0 0 0 0 0 1 1 1 0 0 0 0 0 1 1 1 0 0 1 1 0 0 0 0
 7 7 7 1 1 1 1 1 1 1 1 1 1 13 9 9 4 4 4 6 6 1 0 0 0 0 0 1 1 2 1 1 1 1 0 0 0 0 0 0 1 1 1 0 0 0
 7 7 7 1 1 1 1 1 1 1 1 1 1 13 9 9 4 4 4 6 6 1 0 0 0 0 0 1 1 2 1 1 1 1 0 0 0 0 0 0 1 1 1 0 0 0
 5 5 5 8 8 8 7 7 3 3 1 3 3 59 62 62 22 22 23 20 20 1 0 0 0 0 0 1 1 2 1 1 1 1 0 0 0 0 0 0 1 1 0 0 0 0
 4 4 6 9 9 7 7 7 3 3 5 5 5 5 66 66 12 12 10 8 8 1 2 2 0 0 0 1 1 1 0 0 0 0 0 0 0 0 0 0 0 0 0 0 0 0
 4 4 6 9 9 7 7 7 3 3 5 5 5 5 66 66 12 12 10 8 8 1 2 2 0 0 0 1 1 1 0 0 0 0 0 0 0 0 0 0 0 0 0 0 0 0
 5 5 5 12 12 11 9 9 8 8 8 9 9 10 45 45 5 5 11 9 9 2 0 0 0 0 0 0 0 0 0 0 0 0 0 0 0 0 0 0 0 0 0 0 0 0
 13 13 16 17 17 15 15 15 8 8 8 9 9 8 9 9 12 12 15 10 10 5 1 1 1 1 1 0 0 0 0 0 0 0 0 0 0 1 0 0 0 0 0 0 0 0
 13 13 16 17 17 15 15 15 8 8 8 9 9 8 9 9 12 12 15 10 10 5 1 1 1 1 1 0 0 0 0 0 0 0 0 0 0 1 0 0 0 0 0 0 0 0
 14 14 15 13 13 12 13 13 13 13 13 15 15 14 8 8 10 10 26 22 22 6 3 3 3 3 2 0 0 1 1 1 0 0 0 1 1 0 0 0 0 0 0 0 0 0
 14 14 15 13 13 12 13 13 13 13 13 15 15 14 8 8 10 10 26 22 22 6 3 3 3 3 2 0 0 1 1 1 0 0 0 1 1 0 0 0 0 0 0 0 0 0
 12 12 12 10 10 10 15 15 15 15 17 20 20 17 13 13 18 18 24 23 23 19 4 4 7 7 4 1 1 1 0 0 1 1 1 1 1 1 1 1 0 0 0 0 0 0
 11 11 7 7 7 10 15 15 15 15 18 19 19 20 12 12 43 43 34 34 34 32 4 4 7 7 4 0 0 0 0 0 0 0 0 2 2 1 1 1 1 1 1 1 1 1
 11 11 7 7 7 10 15 15 15 15 18 19 19 20 12 12 43 43 34 34 34 32 4 4 7 7 4 0 0 0 0 0 0 0 0 2 2 1 1 1 1 1 1 1 1 1
 11 11 7 7 7 3 5 5 4 4 1 2 2 4 7 7 45 45 17 38 38 10 4 4 4 4 2 1 1 0 0 0 0 0 1 1 1 1 2 2 1 1 1 2 2 4
 3 3 2 3 3 1 2 2 4 4 2 2 2 3 8 8 13 13 21 30 30 12 9 9 7 7 3 4 4 1 0 0 0 0 0 2 2 3 2 2 1 1 1 2 2 3
 3 3 2 3 3 1 2 2 4 4 2 2 2 3 8 8 13 13 21 30 30 12 9 9 7 7 3 4 4 1 0 0 0 0 0 2 2 3 2 2 1 1 1 2 2 3
 1 1 2 3 3 3 2 2 2 2 1 2 2 6 9 9 12 12 14 26 26 19 14 14 10 10 8 8 8 2 2 2 2 2 4 4 4 5 2 2 1 1 1 1 1 0
 1 1 2 3 3 3 2 2 2 2 1 2 2 6 9 9 12 12 14 26 26 19 14 14 10 10 8 8 8 2 2 2 2 2 4 4 4 5 2 2 1 1 1 1 1 0
 1 1 1 1 1 3 4 4 2 2 1 2 2 7 7 7 9 9 15 28 28 22 25 25 16 16 18 10 10 5 6 6 7 7 6 5 5 3 2 2 2 2 2 1 1 1
 1 1 1 1 1 2 4 4 1 1 1 0 0 5 6 6 11 11 18 29 29 29 25 25 18 18 17 10 10 7 9 9 11 11 7 6 6 4 2 2 3 3 3 3 3 2
 1 1 1 1 1 2 4 4 1 1 1 0 0 5 6 6 11 11 18 29 29 29 25 25 18 18 17 10 10 7 9 9 11 11 7 6 6 4 2 2 3 3 3 3 3 2
 1 1 1 1 1 1 1 1 0 0 1 0 0 4 4 4 10 10 15 21 21 81 82 82 23 23 17 6 6 9 8 8 12 12 8 5 5 8 3 3 3 3 2 3 3 3
 1 1 1 1 1 1 1 1 4 4 4 3 3 4 4 4 17 17 19 14 14 69 78 78 14 14 11 14 14 11 16 16 13 13 11 9 9 9 3 3 2 2 2 1 1 3
 1 1 1 1 1 1 1 1 4 4 4 3 3 4 4 4 17 17 19 14 14 69 78 78 14 14 11 14 14 11 16 16 13 13 11 9 9 9 3 3 2 2 2 1 1 3
 0 0 0 0 0 1 0 0 4 4 4 6 6 6 6 6 8 8 38 27 27 70 59 59 56 56 19 18 18 19 25 25 24 24 15 15 15 9 3 3 3 3 3 3 3 4
 0 0 0 0 0 1 0 0 4 4 4 6 6 6 6 6 8 8 38 27 27 70 59 59 56 56 19 18 18 19 25 25 24 24 15 15 15 9 3 3 3 3 3 3 3 4
 0 0 0 0 0 1 6 6 6 6 6 8 8 8 18 18 8 8 10 18 18 21 13 13 17 17 16 18 18 28 30 30 20 20 18 11 11 7 8 8 8 8 4 8 8 5
 0 0 0 0 0 0 1 1 1 1 6 8 8 7 16 16 92 92 40 18 18 14 14 14 21 21 16 22 22 23 29 29 16 16 16 16 16 12 10 10 14 14 9 12 12 9
 0 0 0 0 0 0 1 1 1 1 6 8 8 7 16 16 92 92 40 18 18 14 14 14 21 21 16 22 22 23 29 29 16 16 16 16 16 12 10 10 14 14 9 12 12 9
 1 1 2 2 2 0 1 1 1 1 1 2 2 2 6 6 8 8 14 13 13 18 12 12 18 18 13 22 22 59 87 87 17 17 17 15 15 16 9 9 23 23 22 19 19 11
 1 1 2 2 2 0 0 0 0 0 1 1 1 1 6 6 4 4 9 16 16 17 14 14 15 15 15 19 19 26 87 87 19 19 20 22 22 21 22 22 19 19 12 19 19 20
 1 1 2 2 2 0 0 0 0 0 1 1 1 1 6 6 4 4 9 16 16 17 14 14 15 15 15 19 19 26 87 87 19 19 20 22 22 21 22 22 19 19 12 19 19 20
 3 3 3 3 3 0 0 0 1 1 1 1 1 2 2 2 3 3 3 7 7 10 6 6 14 14 19 29 29 38 26 26 62 62 23 19 19 24 32 32 28 28 38 38 38 14
 3 3 3 3 3 0 0 0 1 1 1 1 1 2 2 2 3 3 3 7 7 10 6 6 14 14 19 29 29 38 26 26 62 62 23 19 19 24 32 32 28 28 38 38 38 14
 0 0 0 3 3 0 0 0 1 1 1 1 1 3 2 2 1 1 1 2 2 4 2 2 10 10 21 27 27 35 42 42 52 52 43 22 22 24 31 31 27 27 35 32 32 12
 0 0 0 0 0 0 0 0 1 1 1 1 1 2 2 2 5 5 7 5 5 6 2 2 14 14 20 42 42 23 29 29 29 29 40 45 45 23 45 45 40 40 27 21 21 11
 0 0 0 0 0 0 0 0 1 1 1 1 1 2 2 2 5 5 7 5 5 6 2 2 14 14 20 42 42 23 29 29 29 29 40 45 45 23 45 45 40 40 27 21 21 11
 5 5 5 0 0 0 8 8 1 1 0 0 0 1 1 1 4 4 8 12 12 5 1 1 6 6 10 15 15 25 43 43 28 28 25 38 38 30 28 28 42 42 22 17 17 15
 5 5 5 0 0 0 8 8 8 8 1 0 0 1 1 1 4 4 6 11 11 5 1 1 5 5 3 10 10 20 39 39 25 25 26 31 31 27 24 24 19 19 17 16 16 19
 5 5 5 0 0 0 8 8 8 8 1 0 0 1 1 1 4 4 6 11 11 5 1 1 5 5 3 10 10 20 39 39 25 25 26 31 31 27 24 24 19 19 17 16 16 19
 5 5 5 6 6 6 8 8 8 8 8 1 1 0 1 1 1 1 1 11 11 6 0 0 1 1 3 8 8 14 19 19 21 21 34 25 25 26 17 17 20 20 16 18 18 22
 5 5 5 6 6 6 8 8 8 8 8 1 1 0 1 1 1 1 1 11 11 6 0 0 1 1 3 8 8 14 19 19 21 21 34 25 25 26 17 17 20 20 16 18 18 22
 3 3 2 3 3 6 8 8 7 7 8 8 8 0 1 1 0 0 1 5 5 4 0 0 1 1 3 4 4 11 15 15 18 18 25 30 30 31 23 23 19 19 16 18 18 27
 3 3 2 3 3 2 5 5 5 5 5 5 5 0 0 0 0 0 1 1 1 1 0 0 1 1 3 5 5 10 13 13 15 15 24 52 52 32 22 22 13 13 13 21 21 22
 3 3 2 3 3 2 5 5 5 5 5 5 5 0 0 0 0 0 1 1 1 1 0 0 1 1 3 5 5 10 13 13 15 15 24 52 52 32 22 22 13 13 13 21 21 22
 0 0 0 0 0 0 0 0 0 0 5 4 4 0 0 0 0 0 1 1 1 1 0 0 1 1 2 4 4 4 10 10 11 11 14 14 14 27 15 15 14 14 12 17 17 15
 0 0 0 0 0 0 0 0 0 0 0 0 0 0 0 0 0 0 1 1 1 1 2 2 1 1 0 1 1 2 4 4 9 9 8 7 7 8 12 12 15 15 15 18 18 18
 0 0 0 0 0 0 0 0 0 0 0 0 0 0 0 0 0 0 1 1 1 1 2 2 1 1 0 1 1 2 4 4 9 9 8 7 7 8 12 12 15 15 15 18 18 18
 0 0 1 0 0 0 0 0 0 0 0 0 0 0 0 0 0 0 0 0 0 0 2 2 1 1 0 0 0 1 3 3 2 2 7 8 8 4 12 12 21 21 18 21 21 19
 0 0 1 0 0 0 0 0 0 0 0 0 0 0 0 0 0 0 0 0 0 0 2 2 1 1 0 0 0 1 3 3 2 2 7 8 8 4 12 12 21 21 18 21 21 19
 0 0 1 0 0 0 0 0 0 0 0 0 0 0 0 0 0 0 0 0 0 0 0 0 0 0 0 0 0 0 2 2 1 1 8 7 7 6 10 10 16 16 27 21 21 15
 0 0 0 0 0 0 0 0 0 0 0 0 0 0 0 0 0 0 0 0 0 0 0 0 0 0 0 1 1 0 0 0 1 1 4 3 3 8 7 7 10 10 12 15 15 16
 0 0 0 0 0 0 0 0 0 0 0 0 0 0 0 0 0 0 0 0 0 0 0 0 0 0 0 1 1 0 0 0 1 1 4 3 3 8 7 7 10 10 12 15 15 16
 0 0 0 0 0 0 0 0 0 0 0 0 0 0 0 0 0 0 0 0 0 0 0 0 0 0 0 0 0 1 0 0 0 0 4 4 4 3 6 6 8 8 9 11 11 13
 0 0 0 0 0 0 0 0 0 0 0 0 0 0 0 0 0 0 0 0 0 0 0 0 0 0 0 0 0 0 0 0 0 0 2 2 2 3 4 4 7 7 8 6 6 8
