assets/RAT_results_old/precipitation/2022-04-19_IMERG.asc
ncols        46
nrows        77
xllcorner    74.800261325624
yllcorner    8.058333333333
cellsize     0.062500000000
NODATA_value -9999
 1 1 1 1 1 0 0 0 0 0 0 0 0 0 1 1 1 1 1 1 1 4 7 7 22 22 22 16 16 10 10 10 7 7 6 7 7 10 4 4 8 8 12 16 16 9
 0 0 0 1 1 0 0 0 0 0 0 0 0 0 0 0 0 0 0 1 1 6 10 10 20 20 21 28 28 28 5 5 5 5 4 3 3 8 4 4 5 5 11 22 22 1
 0 0 0 1 1 0 0 0 0 0 0 0 0 0 0 0 0 0 0 1 1 6 10 10 20 20 21 28 28 28 5 5 5 5 4 3 3 8 4 4 5 5 11 22 22 1
 0 0 0 0 0 0 0 0 0 0 0 0 0 0 0 0 0 0 0 1 1 8 10 10 50 50 49 24 24 24 3 3 2 2 2 1 1 2 1 1 1 1 1 0 0 1
 0 0 1 1 1 0 0 0 0 0 0 0 0 0 0 0 0 0 1 1 1 1 11 11 3 3 6 4 4 3 1 1 1 1 2 1 1 1 1 1 0 0 1 0 0 1
 0 0 1 1 1 0 0 0 0 0 0 0 0 0 0 0 0 0 1 1 1 1 11 11 3 3 6 4 4 3 1 1 1 1 2 1 1 1 1 1 0 0 1 0 0 1
 0 0 0 0 0 0 0 0 0 0 0 0 0 0 0 0 0 0 0 0 0 0 4 4 5 5 5 1 1 3 2 2 1 1 1 1 1 0 0 0 0 0 0 0 0 0
 0 0 0 0 0 0 0 0 0 0 0 0 0 0 0 0 0 0 0 0 0 0 4 4 5 5 5 1 1 3 2 2 1 1 1 1 1 0 0 0 0 0 0 0 0 0
 0 0 0 1 1 0 0 0 0 0 0 0 0 0 0 0 0 0 0 0 0 0 0 0 0 0 1 1 1 2 2 2 1 1 1 0 0 0 0 0 0 0 0 0 0 0
 0 0 0 0 0 1 0 0 0 0 0 0 0 0 0 0 0 0 0 0 0 0 0 0 0 0 0 1 1 1 1 1 1 1 2 0 0 0 0 0 0 0 0 0 0 0
 0 0 0 0 0 1 0 0 0 0 0 0 0 0 0 0 0 0 0 0 0 0 0 0 0 0 0 1 1 1 1 1 1 1 2 0 0 0 0 0 0 0 0 0 0 0
 0 0 0 0 0 0 0 0 0 0 1 0 0 0 0 0 0 0 0 0 0 0 1 1 0 0 1 8 8 1 4 4 5 5 3 3 3 2 2 2 0 0 0 0 0 0
 0 0 0 0 0 0 0 0 0 0 1 0 0 0 0 0 0 0 0 0 0 0 0 0 0 0 23 10 10 10 12 12 6 6 5 3 3 3 1 1 0 0 0 0 0 0
 0 0 0 0 0 0 0 0 0 0 1 0 0 0 0 0 0 0 0 0 0 0 0 0 0 0 23 10 10 10 12 12 6 6 5 3 3 3 1 1 0 0 0 0 0 0
 0 0 0 0 0 0 0 0 1 1 1 0 0 0 1 1 0 0 0 0 0 0 0 0 4 4 4 22 22 14 12 12 8 8 12 6 6 4 2 2 1 1 0 0 0 0
 0 0 0 0 0 0 0 0 1 1 1 0 0 0 1 1 0 0 0 0 0 0 0 0 4 4 4 22 22 14 12 12 8 8 12 6 6 4 2 2 1 1 0 0 0 0
 0 0 0 0 0 0 0 0 1 1 1 0 0 1 2 2 0 0 0 0 0 0 1 1 1 1 4 13 13 13 13 13 8 8 11 9 9 7 1 1 1 1 0 0 0 0
 0 0 0 0 0 0 0 0 0 0 1 0 0 1 1 1 0 0 0 0 0 1 0 0 1 1 1 2 2 13 12 12 7 7 5 8 8 7 1 1 1 1 0 0 0 0
 0 0 0 0 0 0 0 0 0 0 1 0 0 1 1 1 0 0 0 0 0 1 0 0 1 1 1 2 2 13 12 12 7 7 5 8 8 7 1 1 1 1 0 0 0 0
 0 0 0 0 0 0 0 0 0 0 0 1 1 1 1 1 0 0 0 0 0 0 0 0 0 0 1 1 1 3 1 1 1 1 1 6 6 5 2 2 0 0 0 0 0 0
 0 0 0 0 0 0 0 0 0 0 0 1 1 1 1 1 0 0 0 0 0 0 0 0 0 0 0 0 0 1 1 1 1 1 0 0 0 0 0 0 0 0 0 0 0 0
 0 0 0 0 0 0 0 0 0 0 0 1 1 1 1 1 0 0 0 0 0 0 0 0 0 0 0 0 0 1 1 1 1 1 0 0 0 0 0 0 0 0 0 0 0 0
 0 0 0 0 0 0 0 0 0 0 0 0 0 1 1 1 0 0 0 0 0 4 0 0 0 0 0 0 0 1 2 2 1 1 0 0 0 0 0 0 0 0 0 0 0 0
 0 0 0 0 0 0 0 0 0 0 0 0 0 1 1 1 0 0 0 0 0 4 0 0 0 0 0 0 0 1 2 2 1 1 0 0 0 0 0 0 0 0 0 0 0 0
 0 0 0 0 0 0 0 0 0 0 0 0 0 0 1 1 0 0 0 0 0 0 0 0 0 0 0 0 0 1 1 1 0 0 0 0 0 0 0 0 0 0 0 0 0 0
 0 0 0 0 0 0 0 0 0 0 0 0 0 0 1 1 0 0 0 0 0 0 0 0 0 0 0 0 0 0 0 0 0 0 0 0 0 0 0 0 0 0 0 0 0 0
 0 0 0 0 0 0 0 0 0 0 0 0 0 0 1 1 0 0 0 0 0 0 0 0 0 0 0 0 0 0 0 0 0 0 0 0 0 0 0 0 0 0 0 0 0 0
 1 1 1 0 0 0 0 0 0 0 0 0 0 0 0 0 0 0 0 0 0 0 0 0 0 0 0 0 0 0 0 0 0 0 0 0 0 0 0 0 0 0 0 0 0 1
 1 1 1 0 0 0 0 0 0 0 0 0 0 0 0 0 1 1 1 1 1 1 1 1 0 0 0 0 0 0 0 0 0 0 0 0 0 0 0 0 0 0 0 1 1 1
 1 1 1 0 0 0 0 0 0 0 0 0 0 0 0 0 1 1 1 1 1 1 1 1 0 0 0 0 0 0 0 0 0 0 0 0 0 0 0 0 0 0 0 1 1 1
 1 1 0 0 0 0 0 0 0 0 0 1 1 1 1 1 1 1 2 1 1 1 1 1 1 1 0 0 0 0 0 0 0 0 0 0 0 0 0 0 0 0 1 1 1 1
 1 1 0 0 0 0 0 0 0 0 0 1 1 1 1 1 1 1 2 1 1 1 1 1 1 1 0 0 0 0 0 0 0 0 0 0 0 0 0 0 0 0 1 1 1 1
 1 1 0 0 0 0 3 3 3 3 3 4 4 4 2 2 2 2 3 2 2 2 1 1 1 1 0 0 0 0 0 0 0 0 0 0 0 0 0 0 0 0 0 1 1 1
 1 1 0 0 0 0 1 1 1 1 3 4 4 4 4 4 4 4 5 5 5 4 2 2 1 1 0 0 0 0 0 0 0 0 0 0 0 0 0 0 0 0 0 0 0 0
 1 1 0 0 0 0 1 1 1 1 3 4 4 4 4 4 4 4 5 5 5 4 2 2 1 1 0 0 0 0 0 0 0 0 0 0 0 0 0 0 0 0 0 0 0 0
 0 0 0 0 0 0 1 1 3 3 3 6 6 6 6 6 7 7 9 9 9 4 4 4 2 2 0 0 0 0 0 0 0 0 0 0 0 0 0 0 0 0 0 0 0 0
 0 0 0 1 1 2 2 2 3 3 4 9 9 7 8 8 10 10 9 12 12 6 4 4 2 2 2 1 1 0 0 0 0 0 0 0 0 0 0 0 0 0 0 0 0 0
 0 0 0 1 1 2 2 2 3 3 4 9 9 7 8 8 10 10 9 12 12 6 4 4 2 2 2 1 1 0 0 0 0 0 0 0 0 0 0 0 0 0 0 0 0 0
 0 0 0 0 0 4 5 5 4 4 5 11 11 10 11 11 14 14 15 15 15 10 8 8 2 2 2 2 2 0 0 0 1 1 0 0 0 0 0 0 0 0 0 0 0 0
 0 0 0 0 0 4 5 5 4 4 5 11 11 10 11 11 14 14 15 15 15 10 8 8 2 2 2 2 2 0 0 0 1 1 0 0 0 0 0 0 0 0 0 0 0 0
 0 0 0 0 0 4 5 5 6 6 20 22 22 23 23 23 19 19 16 19 19 11 6 6 3 3 2 2 2 0 0 0 1 1 0 0 0 0 1 1 2 2 1 1 1 1
 1 1 0 0 0 2 3 3 4 4 18 22 22 21 48 48 24 24 24 22 22 11 9 9 1 1 0 0 0 0 0 0 2 2 1 0 0 3 4 4 3 3 5 2 2 0
 1 1 0 0 0 2 3 3 4 4 18 22 22 21 48 48 24 24 24 22 22 11 9 9 1 1 0 0 0 0 0 0 2 2 1 0 0 3 4 4 3 3 5 2 2 0
 2 2 0 1 1 1 3 3 3 3 16 15 15 28 32 32 32 32 18 10 10 12 2 2 0 0 1 1 1 1 0 0 1 1 1 3 3 3 4 4 10 10 2 0 0 0
 1 1 0 0 0 0 1 1 2 2 5 4 4 6 32 32 13 13 11 20 20 11 2 2 1 1 1 1 1 1 0 0 2 2 1 2 2 2 2 2 2 2 1 0 0 0
 1 1 0 0 0 0 1 1 2 2 5 4 4 6 32 32 13 13 11 20 20 11 2 2 1 1 1 1 1 1 0 0 2 2 1 2 2 2 2 2 2 2 1 0 0 0
 5 5 0 2 2 3 4 4 3 3 5 4 4 5 13 13 12 12 6 8 8 4 1 1 2 2 1 1 1 1 0 0 2 2 2 1 1 0 0 0 0 0 0 0 0 1
 5 5 0 2 2 3 4 4 3 3 5 4 4 5 13 13 12 12 6 8 8 4 1 1 2 2 1 1 1 1 0 0 2 2 2 1 1 0 0 0 0 0 0 0 0 1
 5 5 0 3 3 4 6 6 4 4 8 3 3 10 9 9 9 9 3 3 3 3 1 1 2 2 1 1 1 1 1 1 2 2 1 0 0 0 0 0 0 0 0 0 0 1
 0 0 0 5 5 8 10 10 5 5 8 8 8 17 16 16 14 14 4 2 2 1 1 1 2 2 1 0 0 0 1 1 2 2 0 0 0 0 0 0 0 0 0 0 0 0
 0 0 0 5 5 8 10 10 5 5 8 8 8 17 16 16 14 14 4 2 2 1 1 1 2 2 1 0 0 0 1 1 2 2 0 0 0 0 0 0 0 0 0 0 0 0
 0 0 1 2 2 5 9 9 13 13 13 13 13 20 16 16 5 5 6 4 4 1 1 1 1 1 1 0 0 0 1 1 0 0 0 0 0 0 0 0 0 0 0 0 0 0
 0 0 2 2 2 2 3 3 4 4 17 13 13 22 21 21 29 29 30 30 30 1 1 1 1 1 1 0 0 1 0 0 0 0 0 0 0 0 0 0 0 0 0 0 0 0
 0 0 2 2 2 2 3 3 4 4 17 13 13 22 21 21 29 29 30 30 30 1 1 1 1 1 1 0 0 1 0 0 0 0 0 0 0 0 0 0 0 0 0 0 0 0
 1 1 0 1 1 1 2 2 7 7 9 17 17 15 13 13 25 25 25 26 26 4 4 4 4 4 1 1 1 0 0 0 0 0 0 0 0 0 0 0 0 0 0 0 0 0
 1 1 0 1 1 1 2 2 7 7 9 17 17 15 13 13 25 25 25 26 26 4 4 4 4 4 1 1 1 0 0 0 0 0 0 0 0 0 0 0 0 0 0 0 0 0
 2 2 1 1 1 1 2 2 7 7 18 18 18 30 18 18 21 21 20 7 7 2 7 7 4 4 3 1 1 1 1 1 1 1 0 0 0 0 0 0 0 0 0 0 0 0
 1 1 1 2 2 2 6 6 26 26 28 28 28 24 18 18 14 14 16 11 11 10 9 9 10 10 7 6 6 1 1 1 1 1 0 0 0 0 0 0 0 0 0 0 0 0
 1 1 1 2 2 2 6 6 26 26 28 28 28 24 18 18 14 14 16 11 11 10 9 9 10 10 7 6 6 1 1 1 1 1 0 0 0 0 0 0 0 0 0 0 0 0
 4 4 4 5 5 5 11 11 20 20 32 30 30 31 22 22 20 20 22 18 18 14 13 13 15 15 13 7 7 2 1 1 1 1 0 0 0 0 0 0 0 0 0 0 0 0
 6 6 6 5 5 5 15 15 24 24 37 37 37 57 59 59 36 36 35 21 21 13 14 14 15 15 14 12 12 7 5 5 2 2 1 0 0 0 0 0 0 0 0 0 0 0
 6 6 6 5 5 5 15 15 24 24 37 37 37 57 59 59 36 36 35 21 21 13 14 14 15 15 14 12 12 7 5 5 2 2 1 0 0 0 0 0 0 0 0 0 0 0
 6 6 10 10 10 32 41 41 49 49 48 68 68 70 62 62 40 40 40 37 37 28 26 26 18 18 16 19 19 11 7 7 5 5 2 1 1 0 0 0 0 0 0 0 0 0
 6 6 10 10 10 32 41 41 49 49 48 68 68 70 62 62 40 40 40 37 37 28 26 26 18 18 16 19 19 11 7 7 5 5 2 1 1 0 0 0 0 0 0 0 0 0
 17 17 30 30 30 75 84 84 53 53 54 68 68 72 72 72 63 63 56 37 37 34 31 31 23 23 19 13 13 15 13 13 5 5 3 1 1 1 0 0 0 0 0 0 0 0
 25 25 70 41 41 121 147 147 105 105 92 151 151 161 150 150 86 86 62 44 44 36 33 33 23 23 26 12 12 17 12 12 7 7 2 2 2 1 2 2 2 2 0 0 0 0
 25 25 70 41 41 121 147 147 105 105 92 151 151 161 150 150 86 86 62 44 44 36 33 33 23 23 26 12 12 17 12 12 7 7 2 2 2 1 2 2 2 2 0 0 0 0
 34 34 68 68 68 158 164 164 128 128 101 178 178 158 94 94 91 91 83 55 55 47 25 25 22 22 22 11 11 17 11 11 11 11 6 3 3 2 1 1 2 2 0 0 0 0
 34 34 44 44 44 140 146 146 145 145 98 184 184 172 96 96 93 93 84 49 49 40 30 30 22 22 21 11 11 13 15 15 14 14 9 7 7 2 1 1 1 1 2 1 1 0
 34 34 44 44 44 140 146 146 145 145 98 184 184 172 96 96 93 93 84 49 49 40 30 30 22 22 21 11 11 13 15 15 14 14 9 7 7 2 1 1 1 1 2 1 1 0
 43 43 55 106 106 153 162 162 151 151 209 189 189 177 67 67 85 85 76 46 46 42 34 34 26 26 10 11 11 15 19 19 18 18 20 10 10 2 1 1 1 1 1 0 0 0
 43 43 55 106 106 153 162 162 151 151 209 189 189 177 67 67 85 85 76 46 46 42 34 34 26 26 10 11 11 15 19 19 18 18 20 10 10 2 1 1 1 1 1 0 0 0
 53 53 39 74 74 103 120 120 155 155 110 175 175 172 61 61 58 58 46 42 42 39 30 30 19 19 13 10 10 8 13 13 19 19 21 14 14 7 3 3 1 1 0 0 0 0
 62 62 24 86 86 115 125 125 121 121 117 69 69 63 58 58 48 48 35 25 25 34 24 24 15 15 11 9 9 14 14 14 15 15 19 15 15 16 10 10 4 4 1 0 0 0
 62 62 24 86 86 115 125 125 121 121 117 69 69 63 58 58 48 48 35 25 25 34 24 24 15 15 11 9 9 14 14 14 15 15 19 15 15 16 10 10 4 4 1 0 0 0
 71 71 65 96 96 102 112 112 78 78 100 58 58 38 45 45 42 42 22 19 19 19 17 17 12 12 16 19 19 16 13 13 15 15 20 17 17 13 15 15 8 8 4 2 2 1
 73 73 80 78 78 73 109 109 67 67 69 52 52 35 28 28 24 24 22 17 17 14 15 15 13 13 27 18 18 17 16 16 16 16 22 24 24 19 15 15 14 14 14 2 2 2
