assets/RAT_results_old/precipitation/2022-04-09_IMERG.asc
ncols        46
nrows        77
xllcorner    74.800261325624
yllcorner    8.058333333333
cellsize     0.062500000000
NODATA_value -9999
 30 30 30 31 31 20 25 25 30 30 39 40 40 38 28 28 16 16 16 23 23 24 24 24 22 22 17 12 12 5 4 4 3 3 3 3 3 1 1 1 4 4 5 4 4 2
 33 33 29 30 30 19 20 20 29 29 40 33 33 38 30 30 21 21 17 26 26 26 25 25 22 22 16 11 11 5 4 4 3 3 3 3 3 2 1 1 1 1 3 4 4 3
 33 33 29 30 30 19 20 20 29 29 40 33 33 38 30 30 21 21 17 26 26 26 25 25 22 22 16 11 11 5 4 4 3 3 3 3 3 2 1 1 1 1 3 4 4 3
 34 34 46 41 41 38 41 41 30 30 30 47 47 58 40 40 36 36 20 30 30 32 24 24 21 21 26 13 13 5 4 4 3 3 3 2 2 2 1 1 1 1 2 4 4 3
 45 45 46 40 40 60 50 50 50 50 42 44 44 54 40 40 62 62 32 47 47 32 26 26 23 23 25 22 22 5 4 4 4 4 4 3 3 2 2 2 2 2 2 2 2 3
 45 45 46 40 40 60 50 50 50 50 42 44 44 54 40 40 62 62 32 47 47 32 26 26 23 23 25 22 22 5 4 4 4 4 4 3 3 2 2 2 2 2 2 2 2 3
 82 82 81 52 52 56 48 48 49 49 51 52 52 57 45 45 50 50 52 45 45 32 24 24 19 19 11 8 8 5 4 4 3 3 3 2 2 2 2 2 2 2 1 1 1 1
 82 82 81 52 52 56 48 48 49 49 51 52 52 57 45 45 50 50 52 45 45 32 24 24 19 19 11 8 8 5 4 4 3 3 3 2 2 2 2 2 2 2 1 1 1 1
 41 41 82 41 41 44 47 47 49 49 49 52 52 54 45 45 48 48 51 55 55 34 20 20 16 16 12 8 8 6 4 4 5 5 5 3 3 2 1 1 1 1 1 3 3 2
 40 40 49 45 45 45 50 50 46 46 40 41 41 41 44 44 45 45 49 38 38 30 17 17 15 15 13 12 12 11 9 9 9 9 9 4 4 2 1 1 1 1 2 3 3 1
 40 40 49 45 45 45 50 50 46 46 40 41 41 41 44 44 45 45 49 38 38 30 17 17 15 15 13 12 12 11 9 9 9 9 9 4 4 2 1 1 1 1 2 3 3 1
 42 42 47 48 48 46 50 50 48 48 34 25 25 29 44 44 40 40 54 42 42 13 14 14 12 12 10 10 10 10 8 8 7 7 5 2 2 2 3 3 1 1 1 2 2 0
 45 45 48 48 48 40 44 44 36 36 35 26 26 18 39 39 52 52 24 15 15 26 12 12 12 12 12 10 10 9 8 8 9 9 5 2 2 1 1 1 1 1 1 2 2 1
 45 45 48 48 48 40 44 44 36 36 35 26 26 18 39 39 52 52 24 15 15 26 12 12 12 12 12 10 10 9 8 8 9 9 5 2 2 1 1 1 1 1 1 2 2 1
 37 37 38 38 38 36 42 42 30 30 26 18 18 17 20 20 33 33 28 14 14 11 14 14 14 14 13 12 12 14 11 11 7 7 4 2 2 1 2 2 2 2 2 2 2 1
 37 37 38 38 38 36 42 42 30 30 26 18 18 17 20 20 33 33 28 14 14 11 14 14 14 14 13 12 12 14 11 11 7 7 4 2 2 1 2 2 2 2 2 2 2 1
 36 36 30 12 12 11 24 24 20 20 19 11 11 12 13 13 12 12 13 11 11 11 11 11 18 18 17 17 17 14 10 10 7 7 5 3 3 2 3 3 3 3 2 2 2 1
 28 28 26 6 6 6 19 19 20 20 18 11 11 11 8 8 9 9 11 13 13 28 27 27 26 26 15 15 15 16 11 11 8 8 6 4 4 3 3 3 6 6 3 2 2 1
 28 28 26 6 6 6 19 19 20 20 18 11 11 11 8 8 9 9 11 13 13 28 27 27 26 26 15 15 15 16 11 11 8 8 6 4 4 3 3 3 6 6 3 2 2 1
 4 4 3 16 16 16 18 18 20 20 15 27 27 16 17 17 11 11 14 15 15 25 23 23 22 22 16 16 16 17 12 12 10 10 8 5 5 3 3 3 4 4 3 3 3 2
 45 45 44 36 36 30 31 31 25 25 25 40 40 19 22 22 30 30 31 33 33 32 27 27 40 40 31 17 17 17 13 13 10 10 8 9 9 3 4 4 4 4 4 4 4 3
 45 45 44 36 36 30 31 31 25 25 25 40 40 19 22 22 30 30 31 33 33 32 27 27 40 40 31 17 17 17 13 13 10 10 8 9 9 3 4 4 4 4 4 4 4 3
 121 121 48 47 47 29 27 27 26 26 39 37 37 30 25 25 25 25 27 31 31 26 87 87 25 25 24 19 19 16 12 12 10 10 8 5 5 4 4 4 4 4 5 4 4 3
 121 121 48 47 47 29 27 27 26 26 39 37 37 30 25 25 25 25 27 31 31 26 87 87 25 25 24 19 19 16 12 12 10 10 8 5 5 4 4 4 4 4 5 4 4 3
 120 120 49 48 48 63 65 65 66 66 58 58 58 38 28 28 10 10 16 23 23 30 26 26 33 33 26 27 27 17 15 15 13 13 10 7 7 5 6 6 5 5 6 5 5 4
 79 79 40 42 42 53 39 39 39 39 33 38 38 29 26 26 25 25 14 21 21 41 51 51 23 23 24 24 24 19 24 24 21 21 13 9 9 6 6 6 6 6 7 6 6 6
 79 79 40 42 42 53 39 39 39 39 33 38 38 29 26 26 25 25 14 21 21 41 51 51 23 23 24 24 24 19 24 24 21 21 13 9 9 6 6 6 6 6 7 6 6 6
 44 44 45 42 42 41 40 40 41 41 41 38 38 37 31 31 23 23 18 22 22 23 29 29 16 16 25 26 26 22 30 30 34 34 61 18 18 9 7 7 8 8 9 8 8 7
 43 43 43 45 45 45 48 48 53 53 52 57 57 39 32 32 25 25 19 16 16 13 18 18 9 9 9 29 29 30 33 33 37 37 22 18 18 9 7 7 9 9 11 11 11 8
 43 43 43 45 45 45 48 48 53 53 52 57 57 39 32 32 25 25 19 16 16 13 18 18 9 9 9 29 29 30 33 33 37 37 22 18 18 9 7 7 9 9 11 11 11 8
 54 54 54 54 54 47 51 51 55 55 55 59 59 41 46 46 37 37 15 18 18 19 13 13 15 15 21 25 25 25 34 34 32 32 26 18 18 10 9 9 11 11 16 15 15 10
 54 54 54 54 54 47 51 51 55 55 55 59 59 41 46 46 37 37 15 18 18 19 13 13 15 15 21 25 25 25 34 34 32 32 26 18 18 10 9 9 11 11 16 15 15 10
 60 60 58 56 56 56 57 57 57 57 56 59 59 61 47 47 62 62 20 20 20 11 10 10 17 17 21 35 35 35 30 30 28 28 27 18 18 19 12 12 14 14 17 15 15 13
 72 72 73 69 69 49 57 57 57 57 54 65 65 61 36 36 49 49 43 15 15 12 12 12 18 18 20 35 35 155 38 38 27 27 25 25 25 22 17 17 12 12 15 15 15 13
 72 72 73 69 69 49 57 57 57 57 54 65 65 61 36 36 49 49 43 15 15 12 12 12 18 18 20 35 35 155 38 38 27 27 25 25 25 22 17 17 12 12 15 15 15 13
 101 101 76 74 74 54 61 61 57 57 66 75 75 63 55 55 66 66 46 18 18 17 15 15 28 28 31 171 171 160 38 38 31 31 28 21 21 20 15 15 13 13 16 14 14 13
 106 106 80 78 78 61 54 54 61 61 56 68 68 131 63 63 114 114 96 19 19 22 20 20 22 22 34 46 46 42 35 35 30 30 27 18 18 21 16 16 17 17 20 16 16 15
 106 106 80 78 78 61 54 54 61 61 56 68 68 131 63 63 114 114 96 19 19 22 20 20 22 22 34 46 46 42 35 35 30 30 27 18 18 21 16 16 17 17 20 16 16 15
 102 102 112 75 75 70 52 52 77 77 72 122 122 127 128 128 115 115 95 54 54 30 27 27 25 25 38 47 47 42 31 31 29 29 30 26 26 21 17 17 18 18 17 14 14 15
 102 102 112 75 75 70 52 52 77 77 72 122 122 127 128 128 115 115 95 54 54 30 27 27 25 25 38 47 47 42 31 31 29 29 30 26 26 21 17 17 18 18 17 14 14 15
 103 103 107 73 73 72 48 48 67 67 66 117 117 115 105 105 108 108 66 56 56 32 40 40 31 31 45 41 41 35 74 74 31 31 37 38 38 26 21 21 17 17 13 17 17 18
 103 103 101 67 67 69 54 54 43 43 75 110 110 119 107 107 109 109 54 57 57 36 37 37 47 47 44 42 42 48 56 56 40 40 39 35 35 33 31 31 23 23 26 35 35 34
 103 103 101 67 67 69 54 54 43 43 75 110 110 119 107 107 109 109 54 57 57 36 37 37 47 47 44 42 42 48 56 56 40 40 39 35 35 33 31 31 23 23 26 35 35 34
 59 59 57 55 55 62 54 54 42 42 74 100 100 105 107 107 93 93 48 56 56 40 46 46 90 90 100 87 87 51 51 51 45 45 40 44 44 33 36 36 37 37 36 30 30 36
 50 50 52 54 54 47 64 64 32 32 84 104 104 108 110 110 56 56 60 106 106 43 47 47 89 89 37 46 46 45 42 42 41 41 45 41 41 46 47 47 37 37 35 26 26 25
 50 50 52 54 54 47 64 64 32 32 84 104 104 108 110 110 56 56 60 106 106 43 47 47 89 89 37 46 46 45 42 42 41 41 45 41 41 46 47 47 37 37 35 26 26 25
 31 31 43 48 48 44 24 24 30 30 73 88 88 104 108 108 56 56 57 69 69 70 34 34 36 36 38 63 63 40 49 49 43 43 33 42 42 54 52 52 41 41 36 27 27 25
 31 31 43 48 48 44 24 24 30 30 73 88 88 104 108 108 56 56 57 69 69 70 34 34 36 36 38 63 63 40 49 49 43 43 33 42 42 54 52 52 41 41 36 27 27 25
 10 10 27 50 50 44 20 20 23 23 30 82 82 87 95 95 98 98 93 67 67 73 32 32 40 40 31 52 52 45 49 49 57 57 32 38 38 60 57 57 46 46 45 32 32 27
 5 5 18 19 19 22 16 16 31 31 28 75 75 79 87 87 91 91 83 40 40 56 76 76 49 49 35 38 38 68 46 46 104 104 32 32 32 32 51 51 46 46 35 27 27 26
 5 5 18 19 19 22 16 16 31 31 28 75 75 79 87 87 91 91 83 40 40 56 76 76 49 49 35 38 38 68 46 46 104 104 32 32 32 32 51 51 46 46 35 27 27 26
 3 3 2 14 14 16 16 16 31 31 28 80 80 85 85 85 96 96 83 42 42 53 46 46 40 40 30 33 33 59 41 41 41 41 26 30 30 31 26 26 41 41 26 21 21 21
 2 2 3 9 9 17 17 17 27 27 26 83 83 86 86 86 85 85 34 36 36 53 75 75 40 40 54 89 89 28 31 31 31 31 25 22 22 40 42 42 36 36 24 12 12 22
 2 2 3 9 9 17 17 17 27 27 26 83 83 86 86 86 85 85 34 36 36 53 75 75 40 40 54 89 89 28 31 31 31 31 25 22 22 40 42 42 36 36 24 12 12 22
 4 4 4 10 10 13 18 18 21 21 29 83 83 82 66 66 65 65 34 27 27 59 61 61 33 33 33 52 52 25 70 70 29 29 26 26 26 46 38 38 32 32 26 12 12 10
 4 4 4 10 10 13 18 18 21 21 29 83 83 82 66 66 65 65 34 27 27 59 61 61 33 33 33 52 52 25 70 70 29 29 26 26 26 46 38 38 32 32 26 12 12 10
 6 6 3 15 15 14 19 19 22 22 30 21 21 59 61 61 70 70 26 35 35 69 56 56 26 26 33 62 62 77 69 69 51 51 26 33 33 45 41 41 32 32 11 5 5 6
 6 6 9 15 15 17 19 19 20 20 17 14 14 53 57 57 70 70 91 40 40 25 27 27 28 28 31 59 59 78 37 37 37 37 27 38 38 38 36 36 13 13 13 4 4 4
 6 6 9 15 15 17 19 19 20 20 17 14 14 53 57 57 70 70 91 40 40 25 27 27 28 28 31 59 59 78 37 37 37 37 27 38 38 38 36 36 13 13 13 4 4 4
 10 10 24 24 24 24 30 30 22 22 16 11 11 18 21 21 68 68 63 35 35 18 25 25 29 29 32 44 44 43 32 32 23 23 23 32 32 28 21 21 13 13 8 1 1 2
 3 3 11 23 23 25 19 19 21 21 12 9 9 4 7 7 18 18 17 14 14 17 25 25 24 24 59 31 31 29 25 25 21 21 19 22 22 20 12 12 8 8 4 1 1 1
 3 3 11 23 23 25 19 19 21 21 12 9 9 4 7 7 18 18 17 14 14 17 25 25 24 24 59 31 31 29 25 25 21 21 19 22 22 20 12 12 8 8 4 1 1 1
 3 3 10 27 27 28 26 26 22 22 19 3 3 5 4 4 6 6 19 54 54 16 13 13 18 18 26 20 20 22 20 20 17 17 13 15 15 18 15 15 10 10 5 5 5 5
 3 3 10 27 27 28 26 26 22 22 19 3 3 5 4 4 6 6 19 54 54 16 13 13 18 18 26 20 20 22 20 20 17 17 13 15 15 18 15 15 10 10 5 5 5 5
 18 18 16 32 32 27 24 24 19 19 18 5 5 22 4 4 8 8 16 21 21 9 13 13 14 14 23 36 36 20 22 22 17 17 17 16 16 20 23 23 10 10 7 9 9 11
 18 18 17 31 31 6 9 9 54 54 51 21 21 20 4 4 7 7 16 17 17 22 9 9 18 18 24 26 26 21 23 23 20 20 17 30 30 26 12 12 13 13 11 12 12 16
 18 18 17 31 31 6 9 9 54 54 51 21 21 20 4 4 7 7 16 17 17 22 9 9 18 18 24 26 26 21 23 23 20 20 17 30 30 26 12 12 13 13 11 12 12 16
 29 29 28 24 24 26 27 27 1 1 2 3 3 13 25 25 27 27 13 15 15 17 7 7 13 13 24 30 30 25 30 30 25 25 20 27 27 28 18 18 14 14 10 9 9 15
 8 8 29 24 24 26 25 25 1 1 1 2 2 13 4 4 27 27 7 13 13 15 16 16 12 12 17 16 16 27 33 33 29 29 18 19 19 22 22 22 20 20 17 16 16 15
 8 8 29 24 24 26 25 25 1 1 1 2 2 13 4 4 27 27 7 13 13 15 16 16 12 12 17 16 16 27 33 33 29 29 18 19 19 22 22 22 20 20 17 16 16 15
 9 9 35 34 34 31 9 9 5 5 1 1 1 2 4 4 27 27 7 11 11 16 12 12 17 17 9 13 13 18 24 24 27 27 25 20 20 20 23 23 21 21 18 19 19 19
 9 9 35 34 34 31 9 9 5 5 1 1 1 2 4 4 27 27 7 11 11 16 12 12 17 17 9 13 13 18 24 24 27 27 25 20 20 20 23 23 21 21 18 19 19 19
 11 11 11 8 8 8 5 5 5 5 2 1 1 2 3 3 4 4 5 8 8 11 10 10 14 14 8 12 12 17 17 17 30 30 14 14 14 20 28 28 18 18 23 18 18 16
 10 10 12 7 7 7 7 7 2 2 2 1 1 4 3 3 2 2 3 5 5 7 7 7 9 9 16 10 10 12 13 13 13 13 15 15 15 15 24 24 30 30 19 20 20 15
 10 10 12 7 7 7 7 7 2 2 2 1 1 4 3 3 2 2 3 5 5 7 7 7 9 9 16 10 10 12 13 13 13 13 15 15 15 15 24 24 30 30 19 20 20 15
 10 10 11 7 7 7 6 6 1 1 1 1 1 1 1 1 1 1 3 3 3 4 6 6 6 6 11 13 13 15 4 4 4 4 9 6 6 11 16 16 17 17 18 15 15 19
 7 7 9 7 7 8 5 5 1 1 1 0 0 0 0 0 0 0 1 2 2 3 4 4 4 4 6 9 9 14 3 3 4 4 2 4 4 6 4 4 3 3 7 9 9 16
