assets/RAT_results_old/precipitation/2022-10-19_IMERG.asc
ncols        46
nrows        77
xllcorner    74.800261325624
yllcorner    8.058333333333
cellsize     0.062500000000
NODATA_value -9999
 14 14 24 34 34 37 40 40 27 27 12 5 5 5 17 17 18 18 18 22 22 36 58 58 63 63 68 52 52 44 34 34 30 30 39 69 69 49 32 32 33 33 37 48 48 75
 15 15 17 23 23 28 31 31 29 29 13 13 13 10 19 19 11 11 25 35 35 53 67 67 70 70 58 47 47 38 48 48 45 45 54 52 52 54 35 35 34 34 37 40 40 49
 15 15 17 23 23 28 31 31 29 29 13 13 13 10 19 19 11 11 25 35 35 53 67 67 70 70 58 47 47 38 48 48 45 45 54 52 52 54 35 35 34 34 37 40 40 49
 41 41 20 24 24 19 21 21 20 20 7 8 8 19 29 29 18 18 23 30 30 30 53 53 43 43 44 33 33 53 52 52 46 46 37 43 43 35 46 46 42 42 47 51 51 56
 49 49 15 17 17 8 7 7 5 5 2 4 4 10 22 22 5 5 16 20 20 25 45 45 30 30 36 47 47 61 62 62 46 46 35 46 46 48 50 50 52 52 48 61 61 58
 49 49 15 17 17 8 7 7 5 5 2 4 4 10 22 22 5 5 16 20 20 25 45 45 30 30 36 47 47 61 62 62 46 46 35 46 46 48 50 50 52 52 48 61 61 58
 79 79 80 16 16 4 3 3 1 1 1 4 4 4 9 9 5 5 16 9 9 21 27 27 31 31 20 34 34 48 47 47 51 51 62 60 60 49 51 51 51 51 46 76 76 73
 79 79 80 16 16 4 3 3 1 1 1 4 4 4 9 9 5 5 16 9 9 21 27 27 31 31 20 34 34 48 47 47 51 51 62 60 60 49 51 51 51 51 46 76 76 73
 80 80 97 29 29 29 3 3 1 1 2 6 6 6 3 3 2 2 8 8 8 19 23 23 24 24 29 27 27 35 40 40 46 46 56 49 49 37 39 39 32 32 29 38 38 73
 73 73 97 30 30 30 4 4 3 3 7 16 16 3 2 2 0 0 1 6 6 22 34 34 34 34 25 25 25 28 20 20 23 23 24 16 16 10 27 27 25 25 25 36 36 47
 73 73 97 30 30 30 4 4 3 3 7 16 16 3 2 2 0 0 1 6 6 22 34 34 34 34 25 25 25 28 20 20 23 23 24 16 16 10 27 27 25 25 25 36 36 47
 18 18 74 25 25 22 7 7 8 8 10 22 22 19 7 7 1 1 1 6 6 22 27 27 39 39 38 34 34 26 19 19 20 20 21 15 15 10 7 7 3 3 4 5 5 16
 17 17 74 9 9 21 8 8 10 10 10 15 15 15 5 5 2 2 2 4 4 27 27 27 39 39 27 36 36 28 15 15 17 17 12 10 10 3 1 1 1 1 2 5 5 18
 17 17 74 9 9 21 8 8 10 10 10 15 15 15 5 5 2 2 2 4 4 27 27 27 39 39 27 36 36 28 15 15 17 17 12 10 10 3 1 1 1 1 2 5 5 18
 8 8 9 9 9 24 6 6 7 7 5 9 9 14 8 8 8 8 6 7 7 3 12 12 30 30 32 42 42 31 19 19 25 25 28 27 27 6 2 2 1 1 2 5 5 10
 8 8 9 9 9 24 6 6 7 7 5 9 9 14 8 8 8 8 6 7 7 3 12 12 30 30 32 42 42 31 19 19 25 25 28 27 27 6 2 2 1 1 2 5 5 10
 15 15 20 9 9 10 10 10 7 7 1 2 2 3 5 5 11 11 13 6 6 4 13 13 3 3 6 19 19 21 18 18 24 24 27 26 26 16 7 7 4 4 4 5 5 8
 23 23 19 9 9 10 4 4 0 0 0 2 2 1 2 2 4 4 6 4 4 4 6 6 6 6 13 25 25 21 12 12 8 8 9 10 10 16 16 16 9 9 9 9 9 6
 23 23 19 9 9 10 4 4 0 0 0 2 2 1 2 2 4 4 6 4 4 4 6 6 6 6 13 25 25 21 12 12 8 8 9 10 10 16 16 16 9 9 9 9 9 6
 20 20 25 19 19 19 5 5 0 0 0 0 0 1 2 2 5 5 5 2 2 3 5 5 5 5 12 30 30 26 14 14 8 8 1 10 10 12 13 13 10 10 10 10 10 9
 23 23 23 25 25 24 4 4 1 1 0 0 0 1 2 2 1 1 1 1 1 1 1 1 2 2 8 9 9 13 3 3 2 2 1 10 10 7 7 7 18 18 21 31 31 9
 23 23 23 25 25 24 4 4 1 1 0 0 0 1 2 2 1 1 1 1 1 1 1 1 2 2 8 9 9 13 3 3 2 2 1 10 10 7 7 7 18 18 21 31 31 9
 28 28 23 24 24 19 3 3 10 10 10 9 9 8 3 3 4 4 3 2 2 1 1 1 1 1 1 2 2 10 3 3 3 3 1 3 3 7 6 6 17 17 20 35 35 10
 28 28 23 24 24 19 3 3 10 10 10 9 9 8 3 3 4 4 3 2 2 1 1 1 1 1 1 2 2 10 3 3 3 3 1 3 3 7 6 6 17 17 20 35 35 10
 57 57 22 22 22 23 11 11 12 12 10 9 9 23 10 10 13 13 7 5 5 1 1 1 1 1 1 1 1 4 7 7 7 7 4 2 2 1 1 1 2 2 28 35 35 10
 62 62 34 31 31 23 3 3 11 11 13 13 13 30 8 8 11 11 15 7 7 3 1 1 1 1 1 1 1 2 5 5 9 9 8 6 6 4 2 2 5 5 29 28 28 29
 62 62 34 31 31 23 3 3 11 11 13 13 13 30 8 8 11 11 15 7 7 3 1 1 1 1 1 1 1 2 5 5 9 9 8 6 6 4 2 2 5 5 29 28 28 29
 87 87 55 19 19 3 3 3 10 10 14 11 11 11 12 12 9 9 10 4 4 6 5 5 2 2 0 1 1 1 2 2 5 5 8 7 7 8 9 9 5 5 29 26 26 28
 55 55 58 20 20 6 5 5 5 5 12 11 11 11 2 2 10 10 15 17 17 11 5 5 3 3 2 1 1 1 1 1 2 2 4 6 6 9 9 9 10 10 23 25 25 27
 55 55 58 20 20 6 5 5 5 5 12 11 11 11 2 2 10 10 15 17 17 11 5 5 3 3 2 1 1 1 1 1 2 2 4 6 6 9 9 9 10 10 23 25 25 27
 29 29 41 33 33 20 6 6 6 6 6 4 4 3 3 3 11 11 15 7 7 4 5 5 8 8 6 3 3 0 0 0 1 1 2 7 7 13 14 14 16 16 8 16 16 20
 29 29 41 33 33 20 6 6 6 6 6 4 4 3 3 3 11 11 15 7 7 4 5 5 8 8 6 3 3 0 0 0 1 1 2 7 7 13 14 14 16 16 8 16 16 20
 34 34 42 27 27 24 20 20 23 23 23 20 20 14 14 14 1 1 2 7 7 3 3 3 5 5 5 2 2 1 0 0 0 0 1 6 6 13 17 17 20 20 12 17 17 18
 66 66 81 43 43 40 65 65 64 64 28 28 28 15 15 15 7 7 13 8 8 2 2 2 2 2 2 1 1 0 0 0 0 0 1 4 4 12 17 17 16 16 11 12 12 12
 66 66 81 43 43 40 65 65 64 64 28 28 28 15 15 15 7 7 13 8 8 2 2 2 2 2 2 1 1 0 0 0 0 0 1 4 4 12 17 17 16 16 11 12 12 12
 32 32 38 73 73 55 85 85 75 75 74 33 33 22 21 21 7 7 11 9 9 9 1 1 1 1 1 0 0 0 0 0 0 0 0 1 1 3 5 5 7 7 7 11 11 0
 22 22 26 36 36 46 49 49 47 47 37 21 21 20 45 45 29 29 19 10 10 8 2 2 1 1 1 0 0 0 0 0 0 0 0 0 0 1 1 1 1 1 1 0 0 0
 22 22 26 36 36 46 49 49 47 47 37 21 21 20 45 45 29 29 19 10 10 8 2 2 1 1 1 0 0 0 0 0 0 0 0 0 0 1 1 1 1 1 1 0 0 0
 14 14 14 24 24 27 25 25 31 31 24 15 15 47 39 39 27 27 20 11 11 12 8 8 7 7 1 1 1 1 1 1 1 1 1 1 1 1 1 1 1 1 0 0 0 0
 14 14 14 24 24 27 25 25 31 31 24 15 15 47 39 39 27 27 20 11 11 12 8 8 7 7 1 1 1 1 1 1 1 1 1 1 1 1 1 1 1 1 0 0 0 0
 12 12 13 26 26 33 36 36 33 33 28 21 21 134 110 110 15 15 16 11 11 12 8 8 3 3 1 1 1 1 9 9 8 8 3 4 4 3 3 3 2 2 2 2 2 1
 13 13 31 22 22 28 29 29 31 31 28 21 21 130 108 108 16 16 6 11 11 6 7 7 4 4 1 8 8 9 11 11 11 11 10 18 18 9 7 7 8 8 7 6 6 4
 13 13 31 22 22 28 29 29 31 31 28 21 21 130 108 108 16 16 6 11 11 6 7 7 4 4 1 8 8 9 11 11 11 11 10 18 18 9 7 7 8 8 7 6 6 4
 23 23 36 32 32 32 33 33 33 33 29 34 34 29 12 12 22 22 12 14 14 2 3 3 3 3 1 4 4 4 11 11 10 10 26 34 34 25 14 14 10 10 11 10 10 10
 76 76 109 105 105 105 79 79 21 21 30 21 21 27 18 18 16 16 10 3 3 5 3 3 5 5 4 13 13 21 18 18 9 9 18 9 9 8 9 9 9 9 12 12 12 12
 76 76 109 105 105 105 79 79 21 21 30 21 21 27 18 18 16 16 10 3 3 5 3 3 5 5 4 13 13 21 18 18 9 9 18 9 9 8 9 9 9 9 12 12 12 12
 71 71 109 115 115 151 112 112 154 154 103 22 22 17 12 12 8 8 5 5 5 7 6 6 6 6 4 9 9 17 6 6 5 5 9 8 8 9 6 6 7 7 10 16 16 17
 71 71 109 115 115 151 112 112 154 154 103 22 22 17 12 12 8 8 5 5 5 7 6 6 6 6 4 9 9 17 6 6 5 5 9 8 8 9 6 6 7 7 10 16 16 17
 16 16 20 35 35 152 161 161 175 175 96 19 19 97 62 62 7 7 12 6 6 6 7 7 3 3 5 2 2 6 6 6 5 5 2 2 2 3 5 5 6 6 9 15 15 17
 12 12 13 16 16 26 158 158 158 158 110 112 112 106 69 69 111 111 99 17 17 18 18 18 17 17 19 3 3 1 1 1 2 2 1 3 3 4 4 4 6 6 8 8 8 9
 12 12 13 16 16 26 158 158 158 158 110 112 112 106 69 69 111 111 99 17 17 18 18 18 17 17 19 3 3 1 1 1 2 2 1 3 3 4 4 4 6 6 8 8 8 9
 10 10 12 12 12 12 15 15 89 89 109 116 116 122 123 123 132 132 113 30 30 25 17 17 19 19 17 3 3 2 3 3 10 10 10 2 2 3 2 2 4 4 7 8 8 8
 9 9 9 11 11 12 9 9 85 85 102 114 114 133 139 139 153 153 136 126 126 112 33 33 18 18 17 3 3 4 4 4 2 2 14 7 7 7 1 1 2 2 4 5 5 6
 9 9 9 11 11 12 9 9 85 85 102 114 114 133 139 139 153 153 136 126 126 112 33 33 18 18 17 3 3 4 4 4 2 2 14 7 7 7 1 1 2 2 4 5 5 6
 5 5 10 9 9 10 8 8 7 7 9 100 100 128 142 142 163 163 139 151 151 62 33 33 16 16 18 4 4 5 7 7 6 6 16 3 3 7 0 0 1 1 1 1 1 2
 5 5 10 9 9 10 8 8 7 7 9 100 100 128 142 142 163 163 139 151 151 62 33 33 16 16 18 4 4 5 7 7 6 6 16 3 3 7 0 0 1 1 1 1 1 2
 5 5 8 10 10 13 9 9 9 9 16 17 17 33 44 44 149 149 161 172 172 73 31 31 16 16 2 3 3 1 3 3 4 4 8 4 4 8 0 0 0 0 0 0 0 0
 5 5 6 8 8 10 12 12 17 17 28 26 26 26 28 28 114 114 75 61 61 24 14 14 5 5 3 3 3 0 1 1 1 1 2 1 1 0 0 0 0 0 0 0 0 0
 5 5 6 8 8 10 12 12 17 17 28 26 26 26 28 28 114 114 75 61 61 24 14 14 5 5 3 3 3 0 1 1 1 1 2 1 1 0 0 0 0 0 0 0 0 0
 6 6 7 8 8 8 10 10 17 17 29 28 28 10 8 8 10 10 12 11 11 10 3 3 4 4 1 2 2 1 0 0 0 0 0 0 0 0 0 0 0 0 0 0 0 0
 11 11 9 5 5 5 9 9 25 25 16 16 16 5 4 4 2 2 5 6 6 3 3 3 3 3 6 2 2 2 0 0 0 0 0 0 0 0 0 0 0 0 0 0 0 0
 11 11 9 5 5 5 9 9 25 25 16 16 16 5 4 4 2 2 5 6 6 3 3 3 3 3 6 2 2 2 0 0 0 0 0 0 0 0 0 0 0 0 0 0 0 0
 12 12 11 10 10 6 12 12 8 8 9 12 12 3 3 3 2 2 1 1 1 1 1 1 9 9 10 1 1 1 1 1 0 0 0 0 0 0 0 0 0 0 0 0 0 0
 12 12 11 10 10 6 12 12 8 8 9 12 12 3 3 3 2 2 1 1 1 1 1 1 9 9 10 1 1 1 1 1 0 0 0 0 0 0 0 0 0 0 0 0 0 0
 11 11 11 5 5 6 9 9 4 4 5 8 8 6 1 1 1 1 1 1 1 0 2 2 18 18 5 5 5 6 2 2 2 2 0 0 0 0 0 0 0 0 0 0 0 0
 12 12 15 10 10 4 8 8 10 10 4 8 8 6 3 3 2 2 1 1 1 1 1 1 14 14 5 3 3 5 1 1 1 1 0 0 0 0 0 0 1 1 1 0 0 0
 12 12 15 10 10 4 8 8 10 10 4 8 8 6 3 3 2 2 1 1 1 1 1 1 14 14 5 3 3 5 1 1 1 1 0 0 0 0 0 0 1 1 1 0 0 0
 14 14 15 12 12 7 9 9 11 11 12 6 6 5 3 3 2 2 1 0 0 0 2 2 2 2 5 4 4 4 1 1 0 0 1 1 1 0 0 0 1 1 0 0 0 0
 11 11 10 8 8 8 9 9 11 11 12 10 10 5 2 2 2 2 1 0 0 0 2 2 5 5 2 2 2 3 3 3 0 0 2 1 1 1 0 0 1 1 0 0 0 0
 11 11 10 8 8 8 9 9 11 11 12 10 10 5 2 2 2 2 1 0 0 0 2 2 5 5 2 2 2 3 3 3 0 0 2 1 1 1 0 0 1 1 0 0 0 0
 12 12 9 8 8 28 25 25 8 8 9 9 9 6 4 4 5 5 3 1 1 2 5 5 5 5 2 3 3 3 3 3 2 2 1 1 1 1 0 0 0 0 1 1 1 0
 12 12 9 8 8 28 25 25 8 8 9 9 9 6 4 4 5 5 3 1 1 2 5 5 5 5 2 3 3 3 3 3 2 2 1 1 1 1 0 0 0 0 1 1 1 0
 12 12 11 7 7 24 29 29 30 30 30 5 5 8 9 9 6 6 6 5 5 5 12 12 2 2 3 3 3 3 3 3 5 5 6 8 8 8 3 3 3 3 2 1 1 0
 10 10 9 12 12 48 30 30 55 55 35 9 9 10 11 11 15 15 9 21 21 24 17 17 6 6 6 2 2 2 4 4 6 6 5 9 9 8 4 4 4 4 3 1 1 1
 10 10 9 12 12 48 30 30 55 55 35 9 9 10 11 11 15 15 9 21 21 24 17 17 6 6 6 2 2 2 4 4 6 6 5 9 9 8 4 4 4 4 3 1 1 1
 21 21 25 50 50 47 50 50 54 54 13 13 13 13 14 14 12 12 9 19 19 17 22 22 36 36 34 7 7 7 4 4 7 7 5 12 12 15 16 16 8 8 8 2 2 2
 22 22 49 48 48 86 51 51 111 111 62 73 73 18 14 14 10 10 8 13 13 36 37 37 79 79 37 13 13 7 5 5 4 4 4 2 2 10 10 10 9 9 7 2 2 2
