assets/RAT_results_old/precipitation/2022-11-01_IMERG.asc
ncols        46
nrows        77
xllcorner    74.800261325624
yllcorner    8.058333333333
cellsize     0.062500000000
NODATA_value -9999
 0 0 0 0 0 0 0 0 0 0 0 0 0 0 0 0 1 1 1 0 0 0 0 0 0 0 0 1 1 1 3 3 1 1 0 0 0 0 1 1 2 2 4 7 7 6
 0 0 0 0 0 0 0 0 0 0 0 0 0 0 0 0 0 0 1 1 1 1 0 0 0 0 0 0 0 1 4 4 3 3 1 1 1 2 2 2 1 1 2 4 4 6
 0 0 0 0 0 0 0 0 0 0 0 0 0 0 0 0 0 0 1 1 1 1 0 0 0 0 0 0 0 1 4 4 3 3 1 1 1 2 2 2 1 1 2 4 4 6
 0 0 0 0 0 0 0 0 0 0 0 0 0 0 0 0 0 0 1 1 1 1 0 0 1 1 0 0 0 1 2 2 3 3 3 2 2 1 2 2 2 2 4 6 6 4
 0 0 0 0 0 0 0 0 0 0 0 0 0 0 1 1 0 0 1 3 3 1 1 1 1 1 1 0 0 0 0 0 1 1 1 2 2 2 3 3 4 4 5 6 6 7
 0 0 0 0 0 0 0 0 0 0 0 0 0 0 1 1 0 0 1 3 3 1 1 1 1 1 1 0 0 0 0 0 1 1 1 2 2 2 3 3 4 4 5 6 6 7
 1 1 1 1 1 1 1 1 0 0 0 0 0 0 1 1 1 1 1 1 1 1 0 0 1 1 1 1 1 1 0 0 0 0 1 1 1 2 4 4 7 7 12 8 8 9
 1 1 1 1 1 1 1 1 0 0 0 0 0 0 1 1 1 1 1 1 1 1 0 0 1 1 1 1 1 1 0 0 0 0 1 1 1 2 4 4 7 7 12 8 8 9
 5 5 1 2 2 4 4 4 1 1 1 0 0 0 0 0 0 0 0 0 0 0 0 0 1 1 1 1 1 1 0 0 0 0 1 1 1 1 3 3 4 4 15 15 15 19
 5 5 2 2 2 4 3 3 2 2 3 1 1 0 0 0 0 0 0 0 0 0 0 0 1 1 1 1 1 2 1 1 1 1 2 1 1 1 3 3 4 4 8 18 18 23
 5 5 2 2 2 4 3 3 2 2 3 1 1 0 0 0 0 0 0 0 0 0 0 0 1 1 1 1 1 2 1 1 1 1 2 1 1 1 3 3 4 4 8 18 18 23
 5 5 2 0 0 2 1 1 2 2 7 3 3 0 0 0 0 0 0 0 0 0 0 0 0 0 0 1 1 2 2 2 2 2 3 1 1 1 3 3 2 2 4 3 3 26
 3 3 1 0 0 0 0 0 1 1 3 1 1 0 0 0 0 0 0 0 0 0 0 0 1 1 0 0 0 1 1 1 2 2 2 2 2 2 1 1 1 1 1 3 3 3
 3 3 1 0 0 0 0 0 1 1 3 1 1 0 0 0 0 0 0 0 0 0 0 0 1 1 0 0 0 1 1 1 2 2 2 2 2 2 1 1 1 1 1 3 3 3
 0 0 0 0 0 0 0 0 0 0 0 0 0 0 0 0 0 0 0 0 0 0 1 1 1 1 1 1 1 0 1 1 1 1 3 4 4 3 2 2 2 2 2 1 1 1
 0 0 0 0 0 0 0 0 0 0 0 0 0 0 0 0 0 0 0 0 0 0 1 1 1 1 1 1 1 0 1 1 1 1 3 4 4 3 2 2 2 2 2 1 1 1
 0 0 0 1 1 0 1 1 2 2 1 1 1 2 2 2 0 0 0 0 0 0 1 1 1 1 0 1 1 1 1 1 1 1 4 4 4 3 4 4 4 4 3 2 2 2
 1 1 0 3 3 1 2 2 2 2 2 2 2 2 3 3 1 1 0 0 0 0 0 0 0 0 0 1 1 2 2 2 2 2 3 3 3 5 5 5 4 4 4 3 3 2
 1 1 0 3 3 1 2 2 2 2 2 2 2 2 3 3 1 1 0 0 0 0 0 0 0 0 0 1 1 2 2 2 2 2 3 3 3 5 5 5 4 4 4 3 3 2
 1 1 1 1 1 5 2 2 3 3 2 3 3 3 6 6 2 2 0 0 0 0 0 0 0 0 1 2 2 3 4 4 5 5 4 4 4 5 5 5 5 5 9 8 8 8
 1 1 1 4 4 4 7 7 7 7 7 4 4 2 3 3 1 1 0 0 0 0 0 0 1 1 1 2 2 3 4 4 5 5 5 5 5 7 5 5 5 5 7 6 6 8
 1 1 1 4 4 4 7 7 7 7 7 4 4 2 3 3 1 1 0 0 0 0 0 0 1 1 1 2 2 3 4 4 5 5 5 5 5 7 5 5 5 5 7 6 6 8
 2 2 1 4 4 3 6 6 8 8 6 3 3 1 1 1 1 1 0 0 0 0 1 1 1 1 1 1 1 2 3 3 6 6 5 6 6 10 10 10 9 9 6 4 4 4
 2 2 1 4 4 3 6 6 8 8 6 3 3 1 1 1 1 1 0 0 0 0 1 1 1 1 1 1 1 2 3 3 6 6 5 6 6 10 10 10 9 9 6 4 4 4
 4 4 2 2 2 6 6 6 9 9 4 3 3 0 1 1 0 0 0 0 0 0 0 0 0 0 0 0 0 2 1 1 3 3 2 2 2 6 7 7 6 6 6 3 3 2
 2 2 4 3 3 3 1 1 6 6 6 4 4 1 1 1 1 1 0 0 0 0 0 0 0 0 0 1 1 2 2 2 2 2 2 2 2 2 4 4 3 3 4 3 3 3
 2 2 4 3 3 3 1 1 6 6 6 4 4 1 1 1 1 1 0 0 0 0 0 0 0 0 0 1 1 2 2 2 2 2 2 2 2 2 4 4 3 3 4 3 3 3
 1 1 3 2 2 1 2 2 5 5 8 7 7 2 2 2 2 2 3 4 4 1 0 0 0 0 0 1 1 0 0 0 1 1 3 2 2 2 2 2 4 4 5 4 4 6
 2 2 1 1 1 1 2 2 2 2 8 18 18 6 7 7 4 4 2 9 9 3 0 0 0 0 0 0 0 0 0 0 0 0 1 1 1 2 2 2 3 3 6 6 6 8
 2 2 1 1 1 1 2 2 2 2 8 18 18 6 7 7 4 4 2 9 9 3 0 0 0 0 0 0 0 0 0 0 0 0 1 1 1 2 2 2 3 3 6 6 6 8
 2 2 3 4 4 4 4 4 3 3 5 8 8 8 6 6 2 2 1 5 5 2 0 0 0 0 1 1 1 0 0 0 1 1 1 2 2 2 4 4 5 5 5 5 5 5
 2 2 3 4 4 4 4 4 3 3 5 8 8 8 6 6 2 2 1 5 5 2 0 0 0 0 1 1 1 0 0 0 1 1 1 2 2 2 4 4 5 5 5 5 5 5
 1 1 4 5 5 4 4 4 3 3 2 1 1 5 8 8 5 5 6 1 1 1 0 0 1 1 2 2 2 1 1 1 1 1 2 3 3 4 9 9 11 11 5 3 3 5
 3 3 6 5 5 4 5 5 5 5 4 4 4 6 11 11 9 9 6 1 1 2 1 1 1 1 2 3 3 3 1 1 0 0 1 2 2 3 4 4 5 5 5 5 5 5
 3 3 6 5 5 4 5 5 5 5 4 4 4 6 11 11 9 9 6 1 1 2 1 1 1 1 2 3 3 3 1 1 0 0 1 2 2 3 4 4 5 5 5 5 5 5
 4 4 6 5 5 5 5 5 5 5 4 5 5 6 2 2 7 7 5 2 2 5 1 1 1 1 1 2 2 3 2 2 0 0 3 5 5 6 4 4 3 3 2 3 3 3
 2 2 5 5 5 5 5 5 6 6 6 5 5 5 7 7 10 10 4 1 1 2 3 3 2 2 1 2 2 3 2 2 1 1 3 4 4 8 5 5 7 7 1 1 1 1
 2 2 5 5 5 5 5 5 6 6 6 5 5 5 7 7 10 10 4 1 1 2 3 3 2 2 1 2 2 3 2 2 1 1 3 4 4 8 5 5 7 7 1 1 1 1
 2 2 6 4 4 5 4 4 5 5 6 6 6 7 7 7 7 7 4 2 2 2 3 3 3 3 2 4 4 2 1 1 1 1 5 10 10 21 18 18 18 18 1 1 1 0
 2 2 6 4 4 5 4 4 5 5 6 6 6 7 7 7 7 7 4 2 2 2 3 3 3 3 2 4 4 2 1 1 1 1 5 10 10 21 18 18 18 18 1 1 1 0
 2 2 6 5 5 5 5 5 4 4 5 5 5 8 8 8 6 6 6 4 4 3 6 6 7 7 5 6 6 6 3 3 3 3 1 6 6 4 6 6 5 5 1 1 1 0
 2 2 5 4 4 5 5 5 4 4 4 5 5 7 7 7 8 8 9 8 8 9 13 13 18 18 13 12 12 14 8 8 9 9 5 5 5 11 7 7 5 5 1 1 1 0
 2 2 5 4 4 5 5 5 4 4 4 5 5 7 7 7 8 8 9 8 8 9 13 13 18 18 13 12 12 14 8 8 9 9 5 5 5 11 7 7 5 5 1 1 1 0
 2 2 5 5 5 5 5 5 4 4 4 5 5 8 9 9 11 11 11 7 7 7 7 7 10 10 15 15 15 11 5 5 6 6 11 4 4 8 4 4 3 3 1 1 1 0
 2 2 2 4 4 5 6 6 4 4 1 2 2 2 4 4 7 7 18 8 8 5 4 4 4 4 9 8 8 5 9 9 7 7 5 2 2 9 6 6 6 6 2 1 1 0
 2 2 2 4 4 5 6 6 4 4 1 2 2 2 4 4 7 7 18 8 8 5 4 4 4 4 9 8 8 5 9 9 7 7 5 2 2 9 6 6 6 6 2 1 1 0
 3 3 3 4 4 5 5 5 2 2 0 1 1 1 2 2 8 8 8 3 3 3 2 2 5 5 3 3 3 4 7 7 10 10 6 6 6 4 5 5 5 5 3 2 2 1
 3 3 3 4 4 5 5 5 2 2 0 1 1 1 2 2 8 8 8 3 3 3 2 2 5 5 3 3 3 4 7 7 10 10 6 6 6 4 5 5 5 5 3 2 2 1
 1 1 4 4 4 5 5 5 1 1 0 0 0 1 1 1 2 2 2 1 1 1 6 6 12 12 5 5 5 7 10 10 18 18 12 7 7 8 14 14 14 14 17 5 5 3
 1 1 4 4 4 5 1 1 2 2 1 0 0 1 1 1 1 1 1 1 1 1 2 2 4 4 2 1 1 2 4 4 12 12 9 11 11 6 10 10 17 17 19 24 24 27
 1 1 4 4 4 5 1 1 2 2 1 0 0 1 1 1 1 1 1 1 1 1 2 2 4 4 2 1 1 2 4 4 12 12 9 11 11 6 10 10 17 17 19 24 24 27
 1 1 1 0 0 3 2 2 2 2 2 1 1 1 0 0 1 1 1 1 1 1 0 0 1 1 0 1 1 1 2 2 6 6 3 4 4 6 8 8 9 9 10 31 31 41
 1 1 0 0 0 3 2 2 3 3 1 0 0 0 0 0 0 0 0 0 0 0 0 0 0 0 1 1 1 1 2 2 2 2 3 3 3 4 11 11 11 11 14 48 48 73
 1 1 0 0 0 3 2 2 3 3 1 0 0 0 0 0 0 0 0 0 0 0 0 0 0 0 1 1 1 1 2 2 2 2 3 3 3 4 11 11 11 11 14 48 48 73
 4 4 1 1 1 0 1 1 2 2 1 0 0 0 0 0 0 0 0 0 0 0 0 0 0 0 1 1 1 1 2 2 4 4 5 6 6 7 13 13 13 13 19 46 46 42
 4 4 1 1 1 0 1 1 2 2 1 0 0 0 0 0 0 0 0 0 0 0 0 0 0 0 1 1 1 1 2 2 4 4 5 6 6 7 13 13 13 13 19 46 46 42
 6 6 2 2 2 2 0 0 0 0 0 0 0 0 0 0 0 0 0 1 1 1 0 0 0 0 0 0 0 1 2 2 4 4 7 10 10 11 23 23 24 24 21 41 41 48
 2 2 1 2 2 3 1 1 1 1 0 0 0 0 0 0 0 0 0 7 7 1 0 0 1 1 4 0 0 1 2 2 4 4 8 13 13 16 39 39 30 30 31 38 38 42
 2 2 1 2 2 3 1 1 1 1 0 0 0 0 0 0 0 0 0 7 7 1 0 0 1 1 4 0 0 1 2 2 4 4 8 13 13 16 39 39 30 30 31 38 38 42
 2 2 2 1 1 1 1 1 1 1 0 0 0 0 0 0 0 0 0 7 7 7 8 8 3 3 0 1 1 1 1 1 4 4 8 13 13 17 31 31 36 36 35 37 37 32
 8 8 8 3 3 0 0 0 0 0 0 0 0 0 1 1 6 6 6 7 7 10 14 14 5 5 3 1 1 1 1 1 3 3 7 10 10 13 17 17 23 23 28 31 31 29
 8 8 8 3 3 0 0 0 0 0 0 0 0 0 1 1 6 6 6 7 7 10 14 14 5 5 3 1 1 1 1 1 3 3 7 10 10 13 17 17 23 23 28 31 31 29
 10 10 3 1 1 1 0 0 0 0 0 1 1 0 0 0 3 3 7 7 7 9 10 10 9 9 3 1 1 0 1 1 1 1 4 7 7 9 12 12 19 19 26 28 28 40
 10 10 3 1 1 1 0 0 0 0 0 1 1 0 0 0 3 3 7 7 7 9 10 10 9 9 3 1 1 0 1 1 1 1 4 7 7 9 12 12 19 19 26 28 28 40
 9 9 3 2 2 2 2 2 0 0 0 1 1 0 0 0 3 3 7 7 7 8 8 8 8 8 3 3 3 1 1 1 1 1 4 6 6 7 10 10 18 18 18 28 28 41
 4 4 4 4 4 5 4 4 2 2 1 0 0 0 0 0 2 2 3 9 9 6 10 10 8 8 2 1 1 1 1 1 3 3 4 9 9 11 9 9 15 15 21 28 28 28
 4 4 4 4 4 5 4 4 2 2 1 0 0 0 0 0 2 2 3 9 9 6 10 10 8 8 2 1 1 1 1 1 3 3 4 9 9 11 9 9 15 15 21 28 28 28
 6 6 8 5 5 9 7 7 4 4 1 1 1 1 1 1 2 2 7 12 12 16 7 7 3 3 2 2 2 2 5 5 8 8 10 19 19 21 12 12 9 9 18 20 20 20
 10 10 9 12 12 21 19 19 8 8 3 2 2 1 2 2 2 2 4 9 9 12 6 6 4 4 3 3 3 3 5 5 11 11 10 15 15 15 11 11 12 12 22 22 22 19
 10 10 9 12 12 21 19 19 8 8 3 2 2 1 2 2 2 2 4 9 9 12 6 6 4 4 3 3 3 3 5 5 11 11 10 15 15 15 11 11 12 12 22 22 22 19
 9 9 8 13 13 13 29 29 15 15 4 4 4 5 5 5 4 4 6 9 9 9 4 4 4 4 6 3 3 5 8 8 6 6 15 15 15 13 12 12 17 17 22 20 20 18
 9 9 8 13 13 13 29 29 15 15 4 4 4 5 5 5 4 4 6 9 9 9 4 4 4 4 6 3 3 5 8 8 6 6 15 15 15 13 12 12 17 17 22 20 20 18
 10 10 10 7 7 8 13 13 21 21 4 21 21 21 20 20 6 6 5 6 6 9 3 3 5 5 5 5 5 5 5 5 4 4 6 9 9 12 13 13 15 15 18 13 13 15
 32 32 30 13 13 14 10 10 15 15 18 26 26 24 29 29 41 41 49 33 33 16 15 15 4 4 4 3 3 6 6 6 3 3 7 7 7 8 9 9 13 13 17 10 10 8
 32 32 30 13 13 14 10 10 15 15 18 26 26 24 29 29 41 41 49 33 33 16 15 15 4 4 4 3 3 6 6 6 3 3 7 7 7 8 9 9 13 13 17 10 10 8
 13 13 13 16 16 14 27 27 30 30 36 37 37 34 31 31 39 39 35 47 47 30 30 30 14 14 9 8 8 6 4 4 4 4 7 20 20 18 11 11 12 12 15 10 10 6
 5 5 13 5 5 4 7 7 25 25 22 23 23 20 35 35 33 33 31 27 27 23 22 22 7 7 6 9 9 10 8 8 7 7 9 18 18 21 9 9 9 9 22 6 6 3
