assets/RAT_results_old/precipitation/2022-10-12_IMERG.asc
ncols        46
nrows        77
xllcorner    74.800261325624
yllcorner    8.058333333333
cellsize     0.062500000000
NODATA_value -9999
 0 0 1 1 1 2 3 3 4 4 4 3 3 3 3 3 4 4 4 4 4 4 6 6 15 15 17 19 19 6 5 5 2 2 4 4 4 4 5 5 5 5 6 6 6 8
 0 0 0 1 1 1 1 1 1 1 1 1 1 1 2 2 2 2 2 2 2 2 4 4 12 12 20 45 45 44 21 21 10 10 6 5 5 5 6 6 2 2 3 3 3 5
 0 0 0 1 1 1 1 1 1 1 1 1 1 1 2 2 2 2 2 2 2 2 4 4 12 12 20 45 45 44 21 21 10 10 6 5 5 5 6 6 2 2 3 3 3 5
 0 0 0 0 0 0 0 0 0 0 0 0 0 0 1 1 1 1 1 1 1 2 2 2 4 4 16 27 27 35 15 15 9 9 10 6 6 5 2 2 2 2 5 4 4 11
 0 0 0 0 0 0 0 0 1 1 1 1 1 1 2 2 2 2 2 2 2 1 1 1 1 1 26 24 24 35 9 9 10 10 5 3 3 6 5 5 7 7 8 11 11 11
 0 0 0 0 0 0 0 0 1 1 1 1 1 1 2 2 2 2 2 2 2 1 1 1 1 1 26 24 24 35 9 9 10 10 5 3 3 6 5 5 7 7 8 11 11 11
 0 0 0 0 0 0 0 0 1 1 1 1 1 2 2 2 2 2 1 2 2 1 1 1 1 1 23 4 4 9 10 10 5 5 6 5 5 6 7 7 10 10 10 25 25 27
 0 0 0 0 0 0 0 0 1 1 1 1 1 2 2 2 2 2 1 2 2 1 1 1 1 1 23 4 4 9 10 10 5 5 6 5 5 6 7 7 10 10 10 25 25 27
 1 1 1 2 2 1 1 1 1 1 1 0 0 0 1 1 3 3 1 1 1 1 1 1 1 1 3 5 5 11 15 15 7 7 8 8 8 6 6 6 6 6 6 16 16 17
 2 2 1 3 3 2 2 2 2 2 1 0 0 0 0 0 0 0 0 0 0 0 0 0 1 1 2 2 2 3 4 4 4 4 4 5 5 4 4 4 5 5 5 14 14 15
 2 2 1 3 3 2 2 2 2 2 1 0 0 0 0 0 0 0 0 0 0 0 0 0 1 1 2 2 2 3 4 4 4 4 4 5 5 4 4 4 5 5 5 14 14 15
 0 0 0 0 0 0 1 1 1 1 0 0 0 0 0 0 0 0 0 0 0 0 1 1 2 2 1 1 1 2 2 2 2 2 2 2 2 2 2 2 3 3 3 1 1 15
 0 0 0 0 0 0 0 0 0 0 0 0 0 0 0 0 0 0 0 0 0 0 1 1 1 1 1 1 1 1 1 1 1 1 1 1 1 2 2 2 3 3 2 1 1 1
 0 0 0 0 0 0 0 0 0 0 0 0 0 0 0 0 0 0 0 0 0 0 1 1 1 1 1 1 1 1 1 1 1 1 1 1 1 2 2 2 3 3 2 1 1 1
 0 0 0 0 0 0 0 0 0 0 0 0 0 0 0 0 0 0 0 0 0 0 0 0 0 0 0 0 0 1 1 1 1 1 1 1 1 1 3 3 4 4 3 1 1 1
 0 0 0 0 0 0 0 0 0 0 0 0 0 0 0 0 0 0 0 0 0 0 0 0 0 0 0 0 0 1 1 1 1 1 1 1 1 1 3 3 4 4 3 1 1 1
 0 0 0 0 0 0 0 0 0 0 0 0 0 0 0 0 0 0 0 0 0 0 0 0 0 0 0 0 0 1 1 1 0 0 0 0 0 0 1 1 4 4 5 0 0 1
 0 0 0 0 0 0 0 0 0 0 0 0 0 0 1 1 0 0 0 0 0 0 0 0 1 1 0 0 0 0 0 0 0 0 0 0 0 0 0 0 1 1 1 0 0 0
 0 0 0 0 0 0 0 0 0 0 0 0 0 0 1 1 0 0 0 0 0 0 0 0 1 1 0 0 0 0 0 0 0 0 0 0 0 0 0 0 1 1 1 0 0 0
 0 0 0 0 0 0 0 0 0 0 0 0 0 0 1 1 1 1 1 1 1 0 0 0 1 1 1 0 0 1 1 1 2 2 2 2 2 1 0 0 2 2 2 11 11 11
 0 0 0 0 0 0 0 0 0 0 0 0 0 0 0 0 0 0 0 0 0 0 1 1 2 2 1 0 0 3 3 3 3 3 4 6 6 1 1 1 0 0 0 2 2 11
 0 0 0 0 0 0 0 0 0 0 0 0 0 0 0 0 0 0 0 0 0 0 1 1 2 2 1 0 0 3 3 3 3 3 4 6 6 1 1 1 0 0 0 2 2 11
 0 0 0 0 0 0 0 0 0 0 0 0 0 0 0 0 1 1 2 0 0 1 1 1 0 0 0 2 2 1 1 1 1 1 1 1 1 0 1 1 1 1 1 2 2 2
 0 0 0 0 0 0 0 0 0 0 0 0 0 0 0 0 1 1 2 0 0 1 1 1 0 0 0 2 2 1 1 1 1 1 1 1 1 0 1 1 1 1 1 2 2 2
 0 0 0 0 0 0 0 0 0 0 0 0 0 0 0 0 1 1 0 0 0 1 0 0 1 1 0 0 0 1 2 2 1 1 0 1 1 1 1 1 1 1 1 0 0 2
 0 0 0 0 0 0 0 0 0 0 0 0 0 0 0 0 0 0 0 0 0 0 0 0 0 0 0 0 0 2 0 0 0 0 0 1 1 1 1 1 1 1 1 0 0 0
 0 0 0 0 0 0 0 0 0 0 0 0 0 0 0 0 0 0 0 0 0 0 0 0 0 0 0 0 0 2 0 0 0 0 0 1 1 1 1 1 1 1 1 0 0 0
 0 0 0 0 0 0 0 0 0 0 0 0 0 0 0 0 0 0 0 0 0 0 0 0 0 0 0 0 0 0 0 0 0 0 1 1 1 1 1 1 1 1 1 1 1 1
 0 0 0 0 0 0 0 0 0 0 0 0 0 0 0 0 0 0 0 4 4 5 2 2 0 0 0 0 0 1 0 0 0 0 0 0 0 0 0 0 0 0 1 2 2 2
 0 0 0 0 0 0 0 0 0 0 0 0 0 0 0 0 0 0 0 4 4 5 2 2 0 0 0 0 0 1 0 0 0 0 0 0 0 0 0 0 0 0 1 2 2 2
 0 0 0 0 0 0 0 0 0 0 0 0 0 0 0 0 0 0 1 2 2 2 0 0 0 0 0 0 0 1 1 1 1 1 0 1 1 0 0 0 0 0 0 1 1 0
 0 0 0 0 0 0 0 0 0 0 0 0 0 0 0 0 0 0 1 2 2 2 0 0 0 0 0 0 0 1 1 1 1 1 0 1 1 0 0 0 0 0 0 1 1 0
 0 0 0 0 0 3 1 1 1 1 1 0 0 0 0 0 0 0 0 0 0 1 0 0 0 0 0 1 1 2 1 1 3 3 1 1 1 1 0 0 0 0 8 4 4 0
 1 1 0 2 2 6 12 12 14 14 5 0 0 0 0 0 0 0 0 0 0 0 0 0 0 0 0 0 0 4 6 6 6 6 4 1 1 1 0 0 8 8 8 5 5 1
 1 1 0 2 2 6 12 12 14 14 5 0 0 0 0 0 0 0 0 0 0 0 0 0 0 0 0 0 0 4 6 6 6 6 4 1 1 1 0 0 8 8 8 5 5 1
 0 0 1 2 2 9 13 13 19 19 9 0 0 0 0 0 0 0 0 0 0 1 1 1 1 1 1 1 1 1 1 1 1 1 1 2 2 1 1 1 2 2 8 11 11 6
 0 0 0 2 2 2 3 3 10 10 3 1 1 0 0 0 0 0 0 0 0 1 1 1 1 1 1 1 1 2 3 3 1 1 2 2 2 2 3 3 3 3 8 11 11 13
 0 0 0 2 2 2 3 3 10 10 3 1 1 0 0 0 0 0 0 0 0 1 1 1 1 1 1 1 1 2 3 3 1 1 2 2 2 2 3 3 3 3 8 11 11 13
 0 0 0 0 0 1 6 6 15 15 10 1 1 0 0 0 1 1 0 1 1 2 2 2 4 4 1 2 2 4 4 4 3 3 3 6 6 5 17 17 14 14 23 14 14 14
 0 0 0 0 0 1 6 6 15 15 10 1 1 0 0 0 1 1 0 1 1 2 2 2 4 4 1 2 2 4 4 4 3 3 3 6 6 5 17 17 14 14 23 14 14 14
 0 0 0 0 0 4 6 6 15 15 11 1 1 2 1 1 1 1 1 1 1 2 3 3 4 4 7 8 8 14 15 15 22 22 18 8 8 11 17 17 16 16 25 62 62 58
 0 0 0 0 0 0 2 2 3 3 4 2 2 1 1 1 1 1 1 1 1 4 8 8 12 12 11 12 12 22 20 20 24 24 22 24 24 34 27 27 42 42 65 67 67 59
 0 0 0 0 0 0 2 2 3 3 4 2 2 1 1 1 1 1 1 1 1 4 8 8 12 12 11 12 12 22 20 20 24 24 22 24 24 34 27 27 42 42 65 67 67 59
 0 0 3 0 0 1 1 1 1 1 4 2 2 1 1 1 0 0 1 1 1 3 9 9 12 12 13 14 14 23 25 25 42 42 24 45 45 35 58 58 30 30 25 34 34 38
 2 2 0 0 0 1 1 1 1 1 4 1 1 0 0 0 0 0 0 2 2 3 9 9 12 12 15 14 14 25 23 23 38 38 41 41 41 49 52 52 38 38 37 31 31 31
 2 2 0 0 0 1 1 1 1 1 4 1 1 0 0 0 0 0 0 2 2 3 9 9 12 12 15 14 14 25 23 23 38 38 41 41 41 49 52 52 38 38 37 31 31 31
 0 0 0 0 0 1 0 0 2 2 3 1 1 8 0 0 0 0 1 1 1 1 9 9 12 12 15 23 23 28 31 31 38 38 41 40 40 48 50 50 41 41 40 23 23 35
 0 0 0 0 0 1 0 0 2 2 3 1 1 8 0 0 0 0 1 1 1 1 9 9 12 12 15 23 23 28 31 31 38 38 41 40 40 48 50 50 41 41 40 23 23 35
 1 1 0 0 0 1 2 2 3 3 13 8 8 8 0 0 0 0 0 0 0 4 8 8 13 13 15 16 16 18 29 29 35 35 40 46 46 47 48 48 34 34 36 20 20 20
 3 3 3 2 2 2 2 2 11 11 10 9 9 2 0 0 0 0 1 0 0 5 6 6 9 9 11 12 12 17 33 33 34 34 39 46 46 50 51 51 51 51 37 31 31 30
 3 3 3 2 2 2 2 2 11 11 10 9 9 2 0 0 0 0 1 0 0 5 6 6 9 9 11 12 12 17 33 33 34 34 39 46 46 50 51 51 51 51 37 31 31 30
 3 3 8 7 7 3 5 5 11 11 12 5 5 3 3 3 2 2 2 2 2 1 3 3 11 11 10 12 12 19 20 20 34 34 33 45 45 48 52 52 56 56 25 21 21 18
 1 1 4 5 5 6 8 8 9 9 14 16 16 7 7 7 8 8 3 3 3 2 2 2 9 9 13 14 14 17 18 18 26 26 40 46 46 51 54 54 58 58 48 47 47 44
 1 1 4 5 5 6 8 8 9 9 14 16 16 7 7 7 8 8 3 3 3 2 2 2 9 9 13 14 14 17 18 18 26 26 40 46 46 51 54 54 58 58 48 47 47 44
 1 1 3 6 6 7 10 10 7 7 15 15 15 8 14 14 16 16 10 7 7 4 10 10 10 10 17 14 14 18 19 19 28 28 34 36 36 41 57 57 56 56 53 51 51 31
 1 1 3 6 6 7 10 10 7 7 15 15 15 8 14 14 16 16 10 7 7 4 10 10 10 10 17 14 14 18 19 19 28 28 34 36 36 41 57 57 56 56 53 51 51 31
 5 5 3 11 11 23 21 21 12 12 16 15 15 14 12 12 11 11 4 3 3 4 7 7 10 10 18 20 20 24 25 25 25 25 40 27 27 41 51 51 47 47 47 50 50 40
 4 4 4 11 11 18 11 11 8 8 16 15 15 9 7 7 3 3 3 2 2 2 3 3 4 4 16 20 20 25 25 25 23 23 25 24 24 25 24 24 35 35 33 39 39 24
 4 4 4 11 11 18 11 11 8 8 16 15 15 9 7 7 3 3 3 2 2 2 3 3 4 4 16 20 20 25 25 25 23 23 25 24 24 25 24 24 35 35 33 39 39 24
 4 4 4 7 7 7 11 11 5 5 9 12 12 10 6 6 3 3 2 0 0 1 1 1 3 3 12 18 18 24 19 19 22 22 12 13 13 11 11 11 12 12 35 41 41 24
 9 9 8 8 8 5 3 3 4 4 8 22 22 12 3 3 1 1 1 1 1 0 0 0 1 1 1 4 4 6 10 10 12 12 8 10 10 9 8 8 10 10 10 8 8 12
 9 9 8 8 8 5 3 3 4 4 8 22 22 12 3 3 1 1 1 1 1 0 0 0 1 1 1 4 4 6 10 10 12 12 8 10 10 9 8 8 10 10 10 8 8 12
 10 10 16 8 8 6 2 2 2 2 9 26 26 20 10 10 1 1 2 1 1 1 1 1 1 1 3 3 3 4 8 8 10 10 5 6 6 9 9 9 3 3 5 5 5 9
 10 10 16 8 8 6 2 2 2 2 9 26 26 20 10 10 1 1 2 1 1 1 1 1 1 1 3 3 3 4 8 8 10 10 5 6 6 9 9 9 3 3 5 5 5 9
 15 15 22 17 17 5 2 2 2 2 4 11 11 29 21 21 4 4 2 1 1 2 1 1 1 1 2 2 2 2 1 1 4 4 4 6 6 9 11 11 5 5 8 9 9 5
 13 13 28 21 21 7 6 6 5 5 3 9 9 29 21 21 4 4 2 2 2 2 3 3 2 2 2 2 2 3 3 3 5 5 7 13 13 12 10 10 10 10 13 5 5 5
 13 13 28 21 21 7 6 6 5 5 3 9 9 29 21 21 4 4 2 2 2 2 3 3 2 2 2 2 2 3 3 3 5 5 7 13 13 12 10 10 10 10 13 5 5 5
 12 12 16 10 10 8 12 12 8 8 6 10 10 19 18 18 10 10 4 3 3 4 4 4 3 3 3 2 2 2 4 4 6 6 7 9 9 16 9 9 9 9 8 7 7 7
 14 14 15 13 13 8 10 10 6 6 5 6 6 6 8 8 13 13 9 5 5 6 6 6 5 5 4 3 3 4 3 3 4 4 6 16 16 18 13 13 10 10 11 10 10 12
 14 14 15 13 13 8 10 10 6 6 5 6 6 6 8 8 13 13 9 5 5 6 6 6 5 5 4 3 3 4 3 3 4 4 6 16 16 18 13 13 10 10 11 10 10 12
 15 15 13 11 11 10 14 14 10 10 8 6 6 5 7 7 19 19 20 7 7 6 9 9 6 6 9 5 5 7 5 5 4 4 8 14 14 15 12 12 14 14 14 13 13 12
 15 15 13 11 11 10 14 14 10 10 8 6 6 5 7 7 19 19 20 7 7 6 9 9 6 6 9 5 5 7 5 5 4 4 8 14 14 15 12 12 14 14 14 13 13 12
 14 14 13 14 14 15 12 12 12 12 11 9 9 13 18 18 47 47 41 14 14 11 11 11 11 11 12 7 7 11 12 12 7 7 16 21 21 16 16 16 13 13 12 11 11 9
 18 18 18 16 16 16 17 17 20 20 20 20 20 26 60 60 178 178 141 61 61 30 28 28 17 17 9 9 9 13 19 19 6 6 5 11 11 8 9 9 9 9 4 3 3 2
 18 18 18 16 16 16 17 17 20 20 20 20 20 26 60 60 178 178 141 61 61 30 28 28 17 17 9 9 9 13 19 19 6 6 5 11 11 8 9 9 9 9 4 3 3 2
 17 17 21 22 22 22 24 24 26 26 25 34 34 57 222 222 154 154 175 72 72 151 57 57 22 22 13 14 14 22 27 27 27 27 16 4 4 4 1 1 1 1 0 0 0 0
 22 22 29 29 29 35 31 31 31 31 36 58 58 81 97 97 104 104 54 50 50 67 54 54 28 28 30 27 27 25 27 27 19 19 14 7 7 7 5 5 5 5 0 1 1 0
