assets/RAT_results_old/precipitation/2022-05-12_IMERG.asc
ncols        46
nrows        77
xllcorner    74.800261325624
yllcorner    8.058333333333
cellsize     0.062500000000
NODATA_value -9999
 5 5 5 4 4 4 4 4 12 12 10 13 13 10 4 4 2 2 1 1 1 0 1 1 2 2 0 1 1 1 1 1 0 0 0 1 1 1 3 3 3 3 1 0 0 1
 17 17 8 5 5 6 10 10 9 9 11 11 11 7 3 3 1 1 1 0 0 1 1 1 1 1 2 1 1 1 3 3 3 3 1 1 1 0 1 1 3 3 1 0 0 0
 17 17 8 5 5 6 10 10 9 9 11 11 11 7 3 3 1 1 1 0 0 1 1 1 1 1 2 1 1 1 3 3 3 3 1 1 1 0 1 1 3 3 1 0 0 0
 15 15 8 8 8 6 6 6 7 7 9 8 8 8 2 2 3 3 1 0 0 1 2 2 2 2 1 1 1 1 5 5 3 3 1 0 0 0 2 2 3 3 1 0 0 1
 10 10 8 10 10 11 6 6 6 6 5 5 5 6 4 4 3 3 1 1 1 1 1 1 2 2 1 2 2 2 2 2 1 1 1 1 1 1 2 2 2 2 2 4 4 1
 10 10 8 10 10 11 6 6 6 6 5 5 5 6 4 4 3 3 1 1 1 1 1 1 2 2 1 2 2 2 2 2 1 1 1 1 1 1 2 2 2 2 2 4 4 1
 10 10 9 8 8 11 8 8 10 10 4 4 4 5 2 2 1 1 1 1 1 1 1 1 1 1 1 1 1 4 3 3 2 2 2 1 1 1 0 0 2 2 3 0 0 0
 10 10 9 8 8 11 8 8 10 10 4 4 4 5 2 2 1 1 1 1 1 1 1 1 1 1 1 1 1 4 3 3 2 2 2 1 1 1 0 0 2 2 3 0 0 0
 19 19 20 9 9 10 12 12 8 8 7 4 4 3 3 3 1 1 1 1 1 2 1 1 3 3 4 2 2 9 3 3 4 4 4 1 1 2 0 0 3 3 3 2 2 2
 29 29 25 18 18 16 14 14 10 10 6 2 2 3 3 3 3 3 2 3 3 3 5 5 7 7 6 6 6 10 11 11 14 14 12 7 7 7 5 5 8 8 6 3 3 4
 29 29 25 18 18 16 14 14 10 10 6 2 2 3 3 3 3 3 2 3 3 3 5 5 7 7 6 6 6 10 11 11 14 14 12 7 7 7 5 5 8 8 6 3 3 4
 49 49 24 23 23 16 14 14 11 11 3 2 2 3 3 3 4 4 3 5 5 4 7 7 9 9 8 11 11 11 10 10 15 15 15 25 25 24 47 47 11 11 10 8 8 12
 58 58 51 24 24 14 15 15 11 11 11 7 7 7 5 5 5 5 4 4 4 4 8 8 8 8 9 13 13 13 15 15 25 25 25 30 30 28 56 56 54 54 45 41 41 18
 58 58 51 24 24 14 15 15 11 11 11 7 7 7 5 5 5 5 4 4 4 4 8 8 8 8 9 13 13 13 15 15 25 25 25 30 30 28 56 56 54 54 45 41 41 18
 78 78 35 24 24 9 17 17 8 8 15 12 12 8 8 8 8 8 6 7 7 8 9 9 11 11 11 15 15 17 19 19 32 32 44 72 72 69 75 75 72 72 73 81 81 44
 78 78 35 24 24 9 17 17 8 8 15 12 12 8 8 8 8 8 6 7 7 8 9 9 11 11 11 15 15 17 19 19 32 32 44 72 72 69 75 75 72 72 73 81 81 44
 38 38 35 17 17 13 14 14 9 9 11 16 16 17 11 11 8 8 5 9 9 8 9 9 11 11 18 23 23 29 33 33 37 37 51 74 74 77 88 88 85 85 81 78 78 40
 14 14 14 13 13 12 13 13 10 10 15 10 10 16 13 13 13 13 7 8 8 8 9 9 10 10 14 21 21 25 43 43 52 52 70 71 71 70 79 79 89 89 83 84 84 53
 14 14 14 13 13 12 13 13 10 10 15 10 10 16 13 13 13 13 7 8 8 8 9 9 10 10 14 21 21 25 43 43 52 52 70 71 71 70 79 79 89 89 83 84 84 53
 15 15 13 13 13 11 9 9 10 10 11 8 8 8 12 12 14 14 5 6 6 7 9 9 9 9 12 16 16 22 40 40 49 49 37 38 38 58 62 62 65 65 61 86 86 53
 15 15 11 11 11 10 10 10 10 10 10 6 6 7 7 7 11 11 5 6 6 5 7 7 6 6 9 12 12 16 20 20 28 28 28 33 33 53 51 51 53 53 54 34 34 29
 15 15 11 11 11 10 10 10 10 10 10 6 6 7 7 7 11 11 5 6 6 5 7 7 6 6 9 12 12 16 20 20 28 28 28 33 33 53 51 51 53 53 54 34 34 29
 13 13 11 10 10 10 13 13 12 12 11 6 6 7 7 7 6 6 4 5 5 2 3 3 4 4 8 9 9 15 15 15 21 21 23 22 22 7 9 9 15 15 19 16 16 28
 13 13 11 10 10 10 13 13 12 12 11 6 6 7 7 7 6 6 4 5 5 2 3 3 4 4 8 9 9 15 15 15 21 21 23 22 22 7 9 9 15 15 19 16 16 28
 13 13 9 10 10 10 12 12 12 12 15 8 8 8 6 6 4 4 3 3 3 3 3 3 4 4 6 6 6 8 10 10 7 7 7 8 8 7 6 6 10 10 8 7 7 7
 15 15 13 12 12 14 12 12 12 12 12 11 11 7 2 2 4 4 5 4 4 3 1 1 2 2 2 3 3 4 3 3 3 3 6 5 5 6 6 6 2 2 2 2 2 2
 15 15 13 12 12 14 12 12 12 12 12 11 11 7 2 2 4 4 5 4 4 3 1 1 2 2 2 3 3 4 3 3 3 3 6 5 5 6 6 6 2 2 2 2 2 2
 17 17 14 16 16 16 11 11 11 11 11 10 10 6 2 2 2 2 2 4 4 3 1 1 1 1 2 2 2 2 2 2 2 2 2 1 1 1 1 1 1 1 0 0 0 0
 19 19 18 28 28 17 12 12 11 11 11 9 9 7 5 5 1 1 4 2 2 2 2 2 1 1 1 1 1 1 1 1 1 1 1 0 0 0 0 0 0 0 0 0 0 0
 19 19 18 28 28 17 12 12 11 11 11 9 9 7 5 5 1 1 4 2 2 2 2 2 1 1 1 1 1 1 1 1 1 1 1 0 0 0 0 0 0 0 0 0 0 0
 31 31 23 25 25 17 13 13 11 11 9 7 7 7 6 6 2 2 4 2 2 1 1 1 0 0 0 1 1 0 0 0 0 0 0 0 0 0 0 0 0 0 0 0 0 0
 31 31 23 25 25 17 13 13 11 11 9 7 7 7 6 6 2 2 4 2 2 1 1 1 0 0 0 1 1 0 0 0 0 0 0 0 0 0 0 0 0 0 0 0 0 0
 38 38 26 18 18 12 11 11 10 10 9 8 8 10 8 8 7 7 5 2 2 0 2 2 2 2 2 1 1 0 0 0 0 0 0 0 0 0 0 0 0 0 0 0 0 0
 30 30 28 18 18 17 17 17 18 18 13 9 9 10 9 9 5 5 2 5 5 1 2 2 3 3 1 0 0 0 0 0 0 0 0 0 0 0 0 0 0 0 0 0 0 0
 30 30 28 18 18 17 17 17 18 18 13 9 9 10 9 9 5 5 2 5 5 1 2 2 3 3 1 0 0 0 0 0 0 0 0 0 0 0 0 0 0 0 0 0 0 0
 19 19 21 20 20 17 17 17 20 20 30 27 27 17 10 10 5 5 3 5 5 3 3 3 4 4 3 0 0 0 0 0 0 0 0 0 0 0 0 0 0 0 0 0 0 0
 17 17 19 19 19 20 17 17 35 35 25 27 27 16 43 43 43 43 13 8 8 6 7 7 7 7 4 2 2 1 0 0 0 0 0 0 0 0 0 0 0 0 0 0 0 0
 17 17 19 19 19 20 17 17 35 35 25 27 27 16 43 43 43 43 13 8 8 6 7 7 7 7 4 2 2 1 0 0 0 0 0 0 0 0 0 0 0 0 0 0 0 0
 17 17 18 13 13 15 17 17 18 18 40 46 46 45 47 47 49 49 22 44 44 14 13 13 7 7 4 7 7 3 1 1 1 1 0 0 0 0 0 0 0 0 0 0 0 0
 17 17 18 13 13 15 17 17 18 18 40 46 46 45 47 47 49 49 22 44 44 14 13 13 7 7 4 7 7 3 1 1 1 1 0 0 0 0 0 0 0 0 0 0 0 0
 6 6 13 10 10 12 13 13 21 21 16 23 23 31 29 29 62 62 56 37 37 18 18 18 11 11 7 5 5 2 1 1 0 0 0 0 0 0 0 0 0 0 0 0 0 0
 5 5 7 9 9 8 11 11 15 15 21 22 22 28 29 29 15 15 19 19 19 14 15 15 8 8 8 7 7 4 4 4 1 1 1 0 0 0 0 0 0 0 0 1 1 0
 5 5 7 9 9 8 11 11 15 15 21 22 22 28 29 29 15 15 19 19 19 14 15 15 8 8 8 7 7 4 4 4 1 1 1 0 0 0 0 0 0 0 0 1 1 0
 7 7 7 7 7 8 11 11 11 11 14 14 14 14 19 19 16 16 17 20 20 4 4 4 9 9 3 3 3 4 1 1 0 0 0 0 0 0 0 0 0 0 0 0 0 0
 6 6 3 4 4 5 5 5 6 6 8 12 12 14 27 27 27 27 14 11 11 8 7 7 4 4 1 2 2 1 1 1 1 1 0 0 0 0 0 0 0 0 0 0 0 0
 6 6 3 4 4 5 5 5 6 6 8 12 12 14 27 27 27 27 14 11 11 8 7 7 4 4 1 2 2 1 1 1 1 1 0 0 0 0 0 0 0 0 0 0 0 0
 1 1 2 3 3 4 3 3 4 4 3 4 4 11 21 21 23 23 16 12 12 8 3 3 2 2 2 3 3 2 2 2 1 1 1 0 0 0 0 0 0 0 0 0 0 0
 1 1 2 3 3 4 3 3 4 4 3 4 4 11 21 21 23 23 16 12 12 8 3 3 2 2 2 3 3 2 2 2 1 1 1 0 0 0 0 0 0 0 0 0 0 0
 1 1 1 1 1 2 3 3 3 3 3 4 4 10 18 18 18 18 15 12 12 9 4 4 2 2 2 2 2 3 3 3 3 3 1 0 0 0 0 0 0 0 0 0 0 0
 0 0 1 1 1 1 1 1 3 3 3 2 2 3 6 6 7 7 10 9 9 3 3 3 3 3 3 3 3 3 4 4 3 3 2 0 0 1 1 1 0 0 0 0 0 0
 0 0 1 1 1 1 1 1 3 3 3 2 2 3 6 6 7 7 10 9 9 3 3 3 3 3 3 3 3 3 4 4 3 3 2 0 0 1 1 1 0 0 0 0 0 0
 0 0 0 1 1 1 1 1 3 3 2 3 3 3 3 3 3 3 6 5 5 3 4 4 2 2 1 1 1 2 3 3 2 2 1 1 1 1 0 0 0 0 0 0 0 0
 0 0 0 1 1 1 1 1 2 2 2 3 3 2 1 1 1 1 3 3 3 2 4 4 4 4 2 2 2 3 3 3 2 2 1 0 0 0 0 0 0 0 0 0 0 0
 0 0 0 1 1 1 1 1 2 2 2 3 3 2 1 1 1 1 3 3 3 2 4 4 4 4 2 2 2 3 3 3 2 2 1 0 0 0 0 0 0 0 0 0 0 0
 1 1 1 1 1 1 1 1 1 1 1 2 2 2 1 1 1 1 1 3 3 3 5 5 3 3 1 2 2 0 4 4 3 3 1 0 0 0 0 0 1 1 0 0 0 0
 1 1 1 1 1 1 1 1 1 1 1 2 2 2 1 1 1 1 1 3 3 3 5 5 3 3 1 2 2 0 4 4 3 3 1 0 0 0 0 0 1 1 0 0 0 0
 7 7 10 6 6 6 3 3 1 1 1 1 1 1 1 1 1 1 1 1 1 4 7 7 5 5 2 0 0 0 0 0 0 0 1 0 0 0 1 1 0 0 0 0 0 0
 1 1 4 6 6 6 3 3 3 3 3 1 1 1 1 1 1 1 2 1 1 4 5 5 3 3 0 0 0 0 0 0 0 0 0 0 0 0 2 2 2 2 0 0 0 0
 1 1 4 6 6 6 3 3 3 3 3 1 1 1 1 1 1 1 2 1 1 4 5 5 3 3 0 0 0 0 0 0 0 0 0 0 0 0 2 2 2 2 0 0 0 0
 4 4 4 4 4 2 3 3 3 3 1 1 1 1 1 1 1 1 1 0 0 1 2 2 0 0 0 0 0 0 0 0 0 0 0 0 0 0 0 0 1 1 0 0 0 0
 0 0 0 0 0 0 3 3 3 3 2 2 2 1 1 1 1 1 1 1 1 3 1 1 2 2 0 0 0 0 0 0 0 0 0 0 0 0 0 0 0 0 0 0 0 0
 0 0 0 0 0 0 3 3 3 3 2 2 2 1 1 1 1 1 1 1 1 3 1 1 2 2 0 0 0 0 0 0 0 0 0 0 0 0 0 0 0 0 0 0 0 0
 3 3 1 1 1 1 2 2 3 3 2 2 2 2 2 2 2 2 2 1 1 3 7 7 3 3 0 0 0 0 0 0 0 0 0 0 0 0 0 0 0 0 0 0 0 0
 3 3 1 1 1 1 2 2 3 3 2 2 2 2 2 2 2 2 2 1 1 3 7 7 3 3 0 0 0 0 0 0 0 0 0 0 0 0 0 0 0 0 0 0 0 0
 11 11 11 2 2 5 15 15 5 5 5 10 10 6 5 5 3 3 3 3 3 1 1 1 1 1 0 0 0 0 0 0 0 0 0 0 0 0 0 0 1 1 0 0 0 0
 7 7 12 21 21 18 17 17 12 12 6 7 7 24 9 9 7 7 5 6 6 7 1 1 1 1 4 3 3 0 0 0 0 0 0 0 0 0 0 0 0 0 0 0 0 0
 7 7 12 21 21 18 17 17 12 12 6 7 7 24 9 9 7 7 5 6 6 7 1 1 1 1 4 3 3 0 0 0 0 0 0 0 0 0 0 0 0 0 0 0 0 0
 2 2 6 18 18 16 15 15 5 5 6 16 16 23 23 23 9 9 8 5 5 2 3 3 5 5 6 3 3 0 1 1 0 0 0 0 0 0 0 0 0 0 0 0 0 0
 6 6 8 13 13 8 3 3 3 3 7 15 15 21 5 5 6 6 3 1 1 1 1 1 1 1 1 5 5 1 2 2 0 0 0 6 6 0 0 0 0 0 0 0 0 0
 6 6 8 13 13 8 3 3 3 3 7 15 15 21 5 5 6 6 3 1 1 1 1 1 1 1 1 5 5 1 2 2 0 0 0 6 6 0 0 0 0 0 0 0 0 0
 2 2 6 9 9 3 3 3 1 1 2 8 8 6 8 8 2 2 4 3 3 1 1 1 2 2 5 14 14 8 0 0 0 0 0 0 0 0 0 0 0 0 0 1 1 0
 2 2 6 9 9 3 3 3 1 1 2 8 8 6 8 8 2 2 4 3 3 1 1 1 2 2 5 14 14 8 0 0 0 0 0 0 0 0 0 0 0 0 0 1 1 0
 2 2 2 10 10 7 4 4 2 2 1 1 1 3 2 2 1 1 4 4 4 2 3 3 4 4 2 9 9 15 3 3 0 0 0 0 0 0 0 0 0 0 0 0 0 0
 3 3 4 3 3 17 12 12 4 4 2 2 2 2 2 2 2 2 2 7 7 9 8 8 13 13 15 4 4 4 4 4 1 1 0 0 0 0 0 0 0 0 0 0 0 0
 3 3 4 3 3 17 12 12 4 4 2 2 2 2 2 2 2 2 2 7 7 9 8 8 13 13 15 4 4 4 4 4 1 1 0 0 0 0 0 0 0 0 0 0 0 0
 7 7 10 10 10 25 25 25 5 5 3 5 5 3 3 3 3 3 2 4 4 14 16 16 14 14 24 10 10 2 5 5 5 5 3 1 1 1 0 0 4 4 0 0 0 0
 9 9 10 15 15 15 14 14 6 6 8 7 7 10 8 8 5 5 3 4 4 7 15 15 18 18 14 11 11 8 17 17 10 10 7 6 6 4 4 4 4 4 0 2 2 1
