assets/RAT_results_old/precipitation/2022-06-24_IMERG.asc
ncols        46
nrows        77
xllcorner    74.800261325624
yllcorner    8.058333333333
cellsize     0.062500000000
NODATA_value -9999
 14 14 7 2 2 0 0 0 4 4 0 5 5 0 0 0 0 0 0 0 0 5 0 0 0 0 0 0 0 0 0 0 0 0 0 0 0 0 0 0 0 0 0 0 0 0
 7 7 9 8 8 0 2 2 3 3 8 9 9 1 0 0 1 1 0 0 0 0 0 0 0 0 0 0 0 0 0 0 0 0 0 0 0 0 0 0 0 0 0 0 0 0
 7 7 9 8 8 0 2 2 3 3 8 9 9 1 0 0 1 1 0 0 0 0 0 0 0 0 0 0 0 0 0 0 0 0 0 0 0 0 0 0 0 0 0 0 0 0
 9 9 5 3 3 4 2 2 3 3 3 2 2 1 0 0 1 1 1 0 0 0 0 0 0 0 0 0 0 0 0 0 0 0 0 0 0 0 0 0 0 0 0 0 0 0
 9 9 2 2 2 2 1 1 1 1 2 0 0 0 0 0 1 1 0 0 0 0 0 0 0 0 0 0 0 0 0 0 0 0 0 0 0 0 0 0 0 0 0 0 0 0
 9 9 2 2 2 2 1 1 1 1 2 0 0 0 0 0 1 1 0 0 0 0 0 0 0 0 0 0 0 0 0 0 0 0 0 0 0 0 0 0 0 0 0 0 0 0
 5 5 1 1 1 1 0 0 0 0 0 0 0 0 0 0 0 0 0 0 0 0 0 0 0 0 0 0 0 0 0 0 0 0 0 0 0 0 0 0 0 0 0 0 0 0
 5 5 1 1 1 1 0 0 0 0 0 0 0 0 0 0 0 0 0 0 0 0 0 0 0 0 0 0 0 0 0 0 0 0 0 0 0 0 0 0 0 0 0 0 0 0
 5 5 3 3 3 4 2 2 8 8 10 5 5 2 0 0 0 0 0 0 0 0 0 0 0 0 0 0 0 0 0 0 0 0 0 0 0 0 0 0 0 0 0 0 0 0
 5 5 3 12 12 4 9 9 11 11 15 19 19 15 4 4 3 3 1 0 0 0 0 0 0 0 0 0 0 0 0 0 0 0 0 0 0 0 0 0 0 0 0 0 0 0
 5 5 3 12 12 4 9 9 11 11 15 19 19 15 4 4 3 3 1 0 0 0 0 0 0 0 0 0 0 0 0 0 0 0 0 0 0 0 0 0 0 0 0 0 0 0
 16 16 9 33 33 6 10 10 20 20 13 38 38 17 7 7 4 4 0 0 0 0 0 0 0 0 0 0 0 0 0 0 0 0 0 0 0 0 0 0 0 0 0 0 0 0
 21 21 19 16 16 11 10 10 5 5 12 6 6 7 6 6 1 1 1 1 1 0 0 0 0 0 1 0 0 0 0 0 0 0 0 0 0 0 0 0 0 0 0 0 0 0
 21 21 19 16 16 11 10 10 5 5 12 6 6 7 6 6 1 1 1 1 1 0 0 0 0 0 1 0 0 0 0 0 0 0 0 0 0 0 0 0 0 0 0 0 0 0
 18 18 19 18 18 12 9 9 6 6 18 9 9 5 6 6 1 1 2 2 2 1 0 0 1 1 1 0 0 0 0 0 0 0 0 0 0 0 0 0 0 0 0 0 0 0
 18 18 19 18 18 12 9 9 6 6 18 9 9 5 6 6 1 1 2 2 2 1 0 0 1 1 1 0 0 0 0 0 0 0 0 0 0 0 0 0 0 0 0 0 0 0
 11 11 16 19 19 16 16 16 17 17 13 9 9 6 2 2 1 1 1 1 1 1 0 0 0 0 0 0 0 0 0 0 0 0 0 0 0 0 0 0 0 0 0 0 0 0
 12 12 8 30 30 22 22 22 45 45 21 5 5 3 12 12 8 8 7 6 6 4 1 1 0 0 0 0 0 0 0 0 0 0 0 0 0 0 0 0 0 0 0 0 0 0
 12 12 8 30 30 22 22 22 45 45 21 5 5 3 12 12 8 8 7 6 6 4 1 1 0 0 0 0 0 0 0 0 0 0 0 0 0 0 0 0 0 0 0 0 0 0
 8 8 9 23 23 40 47 47 32 32 14 15 15 13 27 27 24 24 19 9 9 3 1 1 0 0 0 0 0 0 0 0 0 0 0 0 0 0 0 0 0 0 0 0 0 0
 10 10 13 18 18 21 24 24 27 27 33 15 15 15 24 24 35 35 24 9 9 4 1 1 0 0 0 0 0 0 0 0 0 0 0 0 0 1 1 1 1 1 0 0 0 0
 10 10 13 18 18 21 24 24 27 27 33 15 15 15 24 24 35 35 24 9 9 4 1 1 0 0 0 0 0 0 0 0 0 0 0 0 0 1 1 1 1 1 0 0 0 0
 13 13 18 14 14 17 20 20 19 19 34 46 46 17 8 8 11 11 8 10 10 7 6 6 0 0 0 0 0 0 0 0 0 0 0 1 1 2 1 1 0 0 0 0 0 0
 13 13 18 14 14 17 20 20 19 19 34 46 46 17 8 8 11 11 8 10 10 7 6 6 0 0 0 0 0 0 0 0 0 0 0 1 1 2 1 1 0 0 0 0 0 0
 21 21 18 16 16 18 21 21 19 19 22 19 19 7 5 5 8 8 7 6 6 1 1 1 0 0 0 0 0 0 0 0 0 0 1 2 2 2 1 1 0 0 0 0 0 0
 15 15 14 20 20 21 27 27 20 20 24 23 23 25 5 5 2 2 2 1 1 1 1 1 1 1 1 1 1 1 0 0 0 0 0 1 1 0 0 0 0 0 0 0 0 1
 15 15 14 20 20 21 27 27 20 20 24 23 23 25 5 5 2 2 2 1 1 1 1 1 1 1 1 1 1 1 0 0 0 0 0 1 1 0 0 0 0 0 0 0 0 1
 19 19 19 22 22 32 31 31 23 23 24 33 33 29 4 4 1 1 2 2 2 1 1 1 2 2 2 1 1 1 1 1 0 0 0 0 0 0 0 0 0 0 0 0 0 0
 20 20 22 27 27 29 30 30 28 28 25 32 32 19 6 6 0 0 1 1 1 0 1 1 1 1 2 1 1 1 0 0 1 1 0 0 0 0 0 0 0 0 0 0 0 0
 20 20 22 27 27 29 30 30 28 28 25 32 32 19 6 6 0 0 1 1 1 0 1 1 1 1 2 1 1 1 0 0 1 1 0 0 0 0 0 0 0 0 0 0 0 0
 19 19 20 20 20 20 18 18 28 28 21 26 26 7 3 3 5 5 1 1 1 0 0 0 0 0 1 0 0 0 0 0 0 0 0 0 0 0 0 0 0 0 0 0 0 0
 19 19 20 20 20 20 18 18 28 28 21 26 26 7 3 3 5 5 1 1 1 0 0 0 0 0 1 0 0 0 0 0 0 0 0 0 0 0 0 0 0 0 0 0 0 0
 18 18 19 12 12 12 15 15 20 20 14 11 11 16 8 8 5 5 1 1 1 8 0 0 0 0 0 0 0 0 0 0 0 0 0 0 0 0 0 0 0 0 0 0 0 0
 21 21 21 14 14 11 13 13 14 14 14 15 15 14 4 4 20 20 10 8 8 8 0 0 0 0 0 0 0 0 0 0 0 0 0 0 0 0 0 0 0 0 0 0 0 0
 21 21 21 14 14 11 13 13 14 14 14 15 15 14 4 4 20 20 10 8 8 8 0 0 0 0 0 0 0 0 0 0 0 0 0 0 0 0 0 0 0 0 0 0 0 0
 21 21 19 15 15 14 12 12 16 16 22 25 25 21 5 5 18 18 22 17 17 17 3 3 3 3 0 0 0 0 0 0 0 0 0 0 0 0 0 0 0 0 0 0 0 0
 13 13 13 14 14 12 11 11 22 22 34 58 58 52 32 32 21 21 22 17 17 17 1 1 1 1 0 0 0 0 0 0 0 0 0 0 0 0 0 0 0 0 0 0 0 0
 13 13 13 14 14 12 11 11 22 22 34 58 58 52 32 32 21 21 22 17 17 17 1 1 1 1 0 0 0 0 0 0 0 0 0 0 0 0 0 0 0 0 0 0 0 0
 13 13 10 10 10 11 13 13 33 33 62 55 55 37 33 33 8 8 8 8 8 8 9 9 2 2 2 0 0 0 0 0 0 0 0 0 0 0 0 0 0 0 0 0 0 0
 13 13 10 10 10 11 13 13 33 33 62 55 55 37 33 33 8 8 8 8 8 8 9 9 2 2 2 0 0 0 0 0 0 0 0 0 0 0 0 0 0 0 0 0 0 0
 17 17 10 7 7 8 27 27 45 45 33 47 47 39 38 38 8 8 8 8 8 2 2 2 2 2 2 1 1 0 0 0 0 0 0 0 0 1 0 0 0 0 0 0 0 1
 20 20 13 10 10 7 21 21 40 40 36 33 33 7 3 3 2 2 1 1 1 2 3 3 3 3 1 1 1 0 1 1 1 1 1 1 1 0 0 0 0 0 0 1 1 1
 20 20 13 10 10 7 21 21 40 40 36 33 33 7 3 3 2 2 1 1 1 2 3 3 3 3 1 1 1 0 1 1 1 1 1 1 1 0 0 0 0 0 0 1 1 1
 26 26 27 19 19 21 21 21 30 30 26 9 9 7 3 3 3 3 3 4 4 4 3 3 3 3 3 1 1 1 1 1 1 1 1 0 0 0 1 1 1 1 1 1 1 1
 54 54 53 68 68 42 26 26 24 24 14 5 5 4 5 5 4 4 4 5 5 4 7 7 4 4 5 4 4 2 2 2 2 2 1 1 1 1 1 1 1 1 1 1 1 1
 54 54 53 68 68 42 26 26 24 24 14 5 5 4 5 5 4 4 4 5 5 4 7 7 4 4 5 4 4 2 2 2 2 2 1 1 1 1 1 1 1 1 1 1 1 1
 58 58 72 62 62 62 29 29 9 9 9 8 8 7 8 8 5 5 5 8 8 4 3 3 4 4 5 4 4 4 4 4 4 4 2 1 1 1 0 0 0 0 0 0 0 0
 58 58 72 62 62 62 29 29 9 9 9 8 8 7 8 8 5 5 5 8 8 4 3 3 4 4 5 4 4 4 4 4 4 4 2 1 1 1 0 0 0 0 0 0 0 0
 78 78 37 58 58 62 16 16 13 13 11 9 9 10 5 5 11 11 5 8 8 7 6 6 5 5 4 4 4 4 4 4 4 4 1 1 1 0 0 0 0 0 0 0 0 0
 31 31 29 37 37 54 33 33 11 11 10 11 11 8 5 5 11 11 9 9 9 22 5 5 8 8 4 3 3 1 1 1 3 3 3 0 0 0 0 0 0 0 0 0 0 0
 31 31 29 37 37 54 33 33 11 11 10 11 11 8 5 5 11 11 9 9 9 22 5 5 8 8 4 3 3 1 1 1 3 3 3 0 0 0 0 0 0 0 0 0 0 0
 27 27 29 35 35 58 24 24 13 13 11 18 18 9 7 7 12 12 16 32 32 29 14 14 8 8 5 4 4 5 5 5 3 3 0 0 0 0 0 0 0 0 0 0 0 0
 25 25 23 26 26 47 56 56 35 35 28 20 20 10 8 8 13 13 19 33 33 31 24 24 20 20 18 15 15 15 5 5 3 3 1 1 1 1 0 0 1 1 1 0 0 0
 25 25 23 26 26 47 56 56 35 35 28 20 20 10 8 8 13 13 19 33 33 31 24 24 20 20 18 15 15 15 5 5 3 3 1 1 1 1 0 0 1 1 1 0 0 0
 21 21 18 21 21 31 44 44 64 64 38 22 22 13 30 30 27 27 27 28 28 28 30 30 23 23 27 19 19 17 14 14 13 13 6 1 1 1 4 4 1 1 1 1 1 0
 21 21 18 21 21 31 44 44 64 64 38 22 22 13 30 30 27 27 27 28 28 28 30 30 23 23 27 19 19 17 14 14 13 13 6 1 1 1 4 4 1 1 1 1 1 0
 17 17 16 18 18 26 32 32 34 34 39 31 31 12 30 30 12 12 28 10 10 12 26 26 31 31 24 28 28 28 18 18 18 18 14 9 9 6 4 4 4 4 0 0 0 0
 18 18 15 16 16 24 32 32 22 22 24 29 29 11 12 12 11 11 9 10 10 22 27 27 35 35 20 21 21 20 23 23 19 19 15 4 4 2 1 1 1 1 0 0 0 0
 18 18 15 16 16 24 32 32 22 22 24 29 29 11 12 12 11 11 9 10 10 22 27 27 35 35 20 21 21 20 23 23 19 19 15 4 4 2 1 1 1 1 0 0 0 0
 15 15 13 13 13 19 29 29 28 28 17 13 13 18 10 10 9 9 7 7 7 7 18 18 24 24 18 21 21 10 11 11 6 6 11 4 4 2 1 1 1 1 0 0 0 0
 12 12 11 14 14 23 23 23 19 19 13 15 15 17 16 16 9 9 10 10 10 10 6 6 15 15 10 10 10 5 7 7 6 6 6 0 0 0 0 0 0 0 0 0 0 0
 12 12 11 14 14 23 23 23 19 19 13 15 15 17 16 16 9 9 10 10 10 10 6 6 15 15 10 10 10 5 7 7 6 6 6 0 0 0 0 0 0 0 0 0 0 0
 8 8 8 9 9 10 19 19 12 12 9 14 14 17 19 19 11 11 10 11 11 14 10 10 9 9 15 15 15 9 7 7 7 7 6 0 0 0 0 0 0 0 0 0 0 0
 8 8 8 9 9 10 19 19 12 12 9 14 14 17 19 19 11 11 10 11 11 14 10 10 9 9 15 15 15 9 7 7 7 7 6 0 0 0 0 0 0 0 0 0 0 0
 4 4 5 7 7 8 11 11 10 10 6 13 13 16 17 17 20 20 17 17 17 13 15 15 14 14 15 10 10 11 10 10 9 9 8 0 0 0 0 0 0 0 0 0 0 0
 3 3 4 5 5 5 7 7 6 6 14 11 11 13 17 17 22 22 18 16 16 10 11 11 11 11 15 20 20 19 13 13 9 9 8 0 0 0 0 0 0 0 0 0 0 0
 3 3 4 5 5 5 7 7 6 6 14 11 11 13 17 17 22 22 18 16 16 10 11 11 11 11 15 20 20 19 13 13 9 9 8 0 0 0 0 0 0 0 0 0 0 0
 3 3 3 3 3 4 5 5 5 5 7 7 7 8 16 16 14 14 15 13 13 6 6 6 6 6 13 16 16 26 9 9 2 2 0 0 0 0 0 0 0 0 0 0 0 0
 2 2 3 3 3 3 3 3 3 3 6 6 6 6 6 6 7 7 7 6 6 3 3 3 4 4 6 14 14 18 9 9 3 3 0 0 0 0 0 0 0 0 0 0 0 0
 2 2 3 3 3 3 3 3 3 3 6 6 6 6 6 6 7 7 7 6 6 3 3 3 4 4 6 14 14 18 9 9 3 3 0 0 0 0 0 0 0 0 0 0 0 0
 2 2 2 2 2 2 2 2 2 2 2 2 2 2 2 2 2 2 1 5 5 2 3 3 4 4 4 7 7 8 10 10 6 6 2 2 2 1 0 0 0 0 0 0 0 0
 2 2 2 2 2 2 2 2 2 2 2 2 2 2 2 2 2 2 1 5 5 2 3 3 4 4 4 7 7 8 10 10 6 6 2 2 2 1 0 0 0 0 0 0 0 0
 1 1 1 1 1 1 2 2 1 1 2 2 2 2 2 2 2 2 2 2 2 3 3 3 3 3 4 4 4 8 2 2 2 2 6 4 4 1 0 0 0 0 0 0 0 0
 1 1 1 2 2 2 2 2 2 2 2 2 2 2 2 2 3 3 3 4 4 4 4 4 4 4 3 3 3 5 7 7 8 8 10 1 1 0 0 0 0 0 0 0 0 0
 1 1 1 2 2 2 2 2 2 2 2 2 2 2 2 2 3 3 3 4 4 4 4 4 4 4 3 3 3 5 7 7 8 8 10 1 1 0 0 0 0 0 0 0 0 0
 1 1 1 2 2 2 3 3 3 3 3 3 3 4 3 3 3 3 3 4 4 5 5 5 4 4 2 2 2 4 7 7 4 4 0 0 0 0 0 0 0 0 0 0 0 0
 2 2 2 2 2 2 2 2 3 3 4 4 4 4 4 4 3 3 3 3 3 3 7 7 6 6 2 2 2 4 6 6 2 2 1 0 0 0 0 0 0 0 0 0 0 0
