assets/RAT_results_old/precipitation/2022-08-01_IMERG.asc
ncols        46
nrows        77
xllcorner    74.800261325624
yllcorner    8.058333333333
cellsize     0.062500000000
NODATA_value -9999
 28 28 35 31 31 30 35 35 39 39 41 43 43 47 52 52 56 56 59 75 75 76 84 84 95 95 91 90 90 92 88 88 91 91 81 60 60 58 38 38 35 35 42 30 30 32
 45 45 47 38 38 32 41 41 45 45 46 46 46 38 39 39 45 45 49 72 72 80 87 87 89 89 92 98 98 95 92 92 77 77 76 50 50 55 40 40 38 38 43 36 36 44
 45 45 47 38 38 32 41 41 45 45 46 46 46 38 39 39 45 45 49 72 72 80 87 87 89 89 92 98 98 95 92 92 77 77 76 50 50 55 40 40 38 38 43 36 36 44
 43 43 39 40 40 50 53 53 69 69 72 65 65 52 43 43 47 47 49 69 69 82 82 82 88 88 87 92 92 81 87 87 83 83 76 46 46 50 47 47 64 64 61 61 61 63
 41 41 33 41 41 50 59 59 73 73 75 64 64 49 51 51 55 55 58 60 60 66 83 83 65 65 78 94 94 87 102 102 91 91 75 67 67 49 43 43 61 61 63 63 63 64
 41 41 33 41 41 50 59 59 73 73 75 64 64 49 51 51 55 55 58 60 60 66 83 83 65 65 78 94 94 87 102 102 91 91 75 67 67 49 43 43 61 61 63 63 63 64
 29 29 30 36 36 38 41 41 46 46 52 53 53 44 51 51 51 51 55 58 58 71 68 68 69 69 69 75 75 74 86 86 88 88 72 78 78 52 53 53 58 58 57 50 50 45
 29 29 30 36 36 38 41 41 46 46 52 53 53 44 51 51 51 51 55 58 58 71 68 68 69 69 69 75 75 74 86 86 88 88 72 78 78 52 53 53 58 58 57 50 50 45
 30 30 25 22 22 27 33 33 35 35 44 48 48 42 45 45 56 56 57 55 55 58 51 51 53 53 52 75 75 65 79 79 82 82 72 74 74 49 43 43 32 32 56 37 37 27
 23 23 17 18 18 19 21 21 29 29 34 34 34 41 43 43 40 40 37 40 40 45 44 44 59 59 54 54 54 55 56 56 35 35 37 44 44 30 23 23 28 28 29 29 29 22
 23 23 17 18 18 19 21 21 29 29 34 34 34 41 43 43 40 40 37 40 40 45 44 44 59 59 54 54 54 55 56 56 35 35 37 44 44 30 23 23 28 28 29 29 29 22
 23 23 19 16 16 17 24 24 24 24 19 21 21 24 31 31 37 37 37 36 36 36 26 26 29 29 27 21 21 33 33 33 32 32 32 23 23 19 24 24 42 42 27 25 25 33
 24 24 23 21 21 28 25 25 24 24 19 24 24 27 30 30 40 40 39 34 34 23 22 22 22 22 19 20 20 29 30 30 36 36 35 24 24 24 28 28 37 37 27 47 47 40
 24 24 23 21 21 28 25 25 24 24 19 24 24 27 30 30 40 40 39 34 34 23 22 22 22 22 19 20 20 29 30 30 36 36 35 24 24 24 28 28 37 37 27 47 47 40
 20 20 25 24 24 51 44 44 37 37 33 39 39 45 32 32 38 38 41 41 41 40 21 21 20 20 22 23 23 36 26 26 29 29 25 26 26 26 32 32 45 45 41 49 49 45
 20 20 25 24 24 51 44 44 37 37 33 39 39 45 32 32 38 38 41 41 41 40 21 21 20 20 22 23 23 36 26 26 29 29 25 26 26 26 32 32 45 45 41 49 49 45
 32 32 34 23 23 47 48 48 31 31 45 57 57 65 47 47 45 45 43 44 44 44 38 38 37 37 29 26 26 32 27 27 24 24 23 24 24 37 43 43 38 38 37 66 66 62
 24 24 53 26 26 24 46 46 38 38 43 49 49 51 62 62 47 47 53 56 56 47 50 50 50 50 27 26 26 25 35 35 23 23 25 23 23 37 33 33 32 32 44 73 73 63
 24 24 53 26 26 24 46 46 38 38 43 49 49 51 62 62 47 47 53 56 56 47 50 50 50 50 27 26 26 25 35 35 23 23 25 23 23 37 33 33 32 32 44 73 73 63
 32 32 57 26 26 25 24 24 24 24 28 45 45 38 53 53 46 46 52 60 60 57 45 45 44 44 30 22 22 33 31 31 23 23 17 17 17 19 10 10 29 29 29 86 86 86
 28 28 26 28 28 26 22 22 22 22 27 30 30 30 42 42 43 43 49 56 56 55 29 29 17 17 14 15 15 29 25 25 23 23 19 15 15 8 9 9 22 22 29 51 51 51
 28 28 26 28 28 26 22 22 22 22 27 30 30 30 42 42 43 43 49 56 56 55 29 29 17 17 14 15 15 29 25 25 23 23 19 15 15 8 9 9 22 22 29 51 51 51
 37 37 28 24 24 22 22 22 18 18 18 16 16 26 28 28 31 31 38 27 27 38 25 25 14 14 13 14 14 22 20 20 17 17 11 10 10 9 9 9 16 16 17 14 14 18
 37 37 28 24 24 22 22 22 18 18 18 16 16 26 28 28 31 31 38 27 27 38 25 25 14 14 13 14 14 22 20 20 17 17 11 10 10 9 9 9 16 16 17 14 14 18
 51 51 47 32 32 21 49 49 44 44 44 18 18 21 18 18 18 18 23 14 14 9 8 8 10 10 9 8 8 8 8 8 8 8 6 7 7 7 14 14 16 16 15 17 17 21
 107 107 102 89 89 95 102 102 84 84 45 21 21 12 20 20 12 12 8 7 7 6 5 5 10 10 8 7 7 9 5 5 3 3 3 6 6 6 11 11 10 10 13 17 17 16
 107 107 102 89 89 95 102 102 84 84 45 21 21 12 20 20 12 12 8 7 7 6 5 5 10 10 8 7 7 9 5 5 3 3 3 6 6 6 11 11 10 10 13 17 17 16
 175 175 129 90 90 102 101 101 88 88 31 34 34 30 22 22 20 20 16 12 12 8 4 4 5 5 4 4 4 3 2 2 1 1 1 3 3 3 6 6 8 8 10 12 12 10
 183 183 149 134 134 163 135 135 133 133 28 29 29 42 23 23 28 28 19 14 14 12 5 5 4 4 4 4 4 4 2 2 1 1 0 2 2 2 7 7 7 7 7 7 7 4
 183 183 149 134 134 163 135 135 133 133 28 29 29 42 23 23 28 28 19 14 14 12 5 5 4 4 4 4 4 4 2 2 1 1 0 2 2 2 7 7 7 7 7 7 7 4
 205 205 168 166 166 149 131 131 119 119 54 53 53 51 19 19 22 22 24 21 21 14 14 14 3 3 4 3 3 3 1 1 1 1 1 2 2 2 2 2 4 4 7 4 4 8
 205 205 168 166 166 149 131 131 119 119 54 53 53 51 19 19 22 22 24 21 21 14 14 14 3 3 4 3 3 3 1 1 1 1 1 2 2 2 2 2 4 4 7 4 4 8
 166 166 142 139 139 158 134 134 129 129 70 87 87 79 34 34 38 38 48 40 40 22 15 15 13 13 13 12 12 11 10 10 10 10 1 1 1 1 1 1 3 3 2 3 3 3
 171 171 137 135 135 146 97 97 75 75 105 88 88 84 44 44 37 37 49 50 50 32 20 20 12 12 9 14 14 11 11 11 11 11 2 2 2 2 3 3 4 4 4 6 6 7
 171 171 137 135 135 146 97 97 75 75 105 88 88 84 44 44 37 37 49 50 50 32 20 20 12 12 9 14 14 11 11 11 11 11 2 2 2 2 3 3 4 4 4 6 6 7
 173 173 134 134 134 149 90 90 68 68 81 97 97 66 64 64 48 48 60 49 49 21 19 19 13 13 10 15 15 15 24 24 9 9 9 3 3 4 5 5 7 7 7 12 12 16
 202 202 149 139 139 109 114 114 108 108 97 101 101 88 54 54 68 68 63 52 52 40 32 32 28 28 29 29 29 22 32 32 12 12 19 9 9 8 5 5 8 8 8 9 9 11
 202 202 149 139 139 109 114 114 108 108 97 101 101 88 54 54 68 68 63 52 52 40 32 32 28 28 29 29 29 22 32 32 12 12 19 9 9 8 5 5 8 8 8 9 9 11
 207 207 188 145 145 120 135 135 140 140 123 132 132 130 118 118 102 102 118 72 72 60 36 36 44 44 32 30 30 36 33 33 23 23 24 9 9 12 5 5 7 7 6 6 6 12
 207 207 188 145 145 120 135 135 140 140 123 132 132 130 118 118 102 102 118 72 72 60 36 36 44 44 32 30 30 36 33 33 23 23 24 9 9 12 5 5 7 7 6 6 6 12
 118 118 98 160 160 155 151 151 157 157 191 158 158 196 181 181 172 172 124 93 93 94 60 60 55 55 47 47 47 33 25 25 15 15 24 9 9 9 5 5 4 4 4 9 9 9
 96 96 76 84 84 110 196 196 208 208 228 248 248 222 248 248 248 248 193 143 143 109 73 73 62 62 56 58 58 38 40 40 20 20 11 6 6 5 3 3 4 4 5 1 1 3
 96 96 76 84 84 110 196 196 208 208 228 248 248 222 248 248 248 248 193 143 143 109 73 73 62 62 56 58 58 38 40 40 20 20 11 6 6 5 3 3 4 4 5 1 1 3
 142 142 117 136 136 164 174 174 201 201 245 271 271 263 282 282 246 246 138 119 119 88 76 76 77 77 69 58 58 41 37 37 32 32 26 25 25 11 9 9 6 6 4 1 1 3
 169 169 186 184 184 188 179 179 171 171 185 213 213 269 239 239 160 160 140 90 90 71 77 77 75 75 71 69 69 44 41 41 36 36 28 21 21 7 7 7 7 7 5 2 2 2
 169 169 186 184 184 188 179 179 171 171 185 213 213 269 239 239 160 160 140 90 90 71 77 77 75 75 71 69 69 44 41 41 36 36 28 21 21 7 7 7 7 7 5 2 2 2
 196 196 178 187 187 181 179 179 160 160 163 190 190 205 177 177 149 149 112 61 61 57 74 74 69 69 67 86 86 53 43 43 39 39 21 17 17 6 7 7 4 4 6 5 5 3
 196 196 178 187 187 181 179 179 160 160 163 190 190 205 177 177 149 149 112 61 61 57 74 74 69 69 67 86 86 53 43 43 39 39 21 17 17 6 7 7 4 4 6 5 5 3
 202 202 204 205 205 196 187 187 196 196 200 138 138 129 133 133 129 129 109 91 91 91 92 92 99 99 95 95 95 60 53 53 43 43 18 5 5 4 3 3 3 3 3 3 3 1
 186 186 211 211 211 214 166 166 182 182 168 126 126 110 121 121 99 99 96 90 90 111 112 112 110 110 88 86 86 64 39 39 33 33 21 4 4 4 2 2 2 2 1 4 4 2
 186 186 211 211 211 214 166 166 182 182 168 126 126 110 121 121 99 99 96 90 90 111 112 112 110 110 88 86 86 64 39 39 33 33 21 4 4 4 2 2 2 2 1 4 4 2
 175 175 205 200 200 188 208 208 169 169 140 119 119 80 86 86 82 82 76 135 135 133 113 113 80 80 86 85 85 76 44 44 36 36 33 5 5 4 1 1 1 1 3 3 3 1
 206 206 174 181 181 158 142 142 108 108 97 74 74 54 65 65 70 70 69 141 141 132 71 71 59 59 64 65 65 53 40 40 29 29 31 4 4 5 2 2 1 1 5 6 6 4
 206 206 174 181 181 158 142 142 108 108 97 74 74 54 65 65 70 70 69 141 141 132 71 71 59 59 64 65 65 53 40 40 29 29 31 4 4 5 2 2 1 1 5 6 6 4
 211 211 213 196 196 116 95 95 112 112 111 81 81 63 64 64 67 67 65 79 79 80 72 72 64 64 51 54 54 42 32 32 24 24 6 6 6 4 3 3 2 2 2 5 5 4
 211 211 213 196 196 116 95 95 112 112 111 81 81 63 64 64 67 67 65 79 79 80 72 72 64 64 51 54 54 42 32 32 24 24 6 6 6 4 3 3 2 2 2 5 5 4
 164 164 170 158 158 136 72 72 99 99 120 85 85 86 84 84 81 81 66 71 71 71 60 60 58 58 39 36 36 37 22 22 20 20 5 6 6 5 4 4 2 2 2 3 3 7
 169 169 120 111 111 114 54 54 56 56 58 76 76 84 71 71 85 85 66 67 67 69 50 50 26 26 30 24 24 24 13 13 19 19 7 8 8 6 5 5 3 3 2 5 5 3
 169 169 120 111 111 114 54 54 56 56 58 76 76 84 71 71 85 85 66 67 67 69 50 50 26 26 30 24 24 24 13 13 19 19 7 8 8 6 5 5 3 3 2 5 5 3
 167 167 119 107 107 72 57 57 58 58 61 80 80 70 59 59 66 66 61 58 58 37 32 32 18 18 32 25 25 20 10 10 11 11 10 10 10 10 8 8 3 3 2 1 1 2
 138 138 101 56 56 54 50 50 55 55 63 94 94 69 65 65 33 33 35 63 63 39 32 32 16 16 16 15 15 8 6 6 12 12 10 10 10 9 4 4 2 2 2 1 1 2
 138 138 101 56 56 54 50 50 55 55 63 94 94 69 65 65 33 33 35 63 63 39 32 32 16 16 16 15 15 8 6 6 12 12 10 10 10 9 4 4 2 2 2 1 1 2
 129 129 116 81 81 55 61 61 61 61 62 99 99 95 39 39 28 28 37 36 36 26 16 16 15 15 12 9 9 4 4 4 3 3 4 3 3 3 2 2 1 1 1 1 1 1
 129 129 116 81 81 55 61 61 61 61 62 99 99 95 39 39 28 28 37 36 36 26 16 16 15 15 12 9 9 4 4 4 3 3 4 3 3 3 2 2 1 1 1 1 1 1
 108 108 110 82 82 60 58 58 49 49 53 65 65 69 30 30 25 25 33 33 33 27 23 23 18 18 8 5 5 4 4 4 6 6 4 3 3 2 2 2 3 3 0 0 0 0
 79 79 81 51 51 42 35 35 37 37 35 38 38 37 31 31 26 26 32 31 31 27 25 25 22 22 8 2 2 2 5 5 3 3 7 4 4 4 4 4 3 3 1 0 0 0
 79 79 81 51 51 42 35 35 37 37 35 38 38 37 31 31 26 26 32 31 31 27 25 25 22 22 8 2 2 2 5 5 3 3 7 4 4 4 4 4 3 3 1 0 0 0
 53 53 53 36 36 26 26 26 28 28 26 24 24 24 25 25 28 28 35 30 30 26 25 25 22 22 9 4 4 2 3 3 2 2 3 7 7 10 7 7 4 4 2 0 0 9
 41 41 32 23 23 21 22 22 17 17 19 16 16 16 22 22 24 24 31 32 32 26 20 20 13 13 8 5 5 5 3 3 4 4 6 12 12 11 9 9 6 6 6 2 2 9
 41 41 32 23 23 21 22 22 17 17 19 16 16 16 22 22 24 24 31 32 32 26 20 20 13 13 8 5 5 5 3 3 4 4 6 12 12 11 9 9 6 6 6 2 2 9
 38 38 41 16 16 19 13 13 13 13 14 11 11 16 20 20 21 21 26 27 27 27 9 9 8 8 6 5 5 6 5 5 4 4 9 9 9 11 10 10 4 4 4 6 6 5
 38 38 41 16 16 19 13 13 13 13 14 11 11 16 20 20 21 21 26 27 27 27 9 9 8 8 6 5 5 6 5 5 4 4 9 9 9 11 10 10 4 4 4 6 6 5
 37 37 38 15 15 15 13 13 12 12 10 9 9 10 14 14 17 17 28 27 27 29 12 12 6 6 6 7 7 8 7 7 8 8 10 12 12 12 12 12 11 11 8 4 4 2
 27 27 27 15 15 15 12 12 10 10 9 6 6 7 13 13 17 17 27 26 26 22 17 17 17 17 12 7 7 10 7 7 6 6 7 11 11 12 14 14 11 11 9 8 8 13
 27 27 27 15 15 15 12 12 10 10 9 6 6 7 13 13 17 17 27 26 26 22 17 17 17 17 12 7 7 10 7 7 6 6 7 11 11 12 14 14 11 11 9 8 8 13
 24 24 25 16 16 14 10 10 12 12 12 8 8 9 12 12 15 15 26 23 23 27 27 27 24 24 7 7 7 10 8 8 6 6 8 6 6 8 14 14 13 13 14 16 16 14
 38 38 23 19 19 17 14 14 18 18 24 14 14 14 13 13 24 24 29 31 31 60 52 52 41 41 27 22 22 20 16 16 9 9 6 7 7 7 8 8 10 10 16 12 12 8
