assets/RAT_results_old/precipitation/2022-04-01_IMERG.asc
ncols        46
nrows        77
xllcorner    74.800261325624
yllcorner    8.058333333333
cellsize     0.062500000000
NODATA_value -9999
 54 54 32 29 29 7 6 6 4 4 3 3 3 3 4 4 4 4 5 5 5 4 2 2 0 0 0 0 0 0 0 0 2 2 1 0 0 4 1 1 0 0 0 10 10 21
 54 54 32 29 29 7 6 6 5 5 10 7 7 7 8 8 7 7 7 7 7 6 4 4 2 2 2 0 0 0 0 0 0 0 0 0 0 0 1 1 0 0 0 0 0 1
 54 54 32 29 29 7 6 6 5 5 10 7 7 7 8 8 7 7 7 7 7 6 4 4 2 2 2 0 0 0 0 0 0 0 0 0 0 0 1 1 0 0 0 0 0 1
 52 52 47 16 16 15 8 8 12 12 11 10 10 10 10 10 8 8 8 12 12 7 5 5 28 28 26 0 0 0 0 0 0 0 0 0 0 1 1 1 1 1 0 0 0 0
 39 39 48 14 14 15 8 8 12 12 30 12 12 15 9 9 8 8 8 8 8 7 6 6 8 8 3 2 2 0 0 0 0 0 1 1 1 2 3 3 3 3 2 1 1 0
 39 39 48 14 14 15 8 8 12 12 30 12 12 15 9 9 8 8 8 8 8 7 6 6 8 8 3 2 2 0 0 0 0 0 1 1 1 2 3 3 3 3 2 1 1 0
 37 37 36 12 12 12 11 11 11 11 31 11 11 8 8 8 8 8 8 7 7 12 19 19 5 5 4 4 4 0 0 0 1 1 1 2 2 6 4 4 4 4 4 4 4 2
 37 37 36 12 12 12 11 11 11 11 31 11 11 8 8 8 8 8 8 7 7 12 19 19 5 5 4 4 4 0 0 0 1 1 1 2 2 6 4 4 4 4 4 4 4 2
 11 11 11 6 6 6 7 7 7 7 9 8 8 8 7 7 7 7 8 6 6 21 9 9 22 22 25 20 20 1 0 0 1 1 5 14 14 3 3 3 4 4 4 4 4 2
 9 9 7 4 4 4 5 5 5 5 8 8 8 7 7 7 7 7 7 6 6 6 25 25 29 29 34 4 4 1 1 1 0 0 0 13 13 2 2 2 3 3 2 2 2 1
 9 9 7 4 4 4 5 5 5 5 8 8 8 7 7 7 7 7 7 6 6 6 25 25 29 29 34 4 4 1 1 1 0 0 0 13 13 2 2 2 3 3 2 2 2 1
 8 8 1 2 2 13 15 15 7 7 8 7 7 7 7 7 7 7 7 6 6 15 21 21 25 25 5 6 6 15 15 15 1 1 1 1 1 3 2 2 2 2 1 0 0 0
 6 6 8 11 11 13 15 15 11 11 12 6 6 7 14 14 7 7 8 6 6 6 25 25 10 10 17 54 54 51 5 5 5 5 1 3 3 2 2 2 2 2 1 0 0 0
 6 6 8 11 11 13 15 15 11 11 12 6 6 7 14 14 7 7 8 6 6 6 25 25 10 10 17 54 54 51 5 5 5 5 1 3 3 2 2 2 2 2 1 0 0 0
 5 5 7 4 4 1 19 19 11 11 12 5 5 6 13 13 17 17 16 7 7 7 18 18 12 12 8 21 21 14 6 6 13 13 16 9 9 8 3 3 1 1 0 0 0 0
 5 5 7 4 4 1 19 19 11 11 12 5 5 6 13 13 17 17 16 7 7 7 18 18 12 12 8 21 21 14 6 6 13 13 16 9 9 8 3 3 1 1 0 0 0 0
 1 1 3 3 3 1 1 1 2 2 3 4 4 5 6 6 16 16 11 8 8 12 9 9 4 4 14 22 22 13 2 2 2 2 4 18 18 16 7 7 1 1 0 0 0 0
 0 0 0 1 1 0 1 1 1 1 2 2 2 4 7 7 7 7 14 8 8 6 4 4 3 3 19 1 1 1 1 1 1 1 3 4 4 9 4 4 1 1 0 0 0 0
 0 0 0 1 1 0 1 1 1 1 2 2 2 4 7 7 7 7 14 8 8 6 4 4 3 3 19 1 1 1 1 1 1 1 3 4 4 9 4 4 1 1 0 0 0 0
 0 0 0 1 1 0 0 0 1 1 1 2 2 2 3 3 5 5 13 6 6 5 3 3 6 6 1 0 0 1 0 0 0 0 0 2 2 1 1 1 0 0 0 0 0 0
 0 0 0 1 1 0 0 0 0 0 0 2 2 1 2 2 3 3 3 4 4 3 2 2 1 1 1 1 1 0 0 0 0 0 0 1 1 0 0 0 0 0 0 0 0 0
 0 0 0 1 1 0 0 0 0 0 0 2 2 1 2 2 3 3 3 4 4 3 2 2 1 1 1 1 1 0 0 0 0 0 0 1 1 0 0 0 0 0 0 0 0 0
 0 0 1 1 1 0 0 0 0 0 0 1 1 1 1 1 1 1 1 1 1 2 1 1 1 1 1 1 1 1 1 1 2 2 1 3 3 0 0 0 0 0 0 0 0 0
 0 0 1 1 1 0 0 0 0 0 0 1 1 1 1 1 1 1 1 1 1 2 1 1 1 1 1 1 1 1 1 1 2 2 1 3 3 0 0 0 0 0 0 0 0 0
 0 0 1 0 0 1 0 0 0 0 0 0 0 0 0 0 0 0 1 1 1 2 2 2 2 2 2 2 2 6 3 3 4 4 8 19 19 0 0 0 0 0 0 0 0 0
 1 1 0 0 0 0 1 1 0 0 0 0 0 0 0 0 1 1 1 2 2 3 3 3 3 3 3 2 2 2 1 1 0 0 14 11 11 0 0 0 0 0 0 0 0 0
 1 1 0 0 0 0 1 1 0 0 0 0 0 0 0 0 1 1 1 2 2 3 3 3 3 3 3 2 2 2 1 1 0 0 14 11 11 0 0 0 0 0 0 0 0 0
 1 1 1 0 0 0 0 0 0 0 0 0 0 0 0 0 0 0 1 2 2 2 2 2 3 3 2 1 1 1 2 2 1 1 0 0 0 0 0 0 0 0 0 0 0 0
 0 0 1 0 0 0 0 0 1 1 0 0 0 0 0 0 0 0 0 0 0 1 1 1 0 0 0 0 0 0 0 0 0 0 0 0 0 0 0 0 0 0 0 0 0 0
 0 0 1 0 0 0 0 0 1 1 0 0 0 0 0 0 0 0 0 0 0 1 1 1 0 0 0 0 0 0 0 0 0 0 0 0 0 0 0 0 0 0 0 0 0 0
 0 0 0 0 0 0 0 0 0 0 0 0 0 1 1 1 0 0 0 0 0 0 0 0 0 0 0 0 0 0 0 0 0 0 0 0 0 0 0 0 0 0 0 0 0 0
 0 0 0 0 0 0 0 0 0 0 0 0 0 1 1 1 0 0 0 0 0 0 0 0 0 0 0 0 0 0 0 0 0 0 0 0 0 0 0 0 0 0 0 0 0 0
 0 0 0 0 0 0 0 0 1 1 1 0 0 0 0 0 0 0 0 0 0 0 0 0 0 0 0 0 0 0 0 0 0 0 0 0 0 0 0 0 0 0 0 0 0 0
 0 0 0 0 0 0 0 0 1 1 0 0 0 0 0 0 0 0 0 0 0 0 0 0 0 0 0 1 1 0 0 0 0 0 0 0 0 0 0 0 0 0 0 0 0 0
 0 0 0 0 0 0 0 0 1 1 0 0 0 0 0 0 0 0 0 0 0 0 0 0 0 0 0 1 1 0 0 0 0 0 0 0 0 0 0 0 0 0 0 0 0 0
 0 0 0 0 0 0 0 0 0 0 1 1 1 0 0 0 0 0 0 0 0 0 0 0 0 0 1 1 1 1 1 1 0 0 0 1 1 1 1 1 0 0 0 0 0 0
 0 0 0 0 0 0 0 0 1 1 1 1 1 0 0 0 0 0 0 0 0 0 0 0 0 0 1 1 1 1 1 1 1 1 0 0 0 0 2 2 12 12 0 0 0 0
 0 0 0 0 0 0 0 0 1 1 1 1 1 0 0 0 0 0 0 0 0 0 0 0 0 0 1 1 1 1 1 1 1 1 0 0 0 0 2 2 12 12 0 0 0 0
 0 0 0 0 0 1 0 0 3 3 2 2 2 1 1 1 0 0 0 0 0 0 0 0 0 0 0 1 1 1 1 1 1 1 0 0 0 0 17 17 3 3 7 0 0 0
 0 0 0 0 0 1 0 0 3 3 2 2 2 1 1 1 0 0 0 0 0 0 0 0 0 0 0 1 1 1 1 1 1 1 0 0 0 0 17 17 3 3 7 0 0 0
 0 0 0 0 0 1 1 1 4 4 4 3 3 3 2 2 1 1 1 1 1 0 0 0 0 0 0 0 0 1 0 0 0 0 0 0 0 3 1 1 3 3 0 0 0 0
 1 1 1 2 2 3 3 3 4 4 6 4 4 4 3 3 2 2 1 1 1 20 1 1 1 1 1 7 7 8 9 9 4 4 3 3 3 4 1 1 3 3 3 0 0 0
 1 1 1 2 2 3 3 3 4 4 6 4 4 4 3 3 2 2 1 1 1 20 1 1 1 1 1 7 7 8 9 9 4 4 3 3 3 4 1 1 3 3 3 0 0 0
 2 2 2 2 2 4 4 4 4 4 6 5 5 4 3 3 3 3 19 20 20 22 2 2 14 14 17 7 7 7 9 9 9 9 5 4 4 5 3 3 1 1 0 0 0 0
 3 3 12 14 14 19 4 4 5 5 5 6 6 6 6 6 4 4 20 109 109 65 17 17 29 29 4 2 2 2 1 1 4 4 0 3 3 1 0 0 0 0 0 0 0 0
 3 3 12 14 14 19 4 4 5 5 5 6 6 6 6 6 4 4 20 109 109 65 17 17 29 29 4 2 2 2 1 1 4 4 0 3 3 1 0 0 0 0 0 0 0 0
 6 6 11 13 13 18 4 4 6 6 7 7 7 8 10 10 24 24 107 116 116 67 152 152 14 14 3 5 5 12 5 5 11 11 8 1 1 0 0 0 0 0 0 0 0 0
 6 6 11 13 13 18 4 4 6 6 7 7 7 8 10 10 24 24 107 116 116 67 152 152 14 14 3 5 5 12 5 5 11 11 8 1 1 0 0 0 0 0 0 0 0 0
 6 6 11 12 12 16 5 5 5 5 6 6 6 7 9 9 66 66 71 182 182 154 155 155 13 13 5 17 17 19 9 9 5 5 0 0 0 0 0 0 0 0 0 0 0 0
 6 6 10 10 10 10 6 6 4 4 5 5 5 5 17 17 65 65 70 183 183 133 50 50 11 11 11 13 13 13 11 11 5 5 0 5 5 0 0 0 0 0 0 0 0 0
 6 6 10 10 10 10 6 6 4 4 5 5 5 5 17 17 65 65 70 183 183 133 50 50 11 11 11 13 13 13 11 11 5 5 0 5 5 0 0 0 0 0 0 0 0 0
 7 7 10 10 10 10 6 6 4 4 5 5 5 5 12 12 12 12 17 117 117 130 50 50 7 7 10 13 13 15 10 10 13 13 1 0 0 0 0 0 0 0 0 0 0 0
 6 6 6 6 6 6 7 7 5 5 5 4 4 4 11 11 11 11 17 8 8 5 7 7 10 10 18 92 92 55 16 16 11 11 2 0 0 0 0 0 0 0 0 0 0 0
 6 6 6 6 6 6 7 7 5 5 5 4 4 4 11 11 11 11 17 8 8 5 7 7 10 10 18 92 92 55 16 16 11 11 2 0 0 0 0 0 0 0 0 0 0 0
 6 6 6 6 6 6 6 6 5 5 4 4 4 4 5 5 5 5 7 8 8 6 6 6 12 12 43 66 66 21 8 8 6 6 0 0 0 0 0 0 0 0 0 0 0 0
 6 6 6 6 6 6 6 6 5 5 4 4 4 4 5 5 5 5 7 8 8 6 6 6 12 12 43 66 66 21 8 8 6 6 0 0 0 0 0 0 0 0 0 0 0 0
 5 5 5 6 6 6 5 5 7 7 5 5 5 4 5 5 18 18 18 7 7 7 6 6 12 12 50 54 54 20 12 12 6 6 0 0 0 0 0 0 0 0 0 0 0 0
 3 3 3 4 4 4 4 4 7 7 6 9 9 10 12 12 19 19 18 7 7 7 9 9 11 11 12 20 20 15 21 21 12 12 6 7 7 0 0 0 0 0 0 0 0 0
 3 3 3 4 4 4 4 4 7 7 6 9 9 10 12 12 19 19 18 7 7 7 9 9 11 11 12 20 20 15 21 21 12 12 6 7 7 0 0 0 0 0 0 0 0 0
 1 1 1 4 4 5 6 6 7 7 7 9 9 11 9 9 10 10 10 6 6 5 6 6 1 1 7 8 8 18 21 21 12 12 13 8 8 0 0 0 0 0 0 0 0 0
 1 1 1 2 2 2 2 2 2 2 7 9 9 11 10 10 11 11 5 4 4 6 7 7 4 4 5 12 12 46 91 91 50 50 19 8 8 0 0 0 0 0 0 0 0 0
 1 1 1 2 2 2 2 2 2 2 7 9 9 11 10 10 11 11 5 4 4 6 7 7 4 4 5 12 12 46 91 91 50 50 19 8 8 0 0 0 0 0 0 0 0 0
 0 0 1 3 3 4 3 3 4 4 9 6 6 11 10 10 9 9 4 5 5 4 3 3 5 5 5 9 9 35 48 48 77 77 21 8 8 0 0 0 0 0 0 0 0 0
 0 0 1 3 3 4 3 3 4 4 9 6 6 11 10 10 9 9 4 5 5 4 3 3 5 5 5 9 9 35 48 48 77 77 21 8 8 0 0 0 0 0 0 0 0 0
 0 0 1 2 2 3 3 3 4 4 6 7 7 13 10 10 4 4 2 3 3 3 2 2 4 4 6 8 8 16 9 9 8 8 9 4 4 4 0 0 0 0 0 0 0 0
 0 0 0 1 1 1 2 2 4 4 5 5 5 10 12 12 4 4 2 2 2 2 1 1 1 1 3 1 1 8 9 9 8 8 14 7 7 0 0 0 0 0 0 0 0 0
 0 0 0 1 1 1 2 2 4 4 5 5 5 10 12 12 4 4 2 2 2 2 1 1 1 1 3 1 1 8 9 9 8 8 14 7 7 0 0 0 0 0 0 0 0 0
 0 0 0 1 1 2 3 3 6 6 4 4 4 4 7 7 6 6 5 5 5 1 1 1 0 0 1 0 0 0 1 1 37 37 21 3 3 0 0 0 0 0 0 0 0 0
 0 0 0 0 0 1 1 1 2 2 2 2 2 2 2 2 4 4 4 5 5 3 2 2 0 0 13 12 12 1 3 3 3 3 3 1 1 0 0 0 0 0 0 0 0 0
 0 0 0 0 0 1 1 1 2 2 2 2 2 2 2 2 4 4 4 5 5 3 2 2 0 0 13 12 12 1 3 3 3 3 3 1 1 0 0 0 0 0 0 0 0 0
 0 0 0 0 0 0 1 1 0 0 0 1 1 2 1 1 1 1 0 0 0 1 0 0 0 0 3 0 0 1 1 1 0 0 2 0 0 0 0 0 0 0 0 0 0 0
 0 0 0 0 0 0 1 1 0 0 0 1 1 2 1 1 1 1 0 0 0 1 0 0 0 0 3 0 0 1 1 1 0 0 2 0 0 0 0 0 0 0 0 0 0 0
 0 0 0 0 0 0 0 0 0 0 0 0 0 1 0 0 0 0 0 0 0 1 0 0 0 0 0 0 0 0 0 0 0 0 1 0 0 0 0 0 0 0 0 0 0 0
 1 1 0 0 0 0 0 0 0 0 0 0 0 4 4 4 4 4 0 0 0 0 0 0 0 0 0 1 1 0 0 0 0 0 0 0 0 0 0 0 0 0 0 0 0 0
 1 1 0 0 0 0 0 0 0 0 0 0 0 4 4 4 4 4 0 0 0 0 0 0 0 0 0 1 1 0 0 0 0 0 0 0 0 0 0 0 0 0 0 0 0 0
 1 1 1 0 0 0 0 0 1 1 0 0 0 0 4 4 4 4 0 0 0 0 2 2 0 0 2 2 2 1 0 0 0 0 0 0 0 0 0 0 0 0 0 0 0 0
 1 1 0 0 0 0 0 0 1 1 1 1 1 1 0 0 4 4 0 2 2 2 2 2 6 6 3 4 4 1 0 0 0 0 0 0 0 0 0 0 0 0 0 0 0 0
