assets/RAT_results_old/precipitation/2022-07-03_IMERG.asc
ncols        46
nrows        77
xllcorner    74.800261325624
yllcorner    8.058333333333
cellsize     0.062500000000
NODATA_value -9999
 13 13 19 22 22 15 22 22 27 27 25 9 9 7 5 5 3 3 1 0 0 0 0 0 0 0 0 0 0 0 0 0 1 1 0 0 0 0 0 0 0 0 0 0 0 0
 17 17 18 19 19 21 23 23 22 22 5 2 2 4 7 7 5 5 1 1 1 2 0 0 0 0 0 0 0 0 0 0 0 0 0 0 0 0 0 0 0 0 0 0 0 0
 17 17 18 19 19 21 23 23 22 22 5 2 2 4 7 7 5 5 1 1 1 2 0 0 0 0 0 0 0 0 0 0 0 0 0 0 0 0 0 0 0 0 0 0 0 0
 14 14 21 18 18 17 19 19 16 16 4 4 4 8 10 10 8 8 7 6 6 5 0 0 0 0 0 0 0 0 0 0 0 0 0 0 0 0 0 0 0 0 0 0 0 0
 16 16 18 13 13 17 11 11 10 10 6 8 8 7 6 6 7 7 6 5 5 1 1 1 1 1 0 0 0 2 1 1 0 0 0 0 0 0 0 0 0 0 1 0 0 0
 16 16 18 13 13 17 11 11 10 10 6 8 8 7 6 6 7 7 6 5 5 1 1 1 1 1 0 0 0 2 1 1 0 0 0 0 0 0 0 0 0 0 1 0 0 0
 18 18 12 14 14 10 7 7 8 8 7 5 5 4 6 6 6 6 3 5 5 2 3 3 3 3 0 0 0 0 0 0 0 0 0 0 0 0 0 0 0 0 0 0 0 0
 18 18 12 14 14 10 7 7 8 8 7 5 5 4 6 6 6 6 3 5 5 2 3 3 3 3 0 0 0 0 0 0 0 0 0 0 0 0 0 0 0 0 0 0 0 0
 15 15 16 15 15 12 10 10 11 11 7 9 9 6 12 12 7 7 6 6 6 2 3 3 3 3 1 0 0 1 8 8 0 0 0 0 0 0 0 0 0 0 0 0 0 0
 11 11 17 14 14 7 8 8 6 6 2 8 8 13 13 13 8 8 5 6 6 7 6 6 2 2 1 1 1 4 4 4 3 3 2 2 2 2 1 1 2 2 1 1 1 0
 11 11 17 14 14 7 8 8 6 6 2 8 8 13 13 13 8 8 5 6 6 7 6 6 2 2 1 1 1 4 4 4 3 3 2 2 2 2 1 1 2 2 1 1 1 0
 10 10 12 7 7 5 5 5 2 2 7 6 6 6 12 12 9 9 2 2 2 1 2 2 2 2 3 5 5 3 3 3 4 4 3 4 4 4 3 3 3 3 1 1 1 0
 8 8 4 4 4 4 10 10 7 7 7 5 5 8 11 11 8 8 3 1 1 2 1 1 2 2 3 2 2 2 4 4 5 5 5 5 5 6 4 4 3 3 1 0 0 0
 8 8 4 4 4 4 10 10 7 7 7 5 5 8 11 11 8 8 3 1 1 2 1 1 2 2 3 2 2 2 4 4 5 5 5 5 5 6 4 4 3 3 1 0 0 0
 3 3 5 6 6 14 8 8 10 10 10 13 13 9 9 9 8 8 5 4 4 3 2 2 3 3 2 2 2 3 3 3 6 6 5 12 12 7 4 4 3 3 3 5 5 0
 3 3 5 6 6 14 8 8 10 10 10 13 13 9 9 9 8 8 5 4 4 3 2 2 3 3 2 2 2 3 3 3 6 6 5 12 12 7 4 4 3 3 3 5 5 0
 5 5 6 7 7 7 5 5 12 12 10 13 13 14 8 8 8 8 7 6 6 6 3 3 3 3 1 10 10 8 7 7 5 5 9 14 14 11 8 8 6 6 3 3 3 1
 10 10 5 8 8 10 15 15 15 15 15 10 10 9 12 12 9 9 10 7 7 6 4 4 3 3 1 7 7 7 10 10 11 11 18 20 20 10 7 7 6 6 3 0 0 0
 10 10 5 8 8 10 15 15 15 15 15 10 10 9 12 12 9 9 10 7 7 6 4 4 3 3 1 7 7 7 10 10 11 11 18 20 20 10 7 7 6 6 3 0 0 0
 14 14 20 7 7 6 13 13 12 12 16 12 12 13 15 15 21 21 11 8 8 6 4 4 3 3 1 5 5 5 11 11 11 11 15 14 14 8 9 9 7 7 5 0 0 0
 18 18 27 19 19 7 6 6 8 8 18 14 14 14 17 17 20 20 16 5 5 4 3 3 1 1 1 2 2 3 10 10 12 12 12 13 13 6 5 5 3 3 3 0 0 0
 18 18 27 19 19 7 6 6 8 8 18 14 14 14 17 17 20 20 16 5 5 4 3 3 1 1 1 2 2 3 10 10 12 12 12 13 13 6 5 5 3 3 3 0 0 0
 22 22 34 27 27 12 9 9 10 10 8 16 16 16 15 15 19 19 15 8 8 5 5 5 3 3 3 5 5 5 6 6 8 8 6 4 4 6 0 0 0 0 0 0 0 0
 22 22 34 27 27 12 9 9 10 10 8 16 16 16 15 15 19 19 15 8 8 5 5 5 3 3 3 5 5 5 6 6 8 8 6 4 4 6 0 0 0 0 0 0 0 0
 19 19 35 40 40 14 6 6 6 6 9 17 17 19 24 24 20 20 12 12 12 12 9 9 9 9 11 14 14 12 8 8 6 6 7 5 5 0 0 0 0 0 0 0 0 0
 28 28 26 38 38 15 5 5 6 6 13 6 6 13 17 17 19 19 12 13 13 14 18 18 16 16 12 11 11 9 4 4 3 3 3 1 1 0 0 0 0 0 0 0 0 0
 28 28 26 38 38 15 5 5 6 6 13 6 6 13 17 17 19 19 12 13 13 14 18 18 16 16 12 11 11 9 4 4 3 3 3 1 1 0 0 0 0 0 0 0 0 0
 30 30 27 23 23 17 6 6 7 7 6 6 6 11 22 22 21 21 19 18 18 14 21 21 15 15 11 9 9 7 2 2 0 0 1 0 0 0 0 0 0 0 0 0 0 0
 38 38 31 27 27 19 14 14 5 5 3 3 3 3 16 16 5 5 10 20 20 13 14 14 13 13 11 8 8 5 2 2 0 0 0 1 1 0 0 0 0 0 0 0 0 0
 38 38 31 27 27 19 14 14 5 5 3 3 3 3 16 16 5 5 10 20 20 13 14 14 13 13 11 8 8 5 2 2 0 0 0 1 1 0 0 0 0 0 0 0 0 0
 44 44 35 25 25 18 10 10 6 6 3 4 4 5 5 5 11 11 13 11 11 13 12 12 12 12 10 6 6 4 4 4 8 8 5 2 2 0 0 0 0 0 0 0 0 0
 44 44 35 25 25 18 10 10 6 6 3 4 4 5 5 5 11 11 13 11 11 13 12 12 12 12 10 6 6 4 4 4 8 8 5 2 2 0 0 0 0 0 0 0 0 0
 36 36 23 24 24 8 6 6 4 4 4 5 5 5 4 4 7 7 7 8 8 12 14 14 13 13 8 7 7 5 8 8 6 6 2 1 1 0 0 0 0 0 0 0 0 0
 18 18 13 26 26 6 4 4 3 3 3 4 4 5 5 5 4 4 6 8 8 10 10 10 12 12 9 6 6 5 4 4 3 3 1 0 0 0 0 0 0 0 0 0 0 0
 18 18 13 26 26 6 4 4 3 3 3 4 4 5 5 5 4 4 6 8 8 10 10 10 12 12 9 6 6 5 4 4 3 3 1 0 0 0 0 0 0 0 0 0 0 0
 14 14 5 5 5 3 4 4 4 4 3 2 2 4 3 3 4 4 5 8 8 10 10 10 11 11 12 5 5 7 3 3 2 2 1 0 0 0 0 0 0 0 0 0 0 0
 8 8 5 5 5 2 3 3 5 5 4 5 5 3 2 2 4 4 4 11 11 11 14 14 12 12 13 5 5 3 1 1 1 1 0 0 0 0 0 0 2 2 1 0 0 0
 8 8 5 5 5 2 3 3 5 5 4 5 5 3 2 2 4 4 4 11 11 11 14 14 12 12 13 5 5 3 1 1 1 1 0 0 0 0 0 0 2 2 1 0 0 0
 5 5 8 5 5 8 8 8 11 11 11 7 7 5 4 4 6 6 7 6 6 14 13 13 14 14 21 8 8 11 4 4 3 3 6 1 1 1 2 2 2 2 0 0 0 0
 5 5 8 5 5 8 8 8 11 11 11 7 7 5 4 4 6 6 7 6 6 14 13 13 14 14 21 8 8 11 4 4 3 3 6 1 1 1 2 2 2 2 0 0 0 0
 10 10 8 12 12 9 15 15 21 21 20 19 19 9 9 9 12 12 15 13 13 12 13 13 12 12 11 15 15 15 7 7 3 3 2 2 2 2 1 1 2 2 3 2 2 5
 12 12 15 15 15 15 19 19 18 18 19 18 18 20 22 22 22 22 17 16 16 13 15 15 21 21 11 10 10 12 6 6 5 5 4 2 2 6 4 4 3 3 6 5 5 3
 12 12 15 15 15 15 19 19 18 18 19 18 18 20 22 22 22 22 17 16 16 13 15 15 21 21 11 10 10 12 6 6 5 5 4 2 2 6 4 4 3 3 6 5 5 3
 23 23 17 21 21 15 15 15 19 19 18 23 23 22 21 21 25 25 21 16 16 8 10 10 13 13 11 10 10 10 6 6 5 5 2 3 3 6 5 5 3 3 5 2 2 1
 31 31 27 23 23 13 23 23 18 18 13 11 11 11 11 11 17 17 23 20 20 15 8 8 9 9 10 9 9 8 4 4 2 2 1 1 1 1 3 3 5 5 1 0 0 0
 31 31 27 23 23 13 23 23 18 18 13 11 11 11 11 11 17 17 23 20 20 15 8 8 9 9 10 9 9 8 4 4 2 2 1 1 1 1 3 3 5 5 1 0 0 0
 41 41 25 17 17 16 21 21 23 23 15 12 12 10 11 11 14 14 19 22 22 15 10 10 5 5 5 7 7 8 8 8 4 4 2 1 1 0 0 0 1 1 0 0 0 0
 41 41 25 17 17 16 21 21 23 23 15 12 12 10 11 11 14 14 19 22 22 15 10 10 5 5 5 7 7 8 8 8 4 4 2 1 1 0 0 0 1 1 0 0 0 0
 29 29 15 12 12 31 36 36 36 36 22 17 17 15 14 14 10 10 12 11 11 5 7 7 3 3 3 6 6 8 10 10 7 7 4 0 0 1 0 0 2 2 0 0 0 0
 14 14 13 20 20 31 39 39 34 34 33 31 31 37 36 36 25 25 9 8 8 7 4 4 3 3 4 5 5 8 11 11 6 6 4 3 3 2 0 0 3 3 0 0 0 0
 14 14 13 20 20 31 39 39 34 34 33 31 31 37 36 36 25 25 9 8 8 7 4 4 3 3 4 5 5 8 11 11 6 6 4 3 3 2 0 0 3 3 0 0 0 0
 13 13 12 18 18 29 37 37 34 34 32 45 45 37 37 37 26 26 32 10 10 7 9 9 3 3 4 5 5 9 7 7 10 10 8 4 4 4 2 2 1 1 1 0 0 0
 19 19 21 22 22 31 39 39 44 44 47 61 61 50 62 62 49 49 48 39 39 10 12 12 15 15 11 11 11 12 15 15 14 14 11 14 14 6 5 5 1 1 2 1 1 1
 19 19 21 22 22 31 39 39 44 44 47 61 61 50 62 62 49 49 48 39 39 10 12 12 15 15 11 11 11 12 15 15 14 14 11 14 14 6 5 5 1 1 2 1 1 1
 27 27 32 34 34 41 46 46 51 51 56 54 54 37 59 59 64 64 51 45 45 32 35 35 23 23 17 13 13 15 15 15 19 19 19 19 19 13 15 15 12 12 2 3 3 2
 27 27 32 34 34 41 46 46 51 51 56 54 54 37 59 59 64 64 51 45 45 32 35 35 23 23 17 13 13 15 15 15 19 19 19 19 19 13 15 15 12 12 2 3 3 2
 31 31 38 42 42 47 55 55 62 62 74 75 75 55 66 66 63 63 78 70 70 36 35 35 29 29 21 22 22 21 19 19 23 23 22 20 20 13 15 15 9 9 3 2 2 2
 41 41 45 48 48 50 54 54 57 57 75 100 100 100 67 67 59 59 89 75 75 40 39 39 34 34 14 17 17 18 18 18 20 20 19 23 23 19 14 14 6 6 3 1 1 1
 41 41 45 48 48 50 54 54 57 57 75 100 100 100 67 67 59 59 89 75 75 40 39 39 34 34 14 17 17 18 18 18 20 20 19 23 23 19 14 14 6 6 3 1 1 1
 48 48 53 58 58 59 61 61 62 62 73 102 102 112 83 83 87 87 70 57 57 39 26 26 18 18 11 14 14 17 11 11 11 11 15 15 15 22 13 13 9 9 3 0 0 0
 48 48 53 61 61 62 63 63 66 66 62 95 95 104 95 95 109 109 107 56 56 43 37 37 35 35 17 13 13 10 9 9 8 8 8 12 12 17 11 11 11 11 2 0 0 0
 48 48 53 61 61 62 63 63 66 66 62 95 95 104 95 95 109 109 107 56 56 43 37 37 35 35 17 13 13 10 9 9 8 8 8 12 12 17 11 11 11 11 2 0 0 0
 34 34 37 46 46 56 59 59 63 63 72 103 103 96 94 94 144 144 127 90 90 85 63 63 51 51 32 19 19 12 10 10 7 7 5 10 10 5 9 9 10 10 4 0 0 0
 34 34 37 46 46 56 59 59 63 63 72 103 103 96 94 94 144 144 127 90 90 85 63 63 51 51 32 19 19 12 10 10 7 7 5 10 10 5 9 9 10 10 4 0 0 0
 28 28 32 37 37 40 47 47 51 51 62 87 87 92 87 87 117 117 125 122 122 136 88 88 63 63 36 28 28 18 17 17 10 10 7 11 11 5 7 7 10 10 1 1 1 1
 20 20 22 24 24 27 34 34 40 40 53 68 68 87 76 76 116 116 102 93 93 113 89 89 88 88 77 74 74 39 16 16 9 9 14 14 14 13 10 10 8 8 0 0 0 0
 20 20 22 24 24 27 34 34 40 40 53 68 68 87 76 76 116 116 102 93 93 113 89 89 88 88 77 74 74 39 16 16 9 9 14 14 14 13 10 10 8 8 0 0 0 0
 17 17 18 19 19 21 23 23 27 27 46 63 63 74 72 72 90 90 83 79 79 104 121 121 89 89 80 77 77 85 37 37 18 18 13 16 16 9 7 7 7 7 1 0 0 0
 14 14 13 14 14 16 18 18 18 18 33 57 57 66 64 64 97 97 88 93 93 98 108 108 90 90 81 53 53 53 59 59 19 19 15 13 13 10 11 11 15 15 11 3 3 0
 14 14 13 14 14 16 18 18 18 18 33 57 57 66 64 64 97 97 88 93 93 98 108 108 90 90 81 53 53 53 59 59 19 19 15 13 13 10 11 11 15 15 11 3 3 0
 11 11 10 12 12 14 14 14 15 15 20 36 36 41 45 45 80 80 110 108 108 129 135 135 87 87 79 93 93 73 66 66 35 35 23 14 14 15 16 16 11 11 8 13 13 0
 11 11 10 12 12 14 14 14 15 15 20 36 36 41 45 45 80 80 110 108 108 129 135 135 87 87 79 93 93 73 66 66 35 35 23 14 14 15 16 16 11 11 8 13 13 0
 12 12 10 11 11 11 12 12 13 13 14 22 22 29 38 38 47 47 107 117 117 120 85 85 79 79 65 88 88 101 121 121 19 19 22 19 19 16 13 13 13 13 9 12 12 0
 15 15 13 12 12 11 10 10 9 9 9 15 15 20 38 38 55 55 72 72 72 57 55 55 53 53 58 70 70 95 121 121 29 29 30 18 18 15 12 12 8 8 10 9 9 11
 15 15 13 12 12 11 10 10 9 9 9 15 15 20 38 38 55 55 72 72 72 57 55 55 53 53 58 70 70 95 121 121 29 29 30 18 18 15 12 12 8 8 10 9 9 11
 19 19 17 14 14 12 11 11 10 10 9 12 12 15 21 21 37 37 34 29 29 18 31 31 36 36 45 61 61 60 65 65 39 39 30 11 11 16 8 8 8 8 8 3 3 10
 23 23 20 18 18 16 14 14 13 13 13 13 13 14 16 16 17 17 15 13 13 13 20 20 27 27 35 42 42 52 64 64 38 38 25 13 13 12 3 3 2 2 3 3 3 3
