assets/RAT_results_old/precipitation/2022-06-29_IMERG.asc
ncols        46
nrows        77
xllcorner    74.800261325624
yllcorner    8.058333333333
cellsize     0.062500000000
NODATA_value -9999
 23 23 23 20 20 7 9 9 6 6 4 2 2 1 1 1 1 1 1 1 1 0 0 0 0 0 0 0 0 0 0 0 0 0 0 0 0 0 0 0 0 0 0 0 0 0
 23 23 18 11 11 11 6 6 7 7 4 2 2 1 1 1 1 1 1 1 1 0 0 0 0 0 0 0 0 0 0 0 0 0 0 0 0 0 0 0 0 0 0 0 0 0
 23 23 18 11 11 11 6 6 7 7 4 2 2 1 1 1 1 1 1 1 1 0 0 0 0 0 0 0 0 0 0 0 0 0 0 0 0 0 0 0 0 0 0 0 0 0
 22 22 18 12 12 14 10 10 9 9 7 3 3 1 0 0 1 1 1 0 0 0 0 0 0 0 0 0 0 0 0 0 0 0 0 0 0 0 0 0 0 0 0 0 0 0
 22 22 22 15 15 13 11 11 10 10 7 3 3 1 1 1 1 1 1 0 0 0 0 0 0 0 0 0 0 0 0 0 0 0 0 0 0 0 0 0 0 0 0 0 0 0
 22 22 22 15 15 13 11 11 10 10 7 3 3 1 1 1 1 1 1 0 0 0 0 0 0 0 0 0 0 0 0 0 0 0 0 0 0 0 0 0 0 0 0 0 0 0
 25 25 21 15 15 11 13 13 8 8 7 2 2 0 0 0 0 0 0 0 0 0 0 0 0 0 0 0 0 0 0 0 0 0 0 0 0 0 0 0 0 0 0 0 0 0
 25 25 21 15 15 11 13 13 8 8 7 2 2 0 0 0 0 0 0 0 0 0 0 0 0 0 0 0 0 0 0 0 0 0 0 0 0 0 0 0 0 0 0 0 0 0
 20 20 18 13 13 11 12 12 9 9 5 1 1 1 0 0 0 0 0 0 0 0 0 0 0 0 0 0 0 0 0 0 0 0 0 0 0 0 0 0 0 0 0 0 0 0
 23 23 16 10 10 7 10 10 9 9 4 2 2 0 0 0 0 0 0 0 0 0 0 0 0 0 0 0 0 0 0 0 0 0 0 0 0 0 0 0 0 0 0 0 0 0
 23 23 16 10 10 7 10 10 9 9 4 2 2 0 0 0 0 0 0 0 0 0 0 0 0 0 0 0 0 0 0 0 0 0 0 0 0 0 0 0 0 0 0 0 0 0
 33 33 19 17 17 12 4 4 10 10 9 2 2 1 0 0 0 0 0 0 0 0 0 0 0 0 0 0 0 0 0 0 0 0 0 0 0 0 0 0 0 0 0 0 0 0
 56 56 23 27 27 14 10 10 12 12 8 4 4 9 3 3 3 3 1 0 0 0 0 0 0 0 0 0 0 0 0 0 0 0 0 0 0 0 0 0 0 0 0 0 0 0
 56 56 23 27 27 14 10 10 12 12 8 4 4 9 3 3 3 3 1 0 0 0 0 0 0 0 0 0 0 0 0 0 0 0 0 0 0 0 0 0 0 0 0 0 0 0
 59 59 31 29 29 25 21 21 17 17 13 12 12 9 4 4 3 3 1 0 0 1 0 0 0 0 0 0 0 0 0 0 0 0 0 0 0 0 0 0 0 0 0 0 0 0
 59 59 31 29 29 25 21 21 17 17 13 12 12 9 4 4 3 3 1 0 0 1 0 0 0 0 0 0 0 0 0 0 0 0 0 0 0 0 0 0 0 0 0 0 0 0
 31 31 35 31 31 28 29 29 18 18 18 17 17 20 14 14 16 16 9 7 7 1 0 0 0 0 0 1 1 0 0 0 0 0 0 0 0 0 0 0 0 0 0 0 0 0
 28 28 40 49 49 18 19 19 21 21 25 22 22 28 9 9 10 10 8 7 7 2 2 2 2 2 1 1 1 0 1 1 0 0 0 0 0 0 0 0 0 0 0 0 0 0
 28 28 40 49 49 18 19 19 21 21 25 22 22 28 9 9 10 10 8 7 7 2 2 2 2 2 1 1 1 0 1 1 0 0 0 0 0 0 0 0 0 0 0 0 0 0
 25 25 25 24 24 21 22 22 16 16 20 23 23 20 13 13 11 11 8 8 8 2 1 1 2 2 3 3 3 1 1 1 0 0 0 0 0 0 0 0 0 0 0 0 0 0
 24 24 25 24 24 23 20 20 12 12 16 20 20 12 10 10 9 9 7 7 7 1 1 1 2 2 5 4 4 1 0 0 0 0 0 0 0 0 0 0 0 0 0 0 0 0
 24 24 25 24 24 23 20 20 12 12 16 20 20 12 10 10 9 9 7 7 7 1 1 1 2 2 5 4 4 1 0 0 0 0 0 0 0 0 0 0 0 0 0 0 0 0
 19 19 23 25 25 22 13 13 9 9 15 11 11 11 8 8 9 9 7 1 1 1 1 1 6 6 5 7 7 1 0 0 0 0 0 0 0 0 0 0 0 0 0 0 0 0
 19 19 23 25 25 22 13 13 9 9 15 11 11 11 8 8 9 9 7 1 1 1 1 1 6 6 5 7 7 1 0 0 0 0 0 0 0 0 0 0 0 0 0 0 0 0
 35 35 26 33 33 21 14 14 11 11 13 14 14 10 7 7 9 9 5 2 2 2 1 1 5 5 12 0 0 0 0 0 0 0 0 0 0 1 0 0 0 0 0 0 0 1
 34 34 24 24 24 26 16 16 14 14 13 9 9 8 6 6 7 7 6 2 2 2 6 6 11 11 11 0 0 1 0 0 0 0 0 0 0 0 0 0 0 0 0 1 1 1
 34 34 24 24 24 26 16 16 14 14 13 9 9 8 6 6 7 7 6 2 2 2 6 6 11 11 11 0 0 1 0 0 0 0 0 0 0 0 0 0 0 0 0 1 1 1
 65 65 46 62 62 25 26 26 16 16 14 12 12 9 2 2 1 1 2 2 2 0 0 0 0 0 0 0 0 0 0 0 0 0 0 0 0 0 0 0 0 0 0 0 0 0
 62 62 46 60 60 66 65 65 55 55 23 22 22 19 9 9 5 5 2 1 1 1 1 1 0 0 0 0 0 0 0 0 0 0 0 0 0 0 0 0 0 0 0 0 0 0
 62 62 46 60 60 66 65 65 55 55 23 22 22 19 9 9 5 5 2 1 1 1 1 1 0 0 0 0 0 0 0 0 0 0 0 0 0 0 0 0 0 0 0 0 0 0
 59 59 58 67 67 68 58 58 60 60 27 23 23 22 15 15 14 14 7 1 1 0 0 0 1 1 1 0 0 0 0 0 0 0 0 0 0 0 0 0 0 0 0 0 0 0
 59 59 58 67 67 68 58 58 60 60 27 23 23 22 15 15 14 14 7 1 1 0 0 0 1 1 1 0 0 0 0 0 0 0 0 0 0 0 0 0 0 0 0 0 0 0
 52 52 60 55 55 66 68 68 58 58 27 31 31 30 21 21 20 20 6 2 2 1 1 1 1 1 1 0 0 0 0 0 0 0 0 0 0 0 0 0 0 0 0 0 0 0
 53 53 60 72 72 73 53 53 51 51 45 44 44 19 22 22 19 19 8 8 8 1 0 0 1 1 1 0 0 0 0 0 0 0 0 0 0 0 0 0 0 0 0 0 0 0
 53 53 60 72 72 73 53 53 51 51 45 44 44 19 22 22 19 19 8 8 8 1 0 0 1 1 1 0 0 0 0 0 0 0 0 0 0 0 0 0 0 0 0 0 0 0
 42 42 44 41 41 40 36 36 51 51 42 41 41 19 16 16 14 14 7 9 9 2 1 1 0 0 0 0 0 0 0 0 0 0 0 0 0 0 0 0 0 0 0 0 0 0
 32 32 41 30 30 38 35 35 40 40 41 41 41 20 18 18 14 14 7 5 5 6 1 1 1 1 0 0 0 0 0 0 0 0 0 0 0 0 0 0 0 0 0 0 0 0
 32 32 41 30 30 38 35 35 40 40 41 41 41 20 18 18 14 14 7 5 5 6 1 1 1 1 0 0 0 0 0 0 0 0 0 0 0 0 0 0 0 0 0 0 0 0
 34 34 40 39 39 40 39 39 27 27 20 40 40 19 21 21 16 16 6 6 6 7 1 1 2 2 0 0 0 0 0 0 0 0 0 0 0 0 0 0 0 0 0 0 0 0
 34 34 40 39 39 40 39 39 27 27 20 40 40 19 21 21 16 16 6 6 6 7 1 1 2 2 0 0 0 0 0 0 0 0 0 0 0 0 0 0 0 0 0 0 0 0
 34 34 29 20 20 39 31 31 29 29 21 11 11 8 10 10 6 6 6 6 6 7 2 2 1 1 1 0 0 0 0 0 0 0 0 0 0 0 0 0 0 0 0 0 0 0
 30 30 24 19 19 26 15 15 20 20 10 9 9 6 7 7 6 6 6 5 5 1 1 1 1 1 1 0 0 0 0 0 0 0 0 0 0 0 0 0 0 0 0 0 0 0
 30 30 24 19 19 26 15 15 20 20 10 9 9 6 7 7 6 6 6 5 5 1 1 1 1 1 1 0 0 0 0 0 0 0 0 0 0 0 0 0 0 0 0 0 0 0
 16 16 16 19 19 41 31 31 22 22 14 16 16 7 5 5 7 7 6 6 6 0 0 0 1 1 0 0 0 0 0 0 0 0 0 0 0 0 0 0 0 0 0 0 0 0
 24 24 31 44 44 36 34 34 14 14 17 18 18 15 15 15 18 18 14 7 7 5 1 1 1 1 1 0 0 0 0 0 0 0 0 0 0 0 0 0 0 0 0 0 0 0
 24 24 31 44 44 36 34 34 14 14 17 18 18 15 15 15 18 18 14 7 7 5 1 1 1 1 1 0 0 0 0 0 0 0 0 0 0 0 0 0 0 0 0 0 0 0
 23 23 34 26 26 15 16 16 17 17 22 25 25 24 25 25 22 22 15 11 11 7 2 2 1 1 1 0 0 0 0 0 0 0 0 0 0 0 0 0 0 0 0 0 0 0
 23 23 34 26 26 15 16 16 17 17 22 25 25 24 25 25 22 22 15 11 11 7 2 2 1 1 1 0 0 0 0 0 0 0 0 0 0 0 0 0 0 0 0 0 0 0
 12 12 14 12 12 11 9 9 11 11 17 24 24 18 24 24 19 19 18 12 12 12 6 6 2 2 1 1 1 1 1 1 0 0 0 0 0 0 0 0 0 0 0 0 0 0
 8 8 16 17 17 11 9 9 9 9 11 15 15 15 11 11 17 17 18 13 13 14 12 12 4 4 1 1 1 1 0 0 0 0 0 0 0 0 0 0 0 0 0 0 0 0
 8 8 16 17 17 11 9 9 9 9 11 15 15 15 11 11 17 17 18 13 13 14 12 12 4 4 1 1 1 1 0 0 0 0 0 0 0 0 0 0 0 0 0 0 0 0
 12 12 19 13 13 11 10 10 16 16 16 15 15 15 15 15 12 12 13 12 12 11 12 12 1 1 1 1 1 1 1 1 0 0 0 0 0 0 0 0 0 0 0 0 0 0
 12 12 20 17 17 14 12 12 18 18 16 20 20 18 20 20 19 19 11 7 7 6 7 7 0 0 1 1 1 0 1 1 0 0 0 0 0 0 0 0 0 0 0 0 0 0
 12 12 20 17 17 14 12 12 18 18 16 20 20 18 20 20 19 19 11 7 7 6 7 7 0 0 1 1 1 0 1 1 0 0 0 0 0 0 0 0 0 0 0 0 0 0
 17 17 21 15 15 14 16 16 22 22 18 22 22 25 21 21 20 20 12 12 12 7 3 3 0 0 1 1 1 0 0 0 0 0 0 0 0 0 0 0 0 0 0 0 0 0
 17 17 21 15 15 14 16 16 22 22 18 22 22 25 21 21 20 20 12 12 12 7 3 3 0 0 1 1 1 0 0 0 0 0 0 0 0 0 0 0 0 0 0 0 0 0
 15 15 11 16 16 17 17 17 22 22 22 25 25 32 33 33 26 26 23 22 22 17 5 5 4 4 1 1 1 0 0 0 0 0 0 0 0 0 0 0 0 0 0 0 0 0
 16 16 14 14 14 16 18 18 20 20 25 28 28 39 35 35 29 29 30 20 20 18 8 8 5 5 1 1 1 0 0 0 0 0 0 0 0 0 0 0 0 0 0 0 0 0
 16 16 14 14 14 16 18 18 20 20 25 28 28 39 35 35 29 29 30 20 20 18 8 8 5 5 1 1 1 0 0 0 0 0 0 0 0 0 0 0 0 0 0 0 0 0
 14 14 14 11 11 16 16 16 18 18 19 28 28 51 59 59 61 61 33 26 26 24 6 6 4 4 4 2 2 1 0 0 0 0 0 0 0 0 0 0 0 0 0 0 0 0
 7 7 10 11 11 15 16 16 36 36 33 40 40 39 41 41 51 51 30 20 20 22 3 3 4 4 4 1 1 1 0 0 0 0 0 0 0 0 0 0 0 0 0 0 0 0
 7 7 10 11 11 15 16 16 36 36 33 40 40 39 41 41 51 51 30 20 20 22 3 3 4 4 4 1 1 1 0 0 0 0 0 0 0 0 0 0 0 0 0 0 0 0
 4 4 3 14 14 31 25 25 27 27 32 42 42 41 40 40 44 44 38 32 32 20 4 4 4 4 4 2 2 0 1 1 1 1 0 0 0 0 0 0 0 0 0 0 0 0
 4 4 3 14 14 31 25 25 27 27 32 42 42 41 40 40 44 44 38 32 32 20 4 4 4 4 4 2 2 0 1 1 1 1 0 0 0 0 0 0 0 0 0 0 0 0
 3 3 3 4 4 5 21 21 27 27 39 48 48 44 45 45 46 46 42 36 36 9 8 8 6 6 7 9 9 2 1 1 1 1 0 0 0 0 0 0 0 0 0 0 0 0
 5 5 4 4 4 6 15 15 12 12 23 31 31 44 48 48 42 42 36 23 23 9 9 9 10 10 9 8 8 1 1 1 1 1 0 0 0 0 0 0 0 0 0 0 0 0
 5 5 4 4 4 6 15 15 12 12 23 31 31 44 48 48 42 42 36 23 23 9 9 9 10 10 9 8 8 1 1 1 1 1 0 0 0 0 0 0 0 0 0 0 0 0
 7 7 8 7 7 10 12 12 14 14 15 22 22 37 27 27 30 30 24 23 23 7 9 9 11 11 12 3 3 3 3 3 1 1 0 0 0 0 0 0 0 0 0 0 0 0
 7 7 8 8 8 9 10 10 15 15 16 22 22 16 20 20 20 20 18 14 14 19 9 9 11 11 16 6 6 3 2 2 0 0 0 0 0 0 0 0 0 0 0 0 0 0
 7 7 8 8 8 9 10 10 15 15 16 22 22 16 20 20 20 20 18 14 14 19 9 9 11 11 16 6 6 3 2 2 0 0 0 0 0 0 0 0 0 0 0 0 0 0
 7 7 7 8 8 9 12 12 10 10 15 11 11 7 12 12 11 11 13 11 11 11 10 10 9 9 16 5 5 2 1 1 1 1 0 0 0 0 0 0 0 0 0 0 0 0
 7 7 7 8 8 9 12 12 10 10 15 11 11 7 12 12 11 11 13 11 11 11 10 10 9 9 16 5 5 2 1 1 1 1 0 0 0 0 0 0 0 0 0 0 0 0
 5 5 5 6 6 7 8 8 6 6 12 8 8 7 8 8 9 9 10 14 14 16 14 14 10 10 14 7 7 2 1 1 1 1 1 0 0 0 0 0 1 1 1 0 0 0
 6 6 7 8 8 9 11 11 9 9 12 14 14 10 7 7 10 10 13 13 13 12 11 11 11 11 11 7 7 2 2 2 1 1 2 1 1 0 0 0 0 0 0 0 0 0
 6 6 7 8 8 9 11 11 9 9 12 14 14 10 7 7 10 10 13 13 13 12 11 11 11 11 11 7 7 2 2 2 1 1 2 1 1 0 0 0 0 0 0 0 0 0
 8 8 9 10 10 11 12 12 11 11 11 14 14 15 6 6 9 9 8 10 10 10 11 11 9 9 6 6 6 4 2 2 1 1 1 2 2 2 0 0 0 0 0 0 0 0
 8 8 10 11 11 12 13 13 14 14 14 15 15 15 11 11 12 12 7 7 7 11 7 7 5 5 5 6 6 8 2 2 2 2 1 1 1 1 1 1 1 1 0 0 0 0
