assets/RAT_results_old/precipitation/2022-07-21_IMERG.asc
ncols        46
nrows        77
xllcorner    74.800261325624
yllcorner    8.058333333333
cellsize     0.062500000000
NODATA_value -9999
 1 1 1 2 2 3 3 3 3 3 2 2 2 3 3 3 5 5 4 4 4 3 3 3 2 2 2 2 2 2 2 2 2 2 2 2 2 2 2 2 1 1 1 1 1 1
 1 1 2 2 2 2 1 1 1 1 1 1 1 1 2 2 2 2 2 2 2 2 2 2 2 2 2 2 2 3 3 3 2 2 2 2 2 1 1 1 1 1 2 1 1 1
 1 1 2 2 2 2 1 1 1 1 1 1 1 1 2 2 2 2 2 2 2 2 2 2 2 2 2 2 2 3 3 3 2 2 2 2 2 1 1 1 1 1 2 1 1 1
 1 1 2 2 2 2 2 2 1 1 1 1 1 1 1 1 2 2 2 2 2 2 2 2 2 2 2 2 2 4 4 4 3 3 2 1 1 1 1 1 1 1 1 1 1 1
 1 1 1 1 1 1 1 1 2 2 1 2 2 1 2 2 2 2 2 1 1 1 2 2 2 2 2 2 2 5 2 2 3 3 3 3 3 2 2 2 1 1 2 2 2 2
 1 1 1 1 1 1 1 1 2 2 1 2 2 1 2 2 2 2 2 1 1 1 2 2 2 2 2 2 2 5 2 2 3 3 3 3 3 2 2 2 1 1 2 2 2 2
 1 1 1 1 1 1 1 1 1 1 1 1 1 1 3 3 4 4 4 2 2 2 2 2 1 1 1 3 3 2 2 2 4 4 5 5 5 5 6 6 2 2 3 2 2 2
 1 1 1 1 1 1 1 1 1 1 1 1 1 1 3 3 4 4 4 2 2 2 2 2 1 1 1 3 3 2 2 2 4 4 5 5 5 5 6 6 2 2 3 2 2 2
 1 1 1 1 1 1 2 2 1 1 2 1 1 1 4 4 4 4 4 2 2 2 1 1 2 2 2 2 2 3 5 5 6 6 5 6 6 7 6 6 8 8 4 3 3 4
 1 1 1 1 1 1 2 2 2 2 2 2 2 1 2 2 3 3 2 2 2 2 2 2 1 1 2 6 6 4 5 5 6 6 6 9 9 11 10 10 15 15 8 6 6 5
 1 1 1 1 1 1 2 2 2 2 2 2 2 1 2 2 3 3 2 2 2 2 2 2 1 1 2 6 6 4 5 5 6 6 6 9 9 11 10 10 15 15 8 6 6 5
 1 1 1 1 1 1 2 2 2 2 2 1 1 1 2 2 5 5 2 1 1 2 3 3 3 3 6 4 4 5 8 8 8 8 6 13 13 11 16 16 12 12 12 8 8 27
 1 1 1 1 1 1 2 2 2 2 2 1 1 1 1 1 4 4 1 3 3 2 3 3 6 6 6 7 7 8 9 9 8 8 9 10 10 16 16 16 13 13 16 10 10 29
 1 1 1 1 1 1 2 2 2 2 2 1 1 1 1 1 4 4 1 3 3 2 3 3 6 6 6 7 7 8 9 9 8 8 9 10 10 16 16 16 13 13 16 10 10 29
 2 2 2 2 2 2 2 2 1 1 2 2 2 2 2 2 3 3 3 5 5 6 8 8 10 10 10 9 9 19 8 8 16 16 16 16 16 23 20 20 37 37 13 12 12 34
 2 2 2 2 2 2 2 2 1 1 2 2 2 2 2 2 3 3 3 5 5 6 8 8 10 10 10 9 9 19 8 8 16 16 16 16 16 23 20 20 37 37 13 12 12 34
 4 4 3 3 3 4 2 2 3 3 4 5 5 7 4 4 4 4 7 7 7 8 9 9 8 8 10 19 19 20 18 18 16 16 17 23 23 64 45 45 36 36 11 10 10 10
 4 4 2 2 2 2 2 2 2 2 3 5 5 6 5 5 7 7 7 7 7 8 9 9 7 7 9 18 18 12 25 25 33 33 54 69 69 65 43 43 39 39 18 22 22 40
 4 4 2 2 2 2 2 2 2 2 3 5 5 6 5 5 7 7 7 7 7 8 9 9 7 7 9 18 18 12 25 25 33 33 54 69 69 65 43 43 39 39 18 22 22 40
 3 3 2 2 2 2 3 3 3 3 3 5 5 5 5 5 5 5 6 7 7 7 8 8 8 8 8 6 6 12 24 24 27 27 21 31 31 40 34 34 38 38 36 53 53 66
 2 2 3 3 3 4 4 4 5 5 5 7 7 8 7 7 7 7 10 11 11 11 10 10 8 8 9 13 13 8 10 10 17 17 20 20 20 30 24 24 31 31 37 49 49 48
 2 2 3 3 3 4 4 4 5 5 5 7 7 8 7 7 7 7 10 11 11 11 10 10 8 8 9 13 13 8 10 10 17 17 20 20 20 30 24 24 31 31 37 49 49 48
 1 1 3 2 2 3 4 4 5 5 6 6 6 10 10 10 9 9 9 9 9 10 12 12 9 9 11 11 11 10 10 10 17 17 36 15 15 21 26 26 30 30 31 50 50 55
 1 1 3 2 2 3 4 4 5 5 6 6 6 10 10 10 9 9 9 9 9 10 12 12 9 9 11 11 11 10 10 10 17 17 36 15 15 21 26 26 30 30 31 50 50 55
 1 1 1 1 1 2 2 2 4 4 5 7 7 11 13 13 12 12 11 11 11 11 11 11 11 11 14 19 19 11 15 15 20 20 21 21 21 25 25 25 24 24 29 48 48 53
 1 1 1 1 1 2 2 2 3 3 4 5 5 6 10 10 11 11 12 12 12 12 12 12 12 12 13 17 17 20 18 18 18 18 15 17 17 28 29 29 25 25 27 45 45 49
 1 1 1 1 1 2 2 2 3 3 4 5 5 6 10 10 11 11 12 12 12 12 12 12 12 12 13 17 17 20 18 18 18 18 15 17 17 28 29 29 25 25 27 45 45 49
 1 1 1 1 1 1 2 2 3 3 3 4 4 6 6 6 10 10 11 11 11 11 12 12 13 13 19 18 18 18 21 21 20 20 19 19 19 20 25 25 27 27 37 40 40 37
 2 2 2 1 1 1 2 2 3 3 3 3 3 4 5 5 13 13 13 10 10 11 11 11 16 16 17 18 18 19 22 22 24 24 22 27 27 26 26 26 25 25 34 32 32 32
 2 2 2 1 1 1 2 2 3 3 3 3 3 4 5 5 13 13 13 10 10 11 11 11 16 16 17 18 18 19 22 22 24 24 22 27 27 26 26 26 25 25 34 32 32 32
 2 2 2 2 2 1 2 2 3 3 3 3 3 3 3 3 6 6 6 6 6 6 7 7 8 8 12 14 14 14 15 15 16 16 20 30 30 29 27 27 27 27 32 34 34 35
 2 2 2 2 2 1 2 2 3 3 3 3 3 3 3 3 6 6 6 6 6 6 7 7 8 8 12 14 14 14 15 15 16 16 20 30 30 29 27 27 27 27 32 34 34 35
 2 2 1 3 3 2 2 2 3 3 4 4 4 3 3 3 3 3 4 4 4 5 5 5 7 7 9 11 11 11 15 15 16 16 22 23 23 24 27 27 27 27 30 30 30 30
 3 3 1 1 1 1 1 1 2 2 2 2 2 2 2 2 2 2 4 4 4 5 4 4 5 5 5 6 6 7 8 8 13 13 14 16 16 18 18 18 19 19 23 21 21 24
 3 3 1 1 1 1 1 1 2 2 2 2 2 2 2 2 2 2 4 4 4 5 4 4 5 5 5 6 6 7 8 8 13 13 14 16 16 18 18 18 19 19 23 21 21 24
 3 3 2 2 2 2 2 2 2 2 2 2 2 2 2 2 2 2 4 5 5 4 5 5 5 5 5 5 5 7 6 6 7 7 10 12 12 13 12 12 13 13 14 16 16 17
 3 3 4 3 3 3 3 3 3 3 3 3 3 3 3 3 3 3 2 5 5 6 6 6 5 5 6 7 7 9 9 9 10 10 11 11 11 8 8 8 10 10 9 11 11 12
 3 3 4 3 3 3 3 3 3 3 3 3 3 3 3 3 3 3 2 5 5 6 6 6 5 5 6 7 7 9 9 9 10 10 11 11 11 8 8 8 10 10 9 11 11 12
 4 4 3 3 3 3 3 3 3 3 4 3 3 3 3 3 3 3 3 6 6 8 7 7 8 8 7 8 8 10 11 11 10 10 10 8 8 5 6 6 9 9 11 11 11 10
 4 4 3 3 3 3 3 3 3 3 4 3 3 3 3 3 3 3 3 6 6 8 7 7 8 8 7 8 8 10 11 11 10 10 10 8 8 5 6 6 9 9 11 11 11 10
 8 8 9 4 4 4 5 5 5 5 5 5 5 6 7 7 7 7 7 12 12 15 17 17 16 16 14 13 13 16 16 16 14 14 13 11 11 12 12 12 14 14 17 18 18 17
 12 12 8 6 6 6 7 7 8 8 8 9 9 9 10 10 11 11 12 12 12 18 19 19 20 20 20 20 20 25 23 23 21 21 23 23 23 25 28 28 24 24 25 23 23 22
 12 12 8 6 6 6 7 7 8 8 8 9 9 9 10 10 11 11 12 12 12 18 19 19 20 20 20 20 20 25 23 23 21 21 23 23 23 25 28 28 24 24 25 23 23 22
 13 13 15 10 10 9 10 10 10 10 11 12 12 12 13 13 14 14 15 16 16 20 22 22 25 25 25 24 24 28 28 28 28 28 35 33 33 32 30 30 30 30 33 26 26 28
 16 16 16 15 15 10 10 10 12 12 12 13 13 14 16 16 17 17 17 18 18 18 24 24 27 27 28 25 25 26 27 27 30 30 42 43 43 41 36 36 35 35 36 30 30 27
 16 16 16 15 15 10 10 10 12 12 12 13 13 14 16 16 17 17 17 18 18 18 24 24 27 27 28 25 25 26 27 27 30 30 42 43 43 41 36 36 35 35 36 30 30 27
 21 21 19 10 10 11 11 11 16 16 15 13 13 14 16 16 18 18 19 20 20 21 23 23 31 31 32 29 29 29 31 31 35 35 42 42 42 43 47 47 47 47 44 36 36 31
 21 21 19 10 10 11 11 11 16 16 15 13 13 14 16 16 18 18 19 20 20 21 23 23 31 31 32 29 29 29 31 31 35 35 42 42 42 43 47 47 47 47 44 36 36 31
 13 13 13 10 10 10 12 12 12 12 12 12 12 14 16 16 17 17 19 20 20 21 23 23 31 31 32 31 31 31 34 34 38 38 45 43 43 43 42 42 47 47 46 40 40 41
 5 5 6 8 8 7 9 9 8 8 9 11 11 12 14 14 15 15 17 18 18 19 21 21 28 28 30 29 29 30 32 32 34 34 34 37 37 33 36 36 41 41 42 37 37 40
 5 5 6 8 8 7 9 9 8 8 9 11 11 12 14 14 15 15 17 18 18 19 21 21 28 28 30 29 29 30 32 32 34 34 34 37 37 33 36 36 41 41 42 37 37 40
 4 4 6 7 7 8 9 9 7 7 9 10 10 11 13 13 15 15 17 17 17 17 18 18 26 26 28 28 28 29 28 28 29 29 31 35 35 33 38 38 44 44 47 41 41 42
 6 6 9 6 6 8 7 7 7 7 8 9 9 10 13 13 14 14 16 17 17 16 17 17 26 26 30 31 31 30 29 29 30 30 33 36 36 33 37 37 43 43 46 44 44 42
 6 6 9 6 6 8 7 7 7 7 8 9 9 10 13 13 14 14 16 17 17 16 17 17 26 26 30 31 31 30 29 29 30 30 33 36 36 33 37 37 43 43 46 44 44 42
 10 10 12 8 8 10 7 7 6 6 7 7 7 8 10 10 11 11 12 13 13 14 16 16 30 30 34 36 36 36 37 37 38 38 38 42 42 38 40 40 45 45 45 41 41 37
 10 10 12 8 8 10 7 7 6 6 7 7 7 8 10 10 11 11 12 13 13 14 16 16 30 30 34 36 36 36 37 37 38 38 38 42 42 38 40 40 45 45 45 41 41 37
 13 13 12 8 8 7 5 5 5 5 4 5 5 6 7 7 7 7 8 10 10 11 13 13 24 24 29 29 29 29 31 31 36 36 37 36 36 33 34 34 36 36 39 36 36 31
 11 11 8 7 7 4 4 4 3 3 4 4 4 4 5 5 5 5 6 7 7 8 10 10 11 11 20 20 20 21 24 24 27 27 27 24 24 25 25 25 25 25 29 25 25 23
 11 11 8 7 7 4 4 4 3 3 4 4 4 4 5 5 5 5 6 7 7 8 10 10 11 11 20 20 20 21 24 24 27 27 27 24 24 25 25 25 25 25 29 25 25 23
 7 7 9 4 4 4 3 3 2 2 3 2 2 2 2 2 3 3 2 3 3 3 4 4 4 4 9 9 9 11 13 13 17 17 16 14 14 15 17 17 18 18 15 12 12 12
 9 9 8 8 8 4 3 3 2 2 2 2 2 1 1 1 1 1 1 1 1 2 2 2 2 2 3 5 5 8 12 12 9 9 7 6 6 7 8 8 11 11 8 4 4 4
 9 9 8 8 8 4 3 3 2 2 2 2 2 1 1 1 1 1 1 1 1 2 2 2 2 2 3 5 5 8 12 12 9 9 7 6 6 7 8 8 11 11 8 4 4 4
 7 7 4 7 7 3 2 2 1 1 1 1 1 1 1 1 1 1 1 1 1 1 2 2 2 2 2 5 5 7 7 7 6 6 6 6 6 9 10 10 17 17 13 6 6 4
 7 7 4 7 7 3 2 2 1 1 1 1 1 1 1 1 1 1 1 1 1 1 2 2 2 2 2 5 5 7 7 7 6 6 6 6 6 9 10 10 17 17 13 6 6 4
 6 6 2 2 2 2 2 2 1 1 1 1 1 3 1 1 1 1 1 1 1 1 1 1 1 1 2 3 3 8 10 10 11 11 10 9 9 10 14 14 16 16 13 9 9 7
 3 3 1 2 2 2 1 1 1 1 1 1 1 2 1 1 1 1 0 0 0 1 1 1 1 1 2 4 4 10 12 12 13 13 10 9 9 10 15 15 14 14 12 10 10 8
 3 3 1 2 2 2 1 1 1 1 1 1 1 2 1 1 1 1 0 0 0 1 1 1 1 1 2 4 4 10 12 12 13 13 10 9 9 10 15 15 14 14 12 10 10 8
 2 2 2 3 3 1 1 1 1 1 1 1 1 1 1 1 1 1 0 0 0 0 0 0 0 0 1 2 2 2 4 4 4 4 3 4 4 5 8 8 8 8 7 5 5 5
 4 4 6 4 4 2 2 2 2 2 1 1 1 1 1 1 1 1 1 1 1 0 0 0 0 0 1 1 1 1 1 1 2 2 2 2 2 2 3 3 3 3 5 3 3 4
 4 4 6 4 4 2 2 2 2 2 1 1 1 1 1 1 1 1 1 1 1 0 0 0 0 0 1 1 1 1 1 1 2 2 2 2 2 2 3 3 3 3 5 3 3 4
 6 6 9 8 8 5 4 4 3 3 2 2 2 1 1 1 1 1 1 1 1 1 1 1 1 1 1 1 1 1 1 1 1 1 2 2 2 1 1 1 2 2 2 4 4 3
 6 6 9 8 8 5 4 4 3 3 2 2 2 1 1 1 1 1 1 1 1 1 1 1 1 1 1 1 1 1 1 1 1 1 2 2 2 1 1 1 2 2 2 4 4 3
 8 8 8 8 8 8 8 8 3 3 4 4 4 4 4 4 4 4 3 2 2 2 1 1 1 1 1 1 1 1 1 1 1 1 1 1 1 0 0 0 1 1 1 1 1 1
 4 4 11 13 13 12 11 11 6 6 5 3 3 1 1 1 1 1 1 1 1 1 0 0 0 0 0 0 0 0 0 0 1 1 0 0 0 0 0 0 1 1 1 1 1 1
 4 4 11 13 13 12 11 11 6 6 5 3 3 1 1 1 1 1 1 1 1 1 0 0 0 0 0 0 0 0 0 0 1 1 0 0 0 0 0 0 1 1 1 1 1 1
 2 2 5 19 19 17 15 15 11 11 8 4 4 2 0 0 0 0 0 0 0 0 0 0 0 0 0 0 0 0 0 0 0 0 0 0 0 0 0 0 1 1 1 1 1 1
 1 1 2 15 15 15 16 16 16 16 13 6 6 1 0 0 0 0 0 0 0 0 0 0 0 0 0 0 0 0 0 0 0 0 1 1 1 0 0 0 1 1 1 1 1 0
