assets/RAT_results_old/precipitation/2022-04-13_IMERG.asc
ncols        46
nrows        77
xllcorner    74.800261325624
yllcorner    8.058333333333
cellsize     0.062500000000
NODATA_value -9999
 64 64 94 91 91 103 92 92 83 83 70 69 69 56 52 52 45 45 45 41 41 50 61 61 63 63 48 28 28 34 35 35 32 32 31 27 27 29 30 30 20 20 29 25 25 10
 85 85 86 95 95 108 105 105 66 66 59 57 57 72 55 55 46 46 45 42 42 59 46 46 47 47 48 26 26 35 34 34 28 28 24 26 26 22 31 31 21 21 17 24 24 12
 85 85 86 95 95 108 105 105 66 66 59 57 57 72 55 55 46 46 45 42 42 59 46 46 47 47 48 26 26 35 34 34 28 28 24 26 26 22 31 31 21 21 17 24 24 12
 75 75 106 111 111 115 107 107 64 64 61 52 52 67 48 48 60 60 42 43 43 44 45 45 50 50 44 41 41 36 29 29 23 23 25 30 30 35 27 27 25 25 14 7 7 5
 72 72 68 108 108 109 116 116 49 49 53 55 55 50 50 50 59 59 42 41 41 42 42 42 51 51 27 30 30 24 22 22 22 22 29 27 27 27 23 23 13 13 8 17 17 4
 72 72 68 108 108 109 116 116 49 49 53 55 55 50 50 50 59 59 42 41 41 42 42 42 51 51 27 30 30 24 22 22 22 22 29 27 27 27 23 23 13 13 8 17 17 4
 62 62 53 99 99 95 100 100 44 44 86 56 56 64 61 61 54 54 54 46 46 32 22 22 28 28 25 26 26 22 19 19 23 23 30 22 22 30 28 28 20 20 14 16 16 4
 62 62 53 99 99 95 100 100 44 44 86 56 56 64 61 61 54 54 54 46 46 32 22 22 28 28 25 26 26 22 19 19 23 23 30 22 22 30 28 28 20 20 14 16 16 4
 49 49 44 93 93 86 89 89 73 73 81 48 48 51 52 52 55 55 52 50 50 33 23 23 20 20 13 7 7 12 19 19 10 10 17 35 35 29 22 22 10 10 11 5 5 3
 35 35 48 94 94 93 99 99 84 84 74 44 44 54 58 58 48 48 55 51 51 31 24 24 16 16 12 5 5 5 24 24 13 13 14 47 47 13 19 19 10 10 10 7 7 2
 35 35 48 94 94 93 99 99 84 84 74 44 44 54 58 58 48 48 55 51 51 31 24 24 16 16 12 5 5 5 24 24 13 13 14 47 47 13 19 19 10 10 10 7 7 2
 29 29 41 73 73 75 111 111 89 89 75 50 50 40 47 47 43 43 42 45 45 24 23 23 15 15 11 5 5 8 19 19 14 14 46 20 20 21 20 20 22 22 7 10 10 5
 30 30 40 49 49 105 98 98 88 88 52 50 50 36 40 40 34 34 37 35 35 24 20 20 18 18 18 12 12 10 14 14 9 9 7 44 44 37 22 22 23 23 15 10 10 8
 30 30 40 49 49 105 98 98 88 88 52 50 50 36 40 40 34 34 37 35 35 24 20 20 18 18 18 12 12 10 14 14 9 9 7 44 44 37 22 22 23 23 15 10 10 8
 31 31 33 59 59 104 78 78 70 70 52 36 36 41 43 43 34 34 44 41 41 31 30 30 37 37 39 42 42 24 14 14 7 7 11 20 20 67 21 21 28 28 13 24 24 8
 31 31 33 59 59 104 78 78 70 70 52 36 36 41 43 43 34 34 44 41 41 31 30 30 37 37 39 42 42 24 14 14 7 7 11 20 20 67 21 21 28 28 13 24 24 8
 30 30 17 33 33 79 75 75 87 87 55 45 45 39 58 58 38 38 53 31 31 31 29 29 41 41 51 46 46 25 13 13 7 7 8 20 20 13 28 28 52 52 53 34 34 26
 24 24 22 28 28 65 56 56 69 69 67 47 47 42 56 56 39 39 46 43 43 36 42 42 46 46 34 34 34 17 13 13 12 12 1 1 1 14 30 30 34 34 13 23 23 50
 24 24 22 28 28 65 56 56 69 69 67 47 47 42 56 56 39 39 46 43 43 36 42 42 46 46 34 34 34 17 13 13 12 12 1 1 1 14 30 30 34 34 13 23 23 50
 30 30 29 38 38 46 56 56 71 71 57 44 44 46 58 58 47 47 44 45 45 47 48 48 42 42 18 32 32 13 8 8 2 2 1 1 1 3 3 3 9 9 9 18 18 14
 31 31 44 39 39 46 48 48 51 51 50 46 46 47 69 69 42 42 71 72 72 83 77 77 62 62 16 18 18 9 8 8 1 1 1 3 3 2 7 7 9 9 5 3 3 2
 31 31 44 39 39 46 48 48 51 51 50 46 46 47 69 69 42 42 71 72 72 83 77 77 62 62 16 18 18 9 8 8 1 1 1 3 3 2 7 7 9 9 5 3 3 2
 36 36 45 46 46 52 50 50 65 65 56 43 43 65 60 60 49 49 65 95 95 91 52 52 21 21 16 6 6 7 5 5 2 2 3 6 6 6 7 7 2 2 2 2 2 2
 36 36 45 46 46 52 50 50 65 65 56 43 43 65 60 60 49 49 65 95 95 91 52 52 21 21 16 6 6 7 5 5 2 2 3 6 6 6 7 7 2 2 2 2 2 2
 53 53 52 53 53 62 57 57 59 59 46 34 34 40 44 44 47 47 47 62 62 62 53 53 19 19 19 10 10 6 3 3 2 2 2 6 6 6 6 6 3 3 3 2 2 2
 57 57 51 65 65 62 88 88 66 66 60 51 51 63 63 63 56 56 43 31 31 24 21 21 15 15 12 10 10 8 3 3 2 2 4 7 7 9 6 6 9 9 6 1 1 2
 57 57 51 65 65 62 88 88 66 66 60 51 51 63 63 63 56 56 43 31 31 24 21 21 15 15 12 10 10 8 3 3 2 2 4 7 7 9 6 6 9 9 6 1 1 2
 61 61 59 77 77 75 91 91 90 90 63 56 56 54 54 54 52 52 34 25 25 20 19 19 16 16 10 11 11 6 1 1 3 3 3 10 10 11 11 11 12 12 5 4 4 1
 62 62 56 80 80 76 103 103 94 94 85 97 97 97 57 57 61 61 40 26 26 15 15 15 9 9 11 6 6 3 0 0 1 1 4 15 15 11 10 10 14 14 5 5 5 1
 62 62 56 80 80 76 103 103 94 94 85 97 97 97 57 57 61 61 40 26 26 15 15 15 9 9 11 6 6 3 0 0 1 1 4 15 15 11 10 10 14 14 5 5 5 1
 59 59 57 101 101 99 118 118 135 135 105 125 125 96 63 63 75 75 48 21 21 14 9 9 6 6 4 3 3 2 1 1 3 3 5 8 8 10 11 11 16 16 14 5 5 2
 59 59 57 101 101 99 118 118 135 135 105 125 125 96 63 63 75 75 48 21 21 14 9 9 6 6 4 3 3 2 1 1 3 3 5 8 8 10 11 11 16 16 14 5 5 2
 82 82 108 102 102 122 119 119 123 123 106 124 124 99 99 99 63 63 45 34 34 19 11 11 8 8 4 2 2 1 1 1 5 5 5 3 3 10 11 11 13 13 12 6 6 5
 84 84 133 102 102 106 111 111 126 126 116 129 129 113 112 112 56 56 49 43 43 17 10 10 6 6 4 4 4 3 6 6 5 5 3 4 4 10 12 12 13 13 14 11 11 6
 84 84 133 102 102 106 111 111 126 126 116 129 129 113 112 112 56 56 49 43 43 17 10 10 6 6 4 4 4 3 6 6 5 5 3 4 4 10 12 12 13 13 14 11 11 6
 100 100 84 91 91 105 106 106 91 91 101 127 127 110 109 109 50 50 52 34 34 22 10 10 5 5 7 8 8 10 9 9 6 6 6 4 4 6 14 14 15 15 14 11 11 10
 86 86 92 104 104 111 120 120 94 94 98 112 112 114 60 60 52 52 60 48 48 33 15 15 8 8 8 9 9 10 7 7 3 3 4 5 5 4 17 17 19 19 15 10 10 8
 86 86 92 104 104 111 120 120 94 94 98 112 112 114 60 60 52 52 60 48 48 33 15 15 8 8 8 9 9 10 7 7 3 3 4 5 5 4 17 17 19 19 15 10 10 8
 82 82 78 102 102 72 54 54 54 54 58 69 69 71 64 64 61 61 54 48 48 36 21 21 9 9 8 8 8 8 7 7 4 4 5 7 7 13 20 20 25 25 19 11 11 10
 82 82 78 102 102 72 54 54 54 54 58 69 69 71 64 64 61 61 54 48 48 36 21 21 9 9 8 8 8 8 7 7 4 4 5 7 7 13 20 20 25 25 19 11 11 10
 62 62 55 48 48 51 67 67 75 75 71 82 82 74 57 57 57 57 49 57 57 38 20 20 9 9 8 7 7 6 6 6 5 5 5 6 6 12 18 18 20 20 18 21 21 13
 36 36 41 63 63 53 63 63 58 58 68 65 65 63 80 80 54 54 49 51 51 42 22 22 11 11 10 7 7 5 4 4 4 4 4 7 7 11 14 14 17 17 42 19 19 15
 36 36 41 63 63 53 63 63 58 58 68 65 65 63 80 80 54 54 49 51 51 42 22 22 11 11 10 7 7 5 4 4 4 4 4 7 7 11 14 14 17 17 42 19 19 15
 35 35 31 44 44 69 71 71 66 66 78 61 61 61 68 68 54 54 60 54 54 59 30 30 20 20 12 6 6 6 7 7 6 6 5 4 4 12 16 16 17 17 45 17 17 14
 21 21 22 33 33 41 55 55 59 59 69 64 64 55 62 62 58 58 45 42 42 48 40 40 29 29 11 8 8 6 6 6 7 7 10 10 10 10 9 9 10 10 16 29 29 11
 21 21 22 33 33 41 55 55 59 59 69 64 64 55 62 62 58 58 45 42 42 48 40 40 29 29 11 8 8 6 6 6 7 7 10 10 10 10 9 9 10 10 16 29 29 11
 26 26 16 25 25 29 43 43 65 65 72 89 89 117 96 96 96 96 47 39 39 54 41 41 31 31 21 11 11 8 15 15 13 13 13 13 13 16 12 12 12 12 16 16 16 15
 26 26 16 25 25 29 43 43 65 65 72 89 89 117 96 96 96 96 47 39 39 54 41 41 31 31 21 11 11 8 15 15 13 13 13 13 13 16 12 12 12 12 16 16 16 15
 34 34 42 27 27 37 44 44 55 55 86 75 75 92 90 90 93 93 46 38 38 40 46 46 36 36 20 11 11 11 18 18 17 17 16 16 16 18 15 15 17 17 15 17 17 11
 31 31 82 72 72 52 48 48 47 47 69 89 89 96 94 94 61 61 69 45 45 36 38 38 33 33 19 16 16 18 21 21 22 22 18 24 24 17 16 16 17 17 21 22 22 18
 31 31 82 72 72 52 48 48 47 47 69 89 89 96 94 94 61 61 69 45 45 36 38 38 33 33 19 16 16 18 21 21 22 22 18 24 24 17 16 16 17 17 21 22 22 18
 30 30 61 86 86 40 45 45 44 44 66 58 58 46 101 101 59 59 84 50 50 35 41 41 34 34 18 18 18 23 26 26 23 23 24 23 23 15 15 15 15 15 14 11 11 15
 32 32 51 50 50 46 63 63 67 67 64 53 53 42 95 95 115 115 104 86 86 34 38 38 31 31 19 18 18 24 26 26 21 21 15 18 18 17 10 10 9 9 6 8 8 17
 32 32 51 50 50 46 63 63 67 67 64 53 53 42 95 95 115 115 104 86 86 34 38 38 31 31 19 18 18 24 26 26 21 21 15 18 18 17 10 10 9 9 6 8 8 17
 36 36 25 27 27 46 71 71 60 60 64 41 41 85 87 87 115 115 88 64 64 37 40 40 35 35 28 16 16 19 23 23 21 21 18 21 21 17 19 19 9 9 3 6 6 11
 36 36 25 27 27 46 71 71 60 60 64 41 41 85 87 87 115 115 88 64 64 37 40 40 35 35 28 16 16 19 23 23 21 21 18 21 21 17 19 19 9 9 3 6 6 11
 55 55 40 38 38 52 35 35 37 37 40 42 42 75 92 92 111 111 81 83 83 43 50 50 37 37 36 18 18 21 17 17 25 25 29 27 27 19 19 19 10 10 4 6 6 11
 65 65 43 38 38 91 70 70 76 76 48 34 34 73 87 87 90 90 66 37 37 43 34 34 37 37 50 30 30 18 16 16 16 16 28 43 43 43 28 28 12 12 12 6 6 6
 65 65 43 38 38 91 70 70 76 76 48 34 34 73 87 87 90 90 66 37 37 43 34 34 37 37 50 30 30 18 16 16 16 16 28 43 43 43 28 28 12 12 12 6 6 6
 66 66 63 91 91 105 80 80 86 86 53 42 42 33 37 37 88 88 63 32 32 29 31 31 45 45 40 34 34 19 18 18 15 15 23 44 44 44 30 30 11 11 9 5 5 6
 99 99 62 88 88 91 81 81 85 85 52 37 37 53 35 35 41 41 34 26 26 20 21 21 41 41 27 36 36 20 21 21 17 17 23 22 22 32 16 16 9 9 9 5 5 4
 99 99 62 88 88 91 81 81 85 85 52 37 37 53 35 35 41 41 34 26 26 20 21 21 41 41 27 36 36 20 21 21 17 17 23 22 22 32 16 16 9 9 9 5 5 4
 80 80 87 107 107 68 75 75 80 80 71 116 116 47 29 29 26 26 32 28 28 21 21 21 37 37 44 40 40 20 18 18 21 21 27 27 27 16 12 12 9 9 6 3 3 3
 80 80 87 107 107 68 75 75 80 80 71 116 116 47 29 29 26 26 32 28 28 21 21 21 37 37 44 40 40 20 18 18 21 21 27 27 27 16 12 12 9 9 6 3 3 3
 101 101 83 123 123 75 81 81 87 87 77 46 46 25 27 27 22 22 25 24 24 25 16 16 37 37 44 37 37 29 23 23 20 20 22 20 20 15 13 13 11 11 7 12 12 9
 78 78 62 40 40 77 80 80 66 66 61 44 44 35 21 21 16 16 16 9 9 23 19 19 18 18 36 35 35 34 25 25 22 22 24 20 20 21 23 23 23 23 13 13 13 9
 78 78 62 40 40 77 80 80 66 66 61 44 44 35 21 21 16 16 16 9 9 23 19 19 18 18 36 35 35 34 25 25 22 22 24 20 20 21 23 23 23 23 13 13 13 9
 77 77 63 43 43 68 77 77 37 37 66 41 41 40 17 17 14 14 15 9 9 24 26 26 30 30 31 88 88 21 27 27 31 31 29 25 25 26 24 24 144 144 140 19 19 11
 103 103 56 42 42 36 42 42 29 29 38 23 23 25 11 11 11 11 13 9 9 12 11 11 10 10 31 22 22 18 34 34 44 44 34 35 35 33 46 46 144 144 142 23 23 11
 103 103 56 42 42 36 42 42 29 29 38 23 23 25 11 11 11 11 13 9 9 12 11 11 10 10 31 22 22 18 34 34 44 44 34 35 35 33 46 46 144 144 142 23 23 11
 73 73 70 39 39 49 42 42 22 22 28 24 24 25 18 18 10 10 9 7 7 9 8 8 12 12 9 9 9 30 46 46 38 38 40 38 38 35 45 45 48 48 46 36 36 14
 73 73 70 39 39 49 42 42 22 22 28 24 24 25 18 18 10 10 9 7 7 9 8 8 12 12 9 9 9 30 46 46 38 38 40 38 38 35 45 45 48 48 46 36 36 14
 67 67 78 58 58 51 44 44 22 22 28 20 20 16 17 17 10 10 6 7 7 6 9 9 7 7 9 9 9 24 28 28 52 52 62 40 40 41 47 47 33 33 38 31 31 28
 46 46 59 37 37 27 19 19 19 19 14 10 10 9 10 10 10 10 9 10 10 9 8 8 5 5 14 9 9 23 17 17 50 50 49 44 44 46 44 44 40 40 41 34 34 33
 46 46 59 37 37 27 19 19 19 19 14 10 10 9 10 10 10 10 9 10 10 9 8 8 5 5 14 9 9 23 17 17 50 50 49 44 44 46 44 44 40 40 41 34 34 33
 54 54 54 29 29 26 17 17 18 18 14 10 10 11 11 11 9 9 8 17 17 16 13 13 11 11 14 28 28 38 42 42 45 45 45 60 60 68 66 66 51 51 41 40 40 34
 54 54 26 20 20 25 43 43 16 16 14 10 10 15 12 12 12 12 9 18 18 9 19 19 15 15 15 31 31 41 42 42 39 39 52 63 63 84 68 68 60 60 42 48 48 48
