assets/RAT_results_old/precipitation/2022-12-10_IMERG.asc
ncols        46
nrows        77
xllcorner    74.800261325624
yllcorner    8.058333333333
cellsize     0.062500000000
NODATA_value -9999
 4 4 7 1 1 4 4 4 5 5 4 4 4 4 6 6 6 6 6 4 4 4 4 4 5 5 7 9 9 9 10 10 12 12 12 17 17 13 12 12 16 16 14 25 25 23
 3 3 7 8 8 4 4 4 6 6 6 7 7 4 4 4 4 4 4 5 5 5 4 4 4 4 5 8 8 8 9 9 14 14 11 11 11 11 12 12 14 14 11 15 15 18
 3 3 7 8 8 4 4 4 6 6 6 7 7 4 4 4 4 4 4 5 5 5 4 4 4 4 5 8 8 8 9 9 14 14 11 11 11 11 12 12 14 14 11 15 15 18
 14 14 9 12 12 2 4 4 5 5 2 3 3 2 2 2 5 5 3 3 3 5 4 4 3 3 3 5 5 6 9 9 11 11 10 3 3 4 7 7 8 8 11 13 13 18
 2 2 3 7 7 6 2 2 1 1 3 4 4 4 6 6 5 5 4 5 5 3 5 5 4 4 3 5 5 6 7 7 6 6 7 7 7 7 9 9 9 9 9 9 9 14
 2 2 3 7 7 6 2 2 1 1 3 4 4 4 6 6 5 5 4 5 5 3 5 5 4 4 3 5 5 6 7 7 6 6 7 7 7 7 9 9 9 9 9 9 9 14
 6 6 9 8 8 4 2 2 3 3 4 6 6 2 1 1 2 2 3 3 3 2 2 2 2 2 2 4 4 5 5 5 3 3 3 3 3 4 5 5 8 8 8 6 6 10
 6 6 9 8 8 4 2 2 3 3 4 6 6 2 1 1 2 2 3 3 3 2 2 2 2 2 2 4 4 5 5 5 3 3 3 3 3 4 5 5 8 8 8 6 6 10
 7 7 9 7 7 3 4 4 6 6 5 5 5 4 3 3 1 1 2 2 2 2 2 2 3 3 2 2 2 6 4 4 3 3 3 3 3 6 5 5 6 6 3 7 7 9
 8 8 6 8 8 5 2 2 5 5 2 4 4 4 3 3 2 2 1 1 1 1 2 2 2 2 1 2 2 3 4 4 4 4 7 6 6 7 5 5 2 2 3 3 3 5
 8 8 6 8 8 5 2 2 5 5 2 4 4 4 3 3 2 2 1 1 1 1 2 2 2 2 1 2 2 3 4 4 4 4 7 6 6 7 5 5 2 2 3 3 3 5
 6 6 8 10 10 5 4 4 3 3 1 3 3 1 3 3 0 0 2 1 1 1 1 1 1 1 1 2 2 2 2 2 4 4 6 6 6 7 4 4 5 5 3 2 2 3
 9 9 10 7 7 0 1 1 3 3 2 5 5 2 1 1 1 1 0 1 1 1 1 1 1 1 1 2 2 1 1 1 1 1 5 5 5 6 7 7 5 5 1 0 0 4
 9 9 10 7 7 0 1 1 3 3 2 5 5 2 1 1 1 1 0 1 1 1 1 1 1 1 1 2 2 1 1 1 1 1 5 5 5 6 7 7 5 5 1 0 0 4
 6 6 8 2 2 1 1 1 2 2 1 3 3 2 1 1 1 1 0 1 1 1 0 0 1 1 1 2 2 1 0 0 0 0 0 2 2 3 6 6 6 6 3 2 2 2
 6 6 8 2 2 1 1 1 2 2 1 3 3 2 1 1 1 1 0 1 1 1 0 0 1 1 1 2 2 1 0 0 0 0 0 2 2 3 6 6 6 6 3 2 2 2
 6 6 7 2 2 1 1 1 1 1 1 2 2 3 1 1 2 2 2 0 0 0 0 0 1 1 1 1 1 2 2 2 0 0 1 1 1 4 3 3 2 2 2 1 1 3
 8 8 8 4 4 2 2 2 1 1 0 1 1 1 1 1 2 2 2 0 0 1 0 0 0 0 1 1 1 3 3 3 3 3 3 2 2 4 3 3 3 3 2 3 3 0
 8 8 8 4 4 2 2 2 1 1 0 1 1 1 1 1 2 2 2 0 0 1 0 0 0 0 1 1 1 3 3 3 3 3 3 2 2 4 3 3 3 3 2 3 3 0
 7 7 8 6 6 3 3 3 2 2 2 0 0 1 1 1 1 1 2 2 2 1 0 0 1 1 1 1 1 5 3 3 3 3 5 2 2 2 2 2 1 1 1 1 1 0
 7 7 6 7 7 5 4 4 4 4 3 1 1 0 1 1 0 0 1 1 1 1 1 1 1 1 0 2 2 4 7 7 7 7 6 3 3 2 4 4 3 3 3 3 3 1
 7 7 6 7 7 5 4 4 4 4 3 1 1 0 1 1 0 0 1 1 1 1 1 1 1 1 0 2 2 4 7 7 7 7 6 3 3 2 4 4 3 3 3 3 3 1
 12 12 10 8 8 9 7 7 8 8 5 4 4 2 1 1 1 1 1 1 1 0 1 1 2 2 1 1 1 3 3 3 4 4 6 4 4 2 4 4 1 1 1 1 1 0
 12 12 10 8 8 9 7 7 8 8 5 4 4 2 1 1 1 1 1 1 1 0 1 1 2 2 1 1 1 3 3 3 4 4 6 4 4 2 4 4 1 1 1 1 1 0
 14 14 13 11 11 13 11 11 11 11 8 8 8 6 2 2 2 2 1 1 1 0 1 1 1 1 1 2 2 3 4 4 4 4 6 6 6 3 3 3 2 2 0 0 0 0
 16 16 17 13 13 13 10 10 14 14 15 13 13 7 6 6 2 2 1 0 0 0 0 0 0 0 0 1 1 3 1 1 2 2 1 4 4 1 0 0 1 1 1 0 0 0
 16 16 17 13 13 13 10 10 14 14 15 13 13 7 6 6 2 2 1 0 0 0 0 0 0 0 0 1 1 3 1 1 2 2 1 4 4 1 0 0 1 1 1 0 0 0
 17 17 15 14 14 11 13 13 22 22 21 23 23 20 17 17 5 5 3 2 2 0 0 0 0 0 0 1 1 1 1 1 1 1 0 0 0 0 1 1 0 0 0 0 0 0
 30 30 17 13 13 11 15 15 24 24 27 30 30 46 44 44 24 24 4 2 2 0 0 0 0 0 0 0 0 1 0 0 0 0 0 0 0 0 0 0 0 0 0 0 0 0
 30 30 17 13 13 11 15 15 24 24 27 30 30 46 44 44 24 24 4 2 2 0 0 0 0 0 0 0 0 1 0 0 0 0 0 0 0 0 0 0 0 0 0 0 0 0
 27 27 17 14 14 12 14 14 18 18 28 36 36 47 45 45 26 26 10 3 3 0 0 0 0 0 0 0 0 0 0 0 0 0 0 0 0 0 0 0 0 0 0 0 0 0
 27 27 17 14 14 12 14 14 18 18 28 36 36 47 45 45 26 26 10 3 3 0 0 0 0 0 0 0 0 0 0 0 0 0 0 0 0 0 0 0 0 0 0 0 0 0
 22 22 17 18 18 17 12 12 15 15 25 41 41 52 45 45 30 30 12 9 9 2 0 0 0 0 0 0 0 0 0 0 0 0 0 0 0 0 0 0 0 0 0 0 0 0
 13 13 20 20 20 23 21 21 18 18 24 44 44 49 47 47 44 44 16 15 15 19 6 6 0 0 0 0 0 0 0 0 0 0 0 0 0 0 0 0 0 0 1 2 2 1
 13 13 20 20 20 23 21 21 18 18 24 44 44 49 47 47 44 44 16 15 15 19 6 6 0 0 0 0 0 0 0 0 0 0 0 0 0 0 0 0 0 0 1 2 2 1
 11 11 12 43 43 45 38 38 20 20 32 45 45 46 50 50 46 46 22 18 18 19 11 11 1 1 0 0 0 0 0 0 0 0 0 0 0 0 0 0 0 0 2 0 0 0
 10 10 8 11 11 50 52 52 32 32 76 54 54 53 49 49 38 38 38 25 25 28 21 21 7 7 0 1 1 1 0 0 0 0 0 0 0 0 1 1 0 0 0 0 0 0
 10 10 8 11 11 50 52 52 32 32 76 54 54 53 49 49 38 38 38 25 25 28 21 21 7 7 0 1 1 1 0 0 0 0 0 0 0 0 1 1 0 0 0 0 0 0
 9 9 6 6 6 52 39 39 55 55 42 63 63 76 109 109 45 45 29 34 34 33 31 31 20 20 8 3 3 2 0 0 1 1 1 1 1 1 1 1 0 0 1 1 1 0
 9 9 6 6 6 52 39 39 55 55 42 63 63 76 109 109 45 45 29 34 34 33 31 31 20 20 8 3 3 2 0 0 1 1 1 1 1 1 1 1 0 0 1 1 1 0
 5 5 4 3 3 39 3 3 4 4 12 49 49 69 121 121 81 81 26 24 24 17 22 22 23 23 19 10 10 6 1 1 1 1 2 5 5 2 2 2 1 1 0 1 1 0
 5 5 3 2 2 1 3 3 2 2 3 5 5 23 88 88 85 85 58 40 40 18 18 18 15 15 10 10 10 16 16 16 9 9 6 8 8 3 4 4 2 2 1 1 1 1
 5 5 3 2 2 1 3 3 2 2 3 5 5 23 88 88 85 85 58 40 40 18 18 18 15 15 10 10 10 16 16 16 9 9 6 8 8 3 4 4 2 2 1 1 1 1
 5 5 3 2 2 1 1 1 3 3 1 3 3 6 36 36 79 79 59 43 43 33 27 27 27 27 23 32 32 35 27 27 20 20 19 18 18 9 5 5 2 2 1 1 1 0
 3 3 3 2 2 1 2 2 2 2 2 3 3 13 26 26 25 25 47 42 42 53 41 41 40 40 33 39 39 36 40 40 35 35 33 23 23 16 3 3 2 2 0 0 0 0
 3 3 3 2 2 1 2 2 2 2 2 3 3 13 26 26 25 25 47 42 42 53 41 41 40 40 33 39 39 36 40 40 35 35 33 23 23 16 3 3 2 2 0 0 0 0
 0 0 1 0 0 0 1 1 1 1 1 3 3 8 13 13 13 13 26 50 50 70 71 71 56 56 39 44 44 53 47 47 36 36 30 26 26 13 2 2 0 0 0 0 0 1
 0 0 1 0 0 0 1 1 1 1 1 3 3 8 13 13 13 13 26 50 50 70 71 71 56 56 39 44 44 53 47 47 36 36 30 26 26 13 2 2 0 0 0 0 0 1
 0 0 1 0 0 0 1 1 1 1 0 2 2 2 2 2 4 4 8 16 16 25 52 52 50 50 56 52 52 43 35 35 22 22 8 3 3 7 1 1 1 1 0 1 1 0
 0 0 0 0 0 0 1 1 0 0 0 0 0 1 1 1 1 1 3 7 7 8 37 37 33 33 35 39 39 23 23 23 13 13 1 1 1 0 0 0 0 0 0 0 0 0
 0 0 0 0 0 0 1 1 0 0 0 0 0 1 1 1 1 1 3 7 7 8 37 37 33 33 35 39 39 23 23 23 13 13 1 1 1 0 0 0 0 0 0 0 0 0
 0 0 0 0 0 0 0 0 0 0 0 1 1 0 1 1 0 0 1 3 3 6 24 24 19 19 45 35 35 8 6 6 6 6 2 0 0 1 0 0 0 0 0 0 0 0
 0 0 0 0 0 0 0 0 0 0 0 1 1 2 1 1 0 0 1 2 2 4 20 20 24 24 39 16 16 7 7 7 9 9 4 3 3 1 0 0 0 0 0 0 0 0
 0 0 0 0 0 0 0 0 0 0 0 1 1 2 1 1 0 0 1 2 2 4 20 20 24 24 39 16 16 7 7 7 9 9 4 3 3 1 0 0 0 0 0 0 0 0
 0 0 0 0 0 0 0 0 0 0 0 0 0 0 0 0 0 0 0 1 1 2 4 4 12 12 20 19 19 18 21 21 17 17 11 6 6 2 2 2 0 0 1 5 5 0
 0 0 0 0 0 0 0 0 0 0 0 0 0 0 0 0 0 0 0 1 1 2 4 4 12 12 20 19 19 18 21 21 17 17 11 6 6 2 2 2 0 0 1 5 5 0
 0 0 0 0 0 0 0 0 0 0 0 0 0 0 0 0 0 0 0 0 0 1 4 4 8 8 15 21 21 22 27 27 19 19 14 6 6 3 1 1 1 1 2 5 5 2
 0 0 0 0 0 0 0 0 0 0 0 0 0 0 0 0 0 0 0 0 0 1 2 2 8 8 8 21 21 27 21 21 15 15 13 7 7 6 6 6 4 4 3 6 6 2
 0 0 0 0 0 0 0 0 0 0 0 0 0 0 0 0 0 0 0 0 0 1 2 2 8 8 8 21 21 27 21 21 15 15 13 7 7 6 6 6 4 4 3 6 6 2
 0 0 0 0 0 0 0 0 0 0 0 0 0 0 1 1 0 0 0 0 0 0 0 0 7 7 7 12 12 11 12 12 13 13 9 6 6 9 3 3 8 8 10 10 10 3
 0 0 0 0 0 0 0 0 0 0 0 0 0 0 1 1 1 1 0 0 0 0 3 3 3 3 5 2 2 1 1 1 5 5 2 1 1 0 4 4 12 12 12 6 6 2
 0 0 0 0 0 0 0 0 0 0 0 0 0 0 1 1 1 1 0 0 0 0 3 3 3 3 5 2 2 1 1 1 5 5 2 1 1 0 4 4 12 12 12 6 6 2
 0 0 0 0 0 0 0 0 0 0 0 0 0 0 0 0 0 0 0 0 0 0 0 0 0 0 1 0 0 1 1 1 2 2 2 1 1 0 1 1 3 3 6 0 0 2
 0 0 0 0 0 0 0 0 0 0 0 0 0 0 0 0 0 0 0 0 0 0 0 0 0 0 1 0 0 1 1 1 2 2 2 1 1 0 1 1 3 3 6 0 0 2
 0 0 0 0 0 0 0 0 0 0 1 1 1 0 0 0 0 0 0 0 0 0 0 0 0 0 0 2 2 1 1 1 2 2 2 3 3 0 0 0 2 2 0 1 1 0
 0 0 0 0 0 0 0 0 0 0 0 1 1 0 0 0 0 0 0 0 0 0 0 0 0 0 1 2 2 0 1 1 3 3 7 7 7 3 3 3 0 0 0 2 2 4
 0 0 0 0 0 0 0 0 0 0 0 1 1 0 0 0 0 0 0 0 0 0 0 0 0 0 1 2 2 0 1 1 3 3 7 7 7 3 3 3 0 0 0 2 2 4
 0 0 0 0 0 0 0 0 0 0 0 0 0 0 0 0 0 0 0 0 0 0 0 0 1 1 3 3 3 3 2 2 2 2 5 5 5 3 3 3 1 1 1 1 1 0
 0 0 0 0 0 0 0 0 0 0 0 0 0 0 0 0 0 0 0 0 0 0 1 1 1 1 4 3 3 6 4 4 10 10 2 0 0 1 5 5 0 0 5 1 1 0
 0 0 0 0 0 0 0 0 0 0 0 0 0 0 0 0 0 0 0 0 0 0 1 1 1 1 4 3 3 6 4 4 10 10 2 0 0 1 5 5 0 0 5 1 1 0
 0 0 0 0 0 0 0 0 0 0 0 0 0 0 0 0 0 0 0 1 1 3 0 0 0 0 2 2 2 4 5 5 5 5 4 1 1 0 0 0 6 6 0 2 2 0
 0 0 0 0 0 0 0 0 0 0 0 0 0 0 0 0 0 0 0 1 1 3 0 0 0 0 2 2 2 4 5 5 5 5 4 1 1 0 0 0 6 6 0 2 2 0
 0 0 0 0 0 0 1 1 1 1 0 0 0 0 0 0 0 0 0 1 1 1 0 0 0 0 1 1 1 1 1 1 2 2 2 1 1 1 1 1 1 1 2 0 0 2
 0 0 0 0 0 0 0 0 1 1 2 0 0 0 0 0 0 0 0 0 0 1 1 1 1 1 4 5 5 2 1 1 1 1 1 4 4 6 3 3 7 7 1 0 0 0
 0 0 0 0 0 0 0 0 1 1 2 0 0 0 0 0 0 0 0 0 0 1 1 1 1 1 4 5 5 2 1 1 1 1 1 4 4 6 3 3 7 7 1 0 0 0
 0 0 1 1 1 1 0 0 1 1 3 1 1 0 0 0 0 0 3 3 3 3 5 5 3 3 4 5 5 4 1 1 1 1 0 0 0 11 4 4 2 2 0 0 0 0
 0 0 1 2 2 1 0 0 0 0 2 0 0 0 0 0 0 0 3 9 9 4 5 5 6 6 8 7 7 3 2 2 2 2 0 0 0 0 6 6 0 0 0 0 0 0
