assets/RAT_results_old/precipitation/2022-04-12_IMERG.asc
ncols        46
nrows        77
xllcorner    74.800261325624
yllcorner    8.058333333333
cellsize     0.062500000000
NODATA_value -9999
 42 42 36 32 32 21 11 11 14 14 13 12 12 4 2 2 1 1 2 2 2 3 2 2 3 3 4 3 3 2 2 2 1 1 1 1 1 1 1 1 2 2 2 2 2 2
 43 43 41 35 35 20 25 25 16 16 15 13 13 5 1 1 2 2 2 2 2 3 5 5 5 5 5 2 2 2 2 2 2 2 1 1 1 1 2 2 4 4 3 2 2 2
 43 43 41 35 35 20 25 25 16 16 15 13 13 5 1 1 2 2 2 2 2 3 5 5 5 5 5 2 2 2 2 2 2 2 1 1 1 1 2 2 4 4 3 2 2 2
 40 40 61 42 42 34 18 18 21 21 12 11 11 3 2 2 3 3 3 3 3 3 5 5 3 3 2 1 1 1 1 1 1 1 1 1 1 2 3 3 4 4 3 3 3 2
 43 43 69 41 41 25 17 17 26 26 16 17 17 5 6 6 4 4 3 3 3 3 4 4 3 3 2 2 2 1 1 1 2 2 1 1 1 2 3 3 3 3 2 2 2 2
 43 43 69 41 41 25 17 17 26 26 16 17 17 5 6 6 4 4 3 3 3 3 4 4 3 3 2 2 2 1 1 1 2 2 1 1 1 2 3 3 3 3 2 2 2 2
 42 42 45 36 36 24 24 24 35 35 24 24 24 17 14 14 11 11 13 17 17 11 3 3 2 2 2 16 16 30 2 2 2 2 2 2 2 4 2 2 2 2 3 2 2 7
 42 42 45 36 36 24 24 24 35 35 24 24 24 17 14 14 11 11 13 17 17 11 3 3 2 2 2 16 16 30 2 2 2 2 2 2 2 4 2 2 2 2 3 2 2 7
 44 44 41 32 32 27 32 32 35 35 43 39 39 28 28 28 13 13 14 18 18 7 5 5 8 8 8 10 10 6 2 2 3 3 2 2 2 3 7 7 6 6 11 27 27 9
 36 36 44 35 35 30 39 39 44 44 44 43 43 41 24 24 21 21 22 20 20 9 6 6 8 8 14 21 21 10 17 17 16 16 7 12 12 11 13 13 10 10 24 25 25 2
 36 36 44 35 35 30 39 39 44 44 44 43 43 41 24 24 21 21 22 20 20 9 6 6 8 8 14 21 21 10 17 17 16 16 7 12 12 11 13 13 10 10 24 25 25 2
 35 35 26 21 21 26 36 36 38 38 43 21 21 24 26 26 25 25 22 14 14 11 8 8 12 12 15 21 21 9 14 14 15 15 7 9 9 15 26 26 22 22 11 14 14 2
 35 35 24 23 23 27 35 35 27 27 28 25 25 26 28 28 22 22 26 17 17 15 8 8 9 9 20 25 25 15 9 9 14 14 11 19 19 15 21 21 10 10 10 11 11 1
 35 35 24 23 23 27 35 35 27 27 28 25 25 26 28 28 22 22 26 17 17 15 8 8 9 9 20 25 25 15 9 9 14 14 11 19 19 15 21 21 10 10 10 11 11 1
 107 107 27 19 19 20 23 23 22 22 28 34 34 31 23 23 24 24 21 20 20 23 10 10 13 13 13 10 10 21 9 9 16 16 12 18 18 5 13 13 14 14 11 11 11 8
 107 107 27 19 19 20 23 23 22 22 28 34 34 31 23 23 24 24 21 20 20 23 10 10 13 13 13 10 10 21 9 9 16 16 12 18 18 5 13 13 14 14 11 11 11 8
 55 55 29 20 20 19 13 13 18 18 32 30 30 30 30 30 23 23 19 26 26 27 19 19 22 22 13 13 13 9 7 7 15 15 7 10 10 11 6 6 4 4 7 6 6 5
 50 50 37 30 30 24 13 13 13 13 27 37 37 36 26 26 24 24 25 29 29 22 25 25 20 20 35 17 17 17 13 13 12 12 8 9 9 8 4 4 4 4 1 3 3 1
 50 50 37 30 30 24 13 13 13 13 27 37 37 36 26 26 24 24 25 29 29 22 25 25 20 20 35 17 17 17 13 13 12 12 8 9 9 8 4 4 4 4 1 3 3 1
 57 57 40 33 33 20 12 12 17 17 16 26 26 28 26 26 22 22 29 32 32 28 26 26 21 21 11 14 14 10 21 21 10 10 2 7 7 2 9 9 1 1 1 1 1 3
 51 51 42 12 12 13 7 7 13 13 13 20 20 25 23 23 22 22 27 27 27 30 33 33 22 22 11 15 15 13 6 6 3 3 2 1 1 2 2 2 1 1 1 0 0 1
 51 51 42 12 12 13 7 7 13 13 13 20 20 25 23 23 22 22 27 27 27 30 33 33 22 22 11 15 15 13 6 6 3 3 2 1 1 2 2 2 1 1 1 0 0 1
 45 45 40 26 26 12 7 7 10 10 14 12 12 18 20 20 17 17 22 26 26 24 28 28 27 27 19 17 17 13 13 13 7 7 4 3 3 2 1 1 1 1 1 1 1 1
 45 45 40 26 26 12 7 7 10 10 14 12 12 18 20 20 17 17 22 26 26 24 28 28 27 27 19 17 17 13 13 13 7 7 4 3 3 2 1 1 1 1 1 1 1 1
 46 46 36 32 32 22 16 16 5 5 8 17 17 15 14 14 18 18 19 51 51 32 39 39 28 28 41 26 26 18 10 10 8 8 5 3 3 2 1 1 2 2 1 1 1 1
 39 39 37 40 40 30 21 21 20 20 16 8 8 8 11 11 16 16 24 26 26 61 30 30 33 33 41 16 16 19 12 12 11 11 6 4 4 2 1 1 4 4 2 1 1 2
 39 39 37 40 40 30 21 21 20 20 16 8 8 8 11 11 16 16 24 26 26 61 30 30 33 33 41 16 16 19 12 12 11 11 6 4 4 2 1 1 4 4 2 1 1 2
 19 19 21 38 38 27 23 23 19 19 13 6 6 8 9 9 16 16 17 24 24 30 47 47 38 38 27 45 45 19 16 16 14 14 9 5 5 6 4 4 2 2 2 2 2 2
 14 14 19 15 15 22 10 10 10 10 12 7 7 3 11 11 14 14 14 17 17 24 40 40 63 63 48 21 21 23 24 24 18 18 11 13 13 14 10 10 19 19 4 3 3 2
 14 14 19 15 15 22 10 10 10 10 12 7 7 3 11 11 14 14 14 17 17 24 40 40 63 63 48 21 21 23 24 24 18 18 11 13 13 14 10 10 19 19 4 3 3 2
 7 7 12 13 13 9 11 11 11 11 33 21 21 4 16 16 14 14 9 9 9 17 23 23 67 67 29 25 25 29 39 39 34 34 42 15 15 10 20 20 9 9 10 9 9 5
 7 7 12 13 13 9 11 11 11 11 33 21 21 4 16 16 14 14 9 9 9 17 23 23 67 67 29 25 25 29 39 39 34 34 42 15 15 10 20 20 9 9 10 9 9 5
 4 4 5 9 9 8 12 12 12 12 17 6 6 13 12 12 11 11 9 9 9 18 34 34 34 34 23 22 22 27 34 34 31 31 26 14 14 38 11 11 8 8 9 9 9 9
 2 2 3 6 6 8 10 10 14 14 11 9 9 8 8 8 7 7 6 8 8 17 17 17 29 29 17 25 25 24 30 30 28 28 23 17 17 11 10 10 12 12 14 17 17 16
 2 2 3 6 6 8 10 10 14 14 11 9 9 8 8 8 7 7 6 8 8 17 17 17 29 29 17 25 25 24 30 30 28 28 23 17 17 11 10 10 12 12 14 17 17 16
 2 2 3 7 7 9 20 20 22 22 25 20 20 17 7 7 7 7 9 7 7 9 13 13 12 12 15 22 22 28 31 31 29 29 27 21 21 14 14 14 15 15 16 17 17 16
 3 3 4 7 7 11 29 29 23 23 24 21 21 17 10 10 11 11 6 6 6 9 9 9 8 8 21 23 23 26 35 35 67 67 35 20 20 17 21 21 22 22 20 23 23 20
 3 3 4 7 7 11 29 29 23 23 24 21 21 17 10 10 11 11 6 6 6 9 9 9 8 8 21 23 23 26 35 35 67 67 35 20 20 17 21 21 22 22 20 23 23 20
 4 4 6 8 8 12 29 29 29 29 25 21 21 18 6 6 11 11 8 11 11 14 12 12 10 10 20 22 22 28 40 40 46 46 34 26 26 26 23 23 23 23 34 38 38 30
 4 4 6 8 8 12 29 29 29 29 25 21 21 18 6 6 11 11 8 11 11 14 12 12 10 10 20 22 22 28 40 40 46 46 34 26 26 26 23 23 23 23 34 38 38 30
 8 8 9 6 6 22 26 26 33 33 32 20 20 18 7 7 7 7 14 13 13 15 10 10 7 7 17 18 18 32 39 39 67 67 41 28 28 29 28 28 25 25 36 38 38 40
 17 17 15 7 7 19 22 22 32 32 30 21 21 20 21 21 17 17 18 16 16 15 16 16 8 8 15 12 12 20 26 26 57 57 38 32 32 34 25 25 31 31 35 77 77 74
 17 17 15 7 7 19 22 22 32 32 30 21 21 20 21 21 17 17 18 16 16 15 16 16 8 8 15 12 12 20 26 26 57 57 38 32 32 34 25 25 31 31 35 77 77 74
 17 17 15 10 10 18 18 18 33 33 34 25 25 18 16 16 16 16 21 19 19 21 19 19 15 15 12 18 18 19 28 28 35 35 35 44 44 33 33 33 30 30 30 71 71 31
 16 16 16 14 14 13 17 17 29 29 34 24 24 14 13 13 14 14 21 22 22 22 18 18 20 20 21 18 18 71 55 55 31 31 32 31 31 30 31 31 24 24 21 33 33 32
 16 16 16 14 14 13 17 17 29 29 34 24 24 14 13 13 14 14 21 22 22 22 18 18 20 20 21 18 18 71 55 55 31 31 32 31 31 30 31 31 24 24 21 33 33 32
 7 7 10 11 11 14 28 28 30 30 75 87 87 17 16 16 12 12 19 20 20 36 30 30 30 30 37 58 58 41 79 79 32 32 36 30 30 33 31 31 26 26 25 23 23 24
 7 7 10 11 11 14 28 28 30 30 75 87 87 17 16 16 12 12 19 20 20 36 30 30 30 30 37 58 58 41 79 79 32 32 36 30 30 33 31 31 26 26 25 23 23 24
 9 9 10 14 14 10 39 39 42 42 89 102 102 23 25 25 20 20 21 32 32 30 15 15 20 20 30 24 24 30 45 45 37 37 34 33 33 39 33 33 32 32 27 24 24 44
 8 8 13 13 13 6 12 12 40 40 87 98 98 23 18 18 12 12 14 19 19 20 12 12 17 17 12 19 19 27 35 35 42 42 30 36 36 32 29 29 48 48 41 40 40 26
 8 8 13 13 13 6 12 12 40 40 87 98 98 23 18 18 12 12 14 19 19 20 12 12 17 17 12 19 19 27 35 35 42 42 30 36 36 32 29 29 48 48 41 40 40 26
 17 17 13 14 14 9 12 12 20 20 24 92 92 15 13 13 9 9 14 7 7 6 4 4 6 6 9 12 12 17 16 16 57 57 32 32 32 33 39 39 41 41 64 44 44 30
 33 33 19 19 19 17 5 5 4 4 18 12 12 12 10 10 6 6 12 3 3 2 2 2 4 4 8 8 8 18 42 42 32 32 26 31 31 35 46 46 60 60 71 48 48 35
 33 33 19 19 19 17 5 5 4 4 18 12 12 12 10 10 6 6 12 3 3 2 2 2 4 4 8 8 8 18 42 42 32 32 26 31 31 35 46 46 60 60 71 48 48 35
 46 46 45 22 22 13 5 5 4 4 3 18 18 18 15 15 9 9 2 2 2 2 1 1 5 5 8 7 7 23 44 44 20 20 31 38 38 40 37 37 66 66 45 36 36 23
 46 46 45 22 22 13 5 5 4 4 3 18 18 18 15 15 9 9 2 2 2 2 1 1 5 5 8 7 7 23 44 44 20 20 31 38 38 40 37 37 66 66 45 36 36 23
 14 14 14 16 16 16 10 10 7 7 3 2 2 17 8 8 8 8 2 2 2 1 2 2 3 3 7 10 10 24 25 25 20 20 30 35 35 38 33 33 57 57 47 51 51 29
 14 14 16 10 10 12 8 8 6 6 2 3 3 3 3 3 1 1 1 1 1 1 2 2 1 1 3 7 7 14 20 20 21 21 28 35 35 32 36 36 53 53 51 54 54 37
 14 14 16 10 10 12 8 8 6 6 2 3 3 3 3 3 1 1 1 1 1 1 2 2 1 1 3 7 7 14 20 20 21 21 28 35 35 32 36 36 53 53 51 54 54 37
 10 10 10 6 6 7 6 6 6 6 4 6 6 3 6 6 4 4 4 4 4 1 1 1 2 2 4 6 6 9 11 11 17 17 23 28 28 34 34 34 61 61 65 45 45 31
 6 6 5 7 7 3 4 4 6 6 6 16 16 15 13 13 9 9 8 1 1 0 1 1 1 1 3 5 5 5 10 10 16 16 19 28 28 40 55 55 60 60 55 36 36 31
 6 6 5 7 7 3 4 4 6 6 6 16 16 15 13 13 9 9 8 1 1 0 1 1 1 1 3 5 5 5 10 10 16 16 19 28 28 40 55 55 60 60 55 36 36 31
 5 5 4 8 8 7 8 8 21 21 23 24 24 22 15 15 4 4 6 1 1 1 0 0 2 2 2 6 6 6 9 9 15 15 20 28 28 48 42 42 42 42 43 37 37 38
 5 5 4 8 8 7 8 8 21 21 23 24 24 22 15 15 4 4 6 1 1 1 0 0 2 2 2 6 6 6 9 9 15 15 20 28 28 48 42 42 42 42 43 37 37 38
 7 7 9 13 13 14 14 14 28 28 30 28 28 26 23 23 15 15 4 2 2 0 0 0 2 2 3 3 3 4 11 11 12 12 12 29 29 43 50 50 36 36 46 47 47 33
 15 15 10 14 14 15 14 14 24 24 36 31 31 30 19 19 19 19 10 4 4 3 0 0 1 1 2 4 4 5 4 4 14 14 12 17 17 28 36 36 23 23 26 30 30 33
 15 15 10 14 14 15 14 14 24 24 36 31 31 30 19 19 19 19 10 4 4 3 0 0 1 1 2 4 4 5 4 4 14 14 12 17 17 28 36 36 23 23 26 30 30 33
 15 15 12 15 15 16 24 24 26 26 37 31 31 29 21 21 20 20 14 11 11 6 1 1 1 1 1 3 3 4 7 7 9 9 7 9 9 17 30 30 24 24 18 24 24 32
 29 29 15 16 16 17 25 25 37 37 35 28 28 26 23 23 21 21 16 14 14 12 2 2 1 1 1 2 2 5 4 4 7 7 8 7 7 13 18 18 29 29 22 23 23 21
 29 29 15 16 16 17 25 25 37 37 35 28 28 26 23 23 21 21 16 14 14 12 2 2 1 1 1 2 2 5 4 4 7 7 8 7 7 13 18 18 29 29 22 23 23 21
 36 36 17 24 24 26 30 30 36 36 43 31 31 28 29 29 22 22 13 11 11 11 3 3 2 2 1 1 1 3 3 3 7 7 8 8 8 16 21 21 25 25 25 19 19 24
 36 36 17 24 24 26 30 30 36 36 43 31 31 28 29 29 22 22 13 11 11 11 3 3 2 2 1 1 1 3 3 3 7 7 8 8 8 16 21 21 25 25 25 19 19 24
 30 30 30 18 18 21 26 26 31 31 40 34 34 36 34 34 30 30 26 16 16 18 15 15 4 4 1 2 2 5 5 5 4 4 7 10 10 13 18 18 17 17 37 28 28 15
 9 9 9 16 16 13 23 23 48 48 46 44 44 39 41 41 40 40 28 23 23 19 18 18 6 6 2 2 2 5 6 6 5 5 6 7 7 19 18 18 13 13 21 21 21 14
 9 9 9 16 16 13 23 23 48 48 46 44 44 39 41 41 40 40 28 23 23 19 18 18 6 6 2 2 2 5 6 6 5 5 6 7 7 19 18 18 13 13 21 21 21 14
 8 8 8 12 12 18 21 21 47 47 52 41 41 45 45 45 46 46 37 31 31 28 27 27 15 15 7 3 3 6 2 2 2 2 4 9 9 14 17 17 14 14 18 10 10 9
 8 8 9 9 9 10 19 19 47 47 59 41 41 42 45 45 49 49 42 37 37 28 27 27 18 18 10 6 6 3 2 2 2 2 5 6 6 12 10 10 9 9 12 5 5 5
