assets/RAT_results_old/precipitation/2022-04-22_IMERG.asc
ncols        46
nrows        77
xllcorner    74.800261325624
yllcorner    8.058333333333
cellsize     0.062500000000
NODATA_value -9999
 16 16 16 7 7 14 8 8 24 24 25 34 34 16 9 9 6 6 3 2 2 1 1 1 1 1 1 0 0 0 0 0 0 0 0 0 0 0 0 0 0 0 0 0 0 0
 72 72 69 8 8 16 84 84 61 61 110 23 23 8 4 4 3 3 2 2 2 1 1 1 0 0 0 0 0 0 0 0 0 0 0 0 0 0 0 0 0 0 0 0 0 0
 72 72 69 8 8 16 84 84 61 61 110 23 23 8 4 4 3 3 2 2 2 1 1 1 0 0 0 0 0 0 0 0 0 0 0 0 0 0 0 0 0 0 0 0 0 0
 92 92 67 10 10 18 13 13 43 43 22 16 16 3 3 3 3 3 2 1 1 1 0 0 0 0 0 0 0 0 0 0 0 0 0 0 0 0 0 0 0 0 0 0 0 0
 128 128 67 10 10 18 21 21 41 41 19 15 15 3 2 2 3 3 2 1 1 0 0 0 0 0 0 0 0 0 0 0 0 0 0 0 0 0 0 0 0 0 0 0 0 0
 128 128 67 10 10 18 21 21 41 41 19 15 15 3 2 2 3 3 2 1 1 0 0 0 0 0 0 0 0 0 0 0 0 0 0 0 0 0 0 0 0 0 0 0 0 0
 118 118 56 34 34 7 11 11 10 10 4 2 2 2 2 2 2 2 1 0 0 0 0 0 0 0 0 0 0 0 0 0 0 0 0 0 0 0 0 0 0 0 0 0 0 0
 118 118 56 34 34 7 11 11 10 10 4 2 2 2 2 2 2 2 1 0 0 0 0 0 0 0 0 0 0 0 0 0 0 0 0 0 0 0 0 0 0 0 0 0 0 0
 116 116 2 3 3 4 3 3 3 3 2 2 2 2 2 2 1 1 1 1 1 1 0 0 0 0 0 0 0 0 0 0 0 0 0 0 0 0 0 0 0 0 0 0 0 0
 2 2 4 6 6 5 4 4 3 3 3 3 3 3 2 2 2 2 2 1 1 2 1 1 0 0 0 0 0 0 0 0 0 0 0 0 0 0 0 0 0 0 0 0 0 0
 2 2 4 6 6 5 4 4 3 3 3 3 3 3 2 2 2 2 2 1 1 2 1 1 0 0 0 0 0 0 0 0 0 0 0 0 0 0 0 0 0 0 0 0 0 0
 3 3 4 13 13 15 6 6 4 4 5 5 5 3 5 5 6 6 4 6 6 7 2 2 0 0 0 1 1 1 0 0 0 0 0 0 0 0 0 0 0 0 0 0 0 0
 5 5 5 13 13 15 19 19 6 6 6 4 4 5 6 6 12 12 18 26 26 16 3 3 1 1 1 1 1 1 0 0 0 0 0 0 0 0 0 0 0 0 0 0 0 0
 5 5 5 13 13 15 19 19 6 6 6 4 4 5 6 6 12 12 18 26 26 16 3 3 1 1 1 1 1 1 0 0 0 0 0 0 0 0 0 0 0 0 0 0 0 0
 30 30 30 30 30 19 18 18 7 7 6 10 10 9 55 55 29 29 22 20 20 14 2 2 1 1 2 2 2 1 0 0 0 0 0 0 0 0 0 0 0 0 0 0 0 0
 30 30 30 30 30 19 18 18 7 7 6 10 10 9 55 55 29 29 22 20 20 14 2 2 1 1 2 2 2 1 0 0 0 0 0 0 0 0 0 0 0 0 0 0 0 0
 159 159 31 29 29 18 17 17 9 9 11 11 11 12 52 52 59 59 16 6 6 5 2 2 2 2 3 2 2 0 0 0 0 0 0 0 0 0 0 0 0 0 0 0 0 0
 158 158 77 75 75 18 19 19 15 15 78 70 70 129 61 61 68 68 9 6 6 6 2 2 2 2 1 1 1 0 0 0 0 0 0 0 0 0 0 0 0 0 0 0 0 0
 158 158 77 75 75 18 19 19 15 15 78 70 70 129 61 61 68 68 9 6 6 6 2 2 2 2 1 1 1 0 0 0 0 0 0 0 0 0 0 0 0 0 0 0 0 0
 155 155 34 32 32 27 26 26 16 16 72 74 74 31 21 21 21 21 5 5 5 5 5 5 2 2 1 0 0 0 0 0 0 0 0 0 0 0 0 0 0 0 0 0 0 0
 85 85 32 32 32 32 29 29 28 28 60 60 60 28 7 7 6 6 5 6 6 9 6 6 2 2 1 1 1 1 1 1 0 0 0 0 0 0 0 0 0 0 0 0 0 0
 85 85 32 32 32 32 29 29 28 28 60 60 60 28 7 7 6 6 5 6 6 9 6 6 2 2 1 1 1 1 1 1 0 0 0 0 0 0 0 0 0 0 0 0 0 0
 43 43 55 56 56 57 27 27 26 26 16 25 25 13 12 12 3 3 3 4 4 6 5 5 1 1 3 2 2 3 2 2 1 1 1 0 0 0 0 0 0 0 0 0 0 0
 43 43 55 56 56 57 27 27 26 26 16 25 25 13 12 12 3 3 3 4 4 6 5 5 1 1 3 2 2 3 2 2 1 1 1 0 0 0 0 0 0 0 0 0 0 0
 43 43 74 100 100 100 55 55 56 56 26 25 25 13 12 12 16 16 16 3 3 5 6 6 16 16 4 3 3 2 1 1 0 0 0 0 0 0 0 0 0 0 0 0 0 0
 75 75 74 99 99 101 55 55 73 73 29 31 31 15 35 35 24 24 16 3 3 18 18 18 50 50 5 2 2 2 1 1 0 0 0 0 0 0 0 0 0 0 0 0 0 0
 75 75 74 99 99 101 55 55 73 73 29 31 31 15 35 35 24 24 16 3 3 18 18 18 50 50 5 2 2 2 1 1 0 0 0 0 0 0 0 0 0 0 0 0 0 0
 59 59 57 124 124 125 73 73 72 72 29 28 28 27 51 51 37 37 31 6 6 37 23 23 10 10 5 2 2 1 0 0 0 0 0 0 0 0 0 0 0 0 0 0 0 0
 62 62 59 127 127 76 75 75 55 55 55 27 27 27 56 56 55 55 29 26 26 86 66 66 20 20 20 3 3 1 1 1 0 0 0 0 0 0 0 0 0 0 0 0 0 0
 62 62 59 127 127 76 75 75 55 55 55 27 27 27 56 56 55 55 29 26 26 86 66 66 20 20 20 3 3 1 1 1 0 0 0 0 0 0 0 0 0 0 0 0 0 0
 65 65 61 81 81 78 75 75 55 55 22 19 19 18 72 72 64 64 28 16 16 59 24 24 12 12 8 5 5 2 1 1 1 1 0 0 0 0 0 0 0 0 0 0 0 1
 65 65 61 81 81 78 75 75 55 55 22 19 19 18 72 72 64 64 28 16 16 59 24 24 12 12 8 5 5 2 1 1 1 1 0 0 0 0 0 0 0 0 0 0 0 1
 12 12 61 12 12 15 11 11 21 21 21 19 19 18 41 41 67 67 29 17 17 9 7 7 5 5 8 5 5 2 1 1 1 1 1 0 0 0 0 0 0 0 0 0 0 1
 12 12 9 7 7 12 9 9 1 1 2 4 4 39 42 42 85 85 27 26 26 8 5 5 2 2 2 2 2 2 1 1 1 1 1 1 1 0 0 0 0 0 0 1 1 1
 12 12 9 7 7 12 9 9 1 1 2 4 4 39 42 42 85 85 27 26 26 8 5 5 2 2 2 2 2 2 1 1 1 1 1 1 1 0 0 0 0 0 0 1 1 1
 10 10 8 6 6 2 2 2 1 1 5 9 9 22 25 25 34 34 20 19 19 9 5 5 4 4 4 2 2 2 2 2 1 1 1 1 1 1 1 1 1 1 1 2 2 2
 7 7 7 5 5 1 1 1 2 2 7 12 12 24 22 22 40 40 35 19 19 17 8 8 9 9 5 3 3 2 2 2 2 2 2 2 2 1 1 1 2 2 6 6 6 6
 7 7 7 5 5 1 1 1 2 2 7 12 12 24 22 22 40 40 35 19 19 17 8 8 9 9 5 3 3 2 2 2 2 2 2 2 2 1 1 1 2 2 6 6 6 6
 5 5 1 2 2 1 2 2 3 3 4 8 8 13 46 46 48 48 34 29 29 27 16 16 12 12 6 7 7 3 3 3 5 5 6 4 4 2 2 2 2 2 8 9 9 5
 5 5 1 2 2 1 2 2 3 3 4 8 8 13 46 46 48 48 34 29 29 27 16 16 12 12 6 7 7 3 3 3 5 5 6 4 4 2 2 2 2 2 8 9 9 5
 1 1 0 1 1 2 3 3 6 6 8 12 12 21 51 51 56 56 42 49 49 49 29 29 21 21 8 10 10 4 6 6 9 9 9 5 5 3 2 2 8 8 14 6 6 10
 0 0 0 2 2 2 7 7 7 7 10 17 17 23 54 54 94 94 98 65 65 44 38 38 22 22 19 9 9 7 13 13 13 13 9 7 7 4 7 7 20 20 24 9 9 4
 0 0 0 2 2 2 7 7 7 7 10 17 17 23 54 54 94 94 98 65 65 44 38 38 22 22 19 9 9 7 13 13 13 13 9 7 7 4 7 7 20 20 24 9 9 4
 1 1 1 5 5 5 10 10 9 9 11 15 15 68 73 73 109 109 105 64 64 50 44 44 25 25 12 6 6 9 14 14 12 12 18 9 9 6 14 14 24 24 31 5 5 2
 2 2 2 7 7 7 11 11 11 11 11 11 11 63 68 68 105 105 123 121 121 68 37 37 18 18 4 7 7 6 9 9 22 22 22 25 25 11 20 20 21 21 25 1 1 2
 2 2 2 7 7 7 11 11 11 11 11 11 11 63 68 68 105 105 123 121 121 68 37 37 18 18 4 7 7 6 9 9 22 22 22 25 25 11 20 20 21 21 25 1 1 2
 6 6 4 11 11 13 13 13 13 13 10 9 9 86 92 92 101 101 115 117 117 59 19 19 13 13 6 9 9 15 21 21 19 19 17 12 12 5 4 4 3 3 3 2 2 1
 6 6 4 11 11 13 13 13 13 13 10 9 9 86 92 92 101 101 115 117 117 59 19 19 13 13 6 9 9 15 21 21 19 19 17 12 12 5 4 4 3 3 3 2 2 1
 11 11 6 15 15 18 20 20 15 15 9 9 9 75 94 94 100 100 105 75 75 74 7 7 5 5 9 11 11 15 16 16 16 16 13 9 9 5 3 3 4 4 5 5 5 2
 13 13 15 20 20 23 20 20 12 12 10 10 10 72 97 97 97 97 77 14 14 13 2 2 4 4 7 10 10 22 23 23 22 22 15 9 9 6 3 3 3 3 6 4 4 2
 13 13 15 20 20 23 20 20 12 12 10 10 10 72 97 97 97 97 77 14 14 13 2 2 4 4 7 10 10 22 23 23 22 22 15 9 9 6 3 3 3 3 6 4 4 2
 18 18 21 27 27 24 19 19 11 11 10 49 49 47 57 57 92 92 73 13 13 13 2 2 6 6 14 26 26 38 41 41 25 25 17 8 8 7 5 5 8 8 7 5 5 4
 20 20 32 33 33 24 21 21 12 12 14 7 7 46 54 54 30 30 29 2 2 8 9 9 16 16 27 42 42 47 44 44 31 31 16 9 9 7 15 15 19 19 10 4 4 2
 20 20 32 33 33 24 21 21 12 12 14 7 7 46 54 54 30 30 29 2 2 8 9 9 16 16 27 42 42 47 44 44 31 31 16 9 9 7 15 15 19 19 10 4 4 2
 41 41 54 32 32 26 23 23 14 14 16 8 8 7 6 6 6 6 4 3 3 5 8 8 13 13 23 35 35 41 37 37 28 28 16 9 9 4 17 17 21 21 17 2 2 2
 41 41 54 32 32 26 23 23 14 14 16 8 8 7 6 6 6 6 4 3 3 5 8 8 13 13 23 35 35 41 37 37 28 28 16 9 9 4 17 17 21 21 17 2 2 2
 34 34 33 31 31 27 28 28 15 15 15 9 9 10 7 7 5 5 5 2 2 5 13 13 23 23 11 22 22 41 44 44 30 30 17 10 10 6 6 6 7 7 4 1 1 2
 37 37 37 26 26 23 16 16 14 14 10 10 10 10 7 7 6 6 4 2 2 1 5 5 8 8 14 23 23 35 40 40 31 31 19 14 14 9 3 3 3 3 1 2 2 3
 37 37 37 26 26 23 16 16 14 14 10 10 10 10 7 7 6 6 4 2 2 1 5 5 8 8 14 23 23 35 40 40 31 31 19 14 14 9 3 3 3 3 1 2 2 3
 32 32 32 22 22 22 19 19 18 18 11 9 9 11 6 6 5 5 2 1 1 1 7 7 8 8 14 22 22 36 40 40 33 33 23 16 16 7 3 3 2 2 2 3 3 4
 27 27 33 25 25 24 20 20 49 49 8 8 8 5 5 5 4 4 2 3 3 3 6 6 4 4 11 17 17 33 46 46 40 40 26 16 16 9 4 4 3 3 4 5 5 7
 27 27 33 25 25 24 20 20 49 49 8 8 8 5 5 5 4 4 2 3 3 3 6 6 4 4 11 17 17 33 46 46 40 40 26 16 16 9 4 4 3 3 4 5 5 7
 25 25 30 23 23 50 19 19 29 29 10 8 8 4 4 4 3 3 3 4 4 7 6 6 2 2 5 13 13 22 41 41 41 41 25 15 15 7 5 5 4 4 9 8 8 7
 25 25 30 23 23 50 19 19 29 29 10 8 8 4 4 4 3 3 3 4 4 7 6 6 2 2 5 13 13 22 41 41 41 41 25 15 15 7 5 5 4 4 9 8 8 7
 23 23 32 31 31 44 38 38 35 35 7 7 7 4 3 3 3 3 3 7 7 7 4 4 2 2 3 10 10 19 27 27 28 28 20 11 11 7 5 5 7 7 9 7 7 5
 21 21 18 41 41 26 14 14 6 6 6 5 5 4 3 3 4 4 4 4 4 5 4 4 3 3 2 6 6 17 27 27 30 30 24 16 16 10 9 9 10 10 11 9 9 8
 21 21 18 41 41 26 14 14 6 6 6 5 5 4 3 3 4 4 4 4 4 5 4 4 3 3 2 6 6 17 27 27 30 30 24 16 16 10 9 9 10 10 11 9 9 8
 17 17 18 17 17 22 13 13 6 6 8 3 3 3 4 4 6 6 5 5 5 5 4 4 3 3 2 2 2 6 19 19 26 26 30 26 26 21 19 19 17 17 16 17 17 21
 15 15 12 9 9 9 9 9 6 6 5 3 3 4 8 8 9 9 9 9 9 7 4 4 3 3 2 5 5 8 11 11 19 19 33 30 30 31 27 27 23 23 24 28 28 29
 15 15 12 9 9 9 9 9 6 6 5 3 3 4 8 8 9 9 9 9 9 7 4 4 3 3 2 5 5 8 11 11 19 19 33 30 30 31 27 27 23 23 24 28 28 29
 6 6 5 5 5 2 6 6 4 4 4 4 4 7 15 15 15 15 14 21 21 17 9 9 8 8 7 6 6 17 10 10 13 13 22 26 26 27 28 28 19 19 21 25 25 27
 6 6 5 5 5 2 6 6 4 4 4 4 4 7 15 15 15 15 14 21 21 17 9 9 8 8 7 6 6 17 10 10 13 13 22 26 26 27 28 28 19 19 21 25 25 27
 2 2 2 2 2 1 1 1 1 1 3 10 10 14 19 19 17 17 15 21 21 18 15 15 22 22 23 25 25 27 17 17 24 24 15 17 17 25 23 23 20 20 19 27 27 29
 1 1 1 1 1 1 1 1 1 1 32 25 25 16 18 18 17 17 17 13 13 16 15 15 26 26 26 27 27 14 9 9 16 16 20 18 18 16 13 13 24 24 17 18 18 16
 1 1 1 1 1 1 1 1 1 1 32 25 25 16 18 18 17 17 17 13 13 16 15 15 26 26 26 27 27 14 9 9 16 16 20 18 18 16 13 13 24 24 17 18 18 16
 1 1 0 1 1 1 1 1 1 1 34 25 25 31 34 34 34 34 16 14 14 35 35 35 30 30 29 16 16 13 14 14 9 9 11 14 14 10 7 7 20 20 17 18 18 15
 0 0 1 1 1 1 36 36 64 64 63 45 45 69 77 77 50 50 53 51 51 36 36 36 30 30 12 8 8 6 4 4 5 5 8 10 10 14 17 17 11 11 21 16 16 8
