assets/RAT_results_old/precipitation/2022-10-09_IMERG.asc
ncols        46
nrows        77
xllcorner    74.800261325624
yllcorner    8.058333333333
cellsize     0.062500000000
NODATA_value -9999
 11 11 10 10 10 12 14 14 14 14 15 13 13 14 15 15 17 17 27 6 6 11 11 11 4 4 4 10 10 9 5 5 4 4 4 4 4 4 5 5 8 8 6 5 5 10
 9 9 10 11 11 12 17 17 17 17 16 26 26 27 28 28 34 34 32 32 32 14 13 13 6 6 5 9 9 12 17 17 17 17 12 11 11 7 5 5 6 6 6 5 5 4
 9 9 10 11 11 12 17 17 17 17 16 26 26 27 28 28 34 34 32 32 32 14 13 13 6 6 5 9 9 12 17 17 17 17 12 11 11 7 5 5 6 6 6 5 5 4
 4 4 8 13 13 12 16 16 16 16 16 26 26 28 26 26 36 36 31 27 27 15 11 11 10 10 8 12 12 13 25 25 28 28 19 10 10 9 8 8 8 8 6 5 5 8
 2 2 9 11 11 10 12 12 13 13 15 23 23 26 28 28 30 30 31 24 24 21 18 18 16 16 10 7 7 13 22 22 43 43 18 16 16 5 8 8 10 10 8 8 8 4
 2 2 9 11 11 10 12 12 13 13 15 23 23 26 28 28 30 30 31 24 24 21 18 18 16 16 10 7 7 13 22 22 43 43 18 16 16 5 8 8 10 10 8 8 8 4
 2 2 4 8 8 12 12 12 11 11 12 12 12 18 19 19 23 23 23 24 24 19 20 20 16 16 12 12 12 16 11 11 32 32 26 21 21 12 7 7 6 6 5 6 6 6
 2 2 4 8 8 12 12 12 11 11 12 12 12 18 19 19 23 23 23 24 24 19 20 20 16 16 12 12 12 16 11 11 32 32 26 21 21 12 7 7 6 6 5 6 6 6
 1 1 6 6 6 8 8 8 8 8 10 11 11 20 25 25 19 19 24 25 25 25 28 28 32 32 18 16 16 13 9 9 30 30 24 11 11 12 11 11 7 7 6 4 4 5
 3 3 3 7 7 8 8 8 10 10 9 9 9 14 18 18 19 19 29 27 27 27 28 28 30 30 32 24 24 24 18 18 10 10 10 3 3 5 8 8 27 27 6 5 5 5
 3 3 3 7 7 8 8 8 10 10 9 9 9 14 18 18 19 19 29 27 27 27 28 28 30 30 32 24 24 24 18 18 10 10 10 3 3 5 8 8 27 27 6 5 5 5
 2 2 2 4 4 11 12 12 14 14 16 11 11 14 14 14 17 17 23 23 23 22 31 31 34 34 29 23 23 29 28 28 22 22 21 8 8 7 15 15 18 18 4 3 3 3
 3 3 3 5 5 10 14 14 17 17 18 17 17 14 12 12 14 14 15 18 18 19 29 29 33 33 29 27 27 32 32 32 34 34 35 19 19 18 28 28 26 26 7 7 7 2
 3 3 3 5 5 10 14 14 17 17 18 17 17 14 12 12 14 14 15 18 18 19 29 29 33 33 29 27 27 32 32 32 34 34 35 19 19 18 28 28 26 26 7 7 7 2
 5 5 5 4 4 5 13 13 15 15 17 14 14 13 16 16 16 16 17 18 18 16 16 16 25 25 17 16 16 20 20 20 27 27 42 40 40 26 43 43 20 20 18 6 6 6
 5 5 5 4 4 5 13 13 15 15 17 14 14 13 16 16 16 16 17 18 18 16 16 16 25 25 17 16 16 20 20 20 27 27 42 40 40 26 43 43 20 20 18 6 6 6
 6 6 5 4 4 5 6 6 13 13 15 12 12 13 16 16 14 14 15 18 18 16 15 15 14 14 11 9 9 12 8 8 18 18 32 22 22 30 39 39 28 28 48 19 19 2
 5 5 5 5 5 6 7 7 6 6 12 11 11 12 14 14 21 21 16 22 22 15 7 7 6 6 5 7 7 5 16 16 16 16 18 17 17 25 32 32 24 24 18 11 11 7
 5 5 5 5 5 6 7 7 6 6 12 11 11 12 14 14 21 21 16 22 22 15 7 7 6 6 5 7 7 5 16 16 16 16 18 17 17 25 32 32 24 24 18 11 11 7
 4 4 4 5 5 5 5 5 5 5 5 10 10 11 12 12 17 17 12 14 14 9 5 5 4 4 6 5 5 17 18 18 16 16 36 27 27 30 30 30 27 27 21 9 9 16
 3 3 3 3 3 4 5 5 5 5 4 7 7 11 12 12 11 11 9 10 10 12 9 9 4 4 5 7 7 6 21 21 33 33 39 28 28 28 48 48 39 39 23 21 21 22
 3 3 3 3 3 4 5 5 5 5 4 7 7 11 12 12 11 11 9 10 10 12 9 9 4 4 5 7 7 6 21 21 33 33 39 28 28 28 48 48 39 39 23 21 21 22
 1 1 1 1 1 2 3 3 3 3 3 3 3 5 9 9 15 15 12 13 13 6 9 9 9 9 7 11 11 11 25 25 24 24 26 50 50 52 51 51 33 33 92 43 43 25
 1 1 1 1 1 2 3 3 3 3 3 3 3 5 9 9 15 15 12 13 13 6 9 9 9 9 7 11 11 11 25 25 24 24 26 50 50 52 51 51 33 33 92 43 43 25
 1 1 2 5 5 5 3 3 2 2 2 5 5 4 5 5 7 7 12 9 9 13 9 9 6 6 12 10 10 13 20 20 30 30 27 45 45 34 59 59 98 98 93 46 46 24
 0 0 2 5 5 5 8 8 8 8 6 3 3 4 4 4 7 7 4 8 8 6 6 6 5 5 10 13 13 11 19 19 18 18 19 34 34 37 61 61 35 35 98 73 73 66
 0 0 2 5 5 5 8 8 8 8 6 3 3 4 4 4 7 7 4 8 8 6 6 6 5 5 10 13 13 11 19 19 18 18 19 34 34 37 61 61 35 35 98 73 73 66
 0 0 1 1 1 6 8 8 9 9 7 7 7 8 7 7 4 4 6 5 5 3 3 3 3 3 9 9 9 9 12 12 14 14 17 16 16 23 40 40 41 41 105 87 87 76
 0 0 1 2 2 6 6 6 6 6 6 7 7 7 8 8 8 8 6 4 4 3 4 4 3 3 4 4 4 9 13 13 13 13 18 20 20 23 33 33 37 37 34 36 36 30
 0 0 1 2 2 6 6 6 6 6 6 7 7 7 8 8 8 8 6 4 4 3 4 4 3 3 4 4 4 9 13 13 13 13 18 20 20 23 33 33 37 37 34 36 36 30
 0 0 0 2 2 6 4 4 7 7 8 8 8 8 8 8 14 14 12 9 9 8 9 9 4 4 8 8 8 10 14 14 18 18 17 18 18 28 35 35 36 36 32 19 19 18
 0 0 0 2 2 6 4 4 7 7 8 8 8 8 8 8 14 14 12 9 9 8 9 9 4 4 8 8 8 10 14 14 18 18 17 18 18 28 35 35 36 36 32 19 19 18
 0 0 1 2 2 5 5 5 8 8 8 8 8 7 9 9 12 12 10 13 13 9 9 9 9 9 8 7 7 9 18 18 15 15 14 17 17 22 26 26 22 22 20 15 15 17
 1 1 1 2 2 2 6 6 7 7 8 8 8 7 4 4 4 4 8 13 13 11 9 9 8 8 8 4 4 11 16 16 16 16 14 14 14 23 23 23 26 26 20 24 24 16
 1 1 1 2 2 2 6 6 7 7 8 8 8 7 4 4 4 4 8 13 13 11 9 9 8 8 8 4 4 11 16 16 16 16 14 14 14 23 23 23 26 26 20 24 24 16
 1 1 1 1 1 1 6 6 7 7 8 7 7 6 6 6 4 4 4 6 6 12 12 12 8 8 8 8 8 11 13 13 9 9 9 16 16 22 23 23 26 26 30 31 31 26
 1 1 0 0 0 1 3 3 4 4 8 7 7 2 1 1 1 1 2 2 2 7 5 5 7 7 8 8 8 9 13 13 10 10 11 17 17 22 20 20 22 22 32 34 34 31
 1 1 0 0 0 1 3 3 4 4 8 7 7 2 1 1 1 1 2 2 2 7 5 5 7 7 8 8 8 9 13 13 10 10 11 17 17 22 20 20 22 22 32 34 34 31
 0 0 0 0 0 1 4 4 3 3 4 2 2 2 1 1 1 1 1 1 1 2 6 6 8 8 8 8 8 9 15 15 16 16 17 22 22 31 19 19 28 28 34 33 33 37
 0 0 0 0 0 1 4 4 3 3 4 2 2 2 1 1 1 1 1 1 1 2 6 6 8 8 8 8 8 9 15 15 16 16 17 22 22 31 19 19 28 28 34 33 33 37
 1 1 1 4 4 4 2 2 2 2 3 1 1 1 0 0 3 3 3 5 5 2 3 3 6 6 6 9 9 8 10 10 16 16 17 17 17 20 17 17 20 20 38 40 40 32
 3 3 2 3 3 5 6 6 2 2 1 1 1 1 0 0 0 0 0 0 0 3 5 5 6 6 7 9 9 7 8 8 8 8 17 11 11 15 16 16 20 20 27 32 32 33
 3 3 2 3 3 5 6 6 2 2 1 1 1 1 0 0 0 0 0 0 0 3 5 5 6 6 7 9 9 7 8 8 8 8 17 11 11 15 16 16 20 20 27 32 32 33
 2 2 2 4 4 16 13 13 7 7 0 0 0 1 0 0 0 0 0 0 0 2 5 5 4 4 7 9 9 7 7 7 10 10 11 10 10 17 15 15 15 15 17 24 24 28
 2 2 2 2 2 12 19 19 13 13 1 0 0 0 0 0 0 0 0 1 1 1 3 3 4 4 4 7 7 7 8 8 8 8 8 7 7 13 14 14 9 9 10 18 18 19
 2 2 2 2 2 12 19 19 13 13 1 0 0 0 0 0 0 0 0 1 1 1 3 3 4 4 4 7 7 7 8 8 8 8 8 7 7 13 14 14 9 9 10 18 18 19
 1 1 1 1 1 4 14 14 11 11 2 0 0 0 0 0 0 0 0 0 0 1 2 2 4 4 4 5 5 4 8 8 6 6 7 7 7 7 7 7 7 7 3 7 7 10
 1 1 1 1 1 4 14 14 11 11 2 0 0 0 0 0 0 0 0 0 0 1 2 2 4 4 4 5 5 4 8 8 6 6 7 7 7 7 7 7 7 7 3 7 7 10
 0 0 0 0 0 1 3 3 6 6 6 3 3 1 0 0 0 0 0 1 1 0 1 1 3 3 5 4 4 3 3 3 3 3 2 7 7 7 5 5 2 2 5 6 6 7
 0 0 1 1 1 1 1 1 3 3 6 5 5 1 0 0 0 0 1 1 1 1 0 0 2 2 3 5 5 8 8 8 5 5 4 7 7 7 3 3 4 4 6 6 6 4
 0 0 1 1 1 1 1 1 3 3 6 5 5 1 0 0 0 0 1 1 1 1 0 0 2 2 3 5 5 8 8 8 5 5 4 7 7 7 3 3 4 4 6 6 6 4
 1 1 1 1 1 1 1 1 1 1 1 4 4 5 4 4 5 5 0 0 0 1 2 2 3 3 5 3 3 4 3 3 3 3 4 5 5 4 4 4 4 4 10 3 3 6
 1 1 1 1 1 1 1 1 1 1 0 1 1 10 9 9 9 9 4 1 1 1 2 2 3 3 2 4 4 3 2 2 2 2 3 3 3 3 3 3 3 3 4 4 4 6
 1 1 1 1 1 1 1 1 1 1 0 1 1 10 9 9 9 9 4 1 1 1 2 2 3 3 2 4 4 3 2 2 2 2 3 3 3 3 3 3 3 3 4 4 4 6
 1 1 1 1 1 1 1 1 1 1 1 1 1 10 14 14 12 12 3 0 0 1 1 1 1 1 3 2 2 1 2 2 1 1 2 3 3 2 2 2 7 7 7 2 2 3
 1 1 1 1 1 1 1 1 1 1 1 1 1 10 14 14 12 12 3 0 0 1 1 1 1 1 3 2 2 1 2 2 1 1 2 3 3 2 2 2 7 7 7 2 2 3
 2 2 1 1 1 1 1 1 2 2 1 0 0 4 6 6 7 7 4 2 2 0 1 1 0 0 1 1 1 1 1 1 1 1 1 2 2 2 2 2 2 2 2 2 2 2
 3 3 5 1 1 1 1 1 1 1 1 0 0 0 2 2 5 5 7 6 6 4 0 0 1 1 1 2 2 2 1 1 1 1 1 2 2 1 2 2 2 2 1 1 1 1
 3 3 5 1 1 1 1 1 1 1 1 0 0 0 2 2 5 5 7 6 6 4 0 0 1 1 1 2 2 2 1 1 1 1 1 2 2 1 2 2 2 2 1 1 1 1
 2 2 14 7 7 1 1 1 1 1 0 0 0 0 1 1 0 0 4 8 8 8 8 8 0 0 0 2 2 1 1 1 2 2 1 2 2 2 2 2 2 2 2 2 2 2
 1 1 4 6 6 0 0 0 0 0 0 0 0 0 0 0 0 0 4 8 8 8 9 9 3 3 0 1 1 1 2 2 3 3 2 3 3 3 4 4 4 4 4 4 4 4
 1 1 4 6 6 0 0 0 0 0 0 0 0 0 0 0 0 0 4 8 8 8 9 9 3 3 0 1 1 1 2 2 3 3 2 3 3 3 4 4 4 4 4 4 4 4
 0 0 0 2 2 1 4 4 1 1 0 1 1 0 0 0 0 0 0 2 2 3 6 6 4 4 3 2 2 2 4 4 2 2 3 3 3 4 6 6 7 7 7 5 5 5
 0 0 0 2 2 1 4 4 1 1 0 1 1 0 0 0 0 0 0 2 2 3 6 6 4 4 3 2 2 2 4 4 2 2 3 3 3 4 6 6 7 7 7 5 5 5
 0 0 0 1 1 6 9 9 2 2 0 3 3 1 1 1 0 0 0 0 0 2 3 3 16 16 2 1 1 2 3 3 4 4 4 10 10 10 6 6 9 9 8 5 5 6
 1 1 1 0 0 7 12 12 4 4 0 1 1 3 1 1 0 0 0 0 0 1 1 1 2 2 3 4 4 4 5 5 5 5 9 5 5 5 5 5 7 7 6 3 3 3
 1 1 1 0 0 7 12 12 4 4 0 1 1 3 1 1 0 0 0 0 0 1 1 1 2 2 3 4 4 4 5 5 5 5 9 5 5 5 5 5 7 7 6 3 3 3
 2 2 2 1 1 3 6 6 1 1 1 1 1 1 4 4 6 6 5 1 1 2 1 1 2 2 4 13 13 3 10 10 6 6 4 3 3 2 2 2 4 4 3 1 1 1
 2 2 1 1 1 1 3 3 6 6 2 2 2 2 2 2 9 9 6 2 2 3 2 2 2 2 3 2 2 2 1 1 3 3 4 3 3 2 1 1 1 1 6 8 8 4
 2 2 1 1 1 1 3 3 6 6 2 2 2 2 2 2 9 9 6 2 2 3 2 2 2 2 3 2 2 2 1 1 3 3 4 3 3 2 1 1 1 1 6 8 8 4
 3 3 2 2 2 2 5 5 10 10 3 3 3 2 3 3 2 2 5 3 3 4 2 2 2 2 2 2 2 1 1 1 1 1 1 2 2 1 0 0 0 0 6 11 11 21
 3 3 2 2 2 2 5 5 10 10 3 3 3 2 3 3 2 2 5 3 3 4 2 2 2 2 2 2 2 1 1 1 1 1 1 2 2 1 0 0 0 0 6 11 11 21
 5 5 3 4 4 4 6 6 8 8 5 3 3 3 4 4 2 2 2 1 1 2 1 1 1 1 1 1 1 1 1 1 1 1 1 2 2 1 2 2 2 2 1 5 5 6
 6 6 7 4 4 4 4 4 4 4 3 2 2 1 2 2 1 1 0 1 1 1 1 1 1 1 1 1 1 1 1 1 1 1 1 0 0 1 2 2 2 2 2 7 7 0
 6 6 7 4 4 4 4 4 4 4 3 2 2 1 2 2 1 1 0 1 1 1 1 1 1 1 1 1 1 1 1 1 1 1 1 0 0 1 2 2 2 2 2 7 7 0
 4 4 4 2 2 2 1 1 1 1 1 0 0 0 0 0 0 0 0 0 0 0 0 0 1 1 3 2 2 0 0 0 1 1 0 0 0 0 1 1 1 1 0 0 0 0
 1 1 1 0 0 0 0 0 0 0 0 0 0 0 0 0 0 0 0 3 3 1 0 0 1 1 5 2 2 0 0 0 0 0 0 0 0 0 0 0 0 0 0 0 0 0
