assets/RAT_results_old/precipitation/2022-07-01_IMERG.asc
ncols        46
nrows        77
xllcorner    74.800261325624
yllcorner    8.058333333333
cellsize     0.062500000000
NODATA_value -9999
 53 53 48 60 60 50 38 38 26 26 20 22 22 18 15 15 7 7 6 3 3 3 0 0 0 0 0 0 0 0 0 0 0 0 0 0 0 0 0 0 0 0 0 0 0 0
 44 44 47 52 52 51 40 40 32 32 30 29 29 28 25 25 13 13 4 3 3 3 3 3 0 0 0 0 0 0 0 0 0 0 0 0 0 0 0 0 0 0 0 0 0 0
 44 44 47 52 52 51 40 40 32 32 30 29 29 28 25 25 13 13 4 3 3 3 3 3 0 0 0 0 0 0 0 0 0 0 0 0 0 0 0 0 0 0 0 0 0 0
 32 32 37 43 43 41 34 34 36 36 35 33 33 34 28 28 9 9 4 2 2 0 0 0 0 0 0 0 0 0 0 0 0 0 0 1 1 0 0 0 0 0 2 0 0 0
 24 24 32 38 38 42 42 42 39 39 44 37 37 39 22 22 13 13 10 4 4 0 0 0 0 0 0 0 0 0 0 0 1 1 0 0 0 1 0 0 0 0 0 0 0 0
 24 24 32 38 38 42 42 42 39 39 44 37 37 39 22 22 13 13 10 4 4 0 0 0 0 0 0 0 0 0 0 0 1 1 0 0 0 1 0 0 0 0 0 0 0 0
 30 30 24 26 26 32 41 41 44 44 38 35 35 27 13 13 7 7 4 1 1 0 0 0 0 0 0 0 0 0 0 0 0 0 0 0 0 0 0 0 0 0 0 0 0 0
 30 30 24 26 26 32 41 41 44 44 38 35 35 27 13 13 7 7 4 1 1 0 0 0 0 0 0 0 0 0 0 0 0 0 0 0 0 0 0 0 0 0 0 0 0 0
 32 32 19 33 33 31 58 58 52 52 33 31 31 19 11 11 9 9 2 0 0 0 0 0 0 0 0 0 0 0 0 0 0 0 0 0 0 0 0 0 0 0 0 0 0 0
 102 102 84 42 42 45 52 52 44 44 33 23 23 22 12 12 7 7 4 2 2 0 0 0 0 0 0 0 0 0 0 0 0 0 0 0 0 0 0 0 0 0 0 0 0 0
 102 102 84 42 42 45 52 52 44 44 33 23 23 22 12 12 7 7 4 2 2 0 0 0 0 0 0 0 0 0 0 0 0 0 0 0 0 0 0 0 0 0 0 0 0 0
 175 175 149 109 109 56 46 46 40 40 36 27 27 23 12 12 11 11 5 0 0 0 0 0 0 0 0 0 0 0 0 0 0 0 0 0 0 0 0 0 0 0 0 0 0 0
 176 176 177 168 168 38 46 46 48 48 50 26 26 18 18 18 12 12 8 2 2 1 0 0 0 0 0 0 0 0 0 0 0 0 0 1 1 1 1 1 0 0 0 0 0 0
 176 176 177 168 168 38 46 46 48 48 50 26 26 18 18 18 12 12 8 2 2 1 0 0 0 0 0 0 0 0 0 0 0 0 0 1 1 1 1 1 0 0 0 0 0 0
 95 95 170 136 136 63 56 56 38 38 49 31 31 23 11 11 21 21 13 5 5 3 1 1 0 0 0 0 0 0 0 0 0 0 0 0 0 0 0 0 1 1 0 0 0 1
 95 95 170 136 136 63 56 56 38 38 49 31 31 23 11 11 21 21 13 5 5 3 1 1 0 0 0 0 0 0 0 0 0 0 0 0 0 0 0 0 1 1 0 0 0 1
 51 51 60 64 64 65 58 58 35 35 33 27 27 28 17 17 22 22 13 8 8 4 0 0 0 0 1 0 0 0 0 0 0 0 0 0 0 1 2 2 0 0 0 0 0 1
 59 59 59 61 61 49 51 51 28 28 30 20 20 29 13 13 10 10 7 6 6 7 3 3 1 1 1 0 0 0 0 0 0 0 0 0 0 0 0 0 1 1 0 0 0 0
 59 59 59 61 61 49 51 51 28 28 30 20 20 29 13 13 10 10 7 6 6 7 3 3 1 1 1 0 0 0 0 0 0 0 0 0 0 0 0 0 1 1 0 0 0 0
 31 31 30 31 31 31 50 50 27 27 23 8 8 6 12 12 6 6 10 6 6 2 0 0 2 2 3 0 0 0 0 0 0 0 0 0 0 0 0 0 0 0 0 0 0 0
 10 10 29 21 21 9 10 10 7 7 5 11 11 10 6 6 1 1 1 0 0 0 0 0 1 1 0 0 0 0 0 0 0 0 0 0 0 0 0 0 0 0 0 0 0 0
 10 10 29 21 21 9 10 10 7 7 5 11 11 10 6 6 1 1 1 0 0 0 0 0 1 1 0 0 0 0 0 0 0 0 0 0 0 0 0 0 0 0 0 0 0 0
 10 10 9 7 7 9 9 9 8 8 7 4 4 7 8 8 1 1 1 0 0 1 0 0 0 0 0 0 0 0 0 0 0 0 0 0 0 0 0 0 0 0 0 0 0 0
 10 10 9 7 7 9 9 9 8 8 7 4 4 7 8 8 1 1 1 0 0 1 0 0 0 0 0 0 0 0 0 0 0 0 0 0 0 0 0 0 0 0 0 0 0 0
 5 5 6 8 8 11 9 9 10 10 8 7 7 5 6 6 2 2 1 0 0 1 1 1 1 1 1 0 0 0 0 0 0 0 0 0 0 0 0 0 0 0 0 0 0 0
 6 6 8 7 7 7 6 6 7 7 4 7 7 4 6 6 2 2 2 0 0 0 1 1 1 1 1 2 2 1 0 0 0 0 0 0 0 1 0 0 0 0 0 0 0 0
 6 6 8 7 7 7 6 6 7 7 4 7 7 4 6 6 2 2 2 0 0 0 1 1 1 1 1 2 2 1 0 0 0 0 0 0 0 1 0 0 0 0 0 0 0 0
 8 8 8 8 8 8 7 7 7 7 7 4 4 5 4 4 2 2 1 0 0 0 0 0 0 0 1 0 0 1 0 0 0 0 0 0 0 0 0 0 0 0 0 0 0 0
 10 10 9 8 8 7 5 5 5 5 7 5 5 4 5 5 1 1 1 1 1 0 0 0 1 1 1 0 0 0 0 0 0 0 0 0 0 0 0 0 0 0 0 0 0 0
 10 10 9 8 8 7 5 5 5 5 7 5 5 4 5 5 1 1 1 1 1 0 0 0 1 1 1 0 0 0 0 0 0 0 0 0 0 0 0 0 0 0 0 0 0 0
 10 10 11 8 8 6 7 7 5 5 8 8 8 7 2 2 2 2 2 2 2 2 1 1 1 1 1 0 0 0 0 0 0 0 0 0 0 0 0 0 0 0 0 0 0 0
 10 10 11 8 8 6 7 7 5 5 8 8 8 7 2 2 2 2 2 2 2 2 1 1 1 1 1 0 0 0 0 0 0 0 0 0 0 0 0 0 0 0 0 0 0 0
 10 10 10 13 13 12 9 9 10 10 9 10 10 9 3 3 2 2 2 2 2 1 1 1 1 1 0 0 0 0 0 0 0 0 0 0 0 0 0 0 0 0 0 0 0 0
 11 11 9 5 5 9 4 4 7 7 7 10 10 8 6 6 1 1 1 1 1 1 1 1 1 1 1 1 1 1 1 1 1 1 0 0 0 0 0 0 0 0 0 0 0 0
 11 11 9 5 5 9 4 4 7 7 7 10 10 8 6 6 1 1 1 1 1 1 1 1 1 1 1 1 1 1 1 1 1 1 0 0 0 0 0 0 0 0 0 0 0 0
 6 6 7 6 6 3 3 3 4 4 7 8 8 9 7 7 5 5 0 2 2 1 0 0 0 0 1 1 1 1 1 1 1 1 1 0 0 0 0 0 0 0 0 0 0 0
 6 6 3 6 6 6 3 3 4 4 7 9 9 8 9 9 6 6 5 2 2 2 1 1 0 0 1 0 0 0 0 0 3 3 0 0 0 0 0 0 0 0 0 0 0 0
 6 6 3 6 6 6 3 3 4 4 7 9 9 8 9 9 6 6 5 2 2 2 1 1 0 0 1 0 0 0 0 0 3 3 0 0 0 0 0 0 0 0 0 0 0 0
 1 1 2 3 3 5 5 5 5 5 9 11 11 11 10 10 4 4 4 2 2 3 2 2 0 0 0 0 0 0 0 0 0 0 0 0 0 0 0 0 0 0 0 0 0 0
 1 1 2 3 3 5 5 5 5 5 9 11 11 11 10 10 4 4 4 2 2 3 2 2 0 0 0 0 0 0 0 0 0 0 0 0 0 0 0 0 0 0 0 0 0 0
 1 1 2 2 2 6 6 6 5 5 7 11 11 11 13 13 8 8 6 2 2 2 1 1 1 1 0 1 1 1 0 0 0 0 0 0 0 3 2 2 0 0 0 0 0 0
 0 0 1 1 1 2 3 3 4 4 4 9 9 16 18 18 18 18 7 4 4 4 2 2 1 1 1 1 1 1 0 0 0 0 0 0 0 3 1 1 0 0 0 0 0 1
 0 0 1 1 1 2 3 3 4 4 4 9 9 16 18 18 18 18 7 4 4 4 2 2 1 1 1 1 1 1 0 0 0 0 0 0 0 3 1 1 0 0 0 0 0 1
 0 0 0 1 1 1 2 2 3 3 3 7 7 13 20 20 22 22 7 4 4 3 1 1 1 1 0 1 1 1 0 0 0 0 0 0 0 0 0 0 0 0 0 0 0 0
 0 0 1 1 1 1 1 1 1 1 3 4 4 9 14 14 21 21 6 5 5 5 4 4 1 1 0 0 0 0 1 1 0 0 1 0 0 0 0 0 0 0 0 0 0 0
 0 0 1 1 1 1 1 1 1 1 3 4 4 9 14 14 21 21 6 5 5 5 4 4 1 1 0 0 0 0 1 1 0 0 1 0 0 0 0 0 0 0 0 0 0 0
 1 1 1 1 1 1 1 1 1 1 2 3 3 8 15 15 23 23 17 3 3 4 3 3 1 1 0 0 0 1 0 0 0 0 2 0 0 0 0 0 0 0 0 0 0 0
 1 1 1 1 1 1 1 1 1 1 2 3 3 8 15 15 23 23 17 3 3 4 3 3 1 1 0 0 0 1 0 0 0 0 2 0 0 0 0 0 0 0 0 0 0 0
 1 1 2 2 2 2 2 2 2 2 2 6 6 9 18 18 25 25 13 3 3 3 3 3 2 2 1 1 1 1 1 1 0 0 0 2 2 4 0 0 1 1 0 0 0 0
 1 1 1 2 2 2 4 4 4 4 4 6 6 7 15 15 18 18 8 2 2 1 3 3 1 1 1 1 1 1 1 1 1 1 0 1 1 1 1 1 0 0 0 0 0 0
 1 1 1 2 2 2 4 4 4 4 4 6 6 7 15 15 18 18 8 2 2 1 3 3 1 1 1 1 1 1 1 1 1 1 0 1 1 1 1 1 0 0 0 0 0 0
 1 1 1 1 1 2 3 3 3 3 5 4 4 4 5 5 9 9 14 6 6 2 1 1 1 1 1 1 1 0 0 0 0 0 0 3 3 1 3 3 0 0 0 0 0 0
 1 1 1 1 1 1 2 2 3 3 3 2 2 5 4 4 4 4 6 5 5 2 1 1 1 1 1 0 0 0 0 0 0 0 0 0 0 0 1 1 1 1 0 0 0 0
 1 1 1 1 1 1 2 2 3 3 3 2 2 5 4 4 4 4 6 5 5 2 1 1 1 1 1 0 0 0 0 0 0 0 0 0 0 0 1 1 1 1 0 0 0 0
 1 1 1 1 1 1 1 1 2 2 3 2 2 2 3 3 3 3 4 5 5 3 3 3 4 4 2 0 0 0 0 0 0 0 0 0 0 0 0 0 0 0 4 0 0 0
 1 1 1 1 1 1 1 1 2 2 3 2 2 2 3 3 3 3 4 5 5 3 3 3 4 4 2 0 0 0 0 0 0 0 0 0 0 0 0 0 0 0 4 0 0 0
 1 1 1 1 1 1 1 1 1 1 8 8 8 11 11 11 5 5 3 5 5 4 5 5 4 4 2 0 0 0 0 0 0 0 0 0 0 0 0 0 4 4 6 0 0 0
 1 1 1 1 1 0 0 0 0 0 1 8 8 10 6 6 8 8 5 8 8 8 4 4 1 1 2 0 0 0 0 0 1 1 1 0 0 3 0 0 4 4 4 0 0 0
 1 1 1 1 1 0 0 0 0 0 1 8 8 10 6 6 8 8 5 8 8 8 4 4 1 1 2 0 0 0 0 0 1 1 1 0 0 3 0 0 4 4 4 0 0 0
 1 1 1 0 0 0 0 0 0 0 0 6 6 7 8 8 10 10 7 12 12 19 2 2 1 1 2 0 0 0 0 0 0 0 0 0 0 0 0 0 0 0 4 0 0 0
 1 1 0 0 0 0 0 0 0 0 0 3 3 5 7 7 10 10 7 16 16 25 2 2 1 1 1 1 1 0 0 0 0 0 0 0 0 0 0 0 4 4 0 0 0 0
 1 1 0 0 0 0 0 0 0 0 0 3 3 5 7 7 10 10 7 16 16 25 2 2 1 1 1 1 1 0 0 0 0 0 0 0 0 0 0 0 4 4 0 0 0 0
 1 1 1 0 0 0 1 1 0 0 1 4 4 5 7 7 3 3 6 18 18 29 10 10 2 2 2 3 3 0 1 1 0 0 0 0 0 0 0 0 0 0 1 0 0 0
 1 1 1 0 0 0 1 1 0 0 1 4 4 5 7 7 3 3 6 18 18 29 10 10 2 2 2 3 3 0 1 1 0 0 0 0 0 0 0 0 0 0 1 0 0 0
 1 1 0 0 0 0 1 1 1 1 1 1 1 1 1 1 5 5 7 10 10 22 16 16 1 1 1 1 1 0 0 0 0 0 0 0 0 0 0 0 0 0 0 0 0 0
 0 0 0 0 0 0 1 1 1 1 1 1 1 1 1 1 4 4 7 14 14 17 13 13 4 4 1 1 1 0 0 0 0 0 0 0 0 0 0 0 2 2 0 0 0 0
 0 0 0 0 0 0 1 1 1 1 1 1 1 1 1 1 4 4 7 14 14 17 13 13 4 4 1 1 1 0 0 0 0 0 0 0 0 0 0 0 2 2 0 0 0 0
 1 1 0 0 0 0 0 0 1 1 1 1 1 1 1 1 3 3 6 17 17 15 15 15 3 3 2 2 2 1 1 1 0 0 0 0 0 0 0 0 3 3 0 0 0 0
 2 2 1 0 0 0 0 0 0 0 0 1 1 1 2 2 3 3 7 11 11 16 12 12 5 5 1 2 2 1 1 1 0 0 0 0 0 0 0 0 0 0 0 0 0 0
 2 2 1 0 0 0 0 0 0 0 0 1 1 1 2 2 3 3 7 11 11 16 12 12 5 5 1 2 2 1 1 1 0 0 0 0 0 0 0 0 0 0 0 0 0 0
 2 2 2 1 1 1 0 0 0 0 0 1 1 2 2 2 3 3 4 9 9 12 8 8 4 4 2 1 1 1 1 1 0 0 0 0 0 0 0 0 0 0 0 0 0 0
 2 2 2 1 1 1 0 0 0 0 0 1 1 2 2 2 3 3 4 9 9 12 8 8 4 4 2 1 1 1 1 1 0 0 0 0 0 0 0 0 0 0 0 0 0 0
 2 2 2 3 3 2 1 1 0 0 0 0 0 1 2 2 4 4 4 4 4 9 11 11 4 4 3 1 1 1 1 1 0 0 0 0 0 0 0 0 0 0 0 0 0 0
 1 1 2 2 2 2 1 1 1 1 0 0 0 1 2 2 4 4 3 3 3 7 6 6 4 4 4 1 1 1 0 0 0 0 0 0 0 0 0 0 0 0 0 0 0 0
 1 1 2 2 2 2 1 1 1 1 0 0 0 1 2 2 4 4 3 3 3 7 6 6 4 4 4 1 1 1 0 0 0 0 0 0 0 0 0 0 0 0 0 0 0 0
 1 1 1 1 1 1 1 1 1 1 0 0 0 1 1 1 3 3 3 4 4 4 2 2 1 1 2 1 1 1 0 0 0 0 0 0 0 0 0 0 0 0 0 0 0 0
 1 1 1 1 1 1 1 1 1 1 0 1 1 1 2 2 3 3 3 4 4 1 2 2 1 1 3 3 3 4 1 1 0 0 0 0 0 0 0 0 0 0 0 0 0 0
