assets/RAT_results_old/precipitation/2023-01-24_IMERG.asc
ncols        46
nrows        77
xllcorner    74.800261325624
yllcorner    8.058333333333
cellsize     0.062500000000
NODATA_value -9999
 0 0 0 0 0 0 0 0 0 0 0 0 0 0 0 0 0 0 0 1 1 0 0 0 0 0 0 0 0 0 0 0 0 0 0 0 0 0 0 0 0 0 0 0 0 1
 0 0 0 0 0 0 0 0 0 0 0 0 0 0 2 2 2 2 1 1 1 0 0 0 0 0 0 0 0 0 0 0 0 0 0 0 0 0 0 0 0 0 0 0 0 1
 0 0 0 0 0 0 0 0 0 0 0 0 0 0 2 2 2 2 1 1 1 0 0 0 0 0 0 0 0 0 0 0 0 0 0 0 0 0 0 0 0 0 0 0 0 1
 0 0 0 0 0 0 0 0 0 0 0 0 0 0 2 2 2 2 1 0 0 0 0 0 0 0 0 0 0 0 0 0 0 0 0 0 0 0 0 0 0 0 0 0 0 0
 0 0 0 0 0 0 0 0 0 0 0 7 7 1 1 1 3 3 1 0 0 0 0 0 0 0 0 0 0 0 0 0 0 0 0 0 0 0 0 0 0 0 0 0 0 0
 0 0 0 0 0 0 0 0 0 0 0 7 7 1 1 1 3 3 1 0 0 0 0 0 0 0 0 0 0 0 0 0 0 0 0 0 0 0 0 0 0 0 0 0 0 0
 0 0 0 0 0 0 0 0 0 0 0 1 1 1 2 2 3 3 3 0 0 1 1 1 0 0 1 1 1 0 0 0 0 0 0 0 0 0 0 0 0 0 0 0 0 0
 0 0 0 0 0 0 0 0 0 0 0 1 1 1 2 2 3 3 3 0 0 1 1 1 0 0 1 1 1 0 0 0 0 0 0 0 0 0 0 0 0 0 0 0 0 0
 0 0 0 0 0 0 0 0 1 1 0 0 0 5 2 2 3 3 4 1 1 2 0 0 0 0 1 0 0 0 1 1 1 1 0 0 0 0 0 0 0 0 0 0 0 0
 2 2 0 0 0 0 0 0 0 0 0 0 0 4 1 1 0 0 1 5 5 6 1 1 0 0 0 0 0 1 1 1 1 1 0 0 0 0 0 0 0 0 0 0 0 0
 2 2 0 0 0 0 0 0 0 0 0 0 0 4 1 1 0 0 1 5 5 6 1 1 0 0 0 0 0 1 1 1 1 1 0 0 0 0 0 0 0 0 0 0 0 0
 3 3 0 0 0 0 0 0 0 0 0 0 0 0 1 1 1 1 1 3 3 3 1 1 0 0 0 1 1 3 1 1 0 0 0 0 0 0 0 0 0 0 0 0 0 0
 8 8 5 0 0 0 0 0 0 0 0 0 0 1 4 4 1 1 0 1 1 1 1 1 0 0 0 0 0 0 1 1 0 0 1 0 0 0 0 0 0 0 0 0 0 0
 8 8 5 0 0 0 0 0 0 0 0 0 0 1 4 4 1 1 0 1 1 1 1 1 0 0 0 0 0 0 1 1 0 0 1 0 0 0 0 0 0 0 0 0 0 0
 30 30 24 1 1 0 0 0 0 0 0 0 0 1 3 3 17 17 0 1 1 3 1 1 0 0 0 0 0 0 0 0 0 0 2 2 2 0 0 0 0 0 0 0 0 0
 30 30 24 1 1 0 0 0 0 0 0 0 0 1 3 3 17 17 0 1 1 3 1 1 0 0 0 0 0 0 0 0 0 0 2 2 2 0 0 0 0 0 0 0 0 0
 24 24 7 1 1 0 0 0 0 0 0 0 0 2 3 3 16 16 0 0 0 1 0 0 0 0 0 0 0 1 0 0 0 0 0 0 0 0 0 0 0 0 0 0 0 0
 30 30 6 2 2 0 0 0 0 0 0 0 0 0 0 0 0 0 0 0 0 2 0 0 0 0 0 0 0 1 0 0 0 0 0 0 0 0 0 0 4 4 0 0 0 0
 30 30 6 2 2 0 0 0 0 0 0 0 0 0 0 0 0 0 0 0 0 2 0 0 0 0 0 0 0 1 0 0 0 0 0 0 0 0 0 0 4 4 0 0 0 0
 41 41 19 3 3 2 0 0 0 0 0 0 0 1 0 0 0 0 0 6 6 3 1 1 0 0 0 1 1 1 0 0 0 0 0 0 0 0 0 0 0 0 0 0 0 0
 53 53 27 14 14 12 1 1 0 0 0 1 1 1 1 1 0 0 4 18 18 12 10 10 1 1 1 0 0 2 1 1 0 0 0 0 0 0 0 0 0 0 0 0 0 0
 53 53 27 14 14 12 1 1 0 0 0 1 1 1 1 1 0 0 4 18 18 12 10 10 1 1 1 0 0 2 1 1 0 0 0 0 0 0 0 0 0 0 0 0 0 0
 31 31 30 33 33 32 24 24 0 0 0 1 1 1 7 7 7 7 2 22 22 2 1 1 1 1 0 1 1 0 1 1 1 1 1 0 0 0 0 0 0 0 0 0 0 0
 31 31 30 33 33 32 24 24 0 0 0 1 1 1 7 7 7 7 2 22 22 2 1 1 1 1 0 1 1 0 1 1 1 1 1 0 0 0 0 0 0 0 0 0 0 0
 33 33 36 39 39 32 24 24 0 0 0 10 10 5 10 10 8 8 1 6 6 0 0 0 1 1 0 0 0 1 1 1 0 0 0 0 0 0 0 0 0 0 0 0 0 0
 31 31 35 44 44 33 7 7 12 12 44 49 49 4 8 8 5 5 1 1 1 0 0 0 1 1 1 0 0 1 1 1 0 0 0 0 0 0 0 0 0 0 0 0 0 0
 31 31 35 44 44 33 7 7 12 12 44 49 49 4 8 8 5 5 1 1 1 0 0 0 1 1 1 0 0 1 1 1 0 0 0 0 0 0 0 0 0 0 0 0 0 0
 42 42 37 38 38 96 7 7 12 12 44 49 49 2 0 0 0 0 0 0 0 0 5 5 0 0 0 0 0 0 0 0 0 0 0 0 0 0 0 0 0 0 0 0 0 0
 54 54 20 34 34 98 134 134 130 130 127 85 85 85 1 1 1 1 0 1 1 0 12 12 3 3 3 0 0 0 0 0 0 0 0 0 0 0 0 0 0 0 0 0 0 0
 54 54 20 34 34 98 134 134 130 130 127 85 85 85 1 1 1 1 0 1 1 0 12 12 3 3 3 0 0 0 0 0 0 0 0 0 0 0 0 0 0 0 0 0 0 0
 53 53 37 152 152 136 153 153 150 150 146 104 104 88 5 5 2 2 2 3 3 2 0 0 2 2 1 3 3 3 0 0 0 0 0 0 0 0 0 0 0 0 0 0 0 0
 53 53 37 152 152 136 153 153 150 150 146 104 104 88 5 5 2 2 2 3 3 2 0 0 2 2 1 3 3 3 0 0 0 0 0 0 0 0 0 0 0 0 0 0 0 0
 14 14 26 117 117 136 151 151 150 150 147 106 106 112 20 20 3 3 15 8 8 2 2 2 3 3 2 3 3 2 0 0 0 0 0 0 0 0 0 0 0 0 0 0 0 0
 13 13 25 117 117 116 135 135 135 135 134 109 109 115 2 2 15 15 13 5 5 9 1 1 1 1 1 1 1 0 0 0 0 0 0 0 0 0 0 0 0 0 0 0 0 0
 13 13 25 117 117 116 135 135 135 135 134 109 109 115 2 2 15 15 13 5 5 9 1 1 1 1 1 1 1 0 0 0 0 0 0 0 0 0 0 0 0 0 0 0 0 0
 39 39 40 118 118 114 114 114 115 115 136 111 111 3 1 1 65 65 50 9 9 11 2 2 2 2 1 0 0 0 0 0 0 0 0 0 0 0 0 0 0 0 0 0 0 0
 120 120 40 118 118 114 113 113 112 112 108 107 107 3 17 17 67 67 65 54 54 15 9 9 2 2 1 0 0 0 0 0 0 0 0 0 0 0 0 0 0 0 0 0 0 0
 120 120 40 118 118 114 113 113 112 112 108 107 107 3 17 17 67 67 65 54 54 15 9 9 2 2 1 0 0 0 0 0 0 0 0 0 0 0 0 0 0 0 0 0 0 0
 115 115 117 117 117 99 68 68 68 68 18 107 107 4 72 72 83 83 80 57 57 15 9 9 2 2 5 4 4 3 4 4 0 0 0 0 0 0 0 0 0 0 0 0 0 0
 115 115 117 117 117 99 68 68 68 68 18 107 107 4 72 72 83 83 80 57 57 15 9 9 2 2 5 4 4 3 4 4 0 0 0 0 0 0 0 0 0 0 0 0 0 0
 143 143 142 141 141 113 68 68 69 69 18 1 1 5 69 69 149 149 141 109 109 19 21 21 8 8 8 12 12 5 10 10 14 14 16 6 6 1 1 1 0 0 0 0 0 0
 143 143 142 141 141 114 43 43 43 43 4 5 5 12 6 6 141 141 142 163 163 73 25 25 13 13 11 11 11 6 10 10 10 10 11 3 3 0 1 1 1 1 3 0 0 0
 143 143 142 141 141 114 43 43 43 43 4 5 5 12 6 6 141 141 142 163 163 73 25 25 13 13 11 11 11 6 10 10 10 10 11 3 3 0 1 1 1 1 3 0 0 0
 114 114 115 115 115 115 99 99 15 15 10 11 11 16 12 12 139 139 140 148 148 79 28 28 23 23 15 23 23 15 19 19 16 16 12 2 2 1 1 1 1 1 1 0 0 0
 94 94 89 99 99 116 99 99 16 16 40 35 35 50 52 52 86 86 139 112 112 107 21 21 22 22 21 34 34 17 17 17 13 13 4 4 4 1 0 0 1 1 0 0 0 0
 94 94 89 99 99 116 99 99 16 16 40 35 35 50 52 52 86 86 139 112 112 107 21 21 22 22 21 34 34 17 17 17 13 13 4 4 4 1 0 0 1 1 0 0 0 0
 95 95 91 101 101 118 118 118 126 126 124 115 115 60 170 170 174 174 241 111 111 112 57 57 13 13 9 11 11 10 14 14 15 15 4 4 4 1 0 0 0 0 0 0 0 0
 95 95 91 101 101 118 118 118 126 126 124 115 115 60 170 170 174 174 241 111 111 112 57 57 13 13 9 11 11 10 14 14 15 15 4 4 4 1 0 0 0 0 0 0 0 0
 111 111 106 103 103 104 120 120 144 144 125 177 177 50 185 185 188 188 146 76 76 46 52 52 11 11 9 10 10 11 8 8 7 7 2 0 0 0 0 0 0 0 0 0 0 0
 27 27 103 104 104 106 121 121 145 145 151 200 200 77 174 174 188 188 160 58 58 7 6 6 8 8 6 4 4 10 11 11 9 9 3 0 0 0 0 0 0 0 0 0 0 0
 27 27 103 104 104 106 121 121 145 145 151 200 200 77 174 174 188 188 160 58 58 7 6 6 8 8 6 4 4 10 11 11 9 9 3 0 0 0 0 0 0 0 0 0 0 0
 24 24 79 79 79 62 74 74 57 57 64 250 250 168 256 256 254 254 145 58 58 13 6 6 6 6 18 12 12 31 35 35 5 5 9 0 0 0 0 0 0 0 0 0 0 0
 3 3 4 60 60 77 74 74 97 97 142 165 165 183 254 254 254 254 117 41 41 27 84 84 17 17 17 13 13 112 30 30 8 8 6 0 0 0 0 0 0 0 0 0 0 0
 3 3 4 60 60 77 74 74 97 97 142 165 165 183 254 254 254 254 117 41 41 27 84 84 17 17 17 13 13 112 30 30 8 8 6 0 0 0 0 0 0 0 0 0 0 0
 4 4 4 66 66 69 79 79 76 76 64 134 134 146 147 147 136 136 101 41 41 27 88 88 52 52 15 16 16 33 48 48 7 7 3 1 1 0 0 0 0 0 0 0 0 0
 4 4 4 66 66 69 79 79 76 76 64 134 134 146 147 147 136 136 101 41 41 27 88 88 52 52 15 16 16 33 48 48 7 7 3 1 1 0 0 0 0 0 0 0 0 0
 3 3 3 64 64 67 32 32 30 30 63 134 134 85 137 137 135 135 79 78 78 82 83 83 51 51 15 12 12 43 8 8 3 3 6 0 0 0 0 0 0 0 0 0 0 0
 4 4 3 4 4 6 28 28 28 28 62 94 94 70 122 122 81 81 80 7 7 8 10 10 8 8 8 10 10 10 1 1 1 1 0 0 0 0 0 0 0 0 0 0 0 0
 4 4 3 4 4 6 28 28 28 28 62 94 94 70 122 122 81 81 80 7 7 8 10 10 8 8 8 10 10 10 1 1 1 1 0 0 0 0 0 0 0 0 0 0 0 0
 49 49 50 8 8 63 4 4 51 51 84 147 147 137 40 40 17 17 9 10 10 9 7 7 6 6 3 4 4 4 0 0 0 0 0 0 0 0 0 0 0 0 1 5 5 5
 52 52 63 66 66 63 8 8 62 62 60 89 89 137 40 40 77 77 10 15 15 16 9 9 7 7 3 2 2 1 1 1 0 0 0 0 0 0 0 0 1 1 3 7 7 15
 52 52 63 66 66 63 8 8 62 62 60 89 89 137 40 40 77 77 10 15 15 16 9 9 7 7 3 2 2 1 1 1 0 0 0 0 0 0 0 0 1 1 3 7 7 15
 69 69 73 69 69 67 9 9 56 56 74 88 88 135 86 86 76 76 24 18 18 17 7 7 3 3 2 1 1 2 1 1 0 0 0 0 0 0 0 0 0 0 2 16 16 19
 69 69 73 69 69 67 9 9 56 56 74 88 88 135 86 86 76 76 24 18 18 17 7 7 3 3 2 1 1 2 1 1 0 0 0 0 0 0 0 0 0 0 2 16 16 19
 76 76 76 70 70 76 17 17 77 77 90 62 62 147 87 87 16 16 21 11 11 10 8 8 4 4 2 5 5 0 1 1 1 1 0 0 0 0 2 2 5 5 2 9 9 16
 83 83 87 31 31 26 20 20 21 21 66 5 5 110 90 90 22 22 28 12 12 8 4 4 4 4 0 3 3 1 1 1 1 1 3 0 0 0 0 0 3 3 2 9 9 10
 83 83 87 31 31 26 20 20 21 21 66 5 5 110 90 90 22 22 28 12 12 8 4 4 4 4 0 3 3 1 1 1 1 1 3 0 0 0 0 0 3 3 2 9 9 10
 77 77 40 29 29 27 28 28 28 28 20 18 18 82 106 106 28 28 27 11 11 10 5 5 5 5 5 2 2 1 1 1 2 2 5 3 3 0 0 0 0 0 0 0 0 4
 35 35 34 35 35 69 68 68 54 54 26 24 24 54 53 53 111 111 109 84 84 11 5 5 5 5 4 2 2 1 1 1 11 11 15 8 8 1 1 1 0 0 0 2 2 3
 35 35 34 35 35 69 68 68 54 54 26 24 24 54 53 53 111 111 109 84 84 11 5 5 5 5 4 2 2 1 1 1 11 11 15 8 8 1 1 1 0 0 0 2 2 3
 28 28 29 52 52 64 66 66 34 34 33 33 33 114 107 107 116 116 98 75 75 12 9 9 7 7 6 7 7 9 8 8 9 9 19 9 9 3 1 1 0 0 0 2 2 2
 28 28 29 52 52 64 66 66 34 34 33 33 33 114 107 107 116 116 98 75 75 12 9 9 7 7 6 7 7 9 8 8 9 9 19 9 9 3 1 1 0 0 0 2 2 2
 28 28 29 51 51 62 73 73 50 50 92 28 28 113 108 108 122 122 73 72 72 10 7 7 6 6 9 7 7 11 14 14 16 16 15 8 8 2 1 1 0 0 2 4 4 1
 24 24 28 52 52 152 64 64 50 50 95 85 85 36 62 62 61 61 7 4 4 9 7 7 9 9 11 7 7 4 5 5 11 11 5 1 1 1 0 0 1 1 1 6 6 7
 24 24 28 52 52 152 64 64 50 50 95 85 85 36 62 62 61 61 7 4 4 9 7 7 9 9 11 7 7 4 5 5 11 11 5 1 1 1 0 0 1 1 1 6 6 7
 40 40 45 153 153 151 154 154 145 145 133 68 68 66 19 19 52 52 10 5 5 8 9 9 7 7 6 5 5 5 6 6 10 10 4 1 1 1 0 0 0 0 2 4 4 11
 44 44 84 137 137 137 147 147 149 149 138 78 78 74 26 26 17 17 21 23 23 12 14 14 15 15 8 10 10 18 12 12 3 3 2 1 1 1 1 1 2 2 2 3 3 5
