assets/RAT_results_old/precipitation/2023-07-25_IMERG.asc
ncols        46
nrows        77
xllcorner    74.800261325624
yllcorner    8.058333333333
cellsize     0.062500000000
NODATA_value -9999
 45 45 47 46 46 37 28 28 27 27 25 28 28 35 38 38 33 33 32 25 25 25 28 28 32 32 34 35 35 32 30 30 37 37 37 37 37 38 37 37 35 35 30 25 25 24
 46 46 47 40 40 35 26 26 25 25 27 34 34 33 34 34 28 28 29 32 32 33 28 28 29 29 30 33 33 31 31 31 35 35 34 35 35 35 31 31 31 31 31 32 32 32
 46 46 47 40 40 35 26 26 25 25 27 34 34 33 34 34 28 28 29 32 32 33 28 28 29 29 30 33 33 31 31 31 35 35 34 35 35 35 31 31 31 31 31 32 32 32
 45 45 42 43 43 36 26 26 25 25 26 33 33 34 34 34 34 34 36 35 35 36 31 31 28 28 27 30 30 31 33 33 33 33 26 27 27 26 28 28 34 34 34 34 34 34
 30 30 43 37 37 36 30 30 26 26 27 31 31 28 25 25 28 28 32 33 33 26 24 24 27 27 27 29 29 32 32 32 30 30 26 26 26 23 32 32 34 34 35 30 30 29
 30 30 43 37 37 36 30 30 26 26 27 31 31 28 25 25 28 28 32 33 33 26 24 24 27 27 27 29 29 32 32 32 30 30 26 26 26 23 32 32 34 34 35 30 30 29
 32 32 40 39 39 31 27 27 23 23 23 26 26 23 24 24 25 25 25 20 20 22 19 19 25 25 27 31 31 37 37 37 33 33 30 27 27 26 33 33 34 34 32 31 31 30
 32 32 40 39 39 31 27 27 23 23 23 26 26 23 24 24 25 25 25 20 20 22 19 19 25 25 27 31 31 37 37 37 33 33 30 27 27 26 33 33 34 34 32 31 31 30
 28 28 35 37 37 37 36 36 24 24 23 23 23 21 20 20 18 18 16 16 16 14 16 16 22 22 24 31 31 38 38 38 35 35 32 27 27 30 37 37 34 34 33 34 34 37
 27 27 28 40 40 39 41 41 36 36 25 24 24 19 19 19 16 16 14 14 14 15 16 16 22 22 20 24 24 33 35 35 33 33 29 30 30 32 39 39 34 34 27 24 24 37
 27 27 28 40 40 39 41 41 36 36 25 24 24 19 19 19 16 16 14 14 14 15 16 16 22 22 20 24 24 33 35 35 33 33 29 30 30 32 39 39 34 34 27 24 24 37
 27 27 28 36 36 37 35 35 30 30 23 21 21 19 16 16 13 13 13 15 15 17 17 17 19 19 19 24 24 28 30 30 27 27 26 27 27 27 33 33 34 34 30 28 28 28
 24 24 31 29 29 34 32 32 30 30 21 20 20 17 14 14 13 13 13 15 15 17 17 17 18 18 21 23 23 24 23 23 20 20 22 28 28 28 33 33 39 39 29 26 26 25
 24 24 31 29 29 34 32 32 30 30 21 20 20 17 14 14 13 13 13 15 15 17 17 17 18 18 21 23 23 24 23 23 20 20 22 28 28 28 33 33 39 39 29 26 26 25
 39 39 36 46 46 38 34 34 23 23 21 23 23 20 19 19 20 20 15 17 17 18 16 16 16 16 19 20 20 23 23 23 22 22 21 28 28 32 33 33 35 35 27 27 27 25
 39 39 36 46 46 38 34 34 23 23 21 23 23 20 19 19 20 20 15 17 17 18 16 16 16 16 19 20 20 23 23 23 22 22 21 28 28 32 33 33 35 35 27 27 27 25
 27 27 33 39 39 26 32 32 25 25 25 23 23 23 20 20 21 21 15 16 16 16 16 16 16 16 20 22 22 21 18 18 20 20 24 30 30 33 33 33 32 32 30 28 28 26
 41 41 37 39 39 40 28 28 21 21 27 25 25 22 18 18 13 13 15 15 15 15 15 15 17 17 18 17 17 22 21 21 23 23 22 23 23 22 23 23 28 28 25 23 23 20
 41 41 37 39 39 40 28 28 21 21 27 25 25 22 18 18 13 13 15 15 15 15 15 15 17 17 18 17 17 22 21 21 23 23 22 23 23 22 23 23 28 28 25 23 23 20
 23 23 20 27 27 40 39 39 29 29 30 25 25 22 17 17 10 10 12 13 13 10 15 15 18 18 18 17 17 19 16 16 18 18 17 18 18 18 19 19 24 24 21 18 18 11
 20 20 20 22 22 25 29 29 28 28 29 28 28 23 17 17 9 9 11 10 10 9 14 14 16 16 13 14 14 12 14 14 15 15 16 15 15 12 11 11 9 9 9 11 11 10
 20 20 20 22 22 25 29 29 28 28 29 28 28 23 17 17 9 9 11 10 10 9 14 14 16 16 13 14 14 12 14 14 15 15 16 15 15 12 11 11 9 9 9 11 11 10
 14 14 16 17 17 15 23 23 23 23 23 22 22 26 21 21 13 13 9 10 10 10 12 12 13 13 11 10 10 9 7 7 8 8 8 10 10 9 8 8 5 5 2 4 4 4
 14 14 16 17 17 15 23 23 23 23 23 22 22 26 21 21 13 13 9 10 10 10 12 12 13 13 11 10 10 9 7 7 8 8 8 10 10 9 8 8 5 5 2 4 4 4
 11 11 12 15 15 14 11 11 12 12 16 14 14 19 21 21 13 13 10 9 9 7 7 7 7 7 5 5 5 4 4 4 3 3 3 3 3 3 2 2 1 1 2 2 2 1
 13 13 12 11 11 12 9 9 8 8 11 17 17 29 17 17 14 14 11 7 7 7 5 5 6 6 4 2 2 2 2 2 2 2 1 1 1 1 0 0 0 0 1 0 0 0
 13 13 12 11 11 12 9 9 8 8 11 17 17 29 17 17 14 14 11 7 7 7 5 5 6 6 4 2 2 2 2 2 2 2 1 1 1 1 0 0 0 0 1 0 0 0
 13 13 14 15 15 14 12 12 10 10 11 15 15 21 30 30 16 16 10 5 5 5 4 4 4 4 2 1 1 1 1 1 1 1 1 0 0 0 0 0 0 0 0 0 0 0
 10 10 8 16 16 20 37 37 18 18 15 17 17 29 24 24 13 13 13 5 5 7 4 4 4 4 4 1 1 1 1 1 0 0 0 0 0 0 0 0 0 0 0 0 0 0
 10 10 8 16 16 20 37 37 18 18 15 17 17 29 24 24 13 13 13 5 5 7 4 4 4 4 4 1 1 1 1 1 0 0 0 0 0 0 0 0 0 0 0 0 0 0
 10 10 10 21 21 44 44 44 25 25 24 20 20 24 16 16 13 13 11 5 5 5 3 3 4 4 4 1 1 1 1 1 1 1 0 0 0 0 0 0 0 0 1 1 1 1
 10 10 10 21 21 44 44 44 25 25 24 20 20 24 16 16 13 13 11 5 5 5 3 3 4 4 4 1 1 1 1 1 1 1 0 0 0 0 0 0 0 0 1 1 1 1
 20 20 19 17 17 18 21 21 22 22 19 15 15 12 10 10 14 14 10 8 8 3 3 3 4 4 4 1 1 1 1 1 1 1 0 0 0 0 0 0 1 1 1 1 1 1
 19 19 15 12 12 9 9 9 16 16 15 11 11 11 7 7 8 8 6 8 8 4 3 3 2 2 2 1 1 2 1 1 1 1 0 0 0 0 0 0 1 1 1 1 1 1
 19 19 15 12 12 9 9 9 16 16 15 11 11 11 7 7 8 8 6 8 8 4 3 3 2 2 2 1 1 2 1 1 1 1 0 0 0 0 0 0 1 1 1 1 1 1
 12 12 11 8 8 10 10 10 11 11 13 10 10 11 10 10 12 12 8 6 6 8 7 7 3 3 1 1 1 1 1 1 1 1 0 0 0 0 1 1 1 1 2 1 1 1
 11 11 13 14 14 18 13 13 11 11 11 11 11 11 7 7 11 11 9 10 10 8 5 5 2 2 1 1 1 1 1 1 1 1 0 0 0 1 2 2 2 2 2 2 2 1
 11 11 13 14 14 18 13 13 11 11 11 11 11 11 7 7 11 11 9 10 10 8 5 5 2 2 1 1 1 1 1 1 1 1 0 0 0 1 2 2 2 2 2 2 2 1
 13 13 12 18 18 17 13 13 15 15 13 12 12 11 14 14 13 13 7 6 6 4 4 4 1 1 2 1 1 1 1 1 1 1 1 1 1 2 3 3 3 3 3 2 2 2
 13 13 12 18 18 17 13 13 15 15 13 12 12 11 14 14 13 13 7 6 6 4 4 4 1 1 2 1 1 1 1 1 1 1 1 1 1 2 3 3 3 3 3 2 2 2
 13 13 8 9 9 9 10 10 11 11 16 16 16 19 28 28 17 17 12 2 2 2 4 4 3 3 2 2 2 2 2 2 2 2 1 2 2 3 3 3 4 4 4 3 3 1
 8 8 5 7 7 8 8 8 8 8 9 17 17 25 22 22 13 13 13 5 5 4 3 3 2 2 2 2 2 2 2 2 3 3 2 2 2 2 2 2 3 3 3 2 2 1
 8 8 5 7 7 8 8 8 8 8 9 17 17 25 22 22 13 13 13 5 5 4 3 3 2 2 2 2 2 2 2 2 3 3 2 2 2 2 2 2 3 3 3 2 2 1
 10 10 7 6 6 8 8 8 7 7 8 11 11 14 11 11 11 11 5 3 3 3 2 2 2 2 2 2 2 2 3 3 2 2 2 3 3 2 2 2 2 2 2 1 1 1
 4 4 4 5 5 5 5 5 3 3 3 4 4 8 7 7 6 6 5 3 3 1 2 2 2 2 2 2 2 4 4 4 2 2 3 3 3 2 2 2 1 1 1 1 1 0
 4 4 4 5 5 5 5 5 3 3 3 4 4 8 7 7 6 6 5 3 3 1 2 2 2 2 2 2 2 4 4 4 2 2 3 3 3 2 2 2 1 1 1 1 1 0
 2 2 4 5 5 5 3 3 3 3 4 6 6 8 9 9 8 8 6 3 3 1 2 2 3 3 3 2 2 1 1 1 1 1 1 1 1 1 1 1 1 1 1 0 0 0
 2 2 4 5 5 5 3 3 3 3 4 6 6 8 9 9 8 8 6 3 3 1 2 2 3 3 3 2 2 1 1 1 1 1 1 1 1 1 1 1 1 1 1 0 0 0
 3 3 3 5 5 5 4 4 3 3 2 5 5 5 5 5 8 8 6 5 5 3 4 4 5 5 4 2 2 1 1 1 1 1 0 0 0 1 1 1 1 1 0 0 0 0
 5 5 5 5 5 3 4 4 4 4 4 6 6 5 7 7 6 6 5 5 5 2 2 2 3 3 3 2 2 1 1 1 1 1 1 0 0 0 0 0 0 0 0 0 0 0
 5 5 5 5 5 3 4 4 4 4 4 6 6 5 7 7 6 6 5 5 5 2 2 2 3 3 3 2 2 1 1 1 1 1 1 0 0 0 0 0 0 0 0 0 0 0
 7 7 6 6 6 3 6 6 4 4 5 6 6 8 10 10 9 9 5 4 4 3 1 1 2 2 3 2 2 1 0 0 0 0 0 1 1 1 1 1 1 1 1 0 0 0
 8 8 7 5 5 3 2 2 3 3 6 8 8 8 9 9 8 8 8 8 8 7 4 4 1 1 2 1 1 1 0 0 1 1 1 0 0 1 1 1 1 1 1 0 0 0
 8 8 7 5 5 3 2 2 3 3 6 8 8 8 9 9 8 8 8 8 8 7 4 4 1 1 2 1 1 1 0 0 1 1 1 0 0 1 1 1 1 1 1 0 0 0
 7 7 7 5 5 4 3 3 3 3 3 5 5 5 8 8 8 8 8 8 8 6 6 6 5 5 1 1 1 1 1 1 0 0 1 1 1 3 2 2 1 1 0 0 0 0
 7 7 7 5 5 4 3 3 3 3 3 5 5 5 8 8 8 8 8 8 8 6 6 6 5 5 1 1 1 1 1 1 0 0 1 1 1 3 2 2 1 1 0 0 0 0
 5 5 5 4 4 3 2 2 2 2 2 3 3 5 5 5 4 4 6 7 7 8 8 8 5 5 1 1 1 1 1 1 1 1 1 2 2 3 2 2 1 1 0 0 0 0
 4 4 4 3 3 2 2 2 1 1 2 4 4 4 4 4 5 5 6 4 4 5 7 7 7 7 3 2 2 1 1 1 1 1 1 1 1 2 2 2 1 1 0 0 0 0
 4 4 4 3 3 2 2 2 1 1 2 4 4 4 4 4 5 5 6 4 4 5 7 7 7 7 3 2 2 1 1 1 1 1 1 1 1 2 2 2 1 1 0 0 0 0
 6 6 2 1 1 1 1 1 1 1 2 4 4 4 4 4 5 5 3 4 4 7 11 11 9 9 3 2 2 2 1 1 1 1 1 1 1 1 1 1 1 1 0 0 0 0
 3 3 1 1 1 1 1 1 1 1 2 3 3 5 5 5 5 5 9 8 8 10 11 11 10 10 3 2 2 1 1 1 0 0 0 0 0 1 1 1 1 1 0 0 0 0
 3 3 1 1 1 1 1 1 1 1 2 3 3 5 5 5 5 5 9 8 8 10 11 11 10 10 3 2 2 1 1 1 0 0 0 0 0 1 1 1 1 1 0 0 0 0
 0 0 0 0 0 0 1 1 2 2 2 4 4 6 9 9 8 8 13 13 13 16 13 13 7 7 6 2 2 1 1 1 0 0 0 0 0 0 0 0 1 1 0 0 0 0
 0 0 0 0 0 0 1 1 2 2 2 4 4 6 9 9 8 8 13 13 13 16 13 13 7 7 6 2 2 1 1 1 0 0 0 0 0 0 0 0 1 1 0 0 0 0
 0 0 0 1 1 1 1 1 2 2 3 4 4 9 11 11 14 14 16 19 19 17 12 12 8 8 3 1 1 1 1 1 1 1 1 0 0 0 0 0 0 0 0 0 0 0
 0 0 1 3 3 2 2 2 4 4 5 6 6 12 15 15 15 15 12 9 9 10 10 10 8 8 3 2 2 1 1 1 2 2 1 1 1 1 0 0 0 0 1 0 0 0
 0 0 1 3 3 2 2 2 4 4 5 6 6 12 15 15 15 15 12 9 9 10 10 10 8 8 3 2 2 1 1 1 2 2 1 1 1 1 0 0 0 0 1 0 0 0
 0 0 1 1 1 2 3 3 6 6 8 8 8 13 12 12 12 12 11 7 7 7 8 8 7 7 6 4 4 4 3 3 2 2 1 1 1 0 1 1 1 1 0 1 1 1
 0 0 1 1 1 2 3 3 5 5 7 5 5 12 14 14 15 15 11 7 7 6 6 6 5 5 5 5 5 5 3 3 1 1 1 1 1 1 0 0 0 0 0 0 0 0
 0 0 1 1 1 2 3 3 5 5 7 5 5 12 14 14 15 15 11 7 7 6 6 6 5 5 5 5 5 5 3 3 1 1 1 1 1 1 0 0 0 0 0 0 0 0
 0 0 1 1 1 2 4 4 4 4 5 5 5 7 7 7 10 10 11 11 11 7 7 7 6 6 6 6 6 6 2 2 1 1 1 0 0 0 0 0 0 0 0 1 1 0
 0 0 1 1 1 2 4 4 4 4 5 5 5 7 7 7 10 10 11 11 11 7 7 7 6 6 6 6 6 6 2 2 1 1 1 0 0 0 0 0 0 0 0 1 1 0
 2 2 1 1 1 2 1 1 3 3 2 6 6 7 7 7 8 8 11 10 10 8 12 12 8 8 11 7 7 6 3 3 3 3 2 0 0 0 0 0 0 0 0 0 0 0
 0 0 1 1 1 0 0 0 1 1 2 2 2 3 4 4 4 4 8 8 8 12 12 12 12 12 12 5 5 5 4 4 4 4 3 0 0 0 0 0 0 0 0 0 0 0
 0 0 1 1 1 0 0 0 1 1 2 2 2 3 4 4 4 4 8 8 8 12 12 12 12 12 12 5 5 5 4 4 4 4 3 0 0 0 0 0 0 0 0 0 0 0
 0 0 1 1 1 2 2 2 3 3 3 3 3 2 3 3 4 4 7 8 8 9 9 9 8 8 5 5 5 4 4 4 4 4 1 1 1 1 0 0 0 0 0 0 0 0
 1 1 1 1 1 1 4 4 3 3 6 3 3 3 2 2 1 1 3 6 6 8 9 9 8 8 6 5 5 4 2 2 2 2 0 0 0 0 0 0 0 0 0 0 0 0
