assets/RAT_results_old/precipitation/2023-09-19_IMERG.asc
ncols        46
nrows        77
xllcorner    74.800261325624
yllcorner    8.058333333333
cellsize     0.062500000000
NODATA_value -9999
 0 0 0 0 0 0 0 0 0 0 0 0 0 0 0 0 0 0 0 1 1 0 0 0 0 0 0 0 0 0 0 0 0 0 0 0 0 0 0 0 0 0 0 0 0 0
 1 1 1 0 0 0 0 0 0 0 0 0 0 0 0 0 0 0 0 0 0 0 0 0 0 0 0 0 0 0 1 1 0 0 0 0 0 0 0 0 0 0 0 0 0 0
 1 1 1 0 0 0 0 0 0 0 0 0 0 0 0 0 0 0 0 0 0 0 0 0 0 0 0 0 0 0 1 1 0 0 0 0 0 0 0 0 0 0 0 0 0 0
 2 2 2 0 0 0 0 0 0 0 0 0 0 0 0 0 0 0 0 0 0 0 0 0 0 0 0 0 0 1 1 1 0 0 0 0 0 0 0 0 0 0 1 1 1 1
 4 4 0 0 0 0 0 0 0 0 0 0 0 0 0 0 0 0 0 0 0 0 0 0 0 0 0 1 1 1 0 0 0 0 0 0 0 0 0 0 1 1 2 2 2 1
 4 4 0 0 0 0 0 0 0 0 0 0 0 0 0 0 0 0 0 0 0 0 0 0 0 0 0 1 1 1 0 0 0 0 0 0 0 0 0 0 1 1 2 2 2 1
 1 1 0 0 0 0 0 0 0 0 0 0 0 0 0 0 0 0 0 0 0 0 0 0 0 0 0 0 0 0 0 0 0 0 0 0 0 1 1 1 1 1 2 1 1 0
 1 1 0 0 0 0 0 0 0 0 0 0 0 0 0 0 0 0 0 0 0 0 0 0 0 0 0 0 0 0 0 0 0 0 0 0 0 1 1 1 1 1 2 1 1 0
 2 2 3 0 0 0 0 0 0 0 0 0 0 0 0 0 0 0 0 0 0 0 0 0 0 0 0 0 0 0 0 0 0 0 0 0 0 0 1 1 1 1 1 0 0 0
 6 6 25 2 2 0 0 0 0 0 0 1 1 0 0 0 0 0 0 0 0 0 0 0 0 0 0 0 0 0 0 0 1 1 0 0 0 0 0 0 0 0 0 0 0 0
 6 6 25 2 2 0 0 0 0 0 0 1 1 0 0 0 0 0 0 0 0 0 0 0 0 0 0 0 0 0 0 0 1 1 0 0 0 0 0 0 0 0 0 0 0 0
 11 11 7 5 5 0 0 0 0 0 0 0 0 1 1 1 0 0 0 0 0 0 0 0 0 0 0 0 0 0 0 0 0 0 0 0 0 0 0 0 0 0 0 0 0 0
 6 6 4 2 2 1 0 0 0 0 0 0 0 1 1 1 0 0 0 1 1 1 0 0 0 0 0 0 0 0 0 0 0 0 0 0 0 0 1 1 1 1 1 1 1 1
 6 6 4 2 2 1 0 0 0 0 0 0 0 1 1 1 0 0 0 1 1 1 0 0 0 0 0 0 0 0 0 0 0 0 0 0 0 0 1 1 1 1 1 1 1 1
 1 1 1 1 1 0 0 0 0 0 0 0 0 0 0 0 0 0 1 1 1 1 0 0 0 0 0 0 0 1 1 1 1 1 2 3 3 4 4 4 5 5 6 4 4 4
 1 1 1 1 1 0 0 0 0 0 0 0 0 0 0 0 0 0 1 1 1 1 0 0 0 0 0 0 0 1 1 1 1 1 2 3 3 4 4 4 5 5 6 4 4 4
 1 1 0 0 0 0 1 1 1 1 0 0 0 0 0 0 0 0 0 0 0 0 0 0 0 0 0 0 0 1 2 2 2 2 3 5 5 8 10 10 11 11 12 11 11 11
 1 1 0 0 0 0 0 0 0 0 0 0 0 0 0 0 0 0 0 0 0 0 0 0 0 0 0 0 0 0 1 1 3 3 1 2 2 6 6 6 6 6 7 13 13 8
 1 1 0 0 0 0 0 0 0 0 0 0 0 0 0 0 0 0 0 0 0 0 0 0 0 0 0 0 0 0 1 1 3 3 1 2 2 6 6 6 6 6 7 13 13 8
 1 1 1 0 0 0 0 0 0 0 1 0 0 0 0 0 0 0 0 0 0 0 0 0 0 0 0 0 0 0 0 0 0 0 1 3 3 2 4 4 6 6 4 5 5 4
 3 3 3 2 2 1 0 0 0 0 0 0 0 0 0 0 0 0 0 0 0 0 0 0 0 0 0 0 0 0 2 2 1 1 1 3 3 3 2 2 4 4 4 5 5 1
 3 3 3 2 2 1 0 0 0 0 0 0 0 0 0 0 0 0 0 0 0 0 0 0 0 0 0 0 0 0 2 2 1 1 1 3 3 3 2 2 4 4 4 5 5 1
 2 2 2 1 1 1 0 0 0 0 0 0 0 0 0 0 0 0 0 1 1 1 2 2 2 2 2 2 2 3 4 4 4 4 5 7 7 8 7 7 8 8 8 5 5 2
 2 2 2 1 1 1 0 0 0 0 0 0 0 0 0 0 0 0 0 1 1 1 2 2 2 2 2 2 2 3 4 4 4 4 5 7 7 8 7 7 8 8 8 5 5 2
 0 0 1 0 0 0 0 0 0 0 0 0 0 1 0 0 0 0 1 2 2 3 5 5 6 6 7 7 7 9 10 10 12 12 12 14 14 17 17 17 17 17 14 8 8 3
 0 0 0 0 0 0 0 0 0 0 0 0 0 1 0 0 0 0 1 2 2 3 5 5 7 7 8 9 9 10 11 11 13 13 17 25 25 20 21 21 20 20 15 8 8 4
 0 0 0 0 0 0 0 0 0 0 0 0 0 1 0 0 0 0 1 2 2 3 5 5 7 7 8 9 9 10 11 11 13 13 17 25 25 20 21 21 20 20 15 8 8 4
 1 1 1 1 1 1 1 1 1 1 0 0 0 1 0 0 1 1 1 1 1 1 1 1 2 2 2 3 3 4 5 5 5 5 6 9 9 8 7 7 7 7 5 3 3 3
 1 1 1 1 1 2 2 2 0 0 1 1 1 1 1 1 1 1 0 0 0 0 0 0 1 1 0 0 0 1 1 1 1 1 1 1 1 2 2 2 3 3 3 2 2 2
 1 1 1 1 1 2 2 2 0 0 1 1 1 1 1 1 1 1 0 0 0 0 0 0 1 1 0 0 0 1 1 1 1 1 1 1 1 2 2 2 3 3 3 2 2 2
 3 3 1 0 0 1 1 1 1 1 1 1 1 1 1 1 1 1 1 0 0 1 1 1 1 1 0 0 0 0 0 0 0 0 1 1 1 3 4 4 5 5 5 5 5 5
 3 3 1 0 0 1 1 1 1 1 1 1 1 1 1 1 1 1 1 0 0 1 1 1 1 1 0 0 0 0 0 0 0 0 1 1 1 3 4 4 5 5 5 5 5 5
 6 6 3 1 1 1 1 1 1 1 1 1 1 4 2 2 1 1 1 1 1 2 1 1 1 1 0 0 0 0 1 1 1 1 1 2 2 3 5 5 7 7 8 9 9 9
 11 11 6 3 3 2 1 1 1 1 1 1 1 4 2 2 2 2 1 3 3 3 1 1 1 1 0 0 0 0 1 1 1 1 2 2 2 2 4 4 5 5 5 7 7 8
 11 11 6 3 3 2 1 1 1 1 1 1 1 4 2 2 2 2 1 3 3 3 1 1 1 1 0 0 0 0 1 1 1 1 2 2 2 2 4 4 5 5 5 7 7 8
 12 12 7 6 6 4 3 3 2 2 2 1 1 2 2 2 3 3 2 2 2 2 1 1 0 0 0 0 0 0 0 0 1 1 1 1 1 1 2 2 3 3 5 7 7 7
 6 6 6 4 4 3 2 2 1 1 1 1 1 2 2 2 3 3 3 2 2 2 1 1 1 1 0 0 0 0 0 0 0 0 0 0 0 1 3 3 5 5 9 8 8 11
 6 6 6 4 4 3 2 2 1 1 1 1 1 2 2 2 3 3 3 2 2 2 1 1 1 1 0 0 0 0 0 0 0 0 0 0 0 1 3 3 5 5 9 8 8 11
 4 4 4 4 4 4 1 1 0 0 1 1 1 2 2 2 3 3 2 1 1 1 1 1 1 1 0 0 0 0 1 1 0 0 1 2 2 2 6 6 6 6 9 10 10 19
 4 4 4 4 4 4 1 1 0 0 1 1 1 2 2 2 3 3 2 1 1 1 1 1 1 1 0 0 0 0 1 1 0 0 1 2 2 2 6 6 6 6 9 10 10 19
 5 5 4 5 5 4 1 1 1 1 1 1 1 1 2 2 2 2 2 1 1 1 1 1 2 2 2 2 2 2 3 3 4 4 5 6 6 8 8 8 20 20 12 12 12 21
 5 5 4 5 5 5 4 4 4 4 1 2 2 2 2 2 2 2 3 2 2 3 4 4 4 4 5 5 5 6 7 7 10 10 12 15 15 13 14 14 25 25 19 19 19 17
 5 5 4 5 5 5 4 4 4 4 1 2 2 2 2 2 2 2 3 2 2 3 4 4 4 4 5 5 5 6 7 7 10 10 12 15 15 13 14 14 25 25 19 19 19 17
 4 4 4 4 4 5 5 5 4 4 2 2 2 3 5 5 5 5 7 3 3 5 7 7 7 7 7 8 8 10 12 12 14 14 16 16 16 18 18 18 20 20 21 21 21 18
 2 2 6 4 4 6 3 3 4 4 3 3 3 5 6 6 7 7 7 6 6 7 9 9 10 10 9 9 9 12 14 14 15 15 15 15 15 18 19 19 20 20 20 19 19 20
 2 2 6 4 4 6 3 3 4 4 3 3 3 5 6 6 7 7 7 6 6 7 9 9 10 10 9 9 9 12 14 14 15 15 15 15 15 18 19 19 20 20 20 19 19 20
 3 3 7 6 6 5 2 2 3 3 3 3 3 5 5 5 7 7 8 10 10 8 9 9 12 12 12 11 11 14 15 15 16 16 16 17 17 18 18 18 20 20 21 19 19 19
 3 3 7 6 6 5 2 2 3 3 3 3 3 5 5 5 7 7 8 10 10 8 9 9 12 12 12 11 11 14 15 15 16 16 16 17 17 18 18 18 20 20 21 19 19 19
 3 3 2 2 2 4 2 2 2 2 4 7 7 5 5 5 7 7 9 15 15 10 10 10 12 12 12 14 14 15 14 14 15 15 15 18 18 19 18 18 19 19 22 19 19 18
 3 3 2 2 2 2 2 2 2 2 4 9 9 7 7 7 8 8 11 17 17 9 11 11 20 20 15 17 17 18 16 16 14 14 16 22 22 23 22 22 23 23 24 24 24 25
 3 3 2 2 2 2 2 2 2 2 4 9 9 7 7 7 8 8 11 17 17 9 11 11 20 20 15 17 17 18 16 16 14 14 16 22 22 23 22 22 23 23 24 24 24 25
 3 3 2 1 1 1 1 1 4 4 6 12 12 10 11 11 10 10 11 17 17 18 14 14 24 24 17 20 20 21 19 19 18 18 19 23 23 25 25 25 25 25 26 26 26 28
 2 2 3 1 1 1 1 1 3 3 8 12 12 9 10 10 10 10 10 14 14 21 14 14 18 18 17 18 18 20 20 20 19 19 20 21 21 23 24 24 24 24 24 21 21 17
 2 2 3 1 1 1 1 1 3 3 8 12 12 9 10 10 10 10 10 14 14 21 14 14 18 18 17 18 18 20 20 20 19 19 20 21 21 23 24 24 24 24 24 21 21 17
 3 3 3 1 1 1 2 2 4 4 8 9 9 6 7 7 8 8 8 11 11 15 7 7 9 9 12 15 15 18 17 17 19 19 19 18 18 20 21 21 22 22 25 20 20 11
 3 3 3 1 1 1 2 2 4 4 8 9 9 6 7 7 8 8 8 11 11 15 7 7 9 9 12 15 15 18 17 17 19 19 19 18 18 20 21 21 22 22 25 20 20 11
 2 2 1 1 1 1 3 3 4 4 6 5 5 5 7 7 7 7 5 8 8 6 5 5 6 6 7 9 9 10 9 9 9 9 11 10 10 9 8 8 9 9 11 10 10 8
 2 2 2 2 2 4 5 5 6 6 4 5 5 5 6 6 6 6 6 4 4 2 2 2 2 2 3 4 4 4 4 4 3 3 3 4 4 3 3 3 3 3 4 13 13 9
 2 2 2 2 2 4 5 5 6 6 4 5 5 5 6 6 6 6 6 4 4 2 2 2 2 2 3 4 4 4 4 4 3 3 3 4 4 3 3 3 3 3 4 13 13 9
 6 6 6 3 3 7 7 7 6 6 7 6 6 6 6 6 8 8 9 4 4 2 1 1 6 6 5 1 1 2 1 1 1 1 1 1 1 1 2 2 4 4 5 6 6 5
 7 7 6 6 6 7 8 8 9 9 7 9 9 7 6 6 6 6 7 4 4 3 1 1 10 10 3 2 2 3 2 2 2 2 2 2 2 2 3 3 8 8 15 10 10 5
 7 7 6 6 6 7 8 8 9 9 7 9 9 7 6 6 6 6 7 4 4 3 1 1 10 10 3 2 2 3 2 2 2 2 2 2 2 2 3 3 8 8 15 10 10 5
 7 7 6 8 8 10 10 10 10 10 8 7 7 5 5 5 4 4 4 3 3 3 1 1 1 1 1 2 2 4 4 4 4 4 6 10 10 7 5 5 8 8 12 9 9 5
 7 7 6 8 8 10 10 10 10 10 8 7 7 5 5 5 4 4 4 3 3 3 1 1 1 1 1 2 2 4 4 4 4 4 6 10 10 7 5 5 8 8 12 9 9 5
 6 6 6 6 6 8 8 8 7 7 7 6 6 7 6 6 4 4 3 2 2 2 2 2 0 0 0 2 2 7 9 9 6 6 6 7 7 5 5 5 5 5 4 3 3 3
 7 7 8 9 9 7 8 8 8 8 8 8 8 8 6 6 5 5 4 2 2 2 2 2 1 1 1 1 1 6 4 4 3 3 3 3 3 3 3 3 3 3 2 1 1 1
 7 7 8 9 9 7 8 8 8 8 8 8 8 8 6 6 5 5 4 2 2 2 2 2 1 1 1 1 1 6 4 4 3 3 3 3 3 3 3 3 3 3 2 1 1 1
 10 10 11 10 10 10 9 9 10 10 12 9 9 9 5 5 4 4 4 4 4 3 4 4 2 2 1 1 1 3 2 2 3 3 3 3 3 3 3 3 4 4 3 2 2 2
 12 12 16 16 16 18 15 15 15 15 14 12 12 11 9 9 6 6 5 6 6 5 4 4 4 4 3 3 3 1 1 1 4 4 5 6 6 4 4 4 4 4 2 2 2 1
 12 12 16 16 16 18 15 15 15 15 14 12 12 11 9 9 6 6 5 6 6 5 4 4 4 4 3 3 3 1 1 1 4 4 5 6 6 4 4 4 4 4 2 2 2 1
 15 15 17 20 20 23 23 23 20 20 23 19 19 18 13 13 11 11 11 10 10 10 7 7 5 5 5 5 5 2 2 2 2 2 5 7 7 5 4 4 4 4 3 4 4 1
 15 15 17 20 20 23 23 23 20 20 23 19 19 18 13 13 11 11 11 10 10 10 7 7 5 5 5 5 5 2 2 2 2 2 5 7 7 5 4 4 4 4 3 4 4 1
 18 18 20 22 22 24 25 25 26 26 29 30 30 24 20 20 16 16 17 20 20 17 13 13 11 11 11 8 8 6 5 5 3 3 7 8 8 5 4 4 3 3 2 1 1 1
 14 14 21 24 24 27 31 31 36 36 36 37 37 31 27 27 19 19 18 19 19 15 13 13 16 16 14 13 13 13 11 11 6 6 3 2 2 4 3 3 2 2 1 1 1 1
 14 14 21 24 24 27 31 31 36 36 36 37 37 31 27 27 19 19 18 19 19 15 13 13 16 16 14 13 13 13 11 11 6 6 3 2 2 4 3 3 2 2 1 1 1 1
 11 11 16 27 27 32 36 36 41 41 42 41 41 37 30 30 23 23 12 9 9 6 6 6 9 9 12 15 15 16 16 16 10 10 6 3 3 4 3 3 1 1 1 1 1 1
 16 16 25 31 31 32 34 34 35 35 33 30 30 28 25 25 24 24 15 12 12 6 4 4 5 5 6 9 9 11 11 11 8 8 5 5 5 4 2 2 1 1 2 1 1 1
