assets/RAT_results_old/precipitation/2023-07-12_IMERG.asc
ncols        46
nrows        77
xllcorner    74.800261325624
yllcorner    8.058333333333
cellsize     0.062500000000
NODATA_value -9999
 50 50 40 38 38 32 34 34 19 19 11 6 6 1 1 1 1 1 1 0 0 0 0 0 1 1 1 2 2 3 4 4 4 4 4 2 2 1 1 1 0 0 0 0 0 1
 53 53 31 28 28 23 28 28 18 18 11 8 8 4 2 2 2 2 2 2 2 2 2 2 3 3 2 1 1 1 1 1 1 1 1 0 0 0 0 0 0 0 0 0 0 1
 53 53 31 28 28 23 28 28 18 18 11 8 8 4 2 2 2 2 2 2 2 2 2 2 3 3 2 1 1 1 1 1 1 1 1 0 0 0 0 0 0 0 0 0 0 1
 40 40 31 29 29 20 15 15 11 11 8 8 8 7 8 8 4 4 4 3 3 3 2 2 1 1 1 0 0 0 0 0 0 0 0 0 0 0 0 0 0 0 0 0 0 1
 20 20 31 25 25 20 11 11 8 8 6 5 5 9 9 9 6 6 2 2 2 2 1 1 1 1 0 0 0 0 0 0 0 0 0 0 0 0 0 0 1 1 0 0 0 1
 20 20 31 25 25 20 11 11 8 8 6 5 5 9 9 9 6 6 2 2 2 2 1 1 1 1 0 0 0 0 0 0 0 0 0 0 0 0 0 0 1 1 0 0 0 1
 16 16 32 19 19 30 9 9 9 9 5 6 6 6 5 5 2 2 2 2 2 2 2 2 1 1 1 0 0 1 0 0 0 0 0 1 1 2 1 1 1 1 1 1 1 1
 16 16 32 19 19 30 9 9 9 9 5 6 6 6 5 5 2 2 2 2 2 2 2 2 1 1 1 0 0 1 0 0 0 0 0 1 1 2 1 1 1 1 1 1 1 1
 16 16 17 14 14 16 8 8 11 11 7 6 6 5 3 3 2 2 2 3 3 3 2 2 2 2 3 3 3 2 1 1 0 0 1 5 5 7 2 2 1 1 1 1 1 2
 18 18 14 9 9 7 7 7 16 16 9 6 6 4 3 3 3 3 2 3 3 3 4 4 3 3 3 2 2 1 1 1 0 0 1 1 1 2 1 1 2 2 2 3 3 3
 18 18 14 9 9 7 7 7 16 16 9 6 6 4 3 3 3 3 2 3 3 3 4 4 3 3 3 2 2 1 1 1 0 0 1 1 1 2 1 1 2 2 2 3 3 3
 10 10 9 7 7 8 9 9 6 6 4 4 4 4 3 3 3 3 3 4 4 3 2 2 2 2 1 0 0 1 1 1 0 0 0 0 0 1 1 1 2 2 5 5 5 5
 9 9 6 5 5 7 6 6 5 5 4 3 3 4 4 4 2 2 2 3 3 2 2 2 2 2 0 0 0 1 0 0 0 0 0 0 0 1 2 2 2 2 4 4 4 4
 9 9 6 5 5 7 6 6 5 5 4 3 3 4 4 4 2 2 2 3 3 2 2 2 2 2 0 0 0 1 0 0 0 0 0 0 0 1 2 2 2 2 4 4 4 4
 5 5 4 4 4 4 17 17 7 7 7 5 5 9 7 7 2 2 2 2 2 1 1 1 1 1 1 1 1 1 0 0 0 0 0 0 0 1 1 1 2 2 3 3 3 4
 5 5 4 4 4 4 17 17 7 7 7 5 5 9 7 7 2 2 2 2 2 1 1 1 1 1 1 1 1 1 0 0 0 0 0 0 0 1 1 1 2 2 3 3 3 4
 5 5 6 6 6 8 13 13 6 6 7 4 4 6 4 4 2 2 2 2 2 1 1 1 1 1 2 1 1 0 0 0 0 0 0 0 0 0 2 2 1 1 2 2 2 2
 5 5 6 3 3 6 10 10 4 4 6 1 1 2 4 4 3 3 5 1 1 1 1 1 1 1 1 0 0 0 0 0 0 0 0 0 0 1 1 1 1 1 1 1 1 1
 5 5 6 3 3 6 10 10 4 4 6 1 1 2 4 4 3 3 5 1 1 1 1 1 1 1 1 0 0 0 0 0 0 0 0 0 0 1 1 1 1 1 1 1 1 1
 3 3 4 3 3 3 4 4 2 2 1 0 0 2 4 4 3 3 2 1 1 1 0 0 0 0 0 0 0 0 0 0 0 0 0 0 0 1 1 1 1 1 0 0 0 0
 6 6 7 4 4 4 6 6 4 4 3 3 3 3 3 3 1 1 1 1 1 0 0 0 0 0 0 0 0 0 0 0 0 0 0 1 1 0 1 1 0 0 0 0 0 0
 6 6 7 4 4 4 6 6 4 4 3 3 3 3 3 3 1 1 1 1 1 0 0 0 0 0 0 0 0 0 0 0 0 0 0 1 1 0 1 1 0 0 0 0 0 0
 6 6 12 8 8 7 5 5 3 3 4 4 4 2 3 3 2 2 1 1 1 0 0 0 0 0 0 0 0 0 0 0 0 0 0 1 1 1 1 1 1 1 0 0 0 0
 6 6 12 8 8 7 5 5 3 3 4 4 4 2 3 3 2 2 1 1 1 0 0 0 0 0 0 0 0 0 0 0 0 0 0 1 1 1 1 1 1 1 0 0 0 0
 10 10 13 14 14 11 4 4 4 4 4 3 3 3 3 3 2 2 1 0 0 2 2 2 1 1 0 0 0 1 0 0 0 0 0 0 0 0 0 0 0 0 0 0 0 0
 7 7 15 11 11 7 3 3 3 3 7 7 7 3 5 5 2 2 1 0 0 0 1 1 0 0 0 3 3 1 0 0 0 0 0 0 0 0 0 0 0 0 0 0 0 0
 7 7 15 11 11 7 3 3 3 3 7 7 7 3 5 5 2 2 1 0 0 0 1 1 0 0 0 3 3 1 0 0 0 0 0 0 0 0 0 0 0 0 0 0 0 0
 8 8 7 4 4 4 4 4 3 3 2 4 4 3 4 4 4 4 3 0 0 0 0 0 0 0 0 0 0 0 0 0 0 0 0 0 0 0 0 0 0 0 0 0 0 1
 9 9 6 5 5 4 7 7 4 4 2 2 2 2 5 5 4 4 3 1 1 1 0 0 0 0 1 0 0 0 0 0 0 0 0 0 0 0 0 0 0 0 1 1 1 1
 9 9 6 5 5 4 7 7 4 4 2 2 2 2 5 5 4 4 3 1 1 1 0 0 0 0 1 0 0 0 0 0 0 0 0 0 0 0 0 0 0 0 1 1 1 1
 7 7 6 5 5 2 6 6 7 7 3 2 2 3 1 1 1 1 2 2 2 1 2 2 3 3 3 3 3 3 2 2 1 1 1 0 0 0 1 1 0 0 1 1 1 1
 7 7 6 5 5 2 6 6 7 7 3 2 2 3 1 1 1 1 2 2 2 1 2 2 3 3 3 3 3 3 2 2 1 1 1 0 0 0 1 1 0 0 1 1 1 1
 9 9 5 4 4 3 5 5 3 3 4 4 4 3 1 1 1 1 0 1 1 1 1 1 1 1 1 1 1 1 1 1 1 1 0 0 0 0 1 1 1 1 1 2 2 3
 4 4 4 6 6 5 6 6 4 4 3 7 7 12 11 11 3 3 1 0 0 0 0 0 1 1 2 2 2 2 2 2 2 2 1 1 1 1 2 2 1 1 1 1 1 1
 4 4 4 6 6 5 6 6 4 4 3 7 7 12 11 11 3 3 1 0 0 0 0 0 1 1 2 2 2 2 2 2 2 2 1 1 1 1 2 2 1 1 1 1 1 1
 4 4 5 7 7 6 6 6 7 7 3 5 5 12 11 11 4 4 4 1 1 1 2 2 2 2 4 3 3 3 3 3 2 2 2 2 2 1 1 1 1 1 0 0 0 0
 3 3 4 5 5 8 5 5 5 5 8 8 8 9 5 5 5 5 6 3 3 2 3 3 3 3 4 2 2 1 2 2 2 2 3 1 1 0 0 0 0 0 0 0 0 1
 3 3 4 5 5 8 5 5 5 5 8 8 8 9 5 5 5 5 6 3 3 2 3 3 3 3 4 2 2 1 2 2 2 2 3 1 1 0 0 0 0 0 0 0 0 1
 6 6 5 5 5 6 5 5 8 8 11 10 10 5 2 2 3 3 5 5 5 5 3 3 3 3 2 1 1 0 0 0 1 1 1 1 1 0 0 0 0 0 0 0 0 0
 6 6 5 5 5 6 5 5 8 8 11 10 10 5 2 2 3 3 5 5 5 5 3 3 3 3 2 1 1 0 0 0 1 1 1 1 1 0 0 0 0 0 0 0 0 0
 4 4 4 5 5 4 4 4 3 3 8 7 7 9 4 4 2 2 3 3 3 3 1 1 1 1 0 0 0 0 0 0 0 0 0 0 0 0 0 0 0 0 0 0 0 1
 2 2 3 4 4 5 3 3 3 3 7 11 11 11 7 7 3 3 2 1 1 1 0 0 0 0 0 0 0 0 0 0 0 0 0 0 0 0 1 1 1 1 1 2 2 1
 2 2 3 4 4 5 3 3 3 3 7 11 11 11 7 7 3 3 2 1 1 1 0 0 0 0 0 0 0 0 0 0 0 0 0 0 0 0 1 1 1 1 1 2 2 1
 2 2 2 2 2 3 4 4 9 9 12 12 12 7 6 6 2 2 1 1 1 0 0 0 1 1 1 1 1 1 1 1 2 2 2 3 3 4 5 5 6 6 9 5 5 4
 2 2 2 3 3 3 5 5 9 9 9 5 5 3 2 2 2 2 3 1 1 1 1 1 2 2 3 4 4 4 4 4 6 6 8 10 10 10 12 12 15 15 17 12 12 11
 2 2 2 3 3 3 5 5 9 9 9 5 5 3 2 2 2 2 3 1 1 1 1 1 2 2 3 4 4 4 4 4 6 6 8 10 10 10 12 12 15 15 17 12 12 11
 2 2 2 3 3 6 5 5 5 5 4 3 3 2 1 1 2 2 2 3 3 3 3 3 4 4 6 8 8 11 15 15 16 16 16 16 16 16 20 20 25 25 28 24 24 21
 2 2 2 3 3 6 5 5 5 5 4 3 3 2 1 1 2 2 2 3 3 3 3 3 4 4 6 8 8 11 15 15 16 16 16 16 16 16 20 20 25 25 28 24 24 21
 3 3 3 4 4 6 5 5 6 6 2 1 1 2 2 2 3 3 3 4 4 5 6 6 8 8 9 9 9 15 20 20 20 20 19 18 18 22 27 27 28 28 28 23 23 22
 4 4 2 3 3 3 3 3 2 2 2 2 2 2 2 2 4 4 3 3 3 4 6 6 9 9 9 8 8 12 19 19 19 19 19 20 20 25 30 30 29 29 28 26 26 26
 4 4 2 3 3 3 3 3 2 2 2 2 2 2 2 2 4 4 3 3 3 4 6 6 9 9 9 8 8 12 19 19 19 19 19 20 20 25 30 30 29 29 28 26 26 26
 5 5 4 4 4 4 4 4 3 3 2 2 2 2 2 2 5 5 3 4 4 4 5 5 7 7 6 6 6 8 14 14 14 14 14 15 15 18 24 24 24 24 23 22 22 20
 5 5 6 9 9 8 4 4 3 3 4 3 3 8 4 4 4 4 3 5 5 4 3 3 4 4 4 4 4 4 5 5 6 6 6 5 5 6 8 8 8 8 8 7 7 7
 5 5 6 9 9 8 4 4 3 3 4 3 3 8 4 4 4 4 3 5 5 4 3 3 4 4 4 4 4 4 5 5 6 6 6 5 5 6 8 8 8 8 8 7 7 7
 7 7 8 6 6 6 4 4 3 3 5 6 6 4 3 3 3 3 5 4 4 4 2 2 1 1 2 3 3 2 2 2 2 2 2 2 2 2 3 3 3 3 3 3 3 3
 7 7 8 6 6 6 4 4 3 3 5 6 6 4 3 3 3 3 5 4 4 4 2 2 1 1 2 3 3 2 2 2 2 2 2 2 2 2 3 3 3 3 3 3 3 3
 7 7 8 8 8 6 7 7 6 6 9 6 6 5 4 4 3 3 2 1 1 1 1 1 0 0 0 1 1 1 1 1 1 1 1 1 1 1 1 1 1 1 1 1 1 1
 5 5 8 7 7 6 13 13 12 12 4 4 4 2 2 2 3 3 3 0 0 0 0 0 3 3 3 1 1 0 0 0 0 0 0 0 0 0 0 0 0 0 0 0 0 0
 5 5 8 7 7 6 13 13 12 12 4 4 4 2 2 2 3 3 3 0 0 0 0 0 3 3 3 1 1 0 0 0 0 0 0 0 0 0 0 0 0 0 0 0 0 0
 7 7 10 10 10 5 4 4 4 4 3 4 4 2 3 3 3 3 6 1 1 1 0 0 2 2 0 0 0 1 0 0 0 0 0 0 0 0 0 0 0 0 0 0 0 0
 4 4 4 5 5 3 2 2 2 2 4 2 2 1 4 4 6 6 8 2 2 2 1 1 0 0 0 0 0 1 0 0 0 0 0 0 0 0 0 0 0 0 0 0 0 0
 4 4 4 5 5 3 2 2 2 2 4 2 2 1 4 4 6 6 8 2 2 2 1 1 0 0 0 0 0 1 0 0 0 0 0 0 0 0 0 0 0 0 0 0 0 0
 1 1 1 1 1 1 1 1 1 1 1 1 1 2 8 8 10 10 4 2 2 2 3 3 1 1 0 0 0 0 1 1 0 0 1 0 0 0 0 0 0 0 0 0 0 0
 1 1 1 1 1 1 1 1 1 1 1 1 1 2 8 8 10 10 4 2 2 2 3 3 1 1 0 0 0 0 1 1 0 0 1 0 0 0 0 0 0 0 0 0 0 0
 0 0 1 0 0 0 2 2 1 1 1 1 1 1 6 6 5 5 1 0 0 1 1 1 0 0 0 0 0 0 2 2 1 1 0 0 0 0 0 0 0 0 0 0 0 0
 0 0 0 0 0 1 2 2 0 0 0 0 0 1 1 1 1 1 0 0 0 0 0 0 0 0 0 0 0 0 1 1 0 0 0 0 0 0 0 0 0 0 0 0 0 0
 0 0 0 0 0 1 2 2 0 0 0 0 0 1 1 1 1 1 0 0 0 0 0 0 0 0 0 0 0 0 1 1 0 0 0 0 0 0 0 0 0 0 0 0 0 0
 0 0 0 0 0 1 0 0 1 1 1 1 1 2 1 1 2 2 1 0 0 0 0 0 0 0 0 0 0 1 0 0 0 0 0 0 0 0 0 0 0 0 0 0 0 0
 1 1 1 1 1 1 1 1 1 1 1 2 2 3 2 2 2 2 4 3 3 1 1 1 0 0 0 0 0 0 1 1 0 0 0 1 1 1 1 1 1 1 1 1 1 1
 1 1 1 1 1 1 1 1 1 1 1 2 2 3 2 2 2 2 4 3 3 1 1 1 0 0 0 0 0 0 1 1 0 0 0 1 1 1 1 1 1 1 1 1 1 1
 0 0 0 0 0 0 0 0 1 1 2 3 3 7 4 4 3 3 12 10 10 6 2 2 1 1 0 2 2 11 2 2 3 3 2 2 2 1 1 1 1 1 1 0 0 0
 0 0 0 0 0 0 0 0 1 1 2 3 3 7 4 4 3 3 12 10 10 6 2 2 1 1 0 2 2 11 2 2 3 3 2 2 2 1 1 1 1 1 1 0 0 0
 0 0 1 1 1 1 5 5 7 7 7 7 7 7 5 5 9 9 19 19 19 5 3 3 1 1 1 1 1 1 1 1 4 4 2 0 0 0 0 0 0 0 0 0 0 0
 1 1 1 1 1 2 4 4 14 14 10 2 2 2 2 2 6 6 17 13 13 7 2 2 1 1 1 1 1 0 0 0 1 1 0 0 0 0 0 0 0 0 0 0 0 0
 1 1 1 1 1 2 4 4 14 14 10 2 2 2 2 2 6 6 17 13 13 7 2 2 1 1 1 1 1 0 0 0 1 1 0 0 0 0 0 0 0 0 0 0 0 0
 1 1 1 1 1 1 6 6 7 7 2 1 1 1 1 1 4 4 7 13 13 9 2 2 0 0 0 0 0 0 0 0 0 0 0 0 0 0 0 0 0 0 0 0 0 0
 1 1 1 1 1 1 7 7 3 3 1 2 2 1 1 1 2 2 5 10 10 9 2 2 0 0 0 0 0 0 0 0 6 6 2 0 0 0 0 0 2 2 3 1 1 0
