assets/RAT_results_old/precipitation/2023-09-03_IMERG.asc
ncols        46
nrows        77
xllcorner    74.800261325624
yllcorner    8.058333333333
cellsize     0.062500000000
NODATA_value -9999
 0 0 0 1 1 1 1 1 1 1 0 0 0 0 1 1 1 1 1 4 4 3 2 2 2 2 2 1 1 0 0 0 0 0 0 0 0 1 0 0 0 0 0 0 0 1
 0 0 1 1 1 1 1 1 1 1 2 2 2 1 3 3 5 5 4 6 6 4 2 2 2 2 2 1 1 0 1 1 0 0 0 0 0 1 0 0 0 0 0 2 2 8
 0 0 1 1 1 1 1 1 1 1 2 2 2 1 3 3 5 5 4 6 6 4 2 2 2 2 2 1 1 0 1 1 0 0 0 0 0 1 0 0 0 0 0 2 2 8
 0 0 0 4 4 2 3 3 4 4 7 7 7 5 7 7 6 6 6 6 6 4 2 2 2 2 3 2 2 0 0 0 0 0 0 1 1 3 1 1 0 0 1 1 1 2
 1 1 2 4 4 9 9 9 11 11 11 9 9 10 10 10 7 7 7 5 5 5 2 2 1 1 1 2 2 1 1 1 1 1 0 1 1 1 1 1 1 1 4 2 2 1
 1 1 2 4 4 9 9 9 11 11 11 9 9 10 10 10 7 7 7 5 5 5 2 2 1 1 1 2 2 1 1 1 1 1 0 1 1 1 1 1 1 1 4 2 2 1
 2 2 3 8 8 12 12 12 13 13 13 11 11 13 9 9 4 4 4 3 3 3 1 1 1 1 1 1 1 1 1 1 1 1 1 3 3 2 1 1 1 1 1 1 1 1
 2 2 3 8 8 12 12 12 13 13 13 11 11 13 9 9 4 4 4 3 3 3 1 1 1 1 1 1 1 1 1 1 1 1 1 3 3 2 1 1 1 1 1 1 1 1
 4 4 5 12 12 11 8 8 9 9 9 8 8 8 4 4 2 2 2 2 2 3 2 2 2 2 3 4 4 4 3 3 1 1 1 1 1 1 3 3 1 1 0 0 0 0
 6 6 5 12 12 9 7 7 5 5 3 3 3 4 4 4 3 3 2 2 2 2 2 2 1 1 1 1 1 1 1 1 0 0 0 0 0 0 1 1 0 0 0 0 0 0
 6 6 5 12 12 9 7 7 5 5 3 3 3 4 4 4 3 3 2 2 2 2 2 2 1 1 1 1 1 1 1 1 0 0 0 0 0 0 1 1 0 0 0 0 0 0
 5 5 3 2 2 4 3 3 2 2 2 2 2 1 1 1 1 1 1 1 1 1 0 0 0 0 0 0 0 0 0 0 0 0 0 0 0 0 0 0 0 0 0 0 0 0
 6 6 1 1 1 1 1 1 1 1 1 0 0 0 0 0 1 1 1 0 0 0 0 0 0 0 0 0 0 1 0 0 0 0 0 0 0 0 0 0 0 0 0 0 0 0
 6 6 1 1 1 1 1 1 1 1 1 0 0 0 0 0 1 1 1 0 0 0 0 0 0 0 0 0 0 1 0 0 0 0 0 0 0 0 0 0 0 0 0 0 0 0
 14 14 8 2 2 0 1 1 1 1 0 0 0 0 0 0 0 0 0 0 0 0 0 0 0 0 0 1 1 0 0 0 0 0 0 0 0 0 0 0 0 0 0 0 0 0
 14 14 8 2 2 0 1 1 1 1 0 0 0 0 0 0 0 0 0 0 0 0 0 0 0 0 0 1 1 0 0 0 0 0 0 0 0 0 0 0 0 0 0 0 0 0
 6 6 6 4 4 0 2 2 0 0 0 0 0 0 2 2 0 0 0 1 1 0 0 0 0 0 0 0 0 0 0 0 0 0 0 0 0 0 0 0 0 0 0 0 0 0
 12 12 8 16 16 3 20 20 0 0 0 1 1 1 2 2 1 1 2 1 1 0 0 0 0 0 0 0 0 0 0 0 0 0 0 0 0 0 0 0 0 0 0 0 0 0
 12 12 8 16 16 3 20 20 0 0 0 1 1 1 2 2 1 1 2 1 1 0 0 0 0 0 0 0 0 0 0 0 0 0 0 0 0 0 0 0 0 0 0 0 0 0
 34 34 53 36 36 31 31 31 3 3 1 1 1 2 2 2 2 2 3 3 3 1 0 0 0 0 0 0 0 0 0 0 0 0 0 0 0 0 0 0 0 0 1 1 1 1
 33 33 36 49 49 22 18 18 18 18 21 4 4 4 3 3 2 2 2 4 4 1 1 1 1 1 1 1 1 0 0 0 1 1 0 1 1 1 0 0 1 1 3 3 3 5
 33 33 36 49 49 22 18 18 18 18 21 4 4 4 3 3 2 2 2 4 4 1 1 1 1 1 1 1 1 0 0 0 1 1 0 1 1 1 0 0 1 1 3 3 3 5
 8 8 10 6 6 9 9 9 21 21 21 4 4 10 6 6 3 3 3 5 5 2 1 1 5 5 7 2 2 1 1 1 3 3 2 4 4 2 2 2 2 2 2 4 4 10
 8 8 10 6 6 9 9 9 21 21 21 4 4 10 6 6 3 3 3 5 5 2 1 1 5 5 7 2 2 1 1 1 3 3 2 4 4 2 2 2 2 2 2 4 4 10
 12 12 8 9 9 9 10 10 12 12 7 5 5 13 13 13 10 10 4 3 3 5 1 1 3 3 7 4 4 1 2 2 4 4 2 3 3 2 2 2 2 2 3 3 3 5
 13 13 18 13 13 10 11 11 14 14 17 7 7 7 4 4 4 4 10 14 14 5 2 2 1 1 3 2 2 1 1 1 2 2 1 2 2 1 1 1 1 1 2 2 2 3
 13 13 18 13 13 10 11 11 14 14 17 7 7 7 4 4 4 4 10 14 14 5 2 2 1 1 3 2 2 1 1 1 2 2 1 2 2 1 1 1 1 1 2 2 2 3
 15 15 28 25 25 16 16 16 26 26 14 5 5 4 5 5 3 3 2 11 11 1 1 1 1 1 2 1 1 0 0 0 1 1 1 0 0 0 1 1 1 1 1 1 1 1
 17 17 16 15 15 24 27 27 27 27 10 6 6 4 4 4 1 1 1 1 1 1 1 1 1 1 1 1 1 0 0 0 0 0 1 1 1 0 0 0 0 0 1 1 1 0
 17 17 16 15 15 24 27 27 27 27 10 6 6 4 4 4 1 1 1 1 1 1 1 1 1 1 1 1 1 0 0 0 0 0 1 1 1 0 0 0 0 0 1 1 1 0
 13 13 9 9 9 12 13 13 8 8 7 4 4 4 4 4 0 0 1 1 1 1 1 1 2 2 1 0 0 0 1 1 0 0 0 0 0 0 0 0 0 0 0 0 0 0
 13 13 9 9 9 12 13 13 8 8 7 4 4 4 4 4 0 0 1 1 1 1 1 1 2 2 1 0 0 0 1 1 0 0 0 0 0 0 0 0 0 0 0 0 0 0
 9 9 7 5 5 7 9 9 7 7 5 5 5 4 3 3 0 0 1 1 1 6 8 8 0 0 0 0 0 0 0 0 0 0 0 0 0 0 0 0 0 0 0 0 0 0
 45 45 8 6 6 10 8 8 8 8 5 4 4 4 2 2 0 0 1 1 1 4 5 5 5 5 1 1 1 0 0 0 0 0 0 0 0 0 0 0 0 0 0 1 1 2
 45 45 8 6 6 10 8 8 8 8 5 4 4 4 2 2 0 0 1 1 1 4 5 5 5 5 1 1 1 0 0 0 0 0 0 0 0 0 0 0 0 0 0 1 1 2
 49 49 14 96 96 16 13 13 9 9 5 5 5 5 3 3 4 4 3 2 2 3 2 2 1 1 1 0 0 0 0 0 0 0 0 0 0 0 0 0 0 0 0 3 3 8
 91 91 109 113 113 26 24 24 14 14 10 9 9 7 5 5 4 4 3 2 2 2 1 1 1 1 1 0 0 0 0 0 0 0 0 0 0 0 0 0 0 0 0 1 1 2
 91 91 109 113 113 26 24 24 14 14 10 9 9 7 5 5 4 4 3 2 2 2 1 1 1 1 1 0 0 0 0 0 0 0 0 0 0 0 0 0 0 0 0 1 1 2
 56 56 64 60 60 40 24 24 15 15 12 12 12 11 8 8 4 4 3 2 2 2 2 2 2 2 1 5 5 0 0 0 0 0 0 0 0 0 0 0 0 0 0 1 1 0
 56 56 64 60 60 40 24 24 15 15 12 12 12 11 8 8 4 4 3 2 2 2 2 2 2 2 1 5 5 0 0 0 0 0 0 0 0 0 0 0 0 0 0 1 1 0
 56 56 80 80 80 95 112 112 71 71 66 38 38 12 10 10 5 5 4 3 3 3 2 2 4 4 6 13 13 6 0 0 0 0 0 0 0 0 0 0 0 0 1 3 3 0
 52 52 54 87 87 104 122 122 74 74 66 12 12 9 16 16 20 20 11 11 11 18 11 11 7 7 14 30 30 7 2 2 0 0 0 0 0 1 0 0 0 0 0 2 2 2
 52 52 54 87 87 104 122 122 74 74 66 12 12 9 16 16 20 20 11 11 11 18 11 11 7 7 14 30 30 7 2 2 0 0 0 0 0 1 0 0 0 0 0 2 2 2
 65 65 55 49 49 47 41 41 33 33 29 17 17 20 20 20 36 36 63 81 81 29 21 21 18 18 32 30 30 7 2 2 0 0 2 1 1 1 0 0 0 0 2 2 2 0
 62 62 47 40 40 35 37 37 38 38 33 21 21 21 32 32 74 74 77 77 77 31 29 29 20 20 16 15 15 9 4 4 4 4 1 2 2 1 0 0 0 0 0 0 0 1
 62 62 47 40 40 35 37 37 38 38 33 21 21 21 32 32 74 74 77 77 77 31 29 29 20 20 16 15 15 9 4 4 4 4 1 2 2 1 0 0 0 0 0 0 0 1
 87 87 64 61 61 48 38 38 36 36 42 35 35 26 32 32 31 31 33 35 35 35 14 14 10 10 13 10 10 7 5 5 4 4 4 2 2 1 1 1 1 1 1 1 1 3
 87 87 64 61 61 48 38 38 36 36 42 35 35 26 32 32 31 31 33 35 35 35 14 14 10 10 13 10 10 7 5 5 4 4 4 2 2 1 1 1 1 1 1 1 1 3
 85 85 85 80 80 33 34 34 36 36 35 37 37 24 32 32 32 32 33 19 19 16 10 10 6 6 11 8 8 8 7 7 3 3 3 1 1 1 1 1 2 2 2 3 3 6
 83 83 77 74 74 27 31 31 34 34 25 23 23 19 19 19 26 26 25 17 17 17 12 12 7 7 11 10 10 10 6 6 8 8 6 2 2 2 2 2 3 3 4 6 6 12
 83 83 77 74 74 27 31 31 34 34 25 23 23 19 19 19 26 26 25 17 17 17 12 12 7 7 11 10 10 10 6 6 8 8 6 2 2 2 2 2 3 3 4 6 6 12
 31 31 30 25 25 22 29 29 29 29 22 21 21 20 21 21 27 27 28 16 16 26 18 18 27 27 23 16 16 19 9 9 9 9 9 4 4 3 4 4 4 4 5 6 6 13
 27 27 29 21 21 18 18 18 25 25 21 24 24 20 21 21 20 20 24 25 25 27 35 35 34 34 24 29 29 25 14 14 15 15 4 4 4 3 4 4 4 4 5 7 7 16
 27 27 29 21 21 18 18 18 25 25 21 24 24 20 21 21 20 20 24 25 25 27 35 35 34 34 24 29 29 25 14 14 15 15 4 4 4 3 4 4 4 4 5 7 7 16
 32 32 26 22 22 18 18 18 21 21 21 21 21 20 22 22 29 29 31 33 33 34 33 33 41 41 40 48 48 47 41 41 21 21 6 8 8 5 5 5 5 5 11 11 11 15
 32 32 26 22 22 18 18 18 21 21 21 21 21 20 22 22 29 29 31 33 33 34 33 33 41 41 40 48 48 47 41 41 21 21 6 8 8 5 5 5 5 5 11 11 11 15
 35 35 26 24 24 22 16 16 17 17 17 17 17 19 24 24 28 28 49 42 42 38 37 37 44 44 49 54 54 51 50 50 18 18 17 11 11 11 10 10 10 10 10 9 9 7
 53 53 49 46 46 18 16 16 15 15 14 14 14 21 28 28 46 46 40 43 43 35 38 38 43 43 49 61 61 60 58 58 39 39 30 11 11 14 10 10 9 9 7 5 5 5
 53 53 49 46 46 18 16 16 15 15 14 14 14 21 28 28 46 46 40 43 43 35 38 38 43 43 49 61 61 60 58 58 39 39 30 11 11 14 10 10 9 9 7 5 5 5
 48 48 43 43 43 53 53 53 11 11 14 14 14 20 26 26 36 36 42 44 44 48 53 53 65 65 57 65 65 59 68 68 54 54 59 18 18 14 11 11 6 6 6 5 5 4
 35 35 36 38 38 51 51 51 12 12 15 18 18 19 20 20 21 21 32 34 34 43 63 63 68 68 75 63 63 56 65 65 70 70 58 25 25 11 10 10 4 4 5 1 1 0
 35 35 36 38 38 51 51 51 12 12 15 18 18 19 20 20 21 21 32 34 34 43 63 63 68 68 75 63 63 56 65 65 70 70 58 25 25 11 10 10 4 4 5 1 1 0
 17 17 19 52 52 51 11 11 9 9 13 13 13 11 14 14 14 14 25 28 28 34 54 54 63 63 83 77 77 65 65 65 50 50 41 17 17 15 8 8 6 6 7 2 2 1
 17 17 19 52 52 51 11 11 9 9 13 13 13 11 14 14 14 14 25 28 28 34 54 54 63 63 83 77 77 65 65 65 50 50 41 17 17 15 8 8 6 6 7 2 2 1
 18 18 20 24 24 20 13 13 13 13 9 11 11 10 10 10 10 10 15 22 22 28 35 35 55 55 88 93 93 61 53 53 42 42 35 24 24 21 10 10 8 8 7 1 1 1
 43 43 44 21 21 10 11 11 10 10 8 12 12 13 13 13 15 15 15 23 23 32 86 86 119 119 130 128 128 51 69 69 35 35 24 29 29 23 11 11 7 7 3 1 1 1
 43 43 44 21 21 10 11 11 10 10 8 12 12 13 13 13 15 15 15 23 23 32 86 86 119 119 130 128 128 51 69 69 35 35 24 29 29 23 11 11 7 7 3 1 1 1
 60 60 54 32 32 17 15 15 14 14 12 14 14 14 13 13 17 17 22 31 31 32 82 82 105 105 108 120 120 55 87 87 37 37 34 33 33 21 12 12 11 11 3 0 0 0
 69 69 68 44 44 38 24 24 32 32 35 28 28 27 28 28 22 22 22 21 21 18 21 21 26 26 21 56 56 23 112 112 37 37 40 29 29 19 10 10 12 12 4 1 1 0
 69 69 68 44 44 38 24 24 32 32 35 28 28 27 28 28 22 22 22 21 21 18 21 21 26 26 21 56 56 23 112 112 37 37 40 29 29 19 10 10 12 12 4 1 1 0
 35 35 38 37 37 38 35 35 32 32 33 25 25 32 34 34 27 27 26 30 30 23 24 24 20 20 12 19 19 14 54 54 20 20 13 18 18 12 8 8 11 11 4 8 8 0
 35 35 38 37 37 38 35 35 32 32 33 25 25 32 34 34 27 27 26 30 30 23 24 24 20 20 12 19 19 14 54 54 20 20 13 18 18 12 8 8 11 11 4 8 8 0
 32 32 32 33 33 29 33 33 30 30 31 29 29 30 34 34 27 27 23 20 20 20 19 19 16 16 12 13 13 11 18 18 11 11 11 6 6 7 7 7 4 4 7 5 5 3
 19 19 20 20 20 22 25 25 30 30 12 14 14 14 15 15 16 16 13 13 13 12 10 10 8 8 9 8 8 10 14 14 14 14 14 6 6 3 5 5 3 3 4 3 3 2
 19 19 20 20 20 22 25 25 30 30 12 14 14 14 15 15 16 16 13 13 13 12 10 10 8 8 9 8 8 10 14 14 14 14 14 6 6 3 5 5 3 3 4 3 3 2
 14 14 16 11 11 11 11 11 11 11 11 9 9 10 7 7 9 9 7 5 5 5 6 6 6 6 7 9 9 12 15 15 11 11 10 12 12 9 12 12 2 2 3 6 6 4
 8 8 10 8 8 7 5 5 5 5 4 4 4 4 6 6 5 5 4 4 4 4 4 4 4 4 5 7 7 12 11 11 10 10 10 15 15 15 18 18 15 15 13 12 12 12
