assets/RAT_results_old/precipitation/2023-10-10_IMERG.asc
ncols        46
nrows        77
xllcorner    74.800261325624
yllcorner    8.058333333333
cellsize     0.062500000000
NODATA_value -9999
 60 60 67 33 33 37 28 28 19 19 12 7 7 4 5 5 5 5 4 4 4 3 2 2 2 2 2 5 5 10 9 9 15 15 8 12 12 13 7 7 16 16 7 6 6 15
 58 58 45 24 24 28 27 27 24 24 20 16 16 10 8 8 6 6 6 7 7 7 9 9 9 9 14 14 14 16 21 21 25 25 22 27 27 37 18 18 20 20 11 11 11 15
 58 58 45 24 24 28 27 27 24 24 20 16 16 10 8 8 6 6 6 7 7 7 9 9 9 9 14 14 14 16 21 21 25 25 22 27 27 37 18 18 20 20 11 11 11 15
 38 38 40 24 24 19 22 22 24 24 24 23 23 16 14 14 14 14 13 12 12 11 18 18 16 16 24 18 18 17 23 23 22 22 20 28 28 44 22 22 26 26 23 23 23 19
 28 28 25 18 18 13 20 20 19 19 21 29 29 30 31 31 26 26 20 18 18 30 36 36 36 36 41 29 29 30 31 31 30 30 40 42 42 34 32 32 27 27 32 24 24 14
 28 28 25 18 18 13 20 20 19 19 21 29 29 30 31 31 26 26 20 18 18 30 36 36 36 36 41 29 29 30 31 31 30 30 40 42 42 34 32 32 27 27 32 24 24 14
 34 34 31 24 24 18 20 20 20 20 19 18 18 27 31 31 26 26 21 23 23 29 34 34 34 34 38 26 26 24 37 37 39 39 50 47 47 32 34 34 31 31 30 19 19 15
 34 34 31 24 24 18 20 20 20 20 19 18 18 27 31 31 26 26 21 23 23 29 34 34 34 34 38 26 26 24 37 37 39 39 50 47 47 32 34 34 31 31 30 19 19 15
 29 29 30 48 48 35 33 33 34 34 30 17 17 27 33 33 24 24 14 19 19 26 27 27 30 30 34 26 26 27 28 28 30 30 52 37 37 33 35 35 14 14 12 8 8 8
 26 26 43 54 54 45 41 41 40 40 33 26 26 23 22 22 17 17 17 19 19 25 23 23 19 19 11 8 8 9 3 3 19 19 19 38 38 38 35 35 11 11 10 1 1 0
 26 26 43 54 54 45 41 41 40 40 33 26 26 23 22 22 17 17 17 19 19 25 23 23 19 19 11 8 8 9 3 3 19 19 19 38 38 38 35 35 11 11 10 1 1 0
 21 21 26 41 41 45 41 41 43 43 38 27 27 22 17 17 20 20 15 12 12 11 13 13 10 10 3 5 5 7 3 3 17 17 17 37 37 4 8 8 2 2 2 1 1 1
 19 19 34 48 48 36 33 33 36 36 38 25 25 20 17 17 15 15 9 8 8 6 4 4 2 2 1 1 1 1 1 1 5 5 3 3 3 1 9 9 1 1 2 2 2 2
 19 19 34 48 48 36 33 33 36 36 38 25 25 20 17 17 15 15 9 8 8 6 4 4 2 2 1 1 1 1 1 1 5 5 3 3 3 1 9 9 1 1 2 2 2 2
 17 17 24 52 52 48 36 36 36 36 32 24 24 22 21 21 13 13 8 7 7 6 5 5 8 8 16 3 3 2 1 1 1 1 2 1 1 1 1 1 1 1 1 1 1 1
 17 17 24 52 52 48 36 36 36 36 32 24 24 22 21 21 13 13 8 7 7 6 5 5 8 8 16 3 3 2 1 1 1 1 2 1 1 1 1 1 1 1 1 1 1 1
 22 22 43 45 45 45 31 31 37 37 33 23 23 23 22 22 16 16 12 9 9 7 7 7 15 15 39 17 17 5 4 4 5 5 7 2 2 7 1 1 1 1 1 1 1 3
 19 19 22 43 43 45 29 29 26 26 30 20 20 21 21 21 26 26 11 10 10 7 7 7 20 20 16 20 20 21 5 5 7 7 13 8 8 5 3 3 4 4 4 5 5 7
 19 19 22 43 43 45 29 29 26 26 30 20 20 21 21 21 26 26 11 10 10 7 7 7 20 20 16 20 20 21 5 5 7 7 13 8 8 5 3 3 4 4 4 5 5 7
 16 16 19 43 43 32 35 35 26 26 24 23 23 22 19 19 16 16 9 13 13 7 13 13 13 13 11 15 15 7 7 7 5 5 6 4 4 4 6 6 6 6 6 8 8 7
 5 5 7 26 26 28 32 32 23 23 16 28 28 24 20 20 16 16 14 13 13 7 7 7 7 7 6 7 7 6 3 3 4 4 3 3 3 3 5 5 7 7 7 6 6 8
 5 5 7 26 26 28 32 32 23 23 16 28 28 24 20 20 16 16 14 13 13 7 7 7 7 7 6 7 7 6 3 3 4 4 3 3 3 3 5 5 7 7 7 6 6 8
 2 2 4 7 7 8 10 10 12 12 15 16 16 24 27 27 25 25 28 28 28 12 6 6 7 7 8 7 7 6 8 8 9 9 6 5 5 4 5 5 6 6 6 6 6 7
 2 2 4 7 7 8 10 10 12 12 15 16 16 24 27 27 25 25 28 28 28 12 6 6 7 7 8 7 7 6 8 8 9 9 6 5 5 4 5 5 6 6 6 6 6 7
 1 1 1 5 5 3 7 7 15 15 15 14 14 26 31 31 29 29 33 31 31 19 7 7 4 4 4 5 5 9 9 9 9 9 10 11 11 7 4 4 5 5 6 23 23 23
 0 0 1 1 1 3 10 10 19 19 16 14 14 15 25 25 29 29 30 24 24 19 10 10 5 5 3 3 3 9 8 8 7 7 10 8 8 5 4 4 5 5 5 5 5 39
 0 0 1 1 1 3 10 10 19 19 16 14 14 15 25 25 29 29 30 24 24 19 10 10 5 5 3 3 3 9 8 8 7 7 10 8 8 5 4 4 5 5 5 5 5 39
 1 1 1 2 2 4 8 8 11 11 15 21 21 14 11 11 23 23 29 27 27 25 14 14 6 6 2 4 4 3 4 4 4 4 6 5 5 5 5 5 6 6 7 5 5 38
 1 1 1 3 3 3 5 5 7 7 11 13 13 15 10 10 18 18 21 21 21 17 13 13 9 9 4 2 2 1 1 1 2 2 5 7 7 9 8 8 7 7 8 5 5 9
 1 1 1 3 3 3 5 5 7 7 11 13 13 15 10 10 18 18 21 21 21 17 13 13 9 9 4 2 2 1 1 1 2 2 5 7 7 9 8 8 7 7 8 5 5 9
 1 1 1 2 2 2 2 2 2 2 3 4 4 6 6 6 10 10 11 12 12 17 22 22 16 16 4 1 1 0 1 1 3 3 1 4 4 4 4 4 6 6 12 6 6 16
 1 1 1 2 2 2 2 2 2 2 3 4 4 6 6 6 10 10 11 12 12 17 22 22 16 16 4 1 1 0 1 1 3 3 1 4 4 4 4 4 6 6 12 6 6 16
 1 1 1 1 1 1 0 0 1 1 1 2 2 3 3 3 6 6 7 10 10 18 28 28 22 22 7 1 1 1 1 1 1 1 3 4 4 3 4 4 9 9 10 12 12 13
 0 0 0 0 0 0 0 0 0 0 0 1 1 1 2 2 3 3 6 12 12 16 14 14 15 15 5 2 2 1 2 2 2 2 3 4 4 5 5 5 10 10 10 9 9 8
 0 0 0 0 0 0 0 0 0 0 0 1 1 1 2 2 3 3 6 12 12 16 14 14 15 15 5 2 2 1 2 2 2 2 3 4 4 5 5 5 10 10 10 9 9 8
 0 0 0 0 0 0 0 0 0 0 0 0 0 0 1 1 1 1 4 13 13 9 4 4 4 4 1 1 1 1 1 1 2 2 3 5 5 4 5 5 5 5 6 9 9 6
 0 0 0 0 0 0 0 0 0 0 0 0 0 0 0 0 0 0 1 4 4 2 1 1 1 1 0 0 0 1 1 1 1 1 3 3 3 4 6 6 6 6 6 3 3 2
 0 0 0 0 0 0 0 0 0 0 0 0 0 0 0 0 0 0 1 4 4 2 1 1 1 1 0 0 0 1 1 1 1 1 3 3 3 4 6 6 6 6 6 3 3 2
 0 0 0 0 0 0 0 0 0 0 0 0 0 0 0 0 0 0 0 1 1 1 0 0 0 0 0 0 0 1 1 1 1 1 2 4 4 6 9 9 9 9 6 7 7 6
 0 0 0 0 0 0 0 0 0 0 0 0 0 0 0 0 0 0 0 1 1 1 0 0 0 0 0 0 0 1 1 1 1 1 2 4 4 6 9 9 9 9 6 7 7 6
 0 0 0 0 0 0 0 0 0 0 0 0 0 0 0 0 0 0 0 0 0 0 0 0 0 0 0 0 0 1 1 1 1 1 1 5 5 9 3 3 4 4 7 11 11 13
 0 0 0 0 0 0 0 0 0 0 0 0 0 0 0 0 0 0 0 0 0 0 0 0 0 0 0 0 0 0 0 0 1 1 1 3 3 6 2 2 3 3 5 9 9 16
 0 0 0 0 0 0 0 0 0 0 0 0 0 0 0 0 0 0 0 0 0 0 0 0 0 0 0 0 0 0 0 0 1 1 1 3 3 6 2 2 3 3 5 9 9 16
 0 0 0 0 0 0 0 0 0 0 0 0 0 0 0 0 0 0 0 0 0 0 0 0 1 1 1 1 1 2 1 1 1 1 2 4 4 13 5 5 4 4 4 6 6 4
 0 0 0 0 0 0 0 0 0 0 0 0 0 0 0 0 1 1 1 1 1 1 2 2 2 2 2 3 3 4 2 2 3 3 3 9 9 9 8 8 9 9 4 2 2 2
 0 0 0 0 0 0 0 0 0 0 0 0 0 0 0 0 1 1 1 1 1 1 2 2 2 2 2 3 3 4 2 2 3 3 3 9 9 9 8 8 9 9 4 2 2 2
 0 0 0 0 0 0 0 0 0 0 0 0 0 0 0 0 1 1 2 3 3 3 4 4 6 6 6 6 6 6 5 5 6 6 7 12 12 11 7 7 8 8 8 5 5 5
 0 0 0 0 0 0 0 0 0 0 0 0 0 0 0 0 1 1 2 3 3 3 4 4 6 6 6 6 6 6 5 5 6 6 7 12 12 11 7 7 8 8 8 5 5 5
 0 0 0 0 0 0 0 0 0 0 0 0 0 0 0 0 1 1 1 2 2 4 5 5 8 8 10 7 7 6 7 7 9 9 9 12 12 12 10 10 9 9 6 6 6 6
 0 0 0 0 0 0 0 0 0 0 0 0 0 0 0 0 0 0 0 1 1 2 4 4 8 8 8 6 6 5 6 6 9 9 10 14 14 15 19 19 25 25 9 8 8 6
 0 0 0 0 0 0 0 0 0 0 0 0 0 0 0 0 0 0 0 1 1 2 4 4 8 8 8 6 6 5 6 6 9 9 10 14 14 15 19 19 25 25 9 8 8 6
 0 0 0 0 0 0 0 0 0 0 0 0 0 0 0 0 0 0 0 1 1 2 4 4 8 8 8 8 8 8 8 8 10 10 15 20 20 19 12 12 9 9 8 9 9 6
 0 0 2 1 1 1 2 2 0 0 0 0 0 0 0 0 0 0 1 2 2 3 5 5 11 11 13 12 12 13 25 25 21 21 20 16 16 17 10 10 13 13 13 10 10 13
 0 0 2 1 1 1 2 2 0 0 0 0 0 0 0 0 0 0 1 2 2 3 5 5 11 11 13 12 12 13 25 25 21 21 20 16 16 17 10 10 13 13 13 10 10 13
 4 4 8 11 11 10 7 7 3 3 1 1 1 0 0 0 0 0 1 1 1 3 4 4 12 12 15 15 15 20 25 25 20 20 16 10 10 10 11 11 15 15 15 9 9 14
 4 4 8 11 11 10 7 7 3 3 1 1 1 0 0 0 0 0 1 1 1 3 4 4 12 12 15 15 15 20 25 25 20 20 16 10 10 10 11 11 15 15 15 9 9 14
 5 5 12 15 15 16 8 8 1 1 1 2 2 1 1 1 1 1 1 1 1 2 4 4 16 16 20 15 15 15 16 16 17 17 16 10 10 15 12 12 14 14 10 8 8 10
 6 6 3 5 5 8 6 6 1 1 1 2 2 3 2 2 2 2 2 3 3 5 6 6 3 3 18 13 13 14 17 17 17 17 19 20 20 11 13 13 11 11 11 7 7 9
 6 6 3 5 5 8 6 6 1 1 1 2 2 3 2 2 2 2 2 3 3 5 6 6 3 3 18 13 13 14 17 17 17 17 19 20 20 11 13 13 11 11 11 7 7 9
 3 3 2 3 3 5 4 4 1 1 0 1 1 1 3 3 5 5 5 6 6 11 9 9 5 5 25 18 18 20 22 22 23 23 26 25 25 16 20 20 19 19 22 21 21 14
 4 4 4 8 8 4 2 2 1 1 1 1 1 1 3 3 5 5 7 7 7 8 7 7 5 5 13 19 19 20 23 23 27 27 26 23 23 21 27 27 34 34 45 48 48 49
 4 4 4 8 8 4 2 2 1 1 1 1 1 1 3 3 5 5 7 7 7 8 7 7 5 5 13 19 19 20 23 23 27 27 26 23 23 21 27 27 34 34 45 48 48 49
 2 2 4 11 11 9 5 5 4 4 3 4 4 5 6 6 6 6 8 7 7 13 11 11 10 10 12 18 18 21 23 23 26 26 22 20 20 20 30 30 45 45 61 60 60 68
 2 2 4 11 11 9 5 5 4 4 3 4 4 5 6 6 6 6 8 7 7 13 11 11 10 10 12 18 18 21 23 23 26 26 22 20 20 20 30 30 45 45 61 60 60 68
 1 1 2 4 4 5 5 5 5 5 6 7 7 8 5 5 6 6 7 5 5 13 21 21 34 34 8 8 8 12 15 15 17 17 13 15 15 18 29 29 44 44 57 54 54 68
 0 0 0 1 1 3 6 6 6 6 10 15 15 19 9 9 5 5 6 8 8 24 35 35 61 61 30 11 11 15 18 18 16 16 16 14 14 15 20 20 26 26 30 34 34 44
 0 0 0 1 1 3 6 6 6 6 10 15 15 19 9 9 5 5 6 8 8 24 35 35 61 61 30 11 11 15 18 18 16 16 16 14 14 15 20 20 26 26 30 34 34 44
 0 0 0 1 1 5 5 5 6 6 9 17 17 22 15 15 10 10 11 9 9 6 35 35 56 56 45 19 19 11 16 16 19 19 19 15 15 11 10 10 12 12 17 17 17 17
 0 0 0 0 0 2 5 5 5 5 6 9 9 12 15 15 16 16 16 8 8 6 22 22 33 33 45 68 68 32 6 6 15 15 16 8 8 6 5 5 5 5 8 5 5 4
 0 0 0 0 0 2 5 5 5 5 6 9 9 12 15 15 16 16 16 8 8 6 22 22 33 33 45 68 68 32 6 6 15 15 16 8 8 6 5 5 5 5 8 5 5 4
 5 5 4 1 1 3 14 14 13 13 12 11 11 12 9 9 13 13 16 8 8 4 14 14 16 16 30 42 42 60 7 7 10 10 7 6 6 9 7 7 2 2 3 1 1 1
 5 5 4 1 1 3 14 14 13 13 12 11 11 12 9 9 13 13 16 8 8 4 14 14 16 16 30 42 42 60 7 7 10 10 7 6 6 9 7 7 2 2 3 1 1 1
 6 6 6 6 6 4 8 8 9 9 8 16 16 13 11 11 23 23 21 12 12 7 15 15 16 16 28 36 36 48 29 29 3 3 4 5 5 14 13 13 5 5 0 0 0 0
 3 3 4 5 5 3 3 3 5 5 5 13 13 7 9 9 20 20 21 18 18 11 9 9 10 10 22 26 26 35 34 34 16 16 2 4 4 4 3 3 1 1 0 0 0 0
 3 3 4 5 5 3 3 3 5 5 5 13 13 7 9 9 20 20 21 18 18 11 9 9 10 10 22 26 26 35 34 34 16 16 2 4 4 4 3 3 1 1 0 0 0 0
 2 2 2 3 3 2 2 2 2 2 2 3 3 2 5 5 9 9 17 20 20 18 11 11 9 9 7 22 22 26 24 24 20 20 6 4 4 2 0 0 0 0 0 0 0 0
 8 8 7 7 7 6 3 3 3 3 2 2 2 1 1 1 5 5 14 18 18 18 12 12 8 8 6 7 7 13 19 19 22 22 19 10 10 5 3 3 0 0 0 0 0 0
