assets/RAT_results_old/precipitation/2023-08-22_IMERG.asc
ncols        46
nrows        77
xllcorner    74.800261325624
yllcorner    8.058333333333
cellsize     0.062500000000
NODATA_value -9999
 0 0 0 0 0 0 0 0 0 0 0 0 0 0 0 0 0 0 0 0 0 0 0 0 0 0 0 0 0 0 0 0 0 0 1 1 1 1 1 1 2 2 2 2 2 3
 0 0 0 0 0 0 0 0 0 0 0 0 0 0 0 0 0 0 0 0 0 0 0 0 0 0 0 0 0 0 0 0 0 0 0 0 0 1 1 1 2 2 3 3 3 3
 0 0 0 0 0 0 0 0 0 0 0 0 0 0 0 0 0 0 0 0 0 0 0 0 0 0 0 0 0 0 0 0 0 0 0 0 0 1 1 1 2 2 3 3 3 3
 0 0 0 0 0 0 0 0 0 0 0 0 0 0 0 0 0 0 0 0 0 0 0 0 0 0 0 0 0 0 0 0 0 0 0 0 0 0 1 1 2 2 3 3 3 4
 1 1 0 0 0 0 0 0 0 0 0 0 0 0 0 0 0 0 0 0 0 0 0 0 0 0 0 0 0 0 0 0 0 0 0 0 0 0 1 1 2 2 3 4 4 5
 1 1 0 0 0 0 0 0 0 0 0 0 0 0 0 0 0 0 0 0 0 0 0 0 0 0 0 0 0 0 0 0 0 0 0 0 0 0 1 1 2 2 3 4 4 5
 1 1 0 0 0 0 0 0 0 0 0 0 0 0 0 0 0 0 0 0 0 0 0 0 0 0 0 0 0 0 0 0 0 0 0 0 0 0 1 1 2 2 4 6 6 8
 1 1 0 0 0 0 0 0 0 0 0 0 0 0 0 0 0 0 0 0 0 0 0 0 0 0 0 0 0 0 0 0 0 0 0 0 0 0 1 1 2 2 4 6 6 8
 0 0 0 0 0 1 1 1 0 0 0 0 0 0 0 0 0 0 0 0 0 0 0 0 0 0 0 0 0 0 0 0 0 0 0 0 0 0 1 1 2 2 3 5 5 5
 0 0 0 0 0 1 1 1 1 1 1 1 1 1 0 0 1 1 0 0 0 0 0 0 0 0 1 0 0 0 0 0 0 0 0 0 0 0 0 0 1 1 1 2 2 2
 0 0 0 0 0 1 1 1 1 1 1 1 1 1 0 0 1 1 0 0 0 0 0 0 0 0 1 0 0 0 0 0 0 0 0 0 0 0 0 0 1 1 1 2 2 2
 0 0 0 0 0 1 0 0 1 1 1 2 2 1 1 1 1 1 0 0 0 0 0 0 0 0 1 1 1 0 0 0 0 0 0 0 0 0 0 0 0 0 1 1 1 1
 0 0 0 0 0 0 0 0 0 0 0 0 0 1 1 1 1 1 0 0 0 0 0 0 0 0 1 1 1 1 1 1 0 0 0 0 0 0 0 0 0 0 0 0 0 0
 0 0 0 0 0 0 0 0 0 0 0 0 0 1 1 1 1 1 0 0 0 0 0 0 0 0 1 1 1 1 1 1 0 0 0 0 0 0 0 0 0 0 0 0 0 0
 0 0 0 0 0 0 0 0 0 0 0 0 0 0 0 0 0 0 0 0 0 0 0 0 0 0 0 0 0 1 1 1 0 0 0 0 0 0 1 1 1 1 0 0 0 0
 0 0 0 0 0 0 0 0 0 0 0 0 0 0 0 0 0 0 0 0 0 0 0 0 0 0 0 0 0 1 1 1 0 0 0 0 0 0 1 1 1 1 0 0 0 0
 0 0 0 0 0 0 0 0 0 0 0 0 0 0 0 0 0 0 0 0 0 0 0 0 0 0 0 0 0 1 0 0 0 0 0 0 0 0 0 0 0 0 0 0 0 1
 0 0 0 0 0 0 0 0 0 0 1 1 1 1 2 2 2 2 2 3 3 3 3 3 3 3 3 2 2 2 2 2 2 2 2 1 1 1 0 0 0 0 0 0 0 1
 0 0 0 0 0 0 0 0 0 0 1 1 1 1 2 2 2 2 2 3 3 3 3 3 3 3 3 2 2 2 2 2 2 2 2 1 1 1 0 0 0 0 0 0 0 1
 0 0 0 0 0 0 0 0 0 0 1 2 2 4 4 4 4 4 5 5 5 6 6 6 7 7 6 6 6 6 6 6 9 9 5 2 2 2 1 1 0 0 0 0 0 0
 0 0 0 0 0 0 0 0 0 0 1 1 1 2 3 3 4 4 5 6 6 7 7 7 8 8 9 8 8 7 11 11 14 14 9 4 4 4 4 4 2 2 2 1 1 1
 0 0 0 0 0 0 0 0 0 0 1 1 1 2 3 3 4 4 5 6 6 7 7 7 8 8 9 8 8 7 11 11 14 14 9 4 4 4 4 4 2 2 2 1 1 1
 0 0 0 0 0 0 0 0 0 0 0 0 0 0 1 1 1 1 2 3 3 3 3 3 4 4 4 5 5 6 7 7 8 8 16 6 6 6 5 5 5 5 5 4 4 3
 0 0 0 0 0 0 0 0 0 0 0 0 0 0 1 1 1 1 2 3 3 3 3 3 4 4 4 5 5 6 7 7 8 8 16 6 6 6 5 5 5 5 5 4 4 3
 0 0 0 0 0 0 0 0 0 0 0 0 0 0 1 1 1 1 2 2 2 2 2 2 3 3 3 5 5 8 9 9 9 9 10 6 6 7 8 8 6 6 8 13 13 5
 0 0 0 0 0 0 0 0 0 0 0 0 0 0 1 1 1 1 2 2 2 2 2 2 2 2 3 4 4 5 5 5 7 7 4 4 4 4 4 4 4 4 5 7 7 3
 0 0 0 0 0 0 0 0 0 0 0 0 0 0 1 1 1 1 2 2 2 2 2 2 2 2 3 4 4 5 5 5 7 7 4 4 4 4 4 4 4 4 5 7 7 3
 0 0 0 0 0 0 0 0 0 0 0 0 0 0 0 0 1 1 2 2 2 2 2 2 2 2 3 3 3 4 4 4 4 4 4 4 4 3 2 2 3 3 3 2 2 2
 0 0 0 0 0 0 0 0 0 0 0 0 0 0 1 1 2 2 2 3 3 2 2 2 3 3 3 3 3 3 4 4 4 4 4 4 4 3 3 3 3 3 3 2 2 2
 0 0 0 0 0 0 0 0 0 0 0 0 0 0 1 1 2 2 2 3 3 2 2 2 3 3 3 3 3 3 4 4 4 4 4 4 4 3 3 3 3 3 3 2 2 2
 0 0 0 0 0 0 0 0 0 0 0 0 0 1 1 1 2 2 2 2 2 2 2 2 2 2 3 3 3 3 4 4 4 4 3 3 3 4 4 4 5 5 7 6 6 3
 0 0 0 0 0 0 0 0 0 0 0 0 0 1 1 1 2 2 2 2 2 2 2 2 2 2 3 3 3 3 4 4 4 4 3 3 3 4 4 4 5 5 7 6 6 3
 0 0 0 0 0 0 0 0 0 0 0 0 0 1 1 1 1 1 2 2 2 2 2 2 2 2 2 2 2 3 3 3 2 2 2 3 3 3 3 3 4 4 4 4 4 2
 0 0 0 0 0 0 0 0 0 0 0 0 0 0 1 1 1 1 1 2 2 2 2 2 2 2 2 2 2 2 2 2 2 2 2 2 2 2 2 2 3 3 2 2 2 4
 0 0 0 0 0 0 0 0 0 0 0 0 0 0 1 1 1 1 1 2 2 2 2 2 2 2 2 2 2 2 2 2 2 2 2 2 2 2 2 2 3 3 2 2 2 4
 0 0 0 0 0 0 0 0 0 0 0 0 0 0 0 0 1 1 1 1 1 2 1 1 1 1 1 1 1 1 1 1 1 1 1 1 1 3 6 6 5 5 5 4 4 4
 0 0 0 0 0 0 0 0 0 0 0 0 0 0 0 0 0 0 1 1 1 1 1 1 1 1 1 1 1 1 1 1 2 2 2 3 3 6 10 10 10 10 10 8 8 8
 0 0 0 0 0 0 0 0 0 0 0 0 0 0 0 0 0 0 1 1 1 1 1 1 1 1 1 1 1 1 1 1 2 2 2 3 3 6 10 10 10 10 10 8 8 8
 0 0 0 0 0 0 0 0 0 0 0 0 0 0 0 0 0 0 1 1 1 1 1 1 1 1 1 1 1 2 3 3 3 3 3 6 6 13 15 15 18 18 18 18 18 20
 0 0 0 0 0 0 0 0 0 0 0 0 0 0 0 0 0 0 1 1 1 1 1 1 1 1 1 1 1 2 3 3 3 3 3 6 6 13 15 15 18 18 18 18 18 20
 0 0 0 0 0 0 0 0 0 0 0 0 0 0 0 0 1 1 1 1 1 1 2 2 2 2 2 3 3 3 4 4 4 4 6 8 8 14 17 17 16 16 18 23 23 25
 0 0 0 0 0 0 0 0 0 0 0 0 0 0 0 0 1 1 1 1 1 1 2 2 2 2 3 3 3 4 5 5 6 6 8 13 13 16 19 19 23 23 21 26 26 27
 0 0 0 0 0 0 0 0 0 0 0 0 0 0 0 0 1 1 1 1 1 1 2 2 2 2 3 3 3 4 5 5 6 6 8 13 13 16 19 19 23 23 21 26 26 27
 0 0 0 0 0 0 0 0 0 0 0 0 0 0 1 1 1 1 1 1 1 2 2 2 3 3 3 4 4 5 7 7 8 8 10 17 17 16 19 19 19 19 17 21 21 20
 0 0 0 0 0 0 0 0 0 0 0 0 0 0 1 1 1 1 1 1 1 1 2 2 3 3 3 3 3 5 7 7 8 8 10 13 13 16 16 16 17 17 17 19 19 19
 0 0 0 0 0 0 0 0 0 0 0 0 0 0 1 1 1 1 1 1 1 1 2 2 3 3 3 3 3 5 7 7 8 8 10 13 13 16 16 16 17 17 17 19 19 19
 0 0 0 0 0 0 0 0 0 0 0 0 0 0 1 1 1 1 1 1 1 1 1 1 3 3 4 3 3 4 5 5 7 7 8 11 11 14 17 17 20 20 21 24 24 23
 0 0 0 0 0 0 0 0 0 0 0 0 0 0 1 1 1 1 1 1 1 1 1 1 3 3 4 3 3 4 5 5 7 7 8 11 11 14 17 17 20 20 21 24 24 23
 0 0 0 0 0 0 0 0 0 0 0 0 0 0 1 1 1 1 1 1 1 1 2 2 4 4 4 4 4 6 6 6 7 7 9 10 10 12 18 18 25 25 25 31 31 36
 0 0 0 0 0 0 0 0 0 0 1 0 0 0 1 1 1 1 1 1 1 1 2 2 6 6 6 5 5 6 7 7 7 7 7 9 9 11 14 14 19 19 25 36 36 47
 0 0 0 0 0 0 0 0 0 0 1 0 0 0 1 1 1 1 1 1 1 1 2 2 6 6 6 5 5 6 7 7 7 7 7 9 9 11 14 14 19 19 25 36 36 47
 0 0 0 0 0 0 0 0 0 0 1 0 0 0 1 1 1 1 1 1 1 1 1 1 3 3 6 5 5 6 7 7 6 6 7 9 9 13 16 16 24 24 32 42 42 55
 0 0 0 0 0 0 0 0 0 0 1 1 1 1 1 1 1 1 1 1 1 1 2 2 6 6 11 8 8 6 6 6 7 7 8 10 10 19 22 22 31 31 44 52 52 58
 0 0 0 0 0 0 0 0 0 0 1 1 1 1 1 1 1 1 1 1 1 1 2 2 6 6 11 8 8 6 6 6 7 7 8 10 10 19 22 22 31 31 44 52 52 58
 0 0 0 0 0 0 0 0 0 0 1 1 1 1 1 1 1 1 1 1 1 2 2 2 4 4 6 5 5 5 6 6 6 6 8 9 9 15 23 23 35 35 42 51 51 54
 0 0 0 0 0 0 0 0 0 0 1 1 1 1 1 1 1 1 1 1 1 2 2 2 4 4 6 5 5 5 6 6 6 6 8 9 9 15 23 23 35 35 42 51 51 54
 0 0 0 0 0 0 0 0 0 0 0 0 0 1 1 1 1 1 1 1 1 2 2 2 4 4 5 4 4 5 5 5 6 6 8 9 9 11 17 17 26 26 32 42 42 36
 0 0 0 0 0 0 0 0 0 0 0 0 0 1 1 1 1 1 1 1 1 1 2 2 2 2 3 3 3 4 5 5 5 5 6 7 7 8 9 9 12 12 15 24 24 23
 0 0 0 0 0 0 0 0 0 0 0 0 0 1 1 1 1 1 1 1 1 1 2 2 2 2 3 3 3 4 5 5 5 5 6 7 7 8 9 9 12 12 15 24 24 23
 0 0 0 1 1 1 0 0 0 0 0 0 0 0 0 0 1 1 3 2 2 2 1 1 1 1 2 2 2 3 3 3 4 4 5 6 6 7 7 7 8 8 12 16 16 12
 0 0 0 0 0 0 0 0 0 0 0 0 0 0 0 0 0 0 2 2 2 3 1 1 1 1 1 1 1 2 2 2 3 3 4 4 4 4 4 4 4 4 6 12 12 8
 0 0 0 0 0 0 0 0 0 0 0 0 0 0 0 0 0 0 2 2 2 3 1 1 1 1 1 1 1 2 2 2 3 3 4 4 4 4 4 4 4 4 6 12 12 8
 0 0 0 0 0 0 0 0 0 0 3 4 4 2 0 0 0 0 0 1 1 1 1 1 0 0 0 1 1 3 3 3 3 3 4 4 4 3 2 2 2 2 4 10 10 5
 0 0 0 0 0 0 0 0 0 0 3 4 4 2 0 0 0 0 0 1 1 1 1 1 0 0 0 1 1 3 3 3 3 3 4 4 4 3 2 2 2 2 4 10 10 5
 0 0 0 1 1 0 0 0 0 0 0 1 1 0 0 0 0 0 0 0 0 0 1 1 0 0 1 1 1 10 11 11 6 6 9 6 6 4 3 3 3 3 5 4 4 2
 0 0 0 0 0 0 0 0 0 0 0 1 1 1 0 0 0 0 0 0 0 0 0 0 0 0 1 2 2 8 8 8 3 3 4 5 5 4 2 2 3 3 8 4 4 1
 0 0 0 0 0 0 0 0 0 0 0 1 1 1 0 0 0 0 0 0 0 0 0 0 0 0 1 2 2 8 8 8 3 3 4 5 5 4 2 2 3 3 8 4 4 1
 0 0 0 0 0 0 0 0 0 0 2 2 2 0 0 0 0 0 0 0 0 0 1 1 0 0 0 0 0 1 2 2 1 1 1 1 1 1 1 1 1 1 2 1 1 0
 0 0 0 0 0 0 0 0 0 0 0 0 0 0 0 0 0 0 0 0 0 0 1 1 0 0 0 0 0 0 0 0 1 1 1 1 1 1 1 1 1 1 1 0 0 0
 0 0 0 0 0 0 0 0 0 0 0 0 0 0 0 0 0 0 0 0 0 0 1 1 0 0 0 0 0 0 0 0 1 1 1 1 1 1 1 1 1 1 1 0 0 0
 0 0 0 0 0 0 0 0 0 0 0 0 0 0 0 0 0 0 0 0 0 1 1 1 1 1 1 1 1 1 1 1 1 1 1 1 1 3 4 4 3 3 1 0 0 0
 0 0 0 0 0 0 0 0 0 0 0 0 0 0 0 0 0 0 0 0 0 1 1 1 1 1 1 1 1 1 1 1 1 1 1 1 1 3 4 4 3 3 1 0 0 0
 0 0 0 0 0 0 1 1 0 0 0 0 0 0 0 0 0 0 0 0 0 1 0 0 1 1 1 1 1 2 1 1 1 1 1 2 2 4 4 4 2 2 1 0 0 0
 0 0 0 0 0 1 1 1 1 1 0 0 0 0 0 0 0 0 0 0 0 0 0 0 1 1 1 1 1 1 1 1 0 0 1 1 1 1 1 1 1 1 0 0 0 0
 0 0 0 0 0 1 1 1 1 1 0 0 0 0 0 0 0 0 0 0 0 0 0 0 1 1 1 1 1 1 1 1 0 0 1 1 1 1 1 1 1 1 0 0 0 0
 0 0 0 0 0 1 1 1 1 1 0 0 0 0 0 0 0 0 0 0 0 0 0 0 0 0 0 0 0 0 0 0 0 0 0 0 0 0 0 0 0 0 1 0 0 0
 0 0 5 0 0 0 1 1 1 1 1 1 1 1 0 0 0 0 0 0 0 0 0 0 0 0 0 0 0 0 0 0 0 0 0 0 0 0 0 0 0 0 0 0 0 0
