assets/RAT_results_old/precipitation/2023-12-11_IMERG.asc
ncols        46
nrows        77
xllcorner    74.800261325624
yllcorner    8.058333333333
cellsize     0.062500000000
NODATA_value -9999
 0 0 0 0 0 0 0 0 0 0 0 0 0 0 0 0 0 0 1 2 2 2 1 1 0 0 0 0 0 0 0 0 0 0 0 0 0 0 0 0 0 0 0 0 0 0
 0 0 0 3 3 0 0 0 0 0 0 0 0 1 1 1 1 1 3 5 5 3 0 0 0 0 0 0 0 0 0 0 0 0 0 0 0 0 0 0 0 0 0 0 0 0
 0 0 0 3 3 0 0 0 0 0 0 0 0 1 1 1 1 1 3 5 5 3 0 0 0 0 0 0 0 0 0 0 0 0 0 0 0 0 0 0 0 0 0 0 0 0
 0 0 0 7 7 0 0 0 0 0 0 2 2 2 1 1 1 1 3 1 1 1 0 0 0 0 0 0 0 0 0 0 0 0 0 0 0 0 0 0 0 0 0 0 0 0
 1 1 0 0 0 0 0 0 0 0 0 4 4 8 3 3 0 0 0 0 0 0 0 0 0 0 0 0 0 0 0 0 0 0 0 0 0 0 0 0 0 0 0 0 0 0
 1 1 0 0 0 0 0 0 0 0 0 4 4 8 3 3 0 0 0 0 0 0 0 0 0 0 0 0 0 0 0 0 0 0 0 0 0 0 0 0 0 0 0 0 0 0
 0 0 1 0 0 0 0 0 0 0 0 0 0 2 0 0 0 0 0 0 0 0 0 0 0 0 0 0 0 0 0 0 0 0 0 0 0 0 0 0 0 0 0 0 0 0
 0 0 1 0 0 0 0 0 0 0 0 0 0 2 0 0 0 0 0 0 0 0 0 0 0 0 0 0 0 0 0 0 0 0 0 0 0 0 0 0 0 0 0 0 0 0
 1 1 1 0 0 0 0 0 0 0 0 0 0 0 1 1 0 0 0 0 0 0 0 0 0 0 0 0 0 0 0 0 0 0 0 0 0 0 0 0 0 0 0 0 0 0
 1 1 1 0 0 0 0 0 0 0 0 0 0 0 0 0 0 0 0 0 0 0 0 0 0 0 0 0 0 0 0 0 0 0 0 0 0 0 0 0 0 0 0 0 0 0
 1 1 1 0 0 0 0 0 0 0 0 0 0 0 0 0 0 0 0 0 0 0 0 0 0 0 0 0 0 0 0 0 0 0 0 0 0 0 0 0 0 0 0 0 0 0
 2 2 2 1 1 0 0 0 0 0 0 0 0 0 0 0 0 0 0 0 0 0 0 0 0 0 0 0 0 0 0 0 0 0 0 0 0 0 0 0 0 0 0 0 0 0
 2 2 3 1 1 1 0 0 0 0 0 0 0 0 0 0 0 0 0 0 0 0 0 0 0 0 0 0 0 0 0 0 0 0 0 0 0 0 0 0 0 0 0 0 0 0
 2 2 3 1 1 1 0 0 0 0 0 0 0 0 0 0 0 0 0 0 0 0 0 0 0 0 0 0 0 0 0 0 0 0 0 0 0 0 0 0 0 0 0 0 0 0
 6 6 7 7 7 2 1 1 0 0 0 0 0 0 0 0 0 0 0 0 0 0 0 0 0 0 0 0 0 0 0 0 0 0 0 0 0 0 0 0 0 0 0 0 0 0
 6 6 7 7 7 2 1 1 0 0 0 0 0 0 0 0 0 0 0 0 0 0 0 0 0 0 0 0 0 0 0 0 0 0 0 0 0 0 0 0 0 0 0 0 0 0
 4 4 4 4 4 3 3 3 2 2 2 1 1 1 0 0 0 0 0 0 0 0 0 0 0 0 0 0 0 0 0 0 0 0 0 0 0 0 0 0 0 0 0 0 0 0
 4 4 2 2 2 19 23 23 18 18 16 4 4 2 1 1 0 0 0 0 0 0 0 0 0 0 0 0 0 0 0 0 0 0 0 0 0 0 0 0 0 0 0 0 0 0
 4 4 2 2 2 19 23 23 18 18 16 4 4 2 1 1 0 0 0 0 0 0 0 0 0 0 0 0 0 0 0 0 0 0 0 0 0 0 0 0 0 0 0 0 0 0
 3 3 3 3 3 23 31 31 31 31 31 10 10 3 1 1 1 1 0 0 0 0 0 0 0 0 0 0 0 0 0 0 0 0 0 0 0 0 0 0 0 0 0 0 0 0
 2 2 3 3 3 22 37 37 49 49 42 32 32 12 3 3 5 5 1 0 0 0 0 0 0 0 0 0 0 0 0 0 0 0 0 0 0 0 0 0 0 0 0 0 0 0
 2 2 3 3 3 22 37 37 49 49 42 32 32 12 3 3 5 5 1 0 0 0 0 0 0 0 0 0 0 0 0 0 0 0 0 0 0 0 0 0 0 0 0 0 0 0
 2 2 3 2 2 4 43 43 39 39 57 54 54 20 9 9 7 7 1 2 2 2 1 1 1 1 1 1 1 0 0 0 0 0 0 0 0 0 0 0 0 0 0 0 0 0
 2 2 3 2 2 4 43 43 39 39 57 54 54 20 9 9 7 7 1 2 2 2 1 1 1 1 1 1 1 0 0 0 0 0 0 0 0 0 0 0 0 0 0 0 0 0
 2 2 2 2 2 4 12 12 43 43 51 55 55 32 17 17 25 25 14 7 7 7 3 3 3 3 1 0 0 0 0 0 0 0 0 0 0 0 0 0 0 0 0 0 0 0
 2 2 3 3 3 4 10 10 16 16 47 47 47 36 40 40 27 27 14 5 5 3 1 1 2 2 1 0 0 0 0 0 0 0 0 0 0 0 0 0 0 0 0 0 0 0
 2 2 3 3 3 4 10 10 16 16 47 47 47 36 40 40 27 27 14 5 5 3 1 1 2 2 1 0 0 0 0 0 0 0 0 0 0 0 0 0 0 0 0 0 0 0
 3 3 4 4 4 4 6 6 16 16 31 24 24 27 19 19 17 17 11 7 7 0 1 1 2 2 1 0 0 0 0 0 0 0 0 0 0 0 0 0 0 0 0 0 0 0
 7 7 6 6 6 5 11 11 17 17 25 21 21 20 16 16 18 18 11 6 6 0 0 0 2 2 1 0 0 0 0 0 0 0 0 0 0 0 0 0 0 0 0 0 0 0
 7 7 6 6 6 5 11 11 17 17 25 21 21 20 16 16 18 18 11 6 6 0 0 0 2 2 1 0 0 0 0 0 0 0 0 0 0 0 0 0 0 0 0 0 0 0
 13 13 11 8 8 8 12 12 10 10 12 15 15 10 14 14 12 12 7 1 1 0 0 0 1 1 0 0 0 0 0 0 0 0 0 0 0 0 0 0 0 0 0 0 0 0
 13 13 11 8 8 8 12 12 10 10 12 15 15 10 14 14 12 12 7 1 1 0 0 0 1 1 0 0 0 0 0 0 0 0 0 0 0 0 0 0 0 0 0 0 0 0
 30 30 17 13 13 12 9 9 2 2 3 4 4 3 5 5 11 11 4 1 1 0 0 0 0 0 0 0 0 0 0 0 0 0 0 0 0 0 0 0 0 0 0 0 0 0
 11 11 16 12 12 7 2 2 1 1 1 2 2 3 2 2 1 1 0 1 1 0 0 0 0 0 0 0 0 0 0 0 0 0 0 0 0 0 0 0 0 0 0 1 1 2
 11 11 16 12 12 7 2 2 1 1 1 2 2 3 2 2 1 1 0 1 1 0 0 0 0 0 0 0 0 0 0 0 0 0 0 0 0 0 0 0 0 0 0 1 1 2
 2 2 5 5 5 4 3 3 2 2 2 2 2 3 2 2 1 1 0 0 0 0 0 0 0 0 0 0 0 0 0 0 0 0 0 0 0 0 0 0 0 0 0 1 1 2
 1 1 2 3 3 5 6 6 6 6 4 3 3 4 2 2 0 0 0 0 0 0 0 0 0 0 0 0 0 0 1 1 1 1 1 1 1 0 0 0 0 0 0 1 1 1
 1 1 2 3 3 5 6 6 6 6 4 3 3 4 2 2 0 0 0 0 0 0 0 0 0 0 0 0 0 0 1 1 1 1 1 1 1 0 0 0 0 0 0 1 1 1
 2 2 3 2 2 5 10 10 10 10 6 10 10 6 2 2 0 0 0 0 0 0 0 0 0 0 0 1 1 2 3 3 2 2 2 3 3 1 0 0 0 0 0 0 0 1
 2 2 3 2 2 5 10 10 10 10 6 10 10 6 2 2 0 0 0 0 0 0 0 0 0 0 0 1 1 2 3 3 2 2 2 3 3 1 0 0 0 0 0 0 0 1
 1 1 1 1 1 3 8 8 12 12 12 13 13 10 5 5 5 5 0 0 0 0 0 0 0 0 1 1 1 2 2 2 1 1 1 4 4 1 0 0 1 1 0 0 0 0
 1 1 1 1 1 3 9 9 6 6 4 14 14 9 8 8 3 3 1 0 0 0 0 0 0 0 1 2 2 1 0 0 0 0 0 1 1 0 0 0 0 0 0 0 0 0
 1 1 1 1 1 3 9 9 6 6 4 14 14 9 8 8 3 3 1 0 0 0 0 0 0 0 1 2 2 1 0 0 0 0 0 1 1 0 0 0 0 0 0 0 0 0
 2 2 2 2 2 2 2 2 2 2 2 3 3 2 1 1 1 1 2 0 0 0 0 0 2 2 3 2 2 0 0 0 1 1 1 1 1 0 0 0 1 1 0 0 0 0
 6 6 10 4 4 1 1 1 1 1 1 1 1 2 1 1 1 1 1 0 0 0 1 1 5 5 4 1 1 0 1 1 2 2 1 1 1 1 0 0 0 0 0 0 0 0
 6 6 10 4 4 1 1 1 1 1 1 1 1 2 1 1 1 1 1 0 0 0 1 1 5 5 4 1 1 0 1 1 2 2 1 1 1 1 0 0 0 0 0 0 0 0
 11 11 11 2 2 0 0 0 1 1 1 1 1 1 3 3 4 4 1 0 0 1 1 1 5 5 5 2 2 1 1 1 3 3 1 0 0 0 0 0 0 0 0 0 0 0
 11 11 11 2 2 0 0 0 1 1 1 1 1 1 3 3 4 4 1 0 0 1 1 1 5 5 5 2 2 1 1 1 3 3 1 0 0 0 0 0 0 0 0 0 0 0
 3 3 2 0 0 0 0 0 0 0 1 1 1 1 1 1 2 2 0 0 0 0 1 1 5 5 4 2 2 1 3 3 5 5 1 0 0 0 0 0 0 0 0 0 0 0
 0 0 25 0 0 0 1 1 1 1 2 2 2 1 1 1 0 0 0 0 0 1 2 2 3 3 3 3 3 2 1 1 2 2 2 1 1 0 0 0 0 0 0 0 0 0
 0 0 25 0 0 0 1 1 1 1 2 2 2 1 1 1 0 0 0 0 0 1 2 2 3 3 3 3 3 2 1 1 2 2 2 1 1 0 0 0 0 0 0 0 0 0
 0 0 26 29 29 29 2 2 3 3 4 4 4 3 2 2 2 2 1 2 2 1 1 1 2 2 4 5 5 3 4 4 5 5 9 12 12 1 0 0 0 0 0 0 0 0
 0 0 2 3 3 32 4 4 7 7 8 10 10 9 8 8 6 6 2 2 2 1 1 1 1 1 1 2 2 7 11 11 14 14 20 8 8 2 0 0 0 0 0 0 0 0
 0 0 2 3 3 32 4 4 7 7 8 10 10 9 8 8 6 6 2 2 2 1 1 1 1 1 1 2 2 7 11 11 14 14 20 8 8 2 0 0 0 0 0 0 0 0
 0 0 1 4 4 7 7 7 8 8 11 12 12 10 11 11 8 8 1 1 1 1 1 1 0 0 1 3 3 12 22 22 20 20 15 7 7 3 2 2 0 0 0 0 0 0
 0 0 1 4 4 7 7 7 8 8 11 12 12 10 11 11 8 8 1 1 1 1 1 1 0 0 1 3 3 12 22 22 20 20 15 7 7 3 2 2 0 0 0 0 0 0
 0 0 0 1 1 2 4 4 6 6 9 11 11 9 8 8 6 6 2 1 1 0 1 1 4 4 3 5 5 14 25 25 14 14 9 4 4 3 0 0 0 0 0 0 0 0
 0 0 0 1 1 1 1 1 8 8 12 10 10 9 5 5 4 4 5 2 2 2 4 4 5 5 7 9 9 12 16 16 8 8 4 1 1 0 0 0 0 0 0 0 0 0
 0 0 0 1 1 1 1 1 8 8 12 10 10 9 5 5 4 4 5 2 2 2 4 4 5 5 7 9 9 12 16 16 8 8 4 1 1 0 0 0 0 0 0 0 0 0
 0 0 1 3 3 3 1 1 5 5 18 21 21 8 3 3 2 2 4 1 1 1 5 5 9 9 14 15 15 12 9 9 4 4 1 0 0 0 0 0 0 0 0 0 0 0
 0 0 0 1 1 1 1 1 5 5 11 13 13 9 4 4 2 2 2 2 2 5 5 5 9 9 13 18 18 11 6 6 2 2 1 0 0 0 0 0 0 0 0 0 0 0
 0 0 0 1 1 1 1 1 5 5 11 13 13 9 4 4 2 2 2 2 2 5 5 5 9 9 13 18 18 11 6 6 2 2 1 0 0 0 0 0 0 0 0 0 0 0
 0 0 0 0 0 0 1 1 2 2 4 5 5 3 2 2 2 2 2 2 2 3 5 5 4 4 9 11 11 8 4 4 4 4 2 1 1 0 0 0 0 0 1 0 0 0
 0 0 0 0 0 0 1 1 2 2 4 5 5 3 2 2 2 2 2 2 2 3 5 5 4 4 9 11 11 8 4 4 4 4 2 1 1 0 0 0 0 0 1 0 0 0
 0 0 0 0 0 1 1 1 2 2 2 1 1 1 2 2 2 2 4 38 38 7 7 7 4 4 16 51 51 19 15 15 6 6 2 1 1 0 0 0 0 0 0 0 0 0
 1 1 1 1 1 2 1 1 1 1 2 1 1 1 7 7 7 7 5 7 7 8 8 8 17 17 15 54 54 40 21 21 7 7 4 0 0 0 0 0 0 0 0 0 0 0
 1 1 1 1 1 2 1 1 1 1 2 1 1 1 7 7 7 7 5 7 7 8 8 8 17 17 15 54 54 40 21 21 7 7 4 0 0 0 0 0 0 0 0 0 0 0
 6 6 3 2 2 5 3 3 1 1 2 34 34 1 6 6 6 6 3 6 6 8 8 8 7 7 94 84 84 95 35 35 10 10 4 0 0 2 0 0 0 0 0 0 0 0
 5 5 2 3 3 4 3 3 2 2 2 35 35 36 23 23 5 5 6 13 13 12 11 11 11 11 101 108 108 80 19 19 13 13 3 14 14 2 1 1 1 1 1 1 1 1
 5 5 2 3 3 4 3 3 2 2 2 35 35 36 23 23 5 5 6 13 13 12 11 11 11 11 101 108 108 80 19 19 13 13 3 14 14 2 1 1 1 1 1 1 1 1
 2 2 3 6 6 5 4 4 7 7 4 46 46 39 39 39 22 22 9 18 18 13 13 13 56 56 167 107 107 76 14 14 12 12 4 13 13 6 0 0 0 0 0 1 1 1
 2 2 3 6 6 5 4 4 7 7 4 46 46 39 39 39 22 22 9 18 18 13 13 13 56 56 167 107 107 76 14 14 12 12 4 13 13 6 0 0 0 0 0 1 1 1
 2 2 3 7 7 8 5 5 54 54 32 52 52 43 43 43 26 26 19 22 22 15 14 14 55 55 16 66 66 42 37 37 7 7 6 4 4 2 0 0 0 0 0 0 0 1
 2 2 2 4 4 8 19 19 63 63 74 71 71 52 52 52 37 37 27 31 31 18 16 16 41 41 18 68 68 68 66 66 7 7 4 4 4 2 1 1 0 0 0 1 1 2
 2 2 2 4 4 8 19 19 63 63 74 71 71 52 52 52 37 37 27 31 31 18 16 16 41 41 18 68 68 68 66 66 7 7 4 4 4 2 1 1 0 0 0 1 1 2
 6 6 3 3 3 8 55 55 46 46 74 63 63 49 51 51 40 40 30 31 31 21 19 19 18 18 19 44 44 38 36 36 5 5 3 2 2 1 0 0 1 1 2 3 3 3
 8 8 6 4 4 6 46 46 46 46 58 59 59 50 39 39 41 41 51 50 50 51 38 38 19 19 16 41 41 36 42 42 5 5 4 2 2 0 0 0 1 1 3 2 2 3
