assets/RAT_results_old/precipitation/2023-07-07_IMERG.asc
ncols        46
nrows        77
xllcorner    74.800261325624
yllcorner    8.058333333333
cellsize     0.062500000000
NODATA_value -9999
 55 55 54 42 42 39 29 29 32 32 34 30 30 22 14 14 9 9 3 2 2 0 0 0 0 0 0 0 0 0 1 1 1 1 1 2 2 2 1 1 1 1 1 0 0 0
 46 46 43 38 38 26 27 27 27 27 21 15 15 9 7 7 9 9 3 1 1 0 0 0 0 0 0 0 0 0 0 0 1 1 2 2 2 1 0 0 1 1 1 0 0 0
 46 46 43 38 38 26 27 27 27 27 21 15 15 9 7 7 9 9 3 1 1 0 0 0 0 0 0 0 0 0 0 0 1 1 2 2 2 1 0 0 1 1 1 0 0 0
 41 41 41 27 27 18 14 14 14 14 8 7 7 4 4 4 10 10 3 1 1 0 0 0 0 0 0 0 0 0 0 0 1 1 1 0 0 0 0 0 0 0 0 0 0 0
 31 31 50 37 37 27 17 17 20 20 11 7 7 5 2 2 2 2 3 1 1 0 0 0 0 0 0 0 0 0 1 1 1 1 1 0 0 0 0 0 0 0 0 0 0 0
 31 31 50 37 37 27 17 17 20 20 11 7 7 5 2 2 2 2 3 1 1 0 0 0 0 0 0 0 0 0 1 1 1 1 1 0 0 0 0 0 0 0 0 0 0 0
 33 33 33 41 41 28 17 17 14 14 11 8 8 2 2 2 3 3 2 1 1 0 3 3 0 0 0 0 0 1 1 1 1 1 1 0 0 0 0 0 0 0 0 0 0 0
 33 33 33 41 41 28 17 17 14 14 11 8 8 2 2 2 3 3 2 1 1 0 3 3 0 0 0 0 0 1 1 1 1 1 1 0 0 0 0 0 0 0 0 0 0 0
 27 27 30 38 38 30 17 17 13 13 13 10 10 7 10 10 5 5 3 1 1 1 3 3 4 4 2 1 1 1 1 1 1 1 0 0 0 0 0 0 0 0 0 0 0 0
 27 27 26 28 28 27 23 23 25 25 26 17 17 11 8 8 9 9 2 2 2 2 1 1 0 0 0 1 1 1 2 2 0 0 0 0 0 0 0 0 0 0 0 0 0 0
 27 27 26 28 28 27 23 23 25 25 26 17 17 11 8 8 9 9 2 2 2 2 1 1 0 0 0 1 1 1 2 2 0 0 0 0 0 0 0 0 0 0 0 0 0 0
 26 26 28 29 29 31 22 22 21 21 18 23 23 23 19 19 19 19 8 3 3 2 1 1 0 0 0 0 0 1 2 2 1 1 0 0 0 2 0 0 1 1 1 1 1 0
 29 29 26 34 34 42 29 29 20 20 19 22 22 22 17 17 18 18 10 6 6 4 2 2 1 1 0 2 2 2 0 0 0 0 0 0 0 2 1 1 1 1 3 1 1 0
 29 29 26 34 34 42 29 29 20 20 19 22 22 22 17 17 18 18 10 6 6 4 2 2 1 1 0 2 2 2 0 0 0 0 0 0 0 2 1 1 1 1 3 1 1 0
 27 27 29 23 23 23 22 22 20 20 21 27 27 29 39 39 34 34 12 5 5 5 1 1 1 1 1 0 0 0 0 0 0 0 0 0 0 3 3 3 3 3 2 0 0 0
 27 27 29 23 23 23 22 22 20 20 21 27 27 29 39 39 34 34 12 5 5 5 1 1 1 1 1 0 0 0 0 0 0 0 0 0 0 3 3 3 3 3 2 0 0 0
 18 18 19 10 10 18 15 15 21 21 21 22 22 26 28 28 16 16 14 5 5 3 3 3 2 2 1 0 0 0 0 0 0 0 0 1 1 2 3 3 4 4 3 0 0 0
 18 18 17 5 5 5 10 10 12 12 18 25 25 30 24 24 14 14 12 4 4 2 2 2 2 2 1 0 0 0 0 0 0 0 0 0 0 2 3 3 4 4 1 1 1 0
 18 18 17 5 5 5 10 10 12 12 18 25 25 30 24 24 14 14 12 4 4 2 2 2 2 2 1 0 0 0 0 0 0 0 0 0 0 2 3 3 4 4 1 1 1 0
 10 10 8 6 6 5 5 5 11 11 11 32 32 26 23 23 17 17 9 5 5 4 2 2 3 3 2 3 3 1 2 2 0 0 0 0 0 0 1 1 1 1 2 1 1 0
 9 9 7 7 7 8 8 8 10 10 9 17 17 16 14 14 12 12 6 4 4 5 4 4 4 4 5 7 7 8 2 2 3 3 0 0 0 0 0 0 0 0 0 0 0 0
 9 9 7 7 7 8 8 8 10 10 9 17 17 16 14 14 12 12 6 4 4 5 4 4 4 4 5 7 7 8 2 2 3 3 0 0 0 0 0 0 0 0 0 0 0 0
 9 9 10 14 14 14 15 15 18 18 13 13 13 24 17 17 12 12 9 6 6 7 7 7 6 6 5 7 7 5 3 3 5 5 1 0 0 0 0 0 0 0 0 0 0 0
 9 9 10 14 14 14 15 15 18 18 13 13 13 24 17 17 12 12 9 6 6 7 7 7 6 6 5 7 7 5 3 3 5 5 1 0 0 0 0 0 0 0 0 0 0 0
 9 9 10 16 16 20 21 21 24 24 16 13 13 15 11 11 11 11 6 3 3 5 8 8 10 10 9 11 11 9 8 8 3 3 2 0 0 0 0 0 0 0 0 0 0 0
 8 8 8 11 11 13 12 12 14 14 13 16 16 17 9 9 7 7 5 2 2 7 10 10 14 14 13 8 8 7 5 5 2 2 2 0 0 0 0 0 0 0 0 0 0 0
 8 8 8 11 11 13 12 12 14 14 13 16 16 17 9 9 7 7 5 2 2 7 10 10 14 14 13 8 8 7 5 5 2 2 2 0 0 0 0 0 0 0 0 0 0 0
 6 6 5 7 7 8 9 9 13 13 14 20 20 12 7 7 4 4 6 3 3 3 8 8 5 5 6 4 4 1 1 1 0 0 0 0 0 0 0 0 1 1 1 0 0 0
 5 5 6 7 7 9 14 14 14 14 16 16 16 11 6 6 5 5 6 6 6 3 3 3 3 3 3 3 3 1 0 0 0 0 1 0 0 1 1 1 3 3 2 1 1 0
 5 5 6 7 7 9 14 14 14 14 16 16 16 11 6 6 5 5 6 6 6 3 3 3 3 3 3 3 3 1 0 0 0 0 1 0 0 1 1 1 3 3 2 1 1 0
 6 6 8 9 9 13 15 15 14 14 12 11 11 15 6 6 6 6 5 5 5 3 3 3 3 3 1 1 1 1 1 1 1 1 1 2 2 2 2 2 3 3 1 0 0 0
 6 6 8 9 9 13 15 15 14 14 12 11 11 15 6 6 6 6 5 5 5 3 3 3 3 3 1 1 1 1 1 1 1 1 1 2 2 2 2 2 3 3 1 0 0 0
 9 9 10 11 11 13 13 13 11 11 11 11 11 18 29 29 10 10 8 3 3 3 7 7 8 8 4 3 3 3 3 3 2 2 1 1 1 2 1 1 1 1 1 0 0 0
 8 8 11 10 10 11 10 10 10 10 12 13 13 40 23 23 14 14 9 7 7 8 12 12 8 8 14 6 6 3 3 3 3 3 2 1 1 1 1 1 1 1 1 1 1 1
 8 8 11 10 10 11 10 10 10 10 12 13 13 40 23 23 14 14 9 7 7 8 12 12 8 8 14 6 6 3 3 3 3 3 2 1 1 1 1 1 1 1 1 1 1 1
 9 9 10 10 10 11 11 11 12 12 14 19 19 40 38 38 29 29 12 16 16 12 11 11 13 13 12 7 7 7 5 5 4 4 2 1 1 1 1 1 2 2 2 2 2 2
 9 9 13 15 15 15 17 17 19 19 32 39 39 40 26 26 33 33 14 16 16 18 18 18 20 20 22 9 9 7 3 3 1 1 2 1 1 2 2 2 4 4 3 3 3 3
 9 9 13 15 15 15 17 17 19 19 32 39 39 40 26 26 33 33 14 16 16 18 18 18 20 20 22 9 9 7 3 3 1 1 2 1 1 2 2 2 4 4 3 3 3 3
 14 14 22 26 26 32 36 36 44 44 48 53 53 51 37 37 27 27 17 14 14 15 17 17 23 23 21 11 11 3 3 3 2 2 2 3 3 5 3 3 4 4 5 6 6 5
 14 14 22 26 26 32 36 36 44 44 48 53 53 51 37 37 27 27 17 14 14 15 17 17 23 23 21 11 11 3 3 3 2 2 2 3 3 5 3 3 4 4 5 6 6 5
 28 28 23 29 29 32 36 36 49 49 37 21 21 26 28 28 16 16 32 16 16 19 19 19 15 15 11 10 10 6 6 6 5 5 7 7 7 8 7 7 7 7 9 7 7 9
 19 19 20 20 20 22 21 21 23 23 20 15 15 16 16 16 10 10 32 17 17 18 16 16 16 16 14 12 12 7 7 7 7 7 9 11 11 11 11 11 10 10 10 6 6 7
 19 19 20 20 20 22 21 21 23 23 20 15 15 16 16 16 10 10 32 17 17 18 16 16 16 16 14 12 12 7 7 7 7 7 9 11 11 11 11 11 10 10 10 6 6 7
 16 16 16 16 16 20 21 21 23 23 26 18 18 20 23 23 41 41 41 35 35 33 19 19 19 19 18 15 15 7 9 9 13 13 16 11 11 12 11 11 11 11 8 5 5 3
 17 17 17 19 19 19 18 18 18 18 17 17 17 15 16 16 18 18 44 40 40 44 38 38 37 37 32 14 14 12 11 11 16 16 17 11 11 10 11 11 11 11 8 3 3 2
 17 17 17 19 19 19 18 18 18 18 17 17 17 15 16 16 18 18 44 40 40 44 38 38 37 37 32 14 14 12 11 11 16 16 17 11 11 10 11 11 11 11 8 3 3 2
 17 17 15 13 13 11 12 12 17 17 14 15 15 20 16 16 17 17 19 27 27 26 19 19 36 36 34 11 11 11 9 9 13 13 12 9 9 8 6 6 9 9 8 4 4 2
 17 17 15 13 13 11 12 12 17 17 14 15 15 20 16 16 17 17 19 27 27 26 19 19 36 36 34 11 11 11 9 9 13 13 12 9 9 8 6 6 9 9 8 4 4 2
 11 11 12 10 10 10 11 11 15 15 19 15 15 14 11 11 10 10 12 15 15 15 12 12 10 10 10 7 7 10 11 11 12 12 11 8 8 8 7 7 8 8 6 2 2 2
 6 6 8 10 10 10 10 10 15 15 15 14 14 9 8 8 5 5 8 10 10 10 8 8 6 6 8 9 9 12 12 12 13 13 10 7 7 7 5 5 5 5 5 3 3 2
 6 6 8 10 10 10 10 10 15 15 15 14 14 9 8 8 5 5 8 10 10 10 8 8 6 6 8 9 9 12 12 12 13 13 10 7 7 7 5 5 5 5 5 3 3 2
 6 6 8 10 10 10 9 9 13 13 13 11 11 8 8 8 5 5 9 9 9 8 9 9 8 8 10 12 12 10 9 9 8 8 6 4 4 4 3 3 3 3 3 2 2 1
 8 8 7 9 9 9 8 8 11 11 12 13 13 11 12 12 9 9 11 11 11 10 9 9 16 16 12 12 12 10 5 5 5 5 3 2 2 2 3 3 5 5 4 4 4 4
 8 8 7 9 9 9 8 8 11 11 12 13 13 11 12 12 9 9 11 11 11 10 9 9 16 16 12 12 12 10 5 5 5 5 3 2 2 2 3 3 5 5 4 4 4 4
 8 8 8 10 10 9 7 7 9 9 13 14 14 19 19 19 13 13 12 10 10 6 10 10 14 14 11 11 11 7 4 4 4 4 4 4 4 4 4 4 8 8 9 9 9 6
 8 8 8 10 10 9 7 7 9 9 13 14 14 19 19 19 13 13 12 10 10 6 10 10 14 14 11 11 11 7 4 4 4 4 4 4 4 4 4 4 8 8 9 9 9 6
 8 8 8 9 9 10 9 9 9 9 10 14 14 21 23 23 17 17 13 10 10 6 9 9 16 16 16 13 13 12 7 7 6 6 8 6 6 11 7 7 9 9 11 11 11 12
 8 8 8 10 10 11 8 8 7 7 9 12 12 19 19 19 13 13 9 9 9 5 6 6 8 8 13 12 12 13 13 13 9 9 9 10 10 15 14 14 17 17 17 14 14 12
 8 8 8 10 10 11 8 8 7 7 9 12 12 19 19 19 13 13 9 9 9 5 6 6 8 8 13 12 12 13 13 13 9 9 9 10 10 15 14 14 17 17 17 14 14 12
 7 7 7 9 9 8 6 6 6 6 7 10 10 11 11 11 12 12 9 13 13 8 7 7 4 4 11 12 12 12 14 14 17 17 16 17 17 21 23 23 27 27 24 14 14 5
 10 10 11 9 9 8 6 6 5 5 5 5 5 6 6 6 5 5 5 9 9 8 7 7 6 6 9 17 17 18 23 23 26 26 28 25 25 29 26 26 20 20 11 6 6 2
 10 10 11 9 9 8 6 6 5 5 5 5 5 6 6 6 5 5 5 9 9 8 7 7 6 6 9 17 17 18 23 23 26 26 28 25 25 29 26 26 20 20 11 6 6 2
 11 11 11 15 15 15 12 12 5 5 4 5 5 4 5 5 3 3 3 6 6 6 7 7 8 8 12 20 20 25 28 28 24 24 24 23 23 20 14 14 7 7 3 2 2 2
 11 11 11 15 15 15 12 12 5 5 4 5 5 4 5 5 3 3 3 6 6 6 7 7 8 8 12 20 20 25 28 28 24 24 24 23 23 20 14 14 7 7 3 2 2 2
 10 10 13 19 19 21 19 19 7 7 6 6 6 6 7 7 6 6 6 9 9 9 10 10 17 17 11 15 15 25 29 29 22 22 20 13 13 8 5 5 2 2 2 3 3 4
 15 15 11 15 15 19 16 16 12 12 9 8 8 12 9 9 15 15 16 11 11 7 7 7 13 13 14 17 17 16 15 15 20 20 11 4 4 3 3 3 3 3 5 6 6 8
 15 15 11 15 15 19 16 16 12 12 9 8 8 12 9 9 15 15 16 11 11 7 7 7 13 13 14 17 17 16 15 15 20 20 11 4 4 3 3 3 3 3 5 6 6 8
 10 10 9 11 11 10 12 12 10 10 6 7 7 6 7 7 9 9 9 6 6 8 6 6 11 11 14 16 16 17 9 9 7 7 5 2 2 2 4 4 6 6 9 10 10 8
 10 10 10 11 11 11 10 10 10 10 8 8 8 8 10 10 8 8 7 7 7 11 12 12 13 13 15 17 17 11 11 11 6 6 4 3 3 5 8 8 8 8 9 8 8 5
 10 10 10 11 11 11 10 10 10 10 8 8 8 8 10 10 8 8 7 7 7 11 12 12 13 13 15 17 17 11 11 11 6 6 4 3 3 5 8 8 8 8 9 8 8 5
 11 11 11 13 13 15 18 18 20 20 15 15 15 15 15 15 10 10 8 7 7 8 9 9 8 8 18 14 14 11 9 9 5 5 6 7 7 7 6 6 7 7 8 7 7 4
 11 11 11 13 13 15 18 18 20 20 15 15 15 15 15 15 10 10 8 7 7 8 9 9 8 8 18 14 14 11 9 9 5 5 6 7 7 7 6 6 7 7 8 7 7 4
 9 9 12 17 17 22 24 24 23 23 18 18 18 17 16 16 14 14 12 10 10 8 9 9 9 9 8 12 12 11 9 9 5 5 6 5 5 5 6 6 6 6 6 6 6 3
 10 10 16 20 20 23 25 25 24 24 21 20 20 19 17 17 15 15 13 10 10 7 7 7 9 9 11 10 10 8 5 5 4 4 4 3 3 7 8 8 7 7 5 4 4 2
 10 10 16 20 20 23 25 25 24 24 21 20 20 19 17 17 15 15 13 10 10 7 7 7 9 9 11 10 10 8 5 5 4 4 4 3 3 7 8 8 7 7 5 4 4 2
 13 13 18 24 24 27 28 28 24 24 23 22 22 18 17 17 14 14 12 8 8 6 6 6 8 8 7 6 6 5 6 6 4 4 4 5 5 5 9 9 7 7 4 2 2 0
 16 16 21 29 29 32 32 32 26 26 22 21 21 16 15 15 12 12 11 7 7 7 5 5 5 5 4 4 4 5 4 4 4 4 4 5 5 6 4 4 1 1 8 7 7 0
