assets/RAT_results_old/precipitation/2023-05-10_IMERG.asc
ncols        46
nrows        77
xllcorner    74.800261325624
yllcorner    8.058333333333
cellsize     0.062500000000
NODATA_value -9999
 9 9 16 23 23 31 35 35 27 27 13 6 6 2 1 1 1 1 1 1 1 1 1 1 1 1 0 0 0 1 1 1 1 1 1 1 1 1 0 0 0 0 0 0 0 0
 11 11 18 25 25 30 33 33 26 26 15 7 7 3 2 2 2 2 2 1 1 1 2 2 2 2 1 1 1 1 1 1 1 1 2 2 2 2 1 1 0 0 0 0 0 0
 11 11 18 25 25 30 33 33 26 26 15 7 7 3 2 2 2 2 2 1 1 1 2 2 2 2 1 1 1 1 1 1 1 1 2 2 2 2 1 1 0 0 0 0 0 0
 15 15 23 27 27 31 33 33 29 29 19 12 12 6 4 4 5 5 4 2 2 1 1 1 2 2 3 2 2 2 2 2 1 1 2 3 3 3 2 2 1 1 0 0 0 0
 20 20 28 33 33 35 37 37 34 34 23 15 15 8 6 6 4 4 3 2 2 2 1 1 1 1 2 2 2 4 3 3 2 2 1 2 2 2 2 2 1 1 0 0 0 1
 20 20 28 33 33 35 37 37 34 34 23 15 15 8 6 6 4 4 3 2 2 2 1 1 1 1 2 2 2 4 3 3 2 2 1 2 2 2 2 2 1 1 0 0 0 1
 19 19 29 38 38 45 51 51 42 42 27 17 17 9 6 6 4 4 3 2 2 2 1 1 1 1 1 1 1 3 4 4 4 4 3 1 1 1 1 1 1 1 1 1 1 1
 19 19 29 38 38 45 51 51 42 42 27 17 17 9 6 6 4 4 3 2 2 2 1 1 1 1 1 1 1 3 4 4 4 4 3 1 1 1 1 1 1 1 1 1 1 1
 13 13 24 36 36 44 51 51 50 50 36 21 21 10 8 8 6 6 5 3 3 3 2 2 1 1 1 2 2 3 5 5 5 5 3 1 1 0 0 0 0 0 1 1 1 1
 7 7 14 24 24 31 38 38 45 45 30 19 19 14 10 10 6 6 5 5 5 4 3 3 2 2 2 10 10 11 17 17 4 4 3 2 2 1 1 1 1 1 4 3 3 3
 7 7 14 24 24 31 38 38 45 45 30 19 19 14 10 10 6 6 5 5 5 4 3 3 2 2 2 10 10 11 17 17 4 4 3 2 2 1 1 1 1 1 4 3 3 3
 3 3 5 10 10 15 20 20 21 21 16 16 16 20 14 14 5 5 4 6 6 8 7 7 6 6 21 12 12 11 16 16 25 25 2 2 2 6 5 5 1 1 0 3 3 2
 2 2 2 3 3 4 5 5 7 7 8 14 14 27 21 21 7 7 4 5 5 6 7 7 6 6 53 52 52 23 25 25 25 25 2 2 2 6 5 5 7 7 1 1 1 3
 2 2 2 3 3 4 5 5 7 7 8 14 14 27 21 21 7 7 4 5 5 6 7 7 6 6 53 52 52 23 25 25 25 25 2 2 2 6 5 5 7 7 1 1 1 3
 3 3 2 1 1 2 1 1 2 2 2 4 4 11 20 20 10 10 4 3 3 4 5 5 6 6 55 54 54 7 30 30 5 5 0 0 0 2 2 2 8 8 8 6 6 1
 3 3 2 1 1 2 1 1 2 2 2 4 4 11 20 20 10 10 4 3 3 4 5 5 6 6 55 54 54 7 30 30 5 5 0 0 0 2 2 2 8 8 8 6 6 1
 8 8 3 2 2 1 2 2 1 1 1 2 2 4 9 9 5 5 2 1 1 2 3 3 4 4 3 9 9 6 5 5 5 5 0 0 0 1 17 17 9 9 10 9 9 2
 10 10 3 2 2 2 2 2 2 2 2 2 2 2 2 2 1 1 1 2 2 1 1 1 2 2 3 2 2 1 1 1 1 1 0 0 0 0 56 56 20 20 3 1 1 1
 10 10 3 2 2 2 2 2 2 2 2 2 2 2 2 2 1 1 1 2 2 1 1 1 2 2 3 2 2 1 1 1 1 1 0 0 0 0 56 56 20 20 3 1 1 1
 22 22 5 2 2 3 4 4 3 3 3 2 2 3 5 5 2 2 2 2 2 1 1 1 1 1 1 2 2 2 3 3 1 1 1 1 1 1 1 1 0 0 0 0 0 1
 20 20 6 1 1 2 5 5 4 4 4 3 3 3 5 5 7 7 7 4 4 1 1 1 1 1 1 2 2 2 3 3 2 2 5 5 5 2 1 1 1 1 1 1 1 1
 20 20 6 1 1 2 5 5 4 4 4 3 3 3 5 5 7 7 7 4 4 1 1 1 1 1 1 2 2 2 3 3 2 2 5 5 5 2 1 1 1 1 1 1 1 1
 2 2 2 1 1 1 3 3 4 4 7 7 7 3 4 4 9 9 17 10 10 3 2 2 2 2 2 2 2 2 7 7 3 3 3 4 4 3 3 3 2 2 2 1 1 1
 2 2 2 1 1 1 3 3 4 4 7 7 7 3 4 4 9 9 17 10 10 3 2 2 2 2 2 2 2 2 7 7 3 3 3 4 4 3 3 3 2 2 2 1 1 1
 1 1 1 3 3 2 3 3 6 6 11 10 10 8 6 6 4 4 11 6 6 4 6 6 8 8 5 2 2 2 8 8 9 9 5 5 5 4 3 3 2 2 0 0 0 1
 0 0 1 2 2 1 3 3 5 5 9 10 10 14 7 7 4 4 4 3 3 3 4 4 5 5 4 2 2 10 10 10 13 13 15 7 7 6 3 3 1 1 3 0 0 0
 0 0 1 2 2 1 3 3 5 5 9 10 10 14 7 7 4 4 4 3 3 3 4 4 5 5 4 2 2 10 10 10 13 13 15 7 7 6 3 3 1 1 3 0 0 0
 0 0 0 1 1 3 2 2 3 3 4 3 3 3 2 2 4 4 8 4 4 5 1 1 1 1 2 2 2 9 11 11 12 12 13 10 10 9 2 2 1 1 5 3 3 3
 0 0 0 0 0 2 1 1 2 2 2 1 1 23 6 6 14 14 15 5 5 6 2 2 1 1 1 3 3 4 5 5 8 8 6 3 3 1 1 1 0 0 5 3 3 3
 0 0 0 0 0 2 1 1 2 2 2 1 1 23 6 6 14 14 15 5 5 6 2 2 1 1 1 3 3 4 5 5 8 8 6 3 3 1 1 1 0 0 5 3 3 3
 0 0 0 0 0 2 1 1 2 2 1 2 2 24 6 6 17 17 16 10 10 7 1 1 1 1 1 0 0 10 8 8 15 15 8 4 4 0 0 0 0 0 0 0 0 0
 0 0 0 0 0 2 1 1 2 2 1 2 2 24 6 6 17 17 16 10 10 7 1 1 1 1 1 0 0 10 8 8 15 15 8 4 4 0 0 0 0 0 0 0 0 0
 0 0 0 0 0 0 0 0 0 0 0 1 1 24 24 24 39 39 16 15 15 12 1 1 1 1 0 1 1 9 1 1 8 8 3 0 0 0 0 0 0 0 0 0 0 0
 0 0 0 1 1 1 1 1 0 0 0 1 1 24 30 30 16 16 19 11 11 9 1 1 1 1 0 0 0 1 1 1 1 1 1 0 0 0 0 0 0 0 0 0 0 0
 0 0 0 1 1 1 1 1 0 0 0 1 1 24 30 30 16 16 19 11 11 9 1 1 1 1 0 0 0 1 1 1 1 1 1 0 0 0 0 0 0 0 0 0 0 0
 1 1 1 1 1 3 1 1 0 0 0 1 1 1 29 29 9 9 15 6 6 5 0 0 0 0 2 2 2 2 2 2 1 1 0 0 0 0 0 0 0 0 0 0 0 0
 1 1 2 2 2 8 12 12 1 1 0 1 1 1 1 1 1 1 4 4 4 3 0 0 0 0 1 1 1 1 2 2 2 2 1 0 0 0 0 0 0 0 0 0 0 0
 1 1 2 2 2 8 12 12 1 1 0 1 1 1 1 1 1 1 4 4 4 3 0 0 0 0 1 1 1 1 2 2 2 2 1 0 0 0 0 0 0 0 0 0 0 0
 2 2 3 1 1 7 25 25 6 6 1 4 4 2 1 1 1 1 0 0 0 0 0 0 1 1 1 1 1 3 4 4 2 2 1 1 1 2 2 2 1 1 0 0 0 0
 2 2 3 1 1 7 25 25 6 6 1 4 4 2 1 1 1 1 0 0 0 0 0 0 1 1 1 1 1 3 4 4 2 2 1 1 1 2 2 2 1 1 0 0 0 0
 1 1 2 2 2 4 13 13 5 5 2 9 9 13 3 3 1 1 1 1 1 1 1 1 0 0 0 1 1 5 10 10 2 2 1 1 1 1 3 3 2 2 0 0 0 0
 1 1 2 1 1 4 3 3 2 2 1 2 2 1 1 1 2 2 1 1 1 1 1 1 0 0 0 1 1 2 3 3 1 1 0 2 2 0 1 1 1 1 1 0 0 0
 1 1 2 1 1 4 3 3 2 2 1 2 2 1 1 1 2 2 1 1 1 1 1 1 0 0 0 1 1 2 3 3 1 1 0 2 2 0 1 1 1 1 1 0 0 0
 1 1 1 1 1 1 2 2 1 1 1 0 0 1 1 1 1 1 1 2 2 1 2 2 1 1 0 1 1 0 0 0 0 0 0 0 0 0 0 0 1 1 1 1 1 0
 2 2 2 1 1 1 2 2 1 1 1 1 1 0 1 1 1 1 1 2 2 1 4 4 1 1 0 1 1 1 0 0 0 0 0 0 0 0 0 0 0 0 0 0 0 0
 2 2 2 1 1 1 2 2 1 1 1 1 1 0 1 1 1 1 1 2 2 1 4 4 1 1 0 1 1 1 0 0 0 0 0 0 0 0 0 0 0 0 0 0 0 0
 2 2 3 3 3 2 3 3 1 1 1 1 1 0 1 1 1 1 2 2 2 1 2 2 2 2 1 4 4 3 1 1 0 0 0 0 0 0 0 0 0 0 0 0 0 0
 2 2 3 3 3 2 3 3 1 1 1 1 1 0 1 1 1 1 2 2 2 1 2 2 2 2 1 4 4 3 1 1 0 0 0 0 0 0 0 0 0 0 0 0 0 0
 1 1 3 6 6 6 5 5 3 3 2 2 2 2 1 1 1 1 1 2 2 1 1 1 1 1 2 4 4 3 1 1 0 0 0 0 0 0 0 0 0 0 0 0 0 0
 3 3 3 4 4 6 7 7 4 4 2 3 3 2 1 1 1 1 22 1 1 1 1 1 5 5 1 2 2 3 1 1 0 0 0 0 0 0 0 0 0 0 0 0 0 0
 3 3 3 4 4 6 7 7 4 4 2 3 3 2 1 1 1 1 22 1 1 1 1 1 5 5 1 2 2 3 1 1 0 0 0 0 0 0 0 0 0 0 0 0 0 0
 9 9 7 2 2 3 6 6 5 5 4 6 6 4 3 3 3 3 22 1 1 1 1 1 11 11 1 1 1 2 1 1 0 0 0 0 0 1 0 0 0 0 0 0 0 0
 9 9 12 4 4 2 2 2 2 2 3 5 5 7 5 5 5 5 4 3 3 3 2 2 2 2 2 1 1 1 1 1 0 0 0 1 1 3 1 1 0 0 0 0 0 0
 9 9 12 4 4 2 2 2 2 2 3 5 5 7 5 5 5 5 4 3 3 3 2 2 2 2 2 1 1 1 1 1 0 0 0 1 1 3 1 1 0 0 0 0 0 0
 4 4 7 3 3 4 2 2 1 1 2 5 5 6 10 10 8 8 4 4 4 3 4 4 3 3 2 9 9 3 3 3 2 2 1 0 0 1 0 0 0 0 0 0 0 0
 4 4 7 3 3 4 2 2 1 1 2 5 5 6 10 10 8 8 4 4 4 3 4 4 3 3 2 9 9 3 3 3 2 2 1 0 0 1 0 0 0 0 0 0 0 0
 1 1 5 4 4 5 2 2 2 2 1 3 3 4 15 15 16 16 12 5 5 3 3 3 3 3 9 9 9 5 6 6 7 7 4 1 1 0 0 0 0 0 0 0 0 0
 0 0 0 1 1 2 2 2 0 0 1 2 2 3 7 7 11 11 10 8 8 4 4 4 4 4 5 4 4 3 6 6 8 8 7 1 1 0 0 0 0 0 0 0 0 0
 0 0 0 1 1 2 2 2 0 0 1 2 2 3 7 7 11 11 10 8 8 4 4 4 4 4 5 4 4 3 6 6 8 8 7 1 1 0 0 0 0 0 0 0 0 0
 0 0 0 0 0 1 1 1 0 0 1 1 1 2 5 5 7 7 8 9 9 15 4 4 5 5 5 3 3 1 2 2 5 5 5 1 1 1 1 1 0 0 0 0 0 0
 0 0 0 0 0 0 0 0 0 0 0 1 1 1 2 2 5 5 6 4 4 13 18 18 7 7 2 1 1 0 0 0 1 1 1 0 0 1 1 1 1 1 0 0 0 0
 0 0 0 0 0 0 0 0 0 0 0 1 1 1 2 2 5 5 6 4 4 13 18 18 7 7 2 1 1 0 0 0 1 1 1 0 0 1 1 1 1 1 0 0 0 0
 0 0 0 0 0 0 0 0 0 0 0 1 1 1 1 1 2 2 4 5 5 4 6 6 16 16 13 0 0 0 0 0 0 0 0 0 0 0 1 1 0 0 1 1 1 1
 0 0 0 0 0 0 0 0 0 0 0 1 1 1 1 1 2 2 4 5 5 4 6 6 16 16 13 0 0 0 0 0 0 0 0 0 0 0 1 1 0 0 1 1 1 1
 0 0 0 2 2 0 0 0 0 0 0 0 0 0 1 1 2 2 4 6 6 3 3 3 2 2 6 2 2 0 0 0 0 0 0 0 0 0 0 0 0 0 0 0 0 1
 0 0 0 0 0 0 0 0 0 0 0 0 0 0 0 0 1 1 5 7 7 2 2 2 2 2 2 2 2 0 0 0 0 0 0 0 0 0 0 0 0 0 0 0 0 0
 0 0 0 0 0 0 0 0 0 0 0 0 0 0 0 0 1 1 5 7 7 2 2 2 2 2 2 2 2 0 0 0 0 0 0 0 0 0 0 0 0 0 0 0 0 0
 0 0 0 0 0 0 0 0 0 0 0 0 0 0 0 0 0 0 1 1 1 2 1 1 1 1 3 1 1 1 0 0 0 0 0 0 0 0 0 0 0 0 0 0 0 0
 0 0 0 0 0 0 0 0 0 0 0 0 0 0 0 0 0 0 0 0 0 2 1 1 0 0 1 1 1 0 0 0 0 0 0 0 0 0 0 0 0 0 0 0 0 0
 0 0 0 0 0 0 0 0 0 0 0 0 0 0 0 0 0 0 0 0 0 2 1 1 0 0 1 1 1 0 0 0 0 0 0 0 0 0 0 0 0 0 0 0 0 0
 0 0 0 0 0 0 0 0 0 0 0 0 0 0 0 0 0 0 0 0 0 0 1 1 1 1 0 0 0 0 0 0 0 0 0 0 0 0 0 0 0 0 0 1 1 0
 0 0 0 0 0 0 0 0 0 0 0 0 0 0 0 0 0 0 0 0 0 0 1 1 1 1 0 0 0 0 0 0 0 0 0 0 0 0 0 0 0 0 0 1 1 0
 0 0 0 0 0 0 0 0 0 0 0 0 0 0 0 0 0 0 0 0 0 0 1 1 1 1 1 0 0 0 0 0 0 0 0 1 1 0 0 0 0 0 0 0 0 0
 0 0 0 0 0 0 0 0 0 0 0 0 0 0 0 0 0 0 0 0 0 0 0 0 0 0 0 0 0 0 0 0 0 0 0 0 0 0 0 0 0 0 0 0 0 0
 0 0 0 0 0 0 0 0 0 0 0 0 0 0 0 0 0 0 0 0 0 0 0 0 0 0 0 0 0 0 0 0 0 0 0 0 0 0 0 0 0 0 0 0 0 0
 0 0 0 0 0 0 0 0 0 0 0 0 0 0 0 0 0 0 0 0 0 0 0 0 0 0 1 0 0 0 0 0 0 0 0 0 0 0 0 0 0 0 0 0 0 0
 0 0 0 1 1 0 0 0 0 0 0 0 0 0 0 0 0 0 0 0 0 0 0 0 0 0 0 0 0 0 1 1 0 0 0 0 0 0 0 0 0 0 0 0 0 0
