assets/RAT_results_old/precipitation/2023-07-01_IMERG.asc
ncols        46
nrows        77
xllcorner    74.800261325624
yllcorner    8.058333333333
cellsize     0.062500000000
NODATA_value  -9999
[rows 0 to 18 of 77, columns 0 to 43 of 46]
25.050000000000000711 25.050000000000000711 26.5 22.350000000000001421 22.350000000000001421 15 9.0500000000000007105 9.0500000000000007105 7.2000000000000001776 7.2000000000000001776 6.25 3.6500000000000003553 3.6500000000000003553 4.0499999999999998224 3 3 1 1 0.60000000000000008882 0.2000000000000000111 0.2000000000000000111 0.10000000000000000555 0 0 0 0 0.050000000000000002776 0.050000000000000002776 0.050000000000000002776 0.050000000000000002776 0.050000000000000002776 0.050000000000000002776 0.050000000000000002776 0.050000000000000002776 0.10000000000000000555 0.10000000000000000555 0.10000000000000000555 0.10000000000000000555 0.1500000000000000222 0.1500000000000000222 0.10000000000000000555 0.10000000000000000555 0.050000000000000002776 0.10000000000000000555
28.550000000000000711 28.550000000000000711 24.800000000000000711 22.75 22.75 17.400000000000002132 9.4000000000000003553 9.4000000000000003553 9.4500000000000010658 9.4500000000000010658 7.1500000000000003553 5.6000000000000005329 5.6000000000000005329 6.0500000000000007105 5.8000000000000007105 5.8000000000000007105 1.1500000000000001332 1.1500000000000001332 0.60000000000000008882 0.10000000000000000555 0.10000000000000000555 0.050000000000000002776 0.050000000000000002776 0.050000000000000002776 0 0 0 0.050000000000000002776 0.050000000000000002776 0 0 0 0 0 0 0 0 0 0 0 0.10000000000000000555 0.10000000000000000555 0.050000000000000002776 0.10000000000000000555
28.550000000000000711 28.550000000000000711 24.800000000000000711 22.75 22.75 17.400000000000002132 9.4000000000000003553 9.4000000000000003553 9.4500000000000010658 9.4500000000000010658 7.1500000000000003553 5.6000000000000005329 5.6000000000000005329 6.0500000000000007105 5.8000000000000007105 5.8000000000000007105 1.1500000000000001332 1.1500000000000001332 0.60000000000000008882 0.10000000000000000555 0.10000000000000000555 0.050000000000000002776 0.050000000000000002776 0.050000000000000002776 0 0 0 0.050000000000000002776 0.050000000000000002776 0 0 0 0 0 0 0 0 0 0 0 0.10000000000000000555 0.10000000000000000555 0.050000000000000002776 0.10000000000000000555
28.450000000000002842 28.450000000000002842 26.100000000000001421 22.5 22.5 19.100000000000001421 12.900000000000000355 12.900000000000000355 10.300000000000000711 10.300000000000000711 7.5 5.8500000000000005329 5.8500000000000005329 6 5.7000000000000001776 5.7000000000000001776 3.8500000000000000888 3.8500000000000000888 0.30000000000000004441 0 0 0 0.050000000000000002776 0.050000000000000002776 0 0 0.050000000000000002776 0.050000000000000002776 0.050000000000000002776 0 0 0 0 0 0 0 0 0 0.10000000000000000555 0.10000000000000000555 0.10000000000000000555 0.10000000000000000555 0.050000000000000002776 0.1500000000000000222
32.75 32.75 26.550000000000000711 20.650000000000002132 20.650000000000002132 13.900000000000000355 10.850000000000001421 10.850000000000001421 8.3499999999999996447 8.3499999999999996447 5.9000000000000003553 5.4500000000000001776 5.4500000000000001776 3 2.7000000000000001776 2.7000000000000001776 1.2000000000000001776 1.2000000000000001776 0.60000000000000008882 0 0 0 0 0 0.050000000000000002776 0.050000000000000002776 0 0 0 0.050000000000000002776 0.050000000000000002776 0.050000000000000002776 0 0 0 0 0 0 0.050000000000000002776 0.050000000000000002776 0.10000000000000000555 0.10000000000000000555 0.1500000000000000222 0.2000000000000000111
32.75 32.75 26.550000000000000711 20.650000000000002132 20.650000000000002132 13.900000000000000355 10.850000000000001421 10.850000000000001421 8.3499999999999996447 8.3499999999999996447 5.9000000000000003553 5.4500000000000001776 5.4500000000000001776 3 2.7000000000000001776 2.7000000000000001776 1.2000000000000001776 1.2000000000000001776 0.60000000000000008882 0 0 0 0 0 0.050000000000000002776 0.050000000000000002776 0 0 0 0.050000000000000002776 0.050000000000000002776 0.050000000000000002776 0 0 0 0 0 0 0.050000000000000002776 0.050000000000000002776 0.10000000000000000555 0.10000000000000000555 0.1500000000000000222 0.2000000000000000111
32.550000000000004263 32.550000000000004263 25.050000000000000711 18.900000000000002132 18.900000000000002132 15.900000000000000355 13.150000000000000355 13.150000000000000355 6.5500000000000007105 6.5500000000000007105 5.6000000000000005329 4.6000000000000005329 4.6000000000000005329 3.0500000000000002665 0.95000000000000006661 0.95000000000000006661 0.6500000000000000222 0.6500000000000000222 0.4000000000000000222 0 0 0 0 0 0 0 0 0.050000000000000002776 0.050000000000000002776 0.050000000000000002776 0.050000000000000002776 0.050000000000000002776 0 0 0 0 0 0 0.050000000000000002776 0.050000000000000002776 0.1500000000000000222 0.1500000000000000222 0.25 0.30000000000000004441
32.550000000000004263 32.550000000000004263 25.050000000000000711 18.900000000000002132 18.900000000000002132 15.900000000000000355 13.150000000000000355 13.150000000000000355 6.5500000000000007105 6.5500000000000007105 5.6000000000000005329 4.6000000000000005329 4.6000000000000005329 3.0500000000000002665 0.95000000000000006661 0.95000000000000006661 0.6500000000000000222 0.6500000000000000222 0.4000000000000000222 0 0 0 0 0 0 0 0 0.050000000000000002776 0.050000000000000002776 0.050000000000000002776 0.050000000000000002776 0.050000000000000002776 0 0 0 0 0 0 0.050000000000000002776 0.050000000000000002776 0.1500000000000000222 0.1500000000000000222 0.25 0.30000000000000004441
31.300000000000000711 31.300000000000000711 25.400000000000002132 22 22 20.450000000000002842 8.3000000000000007105 8.3000000000000007105 5.6500000000000003553 5.6500000000000003553 4.4000000000000003553 4.0499999999999998224 4.0499999999999998224 2.7000000000000001776 1.25 1.25 0.1500000000000000222 0.1500000000000000222 0 0 0 0 0 0 0 0 0.1500000000000000222 0.1500000000000000222 0.1500000000000000222 0.10000000000000000555 0 0 0.050000000000000002776 0.050000000000000002776 0 0 0 0.2000000000000000111 0.1500000000000000222 0.1500000000000000222 0.2000000000000000111 0.2000000000000000111 0.35000000000000003331 0.4000000000000000222
25.200000000000002842 25.200000000000002842 23.300000000000000711 21.550000000000000711 21.550000000000000711 16.850000000000001421 8.2000000000000010658 8.2000000000000010658 5.3000000000000007105 5.3000000000000007105 3.3000000000000002665 2.7000000000000001776 2.7000000000000001776 1.6000000000000000888 1.0500000000000000444 1.0500000000000000444 0.60000000000000008882 0.60000000000000008882 0.10000000000000000555 0 0 0 0 0 0.050000000000000002776 0.050000000000000002776 0.1500000000000000222 0.2000000000000000111 0.2000000000000000111 0.10000000000000000555 0.10000000000000000555 0.10000000000000000555 0.050000000000000002776 0.050000000000000002776 0 0 0 0.050000000000000002776 0.050000000000000002776 0.050000000000000002776 0.1500000000000000222 0.1500000000000000222 0.35000000000000003331 0.4000000000000000222
25.200000000000002842 25.200000000000002842 23.300000000000000711 21.550000000000000711 21.550000000000000711 16.850000000000001421 8.2000000000000010658 8.2000000000000010658 5.3000000000000007105 5.3000000000000007105 3.3000000000000002665 2.7000000000000001776 2.7000000000000001776 1.6000000000000000888 1.0500000000000000444 1.0500000000000000444 0.60000000000000008882 0.60000000000000008882 0.10000000000000000555 0 0 0 0 0 0.050000000000000002776 0.050000000000000002776 0.1500000000000000222 0.2000000000000000111 0.2000000000000000111 0.10000000000000000555 0.10000000000000000555 0.10000000000000000555 0.050000000000000002776 0.050000000000000002776 0 0 0 0.050000000000000002776 0.050000000000000002776 0.050000000000000002776 0.1500000000000000222 0.1500000000000000222 0.35000000000000003331 0.4000000000000000222
16.150000000000002132 16.150000000000002132 28.700000000000002842 31.25 31.25 13.900000000000000355 14.25 14.25 7.6500000000000003553 7.6500000000000003553 5.0500000000000007105 3.3000000000000002665 3.3000000000000002665 1.4000000000000001332 1.1500000000000001332 1.1500000000000001332 0.60000000000000008882 0.60000000000000008882 0.10000000000000000555 0.050000000000000002776 0.050000000000000002776 0.050000000000000002776 0 0 0 0 0 0 0 0.050000000000000002776 0.050000000000000002776 0.050000000000000002776 0.050000000000000002776 0.050000000000000002776 0 0 0 0.050000000000000002776 0.050000000000000002776 0.050000000000000002776 0.1500000000000000222 0.1500000000000000222 0.25 0.30000000000000004441
8.6500000000000003553 8.6500000000000003553 17.350000000000001421 32.600000000000001421 32.600000000000001421 14.850000000000001421 15.900000000000000355 15.900000000000000355 9.4500000000000010658 9.4500000000000010658 7.7000000000000001776 5.9500000000000001776 5.9500000000000001776 4.5 2.3500000000000000888 2.3500000000000000888 0.60000000000000008882 0.60000000000000008882 0.5 0.2000000000000000111 0.2000000000000000111 0.10000000000000000555 0.050000000000000002776 0.050000000000000002776 0 0 0 0 0 0 0 0 0 0 0 0 0 0 0.050000000000000002776 0.050000000000000002776 0.050000000000000002776 0.050000000000000002776 0.1500000000000000222 0.2000000000000000111
8.6500000000000003553 8.6500000000000003553 17.350000000000001421 32.600000000000001421 32.600000000000001421 14.850000000000001421 15.900000000000000355 15.900000000000000355 9.4500000000000010658 9.4500000000000010658 7.7000000000000001776 5.9500000000000001776 5.9500000000000001776 4.5 2.3500000000000000888 2.3500000000000000888 0.60000000000000008882 0.60000000000000008882 0.5 0.2000000000000000111 0.2000000000000000111 0.10000000000000000555 0.050000000000000002776 0.050000000000000002776 0 0 0 0 0 0 0 0 0 0 0 0 0 0 0.050000000000000002776 0.050000000000000002776 0.050000000000000002776 0.050000000000000002776 0.1500000000000000222 0.2000000000000000111
7.9500000000000001776 7.9500000000000001776 14.5 20.100000000000001421 20.100000000000001421 32.300000000000004263 26.900000000000002132 26.900000000000002132 15.25 15.25 12.650000000000000355 8.25 8.25 4.9000000000000003553 3.0500000000000002665 3.0500000000000002665 1.1500000000000001332 1.1500000000000001332 0.70000000000000006661 0.25 0.25 0.10000000000000000555 0.10000000000000000555 0.10000000000000000555 0.050000000000000002776 0.050000000000000002776 0 0 0 0 0 0 0 0 0 0 0 0 0 0 0 0 0.050000000000000002776 0.10000000000000000555
7.9500000000000001776 7.9500000000000001776 14.5 20.100000000000001421 20.100000000000001421 32.300000000000004263 26.900000000000002132 26.900000000000002132 15.25 15.25 12.650000000000000355 8.25 8.25 4.9000000000000003553 3.0500000000000002665 3.0500000000000002665 1.1500000000000001332 1.1500000000000001332 0.70000000000000006661 0.25 0.25 0.10000000000000000555 0.10000000000000000555 0.10000000000000000555 0.050000000000000002776 0.050000000000000002776 0 0 0 0 0 0 0 0 0 0 0 0 0 0 0 0 0.050000000000000002776 0.10000000000000000555
12.900000000000000355 12.900000000000000355 12.050000000000000711 18.800000000000000711 18.800000000000000711 7.5500000000000007105 31.600000000000001421 31.600000000000001421 13.850000000000001421 13.850000000000001421 10.25 7.7000000000000001776 7.7000000000000001776 6.8000000000000007105 3.3500000000000000888 3.3500000000000000888 1.7000000000000001776 1.7000000000000001776 1.5500000000000000444 0.5 0.5 0.2000000000000000111 0.1500000000000000222 0.1500000000000000222 0.050000000000000002776 0.050000000000000002776 0 0 0 0 0 0 0 0 0 0 0 0 0 0 0 0 0 0
7.7000000000000001776 7.7000000000000001776 9.0500000000000007105 6.5 6.5 5.8500000000000005329 7.7000000000000001776 7.7000000000000001776 7.5500000000000007105 7.5500000000000007105 8 5.4000000000000003553 5.4000000000000003553 4.1000000000000005329 3.75 3.75 3 3 2.3000000000000002665 1.6500000000000001332 1.6500000000000001332 0.75 0.55000000000000004441 0.55000000000000004441 0.10000000000000000555 0.10000000000000000555 0 0 0 0.050000000000000002776 0.050000000000000002776 0.050000000000000002776 0 0 0 0 0 0 0 0 0 0 0 0
7.7000000000000001776 7.7000000000000001776 9.0500000000000007105 6.5 6.5 5.8500000000000005329 7.7000000000000001776 7.7000000000000001776 7.5500000000000007105 7.5500000000000007105 8 5.4000000000000003553 5.4000000000000003553 4.1000000000000005329 3.75 3.75 3 3 2.3000000000000002665 1.6500000000000001332 1.6500000000000001332 0.75 0.55000000000000004441 0.55000000000000004441 0.10000000000000000555 0.10000000000000000555 0 0 0 0.050000000000000002776 0.050000000000000002776 0.050000000000000002776 0 0 0 0 0 0 0 0 0 0 0 0
