assets/RAT_results_old/precipitation/2023-12-18_IMERG.asc
ncols        46
nrows        77
xllcorner    74.800261325624
yllcorner    8.058333333333
cellsize     0.062500000000
NODATA_value -9999
 0 0 2 1 1 0 0 0 0 0 0 0 0 0 2 2 1 1 0 0 0 2 0 0 0 0 0 0 0 0 0 0 0 0 0 0 0 0 0 0 0 0 0 0 0 2
 0 0 1 1 1 0 0 0 0 0 0 0 0 0 0 0 2 2 0 0 0 0 0 0 0 0 0 0 0 0 0 0 0 0 0 0 0 0 0 0 0 0 0 0 0 2
 0 0 1 1 1 0 0 0 0 0 0 0 0 0 0 0 2 2 0 0 0 0 0 0 0 0 0 0 0 0 0 0 0 0 0 0 0 0 0 0 0 0 0 0 0 2
 0 0 0 1 1 0 0 0 0 0 1 1 1 1 1 1 0 0 0 0 0 0 0 0 0 0 0 0 0 0 0 0 0 0 0 0 0 0 0 0 0 0 1 1 1 1
 0 0 0 0 0 2 1 1 1 1 1 1 1 1 0 0 0 0 0 1 1 1 1 1 0 0 0 0 0 0 0 0 0 0 0 0 0 0 0 0 0 0 0 1 1 0
 0 0 0 0 0 2 1 1 1 1 1 1 1 1 0 0 0 0 0 1 1 1 1 1 0 0 0 0 0 0 0 0 0 0 0 0 0 0 0 0 0 0 0 1 1 0
 0 0 0 0 0 1 1 1 0 0 0 2 2 1 0 0 0 0 1 0 0 0 1 1 1 1 1 0 0 0 0 0 0 0 0 0 0 0 0 0 0 0 0 0 0 0
 0 0 0 0 0 1 1 1 0 0 0 2 2 1 0 0 0 0 1 0 0 0 1 1 1 1 1 0 0 0 0 0 0 0 0 0 0 0 0 0 0 0 0 0 0 0
 0 0 0 1 1 0 1 1 0 0 0 1 1 1 1 1 4 4 3 1 1 0 1 1 1 1 1 0 0 0 0 0 0 0 0 0 0 0 0 0 0 0 0 0 0 0
 0 0 4 3 3 1 1 1 2 2 1 1 1 4 4 4 3 3 3 2 2 0 0 0 0 0 0 0 0 0 0 0 0 0 0 0 0 0 0 0 0 0 0 0 0 0
 0 0 4 3 3 1 1 1 2 2 1 1 1 4 4 4 3 3 3 2 2 0 0 0 0 0 0 0 0 0 0 0 0 0 0 0 0 0 0 0 0 0 0 0 0 0
 0 0 7 4 4 2 3 3 5 5 2 3 3 4 3 3 2 2 3 0 0 1 1 1 1 1 0 0 0 1 1 1 0 0 0 0 0 0 0 0 0 0 0 0 0 0
 0 0 2 7 7 5 6 6 6 6 6 4 4 4 1 1 1 1 3 1 1 1 1 1 3 3 3 0 0 0 0 0 0 0 0 0 0 0 0 0 0 0 0 0 0 0
 0 0 2 7 7 5 6 6 6 6 6 4 4 4 1 1 1 1 3 1 1 1 1 1 3 3 3 0 0 0 0 0 0 0 0 0 0 0 0 0 0 0 0 0 0 0
 2 2 1 3 3 6 8 8 8 8 7 4 4 1 1 1 1 1 1 1 1 1 1 1 1 1 2 1 1 0 0 0 0 0 0 0 0 1 1 1 0 0 0 0 0 0
 2 2 1 3 3 6 8 8 8 8 7 4 4 1 1 1 1 1 1 1 1 1 1 1 1 1 2 1 1 0 0 0 0 0 0 0 0 1 1 1 0 0 0 0 0 0
 2 2 2 1 1 1 3 3 7 7 2 3 3 1 1 1 0 0 0 0 0 1 1 1 1 1 2 1 1 2 1 1 0 0 1 1 1 1 1 1 0 0 1 1 1 1
 2 2 3 2 2 0 2 2 4 4 2 1 1 2 1 1 0 0 0 0 0 1 3 3 2 2 5 7 7 7 3 3 1 1 2 0 0 1 0 0 0 0 1 1 1 0
 2 2 3 2 2 0 2 2 4 4 2 1 1 2 1 1 0 0 0 0 0 1 3 3 2 2 5 7 7 7 3 3 1 1 2 0 0 1 0 0 0 0 1 1 1 0
 3 3 3 3 3 1 0 0 1 1 2 1 1 2 1 1 0 0 1 1 1 1 4 4 2 2 5 7 7 6 1 1 1 1 1 0 0 0 0 0 1 1 1 0 0 0
 4 4 6 6 6 2 3 3 0 0 2 2 2 5 3 3 1 1 1 1 1 2 3 3 8 8 8 13 13 13 0 0 6 6 2 0 0 0 0 0 0 0 1 1 1 0
 4 4 6 6 6 2 3 3 0 0 2 2 2 5 3 3 1 1 1 1 1 2 3 3 8 8 8 13 13 13 0 0 6 6 2 0 0 0 0 0 0 0 1 1 1 0
 5 5 4 5 5 3 2 2 1 1 1 2 2 2 5 5 1 1 1 1 1 1 2 2 5 5 5 16 16 12 1 1 6 6 7 6 6 1 0 0 0 0 1 1 1 0
 5 5 4 5 5 3 2 2 1 1 1 2 2 2 5 5 1 1 1 1 1 1 2 2 5 5 5 16 16 12 1 1 6 6 7 6 6 1 0 0 0 0 1 1 1 0
 4 4 4 4 4 4 4 4 1 1 1 2 2 5 5 5 3 3 3 1 1 2 2 2 6 6 5 16 16 27 27 27 17 17 12 12 12 1 0 0 2 2 1 1 1 1
 4 4 4 4 4 4 3 3 1 1 1 2 2 6 6 6 4 4 4 1 1 4 2 2 5 5 9 10 10 24 27 27 16 16 12 12 12 11 4 4 4 4 1 1 1 1
 4 4 4 4 4 4 3 3 1 1 1 2 2 6 6 6 4 4 4 1 1 4 2 2 5 5 9 10 10 24 27 27 16 16 12 12 12 11 4 4 4 4 1 1 1 1
 3 3 4 4 4 4 3 3 3 3 2 2 2 1 6 6 4 4 1 0 0 0 1 1 1 1 7 8 8 20 23 23 24 24 19 13 13 14 5 5 4 4 1 1 1 3
 3 3 3 3 3 2 3 3 3 3 2 2 2 1 7 7 6 6 2 1 1 0 2 2 1 1 7 0 0 0 11 11 24 24 17 15 15 14 10 10 4 4 5 5 5 2
 3 3 3 3 3 2 3 3 3 3 2 2 2 1 7 7 6 6 2 1 1 0 2 2 1 1 7 0 0 0 11 11 24 24 17 15 15 14 10 10 4 4 5 5 5 2
 4 4 2 3 3 3 3 3 3 3 3 4 4 4 1 1 6 6 2 1 1 1 0 0 1 1 1 4 4 1 11 11 9 9 9 12 12 13 11 11 9 9 7 5 5 2
 4 4 2 3 3 3 3 3 3 3 3 4 4 4 1 1 6 6 2 1 1 1 0 0 1 1 1 4 4 1 11 11 9 9 9 12 12 13 11 11 9 9 7 5 5 2
 2 2 2 3 3 3 3 3 4 4 4 4 4 4 2 2 0 0 3 2 2 1 1 1 0 0 1 4 4 5 8 8 8 8 7 9 9 14 11 11 9 9 10 10 10 5
 1 1 2 2 2 3 3 3 4 4 4 3 3 2 1 1 2 2 2 2 2 2 1 1 1 1 1 0 0 4 5 5 10 10 7 9 9 13 14 14 14 14 16 12 12 5
 1 1 2 2 2 3 3 3 4 4 4 3 3 2 1 1 2 2 2 2 2 2 1 1 1 1 1 0 0 4 5 5 10 10 7 9 9 13 14 14 14 14 16 12 12 5
 2 2 1 1 1 2 3 3 2 2 2 1 1 3 1 1 3 3 2 2 2 3 3 3 4 4 1 3 3 3 4 4 8 8 7 7 7 18 29 29 19 19 18 13 13 10
 1 1 2 2 2 3 4 4 3 3 2 1 1 3 2 2 1 1 1 2 2 2 5 5 1 1 2 1 1 1 2 2 2 2 3 5 5 18 29 29 32 32 40 26 26 13
 1 1 2 2 2 3 4 4 3 3 2 1 1 3 2 2 1 1 1 2 2 2 5 5 1 1 2 1 1 1 2 2 2 2 3 5 5 18 29 29 32 32 40 26 26 13
 2 2 5 5 5 3 3 3 3 3 2 3 3 3 2 2 2 2 2 2 2 2 2 2 1 1 1 1 1 1 2 2 1 1 3 1 1 2 41 41 7 7 41 28 28 12
 2 2 5 5 5 3 3 3 3 3 2 3 3 3 2 2 2 2 2 2 2 2 2 2 1 1 1 1 1 1 2 2 1 1 3 1 1 2 41 41 7 7 41 28 28 12
 2 2 5 5 5 3 3 3 3 3 3 3 3 4 5 5 4 4 2 1 1 2 3 3 2 2 1 1 1 1 1 1 1 1 1 4 4 3 38 38 1 1 2 6 6 19
 2 2 5 2 2 3 2 2 2 2 3 3 3 5 6 6 5 5 1 2 2 3 1 1 2 2 0 0 0 0 1 1 1 1 1 3 3 0 1 1 29 29 10 20 20 25
 2 2 5 2 2 3 2 2 2 2 3 3 3 5 6 6 5 5 1 2 2 3 1 1 2 2 0 0 0 0 1 1 1 1 1 3 3 0 1 1 29 29 10 20 20 25
 3 3 3 2 2 2 2 2 2 2 2 3 3 3 5 5 6 6 2 2 2 1 1 1 1 1 2 1 1 0 1 1 1 1 1 3 3 12 0 0 27 27 18 19 19 22
 4 4 4 2 2 3 2 2 3 3 4 4 4 4 6 6 7 7 2 1 1 1 1 1 1 1 1 2 2 1 1 1 1 1 1 2 2 12 1 1 0 0 6 25 25 25
 4 4 4 2 2 3 2 2 3 3 4 4 4 4 6 6 7 7 2 1 1 1 1 1 1 1 1 2 2 1 1 1 1 1 1 2 2 12 1 1 0 0 6 25 25 25
 3 3 3 3 3 3 3 3 4 4 6 5 5 5 3 3 3 3 1 1 1 0 1 1 4 4 4 5 5 5 1 1 1 1 2 2 2 1 1 1 1 1 8 23 23 23
 3 3 3 3 3 3 3 3 4 4 6 5 5 5 3 3 3 3 1 1 1 0 1 1 4 4 4 5 5 5 1 1 1 1 2 2 2 1 1 1 1 1 8 23 23 23
 3 3 4 4 4 3 5 5 4 4 5 4 4 3 8 8 5 5 5 3 3 1 1 1 5 5 5 6 6 6 5 5 5 5 1 0 0 0 0 0 1 1 7 20 20 32
 4 4 2 2 2 3 4 4 5 5 6 9 9 8 8 8 5 5 5 1 1 1 1 1 5 5 4 3 3 1 2 2 2 2 1 0 0 1 0 0 2 2 2 10 10 31
 4 4 2 2 2 3 4 4 5 5 6 9 9 8 8 8 5 5 5 1 1 1 1 1 5 5 4 3 3 1 2 2 2 2 1 0 0 1 0 0 2 2 2 10 10 31
 4 4 3 3 3 3 3 3 7 7 7 9 9 6 6 6 6 6 3 1 1 1 2 2 2 2 2 4 4 1 2 2 2 2 1 0 0 0 1 1 1 1 2 10 10 26
 4 4 2 2 2 2 2 2 3 3 6 8 8 6 5 5 6 6 1 1 1 1 1 1 1 1 1 1 1 1 1 1 1 1 1 0 0 0 0 0 0 0 2 4 4 10
 4 4 2 2 2 2 2 2 3 3 6 8 8 6 5 5 6 6 1 1 1 1 1 1 1 1 1 1 1 1 1 1 1 1 1 0 0 0 0 0 0 0 2 4 4 10
 3 3 1 2 2 1 1 1 3 3 2 6 6 6 6 6 6 6 1 2 2 0 1 1 1 1 2 1 1 1 1 1 0 0 0 0 0 0 0 0 0 0 1 4 4 9
 3 3 1 2 2 1 1 1 3 3 2 6 6 6 6 6 6 6 1 2 2 0 1 1 1 1 2 1 1 1 1 1 0 0 0 0 0 0 0 0 0 0 1 4 4 9
 3 3 2 1 1 1 0 0 1 1 1 6 6 2 2 2 1 1 3 2 2 0 0 0 5 5 1 2 2 1 0 0 0 0 0 0 0 0 0 0 0 0 1 2 2 4
 4 4 4 3 3 1 2 2 1 1 1 3 3 2 2 2 1 1 1 1 1 1 1 1 6 6 5 1 1 1 1 1 0 0 0 0 0 0 0 0 0 0 1 2 2 4
 4 4 4 3 3 1 2 2 1 1 1 3 3 2 2 2 1 1 1 1 1 1 1 1 6 6 5 1 1 1 1 1 0 0 0 0 0 0 0 0 0 0 1 2 2 4
 5 5 4 3 3 2 2 2 3 3 2 5 5 2 2 2 1 1 1 1 1 1 5 5 0 0 1 1 1 1 1 1 0 0 0 0 0 0 0 0 0 0 0 1 1 5
 4 4 4 3 3 4 3 3 8 8 5 5 5 2 2 2 1 1 3 5 5 5 5 5 0 0 3 1 1 1 1 1 0 0 0 0 0 0 0 0 1 1 1 1 1 3
 4 4 4 3 3 4 3 3 8 8 5 5 5 2 2 2 1 1 3 5 5 5 5 5 0 0 3 1 1 1 1 1 0 0 0 0 0 0 0 0 1 1 1 1 1 3
 6 6 5 8 8 7 4 4 8 8 13 13 13 39 39 39 1 1 4 5 5 3 5 5 2 2 2 1 1 1 1 1 0 0 0 0 0 0 0 0 1 1 1 1 1 2
 6 6 5 8 8 7 4 4 8 8 13 13 13 39 39 39 1 1 4 5 5 3 5 5 2 2 2 1 1 1 1 1 0 0 0 0 0 0 0 0 1 1 1 1 1 2
 6 6 5 10 10 13 13 13 14 14 12 12 12 8 40 40 3 3 4 4 4 3 6 6 3 3 1 1 1 0 1 1 1 1 0 0 0 0 0 0 1 1 1 1 1 2
 8 8 9 10 10 14 7 7 7 7 10 10 10 9 2 2 3 3 5 6 6 2 3 3 3 3 2 2 2 1 1 1 1 1 0 0 0 0 0 0 1 1 1 2 2 3
 8 8 9 10 10 14 7 7 7 7 10 10 10 9 2 2 3 3 5 6 6 2 3 3 3 3 2 2 2 1 1 1 1 1 0 0 0 0 0 0 1 1 1 2 2 3
 10 10 6 4 4 7 6 6 7 7 8 5 5 5 4 4 7 7 5 6 6 2 2 2 2 2 2 1 1 1 1 1 1 1 1 1 1 0 0 0 0 0 1 2 2 5
 13 13 6 8 8 7 7 7 4 4 4 5 5 5 4 4 3 3 3 4 4 2 2 2 2 2 2 1 1 0 0 0 1 1 1 1 1 0 0 0 0 0 1 3 3 12
 13 13 6 8 8 7 7 7 4 4 4 5 5 5 4 4 3 3 3 4 4 2 2 2 2 2 2 1 1 0 0 0 1 1 1 1 1 0 0 0 0 0 1 3 3 12
 15 15 10 9 9 7 7 7 4 4 5 2 2 2 2 2 3 3 3 4 4 1 1 1 1 1 1 1 1 0 0 0 1 1 0 1 1 0 0 0 0 0 0 3 3 24
 15 15 10 9 9 7 7 7 4 4 5 2 2 2 2 2 3 3 3 4 4 1 1 1 1 1 1 1 1 0 0 0 1 1 0 1 1 0 0 0 0 0 0 3 3 24
 26 26 14 9 9 8 6 6 4 4 4 3 3 2 1 1 1 1 1 1 1 1 1 1 1 1 0 0 0 0 0 0 0 0 2 0 0 0 0 0 1 1 1 7 7 23
 38 38 17 14 14 7 6 6 5 5 4 3 3 2 2 2 2 2 1 1 1 1 0 0 0 0 0 0 0 0 0 0 0 0 0 0 0 0 0 0 1 1 3 9 9 13
 38 38 17 14 14 7 6 6 5 5 4 3 3 2 2 2 2 2 1 1 1 1 0 0 0 0 0 0 0 0 0 0 0 0 0 0 0 0 0 0 1 1 3 9 9 13
 58 58 22 15 15 13 9 9 6 6 5 4 4 3 3 3 2 2 1 1 1 1 1 1 0 0 0 0 0 0 0 0 0 0 0 0 0 7 5 5 0 0 3 9 9 12
 57 57 23 21 21 12 12 12 9 9 6 4 4 4 3 3 1 1 3 3 3 4 1 1 1 1 1 0 0 0 0 0 0 0 0 0 0 7 7 7 0 0 2 3 3 12
