assets/RAT_results_old/precipitation/2023-04-29_IMERG.asc
ncols        46
nrows        77
xllcorner    74.800261325624
yllcorner    8.058333333333
cellsize     0.062500000000
NODATA_value -9999
 0 0 0 0 0 0 0 0 0 0 1 8 8 16 11 11 15 15 31 26 26 18 21 21 19 19 24 25 25 26 45 45 43 43 19 17 17 14 13 13 17 17 23 18 18 9
 0 0 0 0 0 0 0 0 0 0 6 26 26 36 25 25 22 22 36 36 36 27 26 26 28 28 27 29 29 24 31 31 30 30 23 21 21 13 11 11 15 15 14 11 11 11
 0 0 0 0 0 0 0 0 0 0 6 26 26 36 25 25 22 22 36 36 36 27 26 26 28 28 27 29 29 24 31 31 30 30 23 21 21 13 11 11 15 15 14 11 11 11
 4 4 1 0 0 0 0 0 1 1 11 27 27 40 32 32 28 28 40 39 39 32 28 28 28 28 20 24 24 20 22 22 24 24 18 17 17 11 10 10 11 11 10 1 1 1
 9 9 5 0 0 0 1 1 7 7 34 39 39 42 37 37 35 35 33 39 39 36 29 29 24 24 15 11 11 8 14 14 14 14 14 21 21 8 10 10 11 11 11 2 2 1
 9 9 5 0 0 0 1 1 7 7 34 39 39 42 37 37 35 35 33 39 39 36 29 29 24 24 15 11 11 8 14 14 14 14 14 21 21 8 10 10 11 11 11 2 2 1
 10 10 4 0 0 0 1 1 13 13 39 40 40 39 35 35 36 36 30 25 25 22 17 17 16 16 14 14 14 12 11 11 19 19 19 19 19 7 7 7 8 8 8 2 2 0
 10 10 4 0 0 0 1 1 13 13 39 40 40 39 35 35 36 36 30 25 25 22 17 17 16 16 14 14 14 12 11 11 19 19 19 19 19 7 7 7 8 8 8 2 2 0
 12 12 7 0 0 0 1 1 11 11 39 38 38 33 31 31 29 29 27 23 23 18 14 14 13 13 11 11 11 15 14 14 32 32 32 30 30 24 9 9 9 9 9 3 3 1
 10 10 6 4 4 1 3 3 16 16 52 41 41 32 29 29 24 24 24 21 21 15 10 10 7 7 6 19 19 22 21 21 21 21 32 30 30 10 9 9 8 8 7 3 3 1
 10 10 6 4 4 1 3 3 16 16 52 41 41 32 29 29 24 24 24 21 21 15 10 10 7 7 6 19 19 22 21 21 21 21 32 30 30 10 9 9 8 8 7 3 3 1
 20 20 16 16 16 14 5 5 11 11 36 37 37 31 27 27 24 24 24 21 21 14 8 8 3 3 2 7 7 11 11 11 12 12 17 14 14 7 7 7 8 8 4 3 3 2
 22 22 20 19 19 17 10 10 17 17 36 41 41 34 26 26 22 22 21 18 18 12 9 9 9 9 8 9 9 7 6 6 6 6 1 2 2 2 5 5 7 7 6 6 6 4
 22 22 20 19 19 17 10 10 17 17 36 41 41 34 26 26 22 22 21 18 18 12 9 9 9 9 8 9 9 7 6 6 6 6 1 2 2 2 5 5 7 7 6 6 6 4
 28 28 34 34 34 18 16 16 29 29 39 34 34 33 30 30 25 25 19 14 14 18 18 18 38 38 34 31 31 9 8 8 8 8 3 2 2 2 3 3 4 4 3 4 4 5
 28 28 34 34 34 18 16 16 29 29 39 34 34 33 30 30 25 25 19 14 14 18 18 18 38 38 34 31 31 9 8 8 8 8 3 2 2 2 3 3 4 4 3 4 4 5
 30 30 33 30 30 18 17 17 23 23 30 35 35 40 41 41 29 29 22 18 18 30 29 29 27 27 39 32 32 17 6 6 13 13 2 2 2 3 4 4 3 3 4 3 3 3
 29 29 32 33 33 17 18 18 16 16 23 33 33 39 41 41 29 29 22 19 19 27 27 27 21 21 28 23 23 25 14 14 14 14 14 5 5 4 5 5 4 4 3 3 3 4
 29 29 32 33 33 17 18 18 16 16 23 33 33 39 41 41 29 29 22 19 19 27 27 27 21 21 28 23 23 25 14 14 14 14 14 5 5 4 5 5 4 4 3 3 3 4
 11 11 11 12 12 11 11 11 9 9 16 25 25 34 36 36 29 29 22 17 17 15 14 14 12 12 24 14 14 9 10 10 10 10 11 6 6 3 7 7 7 7 11 7 7 4
 12 12 11 11 11 10 9 9 7 7 9 13 13 22 24 24 23 23 21 15 15 13 17 17 21 21 23 10 10 8 29 29 30 30 31 13 13 12 11 11 11 11 11 6 6 6
 12 12 11 11 11 10 9 9 7 7 9 13 13 22 24 24 23 23 21 15 15 13 17 17 21 21 23 10 10 8 29 29 30 30 31 13 13 12 11 11 11 11 11 6 6 6
 8 8 7 5 5 6 7 7 6 6 4 5 5 9 15 15 25 25 36 31 31 21 18 18 27 27 30 10 10 6 6 6 26 26 28 45 45 45 55 55 13 13 12 7 7 6
 8 8 7 5 5 6 7 7 6 6 4 5 5 9 15 15 25 25 36 31 31 21 18 18 27 27 30 10 10 6 6 6 26 26 28 45 45 45 55 55 13 13 12 7 7 6
 4 4 4 3 3 7 8 8 7 7 3 4 4 4 13 13 27 27 56 54 54 44 34 34 35 35 31 10 10 23 39 39 59 59 59 58 58 56 55 55 24 24 10 9 9 6
 3 3 4 3 3 3 6 6 6 6 3 4 4 14 19 19 30 30 50 48 48 38 32 32 34 34 32 38 38 35 35 35 60 60 60 64 64 44 43 43 23 23 10 6 6 5
 3 3 4 3 3 3 6 6 6 6 3 4 4 14 19 19 30 30 50 48 48 38 32 32 34 34 32 38 38 35 35 35 60 60 60 64 64 44 43 43 23 23 10 6 6 5
 1 1 1 3 3 4 4 4 3 3 3 3 3 12 24 24 39 39 44 34 34 27 32 32 32 32 31 31 31 51 49 49 68 68 67 65 65 32 31 31 22 22 5 4 4 4
 2 2 2 4 4 4 5 5 4 4 4 19 19 19 27 27 27 27 28 18 18 20 26 26 34 34 36 40 40 58 46 46 42 42 42 38 38 23 22 22 22 22 5 4 4 3
 2 2 2 4 4 4 5 5 4 4 4 19 19 19 27 27 27 27 28 18 18 20 26 26 34 34 36 40 40 58 46 46 42 42 42 38 38 23 22 22 22 22 5 4 4 3
 3 3 3 3 3 6 9 9 10 10 5 20 20 3 21 21 21 21 22 18 18 25 31 31 45 45 49 51 51 51 43 43 45 45 44 33 33 22 10 10 10 10 4 2 2 1
 3 3 3 3 3 6 9 9 10 10 5 20 20 3 21 21 21 21 22 18 18 25 31 31 45 45 49 51 51 51 43 43 45 45 44 33 33 22 10 10 10 10 4 2 2 1
 4 4 4 4 4 7 14 14 8 8 9 8 8 8 21 21 21 21 23 22 22 30 39 39 50 50 53 60 60 49 39 39 38 38 37 30 30 23 8 8 8 8 7 2 2 1
 7 7 6 6 6 9 9 9 3 3 8 10 10 10 21 21 26 26 22 30 30 30 49 49 59 59 56 63 63 52 41 41 27 27 23 17 17 15 8 8 7 7 7 2 2 0
 7 7 6 6 6 9 9 9 3 3 8 10 10 10 21 21 26 26 22 30 30 30 49 49 59 59 56 63 63 52 41 41 27 27 23 17 17 15 8 8 7 7 7 2 2 0
 7 7 4 5 5 7 6 6 2 2 8 8 8 9 10 10 25 25 24 31 31 36 50 50 58 58 55 60 60 51 39 39 30 30 26 18 18 15 7 7 4 4 3 1 1 0
 2 2 3 5 5 5 4 4 2 2 5 6 6 6 6 6 25 25 27 28 28 41 52 52 58 58 51 57 57 53 45 45 36 36 25 14 14 12 7 7 2 2 1 0 0 0
 2 2 3 5 5 5 4 4 2 2 5 6 6 6 6 6 25 25 27 28 28 41 52 52 58 58 51 57 57 53 45 45 36 36 25 14 14 12 7 7 2 2 1 0 0 0
 2 2 4 5 5 7 3 3 3 3 3 7 7 17 16 16 25 25 26 26 26 39 54 54 56 56 53 56 56 57 48 48 34 34 23 15 15 12 7 7 2 2 1 1 1 1
 2 2 4 5 5 7 3 3 3 3 3 7 7 17 16 16 25 25 26 26 26 39 54 54 56 56 53 56 56 57 48 48 34 34 23 15 15 12 7 7 2 2 1 1 1 1
 4 4 5 10 10 8 5 5 4 4 2 17 17 16 17 17 28 28 47 45 45 60 54 54 56 56 56 56 56 51 48 48 36 36 19 13 13 11 2 2 1 1 3 2 2 1
 7 7 9 14 14 13 6 6 3 3 6 49 49 55 55 55 57 57 46 50 50 62 42 42 41 41 40 43 43 41 36 36 25 25 16 2 2 3 2 2 3 3 3 5 5 2
 7 7 9 14 14 13 6 6 3 3 6 49 49 55 55 55 57 57 46 50 50 62 42 42 41 41 40 43 43 41 36 36 25 25 16 2 2 3 2 2 3 3 3 5 5 2
 8 8 13 11 11 5 11 11 12 12 14 49 49 69 68 68 69 69 28 33 33 45 40 40 41 41 29 29 29 25 19 19 9 9 6 3 3 3 6 6 9 9 8 8 8 5
 6 6 6 9 9 5 11 11 8 8 19 17 17 59 70 70 68 68 30 18 18 27 27 27 33 33 31 30 30 24 12 12 6 6 3 3 3 5 5 5 6 6 6 5 5 4
 6 6 6 9 9 5 11 11 8 8 19 17 17 59 70 70 68 68 30 18 18 27 27 27 33 33 31 30 30 24 12 12 6 6 3 3 3 5 5 5 6 6 6 5 5 4
 2 2 4 3 3 3 4 4 4 4 17 2 2 7 17 17 13 13 15 18 18 24 19 19 32 32 36 31 31 24 18 18 9 9 5 3 3 4 3 3 3 3 5 5 5 3
 2 2 4 3 3 3 4 4 4 4 17 2 2 7 17 17 13 13 15 18 18 24 19 19 32 32 36 31 31 24 18 18 9 9 5 3 3 4 3 3 3 3 5 5 5 3
 1 1 1 3 3 2 1 1 2 2 2 2 2 4 14 14 4 4 3 9 9 15 19 19 31 31 34 30 30 25 21 21 13 13 11 7 7 3 3 3 2 2 2 3 3 4
 3 3 2 1 1 1 1 1 2 2 2 1 1 1 2 2 2 2 3 9 9 12 20 20 30 30 34 34 34 28 24 24 19 19 14 10 10 9 3 3 3 3 2 10 10 12
 3 3 2 1 1 1 1 1 2 2 2 1 1 1 2 2 2 2 3 9 9 12 20 20 30 30 34 34 34 28 24 24 19 19 14 10 10 9 3 3 3 3 2 10 10 12
 4 4 3 1 1 0 1 1 3 3 2 1 1 1 1 1 2 2 3 7 7 12 20 20 29 29 33 32 32 28 26 26 37 37 33 13 13 15 7 7 7 7 6 12 12 15
 9 9 9 3 3 1 0 0 1 1 1 1 1 1 2 2 3 3 6 10 10 16 19 19 25 25 25 24 24 23 25 25 37 37 34 18 18 12 7 7 20 20 25 28 28 31
 9 9 9 3 3 1 0 0 1 1 1 1 1 1 2 2 3 3 6 10 10 16 19 19 25 25 25 24 24 23 25 25 37 37 34 18 18 12 7 7 20 20 25 28 28 31
 2 2 3 1 1 1 0 0 0 0 0 1 1 1 3 3 4 4 6 9 9 14 16 16 21 21 21 21 21 22 38 38 34 34 35 17 17 16 15 15 24 24 25 27 27 16
 2 2 3 1 1 1 0 0 0 0 0 1 1 1 3 3 4 4 6 9 9 14 16 16 21 21 21 21 21 22 38 38 34 34 35 17 17 16 15 15 24 24 25 27 27 16
 3 3 3 3 3 1 1 1 1 1 1 2 2 3 3 3 4 4 6 8 8 11 11 11 19 19 23 22 22 23 20 20 17 17 24 28 28 26 11 11 20 20 18 13 13 13
 2 2 3 4 4 3 1 1 2 2 1 2 2 3 3 3 5 5 6 9 9 12 11 11 17 17 26 25 25 25 24 24 20 20 25 23 23 20 15 15 23 23 24 16 16 17
 2 2 3 4 4 3 1 1 2 2 1 2 2 3 3 3 5 5 6 9 9 12 11 11 17 17 26 25 25 25 24 24 20 20 25 23 23 20 15 15 23 23 24 16 16 17
 3 3 4 5 5 4 3 3 4 4 2 2 2 2 2 2 5 5 7 10 10 12 13 13 19 19 27 28 28 27 25 25 21 21 17 15 15 15 13 13 14 14 19 15 15 21
 5 5 7 6 6 6 6 6 5 5 1 1 1 2 3 3 6 6 8 12 12 13 14 14 22 22 23 30 30 26 24 24 21 21 18 16 16 18 14 14 17 17 19 19 19 24
 5 5 7 6 6 6 6 6 5 5 1 1 1 2 3 3 6 6 8 12 12 13 14 14 22 22 23 30 30 26 24 24 21 21 18 16 16 18 14 14 17 17 19 19 19 24
 14 14 8 6 6 5 6 6 4 4 2 1 1 2 4 4 6 6 8 12 12 15 17 17 24 24 25 32 32 27 24 24 22 22 19 17 17 20 14 14 18 18 35 28 28 29
 14 14 8 6 6 5 6 6 4 4 2 1 1 2 4 4 6 6 8 12 12 15 17 17 24 24 25 32 32 27 24 24 22 22 19 17 17 20 14 14 18 18 35 28 28 29
 10 10 11 6 6 5 10 10 5 5 3 3 3 4 5 5 10 10 9 13 13 17 19 19 23 23 25 23 23 28 27 27 25 25 23 21 21 17 17 17 35 35 43 34 34 36
 20 20 9 7 7 13 15 15 13 13 6 5 5 6 7 7 12 12 15 16 16 21 22 22 24 24 24 23 23 29 28 28 29 29 24 38 38 43 31 31 32 32 37 37 37 23
 20 20 9 7 7 13 15 15 13 13 6 5 5 6 7 7 12 12 15 16 16 21 22 22 24 24 24 23 23 29 28 28 29 29 24 38 38 43 31 31 32 32 37 37 37 23
 5 5 24 18 18 12 16 16 12 12 14 14 14 8 10 10 16 16 20 20 20 22 22 22 23 23 24 23 23 21 28 28 26 26 44 37 37 39 32 32 33 33 35 18 18 18
 4 4 22 21 21 10 7 7 12 12 13 16 16 9 11 11 19 19 22 24 24 25 26 26 24 24 20 20 20 18 18 18 23 23 42 36 36 49 50 50 30 30 9 9 9 11
 4 4 22 21 21 10 7 7 12 12 13 16 16 9 11 11 19 19 22 24 24 25 26 26 24 24 20 20 20 18 18 18 23 23 42 36 36 49 50 50 30 30 9 9 9 11
 35 35 35 22 22 5 8 8 12 12 14 15 15 14 15 15 17 17 19 24 24 24 28 28 24 24 22 20 20 15 14 14 12 12 40 34 34 46 27 27 14 14 14 9 9 5
 35 35 35 22 22 5 8 8 12 12 14 15 15 14 15 15 17 17 19 24 24 24 28 28 24 24 22 20 20 15 14 14 12 12 40 34 34 46 27 27 14 14 14 9 9 5
 13 13 14 23 23 6 9 9 13 13 14 25 25 26 16 16 26 26 26 25 25 26 29 29 23 23 27 25 25 21 19 19 12 12 13 19 19 26 25 25 11 11 11 7 7 6
 14 14 14 18 18 10 14 14 20 20 16 25 25 22 21 21 25 25 33 27 27 28 30 30 33 33 25 25 25 22 14 14 11 11 6 6 6 9 9 9 4 4 5 8 8 8
 14 14 14 18 18 10 14 14 20 20 16 25 25 22 21 21 25 25 33 27 27 28 30 30 33 33 25 25 25 22 14 14 11 11 6 6 6 9 9 9 4 4 5 8 8 8
 3 3 9 16 16 12 10 10 16 16 13 13 13 25 31 31 29 29 33 37 37 38 28 28 26 26 22 19 19 16 13 13 10 10 6 5 5 5 7 7 1 1 2 3 3 3
 3 3 10 15 15 5 7 7 8 8 10 10 10 14 34 34 36 36 34 38 38 29 23 23 22 22 17 14 14 11 8 8 6 6 4 1 1 1 1 1 1 1 1 2 2 2
