assets/RAT_results_old/precipitation/2023-09-20_IMERG.asc
ncols        46
nrows        77
xllcorner    74.800261325624
yllcorner    8.058333333333
cellsize     0.062500000000
NODATA_value -9999
 4 4 2 1 1 1 1 1 0 0 0 0 0 0 0 0 0 0 1 3 3 2 1 1 1 1 1 1 1 1 2 2 5 5 1 0 0 0 0 0 0 0 0 0 0 0
 4 4 2 1 1 0 0 0 0 0 0 0 0 1 1 1 1 1 1 1 1 2 1 1 1 1 1 1 1 0 0 0 1 1 0 0 0 0 0 0 0 0 0 0 0 0
 4 4 2 1 1 0 0 0 0 0 0 0 0 1 1 1 1 1 1 1 1 2 1 1 1 1 1 1 1 0 0 0 1 1 0 0 0 0 0 0 0 0 0 0 0 0
 2 2 2 2 2 1 0 0 0 0 0 0 0 1 1 1 1 1 1 0 0 1 1 1 1 1 1 1 1 0 0 0 0 0 0 0 0 0 0 0 0 0 0 0 0 0
 7 7 3 1 1 1 1 1 1 1 0 0 0 1 1 1 1 1 1 2 2 2 1 1 0 0 0 0 0 0 0 0 0 0 0 0 0 0 0 0 0 0 0 0 0 1
 7 7 3 1 1 1 1 1 1 1 0 0 0 1 1 1 1 1 1 2 2 2 1 1 0 0 0 0 0 0 0 0 0 0 0 0 0 0 0 0 0 0 0 0 0 1
 2 2 2 2 2 2 2 2 2 2 1 1 1 0 0 0 1 1 1 2 2 4 1 1 0 0 0 0 0 0 0 0 0 0 0 0 0 0 0 0 0 0 0 1 1 2
 2 2 2 2 2 2 2 2 2 2 1 1 1 0 0 0 1 1 1 2 2 4 1 1 0 0 0 0 0 0 0 0 0 0 0 0 0 0 0 0 0 0 0 1 1 2
 1 1 0 0 0 1 3 3 4 4 3 1 1 1 0 0 0 0 0 0 0 1 0 0 0 0 0 0 0 0 0 0 0 0 1 1 1 1 1 1 1 1 2 2 2 5
 4 4 9 1 1 0 1 1 2 2 2 4 4 1 0 0 0 0 0 0 0 0 0 0 0 0 0 0 0 0 1 1 2 2 3 2 2 2 3 3 3 3 4 3 3 4
 4 4 9 1 1 0 1 1 2 2 2 4 4 1 0 0 0 0 0 0 0 0 0 0 0 0 0 0 0 0 1 1 2 2 3 2 2 2 3 3 3 3 4 3 3 4
 6 6 7 0 0 1 1 1 1 1 1 1 1 1 0 0 0 0 0 0 0 0 0 0 0 0 1 1 1 1 2 2 4 4 5 5 5 5 7 7 7 7 5 4 4 5
 6 6 4 4 4 2 1 1 2 2 4 2 2 1 1 1 0 0 0 1 1 1 0 0 0 0 1 2 2 4 4 4 5 5 6 6 6 7 9 9 8 8 6 6 6 7
 6 6 4 4 4 2 1 1 2 2 4 2 2 1 1 1 0 0 0 1 1 1 0 0 0 0 1 2 2 4 4 4 5 5 6 6 6 7 9 9 8 8 6 6 6 7
 3 3 2 3 3 2 2 2 4 4 5 5 5 6 6 6 2 2 1 1 1 2 2 2 2 2 3 4 4 6 8 8 8 8 6 4 4 5 8 8 10 10 8 7 7 7
 3 3 2 3 3 2 2 2 4 4 5 5 5 6 6 6 2 2 1 1 1 2 2 2 2 2 3 4 4 6 8 8 8 8 6 4 4 5 8 8 10 10 8 7 7 7
 4 4 2 2 2 2 2 2 1 1 2 2 2 2 3 3 2 2 1 2 2 4 4 4 4 4 5 6 6 7 8 8 7 7 6 4 4 5 6 6 8 8 20 25 25 17
 4 4 3 3 3 4 2 2 0 0 1 1 1 1 2 2 2 2 2 3 3 3 3 3 3 3 3 4 4 6 6 6 7 7 6 4 4 4 6 6 7 7 17 26 26 20
 4 4 3 3 3 4 2 2 0 0 1 1 1 1 2 2 2 2 2 3 3 3 3 3 3 3 3 4 4 6 6 6 7 7 6 4 4 4 6 6 7 7 17 26 26 20
 3 3 2 2 2 2 2 2 1 1 0 1 1 2 4 4 3 3 2 2 2 2 2 2 2 2 2 3 3 4 5 5 6 6 7 6 6 5 5 5 4 4 9 11 11 19
 6 6 13 2 2 2 2 2 2 2 1 1 1 1 2 2 2 2 1 1 1 1 1 1 1 1 3 3 3 3 5 5 7 7 8 9 9 8 6 6 3 3 3 2 2 6
 6 6 13 2 2 2 2 2 2 2 1 1 1 1 2 2 2 2 1 1 1 1 1 1 1 1 3 3 3 3 5 5 7 7 8 9 9 8 6 6 3 3 3 2 2 6
 4 4 10 10 10 9 5 5 5 5 1 0 0 0 1 1 1 1 0 1 1 1 1 1 2 2 4 4 4 6 6 6 6 6 6 8 8 7 4 4 2 2 1 2 2 5
 4 4 10 10 10 9 5 5 5 5 1 0 0 0 1 1 1 1 0 1 1 1 1 1 2 2 4 4 4 6 6 6 6 6 6 8 8 7 4 4 2 2 1 2 2 5
 12 12 13 12 12 12 4 4 5 5 5 1 1 1 1 1 1 1 1 1 1 1 2 2 4 4 6 6 6 6 6 6 4 4 3 4 4 4 2 2 1 1 1 2 2 2
 1 1 12 13 13 12 13 13 13 13 13 2 2 1 1 1 2 2 2 2 2 2 2 2 4 4 5 6 6 5 4 4 1 1 1 1 1 1 1 1 3 3 3 3 3 4
 1 1 12 13 13 12 13 13 13 13 13 2 2 1 1 1 2 2 2 2 2 2 2 2 4 4 5 6 6 5 4 4 1 1 1 1 1 1 1 1 3 3 3 3 3 4
 2 2 1 1 1 1 1 1 13 13 3 2 2 2 3 3 2 2 3 3 3 2 1 1 2 2 2 2 2 1 1 1 0 0 0 0 0 1 2 2 5 5 6 6 6 5
 2 2 1 1 1 1 2 2 2 2 2 2 2 2 3 3 2 2 3 2 2 1 1 1 1 1 1 1 1 0 0 0 0 0 0 1 1 2 3 3 5 5 8 7 7 8
 2 2 1 1 1 1 2 2 2 2 2 2 2 2 3 3 2 2 3 2 2 1 1 1 1 1 1 1 1 0 0 0 0 0 0 1 1 2 3 3 5 5 8 7 7 8
 1 1 1 2 2 2 2 2 2 2 3 2 2 2 1 1 1 1 2 1 1 1 0 0 0 0 0 0 0 0 0 0 0 0 0 1 1 1 1 1 3 3 5 5 5 6
 1 1 1 2 2 2 2 2 2 2 3 2 2 2 1 1 1 1 2 1 1 1 0 0 0 0 0 0 0 0 0 0 0 0 0 1 1 1 1 1 3 3 5 5 5 6
 0 0 1 1 1 1 1 1 1 1 2 2 2 1 1 1 0 0 0 1 1 0 0 0 0 0 0 0 0 0 0 0 0 0 0 1 1 1 1 1 2 2 3 3 3 4
 0 0 0 0 0 0 1 1 1 1 1 2 2 2 1 1 0 0 0 1 1 0 0 0 0 0 0 0 0 0 0 0 1 1 1 1 1 1 1 1 1 1 2 2 2 3
 0 0 0 0 0 0 1 1 1 1 1 2 2 2 1 1 0 0 0 1 1 0 0 0 0 0 0 0 0 0 0 0 1 1 1 1 1 1 1 1 1 1 2 2 2 3
 1 1 1 0 0 0 1 1 1 1 3 3 3 2 2 2 1 1 0 0 0 1 0 0 0 0 0 0 0 0 1 1 2 2 2 1 1 1 1 1 0 0 0 0 0 1
 0 0 0 0 0 1 0 0 1 1 3 3 3 5 3 3 1 1 1 0 0 1 1 1 0 0 0 0 0 0 0 0 1 1 1 1 1 0 0 0 0 0 0 6 6 1
 0 0 0 0 0 1 0 0 1 1 3 3 3 5 3 3 1 1 1 0 0 1 1 1 0 0 0 0 0 0 0 0 1 1 1 1 1 0 0 0 0 0 0 6 6 1
 0 0 0 0 0 0 0 0 1 1 2 2 2 3 2 2 2 2 1 1 1 1 1 1 1 1 0 0 0 0 0 0 1 1 1 4 4 4 4 4 7 7 6 6 6 1
 0 0 0 0 0 0 0 0 1 1 2 2 2 3 2 2 2 2 1 1 1 1 1 1 1 1 0 0 0 0 0 0 1 1 1 4 4 4 4 4 7 7 6 6 6 1
 1 1 1 0 0 0 0 0 0 0 1 1 1 1 1 1 2 2 2 1 1 1 2 2 1 1 1 1 1 1 1 1 1 1 3 5 5 5 5 5 10 10 10 14 14 12
 1 1 1 0 0 0 1 1 1 1 1 1 1 1 2 2 2 2 2 1 1 1 3 3 4 4 3 2 2 2 1 1 0 0 2 2 2 7 16 16 18 18 19 32 32 21
 1 1 1 0 0 0 1 1 1 1 1 1 1 1 2 2 2 2 2 1 1 1 3 3 4 4 3 2 2 2 1 1 0 0 2 2 2 7 16 16 18 18 19 32 32 21
 0 0 0 0 0 0 1 1 1 1 1 0 0 1 1 1 1 1 2 1 1 3 3 3 3 3 4 4 4 6 3 3 1 1 1 2 2 8 4 4 9 9 9 19 19 18
 0 0 0 0 0 0 0 0 1 1 1 0 0 1 1 1 1 1 2 1 1 1 2 2 6 6 6 5 5 4 5 5 2 2 1 1 1 1 4 4 5 5 9 18 18 18
 0 0 0 0 0 0 0 0 1 1 1 0 0 1 1 1 1 1 2 1 1 1 2 2 6 6 6 5 5 4 5 5 2 2 1 1 1 1 4 4 5 5 9 18 18 18
 0 0 0 0 0 0 0 0 1 1 1 1 1 1 1 1 0 0 2 4 4 1 3 3 9 9 6 6 6 8 8 8 3 3 1 0 0 1 1 1 2 2 3 2 2 1
 0 0 0 0 0 0 0 0 1 1 1 1 1 1 1 1 0 0 2 4 4 1 3 3 9 9 6 6 6 8 8 8 3 3 1 0 0 1 1 1 2 2 3 2 2 1
 0 0 0 0 0 0 1 1 1 1 1 1 1 1 1 1 1 1 2 8 8 2 2 2 4 4 3 5 5 2 6 6 6 6 6 2 2 1 1 1 2 2 2 1 1 1
 1 1 0 0 0 0 0 0 0 0 1 1 1 2 1 1 1 1 2 9 9 0 3 3 3 3 3 3 3 2 6 6 7 7 6 3 3 1 1 1 1 1 1 1 1 0
 1 1 0 0 0 0 0 0 0 0 1 1 1 2 1 1 1 1 2 9 9 0 3 3 3 3 3 3 3 2 6 6 7 7 6 3 3 1 1 1 1 1 1 1 1 0
 1 1 1 0 0 2 1 1 0 0 1 1 1 3 4 4 2 2 2 8 8 8 3 3 3 3 6 9 9 6 7 7 6 6 4 1 1 1 2 2 4 4 3 1 1 0
 1 1 3 3 3 4 1 1 1 1 1 2 2 3 3 3 1 1 5 7 7 11 5 5 6 6 7 8 8 6 8 8 8 8 8 4 4 3 3 3 5 5 3 1 1 1
 1 1 3 3 3 4 1 1 1 1 1 2 2 3 3 3 1 1 5 7 7 11 5 5 6 6 7 8 8 6 8 8 8 8 8 4 4 3 3 3 5 5 3 1 1 1
 2 2 4 4 4 4 1 1 2 2 3 4 4 4 5 5 7 7 9 6 6 10 4 4 12 12 12 8 8 10 12 12 14 14 9 4 4 4 5 5 15 15 12 4 4 3
 2 2 4 4 4 4 1 1 2 2 3 4 4 4 5 5 7 7 9 6 6 10 4 4 12 12 12 8 8 10 12 12 14 14 9 4 4 4 5 5 15 15 12 4 4 3
 2 2 2 2 2 2 2 2 3 3 6 7 7 7 5 5 8 8 8 18 18 19 20 20 8 8 13 8 8 10 7 7 14 14 14 12 12 6 7 7 16 16 12 7 7 8
 2 2 2 2 2 2 2 2 2 2 4 4 4 4 4 4 5 5 7 17 17 3 9 9 14 14 12 6 6 7 7 7 14 14 6 8 8 7 9 9 11 11 13 14 14 15
 2 2 2 2 2 2 2 2 2 2 4 4 4 4 4 4 5 5 7 17 17 3 9 9 14 14 12 6 6 7 7 7 14 14 6 8 8 7 9 9 11 11 13 14 14 15
 1 1 1 1 1 1 1 1 1 1 1 1 1 2 2 2 5 5 4 3 3 3 8 8 8 8 7 3 3 5 4 4 5 5 6 11 11 10 11 11 11 11 17 20 20 20
 3 3 3 2 2 1 0 0 0 0 1 1 1 2 3 3 6 6 3 4 4 3 3 3 12 12 5 4 4 5 4 4 5 5 8 11 11 11 9 9 10 10 17 21 21 20
 3 3 3 2 2 1 0 0 0 0 1 1 1 2 3 3 6 6 3 4 4 3 3 3 12 12 5 4 4 5 4 4 5 5 8 11 11 11 9 9 10 10 17 21 21 20
 1 1 1 1 1 1 1 1 2 2 2 2 2 3 4 4 6 6 4 7 7 8 4 4 4 4 4 9 9 10 9 9 9 9 11 12 12 12 10 10 11 11 16 18 18 17
 1 1 1 1 1 1 1 1 2 2 2 2 2 3 4 4 6 6 4 7 7 8 4 4 4 4 4 9 9 10 9 9 9 9 11 12 12 12 10 10 11 11 16 18 18 17
 1 1 1 1 1 1 2 2 4 4 4 3 3 3 3 3 4 4 5 10 10 10 6 6 5 5 6 8 8 13 13 13 13 13 13 12 12 11 8 8 10 10 14 15 15 11
 1 1 2 1 1 1 3 3 4 4 4 6 6 10 19 19 16 16 20 31 31 7 7 7 7 7 8 9 9 11 10 10 13 13 14 11 11 9 7 7 8 8 10 7 7 5
 1 1 2 1 1 1 3 3 4 4 4 6 6 10 19 19 16 16 20 31 31 7 7 7 7 7 8 9 9 11 10 10 13 13 14 11 11 9 7 7 8 8 10 7 7 5
 2 2 3 1 1 1 2 2 2 2 3 7 7 13 20 20 21 21 24 31 31 6 7 7 8 8 9 9 9 9 11 11 15 15 13 9 9 8 8 8 8 8 9 8 8 7
 12 12 2 2 2 1 2 2 3 3 6 13 13 15 24 24 25 25 44 44 44 44 46 46 44 44 11 9 9 11 12 12 16 16 15 12 12 12 11 11 12 12 12 9 9 7
 12 12 2 2 2 1 2 2 3 3 6 13 13 15 24 24 25 25 44 44 44 44 46 46 44 44 11 9 9 11 12 12 16 16 15 12 12 12 11 11 12 12 12 9 9 7
 13 13 31 16 16 3 4 4 5 5 6 10 10 9 15 15 16 16 30 46 46 45 47 47 44 44 45 46 46 46 18 18 17 17 18 17 17 15 18 18 16 16 12 7 7 4
 13 13 31 16 16 3 4 4 5 5 6 10 10 9 15 15 16 16 30 46 46 45 47 47 44 44 45 46 46 46 18 18 17 17 18 17 17 15 18 18 16 16 12 7 7 4
 82 82 95 19 19 8 11 11 12 12 11 14 14 17 16 16 14 14 28 28 28 39 39 39 43 43 44 61 61 45 15 15 16 16 13 9 9 11 20 20 10 10 3 1 1 0
 2 2 65 5 5 8 10 10 10 10 7 8 8 8 7 7 7 7 2 2 2 8 38 38 41 41 40 61 61 65 91 91 29 29 24 3 3 6 7 7 3 3 0 0 0 0
 2 2 65 5 5 8 10 10 10 10 7 8 8 8 7 7 7 7 2 2 2 8 38 38 41 41 40 61 61 65 91 91 29 29 24 3 3 6 7 7 3 3 0 0 0 0
 2 2 2 1 1 2 3 3 2 2 4 2 2 3 3 3 2 2 4 10 10 9 8 8 12 12 11 18 18 64 67 67 41 41 22 3 3 2 1 1 1 1 0 0 0 0
 1 1 1 1 1 1 2 2 2 2 3 1 1 1 2 2 3 3 6 5 5 5 4 4 3 3 14 18 18 66 68 68 41 41 44 4 4 1 1 1 1 1 1 1 1 0
