assets/RAT_results_old/precipitation/2023-12-01_IMERG.asc
ncols        46
nrows        77
xllcorner    74.800261325624
yllcorner    8.058333333333
cellsize     0.062500000000
NODATA_value -9999
 2 2 3 5 5 5 4 4 1 1 0 0 0 0 0 0 0 0 0 0 0 0 0 0 0 0 0 0 0 0 0 0 0 0 0 0 0 0 0 0 0 0 1 1 1 0
 1 1 3 5 5 6 5 5 3 3 0 0 0 0 0 0 0 0 0 0 0 0 0 0 0 0 0 0 0 0 0 0 0 0 0 1 1 0 0 0 0 0 0 0 0 0
 1 1 3 5 5 6 5 5 3 3 0 0 0 0 0 0 0 0 0 0 0 0 0 0 0 0 0 0 0 0 0 0 0 0 0 1 1 0 0 0 0 0 0 0 0 0
 0 0 2 4 4 7 9 9 6 6 1 0 0 0 0 0 0 0 0 0 0 0 0 0 0 0 0 0 0 0 0 0 0 0 0 0 0 1 0 0 0 0 0 0 0 1
 1 1 1 3 3 7 13 13 11 11 2 0 0 0 0 0 0 0 0 0 0 0 0 0 0 0 0 0 0 0 0 0 1 1 0 0 0 0 0 0 0 0 0 0 0 0
 1 1 1 3 3 7 13 13 11 11 2 0 0 0 0 0 0 0 0 0 0 0 0 0 0 0 0 0 0 0 0 0 1 1 0 0 0 0 0 0 0 0 0 0 0 0
 1 1 0 2 2 7 16 16 14 14 3 0 0 0 0 0 0 0 0 0 0 0 0 0 0 0 0 0 0 0 0 0 1 1 1 1 1 0 0 0 0 0 1 1 1 0
 1 1 0 2 2 7 16 16 14 14 3 0 0 0 0 0 0 0 0 0 0 0 0 0 0 0 0 0 0 0 0 0 1 1 1 1 1 0 0 0 0 0 1 1 1 0
 1 1 1 1 1 3 9 9 9 9 2 0 0 0 0 0 0 0 0 0 0 0 0 0 0 0 0 0 0 0 0 0 1 1 2 2 2 1 0 0 0 0 3 5 5 1
 1 1 1 0 0 0 2 2 2 2 0 0 0 0 0 0 0 0 0 0 0 0 0 0 0 0 0 0 0 0 0 0 0 0 1 3 3 2 1 1 0 0 1 1 1 0
 1 1 1 0 0 0 2 2 2 2 0 0 0 0 0 0 0 0 0 0 0 0 0 0 0 0 0 0 0 0 0 0 0 0 1 3 3 2 1 1 0 0 1 1 1 0
 1 1 1 1 1 0 0 0 0 0 0 0 0 0 0 0 0 0 0 0 0 0 0 0 0 0 0 0 0 0 0 0 0 0 0 1 1 1 1 1 1 1 0 1 1 0
 1 1 1 1 1 0 0 0 0 0 0 0 0 0 0 0 0 0 0 0 0 0 0 0 0 0 0 0 0 0 0 0 0 0 0 0 0 1 3 3 2 2 1 1 1 1
 1 1 1 1 1 0 0 0 0 0 0 0 0 0 0 0 0 0 0 0 0 0 0 0 0 0 0 0 0 0 0 0 0 0 0 0 0 1 3 3 2 2 1 1 1 1
 1 1 1 1 1 0 0 0 0 0 0 0 0 0 0 0 0 0 0 0 0 0 0 0 0 0 0 0 0 0 0 0 0 0 0 0 0 1 2 2 2 2 2 2 2 1
 1 1 1 1 1 0 0 0 0 0 0 0 0 0 0 0 0 0 0 0 0 0 0 0 0 0 0 0 0 0 0 0 0 0 0 0 0 1 2 2 2 2 2 2 2 1
 1 1 1 0 0 0 0 0 0 0 0 0 0 0 0 0 0 0 0 0 0 0 0 0 0 0 0 0 0 0 0 0 0 0 0 0 0 0 1 1 3 3 6 4 4 1
 1 1 1 1 1 1 0 0 0 0 0 0 0 0 0 0 0 0 0 0 0 0 0 0 0 0 0 0 0 0 0 0 1 1 0 0 0 0 0 0 2 2 4 4 4 2
 1 1 1 1 1 1 0 0 0 0 0 0 0 0 0 0 0 0 0 0 0 0 0 0 0 0 0 0 0 0 0 0 1 1 0 0 0 0 0 0 2 2 4 4 4 2
 1 1 1 1 1 1 1 1 1 1 0 1 1 0 0 0 0 0 0 0 0 0 1 1 0 0 0 0 0 0 0 0 1 1 0 0 0 0 0 0 1 1 2 3 3 3
 1 1 1 0 0 0 2 2 2 2 2 2 2 0 0 0 0 0 0 0 0 0 1 1 0 0 0 1 1 0 1 1 1 1 1 0 0 0 1 1 1 1 1 2 2 2
 1 1 1 0 0 0 2 2 2 2 2 2 2 0 0 0 0 0 0 0 0 0 1 1 0 0 0 1 1 0 1 1 1 1 1 0 0 0 1 1 1 1 1 2 2 2
 1 1 1 0 0 0 2 2 5 5 4 1 1 1 0 0 0 0 0 0 0 0 1 1 1 1 1 2 2 1 2 2 1 1 0 0 0 0 1 1 1 1 3 3 3 3
 1 1 1 0 0 0 2 2 5 5 4 1 1 1 0 0 0 0 0 0 0 0 1 1 1 1 1 2 2 1 2 2 1 1 0 0 0 0 1 1 1 1 3 3 3 3
 1 1 1 0 0 1 1 1 3 3 3 1 1 0 0 0 3 3 0 0 0 0 1 1 3 3 1 1 1 1 3 3 1 1 0 0 0 0 0 0 1 1 3 4 4 3
 4 4 2 1 1 0 1 1 1 1 1 0 0 0 0 0 0 0 0 0 0 0 3 3 10 10 2 0 0 3 9 9 3 3 1 1 1 1 0 0 0 0 1 3 3 5
 4 4 2 1 1 0 1 1 1 1 1 0 0 0 0 0 0 0 0 0 0 0 3 3 10 10 2 0 0 3 9 9 3 3 1 1 1 1 0 0 0 0 1 3 3 5
 12 12 5 1 1 0 0 0 0 0 0 1 1 2 1 1 0 0 0 0 0 0 2 2 7 7 2 0 0 1 5 5 2 2 1 1 1 3 1 1 1 1 0 1 1 3
 5 5 3 1 1 0 0 0 0 0 1 1 1 2 1 1 1 1 0 0 0 0 0 0 1 1 0 0 0 0 1 1 1 1 1 0 0 1 1 1 1 1 0 1 1 1
 5 5 3 1 1 0 0 0 0 0 1 1 1 2 1 1 1 1 0 0 0 0 0 0 1 1 0 0 0 0 1 1 1 1 1 0 0 1 1 1 1 1 0 1 1 1
 4 4 4 3 3 1 0 0 0 0 1 2 2 2 2 2 1 1 0 0 0 0 0 0 0 0 0 0 0 0 0 0 0 0 0 0 0 1 1 1 2 2 1 1 1 1
 4 4 4 3 3 1 0 0 0 0 1 2 2 2 2 2 1 1 0 0 0 0 0 0 0 0 0 0 0 0 0 0 0 0 0 0 0 1 1 1 2 2 1 1 1 1
 3 3 3 2 2 1 1 1 1 1 1 2 2 2 1 1 0 0 1 0 0 0 0 0 0 0 0 0 0 0 0 0 0 0 0 0 0 1 1 1 2 2 2 1 1 1
 2 2 1 1 1 0 1 1 1 1 3 3 3 2 1 1 1 1 1 0 0 0 0 0 0 0 0 0 0 0 0 0 0 0 0 0 0 0 1 1 1 1 1 1 1 2
 2 2 1 1 1 0 1 1 1 1 3 3 3 2 1 1 1 1 1 0 0 0 0 0 0 0 0 0 0 0 0 0 0 0 0 0 0 0 1 1 1 1 1 1 1 2
 3 3 3 1 1 1 1 1 2 2 4 5 5 3 2 2 1 1 1 1 1 0 0 0 0 0 0 0 0 0 0 0 0 0 0 0 0 0 0 0 1 1 1 1 1 2
 3 3 3 1 1 2 2 2 3 3 6 8 8 6 2 2 1 1 2 2 2 1 0 0 0 0 0 0 0 0 0 0 0 0 0 0 0 0 0 0 1 1 2 1 1 1
 3 3 3 1 1 2 2 2 3 3 6 8 8 6 2 2 1 1 2 2 2 1 0 0 0 0 0 0 0 0 0 0 0 0 0 0 0 0 0 0 1 1 2 1 1 1
 2 2 3 1 1 1 3 3 5 5 7 9 9 8 4 4 4 4 2 1 1 2 1 1 0 0 0 0 0 0 0 0 0 0 0 0 0 0 1 1 1 1 1 1 1 1
 2 2 3 1 1 1 3 3 5 5 7 9 9 8 4 4 4 4 2 1 1 2 1 1 0 0 0 0 0 0 0 0 0 0 0 0 0 0 1 1 1 1 1 1 1 1
 4 4 3 1 1 1 2 2 4 4 7 12 12 13 10 10 12 12 12 5 5 3 3 3 1 1 1 0 0 0 0 0 0 0 0 1 1 1 1 1 1 1 1 2 2 2
 2 2 1 1 1 1 1 1 3 3 6 16 16 13 18 18 19 19 18 6 6 5 9 9 6 6 3 2 2 0 0 0 0 0 0 2 2 3 1 1 1 1 3 5 5 7
 2 2 1 1 1 1 1 1 3 3 6 16 16 13 18 18 19 19 18 6 6 5 9 9 6 6 3 2 2 0 0 0 0 0 0 2 2 3 1 1 1 1 3 5 5 7
 3 3 3 2 2 2 3 3 2 2 5 14 14 15 27 27 26 26 27 16 16 16 25 25 28 28 6 5 5 2 1 1 0 0 0 2 2 1 0 0 1 1 2 4 4 10
 7 7 7 4 4 2 3 3 3 3 5 14 14 16 30 30 31 31 29 20 20 31 24 24 26 26 11 6 6 5 4 4 3 3 1 2 2 1 1 1 1 1 2 3 3 12
 7 7 7 4 4 2 3 3 3 3 5 14 14 16 30 30 31 31 29 20 20 31 24 24 26 26 11 6 6 5 4 4 3 3 1 2 2 1 1 1 1 1 2 3 3 12
 13 13 17 11 11 4 7 7 12 12 9 18 18 19 31 31 33 33 27 28 28 105 89 89 53 53 14 8 8 8 7 7 6 6 8 5 5 1 0 0 1 1 1 2 2 9
 13 13 17 11 11 4 7 7 12 12 9 18 18 19 31 31 33 33 27 28 28 105 89 89 53 53 14 8 8 8 7 7 6 6 8 5 5 1 0 0 1 1 1 2 2 9
 4 4 6 6 6 3 7 7 13 13 20 21 21 27 39 39 40 40 38 40 40 108 61 61 48 48 17 16 16 11 10 10 7 7 9 6 6 1 0 0 1 1 1 2 2 5
 2 2 3 3 3 2 8 8 14 14 24 27 27 28 58 58 41 41 40 44 44 62 66 66 53 53 27 22 22 15 13 13 7 7 7 3 3 3 0 0 0 0 0 1 1 1
 2 2 3 3 3 2 8 8 14 14 24 27 27 28 58 58 41 41 40 44 44 62 66 66 53 53 27 22 22 15 13 13 7 7 7 3 3 3 0 0 0 0 0 1 1 1
 2 2 3 4 4 3 2 2 14 14 24 26 26 60 61 61 59 59 47 50 50 27 28 28 20 20 24 21 21 18 15 15 6 6 3 4 4 10 2 2 1 1 0 0 0 0
 2 2 3 4 4 3 3 3 9 9 22 23 23 58 58 58 58 58 40 55 55 28 25 25 19 19 20 22 22 24 22 22 15 15 7 5 5 8 2 2 2 2 0 0 0 0
 2 2 3 4 4 3 3 3 9 9 22 23 23 58 58 58 58 58 40 55 55 28 25 25 19 19 20 22 22 24 22 22 15 15 7 5 5 8 2 2 2 2 0 0 0 0
 1 1 2 3 3 3 9 9 9 9 10 29 29 57 59 59 41 41 43 43 43 28 25 25 14 14 20 24 24 25 29 29 25 25 16 16 16 6 1 1 3 3 1 0 0 0
 1 1 2 3 3 3 9 9 9 9 10 29 29 57 59 59 41 41 43 43 43 28 25 25 14 14 20 24 24 25 29 29 25 25 16 16 16 6 1 1 3 3 1 0 0 0
 2 2 3 3 3 3 4 4 5 5 5 17 17 31 34 34 25 25 27 26 26 31 13 13 25 25 21 23 23 25 27 27 24 24 17 19 19 6 1 1 1 1 3 1 1 0
 2 2 3 4 4 4 5 5 6 6 8 7 7 19 9 9 11 11 26 27 27 29 23 23 27 27 28 25 25 25 29 29 24 24 12 9 9 3 2 2 1 1 2 1 1 0
 2 2 3 4 4 4 5 5 6 6 8 7 7 19 9 9 11 11 26 27 27 29 23 23 27 27 28 25 25 25 29 29 24 24 12 9 9 3 2 2 1 1 2 1 1 0
 1 1 2 4 4 3 4 4 6 6 10 9 9 8 11 11 14 14 14 19 19 17 19 19 22 22 22 24 24 26 28 28 23 23 9 3 3 1 2 2 3 3 4 1 1 1
 1 1 1 2 2 2 3 3 4 4 6 9 9 10 15 15 16 16 14 16 16 14 16 16 18 18 13 16 16 23 26 26 18 18 14 9 9 2 8 8 6 6 22 2 2 1
 1 1 1 2 2 2 3 3 4 4 6 9 9 10 15 15 16 16 14 16 16 14 16 16 18 18 13 16 16 23 26 26 18 18 14 9 9 2 8 8 6 6 22 2 2 1
 2 2 1 2 2 2 3 3 4 4 8 10 10 12 15 15 13 13 9 14 14 13 8 8 7 7 7 8 8 10 13 13 18 18 15 13 13 5 8 8 12 12 28 6 6 6
 2 2 1 2 2 2 3 3 4 4 8 10 10 12 15 15 13 13 9 14 14 13 8 8 7 7 7 8 8 10 13 13 18 18 15 13 13 5 8 8 12 12 28 6 6 6
 1 1 1 2 2 3 3 3 5 5 9 15 15 13 10 10 13 13 12 10 10 10 10 10 10 10 8 18 18 10 10 10 21 21 22 21 21 14 12 12 8 8 26 1 1 6
 1 1 1 2 2 3 4 4 6 6 9 12 12 12 12 12 9 9 10 11 11 12 13 13 13 13 12 10 10 10 19 19 36 36 41 33 33 39 16 16 6 6 5 1 1 1
 1 1 1 2 2 3 4 4 6 6 9 12 12 12 12 12 9 9 10 11 11 12 13 13 13 13 12 10 10 10 19 19 36 36 41 33 33 39 16 16 6 6 5 1 1 1
 1 1 1 2 2 3 5 5 7 7 9 10 10 28 19 19 9 9 9 8 8 13 15 15 14 14 15 15 15 12 15 15 30 30 39 32 32 39 22 22 12 12 4 1 1 0
 2 2 1 2 2 4 6 6 9 9 11 34 34 36 14 14 11 11 11 7 7 6 13 13 14 14 17 19 19 19 13 13 21 21 34 30 30 25 10 10 10 10 4 1 1 1
 2 2 1 2 2 4 6 6 9 9 11 34 34 36 14 14 11 11 11 7 7 6 13 13 14 14 17 19 19 19 13 13 21 21 34 30 30 25 10 10 10 10 4 1 1 1
 4 4 3 4 4 6 7 7 10 10 13 38 38 44 20 20 15 15 13 9 9 6 7 7 11 11 15 29 29 32 24 24 14 14 22 21 21 27 12 12 6 6 1 1 1 3
 4 4 3 4 4 6 7 7 10 10 13 38 38 44 20 20 15 15 13 9 9 6 7 7 11 11 15 29 29 32 24 24 14 14 22 21 21 27 12 12 6 6 1 1 1 3
 2 2 4 7 7 9 10 10 13 13 17 23 23 27 26 26 20 20 16 12 12 9 7 7 7 7 10 51 51 30 22 22 19 19 25 19 19 14 9 9 5 5 4 4 4 2
 2 2 3 7 7 12 42 42 50 50 50 19 19 18 14 14 18 18 12 11 11 9 9 9 8 8 9 46 46 84 85 85 49 49 51 16 16 19 21 21 10 10 6 5 5 3
 2 2 3 7 7 12 42 42 50 50 50 19 19 18 14 14 18 18 12 11 11 9 9 9 8 8 9 46 46 84 85 85 49 49 51 16 16 19 21 21 10 10 6 5 5 3
 2 2 3 6 6 65 46 46 52 52 52 76 76 91 8 8 9 9 10 11 11 10 20 20 19 19 32 59 59 100 101 101 137 137 47 18 18 22 37 37 29 29 17 15 15 10
 1 1 2 5 5 62 70 70 70 70 73 73 73 50 7 7 9 9 10 12 12 13 18 18 16 16 34 61 61 98 99 99 130 130 133 76 76 19 21 21 24 24 12 13 13 13
