assets/RAT_results_old/precipitation/2023-07-24_IMERG.asc
ncols        46
nrows        77
xllcorner    74.800261325624
yllcorner    8.058333333333
cellsize     0.062500000000
NODATA_value -9999
 69 69 70 71 71 62 45 45 45 45 37 32 32 28 30 30 27 27 18 17 17 19 16 16 21 21 19 20 20 19 18 18 14 14 15 15 15 13 13 13 13 13 13 11 11 11
 64 64 68 67 67 65 43 43 38 38 33 25 25 22 22 22 20 20 24 20 20 20 20 20 20 20 21 18 18 16 14 14 16 16 15 16 16 14 11 11 12 12 11 9 9 10
 64 64 68 67 67 65 43 43 38 38 33 25 25 22 22 22 20 20 24 20 20 20 20 20 20 20 21 18 18 16 14 14 16 16 15 16 16 14 11 11 12 12 11 9 9 10
 60 60 63 61 61 60 40 40 42 42 35 30 30 25 24 24 24 24 25 26 26 26 21 21 20 20 22 26 26 25 22 22 21 21 15 15 15 13 12 12 16 16 17 13 13 15
 52 52 61 48 48 47 41 41 37 37 33 27 27 25 25 25 27 27 35 26 26 27 19 19 19 19 18 24 24 27 26 26 22 22 18 19 19 16 18 18 17 17 17 16 16 12
 52 52 61 48 48 47 41 41 37 37 33 27 27 25 25 25 27 27 35 26 26 27 19 19 19 19 18 24 24 27 26 26 22 22 18 19 19 16 18 18 17 17 17 16 16 12
 39 39 37 52 52 50 51 51 41 41 38 37 37 31 31 31 30 30 36 32 32 27 23 23 22 22 20 20 20 22 23 23 20 20 17 19 19 20 20 20 17 17 17 18 18 14
 39 39 37 52 52 50 51 51 41 41 38 37 37 31 31 31 30 30 36 32 32 27 23 23 22 22 20 20 20 22 23 23 20 20 17 19 19 20 20 20 17 17 17 18 18 14
 40 40 48 68 68 54 55 55 48 48 49 44 44 39 35 35 46 46 41 42 42 31 24 24 24 24 20 21 21 21 22 22 24 24 24 21 21 20 19 19 19 19 20 18 18 16
 57 57 57 66 66 56 54 54 52 52 46 56 56 55 50 50 48 48 44 40 40 33 25 25 23 23 25 22 22 22 23 23 26 26 26 26 26 24 25 25 25 25 21 19 19 11
 57 57 57 66 66 56 54 54 52 52 46 56 56 55 50 50 48 48 44 40 40 33 25 25 23 23 25 22 22 22 23 23 26 26 26 26 26 24 25 25 25 25 21 19 19 11
 59 59 60 61 61 50 44 44 46 46 41 50 50 54 60 60 60 60 57 44 44 35 27 27 27 27 31 24 24 26 25 25 25 25 24 24 24 21 31 31 28 28 21 11 11 5
 52 52 50 68 68 51 44 44 45 45 40 39 39 45 46 46 51 51 39 31 31 32 34 34 32 32 31 26 26 27 29 29 26 26 25 27 27 20 20 20 20 20 19 10 10 15
 52 52 50 68 68 51 44 44 45 45 40 39 39 45 46 46 51 51 39 31 31 32 34 34 32 32 31 26 26 27 29 29 26 26 25 27 27 20 20 20 20 20 19 10 10 15
 41 41 48 82 82 58 43 43 40 40 40 37 37 40 39 39 34 34 37 28 28 33 30 30 29 29 31 25 25 23 22 22 24 24 24 19 19 13 16 16 21 21 25 12 12 16
 41 41 48 82 82 58 43 43 40 40 40 37 37 40 39 39 34 34 37 28 28 33 30 30 29 29 31 25 25 23 22 22 24 24 24 19 19 13 16 16 21 21 25 12 12 16
 51 51 76 85 85 55 47 47 41 41 40 36 36 44 31 31 30 30 30 23 23 23 24 24 23 23 25 19 19 17 21 21 19 19 16 14 14 13 17 17 23 23 30 22 22 15
 68 68 64 88 88 91 97 97 53 53 42 41 41 45 34 34 29 29 21 15 15 18 20 20 21 21 18 19 19 18 18 18 14 14 12 9 9 12 17 17 31 31 32 25 25 14
 68 68 64 88 88 91 97 97 53 53 42 41 41 45 34 34 29 29 21 15 15 18 20 20 21 21 18 19 19 18 18 18 14 14 12 9 9 12 17 17 31 31 32 25 25 14
 75 75 78 123 123 114 104 104 53 53 48 39 39 44 34 34 32 32 20 16 16 16 15 15 15 15 14 14 14 15 12 12 10 10 11 16 16 18 20 20 25 25 27 21 21 18
 60 60 69 102 102 110 107 107 46 46 41 45 45 40 37 37 35 35 20 21 21 23 19 19 17 17 12 12 12 13 12 12 16 16 16 14 14 17 17 17 21 21 19 16 16 13
 60 60 69 102 102 110 107 107 46 46 41 45 45 40 37 37 35 35 20 21 21 23 19 19 17 17 12 12 12 13 12 12 16 16 16 14 14 17 17 17 21 21 19 16 16 13
 32 32 46 40 40 42 52 52 44 44 49 34 34 32 28 28 30 30 21 23 23 24 18 18 15 15 10 9 9 12 14 14 20 20 16 13 13 15 15 15 12 12 11 13 13 12
 32 32 46 40 40 42 52 52 44 44 49 34 34 32 28 28 30 30 21 23 23 24 18 18 15 15 10 9 9 12 14 14 20 20 16 13 13 15 15 15 12 12 11 13 13 12
 23 23 28 23 23 36 44 44 38 38 31 21 21 27 26 26 18 18 21 22 22 23 20 20 17 17 12 12 12 13 13 13 19 19 10 11 11 13 8 8 7 7 9 11 11 11
 19 19 20 23 23 34 27 27 27 27 23 16 16 20 23 23 20 20 23 23 23 25 23 23 20 20 17 15 15 12 11 11 9 9 8 7 7 5 5 5 6 6 8 9 9 12
 19 19 20 23 23 34 27 27 27 27 23 16 16 20 23 23 20 20 23 23 23 25 23 23 20 20 17 15 15 12 11 11 9 9 8 7 7 5 5 5 6 6 8 9 9 12
 18 18 23 41 41 34 26 26 22 22 15 14 14 17 19 19 17 17 19 27 27 25 21 21 27 27 21 17 17 16 13 13 14 14 7 4 4 3 5 5 9 9 9 8 8 10
 21 21 28 33 33 31 21 21 20 20 17 16 16 15 20 20 23 23 28 27 27 26 26 26 25 25 27 21 21 18 12 12 21 21 12 5 5 4 5 5 6 6 8 6 6 7
 21 21 28 33 33 31 21 21 20 20 17 16 16 15 20 20 23 23 28 27 27 26 26 26 25 25 27 21 21 18 12 12 21 21 12 5 5 4 5 5 6 6 8 6 6 7
 14 14 18 19 19 18 17 17 18 18 22 24 24 22 17 17 40 40 31 30 30 30 26 26 24 24 24 20 20 16 17 17 18 18 14 8 8 3 7 7 5 5 8 7 7 6
 14 14 18 19 19 18 17 17 18 18 22 24 24 22 17 17 40 40 31 30 30 30 26 26 24 24 24 20 20 16 17 17 18 18 14 8 8 3 7 7 5 5 8 7 7 6
 14 14 14 12 12 9 10 10 13 13 25 31 31 33 20 20 33 33 29 28 28 32 26 26 26 26 18 19 19 20 15 15 14 14 15 9 9 8 7 7 8 8 9 7 7 4
 12 12 11 14 14 16 14 14 23 23 29 31 31 34 24 24 31 31 39 34 34 35 28 28 25 25 29 25 25 27 20 20 16 16 20 14 14 8 7 7 8 8 7 4 4 3
 12 12 11 14 14 16 14 14 23 23 29 31 31 34 24 24 31 31 39 34 34 35 28 28 25 25 29 25 25 27 20 20 16 16 20 14 14 8 7 7 8 8 7 4 4 3
 8 8 10 16 16 21 21 21 21 21 26 29 29 32 27 27 33 33 40 34 34 34 29 29 33 33 38 35 35 28 29 29 20 20 16 10 10 9 8 8 6 6 6 3 3 3
 6 6 11 13 13 19 22 22 18 18 26 28 28 23 27 27 34 34 34 28 28 25 25 25 26 26 25 29 29 22 18 18 14 14 12 12 12 7 6 6 5 5 4 2 2 1
 6 6 11 13 13 19 22 22 18 18 26 28 28 23 27 27 34 34 34 28 28 25 25 25 26 26 25 29 29 22 18 18 14 14 12 12 12 7 6 6 5 5 4 2 2 1
 6 6 7 9 9 14 20 20 18 18 16 16 16 17 19 19 21 21 28 24 24 26 20 20 19 19 20 20 20 20 23 23 19 19 18 9 9 7 7 7 5 5 5 3 3 1
 6 6 7 9 9 14 20 20 18 18 16 16 16 17 19 19 21 21 28 24 24 26 20 20 19 19 20 20 20 20 23 23 19 19 18 9 9 7 7 7 5 5 5 3 3 1
 4 4 6 9 9 14 13 13 13 13 12 15 15 16 16 16 17 17 27 23 23 28 27 27 25 25 20 17 17 15 20 20 25 25 15 13 13 11 10 10 7 7 5 4 4 4
 2 2 6 10 10 9 9 9 11 11 9 11 11 13 14 14 15 15 16 17 17 29 29 29 24 24 26 20 20 23 20 20 16 16 18 13 13 15 11 11 8 8 5 2 2 4
 2 2 6 10 10 9 9 9 11 11 9 11 11 13 14 14 15 15 16 17 17 29 29 29 24 24 26 20 20 23 20 20 16 16 18 13 13 15 11 11 8 8 5 2 2 4
 2 2 3 4 4 5 6 6 7 7 6 12 12 12 12 12 16 16 20 23 23 34 32 32 28 28 28 23 23 23 21 21 19 19 13 14 14 9 6 6 5 5 3 4 4 5
 3 3 3 4 4 7 7 7 8 8 8 11 11 10 13 13 16 16 19 20 20 20 28 28 29 29 31 31 31 35 30 30 20 20 15 14 14 7 3 3 4 4 4 3 3 4
 3 3 3 4 4 7 7 7 8 8 8 11 11 10 13 13 16 16 19 20 20 20 28 28 29 29 31 31 31 35 30 30 20 20 15 14 14 7 3 3 4 4 4 3 3 4
 4 4 5 7 7 11 14 14 15 15 8 10 10 11 14 14 16 16 19 22 22 26 23 23 29 29 25 32 32 19 15 15 11 11 13 5 5 4 4 4 5 5 5 5 5 5
 4 4 5 7 7 11 14 14 15 15 8 10 10 11 14 14 16 16 19 22 22 26 23 23 29 29 25 32 32 19 15 15 11 11 13 5 5 4 4 4 5 5 5 5 5 5
 3 3 5 10 10 12 9 9 6 6 4 8 8 10 13 13 15 15 19 23 23 23 19 19 25 25 23 30 30 21 18 18 15 15 7 4 4 4 4 4 6 6 7 5 5 4
 3 3 2 3 3 3 3 3 2 2 6 9 9 11 14 14 20 20 25 25 25 20 11 11 10 10 14 28 28 20 9 9 12 12 12 8 8 5 6 6 6 6 7 5 5 4
 3 3 2 3 3 3 3 3 2 2 6 9 9 11 14 14 20 20 25 25 25 20 11 11 10 10 14 28 28 20 9 9 12 12 12 8 8 5 6 6 6 6 7 5 5 4
 6 6 3 2 2 1 1 1 3 3 7 10 10 13 19 19 21 21 22 20 20 12 7 7 8 8 11 14 14 19 8 8 6 6 8 8 8 3 5 5 6 6 7 5 5 3
 6 6 3 1 1 1 2 2 4 4 6 8 8 11 15 15 17 17 15 9 9 7 10 10 14 14 9 6 6 4 4 4 2 2 8 5 5 2 5 5 8 8 4 2 2 1
 6 6 3 1 1 1 2 2 4 4 6 8 8 11 15 15 17 17 15 9 9 7 10 10 14 14 9 6 6 4 4 4 2 2 8 5 5 2 5 5 8 8 4 2 2 1
 1 1 1 1 1 1 1 1 2 2 7 9 9 9 11 11 12 12 10 8 8 8 8 8 12 12 7 5 5 4 4 4 2 2 6 8 8 5 5 5 4 4 1 1 1 1
 1 1 1 1 1 1 1 1 2 2 7 9 9 9 11 11 12 12 10 8 8 8 8 8 12 12 7 5 5 4 4 4 2 2 6 8 8 5 5 5 4 4 1 1 1 1
 1 1 0 1 1 1 2 2 4 4 7 8 8 8 9 9 9 9 8 8 8 12 9 9 11 11 10 11 11 5 4 4 5 5 10 17 17 6 3 3 2 2 0 0 0 0
 1 1 1 1 1 3 3 3 4 4 4 6 6 7 7 7 10 10 9 9 9 11 8 8 12 12 15 14 14 10 5 5 6 6 8 9 9 3 2 2 1 1 0 1 1 1
 1 1 1 1 1 3 3 3 4 4 4 6 6 7 7 7 10 10 9 9 9 11 8 8 12 12 15 14 14 10 5 5 6 6 8 9 9 3 2 2 1 1 0 1 1 1
 1 1 1 2 2 3 3 3 3 3 3 3 3 3 5 5 7 7 8 7 7 9 16 16 7 7 9 9 9 4 3 3 4 4 3 4 4 2 1 1 1 1 0 1 1 2
 1 1 1 1 1 1 2 2 5 5 3 3 3 3 5 5 6 6 6 7 7 11 16 16 14 14 12 3 3 2 2 2 3 3 3 3 3 1 0 0 0 0 0 0 0 1
 1 1 1 1 1 1 2 2 5 5 3 3 3 3 5 5 6 6 6 7 7 11 16 16 14 14 12 3 3 2 2 2 3 3 3 3 3 1 0 0 0 0 0 0 0 1
 1 1 1 2 2 2 6 6 7 7 3 4 4 4 5 5 4 4 4 17 17 34 37 37 6 6 11 3 3 2 3 3 5 5 4 1 1 1 0 0 0 0 0 0 0 0
 1 1 1 2 2 2 6 6 7 7 3 4 4 4 5 5 4 4 4 17 17 34 37 37 6 6 11 3 3 2 3 3 5 5 4 1 1 1 0 0 0 0 0 0 0 0
 3 3 2 2 2 2 5 5 6 6 3 4 4 4 4 4 2 2 5 18 18 27 26 26 17 17 3 1 1 1 4 4 5 5 3 1 1 0 0 0 0 0 0 0 0 0
 3 3 4 4 4 3 4 4 3 3 3 7 7 4 3 3 3 3 4 9 9 13 14 14 5 5 2 2 2 2 3 3 3 3 2 1 1 1 1 1 1 1 0 0 0 0
 3 3 4 4 4 3 4 4 3 3 3 7 7 4 3 3 3 3 4 9 9 13 14 14 5 5 2 2 2 2 3 3 3 3 2 1 1 1 1 1 1 1 0 0 0 0
 1 1 2 3 3 2 2 2 2 2 3 5 5 3 4 4 5 5 4 4 4 11 8 8 7 7 6 7 7 3 3 3 2 2 1 2 2 2 1 1 1 1 0 0 0 0
 1 1 1 1 1 2 1 1 2 2 2 3 3 2 4 4 8 8 7 5 5 7 6 6 8 8 8 8 8 3 2 2 1 1 1 1 1 1 1 1 2 2 1 1 1 1
 1 1 1 1 1 2 1 1 2 2 2 3 3 2 4 4 8 8 7 5 5 7 6 6 8 8 8 8 8 3 2 2 1 1 1 1 1 1 1 1 2 2 1 1 1 1
 0 0 0 0 0 1 2 2 4 4 4 4 4 3 3 3 5 5 4 4 4 6 6 6 7 7 7 8 8 4 2 2 2 2 1 1 1 1 3 3 11 11 6 4 4 1
 0 0 0 0 0 1 2 2 4 4 4 4 4 3 3 3 5 5 4 4 4 6 6 6 7 7 7 8 8 4 2 2 2 2 1 1 1 1 3 3 11 11 6 4 4 1
 1 1 1 1 1 2 2 2 2 2 5 8 8 8 5 5 3 3 2 2 2 3 5 5 2 2 3 7 7 5 4 4 1 1 0 0 0 0 3 3 12 12 5 1 1 1
 1 1 2 3 3 3 3 3 3 3 5 6 6 4 3 3 2 2 2 2 2 3 4 4 3 3 3 3 3 3 1 1 1 1 0 1 1 1 2 2 3 3 2 1 1 2
 1 1 2 3 3 3 3 3 3 3 5 6 6 4 3 3 2 2 2 2 2 3 4 4 3 3 3 3 3 3 1 1 1 1 0 1 1 1 2 2 3 3 2 1 1 2
 1 1 1 3 3 3 3 3 4 4 7 6 6 3 2 2 1 1 1 3 3 5 2 2 2 2 1 1 1 0 0 0 1 1 1 0 0 1 1 1 1 1 2 2 2 2
 2 2 2 2 2 2 3 3 3 3 4 4 4 3 2 2 1 1 2 4 4 6 2 2 2 2 2 1 1 0 0 0 0 0 0 0 0 0 0 0 1 1 4 3 3 2
