assets/RAT_results_old/precipitation/2023-10-16_IMERG.asc
ncols        46
nrows        77
xllcorner    74.800261325624
yllcorner    8.058333333333
cellsize     0.062500000000
NODATA_value -9999
 24 24 32 39 39 42 38 38 39 39 37 33 33 30 25 25 20 20 17 14 14 14 11 11 16 16 16 17 17 22 22 22 25 25 14 9 9 2 0 0 0 0 0 0 0 0
 21 21 28 33 33 36 37 37 38 38 38 32 32 31 24 24 21 21 18 19 19 21 21 21 23 23 29 17 17 18 23 23 16 16 8 2 2 0 0 0 0 0 0 0 0 0
 21 21 28 33 33 36 37 37 38 38 38 32 32 31 24 24 21 21 18 19 19 21 21 21 23 23 29 17 17 18 23 23 16 16 8 2 2 0 0 0 0 0 0 0 0 0
 17 17 23 27 27 30 31 31 33 33 33 32 32 31 25 25 19 19 13 7 7 14 25 25 39 39 32 28 28 20 17 17 15 15 6 1 1 0 0 0 0 0 0 0 0 0
 17 17 24 28 28 27 26 26 27 27 25 24 24 25 20 20 14 14 7 3 3 11 16 16 25 25 14 13 13 27 13 13 7 7 1 0 0 0 0 0 0 0 0 0 0 0
 17 17 24 28 28 27 26 26 27 27 25 24 24 25 20 20 14 14 7 3 3 11 16 16 25 25 14 13 13 27 13 13 7 7 1 0 0 0 0 0 0 0 0 0 0 0
 19 19 24 29 29 22 26 26 27 27 25 26 26 27 17 17 10 10 5 6 6 16 19 19 10 10 10 4 4 5 5 5 2 2 0 1 1 0 0 0 0 0 0 0 0 1
 19 19 24 29 29 22 26 26 27 27 25 26 26 27 17 17 10 10 5 6 6 16 19 19 10 10 10 4 4 5 5 5 2 2 0 1 1 0 0 0 0 0 0 0 0 1
 16 16 20 23 23 20 16 16 23 23 22 23 23 27 20 20 17 17 8 9 9 17 12 12 9 9 3 1 1 0 0 0 1 1 4 8 8 0 0 0 0 0 0 0 0 2
 8 8 8 11 11 11 17 17 30 30 33 30 30 28 21 21 20 20 11 12 12 16 9 9 7 7 9 5 5 1 0 0 2 2 3 15 15 2 1 1 0 0 0 1 1 4
 8 8 8 11 11 11 17 17 30 30 33 30 30 28 21 21 20 20 11 12 12 16 9 9 7 7 9 5 5 1 0 0 2 2 3 15 15 2 1 1 0 0 0 1 1 4
 6 6 6 6 6 8 11 11 14 14 17 24 24 24 19 19 19 19 16 9 9 7 4 4 1 1 2 1 1 0 0 0 3 3 3 18 18 4 0 0 0 0 0 1 1 3
 6 6 6 4 4 6 7 7 11 11 13 22 22 23 15 15 16 16 14 12 12 7 6 6 2 2 1 0 0 0 0 0 1 1 1 4 4 3 0 0 1 1 1 1 1 3
 6 6 6 4 4 6 7 7 11 11 13 22 22 23 15 15 16 16 14 12 12 7 6 6 2 2 1 0 0 0 0 0 1 1 1 4 4 3 0 0 1 1 1 1 1 3
 2 2 4 3 3 2 4 4 7 7 10 10 10 13 18 18 24 24 20 16 16 11 8 8 4 4 3 1 1 0 0 0 0 0 0 1 1 0 0 0 2 2 1 6 6 10
 2 2 4 3 3 2 4 4 7 7 10 10 10 13 18 18 24 24 20 16 16 11 8 8 4 4 3 1 1 0 0 0 0 0 0 1 1 0 0 0 2 2 1 6 6 10
 2 2 3 3 3 3 3 3 5 5 8 8 8 10 14 14 20 20 21 23 23 20 16 16 11 11 10 3 3 1 0 0 0 0 0 1 1 3 11 11 11 11 12 11 11 12
 1 1 30 30 30 3 3 3 5 5 5 8 8 10 14 14 17 17 22 20 20 23 23 23 16 16 20 5 5 3 1 1 0 0 0 2 2 2 13 13 27 27 31 22 22 17
 1 1 30 30 30 3 3 3 5 5 5 8 8 10 14 14 17 17 22 20 20 23 23 23 16 16 20 5 5 3 1 1 0 0 0 2 2 2 13 13 27 27 31 22 22 17
 1 1 30 31 31 3 5 5 5 5 3 7 7 11 16 16 17 17 16 22 22 30 32 32 28 28 21 26 26 4 1 1 0 0 0 1 1 10 15 15 35 35 37 29 29 20
 2 2 39 37 37 36 3 3 3 3 3 7 7 9 13 13 17 17 19 26 26 29 38 38 48 48 35 27 27 4 1 1 1 1 1 1 1 6 27 27 33 33 34 27 27 22
 2 2 39 37 37 36 3 3 3 3 3 7 7 9 13 13 17 17 19 26 26 29 38 38 48 48 35 27 27 4 1 1 1 1 1 1 1 6 27 27 33 33 34 27 27 22
 37 37 39 40 40 38 3 3 3 3 2 3 3 7 11 11 17 17 26 37 37 33 39 39 45 45 37 28 28 5 3 3 3 3 4 9 9 18 41 41 35 35 42 30 30 37
 37 37 39 40 40 38 3 3 3 3 2 3 3 7 11 11 17 17 26 37 37 33 39 39 45 45 37 28 28 5 3 3 3 3 4 9 9 18 41 41 35 35 42 30 30 37
 37 37 38 39 39 38 7 7 7 7 2 3 3 7 9 9 14 14 22 45 45 43 46 46 47 47 37 29 29 12 5 5 5 5 6 11 11 19 28 28 57 57 50 44 44 38
 2 2 2 3 3 39 1 1 7 7 4 4 4 5 12 12 14 14 21 32 32 39 39 39 42 42 38 26 26 14 7 7 5 5 7 20 20 21 41 41 54 54 75 72 72 43
 2 2 2 3 3 39 1 1 7 7 4 4 4 5 12 12 14 14 21 32 32 39 39 39 42 42 38 26 26 14 7 7 5 5 7 20 20 21 41 41 54 54 75 72 72 43
 2 2 3 4 4 5 3 3 2 2 3 3 3 4 19 19 34 34 30 29 29 31 38 38 36 36 33 24 24 19 11 11 12 12 10 26 26 26 116 116 118 118 102 65 65 27
 4 4 6 9 9 11 7 7 4 4 3 4 4 23 30 30 31 31 27 34 34 25 20 20 30 30 29 23 23 21 12 12 21 21 18 59 59 63 100 100 103 103 52 31 31 18
 4 4 6 9 9 11 7 7 4 4 3 4 4 23 30 30 31 31 27 34 34 25 20 20 30 30 29 23 23 21 12 12 21 21 18 59 59 63 100 100 103 103 52 31 31 18
 4 4 6 9 9 11 6 6 3 3 2 4 4 19 21 21 23 23 18 19 19 13 13 13 27 27 33 16 16 13 10 10 18 18 11 17 17 22 36 36 38 38 34 30 30 19
 4 4 6 9 9 11 6 6 3 3 2 4 4 19 21 21 23 23 18 19 19 13 13 13 27 27 33 16 16 13 10 10 18 18 11 17 17 22 36 36 38 38 34 30 30 19
 2 2 4 6 6 7 5 5 3 3 32 37 37 18 18 18 7 7 6 5 5 6 7 7 15 15 17 10 10 10 8 8 9 9 9 14 14 21 18 18 36 36 43 45 45 20
 1 1 2 2 2 4 6 6 5 5 41 45 45 3 3 3 3 3 4 4 4 4 6 6 7 7 7 7 7 8 6 6 7 7 9 14 14 14 16 16 34 34 22 46 46 18
 1 1 2 2 2 4 6 6 5 5 41 45 45 3 3 3 3 3 4 4 4 4 6 6 7 7 7 7 7 8 6 6 7 7 9 14 14 14 16 16 34 34 22 46 46 18
 0 0 0 1 1 3 7 7 8 8 42 46 46 37 6 6 4 4 2 1 1 2 4 4 4 4 5 8 8 16 7 7 6 6 9 15 15 17 16 16 21 21 21 42 42 15
 0 0 0 0 0 2 3 3 3 3 4 11 11 25 17 17 20 20 1 1 1 2 5 5 6 6 6 10 10 12 8 8 9 9 15 14 14 15 13 13 21 21 18 11 11 16
 0 0 0 0 0 2 3 3 3 3 4 11 11 25 17 17 20 20 1 1 1 2 5 5 6 6 6 10 10 12 8 8 9 9 15 14 14 15 13 13 21 21 18 11 11 16
 0 0 0 0 0 1 1 1 1 1 5 10 10 11 8 8 31 31 34 6 6 7 0 0 4 4 3 5 5 6 9 9 20 20 19 12 12 14 11 11 11 11 13 11 11 11
 0 0 0 0 0 1 1 1 1 1 5 10 10 11 8 8 31 31 34 6 6 7 0 0 4 4 3 5 5 6 9 9 20 20 19 12 12 14 11 11 11 11 13 11 11 11
 0 0 0 0 0 0 0 0 0 0 2 4 4 3 1 1 5 5 2 2 2 2 0 0 0 0 1 1 1 2 3 3 6 6 8 8 8 11 11 11 18 18 14 15 15 12
 0 0 0 0 0 0 0 0 0 0 0 1 1 0 0 0 0 0 13 4 4 1 1 1 1 1 1 1 1 1 1 1 2 2 5 5 5 5 3 3 19 19 28 26 26 12
 0 0 0 0 0 0 0 0 0 0 0 1 1 0 0 0 0 0 13 4 4 1 1 1 1 1 1 1 1 1 1 1 2 2 5 5 5 5 3 3 19 19 28 26 26 12
 0 0 0 0 0 0 0 0 0 0 0 0 0 1 1 1 0 0 1 1 1 2 4 4 8 8 3 1 1 1 4 4 4 4 4 5 5 4 5 5 24 24 29 25 25 16
 0 0 0 0 0 0 0 0 0 0 0 0 0 2 2 2 0 0 0 0 0 1 5 5 11 11 8 0 0 1 4 4 4 4 17 13 13 8 14 14 14 14 13 16 16 12
 0 0 0 0 0 0 0 0 0 0 0 0 0 2 2 2 0 0 0 0 0 1 5 5 11 11 8 0 0 1 4 4 4 4 17 13 13 8 14 14 14 14 13 16 16 12
 0 0 0 0 0 0 0 0 0 0 0 0 0 1 1 1 0 0 0 0 0 0 1 1 2 2 7 4 4 7 3 3 15 15 18 16 16 12 5 5 5 5 7 12 12 15
 0 0 0 0 0 0 0 0 0 0 0 0 0 1 1 1 0 0 0 0 0 0 1 1 2 2 7 4 4 7 3 3 15 15 18 16 16 12 5 5 5 5 7 12 12 15
 0 0 0 0 0 0 0 0 0 0 0 0 0 0 0 0 1 1 1 1 1 0 0 0 0 0 0 0 0 3 3 3 10 10 12 13 13 13 6 6 7 7 11 14 14 17
 0 0 0 0 0 0 0 0 0 0 0 0 0 0 0 0 2 2 3 3 3 1 0 0 0 0 0 0 0 3 4 4 13 13 13 33 33 37 17 17 8 8 9 11 11 15
 0 0 0 0 0 0 0 0 0 0 0 0 0 0 0 0 2 2 3 3 3 1 0 0 0 0 0 0 0 3 4 4 13 13 13 33 33 37 17 17 8 8 9 11 11 15
 0 0 0 0 0 0 0 0 0 0 0 0 0 0 1 1 2 2 3 3 3 1 0 0 0 0 0 1 1 3 6 6 21 21 21 37 37 30 19 19 17 17 8 9 9 19
 0 0 0 0 0 0 0 0 0 0 0 0 0 0 1 1 1 1 1 1 1 1 1 1 0 0 0 1 1 2 4 4 3 3 10 13 13 16 20 20 16 16 5 3 3 9
 0 0 0 0 0 0 0 0 0 0 0 0 0 0 1 1 1 1 1 1 1 1 1 1 0 0 0 1 1 2 4 4 3 3 10 13 13 16 20 20 16 16 5 3 3 9
 0 0 0 0 0 0 0 0 0 0 0 0 0 0 0 0 0 0 0 0 0 0 0 0 0 0 0 0 0 1 1 1 1 1 6 6 6 12 8 8 7 7 4 4 4 5
 0 0 0 0 0 0 0 0 0 0 0 0 0 0 0 0 0 0 0 0 0 0 0 0 0 0 0 0 0 1 1 1 1 1 6 6 6 12 8 8 7 7 4 4 4 5
 0 0 0 0 0 0 0 0 0 0 0 0 0 0 0 0 0 0 0 0 0 0 0 0 0 0 0 0 0 1 0 0 0 0 2 2 2 6 5 5 4 4 5 6 6 9
 0 0 0 0 0 0 0 0 0 0 0 0 0 0 0 0 0 0 0 0 0 0 1 1 1 1 1 2 2 1 1 1 0 0 0 5 5 9 8 8 5 5 6 10 10 15
 0 0 0 0 0 0 0 0 0 0 0 0 0 0 0 0 0 0 0 0 0 0 1 1 1 1 1 2 2 1 1 1 0 0 0 5 5 9 8 8 5 5 6 10 10 15
 0 0 0 0 0 0 0 0 0 0 0 0 0 0 0 0 0 0 0 0 0 0 0 0 0 0 1 2 2 3 2 2 1 1 0 5 5 12 11 11 11 11 6 14 14 19
 0 0 0 0 0 0 0 0 0 0 0 0 0 0 0 0 0 0 0 0 0 0 0 0 10 10 0 0 0 1 1 1 2 2 1 10 10 12 12 12 9 9 7 10 10 23
 0 0 0 0 0 0 0 0 0 0 0 0 0 0 0 0 0 0 0 0 0 0 0 0 10 10 0 0 0 1 1 1 2 2 1 10 10 12 12 12 9 9 7 10 10 23
 0 0 0 0 0 0 0 0 0 0 0 0 0 0 0 0 0 0 0 0 0 0 0 0 0 0 0 0 0 0 0 0 0 0 0 9 9 2 9 9 8 8 8 10 10 23
 0 0 0 0 0 0 0 0 0 0 0 0 0 0 0 0 0 0 0 0 0 0 0 0 0 0 0 0 0 0 0 0 0 0 0 9 9 2 9 9 8 8 8 10 10 23
 0 0 0 0 0 0 0 0 0 0 0 0 0 0 0 0 0 0 0 0 0 0 0 0 0 0 0 0 0 0 1 1 0 0 0 2 2 3 3 3 6 6 11 7 7 10
 0 0 0 0 0 0 0 0 0 0 0 0 0 0 0 0 0 0 0 0 0 0 0 0 0 0 0 0 0 0 0 0 1 1 2 4 4 6 4 4 9 9 8 9 9 3
 0 0 0 0 0 0 0 0 0 0 0 0 0 0 0 0 0 0 0 0 0 0 0 0 0 0 0 0 0 0 0 0 1 1 2 4 4 6 4 4 9 9 8 9 9 3
 0 0 0 0 0 0 0 0 0 0 0 0 0 0 0 0 0 0 0 0 0 0 0 0 0 0 0 6 6 1 1 1 4 4 12 17 17 14 5 5 6 6 10 6 6 2
 0 0 0 0 0 0 0 0 0 0 0 0 0 0 0 0 0 0 0 0 0 0 0 0 0 0 0 0 0 0 2 2 8 8 18 18 18 12 4 4 5 5 7 3 3 2
 0 0 0 0 0 0 0 0 0 0 0 0 0 0 0 0 0 0 0 0 0 0 0 0 0 0 0 0 0 0 2 2 8 8 18 18 18 12 4 4 5 5 7 3 3 2
 0 0 0 0 0 0 0 0 0 0 0 0 0 0 0 0 0 0 0 0 0 0 0 0 0 0 0 0 0 1 1 1 2 2 9 12 12 9 4 4 3 3 3 4 4 0
 0 0 0 0 0 0 0 0 0 0 0 0 0 0 0 0 0 0 0 0 0 0 0 0 0 0 0 0 0 1 1 1 2 2 9 12 12 9 4 4 3 3 3 4 4 0
 0 0 0 0 0 0 0 0 0 0 0 0 0 0 0 0 0 0 0 0 0 0 0 0 0 0 0 0 0 1 1 1 2 2 4 6 6 5 4 4 2 2 1 1 1 1
 0 0 0 0 0 0 0 0 0 0 0 0 0 0 0 0 0 0 0 0 0 0 0 0 0 0 1 0 0 0 0 0 1 1 1 1 1 3 2 2 2 2 1 0 0 0
 0 0 0 0 0 0 0 0 0 0 0 0 0 0 0 0 0 0 0 0 0 0 0 0 0 0 1 0 0 0 0 0 1 1 1 1 1 3 2 2 2 2 1 0 0 0
 0 0 0 0 0 0 0 0 0 0 0 0 0 0 0 0 0 0 0 0 0 0 1 1 3 3 4 2 2 1 0 0 0 0 0 0 0 0 0 0 1 1 0 1 1 0
 0 0 0 0 0 0 0 0 0 0 0 0 0 0 0 0 0 0 0 0 0 0 1 1 2 2 6 4 4 1 0 0 0 0 0 0 0 1 2 2 0 0 0 2 2 1
