assets/RAT_results_old/precipitation/2023-06-03_IMERG.asc
ncols        46
nrows        77
xllcorner    74.800261325624
yllcorner    8.058333333333
cellsize     0.062500000000
NODATA_value -9999
 0 0 0 0 0 0 0 0 0 0 0 1 1 3 7 7 12 12 14 11 11 6 2 2 1 1 0 0 0 0 0 0 0 0 0 0 0 0 0 0 0 0 0 0 0 0
 0 0 0 0 0 0 0 0 0 0 0 0 0 1 3 3 8 8 11 12 12 8 5 5 3 3 1 1 1 0 0 0 0 0 0 0 0 0 1 1 1 1 1 0 0 0
 0 0 0 0 0 0 0 0 0 0 0 0 0 1 3 3 8 8 11 12 12 8 5 5 3 3 1 1 1 0 0 0 0 0 0 0 0 0 1 1 1 1 1 0 0 0
 0 0 0 0 0 0 0 0 0 0 0 0 0 0 1 1 6 6 4 7 7 7 8 8 6 6 2 2 2 1 0 0 0 0 0 0 0 0 1 1 2 2 2 1 1 1
 0 0 0 0 0 0 0 0 0 0 0 1 1 1 5 5 5 5 2 2 2 4 6 6 6 6 3 2 2 1 0 0 0 0 0 0 0 1 1 1 3 3 4 4 4 2
 0 0 0 0 0 0 0 0 0 0 0 1 1 1 5 5 5 5 2 2 2 4 6 6 6 6 3 2 2 1 0 0 0 0 0 0 0 1 1 1 3 3 4 4 4 2
 2 2 6 11 11 11 2 2 1 1 2 2 2 1 1 1 2 2 2 2 2 3 5 5 5 5 3 1 1 0 0 0 0 0 1 1 1 1 1 1 3 3 4 6 6 6
 2 2 6 11 11 11 2 2 1 1 2 2 2 1 1 1 2 2 2 2 2 3 5 5 5 5 3 1 1 0 0 0 0 0 1 1 1 1 1 1 3 3 4 6 6 6
 1 1 12 11 11 12 4 4 4 4 4 2 2 1 1 1 1 1 1 2 2 4 6 6 7 7 6 4 4 1 0 0 1 1 1 4 4 4 2 2 2 2 3 5 5 7
 2 2 13 20 20 2 4 4 4 4 3 2 2 1 1 1 1 1 1 2 2 4 6 6 9 9 10 7 7 3 0 0 1 1 1 4 4 4 17 17 17 17 3 13 13 5
 2 2 13 20 20 2 4 4 4 4 3 2 2 1 1 1 1 1 1 2 2 4 6 6 9 9 10 7 7 3 0 0 1 1 1 4 4 4 17 17 17 17 3 13 13 5
 3 3 4 4 4 8 5 5 5 5 5 4 4 2 1 1 1 1 1 1 1 4 7 7 9 9 12 9 9 4 1 1 0 0 1 1 1 19 17 17 27 27 12 13 13 4
 23 23 5 4 4 8 10 10 8 8 9 8 8 5 3 3 4 4 3 2 2 4 8 8 12 12 13 9 9 5 1 1 1 1 1 1 1 4 5 5 25 25 5 4 4 4
 23 23 5 4 4 8 10 10 8 8 9 8 8 5 3 3 4 4 3 2 2 4 8 8 12 12 13 9 9 5 1 1 1 1 1 1 1 4 5 5 25 25 5 4 4 4
 25 25 25 23 23 14 25 25 22 22 12 12 12 9 7 7 8 8 9 7 7 4 8 8 9 9 10 7 7 4 0 0 0 0 1 1 1 4 5 5 3 3 10 8 8 6
 25 25 25 23 23 14 25 25 22 22 12 12 12 9 7 7 8 8 9 7 7 4 8 8 9 9 10 7 7 4 0 0 0 0 1 1 1 4 5 5 3 3 10 8 8 6
 102 102 102 91 91 16 17 17 24 24 29 19 19 17 13 13 11 11 10 12 12 13 15 15 14 14 11 5 5 4 0 0 0 0 1 1 1 1 1 1 1 1 7 6 6 7
 101 101 102 92 92 88 48 48 50 50 28 32 32 23 17 17 14 14 14 21 21 17 18 18 17 17 12 2 2 2 1 1 1 1 1 2 2 2 2 2 2 2 1 4 4 4
 101 101 102 92 92 88 48 48 50 50 28 32 32 23 17 17 14 14 14 21 21 17 18 18 17 17 12 2 2 2 1 1 1 1 1 2 2 2 2 2 2 2 1 4 4 4
 184 184 193 214 214 217 103 103 49 49 16 27 27 35 18 18 17 17 15 18 18 16 16 16 13 13 13 5 5 5 2 2 2 2 1 2 2 3 3 3 3 3 2 4 4 3
 193 193 192 209 209 214 106 106 106 106 19 63 63 20 20 20 20 20 17 13 13 7 3 3 1 1 2 3 3 5 6 6 6 6 4 3 3 4 4 4 4 4 4 5 5 4
 193 193 192 209 209 214 106 106 106 106 19 63 63 20 20 20 20 20 17 13 13 7 3 3 1 1 2 3 3 5 6 6 6 6 4 3 3 4 4 4 4 4 4 5 5 4
 164 164 177 183 183 189 89 89 158 158 45 58 58 12 15 15 14 14 15 7 7 2 0 0 1 1 1 1 1 5 8 8 9 9 8 8 8 7 6 6 5 5 5 15 15 13
 164 164 177 183 183 189 89 89 158 158 45 58 58 12 15 15 14 14 15 7 7 2 0 0 1 1 1 1 1 5 8 8 9 9 8 8 8 7 6 6 5 5 5 15 15 13
 67 67 84 80 80 33 88 88 154 154 9 9 9 6 7 7 4 4 5 3 3 1 0 0 0 0 0 0 0 1 3 3 4 4 9 11 11 12 8 8 6 6 5 4 4 9
 68 68 85 80 80 33 31 31 1 1 1 2 2 3 1 1 1 1 2 1 1 1 1 1 1 1 1 0 0 0 0 0 2 2 6 8 8 8 7 7 6 6 5 4 4 9
 68 68 85 80 80 33 31 31 1 1 1 2 2 3 1 1 1 1 2 1 1 1 1 1 1 1 1 0 0 0 0 0 2 2 6 8 8 8 7 7 6 6 5 4 4 9
 33 33 25 20 20 4 2 2 2 2 1 2 2 1 3 3 1 1 1 1 1 1 1 1 1 1 0 0 0 0 0 0 0 0 1 2 2 3 4 4 4 4 4 4 4 2
 26 26 24 16 16 2 1 1 1 1 1 3 3 3 2 2 1 1 1 0 0 0 0 0 0 0 0 0 0 0 0 0 0 0 0 1 1 2 2 2 3 3 2 2 2 1
 26 26 24 16 16 2 1 1 1 1 1 3 3 3 2 2 1 1 1 0 0 0 0 0 0 0 0 0 0 0 0 0 0 0 0 1 1 2 2 2 3 3 2 2 2 1
 22 22 19 9 9 8 15 15 15 15 15 14 14 4 3 3 3 3 2 2 2 1 0 0 0 0 0 0 0 0 0 0 0 0 0 1 1 1 2 2 2 2 2 2 2 1
 22 22 19 9 9 8 15 15 15 15 15 14 14 4 3 3 3 3 2 2 2 1 0 0 0 0 0 0 0 0 0 0 0 0 0 1 1 1 2 2 2 2 2 2 2 1
 14 14 12 5 5 4 2 2 15 15 14 13 13 15 6 6 9 9 5 4 4 2 0 0 0 0 0 0 0 0 0 0 0 0 0 0 0 1 1 1 1 1 2 1 1 1
 9 9 14 8 8 8 4 4 1 1 0 1 1 2 4 4 6 6 5 3 3 2 0 0 0 0 0 0 0 0 0 0 0 0 0 0 0 0 1 1 1 1 1 3 3 2
 9 9 14 8 8 8 4 4 1 1 0 1 1 2 4 4 6 6 5 3 3 2 0 0 0 0 0 0 0 0 0 0 0 0 0 0 0 0 1 1 1 1 1 3 3 2
 12 12 12 10 10 8 5 5 3 3 1 1 1 2 4 4 7 7 9 6 6 3 2 2 1 1 1 0 0 0 0 0 0 0 0 0 0 0 1 1 1 1 2 2 2 2
 14 14 15 13 13 10 5 5 3 3 1 1 1 2 3 3 7 7 9 11 11 8 6 6 5 5 3 2 2 1 1 1 0 0 0 0 0 0 1 1 2 2 2 2 2 2
 14 14 15 13 13 10 5 5 3 3 1 1 1 2 3 3 7 7 9 11 11 8 6 6 5 5 3 2 2 1 1 1 0 0 0 0 0 0 1 1 2 2 2 2 2 2
 16 16 17 13 13 10 5 5 2 2 1 1 1 2 3 3 6 6 8 11 11 11 10 10 9 9 7 5 5 3 2 2 1 1 1 1 1 1 1 1 3 3 3 2 2 2
 16 16 17 13 13 10 5 5 2 2 1 1 1 2 3 3 6 6 8 11 11 11 10 10 9 9 7 5 5 3 2 2 1 1 1 1 1 1 1 1 3 3 3 2 2 2
 19 19 18 12 12 9 6 6 3 3 1 1 1 2 4 4 6 6 7 10 10 11 13 13 12 12 11 9 9 7 5 5 3 3 2 1 1 1 1 1 4 4 5 5 5 3
 18 18 27 11 11 9 6 6 5 5 2 1 1 1 3 3 20 20 6 7 7 12 14 14 14 14 13 11 11 10 9 9 7 7 5 4 4 2 2 2 3 3 4 6 6 5
 18 18 27 11 11 9 6 6 5 5 2 1 1 1 3 3 20 20 6 7 7 12 14 14 14 14 13 11 11 10 9 9 7 7 5 4 4 2 2 2 3 3 4 6 6 5
 26 26 26 24 24 27 24 24 25 25 23 56 56 1 5 5 21 21 19 8 8 14 16 16 15 15 16 16 16 15 13 13 15 15 9 3 3 3 4 4 4 4 5 6 6 5
 39 39 39 47 47 45 26 26 27 27 24 59 59 58 33 33 34 34 36 15 15 9 13 13 15 15 16 18 18 16 13 13 14 14 7 2 2 3 4 4 5 5 6 5 5 4
 39 39 39 47 47 45 26 26 27 27 24 59 59 58 33 33 34 34 36 15 15 9 13 13 15 15 16 18 18 16 13 13 14 14 7 2 2 3 4 4 5 5 6 5 5 4
 38 38 38 47 47 46 45 45 42 42 41 65 65 65 43 43 45 45 47 14 14 14 8 8 10 10 12 14 14 15 12 12 7 7 3 2 2 3 4 4 4 4 5 4 4 2
 38 38 38 47 47 46 45 45 42 42 41 65 65 65 43 43 45 45 47 14 14 14 8 8 10 10 12 14 14 15 12 12 7 7 3 2 2 3 4 4 4 4 5 4 4 2
 43 43 45 67 67 64 40 40 42 42 42 70 70 72 46 46 43 43 30 21 21 24 11 11 11 11 9 11 11 11 11 11 7 7 3 2 2 4 4 4 5 5 6 5 5 4
 44 44 44 67 67 64 42 42 46 46 47 55 55 55 50 50 43 43 37 25 25 29 16 16 12 12 9 11 11 12 8 8 5 5 2 2 2 3 4 4 6 6 7 7 7 7
 44 44 44 67 67 64 42 42 46 46 47 55 55 55 50 50 43 43 37 25 25 29 16 16 12 12 9 11 11 12 8 8 5 5 2 2 2 3 4 4 6 6 7 7 7 7
 45 45 55 54 54 49 34 34 37 37 37 42 42 49 45 45 37 37 37 23 23 19 19 19 22 22 16 19 19 14 8 8 4 4 1 1 1 1 3 3 6 6 7 7 7 8
 50 50 64 64 64 47 45 45 35 35 34 38 38 34 38 38 37 37 29 22 22 20 23 23 24 24 18 17 17 21 11 11 7 7 4 2 2 2 2 2 3 3 5 5 5 8
 50 50 64 64 64 47 45 45 35 35 34 38 38 34 38 38 37 37 29 22 22 20 23 23 24 24 18 17 17 21 11 11 7 7 4 2 2 2 2 2 3 3 5 5 5 8
 46 46 56 56 56 45 44 44 55 55 53 53 53 34 35 35 28 28 24 26 26 23 19 19 23 23 18 23 23 17 13 13 10 10 7 3 3 2 3 3 3 3 2 2 2 4
 46 46 56 56 56 45 44 44 55 55 53 53 53 34 35 35 28 28 24 26 26 23 19 19 23 23 18 23 23 17 13 13 10 10 7 3 3 2 3 3 3 3 2 2 2 4
 41 41 42 43 43 67 66 66 105 105 105 32 32 29 32 32 31 31 34 35 35 28 25 25 24 24 27 29 29 23 20 20 16 16 12 2 2 1 1 1 2 2 1 1 1 1
 17 17 11 43 43 68 68 68 105 105 102 70 70 66 67 67 30 30 40 33 33 31 37 37 35 35 27 32 32 23 18 18 16 16 12 4 4 2 2 2 0 0 0 0 0 0
 17 17 11 43 43 68 68 68 105 105 102 70 70 66 67 67 30 30 40 33 33 31 37 37 35 35 27 32 32 23 18 18 16 16 12 4 4 2 2 2 0 0 0 0 0 0
 19 19 12 34 34 36 39 39 107 107 110 125 125 98 63 63 25 25 35 29 29 30 35 35 32 32 27 26 26 16 10 10 11 11 8 3 3 2 0 0 0 0 0 0 0 0
 13 13 14 28 28 28 58 58 56 56 107 119 119 98 22 22 22 22 33 26 26 39 39 39 39 39 25 29 29 21 8 8 2 2 2 1 1 0 0 0 0 0 0 0 0 0
 13 13 14 28 28 28 58 58 56 56 107 119 119 98 22 22 22 22 33 26 26 39 39 39 39 39 25 29 29 21 8 8 2 2 2 1 1 0 0 0 0 0 0 0 0 0
 14 14 13 25 25 26 71 71 67 67 88 56 56 38 22 22 28 28 28 22 22 37 35 35 36 36 24 30 30 26 11 11 5 5 1 0 0 0 0 0 0 0 0 0 0 0
 14 14 13 25 25 26 71 71 67 67 88 56 56 38 22 22 28 28 28 22 22 37 35 35 36 36 24 30 30 26 11 11 5 5 1 0 0 0 0 0 0 0 0 0 0 0
 19 19 16 31 31 30 40 40 37 37 31 31 31 51 38 38 41 41 26 27 27 42 43 43 44 44 45 36 36 34 19 19 13 13 2 2 2 0 0 0 0 0 0 0 0 0
 22 22 46 44 44 31 39 39 36 36 46 29 29 35 42 42 49 49 48 47 47 36 37 37 39 39 37 27 27 26 23 23 15 15 9 3 3 5 1 1 0 0 0 0 0 0
 22 22 46 44 44 31 39 39 36 36 46 29 29 35 42 42 49 49 48 47 47 36 37 37 39 39 37 27 27 26 23 23 15 15 9 3 3 5 1 1 0 0 0 0 0 0
 19 19 43 42 42 46 44 44 41 41 49 78 78 57 62 62 56 56 55 54 54 37 48 48 47 47 33 34 34 23 20 20 17 17 17 22 22 7 4 4 3 3 0 0 0 0
 34 34 51 52 52 71 69 69 67 67 81 69 69 71 72 72 65 65 57 42 42 30 30 30 29 29 17 23 23 18 6 6 8 8 9 5 5 5 4 4 1 1 1 0 0 0
 34 34 51 52 52 71 69 69 67 67 81 69 69 71 72 72 65 65 57 42 42 30 30 30 29 29 17 23 23 18 6 6 8 8 9 5 5 5 4 4 1 1 1 0 0 0
 37 37 56 49 49 67 87 87 100 100 86 86 86 98 75 75 79 79 81 95 95 65 35 35 35 35 10 18 18 11 6 6 9 9 9 0 0 5 4 4 1 1 1 1 1 1
 37 37 56 49 49 67 87 87 100 100 86 86 86 98 75 75 79 79 81 95 95 65 35 35 35 35 10 18 18 11 6 6 9 9 9 0 0 5 4 4 1 1 1 1 1 1
 53 53 53 55 55 75 96 96 121 121 121 135 135 122 107 107 67 67 68 108 108 54 34 34 34 34 27 17 17 22 5 5 5 5 4 1 1 0 0 0 0 0 0 1 1 1
 40 40 43 60 60 70 94 94 117 117 119 93 93 82 65 65 55 55 87 124 124 78 33 33 73 73 70 46 46 83 55 55 56 56 58 6 6 3 0 0 0 0 0 0 0 0
 40 40 43 60 60 70 94 94 117 117 119 93 93 82 65 65 55 55 87 124 124 78 33 33 73 73 70 46 46 83 55 55 56 56 58 6 6 3 0 0 0 0 0 0 0 0
 39 39 42 59 59 69 57 57 86 86 92 108 108 94 78 78 61 61 76 71 71 72 74 74 70 70 69 119 119 130 104 104 89 89 60 12 12 10 9 9 4 4 4 0 0 0
 35 35 35 51 51 52 58 58 80 80 70 89 89 55 37 37 62 62 86 76 76 23 24 24 17 17 37 71 71 70 68 68 97 97 97 11 11 10 10 10 5 5 7 8 8 0
