assets/RAT_results_old/precipitation/2023-09-25_IMERG.asc
ncols        46
nrows        77
xllcorner    74.800261325624
yllcorner    8.058333333333
cellsize     0.062500000000
NODATA_value -9999
 4 4 5 10 10 8 4 4 4 4 3 3 3 2 2 2 3 3 3 5 5 4 5 5 5 5 6 5 5 3 2 2 5 5 5 5 5 1 1 1 3 3 3 1 1 0
 2 2 4 11 11 10 6 6 3 3 5 4 4 2 1 1 1 1 1 2 2 2 2 2 3 3 4 3 3 2 4 4 4 4 5 5 5 0 1 1 1 1 1 0 0 0
 2 2 4 11 11 10 6 6 3 3 5 4 4 2 1 1 1 1 1 2 2 2 2 2 3 3 4 3 3 2 4 4 4 4 5 5 5 0 1 1 1 1 1 0 0 0
 2 2 3 6 6 5 5 5 2 2 3 4 4 2 1 1 1 1 0 0 0 0 1 1 1 1 1 1 1 1 4 4 4 4 4 4 4 1 2 2 1 1 0 1 1 1
 4 4 3 4 4 3 3 3 2 2 2 2 2 2 1 1 1 1 0 0 0 0 0 0 1 1 1 1 1 1 2 2 2 2 2 1 1 1 1 1 1 1 1 1 1 1
 4 4 3 4 4 3 3 3 2 2 2 2 2 2 1 1 1 1 0 0 0 0 0 0 1 1 1 1 1 1 2 2 2 2 2 1 1 1 1 1 1 1 1 1 1 1
 4 4 3 2 2 2 3 3 2 2 2 1 1 1 1 1 1 1 0 0 0 0 1 1 0 0 1 0 0 0 0 0 3 3 2 0 0 1 1 1 1 1 2 2 2 2
 4 4 3 2 2 2 3 3 2 2 2 1 1 1 1 1 1 1 0 0 0 0 1 1 0 0 1 0 0 0 0 0 3 3 2 0 0 1 1 1 1 1 2 2 2 2
 3 3 2 2 2 2 2 2 2 2 2 2 2 2 2 2 2 2 0 0 0 0 1 1 1 1 0 0 0 0 0 0 0 0 0 0 0 1 0 0 0 0 1 1 1 1
 2 2 2 4 4 3 3 3 2 2 2 2 2 2 1 1 2 2 1 0 0 0 0 0 1 1 0 0 0 0 0 0 0 0 0 0 0 1 1 1 1 1 1 1 1 1
 2 2 2 4 4 3 3 3 2 2 2 2 2 2 1 1 2 2 1 0 0 0 0 0 1 1 0 0 0 0 0 0 0 0 0 0 0 1 1 1 1 1 1 1 1 1
 3 3 3 2 2 4 4 4 3 3 3 3 3 2 2 2 1 1 0 0 0 0 0 0 0 0 0 0 0 0 0 0 0 0 0 0 0 0 1 1 0 0 0 1 1 0
 4 4 4 4 4 7 7 7 4 4 4 5 5 4 4 4 0 0 0 0 0 0 0 0 0 0 0 0 0 0 0 0 0 0 0 0 0 0 0 0 0 0 0 0 0 0
 4 4 4 4 4 7 7 7 4 4 4 5 5 4 4 4 0 0 0 0 0 0 0 0 0 0 0 0 0 0 0 0 0 0 0 0 0 0 0 0 0 0 0 0 0 0
 5 5 6 5 5 3 8 8 6 6 5 5 5 5 5 5 1 1 0 0 0 0 0 0 0 0 0 0 0 0 0 0 0 0 0 1 1 1 0 0 0 0 0 0 0 0
 5 5 6 5 5 3 8 8 6 6 5 5 5 5 5 5 1 1 0 0 0 0 0 0 0 0 0 0 0 0 0 0 0 0 0 1 1 1 0 0 0 0 0 0 0 0
 5 5 6 5 5 5 6 6 9 9 7 6 6 4 3 3 1 1 1 0 0 0 0 0 0 0 0 0 0 1 1 1 1 1 2 2 2 2 2 2 2 2 2 1 1 1
 3 3 4 7 7 8 8 8 6 6 6 4 4 1 3 3 0 0 1 1 1 1 2 2 2 2 3 2 2 3 3 3 3 3 5 5 5 6 7 7 7 7 6 5 5 6
 3 3 4 7 7 8 8 8 6 6 6 4 4 1 3 3 0 0 1 1 1 1 2 2 2 2 3 2 2 3 3 3 3 3 5 5 5 6 7 7 7 7 6 5 5 6
 3 3 4 7 7 8 8 8 6 6 3 3 3 1 1 1 1 1 1 2 2 3 4 4 5 5 6 7 7 8 9 9 9 9 10 10 10 12 15 15 14 14 14 13 13 13
 2 2 2 3 3 4 4 4 4 4 3 3 3 2 3 3 2 2 1 2 2 3 5 5 8 8 11 14 14 17 19 19 21 21 23 22 22 23 25 25 24 24 22 21 21 17
 2 2 2 3 3 4 4 4 4 4 3 3 3 2 3 3 2 2 1 2 2 3 5 5 8 8 11 14 14 17 19 19 21 21 23 22 22 23 25 25 24 24 22 21 21 17
 3 3 1 1 1 1 1 1 2 2 1 2 2 2 2 2 2 2 1 2 2 3 5 5 6 6 9 14 14 20 24 24 29 29 38 36 36 36 35 35 36 36 35 36 36 34
 3 3 1 1 1 1 1 1 2 2 1 2 2 2 2 2 2 2 1 2 2 3 5 5 6 6 9 14 14 20 24 24 29 29 38 36 36 36 35 35 36 36 35 36 36 34
 4 4 1 1 1 1 1 1 1 1 1 1 1 2 2 2 2 2 1 1 1 2 4 4 5 5 6 9 9 13 16 16 22 22 35 37 37 34 38 38 45 45 47 52 52 42
 3 3 1 1 1 0 0 0 0 0 1 0 0 0 1 1 1 1 1 1 1 1 2 2 3 3 4 7 7 9 10 10 14 14 23 26 26 28 36 36 45 45 51 53 53 43
 3 3 1 1 1 0 0 0 0 0 1 0 0 0 1 1 1 1 1 1 1 1 2 2 3 3 4 7 7 9 10 10 14 14 23 26 26 28 36 36 45 45 51 53 53 43
 1 1 1 1 1 1 0 0 0 0 0 0 0 0 0 0 1 1 1 1 1 0 1 1 1 1 2 3 3 5 6 6 8 8 13 17 17 20 28 28 35 35 40 36 36 31
 0 0 1 6 6 2 0 0 0 0 0 0 0 0 0 0 0 0 0 0 0 0 0 0 0 0 1 1 1 2 3 3 4 4 5 7 7 9 12 12 17 17 23 19 19 19
 0 0 1 6 6 2 0 0 0 0 0 0 0 0 0 0 0 0 0 0 0 0 0 0 0 0 1 1 1 2 3 3 4 4 5 7 7 9 12 12 17 17 23 19 19 19
 0 0 0 1 1 0 0 0 0 0 0 0 0 0 0 0 0 0 1 1 1 2 2 2 1 1 0 0 0 1 1 1 2 2 2 3 3 4 4 4 5 5 7 6 6 8
 0 0 0 1 1 0 0 0 0 0 0 0 0 0 0 0 0 0 1 1 1 2 2 2 1 1 0 0 0 1 1 1 2 2 2 3 3 4 4 4 5 5 7 6 6 8
 0 0 0 0 0 0 0 0 0 0 0 0 0 0 0 0 0 0 0 1 1 0 0 0 0 0 0 0 0 0 1 1 1 1 1 2 2 2 2 2 2 2 3 5 5 3
 0 0 0 0 0 0 0 0 0 0 0 0 0 0 0 0 0 0 0 0 0 0 0 0 0 0 0 0 0 0 0 0 1 1 1 1 1 1 1 1 1 1 1 3 3 4
 0 0 0 0 0 0 0 0 0 0 0 0 0 0 0 0 0 0 0 0 0 0 0 0 0 0 0 0 0 0 0 0 1 1 1 1 1 1 1 1 1 1 1 3 3 4
 0 0 0 0 0 0 0 0 0 0 0 0 0 0 0 0 0 0 0 0 0 0 0 0 0 0 0 0 0 0 0 0 0 0 0 0 0 0 0 0 0 0 1 1 1 1
 0 0 0 0 0 0 0 0 0 0 0 0 0 0 0 0 0 0 0 0 0 0 0 0 0 0 0 0 0 0 0 0 0 0 1 1 1 0 0 0 0 0 0 1 1 1
 0 0 0 0 0 0 0 0 0 0 0 0 0 0 0 0 0 0 0 0 0 0 0 0 0 0 0 0 0 0 0 0 0 0 1 1 1 0 0 0 0 0 0 1 1 1
 0 0 0 0 0 0 0 0 0 0 0 0 0 0 0 0 0 0 0 0 0 0 0 0 0 0 0 0 0 0 0 0 1 1 2 1 1 1 0 0 0 0 1 1 1 1
 0 0 0 0 0 0 0 0 0 0 0 0 0 0 0 0 0 0 0 0 0 0 0 0 0 0 0 0 0 0 0 0 1 1 2 1 1 1 0 0 0 0 1 1 1 1
 0 0 0 0 0 0 0 0 0 0 1 1 1 1 1 1 1 1 1 0 0 0 0 0 0 0 0 0 0 0 0 0 1 1 1 1 1 1 1 1 0 0 0 1 1 0
 0 0 0 17 17 18 1 1 2 2 3 2 2 2 1 1 0 0 0 1 1 0 0 0 0 0 0 0 0 0 1 1 1 1 1 1 1 1 0 0 1 1 2 2 2 1
 0 0 0 17 17 18 1 1 2 2 3 2 2 2 1 1 0 0 0 1 1 0 0 0 0 0 0 0 0 0 1 1 1 1 1 1 1 1 0 0 1 1 2 2 2 1
 2 2 13 19 19 18 3 3 3 3 1 1 1 1 1 1 1 1 1 1 1 0 0 0 1 1 0 1 1 2 1 1 1 1 0 0 0 0 1 1 1 1 1 1 1 0
 1 1 3 4 4 1 2 2 2 2 1 1 1 1 1 1 2 2 1 0 0 0 2 2 2 2 1 1 1 1 0 0 0 0 0 0 0 0 1 1 0 0 1 0 0 0
 1 1 3 4 4 1 2 2 2 2 1 1 1 1 1 1 2 2 1 0 0 0 2 2 2 2 1 1 1 1 0 0 0 0 0 0 0 0 1 1 0 0 1 0 0 0
 1 1 1 1 1 1 1 1 0 0 1 0 0 1 1 1 1 1 1 1 1 1 2 2 7 7 3 1 1 0 0 0 0 0 0 0 0 0 0 0 0 0 1 1 1 1
 1 1 1 1 1 1 1 1 0 0 1 0 0 1 1 1 1 1 1 1 1 1 2 2 7 7 3 1 1 0 0 0 0 0 0 0 0 0 0 0 0 0 1 1 1 1
 1 1 1 1 1 2 2 2 2 2 1 1 1 3 2 2 2 2 2 2 2 2 1 1 2 2 1 1 1 0 0 0 0 0 0 0 0 0 0 0 1 1 1 2 2 1
 2 2 2 3 3 2 2 2 2 2 1 2 2 3 3 3 2 2 2 1 1 1 0 0 0 0 0 0 0 0 0 0 0 0 0 0 0 0 1 1 1 1 1 2 2 2
 2 2 2 3 3 2 2 2 2 2 1 2 2 3 3 3 2 2 2 1 1 1 0 0 0 0 0 0 0 0 0 0 0 0 0 0 0 0 1 1 1 1 1 2 2 2
 3 3 4 6 6 3 2 2 3 3 1 1 1 2 2 2 1 1 1 0 0 0 0 0 0 0 0 0 0 2 3 3 2 2 1 0 0 1 1 1 1 1 1 1 1 2
 3 3 3 8 8 7 6 6 12 12 11 1 1 1 1 1 1 1 1 0 0 0 0 0 1 1 1 1 1 2 3 3 2 2 2 2 2 2 2 2 2 2 2 1 1 2
 3 3 3 8 8 7 6 6 12 12 11 1 1 1 1 1 1 1 1 0 0 0 0 0 1 1 1 1 1 2 3 3 2 2 2 2 2 2 2 2 2 2 2 1 1 2
 2 2 2 4 4 6 5 5 11 11 11 12 12 1 1 1 0 0 1 0 0 0 0 0 1 1 1 1 1 2 2 2 3 3 4 3 3 4 4 4 4 4 3 2 2 3
 2 2 2 4 4 6 5 5 11 11 11 12 12 1 1 1 0 0 1 0 0 0 0 0 1 1 1 1 1 2 2 2 3 3 4 3 3 4 4 4 4 4 3 2 2 3
 1 1 3 3 3 3 3 3 3 3 3 1 1 1 1 1 1 1 1 1 1 1 1 1 1 1 2 4 4 4 4 4 5 5 12 9 9 6 5 5 4 4 3 3 3 3
 1 1 1 1 1 1 1 1 1 1 4 2 2 2 1 1 1 1 1 1 1 1 3 3 3 3 4 5 5 5 4 4 5 5 8 9 9 7 5 5 7 7 5 5 5 3
 1 1 1 1 1 1 1 1 1 1 4 2 2 2 1 1 1 1 1 1 1 1 3 3 3 3 4 5 5 5 4 4 5 5 8 9 9 7 5 5 7 7 5 5 5 3
 1 1 0 1 1 1 2 2 3 3 5 4 4 2 1 1 1 1 2 2 2 4 10 10 11 11 7 4 4 6 5 5 6 6 6 7 7 11 8 8 6 6 5 6 6 2
 1 1 1 2 2 3 3 3 3 3 3 3 3 2 2 2 2 2 3 3 3 5 6 6 5 5 5 5 5 7 7 7 4 4 5 6 6 6 3 3 2 2 2 1 1 0
 1 1 1 2 2 3 3 3 3 3 3 3 3 2 2 2 2 2 3 3 3 5 6 6 5 5 5 5 5 7 7 7 4 4 5 6 6 6 3 3 2 2 2 1 1 0
 2 2 3 4 4 5 4 4 2 2 2 2 2 1 2 2 3 3 7 8 8 6 5 5 4 4 7 5 5 6 14 14 6 6 3 1 1 1 0 0 0 0 0 0 0 0
 2 2 3 4 4 5 4 4 2 2 2 2 2 1 2 2 3 3 7 8 8 6 5 5 4 4 7 5 5 6 14 14 6 6 3 1 1 1 0 0 0 0 0 0 0 0
 2 2 3 3 3 3 3 3 2 2 1 2 2 1 2 2 2 2 4 9 9 4 4 4 2 2 3 2 2 3 4 4 2 2 1 0 0 0 0 0 0 0 0 0 0 0
 2 2 2 2 2 2 2 2 2 2 2 2 2 2 2 2 2 2 1 4 4 6 2 2 1 1 0 0 0 0 0 0 0 0 0 0 0 0 0 0 0 0 0 0 0 0
 2 2 2 2 2 2 2 2 2 2 2 2 2 2 2 2 2 2 1 4 4 6 2 2 1 1 0 0 0 0 0 0 0 0 0 0 0 0 0 0 0 0 0 0 0 0
 2 2 2 3 3 4 5 5 4 4 3 3 3 2 2 2 1 1 0 3 3 2 0 0 0 0 0 0 0 0 0 0 0 0 0 0 0 0 0 0 0 0 0 0 0 0
 1 1 2 3 3 3 3 3 3 3 2 2 2 1 0 0 0 0 0 0 0 0 0 0 0 0 1 1 1 1 0 0 0 0 0 0 0 0 0 0 0 0 0 0 0 0
 1 1 2 3 3 3 3 3 3 3 2 2 2 1 0 0 0 0 0 0 0 0 0 0 0 0 1 1 1 1 0 0 0 0 0 0 0 0 0 0 0 0 0 0 0 0
 2 2 1 1 1 1 1 1 1 1 1 1 1 0 0 0 0 0 0 0 0 2 2 2 2 2 0 1 1 0 0 0 0 0 0 0 0 0 0 0 0 0 0 0 0 0
 2 2 1 1 1 1 1 1 1 1 1 1 1 0 0 0 0 0 0 0 0 2 2 2 2 2 0 1 1 0 0 0 0 0 0 0 0 0 0 0 0 0 0 0 0 0
 1 1 1 1 1 1 1 1 1 1 1 1 1 0 0 0 0 0 0 0 0 0 3 3 2 2 0 0 0 0 0 0 0 0 0 0 0 0 0 0 0 0 0 0 0 0
 1 1 1 1 1 0 1 1 1 1 0 0 0 0 0 0 0 0 0 0 0 1 1 1 0 0 0 0 0 0 0 0 0 0 0 0 0 0 0 0 0 0 0 0 0 0
 1 1 1 1 1 0 1 1 1 1 0 0 0 0 0 0 0 0 0 0 0 1 1 1 0 0 0 0 0 0 0 0 0 0 0 0 0 0 0 0 0 0 0 0 0 0
 1 1 1 1 1 1 1 1 1 1 0 0 0 0 0 0 0 0 0 0 0 0 0 0 0 0 0 0 0 0 0 0 0 0 0 0 0 0 0 0 0 0 0 0 0 0
 1 1 1 1 1 1 1 1 0 0 0 0 0 0 0 0 0 0 0 0 0 0 0 0 0 0 0 0 0 0 0 0 0 0 0 0 0 0 0 0 0 0 0 0 0 0
