assets/RAT_results_old/precipitation/2023-05-08_IMERG.asc
ncols        46
nrows        77
xllcorner    74.800261325624
yllcorner    8.058333333333
cellsize     0.062500000000
NODATA_value -9999
 21 21 36 39 39 29 41 41 46 46 66 75 75 88 103 103 94 94 85 72 72 69 68 68 69 69 60 40 40 41 48 48 57 57 47 32 32 33 29 29 30 30 27 29 29 30
 24 24 35 39 39 30 41 41 44 44 76 78 78 92 105 105 108 108 103 77 77 69 62 62 51 51 57 37 37 38 54 54 56 56 46 31 31 30 30 30 32 32 29 30 30 32
 24 24 35 39 39 30 41 41 44 44 76 78 78 92 105 105 108 108 103 77 77 69 62 62 51 51 57 37 37 38 54 54 56 56 46 31 31 30 30 30 32 32 29 30 30 32
 27 27 32 34 34 30 32 32 43 43 39 54 54 91 107 107 110 110 106 59 59 50 51 51 47 47 46 39 39 37 41 41 44 44 39 41 41 34 28 28 28 28 26 28 28 31
 21 21 30 33 33 32 29 29 34 34 41 58 58 63 90 90 102 102 99 57 57 43 49 49 35 35 47 42 42 40 38 38 42 42 41 48 48 34 31 31 27 27 25 24 24 27
 21 21 30 33 33 32 29 29 34 34 41 58 58 63 90 90 102 102 99 57 57 43 49 49 35 35 47 42 42 40 38 38 42 42 41 48 48 34 31 31 27 27 25 24 24 27
 13 13 21 17 17 22 25 25 32 32 41 53 53 64 88 88 92 92 67 43 43 27 34 34 36 36 43 41 41 57 61 61 66 66 38 41 41 29 25 25 23 23 22 22 22 25
 13 13 21 17 17 22 25 25 32 32 41 53 53 64 88 88 92 92 67 43 43 27 34 34 36 36 43 41 41 57 61 61 66 66 38 41 41 29 25 25 23 23 22 22 22 25
 10 10 16 18 18 17 31 31 33 33 34 47 47 67 76 76 84 84 62 42 42 31 25 25 35 35 37 58 58 61 63 63 66 66 59 69 69 32 27 27 20 20 23 19 19 19
 3 3 12 26 26 11 24 24 28 28 29 36 36 50 57 57 60 60 51 37 37 36 31 31 43 43 43 50 50 47 59 59 55 55 57 67 67 44 26 26 24 24 23 21 21 18
 3 3 12 26 26 11 24 24 28 28 29 36 36 50 57 57 60 60 51 37 37 36 31 31 43 43 43 50 50 47 59 59 55 55 57 67 67 44 26 26 24 24 23 21 21 18
 2 2 15 15 15 14 15 15 23 23 22 25 25 31 36 36 36 36 37 44 44 47 61 61 62 62 49 54 54 58 32 32 27 27 30 43 43 43 26 26 20 20 20 19 19 19
 1 1 4 8 8 8 15 15 15 15 18 18 18 24 26 26 26 26 32 52 52 56 73 73 63 63 57 40 40 43 33 33 31 31 33 24 24 25 21 21 22 22 22 21 21 21
 1 1 4 8 8 8 15 15 15 15 18 18 18 24 26 26 26 26 32 52 52 56 73 73 63 63 57 40 40 43 33 33 31 31 33 24 24 25 21 21 22 22 22 21 21 21
 1 1 2 4 4 9 18 18 18 18 20 18 18 19 27 27 27 27 35 48 48 59 75 75 78 78 78 46 46 41 34 34 29 29 30 29 29 28 25 25 26 26 24 23 23 21
 1 1 2 4 4 9 18 18 18 18 20 18 18 19 27 27 27 27 35 48 48 59 75 75 78 78 78 46 46 41 34 34 29 29 30 29 29 28 25 25 26 26 24 23 23 21
 0 0 1 2 2 3 7 7 13 13 14 20 20 22 38 38 35 35 35 35 35 52 53 53 57 57 63 58 58 41 32 32 28 28 29 29 29 27 26 26 31 31 23 20 20 18
 0 0 1 1 1 2 5 5 8 8 10 17 17 22 27 27 37 37 38 40 40 42 46 46 52 52 56 53 53 49 46 46 32 32 26 23 23 26 27 27 22 22 19 18 18 18
 0 0 1 1 1 2 5 5 8 8 10 17 17 22 27 27 37 37 38 40 40 42 46 46 52 52 56 53 53 49 46 46 32 32 26 23 23 26 27 27 22 22 19 18 18 18
 0 0 0 1 1 2 4 4 5 5 7 16 16 24 28 28 35 35 37 35 35 47 39 39 41 41 48 48 48 36 34 34 33 33 34 30 30 22 22 22 20 20 23 23 23 23
 0 0 0 0 0 1 2 2 3 3 4 12 12 17 18 18 20 20 20 21 21 25 26 26 24 24 26 43 43 35 31 31 28 28 23 21 21 21 28 28 38 38 25 29 29 29
 0 0 0 0 0 1 2 2 3 3 4 12 12 17 18 18 20 20 20 21 21 25 26 26 24 24 26 43 43 35 31 31 28 28 23 21 21 21 28 28 38 38 25 29 29 29
 0 0 0 0 0 0 1 1 1 1 3 6 6 10 12 12 16 16 8 9 9 12 18 18 19 19 20 24 24 26 19 19 16 16 10 14 14 15 16 16 19 19 21 22 22 26
 0 0 0 0 0 0 1 1 1 1 3 6 6 10 12 12 16 16 8 9 9 12 18 18 19 19 20 24 24 26 19 19 16 16 10 14 14 15 16 16 19 19 21 22 22 26
 0 0 0 0 0 0 0 0 0 0 0 3 3 6 8 8 11 11 5 4 4 5 10 10 12 12 14 17 17 18 13 13 17 17 9 11 11 12 16 16 17 17 19 24 24 21
 0 0 0 0 0 0 0 0 0 0 0 1 1 2 3 3 5 5 6 3 3 5 4 4 9 9 14 15 15 16 12 12 13 13 9 5 5 8 14 14 14 14 19 21 21 19
 0 0 0 0 0 0 0 0 0 0 0 1 1 2 3 3 5 5 6 3 3 5 4 4 9 9 14 15 15 16 12 12 13 13 9 5 5 8 14 14 14 14 19 21 21 19
 0 0 0 0 0 0 0 0 0 0 0 0 0 1 2 2 4 4 6 3 3 4 3 3 7 7 11 9 9 15 13 13 13 13 7 7 7 10 10 10 11 11 12 14 14 12
 0 0 0 0 0 0 0 0 0 0 0 0 0 2 2 2 3 3 2 2 2 2 2 2 3 3 8 6 6 5 8 8 8 8 5 11 11 17 10 10 13 13 11 12 12 9
 0 0 0 0 0 0 0 0 0 0 0 0 0 2 2 2 3 3 2 2 2 2 2 2 3 3 8 6 6 5 8 8 8 8 5 11 11 17 10 10 13 13 11 12 12 9
 0 0 0 0 0 0 0 0 0 0 0 0 0 0 1 1 1 1 1 1 1 1 1 1 2 2 3 2 2 3 3 3 3 3 3 6 6 14 11 11 21 21 21 11 11 6
 0 0 0 0 0 0 0 0 0 0 0 0 0 0 1 1 1 1 1 1 1 1 1 1 2 2 3 2 2 3 3 3 3 3 3 6 6 14 11 11 21 21 21 11 11 6
 0 0 0 0 0 0 0 0 0 0 0 0 0 0 0 0 1 1 1 1 1 1 1 1 1 1 1 3 3 2 2 2 2 2 3 5 5 6 13 13 21 21 22 12 12 13
 0 0 0 0 0 0 0 0 0 0 0 0 0 0 0 0 0 0 1 2 2 2 1 1 1 1 1 1 1 2 1 1 2 2 2 4 4 8 16 16 18 18 24 11 11 12
 0 0 0 0 0 0 0 0 0 0 0 0 0 0 0 0 0 0 1 2 2 2 1 1 1 1 1 1 1 2 1 1 2 2 2 4 4 8 16 16 18 18 24 11 11 12
 0 0 0 0 0 0 0 0 0 0 0 0 0 0 0 0 0 0 1 2 2 1 1 1 1 1 1 1 1 1 1 1 2 2 4 7 7 7 16 16 17 17 51 27 27 29
 0 0 1 0 0 0 0 0 0 0 0 0 0 1 1 1 0 0 1 1 1 1 1 1 1 1 1 1 1 1 1 1 2 2 4 5 5 11 24 24 24 24 50 52 52 28
 0 0 1 0 0 0 0 0 0 0 0 0 0 1 1 1 0 0 1 1 1 1 1 1 1 1 1 1 1 1 1 1 2 2 4 5 5 11 24 24 24 24 50 52 52 28
 0 0 0 0 0 0 0 0 0 0 0 0 0 0 1 1 0 0 1 1 1 1 1 1 1 1 1 1 1 2 4 4 4 4 5 5 5 11 18 18 24 24 51 52 52 28
 0 0 0 0 0 0 0 0 0 0 0 0 0 0 1 1 0 0 1 1 1 1 1 1 1 1 1 1 1 2 4 4 4 4 5 5 5 11 18 18 24 24 51 52 52 28
 0 0 0 0 0 0 0 0 0 0 0 0 0 0 1 1 1 1 1 1 1 1 2 2 1 1 2 2 2 3 3 3 4 4 6 7 7 19 21 21 25 25 29 53 53 35
 0 0 0 0 0 0 0 0 0 0 0 0 0 1 1 1 1 1 1 1 1 1 1 1 2 2 2 2 2 3 4 4 6 6 6 10 10 17 20 20 29 29 31 54 54 37
 0 0 0 0 0 0 0 0 0 0 0 0 0 1 1 1 1 1 1 1 1 1 1 1 2 2 2 2 2 3 4 4 6 6 6 10 10 17 20 20 29 29 31 54 54 37
 1 1 0 0 0 0 0 0 0 0 1 1 1 2 2 2 2 2 2 1 1 3 2 2 5 5 2 3 3 4 4 4 6 6 7 10 10 17 19 19 29 29 21 39 39 40
 3 3 1 0 0 0 0 0 0 0 1 1 1 2 1 1 2 2 2 1 1 1 2 2 2 2 2 2 2 3 4 4 6 6 7 15 15 16 13 13 21 21 19 37 37 23
 3 3 1 0 0 0 0 0 0 0 1 1 1 2 1 1 2 2 2 1 1 1 2 2 2 2 2 2 2 3 4 4 6 6 7 15 15 16 13 13 21 21 19 37 37 23
 2 2 1 0 0 0 0 0 0 0 0 0 0 1 1 1 1 1 1 1 1 0 1 1 1 1 1 2 2 3 3 3 8 8 10 17 17 18 16 16 18 18 21 25 25 22
 2 2 1 0 0 0 0 0 0 0 0 0 0 1 1 1 1 1 1 1 1 0 1 1 1 1 1 2 2 3 3 3 8 8 10 17 17 18 16 16 18 18 21 25 25 22
 1 1 1 1 1 1 0 0 0 0 0 0 0 0 1 1 1 1 1 1 1 1 0 0 1 1 1 1 1 1 2 2 4 4 9 11 11 13 16 16 20 20 26 36 36 41
 0 0 0 1 1 1 1 1 1 1 0 1 1 1 1 1 2 2 2 2 2 2 1 1 1 1 1 1 1 1 2 2 3 3 8 11 11 23 25 25 30 30 37 36 36 43
 0 0 0 1 1 1 1 1 1 1 0 1 1 1 1 1 2 2 2 2 2 2 1 1 1 1 1 1 1 1 2 2 3 3 8 11 11 23 25 25 30 30 37 36 36 43
 0 0 0 1 1 1 1 1 1 1 1 2 2 3 3 3 4 4 4 4 4 2 2 2 1 1 1 2 2 2 2 2 3 3 10 12 12 23 24 24 25 25 26 27 27 43
 0 0 0 0 0 1 2 2 2 2 2 3 3 3 4 4 4 4 5 6 6 7 3 3 2 2 2 2 2 2 3 3 3 3 5 12 12 25 26 26 22 22 23 27 27 33
 0 0 0 0 0 1 2 2 2 2 2 3 3 3 4 4 4 4 5 6 6 7 3 3 2 2 2 2 2 2 3 3 3 3 5 12 12 25 26 26 22 22 23 27 27 33
 0 0 0 0 0 0 1 1 1 1 2 3 3 4 4 4 4 4 4 3 3 2 2 2 1 1 2 2 2 3 3 3 5 5 5 11 11 16 25 25 22 22 23 29 29 33
 0 0 0 0 0 0 1 1 1 1 2 3 3 4 4 4 4 4 4 3 3 2 2 2 1 1 2 2 2 3 3 3 5 5 5 11 11 16 25 25 22 22 23 29 29 33
 0 0 0 0 0 0 1 1 1 1 2 3 3 3 4 4 4 4 3 2 2 1 0 0 0 0 2 3 3 2 3 3 5 5 6 14 14 15 25 25 22 22 21 20 20 26
 0 0 0 0 0 0 0 0 1 1 2 2 2 2 3 3 4 4 2 4 4 3 4 4 4 4 7 2 2 5 2 2 4 4 5 14 14 20 39 39 41 41 24 12 12 15
 0 0 0 0 0 0 0 0 1 1 2 2 2 2 3 3 4 4 2 4 4 3 4 4 4 4 7 2 2 5 2 2 4 4 5 14 14 20 39 39 41 41 24 12 12 15
 0 0 0 0 0 0 0 0 1 1 2 2 2 3 2 2 4 4 3 6 6 7 3 3 4 4 7 5 5 6 2 2 2 2 6 22 22 23 39 39 30 30 31 32 32 14
 0 0 0 2 2 0 0 0 1 1 1 2 2 2 2 2 1 1 3 7 7 10 6 6 8 8 4 2 2 2 2 2 2 2 4 6 6 12 30 30 29 29 29 30 30 7
 0 0 0 2 2 0 0 0 1 1 1 2 2 2 2 2 1 1 3 7 7 10 6 6 8 8 4 2 2 2 2 2 2 2 4 6 6 12 30 30 29 29 29 30 30 7
 0 0 1 2 2 1 0 0 0 0 2 1 1 1 1 1 1 1 1 1 1 3 3 3 4 4 2 3 3 4 2 2 2 2 4 5 5 10 5 5 10 10 16 15 15 7
 0 0 1 2 2 1 0 0 0 0 2 1 1 1 1 1 1 1 1 1 1 3 3 3 4 4 2 3 3 4 2 2 2 2 4 5 5 10 5 5 10 10 16 15 15 7
 0 0 1 2 2 2 1 1 0 0 2 1 1 1 1 1 2 2 1 1 1 1 1 1 1 1 2 3 3 4 3 3 1 1 1 1 1 4 4 4 10 10 1 3 3 3
 1 1 1 3 3 3 0 0 0 0 1 1 1 2 1 1 1 1 0 0 0 0 0 0 1 1 1 3 3 3 2 2 1 1 1 1 1 0 0 0 1 1 1 3 3 0
 1 1 1 3 3 3 0 0 0 0 1 1 1 2 1 1 1 1 0 0 0 0 0 0 1 1 1 3 3 3 2 2 1 1 1 1 1 0 0 0 1 1 1 3 3 0
 0 0 0 0 0 0 0 0 0 0 0 0 0 1 1 1 0 0 0 0 0 0 0 0 0 0 1 1 1 2 0 0 0 0 0 0 0 0 0 0 0 0 0 0 0 0
 0 0 0 0 0 0 0 0 0 0 0 0 0 0 0 0 0 0 0 0 0 0 1 1 1 1 1 1 1 0 0 0 0 0 0 0 0 0 0 0 0 0 0 0 0 0
 0 0 0 0 0 0 0 0 0 0 0 0 0 0 0 0 0 0 0 0 0 0 1 1 1 1 1 1 1 0 0 0 0 0 0 0 0 0 0 0 0 0 0 0 0 0
 0 0 1 0 0 0 0 0 0 0 0 0 0 0 0 0 0 0 0 0 0 1 1 1 2 2 3 2 2 1 0 0 0 0 0 0 0 1 0 0 0 0 0 1 1 0
 0 0 1 0 0 0 0 0 0 0 0 0 0 0 0 0 0 0 0 0 0 1 1 1 2 2 3 2 2 1 0 0 0 0 0 0 0 1 0 0 0 0 0 1 1 0
 1 1 1 0 0 0 0 0 0 0 0 0 0 0 0 0 0 0 0 0 0 1 1 1 2 2 3 4 4 3 1 1 1 1 1 0 0 0 1 1 1 1 0 0 0 0
 1 1 1 0 0 0 0 0 0 0 0 0 0 0 0 0 0 0 0 0 0 1 1 1 1 1 1 2 2 4 3 3 1 1 0 0 0 0 0 0 0 0 0 0 0 0
 1 1 1 0 0 0 0 0 0 0 0 0 0 0 0 0 0 0 0 0 0 1 1 1 1 1 1 2 2 4 3 3 1 1 0 0 0 0 0 0 0 0 0 0 0 0
 0 0 0 0 0 0 0 0 0 0 0 0 0 0 0 0 0 0 0 0 0 1 1 1 1 1 1 1 1 2 2 2 1 1 0 0 0 0 0 0 0 0 0 0 0 0
 0 0 0 0 0 0 0 0 0 0 0 0 0 0 0 0 0 0 0 0 0 0 1 1 1 1 1 0 0 1 1 1 1 1 0 0 0 0 0 0 0 0 0 0 0 0
