assets/RAT_results_old/precipitation/2023-07-08_IMERG.asc
ncols        46
nrows        77
xllcorner    74.800261325624
yllcorner    8.058333333333
cellsize     0.062500000000
NODATA_value -9999
 29 29 25 24 24 20 14 14 11 11 9 9 9 11 13 13 10 10 6 8 8 11 8 8 7 7 6 5 5 4 6 6 4 4 4 10 10 6 5 5 3 3 3 1 1 1
 26 26 29 27 27 25 17 17 15 15 11 10 10 9 10 10 7 7 7 7 7 6 5 5 8 8 13 10 10 6 8 8 3 3 2 5 5 4 3 3 3 3 2 1 1 1
 26 26 29 27 27 25 17 17 15 15 11 10 10 9 10 10 7 7 7 7 7 6 5 5 8 8 13 10 10 6 8 8 3 3 2 5 5 4 3 3 3 3 2 1 1 1
 29 29 32 32 32 27 22 22 16 16 17 12 12 17 9 9 7 7 7 6 6 5 5 5 11 11 13 8 8 3 2 2 1 1 1 3 3 4 2 2 3 3 2 1 1 1
 33 33 31 30 30 27 23 23 22 22 23 24 24 22 13 13 8 8 6 9 9 6 3 3 3 3 4 5 5 2 3 3 2 2 1 1 1 3 2 2 2 2 2 1 1 1
 33 33 31 30 30 27 23 23 22 22 23 24 24 22 13 13 8 8 6 9 9 6 3 3 3 3 4 5 5 2 3 3 2 2 1 1 1 3 2 2 2 2 2 1 1 1
 19 19 21 26 26 24 21 21 19 19 16 10 10 12 11 11 7 7 5 6 6 3 2 2 2 2 8 15 15 3 1 1 3 3 2 1 1 2 2 2 2 2 2 3 3 3
 19 19 21 26 26 24 21 21 19 19 16 10 10 12 11 11 7 7 5 6 6 3 2 2 2 2 8 15 15 3 1 1 3 3 2 1 1 2 2 2 2 2 2 3 3 3
 22 22 28 30 30 27 18 18 14 14 14 11 11 11 8 8 7 7 3 2 2 2 1 1 2 2 8 6 6 1 1 1 1 1 0 0 0 0 0 0 0 0 1 3 3 3
 23 23 24 24 24 27 19 19 19 19 19 11 11 9 8 8 3 3 2 2 2 3 2 2 2 2 4 2 2 1 1 1 1 1 1 0 0 1 1 1 0 0 2 0 0 2
 23 23 24 24 24 27 19 19 19 19 19 11 11 9 8 8 3 3 2 2 2 3 2 2 2 2 4 2 2 1 1 1 1 1 1 0 0 1 1 1 0 0 2 0 0 2
 20 20 17 19 19 22 22 22 22 22 20 15 15 13 7 7 5 5 3 2 2 2 2 2 7 7 2 0 0 0 1 1 1 1 0 0 0 0 0 0 2 2 2 2 2 2
 14 14 12 14 14 22 22 22 22 22 21 12 12 11 5 5 5 5 4 2 2 1 1 1 2 2 1 0 0 0 0 0 1 1 1 1 1 0 1 1 2 2 2 2 2 2
 14 14 12 14 14 22 22 22 22 22 21 12 12 11 5 5 5 5 4 2 2 1 1 1 2 2 1 0 0 0 0 0 1 1 1 1 1 0 1 1 2 2 2 2 2 2
 12 12 11 10 10 13 16 16 16 16 15 14 14 11 9 9 6 6 6 5 5 1 1 1 0 0 0 0 0 0 0 0 0 0 0 0 0 0 2 2 3 3 3 3 3 2
 12 12 11 10 10 13 16 16 16 16 15 14 14 11 9 9 6 6 6 5 5 1 1 1 0 0 0 0 0 0 0 0 0 0 0 0 0 0 2 2 3 3 3 3 3 2
 15 15 20 9 9 10 15 15 18 18 19 14 14 9 10 10 8 8 10 5 5 5 1 1 0 0 1 0 0 1 2 2 0 0 1 1 1 1 1 1 1 1 2 2 2 2
 25 25 20 18 18 17 18 18 20 20 18 16 16 12 14 14 9 9 10 7 7 7 3 3 0 0 2 2 2 3 2 2 0 0 0 2 2 1 0 0 2 2 1 2 2 2
 25 25 20 18 18 17 18 18 20 20 18 16 16 12 14 14 9 9 10 7 7 7 3 3 0 0 2 2 2 3 2 2 0 0 0 2 2 1 0 0 2 2 1 2 2 2
 25 25 26 26 26 15 25 25 23 23 17 19 19 17 17 17 14 14 12 11 11 12 6 6 2 2 3 1 1 2 1 1 0 0 0 0 0 0 0 0 0 0 1 2 2 3
 42 42 35 36 36 53 28 28 35 35 29 23 23 28 19 19 20 20 19 15 15 10 5 5 5 5 4 3 3 2 1 1 0 0 0 0 0 0 0 0 0 0 0 1 1 0
 42 42 35 36 36 53 28 28 35 35 29 23 23 28 19 19 20 20 19 15 15 10 5 5 5 5 4 3 3 2 1 1 0 0 0 0 0 0 0 0 0 0 0 1 1 0
 43 43 42 42 42 76 74 74 71 71 42 39 39 26 25 25 24 24 19 13 13 14 7 7 8 8 4 3 3 3 1 1 1 1 1 2 2 2 2 2 0 0 0 0 0 0
 43 43 42 42 42 76 74 74 71 71 42 39 39 26 25 25 24 24 19 13 13 14 7 7 8 8 4 3 3 3 1 1 1 1 1 2 2 2 2 2 0 0 0 0 0 0
 35 35 33 46 46 41 62 62 61 61 51 47 47 33 25 25 15 15 8 8 8 13 6 6 6 6 2 1 1 1 1 1 1 1 1 0 0 1 2 2 1 1 0 0 0 0
 29 29 27 24 24 36 36 36 33 33 20 22 22 36 24 24 9 9 9 11 11 12 9 9 7 7 5 6 6 1 0 0 0 0 0 0 0 0 0 0 0 0 0 1 1 0
 29 29 27 24 24 36 36 36 33 33 20 22 22 36 24 24 9 9 9 11 11 12 9 9 7 7 5 6 6 1 0 0 0 0 0 0 0 0 0 0 0 0 0 1 1 0
 20 20 19 11 11 6 8 8 24 24 14 19 19 23 17 17 10 10 6 9 9 8 4 4 6 6 5 6 6 3 3 3 1 1 0 0 0 0 0 0 0 0 0 0 0 0
 10 10 15 7 7 4 8 8 8 8 10 13 13 10 13 13 8 8 4 5 5 2 2 2 2 2 0 0 0 1 2 2 0 0 0 0 0 0 0 0 0 0 0 0 0 0
 10 10 15 7 7 4 8 8 8 8 10 13 13 10 13 13 8 8 4 5 5 2 2 2 2 2 0 0 0 1 2 2 0 0 0 0 0 0 0 0 0 0 0 0 0 0
 5 5 10 6 6 4 3 3 7 7 8 12 12 15 15 15 10 10 6 4 4 3 3 3 2 2 0 0 0 1 3 3 0 0 0 0 0 0 0 0 0 0 0 0 0 0
 5 5 10 6 6 4 3 3 7 7 8 12 12 15 15 15 10 10 6 4 4 3 3 3 2 2 0 0 0 1 3 3 0 0 0 0 0 0 0 0 0 0 0 0 0 0
 3 3 4 10 10 8 3 3 6 6 10 15 15 20 18 18 10 10 9 7 7 8 3 3 2 2 4 3 3 1 1 1 2 2 1 0 0 0 0 0 0 0 0 0 0 0
 11 11 16 9 9 21 11 11 15 15 15 18 18 17 10 10 7 7 2 7 7 6 4 4 6 6 6 5 5 5 2 2 2 2 0 0 0 0 0 0 0 0 0 0 0 0
 11 11 16 9 9 21 11 11 15 15 15 18 18 17 10 10 7 7 2 7 7 6 4 4 6 6 6 5 5 5 2 2 2 2 0 0 0 0 0 0 0 0 0 0 0 0
 25 25 35 36 36 36 19 19 30 30 14 14 14 10 7 7 5 5 5 5 5 4 4 4 8 8 4 3 3 2 2 2 0 0 0 0 0 0 0 0 0 0 0 0 0 0
 30 30 32 27 27 29 28 28 25 25 20 18 18 5 9 9 6 6 5 7 7 4 4 4 7 7 7 7 7 2 2 2 0 0 0 0 0 0 1 1 0 0 0 0 0 0
 30 30 32 27 27 29 28 28 25 25 20 18 18 5 9 9 6 6 5 7 7 4 4 4 7 7 7 7 7 2 2 2 0 0 0 0 0 0 1 1 0 0 0 0 0 0
 22 22 22 21 21 26 21 21 14 14 14 18 18 8 10 10 8 8 7 6 6 6 9 9 9 9 8 4 4 2 2 2 2 2 1 1 1 0 2 2 0 0 0 0 0 0
 22 22 22 21 21 26 21 21 14 14 14 18 18 8 10 10 8 8 7 6 6 6 9 9 9 9 8 4 4 2 2 2 2 2 1 1 1 0 2 2 0 0 0 0 0 0
 14 14 13 13 13 25 11 11 15 15 13 14 14 9 10 10 8 8 6 6 6 7 7 7 8 8 9 8 8 4 4 4 2 2 2 2 2 2 0 0 1 1 1 0 0 1
 16 16 11 10 10 15 11 11 9 9 8 6 6 7 9 9 9 9 6 6 6 8 7 7 10 10 11 11 11 7 4 4 2 2 2 2 2 3 2 2 2 2 3 1 1 2
 16 16 11 10 10 15 11 11 9 9 8 6 6 7 9 9 9 9 6 6 6 8 7 7 10 10 11 11 11 7 4 4 2 2 2 2 2 3 2 2 2 2 3 1 1 2
 16 16 15 10 10 12 11 11 19 19 10 36 36 6 7 7 9 9 6 8 8 5 6 6 6 6 13 8 8 7 7 7 3 3 4 4 4 2 4 4 5 5 4 3 3 3
 21 21 20 17 17 12 12 12 14 14 26 40 40 4 3 3 7 7 8 11 11 6 12 12 12 12 7 8 8 5 7 7 2 2 4 4 4 3 3 3 4 4 4 3 3 4
 21 21 20 17 17 12 12 12 14 14 26 40 40 4 3 3 7 7 8 11 11 6 12 12 12 12 7 8 8 5 7 7 2 2 4 4 4 3 3 3 4 4 4 3 3 4
 24 24 22 18 18 14 13 13 13 13 11 6 6 6 5 5 7 7 7 7 7 7 10 10 14 14 7 7 7 6 4 4 6 6 1 2 2 2 3 3 3 3 3 3 3 4
 24 24 22 18 18 14 13 13 13 13 11 6 6 6 5 5 7 7 7 7 7 7 10 10 14 14 7 7 7 6 4 4 6 6 1 2 2 2 3 3 3 3 3 3 3 4
 16 16 12 13 13 12 11 11 11 11 6 5 5 6 5 5 4 4 3 3 3 4 3 3 5 5 3 5 5 3 4 4 4 4 1 0 0 0 1 1 1 1 2 3 3 3
 9 9 7 5 5 8 8 8 9 9 6 5 5 3 5 5 2 2 1 2 2 2 1 1 1 1 2 3 3 2 4 4 4 4 1 1 1 1 1 1 1 1 1 1 1 2
 9 9 7 5 5 8 8 8 9 9 6 5 5 3 5 5 2 2 1 2 2 2 1 1 1 1 2 3 3 2 4 4 4 4 1 1 1 1 1 1 1 1 1 1 1 2
 4 4 3 2 2 2 3 3 4 4 9 9 9 7 1 1 1 1 1 1 1 1 3 3 3 3 3 2 2 4 3 3 3 3 1 1 1 1 0 0 0 0 0 0 0 0
 2 2 2 2 2 3 5 5 6 6 10 14 14 8 6 6 6 6 5 4 4 1 3 3 3 3 2 1 1 1 1 1 1 1 1 1 1 2 0 0 0 0 2 0 0 0
 2 2 2 2 2 3 5 5 6 6 10 14 14 8 6 6 6 6 5 4 4 1 3 3 3 3 2 1 1 1 1 1 1 1 1 1 1 2 0 0 0 0 2 0 0 0
 2 2 2 2 2 3 4 4 8 8 12 13 13 12 10 10 8 8 5 5 5 4 4 4 4 4 1 1 1 1 1 1 0 0 0 0 0 1 0 0 0 0 2 0 0 0
 2 2 2 2 2 3 4 4 8 8 12 13 13 12 10 10 8 8 5 5 5 4 4 4 4 4 1 1 1 1 1 1 0 0 0 0 0 1 0 0 0 0 2 0 0 0
 2 2 2 2 2 3 3 3 6 6 10 10 10 12 12 12 10 10 7 7 7 6 7 7 1 1 1 1 1 0 0 0 0 0 0 0 0 0 1 1 2 2 1 0 0 1
 2 2 2 2 2 3 2 2 6 6 4 7 7 9 11 11 9 9 8 8 8 7 8 8 1 1 1 0 0 0 0 0 0 0 0 0 0 0 0 0 0 0 1 0 0 0
 2 2 2 2 2 3 2 2 6 6 4 7 7 9 11 11 9 9 8 8 8 7 8 8 1 1 1 0 0 0 0 0 0 0 0 0 0 0 0 0 0 0 1 0 0 0
 2 2 1 3 3 3 6 6 6 6 6 7 7 7 9 9 8 8 7 7 7 7 8 8 6 6 3 1 1 0 0 0 0 0 0 0 0 0 0 0 2 2 0 0 0 0
 1 1 1 1 1 1 4 4 4 4 5 6 6 6 7 7 6 6 7 4 4 6 12 12 13 13 9 2 2 0 0 0 1 1 0 0 0 2 2 2 2 2 0 0 0 0
 1 1 1 1 1 1 4 4 4 4 5 6 6 6 7 7 6 6 7 4 4 6 12 12 13 13 9 2 2 0 0 0 1 1 0 0 0 2 2 2 2 2 0 0 0 0
 1 1 1 2 2 2 4 4 4 4 6 7 7 6 7 7 5 5 8 6 6 7 10 10 11 11 9 5 5 1 1 1 0 0 0 0 0 0 0 0 0 0 0 0 0 0
 1 1 1 2 2 2 4 4 4 4 6 7 7 6 7 7 5 5 8 6 6 7 10 10 11 11 9 5 5 1 1 1 0 0 0 0 0 0 0 0 0 0 0 0 0 0
 0 0 1 2 2 2 2 2 4 4 4 6 6 6 7 7 5 5 6 6 6 6 7 7 8 8 7 3 3 1 0 0 0 0 0 0 0 0 0 0 0 0 0 0 0 0
 0 0 0 0 0 3 3 3 4 4 4 6 6 7 7 7 4 4 5 5 5 5 4 4 4 4 4 2 2 1 1 1 0 0 0 0 0 0 0 0 0 0 0 0 0 0
 0 0 0 0 0 3 3 3 4 4 4 6 6 7 7 7 4 4 5 5 5 5 4 4 4 4 4 2 2 1 1 1 0 0 0 0 0 0 0 0 0 0 0 0 0 0
 0 0 0 0 0 3 3 3 6 6 6 5 5 5 2 2 3 3 3 2 2 2 2 2 1 1 2 0 0 0 0 0 0 0 0 0 0 0 0 0 0 0 0 0 0 0
 0 0 0 0 0 0 0 0 0 0 6 5 5 6 2 2 2 2 1 0 0 0 1 1 0 0 1 1 1 0 0 0 0 0 0 0 0 0 0 0 0 0 0 0 0 0
 0 0 0 0 0 0 0 0 0 0 6 5 5 6 2 2 2 2 1 0 0 0 1 1 0 0 1 1 1 0 0 0 0 0 0 0 0 0 0 0 0 0 0 0 0 0
 0 0 0 0 0 0 0 0 0 0 0 1 1 0 1 1 0 0 0 0 0 0 0 0 0 0 0 0 0 0 0 0 0 0 0 0 0 0 0 0 0 0 0 1 1 0
 0 0 0 0 0 0 0 0 0 0 0 1 1 0 1 1 0 0 0 0 0 0 0 0 0 0 0 0 0 0 0 0 0 0 0 0 0 0 0 0 0 0 0 1 1 0
 0 0 0 0 0 0 0 0 0 0 0 0 0 0 0 0 0 0 0 0 0 0 0 0 0 0 0 0 0 0 0 0 0 0 0 0 0 0 0 0 0 0 0 0 0 0
 1 1 1 0 0 0 0 0 0 0 0 0 0 0 0 0 0 0 0 0 0 0 0 0 0 0 0 0 0 0 0 0 0 0 0 0 0 0 0 0 0 0 0 0 0 0
 1 1 1 0 0 0 0 0 0 0 0 0 0 0 0 0 0 0 0 0 0 0 0 0 0 0 0 0 0 0 0 0 0 0 0 0 0 0 0 0 0 0 0 0 0 0
 1 1 2 0 0 0 0 0 0 0 0 1 1 0 0 0 1 1 1 0 0 0 0 0 0 0 0 0 0 0 0 0 0 0 0 0 0 0 0 0 0 0 0 0 0 0
 1 1 3 2 2 0 0 0 0 0 0 1 1 1 0 0 1 1 1 1 1 0 0 0 0 0 0 0 0 0 0 0 0 0 0 0 0 0 0 0 0 0 0 0 0 0
