assets/RAT_results_old/precipitation/2023-09-06_IMERG.asc
ncols        46
nrows        77
xllcorner    74.800261325624
yllcorner    8.058333333333
cellsize     0.062500000000
NODATA_value -9999
 9 9 9 2 2 3 3 3 3 3 4 3 3 4 2 2 5 5 1 1 1 2 3 3 6 6 7 7 7 6 4 4 4 4 7 8 8 4 1 1 0 0 0 1 1 2
 10 10 7 5 5 4 4 4 4 4 2 4 4 4 8 8 1 1 1 1 1 1 1 1 2 2 3 2 2 2 2 2 3 3 3 7 7 6 3 3 2 2 1 0 0 0
 10 10 7 5 5 4 4 4 4 4 2 4 4 4 8 8 1 1 1 1 1 1 1 1 2 2 3 2 2 2 2 2 3 3 3 7 7 6 3 3 2 2 1 0 0 0
 5 5 4 4 4 3 3 3 3 3 2 2 2 1 5 5 3 3 1 1 1 2 0 0 0 0 0 0 0 0 0 0 1 1 3 2 2 2 2 2 1 1 1 0 0 1
 10 10 3 2 2 2 2 2 1 1 1 1 1 2 2 2 1 1 2 4 4 5 1 1 0 0 0 0 0 0 1 1 1 1 1 1 1 1 1 1 0 0 0 0 0 0
 10 10 3 2 2 2 2 2 1 1 1 1 1 2 2 2 1 1 2 4 4 5 1 1 0 0 0 0 0 0 1 1 1 1 1 1 1 1 1 1 0 0 0 0 0 0
 11 11 4 5 5 6 3 3 1 1 3 2 2 7 8 8 2 2 2 3 3 3 1 1 0 0 0 1 1 1 1 1 1 1 1 1 1 1 1 1 1 1 1 1 1 1
 11 11 4 5 5 6 3 3 1 1 3 2 2 7 8 8 2 2 2 3 3 3 1 1 0 0 0 1 1 1 1 1 1 1 1 1 1 1 1 1 1 1 1 1 1 1
 8 8 7 6 6 5 6 6 4 4 10 9 9 12 13 13 11 11 6 4 4 1 0 0 0 0 0 1 1 1 1 1 3 3 4 3 3 2 3 3 3 3 3 5 5 4
 18 18 14 6 6 4 6 6 5 5 7 8 8 11 11 11 9 9 5 4 4 1 0 0 0 0 0 0 0 0 1 1 1 1 1 1 1 2 2 2 2 2 2 2 2 2
 18 18 14 6 6 4 6 6 5 5 7 8 8 11 11 11 9 9 5 4 4 1 0 0 0 0 0 0 0 0 1 1 1 1 1 1 1 2 2 2 2 2 2 2 2 2
 21 21 15 6 6 2 5 5 6 6 6 4 4 10 12 12 7 7 6 5 5 1 0 0 0 0 0 0 0 1 0 0 0 0 0 1 1 1 1 1 1 1 2 3 3 3
 18 18 16 12 12 4 7 7 8 8 6 6 6 8 9 9 6 6 6 6 6 3 0 0 0 0 0 0 0 0 0 0 0 0 0 0 0 0 1 1 1 1 2 4 4 5
 18 18 16 12 12 4 7 7 8 8 6 6 6 8 9 9 6 6 6 6 6 3 0 0 0 0 0 0 0 0 0 0 0 0 0 0 0 0 1 1 1 1 2 4 4 5
 19 19 16 18 18 9 8 8 9 9 16 8 8 9 11 11 7 7 6 5 5 4 1 1 0 0 0 0 0 0 1 1 0 0 0 0 0 1 1 1 2 2 1 3 3 6
 19 19 16 18 18 9 8 8 9 9 16 8 8 9 11 11 7 7 6 5 5 4 1 1 0 0 0 0 0 0 1 1 0 0 0 0 0 1 1 1 2 2 1 3 3 6
 37 37 23 16 16 22 41 41 33 33 38 31 31 16 21 21 10 10 11 8 8 10 2 2 1 1 1 0 0 0 0 0 0 0 0 0 0 0 0 0 1 1 1 1 1 2
 35 35 39 21 21 42 49 49 42 42 47 41 41 38 34 34 27 27 25 13 13 10 1 1 1 1 2 1 1 0 0 0 0 0 1 0 0 0 0 0 1 1 0 1 1 1
 35 35 39 21 21 42 49 49 42 42 47 41 41 38 34 34 27 27 25 13 13 10 1 1 1 1 2 1 1 0 0 0 0 0 1 0 0 0 0 0 1 1 0 1 1 1
 36 36 31 24 24 35 67 67 68 68 76 59 59 64 60 60 53 53 26 16 16 15 2 2 3 3 1 1 1 1 1 1 0 0 0 0 0 1 1 1 1 1 1 1 1 2
 40 40 40 34 34 33 69 69 65 65 72 56 56 66 67 67 60 60 37 29 29 16 8 8 3 3 1 1 1 1 1 1 0 0 0 1 1 3 6 6 5 5 2 1 1 2
 40 40 40 34 34 33 69 69 65 65 72 56 56 66 67 67 60 60 37 29 29 16 8 8 3 3 1 1 1 1 1 1 0 0 0 1 1 3 6 6 5 5 2 1 1 2
 28 28 37 36 36 30 56 56 54 54 73 86 86 70 70 70 68 68 42 40 40 13 11 11 2 2 2 2 2 1 1 1 0 0 1 2 2 2 3 3 2 2 1 1 1 1
 28 28 37 36 36 30 56 56 54 54 73 86 86 70 70 70 68 68 42 40 40 13 11 11 2 2 2 2 2 1 1 1 0 0 1 2 2 2 3 3 2 2 1 1 1 1
 26 26 35 60 60 54 58 58 56 56 55 65 65 56 65 65 68 68 46 37 37 15 11 11 3 3 3 2 2 1 1 1 1 1 1 2 2 2 2 2 1 1 2 0 0 0
 41 41 51 61 61 60 59 59 54 54 55 58 58 52 50 50 58 58 39 26 26 23 12 12 4 4 4 2 2 1 2 2 2 2 1 1 1 0 1 1 1 1 1 0 0 0
 41 41 51 61 61 60 59 59 54 54 55 58 58 52 50 50 58 58 39 26 26 23 12 12 4 4 4 2 2 1 2 2 2 2 1 1 1 0 1 1 1 1 1 0 0 0
 36 36 37 53 53 57 59 59 52 52 53 31 31 10 21 21 15 15 19 18 18 14 8 8 3 3 6 4 4 4 2 2 3 3 1 0 0 1 1 1 1 1 1 1 1 1
 31 31 36 36 36 20 25 25 34 34 19 9 9 9 14 14 13 13 15 17 17 10 8 8 6 6 3 7 7 1 1 1 2 2 1 0 0 0 1 1 1 1 1 2 2 2
 31 31 36 36 36 20 25 25 34 34 19 9 9 9 14 14 13 13 15 17 17 10 8 8 6 6 3 7 7 1 1 1 2 2 1 0 0 0 1 1 1 1 1 2 2 2
 18 18 22 18 18 13 16 16 16 16 18 11 11 10 7 7 6 6 8 8 8 8 6 6 6 6 4 12 12 3 2 2 3 3 0 0 0 0 0 0 1 1 1 2 2 2
 18 18 22 18 18 13 16 16 16 16 18 11 11 10 7 7 6 6 8 8 8 8 6 6 6 6 4 12 12 3 2 2 3 3 0 0 0 0 0 0 1 1 1 2 2 2
 19 19 22 26 26 8 7 7 13 13 14 12 12 9 9 9 11 11 10 12 12 3 3 3 1 1 1 3 3 3 3 3 8 8 1 0 0 0 0 0 0 0 0 0 0 1
 24 24 26 25 25 14 12 12 12 12 16 16 16 10 12 12 14 14 10 14 14 2 1 1 0 0 0 1 1 0 0 0 0 0 1 0 0 0 0 0 0 0 0 0 0 0
 24 24 26 25 25 14 12 12 12 12 16 16 16 10 12 12 14 14 10 14 14 2 1 1 0 0 0 1 1 0 0 0 0 0 1 0 0 0 0 0 0 0 0 0 0 0
 23 23 31 32 32 31 14 14 15 15 12 11 11 10 10 10 10 10 9 8 8 2 0 0 0 0 0 1 1 0 0 0 0 0 0 0 0 0 0 0 0 0 0 0 0 0
 22 22 31 31 31 17 22 22 22 22 20 19 19 12 8 8 7 7 9 3 3 2 1 1 1 1 2 0 0 0 2 2 1 1 2 0 0 0 0 0 0 0 0 0 0 0
 22 22 31 31 31 17 22 22 22 22 20 19 19 12 8 8 7 7 9 3 3 2 1 1 1 1 2 0 0 0 2 2 1 1 2 0 0 0 0 0 0 0 0 0 0 0
 21 21 22 24 24 26 22 22 23 23 21 15 15 12 10 10 7 7 6 5 5 3 10 10 3 3 2 3 3 5 8 8 4 4 7 3 3 0 0 0 0 0 0 0 0 0
 21 21 22 24 24 26 22 22 23 23 21 15 15 12 10 10 7 7 6 5 5 3 10 10 3 3 2 3 3 5 8 8 4 4 7 3 3 0 0 0 0 0 0 0 0 0
 28 28 24 24 24 20 19 19 20 20 17 14 14 14 10 10 9 9 10 11 11 8 8 8 12 12 9 6 6 8 7 7 9 9 14 1 1 1 0 0 0 0 0 0 0 0
 22 22 19 26 26 20 20 20 16 16 15 12 12 12 14 14 10 10 17 15 15 11 12 12 11 11 8 5 5 7 6 6 4 4 14 2 2 1 0 0 0 0 0 0 0 1
 22 22 19 26 26 20 20 20 16 16 15 12 12 12 14 14 10 10 17 15 15 11 12 12 11 11 8 5 5 7 6 6 4 4 14 2 2 1 0 0 0 0 0 0 0 1
 18 18 15 18 18 13 15 15 15 15 15 12 12 13 13 13 11 11 20 15 15 14 12 12 12 12 8 8 8 3 5 5 3 3 7 0 0 1 0 0 1 1 0 0 0 0
 17 17 16 15 15 12 12 12 10 10 13 11 11 14 14 14 23 23 22 9 9 13 10 10 19 19 9 5 5 4 5 5 5 5 7 1 1 0 0 0 0 0 0 0 0 0
 17 17 16 15 15 12 12 12 10 10 13 11 11 14 14 14 23 23 22 9 9 13 10 10 19 19 9 5 5 4 5 5 5 5 7 1 1 0 0 0 0 0 0 0 0 0
 18 18 12 23 23 22 10 10 9 9 12 11 11 17 22 22 31 31 13 12 12 17 22 22 14 14 13 5 5 4 2 2 3 3 2 1 1 1 1 1 1 1 0 0 0 1
 18 18 12 23 23 22 10 10 9 9 12 11 11 17 22 22 31 31 13 12 12 17 22 22 14 14 13 5 5 4 2 2 3 3 2 1 1 1 1 1 1 1 0 0 0 1
 27 27 25 39 39 24 14 14 11 11 12 14 14 22 27 27 29 29 14 13 13 13 18 18 11 11 6 5 5 4 3 3 2 2 3 4 4 2 1 1 3 3 1 1 1 3
 33 33 43 44 44 14 14 14 44 44 43 45 45 24 31 31 37 37 16 16 16 20 16 16 8 8 10 4 4 6 1 1 2 2 4 7 7 6 3 3 1 1 0 0 0 1
 33 33 43 44 44 14 14 14 44 44 43 45 45 24 31 31 37 37 16 16 16 20 16 16 8 8 10 4 4 6 1 1 2 2 4 7 7 6 3 3 1 1 0 0 0 1
 14 14 19 29 29 42 45 45 49 49 48 49 49 55 40 40 49 49 28 31 31 30 29 29 13 13 11 7 7 2 1 1 1 1 2 5 5 5 5 5 3 3 1 1 1 0
 14 14 20 34 34 40 54 54 61 61 60 54 54 70 56 56 60 60 49 44 44 33 46 46 10 10 15 6 6 4 3 3 2 2 2 2 2 2 2 2 2 2 1 0 0 1
 14 14 20 34 34 40 54 54 61 61 60 54 54 70 56 56 60 60 49 44 44 33 46 46 10 10 15 6 6 4 3 3 2 2 2 2 2 2 2 2 2 2 1 0 0 1
 14 14 21 46 46 50 65 65 53 53 74 46 46 54 68 68 70 70 58 54 54 47 35 35 29 29 23 18 18 16 6 6 5 5 5 2 2 1 1 1 1 1 0 0 0 0
 14 14 21 46 46 50 65 65 53 53 74 46 46 54 68 68 70 70 58 54 54 47 35 35 29 29 23 18 18 16 6 6 5 5 5 2 2 1 1 1 1 1 0 0 0 0
 10 10 13 26 26 29 46 46 54 54 53 44 44 60 63 63 48 48 44 46 46 48 32 32 35 35 23 21 21 15 9 9 6 6 4 3 3 1 1 1 1 1 0 0 0 0
 8 8 11 12 12 25 44 44 21 21 25 39 39 40 53 53 53 53 37 30 30 53 61 61 49 49 37 25 25 18 11 11 5 5 3 1 1 2 1 1 0 0 0 0 0 0
 8 8 11 12 12 25 44 44 21 21 25 39 39 40 53 53 53 53 37 30 30 53 61 61 49 49 37 25 25 18 11 11 5 5 3 1 1 2 1 1 0 0 0 0 0 0
 9 9 9 11 11 12 16 16 18 18 20 18 18 24 44 44 39 39 22 25 25 20 19 19 44 44 18 25 25 17 9 9 4 4 4 3 3 1 0 0 0 0 0 0 0 0
 13 13 13 10 10 12 17 17 17 17 26 22 22 30 32 32 34 34 16 13 13 13 12 12 14 14 30 21 21 9 3 3 1 1 3 3 3 3 0 0 0 0 0 0 0 0
 13 13 13 10 10 12 17 17 17 17 26 22 22 30 32 32 34 34 16 13 13 13 12 12 14 14 30 21 21 9 3 3 1 1 3 3 3 3 0 0 0 0 0 0 0 0
 14 14 17 16 16 15 16 16 29 29 36 55 55 34 32 32 39 39 17 14 14 13 15 15 28 28 43 25 25 15 8 8 6 6 3 1 1 0 1 1 1 1 0 0 0 0
 14 14 17 16 16 15 16 16 29 29 36 55 55 34 32 32 39 39 17 14 14 13 15 15 28 28 43 25 25 15 8 8 6 6 3 1 1 0 1 1 1 1 0 0 0 0
 18 18 21 21 21 20 23 23 39 39 51 62 62 46 38 38 48 48 20 16 16 38 36 36 32 32 29 40 40 20 10 10 8 8 5 1 1 1 2 2 2 2 0 0 0 0
 24 24 25 26 26 26 32 32 42 42 43 34 34 26 31 31 45 45 35 18 18 32 37 37 32 32 37 64 64 24 11 11 6 6 2 0 0 1 1 1 1 1 1 0 0 0
 24 24 25 26 26 26 32 32 42 42 43 34 34 26 31 31 45 45 35 18 18 32 37 37 32 32 37 64 64 24 11 11 6 6 2 0 0 1 1 1 1 1 1 0 0 0
 25 25 27 26 26 32 40 40 35 35 29 23 23 25 29 29 31 31 21 15 15 15 14 14 14 14 23 46 46 63 10 10 6 6 2 0 0 0 0 0 1 1 0 0 0 0
 24 24 32 26 26 35 43 43 29 29 20 19 19 18 19 19 18 18 18 21 21 13 12 12 13 13 14 33 33 74 26 26 5 5 1 1 1 1 0 0 1 1 0 0 0 0
 24 24 32 26 26 35 43 43 29 29 20 19 19 18 19 19 18 18 18 21 21 13 12 12 13 13 14 33 33 74 26 26 5 5 1 1 1 1 0 0 1 1 0 0 0 0
 28 28 32 24 24 23 28 28 30 30 17 16 16 17 18 18 15 15 23 25 25 17 12 12 10 10 11 21 21 30 20 20 2 2 2 5 5 3 1 1 1 1 0 1 1 1
 28 28 32 24 24 23 28 28 30 30 17 16 16 17 18 18 15 15 23 25 25 17 12 12 10 10 11 21 21 30 20 20 2 2 2 5 5 3 1 1 1 1 0 1 1 1
 19 19 20 14 14 13 16 16 16 16 11 10 10 10 13 13 12 12 18 11 11 10 9 9 7 7 11 15 15 17 11 11 4 4 3 4 4 4 3 3 2 2 1 1 1 1
 12 12 12 11 11 10 11 11 11 11 10 11 11 10 11 11 12 12 23 12 12 6 6 6 8 8 6 10 10 10 8 8 6 6 4 4 4 3 3 3 3 3 1 1 1 1
 12 12 12 11 11 10 11 11 11 11 10 11 11 10 11 11 12 12 23 12 12 6 6 6 8 8 6 10 10 10 8 8 6 6 4 4 4 3 3 3 3 3 1 1 1 1
 8 8 9 12 12 13 11 11 13 13 15 15 15 12 13 13 16 16 19 11 11 7 4 4 5 5 6 6 6 7 9 9 10 10 8 11 11 2 3 3 3 3 2 2 2 2
 11 11 9 8 8 9 10 10 14 14 14 14 14 13 14 14 14 14 11 12 12 9 6 6 6 6 10 8 8 9 12 12 14 14 15 9 9 5 4 4 5 5 2 3 3 3
