assets/RAT_results_old/precipitation/2023-11-03_IMERG.asc
ncols        46
nrows        77
xllcorner    74.800261325624
yllcorner    8.058333333333
cellsize     0.062500000000
NODATA_value -9999
 13 13 19 26 26 44 59 59 68 68 74 51 51 43 30 30 30 30 25 18 18 10 9 9 9 9 9 7 7 7 6 6 7 7 6 6 6 8 4 4 1 1 0 0 0 2
 17 17 22 28 28 41 57 57 63 63 73 55 55 46 33 33 40 40 38 33 33 11 11 11 14 14 11 9 9 9 9 9 10 10 8 10 10 7 2 2 1 1 0 0 0 1
 17 17 22 28 28 41 57 57 63 63 73 55 55 46 33 33 40 40 38 33 33 11 11 11 14 14 11 9 9 9 9 9 10 10 8 10 10 7 2 2 1 1 0 0 0 1
 23 23 28 34 34 46 55 55 61 61 72 75 75 116 108 108 49 49 40 33 33 22 18 18 11 11 11 10 10 10 18 18 21 21 12 13 13 8 1 1 0 0 0 0 0 1
 22 22 35 41 41 44 51 51 62 62 67 69 69 102 65 65 41 41 34 29 29 12 18 18 12 12 12 13 13 18 23 23 23 23 18 9 9 7 1 1 3 3 3 3 3 4
 22 22 35 41 41 44 51 51 62 62 67 69 69 102 65 65 41 41 34 29 29 12 18 18 12 12 12 13 13 18 23 23 23 23 18 9 9 7 1 1 3 3 3 3 3 4
 35 35 41 43 43 50 48 48 50 50 47 49 49 61 56 56 45 45 23 14 14 10 10 10 12 12 12 13 13 25 27 27 24 24 22 12 12 10 9 9 6 6 4 8 8 7
 35 35 41 43 43 50 48 48 50 50 47 49 49 61 56 56 45 45 23 14 14 10 10 10 12 12 12 13 13 25 27 27 24 24 22 12 12 10 9 9 6 6 4 8 8 7
 36 36 48 45 45 54 52 52 49 49 43 41 41 44 38 38 33 33 26 15 15 11 20 20 21 21 33 34 34 29 29 29 19 19 9 11 11 6 7 7 14 14 9 9 9 8
 42 42 50 39 39 39 39 39 38 38 26 32 32 35 35 35 33 33 32 17 17 13 13 13 24 24 15 14 14 21 13 13 11 11 9 8 8 7 6 6 8 8 7 7 7 8
 42 42 50 39 39 39 39 39 38 38 26 32 32 35 35 35 33 33 32 17 17 13 13 13 24 24 15 14 14 21 13 13 11 11 9 8 8 7 6 6 8 8 7 7 7 8
 42 42 44 39 39 33 31 31 17 17 28 52 52 49 62 62 52 52 43 20 20 14 16 16 16 16 17 17 17 15 12 12 9 9 7 6 6 5 5 5 4 4 6 6 6 1
 42 42 22 31 31 27 26 26 15 15 28 48 48 55 90 90 64 64 37 22 22 15 18 18 16 16 21 21 21 16 11 11 8 8 6 6 6 6 4 4 3 3 2 1 1 0
 42 42 22 31 31 27 26 26 15 15 28 48 48 55 90 90 64 64 37 22 22 15 18 18 16 16 21 21 21 16 11 11 8 8 6 6 6 6 4 4 3 3 2 1 1 0
 19 19 20 22 22 28 20 20 18 18 32 39 39 43 39 39 42 42 43 24 24 20 19 19 17 17 21 22 22 14 9 9 7 7 6 5 5 4 4 4 3 3 3 1 1 1
 19 19 20 22 22 28 20 20 18 18 32 39 39 43 39 39 42 42 43 24 24 20 19 19 17 17 21 22 22 14 9 9 7 7 6 5 5 4 4 4 3 3 3 1 1 1
 17 17 10 15 15 15 16 16 22 22 33 56 56 50 46 46 44 44 43 34 34 33 31 31 30 30 28 26 26 18 9 9 6 6 5 5 5 5 4 4 4 4 3 1 1 1
 10 10 13 17 17 20 15 15 20 20 39 51 51 55 60 60 55 55 57 47 47 48 41 41 39 39 28 26 26 21 9 9 6 6 15 5 5 6 5 5 5 5 3 1 1 1
 10 10 13 17 17 20 15 15 20 20 39 51 51 55 60 60 55 55 57 47 47 48 41 41 39 39 28 26 26 21 9 9 6 6 15 5 5 6 5 5 5 5 3 1 1 1
 9 9 13 12 12 15 15 15 25 25 39 51 51 56 60 60 63 63 66 65 65 65 63 63 63 63 36 26 26 18 21 21 16 16 16 9 9 7 6 6 7 7 6 3 3 1
 9 9 17 15 15 14 25 25 27 27 41 51 51 60 69 69 76 76 89 94 94 88 84 84 73 73 38 27 27 23 21 21 17 17 31 14 14 22 10 10 12 12 6 3 3 5
 9 9 17 15 15 14 25 25 27 27 41 51 51 60 69 69 76 76 89 94 94 88 84 84 73 73 38 27 27 23 21 21 17 17 31 14 14 22 10 10 12 12 6 3 3 5
 13 13 17 16 16 14 32 32 33 33 53 60 60 58 76 76 108 108 116 109 109 92 77 77 64 64 65 43 43 90 90 90 44 44 41 22 22 27 8 8 9 9 6 6 6 13
 13 13 17 16 16 14 32 32 33 33 53 60 60 58 76 76 108 108 116 109 109 92 77 77 64 64 65 43 43 90 90 90 44 44 41 22 22 27 8 8 9 9 6 6 6 13
 14 14 10 23 23 25 38 38 40 40 73 114 114 86 87 87 112 112 107 114 114 91 81 81 79 79 76 58 58 41 94 94 84 84 54 26 26 30 13 13 11 11 7 13 13 20
 11 11 9 28 28 35 56 56 61 61 65 122 122 126 84 84 100 100 103 112 112 103 90 90 89 89 75 62 62 52 107 107 105 105 65 28 28 24 14 14 9 9 7 14 14 23
 11 11 9 28 28 35 56 56 61 61 65 122 122 126 84 84 100 100 103 112 112 103 90 90 89 89 75 62 62 52 107 107 105 105 65 28 28 24 14 14 9 9 7 14 14 23
 16 16 18 32 32 34 46 46 104 104 110 166 166 170 76 76 97 97 97 112 112 113 102 102 86 86 80 68 68 52 48 48 41 41 23 22 22 17 12 12 2 2 5 14 14 24
 16 16 31 115 115 121 133 133 122 122 126 173 173 197 80 80 102 102 114 116 116 117 101 101 98 98 72 52 52 29 49 49 23 23 23 15 15 6 4 4 1 1 3 10 10 18
 16 16 31 115 115 121 133 133 122 122 126 173 173 197 80 80 102 102 114 116 116 117 101 101 98 98 72 52 52 29 49 49 23 23 23 15 15 6 4 4 1 1 3 10 10 18
 29 29 38 55 55 129 64 64 93 93 92 202 202 205 209 209 105 105 113 110 110 120 110 110 99 99 63 55 55 30 29 29 20 20 14 7 7 3 3 3 1 1 1 4 4 8
 29 29 38 55 55 129 64 64 93 93 92 202 202 205 209 209 105 105 113 110 110 120 110 110 99 99 63 55 55 30 29 29 20 20 14 7 7 3 3 3 1 1 1 4 4 8
 48 48 58 77 77 80 96 96 87 87 83 89 89 283 298 298 106 106 115 106 106 95 101 101 89 89 60 50 50 25 24 24 18 18 14 6 6 3 1 1 1 1 1 4 4 13
 47 47 68 77 77 39 73 73 49 49 78 85 85 288 65 65 64 64 79 79 79 75 83 83 77 77 102 111 111 36 30 30 18 18 11 6 6 4 2 2 2 2 2 4 4 9
 47 47 68 77 77 39 73 73 49 49 78 85 85 288 65 65 64 64 79 79 79 75 83 83 77 77 102 111 111 36 30 30 18 18 11 6 6 4 2 2 2 2 2 4 4 9
 56 56 75 75 75 40 45 45 51 51 45 48 48 59 63 63 59 59 65 52 52 51 48 48 75 75 68 105 105 35 24 24 20 20 12 7 7 5 3 3 3 3 4 5 5 5
 74 74 77 75 75 42 34 34 43 43 41 45 45 35 39 39 42 42 40 47 47 44 43 43 50 50 44 59 59 35 24 24 21 21 11 7 7 5 4 4 3 3 5 7 7 8
 74 74 77 75 75 42 34 34 43 43 41 45 45 35 39 39 42 42 40 47 47 44 43 43 50 50 44 59 59 35 24 24 21 21 11 7 7 5 4 4 3 3 5 7 7 8
 88 88 104 86 86 44 35 35 33 33 34 36 36 42 41 41 43 43 44 53 53 43 47 47 54 54 52 44 44 38 30 30 25 25 19 9 9 8 5 5 8 8 10 12 12 10
 88 88 104 86 86 44 35 35 33 33 34 36 36 42 41 41 43 43 44 53 53 43 47 47 54 54 52 44 44 38 30 30 25 25 19 9 9 8 5 5 8 8 10 12 12 10
 87 87 100 50 50 43 43 43 39 39 36 38 38 32 44 44 46 46 47 54 54 46 55 55 59 59 54 52 52 46 43 43 34 34 22 10 10 9 5 5 9 9 29 34 34 23
 105 105 110 61 61 58 58 58 34 34 43 34 34 36 50 50 54 54 52 40 40 53 66 66 72 72 63 61 61 54 51 51 39 39 29 11 11 12 11 11 25 25 35 45 45 46
 105 105 110 61 61 58 58 58 34 34 43 34 34 36 50 50 54 54 52 40 40 53 66 66 72 72 63 61 61 54 51 51 39 39 29 11 11 12 11 11 25 25 35 45 45 46
 126 126 130 56 56 53 47 47 48 48 48 73 73 76 56 56 61 61 55 44 44 58 73 73 92 92 74 69 69 65 57 57 40 40 22 12 12 12 13 13 39 39 51 60 60 58
 81 81 81 68 68 65 68 68 70 70 55 82 82 89 98 98 56 56 58 46 46 52 85 85 103 103 84 73 73 73 65 65 52 52 34 14 14 7 17 17 39 39 46 32 32 64
 81 81 81 68 68 65 68 68 70 70 55 82 82 89 98 98 56 56 58 46 46 52 85 85 103 103 84 73 73 73 65 65 52 52 34 14 14 7 17 17 39 39 46 32 32 64
 161 161 114 64 64 64 65 65 49 49 68 74 74 102 111 111 71 71 72 51 51 55 58 58 95 95 100 100 100 101 91 91 75 75 48 20 20 9 15 15 14 14 27 28 28 60
 161 161 114 64 64 64 65 65 49 49 68 74 74 102 111 111 71 71 72 51 51 55 58 58 95 95 100 100 100 101 91 91 75 75 48 20 20 9 15 15 14 14 27 28 28 60
 94 94 111 64 64 64 65 65 47 47 56 65 65 71 77 77 72 72 77 53 53 53 63 63 104 104 114 128 128 127 111 111 94 94 61 23 23 11 13 13 15 15 26 31 31 44
 149 149 46 39 39 41 43 43 32 32 50 64 64 70 93 93 75 75 66 64 64 62 73 73 94 94 124 137 137 132 119 119 99 99 68 26 26 15 19 19 25 25 32 36 36 46
 149 149 46 39 39 41 43 43 32 32 50 64 64 70 93 93 75 75 66 64 64 62 73 73 94 94 124 137 137 132 119 119 99 99 68 26 26 15 19 19 25 25 32 36 36 46
 124 124 44 23 23 40 44 44 51 51 66 80 80 77 86 86 83 83 59 55 55 53 66 66 91 91 112 122 122 117 115 115 97 97 66 25 25 18 28 28 33 33 42 44 44 44
 22 22 32 32 32 37 43 43 45 45 58 182 182 99 117 117 89 89 54 51 51 52 65 65 85 85 109 105 105 97 97 97 88 88 60 27 27 28 39 39 48 48 54 52 52 66
 22 22 32 32 32 37 43 43 45 45 58 182 182 99 117 117 89 89 54 51 51 52 65 65 85 85 109 105 105 97 97 97 88 88 60 27 27 28 39 39 48 48 54 52 52 66
 19 19 30 28 28 52 75 75 78 78 176 204 204 213 111 111 85 85 101 98 98 57 65 65 80 80 103 92 92 81 80 80 65 65 38 23 23 30 41 41 50 50 69 58 58 56
 19 19 30 28 28 52 75 75 78 78 176 204 204 213 111 111 85 85 101 98 98 57 65 65 80 80 103 92 92 81 80 80 65 65 38 23 23 30 41 41 50 50 69 58 58 56
 23 23 32 54 54 56 78 78 78 78 83 78 78 85 87 87 94 94 101 101 101 107 221 221 72 72 84 81 81 70 63 63 39 39 24 21 21 30 39 39 47 47 61 45 45 42
 23 23 35 43 43 41 85 85 85 85 85 79 79 85 85 85 90 90 81 98 98 102 45 45 44 44 57 62 62 53 44 44 28 28 14 10 10 15 28 28 36 36 46 42 42 35
 23 23 35 43 43 41 85 85 85 85 85 79 79 85 85 85 90 90 81 98 98 102 45 45 44 44 57 62 62 53 44 44 28 28 14 10 10 15 28 28 36 36 46 42 42 35
 23 23 28 41 41 48 72 72 66 66 68 79 79 74 81 81 80 80 69 63 63 68 31 31 35 35 35 33 33 29 27 27 20 20 11 5 5 13 27 27 31 31 32 39 39 33
 26 26 29 33 33 44 47 47 77 77 68 45 45 58 60 60 74 74 66 61 61 61 26 26 31 31 23 23 23 20 16 16 12 12 10 5 5 17 21 21 27 27 30 42 42 32
 26 26 29 33 33 44 47 47 77 77 68 45 45 58 60 60 74 74 66 61 61 61 26 26 31 31 23 23 23 20 16 16 12 12 10 5 5 17 21 21 27 27 30 42 42 32
 25 25 29 44 44 50 43 43 45 45 41 45 45 59 58 58 73 73 67 57 57 92 21 21 25 25 24 24 24 21 18 18 13 13 8 7 7 16 15 15 19 19 24 32 32 33
 25 25 29 44 44 50 43 43 45 45 41 45 45 59 58 58 73 73 67 57 57 92 21 21 25 25 24 24 24 21 18 18 13 13 8 7 7 16 15 15 19 19 24 32 32 33
 25 25 31 38 38 50 45 45 50 50 33 38 38 61 57 57 62 62 68 61 61 82 23 23 16 16 14 9 9 8 10 10 18 18 20 19 19 24 19 19 20 20 23 21 21 24
 28 28 32 33 33 39 33 33 36 36 31 37 37 60 52 52 62 62 60 60 60 32 22 22 9 9 6 3 3 3 11 11 15 15 17 15 15 16 25 25 19 19 14 17 17 26
 28 28 32 33 33 39 33 33 36 36 31 37 37 60 52 52 62 62 60 60 60 32 22 22 9 9 6 3 3 3 11 11 15 15 17 15 15 16 25 25 19 19 14 17 17 26
 20 20 29 29 29 26 27 27 15 15 29 40 40 58 61 61 64 64 50 51 51 32 18 18 12 12 3 3 3 2 17 17 26 26 34 35 35 23 24 24 13 13 13 18 18 26
 22 22 24 22 22 22 19 19 12 12 22 33 33 43 50 50 59 59 57 44 44 37 26 26 20 20 10 13 13 9 21 21 26 26 33 35 35 22 31 31 20 20 14 16 16 22
 22 22 24 22 22 22 19 19 12 12 22 33 33 43 50 50 59 59 57 44 44 37 26 26 20 20 10 13 13 9 21 21 26 26 33 35 35 22 31 31 20 20 14 16 16 22
 22 22 22 17 17 23 20 20 13 13 19 26 26 38 54 54 54 54 52 51 51 47 44 44 38 38 28 18 18 9 7 7 21 21 31 31 31 20 23 23 17 17 21 20 20 32
 22 22 22 17 17 23 20 20 13 13 19 26 26 38 54 54 54 54 52 51 51 47 44 44 38 38 28 18 18 9 7 7 21 21 31 31 31 20 23 23 17 17 21 20 20 32
 17 17 13 12 12 20 18 18 12 12 13 15 15 26 46 46 49 49 45 50 50 51 53 53 48 48 41 45 45 41 53 53 27 27 31 38 38 28 29 29 12 12 12 16 16 22
 15 15 11 11 11 12 8 8 10 10 12 15 15 19 23 23 31 31 36 46 46 51 54 54 52 52 47 27 27 16 10 10 25 25 19 38 38 42 40 40 34 34 23 21 21 27
 15 15 11 11 11 12 8 8 10 10 12 15 15 19 23 23 31 31 36 46 46 51 54 54 52 52 47 27 27 16 10 10 25 25 19 38 38 42 40 40 34 34 23 21 21 27
 7 7 12 13 13 14 22 22 26 26 20 33 33 19 18 18 23 23 26 36 36 42 43 43 46 46 49 30 30 13 9 9 10 10 10 41 41 41 44 44 37 37 23 21 21 27
 10 10 21 16 16 17 26 26 31 31 35 38 38 34 27 27 17 17 19 24 24 34 41 41 43 43 72 35 35 12 7 7 9 9 9 16 16 4 8 8 13 13 17 20 20 36
