assets/RAT_results_old/precipitation/2023-11-05_IMERG.asc
ncols        46
nrows        77
xllcorner    74.800261325624
yllcorner    8.058333333333
cellsize     0.062500000000
NODATA_value -9999
 48 48 51 62 62 64 119 119 96 96 81 61 61 67 67 67 75 75 55 41 41 48 47 47 48 48 37 29 29 20 11 11 10 10 3 5 5 4 1 1 0 0 0 0 0 2
 47 47 53 61 61 65 108 108 89 89 82 73 73 70 76 76 55 55 54 41 41 48 30 30 37 37 33 31 31 21 10 10 9 9 1 2 2 1 0 0 0 0 0 0 0 0
 47 47 53 61 61 65 108 108 89 89 82 73 73 70 76 76 55 55 54 41 41 48 30 30 37 37 33 31 31 21 10 10 9 9 1 2 2 1 0 0 0 0 0 0 0 0
 45 45 45 53 53 64 57 57 58 58 57 72 72 68 67 67 31 31 29 27 27 26 27 27 34 34 8 4 4 2 1 1 1 1 0 0 0 0 0 0 0 0 1 2 2 1
 26 26 54 60 60 61 52 52 43 43 44 26 26 24 19 19 26 26 25 23 23 19 13 13 8 8 6 3 3 2 4 4 3 3 1 0 0 0 0 0 0 0 0 1 1 1
 26 26 54 60 60 61 52 52 43 43 44 26 26 24 19 19 26 26 25 23 23 19 13 13 8 8 6 3 3 2 4 4 3 3 1 0 0 0 0 0 0 0 0 1 1 1
 23 23 38 37 37 42 35 35 36 36 31 12 12 13 4 4 3 3 8 15 15 15 10 10 2 2 2 2 2 4 8 8 7 7 2 0 0 0 0 0 0 0 0 1 1 1
 23 23 38 37 37 42 35 35 36 36 31 12 12 13 4 4 3 3 8 15 15 15 10 10 2 2 2 2 2 4 8 8 7 7 2 0 0 0 0 0 0 0 0 1 1 1
 18 18 35 29 29 38 24 24 19 19 12 10 10 5 3 3 3 3 3 2 2 2 1 1 1 1 2 2 2 3 9 9 5 5 1 1 1 1 0 0 0 0 1 1 1 1
 18 18 14 16 16 16 14 14 12 12 3 3 3 3 2 2 2 2 3 3 3 2 0 0 0 0 1 2 2 2 4 4 4 4 3 3 3 2 2 2 1 1 2 4 4 4
 18 18 14 16 16 16 14 14 12 12 3 3 3 3 2 2 2 2 3 3 3 2 0 0 0 0 1 2 2 2 4 4 4 4 3 3 3 2 2 2 1 1 2 4 4 4
 4 4 6 4 4 3 4 4 3 3 2 2 2 2 2 2 2 2 1 1 1 1 0 0 0 0 1 2 2 2 4 4 7 7 8 6 6 5 4 4 3 3 2 2 2 2
 4 4 3 2 2 3 4 4 3 3 2 1 1 1 2 2 2 2 2 1 1 0 0 0 0 0 0 1 1 3 5 5 9 9 11 9 9 6 4 4 3 3 2 2 2 1
 4 4 3 2 2 3 4 4 3 3 2 1 1 1 2 2 2 2 2 1 1 0 0 0 0 0 0 1 1 3 5 5 9 9 11 9 9 6 4 4 3 3 2 2 2 1
 4 4 5 5 5 5 5 5 6 6 2 2 2 2 1 1 3 3 4 2 2 1 0 0 0 0 1 1 1 2 4 4 10 10 12 8 8 5 2 2 1 1 0 0 0 0
 4 4 5 5 5 5 5 5 6 6 2 2 2 2 1 1 3 3 4 2 2 1 0 0 0 0 1 1 1 2 4 4 10 10 12 8 8 5 2 2 1 1 0 0 0 0
 5 5 5 4 4 6 6 6 5 5 1 3 3 2 1 1 2 2 2 1 1 0 1 1 2 2 3 4 4 1 2 2 5 5 6 3 3 2 1 1 1 1 1 0 0 0
 5 5 4 4 4 1 1 1 1 1 1 2 2 3 1 1 1 1 1 1 1 1 2 2 2 2 3 2 2 1 1 1 2 2 3 4 4 5 4 4 2 2 1 1 1 0
 5 5 4 4 4 1 1 1 1 1 1 2 2 3 1 1 1 1 1 1 1 1 2 2 2 2 3 2 2 1 1 1 2 2 3 4 4 5 4 4 2 2 1 1 1 0
 5 5 4 4 4 1 2 2 3 3 3 3 3 3 2 2 1 1 1 1 1 3 2 2 1 1 0 0 0 1 1 1 3 3 7 10 10 11 7 7 8 8 6 3 3 1
 5 5 6 5 5 3 6 6 7 7 6 6 6 5 3 3 2 2 2 1 1 2 2 2 2 2 1 0 0 1 3 3 11 11 19 20 20 14 7 7 3 3 6 1 1 1
 5 5 6 5 5 3 6 6 7 7 6 6 6 5 3 3 2 2 2 1 1 2 2 2 2 2 1 0 0 1 3 3 11 11 19 20 20 14 7 7 3 3 6 1 1 1
 7 7 8 9 9 9 14 14 13 13 9 6 6 5 2 2 2 2 1 1 1 2 6 6 6 6 1 0 0 2 7 7 18 18 26 26 26 15 6 6 2 2 0 0 0 0
 7 7 8 9 9 9 14 14 13 13 9 6 6 5 2 2 2 2 1 1 1 2 6 6 6 6 1 0 0 2 7 7 18 18 26 26 26 15 6 6 2 2 0 0 0 0
 9 9 11 14 14 15 18 18 14 14 8 5 5 4 2 2 2 2 2 0 0 1 3 3 3 3 0 0 0 2 9 9 20 20 23 20 20 12 5 5 1 1 0 0 0 0
 8 8 11 14 14 18 18 18 11 11 7 4 4 3 2 2 2 2 2 1 1 1 1 1 1 1 0 0 0 2 10 10 20 20 21 16 16 10 3 3 0 0 0 1 1 1
 8 8 11 14 14 18 18 18 11 11 7 4 4 3 2 2 2 2 2 1 1 1 1 1 1 1 0 0 0 2 10 10 20 20 21 16 16 10 3 3 0 0 0 1 1 1
 8 8 9 11 11 17 17 17 11 11 8 6 6 5 3 3 2 2 2 1 1 0 0 0 1 1 0 0 0 1 7 7 17 17 19 14 14 9 2 2 0 0 0 0 0 0
 9 9 10 9 9 14 15 15 13 13 8 7 7 6 3 3 2 2 3 1 1 0 0 0 1 1 1 0 0 0 2 2 7 7 10 9 9 5 1 1 0 0 0 0 0 0
 9 9 10 9 9 14 15 15 13 13 8 7 7 6 3 3 2 2 3 1 1 0 0 0 1 1 1 0 0 0 2 2 7 7 10 9 9 5 1 1 0 0 0 0 0 0
 7 7 7 8 8 9 11 11 8 8 9 5 5 4 2 2 1 1 3 3 3 0 0 0 1 1 1 0 0 0 0 0 1 1 2 3 3 2 1 1 0 0 0 0 0 0
 7 7 7 8 8 9 11 11 8 8 9 5 5 4 2 2 1 1 3 3 3 0 0 0 1 1 1 0 0 0 0 0 1 1 2 3 3 2 1 1 0 0 0 0 0 0
 8 8 10 10 10 10 12 12 7 7 9 10 10 9 2 2 1 1 5 4 4 1 1 1 1 1 0 0 0 0 0 0 0 0 1 2 2 3 2 2 1 1 1 1 1 0
 13 13 14 14 14 14 13 13 12 12 14 15 15 13 4 4 2 2 5 5 5 1 0 0 1 1 1 0 0 0 1 1 1 1 1 3 3 4 2 2 0 0 1 1 1 0
 13 13 14 14 14 14 13 13 12 12 14 15 15 13 4 4 2 2 5 5 5 1 0 0 1 1 1 0 0 0 1 1 1 1 1 3 3 4 2 2 0 0 1 1 1 0
 17 17 20 21 21 22 21 21 17 17 17 17 17 14 11 11 6 6 4 2 2 2 1 1 0 0 1 1 1 7 7 7 3 3 2 2 2 1 1 1 0 0 1 1 1 1
 29 29 30 22 22 23 22 22 19 19 13 11 11 15 13 13 6 6 6 1 1 1 2 2 1 1 1 1 1 11 7 7 6 6 5 5 5 1 1 1 1 1 1 2 2 2
 29 29 30 22 22 23 22 22 19 19 13 11 11 15 13 13 6 6 6 1 1 1 2 2 1 1 1 1 1 11 7 7 6 6 5 5 5 1 1 1 1 1 1 2 2 2
 28 28 29 31 31 32 30 30 23 23 19 9 9 12 12 12 6 6 5 1 1 1 2 2 1 1 1 1 1 13 14 14 14 14 10 5 5 2 1 1 1 1 1 2 2 4
 28 28 29 31 31 32 30 30 23 23 19 9 9 12 12 12 6 6 5 1 1 1 2 2 1 1 1 1 1 13 14 14 14 14 10 5 5 2 1 1 1 1 1 2 2 4
 32 32 33 36 36 37 29 29 22 22 18 12 12 10 10 10 10 10 10 2 2 1 2 2 1 1 2 2 2 14 22 22 24 24 11 3 3 3 2 2 2 2 2 6 6 12
 55 55 31 35 35 36 34 34 30 30 26 21 21 20 9 9 9 9 9 1 1 1 2 2 3 3 2 2 2 14 24 24 35 35 20 10 10 10 2 2 1 1 2 32 32 24
 55 55 31 35 35 36 34 34 30 30 26 21 21 20 9 9 9 9 9 1 1 1 2 2 3 3 2 2 2 14 24 24 35 35 20 10 10 10 2 2 1 1 2 32 32 24
 42 42 46 39 39 40 39 39 51 51 25 21 21 19 8 8 8 8 1 1 1 1 1 1 2 2 2 7 7 8 23 23 24 24 21 9 9 41 19 19 18 18 18 32 32 28
 41 41 48 52 52 41 39 39 51 51 47 88 88 87 44 44 44 44 1 1 1 0 0 0 2 2 1 6 6 7 10 10 40 40 54 44 44 39 19 19 18 18 39 35 35 40
 41 41 48 52 52 41 39 39 51 51 47 88 88 87 44 44 44 44 1 1 1 0 0 0 2 2 1 6 6 7 10 10 40 40 54 44 44 39 19 19 18 18 39 35 35 40
 45 45 54 59 59 55 54 54 49 49 44 43 43 92 44 44 44 44 7 7 7 1 1 1 2 2 2 6 6 9 8 8 31 31 12 33 33 44 38 38 37 37 37 33 33 36
 45 45 54 59 59 55 54 54 49 49 44 43 43 92 44 44 44 44 7 7 7 1 1 1 2 2 2 6 6 9 8 8 31 31 12 33 33 44 38 38 37 37 37 33 33 36
 42 42 36 41 41 42 43 43 52 52 41 43 43 43 30 30 29 29 8 8 8 1 1 1 1 1 8 14 14 15 16 16 13 13 11 33 33 44 33 33 34 34 35 34 34 37
 39 39 31 35 35 39 42 42 39 39 31 30 30 21 22 22 30 30 8 7 7 1 1 1 2 2 18 19 19 16 18 18 18 18 12 19 19 33 35 35 36 36 38 10 10 6
 39 39 31 35 35 39 42 42 39 39 31 30 30 21 22 22 30 30 8 7 7 1 1 1 2 2 18 19 19 16 18 18 18 18 12 19 19 33 35 35 36 36 38 10 10 6
 29 29 21 23 23 24 16 16 16 16 6 29 29 20 20 20 6 6 5 2 2 2 0 0 2 2 18 20 20 26 18 18 23 23 13 20 20 32 31 31 29 29 31 13 13 6
 14 14 24 21 21 11 13 13 12 12 4 4 4 1 1 1 2 2 5 2 2 4 0 0 1 1 11 13 13 17 25 25 20 20 35 31 31 33 34 34 36 36 23 15 15 8
 14 14 24 21 21 11 13 13 12 12 4 4 4 1 1 1 2 2 5 2 2 4 0 0 1 1 11 13 13 17 25 25 20 20 35 31 31 33 34 34 36 36 23 15 15 8
 14 14 21 19 19 8 8 8 8 8 2 2 2 1 2 2 3 3 2 1 1 2 1 1 2 2 11 12 12 14 20 20 14 14 18 18 18 11 17 17 26 26 26 21 21 13
 14 14 21 19 19 8 8 8 8 8 2 2 2 1 2 2 3 3 2 1 1 2 1 1 2 2 11 12 12 14 20 20 14 14 18 18 18 11 17 17 26 26 26 21 21 13
 7 7 16 15 15 10 11 11 2 2 2 2 2 2 2 2 1 1 0 2 2 3 3 3 7 7 4 8 8 6 5 5 10 10 16 17 17 8 11 11 21 21 22 23 23 19
 9 9 9 15 15 11 11 11 20 20 20 5 5 4 2 2 1 1 0 2 2 2 1 1 3 3 5 10 10 10 7 7 7 7 6 10 10 4 6 6 11 11 14 16 16 21
 9 9 9 15 15 11 11 11 20 20 20 5 5 4 2 2 1 1 0 2 2 2 1 1 3 3 5 10 10 10 7 7 7 7 6 10 10 4 6 6 11 11 14 16 16 21
 13 13 11 9 9 21 22 22 30 30 29 5 5 5 2 2 2 2 2 2 2 1 1 1 3 3 3 7 7 12 13 13 10 10 7 15 15 8 8 8 9 9 9 9 9 13
 26 26 21 29 29 29 23 23 33 33 32 28 28 27 3 3 2 2 2 2 2 1 1 1 1 1 1 3 3 9 19 19 24 24 24 13 13 10 14 14 12 12 17 9 9 13
 26 26 21 29 29 29 23 23 33 33 32 28 28 27 3 3 2 2 2 2 2 1 1 1 1 1 1 3 3 9 19 19 24 24 24 13 13 10 14 14 12 12 17 9 9 13
 39 39 22 31 31 29 39 39 42 42 42 24 24 22 4 4 3 3 2 2 2 1 1 1 0 0 0 1 1 2 6 6 10 10 22 17 17 12 16 16 18 18 31 23 23 25
 39 39 22 31 31 29 39 39 42 42 42 24 24 22 4 4 3 3 2 2 2 1 1 1 0 0 0 1 1 2 6 6 10 10 22 17 17 12 16 16 18 18 31 23 23 25
 37 37 37 34 34 31 34 34 36 36 31 27 27 23 4 4 2 2 0 0 0 1 1 1 1 1 1 0 0 0 2 2 6 6 13 9 9 12 7 7 13 13 38 41 41 36
 44 44 46 42 42 37 39 39 39 39 29 26 26 4 2 2 1 1 0 0 0 1 1 1 1 1 1 0 0 2 1 1 2 2 2 2 2 5 3 3 11 11 35 45 45 43
 44 44 46 42 42 37 39 39 39 39 29 26 26 4 2 2 1 1 0 0 0 1 1 1 1 1 1 0 0 2 1 1 2 2 2 2 2 5 3 3 11 11 35 45 45 43
 50 50 52 47 47 43 37 37 34 34 20 26 26 5 2 2 0 0 0 0 0 1 3 3 1 1 1 1 1 3 2 2 1 1 0 1 1 4 3 3 9 9 29 31 31 29
 49 49 52 48 48 45 37 37 31 31 16 17 17 4 3 3 0 0 1 2 2 2 2 2 2 2 1 1 1 2 3 3 1 1 1 1 1 3 3 3 5 5 18 21 21 17
 49 49 52 48 48 45 37 37 31 31 16 17 17 4 3 3 0 0 1 2 2 2 2 2 2 2 1 1 1 2 3 3 1 1 1 1 1 3 3 3 5 5 18 21 21 17
 45 45 51 46 46 42 36 36 31 31 28 27 27 4 2 2 0 0 1 2 2 3 2 2 1 1 1 1 1 2 3 3 2 2 1 1 1 2 3 3 4 4 9 11 11 7
 45 45 51 46 46 42 36 36 31 31 28 27 27 4 2 2 0 0 1 2 2 3 2 2 1 1 1 1 1 2 3 3 2 2 1 1 1 2 3 3 4 4 9 11 11 7
 40 40 49 44 44 38 32 32 6 6 27 27 27 3 3 3 2 2 2 1 1 2 4 4 1 1 1 1 1 2 3 3 3 3 2 2 2 3 5 5 5 5 8 8 8 9
 36 36 50 49 49 36 31 31 5 5 4 4 4 3 4 4 4 4 1 0 0 1 2 2 2 2 1 1 1 1 3 3 4 4 3 2 2 4 7 7 10 10 10 21 21 14
 36 36 50 49 49 36 31 31 5 5 4 4 4 3 4 4 4 4 1 0 0 1 2 2 2 2 1 1 1 1 3 3 4 4 3 2 2 4 7 7 10 10 10 21 21 14
 42 42 44 44 44 32 29 29 8 8 8 1 1 5 5 5 6 6 1 1 1 1 2 2 2 2 3 2 2 1 3 3 7 7 6 13 13 13 29 29 18 18 11 21 21 20
 46 46 48 50 50 42 39 39 8 8 7 1 1 2 5 5 5 5 3 1 1 1 2 2 2 2 2 1 1 1 2 2 9 9 10 14 14 20 28 28 27 27 31 45 45 39
