assets/RAT_results_old/precipitation/2023-07-03_IMERG.asc
ncols        46
nrows        77
xllcorner    74.800261325624
yllcorner    8.058333333333
cellsize     0.062500000000
NODATA_value -9999
 17 17 11 9 9 3 3 3 1 1 1 1 1 1 1 1 1 1 0 0 0 0 0 0 1 1 1 2 2 3 4 4 4 4 4 4 4 6 7 7 6 6 2 1 1 1
 25 25 23 13 13 7 4 4 1 1 1 1 1 1 0 0 1 1 1 0 0 0 0 0 0 0 1 1 1 2 3 3 3 3 3 3 3 4 7 7 7 7 4 2 2 3
 25 25 23 13 13 7 4 4 1 1 1 1 1 1 0 0 1 1 1 0 0 0 0 0 0 0 1 1 1 2 3 3 3 3 3 3 3 4 7 7 7 7 4 2 2 3
 23 23 23 16 16 12 7 7 3 3 1 1 1 1 1 1 1 1 2 1 1 1 0 0 0 0 0 0 0 1 1 1 2 2 3 4 4 4 4 4 4 4 4 13 13 3
 29 29 20 15 15 11 6 6 7 7 1 2 2 2 1 1 2 2 3 2 2 1 1 1 0 0 0 0 0 0 0 0 1 1 1 1 1 1 2 2 2 2 11 11 11 4
 29 29 20 15 15 11 6 6 7 7 1 2 2 2 1 1 2 2 3 2 2 1 1 1 0 0 0 0 0 0 0 0 1 1 1 1 1 1 2 2 2 2 11 11 11 4
 33 33 23 17 17 10 12 12 11 11 9 7 7 1 1 1 2 2 1 1 1 0 0 0 0 0 0 0 0 0 0 0 0 0 0 0 0 1 1 1 1 1 1 7 7 5
 33 33 23 17 17 10 12 12 11 11 9 7 7 1 1 1 2 2 1 1 1 0 0 0 0 0 0 0 0 0 0 0 0 0 0 0 0 1 1 1 1 1 1 7 7 5
 39 39 24 23 23 12 8 8 9 9 6 4 4 1 1 1 1 1 0 0 0 0 0 0 0 0 0 0 0 1 1 1 1 1 1 1 1 1 1 1 1 1 2 8 8 7
 53 53 38 33 33 19 11 11 13 13 6 5 5 2 1 1 1 1 0 0 0 0 1 1 1 1 1 1 1 1 1 1 1 1 1 1 1 1 1 1 1 1 2 6 6 6
 53 53 38 33 33 19 11 11 13 13 6 5 5 2 1 1 1 1 0 0 0 0 1 1 1 1 1 1 1 1 1 1 1 1 1 1 1 1 1 1 1 1 2 6 6 6
 36 36 37 42 42 20 21 21 18 18 10 7 7 5 1 1 1 1 1 1 1 1 3 3 3 3 3 1 1 0 0 0 0 0 0 0 0 1 1 1 1 1 1 2 2 3
 42 42 36 55 55 29 23 23 21 21 16 6 6 4 4 4 2 2 1 1 1 1 1 1 2 2 3 1 1 0 0 0 0 0 0 0 0 0 0 0 1 1 1 1 1 1
 42 42 36 55 55 29 23 23 21 21 16 6 6 4 4 4 2 2 1 1 1 1 1 1 2 2 3 1 1 0 0 0 0 0 0 0 0 0 0 0 1 1 1 1 1 1
 78 78 28 31 31 35 34 34 32 32 15 4 4 4 4 4 1 1 1 2 2 1 0 0 1 1 1 0 0 0 0 0 0 0 0 0 0 1 1 1 1 1 1 0 0 1
 78 78 28 31 31 35 34 34 32 32 15 4 4 4 4 4 1 1 1 2 2 1 0 0 1 1 1 0 0 0 0 0 0 0 0 0 0 1 1 1 1 1 1 0 0 1
 84 84 43 45 45 42 25 25 31 31 18 13 13 7 5 5 8 8 5 1 1 3 0 0 1 1 1 1 1 1 1 1 1 1 1 1 1 2 2 2 2 2 2 1 1 1
 115 115 97 30 30 33 22 22 20 20 10 9 9 3 5 5 7 7 4 4 4 3 1 1 1 1 1 1 1 2 2 2 2 2 3 4 4 6 6 6 5 5 5 4 4 6
 115 115 97 30 30 33 22 22 20 20 10 9 9 3 5 5 7 7 4 4 4 3 1 1 1 1 1 1 1 2 2 2 2 2 3 4 4 6 6 6 5 5 5 4 4 6
 86 86 75 26 26 29 21 21 15 15 15 3 3 3 4 4 6 6 4 3 3 2 1 1 1 1 1 1 1 2 2 2 2 2 2 2 2 2 2 2 2 2 2 2 2 2
 83 83 71 48 48 44 29 29 28 28 20 13 13 5 4 4 3 3 2 1 1 1 1 1 1 1 1 1 1 1 1 1 0 0 0 0 0 1 1 1 1 1 1 1 1 1
 83 83 71 48 48 44 29 29 28 28 20 13 13 5 4 4 3 3 2 1 1 1 1 1 1 1 1 1 1 1 1 1 0 0 0 0 0 1 1 1 1 1 1 1 1 1
 90 90 71 75 75 66 55 55 33 33 21 20 20 12 8 8 8 8 5 5 5 9 5 5 1 1 3 5 5 3 2 2 1 1 1 0 0 1 1 1 2 2 2 2 2 2
 90 90 71 75 75 66 55 55 33 33 21 20 20 12 8 8 8 8 5 5 5 9 5 5 1 1 3 5 5 3 2 2 1 1 1 0 0 1 1 1 2 2 2 2 2 2
 93 93 113 119 119 114 72 72 32 32 25 15 15 17 13 13 13 13 10 8 8 5 3 3 2 2 3 4 4 3 4 4 2 2 1 1 1 1 2 2 2 2 2 2 2 2
 111 111 207 124 124 110 100 100 72 72 47 40 40 34 13 13 10 10 7 6 6 3 3 3 3 3 2 2 2 2 3 3 2 2 1 1 1 2 2 2 2 2 2 2 2 2
 111 111 207 124 124 110 100 100 72 72 47 40 40 34 13 13 10 10 7 6 6 3 3 3 3 3 2 2 2 2 3 3 2 2 1 1 1 2 2 2 2 2 2 2 2 2
 211 211 211 197 197 180 106 106 86 86 47 40 40 41 19 19 12 12 3 5 5 4 4 4 4 4 2 1 1 1 2 2 1 1 1 1 1 1 1 1 2 2 2 1 1 1
 337 337 353 291 291 290 130 130 90 90 28 26 26 19 12 12 12 12 7 5 5 3 2 2 3 3 3 2 2 1 1 1 1 1 1 1 1 1 2 2 6 6 4 1 1 1
 337 337 353 291 291 290 130 130 90 90 28 26 26 19 12 12 12 12 7 5 5 3 2 2 3 3 3 2 2 1 1 1 1 1 1 1 1 1 2 2 6 6 4 1 1 1
 149 149 379 317 317 347 168 168 142 142 43 39 39 23 14 14 14 14 14 14 14 13 7 7 4 4 6 5 5 2 2 2 1 1 1 1 1 2 2 2 2 2 2 2 2 1
 149 149 379 317 317 347 168 168 142 142 43 39 39 23 14 14 14 14 14 14 14 13 7 7 4 4 6 5 5 2 2 2 1 1 1 1 1 2 2 2 2 2 2 2 2 1
 171 171 246 270 270 368 268 268 170 170 83 46 46 47 34 34 25 25 26 14 14 22 18 18 6 6 6 7 7 4 3 3 2 2 1 1 1 1 1 1 2 2 2 2 2 1
 157 157 180 190 190 216 241 241 207 207 95 78 78 71 57 57 44 44 35 21 21 26 19 19 7 7 3 6 6 9 6 6 3 3 1 1 1 1 1 1 2 2 2 2 2 1
 157 157 180 190 190 216 241 241 207 207 95 78 78 71 57 57 44 44 35 21 21 26 19 19 7 7 3 6 6 9 6 6 3 3 1 1 1 1 1 1 2 2 2 2 2 1
 139 139 142 172 172 219 222 222 173 173 144 73 73 76 62 62 46 46 31 15 15 12 12 12 5 5 3 4 4 5 3 3 3 3 2 1 1 1 1 1 2 2 2 2 2 3
 121 121 122 149 149 234 212 212 156 156 227 90 90 72 61 61 30 30 28 24 24 13 12 12 9 9 15 11 11 4 2 2 2 2 2 2 2 3 2 2 1 1 2 3 3 3
 121 121 122 149 149 234 212 212 156 156 227 90 90 72 61 61 30 30 28 24 24 13 12 12 9 9 15 11 11 4 2 2 2 2 2 2 2 3 2 2 1 1 2 3 3 3
 103 103 111 191 191 242 194 194 205 205 271 209 209 58 36 36 37 37 22 23 23 20 21 21 16 16 20 18 18 8 8 8 4 4 3 3 3 4 3 3 1 1 2 2 2 2
 103 103 111 191 191 242 194 194 205 205 271 209 209 58 36 36 37 37 22 23 23 20 21 21 16 16 20 18 18 8 8 8 4 4 3 3 3 4 3 3 1 1 2 2 2 2
 91 91 114 193 193 245 220 220 235 235 245 275 275 156 68 68 69 69 39 28 28 28 36 36 39 39 40 39 39 14 12 12 9 9 9 6 6 5 3 3 2 2 3 2 2 1
 157 157 170 242 242 293 234 234 270 270 200 244 244 185 107 107 81 81 28 26 26 38 40 40 42 42 40 30 30 10 9 9 14 14 8 8 8 10 4 4 3 3 4 6 6 4
 157 157 170 242 242 293 234 234 270 270 200 244 244 185 107 107 81 81 28 26 26 38 40 40 42 42 40 30 30 10 9 9 14 14 8 8 8 10 4 4 3 3 4 6 6 4
 171 171 202 234 234 286 286 286 287 287 244 272 272 211 110 110 89 89 61 56 56 50 35 35 34 34 27 30 30 16 10 10 8 8 7 7 7 13 14 14 7 7 9 6 6 3
 215 215 167 164 164 189 143 143 153 153 143 213 213 171 103 103 84 84 63 60 60 53 40 40 45 45 36 29 29 16 8 8 5 5 5 8 8 12 14 14 11 11 8 6 6 6
 215 215 167 164 164 189 143 143 153 153 143 213 213 171 103 103 84 84 63 60 60 53 40 40 45 45 36 29 29 16 8 8 5 5 5 8 8 12 14 14 11 11 8 6 6 6
 87 87 84 111 111 98 106 106 115 115 137 112 112 100 110 110 112 112 91 45 45 45 40 40 41 41 41 32 32 18 17 17 12 12 8 10 10 12 10 10 11 11 8 4 4 4
 87 87 84 111 111 98 106 106 115 115 137 112 112 100 110 110 112 112 91 45 45 45 40 40 41 41 41 32 32 18 17 17 12 12 8 10 10 12 10 10 11 11 8 4 4 4
 67 67 76 72 72 63 53 53 52 52 58 57 57 62 92 92 91 91 74 91 91 56 36 36 41 41 34 26 26 22 19 19 17 17 11 13 13 7 5 5 3 3 3 1 1 2
 69 69 73 75 75 72 73 73 69 69 52 60 60 62 58 58 73 73 87 88 88 70 58 58 44 44 43 28 28 25 21 21 18 18 19 14 14 6 10 10 2 2 2 1 1 1
 69 69 73 75 75 72 73 73 69 69 52 60 60 62 58 58 73 73 87 88 88 70 58 58 44 44 43 28 28 25 21 21 18 18 19 14 14 6 10 10 2 2 2 1 1 1
 75 75 71 77 77 71 62 62 59 59 67 53 53 71 70 70 79 79 93 101 101 79 62 62 50 50 43 30 30 25 27 27 27 27 23 19 19 12 11 11 5 5 2 0 0 0
 76 76 79 74 74 74 78 78 78 78 77 68 68 66 99 99 103 103 117 103 103 82 67 67 62 62 66 50 50 32 30 30 27 27 27 18 18 25 20 20 6 6 6 3 3 2
 76 76 79 74 74 74 78 78 78 78 77 68 68 66 99 99 103 103 117 103 103 82 67 67 62 62 66 50 50 32 30 30 27 27 27 18 18 25 20 20 6 6 6 3 3 2
 69 69 68 80 80 88 92 92 93 93 95 101 101 108 112 112 98 98 101 130 130 107 99 99 79 79 73 63 63 41 38 38 37 37 37 33 33 31 20 20 6 6 7 2 2 2
 69 69 68 80 80 88 92 92 93 93 95 101 101 108 112 112 98 98 101 130 130 107 99 99 79 79 73 63 63 41 38 38 37 37 37 33 33 31 20 20 6 6 7 2 2 2
 77 77 83 77 77 86 90 90 104 104 107 105 105 120 132 132 143 143 145 157 157 114 90 90 82 82 65 72 72 48 36 36 37 37 39 37 37 34 19 19 7 7 7 4 4 1
 91 91 91 84 84 86 91 91 94 94 106 111 111 128 141 141 148 148 190 182 182 117 74 74 64 64 56 49 49 39 45 45 38 38 32 34 34 38 16 16 8 8 4 2 2 1
 91 91 91 84 84 86 91 91 94 94 106 111 111 128 141 141 148 148 190 182 182 117 74 74 64 64 56 49 49 39 45 45 38 38 32 34 34 38 16 16 8 8 4 2 2 1
 102 102 101 107 107 98 100 100 106 106 95 92 92 101 114 114 151 151 173 94 94 93 77 77 69 69 52 47 47 44 41 41 37 37 31 30 30 34 20 20 11 11 4 1 1 1
 106 106 115 94 94 101 93 93 82 82 75 82 82 90 93 93 103 103 106 87 87 84 68 68 54 54 50 54 54 48 47 47 40 40 35 21 21 24 26 26 14 14 5 3 3 3
 106 106 115 94 94 101 93 93 82 82 75 82 82 90 93 93 103 103 106 87 87 84 68 68 54 54 50 54 54 48 47 47 40 40 35 21 21 24 26 26 14 14 5 3 3 3
 104 104 92 98 98 95 86 86 80 80 75 77 77 79 80 80 92 92 98 90 90 87 90 90 46 46 46 41 41 31 44 44 36 36 28 23 23 23 17 17 15 15 6 3 3 6
 104 104 92 98 98 95 86 86 80 80 75 77 77 79 80 80 92 92 98 90 90 87 90 90 46 46 46 41 41 31 44 44 36 36 28 23 23 23 17 17 15 15 6 3 3 6
 101 101 95 97 97 75 68 68 66 66 71 71 71 70 72 72 80 80 82 72 72 71 70 70 41 41 40 37 37 37 37 37 29 29 20 21 21 21 19 19 15 15 11 7 7 3
 98 98 99 93 93 69 55 55 57 57 57 60 60 62 65 65 66 66 63 54 54 62 62 62 57 57 54 31 31 40 43 43 39 39 25 24 24 19 16 16 17 17 12 9 9 5
 98 98 99 93 93 69 55 55 57 57 57 60 60 62 65 65 66 66 63 54 54 62 62 62 57 57 54 31 31 40 43 43 39 39 25 24 24 19 16 16 17 17 12 9 9 5
 130 130 109 87 87 69 56 56 51 51 53 58 58 58 77 77 78 78 76 74 74 53 50 50 55 55 57 44 44 31 33 33 27 27 25 21 21 18 14 14 13 13 12 6 6 4
 127 127 124 102 102 82 71 71 59 59 64 53 53 66 74 74 51 51 60 64 64 72 68 68 67 67 46 46 46 44 37 37 34 34 29 29 29 11 13 13 17 17 11 10 10 6
 127 127 124 102 102 82 71 71 59 59 64 53 53 66 74 74 51 51 60 64 64 72 68 68 67 67 46 46 46 44 37 37 34 34 29 29 29 11 13 13 17 17 11 10 10 6
 93 93 97 91 91 83 72 72 68 68 62 55 55 58 70 70 75 75 80 78 78 85 71 71 75 75 46 46 46 44 42 42 34 34 32 32 32 17 18 18 19 19 21 20 20 11
 93 93 97 91 91 83 72 72 68 68 62 55 55 58 70 70 75 75 80 78 78 85 71 71 75 75 46 46 46 44 42 42 34 34 32 32 32 17 18 18 19 19 21 20 20 11
 45 45 50 51 51 54 50 50 48 48 48 50 50 53 61 61 69 69 70 63 63 64 55 55 53 53 56 63 63 46 41 41 35 35 32 32 32 20 25 25 23 23 19 19 19 9
 31 31 32 31 31 28 26 26 27 27 24 23 23 24 22 22 24 24 19 18 18 17 39 39 36 36 37 37 37 24 28 28 28 28 29 30 30 24 26 26 28 28 25 21 21 23
 31 31 32 31 31 28 26 26 27 27 24 23 23 24 22 22 24 24 19 18 18 17 39 39 36 36 37 37 37 24 28 28 28 28 29 30 30 24 26 26 28 28 25 21 21 23
 23 23 24 23 23 21 20 20 21 21 18 19 19 21 21 21 24 24 18 15 15 14 12 12 12 12 11 9 9 11 15 15 15 15 14 17 17 23 35 35 31 31 26 16 16 16
 21 21 20 21 21 22 26 26 27 27 28 27 27 25 22 22 21 21 19 16 16 17 15 15 14 14 12 12 12 15 14 14 14 14 17 19 19 25 23 23 19 19 26 12 12 11
