assets/RAT_results_old/precipitation/2023-05-31_IMERG.asc
ncols        46
nrows        77
xllcorner    74.800261325624
yllcorner    8.058333333333
cellsize     0.062500000000
NODATA_value -9999
 2 2 2 5 5 7 6 6 7 7 8 7 7 10 8 8 19 19 12 11 11 0 0 0 0 0 1 17 17 18 7 7 5 5 7 9 9 9 16 16 9 9 7 5 5 3
 5 5 4 5 5 6 6 6 8 8 11 8 8 4 3 3 2 2 1 1 1 0 0 0 1 1 0 1 1 2 4 4 7 7 10 13 13 14 18 18 17 17 11 9 9 7
 5 5 4 5 5 6 6 6 8 8 11 8 8 4 3 3 2 2 1 1 1 0 0 0 1 1 0 1 1 2 4 4 7 7 10 13 13 14 18 18 17 17 11 9 9 7
 14 14 10 4 4 5 5 5 4 4 6 5 5 4 3 3 3 3 2 1 1 1 0 0 0 0 0 1 1 2 3 3 6 6 11 15 15 23 19 19 16 16 11 9 9 8
 15 15 10 2 2 2 4 4 6 6 4 4 4 4 5 5 5 5 4 2 2 1 1 1 0 0 0 1 1 3 4 4 5 5 11 14 14 23 20 20 17 17 11 9 9 9
 15 15 10 2 2 2 4 4 6 6 4 4 4 4 5 5 5 5 4 2 2 1 1 1 0 0 0 1 1 3 4 4 5 5 11 14 14 23 20 20 17 17 11 9 9 9
 15 15 8 5 5 5 5 5 5 5 6 5 5 5 7 7 8 8 6 3 3 2 1 1 0 0 0 1 1 3 5 5 13 13 15 17 17 29 25 25 18 18 15 8 8 9
 15 15 8 5 5 5 5 5 5 5 6 5 5 5 7 7 8 8 6 3 3 2 1 1 0 0 0 1 1 3 5 5 13 13 15 17 17 29 25 25 18 18 15 8 8 9
 17 17 11 4 4 6 9 9 13 13 12 10 10 9 10 10 11 11 9 5 5 3 1 1 1 1 0 0 0 18 18 18 22 22 23 21 21 25 24 24 18 18 16 8 8 9
 22 22 17 10 10 1 6 6 17 17 24 20 20 16 14 14 15 15 16 10 10 5 2 2 1 1 1 1 1 18 18 18 25 25 27 32 32 34 21 21 17 17 16 11 11 9
 22 22 17 10 10 1 6 6 17 17 24 20 20 16 14 14 15 15 16 10 10 5 2 2 1 1 1 1 1 18 18 18 25 25 27 32 32 34 21 21 17 17 16 11 11 9
 24 24 19 8 8 1 2 2 10 10 24 28 28 25 19 19 21 21 20 15 15 10 3 3 2 2 1 11 11 17 17 17 31 31 32 45 45 45 31 31 16 16 11 11 11 4
 20 20 9 8 8 1 1 1 8 8 22 30 30 28 24 24 26 26 22 18 18 12 5 5 3 3 2 3 3 10 9 9 27 27 32 45 45 45 30 30 29 29 12 12 12 4
 20 20 9 8 8 1 1 1 8 8 22 30 30 28 24 24 26 26 22 18 18 12 5 5 3 3 2 3 3 10 9 9 27 27 32 45 45 45 30 30 29 29 12 12 12 4
 14 14 5 6 6 1 3 3 7 7 18 25 25 28 24 24 22 22 22 19 19 14 8 8 5 5 3 11 11 11 29 29 29 29 29 45 45 45 39 39 38 38 12 12 12 2
 14 14 5 6 6 1 3 3 7 7 18 25 25 28 24 24 22 22 22 19 19 14 8 8 5 5 3 11 11 11 29 29 29 29 29 45 45 45 39 39 38 38 12 12 12 2
 12 12 1 2 2 1 3 3 7 7 15 22 22 25 21 21 20 20 20 22 22 20 15 15 9 9 5 9 9 10 17 17 17 17 59 58 58 43 39 39 38 38 11 12 12 2
 9 9 8 5 5 5 5 5 7 7 14 18 18 23 22 22 22 22 26 29 29 28 25 25 16 16 7 7 7 12 14 14 18 18 59 57 57 41 40 40 5 5 5 4 4 1
 9 9 8 5 5 5 5 5 7 7 14 18 18 23 22 22 22 22 26 29 29 28 25 25 16 16 7 7 7 12 14 14 18 18 59 57 57 41 40 40 5 5 5 4 4 1
 13 13 11 12 12 11 12 12 14 14 14 19 19 23 25 25 28 28 30 30 30 27 24 24 16 16 8 8 8 7 11 11 11 11 29 27 27 14 13 13 1 1 1 0 0 0
 13 13 17 15 15 12 14 14 16 16 20 21 21 26 30 30 40 40 28 23 23 19 15 15 10 10 6 3 3 3 9 9 12 12 8 28 28 14 13 13 1 1 1 0 0 0
 13 13 17 15 15 12 14 14 16 16 20 21 21 26 30 30 40 40 28 23 23 19 15 15 10 10 6 3 3 3 9 9 12 12 8 28 28 14 13 13 1 1 1 0 0 0
 20 20 19 17 17 16 14 14 14 14 17 18 18 16 19 19 25 25 21 12 12 9 9 9 7 7 4 3 3 3 7 7 9 9 8 5 5 3 2 2 1 1 0 0 0 0
 20 20 19 17 17 16 14 14 14 14 17 18 18 16 19 19 25 25 21 12 12 9 9 9 7 7 4 3 3 3 7 7 9 9 8 5 5 3 2 2 1 1 0 0 0 0
 20 20 21 20 20 18 14 14 12 12 15 19 19 9 11 11 11 11 10 5 5 3 3 3 3 3 2 2 2 2 4 4 6 6 6 4 4 3 3 3 2 2 1 0 0 0
 21 21 21 21 21 18 14 14 12 12 14 17 17 10 5 5 5 5 5 2 2 1 1 1 1 1 1 1 1 1 1 1 3 3 3 4 4 5 5 5 3 3 1 1 1 1
 21 21 21 21 21 18 14 14 12 12 14 17 17 10 5 5 5 5 5 2 2 1 1 1 1 1 1 1 1 1 1 1 3 3 3 4 4 5 5 5 3 3 1 1 1 1
 20 20 19 20 20 11 11 11 14 14 14 15 15 14 12 12 3 3 3 2 2 2 0 0 0 0 0 0 0 0 1 1 1 1 1 3 3 4 5 5 5 5 3 3 3 3
 19 19 16 14 14 12 13 13 15 15 20 16 16 18 16 16 21 21 3 2 2 3 2 2 0 0 0 0 0 0 1 1 1 1 1 2 2 5 6 6 5 5 5 5 5 4
 19 19 16 14 14 12 13 13 15 15 20 16 16 18 16 16 21 21 3 2 2 3 2 2 0 0 0 0 0 0 1 1 1 1 1 2 2 5 6 6 5 5 5 5 5 4
 13 13 13 11 11 14 17 17 17 17 21 21 21 17 15 15 24 24 20 14 14 10 9 9 3 3 0 0 0 0 1 1 1 1 1 2 2 6 8 8 9 9 8 9 9 6
 13 13 13 11 11 14 17 17 17 17 21 21 21 17 15 15 24 24 20 14 14 10 9 9 3 3 0 0 0 0 1 1 1 1 1 2 2 6 8 8 9 9 8 9 9 6
 10 10 10 8 8 13 14 14 27 27 22 23 23 30 30 30 41 41 26 17 17 9 9 9 2 2 2 2 2 2 1 1 1 1 1 1 1 5 9 9 11 11 10 13 13 8
 9 9 9 10 10 14 17 17 21 21 17 10 10 25 28 28 29 29 26 17 17 17 2 2 2 2 2 2 2 0 1 1 1 1 1 1 1 2 6 6 8 8 11 13 13 11
 9 9 9 10 10 14 17 17 21 21 17 10 10 25 28 28 29 29 26 17 17 17 2 2 2 2 2 2 2 0 1 1 1 1 1 1 1 2 6 6 8 8 11 13 13 11
 9 9 11 14 14 16 18 18 16 16 14 13 13 27 23 23 21 21 23 23 23 23 3 3 3 3 3 2 2 1 1 1 2 2 4 1 1 2 4 4 6 6 9 10 10 11
 12 12 13 13 13 16 19 19 19 19 16 16 16 22 16 16 22 22 9 24 24 25 7 7 6 6 6 5 5 2 2 2 2 2 4 9 9 2 3 3 4 4 7 9 9 12
 12 12 13 13 13 16 19 19 19 19 16 16 16 22 16 16 22 22 9 24 24 25 7 7 6 6 6 5 5 2 2 2 2 2 4 9 9 2 3 3 4 4 7 9 9 12
 12 12 13 12 12 16 19 19 20 20 18 18 18 21 17 17 10 10 10 17 17 18 8 8 8 8 10 13 13 5 4 4 11 11 10 10 10 9 3 3 4 4 7 8 8 10
 12 12 13 12 12 16 19 19 20 20 18 18 18 21 17 17 10 10 10 17 17 18 8 8 8 8 10 13 13 5 4 4 11 11 10 10 10 9 3 3 4 4 7 8 8 10
 11 11 14 14 14 16 16 16 16 16 17 18 18 14 10 10 10 10 10 16 16 10 13 13 12 12 17 15 15 10 7 7 13 13 13 13 13 17 17 17 5 5 7 8 8 10
 9 9 11 13 13 15 13 13 15 15 17 13 13 9 10 10 9 9 11 12 12 13 15 15 14 14 15 13 13 12 11 11 17 17 13 14 14 16 17 17 5 5 7 8 8 9
 9 9 11 13 13 15 13 13 15 15 17 13 13 9 10 10 9 9 11 12 12 13 15 15 14 14 15 13 13 12 11 11 17 17 13 14 14 16 17 17 5 5 7 8 8 9
 8 8 10 12 12 13 12 12 14 14 16 13 13 9 8 8 10 10 10 10 10 14 16 16 16 16 17 15 15 14 14 14 11 11 7 12 12 7 9 9 5 5 8 9 9 9
 8 8 12 12 12 12 11 11 13 13 15 15 15 11 13 13 13 13 13 13 13 10 17 17 16 16 18 17 17 15 13 13 17 17 10 12 12 3 5 5 7 7 11 13 13 11
 8 8 12 12 12 12 11 11 13 13 15 15 15 11 13 13 13 13 13 13 13 10 17 17 16 16 18 17 17 15 13 13 17 17 10 12 12 3 5 5 7 7 11 13 13 11
 9 9 10 11 11 8 8 8 10 10 12 11 11 10 12 12 15 15 15 14 14 13 14 14 20 20 18 17 17 15 13 13 14 14 11 4 4 3 5 5 6 6 12 12 12 11
 9 9 10 11 11 8 8 8 10 10 12 11 11 10 12 12 15 15 15 14 14 13 14 14 20 20 18 17 17 15 13 13 14 14 11 4 4 3 5 5 6 6 12 12 12 11
 7 7 6 6 6 4 5 5 7 7 8 7 7 7 10 10 14 14 16 17 17 16 15 15 22 22 21 21 21 20 18 18 18 18 12 5 5 3 5 5 5 5 10 11 11 10
 2 2 4 4 4 3 3 3 5 5 6 6 6 4 7 7 10 10 14 16 16 17 18 18 28 28 23 22 22 21 19 19 18 18 13 8 8 5 6 6 7 7 8 8 8 8
 2 2 4 4 4 3 3 3 5 5 6 6 6 4 7 7 10 10 14 16 16 17 18 18 28 28 23 22 22 21 19 19 18 18 13 8 8 5 6 6 7 7 8 8 8 8
 1 1 3 3 3 3 3 3 4 4 4 4 4 6 6 6 8 8 13 19 19 21 22 22 28 28 27 20 20 21 20 20 18 18 13 11 11 9 9 9 8 8 7 7 7 8
 3 3 2 1 1 2 2 2 3 3 2 2 2 5 5 5 15 15 22 23 23 25 23 23 21 21 23 19 19 20 19 19 18 18 15 11 11 12 9 9 12 12 11 7 7 10
 3 3 2 1 1 2 2 2 3 3 2 2 2 5 5 5 15 15 22 23 23 25 23 23 21 21 23 19 19 20 19 19 18 18 15 11 11 12 9 9 12 12 11 7 7 10
 3 3 2 1 1 1 2 2 3 3 2 3 3 7 25 25 26 26 20 21 21 24 24 24 21 21 21 18 18 19 20 20 21 21 15 10 10 9 6 6 9 9 12 7 7 10
 3 3 2 1 1 1 2 2 3 3 2 3 3 7 25 25 26 26 20 21 21 24 24 24 21 21 21 18 18 19 20 20 21 21 15 10 10 9 6 6 9 9 12 7 7 10
 4 4 1 0 0 0 0 0 0 0 1 3 3 7 26 26 28 28 37 41 41 45 26 26 29 29 22 20 20 18 18 18 17 17 15 12 12 10 10 10 11 11 11 6 6 9
 2 2 3 1 1 0 0 0 0 0 1 5 5 6 32 32 42 42 51 55 55 47 31 31 24 24 23 22 22 21 19 19 16 16 16 14 14 11 11 11 11 11 8 5 5 8
 2 2 3 1 1 0 0 0 0 0 1 5 5 6 32 32 42 42 51 55 55 47 31 31 24 24 23 22 22 21 19 19 16 16 16 14 14 11 11 11 11 11 8 5 5 8
 3 3 6 1 1 0 0 0 1 1 1 2 2 4 21 21 42 42 51 54 54 40 40 40 42 42 27 31 31 23 23 23 21 21 20 16 16 13 14 14 13 13 10 7 7 9
 3 3 4 2 2 2 0 0 1 1 3 2 2 2 17 17 25 25 33 66 66 68 81 81 28 28 24 30 30 22 22 22 21 21 20 16 16 12 11 11 9 9 10 12 12 13
 3 3 4 2 2 2 0 0 1 1 3 2 2 2 17 17 25 25 33 66 66 68 81 81 28 28 24 30 30 22 22 22 21 21 20 16 16 12 11 11 9 9 10 12 12 13
 8 8 6 3 3 2 0 0 1 1 3 3 3 14 16 16 11 11 18 66 66 65 72 72 42 42 44 29 29 22 22 22 20 20 19 14 14 9 10 10 8 8 12 17 17 16
 8 8 6 3 3 2 0 0 1 1 3 3 3 14 16 16 11 11 18 66 66 65 72 72 42 42 44 29 29 22 22 22 20 20 19 14 14 9 10 10 8 8 12 17 17 16
 7 7 6 3 3 3 1 1 1 1 3 3 3 8 14 14 10 10 12 42 42 47 59 59 47 47 42 23 23 28 22 22 20 20 19 14 14 10 9 9 6 6 9 13 13 13
 2 2 2 2 2 0 1 1 1 1 3 4 4 9 9 9 10 10 11 43 43 10 29 29 50 50 49 22 22 26 23 23 28 28 23 14 14 8 7 7 4 4 5 9 9 10
 2 2 2 2 2 0 1 1 1 1 3 4 4 9 9 9 10 10 11 43 43 10 29 29 50 50 49 22 22 26 23 23 28 28 23 14 14 8 7 7 4 4 5 9 9 10
 1 1 2 2 2 0 0 0 1 1 2 3 3 4 4 4 5 5 12 10 10 6 24 24 26 26 41 19 19 22 25 25 27 27 25 18 18 10 4 4 2 2 2 3 3 4
 1 1 1 1 1 1 1 1 1 1 2 5 5 4 5 5 7 7 6 50 50 10 20 20 23 23 38 20 20 23 20 20 27 27 26 19 19 12 6 6 3 3 1 1 1 1
 1 1 1 1 1 1 1 1 1 1 2 5 5 4 5 5 7 7 6 50 50 10 20 20 23 23 38 20 20 23 20 20 27 27 26 19 19 12 6 6 3 3 1 1 1 1
 1 1 1 5 5 4 10 10 1 1 2 3 3 4 4 4 70 70 62 63 63 11 8 8 28 28 66 70 70 26 17 17 19 19 21 16 16 11 8 8 4 4 1 0 0 0
 1 1 1 5 5 4 10 10 1 1 2 3 3 4 4 4 70 70 62 63 63 11 8 8 28 28 66 70 70 26 17 17 19 19 21 16 16 11 8 8 4 4 1 0 0 0
 1 1 1 5 5 3 2 2 1 1 2 2 2 3 4 4 5 5 6 5 5 8 9 9 28 28 69 74 74 70 70 70 13 13 13 11 11 7 5 5 2 2 0 0 0 0
 1 1 1 1 1 3 1 1 1 1 1 3 3 5 6 6 4 4 5 4 4 5 6 6 6 6 8 112 112 70 69 69 5 5 5 5 5 3 2 2 1 1 0 0 0 0
 1 1 1 1 1 3 1 1 1 1 1 3 3 5 6 6 4 4 5 4 4 5 6 6 6 6 8 112 112 70 69 69 5 5 5 5 5 3 2 2 1 1 0 0 0 0
 0 0 0 2 2 4 1 1 1 1 1 3 3 3 3 3 2 2 3 4 4 5 5 5 5 5 6 6 6 6 4 4 2 2 1 1 1 1 0 0 0 0 0 0 0 0
 1 1 1 5 5 3 0 0 0 0 0 1 1 2 2 2 1 1 2 3 3 4 4 4 4 4 5 5 5 3 2 2 2 2 1 1 1 1 0 0 0 0 0 0 0 0
