assets/RAT_results_old/precipitation/2023-12-08_IMERG.asc
ncols        46
nrows        77
xllcorner    74.800261325624
yllcorner    8.058333333333
cellsize     0.062500000000
NODATA_value -9999
 0 0 0 0 0 0 0 0 0 0 0 1 1 4 5 5 1 1 0 0 0 0 0 0 0 0 0 0 0 0 0 0 0 0 0 0 0 0 0 0 0 0 0 0 0 0
 0 0 0 0 0 0 5 5 0 0 3 0 0 8 5 5 0 0 0 0 0 0 0 0 0 0 0 0 0 0 0 0 0 0 0 0 0 0 0 0 0 0 0 0 0 0
 0 0 0 0 0 0 5 5 0 0 3 0 0 8 5 5 0 0 0 0 0 0 0 0 0 0 0 0 0 0 0 0 0 0 0 0 0 0 0 0 0 0 0 0 0 0
 0 0 0 0 0 0 4 4 0 0 4 4 4 6 2 2 2 2 0 0 0 0 0 0 0 0 0 0 0 0 0 0 0 0 0 0 0 0 0 0 0 0 0 0 0 0
 1 1 0 0 0 0 0 0 0 0 0 11 11 4 16 16 3 3 1 0 0 0 0 0 0 0 0 0 0 0 0 0 0 0 0 0 0 0 0 0 0 0 0 0 0 0
 1 1 0 0 0 0 0 0 0 0 0 11 11 4 16 16 3 3 1 0 0 0 0 0 0 0 0 0 0 0 0 0 0 0 0 0 0 0 0 0 0 0 0 0 0 0
 1 1 1 0 0 0 0 0 0 0 0 0 0 0 7 7 6 6 0 0 0 0 0 0 0 0 0 0 0 0 0 0 0 0 0 0 0 0 0 0 0 0 0 0 0 0
 1 1 1 0 0 0 0 0 0 0 0 0 0 0 7 7 6 6 0 0 0 0 0 0 0 0 0 0 0 0 0 0 0 0 0 0 0 0 0 0 0 0 0 0 0 0
 2 2 2 0 0 0 0 0 0 0 0 0 0 0 0 0 0 0 0 0 0 0 0 0 0 0 0 0 0 0 0 0 0 0 0 0 0 0 0 0 0 0 0 0 0 0
 1 1 2 0 0 0 0 0 0 0 0 0 0 0 0 0 0 0 0 0 0 0 0 0 0 0 0 0 0 0 0 0 0 0 0 0 0 0 0 0 0 0 0 1 1 3
 1 1 2 0 0 0 0 0 0 0 0 0 0 0 0 0 0 0 0 0 0 0 0 0 0 0 0 0 0 0 0 0 0 0 0 0 0 0 0 0 0 0 0 1 1 3
 1 1 1 4 4 0 0 0 0 0 0 0 0 0 0 0 0 0 0 0 0 0 0 0 0 0 0 0 0 0 0 0 0 0 0 0 0 0 0 0 0 0 7 12 12 14
 1 1 1 5 5 1 6 6 0 0 0 0 0 0 0 0 0 0 0 0 0 0 0 0 0 0 0 0 0 0 0 0 0 0 0 0 0 1 1 1 0 0 7 14 14 26
 1 1 1 5 5 1 6 6 0 0 0 0 0 0 0 0 0 0 0 0 0 0 0 0 0 0 0 0 0 0 0 0 0 0 0 0 0 1 1 1 0 0 7 14 14 26
 0 0 0 0 0 9 7 7 8 8 6 0 0 0 0 0 0 0 0 1 1 1 1 1 0 0 0 0 0 0 0 0 0 0 0 0 0 1 1 1 1 1 12 37 37 45
 0 0 0 0 0 9 7 7 8 8 6 0 0 0 0 0 0 0 0 1 1 1 1 1 0 0 0 0 0 0 0 0 0 0 0 0 0 1 1 1 1 1 12 37 37 45
 0 0 0 0 0 5 10 10 6 6 0 0 0 0 0 0 0 0 0 4 4 4 1 1 0 0 0 0 0 0 0 0 0 0 0 0 0 4 4 4 4 4 3 57 57 15
 0 0 0 1 1 1 4 4 0 0 2 0 0 0 0 0 0 0 0 11 11 6 1 1 1 1 0 0 0 0 0 0 0 0 0 0 0 1 4 4 9 9 5 23 23 15
 0 0 0 1 1 1 4 4 0 0 2 0 0 0 0 0 0 0 0 11 11 6 1 1 1 1 0 0 0 0 0 0 0 0 0 0 0 1 4 4 9 9 5 23 23 15
 0 0 0 0 0 0 0 0 2 2 2 0 0 0 0 0 0 0 0 1 1 2 3 3 2 2 0 0 0 2 2 2 2 2 3 2 2 3 6 6 22 22 24 15 15 1
 0 0 0 0 0 0 0 0 1 1 1 1 1 0 0 0 1 1 1 1 1 1 1 1 3 3 1 0 0 2 2 2 3 3 6 18 18 22 24 24 20 20 33 26 26 5
 0 0 0 0 0 0 0 0 1 1 1 1 1 0 0 0 1 1 1 1 1 1 1 1 3 3 1 0 0 2 2 2 3 3 6 18 18 22 24 24 20 20 33 26 26 5
 0 0 0 0 0 0 0 0 0 0 0 4 4 1 2 2 1 1 2 4 4 1 5 5 3 3 8 2 2 0 1 1 11 11 11 23 23 26 27 27 13 13 9 4 4 0
 0 0 0 0 0 0 0 0 0 0 0 4 4 1 2 2 1 1 2 4 4 1 5 5 3 3 8 2 2 0 1 1 11 11 11 23 23 26 27 27 13 13 9 4 4 0
 0 0 0 0 0 0 0 0 0 0 2 4 4 7 10 10 9 9 5 7 7 3 1 1 32 32 9 0 0 0 9 9 13 13 24 31 31 29 20 20 4 4 1 0 0 0
 0 0 0 0 0 0 0 0 1 1 3 2 2 18 12 12 9 9 6 4 4 2 1 1 5 5 2 2 2 2 23 23 33 33 37 47 47 32 10 10 3 3 0 0 0 0
 0 0 0 0 0 0 0 0 1 1 3 2 2 18 12 12 9 9 6 4 4 2 1 1 5 5 2 2 2 2 23 23 33 33 37 47 47 32 10 10 3 3 0 0 0 0
 0 0 0 0 0 0 0 0 0 0 1 6 6 32 27 27 8 8 9 6 6 1 1 1 1 1 10 10 10 2 33 33 33 33 41 83 83 37 12 12 3 3 1 0 0 0
 0 0 0 0 0 0 0 0 1 1 2 10 10 41 31 31 20 20 20 12 12 6 1 1 5 5 13 11 11 15 39 39 45 45 35 35 35 38 12 12 3 3 0 0 0 0
 0 0 0 0 0 0 0 0 1 1 2 10 10 41 31 31 20 20 20 12 12 6 1 1 5 5 13 11 11 15 39 39 45 45 35 35 35 38 12 12 3 3 0 0 0 0
 0 0 0 0 0 0 0 0 0 0 5 21 21 43 36 36 32 32 28 23 23 22 6 6 6 6 23 24 24 27 61 61 63 63 37 32 32 27 5 5 1 1 0 0 0 0
 0 0 0 0 0 0 0 0 0 0 5 21 21 43 36 36 32 32 28 23 23 22 6 6 6 6 23 24 24 27 61 61 63 63 37 32 32 27 5 5 1 1 0 0 0 0
 0 0 0 0 0 0 0 0 1 1 5 13 13 30 35 35 36 36 41 33 33 28 12 12 40 40 27 34 34 68 69 69 73 73 38 33 33 27 2 2 1 1 0 0 0 0
 0 0 0 0 0 0 0 0 1 1 2 7 7 35 31 31 44 44 39 34 34 55 32 32 46 46 36 47 47 76 80 80 104 104 49 33 33 7 2 2 1 1 2 1 1 0
 0 0 0 0 0 0 0 0 1 1 2 7 7 35 31 31 44 44 39 34 34 55 32 32 46 46 36 47 47 76 80 80 104 104 49 33 33 7 2 2 1 1 2 1 1 0
 0 0 0 0 0 0 0 0 0 0 1 8 8 57 47 47 46 46 33 32 32 67 47 47 46 46 37 55 55 63 72 72 117 117 37 34 34 8 4 4 1 1 1 0 0 1
 0 0 0 0 0 0 0 0 0 0 10 22 22 47 53 53 135 135 59 32 32 39 29 29 34 34 40 50 50 60 62 62 53 53 49 25 25 7 2 2 1 1 0 0 0 1
 0 0 0 0 0 0 0 0 0 0 10 22 22 47 53 53 135 135 59 32 32 39 29 29 34 34 40 50 50 60 62 62 53 53 49 25 25 7 2 2 1 1 0 0 0 1
 0 0 0 0 0 0 0 0 0 0 9 21 21 52 54 54 55 55 56 34 34 39 35 35 29 29 35 31 31 39 43 43 36 36 30 27 27 23 2 2 0 0 0 5 5 0
 0 0 0 0 0 0 0 0 0 0 9 21 21 52 54 54 55 55 56 34 34 39 35 35 29 29 35 31 31 39 43 43 36 36 30 27 27 23 2 2 0 0 0 5 5 0
 0 0 0 0 0 1 1 1 2 2 6 16 16 53 55 55 58 58 61 38 38 38 25 25 24 24 25 17 17 18 25 25 27 27 21 28 28 20 6 6 0 0 5 14 14 11
 0 0 0 1 1 2 2 2 3 3 5 13 13 52 57 57 63 63 46 43 43 43 31 31 23 23 18 10 10 11 12 12 31 31 23 7 7 7 7 7 27 27 34 57 57 27
 0 0 0 1 1 2 2 2 3 3 5 13 13 52 57 57 63 63 46 43 43 43 31 31 23 23 18 10 10 11 12 12 31 31 23 7 7 7 7 7 27 27 34 57 57 27
 1 1 0 1 1 3 2 2 3 3 7 29 29 39 55 55 59 59 40 40 40 39 30 30 28 28 15 3 3 4 11 11 8 8 5 12 12 13 31 31 43 43 57 61 61 47
 1 1 1 3 3 6 4 4 2 2 3 27 27 34 41 41 42 42 35 34 34 29 28 28 22 22 14 2 2 4 12 12 17 17 8 16 16 22 37 37 45 45 43 43 43 49
 1 1 1 3 3 6 4 4 2 2 3 27 27 34 41 41 42 42 35 34 34 29 28 28 22 22 14 2 2 4 12 12 17 17 8 16 16 22 37 37 45 45 43 43 43 49
 1 1 2 4 4 11 12 12 5 5 2 18 18 23 28 28 41 41 31 28 28 25 21 21 18 18 4 3 3 4 7 7 11 11 3 4 4 12 12 12 13 13 25 37 37 37
 1 1 2 4 4 11 12 12 5 5 2 18 18 23 28 28 41 41 31 28 28 25 21 21 18 18 4 3 3 4 7 7 11 11 3 4 4 12 12 12 13 13 25 37 37 37
 2 2 2 5 5 11 16 16 14 14 5 13 13 21 25 25 28 28 26 26 26 14 18 18 17 17 6 10 10 8 9 9 7 7 1 2 2 7 4 4 6 6 3 7 7 9
 4 4 3 7 7 13 18 18 18 18 8 7 7 9 11 11 12 12 13 15 15 49 43 43 17 17 15 14 14 19 33 33 12 12 3 0 0 2 2 2 3 3 3 7 7 8
 4 4 3 7 7 13 18 18 18 18 8 7 7 9 11 11 12 12 13 15 15 49 43 43 17 17 15 14 14 19 33 33 12 12 3 0 0 2 2 2 3 3 3 7 7 8
 3 3 2 7 7 12 13 13 9 9 4 7 7 8 11 11 12 12 11 10 10 45 44 44 51 51 58 40 40 48 48 48 17 17 4 6 6 5 15 15 13 13 12 6 6 6
 4 4 2 4 4 6 6 6 3 3 1 3 3 7 12 12 13 13 12 10 10 78 77 77 52 52 55 36 36 42 58 58 23 23 10 5 5 12 25 25 22 22 10 9 9 4
 4 4 2 4 4 6 6 6 3 3 1 3 3 7 12 12 13 13 12 10 10 78 77 77 52 52 55 36 36 42 58 58 23 23 10 5 5 12 25 25 22 22 10 9 9 4
 8 8 5 3 3 4 3 3 1 1 1 5 5 7 12 12 14 14 12 10 10 9 258 258 78 78 77 33 33 34 37 37 43 43 9 7 7 11 24 24 31 31 10 10 10 6
 8 8 5 3 3 4 3 3 1 1 1 5 5 7 12 12 14 14 12 10 10 9 258 258 78 78 77 33 33 34 37 37 43 43 9 7 7 11 24 24 31 31 10 10 10 6
 5 5 6 6 6 5 3 3 1 1 1 3 3 9 11 11 13 13 13 11 11 10 259 259 83 83 80 63 63 68 47 47 41 41 8 6 6 10 25 25 26 26 11 9 9 5
 6 6 2 5 5 6 4 4 4 4 3 4 4 8 10 10 12 12 13 12 12 10 157 157 157 157 83 66 66 70 23 23 12 12 1 0 0 5 18 18 20 20 12 14 14 0
 6 6 2 5 5 6 4 4 4 4 3 4 4 8 10 10 12 12 13 12 12 10 157 157 157 157 83 66 66 70 23 23 12 12 1 0 0 5 18 18 20 20 12 14 14 0
 12 12 4 5 5 5 5 5 3 3 4 7 7 7 8 8 10 10 12 12 12 10 155 155 59 59 37 39 39 34 27 27 16 16 2 0 0 0 1 1 1 1 0 5 5 1
 11 11 6 5 5 4 7 7 5 5 2 4 4 7 6 6 9 9 13 11 11 9 59 59 59 59 35 35 35 10 12 12 5 5 1 0 0 0 0 0 0 0 0 3 3 4
 11 11 6 5 5 4 7 7 5 5 2 4 4 7 6 6 9 9 13 11 11 9 59 59 59 59 35 35 35 10 12 12 5 5 1 0 0 0 0 0 0 0 0 3 3 4
 4 4 6 5 5 4 6 6 5 5 1 2 2 3 3 3 5 5 7 7 7 7 6 6 34 34 16 15 15 6 7 7 1 1 0 1 1 3 1 1 0 0 0 2 2 7
 4 4 6 5 5 4 6 6 5 5 1 2 2 3 3 3 5 5 7 7 7 7 6 6 34 34 16 15 15 6 7 7 1 1 0 1 1 3 1 1 0 0 0 2 2 7
 2 2 5 6 6 7 8 8 7 7 3 2 2 3 2 2 2 2 3 4 4 4 3 3 32 32 15 11 11 4 8 8 5 5 2 6 6 14 4 4 0 0 0 1 1 8
 3 3 5 7 7 9 13 13 14 14 14 6 6 1 1 1 1 1 1 2 2 2 2 2 14 14 20 16 16 6 3 3 4 4 2 3 3 5 1 1 0 0 0 1 1 4
 3 3 5 7 7 9 13 13 14 14 14 6 6 1 1 1 1 1 1 2 2 2 2 2 14 14 20 16 16 6 3 3 4 4 2 3 3 5 1 1 0 0 0 1 1 4
 3 3 6 4 4 3 4 4 6 6 6 4 4 2 1 1 0 0 1 1 1 1 3 3 9 9 14 11 11 5 3 3 4 4 3 1 1 1 0 0 0 0 0 0 0 1
 3 3 7 8 8 6 13 13 7 7 4 4 4 1 1 1 1 1 1 1 1 2 5 5 15 15 13 4 4 2 1 1 1 1 5 3 3 5 4 4 2 2 0 1 1 3
 3 3 7 8 8 6 13 13 7 7 4 4 4 1 1 1 1 1 1 1 1 2 5 5 15 15 13 4 4 2 1 1 1 1 5 3 3 5 4 4 2 2 0 1 1 3
 4 4 5 6 6 16 20 20 14 14 8 4 4 1 2 2 1 1 1 1 1 1 3 3 9 9 9 3 3 1 1 1 1 1 3 19 19 19 9 9 6 6 1 2 2 7
 4 4 5 6 6 16 20 20 14 14 8 4 4 1 2 2 1 1 1 1 1 1 3 3 9 9 9 3 3 1 1 1 1 1 3 19 19 19 9 9 6 6 1 2 2 7
 9 9 5 4 4 5 6 6 5 5 4 2 2 1 1 1 1 1 1 2 2 1 1 1 2 2 3 2 2 1 2 2 2 2 7 13 13 23 13 13 5 5 3 1 1 2
 10 10 7 4 4 3 7 7 7 7 4 2 2 1 0 0 0 0 1 1 1 1 1 1 1 1 1 1 1 3 6 6 4 4 4 3 3 9 11 11 6 6 7 0 0 1
 10 10 7 4 4 3 7 7 7 7 4 2 2 1 0 0 0 0 1 1 1 1 1 1 1 1 1 1 1 3 6 6 4 4 4 3 3 9 11 11 6 6 7 0 0 1
 4 4 5 4 4 4 11 11 12 12 15 12 12 3 1 1 0 0 1 1 1 1 1 1 1 1 1 1 1 4 7 7 7 7 6 3 3 1 0 0 21 21 0 0 0 0
 2 2 3 3 3 4 6 6 8 8 8 13 13 8 1 1 1 1 1 1 1 0 1 1 1 1 1 1 1 2 4 4 5 5 4 1 1 0 0 0 0 0 3 0 0 0
