assets/RAT_results_old/precipitation/2023-07-01_IMERG.asc
ncols        46
nrows        77
xllcorner    74.800261325624
yllcorner    8.058333333333
cellsize     0.062500000000
NODATA_value  -9999
[rows 38 to 56 of 77, columns 0 to 43 of 46]
7.5 7.5 6.5500000000000007105 5.6500000000000003553 5.6500000000000003553 10 10.600000000000001421 10.600000000000001421 15.550000000000000711 15.550000000000000711 16.400000000000002132 18.699999999999999289 18.699999999999999289 13 18.5 18.5 25.350000000000001421 25.350000000000001421 27.800000000000000711 16.300000000000000711 16.300000000000000711 11.950000000000001066 13.900000000000000355 13.900000000000000355 12.600000000000001421 12.600000000000001421 7.5500000000000007105 4.9500000000000001776 4.9500000000000001776 3.9500000000000001776 3.5500000000000002665 3.5500000000000002665 0.4500000000000000111 0.4500000000000000111 0.35000000000000003331 0.050000000000000002776 0.050000000000000002776 0.050000000000000002776 0.050000000000000002776 0.050000000000000002776 0.10000000000000000555 0.10000000000000000555 0.2000000000000000111 0.1500000000000000222
7.5 7.5 6.5500000000000007105 5.6500000000000003553 5.6500000000000003553 10 10.600000000000001421 10.600000000000001421 15.550000000000000711 15.550000000000000711 16.400000000000002132 18.699999999999999289 18.699999999999999289 13 18.5 18.5 25.350000000000001421 25.350000000000001421 27.800000000000000711 16.300000000000000711 16.300000000000000711 11.950000000000001066 13.900000000000000355 13.900000000000000355 12.600000000000001421 12.600000000000001421 7.5500000000000007105 4.9500000000000001776 4.9500000000000001776 3.9500000000000001776 3.5500000000000002665 3.5500000000000002665 0.4500000000000000111 0.4500000000000000111 0.35000000000000003331 0.050000000000000002776 0.050000000000000002776 0.050000000000000002776 0.050000000000000002776 0.050000000000000002776 0.10000000000000000555 0.10000000000000000555 0.2000000000000000111 0.1500000000000000222
8.75 8.75 7.75 6.6500000000000003553 6.6500000000000003553 5.8500000000000005329 6.9500000000000001776 6.9500000000000001776 5.2000000000000001776 5.2000000000000001776 8.3499999999999996447 10.550000000000000711 10.550000000000000711 11.600000000000001421 17.699999999999999289 17.699999999999999289 15.150000000000000355 15.150000000000000355 27.550000000000000711 18.949999999999999289 18.949999999999999289 13.700000000000001066 12.75 12.75 11.100000000000001421 11.100000000000001421 3.5500000000000002665 8.9500000000000010658 8.9500000000000010658 4.2999999999999998224 4.3500000000000005329 4.3500000000000005329 3.3500000000000000888 3.3500000000000000888 0.75 0.4500000000000000111 0.4500000000000000111 0.35000000000000003331 0.4000000000000000222 0.4000000000000000222 0.4500000000000000111 0.4500000000000000111 0.5 0.4000000000000000222
10.900000000000000355 10.900000000000000355 11.300000000000000711 8.8499999999999996447 8.8499999999999996447 8.75 9.5500000000000007105 9.5500000000000007105 11.450000000000001066 11.450000000000001066 7.4500000000000001776 15 15 19.600000000000001421 12 12 18.650000000000002132 18.650000000000002132 19.600000000000001421 16.75 16.75 13.400000000000000355 18.600000000000001421 18.600000000000001421 12.400000000000000355 12.400000000000000355 9.4500000000000010658 8.5999999999999996447 8.5999999999999996447 5.4500000000000001776 13.300000000000000711 13.300000000000000711 1.1000000000000000888 1.1000000000000000888 0.80000000000000004441 0.85000000000000008882 0.85000000000000008882 0.9000000000000000222 1.0500000000000000444 1.0500000000000000444 1.1500000000000001332 1.1500000000000001332 1.25 1.0500000000000000444
10.900000000000000355 10.900000000000000355 11.300000000000000711 8.8499999999999996447 8.8499999999999996447 8.75 9.5500000000000007105 9.5500000000000007105 11.450000000000001066 11.450000000000001066 7.4500000000000001776 15 15 19.600000000000001421 12 12 18.650000000000002132 18.650000000000002132 19.600000000000001421 16.75 16.75 13.400000000000000355 18.600000000000001421 18.600000000000001421 12.400000000000000355 12.400000000000000355 9.4500000000000010658 8.5999999999999996447 8.5999999999999996447 5.4500000000000001776 13.300000000000000711 13.300000000000000711 1.1000000000000000888 1.1000000000000000888 0.80000000000000004441 0.85000000000000008882 0.85000000000000008882 0.9000000000000000222 1.0500000000000000444 1.0500000000000000444 1.1500000000000001332 1.1500000000000001332 1.25 1.0500000000000000444
13.950000000000001066 13.950000000000001066 14.400000000000000355 15.050000000000000711 15.050000000000000711 11.550000000000000711 12.600000000000001421 12.600000000000001421 17.199999999999999289 17.199999999999999289 23.25 22.650000000000002132 22.650000000000002132 24.300000000000000711 37.25 37.25 26.75 26.75 23.550000000000000711 25.600000000000001421 25.600000000000001421 19.75 20 20 13.300000000000000711 13.300000000000000711 13.550000000000000711 13.950000000000001066 13.950000000000001066 14.25 11.800000000000000711 11.800000000000000711 3.6500000000000003553 3.6500000000000003553 2.6500000000000003553 4.6500000000000003553 4.6500000000000003553 1.1000000000000000888 1.8000000000000000444 1.8000000000000000444 1.25 1.25 1.1000000000000000888 0.95000000000000006661
13 13 17.100000000000001421 20.050000000000000711 20.050000000000000711 18.350000000000001421 15.650000000000000355 15.650000000000000355 15.300000000000000711 15.300000000000000711 30.600000000000001421 29.150000000000002132 29.150000000000002132 32.050000000000004263 42.850000000000001421 42.850000000000001421 20.600000000000001421 20.600000000000001421 22.100000000000001421 23.350000000000001421 23.350000000000001421 17.5 18.550000000000000711 18.550000000000000711 17.400000000000002132 17.400000000000002132 16.600000000000001421 16 16 10 6.8000000000000007105 6.8000000000000007105 5 5 10.950000000000001066 11.450000000000001066 11.450000000000001066 3 1.75 1.75 1.5500000000000000444 1.5500000000000000444 1.1500000000000001332 0.6500000000000000222
13 13 17.100000000000001421 20.050000000000000711 20.050000000000000711 18.350000000000001421 15.650000000000000355 15.650000000000000355 15.300000000000000711 15.300000000000000711 30.600000000000001421 29.150000000000002132 29.150000000000002132 32.050000000000004263 42.850000000000001421 42.850000000000001421 20.600000000000001421 20.600000000000001421 22.100000000000001421 23.350000000000001421 23.350000000000001421 17.5 18.550000000000000711 18.550000000000000711 17.400000000000002132 17.400000000000002132 16.600000000000001421 16 16 10 6.8000000000000007105 6.8000000000000007105 5 5 10.950000000000001066 11.450000000000001066 11.450000000000001066 3 1.75 1.75 1.5500000000000000444 1.5500000000000000444 1.1500000000000001332 0.6500000000000000222
7.4000000000000003553 7.4000000000000003553 11.100000000000001421 15.900000000000000355 15.900000000000000355 22.400000000000002132 18.400000000000002132 18.400000000000002132 20.75 20.75 24.550000000000000711 30.950000000000002842 30.950000000000002842 24 24.550000000000000711 24.550000000000000711 20.450000000000002842 20.450000000000002842 20.25 20.650000000000002132 20.650000000000002132 20.550000000000000711 14.850000000000001421 14.850000000000001421 20.350000000000001421 20.350000000000001421 17.900000000000002132 10.350000000000001421 10.350000000000001421 7.75 5.3500000000000005329 5.3500000000000005329 4.8500000000000005329 4.8500000000000005329 2.5 2.75 2.75 4.8000000000000007105 3.6500000000000003553 3.6500000000000003553 0.80000000000000004441 0.80000000000000004441 0.75 0.25
7.4000000000000003553 7.4000000000000003553 11.100000000000001421 15.900000000000000355 15.900000000000000355 22.400000000000002132 18.400000000000002132 18.400000000000002132 20.75 20.75 24.550000000000000711 30.950000000000002842 30.950000000000002842 24 24.550000000000000711 24.550000000000000711 20.450000000000002842 20.450000000000002842 20.25 20.650000000000002132 20.650000000000002132 20.550000000000000711 14.850000000000001421 14.850000000000001421 20.350000000000001421 20.350000000000001421 17.900000000000002132 10.350000000000001421 10.350000000000001421 7.75 5.3500000000000005329 5.3500000000000005329 4.8500000000000005329 4.8500000000000005329 2.5 2.75 2.75 4.8000000000000007105 3.6500000000000003553 3.6500000000000003553 0.80000000000000004441 0.80000000000000004441 0.75 0.25
5.3000000000000007105 5.3000000000000007105 8.0500000000000007105 10 10 15.200000000000001066 19.800000000000000711 19.800000000000000711 18.75 18.75 21.550000000000000711 18.25 18.25 23.650000000000002132 24.650000000000002132 24.650000000000002132 19.700000000000002842 19.700000000000002842 17.699999999999999289 18 18 18.850000000000001421 15.150000000000000355 15.150000000000000355 16.050000000000000711 16.050000000000000711 13.300000000000000711 9.7000000000000010658 9.7000000000000010658 6.4500000000000001776 6.2000000000000001776 6.2000000000000001776 5 5 2.8000000000000002665 2.5 2.5 1.3500000000000000888 3.5 3.5 0.55000000000000004441 0.55000000000000004441 0.55000000000000004441 0.050000000000000002776
5.4000000000000003553 5.4000000000000003553 6.3000000000000007105 7.6000000000000005329 7.6000000000000005329 7.9000000000000003553 11.600000000000001421 11.600000000000001421 14.75 14.75 14.25 15.450000000000001066 15.450000000000001066 11.650000000000000355 13.650000000000000355 13.650000000000000355 16.949999999999999289 16.949999999999999289 19.25 20.550000000000000711 20.550000000000000711 21.650000000000002132 18.900000000000002132 18.900000000000002132 11.700000000000001066 11.700000000000001066 8.5999999999999996447 11.5 11.5 6.6000000000000005329 8.8000000000000007105 8.8000000000000007105 8.8000000000000007105 8.8000000000000007105 1.5500000000000000444 1.5500000000000000444 1.5500000000000000444 1.4000000000000001332 1.3000000000000000444 1.3000000000000000444 0.1500000000000000222 0.1500000000000000222 0.1500000000000000222 0
5.4000000000000003553 5.4000000000000003553 6.3000000000000007105 7.6000000000000005329 7.6000000000000005329 7.9000000000000003553 11.600000000000001421 11.600000000000001421 14.75 14.75 14.25 15.450000000000001066 15.450000000000001066 11.650000000000000355 13.650000000000000355 13.650000000000000355 16.949999999999999289 16.949999999999999289 19.25 20.550000000000000711 20.550000000000000711 21.650000000000002132 18.900000000000002132 18.900000000000002132 11.700000000000001066 11.700000000000001066 8.5999999999999996447 11.5 11.5 6.6000000000000005329 8.8000000000000007105 8.8000000000000007105 8.8000000000000007105 8.8000000000000007105 1.5500000000000000444 1.5500000000000000444 1.5500000000000000444 1.4000000000000001332 1.3000000000000000444 1.3000000000000000444 0.1500000000000000222 0.1500000000000000222 0.1500000000000000222 0
5.5500000000000007105 5.5500000000000007105 5.9500000000000001776 6.6500000000000003553 6.6500000000000003553 6.8000000000000007105 7.0500000000000007105 7.0500000000000007105 10.600000000000001421 10.600000000000001421 13.600000000000001421 11.350000000000001421 11.350000000000001421 12.150000000000000355 11.950000000000001066 11.950000000000001066 13.550000000000000711 13.550000000000000711 13.950000000000001066 17.050000000000000711 17.050000000000000711 18.300000000000000711 21.450000000000002842 21.450000000000002842 16.100000000000001421 16.100000000000001421 15 12.600000000000001421 12.600000000000001421 10.350000000000001421 8.8499999999999996447 8.8499999999999996447 7.9500000000000001776 7.9500000000000001776 7.5 1.4000000000000001332 1.4000000000000001332 0.1500000000000000222 1.3500000000000000888 1.3500000000000000888 0 0 0.1500000000000000222 0
6.9500000000000001776 6.9500000000000001776 6.2000000000000001776 6.2000000000000001776 6.2000000000000001776 6.6000000000000005329 6.2000000000000001776 6.2000000000000001776 7.5 7.5 14.650000000000000355 13.800000000000000711 13.800000000000000711 12.600000000000001421 15.300000000000000711 15.300000000000000711 15.150000000000000355 15.150000000000000355 17.550000000000000711 27.600000000000001421 27.600000000000001421 24.800000000000000711 20.350000000000001421 20.350000000000001421 18.600000000000001421 18.600000000000001421 22.200000000000002842 19.600000000000001421 19.600000000000001421 14.700000000000001066 14.900000000000000355 14.900000000000000355 12.850000000000001421 12.850000000000001421 12.100000000000001421 2.4500000000000001776 2.4500000000000001776 0.1500000000000000222 0 0 0 0 0 0
6.9500000000000001776 6.9500000000000001776 6.2000000000000001776 6.2000000000000001776 6.2000000000000001776 6.6000000000000005329 6.2000000000000001776 6.2000000000000001776 7.5 7.5 14.650000000000000355 13.800000000000000711 13.800000000000000711 12.600000000000001421 15.300000000000000711 15.300000000000000711 15.150000000000000355 15.150000000000000355 17.550000000000000711 27.600000000000001421 27.600000000000001421 24.800000000000000711 20.350000000000001421 20.350000000000001421 18.600000000000001421 18.600000000000001421 22.200000000000002842 19.600000000000001421 19.600000000000001421 14.700000000000001066 14.900000000000000355 14.900000000000000355 12.850000000000001421 12.850000000000001421 12.100000000000001421 2.4500000000000001776 2.4500000000000001776 0.1500000000000000222 0 0 0 0 0 0
5.4500000000000001776 5.4500000000000001776 5.75 5.8000000000000007105 5.8000000000000007105 6.3000000000000007105 6.5 6.5 7.9000000000000003553 7.9000000000000003553 13.950000000000001066 16.800000000000000711 16.800000000000000711 19.950000000000002842 27.950000000000002842 27.950000000000002842 26 26 25.300000000000000711 28.100000000000001421 28.100000000000001421 25.650000000000002132 23 23 23.600000000000001421 23.600000000000001421 21.900000000000002132 18.699999999999999289 18.699999999999999289 15.100000000000001421 19.25 19.25 9.2000000000000010658 9.2000000000000010658 11.200000000000001066 5.25 5.25 2.8000000000000002665 0.4500000000000000111 0.4500000000000000111 0.4500000000000000111 0.4500000000000000111 0.1500000000000000222 0.2000000000000000111
5.4500000000000001776 5.4500000000000001776 5.75 5.8000000000000007105 5.8000000000000007105 6.3000000000000007105 6.5 6.5 7.9000000000000003553 7.9000000000000003553 13.950000000000001066 16.800000000000000711 16.800000000000000711 19.950000000000002842 27.950000000000002842 27.950000000000002842 26 26 25.300000000000000711 28.100000000000001421 28.100000000000001421 25.650000000000002132 23 23 23.600000000000001421 23.600000000000001421 21.900000000000002132 18.699999999999999289 18.699999999999999289 15.100000000000001421 19.25 19.25 9.2000000000000010658 9.2000000000000010658 11.200000000000001066 5.25 5.25 2.8000000000000002665 0.4500000000000000111 0.4500000000000000111 0.4500000000000000111 0.4500000000000000111 0.1500000000000000222 0.2000000000000000111
5.3000000000000007105 5.3000000000000007105 5.9500000000000001776 7.3000000000000007105 7.3000000000000007105 7.8000000000000007105 8.0999999999999996447 8.0999999999999996447 8.5999999999999996447 8.5999999999999996447 10.700000000000001066 17.100000000000001421 17.100000000000001421 19.550000000000000711 20.400000000000002132 20.400000000000002132 19.950000000000002842 19.950000000000002842 20.100000000000001421 18.550000000000000711 18.550000000000000711 18.800000000000000711 23.650000000000002132 23.650000000000002132 26.950000000000002842 26.950000000000002842 16 15.800000000000000711 15.800000000000000711 14.100000000000001421 14.300000000000000711 14.300000000000000711 15.350000000000001421 15.350000000000001421 15.650000000000000355 11.25 11.25 8.5 4.8000000000000007105 4.8000000000000007105 0.6500000000000000222 0.6500000000000000222 0.2000000000000000111 0.25
