assets/RAT_results_old/precipitation/2023-07-26_IMERG.asc
ncols        46
nrows        77
xllcorner    74.800261325624
yllcorner    8.058333333333
cellsize     0.062500000000
NODATA_value -9999
 42 42 42 48 48 43 36 36 31 31 32 30 30 38 38 38 31 31 24 23 23 22 10 10 8 8 9 10 10 10 10 10 8 8 8 8 8 8 6 6 4 4 3 2 2 2
 36 36 37 39 39 37 36 36 29 29 33 33 33 40 42 42 32 32 25 18 18 14 9 9 8 8 9 7 7 7 10 10 10 10 8 6 6 6 5 5 3 3 3 2 2 2
 36 36 37 39 39 37 36 36 29 29 33 33 33 40 42 42 32 32 25 18 18 14 9 9 8 8 9 7 7 7 10 10 10 10 8 6 6 6 5 5 3 3 3 2 2 2
 33 33 39 41 41 41 42 42 39 39 37 35 35 38 37 37 28 28 17 13 13 8 6 6 6 6 6 7 7 8 9 9 8 8 6 7 7 6 8 8 7 7 5 4 4 3
 39 39 36 34 34 35 39 39 39 39 37 31 31 35 34 34 20 20 17 13 13 9 8 8 7 7 7 8 8 10 9 9 7 7 6 7 7 8 10 10 10 10 7 6 6 3
 39 39 36 34 34 35 39 39 39 39 37 31 31 35 34 34 20 20 17 13 13 9 8 8 7 7 7 8 8 10 9 9 7 7 6 7 7 8 10 10 10 10 7 6 6 3
 40 40 37 40 40 37 37 37 32 32 34 34 34 28 24 24 16 16 13 10 10 11 10 10 9 9 8 10 10 10 9 9 9 9 7 8 8 8 8 8 8 8 7 4 4 3
 40 40 37 40 40 37 37 37 32 32 34 34 34 28 24 24 16 16 13 10 10 11 10 10 9 9 8 10 10 10 9 9 9 9 7 8 8 8 8 8 8 8 7 4 4 3
 41 41 39 37 37 32 29 29 32 32 29 36 36 35 28 28 17 17 15 11 11 11 9 9 8 8 7 10 10 10 12 12 9 9 8 7 7 8 6 6 6 6 5 2 2 4
 32 32 31 38 38 34 33 33 36 36 31 34 34 29 22 22 16 16 13 16 16 13 8 8 7 7 7 7 7 12 12 12 9 9 7 7 7 6 7 7 6 6 6 4 4 4
 32 32 31 38 38 34 33 33 36 36 31 34 34 29 22 22 16 16 13 16 16 13 8 8 7 7 7 7 7 12 12 12 9 9 7 7 7 6 7 7 6 6 6 4 4 4
 35 35 26 33 33 30 29 29 27 27 24 25 25 20 17 17 15 15 14 14 14 14 9 9 8 8 8 8 8 9 8 8 6 6 7 6 6 7 8 8 5 5 5 4 4 1
 29 29 24 30 30 29 21 21 20 20 15 14 14 15 13 13 11 11 12 11 11 11 8 8 10 10 10 8 8 5 6 6 4 4 5 5 5 6 10 10 8 8 8 3 3 3
 29 29 24 30 30 29 21 21 20 20 15 14 14 15 13 13 11 11 12 11 11 11 8 8 10 10 10 8 8 5 6 6 4 4 5 5 5 6 10 10 8 8 8 3 3 3
 12 12 20 22 22 20 21 21 20 20 19 15 15 16 14 14 12 12 11 11 11 11 6 6 8 8 7 4 4 2 3 3 4 4 5 6 6 7 12 12 6 6 5 4 4 5
 12 12 20 22 22 20 21 21 20 20 19 15 15 16 14 14 12 12 11 11 11 11 6 6 8 8 7 4 4 2 3 3 4 4 5 6 6 7 12 12 6 6 5 4 4 5
 15 15 16 13 13 20 18 18 19 19 18 19 19 13 12 12 11 11 10 10 10 8 6 6 5 5 6 5 5 3 4 4 5 5 6 7 7 7 8 8 8 8 4 3 3 3
 48 48 72 56 56 55 17 17 17 17 16 15 15 16 15 15 13 13 16 12 12 7 4 4 4 4 6 6 6 4 5 5 4 4 5 7 7 4 4 4 5 5 4 4 4 2
 48 48 72 56 56 55 17 17 17 17 16 15 15 16 15 15 13 13 16 12 12 7 4 4 4 4 6 6 6 4 5 5 4 4 5 7 7 4 4 4 5 5 4 4 4 2
 50 50 62 72 72 75 54 54 58 58 21 19 19 18 15 15 14 14 13 12 12 9 4 4 5 5 7 10 10 8 5 5 4 4 4 4 4 5 4 4 4 4 4 3 3 2
 45 45 43 69 69 70 58 58 58 58 23 18 18 16 15 15 19 19 18 9 9 8 6 6 5 5 7 8 8 6 5 5 4 4 3 3 3 5 4 4 4 4 4 4 4 2
 45 45 43 69 69 70 58 58 58 58 23 18 18 16 15 15 19 19 18 9 9 8 6 6 5 5 7 8 8 6 5 5 4 4 3 3 3 5 4 4 4 4 4 4 4 2
 12 12 41 66 66 68 66 66 28 28 28 12 12 14 14 14 13 13 14 6 6 6 5 5 4 4 7 7 7 6 7 7 5 5 2 3 3 4 4 4 2 2 2 1 1 1
 12 12 41 66 66 68 66 66 28 28 28 12 12 14 14 14 13 13 14 6 6 6 5 5 4 4 7 7 7 6 7 7 5 5 2 3 3 4 4 4 2 2 2 1 1 1
 12 12 16 13 13 24 24 24 28 28 27 11 11 11 8 8 8 8 9 5 5 4 3 3 4 4 7 7 7 7 6 6 2 2 1 3 3 3 4 4 2 2 2 0 0 0
 8 8 10 12 12 24 21 21 11 11 11 8 8 8 8 8 8 8 9 7 7 4 4 4 5 5 6 5 5 4 4 4 2 2 2 2 2 3 2 2 1 1 1 1 1 0
 8 8 10 12 12 24 21 21 11 11 11 8 8 8 8 8 8 8 9 7 7 4 4 4 5 5 6 5 5 4 4 4 2 2 2 2 2 3 2 2 1 1 1 1 1 0
 7 7 8 7 7 7 7 7 7 7 11 8 8 8 9 9 12 12 13 15 15 11 11 11 11 11 6 3 3 3 4 4 4 4 3 3 3 3 3 3 2 2 2 1 1 1
 9 9 8 7 7 6 7 7 7 7 8 9 9 10 9 9 11 11 13 15 15 10 9 9 7 7 4 3 3 4 6 6 6 6 4 3 3 3 4 4 3 3 3 2 2 1
 9 9 8 7 7 6 7 7 7 7 8 9 9 10 9 9 11 11 13 15 15 10 9 9 7 7 4 3 3 4 6 6 6 6 4 3 3 3 4 4 3 3 3 2 2 1
 8 8 7 7 7 6 6 6 7 7 9 10 10 10 12 12 11 11 9 6 6 3 3 3 3 3 3 3 3 4 7 7 5 5 4 5 5 5 6 6 5 5 4 3 3 1
 8 8 7 7 7 6 6 6 7 7 9 10 10 10 12 12 11 11 9 6 6 3 3 3 3 3 3 3 3 4 7 7 5 5 4 5 5 5 6 6 5 5 4 3 3 1
 8 8 7 6 6 5 2 2 4 4 10 11 11 9 6 6 6 6 7 4 4 4 3 3 4 4 4 3 3 5 6 6 5 5 5 7 7 8 7 7 7 7 4 2 2 1
 6 6 3 2 2 7 7 7 8 8 8 6 6 6 5 5 4 4 7 4 4 4 5 5 4 4 3 3 3 5 5 5 6 6 8 11 11 11 9 9 6 6 3 1 1 1
 6 6 3 2 2 7 7 7 8 8 8 6 6 6 5 5 4 4 7 4 4 4 5 5 4 4 3 3 3 5 5 5 6 6 8 11 11 11 9 9 6 6 3 1 1 1
 4 4 3 3 3 5 8 8 10 10 11 7 7 8 8 8 9 9 11 8 8 4 4 4 3 3 3 3 3 5 6 6 9 9 12 14 14 12 7 7 4 4 2 1 1 1
 4 4 4 5 5 6 7 7 8 8 12 11 11 15 15 15 11 11 10 7 7 3 4 4 3 3 3 4 4 7 10 10 15 15 20 12 12 8 3 3 2 2 2 2 2 1
 4 4 4 5 5 6 7 7 8 8 12 11 11 15 15 15 11 11 10 7 7 3 4 4 3 3 3 4 4 7 10 10 15 15 20 12 12 8 3 3 2 2 2 2 2 1
 5 5 5 5 5 8 8 8 10 10 11 11 11 11 15 15 12 12 11 5 5 4 4 4 4 4 4 6 6 11 16 16 20 20 19 10 10 5 3 3 3 3 3 2 2 1
 5 5 5 5 5 8 8 8 10 10 11 11 11 11 15 15 12 12 11 5 5 4 4 4 4 4 4 6 6 11 16 16 20 20 19 10 10 5 3 3 3 3 3 2 2 1
 5 5 5 6 6 7 9 9 10 10 12 13 13 13 15 15 18 18 9 11 11 6 6 6 6 6 6 10 10 15 18 18 17 17 12 7 7 6 5 5 5 5 3 2 2 1
 7 7 7 6 6 6 9 9 10 10 13 15 15 15 20 20 22 22 12 8 8 7 8 8 8 8 9 14 14 17 14 14 12 12 10 8 8 8 6 6 4 4 2 1 1 1
 7 7 7 6 6 6 9 9 10 10 13 15 15 15 20 20 22 22 12 8 8 7 8 8 8 8 9 14 14 17 14 14 12 12 10 8 8 8 6 6 4 4 2 1 1 1
 8 8 8 6 6 6 9 9 13 13 15 13 13 15 25 25 25 25 13 7 7 11 11 11 11 11 11 12 12 13 15 15 9 9 7 9 9 8 6 6 5 5 4 2 2 1
 7 7 8 6 6 5 12 12 12 12 13 12 12 19 25 25 25 25 24 11 11 8 9 9 10 10 13 10 10 11 15 15 11 11 9 11 11 8 6 6 7 7 6 3 3 1
 7 7 8 6 6 5 12 12 12 12 13 12 12 19 25 25 25 25 24 11 11 8 9 9 10 10 13 10 10 11 15 15 11 11 9 11 11 8 6 6 7 7 6 3 3 1
 6 6 6 6 6 6 10 10 12 12 12 13 13 19 27 27 29 29 18 13 13 9 5 5 10 10 9 10 10 10 11 11 10 10 12 10 10 7 5 5 8 8 6 3 3 1
 6 6 6 6 6 6 10 10 12 12 12 13 13 19 27 27 29 29 18 13 13 9 5 5 10 10 9 10 10 10 11 11 10 10 12 10 10 7 5 5 8 8 6 3 3 1
 3 3 3 4 4 5 10 10 16 16 18 16 16 19 26 26 31 31 22 10 10 9 8 8 10 10 7 9 9 12 16 16 13 13 11 7 7 5 5 5 6 6 4 1 1 1
 4 4 3 2 2 3 7 7 14 14 17 17 17 21 23 23 23 23 17 7 7 5 5 5 6 6 7 14 14 17 19 19 10 10 6 3 3 3 5 5 4 4 2 1 1 1
 4 4 3 2 2 3 7 7 14 14 17 17 17 21 23 23 23 23 17 7 7 5 5 5 6 6 7 14 14 17 19 19 10 10 6 3 3 3 5 5 4 4 2 1 1 1
 4 4 3 2 2 2 6 6 17 17 13 14 14 23 22 22 23 23 14 9 9 4 2 2 6 6 10 14 14 14 16 16 7 7 3 2 2 3 3 3 3 3 1 1 1 1
 2 2 4 5 5 4 5 5 6 6 9 7 7 20 20 20 19 19 15 5 5 3 3 3 9 9 14 13 13 10 9 9 6 6 3 1 1 2 1 1 1 1 1 1 1 1
 2 2 4 5 5 4 5 5 6 6 9 7 7 20 20 20 19 19 15 5 5 3 3 3 9 9 14 13 13 10 9 9 6 6 3 1 1 2 1 1 1 1 1 1 1 1
 2 2 3 5 5 7 6 6 5 5 6 6 6 9 13 13 13 13 11 6 6 3 7 7 13 13 10 9 9 8 6 6 5 5 3 1 1 1 0 0 1 1 1 1 1 1
 2 2 3 5 5 7 6 6 5 5 6 6 6 9 13 13 13 13 11 6 6 3 7 7 13 13 10 9 9 8 6 6 5 5 3 1 1 1 0 0 1 1 1 1 1 1
 2 2 3 4 4 5 7 7 4 4 5 8 8 9 9 9 7 7 6 6 6 7 8 8 10 10 5 6 6 6 3 3 1 1 1 1 1 1 0 0 1 1 1 1 1 0
 2 2 3 3 3 3 4 4 4 4 5 10 10 10 10 10 9 9 9 6 6 6 5 5 2 2 3 3 3 2 1 1 1 1 1 1 1 0 0 0 0 0 0 0 0 0
 2 2 3 3 3 3 4 4 4 4 5 10 10 10 10 10 9 9 9 6 6 6 5 5 2 2 3 3 3 2 1 1 1 1 1 1 1 0 0 0 0 0 0 0 0 0
 2 2 2 2 2 3 4 4 5 5 4 4 4 7 10 10 9 9 9 8 8 8 8 8 4 4 1 1 1 1 1 1 1 1 1 0 0 0 0 0 0 0 0 0 0 0
 2 2 2 3 3 3 4 4 4 4 3 3 3 4 3 3 4 4 5 8 8 7 7 7 4 4 1 1 1 1 1 1 0 0 0 0 0 0 0 0 0 0 0 1 1 1
 2 2 2 3 3 3 4 4 4 4 3 3 3 4 3 3 4 4 5 8 8 7 7 7 4 4 1 1 1 1 1 1 0 0 0 0 0 0 0 0 0 0 0 1 1 1
 3 3 2 3 3 2 2 2 2 2 2 3 3 3 2 2 4 4 5 7 7 8 7 7 7 7 7 1 1 1 2 2 0 0 0 0 0 0 0 0 0 0 1 1 1 0
 3 3 2 3 3 2 2 2 2 2 2 3 3 3 2 2 4 4 5 7 7 8 7 7 7 7 7 1 1 1 2 2 0 0 0 0 0 0 0 0 0 0 1 1 1 0
 2 2 2 2 2 2 1 1 3 3 5 3 3 3 3 3 5 5 8 7 7 8 7 7 7 7 7 1 1 2 2 2 1 1 0 0 0 0 0 0 0 0 0 0 0 0
 1 1 1 1 1 1 1 1 1 1 4 5 5 10 9 9 8 8 8 7 7 7 7 7 8 8 8 2 2 3 1 1 1 1 0 0 0 1 1 1 0 0 0 0 0 0
 1 1 1 1 1 1 1 1 1 1 4 5 5 10 9 9 8 8 8 7 7 7 7 7 8 8 8 2 2 3 1 1 1 1 0 0 0 1 1 1 0 0 0 0 0 0
 0 0 1 1 1 1 2 2 1 1 7 10 10 10 9 9 7 7 8 7 7 7 8 8 2 2 2 2 2 2 1 1 0 0 0 1 1 1 1 1 1 1 0 0 0 0
 1 1 1 1 1 1 1 1 1 1 7 11 11 11 9 9 9 9 9 8 8 7 8 8 2 2 2 1 1 1 1 1 1 1 1 1 1 1 1 1 1 1 1 0 0 0
 1 1 1 1 1 1 1 1 1 1 7 11 11 11 9 9 9 9 9 8 8 7 8 8 2 2 2 1 1 1 1 1 1 1 1 1 1 1 1 1 1 1 1 0 0 0
 1 1 1 1 1 1 1 1 2 2 3 9 9 9 10 10 10 10 9 10 10 8 7 7 3 3 3 3 3 1 1 1 1 1 1 2 2 4 2 2 1 1 1 1 1 0
 1 1 1 1 1 1 1 1 2 2 3 9 9 9 10 10 10 10 9 10 10 8 7 7 3 3 3 3 3 1 1 1 1 1 1 2 2 4 2 2 1 1 1 1 1 0
 1 1 1 1 1 1 2 2 2 2 3 3 3 8 9 9 10 10 12 11 11 8 7 7 3 3 3 3 3 2 2 2 1 1 3 2 2 5 4 4 2 2 1 1 1 1
 1 1 1 1 1 1 1 1 2 2 1 1 1 2 4 4 9 9 9 10 10 8 7 7 8 8 8 3 3 3 2 2 2 2 2 1 1 2 2 2 1 1 1 1 1 1
 1 1 1 1 1 1 1 1 2 2 1 1 1 2 4 4 9 9 9 10 10 8 7 7 8 8 8 3 3 3 2 2 2 2 2 1 1 2 2 2 1 1 1 1 1 1
 1 1 1 0 0 1 1 1 0 0 0 1 1 2 7 7 10 10 9 7 7 3 7 7 7 7 5 3 3 4 4 4 3 3 1 1 1 3 3 3 1 1 1 1 1 1
 0 0 1 0 0 0 0 0 0 0 0 1 1 1 4 4 4 4 4 2 2 2 7 7 7 7 6 3 3 3 2 2 3 3 2 1 1 2 2 2 0 0 0 6 6 7
