assets/RAT_results_old/precipitation/2023-08-10_IMERG.asc
ncols        46
nrows        77
xllcorner    74.800261325624
yllcorner    8.058333333333
cellsize     0.062500000000
NODATA_value -9999
 3 3 2 3 3 3 3 3 4 4 5 4 4 4 4 4 3 3 3 1 1 1 1 1 1 1 1 1 1 1 1 1 1 1 1 1 1 1 1 1 1 1 2 2 2 3
 9 9 10 13 13 13 12 12 18 18 24 22 22 16 13 13 13 13 11 8 8 6 6 6 6 6 7 4 4 1 0 0 1 1 1 1 1 1 1 1 1 1 2 2 2 3
 9 9 10 13 13 13 12 12 18 18 24 22 22 16 13 13 13 13 11 8 8 6 6 6 6 6 7 4 4 1 0 0 1 1 1 1 1 1 1 1 1 1 2 2 2 3
 8 8 10 14 14 15 14 14 16 16 24 27 27 20 15 15 17 17 18 15 15 14 20 20 17 17 17 10 10 3 1 1 2 2 2 2 2 2 3 3 2 2 15 18 18 24
 3 3 6 8 8 9 9 9 10 10 12 14 14 11 9 9 14 14 21 21 21 20 21 21 21 21 18 9 9 5 4 4 6 6 5 6 6 6 6 6 7 7 18 20 20 41
 3 3 6 8 8 9 9 9 10 10 12 14 14 11 9 9 14 14 21 21 21 20 21 21 21 21 18 9 9 5 4 4 6 6 5 6 6 6 6 6 7 7 18 20 20 41
 1 1 2 3 3 3 4 4 6 6 7 7 7 8 7 7 9 9 15 20 20 17 16 16 18 18 14 9 9 6 6 6 7 7 6 7 7 5 7 7 12 12 13 33 33 49
 1 1 2 3 3 3 4 4 6 6 7 7 7 8 7 7 9 9 15 20 20 17 16 16 18 18 14 9 9 6 6 6 7 7 6 7 7 5 7 7 12 12 13 33 33 49
 1 1 1 2 2 3 3 3 3 3 2 3 3 5 5 5 7 7 9 13 13 13 15 15 15 15 12 9 9 9 9 9 9 9 8 8 8 8 9 9 12 12 14 34 34 14
 2 2 2 2 2 5 4 4 4 4 3 3 3 4 5 5 6 6 7 8 8 9 11 11 13 13 11 9 9 10 12 12 11 11 8 7 7 8 8 8 7 7 8 10 10 14
 2 2 2 2 2 5 4 4 4 4 3 3 3 4 5 5 6 6 7 8 8 9 11 11 13 13 11 9 9 10 12 12 11 11 8 7 7 8 8 8 7 7 8 10 10 14
 1 1 3 3 3 2 2 2 4 4 5 5 5 7 8 8 7 7 8 8 8 10 11 11 14 14 14 11 11 11 13 13 11 11 9 8 8 8 8 8 8 8 8 8 8 10
 1 1 2 2 2 2 2 2 4 4 4 6 6 7 7 7 9 9 12 13 13 14 12 12 14 14 13 12 12 11 11 11 9 9 9 8 8 9 11 11 9 9 9 9 9 11
 1 1 2 2 2 2 2 2 4 4 4 6 6 7 7 7 9 9 12 13 13 14 12 12 14 14 13 12 12 11 11 11 9 9 9 8 8 9 11 11 9 9 9 9 9 11
 1 1 3 3 3 4 5 5 6 6 7 7 7 9 12 12 11 11 13 18 18 22 20 20 18 18 16 15 15 16 15 15 11 11 8 8 8 7 9 9 9 9 12 11 11 10
 1 1 3 3 3 4 5 5 6 6 7 7 7 9 12 12 11 11 13 18 18 22 20 20 18 18 16 15 15 16 15 15 11 11 8 8 8 7 9 9 9 9 12 11 11 10
 2 2 3 3 3 3 4 4 9 9 10 10 10 12 18 18 13 13 12 14 14 18 20 20 18 18 18 17 17 20 19 19 12 12 9 9 9 8 8 8 9 9 10 8 8 9
 3 3 3 4 4 4 5 5 5 5 8 9 9 11 14 14 15 15 10 10 10 11 12 12 12 12 11 10 10 10 11 11 9 9 9 10 10 8 8 8 9 9 10 9 9 9
 3 3 3 4 4 4 5 5 5 5 8 9 9 11 14 14 15 15 10 10 10 11 12 12 12 12 11 10 10 10 11 11 9 9 9 10 10 8 8 8 9 9 10 9 9 9
 4 4 5 5 5 5 6 6 6 6 5 8 8 7 10 10 16 16 15 15 15 16 14 14 11 11 9 8 8 7 9 9 8 8 8 10 10 10 10 10 10 10 9 8 8 8
 4 4 6 5 5 5 6 6 7 7 6 10 10 8 9 9 10 10 10 14 14 15 9 9 7 7 6 6 6 6 7 7 8 8 9 8 8 8 7 7 7 7 7 7 7 9
 4 4 6 5 5 5 6 6 7 7 6 10 10 8 9 9 10 10 10 14 14 15 9 9 7 7 6 6 6 6 7 7 8 8 9 8 8 8 7 7 7 7 7 7 7 9
 5 5 6 6 6 6 6 6 6 6 6 5 5 10 10 10 9 9 8 8 8 10 9 9 8 8 8 8 8 19 24 24 24 24 12 8 8 9 10 10 7 7 6 6 6 7
 5 5 6 6 6 6 6 6 6 6 6 5 5 10 10 10 9 9 8 8 8 10 9 9 8 8 8 8 8 19 24 24 24 24 12 8 8 9 10 10 7 7 6 6 6 7
 3 3 4 4 4 4 5 5 5 5 5 5 5 8 9 9 8 8 7 7 7 8 9 9 9 9 10 9 9 20 28 28 26 26 14 11 11 9 11 11 8 8 7 7 7 8
 2 2 2 2 2 2 3 3 3 3 4 3 3 3 5 5 6 6 5 6 6 6 6 6 7 7 9 11 11 27 27 27 26 26 14 11 11 8 8 8 7 7 8 10 10 10
 2 2 2 2 2 2 3 3 3 3 4 3 3 3 5 5 6 6 5 6 6 6 6 6 7 7 9 11 11 27 27 27 26 26 14 11 11 8 8 8 7 7 8 10 10 10
 1 1 1 1 1 1 2 2 2 2 2 4 4 2 2 2 4 4 5 6 6 7 7 7 7 7 8 10 10 10 16 16 13 13 11 9 9 8 8 8 8 8 10 10 10 9
 1 1 1 1 1 1 1 1 1 1 2 3 3 3 3 3 5 5 7 10 10 8 9 9 10 10 10 10 10 13 18 18 13 13 13 11 11 10 12 12 12 12 11 11 11 11
 1 1 1 1 1 1 1 1 1 1 2 3 3 3 3 3 5 5 7 10 10 8 9 9 10 10 10 10 10 13 18 18 13 13 13 11 11 10 12 12 12 12 11 11 11 11
 1 1 1 2 2 2 2 2 3 3 1 2 2 2 2 2 5 5 6 8 8 7 8 8 9 9 10 9 9 11 11 11 11 11 12 12 12 12 13 13 14 14 14 14 14 13
 1 1 1 2 2 2 2 2 3 3 1 2 2 2 2 2 5 5 6 8 8 7 8 8 9 9 10 9 9 11 11 11 11 11 12 12 12 12 13 13 14 14 14 14 14 13
 2 2 3 2 2 2 2 2 3 3 1 1 1 1 2 2 4 4 6 6 6 6 6 6 7 7 9 8 8 8 8 8 8 8 9 10 10 10 10 10 11 11 13 13 13 12
 2 2 1 1 1 1 2 2 2 2 1 1 1 1 1 1 1 1 3 4 4 5 4 4 5 5 5 5 5 5 4 4 4 4 6 6 6 5 5 5 6 6 7 6 6 7
 2 2 1 1 1 1 2 2 2 2 1 1 1 1 1 1 1 1 3 4 4 5 4 4 5 5 5 5 5 5 4 4 4 4 6 6 6 5 5 5 6 6 7 6 6 7
 1 1 1 1 1 1 2 2 2 2 1 1 1 1 1 1 1 1 2 2 2 2 2 2 2 2 2 2 2 2 2 2 2 2 2 3 3 3 3 3 3 3 4 4 4 5
 1 1 1 1 1 2 2 2 2 2 1 1 1 1 1 1 1 1 1 1 1 1 1 1 1 1 1 1 1 2 2 2 2 2 3 4 4 4 4 4 5 5 6 6 6 6
 1 1 1 1 1 2 2 2 2 2 1 1 1 1 1 1 1 1 1 1 1 1 1 1 1 1 1 1 1 2 2 2 2 2 3 4 4 4 4 4 5 5 6 6 6 6
 1 1 8 8 8 1 1 1 1 1 1 1 1 0 1 1 1 1 1 1 1 1 1 1 1 1 2 3 3 3 4 4 5 5 7 7 7 7 7 7 10 10 12 12 12 11
 1 1 8 8 8 1 1 1 1 1 1 1 1 0 1 1 1 1 1 1 1 1 1 1 1 1 2 3 3 3 4 4 5 5 7 7 7 7 7 7 10 10 12 12 12 11
 1 1 1 8 8 1 1 1 1 1 1 1 1 1 1 1 1 1 2 3 3 3 3 3 4 4 5 6 6 6 7 7 11 11 13 14 14 13 14 14 17 17 20 22 22 21
 2 2 1 1 1 2 2 2 3 3 3 1 1 1 2 2 2 2 2 3 3 6 6 6 6 6 7 8 8 8 11 11 12 12 14 16 16 17 17 17 21 21 24 25 25 27
 2 2 1 1 1 2 2 2 3 3 3 1 1 1 2 2 2 2 2 3 3 6 6 6 6 6 7 8 8 8 11 11 12 12 14 16 16 17 17 17 21 21 24 25 25 27
 3 3 3 2 2 3 3 3 4 4 4 3 3 3 2 2 3 3 3 3 3 7 6 6 6 6 6 6 6 6 7 7 9 9 10 11 11 13 16 16 20 20 23 23 23 25
 4 4 4 3 3 3 3 3 4 4 3 2 2 2 2 2 2 2 2 2 2 2 5 5 4 4 4 4 4 4 4 4 5 5 7 8 8 10 12 12 18 18 21 20 20 16
 4 4 4 3 3 3 3 3 4 4 3 2 2 2 2 2 2 2 2 2 2 2 5 5 4 4 4 4 4 4 4 4 5 5 7 8 8 10 12 12 18 18 21 20 20 16
 3 3 3 2 2 2 4 4 3 3 3 2 2 2 2 2 1 1 1 1 1 1 1 1 2 2 2 2 2 2 2 2 3 3 4 6 6 7 8 8 11 11 14 14 14 11
 3 3 3 2 2 2 4 4 3 3 3 2 2 2 2 2 1 1 1 1 1 1 1 1 2 2 2 2 2 2 2 2 3 3 4 6 6 7 8 8 11 11 14 14 14 11
 2 2 2 2 2 2 3 3 3 3 4 3 3 3 2 2 1 1 1 1 1 1 1 1 3 3 2 2 2 2 3 3 3 3 3 4 4 4 5 5 6 6 5 4 4 6
 2 2 2 2 2 3 2 2 2 2 3 4 4 3 2 2 1 1 2 1 1 1 1 1 4 4 5 4 4 2 2 2 3 3 3 3 3 2 3 3 3 3 4 5 5 9
 2 2 2 2 2 3 2 2 2 2 3 4 4 3 2 2 1 1 2 1 1 1 1 1 4 4 5 4 4 2 2 2 3 3 3 3 3 2 3 3 3 3 4 5 5 9
 3 3 2 2 2 4 3 3 2 2 3 5 5 3 3 3 2 2 2 2 2 2 1 1 5 5 7 5 5 3 3 3 6 6 6 5 5 4 5 5 7 7 8 9 9 12
 5 5 3 4 4 4 3 3 2 2 3 3 3 4 3 3 2 2 2 2 2 1 1 1 5 5 6 5 5 4 4 4 5 5 5 6 6 6 6 6 6 6 6 6 6 6
 5 5 3 4 4 4 3 3 2 2 3 3 3 4 3 3 2 2 2 2 2 1 1 1 5 5 6 5 5 4 4 4 5 5 5 6 6 6 6 6 6 6 6 6 6 6
 4 4 3 3 3 3 2 2 2 2 3 2 2 3 3 3 2 2 2 2 2 1 1 1 5 5 5 5 5 4 3 3 3 3 4 5 5 4 5 5 5 5 5 5 5 2
 4 4 3 3 3 3 2 2 2 2 3 2 2 3 3 3 2 2 2 2 2 1 1 1 5 5 5 5 5 4 3 3 3 3 4 5 5 4 5 5 5 5 5 5 5 2
 6 6 3 4 4 3 2 2 2 2 2 2 2 2 2 2 2 2 1 2 2 1 1 1 3 3 3 3 3 3 3 3 3 3 3 3 3 4 4 4 2 2 1 1 1 0
 4 4 3 3 3 3 2 2 2 2 2 2 2 2 2 2 1 1 1 2 2 2 2 2 1 1 3 3 3 2 2 2 3 3 3 2 2 2 3 3 2 2 1 0 0 0
 4 4 3 3 3 3 2 2 2 2 2 2 2 2 2 2 1 1 1 2 2 2 2 2 1 1 3 3 3 2 2 2 3 3 3 2 2 2 3 3 2 2 1 0 0 0
 2 2 2 2 2 2 2 2 2 2 2 2 2 2 1 1 1 1 1 1 1 2 2 2 1 1 2 2 2 2 2 2 2 2 2 1 1 1 1 1 1 1 1 1 1 1
 1 1 1 2 2 2 2 2 1 1 1 2 2 2 1 1 1 1 1 1 1 1 1 1 1 1 1 1 1 3 2 2 1 1 1 1 1 1 1 1 1 1 1 2 2 1
 1 1 1 2 2 2 2 2 1 1 1 2 2 2 1 1 1 1 1 1 1 1 1 1 1 1 1 1 1 3 2 2 1 1 1 1 1 1 1 1 1 1 1 2 2 1
 1 1 2 2 2 3 2 2 1 1 1 2 2 1 1 1 1 1 1 1 1 1 1 1 1 1 2 1 1 1 1 1 1 1 1 1 1 1 1 1 1 1 1 1 1 1
 1 1 2 2 2 3 2 2 1 1 1 2 2 1 1 1 1 1 1 1 1 1 1 1 1 1 2 1 1 1 1 1 1 1 1 1 1 1 1 1 1 1 1 1 1 1
 2 2 1 2 2 2 2 2 1 1 2 2 2 2 1 1 1 1 1 1 1 1 1 1 2 2 2 1 1 1 1 1 1 1 1 1 1 1 1 1 1 1 1 1 1 1
 5 5 1 1 1 2 2 2 2 2 2 2 2 2 2 2 2 2 2 2 2 2 2 2 2 2 2 2 2 4 4 4 2 2 1 2 2 1 1 1 1 1 1 1 1 1
 5 5 1 1 1 2 2 2 2 2 2 2 2 2 2 2 2 2 2 2 2 2 2 2 2 2 2 2 2 4 4 4 2 2 1 2 2 1 1 1 1 1 1 1 1 1
 2 2 1 1 1 1 1 1 1 1 1 1 1 2 2 2 3 3 3 3 3 3 3 3 3 3 4 5 5 5 5 5 3 3 2 3 3 2 1 1 0 0 0 0 0 0
 0 0 0 1 1 1 1 1 1 1 1 1 1 2 2 2 3 3 4 4 4 7 7 7 5 5 3 3 3 3 2 2 2 2 2 4 4 2 0 0 0 0 0 0 0 0
 0 0 0 1 1 1 1 1 1 1 1 1 1 2 2 2 3 3 4 4 4 7 7 7 5 5 3 3 3 3 2 2 2 2 2 4 4 2 0 0 0 0 0 0 0 0
 0 0 0 1 1 1 1 1 1 1 1 2 2 2 2 2 4 4 4 4 4 7 6 6 4 4 3 2 2 1 1 1 1 1 1 3 3 3 1 1 0 0 0 0 0 0
 0 0 0 1 1 1 1 1 1 1 1 2 2 2 2 2 4 4 4 4 4 7 6 6 4 4 3 2 2 1 1 1 1 1 1 3 3 3 1 1 0 0 0 0 0 0
 1 1 1 1 1 1 2 2 2 2 2 2 2 2 2 2 2 2 2 2 2 2 2 2 2 2 2 1 1 1 1 1 1 1 1 1 1 1 1 1 0 0 0 0 0 0
 1 1 2 2 2 3 2 2 2 2 1 1 1 1 1 1 1 1 1 1 1 1 1 1 1 1 1 1 1 1 0 0 0 0 0 0 0 1 0 0 0 0 0 0 0 0
 1 1 2 2 2 3 2 2 2 2 1 1 1 1 1 1 1 1 1 1 1 1 1 1 1 1 1 1 1 1 0 0 0 0 0 0 0 1 0 0 0 0 0 0 0 0
 2 2 3 2 2 1 1 1 1 1 1 1 1 1 1 1 1 1 1 1 1 0 0 0 0 0 0 0 0 1 1 1 0 0 1 1 1 0 0 0 0 0 0 0 0 0
 1 1 1 1 1 1 0 0 1 1 1 1 1 1 1 1 1 1 0 0 0 0 0 0 0 0 0 0 0 0 0 0 0 0 0 0 0 0 0 0 0 0 3 0 0 0
