assets/RAT_results_old/precipitation/2023-09-28_IMERG.asc
ncols        46
nrows        77
xllcorner    74.800261325624
yllcorner    8.058333333333
cellsize     0.062500000000
NODATA_value -9999
 15 15 18 26 26 23 25 25 21 21 10 4 4 4 5 5 5 5 2 2 2 3 6 6 7 7 8 6 6 8 9 9 6 6 3 3 3 5 3 3 2 2 2 4 4 5
 14 14 16 20 20 26 30 30 25 25 12 8 8 12 7 7 3 3 1 1 1 2 4 4 5 5 9 6 6 6 5 5 5 5 4 3 3 5 2 2 2 2 2 3 3 4
 14 14 16 20 20 26 30 30 25 25 12 8 8 12 7 7 3 3 1 1 1 2 4 4 5 5 9 6 6 6 5 5 5 5 4 3 3 5 2 2 2 2 2 3 3 4
 27 27 40 37 37 41 29 29 20 20 12 16 16 12 6 6 7 7 2 2 2 1 2 2 3 3 7 4 4 5 2 2 2 2 1 1 1 1 1 1 1 1 1 3 3 3
 38 38 62 50 50 46 29 29 26 26 12 10 10 9 7 7 6 6 2 3 3 4 3 3 3 3 3 1 1 1 0 0 1 1 0 0 0 0 0 0 0 0 0 1 1 1
 38 38 62 50 50 46 29 29 26 26 12 10 10 9 7 7 6 6 2 3 3 4 3 3 3 3 3 1 1 1 0 0 1 1 0 0 0 0 0 0 0 0 0 1 1 1
 54 54 48 39 39 39 24 24 24 24 13 9 9 10 4 4 1 1 2 5 5 9 7 7 4 4 1 0 0 0 0 0 0 0 0 0 0 0 0 0 0 0 1 1 1 1
 54 54 48 39 39 39 24 24 24 24 13 9 9 10 4 4 1 1 2 5 5 9 7 7 4 4 1 0 0 0 0 0 0 0 0 0 0 0 0 0 0 0 1 1 1 1
 56 56 43 41 41 34 25 25 23 23 15 13 13 7 1 1 1 1 1 3 3 8 7 7 3 3 0 0 0 0 0 0 0 0 0 0 0 0 1 1 1 1 3 4 4 4
 63 63 45 46 46 48 45 45 29 29 17 10 10 6 4 4 4 4 7 4 4 7 3 3 2 2 0 0 0 0 0 0 0 0 0 0 0 1 2 2 3 3 5 8 8 7
 63 63 45 46 46 48 45 45 29 29 17 10 10 6 4 4 4 4 7 4 4 7 3 3 2 2 0 0 0 0 0 0 0 0 0 0 0 1 2 2 3 3 5 8 8 7
 54 54 51 72 72 64 56 56 41 41 25 15 15 13 16 16 12 12 12 9 9 8 3 3 2 2 2 0 0 0 0 0 0 0 0 0 0 1 1 1 2 2 2 3 3 4
 54 54 85 88 88 65 56 56 40 40 28 24 24 19 18 18 12 12 10 8 8 4 1 1 0 0 0 0 0 0 0 0 0 0 0 0 0 1 2 2 2 2 3 2 2 2
 54 54 85 88 88 65 56 56 40 40 28 24 24 19 18 18 12 12 10 8 8 4 1 1 0 0 0 0 0 0 0 0 0 0 0 0 0 1 2 2 2 2 3 2 2 2
 85 85 88 75 75 87 68 68 48 48 42 31 31 23 23 23 17 17 11 11 11 1 1 1 1 1 0 0 0 0 0 0 0 0 0 1 1 2 2 2 3 3 6 5 5 2
 85 85 88 75 75 87 68 68 48 48 42 31 31 23 23 23 17 17 11 11 11 1 1 1 1 1 0 0 0 0 0 0 0 0 0 1 1 2 2 2 3 3 6 5 5 2
 85 85 99 95 95 94 89 89 64 64 48 36 36 35 32 32 28 28 25 18 18 2 2 2 2 2 0 0 0 0 0 0 0 0 0 1 1 1 2 2 3 3 5 4 4 1
 78 78 96 87 87 99 103 103 83 83 48 43 43 42 36 36 36 36 27 22 22 5 2 2 1 1 1 0 0 0 0 0 0 0 0 0 0 1 3 3 8 8 11 7 7 1
 78 78 96 87 87 99 103 103 83 83 48 43 43 42 36 36 36 36 27 22 22 5 2 2 1 1 1 0 0 0 0 0 0 0 0 0 0 1 3 3 8 8 11 7 7 1
 73 73 75 75 75 94 85 85 96 96 96 70 70 58 49 49 39 39 38 20 20 13 5 5 2 2 2 0 0 0 0 0 1 1 0 1 1 2 6 6 7 7 5 4 4 1
 45 45 39 47 47 70 52 52 74 74 93 66 66 60 54 54 56 56 33 15 15 13 1 1 1 1 1 0 0 0 1 1 1 1 4 7 7 5 6 6 8 8 9 6 6 5
 45 45 39 47 47 70 52 52 74 74 93 66 66 60 54 54 56 56 33 15 15 13 1 1 1 1 1 0 0 0 1 1 1 1 4 7 7 5 6 6 8 8 9 6 6 5
 42 42 40 43 43 64 41 41 56 56 98 98 98 73 66 66 54 54 37 14 14 13 1 1 1 1 1 1 1 1 2 2 5 5 14 22 22 14 8 8 7 7 7 4 4 3
 42 42 40 43 43 64 41 41 56 56 98 98 98 73 66 66 54 54 37 14 14 13 1 1 1 1 1 1 1 1 2 2 5 5 14 22 22 14 8 8 7 7 7 4 4 3
 34 34 37 40 40 57 45 45 38 38 44 85 85 80 84 84 42 42 29 7 7 7 2 2 1 1 1 1 1 1 3 3 8 8 13 15 15 11 5 5 4 4 4 6 6 7
 34 34 31 34 34 33 40 40 37 37 37 36 36 83 61 61 34 34 25 14 14 9 7 7 4 4 3 3 3 2 3 3 6 6 8 6 6 4 2 2 2 2 2 4 4 7
 34 34 31 34 34 33 40 40 37 37 37 36 36 83 61 61 34 34 25 14 14 9 7 7 4 4 3 3 3 2 3 3 6 6 8 6 6 4 2 2 2 2 2 4 4 7
 34 34 29 26 26 22 23 23 19 19 34 32 32 30 28 28 20 20 25 19 19 19 19 19 24 24 11 9 9 4 4 4 5 5 3 2 2 1 1 1 1 1 1 1 1 1
 30 30 26 23 23 16 19 19 17 17 20 16 16 19 24 24 19 19 27 27 27 30 31 31 24 24 30 19 19 9 5 5 3 3 1 1 1 1 0 0 1 1 1 1 1 1
 30 30 26 23 23 16 19 19 17 17 20 16 16 19 24 24 19 19 27 27 27 30 31 31 24 24 30 19 19 9 5 5 3 3 1 1 1 1 0 0 1 1 1 1 1 1
 16 16 19 19 19 14 17 17 16 16 20 18 18 16 20 20 20 20 26 28 28 32 30 30 23 23 24 13 13 6 7 7 5 5 4 1 1 1 1 1 1 1 3 3 3 6
 16 16 19 19 19 14 17 17 16 16 20 18 18 16 20 20 20 20 26 28 28 32 30 30 23 23 24 13 13 6 7 7 5 5 4 1 1 1 1 1 1 1 3 3 3 6
 10 10 9 14 14 15 17 17 17 17 20 18 18 20 22 22 33 33 32 27 27 25 27 27 32 32 21 15 15 4 7 7 7 7 4 1 1 1 1 1 1 1 2 2 2 2
 8 8 7 12 12 13 14 14 21 21 21 15 15 17 18 18 28 28 38 29 29 31 28 28 37 37 19 7 7 9 5 5 4 4 3 1 1 1 1 1 1 1 1 1 1 1
 8 8 7 12 12 13 14 14 21 21 21 15 15 17 18 18 28 28 38 29 29 31 28 28 37 37 19 7 7 9 5 5 4 4 3 1 1 1 1 1 1 1 1 1 1 1
 9 9 12 16 16 32 14 14 25 25 23 9 9 7 14 14 23 23 35 35 35 43 35 35 33 33 23 28 28 11 1 1 1 1 1 1 1 1 1 1 1 1 0 0 0 0
 21 21 26 33 33 31 14 14 15 15 12 8 8 8 10 10 27 27 31 39 39 45 40 40 40 40 34 41 41 14 5 5 1 1 0 0 0 0 1 1 2 2 1 0 0 0
 21 21 26 33 33 31 14 14 15 15 12 8 8 8 10 10 27 27 31 39 39 45 40 40 40 40 34 41 41 14 5 5 1 1 0 0 0 0 1 1 2 2 1 0 0 0
 14 14 21 12 12 16 19 19 20 20 12 9 9 8 10 10 25 25 32 35 35 42 44 44 40 40 26 26 26 10 2 2 1 1 1 1 1 0 1 1 2 2 2 2 2 3
 14 14 21 12 12 16 19 19 20 20 12 9 9 8 10 10 25 25 32 35 35 42 44 44 40 40 26 26 26 10 2 2 1 1 1 1 1 0 1 1 2 2 2 2 2 3
 9 9 7 9 9 15 16 16 19 19 13 10 10 7 11 11 25 25 16 28 28 39 36 36 41 41 28 11 11 4 3 3 2 2 1 1 1 1 1 1 3 3 8 7 7 14
 6 6 4 5 5 7 8 8 8 8 7 8 8 9 16 16 23 23 24 26 26 45 40 40 32 32 26 10 10 4 2 2 1 1 1 7 7 5 4 4 4 4 4 6 6 10
 6 6 4 5 5 7 8 8 8 8 7 8 8 9 16 16 23 23 24 26 26 45 40 40 32 32 26 10 10 4 2 2 1 1 1 7 7 5 4 4 4 4 4 6 6 10
 5 5 3 3 3 7 7 7 8 8 11 13 13 14 30 30 35 35 36 36 36 47 51 51 48 48 25 11 11 5 4 4 3 3 5 5 5 5 1 1 1 1 1 1 1 3
 6 6 6 7 7 6 9 9 8 8 17 20 20 16 31 31 30 30 35 35 35 35 43 43 37 37 25 15 15 9 6 6 2 2 4 1 1 2 2 2 2 2 1 1 1 0
 6 6 6 7 7 6 9 9 8 8 17 20 20 16 31 31 30 30 35 35 35 35 43 43 37 37 25 15 15 9 6 6 2 2 4 1 1 2 2 2 2 2 1 1 1 0
 3 3 7 12 12 8 8 8 7 7 21 22 22 24 34 34 37 37 39 43 43 33 39 39 34 34 24 15 15 8 7 7 6 6 4 4 4 1 1 1 1 1 0 0 0 0
 3 3 7 12 12 8 8 8 7 7 21 22 22 24 34 34 37 37 39 43 43 33 39 39 34 34 24 15 15 8 7 7 6 6 4 4 4 1 1 1 1 1 0 0 0 0
 5 5 9 11 11 12 13 13 13 13 20 21 21 24 29 29 32 32 38 49 49 49 41 41 38 38 28 20 20 7 6 6 5 5 4 5 5 4 0 0 1 1 3 1 1 0
 16 16 18 21 21 15 14 14 19 19 16 27 27 32 36 36 44 44 42 34 34 34 29 29 34 34 29 23 23 12 6 6 5 5 3 2 2 3 1 1 2 2 1 1 1 1
 16 16 18 21 21 15 14 14 19 19 16 27 27 32 36 36 44 44 42 34 34 34 29 29 34 34 29 23 23 12 6 6 5 5 3 2 2 3 1 1 2 2 1 1 1 1
 32 32 26 25 25 22 20 20 22 22 20 27 27 29 30 30 43 43 33 27 27 26 28 28 33 33 25 15 15 19 15 15 11 11 10 9 9 6 4 4 3 3 2 2 2 5
 31 31 29 36 36 40 31 31 33 33 37 36 36 31 27 27 43 43 38 28 28 26 24 24 31 31 25 28 28 26 26 26 25 25 31 14 14 12 8 8 4 4 4 5 5 4
 31 31 29 36 36 40 31 31 33 33 37 36 36 31 27 27 43 43 38 28 28 26 24 24 31 31 25 28 28 26 26 26 25 25 31 14 14 12 8 8 4 4 4 5 5 4
 31 31 61 83 83 99 94 94 82 82 39 42 42 39 35 35 35 35 29 20 20 17 18 18 26 26 28 25 25 25 24 24 18 18 29 27 27 31 19 19 10 10 2 3 3 3
 31 31 61 83 83 99 94 94 82 82 39 42 42 39 35 35 35 35 29 20 20 17 18 18 26 26 28 25 25 25 24 24 18 18 29 27 27 31 19 19 10 10 2 3 3 3
 49 49 52 77 77 35 99 99 84 84 86 39 39 43 46 46 29 29 28 18 18 17 18 18 19 19 16 23 23 21 16 16 17 17 22 21 21 21 18 18 9 9 1 2 2 1
 11 11 18 29 29 27 76 76 86 86 89 43 43 91 49 49 35 35 35 35 35 26 17 17 16 16 22 29 29 32 28 28 22 22 24 19 19 21 9 9 7 7 1 2 2 0
 11 11 18 29 29 27 76 76 86 86 89 43 43 91 49 49 35 35 35 35 35 26 17 17 16 16 22 29 29 32 28 28 22 22 24 19 19 21 9 9 7 7 1 2 2 0
 16 16 21 35 35 39 46 46 55 55 50 92 92 86 42 42 31 31 35 38 38 26 30 30 28 28 32 30 30 34 36 36 34 34 31 27 27 27 21 21 21 21 9 0 0 0
 17 17 22 24 24 36 46 46 67 67 160 54 54 43 44 44 40 40 40 40 40 29 28 28 28 28 33 46 46 52 50 50 41 41 36 49 49 26 19 19 19 19 7 3 3 1
 17 17 22 24 24 36 46 46 67 67 160 54 54 43 44 44 40 40 40 40 40 29 28 28 28 28 33 46 46 52 50 50 41 41 36 49 49 26 19 19 19 19 7 3 3 1
 16 16 21 26 26 43 45 45 79 79 138 31 31 34 34 34 40 40 44 39 39 26 33 33 35 35 40 51 51 45 42 42 40 40 40 48 48 43 42 42 20 20 24 6 6 5
 16 16 21 26 26 43 45 45 79 79 138 31 31 34 34 34 40 40 44 39 39 26 33 33 35 35 40 51 51 45 42 42 40 40 40 48 48 43 42 42 20 20 24 6 6 5
 15 15 17 24 24 34 19 19 22 22 32 36 36 35 44 44 42 42 40 35 35 40 31 31 34 34 37 50 50 50 51 51 48 48 44 40 40 41 36 36 28 28 25 7 7 5
 11 11 14 13 13 13 17 17 21 21 33 30 30 26 36 36 36 36 34 34 34 40 46 46 84 84 78 87 87 60 56 56 52 52 40 45 45 41 40 40 26 26 23 9 9 4
 11 11 14 13 13 13 17 17 21 21 33 30 30 26 36 36 36 36 34 34 34 40 46 46 84 84 78 87 87 60 56 56 52 52 40 45 45 41 40 40 26 26 23 9 9 4
 12 12 11 9 9 8 17 17 17 17 32 33 33 40 40 40 43 43 43 36 36 53 57 57 77 77 82 84 84 93 55 55 56 56 40 42 42 33 28 28 21 21 22 6 6 3
 14 14 9 9 9 12 22 22 21 21 31 33 33 40 31 31 33 33 40 48 48 56 56 56 76 76 90 79 79 64 50 50 53 53 39 41 41 26 30 30 20 20 7 6 6 1
 14 14 9 9 9 12 22 22 21 21 31 33 33 40 31 31 33 33 40 48 48 56 56 56 76 76 90 79 79 64 50 50 53 53 39 41 41 26 30 30 20 20 7 6 6 1
 9 9 9 10 10 18 16 16 21 21 27 30 30 41 36 36 38 38 42 57 57 47 56 56 47 47 45 73 73 56 48 48 45 45 39 32 32 22 13 13 12 12 9 8 8 0
 9 9 9 10 10 18 16 16 21 21 27 30 30 41 36 36 38 38 42 57 57 47 56 56 47 47 45 73 73 56 48 48 45 45 39 32 32 22 13 13 12 12 9 8 8 0
 12 12 10 9 9 21 18 18 25 25 25 24 24 43 36 36 35 35 40 49 49 42 46 46 58 58 49 61 61 63 61 61 49 49 43 25 25 29 16 16 10 10 5 8 8 0
 28 28 21 18 18 22 16 16 25 25 27 26 26 28 35 35 35 35 38 37 37 44 45 45 43 43 39 40 40 36 34 34 52 52 50 20 20 24 12 12 5 5 7 1 1 1
 28 28 21 18 18 22 16 16 25 25 27 26 26 28 35 35 35 35 38 37 37 44 45 45 43 43 39 40 40 36 34 34 52 52 50 20 20 24 12 12 5 5 7 1 1 1
 48 48 36 46 46 35 25 25 27 27 27 25 25 28 28 28 25 25 30 28 28 33 32 32 25 25 26 46 46 42 33 33 41 41 60 41 41 24 17 17 11 11 10 3 3 1
 39 39 41 46 46 36 33 33 33 33 34 32 32 30 22 22 22 22 19 24 24 32 25 25 22 22 18 45 45 42 32 32 42 42 51 32 32 24 13 13 9 9 11 5 5 1
