assets/RAT_results_old/precipitation/2023-09-05_IMERG.asc
ncols        46
nrows        77
xllcorner    74.800261325624
yllcorner    8.058333333333
cellsize     0.062500000000
NODATA_value -9999
 18 18 25 15 15 8 9 9 7 7 8 5 5 4 3 3 7 7 3 3 3 1 0 0 1 1 1 1 1 1 1 1 1 1 2 6 6 5 16 16 16 16 15 13 13 16
 30 30 21 24 24 17 7 7 6 6 5 6 6 6 5 5 1 1 2 2 2 1 1 1 1 1 1 1 1 3 2 2 1 1 1 3 3 3 6 6 13 13 17 23 23 23
 30 30 21 24 24 17 7 7 6 6 5 6 6 6 5 5 1 1 2 2 2 1 1 1 1 1 1 1 1 3 2 2 1 1 1 3 3 3 6 6 13 13 17 23 23 23
 18 18 18 19 19 20 10 10 7 7 5 6 6 11 4 4 4 4 3 2 2 0 0 0 0 0 1 0 0 1 1 1 0 0 0 0 0 0 4 4 12 12 20 11 11 13
 17 17 12 17 17 16 10 10 8 8 8 8 8 7 4 4 4 4 4 2 2 1 1 1 1 1 0 0 0 0 0 0 0 0 0 0 0 0 1 1 2 2 3 10 10 13
 17 17 12 17 17 16 10 10 8 8 8 8 8 7 4 4 4 4 4 2 2 1 1 1 1 1 0 0 0 0 0 0 0 0 0 0 0 0 1 1 2 2 3 10 10 13
 14 14 8 11 11 20 15 15 10 10 9 9 9 7 5 5 4 4 3 1 1 1 1 1 1 1 1 1 1 0 0 0 0 0 0 0 0 0 1 1 1 1 1 1 1 1
 14 14 8 11 11 20 15 15 10 10 9 9 9 7 5 5 4 4 3 1 1 1 1 1 1 1 1 1 1 0 0 0 0 0 0 0 0 0 1 1 1 1 1 1 1 1
 22 22 22 14 14 16 19 19 12 12 8 10 10 10 9 9 5 5 3 1 1 1 1 1 1 1 3 3 3 1 0 0 0 0 0 0 0 0 0 0 1 1 1 1 1 1
 30 30 20 26 26 22 27 27 18 18 11 11 11 8 6 6 6 6 2 2 2 3 2 2 1 1 1 1 1 1 0 0 0 0 0 1 1 1 1 1 1 1 2 3 3 4
 30 30 20 26 26 22 27 27 18 18 11 11 11 8 6 6 6 6 2 2 2 3 2 2 1 1 1 1 1 1 0 0 0 0 0 1 1 1 1 1 1 1 2 3 3 4
 27 27 34 46 46 21 20 20 26 26 19 8 8 11 9 9 6 6 3 3 3 2 1 1 0 0 2 2 2 1 1 1 0 0 1 1 1 2 3 3 6 6 11 14 14 17
 39 39 64 41 41 37 31 31 27 27 31 12 12 10 8 8 9 9 18 9 9 2 1 1 1 1 4 3 3 1 1 1 2 2 2 2 2 3 4 4 8 8 12 13 13 13
 39 39 64 41 41 37 31 31 27 27 31 12 12 10 8 8 9 9 18 9 9 2 1 1 1 1 4 3 3 1 1 1 2 2 2 2 2 3 4 4 8 8 12 13 13 13
 102 102 66 39 39 45 32 32 32 32 28 12 12 9 7 7 19 19 20 11 11 3 2 2 1 1 1 1 1 1 0 0 1 1 1 1 1 1 4 4 4 4 5 3 3 2
 102 102 66 39 39 45 32 32 32 32 28 12 12 9 7 7 19 19 20 11 11 3 2 2 1 1 1 1 1 1 0 0 1 1 1 1 1 1 4 4 4 4 5 3 3 2
 36 36 36 66 66 29 30 30 25 25 11 14 14 19 13 13 11 11 15 6 6 4 3 3 1 1 0 0 0 0 0 0 0 0 0 0 0 1 2 2 2 2 4 2 2 1
 23 23 24 30 30 34 35 35 14 14 10 9 9 9 7 7 5 5 12 5 5 3 2 2 2 2 0 0 0 1 1 1 1 1 0 1 1 1 1 1 1 1 1 1 1 0
 23 23 24 30 30 34 35 35 14 14 10 9 9 9 7 7 5 5 12 5 5 3 2 2 2 2 0 0 0 1 1 1 1 1 0 1 1 1 1 1 1 1 1 1 1 0
 20 20 19 19 19 21 30 30 21 21 9 11 11 7 4 4 2 2 4 4 4 1 0 0 2 2 1 1 1 1 3 3 2 2 0 0 0 0 1 1 1 1 0 0 0 0
 20 20 18 17 17 16 29 29 40 40 12 9 9 5 6 6 4 4 2 2 2 2 0 0 0 0 0 1 1 1 3 3 2 2 1 0 0 0 0 0 0 0 0 0 0 0
 20 20 18 17 17 16 29 29 40 40 12 9 9 5 6 6 4 4 2 2 2 2 0 0 0 0 0 1 1 1 3 3 2 2 1 0 0 0 0 0 0 0 0 0 0 0
 17 17 17 16 16 15 20 20 41 41 14 11 11 4 5 5 4 4 4 3 3 3 1 1 1 1 2 1 1 1 1 1 2 2 0 0 0 0 0 0 0 0 0 0 0 0
 17 17 17 16 16 15 20 20 41 41 14 11 11 4 5 5 4 4 4 3 3 3 1 1 1 1 2 1 1 1 1 1 2 2 0 0 0 0 0 0 0 0 0 0 0 0
 13 13 12 11 11 13 24 24 65 65 64 14 14 6 5 5 6 6 3 4 4 6 11 11 4 4 3 1 1 1 1 1 1 1 1 0 0 0 0 0 0 0 0 0 0 0
 5 5 10 9 9 11 20 20 41 41 68 23 23 15 11 11 13 13 15 9 9 12 22 22 9 9 5 2 2 1 0 0 0 0 0 0 0 0 0 0 0 0 0 0 0 0
 5 5 10 9 9 11 20 20 41 41 68 23 23 15 11 11 13 13 15 9 9 12 22 22 9 9 5 2 2 1 0 0 0 0 0 0 0 0 0 0 0 0 0 0 0 0
 7 7 7 10 10 10 14 14 29 29 62 56 56 18 16 16 16 16 17 22 22 20 28 28 22 22 6 2 2 1 0 0 1 1 0 0 0 0 0 0 0 0 1 2 2 1
 9 9 14 13 13 21 25 25 24 24 39 54 54 39 27 27 12 12 11 13 13 11 16 16 19 19 5 2 2 1 1 1 2 2 1 0 0 0 0 0 0 0 0 0 0 0
 9 9 14 13 13 21 25 25 24 24 39 54 54 39 27 27 12 12 11 13 13 11 16 16 19 19 5 2 2 1 1 1 2 2 1 0 0 0 0 0 0 0 0 0 0 0
 10 10 14 15 15 23 26 26 25 25 22 39 39 35 18 18 13 13 10 16 16 10 13 13 2 2 2 1 1 1 1 1 2 2 0 1 1 0 0 0 0 0 0 0 0 0
 10 10 14 15 15 23 26 26 25 25 22 39 39 35 18 18 13 13 10 16 16 10 13 13 2 2 2 1 1 1 1 1 2 2 0 1 1 0 0 0 0 0 0 0 0 0
 14 14 20 22 22 23 17 17 17 17 21 19 19 24 25 25 10 10 9 13 13 4 2 2 3 3 2 1 1 2 8 8 7 7 2 0 0 0 0 0 0 0 0 0 0 0
 12 12 18 22 22 20 13 13 12 12 17 26 26 23 24 24 10 10 7 6 6 3 3 3 4 4 7 3 3 5 8 8 4 4 0 0 0 0 0 0 0 0 0 0 0 0
 12 12 18 22 22 20 13 13 12 12 17 26 26 23 24 24 10 10 7 6 6 3 3 3 4 4 7 3 3 5 8 8 4 4 0 0 0 0 0 0 0 0 0 0 0 0
 15 15 15 18 18 13 11 11 14 14 16 20 20 31 23 23 14 14 4 3 3 6 5 5 3 3 3 4 4 1 0 0 1 1 0 0 0 0 0 0 0 0 0 0 0 0
 15 15 16 20 20 24 18 18 16 16 15 19 19 12 27 27 24 24 5 1 1 4 5 5 3 3 2 2 2 1 2 2 1 1 0 0 0 1 0 0 0 0 0 0 0 0
 15 15 16 20 20 24 18 18 16 16 15 19 19 12 27 27 24 24 5 1 1 4 5 5 3 3 2 2 2 1 2 2 1 1 0 0 0 1 0 0 0 0 0 0 0 0
 15 15 20 26 26 30 30 30 28 28 25 14 14 11 7 7 8 8 13 1 1 0 4 4 3 3 3 2 2 3 2 2 1 1 1 1 1 1 0 0 0 0 0 0 0 0
 15 15 20 26 26 30 30 30 28 28 25 14 14 11 7 7 8 8 13 1 1 0 4 4 3 3 3 2 2 3 2 2 1 1 1 1 1 1 0 0 0 0 0 0 0 0
 28 28 26 40 40 49 45 45 28 28 30 25 25 17 18 18 12 12 3 3 3 3 5 5 3 3 3 3 3 1 1 1 1 1 1 2 2 1 1 1 0 0 0 0 0 1
 24 24 31 40 40 47 49 49 45 45 36 33 33 25 22 22 20 20 13 13 13 9 7 7 7 7 3 1 1 1 2 2 2 2 5 2 2 5 3 3 1 1 2 1 1 1
 24 24 31 40 40 47 49 49 45 45 36 33 33 25 22 22 20 20 13 13 13 9 7 7 7 7 3 1 1 1 2 2 2 2 5 2 2 5 3 3 1 1 2 1 1 1
 47 47 27 32 32 38 45 45 66 66 53 43 43 50 18 18 18 18 9 3 3 5 2 2 9 9 6 7 7 3 5 5 4 4 6 6 6 3 4 4 3 3 1 0 0 0
 45 45 22 26 26 41 60 60 57 57 71 68 68 49 38 38 8 8 5 3 3 2 2 2 6 6 8 7 7 7 6 6 5 5 5 3 3 4 2 2 1 1 1 0 0 1
 45 45 22 26 26 41 60 60 57 57 71 68 68 49 38 38 8 8 5 3 3 2 2 2 6 6 8 7 7 7 6 6 5 5 5 3 3 4 2 2 1 1 1 0 0 1
 56 56 75 87 87 75 88 88 66 66 54 33 33 49 14 14 7 7 6 4 4 9 7 7 9 9 12 6 6 6 5 5 5 5 4 1 1 2 2 2 4 4 1 0 0 1
 56 56 75 87 87 75 88 88 66 66 54 33 33 49 14 14 7 7 6 4 4 9 7 7 9 9 12 6 6 6 5 5 5 5 4 1 1 2 2 2 4 4 1 0 0 1
 41 41 53 59 59 45 82 82 17 17 26 15 15 10 7 7 6 6 6 6 6 12 1 1 3 3 3 2 2 5 5 5 7 7 6 3 3 2 2 2 3 3 1 1 1 0
 46 46 48 66 66 41 33 33 23 23 7 3 3 4 7 7 4 4 3 5 5 1 2 2 2 2 2 2 2 2 7 7 7 7 10 6 6 3 2 2 1 1 1 0 0 2
 46 46 48 66 66 41 33 33 23 23 7 3 3 4 7 7 4 4 3 5 5 1 2 2 2 2 2 2 2 2 7 7 7 7 10 6 6 3 2 2 1 1 1 0 0 2
 25 25 55 59 59 90 86 86 82 82 7 3 3 4 1 1 3 3 2 2 2 1 1 1 0 0 3 3 3 3 5 5 5 5 7 4 4 3 2 2 0 0 1 2 2 1
 11 11 15 54 54 69 74 74 74 74 61 3 3 3 2 2 2 2 2 2 2 1 0 0 0 0 3 6 6 6 4 4 4 4 3 5 5 3 1 1 1 1 1 2 2 1
 11 11 15 54 54 69 74 74 74 74 61 3 3 3 2 2 2 2 2 2 2 1 0 0 0 0 3 6 6 6 4 4 4 4 3 5 5 3 1 1 1 1 1 2 2 1
 10 10 14 18 18 18 13 13 3 3 3 4 4 4 5 5 4 4 4 3 3 3 2 2 2 2 2 3 3 3 2 2 2 2 2 3 3 1 1 1 0 0 2 1 1 0
 10 10 14 18 18 18 13 13 3 3 3 4 4 4 5 5 4 4 4 3 3 3 2 2 2 2 2 3 3 3 2 2 2 2 2 3 3 1 1 1 0 0 2 1 1 0
 10 10 12 9 9 19 13 13 4 4 2 4 4 4 6 6 4 4 3 5 5 6 4 4 2 2 2 2 2 1 1 1 1 1 0 2 2 3 1 1 2 2 1 0 0 0
 14 14 12 10 10 12 12 12 9 9 7 7 7 6 4 4 3 3 3 3 3 4 4 4 2 2 2 1 1 1 2 2 1 1 0 0 0 0 1 1 1 1 1 0 0 0
 14 14 12 10 10 12 12 12 9 9 7 7 7 6 4 4 3 3 3 3 3 4 4 4 2 2 2 1 1 1 2 2 1 1 0 0 0 0 1 1 1 1 1 0 0 0
 16 16 12 6 6 10 10 10 10 10 7 4 4 3 2 2 2 2 2 3 3 3 4 4 4 4 3 2 2 2 1 1 1 1 0 0 0 1 1 1 2 2 0 0 0 0
 6 6 6 6 6 9 10 10 10 10 7 6 6 3 3 3 2 2 2 2 2 4 6 6 7 7 7 2 2 2 1 1 1 1 1 2 2 3 1 1 2 2 0 0 0 0
 6 6 6 6 6 9 10 10 10 10 7 6 6 3 3 3 2 2 2 2 2 4 6 6 7 7 7 2 2 2 1 1 1 1 1 2 2 3 1 1 2 2 0 0 0 0
 8 8 9 9 9 8 12 12 12 12 9 6 6 5 5 5 3 3 3 2 2 2 5 5 8 8 5 2 2 2 2 2 1 1 1 0 0 0 1 1 1 1 1 0 0 0
 8 8 9 9 9 8 12 12 12 12 9 6 6 5 5 5 3 3 3 2 2 2 5 5 8 8 5 2 2 2 2 2 1 1 1 0 0 0 1 1 1 1 1 0 0 0
 9 9 9 7 7 7 10 10 11 11 9 5 5 5 5 5 4 4 3 3 3 5 5 5 6 6 4 2 2 2 2 2 1 1 1 1 1 1 3 3 3 3 1 0 0 0
 6 6 10 9 9 11 8 8 11 11 8 6 6 6 7 7 6 6 9 7 7 13 18 18 12 12 7 3 3 4 5 5 2 2 1 1 1 1 3 3 3 3 1 0 0 0
 6 6 10 9 9 11 8 8 11 11 8 6 6 6 7 7 6 6 9 7 7 13 18 18 12 12 7 3 3 4 5 5 2 2 1 1 1 1 3 3 3 3 1 0 0 0
 8 8 7 7 7 11 7 7 8 8 7 4 4 5 7 7 7 7 9 13 13 23 34 34 31 31 19 5 5 5 5 5 2 2 1 1 1 1 1 1 4 4 2 1 1 0
 10 10 11 8 8 10 5 5 6 6 7 5 5 5 4 4 4 4 9 12 12 21 19 19 11 11 27 11 11 6 1 1 0 0 2 0 0 1 1 1 3 3 4 2 2 0
 10 10 11 8 8 10 5 5 6 6 7 5 5 5 4 4 4 4 9 12 12 21 19 19 11 11 27 11 11 6 1 1 0 0 2 0 0 1 1 1 3 3 4 2 2 0
 11 11 8 8 8 9 7 7 6 6 6 6 6 8 8 8 7 7 12 10 10 7 8 8 8 8 9 8 8 6 4 4 1 1 1 1 1 1 1 1 0 0 1 5 5 2
 11 11 8 8 8 9 7 7 6 6 6 6 6 8 8 8 7 7 12 10 10 7 8 8 8 8 9 8 8 6 4 4 1 1 1 1 1 1 1 1 0 0 1 5 5 2
 8 8 8 11 11 11 10 10 8 8 7 9 9 14 12 12 7 7 8 6 6 5 6 6 11 11 7 8 8 8 7 7 2 2 3 4 4 1 1 1 1 1 2 8 8 3
 8 8 8 8 8 7 6 6 6 6 5 7 7 12 8 8 5 5 4 4 4 5 8 8 11 11 10 25 25 22 7 7 4 4 7 7 7 8 6 6 1 1 2 6 6 8
 8 8 8 8 8 7 6 6 6 6 5 7 7 12 8 8 5 5 4 4 4 5 8 8 11 11 10 25 25 22 7 7 4 4 7 7 7 8 6 6 1 1 2 6 6 8
 2 2 3 4 4 4 7 7 8 8 6 7 7 6 6 6 5 5 5 4 4 4 4 4 5 5 11 7 7 20 7 7 5 5 5 4 4 13 3 3 2 2 4 7 7 7
 1 1 4 5 5 2 5 5 6 6 4 8 8 10 11 11 10 10 7 6 6 17 5 5 6 6 7 10 10 9 11 11 9 9 10 12 12 9 6 6 1 1 1 0 0 4
