assets/RAT_results_old/precipitation/2023-07-01_IMERG.asc
ncols        46
nrows        77
xllcorner    74.800261325624
yllcorner    8.058333333333
cellsize     0.062500000000
NODATA_value  -9999
[rows 57 to 75 of 77, columns 0 to 43 of 46]
4.8500000000000005329 4.8500000000000005329 6.0500000000000007105 7.25 7.25 8.75 8.0999999999999996447 8.0999999999999996447 8.2000000000000010658 8.2000000000000010658 8.9500000000000010658 13.600000000000001421 13.600000000000001421 16.400000000000002132 17 17 20 20 21.700000000000002842 18.550000000000000711 18.550000000000000711 13.75 13.75 13.75 18.650000000000002132 18.650000000000002132 14.150000000000000355 12.100000000000001421 12.100000000000001421 11.25 12.150000000000000355 12.150000000000000355 12.600000000000001421 12.600000000000001421 16.300000000000000711 13.800000000000000711 13.800000000000000711 10.350000000000001421 5 5 2.9500000000000001776 2.9500000000000001776 1 0.050000000000000002776
4.8500000000000005329 4.8500000000000005329 6.0500000000000007105 7.25 7.25 8.75 8.0999999999999996447 8.0999999999999996447 8.2000000000000010658 8.2000000000000010658 8.9500000000000010658 13.600000000000001421 13.600000000000001421 16.400000000000002132 17 17 20 20 21.700000000000002842 18.550000000000000711 18.550000000000000711 13.75 13.75 13.75 18.650000000000002132 18.650000000000002132 14.150000000000000355 12.100000000000001421 12.100000000000001421 11.25 12.150000000000000355 12.150000000000000355 12.600000000000001421 12.600000000000001421 16.300000000000000711 13.800000000000000711 13.800000000000000711 10.350000000000001421 5 5 2.9500000000000001776 2.9500000000000001776 1 0.050000000000000002776
4.1000000000000005329 4.1000000000000005329 5 7.1000000000000005329 7.1000000000000005329 7.7000000000000001776 8.4500000000000010658 8.4500000000000010658 8.3000000000000007105 8.3000000000000007105 9.75 12.650000000000000355 12.650000000000000355 16.350000000000001421 18.100000000000001421 18.100000000000001421 23.25 23.25 22.5 22.050000000000000711 22.050000000000000711 15 14.300000000000000711 14.300000000000000711 15 15 11.800000000000000711 8.2000000000000010658 8.2000000000000010658 7.9500000000000001776 9.2000000000000010658 9.2000000000000010658 12.700000000000001066 12.700000000000001066 16.600000000000001421 11.300000000000000711 11.300000000000000711 15.450000000000001066 17.600000000000001421 17.600000000000001421 2.9500000000000001776 2.9500000000000001776 9.9500000000000010658 0.2000000000000000111
5.1000000000000005329 5.1000000000000005329 4.7000000000000001776 5.3500000000000005329 5.3500000000000005329 6.3500000000000005329 6.3500000000000005329 6.3500000000000005329 8.3000000000000007105 8.3000000000000007105 12.5 16.5 16.5 17.650000000000002132 22.650000000000002132 22.650000000000002132 28.550000000000000711 28.550000000000000711 31.900000000000002132 28.25 28.25 27.450000000000002842 13.5 13.5 15.900000000000000355 15.900000000000000355 13.700000000000001066 4.5499999999999998224 4.5499999999999998224 6.9500000000000001776 7.75 7.75 9.9000000000000003553 9.9000000000000003553 13.25 13.25 13.25 15.300000000000000711 17.550000000000000711 17.550000000000000711 9.8500000000000014211 9.8500000000000014211 9.75 0.2000000000000000111
5.1000000000000005329 5.1000000000000005329 4.7000000000000001776 5.3500000000000005329 5.3500000000000005329 6.3500000000000005329 6.3500000000000005329 6.3500000000000005329 8.3000000000000007105 8.3000000000000007105 12.5 16.5 16.5 17.650000000000002132 22.650000000000002132 22.650000000000002132 28.550000000000000711 28.550000000000000711 31.900000000000002132 28.25 28.25 27.450000000000002842 13.5 13.5 15.900000000000000355 15.900000000000000355 13.700000000000001066 4.5499999999999998224 4.5499999999999998224 6.9500000000000001776 7.75 7.75 9.9000000000000003553 9.9000000000000003553 13.25 13.25 13.25 15.300000000000000711 17.550000000000000711 17.550000000000000711 9.8500000000000014211 9.8500000000000014211 9.75 0.2000000000000000111
6.9000000000000003553 6.9000000000000003553 5.75 5.8500000000000005329 5.8500000000000005329 6.3000000000000007105 6.6000000000000005329 6.6000000000000005329 8.5500000000000007105 8.5500000000000007105 13.350000000000001421 16.850000000000001421 16.850000000000001421 20.200000000000002842 23.950000000000002842 23.950000000000002842 28.400000000000002132 28.400000000000002132 33.200000000000002842 34 34 29.100000000000001421 20.800000000000000711 20.800000000000000711 18.650000000000002132 18.650000000000002132 18.25 12.050000000000000711 12.050000000000000711 11 12 12 8.75 8.75 15.900000000000000355 15 15 15.550000000000000711 15.200000000000001066 15.200000000000001066 11.950000000000001066 11.950000000000001066 11.75 2.25
6.9000000000000003553 6.9000000000000003553 5.75 5.8500000000000005329 5.8500000000000005329 6.3000000000000007105 6.6000000000000005329 6.6000000000000005329 8.5500000000000007105 8.5500000000000007105 13.350000000000001421 16.850000000000001421 16.850000000000001421 20.200000000000002842 23.950000000000002842 23.950000000000002842 28.400000000000002132 28.400000000000002132 33.200000000000002842 34 34 29.100000000000001421 20.800000000000000711 20.800000000000000711 18.650000000000002132 18.650000000000002132 18.25 12.050000000000000711 12.050000000000000711 11 12 12 8.75 8.75 15.900000000000000355 15 15 15.550000000000000711 15.200000000000001066 15.200000000000001066 11.950000000000001066 11.950000000000001066 11.75 2.25
8.9000000000000003553 8.9000000000000003553 7.4500000000000001776 6.6000000000000005329 6.6000000000000005329 7.25 7.25 7.25 8.5500000000000007105 8.5500000000000007105 10 14.550000000000000711 14.550000000000000711 16.900000000000002132 22.200000000000002842 22.200000000000002842 22.600000000000001421 22.600000000000001421 31.200000000000002842 27.25 27.25 24.100000000000001421 23.450000000000002842 23.450000000000002842 21.5 21.5 20.300000000000000711 7.8500000000000005329 7.8500000000000005329 12.200000000000001066 14.350000000000001421 14.350000000000001421 17.650000000000002132 17.650000000000002132 18.900000000000002132 17 17 15.600000000000001421 15.400000000000000355 15.400000000000000355 14.650000000000000355 14.650000000000000355 11.75 2.4500000000000001776
8.4000000000000003553 8.4000000000000003553 8.4000000000000003553 7.6000000000000005329 7.6000000000000005329 7.9000000000000003553 7.1500000000000003553 7.1500000000000003553 8.0999999999999996447 8.0999999999999996447 8.9500000000000010658 9.8000000000000007105 9.8000000000000007105 10.400000000000000355 15.900000000000000355 15.900000000000000355 18.800000000000000711 18.800000000000000711 28.25 22.75 22.75 20.150000000000002132 21.650000000000002132 21.650000000000002132 21.850000000000001421 21.850000000000001421 20.100000000000001421 19 19 8.9500000000000010658 14.600000000000001421 14.600000000000001421 21 21 20.850000000000001421 19.650000000000002132 19.650000000000002132 19.800000000000000711 15.75 15.75 14.800000000000000711 14.800000000000000711 4.6500000000000003553 4.3500000000000005329
8.4000000000000003553 8.4000000000000003553 8.4000000000000003553 7.6000000000000005329 7.6000000000000005329 7.9000000000000003553 7.1500000000000003553 7.1500000000000003553 8.0999999999999996447 8.0999999999999996447 8.9500000000000010658 9.8000000000000007105 9.8000000000000007105 10.400000000000000355 15.900000000000000355 15.900000000000000355 18.800000000000000711 18.800000000000000711 28.25 22.75 22.75 20.150000000000002132 21.650000000000002132 21.650000000000002132 21.850000000000001421 21.850000000000001421 20.100000000000001421 19 19 8.9500000000000010658 14.600000000000001421 14.600000000000001421 21 21 20.850000000000001421 19.650000000000002132 19.650000000000002132 19.800000000000000711 15.75 15.75 14.800000000000000711 14.800000000000000711 4.6500000000000003553 4.3500000000000005329
8.6500000000000003553 8.6500000000000003553 8.3000000000000007105 7.8500000000000005329 7.8500000000000005329 7.75 7.8500000000000005329 7.8500000000000005329 9.0500000000000007105 9.0500000000000007105 11.200000000000001066 12.100000000000001421 12.100000000000001421 10.550000000000000711 11.75 11.75 14.050000000000000711 14.050000000000000711 23.600000000000001421 20.300000000000000711 20.300000000000000711 19 16.650000000000002132 16.650000000000002132 21.100000000000001421 21.100000000000001421 20.200000000000002842 17.199999999999999289 17.199999999999999289 6.5500000000000007105 12.5 12.5 19.400000000000002132 19.400000000000002132 19.5 19.150000000000002132 19.150000000000002132 16.5 15 15 14.75 14.75 5.2000000000000001776 4.9500000000000001776
11.450000000000001066 11.450000000000001066 9 7 7 6.5500000000000007105 6.9500000000000001776 6.9500000000000001776 8.5500000000000007105 8.5500000000000007105 11.100000000000001421 11.300000000000000711 11.300000000000000711 8.8499999999999996447 8.6500000000000003553 8.6500000000000003553 8.3499999999999996447 8.3499999999999996447 13.850000000000001421 15.5 15.5 19.550000000000000711 13.200000000000001066 13.200000000000001066 9.6000000000000014211 9.6000000000000014211 6.5 7.4000000000000003553 7.4000000000000003553 4.1000000000000005329 4.0499999999999998224 4.0499999999999998224 15.900000000000000355 15.900000000000000355 16.850000000000001421 18.400000000000002132 18.400000000000002132 15.300000000000000711 10.100000000000001421 10.100000000000001421 14.950000000000001066 14.950000000000001066 5.6000000000000005329 5.5500000000000007105
11.450000000000001066 11.450000000000001066 9 7 7 6.5500000000000007105 6.9500000000000001776 6.9500000000000001776 8.5500000000000007105 8.5500000000000007105 11.100000000000001421 11.300000000000000711 11.300000000000000711 8.8499999999999996447 8.6500000000000003553 8.6500000000000003553 8.3499999999999996447 8.3499999999999996447 13.850000000000001421 15.5 15.5 19.550000000000000711 13.200000000000001066 13.200000000000001066 9.6000000000000014211 9.6000000000000014211 6.5 7.4000000000000003553 7.4000000000000003553 4.1000000000000005329 4.0499999999999998224 4.0499999999999998224 15.900000000000000355 15.900000000000000355 16.850000000000001421 18.400000000000002132 18.400000000000002132 15.300000000000000711 10.100000000000001421 10.100000000000001421 14.950000000000001066 14.950000000000001066 5.6000000000000005329 5.5500000000000007105
13.100000000000001421 13.100000000000001421 11 7.9500000000000001776 7.9500000000000001776 5.9500000000000001776 5.4500000000000001776 5.4500000000000001776 6.3000000000000007105 6.3000000000000007105 8.8000000000000007105 14.650000000000000355 14.650000000000000355 12.200000000000001066 9 9 6.1000000000000005329 6.1000000000000005329 7.25 13.400000000000000355 13.400000000000000355 14.050000000000000711 15.700000000000001066 15.700000000000001066 16.050000000000000711 16.050000000000000711 16.25 8.7000000000000010658 8.7000000000000010658 6.1500000000000003553 4.0499999999999998224 4.0499999999999998224 7.8000000000000007105 7.8000000000000007105 14.300000000000000711 15.800000000000000711 15.800000000000000711 15.400000000000000355 9.25 9.25 9.4500000000000010658 9.4500000000000010658 4.75 4.5499999999999998224
13.100000000000001421 13.100000000000001421 11 7.9500000000000001776 7.9500000000000001776 5.9500000000000001776 5.4500000000000001776 5.4500000000000001776 6.3000000000000007105 6.3000000000000007105 8.8000000000000007105 14.650000000000000355 14.650000000000000355 12.200000000000001066 9 9 6.1000000000000005329 6.1000000000000005329 7.25 13.400000000000000355 13.400000000000000355 14.050000000000000711 15.700000000000001066 15.700000000000001066 16.050000000000000711 16.050000000000000711 16.25 8.7000000000000010658 8.7000000000000010658 6.1500000000000003553 4.0499999999999998224 4.0499999999999998224 7.8000000000000007105 7.8000000000000007105 14.300000000000000711 15.800000000000000711 15.800000000000000711 15.400000000000000355 9.25 9.25 9.4500000000000010658 9.4500000000000010658 4.75 4.5499999999999998224
11.800000000000000711 11.800000000000000711 9.2000000000000010658 6.8500000000000005329 6.8500000000000005329 5.3500000000000005329 5.1500000000000003553 5.1500000000000003553 5.25 5.25 6.8500000000000005329 6.0500000000000007105 6.0500000000000007105 9.4500000000000010658 10.850000000000001421 10.850000000000001421 8.7000000000000010658 8.7000000000000010658 5.6000000000000005329 7.6500000000000003553 7.6500000000000003553 11.850000000000001421 17.800000000000000711 17.800000000000000711 20.350000000000001421 20.350000000000001421 25.600000000000001421 22.25 22.25 27.900000000000002132 4.4000000000000003553 4.4000000000000003553 6.3500000000000005329 6.3500000000000005329 7.1000000000000005329 10.050000000000000711 10.050000000000000711 9.5 6.1000000000000005329 6.1000000000000005329 9.25 9.25 1.7000000000000001776 4.1500000000000003553
11.300000000000000711 11.300000000000000711 9.1500000000000003553 6.8500000000000005329 6.8500000000000005329 5.7000000000000001776 5.1000000000000005329 5.1000000000000005329 4.75 4.75 4.6000000000000005329 4.5 4.5 3.8500000000000000888 7.8000000000000007105 7.8000000000000007105 11.050000000000000711 11.050000000000000711 7.4500000000000001776 5.9500000000000001776 5.9500000000000001776 7.75 11.400000000000000355 11.400000000000000355 17.550000000000000711 17.550000000000000711 22.75 28.700000000000002842 28.700000000000002842 23.5 28.800000000000000711 28.800000000000000711 9.75 9.75 6.5500000000000007105 3.6000000000000000888 3.6000000000000000888 8.6500000000000003553 5.5500000000000007105 5.5500000000000007105 0.80000000000000004441 0.80000000000000004441 1 0.25
11.300000000000000711 11.300000000000000711 9.1500000000000003553 6.8500000000000005329 6.8500000000000005329 5.7000000000000001776 5.1000000000000005329 5.1000000000000005329 4.75 4.75 4.6000000000000005329 4.5 4.5 3.8500000000000000888 7.8000000000000007105 7.8000000000000007105 11.050000000000000711 11.050000000000000711 7.4500000000000001776 5.9500000000000001776 5.9500000000000001776 7.75 11.400000000000000355 11.400000000000000355 17.550000000000000711 17.550000000000000711 22.75 28.700000000000002842 28.700000000000002842 23.5 28.800000000000000711 28.800000000000000711 9.75 9.75 6.5500000000000007105 3.6000000000000000888 3.6000000000000000888 8.6500000000000003553 5.5500000000000007105 5.5500000000000007105 0.80000000000000004441 0.80000000000000004441 1 0.25
9.75 9.75 11.850000000000001421 12.900000000000000355 12.900000000000000355 11.100000000000001421 7.6500000000000003553 7.6500000000000003553 4.6500000000000003553 4.6500000000000003553 5.9500000000000001776 7.2000000000000001776 7.2000000000000001776 5.6000000000000005329 5.1000000000000005329 5.1000000000000005329 8 8 9.8000000000000007105 8.5500000000000007105 8.5500000000000007105 7.25 8.3499999999999996447 8.3499999999999996447 10.650000000000000355 10.650000000000000355 20.950000000000002842 20.700000000000002842 20.700000000000002842 24.350000000000001421 27.900000000000002132 27.900000000000002132 13.150000000000000355 13.150000000000000355 8.0999999999999996447 3.5500000000000002665 3.5500000000000002665 4.2000000000000001776 2.9000000000000003553 2.9000000000000003553 0 0 0.050000000000000002776 0.050000000000000002776
