assets/RAT_results_old/precipitation/2023-10-15_IMERG.asc
ncols        46
nrows        77
xllcorner    74.800261325624
yllcorner    8.058333333333
cellsize     0.062500000000
NODATA_value -9999
 3 3 9 3 3 1 0 0 0 0 0 0 0 0 1 1 0 0 0 0 0 0 0 0 0 0 0 3 3 0 0 0 0 0 0 0 0 0 0 0 0 0 0 0 0 0
 5 5 16 13 13 6 1 1 0 0 0 0 0 0 1 1 1 1 0 0 0 0 0 0 0 0 1 1 1 0 0 0 1 1 0 0 0 0 0 0 0 0 0 0 0 0
 5 5 16 13 13 6 1 1 0 0 0 0 0 0 1 1 1 1 0 0 0 0 0 0 0 0 1 1 1 0 0 0 1 1 0 0 0 0 0 0 0 0 0 0 0 0
 11 11 25 22 22 16 2 2 0 0 0 0 0 1 2 2 2 2 0 0 0 0 0 0 0 0 0 1 1 0 0 0 1 1 0 0 0 0 0 0 0 0 0 0 0 0
 13 13 19 24 24 14 4 4 0 0 0 0 0 1 2 2 1 1 0 0 0 0 0 0 0 0 0 0 0 0 0 0 1 1 0 0 0 0 0 0 0 0 0 0 0 0
 13 13 19 24 24 14 4 4 0 0 0 0 0 1 2 2 1 1 0 0 0 0 0 0 0 0 0 0 0 0 0 0 1 1 0 0 0 0 0 0 0 0 0 0 0 0
 11 11 12 16 16 7 6 6 0 0 0 0 0 0 1 1 1 1 0 0 0 0 0 0 0 0 0 0 0 0 0 0 0 0 0 0 0 0 0 0 0 0 0 0 0 0
 11 11 12 16 16 7 6 6 0 0 0 0 0 0 1 1 1 1 0 0 0 0 0 0 0 0 0 0 0 0 0 0 0 0 0 0 0 0 0 0 0 0 0 0 0 0
 2 2 6 3 3 1 6 6 0 0 0 0 0 2 0 0 0 0 0 0 0 0 0 0 0 0 0 0 0 0 0 0 0 0 0 0 0 0 0 0 0 0 0 0 0 0
 2 2 2 2 2 0 0 0 0 0 0 0 0 0 0 0 0 0 0 0 0 0 0 0 0 0 0 0 0 0 0 0 0 0 0 1 1 0 0 0 0 0 0 0 0 0
 2 2 2 2 2 0 0 0 0 0 0 0 0 0 0 0 0 0 0 0 0 0 0 0 0 0 0 0 0 0 0 0 0 0 0 1 1 0 0 0 0 0 0 0 0 0
 2 2 1 1 1 1 0 0 0 0 0 0 0 0 1 1 1 1 0 0 0 0 0 0 0 0 0 0 0 0 0 0 0 0 0 0 0 0 0 0 0 0 0 0 0 0
 2 2 2 2 2 1 0 0 0 0 0 0 0 1 3 3 2 2 1 1 1 2 1 1 1 1 0 0 0 0 0 0 0 0 0 0 0 0 0 0 0 0 0 0 0 0
 2 2 2 2 2 1 0 0 0 0 0 0 0 1 3 3 2 2 1 1 1 2 1 1 1 1 0 0 0 0 0 0 0 0 0 0 0 0 0 0 0 0 0 0 0 0
 3 3 3 3 3 2 0 0 0 0 1 1 1 3 6 6 7 7 5 5 5 3 2 2 1 1 1 1 1 2 0 0 1 1 1 1 1 0 0 0 0 0 0 0 0 0
 3 3 3 3 3 2 0 0 0 0 1 1 1 3 6 6 7 7 5 5 5 3 2 2 1 1 1 1 1 2 0 0 1 1 1 1 1 0 0 0 0 0 0 0 0 0
 2 2 3 4 4 3 2 2 0 0 1 2 2 3 6 6 9 9 7 7 7 5 2 2 1 1 7 8 8 1 1 1 2 2 4 3 3 1 1 1 0 0 0 0 0 0
 1 1 1 2 2 2 2 2 1 1 1 1 1 1 3 3 5 5 4 4 4 4 1 1 0 0 2 1 1 0 1 1 1 1 4 6 6 2 0 0 0 0 0 0 0 0
 1 1 1 2 2 2 2 2 1 1 1 1 1 1 3 3 5 5 4 4 4 4 1 1 0 0 2 1 1 0 1 1 1 1 4 6 6 2 0 0 0 0 0 0 0 0
 1 1 1 1 1 2 2 2 1 1 1 1 1 1 1 1 1 1 1 1 1 2 1 1 0 0 1 1 1 0 0 0 0 0 1 2 2 1 0 0 0 0 0 0 0 0
 0 0 0 1 1 1 1 1 1 1 1 2 2 1 2 2 0 0 0 0 0 1 1 1 0 0 0 0 0 0 0 0 0 0 4 1 1 1 1 1 1 1 0 0 0 0
 0 0 0 1 1 1 1 1 1 1 1 2 2 1 2 2 0 0 0 0 0 1 1 1 0 0 0 0 0 0 0 0 0 0 4 1 1 1 1 1 1 1 0 0 0 0
 0 0 0 0 0 1 1 1 1 1 1 4 4 1 3 3 1 1 1 0 0 1 1 1 1 1 0 0 0 0 1 1 0 0 0 1 1 2 2 2 2 2 1 1 1 1
 0 0 0 0 0 1 1 1 1 1 1 4 4 1 3 3 1 1 1 0 0 1 1 1 1 1 0 0 0 0 1 1 0 0 0 1 1 2 2 2 2 2 1 1 1 1
 0 0 0 0 0 0 0 0 1 1 1 2 2 2 2 2 1 1 1 2 2 4 3 3 6 6 3 2 2 1 0 0 0 0 1 2 2 3 3 3 4 4 3 2 2 2
 0 0 0 0 0 0 1 1 0 0 1 2 2 1 0 0 0 0 1 6 6 7 11 11 10 10 4 2 2 1 0 0 1 1 2 3 3 4 5 5 5 5 5 4 4 3
 0 0 0 0 0 0 1 1 0 0 1 2 2 1 0 0 0 0 1 6 6 7 11 11 10 10 4 2 2 1 0 0 1 1 2 3 3 4 5 5 5 5 5 4 4 3
 0 0 1 0 0 0 0 0 1 1 1 1 1 1 1 1 0 0 1 7 7 11 17 17 19 19 22 23 23 4 5 5 1 1 5 4 4 5 6 6 6 6 7 6 6 6
 0 0 1 1 1 1 1 1 1 1 1 2 2 1 2 2 2 2 2 6 6 8 16 16 15 15 21 23 23 5 5 5 2 2 3 4 4 6 7 7 8 8 9 8 8 7
 0 0 1 1 1 1 1 1 1 1 1 2 2 1 2 2 2 2 2 6 6 8 16 16 15 15 21 23 23 5 5 5 2 2 3 4 4 6 7 7 8 8 9 8 8 7
 1 1 1 1 1 1 1 1 1 1 1 2 2 2 2 2 2 2 2 4 4 4 11 11 11 11 20 16 16 11 1 1 2 2 3 5 5 6 8 8 9 9 10 9 9 8
 1 1 1 1 1 1 1 1 1 1 1 2 2 2 2 2 2 2 2 4 4 4 11 11 11 11 20 16 16 11 1 1 2 2 3 5 5 6 8 8 9 9 10 9 9 8
 0 0 1 1 1 1 1 1 1 1 2 2 2 2 2 2 1 1 3 3 3 3 2 2 2 2 3 13 13 1 1 1 2 2 4 6 6 8 8 8 9 9 10 10 10 8
 3 3 1 0 0 1 1 1 2 2 2 2 2 2 2 2 4 4 3 1 1 1 1 1 2 2 2 1 1 1 1 1 2 2 6 9 9 12 10 10 10 10 10 12 12 9
 3 3 1 0 0 1 1 1 2 2 2 2 2 2 2 2 4 4 3 1 1 1 1 1 2 2 2 1 1 1 1 1 2 2 6 9 9 12 10 10 10 10 10 12 12 9
 5 5 4 1 1 1 1 1 2 2 2 2 2 5 5 5 11 11 4 1 1 1 1 1 1 1 1 1 1 1 6 6 2 2 7 8 8 11 8 8 7 7 6 5 5 5
 15 15 11 10 10 10 1 1 2 2 2 2 2 6 5 5 10 10 5 6 6 6 7 7 4 4 2 7 7 3 10 10 8 8 9 6 6 8 15 15 11 11 10 8 8 3
 15 15 11 10 10 10 1 1 2 2 2 2 2 6 5 5 10 10 5 6 6 6 7 7 4 4 2 7 7 3 10 10 8 8 9 6 6 8 15 15 11 11 10 8 8 3
 15 15 12 10 10 11 3 3 4 4 3 4 4 8 7 7 11 11 9 8 8 7 6 6 4 4 4 7 7 6 8 8 9 9 9 9 9 8 19 19 23 23 8 13 13 9
 15 15 12 10 10 11 3 3 4 4 3 4 4 8 7 7 11 11 9 8 8 7 6 6 4 4 4 7 7 6 8 8 9 9 9 9 9 8 19 19 23 23 8 13 13 9
 15 15 14 14 14 17 10 10 9 9 3 8 8 9 10 10 13 13 13 11 11 8 9 9 6 6 9 9 9 9 9 9 6 6 7 9 9 19 30 30 34 34 45 38 38 44
 9 9 16 17 17 25 11 11 9 9 9 9 9 11 15 15 15 15 15 21 21 4 4 4 4 4 10 10 10 10 9 9 7 7 8 10 10 26 30 30 44 44 38 85 85 77
 9 9 16 17 17 25 11 11 9 9 9 9 9 11 15 15 15 15 15 21 21 4 4 4 4 4 10 10 10 10 9 9 7 7 8 10 10 26 30 30 44 44 38 85 85 77
 18 18 19 20 20 24 14 14 12 12 12 9 9 11 15 15 15 15 17 22 22 6 4 4 2 2 8 14 14 15 15 15 18 18 18 13 13 23 26 26 56 56 72 95 95 82
 23 23 24 25 25 25 17 17 14 14 13 11 11 9 14 14 15 15 14 12 12 10 3 3 3 3 7 11 11 15 19 19 17 17 21 24 24 22 28 28 32 32 48 61 61 74
 23 23 24 25 25 25 17 17 14 14 13 11 11 9 14 14 15 15 14 12 12 10 3 3 3 3 7 11 11 15 19 19 17 17 21 24 24 22 28 28 32 32 48 61 61 74
 15 15 19 24 24 21 19 19 17 17 14 16 16 11 13 13 13 13 13 11 11 6 4 4 5 5 5 11 11 12 16 16 18 18 30 34 34 29 22 22 26 26 21 58 58 61
 15 15 19 24 24 21 19 19 17 17 14 16 16 11 13 13 13 13 13 11 11 6 4 4 5 5 5 11 11 12 16 16 18 18 30 34 34 29 22 22 26 26 21 58 58 61
 16 16 18 18 18 18 19 19 19 19 18 15 15 10 13 13 13 13 13 7 7 7 5 5 2 2 2 4 4 6 6 6 15 15 19 26 26 30 13 13 13 13 15 22 22 41
 22 22 23 19 19 21 22 22 22 22 18 16 16 15 15 15 14 14 12 11 11 7 6 6 5 5 3 3 3 4 5 5 8 8 11 16 16 18 10 10 8 8 5 10 10 39
 22 22 23 19 19 21 22 22 22 22 18 16 16 15 15 15 14 14 12 11 11 7 6 6 5 5 3 3 3 4 5 5 8 8 11 16 16 18 10 10 8 8 5 10 10 39
 26 26 25 26 26 23 23 23 23 23 23 18 18 16 14 14 11 11 9 13 13 13 15 15 7 7 6 6 6 1 1 1 3 3 5 8 8 17 9 9 5 5 5 6 6 13
 24 24 25 29 29 27 27 27 30 30 27 23 23 20 19 19 11 11 11 19 19 21 17 17 10 10 7 5 5 3 1 1 3 3 3 7 7 11 11 11 8 8 5 6 6 8
 24 24 25 29 29 27 27 27 30 30 27 23 23 20 19 19 11 11 11 19 19 21 17 17 10 10 7 5 5 3 1 1 3 3 3 7 7 11 11 11 8 8 5 6 6 8
 21 21 28 30 30 29 29 29 28 28 28 24 24 26 30 30 20 20 26 24 24 19 19 19 14 14 10 8 8 5 4 4 3 3 3 8 8 8 11 11 9 9 5 5 5 7
 21 21 28 30 30 29 29 29 28 28 28 24 24 26 30 30 20 20 26 24 24 19 19 19 14 14 10 8 8 5 4 4 3 3 3 8 8 8 11 11 9 9 5 5 5 7
 20 20 24 31 31 31 29 29 32 32 33 34 34 34 31 31 28 28 29 32 32 28 27 27 14 14 10 10 10 6 3 3 2 2 6 10 10 11 13 13 13 13 6 4 4 5
 21 21 27 29 29 33 34 34 37 37 38 41 41 43 39 39 36 36 31 36 36 35 31 31 23 23 10 8 8 8 4 4 5 5 7 8 8 11 9 9 6 6 3 2 2 4
 21 21 27 29 29 33 34 34 37 37 38 41 41 43 39 39 36 36 31 36 36 35 31 31 23 23 10 8 8 8 4 4 5 5 7 8 8 11 9 9 6 6 3 2 2 4
 22 22 24 31 31 35 42 42 45 45 50 50 50 50 42 42 37 37 32 32 32 33 39 39 28 28 13 8 8 8 7 7 9 9 10 10 10 15 12 12 6 6 2 1 1 7
 23 23 26 36 36 40 49 49 52 52 55 53 53 50 41 41 37 37 34 32 32 34 36 36 26 26 14 9 9 10 13 13 18 18 19 13 13 15 13 13 7 7 2 1 1 5
 23 23 26 36 36 40 49 49 52 52 55 53 53 50 41 41 37 37 34 32 32 34 36 36 26 26 14 9 9 10 13 13 18 18 19 13 13 15 13 13 7 7 2 1 1 5
 23 23 27 34 34 38 46 46 53 53 53 55 55 46 36 36 33 33 34 32 32 33 27 27 27 27 19 13 13 15 15 15 19 19 19 16 16 10 11 11 5 5 1 1 1 5
 23 23 27 34 34 38 46 46 53 53 53 55 55 46 36 36 33 33 34 32 32 33 27 27 27 27 19 13 13 15 15 15 19 19 19 16 16 10 11 11 5 5 1 1 1 5
 24 24 28 34 34 36 44 44 46 46 44 44 44 34 33 33 32 32 31 36 36 31 28 28 25 25 16 13 13 17 26 26 33 33 21 16 16 12 9 9 5 5 1 1 1 5
 24 24 27 31 31 36 38 38 39 39 32 35 35 30 26 26 27 27 28 34 34 28 27 27 21 21 18 18 18 29 43 43 38 38 17 11 11 9 14 14 7 7 1 1 1 4
 24 24 27 31 31 36 38 38 39 39 32 35 35 30 26 26 27 27 28 34 34 28 27 27 21 21 18 18 18 29 43 43 38 38 17 11 11 9 14 14 7 7 1 1 1 4
 20 20 22 25 25 28 29 29 28 28 25 27 27 23 20 20 22 22 28 27 27 27 22 22 24 24 21 29 29 36 72 72 49 49 26 14 14 10 7 7 5 5 2 2 2 3
 18 18 19 21 21 21 20 20 19 19 23 25 25 19 19 19 23 23 25 24 24 21 13 13 19 19 19 34 34 48 45 45 33 33 19 15 15 7 4 4 3 3 3 3 3 3
 18 18 19 21 21 21 20 20 19 19 23 25 25 19 19 19 23 23 25 24 24 21 13 13 19 19 19 34 34 48 45 45 33 33 19 15 15 7 4 4 3 3 3 3 3 3
 17 17 17 17 17 18 18 18 21 21 24 20 20 15 13 13 17 17 15 24 24 25 14 14 8 8 14 22 22 26 23 23 16 16 12 12 12 7 4 4 4 4 5 5 5 2
 17 17 17 17 17 18 18 18 21 21 24 20 20 15 13 13 17 17 15 24 24 25 14 14 8 8 14 22 22 26 23 23 16 16 12 12 12 7 4 4 4 4 5 5 5 2
 15 15 15 15 15 14 14 14 15 15 17 16 16 14 18 18 15 15 10 11 11 12 9 9 7 7 11 12 12 13 14 14 14 14 12 12 12 11 9 9 5 5 7 4 4 1
 11 11 12 13 13 13 13 13 12 12 14 14 14 13 13 13 13 13 3 9 9 13 9 9 5 5 6 8 8 8 9 9 14 14 17 13 13 21 17 17 12 12 6 4 4 2
 11 11 12 13 13 13 13 13 12 12 14 14 14 13 13 13 13 13 3 9 9 13 9 9 5 5 6 8 8 8 9 9 14 14 17 13 13 21 17 17 12 12 6 4 4 2
 8 8 9 9 9 11 12 12 14 14 13 12 12 12 13 13 12 12 3 4 4 7 7 7 9 9 6 6 6 6 4 4 7 7 11 18 18 21 25 25 13 13 6 5 5 1
 7 7 7 8 8 9 10 10 13 13 12 11 11 12 11 11 4 4 5 5 5 4 4 4 8 8 6 5 5 5 3 3 6 6 10 19 19 23 22 22 19 19 11 7 7 1
