assets/RAT_results_old/precipitation/2023-09-10_IMERG.asc
ncols        46
nrows        77
xllcorner    74.800261325624
yllcorner    8.058333333333
cellsize     0.062500000000
NODATA_value -9999
 4 4 0 1 1 7 8 8 7 7 3 5 5 12 4 4 5 5 3 2 2 0 0 0 0 0 0 0 0 0 0 0 0 0 0 0 0 0 0 0 0 0 0 0 0 0
 5 5 1 1 1 9 7 7 2 2 1 0 0 4 10 10 3 3 0 0 0 0 0 0 0 0 0 0 0 0 0 0 0 0 0 0 0 0 0 0 0 0 0 0 0 0
 5 5 1 1 1 9 7 7 2 2 1 0 0 4 10 10 3 3 0 0 0 0 0 0 0 0 0 0 0 0 0 0 0 0 0 0 0 0 0 0 0 0 0 0 0 0
 8 8 6 1 1 1 1 1 3 3 0 0 0 2 3 3 8 8 1 1 1 0 0 0 0 0 0 0 0 0 0 0 0 0 0 0 0 0 0 0 0 0 0 0 0 0
 15 15 9 7 7 11 0 0 1 1 0 0 0 0 0 0 2 2 2 0 0 0 0 0 0 0 0 0 0 0 0 0 0 0 0 0 0 0 0 0 0 0 0 0 0 1
 15 15 9 7 7 11 0 0 1 1 0 0 0 0 0 0 2 2 2 0 0 0 0 0 0 0 0 0 0 0 0 0 0 0 0 0 0 0 0 0 0 0 0 0 0 1
 25 25 35 9 9 10 4 4 7 7 1 1 1 0 0 0 0 0 0 0 0 0 0 0 0 0 0 0 0 0 0 0 0 0 0 0 0 0 0 0 0 0 0 0 0 0
 25 25 35 9 9 10 4 4 7 7 1 1 1 0 0 0 0 0 0 0 0 0 0 0 0 0 0 0 0 0 0 0 0 0 0 0 0 0 0 0 0 0 0 0 0 0
 39 39 57 14 14 15 12 12 12 12 5 6 6 2 0 0 0 0 2 0 0 0 0 0 0 0 0 0 0 0 0 0 0 0 0 0 0 0 0 0 0 0 0 0 0 0
 31 31 73 23 23 22 20 20 16 16 10 11 11 10 5 5 0 0 0 0 0 0 0 0 0 0 0 0 0 0 0 0 0 0 0 0 0 0 0 0 0 0 0 0 0 0
 31 31 73 23 23 22 20 20 16 16 10 11 11 10 5 5 0 0 0 0 0 0 0 0 0 0 0 0 0 0 0 0 0 0 0 0 0 0 0 0 0 0 0 0 0 0
 34 34 61 55 55 25 22 22 25 25 18 11 11 12 19 19 10 10 4 0 0 0 0 0 0 0 0 0 0 0 0 0 0 0 0 0 0 0 0 0 0 0 0 0 0 0
 54 54 33 74 74 26 26 26 19 19 14 10 10 10 10 10 6 6 4 0 0 0 0 0 0 0 0 0 0 0 0 0 0 0 0 0 0 0 0 0 0 0 0 0 0 0
 54 54 33 74 74 26 26 26 19 19 14 10 10 10 10 10 6 6 4 0 0 0 0 0 0 0 0 0 0 0 0 0 0 0 0 0 0 0 0 0 0 0 0 0 0 0
 44 44 41 37 37 19 7 7 11 11 22 13 13 6 6 6 6 6 5 0 0 0 0 0 0 0 0 0 0 0 0 0 0 0 0 0 0 0 0 0 0 0 0 0 0 0
 44 44 41 37 37 19 7 7 11 11 22 13 13 6 6 6 6 6 5 0 0 0 0 0 0 0 0 0 0 0 0 0 0 0 0 0 0 0 0 0 0 0 0 0 0 0
 34 34 32 23 23 22 18 18 7 7 12 9 9 7 4 4 6 6 6 1 1 0 0 0 0 0 0 0 0 0 0 0 0 0 0 0 0 0 0 0 0 0 0 0 0 0
 24 24 20 29 29 30 6 6 8 8 7 7 7 5 7 7 5 5 4 1 1 0 0 0 0 0 0 0 0 0 0 0 0 0 0 0 0 0 0 0 0 0 0 0 0 0
 24 24 20 29 29 30 6 6 8 8 7 7 7 5 7 7 5 5 4 1 1 0 0 0 0 0 0 0 0 0 0 0 0 0 0 0 0 0 0 0 0 0 0 0 0 0
 16 16 13 16 16 19 22 22 20 20 4 6 6 7 8 8 3 3 3 3 3 0 0 0 0 0 0 0 0 0 0 0 0 0 0 0 0 0 0 0 0 0 0 0 0 0
 19 19 13 9 9 11 21 21 13 13 7 6 6 4 3 3 3 3 3 0 0 0 0 0 0 0 0 0 0 0 0 0 0 0 0 0 0 0 0 0 0 0 0 0 0 0
 19 19 13 9 9 11 21 21 13 13 7 6 6 4 3 3 3 3 3 0 0 0 0 0 0 0 0 0 0 0 0 0 0 0 0 0 0 0 0 0 0 0 0 0 0 0
 16 16 12 10 10 11 11 11 13 13 22 6 6 6 2 2 1 1 0 0 0 2 0 0 0 0 0 1 1 1 0 0 0 0 0 0 0 0 0 0 0 0 0 0 0 1
 16 16 12 10 10 11 11 11 13 13 22 6 6 6 2 2 1 1 0 0 0 2 0 0 0 0 0 1 1 1 0 0 0 0 0 0 0 0 0 0 0 0 0 0 0 1
 15 15 11 11 11 11 10 10 9 9 5 17 17 3 3 3 4 4 4 2 2 0 2 2 0 0 0 0 0 0 0 0 0 0 0 0 0 0 0 0 0 0 0 0 0 0
 10 10 10 12 12 11 10 10 9 9 5 10 10 14 5 5 10 10 7 2 2 3 2 2 2 2 2 1 1 1 0 0 0 0 0 0 0 0 0 0 0 0 0 0 0 0
 10 10 10 12 12 11 10 10 9 9 5 10 10 14 5 5 10 10 7 2 2 3 2 2 2 2 2 1 1 1 0 0 0 0 0 0 0 0 0 0 0 0 0 0 0 0
 15 15 8 11 11 14 12 12 10 10 10 17 17 11 4 4 14 14 25 3 3 2 5 5 3 3 3 1 1 1 0 0 0 0 0 0 0 0 0 0 0 0 0 0 0 0
 19 19 15 11 11 17 14 14 12 12 14 12 12 9 10 10 14 14 15 12 12 11 8 8 6 6 4 2 2 0 0 0 0 0 0 0 0 0 0 0 0 0 0 0 0 0
 19 19 15 11 11 17 14 14 12 12 14 12 12 9 10 10 14 14 15 12 12 11 8 8 6 6 4 2 2 0 0 0 0 0 0 0 0 0 0 0 0 0 0 0 0 0
 17 17 20 17 17 14 20 20 16 16 8 7 7 4 7 7 6 6 14 21 21 8 2 2 1 1 1 2 2 3 2 2 0 0 0 0 0 0 0 0 0 0 0 0 0 0
 17 17 20 17 17 14 20 20 16 16 8 7 7 4 7 7 6 6 14 21 21 8 2 2 1 1 1 2 2 3 2 2 0 0 0 0 0 0 0 0 0 0 0 0 0 0
 13 13 16 17 17 18 18 18 18 18 14 7 7 5 8 8 10 10 18 18 18 12 3 3 5 5 4 1 1 1 2 2 0 0 0 0 0 0 0 0 0 0 0 0 0 0
 8 8 13 9 9 13 18 18 17 17 17 19 19 11 5 5 11 11 15 16 16 10 7 7 11 11 5 6 6 2 1 1 0 0 0 0 0 0 0 0 0 0 0 0 0 0
 8 8 13 9 9 13 18 18 17 17 17 19 19 11 5 5 11 11 15 16 16 10 7 7 11 11 5 6 6 2 1 1 0 0 0 0 0 0 0 0 0 0 0 0 0 0
 7 7 8 9 9 7 11 11 16 16 17 12 12 9 6 6 13 13 14 17 17 22 12 12 16 16 6 10 10 7 4 4 2 2 1 0 0 0 0 0 0 0 0 0 0 0
 8 8 6 5 5 7 7 7 8 8 16 11 11 10 12 12 13 13 15 18 18 26 33 33 25 25 20 14 14 8 3 3 4 4 2 1 1 0 0 0 0 0 0 0 0 0
 8 8 6 5 5 7 7 7 8 8 16 11 11 10 12 12 13 13 15 18 18 26 33 33 25 25 20 14 14 8 3 3 4 4 2 1 1 0 0 0 0 0 0 0 0 0
 11 11 7 12 12 8 13 13 11 11 12 13 13 11 14 14 25 25 25 21 21 24 29 29 30 30 21 20 20 8 4 4 3 3 0 1 1 0 0 0 0 0 0 0 0 0
 11 11 7 12 12 8 13 13 11 11 12 13 13 11 14 14 25 25 25 21 21 24 29 29 30 30 21 20 20 8 4 4 3 3 0 1 1 0 0 0 0 0 0 0 0 0
 15 15 23 24 24 24 19 19 13 13 8 8 8 9 19 19 29 29 30 17 17 18 19 19 14 14 19 19 19 8 6 6 5 5 2 2 2 0 0 0 0 0 0 0 0 0
 16 16 28 30 30 22 18 18 17 17 8 7 7 11 13 13 14 14 15 12 12 12 10 10 9 9 9 10 10 7 6 6 5 5 2 2 2 0 1 1 1 1 0 0 0 2
 16 16 28 30 30 22 18 18 17 17 8 7 7 11 13 13 14 14 15 12 12 12 10 10 9 9 9 10 10 7 6 6 5 5 2 2 2 0 1 1 1 1 0 0 0 2
 18 18 20 19 19 18 12 12 10 10 10 11 11 9 7 7 7 7 11 7 7 10 10 10 10 10 16 5 5 6 8 8 7 7 4 2 2 3 2 2 0 0 2 1 1 0
 28 28 23 28 28 9 29 29 9 9 10 11 11 12 14 14 22 22 26 29 29 8 11 11 7 7 7 10 10 5 12 12 11 11 5 1 1 1 0 0 2 2 0 0 0 0
 28 28 23 28 28 9 29 29 9 9 10 11 11 12 14 14 22 22 26 29 29 8 11 11 7 7 7 10 10 5 12 12 11 11 5 1 1 1 0 0 2 2 0 0 0 0
 23 23 22 23 23 25 26 26 4 4 5 10 10 13 20 20 27 27 28 18 18 6 6 6 9 9 6 5 5 5 12 12 10 10 7 3 3 1 0 0 1 1 0 0 0 0
 23 23 22 23 23 25 26 26 4 4 5 10 10 13 20 20 27 27 28 18 18 6 6 6 9 9 6 5 5 5 12 12 10 10 7 3 3 1 0 0 1 1 0 0 0 0
 23 23 30 24 24 18 18 18 6 6 4 6 6 7 12 12 14 14 13 9 9 4 6 6 8 8 6 6 6 3 16 16 12 12 8 1 1 1 0 0 1 1 1 0 0 0
 14 14 21 17 17 8 19 19 7 7 5 6 6 6 5 5 7 7 3 5 5 2 3 3 3 3 6 3 3 7 12 12 12 12 4 1 1 1 1 1 1 1 2 0 0 0
 14 14 21 17 17 8 19 19 7 7 5 6 6 6 5 5 7 7 3 5 5 2 3 3 3 3 6 3 3 7 12 12 12 12 4 1 1 1 1 1 1 1 2 0 0 0
 28 28 23 19 19 10 12 12 10 10 8 7 7 6 3 3 3 3 3 3 3 2 4 4 13 13 4 4 4 4 6 6 7 7 4 1 1 1 1 1 1 1 0 0 0 1
 27 27 20 20 20 21 14 14 11 11 10 8 8 6 6 6 5 5 5 3 3 3 6 6 2 2 2 4 4 4 3 3 2 2 2 3 3 0 0 0 0 0 1 0 0 0
 27 27 20 20 20 21 14 14 11 11 10 8 8 6 6 6 5 5 5 3 3 3 6 6 2 2 2 4 4 4 3 3 2 2 2 3 3 0 0 0 0 0 1 0 0 0
 26 26 22 13 13 15 17 17 12 12 9 6 6 6 7 7 4 4 6 3 3 5 11 11 4 4 6 10 10 4 4 4 5 5 7 4 4 4 0 0 1 1 1 1 1 1
 26 26 22 13 13 15 17 17 12 12 9 6 6 6 7 7 4 4 6 3 3 5 11 11 4 4 6 10 10 4 4 4 5 5 7 4 4 4 0 0 1 1 1 1 1 1
 12 12 14 12 12 20 22 22 9 9 8 7 7 5 7 7 5 5 6 4 4 2 5 5 3 3 3 8 8 4 4 4 1 1 3 2 2 1 4 4 1 1 1 1 1 1
 16 16 20 21 21 36 25 25 17 17 17 14 14 13 7 7 6 6 11 7 7 8 7 7 1 1 2 0 0 8 4 4 3 3 3 4 4 3 2 2 0 0 0 0 0 0
 16 16 20 21 21 36 25 25 17 17 17 14 14 13 7 7 6 6 11 7 7 8 7 7 1 1 2 0 0 8 4 4 3 3 3 4 4 3 2 2 0 0 0 0 0 0
 16 16 22 35 35 38 28 28 22 22 22 21 21 17 12 12 9 9 13 17 17 19 11 11 7 7 2 1 1 2 1 1 4 4 3 1 1 1 1 1 0 0 0 0 0 0
 15 15 18 34 34 30 21 21 16 16 17 23 23 29 26 26 19 19 18 17 17 23 24 24 9 9 7 1 1 5 2 2 1 1 1 2 2 2 0 0 0 0 0 0 0 0
 15 15 18 34 34 30 21 21 16 16 17 23 23 29 26 26 19 19 18 17 17 23 24 24 9 9 7 1 1 5 2 2 1 1 1 2 2 2 0 0 0 0 0 0 0 0
 18 18 15 21 21 20 17 17 12 12 15 24 24 28 27 27 25 25 24 28 28 42 36 36 15 15 19 6 6 10 4 4 2 2 0 0 0 2 1 1 0 0 0 0 0 0
 18 18 15 21 21 20 17 17 12 12 15 24 24 28 27 27 25 25 24 28 28 42 36 36 15 15 19 6 6 10 4 4 2 2 0 0 0 2 1 1 0 0 0 0 0 0
 23 23 23 22 22 17 22 22 20 20 17 19 19 25 28 28 29 29 30 50 50 80 101 101 33 33 16 13 13 11 4 4 6 6 2 0 0 0 0 0 1 1 0 0 0 0
 34 34 39 28 28 36 38 38 39 39 37 31 31 29 33 33 28 28 29 56 56 136 71 71 45 45 19 12 12 7 4 4 6 6 6 2 2 2 0 0 1 1 0 0 0 0
 34 34 39 28 28 36 38 38 39 39 37 31 31 29 33 33 28 28 29 56 56 136 71 71 45 45 19 12 12 7 4 4 6 6 6 2 2 2 0 0 1 1 0 0 0 0
 43 43 35 19 19 27 17 17 29 29 28 38 38 38 33 33 27 27 30 45 45 36 42 42 40 40 24 12 12 8 3 3 3 3 6 3 3 2 0 0 1 1 0 0 0 0
 27 27 23 14 14 10 8 8 16 16 15 16 16 20 17 17 10 10 16 18 18 24 21 21 29 29 47 63 63 22 3 3 2 2 1 1 1 2 0 0 0 0 0 2 2 0
 27 27 23 14 14 10 8 8 16 16 15 16 16 20 17 17 10 10 16 18 18 24 21 21 29 29 47 63 63 22 3 3 2 2 1 1 1 2 0 0 0 0 0 2 2 0
 15 15 12 9 9 8 9 9 12 12 11 7 7 9 8 8 7 7 8 11 11 12 18 18 16 16 36 58 58 16 8 8 3 3 1 1 1 2 1 1 0 0 0 1 1 0
 15 15 12 9 9 8 9 9 12 12 11 7 7 9 8 8 7 7 8 11 11 12 18 18 16 16 36 58 58 16 8 8 3 3 1 1 1 2 1 1 0 0 0 1 1 0
 11 11 7 7 7 9 10 10 10 10 8 6 6 5 4 4 9 9 11 10 10 10 10 10 12 12 23 14 14 16 15 15 15 15 3 4 4 1 1 1 1 1 0 0 0 0
 49 49 7 8 8 12 9 9 10 10 5 6 6 9 8 8 8 8 10 11 11 8 7 7 6 6 9 13 13 16 20 20 21 21 9 7 7 1 1 1 1 1 0 0 0 0
 49 49 7 8 8 12 9 9 10 10 5 6 6 9 8 8 8 8 10 11 11 8 7 7 6 6 9 13 13 16 20 20 21 21 9 7 7 1 1 1 1 1 0 0 0 0
 12 12 14 7 7 15 12 12 10 10 5 5 5 7 12 12 16 16 14 13 13 7 9 9 9 9 12 12 12 15 26 26 53 53 47 4 4 5 2 2 0 0 0 0 0 0
 13 13 12 14 14 19 22 22 17 17 9 6 6 7 9 9 20 20 32 13 13 10 10 10 13 13 15 14 14 13 14 14 19 19 31 8 8 5 3 3 1 1 0 0 0 0
