assets/RAT_results_old/precipitation/2023-06-18_IMERG.asc
ncols        46
nrows        77
xllcorner    74.800261325624
yllcorner    8.058333333333
cellsize     0.062500000000
NODATA_value -9999
 5 5 1 1 1 1 2 2 2 2 3 3 3 4 5 5 5 5 4 4 4 4 4 4 4 4 5 6 6 9 9 9 9 9 4 2 2 2 1 1 0 0 1 1 1 1
 5 5 3 5 5 3 5 5 2 2 3 3 3 3 3 3 3 3 3 3 3 2 2 2 3 3 3 3 3 3 2 2 2 2 1 0 0 1 1 1 1 1 1 1 1 1
 5 5 3 5 5 3 5 5 2 2 3 3 3 3 3 3 3 3 3 3 3 2 2 2 3 3 3 3 3 3 2 2 2 2 1 0 0 1 1 1 1 1 1 1 1 1
 6 6 7 2 2 4 1 1 2 2 2 2 2 4 2 2 2 2 1 2 2 1 1 1 1 1 1 2 2 1 1 1 1 1 1 1 1 1 1 1 1 1 1 1 1 1
 1 1 6 2 2 2 1 1 2 2 3 2 2 2 2 2 1 1 1 2 2 2 1 1 0 0 1 1 1 1 1 1 1 1 1 1 1 1 1 1 1 1 1 1 1 2
 1 1 6 2 2 2 1 1 2 2 3 2 2 2 2 2 1 1 1 2 2 2 1 1 0 0 1 1 1 1 1 1 1 1 1 1 1 1 1 1 1 1 1 1 1 2
 2 2 2 2 2 2 2 2 2 2 2 2 2 2 1 1 1 1 1 2 2 2 1 1 1 1 0 0 0 0 0 0 1 1 1 1 1 1 1 1 1 1 1 2 2 2
 2 2 2 2 2 2 2 2 2 2 2 2 2 2 1 1 1 1 1 2 2 2 1 1 1 1 0 0 0 0 0 0 1 1 1 1 1 1 1 1 1 1 1 2 2 2
 3 3 3 9 9 7 3 3 1 1 1 1 1 1 1 1 1 1 1 1 1 1 1 1 0 0 0 0 0 0 0 0 0 0 0 0 0 0 1 1 1 1 1 1 1 2
 4 4 3 4 4 3 2 2 2 2 2 1 1 2 1 1 1 1 1 0 0 1 1 1 1 1 0 0 0 0 0 0 0 0 0 0 0 0 1 1 1 1 1 1 1 1
 4 4 3 4 4 3 2 2 2 2 2 1 1 2 1 1 1 1 1 0 0 1 1 1 1 1 0 0 0 0 0 0 0 0 0 0 0 0 1 1 1 1 1 1 1 1
 3 3 3 2 2 4 4 4 3 3 5 6 6 8 1 1 1 1 2 1 1 1 1 1 1 1 0 0 0 0 0 0 0 0 0 0 0 0 1 1 1 1 1 1 1 1
 3 3 3 2 2 6 6 6 4 4 6 10 10 7 2 2 2 2 2 1 1 1 1 1 1 1 1 0 0 0 0 0 0 0 0 1 1 1 1 1 1 1 1 1 1 1
 3 3 3 2 2 6 6 6 4 4 6 10 10 7 2 2 2 2 2 1 1 1 1 1 1 1 1 0 0 0 0 0 0 0 0 1 1 1 1 1 1 1 1 1 1 1
 3 3 2 3 3 4 6 6 7 7 9 9 9 8 5 5 2 2 2 2 2 1 1 1 1 1 1 1 1 1 1 1 1 1 1 1 1 1 7 7 1 1 1 1 1 1
 3 3 2 3 3 4 6 6 7 7 9 9 9 8 5 5 2 2 2 2 2 1 1 1 1 1 1 1 1 1 1 1 1 1 1 1 1 1 7 7 1 1 1 1 1 1
 3 3 3 4 4 4 5 5 9 9 9 6 6 4 3 3 2 2 2 1 1 1 1 1 1 1 1 1 1 1 2 2 2 2 2 3 3 4 4 4 3 3 2 1 1 1
 4 4 3 4 4 3 7 7 6 6 5 3 3 2 2 2 2 2 1 1 1 1 1 1 1 1 2 2 2 2 3 3 4 4 5 5 5 5 7 7 4 4 2 2 2 2
 4 4 3 4 4 3 7 7 6 6 5 3 3 2 2 2 2 2 1 1 1 1 1 1 1 1 2 2 2 2 3 3 4 4 5 5 5 5 7 7 4 4 2 2 2 2
 11 11 10 10 10 9 4 4 3 3 2 2 2 3 2 2 2 2 1 1 1 1 1 1 2 2 2 2 2 3 3 3 4 4 4 4 4 5 6 6 5 5 4 4 4 3
 21 21 24 9 9 9 2 2 1 1 2 1 1 2 2 2 1 1 1 2 2 3 3 3 3 3 4 6 6 6 3 3 4 4 4 2 2 2 3 3 4 4 2 3 3 2
 21 21 24 9 9 9 2 2 1 1 2 1 1 2 2 2 1 1 1 2 2 3 3 3 3 3 4 6 6 6 3 3 4 4 4 2 2 2 3 3 4 4 2 3 3 2
 25 25 25 24 24 23 8 8 8 8 9 2 2 2 2 2 2 2 2 4 4 3 4 4 5 5 8 16 16 10 6 6 8 8 6 3 3 2 1 1 1 1 1 1 1 1
 25 25 25 24 24 23 8 8 8 8 9 2 2 2 2 2 2 2 2 4 4 3 4 4 5 5 8 16 16 10 6 6 8 8 6 3 3 2 1 1 1 1 1 1 1 1
 45 45 44 42 42 3 1 1 7 7 3 2 2 2 2 2 3 3 3 4 4 3 5 5 6 6 6 7 7 6 9 9 9 9 4 3 3 2 1 1 1 1 1 1 1 1
 30 30 52 49 49 2 1 1 2 2 3 2 2 5 6 6 4 4 5 4 4 3 4 4 4 4 3 3 3 3 3 3 3 3 2 1 1 1 0 0 0 0 2 1 1 1
 30 30 52 49 49 2 1 1 2 2 3 2 2 5 6 6 4 4 5 4 4 3 4 4 4 4 3 3 3 3 3 3 3 3 2 1 1 1 0 0 0 0 2 1 1 1
 52 52 49 28 28 3 1 1 3 3 7 4 4 2 4 4 2 2 3 2 2 2 2 2 3 3 2 2 2 1 1 1 1 1 1 1 1 1 0 0 0 0 1 1 1 1
 53 53 55 19 19 5 2 2 5 5 7 4 4 4 2 2 1 1 1 4 4 1 2 2 2 2 1 0 0 1 1 1 1 1 1 0 0 0 0 0 0 0 0 0 0 1
 53 53 55 19 19 5 2 2 5 5 7 4 4 4 2 2 1 1 1 4 4 1 2 2 2 2 1 0 0 1 1 1 1 1 1 0 0 0 0 0 0 0 0 0 0 1
 43 43 40 19 19 3 3 3 5 5 3 3 3 1 1 1 0 0 0 0 0 0 0 0 1 1 0 0 0 0 0 0 0 0 0 0 0 0 1 1 0 0 0 0 0 0
 43 43 40 19 19 3 3 3 5 5 3 3 3 1 1 1 0 0 0 0 0 0 0 0 1 1 0 0 0 0 0 0 0 0 0 0 0 0 1 1 0 0 0 0 0 0
 21 21 24 6 6 2 2 2 2 2 3 3 3 2 1 1 0 0 1 1 1 0 0 0 0 0 0 0 0 0 0 0 0 0 0 0 0 0 0 0 0 0 0 0 0 0
 19 19 16 6 6 5 2 2 2 2 2 1 1 1 1 1 1 1 2 1 1 1 0 0 0 0 0 0 0 0 0 0 0 0 0 0 0 0 0 0 0 0 0 0 0 0
 19 19 16 6 6 5 2 2 2 2 2 1 1 1 1 1 1 1 2 1 1 1 0 0 0 0 0 0 0 0 0 0 0 0 0 0 0 0 0 0 0 0 0 0 0 0
 30 30 13 5 5 1 2 2 2 2 1 4 4 7 7 7 2 2 3 2 2 1 0 0 0 0 0 0 0 0 0 0 0 0 0 0 0 0 1 1 1 1 0 0 0 0
 32 32 94 4 4 3 8 8 10 10 9 3 3 11 7 7 7 7 3 2 2 1 0 0 0 0 0 0 0 0 0 0 0 0 0 0 0 0 2 2 1 1 1 2 2 2
 32 32 94 4 4 3 8 8 10 10 9 3 3 11 7 7 7 7 3 2 2 1 0 0 0 0 0 0 0 0 0 0 0 0 0 0 0 0 2 2 1 1 1 2 2 2
 22 22 16 6 6 3 12 12 8 8 9 3 3 11 12 12 14 14 9 4 4 1 1 1 0 0 0 1 1 0 0 0 0 0 0 1 1 2 1 1 1 1 0 1 1 2
 22 22 16 6 6 3 12 12 8 8 9 3 3 11 12 12 14 14 9 4 4 1 1 1 0 0 0 1 1 0 0 0 0 0 0 1 1 2 1 1 1 1 0 1 1 2
 7 7 13 10 10 7 11 11 11 11 1 6 6 6 7 7 11 11 4 3 3 2 1 1 1 1 0 1 1 1 1 1 1 1 1 1 1 3 2 2 0 0 1 2 2 5
 4 4 6 7 7 9 4 4 1 1 1 3 3 5 5 5 8 8 17 13 13 12 4 4 2 2 1 1 1 1 1 1 1 1 3 4 4 5 1 1 3 3 4 4 4 10
 4 4 6 7 7 9 4 4 1 1 1 3 3 5 5 5 8 8 17 13 13 12 4 4 2 2 1 1 1 1 1 1 1 1 3 4 4 5 1 1 3 3 4 4 4 10
 2 2 2 2 2 1 2 2 1 1 1 1 1 2 6 6 4 4 3 4 4 19 8 8 9 9 3 1 1 4 1 1 1 1 4 8 8 8 6 6 4 4 3 1 1 3
 4 4 3 1 1 1 1 1 0 0 0 1 1 2 3 3 3 3 3 6 6 12 19 19 30 30 19 9 9 4 4 4 6 6 5 6 6 5 4 4 1 1 1 1 1 4
 4 4 3 1 1 1 1 1 0 0 0 1 1 2 3 3 3 3 3 6 6 12 19 19 30 30 19 9 9 4 4 4 6 6 5 6 6 5 4 4 1 1 1 1 1 4
 9 9 1 1 1 0 0 0 1 1 1 2 2 2 3 3 3 3 6 10 10 10 8 8 22 22 32 17 17 12 11 11 8 8 8 7 7 5 4 4 2 2 1 1 1 1
 9 9 1 1 1 0 0 0 1 1 1 2 2 2 3 3 3 3 6 10 10 10 8 8 22 22 32 17 17 12 11 11 8 8 8 7 7 5 4 4 2 2 1 1 1 1
 8 8 2 0 0 0 1 1 2 2 1 1 1 3 4 4 4 4 9 15 15 8 10 10 19 19 35 18 18 11 13 13 6 6 8 5 5 3 3 3 4 4 2 1 1 1
 27 27 19 4 4 3 3 3 5 5 3 2 2 2 4 4 6 6 7 10 10 5 9 9 12 12 18 15 15 14 15 15 5 5 1 3 3 3 3 3 3 3 2 1 1 2
 27 27 19 4 4 3 3 3 5 5 3 2 2 2 4 4 6 6 7 10 10 5 9 9 12 12 18 15 15 14 15 15 5 5 1 3 3 3 3 3 3 3 2 1 1 2
 18 18 20 4 4 6 7 7 9 9 6 4 4 2 4 4 6 6 6 3 3 9 7 7 19 19 17 17 17 10 12 12 6 6 3 3 3 1 1 1 2 2 3 2 2 3
 16 16 5 3 3 6 4 4 9 9 5 3 3 2 2 2 2 2 2 5 5 19 13 13 15 15 5 10 10 6 9 9 5 5 6 5 5 2 2 2 2 2 5 4 4 6
 16 16 5 3 3 6 4 4 9 9 5 3 3 2 2 2 2 2 2 5 5 19 13 13 15 15 5 10 10 6 9 9 5 5 6 5 5 2 2 2 2 2 5 4 4 6
 5 5 2 2 2 3 3 3 4 4 6 3 3 1 1 1 1 1 3 3 3 3 8 8 10 10 2 6 6 4 7 7 7 7 3 6 6 2 2 2 4 4 4 3 3 2
 5 5 2 2 2 3 3 3 4 4 6 3 3 1 1 1 1 1 3 3 3 3 8 8 10 10 2 6 6 4 7 7 7 7 3 6 6 2 2 2 4 4 4 3 3 2
 3 3 2 4 4 2 1 1 2 2 2 4 4 2 1 1 1 1 3 5 5 4 4 4 4 4 1 3 3 5 3 3 3 3 4 4 4 4 3 3 7 7 5 5 5 4
 1 1 1 3 3 1 0 0 1 1 2 3 3 3 2 2 2 2 2 3 3 3 9 9 4 4 1 2 2 6 3 3 3 3 3 3 3 5 2 2 2 2 1 2 2 2
 1 1 1 3 3 1 0 0 1 1 2 3 3 3 2 2 2 2 2 3 3 3 9 9 4 4 1 2 2 6 3 3 3 3 3 3 3 5 2 2 2 2 1 2 2 2
 3 3 3 1 1 0 1 1 1 1 4 3 3 3 3 3 1 1 6 9 9 13 19 19 8 8 7 10 10 6 5 5 4 4 2 3 3 4 3 3 1 1 1 1 1 2
 8 8 12 7 7 1 1 1 4 4 2 7 7 3 3 3 1 1 6 14 14 21 25 25 35 35 19 13 13 9 8 8 4 4 2 4 4 3 3 3 1 1 1 1 1 2
 8 8 12 7 7 1 1 1 4 4 2 7 7 3 3 3 1 1 6 14 14 21 25 25 35 35 19 13 13 9 8 8 4 4 2 4 4 3 3 3 1 1 1 1 1 2
 20 20 10 14 14 10 3 3 5 5 21 6 6 6 3 3 2 2 2 8 8 9 35 35 36 36 22 18 18 16 8 8 3 3 4 2 2 1 0 0 1 1 1 1 1 2
 20 20 10 14 14 10 3 3 5 5 21 6 6 6 3 3 2 2 2 8 8 9 35 35 36 36 22 18 18 16 8 8 3 3 4 2 2 1 0 0 1 1 1 1 1 2
 16 16 10 11 11 19 21 21 24 24 20 5 5 7 7 7 5 5 4 5 5 10 17 17 23 23 11 14 14 21 8 8 7 7 4 5 5 1 1 1 1 1 2 2 2 3
 11 11 7 8 8 12 19 19 8 8 9 11 11 12 5 5 5 5 4 4 4 5 11 11 16 16 3 9 9 9 5 5 8 8 14 8 8 2 2 2 4 4 3 4 4 4
 11 11 7 8 8 12 19 19 8 8 9 11 11 12 5 5 5 5 4 4 4 5 11 11 16 16 3 9 9 9 5 5 8 8 14 8 8 2 2 2 4 4 3 4 4 4
 8 8 2 4 4 6 5 5 6 6 8 4 4 5 6 6 7 7 6 10 10 12 16 16 14 14 13 24 24 16 9 9 8 8 5 3 3 2 4 4 2 2 3 4 4 5
 8 8 3 4 4 3 3 3 3 3 3 3 3 4 7 7 6 6 9 16 16 15 17 17 16 16 15 17 17 26 6 6 7 7 3 2 2 3 4 4 3 3 5 7 7 5
 8 8 3 4 4 3 3 3 3 3 3 3 3 4 7 7 6 6 9 16 16 15 17 17 16 16 15 17 17 26 6 6 7 7 3 2 2 3 4 4 3 3 5 7 7 5
 9 9 6 6 6 5 6 6 5 5 2 2 2 3 6 6 8 8 13 16 16 13 11 11 9 9 11 15 15 7 11 11 3 3 2 2 2 3 6 6 6 6 9 10 10 6
 9 9 6 6 6 5 6 6 5 5 2 2 2 3 6 6 8 8 13 16 16 13 11 11 9 9 11 15 15 7 11 11 3 3 2 2 2 3 6 6 6 6 9 10 10 6
 6 6 11 13 13 13 10 10 5 5 6 7 7 7 6 6 6 6 6 6 6 3 6 6 4 4 5 7 7 8 4 4 3 3 9 11 11 12 16 16 17 17 18 13 13 6
 4 4 6 11 11 11 11 11 9 9 5 5 5 4 6 6 6 6 8 12 12 10 11 11 11 11 2 4 4 4 4 4 4 4 3 11 11 18 12 12 10 10 10 7 7 4
 4 4 6 11 11 11 11 11 9 9 5 5 5 4 6 6 6 6 8 12 12 10 11 11 11 11 2 4 4 4 4 4 4 4 3 11 11 18 12 12 10 10 10 7 7 4
 3 3 4 5 5 7 5 5 8 8 6 4 4 4 4 4 5 5 8 6 6 10 12 12 12 12 5 4 4 3 2 2 5 5 3 7 7 8 9 9 6 6 5 4 4 2
 2 2 1 1 1 2 3 3 4 4 5 6 6 6 7 7 4 4 3 4 4 4 5 5 4 4 8 9 9 3 2 2 3 3 4 4 4 3 2 2 2 2 2 1 1 0
