assets/RAT_results_old/precipitation/2023-10-25_IMERG.asc
ncols        46
nrows        77
xllcorner    74.800261325624
yllcorner    8.058333333333
cellsize     0.062500000000
NODATA_value -9999
 0 0 0 0 0 0 0 0 0 0 0 0 0 0 0 0 0 0 0 0 0 0 0 0 0 0 0 0 0 0 0 0 0 0 0 0 0 0 0 0 0 0 0 0 0 0
 0 0 0 0 0 0 0 0 0 0 0 0 0 0 0 0 0 0 0 0 0 0 0 0 0 0 0 0 0 0 0 0 0 0 0 0 0 0 0 0 0 0 0 0 0 0
 0 0 0 0 0 0 0 0 0 0 0 0 0 0 0 0 0 0 0 0 0 0 0 0 0 0 0 0 0 0 0 0 0 0 0 0 0 0 0 0 0 0 0 0 0 0
 0 0 0 0 0 0 0 0 0 0 0 0 0 0 0 0 0 0 0 0 0 0 0 0 0 0 0 0 0 0 0 0 0 0 0 0 0 0 0 0 0 0 0 0 0 0
 0 0 0 0 0 0 0 0 0 0 0 0 0 0 0 0 0 0 0 0 0 0 0 0 0 0 0 0 0 0 0 0 0 0 0 0 0 0 0 0 0 0 0 0 0 0
 0 0 0 0 0 0 0 0 0 0 0 0 0 0 0 0 0 0 0 0 0 0 0 0 0 0 0 0 0 0 0 0 0 0 0 0 0 0 0 0 0 0 0 0 0 0
 0 0 0 0 0 0 0 0 0 0 0 0 0 0 0 0 0 0 0 0 0 0 0 0 0 0 0 0 0 0 0 0 0 0 0 0 0 0 0 0 0 0 0 0 0 0
 0 0 0 0 0 0 0 0 0 0 0 0 0 0 0 0 0 0 0 0 0 0 0 0 0 0 0 0 0 0 0 0 0 0 0 0 0 0 0 0 0 0 0 0 0 0
 0 0 0 0 0 0 0 0 0 0 0 0 0 0 0 0 0 0 0 0 0 0 0 0 0 0 0 0 0 0 0 0 0 0 0 0 0 0 0 0 0 0 0 0 0 0
 0 0 0 0 0 0 0 0 0 0 0 0 0 0 0 0 0 0 0 0 0 0 0 0 0 0 0 0 0 0 0 0 0 0 0 0 0 0 0 0 0 0 0 0 0 0
 0 0 0 0 0 0 0 0 0 0 0 0 0 0 0 0 0 0 0 0 0 0 0 0 0 0 0 0 0 0 0 0 0 0 0 0 0 0 0 0 0 0 0 0 0 0
 0 0 1 1 1 0 0 0 0 0 0 0 0 0 0 0 0 0 0 0 0 0 0 0 0 0 0 0 0 0 0 0 0 0 0 0 0 0 0 0 0 0 0 0 0 0
 1 1 1 1 1 0 0 0 0 0 0 0 0 0 0 0 0 0 0 0 0 0 0 0 0 0 0 0 0 0 0 0 0 0 0 0 0 0 0 0 0 0 0 0 0 0
 1 1 1 1 1 0 0 0 0 0 0 0 0 0 0 0 0 0 0 0 0 0 0 0 0 0 0 0 0 0 0 0 0 0 0 0 0 0 0 0 0 0 0 0 0 0
 1 1 0 0 0 1 1 1 0 0 0 0 0 0 0 0 0 0 0 0 0 0 0 0 0 0 0 0 0 0 0 0 0 0 0 0 0 0 0 0 0 0 0 0 0 0
 1 1 0 0 0 1 1 1 0 0 0 0 0 0 0 0 0 0 0 0 0 0 0 0 0 0 0 0 0 0 0 0 0 0 0 0 0 0 0 0 0 0 0 0 0 0
 10 10 1 1 1 1 1 1 0 0 0 0 0 0 0 0 0 0 0 0 0 0 0 0 0 0 0 0 0 0 0 0 0 0 0 0 0 0 0 0 0 0 0 0 0 0
 16 16 8 2 2 2 0 0 0 0 0 0 0 0 0 0 0 0 0 0 0 0 0 0 0 0 0 0 0 0 0 0 0 0 0 0 0 0 0 0 0 0 0 0 0 0
 16 16 8 2 2 2 0 0 0 0 0 0 0 0 0 0 0 0 0 0 0 0 0 0 0 0 0 0 0 0 0 0 0 0 0 0 0 0 0 0 0 0 0 0 0 0
 8 8 12 4 4 2 4 4 2 2 2 0 0 0 0 0 0 0 0 0 0 0 0 0 0 0 0 0 0 0 0 0 0 0 0 0 0 0 0 0 0 0 0 0 0 0
 3 3 2 3 3 2 3 3 5 5 0 6 6 1 0 0 0 0 0 0 0 0 0 0 0 0 0 0 0 0 0 0 0 0 0 0 0 0 0 0 0 0 0 0 0 0
 3 3 2 3 3 2 3 3 5 5 0 6 6 1 0 0 0 0 0 0 0 0 0 0 0 0 0 0 0 0 0 0 0 0 0 0 0 0 0 0 0 0 0 0 0 0
 7 7 4 3 3 6 4 4 4 4 1 6 6 0 0 0 0 0 0 0 0 0 0 0 0 0 0 0 0 0 1 1 0 0 0 0 0 0 0 0 0 0 0 0 0 0
 7 7 4 3 3 6 4 4 4 4 1 6 6 0 0 0 0 0 0 0 0 0 0 0 0 0 0 0 0 0 1 1 0 0 0 0 0 0 0 0 0 0 0 0 0 0
 7 7 22 22 22 19 14 14 3 3 2 1 1 0 0 0 1 1 1 1 1 0 0 0 0 0 0 0 0 1 1 1 0 0 0 0 0 0 0 0 0 0 0 0 0 0
 3 3 13 27 27 34 17 17 9 9 1 1 1 0 0 0 2 2 3 2 2 1 0 0 0 0 0 1 1 0 0 0 0 0 0 0 0 0 0 0 0 0 0 0 0 0
 3 3 13 27 27 34 17 17 9 9 1 1 1 0 0 0 2 2 3 2 2 1 0 0 0 0 0 1 1 0 0 0 0 0 0 0 0 0 0 0 0 0 0 0 0 0
 1 1 3 21 21 34 23 23 5 5 0 1 1 0 0 0 1 1 2 1 1 0 0 0 0 0 0 0 0 0 0 0 0 0 0 0 0 0 0 0 0 0 0 0 0 0
 3 3 3 4 4 18 24 24 5 5 2 0 0 0 0 0 0 0 0 1 1 2 3 3 1 1 1 0 0 0 0 0 0 0 0 0 0 0 0 0 0 0 0 0 0 0
 3 3 3 4 4 18 24 24 5 5 2 0 0 0 0 0 0 0 0 1 1 2 3 3 1 1 1 0 0 0 0 0 0 0 0 0 0 0 0 0 0 0 0 0 0 0
 3 3 6 11 11 22 14 14 9 9 1 0 0 1 0 0 0 0 1 3 3 6 7 7 5 5 4 2 2 1 0 0 0 0 0 0 0 0 0 0 0 0 0 0 0 0
 3 3 6 11 11 22 14 14 9 9 1 0 0 1 0 0 0 0 1 3 3 6 7 7 5 5 4 2 2 1 0 0 0 0 0 0 0 0 0 0 0 0 0 0 0 0
 7 7 4 27 27 37 8 8 3 3 0 0 0 1 1 1 1 1 3 6 6 8 8 8 8 8 8 5 5 2 1 1 0 0 0 0 0 0 0 0 0 0 0 0 0 0
 5 5 4 10 10 27 15 15 1 1 0 0 0 1 1 1 2 2 4 6 6 7 8 8 9 9 11 7 7 4 2 2 0 0 0 0 0 0 0 0 0 0 0 0 0 0
 5 5 4 10 10 27 15 15 1 1 0 0 0 1 1 1 2 2 4 6 6 7 8 8 9 9 11 7 7 4 2 2 0 0 0 0 0 0 0 0 0 0 0 0 0 0
 1 1 1 4 4 6 7 7 2 2 0 1 1 1 2 2 2 2 4 5 5 6 7 7 8 8 10 7 7 4 3 3 1 1 0 0 0 0 0 0 0 0 0 1 1 0
 5 5 4 5 5 4 3 3 1 1 1 1 1 1 2 2 4 4 22 5 5 7 7 7 8 8 8 7 7 5 3 3 3 3 2 1 1 2 1 1 0 0 2 1 1 0
 5 5 4 5 5 4 3 3 1 1 1 1 1 1 2 2 4 4 22 5 5 7 7 7 8 8 8 7 7 5 3 3 3 3 2 1 1 2 1 1 0 0 2 1 1 0
 5 5 4 6 6 13 11 11 2 2 1 1 1 2 5 5 8 8 17 7 7 5 7 7 7 7 7 6 6 5 2 2 2 2 2 5 5 8 2 2 1 1 1 0 0 0
 5 5 4 6 6 13 11 11 2 2 1 1 1 2 5 5 8 8 17 7 7 5 7 7 7 7 7 6 6 5 2 2 2 2 2 5 5 8 2 2 1 1 1 0 0 0
 7 7 6 6 6 24 29 29 4 4 1 2 2 2 12 12 19 19 2 4 4 7 14 14 8 8 5 3 3 4 3 3 1 1 1 3 3 4 2 2 3 3 3 2 2 5
 7 7 6 9 9 10 42 42 8 8 4 5 5 6 6 6 23 23 2 4 4 7 8 8 4 4 2 2 2 3 3 3 0 0 0 1 1 2 3 3 5 5 6 8 8 17
 7 7 6 9 9 10 42 42 8 8 4 5 5 6 6 6 23 23 2 4 4 7 8 8 4 4 2 2 2 3 3 3 0 0 0 1 1 2 3 3 5 5 6 8 8 17
 7 7 4 3 3 16 25 25 31 31 7 8 8 5 9 9 9 9 9 3 3 4 3 3 2 2 1 1 1 1 0 0 0 0 0 0 0 0 1 1 5 5 6 6 6 15
 5 5 5 5 5 9 17 17 24 24 17 7 7 7 2 2 7 7 4 5 5 2 1 1 1 1 3 4 4 2 1 1 1 1 0 0 0 0 2 2 2 2 2 2 2 3
 5 5 5 5 5 9 17 17 24 24 17 7 7 7 2 2 7 7 4 5 5 2 1 1 1 1 3 4 4 2 1 1 1 1 0 0 0 0 2 2 2 2 2 2 2 3
 5 5 5 4 4 6 15 15 9 9 8 3 3 2 2 2 0 0 1 1 1 1 1 1 5 5 5 6 6 2 1 1 1 1 1 0 0 0 0 0 1 1 2 2 2 2
 5 5 5 4 4 6 15 15 9 9 8 3 3 2 2 2 0 0 1 1 1 1 1 1 5 5 5 6 6 2 1 1 1 1 1 0 0 0 0 0 1 1 2 2 2 2
 3 3 6 5 5 2 7 7 12 12 2 3 3 0 0 0 0 0 0 1 1 1 6 6 6 6 6 7 7 7 3 3 3 3 2 1 1 1 1 1 2 2 4 5 5 6
 1 1 1 6 6 4 4 4 3 3 2 2 2 0 0 0 0 0 1 13 13 14 13 13 14 14 18 16 16 21 9 9 6 6 5 2 2 1 2 2 3 3 6 9 9 11
 1 1 1 6 6 4 4 4 3 3 2 2 2 0 0 0 0 0 1 13 13 14 13 13 14 14 18 16 16 21 9 9 6 6 5 2 2 1 2 2 3 3 6 9 9 11
 1 1 1 3 3 4 8 8 2 2 2 5 5 2 0 0 0 0 12 14 14 15 15 15 15 15 23 15 15 12 10 10 9 9 8 4 4 2 2 2 3 3 6 9 9 10
 3 3 2 0 0 2 10 10 4 4 2 4 4 2 0 0 0 0 12 17 17 18 19 19 15 15 17 9 9 9 11 11 12 12 12 11 11 6 3 3 4 4 7 13 13 6
 3 3 2 0 0 2 10 10 4 4 2 4 4 2 0 0 0 0 12 17 17 18 19 19 15 15 17 9 9 9 11 11 12 12 12 11 11 6 3 3 4 4 7 13 13 6
 3 3 2 0 0 2 7 7 4 4 2 2 2 0 0 0 0 0 0 16 16 16 19 19 14 14 16 17 17 11 16 16 15 15 17 23 23 10 4 4 4 4 5 6 6 4
 3 3 2 0 0 2 7 7 4 4 2 2 2 0 0 0 0 0 0 16 16 16 19 19 14 14 16 17 17 11 16 16 15 15 17 23 23 10 4 4 4 4 5 6 6 4
 1 1 0 0 0 0 8 8 8 8 2 1 1 1 0 0 0 0 1 18 18 18 19 19 14 14 15 11 11 9 13 13 14 14 13 23 23 15 5 5 5 5 6 6 6 6
 0 0 0 0 0 0 3 3 4 4 1 1 1 1 1 1 0 0 3 19 19 16 16 16 11 11 9 11 11 8 10 10 11 11 11 10 10 7 5 5 7 7 9 8 8 8
 0 0 0 0 0 0 3 3 4 4 1 1 1 1 1 1 0 0 3 19 19 16 16 16 11 11 9 11 11 8 10 10 11 11 11 10 10 7 5 5 7 7 9 8 8 8
 0 0 0 0 0 0 0 0 5 5 3 1 1 1 3 3 3 3 3 15 15 16 15 15 11 11 6 8 8 8 9 9 11 11 11 6 6 4 5 5 8 8 10 10 10 8
 0 0 0 0 0 0 0 0 3 3 6 2 2 2 4 4 1 1 1 1 1 11 12 12 12 12 8 11 11 11 13 13 14 14 15 7 7 4 5 5 7 7 9 9 9 8
 0 0 0 0 0 0 0 0 3 3 6 2 2 2 4 4 1 1 1 1 1 11 12 12 12 12 8 11 11 11 13 13 14 14 15 7 7 4 5 5 7 7 9 9 9 8
 0 0 0 0 0 0 0 0 3 3 7 1 1 0 0 0 0 0 1 1 1 11 1 1 2 2 3 8 8 11 10 10 10 10 11 4 4 3 4 4 7 7 8 8 8 6
 0 0 0 0 0 0 0 0 3 3 7 1 1 0 0 0 0 0 1 1 1 11 1 1 2 2 3 8 8 11 10 10 10 10 11 4 4 3 4 4 7 7 8 8 8 6
 0 0 0 0 0 0 0 0 0 0 2 2 2 0 0 0 0 0 1 2 2 1 2 2 2 2 2 3 3 6 5 5 6 6 6 2 2 2 5 5 9 9 8 5 5 3
 0 0 0 0 0 0 0 0 0 0 0 0 0 0 0 0 0 0 1 2 2 9 5 5 1 1 1 1 1 1 2 2 3 3 4 2 2 3 6 6 14 14 14 6 6 1
 0 0 0 0 0 0 0 0 0 0 0 0 0 0 0 0 0 0 1 2 2 9 5 5 1 1 1 1 1 1 2 2 3 3 4 2 2 3 6 6 14 14 14 6 6 1
 0 0 0 0 0 0 0 0 1 1 1 1 1 1 0 0 1 1 4 9 9 3 5 5 1 1 1 1 1 1 2 2 3 3 4 3 3 4 6 6 14 14 16 6 6 2
 0 0 0 0 0 1 1 1 1 1 1 1 1 1 0 0 1 1 5 4 4 3 4 4 3 3 3 2 2 1 1 1 3 3 4 4 4 3 3 3 7 7 12 4 4 1
 0 0 0 0 0 1 1 1 1 1 1 1 1 1 0 0 1 1 5 4 4 3 4 4 3 3 3 2 2 1 1 1 3 3 4 4 4 3 3 3 7 7 12 4 4 1
 0 0 0 0 0 0 1 1 1 1 0 0 0 0 0 0 1 1 3 2 2 1 8 8 11 11 3 2 2 1 1 1 2 2 4 3 3 2 1 1 2 2 2 1 1 0
 0 0 0 0 0 0 1 1 1 1 0 0 0 0 0 0 1 1 3 2 2 1 8 8 11 11 3 2 2 1 1 1 2 2 4 3 3 2 1 1 2 2 2 1 1 0
 0 0 0 0 0 0 0 0 0 0 0 0 0 0 0 0 0 0 2 1 1 1 1 1 4 4 5 1 1 1 0 0 1 1 2 1 1 1 1 1 1 1 0 0 0 0
 0 0 0 0 0 0 0 0 0 0 0 0 0 0 0 0 0 0 0 2 2 0 0 0 0 0 0 0 0 0 0 0 0 0 0 2 2 0 0 0 0 0 0 0 0 0
 0 0 0 0 0 0 0 0 0 0 0 0 0 0 0 0 0 0 0 2 2 0 0 0 0 0 0 0 0 0 0 0 0 0 0 2 2 0 0 0 0 0 0 0 0 0
 0 0 0 0 0 0 0 0 0 0 0 0 0 0 0 0 0 0 0 0 0 0 0 0 0 0 0 0 0 0 0 0 0 0 0 2 2 0 0 0 0 0 0 0 0 0
 0 0 0 0 0 0 0 0 0 0 0 0 0 0 0 0 0 0 0 0 0 0 0 0 0 0 0 0 0 0 0 0 0 0 0 0 0 0 0 0 0 0 0 0 0 0
