assets/RAT_results_old/precipitation/2023-10-19_IMERG.asc
ncols        46
nrows        77
xllcorner    74.800261325624
yllcorner    8.058333333333
cellsize     0.062500000000
NODATA_value -9999
 2 2 0 0 0 0 0 0 0 0 0 0 0 0 0 0 0 0 0 0 0 0 0 0 0 0 0 0 0 0 0 0 0 0 0 0 0 0 0 0 0 0 0 0 0 0
 0 0 0 0 0 0 0 0 0 0 0 0 0 0 0 0 0 0 0 0 0 0 0 0 0 0 0 0 0 0 0 0 0 0 0 0 0 0 0 0 0 0 0 0 0 0
 0 0 0 0 0 0 0 0 0 0 0 0 0 0 0 0 0 0 0 0 0 0 0 0 0 0 0 0 0 0 0 0 0 0 0 0 0 0 0 0 0 0 0 0 0 0
 0 0 0 1 1 1 0 0 0 0 0 0 0 0 0 0 0 0 0 0 0 0 0 0 0 0 0 0 0 0 0 0 0 0 0 0 0 0 0 0 0 0 0 0 0 0
 1 1 4 7 7 6 4 4 1 1 0 0 0 0 0 0 0 0 0 0 0 0 0 0 0 0 0 0 0 0 0 0 0 0 0 0 0 0 0 0 0 0 0 0 0 0
 1 1 4 7 7 6 4 4 1 1 0 0 0 0 0 0 0 0 0 0 0 0 0 0 0 0 0 0 0 0 0 0 0 0 0 0 0 0 0 0 0 0 0 0 0 0
 5 5 8 23 23 20 11 11 8 8 6 0 0 0 0 0 0 0 0 0 0 0 0 0 0 0 0 0 0 0 0 0 0 0 0 0 0 0 0 0 0 0 0 0 0 0
 5 5 8 23 23 20 11 11 8 8 6 0 0 0 0 0 0 0 0 0 0 0 0 0 0 0 0 0 0 0 0 0 0 0 0 0 0 0 0 0 0 0 0 0 0 0
 12 12 11 24 24 23 21 21 10 10 1 0 0 0 0 0 0 0 0 0 0 0 0 0 0 0 0 0 0 0 0 0 0 0 0 0 0 0 0 0 0 0 0 0 0 0
 11 11 9 11 11 13 13 13 7 7 1 0 0 0 0 0 0 0 0 0 0 0 0 0 0 0 0 0 0 0 0 0 0 0 0 0 0 0 0 0 0 0 0 0 0 0
 11 11 9 11 11 13 13 13 7 7 1 0 0 0 0 0 0 0 0 0 0 0 0 0 0 0 0 0 0 0 0 0 0 0 0 0 0 0 0 0 0 0 0 0 0 0
 10 10 6 2 2 3 2 2 1 1 0 0 0 0 0 0 0 0 0 0 0 0 0 0 0 0 0 0 0 0 0 0 0 0 0 0 0 0 0 0 0 0 0 0 0 0
 10 10 6 1 1 2 2 2 2 2 0 0 0 0 0 0 0 0 0 0 0 0 0 0 0 0 0 0 0 0 0 0 0 0 0 0 0 0 0 0 0 0 0 0 0 0
 10 10 6 1 1 2 2 2 2 2 0 0 0 0 0 0 0 0 0 0 0 0 0 0 0 0 0 0 0 0 0 0 0 0 0 0 0 0 0 0 0 0 0 0 0 0
 5 5 3 2 2 1 1 1 2 2 0 0 0 0 0 0 0 0 0 0 0 0 0 0 0 0 0 0 0 0 0 0 0 0 0 0 0 0 0 0 0 0 0 0 0 0
 5 5 3 2 2 1 1 1 2 2 0 0 0 0 0 0 0 0 0 0 0 0 0 0 0 0 0 0 0 0 0 0 0 0 0 0 0 0 0 0 0 0 0 0 0 0
 1 1 1 2 2 1 1 1 0 0 0 0 0 0 0 0 0 0 0 0 0 0 0 0 0 0 0 0 0 0 0 0 0 0 0 0 0 0 0 0 0 0 0 0 0 0
 1 1 1 2 2 1 1 1 0 0 1 1 1 0 0 0 0 0 0 0 0 0 0 0 0 0 0 0 0 0 0 0 0 0 0 0 0 0 0 0 0 0 0 0 0 0
 1 1 1 2 2 1 1 1 0 0 1 1 1 0 0 0 0 0 0 0 0 0 0 0 0 0 0 0 0 0 0 0 0 0 0 0 0 0 0 0 0 0 0 0 0 0
 1 1 1 1 1 1 1 1 3 3 3 3 3 1 0 0 0 0 0 0 0 0 0 0 0 0 0 0 0 0 0 0 0 0 0 0 0 0 0 0 0 0 0 0 0 0
 1 1 1 2 2 5 3 3 3 3 3 3 3 1 0 0 0 0 4 0 0 0 0 0 0 0 0 0 0 0 0 0 0 0 0 0 0 0 0 0 0 0 0 0 0 0
 1 1 1 2 2 5 3 3 3 3 3 3 3 1 0 0 0 0 4 0 0 0 0 0 0 0 0 0 0 0 0 0 0 0 0 0 0 0 0 0 0 0 0 0 0 0
 2 2 1 5 5 19 40 40 10 10 7 5 5 3 1 1 0 0 0 0 0 0 0 0 0 0 0 0 0 0 0 0 0 0 0 0 0 0 0 0 0 0 0 0 0 0
 2 2 1 5 5 19 40 40 10 10 7 5 5 3 1 1 0 0 0 0 0 0 0 0 0 0 0 0 0 0 0 0 0 0 0 0 0 0 0 0 0 0 0 0 0 0
 10 10 6 9 9 28 50 50 37 37 27 22 22 13 4 4 0 0 0 0 0 0 0 0 0 0 0 0 0 0 0 0 0 0 0 0 0 0 0 0 0 0 0 0 0 0
 9 9 7 46 46 46 70 70 62 62 50 32 32 13 10 10 1 1 0 0 0 0 0 0 0 0 0 0 0 0 0 0 0 0 0 0 0 0 0 0 0 0 0 0 0 0
 9 9 7 46 46 46 70 70 62 62 50 32 32 13 10 10 1 1 0 0 0 0 0 0 0 0 0 0 0 0 0 0 0 0 0 0 0 0 0 0 0 0 0 0 0 0
 7 7 25 44 44 41 66 66 59 59 48 45 45 7 3 3 1 1 0 0 0 0 0 0 0 0 0 0 0 0 0 0 0 0 0 0 0 0 0 0 0 0 0 0 0 0
 5 5 22 40 40 51 48 48 41 41 25 24 24 7 1 1 0 0 0 0 0 0 0 0 0 0 0 0 0 0 0 0 0 0 0 0 0 0 0 0 0 0 0 0 0 0
 5 5 22 40 40 51 48 48 41 41 25 24 24 7 1 1 0 0 0 0 0 0 0 0 0 0 0 0 0 0 0 0 0 0 0 0 0 0 0 0 0 0 0 0 0 0
 5 5 4 7 7 23 20 20 11 11 23 7 7 10 4 4 0 0 0 1 1 0 0 0 0 0 0 0 0 0 0 0 0 0 0 0 0 0 0 0 0 0 0 0 0 0
 5 5 4 7 7 23 20 20 11 11 23 7 7 10 4 4 0 0 0 1 1 0 0 0 0 0 0 0 0 0 0 0 0 0 0 0 0 0 0 0 0 0 0 0 0 0
 5 5 5 8 8 25 21 21 10 10 11 10 10 10 4 4 1 1 1 0 0 0 0 0 0 0 0 0 0 0 0 0 0 0 0 0 0 0 0 0 0 0 0 0 0 0
 16 16 16 19 19 36 34 34 14 14 11 10 10 6 1 1 1 1 1 0 0 0 0 0 0 0 0 0 0 0 0 0 0 0 0 0 0 0 0 0 0 0 0 0 0 0
 16 16 16 19 19 36 34 34 14 14 11 10 10 6 1 1 1 1 1 0 0 0 0 0 0 0 0 0 0 0 0 0 0 0 0 0 0 0 0 0 0 0 0 0 0 0
 18 18 17 26 26 35 37 37 12 12 11 9 9 1 0 0 0 0 0 0 0 0 0 0 0 0 0 0 0 0 0 0 0 0 0 0 0 0 0 0 0 0 0 0 0 0
 18 18 17 28 28 31 17 17 11 11 7 6 6 0 0 0 0 0 0 0 0 0 0 0 0 0 0 0 0 0 0 0 0 0 0 0 0 0 0 0 0 0 0 0 0 0
 18 18 17 28 28 31 17 17 11 11 7 6 6 0 0 0 0 0 0 0 0 0 0 0 0 0 0 0 0 0 0 0 0 0 0 0 0 0 0 0 0 0 0 0 0 0
 6 6 7 8 8 10 15 15 9 9 5 4 4 0 0 0 0 0 0 0 0 0 0 0 0 0 0 0 0 0 0 0 0 0 0 0 0 0 0 0 0 0 0 0 0 0
 6 6 7 8 8 10 15 15 9 9 5 4 4 0 0 0 0 0 0 0 0 0 0 0 0 0 0 0 0 0 0 0 0 0 0 0 0 0 0 0 0 0 0 0 0 0
 1 1 1 4 4 4 6 6 3 3 4 4 4 0 0 0 0 0 0 0 0 0 0 0 0 0 0 0 0 0 0 0 0 0 0 0 0 1 0 0 0 0 0 1 1 0
 1 1 0 3 3 3 2 2 2 2 2 0 0 0 0 0 0 0 0 19 19 0 0 0 0 0 0 0 0 0 0 0 0 0 0 0 0 1 0 0 0 0 1 2 2 0
 1 1 0 3 3 3 2 2 2 2 2 0 0 0 0 0 0 0 0 19 19 0 0 0 0 0 0 0 0 0 0 0 0 0 0 0 0 1 0 0 0 0 1 2 2 0
 0 0 1 1 1 1 1 1 1 1 1 0 0 14 14 14 51 51 19 20 20 2 2 2 2 2 1 1 1 0 0 0 0 0 0 0 0 1 1 1 2 2 1 0 0 0
 0 0 0 0 0 1 0 0 1 1 1 1 1 14 15 15 52 52 274 76 76 4 5 5 5 5 4 4 4 2 0 0 0 0 0 0 0 1 2 2 0 0 0 0 0 0
 0 0 0 0 0 1 0 0 1 1 1 1 1 14 15 15 52 52 274 76 76 4 5 5 5 5 4 4 4 2 0 0 0 0 0 0 0 1 2 2 0 0 0 0 0 0
 0 0 0 1 1 1 1 1 1 1 1 35 35 35 49 49 281 281 280 85 85 65 9 9 11 11 10 11 11 9 3 3 0 0 0 0 0 0 0 0 0 0 0 0 0 0
 0 0 0 1 1 1 1 1 1 1 1 35 35 35 49 49 281 281 280 85 85 65 9 9 11 11 10 11 11 9 3 3 0 0 0 0 0 0 0 0 0 0 0 0 0 0
 3 3 4 4 4 2 2 2 3 3 3 36 36 37 296 296 295 295 308 74 74 76 18 18 17 17 17 24 24 27 13 13 2 2 0 0 0 0 0 0 0 0 0 0 0 0
 5 5 6 6 6 3 4 4 4 4 4 49 49 50 304 304 303 303 316 153 153 30 25 25 24 24 22 29 29 34 39 39 8 8 0 0 0 0 0 0 0 0 0 0 0 0
 5 5 6 6 6 3 4 4 4 4 4 49 49 50 304 304 303 303 316 153 153 30 25 25 24 24 22 29 29 34 39 39 8 8 0 0 0 0 0 0 0 0 0 0 0 0
 22 22 23 18 18 17 18 18 9 9 6 4 4 53 326 326 322 322 140 151 151 28 26 26 25 25 22 26 26 30 29 29 5 5 0 0 0 0 0 0 0 0 0 0 0 0
 30 30 34 38 38 20 11 11 12 12 7 6 6 53 47 47 324 324 80 84 84 44 29 29 23 23 19 15 15 15 10 10 2 2 0 0 0 0 0 0 0 0 0 0 0 0
 30 30 34 38 38 20 11 11 12 12 7 6 6 53 47 47 324 324 80 84 84 44 29 29 23 23 19 15 15 15 10 10 2 2 0 0 0 0 0 0 0 0 0 0 0 0
 37 37 41 51 51 50 33 33 35 35 20 17 17 44 44 44 87 87 77 80 80 67 66 66 23 23 14 9 9 6 3 3 1 1 0 0 0 0 0 0 0 0 0 1 1 0
 37 37 41 51 51 50 33 33 35 35 20 17 17 44 44 44 87 87 77 80 80 67 66 66 23 23 14 9 9 6 3 3 1 1 0 0 0 0 0 0 0 0 0 1 1 0
 29 29 36 50 50 71 58 58 42 42 24 19 19 43 4 4 60 60 63 214 214 29 31 31 6 6 11 9 9 9 5 5 1 1 0 0 0 0 0 0 0 0 1 1 1 0
 22 22 27 59 59 60 61 61 47 47 43 10 10 6 5 5 59 59 61 30 30 14 5 5 15 15 3 4 4 11 5 5 1 1 0 0 0 0 0 0 0 0 0 0 0 0
 22 22 27 59 59 60 61 61 47 47 43 10 10 6 5 5 59 59 61 30 30 14 5 5 15 15 3 4 4 11 5 5 1 1 0 0 0 0 0 0 0 0 0 0 0 0
 11 11 23 32 32 37 56 56 82 82 73 44 44 10 6 6 4 4 4 12 12 13 6 6 60 60 2 1 1 8 1 1 0 0 0 1 1 1 1 1 1 1 0 0 0 4
 2 2 4 7 7 25 78 78 101 101 82 52 52 42 6 6 5 5 4 33 33 33 22 22 36 36 9 4 4 1 1 1 0 0 1 2 2 3 4 4 3 3 2 1 1 1
 2 2 4 7 7 25 78 78 101 101 82 52 52 42 6 6 5 5 4 33 33 33 22 22 36 36 9 4 4 1 1 1 0 0 1 2 2 3 4 4 3 3 2 1 1 1
 1 1 2 3 3 26 41 41 68 68 82 67 67 49 7 7 7 7 8 3 3 28 38 38 52 52 15 19 19 8 7 7 2 2 1 2 2 4 6 6 6 6 6 5 5 7
 1 1 2 3 3 26 41 41 68 68 82 67 67 49 7 7 7 7 8 3 3 28 38 38 52 52 15 19 19 8 7 7 2 2 1 2 2 4 6 6 6 6 6 5 5 7
 3 3 3 4 4 7 31 31 34 34 77 92 92 59 9 9 6 6 7 6 6 30 39 39 45 45 22 30 30 13 7 7 2 2 1 1 1 2 3 3 5 5 8 11 11 18
 3 3 4 4 4 7 24 24 26 26 50 113 113 78 31 31 14 14 18 10 10 29 31 31 38 38 20 56 56 21 9 9 3 3 4 2 2 0 1 1 2 2 4 6 6 10
 3 3 4 4 4 7 24 24 26 26 50 113 113 78 31 31 14 14 18 10 10 29 31 31 38 38 20 56 56 21 9 9 3 3 4 2 2 0 1 1 2 2 4 6 6 10
 2 2 2 4 4 6 8 8 7 7 25 108 108 104 27 27 15 15 17 8 8 29 26 26 5 5 9 35 35 45 18 18 8 8 11 4 4 0 0 0 0 0 1 1 1 2
 1 1 2 2 2 3 3 3 3 3 20 28 28 14 6 6 2 2 2 3 3 4 5 5 7 7 13 22 22 31 33 33 12 12 8 2 2 1 1 1 0 0 1 0 0 0
 1 1 2 2 2 3 3 3 3 3 20 28 28 14 6 6 2 2 2 3 3 4 5 5 7 7 13 22 22 31 33 33 12 12 8 2 2 1 1 1 0 0 1 0 0 0
 1 1 1 1 1 1 1 1 1 1 4 7 7 8 2 2 1 1 0 1 1 7 5 5 8 8 16 22 22 29 32 32 21 21 20 10 10 6 3 3 2 2 1 7 7 4
 1 1 1 1 1 1 1 1 1 1 4 7 7 8 2 2 1 1 0 1 1 7 5 5 8 8 16 22 22 29 32 32 21 21 20 10 10 6 3 3 2 2 1 7 7 4
 0 0 0 0 0 1 0 0 1 1 3 5 5 5 2 2 0 0 0 5 5 6 5 5 11 11 18 25 25 33 43 43 42 42 38 26 26 18 15 15 10 10 9 13 13 11
 0 0 0 0 0 0 0 0 0 0 1 6 6 7 2 2 1 1 1 1 1 3 7 7 13 13 21 30 30 47 55 55 54 54 30 15 15 29 29 29 22 22 20 19 19 13
 0 0 0 0 0 0 0 0 0 0 1 6 6 7 2 2 1 1 1 1 1 3 7 7 13 13 21 30 30 47 55 55 54 54 30 15 15 29 29 29 22 22 20 19 19 13
 0 0 0 0 0 0 0 0 0 0 0 1 1 2 8 8 7 7 3 3 3 5 4 4 8 8 17 23 23 49 49 49 43 43 19 10 10 8 26 26 26 26 18 11 11 11
 0 0 0 0 0 0 0 0 0 0 0 1 1 1 7 7 11 11 10 7 7 7 4 4 5 5 6 14 14 33 23 23 19 19 10 6 6 8 6 6 5 5 17 1 1 0
