assets/RAT_results_old/precipitation/2023-09-24_IMERG.asc
ncols        46
nrows        77
xllcorner    74.800261325624
yllcorner    8.058333333333
cellsize     0.062500000000
NODATA_value -9999
 23 23 29 33 33 27 26 26 23 23 18 13 13 19 4 4 2 2 0 0 0 1 0 0 0 0 0 3 3 3 3 3 3 3 4 6 6 7 9 9 10 10 13 14 14 32
 17 17 18 22 22 19 17 17 24 24 18 15 15 16 7 7 2 2 1 1 1 0 0 0 0 0 3 2 2 3 3 3 3 3 4 6 6 8 10 10 12 12 14 26 26 31
 17 17 18 22 22 19 17 17 24 24 18 15 15 16 7 7 2 2 1 1 1 0 0 0 0 0 3 2 2 3 3 3 3 3 4 6 6 8 10 10 12 12 14 26 26 31
 22 22 16 12 12 10 14 14 13 13 11 14 14 22 11 11 9 9 1 1 1 0 0 0 0 0 2 2 2 3 3 3 3 3 4 5 5 6 10 10 12 12 11 17 17 19
 17 17 16 9 9 15 13 13 8 8 9 10 10 16 10 10 10 10 1 0 0 0 0 0 0 0 1 2 2 2 3 3 3 3 4 5 5 6 7 7 8 8 8 10 10 15
 17 17 16 9 9 15 13 13 8 8 9 10 10 16 10 10 10 10 1 0 0 0 0 0 0 0 1 2 2 2 3 3 3 3 4 5 5 6 7 7 8 8 8 10 10 15
 18 18 21 15 15 19 14 14 10 10 4 6 6 11 6 6 4 4 1 1 1 1 1 1 1 1 1 1 1 2 2 2 3 3 4 5 5 5 6 6 8 8 8 10 10 12
 18 18 21 15 15 19 14 14 10 10 4 6 6 11 6 6 4 4 1 1 1 1 1 1 1 1 1 1 1 2 2 2 3 3 4 5 5 5 6 6 8 8 8 10 10 12
 11 11 15 21 21 17 11 11 6 6 3 7 7 5 0 0 0 0 0 0 0 1 1 1 2 2 1 1 1 1 1 1 3 3 3 4 4 5 5 5 6 6 7 8 8 9
 8 8 10 28 28 21 14 14 6 6 7 11 11 0 0 0 0 0 0 0 0 1 2 2 2 2 1 1 1 1 1 1 2 2 2 3 3 3 4 4 4 4 5 5 5 7
 8 8 10 28 28 21 14 14 6 6 7 11 11 0 0 0 0 0 0 0 0 1 2 2 2 2 1 1 1 1 1 1 2 2 2 3 3 3 4 4 4 4 5 5 5 7
 7 7 9 14 14 23 20 20 11 11 5 9 9 1 0 0 0 0 0 0 0 1 2 2 1 1 0 0 0 0 0 0 1 1 1 2 2 2 2 2 3 3 3 3 3 7
 8 8 7 7 7 16 26 26 10 10 9 6 6 2 0 0 0 0 0 0 0 3 2 2 0 0 0 0 0 1 1 1 2 2 3 2 2 3 4 4 5 5 8 11 11 16
 8 8 7 7 7 16 26 26 10 10 9 6 6 2 0 0 0 0 0 0 0 3 2 2 0 0 0 0 0 1 1 1 2 2 3 2 2 3 4 4 5 5 8 11 11 16
 10 10 8 7 7 5 10 10 4 4 6 4 4 3 0 0 0 0 0 0 0 1 1 1 0 0 1 1 1 2 2 2 4 4 5 6 6 9 12 12 17 17 17 21 21 26
 10 10 8 7 7 5 10 10 4 4 6 4 4 3 0 0 0 0 0 0 0 1 1 1 0 0 1 1 1 2 2 2 4 4 5 6 6 9 12 12 17 17 17 21 21 26
 8 8 6 6 6 11 3 3 5 5 3 3 3 1 1 1 1 1 0 1 1 1 1 1 1 1 1 1 1 2 3 3 5 5 7 7 7 10 13 13 22 22 17 20 20 22
 6 6 10 8 8 10 2 2 3 3 3 6 6 4 4 4 3 3 2 2 2 1 1 1 1 1 1 1 1 2 5 5 11 11 9 5 5 5 7 7 14 14 13 16 16 16
 6 6 10 8 8 10 2 2 3 3 3 6 6 4 4 4 3 3 2 2 2 1 1 1 1 1 1 1 1 2 5 5 11 11 9 5 5 5 7 7 14 14 13 16 16 16
 8 8 10 7 7 9 4 4 4 4 3 3 3 4 4 4 3 3 2 1 1 1 1 1 1 1 1 2 2 4 10 10 13 13 6 4 4 6 6 6 4 4 4 12 12 12
 22 22 11 8 8 10 11 11 10 10 3 2 2 4 4 4 7 7 1 1 1 1 1 1 1 1 2 3 3 5 10 10 12 12 7 6 6 7 5 5 2 2 1 9 9 8
 22 22 11 8 8 10 11 11 10 10 3 2 2 4 4 4 7 7 1 1 1 1 1 1 1 1 2 3 3 5 10 10 12 12 7 6 6 7 5 5 2 2 1 9 9 8
 31 31 29 14 14 13 13 13 11 11 9 9 9 6 12 12 3 3 2 1 1 1 1 1 1 1 1 2 2 2 3 3 4 4 3 3 3 3 3 3 2 2 1 7 7 7
 31 31 29 14 14 13 13 13 11 11 9 9 9 6 12 12 3 3 2 1 1 1 1 1 1 1 1 2 2 2 3 3 4 4 3 3 3 3 3 3 2 2 1 7 7 7
 33 33 36 19 19 17 34 34 29 29 24 9 9 7 12 12 12 12 11 1 1 0 0 0 0 0 1 1 1 1 1 1 1 1 1 1 1 2 2 2 2 2 1 0 0 4
 29 29 40 38 38 40 35 35 29 29 23 9 9 9 5 5 6 6 16 3 3 0 0 0 0 0 0 1 1 0 0 0 1 1 1 1 1 2 1 1 1 1 1 0 0 5
 29 29 40 38 38 40 35 35 29 29 23 9 9 9 5 5 6 6 16 3 3 0 0 0 0 0 0 1 1 0 0 0 1 1 1 1 1 2 1 1 1 1 1 0 0 5
 17 17 31 27 27 33 20 20 9 9 6 5 5 4 5 5 5 5 8 2 2 1 0 0 0 0 0 1 1 0 0 0 1 1 1 1 1 1 1 1 1 1 0 0 0 1
 13 13 12 18 18 18 17 17 5 5 5 5 5 4 4 4 2 2 1 1 1 1 1 1 0 0 0 0 0 0 0 0 0 0 0 0 0 0 0 0 1 1 1 0 0 0
 13 13 12 18 18 18 17 17 5 5 5 5 5 4 4 4 2 2 1 1 1 1 1 1 0 0 0 0 0 0 0 0 0 0 0 0 0 0 0 0 1 1 1 0 0 0
 58 58 9 7 7 16 15 15 3 3 2 2 2 2 1 1 4 4 4 4 4 4 6 6 1 1 1 0 0 1 1 1 1 1 0 0 0 0 1 1 2 2 1 1 1 1
 58 58 9 7 7 16 15 15 3 3 2 2 2 2 1 1 4 4 4 4 4 4 6 6 1 1 1 0 0 1 1 1 1 1 0 0 0 0 1 1 2 2 1 1 1 1
 58 58 9 7 7 3 3 3 2 2 2 2 2 2 1 1 4 4 4 5 5 8 6 6 3 3 1 1 1 2 1 1 1 1 1 1 1 1 2 2 2 2 2 2 2 5
 16 16 14 13 13 4 3 3 2 2 2 2 2 2 2 2 5 5 7 8 8 7 5 5 3 3 1 0 0 1 1 1 1 1 1 1 1 1 2 2 2 2 2 2 2 3
 16 16 14 13 13 4 3 3 2 2 2 2 2 2 2 2 5 5 7 8 8 7 5 5 3 3 1 0 0 1 1 1 1 1 1 1 1 1 2 2 2 2 2 2 2 3
 18 18 11 8 8 3 3 3 3 3 5 6 6 5 7 7 7 7 9 5 5 8 7 7 5 5 3 1 1 1 1 1 1 1 3 2 2 2 2 2 2 2 2 1 1 3
 8 8 6 4 4 4 4 4 4 4 6 4 4 4 3 3 8 8 10 7 7 4 7 7 7 7 4 2 2 2 2 2 2 2 3 3 3 3 2 2 3 3 3 3 3 3
 8 8 6 4 4 4 4 4 4 4 6 4 4 4 3 3 8 8 10 7 7 4 7 7 7 7 4 2 2 2 2 2 2 2 3 3 3 3 2 2 3 3 3 3 3 3
 3 3 3 6 6 11 10 10 8 8 7 3 3 3 4 4 6 6 6 9 9 6 8 8 12 12 3 2 2 2 2 2 2 2 3 4 4 5 6 6 6 6 5 2 2 1
 3 3 3 6 6 11 10 10 8 8 7 3 3 3 4 4 6 6 6 9 9 6 8 8 12 12 3 2 2 2 2 2 2 2 3 4 4 5 6 6 6 6 5 2 2 1
 3 3 4 7 7 13 12 12 5 5 3 4 4 6 7 7 9 9 8 10 10 11 7 7 7 7 4 3 3 4 4 4 6 6 7 7 7 7 5 5 3 3 1 0 0 0
 3 3 2 3 3 3 3 3 2 2 1 2 2 4 6 6 5 5 7 18 18 6 7 7 9 9 7 6 6 5 5 5 10 10 8 5 5 3 1 1 0 0 0 1 1 0
 3 3 2 3 3 3 3 3 2 2 1 2 2 4 6 6 5 5 7 18 18 6 7 7 9 9 7 6 6 5 5 5 10 10 8 5 5 3 1 1 0 0 0 1 1 0
 1 1 1 1 1 0 0 0 1 1 1 2 2 2 2 2 3 3 6 13 13 8 9 9 7 7 7 6 6 5 5 5 6 6 2 1 1 1 0 0 0 0 0 0 0 0
 1 1 1 1 1 1 1 1 1 1 1 3 3 3 5 5 4 4 4 9 9 8 6 6 8 8 5 4 4 2 2 2 2 2 0 0 0 0 0 0 0 0 0 0 0 0
 1 1 1 1 1 1 1 1 1 1 1 3 3 3 5 5 4 4 4 9 9 8 6 6 8 8 5 4 4 2 2 2 2 2 0 0 0 0 0 0 0 0 0 0 0 0
 4 4 3 3 3 2 2 2 3 3 3 4 4 3 3 3 4 4 4 8 8 8 8 8 2 2 1 1 1 0 0 0 0 0 0 0 0 0 0 0 0 0 0 0 0 0
 4 4 3 3 3 2 2 2 3 3 3 4 4 3 3 3 4 4 4 8 8 8 8 8 2 2 1 1 1 0 0 0 0 0 0 0 0 0 0 0 0 0 0 0 0 0
 5 5 3 3 3 5 7 7 6 6 3 5 5 4 2 2 2 2 3 3 3 7 1 1 0 0 0 0 0 0 0 0 0 0 0 0 0 0 0 0 0 0 0 0 0 0
 2 2 5 1 1 1 3 3 3 3 1 2 2 4 3 3 3 3 4 2 2 6 1 1 1 1 0 0 0 0 0 0 0 0 0 0 0 0 0 0 0 0 0 0 0 0
 2 2 5 1 1 1 3 3 3 3 1 2 2 4 3 3 3 3 4 2 2 6 1 1 1 1 0 0 0 0 0 0 0 0 0 0 0 0 0 0 0 0 0 0 0 0
 8 8 8 1 1 1 2 2 3 3 2 2 2 6 2 2 3 3 4 7 7 7 5 5 2 2 0 0 0 0 0 0 0 0 0 0 0 0 0 0 0 0 0 0 0 0
 8 8 10 8 8 6 6 6 6 6 3 4 4 8 8 8 8 8 8 6 6 7 3 3 1 1 0 0 0 0 0 0 0 0 0 0 0 0 0 0 0 0 0 0 0 0
 8 8 10 8 8 6 6 6 6 6 3 4 4 8 8 8 8 8 8 6 6 7 3 3 1 1 0 0 0 0 0 0 0 0 0 0 0 0 0 0 0 0 0 0 0 0
 8 8 7 8 8 4 8 8 8 8 4 5 5 3 1 1 1 1 8 6 6 6 0 0 0 0 0 0 0 0 0 0 0 0 2 0 0 2 0 0 0 0 0 0 0 0
 8 8 7 8 8 4 8 8 8 8 4 5 5 3 1 1 1 1 8 6 6 6 0 0 0 0 0 0 0 0 0 0 0 0 2 0 0 2 0 0 0 0 0 0 0 0
 1 1 9 7 7 3 2 2 1 1 1 1 1 1 1 1 1 1 2 2 2 2 1 1 0 0 0 0 0 0 0 0 0 0 0 0 0 2 0 0 0 0 0 0 0 0
 0 0 1 1 1 0 0 0 0 0 0 0 0 0 0 0 0 0 1 1 1 1 1 1 0 0 0 0 0 0 0 0 0 0 0 0 0 2 0 0 0 0 0 0 0 0
 0 0 1 1 1 0 0 0 0 0 0 0 0 0 0 0 0 0 1 1 1 1 1 1 0 0 0 0 0 0 0 0 0 0 0 0 0 2 0 0 0 0 0 0 0 0
 0 0 1 1 1 1 1 1 0 0 0 1 1 1 0 0 0 0 1 1 1 0 1 1 0 0 0 0 0 0 0 0 0 0 0 0 0 0 0 0 0 0 0 0 0 0
 1 1 1 1 1 1 1 1 1 1 0 0 0 0 0 0 0 0 0 0 0 0 1 1 1 1 0 0 0 0 0 0 0 0 2 0 0 0 0 0 0 0 0 0 0 0
 1 1 1 1 1 1 1 1 1 1 0 0 0 0 0 0 0 0 0 0 0 0 1 1 1 1 0 0 0 0 0 0 0 0 2 0 0 0 0 0 0 0 0 0 0 0
 1 1 1 1 1 1 1 1 1 1 0 0 0 0 0 0 0 0 0 0 0 0 0 0 0 0 0 0 0 0 0 0 0 0 0 2 2 0 0 0 0 0 0 0 0 0
 1 1 1 1 1 1 1 1 1 1 0 0 0 0 0 0 0 0 0 0 0 0 0 0 0 0 0 0 0 0 0 0 0 0 0 2 2 0 0 0 0 0 0 0 0 0
 2 2 1 1 1 1 1 1 1 1 0 0 0 0 0 0 0 0 0 0 0 0 0 0 0 0 0 0 0 0 0 0 0 0 0 0 0 0 0 0 0 0 0 0 0 0
 2 2 1 1 1 1 1 1 1 1 2 1 1 0 0 0 0 0 0 0 0 0 0 0 0 0 0 0 0 0 0 0 0 0 0 0 0 0 0 0 0 0 0 0 0 0
 2 2 1 1 1 1 1 1 1 1 2 1 1 0 0 0 0 0 0 0 0 0 0 0 0 0 0 0 0 0 0 0 0 0 0 0 0 0 0 0 0 0 0 0 0 0
 1 1 1 1 1 1 1 1 1 1 2 2 2 0 0 0 0 0 0 0 0 0 0 0 0 0 0 0 0 0 0 0 0 0 0 0 0 0 0 0 0 0 0 0 0 0
 0 0 1 1 1 1 1 1 1 1 1 1 1 0 0 0 0 0 0 0 0 0 0 0 0 0 0 0 0 1 0 0 0 0 0 0 0 0 2 2 1 1 0 0 0 0
 0 0 1 1 1 1 1 1 1 1 1 1 1 0 0 0 0 0 0 0 0 0 0 0 0 0 0 0 0 1 0 0 0 0 0 0 0 0 2 2 1 1 0 0 0 0
 0 0 1 1 1 1 1 1 0 0 0 0 0 0 0 0 0 0 0 0 0 0 0 0 0 0 0 0 0 0 0 0 0 0 0 0 0 0 0 0 0 0 0 0 0 0
 0 0 1 1 1 1 1 1 0 0 0 0 0 0 0 0 0 0 0 0 0 0 0 0 0 0 0 0 0 0 0 0 0 0 0 0 0 0 0 0 0 0 0 0 0 0
 0 0 1 1 1 1 1 1 1 1 0 0 0 0 0 0 0 0 0 0 0 0 0 0 0 0 0 0 0 0 0 0 0 0 0 0 0 0 0 0 0 0 0 0 0 0
 2 2 2 1 1 0 0 0 1 1 0 0 0 0 0 0 0 0 0 1 1 1 0 0 0 0 0 1 1 3 1 1 0 0 0 0 0 0 0 0 0 0 0 0 0 0
 2 2 2 1 1 0 0 0 1 1 0 0 0 0 0 0 0 0 0 1 1 1 0 0 0 0 0 1 1 3 1 1 0 0 0 0 0 0 0 0 0 0 0 0 0 0
 2 2 0 0 0 0 1 1 1 1 2 0 0 0 0 0 0 0 1 1 1 1 0 0 5 5 5 6 6 3 1 1 0 0 0 0 0 0 0 0 0 0 0 0 0 0
 3 3 1 0 0 1 3 3 4 4 8 1 1 1 0 0 0 0 1 2 2 3 3 3 5 5 5 4 4 5 6 6 2 2 0 0 0 0 0 0 0 0 0 0 0 0
