assets/RAT_results_old/precipitation/2023-05-06_IMERG.asc
ncols        46
nrows        77
xllcorner    74.800261325624
yllcorner    8.058333333333
cellsize     0.062500000000
NODATA_value -9999
 0 0 1 1 1 2 3 3 6 6 12 15 15 24 36 36 21 21 17 14 14 13 12 12 10 10 12 20 20 19 19 19 19 19 17 20 20 24 20 20 14 14 15 12 12 14
 0 0 0 1 1 1 2 2 2 2 5 8 8 13 18 18 27 27 21 18 18 18 15 15 13 13 16 22 22 25 24 24 22 22 21 24 24 22 19 19 17 17 17 16 16 17
 0 0 0 1 1 1 2 2 2 2 5 8 8 13 18 18 27 27 21 18 18 18 15 15 13 13 16 22 22 25 24 24 22 22 21 24 24 22 19 19 17 17 17 16 16 17
 0 0 0 1 1 1 1 1 1 1 3 4 4 11 14 14 19 19 16 15 15 16 15 15 14 14 16 21 21 29 31 31 26 26 25 27 27 25 22 22 19 19 20 19 19 21
 0 0 0 1 1 1 3 3 2 2 1 1 1 4 8 8 17 17 16 11 11 14 14 14 17 17 20 21 21 28 35 35 24 24 26 28 28 27 23 23 19 19 19 20 20 24
 0 0 0 1 1 1 3 3 2 2 1 1 1 4 8 8 17 17 16 11 11 14 14 14 17 17 20 21 21 28 35 35 24 24 26 28 28 27 23 23 19 19 19 20 20 24
 0 0 0 0 0 1 4 4 5 5 2 1 1 2 6 6 10 10 25 17 17 18 17 17 16 16 21 22 22 25 36 36 33 33 31 34 34 30 28 28 23 23 21 22 22 24
 0 0 0 0 0 1 4 4 5 5 2 1 1 2 6 6 10 10 25 17 17 18 17 17 16 16 21 22 22 25 36 36 33 33 31 34 34 30 28 28 23 23 21 22 22 24
 0 0 0 0 0 1 2 2 4 4 4 5 5 3 4 4 7 7 16 21 21 22 25 25 23 23 27 22 22 26 38 38 36 36 34 34 34 33 27 27 26 26 23 27 27 29
 0 0 0 0 0 0 1 1 2 2 4 7 7 6 6 6 9 9 12 18 18 21 37 37 40 40 34 32 32 28 33 33 44 44 40 42 42 38 32 32 33 33 33 27 27 28
 0 0 0 0 0 0 1 1 2 2 4 7 7 6 6 6 9 9 12 18 18 21 37 37 40 40 34 32 32 28 33 33 44 44 40 42 42 38 32 32 33 33 33 27 27 28
 0 0 0 0 0 0 0 0 1 1 2 4 4 6 7 7 10 10 11 21 21 28 40 40 39 39 43 34 34 24 30 30 32 32 37 42 42 39 40 40 39 39 41 33 33 31
 0 0 0 0 0 0 0 0 0 0 1 2 2 4 6 6 11 11 11 19 19 24 27 27 39 39 43 33 33 32 31 31 30 30 34 40 40 41 45 45 50 50 55 45 45 38
 0 0 0 0 0 0 0 0 0 0 1 2 2 4 6 6 11 11 11 19 19 24 27 27 39 39 43 33 33 32 31 31 30 30 34 40 40 41 45 45 50 50 55 45 45 38
 0 0 0 0 0 0 0 0 0 0 1 0 0 1 2 2 6 6 7 9 9 21 21 21 30 30 39 32 32 32 30 30 34 34 39 42 42 36 50 50 54 54 54 44 44 40
 0 0 0 0 0 0 0 0 0 0 1 0 0 1 2 2 6 6 7 9 9 21 21 21 30 30 39 32 32 32 30 30 34 34 39 42 42 36 50 50 54 54 54 44 44 40
 0 0 0 0 0 0 0 0 0 0 0 1 1 1 1 1 2 2 3 4 4 14 17 17 21 21 32 32 32 32 27 27 30 30 36 44 44 59 54 54 58 58 51 50 50 44
 0 0 0 0 0 0 0 0 0 0 0 1 1 2 2 2 2 2 3 3 3 10 12 12 14 14 28 33 33 31 31 31 32 32 39 49 49 53 45 45 48 48 46 45 45 47
 0 0 0 0 0 0 0 0 0 0 0 1 1 2 2 2 2 2 3 3 3 10 12 12 14 14 28 33 33 31 31 31 32 32 39 49 49 53 45 45 48 48 46 45 45 47
 0 0 0 0 0 0 0 0 0 0 0 1 1 5 4 4 3 3 6 5 5 7 9 9 12 12 28 31 31 33 29 29 29 29 38 46 46 39 47 47 49 49 54 44 44 45
 1 1 0 0 0 0 0 0 0 0 0 1 1 3 4 4 4 4 9 6 6 7 9 9 10 10 11 22 22 26 30 30 49 49 35 29 29 35 45 45 29 29 31 31 31 33
 1 1 0 0 0 0 0 0 0 0 0 1 1 3 4 4 4 4 9 6 6 7 9 9 10 10 11 22 22 26 30 30 49 49 35 29 29 35 45 45 29 29 31 31 31 33
 1 1 1 0 0 0 0 0 0 0 0 1 1 1 3 3 6 6 9 6 6 7 12 12 11 11 10 21 21 20 21 21 20 20 25 25 25 39 23 23 16 16 18 20 20 30
 1 1 1 0 0 0 0 0 0 0 0 1 1 1 3 3 6 6 9 6 6 7 12 12 11 11 10 21 21 20 21 21 20 20 25 25 25 39 23 23 16 16 18 20 20 30
 1 1 1 1 1 1 1 1 0 0 0 0 0 0 0 0 6 6 7 5 5 7 11 11 10 10 11 25 25 25 24 24 23 23 29 34 34 45 38 38 17 17 16 16 16 21
 1 1 1 1 1 2 1 1 1 1 0 0 0 0 0 0 6 6 6 5 5 7 9 9 7 7 8 22 22 22 22 22 24 24 35 32 32 48 30 30 11 11 13 16 16 18
 1 1 1 1 1 2 1 1 1 1 0 0 0 0 0 0 6 6 6 5 5 7 9 9 7 7 8 22 22 22 22 22 24 24 35 32 32 48 30 30 11 11 13 16 16 18
 3 3 2 2 2 3 2 2 2 2 1 0 0 0 0 0 1 1 6 6 6 4 5 5 6 6 7 11 11 15 17 17 18 18 40 39 39 28 14 14 12 12 16 18 18 16
 1 1 1 1 1 1 1 1 1 1 1 0 0 0 0 0 0 0 6 6 6 4 5 5 5 5 5 9 9 12 15 15 17 17 30 18 18 16 20 20 14 14 19 20 20 18
 1 1 1 1 1 1 1 1 1 1 1 0 0 0 0 0 0 0 6 6 6 4 5 5 5 5 5 9 9 12 15 15 17 17 30 18 18 16 20 20 14 14 19 20 20 18
 0 0 0 1 1 1 2 2 4 4 2 1 1 0 0 0 1 1 5 4 4 4 2 2 3 3 3 5 5 9 13 13 14 14 17 18 18 17 17 17 15 15 15 16 16 19
 0 0 0 1 1 1 2 2 4 4 2 1 1 0 0 0 1 1 5 4 4 4 2 2 3 3 3 5 5 9 13 13 14 14 17 18 18 17 17 17 15 15 15 16 16 19
 0 0 0 1 1 0 1 1 2 2 2 1 1 0 0 0 1 1 5 3 3 4 2 2 2 2 3 5 5 11 12 12 16 16 15 16 16 14 13 13 12 12 14 17 17 17
 0 0 0 0 0 0 1 1 1 1 1 1 1 1 1 1 1 1 3 3 3 1 1 1 1 1 1 2 2 6 11 11 15 15 14 14 14 12 12 12 18 18 21 23 23 49
 0 0 0 0 0 0 1 1 1 1 1 1 1 1 1 1 1 1 3 3 3 1 1 1 1 1 1 2 2 6 11 11 15 15 14 14 14 12 12 12 18 18 21 23 23 49
 0 0 0 0 0 1 0 0 1 1 1 1 1 2 2 2 2 2 2 2 2 2 2 2 1 1 1 2 2 6 11 11 11 11 14 14 14 14 15 15 20 20 22 23 23 52
 0 0 0 0 0 0 0 0 0 0 1 1 1 2 3 3 4 4 4 4 4 4 4 4 2 2 1 4 4 5 10 10 11 11 11 13 13 14 18 18 17 17 21 27 27 40
 0 0 0 0 0 0 0 0 0 0 1 1 1 2 3 3 4 4 4 4 4 4 4 4 2 2 1 4 4 5 10 10 11 11 11 13 13 14 18 18 17 17 21 27 27 40
 0 0 0 0 0 0 0 0 1 1 1 1 1 2 4 4 5 5 6 7 7 8 7 7 6 6 5 12 12 15 9 9 9 9 9 13 13 28 32 32 30 30 28 34 34 37
 0 0 0 0 0 0 0 0 1 1 1 1 1 2 4 4 5 5 6 7 7 8 7 7 6 6 5 12 12 15 9 9 9 9 9 13 13 28 32 32 30 30 28 34 34 37
 0 0 0 0 0 0 1 1 2 2 1 1 1 3 5 5 7 7 7 9 9 8 9 9 11 11 11 14 14 15 15 15 10 10 10 12 12 22 30 30 28 28 26 34 34 35
 1 1 1 0 0 1 2 2 2 2 2 2 2 4 4 4 7 7 10 10 10 6 9 9 11 11 16 16 16 17 11 11 7 7 6 12 12 19 22 22 25 25 25 23 23 22
 1 1 1 0 0 1 2 2 2 2 2 2 2 4 4 4 7 7 10 10 10 6 9 9 11 11 16 16 16 17 11 11 7 7 6 12 12 19 22 22 25 25 25 23 23 22
 1 1 1 1 1 1 2 2 2 2 2 2 2 4 3 3 4 4 9 10 10 4 5 5 7 7 15 16 16 21 17 17 9 9 10 6 6 7 12 12 14 14 11 13 13 21
 1 1 3 5 5 3 3 3 2 2 2 2 2 3 3 3 5 5 7 9 9 7 6 6 9 9 17 14 14 15 13 13 11 11 12 7 7 8 14 14 15 15 13 14 14 18
 1 1 3 5 5 3 3 3 2 2 2 2 2 3 3 3 5 5 7 9 9 7 6 6 9 9 17 14 14 15 13 13 11 11 12 7 7 8 14 14 15 15 13 14 14 18
 1 1 4 11 11 7 4 4 2 2 2 1 1 2 3 3 5 5 6 6 6 7 7 7 9 9 15 12 12 11 13 13 17 17 15 12 12 11 13 13 13 13 11 12 12 15
 1 1 4 11 11 7 4 4 2 2 2 1 1 2 3 3 5 5 6 6 6 7 7 7 9 9 15 12 12 11 13 13 17 17 15 12 12 11 13 13 13 13 11 12 12 15
 0 0 1 3 3 3 2 2 1 1 1 1 1 1 2 2 5 5 6 6 6 8 10 10 14 14 16 12 12 12 12 12 19 19 20 12 12 13 15 15 13 13 13 14 14 17
 0 0 0 1 1 1 2 2 2 2 2 1 1 1 3 3 3 3 5 6 6 7 9 9 10 10 11 13 13 12 11 11 9 9 11 14 14 14 12 12 13 13 13 15 15 15
 0 0 0 1 1 1 2 2 2 2 2 1 1 1 3 3 3 3 5 6 6 7 9 9 10 10 11 13 13 12 11 11 9 9 11 14 14 14 12 12 13 13 13 15 15 15
 0 0 0 1 1 1 1 1 1 1 3 3 3 3 3 3 3 3 3 4 4 4 5 5 7 7 11 14 14 10 10 10 9 9 11 11 11 10 10 10 11 11 14 17 17 21
 0 0 0 1 1 2 1 1 0 0 1 2 2 3 3 3 3 3 4 5 5 3 3 3 5 5 8 11 11 9 8 8 10 10 10 8 8 9 10 10 11 11 14 18 18 23
 0 0 0 1 1 2 1 1 0 0 1 2 2 3 3 3 3 3 4 5 5 3 3 3 5 5 8 11 11 9 8 8 10 10 10 8 8 9 10 10 11 11 14 18 18 23
 0 0 0 0 0 0 0 0 0 0 0 1 1 2 2 2 2 2 2 3 3 2 2 2 4 4 7 7 7 6 5 5 6 6 6 6 6 5 6 6 9 9 11 13 13 20
 0 0 0 0 0 0 0 0 0 0 0 1 1 2 2 2 2 2 2 3 3 2 2 2 4 4 7 7 7 6 5 5 6 6 6 6 6 5 6 6 9 9 11 13 13 20
 0 0 3 2 2 0 0 0 0 0 0 0 0 1 1 1 3 3 3 3 3 2 2 2 5 5 6 6 6 5 4 4 4 4 2 3 3 3 3 3 4 4 5 6 6 11
 0 0 2 2 2 0 0 0 0 0 0 0 0 0 1 1 2 2 2 3 3 3 3 3 3 3 5 5 5 12 4 4 4 4 1 1 1 3 4 4 2 2 2 1 1 4
 0 0 2 2 2 0 0 0 0 0 0 0 0 0 1 1 2 2 2 3 3 3 3 3 3 3 5 5 5 12 4 4 4 4 1 1 1 3 4 4 2 2 2 1 1 4
 0 0 1 2 2 0 0 0 0 0 1 0 0 0 0 0 1 1 1 1 1 2 2 2 3 3 4 4 4 9 6 6 7 7 3 1 1 1 1 1 1 1 0 0 0 1
 0 0 1 0 0 0 0 0 1 1 1 1 1 1 0 0 0 0 0 1 1 1 1 1 2 2 3 4 4 6 7 7 6 6 4 3 3 0 1 1 0 0 0 0 0 1
 0 0 1 0 0 0 0 0 1 1 1 1 1 1 0 0 0 0 0 1 1 1 1 1 2 2 3 4 4 6 7 7 6 6 4 3 3 0 1 1 0 0 0 0 0 1
 0 0 0 0 0 0 0 0 1 1 0 0 0 1 1 1 0 0 0 0 0 1 1 1 1 1 3 4 4 10 8 8 10 10 11 3 3 5 1 1 0 0 0 1 1 1
 0 0 0 0 0 0 0 0 1 1 0 0 0 1 1 1 0 0 0 0 0 1 1 1 1 1 3 4 4 10 8 8 10 10 11 3 3 5 1 1 0 0 0 1 1 1
 0 0 0 0 0 2 4 4 0 0 2 0 0 1 1 1 0 0 0 0 0 0 0 0 1 1 2 4 4 6 13 13 14 14 11 5 5 1 1 1 1 1 0 1 1 1
 0 0 0 0 0 3 3 3 1 1 2 1 1 0 0 0 1 1 2 1 1 0 1 1 1 1 1 2 2 5 9 9 7 7 9 4 4 2 3 3 3 3 0 0 0 1
 0 0 0 0 0 3 3 3 1 1 2 1 1 0 0 0 1 1 2 1 1 0 1 1 1 1 1 2 2 5 9 9 7 7 9 4 4 2 3 3 3 3 0 0 0 1
 0 0 0 0 0 0 1 1 0 0 1 1 1 0 0 0 0 0 1 1 1 1 0 0 1 1 1 1 1 2 5 5 5 5 6 6 6 3 2 2 2 2 1 1 1 1
 0 0 0 0 0 0 0 0 0 0 0 0 0 0 0 0 0 0 0 0 0 0 0 0 0 0 1 1 1 1 1 1 1 1 1 2 2 3 1 1 2 2 1 1 1 1
 0 0 0 0 0 0 0 0 0 0 0 0 0 0 0 0 0 0 0 0 0 0 0 0 0 0 1 1 1 1 1 1 1 1 1 2 2 3 1 1 2 2 1 1 1 1
 0 0 0 0 0 0 0 0 0 0 0 0 0 0 0 0 0 0 0 0 0 0 1 1 0 0 1 1 1 1 3 3 1 1 3 3 3 4 1 1 1 1 1 0 0 0
 0 0 0 0 0 0 0 0 0 0 0 0 0 0 0 0 0 0 0 0 0 0 1 1 0 0 1 1 1 1 3 3 1 1 3 3 3 4 1 1 1 1 1 0 0 0
 0 0 0 0 0 0 0 0 0 0 0 0 0 0 0 0 0 0 0 1 1 2 2 2 0 0 0 24 24 1 3 3 1 1 3 0 0 8 10 10 1 1 0 0 0 0
 0 0 0 0 0 0 0 0 0 0 0 0 0 0 0 0 0 0 0 0 0 1 1 1 0 0 0 24 24 23 23 23 6 6 2 2 2 0 1 1 1 1 0 0 0 0
 0 0 0 0 0 0 0 0 0 0 0 0 0 0 0 0 0 0 0 0 0 1 1 1 0 0 0 24 24 23 23 23 6 6 2 2 2 0 1 1 1 1 0 0 0 0
 0 0 0 0 0 0 0 0 0 0 0 0 0 0 0 0 0 0 0 0 0 0 1 1 0 0 0 0 0 0 2 2 2 2 2 7 7 0 1 1 1 1 1 1 1 1
 0 0 0 0 0 0 0 0 0 0 0 0 0 0 0 0 0 0 0 0 0 0 0 0 0 0 1 0 0 0 2 2 2 2 4 5 5 1 1 1 1 1 0 0 0 1
