assets/RAT_results_old/precipitation/2023-07-05_IMERG.asc
ncols        46
nrows        77
xllcorner    74.800261325624
yllcorner    8.058333333333
cellsize     0.062500000000
NODATA_value -9999
 77 77 72 54 54 50 44 44 26 26 19 16 16 15 13 13 10 10 9 7 7 12 15 15 15 15 7 10 10 8 4 4 3 3 2 0 0 1 1 1 1 1 1 1 1 1
 89 89 71 57 57 46 38 38 23 23 13 11 11 13 11 11 9 9 8 7 7 4 4 4 3 3 6 7 7 4 2 2 2 2 0 0 0 1 1 1 1 1 1 1 1 1
 89 89 71 57 57 46 38 38 23 23 13 11 11 13 11 11 9 9 8 7 7 4 4 4 3 3 6 7 7 4 2 2 2 2 0 0 0 1 1 1 1 1 1 1 1 1
 59 59 62 53 53 47 31 31 29 29 20 12 12 14 14 14 15 15 14 8 8 3 2 2 2 2 2 1 1 0 0 0 0 0 0 0 0 1 1 1 1 1 1 1 1 1
 56 56 46 51 51 52 39 39 26 26 15 11 11 15 21 21 24 24 19 8 8 5 4 4 1 1 1 1 1 0 0 0 0 0 0 0 0 1 1 1 1 1 1 0 0 0
 56 56 46 51 51 52 39 39 26 26 15 11 11 15 21 21 24 24 19 8 8 5 4 4 1 1 1 1 1 0 0 0 0 0 0 0 0 1 1 1 1 1 1 0 0 0
 33 33 29 37 37 37 29 29 23 23 16 14 14 13 20 20 18 18 13 12 12 5 4 4 1 1 1 2 2 1 1 1 0 0 0 0 0 0 1 1 0 0 0 0 0 0
 33 33 29 37 37 37 29 29 23 23 16 14 14 13 20 20 18 18 13 12 12 5 4 4 1 1 1 2 2 1 1 1 0 0 0 0 0 0 1 1 0 0 0 0 0 0
 74 74 52 47 47 42 35 35 25 25 15 16 16 17 20 20 18 18 15 13 13 6 3 3 3 3 2 3 3 2 1 1 1 1 1 0 0 0 0 0 1 1 1 0 0 1
 90 90 59 62 62 55 47 47 37 37 23 13 13 18 15 15 20 20 20 14 14 8 6 6 5 5 6 3 3 1 1 1 1 1 1 0 0 1 1 1 1 1 1 1 1 1
 90 90 59 62 62 55 47 47 37 37 23 13 13 18 15 15 20 20 20 14 14 8 6 6 5 5 6 3 3 1 1 1 1 1 1 0 0 1 1 1 1 1 1 1 1 1
 100 100 72 65 65 70 51 51 32 32 25 17 17 22 21 21 25 25 23 13 13 10 9 9 7 7 6 5 5 3 5 5 5 5 2 2 2 2 2 2 5 5 2 1 1 1
 112 112 92 110 110 76 56 56 44 44 31 22 22 21 25 25 19 19 16 12 12 12 10 10 12 12 11 7 7 7 7 7 6 6 2 9 9 7 6 6 7 7 5 2 2 2
 112 112 92 110 110 76 56 56 44 44 31 22 22 21 25 25 19 19 16 12 12 12 10 10 12 12 11 7 7 7 7 7 6 6 2 9 9 7 6 6 7 7 5 2 2 2
 108 108 125 127 127 93 62 62 60 60 47 41 41 34 31 31 20 20 25 25 25 20 16 16 14 14 14 17 17 14 14 14 12 12 10 10 10 8 14 14 15 15 10 7 7 2
 108 108 125 127 127 93 62 62 60 60 47 41 41 34 31 31 20 20 25 25 25 20 16 16 14 14 14 17 17 14 14 14 12 12 10 10 10 8 14 14 15 15 10 7 7 2
 119 119 120 127 127 87 75 75 67 67 58 56 56 60 58 58 46 46 40 33 33 24 23 23 23 23 30 28 28 16 13 13 15 15 11 12 12 13 15 15 16 16 10 7 7 5
 115 115 116 151 151 133 134 134 91 91 91 94 94 86 65 65 56 56 48 44 44 30 28 28 29 29 23 20 20 21 15 15 14 14 11 12 12 12 13 13 14 14 16 12 12 7
 115 115 116 151 151 133 134 134 91 91 91 94 94 86 65 65 56 56 48 44 44 30 28 28 29 29 23 20 20 21 15 15 14 14 11 12 12 12 13 13 14 14 16 12 12 7
 141 141 140 163 163 159 144 144 112 112 134 98 98 98 91 91 70 70 63 51 51 36 32 32 28 28 21 15 15 19 13 13 14 14 15 12 12 14 19 19 18 18 21 11 11 10
 148 148 161 164 164 161 177 177 151 151 147 125 125 101 80 80 62 62 50 40 40 33 29 29 21 21 19 20 20 21 24 24 18 18 21 9 9 9 9 9 20 20 20 10 10 9
 148 148 161 164 164 161 177 177 151 151 147 125 125 101 80 80 62 62 50 40 40 33 29 29 21 21 19 20 20 21 24 24 18 18 21 9 9 9 9 9 20 20 20 10 10 9
 111 111 134 167 167 156 144 144 115 115 146 120 120 101 85 85 61 61 50 37 37 29 24 24 21 21 17 21 21 22 24 24 14 14 14 9 9 7 3 3 7 7 9 9 9 9
 111 111 134 167 167 156 144 144 115 115 146 120 120 101 85 85 61 61 50 37 37 29 24 24 21 21 17 21 21 22 24 24 14 14 14 9 9 7 3 3 7 7 9 9 9 9
 74 74 111 124 124 133 138 138 117 117 109 72 72 86 60 60 51 51 49 38 38 25 26 26 23 23 20 22 22 22 23 23 17 17 9 5 5 4 4 4 5 5 10 7 7 7
 69 69 74 118 118 102 91 91 84 84 59 62 62 62 61 61 49 49 51 32 32 27 23 23 23 23 22 19 19 23 21 21 14 14 7 5 5 3 5 5 5 5 6 6 6 6
 69 69 74 118 118 102 91 91 84 84 59 62 62 62 61 61 49 49 51 32 32 27 23 23 23 23 22 19 19 23 21 21 14 14 7 5 5 3 5 5 5 5 6 6 6 6
 88 88 94 102 102 106 97 97 80 80 73 64 64 67 59 59 56 56 57 36 36 32 23 23 18 18 20 18 18 19 21 21 11 11 4 3 3 3 5 5 4 4 5 4 4 4
 59 59 57 54 54 56 63 63 76 76 79 102 102 108 63 63 57 57 53 34 34 28 25 25 18 18 17 15 15 15 14 14 11 11 11 8 8 4 4 4 3 3 2 1 1 2
 59 59 57 54 54 56 63 63 76 76 79 102 102 108 63 63 57 57 53 34 34 28 25 25 18 18 17 15 15 15 14 14 11 11 11 8 8 4 4 4 3 3 2 1 1 2
 44 44 46 44 44 42 48 48 67 67 58 124 124 88 50 50 62 62 49 40 40 29 27 27 16 16 10 11 11 7 8 8 11 11 12 8 8 4 2 2 2 2 1 1 1 1
 44 44 46 44 44 42 48 48 67 67 58 124 124 88 50 50 62 62 49 40 40 29 27 27 16 16 10 11 11 7 8 8 11 11 12 8 8 4 2 2 2 2 1 1 1 1
 35 35 37 34 34 35 38 38 48 48 50 85 85 75 53 53 53 53 41 37 37 29 33 33 22 22 11 9 9 10 13 13 13 13 10 4 4 4 1 1 1 1 1 0 0 1
 25 25 24 29 29 43 48 48 49 49 53 64 64 66 54 54 52 52 50 41 41 35 34 34 31 31 19 12 12 11 13 13 15 15 14 9 9 3 1 1 1 1 1 1 1 1
 25 25 24 29 29 43 48 48 49 49 53 64 64 66 54 54 52 52 50 41 41 35 34 34 31 31 19 12 12 11 13 13 15 15 14 9 9 3 1 1 1 1 1 1 1 1
 26 26 24 27 27 27 39 39 38 38 49 59 59 69 60 60 54 54 55 54 54 48 45 45 35 35 26 22 22 19 20 20 19 19 15 8 8 5 3 3 5 5 3 4 4 4
 30 30 36 35 35 35 38 38 39 39 50 55 55 58 61 61 40 40 44 56 56 53 46 46 46 46 35 27 27 22 22 22 21 21 20 13 13 9 7 7 8 8 8 7 7 7
 30 30 36 35 35 35 38 38 39 39 50 55 55 58 61 61 40 40 44 56 56 53 46 46 46 46 35 27 27 22 22 22 21 21 20 13 13 9 7 7 8 8 8 7 7 7
 38 38 33 33 33 32 29 29 31 31 46 52 52 61 59 59 30 30 33 49 49 48 43 43 36 36 37 37 37 35 31 31 30 30 21 13 13 14 11 11 10 10 8 6 6 6
 38 38 33 33 33 32 29 29 31 31 46 52 52 61 59 59 30 30 33 49 49 48 43 43 36 36 37 37 37 35 31 31 30 30 21 13 13 14 11 11 10 10 8 6 6 6
 37 37 33 30 30 22 26 26 29 29 27 33 33 42 33 33 28 28 27 40 40 46 42 42 38 38 38 36 36 36 36 36 35 35 29 16 16 13 14 14 17 17 12 10 10 7
 45 45 37 37 37 24 24 24 27 27 25 33 33 35 28 28 24 24 24 30 30 51 47 47 46 46 51 62 62 47 42 42 26 26 23 16 16 12 13 13 17 17 10 8 8 7
 45 45 37 37 37 24 24 24 27 27 25 33 33 35 28 28 24 24 24 30 30 51 47 47 46 46 51 62 62 47 42 42 26 26 23 16 16 12 13 13 17 17 10 8 8 7
 47 47 54 48 48 21 23 23 24 24 22 27 27 35 25 25 43 43 26 23 23 46 41 41 53 53 52 46 46 30 24 24 15 15 14 11 11 10 13 13 13 13 13 10 10 1
 64 64 74 70 70 30 31 31 21 21 20 22 22 49 41 41 41 41 27 25 25 33 38 38 54 54 48 32 32 18 14 14 8 8 8 8 8 7 8 8 9 9 8 1 1 1
 64 64 74 70 70 30 31 31 21 21 20 22 22 49 41 41 41 41 27 25 25 33 38 38 54 54 48 32 32 18 14 14 8 8 8 8 8 7 8 8 9 9 8 1 1 1
 50 50 62 61 61 32 43 43 37 37 36 42 42 46 45 45 66 66 67 62 62 43 35 35 42 42 38 21 21 18 6 6 7 7 7 7 7 5 10 10 11 11 9 1 1 1
 50 50 62 61 61 32 43 43 37 37 36 42 42 46 45 45 66 66 67 62 62 43 35 35 42 42 38 21 21 18 6 6 7 7 7 7 7 5 10 10 11 11 9 1 1 1
 38 38 50 55 55 47 46 46 43 43 54 64 64 70 69 69 73 73 119 61 61 59 53 53 40 40 34 19 19 16 4 4 5 5 5 7 7 6 12 12 8 8 5 3 3 2
 41 41 56 50 50 49 63 63 60 60 66 70 70 73 166 166 115 115 115 77 77 144 53 53 48 48 30 19 19 18 7 7 7 7 8 9 9 14 12 12 10 10 8 8 8 3
 41 41 56 50 50 49 63 63 60 60 66 70 70 73 166 166 115 115 115 77 77 144 53 53 48 48 30 19 19 18 7 7 7 7 8 9 9 14 12 12 10 10 8 8 8 3
 34 34 41 56 56 56 73 73 71 71 145 148 148 168 167 167 113 113 106 143 143 142 56 56 51 51 39 39 39 24 20 20 16 16 11 10 10 15 12 12 11 11 8 13 13 12
 42 42 48 69 69 70 93 93 83 83 160 157 157 161 159 159 170 170 240 162 162 158 70 70 67 67 56 53 53 27 30 30 27 27 23 15 15 18 12 12 11 11 10 16 16 9
 42 42 48 69 69 70 93 93 83 83 160 157 157 161 159 159 170 170 240 162 162 158 70 70 67 67 56 53 53 27 30 30 27 27 23 15 15 18 12 12 11 11 10 16 16 9
 43 43 46 69 69 57 76 76 83 83 88 89 89 105 195 195 103 103 99 83 83 78 76 76 75 75 59 44 44 45 51 51 33 33 24 13 13 22 12 12 17 17 21 24 24 10
 43 43 46 69 69 57 76 76 83 83 88 89 89 105 195 195 103 103 99 83 83 78 76 76 75 75 59 44 44 45 51 51 33 33 24 13 13 22 12 12 17 17 21 24 24 10
 32 32 39 53 53 50 51 51 67 67 81 75 75 77 92 92 97 97 99 61 61 63 57 57 53 53 49 45 45 38 41 41 33 33 15 21 21 23 16 16 19 19 23 15 15 5
 35 35 42 45 45 46 45 45 46 46 65 68 68 75 73 73 74 74 63 43 43 44 42 42 35 35 42 44 44 33 33 33 17 17 13 17 17 16 16 16 15 15 12 4 4 3
 35 35 42 45 45 46 45 45 46 46 65 68 68 75 73 73 74 74 63 43 43 44 42 42 35 35 42 44 44 33 33 33 17 17 13 17 17 16 16 16 15 15 12 4 4 3
 38 38 37 34 34 37 39 39 38 38 37 53 53 51 56 56 81 81 65 42 42 39 33 33 27 27 33 38 38 34 27 27 19 19 13 16 16 15 13 13 16 16 7 5 5 3
 30 30 25 22 22 27 36 36 32 32 30 51 51 52 57 57 40 40 36 35 35 30 24 24 23 23 23 35 35 32 26 26 17 17 15 15 15 13 16 16 16 16 6 6 6 6
 30 30 25 22 22 27 36 36 32 32 30 51 51 52 57 57 40 40 36 35 35 30 24 24 23 23 23 35 35 32 26 26 17 17 15 15 15 13 16 16 16 16 6 6 6 6
 26 26 15 16 16 23 25 25 39 39 40 62 62 66 69 69 42 42 31 33 33 30 28 28 24 24 27 30 30 27 23 23 17 17 13 13 13 10 14 14 17 17 9 9 9 5
 26 26 15 16 16 23 25 25 39 39 40 62 62 66 69 69 42 42 31 33 33 30 28 28 24 24 27 30 30 27 23 23 17 17 13 13 13 10 14 14 17 17 9 9 9 5
 18 18 19 17 17 16 18 18 22 22 24 26 26 23 58 58 38 38 30 30 30 29 29 29 27 27 25 18 18 30 24 24 31 31 27 23 23 16 16 16 20 20 18 12 12 4
 25 25 25 29 29 18 16 16 20 20 24 23 23 19 21 21 23 23 25 29 29 33 36 36 34 34 29 23 23 38 43 43 46 46 36 16 16 15 17 17 18 18 17 10 10 8
 25 25 25 29 29 18 16 16 20 20 24 23 23 19 21 21 23 23 25 29 29 33 36 36 34 34 29 23 23 38 43 43 46 46 36 16 16 15 17 17 18 18 17 10 10 8
 27 27 32 38 38 32 19 19 19 19 19 20 20 22 23 23 25 25 28 29 29 28 25 25 27 27 29 31 31 32 47 47 39 39 29 19 19 15 16 16 13 13 16 16 16 15
 20 20 25 26 26 35 39 39 24 24 21 19 19 20 21 21 22 22 21 22 22 22 24 24 25 25 22 21 21 20 20 20 20 20 21 18 18 14 12 12 14 14 17 16 16 13
 20 20 25 26 26 35 39 39 24 24 21 19 19 20 21 21 22 22 21 22 22 22 24 24 25 25 22 21 21 20 20 20 20 20 21 18 18 14 12 12 14 14 17 16 16 13
 17 17 19 20 20 31 35 35 24 24 21 20 20 20 20 20 22 22 21 18 18 15 16 16 24 24 17 17 17 11 8 8 15 15 16 12 12 11 5 5 7 7 15 15 15 12
 17 17 19 20 20 31 35 35 24 24 21 20 20 20 20 20 22 22 21 18 18 15 16 16 24 24 17 17 17 11 8 8 15 15 16 12 12 11 5 5 7 7 15 15 15 12
 18 18 18 21 21 22 30 30 21 21 18 17 17 17 18 18 18 18 18 18 18 15 13 13 12 12 10 9 9 8 7 7 7 7 3 2 2 2 5 5 5 5 8 12 12 14
 23 23 20 21 21 20 20 20 18 18 14 15 15 14 15 15 15 15 14 14 14 6 4 4 4 4 6 6 6 6 7 7 6 6 4 2 2 3 4 4 5 5 8 13 13 19
 23 23 20 21 21 20 20 20 18 18 14 15 15 14 15 15 15 15 14 14 14 6 4 4 4 4 6 6 6 6 7 7 6 6 4 2 2 3 4 4 5 5 8 13 13 19
 20 20 23 28 28 22 15 15 13 13 10 10 10 10 8 8 10 10 11 11 11 5 3 3 2 2 3 3 3 4 5 5 3 3 2 1 1 1 4 4 9 9 15 21 21 29
 20 20 24 30 30 24 12 12 8 8 7 7 7 8 7 7 7 7 8 5 5 4 3 3 2 2 3 3 3 6 8 8 5 5 5 2 2 2 5 5 10 10 17 17 17 16
