assets/RAT_results_old/precipitation/2023-05-25_IMERG.asc
ncols        46
nrows        77
xllcorner    74.800261325624
yllcorner    8.058333333333
cellsize     0.062500000000
NODATA_value -9999
 2 2 2 1 1 3 7 7 9 9 8 4 4 1 0 0 0 0 0 0 0 0 0 0 0 0 1 2 2 5 9 9 13 13 14 16 16 20 21 21 17 17 10 5 5 2
 1 1 1 1 1 5 12 12 16 16 14 9 9 4 1 1 0 0 0 2 2 1 0 0 0 0 1 2 2 5 9 9 11 11 10 9 9 13 17 17 15 15 10 7 7 5
 1 1 1 1 1 5 12 12 16 16 14 9 9 4 1 1 0 0 0 2 2 1 0 0 0 0 1 2 2 5 9 9 11 11 10 9 9 13 17 17 15 15 10 7 7 5
 0 0 0 2 2 8 18 18 22 22 20 12 12 5 1 1 0 0 1 6 6 3 0 0 1 1 5 2 2 2 5 5 7 7 7 8 8 10 12 12 10 10 7 8 8 7
 0 0 0 1 1 6 16 16 21 21 17 9 9 4 2 2 1 1 1 3 3 2 0 0 3 3 16 7 7 1 2 2 3 3 6 9 9 12 11 11 7 7 5 6 6 5
 0 0 0 1 1 6 16 16 21 21 17 9 9 4 2 2 1 1 1 3 3 2 0 0 3 3 16 7 7 1 2 2 3 3 6 9 9 12 11 11 7 7 5 6 6 5
 0 0 0 1 1 3 9 9 14 14 16 11 11 7 2 2 1 1 0 1 1 0 0 0 1 1 7 4 4 1 0 0 2 2 5 10 10 11 7 7 5 5 7 6 6 3
 0 0 0 1 1 3 9 9 14 14 16 11 11 7 2 2 1 1 0 1 1 0 0 0 1 1 7 4 4 1 0 0 2 2 5 10 10 11 7 7 5 5 7 6 6 3
 1 1 1 1 1 3 6 6 12 12 9 12 12 12 11 11 11 11 1 1 1 1 0 0 0 0 1 1 1 0 0 0 1 1 4 6 6 6 4 4 6 6 10 9 9 2
 2 2 2 3 3 4 4 4 8 8 6 11 11 11 12 12 7 7 3 3 3 3 0 0 1 1 0 0 0 0 0 0 0 0 2 6 6 5 2 2 5 5 2 7 7 1
 2 2 2 3 3 4 4 4 8 8 6 11 11 11 12 12 7 7 3 3 3 3 0 0 1 1 0 0 0 0 0 0 0 0 2 6 6 5 2 2 5 5 2 7 7 1
 4 4 3 2 2 2 3 3 3 3 2 8 8 8 8 8 7 7 7 3 3 3 3 3 2 2 1 0 0 0 0 0 1 1 4 10 10 8 3 3 1 1 1 6 6 1
 3 3 3 1 1 2 2 2 2 2 2 5 5 3 3 3 1 1 1 2 2 7 9 9 5 5 1 0 0 0 0 0 0 0 3 10 10 10 6 6 2 2 2 3 3 2
 3 3 3 1 1 2 2 2 2 2 2 5 5 3 3 3 1 1 1 2 2 7 9 9 5 5 1 0 0 0 0 0 0 0 3 10 10 10 6 6 2 2 2 3 3 2
 3 3 5 7 7 2 2 2 2 2 2 6 6 4 3 3 1 1 0 2 2 7 9 9 4 4 1 0 0 0 0 0 0 0 1 3 3 4 4 4 6 6 25 8 8 5
 3 3 5 7 7 2 2 2 2 2 2 6 6 4 3 3 1 1 0 2 2 7 9 9 4 4 1 0 0 0 0 0 0 0 1 3 3 4 4 4 6 6 25 8 8 5
 3 3 5 18 18 10 2 2 1 1 1 2 2 3 3 3 1 1 0 1 1 2 2 2 1 1 0 0 0 0 3 3 4 4 1 1 1 2 5 5 14 14 58 81 81 18
 1 1 7 19 19 6 3 3 2 2 1 2 2 7 6 6 5 5 3 0 0 0 0 0 0 0 0 0 0 0 1 1 6 6 1 1 1 2 8 8 14 14 32 50 50 47
 1 1 7 19 19 6 3 3 2 2 1 2 2 7 6 6 5 5 3 0 0 0 0 0 0 0 0 0 0 0 1 1 6 6 1 1 1 2 8 8 14 14 32 50 50 47
 1 1 6 10 10 6 4 4 3 3 2 1 1 2 2 2 4 4 3 2 2 0 3 3 3 3 4 0 0 0 0 0 2 2 3 1 1 1 7 7 14 14 18 43 43 42
 2 2 3 4 4 4 6 6 6 6 4 2 2 1 2 2 3 3 3 2 2 1 3 3 0 0 0 1 1 0 0 0 1 1 1 1 1 1 3 3 6 6 10 14 14 18
 2 2 3 4 4 4 6 6 6 6 4 2 2 1 2 2 3 3 3 2 2 1 3 3 0 0 0 1 1 0 0 0 1 1 1 1 1 1 3 3 6 6 10 14 14 18
 3 3 5 6 6 6 10 10 11 11 10 6 6 3 1 1 1 1 1 0 0 1 2 2 0 0 1 1 1 2 2 2 3 3 2 0 0 0 1 1 2 2 4 7 7 11
 3 3 5 6 6 6 10 10 11 11 10 6 6 3 1 1 1 1 1 0 0 1 2 2 0 0 1 1 1 2 2 2 3 3 2 0 0 0 1 1 2 2 4 7 7 11
 5 5 13 8 8 5 6 6 7 7 18 13 13 5 2 2 1 1 1 1 1 1 2 2 3 3 5 2 2 2 1 1 1 1 0 0 0 0 0 0 1 1 2 4 4 5
 7 7 14 9 9 4 5 5 7 7 13 12 12 2 1 1 1 1 1 1 1 2 8 8 12 12 10 4 4 1 0 0 0 0 0 0 0 0 0 0 0 0 1 2 2 3
 7 7 14 9 9 4 5 5 7 7 13 12 12 2 1 1 1 1 1 1 1 2 8 8 12 12 10 4 4 1 0 0 0 0 0 0 0 0 0 0 0 0 1 2 2 3
 3 3 5 4 4 3 4 4 8 8 4 3 3 1 1 1 1 1 2 1 1 2 10 10 21 21 20 7 7 1 0 0 1 1 1 3 3 1 2 2 0 0 0 0 0 0
 2 2 2 3 3 4 4 4 4 4 2 3 3 2 2 2 4 4 4 1 1 1 6 6 17 17 19 8 8 1 0 0 0 0 2 2 2 1 0 0 0 0 0 0 0 0
 2 2 2 3 3 4 4 4 4 4 2 3 3 2 2 2 4 4 4 1 1 1 6 6 17 17 19 8 8 1 0 0 0 0 2 2 2 1 0 0 0 0 0 0 0 0
 3 3 3 3 3 4 7 7 4 4 2 4 4 4 3 3 3 3 2 0 0 2 3 3 5 5 5 3 3 1 0 0 0 0 0 0 0 0 0 0 0 0 0 0 0 0
 3 3 3 3 3 4 7 7 4 4 2 4 4 4 3 3 3 3 2 0 0 2 3 3 5 5 5 3 3 1 0 0 0 0 0 0 0 0 0 0 0 0 0 0 0 0
 3 3 2 2 2 2 4 4 3 3 3 2 2 3 3 3 1 1 0 1 1 2 2 2 1 1 1 1 1 1 0 0 0 0 0 0 0 0 0 0 0 0 0 0 0 0
 3 3 2 2 2 2 2 2 4 4 6 1 1 2 1 1 0 0 0 8 8 2 1 1 0 0 0 0 0 0 0 0 0 0 0 0 0 0 0 0 0 0 0 0 0 0
 3 3 2 2 2 2 2 2 4 4 6 1 1 2 1 1 0 0 0 8 8 2 1 1 0 0 0 0 0 0 0 0 0 0 0 0 0 0 0 0 0 0 0 0 0 0
 2 2 2 2 2 2 2 2 3 3 6 1 1 1 0 0 0 0 0 1 1 2 1 1 0 0 1 0 0 1 0 0 0 0 0 0 0 0 0 0 0 0 0 0 0 0
 2 2 2 1 1 1 1 1 1 1 2 1 1 0 0 0 1 1 0 0 0 0 0 0 0 0 0 0 0 0 0 0 0 0 0 0 0 0 1 1 1 1 1 1 1 0
 2 2 2 1 1 1 1 1 1 1 2 1 1 0 0 0 1 1 0 0 0 0 0 0 0 0 0 0 0 0 0 0 0 0 0 0 0 0 1 1 1 1 1 1 1 0
 1 1 1 0 0 1 1 1 1 1 0 0 0 1 1 1 2 2 1 0 0 0 0 0 0 0 1 1 1 0 1 1 0 0 0 4 4 0 1 1 3 3 4 5 5 7
 1 1 1 0 0 1 1 1 1 1 0 0 0 1 1 1 2 2 1 0 0 0 0 0 0 0 1 1 1 0 1 1 0 0 0 4 4 0 1 1 3 3 4 5 5 7
 0 0 1 0 0 0 1 1 2 2 0 0 0 0 0 0 0 0 1 1 1 1 1 1 0 0 1 1 1 1 3 3 2 2 1 0 0 4 5 5 4 4 14 12 12 15
 0 0 0 0 0 1 4 4 4 4 0 0 0 0 0 0 1 1 1 1 1 2 1 1 1 1 5 2 2 4 4 4 4 4 1 2 2 12 9 9 13 13 20 11 11 5
 0 0 0 0 0 1 4 4 4 4 0 0 0 0 0 0 1 1 1 1 1 2 1 1 1 1 5 2 2 4 4 4 4 4 1 2 2 12 9 9 13 13 20 11 11 5
 0 0 0 0 0 0 1 1 1 1 0 0 0 0 1 1 1 1 1 1 1 2 3 3 1 1 0 2 2 4 2 2 2 2 3 1 1 10 17 17 19 19 10 4 4 2
 0 0 0 0 0 0 0 0 0 0 0 0 0 0 1 1 5 5 5 2 2 1 3 3 5 5 1 1 1 4 2 2 1 1 6 1 1 4 8 8 1 1 3 2 2 2
 0 0 0 0 0 0 0 0 0 0 0 0 0 0 1 1 5 5 5 2 2 1 3 3 5 5 1 1 1 4 2 2 1 1 6 1 1 4 8 8 1 1 3 2 2 2
 0 0 0 0 0 0 0 0 0 0 0 0 0 0 0 0 1 1 5 2 2 1 1 1 2 2 1 1 1 1 1 1 1 1 1 0 0 0 0 0 0 0 2 3 3 0
 0 0 0 0 0 0 0 0 0 0 0 0 0 0 0 0 1 1 5 2 2 1 1 1 2 2 1 1 1 1 1 1 1 1 1 0 0 0 0 0 0 0 2 3 3 0
 0 0 0 0 0 0 0 0 0 0 1 1 1 0 1 1 2 2 1 1 1 1 1 1 2 2 0 0 0 1 0 0 3 3 0 0 0 0 0 0 0 0 1 2 2 10
 0 0 0 0 0 0 0 0 0 0 1 2 2 2 2 2 2 2 1 2 2 2 3 3 4 4 1 0 0 0 1 1 3 3 0 0 0 2 2 2 1 1 2 3 3 19
 0 0 0 0 0 0 0 0 0 0 1 2 2 2 2 2 2 2 1 2 2 2 3 3 4 4 1 0 0 0 1 1 3 3 0 0 0 2 2 2 1 1 2 3 3 19
 0 0 0 0 0 0 0 0 0 0 0 0 0 0 1 1 2 2 2 3 3 3 5 5 9 9 4 2 2 1 3 3 5 5 3 1 1 0 4 4 2 2 3 3 3 2
 0 0 0 0 0 0 0 0 0 0 0 0 0 0 1 1 0 0 1 2 2 2 4 4 8 8 7 5 5 2 4 4 9 9 10 3 3 0 0 0 1 1 1 1 1 1
 0 0 0 0 0 0 0 0 0 0 0 0 0 0 1 1 0 0 1 2 2 2 4 4 8 8 7 5 5 2 4 4 9 9 10 3 3 0 0 0 1 1 1 1 1 1
 0 0 0 0 0 0 0 0 0 0 0 0 0 0 0 0 1 1 3 3 3 1 2 2 4 4 7 5 5 4 7 7 13 13 21 8 8 3 0 0 0 0 0 0 0 0
 0 0 0 0 0 0 0 0 0 0 0 0 0 0 0 0 1 1 3 3 3 1 2 2 4 4 7 5 5 4 7 7 13 13 21 8 8 3 0 0 0 0 0 0 0 0
 0 0 1 0 0 1 0 0 0 0 0 1 1 1 1 1 1 1 2 2 2 3 2 2 1 1 1 7 7 8 5 5 9 9 7 5 5 2 0 0 0 0 0 0 0 0
 2 2 2 0 0 1 1 1 1 1 2 1 1 1 1 1 1 1 1 1 1 3 3 3 2 2 1 11 11 3 2 2 2 2 4 2 2 1 0 0 0 0 0 0 0 0
 2 2 2 0 0 1 1 1 1 1 2 1 1 1 1 1 1 1 1 1 1 3 3 3 2 2 1 11 11 3 2 2 2 2 4 2 2 1 0 0 0 0 0 0 0 0
 0 0 0 0 0 0 2 2 3 3 4 1 1 0 1 1 1 1 2 3 3 6 4 4 2 2 0 0 0 4 2 2 1 1 1 1 1 0 0 0 0 0 0 0 0 0
 0 0 0 0 0 0 6 6 9 9 4 5 5 2 1 1 1 1 2 2 2 2 2 2 2 2 2 2 2 2 0 0 0 0 0 0 0 0 0 0 0 0 0 0 0 0
 0 0 0 0 0 0 6 6 9 9 4 5 5 2 1 1 1 1 2 2 2 2 2 2 2 2 2 2 2 2 0 0 0 0 0 0 0 0 0 0 0 0 0 0 0 0
 0 0 0 0 0 0 1 1 2 2 2 4 4 2 0 0 0 0 2 2 2 2 2 2 2 2 2 2 2 2 0 0 0 0 0 0 0 0 0 0 0 0 0 0 0 0
 0 0 0 0 0 0 1 1 2 2 2 4 4 2 0 0 0 0 2 2 2 2 2 2 2 2 2 2 2 2 0 0 0 0 0 0 0 0 0 0 0 0 0 0 0 0
 0 0 0 0 0 0 1 1 3 3 0 0 0 0 0 0 0 0 1 2 2 0 0 0 3 3 3 2 2 0 0 0 0 0 0 0 0 0 0 0 0 0 0 0 0 0
 0 0 0 0 0 0 0 0 0 0 0 0 0 0 0 0 0 0 0 0 0 0 0 0 0 0 1 3 3 4 1 1 0 0 0 0 0 0 0 0 0 0 0 0 0 0
 0 0 0 0 0 0 0 0 0 0 0 0 0 0 0 0 0 0 0 0 0 0 0 0 0 0 1 3 3 4 1 1 0 0 0 0 0 0 0 0 0 0 0 0 0 0
 0 0 0 0 0 0 0 0 0 0 0 0 0 0 0 0 0 0 0 0 0 0 0 0 0 0 0 0 0 7 0 0 0 0 0 0 0 0 0 0 0 0 0 0 0 0
 0 0 0 0 0 0 0 0 0 0 0 0 0 0 0 0 0 0 0 0 0 0 0 0 0 0 0 0 0 0 0 0 0 0 0 0 0 0 0 0 0 0 0 0 0 0
 0 0 0 0 0 0 0 0 0 0 0 0 0 0 0 0 0 0 0 0 0 0 0 0 0 0 0 0 0 0 0 0 0 0 0 0 0 0 0 0 0 0 0 0 0 0
 0 0 0 0 0 0 0 0 0 0 0 0 0 0 0 0 0 0 0 0 0 0 0 0 0 0 0 0 0 0 0 0 0 0 0 0 0 0 0 0 0 0 0 0 0 0
 0 0 0 0 0 0 0 0 0 0 0 0 0 0 0 0 0 0 0 0 0 0 0 0 0 0 0 0 0 0 0 0 0 0 0 0 0 0 0 0 0 0 0 0 0 0
 0 0 0 0 0 0 0 0 0 0 0 0 0 0 0 0 0 0 0 0 0 0 0 0 0 0 0 0 0 0 0 0 0 0 0 0 0 0 0 0 0 0 0 0 0 0
 0 0 0 0 0 0 0 0 0 0 0 0 0 0 0 0 0 0 0 0 0 0 0 0 0 0 0 0 0 0 0 0 0 0 0 0 0 0 0 0 0 0 0 0 0 0
 0 0 0 0 0 0 0 0 0 0 0 0 0 0 0 0 0 0 0 0 0 0 0 0 0 0 0 0 0 0 0 0 0 0 0 0 0 0 0 0 0 0 0 0 0 0
 0 0 0 0 0 0 0 0 0 0 0 0 0 0 0 0 0 0 0 0 0 0 0 0 0 0 0 0 0 0 0 0 0 0 0 0 0 0 0 0 0 0 0 0 0 0
 0 0 0 0 0 0 0 0 0 0 0 0 0 0 0 0 0 0 0 0 0 0 0 0 0 0 0 0 0 0 0 0 0 0 0 0 0 0 0 0 0 0 0 0 0 0
