assets/RAT_results_old/precipitation/2023-07-22_IMERG.asc
ncols        46
nrows        77
xllcorner    74.800261325624
yllcorner    8.058333333333
cellsize     0.062500000000
NODATA_value -9999
 60 60 61 54 54 49 45 45 40 40 30 31 31 37 32 32 23 23 15 10 10 11 4 4 5 5 6 3 3 1 4 4 4 4 4 4 4 3 2 2 2 2 1 1 1 0
 56 56 51 44 44 38 37 37 34 34 27 28 28 34 31 31 30 30 21 14 14 11 4 4 4 4 4 3 3 4 2 2 3 3 4 3 3 2 2 2 2 2 1 1 1 0
 56 56 51 44 44 38 37 37 34 34 27 28 28 34 31 31 30 30 21 14 14 11 4 4 4 4 4 3 3 4 2 2 3 3 4 3 3 2 2 2 2 2 1 1 1 0
 37 37 32 34 34 28 32 32 31 31 29 29 29 34 31 31 31 31 21 22 22 10 5 5 4 4 2 1 1 2 1 1 2 2 2 2 2 1 3 3 2 2 1 1 1 1
 18 18 22 33 33 29 28 28 27 27 27 31 31 39 34 34 30 30 24 20 20 10 6 6 3 3 3 1 1 1 1 1 0 0 1 1 1 1 0 0 2 2 1 1 1 0
 18 18 22 33 33 29 28 28 27 27 27 31 31 39 34 34 30 30 24 20 20 10 6 6 3 3 3 1 1 1 1 1 0 0 1 1 1 1 0 0 2 2 1 1 1 0
 17 17 17 31 31 26 24 24 25 25 20 23 23 22 24 24 21 21 14 13 13 8 7 7 3 3 2 1 1 1 1 1 1 1 1 1 1 1 1 1 0 0 0 0 0 0
 17 17 17 31 31 26 24 24 25 25 20 23 23 22 24 24 21 21 14 13 13 8 7 7 3 3 2 1 1 1 1 1 1 1 1 1 1 1 1 1 0 0 0 0 0 0
 19 19 21 35 35 32 29 29 33 33 25 26 26 23 20 20 15 15 14 13 13 8 5 5 1 1 1 1 1 1 1 1 1 1 1 0 0 0 0 0 2 2 0 1 1 1
 23 23 22 30 30 31 32 32 35 35 28 27 27 20 20 20 17 17 17 10 10 5 4 4 2 2 3 3 3 1 1 1 0 0 0 0 0 0 2 2 0 0 3 2 2 2
 23 23 22 30 30 31 32 32 35 35 28 27 27 20 20 20 17 17 17 10 10 5 4 4 2 2 3 3 3 1 1 1 0 0 0 0 0 0 2 2 0 0 3 2 2 2
 25 25 25 24 24 37 39 39 41 41 37 32 32 24 20 20 16 16 16 9 9 10 7 7 4 4 4 1 1 0 0 0 1 1 0 0 0 0 1 1 1 1 2 3 3 1
 29 29 29 34 34 47 51 51 56 56 45 41 41 34 23 23 24 24 24 16 16 14 10 10 6 6 3 2 2 0 1 1 0 0 0 0 0 0 1 1 1 1 3 2 2 0
 29 29 29 34 34 47 51 51 56 56 45 41 41 34 23 23 24 24 24 16 16 14 10 10 6 6 3 2 2 0 1 1 0 0 0 0 0 0 1 1 1 1 3 2 2 0
 35 35 40 39 39 54 58 58 59 59 53 48 48 38 33 33 29 29 23 14 14 12 11 11 6 6 4 0 0 0 0 0 0 0 0 0 0 0 1 1 2 2 1 2 2 0
 35 35 40 39 39 54 58 58 59 59 53 48 48 38 33 33 29 29 23 14 14 12 11 11 6 6 4 0 0 0 0 0 0 0 0 0 0 0 1 1 2 2 1 2 2 0
 29 29 35 45 45 58 50 50 56 56 58 57 57 52 34 34 33 33 27 18 18 15 6 6 5 5 1 1 1 0 0 0 0 0 0 0 0 1 2 2 3 3 1 2 2 1
 22 22 29 36 36 40 50 50 49 49 64 55 55 49 35 35 26 26 17 16 16 15 5 5 1 1 1 2 2 0 0 0 0 0 1 2 2 3 4 4 2 2 2 0 0 0
 22 22 29 36 36 40 50 50 49 49 64 55 55 49 35 35 26 26 17 16 16 15 5 5 1 1 1 2 2 0 0 0 0 0 1 2 2 3 4 4 2 2 2 0 0 0
 19 19 21 25 25 26 42 42 41 41 33 35 35 35 35 35 30 30 20 13 13 8 3 3 1 1 1 1 1 1 1 1 1 1 2 1 1 3 4 4 4 4 1 2 2 0
 18 18 18 17 17 20 25 25 25 25 27 30 30 30 22 22 17 17 11 10 10 5 5 5 4 4 2 1 1 2 2 2 1 1 1 2 2 2 2 2 0 0 0 0 0 0
 18 18 18 17 17 20 25 25 25 25 27 30 30 30 22 22 17 17 11 10 10 5 5 5 4 4 2 1 1 2 2 2 1 1 1 2 2 2 2 2 0 0 0 0 0 0
 8 8 8 9 9 13 18 18 21 21 21 21 21 21 21 21 13 13 11 6 6 5 4 4 3 3 3 3 3 4 3 3 2 2 1 1 1 0 0 0 0 0 0 0 0 0
 8 8 8 9 9 13 18 18 21 21 21 21 21 21 21 21 13 13 11 6 6 5 4 4 3 3 3 3 3 4 3 3 2 2 1 1 1 0 0 0 0 0 0 0 0 0
 6 6 7 9 9 12 13 13 15 15 16 14 14 24 19 19 12 12 10 8 8 8 8 8 7 7 6 6 6 2 2 2 0 0 0 0 0 1 1 1 0 0 1 0 0 1
 4 4 5 6 6 7 10 10 11 11 9 10 10 11 11 11 10 10 8 7 7 4 6 6 5 5 5 4 4 1 0 0 0 0 0 0 0 1 1 1 1 1 0 0 0 0
 4 4 5 6 6 7 10 10 11 11 9 10 10 11 11 11 10 10 8 7 7 4 6 6 5 5 5 4 4 1 0 0 0 0 0 0 0 1 1 1 1 1 0 0 0 0
 4 4 4 4 4 5 6 6 7 7 7 7 7 7 9 9 11 11 9 7 7 3 6 6 5 5 3 1 1 0 0 0 0 0 0 0 0 0 1 1 0 0 0 0 0 0
 2 2 2 3 3 4 5 5 6 6 5 5 5 7 12 12 11 11 9 4 4 5 6 6 5 5 2 3 3 2 1 1 0 0 0 0 0 0 0 0 0 0 0 0 0 0
 2 2 2 3 3 4 5 5 6 6 5 5 5 7 12 12 11 11 9 4 4 5 6 6 5 5 2 3 3 2 1 1 0 0 0 0 0 0 0 0 0 0 0 0 0 0
 1 1 2 2 2 3 4 4 3 3 2 2 2 3 7 7 7 7 6 6 6 9 7 7 4 4 1 1 1 1 0 0 0 0 0 0 0 0 0 0 0 0 0 0 0 0
 1 1 2 2 2 3 4 4 3 3 2 2 2 3 7 7 7 7 6 6 6 9 7 7 4 4 1 1 1 1 0 0 0 0 0 0 0 0 0 0 0 0 0 0 0 0
 1 1 2 2 2 2 2 2 2 2 1 2 2 5 6 6 7 7 5 6 6 10 10 10 6 6 6 2 2 1 0 0 2 2 0 0 0 0 2 2 2 2 0 0 0 0
 1 1 1 1 1 2 1 1 6 6 6 6 6 8 10 10 12 12 13 13 13 15 13 13 14 14 10 6 6 5 1 1 1 1 2 2 2 2 1 1 1 1 1 1 1 1
 1 1 1 1 1 2 1 1 6 6 6 6 6 8 10 10 12 12 13 13 13 15 13 13 14 14 10 6 6 5 1 1 1 1 2 2 2 2 1 1 1 1 1 1 1 1
 1 1 2 2 2 2 1 1 1 1 1 6 6 9 14 14 17 17 20 21 21 22 19 19 21 21 11 7 7 6 7 7 7 7 3 2 2 1 0 0 0 0 0 0 0 0
 1 1 1 1 1 1 1 1 1 1 1 2 2 4 8 8 11 11 14 23 23 23 20 20 21 21 13 15 15 19 10 10 10 10 4 0 0 0 0 0 0 0 0 0 0 0
 1 1 1 1 1 1 1 1 1 1 1 2 2 4 8 8 11 11 14 23 23 23 20 20 21 21 13 15 15 19 10 10 10 10 4 0 0 0 0 0 0 0 0 0 0 0
 1 1 0 1 1 1 1 1 1 1 3 5 5 5 11 11 14 14 15 27 27 26 22 22 22 22 20 22 22 20 10 10 3 3 2 2 2 1 0 0 0 0 0 0 0 0
 1 1 0 1 1 1 1 1 1 1 3 5 5 5 11 11 14 14 15 27 27 26 22 22 22 22 20 22 22 20 10 10 3 3 2 2 2 1 0 0 0 0 0 0 0 0
 0 0 0 1 1 2 2 2 2 2 3 4 4 4 6 6 10 10 10 11 11 19 16 16 22 22 20 21 21 13 7 7 3 3 6 2 2 1 0 0 0 0 0 0 0 0
 1 1 1 1 1 1 1 1 1 1 1 1 1 3 3 3 3 3 6 8 8 12 13 13 15 15 14 13 13 8 6 6 4 4 3 0 0 1 1 1 1 1 1 0 0 0
 1 1 1 1 1 1 1 1 1 1 1 1 1 3 3 3 3 3 6 8 8 12 13 13 15 15 14 13 13 8 6 6 4 4 3 0 0 1 1 1 1 1 1 0 0 0
 1 1 0 1 1 1 1 1 1 1 1 1 1 1 1 1 1 1 2 4 4 8 9 9 11 11 13 10 10 8 5 5 2 2 1 0 0 0 2 2 2 2 0 0 0 0
 0 0 1 1 1 1 1 1 0 0 0 0 0 1 1 1 1 1 2 2 2 1 5 5 3 3 11 4 4 2 1 1 2 2 1 0 0 0 1 1 1 1 0 0 0 0
 0 0 1 1 1 1 1 1 0 0 0 0 0 1 1 1 1 1 2 2 2 1 5 5 3 3 11 4 4 2 1 1 2 2 1 0 0 0 1 1 1 1 0 0 0 0
 1 1 1 1 1 0 0 0 0 0 0 1 1 1 1 1 3 3 1 1 1 0 0 0 0 0 2 2 2 2 0 0 0 0 0 0 0 0 0 0 0 0 0 0 0 0
 1 1 1 1 1 0 0 0 0 0 0 1 1 1 1 1 3 3 1 1 1 0 0 0 0 0 2 2 2 2 0 0 0 0 0 0 0 0 0 0 0 0 0 0 0 0
 1 1 1 1 1 0 0 0 0 0 0 1 1 1 1 1 1 1 1 1 1 1 0 0 0 0 1 1 1 0 0 0 0 0 0 0 0 0 0 0 0 0 0 0 0 0
 1 1 1 0 0 1 1 1 1 1 0 0 0 0 0 0 1 1 1 4 4 2 0 0 0 0 0 1 1 0 0 0 0 0 1 0 0 0 0 0 0 0 0 0 0 1
 1 1 1 0 0 1 1 1 1 1 0 0 0 0 0 0 1 1 1 4 4 2 0 0 0 0 0 1 1 0 0 0 0 0 1 0 0 0 0 0 0 0 0 0 0 1
 0 0 0 0 0 1 2 2 1 1 0 0 0 0 0 0 0 0 0 2 2 1 0 0 0 0 1 1 1 1 0 0 0 0 0 0 0 0 0 0 0 0 0 1 1 1
 0 0 0 0 0 1 3 3 0 0 0 0 0 0 0 0 0 0 0 1 1 1 1 1 2 2 1 1 1 1 0 0 0 0 0 0 0 0 0 0 1 1 1 1 1 1
 0 0 0 0 0 1 3 3 0 0 0 0 0 0 0 0 0 0 0 1 1 1 1 1 2 2 1 1 1 1 0 0 0 0 0 0 0 0 0 0 1 1 1 1 1 1
 0 0 0 0 0 0 0 0 0 0 0 0 0 0 1 1 1 1 1 1 1 1 1 1 1 1 1 0 0 0 0 0 0 0 0 0 0 0 1 1 1 1 1 1 1 1
 0 0 0 0 0 0 0 0 0 0 0 0 0 0 1 1 1 1 1 1 1 1 1 1 1 1 1 0 0 0 0 0 0 0 0 0 0 0 1 1 1 1 1 1 1 1
 0 0 0 0 0 0 0 0 0 0 0 0 0 0 1 1 2 2 1 1 1 1 0 0 0 0 0 0 0 0 0 0 0 0 0 0 0 0 0 0 0 0 0 0 0 0
 0 0 0 0 0 0 0 0 0 0 0 0 0 1 2 2 1 1 1 1 1 0 0 0 0 0 0 0 0 0 0 0 1 1 1 0 0 0 0 0 0 0 5 0 0 0
 0 0 0 0 0 0 0 0 0 0 0 0 0 1 2 2 1 1 1 1 1 0 0 0 0 0 0 0 0 0 0 0 1 1 1 0 0 0 0 0 0 0 5 0 0 0
 0 0 0 0 0 0 0 0 0 0 0 1 1 1 1 1 0 0 0 0 0 0 0 0 0 0 0 0 0 0 0 0 1 1 1 1 1 0 0 0 1 1 0 0 0 0
 0 0 0 0 0 0 0 0 0 0 0 0 0 0 0 0 0 0 0 0 0 0 0 0 0 0 0 0 0 0 0 0 1 1 1 1 1 1 0 0 1 1 0 0 0 0
 0 0 0 0 0 0 0 0 0 0 0 0 0 0 0 0 0 0 0 0 0 0 0 0 0 0 0 0 0 0 0 0 1 1 1 1 1 1 0 0 1 1 0 0 0 0
 0 0 0 0 0 0 0 0 0 0 0 0 0 0 0 0 0 0 0 0 0 0 0 0 1 1 0 1 1 1 2 2 1 1 0 1 1 1 0 0 0 0 0 0 0 0
 0 0 0 0 0 0 0 0 0 0 0 0 0 0 0 0 0 0 0 0 0 0 0 0 1 1 0 1 1 1 2 2 1 1 0 1 1 1 0 0 0 0 0 0 0 0
 0 0 0 0 0 0 0 0 0 0 0 0 0 0 0 0 0 0 0 1 1 0 1 1 1 1 1 0 0 2 2 2 1 1 0 1 1 1 0 0 0 0 0 0 0 0
 0 0 0 0 0 0 0 0 0 0 0 0 0 1 1 1 0 0 1 1 1 1 1 1 1 1 1 0 0 1 0 0 1 1 0 0 0 0 0 0 0 0 0 0 0 0
 0 0 0 0 0 0 0 0 0 0 0 0 0 1 1 1 0 0 1 1 1 1 1 1 1 1 1 0 0 1 0 0 1 1 0 0 0 0 0 0 0 0 0 0 0 0
 0 0 0 0 0 0 0 0 0 0 0 1 1 1 1 1 0 0 0 1 1 0 1 1 1 1 0 0 0 0 0 0 0 0 0 0 0 0 0 0 0 0 0 0 0 0
 0 0 0 0 0 0 0 0 0 0 0 0 0 1 1 1 1 1 1 0 0 0 0 0 0 0 0 0 0 0 0 0 0 0 0 0 0 0 0 0 0 0 0 0 0 0
 0 0 0 0 0 0 0 0 0 0 0 0 0 1 1 1 1 1 1 0 0 0 0 0 0 0 0 0 0 0 0 0 0 0 0 0 0 0 0 0 0 0 0 0 0 0
 0 0 0 0 0 0 0 0 0 0 0 1 1 1 1 1 1 1 1 0 0 0 0 0 0 0 0 0 0 0 0 0 0 0 0 0 0 0 0 0 0 0 0 0 0 0
 0 0 0 0 0 0 0 0 0 0 0 1 1 1 1 1 1 1 1 0 0 0 0 0 0 0 0 0 0 0 0 0 0 0 0 0 0 0 0 0 0 0 0 0 0 0
 0 0 0 0 0 0 0 0 0 0 1 1 1 1 0 0 0 0 0 0 0 0 0 0 0 0 0 0 0 0 0 0 0 0 0 0 0 0 0 0 0 0 0 0 0 0
 0 0 0 0 0 0 0 0 0 0 0 0 0 0 0 0 0 0 0 0 0 0 0 0 0 0 0 0 0 0 0 0 0 0 0 0 0 0 0 0 0 0 0 0 0 0
 0 0 0 0 0 0 0 0 0 0 0 0 0 0 0 0 0 0 0 0 0 0 0 0 0 0 0 0 0 0 0 0 0 0 0 0 0 0 0 0 0 0 0 0 0 0
 0 0 0 0 0 0 0 0 0 0 0 0 0 0 0 0 0 0 0 0 0 0 0 0 0 0 0 0 0 0 0 0 0 0 0 0 0 0 0 0 0 0 0 0 0 0
 0 0 0 0 0 0 0 0 0 0 0 0 0 0 0 0 0 0 0 0 0 0 0 0 0 0 0 0 0 0 0 0 0 0 0 0 0 0 0 0 0 0 0 0 0 0
