assets/RAT_results_old/precipitation/2023-09-02_IMERG.asc
ncols        46
nrows        77
xllcorner    74.800261325624
yllcorner    8.058333333333
cellsize     0.062500000000
NODATA_value -9999
 1 1 1 0 0 0 0 0 0 0 0 0 0 0 1 1 1 1 1 1 1 0 0 0 0 0 0 0 0 0 1 1 2 2 3 2 2 4 3 3 2 2 2 1 1 1
 0 0 0 1 1 0 0 0 0 0 0 0 0 1 1 1 1 1 1 1 1 0 0 0 0 0 0 0 0 0 2 2 8 8 9 9 9 10 9 9 11 11 9 4 4 3
 0 0 0 1 1 0 0 0 0 0 0 0 0 1 1 1 1 1 1 1 1 0 0 0 0 0 0 0 0 0 2 2 8 8 9 9 9 10 9 9 11 11 9 4 4 3
 0 0 0 1 1 0 0 0 1 1 1 1 1 1 1 1 1 1 1 1 1 0 0 0 0 0 0 0 0 0 1 1 4 4 3 2 2 3 3 3 8 8 11 11 11 12
 1 1 0 0 0 1 1 1 1 1 1 1 1 1 1 1 1 1 1 0 0 0 0 0 0 0 0 0 0 1 2 2 4 4 1 2 2 2 1 1 2 2 2 3 3 5
 1 1 0 0 0 1 1 1 1 1 1 1 1 1 1 1 1 1 1 0 0 0 0 0 0 0 0 0 0 1 2 2 4 4 1 2 2 2 1 1 2 2 2 3 3 5
 0 0 0 0 0 0 1 1 0 0 1 1 1 1 0 0 0 0 0 1 1 1 1 1 1 1 1 1 1 5 9 9 5 5 1 1 1 1 1 1 2 2 2 1 1 4
 0 0 0 0 0 0 1 1 0 0 1 1 1 1 0 0 0 0 0 1 1 1 1 1 1 1 1 1 1 5 9 9 5 5 1 1 1 1 1 1 2 2 2 1 1 4
 0 0 0 0 0 0 0 0 0 0 0 0 0 0 0 0 1 1 0 1 1 1 2 2 3 3 1 1 1 5 5 5 2 2 1 0 0 0 1 1 3 3 2 1 1 2
 0 0 0 0 0 0 1 1 1 1 0 0 0 0 1 1 1 1 1 1 1 1 2 2 4 4 1 1 1 4 6 6 3 3 3 1 1 1 1 1 2 2 1 1 1 2
 0 0 0 0 0 0 1 1 1 1 0 0 0 0 1 1 1 1 1 1 1 1 2 2 4 4 1 1 1 4 6 6 3 3 3 1 1 1 1 1 2 2 1 1 1 2
 0 0 0 0 0 0 1 1 1 1 0 1 1 1 1 1 3 3 6 5 5 3 2 2 4 4 2 1 1 5 8 8 6 6 6 1 1 1 1 1 1 1 1 1 1 1
 2 2 0 1 1 0 1 1 1 1 1 1 1 1 2 2 3 3 5 6 6 5 4 4 4 4 3 2 2 2 4 4 10 10 10 2 2 1 1 1 1 1 1 1 1 1
 2 2 0 1 1 0 1 1 1 1 1 1 1 1 2 2 3 3 5 6 6 5 4 4 4 4 3 2 2 2 4 4 10 10 10 2 2 1 1 1 1 1 1 1 1 1
 0 0 0 0 0 0 0 0 1 1 1 1 1 1 2 2 2 2 2 2 2 4 4 4 4 4 3 3 3 3 4 4 7 7 7 3 3 2 3 3 3 3 2 1 1 1
 0 0 0 0 0 0 0 0 1 1 1 1 1 1 2 2 2 2 2 2 2 4 4 4 4 4 3 3 3 3 4 4 7 7 7 3 3 2 3 3 3 3 2 1 1 1
 0 0 0 0 0 0 0 0 0 0 1 1 1 1 1 1 1 1 1 1 1 1 2 2 3 3 5 6 6 9 10 10 12 12 10 7 7 8 9 9 5 5 3 2 2 2
 0 0 0 0 0 0 0 0 0 0 0 1 1 1 1 1 0 0 0 0 0 0 1 1 1 1 1 1 1 2 3 3 3 3 3 2 2 3 5 5 3 3 3 2 2 3
 0 0 0 0 0 0 0 0 0 0 0 1 1 1 1 1 0 0 0 0 0 0 1 1 1 1 1 1 1 2 3 3 3 3 3 2 2 3 5 5 3 3 3 2 2 3
 0 0 3 1 1 1 0 0 0 0 0 0 0 1 1 1 0 0 0 0 0 0 0 0 0 0 0 0 0 0 1 1 1 1 1 1 1 2 2 2 1 1 2 1 1 0
 7 7 6 3 3 3 3 3 1 1 0 0 0 0 1 1 0 0 0 1 1 0 1 1 0 0 0 0 0 0 0 0 0 0 0 0 0 1 2 2 2 2 1 1 1 0
 7 7 6 3 3 3 3 3 1 1 0 0 0 0 1 1 0 0 0 1 1 0 1 1 0 0 0 0 0 0 0 0 0 0 0 0 0 1 2 2 2 2 1 1 1 0
 7 7 4 4 4 4 3 3 1 1 1 0 0 0 1 1 1 1 1 1 1 1 3 3 1 1 0 1 1 1 1 1 0 0 0 0 0 1 1 1 1 1 0 0 0 0
 7 7 4 4 4 4 3 3 1 1 1 0 0 0 1 1 1 1 1 1 1 1 3 3 1 1 0 1 1 1 1 1 0 0 0 0 0 1 1 1 1 1 0 0 0 0
 3 3 4 3 3 2 2 2 1 1 1 0 0 0 1 1 1 1 1 1 1 1 1 1 1 1 2 5 5 3 1 1 1 1 0 0 0 0 0 0 0 0 0 0 0 0
 4 4 6 4 4 2 4 4 7 7 2 1 1 0 0 0 1 1 1 1 1 1 1 1 1 1 1 2 2 2 1 1 1 1 1 0 0 2 0 0 0 0 1 1 1 0
 4 4 6 4 4 2 4 4 7 7 2 1 1 0 0 0 1 1 1 1 1 1 1 1 1 1 1 2 2 2 1 1 1 1 1 0 0 2 0 0 0 0 1 1 1 0
 4 4 3 6 6 8 11 11 19 19 6 1 1 2 4 4 4 4 4 1 1 2 2 2 3 3 4 3 3 3 2 2 1 1 1 3 3 4 1 1 3 3 5 4 4 1
 3 3 4 11 11 27 63 63 45 45 8 6 6 3 5 5 9 9 8 3 3 4 3 3 3 3 4 3 3 2 2 2 1 1 1 1 1 1 1 1 1 1 3 2 2 1
 3 3 4 11 11 27 63 63 45 45 8 6 6 3 5 5 9 9 8 3 3 4 3 3 3 3 4 3 3 2 2 2 1 1 1 1 1 1 1 1 1 1 3 2 2 1
 9 9 12 28 28 58 62 62 20 20 16 7 7 5 4 4 11 11 11 6 6 6 5 5 7 7 12 3 3 1 0 0 0 0 0 1 1 1 1 1 1 1 2 2 2 3
 9 9 12 28 28 58 62 62 20 20 16 7 7 5 4 4 11 11 11 6 6 6 5 5 7 7 12 3 3 1 0 0 0 0 0 1 1 1 1 1 1 1 2 2 2 3
 10 10 11 11 11 15 9 9 9 9 19 21 21 9 7 7 9 9 6 6 6 8 10 10 6 6 12 2 2 1 0 0 0 0 0 1 1 1 1 1 2 2 3 4 4 6
 8 8 9 7 7 7 5 5 8 8 17 17 17 12 6 6 9 9 6 3 3 5 3 3 3 3 4 3 3 2 1 1 1 1 0 0 0 1 3 3 4 4 5 5 5 6
 8 8 9 7 7 7 5 5 8 8 17 17 17 12 6 6 9 9 6 3 3 5 3 3 3 3 4 3 3 2 1 1 1 1 0 0 0 1 3 3 4 4 5 5 5 6
 8 8 12 6 6 5 5 5 4 4 5 7 7 12 12 12 7 7 4 3 3 2 3 3 3 3 4 3 3 1 1 1 1 1 0 0 0 1 2 2 3 3 4 5 5 5
 11 11 12 8 8 6 4 4 4 4 5 6 6 7 6 6 9 9 14 3 3 5 5 5 4 4 4 3 3 1 1 1 1 1 1 0 0 1 1 1 1 1 2 3 3 4
 11 11 12 8 8 6 4 4 4 4 5 6 6 7 6 6 9 9 14 3 3 5 5 5 4 4 4 3 3 1 1 1 1 1 1 0 0 1 1 1 1 1 2 3 3 4
 3 3 5 7 7 7 6 6 10 10 8 6 6 8 9 9 12 12 13 12 12 3 4 4 2 2 1 1 1 1 1 1 1 1 1 1 1 1 1 1 1 1 2 1 1 2
 3 3 5 7 7 7 6 6 10 10 8 6 6 8 9 9 12 12 13 12 12 3 4 4 2 2 1 1 1 1 1 1 1 1 1 1 1 1 1 1 1 1 2 1 1 2
 4 4 7 52 52 10 11 11 13 13 12 10 10 9 13 13 13 13 19 4 4 9 4 4 3 3 2 2 2 9 7 7 3 3 2 2 2 2 2 2 2 2 4 2 2 2
 44 44 48 49 49 13 13 13 13 13 9 10 10 10 10 10 22 22 30 25 25 12 18 18 10 10 11 9 9 10 7 7 3 3 4 2 2 1 1 1 1 1 2 1 1 2
 44 44 48 49 49 13 13 13 13 13 9 10 10 10 10 10 22 22 30 25 25 12 18 18 10 10 11 9 9 10 7 7 3 3 4 2 2 1 1 1 1 1 2 1 1 2
 43 43 58 60 60 62 58 58 14 14 10 8 8 12 13 13 28 28 23 40 40 27 29 29 21 21 18 13 13 12 11 11 5 5 5 2 2 2 2 2 2 2 2 5 5 3
 35 35 57 59 59 61 57 57 12 12 11 10 10 12 8 8 31 31 32 48 48 39 43 43 32 32 34 18 18 17 15 15 6 6 6 5 5 4 5 5 6 6 8 11 11 11
 35 35 57 59 59 61 57 57 12 12 11 10 10 12 8 8 31 31 32 48 48 39 43 43 32 32 34 18 18 17 15 15 6 6 6 5 5 4 5 5 6 6 8 11 11 11
 12 12 13 53 53 63 63 63 11 11 8 11 11 12 11 11 27 27 30 56 56 56 38 38 48 48 36 19 19 13 10 10 9 9 9 9 9 9 11 11 12 12 13 14 14 18
 12 12 13 53 53 63 63 63 11 11 8 11 11 12 11 11 27 27 30 56 56 56 38 38 48 48 36 19 19 13 10 10 9 9 9 9 9 9 11 11 12 12 13 14 14 18
 62 62 45 60 60 41 15 15 13 13 12 11 11 11 13 13 18 18 49 43 43 31 37 37 43 43 26 25 25 25 17 17 14 14 9 9 9 11 12 12 14 14 15 15 15 17
 82 82 87 44 44 39 18 18 24 24 27 28 28 12 14 14 14 14 21 20 20 27 40 40 32 32 26 26 26 19 18 18 14 14 9 11 11 10 11 11 13 13 14 15 15 14
 82 82 87 44 44 39 18 18 24 24 27 28 28 12 14 14 14 14 21 20 20 27 40 40 32 32 26 26 26 19 18 18 14 14 9 11 11 10 11 11 13 13 14 15 15 14
 56 56 93 100 100 99 71 71 53 53 28 28 28 14 16 16 20 20 24 14 14 13 17 17 23 23 21 27 27 34 32 32 29 29 11 11 11 9 12 12 11 11 14 16 16 13
 35 35 66 54 54 94 77 77 60 60 60 61 61 12 16 16 15 15 17 18 18 24 20 20 20 20 18 18 18 19 23 23 21 21 19 10 10 10 13 13 12 12 11 11 11 11
 35 35 66 54 54 94 77 77 60 60 60 61 61 12 16 16 15 15 17 18 18 24 20 20 20 20 18 18 18 19 23 23 21 21 19 10 10 10 13 13 12 12 11 11 11 11
 24 24 55 57 57 81 55 55 64 64 63 73 73 66 57 57 44 44 26 30 30 29 31 31 24 24 19 22 22 20 29 29 27 27 24 17 17 25 15 15 12 12 11 8 8 7
 24 24 55 57 57 81 55 55 64 64 63 73 73 66 57 57 44 44 26 30 30 29 31 31 24 24 19 22 22 20 29 29 27 27 24 17 17 25 15 15 12 12 11 8 8 7
 24 24 37 24 24 53 55 55 63 63 62 71 71 51 58 58 44 44 34 51 51 59 64 64 27 27 19 26 26 27 35 35 33 33 33 23 23 23 10 10 7 7 8 5 5 4
 21 21 20 21 21 53 53 53 27 27 28 21 21 19 18 18 18 18 32 63 63 66 32 32 21 21 21 21 21 24 35 35 34 34 36 31 31 30 22 22 5 5 6 4 4 4
 21 21 20 21 21 53 53 53 27 27 28 21 21 19 18 18 18 18 32 63 63 66 32 32 21 21 21 21 21 24 35 35 34 34 36 31 31 30 22 22 5 5 6 4 4 4
 14 14 14 12 12 15 16 16 22 22 25 19 19 33 17 17 15 15 16 31 31 64 40 40 22 22 25 23 23 23 23 23 36 36 35 30 30 30 17 17 4 4 3 3 3 3
 12 12 12 10 10 42 57 57 55 55 44 26 26 31 16 16 18 18 60 65 65 66 31 31 27 27 27 28 28 20 20 20 24 24 23 20 20 17 14 14 7 7 3 3 3 1
 12 12 12 10 10 42 57 57 55 55 44 26 26 31 16 16 18 18 60 65 65 66 31 31 27 27 27 28 28 20 20 20 24 24 23 20 20 17 14 14 7 7 3 3 3 1
 8 8 9 40 40 42 55 55 55 55 24 37 37 16 17 17 16 16 55 65 65 70 69 69 42 42 40 49 49 38 35 35 23 23 10 8 8 6 9 9 13 13 12 11 11 3
 8 8 9 40 40 42 55 55 55 55 24 37 37 16 17 17 16 16 55 65 65 70 69 69 42 42 40 49 49 38 35 35 23 23 10 8 8 6 9 9 13 13 12 11 11 3
 7 7 11 13 13 13 38 38 38 38 32 36 36 13 16 16 13 13 31 70 70 80 74 74 44 44 59 42 42 23 16 16 18 18 17 15 15 9 8 8 7 7 7 7 7 5
 9 9 11 15 15 12 40 40 37 37 13 13 13 15 16 16 11 11 10 14 14 17 23 23 48 48 52 60 60 31 23 23 23 23 20 16 16 10 12 12 9 9 7 8 8 6
 9 9 11 15 15 12 40 40 37 37 13 13 13 15 16 16 11 11 10 14 14 17 23 23 48 48 52 60 60 31 23 23 23 23 20 16 16 10 12 12 9 9 7 8 8 6
 8 8 15 15 15 39 39 39 41 41 41 14 14 14 13 13 10 10 11 15 15 18 25 25 30 30 49 71 71 32 32 32 28 28 27 23 23 14 9 9 8 8 7 6 6 10
 8 8 18 14 14 20 21 21 43 43 45 42 42 20 15 15 8 8 10 12 12 16 16 16 22 22 36 35 35 28 23 23 35 35 30 22 22 13 7 7 6 6 7 9 9 3
 8 8 18 14 14 20 21 21 43 43 45 42 42 20 15 15 8 8 10 12 12 16 16 16 22 22 36 35 35 28 23 23 35 35 30 22 22 13 7 7 6 6 7 9 9 3
 9 9 10 11 11 18 21 21 40 40 19 29 29 27 27 27 15 15 12 12 12 13 14 14 15 15 14 27 27 24 24 24 30 30 23 13 13 10 9 9 10 10 11 5 5 2
 9 9 10 11 11 18 21 21 40 40 19 29 29 27 27 27 15 15 12 12 12 13 14 14 15 15 14 27 27 24 24 24 30 30 23 13 13 10 9 9 10 10 11 5 5 2
 12 12 12 13 13 16 19 19 22 22 18 30 30 25 12 12 15 15 11 9 9 10 12 12 12 12 14 22 22 28 15 15 11 11 17 18 18 6 4 4 5 5 6 2 2 1
 11 11 12 15 15 18 22 22 23 23 20 25 25 25 13 13 14 14 9 10 10 10 13 13 15 15 12 22 22 30 10 10 11 11 14 24 24 7 3 3 4 4 2 5 5 1
 11 11 12 15 15 18 22 22 23 23 20 25 25 25 13 13 14 14 9 10 10 10 13 13 15 15 12 22 22 30 10 10 11 11 14 24 24 7 3 3 4 4 2 5 5 1
 9 9 11 15 15 22 22 22 18 18 17 12 12 16 17 17 16 16 15 14 14 21 11 11 10 10 9 16 16 14 9 9 5 5 6 17 17 4 4 4 6 6 5 4 4 1
 15 15 10 10 10 12 14 14 12 12 12 14 14 17 15 15 14 14 14 19 19 20 9 9 9 9 12 13 13 15 9 9 6 6 10 11 11 10 6 6 14 14 10 13 13 2
