assets/RAT_results_old/precipitation/2023-11-22_IMERG.asc
ncols        46
nrows        77
xllcorner    74.800261325624
yllcorner    8.058333333333
cellsize     0.062500000000
NODATA_value -9999
 1 1 2 1 1 0 1 1 2 2 2 2 2 4 3 3 1 1 1 1 1 1 2 2 1 1 0 0 0 1 1 1 1 1 0 1 1 1 1 1 1 1 1 1 1 3
 1 1 3 1 1 1 2 2 4 4 2 3 3 4 2 2 0 0 0 1 1 1 1 1 1 1 1 0 0 0 1 1 0 0 0 1 1 1 1 1 1 1 0 1 1 1
 1 1 3 1 1 1 2 2 4 4 2 3 3 4 2 2 0 0 0 1 1 1 1 1 1 1 1 0 0 0 1 1 0 0 0 1 1 1 1 1 1 1 0 1 1 1
 2 2 3 1 1 2 4 4 4 4 2 3 3 2 1 1 0 0 0 1 1 2 1 1 1 1 1 0 0 0 1 1 0 0 3 7 7 5 3 3 2 2 1 1 1 2
 4 4 3 1 1 2 4 4 3 3 3 3 3 1 1 1 1 1 1 1 1 2 1 1 2 2 0 0 0 0 0 0 2 2 10 14 14 8 3 3 1 1 1 1 1 4
 4 4 3 1 1 2 4 4 3 3 3 3 3 1 1 1 1 1 1 1 1 2 1 1 2 2 0 0 0 0 0 0 2 2 10 14 14 8 3 3 1 1 1 1 1 4
 8 8 4 1 1 3 3 3 2 2 2 2 2 1 1 1 2 2 2 1 1 2 5 5 0 0 0 0 0 0 0 0 1 1 4 5 5 2 2 2 1 1 2 3 3 7
 8 8 4 1 1 3 3 3 2 2 2 2 2 1 1 1 2 2 2 1 1 2 5 5 0 0 0 0 0 0 0 0 1 1 4 5 5 2 2 2 1 1 2 3 3 7
 9 9 4 2 2 4 2 2 2 2 2 2 2 1 1 1 3 3 3 2 2 2 4 4 0 0 0 0 0 0 0 0 0 0 1 2 2 2 6 6 3 3 2 3 3 3
 4 4 2 2 2 2 1 1 1 1 1 2 2 1 2 2 3 3 4 1 1 1 1 1 0 0 0 0 0 0 0 0 0 0 1 1 1 2 6 6 7 7 6 2 2 1
 4 4 2 2 2 2 1 1 1 1 1 2 2 1 2 2 3 3 4 1 1 1 1 1 0 0 0 0 0 0 0 0 0 0 1 1 1 2 6 6 7 7 6 2 2 1
 2 2 4 2 2 1 1 1 1 1 2 4 4 2 4 4 5 5 8 2 2 6 3 3 2 2 1 1 1 0 1 1 1 1 2 1 1 1 3 3 2 2 12 3 3 1
 7 7 7 3 3 1 2 2 1 1 1 2 2 3 11 11 10 10 9 3 3 6 13 13 17 17 3 2 2 1 0 0 1 1 4 2 2 1 1 1 2 2 1 1 1 2
 7 7 7 3 3 1 2 2 1 1 1 2 2 3 11 11 10 10 9 3 3 6 13 13 17 17 3 2 2 1 0 0 1 1 4 2 2 1 1 1 2 2 1 1 1 2
 6 6 11 5 5 4 2 2 2 2 2 2 2 2 4 4 5 5 6 7 7 6 56 56 8 8 9 2 2 1 1 1 2 2 6 6 6 4 2 2 3 3 1 2 2 5
 6 6 11 5 5 4 2 2 2 2 2 2 2 2 4 4 5 5 6 7 7 6 56 56 8 8 9 2 2 1 1 1 2 2 6 6 6 4 2 2 3 3 1 2 2 5
 8 8 13 13 13 6 3 3 5 5 4 3 3 5 9 9 10 10 8 9 9 12 13 13 6 6 4 2 2 2 1 1 1 1 5 12 12 13 4 4 2 2 1 3 3 6
 11 11 11 6 6 6 9 9 5 5 6 7 7 14 15 15 17 17 16 15 15 16 13 13 9 9 5 4 4 3 2 2 2 2 7 12 12 8 2 2 1 1 2 6 6 12
 11 11 11 6 6 6 9 9 5 5 6 7 7 14 15 15 17 17 16 15 15 16 13 13 9 9 5 4 4 3 2 2 2 2 7 12 12 8 2 2 1 1 2 6 6 12
 13 13 12 8 8 7 7 7 6 6 10 15 15 19 25 25 32 32 25 20 20 17 16 16 7 7 7 5 5 3 3 3 3 3 5 6 6 7 3 3 2 2 3 9 9 14
 20 20 17 13 13 11 11 11 14 14 20 21 21 28 39 39 41 41 31 25 25 25 15 15 17 17 7 5 5 8 7 7 7 7 10 7 7 8 6 6 5 5 11 21 21 15
 20 20 17 13 13 11 11 11 14 14 20 21 21 28 39 39 41 41 31 25 25 25 15 15 17 17 7 5 5 8 7 7 7 7 10 7 7 8 6 6 5 5 11 21 21 15
 23 23 22 19 19 16 15 15 21 21 30 35 35 32 50 50 35 35 33 38 38 28 54 54 19 19 14 6 6 12 14 14 24 24 16 15 15 10 8 8 13 13 23 22 22 15
 23 23 22 19 19 16 15 15 21 21 30 35 35 32 50 50 35 35 33 38 38 28 54 54 19 19 14 6 6 12 14 14 24 24 16 15 15 10 8 8 13 13 23 22 22 15
 24 24 26 25 25 20 39 39 51 51 41 46 46 38 41 41 40 40 52 40 40 27 25 25 14 14 12 14 14 21 23 23 33 33 24 24 24 13 12 12 11 11 17 15 15 6
 37 37 32 28 28 27 58 58 50 50 78 49 49 42 39 39 42 42 52 45 45 30 23 23 18 18 15 21 21 25 39 39 54 54 54 24 24 11 10 10 14 14 11 5 5 3
 37 37 32 28 28 27 58 58 50 50 78 49 49 42 39 39 42 42 52 45 45 30 23 23 18 18 15 21 21 25 39 39 54 54 54 24 24 11 10 10 14 14 11 5 5 3
 39 39 36 38 38 63 73 73 175 175 417 56 56 44 34 34 39 39 53 66 66 43 30 30 25 25 30 50 50 36 34 34 92 92 81 25 25 9 7 7 6 6 8 7 7 5
 34 34 32 40 40 95 85 85 476 476 421 205 205 40 32 32 39 39 44 45 45 39 36 36 36 36 54 53 53 41 37 37 39 39 85 14 14 7 6 6 6 6 5 4 4 6
 34 34 32 40 40 95 85 85 476 476 421 205 205 40 32 32 39 39 44 45 45 39 36 36 36 36 54 53 53 41 37 37 39 39 85 14 14 7 6 6 6 6 5 4 4 6
 27 27 29 44 44 58 50 50 98 98 243 302 302 47 45 45 42 42 43 29 29 32 40 40 50 50 59 56 56 50 33 33 31 31 29 9 9 6 5 5 6 6 6 5 5 7
 27 27 29 44 44 58 50 50 98 98 243 302 302 47 45 45 42 42 43 29 29 32 40 40 50 50 59 56 56 50 33 33 31 31 29 9 9 6 5 5 6 6 6 5 5 7
 37 37 32 39 39 47 56 56 73 73 137 275 275 109 66 66 46 46 43 49 49 56 45 45 56 56 79 60 60 53 40 40 38 38 31 9 9 5 6 6 7 7 6 5 5 8
 33 33 35 40 40 39 35 35 187 187 443 145 145 75 51 51 31 31 31 41 41 31 38 38 51 51 68 75 75 46 37 37 31 31 21 11 11 9 8 8 10 10 8 6 6 8
 33 33 35 40 40 39 35 35 187 187 443 145 145 75 51 51 31 31 31 41 41 31 38 38 51 51 68 75 75 46 37 37 31 31 21 11 11 9 8 8 10 10 8 6 6 8
 23 23 30 32 32 35 42 42 97 97 114 88 88 47 34 34 33 33 29 26 26 23 39 39 48 48 51 43 43 39 39 39 23 23 21 18 18 12 9 9 10 10 10 7 7 7
 20 20 28 33 33 36 61 61 85 85 58 56 56 34 35 35 36 36 28 18 18 19 41 41 36 36 37 37 37 47 31 31 23 23 22 13 13 7 4 4 9 9 10 5 5 3
 20 20 28 33 33 36 61 61 85 85 58 56 56 34 35 35 36 36 28 18 18 19 41 41 36 36 37 37 37 47 31 31 23 23 22 13 13 7 4 4 9 9 10 5 5 3
 19 19 25 31 31 36 57 57 64 64 46 35 35 37 27 27 27 27 17 10 10 11 23 23 38 38 53 45 45 38 25 25 22 22 18 8 8 5 3 3 6 6 8 4 4 4
 19 19 25 31 31 36 57 57 64 64 46 35 35 37 27 27 27 27 17 10 10 11 23 23 38 38 53 45 45 38 25 25 22 22 18 8 8 5 3 3 6 6 8 4 4 4
 18 18 22 27 27 33 45 45 34 34 29 30 30 27 30 30 30 30 19 13 13 16 28 28 41 41 40 25 25 21 17 17 14 14 12 8 8 6 3 3 3 3 5 7 7 11
 18 18 24 29 29 32 34 34 34 34 36 36 36 41 42 42 44 44 20 17 17 22 21 21 21 21 24 22 22 24 22 22 18 18 14 10 10 8 6 6 6 6 8 10 10 13
 18 18 24 29 29 32 34 34 34 34 36 36 36 41 42 42 44 44 20 17 17 22 21 21 21 21 24 22 22 24 22 22 18 18 14 10 10 8 6 6 6 6 8 10 10 13
 18 18 25 30 30 37 39 39 47 47 53 45 45 42 39 39 44 44 33 11 11 11 11 11 17 17 20 30 30 40 37 37 28 28 18 17 17 13 12 12 15 15 17 13 13 10
 16 16 23 32 32 37 47 47 49 49 52 43 43 38 42 42 45 45 26 7 7 8 12 12 18 18 28 45 45 51 49 49 33 33 30 31 31 21 22 22 23 23 21 16 16 10
 16 16 23 32 32 37 47 47 49 49 52 43 43 38 42 42 45 45 26 7 7 8 12 12 18 18 28 45 45 51 49 49 33 33 30 31 31 21 22 22 23 23 21 16 16 10
 14 14 23 36 36 35 38 38 43 43 42 40 40 35 52 52 48 48 36 14 14 9 8 8 18 18 26 37 37 46 51 51 43 43 36 29 29 28 36 36 35 35 27 17 17 12
 14 14 23 36 36 35 38 38 43 43 42 40 40 35 52 52 48 48 36 14 14 9 8 8 18 18 26 37 37 46 51 51 43 43 36 29 29 28 36 36 35 35 27 17 17 12
 14 14 21 33 33 34 33 33 31 31 37 48 48 47 74 74 65 65 56 30 30 18 13 13 20 20 29 42 42 62 74 74 51 51 39 33 33 32 35 35 30 30 16 12 12 16
 9 9 12 23 23 28 26 26 31 31 43 70 70 68 58 58 81 81 54 35 35 29 25 25 26 26 36 51 51 69 74 74 56 56 42 34 34 39 28 28 21 21 13 13 13 23
 9 9 12 23 23 28 26 26 31 31 43 70 70 68 58 58 81 81 54 35 35 29 25 25 26 26 36 51 51 69 74 74 56 56 42 34 34 39 28 28 21 21 13 13 13 23
 7 7 9 18 18 27 33 33 49 49 62 60 60 83 67 67 52 52 57 49 49 58 19 19 37 37 48 65 65 77 70 70 59 59 44 38 38 34 27 27 20 20 19 24 24 47
 15 15 19 27 27 32 27 27 38 38 54 62 62 76 81 81 55 55 43 34 34 32 24 24 52 52 57 66 66 67 69 69 61 61 53 46 46 39 34 34 30 30 35 32 32 43
 15 15 19 27 27 32 27 27 38 38 54 62 62 76 81 81 55 55 43 34 34 32 24 24 52 52 57 66 66 67 69 69 61 61 53 46 46 39 34 34 30 30 35 32 32 43
 7 7 11 18 18 22 25 25 35 35 43 54 54 69 67 67 53 53 54 36 36 20 23 23 47 47 49 60 60 64 60 60 68 68 58 46 46 40 32 32 29 29 42 37 37 44
 7 7 11 18 18 22 25 25 35 35 43 54 54 69 67 67 53 53 54 36 36 20 23 23 47 47 49 60 60 64 60 60 68 68 58 46 46 40 32 32 29 29 42 37 37 44
 6 6 10 15 15 20 23 23 31 31 42 49 49 56 58 58 45 45 39 35 35 18 23 23 33 33 41 55 55 70 69 69 80 80 70 55 55 43 34 34 38 38 48 61 61 70
 9 9 11 15 15 17 19 19 26 26 37 40 40 41 52 52 37 37 37 27 27 18 24 24 24 24 45 62 62 70 72 72 69 69 81 61 61 44 42 42 45 45 53 61 61 100
 9 9 11 15 15 17 19 19 26 26 37 40 40 41 52 52 37 37 37 27 27 18 24 24 24 24 45 62 62 70 72 72 69 69 81 61 61 44 42 42 45 45 53 61 61 100
 8 8 10 10 10 13 15 15 16 16 12 26 26 28 28 28 33 33 20 23 23 15 22 22 32 32 45 58 58 68 66 66 68 68 74 52 52 41 44 44 56 56 54 69 69 83
 8 8 7 6 6 9 11 11 9 9 10 16 16 13 21 21 24 24 14 14 14 20 26 26 33 33 31 67 67 59 58 58 55 55 61 53 53 45 49 49 56 56 69 77 77 120
 8 8 7 6 6 9 11 11 9 9 10 16 16 13 21 21 24 24 14 14 14 20 26 26 33 33 31 67 67 59 58 58 55 55 61 53 53 45 49 49 56 56 69 77 77 120
 7 7 5 5 5 9 12 12 6 6 5 6 6 5 6 6 12 12 13 18 18 21 29 29 32 32 47 63 63 54 49 49 45 45 51 43 43 34 42 42 47 47 60 62 62 68
 7 7 5 5 5 9 12 12 6 6 5 6 6 5 6 6 12 12 13 18 18 21 29 29 32 32 47 63 63 54 49 49 45 45 51 43 43 34 42 42 47 47 60 62 62 68
 6 6 6 6 6 7 7 7 4 4 4 4 4 6 6 6 9 9 17 19 19 20 36 36 26 26 45 44 44 45 40 40 39 39 40 42 42 40 49 49 46 46 46 49 49 32
 4 4 5 9 9 8 6 6 4 4 4 5 5 8 12 12 15 15 22 26 26 26 29 29 25 25 21 44 44 38 51 51 37 37 56 40 40 35 42 42 29 29 29 36 36 26
 4 4 5 9 9 8 6 6 4 4 4 5 5 8 12 12 15 15 22 26 26 26 29 29 25 25 21 44 44 38 51 51 37 37 56 40 40 35 42 42 29 29 29 36 36 26
 4 4 4 4 4 4 4 4 6 6 8 13 13 15 13 13 19 19 21 30 30 29 27 27 23 23 23 46 46 46 45 45 44 44 55 39 39 28 36 36 42 42 41 35 35 22
 1 1 1 1 1 3 4 4 6 6 10 25 25 19 15 15 19 19 24 35 35 35 26 26 23 23 24 28 28 30 31 31 41 41 55 44 44 36 49 49 41 41 39 34 34 25
 1 1 1 1 1 3 4 4 6 6 10 25 25 19 15 15 19 19 24 35 35 35 26 26 23 23 24 28 28 30 31 31 41 41 55 44 44 36 49 49 41 41 39 34 34 25
 2 2 2 3 3 4 5 5 5 5 9 13 13 16 18 18 23 23 31 42 42 37 29 29 24 24 24 31 31 33 28 28 20 20 29 40 40 39 43 43 36 36 30 23 23 25
 2 2 2 3 3 4 5 5 5 5 9 13 13 16 18 18 23 23 31 42 42 37 29 29 24 24 24 31 31 33 28 28 20 20 29 40 40 39 43 43 36 36 30 23 23 25
 5 5 4 8 8 10 16 16 11 11 15 15 15 13 15 15 28 28 33 30 30 29 26 26 27 27 16 29 29 24 27 27 13 13 20 22 22 31 29 29 37 37 32 24 24 26
 8 8 7 12 12 12 12 12 12 12 20 13 13 12 12 12 17 17 21 22 22 15 11 11 11 11 11 8 8 12 9 9 13 13 14 18 18 19 24 24 32 32 34 22 22 23
 8 8 7 12 12 12 12 12 12 12 20 13 13 12 12 12 17 17 21 22 22 15 11 11 11 11 11 8 8 12 9 9 13 13 14 18 18 19 24 24 32 32 34 22 22 23
 17 17 22 20 20 14 8 8 8 8 7 6 6 8 9 9 6 6 9 12 12 9 8 8 9 9 13 10 10 14 14 14 7 7 9 11 11 13 26 26 33 33 31 18 18 18
 27 27 27 21 21 21 11 11 4 4 5 6 6 5 4 4 3 3 5 9 9 8 17 17 18 18 15 12 12 10 10 10 5 5 13 10 10 16 21 21 31 31 29 13 13 15
