assets/RAT_results_old/precipitation/2023-06-28_IMERG.asc
ncols        46
nrows        77
xllcorner    74.800261325624
yllcorner    8.058333333333
cellsize     0.062500000000
NODATA_value -9999
 20 20 20 9 9 8 1 1 1 1 1 0 0 3 3 3 1 1 0 0 0 0 0 0 0 0 0 0 0 0 0 0 0 0 0 0 0 0 0 0 0 0 0 0 0 0
 17 17 13 5 5 3 2 2 1 1 0 0 0 2 1 1 1 1 0 0 0 0 0 0 0 0 0 0 0 0 0 0 0 0 0 0 0 0 0 0 0 0 0 0 0 0
 17 17 13 5 5 3 2 2 1 1 0 0 0 2 1 1 1 1 0 0 0 0 0 0 0 0 0 0 0 0 0 0 0 0 0 0 0 0 0 0 0 0 0 0 0 0
 8 8 6 4 4 4 2 2 2 2 0 2 2 1 1 1 0 0 0 0 0 0 0 0 0 0 0 0 0 0 0 0 0 0 0 0 0 0 0 0 0 0 0 0 0 0
 10 10 4 3 3 4 3 3 2 2 3 3 3 1 1 1 0 0 1 0 0 0 0 0 0 0 0 0 0 0 0 0 0 0 0 0 0 0 0 0 0 0 0 0 0 0
 10 10 4 3 3 4 3 3 2 2 3 3 3 1 1 1 0 0 1 0 0 0 0 0 0 0 0 0 0 0 0 0 0 0 0 0 0 0 0 0 0 0 0 0 0 0
 9 9 5 2 2 3 2 2 3 3 1 1 1 0 0 0 1 1 1 0 0 0 0 0 0 0 0 0 0 0 0 0 0 0 0 0 0 0 0 0 0 0 0 0 0 0
 9 9 5 2 2 3 2 2 3 3 1 1 1 0 0 0 1 1 1 0 0 0 0 0 0 0 0 0 0 0 0 0 0 0 0 0 0 0 0 0 0 0 0 0 0 0
 8 8 6 2 2 3 5 5 5 5 0 0 0 0 1 1 1 1 1 1 1 0 0 0 0 0 0 0 0 0 0 0 0 0 0 0 0 0 0 0 0 0 0 0 0 0
 11 11 6 4 4 7 7 7 5 5 2 1 1 1 1 1 0 0 0 0 0 1 0 0 0 0 0 0 0 0 0 0 0 0 0 0 0 0 0 0 0 0 0 0 0 0
 11 11 6 4 4 7 7 7 5 5 2 1 1 1 1 1 0 0 0 0 0 1 0 0 0 0 0 0 0 0 0 0 0 0 0 0 0 0 0 0 0 0 0 0 0 0
 15 15 12 8 8 9 6 6 6 6 5 1 1 1 1 1 0 0 0 1 1 1 0 0 0 0 0 0 0 0 0 0 0 0 0 0 0 0 0 0 0 0 0 0 0 0
 12 12 12 8 8 2 6 6 1 1 0 0 0 0 0 0 0 0 0 1 1 1 0 0 0 0 0 0 0 0 0 0 0 0 0 0 0 0 0 0 0 0 0 0 0 0
 12 12 12 8 8 2 6 6 1 1 0 0 0 0 0 0 0 0 0 1 1 1 0 0 0 0 0 0 0 0 0 0 0 0 0 0 0 0 0 0 0 0 0 0 0 0
 9 9 10 5 5 3 4 4 2 2 1 0 0 0 0 0 0 0 0 1 1 0 0 0 0 0 0 0 0 0 0 0 0 0 0 0 0 0 0 0 0 0 0 0 0 0
 9 9 10 5 5 3 4 4 2 2 1 0 0 0 0 0 0 0 0 1 1 0 0 0 0 0 0 0 0 0 0 0 0 0 0 0 0 0 0 0 0 0 0 0 0 0
 5 5 6 6 6 5 6 6 6 6 2 1 1 0 0 0 1 1 1 1 1 0 0 0 0 0 0 0 0 0 0 0 0 0 0 0 0 0 0 0 0 0 0 0 0 0
 5 5 6 7 7 6 6 6 2 2 1 1 1 1 1 1 0 0 0 0 0 0 0 0 0 0 0 0 0 0 0 0 0 0 0 0 0 0 0 0 0 0 0 0 0 0
 5 5 6 7 7 6 6 6 2 2 1 1 1 1 1 1 0 0 0 0 0 0 0 0 0 0 0 0 0 0 0 0 0 0 0 0 0 0 0 0 0 0 0 0 0 0
 7 7 10 9 9 8 4 4 2 2 1 1 1 1 0 0 0 0 0 0 0 0 0 0 0 0 0 0 0 0 0 0 0 0 0 0 0 0 0 0 0 0 0 0 0 0
 10 10 21 14 14 13 8 8 3 3 2 3 3 0 0 0 0 0 0 0 0 0 0 0 0 0 0 0 0 0 0 0 0 0 0 0 0 0 0 0 0 0 0 0 0 0
 10 10 21 14 14 13 8 8 3 3 2 3 3 0 0 0 0 0 0 0 0 0 0 0 0 0 0 0 0 0 0 0 0 0 0 0 0 0 0 0 0 0 0 0 0 0
 10 10 14 16 16 12 7 7 6 6 6 2 2 1 0 0 0 0 0 0 0 0 0 0 0 0 0 0 0 0 0 0 0 0 0 0 0 0 0 0 0 0 0 0 0 0
 10 10 14 16 16 12 7 7 6 6 6 2 2 1 0 0 0 0 0 0 0 0 0 0 0 0 0 0 0 0 0 0 0 0 0 0 0 0 0 0 0 0 0 0 0 0
 6 6 7 12 12 8 8 8 5 5 6 4 4 4 0 0 0 0 0 0 0 0 0 0 0 0 0 0 0 0 0 0 0 0 0 0 0 0 0 0 0 0 0 0 0 0
 7 7 8 7 7 8 7 7 5 5 7 7 7 4 2 2 0 0 0 0 0 0 0 0 0 0 0 0 0 0 0 0 0 0 0 0 0 0 0 0 0 0 0 0 0 0
 7 7 8 7 7 8 7 7 5 5 7 7 7 4 2 2 0 0 0 0 0 0 0 0 0 0 0 0 0 0 0 0 0 0 0 0 0 0 0 0 0 0 0 0 0 0
 6 6 6 5 5 8 6 6 6 6 6 6 6 5 1 1 1 1 0 0 0 0 0 0 0 0 0 0 0 0 0 0 0 0 0 0 0 0 0 0 0 0 0 0 0 0
 4 4 4 6 6 7 6 6 5 5 5 7 7 5 4 4 1 1 1 0 0 0 0 0 0 0 0 0 0 0 0 0 0 0 0 0 0 0 0 0 0 0 0 0 0 0
 4 4 4 6 6 7 6 6 5 5 5 7 7 5 4 4 1 1 1 0 0 0 0 0 0 0 0 0 0 0 0 0 0 0 0 0 0 0 0 0 0 0 0 0 0 0
 4 4 3 5 5 5 5 5 6 6 6 7 7 5 3 3 2 2 0 0 0 0 0 0 0 0 0 0 0 0 0 0 0 0 0 0 0 0 0 0 0 0 0 0 0 0
 4 4 3 5 5 5 5 5 6 6 6 7 7 5 3 3 2 2 0 0 0 0 0 0 0 0 0 0 0 0 0 0 0 0 0 0 0 0 0 0 0 0 0 0 0 0
 2 2 2 2 2 4 4 4 4 4 5 6 6 5 1 1 3 3 3 3 3 0 0 0 0 0 0 0 0 0 0 0 0 0 0 0 0 0 0 0 0 0 0 0 0 0
 8 8 8 3 3 1 3 3 3 3 5 6 6 5 2 2 3 3 3 3 3 0 0 0 0 0 0 0 0 0 0 0 0 0 0 0 0 0 0 0 0 0 0 0 0 0
 8 8 8 3 3 1 3 3 3 3 5 6 6 5 2 2 3 3 3 3 3 0 0 0 0 0 0 0 0 0 0 0 0 0 0 0 0 0 0 0 0 0 0 0 0 0
 8 8 9 3 3 3 3 3 5 5 6 4 4 4 3 3 3 3 3 3 3 0 0 0 0 0 0 0 0 0 0 0 0 0 0 0 0 0 0 0 0 0 0 0 0 0
 13 13 12 8 8 7 6 6 8 8 6 6 6 6 4 4 3 3 1 2 2 1 0 0 0 0 0 0 0 0 0 0 0 0 0 0 0 0 0 0 0 0 0 0 0 0
 13 13 12 8 8 7 6 6 8 8 6 6 6 6 4 4 3 3 1 2 2 1 0 0 0 0 0 0 0 0 0 0 0 0 0 0 0 0 0 0 0 0 0 0 0 0
 13 13 16 11 11 8 6 6 8 8 9 17 17 8 7 7 3 3 2 2 2 1 0 0 0 0 0 0 0 0 0 0 0 0 0 0 0 0 0 0 0 0 0 0 0 0
 13 13 16 11 11 8 6 6 8 8 9 17 17 8 7 7 3 3 2 2 2 1 0 0 0 0 0 0 0 0 0 0 0 0 0 0 0 0 0 0 0 0 0 0 0 0
 14 14 19 12 12 8 10 10 12 12 23 25 25 8 9 9 4 4 2 1 1 1 1 1 1 1 0 0 0 0 0 0 0 0 0 0 0 0 0 0 0 0 0 0 0 0
 11 11 11 7 7 11 14 14 13 13 24 36 36 16 17 17 10 10 3 1 1 0 1 1 1 1 1 0 0 0 0 0 0 0 0 0 0 1 0 0 0 0 0 0 0 0
 11 11 11 7 7 11 14 14 13 13 24 36 36 16 17 17 10 10 3 1 1 0 1 1 1 1 1 0 0 0 0 0 0 0 0 0 0 1 0 0 0 0 0 0 0 0
 9 9 8 7 7 18 21 21 21 21 47 49 49 28 11 11 11 11 3 2 2 1 0 0 0 0 0 0 0 0 0 0 0 0 0 0 0 0 0 0 0 0 0 0 0 0
 12 12 12 12 12 31 31 31 36 36 41 31 31 28 11 11 9 9 8 1 1 1 1 1 0 0 0 0 0 0 0 0 0 0 0 0 0 0 0 0 0 0 0 0 0 0
 12 12 12 12 12 31 31 31 36 36 41 31 31 28 11 11 9 9 8 1 1 1 1 1 0 0 0 0 0 0 0 0 0 0 0 0 0 0 0 0 0 0 0 0 0 0
 17 17 19 15 15 58 48 48 43 43 63 48 48 58 32 32 30 30 24 3 3 0 0 0 1 1 7 5 5 6 13 13 1 1 1 1 1 0 0 0 0 0 0 0 0 0
 17 17 19 15 15 58 48 48 43 43 63 48 48 58 32 32 30 30 24 3 3 0 0 0 1 1 7 5 5 6 13 13 1 1 1 1 1 0 0 0 0 0 0 0 0 0
 17 17 18 19 19 51 52 52 65 65 91 85 85 59 54 54 33 33 26 3 3 3 3 3 5 5 9 11 11 23 15 15 8 8 3 1 1 0 0 0 0 0 0 0 0 0
 15 15 15 23 23 40 48 48 62 62 72 87 87 70 66 66 64 64 63 12 12 11 4 4 5 5 9 14 14 20 25 25 13 13 2 2 2 0 0 0 0 0 0 0 0 0
 15 15 15 23 23 40 48 48 62 62 72 87 87 70 66 66 64 64 63 12 12 11 4 4 5 5 9 14 14 20 25 25 13 13 2 2 2 0 0 0 0 0 0 0 0 0
 11 11 15 24 24 26 25 25 37 37 43 56 56 56 50 50 47 47 22 12 12 12 13 13 10 10 10 11 11 12 10 10 10 10 2 2 2 0 0 0 0 0 0 0 0 0
 11 11 13 15 15 21 23 23 28 28 24 41 41 25 40 40 36 36 20 19 19 19 22 22 4 4 8 14 14 15 11 11 10 10 1 0 0 0 0 0 0 0 0 0 0 0
 11 11 13 15 15 21 23 23 28 28 24 41 41 25 40 40 36 36 20 19 19 19 22 22 4 4 8 14 14 15 11 11 10 10 1 0 0 0 0 0 0 0 0 0 0 0
 20 20 21 21 21 22 23 23 25 25 25 24 24 27 24 24 24 24 17 11 11 20 20 20 5 5 7 12 12 11 10 10 6 6 4 0 0 0 0 0 0 0 0 0 0 0
 20 20 21 21 21 22 23 23 25 25 25 24 24 27 24 24 24 24 17 11 11 20 20 20 5 5 7 12 12 11 10 10 6 6 4 0 0 0 0 0 0 0 0 0 0 0
 24 24 20 19 19 18 17 17 17 17 15 15 15 15 24 24 24 24 17 14 14 14 12 12 6 6 6 11 11 12 11 11 4 4 1 0 0 0 0 0 0 0 0 0 0 0
 18 18 13 15 15 14 5 5 7 7 13 15 15 16 14 14 11 11 11 11 11 10 14 14 3 3 10 14 14 14 13 13 2 2 2 0 0 0 0 0 0 0 0 0 0 0
 18 18 13 15 15 14 5 5 7 7 13 15 15 16 14 14 11 11 11 11 11 10 14 14 3 3 10 14 14 14 13 13 2 2 2 0 0 0 0 0 0 0 0 0 0 0
 7 7 6 10 10 10 6 6 7 7 6 8 8 10 10 10 12 12 10 13 13 14 19 19 18 18 25 28 28 19 19 19 5 5 2 0 0 0 0 0 0 0 0 0 0 0
 7 7 7 5 5 3 4 4 4 4 3 6 6 11 10 10 12 12 10 9 9 12 8 8 8 8 7 9 9 19 19 19 5 5 1 0 0 0 0 0 0 0 0 0 0 0
 7 7 7 5 5 3 4 4 4 4 3 6 6 11 10 10 12 12 10 9 9 12 8 8 8 8 7 9 9 19 19 19 5 5 1 0 0 0 0 0 0 0 0 0 0 0
 6 6 4 4 4 3 4 4 3 3 3 7 7 8 13 13 10 10 9 8 8 11 8 8 10 10 7 8 8 3 1 1 0 0 0 0 0 0 0 0 0 0 0 0 0 0
 6 6 4 4 4 3 4 4 3 3 3 7 7 8 13 13 10 10 9 8 8 11 8 8 10 10 7 8 8 3 1 1 0 0 0 0 0 0 0 0 0 0 0 0 0 0
 3 3 3 4 4 4 4 4 4 4 4 8 8 8 10 10 13 13 25 26 26 21 7 7 7 7 9 1 1 1 1 1 0 0 0 0 0 0 0 0 0 0 0 0 0 0
 2 2 2 3 3 3 4 4 4 4 4 8 8 9 10 10 11 11 29 29 29 26 11 11 11 11 8 1 1 0 0 0 0 0 0 0 0 0 0 0 0 0 0 0 0 0
 2 2 2 3 3 3 4 4 4 4 4 8 8 9 10 10 11 11 29 29 29 26 11 11 11 11 8 1 1 0 0 0 0 0 0 0 0 0 0 0 0 0 0 0 0 0
 1 1 1 2 2 2 3 3 2 2 4 6 6 9 10 10 13 13 31 32 32 30 14 14 13 13 9 2 2 1 5 5 1 1 0 0 0 0 0 0 0 0 0 0 0 0
 1 1 1 1 1 1 2 2 2 2 5 8 8 8 11 11 12 12 22 11 11 10 15 15 11 11 11 6 6 5 5 5 1 1 0 0 0 0 0 0 0 0 0 0 0 0
 1 1 1 1 1 1 2 2 2 2 5 8 8 8 11 11 12 12 22 11 11 10 15 15 11 11 11 6 6 5 5 5 1 1 0 0 0 0 0 0 0 0 0 0 0 0
 1 1 0 0 0 1 2 2 2 2 4 4 4 4 7 7 18 18 19 11 11 11 9 9 6 6 5 6 6 6 3 3 0 0 0 0 0 0 0 0 0 0 0 0 0 0
 1 1 0 0 0 1 2 2 2 2 4 4 4 4 7 7 18 18 19 11 11 11 9 9 6 6 5 6 6 6 3 3 0 0 0 0 0 0 0 0 0 0 0 0 0 0
 4 4 1 1 1 1 2 2 1 1 3 3 3 5 9 9 8 8 9 12 12 11 10 10 5 5 3 7 7 6 3 3 3 3 2 2 2 0 0 0 0 0 0 0 0 0
 4 4 1 1 1 1 1 1 1 1 2 3 3 6 7 7 7 7 8 8 8 7 5 5 6 6 5 6 6 7 8 8 7 7 3 2 2 0 0 0 0 0 0 0 0 0
 4 4 1 1 1 1 1 1 1 1 2 3 3 6 7 7 7 7 8 8 8 7 5 5 6 6 5 6 6 7 8 8 7 7 3 2 2 0 0 0 0 0 0 0 0 0
 6 6 3 3 3 1 1 1 1 1 1 4 4 4 4 4 5 5 3 4 4 6 10 10 6 6 5 6 6 7 8 8 6 6 1 1 1 0 0 0 0 0 0 0 0 0
 7 7 2 2 2 4 4 4 3 3 3 5 5 5 4 4 4 4 8 11 11 10 8 8 4 4 5 5 5 6 6 6 6 6 1 1 1 0 1 1 1 1 3 3 3 5
