assets/RAT_results_old/precipitation/2023-04-25_IMERG.asc
ncols        46
nrows        77
xllcorner    74.800261325624
yllcorner    8.058333333333
cellsize     0.062500000000
NODATA_value -9999
 0 0 0 0 0 0 0 0 0 0 2 10 10 26 26 26 18 18 19 17 17 21 19 19 14 14 11 11 11 6 4 4 3 3 2 2 2 3 4 4 21 21 7 2 2 2
 0 0 0 0 0 0 0 0 0 0 1 9 9 19 20 20 16 16 16 18 18 21 17 17 14 14 14 14 14 10 6 6 4 4 2 9 9 34 21 21 20 20 7 11 11 3
 0 0 0 0 0 0 0 0 0 0 1 9 9 19 20 20 16 16 16 18 18 21 17 17 14 14 14 14 14 10 6 6 4 4 2 9 9 34 21 21 20 20 7 11 11 3
 0 0 0 0 0 0 0 0 0 0 0 3 3 6 8 8 11 11 13 15 15 15 14 14 14 14 16 16 16 14 11 11 7 7 5 6 6 33 32 32 29 29 12 11 11 3
 1 1 0 0 0 0 0 0 0 0 0 3 3 4 21 21 25 25 29 13 13 15 13 13 15 15 13 13 13 11 9 9 7 7 6 6 6 34 33 33 30 30 6 5 5 1
 1 1 0 0 0 0 0 0 0 0 0 3 3 4 21 21 25 25 29 13 13 15 13 13 15 15 13 13 13 11 9 9 7 7 6 6 6 34 33 33 30 30 6 5 5 1
 1 1 0 0 0 0 0 0 0 0 0 3 3 3 19 19 8 8 15 11 11 12 10 10 11 11 14 13 13 11 10 10 8 8 6 5 5 4 9 9 7 7 7 6 6 2
 1 1 0 0 0 0 0 0 0 0 0 3 3 3 19 19 8 8 15 11 11 12 10 10 11 11 14 13 13 11 10 10 8 8 6 5 5 4 9 9 7 7 7 6 6 2
 2 2 2 0 0 0 0 0 0 0 0 0 0 0 5 5 9 9 15 25 25 10 18 18 13 13 14 14 14 12 11 11 9 9 7 6 6 5 5 5 4 4 5 6 6 4
 3 3 2 0 0 0 0 0 0 0 0 0 0 0 1 1 2 2 19 21 21 13 17 17 14 14 17 17 17 14 13 13 11 11 10 7 7 6 6 6 6 6 6 8 8 6
 3 3 2 0 0 0 0 0 0 0 0 0 0 0 1 1 2 2 19 21 21 13 17 17 14 14 17 17 17 14 13 13 11 11 10 7 7 6 6 6 6 6 6 8 8 6
 5 5 3 5 5 0 0 0 0 0 0 0 0 0 0 0 0 0 2 6 6 10 15 15 16 16 19 18 18 16 14 14 12 12 11 9 9 8 8 8 8 8 8 9 9 8
 6 6 7 4 4 0 0 0 0 0 0 0 0 0 0 0 1 1 3 7 7 9 18 18 18 18 20 19 19 18 16 16 13 13 12 11 11 10 10 10 9 9 9 8 8 8
 6 6 7 4 4 0 0 0 0 0 0 0 0 0 0 0 1 1 3 7 7 9 18 18 18 18 20 19 19 18 16 16 13 13 12 11 11 10 10 10 9 9 9 8 8 8
 6 6 8 6 6 1 0 0 0 0 0 0 0 0 0 0 3 3 6 7 7 10 16 16 21 21 23 22 22 21 20 20 16 16 14 14 14 14 13 13 12 12 11 9 9 8
 6 6 8 6 6 1 0 0 0 0 0 0 0 0 0 0 3 3 6 7 7 10 16 16 21 21 23 22 22 21 20 20 16 16 14 14 14 14 13 13 12 12 11 9 9 8
 5 5 6 6 6 3 3 3 0 0 0 0 0 0 0 0 3 3 7 8 8 12 21 21 26 26 26 24 24 24 22 22 19 19 17 16 16 16 15 15 14 14 13 11 11 8
 5 5 6 6 6 3 4 4 2 2 0 0 0 0 1 1 5 5 7 8 8 15 26 26 28 28 29 46 46 29 27 27 21 21 19 18 18 17 15 15 15 15 14 11 11 8
 5 5 6 6 6 3 4 4 2 2 0 0 0 0 1 1 5 5 7 8 8 15 26 26 28 28 29 46 46 29 27 27 21 21 19 18 18 17 15 15 15 15 14 11 11 8
 5 5 6 10 10 11 8 8 6 6 4 0 0 1 1 1 5 5 7 10 10 19 38 38 37 37 46 46 46 26 27 27 23 23 22 20 20 18 16 16 14 14 14 12 12 8
 5 5 6 10 10 9 8 8 6 6 2 6 6 7 2 2 2 2 7 14 14 25 31 31 38 38 38 31 31 27 32 32 26 26 24 24 24 20 18 18 15 15 13 11 11 8
 5 5 6 10 10 9 8 8 6 6 2 6 6 7 2 2 2 2 7 14 14 25 31 31 38 38 38 31 31 27 32 32 26 26 24 24 24 20 18 18 15 15 13 11 11 8
 4 4 4 7 7 7 7 7 3 3 2 11 11 10 13 13 10 10 6 18 18 29 27 27 35 35 36 30 30 28 28 28 26 26 24 21 21 20 18 18 14 14 12 11 11 9
 4 4 4 7 7 7 7 7 3 3 2 11 11 10 13 13 10 10 6 18 18 29 27 27 35 35 36 30 30 28 28 28 26 26 24 21 21 20 18 18 14 14 12 11 11 9
 4 4 3 16 16 16 4 4 4 4 37 77 77 38 9 9 10 10 5 15 15 30 30 30 31 31 26 30 30 29 28 28 26 26 23 25 25 27 26 26 15 15 12 11 11 9
 4 4 7 16 16 16 3 3 3 3 36 5 5 8 6 6 7 7 7 18 18 25 27 27 26 26 23 30 30 31 29 29 28 28 29 25 25 28 27 27 16 16 16 14 14 11
 4 4 7 16 16 16 3 3 3 3 36 5 5 8 6 6 7 7 7 18 18 25 27 27 26 26 23 30 30 31 29 29 28 28 29 25 25 28 27 27 16 16 16 14 14 11
 4 4 7 7 7 7 4 4 4 4 5 6 6 10 2 2 8 8 7 15 15 23 27 27 27 27 25 31 31 32 33 33 30 30 29 24 24 23 23 23 20 20 18 15 15 12
 7 7 7 8 8 8 6 6 4 4 5 4 4 3 2 2 2 2 7 15 15 22 24 24 27 27 29 28 28 33 39 39 35 35 33 26 26 25 24 24 20 20 19 16 16 13
 7 7 7 8 8 8 6 6 4 4 5 4 4 3 2 2 2 2 7 15 15 22 24 24 27 27 29 28 28 33 39 39 35 35 33 26 26 25 24 24 20 20 19 16 16 13
 8 8 8 7 7 6 5 5 3 3 4 4 4 3 1 1 2 2 4 11 11 17 24 24 26 26 29 29 29 30 30 30 32 32 33 26 26 25 26 26 23 23 20 14 14 11
 8 8 8 7 7 6 5 5 3 3 4 4 4 3 1 1 2 2 4 11 11 17 24 24 26 26 29 29 29 30 30 30 32 32 33 26 26 25 26 26 23 23 20 14 14 11
 8 8 8 8 8 5 4 4 2 2 4 3 3 2 1 1 1 1 3 10 10 16 22 22 24 24 30 31 31 33 30 30 34 34 34 28 28 25 25 25 21 21 16 12 12 9
 8 8 8 6 6 5 3 3 6 6 4 3 3 3 3 3 3 3 4 9 9 14 20 20 23 23 28 28 28 35 37 37 38 38 36 29 29 27 25 25 18 18 13 10 10 6
 8 8 8 6 6 5 3 3 6 6 4 3 3 3 3 3 3 3 4 9 9 14 20 20 23 23 28 28 28 35 37 37 38 38 36 29 29 27 25 25 18 18 13 10 10 6
 6 6 7 4 4 3 6 6 6 6 4 2 2 3 4 4 4 4 2 6 6 12 18 18 23 23 28 29 29 36 39 39 37 37 34 28 28 26 22 22 16 16 12 9 9 7
 6 6 7 6 6 3 2 2 2 2 2 2 2 3 3 3 4 4 2 3 3 8 14 14 22 22 29 32 32 34 37 37 36 36 34 27 27 27 23 23 15 15 11 9 9 8
 6 6 7 6 6 3 2 2 2 2 2 2 2 3 3 3 4 4 2 3 3 8 14 14 22 22 29 32 32 34 37 37 36 36 34 27 27 27 23 23 15 15 11 9 9 8
 2 2 6 6 6 3 2 2 2 2 2 2 2 2 5 5 6 6 4 3 3 2 6 6 17 17 27 32 32 33 35 35 34 34 36 29 29 24 20 20 13 13 13 9 9 7
 2 2 6 6 6 3 2 2 2 2 2 2 2 2 5 5 6 6 4 3 3 2 6 6 17 17 27 32 32 33 35 35 34 34 36 29 29 24 20 20 13 13 13 9 9 7
 3 3 6 4 4 2 2 2 1 1 1 2 2 3 5 5 6 6 5 3 3 1 1 1 7 7 23 32 32 35 34 34 32 32 47 60 60 56 50 50 41 41 17 8 8 8
 1 1 4 4 4 2 2 2 1 1 2 2 2 2 3 3 4 4 4 2 2 1 0 0 2 2 10 26 26 33 34 34 49 49 45 58 58 55 45 45 42 42 16 10 10 11
 1 1 4 4 4 2 2 2 1 1 2 2 2 2 3 3 4 4 4 2 2 1 0 0 2 2 10 26 26 33 34 34 49 49 45 58 58 55 45 45 42 42 16 10 10 11
 1 1 1 2 2 2 2 2 2 2 2 2 2 2 3 3 3 3 3 3 3 0 0 0 1 1 7 25 25 34 35 35 56 56 50 32 32 31 47 47 42 42 14 9 9 8
 1 1 1 2 2 2 5 5 2 2 2 1 1 3 3 3 2 2 2 2 2 1 0 0 2 2 10 24 24 31 35 35 35 35 52 31 31 30 20 20 15 15 7 7 7 6
 1 1 1 2 2 2 5 5 2 2 2 1 1 3 3 3 2 2 2 2 2 1 0 0 2 2 10 24 24 31 35 35 35 35 52 31 31 30 20 20 15 15 7 7 7 6
 1 1 1 2 2 1 4 4 2 2 1 41 41 44 42 42 42 42 1 1 1 1 2 2 4 4 15 27 27 33 35 35 35 35 34 30 30 27 12 12 13 13 6 6 6 9
 1 1 1 2 2 1 4 4 2 2 1 41 41 44 42 42 42 42 1 1 1 1 2 2 4 4 15 27 27 33 35 35 35 35 34 30 30 27 12 12 13 13 6 6 6 9
 1 1 2 4 4 3 2 2 2 2 41 42 42 44 41 41 41 41 1 1 1 1 2 2 9 9 21 31 31 34 31 31 28 28 22 16 16 13 10 10 8 8 7 9 9 14
 2 2 2 1 1 3 2 2 1 1 70 73 73 102 102 102 41 41 1 1 1 1 5 5 12 12 24 28 28 32 29 29 23 23 18 16 16 14 17 17 17 17 12 16 16 17
 2 2 2 1 1 3 2 2 1 1 70 73 73 102 102 102 41 41 1 1 1 1 5 5 12 12 24 28 28 32 29 29 23 23 18 16 16 14 17 17 17 17 12 16 16 17
 4 4 3 3 3 2 2 2 1 1 69 70 70 101 69 69 42 42 43 2 2 13 7 7 13 13 22 26 26 28 26 26 20 20 26 26 26 21 26 26 26 26 18 16 16 17
 3 3 2 2 2 30 30 30 0 0 0 40 40 68 74 74 47 47 51 15 15 13 7 7 12 12 15 24 24 30 26 26 21 21 21 24 24 29 31 31 26 26 21 17 17 18
 3 3 2 2 2 30 30 30 0 0 0 40 40 68 74 74 47 47 51 15 15 13 7 7 12 12 15 24 24 30 26 26 21 21 21 24 24 29 31 31 26 26 21 17 17 18
 2 2 2 2 2 30 30 30 25 25 4 0 0 1 6 6 6 6 9 4 4 3 4 4 9 9 12 18 18 24 25 25 20 20 18 24 24 30 30 30 24 24 24 18 18 20
 2 2 2 2 2 30 30 30 25 25 4 0 0 1 6 6 6 6 9 4 4 3 4 4 9 9 12 18 18 24 25 25 20 20 18 24 24 30 30 30 24 24 24 18 18 20
 0 0 1 1 1 1 54 54 28 28 22 2 2 3 2 2 3 3 4 4 4 5 4 4 6 6 9 16 16 28 33 33 29 29 23 26 26 31 29 29 22 22 21 17 17 20
 0 0 1 1 1 0 49 49 19 19 23 2 2 2 1 1 1 1 1 4 4 5 3 3 4 4 7 11 11 27 36 36 34 34 26 28 28 31 25 25 19 19 20 14 14 18
 0 0 1 1 1 0 49 49 19 19 23 2 2 2 1 1 1 1 1 4 4 5 3 3 4 4 7 11 11 27 36 36 34 34 26 28 28 31 25 25 19 19 20 14 14 18
 0 0 0 0 0 0 49 49 1 1 5 2 2 1 0 0 1 1 1 4 4 5 2 2 2 2 3 5 5 19 33 33 31 31 25 27 27 27 21 21 16 16 15 10 10 18
 0 0 0 0 0 0 0 0 1 1 1 1 1 0 0 0 0 0 1 2 2 3 2 2 1 1 1 2 2 9 21 21 23 23 19 19 19 23 17 17 13 13 14 11 11 18
 0 0 0 0 0 0 0 0 1 1 1 1 1 0 0 0 0 0 1 2 2 3 2 2 1 1 1 2 2 9 21 21 23 23 19 19 19 23 17 17 13 13 14 11 11 18
 0 0 0 0 0 0 0 0 0 0 0 0 0 0 0 0 0 0 1 1 1 1 1 1 0 0 1 4 4 8 14 14 13 13 13 14 14 17 18 18 15 15 12 11 11 16
 0 0 0 0 0 0 0 0 0 0 0 0 0 0 0 0 0 0 1 1 1 1 1 1 0 0 1 4 4 8 14 14 13 13 13 14 14 17 18 18 15 15 12 11 11 16
 0 0 0 0 0 0 0 0 0 0 0 0 0 1 0 0 1 1 3 1 1 0 1 1 0 0 1 5 5 7 11 11 10 10 14 15 15 11 16 16 11 11 9 9 9 11
 0 0 0 0 0 0 0 0 0 0 0 11 11 11 11 11 5 5 6 2 2 1 1 1 1 1 1 7 7 7 8 8 6 6 17 18 18 20 27 27 11 11 9 7 7 7
 0 0 0 0 0 0 0 0 0 0 0 11 11 11 11 11 5 5 6 2 2 1 1 1 1 1 1 7 7 7 8 8 6 6 17 18 18 20 27 27 11 11 9 7 7 7
 0 0 0 0 0 0 0 0 0 0 10 10 10 11 12 12 6 6 9 4 4 1 1 1 4 4 3 2 2 2 4 4 12 12 13 15 15 13 23 23 35 35 18 16 16 5
 0 0 0 0 0 0 0 0 0 0 10 10 10 10 2 2 6 6 10 6 6 3 4 4 5 5 6 4 4 2 5 5 14 14 3 9 9 10 27 27 32 32 20 16 16 5
 0 0 0 0 0 0 0 0 0 0 10 10 10 10 2 2 6 6 10 6 6 3 4 4 5 5 6 4 4 2 5 5 14 14 3 9 9 10 27 27 32 32 20 16 16 5
 0 0 0 0 0 0 1 1 0 0 0 0 0 1 3 3 7 7 9 3 3 3 1 1 3 3 11 12 12 3 12 12 12 12 4 12 12 6 23 23 24 24 35 35 35 16
 0 0 0 0 0 0 1 1 0 0 0 0 0 1 3 3 7 7 9 3 3 3 1 1 3 3 11 12 12 3 12 12 12 12 4 12 12 6 23 23 24 24 35 35 35 16
 0 0 0 0 0 0 0 0 0 0 0 0 0 0 1 1 6 6 7 3 3 1 1 1 4 4 15 14 14 5 4 4 2 2 2 10 10 11 28 28 24 24 30 12 12 15
 0 0 0 0 0 0 0 0 0 0 0 0 0 0 1 1 6 6 8 5 5 1 0 0 2 2 7 8 8 10 11 11 5 5 1 2 2 7 9 9 17 17 10 9 9 10
 0 0 0 0 0 0 0 0 0 0 0 0 0 0 1 1 6 6 8 5 5 1 0 0 2 2 7 8 8 10 11 11 5 5 1 2 2 7 9 9 17 17 10 9 9 10
 0 0 0 0 0 0 0 0 0 0 0 0 0 0 0 0 1 1 3 3 3 1 1 1 2 2 2 3 3 11 13 13 7 7 1 0 0 1 2 2 1 1 0 9 9 9
 0 0 0 0 0 0 1 1 0 0 0 0 0 0 0 0 1 1 1 1 1 0 1 1 1 1 1 1 1 7 12 12 7 7 2 0 0 0 0 0 0 0 0 7 7 1
