assets/RAT_results_old/precipitation/2023-09-01_IMERG.asc
ncols        46
nrows        77
xllcorner    74.800261325624
yllcorner    8.058333333333
cellsize     0.062500000000
NODATA_value -9999
 3 3 5 6 6 5 6 6 4 4 3 2 2 2 2 2 3 3 3 2 2 1 1 1 1 1 1 1 1 2 1 1 0 0 0 3 3 4 0 0 0 0 0 0 0 0
 2 2 3 4 4 5 7 7 8 8 7 4 4 2 2 2 5 5 6 3 3 2 2 2 2 2 3 3 3 4 3 3 2 2 4 2 2 4 1 1 1 1 1 1 1 1
 2 2 3 4 4 5 7 7 8 8 7 4 4 2 2 2 5 5 6 3 3 2 2 2 2 2 3 3 3 4 3 3 2 2 4 2 2 4 1 1 1 1 1 1 1 1
 1 1 2 2 2 2 4 4 6 6 6 4 4 3 3 3 3 3 6 3 3 4 3 3 5 5 9 13 13 11 4 4 4 4 9 6 6 31 29 29 5 5 4 4 4 3
 3 3 2 1 1 1 1 1 3 3 2 2 2 3 4 4 4 4 4 2 2 4 4 4 6 6 8 18 18 9 13 13 18 18 23 20 20 45 9 9 10 10 10 3 3 4
 3 3 2 1 1 1 1 1 3 3 2 2 2 3 4 4 4 4 4 2 2 4 4 4 6 6 8 18 18 9 13 13 18 18 23 20 20 45 9 9 10 10 10 3 3 4
 3 3 2 2 2 2 2 2 1 1 1 1 1 1 2 2 2 2 4 4 4 4 6 6 6 6 19 24 24 24 21 21 24 24 25 24 24 23 8 8 6 6 5 10 10 9
 3 3 2 2 2 2 2 2 1 1 1 1 1 1 2 2 2 2 4 4 4 4 6 6 6 6 19 24 24 24 21 21 24 24 25 24 24 23 8 8 6 6 5 10 10 9
 2 2 1 2 2 2 2 2 2 2 1 1 1 1 1 1 1 1 1 1 1 3 5 5 4 4 12 23 23 28 27 27 25 25 32 33 33 26 18 18 16 16 17 19 19 19
 3 3 2 2 2 2 2 2 2 2 2 1 1 1 0 0 0 0 0 0 0 1 4 4 5 5 10 11 11 20 23 23 28 28 30 30 30 30 20 20 17 17 18 22 22 18
 3 3 2 2 2 2 2 2 2 2 2 1 1 1 0 0 0 0 0 0 0 1 4 4 5 5 10 11 11 20 23 23 28 28 30 30 30 30 20 20 17 17 18 22 22 18
 3 3 2 2 2 1 1 1 1 1 1 0 0 1 1 1 0 0 0 0 0 1 1 1 0 0 2 2 2 6 19 19 28 28 31 32 32 32 30 30 28 28 22 31 31 44
 3 3 1 1 1 0 1 1 1 1 1 1 1 4 4 4 1 1 0 0 0 1 2 2 1 1 1 1 1 2 13 13 15 15 27 28 28 35 35 35 46 46 34 33 33 46
 3 3 1 1 1 0 1 1 1 1 1 1 1 4 4 4 1 1 0 0 0 1 2 2 1 1 1 1 1 2 13 13 15 15 27 28 28 35 35 35 46 46 34 33 33 46
 2 2 1 1 1 1 2 2 2 2 2 2 2 2 2 2 2 2 1 1 1 1 2 2 1 1 1 1 1 2 5 5 8 8 13 20 20 37 41 41 54 54 57 47 47 50
 2 2 1 1 1 1 2 2 2 2 2 2 2 2 2 2 2 2 1 1 1 1 2 2 1 1 1 1 1 2 5 5 8 8 13 20 20 37 41 41 54 54 57 47 47 50
 2 2 2 2 2 2 2 2 2 2 3 3 3 3 2 2 2 2 2 2 2 4 6 6 2 2 1 1 1 2 5 5 7 7 14 19 19 37 41 41 42 42 39 35 35 34
 2 2 2 2 2 3 3 3 1 1 3 3 3 3 2 2 2 2 2 3 3 2 3 3 2 2 1 1 1 1 3 3 4 4 6 12 12 14 22 22 33 33 33 36 36 48
 2 2 2 2 2 3 3 3 1 1 3 3 3 3 2 2 2 2 2 3 3 2 3 3 2 2 1 1 1 1 3 3 4 4 6 12 12 14 22 22 33 33 33 36 36 48
 3 3 3 4 4 4 4 4 2 2 1 2 2 2 2 2 2 2 2 3 3 2 1 1 2 2 2 1 1 1 2 2 2 2 3 7 7 8 13 13 11 11 19 14 14 12
 4 4 3 4 4 4 4 4 4 4 3 4 4 3 2 2 2 2 2 2 2 2 1 1 1 1 1 1 1 1 2 2 2 2 2 4 4 3 3 3 3 3 4 5 5 5
 4 4 3 4 4 4 4 4 4 4 3 4 4 3 2 2 2 2 2 2 2 2 1 1 1 1 1 1 1 1 2 2 2 2 2 4 4 3 3 3 3 3 4 5 5 5
 3 3 3 3 3 3 2 2 3 3 3 2 2 4 2 2 1 1 2 2 2 2 1 1 1 1 1 1 1 1 2 2 3 3 7 4 4 5 4 4 4 4 4 4 4 5
 3 3 3 3 3 3 2 2 3 3 3 2 2 4 2 2 1 1 2 2 2 2 1 1 1 1 1 1 1 1 2 2 3 3 7 4 4 5 4 4 4 4 4 4 4 5
 3 3 3 3 3 3 2 2 3 3 1 1 1 2 1 1 1 1 1 2 2 1 2 2 2 2 2 1 1 1 3 3 5 5 7 4 4 6 7 7 7 7 6 5 5 7
 3 3 3 2 2 3 2 2 3 3 2 1 1 1 1 1 1 1 1 1 1 1 2 2 2 2 1 1 1 3 4 4 4 4 3 2 2 4 7 7 7 7 5 5 5 7
 3 3 3 2 2 3 2 2 3 3 2 1 1 1 1 1 1 1 1 1 1 1 2 2 2 2 1 1 1 3 4 4 4 4 3 2 2 4 7 7 7 7 5 5 5 7
 2 2 2 2 2 4 3 3 3 3 3 1 1 4 1 1 1 1 1 2 2 4 4 4 2 2 1 2 2 4 5 5 6 6 2 4 4 8 14 14 17 17 8 5 5 4
 2 2 2 3 3 3 3 3 4 4 6 4 4 1 1 1 1 1 1 2 2 2 2 2 2 2 2 2 2 2 3 3 3 3 2 4 4 11 16 16 20 20 12 6 6 2
 2 2 2 3 3 3 3 3 4 4 6 4 4 1 1 1 1 1 1 2 2 2 2 2 2 2 2 2 2 2 3 3 3 3 2 4 4 11 16 16 20 20 12 6 6 2
 1 1 2 2 2 3 3 3 3 3 6 2 2 2 2 2 1 1 2 2 2 1 1 1 1 1 3 4 4 2 2 2 3 3 3 2 2 3 6 6 15 15 16 11 11 4
 1 1 2 2 2 3 3 3 3 3 6 2 2 2 2 2 1 1 2 2 2 1 1 1 1 1 3 4 4 2 2 2 3 3 3 2 2 3 6 6 15 15 16 11 11 4
 2 2 2 1 1 2 3 3 2 2 4 2 2 2 6 6 3 3 3 2 2 1 1 1 1 1 2 1 1 1 1 1 2 2 2 4 4 3 3 3 6 6 5 4 4 5
 2 2 2 2 2 3 6 6 3 3 2 2 2 2 3 3 2 2 4 4 4 3 1 1 3 3 1 1 1 2 2 2 2 2 3 4 4 4 3 3 4 4 11 11 11 18
 2 2 2 2 2 3 6 6 3 3 2 2 2 2 3 3 2 2 4 4 4 3 1 1 3 3 1 1 1 2 2 2 2 2 3 4 4 4 3 3 4 4 11 11 11 18
 3 3 3 2 2 6 5 5 2 2 2 1 1 2 5 5 2 2 13 4 4 3 2 2 1 1 1 2 2 5 4 4 3 3 4 4 4 6 5 5 5 5 12 28 28 25
 3 3 2 2 2 3 2 2 2 2 2 1 1 5 4 4 9 9 10 12 12 12 5 5 5 5 2 5 5 8 7 7 6 6 7 8 8 22 22 22 27 27 32 31 31 26
 3 3 2 2 2 3 2 2 2 2 2 1 1 5 4 4 9 9 10 12 12 12 5 5 5 5 2 5 5 8 7 7 6 6 7 8 8 22 22 22 27 27 32 31 31 26
 2 2 2 3 3 3 2 2 4 4 3 2 2 1 1 1 9 9 8 18 18 25 12 12 8 8 4 4 4 6 7 7 9 9 16 18 18 25 23 23 31 31 40 39 39 9
 2 2 2 3 3 3 2 2 4 4 3 2 2 1 1 1 9 9 8 18 18 25 12 12 8 8 4 4 4 6 7 7 9 9 16 18 18 25 23 23 31 31 40 39 39 9
 4 4 2 3 3 3 2 2 3 3 2 1 1 1 1 1 2 2 8 19 19 21 16 16 13 13 8 3 3 2 8 8 10 10 39 40 40 39 37 37 38 38 42 39 39 4
 7 7 3 3 3 2 3 3 3 3 1 1 1 1 3 3 1 1 1 7 7 20 11 11 11 11 5 4 4 4 33 33 38 38 39 40 40 38 45 45 42 42 43 11 11 5
 7 7 3 3 3 2 3 3 3 3 1 1 1 1 3 3 1 1 1 7 7 20 11 11 11 11 5 4 4 4 33 33 38 38 39 40 40 38 45 45 42 42 43 11 11 5
 10 10 2 3 3 4 3 3 2 2 2 1 1 1 3 3 2 2 1 8 8 8 5 5 6 6 4 2 2 4 33 33 37 37 20 35 35 34 38 38 42 42 50 19 19 10
 7 7 2 3 3 3 6 6 2 2 2 1 1 1 2 2 2 2 9 10 10 9 8 8 6 6 10 3 3 6 34 34 16 16 17 32 32 9 33 33 40 40 48 16 16 9
 7 7 2 3 3 3 6 6 2 2 2 1 1 1 2 2 2 2 9 10 10 9 8 8 6 6 10 3 3 6 34 34 16 16 17 32 32 9 33 33 40 40 48 16 16 9
 3 3 3 4 4 2 2 2 2 2 2 1 1 1 2 2 2 2 27 29 29 20 27 27 22 22 15 9 9 7 33 33 33 33 18 9 9 9 32 32 35 35 17 17 17 5
 3 3 3 4 4 2 2 2 2 2 2 1 1 1 2 2 2 2 27 29 29 20 27 27 22 22 15 9 9 7 33 33 33 33 18 9 9 9 32 32 35 35 17 17 17 5
 3 3 3 4 4 2 2 2 2 2 1 1 1 1 1 1 2 2 6 31 31 22 23 23 32 32 21 29 29 23 21 21 33 33 18 10 10 4 5 5 6 6 12 14 14 4
 4 4 7 7 7 5 3 3 3 3 1 1 1 1 1 1 2 2 8 27 27 42 50 50 41 41 47 45 45 47 39 39 35 35 10 10 10 3 3 3 5 5 10 14 14 8
 4 4 7 7 7 5 3 3 3 3 1 1 1 1 1 1 2 2 8 27 27 42 50 50 41 41 47 45 45 47 39 39 35 35 10 10 10 3 3 3 5 5 10 14 14 8
 6 6 7 9 9 5 3 3 3 3 2 1 1 1 1 1 4 4 5 33 33 45 49 49 41 41 43 64 64 65 51 51 33 33 24 16 16 3 3 3 6 6 10 12 12 7
 4 4 6 6 6 7 3 3 3 3 3 2 2 2 2 2 5 5 6 32 32 46 49 49 39 39 43 63 63 63 57 57 41 41 24 16 16 17 2 2 4 4 10 11 11 9
 4 4 6 6 6 7 3 3 3 3 3 2 2 2 2 2 5 5 6 32 32 46 49 49 39 39 43 63 63 63 57 57 41 41 24 16 16 17 2 2 4 4 10 11 11 9
 5 5 5 5 5 8 6 6 4 4 3 3 3 3 4 4 6 6 7 15 15 17 41 41 42 42 39 68 68 63 54 54 51 51 43 24 24 21 4 4 9 9 2 3 3 2
 5 5 5 5 5 8 6 6 4 4 3 3 3 3 4 4 6 6 7 15 15 17 41 41 42 42 39 68 68 63 54 54 51 51 43 24 24 21 4 4 9 9 2 3 3 2
 5 5 5 5 5 6 4 4 6 6 4 4 4 3 3 3 5 5 8 10 10 17 38 38 35 35 38 50 50 48 47 47 49 49 54 27 27 25 12 12 12 12 1 1 1 0
 8 8 7 5 5 7 7 7 6 6 6 3 3 4 4 4 5 5 9 10 10 13 27 27 31 31 26 44 44 48 31 31 38 38 43 32 32 25 11 11 3 3 1 1 1 1
 8 8 7 5 5 7 7 7 6 6 6 3 3 4 4 4 5 5 9 10 10 13 27 27 31 31 26 44 44 48 31 31 38 38 43 32 32 25 11 11 3 3 1 1 1 1
 10 10 19 6 6 6 7 7 5 5 6 3 3 4 4 4 4 4 6 7 7 9 20 20 26 26 28 26 26 35 36 36 31 31 28 23 23 11 5 5 3 3 2 2 2 1
 22 22 30 9 9 6 7 7 5 5 4 4 4 4 4 4 5 5 7 7 7 8 19 19 19 19 21 26 26 28 28 28 22 22 27 22 22 38 37 37 6 6 6 5 5 4
 22 22 30 9 9 6 7 7 5 5 4 4 4 4 4 4 5 5 7 7 7 8 19 19 19 19 21 26 26 28 28 28 22 22 27 22 22 38 37 37 6 6 6 5 5 4
 10 10 17 11 11 5 6 6 8 8 5 4 4 4 4 4 4 4 6 6 6 7 8 8 18 18 18 19 19 29 30 30 20 20 19 44 44 40 39 39 6 6 7 6 6 11
 10 10 17 11 11 5 6 6 8 8 5 4 4 4 4 4 4 4 6 6 6 7 8 8 18 18 18 19 19 29 30 30 20 20 19 44 44 40 39 39 6 6 7 6 6 11
 15 15 11 9 9 6 8 8 8 8 9 5 5 4 4 4 3 3 5 6 6 5 6 6 11 11 13 13 13 20 19 19 20 20 16 26 26 40 39 39 10 10 9 9 9 8
 18 18 12 8 8 6 8 8 12 12 19 13 13 2 5 5 4 4 4 5 5 5 6 6 11 11 11 8 8 13 19 19 22 22 16 28 28 25 26 26 10 10 6 2 2 1
 18 18 12 8 8 6 8 8 12 12 19 13 13 2 5 5 4 4 4 5 5 5 6 6 11 11 11 8 8 13 19 19 22 22 16 28 28 25 26 26 10 10 6 2 2 1
 15 15 14 10 10 13 8 8 14 14 16 13 13 4 4 4 5 5 5 4 4 5 5 5 6 6 5 7 7 8 19 19 18 18 25 29 29 30 31 31 19 19 5 0 0 0
 14 14 20 15 15 33 19 19 15 15 16 13 13 7 7 7 8 8 6 5 5 5 4 4 4 4 6 4 4 3 14 14 14 14 18 29 29 23 22 22 22 22 7 0 0 0
 14 14 20 15 15 33 19 19 15 15 16 13 13 7 7 7 8 8 6 5 5 5 4 4 4 4 6 4 4 3 14 14 14 14 18 29 29 23 22 22 22 22 7 0 0 0
 19 19 21 25 25 45 31 31 26 26 20 11 11 8 7 7 6 6 6 5 5 5 5 5 4 4 4 5 5 4 15 15 13 13 10 16 16 17 17 17 19 19 2 1 1 0
 19 19 21 25 25 45 31 31 26 26 20 11 11 8 7 7 6 6 6 5 5 5 5 5 4 4 4 5 5 4 15 15 13 13 10 16 16 17 17 17 19 19 2 1 1 0
 28 28 16 24 24 37 35 35 34 34 22 10 10 8 8 8 6 6 7 8 8 8 12 12 6 6 4 5 5 4 9 9 9 9 8 7 7 7 5 5 4 4 1 0 0 1
 19 19 17 21 21 21 30 30 20 20 13 5 5 8 6 6 7 7 9 11 11 10 13 13 12 12 10 3 3 4 4 4 4 4 3 2 2 5 2 2 0 0 0 0 0 1
 19 19 17 21 21 21 30 30 20 20 13 5 5 8 6 6 7 7 9 11 11 10 13 13 12 12 10 3 3 4 4 4 4 4 3 2 2 5 2 2 0 0 0 0 0 1
 15 15 16 19 19 24 29 29 14 14 9 6 6 9 12 12 10 10 10 12 12 12 20 20 20 20 14 16 16 5 2 2 4 4 3 3 3 0 0 0 1 1 0 0 0 0
 16 16 17 19 19 33 31 31 15 15 10 6 6 8 11 11 9 9 11 18 18 18 24 24 19 19 19 18 18 15 18 18 7 7 6 5 5 3 1 1 0 0 0 0 0 0
