assets/RAT_results_old/precipitation/2023-06-11_IMERG.asc
ncols        46
nrows        77
xllcorner    74.800261325624
yllcorner    8.058333333333
cellsize     0.062500000000
NODATA_value -9999
 27 27 32 29 29 17 9 9 9 9 8 7 7 11 20 20 9 9 0 0 0 0 0 0 0 0 0 0 0 0 2 2 0 0 0 0 0 0 0 0 0 0 0 0 0 0
 29 29 36 24 24 25 11 11 12 12 9 16 16 21 24 24 13 13 10 0 0 1 2 2 1 1 1 0 0 0 0 0 0 0 0 0 0 0 0 0 0 0 0 0 0 0
 29 29 36 24 24 25 11 11 12 12 9 16 16 21 24 24 13 13 10 0 0 1 2 2 1 1 1 0 0 0 0 0 0 0 0 0 0 0 0 0 0 0 0 0 0 0
 30 30 25 24 24 20 7 7 10 10 9 15 15 30 38 38 28 28 24 6 6 0 2 2 3 3 0 0 0 0 0 0 0 0 0 1 1 1 0 0 0 0 0 0 0 0
 14 14 23 27 27 9 3 3 3 3 8 23 23 23 35 35 25 25 27 2 2 0 2 2 6 6 2 0 0 0 0 0 0 0 0 1 1 1 1 1 0 0 0 0 0 0
 14 14 23 27 27 9 3 3 3 3 8 23 23 23 35 35 25 25 27 2 2 0 2 2 6 6 2 0 0 0 0 0 0 0 0 1 1 1 1 1 0 0 0 0 0 0
 26 26 29 25 25 10 4 4 3 3 11 13 13 20 22 22 17 17 15 1 1 2 3 3 1 1 1 0 0 0 0 0 0 0 0 0 0 0 0 0 1 1 2 0 0 0
 26 26 29 25 25 10 4 4 3 3 11 13 13 20 22 22 17 17 15 1 1 2 3 3 1 1 1 0 0 0 0 0 0 0 0 0 0 0 0 0 1 1 2 0 0 0
 72 72 77 23 23 17 14 14 7 7 13 15 15 24 26 26 14 14 6 4 4 5 1 1 1 1 1 0 0 0 0 0 0 0 0 0 0 0 0 0 1 1 1 0 0 0
 86 86 116 63 63 29 23 23 14 14 20 23 23 25 16 16 12 12 7 8 8 0 0 0 0 0 0 0 0 0 0 0 0 0 0 0 0 0 0 0 0 0 0 0 0 0
 86 86 116 63 63 29 23 23 14 14 20 23 23 25 16 16 12 12 7 8 8 0 0 0 0 0 0 0 0 0 0 0 0 0 0 0 0 0 0 0 0 0 0 0 0 0
 82 82 84 27 27 28 25 25 17 17 22 21 21 26 25 25 22 22 12 4 4 0 0 0 0 0 0 0 0 0 1 1 1 1 0 0 0 0 0 0 0 0 0 0 0 0
 59 59 51 34 34 20 24 24 29 29 25 22 22 28 27 27 23 23 18 3 3 0 0 0 0 0 0 1 1 0 1 1 0 0 0 0 0 0 0 0 0 0 0 0 0 3
 59 59 51 34 34 20 24 24 29 29 25 22 22 28 27 27 23 23 18 3 3 0 0 0 0 0 0 1 1 0 1 1 0 0 0 0 0 0 0 0 0 0 0 0 0 3
 19 19 24 27 27 27 25 25 30 30 21 20 20 22 22 22 15 15 11 0 0 0 0 0 0 0 0 0 0 0 0 0 0 0 1 0 0 0 0 0 0 0 0 1 1 0
 19 19 24 27 27 27 25 25 30 30 21 20 20 22 22 22 15 15 11 0 0 0 0 0 0 0 0 0 0 0 0 0 0 0 1 0 0 0 0 0 0 0 0 1 1 0
 26 26 28 20 20 26 37 37 57 57 24 18 18 17 6 6 1 1 2 0 0 0 0 0 0 0 0 0 0 0 0 0 1 1 2 0 0 0 1 1 0 0 0 0 0 4
 22 22 21 20 20 19 27 27 43 43 16 13 13 6 4 4 0 0 2 2 2 0 0 0 0 0 0 0 0 0 0 0 0 0 0 0 0 0 0 0 0 0 0 0 0 1
 22 22 21 20 20 19 27 27 43 43 16 13 13 6 4 4 0 0 2 2 2 0 0 0 0 0 0 0 0 0 0 0 0 0 0 0 0 0 0 0 0 0 0 0 0 1
 15 15 18 17 17 35 33 33 44 44 48 7 7 7 11 11 2 2 4 4 4 0 0 0 0 0 0 0 0 0 0 0 0 0 0 0 0 0 0 0 0 0 0 0 0 0
 16 16 16 25 25 48 24 24 19 19 21 8 8 9 11 11 11 11 6 1 1 0 1 1 5 5 0 0 0 0 0 0 0 0 0 0 0 0 0 0 0 0 0 0 0 0
 16 16 16 25 25 48 24 24 19 19 21 8 8 9 11 11 11 11 6 1 1 0 1 1 5 5 0 0 0 0 0 0 0 0 0 0 0 0 0 0 0 0 0 0 0 0
 15 15 18 24 24 40 21 21 25 25 39 16 16 18 17 17 17 17 6 1 1 0 1 1 2 2 3 3 3 0 0 0 0 0 0 0 0 0 0 0 0 0 0 0 0 0
 15 15 18 24 24 40 21 21 25 25 39 16 16 18 17 17 17 17 6 1 1 0 1 1 2 2 3 3 3 0 0 0 0 0 0 0 0 0 0 0 0 0 0 0 0 0
 32 32 36 32 32 37 37 37 62 62 59 36 36 51 25 25 22 22 17 6 6 2 1 1 1 1 9 9 9 1 0 0 0 0 0 0 0 0 0 0 0 0 0 0 0 0
 28 28 30 45 45 45 52 52 98 98 77 40 40 68 51 51 33 33 11 7 7 3 3 3 9 9 8 8 8 0 0 0 0 0 0 0 0 0 0 0 0 0 0 0 0 0
 28 28 30 45 45 45 52 52 98 98 77 40 40 68 51 51 33 33 11 7 7 3 3 3 9 9 8 8 8 0 0 0 0 0 0 0 0 0 0 0 0 0 0 0 0 0
 29 29 27 46 46 50 77 77 87 87 88 77 77 79 28 28 20 20 22 10 10 9 7 7 12 12 12 0 0 0 0 0 0 0 0 0 0 0 0 0 0 0 0 0 0 0
 36 36 33 52 52 62 94 94 97 97 65 75 75 51 16 16 14 14 15 24 24 24 34 34 16 16 26 15 15 0 0 0 0 0 0 0 0 0 0 0 0 0 0 0 0 0
 36 36 33 52 52 62 94 94 97 97 65 75 75 51 16 16 14 14 15 24 24 24 34 34 16 16 26 15 15 0 0 0 0 0 0 0 0 0 0 0 0 0 0 0 0 0
 45 45 50 53 53 63 105 105 100 100 67 61 61 40 8 8 8 8 21 27 27 26 34 34 28 28 37 6 6 2 0 0 0 0 0 0 0 0 0 0 0 0 0 0 0 0
 45 45 50 53 53 63 105 105 100 100 67 61 61 40 8 8 8 8 21 27 27 26 34 34 28 28 37 6 6 2 0 0 0 0 0 0 0 0 0 0 0 0 0 0 0 0
 41 41 53 51 51 55 100 100 101 101 59 62 62 27 7 7 8 8 17 18 18 26 44 44 30 30 18 7 7 7 3 3 0 0 0 0 0 0 0 0 0 0 0 0 0 0
 48 48 51 45 45 53 42 42 46 46 48 46 46 33 26 26 23 23 24 21 21 19 26 26 10 10 15 15 15 14 11 11 0 0 0 0 0 0 0 0 0 0 0 0 0 0
 48 48 51 45 45 53 42 42 46 46 48 46 46 33 26 26 23 23 24 21 21 19 26 26 10 10 15 15 15 14 11 11 0 0 0 0 0 0 0 0 0 0 0 0 0 0
 15 15 23 23 23 39 37 37 47 47 46 47 47 81 80 80 13 13 19 21 21 13 14 14 12 12 15 11 11 7 2 2 0 0 0 0 0 0 0 0 0 0 0 0 0 1
 9 9 18 17 17 26 29 29 40 40 38 46 46 84 86 86 22 22 20 22 22 12 6 6 11 11 11 9 9 4 0 0 0 0 0 0 0 0 0 0 0 0 0 0 0 0
 9 9 18 17 17 26 29 29 40 40 38 46 46 84 86 86 22 22 20 22 22 12 6 6 11 11 11 9 9 4 0 0 0 0 0 0 0 0 0 0 0 0 0 0 0 0
 6 6 7 9 9 11 14 14 36 36 42 44 44 43 42 42 12 12 11 13 13 19 8 8 16 16 5 4 4 0 0 0 0 0 0 0 0 0 0 0 0 0 0 0 0 1
 6 6 7 9 9 11 14 14 36 36 42 44 44 43 42 42 12 12 11 13 13 19 8 8 16 16 5 4 4 0 0 0 0 0 0 0 0 0 0 0 0 0 0 0 0 1
 10 10 10 13 13 10 10 10 20 20 24 13 13 14 35 35 9 9 12 18 18 18 12 12 6 6 4 4 4 0 0 0 0 0 0 0 0 0 0 0 0 0 0 1 1 1
 11 11 13 13 13 9 10 10 13 13 24 17 17 21 21 21 10 10 11 18 18 13 8 8 5 5 4 0 0 0 0 0 0 0 0 0 0 0 0 0 0 0 0 1 1 1
 11 11 13 13 13 9 10 10 13 13 24 17 17 21 21 21 10 10 11 18 18 13 8 8 5 5 4 0 0 0 0 0 0 0 0 0 0 0 0 0 0 0 0 1 1 1
 9 9 11 10 10 10 13 13 18 18 19 23 23 28 34 34 16 16 14 18 18 7 5 5 5 5 4 1 1 2 2 2 0 0 0 0 0 0 0 0 0 0 0 0 0 1
 8 8 13 14 14 14 15 15 20 20 22 35 35 36 31 31 14 14 19 21 21 14 6 6 6 6 5 1 1 2 1 1 0 0 0 0 0 0 0 0 0 0 0 0 0 0
 8 8 13 14 14 14 15 15 20 20 22 35 35 36 31 31 14 14 19 21 21 14 6 6 6 6 5 1 1 2 1 1 0 0 0 0 0 0 0 0 0 0 0 0 0 0
 10 10 16 22 22 20 23 23 23 23 26 35 35 41 23 23 17 17 13 13 13 11 5 5 6 6 6 2 2 1 1 1 1 1 0 0 0 0 0 0 0 0 0 0 0 0
 10 10 16 22 22 20 23 23 23 23 26 35 35 41 23 23 17 17 13 13 13 11 5 5 6 6 6 2 2 1 1 1 1 1 0 0 0 0 0 0 0 0 0 0 0 0
 9 9 15 18 18 21 27 27 31 31 46 45 45 42 16 16 12 12 9 7 7 3 6 6 6 6 1 1 1 0 0 0 0 0 0 0 0 0 0 0 0 0 0 0 0 0
 14 14 17 16 16 17 26 26 33 33 39 40 40 35 25 25 20 20 17 12 12 7 6 6 6 6 3 3 3 1 0 0 0 0 0 0 0 0 0 0 0 0 0 0 0 0
 14 14 17 16 16 17 26 26 33 33 39 40 40 35 25 25 20 20 17 12 12 7 6 6 6 6 3 3 3 1 0 0 0 0 0 0 0 0 0 0 0 0 0 0 0 0
 20 20 21 18 18 16 17 17 34 34 31 31 31 36 32 32 42 42 31 27 27 10 9 9 17 17 6 5 5 2 0 0 0 0 0 0 0 0 0 0 0 0 0 0 0 0
 20 20 18 11 11 11 14 14 22 22 20 13 13 23 32 32 57 57 87 77 77 75 61 61 17 17 10 8 8 5 0 0 0 0 0 0 0 0 0 0 0 0 0 0 0 0
 20 20 18 11 11 11 14 14 22 22 20 13 13 23 32 32 57 57 87 77 77 75 61 61 17 17 10 8 8 5 0 0 0 0 0 0 0 0 0 0 0 0 0 0 0 0
 24 24 26 18 18 19 19 19 24 24 20 23 23 22 31 31 55 55 82 69 69 74 116 116 50 50 65 28 28 13 9 9 0 0 7 8 8 2 2 2 0 0 0 0 0 0
 24 24 26 18 18 19 19 19 24 24 20 23 23 22 31 31 55 55 82 69 69 74 116 116 50 50 65 28 28 13 9 9 0 0 7 8 8 2 2 2 0 0 0 0 0 0
 25 25 31 23 23 27 24 24 25 25 21 34 34 29 37 37 52 52 61 70 70 89 110 110 68 68 55 25 25 7 11 11 5 5 8 9 9 3 4 4 6 6 0 0 0 0
 57 57 54 46 46 40 28 28 28 28 25 41 41 32 40 40 59 59 35 40 40 61 90 90 72 72 45 22 22 9 15 15 9 9 17 4 4 5 8 8 3 3 0 0 0 0
 57 57 54 46 46 40 28 28 28 28 25 41 41 32 40 40 59 59 35 40 40 61 90 90 72 72 45 22 22 9 15 15 9 9 17 4 4 5 8 8 3 3 0 0 0 0
 72 72 71 60 60 37 34 34 20 20 21 25 25 22 21 21 20 20 24 41 41 39 29 29 18 18 9 8 8 4 10 10 10 10 16 15 15 5 11 11 0 0 0 0 0 0
 59 59 54 58 58 47 33 33 19 19 17 22 22 24 22 22 13 13 19 14 14 13 23 23 14 14 19 11 11 11 6 6 10 10 17 14 14 1 0 0 0 0 0 0 0 0
 59 59 54 58 58 47 33 33 19 19 17 22 22 24 22 22 13 13 19 14 14 13 23 23 14 14 19 11 11 11 6 6 10 10 17 14 14 1 0 0 0 0 0 0 0 0
 36 36 30 40 40 34 26 26 18 18 16 27 27 22 22 22 21 21 24 23 23 22 33 33 31 31 32 28 28 21 9 9 10 10 8 7 7 3 4 4 0 0 0 0 0 0
 36 36 30 40 40 34 26 26 18 18 16 27 27 22 22 22 21 21 24 23 23 22 33 33 31 31 32 28 28 21 9 9 10 10 8 7 7 3 4 4 0 0 0 0 0 0
 24 24 27 42 42 43 21 21 17 17 16 22 22 21 21 21 21 21 28 29 29 22 34 34 32 32 30 30 30 30 15 15 34 34 39 31 31 1 1 1 0 0 0 0 0 0
 17 17 21 30 30 35 23 23 17 17 20 20 20 18 19 19 20 20 26 26 26 37 46 46 44 44 36 39 39 38 27 27 23 23 38 28 28 8 8 8 8 8 0 0 0 0
 17 17 21 30 30 35 23 23 17 17 20 20 20 18 19 19 20 20 26 26 26 37 46 46 44 44 36 39 39 38 27 27 23 23 38 28 28 8 8 8 8 8 0 0 0 0
 14 14 19 34 34 28 27 27 20 20 16 28 28 26 13 13 16 16 21 21 21 24 24 24 26 26 18 35 35 48 25 25 25 25 24 18 18 6 4 4 8 8 0 0 0 0
 10 10 23 28 28 25 23 23 16 16 10 11 11 23 10 10 7 7 10 25 25 24 21 21 27 27 22 28 28 19 15 15 10 10 7 11 11 4 6 6 4 4 0 0 0 0
 10 10 23 28 28 25 23 23 16 16 10 11 11 23 10 10 7 7 10 25 25 24 21 21 27 27 22 28 28 19 15 15 10 10 7 11 11 4 6 6 4 4 0 0 0 0
 14 14 16 20 20 21 18 18 13 13 8 8 8 20 13 13 8 8 10 10 10 13 13 13 11 11 18 50 50 18 13 13 12 12 2 1 1 1 4 4 0 0 0 0 0 0
 14 14 16 20 20 21 18 18 13 13 8 8 8 20 13 13 8 8 10 10 10 13 13 13 11 11 18 50 50 18 13 13 12 12 2 1 1 1 4 4 0 0 0 0 0 0
 9 9 8 11 11 16 18 18 14 14 9 11 11 22 12 12 7 7 7 11 11 12 16 16 12 12 14 57 57 17 1 1 0 0 1 0 0 0 0 0 0 0 0 0 0 0
 3 3 4 9 9 10 11 11 15 15 10 13 13 19 15 15 9 9 9 16 16 17 17 17 11 11 10 9 9 9 1 1 0 0 0 0 0 0 0 0 0 0 0 0 0 0
 3 3 4 9 9 10 11 11 15 15 10 13 13 19 15 15 9 9 9 16 16 17 17 17 11 11 10 9 9 9 1 1 0 0 0 0 0 0 0 0 0 0 0 0 0 0
 2 2 3 10 10 12 11 11 13 13 10 18 18 16 10 10 8 8 9 14 14 13 9 9 5 5 6 8 8 5 2 2 1 1 0 0 0 0 0 0 0 0 0 0 0 0
 2 2 5 13 13 13 14 14 12 12 18 22 22 9 7 7 9 9 9 11 11 8 5 5 4 4 6 8 8 5 2 2 1 1 0 0 0 0 0 0 0 0 0 0 0 0
