assets/RAT_results_old/precipitation/2023-06-27_IMERG.asc
ncols        46
nrows        77
xllcorner    74.800261325624
yllcorner    8.058333333333
cellsize     0.062500000000
NODATA_value -9999
 49 49 34 21 21 6 4 4 3 3 3 1 1 3 3 3 1 1 0 0 0 0 0 0 0 0 1 0 0 0 0 0 0 0 0 1 1 0 0 0 0 0 0 1 1 0
 47 47 40 19 19 6 4 4 3 3 5 2 2 3 3 3 1 1 0 0 0 1 1 1 0 0 1 0 0 0 0 0 0 0 0 1 1 1 0 0 0 0 1 4 4 1
 47 47 40 19 19 6 4 4 3 3 5 2 2 3 3 3 1 1 0 0 0 1 1 1 0 0 1 0 0 0 0 0 0 0 0 1 1 1 0 0 0 0 1 4 4 1
 51 51 45 18 18 14 6 6 6 6 5 5 5 5 4 4 1 1 1 0 0 1 1 1 1 1 1 0 0 0 0 0 0 0 1 1 1 1 0 0 0 0 1 2 2 1
 52 52 26 14 14 14 6 6 5 5 6 5 5 3 2 2 1 1 0 1 1 1 1 1 1 1 1 0 0 1 0 0 1 1 1 1 1 1 1 1 1 1 1 1 1 1
 52 52 26 14 14 14 6 6 5 5 6 5 5 3 2 2 1 1 0 1 1 1 1 1 1 1 1 0 0 1 0 0 1 1 1 1 1 1 1 1 1 1 1 1 1 1
 19 19 21 12 12 12 10 10 7 7 4 2 2 2 1 1 1 1 0 0 0 1 2 2 1 1 0 0 0 1 1 1 0 0 0 1 1 1 0 0 1 1 1 0 0 0
 19 19 21 12 12 12 10 10 7 7 4 2 2 2 1 1 1 1 0 0 0 1 2 2 1 1 0 0 0 1 1 1 0 0 0 1 1 1 0 0 1 1 1 0 0 0
 22 22 18 14 14 12 11 11 6 6 4 2 2 2 2 2 2 2 1 1 1 0 1 1 1 1 1 1 1 1 1 1 0 0 1 1 1 1 0 0 0 0 0 0 0 0
 21 21 14 14 14 13 14 14 9 9 7 6 6 4 3 3 2 2 1 1 1 1 1 1 1 1 0 0 0 2 1 1 1 1 1 1 1 1 1 1 1 1 0 0 0 0
 21 21 14 14 14 13 14 14 9 9 7 6 6 4 3 3 2 2 1 1 1 1 1 1 1 1 0 0 0 2 1 1 1 1 1 1 1 1 1 1 1 1 0 0 0 0
 14 14 13 16 16 18 16 16 12 12 10 9 9 5 3 3 2 2 2 1 1 1 1 1 1 1 1 1 1 2 1 1 1 1 0 0 0 1 0 0 0 0 1 1 1 1
 11 11 12 14 14 17 18 18 14 14 13 12 12 8 3 3 3 3 2 1 1 1 2 2 2 2 1 1 1 2 1 1 0 0 0 1 1 1 1 1 1 1 1 2 2 1
 11 11 12 14 14 17 18 18 14 14 13 12 12 8 3 3 3 3 2 1 1 1 2 2 2 2 1 1 1 2 1 1 0 0 0 1 1 1 1 1 1 1 1 2 2 1
 11 11 13 15 15 15 22 22 23 23 20 16 16 8 6 6 5 5 5 3 3 3 3 3 3 3 1 1 1 1 1 1 0 0 0 1 1 1 1 1 1 1 1 1 1 2
 11 11 13 15 15 15 22 22 23 23 20 16 16 8 6 6 5 5 5 3 3 3 3 3 3 3 1 1 1 1 1 1 0 0 0 1 1 1 1 1 1 1 1 1 1 2
 11 11 11 13 13 15 19 19 20 20 22 16 16 11 5 5 5 5 4 3 3 4 3 3 1 1 0 1 1 1 2 2 1 1 0 1 1 1 1 1 1 1 1 1 1 2
 7 7 8 12 12 12 9 9 15 15 17 15 15 12 6 6 6 6 2 1 1 6 2 2 2 2 1 1 1 1 2 2 1 1 2 1 1 2 2 2 1 1 2 1 1 2
 7 7 8 12 12 12 9 9 15 15 17 15 15 12 6 6 6 6 2 1 1 6 2 2 2 2 1 1 1 1 2 2 1 1 2 1 1 2 2 2 1 1 2 1 1 2
 5 5 7 9 9 10 13 13 16 16 14 15 15 15 6 6 2 2 2 1 1 1 1 1 2 2 2 1 1 1 1 1 2 2 3 2 2 2 2 2 2 2 2 3 3 3
 8 8 11 14 14 10 12 12 11 11 15 21 21 25 14 14 5 5 3 5 5 2 1 1 2 2 2 1 1 2 2 2 5 5 6 5 5 4 3 3 3 3 3 2 2 2
 8 8 11 14 14 10 12 12 11 11 15 21 21 25 14 14 5 5 3 5 5 2 1 1 2 2 2 1 1 2 2 2 5 5 6 5 5 4 3 3 3 3 3 2 2 2
 10 10 14 19 19 23 21 21 15 15 15 11 11 14 16 16 7 7 6 6 6 5 5 5 4 4 3 3 3 4 4 4 5 5 4 6 6 5 3 3 1 1 2 2 2 2
 10 10 14 19 19 23 21 21 15 15 15 11 11 14 16 16 7 7 6 6 6 5 5 5 4 4 3 3 3 4 4 4 5 5 4 6 6 5 3 3 1 1 2 2 2 2
 13 13 20 22 22 28 26 26 21 21 14 11 11 14 15 15 13 13 7 4 4 5 7 7 6 6 5 5 5 5 4 4 4 4 3 5 5 4 3 3 1 1 1 1 1 1
 22 22 23 26 26 28 31 31 29 29 26 13 13 12 15 15 11 11 9 3 3 6 7 7 7 7 6 6 6 6 3 3 2 2 3 4 4 5 2 2 1 1 1 0 0 0
 22 22 23 26 26 28 31 31 29 29 26 13 13 12 15 15 11 11 9 3 3 6 7 7 7 7 6 6 6 6 3 3 2 2 3 4 4 5 2 2 1 1 1 0 0 0
 28 28 27 31 31 36 40 40 41 41 33 28 28 18 18 18 9 9 9 6 6 5 6 6 6 6 6 6 6 6 3 3 3 3 4 3 3 3 1 1 1 1 0 0 0 0
 22 22 23 33 33 43 46 46 41 41 40 41 41 25 23 23 15 15 11 8 8 6 5 5 5 5 4 6 6 8 6 6 4 4 3 2 2 1 1 1 0 0 0 0 0 0
 22 22 23 33 33 43 46 46 41 41 40 41 41 25 23 23 15 15 11 8 8 6 5 5 5 5 4 6 6 8 6 6 4 4 3 2 2 1 1 1 0 0 0 0 0 0
 30 30 28 38 38 47 46 46 51 51 53 56 56 31 25 25 23 23 15 13 13 11 10 10 7 7 4 5 5 5 3 3 1 1 1 1 1 0 0 0 0 0 0 0 0 0
 30 30 28 38 38 47 46 46 51 51 53 56 56 31 25 25 23 23 15 13 13 11 10 10 7 7 4 5 5 5 3 3 1 1 1 1 1 0 0 0 0 0 0 0 0 0
 53 53 58 47 47 50 51 51 53 53 59 63 63 45 25 25 23 23 18 21 21 20 16 16 11 11 4 4 4 3 2 2 0 0 2 0 0 0 0 0 0 0 0 0 0 0
 54 54 64 64 64 44 43 43 43 43 40 44 44 43 39 39 56 56 40 25 25 19 20 20 7 7 2 1 1 1 0 0 0 0 0 0 0 0 0 0 0 0 0 0 0 0
 54 54 64 64 64 44 43 43 43 43 40 44 44 43 39 39 56 56 40 25 25 19 20 20 7 7 2 1 1 1 0 0 0 0 0 0 0 0 0 0 0 0 0 0 0 0
 56 56 51 59 59 51 38 38 33 33 33 31 31 19 32 32 52 52 37 21 21 21 21 21 6 6 0 0 0 0 0 0 0 0 0 0 0 0 0 0 0 0 0 0 0 0
 38 38 50 53 53 38 30 30 23 23 29 24 24 21 17 17 10 10 10 13 13 16 19 19 4 4 0 0 0 0 0 0 0 0 0 0 0 0 0 0 0 0 0 0 0 0
 38 38 50 53 53 38 30 30 23 23 29 24 24 21 17 17 10 10 10 13 13 16 19 19 4 4 0 0 0 0 0 0 0 0 0 0 0 0 0 0 0 0 0 0 0 0
 36 36 39 54 54 33 25 25 19 19 19 23 23 24 21 21 6 6 11 11 11 12 7 7 4 4 4 2 2 1 0 0 0 0 0 0 0 0 1 1 0 0 0 0 0 0
 36 36 39 54 54 33 25 25 19 19 19 23 23 24 21 21 6 6 11 11 11 12 7 7 4 4 4 2 2 1 0 0 0 0 0 0 0 0 1 1 0 0 0 0 0 0
 32 32 39 46 46 38 24 24 22 22 15 23 23 30 31 31 19 19 19 9 9 12 9 9 6 6 4 2 2 2 0 0 0 0 0 0 0 1 2 2 0 0 0 0 0 1
 26 26 26 24 24 23 20 20 19 19 17 22 22 29 40 40 22 22 25 16 16 15 8 8 10 10 5 5 5 0 1 1 0 0 1 2 2 3 2 2 1 1 0 1 1 3
 26 26 26 24 24 23 20 20 19 19 17 22 22 29 40 40 22 22 25 16 16 15 8 8 10 10 5 5 5 0 1 1 0 0 1 2 2 3 2 2 1 1 0 1 1 3
 21 21 21 20 20 17 22 22 17 17 21 28 28 33 59 59 20 20 20 17 17 18 11 11 8 8 7 5 5 0 1 1 0 0 0 0 0 1 4 4 4 4 1 1 1 3
 36 36 33 41 41 22 20 20 21 21 23 34 34 52 53 53 43 43 25 22 22 20 11 11 8 8 6 3 3 1 2 2 1 1 0 1 1 3 7 7 5 5 3 1 1 2
 36 36 33 41 41 22 20 20 21 21 23 34 34 52 53 53 43 43 25 22 22 20 11 11 8 8 6 3 3 1 2 2 1 1 0 1 1 3 7 7 5 5 3 1 1 2
 39 39 46 59 59 45 69 69 72 72 39 49 49 73 65 65 35 35 28 28 28 17 12 12 7 7 3 1 1 1 2 2 1 1 0 1 1 4 4 4 3 3 2 0 0 0
 39 39 46 59 59 45 69 69 72 72 39 49 49 73 65 65 35 35 28 28 28 17 12 12 7 7 3 1 1 1 2 2 1 1 0 1 1 4 4 4 3 3 2 0 0 0
 34 34 58 61 61 78 72 72 70 70 40 44 44 71 76 76 40 40 32 27 27 18 11 11 9 9 4 1 1 1 1 1 0 0 0 1 1 3 1 1 0 0 0 0 0 2
 24 24 51 61 61 50 43 43 45 45 46 43 43 53 37 37 40 40 28 25 25 14 13 13 9 9 8 3 3 2 2 2 2 2 0 0 0 0 0 0 0 0 0 1 1 0
 24 24 51 61 61 50 43 43 45 45 46 43 43 53 37 37 40 40 28 25 25 14 13 13 9 9 8 3 3 2 2 2 2 2 0 0 0 0 0 0 0 0 0 1 1 0
 19 19 27 57 57 61 32 32 32 32 37 44 44 40 37 37 38 38 26 22 22 15 10 10 14 14 14 17 17 6 3 3 1 1 0 0 0 0 0 0 0 0 0 2 2 1
 11 11 43 51 51 62 37 37 36 36 34 40 40 26 32 32 40 40 31 18 18 16 21 21 14 14 16 18 18 10 7 7 3 3 0 0 0 0 0 0 0 0 0 2 2 0
 11 11 43 51 51 62 37 37 36 36 34 40 40 26 32 32 40 40 31 18 18 16 21 21 14 14 16 18 18 10 7 7 3 3 0 0 0 0 0 0 0 0 0 2 2 0
 22 22 24 24 24 29 37 37 37 37 32 27 27 26 40 40 43 43 26 18 18 11 26 26 25 25 27 22 22 10 8 8 3 3 0 0 0 0 0 0 0 0 1 0 0 0
 22 22 24 24 24 29 37 37 37 37 32 27 27 26 40 40 43 43 26 18 18 11 26 26 25 25 27 22 22 10 8 8 3 3 0 0 0 0 0 0 0 0 1 0 0 0
 28 28 28 27 27 32 53 53 52 52 33 32 32 33 67 67 42 42 21 15 15 22 27 27 24 24 29 28 28 11 9 9 4 4 2 1 1 1 0 0 0 0 1 0 0 0
 28 28 26 26 26 32 37 37 42 42 42 45 45 68 83 83 63 63 26 30 30 31 23 23 24 24 20 17 17 13 8 8 4 4 2 1 1 1 0 0 1 1 0 2 2 1
 28 28 26 26 26 32 37 37 42 42 42 45 45 68 83 83 63 63 26 30 30 31 23 23 24 24 20 17 17 13 8 8 4 4 2 1 1 1 0 0 1 1 0 2 2 1
 23 23 24 19 19 24 33 33 38 38 39 48 48 64 52 52 50 50 60 35 35 31 29 29 29 29 19 19 19 19 9 9 11 11 3 0 0 0 0 0 1 1 1 0 0 1
 15 15 15 15 15 16 18 18 22 22 28 55 55 64 51 51 46 46 62 65 65 33 27 27 30 30 26 17 17 21 12 12 9 9 8 4 4 0 0 0 2 2 2 0 0 0
 15 15 15 15 15 16 18 18 22 22 28 55 55 64 51 51 46 46 62 65 65 33 27 27 30 30 26 17 17 21 12 12 9 9 8 4 4 0 0 0 2 2 2 0 0 0
 10 10 11 9 9 10 10 10 10 10 21 45 45 46 36 36 49 49 48 60 60 51 29 29 30 30 29 24 24 14 20 20 17 17 7 4 4 0 0 0 0 0 0 0 0 0
 10 10 11 9 9 10 10 10 10 10 21 45 45 46 36 36 49 49 48 60 60 51 29 29 30 30 29 24 24 14 20 20 17 17 7 4 4 0 0 0 0 0 0 0 0 0
 9 9 10 10 10 13 18 18 20 20 49 62 62 64 27 27 31 31 47 46 46 45 38 38 30 30 30 29 29 20 23 23 18 18 11 6 6 3 0 0 0 0 0 0 0 0
 7 7 8 8 8 13 18 18 24 24 52 26 26 23 29 29 31 31 37 47 47 35 32 32 25 25 28 31 31 23 23 23 25 25 11 10 10 5 2 2 1 1 0 0 0 0
 7 7 8 8 8 13 18 18 24 24 52 26 26 23 29 29 31 31 37 47 47 35 32 32 25 25 28 31 31 23 23 23 25 25 11 10 10 5 2 2 1 1 0 0 0 0
 8 8 6 7 7 7 13 13 16 16 22 23 23 23 27 27 29 29 31 45 45 45 40 40 21 21 19 21 21 33 22 22 21 21 13 10 10 9 8 8 1 1 0 0 0 0
 8 8 6 7 7 7 10 10 25 25 28 47 47 22 25 25 27 27 24 27 27 26 23 23 12 12 11 11 11 23 34 34 33 33 21 16 16 10 12 12 3 3 2 0 0 0
 8 8 6 7 7 7 10 10 25 25 28 47 47 22 25 25 27 27 24 27 27 26 23 23 12 12 11 11 11 23 34 34 33 33 21 16 16 10 12 12 3 3 2 0 0 0
 11 11 7 8 8 10 11 11 26 26 29 48 48 26 24 24 23 23 19 21 21 25 22 22 14 14 10 4 4 10 21 21 23 23 25 15 15 10 6 6 2 2 3 3 3 0
 11 11 7 8 8 10 11 11 26 26 29 48 48 26 24 24 23 23 19 21 21 25 22 22 14 14 10 4 4 10 21 21 23 23 25 15 15 10 6 6 2 2 3 3 3 0
 12 12 8 9 9 10 16 16 20 20 44 33 33 44 20 20 17 17 14 15 15 21 16 16 11 11 12 9 9 8 20 20 18 18 12 8 8 5 4 4 0 0 2 2 2 0
 8 8 9 10 10 10 15 15 21 21 25 28 28 26 19 19 14 14 14 17 17 22 14 14 11 11 12 13 13 12 12 12 10 10 14 7 7 5 6 6 1 1 1 0 0 0
 8 8 9 10 10 10 15 15 21 21 25 28 28 26 19 19 14 14 14 17 17 22 14 14 11 11 12 13 13 12 12 12 10 10 14 7 7 5 6 6 1 1 1 0 0 0
 9 9 10 11 11 10 13 13 15 15 20 19 19 14 14 14 13 13 14 17 17 20 13 13 11 11 11 13 13 13 12 12 17 17 23 17 17 10 7 7 4 4 2 0 0 0
 11 11 11 10 10 11 14 14 15 15 18 14 14 12 12 12 13 13 13 18 18 18 13 13 13 13 12 13 13 13 15 15 17 17 18 19 19 18 6 6 5 5 1 0 0 0
