assets/RAT_results_old/precipitation/2023-09-22_IMERG.asc
ncols        46
nrows        77
xllcorner    74.800261325624
yllcorner    8.058333333333
cellsize     0.062500000000
NODATA_value -9999
 10 10 5 6 6 5 5 5 6 6 12 10 10 4 4 4 4 4 5 5 5 6 5 5 2 2 1 1 1 0 3 3 3 3 1 1 1 1 1 1 0 0 1 1 1 1
 3 3 7 7 7 4 4 4 3 3 4 4 4 2 3 3 5 5 4 4 4 4 5 5 3 3 2 1 1 1 1 1 1 1 1 1 1 0 0 0 0 0 1 1 1 1
 3 3 7 7 7 4 4 4 3 3 4 4 4 2 3 3 5 5 4 4 4 4 5 5 3 3 2 1 1 1 1 1 1 1 1 1 1 0 0 0 0 0 1 1 1 1
 3 3 5 4 4 3 5 5 6 6 6 5 5 3 2 2 3 3 5 7 7 2 2 2 2 2 2 1 1 1 0 0 0 0 9 1 1 1 1 1 1 1 3 2 2 1
 4 4 4 4 4 4 3 3 3 3 3 2 2 2 1 1 1 1 4 5 5 1 1 1 1 1 2 6 6 6 6 6 8 8 9 1 1 1 1 1 0 0 1 0 0 0
 4 4 4 4 4 4 3 3 3 3 3 2 2 2 1 1 1 1 4 5 5 1 1 1 1 1 2 6 6 6 6 6 8 8 9 1 1 1 1 1 0 0 1 0 0 0
 6 6 4 8 8 6 5 5 5 5 5 5 5 1 1 1 1 1 2 2 2 1 1 1 2 2 2 7 7 6 3 3 1 1 1 0 0 0 0 0 0 0 0 0 0 0
 6 6 4 8 8 6 5 5 5 5 5 5 5 1 1 1 1 1 2 2 2 1 1 1 2 2 2 7 7 6 3 3 1 1 1 0 0 0 0 0 0 0 0 0 0 0
 6 6 5 10 10 11 11 11 7 7 5 3 3 6 8 8 6 6 1 1 1 1 4 4 6 6 6 6 6 4 4 4 1 1 1 0 0 0 0 0 1 1 1 11 11 11
 6 6 5 13 13 12 12 12 8 8 7 3 3 6 10 10 6 6 7 7 7 6 7 7 9 9 10 9 9 3 2 2 0 0 0 0 0 1 2 2 3 3 11 14 14 42
 6 6 5 13 13 12 12 12 8 8 7 3 3 6 10 10 6 6 7 7 7 6 7 7 9 9 10 9 9 3 2 2 0 0 0 0 0 1 2 2 3 3 11 14 14 42
 7 7 8 8 8 15 14 14 17 17 16 11 11 11 11 11 10 10 12 11 11 13 13 13 12 12 11 8 8 3 2 2 3 3 1 1 1 2 6 6 14 14 22 42 42 42
 7 7 8 10 10 21 18 18 20 20 21 15 15 14 12 12 12 12 12 9 9 10 11 11 6 6 7 6 6 8 5 5 4 4 2 2 2 3 4 4 4 4 12 5 5 12
 7 7 8 10 10 21 18 18 20 20 21 15 15 14 12 12 12 12 12 9 9 10 11 11 6 6 7 6 6 8 5 5 4 4 2 2 2 3 4 4 4 4 12 5 5 12
 6 6 6 6 6 10 16 16 18 18 18 13 13 13 15 15 7 7 4 2 2 2 5 5 6 6 7 5 5 4 6 6 3 3 3 3 3 1 0 0 0 0 5 5 5 13
 6 6 6 6 6 10 16 16 18 18 18 13 13 13 15 15 7 7 4 2 2 2 5 5 6 6 7 5 5 4 6 6 3 3 3 3 3 1 0 0 0 0 5 5 5 13
 5 5 5 3 3 3 8 8 12 12 8 5 5 5 6 6 3 3 1 1 1 3 3 3 3 3 3 2 2 9 2 2 2 2 2 1 1 1 0 0 2 2 0 0 0 0
 5 5 3 1 1 1 4 4 4 4 4 6 6 10 4 4 1 1 0 1 1 1 2 2 3 3 1 1 1 6 7 7 1 1 0 2 2 1 0 0 0 0 0 1 1 0
 5 5 3 1 1 1 4 4 4 4 4 6 6 10 4 4 1 1 0 1 1 1 2 2 3 3 1 1 1 6 7 7 1 1 0 2 2 1 0 0 0 0 0 1 1 0
 5 5 3 3 3 3 4 4 3 3 9 14 14 14 7 7 2 2 4 0 0 0 0 0 0 0 1 1 1 1 2 2 0 0 0 0 0 0 0 0 0 0 0 0 0 0
 5 5 4 5 5 5 5 5 8 8 11 20 20 21 13 13 11 11 6 0 0 0 0 0 0 0 1 2 2 1 0 0 0 0 0 0 0 0 0 0 0 0 0 0 0 1
 5 5 4 5 5 5 5 5 8 8 11 20 20 21 13 13 11 11 6 0 0 0 0 0 0 0 1 2 2 1 0 0 0 0 0 0 0 0 0 0 0 0 0 0 0 1
 8 8 7 6 6 7 14 14 18 18 16 19 19 20 13 13 13 13 9 5 5 5 3 3 1 1 1 1 1 2 4 4 3 3 1 2 2 0 1 1 1 1 1 1 1 3
 8 8 7 6 6 7 14 14 18 18 16 19 19 20 13 13 13 13 9 5 5 5 3 3 1 1 1 1 1 2 4 4 3 3 1 2 2 0 1 1 1 1 1 1 1 3
 9 9 9 7 7 7 16 16 18 18 20 21 21 22 21 21 16 16 15 5 5 5 2 2 2 2 2 2 2 2 4 4 4 4 1 1 1 1 3 3 3 3 2 1 1 1
 9 9 10 12 12 11 16 16 18 18 19 17 17 28 16 16 13 13 10 7 7 5 4 4 6 6 4 2 2 2 2 2 3 3 1 1 1 1 2 2 1 1 1 0 0 0
 9 9 10 12 12 11 16 16 18 18 19 17 17 28 16 16 13 13 10 7 7 5 4 4 6 6 4 2 2 2 2 2 3 3 1 1 1 1 2 2 1 1 1 0 0 0
 7 7 8 14 14 13 12 12 11 11 11 11 11 12 99 99 18 18 14 15 15 15 15 15 10 10 8 4 4 1 2 2 2 2 2 1 1 1 1 1 2 2 3 2 2 2
 4 4 4 9 9 8 10 10 10 10 11 12 12 14 13 13 29 29 22 27 27 34 34 34 23 23 15 9 9 3 3 3 3 3 4 3 3 3 4 4 6 6 9 5 5 4
 4 4 4 9 9 8 10 10 10 10 11 12 12 14 13 13 29 29 22 27 27 34 34 34 23 23 15 9 9 3 3 3 3 3 4 3 3 3 4 4 6 6 9 5 5 4
 4 4 6 7 7 10 10 10 13 13 16 20 20 21 20 20 35 35 35 37 37 40 36 36 32 32 29 22 22 7 4 4 5 5 5 4 4 5 6 6 9 9 8 7 7 3
 4 4 6 7 7 10 10 10 13 13 16 20 20 21 20 20 35 35 35 37 37 40 36 36 32 32 29 22 22 7 4 4 5 5 5 4 4 5 6 6 9 9 8 7 7 3
 7 7 10 11 11 14 16 16 20 20 23 31 31 34 31 31 61 61 46 42 42 38 36 36 31 31 28 18 18 6 3 3 3 3 3 2 2 3 4 4 4 4 3 4 4 1
 16 16 17 18 18 23 28 28 28 28 30 33 33 41 35 35 37 37 53 38 38 32 30 30 23 23 15 8 8 2 1 1 3 3 3 3 3 2 2 2 2 2 1 2 2 0
 16 16 17 18 18 23 28 28 28 28 30 33 33 41 35 35 37 37 53 38 38 32 30 30 23 23 15 8 8 2 1 1 3 3 3 3 3 2 2 2 2 2 1 2 2 0
 21 21 26 35 35 33 35 35 32 32 33 31 31 29 25 25 20 20 29 26 26 26 17 17 10 10 9 5 5 1 0 0 2 2 4 5 5 3 1 1 1 1 0 0 0 2
 21 21 26 70 70 59 52 52 27 27 24 25 25 23 25 25 17 17 11 19 19 21 17 17 6 6 3 6 6 4 4 4 4 4 5 7 7 5 5 5 2 2 1 3 3 0
 21 21 26 70 70 59 52 52 27 27 24 25 25 23 25 25 17 17 11 19 19 21 17 17 6 6 3 6 6 4 4 4 4 4 5 7 7 5 5 5 2 2 1 3 3 0
 66 66 33 74 74 73 36 36 24 24 19 17 17 20 23 23 15 15 9 19 19 30 14 14 9 9 4 5 5 7 11 11 5 5 6 8 8 14 7 7 12 12 6 1 1 0
 66 66 33 74 74 73 36 36 24 24 19 17 17 20 23 23 15 15 9 19 19 30 14 14 9 9 4 5 5 7 11 11 5 5 6 8 8 14 7 7 12 12 6 1 1 0
 60 60 53 88 88 85 25 25 17 17 17 14 14 15 14 14 14 14 13 18 18 13 11 11 7 7 5 4 4 3 5 5 5 5 7 8 8 9 17 17 12 12 7 5 5 4
 86 86 96 102 102 62 42 42 20 20 17 12 12 17 23 23 16 16 12 7 7 17 14 14 10 10 8 6 6 5 6 6 11 11 6 7 7 8 11 11 7 7 8 7 7 10
 86 86 96 102 102 62 42 42 20 20 17 12 12 17 23 23 16 16 12 7 7 17 14 14 10 10 8 6 6 5 6 6 11 11 6 7 7 8 11 11 7 7 8 7 7 10
 94 94 90 97 97 85 35 35 26 26 19 21 21 22 37 37 24 24 13 13 13 28 22 22 18 18 15 11 11 10 11 11 20 20 8 8 8 7 11 11 8 8 6 7 7 8
 86 86 87 78 78 81 43 43 90 90 54 28 28 37 54 54 27 27 11 13 13 16 23 23 21 21 19 15 15 13 14 14 21 21 9 8 8 7 8 8 6 6 13 12 12 19
 86 86 87 78 78 81 43 43 90 90 54 28 28 37 54 54 27 27 11 13 13 16 23 23 21 21 19 15 15 13 14 14 21 21 9 8 8 7 8 8 6 6 13 12 12 19
 87 87 91 63 63 66 79 79 90 90 61 37 37 43 63 63 30 30 13 14 14 13 11 11 23 23 22 19 19 18 21 21 15 15 9 6 6 4 8 8 10 10 14 14 14 18
 87 87 91 63 63 66 79 79 90 90 61 37 37 43 63 63 30 30 13 14 14 13 11 11 23 23 22 19 19 18 21 21 15 15 9 6 6 4 8 8 10 10 14 14 14 18
 81 81 88 43 43 73 89 89 80 80 67 68 68 37 30 30 15 15 14 9 9 9 10 10 24 24 22 18 18 15 12 12 13 13 8 5 5 5 9 9 15 15 15 13 13 13
 78 78 27 31 31 64 88 88 76 76 65 76 76 28 18 18 18 18 14 12 12 7 10 10 27 27 23 14 14 9 7 7 13 13 10 6 6 6 7 7 9 9 9 8 8 5
 78 78 27 31 31 64 88 88 76 76 65 76 76 28 18 18 18 18 14 12 12 7 10 10 27 27 23 14 14 9 7 7 13 13 10 6 6 6 7 7 9 9 9 8 8 5
 73 73 18 21 21 32 34 34 74 74 69 72 72 28 32 32 18 18 13 12 12 7 8 8 20 20 19 12 12 9 9 9 8 8 12 9 9 5 6 6 8 8 7 7 7 3
 71 71 40 38 38 24 24 24 38 38 28 49 49 40 34 34 18 18 13 8 8 7 6 6 16 16 16 13 13 9 8 8 9 9 7 17 17 8 9 9 10 10 6 5 5 4
 71 71 40 38 38 24 24 24 38 38 28 49 49 40 34 34 18 18 13 8 8 7 6 6 16 16 16 13 13 9 8 8 9 9 7 17 17 8 9 9 10 10 6 5 5 4
 114 114 68 37 37 22 19 19 25 25 25 49 49 36 12 12 10 10 12 8 8 5 8 8 10 10 9 8 8 7 7 7 7 7 9 12 12 9 12 12 14 14 11 8 8 7
 114 114 68 37 37 22 19 19 25 25 25 49 49 36 12 12 10 10 12 8 8 5 8 8 10 10 9 8 8 7 7 7 7 7 9 12 12 9 12 12 14 14 11 8 8 7
 116 116 71 49 49 79 119 119 111 111 86 33 33 32 9 9 10 10 15 18 18 15 13 13 10 10 8 7 7 7 9 9 9 9 12 13 13 14 20 20 23 23 17 10 10 10
 223 223 215 208 208 205 116 116 88 88 62 28 28 26 14 14 18 18 18 20 20 17 12 12 7 7 7 7 7 7 11 11 12 12 12 13 13 14 16 16 18 18 16 15 15 14
 223 223 215 208 208 205 116 116 88 88 62 28 28 26 14 14 18 18 18 20 20 17 12 12 7 7 7 7 7 7 11 11 12 12 12 13 13 14 16 16 18 18 16 15 15 14
 374 374 200 197 197 175 170 170 124 124 124 14 14 24 11 11 16 16 17 23 23 15 10 10 4 4 6 4 4 6 10 10 11 11 9 11 11 13 18 18 16 16 23 24 24 26
 373 373 362 360 360 333 324 324 85 85 124 11 11 10 10 10 12 12 13 14 14 19 5 5 5 5 4 3 3 4 7 7 9 9 9 12 12 16 20 20 23 23 38 38 38 43
 373 373 362 360 360 333 324 324 85 85 124 11 11 10 10 10 12 12 13 14 14 19 5 5 5 5 4 3 3 4 7 7 9 9 9 12 12 16 20 20 23 23 38 38 38 43
 185 185 345 180 180 332 326 326 85 85 83 8 8 8 8 8 8 8 12 12 12 12 10 10 2 2 2 3 3 5 8 8 12 12 13 16 16 21 26 26 34 34 42 40 40 34
 185 185 345 180 180 332 326 326 85 85 83 8 8 8 8 8 8 8 12 12 12 12 10 10 2 2 2 3 3 5 8 8 12 12 13 16 16 21 26 26 34 34 42 40 40 34
 187 187 183 180 180 79 77 77 22 22 9 8 8 8 7 7 8 8 7 8 8 5 3 3 3 3 3 5 5 11 13 13 15 15 18 18 18 20 22 22 21 21 20 17 17 13
 184 184 76 73 73 43 76 76 23 23 9 8 8 8 4 4 5 5 3 8 8 6 5 5 5 5 7 10 10 19 16 16 14 14 15 11 11 11 8 8 7 7 5 3 3 3
 184 184 76 73 73 43 76 76 23 23 9 8 8 8 4 4 5 5 3 8 8 6 5 5 5 5 7 10 10 19 16 16 14 14 15 11 11 11 8 8 7 7 5 3 3 3
 84 84 80 72 72 43 19 19 15 15 9 9 9 8 8 8 5 5 4 4 4 6 5 5 6 6 6 7 7 6 7 7 5 5 4 3 3 2 2 2 4 4 2 3 3 4
 82 82 79 54 54 52 20 20 16 16 13 10 10 8 8 8 6 6 7 6 6 3 2 2 2 2 2 2 2 1 1 1 1 1 1 1 1 6 2 2 3 3 3 5 5 2
 82 82 79 54 54 52 20 20 16 16 13 10 10 8 8 8 6 6 7 6 6 3 2 2 2 2 2 2 2 1 1 1 1 1 1 1 1 6 2 2 3 3 3 5 5 2
 55 55 55 56 56 54 20 20 20 20 15 12 12 9 8 8 12 12 9 6 6 2 2 2 1 1 1 1 1 1 1 1 0 0 1 1 1 2 2 2 2 2 4 4 4 1
 55 55 55 56 56 54 20 20 20 20 15 12 12 9 8 8 12 12 9 6 6 2 2 2 1 1 1 1 1 1 1 1 0 0 1 1 1 2 2 2 2 2 4 4 4 1
 55 55 54 58 58 59 60 60 23 23 17 14 14 10 9 9 11 11 11 11 11 9 9 9 8 8 1 1 1 1 1 1 3 3 3 1 1 2 2 2 2 2 0 0 0 0
 55 55 54 73 73 99 101 101 23 23 20 17 17 14 13 13 15 15 11 16 16 15 9 9 7 7 4 5 5 5 7 7 1 1 5 5 5 2 1 1 0 0 0 0 0 0
 55 55 54 73 73 99 101 101 23 23 20 17 17 14 13 13 15 15 11 16 16 15 9 9 7 7 4 5 5 5 7 7 1 1 5 5 5 2 1 1 0 0 0 0 0 0
 35 35 48 69 69 99 100 100 99 99 17 13 13 18 19 19 17 17 17 16 16 10 14 14 9 9 10 2 2 5 7 7 6 6 6 7 7 8 5 5 0 0 0 0 0 0
 33 33 45 49 49 88 99 99 100 100 86 15 15 19 24 24 19 19 18 10 10 5 4 4 8 8 10 2 2 2 1 1 3 3 7 6 6 7 6 6 0 0 0 0 0 0
