assets/RAT_results_old/precipitation/2023-11-01_IMERG.asc
ncols        46
nrows        77
xllcorner    74.800261325624
yllcorner    8.058333333333
cellsize     0.062500000000
NODATA_value -9999
 18 18 13 12 12 20 17 17 16 16 13 14 14 6 5 5 1 1 0 0 0 0 2 2 2 2 2 1 1 1 1 1 1 1 3 1 1 0 0 0 0 0 0 0 0 0
 15 15 23 27 27 27 25 25 21 21 19 19 19 16 6 6 4 4 1 0 0 0 5 5 13 13 5 2 2 1 1 1 0 0 1 0 0 0 0 0 0 0 0 0 0 0
 15 15 23 27 27 27 25 25 21 21 19 19 19 16 6 6 4 4 1 0 0 0 5 5 13 13 5 2 2 1 1 1 0 0 1 0 0 0 0 0 0 0 0 0 0 0
 16 16 78 79 79 79 58 58 58 58 27 26 26 19 8 8 5 5 1 0 0 0 13 13 13 13 6 1 1 0 0 0 1 1 2 0 0 0 0 0 0 0 0 0 0 0
 43 43 101 104 104 98 57 57 58 58 30 27 27 23 8 8 5 5 3 1 1 1 1 1 2 2 1 0 0 0 0 0 3 3 3 0 0 0 0 0 0 0 0 0 0 0
 43 43 101 104 104 98 57 57 58 58 30 27 27 23 8 8 5 5 3 1 1 1 1 1 2 2 1 0 0 0 0 0 3 3 3 0 0 0 0 0 0 0 0 0 0 0
 48 48 51 72 72 76 68 68 64 64 44 23 23 19 10 10 6 6 6 1 1 1 1 1 1 1 0 0 0 0 0 0 1 1 1 0 0 0 0 0 0 0 0 0 0 0
 48 48 51 72 72 76 68 68 64 64 44 23 23 19 10 10 6 6 6 1 1 1 1 1 1 1 0 0 0 0 0 0 1 1 1 0 0 0 0 0 0 0 0 0 0 0
 70 70 72 115 115 101 63 63 50 50 31 23 23 19 10 10 8 8 7 2 2 2 2 2 0 0 0 0 0 0 0 0 0 0 0 0 0 0 0 0 0 0 6 9 9 0
 47 47 93 109 109 108 92 92 51 51 52 30 30 23 18 18 11 11 10 2 2 1 1 1 0 0 0 0 0 0 1 1 1 1 1 0 0 0 0 0 1 1 1 0 0 0
 47 47 93 109 109 108 92 92 51 51 52 30 30 23 18 18 11 11 10 2 2 1 1 1 0 0 0 0 0 0 1 1 1 1 1 0 0 0 0 0 1 1 1 0 0 0
 48 48 94 123 123 103 75 75 42 42 47 31 31 31 32 32 17 17 13 2 2 1 1 1 0 0 0 0 0 0 1 1 2 2 2 1 1 1 1 1 1 1 2 0 0 1
 49 49 73 75 75 85 73 73 54 54 54 37 37 39 39 39 16 16 16 15 15 5 5 5 0 0 0 0 0 0 1 1 4 4 5 2 2 2 1 1 1 1 1 0 0 2
 49 49 73 75 75 85 73 73 54 54 54 37 37 39 39 39 16 16 16 15 15 5 5 5 0 0 0 0 0 0 1 1 4 4 5 2 2 2 1 1 1 1 1 0 0 2
 13 13 42 45 45 103 111 111 90 90 88 37 37 37 35 35 21 21 17 15 15 5 5 5 8 8 1 1 1 1 2 2 4 4 6 3 3 4 1 1 0 0 0 0 0 1
 13 13 42 45 45 103 111 111 90 90 88 37 37 37 35 35 21 21 17 15 15 5 5 5 8 8 1 1 1 1 2 2 4 4 6 3 3 4 1 1 0 0 0 0 0 1
 5 5 12 48 48 68 66 66 45 45 43 49 49 36 36 36 32 32 31 40 40 12 12 12 12 12 2 2 2 3 3 3 3 3 4 8 8 5 3 3 1 1 1 0 0 0
 6 6 11 30 30 42 48 48 52 52 34 38 38 36 39 39 37 37 43 42 42 13 13 13 14 14 6 4 4 2 2 2 2 2 3 2 2 5 4 4 1 1 1 1 1 3
 6 6 11 30 30 42 48 48 52 52 34 38 38 36 39 39 37 37 43 42 42 13 13 13 14 14 6 4 4 2 2 2 2 2 3 2 2 5 4 4 1 1 1 1 1 3
 10 10 13 28 28 43 27 27 36 36 21 23 23 45 52 52 49 49 44 45 45 32 18 18 19 19 11 5 5 1 1 1 2 2 3 3 3 5 3 3 5 5 6 8 8 6
 6 6 6 9 9 14 19 19 18 18 36 44 44 66 69 69 76 76 46 49 49 43 26 26 26 26 19 6 6 1 1 1 2 2 3 4 4 5 3 3 2 2 7 16 16 14
 6 6 6 9 9 14 19 19 18 18 36 44 44 66 69 69 76 76 46 49 49 43 26 26 26 26 19 6 6 1 1 1 2 2 3 4 4 5 3 3 2 2 7 16 16 14
 3 3 3 6 6 14 31 31 33 33 86 91 91 73 147 147 158 158 51 60 60 73 41 41 38 38 25 18 18 3 2 2 3 3 4 6 6 16 16 16 13 13 13 14 14 12
 3 3 3 6 6 14 31 31 33 33 86 91 91 73 147 147 158 158 51 60 60 73 41 41 38 38 25 18 18 3 2 2 3 3 4 6 6 16 16 16 13 13 13 14 14 12
 3 3 4 7 7 16 28 28 38 38 139 152 152 108 143 143 149 149 104 57 57 74 58 58 56 56 25 9 9 3 5 5 4 4 5 14 14 16 18 18 50 50 18 17 17 19
 4 4 5 11 11 22 32 32 37 37 105 223 223 264 110 110 114 114 126 53 53 65 60 60 52 52 22 5 5 2 3 3 6 6 7 8 8 34 52 52 49 49 32 17 17 6
 4 4 5 11 11 22 32 32 37 37 105 223 223 264 110 110 114 114 126 53 53 65 60 60 52 52 22 5 5 2 3 3 6 6 7 8 8 34 52 52 49 49 32 17 17 6
 4 4 8 14 14 18 37 37 41 41 44 201 201 202 86 86 59 59 43 35 35 61 45 45 32 32 11 4 4 3 4 4 6 6 9 9 9 18 15 15 21 21 13 6 6 9
 4 4 5 7 7 5 22 22 31 31 30 150 150 155 151 151 29 29 30 20 20 19 12 12 6 6 5 7 7 4 10 10 11 11 11 7 7 17 15 15 22 22 19 11 11 10
 4 4 5 7 7 5 22 22 31 31 30 150 150 155 151 151 29 29 30 20 20 19 12 12 6 6 5 7 7 4 10 10 11 11 11 7 7 17 15 15 22 22 19 11 11 10
 2 2 2 2 2 3 19 19 27 27 23 125 125 126 18 18 15 15 15 13 13 4 2 2 10 10 5 5 5 13 13 13 21 21 14 12 12 7 13 13 14 14 12 11 11 11
 2 2 2 2 2 3 19 19 27 27 23 125 125 126 18 18 15 15 15 13 13 4 2 2 10 10 5 5 5 13 13 13 21 21 14 12 12 7 13 13 14 14 12 11 11 11
 1 1 1 1 1 3 19 19 7 7 8 16 16 17 13 13 10 10 9 4 4 4 5 5 6 6 6 11 11 12 17 17 20 20 15 10 10 8 14 14 12 12 10 11 11 10
 1 1 1 1 1 3 3 3 5 5 7 6 6 6 6 6 6 6 12 8 8 5 5 5 5 5 6 13 13 16 18 18 19 19 17 11 11 9 10 10 6 6 9 11 11 10
 1 1 1 1 1 3 3 3 5 5 7 6 6 6 6 6 6 6 12 8 8 5 5 5 5 5 6 13 13 16 18 18 19 19 17 11 11 9 10 10 6 6 9 11 11 10
 1 1 1 2 2 3 4 4 5 5 8 5 5 9 10 10 12 12 21 12 12 8 5 5 20 20 11 11 11 15 16 16 16 16 16 11 11 10 15 15 10 10 16 19 19 15
 0 0 1 2 2 3 4 4 7 7 10 6 6 9 14 14 27 27 41 25 25 32 19 19 18 18 9 13 13 10 11 11 11 11 9 10 10 8 10 10 6 6 26 25 25 16
 0 0 1 2 2 3 4 4 7 7 10 6 6 9 14 14 27 27 41 25 25 32 19 19 18 18 9 13 13 10 11 11 11 11 9 10 10 8 10 10 6 6 26 25 25 16
 1 1 1 2 2 3 5 5 8 8 10 6 6 8 10 10 10 10 40 38 38 28 22 22 12 12 9 3 3 5 7 7 4 4 5 5 5 5 5 5 13 13 16 17 17 14
 1 1 1 2 2 3 5 5 8 8 10 6 6 8 10 10 10 10 40 38 38 28 22 22 12 12 9 3 3 5 7 7 4 4 5 5 5 5 5 5 13 13 16 17 17 14
 1 1 1 1 1 2 4 4 6 6 4 5 5 5 7 7 9 9 21 11 11 20 19 19 12 12 7 4 4 6 6 6 7 7 11 6 6 8 9 9 13 13 10 14 14 18
 1 1 1 1 1 1 2 2 2 2 3 3 3 4 5 5 7 7 5 5 5 5 9 9 11 11 8 17 17 13 3 3 10 10 7 5 5 5 3 3 11 11 13 23 23 12
 1 1 1 1 1 1 2 2 2 2 3 3 3 4 5 5 7 7 5 5 5 5 9 9 11 11 8 17 17 13 3 3 10 10 7 5 5 5 3 3 11 11 13 23 23 12
 2 2 2 2 2 1 1 1 1 1 2 2 2 3 4 4 7 7 8 7 7 3 7 7 9 9 11 7 7 5 3 3 5 5 7 11 11 6 5 5 7 7 7 9 9 4
 3 3 4 4 4 2 2 2 2 2 2 3 3 5 7 7 29 29 11 12 12 9 9 9 6 6 8 7 7 7 5 5 2 2 2 6 6 6 5 5 10 10 10 19 19 10
 3 3 4 4 4 2 2 2 2 2 2 3 3 5 7 7 29 29 11 12 12 9 9 9 6 6 8 7 7 7 5 5 2 2 2 6 6 6 5 5 10 10 10 19 19 10
 6 6 8 10 10 6 4 4 2 2 5 11 11 7 9 9 133 133 35 20 20 4 4 4 1 1 9 4 4 6 5 5 4 4 4 5 5 15 15 15 15 15 20 20 20 20
 6 6 8 10 10 6 4 4 2 2 5 11 11 7 9 9 133 133 35 20 20 4 4 4 1 1 9 4 4 6 5 5 4 4 4 5 5 15 15 15 15 15 20 20 20 20
 8 8 8 8 8 16 9 9 9 9 23 17 17 15 13 13 15 15 13 4 4 14 1 1 4 4 2 3 3 5 4 4 5 5 5 4 4 21 20 20 28 28 45 51 51 25
 8 8 8 7 7 11 33 33 98 98 66 37 37 11 17 17 10 10 6 5 5 3 1 1 1 1 4 6 6 7 12 12 16 16 9 7 7 32 33 33 49 49 49 54 54 30
 8 8 8 7 7 11 33 33 98 98 66 37 37 11 17 17 10 10 6 5 5 3 1 1 1 1 4 6 6 7 12 12 16 16 9 7 7 32 33 33 49 49 49 54 54 30
 8 8 7 5 5 6 11 11 29 29 42 14 14 26 8 8 5 5 4 4 4 2 2 2 4 4 11 14 14 6 6 6 18 18 16 10 10 24 36 36 65 65 61 51 51 46
 7 7 5 3 3 3 10 10 13 13 17 26 26 6 5 5 6 6 5 3 3 2 8 8 10 10 17 16 16 7 10 10 17 17 27 17 17 30 46 46 66 66 65 59 59 61
 7 7 5 3 3 3 10 10 13 13 17 26 26 6 5 5 6 6 5 3 3 2 8 8 10 10 17 16 16 7 10 10 17 17 27 17 17 30 46 46 66 66 65 59 59 61
 5 5 4 3 3 2 3 3 3 3 12 11 11 4 4 4 4 4 4 3 3 4 5 5 9 9 17 18 18 11 18 18 18 18 26 23 23 22 69 69 69 69 116 59 59 58
 5 5 4 3 3 2 3 3 3 3 12 11 11 4 4 4 4 4 4 3 3 4 5 5 9 9 17 18 18 11 18 18 18 18 26 23 23 22 69 69 69 69 116 59 59 58
 4 4 3 2 2 1 2 2 2 2 3 5 5 6 10 10 6 6 4 4 4 6 15 15 14 14 24 24 24 21 29 29 27 27 32 33 33 24 72 72 72 72 60 64 64 60
 3 3 2 1 1 1 2 2 2 2 4 9 9 11 9 9 19 19 6 8 8 25 40 40 131 131 39 35 35 32 37 37 36 36 38 32 32 24 42 42 46 46 67 75 75 79
 3 3 2 1 1 1 2 2 2 2 4 9 9 11 9 9 19 19 6 8 8 25 40 40 131 131 39 35 35 32 37 37 36 36 38 32 32 24 42 42 46 46 67 75 75 79
 2 2 1 1 1 1 2 2 3 3 4 5 5 12 37 37 28 28 22 16 16 28 25 25 25 25 24 27 27 31 34 34 39 39 33 27 27 18 39 39 44 44 53 68 68 74
 1 1 1 1 1 1 2 2 4 4 4 4 4 5 11 11 23 23 14 10 10 20 38 38 21 21 25 26 26 25 25 25 24 24 22 19 19 14 16 16 35 35 29 30 30 52
 1 1 1 1 1 1 2 2 4 4 4 4 4 5 11 11 23 23 14 10 10 20 38 38 21 21 25 26 26 25 25 25 24 24 22 19 19 14 16 16 35 35 29 30 30 52
 0 0 0 0 0 1 3 3 5 5 6 5 5 5 5 5 11 11 8 8 8 8 24 24 26 26 29 16 16 18 24 24 22 22 21 21 21 17 17 17 34 34 32 25 25 47
 0 0 0 0 0 1 3 3 5 5 6 5 5 5 5 5 11 11 8 8 8 8 24 24 26 26 29 16 16 18 24 24 22 22 21 21 21 17 17 17 34 34 32 25 25 47
 0 0 0 0 0 1 1 1 2 2 2 2 2 4 5 5 8 8 7 4 4 7 11 11 45 45 45 28 28 23 28 28 33 33 26 19 19 18 19 19 23 23 21 25 25 35
 0 0 0 0 0 1 1 1 4 4 3 3 3 4 3 3 3 3 4 5 5 6 10 10 47 47 50 48 48 31 26 26 25 25 30 18 18 17 20 20 17 17 21 17 17 34
 0 0 0 0 0 1 1 1 4 4 3 3 3 4 3 3 3 3 4 5 5 6 10 10 47 47 50 48 48 31 26 26 25 25 30 18 18 17 20 20 17 17 21 17 17 34
 0 0 0 1 1 1 1 1 9 9 4 3 3 5 6 6 3 3 4 4 4 9 23 23 154 154 50 31 31 23 19 19 18 18 20 20 20 18 19 19 20 20 20 22 22 34
 0 0 0 0 0 1 1 1 3 3 11 4 4 4 6 6 6 6 5 7 7 15 29 29 73 73 146 32 32 11 11 11 12 12 12 19 19 21 23 23 24 24 26 26 26 36
 0 0 0 0 0 1 1 1 3 3 11 4 4 4 6 6 6 6 5 7 7 15 29 29 73 73 146 32 32 11 11 11 12 12 12 19 19 21 23 23 24 24 26 26 26 36
 0 0 0 0 0 1 1 1 2 2 4 8 8 6 6 6 7 7 11 17 17 16 22 22 156 156 134 7 7 5 5 5 7 7 12 15 15 18 24 24 26 26 26 41 41 37
 0 0 0 0 0 1 1 1 2 2 4 8 8 6 6 6 7 7 11 17 17 16 22 22 156 156 134 7 7 5 5 5 7 7 12 15 15 18 24 24 26 26 26 41 41 37
 1 1 1 1 1 1 1 1 1 1 3 7 7 6 6 6 8 8 16 17 17 18 27 27 42 42 117 26 26 11 6 6 7 7 17 21 21 26 29 29 26 26 29 38 38 33
 2 2 1 1 1 1 1 1 1 1 2 4 4 5 5 5 7 7 11 22 22 23 14 14 40 40 21 24 24 17 32 32 16 16 15 11 11 29 34 34 24 24 25 33 33 30
 2 2 1 1 1 1 1 1 1 1 2 4 4 5 5 5 7 7 11 22 22 23 14 14 40 40 21 24 24 17 32 32 16 16 15 11 11 29 34 34 24 24 25 33 33 30
 2 2 2 1 1 1 1 1 4 4 6 24 24 6 6 6 6 6 13 18 18 18 35 35 27 27 21 20 20 37 36 36 17 17 17 12 12 11 35 35 24 24 22 26 26 27
 2 2 2 2 2 2 3 3 5 5 32 34 34 29 9 9 10 10 12 18 18 21 30 30 21 21 22 42 42 36 48 48 11 11 10 12 12 13 10 10 10 10 13 11 11 15
