assets/RAT_results_old/precipitation/2023-10-12_IMERG.asc
ncols        46
nrows        77
xllcorner    74.800261325624
yllcorner    8.058333333333
cellsize     0.062500000000
NODATA_value -9999
 38 38 37 39 39 46 54 54 56 56 49 40 40 34 18 18 5 5 2 1 1 0 1 1 0 0 1 2 2 1 1 1 0 0 1 1 1 1 1 1 0 0 0 0 0 0
 38 38 37 38 38 44 49 49 51 51 49 40 40 30 14 14 3 3 1 1 1 2 2 2 0 0 1 2 2 1 0 0 1 1 1 0 0 0 0 0 0 0 0 0 0 0
 38 38 37 38 38 44 49 49 51 51 49 40 40 30 14 14 3 3 1 1 1 2 2 2 0 0 1 2 2 1 0 0 1 1 1 0 0 0 0 0 0 0 0 0 0 0
 38 38 38 41 41 45 46 46 48 48 44 37 37 24 10 10 3 3 1 0 0 0 0 0 0 0 1 1 1 1 0 0 1 1 1 0 0 0 0 0 0 0 0 0 0 0
 24 24 38 40 40 45 46 46 43 43 34 25 25 10 5 5 3 3 1 0 0 0 1 1 0 0 0 0 0 1 0 0 1 1 1 0 0 0 0 0 0 0 0 0 0 0
 24 24 38 40 40 45 46 46 43 43 34 25 25 10 5 5 3 3 1 0 0 0 1 1 0 0 0 0 0 1 0 0 1 1 1 0 0 0 0 0 0 0 0 0 0 0
 22 22 23 36 36 37 41 41 37 37 26 16 16 5 3 3 3 3 1 0 0 1 1 1 0 0 0 0 0 1 0 0 1 1 1 0 0 0 0 0 0 0 0 0 0 0
 22 22 23 36 36 37 41 41 37 37 26 16 16 5 3 3 3 3 1 0 0 1 1 1 0 0 0 0 0 1 0 0 1 1 1 0 0 0 0 0 0 0 0 0 0 0
 17 17 19 30 30 28 26 26 22 22 12 4 4 1 1 1 1 1 1 1 1 1 1 1 0 0 1 1 1 1 0 0 0 0 1 1 1 0 0 0 0 0 1 1 1 1
 11 11 13 17 17 15 11 11 7 7 3 1 1 1 0 0 0 0 1 1 1 1 1 1 1 1 1 1 1 2 1 1 0 0 1 2 2 2 0 0 1 1 1 1 1 1
 11 11 13 17 17 15 11 11 7 7 3 1 1 1 0 0 0 0 1 1 1 1 1 1 1 1 1 1 1 2 1 1 0 0 1 2 2 2 0 0 1 1 1 1 1 1
 4 4 4 4 4 3 2 2 1 1 4 1 1 2 1 1 1 1 1 1 1 0 0 0 1 1 3 3 3 2 1 1 1 1 1 1 1 1 0 0 0 0 1 0 0 1
 3 3 2 3 3 3 1 1 1 1 2 2 2 4 3 3 2 2 2 1 1 1 1 1 2 2 4 4 4 3 2 2 1 1 1 1 1 2 1 1 0 0 0 0 0 0
 3 3 2 3 3 3 1 1 1 1 2 2 2 4 3 3 2 2 2 1 1 1 1 1 2 2 4 4 4 3 2 2 1 1 1 1 1 2 1 1 0 0 0 0 0 0
 3 3 3 5 5 4 3 3 3 3 4 5 5 8 10 10 10 10 6 4 4 3 1 1 1 1 2 2 2 3 2 2 1 1 1 1 1 1 1 1 0 0 0 1 1 1
 3 3 3 5 5 4 3 3 3 3 4 5 5 8 10 10 10 10 6 4 4 3 1 1 1 1 2 2 2 3 2 2 1 1 1 1 1 1 1 1 0 0 0 1 1 1
 2 2 3 4 4 4 4 4 5 5 7 8 8 27 17 17 11 11 11 11 11 8 3 3 2 2 2 2 2 3 8 8 4 4 1 2 2 1 0 0 0 0 1 2 2 4
 2 2 1 1 1 3 3 3 3 3 6 8 8 13 16 16 15 15 17 18 18 15 7 7 5 5 3 2 2 4 4 4 4 4 3 3 3 2 0 0 1 1 1 2 2 2
 2 2 1 1 1 3 3 3 3 3 6 8 8 13 16 16 15 15 17 18 18 15 7 7 5 5 3 2 2 4 4 4 4 4 3 3 3 2 0 0 1 1 1 2 2 2
 5 5 3 3 3 4 6 6 5 5 10 5 5 6 10 10 12 12 15 18 18 16 9 9 6 6 3 4 4 5 5 5 6 6 3 1 1 0 0 0 1 1 1 1 1 0
 7 7 5 6 6 8 11 11 11 11 7 8 8 8 8 8 7 7 7 7 7 8 7 7 3 3 2 2 2 7 6 6 5 5 4 1 1 0 1 1 1 1 0 0 0 0
 7 7 5 6 6 8 11 11 11 11 7 8 8 8 8 8 7 7 7 7 7 8 7 7 3 3 2 2 2 7 6 6 5 5 4 1 1 0 1 1 1 1 0 0 0 0
 8 8 4 4 4 7 12 12 14 14 9 6 6 10 8 8 6 6 4 3 3 3 3 3 3 3 3 2 2 5 3 3 4 4 4 2 2 1 1 1 1 1 0 0 0 0
 8 8 4 4 4 7 12 12 14 14 9 6 6 10 8 8 6 6 4 3 3 3 3 3 3 3 3 2 2 5 3 3 4 4 4 2 2 1 1 1 1 1 0 0 0 0
 6 6 2 1 1 3 7 7 10 10 10 9 9 13 11 11 9 9 6 5 5 5 4 4 5 5 2 3 3 3 3 3 3 3 3 2 2 1 1 1 0 0 0 0 0 0
 5 5 3 3 3 2 4 4 7 7 10 11 11 13 16 16 13 13 9 6 6 9 3 3 4 4 4 4 4 5 2 2 2 2 3 2 2 1 0 0 0 0 0 0 0 0
 5 5 3 3 3 2 4 4 7 7 10 11 11 13 16 16 13 13 9 6 6 9 3 3 4 4 4 4 4 5 2 2 2 2 3 2 2 1 0 0 0 0 0 0 0 0
 6 6 12 12 12 7 3 3 2 2 6 9 9 15 12 12 13 13 10 10 10 8 7 7 5 5 4 6 6 2 2 2 2 2 2 3 3 1 0 0 0 0 0 0 0 0
 5 5 8 7 7 5 2 2 1 1 3 3 3 6 6 6 8 8 10 15 15 11 11 11 7 7 7 6 6 4 3 3 2 2 2 1 1 1 1 1 0 0 0 1 1 1
 5 5 8 7 7 5 2 2 1 1 3 3 3 6 6 6 8 8 10 15 15 11 11 11 7 7 7 6 6 4 3 3 2 2 2 1 1 1 1 1 0 0 0 1 1 1
 2 2 5 2 2 1 2 2 2 2 2 2 2 3 3 3 5 5 6 8 8 9 10 10 11 11 9 7 7 7 6 6 3 3 2 1 1 5 4 4 0 0 1 2 2 1
 2 2 5 2 2 1 2 2 2 2 2 2 2 3 3 3 5 5 6 8 8 9 10 10 11 11 9 7 7 7 6 6 3 3 2 1 1 5 4 4 0 0 1 2 2 1
 2 2 2 6 6 1 1 1 1 1 3 3 3 4 5 5 7 7 7 7 7 7 9 9 10 10 8 9 9 12 7 7 4 4 3 2 2 2 1 1 1 1 0 0 0 0
 4 4 6 6 6 5 4 4 4 4 4 4 4 6 10 10 11 11 14 12 12 10 7 7 7 7 8 10 10 15 8 8 4 4 2 2 2 2 2 2 1 1 1 0 0 1
 4 4 6 6 6 5 4 4 4 4 4 4 4 6 10 10 11 11 14 12 12 10 7 7 7 7 8 10 10 15 8 8 4 4 2 2 2 2 2 2 1 1 1 0 0 1
 21 21 12 8 8 11 10 10 9 9 7 6 6 10 13 13 15 15 29 19 19 17 12 12 8 8 8 9 9 8 6 6 4 4 2 1 1 1 1 1 1 1 1 0 0 1
 26 26 9 9 9 9 7 7 5 5 5 8 8 8 23 23 27 27 29 27 27 22 17 17 18 18 12 10 10 7 6 6 4 4 3 2 2 2 2 2 2 2 1 1 1 1
 26 26 9 9 9 9 7 7 5 5 5 8 8 8 23 23 27 27 29 27 27 22 17 17 18 18 12 10 10 7 6 6 4 4 3 2 2 2 2 2 2 2 1 1 1 1
 17 17 11 9 9 7 3 3 2 2 3 8 8 8 22 22 31 31 34 30 30 29 27 27 25 25 17 12 12 9 7 7 5 5 3 4 4 6 4 4 3 3 2 2 2 1
 17 17 11 9 9 7 3 3 2 2 3 8 8 8 22 22 31 31 34 30 30 29 27 27 25 25 17 12 12 9 7 7 5 5 3 4 4 6 4 4 3 3 2 2 2 1
 13 13 7 5 5 4 1 1 0 0 1 2 2 4 24 24 28 28 32 27 27 28 26 26 26 26 23 17 17 10 6 6 4 4 4 5 5 6 6 6 7 7 3 2 2 1
 11 11 10 8 8 4 1 1 0 0 1 1 1 2 12 12 16 16 19 21 21 23 28 28 28 28 28 23 23 16 9 9 5 5 5 6 6 8 13 13 11 11 8 5 5 1
 11 11 10 8 8 4 1 1 0 0 1 1 1 2 12 12 16 16 19 21 21 23 28 28 28 28 28 23 23 16 9 9 5 5 5 6 6 8 13 13 11 11 8 5 5 1
 10 10 11 7 7 3 1 1 1 1 2 2 2 1 10 10 13 13 7 9 9 16 22 22 29 29 29 22 22 18 13 13 6 6 6 7 7 10 13 13 17 17 15 8 8 2
 9 9 10 6 6 5 4 4 3 3 5 4 4 2 2 2 3 3 4 4 4 7 15 15 20 20 20 14 14 14 11 11 6 6 6 8 8 9 12 12 14 14 16 8 8 4
 9 9 10 6 6 5 4 4 3 3 5 4 4 2 2 2 3 3 4 4 4 7 15 15 20 20 20 14 14 14 11 11 6 6 6 8 8 9 12 12 14 14 16 8 8 4
 12 12 10 7 7 6 6 6 8 8 15 24 24 19 8 8 2 2 2 3 3 4 5 5 11 11 8 5 5 5 5 5 5 5 7 7 7 7 9 9 9 9 10 7 7 6
 12 12 10 7 7 6 6 6 8 8 15 24 24 19 8 8 2 2 2 3 3 4 5 5 11 11 8 5 5 5 5 5 5 5 7 7 7 7 9 9 9 9 10 7 7 6
 9 9 7 10 10 11 13 13 23 23 33 58 58 35 11 11 3 3 3 2 2 5 4 4 7 7 5 4 4 4 4 4 5 5 7 7 7 6 7 7 7 7 8 6 6 6
 11 11 9 15 15 16 15 15 25 25 61 85 85 43 30 30 9 9 5 3 3 4 5 5 10 10 10 7 7 7 6 6 5 5 7 8 8 10 9 9 10 10 10 9 9 7
 11 11 9 15 15 16 15 15 25 25 61 85 85 43 30 30 9 9 5 3 3 4 5 5 10 10 10 7 7 7 6 6 5 5 7 8 8 10 9 9 10 10 10 9 9 7
 16 16 12 16 16 21 23 23 35 35 56 94 94 45 30 30 9 9 4 3 3 4 4 4 15 15 16 10 10 9 8 8 7 7 8 8 8 10 13 13 16 16 14 12 12 10
 16 16 18 23 23 29 32 32 47 47 64 86 86 45 35 35 15 15 9 4 4 6 6 6 19 19 24 20 20 19 16 16 15 15 13 11 11 12 17 17 24 24 24 20 20 17
 16 16 18 23 23 29 32 32 47 47 64 86 86 45 35 35 15 15 9 4 4 6 6 6 19 19 24 20 20 19 16 16 15 15 13 11 11 12 17 17 24 24 24 20 20 17
 13 13 20 21 21 28 44 44 53 53 50 75 75 45 22 22 30 30 23 12 12 6 7 7 20 20 27 28 28 27 23 23 25 25 24 26 26 20 23 23 33 33 30 29 29 28
 13 13 20 21 21 28 44 44 53 53 50 75 75 45 22 22 30 30 23 12 12 6 7 7 20 20 27 28 28 27 23 23 25 25 24 26 26 20 23 23 33 33 30 29 29 28
 13 13 24 26 26 37 78 78 44 44 34 24 24 38 20 20 21 21 16 14 14 10 8 8 14 14 23 27 27 29 30 30 30 30 31 32 32 30 34 34 38 38 43 44 44 42
 16 16 36 37 37 51 46 46 26 26 20 21 21 20 21 21 15 15 15 15 15 10 12 12 10 10 24 19 19 31 34 34 37 37 46 47 47 43 42 42 45 45 50 56 56 53
 16 16 36 37 37 51 46 46 26 26 20 21 21 20 21 21 15 15 15 15 15 10 12 12 10 10 24 19 19 31 34 34 37 37 46 47 47 43 42 42 45 45 50 56 56 53
 25 25 44 50 50 38 29 29 13 13 8 7 7 10 14 14 8 8 8 14 14 17 13 13 12 12 23 22 22 33 39 39 39 39 59 52 52 51 51 51 53 53 55 58 58 64
 27 27 47 79 79 45 37 37 12 12 8 6 6 8 10 10 9 9 8 10 10 17 15 15 12 12 17 23 23 23 33 33 34 34 43 49 49 52 51 51 56 56 56 57 57 55
 27 27 47 79 79 45 37 37 12 12 8 6 6 8 10 10 9 9 8 10 10 17 15 15 12 12 17 23 23 23 33 33 34 34 43 49 49 52 51 51 56 56 56 57 57 55
 40 40 62 54 54 26 24 24 8 8 2 2 2 5 6 6 8 8 7 8 8 10 15 15 15 15 18 23 23 23 24 24 25 25 37 40 40 39 40 40 46 46 47 47 47 48
 40 40 62 54 54 26 24 24 8 8 2 2 2 5 6 6 8 8 7 8 8 10 15 15 15 15 18 23 23 23 24 24 25 25 37 40 40 39 40 40 46 46 47 47 47 48
 33 33 32 21 21 9 9 9 6 6 3 2 2 4 5 5 5 5 5 8 8 10 13 13 16 16 17 16 16 23 27 27 22 22 29 33 33 23 25 25 30 30 29 28 28 34
 15 15 15 8 8 3 8 8 10 10 7 7 7 9 7 7 6 6 5 7 7 8 9 9 12 12 14 13 13 19 16 16 13 13 13 14 14 16 14 14 14 14 11 9 9 12
 15 15 15 8 8 3 8 8 10 10 7 7 7 9 7 7 6 6 5 7 7 8 9 9 12 12 14 13 13 19 16 16 13 13 13 14 14 16 14 14 14 14 11 9 9 12
 8 8 13 11 11 7 11 11 11 11 15 18 18 15 12 12 8 8 8 8 8 9 5 5 6 6 7 7 7 7 10 10 11 11 8 12 12 11 9 9 6 6 5 4 4 3
 6 6 7 11 11 10 10 10 11 11 12 14 14 19 17 17 6 6 19 10 10 10 5 5 4 4 3 2 2 3 3 3 6 6 4 8 8 9 3 3 10 10 8 2 2 2
 6 6 7 11 11 10 10 10 11 11 12 14 14 19 17 17 6 6 19 10 10 10 5 5 4 4 3 2 2 3 3 3 6 6 4 8 8 9 3 3 10 10 8 2 2 2
 10 10 5 7 7 8 10 10 9 9 8 18 18 12 12 12 13 13 21 24 24 26 21 21 18 18 12 2 2 2 2 2 1 1 2 7 7 11 10 10 10 10 10 3 3 1
 10 10 5 7 7 8 10 10 9 9 8 18 18 12 12 12 13 13 21 24 24 26 21 21 18 18 12 2 2 2 2 2 1 1 2 7 7 11 10 10 10 10 10 3 3 1
 9 9 6 5 5 5 9 9 8 8 9 16 16 16 17 17 21 21 29 38 38 40 30 30 24 24 23 10 10 5 3 3 2 2 3 5 5 7 8 8 10 10 10 3 3 1
 8 8 5 3 3 8 8 8 9 9 12 12 12 13 20 20 12 12 29 35 35 34 25 25 22 22 21 35 35 41 20 20 7 7 4 3 3 6 6 6 5 5 2 1 1 1
 8 8 5 3 3 8 8 8 9 9 12 12 12 13 20 20 12 12 29 35 35 34 25 25 22 22 21 35 35 41 20 20 7 7 4 3 3 6 6 6 5 5 2 1 1 1
 11 11 6 5 5 10 10 10 11 11 12 11 11 12 13 13 10 10 13 15 15 13 14 14 15 15 30 39 39 80 58 58 23 23 16 12 12 8 9 9 3 3 2 2 2 2
 11 11 7 8 8 12 13 13 12 12 12 6 6 5 7 7 6 6 23 8 8 7 9 9 16 16 37 56 56 80 55 55 32 32 24 24 24 12 11 11 13 13 3 2 2 1
