assets/RAT_results_old/precipitation/2023-05-04_IMERG.asc
ncols        46
nrows        77
xllcorner    74.800261325624
yllcorner    8.058333333333
cellsize     0.062500000000
NODATA_value -9999
 0 0 0 0 0 0 0 0 0 0 0 0 0 0 0 0 0 0 0 0 0 0 0 0 0 0 2 5 5 7 10 10 9 9 10 9 9 11 27 27 30 30 34 15 15 14
 0 0 0 0 0 0 0 0 0 0 0 0 0 0 0 0 0 0 0 0 0 0 0 0 0 0 2 4 4 9 12 12 14 14 16 15 15 13 12 12 16 16 14 16 16 15
 0 0 0 0 0 0 0 0 0 0 0 0 0 0 0 0 0 0 0 0 0 0 0 0 0 0 2 4 4 9 12 12 14 14 16 15 15 13 12 12 16 16 14 16 16 15
 0 0 0 0 0 0 0 0 0 0 0 0 0 0 0 0 0 0 0 0 0 0 0 0 0 0 2 2 2 6 11 11 14 14 20 22 22 26 23 23 20 20 9 12 12 14
 0 0 0 0 0 0 0 0 0 0 0 0 0 0 0 0 0 0 0 0 0 0 0 0 0 0 1 1 1 4 6 6 8 8 21 24 24 33 34 34 25 25 16 13 13 12
 0 0 0 0 0 0 0 0 0 0 0 0 0 0 0 0 0 0 0 0 0 0 0 0 0 0 1 1 1 4 6 6 8 8 21 24 24 33 34 34 25 25 16 13 13 12
 0 0 0 0 0 0 0 0 0 0 0 0 0 0 0 0 0 0 0 0 0 1 1 1 0 0 0 1 1 2 3 3 4 4 17 31 31 38 24 24 24 24 19 13 13 13
 0 0 0 0 0 0 0 0 0 0 0 0 0 0 0 0 0 0 0 0 0 1 1 1 0 0 0 1 1 2 3 3 4 4 17 31 31 38 24 24 24 24 19 13 13 13
 1 1 1 0 0 0 0 0 0 0 0 0 0 0 0 0 0 0 0 1 1 1 1 1 0 0 0 1 1 1 1 1 5 5 10 17 17 23 28 28 31 31 35 26 26 22
 1 1 1 0 0 0 0 0 0 0 0 0 0 1 0 0 0 0 0 1 1 1 1 1 0 0 0 1 1 2 1 1 2 2 6 12 12 16 21 21 26 26 31 33 33 28
 1 1 1 0 0 0 0 0 0 0 0 0 0 1 0 0 0 0 0 1 1 1 1 1 0 0 0 1 1 2 1 1 2 2 6 12 12 16 21 21 26 26 31 33 33 28
 1 1 0 0 0 0 0 0 0 0 0 0 0 1 1 1 0 0 0 0 0 0 0 0 0 0 0 1 1 2 3 3 2 2 3 7 7 7 8 8 11 11 15 20 20 29
 0 0 0 0 0 0 0 0 0 0 0 0 0 0 0 0 1 1 1 0 0 0 0 0 0 0 1 1 1 2 4 4 3 3 4 9 9 10 8 8 9 9 11 14 14 20
 0 0 0 0 0 0 0 0 0 0 0 0 0 0 0 0 1 1 1 0 0 0 0 0 0 0 1 1 1 2 4 4 3 3 4 9 9 10 8 8 9 9 11 14 14 20
 0 0 0 0 0 0 0 0 0 0 0 0 0 0 0 0 0 0 0 0 0 0 0 0 1 1 2 2 2 3 5 5 5 5 6 7 7 9 10 10 9 9 9 9 9 13
 0 0 0 0 0 0 0 0 0 0 0 0 0 0 0 0 0 0 0 0 0 0 0 0 1 1 2 2 2 3 5 5 5 5 6 7 7 9 10 10 9 9 9 9 9 13
 1 1 0 0 0 0 0 0 0 0 0 0 0 0 0 0 0 0 0 0 0 0 0 0 1 1 3 5 5 8 8 8 10 10 13 14 14 13 12 12 11 11 11 6 6 7
 0 0 0 0 0 0 0 0 0 0 0 1 1 1 1 1 0 0 0 0 0 0 0 0 1 1 2 5 5 9 10 10 14 14 24 26 26 22 18 18 13 13 9 6 6 4
 0 0 0 0 0 0 0 0 0 0 0 1 1 1 1 1 0 0 0 0 0 0 0 0 1 1 2 5 5 9 10 10 14 14 24 26 26 22 18 18 13 13 9 6 6 4
 0 0 0 1 1 1 0 0 0 0 1 1 1 1 0 0 0 0 0 0 0 0 0 0 0 0 1 4 4 8 8 8 17 17 26 28 28 29 34 34 24 24 13 7 7 7
 0 0 1 1 1 1 0 0 0 0 1 1 1 1 0 0 0 0 0 0 0 0 0 0 0 0 0 2 2 5 9 9 14 14 20 22 22 26 52 52 43 43 26 20 20 18
 0 0 1 1 1 1 0 0 0 0 1 1 1 1 0 0 0 0 0 0 0 0 0 0 0 0 0 2 2 5 9 9 14 14 20 22 22 26 52 52 43 43 26 20 20 18
 0 0 0 0 0 0 0 0 0 0 1 1 1 0 0 0 0 0 0 0 0 0 0 0 0 0 0 1 1 2 4 4 7 7 17 17 17 18 39 39 43 43 40 31 31 28
 0 0 0 0 0 0 0 0 0 0 1 1 1 0 0 0 0 0 0 0 0 0 0 0 0 0 0 1 1 2 4 4 7 7 17 17 17 18 39 39 43 43 40 31 31 28
 0 0 0 0 0 0 0 0 0 0 0 0 0 0 0 0 0 0 0 0 0 0 0 0 0 0 0 0 0 1 3 3 3 3 7 10 10 13 18 18 30 30 39 40 40 48
 0 0 0 0 0 0 0 0 0 0 0 0 0 0 0 0 0 0 0 0 0 0 0 0 0 0 0 0 0 0 1 1 1 1 2 4 4 6 9 9 22 22 35 40 40 50
 0 0 0 0 0 0 0 0 0 0 0 0 0 0 0 0 0 0 0 0 0 0 0 0 0 0 0 0 0 0 1 1 1 1 2 4 4 6 9 9 22 22 35 40 40 50
 0 0 0 0 0 0 0 0 0 0 0 0 0 0 0 0 0 0 1 0 0 0 0 0 0 0 0 0 0 0 0 0 0 0 1 2 2 5 7 7 14 14 22 38 38 52
 0 0 0 0 0 0 0 0 0 0 0 0 0 0 0 0 0 0 0 0 0 0 0 0 0 0 0 0 0 0 0 0 0 0 0 1 1 5 8 8 14 14 20 29 29 28
 0 0 0 0 0 0 0 0 0 0 0 0 0 0 0 0 0 0 0 0 0 0 0 0 0 0 0 0 0 0 0 0 0 0 0 1 1 5 8 8 14 14 20 29 29 28
 0 0 0 0 0 0 0 0 0 0 0 0 0 0 0 0 0 0 0 0 0 0 0 0 0 0 0 0 0 0 0 0 0 0 0 2 2 5 8 8 10 10 21 30 30 27
 0 0 0 0 0 0 0 0 0 0 0 0 0 0 0 0 0 0 0 0 0 0 0 0 0 0 0 0 0 0 0 0 0 0 0 2 2 5 8 8 10 10 21 30 30 27
 0 0 0 0 0 0 0 0 0 0 0 0 0 0 0 0 0 0 0 1 1 0 0 0 0 0 0 0 0 0 0 0 0 0 1 3 3 8 8 8 9 9 19 22 22 27
 0 0 0 0 0 1 1 1 1 1 0 0 0 0 0 0 0 0 0 0 0 0 0 0 0 0 0 0 0 0 0 0 0 0 1 2 2 3 7 7 12 12 19 18 18 24
 0 0 0 0 0 1 1 1 1 1 0 0 0 0 0 0 0 0 0 0 0 0 0 0 0 0 0 0 0 0 0 0 0 0 1 2 2 3 7 7 12 12 19 18 18 24
 0 0 0 0 0 0 1 1 1 1 1 1 1 0 0 0 0 0 0 0 0 1 2 2 1 1 1 0 0 0 0 0 0 0 0 1 1 2 5 5 12 12 29 29 29 32
 0 0 0 0 0 1 1 1 1 1 1 2 2 2 1 1 0 0 0 0 0 0 1 1 1 1 2 2 2 1 1 1 0 0 0 1 1 2 5 5 11 11 11 23 23 33
 0 0 0 0 0 1 1 1 1 1 1 2 2 2 1 1 0 0 0 0 0 0 1 1 1 1 2 2 2 1 1 1 0 0 0 1 1 2 5 5 11 11 11 23 23 33
 0 0 0 0 0 1 1 1 2 2 1 1 1 2 1 1 1 1 0 0 0 0 0 0 1 1 4 4 4 2 2 2 1 1 1 1 1 2 5 5 9 9 14 36 36 49
 0 0 0 0 0 1 1 1 2 2 1 1 1 2 1 1 1 1 0 0 0 0 0 0 1 1 4 4 4 2 2 2 1 1 1 1 1 2 5 5 9 9 14 36 36 49
 0 0 0 1 1 1 2 2 3 3 2 2 2 2 1 1 1 1 1 1 1 0 0 0 1 1 3 4 4 6 6 6 4 4 2 2 2 2 5 5 13 13 16 32 32 44
 1 1 1 1 1 2 3 3 3 3 2 2 2 1 1 1 1 1 0 1 1 1 1 1 1 1 1 2 2 4 5 5 4 4 6 7 7 6 4 4 5 5 10 28 28 29
 1 1 1 1 1 2 3 3 3 3 2 2 2 1 1 1 1 1 0 1 1 1 1 1 1 1 1 2 2 4 5 5 4 4 6 7 7 6 4 4 5 5 10 28 28 29
 1 1 1 1 1 1 2 2 2 2 2 2 2 1 1 1 0 0 0 0 0 1 1 1 1 1 1 1 1 1 3 3 6 6 11 13 13 9 6 6 6 6 7 7 7 14
 1 1 0 1 1 1 1 1 2 2 2 2 2 2 2 2 1 1 0 0 0 0 0 0 1 1 1 1 1 1 3 3 4 4 7 9 9 8 10 10 9 9 5 6 6 8
 1 1 0 1 1 1 1 1 2 2 2 2 2 2 2 2 1 1 0 0 0 0 0 0 1 1 1 1 1 1 3 3 4 4 7 9 9 8 10 10 9 9 5 6 6 8
 1 1 1 2 2 1 1 1 1 1 1 1 1 3 6 6 3 3 1 0 0 0 0 0 0 0 1 1 1 1 1 1 2 2 3 5 5 5 11 11 12 12 7 5 5 5
 1 1 1 2 2 1 1 1 1 1 1 1 1 3 6 6 3 3 1 0 0 0 0 0 0 0 1 1 1 1 1 1 2 2 3 5 5 5 11 11 12 12 7 5 5 5
 0 0 1 2 2 1 1 1 2 2 1 1 1 3 8 8 6 6 4 1 1 0 0 0 0 0 0 1 1 0 1 1 1 1 2 3 3 3 5 5 8 8 6 5 5 5
 1 1 1 1 1 1 1 1 1 1 0 0 0 1 5 5 4 4 4 2 2 1 0 0 0 0 0 0 0 0 0 0 0 0 1 2 2 2 4 4 6 6 5 5 5 5
 1 1 1 1 1 1 1 1 1 1 0 0 0 1 5 5 4 4 4 2 2 1 0 0 0 0 0 0 0 0 0 0 0 0 1 2 2 2 4 4 6 6 5 5 5 5
 1 1 1 1 1 1 1 1 1 1 0 0 0 0 1 1 2 2 3 1 1 1 0 0 0 0 0 1 1 0 0 0 0 0 1 2 2 3 2 2 3 3 3 4 4 5
 0 0 0 0 0 1 2 2 1 1 0 0 0 0 0 0 1 1 2 1 1 2 1 1 0 0 0 0 0 0 0 0 0 0 1 1 1 2 2 2 2 2 2 3 3 4
 0 0 0 0 0 1 2 2 1 1 0 0 0 0 0 0 1 1 2 1 1 2 1 1 0 0 0 0 0 0 0 0 0 0 1 1 1 2 2 2 2 2 2 3 3 4
 0 0 0 0 0 0 1 1 1 1 0 0 0 0 0 0 0 0 2 3 3 2 1 1 1 1 0 0 0 2 1 1 0 0 1 1 1 1 2 2 2 2 2 3 3 3
 0 0 0 0 0 0 1 1 1 1 0 0 0 0 0 0 0 0 2 3 3 2 1 1 1 1 0 0 0 2 1 1 0 0 1 1 1 1 2 2 2 2 2 3 3 3
 0 0 0 0 0 0 0 0 0 0 0 0 0 0 0 0 0 0 0 1 1 1 3 3 2 2 1 1 1 1 1 1 1 1 1 1 1 1 2 2 2 2 2 2 2 3
 0 0 0 1 1 1 1 1 1 1 2 1 1 0 0 0 1 1 1 1 1 1 1 1 1 1 1 1 1 1 1 1 1 1 2 2 2 2 2 2 2 2 3 3 3 3
 0 0 0 1 1 1 1 1 1 1 2 1 1 0 0 0 1 1 1 1 1 1 1 1 1 1 1 1 1 1 1 1 1 1 2 2 2 2 2 2 2 2 3 3 3 3
 0 0 1 2 2 2 2 2 2 2 1 0 0 1 2 2 1 1 1 1 1 2 1 1 1 1 1 1 1 1 2 2 2 2 2 3 3 3 3 3 3 3 4 4 4 4
 1 1 1 1 1 1 1 1 1 1 1 0 0 0 1 1 3 3 2 1 1 4 5 5 3 3 1 1 1 1 2 2 2 2 3 4 4 4 5 5 5 5 5 5 5 5
 1 1 1 1 1 1 1 1 1 1 1 0 0 0 1 1 3 3 2 1 1 4 5 5 3 3 1 1 1 1 2 2 2 2 3 4 4 4 5 5 5 5 5 5 5 5
 1 1 1 0 0 0 0 0 0 0 0 0 0 0 1 1 1 1 1 1 1 2 5 5 8 8 2 1 1 1 2 2 2 2 4 4 4 5 6 6 6 6 6 5 5 6
 1 1 1 0 0 0 0 0 0 0 0 0 0 0 1 1 1 1 1 1 1 2 5 5 8 8 2 1 1 1 2 2 2 2 4 4 4 5 6 6 6 6 6 5 5 6
 2 2 1 0 0 0 0 0 0 0 0 0 0 0 1 1 1 1 0 1 1 1 4 4 7 7 2 1 1 1 2 2 2 2 4 4 4 5 6 6 7 7 6 6 6 7
 2 2 1 0 0 0 0 0 0 0 0 0 0 1 1 1 1 1 1 2 2 2 4 4 6 6 2 1 1 1 1 1 2 2 4 4 4 5 6 6 6 6 7 7 7 7
 2 2 1 0 0 0 0 0 0 0 0 0 0 1 1 1 1 1 1 2 2 2 4 4 6 6 2 1 1 1 1 1 2 2 4 4 4 5 6 6 6 6 7 7 7 7
 3 3 1 1 1 1 1 1 0 0 0 0 0 1 1 1 1 1 2 4 4 3 4 4 3 3 1 1 1 2 1 1 2 2 3 3 3 5 6 6 6 6 7 7 7 7
 2 2 2 1 1 2 2 2 1 1 1 0 0 0 1 1 1 1 1 3 3 2 1 1 1 1 1 1 1 1 2 2 2 2 3 4 4 4 5 5 6 6 7 7 7 7
 2 2 2 1 1 2 2 2 1 1 1 0 0 0 1 1 1 1 1 3 3 2 1 1 1 1 1 1 1 1 2 2 2 2 3 4 4 4 5 5 6 6 7 7 7 7
 2 2 3 2 2 2 2 2 2 2 1 1 1 0 0 0 1 1 1 1 1 1 1 1 1 1 1 1 1 1 2 2 2 2 2 3 3 4 4 4 5 5 7 9 9 8
 2 2 3 2 2 2 2 2 2 2 1 1 1 0 0 0 1 1 1 1 1 1 1 1 1 1 1 1 1 1 2 2 2 2 2 3 3 4 4 4 5 5 7 9 9 8
 2 2 2 3 3 4 3 3 3 3 3 2 2 1 1 1 1 1 1 2 2 1 1 1 1 1 1 1 1 1 1 1 2 2 2 3 3 3 4 4 4 4 6 7 7 7
 1 1 2 3 3 3 3 3 4 4 4 3 3 3 3 3 2 2 2 3 3 3 2 2 1 1 1 2 2 2 2 2 2 2 2 2 2 2 3 3 3 3 4 5 5 6
 1 1 2 3 3 3 3 3 4 4 4 3 3 3 3 3 2 2 2 3 3 3 2 2 1 1 1 2 2 2 2 2 2 2 2 2 2 2 3 3 3 3 4 5 5 6
 1 1 2 3 3 3 5 5 5 5 2 2 2 4 6 6 2 2 2 3 3 4 5 5 3 3 2 3 3 4 4 4 3 3 2 1 1 1 2 2 2 2 3 3 3 4
 1 1 2 4 4 5 6 6 5 5 4 4 4 3 4 4 3 3 2 3 3 5 6 6 5 5 3 2 2 4 4 4 4 4 4 2 2 1 1 1 1 1 2 2 2 2
