assets/RAT_results_old/precipitation/2023-10-27_IMERG.asc
ncols        46
nrows        77
xllcorner    74.800261325624
yllcorner    8.058333333333
cellsize     0.062500000000
NODATA_value -9999
 0 0 0 0 0 0 0 0 0 0 0 0 0 0 0 0 0 0 0 0 0 0 0 0 0 0 0 0 0 0 0 0 0 0 0 0 0 0 0 0 0 0 0 0 0 0
 0 0 0 0 0 0 0 0 0 0 0 0 0 0 0 0 0 0 0 0 0 0 0 0 0 0 0 0 0 0 0 0 0 0 0 0 0 0 0 0 0 0 0 0 0 0
 0 0 0 0 0 0 0 0 0 0 0 0 0 0 0 0 0 0 0 0 0 0 0 0 0 0 0 0 0 0 0 0 0 0 0 0 0 0 0 0 0 0 0 0 0 0
 0 0 0 0 0 0 0 0 0 0 0 0 0 0 0 0 0 0 0 0 0 0 0 0 0 0 0 0 0 0 0 0 0 0 0 0 0 0 0 0 0 0 0 0 0 0
 1 1 1 0 0 0 0 0 0 0 0 0 0 0 0 0 0 0 0 0 0 0 0 0 0 0 0 0 0 0 0 0 0 0 0 0 0 0 0 0 0 0 0 0 0 0
 1 1 1 0 0 0 0 0 0 0 0 0 0 0 0 0 0 0 0 0 0 0 0 0 0 0 0 0 0 0 0 0 0 0 0 0 0 0 0 0 0 0 0 0 0 0
 0 0 2 0 0 0 0 0 0 0 0 0 0 0 0 0 0 0 0 0 0 0 0 0 0 0 0 0 0 0 0 0 0 0 0 0 0 0 0 0 0 0 0 0 0 0
 0 0 2 0 0 0 0 0 0 0 0 0 0 0 0 0 0 0 0 0 0 0 0 0 0 0 0 0 0 0 0 0 0 0 0 0 0 0 0 0 0 0 0 0 0 0
 0 0 0 1 1 0 0 0 0 0 0 0 0 0 0 0 0 0 0 0 0 0 0 0 0 0 0 0 0 0 0 0 0 0 0 0 0 0 0 0 0 0 0 0 0 0
 0 0 0 0 0 0 0 0 1 1 0 0 0 0 0 0 0 0 0 0 0 0 0 0 0 0 0 0 0 0 0 0 0 0 0 0 0 0 0 0 0 0 0 0 0 0
 0 0 0 0 0 0 0 0 1 1 0 0 0 0 0 0 0 0 0 0 0 0 0 0 0 0 0 0 0 0 0 0 0 0 0 0 0 0 0 0 0 0 0 0 0 0
 0 0 0 0 0 1 1 1 1 1 0 0 0 0 0 0 0 0 0 0 0 0 0 0 0 0 0 0 0 0 0 0 0 0 0 0 0 0 0 0 0 0 0 0 0 0
 0 0 0 0 0 0 1 1 0 0 0 0 0 0 0 0 0 0 0 1 1 1 0 0 0 0 0 0 0 0 0 0 0 0 0 0 0 0 0 0 0 0 0 0 0 0
 0 0 0 0 0 0 1 1 0 0 0 0 0 0 0 0 0 0 0 1 1 1 0 0 0 0 0 0 0 0 0 0 0 0 0 0 0 0 0 0 0 0 0 0 0 0
 0 0 0 0 0 0 0 0 0 0 0 0 0 0 0 0 1 1 3 3 3 2 0 0 0 0 0 0 0 0 0 0 0 0 0 0 0 0 0 0 0 0 0 0 0 0
 0 0 0 0 0 0 0 0 0 0 0 0 0 0 0 0 1 1 3 3 3 2 0 0 0 0 0 0 0 0 0 0 0 0 0 0 0 0 0 0 0 0 0 0 0 0
 0 0 0 0 0 1 1 1 3 3 4 1 1 1 1 1 4 4 6 7 7 4 1 1 0 0 0 0 0 0 0 0 0 0 0 0 0 0 0 0 0 0 0 0 0 0
 0 0 1 0 0 1 3 3 4 4 5 1 1 2 4 4 8 8 11 11 11 6 1 1 1 1 1 0 0 0 0 0 0 0 0 0 0 0 0 0 0 0 0 0 0 0
 0 0 1 0 0 1 3 3 4 4 5 1 1 2 4 4 8 8 11 11 11 6 1 1 1 1 1 0 0 0 0 0 0 0 0 0 0 0 0 0 0 0 0 0 0 0
 0 0 1 0 0 0 3 3 4 4 7 10 10 10 9 9 15 15 12 12 12 7 2 2 2 2 1 0 0 0 0 0 0 0 0 0 0 0 0 0 0 0 0 0 0 0
 1 1 1 0 0 0 1 1 3 3 17 21 21 13 9 9 14 14 13 11 11 7 2 2 1 1 1 0 0 0 0 0 1 1 0 0 0 0 0 0 0 0 0 0 0 0
 1 1 1 0 0 0 1 1 3 3 17 21 21 13 9 9 14 14 13 11 11 7 2 2 1 1 1 0 0 0 0 0 1 1 0 0 0 0 0 0 0 0 0 0 0 0
 1 1 1 0 0 0 1 1 5 5 17 17 17 14 15 15 20 20 25 18 18 12 2 2 0 0 0 0 0 0 1 1 1 1 0 0 0 0 0 0 0 0 0 0 0 0
 1 1 1 0 0 0 1 1 5 5 17 17 17 14 15 15 20 20 25 18 18 12 2 2 0 0 0 0 0 0 1 1 1 1 0 0 0 0 0 0 0 0 0 0 0 0
 1 1 0 1 1 1 2 2 2 2 21 22 22 16 12 12 18 18 23 16 16 10 1 1 0 0 0 0 0 0 1 1 1 1 0 0 0 0 0 0 0 0 0 0 0 0
 0 0 0 0 0 1 1 1 3 3 1 22 22 10 12 12 14 14 11 11 11 3 1 1 0 0 0 0 0 1 1 1 0 0 0 0 0 0 0 0 0 0 0 0 0 0
 0 0 0 0 0 1 1 1 3 3 1 22 22 10 12 12 14 14 11 11 11 3 1 1 0 0 0 0 0 1 1 1 0 0 0 0 0 0 0 0 0 0 0 0 0 0
 0 0 0 1 1 0 1 1 9 9 6 1 1 3 2 2 2 2 2 2 2 1 0 0 0 0 0 0 0 0 0 0 0 0 0 0 0 0 0 0 0 0 0 0 0 0
 1 1 1 1 1 1 0 0 6 6 3 3 3 2 2 2 2 2 1 1 1 0 0 0 0 0 0 0 0 0 0 0 0 0 0 0 0 0 0 0 0 0 0 0 0 0
 1 1 1 1 1 1 0 0 6 6 3 3 3 2 2 2 2 2 1 1 1 0 0 0 0 0 0 0 0 0 0 0 0 0 0 0 0 0 0 0 0 0 0 0 0 0
 1 1 1 1 1 1 1 1 1 1 1 2 2 2 2 2 1 1 0 0 0 0 0 0 0 0 0 1 1 1 1 1 0 0 0 0 0 0 0 0 0 0 0 0 0 0
 1 1 1 1 1 1 1 1 1 1 1 2 2 2 2 2 1 1 0 0 0 0 0 0 0 0 0 1 1 1 1 1 0 0 0 0 0 0 0 0 0 0 0 0 0 0
 1 1 1 2 2 2 3 3 2 2 3 3 3 1 2 2 0 0 0 0 0 0 1 1 0 0 1 1 1 2 2 2 0 0 0 0 0 0 0 0 0 0 0 0 0 0
 1 1 2 4 4 5 5 5 4 4 4 4 4 1 1 1 1 1 1 0 0 1 1 1 2 2 2 3 3 4 3 3 1 1 0 0 0 0 0 0 0 0 0 0 0 0
 1 1 2 4 4 5 5 5 4 4 4 4 4 1 1 1 1 1 1 0 0 1 1 1 2 2 2 3 3 4 3 3 1 1 0 0 0 0 0 0 0 0 0 0 0 0
 4 4 6 9 9 9 9 9 7 7 5 3 3 1 1 1 1 1 0 0 0 1 2 2 3 3 5 6 6 6 5 5 2 2 1 0 0 0 0 0 0 0 0 0 0 0
 8 8 8 13 13 12 14 14 12 12 8 5 5 2 1 1 0 0 0 0 0 0 3 3 6 6 8 11 11 10 8 8 3 3 1 0 0 0 0 0 0 0 0 0 0 0
 8 8 8 13 13 12 14 14 12 12 8 5 5 2 1 1 0 0 0 0 0 0 3 3 6 6 8 11 11 10 8 8 3 3 1 0 0 0 0 0 0 0 0 0 0 0
 9 9 13 25 25 15 12 12 8 8 6 4 4 3 2 2 0 0 0 0 0 1 3 3 7 7 13 20 20 16 7 7 4 4 2 1 1 1 0 0 0 0 0 0 0 0
 9 9 13 25 25 15 12 12 8 8 6 4 4 3 2 2 0 0 0 0 0 1 3 3 7 7 13 20 20 16 7 7 4 4 2 1 1 1 0 0 0 0 0 0 0 0
 14 14 20 16 16 9 7 7 4 4 4 5 5 3 1 1 1 1 0 1 1 1 5 5 11 11 19 32 32 28 9 9 7 7 4 2 2 2 1 1 0 0 0 0 0 0
 15 15 22 14 14 12 8 8 4 4 3 3 3 3 2 2 1 1 2 3 3 4 5 5 12 12 25 39 39 47 12 12 6 6 4 2 2 3 1 1 0 0 1 1 1 0
 15 15 22 14 14 12 8 8 4 4 3 3 3 3 2 2 1 1 2 3 3 4 5 5 12 12 25 39 39 47 12 12 6 6 4 2 2 3 1 1 0 0 1 1 1 0
 28 28 28 24 24 29 12 12 8 8 5 4 4 4 3 3 2 2 2 2 2 2 4 4 11 11 31 57 57 28 12 12 7 7 4 3 3 3 2 2 1 1 1 1 1 0
 53 53 28 23 23 30 16 16 11 11 6 5 5 5 4 4 4 4 2 1 1 1 5 5 12 12 31 58 58 11 26 26 7 7 5 2 2 3 1 1 0 0 0 0 0 0
 53 53 28 23 23 30 16 16 11 11 6 5 5 5 4 4 4 4 2 1 1 1 5 5 12 12 31 58 58 11 26 26 7 7 5 2 2 3 1 1 0 0 0 0 0 0
 55 55 55 30 30 32 14 14 8 8 6 6 6 7 6 6 5 5 2 6 6 7 4 4 12 12 26 9 9 9 8 8 6 6 5 2 2 1 0 0 0 0 0 0 0 0
 55 55 55 30 30 32 14 14 8 8 6 6 6 7 6 6 5 5 2 6 6 7 4 4 12 12 26 9 9 9 8 8 6 6 5 2 2 1 0 0 0 0 0 0 0 0
 195 195 54 29 29 32 17 17 11 11 10 10 10 11 9 9 5 5 2 8 8 8 4 4 13 13 29 10 10 11 11 11 8 8 4 2 2 1 0 0 0 0 0 0 0 1
 196 196 33 35 35 36 17 17 15 15 17 15 15 13 11 11 5 5 3 8 8 9 11 11 16 16 6 12 12 18 27 27 9 9 4 1 1 0 0 0 0 0 0 0 0 2
 196 196 33 35 35 36 17 17 15 15 17 15 15 13 11 11 5 5 3 8 8 9 11 11 16 16 6 12 12 18 27 27 9 9 4 1 1 0 0 0 0 0 0 0 0 2
 41 41 7 7 7 6 16 16 20 20 28 21 21 17 12 12 4 4 2 6 6 6 7 7 8 8 3 9 9 19 22 22 6 6 2 0 0 0 0 0 0 0 2 3 3 2
 12 12 6 6 6 5 8 8 11 11 21 21 21 16 9 9 4 4 2 1 1 5 1 1 7 7 9 12 12 11 11 11 2 2 1 0 0 0 1 1 1 1 3 11 11 1
 12 12 6 6 6 5 8 8 11 11 21 21 21 16 9 9 4 4 2 1 1 5 1 1 7 7 9 12 12 11 11 11 2 2 1 0 0 0 1 1 1 1 3 11 11 1
 7 7 3 3 3 3 4 4 5 5 8 9 9 9 9 9 5 5 3 1 1 0 0 0 6 6 22 21 21 10 4 4 1 1 1 0 0 0 2 2 3 3 2 10 10 14
 7 7 3 3 3 3 4 4 5 5 8 9 9 9 9 9 5 5 3 1 1 0 0 0 6 6 22 21 21 10 4 4 1 1 1 0 0 0 2 2 3 3 2 10 10 14
 3 3 4 5 5 3 3 3 3 3 4 6 6 6 6 6 3 3 3 1 1 0 0 0 2 2 10 48 48 9 6 6 5 5 4 0 0 0 0 0 2 2 0 0 0 0
 2 2 3 7 7 7 8 8 5 5 6 5 5 5 4 4 4 4 4 2 2 1 0 0 0 0 1 1 1 1 1 1 0 0 1 0 0 0 0 0 0 0 0 0 0 0
 2 2 3 7 7 7 8 8 5 5 6 5 5 5 4 4 4 4 4 2 2 1 0 0 0 0 1 1 1 1 1 1 0 0 1 0 0 0 0 0 0 0 0 0 0 0
 1 1 1 3 3 5 9 9 8 8 6 7 7 7 5 5 5 5 5 4 4 3 1 1 0 0 1 1 1 1 1 1 1 1 1 0 0 0 0 0 0 0 0 0 0 0
 0 0 1 4 4 9 12 12 12 12 10 9 9 13 7 7 5 5 5 4 4 2 1 1 0 0 0 1 1 2 2 2 1 1 1 0 0 0 0 0 0 0 0 0 0 0
 0 0 1 4 4 9 12 12 12 12 10 9 9 13 7 7 5 5 5 4 4 2 1 1 0 0 0 1 1 2 2 2 1 1 1 0 0 0 0 0 0 0 0 0 0 0
 0 0 1 7 7 11 15 15 17 17 15 11 11 12 12 12 7 7 6 4 4 2 0 0 0 0 2 1 1 1 1 1 0 0 0 0 0 0 0 0 0 0 0 0 0 0
 0 0 1 7 7 11 15 15 17 17 15 11 11 12 12 12 7 7 6 4 4 2 0 0 0 0 2 1 1 1 1 1 0 0 0 0 0 0 0 0 0 0 0 0 0 0
 0 0 3 9 9 13 16 16 17 17 19 16 16 13 13 13 7 7 7 3 3 1 0 0 0 0 0 0 0 0 0 0 0 0 0 0 0 0 0 0 0 0 0 0 0 0
 0 0 2 5 5 11 16 16 19 19 23 25 25 11 8 8 5 5 3 1 1 1 0 0 0 0 0 0 0 0 0 0 0 0 0 0 0 0 0 0 0 0 0 0 0 0
 0 0 2 5 5 11 16 16 19 19 23 25 25 11 8 8 5 5 3 1 1 1 0 0 0 0 0 0 0 0 0 0 0 0 0 0 0 0 0 0 0 0 0 0 0 0
 0 0 6 7 7 8 10 10 17 17 20 16 16 5 3 3 2 2 1 1 1 4 0 0 0 0 0 0 0 0 0 0 1 1 1 1 1 1 0 0 0 0 1 0 0 1
 1 1 3 7 7 7 8 8 7 7 9 7 7 3 1 1 2 2 1 1 1 7 3 3 1 1 1 3 3 0 0 0 2 2 3 1 1 0 0 0 0 0 3 3 3 0
 1 1 3 7 7 7 8 8 7 7 9 7 7 3 1 1 2 2 1 1 1 7 3 3 1 1 1 3 3 0 0 0 2 2 3 1 1 0 0 0 0 0 3 3 3 0
 2 2 4 3 3 5 5 5 7 7 5 7 7 3 2 2 7 7 5 5 5 5 4 4 1 1 1 3 3 2 3 3 3 3 4 1 1 0 1 1 0 0 0 1 1 0
 2 2 4 3 3 5 5 5 7 7 5 7 7 3 2 2 7 7 5 5 5 5 4 4 1 1 1 3 3 2 3 3 3 3 4 1 1 0 1 1 0 0 0 1 1 0
 5 5 3 1 1 5 6 6 7 7 10 23 23 11 5 5 11 11 8 5 5 3 2 2 1 1 2 4 4 2 4 4 11 11 7 2 2 0 0 0 0 0 0 1 1 2
 4 4 2 1 1 1 3 3 5 5 9 11 11 12 10 10 17 17 11 6 6 2 1 1 1 1 4 2 2 3 3 3 15 15 3 0 0 0 0 0 0 0 0 0 0 0
 4 4 2 1 1 1 3 3 5 5 9 11 11 12 10 10 17 17 11 6 6 2 1 1 1 1 4 2 2 3 3 3 15 15 3 0 0 0 0 0 0 0 0 0 0 0
 2 2 2 2 2 2 3 3 5 5 26 13 13 16 16 16 17 17 7 9 9 2 1 1 3 3 5 2 2 5 11 11 12 12 5 0 0 0 0 0 0 0 0 0 0 0
 1 1 1 1 1 2 3 3 4 4 4 4 4 7 16 16 12 12 6 12 12 1 0 0 2 2 1 0 0 7 12 12 5 5 2 0 0 0 0 0 0 0 0 0 0 0
