assets/RAT_results_old/precipitation/2023-06-01_IMERG.asc
ncols        46
nrows        77
xllcorner    74.800261325624
yllcorner    8.058333333333
cellsize     0.062500000000
NODATA_value -9999
 4 4 0 0 0 0 0 0 1 1 2 1 1 0 0 0 1 1 2 1 1 1 1 1 0 0 1 5 5 9 11 11 11 11 9 3 3 0 1 1 1 1 4 5 5 6
 1 1 0 0 0 1 1 1 1 1 1 2 2 1 0 0 1 1 2 2 2 2 1 1 0 0 0 2 2 6 6 6 4 4 2 1 1 1 1 1 1 1 2 4 4 5
 1 1 0 0 0 1 1 1 1 1 1 2 2 1 0 0 1 1 2 2 2 2 1 1 0 0 0 2 2 6 6 6 4 4 2 1 1 1 1 1 1 1 2 4 4 5
 1 1 0 0 0 0 0 0 1 1 1 3 3 2 0 0 0 0 0 0 0 0 1 1 1 1 1 1 1 1 2 2 2 2 2 0 0 1 1 1 1 1 2 2 2 2
 0 0 0 0 0 0 0 0 1 1 0 1 1 1 0 0 0 0 0 0 0 0 1 1 2 2 2 1 1 0 0 0 1 1 1 0 0 1 0 0 0 0 1 1 1 1
 0 0 0 0 0 0 0 0 1 1 0 1 1 1 0 0 0 0 0 0 0 0 1 1 2 2 2 1 1 0 0 0 1 1 1 0 0 1 0 0 0 0 1 1 1 1
 2 2 2 0 0 0 1 1 3 3 1 0 0 0 0 0 0 0 0 0 0 1 4 4 4 4 3 1 1 0 0 0 0 0 0 1 1 1 0 0 0 0 0 0 0 2
 2 2 2 0 0 0 1 1 3 3 1 0 0 0 0 0 0 0 0 0 0 1 4 4 4 4 3 1 1 0 0 0 0 0 0 1 1 1 0 0 0 0 0 0 0 2
 3 3 3 1 1 1 3 3 5 5 3 1 1 0 0 0 0 0 0 1 1 2 9 9 10 10 7 3 3 1 1 1 0 0 1 1 1 0 0 0 0 0 0 1 1 2
 4 4 2 2 2 3 7 7 9 9 4 2 2 1 0 0 1 1 4 1 1 2 9 9 10 10 7 4 4 2 2 2 1 1 1 1 1 1 0 0 0 0 1 2 2 1
 4 4 2 2 2 3 7 7 9 9 4 2 2 1 0 0 1 1 4 1 1 2 9 9 10 10 7 4 4 2 2 2 1 1 1 1 1 1 0 0 0 0 1 2 2 1
 4 4 3 4 4 6 10 10 10 10 6 3 3 1 0 0 0 0 0 0 0 1 3 3 5 5 5 3 3 2 2 2 1 1 2 1 1 1 0 0 0 0 1 3 3 1
 5 5 5 16 16 7 12 12 14 14 9 4 4 1 1 1 1 1 0 0 0 0 1 1 3 3 4 2 2 1 1 1 1 1 2 3 3 1 0 0 1 1 1 3 3 1
 5 5 5 16 16 7 12 12 14 14 9 4 4 1 1 1 1 1 0 0 0 0 1 1 3 3 4 2 2 1 1 1 1 1 2 3 3 1 0 0 1 1 1 3 3 1
 13 13 11 14 14 10 14 14 20 20 13 7 7 2 1 1 1 1 1 1 1 0 0 0 1 1 2 2 2 2 1 1 1 1 1 1 1 1 1 1 1 1 0 1 1 2
 13 13 11 14 14 10 14 14 20 20 13 7 7 2 1 1 1 1 1 1 1 0 0 0 1 1 2 2 2 2 1 1 1 1 1 1 1 1 1 1 1 1 0 1 1 2
 21 21 13 18 18 17 16 16 26 26 15 9 9 3 2 2 1 1 1 1 1 1 0 0 0 0 1 1 1 1 1 1 0 0 1 1 1 0 2 2 1 1 0 1 1 5
 26 26 25 32 32 34 31 31 25 25 21 9 9 4 2 2 1 1 1 1 1 0 0 0 0 0 0 0 0 1 0 0 0 0 1 1 1 0 4 4 2 2 1 2 2 6
 26 26 25 32 32 34 31 31 25 25 21 9 9 4 2 2 1 1 1 1 1 0 0 0 0 0 0 0 0 1 0 0 0 0 1 1 1 0 4 4 2 2 1 2 2 6
 34 34 31 33 33 35 28 28 24 24 16 8 8 6 4 4 1 1 1 0 0 0 0 0 0 0 0 0 0 0 0 0 0 0 0 0 0 0 1 1 0 0 1 3 3 5
 36 36 33 26 26 28 26 26 18 18 14 8 8 7 5 5 2 2 1 0 0 0 0 0 0 0 1 0 0 0 1 1 0 0 0 0 0 0 1 1 2 2 2 3 3 3
 36 36 33 26 26 28 26 26 18 18 14 8 8 7 5 5 2 2 1 0 0 0 0 0 0 0 1 0 0 0 1 1 0 0 0 0 0 0 1 1 2 2 2 3 3 3
 52 52 47 25 25 24 24 24 8 8 11 3 3 5 4 4 2 2 1 0 0 0 0 0 0 0 2 2 2 8 10 10 1 1 0 0 0 0 2 2 3 3 1 2 2 2
 52 52 47 25 25 24 24 24 8 8 11 3 3 5 4 4 2 2 1 0 0 0 0 0 0 0 2 2 2 8 10 10 1 1 0 0 0 0 2 2 3 3 1 2 2 2
 46 46 45 25 25 22 7 7 6 6 4 1 1 2 2 2 2 2 1 0 0 0 0 0 0 0 0 0 0 1 1 1 0 0 0 0 0 0 1 1 1 1 1 1 1 2
 47 47 50 35 35 28 6 6 4 4 2 1 1 1 1 1 1 1 0 0 0 0 0 0 0 0 2 1 1 0 0 0 0 0 0 0 0 0 1 1 1 1 1 1 1 1
 47 47 50 35 35 28 6 6 4 4 2 1 1 1 1 1 1 1 0 0 0 0 0 0 0 0 2 1 1 0 0 0 0 0 0 0 0 0 1 1 1 1 1 1 1 1
 37 37 28 26 26 21 3 3 2 2 2 1 1 1 1 1 1 1 1 1 1 1 2 2 0 0 0 0 0 0 0 0 0 0 0 1 1 2 2 2 2 2 1 1 1 1
 42 42 23 20 20 19 4 4 3 3 3 2 2 3 2 2 1 1 1 3 3 2 0 0 0 0 0 0 0 0 0 0 3 3 0 1 1 3 3 3 1 1 1 1 1 0
 42 42 23 20 20 19 4 4 3 3 3 2 2 3 2 2 1 1 1 3 3 2 0 0 0 0 0 0 0 0 0 0 3 3 0 1 1 3 3 3 1 1 1 1 1 0
 27 27 21 17 17 17 5 5 5 5 6 5 5 3 1 1 1 1 2 9 9 6 1 1 0 0 0 0 0 0 0 0 0 0 0 2 2 4 3 3 1 1 0 0 0 0
 27 27 21 17 17 17 5 5 5 5 6 5 5 3 1 1 1 1 2 9 9 6 1 1 0 0 0 0 0 0 0 0 0 0 0 2 2 4 3 3 1 1 0 0 0 0
 21 21 15 11 11 6 5 5 7 7 3 3 3 4 3 3 1 1 1 3 3 4 1 1 0 0 0 0 0 0 0 0 0 0 0 2 2 5 4 4 1 1 0 0 0 0
 18 18 12 12 12 7 6 6 4 4 2 1 1 3 2 2 2 2 1 1 1 1 0 0 0 0 0 0 0 0 0 0 0 0 0 1 1 2 1 1 0 0 0 0 0 0
 18 18 12 12 12 7 6 6 4 4 2 1 1 3 2 2 2 2 1 1 1 1 0 0 0 0 0 0 0 0 0 0 0 0 0 1 1 2 1 1 0 0 0 0 0 0
 15 15 14 13 13 10 9 9 3 3 1 1 1 2 2 2 2 2 1 1 1 1 0 0 0 0 0 0 0 0 0 0 0 0 0 0 0 0 0 0 0 0 0 0 0 0
 21 21 20 13 13 10 9 9 3 3 2 1 1 2 1 1 2 2 1 1 1 1 0 0 0 0 0 0 0 0 0 0 0 0 0 0 0 0 0 0 0 0 0 0 0 0
 21 21 20 13 13 10 9 9 3 3 2 1 1 2 1 1 2 2 1 1 1 1 0 0 0 0 0 0 0 0 0 0 0 0 0 0 0 0 0 0 0 0 0 0 0 0
 19 19 19 16 16 15 15 15 7 7 6 2 2 2 1 1 1 1 1 1 1 1 0 0 0 0 0 0 0 0 0 0 0 0 0 0 0 0 0 0 2 2 0 0 0 0
 19 19 19 16 16 15 15 15 7 7 6 2 2 2 1 1 1 1 1 1 1 1 0 0 0 0 0 0 0 0 0 0 0 0 0 0 0 0 0 0 2 2 0 0 0 0
 19 19 18 17 17 18 15 15 8 8 5 2 2 1 1 1 1 1 1 0 0 0 0 0 1 1 0 0 0 1 1 1 1 1 0 0 0 0 0 0 1 1 0 0 0 4
 25 25 22 20 20 19 5 5 5 5 2 2 2 2 1 1 1 1 1 1 1 0 0 0 1 1 1 1 1 2 2 2 1 1 0 0 0 1 0 0 2 2 4 0 0 0
 25 25 22 20 20 19 5 5 5 5 2 2 2 2 1 1 1 1 1 1 1 0 0 0 1 1 1 1 1 2 2 2 1 1 0 0 0 1 0 0 2 2 4 0 0 0
 27 27 24 16 16 15 6 6 6 6 3 2 2 2 1 1 1 1 0 0 0 0 0 0 1 1 1 1 1 1 1 1 1 1 0 0 0 2 0 0 3 3 0 0 0 0
 33 33 29 11 11 16 7 7 7 7 3 2 2 2 1 1 1 1 1 0 0 0 0 0 0 0 1 0 0 0 0 0 0 0 0 0 0 0 0 0 0 0 0 0 0 0
 33 33 29 11 11 16 7 7 7 7 3 2 2 2 1 1 1 1 1 0 0 0 0 0 0 0 1 0 0 0 0 0 0 0 0 0 0 0 0 0 0 0 0 0 0 0
 34 34 15 8 8 10 8 8 3 3 2 2 2 2 1 1 1 1 1 0 0 0 0 0 0 0 0 0 0 0 0 0 0 0 0 0 0 0 0 0 0 0 0 0 0 0
 34 34 15 8 8 10 8 8 3 3 2 2 2 2 1 1 1 1 1 0 0 0 0 0 0 0 0 0 0 0 0 0 0 0 0 0 0 0 0 0 0 0 0 0 0 0
 28 28 18 12 12 6 5 5 2 2 1 2 2 1 1 1 1 1 1 0 0 0 0 0 0 0 0 0 0 0 0 0 0 0 0 0 0 0 0 0 0 0 0 0 0 0
 11 11 26 13 13 7 6 6 3 3 1 1 1 1 1 1 1 1 1 1 1 0 0 0 0 0 0 0 0 0 0 0 0 0 0 0 0 0 0 0 0 0 1 0 0 0
 11 11 26 13 13 7 6 6 3 3 1 1 1 1 1 1 1 1 1 1 1 0 0 0 0 0 0 0 0 0 0 0 0 0 0 0 0 0 0 0 0 0 1 0 0 0
 8 8 26 23 23 19 17 17 3 3 1 1 1 1 1 1 1 1 1 1 1 1 1 1 0 0 0 1 1 0 0 0 0 0 0 0 0 0 0 0 0 0 1 1 1 0
 8 8 11 9 9 15 15 15 16 16 2 1 1 1 1 1 1 1 1 1 1 1 1 1 0 0 0 1 1 0 0 0 0 0 0 0 0 0 0 0 1 1 4 3 3 1
 8 8 11 9 9 15 15 15 16 16 2 1 1 1 1 1 1 1 1 1 1 1 1 1 0 0 0 1 1 0 0 0 0 0 0 0 0 0 0 0 1 1 4 3 3 1
 2 2 12 13 13 12 12 12 15 15 15 6 6 5 1 1 1 1 2 1 1 1 1 1 0 0 0 0 0 0 2 2 2 2 1 0 0 0 0 0 1 1 3 2 2 1
 2 2 12 13 13 12 12 12 15 15 15 6 6 5 1 1 1 1 2 1 1 1 1 1 0 0 0 0 0 0 2 2 2 2 1 0 0 0 0 0 1 1 3 2 2 1
 5 5 2 2 2 2 2 2 2 2 2 3 3 6 2 2 3 3 3 3 3 1 1 1 0 0 0 0 0 0 2 2 4 4 4 3 3 1 0 0 0 0 0 0 0 1
 4 4 2 1 1 1 1 1 1 1 2 3 3 3 2 2 3 3 2 2 2 3 3 3 0 0 0 0 0 0 1 1 2 2 3 3 3 2 1 1 0 0 0 0 0 0
 4 4 2 1 1 1 1 1 1 1 2 3 3 3 2 2 3 3 2 2 2 3 3 3 0 0 0 0 0 0 1 1 2 2 3 3 3 2 1 1 0 0 0 0 0 0
 8 8 6 2 2 2 2 2 2 2 2 3 3 3 16 16 2 2 2 2 2 5 4 4 2 2 0 0 0 0 0 0 0 0 1 1 1 2 1 1 0 0 0 0 0 0
 19 19 20 21 21 19 2 2 2 2 22 3 3 3 16 16 21 21 8 8 8 4 4 4 1 1 0 0 0 0 0 0 0 0 0 0 0 0 1 1 1 1 0 0 0 0
 19 19 20 21 21 19 2 2 2 2 22 3 3 3 16 16 21 21 8 8 8 4 4 4 1 1 0 0 0 0 0 0 0 0 0 0 0 0 1 1 1 1 0 0 0 0
 24 24 23 30 30 20 2 2 2 2 27 28 28 138 153 153 67 67 67 14 14 11 2 2 1 1 0 0 0 0 0 0 0 0 0 0 0 0 0 0 0 0 0 0 0 0
 24 24 23 30 30 20 2 2 2 2 27 28 28 138 153 153 67 67 67 14 14 11 2 2 1 1 0 0 0 0 0 0 0 0 0 0 0 0 0 0 0 0 0 0 0 0
 22 22 32 30 30 25 3 3 3 3 27 27 27 76 147 147 80 80 80 28 28 11 2 2 2 2 1 0 0 0 0 0 0 0 0 0 0 0 0 0 0 0 0 0 0 0
 15 15 22 21 21 4 2 2 2 2 27 29 29 76 91 91 97 97 99 60 60 12 3 3 3 3 0 0 0 1 1 1 1 1 0 0 0 0 0 0 0 0 0 0 0 0
 15 15 22 21 21 4 2 2 2 2 27 29 29 76 91 91 97 97 99 60 60 12 3 3 3 3 0 0 0 1 1 1 1 1 0 0 0 0 0 0 0 0 0 0 0 0
 12 12 18 19 19 3 2 2 6 6 6 7 7 7 24 24 23 23 97 62 62 6 4 4 6 6 5 0 0 0 0 0 1 1 0 0 0 0 0 0 0 0 0 0 0 0
 11 11 10 10 10 2 2 2 2 2 6 6 6 12 12 12 12 12 12 10 10 9 7 7 3 3 2 3 3 3 0 0 0 0 0 0 0 0 0 0 0 0 0 0 0 0
 11 11 10 10 10 2 2 2 2 2 6 6 6 12 12 12 12 12 12 10 10 9 7 7 3 3 2 3 3 3 0 0 0 0 0 0 0 0 0 0 0 0 0 0 0 0
 1 1 2 5 5 3 4 4 3 3 3 3 3 7 7 7 11 11 11 10 10 10 9 9 7 7 5 5 5 3 0 0 0 0 0 0 0 0 0 0 0 0 0 1 1 0
 1 1 2 5 5 3 4 4 3 3 3 3 3 7 7 7 11 11 11 10 10 10 9 9 7 7 5 5 5 3 0 0 0 0 0 0 0 0 0 0 0 0 0 1 1 0
 2 2 3 4 4 3 3 3 2 2 3 5 5 7 8 8 7 7 8 9 9 9 9 9 9 9 7 5 5 4 2 2 1 1 1 0 0 0 0 0 0 0 0 0 0 0
 13 13 11 10 10 9 6 6 2 2 2 3 3 6 7 7 6 6 6 6 6 6 7 7 6 6 6 3 3 3 3 3 1 1 1 0 0 0 0 0 0 0 0 0 0 0
 13 13 11 10 10 9 6 6 2 2 2 3 3 6 7 7 6 6 6 6 6 6 7 7 6 6 6 3 3 3 3 3 1 1 1 0 0 0 0 0 0 0 0 0 0 0
 5 5 13 14 14 10 6 6 5 5 6 6 6 6 5 5 5 5 3 4 4 4 4 4 4 4 3 2 2 2 2 2 1 1 0 0 0 0 0 0 0 0 0 0 0 0
 5 5 11 9 9 10 14 14 20 20 8 8 8 8 7 7 5 5 2 3 3 2 2 2 2 2 2 2 2 1 1 1 1 1 0 0 0 0 0 0 0 0 0 0 0 0
