assets/RAT_results_old/precipitation/2023-11-18_IMERG.asc
ncols        46
nrows        77
xllcorner    74.800261325624
yllcorner    8.058333333333
cellsize     0.062500000000
NODATA_value -9999
 0 0 1 3 3 3 1 1 0 0 0 0 0 0 0 0 0 0 0 0 0 0 0 0 0 0 0 0 0 0 0 0 0 0 0 0 0 0 0 0 0 0 0 0 0 0
 0 0 0 1 1 1 0 0 0 0 0 0 0 0 0 0 0 0 0 0 0 0 0 0 0 0 0 0 0 0 0 0 0 0 0 0 0 0 0 0 0 0 0 0 0 0
 0 0 0 1 1 1 0 0 0 0 0 0 0 0 0 0 0 0 0 0 0 0 0 0 0 0 0 0 0 0 0 0 0 0 0 0 0 0 0 0 0 0 0 0 0 0
 0 0 0 0 0 0 0 0 0 0 0 0 0 0 0 0 0 0 0 0 0 0 0 0 0 0 0 0 0 0 0 0 0 0 0 0 0 0 0 0 0 0 0 0 0 0
 1 1 0 0 0 0 0 0 0 0 0 0 0 0 0 0 0 0 0 0 0 0 0 0 0 0 0 0 0 0 0 0 0 0 0 0 0 0 0 0 0 0 0 0 0 0
 1 1 0 0 0 0 0 0 0 0 0 0 0 0 0 0 0 0 0 0 0 0 0 0 0 0 0 0 0 0 0 0 0 0 0 0 0 0 0 0 0 0 0 0 0 0
 1 1 1 0 0 0 0 0 0 0 0 0 0 0 0 0 0 0 0 0 0 0 0 0 0 0 0 0 0 0 0 0 0 0 0 0 0 0 0 0 0 0 0 0 0 0
 1 1 1 0 0 0 0 0 0 0 0 0 0 0 0 0 0 0 0 0 0 0 0 0 0 0 0 0 0 0 0 0 0 0 0 0 0 0 0 0 0 0 0 0 0 0
 2 2 2 1 1 0 0 0 0 0 0 0 0 0 0 0 0 0 0 0 0 0 0 0 0 0 0 0 0 0 0 0 0 0 0 0 0 0 0 0 0 0 0 0 0 0
 1 1 2 2 2 0 0 0 0 0 0 1 1 3 2 2 0 0 0 0 0 0 0 0 0 0 0 0 0 0 0 0 0 0 0 0 0 0 0 0 0 0 0 0 0 0
 1 1 2 2 2 0 0 0 0 0 0 1 1 3 2 2 0 0 0 0 0 0 0 0 0 0 0 0 0 0 0 0 0 0 0 0 0 0 0 0 0 0 0 0 0 0
 1 1 1 1 1 1 0 0 0 0 0 1 1 5 4 4 1 1 0 0 0 0 0 0 0 0 0 0 0 0 0 0 0 0 0 0 0 0 0 0 0 0 0 0 0 0
 2 2 1 3 3 5 1 1 0 0 0 0 0 2 2 2 0 0 0 0 0 0 0 0 0 0 0 0 0 0 0 0 0 0 0 0 0 0 0 0 0 0 0 0 0 0
 2 2 1 3 3 5 1 1 0 0 0 0 0 2 2 2 0 0 0 0 0 0 0 0 0 0 0 0 0 0 0 0 0 0 0 0 0 0 0 0 0 0 0 0 0 0
 3 3 2 2 2 4 2 2 0 0 0 0 0 0 1 1 0 0 0 0 0 0 0 0 0 0 0 0 0 0 0 0 0 0 0 0 0 0 0 0 0 0 0 0 0 0
 3 3 2 2 2 4 2 2 0 0 0 0 0 0 1 1 0 0 0 0 0 0 0 0 0 0 0 0 0 0 0 0 0 0 0 0 0 0 0 0 0 0 0 0 0 0
 3 3 2 3 3 10 2 2 1 1 1 0 0 0 1 1 0 0 0 0 0 0 0 0 0 0 0 0 0 0 0 0 0 0 0 0 0 0 0 0 0 0 0 0 0 0
 1 1 1 2 2 2 2 2 2 2 2 1 1 0 0 0 0 0 0 0 0 0 0 0 0 0 0 0 0 0 0 0 0 0 0 0 0 0 0 0 0 0 0 0 0 0
 1 1 1 2 2 2 2 2 2 2 2 1 1 0 0 0 0 0 0 0 0 0 0 0 0 0 0 0 0 0 0 0 0 0 0 0 0 0 0 0 0 0 0 0 0 0
 1 1 1 3 3 10 2 2 4 4 4 1 1 0 0 0 0 0 0 0 0 0 0 0 0 0 0 0 0 0 0 0 0 0 0 0 0 0 0 0 0 0 0 0 0 0
 2 2 1 1 1 8 28 28 18 18 12 3 3 1 1 1 1 1 1 2 2 0 0 0 0 0 0 0 0 0 0 0 0 0 0 0 0 0 0 0 0 0 0 0 0 0
 2 2 1 1 1 8 28 28 18 18 12 3 3 1 1 1 1 1 1 2 2 0 0 0 0 0 0 0 0 0 0 0 0 0 0 0 0 0 0 0 0 0 0 0 0 0
 7 7 2 1 1 3 15 15 15 15 17 3 3 3 8 8 0 0 0 0 0 0 1 1 1 1 0 0 0 0 0 0 0 0 0 0 0 0 0 0 0 0 0 0 0 0
 7 7 2 1 1 3 15 15 15 15 17 3 3 3 8 8 0 0 0 0 0 0 1 1 1 1 0 0 0 0 0 0 0 0 0 0 0 0 0 0 0 0 0 0 0 0
 10 10 3 1 1 1 5 5 11 11 15 4 4 5 21 21 5 5 0 0 0 0 0 0 0 0 0 0 0 0 0 0 0 0 0 0 0 0 0 0 0 0 0 0 0 0
 6 6 2 1 1 3 2 2 4 4 6 4 4 9 8 8 6 6 0 0 0 0 0 0 0 0 0 0 0 0 0 0 0 0 0 0 0 0 0 0 0 0 0 0 0 0
 6 6 2 1 1 3 2 2 4 4 6 4 4 9 8 8 6 6 0 0 0 0 0 0 0 0 0 0 0 0 0 0 0 0 0 0 0 0 0 0 0 0 0 0 0 0
 4 4 1 2 2 4 1 1 1 1 1 3 3 2 9 9 2 2 0 0 0 0 0 0 0 0 0 0 0 0 0 0 0 0 0 0 0 0 0 0 0 0 0 0 0 0
 4 4 4 1 1 3 2 2 1 1 0 2 2 2 3 3 0 0 0 0 0 0 0 0 2 2 0 0 0 0 0 0 0 0 0 0 0 0 0 0 0 0 0 0 0 0
 4 4 4 1 1 3 2 2 1 1 0 2 2 2 3 3 0 0 0 0 0 0 0 0 2 2 0 0 0 0 0 0 0 0 0 0 0 0 0 0 0 0 0 0 0 0
 3 3 2 2 2 3 3 3 1 1 1 1 1 2 1 1 0 0 0 0 0 0 0 0 0 0 0 0 0 0 0 0 0 0 0 0 0 0 0 0 0 0 0 0 0 0
 3 3 2 2 2 3 3 3 1 1 1 1 1 2 1 1 0 0 0 0 0 0 0 0 0 0 0 0 0 0 0 0 0 0 0 0 0 0 0 0 0 0 0 0 0 0
 1 1 0 2 2 3 7 7 2 2 1 1 1 0 1 1 1 1 1 0 0 0 0 0 0 0 0 0 0 0 0 0 0 0 0 0 0 0 0 0 0 0 0 0 0 0
 0 0 0 0 0 1 4 4 2 2 1 1 1 1 1 1 1 1 1 1 1 0 0 0 0 0 0 0 0 0 0 0 0 0 0 0 0 0 0 0 0 0 0 0 0 0
 0 0 0 0 0 1 4 4 2 2 1 1 1 1 1 1 1 1 1 1 1 0 0 0 0 0 0 0 0 0 0 0 0 0 0 0 0 0 0 0 0 0 0 0 0 0
 0 0 0 0 0 0 1 1 0 0 0 0 0 0 1 1 1 1 1 2 2 1 0 0 0 0 0 0 0 0 0 0 0 0 0 0 0 0 0 0 0 0 0 0 0 0
 0 0 0 0 0 0 0 0 0 0 1 1 1 1 1 1 1 1 1 5 5 4 1 1 0 0 0 0 0 0 0 0 0 0 0 0 0 0 0 0 0 0 0 0 0 0
 0 0 0 0 0 0 0 0 0 0 1 1 1 1 1 1 1 1 1 5 5 4 1 1 0 0 0 0 0 0 0 0 0 0 0 0 0 0 0 0 0 0 0 0 0 0
 0 0 0 0 0 0 0 0 1 1 1 2 2 1 0 0 0 0 1 5 5 3 1 1 0 0 0 0 0 0 0 0 0 0 0 0 0 0 0 0 0 0 0 0 0 0
 0 0 0 0 0 0 0 0 1 1 1 2 2 1 0 0 0 0 1 5 5 3 1 1 0 0 0 0 0 0 0 0 0 0 0 0 0 0 0 0 0 0 0 0 0 0
 0 0 0 0 0 0 1 1 3 3 2 3 3 1 1 1 1 1 1 1 1 2 1 1 1 1 1 0 0 0 0 0 0 0 0 0 0 2 0 0 0 0 0 0 0 0
 0 0 0 0 0 0 1 1 3 3 2 3 3 1 1 1 1 1 1 1 1 1 3 3 3 3 4 3 3 1 0 0 0 0 0 2 2 4 0 0 0 0 0 1 1 0
 0 0 0 0 0 0 1 1 3 3 2 3 3 1 1 1 1 1 1 1 1 1 3 3 3 3 4 3 3 1 0 0 0 0 0 2 2 4 0 0 0 0 0 1 1 0
 1 1 1 0 0 0 0 0 1 1 1 2 2 1 1 1 1 1 1 2 2 2 2 2 4 4 6 6 6 2 1 1 1 1 0 2 2 0 1 1 0 0 0 0 0 0
 3 3 2 1 1 0 0 0 1 1 1 1 1 1 1 1 1 1 1 0 0 1 1 1 2 2 5 5 5 5 2 2 1 1 0 0 0 0 0 0 0 0 0 0 0 0
 3 3 2 1 1 0 0 0 1 1 1 1 1 1 1 1 1 1 1 0 0 1 1 1 2 2 5 5 5 5 2 2 1 1 0 0 0 0 0 0 0 0 0 0 0 0
 4 4 2 1 1 1 1 1 2 2 1 1 1 1 1 1 1 1 1 0 0 0 0 0 3 3 5 9 9 8 3 3 1 1 0 0 0 0 0 0 0 0 0 0 0 0
 4 4 2 1 1 1 1 1 2 2 1 1 1 1 1 1 1 1 1 0 0 0 0 0 3 3 5 9 9 8 3 3 1 1 0 0 0 0 0 0 0 0 0 0 0 0
 3 3 2 1 1 1 1 1 1 1 2 1 1 1 2 2 2 2 6 1 1 0 0 0 3 3 6 12 12 20 15 15 8 8 1 0 0 0 0 0 0 0 0 0 0 0
 3 3 2 2 2 5 2 2 2 2 2 5 5 5 2 2 5 5 11 6 6 1 0 0 4 4 5 8 8 11 12 12 12 12 3 0 0 0 0 0 0 0 0 0 0 0
 3 3 2 2 2 5 2 2 2 2 2 5 5 5 2 2 5 5 11 6 6 1 0 0 4 4 5 8 8 11 12 12 12 12 3 0 0 0 0 0 0 0 0 0 0 0
 4 4 3 2 2 6 4 4 4 4 3 5 5 5 8 8 17 17 8 3 3 2 6 6 6 6 7 2 2 3 5 5 4 4 1 0 0 0 0 0 0 0 0 0 0 0
 4 4 4 3 3 8 6 6 8 8 6 12 12 12 17 17 22 22 11 5 5 20 16 16 10 10 11 29 29 10 7 7 5 5 2 0 0 0 0 0 0 0 0 0 0 0
 4 4 4 3 3 8 6 6 8 8 6 12 12 12 17 17 22 22 11 5 5 20 16 16 10 10 11 29 29 10 7 7 5 5 2 0 0 0 0 0 0 0 0 0 0 0
 4 4 3 6 6 7 8 8 9 9 9 19 19 17 20 20 24 24 9 6 6 21 34 34 36 36 32 34 34 18 16 16 13 13 6 1 1 0 0 0 0 0 0 0 0 0
 4 4 3 6 6 7 8 8 9 9 9 19 19 17 20 20 24 24 9 6 6 21 34 34 36 36 32 34 34 18 16 16 13 13 6 1 1 0 0 0 0 0 0 0 0 0
 3 3 4 7 7 11 11 11 10 10 14 23 23 28 23 23 12 12 8 8 8 15 38 38 26 26 30 34 34 23 24 24 19 19 12 3 3 1 0 0 1 1 0 0 0 1
 3 3 4 9 9 10 10 10 10 10 24 26 26 31 26 26 14 14 10 9 9 15 35 35 34 34 28 32 32 27 25 25 32 32 19 6 6 1 0 0 2 2 0 0 0 0
 3 3 4 9 9 10 10 10 10 10 24 26 26 31 26 26 14 14 10 9 9 15 35 35 34 34 28 32 32 27 25 25 32 32 19 6 6 1 0 0 2 2 0 0 0 0
 4 4 5 7 7 9 10 10 9 9 23 25 25 30 27 27 12 12 11 11 11 13 37 37 36 36 28 22 22 25 27 27 34 34 16 9 9 1 0 0 1 1 0 0 0 0
 6 6 4 6 6 7 7 7 6 6 17 23 23 28 27 27 19 19 18 14 14 11 18 18 35 35 34 16 16 22 33 33 29 29 13 7 7 1 1 1 1 1 1 0 0 2
 6 6 4 6 6 7 7 7 6 6 17 23 23 28 27 27 19 19 18 14 14 11 18 18 35 35 34 16 16 22 33 33 29 29 13 7 7 1 1 1 1 1 1 0 0 2
 8 8 6 7 7 7 6 6 5 5 16 19 19 34 34 34 22 22 17 24 24 31 36 36 39 39 36 15 15 21 23 23 20 20 9 4 4 1 1 1 1 1 1 1 1 2
 8 8 6 7 7 7 6 6 5 5 16 19 19 34 34 34 22 22 17 24 24 31 36 36 39 39 36 15 15 21 23 23 20 20 9 4 4 1 1 1 1 1 1 1 1 2
 7 7 5 8 8 10 10 10 7 7 16 29 29 54 60 60 20 20 26 14 14 36 62 62 57 57 43 12 12 18 14 14 13 13 6 3 3 0 0 0 1 1 1 1 1 2
 8 8 6 9 9 13 13 13 17 17 18 23 23 56 44 44 23 23 30 25 25 48 69 69 57 57 52 49 49 13 11 11 11 11 10 7 7 3 1 1 1 1 1 1 1 2
 8 8 6 9 9 13 13 13 17 17 18 23 23 56 44 44 23 23 30 25 25 48 69 69 57 57 52 49 49 13 11 11 11 11 10 7 7 3 1 1 1 1 1 1 1 2
 6 6 7 10 10 16 27 27 25 25 20 21 21 56 54 54 16 16 26 27 27 78 87 87 82 82 86 76 76 13 13 13 17 17 24 25 25 9 4 4 4 4 3 2 2 2
 8 8 9 11 11 16 32 32 28 28 21 21 21 34 64 64 20 20 22 32 32 81 88 88 78 78 115 108 108 16 19 19 15 15 22 25 25 18 17 17 10 10 5 2 2 3
 8 8 9 11 11 16 32 32 28 28 21 21 21 34 64 64 20 20 22 32 32 81 88 88 78 78 115 108 108 16 19 19 15 15 22 25 25 18 17 17 10 10 5 2 2 3
 10 10 14 15 15 16 18 18 25 25 23 32 32 37 36 36 21 21 9 56 56 65 68 68 70 70 113 106 106 15 35 35 37 37 22 26 26 23 28 28 21 21 7 3 3 5
 10 10 14 15 15 16 18 18 25 25 23 32 32 37 36 36 21 21 9 56 56 65 68 68 70 70 113 106 106 15 35 35 37 37 22 26 26 23 28 28 21 21 7 3 3 5
 15 15 17 17 17 16 15 15 26 26 23 34 34 39 38 38 28 28 12 41 41 117 78 78 70 70 111 104 104 107 33 33 36 36 26 28 28 20 21 21 22 22 6 4 4 4
 14 14 14 17 17 15 27 27 27 27 29 31 31 53 40 40 25 25 12 30 30 108 67 67 67 67 69 116 116 96 43 43 42 42 22 21 21 13 8 8 7 7 5 9 9 8
 14 14 14 17 17 15 27 27 27 27 29 31 31 53 40 40 25 25 12 30 30 108 67 67 67 67 69 116 116 96 43 43 42 42 22 21 21 13 8 8 7 7 5 9 9 8
 13 13 15 17 17 16 25 25 29 29 35 56 56 71 51 51 25 25 12 28 28 56 46 46 63 63 67 112 112 93 43 43 42 42 23 17 17 6 3 3 4 4 10 23 23 19
 18 18 23 29 29 25 34 34 37 37 49 56 56 95 43 43 32 32 10 23 23 52 58 58 45 45 53 80 80 63 60 60 59 59 55 13 13 13 4 4 4 4 8 19 19 13
