assets/RAT_results_old/precipitation/2023-07-01_IMERG.asc
ncols        46
nrows        77
xllcorner    74.800261325624
yllcorner    8.058333333333
cellsize     0.062500000000
NODATA_value  -9999
[rows 19 to 37 of 77, columns 0 to 43 of 46]
9.0500000000000007105 9.0500000000000007105 10.700000000000001066 7.9000000000000003553 7.9000000000000003553 8.3499999999999996447 7.75 7.75 8.3000000000000007105 8.3000000000000007105 6.9500000000000001776 8.2000000000000010658 8.2000000000000010658 6.5 8.5999999999999996447 8.5999999999999996447 3.5 3.5 2.5500000000000002665 2.25 2.25 0.75 0.55000000000000004441 0.55000000000000004441 0.4500000000000000111 0.4500000000000000111 0.1500000000000000222 0.2000000000000000111 0.2000000000000000111 0.10000000000000000555 0.050000000000000002776 0.050000000000000002776 0 0 0 0 0 0 0 0 0 0 0 0
7.25 7.25 8.4500000000000010658 4.9000000000000003553 4.9000000000000003553 8.5500000000000007105 7.3000000000000007105 7.3000000000000007105 7.1000000000000005329 7.1000000000000005329 9.3000000000000007105 8.5500000000000007105 8.5500000000000007105 8 6.8500000000000005329 6.8500000000000005329 6.75 6.75 4.4500000000000001776 3.6000000000000000888 3.6000000000000000888 2.75 0.35000000000000003331 0.35000000000000003331 0.60000000000000008882 0.60000000000000008882 0.1500000000000000222 0.2000000000000000111 0.2000000000000000111 0.10000000000000000555 0.10000000000000000555 0.10000000000000000555 0.10000000000000000555 0.10000000000000000555 0.050000000000000002776 0 0 0 0 0 0.050000000000000002776 0.050000000000000002776 0.050000000000000002776 0.050000000000000002776
7.25 7.25 8.4500000000000010658 4.9000000000000003553 4.9000000000000003553 8.5500000000000007105 7.3000000000000007105 7.3000000000000007105 7.1000000000000005329 7.1000000000000005329 9.3000000000000007105 8.5500000000000007105 8.5500000000000007105 8 6.8500000000000005329 6.8500000000000005329 6.75 6.75 4.4500000000000001776 3.6000000000000000888 3.6000000000000000888 2.75 0.35000000000000003331 0.35000000000000003331 0.60000000000000008882 0.60000000000000008882 0.1500000000000000222 0.2000000000000000111 0.2000000000000000111 0.10000000000000000555 0.10000000000000000555 0.10000000000000000555 0.10000000000000000555 0.10000000000000000555 0.050000000000000002776 0 0 0 0 0 0.050000000000000002776 0.050000000000000002776 0.050000000000000002776 0.050000000000000002776
6.8000000000000007105 6.8000000000000007105 7.5500000000000007105 7.2000000000000001776 7.2000000000000001776 7.9000000000000003553 6.9000000000000003553 6.9000000000000003553 6.9500000000000001776 6.9500000000000001776 7.25 11.150000000000000355 11.150000000000000355 7.4500000000000001776 7.4500000000000001776 7.4500000000000001776 7.1500000000000003553 7.1500000000000003553 4.5 4.5 4.5 3.4500000000000001776 4.4500000000000001776 4.4500000000000001776 0.70000000000000006661 0.70000000000000006661 2.0500000000000002665 2.7000000000000001776 2.7000000000000001776 0.80000000000000004441 0.80000000000000004441 0.80000000000000004441 1.3000000000000000444 1.3000000000000000444 0.2000000000000000111 0.050000000000000002776 0.050000000000000002776 0.050000000000000002776 0.10000000000000000555 0.10000000000000000555 0.10000000000000000555 0.10000000000000000555 0.10000000000000000555 0.050000000000000002776
6.8000000000000007105 6.8000000000000007105 7.5500000000000007105 7.2000000000000001776 7.2000000000000001776 7.9000000000000003553 6.9000000000000003553 6.9000000000000003553 6.9500000000000001776 6.9500000000000001776 7.25 11.150000000000000355 11.150000000000000355 7.4500000000000001776 7.4500000000000001776 7.4500000000000001776 7.1500000000000003553 7.1500000000000003553 4.5 4.5 4.5 3.4500000000000001776 4.4500000000000001776 4.4500000000000001776 0.70000000000000006661 0.70000000000000006661 2.0500000000000002665 2.7000000000000001776 2.7000000000000001776 0.80000000000000004441 0.80000000000000004441 0.80000000000000004441 1.3000000000000000444 1.3000000000000000444 0.2000000000000000111 0.050000000000000002776 0.050000000000000002776 0.050000000000000002776 0.10000000000000000555 0.10000000000000000555 0.10000000000000000555 0.10000000000000000555 0.10000000000000000555 0.050000000000000002776
8.1500000000000003553 8.1500000000000003553 9.9500000000000010658 7.5500000000000007105 7.5500000000000007105 9.4000000000000003553 5.0500000000000007105 5.0500000000000007105 5.5500000000000007105 5.5500000000000007105 6.75 9.8500000000000014211 9.8500000000000014211 8.8000000000000007105 8.25 8.25 7 7 6.6500000000000003553 7.1500000000000003553 7.1500000000000003553 5.9000000000000003553 5.7000000000000001776 5.7000000000000001776 2 2 1.7000000000000001776 1.6000000000000000888 1.6000000000000000888 1.3500000000000000888 0.95000000000000006661 0.95000000000000006661 0.9000000000000000222 0.9000000000000000222 0.70000000000000006661 0.60000000000000008882 0.60000000000000008882 0.6500000000000000222 0.80000000000000004441 0.80000000000000004441 0.55000000000000004441 0.55000000000000004441 0.2000000000000000111 0.050000000000000002776
13.25 13.25 14.400000000000000355 12.75 12.75 7.4500000000000001776 10.200000000000001066 10.200000000000001066 6.9500000000000001776 6.9500000000000001776 9.2000000000000010658 9.6500000000000003553 9.6500000000000003553 8.4000000000000003553 6.9500000000000001776 6.9500000000000001776 5.25 5.25 4.5 5.9000000000000003553 5.9000000000000003553 5.4500000000000001776 7.0500000000000007105 7.0500000000000007105 1.8000000000000000444 1.8000000000000000444 1.9500000000000001776 1.7000000000000001776 1.7000000000000001776 1.8500000000000000888 1.6000000000000000888 1.6000000000000000888 2.3500000000000000888 2.3500000000000000888 2.1499999999999999112 3.1000000000000000888 3.1000000000000000888 2.1499999999999999112 2.1499999999999999112 2.1499999999999999112 1.6000000000000000888 1.6000000000000000888 0.6500000000000000222 0.2000000000000000111
13.25 13.25 14.400000000000000355 12.75 12.75 7.4500000000000001776 10.200000000000001066 10.200000000000001066 6.9500000000000001776 6.9500000000000001776 9.2000000000000010658 9.6500000000000003553 9.6500000000000003553 8.4000000000000003553 6.9500000000000001776 6.9500000000000001776 5.25 5.25 4.5 5.9000000000000003553 5.9000000000000003553 5.4500000000000001776 7.0500000000000007105 7.0500000000000007105 1.8000000000000000444 1.8000000000000000444 1.9500000000000001776 1.7000000000000001776 1.7000000000000001776 1.8500000000000000888 1.6000000000000000888 1.6000000000000000888 2.3500000000000000888 2.3500000000000000888 2.1499999999999999112 3.1000000000000000888 3.1000000000000000888 2.1499999999999999112 2.1499999999999999112 2.1499999999999999112 1.6000000000000000888 1.6000000000000000888 0.6500000000000000222 0.2000000000000000111
9.3000000000000007105 9.3000000000000007105 12.550000000000000711 11.300000000000000711 11.300000000000000711 12.700000000000001066 16.650000000000002132 16.650000000000002132 14.100000000000001421 14.100000000000001421 11.800000000000000711 13.400000000000000355 13.400000000000000355 6.4500000000000001776 4.9000000000000003553 4.9000000000000003553 5.75 5.75 3.9000000000000003553 5.8000000000000007105 5.8000000000000007105 4.5 5.1000000000000005329 5.1000000000000005329 1.25 1.25 1.1000000000000000888 1.25 1.25 1.3500000000000000888 1.4000000000000001332 1.4000000000000001332 1.6500000000000001332 1.6500000000000001332 2.3000000000000002665 5 5 2.3000000000000002665 2.8500000000000000888 2.8500000000000000888 1.8000000000000000444 1.8000000000000000444 1.1000000000000000888 0.4500000000000000111
5.0500000000000007105 5.0500000000000007105 5.4500000000000001776 7.6000000000000005329 7.6000000000000005329 17.75 19.150000000000002132 19.150000000000002132 18.850000000000001421 18.850000000000001421 10.650000000000000355 12.5 12.5 6.4000000000000003553 5.1000000000000005329 5.1000000000000005329 5.4000000000000003553 5.4000000000000003553 4.7000000000000001776 3.8500000000000000888 3.8500000000000000888 2.4500000000000001776 2.1000000000000000888 2.1000000000000000888 0.95000000000000006661 0.95000000000000006661 0.80000000000000004441 0.4500000000000000111 0.4500000000000000111 0.35000000000000003331 0.4500000000000000111 0.4500000000000000111 0.60000000000000008882 0.60000000000000008882 0.75 0.75 0.75 0.75 0.85000000000000008882 0.85000000000000008882 0.55000000000000004441 0.55000000000000004441 0.30000000000000004441 0.1500000000000000222
5.0500000000000007105 5.0500000000000007105 5.4500000000000001776 7.6000000000000005329 7.6000000000000005329 17.75 19.150000000000002132 19.150000000000002132 18.850000000000001421 18.850000000000001421 10.650000000000000355 12.5 12.5 6.4000000000000003553 5.1000000000000005329 5.1000000000000005329 5.4000000000000003553 5.4000000000000003553 4.7000000000000001776 3.8500000000000000888 3.8500000000000000888 2.4500000000000001776 2.1000000000000000888 2.1000000000000000888 0.95000000000000006661 0.95000000000000006661 0.80000000000000004441 0.4500000000000000111 0.4500000000000000111 0.35000000000000003331 0.4500000000000000111 0.4500000000000000111 0.60000000000000008882 0.60000000000000008882 0.75 0.75 0.75 0.75 0.85000000000000008882 0.85000000000000008882 0.55000000000000004441 0.55000000000000004441 0.30000000000000004441 0.1500000000000000222
6.5500000000000007105 6.5500000000000007105 11.400000000000000355 15.200000000000001066 15.200000000000001066 17.75 19.450000000000002842 19.450000000000002842 19.950000000000002842 19.950000000000002842 13.550000000000000711 14.25 14.25 7.1000000000000005329 7.1500000000000003553 7.1500000000000003553 10.200000000000001066 10.200000000000001066 7.7000000000000001776 4.8500000000000005329 4.8500000000000005329 3.5500000000000002665 2 2 0.80000000000000004441 0.80000000000000004441 0.75 0.25 0.25 0.050000000000000002776 0.050000000000000002776 0.050000000000000002776 0.1500000000000000222 0.1500000000000000222 0.2000000000000000111 0.10000000000000000555 0.10000000000000000555 0.050000000000000002776 0.050000000000000002776 0.050000000000000002776 0.050000000000000002776 0.050000000000000002776 0.050000000000000002776 0
6.5500000000000007105 6.5500000000000007105 11.400000000000000355 15.200000000000001066 15.200000000000001066 17.75 19.450000000000002842 19.450000000000002842 19.950000000000002842 19.950000000000002842 13.550000000000000711 14.25 14.25 7.1000000000000005329 7.1500000000000003553 7.1500000000000003553 10.200000000000001066 10.200000000000001066 7.7000000000000001776 4.8500000000000005329 4.8500000000000005329 3.5500000000000002665 2 2 0.80000000000000004441 0.80000000000000004441 0.75 0.25 0.25 0.050000000000000002776 0.050000000000000002776 0.050000000000000002776 0.1500000000000000222 0.1500000000000000222 0.2000000000000000111 0.10000000000000000555 0.10000000000000000555 0.050000000000000002776 0.050000000000000002776 0.050000000000000002776 0.050000000000000002776 0.050000000000000002776 0.050000000000000002776 0
8.25 8.25 17.650000000000002132 20.800000000000000711 20.800000000000000711 17.900000000000002132 18.650000000000002132 18.650000000000002132 20.400000000000002132 20.400000000000002132 15 16.199999999999999289 16.199999999999999289 9.9000000000000003553 9.25 9.25 11.300000000000000711 11.300000000000000711 10.950000000000001066 6.9000000000000003553 6.9000000000000003553 4.8500000000000005329 4.5 4.5 3 3 2.5 0.30000000000000004441 0.30000000000000004441 0.2000000000000000111 0.10000000000000000555 0.10000000000000000555 0.1500000000000000222 0.1500000000000000222 0.1500000000000000222 0.050000000000000002776 0.050000000000000002776 0 0 0 0 0 0 0
6.75 6.75 14.650000000000000355 21.100000000000001421 21.100000000000001421 14.700000000000001066 16.850000000000001421 16.850000000000001421 19 19 13.450000000000001066 12.75 12.75 12.050000000000000711 11.400000000000000355 11.400000000000000355 10.5 10.5 15.800000000000000711 13.850000000000001421 13.850000000000001421 7.6000000000000005329 5.3000000000000007105 5.3000000000000007105 3.3000000000000002665 3.3000000000000002665 3.8000000000000002665 1.75 1.75 0.30000000000000004441 0.1500000000000000222 0.1500000000000000222 0.2000000000000000111 0.2000000000000000111 0.1500000000000000222 0.050000000000000002776 0.050000000000000002776 0 0.050000000000000002776 0.050000000000000002776 0.10000000000000000555 0.10000000000000000555 0.1500000000000000222 0.050000000000000002776
6.75 6.75 14.650000000000000355 21.100000000000001421 21.100000000000001421 14.700000000000001066 16.850000000000001421 16.850000000000001421 19 19 13.450000000000001066 12.75 12.75 12.050000000000000711 11.400000000000000355 11.400000000000000355 10.5 10.5 15.800000000000000711 13.850000000000001421 13.850000000000001421 7.6000000000000005329 5.3000000000000007105 5.3000000000000007105 3.3000000000000002665 3.3000000000000002665 3.8000000000000002665 1.75 1.75 0.30000000000000004441 0.1500000000000000222 0.1500000000000000222 0.2000000000000000111 0.2000000000000000111 0.1500000000000000222 0.050000000000000002776 0.050000000000000002776 0 0.050000000000000002776 0.050000000000000002776 0.10000000000000000555 0.10000000000000000555 0.1500000000000000222 0.050000000000000002776
4 4 8.3499999999999996447 11.450000000000001066 11.450000000000001066 15.600000000000001421 18.600000000000001421 18.600000000000001421 17.050000000000000711 17.050000000000000711 12.450000000000001066 12.300000000000000711 12.300000000000000711 11.75 14.25 14.25 13.900000000000000355 13.900000000000000355 17.600000000000001421 17.100000000000001421 17.100000000000001421 10.650000000000000355 6.6000000000000005329 6.6000000000000005329 7.1500000000000003553 7.1500000000000003553 8.5 2.1000000000000000888 2.1000000000000000888 0.4500000000000000111 0.10000000000000000555 0.10000000000000000555 0.050000000000000002776 0.050000000000000002776 0.050000000000000002776 0.050000000000000002776 0.050000000000000002776 0 0 0 0.1500000000000000222 0.1500000000000000222 0.30000000000000004441 0.25
5.3000000000000007105 5.3000000000000007105 5.0500000000000007105 3.5 3.5 7.6500000000000003553 11.400000000000000355 11.400000000000000355 17.900000000000002132 17.900000000000002132 22.950000000000002842 20.5 20.5 14.550000000000000711 13.700000000000001066 13.700000000000001066 14.600000000000001421 14.600000000000001421 14.600000000000001421 16.050000000000000711 16.050000000000000711 12.450000000000001066 7.5500000000000007105 7.5500000000000007105 7.4500000000000001776 7.4500000000000001776 7.8500000000000005329 2.4000000000000003553 2.4000000000000003553 4.25 3.3500000000000000888 3.3500000000000000888 0.2000000000000000111 0.2000000000000000111 0.2000000000000000111 0 0 0 0.050000000000000002776 0.050000000000000002776 0.25 0.25 0.75 0.4500000000000000111
5.3000000000000007105 5.3000000000000007105 5.0500000000000007105 3.5 3.5 7.6500000000000003553 11.400000000000000355 11.400000000000000355 17.900000000000002132 17.900000000000002132 22.950000000000002842 20.5 20.5 14.550000000000000711 13.700000000000001066 13.700000000000001066 14.600000000000001421 14.600000000000001421 14.600000000000001421 16.050000000000000711 16.050000000000000711 12.450000000000001066 7.5500000000000007105 7.5500000000000007105 7.4500000000000001776 7.4500000000000001776 7.8500000000000005329 2.4000000000000003553 2.4000000000000003553 4.25 3.3500000000000000888 3.3500000000000000888 0.2000000000000000111 0.2000000000000000111 0.2000000000000000111 0 0 0 0.050000000000000002776 0.050000000000000002776 0.25 0.25 0.75 0.4500000000000000111
