assets/RAT_results_old/precipitation/2023-06-14_IMERG.asc
ncols        46
nrows        77
xllcorner    74.800261325624
yllcorner    8.058333333333
cellsize     0.062500000000
NODATA_value -9999
 0 0 1 1 1 1 2 2 1 1 0 0 0 5 4 4 0 0 0 0 0 0 0 0 0 0 0 0 0 0 0 0 0 0 0 0 0 0 0 0 1 1 0 0 0 0
 1 1 0 0 0 0 1 1 0 0 0 1 1 4 4 4 0 0 0 0 0 0 0 0 0 0 0 0 0 0 0 0 0 0 0 0 0 0 0 0 0 0 0 0 0 0
 1 1 0 0 0 0 1 1 0 0 0 1 1 4 4 4 0 0 0 0 0 0 0 0 0 0 0 0 0 0 0 0 0 0 0 0 0 0 0 0 0 0 0 0 0 0
 3 3 1 0 0 0 1 1 1 1 0 1 1 7 7 7 0 0 0 0 0 0 0 0 0 0 0 0 0 0 0 0 0 0 0 0 0 0 0 0 0 0 0 0 0 0
 3 3 0 0 0 0 1 1 1 1 0 4 4 7 7 7 0 0 0 0 0 0 0 0 0 0 0 0 0 0 0 0 0 0 0 0 0 0 0 0 0 0 0 0 0 0
 3 3 0 0 0 0 1 1 1 1 0 4 4 7 7 7 0 0 0 0 0 0 0 0 0 0 0 0 0 0 0 0 0 0 0 0 0 0 0 0 0 0 0 0 0 0
 3 3 3 2 2 1 1 1 1 1 1 0 0 0 0 0 0 0 0 0 0 0 0 0 0 0 0 0 0 1 0 0 0 0 0 0 0 0 0 0 0 0 0 0 0 0
 3 3 3 2 2 1 1 1 1 1 1 0 0 0 0 0 0 0 0 0 0 0 0 0 0 0 0 0 0 1 0 0 0 0 0 0 0 0 0 0 0 0 0 0 0 0
 7 7 5 2 2 1 1 1 0 0 0 0 0 0 0 0 0 0 0 0 0 0 0 0 0 0 0 1 1 3 4 4 1 1 0 0 0 0 0 0 0 0 0 0 0 0
 3 3 3 1 1 1 0 0 0 0 1 1 1 1 0 0 0 0 0 0 0 0 0 0 0 0 0 0 0 2 7 7 1 1 0 0 0 0 0 0 0 0 0 0 0 0
 3 3 3 1 1 1 0 0 0 0 1 1 1 1 0 0 0 0 0 0 0 0 0 0 0 0 0 0 0 2 7 7 1 1 0 0 0 0 0 0 0 0 0 0 0 0
 3 3 2 2 2 2 1 1 1 1 1 0 0 0 0 0 0 0 0 0 0 0 0 0 0 0 0 0 0 0 1 1 0 0 0 0 0 0 0 0 0 0 0 0 0 0
 2 2 4 3 3 2 4 4 7 7 2 0 0 0 0 0 0 0 0 0 0 0 0 0 0 0 0 0 0 0 0 0 0 0 0 0 0 0 0 0 0 0 0 0 0 0
 2 2 4 3 3 2 4 4 7 7 2 0 0 0 0 0 0 0 0 0 0 0 0 0 0 0 0 0 0 0 0 0 0 0 0 0 0 0 0 0 0 0 0 0 0 0
 3 3 3 2 2 2 2 2 3 3 1 2 2 1 1 1 0 0 0 0 0 0 0 0 0 0 0 0 0 0 0 0 0 0 0 0 0 0 0 0 0 0 0 0 0 0
 3 3 3 2 2 2 2 2 3 3 1 2 2 1 1 1 0 0 0 0 0 0 0 0 0 0 0 0 0 0 0 0 0 0 0 0 0 0 0 0 0 0 0 0 0 0
 2 2 4 4 4 3 2 2 2 2 1 2 2 4 4 4 4 4 4 0 0 0 0 0 0 0 0 0 0 0 0 0 0 0 0 0 0 0 0 0 0 0 0 0 0 0
 4 4 8 9 9 6 4 4 4 4 3 5 5 4 4 4 4 4 4 0 0 0 0 0 0 0 0 0 0 0 0 0 0 0 0 0 0 0 0 0 1 1 1 1 1 1
 4 4 8 9 9 6 4 4 4 4 3 5 5 4 4 4 4 4 4 0 0 0 0 0 0 0 0 0 0 0 0 0 0 0 0 0 0 0 0 0 1 1 1 1 1 1
 47 47 35 25 25 7 6 6 5 5 9 14 14 11 12 12 11 11 4 0 0 0 0 0 0 0 0 0 0 0 0 0 0 0 0 1 1 1 1 1 1 1 2 1 1 2
 9 9 38 27 27 14 17 17 12 12 10 14 14 13 12 12 21 21 26 25 25 14 0 0 0 0 0 0 0 0 0 0 1 1 1 2 2 2 2 2 2 2 3 3 3 3
 9 9 38 27 27 14 17 17 12 12 10 14 14 13 12 12 21 21 26 25 25 14 0 0 0 0 0 0 0 0 0 0 1 1 1 2 2 2 2 2 2 2 3 3 3 3
 9 9 13 23 23 28 26 26 24 24 13 9 9 18 22 22 22 22 27 26 26 14 1 1 1 1 0 0 0 0 1 1 2 2 3 3 3 3 3 3 3 3 4 4 4 3
 9 9 13 23 23 28 26 26 24 24 13 9 9 18 22 22 22 22 27 26 26 14 1 1 1 1 0 0 0 0 1 1 2 2 3 3 3 3 3 3 3 3 4 4 4 3
 10 10 9 20 20 28 20 20 16 16 9 9 9 0 0 0 9 9 25 25 25 26 1 1 1 1 0 0 0 0 1 1 2 2 4 4 4 3 2 2 2 2 1 2 2 2
 11 11 9 13 13 17 17 17 13 13 10 4 4 1 0 0 9 9 1 1 1 1 0 0 0 0 0 0 0 0 0 0 1 1 1 1 1 1 0 0 0 0 0 0 0 0
 11 11 9 13 13 17 17 17 13 13 10 4 4 1 0 0 9 9 1 1 1 1 0 0 0 0 0 0 0 0 0 0 1 1 1 1 1 1 0 0 0 0 0 0 0 0
 9 9 11 10 10 12 15 15 12 12 9 8 8 7 4 4 1 1 1 1 1 1 0 0 0 0 0 0 0 0 0 0 0 0 0 0 0 0 0 0 0 0 0 0 0 0
 35 35 10 10 10 13 14 14 12 12 10 9 9 7 5 5 6 6 2 1 1 1 0 0 0 0 0 0 0 0 0 0 0 0 0 0 0 0 0 0 0 0 0 0 0 0
 35 35 10 10 10 13 14 14 12 12 10 9 9 7 5 5 6 6 2 1 1 1 0 0 0 0 0 0 0 0 0 0 0 0 0 0 0 0 0 0 0 0 0 0 0 0
 40 40 14 9 9 10 13 13 13 13 10 8 8 7 6 6 6 6 1 1 1 1 1 1 0 0 0 0 0 0 0 0 0 0 0 0 0 0 0 0 0 0 0 0 0 0
 40 40 14 9 9 10 13 13 13 13 10 8 8 7 6 6 6 6 1 1 1 1 1 1 0 0 0 0 0 0 0 0 0 0 0 0 0 0 0 0 0 0 0 0 0 0
 69 69 29 22 22 10 11 11 11 11 8 4 4 4 6 6 8 8 2 1 1 0 0 0 0 0 0 0 0 0 0 0 0 0 0 0 0 0 0 0 0 0 0 0 0 0
 79 79 21 21 21 9 8 8 4 4 5 5 5 4 2 2 5 5 0 0 0 0 0 0 0 0 0 0 0 0 0 0 0 0 0 0 0 0 0 0 0 0 0 0 0 0
 79 79 21 21 21 9 8 8 4 4 5 5 5 4 2 2 5 5 0 0 0 0 0 0 0 0 0 0 0 0 0 0 0 0 0 0 0 0 0 0 0 0 0 0 0 0
 44 44 52 50 50 29 28 28 5 5 5 5 5 3 2 2 1 1 1 0 0 0 0 0 0 0 0 0 0 0 0 0 0 0 0 0 0 0 0 0 0 0 0 0 0 0
 57 57 43 43 43 33 31 31 5 5 6 3 3 4 3 3 1 1 1 0 0 1 0 0 0 0 0 0 0 0 0 0 0 0 0 0 0 0 0 0 0 0 0 0 0 0
 57 57 43 43 43 33 31 31 5 5 6 3 3 4 3 3 1 1 1 0 0 1 0 0 0 0 0 0 0 0 0 0 0 0 0 0 0 0 0 0 0 0 0 0 0 0
 58 58 41 27 27 27 25 25 13 13 14 3 3 4 4 4 2 2 1 1 1 4 1 1 0 0 0 0 0 0 0 0 0 0 0 0 0 0 0 0 0 0 0 0 0 0
 58 58 41 27 27 27 25 25 13 13 14 3 3 4 4 4 2 2 1 1 1 4 1 1 0 0 0 0 0 0 0 0 0 0 0 0 0 0 0 0 0 0 0 0 0 0
 23 23 23 17 17 16 25 25 17 17 17 6 6 5 6 6 5 5 3 7 7 9 6 6 3 3 1 0 0 0 0 0 0 0 0 0 0 0 0 0 0 0 0 0 0 0
 40 40 10 14 14 20 25 25 22 22 22 18 18 17 8 8 7 7 6 9 9 11 10 10 3 3 1 1 1 2 1 1 0 0 0 0 0 0 0 0 0 0 0 0 0 0
 40 40 10 14 14 20 25 25 22 22 22 18 18 17 8 8 7 7 6 9 9 11 10 10 3 3 1 1 1 2 1 1 0 0 0 0 0 0 0 0 0 0 0 0 0 0
 30 30 31 28 28 27 23 23 22 22 8 9 9 15 8 8 7 7 6 7 7 12 10 10 6 6 4 4 4 9 2 2 1 1 0 0 0 0 0 0 0 0 0 0 0 0
 44 44 32 29 29 22 21 21 21 21 7 7 7 6 7 7 5 5 4 3 3 5 6 6 3 3 3 6 6 9 5 5 4 4 3 0 0 0 0 0 0 0 0 0 0 0
 44 44 32 29 29 22 21 21 21 21 7 7 7 6 7 7 5 5 4 3 3 5 6 6 3 3 3 6 6 9 5 5 4 4 3 0 0 0 0 0 0 0 0 0 0 0
 34 34 27 28 28 20 20 20 20 20 7 5 5 6 4 4 3 3 3 3 3 1 2 2 1 1 3 3 3 3 6 6 6 6 4 3 3 3 0 0 0 0 0 0 0 0
 34 34 27 28 28 20 20 20 20 20 7 5 5 6 4 4 3 3 3 3 3 1 2 2 1 1 3 3 3 3 6 6 6 6 4 3 3 3 0 0 0 0 0 0 0 0
 25 25 25 31 31 13 9 9 20 20 5 5 5 7 2 2 1 1 2 2 2 0 0 0 1 1 1 2 2 2 4 4 6 6 5 5 5 2 0 0 0 0 0 0 0 0
 13 13 16 26 26 12 7 7 5 5 5 5 5 6 1 1 1 1 1 2 2 1 0 0 0 0 0 1 1 1 1 1 1 1 4 3 3 0 0 0 0 0 0 0 0 0
 13 13 16 26 26 12 7 7 5 5 5 5 5 6 1 1 1 1 1 2 2 1 0 0 0 0 0 1 1 1 1 1 1 1 4 3 3 0 0 0 0 0 0 0 0 0
 12 12 18 21 21 11 4 4 5 5 6 6 6 10 5 5 1 1 2 1 1 0 0 0 0 0 0 1 1 0 0 0 1 1 1 1 1 0 0 0 0 0 0 0 0 0
 37 37 54 13 13 27 7 7 5 5 5 5 5 11 10 10 3 3 2 1 1 0 0 0 0 0 0 2 2 1 0 0 0 0 0 0 0 0 0 0 0 0 0 0 0 0
 37 37 54 13 13 27 7 7 5 5 5 5 5 11 10 10 3 3 2 1 1 0 0 0 0 0 0 2 2 1 0 0 0 0 0 0 0 0 0 0 0 0 0 0 0 0
 29 29 36 9 9 6 6 6 3 3 3 4 4 7 8 8 4 4 2 1 1 0 0 0 0 0 0 1 1 1 0 0 0 0 0 0 0 0 0 0 0 0 0 0 0 0
 29 29 36 9 9 6 6 6 3 3 3 4 4 7 8 8 4 4 2 1 1 0 0 0 0 0 0 1 1 1 0 0 0 0 0 0 0 0 0 0 0 0 0 0 0 0
 12 12 16 4 4 5 3 3 3 3 2 2 2 3 3 3 4 4 3 1 1 0 0 0 0 0 0 0 0 1 0 0 0 0 0 0 0 0 0 0 0 0 0 0 0 0
 2 2 3 4 4 3 2 2 3 3 2 2 2 1 2 2 2 2 2 2 2 0 0 0 0 0 0 0 0 1 0 0 0 0 0 0 0 0 0 0 0 0 0 0 0 0
 2 2 3 4 4 3 2 2 3 3 2 2 2 1 2 2 2 2 2 2 2 0 0 0 0 0 0 0 0 1 0 0 0 0 0 0 0 0 0 0 0 0 0 0 0 0
 6 6 4 3 3 3 3 3 3 3 3 2 2 1 1 1 1 1 2 3 3 3 0 0 0 0 0 0 0 1 0 0 0 0 0 0 0 0 0 0 0 0 0 0 0 0
 8 8 3 2 2 2 1 1 3 3 3 3 3 3 1 1 1 1 2 3 3 5 2 2 0 0 0 0 0 1 1 1 0 0 0 0 0 0 0 0 0 0 0 0 0 0
 8 8 3 2 2 2 1 1 3 3 3 3 3 3 1 1 1 1 2 3 3 5 2 2 0 0 0 0 0 1 1 1 0 0 0 0 0 0 0 0 0 0 0 0 0 0
 23 23 20 1 1 1 1 1 2 2 2 3 3 2 1 1 1 1 2 6 6 8 3 3 1 1 1 0 0 1 1 1 0 0 0 0 0 0 0 0 0 0 0 0 0 0
 23 23 20 1 1 1 1 1 2 2 2 3 3 2 1 1 1 1 2 6 6 8 3 3 1 1 1 0 0 1 1 1 0 0 0 0 0 0 0 0 0 0 0 0 0 0
 30 30 28 18 18 13 12 12 14 14 8 10 10 3 2 2 1 1 3 7 7 8 7 7 3 3 1 1 1 1 0 0 0 0 0 0 0 0 0 0 0 0 0 0 0 0
 42 42 38 30 30 23 14 14 13 13 9 11 11 9 6 6 4 4 2 4 4 8 5 5 3 3 1 0 0 1 0 0 0 0 0 0 0 0 0 0 0 0 0 0 0 0
 42 42 38 30 30 23 14 14 13 13 9 11 11 9 6 6 4 4 2 4 4 8 5 5 3 3 1 0 0 1 0 0 0 0 0 0 0 0 0 0 0 0 0 0 0 0
 38 38 39 40 40 25 23 23 16 16 16 18 18 23 22 22 14 14 12 3 3 6 4 4 3 3 1 1 1 0 0 0 0 0 0 0 0 0 0 0 0 0 0 0 0 0
 34 34 34 31 31 24 24 24 22 22 21 18 18 18 18 18 17 17 22 13 13 13 4 4 2 2 1 0 0 0 0 0 0 0 0 0 0 0 0 0 0 0 0 0 0 0
 34 34 34 31 31 24 24 24 22 22 21 18 18 18 18 18 17 17 22 13 13 13 4 4 2 2 1 0 0 0 0 0 0 0 0 0 0 0 0 0 0 0 0 0 0 0
 24 24 24 25 25 32 29 29 27 27 24 25 25 13 10 10 2 2 2 10 10 12 2 2 1 1 1 1 1 0 0 0 0 0 0 0 0 0 0 0 0 0 0 0 0 0
 24 24 24 25 25 32 29 29 27 27 24 25 25 13 10 10 2 2 2 10 10 12 2 2 1 1 1 1 1 0 0 0 0 0 0 0 0 0 0 0 0 0 0 0 0 0
 17 17 17 20 20 21 22 22 25 25 23 11 11 8 10 10 3 3 3 2 2 3 1 1 1 1 1 1 1 0 0 0 0 0 0 0 0 0 0 0 0 0 0 0 0 0
 12 12 12 15 15 16 14 14 18 18 27 17 17 13 7 7 5 5 2 1 1 1 0 0 1 1 0 0 0 0 0 0 0 0 0 0 0 0 0 0 0 0 0 0 0 0
 12 12 12 15 15 16 14 14 18 18 27 17 17 13 7 7 5 5 2 1 1 1 0 0 1 1 0 0 0 0 0 0 0 0 0 0 0 0 0 0 0 0 0 0 0 0
 6 6 7 13 13 14 11 11 14 14 15 14 14 13 10 10 5 5 4 2 2 3 3 3 1 1 1 0 0 0 0 0 0 0 0 0 0 0 0 0 0 0 0 0 0 0
 3 3 3 3 3 4 11 11 12 12 18 12 12 12 10 10 3 3 3 3 3 4 6 6 3 3 2 0 0 2 1 1 1 1 1 1 1 1 0 0 0 0 0 0 0 0
