assets/RAT_results_old/precipitation/2023-09-09_IMERG.asc
ncols        46
nrows        77
xllcorner    74.800261325624
yllcorner    8.058333333333
cellsize     0.062500000000
NODATA_value -9999
 3 3 3 5 5 5 5 5 15 15 0 4 4 0 0 0 0 0 0 0 0 0 0 0 0 0 0 0 0 0 0 0 0 0 0 0 0 0 0 0 0 0 0 0 0 0
 3 3 4 6 6 11 15 15 15 15 5 4 4 1 11 11 0 0 1 0 0 0 0 0 0 0 0 0 0 0 0 0 0 0 0 0 0 0 0 0 0 0 0 0 0 0
 3 3 4 6 6 11 15 15 15 15 5 4 4 1 11 11 0 0 1 0 0 0 0 0 0 0 0 0 0 0 0 0 0 0 0 0 0 0 0 0 0 0 0 0 0 0
 6 6 7 11 11 11 15 15 15 15 5 14 14 11 11 11 2 2 1 0 0 0 0 0 0 0 0 0 0 0 0 0 0 0 0 0 0 0 0 0 0 0 0 0 0 0
 5 5 4 7 7 9 15 15 15 15 15 15 15 12 12 12 1 1 2 0 0 0 0 0 0 0 0 0 0 0 0 0 0 0 0 0 0 0 0 0 0 0 0 0 0 0
 5 5 4 7 7 9 15 15 15 15 15 15 15 12 12 12 1 1 2 0 0 0 0 0 0 0 0 0 0 0 0 0 0 0 0 0 0 0 0 0 0 0 0 0 0 0
 11 11 4 3 3 8 2 2 4 4 5 9 9 8 7 7 1 1 1 0 0 0 0 0 0 0 0 0 0 0 0 0 0 0 0 0 0 0 0 0 0 0 0 0 0 0
 11 11 4 3 3 8 2 2 4 4 5 9 9 8 7 7 1 1 1 0 0 0 0 0 0 0 0 0 0 0 0 0 0 0 0 0 0 0 0 0 0 0 0 0 0 0
 7 7 1 3 3 2 2 2 5 5 5 10 10 1 1 1 0 0 0 0 0 0 0 0 0 0 0 0 0 0 0 0 0 0 0 0 0 0 0 0 0 0 1 1 1 0
 7 7 3 3 3 3 2 2 1 1 1 1 1 1 1 1 0 0 0 0 0 0 0 0 0 0 0 0 0 0 0 0 0 0 0 0 0 0 0 0 1 1 4 3 3 1
 7 7 3 3 3 3 2 2 1 1 1 1 1 1 1 1 0 0 0 0 0 0 0 0 0 0 0 0 0 0 0 0 0 0 0 0 0 0 0 0 1 1 4 3 3 1
 8 8 7 4 4 2 1 1 2 2 2 1 1 1 0 0 0 0 0 0 0 0 0 0 0 0 0 0 0 0 0 0 0 0 0 0 0 0 0 0 0 0 1 1 1 0
 9 9 9 5 5 5 2 2 2 2 3 2 2 1 0 0 0 0 0 0 0 0 0 0 0 0 0 0 0 0 0 0 0 0 0 1 1 0 0 0 0 0 0 0 0 0
 9 9 9 5 5 5 2 2 2 2 3 2 2 1 0 0 0 0 0 0 0 0 0 0 0 0 0 0 0 0 0 0 0 0 0 1 1 0 0 0 0 0 0 0 0 0
 9 9 9 11 11 7 4 4 3 3 4 3 3 1 0 0 0 0 0 0 0 0 0 0 0 0 0 0 0 0 0 0 0 0 1 3 3 2 1 1 1 1 0 0 0 0
 9 9 9 11 11 7 4 4 3 3 4 3 3 1 0 0 0 0 0 0 0 0 0 0 0 0 0 0 0 0 0 0 0 0 1 3 3 2 1 1 1 1 0 0 0 0
 9 9 10 9 9 7 7 7 3 3 1 2 2 1 0 0 0 0 0 0 0 0 0 0 0 0 0 0 0 0 0 0 0 0 0 1 1 2 4 4 3 3 1 0 0 1
 16 16 10 9 9 7 5 5 2 2 1 1 1 1 1 1 0 0 0 0 0 0 0 0 0 0 0 0 0 0 0 0 0 0 0 1 1 5 7 7 4 4 1 2 2 5
 16 16 10 9 9 7 5 5 2 2 1 1 1 1 1 1 0 0 0 0 0 0 0 0 0 0 0 0 0 0 0 0 0 0 0 1 1 5 7 7 4 4 1 2 2 5
 16 16 25 14 14 7 13 13 4 4 2 1 1 0 1 1 0 0 0 0 0 0 0 0 0 0 0 0 0 0 0 0 0 0 0 1 1 2 3 3 3 3 1 1 1 3
 78 78 32 21 21 23 15 15 11 11 7 13 13 2 2 2 1 1 0 1 1 0 0 0 0 0 0 0 0 0 0 0 0 0 0 0 0 1 1 1 1 1 1 1 1 1
 78 78 32 21 21 23 15 15 11 11 7 13 13 2 2 2 1 1 0 1 1 0 0 0 0 0 0 0 0 0 0 0 0 0 0 0 0 1 1 1 1 1 1 1 1 1
 64 64 19 20 20 23 29 29 27 27 17 14 14 3 2 2 1 1 0 1 1 0 0 0 0 0 0 0 0 0 0 0 0 0 0 0 0 0 1 1 1 1 1 1 1 0
 64 64 19 20 20 23 29 29 27 27 17 14 14 3 2 2 1 1 0 1 1 0 0 0 0 0 0 0 0 0 0 0 0 0 0 0 0 0 1 1 1 1 1 1 1 0
 29 29 25 21 21 23 32 32 20 20 25 21 21 10 9 9 9 9 2 2 2 1 1 1 0 0 0 0 0 0 0 0 0 0 0 1 1 1 1 1 1 1 0 0 0 0
 19 19 13 10 10 17 16 16 17 17 24 18 18 17 3 3 1 1 1 2 2 1 1 1 0 0 0 0 0 0 0 0 1 1 1 3 3 3 2 2 1 1 1 0 0 0
 19 19 13 10 10 17 16 16 17 17 24 18 18 17 3 3 1 1 1 2 2 1 1 1 0 0 0 0 0 0 0 0 1 1 1 3 3 3 2 2 1 1 1 0 0 0
 30 30 24 15 15 8 7 7 8 8 11 7 7 6 4 4 1 1 1 1 1 0 0 0 0 0 1 0 0 0 1 1 4 4 4 5 5 4 2 2 1 1 0 0 0 0
 29 29 32 15 15 7 7 7 13 13 16 4 4 6 5 5 1 1 1 1 1 1 0 0 0 0 2 2 2 1 1 1 1 1 1 1 1 1 0 0 0 0 0 0 0 0
 29 29 32 15 15 7 7 7 13 13 16 4 4 6 5 5 1 1 1 1 1 1 0 0 0 0 2 2 2 1 1 1 1 1 1 1 1 1 0 0 0 0 0 0 0 0
 27 27 24 16 16 16 15 15 20 20 19 9 9 10 6 6 3 3 2 1 1 1 0 0 0 0 0 0 0 0 0 0 0 0 0 0 0 0 0 0 0 0 0 0 0 0
 27 27 24 16 16 16 15 15 20 20 19 9 9 10 6 6 3 3 2 1 1 1 0 0 0 0 0 0 0 0 0 0 0 0 0 0 0 0 0 0 0 0 0 0 0 0
 20 20 25 34 34 33 33 33 36 36 14 4 4 8 3 3 2 2 2 2 2 2 1 1 1 1 0 0 0 0 0 0 0 0 0 0 0 0 0 0 0 0 0 0 0 0
 8 8 24 33 33 31 32 32 34 34 26 28 28 9 8 8 11 11 14 14 14 2 1 1 0 0 0 0 0 0 0 0 0 0 0 0 0 0 0 0 0 0 0 0 0 0
 8 8 24 33 33 31 32 32 34 34 26 28 28 9 8 8 11 11 14 14 14 2 1 1 0 0 0 0 0 0 0 0 0 0 0 0 0 0 0 0 0 0 0 0 0 0
 11 11 8 20 20 18 19 19 20 20 19 19 19 8 11 11 14 14 14 15 15 14 10 10 2 2 2 0 0 0 0 0 0 0 0 0 0 0 0 0 0 0 0 0 0 0
 18 18 13 11 11 7 27 27 28 28 27 19 19 18 29 29 19 19 19 19 19 15 16 16 3 3 2 0 0 0 0 0 0 0 0 0 0 0 0 0 0 0 0 0 0 0
 18 18 13 11 11 7 27 27 28 28 27 19 19 18 29 29 19 19 19 19 19 15 16 16 3 3 2 0 0 0 0 0 0 0 0 0 0 0 0 0 0 0 0 0 0 0
 17 17 16 12 12 6 14 14 11 11 11 12 12 18 18 18 18 18 13 25 25 23 23 23 6 6 3 0 0 0 0 0 0 0 0 0 0 0 0 0 0 0 0 0 0 0
 17 17 16 12 12 6 14 14 11 11 11 12 12 18 18 18 18 18 13 25 25 23 23 23 6 6 3 0 0 0 0 0 0 0 0 0 0 0 0 0 0 0 0 0 0 0
 40 40 36 33 33 6 15 15 36 36 36 37 37 46 47 47 19 19 26 16 16 15 7 7 3 3 6 2 2 0 0 0 0 0 0 0 0 0 0 0 0 0 0 0 0 0
 38 38 40 33 33 40 34 34 35 35 35 43 43 48 48 48 51 51 45 45 45 24 11 11 8 8 7 0 0 0 0 0 0 0 0 0 0 0 0 0 1 1 1 0 0 0
 38 38 40 33 33 40 34 34 35 35 35 43 43 48 48 48 51 51 45 45 45 24 11 11 8 8 7 0 0 0 0 0 0 0 0 0 0 0 0 0 1 1 1 0 0 0
 35 35 37 38 38 31 53 53 36 36 35 45 45 44 48 48 44 44 46 53 53 30 18 18 10 10 11 2 2 0 0 0 0 0 0 1 1 1 1 1 3 3 4 2 2 1
 7 7 5 6 6 11 14 14 17 17 18 38 38 38 46 46 45 45 41 58 58 54 34 34 28 28 11 4 4 3 1 1 0 0 0 0 0 0 1 1 2 2 3 3 3 2
 7 7 5 6 6 11 14 14 17 17 18 38 38 38 46 46 45 45 41 58 58 54 34 34 28 28 11 4 4 3 1 1 0 0 0 0 0 0 1 1 2 2 3 3 3 2
 5 5 4 4 4 5 6 6 15 15 15 21 21 22 47 47 44 44 40 60 60 57 34 34 23 23 16 17 17 5 5 5 1 1 0 0 0 0 0 0 1 1 1 3 3 3
 5 5 4 4 4 5 6 6 15 15 15 21 21 22 47 47 44 44 40 60 60 57 34 34 23 23 16 17 17 5 5 5 1 1 0 0 0 0 0 0 1 1 1 3 3 3
 5 5 5 4 4 4 7 7 6 6 10 9 9 9 28 28 36 36 35 22 22 10 26 26 22 22 19 17 17 5 10 10 10 10 0 1 1 0 0 0 0 0 0 1 1 1
 6 6 6 6 6 5 4 4 4 4 4 4 4 3 17 17 17 17 16 16 16 5 30 30 18 18 24 25 25 21 12 12 7 7 0 3 3 3 0 0 0 0 0 0 0 0
 6 6 6 6 6 5 4 4 4 4 4 4 4 3 17 17 17 17 16 16 16 5 30 30 18 18 24 25 25 21 12 12 7 7 0 3 3 3 0 0 0 0 0 0 0 0
 4 4 5 6 6 7 7 7 6 6 5 5 5 4 15 15 4 4 5 6 6 6 14 14 13 13 21 22 22 8 11 11 7 7 3 3 3 3 0 0 0 0 0 0 0 0
 11 11 7 6 6 7 7 7 6 6 6 4 4 4 4 4 4 4 4 4 4 4 3 3 5 5 6 9 9 8 12 12 7 7 1 0 0 0 0 0 0 0 0 0 0 0
 11 11 7 6 6 7 7 7 6 6 6 4 4 4 4 4 4 4 4 4 4 4 3 3 5 5 6 9 9 8 12 12 7 7 1 0 0 0 0 0 0 0 0 0 0 0
 12 12 12 9 9 8 4 4 4 4 4 4 4 4 5 5 6 6 6 5 5 5 5 5 5 5 5 4 4 4 3 3 2 2 2 0 0 0 0 0 0 0 0 0 0 0
 12 12 12 9 9 8 4 4 4 4 4 4 4 4 5 5 6 6 6 5 5 5 5 5 5 5 5 4 4 4 3 3 2 2 2 0 0 0 0 0 0 0 0 0 0 0
 3 3 3 6 6 6 3 3 3 3 3 5 5 6 28 28 5 5 4 4 4 3 11 11 12 12 7 9 9 6 3 3 2 2 0 0 0 0 0 0 0 0 0 0 0 0
 4 4 4 5 5 4 7 7 7 7 8 6 6 6 27 27 26 26 38 38 38 39 20 20 19 19 15 6 6 3 3 3 2 2 1 1 1 1 1 1 1 1 0 0 0 0
 4 4 4 5 5 4 7 7 7 7 8 6 6 6 27 27 26 26 38 38 38 39 20 20 19 19 15 6 6 3 3 3 2 2 1 1 1 1 1 1 1 1 0 0 0 0
 4 4 3 2 2 4 10 10 10 10 8 8 8 8 10 10 30 30 3 3 3 40 21 21 20 20 14 16 16 11 10 10 10 10 10 10 10 9 2 2 1 1 1 1 1 1
 4 4 2 2 2 2 3 3 4 4 4 5 5 10 12 12 9 9 7 6 6 5 7 7 3 3 14 16 16 19 12 12 10 10 11 12 12 10 5 5 5 5 2 1 1 1
 4 4 2 2 2 2 3 3 4 4 4 5 5 10 12 12 9 9 7 6 6 5 7 7 3 3 14 16 16 19 12 12 10 10 11 12 12 10 5 5 5 5 2 1 1 1
 7 7 5 3 3 2 2 2 2 2 3 4 4 6 6 6 4 4 4 5 5 9 5 5 4 4 15 19 19 19 12 12 12 12 15 19 19 19 9 9 4 4 1 0 0 0
 7 7 5 3 3 2 2 2 2 2 3 4 4 6 6 6 4 4 4 5 5 9 5 5 4 4 15 19 19 19 12 12 12 12 15 19 19 19 9 9 4 4 1 0 0 0
 12 12 11 8 8 5 19 19 4 4 3 4 4 4 4 4 5 5 6 10 10 14 17 17 10 10 7 9 9 9 8 8 12 12 6 18 18 18 8 8 1 1 1 0 0 0
 22 22 33 28 28 29 31 31 10 10 6 5 5 5 6 6 7 7 9 14 14 31 16 16 10 10 4 3 3 8 8 8 6 6 6 5 5 2 2 2 0 0 0 0 0 0
 22 22 33 28 28 29 31 31 10 10 6 5 5 5 6 6 7 7 9 14 14 31 16 16 10 10 4 3 3 8 8 8 6 6 6 5 5 2 2 2 0 0 0 0 0 0
 27 27 14 21 21 23 23 23 18 18 27 15 15 7 5 5 9 9 9 13 13 10 10 10 6 6 6 3 3 2 0 0 0 0 0 0 0 0 0 0 0 0 0 0 0 0
 17 17 17 33 33 34 35 35 12 12 13 13 13 4 4 4 9 9 7 12 12 11 8 8 6 6 9 12 12 5 0 0 0 0 1 1 1 1 0 0 0 0 0 0 0 0
 17 17 17 33 33 34 35 35 12 12 13 13 13 4 4 4 9 9 7 12 12 11 8 8 6 6 9 12 12 5 0 0 0 0 1 1 1 1 0 0 0 0 0 0 0 0
 17 17 17 22 22 9 9 9 11 11 11 11 11 13 5 5 8 8 5 12 12 12 19 19 11 11 7 10 10 4 1 1 1 1 1 1 1 0 0 0 0 0 0 0 0 0
 17 17 17 22 22 9 9 9 11 11 11 11 11 13 5 5 8 8 5 12 12 12 19 19 11 11 7 10 10 4 1 1 1 1 1 1 1 0 0 0 0 0 0 0 0 0
 2 2 3 9 9 9 10 10 11 11 11 9 9 9 7 7 9 9 7 12 12 11 12 12 12 12 8 3 3 3 4 4 5 5 3 1 1 0 0 0 0 0 0 0 0 0
 2 2 1 2 2 3 3 3 3 3 9 9 9 8 6 6 7 7 9 11 11 14 15 15 12 12 4 5 5 3 5 5 6 6 4 2 2 1 0 0 0 0 0 0 0 0
 2 2 1 2 2 3 3 3 3 3 9 9 9 8 6 6 7 7 9 11 11 14 15 15 12 12 4 5 5 3 5 5 6 6 4 2 2 1 0 0 0 0 0 0 0 0
 1 1 0 0 0 3 4 4 3 3 9 9 9 8 8 8 7 7 8 8 8 11 13 13 10 10 3 4 4 3 6 6 13 13 12 7 7 1 0 0 0 0 0 0 0 0
 1 1 1 0 0 2 4 4 4 4 11 12 12 6 8 8 9 9 7 7 7 9 10 10 10 10 4 3 3 2 5 5 15 15 15 16 16 11 9 9 0 0 0 0 0 0
