assets/RAT_results_old/precipitation/2023-10-11_IMERG.asc
ncols        46
nrows        77
xllcorner    74.800261325624
yllcorner    8.058333333333
cellsize     0.062500000000
NODATA_value -9999
 46 46 50 39 39 55 60 60 76 76 74 69 69 63 54 54 26 26 21 10 10 24 10 10 11 11 9 20 20 19 11 11 30 30 4 5 5 2 1 1 2 2 1 0 0 0
 47 47 50 39 39 51 57 57 76 76 77 78 78 67 43 43 33 33 31 12 12 13 12 12 13 13 10 22 22 20 31 31 30 30 3 4 4 0 0 0 0 0 1 0 0 0
 47 47 50 39 39 51 57 57 76 76 77 78 78 67 43 43 33 33 31 12 12 13 12 12 13 13 10 22 22 20 31 31 30 30 3 4 4 0 0 0 0 0 1 0 0 0
 42 42 42 36 36 48 51 51 69 69 72 78 78 67 41 41 35 35 21 12 12 10 10 10 9 9 6 23 23 21 32 32 14 14 4 4 4 1 1 1 1 1 1 1 1 1
 35 35 36 34 34 38 44 44 57 57 71 73 73 61 39 39 35 35 20 15 15 7 9 9 11 11 8 7 7 6 15 15 14 14 4 4 4 2 6 6 6 6 4 5 5 5
 35 35 36 34 34 38 44 44 57 57 71 73 73 61 39 39 35 35 20 15 15 7 9 9 11 11 8 7 7 6 15 15 14 14 4 4 4 2 6 6 6 6 4 5 5 5
 37 37 28 33 33 36 44 44 47 47 44 46 46 40 27 27 23 23 21 15 15 19 7 7 7 7 7 4 4 4 4 4 19 19 19 19 19 3 7 7 7 7 6 7 7 7
 37 37 28 33 33 36 44 44 47 47 44 46 46 40 27 27 23 23 21 15 15 19 7 7 7 7 7 4 4 4 4 4 19 19 19 19 19 3 7 7 7 7 6 7 7 7
 31 31 31 34 34 31 34 34 35 35 31 30 30 27 24 24 26 26 23 20 20 26 14 14 12 12 6 5 5 5 5 5 27 27 14 2 2 3 4 4 4 4 5 5 5 4
 30 30 29 29 29 27 25 25 26 26 23 20 20 19 20 20 20 20 24 24 24 41 41 41 34 34 23 4 4 9 9 9 22 22 23 8 8 9 4 4 4 4 6 4 4 2
 30 30 29 29 29 27 25 25 26 26 23 20 20 19 20 20 20 20 24 24 24 41 41 41 34 34 23 4 4 9 9 9 22 22 23 8 8 9 4 4 4 4 6 4 4 2
 23 23 27 14 14 18 22 22 26 26 23 20 20 18 18 18 20 20 20 39 39 42 39 39 33 33 22 22 22 13 6 6 10 10 10 9 9 12 1 1 1 1 1 1 1 1
 19 19 21 18 18 21 20 20 25 25 29 26 26 21 17 17 18 18 17 35 35 35 38 38 34 34 32 35 35 11 6 6 8 8 8 7 7 5 1 1 1 1 0 1 1 1
 19 19 21 18 18 21 20 20 25 25 29 26 26 21 17 17 18 18 17 35 35 35 38 38 34 34 32 35 35 11 6 6 8 8 8 7 7 5 1 1 1 1 0 1 1 1
 19 19 15 12 12 15 13 13 17 17 18 18 18 17 13 13 11 11 10 10 10 26 22 22 34 34 33 36 36 12 3 3 3 3 2 6 6 6 1 1 1 1 2 2 2 2
 19 19 15 12 12 15 13 13 17 17 18 18 18 17 13 13 11 11 10 10 10 26 22 22 34 34 33 36 36 12 3 3 3 3 2 6 6 6 1 1 1 1 2 2 2 2
 17 17 14 12 12 10 12 12 9 9 10 10 10 11 11 11 9 9 9 11 11 25 24 24 27 27 26 7 7 9 7 7 10 10 5 2 2 1 2 2 3 3 3 3 3 2
 17 17 59 72 72 66 19 19 5 5 6 6 6 9 10 10 11 11 12 13 13 14 13 13 14 14 12 9 9 14 12 12 11 11 10 6 6 4 3 3 3 3 4 5 5 3
 17 17 59 72 72 66 19 19 5 5 6 6 6 9 10 10 11 11 12 13 13 14 13 13 14 14 12 9 9 14 12 12 11 11 10 6 6 4 3 3 3 3 4 5 5 3
 16 16 61 72 72 67 18 18 17 17 8 3 3 5 7 7 9 9 11 14 14 14 15 15 17 17 17 14 14 13 12 12 10 10 12 13 13 11 5 5 3 3 3 3 3 3
 15 15 14 13 13 8 21 21 22 22 15 9 9 7 6 6 4 4 4 7 7 9 11 11 13 13 13 12 12 12 10 10 10 10 11 11 11 12 8 8 4 4 3 3 3 1
 15 15 14 13 13 8 21 21 22 22 15 9 9 7 6 6 4 4 4 7 7 9 11 11 13 13 13 12 12 12 10 10 10 10 11 11 11 12 8 8 4 4 3 3 3 1
 12 12 13 9 9 9 8 8 10 10 13 11 11 14 11 11 7 7 5 5 5 4 5 5 5 5 6 6 6 6 7 7 7 7 8 10 10 9 6 6 3 3 4 3 3 1
 12 12 13 9 9 9 8 8 10 10 13 11 11 14 11 11 7 7 5 5 5 4 5 5 5 5 6 6 6 6 7 7 7 7 8 10 10 9 6 6 3 3 4 3 3 1
 11 11 11 6 6 7 6 6 6 6 5 4 4 10 4 4 3 3 4 4 4 1 2 2 2 2 3 4 4 6 8 8 9 9 10 12 12 11 9 9 4 4 3 4 4 2
 3 3 4 6 6 8 7 7 6 6 4 1 1 4 4 4 1 1 2 2 2 2 2 2 2 2 4 5 5 7 10 10 12 12 15 18 18 18 16 16 10 10 3 3 3 4
 3 3 4 6 6 8 7 7 6 6 4 1 1 4 4 4 1 1 2 2 2 2 2 2 2 2 4 5 5 7 10 10 12 12 15 18 18 18 16 16 10 10 3 3 3 4
 4 4 9 10 10 7 4 4 4 4 8 8 8 2 1 1 1 1 2 2 2 2 3 3 3 3 5 6 6 9 10 10 13 13 17 22 22 24 27 27 20 20 8 3 3 4
 3 3 7 7 7 9 9 9 7 7 8 8 8 5 7 7 4 4 4 3 3 1 1 1 1 1 3 3 3 5 7 7 10 10 15 22 22 24 24 24 19 19 11 7 7 11
 3 3 7 7 7 9 9 9 7 7 8 8 8 5 7 7 4 4 4 3 3 1 1 1 1 1 3 3 3 5 7 7 10 10 15 22 22 24 24 24 19 19 11 7 7 11
 2 2 3 3 3 2 9 9 9 9 10 7 7 9 8 8 35 35 17 7 7 3 0 0 0 0 1 1 1 2 3 3 6 6 9 13 13 15 17 17 17 17 17 17 17 22
 2 2 3 3 3 2 9 9 9 9 10 7 7 9 8 8 35 35 17 7 7 3 0 0 0 0 1 1 1 2 3 3 6 6 9 13 13 15 17 17 17 17 17 17 17 22
 2 2 4 6 6 4 5 5 6 6 12 10 10 14 44 44 37 37 18 7 7 2 0 0 1 1 2 1 1 2 2 2 5 5 7 10 10 12 18 18 20 20 25 31 31 39
 2 2 4 6 6 4 4 4 4 4 10 10 10 10 12 12 14 14 10 4 4 1 0 0 0 0 1 1 1 1 2 2 4 4 6 8 8 11 19 19 21 21 24 34 34 37
 2 2 4 6 6 4 4 4 4 4 10 10 10 10 12 12 14 14 10 4 4 1 0 0 0 0 1 1 1 1 2 2 4 4 6 8 8 11 19 19 21 21 24 34 34 37
 1 1 3 6 6 5 4 4 4 4 7 7 7 6 9 9 11 11 4 2 2 1 0 0 0 0 0 1 1 1 2 2 3 3 4 5 5 7 12 12 15 15 18 24 24 32
 2 2 4 9 9 7 5 5 5 5 4 7 7 19 19 19 9 9 5 1 1 1 1 1 1 1 0 1 1 1 1 1 2 2 3 6 6 6 7 7 10 10 12 13 13 18
 2 2 4 9 9 7 5 5 5 5 4 7 7 19 19 19 9 9 5 1 1 1 1 1 1 1 0 1 1 1 1 1 2 2 3 6 6 6 7 7 10 10 12 13 13 18
 4 4 8 11 11 10 11 11 10 10 9 10 10 19 14 14 6 6 3 3 3 2 3 3 3 3 2 1 1 1 1 1 2 2 3 7 7 9 9 9 12 12 11 10 10 10
 4 4 8 11 11 10 11 11 10 10 9 10 10 19 14 14 6 6 3 3 3 2 3 3 3 3 2 1 1 1 1 1 2 2 3 7 7 9 9 9 12 12 11 10 10 10
 4 4 7 9 9 12 14 14 16 16 16 17 17 19 21 21 34 34 33 26 26 25 19 19 9 9 7 4 4 3 2 2 3 3 5 14 14 21 12 12 15 15 11 12 12 11
 5 5 7 9 9 13 19 19 22 22 22 19 19 20 18 18 38 38 38 29 29 35 31 31 35 35 24 16 16 12 5 5 7 7 10 7 7 29 28 28 35 35 21 21 21 17
 5 5 7 9 9 13 19 19 22 22 22 19 19 20 18 18 38 38 38 29 29 35 31 31 35 35 24 16 16 12 5 5 7 7 10 7 7 29 28 28 35 35 21 21 21 17
 4 4 4 6 6 8 15 15 16 16 15 11 11 11 10 10 49 49 50 39 39 34 27 27 35 35 33 32 32 35 10 10 11 11 8 7 7 30 33 33 40 40 25 26 26 17
 4 4 5 5 5 5 6 6 7 7 7 6 6 9 9 9 11 11 46 13 13 20 19 19 23 23 23 15 15 25 9 9 7 7 6 6 6 15 18 18 40 40 22 22 22 14
 4 4 5 5 5 5 6 6 7 7 7 6 6 9 9 9 11 11 46 13 13 20 19 19 23 23 23 15 15 25 9 9 7 7 6 6 6 15 18 18 40 40 22 22 22 14
 6 6 8 6 6 4 4 4 3 3 5 11 11 17 18 18 12 12 13 14 14 10 12 12 18 18 16 11 11 11 9 9 5 5 6 8 8 14 11 11 16 16 19 18 18 14
 6 6 8 6 6 4 4 4 3 3 5 11 11 17 18 18 12 12 13 14 14 10 12 12 18 18 16 11 11 11 9 9 5 5 6 8 8 14 11 11 16 16 19 18 18 14
 6 6 10 8 8 6 5 5 5 5 5 9 9 8 7 7 5 5 6 6 6 12 15 15 18 18 19 17 17 13 11 11 9 9 11 11 11 9 11 11 15 15 16 17 17 15
 4 4 4 4 4 6 5 5 7 7 7 8 8 3 4 4 4 4 7 11 11 20 23 23 26 26 18 17 17 15 10 10 11 11 17 15 15 11 14 14 18 18 14 13 13 11
 4 4 4 4 4 6 5 5 7 7 7 8 8 3 4 4 4 4 7 11 11 20 23 23 26 26 18 17 17 15 10 10 11 11 17 15 15 11 14 14 18 18 14 13 13 11
 2 2 2 2 2 3 4 4 5 5 6 7 7 2 4 4 4 4 7 10 10 16 18 18 26 26 22 23 23 24 15 15 11 11 18 16 16 11 13 13 15 15 14 15 15 14
 5 5 5 3 3 2 3 3 2 2 4 6 6 3 4 4 2 2 3 5 5 11 11 11 19 19 22 17 17 20 17 17 8 8 10 16 16 11 11 11 12 12 12 15 15 16
 5 5 5 3 3 2 3 3 2 2 4 6 6 3 4 4 2 2 3 5 5 11 11 11 19 19 22 17 17 20 17 17 8 8 10 16 16 11 11 11 12 12 12 15 15 16
 3 3 5 4 4 3 3 3 2 2 3 6 6 4 3 3 3 3 2 4 4 6 7 7 15 15 18 13 13 18 26 26 13 13 9 9 9 7 11 11 10 10 9 10 10 11
 3 3 5 4 4 3 3 3 2 2 3 6 6 4 3 3 3 3 2 4 4 6 7 7 15 15 18 13 13 18 26 26 13 13 9 9 9 7 11 11 10 10 9 10 10 11
 2 2 5 9 9 4 3 3 2 2 2 10 10 9 8 8 5 5 3 35 35 37 21 21 17 17 19 17 17 23 33 33 31 31 17 9 9 5 8 8 11 11 12 13 13 6
 2 2 6 9 9 6 4 4 3 3 4 11 11 8 8 8 4 4 3 3 3 35 32 32 35 35 22 23 23 25 21 21 20 20 13 9 9 7 9 9 13 13 20 21 21 8
 2 2 6 9 9 6 4 4 3 3 4 11 11 8 8 8 4 4 3 3 3 35 32 32 35 35 22 23 23 25 21 21 20 20 13 9 9 7 9 9 13 13 20 21 21 8
 2 2 5 9 9 10 13 13 8 8 13 15 15 12 14 14 12 12 15 19 19 25 24 24 39 39 21 25 25 30 24 24 13 13 9 9 9 10 10 10 10 10 13 17 17 15
 1 1 2 5 5 6 8 8 10 10 15 26 26 27 51 51 43 43 33 30 30 47 42 42 64 64 117 79 79 40 36 36 23 23 19 13 13 15 13 13 13 13 12 12 12 9
 1 1 2 5 5 6 8 8 10 10 15 26 26 27 51 51 43 43 33 30 30 47 42 42 64 64 117 79 79 40 36 36 23 23 19 13 13 15 13 13 13 13 12 12 12 9
 2 2 3 4 4 4 5 5 13 13 13 23 23 29 59 59 59 59 27 25 25 46 48 48 62 62 100 65 65 58 57 57 35 35 34 26 26 27 26 26 25 25 24 20 20 8
 2 2 3 4 4 4 5 5 13 13 13 23 23 29 59 59 59 59 27 25 25 46 48 48 62 62 100 65 65 58 57 57 35 35 34 26 26 27 26 26 25 25 24 20 20 8
 5 5 4 5 5 5 5 5 6 6 10 14 14 16 39 39 41 41 53 52 52 49 36 36 52 52 61 121 121 49 74 74 51 51 54 39 39 43 49 49 49 49 44 38 38 17
 8 8 9 10 10 12 15 15 13 13 11 11 11 9 9 9 38 38 42 53 53 48 11 11 14 14 43 55 55 45 76 76 86 86 44 34 34 38 44 44 54 54 52 34 34 10
 8 8 9 10 10 12 15 15 13 13 11 11 11 9 9 9 38 38 42 53 53 48 11 11 14 14 43 55 55 45 76 76 86 86 44 34 34 38 44 44 54 54 52 34 34 10
 12 12 17 20 20 23 29 29 28 28 17 20 20 18 20 20 45 45 43 48 48 50 13 13 12 12 42 51 51 51 73 73 71 71 32 17 17 19 23 23 23 23 25 12 12 2
 14 14 17 15 15 21 29 29 25 25 26 19 19 19 25 25 13 13 7 7 7 11 10 10 13 13 19 45 45 45 190 190 14 14 14 12 12 4 4 4 3 3 3 1 1 0
 14 14 17 15 15 21 29 29 25 25 26 19 19 19 25 25 13 13 7 7 7 11 10 10 13 13 19 45 45 45 190 190 14 14 14 12 12 4 4 4 3 3 3 1 1 0
 14 14 15 15 15 23 26 26 29 29 20 16 16 27 32 32 24 24 10 8 8 13 11 11 16 16 20 18 18 22 17 17 17 17 8 8 8 1 0 0 0 0 0 1 1 1
 14 14 15 15 15 23 26 26 29 29 20 16 16 27 32 32 24 24 10 8 8 13 11 11 16 16 20 18 18 22 17 17 17 17 8 8 8 1 0 0 0 0 0 1 1 1
 75 75 94 93 93 13 22 22 28 28 24 27 27 25 21 21 10 10 8 10 10 14 18 18 16 16 15 12 12 19 6 6 17 17 9 5 5 0 0 0 0 0 0 1 1 2
 76 76 107 90 90 22 17 17 24 24 29 22 22 19 19 19 13 13 13 13 13 19 18 18 15 15 15 14 14 11 10 10 19 19 11 15 15 1 1 1 1 1 2 1 1 2
 76 76 107 90 90 22 17 17 24 24 29 22 22 19 19 19 13 13 13 13 13 19 18 18 15 15 15 14 14 11 10 10 19 19 11 15 15 1 1 1 1 1 2 1 1 2
 31 31 25 9 9 8 9 9 20 20 24 23 23 23 28 28 30 30 29 18 18 17 15 15 17 17 18 22 22 16 8 8 11 11 9 15 15 6 5 5 3 3 0 0 0 0
 11 11 10 10 10 7 13 13 10 10 17 21 21 25 32 32 35 35 32 15 15 12 13 13 14 14 17 15 15 11 7 7 7 7 5 8 8 2 2 2 2 2 0 0 0 0
