assets/RAT_results_old/precipitation/2023-08-11_IMERG.asc
ncols        46
nrows        77
xllcorner    74.800261325624
yllcorner    8.058333333333
cellsize     0.062500000000
NODATA_value -9999
 0 0 0 0 0 0 1 1 2 2 1 2 2 2 7 7 7 7 1 2 2 1 0 0 0 0 1 1 1 1 1 1 2 2 2 2 2 2 1 1 2 2 2 2 2 2
 0 0 0 1 1 1 1 1 1 1 2 2 2 1 1 1 1 1 1 1 1 1 0 0 1 1 2 1 1 1 2 2 3 3 2 3 3 3 3 3 3 3 3 3 3 3
 0 0 0 1 1 1 1 1 1 1 2 2 2 1 1 1 1 1 1 1 1 1 0 0 1 1 2 1 1 1 2 2 3 3 2 3 3 3 3 3 3 3 3 3 3 3
 0 0 0 0 0 1 1 1 2 2 2 2 2 2 2 2 2 2 3 3 3 2 2 2 2 2 4 2 2 4 2 2 3 3 3 4 4 4 4 4 5 5 5 4 4 5
 0 0 0 0 0 0 1 1 1 1 1 2 2 2 3 3 4 4 8 8 8 7 4 4 3 3 3 6 6 2 2 2 2 2 3 3 3 4 4 4 5 5 5 4 4 12
 0 0 0 0 0 0 1 1 1 1 1 2 2 2 3 3 4 4 8 8 8 7 4 4 3 3 3 6 6 2 2 2 2 2 3 3 3 4 4 4 5 5 5 4 4 12
 0 0 0 0 0 0 0 0 0 0 1 1 1 2 2 2 3 3 5 7 7 7 5 5 6 6 6 4 4 3 3 3 3 3 4 4 4 3 4 4 4 4 5 5 5 12
 0 0 0 0 0 0 0 0 0 0 1 1 1 2 2 2 3 3 5 7 7 7 5 5 6 6 6 4 4 3 3 3 3 3 4 4 4 3 4 4 4 4 5 5 5 12
 1 1 1 1 1 0 1 1 1 1 1 1 1 1 1 1 2 2 3 3 3 4 4 4 14 14 6 5 5 6 6 6 6 6 5 7 7 5 5 5 6 6 6 11 11 12
 1 1 1 1 1 2 3 3 3 3 2 3 3 5 4 4 1 1 1 1 1 2 3 3 4 4 6 5 5 8 14 14 19 19 18 18 18 15 7 7 7 7 8 13 13 15
 1 1 1 1 1 2 3 3 3 3 2 3 3 5 4 4 1 1 1 1 1 2 3 3 4 4 6 5 5 8 14 14 19 19 18 18 18 15 7 7 7 7 8 13 13 15
 2 2 1 1 1 4 5 5 4 4 3 3 3 6 4 4 3 3 3 2 2 2 3 3 4 4 6 6 6 8 16 16 35 35 38 59 59 31 22 22 22 22 20 22 22 25
 2 2 1 1 1 6 6 6 5 5 4 3 3 3 3 3 5 5 9 3 3 3 4 4 6 6 8 8 8 10 27 27 49 49 56 75 75 57 46 46 24 24 27 24 24 27
 2 2 1 1 1 6 6 6 5 5 4 3 3 3 3 3 5 5 9 3 3 3 4 4 6 6 8 8 8 10 27 27 49 49 56 75 75 57 46 46 24 24 27 24 24 27
 2 2 2 1 1 1 6 6 6 6 5 4 4 3 3 3 3 3 15 17 17 3 4 4 6 6 10 10 10 17 36 36 31 31 32 43 43 46 44 44 45 45 45 44 44 43
 2 2 2 1 1 1 6 6 6 6 5 4 4 3 3 3 3 3 15 17 17 3 4 4 6 6 10 10 10 17 36 36 31 31 32 43 43 46 44 44 45 45 45 44 44 43
 2 2 2 2 2 1 1 1 5 5 5 4 4 3 3 3 6 6 12 9 9 3 6 6 7 7 8 12 12 13 24 24 33 33 41 33 33 36 30 30 33 33 28 34 34 40
 3 3 3 2 2 1 1 1 1 1 7 5 5 5 5 5 4 4 6 2 2 3 9 9 10 10 8 10 10 11 35 35 39 39 41 18 18 34 32 32 28 28 26 30 30 34
 3 3 3 2 2 1 1 1 1 1 7 5 5 5 5 5 4 4 6 2 2 3 9 9 10 10 8 10 10 11 35 35 39 39 41 18 18 34 32 32 28 28 26 30 30 34
 2 2 2 1 1 1 1 1 1 1 2 10 10 13 9 9 6 6 7 4 4 3 11 11 8 8 10 11 11 12 32 32 20 20 22 20 20 14 12 12 11 11 14 14 14 33
 1 1 1 1 1 1 1 1 1 1 1 11 11 8 8 8 10 10 10 11 11 8 5 5 5 5 7 8 8 9 11 11 13 13 13 16 16 10 11 11 14 14 13 16 16 20
 1 1 1 1 1 1 1 1 1 1 1 11 11 8 8 8 10 10 10 11 11 8 5 5 5 5 7 8 8 9 11 11 13 13 13 16 16 10 11 11 14 14 13 16 16 20
 0 0 1 1 1 1 1 1 1 1 2 2 2 5 6 6 5 5 4 6 6 11 11 11 11 11 9 10 10 8 10 10 10 10 11 7 7 15 13 13 14 14 12 14 14 16
 0 0 1 1 1 1 1 1 1 1 2 2 2 5 6 6 5 5 4 6 6 11 11 11 11 11 9 10 10 8 10 10 10 10 11 7 7 15 13 13 14 14 12 14 14 16
 0 0 1 2 2 2 2 2 2 2 3 3 3 8 7 7 6 6 5 4 4 4 5 5 9 9 12 14 14 15 11 11 10 10 9 11 11 10 11 11 17 17 16 16 16 14
 0 0 1 2 2 2 1 1 2 2 2 2 2 2 4 4 3 3 3 3 3 3 4 4 6 6 8 9 9 12 10 10 13 13 15 19 19 16 13 13 18 18 18 17 17 13
 0 0 1 2 2 2 1 1 2 2 2 2 2 2 4 4 3 3 3 3 3 3 4 4 6 6 8 9 9 12 10 10 13 13 15 19 19 16 13 13 18 18 18 17 17 13
 0 0 0 1 1 1 1 1 1 1 1 2 2 2 2 2 2 2 3 3 3 3 4 4 5 5 6 7 7 6 8 8 11 11 16 22 22 21 18 18 19 19 19 19 19 17
 0 0 0 0 0 1 1 1 1 1 2 2 2 2 2 2 5 5 6 5 5 5 5 5 5 5 6 7 7 11 9 9 11 11 13 21 21 24 24 24 24 24 23 23 23 21
 0 0 0 0 0 1 1 1 1 1 2 2 2 2 2 2 5 5 6 5 5 5 5 5 5 5 6 7 7 11 9 9 11 11 13 21 21 24 24 24 24 24 23 23 23 21
 0 0 0 0 0 1 1 1 1 1 1 2 2 2 2 2 6 6 5 4 4 5 6 6 5 5 5 5 5 11 19 19 10 10 18 18 18 20 24 24 26 26 32 33 33 28
 0 0 0 0 0 1 1 1 1 1 1 2 2 2 2 2 6 6 5 4 4 5 6 6 5 5 5 5 5 11 19 19 10 10 18 18 18 20 24 24 26 26 32 33 33 28
 0 0 0 1 1 1 1 1 1 1 1 1 1 2 2 2 5 5 4 5 5 6 7 7 6 6 6 6 6 7 18 18 10 10 17 17 17 19 23 23 28 28 35 35 35 28
 0 0 0 0 0 1 1 1 1 1 1 1 1 2 2 2 2 2 4 5 5 7 7 7 7 7 8 8 8 8 9 9 14 14 16 16 16 18 30 30 38 38 39 54 54 57
 0 0 0 0 0 1 1 1 1 1 1 1 1 2 2 2 2 2 4 5 5 7 7 7 7 7 8 8 8 8 9 9 14 14 16 16 16 18 30 30 38 38 39 54 54 57
 0 0 0 0 0 0 1 1 1 1 1 1 1 1 2 2 2 2 3 4 4 5 7 7 7 7 8 8 8 9 10 10 16 16 16 20 20 27 33 33 40 40 46 61 61 61
 0 0 0 0 0 0 1 1 1 1 1 1 1 1 1 1 2 2 2 3 3 4 6 6 6 6 6 7 7 9 13 13 16 16 17 22 22 25 33 33 41 41 50 62 62 62
 0 0 0 0 0 0 1 1 1 1 1 1 1 1 1 1 2 2 2 3 3 4 6 6 6 6 6 7 7 9 13 13 16 16 17 22 22 25 33 33 41 41 50 62 62 62
 0 0 0 0 0 0 1 1 1 1 2 2 2 2 2 2 2 2 1 2 2 3 5 5 5 5 5 6 6 7 10 10 13 13 14 23 23 30 37 37 38 38 50 62 62 28
 0 0 0 0 0 0 1 1 1 1 2 2 2 2 2 2 2 2 1 2 2 3 5 5 5 5 5 6 6 7 10 10 13 13 14 23 23 30 37 37 38 38 50 62 62 28
 0 0 0 0 0 0 1 1 1 1 2 2 2 2 2 2 2 2 2 3 3 5 5 5 5 5 5 4 4 5 7 7 10 10 13 21 21 31 31 31 41 41 46 53 53 21
 0 0 0 1 1 1 1 1 1 1 2 2 2 2 2 2 3 3 5 5 5 6 8 8 9 9 4 5 5 6 7 7 10 10 12 12 12 33 37 37 35 35 40 46 46 13
 0 0 0 1 1 1 1 1 1 1 2 2 2 2 2 2 3 3 5 5 5 6 8 8 9 9 4 5 5 6 7 7 10 10 12 12 12 33 37 37 35 35 40 46 46 13
 1 1 1 1 1 1 2 2 1 1 2 3 3 3 3 3 3 3 4 5 5 8 7 7 8 8 6 4 4 5 7 7 11 11 17 17 17 32 34 34 28 28 29 40 40 7
 1 1 2 2 2 2 3 3 2 2 2 3 3 2 3 3 3 3 3 4 4 4 7 7 9 9 8 7 7 8 10 10 15 15 12 14 14 24 28 28 24 24 22 31 31 5
 1 1 2 2 2 2 3 3 2 2 2 3 3 2 3 3 3 3 3 4 4 4 7 7 9 9 8 7 7 8 10 10 15 15 12 14 14 24 28 28 24 24 22 31 31 5
 1 1 2 3 3 3 5 5 4 4 4 3 3 3 3 3 4 4 3 3 3 3 2 2 5 5 5 8 8 12 14 14 15 15 14 16 16 16 18 18 18 18 16 30 30 6
 1 1 2 3 3 3 5 5 4 4 4 3 3 3 3 3 4 4 3 3 3 3 2 2 5 5 5 8 8 12 14 14 15 15 14 16 16 16 18 18 18 18 16 30 30 6
 2 2 2 2 2 2 3 3 3 3 3 3 3 3 3 3 3 3 2 2 2 2 2 2 5 5 5 9 9 12 15 15 18 18 18 18 18 19 20 20 19 19 15 14 14 16
 3 3 2 2 2 2 2 2 2 2 2 2 2 2 2 2 2 2 2 2 2 2 2 2 5 5 8 10 10 11 12 12 13 13 15 16 16 19 21 21 22 22 21 17 17 13
 3 3 2 2 2 2 2 2 2 2 2 2 2 2 2 2 2 2 2 2 2 2 2 2 5 5 8 10 10 11 12 12 13 13 15 16 16 19 21 21 22 22 21 17 17 13
 4 4 3 2 2 2 2 2 1 1 1 2 2 3 3 3 3 3 2 2 2 2 2 2 4 4 8 10 10 10 10 10 11 11 13 16 16 17 19 19 21 21 22 21 21 18
 2 2 2 2 2 3 3 3 2 2 1 1 1 2 2 2 2 2 2 2 2 2 2 2 4 4 8 10 10 10 10 10 10 10 12 15 15 15 16 16 16 16 19 21 21 22
 2 2 2 2 2 3 3 3 2 2 1 1 1 2 2 2 2 2 2 2 2 2 2 2 4 4 8 10 10 10 10 10 10 10 12 15 15 15 16 16 16 16 19 21 21 22
 1 1 1 1 1 2 2 2 1 1 1 1 1 1 1 1 2 2 2 3 3 3 2 2 3 3 6 7 7 8 9 9 9 9 11 13 13 14 15 15 18 18 14 18 18 24
 1 1 1 1 1 2 2 2 1 1 1 1 1 1 1 1 2 2 2 3 3 3 2 2 3 3 6 7 7 8 9 9 9 9 11 13 13 14 15 15 18 18 14 18 18 24
 1 1 1 1 1 1 1 1 1 1 1 1 1 1 1 1 2 2 2 2 2 2 2 2 3 3 4 5 5 6 7 7 8 8 8 11 11 11 11 11 13 13 11 12 12 12
 1 1 1 1 1 1 1 1 1 1 1 1 1 1 2 2 3 3 3 2 2 1 1 1 1 1 2 3 3 3 3 3 4 4 4 5 5 6 6 6 7 7 8 7 7 4
 1 1 1 1 1 1 1 1 1 1 1 1 1 1 2 2 3 3 3 2 2 1 1 1 1 1 2 3 3 3 3 3 4 4 4 5 5 6 6 6 7 7 8 7 7 4
 1 1 2 2 2 3 2 2 1 1 1 1 1 1 1 1 1 1 1 1 1 1 1 1 1 1 2 2 2 3 2 2 2 2 3 3 3 3 4 4 4 4 4 3 3 3
 1 1 3 4 4 4 3 3 1 1 1 1 1 1 1 1 1 1 1 1 1 1 1 1 1 1 1 2 2 2 2 2 2 2 3 3 3 4 6 6 5 5 5 4 4 5
 1 1 3 4 4 4 3 3 1 1 1 1 1 1 1 1 1 1 1 1 1 1 1 1 1 1 1 2 2 2 2 2 2 2 3 3 3 4 6 6 5 5 5 4 4 5
 1 1 1 2 2 3 2 2 1 1 1 1 1 1 2 2 2 2 1 1 1 1 1 1 1 1 2 2 2 2 3 3 3 3 3 4 4 5 7 7 7 7 6 4 4 4
 1 1 1 2 2 3 2 2 1 1 1 1 1 1 2 2 2 2 1 1 1 1 1 1 1 1 2 2 2 2 3 3 3 3 3 4 4 5 7 7 7 7 6 4 4 4
 1 1 1 1 1 1 1 1 1 1 1 1 1 1 2 2 2 2 1 2 2 2 3 3 3 3 3 3 3 6 7 7 7 7 8 8 8 7 8 8 6 6 4 2 2 1
 1 1 1 1 1 1 1 1 1 1 1 1 1 2 1 1 1 1 1 1 1 2 2 2 3 3 3 3 3 8 11 11 12 12 12 11 11 12 11 11 11 11 9 4 4 1
 1 1 1 1 1 1 1 1 1 1 1 1 1 2 1 1 1 1 1 1 1 2 2 2 3 3 3 3 3 8 11 11 12 12 12 11 11 12 11 11 11 11 9 4 4 1
 1 1 1 1 1 1 2 2 1 1 1 1 1 2 1 1 1 1 1 1 1 1 1 1 1 1 1 1 1 1 4 4 5 5 6 6 6 6 6 6 9 9 6 3 3 1
 1 1 1 1 1 2 1 1 1 1 1 1 1 1 1 1 1 1 1 1 1 1 1 1 0 0 0 0 0 0 1 1 1 1 1 2 2 1 1 1 2 2 3 2 2 0
 1 1 1 1 1 2 1 1 1 1 1 1 1 1 1 1 1 1 1 1 1 1 1 1 0 0 0 0 0 0 1 1 1 1 1 2 2 1 1 1 2 2 3 2 2 0
 1 1 4 3 3 2 1 1 1 1 1 1 1 1 1 1 1 1 1 1 1 1 1 1 1 1 0 0 0 0 0 0 0 0 1 3 3 2 1 1 1 1 0 0 0 0
 1 1 4 3 3 2 1 1 1 1 1 1 1 1 1 1 1 1 1 1 1 1 1 1 1 1 0 0 0 0 0 0 0 0 1 3 3 2 1 1 1 1 0 0 0 0
 0 0 2 2 2 2 1 1 2 2 2 2 2 1 2 2 2 2 2 1 1 1 1 1 1 1 1 0 0 0 0 0 0 0 2 4 4 5 5 5 7 7 1 3 3 0
 1 1 1 1 1 2 1 1 1 1 1 1 1 1 2 2 2 2 2 2 2 2 2 2 3 3 4 1 1 0 0 0 0 0 0 1 1 2 3 3 5 5 1 0 0 0
 1 1 1 1 1 2 1 1 1 1 1 1 1 1 2 2 2 2 2 2 2 2 2 2 3 3 4 1 1 0 0 0 0 0 0 1 1 2 3 3 5 5 1 0 0 0
 0 0 0 1 1 1 1 1 1 1 1 1 1 1 1 1 1 1 2 2 2 2 2 2 2 2 2 1 1 1 0 0 0 0 0 0 0 0 0 0 1 1 0 0 0 0
 1 1 1 2 2 1 1 1 1 1 1 1 1 1 1 1 1 1 3 2 2 2 2 2 2 2 2 1 1 1 0 0 0 0 0 0 0 0 0 0 0 0 0 0 0 0
