assets/RAT_results_old/precipitation/2023-06-20_IMERG.asc
ncols        46
nrows        77
xllcorner    74.800261325624
yllcorner    8.058333333333
cellsize     0.062500000000
NODATA_value -9999
 12 12 9 5 5 7 6 6 7 7 9 9 9 15 18 18 12 12 10 8 8 6 6 6 7 7 11 1 1 1 1 1 2 2 2 2 2 2 3 3 4 4 6 7 7 11
 5 5 5 2 2 4 5 5 6 6 6 6 6 9 7 7 5 5 5 3 3 10 10 10 12 12 11 7 7 1 0 0 1 1 1 1 1 1 1 1 2 2 2 4 4 7
 5 5 5 2 2 4 5 5 6 6 6 6 6 9 7 7 5 5 5 3 3 10 10 10 12 12 11 7 7 1 0 0 1 1 1 1 1 1 1 1 2 2 2 4 4 7
 2 2 1 2 2 3 6 6 8 8 6 7 7 8 5 5 2 2 9 9 9 9 9 9 17 17 14 5 5 0 0 0 0 0 1 1 1 2 1 1 1 1 2 4 4 6
 2 2 2 2 2 5 7 7 8 8 7 6 6 7 8 8 8 8 8 9 9 8 7 7 9 9 14 2 2 1 1 1 1 1 1 1 1 3 1 1 1 1 1 1 1 2
 2 2 2 2 2 5 7 7 8 8 7 6 6 7 8 8 8 8 8 9 9 8 7 7 9 9 14 2 2 1 1 1 1 1 1 1 1 3 1 1 1 1 1 1 1 2
 1 1 3 4 4 4 6 6 8 8 7 6 6 3 2 2 2 2 4 4 4 6 9 9 8 8 2 2 2 4 5 5 3 3 3 2 2 2 1 1 0 0 0 1 1 1
 1 1 3 4 4 4 6 6 8 8 7 6 6 3 2 2 2 2 4 4 4 6 9 9 8 8 2 2 2 4 5 5 3 3 3 2 2 2 1 1 0 0 0 1 1 1
 9 9 5 8 8 7 7 7 8 8 8 8 8 8 6 6 5 5 8 6 6 8 11 11 8 8 6 3 3 3 5 5 9 9 11 3 3 1 0 0 0 0 0 0 0 0
 15 15 9 11 11 13 9 9 10 10 10 16 16 20 11 11 11 11 13 11 11 14 25 25 26 26 21 6 6 3 4 4 5 5 4 2 2 1 1 1 1 1 1 1 1 1
 15 15 9 11 11 13 9 9 10 10 10 16 16 20 11 11 11 11 13 11 11 14 25 25 26 26 21 6 6 3 4 4 5 5 4 2 2 1 1 1 1 1 1 1 1 1
 17 17 19 21 21 12 10 10 9 9 12 22 22 14 14 14 20 20 19 17 17 17 14 14 26 26 13 9 9 7 7 7 7 7 7 9 9 7 6 6 5 5 6 4 4 6
 15 15 23 21 21 23 14 14 11 11 14 30 30 18 18 18 23 23 16 17 17 20 20 20 17 17 14 14 14 12 13 13 15 15 17 17 17 16 12 12 10 10 8 6 6 6
 15 15 23 21 21 23 14 14 11 11 14 30 30 18 18 18 23 23 16 17 17 20 20 20 17 17 14 14 14 12 13 13 15 15 17 17 17 16 12 12 10 10 8 6 6 6
 22 22 46 20 20 15 19 19 15 15 12 18 18 29 36 36 33 33 24 21 21 22 21 21 21 21 20 19 19 18 24 24 25 25 27 23 23 22 23 23 20 20 19 7 7 2
 22 22 46 20 20 15 19 19 15 15 12 18 18 29 36 36 33 33 24 21 21 22 21 21 21 21 20 19 19 18 24 24 25 25 27 23 23 22 23 23 20 20 19 7 7 2
 54 54 47 21 21 9 16 16 9 9 9 13 13 23 36 36 36 36 34 28 28 25 20 20 20 20 24 23 23 24 24 24 23 23 26 22 22 22 20 20 19 19 22 9 9 1
 66 66 64 14 14 10 13 13 9 9 11 11 11 13 15 15 15 15 18 32 32 25 29 29 25 25 27 26 26 22 21 21 17 17 26 15 15 12 10 10 18 18 13 3 3 2
 66 66 64 14 14 10 13 13 9 9 11 11 11 13 15 15 15 15 18 32 32 25 29 29 25 25 27 26 26 22 21 21 17 17 26 15 15 12 10 10 18 18 13 3 3 2
 46 46 33 11 11 11 15 15 16 16 12 15 15 19 17 17 13 13 15 31 31 32 29 29 17 17 21 19 19 16 12 12 13 13 14 21 21 10 8 8 8 8 4 1 1 2
 38 38 26 9 9 10 11 11 12 12 12 16 16 13 13 13 12 12 12 12 12 15 25 25 12 12 10 11 11 13 11 11 10 10 8 9 9 8 3 3 6 6 1 0 0 1
 38 38 26 9 9 10 11 11 12 12 12 16 16 13 13 13 12 12 12 12 12 15 25 25 12 12 10 11 11 13 11 11 10 10 8 9 9 8 3 3 6 6 1 0 0 1
 34 34 34 18 18 8 7 7 7 7 11 12 12 10 9 9 10 10 11 17 17 14 14 14 6 6 5 10 10 7 7 7 6 6 5 3 3 4 0 0 0 0 0 0 0 1
 34 34 34 18 18 8 7 7 7 7 11 12 12 10 9 9 10 10 11 17 17 14 14 14 6 6 5 10 10 7 7 7 6 6 5 3 3 4 0 0 0 0 0 0 0 1
 31 31 10 22 22 9 4 4 4 4 3 4 4 4 5 5 10 10 7 15 15 9 6 6 2 2 8 3 3 3 3 3 2 2 3 2 2 1 1 1 1 1 1 1 1 1
 20 20 10 10 10 7 4 4 4 4 2 2 2 1 4 4 11 11 4 5 5 8 6 6 3 3 4 12 12 10 4 4 3 3 3 4 4 3 4 4 5 5 5 4 4 4
 20 20 10 10 10 7 4 4 4 4 2 2 2 1 4 4 11 11 4 5 5 8 6 6 3 3 4 12 12 10 4 4 3 3 3 4 4 3 4 4 5 5 5 4 4 4
 19 19 10 8 8 7 4 4 5 5 4 3 3 2 2 2 4 4 5 7 7 9 7 7 8 8 12 11 11 11 12 12 13 13 15 14 14 18 16 16 13 13 14 13 13 10
 10 10 9 9 9 6 5 5 5 5 6 5 5 6 6 6 7 7 10 20 20 24 22 22 26 26 27 25 25 24 24 24 25 25 25 17 17 14 12 12 10 10 12 12 12 8
 10 10 9 9 9 6 5 5 5 5 6 5 5 6 6 6 7 7 10 20 20 24 22 22 26 26 27 25 25 24 24 24 25 25 25 17 17 14 12 12 10 10 12 12 12 8
 7 7 11 13 13 21 20 20 14 14 12 11 11 15 11 11 11 11 14 17 17 19 21 21 25 25 28 25 25 16 13 13 10 10 8 6 6 6 6 6 6 6 7 9 9 9
 7 7 11 13 13 21 20 20 14 14 12 11 11 15 11 11 11 11 14 17 17 19 21 21 25 25 28 25 25 16 13 13 10 10 8 6 6 6 6 6 6 6 7 9 9 9
 7 7 13 18 18 21 18 18 13 13 15 14 14 22 26 26 19 19 21 25 25 19 13 13 11 11 14 12 12 5 3 3 3 3 2 2 2 3 5 5 6 6 6 11 11 17
 7 7 11 14 14 22 17 17 17 17 23 25 25 26 30 30 28 28 20 17 17 17 13 13 13 13 9 7 7 8 3 3 1 1 1 1 1 1 2 2 3 3 4 4 4 5
 7 7 11 14 14 22 17 17 17 17 23 25 25 26 30 30 28 28 20 17 17 17 13 13 13 13 9 7 7 8 3 3 1 1 1 1 1 1 2 2 3 3 4 4 4 5
 11 11 15 11 11 12 11 11 14 14 18 20 20 25 19 19 21 21 18 12 12 11 11 11 9 9 10 9 9 15 6 6 2 2 1 2 2 2 2 2 2 2 3 4 4 5
 14 14 21 13 13 12 11 11 12 12 16 15 15 15 14 14 20 20 12 10 10 10 9 9 11 11 12 11 11 12 1 1 1 1 2 3 3 3 3 3 4 4 6 7 7 8
 14 14 21 13 13 12 11 11 12 12 16 15 15 15 14 14 20 20 12 10 10 10 9 9 11 11 12 11 11 12 1 1 1 1 2 3 3 3 3 3 4 4 6 7 7 8
 26 26 28 17 17 12 12 12 6 6 4 5 5 6 4 4 19 19 10 7 7 10 7 7 9 9 9 12 12 7 3 3 4 4 5 6 6 7 7 7 7 7 8 8 8 7
 26 26 28 17 17 12 12 12 6 6 4 5 5 6 4 4 19 19 10 7 7 10 7 7 9 9 9 12 12 7 3 3 4 4 5 6 6 7 7 7 7 7 8 8 8 7
 26 26 20 13 13 15 21 21 14 14 6 11 11 12 8 8 12 12 2 5 5 6 8 8 14 14 12 14 14 7 8 8 10 10 12 13 13 14 15 15 14 14 13 9 9 8
 15 15 13 11 11 14 22 22 19 19 11 11 11 16 15 15 21 21 4 7 7 11 13 13 17 17 12 15 15 11 11 11 13 13 16 16 16 17 16 16 16 16 14 10 10 6
 15 15 13 11 11 14 22 22 19 19 11 11 11 16 15 15 21 21 4 7 7 11 13 13 17 17 12 15 15 11 11 11 13 13 16 16 16 17 16 16 16 16 14 10 10 6
 7 7 5 5 5 12 17 17 9 9 8 12 12 18 19 19 23 23 14 9 9 10 13 13 16 16 10 13 13 11 9 9 10 10 11 12 12 13 12 12 12 12 6 5 5 2
 5 5 5 6 6 7 10 10 6 6 7 9 9 10 12 12 14 14 20 12 12 7 11 11 13 13 21 18 18 21 7 7 8 8 7 9 9 10 8 8 7 7 3 2 2 2
 5 5 5 6 6 7 10 10 6 6 7 9 9 10 12 12 14 14 20 12 12 7 11 11 13 13 21 18 18 21 7 7 8 8 7 9 9 10 8 8 7 7 3 2 2 2
 6 6 5 6 6 5 7 7 8 8 11 11 11 16 18 18 17 17 19 13 13 12 10 10 9 9 17 10 10 8 3 3 4 4 4 5 5 6 4 4 3 3 3 2 2 2
 6 6 5 6 6 5 7 7 8 8 11 11 11 16 18 18 17 17 19 13 13 12 10 10 9 9 17 10 10 8 3 3 4 4 4 5 5 6 4 4 3 3 3 2 2 2
 8 8 8 7 7 8 8 8 8 8 12 11 11 18 26 26 26 26 24 26 26 12 11 11 8 8 7 8 8 5 1 1 1 1 2 3 3 3 3 3 3 3 3 3 3 2
 11 11 8 8 8 7 11 11 10 10 16 19 19 29 31 31 30 30 28 33 33 13 3 3 6 6 6 7 7 5 5 5 2 2 2 3 3 3 3 3 3 3 4 3 3 3
 11 11 8 8 8 7 11 11 10 10 16 19 19 29 31 31 30 30 28 33 33 13 3 3 6 6 6 7 7 5 5 5 2 2 2 3 3 3 3 3 3 3 4 3 3 3
 14 14 11 10 10 7 10 10 10 10 17 20 20 23 29 29 29 29 30 39 39 10 7 7 10 10 9 9 9 7 4 4 3 3 3 3 3 3 3 3 2 2 3 3 3 4
 14 14 11 9 9 5 7 7 9 9 11 19 19 21 29 29 13 13 17 25 25 11 7 7 13 13 14 14 14 7 4 4 4 4 2 1 1 1 1 1 2 2 3 4 4 4
 14 14 11 9 9 5 7 7 9 9 11 19 19 21 29 29 13 13 17 25 25 11 7 7 13 13 14 14 14 7 4 4 4 4 2 1 1 1 1 1 2 2 3 4 4 4
 9 9 8 7 7 5 8 8 7 7 9 8 8 9 11 11 12 12 14 13 13 6 2 2 4 4 8 11 11 5 3 3 3 3 3 1 1 1 2 2 2 2 4 5 5 4
 9 9 8 7 7 5 8 8 7 7 9 8 8 9 11 11 12 12 14 13 13 6 2 2 4 4 8 11 11 5 3 3 3 3 3 1 1 1 2 2 2 2 4 5 5 4
 9 9 8 5 5 5 5 5 5 5 6 8 8 7 7 7 8 8 10 13 13 7 1 1 1 1 2 3 3 2 2 2 7 7 4 2 2 6 6 6 4 4 5 5 5 4
 9 9 6 4 4 5 6 6 4 4 4 5 5 5 5 5 9 9 6 9 9 8 1 1 2 2 1 1 1 5 2 2 3 3 2 1 1 3 3 3 1 1 2 2 2 2
 9 9 6 4 4 5 6 6 4 4 4 5 5 5 5 5 9 9 6 9 9 8 1 1 2 2 1 1 1 5 2 2 3 3 2 1 1 3 3 3 1 1 2 2 2 2
 10 10 6 6 6 4 4 4 3 3 3 4 4 4 4 4 8 8 8 9 9 3 2 2 1 1 1 1 1 2 2 2 1 1 1 1 1 2 1 1 1 1 2 2 2 2
 10 10 6 4 4 4 4 4 3 3 3 3 3 3 4 4 6 6 13 11 11 1 1 1 3 3 0 0 0 1 1 1 1 1 2 3 3 6 2 2 2 2 3 3 3 2
 10 10 6 4 4 4 4 4 3 3 3 3 3 3 4 4 6 6 13 11 11 1 1 1 3 3 0 0 0 1 1 1 1 1 2 3 3 6 2 2 2 2 3 3 3 2
 5 5 3 2 2 1 2 2 2 2 2 2 2 5 6 6 5 5 5 6 6 1 2 2 1 1 0 0 0 0 0 0 1 1 2 3 3 4 2 2 2 2 2 3 3 3
 5 5 3 2 2 1 2 2 2 2 2 2 2 5 6 6 5 5 5 6 6 1 2 2 1 1 0 0 0 0 0 0 1 1 2 3 3 4 2 2 2 2 2 3 3 3
 7 7 2 1 1 1 1 1 1 1 1 3 3 5 7 7 5 5 2 1 1 1 1 1 2 2 0 0 0 1 2 2 3 3 2 3 3 5 2 2 1 1 1 2 2 4
 11 11 3 1 1 1 2 2 2 2 2 6 6 12 13 13 6 6 2 1 1 0 1 1 1 1 0 1 1 2 5 5 5 5 3 5 5 7 4 4 2 2 2 2 2 2
 11 11 3 1 1 1 2 2 2 2 2 6 6 12 13 13 6 6 2 1 1 0 1 1 1 1 0 1 1 2 5 5 5 5 3 5 5 7 4 4 2 2 2 2 2 2
 10 10 5 2 2 2 4 4 6 6 8 6 6 11 9 9 4 4 1 1 1 1 1 1 2 2 1 1 1 2 3 3 5 5 3 2 2 3 3 3 2 2 1 2 2 3
 8 8 4 4 4 1 3 3 5 5 6 4 4 5 5 5 3 3 2 1 1 2 1 1 3 3 3 3 3 3 1 1 1 1 1 1 1 1 1 1 1 1 2 3 3 7
 8 8 4 4 4 1 3 3 5 5 6 4 4 5 5 5 3 3 2 1 1 2 1 1 3 3 3 3 3 3 1 1 1 1 1 1 1 1 1 1 1 1 2 3 3 7
 7 7 4 4 4 1 3 3 3 3 3 2 2 2 2 2 3 3 3 2 2 2 3 3 6 6 9 7 7 2 1 1 1 1 1 2 2 2 2 2 4 4 5 8 8 12
 7 7 4 4 4 1 3 3 3 3 3 2 2 2 2 2 3 3 3 2 2 2 3 3 6 6 9 7 7 2 1 1 1 1 1 2 2 2 2 2 4 4 5 8 8 12
 7 7 3 3 3 2 3 3 3 3 4 8 8 7 7 7 4 4 2 1 1 2 6 6 12 12 19 13 13 4 1 1 1 1 3 5 5 4 7 7 10 10 10 10 10 12
 6 6 4 4 4 2 3 3 4 4 4 7 7 6 5 5 3 3 3 2 2 2 4 4 12 12 17 8 8 2 2 2 3 3 4 6 6 8 11 11 12 12 11 7 7 7
 6 6 4 4 4 2 3 3 4 4 4 7 7 6 5 5 3 3 3 2 2 2 4 4 12 12 17 8 8 2 2 2 3 3 4 6 6 8 11 11 12 12 11 7 7 7
 7 7 5 3 3 1 5 5 5 5 5 4 4 4 3 3 3 3 3 3 3 5 4 4 7 7 6 4 4 4 4 4 5 5 7 11 11 10 11 11 9 9 7 4 4 3
 7 7 5 3 3 2 4 4 2 2 4 3 3 3 2 2 3 3 3 5 5 7 6 6 7 7 5 5 5 5 8 8 7 7 11 14 14 8 6 6 3 3 2 1 1 0
