assets/RAT_results_old/precipitation/2023-11-04_IMERG.asc
ncols        46
nrows        77
xllcorner    74.800261325624
yllcorner    8.058333333333
cellsize     0.062500000000
NODATA_value -9999
 14 14 9 6 6 5 7 7 15 15 25 30 30 31 36 36 40 40 38 32 32 29 20 20 17 17 18 19 19 11 9 9 13 13 16 13 13 24 28 28 22 22 21 20 20 21
 16 16 11 9 9 8 7 7 15 15 22 30 30 33 39 39 43 43 39 32 32 27 20 20 18 18 25 24 24 19 17 17 16 16 12 13 13 42 12 12 18 18 19 18 18 19
 16 16 11 9 9 8 7 7 15 15 22 30 30 33 39 39 43 43 39 32 32 27 20 20 18 18 25 24 24 19 17 17 16 16 12 13 13 42 12 12 18 18 19 18 18 19
 15 15 11 9 9 9 8 8 14 14 20 25 25 32 36 36 35 35 31 33 33 32 28 28 25 25 26 23 23 23 15 15 13 13 9 12 12 35 9 9 12 12 13 19 19 18
 21 21 18 12 12 12 10 10 13 13 16 20 20 22 29 29 30 30 29 36 36 32 36 36 34 34 29 27 27 26 19 19 20 20 11 21 21 31 8 8 14 14 17 11 11 12
 21 21 18 12 12 12 10 10 13 13 16 20 20 22 29 29 30 30 29 36 36 32 36 36 34 34 29 27 27 26 19 19 20 20 11 21 21 31 8 8 14 14 17 11 11 12
 28 28 21 17 17 16 15 15 17 17 16 19 19 22 34 34 36 36 35 34 34 30 49 49 39 39 42 25 25 24 21 21 22 22 20 20 20 47 13 13 13 13 26 11 11 13
 28 28 21 17 17 16 15 15 17 17 16 19 19 22 34 34 36 36 35 34 34 30 49 49 39 39 42 25 25 24 21 21 22 22 20 20 20 47 13 13 13 13 26 11 11 13
 35 35 18 20 20 18 18 18 17 17 12 20 20 28 43 43 39 39 32 39 39 49 49 49 42 42 43 24 24 24 16 16 21 21 22 14 14 8 11 11 16 16 18 17 17 26
 43 43 29 31 31 27 22 22 21 21 14 17 17 33 46 46 50 50 43 40 40 48 47 47 101 101 104 28 28 28 17 17 20 20 34 16 16 13 21 21 30 30 25 25 25 35
 43 43 29 31 31 27 22 22 21 21 14 17 17 33 46 46 50 50 43 40 40 48 47 47 101 101 104 28 28 28 17 17 20 20 34 16 16 13 21 21 30 30 25 25 25 35
 85 85 56 41 41 23 22 22 23 23 28 23 23 32 44 44 50 50 62 53 53 97 100 100 100 100 99 31 31 22 24 24 23 23 18 20 20 15 28 28 33 33 30 35 35 54
 89 89 62 58 58 36 32 32 28 28 31 30 30 46 46 46 50 50 50 51 51 46 44 44 43 43 38 27 27 27 30 30 25 25 20 15 15 20 29 29 39 39 33 38 38 56
 89 89 62 58 58 36 32 32 28 28 31 30 30 46 46 46 50 50 50 51 51 46 44 44 43 43 38 27 27 27 30 30 25 25 20 15 15 20 29 29 39 39 33 38 38 56
 146 146 119 93 93 64 40 40 34 34 37 33 33 50 43 43 61 61 59 45 45 43 42 42 21 21 45 10 10 25 41 41 39 39 33 29 29 37 33 33 27 27 34 32 32 31
 146 146 119 93 93 64 40 40 34 34 37 33 33 50 43 43 61 61 59 45 45 43 42 42 21 21 45 10 10 25 41 41 39 39 33 29 29 37 33 33 27 27 34 32 32 31
 153 153 128 99 99 69 53 53 42 42 42 46 46 53 45 45 63 63 55 32 32 31 13 13 12 12 12 9 9 24 36 36 29 29 41 33 33 44 29 29 24 24 41 43 43 35
 184 184 175 111 111 107 92 92 56 56 48 41 41 34 28 28 59 59 59 39 39 35 15 15 11 11 7 8 8 17 38 38 101 101 64 54 54 62 50 50 54 54 50 42 42 35
 184 184 175 111 111 107 92 92 56 56 48 41 41 34 28 28 59 59 59 39 39 35 15 15 11 11 7 8 8 17 38 38 101 101 64 54 54 62 50 50 54 54 50 42 42 35
 190 190 182 110 110 107 129 129 65 65 61 48 48 38 31 31 22 22 24 22 22 16 15 15 14 14 16 11 11 32 47 47 65 65 53 65 65 89 71 71 65 65 49 64 64 54
 202 202 186 123 123 101 119 119 128 128 69 46 46 43 31 31 26 26 30 13 13 21 25 25 18 18 19 16 16 38 56 56 55 55 53 66 66 95 73 73 66 66 56 76 76 75
 202 202 186 123 123 101 119 119 128 128 69 46 46 43 31 31 26 26 30 13 13 21 25 25 18 18 19 16 16 38 56 56 55 55 53 66 66 95 73 73 66 66 56 76 76 75
 223 223 174 181 181 150 152 152 136 136 68 73 73 35 33 33 29 29 28 23 23 23 28 28 30 30 21 23 23 52 65 65 72 72 61 66 66 76 65 65 46 46 35 38 38 70
 223 223 174 181 181 150 152 152 136 136 68 73 73 35 33 33 29 29 28 23 23 23 28 28 30 30 21 23 23 52 65 65 72 72 61 66 66 76 65 65 46 46 35 38 38 70
 213 213 168 159 159 149 132 132 115 115 79 83 83 40 33 33 28 28 34 32 32 46 47 47 31 31 30 37 37 58 73 73 81 81 66 70 70 67 65 65 40 40 38 60 60 71
 234 234 192 161 161 175 148 148 125 125 83 194 194 54 50 50 41 41 39 39 39 45 61 61 41 41 43 40 40 50 80 80 88 88 75 69 69 65 47 47 36 36 56 50 50 54
 234 234 192 161 161 175 148 148 125 125 83 194 194 54 50 50 41 41 39 39 39 45 61 61 41 41 43 40 40 50 80 80 88 88 75 69 69 65 47 47 36 36 56 50 50 54
 148 148 144 156 156 216 210 210 307 307 206 203 203 53 52 52 40 40 43 46 46 59 56 56 52 52 39 60 60 54 60 60 57 57 135 60 60 47 30 30 44 44 74 71 71 45
 142 142 146 159 159 248 269 269 268 268 222 233 233 62 60 60 39 39 50 62 62 70 61 61 104 104 26 30 30 29 30 30 52 52 43 50 50 34 38 38 42 42 68 66 66 23
 142 142 146 159 159 248 269 269 268 268 222 233 233 62 60 60 39 39 50 62 62 70 61 61 104 104 26 30 30 29 30 30 52 52 43 50 50 34 38 38 42 42 68 66 66 23
 96 96 148 164 164 170 256 256 245 245 216 217 217 190 74 74 46 46 64 81 81 72 52 52 56 56 39 21 21 19 22 22 28 28 37 25 25 22 35 35 40 40 34 28 28 25
 96 96 148 164 164 170 256 256 245 245 216 217 217 190 74 74 46 46 64 81 81 72 52 52 56 56 39 21 21 19 22 22 28 28 37 25 25 22 35 35 40 40 34 28 28 25
 108 108 95 111 111 116 207 207 194 194 192 202 202 194 75 75 74 74 65 76 76 69 55 55 47 47 29 25 25 18 19 19 20 20 40 24 24 17 26 26 40 40 27 18 18 16
 95 95 98 106 106 86 116 116 138 138 208 197 197 191 83 83 91 91 59 75 75 79 117 117 71 71 52 49 49 46 43 43 28 28 29 20 20 24 17 17 32 32 18 11 11 14
 95 95 98 106 106 86 116 116 138 138 208 197 197 191 83 83 91 91 59 75 75 79 117 117 71 71 52 49 49 46 43 43 28 28 29 20 20 24 17 17 32 32 18 11 11 14
 94 94 100 68 68 84 131 131 126 126 268 205 205 202 90 90 74 74 62 71 71 71 80 80 60 60 70 58 58 64 62 62 29 29 24 21 21 24 23 23 26 26 34 12 12 13
 106 106 104 68 68 83 100 100 106 106 220 218 218 195 84 84 83 83 66 71 71 84 82 82 83 83 67 54 54 53 49 49 50 50 40 27 27 18 17 17 20 20 23 11 11 11
 106 106 104 68 68 83 100 100 106 106 220 218 218 195 84 84 83 83 66 71 71 84 82 82 83 83 67 54 54 53 49 49 50 50 40 27 27 18 17 17 20 20 23 11 11 11
 115 115 124 74 74 91 91 91 96 96 219 219 219 82 100 100 102 102 85 90 90 100 99 99 90 90 76 80 80 72 57 57 50 50 48 42 42 26 23 23 18 18 23 11 11 9
 115 115 124 74 74 91 91 91 96 96 219 219 219 82 100 100 102 102 85 90 90 100 99 99 90 90 76 80 80 72 57 57 50 50 48 42 42 26 23 23 18 18 23 11 11 9
 139 139 141 79 79 91 75 75 80 80 86 88 88 76 85 85 91 91 88 87 87 102 105 105 103 103 79 89 89 77 51 51 42 42 40 38 38 36 37 37 41 41 38 26 26 15
 151 151 141 105 105 90 69 69 70 70 81 107 107 70 74 74 77 77 78 56 56 94 94 94 107 107 82 83 83 77 49 49 39 39 39 38 38 50 58 58 74 74 45 30 30 16
 151 151 141 105 105 90 69 69 70 70 81 107 107 70 74 74 77 77 78 56 56 94 94 94 107 107 82 83 83 77 49 49 39 39 39 38 38 50 58 58 74 74 45 30 30 16
 154 154 80 84 84 51 55 55 83 83 80 108 108 71 48 48 47 47 50 48 48 83 89 89 155 155 89 53 53 51 49 49 43 43 37 47 47 59 52 52 50 50 58 41 41 28
 133 133 71 75 75 45 51 51 55 55 67 75 75 78 54 54 65 65 50 39 39 45 81 81 93 93 97 61 61 45 44 44 36 36 51 64 64 52 39 39 40 40 44 31 31 18
 133 133 71 75 75 45 51 51 55 55 67 75 75 78 54 54 65 65 50 39 39 45 81 81 93 93 97 61 61 45 44 44 36 36 51 64 64 52 39 39 40 40 44 31 31 18
 125 125 70 69 69 39 58 58 57 57 68 80 80 94 77 77 77 77 45 37 37 37 43 43 74 74 59 53 53 33 24 24 27 27 54 40 40 24 30 30 38 38 30 27 27 29
 125 125 70 69 69 39 58 58 57 57 68 80 80 94 77 77 77 77 45 37 37 37 43 43 74 74 59 53 53 33 24 24 27 27 54 40 40 24 30 30 38 38 30 27 27 29
 107 107 60 56 56 44 68 68 66 66 71 81 81 91 79 79 71 71 26 23 23 31 35 35 68 68 65 36 36 24 15 15 9 9 28 22 22 20 16 16 29 29 25 21 21 19
 54 54 72 61 61 48 73 73 69 69 74 79 79 82 79 79 64 64 22 21 21 29 31 31 63 63 58 40 40 31 19 19 18 18 19 11 11 4 3 3 15 15 20 18 18 17
 54 54 72 61 61 48 73 73 69 69 74 79 79 82 79 79 64 64 22 21 21 29 31 31 63 63 58 40 40 31 19 19 18 18 19 11 11 4 3 3 15 15 20 18 18 17
 70 70 72 56 56 52 50 50 73 73 85 85 85 80 87 87 26 26 30 33 33 31 35 35 65 65 76 60 60 31 17 17 23 23 22 15 15 5 5 5 7 7 13 3 3 3
 137 137 127 73 73 72 50 50 72 72 74 76 76 79 84 84 24 24 28 38 38 35 34 34 67 67 65 46 46 24 15 15 15 15 33 18 18 7 4 4 5 5 10 2 2 2
 137 137 127 73 73 72 50 50 72 72 74 76 76 79 84 84 24 24 28 38 38 35 34 34 67 67 65 46 46 24 15 15 15 15 33 18 18 7 4 4 5 5 10 2 2 2
 136 136 92 84 84 69 65 65 68 68 73 80 80 64 68 68 25 25 32 33 33 29 31 31 70 70 74 52 52 36 24 24 25 25 29 13 13 10 11 11 5 5 7 8 8 5
 136 136 92 84 84 69 65 65 68 68 73 80 80 64 68 68 25 25 32 33 33 29 31 31 70 70 74 52 52 36 24 24 25 25 29 13 13 10 11 11 5 5 7 8 8 5
 101 101 83 85 85 68 77 77 79 79 64 73 73 70 70 70 73 73 50 38 38 38 45 45 55 55 60 49 49 26 24 24 18 18 9 6 6 10 14 14 12 12 12 7 7 7
 67 67 71 68 68 75 80 80 53 53 47 69 69 63 73 73 74 74 46 71 71 97 80 80 83 83 43 42 42 21 10 10 12 12 9 6 6 7 13 13 15 15 9 10 10 10
 67 67 71 68 68 75 80 80 53 53 47 69 69 63 73 73 74 74 46 71 71 97 80 80 83 83 43 42 42 21 10 10 12 12 9 6 6 7 13 13 15 15 9 10 10 10
 84 84 91 67 67 78 73 73 64 64 51 70 70 79 39 39 37 37 69 72 72 98 74 74 79 79 22 26 26 16 15 15 13 13 16 14 14 13 10 10 14 14 17 12 12 6
 64 64 64 50 50 67 33 33 50 50 24 26 26 31 32 32 26 26 65 63 63 99 94 94 71 71 29 21 21 16 15 15 16 16 16 25 25 18 16 16 8 8 11 11 11 2
 64 64 64 50 50 67 33 33 50 50 24 26 26 31 32 32 26 26 65 63 63 99 94 94 71 71 29 21 21 16 15 15 16 16 16 25 25 18 16 16 8 8 11 11 11 2
 69 69 33 37 37 33 34 34 31 31 27 26 26 22 23 23 25 25 63 63 63 101 101 101 42 42 40 17 17 19 20 20 20 20 18 20 20 22 18 18 10 10 7 14 14 3
 69 69 33 37 37 33 34 34 31 31 27 26 26 22 23 23 25 25 63 63 63 101 101 101 42 42 40 17 17 19 20 20 20 20 18 20 20 22 18 18 10 10 7 14 14 3
 77 77 43 50 50 39 28 28 27 27 27 27 27 23 20 20 26 26 23 38 38 71 80 80 80 80 57 44 44 43 10 10 23 23 20 22 22 18 16 16 14 14 7 11 11 5
 45 45 51 64 64 50 36 36 31 31 25 25 25 24 21 21 23 23 27 51 51 53 82 82 212 212 206 40 40 42 9 9 11 11 21 17 17 11 15 15 13 13 5 2 2 3
 45 45 51 64 64 50 36 36 31 31 25 25 25 24 21 21 23 23 27 51 51 53 82 82 212 212 206 40 40 42 9 9 11 11 21 17 17 11 15 15 13 13 5 2 2 3
 39 39 55 68 68 59 59 59 42 42 30 28 28 25 25 25 26 26 25 50 50 55 88 88 89 89 123 53 53 29 15 15 10 10 9 15 15 11 15 15 13 13 13 1 1 3
 29 29 41 41 41 48 60 60 52 52 34 28 28 25 30 30 35 35 44 47 47 61 95 95 101 101 145 84 84 28 28 28 11 11 13 10 10 12 7 7 11 11 15 6 6 1
 29 29 41 41 41 48 60 60 52 52 34 28 28 25 30 30 35 35 44 47 47 61 95 95 101 101 145 84 84 28 28 28 11 11 13 10 10 12 7 7 11 11 15 6 6 1
 17 17 30 40 40 48 50 50 39 39 29 29 29 28 24 24 36 36 33 32 32 59 60 60 101 101 153 187 187 58 26 26 20 20 19 8 8 10 11 11 9 9 7 2 2 1
 17 17 30 40 40 48 50 50 39 39 29 29 29 28 24 24 36 36 33 32 32 59 60 60 101 101 153 187 187 58 26 26 20 20 19 8 8 10 11 11 9 9 7 2 2 1
 11 11 21 30 30 32 35 35 27 27 29 27 27 29 27 27 23 23 24 23 23 23 25 25 63 63 132 170 170 95 40 40 27 27 14 4 4 3 3 3 1 1 10 6 6 3
 15 15 19 25 25 28 20 20 21 21 15 15 15 18 16 16 16 16 19 22 22 24 24 24 63 63 120 116 116 86 42 42 31 31 33 3 3 3 1 1 2 2 2 1 1 2
 15 15 19 25 25 28 20 20 21 21 15 15 15 18 16 16 16 16 19 22 22 24 24 24 63 63 120 116 116 86 42 42 31 31 33 3 3 3 1 1 2 2 2 1 1 2
 15 15 13 17 17 23 20 20 19 19 14 16 16 17 24 24 17 17 31 51 51 26 25 25 45 45 107 87 87 45 54 54 86 86 85 9 9 5 1 1 2 2 2 6 6 8
 15 15 14 12 12 11 15 15 20 20 19 21 21 20 25 25 30 30 34 52 52 55 74 74 97 97 110 101 101 70 78 78 105 105 98 9 9 4 4 4 8 8 8 12 12 10
