assets/RAT_results_old/precipitation/2023-05-09_IMERG.asc
ncols        46
nrows        77
xllcorner    74.800261325624
yllcorner    8.058333333333
cellsize     0.062500000000
NODATA_value -9999
 5 5 5 16 16 12 15 15 23 23 17 19 19 27 31 31 31 31 30 33 33 29 22 22 11 11 7 11 11 13 10 10 12 12 14 10 10 9 7 7 5 5 3 2 2 1
 7 7 7 9 9 12 16 16 14 14 11 9 9 15 22 22 31 31 30 29 29 27 17 17 8 8 5 8 8 8 6 6 7 7 9 10 10 10 9 9 11 11 5 3 3 1
 7 7 7 9 9 12 16 16 14 14 11 9 9 15 22 22 31 31 30 29 29 27 17 17 8 8 5 8 8 8 6 6 7 7 9 10 10 10 9 9 11 11 5 3 3 1
 8 8 6 7 7 5 7 7 7 7 4 4 4 9 16 16 32 32 28 22 22 13 7 7 5 5 5 6 6 6 6 6 6 6 8 9 9 10 11 11 13 13 23 6 6 3
 4 4 4 6 6 2 4 4 5 5 6 4 4 5 10 10 19 19 15 12 12 5 5 5 5 5 6 6 6 6 6 6 6 6 7 7 7 9 10 10 9 9 9 9 9 8
 4 4 4 6 6 2 4 4 5 5 6 4 4 5 10 10 19 19 15 12 12 5 5 5 5 5 6 6 6 6 6 6 6 6 7 7 7 9 10 10 9 9 9 9 9 8
 4 4 13 5 5 3 3 3 4 4 5 4 4 2 5 5 13 13 24 14 14 8 5 5 5 5 6 6 6 6 9 9 9 9 8 7 7 9 10 10 13 13 9 13 13 10
 4 4 13 5 5 3 3 3 4 4 5 4 4 2 5 5 13 13 24 14 14 8 5 5 5 5 6 6 6 6 9 9 9 9 8 7 7 9 10 10 13 13 9 13 13 10
 11 11 19 9 9 7 6 6 7 7 4 5 5 2 2 2 8 8 13 14 14 13 4 4 5 5 5 6 6 8 16 16 15 15 67 65 65 61 8 8 25 25 15 18 18 15
 12 12 13 10 10 9 7 7 8 8 4 4 4 3 3 3 3 3 10 11 11 11 6 6 7 7 6 8 8 9 36 36 40 40 94 93 93 67 15 15 20 20 19 10 10 11
 12 12 13 10 10 9 7 7 8 8 4 4 4 3 3 3 3 3 10 11 11 11 6 6 7 7 6 8 8 9 36 36 40 40 94 93 93 67 15 15 20 20 19 10 10 11
 5 5 6 5 5 6 5 5 6 6 5 6 6 4 3 3 4 4 4 5 5 6 8 8 3 3 4 7 7 8 35 35 66 66 66 178 178 154 24 24 22 22 22 7 7 6
 4 4 5 6 6 4 3 3 4 4 6 6 6 5 4 4 2 2 2 3 3 5 8 8 8 8 3 7 7 7 36 36 72 72 67 67 67 68 29 29 27 27 23 26 26 27
 4 4 5 6 6 4 3 3 4 4 6 6 6 5 4 4 2 2 2 3 3 5 8 8 8 8 3 7 7 7 36 36 72 72 67 67 67 68 29 29 27 27 23 26 26 27
 3 3 5 3 3 3 2 2 3 3 4 5 5 6 7 7 5 5 5 4 4 7 8 8 7 7 3 7 7 8 8 8 84 84 93 43 43 43 37 37 16 16 15 19 19 65
 3 3 5 3 3 3 2 2 3 3 4 5 5 6 7 7 5 5 5 4 4 7 8 8 7 7 3 7 7 8 8 8 84 84 93 43 43 43 37 37 16 16 15 19 19 65
 1 1 2 1 1 3 3 3 2 2 3 4 4 5 4 4 6 6 9 9 9 11 9 9 9 9 3 5 5 7 6 6 33 33 41 49 49 47 43 43 17 17 16 7 7 161
 0 0 1 0 0 1 2 2 1 1 1 3 3 4 3 3 3 3 7 10 10 11 11 11 8 8 4 4 4 5 5 5 33 33 37 40 40 44 28 28 17 17 15 17 17 12
 0 0 1 0 0 1 2 2 1 1 1 3 3 4 3 3 3 3 7 10 10 11 11 11 8 8 4 4 4 5 5 5 33 33 37 40 40 44 28 28 17 17 15 17 17 12
 1 1 2 1 1 1 1 1 1 1 2 2 2 2 2 2 3 3 5 4 4 8 12 12 8 8 3 7 7 8 7 7 12 12 16 14 14 25 26 26 21 21 20 19 19 14
 2 2 4 1 1 1 1 1 1 1 1 1 1 2 3 3 1 1 1 1 1 4 6 6 6 6 3 9 9 9 13 13 6 6 17 6 6 11 10 10 22 22 18 16 16 24
 2 2 4 1 1 1 1 1 1 1 1 1 1 2 3 3 1 1 1 1 1 4 6 6 6 6 3 9 9 9 13 13 6 6 17 6 6 11 10 10 22 22 18 16 16 24
 0 0 1 0 0 1 1 1 1 1 1 1 1 1 2 2 1 1 0 0 0 1 2 2 4 4 4 3 3 9 10 10 8 8 9 6 6 6 6 6 8 8 13 14 14 33
 0 0 1 0 0 1 1 1 1 1 1 1 1 1 2 2 1 1 0 0 0 1 2 2 4 4 4 3 3 9 10 10 8 8 9 6 6 6 6 6 8 8 13 14 14 33
 0 0 0 0 0 0 1 1 1 1 1 1 1 0 0 0 0 0 0 0 0 0 0 0 1 1 6 6 6 5 4 4 6 6 6 7 7 3 2 2 2 2 7 8 8 10
 0 0 0 1 1 1 1 1 1 1 1 1 1 0 0 0 0 0 0 0 0 0 0 0 1 1 2 2 2 3 3 3 3 3 3 3 3 3 3 3 2 2 2 2 2 2
 0 0 0 1 1 1 1 1 1 1 1 1 1 0 0 0 0 0 0 0 0 0 0 0 1 1 2 2 2 3 3 3 3 3 3 3 3 3 3 3 2 2 2 2 2 2
 2 2 2 2 2 2 2 2 1 1 1 1 1 0 0 0 0 0 0 0 0 0 0 0 0 0 0 1 1 2 2 2 5 5 4 3 3 3 2 2 2 2 1 1 1 1
 2 2 3 3 3 4 4 4 18 18 2 1 1 1 0 0 0 0 0 0 0 0 0 0 0 0 0 2 2 3 3 3 4 4 3 4 4 3 2 2 2 2 1 1 1 1
 2 2 3 3 3 4 4 4 18 18 2 1 1 1 0 0 0 0 0 0 0 0 0 0 0 0 0 2 2 3 3 3 4 4 3 4 4 3 2 2 2 2 1 1 1 1
 2 2 2 3 3 5 4 4 19 19 18 41 41 1 8 8 1 1 1 1 1 0 0 0 0 0 0 0 0 1 1 1 1 1 2 3 3 3 3 3 2 2 2 2 2 1
 2 2 2 3 3 5 4 4 19 19 18 41 41 1 8 8 1 1 1 1 1 0 0 0 0 0 0 0 0 1 1 1 1 1 2 3 3 3 3 3 2 2 2 2 2 1
 1 1 2 2 2 3 3 3 2 2 2 2 2 4 7 7 7 7 2 1 1 0 0 0 0 0 0 0 0 0 0 0 1 1 1 2 2 2 2 2 2 2 2 6 6 26
 2 2 0 1 1 1 1 1 1 1 1 1 1 1 1 1 1 1 4 1 1 0 0 0 0 0 0 0 0 0 0 0 0 0 1 1 1 1 2 2 2 2 2 3 3 10
 2 2 0 1 1 1 1 1 1 1 1 1 1 1 1 1 1 1 4 1 1 0 0 0 0 0 0 0 0 0 0 0 0 0 1 1 1 1 2 2 2 2 2 3 3 10
 0 0 0 0 0 0 0 0 0 0 1 1 1 1 1 1 1 1 1 1 1 0 0 0 0 0 0 0 0 0 0 0 0 0 0 1 1 1 2 2 2 2 3 5 5 6
 1 1 1 1 1 1 2 2 0 0 0 0 0 0 0 0 1 1 1 1 1 1 1 1 1 1 0 0 0 0 0 0 0 0 0 1 1 3 4 4 3 3 4 4 4 7
 1 1 1 1 1 1 2 2 0 0 0 0 0 0 0 0 1 1 1 1 1 1 1 1 1 1 0 0 0 0 0 0 0 0 0 1 1 3 4 4 3 3 4 4 4 7
 2 2 2 1 1 1 2 2 2 2 1 2 2 1 1 1 0 0 0 1 1 1 1 1 1 1 1 1 1 0 1 1 1 1 1 0 0 2 3 3 8 8 9 10 10 10
 2 2 2 1 1 1 2 2 2 2 1 2 2 1 1 1 0 0 0 1 1 1 1 1 1 1 1 1 1 0 1 1 1 1 1 0 0 2 3 3 8 8 9 10 10 10
 2 2 2 1 1 1 2 2 2 2 1 3 3 3 2 2 3 3 1 0 0 1 1 1 2 2 1 1 1 1 2 2 2 2 2 3 3 3 2 2 10 10 11 13 13 18
 0 0 1 5 5 1 5 5 4 4 3 2 2 1 3 3 2 2 3 0 0 1 1 1 2 2 2 2 2 2 7 7 4 4 3 2 2 4 1 1 4 4 12 16 16 15
 0 0 1 5 5 1 5 5 4 4 3 2 2 1 3 3 2 2 3 0 0 1 1 1 2 2 2 2 2 2 7 7 4 4 3 2 2 4 1 1 4 4 12 16 16 15
 1 1 1 5 5 4 4 4 2 2 2 2 2 2 3 3 2 2 3 2 2 2 1 1 1 1 2 3 3 4 5 5 4 4 4 4 4 11 6 6 5 5 4 14 14 21
 1 1 6 6 6 3 2 2 1 1 2 2 2 2 2 2 1 1 1 1 1 2 1 1 1 1 3 3 3 8 6 6 4 4 7 11 11 11 8 8 4 4 11 11 11 9
 1 1 6 6 6 3 2 2 1 1 2 2 2 2 2 2 1 1 1 1 1 2 1 1 1 1 3 3 3 8 6 6 4 4 7 11 11 11 8 8 4 4 11 11 11 9
 2 2 23 27 27 12 3 3 2 2 3 2 2 2 3 3 3 3 2 1 1 2 2 2 2 2 8 7 7 9 10 10 5 5 9 16 16 14 11 11 11 11 7 7 7 9
 2 2 23 27 27 12 3 3 2 2 3 2 2 2 3 3 3 3 2 1 1 2 2 2 2 2 8 7 7 9 10 10 5 5 9 16 16 14 11 11 11 11 7 7 7 9
 2 2 23 47 47 36 2 2 5 5 6 3 3 3 3 3 3 3 3 2 2 3 4 4 3 3 7 7 7 10 12 12 12 12 12 13 13 14 15 15 18 18 9 16 16 22
 11 11 14 31 31 26 2 2 6 6 8 5 5 3 2 2 2 2 2 2 2 4 6 6 7 7 11 13 13 13 12 12 11 11 17 23 23 22 17 17 20 20 17 24 24 23
 11 11 14 31 31 26 2 2 6 6 8 5 5 3 2 2 2 2 2 2 2 4 6 6 7 7 11 13 13 13 12 12 11 11 17 23 23 22 17 17 20 20 17 24 24 23
 1 1 11 31 31 2 2 2 6 6 9 7 7 3 2 2 2 2 2 3 3 6 6 6 10 10 10 17 17 17 17 17 20 20 22 21 21 27 28 28 22 22 13 22 22 12
 2 2 2 1 1 0 1 1 4 4 8 6 6 2 2 2 2 2 5 4 4 14 12 12 16 16 16 15 15 18 24 24 24 24 21 23 23 28 29 29 24 24 23 12 12 9
 2 2 2 1 1 0 1 1 4 4 8 6 6 2 2 2 2 2 5 4 4 14 12 12 16 16 16 15 15 18 24 24 24 24 21 23 23 28 29 29 24 24 23 12 12 9
 1 1 1 2 2 1 5 5 3 3 5 6 6 3 3 3 4 4 5 15 15 16 14 14 19 19 14 16 16 19 26 26 29 29 27 22 22 34 36 36 37 37 23 10 10 9
 1 1 1 2 2 1 5 5 3 3 5 6 6 3 3 3 4 4 5 15 15 16 14 14 19 19 14 16 16 19 26 26 29 29 27 22 22 34 36 36 37 37 23 10 10 9
 0 0 0 2 2 5 5 5 3 3 6 8 8 6 3 3 4 4 13 17 17 19 17 17 22 22 17 20 20 20 29 29 33 33 33 24 24 25 20 20 25 25 14 6 6 5
 0 0 0 1 1 3 4 4 3 3 4 6 6 5 4 4 14 14 13 17 17 20 20 20 22 22 24 20 20 20 24 24 32 32 33 17 17 12 9 9 9 9 7 3 3 3
 0 0 0 1 1 3 4 4 3 3 4 6 6 5 4 4 14 14 13 17 17 20 20 20 22 22 24 20 20 20 24 24 32 32 33 17 17 12 9 9 9 9 7 3 3 3
 1 1 1 1 1 4 4 4 2 2 2 33 33 43 7 7 8 8 12 17 17 26 25 25 24 24 27 19 19 16 18 18 22 22 23 17 17 12 6 6 5 5 5 5 5 1
 1 1 1 1 1 1 3 3 4 4 4 35 35 44 48 48 8 8 12 16 16 28 27 27 23 23 23 15 15 19 16 16 14 14 15 10 10 9 6 6 7 7 4 6 6 6
 1 1 1 1 1 1 3 3 4 4 4 35 35 44 48 48 8 8 12 16 16 28 27 27 23 23 23 15 15 19 16 16 14 14 15 10 10 9 6 6 7 7 4 6 6 6
 1 1 1 1 1 3 4 4 6 6 31 30 30 11 18 18 15 15 16 15 15 25 26 26 22 22 24 17 17 19 10 10 11 11 12 12 12 9 7 7 5 5 3 4 4 5
 1 1 1 1 1 3 4 4 6 6 31 30 30 11 18 18 15 15 16 15 15 25 26 26 22 22 24 17 17 19 10 10 11 11 12 12 12 9 7 7 5 5 3 4 4 5
 1 1 0 23 23 2 2 2 5 5 30 28 28 10 16 16 16 16 12 8 8 15 23 23 16 16 27 18 18 24 15 15 9 9 11 12 12 11 7 7 6 6 3 4 4 4
 0 0 0 11 11 11 2 2 6 6 34 28 28 29 30 30 5 5 13 11 11 17 5 5 5 5 14 20 20 33 20 20 19 19 12 9 9 7 6 6 6 6 4 6 6 9
 0 0 0 11 11 11 2 2 6 6 34 28 28 29 30 30 5 5 13 11 11 17 5 5 5 5 14 20 20 33 20 20 19 19 12 9 9 7 6 6 6 6 4 6 6 9
 0 0 0 0 0 11 1 1 8 8 21 21 21 28 30 30 5 5 5 5 5 8 22 22 7 7 5 14 14 19 11 11 15 15 19 8 8 8 6 6 6 6 5 9 9 12
 0 0 0 0 0 0 2 2 3 3 16 10 10 7 7 7 4 4 6 7 7 10 12 12 9 9 6 7 7 12 19 19 11 11 16 8 8 6 6 6 6 6 8 10 10 12
 0 0 0 0 0 0 2 2 3 3 16 10 10 7 7 7 4 4 6 7 7 10 12 12 9 9 6 7 7 12 19 19 11 11 16 8 8 6 6 6 6 6 8 10 10 12
 0 0 0 0 0 0 0 0 1 1 2 2 2 2 3 3 8 8 8 10 10 12 13 13 13 13 9 8 8 16 19 19 15 15 8 9 9 6 6 6 10 10 8 11 11 10
 0 0 0 0 0 0 0 0 1 1 2 2 2 2 3 3 8 8 8 10 10 12 13 13 13 13 9 8 8 16 19 19 15 15 8 9 9 6 6 6 10 10 8 11 11 10
 0 0 0 0 0 0 0 0 1 1 1 1 1 2 3 3 8 8 9 12 12 9 12 12 14 14 11 12 12 13 25 25 19 19 14 11 11 15 5 5 4 4 8 8 8 7
 0 0 0 0 0 1 1 1 2 2 2 3 3 2 2 2 7 7 10 10 10 5 9 9 12 12 14 10 10 12 14 14 12 12 27 22 22 4 4 4 4 4 0 1 1 1
 0 0 0 0 0 1 1 1 2 2 2 3 3 2 2 2 7 7 10 10 10 5 9 9 12 12 14 10 10 12 14 14 12 12 27 22 22 4 4 4 4 4 0 1 1 1
 0 0 0 1 1 2 3 3 3 3 3 3 3 3 2 2 5 5 6 7 7 5 4 4 9 9 11 19 19 17 12 12 5 5 16 8 8 2 2 2 1 1 0 0 0 0
 0 0 0 1 1 1 2 2 2 2 3 3 3 2 2 2 3 3 4 4 4 4 2 2 5 5 4 16 16 14 17 17 14 14 9 11 11 5 1 1 1 1 2 0 0 0
