assets/RAT_results_old/precipitation/2024-07-28_IMERG.asc
ncols        46
nrows        77
xllcorner    74.800261325624
yllcorner    8.058333333333
cellsize     0.062500000000
NODATA_value -9999
4 4 3 4 4 5 1 1 6 6 8 16 16 7 3 3 1 1 1 0 0 0 0 0 0 0 0 0 0 0 0 0 0 0 0 1 1 1 1 1 0 0 0 0 0 0 
2 2 1 4 4 8 3 3 3 3 8 21 21 11 7 7 3 3 2 1 1 0 0 0 0 0 0 1 1 0 0 0 0 0 0 0 0 0 1 1 0 0 0 0 0 0 
2 2 1 4 4 8 3 3 3 3 8 21 21 11 7 7 3 3 2 1 1 0 0 0 0 0 0 1 1 0 0 0 0 0 0 0 0 0 1 1 0 0 0 0 0 0 
1 1 2 4 4 5 3 3 4 4 4 15 15 8 6 6 4 4 4 5 5 1 0 0 0 0 0 1 1 1 0 0 0 0 0 0 0 1 1 1 1 1 1 1 1 0 
2 2 5 8 8 5 3 3 5 5 7 11 11 11 3 3 6 6 4 0 0 0 1 1 1 1 2 1 1 1 0 0 0 0 0 0 0 1 1 1 0 0 0 0 0 0 
2 2 5 8 8 5 3 3 5 5 7 11 11 11 3 3 6 6 4 0 0 0 1 1 1 1 2 1 1 1 0 0 0 0 0 0 0 1 1 1 0 0 0 0 0 0 
1 1 1 10 10 1 1 1 1 1 11 7 7 6 1 1 4 4 3 1 1 3 4 4 5 5 5 4 4 2 1 1 0 0 0 0 0 0 0 0 0 0 0 0 0 0 
1 1 1 10 10 1 1 1 1 1 11 7 7 6 1 1 4 4 3 1 1 3 4 4 5 5 5 4 4 2 1 1 0 0 0 0 0 0 0 0 0 0 0 0 0 0 
2 2 3 4 4 3 1 1 1 1 5 8 8 13 6 6 8 8 2 0 0 1 3 3 2 2 4 2 2 1 1 1 0 0 0 0 0 0 0 0 0 0 0 0 0 0 
2 2 4 16 16 4 4 4 1 1 11 12 12 17 22 22 10 10 5 1 1 1 2 2 0 0 1 2 2 1 0 0 0 0 0 0 0 0 0 0 0 0 0 0 0 0 
2 2 4 16 16 4 4 4 1 1 11 12 12 17 22 22 10 10 5 1 1 1 2 2 0 0 1 2 2 1 0 0 0 0 0 0 0 0 0 0 0 0 0 0 0 0 
2 2 3 2 2 17 16 16 3 3 9 16 16 23 20 20 8 8 5 3 3 2 0 0 0 0 1 0 0 0 0 0 0 0 0 0 0 0 0 0 0 0 0 0 0 1 
5 5 5 4 4 12 20 20 17 17 15 17 17 21 36 36 18 18 18 5 5 3 2 2 2 2 1 0 0 0 0 0 0 0 0 0 0 0 0 0 0 0 0 3 3 1 
5 5 5 4 4 12 20 20 17 17 15 17 17 21 36 36 18 18 18 5 5 3 2 2 2 2 1 0 0 0 0 0 0 0 0 0 0 0 0 0 0 0 0 3 3 1 
2 2 1 2 2 2 14 14 17 17 19 16 16 27 27 27 18 18 17 4 4 2 3 3 3 3 2 0 0 0 0 0 0 0 0 2 2 8 0 0 1 1 1 2 2 4 
2 2 1 2 2 2 14 14 17 17 19 16 16 27 27 27 18 18 17 4 4 2 3 3 3 3 2 0 0 0 0 0 0 0 0 2 2 8 0 0 1 1 1 2 2 4 
1 1 4 2 2 1 4 4 12 12 12 18 18 13 14 14 13 13 13 5 5 1 1 1 2 2 3 0 0 0 0 0 0 0 0 2 2 2 1 1 0 0 1 2 2 5 
3 3 3 3 3 1 3 3 3 3 10 13 13 19 26 26 24 24 21 13 13 6 2 2 3 3 2 1 1 0 0 0 0 0 0 4 4 6 2 2 1 1 2 1 1 0 
3 3 3 3 3 1 3 3 3 3 10 13 13 19 26 26 24 24 21 13 13 6 2 2 3 3 2 1 1 0 0 0 0 0 0 4 4 6 2 2 1 1 2 1 1 0 
2 2 2 2 2 1 1 1 2 2 5 12 12 25 43 43 33 33 27 19 19 9 2 2 4 4 4 2 2 0 1 1 0 0 1 7 7 4 3 3 5 5 3 2 2 0 
2 2 2 3 3 3 2 2 2 2 3 14 14 18 36 36 46 46 48 37 37 31 12 12 6 6 4 5 5 2 1 1 1 1 1 1 1 1 4 4 4 4 1 2 2 0 
2 2 2 3 3 3 2 2 2 2 3 14 14 18 36 36 46 46 48 37 37 31 12 12 6 6 4 5 5 2 1 1 1 1 1 1 1 1 4 4 4 4 1 2 2 0 
2 2 2 3 3 3 2 2 4 4 4 8 8 20 28 28 44 44 41 35 35 33 23 23 12 12 9 12 12 7 4 4 6 6 1 1 1 1 1 1 1 1 1 0 0 0 
2 2 2 3 3 3 2 2 4 4 4 8 8 20 28 28 44 44 41 35 35 33 23 23 12 12 9 12 12 7 4 4 6 6 1 1 1 1 1 1 1 1 1 0 0 0 
2 2 1 1 1 1 3 3 4 4 3 4 4 14 21 21 26 26 30 29 29 25 26 26 22 22 17 15 15 6 2 2 3 3 1 1 1 1 1 1 1 1 0 0 0 0 
1 1 1 1 1 1 3 3 7 7 6 5 5 7 9 9 14 14 14 19 19 29 28 28 30 30 23 15 15 8 3 3 2 2 1 1 1 1 2 2 2 2 1 0 0 1 
1 1 1 1 1 1 3 3 7 7 6 5 5 7 9 9 14 14 14 19 19 29 28 28 30 30 23 15 15 8 3 3 2 2 1 1 1 1 2 2 2 2 1 0 0 1 
1 1 1 1 1 2 4 4 14 14 20 8 8 11 13 13 17 17 18 25 25 37 44 44 48 48 39 20 20 14 4 4 1 1 1 0 0 1 2 2 1 1 1 1 1 1 
1 1 1 1 1 3 4 4 9 9 14 10 10 12 13 13 30 30 31 29 29 40 37 37 35 35 32 16 16 12 3 3 2 2 0 0 0 0 1 1 0 0 0 0 0 0 
1 1 1 1 1 3 4 4 9 9 14 10 10 12 13 13 30 30 31 29 29 40 37 37 35 35 32 16 16 12 3 3 2 2 0 0 0 0 1 1 0 0 0 0 0 0 
2 2 2 2 2 3 3 3 5 5 12 17 17 11 10 10 26 26 31 26 26 46 41 41 40 40 26 13 13 9 4 4 2 2 0 0 0 0 0 0 0 0 0 0 0 0 
2 2 2 2 2 3 3 3 5 5 12 17 17 11 10 10 26 26 31 26 26 46 41 41 40 40 26 13 13 9 4 4 2 2 0 0 0 0 0 0 0 0 0 0 0 0 
2 2 2 2 2 2 4 4 5 5 8 13 13 12 13 13 28 28 32 24 24 22 29 29 28 28 13 14 14 9 6 6 1 1 1 1 1 0 0 0 0 0 0 0 0 0 
3 3 2 2 2 2 4 4 6 6 8 9 9 10 9 9 25 25 31 32 32 25 18 18 23 23 22 12 12 8 7 7 1 1 1 1 1 0 0 0 0 0 0 0 0 0 
3 3 2 2 2 2 4 4 6 6 8 9 9 10 9 9 25 25 31 32 32 25 18 18 23 23 22 12 12 8 7 7 1 1 1 1 1 0 0 0 0 0 0 0 0 0 
9 9 3 3 3 3 5 5 9 9 7 15 15 13 13 13 20 20 37 36 36 29 17 17 27 27 31 23 23 11 6 6 1 1 8 2 2 0 0 0 0 0 0 0 0 0 
12 12 8 3 3 2 4 4 13 13 18 25 25 15 14 14 20 20 28 24 24 34 22 22 24 24 27 20 20 8 8 8 8 8 7 2 2 0 0 0 0 0 0 0 0 0 
12 12 8 3 3 2 4 4 13 13 18 25 25 15 14 14 20 20 28 24 24 34 22 22 24 24 27 20 20 8 8 8 8 8 7 2 2 0 0 0 0 0 0 0 0 0 
8 8 10 10 10 6 2 2 12 12 13 12 12 30 16 16 19 19 24 22 22 30 25 25 27 27 31 29 29 15 11 11 8 8 7 1 1 0 0 0 0 0 1 0 0 0 
8 8 10 10 10 6 2 2 12 12 13 12 12 30 16 16 19 19 24 22 22 30 25 25 27 27 31 29 29 15 11 11 8 8 7 1 1 0 0 0 0 0 1 0 0 0 
2 2 3 6 6 5 4 4 7 7 11 17 17 18 24 24 25 25 16 22 22 23 28 28 31 31 49 32 32 23 22 22 11 11 4 1 1 0 0 0 0 0 0 0 0 1 
2 2 1 2 2 3 4 4 4 4 11 15 15 15 22 22 25 25 26 32 32 31 43 43 48 48 52 43 43 32 37 37 15 15 13 2 2 0 2 2 1 1 0 0 0 0 
2 2 1 2 2 3 4 4 4 4 11 15 15 15 22 22 25 25 26 32 32 31 43 43 48 48 52 43 43 32 37 37 15 15 13 2 2 0 2 2 1 1 0 0 0 0 
1 1 1 2 2 2 3 3 4 4 7 4 4 1 17 17 23 23 25 33 33 40 48 48 64 64 55 58 58 41 32 32 12 12 4 2 2 1 1 1 0 0 0 1 1 1 
4 4 3 3 3 4 5 5 5 5 6 2 2 2 8 8 23 23 33 50 50 56 41 41 43 43 52 53 53 53 30 30 17 17 7 2 2 1 1 1 0 0 0 0 0 0 
4 4 3 3 3 4 5 5 5 5 6 2 2 2 8 8 23 23 33 50 50 56 41 41 43 43 52 53 53 53 30 30 17 17 7 2 2 1 1 1 0 0 0 0 0 0 
4 4 5 5 5 7 8 8 6 6 7 9 9 5 5 5 19 19 34 55 55 58 75 75 59 59 73 47 47 50 25 25 16 16 2 2 2 0 1 1 0 0 0 0 0 0 
4 4 5 5 5 7 8 8 6 6 7 9 9 5 5 5 19 19 34 55 55 58 75 75 59 59 73 47 47 50 25 25 16 16 2 2 2 0 1 1 0 0 0 0 0 0 
2 2 5 9 9 12 10 10 9 9 12 10 10 10 11 11 20 20 26 40 40 52 46 46 67 67 85 55 55 36 18 18 13 13 7 2 2 0 0 0 0 0 0 0 0 0 
2 2 5 9 9 12 12 12 11 11 16 16 16 19 7 7 15 15 11 21 21 34 36 36 65 65 80 55 55 39 19 19 15 15 6 2 2 2 1 1 2 2 1 1 1 1 
2 2 5 9 9 12 12 12 11 11 16 16 16 19 7 7 15 15 11 21 21 34 36 36 65 65 80 55 55 39 19 19 15 15 6 2 2 2 1 1 2 2 1 1 1 1 
5 5 5 8 8 12 11 11 17 17 23 17 17 18 6 6 7 7 8 18 18 39 50 50 42 42 48 51 51 49 22 22 11 11 4 1 1 2 2 2 2 2 0 0 0 0 
6 6 7 6 6 11 13 13 19 19 16 18 18 17 10 10 2 2 2 6 6 6 26 26 72 72 53 44 44 42 25 25 10 10 7 4 4 4 3 3 1 1 1 0 0 0 
6 6 7 6 6 11 13 13 19 19 16 18 18 17 10 10 2 2 2 6 6 6 26 26 72 72 53 44 44 42 25 25 10 10 7 4 4 4 3 3 1 1 1 0 0 0 
5 5 7 7 7 11 11 11 13 13 11 8 8 11 10 10 1 1 1 3 3 5 17 17 40 40 61 48 48 40 16 16 19 19 19 22 22 9 5 5 8 8 4 0 0 0 
5 5 7 7 7 11 11 11 13 13 11 8 8 11 10 10 1 1 1 3 3 5 17 17 40 40 61 48 48 40 16 16 19 19 19 22 22 9 5 5 8 8 4 0 0 0 
7 7 7 7 7 12 11 11 11 11 3 3 3 6 1 1 1 1 1 5 5 8 14 14 31 31 49 54 54 36 40 40 24 24 13 24 24 14 10 10 15 15 9 0 0 0 
5 5 5 7 7 8 9 9 3 3 2 2 2 2 2 2 0 0 0 1 1 2 9 9 22 22 84 61 61 46 42 42 38 38 23 30 30 21 20 20 22 22 7 1 1 0 
5 5 5 7 7 8 9 9 3 3 2 2 2 2 2 2 0 0 0 1 1 2 9 9 22 22 84 61 61 46 42 42 38 38 23 30 30 21 20 20 22 22 7 1 1 0 
2 2 2 5 5 4 4 4 3 3 1 1 1 1 1 1 1 1 1 1 1 0 8 8 11 11 74 41 41 58 57 57 35 35 32 31 31 26 22 22 16 16 8 4 4 1 
2 2 1 2 2 3 2 2 1 1 0 1 1 1 1 1 1 1 1 2 2 0 1 1 7 7 11 26 26 47 39 39 49 49 28 34 34 26 22 22 14 14 5 2 2 1 
2 2 1 2 2 3 2 2 1 1 0 1 1 1 1 1 1 1 1 2 2 0 1 1 7 7 11 26 26 47 39 39 49 49 28 34 34 26 22 22 14 14 5 2 2 1 
1 1 3 18 18 19 1 1 1 1 1 1 1 1 1 1 3 3 3 3 3 3 0 0 2 2 4 8 8 16 19 19 28 28 32 35 35 29 20 20 18 18 2 1 1 1 
1 1 3 18 18 19 1 1 1 1 1 1 1 1 1 1 3 3 3 3 3 3 0 0 2 2 4 8 8 16 19 19 28 28 32 35 35 29 20 20 18 18 2 1 1 1 
0 0 1 1 1 25 1 1 0 0 1 1 1 1 1 1 4 4 5 6 6 5 6 6 5 5 4 7 7 28 33 33 31 31 20 26 26 23 28 28 27 27 5 1 1 2 
7 7 9 1 1 1 0 0 1 1 1 1 1 2 2 2 5 5 5 5 5 6 10 10 6 6 4 8 8 41 37 37 34 34 19 18 18 18 16 16 10 10 11 6 6 1 
7 7 9 1 1 1 0 0 1 1 1 1 1 2 2 2 5 5 5 5 5 6 10 10 6 6 4 8 8 41 37 37 34 34 19 18 18 18 16 16 10 10 11 6 6 1 
1 1 10 1 1 1 0 0 1 1 0 0 0 0 2 2 3 3 4 4 4 4 6 6 5 5 3 7 7 33 37 37 36 36 26 29 29 18 10 10 4 4 8 7 7 1 
1 1 0 2 2 2 0 0 0 0 0 0 0 0 1 1 2 2 1 2 2 4 5 5 2 2 2 2 2 14 32 32 47 47 33 36 36 19 14 14 11 11 13 11 11 5 
1 1 0 2 2 2 0 0 0 0 0 0 0 0 1 1 2 2 1 2 2 4 5 5 2 2 2 2 2 14 32 32 47 47 33 36 36 19 14 14 11 11 13 11 11 5 
1 1 0 2 2 2 1 1 0 0 1 1 1 1 1 1 1 1 1 1 1 1 1 1 1 1 1 3 3 4 6 6 32 32 33 37 37 23 20 20 20 20 15 5 5 3 
1 1 0 2 2 2 1 1 0 0 1 1 1 1 1 1 1 1 1 1 1 1 1 1 1 1 1 3 3 4 6 6 32 32 33 37 37 23 20 20 20 20 15 5 5 3 
3 3 1 1 1 1 1 1 0 0 0 0 0 2 1 1 1 1 3 1 1 2 1 1 0 0 0 3 3 5 5 5 11 11 12 32 32 31 26 26 26 26 23 4 4 4 
3 3 1 1 1 1 1 1 1 1 1 1 1 2 2 2 3 3 3 2 2 1 3 3 1 1 0 1 1 1 2 2 4 4 5 29 29 30 23 23 20 20 28 14 14 8 
3 3 1 1 1 1 1 1 1 1 1 1 1 2 2 2 3 3 3 2 2 1 3 3 1 1 0 1 1 1 2 2 4 4 5 29 29 30 23 23 20 20 28 14 14 8 
6 6 5 4 4 3 2 2 1 1 1 0 0 2 4 4 4 4 4 6 6 2 5 5 0 0 2 1 1 2 2 2 4 4 3 7 7 17 27 27 27 27 29 13 13 9 
6 6 6 4 4 3 2 2 1 1 1 1 1 0 3 3 4 4 7 7 7 5 7 7 1 1 0 1 1 4 2 2 2 2 1 7 7 6 8 8 13 13 23 13 13 11 
