assets/RAT_results_old/precipitation/2024-08-12_IMERG.asc
ncols        46
nrows        77
xllcorner    74.800261325624
yllcorner    8.058333333333
cellsize     0.062500000000
NODATA_value -9999
0 0 0 1 1 2 3 3 4 4 16 29 29 8 5 5 4 4 1 1 1 1 0 0 0 0 0 0 0 1 1 1 1 1 3 4 4 12 14 14 15 15 14 13 13 12 
1 1 1 2 2 2 3 3 6 6 30 19 19 11 7 7 6 6 3 3 3 2 1 1 0 0 0 0 0 1 2 2 2 2 2 3 3 7 8 8 10 10 15 15 15 13 
1 1 1 2 2 2 3 3 6 6 30 19 19 11 7 7 6 6 3 3 3 2 1 1 0 0 0 0 0 1 2 2 2 2 2 3 3 7 8 8 10 10 15 15 15 13 
0 0 1 2 2 6 9 9 16 16 52 35 35 29 10 10 6 6 4 3 3 2 1 1 1 1 0 1 1 1 3 3 3 3 3 2 2 2 4 4 4 4 6 21 21 8 
0 0 0 1 1 1 7 7 20 20 17 15 15 31 26 26 7 7 12 10 10 5 4 4 3 3 2 2 2 3 3 3 3 3 2 3 3 3 4 4 4 4 6 7 7 3 
0 0 0 1 1 1 7 7 20 20 17 15 15 31 26 26 7 7 12 10 10 5 4 4 3 3 2 2 2 3 3 3 3 3 2 3 3 3 4 4 4 4 6 7 7 3 
0 0 0 1 1 2 2 2 2 2 4 6 6 8 7 7 7 7 12 12 12 7 7 7 5 5 4 4 4 3 4 4 7 7 7 5 5 5 4 4 4 4 4 6 6 6 
0 0 0 1 1 2 2 2 2 2 4 6 6 8 7 7 7 7 12 12 12 7 7 7 5 5 4 4 4 3 4 4 7 7 7 5 5 5 4 4 4 4 4 6 6 6 
0 0 0 1 1 2 3 3 14 14 5 6 6 11 4 4 2 2 4 5 5 4 4 4 5 5 5 5 5 5 6 6 8 8 11 13 13 11 6 6 4 4 4 6 6 4 
3 3 5 11 11 10 14 14 22 22 24 11 11 38 27 27 13 13 31 7 7 2 2 2 2 2 5 5 5 3 4 4 5 5 6 7 7 7 7 7 7 7 8 6 6 3 
3 3 5 11 11 10 14 14 22 22 24 11 11 38 27 27 13 13 31 7 7 2 2 2 2 2 5 5 5 3 4 4 5 5 6 7 7 7 7 7 7 7 8 6 6 3 
4 4 6 17 17 30 36 36 29 29 46 39 39 31 48 48 37 37 48 5 5 1 1 1 1 1 7 7 7 2 2 2 3 3 5 5 5 4 4 4 4 4 4 1 1 0 
14 14 18 19 19 32 33 33 47 47 57 77 77 68 52 52 36 36 30 7 7 3 2 2 2 2 5 5 5 1 2 2 2 2 4 5 5 2 1 1 0 0 0 0 0 1 
14 14 18 19 19 32 33 33 47 47 57 77 77 68 52 52 36 36 30 7 7 3 2 2 2 2 5 5 5 1 2 2 2 2 4 5 5 2 1 1 0 0 0 0 0 1 
20 20 28 30 30 30 47 47 51 51 52 53 53 38 25 25 9 9 16 4 4 21 7 7 3 3 4 4 4 5 6 6 5 5 4 8 8 1 0 0 0 0 0 0 0 4 
20 20 28 30 30 30 47 47 51 51 52 53 53 38 25 25 9 9 16 4 4 21 7 7 3 3 4 4 4 5 6 6 5 5 4 8 8 1 0 0 0 0 0 0 0 4 
22 22 23 24 24 23 32 32 35 35 19 13 13 5 10 10 4 4 3 12 12 20 18 18 6 6 2 3 3 1 3 3 4 4 5 2 2 1 0 0 0 0 0 0 0 3 
20 20 24 26 26 24 18 18 31 31 17 21 21 7 5 5 10 10 12 14 14 15 5 5 3 3 3 0 0 0 0 0 1 1 4 2 2 1 0 0 0 0 0 0 0 0 
20 20 24 26 26 24 18 18 31 31 17 21 21 7 5 5 10 10 12 14 14 15 5 5 3 3 3 0 0 0 0 0 1 1 4 2 2 1 0 0 0 0 0 0 0 0 
27 27 32 32 32 29 33 33 27 27 11 17 17 10 13 13 15 15 21 9 9 11 7 7 5 5 4 1 1 0 0 0 1 1 2 0 0 1 1 1 0 0 0 0 0 0 
16 16 28 30 30 28 31 31 25 25 12 23 23 16 10 10 26 26 17 19 19 17 16 16 17 17 9 5 5 2 1 1 1 1 2 1 1 0 0 0 0 0 0 0 0 0 
16 16 28 30 30 28 31 31 25 25 12 23 23 16 10 10 26 26 17 19 19 17 16 16 17 17 9 5 5 2 1 1 1 1 2 1 1 0 0 0 0 0 0 0 0 0 
5 5 10 12 12 19 23 23 26 26 23 23 23 20 18 18 24 24 25 20 20 25 28 28 22 22 14 9 9 8 6 6 6 6 3 1 1 1 2 2 1 1 0 0 0 0 
5 5 10 12 12 19 23 23 26 26 23 23 23 20 18 18 24 24 25 20 20 25 28 28 22 22 14 9 9 8 6 6 6 6 3 1 1 1 2 2 1 1 0 0 0 0 
1 1 3 6 6 14 11 11 15 15 15 18 18 29 14 14 7 7 10 9 9 14 21 21 18 18 16 13 13 13 10 10 9 9 6 3 3 4 6 6 6 6 3 1 1 0 
1 1 2 4 4 4 4 4 11 11 8 8 8 17 14 14 8 8 3 8 8 20 25 25 24 24 20 13 13 10 9 9 9 9 5 6 6 10 13 13 10 10 6 3 3 1 
1 1 2 4 4 4 4 4 11 11 8 8 8 17 14 14 8 8 3 8 8 20 25 25 24 24 20 13 13 10 9 9 9 9 5 6 6 10 13 13 10 10 6 3 3 1 
0 0 1 3 3 1 2 2 3 3 4 7 7 8 9 9 3 3 3 10 10 21 12 12 9 9 8 6 6 7 10 10 11 11 8 7 7 8 12 12 9 9 6 4 4 2 
0 0 2 7 7 1 2 2 2 2 2 3 3 2 2 2 3 3 3 5 5 10 7 7 3 3 4 5 5 6 9 9 11 11 11 10 10 9 14 14 11 11 9 7 7 5 
0 0 2 7 7 1 2 2 2 2 2 3 3 2 2 2 3 3 3 5 5 10 7 7 3 3 4 5 5 6 9 9 11 11 11 10 10 9 14 14 11 11 9 7 7 5 
0 0 1 10 10 1 1 1 1 1 1 2 2 2 2 2 9 9 9 10 10 6 6 6 3 3 4 4 4 6 6 6 8 8 9 10 10 9 11 11 12 12 9 7 7 6 
0 0 1 10 10 1 1 1 1 1 1 2 2 2 2 2 9 9 9 10 10 6 6 6 3 3 4 4 4 6 6 6 8 8 9 10 10 9 11 11 12 12 9 7 7 6 
0 0 1 1 1 1 1 1 0 0 1 1 1 1 1 1 3 3 1 1 1 1 2 2 4 4 4 5 5 5 5 5 7 7 9 9 9 8 8 8 8 8 7 6 6 6 
1 1 2 1 1 1 1 1 1 1 0 1 1 0 0 0 0 0 1 1 1 1 2 2 5 5 4 3 3 4 3 3 5 5 7 8 8 8 8 8 9 9 8 6 6 5 
1 1 2 1 1 1 1 1 1 1 0 1 1 0 0 0 0 0 1 1 1 1 2 2 5 5 4 3 3 4 3 3 5 5 7 8 8 8 8 8 9 9 8 6 6 5 
1 1 1 1 1 1 1 1 1 1 1 1 1 1 1 1 1 1 1 1 1 0 1 1 1 1 1 2 2 3 4 4 6 6 7 6 6 5 5 5 6 6 5 5 5 4 
0 0 1 1 1 1 0 0 0 0 1 1 1 1 2 2 2 2 3 3 3 6 4 4 2 2 1 5 5 2 2 2 3 3 6 5 5 5 4 4 5 5 4 3 3 3 
0 0 1 1 1 1 0 0 0 0 1 1 1 1 2 2 2 2 3 3 3 6 4 4 2 2 1 5 5 2 2 2 3 3 6 5 5 5 4 4 5 5 4 3 3 3 
0 0 0 0 0 1 0 0 1 1 2 3 3 2 2 2 4 4 6 8 8 11 8 8 21 21 28 30 30 24 10 10 6 6 10 20 20 20 15 15 5 5 4 2 2 3 
0 0 0 0 0 1 0 0 1 1 2 3 3 2 2 2 4 4 6 8 8 11 8 8 21 21 28 30 30 24 10 10 6 6 10 20 20 20 15 15 5 5 4 2 2 3 
0 0 0 0 0 0 1 1 1 1 1 2 2 3 3 3 6 6 9 16 16 24 22 22 43 43 79 64 64 43 30 30 29 29 27 20 20 13 2 2 3 3 2 2 2 2 
0 0 0 0 0 1 1 1 1 1 1 2 2 3 4 4 6 6 10 24 24 29 47 47 54 54 69 79 79 57 43 43 44 44 51 11 11 8 7 7 7 7 1 2 2 4 
0 0 0 0 0 1 1 1 1 1 1 2 2 3 4 4 6 6 10 24 24 29 47 47 54 54 69 79 79 57 43 43 44 44 51 11 11 8 7 7 7 7 1 2 2 4 
0 0 0 1 1 1 1 1 1 1 1 1 1 1 5 5 8 8 9 14 14 26 38 38 52 52 66 62 62 58 55 55 55 55 56 38 38 13 13 13 4 4 1 1 1 1 
0 0 1 1 1 1 2 2 2 2 1 1 1 1 1 1 4 4 6 8 8 19 25 25 37 37 54 54 54 49 46 46 34 34 37 31 31 19 13 13 10 10 4 1 1 0 
0 0 1 1 1 1 2 2 2 2 1 1 1 1 1 1 4 4 6 8 8 19 25 25 37 37 54 54 54 49 46 46 34 34 37 31 31 19 13 13 10 10 4 1 1 0 
0 0 1 1 1 1 1 1 2 2 2 2 2 1 1 1 2 2 2 2 2 8 28 28 21 21 23 29 29 25 34 34 19 19 20 30 30 16 9 9 3 3 2 1 1 1 
0 0 1 1 1 1 1 1 2 2 2 2 2 1 1 1 2 2 2 2 2 8 28 28 21 21 23 29 29 25 34 34 19 19 20 30 30 16 9 9 3 3 2 1 1 1 
1 1 1 2 2 2 2 2 3 3 2 3 3 1 1 1 1 1 2 1 1 4 21 21 31 31 37 10 10 13 9 9 5 5 12 21 21 5 1 1 1 1 0 0 0 1 
1 1 1 3 3 3 1 1 1 1 1 1 1 0 0 0 0 0 1 1 1 2 41 41 34 34 12 7 7 7 7 7 9 9 12 5 5 5 3 3 3 3 2 1 1 1 
1 1 1 3 3 3 1 1 1 1 1 1 1 0 0 0 0 0 1 1 1 2 41 41 34 34 12 7 7 7 7 7 9 9 12 5 5 5 3 3 3 3 2 1 1 1 
2 2 2 2 2 3 1 1 1 1 1 1 1 0 0 0 0 0 0 0 0 0 2 2 11 11 10 13 13 13 10 10 16 16 12 10 10 4 4 4 3 3 1 1 1 1 
5 5 2 3 3 3 2 2 3 3 1 1 1 0 0 0 0 0 1 0 0 1 2 2 10 10 28 22 22 11 13 13 18 18 9 4 4 2 1 1 0 0 0 0 0 0 
5 5 2 3 3 3 2 2 3 3 1 1 1 0 0 0 0 0 1 0 0 1 2 2 10 10 28 22 22 11 13 13 18 18 9 4 4 2 1 1 0 0 0 0 0 0 
6 6 5 4 4 3 3 3 3 3 1 3 3 1 1 1 1 1 1 2 2 4 4 4 13 13 34 43 43 55 17 17 17 17 28 7 7 14 1 1 0 0 0 1 1 1 
6 6 5 4 4 3 3 3 3 3 1 3 3 1 1 1 1 1 1 2 2 4 4 4 13 13 34 43 43 55 17 17 17 17 28 7 7 14 1 1 0 0 0 1 1 1 
2 2 5 5 5 6 3 3 3 3 3 6 6 3 2 2 2 2 2 4 4 4 3 3 17 17 79 86 86 28 16 16 22 22 72 28 28 12 4 4 5 5 3 4 4 9 
1 1 1 3 3 4 5 5 3 3 4 3 3 2 2 2 2 2 4 5 5 4 2 2 3 3 6 21 21 18 48 48 38 38 88 62 62 27 27 27 15 15 19 7 7 8 
1 1 1 3 3 4 5 5 3 3 4 3 3 2 2 2 2 2 4 5 5 4 2 2 3 3 6 21 21 18 48 48 38 38 88 62 62 27 27 27 15 15 19 7 7 8 
0 0 1 1 1 4 3 3 6 6 5 4 4 5 3 3 3 3 3 3 3 3 2 2 2 2 4 9 9 27 43 43 61 61 126 149 149 74 19 19 17 17 25 21 21 13 
1 1 1 1 1 2 1 1 4 4 4 6 6 4 2 2 1 1 1 1 1 1 1 1 1 1 3 17 17 19 40 40 72 72 46 22 22 12 20 20 41 41 43 18 18 13 
1 1 1 1 1 2 1 1 4 4 4 6 6 4 2 2 1 1 1 1 1 1 1 1 1 1 3 17 17 19 40 40 72 72 46 22 22 12 20 20 41 41 43 18 18 13 
0 0 0 1 1 2 1 1 1 1 4 5 5 5 2 2 2 2 1 1 1 1 1 1 1 1 4 14 14 33 18 18 20 20 25 10 10 7 6 6 10 10 16 10 10 12 
0 0 0 1 1 2 1 1 1 1 4 5 5 5 2 2 2 2 1 1 1 1 1 1 1 1 4 14 14 33 18 18 20 20 25 10 10 7 6 6 10 10 16 10 10 12 
0 0 0 0 0 1 1 1 1 1 1 2 2 4 2 2 2 2 1 1 1 0 1 1 1 1 2 8 8 20 11 11 8 8 7 4 4 3 8 8 13 13 6 7 7 8 
0 0 0 0 0 0 0 0 0 0 1 0 0 1 1 1 1 1 1 0 0 0 1 1 1 1 1 2 2 134 61 61 5 5 4 2 2 1 5 5 5 5 2 2 2 3 
0 0 0 0 0 0 0 0 0 0 1 0 0 1 1 1 1 1 1 0 0 0 1 1 1 1 1 2 2 134 61 61 5 5 4 2 2 1 5 5 5 5 2 2 2 3 
0 0 0 0 0 0 0 0 0 0 0 0 0 0 0 0 0 0 0 0 0 1 0 0 1 1 1 36 36 6 15 15 5 5 11 1 1 0 1 1 3 3 1 1 1 1 
0 0 0 0 0 0 0 0 0 0 0 0 0 0 0 0 0 0 0 0 0 1 0 0 1 1 3 75 75 3 6 6 13 13 5 4 4 1 0 0 0 0 0 0 0 0 
0 0 0 0 0 0 0 0 0 0 0 0 0 0 0 0 0 0 0 0 0 1 0 0 1 1 3 75 75 3 6 6 13 13 5 4 4 1 0 0 0 0 0 0 0 0 
0 0 0 0 0 0 0 0 0 0 0 0 0 1 0 0 0 0 1 0 0 0 1 1 1 1 1 15 15 14 42 42 5 5 10 3 3 2 1 1 1 1 1 2 2 2 
0 0 0 0 0 0 0 0 0 0 0 0 0 1 0 0 0 0 1 0 0 0 1 1 1 1 1 15 15 14 42 42 5 5 10 3 3 2 1 1 1 1 1 2 2 2 
0 0 0 0 0 0 0 0 0 0 0 1 1 1 0 0 1 1 1 0 0 0 0 0 1 1 1 1 1 3 2 2 2 2 4 5 5 4 1 1 0 0 0 4 4 3 
1 1 1 1 1 0 0 0 0 0 0 1 1 1 0 0 1 1 1 1 1 1 1 1 1 1 1 1 1 1 1 1 2 2 1 1 1 2 2 2 2 2 2 0 0 0 
1 1 1 1 1 0 0 0 0 0 0 1 1 1 0 0 1 1 1 1 1 1 1 1 1 1 1 1 1 1 1 1 2 2 1 1 1 2 2 2 2 2 2 0 0 0 
1 1 1 1 1 0 0 0 0 0 0 1 1 1 1 1 1 1 1 1 1 1 1 1 1 1 1 1 1 1 1 1 0 0 0 0 0 1 1 1 2 2 1 0 0 0 
1 1 1 1 1 1 1 1 1 1 1 1 1 1 1 1 1 1 2 1 1 1 1 1 1 1 1 1 1 1 1 1 1 1 1 0 0 0 0 0 3 3 5 0 0 0 
