assets/RAT_results_old/precipitation/2024-01-07_IMERG.asc
ncols        46
nrows        77
xllcorner    74.800261325624
yllcorner    8.058333333333
cellsize     0.062500000000
NODATA_value -9999
2 2 2 1 1 0 0 0 0 0 0 0 0 0 0 0 0 0 0 0 0 0 0 0 0 0 0 0 0 0 0 0 0 0 0 0 0 0 0 0 0 0 0 0 0 0 
2 2 1 1 1 0 0 0 0 0 0 0 0 0 0 0 0 0 0 0 0 0 0 0 0 0 0 0 0 0 0 0 0 0 0 0 0 0 0 0 0 0 0 0 0 0 
2 2 1 1 1 0 0 0 0 0 0 0 0 0 0 0 0 0 0 0 0 0 0 0 0 0 0 0 0 0 0 0 0 0 0 0 0 0 0 0 0 0 0 0 0 0 
4 4 2 1 1 0 0 0 1 1 1 0 0 0 0 0 0 0 0 0 0 0 0 0 0 0 0 0 0 0 0 0 0 0 0 0 0 0 0 0 0 0 0 0 0 0 
3 3 2 1 1 1 1 1 1 1 2 1 1 0 1 1 1 1 1 0 0 0 0 0 0 0 0 0 0 0 0 0 0 0 0 0 0 0 0 0 0 0 0 0 0 0 
3 3 2 1 1 1 1 1 1 1 2 1 1 0 1 1 1 1 1 0 0 0 0 0 0 0 0 0 0 0 0 0 0 0 0 0 0 0 0 0 0 0 0 0 0 0 
4 4 3 1 1 1 1 1 2 2 3 3 3 1 1 1 0 0 0 0 0 0 0 0 0 0 0 0 0 0 0 0 0 0 0 0 0 0 0 0 0 0 0 0 0 0 
4 4 3 1 1 1 1 1 2 2 3 3 3 1 1 1 0 0 0 0 0 0 0 0 0 0 0 0 0 0 0 0 0 0 0 0 0 0 0 0 0 0 0 0 0 0 
6 6 5 1 1 0 1 1 2 2 6 8 8 6 2 2 0 0 0 0 0 0 0 0 0 0 0 0 0 0 0 0 0 0 0 0 0 0 0 0 0 0 0 0 0 0 
10 10 8 2 2 0 1 1 2 2 9 15 15 12 5 5 2 2 0 0 0 0 0 0 0 0 0 0 0 0 0 0 0 0 0 0 0 0 0 0 0 0 0 0 0 0 
10 10 8 2 2 0 1 1 2 2 9 15 15 12 5 5 2 2 0 0 0 0 0 0 0 0 0 0 0 0 0 0 0 0 0 0 0 0 0 0 0 0 0 0 0 0 
9 9 7 2 2 1 1 1 2 2 8 16 16 15 8 8 3 3 1 0 0 0 0 0 0 0 0 0 0 0 0 0 0 0 0 0 0 0 0 0 0 0 0 0 0 0 
7 7 5 2 2 1 1 1 1 1 6 13 13 18 12 12 5 5 2 0 0 0 0 0 0 0 0 0 0 0 0 0 0 0 0 0 0 0 0 0 0 0 0 0 0 0 
7 7 5 2 2 1 1 1 1 1 6 13 13 18 12 12 5 5 2 0 0 0 0 0 0 0 0 0 0 0 0 0 0 0 0 0 0 0 0 0 0 0 0 0 0 0 
5 5 5 1 1 1 1 1 1 1 5 10 10 17 16 16 8 8 3 1 1 0 0 0 0 0 0 0 0 0 0 0 0 0 0 0 0 0 0 0 0 0 0 0 0 0 
5 5 5 1 1 1 1 1 1 1 5 10 10 17 16 16 8 8 3 1 1 0 0 0 0 0 0 0 0 0 0 0 0 0 0 0 0 0 0 0 0 0 0 0 0 0 
4 4 4 2 2 1 1 1 1 1 4 9 9 15 16 16 12 12 6 1 1 0 0 0 0 0 0 0 0 0 0 0 0 0 0 0 0 0 0 0 0 0 0 0 0 1 
3 3 4 2 2 2 1 1 0 0 2 6 6 12 15 15 14 14 9 2 2 0 0 0 0 0 0 0 0 0 0 0 0 0 0 0 0 0 0 0 0 0 0 0 0 1 
3 3 4 2 2 2 1 1 0 0 2 6 6 12 15 15 14 14 9 2 2 0 0 0 0 0 0 0 0 0 0 0 0 0 0 0 0 0 0 0 0 0 0 0 0 1 
5 5 8 5 5 2 1 1 1 1 1 2 2 7 11 11 15 15 11 3 3 0 0 0 0 0 0 0 0 0 0 0 0 0 0 0 0 0 0 0 0 0 1 1 1 1 
3 3 4 8 8 5 3 3 2 2 0 1 1 3 7 7 18 18 15 4 4 1 0 0 0 0 0 0 0 0 0 0 0 0 0 0 0 0 0 0 0 0 2 2 2 0 
3 3 4 8 8 5 3 3 2 2 0 1 1 3 7 7 18 18 15 4 4 1 0 0 0 0 0 0 0 0 0 0 0 0 0 0 0 0 0 0 0 0 2 2 2 0 
5 5 5 7 7 5 4 4 1 1 0 0 0 1 3 3 14 14 15 4 4 5 0 0 0 0 0 0 0 4 0 0 0 0 0 0 0 0 0 0 0 0 2 2 2 1 
5 5 5 7 7 5 4 4 1 1 0 0 0 1 3 3 14 14 15 4 4 5 0 0 0 0 0 0 0 4 0 0 0 0 0 0 0 0 0 0 0 0 2 2 2 1 
8 8 10 6 6 4 2 2 1 1 2 2 2 1 1 1 5 5 7 2 2 0 0 0 0 0 0 0 0 2 0 0 0 0 0 0 0 0 0 0 0 0 0 1 1 1 
9 9 13 11 11 6 4 4 4 4 2 2 2 3 4 4 1 1 1 0 0 0 0 0 0 0 0 0 0 0 0 0 0 0 0 0 0 0 0 0 0 0 0 0 0 0 
9 9 13 11 11 6 4 4 4 4 2 2 2 3 4 4 1 1 1 0 0 0 0 0 0 0 0 0 0 0 0 0 0 0 0 0 0 0 0 0 0 0 0 0 0 0 
9 9 11 9 9 8 4 4 4 4 2 3 3 3 4 4 0 0 0 0 0 0 0 0 0 0 0 0 0 0 0 0 0 0 0 0 0 0 0 0 0 0 0 0 0 0 
12 12 11 6 6 4 4 4 4 4 3 2 2 2 1 1 0 0 0 0 0 0 0 0 0 0 0 0 0 0 0 0 0 0 0 0 0 0 0 0 0 0 0 0 0 0 
12 12 11 6 6 4 4 4 4 4 3 2 2 2 1 1 0 0 0 0 0 0 0 0 0 0 0 0 0 0 0 0 0 0 0 0 0 0 0 0 0 0 0 0 0 0 
15 15 17 9 9 4 3 3 3 3 2 3 3 2 0 0 1 1 0 1 1 0 0 0 0 0 0 0 0 0 0 0 0 0 0 0 0 0 0 0 0 0 0 0 0 0 
15 15 17 9 9 4 3 3 3 3 2 3 3 2 0 0 1 1 0 1 1 0 0 0 0 0 0 0 0 0 0 0 0 0 0 0 0 0 0 0 0 0 0 0 0 0 
14 14 13 8 8 4 3 3 3 3 2 2 2 2 1 1 0 0 2 3 3 1 0 0 0 0 0 0 0 0 0 0 0 0 0 0 0 0 0 0 0 0 0 0 0 1 
9 9 13 8 8 5 3 3 3 3 2 3 3 3 2 2 2 2 4 9 9 5 2 2 0 0 0 0 0 0 0 0 0 0 0 0 0 0 0 0 0 0 0 0 0 1 
9 9 13 8 8 5 3 3 3 3 2 3 3 3 2 2 2 2 4 9 9 5 2 2 0 0 0 0 0 0 0 0 0 0 0 0 0 0 0 0 0 0 0 0 0 1 
7 7 12 10 10 4 4 4 4 4 9 10 10 9 8 8 4 4 5 11 11 12 6 6 2 2 0 0 0 0 0 0 0 0 0 0 0 0 0 0 0 0 0 0 0 0 
4 4 6 7 7 5 15 15 6 6 12 12 12 11 11 11 6 6 8 12 12 16 13 13 8 8 3 0 0 0 0 0 0 0 0 0 0 0 0 0 0 0 0 0 0 1 
4 4 6 7 7 5 15 15 6 6 12 12 12 11 11 11 6 6 8 12 12 16 13 13 8 8 3 0 0 0 0 0 0 0 0 0 0 0 0 0 0 0 0 0 0 1 
5 5 9 7 7 5 20 20 18 18 23 25 25 28 14 14 19 19 11 13 13 19 20 20 15 15 6 2 2 0 0 0 0 0 0 0 0 0 0 0 0 0 0 0 0 0 
5 5 9 7 7 5 20 20 18 18 23 25 25 28 14 14 19 19 11 13 13 19 20 20 15 15 6 2 2 0 0 0 0 0 0 0 0 0 0 0 0 0 0 0 0 0 
9 9 15 16 16 14 30 30 29 29 39 43 43 42 27 27 24 24 12 12 12 17 24 24 23 23 12 4 4 0 0 0 0 0 4 0 0 0 0 0 0 0 0 0 0 0 
3 3 15 17 17 29 32 32 36 36 49 51 51 49 41 41 38 38 17 12 12 12 20 20 27 27 20 12 12 1 4 4 5 5 2 3 3 0 0 0 0 0 0 0 0 0 
3 3 15 17 17 29 32 32 36 36 49 51 51 49 41 41 38 38 17 12 12 12 20 20 27 27 20 12 12 1 4 4 5 5 2 3 3 0 0 0 0 0 0 0 0 0 
3 3 10 13 13 32 40 40 85 85 85 108 108 99 50 50 44 44 28 13 13 10 13 13 19 19 19 9 9 1 0 0 0 0 0 0 0 0 0 0 0 0 0 0 0 0 
2 2 6 11 11 42 63 63 131 131 87 102 102 103 48 48 47 47 30 24 24 10 11 11 12 12 11 5 5 1 0 0 0 0 0 0 0 0 0 0 0 0 0 0 0 0 
2 2 6 11 11 42 63 63 131 131 87 102 102 103 48 48 47 47 30 24 24 10 11 11 12 12 11 5 5 1 0 0 0 0 0 0 0 0 0 0 0 0 0 0 0 0 
2 2 2 10 10 49 69 69 147 147 127 125 125 61 60 60 54 54 40 29 29 14 12 12 13 13 10 5 5 1 0 0 0 0 0 0 0 0 0 0 0 0 0 0 0 0 
2 2 2 10 10 49 69 69 147 147 127 125 125 61 60 60 54 54 40 29 29 14 12 12 13 13 10 5 5 1 0 0 0 0 0 0 0 0 0 0 0 0 0 0 0 0 
2 2 3 6 6 30 61 61 85 85 62 65 65 52 51 51 41 41 42 25 25 21 19 19 16 16 14 9 9 3 0 0 0 0 0 0 0 0 0 0 0 0 0 0 0 0 
2 2 2 4 4 9 22 22 60 60 58 57 57 46 45 45 18 18 23 30 30 29 26 26 22 22 17 13 13 7 2 2 0 0 0 0 0 0 0 0 0 0 0 0 0 0 
2 2 2 4 4 9 22 22 60 60 58 57 57 46 45 45 18 18 23 30 30 29 26 26 22 22 17 13 13 7 2 2 0 0 0 0 0 0 0 0 0 0 0 0 0 0 
1 1 1 4 4 9 18 18 15 15 13 14 14 11 10 10 23 23 19 33 33 32 28 28 26 26 21 18 18 11 4 4 1 1 0 0 0 0 0 0 0 0 0 0 0 0 
1 1 2 5 5 11 15 15 14 14 14 17 17 13 23 23 23 23 19 35 35 27 26 26 31 31 25 19 19 13 7 7 2 2 0 0 0 0 0 0 0 0 0 0 0 0 
1 1 2 5 5 11 15 15 14 14 14 17 17 13 23 23 23 23 19 35 35 27 26 26 31 31 25 19 19 13 7 7 2 2 0 0 0 0 0 0 0 0 0 0 0 0 
0 0 2 7 7 11 15 15 16 16 17 16 16 17 49 49 47 47 25 31 31 28 31 31 31 31 26 22 22 15 8 8 2 2 0 0 0 0 0 0 0 0 0 0 0 0 
0 0 2 7 7 11 15 15 16 16 17 16 16 17 49 49 47 47 25 31 31 28 31 31 31 31 26 22 22 15 8 8 2 2 0 0 0 0 0 0 0 0 0 0 0 0 
1 1 3 8 8 9 12 12 14 14 18 22 22 64 53 53 49 49 24 37 37 29 25 25 28 28 31 35 35 21 7 7 1 1 0 0 0 0 0 0 0 0 0 0 0 0 
2 2 6 8 8 4 7 7 10 10 15 22 22 60 60 60 54 54 35 34 34 19 18 18 17 17 31 32 32 17 4 4 0 0 0 0 0 0 0 0 0 0 0 0 0 0 
2 2 6 8 8 4 7 7 10 10 15 22 22 60 60 60 54 54 35 34 34 19 18 18 17 17 31 32 32 17 4 4 0 0 0 0 0 0 0 0 0 0 0 0 0 0 
1 1 3 5 5 3 4 4 7 7 11 18 18 60 62 62 60 60 63 54 54 51 13 13 13 13 21 20 20 10 2 2 4 4 0 0 0 0 0 0 0 0 0 0 0 0 
1 1 1 2 2 2 3 3 5 5 7 14 14 59 64 64 66 66 60 52 52 54 15 15 12 12 13 18 18 12 4 4 1 1 1 1 1 1 0 0 0 0 0 0 0 1 
1 1 1 2 2 2 3 3 5 5 7 14 14 59 64 64 66 66 60 52 52 54 15 15 12 12 13 18 18 12 4 4 1 1 1 1 1 1 0 0 0 0 0 0 0 1 
0 0 0 1 1 1 3 3 4 4 5 10 10 15 59 59 37 37 31 10 10 14 11 11 9 9 14 22 22 17 12 12 5 5 3 2 2 1 0 0 0 0 0 1 1 1 
0 0 0 1 1 1 3 3 4 4 5 10 10 15 59 59 37 37 31 10 10 14 11 11 9 9 14 22 22 17 12 12 5 5 3 2 2 1 0 0 0 0 0 1 1 1 
0 0 0 1 1 1 3 3 4 4 4 5 5 7 50 50 34 34 27 9 9 10 6 6 7 7 11 17 17 19 16 16 8 8 4 2 2 1 1 1 0 0 0 0 0 1 
0 0 0 0 0 1 3 3 5 5 7 8 8 9 29 29 26 26 7 9 9 10 31 31 5 5 7 14 14 27 27 27 12 12 6 4 4 2 1 1 0 0 0 1 1 2 
0 0 0 0 0 1 3 3 5 5 7 8 8 9 29 29 26 26 7 9 9 10 31 31 5 5 7 14 14 27 27 27 12 12 6 4 4 2 1 1 0 0 0 1 1 2 
0 0 0 0 0 2 4 4 7 7 6 9 9 11 30 30 29 29 23 25 25 35 35 35 9 9 9 13 13 18 26 26 11 11 11 4 4 1 1 1 0 0 0 0 0 1 
0 0 0 1 1 15 25 25 27 27 25 10 10 11 21 21 23 23 26 27 27 47 49 49 16 16 11 9 9 6 5 5 2 2 2 1 1 0 0 0 0 0 1 1 1 1 
0 0 0 1 1 15 25 25 27 27 25 10 10 11 21 21 23 23 26 27 27 47 49 49 16 16 11 9 9 6 5 5 2 2 2 1 1 0 0 0 0 0 1 1 1 1 
1 1 1 1 1 23 30 30 33 33 28 10 10 8 9 9 20 20 25 47 47 47 48 48 16 16 14 10 10 4 2 2 1 1 1 0 0 0 0 0 0 0 0 0 0 1 
1 1 1 1 1 23 30 30 33 33 28 10 10 8 9 9 20 20 25 47 47 47 48 48 16 16 14 10 10 4 2 2 1 1 1 0 0 0 0 0 0 0 0 0 0 1 
2 2 2 4 4 23 30 30 35 35 32 21 21 19 15 15 27 27 34 89 89 89 93 93 11 11 10 7 7 5 6 6 3 3 2 0 0 1 0 0 0 0 0 0 0 0 
1 1 1 2 2 5 10 10 19 19 19 12 12 17 12 12 16 16 20 84 84 85 84 84 13 13 4 5 5 6 6 6 5 5 2 0 0 4 2 2 1 1 0 0 0 0 
1 1 1 2 2 5 10 10 19 19 19 12 12 17 12 12 16 16 20 84 84 85 84 84 13 13 4 5 5 6 6 6 5 5 2 0 0 4 2 2 1 1 0 0 0 0 
1 1 0 1 1 2 6 6 15 15 18 14 14 7 5 5 3 3 5 7 7 9 13 13 11 11 2 3 3 4 3 3 4 4 1 0 0 2 2 2 1 1 1 1 1 0 
1 1 1 1 1 1 2 2 5 5 9 8 8 6 4 4 2 2 2 3 3 5 4 4 3 3 2 2 2 1 23 23 7 7 3 2 2 1 0 0 0 0 2 0 0 4 
