assets/RAT_results_old/precipitation/2024-06-01_IMERG.asc
ncols        46
nrows        77
xllcorner    74.800261325624
yllcorner    8.058333333333
cellsize     0.062500000000
NODATA_value -9999
22 22 22 15 15 16 16 16 20 20 26 29 29 25 25 25 29 29 33 36 36 39 39 39 47 47 47 55 55 59 65 65 64 64 79 84 84 90 97 97 106 106 115 84 84 84 
17 17 16 19 19 15 17 17 18 18 21 30 30 29 27 27 29 29 32 33 33 35 40 40 48 48 48 53 53 59 65 65 64 64 80 79 79 94 98 98 94 94 106 83 83 83 
17 17 16 19 19 15 17 17 18 18 21 30 30 29 27 27 29 29 32 33 33 35 40 40 48 48 48 53 53 59 65 65 64 64 80 79 79 94 98 98 94 94 106 83 83 83 
14 14 14 18 18 15 16 16 17 17 18 20 20 24 28 28 31 31 43 32 32 35 40 40 44 44 45 45 45 58 58 58 66 66 69 78 78 94 77 77 77 77 84 84 84 81 
16 16 15 12 12 13 14 14 15 15 18 19 19 22 28 28 32 32 28 31 31 35 40 40 43 43 44 44 44 51 58 58 63 63 64 70 70 61 79 79 74 74 82 70 70 78 
16 16 15 12 12 13 14 14 15 15 18 19 19 22 28 28 32 32 28 31 31 35 40 40 43 43 44 44 44 51 58 58 63 63 64 70 70 61 79 79 74 74 82 70 70 78 
17 17 11 12 12 13 14 14 15 15 21 17 17 19 25 25 28 28 31 38 38 37 38 38 41 41 45 47 47 53 55 55 59 59 56 62 62 62 63 63 70 70 64 61 61 67 
17 17 11 12 12 13 14 14 15 15 21 17 17 19 25 25 28 28 31 38 38 37 38 38 41 41 45 47 47 53 55 55 59 59 56 62 62 62 63 63 70 70 64 61 61 67 
19 19 14 16 16 14 14 14 16 16 19 25 25 22 22 22 24 24 29 32 32 36 47 47 46 46 46 48 48 54 50 50 50 50 49 54 54 54 61 61 63 63 65 61 61 70 
29 29 25 22 22 21 18 18 18 18 19 20 20 22 24 24 25 25 28 31 31 39 36 36 43 43 43 43 43 44 48 48 49 49 45 46 46 45 53 53 61 61 56 61 61 63 
29 29 25 22 22 21 18 18 18 18 19 20 20 22 24 24 25 25 28 31 31 39 36 36 43 43 43 43 43 44 48 48 49 49 45 46 46 45 53 53 61 61 56 61 61 63 
34 34 28 31 31 35 24 24 23 23 20 21 21 23 27 27 30 30 31 33 33 38 41 41 44 44 44 41 41 38 39 39 38 38 40 45 45 44 47 47 57 57 58 58 58 53 
34 34 31 34 34 40 26 26 25 25 25 23 23 27 37 37 36 36 32 36 36 39 43 43 44 44 40 38 38 36 37 37 38 38 39 42 42 43 44 44 55 55 53 51 51 46 
34 34 31 34 34 40 26 26 25 25 25 23 23 27 37 37 36 36 32 36 36 39 43 43 44 44 40 38 38 36 37 37 38 38 39 42 42 43 44 44 55 55 53 51 51 46 
38 38 38 36 36 32 41 41 26 26 26 31 31 32 32 32 34 34 33 35 35 39 40 40 39 39 39 37 37 34 34 34 35 35 38 40 40 44 41 41 44 44 47 43 43 41 
38 38 38 36 36 32 41 41 26 26 26 31 31 32 32 32 34 34 33 35 35 39 40 40 39 39 39 37 37 34 34 34 35 35 38 40 40 44 41 41 44 44 47 43 43 41 
40 40 40 37 37 34 26 26 31 31 33 34 34 50 41 41 33 33 34 32 32 34 33 33 34 34 34 35 35 36 33 33 32 32 35 46 46 48 83 83 47 47 45 39 39 42 
36 36 38 37 37 40 36 36 30 30 38 37 37 41 39 39 33 33 36 35 35 46 39 39 31 31 32 32 32 37 39 39 88 88 36 45 45 57 84 84 71 71 48 45 45 56 
36 36 38 37 37 40 36 36 30 30 38 37 37 41 39 39 33 33 36 35 35 46 39 39 31 31 32 32 32 37 39 39 88 88 36 45 45 57 84 84 71 71 48 45 45 56 
33 33 33 33 33 39 48 48 45 45 31 39 39 29 39 39 33 33 39 58 58 160 70 70 42 42 39 32 32 32 36 36 32 32 41 38 38 43 58 58 47 47 46 42 42 47 
22 22 23 30 30 31 46 46 45 45 29 27 27 26 25 25 36 36 39 156 156 36 30 30 34 34 39 30 30 35 35 35 37 37 33 36 36 37 39 39 39 39 37 36 36 37 
22 22 23 30 30 31 46 46 45 45 29 27 27 26 25 25 36 36 39 156 156 36 30 30 34 34 39 30 30 35 35 35 37 37 33 36 36 37 39 39 39 39 37 36 36 37 
16 16 16 20 20 21 24 24 21 21 24 21 21 24 33 33 63 63 41 36 36 54 28 28 30 30 28 28 28 30 37 37 42 42 31 32 32 33 36 36 33 33 32 31 31 35 
16 16 16 20 20 21 24 24 21 21 24 21 21 24 33 33 63 63 41 36 36 54 28 28 30 30 28 28 28 30 37 37 42 42 31 32 32 33 36 36 33 33 32 31 31 35 
15 15 15 17 17 20 22 22 21 21 29 24 24 26 29 29 31 31 97 39 39 37 32 32 29 29 27 27 27 28 29 29 30 30 28 31 31 34 34 34 32 32 31 30 30 32 
23 23 23 19 19 21 20 20 24 24 28 33 33 25 29 29 55 55 59 112 112 112 74 74 34 34 27 29 29 27 27 27 28 28 29 33 33 33 31 31 31 31 33 31 31 32 
23 23 23 19 19 21 20 20 24 24 28 33 33 25 29 29 55 55 59 112 112 112 74 74 34 34 27 29 29 27 27 27 28 28 29 33 33 33 31 31 31 31 33 31 31 32 
26 26 28 27 27 31 29 29 31 31 30 37 37 37 37 37 40 40 75 55 55 49 35 35 29 29 27 26 26 25 26 26 30 30 33 28 28 28 28 28 30 30 33 34 34 33 
31 31 34 33 33 36 35 35 39 39 42 45 45 59 123 123 50 50 53 114 114 48 46 46 30 30 27 22 22 22 23 23 27 27 26 24 24 24 26 26 28 28 31 31 31 33 
31 31 34 33 33 36 35 35 39 39 42 45 45 59 123 123 50 50 53 114 114 48 46 46 30 30 27 22 22 22 23 23 27 27 26 24 24 24 26 26 28 28 31 31 31 33 
33 33 24 29 29 37 44 44 53 53 56 57 57 66 109 109 86 86 91 77 77 76 45 45 30 30 26 19 19 19 21 21 24 24 23 21 21 20 22 22 25 25 27 27 27 28 
33 33 24 29 29 37 44 44 53 53 56 57 57 66 109 109 86 86 91 77 77 76 45 45 30 30 26 19 19 19 21 21 24 24 23 21 21 20 22 22 25 25 27 27 27 28 
25 25 26 27 27 32 50 50 59 59 69 77 77 72 74 74 85 85 77 49 49 50 43 43 38 38 22 16 16 17 18 18 21 21 20 18 18 18 18 18 20 20 22 23 23 24 
31 31 33 37 37 31 41 41 55 55 64 83 83 63 75 75 67 67 62 83 83 62 60 60 62 62 26 14 14 13 13 13 15 15 15 16 16 16 16 16 17 17 18 18 18 21 
31 31 33 37 37 31 41 41 55 55 64 83 83 63 75 75 67 67 62 83 83 62 60 60 62 62 26 14 14 13 13 13 15 15 15 16 16 16 16 16 17 17 18 18 18 21 
46 46 39 48 48 37 37 37 52 52 53 64 64 70 74 74 88 88 101 101 101 59 48 48 53 53 51 13 13 10 10 10 11 11 12 15 15 14 14 14 14 14 15 15 15 16 
55 55 49 55 55 46 49 49 70 70 62 63 63 75 70 70 89 89 140 97 97 150 150 150 162 162 26 26 26 8 9 9 13 13 14 16 16 13 13 13 14 14 15 22 22 17 
55 55 49 55 55 46 49 49 70 70 62 63 63 75 70 70 89 89 140 97 97 150 150 150 162 162 26 26 26 8 9 9 13 13 14 16 16 13 13 13 14 14 15 22 22 17 
79 79 59 68 68 76 73 73 79 79 71 61 61 75 87 87 84 84 328 263 263 166 154 154 161 161 25 31 31 9 14 14 16 16 18 31 31 19 34 34 15 15 25 21 21 45 
79 79 59 68 68 76 73 73 79 79 71 61 61 75 87 87 84 84 328 263 263 166 154 154 161 161 25 31 31 9 14 14 16 16 18 31 31 19 34 34 15 15 25 21 21 45 
79 79 66 65 65 75 79 79 84 84 89 69 69 72 83 83 88 88 109 299 299 202 81 81 69 69 20 33 33 10 12 12 21 21 30 49 49 70 64 64 37 37 50 80 80 70 
28 28 47 63 63 72 76 76 73 73 79 68 68 71 80 80 77 77 96 127 127 125 48 48 67 67 19 13 13 14 20 20 23 23 36 58 58 77 47 47 52 52 37 34 34 46 
28 28 47 63 63 72 76 76 73 73 79 68 68 71 80 80 77 77 96 127 127 125 48 48 67 67 19 13 13 14 20 20 23 23 36 58 58 77 47 47 52 52 37 34 34 46 
22 22 41 31 31 35 49 49 52 52 56 60 60 80 76 76 70 70 62 46 46 102 41 41 16 16 19 20 20 24 28 28 32 32 34 39 39 50 50 50 63 63 40 41 41 44 
13 13 14 22 22 26 31 31 46 46 51 64 64 69 75 75 55 55 58 33 33 22 22 22 13 13 14 20 20 27 29 29 31 31 39 36 36 42 44 44 39 39 44 44 44 52 
13 13 14 22 22 26 31 31 46 46 51 64 64 69 75 75 55 55 58 33 33 22 22 22 13 13 14 20 20 27 29 29 31 31 39 36 36 42 44 44 39 39 44 44 44 52 
9 9 10 14 14 17 18 18 33 33 43 38 38 53 65 65 53 53 39 25 25 21 17 17 15 15 19 21 21 22 22 22 24 24 26 30 30 29 31 31 34 34 38 43 43 52 
9 9 10 14 14 17 18 18 33 33 43 38 38 53 65 65 53 53 39 25 25 21 17 17 15 15 19 21 21 22 22 22 24 24 26 30 30 29 31 31 34 34 38 43 43 52 
8 8 10 13 13 17 16 16 28 28 27 29 29 39 43 43 44 44 47 29 29 24 22 22 21 21 22 20 20 19 19 19 22 22 25 26 26 26 27 27 31 31 39 42 42 46 
9 9 11 12 12 14 14 14 22 22 21 15 15 23 24 24 24 24 31 31 31 26 22 22 30 30 23 30 30 25 25 25 21 21 23 25 25 26 28 28 29 29 39 36 36 33 
9 9 11 12 12 14 14 14 22 22 21 15 15 23 24 24 24 24 31 31 31 26 22 22 30 30 23 30 30 25 25 25 21 21 23 25 25 26 28 28 29 29 39 36 36 33 
11 11 12 13 13 12 12 12 12 12 14 19 19 22 22 22 22 22 24 33 33 19 24 24 30 30 31 36 36 33 31 31 28 28 24 26 26 26 32 32 30 30 40 57 57 33 
11 11 12 12 12 10 9 9 9 9 10 13 13 13 19 19 24 24 25 20 20 17 12 12 18 18 19 26 26 29 30 30 34 34 31 29 29 30 34 34 44 44 38 40 40 27 
11 11 12 12 12 10 9 9 9 9 10 13 13 13 19 19 24 24 25 20 20 17 12 12 18 18 19 26 26 29 30 30 34 34 31 29 29 30 34 34 44 44 38 40 40 27 
9 9 9 8 8 8 8 8 9 9 10 11 11 12 19 19 30 30 28 56 56 54 28 28 15 15 17 18 18 20 25 25 27 27 29 29 29 34 41 41 37 37 34 39 39 29 
9 9 9 8 8 8 8 8 9 9 10 11 11 12 19 19 30 30 28 56 56 54 28 28 15 15 17 18 18 20 25 25 27 27 29 29 29 34 41 41 37 37 34 39 39 29 
8 8 8 8 8 8 10 10 13 13 14 13 13 16 22 22 37 37 34 60 60 57 28 28 14 14 19 17 17 18 20 20 24 24 29 31 31 37 39 39 36 36 35 38 38 39 
8 8 9 10 10 11 13 13 14 14 19 16 16 19 26 26 37 37 35 54 54 92 90 90 66 66 63 18 18 18 19 19 23 23 29 35 35 38 35 35 35 35 39 37 37 34 
8 8 9 10 10 11 13 13 14 14 19 16 16 19 26 26 37 37 35 54 54 92 90 90 66 66 63 18 18 18 19 19 23 23 29 35 35 38 35 35 35 35 39 37 37 34 
10 10 11 11 11 11 13 13 13 13 15 20 20 28 29 29 32 32 32 33 33 79 92 92 69 69 61 18 18 17 18 18 20 20 25 32 32 32 30 30 32 32 34 35 35 34 
11 11 11 11 11 11 12 12 12 12 12 12 12 21 23 23 27 27 35 31 31 77 56 56 56 56 13 19 19 16 18 18 20 20 24 28 28 26 25 25 28 28 29 26 26 24 
11 11 11 11 11 11 12 12 12 12 12 12 12 21 23 23 27 27 35 31 31 77 56 56 56 56 13 19 19 16 18 18 20 20 24 28 28 26 25 25 28 28 29 26 26 24 
9 9 10 10 10 11 12 12 13 13 12 15 15 18 19 19 20 20 20 20 20 20 54 54 55 55 12 17 17 14 16 16 18 18 23 25 25 24 21 21 21 21 23 19 19 14 
9 9 10 10 10 11 12 12 13 13 12 15 15 18 19 19 20 20 20 20 20 20 54 54 55 55 12 17 17 14 16 16 18 18 23 25 25 24 21 21 21 21 23 19 19 14 
9 9 9 9 9 11 12 12 12 12 12 16 16 18 17 17 18 18 17 19 19 21 56 56 52 52 15 13 13 13 14 14 19 19 22 22 22 19 17 17 18 18 19 14 14 10 
9 9 8 9 9 10 11 11 12 12 14 18 18 21 18 18 19 19 18 19 19 19 16 16 53 53 15 11 11 12 14 14 19 19 20 16 16 12 9 9 8 8 9 8 8 7 
9 9 8 9 9 10 11 11 12 12 14 18 18 21 18 18 19 19 18 19 19 19 16 16 53 53 15 11 11 12 14 14 19 19 20 16 16 12 9 9 8 8 9 8 8 7 
9 9 9 10 10 11 11 11 12 12 14 18 18 20 18 18 15 15 16 17 17 19 18 18 15 15 12 7 7 7 14 14 14 14 14 12 12 12 8 8 5 5 3 3 3 2 
12 12 11 11 11 12 12 12 12 12 10 13 13 12 11 11 12 12 14 11 11 15 14 14 15 15 8 7 7 5 5 5 10 10 10 11 11 12 10 10 8 8 6 2 2 2 
12 12 11 11 11 12 12 12 12 12 10 13 13 12 11 11 12 12 14 11 11 15 14 14 15 15 8 7 7 5 5 5 10 10 10 11 11 12 10 10 8 8 6 2 2 2 
10 10 10 8 8 9 8 8 6 6 5 6 6 6 8 8 11 11 11 9 9 11 12 12 13 13 10 8 8 7 4 4 3 3 9 9 9 10 9 9 7 7 3 2 2 1 
10 10 10 8 8 9 8 8 6 6 5 6 6 6 8 8 11 11 11 9 9 11 12 12 13 13 10 8 8 7 4 4 3 3 9 9 9 10 9 9 7 7 3 2 2 1 
6 6 6 5 5 5 4 4 3 3 3 3 3 4 5 5 6 6 8 7 7 7 7 7 7 7 7 7 7 6 3 3 2 2 5 5 5 5 3 3 2 2 1 1 1 0 
4 4 4 3 3 3 2 2 2 2 3 3 3 3 4 4 5 5 6 5 5 5 9 9 9 9 7 6 6 5 4 4 1 1 1 1 1 1 1 1 0 0 0 0 0 0 
4 4 4 3 3 3 2 2 2 2 3 3 3 3 4 4 5 5 6 5 5 5 9 9 9 9 7 6 6 5 4 4 1 1 1 1 1 1 1 1 0 0 0 0 0 0 
2 2 3 2 2 2 2 2 2 2 3 3 3 4 5 5 4 4 4 5 5 4 7 7 7 7 4 4 4 1 1 1 1 1 1 1 1 0 0 0 0 0 0 0 0 0 
2 2 2 4 4 4 3 3 3 3 3 4 4 7 5 5 5 5 5 5 5 4 3 3 3 3 5 4 4 5 2 2 1 1 1 0 0 0 0 0 0 0 0 0 0 0 
