assets/RAT_results_old/precipitation/2024-11-19_IMERG.asc
ncols        46
nrows        77
xllcorner    74.800261325624
yllcorner    8.058333333333
cellsize     0.062500000000
NODATA_value -9999
0 0 0 0 0 0 0 0 0 0 0 0 0 0 0 0 0 0 0 0 0 0 0 0 0 0 0 0 0 0 0 0 0 0 0 0 0 0 0 0 0 0 0 0 0 0 
1 1 0 0 0 0 0 0 0 0 0 0 0 0 0 0 0 0 0 0 0 0 0 0 0 0 0 0 0 0 0 0 0 0 0 0 0 0 0 0 0 0 0 0 0 0 
1 1 0 0 0 0 0 0 0 0 0 0 0 0 0 0 0 0 0 0 0 0 0 0 0 0 0 0 0 0 0 0 0 0 0 0 0 0 0 0 0 0 0 0 0 0 
1 1 0 0 0 0 0 0 0 0 0 0 0 0 0 0 0 0 0 0 0 0 0 0 0 0 0 0 0 0 0 0 0 0 0 0 0 0 0 0 0 0 0 0 0 0 
0 0 0 0 0 0 0 0 0 0 0 0 0 0 0 0 0 0 0 0 0 0 0 0 0 0 0 0 0 0 0 0 0 0 0 0 0 0 0 0 0 0 0 0 0 0 
0 0 0 0 0 0 0 0 0 0 0 0 0 0 0 0 0 0 0 0 0 0 0 0 0 0 0 0 0 0 0 0 0 0 0 0 0 0 0 0 0 0 0 0 0 0 
0 0 0 0 0 0 0 0 0 0 0 0 0 0 0 0 0 0 0 0 0 0 0 0 0 0 0 1 1 0 0 0 0 0 0 0 0 0 0 0 0 0 0 0 0 0 
0 0 0 0 0 0 0 0 0 0 0 0 0 0 0 0 0 0 0 0 0 0 0 0 0 0 0 1 1 0 0 0 0 0 0 0 0 0 0 0 0 0 0 0 0 0 
0 0 0 0 0 0 0 0 0 0 0 0 0 0 0 0 0 0 0 0 0 0 0 0 0 0 0 0 0 0 0 0 0 0 0 0 0 0 0 0 0 0 0 0 0 0 
0 0 0 0 0 0 0 0 0 0 0 0 0 0 0 0 0 0 0 0 0 0 0 0 0 0 0 0 0 0 0 0 0 0 0 0 0 0 0 0 0 0 0 0 0 0 
0 0 0 0 0 0 0 0 0 0 0 0 0 0 0 0 0 0 0 0 0 0 0 0 0 0 0 0 0 0 0 0 0 0 0 0 0 0 0 0 0 0 0 0 0 0 
0 0 0 0 0 0 0 0 0 0 0 0 0 0 0 0 0 0 0 0 0 0 0 0 0 0 0 0 0 0 0 0 0 0 0 0 0 0 0 0 0 0 0 0 0 0 
0 0 0 0 0 1 0 0 0 0 0 0 0 0 0 0 0 0 0 0 0 0 0 0 0 0 0 0 0 0 0 0 0 0 0 0 0 0 0 0 0 0 0 0 0 0 
0 0 0 0 0 1 0 0 0 0 0 0 0 0 0 0 0 0 0 0 0 0 0 0 0 0 0 0 0 0 0 0 0 0 0 0 0 0 0 0 0 0 0 0 0 0 
0 0 0 0 0 2 0 0 0 0 0 0 0 0 0 0 0 0 0 0 0 0 0 0 0 0 0 0 0 0 0 0 0 0 0 0 0 0 0 0 0 0 0 0 0 0 
0 0 0 0 0 2 0 0 0 0 0 0 0 0 0 0 0 0 0 0 0 0 0 0 0 0 0 0 0 0 0 0 0 0 0 0 0 0 0 0 0 0 0 0 0 0 
0 0 0 0 0 2 2 2 5 5 0 0 0 0 0 0 0 0 0 0 0 0 0 0 0 0 0 0 0 0 0 0 0 0 0 0 0 0 0 0 0 0 0 0 0 0 
0 0 0 0 0 0 0 0 1 1 0 0 0 0 0 0 0 0 0 0 0 0 0 0 0 0 0 0 0 0 0 0 0 0 0 0 0 0 0 0 0 0 0 0 0 0 
0 0 0 0 0 0 0 0 1 1 0 0 0 0 0 0 0 0 0 0 0 0 0 0 0 0 0 0 0 0 0 0 0 0 0 0 0 0 0 0 0 0 0 0 0 0 
0 0 0 0 0 1 0 0 0 0 0 0 0 0 0 0 0 0 0 0 0 0 0 0 0 0 0 0 0 0 0 0 0 0 0 0 0 0 0 0 0 0 0 0 0 0 
1 1 1 1 1 8 11 11 3 3 1 1 1 0 0 0 0 0 0 0 0 0 0 0 0 0 0 0 0 0 0 0 0 0 0 0 0 0 0 0 0 0 0 0 0 0 
1 1 1 1 1 8 11 11 3 3 1 1 1 0 0 0 0 0 0 0 0 0 0 0 0 0 0 0 0 0 0 0 0 0 0 0 0 0 0 0 0 0 0 0 0 0 
2 2 2 2 2 1 4 4 1 1 2 0 0 0 0 0 0 0 0 0 0 0 0 0 0 0 0 0 0 0 0 0 0 0 0 0 0 0 0 0 0 0 0 0 0 0 
2 2 2 2 2 1 4 4 1 1 2 0 0 0 0 0 0 0 0 0 0 0 0 0 0 0 0 0 0 0 0 0 0 0 0 0 0 0 0 0 0 0 0 0 0 0 
5 5 5 3 3 3 7 7 20 20 3 2 2 0 0 0 0 0 0 0 0 0 0 0 0 0 1 0 0 2 0 0 0 0 0 0 0 0 0 0 0 0 1 0 0 0 
9 9 5 4 4 5 5 5 8 8 4 2 2 0 0 0 0 0 0 0 0 0 0 0 0 0 0 0 0 0 0 0 0 0 0 0 0 0 0 0 0 0 2 0 0 0 
9 9 5 4 4 5 5 5 8 8 4 2 2 0 0 0 0 0 0 0 0 0 0 0 0 0 0 0 0 0 0 0 0 0 0 0 0 0 0 0 0 0 2 0 0 0 
7 7 6 6 6 5 5 5 5 5 4 2 2 0 0 0 0 0 0 0 0 0 0 0 0 0 0 0 0 1 0 0 0 0 0 0 0 0 0 0 0 0 0 0 0 1 
5 5 5 6 6 6 5 5 5 5 5 4 4 3 0 0 0 0 0 0 0 0 0 0 0 0 0 0 0 0 0 0 0 0 0 0 0 0 0 0 0 0 0 0 0 1 
5 5 5 6 6 6 5 5 5 5 5 4 4 3 0 0 0 0 0 0 0 0 0 0 0 0 0 0 0 0 0 0 0 0 0 0 0 0 0 0 0 0 0 0 0 1 
3 3 3 4 4 4 3 3 3 3 3 3 3 0 0 0 0 0 0 0 0 0 0 0 0 0 0 0 0 0 0 0 0 0 0 0 0 0 0 0 0 0 0 0 0 0 
3 3 3 4 4 4 3 3 3 3 3 3 3 0 0 0 0 0 0 0 0 0 0 0 0 0 0 0 0 0 0 0 0 0 0 0 0 0 0 0 0 0 0 0 0 0 
2 2 2 2 2 2 1 1 1 1 2 1 1 0 0 0 0 0 0 0 0 0 0 0 0 0 0 0 0 0 0 0 0 0 0 0 0 0 0 0 0 0 0 0 0 0 
1 1 1 1 1 1 0 0 0 0 0 0 0 0 0 0 0 0 0 0 0 0 0 0 0 0 0 0 0 0 0 0 0 0 0 0 0 0 0 0 0 0 0 0 0 0 
1 1 1 1 1 1 0 0 0 0 0 0 0 0 0 0 0 0 0 0 0 0 0 0 0 0 0 0 0 0 0 0 0 0 0 0 0 0 0 0 0 0 0 0 0 0 
0 0 0 0 0 0 0 0 0 0 0 0 0 0 1 1 1 1 1 1 1 1 0 0 0 0 0 0 0 0 0 0 0 0 0 0 0 0 0 0 0 0 0 0 0 0 
0 0 0 0 0 0 0 0 0 0 0 0 0 1 1 1 1 1 1 1 1 1 0 0 0 0 0 0 0 0 0 0 0 0 0 0 0 0 0 0 0 0 0 0 0 0 
0 0 0 0 0 0 0 0 0 0 0 0 0 1 1 1 1 1 1 1 1 1 0 0 0 0 0 0 0 0 0 0 0 0 0 0 0 0 0 0 0 0 0 0 0 0 
0 0 0 0 0 0 1 1 1 1 1 1 1 1 6 6 2 2 1 2 2 1 1 1 1 1 0 0 0 0 0 0 0 0 0 0 0 0 0 0 0 0 0 0 0 0 
0 0 0 0 0 0 1 1 1 1 1 1 1 1 6 6 2 2 1 2 2 1 1 1 1 1 0 0 0 0 0 0 0 0 0 0 0 0 0 0 0 0 0 0 0 0 
0 0 0 0 0 1 1 1 1 1 1 1 1 2 21 21 9 9 5 3 3 2 2 2 1 1 1 0 0 0 0 0 0 0 0 1 1 1 0 0 0 0 0 0 0 0 
0 0 0 1 1 1 3 3 4 4 8 10 10 18 22 22 10 10 7 11 11 11 4 4 1 1 1 1 1 0 1 1 1 1 1 2 2 1 1 1 1 1 1 1 1 1 
0 0 0 1 1 1 3 3 4 4 8 10 10 18 22 22 10 10 7 11 11 11 4 4 1 1 1 1 1 0 1 1 1 1 1 2 2 1 1 1 1 1 1 1 1 1 
1 1 1 1 1 2 4 4 6 6 6 9 9 16 24 24 27 27 28 16 16 14 6 6 13 13 2 1 1 1 0 0 1 1 2 2 2 2 1 1 1 1 1 1 1 0 
1 1 1 2 2 3 5 5 7 7 8 14 14 18 24 24 25 25 30 43 43 50 14 14 13 13 5 2 2 1 1 1 1 1 1 1 1 2 1 1 1 1 1 2 2 3 
1 1 1 2 2 3 5 5 7 7 8 14 14 18 24 24 25 25 30 43 43 50 14 14 13 13 5 2 2 1 1 1 1 1 1 1 1 2 1 1 1 1 1 2 2 3 
2 2 3 3 3 4 6 6 9 9 9 9 9 10 13 13 27 27 30 44 44 45 42 42 12 12 11 3 3 1 0 0 0 0 1 0 0 0 0 0 0 0 1 2 2 3 
2 2 3 3 3 4 6 6 9 9 9 9 9 10 13 13 27 27 30 44 44 45 42 42 12 12 11 3 3 1 0 0 0 0 1 0 0 0 0 0 0 0 1 2 2 3 
5 5 5 4 4 6 10 10 12 12 13 13 13 12 20 20 46 46 49 94 94 79 104 104 33 33 10 4 4 1 0 0 1 1 1 1 1 0 0 0 0 0 1 3 3 4 
17 17 15 15 15 16 14 14 16 16 15 13 13 15 25 25 38 38 38 82 82 45 49 49 11 11 6 4 4 1 1 1 1 1 0 0 0 0 1 1 0 0 2 4 4 5 
17 17 15 15 15 16 14 14 16 16 15 13 13 15 25 25 38 38 38 82 82 45 49 49 11 11 6 4 4 1 1 1 1 1 0 0 0 0 1 1 0 0 2 4 4 5 
18 18 16 16 16 20 24 24 17 17 14 11 11 13 21 21 22 22 22 24 24 34 16 16 10 10 3 2 2 2 2 2 2 2 2 3 3 3 3 3 3 3 5 6 6 7 
22 22 18 29 29 23 11 11 6 6 7 11 11 15 27 27 27 27 30 27 27 23 18 18 6 6 2 2 2 2 2 2 2 2 3 3 3 3 3 3 4 4 6 9 9 11 
22 22 18 29 29 23 11 11 6 6 7 11 11 15 27 27 27 27 30 27 27 23 18 18 6 6 2 2 2 2 2 2 2 2 3 3 3 3 3 3 4 4 6 9 9 11 
26 26 28 29 29 18 8 8 6 6 8 14 14 18 27 27 29 29 26 33 33 20 12 12 5 5 3 2 2 2 1 1 1 1 2 3 3 4 4 4 5 5 9 11 11 15 
26 26 28 29 29 18 8 8 6 6 8 14 14 18 27 27 29 29 26 33 33 20 12 12 5 5 3 2 2 2 1 1 1 1 2 3 3 4 4 4 5 5 9 11 11 15 
27 27 29 29 29 13 5 5 6 6 5 7 7 9 11 11 12 12 12 10 10 8 7 7 5 5 3 2 2 2 2 2 1 1 2 2 2 4 5 5 7 7 11 13 13 17 
35 35 50 41 41 28 15 15 10 10 9 10 10 11 10 10 8 8 5 3 3 1 1 1 2 2 2 2 2 2 3 3 3 3 3 3 3 5 6 6 9 9 12 15 15 19 
35 35 50 41 41 28 15 15 10 10 9 10 10 11 10 10 8 8 5 3 3 1 1 1 2 2 2 2 2 2 3 3 3 3 3 3 3 5 6 6 9 9 12 15 15 19 
32 32 32 26 26 14 8 8 4 4 2 3 3 3 3 3 2 2 2 1 1 2 2 2 2 2 3 3 3 3 3 3 6 6 8 6 6 10 12 12 12 12 15 17 17 20 
30 30 26 13 13 3 2 2 2 2 3 3 3 3 2 2 3 3 3 3 3 3 3 3 2 2 3 4 4 5 5 5 6 6 11 13 13 15 17 17 18 18 19 21 21 25 
30 30 26 13 13 3 2 2 2 2 3 3 3 3 2 2 3 3 3 3 3 3 3 3 2 2 3 4 4 5 5 5 6 6 11 13 13 15 17 17 18 18 19 21 21 25 
22 22 13 9 9 9 9 9 5 5 4 5 5 4 3 3 2 2 2 3 3 3 3 3 3 3 4 7 7 8 8 8 11 11 14 14 14 17 21 21 22 22 26 28 28 26 
22 22 13 9 9 9 9 9 5 5 4 5 5 4 3 3 2 2 2 3 3 3 3 3 3 3 4 7 7 8 8 8 11 11 14 14 14 17 21 21 22 22 26 28 28 26 
12 12 8 7 7 11 17 17 21 21 12 9 9 13 10 10 5 5 5 6 6 5 4 4 5 5 6 8 8 10 13 13 16 16 18 22 22 25 26 26 29 29 36 34 34 34 
9 9 9 11 11 16 17 17 17 17 16 14 14 17 14 14 8 8 8 6 6 5 5 5 8 8 8 8 8 14 15 15 23 23 28 36 36 40 41 41 51 51 48 38 38 41 
9 9 9 11 11 16 17 17 17 17 16 14 14 17 14 14 8 8 8 6 6 5 5 5 8 8 8 8 8 14 15 15 23 23 28 36 36 40 41 41 51 51 48 38 38 41 
7 7 4 6 6 6 5 5 4 4 3 4 4 3 3 3 3 3 4 4 4 5 8 8 11 11 13 20 20 20 26 26 37 37 38 46 46 54 54 54 57 57 57 50 50 47 
5 5 4 3 3 3 2 2 2 2 2 2 2 2 2 2 3 3 4 6 6 9 15 15 20 20 19 20 20 20 29 29 35 35 35 48 48 53 57 57 61 61 65 70 70 61 
5 5 4 3 3 3 2 2 2 2 2 2 2 2 2 2 3 3 4 6 6 9 15 15 20 20 19 20 20 20 29 29 35 35 35 48 48 53 57 57 61 61 65 70 70 61 
6 6 5 4 4 4 4 4 4 4 3 3 3 3 3 3 5 5 6 9 9 12 17 17 23 23 25 33 33 26 17 17 29 29 42 58 58 68 72 72 74 74 73 75 75 71 
6 6 5 4 4 4 4 4 4 4 3 3 3 3 3 3 5 5 6 9 9 12 17 17 23 23 25 33 33 26 17 17 29 29 42 58 58 68 72 72 74 74 73 75 75 71 
7 7 6 4 4 4 4 4 4 4 4 3 3 3 3 3 8 8 9 11 11 15 19 19 26 26 26 34 34 30 22 22 22 22 46 59 59 67 69 69 70 70 81 78 78 90 
20 20 10 5 5 4 3 3 3 3 3 4 4 6 9 9 12 12 14 18 18 19 21 21 27 27 22 26 26 29 24 24 23 23 30 36 36 62 73 73 82 82 76 89 89 98 
20 20 10 5 5 4 3 3 3 3 3 4 4 6 9 9 12 12 14 18 18 19 21 21 27 27 22 26 26 29 24 24 23 23 30 36 36 62 73 73 82 82 76 89 89 98 
22 22 14 6 6 4 2 2 3 3 3 10 10 10 11 11 11 11 14 19 19 22 26 26 24 24 23 29 29 26 30 30 31 31 22 32 32 56 62 62 75 75 77 81 81 101 
28 28 21 16 16 9 7 7 6 6 5 8 8 10 16 16 13 13 15 22 22 22 30 30 32 32 33 29 29 26 25 25 25 25 25 33 33 42 57 57 78 78 83 84 84 101 
