assets/RAT_results_old/precipitation/2024-07-21_IMERG.asc
ncols        46
nrows        77
xllcorner    74.800261325624
yllcorner    8.058333333333
cellsize     0.062500000000
NODATA_value -9999
37 37 19 9 9 9 13 13 23 23 29 38 38 28 27 27 25 25 17 14 14 9 10 10 7 7 4 2 2 2 2 2 2 2 3 4 4 6 7 7 7 7 5 3 3 2 
9 9 9 12 12 14 18 18 21 21 26 22 22 24 26 26 25 25 19 14 14 10 10 10 8 8 5 2 2 2 2 2 3 3 4 6 6 8 7 7 7 7 7 5 5 4 
9 9 9 12 12 14 18 18 21 21 26 22 22 24 26 26 25 25 19 14 14 10 10 10 8 8 5 2 2 2 2 2 3 3 4 6 6 8 7 7 7 7 7 5 5 4 
14 14 13 15 15 20 34 34 22 22 26 43 43 45 54 54 42 42 27 15 15 7 10 10 7 7 4 2 2 2 2 2 5 5 6 6 6 7 8 8 5 5 7 6 6 7 
11 11 20 20 20 22 41 41 40 40 53 49 49 50 59 59 40 40 34 19 19 10 8 8 7 7 4 2 2 1 1 1 5 5 5 7 7 7 6 6 5 5 5 6 6 7 
11 11 20 20 20 22 41 41 40 40 53 49 49 50 59 59 40 40 34 19 19 10 8 8 7 7 4 2 2 1 1 1 5 5 5 7 7 7 6 6 5 5 5 6 6 7 
9 9 10 15 15 23 25 25 29 29 42 51 51 56 35 35 33 33 30 18 18 11 7 7 4 4 3 2 2 2 2 2 6 6 6 6 6 8 6 6 6 6 7 7 7 6 
9 9 10 15 15 23 25 25 29 29 42 51 51 56 35 35 33 33 30 18 18 11 7 7 4 4 3 2 2 2 2 2 6 6 6 6 6 8 6 6 6 6 7 7 7 6 
4 4 6 4 4 15 21 21 28 28 26 31 31 32 29 29 30 30 29 19 19 14 8 8 4 4 2 2 2 3 8 8 8 8 6 6 6 7 6 6 7 7 7 6 6 6 
2 2 1 2 2 4 8 8 15 15 22 29 29 30 28 28 26 26 26 26 26 16 7 7 4 4 2 1 1 2 6 6 6 6 6 6 6 6 6 6 6 6 7 6 6 6 
2 2 1 2 2 4 8 8 15 15 22 29 29 30 28 28 26 26 26 26 26 16 7 7 4 4 2 1 1 2 6 6 6 6 6 6 6 6 6 6 6 6 7 6 6 6 
2 2 0 1 1 5 7 7 12 12 19 27 27 28 27 27 26 26 27 29 29 19 3 3 1 1 1 1 1 3 6 6 6 6 6 6 6 6 7 7 7 7 7 6 6 5 
1 1 1 2 2 8 11 11 14 14 18 27 27 31 28 28 25 25 31 28 28 15 4 4 2 2 2 3 3 5 5 5 7 7 6 6 6 5 6 6 6 6 6 5 5 4 
1 1 1 2 2 8 11 11 14 14 18 27 27 31 28 28 25 25 31 28 28 15 4 4 2 2 2 3 3 5 5 5 7 7 6 6 6 5 6 6 6 6 6 5 5 4 
1 1 2 4 4 3 18 18 11 11 16 24 24 36 33 33 31 31 29 21 21 7 6 6 6 6 3 3 3 7 9 9 9 9 8 7 7 6 6 6 6 6 6 4 4 3 
1 1 2 4 4 3 18 18 11 11 16 24 24 36 33 33 31 31 29 21 21 7 6 6 6 6 3 3 3 7 9 9 9 9 8 7 7 6 6 6 6 6 6 4 4 3 
2 2 3 4 4 3 5 5 7 7 10 24 24 36 41 41 34 34 27 17 17 10 16 16 11 11 7 5 5 11 13 13 13 13 11 8 8 8 8 8 7 7 5 3 3 2 
2 2 1 1 1 1 1 1 2 2 14 24 24 41 42 42 31 31 26 15 15 9 13 13 11 11 12 10 10 15 18 18 17 17 13 10 10 9 7 7 5 5 3 2 2 1 
2 2 1 1 1 1 1 1 2 2 14 24 24 41 42 42 31 31 26 15 15 9 13 13 11 11 12 10 10 15 18 18 17 17 13 10 10 9 7 7 5 5 3 2 2 1 
1 1 1 1 1 0 0 0 3 3 10 22 22 32 28 28 29 29 22 19 19 14 15 15 19 19 18 27 27 25 20 20 16 16 11 11 11 9 7 7 4 4 2 1 1 1 
0 0 1 0 0 0 1 1 4 4 6 22 22 23 27 27 29 29 24 17 17 15 20 20 25 25 24 28 28 24 17 17 11 11 10 9 9 7 5 5 3 3 1 0 0 0 
0 0 1 0 0 0 1 1 4 4 6 22 22 23 27 27 29 29 24 17 17 15 20 20 25 25 24 28 28 24 17 17 11 11 10 9 9 7 5 5 3 3 1 0 0 0 
0 0 0 0 0 1 2 2 5 5 6 10 10 15 17 17 24 24 23 22 22 25 23 23 27 27 25 26 26 19 14 14 10 10 8 7 7 5 4 4 3 3 1 0 0 0 
0 0 0 0 0 1 2 2 5 5 6 10 10 15 17 17 24 24 23 22 22 25 23 23 27 27 25 26 26 19 14 14 10 10 8 7 7 5 4 4 3 3 1 0 0 0 
0 0 0 0 0 3 4 4 4 4 6 5 5 9 11 11 21 21 24 22 22 21 18 18 20 20 18 22 22 15 12 12 11 11 9 6 6 5 4 4 2 2 1 0 0 1 
0 0 0 3 3 4 4 4 3 3 3 2 2 3 12 12 20 20 18 16 16 16 17 17 18 18 22 18 18 16 13 13 12 12 8 5 5 5 2 2 1 1 1 1 1 2 
0 0 0 3 3 4 4 4 3 3 3 2 2 3 12 12 20 20 18 16 16 16 17 17 18 18 22 18 18 16 13 13 12 12 8 5 5 5 2 2 1 1 1 1 1 2 
0 0 1 2 2 3 2 2 3 3 1 0 0 2 4 4 13 13 16 13 13 16 13 13 16 16 24 19 19 16 13 13 11 11 7 6 6 6 4 4 1 1 1 1 1 3 
0 0 1 2 2 1 1 1 1 1 0 0 0 1 1 1 10 10 16 14 14 18 14 14 12 12 14 12 12 13 10 10 8 8 9 9 9 8 6 6 2 2 2 3 3 4 
0 0 1 2 2 1 1 1 1 1 0 0 0 1 1 1 10 10 16 14 14 18 14 14 12 12 14 12 12 13 10 10 8 8 9 9 9 8 6 6 2 2 2 3 3 4 
2 2 1 1 1 1 0 0 0 0 0 0 0 1 1 1 7 7 10 11 11 15 14 14 11 11 10 12 12 14 10 10 9 9 11 12 12 11 9 9 4 4 3 3 3 3 
2 2 1 1 1 1 0 0 0 0 0 0 0 1 1 1 7 7 10 11 11 15 14 14 11 11 10 12 12 14 10 10 9 9 11 12 12 11 9 9 4 4 3 3 3 3 
2 2 2 1 1 1 0 0 0 0 1 2 2 4 3 3 7 7 10 8 8 8 8 8 10 10 11 13 13 14 13 13 13 13 13 12 12 11 8 8 6 6 4 3 3 2 
3 3 2 0 0 0 1 1 1 1 1 3 3 4 1 1 1 1 5 5 5 3 4 4 7 7 9 13 13 16 17 17 17 17 14 13 13 13 7 7 5 5 4 2 2 2 
3 3 2 0 0 0 1 1 1 1 1 3 3 4 1 1 1 1 5 5 5 3 4 4 7 7 9 13 13 16 17 17 17 17 14 13 13 13 7 7 5 5 4 2 2 2 
2 2 1 0 0 0 1 1 1 1 1 1 1 1 0 0 0 0 5 5 5 3 2 2 5 5 10 13 13 15 17 17 18 18 13 9 9 10 7 7 4 4 2 2 2 3 
2 2 1 0 0 0 0 0 1 1 0 0 0 0 0 0 0 0 1 3 3 2 3 3 5 5 8 11 11 16 17 17 18 18 14 7 7 4 5 5 4 4 3 3 3 4 
2 2 1 0 0 0 0 0 1 1 0 0 0 0 0 0 0 0 1 3 3 2 3 3 5 5 8 11 11 16 17 17 18 18 14 7 7 4 5 5 4 4 3 3 3 4 
2 2 1 0 0 0 0 0 0 0 0 0 0 0 0 0 0 0 0 1 1 1 4 4 6 6 8 11 11 17 18 18 18 18 11 7 7 4 4 4 6 6 5 4 4 4 
2 2 1 0 0 0 0 0 0 0 0 0 0 0 0 0 0 0 0 1 1 1 4 4 6 6 8 11 11 17 18 18 18 18 11 7 7 4 4 4 6 6 5 4 4 4 
0 0 0 1 1 1 2 2 0 0 0 0 0 0 0 0 0 0 0 1 1 2 4 4 6 6 8 10 10 14 15 15 12 12 9 6 6 6 5 5 5 5 4 3 3 3 
0 0 0 0 0 0 0 0 0 0 0 0 0 0 0 0 0 0 0 0 0 2 5 5 5 5 6 9 9 10 10 10 10 10 10 8 8 6 6 6 5 5 5 3 3 3 
0 0 0 0 0 0 0 0 0 0 0 0 0 0 0 0 0 0 0 0 0 2 5 5 5 5 6 9 9 10 10 10 10 10 10 8 8 6 6 6 5 5 5 3 3 3 
0 0 0 0 0 0 0 0 0 0 0 0 0 1 0 0 0 0 0 1 1 2 7 7 9 9 6 7 7 8 8 8 7 7 9 9 9 8 8 8 8 8 5 4 4 4 
0 0 0 0 0 0 0 0 0 0 0 0 0 0 0 0 0 0 0 1 1 2 7 7 13 13 8 6 6 5 8 8 7 7 7 10 10 10 9 9 9 9 6 4 4 4 
0 0 0 0 0 0 0 0 0 0 0 0 0 0 0 0 0 0 0 1 1 2 7 7 13 13 8 6 6 5 8 8 7 7 7 10 10 10 9 9 9 9 6 4 4 4 
2 2 0 0 0 0 0 0 0 0 0 0 0 0 0 0 0 0 0 2 2 2 2 2 6 6 8 9 9 6 7 7 9 9 11 17 17 13 10 10 8 8 6 5 5 4 
2 2 0 0 0 0 0 0 0 0 0 0 0 0 0 0 0 0 0 2 2 2 2 2 6 6 8 9 9 6 7 7 9 9 11 17 17 13 10 10 8 8 6 5 5 4 
1 1 1 1 1 0 0 0 0 0 0 0 0 0 0 0 1 1 1 2 2 2 3 3 3 3 5 11 11 11 12 12 13 13 17 18 18 15 11 11 8 8 6 4 4 3 
1 1 1 2 2 1 1 1 1 1 0 1 1 1 0 0 1 1 2 2 2 1 3 3 4 4 5 10 10 18 19 19 16 16 19 26 26 15 10 10 8 8 7 4 4 3 
1 1 1 2 2 1 1 1 1 1 0 1 1 1 0 0 1 1 2 2 2 1 3 3 4 4 5 10 10 18 19 19 16 16 19 26 26 15 10 10 8 8 7 4 4 3 
4 4 3 3 3 3 1 1 1 1 1 1 1 1 1 1 0 0 2 5 5 2 2 2 5 5 8 13 13 18 21 21 17 17 17 21 21 15 11 11 9 9 7 4 4 2 
3 3 3 3 3 2 2 2 3 3 2 1 1 1 2 2 1 1 1 3 3 3 3 3 7 7 11 18 18 17 16 16 17 17 15 14 14 15 11 11 6 6 3 2 2 1 
3 3 3 3 3 2 2 2 3 3 2 1 1 1 2 2 1 1 1 3 3 3 3 3 7 7 11 18 18 17 16 16 17 17 15 14 14 15 11 11 6 6 3 2 2 1 
3 3 3 3 3 3 3 3 3 3 3 3 3 2 2 2 2 2 2 2 2 3 5 5 12 12 9 12 12 12 11 11 14 14 15 14 14 10 4 4 2 2 1 1 1 1 
3 3 3 3 3 3 3 3 3 3 3 3 3 2 2 2 2 2 2 2 2 3 5 5 12 12 9 12 12 12 11 11 14 14 15 14 14 10 4 4 2 2 1 1 1 1 
2 2 2 3 3 7 7 7 7 7 7 7 7 7 5 5 4 4 4 3 3 4 3 3 9 9 6 8 8 10 9 9 10 10 10 7 7 3 2 2 1 1 2 5 5 7 
2 2 2 4 4 7 8 8 9 9 10 10 10 11 10 10 10 10 10 8 8 7 4 4 4 4 4 6 6 11 11 11 9 9 7 3 3 3 4 4 4 4 5 6 6 8 
2 2 2 4 4 7 8 8 9 9 10 10 10 11 10 10 10 10 10 8 8 7 4 4 4 4 4 6 6 11 11 11 9 9 7 3 3 3 4 4 4 4 5 6 6 8 
4 4 5 7 7 9 11 11 12 12 14 16 16 18 15 15 13 13 12 10 10 7 5 5 2 2 4 6 6 8 7 7 7 7 5 4 4 6 8 8 8 8 10 6 6 7 
8 8 11 14 14 14 16 16 16 16 18 19 19 22 20 20 19 19 19 16 16 12 9 9 5 5 4 6 6 6 5 5 7 7 7 9 9 11 9 9 8 8 8 9 9 10 
8 8 11 14 14 14 16 16 16 16 18 19 19 22 20 20 19 19 19 16 16 12 9 9 5 5 4 6 6 6 5 5 7 7 7 9 9 11 9 9 8 8 8 9 9 10 
19 19 22 19 19 17 17 17 20 20 22 23 23 25 26 26 24 24 22 19 19 16 13 13 9 9 4 8 8 10 10 10 11 11 13 11 11 12 13 13 8 8 8 9 9 9 
19 19 22 19 19 17 17 17 20 20 22 23 23 25 26 26 24 24 22 19 19 16 13 13 9 9 4 8 8 10 10 10 11 11 13 11 11 12 13 13 8 8 8 9 9 9 
37 37 32 30 30 28 27 27 28 28 29 31 31 31 31 31 28 28 27 21 21 15 12 12 8 8 6 8 8 11 11 11 14 14 12 11 11 12 10 10 7 7 7 7 7 8 
30 30 32 27 27 28 27 27 28 28 30 30 30 30 28 28 22 22 16 13 13 10 8 8 8 8 6 6 6 9 7 7 9 9 11 13 13 10 7 7 6 6 6 4 4 3 
30 30 32 27 27 28 27 27 28 28 30 30 30 30 28 28 22 22 16 13 13 10 8 8 8 8 6 6 6 9 7 7 9 9 11 13 13 10 7 7 6 6 6 4 4 3 
31 31 36 34 34 33 34 34 32 32 32 30 30 28 25 25 19 19 13 10 10 6 7 7 7 7 5 6 6 7 7 7 7 7 7 6 6 6 5 5 3 3 4 2 2 1 
31 31 32 34 34 36 36 36 36 36 31 32 32 29 25 25 16 16 10 7 7 5 6 6 5 5 7 5 5 3 3 3 4 4 5 4 4 2 3 3 3 3 4 2 2 2 
31 31 32 34 34 36 36 36 36 36 31 32 32 29 25 25 16 16 10 7 7 5 6 6 5 5 7 5 5 3 3 3 4 4 5 4 4 2 3 3 3 3 4 2 2 2 
26 26 31 34 34 34 36 36 37 37 35 32 32 29 27 27 20 20 14 10 10 9 7 7 5 5 6 5 5 4 3 3 3 3 3 3 3 2 1 1 1 1 1 1 1 1 
26 26 31 34 34 34 36 36 37 37 35 32 32 29 27 27 20 20 14 10 10 9 7 7 5 5 6 5 5 4 3 3 3 3 3 3 3 2 1 1 1 1 1 1 1 1 
29 29 34 38 38 39 42 42 41 41 41 38 38 36 31 31 26 26 21 15 15 11 7 7 4 4 4 3 3 3 3 3 2 2 2 4 4 2 2 2 1 1 1 2 2 2 
28 28 30 36 36 40 45 45 44 44 45 43 43 40 33 33 25 25 22 20 20 15 14 14 15 15 6 4 4 3 2 2 2 2 1 1 1 1 3 3 5 5 5 5 5 2 
28 28 30 36 36 40 45 45 44 44 45 43 43 40 33 33 25 25 22 20 20 15 14 14 15 15 6 4 4 3 2 2 2 2 1 1 1 1 3 3 5 5 5 5 5 2 
17 17 23 26 26 31 33 33 34 34 32 31 31 29 25 25 23 23 19 20 20 17 14 14 12 12 12 8 8 4 3 3 2 2 1 2 2 5 8 8 5 5 6 1 1 0 
11 11 17 17 17 20 19 19 20 20 21 20 20 17 16 16 15 15 17 17 17 16 15 15 13 13 13 9 9 4 3 3 2 2 1 1 1 4 1 1 0 0 3 0 0 0 
