assets/RAT_results_old/precipitation/2024-05-22_IMERG.asc
ncols        46
nrows        77
xllcorner    74.800261325624
yllcorner    8.058333333333
cellsize     0.062500000000
NODATA_value -9999
51 51 40 27 27 25 29 29 22 22 15 10 10 9 9 9 6 6 7 9 9 8 8 8 8 8 11 14 14 15 12 12 7 7 6 4 4 5 6 6 8 8 10 10 10 13 
67 67 57 35 35 31 30 30 25 25 20 17 17 14 13 13 12 12 13 16 16 14 15 15 15 15 18 17 17 15 13 13 9 9 8 5 5 4 9 9 11 11 14 17 17 18 
67 67 57 35 35 31 30 30 25 25 20 17 17 14 13 13 12 12 13 16 16 14 15 15 15 15 18 17 17 15 13 13 9 9 8 5 5 4 9 9 11 11 14 17 17 18 
93 93 76 53 53 43 39 39 37 37 28 29 29 28 23 23 17 17 18 20 20 22 26 26 25 25 28 28 28 25 25 25 18 18 16 10 10 16 19 19 20 20 24 20 20 22 
116 116 109 98 98 83 42 42 37 37 32 34 34 33 34 34 46 46 42 44 44 31 27 27 29 29 38 42 42 41 35 35 35 35 28 30 30 24 29 29 24 24 29 27 27 24 
116 116 109 98 98 83 42 42 37 37 32 34 34 33 34 34 46 46 42 44 44 31 27 27 29 29 38 42 42 41 35 35 35 35 28 30 30 24 29 29 24 24 29 27 27 24 
193 193 141 110 110 82 67 67 39 39 36 46 46 48 50 50 55 55 54 56 56 47 39 39 39 39 44 36 36 41 43 43 52 52 55 40 40 39 30 30 28 28 29 27 27 27 
193 193 141 110 110 82 67 67 39 39 36 46 46 48 50 50 55 55 54 56 56 47 39 39 39 39 44 36 36 41 43 43 52 52 55 40 40 39 30 30 28 28 29 27 27 27 
203 203 188 104 104 84 73 73 43 43 45 55 55 71 71 71 83 83 81 77 77 75 60 60 55 55 53 44 44 47 55 55 49 49 44 36 36 35 25 25 31 31 32 31 31 47 
324 324 295 123 123 92 65 65 50 50 57 68 68 76 75 75 94 94 95 95 95 101 73 73 76 76 73 55 55 59 82 82 79 79 64 46 46 36 32 32 33 33 36 40 40 70 
324 324 295 123 123 92 65 65 50 50 57 68 68 76 75 75 94 94 95 95 95 101 73 73 76 76 73 55 55 59 82 82 79 79 64 46 46 36 32 32 33 33 36 40 40 70 
313 313 267 113 113 96 56 56 50 50 61 78 78 85 81 81 85 85 100 102 102 115 106 106 85 85 88 64 64 50 67 67 70 70 58 49 49 39 36 36 32 32 56 57 57 74 
166 166 122 100 100 99 73 73 69 69 64 76 76 77 85 85 87 87 93 106 106 105 108 108 99 99 93 70 70 50 50 50 55 55 56 50 50 40 48 48 33 33 40 59 59 80 
166 166 122 100 100 99 73 73 69 69 64 76 76 77 85 85 87 87 93 106 106 105 108 108 99 99 93 70 70 50 50 50 55 55 56 50 50 40 48 48 33 33 40 59 59 80 
110 110 138 88 88 89 70 70 81 81 75 75 75 77 82 82 85 85 97 95 95 90 91 91 94 94 90 88 88 60 49 49 68 68 73 64 64 59 55 55 59 59 53 50 50 72 
110 110 138 88 88 89 70 70 81 81 75 75 75 77 82 82 85 85 97 95 95 90 91 91 94 94 90 88 88 60 49 49 68 68 73 64 64 59 55 55 59 59 53 50 50 72 
98 98 183 174 174 179 87 87 77 77 79 91 91 94 98 98 82 82 91 90 90 88 89 89 82 82 82 85 85 74 59 59 71 71 100 97 97 95 71 71 72 72 59 62 62 58 
91 91 85 331 331 327 479 479 42 42 102 56 56 104 106 106 78 78 79 85 85 82 87 87 79 79 79 76 76 75 90 90 98 98 148 130 130 114 100 100 115 115 96 71 71 69 
91 91 85 331 331 327 479 479 42 42 102 56 56 104 106 106 78 78 79 85 85 82 87 87 79 79 79 76 76 75 90 90 98 98 148 130 130 114 100 100 115 115 96 71 71 69 
77 77 76 483 483 484 534 534 118 118 133 89 89 108 108 108 97 97 75 82 82 74 75 75 74 74 67 60 60 47 79 79 97 97 133 133 133 133 117 117 100 100 137 118 118 79 
91 91 86 339 339 486 536 536 241 241 153 103 103 123 124 124 106 106 76 69 69 67 67 67 63 63 56 62 62 55 57 57 76 76 136 139 139 141 127 127 111 111 117 117 117 72 
91 91 86 339 339 486 536 536 241 241 153 103 103 123 124 124 106 106 76 69 69 67 67 67 63 63 56 62 62 55 57 57 76 76 136 139 139 141 127 127 111 111 117 117 117 72 
92 92 96 337 337 360 368 368 123 123 157 100 100 130 137 137 129 129 95 63 63 55 58 58 55 55 59 62 62 76 90 90 97 97 112 120 120 126 111 111 86 86 64 60 60 43 
92 92 96 337 337 360 368 368 123 123 157 100 100 130 137 137 129 129 95 63 63 55 58 58 55 55 59 62 62 76 90 90 97 97 112 120 120 126 111 111 86 86 64 60 60 43 
114 114 135 97 97 418 375 375 379 379 154 127 127 141 160 160 145 145 113 62 62 54 55 55 57 57 60 71 71 92 104 104 102 102 101 95 95 95 87 87 55 55 37 24 24 22 
140 140 140 162 162 185 174 174 310 310 177 162 162 126 152 152 154 154 152 63 63 52 53 53 56 56 55 71 71 83 94 94 107 107 103 91 91 101 66 66 41 41 29 20 20 20 
140 140 140 162 162 185 174 174 310 310 177 162 162 126 152 152 154 154 152 63 63 52 53 53 56 56 55 71 71 83 94 94 107 107 103 91 91 101 66 66 41 41 29 20 20 20 
140 140 147 171 171 155 301 301 296 296 378 371 371 330 158 158 138 138 127 86 86 58 55 55 58 58 55 66 66 73 78 78 87 87 91 101 101 95 60 60 43 43 33 22 22 27 
318 318 325 140 140 158 288 288 282 282 193 337 337 293 223 223 82 82 83 65 65 70 62 62 64 64 66 64 64 53 54 54 73 73 77 78 78 72 65 65 47 47 38 29 29 34 
318 318 325 140 140 158 288 288 282 282 193 337 337 293 223 223 82 82 83 65 65 70 62 62 64 64 66 64 64 53 54 54 73 73 77 78 78 72 65 65 47 47 38 29 29 34 
157 157 237 250 250 549 288 288 264 264 94 454 454 469 425 425 77 77 101 82 82 77 76 76 71 71 67 68 68 44 39 39 46 46 54 63 63 61 61 61 44 44 39 26 26 27 
157 157 237 250 250 549 288 288 264 264 94 454 454 469 425 425 77 77 101 82 82 77 76 76 71 71 67 68 68 44 39 39 46 46 54 63 63 61 61 61 44 44 39 26 26 27 
171 171 236 233 233 541 195 195 133 133 118 506 506 485 429 429 99 99 100 102 102 89 74 74 73 73 75 67 67 40 34 34 33 33 35 29 29 29 34 34 33 33 30 23 23 25 
168 168 161 159 159 170 201 201 166 166 132 510 510 496 325 325 155 155 128 135 135 87 75 75 70 70 68 59 59 32 25 25 21 21 25 27 27 23 26 26 25 25 25 25 25 24 
168 168 161 159 159 170 201 201 166 166 132 510 510 496 325 325 155 155 128 135 135 87 75 75 70 70 68 59 59 32 25 25 21 21 25 27 27 23 26 26 25 25 25 25 25 24 
168 168 201 157 157 179 177 177 147 147 139 396 396 383 320 320 167 167 132 113 113 79 71 71 60 60 52 47 47 33 21 21 15 15 17 17 17 19 20 20 25 25 27 32 32 32 
163 163 198 179 179 195 166 166 187 187 169 132 132 352 127 127 131 131 92 87 87 78 68 68 60 60 43 32 32 25 19 19 24 24 24 19 19 17 20 20 22 22 26 32 32 32 
163 163 198 179 179 195 166 166 187 187 169 132 132 352 127 127 131 131 92 87 87 78 68 68 60 60 43 32 32 25 19 19 24 24 24 19 19 17 20 20 22 22 26 32 32 32 
192 192 189 196 196 190 191 191 175 175 156 148 148 153 148 148 138 138 76 83 83 79 69 69 60 60 44 33 33 28 19 19 26 26 27 25 25 17 14 14 17 17 23 27 27 32 
192 192 189 196 196 190 191 191 175 175 156 148 148 153 148 148 138 138 76 83 83 79 69 69 60 60 44 33 33 28 19 19 26 26 27 25 25 17 14 14 17 17 23 27 27 32 
162 162 167 184 184 265 204 204 214 214 254 175 175 159 130 130 115 115 74 87 87 99 88 88 77 77 61 45 45 36 21 21 30 30 29 17 17 13 12 12 15 15 20 20 20 20 
182 182 184 236 236 275 216 216 509 509 311 153 153 165 140 140 114 114 86 91 91 116 113 113 94 94 84 71 71 51 31 31 29 29 18 13 13 10 10 10 15 15 21 19 19 16 
182 182 184 236 236 275 216 216 509 509 311 153 153 165 140 140 114 114 86 91 91 116 113 113 94 94 84 71 71 51 31 31 29 29 18 13 13 10 10 10 15 15 21 19 19 16 
149 149 167 175 175 319 185 185 462 462 301 213 213 223 129 129 121 121 106 90 90 110 113 113 114 114 102 79 79 59 49 49 35 35 26 18 18 14 14 14 22 22 26 18 18 13 
128 128 167 165 165 315 287 287 425 425 285 148 148 257 156 156 128 128 125 104 104 94 114 114 114 114 100 82 82 61 47 47 33 33 28 31 31 33 38 38 34 34 33 24 24 23 
128 128 167 165 165 315 287 287 425 425 285 148 148 257 156 156 128 128 125 104 104 94 114 114 114 114 100 82 82 61 47 47 33 33 28 31 31 33 38 38 34 34 33 24 24 23 
153 153 156 155 155 157 275 275 144 144 278 165 165 185 124 124 113 113 104 106 106 92 93 93 108 108 96 78 78 58 42 42 33 33 29 39 39 33 37 37 26 26 25 18 18 14 
153 153 156 155 155 157 275 275 144 144 278 165 165 185 124 124 113 113 104 106 106 92 93 93 108 108 96 78 78 58 42 42 33 33 29 39 39 33 37 37 26 26 25 18 18 14 
175 175 172 144 144 157 170 170 104 104 108 110 110 152 127 127 127 127 146 150 150 86 90 90 101 101 89 68 68 53 42 42 31 31 27 34 34 26 30 30 25 25 24 21 21 11 
300 300 303 283 283 359 143 143 154 154 96 93 93 111 92 92 159 159 98 93 93 79 85 85 91 91 76 59 59 44 34 34 26 26 27 31 31 26 29 29 27 27 30 24 24 11 
300 300 303 283 283 359 143 143 154 154 96 93 93 111 92 92 159 159 98 93 93 79 85 85 91 91 76 59 59 44 34 34 26 26 27 31 31 26 29 29 27 27 30 24 24 11 
228 228 217 400 400 346 149 149 150 150 84 104 104 77 116 116 87 87 94 112 112 118 74 74 84 84 76 54 54 40 28 28 26 26 21 25 25 21 21 21 26 26 32 31 31 20 
268 268 217 395 395 353 150 150 141 141 87 106 106 81 91 91 83 83 117 113 113 125 80 80 74 74 72 46 46 31 27 27 25 25 44 20 20 23 24 24 27 27 23 25 25 15 
268 268 217 395 395 353 150 150 141 141 87 106 106 81 91 91 83 83 117 113 113 125 80 80 74 74 72 46 46 31 27 27 25 25 44 20 20 23 24 24 27 27 23 25 25 15 
285 285 224 304 304 253 146 146 140 140 94 96 96 74 63 63 76 76 59 61 61 76 69 69 64 64 58 54 54 44 38 38 37 37 41 28 28 24 22 22 22 22 16 12 12 13 
285 285 224 304 304 253 146 146 140 140 94 96 96 74 63 63 76 76 59 61 61 76 69 69 64 64 58 54 54 44 38 38 37 37 41 28 28 24 22 22 22 22 16 12 12 13 
208 208 190 187 187 229 138 138 131 131 62 60 60 54 37 37 44 44 52 74 74 75 86 86 63 63 64 55 55 41 39 39 41 41 41 36 36 42 20 20 18 18 16 9 9 8 
202 202 209 163 163 217 140 140 127 127 106 91 91 76 37 37 49 49 60 75 75 79 67 67 71 71 61 65 65 53 49 49 43 43 41 37 37 40 16 16 16 16 15 10 10 9 
202 202 209 163 163 217 140 140 127 127 106 91 91 76 37 37 49 49 60 75 75 79 67 67 71 71 61 65 65 53 49 49 43 43 41 37 37 40 16 16 16 16 15 10 10 9 
227 227 199 139 139 138 139 139 103 103 107 88 88 84 79 79 81 81 103 83 83 85 84 84 74 74 70 70 70 63 47 47 36 36 36 45 45 40 20 20 20 20 13 6 6 7 
189 189 195 131 131 132 107 107 90 90 93 92 92 95 88 88 88 88 104 100 100 106 97 97 78 78 56 72 72 52 44 44 35 35 37 27 27 25 18 18 22 22 17 6 6 6 
189 189 195 131 131 132 107 107 90 90 93 92 92 95 88 88 88 88 104 100 100 106 97 97 78 78 56 72 72 52 44 44 35 35 37 27 27 25 18 18 22 22 17 6 6 6 
161 161 187 132 132 98 102 102 97 97 97 88 88 87 93 93 103 103 101 95 95 94 89 89 72 72 50 41 41 38 33 33 25 25 25 26 26 21 29 29 15 15 7 6 6 4 
161 161 187 132 132 98 102 102 97 97 97 88 88 87 93 93 103 103 101 95 95 94 89 89 72 72 50 41 41 38 33 33 25 25 25 26 26 21 29 29 15 15 7 6 6 4 
153 153 103 128 128 100 89 89 92 92 75 93 93 81 94 94 96 96 99 109 109 94 71 71 46 46 41 32 32 39 31 31 26 26 22 23 23 24 25 25 17 17 7 4 4 2 
113 113 95 121 121 113 72 72 81 81 72 74 74 89 88 88 85 85 84 89 89 70 54 54 26 26 20 25 25 38 28 28 28 28 30 26 26 31 32 32 17 17 16 5 5 5 
113 113 95 121 121 113 72 72 81 81 72 74 74 89 88 88 85 85 84 89 89 70 54 54 26 26 20 25 25 38 28 28 28 28 30 26 26 31 32 32 17 17 16 5 5 5 
77 77 76 112 112 97 78 78 76 76 74 89 89 83 90 90 75 75 73 71 71 59 52 52 20 20 17 24 24 28 32 32 34 34 36 33 33 29 37 37 19 19 19 16 16 25 
77 77 81 100 100 87 75 75 75 75 74 83 83 93 78 78 83 83 86 81 81 82 49 49 58 58 35 30 30 21 28 28 68 68 51 46 46 43 32 32 33 33 19 24 24 27 
77 77 81 100 100 87 75 75 75 75 74 83 83 93 78 78 83 83 86 81 81 82 49 49 58 58 35 30 30 21 28 28 68 68 51 46 46 43 32 32 33 33 19 24 24 27 
80 80 83 75 75 94 70 70 81 81 74 79 79 83 76 76 82 82 80 81 81 75 72 72 56 56 60 60 60 44 44 44 51 51 60 44 44 40 32 32 53 53 53 51 51 35 
80 80 83 75 75 94 70 70 81 81 74 79 79 83 76 76 82 82 80 81 81 75 72 72 56 56 60 60 60 44 44 44 51 51 60 44 44 40 32 32 53 53 53 51 51 35 
74 74 88 81 81 91 78 78 74 74 77 73 73 78 97 97 96 96 79 81 81 73 81 81 80 80 87 64 64 59 24 24 47 47 61 51 51 43 41 41 41 41 44 40 40 32 
81 81 92 96 96 84 78 78 80 80 75 71 71 59 84 84 84 84 84 81 81 64 61 61 66 66 61 41 41 40 38 38 38 38 37 32 32 47 45 45 44 44 41 38 38 27 
81 81 92 96 96 84 78 78 80 80 75 71 71 59 84 84 84 84 84 81 81 64 61 61 66 66 61 41 41 40 38 38 38 38 37 32 32 47 45 45 44 44 41 38 38 27 
69 69 68 71 71 65 61 61 72 72 62 59 59 46 41 41 41 41 52 64 64 42 43 43 43 43 31 36 36 31 32 32 36 36 32 32 32 31 49 49 48 48 48 44 44 25 
62 62 58 62 62 55 50 50 47 47 39 40 40 30 38 38 44 44 46 35 35 24 24 24 21 21 21 22 22 28 31 31 36 36 36 35 35 42 40 40 43 43 38 30 30 14 
