assets/RAT_results_old/precipitation/2024-01-09_IMERG.asc
ncols        46
nrows        77
xllcorner    74.800261325624
yllcorner    8.058333333333
cellsize     0.062500000000
NODATA_value -9999
5 5 10 12 12 14 18 18 24 24 25 26 26 27 26 26 24 24 19 12 12 7 2 2 3 3 1 1 1 0 0 0 0 0 0 0 0 0 0 0 1 1 2 1 1 3 
6 6 12 13 13 15 18 18 21 21 25 27 27 27 24 24 22 22 16 11 11 6 2 2 1 1 1 1 1 0 0 0 1 1 0 0 0 1 0 0 1 1 3 3 3 3 
6 6 12 13 13 15 18 18 21 21 25 27 27 27 24 24 22 22 16 11 11 6 2 2 1 1 1 1 1 0 0 0 1 1 0 0 0 1 0 0 1 1 3 3 3 3 
9 9 11 14 14 15 18 18 21 21 26 27 27 27 24 24 21 21 16 10 10 6 2 2 1 1 1 2 2 2 0 0 1 1 0 0 0 0 1 1 2 2 3 4 4 5 
10 10 10 14 14 16 19 19 22 22 26 27 27 28 25 25 23 23 17 11 11 6 2 2 1 1 1 2 2 1 1 1 1 1 0 1 1 2 2 2 4 4 5 6 6 6 
10 10 10 14 14 16 19 19 22 22 26 27 27 28 25 25 23 23 17 11 11 6 2 2 1 1 1 2 2 1 1 1 1 1 0 1 1 2 2 2 4 4 5 6 6 6 
12 12 9 13 13 16 20 20 23 23 26 27 27 28 25 25 21 21 16 10 10 7 2 2 1 1 1 3 3 2 1 1 1 1 2 3 3 3 4 4 6 6 6 6 6 6 
12 12 9 13 13 16 20 20 23 23 26 27 27 28 25 25 21 21 16 10 10 7 2 2 1 1 1 3 3 2 1 1 1 1 2 3 3 3 4 4 6 6 6 6 6 6 
11 11 7 12 12 14 19 19 23 23 26 26 26 26 22 22 16 16 12 10 10 7 2 2 1 1 1 1 1 1 1 1 2 2 2 3 3 6 5 5 6 6 6 6 6 10 
7 7 6 9 9 11 16 16 22 22 24 25 25 23 18 18 13 13 11 9 9 7 2 2 1 1 1 1 1 1 1 1 1 1 2 4 4 7 7 7 6 6 6 9 9 9 
7 7 6 9 9 11 16 16 22 22 24 25 25 23 18 18 13 13 11 9 9 7 2 2 1 1 1 1 1 1 1 1 1 1 2 4 4 7 7 7 6 6 6 9 9 9 
5 5 4 4 4 7 10 10 15 15 18 19 19 17 14 14 11 11 10 9 9 7 3 3 1 1 1 1 1 0 1 1 2 2 3 7 7 13 10 10 14 14 10 9 9 7 
3 3 2 2 2 5 6 6 8 8 12 13 13 12 11 11 11 11 10 9 9 6 3 3 1 1 1 1 1 1 1 1 3 3 4 7 7 13 11 11 11 11 7 11 11 8 
3 3 2 2 2 5 6 6 8 8 12 13 13 12 11 11 11 11 10 9 9 6 3 3 1 1 1 1 1 1 1 1 3 3 4 7 7 13 11 11 11 11 7 11 11 8 
5 5 5 4 4 2 4 4 6 6 9 10 10 10 11 11 10 10 9 8 8 6 3 3 1 1 0 0 0 2 1 1 5 5 6 8 8 12 12 12 7 7 5 7 7 7 
5 5 5 4 4 2 4 4 6 6 9 10 10 10 11 11 10 10 9 8 8 6 3 3 1 1 0 0 0 2 1 1 5 5 6 8 8 12 12 12 7 7 5 7 7 7 
6 6 5 3 3 1 2 2 5 5 7 9 9 11 12 12 9 9 8 7 7 6 3 3 6 6 0 1 1 1 3 3 4 4 7 12 12 12 10 10 7 7 12 13 13 11 
23 23 23 4 4 3 4 4 3 3 6 8 8 10 10 10 8 8 8 7 7 10 8 8 6 6 0 2 2 3 4 4 7 7 8 10 10 12 7 7 7 7 12 11 11 17 
23 23 23 4 4 3 4 4 3 3 6 8 8 10 10 10 8 8 8 7 7 10 8 8 6 6 0 2 2 3 4 4 7 7 8 10 10 12 7 7 7 7 12 11 11 17 
2 2 2 5 5 3 3 3 2 2 4 6 6 8 8 8 9 9 9 7 7 13 11 11 9 9 3 3 3 9 1 1 4 4 9 12 12 11 13 13 13 13 10 15 15 16 
1 1 1 0 0 2 3 3 3 3 3 6 6 6 7 7 10 10 10 9 9 16 12 12 11 11 5 7 7 6 2 2 6 6 11 20 20 12 13 13 13 13 9 11 11 15 
1 1 1 0 0 2 3 3 3 3 3 6 6 6 7 7 10 10 10 9 9 16 12 12 11 11 5 7 7 6 2 2 6 6 11 20 20 12 13 13 13 13 9 11 11 15 
3 3 2 0 0 2 2 2 3 3 2 3 3 6 6 6 9 9 8 5 5 12 8 8 9 9 6 7 7 8 5 5 5 5 15 18 18 11 14 14 13 13 13 12 12 14 
3 3 2 0 0 2 2 2 3 3 2 3 3 6 6 6 9 9 8 5 5 12 8 8 9 9 6 7 7 8 5 5 5 5 15 18 18 11 14 14 13 13 13 12 12 14 
3 3 2 2 2 2 2 2 3 3 1 2 2 4 6 6 9 9 7 4 4 7 8 8 7 7 4 3 3 3 5 5 9 9 16 17 17 12 29 29 27 27 25 26 26 18 
4 4 4 3 3 4 3 3 3 3 1 2 2 3 3 3 4 4 7 5 5 4 3 3 3 3 4 2 2 6 15 15 21 21 23 26 26 27 32 32 29 29 23 35 35 16 
4 4 4 3 3 4 3 3 3 3 1 2 2 3 3 3 4 4 7 5 5 4 3 3 3 3 4 2 2 6 15 15 21 21 23 26 26 27 32 32 29 29 23 35 35 16 
6 6 4 3 3 3 3 3 3 3 3 3 3 1 2 2 2 2 7 8 8 8 3 3 2 2 3 2 2 6 12 12 18 18 23 28 28 29 40 40 46 46 39 39 39 19 
8 8 5 4 4 3 4 4 3 3 8 4 4 2 2 2 4 4 9 12 12 7 2 2 2 2 3 4 4 12 19 19 24 24 28 31 31 30 46 46 49 49 40 39 39 21 
8 8 5 4 4 3 4 4 3 3 8 4 4 2 2 2 4 4 9 12 12 7 2 2 2 2 3 4 4 12 19 19 24 24 28 31 31 30 46 46 49 49 40 39 39 21 
7 7 5 5 5 3 4 4 6 6 7 2 2 3 3 3 6 6 9 5 5 1 2 2 3 3 3 3 3 6 14 14 24 24 28 39 39 42 43 43 46 46 47 45 45 32 
7 7 5 5 5 3 4 4 6 6 7 2 2 3 3 3 6 6 9 5 5 1 2 2 3 3 3 3 3 6 14 14 24 24 28 39 39 42 43 43 46 46 47 45 45 32 
8 8 7 5 5 4 4 4 3 3 4 2 2 3 4 4 6 6 6 3 3 1 5 5 6 6 6 11 11 15 15 15 23 23 25 35 35 43 43 43 48 48 56 43 43 36 
11 11 11 8 8 5 3 3 3 3 4 2 2 4 7 7 11 11 6 4 4 4 4 4 6 6 6 8 8 17 18 18 25 25 30 38 38 42 47 47 50 50 48 37 37 33 
11 11 11 8 8 5 3 3 3 3 4 2 2 4 7 7 11 11 6 4 4 4 4 4 6 6 6 8 8 17 18 18 25 25 30 38 38 42 47 47 50 50 48 37 37 33 
14 14 14 10 10 6 4 4 3 3 4 2 2 4 6 6 8 8 6 3 3 7 7 7 11 11 9 8 8 15 17 17 24 24 29 35 35 38 41 41 40 40 40 33 33 54 
17 17 17 13 13 6 4 4 3 3 4 2 2 4 5 5 10 10 6 5 5 8 7 7 6 6 10 9 9 14 15 15 16 16 27 31 31 35 38 38 32 32 31 26 26 54 
17 17 17 13 13 6 4 4 3 3 4 2 2 4 5 5 10 10 6 5 5 8 7 7 6 6 10 9 9 14 15 15 16 16 27 31 31 35 38 38 32 32 31 26 26 54 
32 32 32 15 15 11 5 5 4 4 2 3 3 3 4 4 7 7 7 7 7 9 6 6 5 5 7 8 8 14 14 14 14 14 22 25 25 37 35 35 30 30 25 14 14 47 
32 32 32 15 15 11 5 5 4 4 2 3 3 3 4 4 7 7 7 7 7 9 6 6 5 5 7 8 8 14 14 14 14 14 22 25 25 37 35 35 30 30 25 14 14 47 
33 33 33 17 17 15 7 7 4 4 1 2 2 2 2 2 4 4 5 10 10 5 3 3 5 5 5 6 6 5 11 11 14 14 22 11 11 18 10 10 14 14 14 14 14 29 
33 33 35 38 38 37 10 10 4 4 1 1 1 1 1 1 2 2 4 7 7 5 4 4 1 1 5 3 3 3 8 8 10 10 11 9 9 10 11 11 19 19 21 20 20 11 
33 33 35 38 38 37 10 10 4 4 1 1 1 1 1 1 2 2 4 7 7 5 4 4 1 1 5 3 3 3 8 8 10 10 11 9 9 10 11 11 19 19 21 20 20 11 
19 19 21 49 49 40 13 13 8 8 3 1 1 0 0 0 1 1 2 4 4 6 6 6 2 2 2 2 2 3 6 6 6 6 8 5 5 7 17 17 20 20 17 20 20 9 
21 21 22 51 51 18 16 16 12 12 6 3 3 1 0 0 1 1 1 3 3 5 4 4 2 2 1 1 1 2 2 2 4 4 6 5 5 8 12 12 12 12 18 16 16 14 
21 21 22 51 51 18 16 16 12 12 6 3 3 1 0 0 1 1 1 3 3 5 4 4 2 2 1 1 1 2 2 2 4 4 6 5 5 8 12 12 12 12 18 16 16 14 
20 20 19 20 20 22 20 20 14 14 9 5 5 2 1 1 0 0 0 1 1 3 2 2 1 1 1 1 1 2 2 2 4 4 5 5 5 4 12 12 11 11 15 19 19 13 
20 20 19 20 20 22 20 20 14 14 9 5 5 2 1 1 0 0 0 1 1 3 2 2 1 1 1 1 1 2 2 2 4 4 5 5 5 4 12 12 11 11 15 19 19 13 
48 48 24 20 20 21 19 19 17 17 12 7 7 2 2 2 0 0 0 1 1 1 1 1 1 1 2 2 2 2 3 3 4 4 5 8 8 9 15 15 16 16 15 19 19 17 
49 49 26 25 25 20 18 18 16 16 13 8 8 3 1 1 1 1 1 1 1 1 2 2 2 2 2 2 2 4 4 4 5 5 9 9 9 10 11 11 18 18 14 9 9 10 
49 49 26 25 25 20 18 18 16 16 13 8 8 3 1 1 1 1 1 1 1 1 2 2 2 2 2 2 2 4 4 4 5 5 9 9 9 10 11 11 18 18 14 9 9 10 
82 82 39 28 28 21 17 17 15 15 11 6 6 2 1 1 1 1 1 1 1 2 3 3 4 4 5 5 5 5 6 6 10 10 10 10 10 15 15 15 14 14 14 7 7 10 
85 85 37 18 18 17 12 12 11 11 6 3 3 1 1 1 1 1 2 2 2 2 4 4 6 6 8 9 9 11 11 11 12 12 11 11 11 10 11 11 13 13 9 18 18 6 
85 85 37 18 18 17 12 12 11 11 6 3 3 1 1 1 1 1 2 2 2 2 4 4 6 6 8 9 9 11 11 11 12 12 11 11 11 10 11 11 13 13 9 18 18 6 
23 23 16 9 9 8 6 6 5 5 3 1 1 1 1 1 2 2 2 3 3 4 6 6 6 6 8 13 13 14 17 17 21 21 16 13 13 12 13 13 15 15 12 14 14 10 
23 23 16 9 9 8 6 6 5 5 3 1 1 1 1 1 2 2 2 3 3 4 6 6 6 6 8 13 13 14 17 17 21 21 16 13 13 12 13 13 15 15 12 14 14 10 
16 16 14 6 6 4 3 3 3 3 2 2 2 1 3 3 2 2 3 4 4 6 6 6 10 10 12 14 14 17 20 20 21 21 21 18 18 17 13 13 15 15 19 17 17 10 
18 18 15 5 5 2 2 2 2 2 2 2 2 3 4 4 3 3 3 5 5 6 7 7 12 12 14 17 17 19 19 19 22 22 24 26 26 25 15 15 17 17 16 17 17 10 
18 18 15 5 5 2 2 2 2 2 2 2 2 3 4 4 3 3 3 5 5 6 7 7 12 12 14 17 17 19 19 19 22 22 24 26 26 25 15 15 17 17 16 17 17 10 
16 16 13 5 5 2 2 2 2 2 1 1 1 4 4 4 5 5 6 6 6 7 10 10 13 13 15 18 18 20 20 20 20 20 28 26 26 21 26 26 20 20 17 19 19 18 
15 15 10 5 5 2 2 2 1 1 1 1 1 3 3 3 5 5 7 6 6 8 12 12 15 15 16 20 20 17 17 17 16 16 20 20 20 18 25 25 20 20 17 16 16 19 
15 15 10 5 5 2 2 2 1 1 1 1 1 3 3 3 5 5 7 6 6 8 12 12 15 15 16 20 20 17 17 17 16 16 20 20 20 18 25 25 20 20 17 16 16 19 
15 15 8 4 4 1 1 1 1 1 1 1 1 2 3 3 6 6 7 9 9 11 13 13 15 15 19 23 23 23 22 22 18 18 13 15 15 14 17 17 19 19 20 19 19 22 
15 15 8 4 4 1 1 1 1 1 1 1 1 2 3 3 6 6 7 9 9 11 13 13 15 15 19 23 23 23 22 22 18 18 13 15 15 14 17 17 19 19 20 19 19 22 
19 19 14 12 12 3 3 3 1 1 1 1 1 2 3 3 4 4 8 10 10 13 15 15 19 19 21 22 22 25 25 25 19 19 18 20 20 21 23 23 21 21 16 17 17 21 
18 18 14 12 12 4 11 11 5 5 2 3 3 3 3 3 4 4 5 10 10 14 20 20 22 22 22 24 24 31 32 32 30 30 25 23 23 24 25 25 25 25 22 18 18 20 
18 18 14 12 12 4 11 11 5 5 2 3 3 3 3 3 4 4 5 10 10 14 20 20 22 22 22 24 24 31 32 32 30 30 25 23 23 24 25 25 25 25 22 18 18 20 
27 27 28 46 46 43 17 17 17 17 4 3 3 3 5 5 8 8 10 13 13 16 19 19 25 25 27 36 36 30 30 30 33 33 29 30 30 37 36 36 35 35 27 16 16 15 
42 42 28 47 47 48 26 26 29 29 18 13 13 9 9 9 10 10 13 17 17 15 18 18 20 20 25 38 38 33 30 30 29 29 32 38 38 37 44 44 43 43 33 25 25 25 
42 42 28 47 47 48 26 26 29 29 18 13 13 9 9 9 10 10 13 17 17 15 18 18 20 20 25 38 38 33 30 30 29 29 32 38 38 37 44 44 43 43 33 25 25 25 
41 41 45 53 53 53 24 24 25 25 22 17 17 17 16 16 17 17 14 16 16 15 17 17 19 19 22 30 30 26 31 31 24 24 34 38 38 46 44 44 45 45 41 36 36 42 
41 41 45 53 53 53 24 24 25 25 22 17 17 17 16 16 17 17 14 16 16 15 17 17 19 19 22 30 30 26 31 31 24 24 34 38 38 46 44 44 45 45 41 36 36 42 
15 15 39 18 18 21 28 28 25 25 24 24 24 23 19 19 17 17 14 16 16 17 17 17 18 18 19 27 27 31 32 32 26 26 33 44 44 48 45 45 45 45 44 36 36 49 
20 20 17 19 19 17 19 19 44 44 48 53 53 23 20 20 21 21 18 18 18 18 17 17 17 17 18 24 24 29 25 25 27 27 28 33 33 53 53 53 56 56 52 68 68 62 
20 20 17 19 19 17 19 19 44 44 48 53 53 23 20 20 21 21 18 18 18 18 17 17 17 17 18 24 24 29 25 25 27 27 28 33 33 53 53 53 56 56 52 68 68 62 
24 24 18 14 14 14 16 16 43 43 44 49 49 22 20 20 20 20 21 20 20 19 16 16 15 15 19 20 20 25 26 26 28 28 29 33 33 49 58 58 64 64 72 87 87 73 
51 51 20 15 15 12 12 12 43 43 89 108 108 54 23 23 22 22 22 17 17 19 18 18 16 16 16 19 19 23 23 23 25 25 27 31 31 36 45 45 55 55 66 74 74 56 
