assets/RAT_results_old/precipitation/2024-04-03_IMERG.asc
ncols        46
nrows        77
xllcorner    74.800261325624
yllcorner    8.058333333333
cellsize     0.062500000000
NODATA_value -9999
0 0 0 0 0 0 0 0 0 0 0 0 0 0 0 0 0 0 0 0 0 0 0 0 0 0 0 0 0 0 0 0 0 0 0 0 0 0 0 0 0 0 0 0 0 0 
0 0 0 0 0 0 0 0 0 0 0 0 0 0 0 0 0 0 0 0 0 0 0 0 0 0 0 0 0 0 0 0 0 0 0 0 0 0 0 0 0 0 0 0 0 0 
0 0 0 0 0 0 0 0 0 0 0 0 0 0 0 0 0 0 0 0 0 0 0 0 0 0 0 0 0 0 0 0 0 0 0 0 0 0 0 0 0 0 0 0 0 0 
0 0 0 0 0 0 0 0 0 0 0 0 0 0 0 0 0 0 0 0 0 0 0 0 0 0 0 0 0 0 0 0 0 0 0 0 0 0 0 0 0 0 0 0 0 0 
1 1 0 0 0 0 0 0 0 0 0 0 0 0 0 0 0 0 0 0 0 0 0 0 0 0 0 0 0 0 0 0 0 0 0 0 0 0 0 0 0 0 0 0 0 0 
1 1 0 0 0 0 0 0 0 0 0 0 0 0 0 0 0 0 0 0 0 0 0 0 0 0 0 0 0 0 0 0 0 0 0 0 0 0 0 0 0 0 0 0 0 0 
0 0 0 0 0 0 0 0 0 0 0 0 0 0 0 0 0 0 0 0 0 0 0 0 0 0 0 0 0 0 0 0 0 0 0 0 0 0 0 0 0 0 0 0 0 0 
0 0 0 0 0 0 0 0 0 0 0 0 0 0 0 0 0 0 0 0 0 0 0 0 0 0 0 0 0 0 0 0 0 0 0 0 0 0 0 0 0 0 0 0 0 0 
0 0 0 0 0 0 0 0 0 0 0 0 0 0 0 0 0 0 0 0 0 0 0 0 0 0 0 0 0 0 0 0 0 0 0 0 0 0 0 0 0 0 0 0 0 0 
0 0 0 2 2 0 0 0 0 0 0 0 0 0 0 0 0 0 0 0 0 0 0 0 0 0 0 0 0 0 0 0 0 0 0 0 0 0 0 0 0 0 0 0 0 0 
0 0 0 2 2 0 0 0 0 0 0 0 0 0 0 0 0 0 0 0 0 0 0 0 0 0 0 0 0 0 0 0 0 0 0 0 0 0 0 0 0 0 0 0 0 0 
0 0 0 0 0 0 0 0 0 0 0 0 0 0 0 0 0 0 0 0 0 0 0 0 0 0 0 0 0 0 0 0 0 0 0 0 0 0 0 0 0 0 0 0 0 0 
0 0 0 0 0 0 0 0 0 0 0 0 0 0 0 0 0 0 0 0 0 0 0 0 0 0 0 0 0 0 0 0 0 0 0 0 0 0 0 0 0 0 0 0 0 0 
0 0 0 0 0 0 0 0 0 0 0 0 0 0 0 0 0 0 0 0 0 0 0 0 0 0 0 0 0 0 0 0 0 0 0 0 0 0 0 0 0 0 0 0 0 0 
1 1 0 1 1 0 2 2 0 0 0 0 0 0 0 0 0 0 0 0 0 0 0 0 0 0 0 0 0 0 0 0 0 0 0 0 0 0 0 0 0 0 0 0 0 0 
1 1 0 1 1 0 2 2 0 0 0 0 0 0 0 0 0 0 0 0 0 0 0 0 0 0 0 0 0 0 0 0 0 0 0 0 0 0 0 0 0 0 0 0 0 0 
0 0 1 0 0 0 2 2 2 2 0 0 0 0 0 0 0 0 0 0 0 0 0 0 0 0 0 0 0 0 0 0 0 0 0 0 0 0 0 0 0 0 0 0 0 0 
1 1 1 1 1 1 0 0 0 0 0 0 0 0 0 0 0 0 0 0 0 0 0 0 0 0 0 0 0 0 0 0 0 0 0 0 0 0 0 0 0 0 0 0 0 0 
1 1 1 1 1 1 0 0 0 0 0 0 0 0 0 0 0 0 0 0 0 0 0 0 0 0 0 0 0 0 0 0 0 0 0 0 0 0 0 0 0 0 0 0 0 0 
1 1 1 1 1 1 0 0 1 1 1 0 0 0 0 0 0 0 0 0 0 0 0 0 0 0 0 0 0 0 0 0 0 0 0 0 0 0 0 0 0 0 0 0 0 0 
1 1 1 1 1 1 1 1 1 1 0 0 0 0 0 0 0 0 0 0 0 0 0 0 0 0 0 0 0 0 0 0 0 0 0 0 0 0 0 0 0 0 0 0 0 0 
1 1 1 1 1 1 1 1 1 1 0 0 0 0 0 0 0 0 0 0 0 0 0 0 0 0 0 0 0 0 0 0 0 0 0 0 0 0 0 0 0 0 0 0 0 0 
1 1 1 1 1 1 1 1 1 1 0 0 0 0 0 0 0 0 0 0 0 0 0 0 0 0 0 0 0 0 0 0 0 0 0 0 0 0 0 0 0 0 0 0 0 0 
1 1 1 1 1 1 1 1 1 1 0 0 0 0 0 0 0 0 0 0 0 0 0 0 0 0 0 0 0 0 0 0 0 0 0 0 0 0 0 0 0 0 0 0 0 0 
1 1 1 1 1 1 1 1 1 1 1 0 0 0 0 0 0 0 0 0 0 0 0 0 0 0 0 0 0 0 0 0 0 0 0 0 0 0 0 0 0 0 0 0 0 0 
1 1 1 1 1 1 1 1 1 1 1 1 1 0 0 0 0 0 0 0 0 0 0 0 0 0 0 0 0 0 0 0 0 0 0 0 0 0 0 0 0 0 0 0 0 0 
1 1 1 1 1 1 1 1 1 1 1 1 1 0 0 0 0 0 0 0 0 0 0 0 0 0 0 0 0 0 0 0 0 0 0 0 0 0 0 0 0 0 0 0 0 0 
1 1 1 1 1 1 1 1 1 1 1 1 1 1 0 0 0 0 0 0 0 0 0 0 0 0 0 0 0 0 0 0 0 0 0 0 0 0 0 0 0 0 0 0 0 0 
1 1 1 1 1 1 1 1 1 1 1 1 1 1 0 0 0 0 0 0 0 0 0 0 0 0 0 0 0 0 0 0 0 0 0 0 0 0 0 0 0 0 0 0 0 0 
1 1 1 1 1 1 1 1 1 1 1 1 1 1 0 0 0 0 0 0 0 0 0 0 0 0 0 0 0 0 0 0 0 0 0 0 0 0 0 0 0 0 0 0 0 0 
1 1 1 1 1 1 1 1 1 1 1 1 1 1 0 0 0 0 0 0 0 0 0 0 0 0 0 0 0 0 0 0 0 0 0 0 0 0 0 0 0 0 0 0 0 0 
1 1 1 1 1 1 1 1 1 1 1 1 1 1 0 0 0 0 0 0 0 0 0 0 0 0 0 0 0 0 0 0 0 0 0 0 0 0 0 0 0 0 0 0 0 0 
1 1 1 1 1 1 1 1 1 1 1 1 1 1 0 0 0 0 0 0 0 0 0 0 0 0 0 0 0 0 0 0 0 0 0 0 0 0 0 0 0 0 0 0 0 0 
1 1 1 1 1 1 1 1 1 1 1 1 1 1 0 0 0 0 0 0 0 0 0 0 0 0 0 0 0 0 0 0 0 0 0 0 0 0 0 0 0 0 0 0 0 0 
1 1 1 1 1 1 1 1 1 1 1 1 1 1 0 0 0 0 0 0 0 0 0 0 0 0 0 0 0 0 0 0 0 0 0 0 0 0 0 0 0 0 0 0 0 0 
1 1 1 1 1 1 0 0 1 1 1 2 2 2 2 2 1 1 1 1 1 0 0 0 0 0 0 0 0 0 0 0 0 0 0 0 0 0 0 0 0 0 0 0 0 0 
1 1 1 1 1 1 1 1 1 1 5 7 7 5 3 3 2 2 4 2 2 1 0 0 0 0 0 0 0 0 0 0 1 1 1 0 0 0 0 0 0 0 0 0 0 0 
1 1 1 1 1 1 1 1 1 1 5 7 7 5 3 3 2 2 4 2 2 1 0 0 0 0 0 0 0 0 0 0 1 1 1 0 0 0 0 0 0 0 0 0 0 0 
2 2 4 3 3 2 1 1 3 3 15 22 22 12 5 5 3 3 6 4 4 2 0 0 0 0 0 0 0 1 2 2 4 4 3 2 2 1 1 1 0 0 0 0 0 0 
2 2 4 3 3 2 1 1 3 3 15 22 22 12 5 5 3 3 6 4 4 2 0 0 0 0 0 0 0 1 2 2 4 4 3 2 2 1 1 1 0 0 0 0 0 0 
5 5 9 9 9 7 3 3 2 2 7 13 13 8 5 5 2 2 2 3 3 1 0 0 0 0 0 1 1 5 10 10 15 15 13 8 8 5 2 2 1 1 0 0 0 0 
7 7 13 19 19 16 8 8 3 3 3 4 4 4 2 2 2 2 2 4 4 1 0 0 0 0 0 4 4 19 34 34 37 37 31 19 19 12 7 7 3 3 1 0 0 0 
7 7 13 19 19 16 8 8 3 3 3 4 4 4 2 2 2 2 2 4 4 1 0 0 0 0 0 4 4 19 34 34 37 37 31 19 19 12 7 7 3 3 1 0 0 0 
5 5 13 21 21 15 7 7 3 3 2 2 2 2 2 2 2 2 2 1 1 0 0 0 0 0 1 7 7 31 50 50 61 61 48 33 33 22 12 12 6 6 2 0 0 0 
2 2 7 12 12 9 5 5 3 3 2 2 2 1 2 2 1 1 2 1 1 1 0 0 0 0 0 3 3 18 37 37 55 55 48 38 38 27 13 13 7 7 3 1 1 0 
2 2 7 12 12 9 5 5 3 3 2 2 2 1 2 2 1 1 2 1 1 1 0 0 0 0 0 3 3 18 37 37 55 55 48 38 38 27 13 13 7 7 3 1 1 0 
1 1 2 4 4 4 3 3 2 2 1 1 1 1 1 1 1 1 1 1 1 1 0 0 0 0 0 0 0 4 19 19 35 35 37 30 30 19 10 10 6 6 2 1 1 0 
1 1 2 4 4 4 3 3 2 2 1 1 1 1 1 1 1 1 1 1 1 1 0 0 0 0 0 0 0 4 19 19 35 35 37 30 30 19 10 10 6 6 2 1 1 0 
1 1 1 1 1 2 2 2 1 1 1 1 1 1 1 1 1 1 2 1 1 1 0 0 0 0 0 0 0 3 14 14 26 26 30 26 26 17 9 9 5 5 2 1 1 0 
0 0 0 1 1 1 1 1 1 1 1 1 1 1 1 1 1 1 2 1 1 1 0 0 0 0 0 0 0 2 11 11 17 17 18 17 17 13 7 7 4 4 1 0 0 0 
0 0 0 1 1 1 1 1 1 1 1 1 1 1 1 1 1 1 2 1 1 1 0 0 0 0 0 0 0 2 11 11 17 17 18 17 17 13 7 7 4 4 1 0 0 0 
1 1 1 1 1 1 1 1 1 1 1 1 1 1 1 1 1 1 1 1 1 1 0 0 0 0 0 0 0 2 7 7 11 11 10 10 10 9 6 6 3 3 1 0 0 0 
1 1 1 1 1 1 1 1 1 1 1 1 1 1 1 1 1 1 1 1 1 1 1 1 0 0 0 0 0 2 8 8 12 12 15 13 13 11 7 7 5 5 1 0 0 0 
1 1 1 1 1 1 1 1 1 1 1 1 1 1 1 1 1 1 1 1 1 1 1 1 0 0 0 0 0 2 8 8 12 12 15 13 13 11 7 7 5 5 1 0 0 0 
1 1 1 2 2 1 1 1 1 1 1 1 1 1 1 1 1 1 1 1 1 0 1 1 0 0 0 1 1 6 12 12 16 16 18 16 16 11 8 8 6 6 3 1 1 0 
1 1 1 2 2 1 1 1 1 1 1 1 1 1 1 1 1 1 1 1 1 0 1 1 0 0 0 1 1 6 12 12 16 16 18 16 16 11 8 8 6 6 3 1 1 0 
1 1 2 3 3 2 1 1 1 1 1 1 1 1 1 1 1 1 1 1 1 1 0 0 0 0 0 2 2 12 25 25 34 34 35 25 25 14 8 8 5 5 3 1 1 0 
4 4 3 3 3 2 2 2 1 1 1 1 1 1 1 1 1 1 1 1 1 1 1 1 0 0 0 2 2 12 28 28 44 44 50 43 43 25 12 12 7 7 3 1 1 0 
4 4 3 3 3 2 2 2 1 1 1 1 1 1 1 1 1 1 1 1 1 1 1 1 0 0 0 2 2 12 28 28 44 44 50 43 43 25 12 12 7 7 3 1 1 0 
7 7 6 5 5 3 2 2 1 1 1 2 2 2 1 1 1 1 1 1 1 1 1 1 0 0 0 1 1 6 20 20 42 42 51 40 40 23 14 14 9 9 4 1 1 0 
10 10 11 8 8 6 3 3 2 2 2 6 6 7 3 3 2 2 2 2 2 1 1 1 0 0 0 0 0 2 10 10 22 22 27 22 22 16 13 13 9 9 4 2 2 0 
10 10 11 8 8 6 3 3 2 2 2 6 6 7 3 3 2 2 2 2 2 1 1 1 0 0 0 0 0 2 10 10 22 22 27 22 22 16 13 13 9 9 4 2 2 0 
15 15 20 13 13 8 4 4 3 3 4 8 8 12 5 5 2 2 4 4 4 2 1 1 1 1 1 0 0 0 3 3 8 8 12 12 12 10 8 8 6 6 4 2 2 1 
15 15 20 13 13 8 4 4 3 3 4 8 8 12 5 5 2 2 4 4 4 2 1 1 1 1 1 0 0 0 3 3 8 8 12 12 12 10 8 8 6 6 4 2 2 1 
16 16 22 13 13 10 8 8 5 5 6 7 7 7 3 3 3 3 4 4 4 3 1 1 1 1 0 1 1 0 1 1 3 3 10 13 13 10 6 6 3 3 2 1 1 0 
12 12 15 11 11 12 13 13 12 12 11 9 9 7 4 4 2 2 2 2 2 6 2 2 2 2 1 1 1 0 0 0 3 3 13 19 19 15 8 8 4 4 1 1 1 0 
12 12 15 11 11 12 13 13 12 12 11 9 9 7 4 4 2 2 2 2 2 6 2 2 2 2 1 1 1 0 0 0 3 3 13 19 19 15 8 8 4 4 1 1 1 0 
9 9 11 11 11 14 23 23 21 21 15 14 14 12 7 7 3 3 1 1 1 6 1 1 2 2 3 1 1 1 1 1 4 4 16 29 29 26 14 14 7 7 2 1 1 0 
7 7 8 8 8 11 17 17 22 22 20 23 23 21 15 15 9 9 7 2 2 1 2 2 5 5 5 3 3 2 3 3 4 4 10 25 25 27 18 18 9 9 3 1 1 0 
7 7 8 8 8 11 17 17 22 22 20 23 23 21 15 15 9 9 7 2 2 1 2 2 5 5 5 3 3 2 3 3 4 4 10 25 25 27 18 18 9 9 3 1 1 0 
4 4 5 5 5 6 8 8 12 12 18 20 20 24 19 19 12 12 9 6 6 6 5 5 7 7 9 8 8 81 79 79 35 35 3 9 9 18 15 15 9 9 3 1 1 0 
4 4 5 5 5 6 8 8 12 12 18 20 20 24 19 19 12 12 9 6 6 6 5 5 7 7 9 8 8 81 79 79 35 35 3 9 9 18 15 15 9 9 3 1 1 0 
4 4 4 4 4 3 3 3 5 5 9 12 12 20 19 19 14 14 13 11 11 8 10 10 9 9 61 63 63 81 79 79 35 35 4 3 3 5 5 5 4 4 2 1 1 1 
2 2 2 3 3 2 2 2 3 3 4 5 5 7 9 9 17 17 23 12 12 8 9 9 11 11 74 121 121 39 39 39 6 6 3 3 3 1 1 1 1 1 1 0 0 0 
2 2 2 3 3 2 2 2 3 3 4 5 5 7 9 9 17 17 23 12 12 8 9 9 11 11 74 121 121 39 39 39 6 6 3 3 3 1 1 1 1 1 1 0 0 0 
2 2 2 2 2 1 1 1 2 2 2 3 3 4 5 5 4 4 14 5 5 4 5 5 66 66 69 117 117 4 4 4 4 4 2 3 3 2 0 0 0 0 0 0 0 0 
1 1 2 2 2 2 2 2 2 2 2 2 2 3 3 3 3 3 3 3 3 4 4 4 4 4 5 6 6 3 2 2 2 2 1 1 1 0 0 0 0 0 0 0 0 0 
