assets/RAT_results_old/precipitation/2024-06-26_IMERG.asc
ncols        46
nrows        77
xllcorner    74.800261325624
yllcorner    8.058333333333
cellsize     0.062500000000
NODATA_value -9999
144 144 132 130 130 132 98 98 115 115 119 97 97 88 72 72 41 41 26 23 23 10 7 7 5 5 3 4 4 9 10 10 6 6 8 9 9 10 7 7 8 8 5 1 1 1 
89 89 80 76 76 90 53 53 66 66 65 75 75 75 66 66 41 41 21 10 10 8 7 7 4 4 3 5 5 6 7 7 6 6 7 11 11 11 7 7 5 5 3 2 2 2 
89 89 80 76 76 90 53 53 66 66 65 75 75 75 66 66 41 41 21 10 10 8 7 7 4 4 3 5 5 6 7 7 6 6 7 11 11 11 7 7 5 5 3 2 2 2 
95 95 56 58 58 52 40 40 57 57 54 63 63 61 55 55 48 48 23 8 8 9 9 9 6 6 6 7 7 7 5 5 6 6 5 4 4 7 5 5 8 8 6 8 8 9 
51 51 72 66 66 59 80 80 88 88 76 68 68 41 36 36 37 37 29 16 16 18 16 16 10 10 7 6 6 8 6 6 4 4 8 8 8 8 8 8 10 10 10 13 13 10 
51 51 72 66 66 59 80 80 88 88 76 68 68 41 36 36 37 37 29 16 16 18 16 16 10 10 7 6 6 8 6 6 4 4 8 8 8 8 8 8 10 10 10 13 13 10 
49 49 76 77 77 89 95 95 103 103 87 77 77 64 60 60 45 45 51 26 26 27 21 21 16 16 9 9 9 10 9 9 9 9 4 9 9 8 7 7 6 6 7 10 10 10 
49 49 76 77 77 89 95 95 103 103 87 77 77 64 60 60 45 45 51 26 26 27 21 21 16 16 9 9 9 10 9 9 9 9 4 9 9 8 7 7 6 6 7 10 10 10 
55 55 62 80 80 102 112 112 111 111 111 123 123 152 131 131 71 71 55 35 35 35 37 37 37 37 21 18 18 12 11 11 10 10 11 9 9 6 6 6 4 4 3 3 3 10 
48 48 45 76 76 80 125 125 101 101 77 131 131 157 166 166 139 139 133 106 106 50 48 48 55 55 34 27 27 28 25 25 17 17 9 8 8 5 3 3 1 1 1 1 1 2 
48 48 45 76 76 80 125 125 101 101 77 131 131 157 166 166 139 139 133 106 106 50 48 48 55 55 34 27 27 28 25 25 17 17 9 8 8 5 3 3 1 1 1 1 1 2 
35 35 54 69 69 85 83 83 76 76 82 125 125 151 159 159 160 160 139 125 125 61 58 58 56 56 54 31 31 20 16 16 13 13 9 14 14 13 18 18 12 12 14 2 2 7 
32 32 48 38 38 66 62 62 66 66 84 128 128 132 139 139 142 142 135 115 115 70 51 51 51 51 54 51 51 27 12 12 7 7 2 5 5 22 32 32 3 3 1 3 3 5 
32 32 48 38 38 66 62 62 66 66 84 128 128 132 139 139 142 142 135 115 115 70 51 51 51 51 54 51 51 27 12 12 7 7 2 5 5 22 32 32 3 3 1 3 3 5 
44 44 30 24 24 33 57 57 66 66 70 112 112 100 93 93 82 82 91 99 99 67 66 66 49 49 51 35 35 27 13 13 8 8 3 11 11 26 33 33 17 17 3 1 1 1 
44 44 30 24 24 33 57 57 66 66 70 112 112 100 93 93 82 82 91 99 99 67 66 66 49 49 51 35 35 27 13 13 8 8 3 11 11 26 33 33 17 17 3 1 1 1 
30 30 35 30 30 30 47 47 87 87 75 117 117 111 92 92 90 90 80 66 66 65 48 48 47 47 48 57 57 52 24 24 7 7 9 16 16 39 32 32 17 17 4 1 1 1 
22 22 43 41 41 34 49 49 84 84 105 88 88 107 92 92 96 96 88 85 85 63 70 70 57 57 54 77 77 63 50 50 19 19 19 23 23 26 20 20 14 14 7 6 6 1 
22 22 43 41 41 34 49 49 84 84 105 88 88 107 92 92 96 96 88 85 85 63 70 70 57 57 54 77 77 63 50 50 19 19 19 23 23 26 20 20 14 14 7 6 6 1 
13 13 14 36 36 52 50 50 50 50 80 88 88 84 95 95 91 91 95 94 94 90 71 71 84 84 97 82 82 52 38 38 29 29 27 21 21 17 16 16 14 14 5 2 2 1 
14 14 31 37 37 53 62 62 51 51 54 77 77 65 81 81 75 75 92 96 96 97 111 111 102 102 99 78 78 44 43 43 36 36 32 21 21 2 2 2 7 7 2 5 5 1 
14 14 31 37 37 53 62 62 51 51 54 77 77 65 81 81 75 75 92 96 96 97 111 111 102 102 99 78 78 44 43 43 36 36 32 21 21 2 2 2 7 7 2 5 5 1 
15 15 15 23 23 29 27 27 38 38 45 58 58 63 60 60 68 68 67 70 70 77 113 113 96 96 79 79 79 62 67 67 62 62 15 1 1 1 1 1 4 4 6 4 4 3 
15 15 15 23 23 29 27 27 38 38 45 58 58 63 60 60 68 68 67 70 70 77 113 113 96 96 79 79 79 62 67 67 62 62 15 1 1 1 1 1 4 4 6 4 4 3 
19 19 20 23 23 28 29 29 33 33 28 28 28 54 47 47 52 52 69 54 54 82 108 108 107 107 113 123 123 73 74 74 51 51 23 2 2 0 1 1 5 5 4 0 0 0 
16 16 18 20 20 23 18 18 22 22 24 26 26 33 56 56 67 67 65 72 72 85 111 111 114 114 120 162 162 90 103 103 72 72 38 18 18 0 1 1 1 1 0 0 0 0 
16 16 18 20 20 23 18 18 22 22 24 26 26 33 56 56 67 67 65 72 72 85 111 111 114 114 120 162 162 90 103 103 72 72 38 18 18 0 1 1 1 1 0 0 0 0 
18 18 17 20 20 17 15 15 15 15 20 23 23 36 60 60 67 67 65 84 84 66 86 86 108 108 85 143 143 145 103 103 83 83 69 10 10 3 1 1 3 3 1 2 2 2 
16 16 15 14 14 16 10 10 11 11 17 20 20 26 36 36 45 45 46 51 51 73 65 65 75 75 71 81 81 117 127 127 114 114 63 21 21 8 4 4 5 5 1 3 3 3 
16 16 15 14 14 16 10 10 11 11 17 20 20 26 36 36 45 45 46 51 51 73 65 65 75 75 71 81 81 117 127 127 114 114 63 21 21 8 4 4 5 5 1 3 3 3 
12 12 13 11 11 11 12 12 10 10 17 17 17 23 30 30 47 47 50 50 50 50 64 64 53 53 65 81 81 67 47 47 55 55 35 16 16 9 5 5 5 5 5 9 9 8 
12 12 13 11 11 11 12 12 10 10 17 17 17 23 30 30 47 47 50 50 50 50 64 64 53 53 65 81 81 67 47 47 55 55 35 16 16 9 5 5 5 5 5 9 9 8 
12 12 12 11 11 10 14 14 14 14 16 23 23 24 29 29 43 43 49 49 49 50 61 61 60 60 59 50 50 57 54 54 42 42 31 25 25 28 23 23 27 27 16 15 15 4 
21 21 31 21 21 13 15 15 16 16 17 21 21 27 30 30 43 43 47 67 67 77 78 78 62 62 63 60 60 54 48 48 42 42 32 28 28 31 25 25 18 18 19 11 11 4 
21 21 31 21 21 13 15 15 16 16 17 21 21 27 30 30 43 43 47 67 67 77 78 78 62 62 63 60 60 54 48 48 42 42 32 28 28 31 25 25 18 18 19 11 11 4 
28 28 32 25 25 15 17 17 16 16 18 23 23 30 38 38 43 43 64 69 69 64 64 64 59 59 63 61 61 54 48 48 42 42 35 29 29 31 28 28 23 23 16 13 13 10 
45 45 49 33 33 16 22 22 20 20 21 21 21 27 36 36 48 48 53 77 77 69 61 61 59 59 56 56 56 54 54 54 47 47 48 38 38 35 27 27 21 21 15 11 11 7 
45 45 49 33 33 16 22 22 20 20 21 21 21 27 36 36 48 48 53 77 77 69 61 61 59 59 56 56 56 54 54 54 47 47 48 38 38 35 27 27 21 21 15 11 11 7 
50 50 42 34 34 19 24 24 17 17 17 18 18 19 29 29 34 34 48 58 58 78 71 71 51 51 56 53 53 49 49 49 48 48 60 56 56 46 29 29 20 20 15 9 9 4 
50 50 42 34 34 19 24 24 17 17 17 18 18 19 29 29 34 34 48 58 58 78 71 71 51 51 56 53 53 49 49 49 48 48 60 56 56 46 29 29 20 20 15 9 9 4 
42 42 42 32 32 20 20 20 18 18 17 17 17 20 26 26 33 33 39 60 60 77 71 71 72 72 54 51 51 48 51 51 45 45 49 47 47 45 27 27 20 20 14 7 7 6 
29 29 37 25 25 20 21 21 16 16 19 24 24 27 31 31 35 35 51 61 61 82 70 70 67 67 62 70 70 55 50 50 45 45 43 46 46 41 39 39 28 28 17 8 8 5 
29 29 37 25 25 20 21 21 16 16 19 24 24 27 31 31 35 35 51 61 61 82 70 70 67 67 62 70 70 55 50 50 45 45 43 46 46 41 39 39 28 28 17 8 8 5 
25 25 33 24 24 21 18 18 17 17 21 29 29 34 35 35 51 51 60 59 59 74 76 76 72 72 70 74 74 77 60 60 61 61 59 54 54 47 43 43 33 33 23 13 13 8 
25 25 32 29 29 26 20 20 19 19 23 39 39 37 47 47 51 51 55 62 62 75 84 84 83 83 99 92 92 84 70 70 70 70 75 77 77 64 55 55 47 47 28 18 18 13 
25 25 32 29 29 26 20 20 19 19 23 39 39 37 47 47 51 51 55 62 62 75 84 84 83 83 99 92 92 84 70 70 70 70 75 77 77 64 55 55 47 47 28 18 18 13 
21 21 23 37 37 31 18 18 26 26 28 39 39 56 55 55 57 57 61 65 65 65 109 109 98 98 110 85 85 80 70 70 71 71 85 91 91 85 77 77 67 67 51 38 38 26 
21 21 23 37 37 31 18 18 26 26 28 39 39 56 55 55 57 57 61 65 65 65 109 109 98 98 110 85 85 80 70 70 71 71 85 91 91 85 77 77 67 67 51 38 38 26 
20 20 24 30 30 28 25 25 25 25 31 40 40 51 60 60 51 51 59 75 75 74 114 114 105 105 122 86 86 88 70 70 72 72 96 117 117 131 99 99 79 79 62 43 43 26 
24 24 29 32 32 29 26 26 25 25 33 41 41 46 53 53 68 68 59 70 70 64 94 94 85 85 88 86 86 83 79 79 81 81 91 100 100 120 100 100 85 85 68 45 45 33 
24 24 29 32 32 29 26 26 25 25 33 41 41 46 53 53 68 68 59 70 70 64 94 94 85 85 88 86 86 83 79 79 81 81 91 100 100 120 100 100 85 85 68 45 45 33 
29 29 29 30 30 31 26 26 28 28 30 38 38 45 61 61 68 68 61 62 62 63 82 82 82 82 82 85 85 79 74 74 78 78 78 88 88 99 99 99 90 90 71 44 44 28 
20 20 29 26 26 25 23 23 23 23 30 37 37 49 49 49 77 77 72 69 69 61 69 69 78 78 72 80 80 79 68 68 62 62 67 75 75 77 81 81 75 75 64 43 43 35 
20 20 29 26 26 25 23 23 23 23 30 37 37 49 49 49 77 77 72 69 69 61 69 69 78 78 72 80 80 79 68 68 62 62 67 75 75 77 81 81 75 75 64 43 43 35 
14 14 19 20 20 16 17 17 18 18 23 28 28 35 37 37 45 45 48 49 49 46 53 53 71 71 87 63 63 54 58 58 53 53 62 61 61 63 61 61 62 62 42 29 29 28 
14 14 19 20 20 16 17 17 18 18 23 28 28 35 37 37 45 45 48 49 49 46 53 53 71 71 87 63 63 54 58 58 53 53 62 61 61 63 61 61 62 62 42 29 29 28 
13 13 12 15 15 12 13 13 15 15 16 21 21 24 34 34 32 32 35 35 35 37 42 42 68 68 70 63 63 58 53 53 52 52 53 50 50 57 58 58 65 65 48 32 32 28 
9 9 9 11 11 8 9 9 9 9 11 18 18 24 29 29 26 26 27 31 31 36 45 45 65 65 64 89 89 107 132 132 57 57 56 58 58 54 57 57 61 61 44 30 30 25 
9 9 9 11 11 8 9 9 9 9 11 18 18 24 29 29 26 26 27 31 31 36 45 45 65 65 64 89 89 107 132 132 57 57 56 58 58 54 57 57 61 61 44 30 30 25 
7 7 8 8 8 8 9 9 10 10 14 21 21 28 31 31 22 22 19 22 22 30 34 34 36 36 59 63 63 65 57 57 57 57 75 74 74 59 64 64 63 63 43 31 31 24 
6 6 7 6 6 9 8 8 16 16 13 22 22 22 30 30 20 20 18 20 20 21 20 20 18 18 34 47 47 49 38 38 47 47 49 53 53 51 56 56 46 46 38 26 26 21 
6 6 7 6 6 9 8 8 16 16 13 22 22 22 30 30 20 20 18 20 20 21 20 20 18 18 34 47 47 49 38 38 47 47 49 53 53 51 56 56 46 46 38 26 26 21 
4 4 5 5 5 6 8 8 9 9 12 14 14 17 18 18 21 21 23 31 31 26 17 17 22 22 21 54 54 58 56 56 42 42 47 40 40 43 45 45 41 41 31 20 20 17 
4 4 5 5 5 6 8 8 9 9 12 14 14 17 18 18 21 21 23 31 31 26 17 17 22 22 21 54 54 58 56 56 42 42 47 40 40 43 45 45 41 41 31 20 20 17 
4 4 6 6 6 6 6 6 8 8 8 10 10 10 16 16 23 23 36 47 47 52 30 30 20 20 37 49 49 55 50 50 42 42 47 40 40 40 39 39 48 48 35 22 22 17 
13 13 9 10 10 8 7 7 8 8 12 11 11 14 19 19 23 23 30 49 49 42 50 50 35 35 44 46 46 53 54 54 43 43 48 37 37 41 34 34 56 56 38 28 28 24 
13 13 9 10 10 8 7 7 8 8 12 11 11 14 19 19 23 23 30 49 49 42 50 50 35 35 44 46 46 53 54 54 43 43 48 37 37 41 34 34 56 56 38 28 28 24 
14 14 11 16 16 11 9 9 8 8 14 10 10 17 19 19 13 13 16 24 24 25 28 28 39 39 39 40 40 48 43 43 37 37 37 37 37 34 37 37 40 40 42 33 33 33 
11 11 12 11 11 11 10 10 10 10 11 12 12 10 11 11 11 11 14 14 14 20 18 18 19 19 26 22 22 23 28 28 28 28 22 21 21 21 28 28 30 30 39 42 42 31 
11 11 12 11 11 11 10 10 10 10 11 12 12 10 11 11 11 11 14 14 14 20 18 18 19 19 26 22 22 23 28 28 28 28 22 21 21 21 28 28 30 30 39 42 42 31 
15 15 20 19 19 22 21 21 25 25 19 18 18 20 20 20 18 18 18 13 13 16 15 15 19 19 17 12 12 15 12 12 12 12 15 16 16 15 13 13 22 22 30 38 38 30 
15 15 20 19 19 22 21 21 25 25 19 18 18 20 20 20 18 18 18 13 13 16 15 15 19 19 17 12 12 15 12 12 12 12 15 16 16 15 13 13 22 22 30 38 38 30 
24 24 29 26 26 28 35 35 35 35 39 42 42 48 52 52 50 50 31 14 14 17 18 18 18 18 15 12 12 14 12 12 11 11 20 22 22 20 20 20 21 21 29 34 34 34 
25 25 24 28 28 26 33 33 33 33 40 38 38 40 52 52 47 47 37 24 24 27 26 26 22 22 19 15 15 11 14 14 14 14 14 15 15 24 23 23 30 30 29 29 29 33 
25 25 24 28 28 26 33 33 33 33 40 38 38 40 52 52 47 47 37 24 24 27 26 26 22 22 19 15 15 11 14 14 14 14 14 15 15 24 23 23 30 30 29 29 29 33 
21 21 25 26 26 27 31 31 35 35 38 43 43 41 40 40 49 49 47 30 30 34 33 33 36 36 33 38 38 33 35 35 27 27 20 17 17 28 35 35 35 35 35 25 25 26 
22 22 23 26 26 27 31 31 33 33 37 41 41 38 38 38 42 42 37 33 33 33 41 41 42 42 42 46 46 48 38 38 28 28 25 20 20 28 17 17 38 38 35 29 29 30 
