assets/RAT_results_old/precipitation/2024-07-25_IMERG.asc
ncols        46
nrows        77
xllcorner    74.800261325624
yllcorner    8.058333333333
cellsize     0.062500000000
NODATA_value -9999
27 27 38 43 43 45 37 37 34 34 74 70 70 87 77 77 72 72 68 26 26 12 10 10 6 6 2 4 4 1 1 1 1 1 1 1 1 1 2 2 3 3 4 5 5 4 
26 26 46 41 41 46 42 42 35 35 34 46 46 69 56 56 70 70 34 26 26 13 16 16 6 6 2 2 2 1 1 1 1 1 1 1 1 1 4 4 5 5 5 4 4 4 
26 26 46 41 41 46 42 42 35 35 34 46 46 69 56 56 70 70 34 26 26 13 16 16 6 6 2 2 2 1 1 1 1 1 1 1 1 1 4 4 5 5 5 4 4 4 
25 25 36 44 44 49 45 45 47 47 44 50 50 60 81 81 60 60 44 20 20 19 14 14 4 4 3 2 2 1 1 1 1 1 1 1 1 2 4 4 5 5 5 5 5 4 
14 14 28 52 52 105 92 92 79 79 97 92 92 81 61 61 29 29 16 19 19 7 4 4 3 3 6 4 4 2 2 2 1 1 1 2 2 5 4 4 5 5 5 5 5 4 
14 14 28 52 52 105 92 92 79 79 97 92 92 81 61 61 29 29 16 19 19 7 4 4 3 3 6 4 4 2 2 2 1 1 1 2 2 5 4 4 5 5 5 5 5 4 
6 6 13 71 71 98 61 61 64 64 68 69 69 57 37 37 27 27 23 17 17 10 8 8 3 3 2 5 5 3 2 2 1 1 2 2 2 6 4 4 3 3 3 3 3 4 
6 6 13 71 71 98 61 61 64 64 68 69 69 57 37 37 27 27 23 17 17 10 8 8 3 3 2 5 5 3 2 2 1 1 2 2 2 6 4 4 3 3 3 3 3 4 
8 8 11 38 38 59 57 57 63 63 84 93 93 78 49 49 37 37 29 20 20 11 13 13 9 9 7 4 4 4 2 2 1 1 2 4 4 4 4 4 3 3 3 2 2 3 
39 39 16 32 32 36 55 55 66 66 83 86 86 75 60 60 61 61 47 27 27 18 16 16 13 13 13 7 7 7 2 2 1 1 1 2 2 2 2 2 1 1 1 0 0 2 
39 39 16 32 32 36 55 55 66 66 83 86 86 75 60 60 61 61 47 27 27 18 16 16 13 13 13 7 7 7 2 2 1 1 1 2 2 2 2 2 1 1 1 0 0 2 
17 17 21 14 14 26 42 42 63 63 72 61 61 55 53 53 47 47 49 36 36 23 19 19 15 15 16 13 13 9 3 3 2 2 1 3 3 4 3 3 2 2 1 1 1 0 
8 8 10 12 12 28 37 37 51 51 47 52 52 47 45 45 39 39 36 36 36 34 37 37 33 33 23 17 17 10 4 4 3 3 2 5 5 10 10 10 9 9 4 2 2 0 
8 8 10 12 12 28 37 37 51 51 47 52 52 47 45 45 39 39 36 36 36 34 37 37 33 33 23 17 17 10 4 4 3 3 2 5 5 10 10 10 9 9 4 2 2 0 
7 7 9 12 12 12 26 26 28 28 30 58 58 33 29 29 28 28 32 40 40 42 37 37 42 42 32 20 20 11 7 7 4 4 4 8 8 12 14 14 9 9 8 2 2 1 
7 7 9 12 12 12 26 26 28 28 30 58 58 33 29 29 28 28 32 40 40 42 37 37 42 42 32 20 20 11 7 7 4 4 4 8 8 12 14 14 9 9 8 2 2 1 
8 8 6 8 8 12 21 21 25 25 25 36 36 32 36 36 33 33 40 46 46 45 47 47 42 42 33 21 21 11 8 8 9 9 9 8 8 11 9 9 11 11 7 5 5 1 
13 13 6 6 6 9 11 11 20 20 26 31 31 34 47 47 45 45 50 61 61 48 42 42 33 33 24 16 16 10 10 10 10 10 9 6 6 6 6 6 5 5 4 2 2 2 
13 13 6 6 6 9 11 11 20 20 26 31 31 34 47 47 45 45 50 61 61 48 42 42 33 33 24 16 16 10 10 10 10 10 9 6 6 6 6 6 5 5 4 2 2 2 
14 14 7 6 6 7 9 9 19 19 35 56 56 54 50 50 58 58 55 74 74 57 50 50 30 30 29 25 25 13 11 11 10 10 7 6 6 5 6 6 5 5 5 3 3 2 
8 8 7 7 7 12 15 15 23 23 33 54 54 72 89 89 81 81 72 68 68 67 47 47 37 37 35 36 36 23 10 10 6 6 4 5 5 5 5 5 5 5 4 3 3 2 
8 8 7 7 7 12 15 15 23 23 33 54 54 72 89 89 81 81 72 68 68 67 47 47 37 37 35 36 36 23 10 10 6 6 4 5 5 5 5 5 5 5 4 3 3 2 
7 7 8 9 9 18 23 23 28 28 40 58 58 70 63 63 60 60 72 81 81 74 40 40 42 42 29 32 32 21 9 9 7 7 2 4 4 3 3 3 3 3 2 1 1 1 
7 7 8 9 9 18 23 23 28 28 40 58 58 70 63 63 60 60 72 81 81 74 40 40 42 42 29 32 32 21 9 9 7 7 2 4 4 3 3 3 3 3 2 1 1 1 
7 7 10 12 12 19 22 22 29 29 38 35 35 53 44 44 47 47 51 63 63 62 32 32 32 32 25 21 21 12 6 6 7 7 3 2 2 2 2 2 1 1 2 1 1 1 
9 9 10 12 12 21 24 24 29 29 32 38 38 55 42 42 40 40 32 32 32 42 30 30 31 31 29 28 28 19 11 11 3 3 2 2 2 2 2 2 2 2 1 1 1 1 
9 9 10 12 12 21 24 24 29 29 32 38 38 55 42 42 40 40 32 32 32 42 30 30 31 31 29 28 28 19 11 11 3 3 2 2 2 2 2 2 2 2 1 1 1 1 
8 8 9 12 12 16 24 24 24 24 26 30 30 37 42 42 37 37 33 29 29 29 27 27 28 28 33 35 35 25 14 14 5 5 3 2 2 3 3 3 2 2 1 1 1 1 
31 31 66 18 18 21 29 29 31 31 27 30 30 29 33 33 35 35 25 25 25 26 27 27 29 29 34 36 36 26 17 17 5 5 4 4 4 4 3 3 2 2 1 1 1 1 
31 31 66 18 18 21 29 29 31 31 27 30 30 29 33 33 35 35 25 25 25 26 27 27 29 29 34 36 36 26 17 17 5 5 4 4 4 4 3 3 2 2 1 1 1 1 
37 37 68 24 24 31 35 35 36 36 30 26 26 26 25 25 26 26 28 23 23 24 25 25 26 26 33 30 30 26 16 16 5 5 4 3 3 3 3 3 1 1 1 1 1 1 
37 37 68 24 24 31 35 35 36 36 30 26 26 26 25 25 26 26 28 23 23 24 25 25 26 26 33 30 30 26 16 16 5 5 4 3 3 3 3 3 1 1 1 1 1 1 
28 28 31 34 34 35 34 34 31 31 23 18 18 17 16 16 21 21 22 22 22 24 27 27 24 24 28 25 25 22 13 13 7 7 5 3 3 2 1 1 1 1 1 2 2 2 
27 27 32 35 35 36 32 32 33 33 27 23 23 22 19 19 21 21 19 22 22 26 29 29 35 35 42 40 40 32 12 12 10 10 7 6 6 5 2 2 2 2 2 2 2 2 
27 27 32 35 35 36 32 32 33 33 27 23 23 22 19 19 21 21 19 22 22 26 29 29 35 35 42 40 40 32 12 12 10 10 7 6 6 5 2 2 2 2 2 2 2 2 
22 22 27 29 29 31 34 34 28 28 28 21 21 21 17 17 13 13 19 23 23 24 31 31 43 43 53 58 58 51 35 35 14 14 8 7 7 5 3 3 4 4 3 3 3 3 
17 17 19 24 24 29 34 34 39 39 36 36 36 30 23 23 18 18 19 22 22 28 34 34 44 44 58 63 63 54 45 45 21 21 13 7 7 5 4 4 3 3 4 4 4 3 
17 17 19 24 24 29 34 34 39 39 36 36 36 30 23 23 18 18 19 22 22 28 34 34 44 44 58 63 63 54 45 45 21 21 13 7 7 5 4 4 3 3 4 4 4 3 
13 13 12 15 15 22 27 27 28 28 30 29 29 33 26 26 23 23 22 20 20 27 36 36 36 36 37 39 39 40 40 40 34 34 28 14 14 11 6 6 5 5 4 3 3 5 
13 13 12 15 15 22 27 27 28 28 30 29 29 33 26 26 23 23 22 20 20 27 36 36 36 36 37 39 39 40 40 40 34 34 28 14 14 11 6 6 5 5 4 3 3 5 
8 8 10 16 16 24 31 31 30 30 29 29 29 28 24 24 18 18 18 18 18 26 30 30 27 27 27 33 33 31 23 23 25 25 21 16 16 11 6 6 4 4 3 2 2 4 
10 10 13 21 21 25 30 30 32 32 32 29 29 25 21 21 18 18 13 16 16 23 26 26 24 24 23 22 22 25 23 23 22 22 17 15 15 13 5 5 4 4 4 2 2 4 
10 10 13 21 21 25 30 30 32 32 32 29 29 25 21 21 18 18 13 16 16 23 26 26 24 24 23 22 22 25 23 23 22 22 17 15 15 13 5 5 4 4 4 2 2 4 
13 13 13 13 13 19 26 26 29 29 30 34 34 27 20 20 20 20 18 13 13 22 24 24 26 26 24 21 21 21 16 16 11 11 8 5 5 5 4 4 4 4 4 3 3 5 
15 15 14 13 13 13 19 19 20 20 24 26 26 24 17 17 15 15 17 14 14 14 18 18 23 23 25 26 26 19 14 14 13 13 11 7 7 5 5 5 5 5 4 4 4 4 
15 15 14 13 13 13 19 19 20 20 24 26 26 24 17 17 15 15 17 14 14 14 18 18 23 23 25 26 26 19 14 14 13 13 11 7 7 5 5 5 5 5 4 4 4 4 
12 12 11 9 9 12 11 11 11 11 12 15 15 14 12 12 9 9 9 10 10 9 16 16 17 17 22 19 19 16 15 15 12 12 10 7 7 6 6 6 6 6 5 5 5 3 
12 12 11 9 9 12 11 11 11 11 12 15 15 14 12 12 9 9 9 10 10 9 16 16 17 17 22 19 19 16 15 15 12 12 10 7 7 6 6 6 6 6 5 5 5 3 
8 8 7 6 6 7 7 7 8 8 10 11 11 15 14 14 12 12 12 11 11 10 14 14 19 19 23 19 19 14 11 11 10 10 10 8 8 7 4 4 3 3 1 1 1 1 
7 7 7 8 8 10 9 9 9 9 10 13 13 15 15 15 14 14 14 14 14 14 17 17 17 17 18 13 13 10 8 8 7 7 8 8 8 6 3 3 1 1 0 0 0 1 
7 7 7 8 8 10 9 9 9 9 10 13 13 15 15 15 14 14 14 14 14 14 17 17 17 17 18 13 13 10 8 8 7 7 8 8 8 6 3 3 1 1 0 0 0 1 
5 5 6 6 6 8 8 8 10 10 12 13 13 13 15 15 18 18 20 16 16 12 15 15 14 14 16 11 11 7 7 7 9 9 12 9 9 4 3 3 2 2 1 1 1 1 
5 5 5 7 7 8 10 10 11 11 14 16 16 18 20 20 18 18 15 10 10 8 4 4 7 7 8 10 10 7 8 8 10 10 10 6 6 5 4 4 3 3 4 3 3 2 
5 5 5 7 7 8 10 10 11 11 14 16 16 18 20 20 18 18 15 10 10 8 4 4 7 7 8 10 10 7 8 8 10 10 10 6 6 5 4 4 3 3 4 3 3 2 
6 6 9 12 12 14 13 13 15 15 17 19 19 21 18 18 13 13 10 5 5 4 4 4 5 5 8 10 10 6 4 4 3 3 3 3 3 4 5 5 4 4 4 3 3 3 
6 6 9 12 12 14 13 13 15 15 17 19 19 21 18 18 13 13 10 5 5 4 4 4 5 5 8 10 10 6 4 4 3 3 3 3 3 4 5 5 4 4 4 3 3 3 
11 11 12 14 14 15 14 14 18 18 21 24 24 18 11 11 5 5 3 2 2 3 3 3 7 7 8 7 7 4 2 2 2 2 4 6 6 5 4 4 3 3 3 3 3 3 
7 7 8 8 8 9 11 11 14 14 16 16 16 9 4 4 2 2 1 2 2 2 2 2 2 2 4 6 6 8 4 4 5 5 6 7 7 7 4 4 3 3 4 4 4 3 
7 7 8 8 8 9 11 11 14 14 16 16 16 9 4 4 2 2 1 2 2 2 2 2 2 2 4 6 6 8 4 4 5 5 6 7 7 7 4 4 3 3 4 4 4 3 
6 6 7 8 8 9 11 11 10 10 7 4 4 1 0 0 1 1 2 2 2 1 1 1 1 1 3 5 5 7 8 8 9 9 11 12 12 7 5 5 4 4 4 2 2 2 
5 5 7 9 9 9 7 7 4 4 2 1 1 0 0 0 1 1 2 1 1 1 1 1 1 1 1 6 6 7 8 8 10 10 13 15 15 9 7 7 3 3 2 1 1 1 
5 5 7 9 9 9 7 7 4 4 2 1 1 0 0 0 1 1 2 1 1 1 1 1 1 1 1 6 6 7 8 8 10 10 13 15 15 9 7 7 3 3 2 1 1 1 
5 5 7 7 7 8 5 5 2 2 1 0 0 1 1 1 1 1 1 1 1 1 2 2 1 1 1 5 5 6 8 8 9 9 9 8 8 7 5 5 2 2 2 2 2 2 
5 5 7 7 7 8 5 5 2 2 1 0 0 1 1 1 1 1 1 1 1 1 2 2 1 1 1 5 5 6 8 8 9 9 9 8 8 7 5 5 2 2 2 2 2 2 
5 5 5 5 5 4 2 2 1 1 0 0 0 0 0 0 0 0 1 2 2 4 4 4 3 3 2 2 2 6 11 11 10 10 8 7 7 7 5 5 2 2 1 3 3 4 
4 4 4 2 2 2 1 1 0 0 0 0 0 0 0 0 0 0 1 2 2 3 2 2 1 1 1 2 2 8 9 9 10 10 6 5 5 6 5 5 3 3 2 2 2 2 
4 4 4 2 2 2 1 1 0 0 0 0 0 0 0 0 0 0 1 2 2 3 2 2 1 1 1 2 2 8 9 9 10 10 6 5 5 6 5 5 3 3 2 2 2 2 
3 3 3 3 3 2 1 1 1 1 0 0 0 0 0 0 0 0 0 0 0 0 1 1 1 1 2 3 3 4 7 7 6 6 5 4 4 5 5 5 6 6 4 3 3 1 
3 3 3 2 2 2 1 1 1 1 1 1 1 0 0 0 0 0 0 0 0 0 1 1 2 2 3 2 2 2 2 2 2 2 4 6 6 6 5 5 4 4 4 2 2 1 
3 3 3 2 2 2 1 1 1 1 1 1 1 0 0 0 0 0 0 0 0 0 1 1 2 2 3 2 2 2 2 2 2 2 4 6 6 6 5 5 4 4 4 2 2 1 
5 5 3 3 3 4 5 5 4 4 2 1 1 0 0 0 0 0 0 0 0 0 1 1 2 2 2 4 4 3 1 1 1 1 4 8 8 6 4 4 2 2 1 0 0 0 
5 5 3 3 3 4 5 5 4 4 2 1 1 0 0 0 0 0 0 0 0 0 1 1 2 2 2 4 4 3 1 1 1 1 4 8 8 6 4 4 2 2 1 0 0 0 
4 4 4 6 6 7 8 8 6 6 4 2 2 1 0 0 0 0 0 0 0 1 2 2 2 2 3 4 4 4 11 11 11 11 5 3 3 4 5 5 5 5 0 0 0 0 
6 6 8 10 10 12 13 13 10 10 6 3 3 2 1 1 0 0 0 1 1 1 1 1 4 4 21 21 21 18 14 14 13 13 2 6 6 5 4 4 3 3 0 0 0 0 
6 6 8 10 10 12 13 13 10 10 6 3 3 2 1 1 0 0 0 1 1 1 1 1 4 4 21 21 21 18 14 14 13 13 2 6 6 5 4 4 3 3 0 0 0 0 
8 8 10 15 15 11 14 14 12 12 9 5 5 2 1 1 1 1 1 0 0 0 0 0 4 4 20 21 21 59 52 52 85 85 5 4 4 1 1 1 0 0 0 0 0 0 
10 10 14 15 15 14 14 14 10 10 7 5 5 2 1 1 1 1 2 0 0 1 1 1 15 15 15 17 17 39 33 33 75 75 4 4 4 1 0 0 0 0 0 0 0 0 
