assets/RAT_results_old/precipitation/2024-06-06_IMERG.asc
ncols        46
nrows        77
xllcorner    74.800261325624
yllcorner    8.058333333333
cellsize     0.062500000000
NODATA_value -9999
46 46 55 39 39 26 19 19 20 20 26 36 36 27 33 33 38 38 38 46 46 56 61 61 54 54 47 45 45 49 50 50 53 53 53 52 52 57 57 57 65 65 62 69 69 80 
56 56 30 34 34 33 22 22 17 17 18 22 22 31 25 25 33 33 33 40 40 58 77 77 61 61 51 43 43 49 52 52 55 55 53 50 50 51 56 56 59 59 60 69 69 80 
56 56 30 34 34 33 22 22 17 17 18 22 22 31 25 25 33 33 33 40 40 58 77 77 61 61 51 43 43 49 52 52 55 55 53 50 50 51 56 56 59 59 60 69 69 80 
48 48 32 19 19 16 9 9 14 14 18 25 25 29 34 34 35 35 38 45 45 56 68 68 63 63 51 41 41 51 47 47 48 48 49 50 50 50 54 54 60 60 58 64 64 72 
47 47 49 49 49 30 27 27 44 44 42 46 46 63 48 48 47 47 38 40 40 34 42 42 43 43 36 31 31 33 34 34 29 29 27 27 27 29 36 36 44 44 48 47 47 51 
47 47 49 49 49 30 27 27 44 44 42 46 46 63 48 48 47 47 38 40 40 34 42 42 43 43 36 31 31 33 34 34 29 29 27 27 27 29 36 36 44 44 48 47 47 51 
43 43 67 56 56 59 73 73 103 103 98 135 135 130 116 116 91 91 61 45 45 31 33 33 35 35 31 21 21 21 17 17 14 14 13 14 14 16 21 21 23 23 26 32 32 39 
43 43 67 56 56 59 73 73 103 103 98 135 135 130 116 116 91 91 61 45 45 31 33 33 35 35 31 21 21 21 17 17 14 14 13 14 14 16 21 21 23 23 26 32 32 39 
52 52 101 83 83 89 120 120 144 144 138 160 160 169 148 148 127 127 95 70 70 52 37 37 42 42 36 26 26 22 19 19 12 12 9 8 8 8 10 10 12 12 16 23 23 28 
56 56 80 109 109 121 126 126 134 134 141 160 160 153 138 138 121 121 103 87 87 83 57 57 53 53 49 42 42 29 22 22 12 12 7 5 5 6 6 6 7 7 7 10 10 23 
56 56 80 109 109 121 126 126 134 134 141 160 160 153 138 138 121 121 103 87 87 83 57 57 53 53 49 42 42 29 22 22 12 12 7 5 5 6 6 6 7 7 7 10 10 23 
54 54 65 123 123 102 117 117 138 138 162 191 191 184 179 179 161 161 149 143 143 130 108 108 84 84 67 56 56 48 37 37 22 22 12 9 9 13 11 11 9 9 14 27 27 32 
59 59 53 56 56 73 81 81 94 94 103 130 130 139 141 141 147 147 142 150 150 146 136 136 115 115 92 90 90 74 67 67 49 49 34 28 28 35 26 26 27 27 27 33 33 43 
59 59 53 56 56 73 81 81 94 94 103 130 130 139 141 141 147 147 142 150 150 146 136 136 115 115 92 90 90 74 67 67 49 49 34 28 28 35 26 26 27 27 27 33 33 43 
61 61 53 47 47 47 77 77 74 74 94 124 124 141 160 160 177 177 177 187 187 183 167 167 154 154 141 132 132 114 97 97 81 81 61 55 55 53 44 44 43 43 41 42 42 45 
61 61 53 47 47 47 77 77 74 74 94 124 124 141 160 160 177 177 177 187 187 183 167 167 154 154 141 132 132 114 97 97 81 81 61 55 55 53 44 44 43 43 41 42 42 45 
74 74 66 61 61 62 99 99 98 98 109 147 147 164 172 172 201 201 199 216 216 224 212 212 221 221 226 209 209 195 167 167 140 140 105 89 89 74 67 67 64 64 59 57 57 58 
75 75 94 77 77 78 74 74 97 97 105 130 130 146 160 160 194 194 204 230 230 240 232 232 220 220 205 197 197 186 169 169 150 150 129 112 112 104 90 90 83 83 75 75 75 73 
75 75 94 77 77 78 74 74 97 97 105 130 130 146 160 160 194 194 204 230 230 240 232 232 220 220 205 197 197 186 169 169 150 150 129 112 112 104 90 90 83 83 75 75 75 73 
62 62 63 66 66 70 62 62 62 62 99 111 111 116 135 135 143 143 162 205 205 233 241 241 245 245 235 206 206 204 178 178 160 160 138 124 124 128 108 108 96 96 85 83 83 77 
86 86 75 67 67 69 60 60 55 55 56 89 89 92 107 107 127 127 142 170 170 206 235 235 249 249 259 233 233 231 219 219 213 213 195 180 180 161 134 134 115 115 91 78 78 74 
86 86 75 67 67 69 60 60 55 55 56 89 89 92 107 107 127 127 142 170 170 206 235 235 249 249 259 233 233 231 219 219 213 213 195 180 180 161 134 134 115 115 91 78 78 74 
107 107 90 71 71 64 57 57 53 53 48 76 76 79 104 104 115 115 127 147 147 168 196 196 233 233 236 227 227 222 193 193 185 185 163 143 143 117 103 103 89 89 69 57 57 58 
107 107 90 71 71 64 57 57 53 53 48 76 76 79 104 104 115 115 127 147 147 168 196 196 233 233 236 227 227 222 193 193 185 185 163 143 143 117 103 103 89 89 69 57 57 58 
109 109 95 84 84 80 80 80 65 65 65 67 67 105 105 105 136 136 129 136 136 143 163 163 206 206 230 208 208 206 198 198 196 196 161 142 142 115 101 101 84 84 69 60 60 62 
160 160 139 121 121 98 94 94 86 86 82 81 81 105 114 114 126 126 134 142 142 140 145 145 182 182 229 230 230 239 252 252 204 204 208 142 142 132 121 121 109 109 87 74 74 81 
160 160 139 121 121 98 94 94 86 86 82 81 81 105 114 114 126 126 134 142 142 140 145 145 182 182 229 230 230 239 252 252 204 204 208 142 142 132 121 121 109 109 87 74 74 81 
96 96 97 94 94 98 109 109 103 103 98 97 97 91 124 124 121 121 111 109 109 111 131 131 155 155 197 212 212 201 178 178 232 232 176 135 135 112 118 118 123 123 106 93 93 96 
106 106 116 120 120 125 123 123 113 113 107 112 112 94 87 87 120 120 122 132 132 140 151 151 185 185 216 258 258 243 234 234 177 177 127 118 118 112 116 116 125 125 118 99 99 96 
106 106 116 120 120 125 123 123 113 113 107 112 112 94 87 87 120 120 122 132 132 140 151 151 185 185 216 258 258 243 234 234 177 177 127 118 118 112 116 116 125 125 118 99 99 96 
82 82 82 100 100 103 108 108 100 100 95 98 98 95 90 90 123 123 126 134 134 155 173 173 174 174 194 217 217 216 200 200 138 138 127 115 115 110 113 113 127 127 120 105 105 105 
82 82 82 100 100 103 108 108 100 100 95 98 98 95 90 90 123 123 126 134 134 155 173 173 174 174 194 217 217 216 200 200 138 138 127 115 115 110 113 113 127 127 120 105 105 105 
67 67 68 74 74 78 85 85 86 86 87 90 90 95 99 99 133 133 138 152 152 168 163 163 166 166 175 192 192 188 177 177 163 163 142 134 134 133 148 148 174 174 167 159 159 157 
50 50 56 65 65 73 77 77 86 86 91 103 103 111 106 106 139 139 146 166 166 180 168 168 174 174 182 182 182 187 182 182 156 156 142 130 130 140 156 156 160 160 163 155 155 151 
50 50 56 65 65 73 77 77 86 86 91 103 103 111 106 106 139 139 146 166 166 180 168 168 174 174 182 182 182 187 182 182 156 156 142 130 130 140 156 156 160 160 163 155 155 151 
48 48 48 59 59 75 94 94 119 119 134 143 143 159 157 157 136 136 144 147 147 179 191 191 207 207 214 218 218 230 197 197 160 160 142 130 130 148 152 152 148 148 107 105 105 104 
35 35 47 57 57 72 98 98 131 131 152 160 160 161 163 163 152 152 191 157 157 191 194 194 205 205 232 219 219 197 167 167 151 151 142 148 148 162 161 161 125 125 90 87 87 91 
35 35 47 57 57 72 98 98 131 131 152 160 160 161 163 163 152 152 191 157 157 191 194 194 205 205 232 219 219 197 167 167 151 151 142 148 148 162 161 161 125 125 90 87 87 91 
33 33 45 55 55 68 87 87 96 96 117 135 135 130 122 122 105 105 148 152 152 166 167 167 189 189 195 178 178 161 145 145 129 129 133 138 138 157 156 156 132 132 78 66 66 67 
33 33 45 55 55 68 87 87 96 96 117 135 135 130 122 122 105 105 148 152 152 166 167 167 189 189 195 178 178 161 145 145 129 129 133 138 138 157 156 156 132 132 78 66 66 67 
28 28 38 48 48 58 74 74 82 82 98 123 123 119 98 98 90 90 100 124 124 126 131 131 144 144 154 146 146 139 129 129 112 112 107 102 102 129 152 152 103 103 75 61 61 64 
21 21 26 29 29 37 45 45 54 54 63 90 90 83 79 79 75 75 86 112 112 132 134 134 142 142 143 134 134 135 122 122 113 113 114 112 112 127 129 129 102 102 75 57 57 65 
21 21 26 29 29 37 45 45 54 54 63 90 90 83 79 79 75 75 86 112 112 132 134 134 142 142 143 134 134 135 122 122 113 113 114 112 112 127 129 129 102 102 75 57 57 65 
18 18 24 27 27 29 31 31 35 35 43 54 54 58 60 60 65 65 71 75 75 102 111 111 115 115 115 136 136 145 126 126 107 107 112 102 102 109 132 132 116 116 101 72 72 83 
14 14 18 22 22 22 25 25 29 29 37 49 49 53 59 59 61 61 59 64 64 82 101 101 107 107 122 140 140 170 153 153 115 115 116 124 124 123 123 123 107 107 78 46 46 41 
14 14 18 22 22 22 25 25 29 29 37 49 49 53 59 59 61 61 59 64 64 82 101 101 107 107 122 140 140 170 153 153 115 115 116 124 124 123 123 123 107 107 78 46 46 41 
15 15 18 20 20 25 28 28 29 29 34 44 44 50 54 54 56 56 60 66 66 72 95 95 107 107 125 146 146 193 174 174 135 135 131 126 126 127 129 129 121 121 97 71 71 70 
15 15 18 20 20 25 28 28 29 29 34 44 44 50 54 54 56 56 60 66 66 72 95 95 107 107 125 146 146 193 174 174 135 135 131 126 126 127 129 129 121 121 97 71 71 70 
18 18 20 21 21 26 30 30 30 30 30 43 43 49 51 51 57 57 58 64 64 72 86 86 108 108 115 135 135 154 153 153 131 131 126 111 111 93 110 110 107 107 97 77 77 65 
16 16 19 21 21 26 31 31 30 30 33 42 42 47 53 53 59 59 58 60 60 64 78 78 100 100 105 113 113 122 123 123 117 117 122 106 106 70 87 87 99 99 107 81 81 79 
16 16 19 21 21 26 31 31 30 30 33 42 42 47 53 53 59 59 58 60 60 64 78 78 100 100 105 113 113 122 123 123 117 117 122 106 106 70 87 87 99 99 107 81 81 79 
12 12 16 19 19 26 38 38 39 39 40 44 44 47 51 51 55 55 58 59 59 61 71 71 92 92 82 85 85 104 104 104 98 98 113 112 112 98 91 91 92 92 89 79 79 74 
14 14 14 18 18 24 34 34 37 37 45 55 55 57 59 59 62 62 68 73 73 84 62 62 80 80 74 74 74 82 83 83 78 78 87 82 82 87 79 79 78 78 79 67 67 48 
14 14 14 18 18 24 34 34 37 37 45 55 55 57 59 59 62 62 68 73 73 84 62 62 80 80 74 74 74 82 83 83 78 78 87 82 82 87 79 79 78 78 79 67 67 48 
12 12 15 17 17 20 25 25 26 26 32 35 35 33 35 35 36 36 45 47 47 58 47 47 64 64 68 66 66 63 50 50 51 51 46 32 32 28 28 28 31 31 37 32 32 14 
12 12 15 17 17 20 25 25 26 26 32 35 35 33 35 35 36 36 45 47 47 58 47 47 64 64 68 66 66 63 50 50 51 51 46 32 32 28 28 28 31 31 37 32 32 14 
13 13 14 15 15 16 20 20 22 22 25 24 24 22 22 22 24 24 30 30 30 35 43 43 59 59 60 52 52 42 29 29 28 28 26 23 23 15 14 14 17 17 23 19 19 6 
13 13 14 15 15 14 18 18 18 18 21 25 25 21 21 21 23 23 24 28 28 29 39 39 54 54 46 39 39 30 22 22 19 19 16 16 16 14 11 11 10 10 8 6 6 4 
13 13 14 15 15 14 18 18 18 18 21 25 25 21 21 21 23 23 24 28 28 29 39 39 54 54 46 39 39 30 22 22 19 19 16 16 16 14 11 11 10 10 8 6 6 4 
8 8 11 13 13 15 17 17 15 15 19 18 18 18 20 20 21 21 23 24 24 25 28 28 28 28 35 31 31 24 17 17 14 14 14 13 13 11 8 8 7 7 4 2 2 2 
9 9 9 10 10 12 13 13 13 13 17 16 16 18 20 20 19 19 20 20 20 20 20 20 22 22 21 16 16 15 11 11 9 9 9 8 8 6 5 5 3 3 2 0 0 1 
9 9 9 10 10 12 13 13 13 13 17 16 16 18 20 20 19 19 20 20 20 20 20 20 22 22 21 16 16 15 11 11 9 9 9 8 8 6 5 5 3 3 2 0 0 1 
10 10 10 9 9 9 13 13 21 21 22 26 26 25 22 22 19 19 15 13 13 12 12 12 12 12 13 16 16 15 10 10 8 8 7 4 4 2 1 1 1 1 1 1 1 1 
10 10 10 9 9 9 13 13 21 21 22 26 26 25 22 22 19 19 15 13 13 12 12 12 12 12 13 16 16 15 10 10 8 8 7 4 4 2 1 1 1 1 1 1 1 1 
10 10 13 13 13 12 16 16 24 24 33 32 32 28 22 22 18 18 14 11 11 9 9 9 8 8 8 8 8 8 7 7 5 5 4 2 2 1 1 1 1 1 1 1 1 0 
5 5 8 9 9 10 12 12 16 16 25 22 22 20 18 18 16 16 11 9 9 8 8 8 6 6 5 3 3 4 3 3 5 5 9 13 13 8 6 6 4 4 4 4 4 3 
5 5 8 9 9 10 12 12 16 16 25 22 22 20 18 18 16 16 11 9 9 8 8 8 6 6 5 3 3 4 3 3 5 5 9 13 13 8 6 6 4 4 4 4 4 3 
5 5 5 7 7 8 10 10 12 12 13 14 14 15 14 14 14 14 13 10 10 10 9 9 8 8 4 4 4 6 8 8 9 9 13 18 18 14 11 11 11 11 11 8 8 10 
8 8 6 6 6 9 12 12 14 14 16 20 20 14 11 11 10 10 10 10 10 10 10 10 9 9 8 9 9 10 18 18 22 22 13 11 11 12 12 12 13 13 14 16 16 18 
8 8 6 6 6 9 12 12 14 14 16 20 20 14 11 11 10 10 10 10 10 10 10 10 9 9 8 9 9 10 18 18 22 22 13 11 11 12 12 12 13 13 14 16 16 18 
3 3 5 7 7 8 9 9 10 10 12 13 13 11 7 7 6 6 8 9 9 9 10 10 9 9 9 11 11 11 13 13 19 19 15 15 15 15 16 16 15 15 15 21 21 16 
3 3 5 7 7 8 9 9 10 10 12 13 13 11 7 7 6 6 8 9 9 9 10 10 9 9 9 11 11 11 13 13 19 19 15 15 15 15 16 16 15 15 15 21 21 16 
4 4 6 8 8 11 12 12 11 11 9 7 7 6 6 6 5 5 6 6 6 6 7 7 7 7 7 8 8 10 8 8 11 11 10 15 15 15 20 20 16 16 19 22 22 13 
6 6 5 6 6 7 7 7 9 9 7 3 3 2 2 2 2 2 3 4 4 5 6 6 7 7 7 7 7 6 5 5 8 8 8 13 13 15 16 16 19 19 17 18 18 18 
6 6 5 6 6 7 7 7 9 9 7 3 3 2 2 2 2 2 3 4 4 5 6 6 7 7 7 7 7 6 5 5 8 8 8 13 13 15 16 16 19 19 17 18 18 18 
3 3 3 4 4 4 4 4 3 3 3 1 1 2 2 2 2 2 2 3 3 5 8 8 9 9 10 11 11 11 11 11 12 12 13 16 16 27 34 34 35 35 30 26 26 26 
3 3 3 4 4 4 4 4 4 4 4 3 3 2 2 2 3 3 5 8 8 13 15 15 17 17 20 22 22 25 26 26 26 26 26 23 23 22 24 24 44 44 37 34 34 35 
