assets/RAT_results_old/precipitation/2024-05-15_IMERG.asc
ncols        46
nrows        77
xllcorner    74.800261325624
yllcorner    8.058333333333
cellsize     0.062500000000
NODATA_value -9999
0 0 0 0 0 0 3 3 6 6 3 3 3 8 7 7 13 13 13 12 12 12 10 10 12 12 10 8 8 6 2 2 0 0 0 0 0 1 2 2 2 2 2 2 2 2 
0 0 0 0 0 1 4 4 15 15 7 6 6 5 9 9 8 8 15 14 14 27 13 13 15 15 17 13 13 9 5 5 2 2 1 1 1 1 2 2 2 2 6 7 7 6 
0 0 0 0 0 1 4 4 15 15 7 6 6 5 9 9 8 8 15 14 14 27 13 13 15 15 17 13 13 9 5 5 2 2 1 1 1 1 2 2 2 2 6 7 7 6 
1 1 1 1 1 1 3 3 6 6 7 7 7 5 17 17 19 19 19 29 29 29 18 18 17 17 18 16 16 10 7 7 7 7 2 2 2 2 2 2 2 2 6 7 7 7 
1 1 1 1 1 2 4 4 6 6 13 12 12 10 18 18 18 18 22 26 26 29 28 28 16 16 17 13 13 9 10 10 8 8 4 2 2 1 3 3 7 7 7 9 9 9 
1 1 1 1 1 2 4 4 6 6 13 12 12 10 18 18 18 18 22 26 26 29 28 28 16 16 17 13 13 9 10 10 8 8 4 2 2 1 3 3 7 7 7 9 9 9 
2 2 1 1 1 2 7 7 13 13 21 16 16 13 20 20 20 20 24 25 25 30 21 21 12 12 8 10 10 8 11 11 9 9 7 4 4 4 4 4 6 6 9 9 9 7 
2 2 1 1 1 2 7 7 13 13 21 16 16 13 20 20 20 20 24 25 25 30 21 21 12 12 8 10 10 8 11 11 9 9 7 4 4 4 4 4 6 6 9 9 9 7 
2 2 1 1 1 2 10 10 25 25 37 30 30 19 17 17 25 25 34 26 26 24 22 22 12 12 3 4 4 10 14 14 12 12 8 5 5 4 7 7 5 5 8 4 4 6 
3 3 2 1 1 2 10 10 28 28 41 39 39 30 29 29 30 30 41 36 36 18 11 11 8 8 2 3 3 9 17 17 20 20 19 15 15 9 7 7 5 5 7 7 7 10 
3 3 2 1 1 2 10 10 28 28 41 39 39 30 29 29 30 30 41 36 36 18 11 11 8 8 2 3 3 9 17 17 20 20 19 15 15 9 7 7 5 5 7 7 7 10 
3 3 2 3 3 2 9 9 17 17 28 38 38 42 46 46 32 32 33 32 32 18 5 5 2 2 3 3 3 9 15 15 18 18 19 18 18 14 6 6 3 3 6 7 7 10 
3 3 3 4 4 3 7 7 18 18 28 42 42 53 54 54 37 37 25 13 13 9 3 3 3 3 4 4 4 10 18 18 21 21 21 23 23 16 13 13 5 5 6 8 8 11 
3 3 3 4 4 3 7 7 18 18 28 42 42 53 54 54 37 37 25 13 13 9 3 3 3 3 4 4 4 10 18 18 21 21 21 23 23 16 13 13 5 5 6 8 8 11 
3 3 4 8 8 5 5 5 14 14 25 34 34 50 45 45 36 36 16 6 6 3 3 3 4 4 6 6 6 7 18 18 23 23 23 24 24 24 18 18 1 1 0 10 10 16 
3 3 4 8 8 5 5 5 14 14 25 34 34 50 45 45 36 36 16 6 6 3 3 3 4 4 6 6 6 7 18 18 23 23 23 24 24 24 18 18 1 1 0 10 10 16 
3 3 5 7 7 7 3 3 8 8 16 20 20 27 26 26 21 21 16 9 9 4 4 4 5 5 8 10 10 11 17 17 26 26 24 29 29 26 20 20 2 2 1 13 13 15 
3 3 3 3 3 3 3 3 6 6 4 6 6 12 15 15 22 22 21 12 12 7 5 5 5 5 6 12 12 14 16 16 29 29 35 30 30 31 26 26 12 12 16 15 15 17 
3 3 3 3 3 3 3 3 6 6 4 6 6 12 15 15 22 22 21 12 12 7 5 5 5 5 6 12 12 14 16 16 29 29 35 30 30 31 26 26 12 12 16 15 15 17 
4 4 2 2 2 2 3 3 1 1 3 5 5 12 16 16 24 24 27 21 21 19 12 12 7 7 8 20 20 19 16 16 32 32 36 38 38 30 19 19 17 17 14 15 15 14 
6 6 7 3 3 2 3 3 2 2 3 4 4 10 18 18 36 36 44 38 38 28 15 15 8 8 9 20 20 17 16 16 36 36 38 29 29 32 27 27 21 21 15 20 20 18 
6 6 7 3 3 2 3 3 2 2 3 4 4 10 18 18 36 36 44 38 38 28 15 15 8 8 9 20 20 17 16 16 36 36 38 29 29 32 27 27 21 21 15 20 20 18 
13 13 13 3 3 2 3 3 3 3 4 10 10 12 16 16 31 31 49 42 42 38 24 24 13 13 13 19 19 18 16 16 31 31 27 21 21 22 23 23 16 16 9 14 14 18 
13 13 13 3 3 2 3 3 3 3 4 10 10 12 16 16 31 31 49 42 42 38 24 24 13 13 13 19 19 18 16 16 31 31 27 21 21 22 23 23 16 16 9 14 14 18 
11 11 9 2 2 2 2 2 1 1 9 13 13 12 12 12 25 25 38 45 45 39 26 26 15 15 17 18 18 25 22 22 20 20 23 22 22 18 19 19 15 15 9 13 13 16 
5 5 4 4 4 3 2 2 2 2 10 16 16 16 11 11 18 18 20 27 27 27 28 28 16 16 16 21 21 30 27 27 22 22 24 22 22 18 19 19 14 14 10 10 10 19 
5 5 4 4 4 3 2 2 2 2 10 16 16 16 11 11 18 18 20 27 27 27 28 28 16 16 16 21 21 30 27 27 22 22 24 22 22 18 19 19 14 14 10 10 10 19 
17 17 18 3 3 2 2 2 5 5 5 25 25 26 62 62 23 23 22 24 24 20 17 17 20 20 24 29 29 34 28 28 26 26 29 23 23 19 17 17 16 16 12 11 11 19 
20 20 17 1 1 2 10 10 12 12 12 68 68 134 68 68 30 30 33 27 27 22 19 19 21 21 23 24 24 22 25 25 32 32 36 29 29 22 17 17 17 17 13 14 14 26 
20 20 17 1 1 2 10 10 12 12 12 68 68 134 68 68 30 30 33 27 27 22 19 19 21 21 23 24 24 22 25 25 32 32 36 29 29 22 17 17 17 17 13 14 14 26 
22 22 14 13 13 2 11 11 17 17 16 134 134 136 69 69 32 32 35 29 29 25 25 25 27 27 27 30 30 27 30 30 38 38 37 28 28 23 21 21 18 18 14 12 12 19 
22 22 14 13 13 2 11 11 17 17 16 134 134 136 69 69 32 32 35 29 29 25 25 25 27 27 27 30 30 27 30 30 38 38 37 28 28 23 21 21 18 18 14 12 12 19 
18 18 3 2 2 4 5 5 10 10 10 59 59 86 89 89 26 26 27 22 22 28 36 36 38 38 30 28 28 25 31 31 39 39 38 28 28 28 20 20 18 18 15 12 12 14 
17 17 2 2 2 4 5 5 5 5 7 7 7 41 43 43 20 20 23 14 14 21 34 34 38 38 37 27 27 23 39 39 40 40 32 24 24 28 24 24 18 18 12 9 9 12 
17 17 2 2 2 4 5 5 5 5 7 7 7 41 43 43 20 20 23 14 14 21 34 34 38 38 37 27 27 23 39 39 40 40 32 24 24 28 24 24 18 18 12 9 9 12 
3 3 3 2 2 2 4 4 1 1 17 19 19 14 14 14 10 10 13 12 12 12 22 22 26 26 22 28 28 25 26 26 38 38 37 19 19 20 18 18 10 10 10 10 10 18 
2 2 2 3 3 3 1 1 1 1 17 18 18 2 2 2 2 2 3 6 6 8 18 18 17 17 18 31 31 23 21 21 30 30 29 16 16 17 13 13 10 10 9 13 13 16 
2 2 2 3 3 3 1 1 1 1 17 18 18 2 2 2 2 2 3 6 6 8 18 18 17 17 18 31 31 23 21 21 30 30 29 16 16 17 13 13 10 10 9 13 13 16 
2 2 2 3 3 2 2 2 2 2 2 2 2 2 2 2 2 2 2 7 7 6 10 10 13 13 15 27 27 24 20 20 14 14 13 13 13 11 14 14 10 10 23 45 45 48 
2 2 2 3 3 2 2 2 2 2 2 2 2 2 2 2 2 2 2 7 7 6 10 10 13 13 15 27 27 24 20 20 14 14 13 13 13 11 14 14 10 10 23 45 45 48 
2 2 2 3 3 2 3 3 3 3 1 1 1 1 1 1 2 2 3 5 5 8 15 15 20 20 22 24 24 21 15 15 15 15 13 5 5 9 10 10 22 22 20 20 20 49 
3 3 2 2 2 2 2 2 1 1 1 1 1 1 1 1 2 2 3 5 5 11 18 18 22 22 25 27 27 21 13 13 9 9 6 6 6 9 5 5 6 6 33 32 32 42 
3 3 2 2 2 2 2 2 1 1 1 1 1 1 1 1 2 2 3 5 5 11 18 18 22 22 25 27 27 21 13 13 9 9 6 6 6 9 5 5 6 6 33 32 32 42 
3 3 2 1 1 1 1 1 1 1 1 1 1 1 0 0 1 1 2 4 4 7 11 11 17 17 23 29 29 19 14 14 8 8 5 3 3 3 4 4 7 7 34 31 31 32 
6 6 1 1 1 1 1 1 1 1 1 1 1 1 0 0 1 1 1 3 3 4 9 9 16 16 24 27 27 19 15 15 10 10 6 3 3 7 9 9 10 10 28 30 30 34 
6 6 1 1 1 1 1 1 1 1 1 1 1 1 0 0 1 1 1 3 3 4 9 9 16 16 24 27 27 19 15 15 10 10 6 3 3 7 9 9 10 10 28 30 30 34 
5 5 1 1 1 1 1 1 1 1 1 1 1 1 1 1 0 0 1 2 2 4 5 5 10 10 16 18 18 20 17 17 11 11 5 2 2 2 7 7 8 8 11 11 11 8 
5 5 1 1 1 1 1 1 1 1 1 1 1 1 1 1 0 0 1 2 2 4 5 5 10 10 16 18 18 20 17 17 11 11 5 2 2 2 7 7 8 8 11 11 11 8 
1 1 1 1 1 1 1 1 1 1 1 1 1 1 0 0 1 1 1 2 2 3 5 5 8 8 13 15 15 18 17 17 15 15 5 2 2 2 4 4 5 5 7 7 7 5 
1 1 1 1 1 1 1 1 1 1 1 1 1 1 1 1 1 1 3 4 4 5 6 6 10 10 13 12 12 11 9 9 7 7 4 2 2 3 2 2 3 3 4 4 4 4 
1 1 1 1 1 1 1 1 1 1 1 1 1 1 1 1 1 1 3 4 4 5 6 6 10 10 13 12 12 11 9 9 7 7 4 2 2 3 2 2 3 3 4 4 4 4 
1 1 1 1 1 1 1 1 0 0 1 1 1 1 1 1 4 4 6 5 5 5 6 6 12 12 17 18 18 11 7 7 6 6 5 3 3 3 2 2 3 3 2 3 3 4 
0 0 0 0 0 0 0 0 0 0 1 0 0 1 1 1 2 2 3 4 4 4 5 5 5 5 9 16 16 10 9 9 7 7 5 6 6 7 6 6 3 3 2 3 3 4 
0 0 0 0 0 0 0 0 0 0 1 0 0 1 1 1 2 2 3 4 4 4 5 5 5 5 9 16 16 10 9 9 7 7 5 6 6 7 6 6 3 3 2 3 3 4 
0 0 0 0 0 0 0 0 0 0 0 1 1 1 1 1 2 2 3 3 3 2 3 3 4 4 6 10 10 8 8 8 6 6 5 9 9 11 9 9 6 6 4 3 3 3 
0 0 0 0 0 0 0 0 0 0 0 1 1 1 1 1 2 2 3 3 3 2 3 3 4 4 6 10 10 8 8 8 6 6 5 9 9 11 9 9 6 6 4 3 3 3 
0 0 0 0 0 0 0 0 0 0 0 1 1 1 1 1 2 2 3 3 3 4 5 5 7 7 10 9 9 7 6 6 6 6 7 9 9 10 6 6 5 5 4 4 4 2 
0 0 0 0 0 1 1 1 1 1 1 1 1 1 2 2 2 2 4 4 4 4 5 5 8 8 8 8 8 8 6 6 6 6 7 7 7 7 6 6 4 4 3 3 3 2 
0 0 0 0 0 1 1 1 1 1 1 1 1 1 2 2 2 2 4 4 4 4 5 5 8 8 8 8 8 8 6 6 6 6 7 7 7 7 6 6 4 4 3 3 3 2 
0 0 0 0 0 0 1 1 1 1 1 1 1 1 2 2 3 3 3 4 4 4 4 4 5 5 6 9 9 11 9 9 8 8 7 5 5 7 6 6 4 4 4 3 3 1 
1 1 0 0 0 0 0 0 1 1 2 1 1 1 3 3 3 3 3 4 4 4 4 4 5 5 5 11 11 14 12 12 11 11 9 8 8 8 8 8 6 6 5 4 4 2 
1 1 0 0 0 0 0 0 1 1 2 1 1 1 3 3 3 3 3 4 4 4 4 4 5 5 5 11 11 14 12 12 11 11 9 8 8 8 8 8 6 6 5 4 4 2 
3 3 2 0 0 0 1 1 1 1 1 1 1 1 2 2 2 2 2 3 3 2 4 4 4 4 4 11 11 16 15 15 14 14 11 11 11 11 11 11 10 10 6 5 5 3 
3 3 2 0 0 0 1 1 1 1 1 1 1 1 2 2 2 2 2 3 3 2 4 4 4 4 4 11 11 16 15 15 14 14 11 11 11 11 11 11 10 10 6 5 5 3 
1 1 1 1 1 1 1 1 1 1 1 1 1 1 2 2 3 3 2 3 3 3 3 3 2 2 3 7 7 15 15 15 15 15 12 13 13 15 13 13 12 12 9 8 8 6 
0 0 1 1 1 1 1 1 1 1 1 1 1 1 2 2 5 5 5 9 9 9 5 5 5 5 2 5 5 14 14 14 14 14 16 18 18 17 15 15 15 15 13 12 12 8 
0 0 1 1 1 1 1 1 1 1 1 1 1 1 2 2 5 5 5 9 9 9 5 5 5 5 2 5 5 14 14 14 14 14 16 18 18 17 15 15 15 15 13 12 12 8 
1 1 1 1 1 1 1 1 1 1 1 1 1 1 2 2 27 27 29 25 25 9 8 8 8 8 3 4 4 6 10 10 11 11 15 15 15 14 16 16 15 15 16 15 15 10 
0 0 0 1 1 1 1 1 2 2 2 1 1 1 2 2 7 7 33 30 30 28 10 10 7 7 3 5 5 7 6 6 8 8 10 12 12 11 12 12 14 14 17 16 16 11 
0 0 0 1 1 1 1 1 2 2 2 1 1 1 2 2 7 7 33 30 30 28 10 10 7 7 3 5 5 7 6 6 8 8 10 12 12 11 12 12 14 14 17 16 16 11 
0 0 0 1 1 1 1 1 2 2 3 3 3 3 2 2 2 2 28 26 26 29 11 11 9 9 5 4 4 6 5 5 6 6 10 9 9 8 8 8 9 9 13 13 13 9 
0 0 0 1 1 1 1 1 2 2 3 3 3 3 2 2 2 2 28 26 26 29 11 11 9 9 5 4 4 6 5 5 6 6 10 9 9 8 8 8 9 9 13 13 13 9 
0 0 0 1 1 1 1 1 1 1 3 4 4 4 5 5 4 4 8 8 8 5 10 10 9 9 3 4 4 5 6 6 6 6 8 6 6 7 8 8 9 9 7 4 4 2 
0 0 1 1 1 1 1 1 1 1 2 3 3 3 5 5 5 5 7 5 5 4 4 4 2 2 1 2 2 3 5 5 6 6 7 5 5 5 5 5 8 8 8 3 3 1 
0 0 1 1 1 1 1 1 1 1 2 3 3 3 5 5 5 5 7 5 5 4 4 4 2 2 1 2 2 3 5 5 6 6 7 5 5 5 5 5 8 8 8 3 3 1 
0 0 1 1 1 1 1 1 1 1 2 1 1 3 4 4 5 5 7 6 6 9 10 10 4 4 3 9 9 9 9 9 5 5 8 8 8 3 4 4 6 6 8 3 3 2 
0 0 0 1 1 1 1 1 2 2 2 2 2 2 3 3 3 3 5 11 11 10 9 9 4 4 10 8 8 10 11 11 6 6 8 9 9 4 5 5 6 6 8 8 8 3 
