assets/RAT_results_old/precipitation/2024-05-19_IMERG.asc
ncols        46
nrows        77
xllcorner    74.800261325624
yllcorner    8.058333333333
cellsize     0.062500000000
NODATA_value -9999
28 28 30 34 34 29 26 26 42 42 63 69 69 71 64 64 102 102 117 118 118 103 65 65 56 56 63 60 60 41 37 37 41 41 26 25 25 30 41 41 57 57 64 75 75 96 
26 26 22 16 16 16 30 30 51 51 63 74 74 73 58 58 78 78 91 116 116 103 69 69 62 62 63 49 49 34 39 39 46 46 31 30 30 33 39 39 51 51 62 93 93 92 
26 26 22 16 16 16 30 30 51 51 63 74 74 73 58 58 78 78 91 116 116 103 69 69 62 62 63 49 49 34 39 39 46 46 31 30 30 33 39 39 51 51 62 93 93 92 
32 32 26 23 23 19 20 20 19 19 45 71 71 71 64 64 76 76 101 101 101 89 61 61 59 59 63 50 50 39 45 45 58 58 44 44 44 49 54 54 62 62 72 78 78 78 
44 44 23 24 24 27 20 20 18 18 41 32 32 52 54 54 70 70 90 87 87 72 53 53 54 54 51 51 51 56 63 63 65 65 61 62 62 70 78 78 81 81 72 76 76 121 
44 44 23 24 24 27 20 20 18 18 41 32 32 52 54 54 70 70 90 87 87 72 53 53 54 54 51 51 51 56 63 63 65 65 61 62 62 70 78 78 81 81 72 76 76 121 
46 46 23 16 16 21 20 20 19 19 25 26 26 40 16 16 39 39 51 74 74 57 57 57 64 64 67 67 67 73 65 65 60 60 62 65 65 66 74 74 76 76 69 72 72 105 
46 46 23 16 16 21 20 20 19 19 25 26 26 40 16 16 39 39 51 74 74 57 57 57 64 64 67 67 67 73 65 65 60 60 62 65 65 66 74 74 76 76 69 72 72 105 
56 56 21 14 14 19 21 21 22 22 17 14 14 8 11 11 25 25 35 35 35 40 57 57 69 69 78 83 83 84 75 75 65 65 60 54 54 58 62 62 63 63 63 61 61 63 
50 50 26 10 10 14 21 21 22 22 13 16 16 21 7 7 5 5 11 20 20 26 44 44 51 51 61 65 65 79 67 67 57 57 53 48 48 51 51 51 49 49 49 51 51 50 
50 50 26 10 10 14 21 21 22 22 13 16 16 21 7 7 5 5 11 20 20 26 44 44 51 51 61 65 65 79 67 67 57 57 53 48 48 51 51 51 49 49 49 51 51 50 
104 104 18 10 10 16 23 23 31 31 24 31 31 17 4 4 5 5 9 15 15 11 28 28 30 30 30 26 26 49 39 39 43 43 51 51 51 42 44 44 49 49 53 55 55 47 
115 115 45 25 25 13 21 21 51 51 54 42 42 34 14 14 2 2 3 3 3 6 20 20 35 35 27 27 27 27 30 30 34 34 35 33 33 41 50 50 50 50 47 49 49 57 
115 115 45 25 25 13 21 21 51 51 54 42 42 34 14 14 2 2 3 3 3 6 20 20 35 35 27 27 27 27 30 30 34 34 35 33 33 41 50 50 50 50 47 49 49 57 
169 169 173 39 39 25 27 27 37 37 37 43 43 34 18 18 11 11 5 3 3 4 28 28 44 44 39 40 40 27 24 24 15 15 24 31 31 40 47 47 49 49 52 44 44 44 
169 169 173 39 39 25 27 27 37 37 37 43 43 34 18 18 11 11 5 3 3 4 28 28 44 44 39 40 40 27 24 24 15 15 24 31 31 40 47 47 49 49 52 44 44 44 
46 46 82 44 44 28 30 30 29 29 31 46 46 35 15 15 10 10 4 3 3 6 32 32 36 36 35 38 38 35 19 19 21 21 29 43 43 40 47 47 57 57 58 50 50 34 
32 32 51 64 64 34 29 29 26 26 28 30 30 36 18 18 10 10 2 13 13 18 22 22 35 35 28 24 24 31 26 26 35 35 44 47 47 47 53 53 57 57 59 54 54 38 
32 32 51 64 64 34 29 29 26 26 28 30 30 36 18 18 10 10 2 13 13 18 22 22 35 35 28 24 24 31 26 26 35 35 44 47 47 47 53 53 57 57 59 54 54 38 
27 27 40 77 77 58 29 29 30 30 28 29 29 33 25 25 13 13 9 22 22 29 8 8 12 12 17 16 16 27 29 29 39 39 53 44 44 49 54 54 54 54 57 52 52 45 
28 28 38 61 61 95 50 50 36 36 49 43 43 39 30 30 25 25 13 26 26 21 21 21 11 11 17 16 16 29 32 32 34 34 33 46 46 45 48 48 45 45 48 48 48 48 
28 28 38 61 61 95 50 50 36 36 49 43 43 39 30 30 25 25 13 26 26 21 21 21 11 11 17 16 16 29 32 32 34 34 33 46 46 45 48 48 45 45 48 48 48 48 
34 34 43 48 48 122 69 69 57 57 44 42 42 55 86 86 37 37 23 20 20 17 25 25 14 14 19 24 24 32 31 31 32 32 31 39 39 44 49 49 43 43 48 47 47 42 
34 34 43 48 48 122 69 69 57 57 44 42 42 55 86 86 37 37 23 20 20 17 25 25 14 14 19 24 24 32 31 31 32 32 31 39 39 44 49 49 43 43 48 47 47 42 
41 41 48 59 59 73 77 77 86 86 76 62 62 51 90 90 45 45 37 24 24 30 22 22 16 16 20 24 24 27 28 28 30 30 27 29 29 41 56 56 53 53 52 50 50 49 
47 47 61 72 72 76 89 89 92 92 82 68 68 78 89 89 90 90 34 22 22 20 25 25 25 25 21 19 19 22 26 26 26 26 22 29 29 39 55 55 60 60 52 43 43 41 
47 47 61 72 72 76 89 89 92 92 82 68 68 78 89 89 90 90 34 22 22 20 25 25 25 25 21 19 19 22 26 26 26 26 22 29 29 39 55 55 60 60 52 43 43 41 
55 55 61 69 69 78 99 99 86 86 197 89 89 69 106 106 86 86 36 32 32 19 21 21 16 16 16 10 10 15 16 16 19 19 22 25 25 30 48 48 53 53 45 37 37 33 
50 50 67 76 76 87 99 99 94 94 86 75 75 75 95 95 88 88 47 41 41 20 17 17 14 14 19 7 7 13 13 13 15 15 17 23 23 27 38 38 40 40 40 39 39 41 
50 50 67 76 76 87 99 99 94 94 86 75 75 75 95 95 88 88 47 41 41 20 17 17 14 14 19 7 7 13 13 13 15 15 17 23 23 27 38 38 40 40 40 39 39 41 
63 63 73 79 79 77 79 79 65 65 83 77 77 82 45 45 60 60 26 22 22 17 20 20 21 21 22 14 14 9 9 9 9 9 13 19 19 26 34 34 38 38 43 42 42 46 
63 63 73 79 79 77 79 79 65 65 83 77 77 82 45 45 60 60 26 22 22 17 20 20 21 21 22 14 14 9 9 9 9 9 13 19 19 26 34 34 38 38 43 42 42 46 
84 84 320 105 105 79 71 71 59 59 53 44 44 57 46 46 63 63 38 24 24 18 14 14 33 33 37 21 21 55 18 18 9 9 13 23 23 31 38 38 42 42 51 56 56 59 
322 322 186 74 74 54 56 56 53 53 54 48 48 48 50 50 32 32 26 25 25 21 25 25 35 35 49 43 43 42 36 36 22 22 19 28 28 33 36 36 43 43 45 56 56 58 
322 322 186 74 74 54 56 56 53 53 54 48 48 48 50 50 32 32 26 25 25 21 25 25 35 35 49 43 43 42 36 36 22 22 19 28 28 33 36 36 43 43 45 56 56 58 
150 150 77 45 45 42 47 47 43 43 46 61 61 61 57 57 37 37 32 53 53 42 31 31 37 37 48 52 52 43 47 47 36 36 26 29 29 30 29 29 33 33 37 47 47 56 
74 74 42 36 36 43 42 42 33 33 42 51 51 48 42 42 40 40 35 27 27 35 32 32 26 26 33 67 67 68 54 54 42 42 34 27 27 26 26 26 30 30 34 41 41 54 
74 74 42 36 36 43 42 42 33 33 42 51 51 48 42 42 40 40 35 27 27 35 32 32 26 26 33 67 67 68 54 54 42 42 34 27 27 26 26 26 30 30 34 41 41 54 
56 56 42 38 38 39 31 31 32 32 35 55 55 60 71 71 66 66 43 15 15 24 22 22 26 26 34 39 39 45 25 25 19 19 24 19 19 21 21 21 25 25 40 39 39 45 
56 56 42 38 38 39 31 31 32 32 35 55 55 60 71 71 66 66 43 15 15 24 22 22 26 26 34 39 39 45 25 25 19 19 24 19 19 21 21 21 25 25 40 39 39 45 
58 58 49 45 45 43 43 43 39 39 35 42 42 70 82 82 97 97 56 63 63 42 42 42 38 38 30 41 41 20 11 11 12 12 9 12 12 15 18 18 20 20 26 33 33 30 
48 48 52 49 49 52 45 45 43 43 44 33 33 38 54 54 122 122 96 112 112 37 32 32 18 18 14 17 17 5 6 6 4 4 9 13 13 11 12 12 19 19 20 28 28 31 
48 48 52 49 49 52 45 45 43 43 44 33 33 38 54 54 122 122 96 112 112 37 32 32 18 18 14 17 17 5 6 6 4 4 9 13 13 11 12 12 19 19 20 28 28 31 
48 48 58 61 61 55 62 62 85 85 59 53 53 40 60 60 84 84 26 99 99 27 25 25 22 22 16 16 16 15 14 14 8 8 9 9 9 10 10 10 13 13 17 25 25 27 
53 53 75 78 78 58 82 82 99 99 89 60 60 64 68 68 64 64 24 93 93 40 19 19 13 13 14 6 6 10 2 2 4 4 6 13 13 9 10 10 11 11 15 25 25 31 
53 53 75 78 78 58 82 82 99 99 89 60 60 64 68 68 64 64 24 93 93 40 19 19 13 13 14 6 6 10 2 2 4 4 6 13 13 9 10 10 11 11 15 25 25 31 
56 56 70 72 72 61 71 71 100 100 140 95 95 76 46 46 55 55 49 30 30 25 14 14 4 4 6 3 3 3 4 4 5 5 9 12 12 12 10 10 12 12 16 19 19 23 
56 56 70 72 72 61 71 71 100 100 140 95 95 76 46 46 55 55 49 30 30 25 14 14 4 4 6 3 3 3 4 4 5 5 9 12 12 12 10 10 12 12 16 19 19 23 
48 48 51 49 49 56 47 47 75 75 54 66 66 57 45 45 26 26 26 83 83 55 5 5 6 6 11 6 6 3 5 5 6 6 13 19 19 13 11 11 13 13 18 19 19 21 
29 29 28 26 26 43 38 38 41 41 47 52 52 50 32 32 25 25 12 31 31 57 17 17 6 6 12 7 7 2 2 2 7 7 15 25 25 15 12 12 12 12 16 18 18 18 
29 29 28 26 26 43 38 38 41 41 47 52 52 50 32 32 25 25 12 31 31 57 17 17 6 6 12 7 7 2 2 2 7 7 15 25 25 15 12 12 12 12 16 18 18 18 
29 29 24 36 36 37 43 43 48 48 27 37 37 29 26 26 26 26 25 17 17 7 5 5 6 6 11 14 14 6 7 7 6 6 7 13 13 10 11 11 11 11 14 17 17 19 
24 24 22 36 36 44 60 60 34 34 26 24 24 26 30 30 35 35 42 38 38 16 6 6 9 9 3 8 8 8 18 18 18 18 14 14 14 14 12 12 11 11 13 14 14 16 
24 24 22 36 36 44 60 60 34 34 26 24 24 26 30 30 35 35 42 38 38 16 6 6 9 9 3 8 8 8 18 18 18 18 14 14 14 14 12 12 11 11 13 14 14 16 
22 22 22 37 37 33 42 42 32 32 19 19 19 23 31 31 37 37 38 34 34 18 5 5 2 2 3 17 17 2 7 7 14 14 17 13 13 19 15 15 9 9 10 12 12 16 
22 22 22 37 37 33 42 42 32 32 19 19 19 23 31 31 37 37 38 34 34 18 5 5 2 2 3 17 17 2 7 7 14 14 17 13 13 19 15 15 9 9 10 12 12 16 
19 19 19 27 27 28 46 46 43 43 31 22 22 17 25 25 33 33 39 34 34 14 7 7 6 6 13 10 10 6 6 6 12 12 14 16 16 12 12 12 10 10 9 10 10 11 
33 33 28 31 31 33 34 34 42 42 47 34 34 22 30 30 38 38 47 37 37 20 4 4 8 8 10 30 30 23 9 9 13 13 4 9 9 10 15 15 16 16 7 8 8 8 
33 33 28 31 31 33 34 34 42 42 47 34 34 22 30 30 38 38 47 37 37 20 4 4 8 8 10 30 30 23 9 9 13 13 4 9 9 10 15 15 16 16 7 8 8 8 
32 32 33 44 44 33 28 28 40 40 44 46 46 26 36 36 49 49 40 24 24 21 18 18 21 21 7 16 16 11 5 5 3 3 4 12 12 20 16 16 23 23 13 11 11 12 
44 44 43 40 40 29 31 31 39 39 43 44 44 35 37 37 39 39 30 25 25 24 22 22 23 23 16 5 5 4 13 13 10 10 7 7 7 29 16 16 35 35 21 21 21 24 
44 44 43 40 40 29 31 31 39 39 43 44 44 35 37 37 39 39 30 25 25 24 22 22 23 23 16 5 5 4 13 13 10 10 7 7 7 29 16 16 35 35 21 21 21 24 
43 43 40 38 38 33 33 33 41 41 38 28 28 26 27 27 31 31 35 33 33 34 24 24 19 19 11 3 3 8 25 25 14 14 9 8 8 14 10 10 13 13 16 21 21 25 
43 43 40 38 38 33 33 33 41 41 38 28 28 26 27 27 31 31 35 33 33 34 24 24 19 19 11 3 3 8 25 25 14 14 9 8 8 14 10 10 13 13 16 21 21 25 
44 44 38 35 35 28 38 38 43 43 41 20 20 26 25 25 29 29 33 35 35 34 37 37 28 28 12 7 7 9 25 25 15 15 8 5 5 5 4 4 7 7 7 11 11 14 
45 45 43 44 44 51 41 41 51 51 46 37 37 28 36 36 36 36 45 36 36 32 41 41 39 39 19 8 8 3 15 15 24 24 10 7 7 2 2 2 3 3 2 3 3 3 
45 45 43 44 44 51 41 41 51 51 46 37 37 28 36 36 36 36 45 36 36 32 41 41 39 39 19 8 8 3 15 15 24 24 10 7 7 2 2 2 3 3 2 3 3 3 
58 58 56 55 55 47 56 56 52 52 60 40 40 43 42 42 32 32 44 39 39 40 42 42 39 39 23 11 11 8 5 5 11 11 5 5 5 5 1 1 1 1 1 1 1 1 
34 34 45 48 48 54 41 41 39 39 48 73 73 43 21 21 24 24 37 36 36 44 47 47 38 38 51 61 61 14 56 56 13 13 11 3 3 1 1 1 1 1 1 1 1 1 
34 34 45 48 48 54 41 41 39 39 48 73 73 43 21 21 24 24 37 36 36 44 47 47 38 38 51 61 61 14 56 56 13 13 11 3 3 1 1 1 1 1 1 1 1 1 
51 51 65 78 78 62 39 39 37 37 75 74 74 14 11 11 17 17 34 29 29 32 38 38 39 39 58 49 49 24 5 5 61 61 3 4 4 4 4 4 0 0 4 4 4 1 
51 51 65 78 78 62 39 39 37 37 75 74 74 14 11 11 17 17 34 29 29 32 38 38 39 39 58 49 49 24 5 5 61 61 3 4 4 4 4 4 0 0 4 4 4 1 
90 90 65 59 59 43 40 40 41 41 39 22 22 8 7 7 15 15 23 20 20 22 27 27 25 25 48 46 46 14 18 18 25 25 7 2 2 11 9 9 6 6 1 1 1 1 
81 81 57 47 47 47 45 45 38 38 42 14 14 8 8 8 11 11 12 14 14 20 19 19 16 16 54 41 41 19 13 13 22 22 12 9 9 6 9 9 5 5 6 1 1 1 
81 81 57 47 47 47 45 45 38 38 42 14 14 8 8 8 11 11 12 14 14 20 19 19 16 16 54 41 41 19 13 13 22 22 12 9 9 6 9 9 5 5 6 1 1 1 
74 74 77 66 66 43 39 39 28 28 23 11 11 9 8 8 11 11 13 13 13 13 13 13 16 16 40 45 45 29 21 21 17 17 14 20 20 9 10 10 12 12 9 17 17 2 
58 58 65 66 66 58 43 43 19 19 25 10 10 23 11 11 13 13 14 12 12 12 12 12 26 26 31 30 30 26 24 24 25 25 31 18 18 11 9 9 10 10 12 8 8 2 
