assets/RAT_results_old/precipitation/2024-09-30_IMERG.asc
ncols        46
nrows        77
xllcorner    74.800261325624
yllcorner    8.058333333333
cellsize     0.062500000000
NODATA_value -9999
11 11 11 25 25 11 12 12 17 17 7 8 8 2 1 1 2 2 2 9 9 8 3 3 1 1 0 0 0 0 0 0 0 0 0 0 0 0 0 0 0 0 0 0 0 0 
8 8 6 9 9 10 13 13 10 10 9 3 3 1 0 0 0 0 0 1 1 1 0 0 0 0 0 0 0 0 0 0 0 0 0 0 0 0 0 0 2 2 0 0 0 0 
8 8 6 9 9 10 13 13 10 10 9 3 3 1 0 0 0 0 0 1 1 1 0 0 0 0 0 0 0 0 0 0 0 0 0 0 0 0 0 0 2 2 0 0 0 0 
5 5 7 6 6 6 7 7 9 9 9 4 4 1 1 1 1 1 0 0 0 0 0 0 0 0 0 0 0 0 0 0 0 0 0 0 0 0 0 0 4 4 0 0 0 0 
4 4 10 10 10 8 12 12 18 18 23 19 19 14 10 10 7 7 4 0 0 0 0 0 0 0 0 0 0 0 0 0 0 0 0 0 0 0 0 0 2 2 0 0 0 0 
4 4 10 10 10 8 12 12 18 18 23 19 19 14 10 10 7 7 4 0 0 0 0 0 0 0 0 0 0 0 0 0 0 0 0 0 0 0 0 0 2 2 0 0 0 0 
6 6 16 9 9 13 28 28 24 24 22 19 19 11 8 8 7 7 6 3 3 0 0 0 0 0 1 0 0 0 0 0 0 0 0 0 0 0 0 0 0 0 0 0 0 0 
6 6 16 9 9 13 28 28 24 24 22 19 19 11 8 8 7 7 6 3 3 0 0 0 0 0 1 0 0 0 0 0 0 0 0 0 0 0 0 0 0 0 0 0 0 0 
3 3 6 7 7 9 11 11 16 16 8 3 3 1 0 0 0 0 0 0 0 0 0 0 0 0 0 0 0 0 0 0 0 0 0 0 0 0 0 0 0 0 0 0 0 0 
1 1 1 3 3 3 4 4 5 5 9 4 4 0 0 0 0 0 0 0 0 0 0 0 0 0 0 0 0 0 0 0 0 0 0 0 0 0 0 0 0 0 0 0 0 0 
1 1 1 3 3 3 4 4 5 5 9 4 4 0 0 0 0 0 0 0 0 0 0 0 0 0 0 0 0 0 0 0 0 0 0 0 0 0 0 0 0 0 0 0 0 0 
0 0 0 0 0 1 1 1 0 0 12 2 2 0 0 0 0 0 0 0 0 0 0 0 0 0 0 0 0 0 0 0 0 0 0 0 0 0 0 0 0 0 0 0 0 0 
0 0 0 0 0 2 1 1 0 0 1 1 1 1 0 0 0 0 0 0 0 1 1 1 0 0 0 0 0 0 0 0 0 0 0 0 0 0 0 0 0 0 0 0 0 0 
0 0 0 0 0 2 1 1 0 0 1 1 1 1 0 0 0 0 0 0 0 1 1 1 0 0 0 0 0 0 0 0 0 0 0 0 0 0 0 0 0 0 0 0 0 0 
1 1 0 0 0 0 2 2 2 2 2 3 3 3 1 1 0 0 0 0 0 0 1 1 1 1 1 0 0 3 2 2 1 1 0 2 2 1 0 0 0 0 0 0 0 0 
1 1 0 0 0 0 2 2 2 2 2 3 3 3 1 1 0 0 0 0 0 0 1 1 1 1 1 0 0 3 2 2 1 1 0 2 2 1 0 0 0 0 0 0 0 0 
1 1 1 0 0 0 0 0 3 3 3 5 5 6 4 4 2 2 1 0 0 0 0 0 0 0 1 1 1 5 3 3 2 2 0 5 5 2 0 0 0 0 0 0 0 0 
1 1 1 1 1 1 0 0 1 1 3 5 5 5 4 4 4 4 2 0 0 0 0 0 0 0 0 1 1 1 0 0 0 0 0 3 3 0 0 0 0 0 0 0 0 0 
1 1 1 1 1 1 0 0 1 1 3 5 5 5 4 4 4 4 2 0 0 0 0 0 0 0 0 1 1 1 0 0 0 0 0 3 3 0 0 0 0 0 0 0 0 0 
1 1 1 1 1 1 1 1 1 1 1 2 2 4 4 4 4 4 2 0 0 0 0 0 0 0 1 1 1 1 0 0 0 0 0 0 0 0 0 0 0 0 0 0 0 0 
1 1 1 1 1 0 0 0 0 0 1 1 1 1 2 2 9 9 1 0 0 0 1 1 2 2 2 0 0 0 0 0 0 0 0 0 0 0 0 0 0 0 0 0 0 0 
1 1 1 1 1 0 0 0 0 0 1 1 1 1 2 2 9 9 1 0 0 0 1 1 2 2 2 0 0 0 0 0 0 0 0 0 0 0 0 0 0 0 0 0 0 0 
1 1 1 1 1 1 1 1 1 1 1 1 1 1 1 1 1 1 1 1 1 1 5 5 7 7 5 0 0 0 0 0 0 0 0 0 0 0 0 0 0 0 0 0 0 0 
1 1 1 1 1 1 1 1 1 1 1 1 1 1 1 1 1 1 1 1 1 1 5 5 7 7 5 0 0 0 0 0 0 0 0 0 0 0 0 0 0 0 0 0 0 0 
1 1 1 1 1 1 1 1 1 1 1 1 1 2 2 2 4 4 3 2 2 2 1 1 3 3 3 1 1 0 0 0 0 0 0 0 0 0 0 0 0 0 0 0 0 0 
1 1 1 1 1 1 1 1 1 1 1 1 1 2 3 3 6 6 5 4 4 4 1 1 1 1 2 1 1 0 0 0 0 0 0 0 0 0 0 0 0 0 1 0 0 0 
1 1 1 1 1 1 1 1 1 1 1 1 1 2 3 3 6 6 5 4 4 4 1 1 1 1 2 1 1 0 0 0 0 0 0 0 0 0 0 0 0 0 1 0 0 0 
2 2 2 2 2 2 2 2 2 2 3 3 3 3 5 5 9 9 8 7 7 5 2 2 0 0 1 1 1 0 0 0 1 1 0 0 0 0 0 0 0 0 2 0 0 0 
2 2 2 3 3 3 3 3 3 3 3 3 3 4 5 5 10 10 8 6 6 4 2 2 0 0 0 0 0 0 0 0 6 6 4 0 0 0 0 0 0 0 0 0 0 2 
2 2 2 3 3 3 3 3 3 3 3 3 3 4 5 5 10 10 8 6 6 4 2 2 0 0 0 0 0 0 0 0 6 6 4 0 0 0 0 0 0 0 0 0 0 2 
2 2 2 2 2 2 1 1 1 1 1 2 2 2 3 3 4 4 4 4 4 4 3 3 0 0 0 0 0 0 0 0 6 6 6 0 0 0 0 0 0 0 0 0 0 2 
2 2 2 2 2 2 1 1 1 1 1 2 2 2 3 3 4 4 4 4 4 4 3 3 0 0 0 0 0 0 0 0 6 6 6 0 0 0 0 0 0 0 0 0 0 2 
2 2 2 2 2 2 1 1 1 1 1 1 1 2 2 2 2 2 3 3 3 3 4 4 2 2 2 0 0 0 0 0 0 0 0 0 0 0 0 0 0 0 0 2 2 2 
1 1 1 1 1 1 1 1 1 1 1 1 1 1 1 1 1 1 1 1 1 2 2 2 1 1 0 0 0 0 0 0 0 0 0 0 0 0 0 0 0 0 0 2 2 2 
1 1 1 1 1 1 1 1 1 1 1 1 1 1 1 1 1 1 1 1 1 2 2 2 1 1 0 0 0 0 0 0 0 0 0 0 0 0 0 0 0 0 0 2 2 2 
1 1 1 1 1 1 2 2 2 2 2 2 2 2 1 1 1 1 1 1 1 1 1 1 1 1 0 0 0 0 0 0 0 0 0 0 0 0 0 0 0 0 2 2 2 1 
1 1 1 1 1 2 2 2 2 2 2 2 2 2 2 2 1 1 2 1 1 1 1 1 1 1 1 0 0 1 0 0 0 0 0 0 0 0 0 0 0 0 5 5 5 4 
1 1 1 1 1 2 2 2 2 2 2 2 2 2 2 2 1 1 2 1 1 1 1 1 1 1 1 0 0 1 0 0 0 0 0 0 0 0 0 0 0 0 5 5 5 4 
1 1 1 1 1 2 2 2 2 2 2 2 2 3 2 2 2 2 2 1 1 2 1 1 2 2 1 1 1 0 0 0 0 0 0 0 0 0 0 0 1 1 5 8 8 7 
1 1 1 1 1 2 2 2 2 2 2 2 2 3 2 2 2 2 2 1 1 2 1 1 2 2 1 1 1 0 0 0 0 0 0 0 0 0 0 0 1 1 5 8 8 7 
1 1 1 2 2 2 2 2 2 2 2 2 2 3 3 3 2 2 2 1 1 2 2 2 2 2 2 1 1 0 0 0 0 0 1 1 1 0 1 1 3 3 5 5 5 4 
1 1 2 2 2 2 2 2 2 2 3 3 3 3 3 3 2 2 2 2 2 2 4 4 3 3 4 2 2 4 4 4 0 0 1 1 1 0 3 3 2 2 3 3 3 3 
1 1 2 2 2 2 2 2 2 2 3 3 3 3 3 3 2 2 2 2 2 2 4 4 3 3 4 2 2 4 4 4 0 0 1 1 1 0 3 3 2 2 3 3 3 3 
1 1 1 1 1 2 2 2 2 2 2 2 2 3 3 3 2 2 2 2 2 1 2 2 2 2 2 2 2 3 3 3 2 2 3 2 2 2 3 3 2 2 2 2 2 1 
2 2 2 2 2 2 2 2 2 2 2 2 2 2 2 2 2 2 2 2 2 1 3 3 3 3 3 1 1 0 1 1 0 0 2 1 1 1 1 1 1 1 1 0 0 0 
2 2 2 2 2 2 2 2 2 2 2 2 2 2 2 2 2 2 2 2 2 1 3 3 3 3 3 1 1 0 1 1 0 0 2 1 1 1 1 1 1 1 1 0 0 0 
1 1 1 2 2 2 2 2 2 2 2 2 2 2 2 2 1 1 1 2 2 1 1 1 3 3 4 3 3 2 1 1 3 3 3 1 1 2 1 1 1 1 0 0 0 0 
1 1 1 2 2 2 2 2 2 2 2 2 2 2 2 2 1 1 1 2 2 1 1 1 3 3 4 3 3 2 1 1 3 3 3 1 1 2 1 1 1 1 0 0 0 0 
2 2 2 2 2 1 2 2 1 1 2 2 2 2 2 2 1 1 1 1 1 1 1 1 3 3 4 3 3 2 1 1 2 2 2 3 3 5 3 3 1 1 0 0 0 0 
6 6 3 2 2 2 2 2 2 2 2 2 2 2 2 2 1 1 1 1 1 1 1 1 3 3 4 3 3 2 1 1 2 2 1 2 2 3 2 2 0 0 0 0 0 0 
6 6 3 2 2 2 2 2 2 2 2 2 2 2 2 2 1 1 1 1 1 1 1 1 3 3 4 3 3 2 1 1 2 2 1 2 2 3 2 2 0 0 0 0 0 0 
6 6 3 3 3 3 2 2 2 2 2 2 2 2 2 2 2 2 1 1 1 1 1 1 3 3 4 6 6 1 0 0 1 1 2 2 2 2 1 1 0 0 0 0 0 0 
7 7 3 4 4 5 6 6 6 6 3 3 3 3 3 3 2 2 2 1 1 1 1 1 3 3 2 3 3 4 3 3 2 2 3 3 3 2 2 2 1 1 1 1 1 1 
7 7 3 4 4 5 6 6 6 6 3 3 3 3 3 3 2 2 2 1 1 1 1 1 3 3 2 3 3 4 3 3 2 2 3 3 3 2 2 2 1 1 1 1 1 1 
6 6 6 7 7 9 9 9 9 9 8 6 6 5 5 5 3 3 2 2 2 1 1 1 3 3 4 3 3 3 3 3 3 3 2 2 2 5 3 3 3 3 3 2 2 1 
6 6 6 7 7 9 9 9 9 9 8 6 6 5 5 5 3 3 2 2 2 1 1 1 3 3 4 3 3 3 3 3 3 3 2 2 2 5 3 3 3 3 3 2 2 1 
10 10 12 14 14 14 12 12 11 11 9 7 7 6 4 4 3 3 3 3 3 3 2 2 4 4 4 3 3 3 6 6 7 7 9 8 8 6 5 5 4 4 1 1 1 1 
20 20 24 22 22 25 17 17 14 14 14 15 15 18 13 13 12 12 10 7 7 3 3 3 2 2 4 4 4 2 2 2 3 3 4 4 4 4 3 3 2 2 2 0 0 0 
20 20 24 22 22 25 17 17 14 14 14 15 15 18 13 13 12 12 10 7 7 3 3 3 2 2 4 4 4 2 2 2 3 3 4 4 4 4 3 3 2 2 2 0 0 0 
15 15 15 17 17 17 16 16 13 13 14 16 16 17 14 14 12 12 12 11 11 6 5 5 3 3 6 3 3 3 3 3 3 3 2 1 1 2 2 2 1 1 1 0 0 0 
11 11 10 11 11 11 12 12 12 12 16 20 20 29 31 31 33 33 30 22 22 18 15 15 4 4 6 4 4 2 2 2 3 3 3 3 3 3 2 2 1 1 0 0 0 0 
11 11 10 11 11 11 12 12 12 12 16 20 20 29 31 31 33 33 30 22 22 18 15 15 4 4 6 4 4 2 2 2 3 3 3 3 3 3 2 2 1 1 0 0 0 0 
8 8 7 8 8 9 10 10 11 11 13 17 17 22 24 24 22 22 21 17 17 13 9 9 3 3 2 2 2 2 1 1 1 1 2 2 2 2 2 2 1 1 0 0 0 0 
8 8 7 8 8 9 10 10 11 11 13 17 17 22 24 24 22 22 21 17 17 13 9 9 3 3 2 2 2 2 1 1 1 1 2 2 2 2 2 2 1 1 0 0 0 0 
7 7 7 7 7 8 9 9 9 9 12 17 17 21 22 22 18 18 14 11 11 8 6 6 4 4 2 2 2 3 2 2 2 2 1 1 1 1 1 1 0 0 0 0 0 0 
8 8 7 7 7 7 7 7 7 7 8 9 9 10 11 11 11 11 12 10 10 9 10 10 9 9 6 5 5 8 7 7 5 5 3 2 2 2 1 1 1 1 2 0 0 0 
8 8 7 7 7 7 7 7 7 7 8 9 9 10 11 11 11 11 12 10 10 9 10 10 9 9 6 5 5 8 7 7 5 5 3 2 2 2 1 1 1 1 2 0 0 0 
6 6 5 5 5 6 5 5 5 5 8 8 8 9 8 8 9 9 8 6 6 5 6 6 5 5 5 4 4 5 6 6 4 4 3 1 1 0 0 0 1 1 3 1 1 0 
4 4 4 4 4 4 3 3 4 4 6 6 6 6 4 4 4 4 4 3 3 2 2 2 2 2 2 2 2 1 2 2 3 3 3 2 2 2 1 1 0 0 2 0 0 0 
4 4 4 4 4 4 3 3 4 4 6 6 6 6 4 4 4 4 4 3 3 2 2 2 2 2 2 2 2 1 2 2 3 3 3 2 2 2 1 1 0 0 2 0 0 0 
1 1 1 2 2 1 1 1 1 1 1 2 2 2 2 2 2 2 2 3 3 2 3 3 3 3 3 3 3 2 2 2 3 3 7 6 6 6 4 4 2 2 1 1 1 0 
1 1 1 2 2 1 1 1 1 1 1 2 2 2 2 2 2 2 2 3 3 2 3 3 3 3 3 3 3 2 2 2 3 3 7 6 6 6 4 4 2 2 1 1 1 0 
1 1 0 0 0 0 0 0 0 0 1 1 1 1 1 1 1 1 2 2 2 2 3 3 3 3 4 6 6 5 3 3 3 3 9 8 8 8 6 6 5 5 8 7 7 5 
4 4 2 1 1 0 0 0 0 0 0 0 0 1 1 1 1 1 2 2 2 2 3 3 3 3 3 4 4 3 2 2 2 2 1 1 1 5 4 4 3 3 3 2 2 2 
4 4 2 1 1 0 0 0 0 0 0 0 0 1 1 1 1 1 2 2 2 2 3 3 3 3 3 4 4 3 2 2 2 2 1 1 1 5 4 4 3 3 3 2 2 2 
4 4 2 1 1 0 0 0 0 0 0 0 0 0 0 0 0 0 0 0 0 0 1 1 1 1 2 2 2 2 1 1 1 1 1 0 0 0 4 4 3 3 2 2 2 4 
1 1 0 0 0 0 0 0 0 0 0 0 0 0 0 0 0 0 1 1 1 1 2 2 4 4 3 1 1 2 1 1 1 1 0 0 0 0 0 0 2 2 4 2 2 2 
