assets/RAT_results_old/precipitation/2024-11-17_IMERG.asc
ncols        46
nrows        77
xllcorner    74.800261325624
yllcorner    8.058333333333
cellsize     0.062500000000
NODATA_value -9999
55 55 29 20 20 10 4 4 2 2 1 1 1 2 1 1 0 0 1 0 0 0 1 1 1 1 0 0 0 0 0 0 0 0 0 0 0 0 0 0 0 0 0 0 0 0 
35 35 21 14 14 10 7 7 7 7 4 2 2 1 2 2 3 3 2 1 1 0 0 0 0 0 0 0 0 1 1 1 4 4 1 1 1 1 1 1 0 0 0 0 0 0 
35 35 21 14 14 10 7 7 7 7 4 2 2 1 2 2 3 3 2 1 1 0 0 0 0 0 0 0 0 1 1 1 4 4 1 1 1 1 1 1 0 0 0 0 0 0 
30 30 21 19 19 18 21 21 19 19 15 7 7 5 6 6 10 10 8 3 3 0 0 0 0 0 0 0 0 0 0 0 0 0 0 0 0 0 0 0 0 0 0 0 0 0 
39 39 28 27 27 25 26 26 10 10 12 5 5 7 6 6 5 5 4 1 1 0 0 0 1 1 0 0 0 0 0 0 0 0 0 0 0 0 0 0 0 0 0 0 0 0 
39 39 28 27 27 25 26 26 10 10 12 5 5 7 6 6 5 5 4 1 1 0 0 0 1 1 0 0 0 0 0 0 0 0 0 0 0 0 0 0 0 0 0 0 0 0 
22 22 36 29 29 24 16 16 10 10 12 5 5 4 2 2 0 0 0 0 0 0 1 1 0 0 0 0 0 0 0 0 0 0 0 0 0 0 0 0 0 0 0 0 0 0 
22 22 36 29 29 24 16 16 10 10 12 5 5 4 2 2 0 0 0 0 0 0 1 1 0 0 0 0 0 0 0 0 0 0 0 0 0 0 0 0 0 0 0 0 0 0 
12 12 21 14 14 9 4 4 2 2 1 1 1 1 0 0 0 0 0 1 1 1 1 1 0 0 0 0 0 0 0 0 0 0 0 0 0 0 0 0 0 0 0 0 0 0 
6 6 19 24 24 17 16 16 4 4 1 0 0 0 0 0 0 0 0 0 0 0 0 0 0 0 0 0 0 0 0 0 0 0 0 0 0 0 0 0 0 0 0 0 0 0 
6 6 19 24 24 17 16 16 4 4 1 0 0 0 0 0 0 0 0 0 0 0 0 0 0 0 0 0 0 0 0 0 0 0 0 0 0 0 0 0 0 0 0 0 0 0 
5 5 7 9 9 8 5 5 2 2 0 0 0 0 0 0 0 0 0 0 0 0 0 0 0 0 0 0 0 0 0 0 0 0 0 0 0 0 0 0 0 0 0 0 0 0 
4 4 4 6 6 5 3 3 2 2 0 0 0 5 2 2 0 0 0 0 0 0 0 0 0 0 0 0 0 0 0 0 0 0 0 0 0 0 0 0 0 0 0 0 0 0 
4 4 4 6 6 5 3 3 2 2 0 0 0 5 2 2 0 0 0 0 0 0 0 0 0 0 0 0 0 0 0 0 0 0 0 0 0 0 0 0 0 0 0 0 0 0 
1 1 2 6 6 6 5 5 3 3 2 3 3 4 1 1 0 0 0 0 0 0 0 0 0 0 0 0 0 0 0 0 0 0 0 0 0 0 0 0 0 0 0 0 0 0 
1 1 2 6 6 6 5 5 3 3 2 3 3 4 1 1 0 0 0 0 0 0 0 0 0 0 0 0 0 0 0 0 0 0 0 0 0 0 0 0 0 0 0 0 0 0 
3 3 1 6 6 15 14 14 12 12 11 8 8 3 1 1 1 1 1 1 1 0 0 0 0 0 0 0 0 0 0 0 0 0 0 0 0 0 0 0 0 0 0 0 0 0 
3 3 2 7 7 13 15 15 15 15 13 9 9 4 3 3 2 2 2 1 1 0 0 0 0 0 0 0 0 0 1 1 1 1 0 0 0 0 0 0 0 0 0 0 0 0 
3 3 2 7 7 13 15 15 15 15 13 9 9 4 3 3 2 2 2 1 1 0 0 0 0 0 0 0 0 0 1 1 1 1 0 0 0 0 0 0 0 0 0 0 0 0 
7 7 5 4 4 8 13 13 16 16 18 14 14 9 5 5 3 3 2 1 1 1 0 0 0 0 0 0 0 0 0 0 0 0 0 0 0 0 0 0 0 0 0 0 0 0 
10 10 8 5 5 6 11 11 15 15 19 13 13 9 5 5 3 3 3 2 2 0 0 0 1 1 1 2 2 1 3 3 2 2 1 1 1 1 0 0 0 0 0 0 0 0 
10 10 8 5 5 6 11 11 15 15 19 13 13 9 5 5 3 3 3 2 2 0 0 0 1 1 1 2 2 1 3 3 2 2 1 1 1 1 0 0 0 0 0 0 0 0 
8 8 7 5 5 4 5 5 6 6 6 7 7 6 6 6 7 7 3 1 1 0 1 1 0 0 2 2 2 1 0 0 0 0 0 0 0 0 0 0 0 0 0 0 0 0 
8 8 7 5 5 4 5 5 6 6 6 7 7 6 6 6 7 7 3 1 1 0 1 1 0 0 2 2 2 1 0 0 0 0 0 0 0 0 0 0 0 0 0 0 0 0 
4 4 4 4 4 4 4 4 4 4 4 4 4 4 5 5 5 5 5 1 1 1 0 0 2 2 1 1 1 1 0 0 0 0 0 0 0 0 0 0 0 0 0 0 0 0 
5 5 6 6 6 5 5 5 6 6 7 7 7 8 8 8 11 11 9 8 8 5 3 3 2 2 1 1 1 1 0 0 0 0 0 0 0 0 0 0 0 0 0 0 0 0 
5 5 6 6 6 5 5 5 6 6 7 7 7 8 8 8 11 11 9 8 8 5 3 3 2 2 1 1 1 1 0 0 0 0 0 0 0 0 0 0 0 0 0 0 0 0 
10 10 19 29 29 32 30 30 29 29 25 19 19 12 8 8 10 10 8 7 7 6 3 3 3 3 4 6 6 6 9 9 11 11 10 9 9 6 4 4 2 2 1 0 0 1 
11 11 24 36 36 40 36 36 30 30 25 18 18 10 6 6 5 5 5 4 4 2 2 2 3 3 5 6 6 6 9 9 13 13 11 10 10 8 4 4 3 3 2 2 2 2 
11 11 24 36 36 40 36 36 30 30 25 18 18 10 6 6 5 5 5 4 4 2 2 2 3 3 5 6 6 6 9 9 13 13 11 10 10 8 4 4 3 3 2 2 2 2 
14 14 18 22 22 27 28 28 24 24 18 11 11 7 5 5 4 4 4 4 4 2 1 1 2 2 3 3 3 3 5 5 7 7 7 5 5 4 2 2 1 1 0 1 1 0 
14 14 18 22 22 27 28 28 24 24 18 11 11 7 5 5 4 4 4 4 4 2 1 1 2 2 3 3 3 3 5 5 7 7 7 5 5 4 2 2 1 1 0 1 1 0 
17 17 18 21 21 24 21 21 16 16 11 5 5 2 1 1 2 2 3 1 1 1 2 2 1 1 1 1 1 1 1 1 2 2 3 2 2 1 2 2 1 1 0 0 0 0 
10 10 8 10 10 13 13 13 12 12 9 5 5 2 1 1 1 1 1 1 1 1 1 1 1 1 0 1 1 0 0 0 1 1 1 1 1 1 2 2 1 1 1 1 1 0 
10 10 8 10 10 13 13 13 12 12 9 5 5 2 1 1 1 1 1 1 1 1 1 1 1 1 0 1 1 0 0 0 1 1 1 1 1 1 2 2 1 1 1 1 1 0 
5 5 5 5 5 6 6 6 4 4 3 2 2 1 1 1 1 1 1 1 1 1 2 2 1 1 1 1 1 1 1 1 1 1 0 0 0 1 2 2 2 2 2 2 2 2 
1 1 1 2 2 4 6 6 7 7 6 5 5 4 3 3 1 1 2 2 2 2 4 4 4 4 4 5 5 6 5 5 5 5 6 6 6 6 7 7 6 6 7 7 7 7 
1 1 1 2 2 4 6 6 7 7 6 5 5 4 3 3 1 1 2 2 2 2 4 4 4 4 4 5 5 6 5 5 5 5 6 6 6 6 7 7 6 6 7 7 7 7 
1 1 1 1 1 2 4 4 5 5 6 5 5 5 3 3 2 2 2 2 2 3 5 5 5 5 7 10 10 12 15 15 13 13 12 11 11 10 11 11 12 12 14 17 17 25 
1 1 1 1 1 2 4 4 5 5 6 5 5 5 3 3 2 2 2 2 2 3 5 5 5 5 7 10 10 12 15 15 13 13 12 11 11 10 11 11 12 12 14 17 17 25 
0 0 1 1 1 2 3 3 5 5 5 5 5 5 5 5 5 5 7 10 10 11 14 14 14 14 14 12 12 11 10 10 9 9 10 10 10 12 12 12 14 14 16 15 15 15 
0 0 1 1 1 1 2 2 2 2 3 3 3 4 5 5 6 6 8 10 10 20 28 28 31 31 29 23 23 18 13 13 7 7 10 9 9 11 10 10 10 10 11 15 15 17 
0 0 1 1 1 1 2 2 2 2 3 3 3 4 5 5 6 6 8 10 10 20 28 28 31 31 29 23 23 18 13 13 7 7 10 9 9 11 10 10 10 10 11 15 15 17 
1 1 1 4 4 5 5 5 5 5 4 4 4 5 12 12 19 19 26 29 29 43 40 40 43 43 41 30 30 27 19 19 11 11 7 5 5 5 5 5 6 6 8 12 12 11 
7 7 8 8 8 8 8 8 8 8 9 9 9 11 17 17 19 19 20 21 21 21 27 27 29 29 31 34 34 27 22 22 12 12 8 6 6 4 3 3 3 3 5 5 5 5 
7 7 8 8 8 8 8 8 8 8 9 9 9 11 17 17 19 19 20 21 21 21 27 27 29 29 31 34 34 27 22 22 12 12 8 6 6 4 3 3 3 3 5 5 5 5 
11 11 11 12 12 12 11 11 12 12 11 11 11 11 12 12 14 14 16 15 15 17 22 22 37 37 33 29 29 24 16 16 10 10 9 10 10 7 3 3 2 2 3 4 4 4 
11 11 11 12 12 12 11 11 12 12 11 11 11 11 12 12 14 14 16 15 15 17 22 22 37 37 33 29 29 24 16 16 10 10 9 10 10 7 3 3 2 2 3 4 4 4 
18 18 16 17 17 17 14 14 14 14 13 14 14 14 14 14 17 17 16 17 17 17 20 20 30 30 26 24 24 15 9 9 5 5 5 4 4 3 2 2 2 2 3 3 3 4 
25 25 25 30 30 29 26 26 21 21 21 19 19 21 18 18 22 22 20 19 19 15 13 13 15 15 10 5 5 3 2 2 1 1 1 1 1 1 1 1 1 1 2 2 2 2 
25 25 25 30 30 29 26 26 21 21 21 19 19 21 18 18 22 22 20 19 19 15 13 13 15 15 10 5 5 3 2 2 1 1 1 1 1 1 1 1 1 1 2 2 2 2 
51 51 50 54 54 59 54 54 46 46 41 34 34 32 30 30 36 36 21 13 13 9 5 5 12 12 3 3 3 2 1 1 1 1 1 1 1 1 1 1 1 1 2 1 1 2 
50 50 53 54 54 55 58 58 61 61 57 56 56 52 57 57 45 45 34 27 27 25 21 21 19 19 14 12 12 7 4 4 2 2 3 3 3 5 5 5 5 5 4 2 2 1 
50 50 53 54 54 55 58 58 61 61 57 56 56 52 57 57 45 45 34 27 27 25 21 21 19 19 14 12 12 7 4 4 2 2 3 3 3 5 5 5 5 5 4 2 2 1 
36 36 40 46 46 45 47 47 50 50 52 50 50 46 42 42 30 30 29 31 31 28 30 30 29 29 27 20 20 13 8 8 4 4 5 6 6 8 8 8 8 8 6 4 4 2 
36 36 40 46 46 45 47 47 50 50 52 50 50 46 42 42 30 30 29 31 31 28 30 30 29 29 27 20 20 13 8 8 4 4 5 6 6 8 8 8 8 8 6 4 4 2 
25 25 32 39 39 43 47 47 53 53 58 59 59 58 50 50 38 38 29 24 24 22 22 22 19 19 17 14 14 7 6 6 3 3 3 3 3 5 6 6 7 7 6 5 5 2 
1 1 2 6 6 11 15 15 24 24 30 37 37 41 39 39 34 34 25 18 18 11 15 15 14 14 13 11 11 8 4 4 3 3 2 1 1 0 1 1 1 1 0 0 0 0 
1 1 2 6 6 11 15 15 24 24 30 37 37 41 39 39 34 34 25 18 18 11 15 15 14 14 13 11 11 8 4 4 3 3 2 1 1 0 1 1 1 1 0 0 0 0 
1 1 2 7 7 11 15 15 21 21 29 32 32 33 38 38 36 36 30 22 22 15 8 8 6 6 4 1 1 1 0 0 0 0 0 0 0 0 1 1 0 0 0 0 0 0 
2 2 1 0 0 0 0 0 2 2 6 13 13 19 23 23 24 24 21 18 18 10 5 5 3 3 2 1 1 1 0 0 1 1 1 1 1 0 1 1 0 0 1 1 1 2 
2 2 1 0 0 0 0 0 2 2 6 13 13 19 23 23 24 24 21 18 18 10 5 5 3 3 2 1 1 1 0 0 1 1 1 1 1 0 1 1 0 0 1 1 1 2 
1 1 0 0 0 0 0 0 1 1 8 14 14 15 16 16 19 19 19 17 17 10 7 7 2 2 1 0 0 1 0 0 0 0 1 1 1 2 1 1 1 1 2 2 2 2 
1 1 0 0 0 0 0 0 1 1 8 14 14 15 16 16 19 19 19 17 17 10 7 7 2 2 1 0 0 1 0 0 0 0 1 1 1 2 1 1 1 1 2 2 2 2 
0 0 0 0 0 0 1 1 1 1 2 3 3 6 8 8 10 10 13 14 14 14 7 7 3 3 0 0 0 0 0 0 0 0 1 2 2 2 3 3 5 5 6 5 5 3 
1 1 1 1 1 1 1 1 3 3 4 7 7 11 14 14 18 18 24 24 24 23 18 18 12 12 5 1 1 1 1 1 1 1 2 2 2 1 2 2 2 2 2 3 3 2 
1 1 1 1 1 1 1 1 3 3 4 7 7 11 14 14 18 18 24 24 24 23 18 18 12 12 5 1 1 1 1 1 1 1 2 2 2 1 2 2 2 2 2 3 3 2 
1 1 1 2 2 2 2 2 2 2 3 4 4 8 14 14 22 22 34 36 36 32 27 27 17 17 9 2 2 2 2 2 1 1 1 2 2 4 5 5 4 4 4 3 3 3 
1 1 1 2 2 2 2 2 3 3 3 3 3 5 4 4 5 5 8 8 8 7 4 4 1 1 1 2 2 2 1 1 0 0 1 2 2 4 5 5 4 4 4 3 3 2 
1 1 1 2 2 2 2 2 3 3 3 3 3 5 4 4 5 5 8 8 8 7 4 4 1 1 1 2 2 2 1 1 0 0 1 2 2 4 5 5 4 4 4 3 3 2 
2 2 2 2 2 2 2 2 3 3 3 3 3 3 2 2 2 2 3 4 4 6 4 4 1 1 0 0 0 0 0 0 1 1 1 2 2 3 3 3 4 4 3 4 4 2 
2 2 2 2 2 2 2 2 3 3 3 3 3 3 2 2 2 2 3 4 4 6 4 4 1 1 0 0 0 0 0 0 1 1 1 2 2 3 3 3 4 4 3 4 4 2 
6 6 4 4 4 4 5 5 6 6 7 6 6 5 4 4 3 3 3 3 3 2 2 2 1 1 0 0 0 0 0 0 1 1 1 1 1 2 3 3 5 5 3 3 3 3 
13 13 11 10 10 9 8 8 8 8 9 10 10 11 11 11 9 9 6 4 4 3 2 2 2 2 1 0 0 0 0 0 1 1 0 1 1 3 4 4 4 4 4 5 5 4 
13 13 11 10 10 9 8 8 8 8 9 10 10 11 11 11 9 9 6 4 4 3 2 2 2 2 1 0 0 0 0 0 1 1 0 1 1 3 4 4 4 4 4 5 5 4 
21 21 19 20 20 20 19 19 21 21 20 20 20 21 19 19 17 17 14 9 9 7 6 6 5 5 4 3 3 2 0 0 1 1 1 1 1 2 4 4 5 5 4 5 5 3 
23 23 22 24 24 25 26 26 28 28 28 30 30 36 32 32 32 32 27 20 20 14 10 10 7 7 6 5 5 3 1 1 1 1 1 1 1 1 2 2 3 3 3 2 2 2 
