assets/RAT_results_old/precipitation/2024-09-02_IMERG.asc
ncols        46
nrows        77
xllcorner    74.800261325624
yllcorner    8.058333333333
cellsize     0.062500000000
NODATA_value -9999
3 3 6 13 13 13 17 17 41 41 30 32 32 26 24 24 16 16 8 2 2 0 0 0 0 0 0 0 0 0 0 0 0 0 0 0 0 0 0 0 1 1 3 3 3 4 
4 4 6 11 11 19 35 35 25 25 29 34 34 29 26 26 15 15 19 10 10 4 1 1 0 0 0 0 0 0 0 0 0 0 0 0 0 0 0 0 0 0 0 1 1 1 
4 4 6 11 11 19 35 35 25 25 29 34 34 29 26 26 15 15 19 10 10 4 1 1 0 0 0 0 0 0 0 0 0 0 0 0 0 0 0 0 0 0 0 1 1 1 
4 4 6 9 9 12 15 15 24 24 15 18 18 14 18 18 20 20 16 11 11 7 4 4 1 1 0 0 0 0 0 0 0 0 0 0 0 0 0 0 0 0 0 0 0 0 
0 0 2 3 3 3 3 3 3 3 4 8 8 7 5 5 9 9 12 4 4 4 1 1 0 0 0 0 0 0 0 0 0 0 0 0 0 0 0 0 0 0 0 0 0 0 
0 0 2 3 3 3 3 3 3 3 4 8 8 7 5 5 9 9 12 4 4 4 1 1 0 0 0 0 0 0 0 0 0 0 0 0 0 0 0 0 0 0 0 0 0 0 
0 0 0 0 0 1 1 1 0 0 4 0 0 2 0 0 1 1 1 0 0 0 0 0 0 0 0 0 0 0 0 0 0 0 0 0 0 0 0 0 0 0 0 0 0 0 
0 0 0 0 0 1 1 1 0 0 4 0 0 2 0 0 1 1 1 0 0 0 0 0 0 0 0 0 0 0 0 0 0 0 0 0 0 0 0 0 0 0 0 0 0 0 
0 0 0 0 0 1 1 1 2 2 5 6 6 2 4 4 1 1 2 0 0 0 0 0 0 0 0 0 0 0 0 0 0 0 0 0 0 0 0 0 0 0 0 0 0 0 
0 0 0 1 1 1 1 1 1 1 2 3 3 12 4 4 1 1 0 0 0 0 0 0 0 0 0 0 0 0 0 0 0 0 0 0 0 0 0 0 0 0 1 1 1 0 
0 0 0 1 1 1 1 1 1 1 2 3 3 12 4 4 1 1 0 0 0 0 0 0 0 0 0 0 0 0 0 0 0 0 0 0 0 0 0 0 0 0 1 1 1 0 
0 0 0 0 0 0 1 1 0 0 3 3 3 1 5 5 7 7 5 2 2 1 4 4 1 1 0 0 0 0 0 0 0 0 0 0 0 0 0 0 0 0 0 0 0 0 
0 0 0 0 0 0 0 0 0 0 0 0 0 0 0 0 5 5 2 1 1 1 3 3 0 0 0 0 0 0 0 0 0 0 0 1 1 0 0 0 1 1 0 0 0 0 
0 0 0 0 0 0 0 0 0 0 0 0 0 0 0 0 5 5 2 1 1 1 3 3 0 0 0 0 0 0 0 0 0 0 0 1 1 0 0 0 1 1 0 0 0 0 
0 0 0 1 1 0 1 1 0 0 0 0 0 0 0 0 1 1 4 9 9 2 0 0 0 0 0 0 0 0 0 0 0 0 0 1 1 2 2 2 2 2 2 1 1 1 
0 0 0 1 1 0 1 1 0 0 0 0 0 0 0 0 1 1 4 9 9 2 0 0 0 0 0 0 0 0 0 0 0 0 0 1 1 2 2 2 2 2 2 1 1 1 
0 0 0 1 1 0 0 0 0 0 0 1 1 0 0 0 0 0 0 0 0 0 1 1 0 0 0 0 0 0 0 0 1 1 0 1 1 1 3 3 3 3 2 2 2 3 
0 0 1 1 1 1 0 0 1 1 1 2 2 1 1 1 2 2 0 2 2 0 0 0 0 0 0 0 0 0 0 0 0 0 1 1 1 2 1 1 4 4 8 7 7 4 
0 0 1 1 1 1 0 0 1 1 1 2 2 1 1 1 2 2 0 2 2 0 0 0 0 0 0 0 0 0 0 0 0 0 1 1 1 2 1 1 4 4 8 7 7 4 
0 0 2 2 2 4 1 1 1 1 1 1 1 1 1 1 1 1 1 1 1 0 0 0 0 0 0 0 0 0 0 0 0 0 0 0 0 2 1 1 10 10 9 12 12 5 
0 0 2 2 2 4 1 1 2 2 2 2 2 3 10 10 11 11 9 6 6 1 0 0 0 0 0 0 0 0 0 0 0 0 0 0 0 0 0 0 3 3 6 4 4 5 
0 0 2 2 2 4 1 1 2 2 2 2 2 3 10 10 11 11 9 6 6 1 0 0 0 0 0 0 0 0 0 0 0 0 0 0 0 0 0 0 3 3 6 4 4 5 
1 1 3 1 1 4 2 2 3 3 1 1 1 3 10 10 9 9 9 7 7 6 1 1 1 1 2 0 0 0 0 0 0 0 0 0 0 0 0 0 0 0 0 2 2 1 
1 1 3 1 1 4 2 2 3 3 1 1 1 3 10 10 9 9 9 7 7 6 1 1 1 1 2 0 0 0 0 0 0 0 0 0 0 0 0 0 0 0 0 2 2 1 
0 0 2 2 2 4 5 5 4 4 3 2 2 3 9 9 9 9 12 12 12 13 3 3 3 3 0 0 0 0 0 0 0 0 0 0 0 0 0 0 0 0 0 0 0 0 
0 0 1 1 1 2 2 2 5 5 3 2 2 2 6 6 7 7 3 10 10 2 2 2 3 3 1 1 1 0 0 0 0 0 0 0 0 0 0 0 0 0 0 0 0 0 
0 0 1 1 1 2 2 2 5 5 3 2 2 2 6 6 7 7 3 10 10 2 2 2 3 3 1 1 1 0 0 0 0 0 0 0 0 0 0 0 0 0 0 0 0 0 
0 0 0 0 0 0 0 0 1 1 11 14 14 4 3 3 16 16 13 9 9 2 1 1 0 0 0 0 0 0 0 0 0 0 0 0 0 0 0 0 0 0 0 0 0 0 
0 0 0 0 0 0 0 0 2 2 2 2 2 4 4 4 12 12 7 7 7 3 4 4 4 4 1 0 0 0 0 0 0 0 0 1 1 1 0 0 0 0 0 0 0 0 
0 0 0 0 0 0 0 0 2 2 2 2 2 4 4 4 12 12 7 7 7 3 4 4 4 4 1 0 0 0 0 0 0 0 0 1 1 1 0 0 0 0 0 0 0 0 
0 0 0 0 0 0 0 0 1 1 1 1 1 1 1 1 2 2 6 4 4 5 6 6 3 3 4 9 9 7 0 0 0 0 0 0 0 1 1 1 0 0 0 0 0 2 
0 0 0 0 0 0 0 0 1 1 1 1 1 1 1 1 2 2 6 4 4 5 6 6 3 3 4 9 9 7 0 0 0 0 0 0 0 1 1 1 0 0 0 0 0 2 
0 0 0 0 0 0 0 0 0 0 1 1 1 1 0 0 2 2 1 5 5 8 12 12 3 3 3 7 7 7 8 8 0 0 0 0 0 0 0 0 0 0 0 1 1 2 
0 0 0 0 0 0 0 0 0 0 0 1 1 1 5 5 6 6 2 6 6 7 11 11 8 8 5 3 3 2 2 2 0 0 0 0 0 1 0 0 0 0 1 1 1 1 
0 0 0 0 0 0 0 0 0 0 0 1 1 1 5 5 6 6 2 6 6 7 11 11 8 8 5 3 3 2 2 2 0 0 0 0 0 1 0 0 0 0 1 1 1 1 
0 0 0 0 0 0 0 0 0 0 1 1 1 1 5 5 1 1 1 2 2 2 3 3 2 2 8 5 5 1 0 0 0 0 0 0 0 0 0 0 0 0 0 0 0 1 
0 0 0 0 0 0 0 0 0 0 0 0 0 1 0 0 0 0 0 4 4 3 6 6 2 2 1 0 0 0 0 0 0 0 0 0 0 0 0 0 0 0 0 0 0 0 
0 0 0 0 0 0 0 0 0 0 0 0 0 1 0 0 0 0 0 4 4 3 6 6 2 2 1 0 0 0 0 0 0 0 0 0 0 0 0 0 0 0 0 0 0 0 
0 0 0 0 0 0 0 0 0 0 0 0 0 1 0 0 0 0 0 3 3 15 16 16 2 2 1 1 1 3 0 0 0 0 0 0 0 0 0 0 0 0 0 0 0 0 
0 0 0 0 0 0 0 0 0 0 0 0 0 1 0 0 0 0 0 3 3 15 16 16 2 2 1 1 1 3 0 0 0 0 0 0 0 0 0 0 0 0 0 0 0 0 
0 0 0 0 0 0 0 0 0 0 0 0 0 0 0 0 0 0 0 6 6 5 5 5 2 2 2 1 1 0 0 0 0 0 0 0 0 0 0 0 0 0 0 0 0 0 
0 0 0 0 0 0 0 0 0 0 0 0 0 0 0 0 0 0 0 0 0 1 1 1 2 2 1 1 1 0 0 0 0 0 0 0 0 0 0 0 0 0 0 0 0 0 
0 0 0 0 0 0 0 0 0 0 0 0 0 0 0 0 0 0 0 0 0 1 1 1 2 2 1 1 1 0 0 0 0 0 0 0 0 0 0 0 0 0 0 0 0 0 
0 0 0 0 0 0 0 0 0 0 1 0 0 0 0 0 0 0 0 0 0 1 1 1 4 4 3 2 2 2 3 3 2 2 0 0 0 0 0 0 0 0 0 0 0 0 
1 1 1 1 1 1 1 1 2 2 1 1 1 1 1 1 1 1 1 0 0 0 3 3 5 5 8 0 0 0 1 1 12 12 5 1 1 0 0 0 0 0 0 0 0 1 
1 1 1 1 1 1 1 1 2 2 1 1 1 1 1 1 1 1 1 0 0 0 3 3 5 5 8 0 0 0 1 1 12 12 5 1 1 0 0 0 0 0 0 0 0 1 
1 1 1 1 1 2 2 2 3 3 3 3 3 2 2 2 2 2 1 1 1 1 1 1 3 3 3 0 0 0 0 0 4 4 6 0 0 0 0 0 0 0 0 0 0 0 
1 1 1 1 1 2 2 2 3 3 3 3 3 2 2 2 2 2 1 1 1 1 1 1 3 3 3 0 0 0 0 0 4 4 6 0 0 0 0 0 0 0 0 0 0 0 
1 1 2 3 3 3 2 2 2 2 3 2 2 2 2 2 1 1 1 1 1 7 1 1 1 1 1 1 1 2 4 4 3 3 0 1 1 0 0 0 0 0 1 0 0 1 
1 1 2 6 6 8 5 5 3 3 3 3 3 3 2 2 3 3 2 3 3 6 7 7 1 1 2 1 1 1 4 4 9 9 0 0 0 0 0 0 0 0 1 1 1 2 
1 1 2 6 6 8 5 5 3 3 3 3 3 3 2 2 3 3 2 3 3 6 7 7 1 1 2 1 1 1 4 4 9 9 0 0 0 0 0 0 0 0 1 1 1 2 
2 2 2 2 2 5 4 4 2 2 3 3 3 4 5 5 2 2 6 9 9 10 11 11 1 1 1 1 1 1 0 0 1 1 1 0 0 0 0 0 0 0 0 1 1 1 
2 2 3 3 3 4 4 4 3 3 3 5 5 3 4 4 5 5 7 14 14 9 7 7 3 3 1 1 1 1 1 1 2 2 3 2 2 2 1 1 0 0 0 0 0 1 
2 2 3 3 3 4 4 4 3 3 3 5 5 3 4 4 5 5 7 14 14 9 7 7 3 3 1 1 1 1 1 1 2 2 3 2 2 2 1 1 0 0 0 0 0 1 
3 3 3 3 3 4 5 5 3 3 3 5 5 3 2 2 2 2 8 15 15 14 2 2 3 3 2 3 3 4 3 3 2 2 2 3 3 3 1 1 1 1 0 1 1 1 
3 3 3 3 3 4 5 5 3 3 3 5 5 3 2 2 2 2 8 15 15 14 2 2 3 3 2 3 3 4 3 3 2 2 2 3 3 3 1 1 1 1 0 1 1 1 
2 2 3 4 4 7 6 6 8 8 8 6 6 8 6 6 5 5 6 7 7 8 4 4 2 2 4 4 4 5 6 6 3 3 3 2 2 1 1 1 1 1 0 0 0 0 
1 1 2 3 3 4 4 4 5 5 6 6 6 6 6 6 7 7 7 11 11 8 6 6 4 4 3 5 5 4 6 6 7 7 4 1 1 1 1 1 0 0 0 0 0 0 
1 1 2 3 3 4 4 4 5 5 6 6 6 6 6 6 7 7 7 11 11 8 6 6 4 4 3 5 5 4 6 6 7 7 4 1 1 1 1 1 0 0 0 0 0 0 
1 1 2 2 2 2 2 2 3 3 3 3 3 3 3 3 3 3 5 5 5 6 4 4 2 2 2 1 1 6 5 5 4 4 1 1 1 1 1 1 0 0 0 0 0 0 
2 2 2 2 2 2 2 2 3 3 3 3 3 4 7 7 12 12 4 3 3 2 2 2 2 2 2 3 3 8 7 7 2 2 1 1 1 1 1 1 1 1 0 0 0 0 
2 2 2 2 2 2 2 2 3 3 3 3 3 4 7 7 12 12 4 3 3 2 2 2 2 2 2 3 3 8 7 7 2 2 1 1 1 1 1 1 1 1 0 0 0 0 
3 3 4 5 5 4 2 2 2 2 3 3 3 5 7 7 7 7 4 3 3 3 3 3 2 2 2 9 9 1 3 3 3 3 1 0 0 0 1 1 1 1 1 0 0 0 
3 3 4 5 5 4 2 2 2 2 3 3 3 5 7 7 7 7 4 3 3 3 3 3 2 2 2 9 9 1 3 3 3 3 1 0 0 0 1 1 1 1 1 0 0 0 
7 7 5 6 6 12 6 6 2 2 3 3 3 4 5 5 5 5 6 5 5 5 4 4 3 3 2 2 2 2 2 2 2 2 2 1 1 1 2 2 2 2 1 0 0 0 
9 9 7 7 7 6 4 4 4 4 4 4 4 5 6 6 4 4 4 8 8 10 4 4 4 4 3 2 2 3 3 3 3 3 2 2 2 2 4 4 1 1 1 0 0 0 
9 9 7 7 7 6 4 4 4 4 4 4 4 5 6 6 4 4 4 8 8 10 4 4 4 4 3 2 2 3 3 3 3 3 2 2 2 2 4 4 1 1 1 0 0 0 
9 9 8 7 7 6 5 5 4 4 4 4 4 4 4 4 4 4 3 4 4 5 4 4 3 3 2 2 2 2 2 2 2 2 2 3 3 3 4 4 3 3 0 0 0 0 
6 6 6 6 6 5 5 5 4 4 4 4 4 4 3 3 3 3 3 2 2 2 2 2 1 1 1 1 1 1 1 1 1 1 2 2 2 3 4 4 5 5 1 2 2 0 
6 6 6 6 6 5 5 5 4 4 4 4 4 4 3 3 3 3 3 2 2 2 2 2 1 1 1 1 1 1 1 1 1 1 2 2 2 3 4 4 5 5 1 2 2 0 
5 5 5 4 4 4 3 3 3 3 3 4 4 3 3 3 2 2 2 2 2 2 2 2 1 1 1 1 1 1 1 1 1 1 1 3 3 3 6 6 5 5 5 2 2 2 
5 5 5 4 4 4 3 3 3 3 3 4 4 3 3 3 2 2 2 2 2 2 2 2 1 1 1 1 1 1 1 1 1 1 1 3 3 3 6 6 5 5 5 2 2 2 
5 5 5 4 4 4 4 4 4 4 3 2 2 2 2 2 3 3 2 2 2 1 1 1 0 0 0 0 0 0 0 0 0 0 1 2 2 2 3 3 4 4 4 6 6 2 
5 5 4 4 4 4 4 4 3 3 2 1 1 1 1 1 1 1 2 1 1 1 1 1 0 0 0 0 0 0 0 0 0 0 0 0 0 1 2 2 2 2 2 1 1 1 
5 5 4 4 4 4 4 4 3 3 2 1 1 1 1 1 1 1 2 1 1 1 1 1 0 0 0 0 0 0 0 0 0 0 0 0 0 1 2 2 2 2 2 1 1 1 
3 3 2 2 2 2 2 2 2 2 1 1 1 1 1 1 1 1 1 1 1 1 0 0 0 0 0 0 0 0 0 0 0 0 0 0 0 0 1 1 1 1 1 1 1 2 
4 4 3 2 2 2 2 2 1 1 1 1 1 1 1 1 1 1 0 0 0 0 0 0 0 0 0 0 0 0 0 0 1 1 1 0 0 0 1 1 0 0 0 0 0 0 
