assets/RAT_results_old/precipitation/2024-07-18_IMERG.asc
ncols        46
nrows        77
xllcorner    74.800261325624
yllcorner    8.058333333333
cellsize     0.062500000000
NODATA_value -9999
149 149 135 134 134 110 110 110 113 113 102 127 127 119 111 111 104 104 108 82 82 62 45 45 34 34 15 12 12 12 11 11 11 11 9 4 4 5 4 4 7 7 7 8 8 9 
124 124 117 103 103 112 135 135 119 119 110 130 130 135 115 115 112 112 100 80 80 67 51 51 39 39 19 12 12 15 11 11 10 10 8 6 6 6 10 10 8 8 11 10 10 11 
124 124 117 103 103 112 135 135 119 119 110 130 130 135 115 115 112 112 100 80 80 67 51 51 39 39 19 12 12 15 11 11 10 10 8 6 6 6 10 10 8 8 11 10 10 11 
109 109 100 97 97 105 128 128 121 121 118 135 135 147 150 150 147 147 114 91 91 81 50 50 35 35 22 12 12 18 17 17 14 14 11 8 8 8 10 10 11 11 13 13 13 11 
123 123 100 101 101 108 147 147 154 154 136 148 148 163 151 151 129 129 111 92 92 81 57 57 44 44 28 18 18 17 16 16 11 11 15 14 14 14 13 13 12 12 13 16 16 13 
123 123 100 101 101 108 147 147 154 154 136 148 148 163 151 151 129 129 111 92 92 81 57 57 44 44 28 18 18 17 16 16 11 11 15 14 14 14 13 13 12 12 13 16 16 13 
85 85 114 113 113 104 132 132 152 152 143 140 140 138 138 138 127 127 120 109 109 86 72 72 57 57 38 22 22 21 20 20 18 18 18 18 18 15 14 14 12 12 14 12 12 10 
85 85 114 113 113 104 132 132 152 152 143 140 140 138 138 138 127 127 120 109 109 86 72 72 57 57 38 22 22 21 20 20 18 18 18 18 18 15 14 14 12 12 14 12 12 10 
110 110 116 121 121 109 132 132 132 132 129 124 124 110 109 109 111 111 101 105 105 96 79 79 68 68 46 32 32 31 35 35 20 20 20 22 22 15 15 15 14 14 11 10 10 8 
136 136 87 116 116 104 116 116 117 117 105 105 105 100 98 98 101 101 110 97 97 103 94 94 83 83 58 47 47 45 39 39 24 24 20 21 21 16 19 19 17 17 16 12 12 10 
136 136 87 116 116 104 116 116 117 117 105 105 105 100 98 98 101 101 110 97 97 103 94 94 83 83 58 47 47 45 39 39 24 24 20 21 21 16 19 19 17 17 16 12 12 10 
123 123 62 103 103 97 102 102 102 102 101 101 101 96 91 91 89 89 92 95 95 102 92 92 86 86 60 51 51 39 34 34 30 30 19 20 20 21 19 19 18 18 11 11 11 3 
135 135 91 57 57 77 84 84 96 96 99 112 112 109 93 93 87 87 81 77 77 86 78 78 74 74 58 48 48 40 35 35 24 24 18 20 20 18 16 16 13 13 10 3 3 3 
135 135 91 57 57 77 84 84 96 96 99 112 112 109 93 93 87 87 81 77 77 86 78 78 74 74 58 48 48 40 35 35 24 24 18 20 20 18 16 16 13 13 10 3 3 3 
107 107 69 56 56 51 75 75 94 94 99 104 104 105 90 90 84 84 90 91 91 98 75 75 61 61 54 38 38 33 33 33 29 29 22 21 21 19 17 17 11 11 9 7 7 7 
107 107 69 56 56 51 75 75 94 94 99 104 104 105 90 90 84 84 90 91 91 98 75 75 61 61 54 38 38 33 33 33 29 29 22 21 21 19 17 17 11 11 9 7 7 7 
74 74 69 55 55 54 89 89 94 94 92 105 105 109 106 106 94 94 92 99 99 101 84 84 72 72 67 42 42 28 24 24 21 21 22 20 20 22 21 21 18 18 14 6 6 6 
78 78 62 56 56 56 54 54 93 93 100 113 113 133 135 135 116 116 107 106 106 102 90 90 76 76 71 52 52 40 28 28 24 24 27 23 23 23 19 19 16 16 15 6 6 8 
78 78 62 56 56 56 54 54 93 93 100 113 113 133 135 135 116 116 107 106 106 102 90 90 76 76 71 52 52 40 28 28 24 24 27 23 23 23 19 19 16 16 15 6 6 8 
71 71 75 67 67 56 64 64 62 62 100 109 109 113 118 118 105 105 106 108 108 101 97 97 97 97 73 48 48 38 36 36 27 27 24 20 20 20 18 18 17 17 17 10 10 6 
77 77 72 74 74 58 61 61 65 65 66 103 103 93 94 94 91 91 88 89 89 92 89 89 100 100 89 59 59 45 32 32 34 34 31 23 23 25 19 19 16 16 14 11 11 9 
77 77 72 74 74 58 61 61 65 65 66 103 103 93 94 94 91 91 88 89 89 92 89 89 100 100 89 59 59 45 32 32 34 34 31 23 23 25 19 19 16 16 14 11 11 9 
68 68 76 69 69 63 56 56 58 58 64 93 93 81 76 76 69 69 67 74 74 90 92 92 80 80 83 54 54 41 28 28 26 26 23 27 27 14 10 10 14 14 14 12 12 11 
68 68 76 69 69 63 56 56 58 58 64 93 93 81 76 76 69 69 67 74 74 90 92 92 80 80 83 54 54 41 28 28 26 26 23 27 27 14 10 10 14 14 14 12 12 11 
62 62 71 62 62 54 57 57 57 57 61 55 55 83 67 67 54 54 55 63 63 69 75 75 74 74 78 62 62 49 43 43 35 35 30 20 20 15 15 15 16 16 14 11 11 11 
50 50 62 60 60 49 47 47 59 59 55 50 50 67 63 63 54 54 47 59 59 63 60 60 69 69 74 60 60 58 55 55 40 40 31 20 20 21 22 22 22 22 19 15 15 13 
50 50 62 60 60 49 47 47 59 59 55 50 50 67 63 63 54 54 47 59 59 63 60 60 69 69 74 60 60 58 55 55 40 40 31 20 20 21 22 22 22 22 19 15 15 13 
45 45 59 59 59 50 38 38 43 43 38 43 43 42 58 58 46 46 42 44 44 50 49 49 48 48 62 63 63 60 62 62 50 50 39 29 29 24 28 28 24 24 21 17 17 16 
33 33 40 44 44 36 33 33 38 38 31 39 39 41 31 31 43 43 39 35 35 37 39 39 39 39 45 57 57 55 55 55 52 52 43 30 30 25 21 21 24 24 22 16 16 23 
33 33 40 44 44 36 33 33 38 38 31 39 39 41 31 31 43 43 39 35 35 37 39 39 39 39 45 57 57 55 55 55 52 52 43 30 30 25 21 21 24 24 22 16 16 23 
31 31 37 28 28 20 25 25 27 27 31 29 29 33 31 31 38 38 34 31 31 32 35 35 36 36 41 41 41 49 50 50 44 44 41 28 28 22 21 21 23 23 20 15 15 17 
31 31 37 28 28 20 25 25 27 27 31 29 29 33 31 31 38 38 34 31 31 32 35 35 36 36 41 41 41 49 50 50 44 44 41 28 28 22 21 21 23 23 20 15 15 17 
26 26 34 28 28 24 26 26 29 29 33 31 31 29 26 26 34 34 32 32 32 31 31 31 31 31 33 35 35 34 39 39 37 37 34 27 27 21 16 16 12 12 13 12 12 14 
34 34 34 29 29 25 24 24 30 30 30 32 32 22 23 23 32 32 34 37 37 34 32 32 33 33 32 33 33 35 35 35 39 39 31 27 27 23 20 20 14 14 10 7 7 6 
34 34 34 29 29 25 24 24 30 30 30 32 32 22 23 23 32 32 34 37 37 34 32 32 33 33 32 33 33 35 35 35 39 39 31 27 27 23 20 20 14 14 10 7 7 6 
32 32 33 26 26 22 23 23 25 25 23 21 21 20 22 22 22 22 33 38 38 37 38 38 36 36 36 37 37 39 43 43 37 37 33 30 30 24 19 19 16 16 12 8 8 7 
34 34 28 22 22 20 18 18 17 17 17 18 18 17 26 26 24 24 38 39 39 43 39 39 36 36 35 33 33 43 46 46 41 41 37 32 32 27 24 24 16 16 14 10 10 9 
34 34 28 22 22 20 18 18 17 17 17 18 18 17 26 26 24 24 38 39 39 43 39 39 36 36 35 33 33 43 46 46 41 41 37 32 32 27 24 24 16 16 14 10 10 9 
24 24 23 22 22 20 16 16 14 14 16 15 15 19 23 23 23 23 33 48 48 54 38 38 37 37 35 33 33 39 41 41 38 38 36 33 33 31 24 24 21 21 15 10 10 11 
24 24 23 22 22 20 16 16 14 14 16 15 15 19 23 23 23 23 33 48 48 54 38 38 37 37 35 33 33 39 41 41 38 38 36 33 33 31 24 24 21 21 15 10 10 11 
22 22 22 17 17 16 16 16 15 15 13 13 13 29 28 28 29 29 42 56 56 48 33 33 33 33 33 36 36 38 36 36 31 31 31 28 28 28 27 27 18 18 15 10 10 13 
19 19 18 16 16 14 14 14 14 14 14 23 23 23 24 24 28 28 44 62 62 41 26 26 29 29 31 29 29 30 28 28 27 27 28 29 29 30 26 26 19 19 14 12 12 14 
19 19 18 16 16 14 14 14 14 14 14 23 23 23 24 24 28 28 44 62 62 41 26 26 29 29 31 29 29 30 28 28 27 27 28 29 29 30 26 26 19 19 14 12 12 14 
14 14 13 13 13 12 12 12 12 12 13 20 20 16 24 24 39 39 38 47 47 28 27 27 24 24 28 26 26 27 27 27 28 28 27 27 27 32 26 26 21 21 18 17 17 19 
11 11 11 11 11 11 10 10 10 10 11 18 18 19 17 17 18 18 19 18 18 20 23 23 21 21 23 25 25 26 27 27 25 25 30 33 33 32 27 27 24 24 20 18 18 15 
11 11 11 11 11 11 10 10 10 10 11 18 18 19 17 17 18 18 19 18 18 20 23 23 21 21 23 25 25 26 27 27 25 25 30 33 33 32 27 27 24 24 20 18 18 15 
10 10 12 11 11 10 8 8 10 10 9 11 11 13 18 18 19 19 20 11 11 13 20 20 20 20 22 23 23 26 25 25 27 27 30 33 33 37 28 28 25 25 19 14 14 11 
10 10 12 11 11 10 8 8 10 10 9 11 11 13 18 18 19 19 20 11 11 13 20 20 20 20 22 23 23 26 25 25 27 27 30 33 33 37 28 28 25 25 19 14 14 11 
10 10 10 10 10 10 9 9 10 10 8 9 9 7 10 10 11 11 10 12 12 12 18 18 19 19 19 21 21 22 22 22 24 24 31 35 35 41 30 30 26 26 17 13 13 8 
11 11 10 10 10 11 10 10 9 9 7 7 7 7 9 9 10 10 13 12 12 12 19 19 20 20 24 20 20 18 17 17 19 19 27 32 32 38 31 31 22 22 17 10 10 7 
11 11 10 10 10 11 10 10 9 9 7 7 7 7 9 9 10 10 13 12 12 12 19 19 20 20 24 20 20 18 17 17 19 19 27 32 32 38 31 31 22 22 17 10 10 7 
11 11 10 12 12 12 9 9 6 6 6 7 7 7 9 9 9 9 11 10 10 10 16 16 25 25 27 24 24 22 21 21 19 19 24 31 31 33 26 26 19 19 10 4 4 2 
12 12 10 14 14 11 9 9 6 6 7 8 8 9 8 8 10 10 11 10 10 9 11 11 20 20 25 23 23 21 21 21 19 19 20 27 27 33 30 30 18 18 7 3 3 1 
12 12 10 14 14 11 9 9 6 6 7 8 8 9 8 8 10 10 11 10 10 9 11 11 20 20 25 23 23 21 21 21 19 19 20 27 27 33 30 30 18 18 7 3 3 1 
12 12 15 14 14 11 8 8 6 6 7 8 8 8 6 6 8 8 9 8 8 8 9 9 13 13 17 17 17 18 17 17 17 17 22 28 28 29 25 25 15 15 5 2 2 1 
12 12 15 14 14 11 8 8 6 6 7 8 8 8 6 6 8 8 9 8 8 8 9 9 13 13 17 17 17 18 17 17 17 17 22 28 28 29 25 25 15 15 5 2 2 1 
14 14 13 11 11 11 8 8 6 6 9 9 9 7 6 6 5 5 5 6 6 7 6 6 9 9 9 15 15 19 20 20 18 18 20 20 20 21 17 17 9 9 4 2 2 1 
11 11 13 11 11 10 11 11 8 8 10 8 8 5 3 3 3 3 4 3 3 6 6 6 10 10 8 12 12 17 19 19 19 19 18 16 16 17 12 12 7 7 3 4 4 2 
11 11 13 11 11 10 11 11 8 8 10 8 8 5 3 3 3 3 4 3 3 6 6 6 10 10 8 12 12 17 19 19 19 19 18 16 16 17 12 12 7 7 3 4 4 2 
9 9 9 11 11 13 14 14 12 12 9 5 5 3 2 2 2 2 2 4 4 4 5 5 5 5 7 9 9 13 15 15 18 18 18 18 18 14 10 10 5 5 4 4 4 3 
11 11 12 15 15 14 17 17 13 13 6 4 4 2 2 2 2 2 3 4 4 4 4 4 5 5 10 8 8 10 11 11 17 17 21 21 21 18 14 14 9 9 6 6 6 5 
11 11 12 15 15 14 17 17 13 13 6 4 4 2 2 2 2 2 3 4 4 4 4 4 5 5 10 8 8 10 11 11 17 17 21 21 21 18 14 14 9 9 6 6 6 5 
13 13 10 12 12 16 18 18 16 16 5 3 3 3 4 4 4 4 3 4 4 4 4 4 4 4 5 8 8 11 14 14 17 17 19 20 20 21 19 19 11 11 8 7 7 7 
13 13 10 12 12 16 18 18 16 16 5 3 3 3 4 4 4 4 3 4 4 4 4 4 4 4 5 8 8 11 14 14 17 17 19 20 20 21 19 19 11 11 8 7 7 7 
21 21 10 13 13 19 20 20 15 15 6 5 5 6 5 5 4 4 3 4 4 4 3 3 3 3 5 9 9 12 16 16 15 15 17 22 22 25 22 22 13 13 8 6 6 6 
9 9 9 15 15 20 17 17 9 9 7 6 6 7 5 5 3 3 3 3 3 5 6 6 5 5 5 4 4 11 12 12 16 16 17 23 23 26 25 25 13 13 8 5 5 5 
9 9 9 15 15 20 17 17 9 9 7 6 6 7 5 5 3 3 3 3 3 5 6 6 5 5 5 4 4 11 12 12 16 16 17 23 23 26 25 25 13 13 8 5 5 5 
5 5 9 12 12 8 9 9 7 7 10 10 10 9 8 8 5 5 4 5 5 8 8 8 6 6 5 4 4 6 13 13 16 16 19 22 22 26 28 28 18 18 10 7 7 5 
3 3 8 5 5 4 8 8 12 12 13 9 9 7 6 6 7 7 7 8 8 9 9 9 7 7 3 3 3 5 8 8 13 13 17 15 15 21 20 20 15 15 11 9 9 7 
3 3 8 5 5 4 8 8 12 12 13 9 9 7 6 6 7 7 7 8 8 9 9 9 7 7 3 3 3 5 8 8 13 13 17 15 15 21 20 20 15 15 11 9 9 7 
2 2 2 1 1 4 8 8 11 11 10 7 7 4 5 5 7 7 7 6 6 7 7 7 5 5 2 3 3 6 9 9 12 12 19 19 19 14 15 15 13 13 12 13 13 7 
2 2 2 1 1 4 8 8 11 11 10 7 7 4 5 5 7 7 7 6 6 7 7 7 5 5 2 3 3 6 9 9 12 12 19 19 19 14 15 15 13 13 12 13 13 7 
3 3 1 1 1 2 4 4 6 6 4 4 4 4 4 4 4 4 4 4 4 4 4 4 3 3 4 5 5 6 8 8 10 10 14 15 15 14 14 14 17 17 20 14 14 10 
1 1 0 1 1 2 2 2 1 1 1 2 2 2 2 2 3 3 3 2 2 4 7 7 5 5 6 6 6 6 6 6 6 6 9 9 9 12 14 14 21 21 23 13 13 13 
1 1 0 1 1 2 2 2 1 1 1 2 2 2 2 2 3 3 3 2 2 4 7 7 5 5 6 6 6 6 6 6 6 6 9 9 9 12 14 14 21 21 23 13 13 13 
0 0 0 2 2 2 1 1 0 0 1 3 3 3 3 3 2 2 1 2 2 3 5 5 6 6 7 6 6 5 4 4 5 5 6 7 7 8 15 15 22 22 24 13 13 10 
0 0 0 2 2 2 0 0 0 0 2 1 1 1 3 3 3 3 3 3 3 5 5 5 6 6 6 6 6 6 6 6 6 6 6 5 5 6 8 8 20 20 23 8 8 5 
