assets/RAT_results_old/precipitation/2024-07-12_IMERG.asc
ncols        46
nrows        77
xllcorner    74.800261325624
yllcorner    8.058333333333
cellsize     0.062500000000
NODATA_value -9999
131 131 138 153 153 146 129 129 112 112 111 100 100 88 55 55 57 57 21 11 11 7 4 4 3 3 2 1 1 1 2 2 4 4 5 8 8 12 16 16 21 21 20 22 22 27 
135 135 150 165 165 154 136 136 125 125 118 125 125 111 72 72 63 63 24 13 13 7 3 3 2 2 2 1 1 1 2 2 3 3 4 6 6 8 13 13 14 14 16 19 19 23 
135 135 150 165 165 154 136 136 125 125 118 125 125 111 72 72 63 63 24 13 13 7 3 3 2 2 2 1 1 1 2 2 3 3 4 6 6 8 13 13 14 14 16 19 19 23 
123 123 131 134 134 137 134 134 134 134 133 148 148 134 96 96 72 72 50 17 17 9 3 3 2 2 2 1 1 1 2 2 2 2 4 4 4 6 8 8 12 12 18 18 18 20 
141 141 139 133 133 124 136 136 128 128 112 147 147 134 91 91 85 85 63 34 34 23 15 15 7 7 3 1 1 1 1 1 1 1 2 3 3 6 7 7 9 9 13 21 21 17 
141 141 139 133 133 124 136 136 128 128 112 147 147 134 91 91 85 85 63 34 34 23 15 15 7 7 3 1 1 1 1 1 1 1 2 3 3 6 7 7 9 9 13 21 21 17 
82 82 109 100 100 106 130 130 128 128 112 110 110 99 90 90 78 78 65 64 64 45 29 29 7 7 2 2 2 2 1 1 2 2 2 4 4 9 10 10 11 11 19 20 20 27 
82 82 109 100 100 106 130 130 128 128 112 110 110 99 90 90 78 78 65 64 64 45 29 29 7 7 2 2 2 2 1 1 2 2 2 4 4 9 10 10 11 11 19 20 20 27 
71 71 89 85 85 95 105 105 108 108 102 104 104 106 101 101 105 105 98 81 81 60 38 38 13 13 11 2 2 7 7 7 2 2 5 6 6 11 16 16 16 16 12 14 14 20 
63 63 55 87 87 100 100 100 121 121 127 102 102 93 96 96 103 103 86 81 81 56 28 28 18 18 10 5 5 3 6 6 6 6 3 8 8 9 20 20 17 17 13 8 8 14 
63 63 55 87 87 100 100 100 121 121 127 102 102 93 96 96 103 103 86 81 81 56 28 28 18 18 10 5 5 3 6 6 6 6 3 8 8 9 20 20 17 17 13 8 8 14 
79 79 90 95 95 82 96 96 116 116 124 127 127 93 81 81 75 75 79 65 65 42 23 23 21 21 13 7 7 7 6 6 6 6 7 10 10 12 20 20 18 18 9 8 8 12 
101 101 109 76 76 75 94 94 93 93 126 125 125 118 88 88 81 81 73 59 59 40 35 35 22 22 15 12 12 10 10 10 9 9 13 13 13 14 16 16 14 14 11 13 13 17 
101 101 109 76 76 75 94 94 93 93 126 125 125 118 88 88 81 81 73 59 59 40 35 35 22 22 15 12 12 10 10 10 9 9 13 13 13 14 16 16 14 14 11 13 13 17 
157 157 105 88 88 84 97 97 127 127 108 107 107 86 68 68 58 58 44 44 44 37 22 22 17 17 21 11 11 23 19 19 10 10 9 9 9 14 14 14 10 10 11 13 13 15 
157 157 105 88 88 84 97 97 127 127 108 107 107 86 68 68 58 58 44 44 44 37 22 22 17 17 21 11 11 23 19 19 10 10 9 9 9 14 14 14 10 10 11 13 13 15 
190 190 158 112 112 95 154 154 115 115 105 113 113 99 84 84 73 73 61 54 54 39 39 39 35 35 27 16 16 17 19 19 12 12 9 10 10 12 13 13 11 11 11 11 11 13 
162 162 140 142 142 104 93 93 126 126 102 98 98 97 96 96 93 93 86 78 78 69 66 66 54 54 38 27 27 23 21 21 14 14 15 13 13 13 13 13 12 12 10 11 11 14 
162 162 140 142 142 104 93 93 126 126 102 98 98 97 96 96 93 93 86 78 78 69 66 66 54 54 38 27 27 23 21 21 14 14 15 13 13 13 13 13 12 12 10 11 11 14 
124 124 135 135 135 126 126 126 112 112 165 129 129 118 109 109 99 99 90 82 82 82 80 80 68 68 48 39 39 34 30 30 20 20 17 16 16 13 14 14 12 12 11 12 12 15 
81 81 90 101 101 119 128 128 121 121 117 179 179 165 148 148 146 146 115 96 96 95 77 77 70 70 51 42 42 41 36 36 26 26 27 20 20 22 18 18 19 19 15 18 18 18 
81 81 90 101 101 119 128 128 121 121 117 179 179 165 148 148 146 146 115 96 96 95 77 77 70 70 51 42 42 41 36 36 26 26 27 20 20 22 18 18 19 19 15 18 18 18 
84 84 87 104 104 117 118 118 122 122 120 196 196 172 145 145 135 135 113 94 94 93 80 80 78 78 61 51 51 54 41 41 39 39 27 27 27 21 20 20 19 19 17 13 13 14 
84 84 87 104 104 117 118 118 122 122 120 196 196 172 145 145 135 135 113 94 94 93 80 80 78 78 61 51 51 54 41 41 39 39 27 27 27 21 20 20 19 19 17 13 13 14 
65 65 62 91 91 92 94 94 100 100 98 104 104 150 144 144 135 135 122 112 112 91 84 84 70 70 64 50 50 60 47 47 43 43 35 32 32 24 24 24 21 21 17 15 15 16 
98 98 118 78 78 85 98 98 114 114 97 130 130 189 145 145 132 132 114 106 106 99 85 85 82 82 79 65 65 64 55 55 48 48 42 35 35 32 31 31 27 27 20 17 17 18 
98 98 118 78 78 85 98 98 114 114 97 130 130 189 145 145 132 132 114 106 106 99 85 85 82 82 79 65 65 64 55 55 48 48 42 35 35 32 31 31 27 27 20 17 17 18 
108 108 127 97 97 109 134 134 130 130 123 108 108 127 157 157 124 124 112 115 115 113 106 106 81 81 88 82 82 78 66 66 57 57 47 40 40 35 34 34 38 38 28 26 26 24 
163 163 152 144 144 140 135 135 109 109 99 109 109 99 89 89 104 104 121 100 100 116 94 94 98 98 99 86 86 71 63 63 60 60 48 46 46 39 35 35 29 29 27 20 20 23 
163 163 152 144 144 140 135 135 109 109 99 109 109 99 89 89 104 104 121 100 100 116 94 94 98 98 99 86 86 71 63 63 60 60 48 46 46 39 35 35 29 29 27 20 20 23 
149 149 164 147 147 142 102 102 94 94 92 113 113 90 105 105 97 97 104 98 98 94 90 90 87 87 77 72 72 57 59 59 55 55 52 40 40 36 32 32 28 28 22 18 18 17 
149 149 164 147 147 142 102 102 94 94 92 113 113 90 105 105 97 97 104 98 98 94 90 90 87 87 77 72 72 57 59 59 55 55 52 40 40 36 32 32 28 28 22 18 18 17 
142 142 134 111 111 97 75 75 69 69 67 88 88 73 74 74 96 96 97 78 78 84 72 72 63 63 72 99 99 74 58 58 50 50 49 45 45 33 29 29 26 26 22 18 18 14 
94 94 85 77 77 69 64 64 63 63 61 59 59 67 64 64 89 89 88 75 75 72 63 63 61 61 62 89 89 71 67 67 43 43 36 35 35 34 27 27 22 22 14 11 11 9 
94 94 85 77 77 69 64 64 63 63 61 59 59 67 64 64 89 89 88 75 75 72 63 63 61 61 62 89 89 71 67 67 43 43 36 35 35 34 27 27 22 22 14 11 11 9 
75 75 69 68 68 64 61 61 60 60 55 51 51 49 56 56 52 52 74 63 63 59 66 66 75 75 70 74 74 62 48 48 36 36 34 30 30 25 16 16 11 11 7 6 6 5 
60 60 65 64 64 61 60 60 58 58 54 58 58 55 50 50 49 49 75 70 70 91 70 70 87 87 75 67 67 50 48 48 39 39 31 27 27 21 16 16 12 12 9 6 6 4 
60 60 65 64 64 61 60 60 58 58 54 58 58 55 50 50 49 49 75 70 70 91 70 70 87 87 75 67 67 50 48 48 39 39 31 27 27 21 16 16 12 12 9 6 6 4 
66 66 64 65 65 68 62 62 63 63 61 69 69 70 63 63 65 65 91 83 83 93 84 84 88 88 83 67 67 55 50 50 44 44 36 28 28 20 16 16 11 11 9 6 6 7 
66 66 64 65 65 68 62 62 63 63 61 69 69 70 63 63 65 65 91 83 83 93 84 84 88 88 83 67 67 55 50 50 44 44 36 28 28 20 16 16 11 11 9 6 6 7 
72 72 72 69 69 73 76 76 74 74 73 75 75 74 77 77 70 70 90 87 87 94 98 98 98 98 94 76 76 72 63 63 50 50 40 30 30 28 21 21 16 16 12 10 10 12 
73 73 80 73 73 85 75 75 85 85 73 76 76 70 86 86 81 81 88 117 117 101 95 95 95 95 83 71 71 61 53 53 43 43 37 31 31 26 20 20 15 15 12 9 9 13 
73 73 80 73 73 85 75 75 85 85 73 76 76 70 86 86 81 81 88 117 117 101 95 95 95 95 83 71 71 61 53 53 43 43 37 31 31 26 20 20 15 15 12 9 9 13 
85 85 94 95 95 101 88 88 96 96 83 87 87 84 90 90 88 88 85 79 79 98 78 78 72 72 69 62 62 51 49 49 41 41 38 30 30 26 22 22 20 20 20 19 19 25 
91 91 86 88 88 89 98 98 83 83 87 79 79 83 80 80 87 87 83 72 72 86 73 73 58 58 60 59 59 57 48 48 40 40 36 33 33 28 20 20 19 19 17 22 22 25 
91 91 86 88 88 89 98 98 83 83 87 79 79 83 80 80 87 87 83 72 72 86 73 73 58 58 60 59 59 57 48 48 40 40 36 33 33 28 20 20 19 19 17 22 22 25 
66 66 76 69 69 75 79 79 83 83 71 77 77 66 68 68 58 58 61 61 61 56 74 74 52 52 62 62 62 66 61 61 57 57 45 50 50 39 29 29 25 25 19 19 19 21 
66 66 76 69 69 75 79 79 83 83 71 77 77 66 68 68 58 58 61 61 61 56 74 74 52 52 62 62 62 66 61 61 57 57 45 50 50 39 29 29 25 25 19 19 19 21 
58 58 56 58 58 57 59 59 60 60 58 51 51 51 46 46 46 46 44 43 43 46 68 68 50 50 55 70 70 67 64 64 50 50 55 51 51 45 34 34 26 26 17 13 13 14 
61 61 58 53 53 50 50 50 47 47 45 42 42 45 42 42 41 41 38 37 37 39 63 63 47 47 55 64 64 72 68 68 60 60 60 52 52 51 35 35 27 27 14 12 12 10 
61 61 58 53 53 50 50 50 47 47 45 42 42 45 42 42 41 41 38 37 37 39 63 63 47 47 55 64 64 72 68 68 60 60 60 52 52 51 35 35 27 27 14 12 12 10 
57 57 58 52 52 49 46 46 43 43 40 39 39 36 37 37 34 34 35 33 33 35 53 53 48 48 51 56 56 65 60 60 57 57 56 55 55 48 37 37 25 25 16 11 11 11 
59 59 57 53 53 50 45 45 44 44 39 37 37 34 31 31 31 31 33 33 33 35 38 38 47 47 54 62 62 70 71 71 67 67 65 62 62 59 50 50 31 31 23 15 15 15 
59 59 57 53 53 50 45 45 44 44 39 37 37 34 31 31 31 31 33 33 33 35 38 38 47 47 54 62 62 70 71 71 67 67 65 62 62 59 50 50 31 31 23 15 15 15 
54 54 59 53 53 52 49 49 51 51 46 46 46 38 35 35 31 31 32 31 31 36 39 39 50 50 60 69 69 86 94 94 99 99 99 94 94 76 59 59 41 41 37 21 21 25 
54 54 59 53 53 52 49 49 51 51 46 46 46 38 35 35 31 31 32 31 31 36 39 39 50 50 60 69 69 86 94 94 99 99 99 94 94 76 59 59 41 41 37 21 21 25 
42 42 43 45 45 39 36 36 35 35 36 39 39 36 32 32 22 22 24 24 24 29 34 34 50 50 58 67 67 75 77 77 79 79 78 76 76 58 44 44 41 41 35 25 25 20 
37 37 39 37 37 39 36 36 39 39 38 42 42 36 38 38 30 30 25 22 22 26 29 29 47 47 45 50 50 60 69 69 76 76 87 80 80 64 53 53 46 46 36 23 23 20 
37 37 39 37 37 39 36 36 39 39 38 42 42 36 38 38 30 30 25 22 22 26 29 29 47 47 45 50 50 60 69 69 76 76 87 80 80 64 53 53 46 46 36 23 23 20 
35 35 37 36 36 37 38 38 40 40 42 45 45 43 41 41 39 39 34 27 27 28 30 30 28 28 37 39 39 44 51 51 57 57 68 62 62 63 45 45 56 56 35 37 37 19 
21 21 25 22 22 28 25 25 32 32 31 37 37 35 33 33 29 29 28 24 24 21 23 23 23 23 37 33 33 34 41 41 44 44 50 49 49 45 40 40 33 33 24 17 17 12 
21 21 25 22 22 28 25 25 32 32 31 37 37 35 33 33 29 29 28 24 24 21 23 23 23 23 37 33 33 34 41 41 44 44 50 49 49 45 40 40 33 33 24 17 17 12 
15 15 15 15 15 16 16 16 20 20 20 22 22 24 24 24 22 22 22 22 22 18 17 17 20 20 22 34 34 34 37 37 39 39 42 42 42 39 32 32 30 30 20 20 20 14 
15 15 15 15 15 16 16 16 20 20 20 22 22 24 24 24 22 22 22 22 22 18 17 17 20 20 22 34 34 34 37 37 39 39 42 42 42 39 32 32 30 30 20 20 20 14 
11 11 10 11 11 10 12 12 13 13 17 17 17 19 23 23 24 24 20 19 19 20 20 20 21 21 22 39 39 33 35 35 38 38 40 40 40 36 29 29 30 30 21 15 15 8 
11 11 9 9 9 10 9 9 12 12 11 15 15 14 17 17 18 18 22 18 18 18 19 19 20 20 22 23 23 33 29 29 29 29 29 30 30 28 25 25 20 20 15 7 7 4 
11 11 9 9 9 10 9 9 12 12 11 15 15 14 17 17 18 18 22 18 18 18 19 19 20 20 22 23 23 33 29 29 29 29 29 30 30 28 25 25 20 20 15 7 7 4 
13 13 11 9 9 10 8 8 8 8 9 10 10 13 14 14 16 16 17 18 18 17 17 17 19 19 19 19 19 28 22 22 21 21 20 20 20 18 15 15 13 13 10 5 5 3 
12 12 11 11 11 11 11 11 11 11 12 12 12 12 14 14 14 14 16 13 13 13 12 12 12 12 12 12 12 11 17 17 16 16 17 20 20 20 19 19 15 15 10 6 6 4 
12 12 11 11 11 11 11 11 11 11 12 12 12 12 14 14 14 14 16 13 13 13 12 12 12 12 12 12 12 11 17 17 16 16 17 20 20 20 19 19 15 15 10 6 6 4 
16 16 14 13 13 14 16 16 16 16 17 16 16 17 16 16 17 17 17 17 17 13 12 12 11 11 11 11 11 11 14 14 22 22 20 21 21 21 20 20 14 14 8 7 7 3 
16 16 14 13 13 14 16 16 16 16 17 16 16 17 16 16 17 17 17 17 17 13 12 12 11 11 11 11 11 11 14 14 22 22 20 21 21 21 20 20 14 14 8 7 7 3 
18 18 17 18 18 16 18 18 19 19 20 18 18 23 19 19 19 19 19 21 21 17 14 14 13 13 13 14 14 15 14 14 15 15 17 18 18 20 18 18 16 16 11 5 5 2 
20 20 22 24 24 23 24 24 24 24 25 23 23 26 25 25 24 24 21 19 19 19 18 18 18 18 17 18 18 17 15 15 14 14 12 17 17 14 11 11 10 10 3 2 2 1 
20 20 22 24 24 23 24 24 24 24 25 23 23 26 25 25 24 24 21 19 19 19 18 18 18 18 17 18 18 17 15 15 14 14 12 17 17 14 11 11 10 10 3 2 2 1 
20 20 22 26 26 27 27 27 30 30 34 34 34 35 33 33 33 33 27 21 21 19 15 15 14 14 14 13 13 14 13 13 11 11 9 7 7 10 5 5 4 4 1 1 1 0 
19 19 22 26 26 29 33 33 40 40 46 44 44 44 39 39 39 39 30 28 28 21 17 17 14 14 12 12 12 12 13 13 12 12 10 7 7 5 3 3 6 6 2 3 3 1 
