assets/RAT_results_old/precipitation/2024-11-04_IMERG.asc
ncols        46
nrows        77
xllcorner    74.800261325624
yllcorner    8.058333333333
cellsize     0.062500000000
NODATA_value -9999
15 15 11 9 9 8 6 6 4 4 3 1 1 0 0 0 1 1 0 5 5 0 0 0 0 0 0 0 0 0 0 0 0 0 0 1 1 1 1 1 0 0 0 0 0 0 
16 16 15 9 9 9 5 5 4 4 3 1 1 2 2 2 1 1 0 0 0 0 0 0 0 0 0 0 0 0 0 0 0 0 0 0 0 0 0 0 0 0 0 0 0 0 
16 16 15 9 9 9 5 5 4 4 3 1 1 2 2 2 1 1 0 0 0 0 0 0 0 0 0 0 0 0 0 0 0 0 0 0 0 0 0 0 0 0 0 0 0 0 
14 14 14 11 11 6 7 7 6 6 3 2 2 2 3 3 0 0 0 0 0 0 0 0 1 1 0 0 0 0 0 0 0 0 0 0 0 0 0 0 0 0 0 0 0 0 
9 9 9 10 10 4 4 4 4 4 3 0 0 0 0 0 0 0 0 0 0 0 0 0 1 1 0 0 0 0 0 0 0 0 0 0 0 0 0 0 0 0 0 0 0 0 
9 9 9 10 10 4 4 4 4 4 3 0 0 0 0 0 0 0 0 0 0 0 0 0 1 1 0 0 0 0 0 0 0 0 0 0 0 0 0 0 0 0 0 0 0 0 
6 6 6 9 9 2 1 1 3 3 0 1 1 0 0 0 0 0 0 0 0 0 0 0 0 0 0 0 0 0 0 0 0 0 0 0 0 0 0 0 0 0 0 0 0 0 
6 6 6 9 9 2 1 1 3 3 0 1 1 0 0 0 0 0 0 0 0 0 0 0 0 0 0 0 0 0 0 0 0 0 0 0 0 0 0 0 0 0 0 0 0 0 
8 8 9 4 4 3 2 2 1 1 0 0 0 0 0 0 0 0 0 0 0 0 0 0 0 0 0 0 0 0 0 0 0 0 0 0 0 0 0 0 0 0 0 0 0 0 
8 8 8 4 4 3 2 2 3 3 0 0 0 0 0 0 0 0 15 0 0 0 0 0 0 0 0 0 0 0 0 0 0 0 0 0 0 0 0 0 0 0 0 0 0 0 
8 8 8 4 4 3 2 2 3 3 0 0 0 0 0 0 0 0 15 0 0 0 0 0 0 0 0 0 0 0 0 0 0 0 0 0 0 0 0 0 0 0 0 0 0 0 
7 7 4 4 4 4 3 3 2 2 5 5 5 4 0 0 0 0 4 0 0 0 0 0 0 0 0 0 0 0 0 0 0 0 0 0 0 0 0 0 0 0 0 0 0 0 
5 5 5 8 8 7 8 8 5 5 5 3 3 1 0 0 5 5 0 0 0 0 0 0 0 0 0 0 0 0 0 0 0 0 0 0 0 0 0 0 0 0 0 0 0 0 
5 5 5 8 8 7 8 8 5 5 5 3 3 1 0 0 5 5 0 0 0 0 0 0 0 0 0 0 0 0 0 0 0 0 0 0 0 0 0 0 0 0 0 0 0 0 
5 5 2 1 1 3 2 2 1 1 2 3 3 1 1 1 4 4 0 0 0 0 0 0 0 0 0 0 0 0 0 0 0 0 0 0 0 0 0 0 0 0 0 0 0 0 
5 5 2 1 1 3 2 2 1 1 2 3 3 1 1 1 4 4 0 0 0 0 0 0 0 0 0 0 0 0 0 0 0 0 0 0 0 0 0 0 0 0 0 0 0 0 
13 13 3 2 2 0 0 0 0 0 3 5 5 6 4 4 2 2 2 1 1 0 0 0 0 0 0 0 0 0 0 0 0 0 0 0 0 0 0 0 0 0 0 0 0 0 
7 7 6 4 4 2 3 3 1 1 3 6 6 5 4 4 2 2 2 1 1 0 0 0 0 0 0 0 0 0 0 0 0 0 0 0 0 0 0 0 0 0 0 0 0 0 
7 7 6 4 4 2 3 3 1 1 3 6 6 5 4 4 2 2 2 1 1 0 0 0 0 0 0 0 0 0 0 0 0 0 0 0 0 0 0 0 0 0 0 0 0 0 
6 6 4 6 6 6 3 3 4 4 5 7 7 9 11 11 12 12 3 4 4 0 0 0 0 0 0 0 0 0 0 0 0 0 0 0 0 0 10 10 1 1 0 0 0 0 
5 5 4 3 3 4 5 5 7 7 7 8 8 11 11 11 9 9 5 4 4 0 0 0 0 0 0 0 0 0 0 0 0 0 0 8 8 11 11 11 1 1 0 0 0 0 
5 5 4 3 3 4 5 5 7 7 7 8 8 11 11 11 9 9 5 4 4 0 0 0 0 0 0 0 0 0 0 0 0 0 0 8 8 11 11 11 1 1 0 0 0 0 
5 5 5 3 3 5 10 10 9 9 6 4 4 2 1 1 15 15 2 0 0 1 0 0 0 0 0 0 0 1 1 1 0 0 0 12 12 32 8 8 0 0 0 0 0 0 
5 5 5 3 3 5 10 10 9 9 6 4 4 2 1 1 15 15 2 0 0 1 0 0 0 0 0 0 0 1 1 1 0 0 0 12 12 32 8 8 0 0 0 0 0 0 
6 6 9 9 9 10 8 8 2 2 1 1 1 1 0 0 7 7 4 1 1 8 0 0 0 0 0 1 1 1 1 1 1 1 3 42 42 40 9 9 0 0 0 0 0 1 
6 6 7 7 7 6 4 4 3 3 2 1 1 5 0 0 1 1 1 1 1 7 0 0 0 0 0 1 1 1 1 1 2 2 29 34 34 29 4 4 4 4 0 0 0 0 
6 6 7 7 7 6 4 4 3 3 2 1 1 5 0 0 1 1 1 1 1 7 0 0 0 0 0 1 1 1 1 1 2 2 29 34 34 29 4 4 4 4 0 0 0 0 
12 12 12 13 13 10 8 8 6 6 3 2 2 2 1 1 1 1 1 1 1 1 1 1 2 2 2 1 1 2 1 1 1 1 28 24 24 34 0 0 0 0 0 0 0 0 
14 14 18 17 17 14 20 20 17 17 4 3 3 2 2 2 1 1 2 2 2 4 1 1 2 2 2 2 2 1 5 5 0 0 3 2 2 0 0 0 0 0 0 0 0 0 
14 14 18 17 17 14 20 20 17 17 4 3 3 2 2 2 1 1 2 2 2 4 1 1 2 2 2 2 2 1 5 5 0 0 3 2 2 0 0 0 0 0 0 0 0 0 
9 9 12 11 11 12 11 11 7 7 4 3 3 3 4 4 2 2 3 5 5 13 4 4 1 1 1 1 1 0 0 0 0 0 0 3 3 0 0 0 0 0 0 0 0 0 
9 9 12 11 11 12 11 11 7 7 4 3 3 3 4 4 2 2 3 5 5 13 4 4 1 1 1 1 1 0 0 0 0 0 0 3 3 0 0 0 0 0 0 0 0 0 
7 7 8 8 8 9 11 11 7 7 5 5 5 5 4 4 6 6 11 13 13 8 9 9 2 2 4 0 0 0 0 0 0 0 0 0 0 0 0 0 0 0 0 0 0 0 
8 8 6 7 7 8 10 10 9 9 7 7 7 5 3 3 2 2 4 11 11 4 4 4 5 5 6 4 4 0 0 0 0 0 0 0 0 0 0 0 0 0 0 0 0 0 
8 8 6 7 7 8 10 10 9 9 7 7 7 5 3 3 2 2 4 11 11 4 4 4 5 5 6 4 4 0 0 0 0 0 0 0 0 0 0 0 0 0 0 0 0 0 
9 9 7 6 6 8 10 10 11 11 11 9 9 5 4 4 3 3 4 5 5 4 12 12 8 8 9 12 12 2 0 0 0 0 0 0 0 0 0 0 0 0 0 0 0 0 
3 3 4 4 4 7 11 11 13 13 16 14 14 8 4 4 3 3 2 4 4 2 4 4 10 10 22 12 12 0 0 0 0 0 0 1 1 0 0 0 0 0 0 0 0 0 
3 3 4 4 4 7 11 11 13 13 16 14 14 8 4 4 3 3 2 4 4 2 4 4 10 10 22 12 12 0 0 0 0 0 0 1 1 0 0 0 0 0 0 0 0 0 
3 3 3 6 6 9 12 12 18 18 25 16 16 13 20 20 15 15 8 6 6 2 10 10 29 29 32 21 21 0 0 0 0 0 1 0 0 0 0 0 0 0 0 0 0 0 
3 3 3 6 6 9 12 12 18 18 25 16 16 13 20 20 15 15 8 6 6 2 10 10 29 29 32 21 21 0 0 0 0 0 1 0 0 0 0 0 0 0 0 0 0 0 
9 9 7 6 6 10 14 14 18 18 17 17 17 16 22 22 15 15 10 6 6 2 11 11 9 9 11 26 26 1 0 0 0 0 1 0 0 0 0 0 0 0 1 3 3 4 
10 10 12 13 13 28 32 32 36 36 39 36 36 40 59 59 56 56 29 12 12 5 1 1 4 4 9 4 4 2 0 0 0 0 2 0 0 0 1 1 1 1 1 5 5 5 
10 10 12 13 13 28 32 32 36 36 39 36 36 40 59 59 56 56 29 12 12 5 1 1 4 4 9 4 4 2 0 0 0 0 2 0 0 0 1 1 1 1 1 5 5 5 
16 16 22 11 11 19 27 27 26 26 31 30 30 36 50 50 44 44 24 10 10 5 5 5 4 4 4 3 3 2 1 1 2 2 2 2 2 0 1 1 1 1 1 2 2 3 
12 12 15 10 10 14 21 21 21 21 24 28 28 32 33 33 39 39 27 17 17 10 12 12 9 9 15 16 16 2 7 7 5 5 3 2 2 1 1 1 0 0 3 5 5 2 
12 12 15 10 10 14 21 21 21 21 24 28 28 32 33 33 39 39 27 17 17 10 12 12 9 9 15 16 16 2 7 7 5 5 3 2 2 1 1 1 0 0 3 5 5 2 
4 4 5 5 5 9 17 17 21 21 26 30 30 35 34 34 35 35 33 27 27 18 14 14 12 12 24 50 50 13 19 19 7 7 4 1 1 0 0 0 0 0 3 4 4 1 
4 4 5 5 5 9 17 17 21 21 26 30 30 35 34 34 35 35 33 27 27 18 14 14 12 12 24 50 50 13 19 19 7 7 4 1 1 0 0 0 0 0 3 4 4 1 
1 1 1 1 1 3 11 11 18 18 23 26 26 28 33 33 38 38 36 39 39 24 25 25 19 19 17 41 41 33 32 32 6 6 3 0 0 0 0 0 0 0 1 2 2 2 
0 0 1 2 2 8 18 18 21 21 27 28 28 31 40 40 43 43 44 41 41 72 21 21 13 13 12 20 20 17 9 9 3 3 1 2 2 1 0 0 0 0 2 3 3 1 
0 0 1 2 2 8 18 18 21 21 27 28 28 31 40 40 43 43 44 41 41 72 21 21 13 13 12 20 20 17 9 9 3 3 1 2 2 1 0 0 0 0 2 3 3 1 
1 1 1 1 1 5 10 10 16 16 18 21 21 24 29 29 31 31 35 45 45 27 23 23 13 13 13 14 14 10 8 8 5 5 2 3 3 2 1 1 1 1 4 8 8 2 
0 0 1 2 2 4 9 9 16 16 18 21 21 25 27 27 31 31 34 27 27 22 16 16 13 13 7 5 5 5 9 9 5 5 8 1 1 2 2 2 1 1 4 4 4 1 
0 0 1 2 2 4 9 9 16 16 18 21 21 25 27 27 31 31 34 27 27 22 16 16 13 13 7 5 5 5 9 9 5 5 8 1 1 2 2 2 1 1 4 4 4 1 
0 0 1 1 1 3 6 6 9 9 9 9 9 13 12 12 19 19 9 9 9 10 15 15 15 15 8 9 9 9 11 11 10 10 7 1 1 1 0 0 1 1 0 0 0 2 
0 0 1 1 1 3 6 6 9 9 9 9 9 13 12 12 19 19 9 9 9 10 15 15 15 15 8 9 9 9 11 11 10 10 7 1 1 1 0 0 1 1 0 0 0 2 
0 0 1 1 1 4 8 8 14 14 9 9 9 12 11 11 16 16 10 7 7 9 10 10 9 9 9 11 11 10 7 7 5 5 5 8 8 0 0 0 2 2 6 7 7 7 
1 1 1 2 2 1 2 2 4 4 4 1 1 2 0 0 0 0 3 4 4 7 7 7 6 6 10 10 10 11 16 16 6 6 6 8 8 1 0 0 3 3 8 11 11 9 
1 1 1 2 2 1 2 2 4 4 4 1 1 2 0 0 0 0 3 4 4 7 7 7 6 6 10 10 10 11 16 16 6 6 6 8 8 1 0 0 3 3 8 11 11 9 
1 1 1 2 2 4 5 5 2 2 1 1 1 1 0 0 1 1 2 6 6 9 11 11 12 12 9 7 7 23 13 13 7 7 6 2 2 0 1 1 6 6 10 14 14 14 
1 1 3 4 4 7 5 5 4 4 1 1 1 1 0 0 0 0 1 5 5 10 6 6 9 9 3 10 10 34 10 10 5 5 5 2 2 2 2 2 7 7 11 17 17 20 
1 1 3 4 4 7 5 5 4 4 1 1 1 1 0 0 0 0 1 5 5 10 6 6 9 9 3 10 10 34 10 10 5 5 5 2 2 2 2 2 7 7 11 17 17 20 
2 2 4 4 4 4 5 5 3 3 3 3 3 2 5 5 6 6 9 3 3 3 3 3 2 2 0 4 4 10 4 4 4 4 2 4 4 3 10 10 20 20 16 18 18 18 
2 2 4 4 4 4 5 5 3 3 3 3 3 2 5 5 6 6 9 3 3 3 3 3 2 2 0 4 4 10 4 4 4 4 2 4 4 3 10 10 20 20 16 18 18 18 
12 12 6 4 4 2 2 2 2 2 4 3 3 2 2 2 3 3 3 2 2 3 4 4 0 0 3 13 13 17 10 10 8 8 5 1 1 0 6 6 12 12 13 14 14 18 
18 18 16 11 11 6 3 3 3 3 5 4 4 2 1 1 1 1 1 1 1 1 0 0 0 0 0 4 4 10 10 10 14 14 12 7 7 1 7 7 11 11 17 15 15 9 
18 18 16 11 11 6 3 3 3 3 5 4 4 2 1 1 1 1 1 1 1 1 0 0 0 0 0 4 4 10 10 10 14 14 12 7 7 1 7 7 11 11 17 15 15 9 
16 16 12 11 11 8 8 8 7 7 11 4 4 2 2 2 1 1 2 3 3 2 1 1 0 0 0 7 7 10 13 13 17 17 13 6 6 4 4 4 4 4 11 8 8 5 
15 15 19 16 16 16 16 16 15 15 7 4 4 3 3 3 4 4 3 4 4 4 4 4 7 7 4 7 7 8 17 17 14 14 20 10 10 9 2 2 6 6 8 0 0 1 
15 15 19 16 16 16 16 16 15 15 7 4 4 3 3 3 4 4 3 4 4 4 4 4 7 7 4 7 7 8 17 17 14 14 20 10 10 9 2 2 6 6 8 0 0 1 
12 12 14 12 12 13 12 12 6 6 4 5 5 6 7 7 6 6 6 9 9 8 5 5 8 8 5 10 10 9 12 12 12 12 26 23 23 16 6 6 3 3 3 5 5 10 
12 12 14 12 12 13 12 12 6 6 4 5 5 6 7 7 6 6 6 9 9 8 5 5 8 8 5 10 10 9 12 12 12 12 26 23 23 16 6 6 3 3 3 5 5 10 
15 15 5 4 4 4 3 3 2 2 2 5 5 5 7 7 6 6 4 7 7 6 2 2 2 2 5 2 2 1 1 1 9 9 21 45 45 19 9 9 4 4 4 9 9 6 
11 11 6 2 2 1 1 1 0 0 0 0 0 1 1 1 2 2 2 6 6 9 4 4 2 2 1 2 2 4 0 0 2 2 0 0 0 4 13 13 3 3 3 5 5 10 
11 11 6 2 2 1 1 1 0 0 0 0 0 1 1 1 2 2 2 6 6 9 4 4 2 2 1 2 2 4 0 0 2 2 0 0 0 4 13 13 3 3 3 5 5 10 
8 8 6 4 4 3 2 2 1 1 0 0 0 1 2 2 2 2 1 4 4 7 6 6 2 2 2 3 3 4 5 5 0 0 0 0 0 0 3 3 2 2 1 1 1 1 
5 5 4 4 4 4 3 3 2 2 2 1 1 1 1 1 1 1 2 4 4 8 4 4 1 1 1 3 3 7 9 9 5 5 0 0 0 0 0 0 0 0 0 0 0 0 
