assets/RAT_results_old/precipitation/2024-05-29_IMERG.asc
ncols        46
nrows        77
xllcorner    74.800261325624
yllcorner    8.058333333333
cellsize     0.062500000000
NODATA_value -9999
4 4 11 10 10 9 9 9 9 9 0 2 2 0 0 0 0 0 0 0 0 0 0 0 0 0 0 0 0 1 1 1 2 2 2 2 2 2 1 1 0 0 0 1 1 1 
9 9 6 7 7 11 9 9 10 10 2 2 2 0 0 0 0 0 0 0 0 0 0 0 0 0 0 0 0 0 0 0 1 1 1 1 1 1 0 0 0 0 1 1 1 1 
9 9 6 7 7 11 9 9 10 10 2 2 2 0 0 0 0 0 0 0 0 0 0 0 0 0 0 0 0 0 0 0 1 1 1 1 1 1 0 0 0 0 1 1 1 1 
13 13 16 9 9 12 10 10 11 11 2 1 1 0 0 0 0 0 0 0 0 0 0 0 0 0 0 0 0 0 0 0 0 0 0 0 0 1 1 1 1 1 1 1 1 1 
12 12 19 15 15 19 17 17 3 3 2 1 1 0 0 0 0 0 0 0 0 0 0 0 0 0 0 0 0 0 0 0 0 0 0 0 0 1 0 0 1 1 0 1 1 1 
12 12 19 15 15 19 17 17 3 3 2 1 1 0 0 0 0 0 0 0 0 0 0 0 0 0 0 0 0 0 0 0 0 0 0 0 0 1 0 0 1 1 0 1 1 1 
12 12 9 7 7 17 18 18 6 6 5 1 1 0 0 0 0 0 0 0 0 0 0 0 0 0 0 0 0 0 0 0 0 0 0 0 0 1 0 0 1 1 0 0 0 0 
12 12 9 7 7 17 18 18 6 6 5 1 1 0 0 0 0 0 0 0 0 0 0 0 0 0 0 0 0 0 0 0 0 0 0 0 0 1 0 0 1 1 0 0 0 0 
12 12 5 5 5 5 7 7 6 6 5 4 4 4 0 0 0 0 0 0 0 0 0 0 0 0 0 0 0 0 0 0 0 0 0 0 0 0 0 0 1 1 1 0 0 1 
13 13 12 3 3 4 9 9 8 8 15 4 4 4 0 0 0 0 0 0 0 0 0 0 0 0 0 0 0 0 0 0 0 0 0 0 0 0 0 0 1 1 1 0 0 1 
13 13 12 3 3 4 9 9 8 8 15 4 4 4 0 0 0 0 0 0 0 0 0 0 0 0 0 0 0 0 0 0 0 0 0 0 0 0 0 0 1 1 1 0 0 1 
15 15 12 5 5 5 2 2 7 7 8 8 8 2 0 0 0 0 0 0 0 0 0 0 0 0 0 0 0 0 0 0 0 0 0 0 0 0 0 0 0 0 0 0 0 0 
20 20 17 12 12 10 4 4 9 9 10 9 9 2 4 4 1 1 0 0 0 0 0 0 0 0 0 0 0 0 0 0 0 0 0 0 0 0 0 0 0 0 0 0 0 0 
20 20 17 12 12 10 4 4 9 9 10 9 9 2 4 4 1 1 0 0 0 0 0 0 0 0 0 0 0 0 0 0 0 0 0 0 0 0 0 0 0 0 0 0 0 0 
23 23 23 18 18 15 13 13 10 10 9 6 6 5 4 4 1 1 0 0 0 0 0 0 0 0 0 0 0 0 0 0 0 0 0 0 0 0 0 0 0 0 0 0 0 0 
23 23 23 18 18 15 13 13 10 10 9 6 6 5 4 4 1 1 0 0 0 0 0 0 0 0 0 0 0 0 0 0 0 0 0 0 0 0 0 0 0 0 0 0 0 0 
32 32 42 35 35 17 17 17 17 17 10 9 9 3 0 0 0 0 0 0 0 0 0 0 0 0 0 0 0 0 0 0 0 0 0 0 0 0 0 0 0 0 0 0 0 0 
42 42 40 30 30 13 14 14 10 10 8 10 10 4 1 1 0 0 0 0 0 0 0 0 0 0 0 0 0 0 0 0 0 0 0 0 0 0 0 0 0 0 0 0 0 0 
42 42 40 30 30 13 14 14 10 10 8 10 10 4 1 1 0 0 0 0 0 0 0 0 0 0 0 0 0 0 0 0 0 0 0 0 0 0 0 0 0 0 0 0 0 0 
51 51 65 53 53 18 18 18 10 10 9 10 10 4 1 1 0 0 0 0 0 0 0 0 0 0 0 0 0 0 0 0 0 0 0 0 0 0 0 0 0 0 0 0 0 0 
53 53 93 80 80 18 17 17 14 14 13 14 14 6 2 2 1 1 0 0 0 0 0 0 0 0 0 0 0 0 0 0 0 0 0 0 0 0 0 0 0 0 0 0 0 0 
53 53 93 80 80 18 17 17 14 14 13 14 14 6 2 2 1 1 0 0 0 0 0 0 0 0 0 0 0 0 0 0 0 0 0 0 0 0 0 0 0 0 0 0 0 0 
52 52 82 76 76 73 24 24 16 16 13 7 7 4 1 1 1 1 0 0 0 0 0 0 0 0 0 0 0 0 0 0 0 0 0 0 0 0 0 0 0 0 0 0 0 0 
52 52 82 76 76 73 24 24 16 16 13 7 7 4 1 1 1 1 0 0 0 0 0 0 0 0 0 0 0 0 0 0 0 0 0 0 0 0 0 0 0 0 0 0 0 0 
55 55 45 73 73 114 25 25 32 32 9 7 7 2 0 0 0 0 0 0 0 0 0 0 0 0 0 0 0 0 0 0 0 0 0 0 0 0 0 0 0 0 0 0 0 0 
59 59 52 107 107 101 48 48 46 46 15 12 12 10 9 9 3 3 0 0 0 0 0 0 0 0 0 0 0 0 0 0 0 0 0 0 0 0 0 0 0 0 0 0 0 0 
59 59 52 107 107 101 48 48 46 46 15 12 12 10 9 9 3 3 0 0 0 0 0 0 0 0 0 0 0 0 0 0 0 0 0 0 0 0 0 0 0 0 0 0 0 0 
72 72 61 111 111 68 50 50 57 57 38 25 25 20 11 11 3 3 1 1 1 0 0 0 0 0 0 0 0 0 0 0 0 0 0 0 0 0 0 0 0 0 0 0 0 0 
76 76 68 65 65 66 61 61 55 55 45 36 36 57 18 18 9 9 5 0 0 0 0 0 0 0 0 0 0 0 0 0 0 0 0 0 0 0 0 0 0 0 0 0 0 0 
76 76 68 65 65 66 61 61 55 55 45 36 36 57 18 18 9 9 5 0 0 0 0 0 0 0 0 0 0 0 0 0 0 0 0 0 0 0 0 0 0 0 0 0 0 0 
53 53 54 51 51 61 59 59 81 81 84 74 74 65 27 27 9 9 9 1 1 0 0 0 0 0 0 0 0 0 0 0 0 0 0 0 0 0 0 0 0 0 0 0 0 0 
53 53 54 51 51 61 59 59 81 81 84 74 74 65 27 27 9 9 9 1 1 0 0 0 0 0 0 0 0 0 0 0 0 0 0 0 0 0 0 0 0 0 0 0 0 0 
25 25 41 42 42 53 60 60 80 80 72 61 61 62 51 51 26 26 21 3 3 0 0 0 0 0 0 0 0 0 0 0 0 0 0 0 0 0 0 0 0 0 0 0 0 0 
22 22 41 38 38 51 67 67 72 72 68 73 73 64 67 67 52 52 38 17 17 7 1 1 0 0 0 0 0 0 0 0 0 0 0 0 0 0 0 0 0 0 0 0 0 0 
22 22 41 38 38 51 67 67 72 72 68 73 73 64 67 67 52 52 38 17 17 7 1 1 0 0 0 0 0 0 0 0 0 0 0 0 0 0 0 0 0 0 0 0 0 0 
26 26 37 39 39 51 64 64 62 62 57 63 63 64 71 71 59 59 42 35 35 23 1 1 1 1 0 0 0 0 0 0 0 0 0 0 0 0 0 0 0 0 0 0 0 0 
28 28 43 39 39 44 60 60 67 67 65 63 63 67 65 65 59 59 63 50 50 28 2 2 1 1 1 1 1 0 0 0 0 0 0 0 0 0 0 0 0 0 0 0 0 0 
28 28 43 39 39 44 60 60 67 67 65 63 63 67 65 65 59 59 63 50 50 28 2 2 1 1 1 1 1 0 0 0 0 0 0 0 0 0 0 0 0 0 0 0 0 0 
32 32 34 37 37 40 61 61 65 65 62 66 66 70 75 75 88 88 80 44 44 26 7 7 1 1 1 1 1 0 0 0 0 0 0 0 0 0 0 0 0 0 0 0 0 0 
32 32 34 37 37 40 61 61 65 65 62 66 66 70 75 75 88 88 80 44 44 26 7 7 1 1 1 1 1 0 0 0 0 0 0 0 0 0 0 0 0 0 0 0 0 0 
57 57 40 34 34 37 56 56 65 65 64 64 64 68 79 79 78 78 93 73 73 32 3 3 1 1 1 1 1 0 0 0 0 0 0 0 0 0 0 0 0 0 0 0 0 0 
66 66 58 52 52 55 62 62 53 53 59 64 64 71 77 77 77 77 68 54 54 26 13 13 2 2 1 1 1 0 0 0 0 0 0 0 0 0 0 0 0 0 0 0 0 0 
66 66 58 52 52 55 62 62 53 53 59 64 64 71 77 77 77 77 68 54 54 26 13 13 2 2 1 1 1 0 0 0 0 0 0 0 0 0 0 0 0 0 0 0 0 0 
75 75 70 74 74 70 35 35 44 44 46 52 52 57 65 65 66 66 67 82 82 38 25 25 4 4 1 0 0 0 0 0 0 0 0 0 0 0 0 0 0 0 0 0 0 0 
97 97 99 102 102 82 40 40 42 42 42 48 48 43 61 61 59 59 94 80 80 39 29 29 9 9 2 1 1 0 0 0 0 0 0 0 0 0 0 0 0 0 0 0 0 0 
97 97 99 102 102 82 40 40 42 42 42 48 48 43 61 61 59 59 94 80 80 39 29 29 9 9 2 1 1 0 0 0 0 0 0 0 0 0 0 0 0 0 0 0 0 0 
104 104 112 130 130 184 85 85 57 57 42 42 42 35 50 50 52 52 47 59 59 56 37 37 12 12 3 1 1 1 0 0 0 0 0 0 0 0 0 0 0 0 0 0 0 0 
104 104 112 130 130 184 85 85 57 57 42 42 42 35 50 50 52 52 47 59 59 56 37 37 12 12 3 1 1 1 0 0 0 0 0 0 0 0 0 0 0 0 0 0 0 0 
113 113 136 123 123 217 186 186 129 129 89 48 48 31 45 45 48 48 45 69 69 59 49 49 34 34 9 5 5 3 0 0 0 0 0 0 0 0 0 0 0 0 0 0 0 0 
121 121 126 141 141 157 152 152 93 93 63 66 66 51 56 56 58 58 79 114 114 84 67 67 33 33 9 10 10 5 0 0 0 0 0 0 0 0 0 0 0 0 0 0 0 0 
121 121 126 141 141 157 152 152 93 93 63 66 66 51 56 56 58 58 79 114 114 84 67 67 33 33 9 10 10 5 0 0 0 0 0 0 0 0 0 0 0 0 0 0 0 0 
116 116 108 115 115 115 129 129 129 129 71 53 53 45 59 59 68 68 58 91 91 87 75 75 57 57 24 11 11 4 2 2 0 0 0 0 0 0 0 0 0 0 0 0 0 0 
108 108 110 101 101 102 103 103 103 103 76 38 38 34 48 48 53 53 68 81 81 96 71 71 52 52 31 16 16 7 4 4 0 0 0 0 0 0 0 0 0 0 0 0 0 0 
108 108 110 101 101 102 103 103 103 103 76 38 38 34 48 48 53 53 68 81 81 96 71 71 52 52 31 16 16 7 4 4 0 0 0 0 0 0 0 0 0 0 0 0 0 0 
84 84 106 114 114 121 120 120 118 118 86 36 36 33 41 41 44 44 72 75 75 57 47 47 48 48 41 20 20 15 15 15 1 1 0 0 0 0 0 0 0 0 0 0 0 0 
84 84 106 114 114 121 120 120 118 118 86 36 36 33 41 41 44 44 72 75 75 57 47 47 48 48 41 20 20 15 15 15 1 1 0 0 0 0 0 0 0 0 0 0 0 0 
80 80 101 106 106 131 168 168 113 113 40 35 35 44 42 42 49 49 59 64 64 47 40 40 43 43 19 25 25 23 15 15 1 1 0 0 0 0 0 0 0 0 0 0 0 0 
65 65 78 97 97 117 155 155 103 103 103 39 39 43 50 50 40 40 51 51 51 61 56 56 30 30 30 35 35 35 19 19 12 12 1 0 0 0 0 0 0 0 0 0 0 0 
65 65 78 97 97 117 155 155 103 103 103 39 39 43 50 50 40 40 51 51 51 61 56 56 30 30 30 35 35 35 19 19 12 12 1 0 0 0 0 0 0 0 0 0 0 0 
50 50 55 66 66 65 73 73 91 91 92 40 40 49 47 47 34 34 50 50 50 45 39 39 15 15 20 35 35 35 19 19 8 8 4 0 0 0 0 0 0 0 0 0 0 0 
57 57 49 58 58 53 65 65 19 19 20 25 25 42 45 45 40 40 50 57 57 59 56 56 34 34 32 12 12 14 9 9 9 9 4 0 0 0 0 0 0 0 0 0 0 0 
57 57 49 58 58 53 65 65 19 19 20 25 25 42 45 45 40 40 50 57 57 59 56 56 34 34 32 12 12 14 9 9 9 9 4 0 0 0 0 0 0 0 0 0 0 0 
70 70 57 49 49 46 30 30 24 24 18 21 21 24 27 27 39 39 42 53 53 55 66 66 45 45 41 18 18 4 7 7 5 5 5 0 0 0 0 0 0 0 0 0 0 0 
70 70 57 49 49 46 30 30 24 24 18 21 21 24 27 27 39 39 42 53 53 55 66 66 45 45 41 18 18 4 7 7 5 5 5 0 0 0 0 0 0 0 0 0 0 0 
79 79 71 67 67 47 44 44 28 28 25 19 19 21 23 23 28 28 38 53 53 57 71 71 72 72 69 29 29 7 6 6 2 2 1 0 0 0 0 0 0 0 0 0 0 0 
81 81 76 72 72 54 46 46 39 39 29 24 24 24 19 19 24 24 28 46 46 47 66 66 64 64 68 30 30 18 17 17 4 4 3 1 1 0 0 0 0 0 0 0 0 0 
81 81 76 72 72 54 46 46 39 39 29 24 24 24 19 19 24 24 28 46 46 47 66 66 64 64 68 30 30 18 17 17 4 4 3 1 1 0 0 0 0 0 0 0 0 0 
78 78 84 78 78 59 55 55 42 42 39 31 31 30 25 25 21 21 23 34 34 54 66 66 70 70 71 66 66 22 31 31 28 28 19 10 10 1 1 1 0 0 0 0 0 0 
81 81 80 79 79 73 62 62 55 55 41 43 43 42 25 25 23 23 25 26 26 27 44 44 49 49 52 76 76 47 42 42 51 51 17 8 8 13 3 3 0 0 0 0 0 0 
81 81 80 79 79 73 62 62 55 55 41 43 43 42 25 25 23 23 25 26 26 27 44 44 49 49 52 76 76 47 42 42 51 51 17 8 8 13 3 3 0 0 0 0 0 0 
81 81 87 89 89 85 76 76 62 62 51 47 47 41 26 26 27 27 24 27 27 27 32 32 40 40 46 61 61 55 40 40 37 37 32 26 26 18 3 3 0 0 0 0 0 0 
81 81 87 89 89 85 76 76 62 62 51 47 47 41 26 26 27 27 24 27 27 27 32 32 40 40 46 61 61 55 40 40 37 37 32 26 26 18 3 3 0 0 0 0 0 0 
78 78 87 94 94 94 89 89 79 79 71 69 69 39 24 24 27 27 26 24 24 21 23 23 27 27 34 59 59 54 47 47 25 25 33 30 30 15 0 0 0 0 0 0 0 0 
72 72 80 89 89 92 89 89 80 80 74 70 70 32 23 23 23 23 20 20 20 21 26 26 28 28 25 40 40 42 33 33 27 27 29 27 27 21 3 3 0 0 0 0 0 0 
72 72 80 89 89 92 89 89 80 80 74 70 70 32 23 23 23 23 20 20 20 21 26 26 28 28 25 40 40 42 33 33 27 27 29 27 27 21 3 3 0 0 0 0 0 0 
58 58 61 72 72 81 82 82 77 77 66 52 52 38 22 22 21 21 23 19 19 21 24 24 26 26 29 37 37 40 39 39 40 40 32 32 32 9 3 3 1 1 0 0 0 0 
46 46 51 57 57 66 67 67 66 66 58 53 53 34 30 30 28 28 22 19 19 21 25 25 28 28 32 36 36 37 36 36 38 38 37 29 29 15 6 6 2 2 0 0 0 0 
