assets/RAT_results_old/precipitation/2024-10-01_IMERG.asc
ncols        46
nrows        77
xllcorner    74.800261325624
yllcorner    8.058333333333
cellsize     0.062500000000
NODATA_value -9999
2 2 4 6 6 9 6 6 10 10 6 4 4 3 3 3 1 1 0 1 1 0 0 0 0 0 0 0 0 0 0 0 0 0 0 0 0 0 1 1 0 0 0 0 0 0 
2 2 1 3 3 4 5 5 4 4 3 6 6 5 4 4 2 2 1 0 0 0 1 1 0 0 0 0 0 0 0 0 0 0 0 0 0 0 0 0 0 0 0 0 0 0 
2 2 1 3 3 4 5 5 4 4 3 6 6 5 4 4 2 2 1 0 0 0 1 1 0 0 0 0 0 0 0 0 0 0 0 0 0 0 0 0 0 0 0 0 0 0 
3 3 1 1 1 3 1 1 2 2 4 5 5 15 6 6 2 2 1 0 0 1 2 2 1 1 0 0 0 0 0 0 1 1 1 0 0 0 0 0 0 0 0 0 0 0 
1 1 2 0 0 0 1 1 2 2 3 9 9 16 5 5 1 1 1 1 1 2 3 3 1 1 0 1 1 0 0 0 2 2 1 0 0 0 0 0 0 0 0 0 0 0 
1 1 2 0 0 0 1 1 2 2 3 9 9 16 5 5 1 1 1 1 1 2 3 3 1 1 0 1 1 0 0 0 2 2 1 0 0 0 0 0 0 0 0 0 0 0 
0 0 1 0 0 0 1 1 2 2 1 5 5 12 3 3 0 0 0 1 1 3 4 4 2 2 1 1 1 0 0 0 2 2 2 0 0 0 0 0 0 0 0 0 0 0 
0 0 1 0 0 0 1 1 2 2 1 5 5 12 3 3 0 0 0 1 1 3 4 4 2 2 1 1 1 0 0 0 2 2 2 0 0 0 0 0 0 0 0 0 0 0 
0 0 0 0 0 0 0 0 1 1 1 1 1 9 1 1 0 0 0 1 1 3 5 5 2 2 1 1 1 0 0 0 3 3 2 0 0 0 0 0 0 0 0 0 0 0 
0 0 0 0 0 0 0 0 0 0 0 0 0 6 0 0 0 0 0 1 1 3 3 3 2 2 1 1 1 0 0 0 2 2 1 0 0 0 0 0 0 0 0 0 0 0 
0 0 0 0 0 0 0 0 0 0 0 0 0 6 0 0 0 0 0 1 1 3 3 3 2 2 1 1 1 0 0 0 2 2 1 0 0 0 0 0 0 0 0 0 0 0 
0 0 0 1 1 0 0 0 0 0 0 1 1 4 1 1 1 1 0 1 1 2 2 2 1 1 0 0 0 0 0 0 1 1 0 0 0 0 0 0 0 0 0 0 0 0 
0 0 0 0 0 1 1 1 0 0 1 2 2 5 3 3 3 3 4 2 2 2 1 1 1 1 0 0 0 0 0 0 0 0 0 0 0 0 0 0 0 0 0 0 0 0 
0 0 0 0 0 1 1 1 0 0 1 2 2 5 3 3 3 3 4 2 2 2 1 1 1 1 0 0 0 0 0 0 0 0 0 0 0 0 0 0 0 0 0 0 0 0 
0 0 0 0 0 0 1 1 0 0 1 2 2 5 5 5 6 6 6 4 4 3 1 1 1 1 1 1 1 0 0 0 0 0 0 0 0 0 0 0 0 0 0 0 0 0 
0 0 0 0 0 0 1 1 0 0 1 2 2 5 5 5 6 6 6 4 4 3 1 1 1 1 1 1 1 0 0 0 0 0 0 0 0 0 0 0 0 0 0 0 0 0 
0 0 0 0 0 0 1 1 1 1 1 2 2 4 6 6 10 10 10 7 7 3 3 3 4 4 2 2 2 0 0 0 0 0 0 0 0 0 0 0 0 0 0 0 0 0 
0 0 0 1 1 0 1 1 1 1 2 3 3 4 10 10 12 12 20 10 10 4 3 3 5 5 3 2 2 0 0 0 8 8 23 12 12 10 0 0 0 0 0 0 0 0 
0 0 0 1 1 0 1 1 1 1 2 3 3 4 10 10 12 12 20 10 10 4 3 3 5 5 3 2 2 0 0 0 8 8 23 12 12 10 0 0 0 0 0 0 0 0 
0 0 0 0 0 0 0 0 0 0 1 3 3 5 7 7 11 11 17 11 11 4 3 3 3 3 4 1 1 3 10 10 9 9 19 11 11 6 0 0 0 0 0 0 0 0 
0 0 0 0 0 0 0 0 1 1 1 3 3 4 6 6 7 7 14 15 15 7 5 5 3 3 3 1 1 3 24 24 21 21 15 13 13 6 0 0 0 0 0 0 0 0 
0 0 0 0 0 0 0 0 1 1 1 3 3 4 6 6 7 7 14 15 15 7 5 5 3 3 3 1 1 3 24 24 21 21 15 13 13 6 0 0 0 0 0 0 0 0 
0 0 0 0 0 0 0 0 0 0 0 1 1 4 6 6 6 6 10 12 12 9 9 9 8 8 6 6 6 13 13 13 20 20 8 7 7 8 0 0 0 0 0 0 0 0 
0 0 0 0 0 0 0 0 0 0 0 1 1 4 6 6 6 6 10 12 12 9 9 9 8 8 6 6 6 13 13 13 20 20 8 7 7 8 0 0 0 0 0 0 0 0 
0 0 0 0 0 0 0 0 0 0 0 1 1 6 5 5 5 5 10 11 11 10 9 9 13 13 10 12 12 17 15 15 15 15 11 10 10 10 8 8 1 1 1 0 0 0 
0 0 0 0 0 0 0 0 0 0 0 0 0 2 3 3 5 5 6 9 9 10 14 14 24 24 22 16 16 13 20 20 14 14 13 10 10 12 11 11 2 2 2 1 1 0 
0 0 0 0 0 0 0 0 0 0 0 0 0 2 3 3 5 5 6 9 9 10 14 14 24 24 22 16 16 13 20 20 14 14 13 10 10 12 11 11 2 2 2 1 1 0 
0 0 0 0 0 1 1 1 1 1 1 0 0 1 2 2 5 5 6 8 8 10 15 15 25 25 28 23 23 14 18 18 15 15 14 11 11 9 8 8 5 5 3 2 2 2 
0 0 0 0 0 1 1 1 1 1 1 1 1 1 1 1 5 5 4 5 5 10 15 15 30 30 29 20 20 11 11 11 11 11 11 8 8 9 9 9 7 7 5 3 3 3 
0 0 0 0 0 1 1 1 1 1 1 1 1 1 1 1 5 5 4 5 5 10 15 15 30 30 29 20 20 11 11 11 11 11 11 8 8 9 9 9 7 7 5 3 3 3 
0 0 0 1 1 1 1 1 1 1 1 1 1 1 0 0 2 2 2 1 1 7 10 10 19 19 22 16 16 11 11 11 11 11 8 8 8 7 8 8 10 10 6 4 4 4 
0 0 0 1 1 1 1 1 1 1 1 1 1 1 0 0 2 2 2 1 1 7 10 10 19 19 22 16 16 11 11 11 11 11 8 8 8 7 8 8 10 10 6 4 4 4 
0 0 0 1 1 2 2 2 2 2 2 2 2 1 3 3 1 1 2 1 1 4 6 6 5 5 19 11 11 8 8 8 8 8 9 7 7 7 4 4 7 7 5 4 4 4 
0 0 1 1 1 4 4 4 5 5 6 7 7 6 4 4 3 3 3 1 1 3 5 5 5 5 5 10 10 9 4 4 4 4 2 2 2 3 3 3 6 6 4 3 3 2 
0 0 1 1 1 4 4 4 5 5 6 7 7 6 4 4 3 3 3 1 1 3 5 5 5 5 5 10 10 9 4 4 4 4 2 2 2 3 3 3 6 6 4 3 3 2 
1 1 1 2 2 3 4 4 5 5 9 9 9 6 6 6 4 4 7 2 2 4 3 3 1 1 4 7 7 5 4 4 6 6 2 1 1 1 1 1 4 4 2 2 2 1 
0 0 1 1 1 2 2 2 2 2 3 4 4 4 6 6 5 5 6 1 1 2 3 3 3 3 5 10 10 6 4 4 8 8 3 1 1 0 1 1 2 2 1 1 1 0 
0 0 1 1 1 2 2 2 2 2 3 4 4 4 6 6 5 5 6 1 1 2 3 3 3 3 5 10 10 6 4 4 8 8 3 1 1 0 1 1 2 2 1 1 1 0 
0 0 0 0 0 1 1 1 2 2 2 2 2 4 8 8 8 8 2 2 2 3 2 2 4 4 7 11 11 10 8 8 8 8 6 1 1 0 0 0 1 1 0 0 0 0 
0 0 0 0 0 1 1 1 2 2 2 2 2 4 8 8 8 8 2 2 2 3 2 2 4 4 7 11 11 10 8 8 8 8 6 1 1 0 0 0 1 1 0 0 0 0 
0 0 0 0 0 1 1 1 1 1 1 1 1 3 7 7 9 9 5 2 2 9 3 3 5 5 9 12 12 13 10 10 3 3 4 1 1 0 1 1 0 0 1 0 0 0 
0 0 0 0 0 0 1 1 1 1 1 1 1 2 8 8 10 10 4 3 3 14 16 16 10 10 14 14 14 14 8 8 2 2 3 2 2 4 2 2 2 2 0 1 1 1 
0 0 0 0 0 0 1 1 1 1 1 1 1 2 8 8 10 10 4 3 3 14 16 16 10 10 14 14 14 14 8 8 2 2 3 2 2 4 2 2 2 2 0 1 1 1 
0 0 0 0 0 0 0 0 1 1 1 2 2 3 8 8 7 7 4 4 4 15 16 16 9 9 13 14 14 13 7 7 3 3 2 4 4 4 3 3 2 2 0 0 0 1 
1 1 0 0 0 0 1 1 0 0 1 1 1 3 5 5 6 6 3 3 3 5 7 7 9 9 10 17 17 13 7 7 4 4 3 6 6 6 3 3 1 1 1 1 1 1 
1 1 0 0 0 0 1 1 0 0 1 1 1 3 5 5 6 6 3 3 3 5 7 7 9 9 10 17 17 13 7 7 4 4 3 6 6 6 3 3 1 1 1 1 1 1 
3 3 2 1 1 1 1 1 1 1 1 1 1 3 5 5 4 4 3 3 3 5 7 7 8 8 10 15 15 16 8 8 6 6 4 6 6 9 4 4 1 1 1 1 1 2 
3 3 2 1 1 1 1 1 1 1 1 1 1 3 5 5 4 4 3 3 3 5 7 7 8 8 10 15 15 16 8 8 6 6 4 6 6 9 4 4 1 1 1 1 1 2 
3 3 2 2 2 2 2 2 2 2 2 2 2 3 6 6 3 3 3 3 3 6 5 5 6 6 6 14 14 16 11 11 12 12 6 10 10 8 4 4 1 1 1 1 1 3 
4 4 3 4 4 3 2 2 2 2 2 2 2 2 2 2 3 3 3 8 8 6 3 3 6 6 5 13 13 18 16 16 15 15 8 8 8 7 4 4 1 1 1 1 1 3 
4 4 3 4 4 3 2 2 2 2 2 2 2 2 2 2 3 3 3 8 8 6 3 3 6 6 5 13 13 18 16 16 15 15 8 8 8 7 4 4 1 1 1 1 1 3 
6 6 6 5 5 4 3 3 3 3 2 2 2 2 2 2 4 4 4 4 4 4 2 2 4 4 4 10 10 12 15 15 16 16 9 6 6 3 1 1 1 1 0 1 1 2 
9 9 9 8 8 7 4 4 3 3 3 2 2 2 3 3 4 4 4 7 7 2 1 1 3 3 3 4 4 8 12 12 12 12 10 3 3 1 0 0 0 0 0 0 0 1 
9 9 9 8 8 7 4 4 3 3 3 2 2 2 3 3 4 4 4 7 7 2 1 1 3 3 3 4 4 8 12 12 12 12 10 3 3 1 0 0 0 0 0 0 0 1 
10 10 10 9 9 6 3 3 3 3 2 2 2 2 2 2 2 2 2 5 5 1 1 1 2 2 2 3 3 6 7 7 10 10 7 2 2 0 0 0 0 0 0 0 0 0 
10 10 10 9 9 6 3 3 3 3 2 2 2 2 2 2 2 2 2 5 5 1 1 1 2 2 2 3 3 6 7 7 10 10 7 2 2 0 0 0 0 0 0 0 0 0 
8 8 8 8 8 5 3 3 3 3 2 2 2 2 2 2 1 1 0 1 1 0 0 0 1 1 1 1 1 2 2 2 3 3 5 1 1 0 0 0 0 0 0 0 0 0 
6 6 6 6 6 5 4 4 4 4 3 3 3 3 3 3 1 1 0 0 0 0 0 0 0 0 1 1 1 1 0 0 2 2 1 1 1 0 0 0 0 0 0 0 0 0 
6 6 6 6 6 5 4 4 4 4 3 3 3 3 3 3 1 1 0 0 0 0 0 0 0 0 1 1 1 1 0 0 2 2 1 1 1 0 0 0 0 0 0 0 0 0 
6 6 5 7 7 6 7 7 6 6 5 4 4 4 4 4 2 2 1 0 0 0 0 0 0 0 1 1 1 0 1 1 4 4 1 0 0 0 0 0 0 0 0 0 0 1 
7 7 6 8 8 9 9 9 12 12 8 5 5 5 4 4 3 3 2 1 1 1 0 0 0 0 0 1 1 1 2 2 1 1 2 1 1 0 0 0 0 0 0 0 0 0 
7 7 6 8 8 9 9 9 12 12 8 5 5 5 4 4 3 3 2 1 1 1 0 0 0 0 0 1 1 1 2 2 1 1 2 1 1 0 0 0 0 0 0 0 0 0 
8 8 6 9 9 10 11 11 9 9 7 6 6 4 3 3 2 2 2 1 1 1 0 0 0 0 0 1 1 1 4 4 3 3 3 4 4 1 0 0 0 0 0 0 0 1 
8 8 6 9 9 10 11 11 9 9 7 6 6 4 3 3 2 2 2 1 1 1 0 0 0 0 0 1 1 1 4 4 3 3 3 4 4 1 0 0 0 0 0 0 0 1 
8 8 7 8 8 10 10 10 10 10 9 7 7 5 3 3 2 2 2 1 1 1 1 1 0 0 0 1 1 1 4 4 4 4 4 4 4 2 1 1 0 0 0 0 0 1 
7 7 5 7 7 13 14 14 13 13 11 8 8 5 3 3 2 2 2 2 2 1 4 4 1 1 0 0 0 2 5 5 6 6 6 8 8 3 1 1 1 1 0 0 0 0 
7 7 5 7 7 13 14 14 13 13 11 8 8 5 3 3 2 2 2 2 2 1 4 4 1 1 0 0 0 2 5 5 6 6 6 8 8 3 1 1 1 1 0 0 0 0 
6 6 6 13 13 14 13 13 12 12 8 5 5 5 3 3 2 2 2 2 2 2 14 14 7 7 1 0 0 0 6 6 6 6 5 4 4 4 0 0 0 0 1 0 0 0 
5 5 8 10 10 10 10 10 7 7 5 4 4 4 3 3 3 3 4 3 3 4 18 18 8 8 2 0 0 0 4 4 6 6 5 5 5 4 1 1 2 2 3 1 1 0 
5 5 8 10 10 10 10 10 7 7 5 4 4 4 3 3 3 3 4 3 3 4 18 18 8 8 2 0 0 0 4 4 6 6 5 5 5 4 1 1 2 2 3 1 1 0 
9 9 5 4 4 4 5 5 3 3 2 3 3 4 4 4 3 3 4 4 4 4 25 25 15 15 4 2 2 0 3 3 5 5 7 5 5 3 2 2 2 2 2 0 0 0 
9 9 5 4 4 4 5 5 3 3 2 3 3 4 4 4 3 3 4 4 4 4 25 25 15 15 4 2 2 0 3 3 5 5 7 5 5 3 2 2 2 2 2 0 0 0 
7 7 4 4 4 3 4 4 3 3 2 3 3 5 6 6 5 5 5 4 4 5 27 27 16 16 5 2 2 1 3 3 2 2 3 2 2 1 3 3 2 2 1 0 0 0 
8 8 5 7 7 4 5 5 3 3 3 5 5 8 7 7 6 6 5 5 5 5 31 31 16 16 7 3 3 2 3 3 5 5 3 2 2 1 2 2 3 3 3 2 2 0 
8 8 5 7 7 4 5 5 3 3 3 5 5 8 7 7 6 6 5 5 5 5 31 31 16 16 7 3 3 2 3 3 5 5 3 2 2 1 2 2 3 3 3 2 2 0 
10 10 10 11 11 5 6 6 4 4 4 6 6 9 11 11 11 11 6 32 32 37 36 36 21 21 9 5 5 4 4 4 5 5 6 2 2 3 1 1 2 2 4 3 3 1 
10 10 10 11 11 6 8 8 5 5 4 17 17 21 28 28 29 29 10 40 40 44 42 42 23 23 11 8 8 7 7 7 5 5 5 5 5 2 1 1 2 2 4 2 2 0 
