assets/RAT_results_old/precipitation/2024-11-15_IMERG.asc
ncols        46
nrows        77
xllcorner    74.800261325624
yllcorner    8.058333333333
cellsize     0.062500000000
NODATA_value -9999
1 1 1 1 1 1 1 1 3 3 3 4 4 4 5 5 7 7 6 6 6 5 4 4 5 5 5 5 5 6 7 7 8 8 11 11 11 11 11 11 9 9 8 8 8 6 
0 0 1 1 1 1 1 1 1 1 1 2 2 3 5 5 6 6 6 7 7 4 5 5 5 5 5 5 5 7 8 8 11 11 13 13 13 13 12 12 10 10 8 8 8 6 
0 0 1 1 1 1 1 1 1 1 1 2 2 3 5 5 6 6 6 7 7 4 5 5 5 5 5 5 5 7 8 8 11 11 13 13 13 13 12 12 10 10 8 8 8 6 
1 1 1 1 1 1 1 1 1 1 1 1 1 2 3 3 3 3 3 3 3 3 4 4 6 6 6 6 6 6 7 7 10 10 11 12 12 12 9 9 8 8 6 5 5 5 
1 1 1 2 2 2 1 1 1 1 1 1 1 2 3 3 4 4 3 3 3 3 3 3 4 4 4 5 5 5 6 6 7 7 9 10 10 9 8 8 8 8 6 7 7 8 
1 1 1 2 2 2 1 1 1 1 1 1 1 2 3 3 4 4 3 3 3 3 3 3 4 4 4 5 5 5 6 6 7 7 9 10 10 9 8 8 8 8 6 7 7 8 
1 1 1 1 1 1 1 1 1 1 1 2 2 4 5 5 4 4 3 3 3 3 5 5 6 6 7 8 8 9 10 10 9 9 9 9 9 8 7 7 7 7 9 8 8 10 
1 1 1 1 1 1 1 1 1 1 1 2 2 4 5 5 4 4 3 3 3 3 5 5 6 6 7 8 8 9 10 10 9 9 9 9 9 8 7 7 7 7 9 8 8 10 
3 3 2 2 2 2 2 2 2 2 2 3 3 5 5 5 5 5 4 5 5 5 6 6 7 7 7 8 8 9 9 9 9 9 9 9 9 9 7 7 8 8 11 10 10 12 
4 4 3 3 3 4 4 4 3 3 3 4 4 5 5 5 4 4 4 4 4 4 5 5 5 5 5 5 5 6 6 6 6 6 6 6 6 5 5 5 5 5 7 7 7 11 
4 4 3 3 3 4 4 4 3 3 3 4 4 5 5 5 4 4 4 4 4 4 5 5 5 5 5 5 5 6 6 6 6 6 6 6 6 5 5 5 5 5 7 7 7 11 
7 7 5 4 4 4 4 4 4 4 4 5 5 6 6 6 6 6 5 5 5 6 7 7 6 6 5 5 5 5 5 5 6 6 6 7 7 6 6 6 4 4 4 6 6 7 
22 22 13 11 11 7 6 6 4 4 4 5 5 5 5 5 6 6 7 7 7 7 8 8 6 6 5 6 6 6 7 7 10 10 10 11 11 10 10 10 8 8 6 6 6 6 
22 22 13 11 11 7 6 6 4 4 4 5 5 5 5 5 6 6 7 7 7 7 8 8 6 6 5 6 6 6 7 7 10 10 10 11 11 10 10 10 8 8 6 6 6 6 
41 41 29 22 22 13 7 7 6 6 6 6 6 6 5 5 7 7 8 9 9 10 9 9 8 8 7 7 7 8 9 9 13 13 14 15 15 15 15 15 11 11 7 5 5 4 
41 41 29 22 22 13 7 7 6 6 6 6 6 6 5 5 7 7 8 9 9 10 9 9 8 8 7 7 7 8 9 9 13 13 14 15 15 15 15 15 11 11 7 5 5 4 
45 45 41 31 31 25 18 18 10 10 10 10 10 9 8 8 9 9 9 11 11 11 12 12 10 10 9 10 10 10 14 14 14 14 15 15 15 13 11 11 8 8 7 5 5 4 
47 47 48 41 41 27 16 16 14 14 11 11 11 10 9 9 11 11 12 13 13 13 17 17 16 16 15 14 14 15 20 20 24 24 28 24 24 24 22 22 17 17 11 10 10 8 
47 47 48 41 41 27 16 16 14 14 11 11 11 10 9 9 11 11 12 13 13 13 17 17 16 16 15 14 14 15 20 20 24 24 28 24 24 24 22 22 17 17 11 10 10 8 
46 46 46 40 40 36 28 28 22 22 14 13 13 14 13 13 14 14 13 16 16 17 23 23 25 25 25 28 28 27 27 27 29 29 28 28 28 30 25 25 19 19 14 12 12 9 
39 39 54 51 51 49 48 48 32 32 21 19 19 15 18 18 20 20 19 22 22 25 26 26 27 27 27 26 26 21 17 17 13 13 11 10 10 10 10 10 11 11 10 9 9 8 
39 39 54 51 51 49 48 48 32 32 21 19 19 15 18 18 20 20 19 22 22 25 26 26 27 27 27 26 26 21 17 17 13 13 11 10 10 10 10 10 11 11 10 9 9 8 
53 53 60 55 55 63 61 61 47 47 40 31 31 25 18 18 22 22 24 27 27 31 33 33 34 34 28 22 22 17 12 12 11 11 9 10 10 11 13 13 12 12 10 10 10 7 
53 53 60 55 55 63 61 61 47 47 40 31 31 25 18 18 22 22 24 27 27 31 33 33 34 34 28 22 22 17 12 12 11 11 9 10 10 11 13 13 12 12 10 10 10 7 
42 42 47 47 47 49 52 52 51 51 46 40 40 33 20 20 24 24 25 40 40 35 34 34 32 32 26 20 20 15 14 14 12 12 10 11 11 13 14 14 14 14 13 11 11 8 
55 55 54 51 51 52 52 52 40 40 33 27 27 24 19 19 18 18 16 15 15 15 17 17 18 18 22 20 20 20 16 16 10 10 8 5 5 8 8 8 9 9 9 10 10 8 
55 55 54 51 51 52 52 52 40 40 33 27 27 24 19 19 18 18 16 15 15 15 17 17 18 18 22 20 20 20 16 16 10 10 8 5 5 8 8 8 9 9 9 10 10 8 
62 62 87 114 114 118 102 102 72 72 31 19 19 15 13 13 12 12 14 11 11 9 8 8 8 8 8 9 9 8 6 6 5 5 3 2 2 1 1 1 3 3 4 6 6 7 
54 54 68 90 90 98 78 78 56 56 18 11 11 10 9 9 8 8 7 6 6 5 4 4 4 4 4 3 3 3 3 3 2 2 2 1 1 1 1 1 2 2 3 4 4 4 
54 54 68 90 90 98 78 78 56 56 18 11 11 10 9 9 8 8 7 6 6 5 4 4 4 4 4 3 3 3 3 3 2 2 2 1 1 1 1 1 2 2 3 4 4 4 
44 44 59 70 70 70 58 58 32 32 11 8 8 6 6 6 7 7 7 7 7 6 6 6 4 4 4 3 3 3 3 3 2 2 2 2 2 3 3 3 3 3 4 4 4 5 
44 44 59 70 70 70 58 58 32 32 11 8 8 6 6 6 7 7 7 7 7 6 6 6 4 4 4 3 3 3 3 3 2 2 2 2 2 3 3 3 3 3 4 4 4 5 
36 36 48 48 48 51 38 38 17 17 9 7 7 8 8 8 10 10 11 10 10 7 5 5 4 4 3 3 3 4 4 4 5 5 4 3 3 3 4 4 4 4 4 3 3 3 
20 20 23 22 22 21 16 16 6 6 4 4 4 4 4 4 4 4 6 5 5 4 4 4 2 2 2 1 1 2 2 2 3 3 2 2 2 2 1 1 1 1 2 3 3 2 
20 20 23 22 22 21 16 16 6 6 4 4 4 4 4 4 4 4 6 5 5 4 4 4 2 2 2 1 1 2 2 2 3 3 2 2 2 2 1 1 1 1 2 3 3 2 
9 9 7 5 5 4 5 5 6 6 6 5 5 6 6 6 5 5 6 5 5 3 3 3 3 3 3 3 3 3 3 3 5 5 5 5 5 4 3 3 2 2 4 4 4 8 
6 6 5 5 5 6 6 6 8 8 8 7 7 7 6 6 5 5 4 5 5 4 3 3 4 4 3 3 3 3 3 3 4 4 5 6 6 6 5 5 4 4 4 6 6 6 
6 6 5 5 5 6 6 6 8 8 8 7 7 7 6 6 5 5 4 5 5 4 3 3 4 4 3 3 3 3 3 3 4 4 5 6 6 6 5 5 4 4 4 6 6 6 
5 5 6 8 8 9 10 10 13 13 12 10 10 11 9 9 7 7 7 7 7 7 6 6 5 5 4 4 4 5 4 4 5 5 7 9 9 9 9 9 8 8 6 8 8 9 
5 5 6 8 8 9 10 10 13 13 12 10 10 11 9 9 7 7 7 7 7 7 6 6 5 5 4 4 4 5 4 4 5 5 7 9 9 9 9 9 8 8 6 8 8 9 
8 8 10 14 14 16 17 17 18 18 19 20 20 21 21 21 18 18 16 14 14 13 13 13 14 14 10 8 8 6 7 7 7 7 7 7 7 8 10 10 8 8 7 9 9 10 
15 15 18 22 22 23 21 21 22 22 23 24 24 26 34 34 33 33 31 36 36 22 18 18 19 19 20 19 19 17 14 14 12 12 11 8 8 9 9 9 7 7 6 4 4 5 
15 15 18 22 22 23 21 21 22 22 23 24 24 26 34 34 33 33 31 36 36 22 18 18 19 19 20 19 19 17 14 14 12 12 11 8 8 9 9 9 7 7 6 4 4 5 
25 25 28 33 33 34 32 32 30 30 32 37 37 46 50 50 60 60 69 72 72 54 43 43 32 32 29 28 28 25 20 20 19 19 17 13 13 12 11 11 9 9 7 4 4 3 
31 31 33 34 34 34 33 33 34 34 36 42 42 50 58 58 73 73 79 89 89 80 60 60 41 41 36 31 31 28 21 21 16 16 14 9 9 7 5 5 3 3 3 3 3 3 
31 31 33 34 34 34 33 33 34 34 36 42 42 50 58 58 73 73 79 89 89 80 60 60 41 41 36 31 31 28 21 21 16 16 14 9 9 7 5 5 3 3 3 3 3 3 
35 35 37 38 38 38 40 40 45 45 53 61 61 73 81 81 88 88 85 81 81 81 62 62 48 48 39 38 38 34 29 29 25 25 19 14 14 9 6 6 5 5 4 4 4 4 
35 35 37 38 38 38 40 40 45 45 53 61 61 73 81 81 88 88 85 81 81 81 62 62 48 48 39 38 38 34 29 29 25 25 19 14 14 9 6 6 5 5 4 4 4 4 
38 38 37 38 38 38 38 38 39 39 40 41 41 44 46 46 59 59 65 60 60 61 58 58 44 44 36 29 29 28 26 26 24 24 17 13 13 11 8 8 6 6 5 5 5 5 
39 39 44 50 50 55 45 45 43 43 43 46 46 47 48 48 52 52 54 49 49 46 41 41 38 38 33 28 28 26 20 20 16 16 12 9 9 7 6 6 5 5 5 5 5 7 
39 39 44 50 50 55 45 45 43 43 43 46 46 47 48 48 52 52 54 49 49 46 41 41 38 38 33 28 28 26 20 20 16 16 12 9 9 7 6 6 5 5 5 5 5 7 
42 42 46 51 51 49 48 48 48 48 47 48 48 49 50 50 53 53 52 50 50 49 53 53 47 47 44 31 31 26 18 18 14 14 10 8 8 6 4 4 2 2 2 2 2 2 
48 48 51 55 55 57 53 53 54 54 52 50 50 50 58 58 60 60 54 50 50 53 60 60 59 59 57 34 34 24 17 17 14 14 12 9 9 8 4 4 3 3 2 2 2 2 
48 48 51 55 55 57 53 53 54 54 52 50 50 50 58 58 60 60 54 50 50 53 60 60 59 59 57 34 34 24 17 17 14 14 12 9 9 8 4 4 3 3 2 2 2 2 
40 40 44 48 48 48 46 46 46 46 45 44 44 45 48 48 59 59 62 70 70 68 67 67 78 78 66 42 42 25 19 19 15 15 12 10 10 8 6 6 4 4 3 4 4 3 
40 40 44 48 48 48 46 46 46 46 45 44 44 45 48 48 59 59 62 70 70 68 67 67 78 78 66 42 42 25 19 19 15 15 12 10 10 8 6 6 4 4 3 4 4 3 
30 30 33 36 36 38 36 36 34 34 32 30 30 32 34 34 37 37 47 49 49 48 48 48 50 50 47 32 32 25 23 23 17 17 15 14 14 14 14 14 15 15 13 10 10 7 
24 24 27 30 30 31 30 30 27 27 25 23 23 23 22 22 21 21 22 23 23 23 22 22 26 26 26 25 25 20 17 17 15 15 15 15 15 18 19 19 24 24 27 24 24 19 
24 24 27 30 30 31 30 30 27 27 25 23 23 23 22 22 21 21 22 23 23 23 22 22 26 26 26 25 25 20 17 17 15 15 15 15 15 18 19 19 24 24 27 24 24 19 
24 24 25 25 25 25 24 24 23 23 21 21 21 20 19 19 18 18 17 16 16 16 13 13 14 14 20 22 22 21 19 19 18 18 20 22 22 30 32 32 39 39 37 38 38 34 
19 19 19 20 20 19 19 19 21 21 20 20 20 19 17 17 13 13 11 12 12 9 6 6 6 6 9 16 16 17 19 19 19 19 22 29 29 27 30 30 37 37 39 42 42 47 
19 19 19 20 20 19 19 19 21 21 20 20 20 19 17 17 13 13 11 12 12 9 6 6 6 6 9 16 16 17 19 19 19 19 22 29 29 27 30 30 37 37 39 42 42 47 
12 12 14 15 15 16 18 18 21 21 21 21 21 21 18 18 15 15 13 12 12 8 5 5 5 5 7 16 16 16 18 18 20 20 21 30 30 31 39 39 43 43 47 55 55 49 
12 12 14 15 15 16 18 18 21 21 21 21 21 21 18 18 15 15 13 12 12 8 5 5 5 5 7 16 16 16 18 18 20 20 21 30 30 31 39 39 43 43 47 55 55 49 
8 8 9 10 10 13 15 15 17 17 18 19 19 19 19 19 19 19 17 16 16 12 8 8 5 5 6 9 9 15 18 18 26 26 28 38 38 39 46 46 42 42 48 50 50 54 
4 4 5 6 6 8 14 14 21 21 26 34 34 28 26 26 22 22 19 18 18 15 9 9 6 6 7 8 8 24 25 25 29 29 31 39 39 40 46 46 49 49 57 60 60 65 
4 4 5 6 6 8 14 14 21 21 26 34 34 28 26 26 22 22 19 18 18 15 9 9 6 6 7 8 8 24 25 25 29 29 31 39 39 40 46 46 49 49 57 60 60 65 
3 3 3 7 7 12 25 25 33 33 40 40 40 36 28 28 26 26 21 18 18 16 10 10 7 7 7 9 9 14 24 24 28 28 30 37 37 37 47 47 52 52 59 62 62 64 
1 1 2 4 4 12 20 20 36 36 41 42 42 36 31 31 27 27 21 18 18 13 7 7 8 8 8 11 11 10 14 14 28 28 32 36 36 40 45 45 47 47 59 63 63 73 
1 1 2 4 4 12 20 20 36 36 41 42 42 36 31 31 27 27 21 18 18 13 7 7 8 8 8 11 11 10 14 14 28 28 32 36 36 40 45 45 47 47 59 63 63 73 
1 1 0 5 5 10 22 22 29 29 30 31 31 29 28 28 23 23 23 20 20 14 10 10 9 9 9 8 8 9 15 15 21 21 35 37 37 42 43 43 50 50 52 54 54 63 
1 1 0 5 5 10 22 22 29 29 30 31 31 29 28 28 23 23 23 20 20 14 10 10 9 9 9 8 8 9 15 15 21 21 35 37 37 42 43 43 50 50 52 54 54 63 
1 1 1 6 6 14 26 26 31 31 30 29 29 27 23 23 22 22 21 20 20 16 14 14 14 14 11 12 12 19 25 25 20 20 37 41 41 41 43 43 50 50 54 51 51 50 
1 1 4 10 10 21 29 29 30 30 24 24 24 22 22 22 20 20 19 15 15 13 13 13 18 18 15 19 19 26 27 27 19 19 19 29 29 42 42 42 43 43 40 38 38 37 
1 1 4 10 10 21 29 29 30 30 24 24 24 22 22 22 20 20 19 15 15 13 13 13 18 18 15 19 19 26 27 27 19 19 19 29 29 42 42 42 43 43 40 38 38 37 
2 2 5 12 12 21 31 31 23 23 18 17 17 15 16 16 15 15 15 12 12 11 13 13 15 15 16 22 22 25 23 23 24 24 24 28 28 39 42 42 37 37 34 33 33 30 
4 4 6 10 10 12 17 17 13 13 12 14 14 14 16 16 15 15 15 16 16 15 16 16 15 15 14 20 20 24 23 23 29 29 34 40 40 40 36 36 41 41 27 18 18 13 
