assets/RAT_results_old/precipitation/2024-07-11_IMERG.asc
ncols        46
nrows        77
xllcorner    74.800261325624
yllcorner    8.058333333333
cellsize     0.062500000000
NODATA_value -9999
11 11 8 6 6 7 12 12 21 21 36 49 49 59 50 50 30 30 16 11 11 14 7 7 3 3 1 0 0 0 0 0 0 0 0 0 0 0 0 0 0 0 0 0 0 0 
11 11 10 11 11 16 22 22 33 33 41 39 39 33 27 27 21 21 16 17 17 16 6 6 2 2 2 1 1 1 0 0 0 0 0 0 0 0 0 0 1 1 0 0 0 0 
11 11 10 11 11 16 22 22 33 33 41 39 39 33 27 27 21 21 16 17 17 16 6 6 2 2 2 1 1 1 0 0 0 0 0 0 0 0 0 0 1 1 0 0 0 0 
15 15 13 15 15 23 30 30 30 30 23 22 22 16 18 18 14 14 9 11 11 10 5 5 3 3 3 2 2 2 1 1 0 0 0 1 1 0 0 0 0 0 0 0 0 0 
18 18 16 20 20 30 30 30 18 18 10 9 9 18 21 21 24 24 21 19 19 12 5 5 3 3 2 2 2 1 1 1 1 1 1 1 1 1 0 0 0 0 1 1 1 0 
18 18 16 20 20 30 30 30 18 18 10 9 9 18 21 21 24 24 21 19 19 12 5 5 3 3 2 2 2 1 1 1 1 1 1 1 1 1 0 0 0 0 1 1 1 0 
18 18 26 27 27 32 23 23 14 14 12 15 15 24 41 41 43 43 37 26 26 12 5 5 3 3 2 1 1 1 1 1 1 1 1 1 1 1 1 1 1 1 1 1 1 1 
18 18 26 27 27 32 23 23 14 14 12 15 15 24 41 41 43 43 37 26 26 12 5 5 3 3 2 1 1 1 1 1 1 1 1 1 1 1 1 1 1 1 1 1 1 1 
23 23 32 37 37 29 25 25 22 22 25 37 37 45 50 50 50 50 39 27 27 18 8 8 4 4 3 2 2 1 2 2 2 2 1 1 1 1 1 1 1 1 3 1 1 1 
30 30 22 39 39 31 22 22 20 20 18 25 25 28 35 35 36 36 33 26 26 17 8 8 5 5 3 3 3 2 2 2 2 2 2 2 2 2 2 2 2 2 2 1 1 1 
30 30 22 39 39 31 22 22 20 20 18 25 25 28 35 35 36 36 33 26 26 17 8 8 5 5 3 3 3 2 2 2 2 2 2 2 2 2 2 2 2 2 2 1 1 1 
43 43 41 50 50 35 25 25 22 22 16 14 14 17 24 24 25 25 25 22 22 12 6 6 4 4 5 6 6 4 3 3 4 4 3 3 3 3 4 4 3 3 2 1 1 1 
49 49 49 40 40 32 27 27 22 22 17 12 12 14 17 17 16 16 15 13 13 9 6 6 5 5 7 5 5 4 4 4 7 7 4 3 3 3 2 2 2 2 2 1 1 1 
49 49 49 40 40 32 27 27 22 22 17 12 12 14 17 17 16 16 15 13 13 9 6 6 5 5 7 5 5 4 4 4 7 7 4 3 3 3 2 2 2 2 2 1 1 1 
19 19 23 26 26 21 23 23 30 30 26 17 17 11 12 12 13 13 15 14 14 11 8 8 8 8 9 6 6 6 6 6 6 6 3 3 3 3 3 3 1 1 1 0 0 0 
19 19 23 26 26 21 23 23 30 30 26 17 17 11 12 12 13 13 15 14 14 11 8 8 8 8 9 6 6 6 6 6 6 6 3 3 3 3 3 3 1 1 1 0 0 0 
15 15 15 18 18 19 19 19 21 21 26 18 18 15 15 15 18 18 20 19 19 15 14 14 15 15 14 9 9 7 5 5 3 3 2 2 2 2 1 1 0 0 0 0 0 0 
23 23 15 13 13 14 14 14 21 21 16 21 21 17 12 12 10 10 12 12 12 10 10 10 12 12 11 7 7 7 4 4 2 2 1 0 0 0 0 0 0 0 0 0 0 0 
23 23 15 13 13 14 14 14 21 21 16 21 21 17 12 12 10 10 12 12 12 10 10 10 12 12 11 7 7 7 4 4 2 2 1 0 0 0 0 0 0 0 0 0 0 0 
40 40 26 16 16 14 19 19 19 19 17 22 22 15 8 8 6 6 5 5 5 5 7 7 7 7 6 5 5 3 2 2 0 0 0 0 0 0 1 1 1 1 1 1 1 1 
44 44 44 32 32 21 17 17 25 25 14 16 16 12 9 9 5 5 4 2 2 5 6 6 6 6 8 7 7 5 2 2 0 0 0 0 0 0 1 1 2 2 1 1 1 1 
44 44 44 32 32 21 17 17 25 25 14 16 16 12 9 9 5 5 4 2 2 5 6 6 6 6 8 7 7 5 2 2 0 0 0 0 0 0 1 1 2 2 1 1 1 1 
47 47 51 50 50 31 18 18 22 22 22 14 14 15 16 16 11 11 9 8 8 5 6 6 3 3 5 4 4 2 1 1 0 0 0 0 0 0 0 0 1 1 0 0 0 0 
47 47 51 50 50 31 18 18 22 22 22 14 14 15 16 16 11 11 9 8 8 5 6 6 3 3 5 4 4 2 1 1 0 0 0 0 0 0 0 0 1 1 0 0 0 0 
25 25 33 42 42 40 22 22 16 16 15 20 20 11 15 15 14 14 9 5 5 5 3 3 1 1 2 1 1 0 0 0 0 0 0 0 0 0 0 0 0 0 0 1 1 1 
19 19 17 18 18 16 20 20 17 17 16 14 14 21 18 18 19 19 16 9 9 4 2 2 1 1 1 0 0 0 0 0 0 0 0 0 0 0 0 0 0 0 0 1 1 1 
19 19 17 18 18 16 20 20 17 17 16 14 14 21 18 18 19 19 16 9 9 4 2 2 1 1 1 0 0 0 0 0 0 0 0 0 0 0 0 0 0 0 0 1 1 1 
15 15 18 17 17 12 10 10 9 9 8 10 10 7 24 24 31 31 34 32 32 32 27 27 20 20 6 0 0 0 0 0 0 0 0 1 1 1 1 1 1 1 1 2 2 2 
14 14 14 17 17 17 15 15 15 15 15 12 12 12 10 10 13 13 12 9 9 7 4 4 2 2 1 1 1 1 2 2 3 3 1 2 2 1 2 2 4 4 4 3 3 3 
14 14 14 17 17 17 15 15 15 15 15 12 12 12 10 10 13 13 12 9 9 7 4 4 2 2 1 1 1 1 2 2 3 3 1 2 2 1 2 2 4 4 4 3 3 3 
18 18 18 12 12 9 11 11 10 10 10 11 11 11 6 6 12 12 10 6 6 4 3 3 2 2 5 12 12 7 4 4 3 3 1 1 1 2 5 5 6 6 4 3 3 1 
18 18 18 12 12 9 11 11 10 10 10 11 11 11 6 6 12 12 10 6 6 4 3 3 2 2 5 12 12 7 4 4 3 3 1 1 1 2 5 5 6 6 4 3 3 1 
16 16 12 10 10 8 6 6 7 7 7 8 8 8 4 4 9 9 8 6 6 5 5 5 5 5 6 13 13 12 5 5 2 2 2 3 3 4 3 3 3 3 2 2 2 1 
21 21 14 12 12 15 8 8 6 6 7 7 7 7 5 5 4 4 4 6 6 8 7 7 9 9 7 5 5 9 4 4 2 2 4 5 5 4 2 2 2 2 1 1 1 1 
21 21 14 12 12 15 8 8 6 6 7 7 7 7 5 5 4 4 4 6 6 8 7 7 9 9 7 5 5 9 4 4 2 2 4 5 5 4 2 2 2 2 1 1 1 1 
7 7 5 6 6 7 4 4 4 4 4 5 5 5 9 9 8 8 7 8 8 7 4 4 5 5 4 1 1 1 1 1 2 2 5 6 6 4 2 2 2 2 2 1 1 1 
5 5 5 7 7 4 1 1 1 1 2 2 2 3 7 7 4 4 3 4 4 3 2 2 1 1 1 1 1 1 3 3 7 7 6 5 5 2 2 2 3 3 1 1 1 0 
5 5 5 7 7 4 1 1 1 1 2 2 2 3 7 7 4 4 3 4 4 3 2 2 1 1 1 1 1 1 3 3 7 7 6 5 5 2 2 2 3 3 1 1 1 0 
7 7 3 3 3 1 1 1 1 1 2 2 2 2 5 5 4 4 3 1 1 1 0 0 0 0 1 2 2 4 6 6 7 7 4 4 4 3 2 2 1 1 1 1 1 0 
7 7 3 3 3 1 1 1 1 1 2 2 2 2 5 5 4 4 3 1 1 1 0 0 0 0 1 2 2 4 6 6 7 7 4 4 4 3 2 2 1 1 1 1 1 0 
6 6 4 2 2 1 1 1 1 1 2 2 2 3 12 12 13 13 4 1 1 0 0 0 1 1 3 6 6 7 6 6 5 5 2 3 3 2 0 0 0 0 0 0 0 0 
5 5 3 1 1 1 1 1 1 1 1 1 1 1 1 1 1 1 2 0 0 1 2 2 2 2 3 2 2 2 5 5 6 6 3 2 2 1 0 0 0 0 1 0 0 1 
5 5 3 1 1 1 1 1 1 1 1 1 1 1 1 1 1 1 2 0 0 1 2 2 2 2 3 2 2 2 5 5 6 6 3 2 2 1 0 0 0 0 1 0 0 1 
3 3 3 2 2 1 1 1 1 1 0 0 0 0 0 0 0 0 0 0 0 0 1 1 1 1 2 3 3 2 3 3 1 1 0 0 0 1 1 1 0 0 0 0 0 0 
2 2 2 2 2 1 1 1 1 1 0 0 0 0 0 0 0 0 0 0 0 0 0 0 0 0 3 4 4 1 1 1 0 0 0 0 0 0 0 0 0 0 0 0 0 0 
2 2 2 2 2 1 1 1 1 1 0 0 0 0 0 0 0 0 0 0 0 0 0 0 0 0 3 4 4 1 1 1 0 0 0 0 0 0 0 0 0 0 0 0 0 0 
2 2 3 3 3 1 0 0 0 0 0 1 1 1 0 0 0 0 0 0 0 0 0 0 0 0 2 1 1 0 0 0 0 0 0 0 0 0 0 0 0 0 0 0 0 0 
2 2 3 3 3 1 0 0 0 0 0 1 1 1 0 0 0 0 0 0 0 0 0 0 0 0 2 1 1 0 0 0 0 0 0 0 0 0 0 0 0 0 0 0 0 0 
3 3 2 2 2 2 2 2 1 1 1 1 1 1 0 0 0 0 0 0 0 0 0 0 0 0 0 1 1 1 1 1 0 0 0 0 0 1 0 0 0 0 0 0 0 0 
4 4 3 4 4 4 3 3 2 2 2 1 1 1 0 0 0 0 0 0 0 0 0 0 0 0 1 1 1 1 1 1 0 0 0 2 2 3 2 2 1 1 0 0 0 0 
4 4 3 4 4 4 3 3 2 2 2 1 1 1 0 0 0 0 0 0 0 0 0 0 0 0 1 1 1 1 1 1 0 0 0 2 2 3 2 2 1 1 0 0 0 0 
5 5 6 6 6 6 4 4 3 3 2 1 1 0 0 0 0 0 0 0 0 0 0 0 0 0 1 1 1 0 0 0 0 0 1 3 3 3 1 1 0 0 0 0 0 0 
7 7 8 7 7 7 5 5 3 3 1 0 0 0 0 0 0 0 0 0 0 0 0 0 0 0 0 0 0 0 0 0 1 1 2 3 3 2 0 0 0 0 0 0 0 0 
7 7 8 7 7 7 5 5 3 3 1 0 0 0 0 0 0 0 0 0 0 0 0 0 0 0 0 0 0 0 0 0 1 1 2 3 3 2 0 0 0 0 0 0 0 0 
7 7 7 6 6 5 4 4 2 2 1 0 0 0 0 0 0 0 0 0 0 0 0 0 0 0 1 1 1 1 1 1 2 2 3 2 2 1 0 0 0 0 0 0 0 0 
7 7 7 6 6 5 4 4 2 2 1 0 0 0 0 0 0 0 0 0 0 0 0 0 0 0 1 1 1 1 1 1 2 2 3 2 2 1 0 0 0 0 0 0 0 0 
6 6 4 4 4 3 2 2 1 1 0 0 0 0 0 0 0 0 0 0 0 0 0 0 1 1 2 2 2 2 2 2 1 1 1 1 1 1 0 0 0 0 0 0 0 0 
5 5 4 3 3 2 1 1 1 1 1 0 0 0 0 0 0 0 0 0 0 0 0 0 0 0 3 2 2 2 2 2 2 2 2 2 2 2 0 0 0 0 0 0 0 0 
5 5 4 3 3 2 1 1 1 1 1 0 0 0 0 0 0 0 0 0 0 0 0 0 0 0 3 2 2 2 2 2 2 2 2 2 2 2 0 0 0 0 0 0 0 0 
6 6 4 5 5 2 1 1 1 1 0 0 0 0 0 0 0 0 0 0 0 0 0 0 0 0 1 1 1 1 2 2 4 4 4 2 2 1 0 0 0 0 0 0 0 0 
7 7 5 4 4 3 1 1 1 1 0 0 0 0 0 0 0 0 0 0 0 0 0 0 0 0 0 0 0 1 2 2 3 3 3 2 2 1 1 1 0 0 0 0 0 0 
7 7 5 4 4 3 1 1 1 1 0 0 0 0 0 0 0 0 0 0 0 0 0 0 0 0 0 0 0 1 2 2 3 3 3 2 2 1 1 1 0 0 0 0 0 0 
8 8 6 5 5 5 3 3 1 1 0 0 0 0 0 0 0 0 0 0 0 1 0 0 0 0 0 0 0 0 0 0 2 2 3 2 2 1 1 1 0 0 0 0 0 0 
8 8 6 5 5 5 3 3 1 1 0 0 0 0 0 0 0 0 0 0 0 1 0 0 0 0 0 0 0 0 0 0 2 2 3 2 2 1 1 1 0 0 0 0 0 0 
12 12 7 10 10 5 4 4 1 1 1 0 0 0 0 0 1 1 0 0 0 1 0 0 0 0 0 0 0 0 0 0 1 1 2 2 2 1 0 0 0 0 0 0 0 0 
7 7 5 3 3 2 1 1 1 1 1 1 1 0 0 0 0 0 0 0 0 0 0 0 0 0 0 0 0 1 1 1 1 1 1 0 0 1 1 1 0 0 0 0 0 0 
7 7 5 3 3 2 1 1 1 1 1 1 1 0 0 0 0 0 0 0 0 0 0 0 0 0 0 0 0 1 1 1 1 1 1 0 0 1 1 1 0 0 0 0 0 0 
9 9 6 4 4 1 1 1 1 1 0 1 1 0 0 0 0 0 0 0 0 0 0 0 0 0 0 0 0 0 1 1 1 1 0 0 0 0 0 0 0 0 0 0 0 0 
6 6 4 3 3 2 1 1 1 1 0 0 0 0 0 0 0 0 0 0 0 0 0 0 0 0 0 0 0 0 0 0 1 1 1 0 0 0 0 0 0 0 0 0 0 0 
6 6 4 3 3 2 1 1 1 1 0 0 0 0 0 0 0 0 0 0 0 0 0 0 0 0 0 0 0 0 0 0 1 1 1 0 0 0 0 0 0 0 0 0 0 0 
3 3 2 2 2 1 1 1 1 1 0 0 0 0 0 0 0 0 0 0 0 0 0 0 0 0 1 1 1 0 0 0 0 0 0 0 0 0 0 0 0 0 0 0 0 0 
3 3 2 2 2 1 1 1 1 1 0 0 0 0 0 0 0 0 0 0 0 0 0 0 0 0 1 1 1 0 0 0 0 0 0 0 0 0 0 0 0 0 0 0 0 0 
4 4 3 2 2 2 1 1 1 1 1 0 0 0 0 0 0 0 0 0 0 0 0 0 1 1 2 1 1 0 0 0 0 0 0 0 0 0 0 0 0 0 0 0 0 0 
5 5 4 4 4 3 2 2 2 2 1 1 1 1 0 0 0 0 0 0 0 1 0 0 0 0 0 0 0 0 0 0 0 0 0 0 0 0 0 0 0 0 0 0 0 0 
5 5 4 4 4 3 2 2 2 2 1 1 1 1 0 0 0 0 0 0 0 1 0 0 0 0 0 0 0 0 0 0 0 0 0 0 0 0 0 0 0 0 0 0 0 0 
3 3 3 3 3 3 2 2 1 1 1 1 1 1 0 0 0 0 1 2 2 3 3 3 0 0 0 0 0 0 0 0 0 0 0 0 0 0 0 0 0 0 0 0 0 0 
1 1 1 1 1 1 1 1 1 1 0 0 0 1 1 1 1 1 1 1 1 1 2 2 0 0 0 0 0 0 0 0 0 0 0 0 0 0 0 0 0 0 0 0 0 0 
