assets/RAT_results_old/precipitation/2024-06-08_IMERG.asc
ncols        46
nrows        77
xllcorner    74.800261325624
yllcorner    8.058333333333
cellsize     0.062500000000
NODATA_value -9999
148 148 102 92 92 83 92 92 103 103 116 121 121 118 107 107 87 87 53 40 40 13 6 6 1 1 0 0 0 0 0 0 0 0 0 0 0 0 0 0 0 0 0 1 1 2 
119 119 91 90 90 86 92 92 98 98 100 111 111 114 107 107 81 81 54 47 47 27 8 8 2 2 1 0 0 0 0 0 0 0 0 0 0 0 0 0 1 1 2 3 3 5 
119 119 91 90 90 86 92 92 98 98 100 111 111 114 107 107 81 81 54 47 47 27 8 8 2 2 1 0 0 0 0 0 0 0 0 0 0 0 0 0 1 1 2 3 3 5 
106 106 98 103 103 100 113 113 117 117 115 111 111 109 102 102 73 73 44 47 47 25 6 6 2 2 1 0 0 0 0 0 0 0 0 0 0 1 1 1 3 3 5 3 3 6 
153 153 136 126 126 116 113 113 116 116 113 117 117 111 96 96 74 74 65 51 51 38 11 11 2 2 1 1 1 1 1 1 1 1 2 2 2 2 2 2 4 4 4 5 5 5 
153 153 136 126 126 116 113 113 116 116 113 117 117 111 96 96 74 74 65 51 51 38 11 11 2 2 1 1 1 1 1 1 1 1 2 2 2 2 2 2 4 4 4 5 5 5 
120 120 158 144 144 138 148 148 135 135 117 107 107 93 74 74 50 50 35 19 19 9 5 5 1 1 1 0 0 1 1 1 1 1 2 2 2 2 2 2 4 4 4 8 8 9 
120 120 158 144 144 138 148 148 135 135 117 107 107 93 74 74 50 50 35 19 19 9 5 5 1 1 1 0 0 1 1 1 1 1 2 2 2 2 2 2 4 4 4 8 8 9 
150 150 177 146 146 127 134 134 117 117 105 102 102 86 74 74 57 57 41 19 19 9 4 4 1 1 1 0 0 1 1 1 1 1 1 1 1 1 3 3 5 5 5 7 7 10 
141 141 114 123 123 106 102 102 88 88 75 81 81 75 63 63 48 48 33 23 23 17 10 10 7 7 6 4 4 6 5 5 5 5 5 4 4 5 6 6 7 7 11 16 16 25 
141 141 114 123 123 106 102 102 88 88 75 81 81 75 63 63 48 48 33 23 23 17 10 10 7 7 6 4 4 6 5 5 5 5 5 4 4 5 6 6 7 7 11 16 16 25 
94 94 77 86 86 59 47 47 53 53 53 56 56 49 43 43 38 38 28 26 26 19 14 14 10 10 11 8 8 9 7 7 5 5 4 4 4 4 4 4 6 6 19 23 23 31 
59 59 41 37 37 39 32 32 40 40 42 41 41 37 38 38 38 38 29 25 25 23 18 18 17 17 12 11 11 7 7 7 5 5 4 6 6 4 5 5 7 7 12 11 11 10 
59 59 41 37 37 39 32 32 40 40 42 41 41 37 38 38 38 38 29 25 25 23 18 18 17 17 12 11 11 7 7 7 5 5 4 6 6 4 5 5 7 7 12 11 11 10 
21 21 13 11 11 10 16 16 23 23 24 30 30 33 38 38 37 37 30 30 30 24 22 22 18 18 16 12 12 10 9 9 8 8 8 8 8 6 5 5 7 7 4 6 6 3 
21 21 13 11 11 10 16 16 23 23 24 30 30 33 38 38 37 37 30 30 30 24 22 22 18 18 16 12 12 10 9 9 8 8 8 8 8 6 5 5 7 7 4 6 6 3 
13 13 10 9 9 11 21 21 19 19 22 26 26 30 35 35 34 34 30 29 29 27 22 22 18 18 15 12 12 11 11 11 16 16 12 13 13 11 9 9 9 9 9 7 7 8 
10 10 10 10 10 10 11 11 19 19 14 17 17 20 22 22 25 25 25 26 26 25 25 25 23 23 24 19 19 19 24 24 25 25 17 15 15 15 9 9 9 9 5 7 7 4 
10 10 10 10 10 10 11 11 19 19 14 17 17 20 22 22 25 25 25 26 26 25 25 25 23 23 24 19 19 19 24 24 25 25 17 15 15 15 9 9 9 9 5 7 7 4 
9 9 11 12 12 11 9 9 9 9 14 12 12 14 19 19 23 23 23 24 24 27 26 26 25 25 24 22 22 22 26 26 29 29 16 15 15 15 9 9 8 8 3 3 3 2 
12 12 14 14 14 13 11 11 12 12 16 19 19 22 31 31 38 38 41 40 40 40 39 39 40 40 37 27 27 25 24 24 20 20 17 15 15 12 11 11 9 9 8 6 6 6 
12 12 14 14 14 13 11 11 12 12 16 19 19 22 31 31 38 38 41 40 40 40 39 39 40 40 37 27 27 25 24 24 20 20 17 15 15 12 11 11 9 9 8 6 6 6 
14 14 14 13 13 12 13 13 18 18 23 42 42 34 53 53 62 62 64 62 62 57 47 47 40 40 36 30 30 30 25 25 29 29 24 19 19 16 16 16 17 17 12 6 6 7 
14 14 14 13 13 12 13 13 18 18 23 42 42 34 53 53 62 62 64 62 62 57 47 47 40 40 36 30 30 30 25 25 29 29 24 19 19 16 16 16 17 17 12 6 6 7 
18 18 18 17 17 13 20 20 28 28 29 29 29 41 57 57 61 61 64 63 63 58 46 46 40 40 27 24 24 11 7 7 7 7 8 11 11 15 20 20 15 15 11 7 7 6 
21 21 23 19 19 16 21 21 30 30 31 33 33 46 52 52 52 52 54 54 54 46 53 53 38 38 54 35 35 20 12 12 6 6 9 5 5 11 7 7 4 4 1 2 2 1 
21 21 23 19 19 16 21 21 30 30 31 33 33 46 52 52 52 52 54 54 54 46 53 53 38 38 54 35 35 20 12 12 6 6 9 5 5 11 7 7 4 4 1 2 2 1 
21 21 17 25 25 24 30 30 33 33 32 36 36 34 54 54 49 49 50 48 48 52 47 47 53 53 60 57 57 33 18 18 5 5 6 9 9 9 11 11 8 8 3 0 0 0 
29 29 35 30 30 41 50 50 44 44 43 35 35 46 42 42 48 48 47 50 50 55 43 43 41 41 49 51 51 44 32 32 27 27 32 29 29 26 15 15 11 11 6 2 2 1 
29 29 35 30 30 41 50 50 44 44 43 35 35 46 42 42 48 48 47 50 50 55 43 43 41 41 49 51 51 44 32 32 27 27 32 29 29 26 15 15 11 11 6 2 2 1 
37 37 36 46 46 58 54 54 49 49 39 42 42 39 41 41 43 43 40 35 35 42 40 40 51 51 65 70 70 72 62 62 44 44 36 27 27 18 10 10 5 5 4 1 1 0 
37 37 36 46 46 58 54 54 49 49 39 42 42 39 41 41 43 43 40 35 35 42 40 40 51 51 65 70 70 72 62 62 44 44 36 27 27 18 10 10 5 5 4 1 1 0 
25 25 30 38 38 42 41 41 42 42 41 42 42 36 39 39 40 40 51 52 52 66 76 76 82 82 88 84 84 97 91 91 61 61 34 27 27 21 6 6 6 6 3 2 2 1 
26 26 29 33 33 35 36 36 39 39 40 44 44 45 46 46 66 66 62 71 71 76 81 81 91 91 102 88 88 84 72 72 55 55 29 13 13 10 4 4 3 3 3 3 3 5 
26 26 29 33 33 35 36 36 39 39 40 44 44 45 46 46 66 66 62 71 71 76 81 81 91 91 102 88 88 84 72 72 55 55 29 13 13 10 4 4 3 3 3 3 3 5 
20 20 21 23 23 27 32 32 33 33 33 36 36 43 49 49 50 50 65 66 66 78 88 88 90 90 91 90 90 69 49 49 39 39 34 18 18 14 13 13 7 7 9 9 9 11 
19 19 24 36 36 33 35 35 32 32 44 51 51 55 56 56 56 56 73 67 67 70 81 81 84 84 85 79 79 65 48 48 35 35 32 18 18 17 12 12 13 13 13 15 15 14 
19 19 24 36 36 33 35 35 32 32 44 51 51 55 56 56 56 56 73 67 67 70 81 81 84 84 85 79 79 65 48 48 35 35 32 18 18 17 12 12 13 13 13 15 15 14 
27 27 34 42 42 40 42 42 47 47 65 68 68 76 72 72 62 62 74 59 59 69 75 75 63 63 57 45 45 37 31 31 28 28 35 21 21 22 9 9 9 9 12 15 15 11 
27 27 34 42 42 40 42 42 47 47 65 68 68 76 72 72 62 62 74 59 59 69 75 75 63 63 57 45 45 37 31 31 28 28 35 21 21 22 9 9 9 9 12 15 15 11 
27 27 34 35 35 40 44 44 50 50 61 65 65 71 64 64 61 61 61 61 61 75 65 65 49 49 42 31 31 27 28 28 28 28 26 21 21 19 6 6 11 11 9 7 7 6 
24 24 23 30 30 34 42 42 44 44 47 47 47 46 48 48 47 47 43 47 47 45 45 45 37 37 29 26 26 26 21 21 25 25 24 26 26 8 5 5 9 9 1 0 0 1 
24 24 23 30 30 34 42 42 44 44 47 47 47 46 48 48 47 47 43 47 47 45 45 45 37 37 29 26 26 26 21 21 25 25 24 26 26 8 5 5 9 9 1 0 0 1 
22 22 23 29 29 32 40 40 40 40 44 47 47 47 46 46 39 39 39 35 35 39 38 38 35 35 30 27 27 27 24 24 16 16 30 29 29 10 1 1 2 2 0 0 0 0 
18 18 22 24 24 28 33 33 41 41 44 51 51 50 46 46 43 43 37 36 36 39 33 33 28 28 28 26 26 25 27 27 25 25 27 15 15 4 3 3 0 0 0 0 0 0 
18 18 22 24 24 28 33 33 41 41 44 51 51 50 46 46 43 43 37 36 36 39 33 33 28 28 28 26 26 25 27 27 25 25 27 15 15 4 3 3 0 0 0 0 0 0 
23 23 25 29 29 33 36 36 44 44 48 48 48 45 39 39 36 36 32 28 28 26 31 31 22 22 22 28 28 32 31 31 30 30 15 11 11 1 5 5 0 0 0 0 0 1 
23 23 25 29 29 33 36 36 44 44 48 48 48 45 39 39 36 36 32 28 28 26 31 31 22 22 22 28 28 32 31 31 30 30 15 11 11 1 5 5 0 0 0 0 0 1 
30 30 35 41 41 43 46 46 47 47 48 47 47 45 41 41 35 35 31 32 32 29 31 31 24 24 26 26 26 22 13 13 7 7 14 15 15 5 0 0 1 1 1 1 1 1 
25 25 32 34 34 33 42 42 50 50 54 57 57 54 49 49 45 45 41 32 32 29 28 28 23 23 25 26 26 22 9 9 8 8 9 12 12 2 1 1 2 2 1 1 1 2 
25 25 32 34 34 33 42 42 50 50 54 57 57 54 49 49 45 45 41 32 32 29 28 28 23 23 25 26 26 22 9 9 8 8 9 12 12 2 1 1 2 2 1 1 1 2 
31 31 35 33 33 40 46 46 57 57 68 74 74 69 68 68 65 65 61 55 55 45 41 41 26 26 38 18 18 11 8 8 13 13 7 8 8 6 4 4 5 5 3 3 3 3 
41 41 47 47 47 51 55 55 60 60 75 78 78 76 80 80 78 78 67 63 63 54 32 32 37 37 29 21 21 12 5 5 9 9 10 19 19 14 9 9 4 4 2 1 1 1 
41 41 47 47 47 51 55 55 60 60 75 78 78 76 80 80 78 78 67 63 63 54 32 32 37 37 29 21 21 12 5 5 9 9 10 19 19 14 9 9 4 4 2 1 1 1 
42 42 27 30 30 37 44 44 50 50 61 58 58 58 52 52 52 52 56 50 50 42 28 28 23 23 16 5 5 6 7 7 6 6 9 15 15 13 10 10 7 7 3 1 1 0 
42 42 27 30 30 37 44 44 50 50 61 58 58 58 52 52 52 52 56 50 50 42 28 28 23 23 16 5 5 6 7 7 6 6 9 15 15 13 10 10 7 7 3 1 1 0 
42 42 29 26 26 29 33 33 35 35 38 42 42 46 41 41 38 38 36 30 30 26 18 18 21 21 16 15 15 10 14 14 17 17 20 29 29 18 13 13 14 14 8 5 5 2 
28 28 26 30 30 32 38 38 41 41 41 41 41 40 35 35 31 31 27 25 25 21 17 17 16 16 22 20 20 17 19 19 24 24 29 38 38 26 14 14 15 15 8 4 4 2 
28 28 26 30 30 32 38 38 41 41 41 41 41 40 35 35 31 31 27 25 25 21 17 17 16 16 22 20 20 17 19 19 24 24 29 38 38 26 14 14 15 15 8 4 4 2 
30 30 29 35 35 33 35 35 36 36 36 35 35 31 28 28 24 24 24 25 25 23 21 21 11 11 19 22 22 20 19 19 21 21 29 30 30 34 29 29 17 17 6 3 3 2 
31 31 30 31 31 30 31 31 29 29 28 32 32 28 29 29 28 28 25 21 21 21 22 22 18 18 18 21 21 18 18 18 12 12 21 38 38 48 43 43 23 23 6 4 4 2 
31 31 30 31 31 30 31 31 29 29 28 32 32 28 29 29 28 28 25 21 21 21 22 22 18 18 18 21 21 18 18 18 12 12 21 38 38 48 43 43 23 23 6 4 4 2 
25 25 24 26 26 28 30 30 31 31 32 31 31 31 31 31 30 30 24 20 20 19 18 18 20 20 13 13 13 12 14 14 18 18 19 25 25 33 38 38 14 14 8 3 3 3 
25 25 24 26 26 28 30 30 31 31 32 31 31 31 31 31 30 30 24 20 20 19 18 18 20 20 13 13 13 12 14 14 18 18 19 25 25 33 38 38 14 14 8 3 3 3 
25 25 23 25 25 23 27 27 27 27 28 29 29 25 24 24 25 25 20 16 16 15 15 15 13 13 10 16 16 13 17 17 20 20 26 21 21 28 20 20 18 18 14 3 3 1 
28 28 25 24 24 19 18 18 15 15 14 13 13 16 16 16 19 19 18 17 17 18 20 20 20 20 18 17 17 26 23 23 27 27 28 24 24 23 17 17 14 14 9 4 4 2 
28 28 25 24 24 19 18 18 15 15 14 13 13 16 16 16 19 19 18 17 17 18 20 20 20 20 18 17 17 26 23 23 27 27 28 24 24 23 17 17 14 14 9 4 4 2 
23 23 27 21 21 16 14 14 12 12 11 12 12 14 18 18 18 18 17 19 19 20 22 22 22 22 19 19 19 29 27 27 28 28 32 39 39 37 25 25 21 21 12 4 4 2 
18 18 19 17 17 15 11 11 11 11 10 12 12 15 14 14 14 14 16 19 19 19 21 21 23 23 19 17 17 17 20 20 23 23 30 30 30 28 30 30 23 23 13 2 2 1 
18 18 19 17 17 15 11 11 11 11 10 12 12 15 14 14 14 14 16 19 19 19 21 21 23 23 19 17 17 17 20 20 23 23 30 30 30 28 30 30 23 23 13 2 2 1 
16 16 16 14 14 12 9 9 8 8 7 10 10 10 11 11 13 13 15 17 17 21 17 17 19 19 14 12 12 11 13 13 15 15 24 24 24 30 26 26 19 19 13 2 2 0 
16 16 16 14 14 12 9 9 8 8 7 10 10 10 11 11 13 13 15 17 17 21 17 17 19 19 14 12 12 11 13 13 15 15 24 24 24 30 26 26 19 19 13 2 2 0 
13 13 12 10 10 9 7 7 6 6 6 6 6 8 9 9 11 11 13 15 15 16 18 18 17 17 14 14 14 10 12 12 14 14 18 18 18 18 17 17 23 23 12 0 0 0 
8 8 7 6 6 5 6 6 6 6 5 6 6 7 8 8 9 9 10 12 12 10 13 13 15 15 19 17 17 13 10 10 9 9 11 15 15 12 14 14 10 10 21 4 4 2 
8 8 7 6 6 5 6 6 6 6 5 6 6 7 8 8 9 9 10 12 12 10 13 13 15 15 19 17 17 13 10 10 9 9 11 15 15 12 14 14 10 10 21 4 4 2 
5 5 5 5 5 5 6 6 6 6 6 6 6 7 7 7 6 6 5 6 6 7 12 12 14 14 29 24 24 13 6 6 8 8 7 7 7 9 11 11 8 8 4 9 9 2 
6 6 6 5 5 5 5 5 5 5 8 5 5 7 9 9 5 5 4 4 4 18 18 18 13 13 22 20 20 11 9 9 11 11 9 11 11 10 10 10 13 13 14 6 6 5 
