assets/RAT_results_old/precipitation/2024-05-14_IMERG.asc
ncols        46
nrows        77
xllcorner    74.800261325624
yllcorner    8.058333333333
cellsize     0.062500000000
NODATA_value -9999
8 8 5 2 2 1 0 0 0 0 0 0 0 0 0 0 0 0 0 0 0 0 0 0 1 1 4 1 1 0 0 0 0 0 0 0 0 0 1 1 2 2 3 2 2 0 
14 14 13 3 3 1 0 0 0 0 0 0 0 0 2 2 1 1 0 0 0 0 0 0 0 0 1 0 0 0 0 0 0 0 0 0 0 1 3 3 13 13 13 6 6 2 
14 14 13 3 3 1 0 0 0 0 0 0 0 0 2 2 1 1 0 0 0 0 0 0 0 0 1 0 0 0 0 0 0 0 0 0 0 1 3 3 13 13 13 6 6 2 
21 21 22 5 5 1 1 1 0 0 0 0 0 2 9 9 7 7 1 0 0 0 0 0 0 0 0 0 0 0 0 0 0 0 0 0 0 1 4 4 10 10 9 3 3 1 
3 3 4 1 1 0 1 1 0 0 0 0 0 1 5 5 3 3 1 0 0 0 1 1 1 1 1 1 1 1 1 1 0 0 0 1 1 4 6 6 6 6 3 1 1 0 
3 3 4 1 1 0 1 1 0 0 0 0 0 1 5 5 3 3 1 0 0 0 1 1 1 1 1 1 1 1 1 1 0 0 0 1 1 4 6 6 6 6 3 1 1 0 
3 3 1 0 0 0 0 0 0 0 0 0 0 0 1 1 1 1 0 1 1 1 1 1 1 1 1 2 2 2 1 1 0 0 1 3 3 6 7 7 5 5 1 0 0 0 
3 3 1 0 0 0 0 0 0 0 0 0 0 0 1 1 1 1 0 1 1 1 1 1 1 1 1 2 2 2 1 1 0 0 1 3 3 6 7 7 5 5 1 0 0 0 
1 1 1 1 1 1 0 0 0 0 0 0 0 0 0 0 1 1 1 2 2 1 1 1 1 1 2 2 2 2 1 1 0 0 1 5 5 9 10 10 6 6 2 10 10 0 
2 2 2 1 1 1 0 0 0 0 0 0 0 1 1 1 3 3 3 3 3 2 2 2 2 2 2 2 2 1 1 1 0 0 1 7 7 9 6 6 4 4 2 8 8 2 
2 2 2 1 1 1 0 0 0 0 0 0 0 1 1 1 3 3 3 3 3 2 2 2 2 2 2 2 2 1 1 1 0 0 1 7 7 9 6 6 4 4 2 8 8 2 
2 2 1 1 1 1 1 1 0 0 1 1 1 2 3 3 3 3 3 3 3 3 2 2 2 2 2 2 2 1 0 0 0 0 1 7 7 8 5 5 2 2 1 0 0 0 
1 1 1 1 1 0 0 0 0 0 1 2 2 5 5 5 3 3 3 3 3 3 3 3 2 2 2 1 1 0 0 0 0 0 0 3 3 5 4 4 1 1 0 4 4 8 
1 1 1 1 1 0 0 0 0 0 1 2 2 5 5 5 3 3 3 3 3 3 3 3 2 2 2 1 1 0 0 0 0 0 0 3 3 5 4 4 1 1 0 4 4 8 
1 1 1 1 1 1 1 1 1 1 2 5 5 6 6 6 4 4 3 3 3 2 2 2 2 2 1 1 1 0 0 0 0 0 0 1 1 2 1 1 7 7 6 6 6 0 
1 1 1 1 1 1 1 1 1 1 2 5 5 6 6 6 4 4 3 3 3 2 2 2 2 2 1 1 1 0 0 0 0 0 0 1 1 2 1 1 7 7 6 6 6 0 
1 1 1 1 1 1 1 1 2 2 8 13 13 9 7 7 5 5 4 3 3 3 2 2 2 2 1 2 2 1 0 0 0 0 0 3 3 9 6 6 12 12 96 7 7 6 
1 1 1 2 2 5 2 2 3 3 9 13 13 9 6 6 4 4 4 4 4 3 3 3 2 2 2 3 3 2 0 0 0 0 0 8 8 31 15 15 4 4 65 0 0 0 
1 1 1 2 2 5 2 2 3 3 9 13 13 9 6 6 4 4 4 4 4 3 3 3 2 2 2 3 3 2 0 0 0 0 0 8 8 31 15 15 4 4 65 0 0 0 
1 1 1 2 2 2 1 1 3 3 7 10 10 8 5 5 4 4 3 4 4 4 3 3 3 3 3 2 2 1 0 0 0 0 0 4 4 19 4 4 3 3 1 0 0 0 
1 1 2 6 6 2 2 2 4 4 7 9 9 7 4 4 3 3 2 3 3 4 3 3 3 3 3 1 1 4 0 0 2 2 3 3 3 3 5 5 5 5 1 1 1 0 
1 1 2 6 6 2 2 2 4 4 7 9 9 7 4 4 3 3 2 3 3 4 3 3 3 3 3 1 1 4 0 0 2 2 3 3 3 3 5 5 5 5 1 1 1 0 
2 2 2 2 2 1 2 2 3 3 4 4 4 6 5 5 3 3 3 3 3 3 3 3 3 3 2 6 6 9 9 9 2 2 10 8 8 11 17 17 7 7 1 1 1 0 
2 2 2 2 2 1 2 2 3 3 4 4 4 6 5 5 3 3 3 3 3 3 3 3 3 3 2 6 6 9 9 9 2 2 10 8 8 11 17 17 7 7 1 1 1 0 
2 2 1 1 1 1 2 2 3 3 3 3 3 6 4 4 4 4 3 4 4 3 2 2 1 1 1 13 13 9 12 12 10 10 10 9 9 16 10 10 3 3 1 1 1 0 
2 2 1 1 1 1 2 2 3 3 4 3 3 2 3 3 4 4 5 4 4 3 1 1 1 1 0 4 4 4 8 8 33 33 33 19 19 20 10 10 3 3 4 1 1 0 
2 2 1 1 1 1 2 2 3 3 4 3 3 2 3 3 4 4 5 4 4 3 1 1 1 1 0 4 4 4 8 8 33 33 33 19 19 20 10 10 3 3 4 1 1 0 
1 1 2 4 4 2 3 3 4 4 3 2 2 3 2 2 4 4 3 3 3 2 1 1 1 1 3 3 3 10 32 32 34 34 35 35 35 28 12 12 5 5 4 1 1 0 
1 1 4 10 10 7 3 3 3 3 2 1 1 6 3 3 5 5 3 3 3 1 1 1 1 1 4 4 4 19 20 20 29 29 36 43 43 24 11 11 11 11 5 0 0 0 
1 1 4 10 10 7 3 3 3 3 2 1 1 6 3 3 5 5 3 3 3 1 1 1 1 1 4 4 4 19 20 20 29 29 36 43 43 24 11 11 11 11 5 0 0 0 
2 2 4 6 6 10 6 6 6 6 2 1 1 4 4 4 5 5 3 2 2 1 1 1 4 4 5 14 14 21 21 21 33 33 32 36 36 21 12 12 11 11 5 0 0 0 
2 2 4 6 6 10 6 6 6 6 2 1 1 4 4 4 5 5 3 2 2 1 1 1 4 4 5 14 14 21 21 21 33 33 32 36 36 21 12 12 11 11 5 0 0 0 
3 3 5 3 3 4 5 5 10 10 6 2 2 4 4 4 4 4 4 3 3 1 7 7 5 5 6 34 34 33 35 35 36 36 32 32 32 21 23 23 11 11 3 2 2 0 
3 3 8 4 4 3 2 2 4 4 11 4 4 3 3 3 4 4 2 4 4 4 10 10 8 8 23 33 33 34 31 31 33 33 36 32 32 26 26 26 12 12 0 0 0 0 
3 3 8 4 4 3 2 2 4 4 11 4 4 3 3 3 4 4 2 4 4 4 10 10 8 8 23 33 33 34 31 31 33 33 36 32 32 26 26 26 12 12 0 0 0 0 
3 3 5 3 3 3 2 2 3 3 5 3 3 5 3 3 3 3 4 6 6 4 8 8 27 27 59 76 76 42 31 31 33 33 34 15 15 18 15 15 9 9 0 0 0 0 
3 3 3 3 3 3 4 4 3 3 3 2 2 5 5 5 4 4 3 3 3 8 13 13 27 27 60 70 70 46 42 42 42 42 30 20 20 20 9 9 2 2 1 0 0 0 
3 3 3 3 3 3 4 4 3 3 3 2 2 5 5 5 4 4 3 3 3 8 13 13 27 27 60 70 70 46 42 42 42 42 30 20 20 20 9 9 2 2 1 0 0 0 
2 2 2 2 2 3 2 2 3 3 2 5 5 7 5 5 7 7 3 3 3 7 7 7 10 10 35 33 33 40 37 37 35 35 23 33 33 17 3 3 1 1 1 0 0 7 
2 2 2 2 2 3 2 2 3 3 2 5 5 7 5 5 7 7 3 3 3 7 7 7 10 10 35 33 33 40 37 37 35 35 23 33 33 17 3 3 1 1 1 0 0 7 
4 4 3 3 3 3 2 2 2 2 2 5 5 10 9 9 5 5 4 7 7 7 8 8 11 11 11 15 15 26 26 26 30 30 24 25 25 19 6 6 8 8 8 3 3 13 
4 4 3 3 3 2 1 1 2 2 1 5 5 11 11 11 9 9 6 7 7 5 6 6 5 5 7 16 16 28 19 19 18 18 11 11 11 5 10 10 11 11 14 12 12 2 
4 4 3 3 3 2 1 1 2 2 1 5 5 11 11 11 9 9 6 7 7 5 6 6 5 5 7 16 16 28 19 19 18 18 11 11 11 5 10 10 11 11 14 12 12 2 
4 4 3 3 3 3 2 2 4 4 2 2 2 10 15 15 13 13 5 7 7 5 6 6 8 8 9 16 16 18 22 22 20 20 12 9 9 13 10 10 7 7 8 3 3 3 
4 4 3 2 2 2 1 1 2 2 2 3 3 6 6 6 4 4 2 1 1 2 7 7 9 9 10 16 16 21 22 22 16 16 13 4 4 2 11 11 4 4 7 10 10 6 
4 4 3 2 2 2 1 1 2 2 2 3 3 6 6 6 4 4 2 1 1 2 7 7 9 9 10 16 16 21 22 22 16 16 13 4 4 2 11 11 4 4 7 10 10 6 
3 3 3 2 2 2 2 2 2 2 2 3 3 7 5 5 2 2 1 1 1 1 2 2 11 11 13 16 16 23 23 23 12 12 5 3 3 3 5 5 5 5 8 6 6 17 
3 3 3 2 2 2 2 2 2 2 2 3 3 7 5 5 2 2 1 1 1 1 2 2 11 11 13 16 16 23 23 23 12 12 5 3 3 3 5 5 5 5 8 6 6 17 
2 2 2 2 2 3 3 3 3 3 2 4 4 6 5 5 2 2 1 1 1 1 3 3 11 11 11 14 14 16 20 20 11 11 9 4 4 4 5 5 5 5 6 15 15 20 
2 2 2 3 3 3 4 4 3 3 2 1 1 4 3 3 1 1 1 1 1 1 3 3 8 8 11 17 17 21 21 21 14 14 11 5 5 4 6 6 8 8 9 11 11 15 
2 2 2 3 3 3 4 4 3 3 2 1 1 4 3 3 1 1 1 1 1 1 3 3 8 8 11 17 17 21 21 21 14 14 11 5 5 4 6 6 8 8 9 11 11 15 
3 3 3 4 4 4 4 4 2 2 1 2 2 4 3 3 2 2 1 2 2 1 2 2 6 6 10 19 19 19 17 17 15 15 9 7 7 4 10 10 13 13 10 16 16 16 
3 3 5 7 7 7 4 4 2 2 1 1 1 2 2 2 2 2 1 1 1 0 2 2 6 6 11 15 15 15 19 19 14 14 10 6 6 5 9 9 27 27 9 8 8 9 
3 3 5 7 7 7 4 4 2 2 1 1 1 2 2 2 2 2 1 1 1 0 2 2 6 6 11 15 15 15 19 19 14 14 10 6 6 5 9 9 27 27 9 8 8 9 
3 3 8 13 13 9 3 3 1 1 1 1 1 3 4 4 3 3 1 1 1 1 1 1 3 3 9 16 16 17 15 15 17 17 14 7 7 5 8 8 26 26 10 6 6 5 
3 3 8 13 13 9 3 3 1 1 1 1 1 3 4 4 3 3 1 1 1 1 1 1 3 3 9 16 16 17 15 15 17 17 14 7 7 5 8 8 26 26 10 6 6 5 
2 2 4 6 6 6 3 3 1 1 1 1 1 3 5 5 4 4 2 1 1 1 1 1 1 1 5 17 17 20 16 16 19 19 20 9 9 13 19 19 12 12 9 8 8 3 
2 2 3 5 5 6 3 3 2 2 1 2 2 4 5 5 5 5 4 3 3 1 1 1 0 0 3 10 10 15 17 17 23 23 19 10 10 14 3 3 6 6 6 6 6 2 
2 2 3 5 5 6 3 3 2 2 1 2 2 4 5 5 5 5 4 3 3 1 1 1 0 0 3 10 10 15 17 17 23 23 19 10 10 14 3 3 6 6 6 6 6 2 
3 3 3 6 6 6 3 3 2 2 2 2 2 3 4 4 4 4 5 3 3 1 2 2 3 3 4 4 4 8 16 16 23 23 17 10 10 5 8 8 2 2 3 3 3 3 
4 4 3 3 3 2 1 1 1 1 1 2 2 3 7 7 5 5 4 4 4 3 3 3 4 4 17 3 3 6 12 12 13 13 15 20 20 4 4 4 2 2 1 1 1 3 
4 4 3 3 3 2 1 1 1 1 1 2 2 3 7 7 5 5 4 4 4 3 3 3 4 4 17 3 3 6 12 12 13 13 15 20 20 4 4 4 2 2 1 1 1 3 
3 3 3 3 3 2 2 2 1 1 1 3 3 4 15 15 10 10 6 4 4 6 3 3 14 14 13 3 3 7 15 15 14 14 23 5 5 5 5 5 2 2 1 1 1 3 
3 3 3 3 3 2 2 2 1 1 1 3 3 4 15 15 10 10 6 4 4 6 3 3 14 14 13 3 3 7 15 15 14 14 23 5 5 5 5 5 2 2 1 1 1 3 
3 3 3 4 4 5 3 3 2 2 2 3 3 5 12 12 12 12 10 8 8 8 5 5 4 4 1 3 3 7 14 14 21 21 10 7 7 12 12 12 3 3 1 1 1 3 
3 3 4 6 6 8 6 6 3 3 2 2 2 6 10 10 10 10 7 4 4 8 8 8 5 5 2 4 4 6 11 11 17 17 12 10 10 29 28 28 4 4 1 1 1 2 
3 3 4 6 6 8 6 6 3 3 2 2 2 6 10 10 10 10 7 4 4 8 8 8 5 5 2 4 4 6 11 11 17 17 12 10 10 29 28 28 4 4 1 1 1 2 
3 3 5 8 8 8 9 9 5 5 4 4 4 6 5 5 4 4 4 4 4 7 5 5 4 4 1 1 1 1 3 3 6 6 9 14 14 15 14 14 5 5 1 1 1 2 
3 3 5 6 6 6 10 10 6 6 5 6 6 8 9 9 4 4 4 3 3 4 6 6 4 4 3 8 8 3 1 1 4 4 10 18 18 21 18 18 9 9 1 2 2 2 
3 3 5 6 6 6 10 10 6 6 5 6 6 8 9 9 4 4 4 3 3 4 6 6 4 4 3 8 8 3 1 1 4 4 10 18 18 21 18 18 9 9 1 2 2 2 
7 7 4 3 3 4 5 5 5 5 5 6 6 11 9 9 3 3 5 4 4 3 6 6 8 8 8 8 8 3 3 3 7 7 13 24 24 23 11 11 3 3 1 2 2 4 
7 7 4 3 3 4 5 5 5 5 5 6 6 11 9 9 3 3 5 4 4 3 6 6 8 8 8 8 8 3 3 3 7 7 13 24 24 23 11 11 3 3 1 2 2 4 
11 11 4 3 3 4 5 5 7 7 9 11 11 9 6 6 3 3 5 9 9 4 5 5 8 8 6 5 5 3 3 3 7 7 12 12 12 5 5 5 2 2 1 2 2 7 
18 18 7 3 3 4 5 5 9 9 18 21 21 18 8 8 2 2 2 4 4 3 4 4 4 4 3 4 4 3 3 3 1 1 8 7 7 1 2 2 2 2 1 2 2 3 
18 18 7 3 3 4 5 5 9 9 18 21 21 18 8 8 2 2 2 4 4 3 4 4 4 4 3 4 4 3 3 3 1 1 8 7 7 1 2 2 2 2 1 2 2 3 
13 13 4 2 2 3 3 3 8 8 16 19 19 19 7 7 1 1 4 8 8 5 4 4 2 2 2 3 3 4 4 4 1 1 1 2 2 1 1 1 1 1 1 2 2 2 
65 65 4 2 2 2 2 2 3 3 5 8 8 9 3 3 1 1 4 10 10 6 3 3 3 3 2 1 1 7 3 3 1 1 1 1 1 2 1 1 2 2 2 3 3 2 
