assets/RAT_results_old/precipitation/2024-09-01_IMERG.asc
ncols        46
nrows        77
xllcorner    74.800261325624
yllcorner    8.058333333333
cellsize     0.062500000000
NODATA_value -9999
16 16 16 18 18 14 19 19 8 8 6 4 4 5 11 11 8 8 7 2 2 0 0 0 0 0 0 0 0 0 0 0 0 0 0 0 0 1 1 1 1 1 0 0 0 0 
23 23 18 13 13 18 17 17 7 7 5 9 9 15 17 17 9 9 17 12 12 1 0 0 0 0 0 0 0 0 0 0 0 0 0 0 0 0 0 0 0 0 0 0 0 0 
23 23 18 13 13 18 17 17 7 7 5 9 9 15 17 17 9 9 17 12 12 1 0 0 0 0 0 0 0 0 0 0 0 0 0 0 0 0 0 0 0 0 0 0 0 0 
21 21 24 20 20 30 13 13 9 9 6 7 7 11 37 37 29 29 18 13 13 4 1 1 0 0 0 0 0 0 0 0 0 0 0 0 0 0 0 0 0 0 0 0 0 0 
37 37 23 12 12 19 13 13 10 10 9 9 9 7 15 15 14 14 15 3 3 2 0 0 0 0 0 0 0 0 0 0 0 0 0 0 0 0 0 0 0 0 0 0 0 0 
37 37 23 12 12 19 13 13 10 10 9 9 9 7 15 15 14 14 15 3 3 2 0 0 0 0 0 0 0 0 0 0 0 0 0 0 0 0 0 0 0 0 0 0 0 0 
26 26 40 27 27 12 11 11 14 14 19 8 8 10 13 13 12 12 7 1 1 0 0 0 1 1 1 0 0 0 0 0 0 0 0 0 0 0 0 0 0 0 0 0 0 0 
26 26 40 27 27 12 11 11 14 14 19 8 8 10 13 13 12 12 7 1 1 0 0 0 1 1 1 0 0 0 0 0 0 0 0 0 0 0 0 0 0 0 0 0 0 0 
41 41 37 25 25 12 19 19 15 15 23 12 12 9 7 7 10 10 3 2 2 0 0 0 0 0 0 0 0 0 0 0 0 0 0 0 0 0 0 0 0 0 0 0 0 1 
25 25 15 26 26 19 27 27 17 17 27 9 9 11 11 11 5 5 3 2 2 1 0 0 0 0 0 0 0 0 0 0 0 0 0 0 0 0 0 0 0 0 0 0 0 0 
25 25 15 26 26 19 27 27 17 17 27 9 9 11 11 11 5 5 3 2 2 1 0 0 0 0 0 0 0 0 0 0 0 0 0 0 0 0 0 0 0 0 0 0 0 0 
16 16 16 21 21 26 29 29 23 23 14 8 8 7 6 6 6 6 6 3 3 0 1 1 0 0 0 0 0 0 0 0 0 0 0 0 0 0 0 0 0 0 0 0 0 0 
14 14 10 10 10 19 21 21 16 16 10 5 5 8 9 9 4 4 4 3 3 1 1 1 1 1 0 0 0 0 0 0 0 0 0 0 0 0 0 0 0 0 0 0 0 0 
14 14 10 10 10 19 21 21 16 16 10 5 5 8 9 9 4 4 4 3 3 1 1 1 1 1 0 0 0 0 0 0 0 0 0 0 0 0 0 0 0 0 0 0 0 0 
11 11 10 5 5 7 9 9 12 12 18 8 8 20 13 13 5 5 8 1 1 1 0 0 1 1 0 0 0 0 0 0 0 0 0 0 0 0 0 0 0 0 0 0 0 0 
11 11 10 5 5 7 9 9 12 12 18 8 8 20 13 13 5 5 8 1 1 1 0 0 1 1 0 0 0 0 0 0 0 0 0 0 0 0 0 0 0 0 0 0 0 0 
5 5 6 5 5 3 5 5 7 7 5 3 3 5 6 6 2 2 3 1 1 1 1 1 1 1 0 0 0 0 0 0 0 0 0 0 0 0 0 0 0 0 0 0 0 0 
7 7 8 8 8 6 7 7 6 6 5 12 12 14 5 5 3 3 5 3 3 1 0 0 0 0 0 0 0 0 0 0 0 0 0 0 0 2 1 1 1 1 0 0 0 0 
7 7 8 8 8 6 7 7 6 6 5 12 12 14 5 5 3 3 5 3 3 1 0 0 0 0 0 0 0 0 0 0 0 0 0 0 0 2 1 1 1 1 0 0 0 0 
6 6 8 12 12 7 9 9 7 7 11 13 13 13 8 8 7 7 9 3 3 3 2 2 0 0 0 0 0 0 1 1 4 4 1 0 0 2 1 1 0 0 0 0 0 0 
7 7 7 12 12 13 12 12 8 8 13 23 23 28 18 18 11 11 12 1 1 4 1 1 0 0 0 1 1 2 2 2 3 3 0 0 0 0 0 0 0 0 0 0 0 0 
7 7 7 12 12 13 12 12 8 8 13 23 23 28 18 18 11 11 12 1 1 4 1 1 0 0 0 1 1 2 2 2 3 3 0 0 0 0 0 0 0 0 0 0 0 0 
5 5 6 7 7 9 15 15 13 13 15 20 20 29 19 19 11 11 3 2 2 0 1 1 0 0 0 5 5 5 5 5 3 3 0 0 0 0 0 0 0 0 0 0 0 0 
5 5 6 7 7 9 15 15 13 13 15 20 20 29 19 19 11 11 3 2 2 0 1 1 0 0 0 5 5 5 5 5 3 3 0 0 0 0 0 0 0 0 0 0 0 0 
11 11 6 7 7 6 14 14 18 18 14 16 16 33 34 34 21 21 11 6 6 0 1 1 0 0 0 1 1 3 0 0 1 1 0 0 0 0 0 0 0 0 0 0 0 0 
13 13 11 11 11 4 5 5 11 11 12 8 8 19 22 22 27 27 11 9 9 2 2 2 1 1 0 3 3 0 0 0 0 0 0 0 0 0 0 0 0 0 0 0 0 0 
13 13 11 11 11 4 5 5 11 11 12 8 8 19 22 22 27 27 11 9 9 2 2 2 1 1 0 3 3 0 0 0 0 0 0 0 0 0 0 0 0 0 0 0 0 0 
10 10 8 5 5 4 6 6 6 6 10 6 6 10 11 11 23 23 24 15 15 3 0 0 0 0 0 0 0 0 0 0 0 0 0 0 0 0 0 0 0 0 0 0 0 0 
10 10 9 5 5 6 4 4 7 7 7 8 8 4 11 11 16 16 21 17 17 10 0 0 0 0 0 0 0 0 0 0 0 0 0 0 0 0 0 0 0 0 0 0 0 0 
10 10 9 5 5 6 4 4 7 7 7 8 8 4 11 11 16 16 21 17 17 10 0 0 0 0 0 0 0 0 0 0 0 0 0 0 0 0 0 0 0 0 0 0 0 0 
10 10 9 10 10 11 10 10 4 4 6 3 3 6 10 10 14 14 15 15 15 14 1 1 0 0 0 0 0 0 0 0 0 0 0 0 0 0 0 0 0 0 0 0 0 0 
10 10 9 10 10 11 10 10 4 4 6 3 3 6 10 10 14 14 15 15 15 14 1 1 0 0 0 0 0 0 0 0 0 0 0 0 0 0 0 0 0 0 0 0 0 0 
8 8 8 15 15 12 10 10 7 7 6 6 6 5 2 2 4 4 6 8 8 7 1 1 0 0 0 0 0 0 0 0 0 0 0 0 0 0 0 0 0 0 0 0 0 0 
8 8 8 14 14 15 11 11 11 11 10 7 7 7 4 4 3 3 6 6 6 1 2 2 0 0 0 0 0 0 0 0 0 0 0 0 0 0 0 0 0 0 0 0 0 0 
8 8 8 14 14 15 11 11 11 11 10 7 7 7 4 4 3 3 6 6 6 1 2 2 0 0 0 0 0 0 0 0 0 0 0 0 0 0 0 0 0 0 0 0 0 0 
10 10 10 14 14 5 6 6 9 9 12 10 10 7 3 3 0 0 1 1 1 1 2 2 1 1 1 0 0 1 0 0 0 0 0 0 0 0 0 0 0 0 0 0 0 0 
19 19 12 18 18 12 8 8 8 8 8 10 10 1 0 0 2 2 1 3 3 3 3 3 6 6 5 4 4 3 8 8 5 5 5 0 0 0 0 0 0 0 0 0 0 1 
19 19 12 18 18 12 8 8 8 8 8 10 10 1 0 0 2 2 1 3 3 3 3 3 6 6 5 4 4 3 8 8 5 5 5 0 0 0 0 0 0 0 0 0 0 1 
14 14 17 15 15 12 7 7 4 4 5 3 3 3 1 1 2 2 1 3 3 6 13 13 11 11 15 10 10 7 7 7 4 4 4 1 1 2 1 1 0 0 0 0 0 1 
14 14 17 15 15 12 7 7 4 4 5 3 3 3 1 1 2 2 1 3 3 6 13 13 11 11 15 10 10 7 7 7 4 4 4 1 1 2 1 1 0 0 0 0 0 1 
13 13 20 17 17 5 4 4 4 4 3 3 3 3 2 2 2 2 1 4 4 4 8 8 11 11 10 3 3 3 9 9 5 5 5 1 1 2 2 2 0 0 0 1 1 4 
14 14 14 16 16 3 3 3 3 3 2 2 2 2 3 3 3 3 1 1 1 2 5 5 7 7 5 3 3 1 2 2 7 7 5 5 5 5 3 3 3 3 3 2 2 3 
14 14 14 16 16 3 3 3 3 3 2 2 2 2 3 3 3 3 1 1 1 2 5 5 7 7 5 3 3 1 2 2 7 7 5 5 5 5 3 3 3 3 3 2 2 3 
11 11 18 15 15 20 22 22 21 21 2 2 2 2 3 3 2 2 1 0 0 2 11 11 7 7 6 6 6 3 3 3 7 7 5 8 8 8 5 5 2 2 2 3 3 2 
8 8 9 10 10 10 10 10 22 22 2 2 2 2 3 3 4 4 1 0 0 1 4 4 7 7 9 12 12 7 10 10 10 10 8 13 13 7 3 3 2 2 2 5 5 3 
8 8 9 10 10 10 10 10 22 22 2 2 2 2 3 3 4 4 1 0 0 1 4 4 7 7 9 12 12 7 10 10 10 10 8 13 13 7 3 3 2 2 2 5 5 3 
8 8 6 10 10 11 8 8 2 2 3 2 2 2 4 4 10 10 5 2 2 2 7 7 8 8 15 15 15 9 10 10 8 8 12 18 18 19 10 10 4 4 2 6 6 4 
8 8 6 10 10 11 8 8 2 2 3 2 2 2 4 4 10 10 5 2 2 2 7 7 8 8 15 15 15 9 10 10 8 8 12 18 18 19 10 10 4 4 2 6 6 4 
11 11 2 7 7 7 5 5 8 8 3 4 4 2 5 5 7 7 6 4 4 6 11 11 10 10 13 16 16 12 12 12 13 13 16 9 9 21 13 13 7 7 4 3 3 2 
14 14 2 7 7 4 8 8 9 9 10 10 10 8 10 10 8 8 6 7 7 11 15 15 16 16 19 19 19 13 7 7 6 6 7 7 7 10 8 8 8 8 4 7 7 5 
14 14 2 7 7 4 8 8 9 9 10 10 10 8 10 10 8 8 6 7 7 11 15 15 16 16 19 19 19 13 7 7 6 6 7 7 7 10 8 8 8 8 4 7 7 5 
18 18 3 8 8 8 13 13 27 27 33 35 35 20 15 15 12 12 9 14 14 16 22 22 13 13 22 9 9 10 11 11 12 12 6 7 7 2 3 3 5 5 5 7 7 2 
17 17 7 9 9 17 23 23 31 31 33 37 37 30 31 31 22 22 26 17 17 13 13 13 14 14 18 8 8 14 12 12 3 3 1 1 1 2 2 2 2 2 2 3 3 5 
17 17 7 9 9 17 23 23 31 31 33 37 37 30 31 31 22 22 26 17 17 13 13 13 14 14 18 8 8 14 12 12 3 3 1 1 1 2 2 2 2 2 2 3 3 5 
8 8 9 10 10 17 25 25 25 25 20 21 21 26 21 21 23 23 27 17 17 16 8 8 9 9 8 8 8 7 7 7 5 5 1 0 0 0 1 1 2 2 1 0 0 1 
8 8 9 10 10 17 25 25 25 25 20 21 21 26 21 21 23 23 27 17 17 16 8 8 9 9 8 8 8 7 7 7 5 5 1 0 0 0 1 1 2 2 1 0 0 1 
5 5 18 15 15 16 15 15 15 15 15 21 21 24 20 20 21 21 16 10 10 12 9 9 8 8 7 11 11 3 6 6 4 4 2 0 0 0 0 0 2 2 3 0 0 0 
4 4 16 14 14 15 15 15 16 16 19 17 17 18 24 24 23 23 16 10 10 9 6 6 2 2 15 12 12 3 2 2 5 5 3 0 0 1 0 0 2 2 1 1 1 0 
4 4 16 14 14 15 15 15 16 16 19 17 17 18 24 24 23 23 16 10 10 9 6 6 2 2 15 12 12 3 2 2 5 5 3 0 0 1 0 0 2 2 1 1 1 0 
4 4 16 16 16 14 24 24 26 26 24 16 16 15 16 16 10 10 13 13 13 5 2 2 1 1 5 3 3 2 7 7 2 2 0 0 0 2 1 1 3 3 1 0 0 0 
4 4 8 10 10 16 17 17 16 16 18 20 20 18 17 17 16 16 10 7 7 5 1 1 1 1 0 10 10 4 6 6 1 1 0 0 0 2 3 3 5 5 4 0 0 0 
4 4 8 10 10 16 17 17 16 16 18 20 20 18 17 17 16 16 10 7 7 5 1 1 1 1 0 10 10 4 6 6 1 1 0 0 0 2 3 3 5 5 4 0 0 0 
19 19 6 12 12 17 21 21 20 20 24 25 25 18 16 16 19 19 10 4 4 5 1 1 1 1 0 6 6 1 1 1 2 2 1 0 0 1 2 2 5 5 4 2 2 3 
19 19 6 12 12 17 21 21 20 20 24 25 25 18 16 16 19 19 10 4 4 5 1 1 1 1 0 6 6 1 1 1 2 2 1 0 0 1 2 2 5 5 4 2 2 3 
19 19 10 12 12 15 18 18 21 21 26 22 22 18 20 20 16 16 14 13 13 5 4 4 3 3 8 6 6 5 3 3 2 2 1 0 0 4 5 5 11 11 5 10 10 2 
8 8 10 18 18 17 19 19 27 27 21 17 17 11 21 21 20 20 24 20 20 12 6 6 17 17 8 9 9 9 11 11 5 5 3 3 3 4 9 9 9 9 2 2 2 4 
8 8 10 18 18 17 19 19 27 27 21 17 17 11 21 21 20 20 24 20 20 12 6 6 17 17 8 9 9 9 11 11 5 5 3 3 3 4 9 9 9 9 2 2 2 4 
9 9 14 18 18 24 22 22 17 17 11 8 8 6 9 9 22 22 24 18 18 11 11 11 26 26 18 10 10 16 14 14 13 13 12 7 7 4 9 9 5 5 1 2 2 0 
15 15 16 13 13 22 18 18 11 11 11 5 5 3 4 4 8 8 14 20 20 19 9 9 24 24 25 20 20 14 18 18 14 14 7 7 7 6 5 5 4 4 4 3 3 1 
15 15 16 13 13 22 18 18 11 11 11 5 5 3 4 4 8 8 14 20 20 19 9 9 24 24 25 20 20 14 18 18 14 14 7 7 7 6 5 5 4 4 4 3 3 1 
7 7 7 13 13 17 17 17 14 14 14 10 10 6 6 6 10 10 13 18 18 18 18 18 21 21 20 18 18 24 20 20 20 20 14 4 4 3 7 7 4 4 5 5 5 5 
7 7 7 13 13 17 17 17 14 14 14 10 10 6 6 6 10 10 13 18 18 18 18 18 21 21 20 18 18 24 20 20 20 20 14 4 4 3 7 7 4 4 5 5 5 5 
4 4 5 12 12 16 15 15 14 14 16 15 15 13 9 9 17 17 17 20 20 22 17 17 16 16 15 16 16 18 22 22 19 19 16 8 8 4 6 6 6 6 5 3 3 2 
6 6 11 11 11 17 14 14 21 21 20 22 22 26 29 29 23 23 23 24 24 23 15 15 11 11 10 17 17 13 25 25 29 29 14 10 10 9 4 4 6 6 5 1 1 1 
6 6 11 11 11 17 14 14 21 21 20 22 22 26 29 29 23 23 23 24 24 23 15 15 11 11 10 17 17 13 25 25 29 29 14 10 10 9 4 4 6 6 5 1 1 1 
6 6 11 12 12 15 19 19 24 24 22 27 27 32 29 29 29 29 36 27 27 28 18 18 12 12 11 5 5 5 17 17 18 18 15 7 7 6 2 2 6 6 5 1 1 1 
5 5 7 9 9 12 15 15 26 26 26 31 31 29 36 36 34 34 37 51 51 30 20 20 18 18 18 12 12 8 8 8 13 13 5 4 4 4 1 1 0 0 5 0 0 0 
