assets/RAT_results_old/precipitation/2024-05-30_IMERG.asc
ncols        46
nrows        77
xllcorner    74.800261325624
yllcorner    8.058333333333
cellsize     0.062500000000
NODATA_value -9999
5 5 7 19 19 13 9 9 8 8 5 2 2 0 0 0 0 0 0 0 0 0 0 0 0 0 0 0 0 0 0 0 0 0 0 0 0 0 1 1 2 2 4 4 4 5 
10 10 11 12 12 7 7 7 8 8 7 4 4 1 0 0 0 0 0 0 0 0 0 0 0 0 0 0 0 0 0 0 0 0 0 0 0 0 0 0 1 1 2 3 3 4 
10 10 11 12 12 7 7 7 8 8 7 4 4 1 0 0 0 0 0 0 0 0 0 0 0 0 0 0 0 0 0 0 0 0 0 0 0 0 0 0 1 1 2 3 3 4 
6 6 5 7 7 4 5 5 7 7 7 4 4 1 0 0 0 0 0 0 0 0 0 0 0 0 0 0 0 0 0 0 0 0 0 0 0 0 0 0 0 0 1 1 1 2 
10 10 8 6 6 7 19 19 19 19 4 5 5 2 1 1 3 3 1 0 0 0 0 0 0 0 0 0 0 0 0 0 0 0 0 0 0 0 0 0 0 0 0 0 0 0 
10 10 8 6 6 7 19 19 19 19 4 5 5 2 1 1 3 3 1 0 0 0 0 0 0 0 0 0 0 0 0 0 0 0 0 0 0 0 0 0 0 0 0 0 0 0 
14 14 8 11 11 8 13 13 20 20 3 2 2 1 1 1 2 2 1 0 0 0 0 0 0 0 0 0 0 0 0 0 0 0 0 0 0 0 0 0 0 0 0 0 0 0 
14 14 8 11 11 8 13 13 20 20 3 2 2 1 1 1 2 2 1 0 0 0 0 0 0 0 0 0 0 0 0 0 0 0 0 0 0 0 0 0 0 0 0 0 0 0 
16 16 9 15 15 14 10 10 13 13 21 41 41 0 0 0 1 1 0 0 0 0 0 0 0 0 0 0 0 0 0 0 0 0 0 0 0 0 0 0 0 0 0 0 0 0 
17 17 15 23 23 21 19 19 24 24 12 22 22 1 0 0 6 6 0 0 0 0 0 0 0 0 0 0 0 0 0 0 0 0 0 0 0 0 0 0 0 0 0 0 0 0 
17 17 15 23 23 21 19 19 24 24 12 22 22 1 0 0 6 6 0 0 0 0 0 0 0 0 0 0 0 0 0 0 0 0 0 0 0 0 0 0 0 0 0 0 0 0 
23 23 17 24 24 31 24 24 18 18 11 6 6 4 4 4 0 0 0 0 0 0 0 0 0 0 0 0 0 0 0 0 0 0 0 0 0 0 0 0 0 0 0 0 0 0 
31 31 19 28 28 38 27 27 19 19 13 6 6 4 2 2 2 2 0 0 0 0 0 0 0 0 0 0 0 0 0 0 0 0 0 0 0 0 0 0 0 0 0 0 0 0 
31 31 19 28 28 38 27 27 19 19 13 6 6 4 2 2 2 2 0 0 0 0 0 0 0 0 0 0 0 0 0 0 0 0 0 0 0 0 0 0 0 0 0 0 0 0 
40 40 33 26 26 25 31 31 31 31 22 25 25 24 14 14 11 11 3 0 0 0 0 0 0 0 0 0 0 0 0 0 0 0 0 0 0 0 0 0 0 0 0 0 0 0 
40 40 33 26 26 25 31 31 31 31 22 25 25 24 14 14 11 11 3 0 0 0 0 0 0 0 0 0 0 0 0 0 0 0 0 0 0 0 0 0 0 0 0 0 0 0 
41 41 40 23 23 23 26 26 33 33 17 23 23 94 56 56 8 8 0 0 0 0 0 0 0 0 0 0 0 0 0 0 0 0 0 0 0 0 0 0 0 0 0 0 0 0 
26 26 45 46 46 35 26 26 25 25 19 13 13 20 14 14 7 7 7 0 0 0 0 0 0 0 0 0 0 0 0 0 0 0 0 0 0 0 0 0 0 0 0 0 0 0 
26 26 45 46 46 35 26 26 25 25 19 13 13 20 14 14 7 7 7 0 0 0 0 0 0 0 0 0 0 0 0 0 0 0 0 0 0 0 0 0 0 0 0 0 0 0 
22 22 31 52 52 44 26 26 28 28 12 14 14 10 7 7 11 11 10 6 6 0 0 0 0 0 0 0 0 0 0 0 0 0 0 0 0 0 0 0 0 0 0 0 0 0 
19 19 24 37 37 36 29 29 28 28 23 26 26 10 9 9 6 6 9 6 6 0 5 5 0 0 5 0 0 0 0 0 0 0 0 0 0 0 0 0 0 0 0 0 0 0 
19 19 24 37 37 36 29 29 28 28 23 26 26 10 9 9 6 6 9 6 6 0 5 5 0 0 5 0 0 0 0 0 0 0 0 0 0 0 0 0 0 0 0 0 0 0 
20 20 22 23 23 31 34 34 32 32 31 24 24 9 14 14 11 11 5 1 1 6 0 0 0 0 0 0 0 0 0 0 0 0 0 0 0 0 0 0 0 0 0 0 0 0 
20 20 22 23 23 31 34 34 32 32 31 24 24 9 14 14 11 11 5 1 1 6 0 0 0 0 0 0 0 0 0 0 0 0 0 0 0 0 0 0 0 0 0 0 0 0 
21 21 21 21 21 24 25 25 30 30 31 29 29 22 17 17 15 15 7 1 1 0 0 0 0 0 0 0 0 0 0 0 0 0 0 0 0 0 0 0 0 0 0 0 0 0 
26 26 29 31 31 29 26 26 23 23 26 22 22 24 25 25 20 20 9 1 1 0 0 0 0 0 6 0 0 0 0 0 0 0 0 0 0 0 0 0 0 0 0 0 0 0 
26 26 29 31 31 29 26 26 23 23 26 22 22 24 25 25 20 20 9 1 1 0 0 0 0 0 6 0 0 0 0 0 0 0 0 0 0 0 0 0 0 0 0 0 0 0 
27 27 22 20 20 24 31 31 27 27 32 31 31 32 21 21 20 20 15 5 5 1 0 0 0 0 0 0 0 0 0 0 0 0 0 0 0 0 0 0 0 0 0 0 0 0 
23 23 20 21 21 26 30 30 23 23 26 31 31 31 29 29 29 29 22 11 11 2 0 0 0 0 0 0 0 0 0 0 0 0 0 0 0 0 0 0 0 0 0 0 0 0 
23 23 20 21 21 26 30 30 23 23 26 31 31 31 29 29 29 29 22 11 11 2 0 0 0 0 0 0 0 0 0 0 0 0 0 0 0 0 0 0 0 0 0 0 0 0 
16 16 18 17 17 23 27 27 25 25 26 30 30 31 26 26 25 25 24 19 19 21 1 1 0 0 0 0 0 0 0 0 0 0 0 0 0 0 0 0 0 0 0 0 0 0 
16 16 18 17 17 23 27 27 25 25 26 30 30 31 26 26 25 25 24 19 19 21 1 1 0 0 0 0 0 0 0 0 0 0 0 0 0 0 0 0 0 0 0 0 0 0 
14 14 16 16 16 18 23 23 22 22 26 31 31 36 35 35 39 39 34 28 28 15 1 1 0 0 0 0 0 0 0 0 0 0 0 0 0 0 0 0 0 0 0 0 0 0 
14 14 16 19 19 20 25 25 40 40 41 30 30 33 38 38 39 39 42 28 28 18 8 8 0 0 0 0 0 0 0 0 0 0 0 0 0 0 0 0 0 0 0 0 0 0 
14 14 16 19 19 20 25 25 40 40 41 30 30 33 38 38 39 39 42 28 28 18 8 8 0 0 0 0 0 0 0 0 0 0 0 0 0 0 0 0 0 0 0 0 0 0 
20 20 31 42 42 24 29 29 42 42 42 58 58 59 34 34 36 36 28 28 28 24 11 11 8 8 6 0 0 0 0 0 0 0 0 0 0 0 0 0 0 0 0 0 0 0 
41 41 42 56 56 63 60 60 53 53 49 46 46 38 37 37 31 31 9 16 16 19 20 20 18 18 16 8 8 0 0 0 0 0 0 0 0 0 0 0 0 0 0 0 0 0 
41 41 42 56 56 63 60 60 53 53 49 46 46 38 37 37 31 31 9 16 16 19 20 20 18 18 16 8 8 0 0 0 0 0 0 0 0 0 0 0 0 0 0 0 0 0 
45 45 55 81 81 77 60 60 59 59 53 57 57 50 34 34 24 24 15 7 7 18 24 24 17 17 8 10 10 0 0 0 0 0 0 0 0 0 4 4 0 0 0 0 0 0 
45 45 55 81 81 77 60 60 59 59 53 57 57 50 34 34 24 24 15 7 7 18 24 24 17 17 8 10 10 0 0 0 0 0 0 0 0 0 4 4 0 0 0 0 0 0 
47 47 77 83 83 81 68 68 68 68 62 58 58 53 38 38 26 26 16 8 8 17 21 21 11 11 5 2 2 0 0 0 0 0 0 0 0 5 8 8 0 0 0 0 0 0 
50 50 74 83 83 97 76 76 75 75 63 64 64 53 40 40 29 29 18 15 15 9 11 11 6 6 4 2 2 0 0 0 0 0 0 0 0 0 5 5 0 0 0 0 0 0 
50 50 74 83 83 97 76 76 75 75 63 64 64 53 40 40 29 29 18 15 15 9 11 11 6 6 4 2 2 0 0 0 0 0 0 0 0 0 5 5 0 0 0 0 0 0 
54 54 91 95 95 103 96 96 65 65 59 60 60 60 51 51 51 51 22 15 15 9 9 9 7 7 8 4 4 1 0 0 0 0 0 0 0 1 0 0 0 0 0 0 0 0 
53 53 100 116 116 114 101 101 83 83 86 95 95 74 52 52 54 54 37 24 24 18 12 12 9 9 11 6 6 1 0 0 0 0 0 0 0 1 0 0 0 0 0 0 0 0 
53 53 100 116 116 114 101 101 83 83 86 95 95 74 52 52 54 54 37 24 24 18 12 12 9 9 11 6 6 1 0 0 0 0 0 0 0 1 0 0 0 0 0 0 0 0 
50 50 97 113 113 135 104 104 105 105 88 103 103 72 54 54 50 50 33 19 19 17 8 8 19 19 19 17 17 2 1 1 0 0 0 0 0 0 0 0 0 0 0 0 0 0 
50 50 97 113 113 135 104 104 105 105 88 103 103 72 54 54 50 50 33 19 19 17 8 8 19 19 19 17 17 2 1 1 0 0 0 0 0 0 0 0 0 0 0 0 0 0 
45 45 54 87 87 135 131 131 132 132 122 112 112 102 65 65 62 62 35 25 25 18 8 8 18 18 18 18 18 4 2 2 0 0 0 0 0 0 0 0 0 0 0 0 0 0 
50 50 50 78 78 103 106 106 114 114 121 123 123 113 66 66 60 60 36 25 25 18 14 14 8 8 8 16 16 2 1 1 0 0 0 0 0 0 0 0 0 0 1 1 1 1 
50 50 50 78 78 103 106 106 114 114 121 123 123 113 66 66 60 60 36 25 25 18 14 14 8 8 8 16 16 2 1 1 0 0 0 0 0 0 0 0 0 0 1 1 1 1 
52 52 70 80 80 93 99 99 106 106 113 120 120 114 109 109 57 57 50 28 28 19 14 14 5 5 5 3 3 1 0 0 0 0 0 0 0 0 0 0 1 1 3 7 7 3 
59 59 67 81 81 104 102 102 101 101 104 109 109 108 107 107 61 61 56 32 32 25 15 15 5 5 1 1 1 0 0 0 0 0 0 0 0 0 0 0 1 1 2 5 5 3 
59 59 67 81 81 104 102 102 101 101 104 109 109 108 107 107 61 61 56 32 32 25 15 15 5 5 1 1 1 0 0 0 0 0 0 0 0 0 0 0 1 1 2 5 5 3 
60 60 68 75 75 75 95 95 79 79 72 104 104 104 102 102 101 101 71 73 73 35 18 18 5 5 2 1 1 0 0 0 0 0 0 0 0 0 0 0 0 0 2 5 5 2 
60 60 68 75 75 75 95 95 79 79 72 104 104 104 102 102 101 101 71 73 73 35 18 18 5 5 2 1 1 0 0 0 0 0 0 0 0 0 0 0 0 0 2 5 5 2 
64 64 66 78 78 85 94 94 79 79 78 104 104 89 82 82 58 58 69 76 76 47 28 28 21 21 12 7 7 7 0 0 0 0 0 0 0 0 0 0 0 0 1 2 2 1 
70 70 74 82 82 89 103 103 108 108 105 105 105 88 82 82 57 57 62 76 76 74 40 40 24 24 16 9 9 7 1 1 0 0 0 0 0 0 0 0 0 0 0 0 0 1 
70 70 74 82 82 89 103 103 108 108 105 105 105 88 82 82 57 57 62 76 76 74 40 40 24 24 16 9 9 7 1 1 0 0 0 0 0 0 0 0 0 0 0 0 0 1 
71 71 79 80 80 88 97 97 99 99 98 96 96 77 49 49 48 48 48 74 74 59 49 49 43 43 39 37 37 20 18 18 0 0 0 0 0 0 0 0 0 0 0 0 0 0 
70 70 78 78 78 81 87 87 91 91 92 94 94 93 90 90 47 47 43 72 72 70 85 85 55 55 55 38 38 21 19 19 5 5 4 0 0 0 0 0 0 0 0 0 0 0 
70 70 78 78 78 81 87 87 91 91 92 94 94 93 90 90 47 47 43 72 72 70 85 85 55 55 55 38 38 21 19 19 5 5 4 0 0 0 0 0 0 0 0 0 0 0 
70 70 72 76 76 79 81 81 80 80 80 90 90 92 85 85 72 72 73 71 71 69 88 88 55 55 48 29 29 21 20 20 6 6 4 0 0 0 0 0 0 0 0 0 0 0 
70 70 72 76 76 79 81 81 80 80 80 90 90 92 85 85 72 72 73 71 71 69 88 88 55 55 48 29 29 21 20 20 6 6 4 0 0 0 0 0 0 0 0 0 0 0 
71 71 75 77 77 81 82 82 81 81 78 88 88 66 67 67 33 33 70 69 69 69 72 72 48 48 20 18 18 8 20 20 6 6 0 0 0 0 0 0 0 0 0 0 0 0 
58 58 74 81 81 82 84 84 83 83 82 84 84 76 64 64 29 29 27 27 27 33 21 21 21 21 23 18 18 8 2 2 2 2 0 0 0 0 0 0 0 0 0 0 0 0 
58 58 74 81 81 82 84 84 83 83 82 84 84 76 64 64 29 29 27 27 27 33 21 21 21 21 23 18 18 8 2 2 2 2 0 0 0 0 0 0 0 0 0 0 0 0 
48 48 60 68 68 75 76 76 80 80 78 83 83 76 76 76 15 15 13 27 27 33 19 19 21 21 20 13 13 9 2 2 2 2 0 0 0 0 0 0 0 0 0 0 0 0 
40 40 48 59 59 68 72 72 72 72 74 66 66 53 13 13 15 15 13 13 13 15 12 12 12 12 19 22 22 18 2 2 0 0 0 0 0 0 0 0 0 0 0 0 0 0 
40 40 48 59 59 68 72 72 72 72 74 66 66 53 13 13 15 15 13 13 13 15 12 12 12 12 19 22 22 18 2 2 0 0 0 0 0 0 0 0 0 0 0 0 0 0 
31 31 38 44 44 57 70 70 65 65 63 53 53 42 22 22 13 13 13 12 12 12 11 11 13 13 17 23 23 9 2 2 1 1 0 0 0 0 0 0 0 0 0 0 0 0 
31 31 38 44 44 57 70 70 65 65 63 53 53 42 22 22 13 13 13 12 12 12 11 11 13 13 17 23 23 9 2 2 1 1 0 0 0 0 0 0 0 0 0 0 0 0 
23 23 28 33 33 43 53 53 56 56 51 42 42 37 27 27 20 20 17 15 15 12 9 9 9 9 10 19 19 13 4 4 1 1 1 0 0 0 0 0 0 0 0 0 0 0 
18 18 21 27 27 30 40 40 49 49 52 48 48 40 35 35 27 27 23 16 16 11 9 9 5 5 9 11 11 8 4 4 2 2 4 4 4 1 0 0 0 0 0 0 0 0 
18 18 21 27 27 30 40 40 49 49 52 48 48 40 35 35 27 27 23 16 16 11 9 9 5 5 9 11 11 8 4 4 2 2 4 4 4 1 0 0 0 0 0 0 0 0 
15 15 18 22 22 26 29 29 40 40 47 44 44 39 37 37 28 28 22 16 16 12 9 9 5 5 6 9 9 6 4 4 3 3 4 4 4 1 1 1 0 0 0 0 0 0 
14 14 15 18 18 20 27 27 29 29 31 33 33 36 36 36 30 30 22 17 17 13 8 8 7 7 7 8 8 9 6 6 4 4 3 3 3 1 1 1 0 0 0 0 0 0 
