assets/RAT_results_old/precipitation/2024-10-16_IMERG.asc
ncols        46
nrows        77
xllcorner    74.800261325624
yllcorner    8.058333333333
cellsize     0.062500000000
NODATA_value -9999
27 27 28 31 31 29 26 26 20 20 16 12 12 10 9 9 6 6 4 1 1 1 0 0 0 0 0 0 0 0 1 1 1 1 2 3 3 4 5 5 6 6 6 6 6 3 
19 19 19 23 23 22 25 25 18 18 14 12 12 8 9 9 5 5 3 1 1 0 0 0 0 0 0 0 0 1 0 0 1 1 1 3 3 4 5 5 5 5 5 4 4 3 
19 19 19 23 23 22 25 25 18 18 14 12 12 8 9 9 5 5 3 1 1 0 0 0 0 0 0 0 0 1 0 0 1 1 1 3 3 4 5 5 5 5 5 4 4 3 
15 15 16 18 18 20 23 23 19 19 14 13 13 13 11 11 8 8 6 3 3 2 1 1 1 1 1 1 1 1 0 0 1 1 1 3 3 4 4 4 4 4 3 2 2 1 
14 14 16 19 19 20 21 21 20 20 18 20 20 16 14 14 12 12 9 7 7 5 4 4 3 3 3 3 3 2 1 1 1 1 1 3 3 4 3 3 3 3 2 1 1 0 
14 14 16 19 19 20 21 21 20 20 18 20 20 16 14 14 12 12 9 7 7 5 4 4 3 3 3 3 3 2 1 1 1 1 1 3 3 4 3 3 3 3 2 1 1 0 
12 12 19 19 19 22 21 21 26 26 19 21 21 16 13 13 10 10 9 7 7 6 6 6 5 5 4 4 4 3 2 2 2 2 2 3 3 4 3 3 3 3 1 1 1 1 
12 12 19 19 19 22 21 21 26 26 19 21 21 16 13 13 10 10 9 7 7 6 6 6 5 5 4 4 4 3 2 2 2 2 2 3 3 4 3 3 3 3 1 1 1 1 
10 10 13 13 13 15 15 15 16 16 17 17 17 16 11 11 9 9 7 5 5 5 6 6 6 6 5 5 5 3 2 2 3 3 3 2 2 2 2 2 2 2 1 1 1 1 
12 12 12 12 12 14 14 14 14 14 12 13 13 11 10 10 9 9 6 4 4 3 5 5 5 5 4 4 4 3 4 4 5 5 5 4 4 3 2 2 1 1 0 1 1 1 
12 12 12 12 12 14 14 14 14 14 12 13 13 11 10 10 9 9 6 4 4 3 5 5 5 5 4 4 4 3 4 4 5 5 5 4 4 3 2 2 1 1 0 1 1 1 
11 11 11 11 11 9 8 8 9 9 9 7 7 9 7 7 10 10 7 5 5 5 2 2 4 4 4 3 3 3 4 4 5 5 5 4 4 3 1 1 0 0 0 1 1 1 
13 13 9 9 9 7 4 4 4 4 4 4 4 4 5 5 7 7 7 7 7 4 4 4 4 4 3 2 2 2 4 4 6 6 6 4 4 2 1 1 0 0 0 1 1 1 
13 13 9 9 9 7 4 4 4 4 4 4 4 4 5 5 7 7 7 7 7 4 4 4 4 4 3 2 2 2 4 4 6 6 6 4 4 2 1 1 0 0 0 1 1 1 
16 16 15 12 12 11 9 9 7 7 8 6 6 5 5 5 4 4 6 6 6 4 5 5 4 4 2 1 1 1 1 1 4 4 3 2 2 1 0 0 0 0 0 1 1 1 
16 16 15 12 12 11 9 9 7 7 8 6 6 5 5 5 4 4 6 6 6 4 5 5 4 4 2 1 1 1 1 1 4 4 3 2 2 1 0 0 0 0 0 1 1 1 
20 20 18 21 21 14 15 15 11 11 10 10 10 7 7 7 7 7 6 7 7 5 6 6 5 5 2 1 1 2 3 3 3 3 2 1 1 1 0 0 0 0 0 1 1 1 
29 29 25 26 26 23 24 24 25 25 19 16 16 15 14 14 13 13 10 9 9 6 7 7 3 3 1 0 0 2 3 3 4 4 1 0 0 1 0 0 1 1 1 0 0 0 
29 29 25 26 26 23 24 24 25 25 19 16 16 15 14 14 13 13 10 9 9 6 7 7 3 3 1 0 0 2 3 3 4 4 1 0 0 1 0 0 1 1 1 0 0 0 
32 32 28 22 22 21 17 17 19 19 24 10 10 10 9 9 7 7 6 5 5 4 7 7 5 5 2 1 1 3 3 3 4 4 2 1 1 2 2 2 2 2 1 0 0 0 
39 39 32 31 31 25 22 22 21 21 22 15 15 14 13 13 10 10 8 5 5 7 6 6 7 7 4 4 4 4 2 2 1 1 1 0 0 1 2 2 2 2 2 1 1 0 
39 39 32 31 31 25 22 22 21 21 22 15 15 14 13 13 10 10 8 5 5 7 6 6 7 7 4 4 4 4 2 2 1 1 1 0 0 1 2 2 2 2 2 1 1 0 
35 35 37 34 34 28 21 21 22 22 19 19 19 14 12 12 7 7 6 3 3 3 4 4 4 4 4 5 5 3 3 3 2 2 1 1 1 1 1 1 0 0 0 0 0 0 
35 35 37 34 34 28 21 21 22 22 19 19 19 14 12 12 7 7 6 3 3 3 4 4 4 4 4 5 5 3 3 3 2 2 1 1 1 1 1 1 0 0 0 0 0 0 
32 32 26 22 22 19 16 16 15 15 14 14 14 19 19 19 20 20 16 13 13 11 10 10 10 10 6 5 5 4 2 2 2 2 1 0 0 0 0 0 0 0 0 0 0 0 
29 29 23 20 20 14 15 15 14 14 12 13 13 15 16 16 17 17 14 13 13 10 12 12 10 10 7 6 6 4 3 3 1 1 1 0 0 0 0 0 0 0 0 0 0 0 
29 29 23 20 20 14 15 15 14 14 12 13 13 15 16 16 17 17 14 13 13 10 12 12 10 10 7 6 6 4 3 3 1 1 1 0 0 0 0 0 0 0 0 0 0 0 
26 26 21 19 19 15 11 11 12 12 13 11 11 13 13 13 13 13 14 12 12 15 11 11 10 10 9 4 4 2 2 2 1 1 0 0 0 0 0 0 0 0 0 0 0 0 
14 14 12 13 13 11 11 11 11 11 17 14 14 13 16 16 12 12 14 11 11 9 9 9 6 6 6 3 3 2 1 1 0 0 0 0 0 0 0 0 0 0 0 0 0 0 
14 14 12 13 13 11 11 11 11 11 17 14 14 13 16 16 12 12 14 11 11 9 9 9 6 6 6 3 3 2 1 1 0 0 0 0 0 0 0 0 0 0 0 0 0 0 
10 10 10 11 11 12 13 13 14 14 14 12 12 13 12 12 15 15 12 17 17 12 10 10 8 8 7 5 5 2 0 0 0 0 0 0 0 0 0 0 0 0 0 0 0 0 
10 10 10 11 11 12 13 13 14 14 14 12 12 13 12 12 15 15 12 17 17 12 10 10 8 8 7 5 5 2 0 0 0 0 0 0 0 0 0 0 0 0 0 0 0 0 
23 23 8 9 9 9 10 10 12 12 12 12 12 12 14 14 16 16 18 18 18 13 13 13 11 11 9 12 12 3 1 1 1 1 1 0 0 0 1 1 1 1 0 0 0 0 
14 14 22 7 7 21 7 7 22 22 8 25 25 8 17 17 11 11 15 19 19 21 20 20 16 16 12 12 12 7 4 4 2 2 3 2 2 3 3 3 3 3 1 0 0 1 
14 14 22 7 7 21 7 7 22 22 8 25 25 8 17 17 11 11 15 19 19 21 20 20 16 16 12 12 12 7 4 4 2 2 3 2 2 3 3 3 3 3 1 0 0 1 
26 26 31 18 18 19 10 10 24 24 8 16 16 8 17 17 11 11 14 17 17 27 15 15 11 11 11 10 10 9 5 5 3 3 3 3 3 2 2 2 2 2 1 1 1 1 
34 34 35 26 26 33 28 28 52 52 46 55 55 30 34 34 29 29 30 17 17 15 19 19 10 10 12 13 13 8 4 4 3 3 2 2 2 2 1 1 1 1 0 1 1 0 
34 34 35 26 26 33 28 28 52 52 46 55 55 30 34 34 29 29 30 17 17 15 19 19 10 10 12 13 13 8 4 4 3 3 2 2 2 2 1 1 1 1 0 1 1 0 
46 46 42 47 47 25 21 21 24 24 21 17 17 18 16 16 13 13 15 14 14 13 11 11 12 12 13 9 9 8 8 8 5 5 4 7 7 5 3 3 1 1 1 1 1 1 
46 46 42 47 47 25 21 21 24 24 21 17 17 18 16 16 13 13 15 14 14 13 11 11 12 12 13 9 9 8 8 8 5 5 4 7 7 5 3 3 1 1 1 1 1 1 
22 22 35 33 33 45 49 49 26 26 46 20 20 42 18 18 37 37 17 16 16 15 15 15 16 16 15 10 10 11 11 11 11 11 11 11 11 9 7 7 4 4 5 1 1 1 
25 25 24 32 32 30 29 29 27 27 21 20 20 21 20 20 18 18 16 15 15 13 14 14 17 17 17 11 11 11 8 8 7 7 10 10 10 9 7 7 8 8 6 2 2 1 
25 25 24 32 32 30 29 29 27 27 21 20 20 21 20 20 18 18 16 15 15 13 14 14 17 17 17 11 11 11 8 8 7 7 10 10 10 9 7 7 8 8 6 2 2 1 
16 16 20 23 23 22 25 25 23 23 25 24 24 25 20 20 21 21 15 16 16 12 16 16 14 14 14 10 10 9 11 11 10 10 10 11 11 9 9 9 7 7 5 1 1 1 
18 18 16 24 24 21 27 27 26 26 31 28 28 30 27 27 26 26 17 19 19 12 14 14 9 9 7 5 5 6 10 10 9 9 7 7 7 5 5 5 5 5 2 1 1 1 
18 18 16 24 24 21 27 27 26 26 31 28 28 30 27 27 26 26 17 19 19 12 14 14 9 9 7 5 5 6 10 10 9 9 7 7 7 5 5 5 5 5 2 1 1 1 
16 16 19 22 22 23 27 27 31 31 34 33 33 34 30 30 31 31 23 22 22 15 18 18 12 12 13 8 8 9 8 8 6 6 4 3 3 4 3 3 1 1 1 0 0 0 
16 16 19 22 22 23 27 27 31 31 34 33 33 34 30 30 31 31 23 22 22 15 18 18 12 12 13 8 8 9 8 8 6 6 4 3 3 4 3 3 1 1 1 0 0 0 
10 10 19 20 20 22 24 24 28 28 41 48 48 42 38 38 39 39 38 32 32 26 21 21 18 18 16 14 14 11 10 10 7 7 3 2 2 1 1 1 1 1 1 0 0 0 
8 8 11 14 14 17 20 20 25 25 30 39 39 37 38 38 43 43 38 29 29 23 22 22 17 17 16 19 19 15 10 10 8 8 4 3 3 2 1 1 1 1 1 1 1 1 
8 8 11 14 14 17 20 20 25 25 30 39 39 37 38 38 43 43 38 29 29 23 22 22 17 17 16 19 19 15 10 10 8 8 4 3 3 2 1 1 1 1 1 1 1 1 
7 7 8 11 11 15 18 18 21 21 25 26 26 28 25 25 19 19 21 17 17 20 16 16 13 13 15 17 17 12 7 7 4 4 3 3 3 2 1 1 2 2 1 1 1 1 
5 5 6 8 8 10 9 9 11 11 13 16 16 20 21 21 14 14 17 13 13 14 10 10 10 10 12 8 8 6 3 3 2 2 2 2 2 2 2 2 2 2 1 1 1 1 
5 5 6 8 8 10 9 9 11 11 13 16 16 20 21 21 14 14 17 13 13 14 10 10 10 10 12 8 8 6 3 3 2 2 2 2 2 2 2 2 2 2 1 1 1 1 
3 3 5 6 6 7 8 8 8 8 10 11 11 15 19 19 15 15 12 10 10 7 8 8 5 5 4 4 4 4 2 2 2 2 3 3 3 2 3 3 2 2 2 1 1 1 
3 3 5 6 6 7 8 8 8 8 10 11 11 15 19 19 15 15 12 10 10 7 8 8 5 5 4 4 4 4 2 2 2 2 3 3 3 2 3 3 2 2 2 1 1 1 
1 1 2 3 3 5 6 6 6 6 8 9 9 10 8 8 7 7 9 7 7 7 6 6 5 5 3 4 4 3 2 2 3 3 3 2 2 3 3 3 3 3 3 2 2 2 
0 0 1 2 2 4 6 6 5 5 5 6 6 7 6 6 5 5 5 4 4 5 4 4 2 2 2 4 4 4 4 4 5 5 4 4 4 4 3 3 3 3 2 2 2 1 
0 0 1 2 2 4 6 6 5 5 5 6 6 7 6 6 5 5 5 4 4 5 4 4 2 2 2 4 4 4 4 4 5 5 4 4 4 4 3 3 3 3 2 2 2 1 
0 0 1 1 1 2 2 2 3 3 2 4 4 4 6 6 4 4 6 4 4 5 3 3 3 3 4 3 3 7 5 5 5 5 4 4 4 3 2 2 1 1 1 1 1 1 
0 0 1 2 2 2 3 3 2 2 3 3 3 4 6 6 6 6 8 7 7 5 4 4 3 3 2 1 1 4 2 2 2 2 4 2 2 1 1 1 0 0 0 0 0 0 
0 0 1 2 2 2 3 3 2 2 3 3 3 4 6 6 6 6 8 7 7 5 4 4 3 3 2 1 1 4 2 2 2 2 4 2 2 1 1 1 0 0 0 0 0 0 
1 1 2 3 3 3 4 4 2 2 3 2 2 4 5 5 6 6 7 7 7 7 5 5 5 5 3 4 4 5 4 4 2 2 0 1 1 1 1 1 0 0 0 0 0 0 
1 1 2 3 3 3 4 4 2 2 3 2 2 4 5 5 6 6 7 7 7 7 5 5 5 5 3 4 4 5 4 4 2 2 0 1 1 1 1 1 0 0 0 0 0 0 
1 1 1 2 2 3 3 3 1 1 2 1 1 3 2 2 5 5 5 7 7 6 6 6 6 6 4 5 5 9 7 7 4 4 3 3 3 3 1 1 0 0 0 0 0 0 
1 1 1 2 2 2 2 2 2 2 2 2 2 2 3 3 5 5 6 6 6 6 5 5 4 4 3 2 2 5 7 7 6 6 7 4 4 3 2 2 0 0 0 0 0 0 
1 1 1 2 2 2 2 2 2 2 2 2 2 2 3 3 5 5 6 6 6 6 5 5 4 4 3 2 2 5 7 7 6 6 7 4 4 3 2 2 0 0 0 0 0 0 
1 1 1 1 1 1 2 2 1 1 2 1 1 1 2 2 6 6 6 7 7 7 5 5 7 7 4 1 1 6 3 3 3 3 5 3 3 3 3 3 1 1 0 0 0 0 
0 0 0 1 1 0 0 0 0 0 0 1 1 1 2 2 3 3 5 6 6 7 4 4 5 5 3 2 2 2 2 2 2 2 1 2 2 1 1 1 1 1 0 0 0 0 
0 0 0 1 1 0 0 0 0 0 0 1 1 1 2 2 3 3 5 6 6 7 4 4 5 5 3 2 2 2 2 2 2 2 1 2 2 1 1 1 1 1 0 0 0 0 
0 0 0 0 0 0 0 0 0 0 0 0 0 0 1 1 1 1 1 2 2 3 3 3 2 2 2 1 1 1 1 1 0 0 1 1 1 4 1 1 0 0 0 0 0 0 
0 0 0 0 0 0 0 0 0 0 0 0 0 0 1 1 1 1 1 2 2 3 3 3 2 2 2 1 1 1 1 1 0 0 1 1 1 4 1 1 0 0 0 0 0 0 
0 0 0 0 0 0 0 0 0 0 0 0 0 0 0 0 0 0 0 1 1 0 2 2 1 1 0 0 0 0 0 0 0 0 2 3 3 2 0 0 0 0 0 0 0 0 
0 0 0 0 0 0 0 0 0 0 0 0 0 0 0 0 0 0 0 0 0 0 1 1 1 1 0 1 1 1 1 1 1 1 1 3 3 3 0 0 0 0 0 0 0 0 
0 0 0 0 0 0 0 0 0 0 0 0 0 0 0 0 0 0 0 0 0 0 1 1 1 1 0 1 1 1 1 1 1 1 1 3 3 3 0 0 0 0 0 0 0 0 
0 0 0 0 0 0 0 0 0 0 0 0 0 0 0 0 0 0 0 0 0 0 0 0 1 1 1 0 0 0 0 0 0 0 0 1 1 1 2 2 1 1 0 0 0 0 
0 0 0 0 0 0 0 0 0 0 0 0 0 0 0 0 0 0 0 0 0 0 0 0 0 0 0 1 1 0 0 0 0 0 1 0 0 0 0 0 0 0 0 0 0 0 
