assets/RAT_results_old/precipitation/2024-10-02_IMERG.asc
ncols        46
nrows        77
xllcorner    74.800261325624
yllcorner    8.058333333333
cellsize     0.062500000000
NODATA_value -9999
1 1 1 0 0 0 0 0 0 0 0 0 0 0 0 0 0 0 0 1 1 2 4 4 6 6 4 5 5 8 12 12 17 17 19 25 25 22 15 15 17 17 19 26 26 26 
2 2 1 0 0 1 0 0 0 0 0 0 0 1 1 1 5 5 2 2 2 5 3 3 5 5 5 7 7 9 12 12 21 21 22 17 17 17 17 17 20 20 20 22 22 21 
2 2 1 0 0 1 0 0 0 0 0 0 0 1 1 1 5 5 2 2 2 5 3 3 5 5 5 7 7 9 12 12 21 21 22 17 17 17 17 17 20 20 20 22 22 21 
1 1 0 0 0 1 1 1 1 1 1 2 2 2 1 1 5 5 2 3 3 4 3 3 5 5 7 8 8 10 15 15 27 27 29 18 18 17 18 18 17 17 18 18 18 16 
1 1 0 0 0 1 1 1 1 1 2 2 2 1 1 1 2 2 2 2 2 5 4 4 8 8 10 12 12 13 18 18 20 20 22 25 25 22 21 21 33 33 28 25 25 20 
1 1 0 0 0 1 1 1 1 1 2 2 2 1 1 1 2 2 2 2 2 5 4 4 8 8 10 12 12 13 18 18 20 20 22 25 25 22 21 21 33 33 28 25 25 20 
0 0 1 0 0 1 2 2 1 1 0 1 1 0 1 1 2 2 2 2 2 3 7 7 7 7 11 15 15 18 24 24 26 26 28 28 28 36 33 33 34 34 28 27 27 18 
0 0 1 0 0 1 2 2 1 1 0 1 1 0 1 1 2 2 2 2 2 3 7 7 7 7 11 15 15 18 24 24 26 26 28 28 28 36 33 33 34 34 28 27 27 18 
0 0 0 0 0 0 2 2 1 1 1 0 0 0 0 0 2 2 2 3 3 3 5 5 7 7 12 15 15 17 24 24 34 34 32 34 34 36 28 28 28 28 23 19 19 15 
0 0 0 1 1 1 1 1 1 1 0 0 0 0 1 1 1 1 2 2 2 2 2 2 4 4 8 15 15 19 30 30 31 31 36 42 42 45 39 39 32 32 27 17 17 8 
0 0 0 1 1 1 1 1 1 1 0 0 0 0 1 1 1 1 2 2 2 2 2 2 4 4 8 15 15 19 30 30 31 31 36 42 42 45 39 39 32 32 27 17 17 8 
0 0 1 2 2 1 1 1 0 0 0 0 0 1 1 1 2 2 2 2 2 3 3 3 5 5 9 14 14 21 30 30 37 37 45 43 43 40 31 31 23 23 18 15 15 8 
0 0 1 1 1 2 1 1 1 1 1 1 1 1 1 1 1 1 1 2 2 3 3 3 6 6 8 13 13 28 29 29 51 51 43 44 44 34 28 28 22 22 17 15 15 8 
0 0 1 1 1 2 1 1 1 1 1 1 1 1 1 1 1 1 1 2 2 3 3 3 6 6 8 13 13 28 29 29 51 51 43 44 44 34 28 28 22 22 17 15 15 8 
0 0 0 0 0 0 0 0 1 1 1 0 0 0 0 0 1 1 1 1 1 2 2 2 5 5 8 12 12 23 35 35 26 26 32 27 27 26 22 22 21 21 16 12 12 5 
0 0 0 0 0 0 0 0 1 1 1 0 0 0 0 0 1 1 1 1 1 2 2 2 5 5 8 12 12 23 35 35 26 26 32 27 27 26 22 22 21 21 16 12 12 5 
0 0 0 0 0 0 0 0 1 1 1 1 1 0 0 0 1 1 1 1 1 1 2 2 2 2 12 9 9 18 15 15 17 17 18 21 21 24 19 19 20 20 16 9 9 6 
0 0 0 0 0 0 1 1 1 1 1 2 2 1 0 0 0 0 0 0 0 0 0 0 3 3 11 3 3 5 11 11 13 13 15 16 16 17 18 18 19 19 19 14 14 11 
0 0 0 0 0 0 1 1 1 1 1 2 2 1 0 0 0 0 0 0 0 0 0 0 3 3 11 3 3 5 11 11 13 13 15 16 16 17 18 18 19 19 19 14 14 11 
0 0 0 1 1 1 2 2 1 1 2 2 2 1 0 0 0 0 0 0 0 0 2 2 10 10 9 1 1 1 7 7 7 7 5 7 7 10 13 13 18 18 20 13 13 9 
1 1 2 2 2 2 6 6 4 4 3 4 4 2 1 1 0 0 0 0 0 1 7 7 15 15 2 0 0 1 5 5 4 4 8 8 8 6 10 10 17 17 16 11 11 11 
1 1 2 2 2 2 6 6 4 4 3 4 4 2 1 1 0 0 0 0 0 1 7 7 15 15 2 0 0 1 5 5 4 4 8 8 8 6 10 10 17 17 16 11 11 11 
3 3 3 4 4 8 7 7 8 8 8 5 5 2 1 1 1 1 0 0 0 1 2 2 13 13 12 2 2 8 10 10 8 8 2 1 1 4 4 4 7 7 10 12 12 12 
3 3 3 4 4 8 7 7 8 8 8 5 5 2 1 1 1 1 0 0 0 1 2 2 13 13 12 2 2 8 10 10 8 8 2 1 1 4 4 4 7 7 10 12 12 12 
4 4 6 8 8 8 11 11 7 7 13 7 7 2 1 1 1 1 1 0 0 0 2 2 2 2 7 7 7 6 9 9 2 2 0 1 1 3 3 3 7 7 6 7 7 11 
5 5 6 5 5 9 9 9 10 10 6 4 4 1 1 1 0 0 1 0 0 0 0 0 1 1 6 11 11 6 3 3 1 1 1 2 2 2 1 1 2 2 5 6 6 7 
5 5 6 5 5 9 9 9 10 10 6 4 4 1 1 1 0 0 1 0 0 0 0 0 1 1 6 11 11 6 3 3 1 1 1 2 2 2 1 1 2 2 5 6 6 7 
8 8 5 6 6 10 13 13 10 10 6 4 4 0 1 1 1 1 1 1 1 0 0 0 0 0 1 1 1 1 2 2 1 1 0 1 1 2 0 0 1 1 5 6 6 3 
9 9 5 5 5 8 10 10 6 6 6 8 8 0 1 1 3 3 2 1 1 0 0 0 1 1 1 1 1 1 2 2 1 1 2 3 3 1 0 0 2 2 6 6 6 1 
9 9 5 5 5 8 10 10 6 6 6 8 8 0 1 1 3 3 2 1 1 0 0 0 1 1 1 1 1 1 2 2 1 1 2 3 3 1 0 0 2 2 6 6 6 1 
6 6 5 4 4 4 3 3 4 4 5 5 5 1 2 2 6 6 1 1 1 1 0 0 1 1 2 3 3 1 2 2 0 0 2 3 3 2 0 0 3 3 7 5 5 0 
6 6 5 4 4 4 3 3 4 4 5 5 5 1 2 2 6 6 1 1 1 1 0 0 1 1 2 3 3 1 2 2 0 0 2 3 3 2 0 0 3 3 7 5 5 0 
6 6 5 6 6 4 4 4 3 3 4 3 3 2 3 3 9 9 1 1 1 1 1 1 1 1 2 1 1 1 1 1 0 0 1 1 1 0 0 0 3 3 9 6 6 1 
7 7 6 6 6 7 5 5 3 3 3 3 3 2 1 1 2 2 2 1 1 1 3 3 2 2 0 1 1 2 1 1 0 0 1 2 2 8 7 7 3 3 6 3 3 1 
7 7 6 6 6 7 5 5 3 3 3 3 3 2 1 1 2 2 2 1 1 1 3 3 2 2 0 1 1 2 1 1 0 0 1 2 2 8 7 7 3 3 6 3 3 1 
9 9 6 8 8 7 5 5 3 3 2 2 2 2 1 1 1 1 3 1 1 2 10 10 16 16 1 2 2 3 2 2 1 1 2 2 2 11 7 7 3 3 3 3 3 1 
11 11 9 9 9 8 5 5 3 3 3 3 3 4 2 2 1 1 1 1 1 2 10 10 13 13 3 4 4 6 5 5 7 7 12 16 16 13 17 17 3 3 2 1 1 0 
11 11 9 9 9 8 5 5 3 3 3 3 3 4 2 2 1 1 1 1 1 2 10 10 13 13 3 4 4 6 5 5 7 7 12 16 16 13 17 17 3 3 2 1 1 0 
11 11 11 9 9 8 6 6 4 4 4 3 3 5 3 3 0 0 1 2 2 2 11 11 12 12 2 5 5 9 7 7 8 8 7 44 44 17 17 17 5 5 1 1 1 0 
11 11 11 9 9 8 6 6 4 4 4 3 3 5 3 3 0 0 1 2 2 2 11 11 12 12 2 5 5 9 7 7 8 8 7 44 44 17 17 17 5 5 1 1 1 0 
9 9 10 10 10 10 7 7 5 5 6 4 4 6 4 4 1 1 1 1 1 2 12 12 13 13 2 3 3 7 7 7 8 8 9 25 25 40 13 13 6 6 0 0 0 0 
5 5 7 8 8 7 7 7 6 6 11 10 10 9 9 9 5 5 0 2 2 2 9 9 9 9 1 2 2 5 7 7 14 14 23 11 11 18 9 9 0 0 1 0 0 0 
5 5 7 8 8 7 7 7 6 6 11 10 10 9 9 9 5 5 0 2 2 2 9 9 9 9 1 2 2 5 7 7 14 14 23 11 11 18 9 9 0 0 1 0 0 0 
4 4 5 5 5 5 6 6 7 7 11 14 14 10 10 10 8 8 1 1 1 1 5 5 4 4 1 1 1 3 7 7 12 12 20 15 15 17 9 9 4 4 0 0 0 0 
2 2 5 4 4 4 5 5 4 4 6 10 10 12 11 11 11 11 1 0 0 1 2 2 1 1 0 1 1 1 4 4 8 8 10 23 23 17 7 7 1 1 0 0 0 0 
2 2 5 4 4 4 5 5 4 4 6 10 10 12 11 11 11 11 1 0 0 1 2 2 1 1 0 1 1 1 4 4 8 8 10 23 23 17 7 7 1 1 0 0 0 0 
1 1 2 3 3 3 4 4 4 4 5 10 10 10 6 6 8 8 4 1 1 1 1 1 0 0 0 0 0 1 5 5 6 6 6 9 9 9 5 5 1 1 0 0 0 0 
1 1 2 3 3 3 4 4 4 4 5 10 10 10 6 6 8 8 4 1 1 1 1 1 0 0 0 0 0 1 5 5 6 6 6 9 9 9 5 5 1 1 0 0 0 0 
1 1 1 1 1 1 3 3 3 3 4 8 8 14 6 6 4 4 2 3 3 1 1 1 0 0 1 0 0 1 3 3 4 4 5 8 8 8 4 4 0 0 0 0 0 0 
1 1 1 2 2 1 2 2 3 3 4 6 6 16 11 11 3 3 3 3 3 4 1 1 0 0 1 1 1 0 1 1 2 2 2 5 5 4 7 7 0 0 0 0 0 0 
1 1 1 2 2 1 2 2 3 3 4 6 6 16 11 11 3 3 3 3 3 4 1 1 0 0 1 1 1 0 1 1 2 2 2 5 5 4 7 7 0 0 0 0 0 0 
1 1 1 2 2 2 2 2 3 3 4 7 7 14 14 14 7 7 5 7 7 10 5 5 2 2 1 1 1 1 1 1 3 3 1 2 2 2 2 2 0 0 0 0 0 0 
2 2 2 2 2 2 1 1 3 3 6 6 6 10 15 15 7 7 5 12 12 21 4 4 2 2 1 1 1 1 1 1 1 1 2 3 3 2 2 2 0 0 0 0 0 0 
2 2 2 2 2 2 1 1 3 3 6 6 6 10 15 15 7 7 5 12 12 21 4 4 2 2 1 1 1 1 1 1 1 1 2 3 3 2 2 2 0 0 0 0 0 0 
3 3 1 2 2 2 3 3 4 4 6 9 9 11 16 16 12 12 4 3 3 13 4 4 2 2 2 2 2 1 2 2 1 1 3 5 5 3 3 3 0 0 0 0 0 0 
3 3 1 2 2 2 3 3 4 4 6 9 9 11 16 16 12 12 4 3 3 13 4 4 2 2 2 2 2 1 2 2 1 1 3 5 5 3 3 3 0 0 0 0 0 0 
3 3 2 2 2 3 4 4 6 6 11 9 9 13 21 21 14 14 2 4 4 8 8 8 2 2 3 2 2 2 2 2 1 1 3 5 5 4 3 3 1 1 0 0 0 0 
7 7 2 2 2 2 3 3 7 7 13 11 11 13 21 21 14 14 6 3 3 25 33 33 4 4 5 3 3 2 2 2 1 1 2 4 4 5 4 4 4 4 3 2 2 0 
7 7 2 2 2 2 3 3 7 7 13 11 11 13 21 21 14 14 6 3 3 25 33 33 4 4 5 3 3 2 2 2 1 1 2 4 4 5 4 4 4 4 3 2 2 0 
7 7 3 2 2 1 2 2 7 7 9 9 9 12 16 16 17 17 11 6 6 17 35 35 9 9 7 4 4 4 2 2 2 2 2 5 5 7 6 6 8 8 5 3 3 0 
6 6 4 2 2 2 2 2 5 5 6 8 8 11 13 13 11 11 13 5 5 9 21 21 12 12 5 3 3 5 3 3 2 2 4 7 7 8 11 11 11 11 5 3 3 0 
6 6 4 2 2 2 2 2 5 5 6 8 8 11 13 13 11 11 13 5 5 9 21 21 12 12 5 3 3 5 3 3 2 2 4 7 7 8 11 11 11 11 5 3 3 0 
6 6 5 3 3 3 3 3 6 6 7 8 8 9 10 10 8 8 10 4 4 14 24 24 19 19 5 3 3 10 5 5 2 2 5 7 7 9 11 11 13 13 6 3 3 0 
6 6 5 3 3 3 3 3 6 6 7 8 8 9 10 10 8 8 10 4 4 14 24 24 19 19 5 3 3 10 5 5 2 2 5 7 7 9 11 11 13 13 6 3 3 0 
5 5 5 3 3 4 4 4 6 6 7 9 9 8 8 8 7 7 11 5 5 8 28 28 27 27 10 8 8 14 7 7 2 2 5 7 7 8 11 11 13 13 6 2 2 0 
4 4 3 4 4 5 4 4 5 5 7 6 6 5 7 7 6 6 7 5 5 9 15 15 15 15 19 19 19 33 11 11 5 5 5 5 5 7 9 9 9 9 5 1 1 0 
4 4 3 4 4 5 4 4 5 5 7 6 6 5 7 7 6 6 7 5 5 9 15 15 15 15 19 19 19 33 11 11 5 5 5 5 5 7 9 9 9 9 5 1 1 0 
5 5 3 5 5 4 4 4 5 5 6 7 7 7 6 6 7 7 5 5 5 9 15 15 15 15 26 15 15 32 17 17 12 12 7 4 4 7 9 9 9 9 4 0 0 0 
5 5 5 4 4 4 4 4 5 5 6 7 7 9 7 7 6 6 6 7 7 12 15 15 19 19 23 19 19 34 49 49 22 22 12 7 7 8 8 8 7 7 2 0 0 0 
5 5 5 4 4 4 4 4 5 5 6 7 7 9 7 7 6 6 6 7 7 12 15 15 19 19 23 19 19 34 49 49 22 22 12 7 7 8 8 8 7 7 2 0 0 0 
6 6 7 4 4 3 4 4 5 5 6 8 8 11 7 7 10 10 10 11 11 14 18 18 24 24 23 28 28 38 84 84 47 47 20 18 18 8 7 7 5 5 3 0 0 0 
6 6 7 4 4 3 4 4 5 5 6 8 8 11 7 7 10 10 10 11 11 14 18 18 24 24 23 28 28 38 84 84 47 47 20 18 18 8 7 7 5 5 3 0 0 0 
7 7 7 4 4 3 5 5 6 6 6 9 9 11 7 7 9 9 15 23 23 30 24 24 27 27 19 19 19 36 46 46 42 42 26 20 20 11 8 8 7 7 3 0 0 0 
11 11 7 5 5 3 6 6 9 9 7 9 9 15 15 15 21 21 31 37 37 37 28 28 29 29 15 14 14 17 34 34 23 23 25 36 36 19 9 9 8 8 7 1 1 1 
11 11 7 5 5 3 6 6 9 9 7 9 9 15 15 15 21 21 31 37 37 37 28 28 29 29 15 14 14 17 34 34 23 23 25 36 36 19 9 9 8 8 7 1 1 1 
11 11 6 4 4 6 8 8 10 10 13 12 12 17 17 17 21 21 33 36 36 34 27 27 24 24 11 9 9 9 12 12 15 15 12 14 14 15 12 12 6 6 5 1 1 2 
7 7 5 5 5 6 12 12 16 16 12 11 11 16 18 18 20 20 26 31 31 31 18 18 15 15 7 7 7 6 4 4 7 7 10 10 10 8 6 6 6 6 5 2 2 2 
