assets/RAT_results_old/precipitation/2024-07-08_IMERG.asc
ncols        46
nrows        77
xllcorner    74.800261325624
yllcorner    8.058333333333
cellsize     0.062500000000
NODATA_value -9999
124 124 128 142 142 126 115 115 109 109 84 60 60 48 42 42 39 39 19 10 10 7 3 3 2 2 2 4 4 10 12 12 13 13 14 18 18 24 21 21 26 26 20 16 16 15 
134 134 128 154 154 148 154 154 152 152 107 63 63 44 35 35 32 32 19 11 11 6 4 4 3 3 2 5 5 11 15 15 7 7 8 11 11 10 11 11 11 11 7 9 9 8 
134 134 128 154 154 148 154 154 152 152 107 63 63 44 35 35 32 32 19 11 11 6 4 4 3 3 2 5 5 11 15 15 7 7 8 11 11 10 11 11 11 11 7 9 9 8 
124 124 135 140 140 158 179 179 146 146 103 69 69 47 39 39 28 28 19 10 10 9 6 6 8 8 6 7 7 8 8 8 4 4 3 6 6 5 3 3 9 9 13 8 8 5 
121 121 119 131 131 147 158 158 147 147 99 77 77 56 37 37 29 29 15 13 13 9 8 8 7 7 4 4 4 5 5 5 4 4 3 1 1 1 7 7 16 16 14 8 8 5 
121 121 119 131 131 147 158 158 147 147 99 77 77 56 37 37 29 29 15 13 13 9 8 8 7 7 4 4 4 5 5 5 4 4 3 1 1 1 7 7 16 16 14 8 8 5 
84 84 128 119 119 132 134 134 127 127 91 71 71 60 45 45 35 35 23 14 14 10 3 3 3 3 3 5 5 4 2 2 2 2 1 1 1 1 4 4 9 9 15 11 11 6 
84 84 128 119 119 132 134 134 127 127 91 71 71 60 45 45 35 35 23 14 14 10 3 3 3 3 3 5 5 4 2 2 2 2 1 1 1 1 4 4 9 9 15 11 11 6 
109 109 140 121 121 116 106 106 109 109 76 69 69 59 51 51 38 38 24 22 22 15 7 7 7 7 6 4 4 2 2 2 1 1 0 0 0 0 5 5 6 6 6 8 8 7 
114 114 92 111 111 90 86 86 84 84 70 62 62 51 51 51 52 52 34 25 25 16 8 8 6 6 5 6 6 5 2 2 0 0 1 1 1 2 2 2 6 6 6 12 12 12 
114 114 92 111 111 90 86 86 84 84 70 62 62 51 51 51 52 52 34 25 25 16 8 8 6 6 5 6 6 5 2 2 0 0 1 1 1 2 2 2 6 6 6 12 12 12 
133 133 110 133 133 95 85 85 71 71 59 52 52 48 47 47 49 49 30 31 31 20 10 10 5 5 3 2 2 2 1 1 0 0 0 1 1 5 8 8 12 12 5 6 6 6 
157 157 122 101 101 112 86 86 67 67 56 60 60 48 48 48 39 39 27 23 23 13 5 5 1 1 1 1 1 3 9 9 5 5 3 12 12 16 12 12 6 6 4 5 5 12 
157 157 122 101 101 112 86 86 67 67 56 60 60 48 48 48 39 39 27 23 23 13 5 5 1 1 1 1 1 3 9 9 5 5 3 12 12 16 12 12 6 6 4 5 5 12 
166 166 138 117 117 88 94 94 67 67 59 65 65 62 46 46 36 36 27 22 22 11 7 7 9 9 6 7 7 11 13 13 6 6 12 25 25 27 11 11 7 7 5 8 8 12 
166 166 138 117 117 88 94 94 67 67 59 65 65 62 46 46 36 36 27 22 22 11 7 7 9 9 6 7 7 11 13 13 6 6 12 25 25 27 11 11 7 7 5 8 8 12 
150 150 128 108 108 82 96 96 80 80 69 72 72 59 48 48 39 39 36 32 32 15 10 10 10 10 12 22 22 23 17 17 7 7 15 19 19 19 14 14 6 6 4 3 3 12 
114 114 105 91 91 85 66 66 94 94 67 73 73 65 59 59 56 56 45 33 33 23 15 15 14 14 27 49 49 27 31 31 19 19 8 10 10 12 9 9 6 6 3 5 5 6 
114 114 105 91 91 85 66 66 94 94 67 73 73 65 59 59 56 56 45 33 33 23 15 15 14 14 27 49 49 27 31 31 19 19 8 10 10 12 9 9 6 6 3 5 5 6 
97 97 81 89 89 75 59 59 50 50 71 71 71 64 53 53 56 56 40 34 34 26 17 17 26 26 43 40 40 26 21 21 9 9 6 5 5 9 11 11 8 8 7 6 6 7 
103 103 94 82 82 82 60 60 59 59 51 75 75 80 56 56 47 47 39 30 30 29 25 25 33 33 45 32 32 16 14 14 11 11 6 6 6 11 13 13 10 10 7 3 3 5 
103 103 94 82 82 82 60 60 59 59 51 75 75 80 56 56 47 47 39 30 30 29 25 25 33 33 45 32 32 16 14 14 11 11 6 6 6 11 13 13 10 10 7 3 3 5 
116 116 86 79 79 66 63 63 57 57 46 88 88 96 62 62 51 51 39 30 30 28 26 26 43 43 51 59 59 18 12 12 8 8 3 4 4 5 4 4 3 3 2 2 2 4 
116 116 86 79 79 66 63 63 57 57 46 88 88 96 62 62 51 51 39 30 30 28 26 26 43 43 51 59 59 18 12 12 8 8 3 4 4 5 4 4 3 3 2 2 2 4 
115 115 102 87 87 72 50 50 51 51 55 54 54 83 61 61 62 62 39 35 35 31 39 39 43 43 54 47 47 27 16 16 4 4 5 3 3 5 4 4 4 4 4 4 4 5 
113 113 115 97 97 76 66 66 53 53 50 42 42 57 56 56 53 53 53 43 43 40 42 42 36 36 41 40 40 38 24 24 5 5 3 3 3 6 9 9 5 5 4 3 3 2 
113 113 115 97 97 76 66 66 53 53 50 42 42 57 56 56 53 53 53 43 43 40 42 42 36 36 41 40 40 38 24 24 5 5 3 3 3 6 9 9 5 5 4 3 3 2 
89 89 103 102 102 92 73 73 67 67 57 41 41 32 53 53 50 50 49 45 45 53 54 54 38 38 40 34 34 26 22 22 7 7 7 8 8 7 6 6 5 5 4 2 2 1 
82 82 89 99 99 96 82 82 73 73 61 56 56 36 44 44 54 54 47 49 49 61 48 48 42 42 41 41 41 30 29 29 11 11 11 12 12 10 7 7 6 6 4 1 1 1 
82 82 89 99 99 96 82 82 73 73 61 56 56 36 44 44 54 54 47 49 49 61 48 48 42 42 41 41 41 30 29 29 11 11 11 12 12 10 7 7 6 6 4 1 1 1 
79 79 82 94 94 91 81 81 73 73 64 52 52 45 41 41 66 66 54 57 57 63 53 53 48 48 27 35 35 50 40 40 15 15 11 10 10 7 6 6 5 5 4 3 3 2 
79 79 82 94 94 91 81 81 73 73 64 52 52 45 41 41 66 66 54 57 57 63 53 53 48 48 27 35 35 50 40 40 15 15 11 10 10 7 6 6 5 5 4 3 3 2 
67 67 80 82 82 81 85 85 74 74 57 58 58 41 40 40 55 55 43 43 43 59 44 44 44 44 41 38 38 42 33 33 19 19 12 9 9 6 6 6 6 6 4 3 3 1 
83 83 68 81 81 70 64 64 67 67 55 48 48 38 22 22 30 30 39 38 38 35 33 33 34 34 29 33 33 32 26 26 14 14 7 4 4 3 2 2 2 2 2 2 2 1 
83 83 68 81 81 70 64 64 67 67 55 48 48 38 22 22 30 30 39 38 38 35 33 33 34 34 29 33 33 32 26 26 14 14 7 4 4 3 2 2 2 2 2 2 2 1 
73 73 62 67 67 62 56 56 48 48 43 35 35 35 27 27 24 24 36 24 24 26 29 29 27 27 31 28 28 24 20 20 15 15 5 1 1 0 0 0 0 0 0 1 1 1 
83 83 70 58 58 54 47 47 39 39 33 29 29 31 24 24 22 22 21 29 29 27 24 24 23 23 25 24 24 21 18 18 11 11 8 8 8 0 1 1 0 0 0 0 0 0 
83 83 70 58 58 54 47 47 39 39 33 29 29 31 24 24 22 22 21 29 29 27 24 24 23 23 25 24 24 21 18 18 11 11 8 8 8 0 1 1 0 0 0 0 0 0 
72 72 65 56 56 49 36 36 37 37 30 28 28 30 24 24 18 18 16 24 24 23 17 17 20 20 19 20 20 18 12 12 6 6 6 6 6 1 2 2 1 1 0 0 0 1 
72 72 65 56 56 49 36 36 37 37 30 28 28 30 24 24 18 18 16 24 24 23 17 17 20 20 19 20 20 18 12 12 6 6 6 6 6 1 2 2 1 1 0 0 0 1 
82 82 72 57 57 52 39 39 38 38 33 28 28 31 28 28 19 19 13 21 21 22 23 23 21 21 22 21 21 17 12 12 11 11 13 10 10 4 3 3 2 2 1 1 1 2 
72 72 77 69 69 61 46 46 40 40 31 30 30 27 28 28 21 21 21 21 21 24 20 20 20 20 23 24 24 16 11 11 12 12 9 6 6 7 2 2 1 1 2 2 2 2 
72 72 77 69 69 61 46 46 40 40 31 30 30 27 28 28 21 21 21 21 21 24 20 20 20 20 23 24 24 16 11 11 12 12 9 6 6 7 2 2 1 1 2 2 2 2 
76 76 120 71 71 74 59 59 41 41 38 31 31 29 25 25 27 27 29 22 22 26 18 18 23 23 21 19 19 9 7 7 6 6 7 5 5 3 2 2 2 2 3 1 1 1 
111 111 111 76 76 50 56 56 31 31 30 30 30 35 34 34 32 32 34 29 29 30 24 24 17 17 15 19 19 9 3 3 4 4 4 4 4 1 2 2 3 3 4 1 1 1 
111 111 111 76 76 50 56 56 31 31 30 30 30 35 34 34 32 32 34 29 29 30 24 24 17 17 15 19 19 9 3 3 4 4 4 4 4 1 2 2 3 3 4 1 1 1 
102 102 116 77 77 58 57 57 47 47 36 41 41 39 30 30 38 38 34 30 30 23 17 17 17 17 9 6 6 6 4 4 3 3 1 1 1 2 2 2 3 3 2 1 1 1 
102 102 116 77 77 58 57 57 47 47 36 41 41 39 30 30 38 38 34 30 30 23 17 17 17 17 9 6 6 6 4 4 3 3 1 1 1 2 2 2 3 3 2 1 1 1 
139 139 112 92 92 65 77 77 87 87 63 48 48 25 26 26 20 20 75 80 80 23 17 17 23 23 10 6 6 4 3 3 3 3 2 2 2 2 1 1 1 1 0 0 0 0 
131 131 72 69 69 56 47 47 72 72 66 63 63 38 25 25 18 18 70 19 19 23 10 10 15 15 9 6 6 4 3 3 3 3 4 3 3 2 1 1 2 2 1 1 1 1 
131 131 72 69 69 56 47 47 72 72 66 63 63 38 25 25 18 18 70 19 19 23 10 10 15 15 9 6 6 4 3 3 3 3 4 3 3 2 1 1 2 2 1 1 1 1 
97 97 43 52 52 48 55 55 43 43 47 52 52 59 30 30 14 14 18 17 17 22 28 28 16 16 11 9 9 6 5 5 5 5 5 4 4 2 1 1 1 1 1 0 0 0 
42 42 33 37 37 38 44 44 47 47 40 40 40 48 44 44 24 24 12 14 14 11 10 10 14 14 11 9 9 8 5 5 4 4 7 5 5 3 2 2 3 3 2 1 1 0 
42 42 33 37 37 38 44 44 47 47 40 40 40 48 44 44 24 24 12 14 14 11 10 10 14 14 11 9 9 8 5 5 4 4 7 5 5 3 2 2 3 3 2 1 1 0 
45 45 40 29 29 23 28 28 38 38 38 25 25 32 30 30 35 35 23 12 12 10 10 10 13 13 10 9 9 6 5 5 5 5 5 5 5 6 5 5 4 4 3 2 2 1 
45 45 40 29 29 23 28 28 38 38 38 25 25 32 30 30 35 35 23 12 12 10 10 10 13 13 10 9 9 6 5 5 5 5 5 5 5 6 5 5 4 4 3 2 2 1 
61 61 56 16 16 15 21 21 24 24 24 26 26 20 24 24 21 21 28 20 20 15 8 8 12 12 12 8 8 6 4 4 4 4 5 6 6 5 2 2 3 3 1 1 1 1 
24 24 22 12 12 15 14 14 13 13 15 18 18 21 16 16 16 16 15 20 20 14 10 10 13 13 9 8 8 7 4 4 5 5 6 11 11 6 6 6 3 3 3 1 1 0 
24 24 22 12 12 15 14 14 13 13 15 18 18 21 16 16 16 16 15 20 20 14 10 10 13 13 9 8 8 7 4 4 5 5 6 11 11 6 6 6 3 3 3 1 1 0 
29 29 22 25 25 18 15 15 9 9 11 13 13 17 15 15 20 20 18 15 15 13 10 10 5 5 12 12 12 9 9 9 10 10 8 9 9 6 4 4 1 1 1 1 1 0 
26 26 30 29 29 30 22 22 21 21 12 12 12 12 13 13 19 19 19 20 20 15 15 15 8 8 13 13 13 12 11 11 9 9 6 6 6 5 3 3 2 2 0 1 1 0 
26 26 30 29 29 30 22 22 21 21 12 12 12 12 13 13 19 19 19 20 20 15 15 15 8 8 13 13 13 12 11 11 9 9 6 6 6 5 3 3 2 2 0 1 1 0 
12 12 14 22 22 21 29 29 33 33 38 60 60 59 65 65 16 16 16 18 18 15 8 8 9 9 11 16 16 18 16 16 12 12 10 7 7 5 4 4 5 5 2 0 0 0 
12 12 14 22 22 21 29 29 33 33 38 60 60 59 65 65 16 16 16 18 18 15 8 8 9 9 11 16 16 18 16 16 12 12 10 7 7 5 4 4 5 5 2 0 0 0 
8 8 8 11 11 20 22 22 33 33 43 41 41 64 23 23 16 16 13 7 7 8 6 6 5 5 5 13 13 10 14 14 12 12 13 9 9 6 5 5 3 3 2 1 1 0 
6 6 5 6 6 8 14 14 18 18 22 23 23 23 21 21 17 17 17 3 3 3 4 4 3 3 4 4 4 11 11 11 11 11 10 8 8 8 7 7 5 5 3 2 2 0 
6 6 5 6 6 8 14 14 18 18 22 23 23 23 21 21 17 17 17 3 3 3 4 4 3 3 4 4 4 11 11 11 11 11 10 8 8 8 7 7 5 5 3 2 2 0 
4 4 4 7 7 14 12 12 12 12 11 11 11 10 10 10 11 11 12 11 11 5 5 5 4 4 3 3 3 5 9 9 9 9 11 12 12 11 7 7 6 6 4 2 2 0 
2 2 2 3 3 6 3 3 4 4 5 5 5 6 7 7 9 9 11 12 12 11 10 10 11 11 8 5 5 4 6 6 6 6 6 7 7 8 7 7 5 5 4 3 3 1 
2 2 2 3 3 6 3 3 4 4 5 5 5 6 7 7 9 9 11 12 12 11 10 10 11 11 8 5 5 4 6 6 6 6 6 7 7 8 7 7 5 5 4 3 3 1 
1 1 1 1 1 1 2 2 2 2 3 6 6 7 7 7 10 10 14 16 16 16 15 15 14 14 13 10 10 5 4 4 5 5 4 5 5 7 7 7 6 6 5 5 5 3 
1 1 1 1 1 1 2 2 2 2 3 6 6 7 7 7 10 10 14 16 16 16 15 15 14 14 13 10 10 5 4 4 5 5 4 5 5 7 7 7 6 6 5 5 5 3 
2 2 2 3 3 2 2 2 3 3 3 5 5 7 8 8 10 10 13 14 14 16 15 15 14 14 14 13 13 9 4 4 3 3 6 8 8 6 5 5 6 6 7 3 3 3 
4 4 4 3 3 2 2 2 2 2 3 6 6 8 8 8 9 9 10 10 10 12 13 13 12 12 12 11 11 10 8 8 4 4 2 4 4 7 5 5 8 8 8 5 5 3 
4 4 4 3 3 2 2 2 2 2 3 6 6 8 8 8 9 9 10 10 10 12 13 13 12 12 12 11 11 10 8 8 4 4 2 4 4 7 5 5 8 8 8 5 5 3 
5 5 6 4 4 3 2 2 2 2 2 3 3 5 6 6 5 5 5 6 6 8 8 8 7 7 6 7 7 6 7 7 7 7 2 2 2 2 5 5 5 5 5 2 2 1 
4 4 6 5 5 4 4 4 4 4 4 3 3 2 3 3 4 4 6 7 7 8 6 6 5 5 4 3 3 3 3 3 2 2 2 1 1 1 2 2 2 2 2 0 0 0 
