assets/RAT_results_old/precipitation/2024-10-31_IMERG.asc
ncols        46
nrows        77
xllcorner    74.800261325624
yllcorner    8.058333333333
cellsize     0.062500000000
NODATA_value -9999
10 10 13 12 12 18 14 14 18 18 40 36 36 93 61 61 38 38 33 13 13 4 1 1 0 0 0 0 0 0 0 0 0 0 0 0 0 0 0 0 1 1 1 1 1 1 
3 3 6 13 13 26 19 19 23 23 57 91 91 47 49 49 46 46 40 21 21 11 8 8 3 3 1 1 1 2 0 0 0 0 1 2 2 1 0 0 0 0 0 0 0 0 
3 3 6 13 13 26 19 19 23 23 57 91 91 47 49 49 46 46 40 21 21 11 8 8 3 3 1 1 1 2 0 0 0 0 1 2 2 1 0 0 0 0 0 0 0 0 
2 2 3 6 6 11 18 18 24 24 36 81 81 58 54 54 42 42 44 25 25 20 12 12 10 10 9 12 12 5 0 0 0 0 1 1 1 0 0 0 0 0 0 0 0 0 
0 0 1 5 5 6 26 26 14 14 28 24 24 24 19 19 43 43 31 36 36 28 16 16 12 12 12 14 14 9 1 1 0 0 0 0 0 0 0 0 0 0 0 0 0 0 
0 0 1 5 5 6 26 26 14 14 28 24 24 24 19 19 43 43 31 36 36 28 16 16 12 12 12 14 14 9 1 1 0 0 0 0 0 0 0 0 0 0 0 0 0 0 
0 0 0 2 2 2 10 10 15 15 18 12 12 20 22 22 48 48 35 42 42 32 18 18 12 12 7 10 10 9 2 2 1 1 0 0 0 0 0 0 0 0 0 0 0 0 
0 0 0 2 2 2 10 10 15 15 18 12 12 20 22 22 48 48 35 42 42 32 18 18 12 12 7 10 10 9 2 2 1 1 0 0 0 0 0 0 0 0 0 0 0 0 
0 0 0 0 0 0 1 1 42 42 14 6 6 10 12 12 20 20 48 43 43 36 34 34 20 20 9 7 7 7 1 1 0 0 0 0 0 0 0 0 0 0 0 0 0 0 
0 0 0 0 0 0 0 0 4 4 2 0 0 5 7 7 8 8 46 31 31 25 19 19 13 13 7 3 3 2 0 0 0 0 0 0 0 0 0 0 0 0 0 0 0 0 
0 0 0 0 0 0 0 0 4 4 2 0 0 5 7 7 8 8 46 31 31 25 19 19 13 13 7 3 3 2 0 0 0 0 0 0 0 0 0 0 0 0 0 0 0 0 
0 0 0 0 0 0 0 0 0 0 0 0 0 4 3 3 4 4 19 22 22 23 20 20 20 20 26 12 12 5 3 3 0 0 0 0 0 0 0 0 0 0 0 0 0 0 
0 0 0 0 0 0 0 0 0 0 0 0 0 1 2 2 2 2 17 7 7 9 9 9 17 17 23 23 23 12 6 6 0 0 0 0 0 0 0 0 0 0 0 0 0 0 
0 0 0 0 0 0 0 0 0 0 0 0 0 1 2 2 2 2 17 7 7 9 9 9 17 17 23 23 23 12 6 6 0 0 0 0 0 0 0 0 0 0 0 0 0 0 
0 0 0 0 0 0 0 0 0 0 0 0 0 0 0 0 0 0 6 5 5 8 9 9 8 8 18 25 25 18 6 6 0 0 0 0 0 0 0 0 0 0 0 1 1 2 
0 0 0 0 0 0 0 0 0 0 0 0 0 0 0 0 0 0 6 5 5 8 9 9 8 8 18 25 25 18 6 6 0 0 0 0 0 0 0 0 0 0 0 1 1 2 
0 0 0 0 0 0 0 0 0 0 0 1 1 0 0 0 0 0 0 0 0 0 6 6 8 8 10 14 14 6 4 4 1 1 0 0 0 0 0 0 0 0 0 1 1 3 
0 0 0 0 0 0 0 0 0 0 0 1 1 1 0 0 0 0 0 0 0 0 1 1 5 5 5 4 4 6 3 3 0 0 0 0 0 0 0 0 0 0 0 1 1 4 
0 0 0 0 0 0 0 0 0 0 0 1 1 1 0 0 0 0 0 0 0 0 1 1 5 5 5 4 4 6 3 3 0 0 0 0 0 0 0 0 0 0 0 1 1 4 
0 0 0 0 0 0 0 0 0 0 0 0 0 0 0 0 0 0 0 0 0 0 1 1 1 1 1 0 0 0 0 0 1 1 1 0 0 0 0 0 0 0 0 0 0 2 
0 0 0 0 0 0 0 0 0 0 0 0 0 0 0 0 0 0 1 4 4 5 3 3 1 1 1 1 1 1 6 6 3 3 1 0 0 0 0 0 0 0 0 1 1 1 
0 0 0 0 0 0 0 0 0 0 0 0 0 0 0 0 0 0 1 4 4 5 3 3 1 1 1 1 1 1 6 6 3 3 1 0 0 0 0 0 0 0 0 1 1 1 
0 0 0 0 0 0 0 0 0 0 0 0 0 0 0 0 0 0 1 3 3 4 4 4 2 2 1 3 3 5 6 6 15 15 9 6 6 0 0 0 0 0 0 0 0 1 
0 0 0 0 0 0 0 0 0 0 0 0 0 0 0 0 0 0 1 3 3 4 4 4 2 2 1 3 3 5 6 6 15 15 9 6 6 0 0 0 0 0 0 0 0 1 
0 0 0 0 0 0 0 0 0 0 0 0 0 0 0 0 0 0 0 1 1 2 2 2 1 1 2 5 5 10 19 19 21 21 10 14 14 6 6 6 5 5 5 1 1 1 
0 0 0 0 0 0 0 0 0 0 1 0 0 0 0 0 0 0 0 1 1 2 2 2 3 3 5 6 6 18 58 58 47 47 40 30 30 21 17 17 11 11 5 1 1 1 
0 0 0 0 0 0 0 0 0 0 1 0 0 0 0 0 0 0 0 1 1 2 2 2 3 3 5 6 6 18 58 58 47 47 40 30 30 21 17 17 11 11 5 1 1 1 
0 0 0 0 0 0 0 0 0 0 0 1 1 8 1 1 2 2 1 2 2 2 3 3 6 6 10 8 8 28 80 80 79 79 38 31 31 25 23 23 14 14 11 2 2 2 
0 0 0 0 0 0 0 0 0 0 0 6 6 4 14 14 7 7 1 1 1 2 5 5 12 12 13 6 6 15 32 32 42 42 51 34 34 39 31 31 20 20 13 7 7 3 
0 0 0 0 0 0 0 0 0 0 0 6 6 4 14 14 7 7 1 1 1 2 5 5 12 12 13 6 6 15 32 32 42 42 51 34 34 39 31 31 20 20 13 7 7 3 
0 0 0 0 0 0 0 0 0 0 0 2 2 7 10 10 4 4 1 1 1 2 3 3 5 5 9 16 16 27 40 40 46 46 46 42 42 49 41 41 22 22 9 7 7 7 
0 0 0 0 0 0 0 0 0 0 0 2 2 7 10 10 4 4 1 1 1 2 3 3 5 5 9 16 16 27 40 40 46 46 46 42 42 49 41 41 22 22 9 7 7 7 
0 0 0 0 0 0 0 0 0 0 0 0 0 1 1 1 3 3 1 1 1 2 4 4 8 8 13 22 22 26 27 27 36 36 30 35 35 44 35 35 36 36 11 9 9 8 
0 0 0 0 0 0 0 0 0 0 0 0 0 0 0 0 0 0 0 1 1 1 5 5 7 7 8 23 23 30 35 35 35 35 31 41 41 54 50 50 35 35 9 10 10 12 
0 0 0 0 0 0 0 0 0 0 0 0 0 0 0 0 0 0 0 1 1 1 5 5 7 7 8 23 23 30 35 35 35 35 31 41 41 54 50 50 35 35 9 10 10 12 
0 0 0 0 0 0 0 0 0 0 0 0 0 0 0 0 0 0 0 0 0 1 4 4 5 5 6 25 25 28 36 36 43 43 37 30 30 64 55 55 37 37 13 11 11 9 
0 0 0 0 0 0 0 0 0 0 0 0 0 0 0 0 0 0 0 0 0 0 4 4 5 5 17 18 18 24 26 26 32 32 31 18 18 52 51 51 33 33 9 6 6 7 
0 0 0 0 0 0 0 0 0 0 0 0 0 0 0 0 0 0 0 0 0 0 4 4 5 5 17 18 18 24 26 26 32 32 31 18 18 52 51 51 33 33 9 6 6 7 
0 0 0 0 0 0 0 0 0 0 0 0 0 0 0 0 1 1 0 0 0 2 3 3 4 4 17 20 20 16 23 23 25 25 26 19 19 37 32 32 21 21 9 10 10 7 
0 0 0 0 0 0 0 0 0 0 0 0 0 0 0 0 1 1 0 0 0 2 3 3 4 4 17 20 20 16 23 23 25 25 26 19 19 37 32 32 21 21 9 10 10 7 
0 0 0 0 0 0 0 0 0 0 0 0 0 0 0 0 1 1 0 0 0 2 2 2 3 3 9 11 11 9 13 13 13 13 21 15 15 31 21 21 11 11 10 6 6 3 
0 0 0 0 0 0 0 0 0 0 0 0 0 0 0 0 0 0 0 0 0 1 1 1 1 1 4 10 10 9 25 25 25 25 17 8 8 9 7 7 12 12 9 13 13 11 
0 0 0 0 0 0 0 0 0 0 0 0 0 0 0 0 0 0 0 0 0 1 1 1 1 1 4 10 10 9 25 25 25 25 17 8 8 9 7 7 12 12 9 13 13 11 
0 0 0 0 0 0 0 0 0 0 0 0 0 0 1 1 2 2 0 0 0 1 1 1 2 2 2 3 3 4 15 15 28 28 10 5 5 10 10 10 13 13 13 25 25 24 
0 0 0 0 0 0 0 0 0 0 0 1 1 2 3 3 3 3 0 0 0 0 1 1 1 1 1 3 3 3 6 6 17 17 14 7 7 6 10 10 11 11 13 12 12 32 
0 0 0 0 0 0 0 0 0 0 0 1 1 2 3 3 3 3 0 0 0 0 1 1 1 1 1 3 3 3 6 6 17 17 14 7 7 6 10 10 11 11 13 12 12 32 
0 0 0 0 0 0 0 0 0 0 1 4 4 11 7 7 2 2 0 0 0 0 0 0 1 1 0 1 1 3 15 15 10 10 7 4 4 4 15 15 37 37 9 6 6 7 
0 0 0 0 0 0 0 0 0 0 1 4 4 11 7 7 2 2 0 0 0 0 0 0 1 1 0 1 1 3 15 15 10 10 7 4 4 4 15 15 37 37 9 6 6 7 
0 0 0 0 0 0 0 0 0 0 0 0 0 1 0 0 1 1 0 0 0 0 0 0 0 0 0 1 1 6 13 13 12 12 8 6 6 9 16 16 16 16 12 2 2 7 
0 0 0 0 0 0 0 0 0 0 0 0 0 0 1 1 1 1 1 0 0 0 1 1 1 1 1 2 2 6 14 14 17 17 6 4 4 7 17 17 22 22 16 6 6 3 
0 0 0 0 0 0 0 0 0 0 0 0 0 0 1 1 1 1 1 0 0 0 1 1 1 1 1 2 2 6 14 14 17 17 6 4 4 7 17 17 22 22 16 6 6 3 
0 0 0 0 0 0 0 0 0 0 0 0 0 0 0 0 1 1 1 1 1 0 0 0 1 1 1 2 2 7 17 17 13 13 7 6 6 9 19 19 13 13 14 6 6 3 
0 0 0 0 0 0 0 0 0 0 0 0 0 0 0 0 1 1 1 0 0 0 0 0 1 1 1 3 3 4 9 9 9 9 9 4 4 5 7 7 7 7 9 7 7 2 
0 0 0 0 0 0 0 0 0 0 0 0 0 0 0 0 1 1 1 0 0 0 0 0 1 1 1 3 3 4 9 9 9 9 9 4 4 5 7 7 7 7 9 7 7 2 
0 0 0 0 0 0 0 0 0 0 0 0 0 0 0 0 0 0 0 1 1 0 0 0 1 1 1 2 2 3 7 7 11 11 6 2 2 3 6 6 8 8 4 12 12 2 
0 0 0 0 0 0 0 0 0 0 0 0 0 0 0 0 0 0 0 1 1 0 0 0 1 1 1 2 2 3 7 7 11 11 6 2 2 3 6 6 8 8 4 12 12 2 
0 0 0 0 0 0 0 0 0 0 0 0 0 0 0 0 0 0 0 0 0 1 0 0 0 0 1 2 2 2 5 5 3 3 13 3 3 1 1 1 2 2 4 9 9 8 
0 0 0 0 0 0 0 0 0 0 0 0 0 0 0 0 0 0 0 0 0 0 0 0 0 0 1 2 2 3 17 17 53 53 11 3 3 2 3 3 3 3 3 5 5 24 
0 0 0 0 0 0 0 0 0 0 0 0 0 0 0 0 0 0 0 0 0 0 0 0 0 0 1 2 2 3 17 17 53 53 11 3 3 2 3 3 3 3 3 5 5 24 
0 0 0 0 0 0 0 0 0 0 0 0 0 0 0 0 0 0 0 0 0 0 0 0 0 0 3 3 3 8 14 14 10 10 17 3 3 5 7 7 3 3 3 6 6 4 
2 2 0 0 0 0 0 0 0 0 0 0 0 0 0 0 0 0 0 0 0 0 0 0 0 0 0 4 4 6 12 12 13 13 12 21 21 7 11 11 7 7 6 5 5 1 
2 2 0 0 0 0 0 0 0 0 0 0 0 0 0 0 0 0 0 0 0 0 0 0 0 0 0 4 4 6 12 12 13 13 12 21 21 7 11 11 7 7 6 5 5 1 
2 2 1 0 0 0 0 0 0 0 0 0 0 0 0 0 0 0 0 0 0 0 1 1 0 0 0 4 4 9 9 9 10 10 14 17 17 16 12 12 18 18 11 1 1 1 
2 2 1 0 0 0 0 0 0 0 0 0 0 0 0 0 0 0 0 0 0 0 1 1 0 0 0 4 4 9 9 9 10 10 14 17 17 16 12 12 18 18 11 1 1 1 
0 0 0 0 0 0 0 0 0 0 0 0 0 0 0 0 0 0 0 0 0 0 1 1 0 0 0 0 0 9 9 9 11 11 22 21 21 17 18 18 11 11 16 12 12 5 
0 0 0 0 0 1 5 5 3 3 1 0 0 0 0 0 0 0 0 1 1 2 3 3 3 3 1 0 0 13 10 10 10 10 21 19 19 18 15 15 20 20 34 24 24 7 
0 0 0 0 0 1 5 5 3 3 1 0 0 0 0 0 0 0 0 1 1 2 3 3 3 3 1 0 0 13 10 10 10 10 21 19 19 18 15 15 20 20 34 24 24 7 
0 0 0 0 0 0 4 4 6 6 0 0 0 1 0 0 0 0 1 3 3 3 5 5 4 4 2 1 1 6 13 13 15 15 21 17 17 17 23 23 23 23 21 24 24 6 
0 0 0 0 0 0 0 0 0 0 0 0 0 1 1 1 0 0 0 1 1 6 6 6 10 10 4 5 5 5 6 6 23 23 21 16 16 27 22 22 21 21 25 27 27 6 
0 0 0 0 0 0 0 0 0 0 0 0 0 1 1 1 0 0 0 1 1 6 6 6 10 10 4 5 5 5 6 6 23 23 21 16 16 27 22 22 21 21 25 27 27 6 
0 0 0 0 0 0 0 0 0 0 0 0 0 0 0 0 0 0 0 0 0 4 4 4 2 2 2 12 12 12 6 6 23 23 21 18 18 33 29 29 27 27 24 3 3 2 
0 0 0 0 0 0 0 0 0 0 0 0 0 0 0 0 0 0 0 0 0 4 4 4 2 2 2 12 12 12 6 6 23 23 21 18 18 33 29 29 27 27 24 3 3 2 
0 0 0 0 0 0 0 0 0 0 0 0 0 0 0 0 0 0 0 1 1 4 2 2 1 1 2 11 11 10 8 8 11 11 12 12 12 17 17 17 31 31 26 0 0 1 
0 0 0 0 0 0 0 0 0 0 0 0 0 0 0 0 0 0 0 1 1 2 2 2 1 1 3 6 6 10 13 13 5 5 16 12 12 18 21 21 17 17 12 0 0 0 
0 0 0 0 0 0 0 0 0 0 0 0 0 0 0 0 0 0 0 1 1 2 2 2 1 1 3 6 6 10 13 13 5 5 16 12 12 18 21 21 17 17 12 0 0 0 
0 0 0 0 0 0 0 0 0 0 0 0 0 0 0 0 0 0 0 1 1 1 1 1 1 1 5 11 11 16 14 14 13 13 7 0 0 1 9 9 4 4 11 0 0 0 
0 0 0 0 0 0 0 0 0 0 0 0 0 0 0 0 0 0 0 0 0 0 0 0 0 0 1 4 4 14 13 13 18 18 11 1 1 0 2 2 2 2 0 0 0 0 
