assets/RAT_results_old/precipitation/2024-05-16_IMERG.asc
ncols        46
nrows        77
xllcorner    74.800261325624
yllcorner    8.058333333333
cellsize     0.062500000000
NODATA_value -9999
11 11 19 31 31 25 26 26 33 33 41 30 30 39 53 53 43 43 31 41 41 34 21 21 16 16 15 8 8 7 3 3 0 0 0 0 0 0 0 0 0 0 1 2 2 3 
13 13 20 45 45 44 37 37 41 41 43 36 36 89 88 88 70 70 25 33 33 27 20 20 16 16 14 9 9 3 0 0 0 0 0 0 0 0 0 0 0 0 0 4 4 7 
13 13 20 45 45 44 37 37 41 41 43 36 36 89 88 88 70 70 25 33 33 27 20 20 16 16 14 9 9 3 0 0 0 0 0 0 0 0 0 0 0 0 0 4 4 7 
21 21 28 44 44 35 33 33 26 26 27 34 34 69 228 228 61 61 39 35 35 24 17 17 12 12 4 1 1 0 0 0 0 0 0 0 0 0 0 0 0 0 1 4 4 5 
21 21 43 42 42 44 25 25 24 24 20 54 54 71 67 67 39 39 36 25 25 21 15 15 12 12 7 0 0 0 0 0 0 0 0 0 0 0 0 0 0 0 1 4 4 3 
21 21 43 42 42 44 25 25 24 24 20 54 54 71 67 67 39 39 36 25 25 21 15 15 12 12 7 0 0 0 0 0 0 0 0 0 0 0 0 0 0 0 1 4 4 3 
38 38 39 35 35 41 31 31 17 17 24 32 32 41 57 57 42 42 27 17 17 16 15 15 26 26 14 1 1 0 0 0 0 0 0 0 0 0 0 0 0 0 3 3 3 8 
38 38 39 35 35 41 31 31 17 17 24 32 32 41 57 57 42 42 27 17 17 16 15 15 26 26 14 1 1 0 0 0 0 0 0 0 0 0 0 0 0 0 3 3 3 8 
29 29 29 23 23 24 27 27 19 19 28 32 32 46 40 40 40 40 34 12 12 6 10 10 1 1 1 1 1 0 0 0 0 0 0 0 0 0 0 0 0 0 3 1 1 1 
28 28 26 12 12 23 25 25 24 24 28 31 31 51 32 32 35 35 15 3 3 2 0 0 0 0 0 0 0 0 0 0 0 0 0 0 0 0 0 0 0 0 2 1 1 2 
28 28 26 12 12 23 25 25 24 24 28 31 31 51 32 32 35 35 15 3 3 2 0 0 0 0 0 0 0 0 0 0 0 0 0 0 0 0 0 0 0 0 2 1 1 2 
12 12 8 10 10 24 24 24 25 25 24 43 43 48 78 78 42 42 26 3 3 1 0 0 0 0 0 0 0 0 0 0 0 0 0 0 0 0 0 0 1 1 1 1 1 1 
8 8 9 14 14 15 25 25 20 20 20 29 29 49 73 73 47 47 16 6 6 1 0 0 0 0 0 0 0 0 0 0 1 1 1 0 0 0 0 0 0 0 0 1 1 1 
8 8 9 14 14 15 25 25 20 20 20 29 29 49 73 73 47 47 16 6 6 1 0 0 0 0 0 0 0 0 0 0 1 1 1 0 0 0 0 0 0 0 0 1 1 1 
8 8 6 10 10 4 11 11 12 12 14 18 18 30 28 28 39 39 13 8 8 1 1 1 0 0 0 0 0 0 1 1 0 0 0 0 0 0 2 2 0 0 0 1 1 1 
8 8 6 10 10 4 11 11 12 12 14 18 18 30 28 28 39 39 13 8 8 1 1 1 0 0 0 0 0 0 1 1 0 0 0 0 0 0 2 2 0 0 0 1 1 1 
4 4 6 5 5 4 5 5 6 6 6 4 4 12 10 10 13 13 13 9 9 1 1 1 0 0 0 0 0 1 1 1 0 0 0 1 1 1 3 3 2 2 0 1 1 1 
5 5 3 3 3 5 5 5 3 3 5 5 5 4 7 7 8 8 6 9 9 3 0 0 0 0 4 1 1 1 0 0 1 1 2 7 7 5 6 6 8 8 1 2 2 1 
5 5 3 3 3 5 5 5 3 3 5 5 5 4 7 7 8 8 6 9 9 3 0 0 0 0 4 1 1 1 0 0 1 1 2 7 7 5 6 6 8 8 1 2 2 1 
4 4 2 2 2 5 4 4 1 1 2 4 4 4 15 15 9 9 6 5 5 3 1 1 1 1 1 1 1 0 0 0 1 1 1 2 2 1 3 3 4 4 1 2 2 1 
1 1 2 1 1 1 1 1 1 1 4 7 7 6 9 9 9 9 5 2 2 2 1 1 2 2 1 0 0 0 0 0 1 1 1 1 1 0 0 0 0 0 0 0 0 1 
1 1 2 1 1 1 1 1 1 1 4 7 7 6 9 9 9 9 5 2 2 2 1 1 2 2 1 0 0 0 0 0 1 1 1 1 1 0 0 0 0 0 0 0 0 1 
1 1 2 1 1 1 1 1 3 3 3 3 3 3 3 3 3 3 2 1 1 2 2 2 1 1 0 0 0 1 1 1 1 1 2 2 2 0 0 0 0 0 0 0 0 0 
1 1 2 1 1 1 1 1 3 3 3 3 3 3 3 3 3 3 2 1 1 2 2 2 1 1 0 0 0 1 1 1 1 1 2 2 2 0 0 0 0 0 0 0 0 0 
1 1 3 5 5 2 2 2 2 2 2 1 1 0 0 0 0 0 1 1 1 1 1 1 0 0 3 0 0 0 1 1 0 0 2 3 3 3 1 1 0 0 3 0 0 0 
1 1 2 4 4 4 3 3 4 4 3 1 1 1 0 0 0 0 1 1 1 1 1 1 0 0 0 1 1 1 0 0 0 0 2 3 3 3 2 2 2 2 0 0 0 0 
1 1 2 4 4 4 3 3 4 4 3 1 1 1 0 0 0 0 1 1 1 1 1 1 0 0 0 1 1 1 0 0 0 0 2 3 3 3 2 2 2 2 0 0 0 0 
2 2 3 4 4 2 1 1 2 2 1 1 1 1 0 0 0 0 1 1 1 1 1 1 0 0 0 0 0 0 0 0 0 0 0 3 3 3 1 1 1 1 0 0 0 0 
1 1 2 1 1 1 1 1 1 1 1 1 1 1 1 1 1 1 1 1 1 0 0 0 0 0 0 0 0 1 2 2 0 0 0 0 0 0 0 0 0 0 0 0 0 0 
1 1 2 1 1 1 1 1 1 1 1 1 1 1 1 1 1 1 1 1 1 0 0 0 0 0 0 0 0 1 2 2 0 0 0 0 0 0 0 0 0 0 0 0 0 0 
1 1 1 1 1 1 1 1 4 4 2 2 2 7 1 1 0 0 1 1 1 1 0 0 0 0 0 0 0 0 0 0 0 0 0 0 0 0 0 0 0 0 0 0 0 0 
1 1 1 1 1 1 1 1 4 4 2 2 2 7 1 1 0 0 1 1 1 1 0 0 0 0 0 0 0 0 0 0 0 0 0 0 0 0 0 0 0 0 0 0 0 0 
1 1 1 1 1 1 2 2 4 4 2 6 6 13 8 8 7 7 6 7 7 2 1 1 0 0 0 0 0 0 0 0 0 0 0 0 0 0 0 0 0 0 0 0 0 0 
0 0 0 1 1 1 1 1 2 2 3 16 16 22 27 27 7 7 6 5 5 3 2 2 0 0 0 0 0 0 0 0 0 0 0 0 0 0 0 0 0 0 0 0 0 0 
0 0 0 1 1 1 1 1 2 2 3 16 16 22 27 27 7 7 6 5 5 3 2 2 0 0 0 0 0 0 0 0 0 0 0 0 0 0 0 0 0 0 0 0 0 0 
0 0 0 1 1 1 1 1 2 2 4 16 16 51 23 23 9 9 12 6 6 6 4 4 1 1 1 0 0 0 0 0 0 0 0 0 0 0 0 0 1 1 0 0 0 0 
0 0 0 1 1 1 1 1 2 2 5 15 15 16 18 18 17 17 14 17 17 6 6 6 2 2 2 1 1 0 0 0 0 0 0 0 0 0 0 0 0 0 0 0 0 0 
0 0 0 1 1 1 1 1 2 2 5 15 15 16 18 18 17 17 14 17 17 6 6 6 2 2 2 1 1 0 0 0 0 0 0 0 0 0 0 0 0 0 0 0 0 0 
1 1 0 1 1 1 1 1 2 2 5 20 20 21 23 23 21 21 17 18 18 17 8 8 8 8 8 3 3 3 1 1 0 0 0 0 0 2 2 2 0 0 0 0 0 0 
1 1 0 1 1 1 1 1 2 2 5 20 20 21 23 23 21 21 17 18 18 17 8 8 8 8 8 3 3 3 1 1 0 0 0 0 0 2 2 2 0 0 0 0 0 0 
1 1 1 1 1 1 1 1 2 2 16 26 26 29 34 34 28 28 25 24 24 22 17 17 13 13 11 4 4 3 3 3 1 1 0 1 1 3 1 1 0 0 0 0 0 0 
1 1 1 1 1 1 2 2 4 4 18 24 24 26 30 30 23 23 22 18 18 20 16 16 11 11 22 13 13 5 4 4 3 3 2 2 2 2 1 1 1 1 3 5 5 4 
1 1 1 1 1 1 2 2 4 4 18 24 24 26 30 30 23 23 22 18 18 20 16 16 11 11 22 13 13 5 4 4 3 3 2 2 2 2 1 1 1 1 3 5 5 4 
1 1 2 2 2 2 2 2 3 3 11 16 16 25 21 21 20 20 19 14 14 20 11 11 12 12 9 10 10 5 6 6 6 6 4 4 4 3 4 4 4 4 3 3 3 0 
1 1 2 2 2 2 2 2 3 3 17 19 19 21 19 19 23 23 18 26 26 16 16 16 9 9 5 6 6 14 5 5 3 3 2 1 1 2 4 4 4 4 2 1 1 2 
1 1 2 2 2 2 2 2 3 3 17 19 19 21 19 19 23 23 18 26 26 16 16 16 9 9 5 6 6 14 5 5 3 3 2 1 1 2 4 4 4 4 2 1 1 2 
1 1 2 2 2 3 3 3 9 9 18 19 19 26 46 46 47 47 38 38 38 20 13 13 11 11 4 5 5 7 7 7 3 3 1 1 1 1 2 2 3 3 3 4 4 2 
1 1 2 2 2 3 3 3 9 9 18 19 19 26 46 46 47 47 38 38 38 20 13 13 11 11 4 5 5 7 7 7 3 3 1 1 1 1 2 2 3 3 3 4 4 2 
1 1 2 3 3 4 6 6 9 9 18 33 33 28 45 45 39 39 37 35 35 10 7 7 11 11 1 6 6 8 10 10 6 6 3 3 3 3 1 1 1 1 2 5 5 16 
2 2 3 4 4 5 5 5 7 7 13 21 21 12 21 21 13 13 21 28 28 9 8 8 3 3 2 3 3 7 8 8 4 4 6 2 2 4 2 2 1 1 2 8 8 16 
2 2 3 4 4 5 5 5 7 7 13 21 21 12 21 21 13 13 21 28 28 9 8 8 3 3 2 3 3 7 8 8 4 4 6 2 2 4 2 2 1 1 2 8 8 16 
2 2 3 4 4 4 5 5 5 5 4 4 4 2 9 9 10 10 13 14 14 17 7 7 6 6 6 5 5 4 3 3 4 4 4 4 4 2 2 2 3 3 3 2 2 8 
1 1 2 3 3 3 4 4 4 4 3 2 2 1 1 1 1 1 2 3 3 1 3 3 4 4 5 6 6 4 3 3 2 2 3 4 4 5 3 3 5 5 2 9 9 10 
1 1 2 3 3 3 4 4 4 4 3 2 2 1 1 1 1 1 2 3 3 1 3 3 4 4 5 6 6 4 3 3 2 2 3 4 4 5 3 3 5 5 2 9 9 10 
1 1 1 2 2 2 2 2 3 3 2 2 2 2 1 1 1 1 2 3 3 3 3 3 3 3 2 4 4 6 4 4 2 2 2 2 2 7 15 15 15 15 27 27 27 12 
1 1 1 2 2 2 2 2 3 3 2 2 2 2 1 1 1 1 2 3 3 3 3 3 3 3 2 4 4 6 4 4 2 2 2 2 2 7 15 15 15 15 27 27 27 12 
2 2 2 6 6 1 1 1 2 2 3 3 3 3 3 3 4 4 4 4 4 3 3 3 4 4 2 3 3 2 2 2 1 1 2 2 2 9 24 24 17 17 35 37 37 26 
2 2 5 7 7 20 20 20 2 2 4 4 4 5 4 4 4 4 3 3 3 5 2 2 2 2 2 5 5 7 2 2 1 1 1 2 2 3 17 17 21 21 22 35 35 23 
2 2 5 7 7 20 20 20 2 2 4 4 4 5 4 4 4 4 3 3 3 5 2 2 2 2 2 5 5 7 2 2 1 1 1 2 2 3 17 17 21 21 22 35 35 23 
1 1 3 3 3 3 20 20 2 2 3 4 4 7 6 6 5 5 22 4 4 2 2 2 2 2 2 12 12 21 3 3 2 2 1 2 2 3 14 14 8 8 11 12 12 9 
1 1 1 1 1 2 2 2 6 6 6 4 4 6 6 6 5 5 26 8 8 3 4 4 3 3 3 5 5 11 4 4 3 3 1 2 2 4 3 3 9 9 11 12 12 5 
1 1 1 1 1 2 2 2 6 6 6 4 4 6 6 6 5 5 26 8 8 3 4 4 3 3 3 5 5 11 4 4 3 3 1 2 2 4 3 3 9 9 11 12 12 5 
1 1 1 1 1 2 3 3 4 4 3 23 23 7 8 8 7 7 8 10 10 8 12 12 10 10 5 8 8 8 22 22 4 4 3 7 7 6 1 1 6 6 7 5 5 6 
1 1 1 1 1 2 3 3 4 4 3 23 23 7 8 8 7 7 8 10 10 8 12 12 10 10 5 8 8 8 22 22 4 4 3 7 7 6 1 1 6 6 7 5 5 6 
0 0 1 1 1 1 2 2 3 3 2 23 23 26 8 8 8 8 10 13 13 14 13 13 14 14 6 5 5 9 13 13 8 8 5 14 14 16 9 9 7 7 3 4 4 10 
0 0 1 3 3 2 6 6 4 4 3 3 3 6 6 6 8 8 10 15 15 15 15 15 18 18 20 9 9 10 11 11 10 10 8 8 8 16 18 18 5 5 4 4 4 12 
0 0 1 3 3 2 6 6 4 4 3 3 3 6 6 6 8 8 10 15 15 15 15 15 18 18 20 9 9 10 11 11 10 10 8 8 8 16 18 18 5 5 4 4 4 12 
0 0 1 4 4 4 3 3 6 6 3 2 2 7 8 8 8 8 12 13 13 13 13 13 19 19 21 10 10 6 12 12 9 9 11 14 14 10 7 7 6 6 2 3 3 8 
0 0 0 3 3 2 2 2 2 2 3 3 3 2 7 7 7 7 10 10 10 10 13 13 17 17 16 10 10 5 7 7 6 6 8 10 10 8 3 3 8 8 7 5 5 4 
0 0 0 3 3 2 2 2 2 2 3 3 3 2 7 7 7 7 10 10 10 10 13 13 17 17 16 10 10 5 7 7 6 6 8 10 10 8 3 3 8 8 7 5 5 4 
1 1 1 1 1 1 1 1 2 2 4 2 2 2 6 6 6 6 8 9 9 10 6 6 9 9 8 9 9 2 2 2 3 3 7 8 8 7 4 4 6 6 8 14 14 7 
1 1 1 1 1 1 1 1 2 2 4 2 2 2 6 6 6 6 8 9 9 10 6 6 9 9 8 9 9 2 2 2 3 3 7 8 8 7 4 4 6 6 8 14 14 7 
1 1 4 4 4 2 2 2 6 6 8 3 3 1 1 1 2 2 2 2 2 3 3 3 6 6 5 3 3 2 1 1 1 1 4 5 5 6 7 7 9 9 4 8 8 5 
1 1 4 5 5 4 3 3 6 6 5 1 1 1 2 2 2 2 2 1 1 1 1 1 2 2 2 2 2 1 1 1 1 1 1 1 1 3 3 3 4 4 4 7 7 8 
1 1 4 5 5 4 3 3 6 6 5 1 1 1 2 2 2 2 2 1 1 1 1 1 2 2 2 2 2 1 1 1 1 1 1 1 1 3 3 3 4 4 4 7 7 8 
1 1 2 4 4 3 3 3 4 4 2 3 3 2 2 2 1 1 1 1 1 1 1 1 2 2 2 2 2 2 1 1 1 1 1 1 1 1 1 1 2 2 4 6 6 8 
0 0 2 5 5 5 4 4 4 4 2 3 3 3 2 2 1 1 0 0 0 1 1 1 2 2 2 2 2 2 1 1 1 1 1 1 1 1 1 1 4 4 6 3 3 3 
