assets/RAT_results_old/precipitation/2024-01-04_IMERG.asc
ncols        46
nrows        77
xllcorner    74.800261325624
yllcorner    8.058333333333
cellsize     0.062500000000
NODATA_value -9999
14 14 13 10 10 6 4 4 4 4 4 10 10 14 10 10 10 10 6 6 6 7 5 5 5 5 5 5 5 2 2 2 3 3 1 2 2 0 0 0 0 0 0 1 1 0 
10 10 12 10 10 10 8 8 4 4 2 7 7 10 10 10 8 8 5 8 8 4 3 3 3 3 3 5 5 3 1 1 1 1 1 1 1 0 0 0 0 0 1 0 0 0 
10 10 12 10 10 10 8 8 4 4 2 7 7 10 10 10 8 8 5 8 8 4 3 3 3 3 3 5 5 3 1 1 1 1 1 1 1 0 0 0 0 0 1 0 0 0 
4 4 6 6 6 4 7 7 6 6 3 7 7 10 6 6 10 10 10 4 4 6 3 3 4 4 7 6 6 1 1 1 1 1 1 1 1 0 0 0 0 0 0 0 0 1 
3 3 4 6 6 7 4 4 4 4 8 7 7 11 8 8 8 8 7 7 7 7 4 4 3 3 6 1 1 2 1 1 2 2 2 0 0 0 0 0 1 1 1 0 0 0 
3 3 4 6 6 7 4 4 4 4 8 7 7 11 8 8 8 8 7 7 7 7 4 4 3 3 6 1 1 2 1 1 2 2 2 0 0 0 0 0 1 1 1 0 0 0 
5 5 3 5 5 7 8 8 2 2 5 8 8 11 5 5 6 6 8 8 8 3 2 2 4 4 3 2 2 3 1 1 1 1 0 0 0 1 0 0 1 1 1 0 0 0 
5 5 3 5 5 7 8 8 2 2 5 8 8 11 5 5 6 6 8 8 8 3 2 2 4 4 3 2 2 3 1 1 1 1 0 0 0 1 0 0 1 1 1 0 0 0 
3 3 3 0 0 6 8 8 2 2 6 7 7 7 7 7 8 8 10 9 9 11 1 1 3 3 2 3 3 3 1 1 2 2 1 1 1 1 1 1 1 1 1 1 1 1 
8 8 6 9 9 6 3 3 3 3 5 9 9 7 7 7 10 10 10 12 12 12 11 11 11 11 5 5 5 3 4 4 1 1 1 1 1 1 1 1 1 1 1 1 1 1 
8 8 6 9 9 6 3 3 3 3 5 9 9 7 7 7 10 10 10 12 12 12 11 11 11 11 5 5 5 3 4 4 1 1 1 1 1 1 1 1 1 1 1 1 1 1 
10 10 8 9 9 7 5 5 3 3 5 6 6 8 9 9 11 11 8 5 5 11 6 6 4 4 6 3 3 4 1 1 3 3 3 1 1 1 1 1 1 1 1 0 0 1 
29 29 15 10 10 9 6 6 4 4 4 5 5 5 4 4 7 7 7 4 4 4 6 6 3 3 3 4 4 3 1 1 2 2 2 1 1 1 1 1 1 1 2 1 1 1 
29 29 15 10 10 9 6 6 4 4 4 5 5 5 4 4 7 7 7 4 4 4 6 6 3 3 3 4 4 3 1 1 2 2 2 1 1 1 1 1 1 1 2 1 1 1 
40 40 29 14 14 9 8 8 8 8 19 17 17 5 8 8 3 3 2 3 3 3 1 1 1 1 1 0 0 1 1 1 1 1 3 3 3 1 2 2 0 0 0 0 0 0 
40 40 29 14 14 9 8 8 8 8 19 17 17 5 8 8 3 3 2 3 3 3 1 1 1 1 1 0 0 1 1 1 1 1 3 3 3 1 2 2 0 0 0 0 0 0 
37 37 24 19 19 18 12 12 13 13 20 14 14 12 11 11 3 3 3 4 4 3 1 1 1 1 0 1 1 1 1 1 2 2 1 1 1 1 1 1 0 0 0 0 0 0 
28 28 22 16 16 17 15 15 18 18 17 13 13 12 17 17 8 8 2 2 2 2 1 1 4 4 5 1 1 1 0 0 0 0 0 0 0 0 0 0 0 0 0 0 0 1 
28 28 22 16 16 17 15 15 18 18 17 13 13 12 17 17 8 8 2 2 2 2 1 1 4 4 5 1 1 1 0 0 0 0 0 0 0 0 0 0 0 0 0 0 0 1 
40 40 23 33 33 29 23 23 29 29 26 23 23 21 14 14 10 10 7 10 10 7 6 6 5 5 3 0 0 0 3 3 0 0 0 0 0 0 0 0 0 0 1 0 0 0 
61 61 34 26 26 33 27 27 47 47 36 38 38 16 21 21 10 10 9 12 12 12 9 9 10 10 7 1 1 4 5 5 1 1 0 0 0 0 0 0 1 1 0 3 3 0 
61 61 34 26 26 33 27 27 47 47 36 38 38 16 21 21 10 10 9 12 12 12 9 9 10 10 7 1 1 4 5 5 1 1 0 0 0 0 0 0 1 1 0 3 3 0 
53 53 32 20 20 15 48 48 49 49 38 38 38 19 25 25 33 33 15 12 12 10 10 10 11 11 6 6 6 7 1 1 3 3 0 0 0 0 1 1 0 0 2 0 0 0 
53 53 32 20 20 15 48 48 49 49 38 38 38 19 25 25 33 33 15 12 12 10 10 10 11 11 6 6 6 7 1 1 3 3 0 0 0 0 1 1 0 0 2 0 0 0 
56 56 28 19 19 47 56 56 56 56 41 41 41 52 33 33 37 37 24 14 14 16 14 14 12 12 6 3 3 3 10 10 7 7 0 1 1 0 3 3 3 3 1 0 0 0 
37 37 29 48 48 74 83 83 52 52 52 45 45 74 42 42 41 41 30 22 22 18 17 17 15 15 11 3 3 2 8 8 5 5 0 0 0 0 3 3 5 5 3 1 1 1 
37 37 29 48 48 74 83 83 52 52 52 45 45 74 42 42 41 41 30 22 22 18 17 17 15 15 11 3 3 2 8 8 5 5 0 0 0 0 3 3 5 5 3 1 1 1 
36 36 39 51 51 76 46 46 67 67 62 69 69 69 58 58 51 51 34 29 29 21 24 24 18 18 9 5 5 5 6 6 0 0 5 0 0 3 3 3 3 3 1 2 2 1 
42 42 38 29 29 41 35 35 53 53 53 38 38 53 39 39 39 39 36 31 31 23 18 18 15 15 10 8 8 7 5 5 0 0 5 2 2 3 4 4 3 3 1 0 0 3 
42 42 38 29 29 41 35 35 53 53 53 38 38 53 39 39 39 39 36 31 31 23 18 18 15 15 10 8 8 7 5 5 0 0 5 2 2 3 4 4 3 3 1 0 0 3 
29 29 40 39 39 41 36 36 49 49 88 48 48 45 20 20 28 28 36 29 29 25 16 16 14 14 9 15 15 11 5 5 5 5 5 5 5 6 5 5 3 3 0 0 0 3 
29 29 40 39 39 41 36 36 49 49 88 48 48 45 20 20 28 28 36 29 29 25 16 16 14 14 9 15 15 11 5 5 5 5 5 5 5 6 5 5 3 3 0 0 0 3 
29 29 45 39 39 36 34 34 29 29 62 27 27 23 22 22 26 26 29 29 29 29 19 19 18 18 11 11 11 9 5 5 8 8 6 1 1 5 1 1 1 1 1 1 1 1 
33 33 37 36 36 45 63 63 55 55 52 25 25 20 22 22 20 20 22 22 22 18 11 11 11 11 25 24 24 13 6 6 4 4 5 6 6 6 4 4 2 2 1 1 1 3 
33 33 37 36 36 45 63 63 55 55 52 25 25 20 22 22 20 20 22 22 22 18 11 11 11 11 25 24 24 13 6 6 4 4 5 6 6 6 4 4 2 2 1 1 1 3 
35 35 36 35 35 39 34 34 32 32 26 23 23 20 25 25 16 16 13 21 21 22 12 12 29 29 30 30 30 22 9 9 5 5 8 10 10 8 6 6 3 3 0 0 0 1 
46 46 61 33 33 46 28 28 29 29 24 25 25 23 23 23 23 23 19 14 14 16 22 22 40 40 41 36 36 21 20 20 16 16 15 15 15 6 1 1 1 1 1 3 3 3 
46 46 61 33 33 46 28 28 29 29 24 25 25 23 23 23 23 23 19 14 14 16 22 22 40 40 41 36 36 21 20 20 16 16 15 15 15 6 1 1 1 1 1 3 3 3 
66 66 63 50 50 49 27 27 28 28 25 24 24 24 26 26 22 22 22 14 14 17 26 26 54 54 59 50 50 29 29 29 22 22 23 16 16 5 7 7 5 5 5 3 3 3 
66 66 63 50 50 49 27 27 28 28 25 24 24 24 26 26 22 22 22 14 14 17 26 26 54 54 59 50 50 29 29 29 22 22 23 16 16 5 7 7 5 5 5 3 3 3 
75 75 66 49 49 49 27 27 29 29 23 27 27 27 27 27 20 20 20 14 14 18 20 20 37 37 39 41 41 39 39 39 48 48 42 18 18 11 11 11 9 9 9 6 6 3 
77 77 71 63 63 59 34 34 30 30 24 26 26 27 25 25 19 19 20 22 22 15 21 21 30 30 43 50 50 73 55 55 64 64 56 29 29 27 13 13 9 9 9 6 6 3 
77 77 71 63 63 59 34 34 30 30 24 26 26 27 25 25 19 19 20 22 22 15 21 21 30 30 43 50 50 73 55 55 64 64 56 29 29 27 13 13 9 9 9 6 6 3 
50 50 50 49 49 43 39 39 33 33 25 25 25 26 25 25 20 20 15 16 16 11 15 15 27 27 38 54 54 60 63 63 61 61 55 33 33 31 15 15 11 11 8 5 5 4 
60 60 71 67 67 49 34 34 31 31 25 22 22 25 22 22 23 23 13 13 13 11 10 10 9 9 27 37 37 57 62 62 61 61 58 44 44 37 14 14 10 10 5 4 4 7 
60 60 71 67 67 49 34 34 31 31 25 22 22 25 22 22 23 23 13 13 13 11 10 10 9 9 27 37 37 57 62 62 61 61 58 44 44 37 14 14 10 10 5 4 4 7 
62 62 66 61 61 42 38 38 26 26 21 21 21 23 18 18 25 25 17 10 10 6 5 5 8 8 14 36 36 57 65 65 64 64 59 53 53 35 8 8 6 6 4 12 12 13 
62 62 66 61 61 42 38 38 26 26 21 21 21 23 18 18 25 25 17 10 10 6 5 5 8 8 14 36 36 57 65 65 64 64 59 53 53 35 8 8 6 6 4 12 12 13 
63 63 85 77 77 58 52 52 20 20 19 18 18 20 19 19 19 19 20 12 12 10 8 8 5 5 9 24 24 64 78 78 76 76 64 57 57 28 13 13 7 7 6 14 14 21 
60 60 78 62 62 49 53 53 16 16 16 15 15 15 14 14 12 12 14 14 14 13 9 9 4 4 10 33 33 78 98 98 97 97 73 66 66 23 17 17 7 7 8 14 14 21 
60 60 78 62 62 49 53 53 16 16 16 15 15 15 14 14 12 12 14 14 14 13 9 9 4 4 10 33 33 78 98 98 97 97 73 66 66 23 17 17 7 7 8 14 14 21 
83 83 85 71 71 53 47 47 40 40 15 17 17 14 12 12 10 10 9 9 9 10 7 7 3 3 6 24 24 67 91 91 96 96 81 53 53 22 16 16 10 10 6 5 5 11 
84 84 86 78 78 61 39 39 40 40 18 15 15 13 10 10 8 8 9 8 8 9 6 6 2 2 5 16 16 28 72 72 87 87 70 30 30 17 11 11 7 7 5 5 5 6 
84 84 86 78 78 61 39 39 40 40 18 15 15 13 10 10 8 8 9 8 8 9 6 6 2 2 5 16 16 28 72 72 87 87 70 30 30 17 11 11 7 7 5 5 5 6 
86 86 78 83 83 66 41 41 34 34 25 16 16 12 11 11 19 19 13 8 8 4 5 5 2 2 4 7 7 16 52 52 71 71 48 15 15 12 7 7 6 6 6 8 8 13 
86 86 78 83 83 66 41 41 34 34 25 16 16 12 11 11 19 19 13 8 8 4 5 5 2 2 4 7 7 16 52 52 71 71 48 15 15 12 7 7 6 6 6 8 8 13 
106 106 87 68 68 64 33 33 38 38 24 22 22 18 24 24 61 61 39 24 24 7 8 8 4 4 5 12 12 20 23 23 28 28 29 9 9 7 6 6 6 6 5 9 9 7 
122 122 99 73 73 45 19 19 18 18 15 19 19 32 52 52 36 36 38 22 22 6 14 14 23 23 5 3 3 8 13 13 18 18 9 4 4 3 3 3 5 5 7 9 9 4 
122 122 99 73 73 45 19 19 18 18 15 19 19 32 52 52 36 36 38 22 22 6 14 14 23 23 5 3 3 8 13 13 18 18 9 4 4 3 3 3 5 5 7 9 9 4 
113 113 97 73 73 36 17 17 17 17 19 23 23 35 23 23 22 22 18 23 23 25 20 20 31 31 8 3 3 5 8 8 11 11 6 3 3 2 4 4 3 3 6 4 4 7 
136 136 84 73 73 30 22 22 20 20 20 23 23 23 15 15 9 9 17 25 25 31 17 17 30 30 13 2 2 2 4 4 7 7 9 5 5 3 3 3 5 5 3 5 5 7 
136 136 84 73 73 30 22 22 20 20 20 23 23 23 15 15 9 9 17 25 25 31 17 17 30 30 13 2 2 2 4 4 7 7 9 5 5 3 3 3 5 5 3 5 5 7 
139 139 93 70 70 42 27 27 20 20 22 29 29 27 14 14 12 12 23 27 27 32 27 27 26 26 12 6 6 2 1 1 5 5 4 4 4 2 1 1 1 1 2 4 4 7 
139 139 93 70 70 42 27 27 20 20 22 29 29 27 14 14 12 12 23 27 27 32 27 27 26 26 12 6 6 2 1 1 5 5 4 4 4 2 1 1 1 1 2 4 4 7 
99 99 75 59 59 41 34 34 20 20 17 21 21 22 20 20 31 31 37 38 38 30 23 23 25 25 9 8 8 10 1 1 2 2 2 2 2 1 1 1 1 1 2 3 3 5 
96 96 76 74 74 36 35 35 23 23 18 21 21 21 27 27 46 46 53 50 50 34 20 20 13 13 7 9 9 12 7 7 0 0 1 2 2 1 1 1 2 2 2 3 3 5 
96 96 76 74 74 36 35 35 23 23 18 21 21 21 27 27 46 46 53 50 50 34 20 20 13 13 7 9 9 12 7 7 0 0 1 2 2 1 1 1 2 2 2 3 3 5 
77 77 42 33 33 46 48 48 25 25 24 19 19 18 26 26 42 42 46 42 42 31 20 20 16 16 11 18 18 13 0 0 1 1 1 1 1 1 2 2 2 2 3 9 9 15 
42 42 51 54 54 22 26 26 26 26 19 17 17 15 19 19 30 30 37 33 33 22 20 20 18 18 15 14 14 3 0 0 3 3 2 1 1 2 9 9 6 6 9 27 27 19 
42 42 51 54 54 22 26 26 26 26 19 17 17 15 19 19 30 30 37 33 33 22 20 20 18 18 15 14 14 3 0 0 3 3 2 1 1 2 9 9 6 6 9 27 27 19 
54 54 74 12 12 14 15 15 7 7 8 9 9 8 16 16 27 27 33 38 38 32 27 27 23 23 13 10 10 2 0 0 1 1 1 1 1 1 7 7 7 7 14 37 37 16 
54 54 74 12 12 14 15 15 7 7 8 9 9 8 16 16 27 27 33 38 38 32 27 27 23 23 13 10 10 2 0 0 1 1 1 1 1 1 7 7 7 7 14 37 37 16 
36 36 54 8 8 15 15 15 7 7 4 5 5 12 18 18 27 27 31 45 45 52 46 46 35 35 17 10 10 4 2 2 1 1 0 0 0 1 1 1 5 5 25 28 28 7 
12 12 9 10 10 11 12 12 6 6 6 12 12 19 22 22 29 29 34 46 46 62 67 67 67 67 47 29 29 17 9 9 2 2 0 0 0 1 0 0 3 3 14 10 10 2 
12 12 9 10 10 11 12 12 6 6 6 12 12 19 22 22 29 29 34 46 46 62 67 67 67 67 47 29 29 17 9 9 2 2 0 0 0 1 0 0 3 3 14 10 10 2 
12 12 7 7 7 9 8 8 7 7 11 15 15 22 24 24 36 36 40 51 51 78 100 100 106 106 76 56 56 45 29 29 10 10 2 1 1 2 1 1 2 2 5 3 3 0 
10 10 9 9 9 8 8 8 8 8 13 17 17 24 30 30 37 37 40 51 51 87 139 139 92 92 79 56 56 46 35 35 17 17 4 1 1 3 1 1 1 1 6 2 2 0 
