assets/RAT_results_old/precipitation/2024-07-07_IMERG.asc
ncols        46
nrows        77
xllcorner    74.800261325624
yllcorner    8.058333333333
cellsize     0.062500000000
NODATA_value -9999
93 93 97 81 81 73 57 57 49 49 45 44 44 36 31 31 25 25 14 8 8 4 2 2 1 1 0 0 0 0 1 1 1 1 2 1 1 1 1 1 1 1 1 4 4 1 
75 75 80 79 79 64 59 59 56 56 50 54 54 39 31 31 21 21 10 6 6 6 2 2 1 1 1 1 1 1 1 1 2 2 2 3 3 1 1 1 1 1 1 1 1 1 
75 75 80 79 79 64 59 59 56 56 50 54 54 39 31 31 21 21 10 6 6 6 2 2 1 1 1 1 1 1 1 1 2 2 2 3 3 1 1 1 1 1 1 1 1 1 
89 89 73 76 76 76 64 64 71 71 67 54 54 47 33 33 31 31 14 5 5 3 1 1 0 0 1 0 0 0 0 0 1 1 1 2 2 2 2 2 2 2 6 5 5 4 
94 94 79 81 81 87 87 87 80 80 66 49 49 40 29 29 26 26 13 4 4 2 1 1 1 1 0 0 0 0 0 0 0 0 1 3 3 2 2 2 4 4 14 14 14 14 
94 94 79 81 81 87 87 87 80 80 66 49 49 40 29 29 26 26 13 4 4 2 1 1 1 1 0 0 0 0 0 0 0 0 1 3 3 2 2 2 4 4 14 14 14 14 
62 62 103 99 99 89 80 80 74 74 54 48 48 42 25 25 17 17 9 4 4 3 1 1 0 0 0 0 0 0 0 0 0 0 0 1 1 2 6 6 8 8 15 16 16 15 
62 62 103 99 99 89 80 80 74 74 54 48 48 42 25 25 17 17 9 4 4 3 1 1 0 0 0 0 0 0 0 0 0 0 0 1 1 2 6 6 8 8 15 16 16 15 
38 38 52 44 44 45 47 47 43 43 45 37 37 33 29 29 10 10 6 4 4 4 2 2 1 1 3 1 1 1 0 0 0 0 0 1 1 3 6 6 6 6 7 12 12 11 
33 33 32 32 32 31 38 38 34 34 21 22 22 22 23 23 16 16 4 5 5 4 2 2 1 1 2 1 1 1 1 1 0 0 0 1 1 2 5 5 6 6 6 7 7 7 
33 33 32 32 32 31 38 38 34 34 21 22 22 22 23 23 16 16 4 5 5 4 2 2 1 1 2 1 1 1 1 1 0 0 0 1 1 2 5 5 6 6 6 7 7 7 
51 51 31 36 36 25 23 23 22 22 18 19 19 19 14 14 13 13 13 13 13 9 2 2 1 1 0 0 0 0 0 0 1 1 1 1 1 0 1 1 4 4 4 4 4 4 
98 98 42 33 33 30 28 28 26 26 23 22 22 24 23 23 21 21 19 26 26 19 6 6 2 2 1 0 0 0 0 0 0 0 0 0 0 0 0 0 1 1 2 0 0 1 
98 98 42 33 33 30 28 28 26 26 23 22 22 24 23 23 21 21 19 26 26 19 6 6 2 2 1 0 0 0 0 0 0 0 0 0 0 0 0 0 1 1 2 0 0 1 
115 115 87 34 34 23 25 25 27 27 27 29 29 32 31 31 30 30 24 18 18 14 8 8 12 12 7 4 4 1 2 2 0 0 0 0 0 0 0 0 1 1 1 1 1 2 
115 115 87 34 34 23 25 25 27 27 27 29 29 32 31 31 30 30 24 18 18 14 8 8 12 12 7 4 4 1 2 2 0 0 0 0 0 0 0 0 1 1 1 1 1 2 
94 94 71 39 39 33 36 36 31 31 36 31 31 33 39 39 37 37 25 25 25 18 11 11 13 13 9 1 1 3 2 2 1 1 2 7 7 3 3 3 3 3 2 3 3 4 
79 79 65 40 40 29 33 33 44 44 31 36 36 36 39 39 42 42 34 32 32 28 18 18 16 16 15 16 16 16 9 9 6 6 10 6 6 3 5 5 4 4 3 2 2 2 
79 79 65 40 40 29 33 33 44 44 31 36 36 36 39 39 42 42 34 32 32 28 18 18 16 16 15 16 16 16 9 9 6 6 10 6 6 3 5 5 4 4 3 2 2 2 
82 82 68 31 31 26 23 23 23 23 35 26 26 28 26 26 24 24 23 24 24 21 21 21 29 29 20 20 20 13 7 7 4 4 4 3 3 3 1 1 1 1 1 1 1 1 
95 95 95 60 60 23 18 18 16 16 21 25 25 27 26 26 18 18 21 18 18 16 15 15 16 16 14 10 10 8 5 5 2 2 3 7 7 8 2 2 0 0 0 1 1 0 
95 95 95 60 60 23 18 18 16 16 21 25 25 27 26 26 18 18 21 18 18 16 15 15 16 16 14 10 10 8 5 5 2 2 3 7 7 8 2 2 0 0 0 1 1 0 
78 78 79 75 75 42 25 25 14 14 17 31 31 22 27 27 20 20 21 21 21 21 17 17 15 15 19 20 20 12 11 11 8 8 5 4 4 3 1 1 1 1 0 0 0 0 
78 78 79 75 75 42 25 25 14 14 17 31 31 22 27 27 20 20 21 21 21 21 17 17 15 15 19 20 20 12 11 11 8 8 5 4 4 3 1 1 1 1 0 0 0 0 
66 66 53 49 49 45 34 34 28 28 26 25 25 36 37 37 30 30 25 25 25 28 29 29 30 30 29 25 25 13 8 8 5 5 4 2 2 1 1 1 0 0 0 0 0 1 
74 74 63 47 47 42 32 32 25 25 24 27 27 41 35 35 32 32 31 32 32 31 28 28 24 24 28 19 19 14 11 11 6 6 4 4 4 3 1 1 0 0 0 0 0 1 
74 74 63 47 47 42 32 32 25 25 24 27 27 41 35 35 32 32 31 32 32 31 28 28 24 24 28 19 19 14 11 11 6 6 4 4 4 3 1 1 0 0 0 0 0 1 
66 66 55 47 47 37 34 34 28 28 23 26 26 28 43 43 33 33 34 35 35 30 26 26 25 25 33 25 25 16 11 11 8 8 5 3 3 2 1 1 0 0 0 0 0 0 
51 51 52 38 38 31 25 25 29 29 23 20 20 23 20 20 26 26 28 33 33 32 34 34 38 38 32 25 25 22 25 25 17 17 12 3 3 2 1 1 1 1 0 1 1 0 
51 51 52 38 38 31 25 25 29 29 23 20 20 23 20 20 26 26 28 33 33 32 34 34 38 38 32 25 25 22 25 25 17 17 12 3 3 2 1 1 1 1 0 1 1 0 
33 33 33 34 34 31 27 27 29 29 24 22 22 22 18 18 22 22 22 29 29 28 21 21 20 20 23 26 26 31 29 29 30 30 15 6 6 3 3 3 3 3 1 0 0 0 
33 33 33 34 34 31 27 27 29 29 24 22 22 22 18 18 22 22 22 29 29 28 21 21 20 20 23 26 26 31 29 29 30 30 15 6 6 3 3 3 3 3 1 0 0 0 
24 24 28 27 27 29 28 28 30 30 29 22 22 22 17 17 20 20 19 28 28 25 21 21 22 22 27 34 34 29 21 21 16 16 16 12 12 9 9 9 8 8 5 2 2 0 
22 22 24 26 26 21 25 25 27 27 30 24 24 19 14 14 24 24 23 30 30 28 24 24 26 26 26 29 29 27 22 22 14 14 11 10 10 6 4 4 3 3 2 0 0 0 
22 22 24 26 26 21 25 25 27 27 30 24 24 19 14 14 24 24 23 30 30 28 24 24 26 26 26 29 29 27 22 22 14 14 11 10 10 6 4 4 3 3 2 0 0 0 
25 25 25 28 28 22 21 21 23 23 25 25 25 20 15 15 19 19 23 26 26 31 33 33 34 34 35 34 34 29 25 25 24 24 18 14 14 9 7 7 3 3 1 0 0 0 
26 26 28 27 27 27 24 24 22 22 21 22 22 21 17 17 15 15 20 19 19 25 33 33 39 39 43 49 49 46 45 45 45 45 29 17 17 8 4 4 3 3 1 0 0 0 
26 26 28 27 27 27 24 24 22 22 21 22 22 21 17 17 15 15 20 19 19 25 33 33 39 39 43 49 49 46 45 45 45 45 29 17 17 8 4 4 3 3 1 0 0 0 
31 31 34 34 34 33 28 28 27 27 20 17 17 16 14 14 17 17 25 26 26 33 38 38 42 42 44 48 48 47 41 41 38 38 33 22 22 10 5 5 2 2 0 0 0 0 
31 31 34 34 34 33 28 28 27 27 20 17 17 16 14 14 17 17 25 26 26 33 38 38 42 42 44 48 48 47 41 41 38 38 33 22 22 10 5 5 2 2 0 0 0 0 
22 22 27 26 26 25 28 28 28 28 30 23 23 20 19 19 19 19 24 32 32 36 45 45 45 45 50 48 48 50 47 47 34 34 28 16 16 9 6 6 3 3 1 0 0 0 
25 25 23 23 23 16 18 18 25 25 29 30 30 28 26 26 29 29 32 44 44 35 38 38 47 47 53 50 50 48 39 39 32 32 23 14 14 7 7 7 4 4 3 2 2 0 
25 25 23 23 23 16 18 18 25 25 29 30 30 28 26 26 29 29 32 44 44 35 38 38 47 47 53 50 50 48 39 39 32 32 23 14 14 7 7 7 4 4 3 2 2 0 
23 23 27 23 23 24 16 16 18 18 25 30 30 31 32 32 30 30 34 34 34 36 31 31 31 31 36 38 38 38 29 29 20 20 15 10 10 7 7 7 5 5 2 1 1 1 
19 19 23 28 28 24 20 20 15 15 18 25 25 32 36 36 33 33 28 27 27 34 25 25 21 21 19 18 18 15 15 15 11 11 7 5 5 5 4 4 1 1 0 0 0 0 
19 19 23 28 28 24 20 20 15 15 18 25 25 32 36 36 33 33 28 27 27 34 25 25 21 21 19 18 18 15 15 15 11 11 7 5 5 5 4 4 1 1 0 0 0 0 
16 16 20 20 20 22 17 17 15 15 14 17 17 25 27 27 27 27 26 25 25 21 26 26 20 20 16 14 14 11 9 9 7 7 5 4 4 1 0 0 0 0 0 0 0 0 
16 16 20 20 20 22 17 17 15 15 14 17 17 25 27 27 27 27 26 25 25 21 26 26 20 20 16 14 14 11 9 9 7 7 5 4 4 1 0 0 0 0 0 0 0 0 
13 13 17 16 16 17 17 17 13 13 13 15 15 19 25 25 21 21 22 22 22 17 23 23 19 19 19 12 12 10 7 7 6 6 3 2 2 1 0 0 0 0 0 0 0 0 
14 14 14 13 13 12 12 12 10 10 11 9 9 11 13 13 17 17 17 19 19 19 26 26 23 23 22 17 17 12 10 10 7 7 5 3 3 1 0 0 0 0 0 0 0 0 
14 14 14 13 13 12 12 12 10 10 11 9 9 11 13 13 17 17 17 19 19 19 26 26 23 23 22 17 17 12 10 10 7 7 5 3 3 1 0 0 0 0 0 0 0 0 
13 13 14 11 11 10 8 8 9 9 10 9 9 9 10 10 8 8 14 13 13 15 21 21 23 23 24 22 22 21 13 13 11 11 8 5 5 2 0 0 0 0 0 0 0 0 
14 14 16 12 12 12 10 10 8 8 9 10 10 10 13 13 11 11 6 10 10 10 12 12 16 16 19 21 21 19 19 19 16 16 10 7 7 6 2 2 1 1 0 0 0 0 
14 14 16 12 12 12 10 10 8 8 9 10 10 10 13 13 11 11 6 10 10 10 12 12 16 16 19 21 21 19 19 19 16 16 10 7 7 6 2 2 1 1 0 0 0 0 
13 13 17 17 17 14 12 12 12 12 13 13 13 14 13 13 18 18 12 5 5 8 8 8 13 13 16 15 15 15 16 16 15 15 14 11 11 8 6 6 1 1 0 0 0 0 
13 13 17 17 17 14 12 12 12 12 13 13 13 14 13 13 18 18 12 5 5 8 8 8 13 13 16 15 15 15 16 16 15 15 14 11 11 8 6 6 1 1 0 0 0 0 
10 10 14 17 17 17 15 15 18 18 17 14 14 15 16 16 16 16 18 12 12 6 7 7 11 11 14 14 14 13 12 12 13 13 14 13 13 9 6 6 2 2 0 0 0 0 
10 10 10 13 13 15 16 16 15 15 20 17 17 13 11 11 12 12 14 19 19 12 9 9 14 14 13 10 10 11 11 11 8 8 9 8 8 7 3 3 1 1 0 0 0 0 
10 10 10 13 13 15 16 16 15 15 20 17 17 13 11 11 12 12 14 19 19 12 9 9 14 14 13 10 10 11 11 11 8 8 9 8 8 7 3 3 1 1 0 0 0 0 
7 7 8 9 9 9 10 10 11 11 11 18 18 24 14 14 10 10 12 15 15 19 15 15 15 15 17 13 13 12 11 11 7 7 7 7 7 8 5 5 1 1 0 0 0 0 
3 3 5 6 6 7 7 7 8 8 9 11 11 15 18 18 11 11 9 14 14 16 22 22 20 20 24 18 18 16 14 14 11 11 8 7 7 9 10 10 5 5 0 0 0 0 
3 3 5 6 6 7 7 7 8 8 9 11 11 15 18 18 11 11 9 14 14 16 22 22 20 20 24 18 18 16 14 14 11 11 8 7 7 9 10 10 5 5 0 0 0 0 
2 2 3 4 4 6 6 6 6 6 7 8 8 9 13 13 12 12 10 8 8 15 18 18 18 18 18 22 22 18 13 13 10 10 5 3 3 3 6 6 7 7 4 0 0 0 
2 2 3 4 4 6 6 6 6 6 7 8 8 9 13 13 12 12 10 8 8 15 18 18 18 18 18 22 22 18 13 13 10 10 5 3 3 3 6 6 7 7 4 0 0 0 
2 2 2 3 3 4 5 5 5 5 5 6 6 6 8 8 11 11 11 8 8 6 10 10 11 11 11 17 17 12 8 8 6 6 4 2 2 1 2 2 5 5 4 2 2 0 
2 2 3 3 3 4 4 4 5 5 6 6 6 7 8 8 8 8 10 10 10 7 3 3 4 4 6 8 8 10 7 7 5 5 3 2 2 1 1 1 1 1 2 2 2 1 
2 2 3 3 3 4 4 4 5 5 6 6 6 7 8 8 8 8 10 10 10 7 3 3 4 4 6 8 8 10 7 7 5 5 3 2 2 1 1 1 1 1 2 2 2 1 
3 3 2 4 4 3 4 4 5 5 6 6 6 6 5 5 6 6 5 6 6 7 5 5 3 3 2 2 2 4 6 6 5 5 2 1 1 0 0 0 0 0 0 0 0 1 
5 5 4 4 4 4 5 5 6 6 8 10 10 9 8 8 9 9 7 7 7 6 5 5 3 3 2 2 2 1 2 2 2 2 2 1 1 0 0 0 0 0 0 0 0 0 
5 5 4 4 4 4 5 5 6 6 8 10 10 9 8 8 9 9 7 7 7 6 5 5 3 3 2 2 2 1 2 2 2 2 2 1 1 0 0 0 0 0 0 0 0 0 
10 10 9 11 11 8 12 12 11 11 15 13 13 15 14 14 14 14 11 15 15 12 8 8 4 4 3 2 2 2 1 1 2 2 1 2 2 1 0 0 0 0 0 0 0 0 
10 10 9 11 11 8 12 12 11 11 15 13 13 15 14 14 14 14 11 15 15 12 8 8 4 4 3 2 2 2 1 1 2 2 1 2 2 1 0 0 0 0 0 0 0 0 
11 11 13 13 13 15 14 14 16 16 20 18 18 21 21 21 21 21 20 19 19 19 17 17 13 13 9 2 2 2 1 1 1 1 1 1 1 1 1 1 0 0 0 0 0 0 
15 15 15 15 15 16 16 16 19 19 21 21 21 25 21 21 27 27 26 23 23 22 18 18 15 15 13 7 7 4 1 1 1 1 0 0 0 1 1 1 1 1 0 0 0 0 
15 15 15 15 15 16 16 16 19 19 21 21 21 25 21 21 27 27 26 23 23 22 18 18 15 15 13 7 7 4 1 1 1 1 0 0 0 1 1 1 1 1 0 0 0 0 
12 12 13 12 12 17 14 14 19 19 19 23 23 24 27 27 28 28 27 30 30 23 24 24 21 21 16 12 12 10 6 6 3 3 0 0 0 0 1 1 1 1 1 0 0 0 
6 6 7 8 8 9 11 11 12 12 15 15 15 20 21 21 22 22 27 27 27 24 26 26 21 21 22 17 17 12 8 8 5 5 4 1 1 0 0 0 0 0 1 1 1 0 
