assets/RAT_results_old/precipitation/2024-10-05_IMERG.asc
ncols        46
nrows        77
xllcorner    74.800261325624
yllcorner    8.058333333333
cellsize     0.062500000000
NODATA_value -9999
14 14 16 21 21 21 16 16 14 14 11 28 28 33 36 36 41 41 12 15 15 8 10 10 9 9 13 9 9 12 14 14 12 12 17 32 32 48 42 42 34 34 28 24 24 22 
15 15 16 24 24 24 23 23 20 20 15 20 20 24 20 20 37 37 18 8 8 2 4 4 5 5 4 3 3 8 12 12 10 10 15 32 32 40 51 51 46 46 40 27 27 22 
15 15 16 24 24 24 23 23 20 20 15 20 20 24 20 20 37 37 18 8 8 2 4 4 5 5 4 3 3 8 12 12 10 10 15 32 32 40 51 51 46 46 40 27 27 22 
12 12 16 22 22 26 25 25 24 24 16 18 18 10 13 13 18 18 24 8 8 5 4 4 4 4 5 5 5 5 8 8 8 8 12 23 23 40 41 41 53 53 36 31 31 28 
5 5 10 16 16 21 23 23 29 29 23 20 20 19 13 13 20 20 5 4 4 8 9 9 10 10 7 5 5 7 7 7 8 8 12 25 25 39 39 39 46 46 44 44 44 45 
5 5 10 16 16 21 23 23 29 29 23 20 20 19 13 13 20 20 5 4 4 8 9 9 10 10 7 5 5 7 7 7 8 8 12 25 25 39 39 39 46 46 44 44 44 45 
3 3 5 10 10 17 25 25 25 25 22 23 23 14 10 10 14 14 5 6 6 15 14 14 16 16 15 14 14 10 8 8 13 13 16 24 24 37 36 36 49 49 50 50 50 49 
3 3 5 10 10 17 25 25 25 25 22 23 23 14 10 10 14 14 5 6 6 15 14 14 16 16 15 14 14 10 8 8 13 13 16 24 24 37 36 36 49 49 50 50 50 49 
2 2 4 11 11 22 18 18 24 24 20 22 22 17 12 12 25 25 36 16 16 16 10 10 15 15 19 18 18 10 12 12 16 16 17 25 25 29 43 43 47 47 47 57 57 64 
1 1 3 10 10 14 17 17 24 24 19 29 29 15 15 15 16 16 33 14 14 8 9 9 10 10 13 13 13 10 9 9 12 12 17 21 21 28 45 45 50 50 55 62 62 73 
1 1 3 10 10 14 17 17 24 24 19 29 29 15 15 15 16 16 33 14 14 8 9 9 10 10 13 13 13 10 9 9 12 12 17 21 21 28 45 45 50 50 55 62 62 73 
2 2 3 7 7 19 16 16 19 19 25 16 16 12 15 15 7 7 48 18 18 10 6 6 6 6 8 8 8 8 7 7 16 16 25 35 35 55 56 56 58 58 59 64 64 70 
2 2 3 3 3 14 13 13 16 16 22 18 18 13 12 12 8 8 11 11 11 11 12 12 7 7 15 16 16 14 9 9 15 15 34 40 40 55 69 69 62 62 66 61 61 45 
2 2 3 3 3 14 13 13 16 16 22 18 18 13 12 12 8 8 11 11 11 11 12 12 7 7 15 16 16 14 9 9 15 15 34 40 40 55 69 69 62 62 66 61 61 45 
8 8 2 1 1 2 10 10 10 10 14 17 17 14 13 13 8 8 9 12 12 17 18 18 25 25 26 29 29 24 24 24 23 23 38 47 47 53 54 54 57 57 55 49 49 47 
8 8 2 1 1 2 10 10 10 10 14 17 17 14 13 13 8 8 9 12 12 17 18 18 25 25 26 29 29 24 24 24 23 23 38 47 47 53 54 54 57 57 55 49 49 47 
10 10 3 3 3 1 2 2 8 8 11 12 12 10 26 26 34 34 31 7 7 14 29 29 44 44 43 51 51 36 36 36 34 34 49 51 51 54 51 51 54 54 48 45 45 39 
10 10 17 8 8 5 4 4 4 4 10 6 6 10 12 12 22 22 50 16 16 26 40 40 46 46 56 55 55 50 43 43 39 39 47 54 54 58 49 49 50 50 50 44 44 40 
10 10 17 8 8 5 4 4 4 4 10 6 6 10 12 12 22 22 50 16 16 26 40 40 46 46 56 55 55 50 43 43 39 39 47 54 54 58 49 49 50 50 50 44 44 40 
7 7 7 10 10 12 12 12 4 4 7 10 10 9 9 9 13 13 19 24 24 30 41 41 40 40 47 56 56 41 36 36 35 35 41 39 39 39 34 34 36 36 41 40 40 36 
11 11 5 4 4 5 5 5 4 4 4 12 12 12 10 10 12 12 16 22 22 24 36 36 37 37 37 40 40 38 33 33 37 37 36 32 32 40 34 34 35 35 37 39 39 34 
11 11 5 4 4 5 5 5 4 4 4 12 12 12 10 10 12 12 16 22 22 24 36 36 37 37 37 40 40 38 33 33 37 37 36 32 32 40 34 34 35 35 37 39 39 34 
18 18 15 4 4 4 3 3 3 3 3 9 9 17 11 11 12 12 18 25 25 32 42 42 65 65 36 35 35 27 28 28 26 26 31 23 23 27 29 29 30 30 34 34 34 32 
18 18 15 4 4 4 3 3 3 3 3 9 9 17 11 11 12 12 18 25 25 32 42 42 65 65 36 35 35 27 28 28 26 26 31 23 23 27 29 29 30 30 34 34 34 32 
19 19 16 6 6 7 3 3 4 4 2 5 5 13 12 12 11 11 22 26 26 26 34 34 45 45 30 24 24 24 22 22 22 22 23 20 20 21 19 19 25 25 28 27 27 26 
25 25 22 21 21 10 7 7 8 8 8 6 6 7 11 11 12 12 24 23 23 24 29 29 35 35 22 24 24 19 20 20 24 24 29 18 18 19 24 24 28 28 25 27 27 22 
25 25 22 21 21 10 7 7 8 8 8 6 6 7 11 11 12 12 24 23 23 24 29 29 35 35 22 24 24 19 20 20 24 24 29 18 18 19 24 24 28 28 25 27 27 22 
31 31 36 34 34 29 23 23 8 8 10 4 4 3 6 6 14 14 20 21 21 33 30 30 30 30 27 56 56 17 12 12 18 18 18 24 24 25 25 25 27 27 27 17 17 15 
68 68 60 37 37 23 19 19 12 12 12 9 9 8 6 6 8 8 9 11 11 19 17 17 21 21 23 9 9 21 21 21 21 21 16 17 17 16 16 16 17 17 22 17 17 9 
68 68 60 37 37 23 19 19 12 12 12 9 9 8 6 6 8 8 9 11 11 19 17 17 21 21 23 9 9 21 21 21 21 21 16 17 17 16 16 16 17 17 22 17 17 9 
66 66 71 48 48 38 25 25 18 18 18 20 20 14 10 10 11 11 7 8 8 13 14 14 21 21 25 28 28 17 7 7 10 10 11 9 9 20 22 22 18 18 15 13 13 6 
66 66 71 48 48 38 25 25 18 18 18 20 20 14 10 10 11 11 7 8 8 13 14 14 21 21 25 28 28 17 7 7 10 10 11 9 9 20 22 22 18 18 15 13 13 6 
90 90 71 65 65 50 26 26 24 24 19 20 20 19 7 7 7 7 7 10 10 12 24 24 26 26 36 11 11 10 8 8 6 6 11 6 6 11 10 10 10 10 6 6 6 5 
66 66 70 45 45 39 35 35 20 20 14 18 18 11 7 7 4 4 6 6 6 9 9 9 9 9 9 5 5 1 1 1 2 2 1 1 1 10 9 9 11 11 10 5 5 5 
66 66 70 45 45 39 35 35 20 20 14 18 18 11 7 7 4 4 6 6 6 9 9 9 9 9 9 5 5 1 1 1 2 2 1 1 1 10 9 9 11 11 10 5 5 5 
38 38 31 35 35 35 33 33 19 19 9 8 8 8 3 3 2 2 3 2 2 2 3 3 4 4 3 1 1 0 1 1 1 1 1 3 3 12 12 12 11 11 13 16 16 15 
18 18 18 29 29 29 23 23 21 21 10 6 6 5 2 2 1 1 2 2 2 3 1 1 6 6 0 0 0 0 1 1 3 3 1 6 6 6 10 10 9 9 12 11 11 8 
18 18 18 29 29 29 23 23 21 21 10 6 6 5 2 2 1 1 2 2 2 3 1 1 6 6 0 0 0 0 1 1 3 3 1 6 6 6 10 10 9 9 12 11 11 8 
13 13 13 18 18 21 19 19 19 19 11 6 6 5 1 1 1 1 26 4 4 3 2 2 3 3 4 3 3 7 6 6 3 3 7 9 9 11 12 12 13 13 9 5 5 6 
13 13 13 18 18 21 19 19 19 19 11 6 6 5 1 1 1 1 26 4 4 3 2 2 3 3 4 3 3 7 6 6 3 3 7 9 9 11 12 12 13 13 9 5 5 6 
10 10 9 17 17 26 22 22 17 17 12 13 13 9 1 1 2 2 2 4 4 5 9 9 9 9 5 6 6 7 9 9 8 8 12 22 22 28 20 20 15 15 13 9 9 7 
6 6 9 11 11 23 23 23 17 17 10 7 7 7 4 4 2 2 2 3 3 6 10 10 17 17 13 13 13 14 7 7 7 7 9 17 17 22 26 26 20 20 15 10 10 5 
6 6 9 11 11 23 23 23 17 17 10 7 7 7 4 4 2 2 2 3 3 6 10 10 17 17 13 13 13 14 7 7 7 7 9 17 17 22 26 26 20 20 15 10 10 5 
4 4 9 7 7 17 12 12 14 14 5 7 7 5 3 3 5 5 3 5 5 14 12 12 16 16 16 20 20 23 26 26 14 14 6 9 9 23 25 25 20 20 7 4 4 4 
3 3 5 5 5 6 8 8 5 5 4 3 3 5 1 1 1 1 1 2 2 9 12 12 18 18 22 13 13 11 14 14 14 14 7 11 11 15 9 9 11 11 3 3 3 9 
3 3 5 5 5 6 8 8 5 5 4 3 3 5 1 1 1 1 1 2 2 9 12 12 18 18 22 13 13 11 14 14 14 14 7 11 11 15 9 9 11 11 3 3 3 9 
1 1 1 2 2 2 2 2 2 2 1 1 1 1 1 1 1 1 1 12 12 7 7 7 9 9 10 12 12 12 10 10 8 8 8 5 5 6 4 4 4 4 5 5 5 5 
1 1 1 2 2 2 2 2 2 2 1 1 1 1 1 1 1 1 1 12 12 7 7 7 9 9 10 12 12 12 10 10 8 8 8 5 5 6 4 4 4 4 5 5 5 5 
0 0 0 0 0 1 1 1 1 1 1 1 1 1 1 1 1 1 1 1 1 4 8 8 16 16 23 16 16 15 14 14 12 12 9 5 5 5 6 6 5 5 6 10 10 9 
0 0 0 0 0 1 0 0 1 1 1 1 1 1 1 1 1 1 1 2 2 4 9 9 15 15 20 21 21 16 12 12 17 17 14 7 7 7 10 10 8 8 11 11 11 13 
0 0 0 0 0 1 0 0 1 1 1 1 1 1 1 1 1 1 1 2 2 4 9 9 15 15 20 21 21 16 12 12 17 17 14 7 7 7 10 10 8 8 11 11 11 13 
1 1 1 1 1 1 0 0 0 0 0 1 1 1 1 1 2 2 2 2 2 5 6 6 12 12 13 15 15 9 8 8 16 16 21 14 14 11 13 13 18 18 16 11 11 9 
0 0 1 1 1 1 0 0 0 0 0 1 1 2 2 2 2 2 2 2 2 5 2 2 10 10 8 9 9 7 8 8 12 12 14 7 7 8 7 7 10 10 5 2 2 2 
0 0 1 1 1 1 0 0 0 0 0 1 1 2 2 2 2 2 2 2 2 5 2 2 10 10 8 9 9 7 8 8 12 12 14 7 7 8 7 7 10 10 5 2 2 2 
1 1 1 1 1 1 1 1 0 0 0 2 2 2 2 2 3 3 3 7 7 3 4 4 5 5 7 8 8 4 4 4 5 5 5 4 4 4 4 4 3 3 1 2 2 3 
1 1 1 1 1 1 1 1 0 0 0 2 2 2 2 2 3 3 3 7 7 3 4 4 5 5 7 8 8 4 4 4 5 5 5 4 4 4 4 4 3 3 1 2 2 3 
0 0 1 1 1 1 2 2 1 1 0 1 1 1 4 4 8 8 4 3 3 4 2 2 3 3 6 7 7 4 4 4 3 3 4 4 4 2 2 2 3 3 6 5 5 4 
1 1 1 0 0 1 1 1 1 1 1 1 1 1 8 8 7 7 4 2 2 2 3 3 3 3 7 4 4 4 4 4 4 4 5 7 7 6 6 6 14 14 15 7 7 7 
1 1 1 0 0 1 1 1 1 1 1 1 1 1 8 8 7 7 4 2 2 2 3 3 3 3 7 4 4 4 4 4 4 4 5 7 7 6 6 6 14 14 15 7 7 7 
0 0 1 0 0 1 1 1 1 1 2 1 1 1 3 3 2 2 2 2 2 2 3 3 9 9 8 4 4 3 2 2 3 3 5 6 6 5 4 4 8 8 7 4 4 5 
0 0 0 0 0 1 1 1 5 5 7 9 9 4 3 3 2 2 1 2 2 3 1 1 1 1 2 3 3 4 2 2 1 1 1 1 1 1 0 0 1 1 1 1 1 1 
0 0 0 0 0 1 1 1 5 5 7 9 9 4 3 3 2 2 1 2 2 3 1 1 1 1 2 3 3 4 2 2 1 1 1 1 1 1 0 0 1 1 1 1 1 1 
1 1 1 1 1 2 2 2 3 3 3 5 5 2 2 2 2 2 1 1 1 2 1 1 1 1 2 4 4 7 13 13 6 6 2 1 1 1 0 0 0 0 0 0 0 0 
1 1 1 1 1 2 2 2 3 3 3 5 5 2 2 2 2 2 1 1 1 2 1 1 1 1 2 4 4 7 13 13 6 6 2 1 1 1 0 0 0 0 0 0 0 0 
2 2 1 1 1 1 3 3 3 3 2 1 1 2 1 1 1 1 3 1 1 1 1 1 1 1 0 1 1 4 3 3 2 2 4 6 6 0 1 1 0 0 0 0 0 0 
4 4 2 2 2 1 2 2 2 2 1 1 1 1 1 1 1 1 1 1 1 0 1 1 0 0 0 2 2 4 2 2 2 2 5 5 5 3 1 1 0 0 0 1 1 0 
4 4 2 2 2 1 2 2 2 2 1 1 1 1 1 1 1 1 1 1 1 0 1 1 0 0 0 2 2 4 2 2 2 2 5 5 5 3 1 1 0 0 0 1 1 0 
3 3 2 1 1 1 3 3 5 5 4 3 3 3 2 2 1 1 0 1 1 2 2 2 1 1 1 1 1 2 2 2 4 4 5 4 4 4 2 2 1 1 1 0 0 0 
1 1 1 0 0 0 1 1 1 1 1 1 1 2 3 3 3 3 2 2 2 1 2 2 1 1 2 2 2 3 5 5 3 3 2 2 2 1 2 2 2 2 2 1 1 0 
1 1 1 0 0 0 1 1 1 1 1 1 1 2 3 3 3 3 2 2 2 1 2 2 1 1 2 2 2 3 5 5 3 3 2 2 2 1 2 2 2 2 2 1 1 0 
0 0 1 0 0 1 2 2 2 2 2 2 2 2 2 2 2 2 2 1 1 2 1 1 1 1 2 2 2 3 2 2 2 2 3 1 1 2 3 3 1 1 1 1 1 0 
0 0 1 0 0 1 2 2 2 2 2 2 2 2 2 2 2 2 2 1 1 2 1 1 1 1 2 2 2 3 2 2 2 2 3 1 1 2 3 3 1 1 1 1 1 0 
1 1 2 2 2 2 3 3 2 2 1 1 1 1 0 0 0 0 1 1 1 1 2 2 2 2 3 3 3 2 1 1 2 2 2 3 3 1 1 1 0 0 0 0 0 0 
0 0 0 0 0 0 1 1 1 1 1 1 1 1 1 1 1 1 1 1 1 1 2 2 2 2 2 1 1 1 1 1 0 0 1 1 1 2 0 0 0 0 0 1 1 1 
0 0 0 0 0 0 1 1 1 1 1 1 1 1 1 1 1 1 1 1 1 1 2 2 2 2 2 1 1 1 1 1 0 0 1 1 1 2 0 0 0 0 0 1 1 1 
1 1 1 1 1 0 1 1 0 0 0 1 1 0 1 1 2 2 3 3 3 2 2 2 1 1 1 0 0 2 1 1 0 0 0 0 0 1 2 2 2 2 1 2 2 1 
1 1 1 1 1 0 1 1 0 0 1 1 1 1 2 2 2 2 2 2 2 1 1 1 1 1 1 1 1 2 1 1 1 1 1 1 1 1 1 1 1 1 1 0 0 0 
