assets/RAT_results_old/precipitation/2024-06-18_IMERG.asc
ncols        46
nrows        77
xllcorner    74.800261325624
yllcorner    8.058333333333
cellsize     0.062500000000
NODATA_value -9999
23 23 23 25 25 29 31 31 32 32 31 27 27 24 21 21 16 16 8 6 6 2 1 1 1 1 1 1 1 1 1 1 1 1 3 6 6 6 5 5 5 5 5 6 6 8 
12 12 13 13 13 13 17 17 22 22 25 28 28 28 24 24 19 19 11 6 6 3 1 1 1 1 2 2 2 1 1 1 1 1 2 5 5 6 5 5 5 5 5 6 6 8 
12 12 13 13 13 13 17 17 22 22 25 28 28 28 24 24 19 19 11 6 6 3 1 1 1 1 2 2 2 1 1 1 1 1 2 5 5 6 5 5 5 5 5 6 6 8 
13 13 12 10 10 7 7 7 11 11 15 18 18 21 22 22 16 16 9 5 5 3 2 2 2 2 3 2 2 1 1 1 2 2 2 5 5 6 6 6 6 6 7 8 8 10 
23 23 21 18 18 13 8 8 10 10 12 14 14 16 15 15 11 11 6 3 3 3 2 2 2 2 2 1 1 1 2 2 2 2 3 4 4 6 7 7 6 6 6 10 10 13 
23 23 21 18 18 13 8 8 10 10 12 14 14 16 15 15 11 11 6 3 3 3 2 2 2 2 2 1 1 1 2 2 2 2 3 4 4 6 7 7 6 6 6 10 10 13 
14 14 20 21 21 21 19 19 22 22 19 21 21 20 17 17 12 12 6 3 3 2 2 2 2 2 2 2 2 1 1 1 1 1 2 3 3 3 3 3 5 5 8 10 10 11 
14 14 20 21 21 21 19 19 22 22 19 21 21 20 17 17 12 12 6 3 3 2 2 2 2 2 2 2 2 1 1 1 1 1 2 3 3 3 3 3 5 5 8 10 10 11 
17 17 29 34 34 36 35 35 34 34 32 38 38 41 38 38 25 25 12 6 6 5 5 5 4 4 3 2 2 2 2 2 1 1 1 2 2 3 3 3 4 4 7 9 9 10 
23 23 26 43 43 52 49 49 42 42 42 44 44 50 45 45 28 28 14 9 9 9 11 11 8 8 5 3 3 3 2 2 1 1 1 3 3 3 3 3 3 3 6 6 6 7 
23 23 26 43 43 52 49 49 42 42 42 44 44 50 45 45 28 28 14 9 9 9 11 11 8 8 5 3 3 3 2 2 1 1 1 3 3 3 3 3 3 3 6 6 6 7 
26 26 27 43 43 43 45 45 42 42 37 38 38 44 47 47 44 44 31 20 20 19 17 17 11 11 7 5 5 3 2 2 1 1 1 2 2 4 4 4 3 3 6 7 7 7 
25 25 25 29 29 39 44 44 47 47 48 53 53 55 59 59 56 56 40 25 25 20 21 21 14 14 10 9 9 8 4 4 1 1 1 2 2 2 2 2 2 2 5 7 7 6 
25 25 25 29 29 39 44 44 47 47 48 53 53 55 59 59 56 56 40 25 25 20 21 21 14 14 10 9 9 8 4 4 1 1 1 2 2 2 2 2 2 2 5 7 7 6 
30 30 30 30 30 33 45 45 46 46 51 58 58 59 58 58 51 51 42 27 27 22 18 18 12 12 9 9 9 8 5 5 3 3 3 5 5 5 6 6 8 8 9 11 11 11 
30 30 30 30 30 33 45 45 46 46 51 58 58 59 58 58 51 51 42 27 27 22 18 18 12 12 9 9 9 8 5 5 3 3 3 5 5 5 6 6 8 8 9 11 11 11 
27 27 29 32 32 34 54 54 53 53 55 61 61 57 50 50 42 42 28 17 17 8 3 3 3 3 3 3 3 4 5 5 6 6 9 14 14 23 21 21 23 23 24 25 25 27 
29 29 35 47 47 46 49 49 76 76 74 82 82 83 67 67 52 52 37 24 24 13 5 5 2 2 2 3 3 8 10 10 10 10 13 21 21 28 33 33 31 31 34 38 38 38 
29 29 35 47 47 46 49 49 76 76 74 82 82 83 67 67 52 52 37 24 24 13 5 5 2 2 2 3 3 8 10 10 10 10 13 21 21 28 33 33 31 31 34 38 38 38 
25 25 27 29 29 35 34 34 37 37 64 66 66 75 67 67 64 64 57 52 52 45 27 27 14 14 7 5 5 6 7 7 8 8 9 15 15 21 23 23 26 26 24 28 28 32 
19 19 21 23 23 25 27 27 32 32 41 66 66 73 79 79 86 86 83 79 79 76 53 53 37 37 28 19 19 19 12 12 6 6 6 7 7 10 13 13 14 14 16 19 19 25 
19 19 21 23 23 25 27 27 32 32 41 66 66 73 79 79 86 86 83 79 79 76 53 53 37 37 28 19 19 19 12 12 6 6 6 7 7 10 13 13 14 14 16 19 19 25 
13 13 13 14 14 15 19 19 25 25 34 64 64 61 71 71 78 78 75 78 78 73 52 52 36 36 26 19 19 16 15 15 10 10 7 5 5 4 5 5 6 6 7 7 7 8 
13 13 13 14 14 15 19 19 25 25 34 64 64 61 71 71 78 78 75 78 78 73 52 52 36 36 26 19 19 16 15 15 10 10 7 5 5 4 5 5 6 6 7 7 7 8 
14 14 14 15 15 15 17 17 20 20 24 30 30 41 42 42 46 46 48 47 47 40 35 35 31 31 24 18 18 12 10 10 9 9 7 7 7 7 7 7 6 6 6 7 7 7 
21 21 15 14 14 13 14 14 17 17 19 25 25 39 34 34 32 32 34 32 32 33 32 32 35 35 32 27 27 22 20 20 18 18 14 13 13 14 12 12 10 10 9 8 8 7 
21 21 15 14 14 13 14 14 17 17 19 25 25 39 34 34 32 32 34 32 32 33 32 32 35 35 32 27 27 22 20 20 18 18 14 13 13 14 12 12 10 10 9 8 8 7 
15 15 13 11 11 11 12 12 13 13 16 21 21 26 40 40 37 37 35 35 35 31 28 28 30 30 28 23 23 17 16 16 15 15 13 10 10 9 10 10 13 13 13 10 10 8 
13 13 11 8 8 8 9 9 8 8 12 15 15 18 17 17 18 18 22 20 20 20 19 19 18 18 17 13 13 9 9 9 7 7 7 5 5 4 4 4 5 5 5 4 4 4 
13 13 11 8 8 8 9 9 8 8 12 15 15 18 17 17 18 18 22 20 20 20 19 19 18 18 17 13 13 9 9 9 7 7 7 5 5 4 4 4 5 5 5 4 4 4 
18 18 17 15 15 13 11 11 10 10 10 12 12 13 12 12 17 17 15 18 18 14 13 13 10 10 8 8 8 7 5 5 5 5 5 3 3 3 4 4 5 5 5 6 6 8 
18 18 17 15 15 13 11 11 10 10 10 12 12 13 12 12 17 17 15 18 18 14 13 13 10 10 8 8 8 7 5 5 5 5 5 3 3 3 4 4 5 5 5 6 6 8 
17 17 17 13 13 14 10 10 10 10 9 10 10 11 11 11 19 19 19 18 18 18 11 11 10 10 10 11 11 9 6 6 6 6 8 7 7 7 8 8 8 8 7 8 8 9 
18 18 14 11 11 11 9 9 9 9 7 11 11 9 10 10 16 16 19 21 21 22 18 18 18 18 22 22 22 17 13 13 13 13 10 10 10 10 9 9 9 9 8 9 9 10 
18 18 14 11 11 11 9 9 9 9 7 11 11 9 10 10 16 16 19 21 21 22 18 18 18 18 22 22 22 17 13 13 13 13 10 10 10 10 9 9 9 9 8 9 9 10 
13 13 16 15 15 22 17 17 23 23 20 29 29 27 26 26 23 23 22 24 24 24 26 26 21 21 20 20 20 19 14 14 11 11 12 10 10 10 12 12 13 13 12 12 12 12 
13 13 19 16 16 23 15 15 19 19 13 20 20 19 21 21 21 21 31 25 25 25 24 24 29 29 33 23 23 23 18 18 15 15 16 14 14 15 17 17 15 15 14 13 13 14 
13 13 19 16 16 23 15 15 19 19 13 20 20 19 21 21 21 21 31 25 25 25 24 24 29 29 33 23 23 23 18 18 15 15 16 14 14 15 17 17 15 15 14 13 13 14 
6 6 7 6 6 5 7 7 10 10 11 16 16 16 17 17 17 17 23 24 24 25 29 29 33 33 33 42 42 46 37 37 23 23 20 16 16 15 14 14 12 12 13 11 11 14 
6 6 7 6 6 5 7 7 10 10 11 16 16 16 17 17 17 17 23 24 24 25 29 29 33 33 33 42 42 46 37 37 23 23 20 16 16 15 14 14 12 12 13 11 11 14 
4 4 3 4 4 5 7 7 8 8 10 11 11 13 16 16 19 19 18 21 21 24 26 26 27 27 34 42 42 31 32 32 22 22 21 15 15 16 16 16 14 14 12 10 10 20 
4 4 4 4 4 5 4 4 5 5 7 10 10 12 13 13 16 16 21 24 24 26 27 27 28 28 34 35 35 26 21 21 17 17 18 15 15 14 15 15 13 13 10 7 7 9 
4 4 4 4 4 5 4 4 5 5 7 10 10 12 13 13 16 16 21 24 24 26 27 27 28 28 34 35 35 26 21 21 17 17 18 15 15 14 15 15 13 13 10 7 7 9 
4 4 4 6 6 6 6 6 7 7 9 11 11 12 15 15 23 23 25 30 30 33 36 36 40 40 48 60 60 48 23 23 17 17 17 17 17 16 15 15 15 15 12 8 8 9 
5 5 6 8 8 8 9 9 11 11 14 17 17 18 21 21 22 22 23 21 21 31 28 28 29 29 40 53 53 33 26 26 20 20 16 13 13 10 8 8 7 7 5 4 4 5 
5 5 6 8 8 8 9 9 11 11 14 17 17 18 21 21 22 22 23 21 21 31 28 28 29 29 40 53 53 33 26 26 20 20 16 13 13 10 8 8 7 7 5 4 4 5 
5 5 6 8 8 10 10 10 12 12 16 22 22 28 27 27 26 26 24 24 24 21 30 30 35 35 37 48 48 50 48 48 46 46 23 17 17 10 6 6 6 6 4 3 3 3 
5 5 6 8 8 10 10 10 12 12 16 22 22 28 27 27 26 26 24 24 24 21 30 30 35 35 37 48 48 50 48 48 46 46 23 17 17 10 6 6 6 6 4 3 3 3 
6 6 5 8 8 11 14 14 16 16 19 24 24 31 30 30 26 26 25 23 23 22 27 27 36 36 38 48 48 46 44 44 43 43 23 17 17 10 5 5 2 2 2 2 2 2 
9 9 9 10 10 11 12 12 12 12 13 14 14 19 21 21 20 20 20 17 17 16 21 21 24 24 32 40 40 42 34 34 32 32 24 22 22 16 9 9 5 5 2 1 1 1 
9 9 9 10 10 11 12 12 12 12 13 14 14 19 21 21 20 20 20 17 17 16 21 21 24 24 32 40 40 42 34 34 32 32 24 22 22 16 9 9 5 5 2 1 1 1 
4 4 5 6 6 8 9 9 11 11 9 9 9 9 10 10 14 14 15 18 18 17 21 21 22 22 23 29 29 33 30 30 28 28 31 26 26 18 13 13 7 7 4 2 2 1 
8 8 6 7 7 6 8 8 7 7 7 8 8 9 11 11 9 9 15 15 15 18 14 14 19 19 19 22 22 27 27 27 29 29 36 32 32 28 15 15 10 10 4 2 2 1 
8 8 6 7 7 6 8 8 7 7 7 8 8 9 11 11 9 9 15 15 15 18 14 14 19 19 19 22 22 27 27 27 29 29 36 32 32 28 15 15 10 10 4 2 2 1 
4 4 4 4 4 5 7 7 8 8 10 11 11 11 14 14 15 15 14 15 15 17 21 21 22 22 25 31 31 34 33 33 31 31 33 35 35 24 16 16 11 11 13 9 9 4 
4 4 4 4 4 5 7 7 8 8 10 11 11 11 14 14 15 15 14 15 15 17 21 21 22 22 25 31 31 34 33 33 31 31 33 35 35 24 16 16 11 11 13 9 9 4 
2 2 2 4 4 5 8 8 8 8 7 8 8 10 10 10 11 11 10 11 11 15 20 20 30 30 33 37 37 44 38 38 30 30 30 24 24 18 15 15 17 17 19 15 15 4 
1 1 1 2 2 3 4 4 4 4 3 6 6 6 8 8 10 10 9 9 9 11 14 14 20 20 23 28 28 27 25 25 21 21 20 18 18 13 11 11 15 15 10 5 5 2 
1 1 1 2 2 3 4 4 4 4 3 6 6 6 8 8 10 10 9 9 9 11 14 14 20 20 23 28 28 27 25 25 21 21 20 18 18 13 11 11 15 15 10 5 5 2 
1 1 2 3 3 3 3 3 2 2 2 2 2 2 3 3 3 3 4 6 6 6 7 7 7 7 15 16 16 19 15 15 15 15 13 13 13 13 12 12 19 19 14 8 8 4 
1 1 2 2 2 1 1 1 1 1 1 1 1 1 2 2 2 2 2 4 4 4 3 3 8 8 14 14 14 8 9 9 11 11 9 10 10 3 6 6 6 6 4 2 2 0 
1 1 2 2 2 1 1 1 1 1 1 1 1 1 2 2 2 2 2 4 4 4 3 3 8 8 14 14 14 8 9 9 11 11 9 10 10 3 6 6 6 6 4 2 2 0 
1 1 1 1 1 1 0 0 0 0 0 1 1 1 1 1 2 2 5 5 5 5 5 5 7 7 7 13 13 16 11 11 12 12 10 7 7 4 3 3 5 5 3 1 1 0 
1 1 1 1 1 1 0 0 0 0 0 1 1 1 1 1 2 2 5 5 5 5 5 5 7 7 7 13 13 16 11 11 12 12 10 7 7 4 3 3 5 5 3 1 1 0 
0 0 1 1 1 1 1 1 1 1 1 2 2 3 2 2 4 4 8 10 10 6 7 7 21 21 24 21 21 21 7 7 5 5 3 2 2 1 0 0 0 0 0 0 0 0 
0 0 0 0 0 0 1 1 1 1 2 2 2 3 2 2 3 3 5 6 6 4 4 4 5 5 5 7 7 10 6 6 4 4 2 1 1 1 0 0 0 0 0 0 0 0 
0 0 0 0 0 0 1 1 1 1 2 2 2 3 2 2 3 3 5 6 6 4 4 4 5 5 5 7 7 10 6 6 4 4 2 1 1 1 0 0 0 0 0 0 0 0 
0 0 0 0 0 0 1 1 1 1 1 5 5 2 2 2 1 1 1 2 2 1 1 1 1 1 3 5 5 8 9 9 11 11 12 9 9 6 5 5 4 4 2 1 1 1 
0 0 0 0 0 0 0 0 0 0 1 1 1 1 2 2 3 3 2 1 1 1 2 2 2 2 4 7 7 8 13 13 15 15 19 19 19 14 11 11 7 7 4 3 3 1 
0 0 0 0 0 0 0 0 0 0 1 1 1 1 2 2 3 3 2 1 1 1 2 2 2 2 4 7 7 8 13 13 15 15 19 19 19 14 11 11 7 7 4 3 3 1 
0 0 0 0 0 0 1 1 1 1 1 1 1 3 4 4 4 4 3 2 2 1 2 2 3 3 4 6 6 7 8 8 11 11 13 13 13 7 5 5 2 2 1 0 0 1 
0 0 0 0 0 0 1 1 1 1 1 1 1 3 4 4 4 4 3 2 2 1 2 2 3 3 4 6 6 7 8 8 11 11 13 13 13 7 5 5 2 2 1 0 0 1 
0 0 0 0 0 1 1 1 2 2 2 2 2 3 3 3 3 3 2 2 2 2 2 2 2 2 5 8 8 10 12 12 13 13 14 14 14 12 9 9 3 3 2 1 1 1 
0 0 0 1 1 1 1 1 1 1 2 2 2 3 3 3 3 3 3 4 4 3 3 3 4 4 8 12 12 20 18 18 11 11 10 10 10 8 3 3 1 1 1 0 0 0 
0 0 0 1 1 1 1 1 1 1 2 2 2 3 3 3 3 3 3 4 4 3 3 3 4 4 8 12 12 20 18 18 11 11 10 10 10 8 3 3 1 1 1 0 0 0 
0 0 1 1 1 2 2 2 2 2 4 4 4 4 4 4 4 4 4 6 6 5 4 4 3 3 3 5 5 9 8 8 6 6 5 6 6 6 2 2 1 1 1 0 0 0 
1 1 1 2 2 2 3 3 4 4 5 6 6 6 4 4 4 4 5 5 5 5 4 4 3 3 4 3 3 2 2 2 2 2 1 1 1 1 2 2 2 2 0 1 1 1 
