assets/RAT_results_old/precipitation/2024-05-23_IMERG.asc
ncols        46
nrows        77
xllcorner    74.800261325624
yllcorner    8.058333333333
cellsize     0.062500000000
NODATA_value -9999
13 13 24 13 13 10 7 7 6 6 5 6 6 9 24 24 28 28 17 19 19 16 17 17 12 12 10 8 8 5 2 2 1 1 0 0 0 2 12 12 16 16 5 1 1 1 
28 28 28 25 25 29 27 27 17 17 13 15 15 19 29 29 31 31 38 28 28 27 23 23 21 21 21 18 18 11 7 7 3 3 1 0 0 1 5 5 9 9 9 2 2 4 
28 28 28 25 25 29 27 27 17 17 13 15 15 19 29 29 31 31 38 28 28 27 23 23 21 21 21 18 18 11 7 7 3 3 1 0 0 1 5 5 9 9 9 2 2 4 
52 52 51 44 44 45 36 36 26 26 19 18 18 18 46 46 67 67 64 57 57 51 26 26 25 25 25 18 18 10 6 6 3 3 1 0 0 0 1 1 2 2 3 1 1 1 
80 80 45 49 49 46 39 39 37 37 32 28 28 33 38 38 57 57 43 52 52 29 27 27 33 33 19 7 7 7 5 5 3 3 1 0 0 0 0 0 0 0 0 0 0 0 
80 80 45 49 49 46 39 39 37 37 32 28 28 33 38 38 57 57 43 52 52 29 27 27 33 33 19 7 7 7 5 5 3 3 1 0 0 0 0 0 0 0 0 0 0 0 
137 137 91 56 56 53 52 52 45 45 42 29 29 26 35 35 33 33 25 25 25 23 18 18 18 18 14 4 4 5 5 5 4 4 1 0 0 0 0 0 0 0 0 0 0 0 
137 137 91 56 56 53 52 52 45 45 42 29 29 26 35 35 33 33 25 25 25 23 18 18 18 18 14 4 4 5 5 5 4 4 1 0 0 0 0 0 0 0 0 0 0 0 
105 105 98 60 60 60 58 58 47 47 41 33 33 27 18 18 15 15 21 6 6 7 4 4 9 9 1 3 3 5 6 6 5 5 4 1 1 1 1 1 1 1 1 2 2 2 
118 118 94 76 76 79 76 76 56 56 45 41 41 27 23 23 14 14 12 4 4 6 4 4 6 6 2 3 3 3 5 5 6 6 5 3 3 2 3 3 2 2 2 5 5 8 
118 118 94 76 76 79 76 76 56 56 45 41 41 27 23 23 14 14 12 4 4 6 4 4 6 6 2 3 3 3 5 5 6 6 5 3 3 2 3 3 2 2 2 5 5 8 
150 150 100 89 89 95 83 83 68 68 49 49 49 29 23 23 11 11 8 2 2 4 5 5 1 1 3 2 2 2 3 3 3 3 5 5 5 5 8 8 6 6 5 20 20 17 
162 162 122 105 105 106 81 81 66 66 53 48 48 52 29 29 11 11 9 5 5 4 5 5 4 4 4 3 3 3 4 4 4 4 7 8 8 15 34 34 10 10 6 18 18 17 
162 162 122 105 105 106 81 81 66 66 53 48 48 52 29 29 11 11 9 5 5 4 5 5 4 4 4 3 3 3 4 4 4 4 7 8 8 15 34 34 10 10 6 18 18 17 
160 160 142 130 130 121 100 100 82 82 90 86 86 62 32 32 13 13 10 8 8 5 7 7 4 4 2 3 3 8 14 14 12 12 9 8 8 24 37 37 29 29 24 17 17 15 
160 160 142 130 130 121 100 100 82 82 90 86 86 62 32 32 13 13 10 8 8 5 7 7 4 4 2 3 3 8 14 14 12 12 9 8 8 24 37 37 29 29 24 17 17 15 
179 179 171 184 184 159 102 102 82 82 92 76 76 56 32 32 27 27 17 15 15 10 9 9 6 6 4 5 5 13 16 16 14 14 17 39 39 45 44 44 34 34 31 15 15 13 
175 175 210 284 284 128 96 96 87 87 87 77 77 69 42 42 37 37 24 21 21 11 14 14 10 10 9 9 9 12 30 30 28 28 32 49 49 44 40 40 31 31 29 14 14 11 
175 175 210 284 284 128 96 96 87 87 87 77 77 69 42 42 37 37 24 21 21 11 14 14 10 10 9 9 9 12 30 30 28 28 32 49 49 44 40 40 31 31 29 14 14 11 
195 195 267 196 196 151 113 113 94 94 94 73 73 72 48 48 40 40 27 24 24 19 18 18 17 17 12 17 17 27 38 38 30 30 25 42 42 41 37 37 27 27 16 13 13 14 
210 210 202 143 143 113 107 107 94 94 91 70 70 62 54 54 37 37 28 23 23 23 21 21 19 19 20 21 21 35 26 26 30 30 24 22 22 22 41 41 16 16 14 13 13 11 
210 210 202 143 143 113 107 107 94 94 91 70 70 62 54 54 37 37 28 23 23 23 21 21 19 19 20 21 21 35 26 26 30 30 24 22 22 22 41 41 16 16 14 13 13 11 
136 136 141 128 128 114 90 90 83 83 83 83 83 56 57 57 37 37 34 24 24 21 24 24 21 21 20 20 20 25 16 16 16 16 12 22 22 21 16 16 13 13 9 10 10 16 
136 136 141 128 128 114 90 90 83 83 83 83 83 56 57 57 37 37 34 24 24 21 24 24 21 21 20 20 20 25 16 16 16 16 12 22 22 21 16 16 13 13 9 10 10 16 
96 96 115 124 124 138 119 119 58 58 72 80 80 53 53 53 33 33 30 26 26 25 22 22 19 19 27 26 26 26 12 12 15 15 11 17 17 15 9 9 9 9 7 8 8 14 
78 78 86 133 133 137 104 104 85 85 67 73 73 83 43 43 38 38 36 26 26 27 19 19 19 19 24 17 17 29 12 12 11 11 12 11 11 13 9 9 12 12 11 11 11 15 
78 78 86 133 133 137 104 104 85 85 67 73 73 83 43 43 38 38 36 26 26 27 19 19 19 19 24 17 17 29 12 12 11 11 12 11 11 13 9 9 12 12 11 11 11 15 
107 107 105 107 107 113 96 96 78 78 70 70 70 81 56 56 48 48 47 33 33 31 17 17 17 17 20 15 15 5 7 7 9 9 8 7 7 7 10 10 10 10 9 9 9 9 
180 180 120 116 116 94 88 88 76 76 65 72 72 72 61 61 58 58 47 37 37 31 23 23 8 8 8 6 6 3 6 6 8 8 6 4 4 6 9 9 8 8 10 10 10 7 
180 180 120 116 116 94 88 88 76 76 65 72 72 72 61 61 58 58 47 37 37 31 23 23 8 8 8 6 6 3 6 6 8 8 6 4 4 6 9 9 8 8 10 10 10 7 
355 355 310 95 95 99 75 75 67 67 66 76 76 77 61 61 54 54 52 46 46 33 29 29 6 6 5 5 5 3 3 3 5 5 4 4 4 6 8 8 5 5 6 4 4 3 
355 355 310 95 95 99 75 75 67 67 66 76 76 77 61 61 54 54 52 46 46 33 29 29 6 6 5 5 5 3 3 3 5 5 4 4 4 6 8 8 5 5 6 4 4 3 
361 361 176 103 103 79 64 64 63 63 69 79 79 75 64 64 74 74 75 56 56 38 38 38 14 14 11 8 8 2 7 7 4 4 2 3 3 3 4 4 5 5 6 1 1 0 
170 170 101 92 92 74 74 74 77 77 75 76 76 78 82 82 79 79 78 58 58 44 34 34 15 15 19 18 18 10 9 9 5 5 4 3 3 2 1 1 2 2 2 1 1 1 
170 170 101 92 92 74 74 74 77 77 75 76 76 78 82 82 79 79 78 58 58 44 34 34 15 15 19 18 18 10 9 9 5 5 4 3 3 2 1 1 2 2 2 1 1 1 
83 83 87 93 93 73 67 67 74 74 74 90 90 90 88 88 76 76 63 56 56 41 32 32 25 25 21 21 21 12 9 9 5 5 4 3 3 2 2 2 1 1 2 1 1 2 
63 63 73 65 65 67 65 65 76 76 82 89 89 82 82 82 87 87 88 62 62 49 38 38 42 42 27 31 31 14 24 24 10 10 6 4 4 2 2 2 3 3 3 2 2 3 
63 63 73 65 65 67 65 65 76 76 82 89 89 82 82 82 87 87 88 62 62 49 38 38 42 42 27 31 31 14 24 24 10 10 6 4 4 2 2 2 3 3 3 2 2 3 
67 67 89 86 86 74 57 57 65 65 61 66 66 68 80 80 93 93 81 60 60 58 43 43 46 46 35 34 34 29 23 23 21 21 8 7 7 5 2 2 2 2 4 3 3 3 
67 67 89 86 86 74 57 57 65 65 61 66 66 68 80 80 93 93 81 60 60 58 43 43 46 46 35 34 34 29 23 23 21 21 8 7 7 5 2 2 2 2 4 3 3 3 
62 62 113 96 96 64 56 56 50 50 75 82 82 78 78 78 69 69 86 84 84 56 54 54 57 57 42 45 45 38 28 28 32 32 13 13 13 6 5 5 6 6 3 3 3 3 
56 56 131 104 104 62 56 56 56 56 67 92 92 96 78 78 81 81 95 87 87 68 78 78 76 76 58 57 57 46 33 33 35 35 29 15 15 13 5 5 6 6 4 4 4 1 
56 56 131 104 104 62 56 56 56 56 67 92 92 96 78 78 81 81 95 87 87 68 78 78 76 76 58 57 57 46 33 33 35 35 29 15 15 13 5 5 6 6 4 4 4 1 
68 68 120 104 104 71 64 64 64 64 80 103 103 101 92 92 80 80 91 83 83 96 87 87 96 96 72 56 56 37 26 26 26 26 25 20 20 20 19 19 12 12 7 4 4 1 
73 73 165 106 106 71 64 64 73 73 86 111 111 174 147 147 104 104 107 94 94 95 95 95 92 92 73 55 55 36 16 16 20 20 21 20 20 18 19 19 15 15 4 4 4 3 
73 73 165 106 106 71 64 64 73 73 86 111 111 174 147 147 104 104 107 94 94 95 95 95 92 92 73 55 55 36 16 16 20 20 21 20 20 18 19 19 15 15 4 4 4 3 
73 73 118 106 106 65 65 65 66 66 92 132 132 165 108 108 108 108 109 124 124 127 146 146 96 96 78 45 45 32 16 16 14 14 14 17 17 20 21 21 10 10 6 5 5 5 
73 73 118 106 106 65 65 65 66 66 92 132 132 165 108 108 108 108 109 124 124 127 146 146 96 96 78 45 45 32 16 16 14 14 14 17 17 20 21 21 10 10 6 5 5 5 
98 98 142 83 83 84 82 82 80 80 80 96 96 153 128 128 140 140 158 188 188 106 122 122 74 74 63 34 34 32 23 23 14 14 13 17 17 17 17 17 11 11 9 8 8 8 
95 95 103 93 93 90 76 76 83 83 69 67 67 86 81 81 158 158 100 107 107 83 76 76 61 61 44 25 25 22 19 19 13 13 18 16 16 14 15 15 14 14 9 10 10 10 
95 95 103 93 93 90 76 76 83 83 69 67 67 86 81 81 158 158 100 107 107 83 76 76 61 61 44 25 25 22 19 19 13 13 18 16 16 14 15 15 14 14 9 10 10 10 
71 71 93 114 114 107 72 72 74 74 56 60 60 56 113 113 71 71 84 118 118 126 53 53 45 45 47 39 39 17 19 19 12 12 15 18 18 16 16 16 16 16 17 16 16 7 
83 83 96 111 111 112 76 76 70 70 52 67 67 68 83 83 65 65 121 116 116 121 42 42 37 37 37 36 36 17 19 19 13 13 17 12 12 13 18 18 22 22 21 9 9 7 
83 83 96 111 111 112 76 76 70 70 52 67 67 68 83 83 65 65 121 116 116 121 42 42 37 37 37 36 36 17 19 19 13 13 17 12 12 13 18 18 22 22 21 9 9 7 
110 110 99 122 122 116 82 82 48 48 63 70 70 66 48 48 56 56 45 45 45 48 39 39 32 32 38 37 37 21 21 21 16 16 12 10 10 8 10 10 22 22 21 9 9 7 
110 110 99 122 122 116 82 82 48 48 63 70 70 66 48 48 56 56 45 45 45 48 39 39 32 32 38 37 37 21 21 21 16 16 12 10 10 8 10 10 22 22 21 9 9 7 
89 89 81 88 88 77 59 59 44 44 48 48 48 41 31 31 28 28 26 31 31 32 44 44 28 28 36 48 48 31 26 26 14 14 12 8 8 6 6 6 17 17 8 8 8 3 
67 67 80 72 72 68 59 59 45 45 44 37 37 34 23 23 25 25 20 19 19 25 32 32 33 33 38 51 51 32 28 28 18 18 14 9 9 7 4 4 1 1 4 2 2 2 
67 67 80 72 72 68 59 59 45 45 44 37 37 34 23 23 25 25 20 19 19 25 32 32 33 33 38 51 51 32 28 28 18 18 14 9 9 7 4 4 1 1 4 2 2 2 
58 58 77 64 64 51 52 52 45 45 40 36 36 30 27 27 26 26 18 17 17 25 38 38 28 28 42 53 53 47 36 36 24 24 14 10 10 8 3 3 5 5 1 1 1 1 
53 53 60 53 53 43 42 42 33 33 31 34 34 36 28 28 24 24 20 38 38 23 34 34 53 53 61 81 81 45 38 38 24 24 16 17 17 17 8 8 7 7 8 1 1 1 
53 53 60 53 53 43 42 42 33 33 31 34 34 36 28 28 24 24 20 38 38 23 34 34 53 53 61 81 81 45 38 38 24 24 16 17 17 17 8 8 7 7 8 1 1 1 
47 47 39 36 36 38 33 33 32 32 27 25 25 30 25 25 25 25 27 38 38 41 52 52 50 50 145 133 133 44 45 45 31 31 21 24 24 13 9 9 5 5 5 3 3 3 
47 47 39 36 36 38 33 33 32 32 27 25 25 30 25 25 25 25 27 38 38 41 52 52 50 50 145 133 133 44 45 45 31 31 21 24 24 13 9 9 5 5 5 3 3 3 
30 30 25 28 28 29 22 22 22 22 21 22 22 29 29 29 30 30 29 47 47 53 54 54 55 55 140 146 146 72 52 52 50 50 29 20 20 10 10 10 10 10 5 4 4 5 
21 21 19 19 19 21 21 21 20 20 18 21 21 29 30 30 29 29 29 45 45 55 57 57 113 113 119 76 76 86 56 56 44 44 32 20 20 15 15 15 11 11 8 8 8 10 
21 21 19 19 19 21 21 21 20 20 18 21 21 29 30 30 29 29 29 45 45 55 57 57 113 113 119 76 76 86 56 56 44 44 32 20 20 15 15 15 11 11 8 8 8 10 
16 16 15 16 16 18 20 20 17 17 27 28 28 31 33 33 27 27 46 46 46 48 57 57 62 62 123 72 72 77 54 54 37 37 38 24 24 17 15 15 12 12 10 13 13 15 
14 14 14 17 17 23 24 24 29 29 29 30 30 31 30 30 25 25 30 43 43 48 57 57 58 58 69 55 55 33 29 29 25 25 39 26 26 20 22 22 23 23 20 16 16 16 
14 14 14 17 17 23 24 24 29 29 29 30 30 31 30 30 25 25 30 43 43 48 57 57 58 58 69 55 55 33 29 29 25 25 39 26 26 20 22 22 23 23 20 16 16 16 
18 18 18 20 20 24 36 36 42 42 35 33 33 35 30 30 33 33 37 46 46 44 43 43 42 42 50 40 40 30 26 26 21 21 20 21 21 23 28 28 26 26 21 17 17 18 
18 18 18 20 20 24 36 36 42 42 35 33 33 35 30 30 33 33 37 46 46 44 43 43 42 42 50 40 40 30 26 26 21 21 20 21 21 23 28 28 26 26 21 17 17 18 
27 27 27 26 26 31 39 39 53 53 51 45 45 41 40 40 40 40 35 34 34 31 36 36 46 46 53 32 32 20 21 21 18 18 22 21 21 20 25 25 26 26 17 13 13 11 
32 32 27 27 27 28 30 30 49 49 45 44 44 41 39 39 39 39 30 31 31 29 33 33 30 30 36 22 22 16 16 16 18 18 21 21 21 22 23 23 21 21 15 11 11 9 
32 32 27 27 27 28 30 30 49 49 45 44 44 41 39 39 39 39 30 31 31 29 33 33 30 30 36 22 22 16 16 16 18 18 21 21 21 22 23 23 21 21 15 11 11 9 
33 33 24 24 24 25 26 26 26 26 29 33 33 40 35 35 36 36 34 26 26 22 21 21 20 20 21 16 16 13 12 12 14 14 18 23 23 19 20 20 18 18 14 11 11 9 
42 42 37 34 34 30 26 26 24 24 19 20 20 24 30 30 37 37 35 31 31 23 18 18 17 17 14 9 9 8 10 10 14 14 17 19 19 18 18 18 14 14 12 11 11 16 
